#clik likelihood file
use_clik = T


clik_params_plikTE= %DATASETDIR%clik/hi_l/plik/plik_dx11dr2_HM_v15_TE.paramnames
clik_speed_plikTE = 5
lmax_computed_cl = 2700


#this contains most of the standard parameters so can be used with various different runs
propose_matrix = planck_covmats/plik_dx11dr2_HM_v15_TE.covmat

#PLik nuisance parameters                                                                                                                                                              
####################
#PRIORS
INCLUDE(plik_v15_priors.ini)
####################

#Foregrounds and calibrations.
param[galfTE100]=0.2353655E+00 0 10 0.1 0.1
param[galfTE100143]=0.2350663E+00 0 10 0.1 0.1
param[galfTE100217]=0.4656940E+00 0 10 0.1 0.1
param[galfTE143]=0.1705078E+00 0 10 0.1 0.1
param[galfTE143217]=0.6187748E+00 0 10 0.1 0.1
param[galfTE217]=0.1821793E+01 0 10 0.2 0.2

param[galfTEindex]=-2.4 -10 10 0 0

param[calib_100T]=0 -1. 1. 0.004 0.004
param[calib_217T]=0.005 -1. 1. 0.004 0.004

param[calib_100E]=0 -1. 1. 0 0
param[calib_217E]=0 -1. 1. 0 0


#Leakage parameters
param[bleakTE100_0]=0 -100000 100000 0 0 
param[bleakTE100_1]=0 -100000 100000 0 0 
param[bleakTE100_2]=0 -100000 100000 0 0 
param[bleakTE100_3]=0 -100000 100000 0 0 
param[bleakTE100_4]=0 -100000 100000 0 0 

param[bleakTE100143_0]=0 -100000 100000 0 0 
param[bleakTE100143_1]=0 -100000 100000 0 0 
param[bleakTE100143_2]=0 -100000 100000 0 0 
param[bleakTE100143_3]=0 -100000 100000 0 0 
param[bleakTE100143_4]=0 -100000 100000 0 0

param[bleakTE100217_0]=0 -100000 100000 0 0 
param[bleakTE100217_1]=0 -100000 100000 0 0 
param[bleakTE100217_2]=0 -100000 100000 0 0 
param[bleakTE100217_3]=0 -100000 100000 0 0 
param[bleakTE100217_4]=0 -100000 100000 0 0 

param[bleakTE143_0]=0 -100000 100000 0 0 
param[bleakTE143_1]=0 -100000 100000 0 0 
param[bleakTE143_2]=0 -100000 100000 0 0 
param[bleakTE143_3]=0 -100000 100000 0 0 
param[bleakTE143_4]=0 -100000 100000 0 0 

param[bleakTE143217_0]=0 -100000 100000 0 0
param[bleakTE143217_1]=0 -100000 100000 0 0
param[bleakTE143217_2]=0 -100000 100000 0 0
param[bleakTE143217_3]=0 -100000 100000 0 0
param[bleakTE143217_4]=0 -100000 100000 0 0

param[bleakTE217_0]=0 -100000 100000 0 0 
param[bleakTE217_1]=0 -100000 100000 0 0 
param[bleakTE217_2]=0 -100000 100000 0 0 
param[bleakTE217_3]=0 -100000 100000 0 0 
param[bleakTE217_4]=0 -100000 100000 0 0 


clik_data_plikTE  = %DATASETDIR%clik/plik_dx11dr2_HM_v15_TE.clik
