#clik likelihood file
use_clik = T
clik_params_plikEE= %DATASETDIR%clik/hi_l/plik/plik_dx11dr2_DS_v15_EE.paramnames

clik_speed_plikEE = 6

lmax_computed_cl = 2700


#this contains most of the standard parameters so can be used with various different runs
propose_matrix = planck_covmats/plik_dx11dr2_DS_v15_EE.covmat

#PLik nuisance parameters

####################
#PRIORS
INCLUDE(plik_v15_priors.ini)
####################


#Calibrations and Foregrounds
param[calib_100E]=0 -1. 1. 0 0
param[calib_217E]=0 -1. 1. 0 0

param[galfEE100]=0.2389987E+00 0 10 0.02 0.02
param[galfEE100143]=0.5640458E-01 0 10 0.006 0.006
param[galfEE100217]=0.1277198E+00 0 10 0.01 0.01
param[galfEE143]=0.1024072E+00 0 10 0.01 0.01
param[galfEE143217]=0.2524548E+00 0 10 0.01 0.01
param[galfEE217]=0.7951444E+00 0 10 0.02 0.02

param[galfEEindex]=-2.4 -10 10 0 0

#Leakage parameters

param[bleakEE100_0]=0 -100000 100000 0 0 #   0.3310247E-02 0.3310247E-02
param[bleakEE100_1]=0 -100000 100000 0 0 #   0.8860258E+00 0.8860258E+00                                                                                                          
param[bleakEE100_2]=0 -100000 100000 0 0 #  0.7643987E+02 0.7643987E+02
param[bleakEE100_3]=0 -100000 100000 0 0 #  0.2652340E+04 0.2652340E+04
param[bleakEE100_4]=0 -100000 100000 0 0 #   0.3199047E+05 0.3199047E+05

param[bleakEE100143_0]=0 -100000 100000 0 0 # 0.2148033E-02 0.2148033E-02
param[bleakEE100143_1]=0 -100000 100000 0 0 # 0.5926046E+00 0.5926046E+00
param[bleakEE100143_2]=0 -100000 100000 0 0 # 0.5488960E+02 0.5488960E+02
param[bleakEE100143_3]=0 -100000 100000 0 0 # 0.1925479E+04 0.1925479E+04
param[bleakEE100143_4]=0 -100000 100000 0 0 # 0.2253270E+05 0.2253270E+05

param[bleakEE100217_0]=0 -100000 100000 0 0 # 0.2719995E-02 0.2719995E-02
param[bleakEE100217_1]=0 -100000 100000 0 0 # 0.6907318E+00 0.6907318E+00
param[bleakEE100217_2]=0 -100000 100000 0 0 # 0.5822955E+02 0.5822955E+02
param[bleakEE100217_3]=0 -100000 100000 0 0 # 0.1995446E+04 0.1995446E+04
param[bleakEE100217_4]=0 -100000 100000 0 0 # 0.2383329E+05 0.2383329E+05

param[bleakEE143_0]=0 -100000 100000 0 0 # 0.2448447E-02 0.2448447E-02
param[bleakEE143_1]=0 -100000 100000 0 0 # 0.5290376E+00 0.5290376E+00
param[bleakEE143_2]=0 -100000 100000 0 0 # 0.3670463E+02 0.3670463E+02
param[bleakEE143_3]=0 -100000 100000 0 0 # 0.9412482E+03 0.9412482E+03
param[bleakEE143_4]=0 -100000 100000 0 0 # 0.7664149E+04 0.7664149E+04

param[bleakEE143217_0]=0 -100000 100000 0 0 #  0.2942541E-02 0.2942541E-02
param[bleakEE143217_1]=0 -100000 100000 0 0 #  0.6267029E+00 0.6267029E+00
param[bleakEE143217_2]=0 -100000 100000 0 0 # 0.3960828E+02 0.3960828E+02
param[bleakEE143217_3]=0 -100000 100000 0 0 # 0.9131611E+03 0.9131611E+03
param[bleakEE143217_4]=0 -100000 100000 0 0 # 0.6652423E+04 0.6652423E+04

param[bleakEE217_0]=0 -100000 100000 0 0 # 0.4360212E-02 0.4360212E-02
param[bleakEE217_1]=0 -100000 100000 0 0 # 0.9040797E+00 0.9040797E+00
param[bleakEE217_2]=0 -100000 100000 0 0 # 0.5503780E+02 0.5503780E+02
param[bleakEE217_3]=0 -100000 100000 0 0 # 0.1196130E+04 0.1196130E+04
param[bleakEE217_4]=0 -100000 100000 0 0 # 0.8247135E+04 0.8247135E+04


clik_data_plikEE  = %DATASETDIR%clik/plik_dx11dr2_DS_v15_EE.clik
