#clik likelihood file
use_clik = T
clik_params_plik= %DATASETDIR%plik_dx11dr2_HM_v14_TT.paramnames


clik_speed_plik = 5
lmax_computed_cl = 2700


#this contains most of the standard parameters so can be used with various different runs
propose_matrix = planck_covmats/plik_dx11dr2_HM_v14_TT.covmat
       
####################
#PRIORS
INCLUDE(plik_v14_priors.ini)
####################


####Calibrations and Foregrounds

param[calib_100T]=0.5247795E-03 -1. 1. 0.4315481E-03 0.4315481E-03
param[calib_217T]=0.2752613E-02 -1. 1. 0.1017516E-02 0.1017516E-02

param[acib217] = 0.5622207E+02 0 200 10 10
param[ncib]=-1.3 -10 10 0 0

param[acibsz143] = -0.2927802E+01 -10 10 4 4

param[aps100] =  0.2027053E+03 0 400 24 24
param[aps100143] = 39 0 400 10 10
param[aps100217] = 39 0 400 10 10
param[aps143] = 0.2190615E+02  0 400 10 10
param[aps143217] = 0.2577444E+02 0 400 12 12
param[aps217] = 0.9514113E+02  0 400 13 13


param[asz143]= 0.7398164E+01 0 10 2 2
param[aksz]=0.5554051E+01 0 10 3 3

param[pwfe_A_100_100]=0.2176074E+02 0 400 13 13
param[kgal100143]=45 0 400 20 20
param[kgal100217]=45 0 400 20 20
param[kgal143]=0.2831209E+02 0 400 14 14
param[kgal143217]=0.3757673E+02 0 400 16 16
param[kgal217]=0.9923914E+02 0 400 18 18



clik_data_plik  = %DATASETDIR%clik/plik_dx11dr2_HM_v14_TT.clik


