#clik likelihood file
use_clik = T

clik_params_plikEE= %DATASETDIR%plik_dx11dr2_HM_v17_EE.paramnames

clik_speed_plikEE = 6

lmax_computed_cl = 2700


#this contains most of the standard parameters so can be used with various different runs
propose_matrix = planck_covmats/plik_dx11dr2_HM_v17_EE.covmat

####################
#PRIORS
INCLUDE(plik_v17_priors.ini)
####################

#PLik nuisance parameters                                                                                                                                         

#Overall E polarization calibration (at map level, divides the model )                     
param[calPol]=   1 0 2 0 0

#Foregrounds and Calibrations
param[calEE0]=1 0. 5. 0 0
param[calEE1]=1 0. 5. 0 0
param[calEE2]=1 0. 5. 0 0

param[galfEE100]=0.2389987E+00 0 10 0.02 0.02
param[galfEE100143]=0.5640458E-01 0 10 0.006 0.006
param[galfEE100217]=0.1277198E+00 0 10 0.01 0.01
param[galfEE143]=0.1024072E+00 0 10 0.01 0.01
param[galfEE143217]=0.2524548E+00 0 10 0.01 0.01
param[galfEE217]=0.7951444E+00 0 10 0.02 0.02

param[galfEEindex]=-2.4 -10 10 0 0

#Leakage parameters
param[bleakEE100_0]=0 -100000 100000 0 0 
param[bleakEE100_1]=0 -100000 100000 0 0 
param[bleakEE100_2]=0 -100000 100000 0 0 
param[bleakEE100_3]=0 -100000 100000 0 0 
param[bleakEE100_4]=0 -100000 100000 0 0 

param[bleakEE100143_0]=0 -100000 100000 0 0 
param[bleakEE100143_1]=0 -100000 100000 0 0 
param[bleakEE100143_2]=0 -100000 100000 0 0 
param[bleakEE100143_3]=0 -100000 100000 0 0 
param[bleakEE100143_4]=0 -100000 100000 0 0 

param[bleakEE100217_0]=0 -100000 100000 0 0 
param[bleakEE100217_1]=0 -100000 100000 0 0 
param[bleakEE100217_2]=0 -100000 100000 0 0 
param[bleakEE100217_3]=0 -100000 100000 0 0 
param[bleakEE100217_4]=0 -100000 100000 0 0 

param[bleakEE143_0]=0 -100000 100000 0 0 
param[bleakEE143_1]=0 -100000 100000 0 0 
param[bleakEE143_2]=0 -100000 100000 0 0 
param[bleakEE143_3]=0 -100000 100000 0 0 
param[bleakEE143_4]=0 -100000 100000 0 0 

param[bleakEE143217_0]=0 -100000 100000 0 0 
param[bleakEE143217_1]=0 -100000 100000 0 0 
param[bleakEE143217_2]=0 -100000 100000 0 0 
param[bleakEE143217_3]=0 -100000 100000 0 0 
param[bleakEE143217_4]=0 -100000 100000 0 0 

param[bleakEE217_0]=0 -100000 100000 0 0 
param[bleakEE217_1]=0 -100000 100000 0 0 
param[bleakEE217_2]=0 -100000 100000 0 0 
param[bleakEE217_3]=0 -100000 100000 0 0 
param[bleakEE217_4]=0 -100000 100000 0 0 


clik_data_plikEE  = %DATASETDIR%clik/hi_l/plik/plik_dx11dr2_HM_v17_EE.clik
