clik_params_plik= %DATASETDIR%plik_dx11dr2_HM_v18_TTTEEE.paramnames

clik_speed_plik = 5

lmax_computed_cl = 2700

clik_data_plik=%DATASETDIR%clik/hi_l/plik/plik_dx11dr2_HM_v18_TTTEEE.clik

DEFAULT(plik_dx11dr2_HM_v18_TT.ini)

#PLik nuisance parameters                                                                                                                                                   

#Overall E polarization calibration (at map level, divides the model )
param[calPol]=   1 0 2 0 0

#EE

param[calEE0]=1 0. 5. 0 0
param[calEE1]=1 0. 5. 0 0
param[calEE2]=1 0. 5. 0 0

param[galfEE100]=0.2389987E+00 0 10 0.02 0.02
param[galfEE100143]=0.5640458E-01 0 10 0.006 0.006
param[galfEE100217]=0.1277198E+00 0 10 0.01 0.01
param[galfEE143]=0.1024072E+00 0 10 0.01 0.01
param[galfEE143217]=0.2524548E+00 0 10 0.01 0.01
param[galfEE217]=0.7951444E+00 0 10 0.02 0.02


param[galfEEindex]=-2.4 -10 10 0 0
# TE
param[galfTE100]=0.2353655E+00 0 10 0.1 0.1
param[galfTE100143]=0.2350663E+00 0 10 0.1 0.02
param[galfTE100217]=0.4656940E+00 0 10 0.2 0.2
param[galfTE143]=0.1705078E+00 0 10 0.1 0.03
param[galfTE143217]=0.6187748E+00 0 10 0.1 0.1
param[galfTE217]=0.1821793E+01 0 10 0.2 0.2



param[galfTEindex]=-2.4 -10 10 0 0


# Leakage parameters EE

param[bleakEE100_0]=0 -100000 100000 0 0 
param[bleakEE100_1]=0 -100000 100000   0 0 
param[bleakEE100_2]=0 -100000 100000   0 0 
param[bleakEE100_3]=0 -100000 100000   0 0 
param[bleakEE100_4]=0 -100000 100000    0 0 

param[bleakEE100143_0]=0 -100000 100000   0 0
param[bleakEE100143_1]=0 -100000 100000   0 0
param[bleakEE100143_2]=0 -100000 100000  0 0 
param[bleakEE100143_3]=0 -100000 100000  0 0 
param[bleakEE100143_4]=0 -100000 100000  0 0 

param[bleakEE100217_0]=0 -100000 100000   0 0
param[bleakEE100217_1]=0 -100000 100000   0 0
param[bleakEE100217_2]=0 -100000 100000  0 0 
param[bleakEE100217_3]=0 -100000 100000  0 0 
param[bleakEE100217_4]=0 -100000 100000  0 0 

param[bleakEE143_0]=0 -100000 100000  0 0 
param[bleakEE143_1]=0 -100000 100000  0 0 
param[bleakEE143_2]=0 -100000 100000  0 0 
param[bleakEE143_3]=0 -100000 100000  0 0 
param[bleakEE143_4]=0 -100000 100000  0 0 

param[bleakEE143217_0]=0 -100000 100000   0 0
param[bleakEE143217_1]=0 -100000 100000   0 0
param[bleakEE143217_2]=0 -100000 100000  0 0 
param[bleakEE143217_3]=0 -100000 100000  0 0 
param[bleakEE143217_4]=0 -100000 100000  0 0 

param[bleakEE217_0]=0 -100000 100000   0 0
param[bleakEE217_1]=0 -100000 100000  0 0 
param[bleakEE217_2]=0 -100000 100000  0 0 
param[bleakEE217_3]=0 -100000 100000  0 0 
param[bleakEE217_4]=0 -100000 100000  0 0 

# Leakage parameters TE

param[bleakTE100_0]=0 -100000 100000 0 0 
param[bleakTE100_1]=0 -100000 100000   0 0 
param[bleakTE100_2]=0 -100000 100000   0 0 
param[bleakTE100_3]=0 -100000 100000   0 0 
param[bleakTE100_4]=0 -100000 100000    0 0 

param[bleakTE100143_0]=0 -100000 100000   0 0
param[bleakTE100143_1]=0 -100000 100000   0 0
param[bleakTE100143_2]=0 -100000 100000  0 0 
param[bleakTE100143_3]=0 -100000 100000  0 0 
param[bleakTE100143_4]=0 -100000 100000  0 0 

param[bleakTE100217_0]=0 -100000 100000   0 0
param[bleakTE100217_1]=0 -100000 100000   0 0
param[bleakTE100217_2]=0 -100000 100000  0 0 
param[bleakTE100217_3]=0 -100000 100000  0 0 
param[bleakTE100217_4]=0 -100000 100000  0 0 

param[bleakTE143_0]=0 -100000 100000  0 0 
param[bleakTE143_1]=0 -100000 100000  0 0 
param[bleakTE143_2]=0 -100000 100000  0 0 
param[bleakTE143_3]=0 -100000 100000  0 0 
param[bleakTE143_4]=0 -100000 100000  0 0 

param[bleakTE143217_0]=0 -100000 100000   0 0
param[bleakTE143217_1]=0 -100000 100000   0 0
param[bleakTE143217_2]=0 -100000 100000  0 0 
param[bleakTE143217_3]=0 -100000 100000  0 0 
param[bleakTE143217_4]=0 -100000 100000  0 0 

param[bleakTE217_0]=0 -100000 100000   0 0
param[bleakTE217_1]=0 -100000 100000  0 0 
param[bleakTE217_2]=0 -100000 100000  0 0 
param[bleakTE217_3]=0 -100000 100000  0 0 
param[bleakTE217_4]=0 -100000 100000  0 0 


