#clik likelihood file
use_clik = T

clik_params_plikTE= %DATASETDIR%clik/high_l/plik/plik_dx11dr2_DS_v15_TE.paramnames

   
clik_speed_plikTE = 5

lmax_computed_cl = 2700


#this contains most of the standard parameters so can be used with various different runs

propose_matrix = planck_covmats/plik_dx11dr2_DS_v15_TE.covmat

#PLik nuisance parameters                                                                                                                                                    ####################
#PRIORS
INCLUDE(plik_v15_priors.ini)
####################

#Calibrations and Foregrounds
param[galfTE100]=0.2353655E+00 0 10 0.1 0.1
param[galfTE100143]=0.2350663E+00 0 10 0.1 0.1
param[galfTE100217]=0.4656940E+00 0 10 0.1 0.1
param[galfTE143]=0.1705078E+00 0 10 0.1 0.1
param[galfTE143217]=0.6187748E+00 0 10 0.1 0.1
param[galfTE217]=0.1821793E+01 0 10 0.2 0.2



param[galfTEindex]=-2.4 -10 10 0 0

param[calib_100T]=0 -1. 1. 0.004 0.004
param[calib_217T]=0.005 -1. 1. 0.004 0.004

param[calib_100E]=0 -1. 1. 0 0
param[calib_217E]=0 -1. 1. 0 0

#Leakage parameters

param[bleakTE100_0]=0 -100000 100000 0 0 # 0.7607747E-03 0.7607747E-03
param[bleakTE100_1]=0 -100000 100000 0 0 # 0.1497706E+00 0.1497706E+00 
param[bleakTE100_2]=0 -100000 100000 0 0 # 0.1434070E+02 0.1434070E+02
param[bleakTE100_3]=0 -100000 100000 0 0 #0.5395125E+03 0.5395125E+03
param[bleakTE100_4]=0 -100000 100000 0 0 #   0.6495565E+04  0.6495565E+04

param[bleakTE100143_0]=0 -100000 100000 0 0 # 0.6470990E-03 0.6470990E-03
param[bleakTE100143_1]=0 -100000 100000 0 0 # 0.1143566E+00 0.1143566E+00
param[bleakTE100143_2]=0 -100000 100000 0 0 # 0.8909804E+01 0.8909804E+01
param[bleakTE100143_3]=0 -100000 100000 0 0 # 0.2803668E+03 0.2803668E+03 
param[bleakTE100143_4]=0 -100000 100000 0 0 # 0.3015713E+04 0.3015713E+04

param[bleakTE100217_0]=0 -100000 100000 0 0 # 0.9273609E-03 0.9273609E-03 
param[bleakTE100217_1]=0 -100000 100000 0 0 # 0.1751401E+00 0.1751401E+00
param[bleakTE100217_2]=0 -100000 100000 0 0 # 0.1435288E+02 0.1435288E+02
param[bleakTE100217_3]=0 -100000 100000 0 0 # 0.4512374E+03 0.4512374E+03
param[bleakTE100217_4]=0 -100000 100000 0 0 # 0.4712628E+04 0.4712628E+04

param[bleakTE143_0]=0 -100000 100000 0 0 # 0.5853978E-03 0.5853978E-03
param[bleakTE143_1]=0 -100000 100000 0 0 # 0.9314659E-01 0.9314659E-01
param[bleakTE143_2]=0 -100000 100000 0 0 # 0.5029749E+01 0.5029749E+01
param[bleakTE143_3]=0 -100000 100000 0 0 # 0.1084590E+03 0.1084590E+03
param[bleakTE143_4]=0 -100000 100000 0 0 # 0.7715602E+03 0.7715602E+03

param[bleakTE143217_0]=0 -100000 100000 0 0 # 0.5965752E-03 0.5965752E-03
param[bleakTE143217_1]=0 -100000 100000 0 0 #  0.8169132E-01  0.8169132E-01
param[bleakTE143217_2]=0 -100000 100000 0 0 # 0.3965642E+01 0.3965642E+01
param[bleakTE143217_3]=0 -100000 100000 0 0 # 0.7726852E+02 0.7726852E+02
param[bleakTE143217_4]=0 -100000 100000 0 0 # 0.5080094E+03 0.5080094E+03

param[bleakTE217_0]=0 -100000 100000 0 0 # 0.1172215E-02 0.1172215E-02
param[bleakTE217_1]=0 -100000 100000 0 0 # 0.1608549E+00 0.1608549E+00
param[bleakTE217_2]=0 -100000 100000 0 0 # 0.7904058E+01 0.7904058E+01
param[bleakTE217_3]=0 -100000 100000 0 0 # 0.1476580E+03 0.1476580E+03
param[bleakTE217_4]=0 -100000 100000 0 0 # 0.9115580E+03 0.9115580E+03


clik_data_plikTE  = %DATASETDIR%clik/plik_dx11dr2_DS_v15_TE.clik
