# omegabh2 omegach2 theta tau logA ns nrun calPlanck acib217 xi asz143 aps100 aps143 aps143217 aps217 aksz kgal100 kgal143 kgal143217 kgal217 galfEE100 galfEE100143 galfEE100217 galfEE143 galfEE143217 galfEE217 galfTE100 galfTE100143 galfTE100217 galfTE143 galfTE143217 galfTE217 cal0 cal2
    0.2722399E-07   -0.1331133E-06    0.1974759E-07    0.1185420E-05    0.2231435E-05    0.3075067E-06   -0.3474260E-06    0.7419540E-08   -0.6461585E-04    0.1929330E-05    0.1504740E-04   -0.2678765E-03   -0.1488922E-03   -0.2250254E-04    0.1170979E-04   -0.2470458E-04    0.1035253E-05   -0.4945410E-05   -0.2152609E-04   -0.1563980E-04    0.1462317E-06    0.5674520E-07    0.2443638E-08    0.6288441E-07    0.3364468E-07    0.1029404E-06   -0.4500295E-06   -0.2004259E-06    0.1304910E-06   -0.6765886E-07   -0.4498396E-06   -0.1621683E-05    0.5048307E-08   -0.6911240E-08
   -0.1331133E-06    0.2093525E-05   -0.1807500E-06   -0.1045317E-04   -0.1597349E-04   -0.5252843E-05   -0.2396279E-06   -0.8880923E-07    0.5214910E-03   -0.1500992E-04   -0.1623254E-03    0.2850586E-02    0.1458639E-02    0.2973016E-03    0.6790071E-05    0.2145002E-03   -0.7735654E-05   -0.1383770E-04    0.1183062E-03    0.1838497E-03   -0.1152140E-05   -0.4714831E-06    0.1189110E-07   -0.5139986E-06   -0.1575492E-06   -0.3160851E-06    0.3448146E-05    0.1639579E-05    0.2860669E-05    0.6972646E-06    0.3015432E-05    0.1063474E-04   -0.6914950E-08    0.8621730E-07
    0.1974759E-07   -0.1807500E-06    0.9856151E-07    0.9874991E-06    0.1633932E-05    0.5533197E-06   -0.2592094E-07    0.4627711E-08    0.1618514E-06   -0.2732449E-06    0.2636585E-05   -0.7724964E-04   -0.1210564E-03   -0.1038475E-03   -0.9366868E-04   -0.1864731E-05    0.1835057E-05    0.3764416E-06   -0.9759582E-05   -0.2073488E-04    0.8386471E-07    0.3340636E-07    0.2742736E-07    0.5603920E-07    0.8554628E-07    0.1021603E-06    0.3343967E-07   -0.1444041E-07   -0.9431281E-07   -0.7392313E-07   -0.3108503E-06   -0.1701980E-05    0.6396648E-09   -0.2432069E-08
    0.1185420E-05   -0.1045317E-04    0.9874991E-06    0.3181251E-03    0.6149580E-03    0.3276605E-04   -0.3647612E-04   -0.2057499E-05   -0.9056628E-02    0.1990111E-03    0.1150439E-02   -0.3133289E-01   -0.7140661E-02    0.3940690E-02    0.1024251E-01   -0.3609371E-02   -0.1883169E-03   -0.7518153E-03   -0.2989799E-02   -0.2743297E-02    0.1097829E-04    0.3921796E-05    0.1504511E-05    0.5725858E-05   -0.1184645E-05   -0.4177422E-05   -0.3093500E-04   -0.1316435E-04   -0.3078171E-04   -0.4275694E-05   -0.2770380E-04   -0.5926731E-04    0.6422676E-07   -0.1567369E-05
    0.2231435E-05   -0.1597349E-04    0.1633932E-05    0.6149580E-03    0.1229930E-02    0.5054323E-04   -0.8338597E-04    0.8376721E-05   -0.1554160E-01    0.3958359E-03    0.1692232E-02   -0.4565098E-01   -0.6715367E-02    0.1196016E-01    0.2519092E-01   -0.7119410E-02   -0.5099984E-03   -0.2088201E-02   -0.6165845E-02   -0.3935206E-02    0.2248701E-04    0.7688178E-05    0.2739140E-05    0.1178872E-04   -0.1835774E-05   -0.1302326E-04   -0.5238561E-04   -0.2156740E-04   -0.5583661E-04   -0.6924091E-05   -0.5176924E-04   -0.1090514E-03    0.4050243E-06   -0.2911243E-05
    0.3075067E-06   -0.5252843E-05    0.5533197E-06    0.3276605E-04    0.5054323E-04    0.2401155E-04    0.6966953E-05    0.5690630E-06   -0.6815949E-02    0.1661465E-03    0.1490681E-02   -0.3187343E-01   -0.9439826E-02    0.2725042E-02    0.7296855E-02   -0.3216627E-02    0.1213252E-03   -0.1275736E-03   -0.6589477E-03    0.6748479E-03    0.4699937E-05    0.1815064E-05    0.5318407E-06    0.2209327E-05    0.1481823E-06    0.2993712E-05   -0.7688465E-05   -0.3130301E-05   -0.1443273E-04   -0.4914486E-06   -0.2731061E-05   -0.1439420E-04   -0.1620036E-06   -0.6480249E-06
   -0.3474260E-06   -0.2396279E-06   -0.2592094E-07   -0.3647612E-04   -0.8338597E-04    0.6966953E-05    0.4896477E-04    0.5745954E-06   -0.7036756E-02    0.1218488E-03    0.1823356E-02   -0.2908145E-01   -0.1300655E-01   -0.2162293E-03    0.5472145E-02   -0.3090532E-02   -0.4510396E-03    0.1484537E-03    0.7135967E-04    0.2324433E-02   -0.7281990E-05   -0.2571003E-05    0.4960478E-06   -0.2831019E-05   -0.2041257E-06   -0.1046171E-05    0.2183505E-05    0.2484388E-05   -0.8800525E-05    0.1016151E-05    0.7291821E-06    0.2485137E-04   -0.7413168E-07   -0.4619408E-06
    0.7419540E-08   -0.8880923E-07    0.4627711E-08   -0.2057499E-05    0.8376721E-05    0.5690630E-06    0.5745954E-06    0.6434429E-05    0.6902525E-03    0.9543986E-05    0.4908074E-04    0.3050124E-02    0.3694827E-03    0.5957454E-03    0.1322123E-02   -0.1014163E-03    0.9868290E-05   -0.9563420E-05   -0.5868041E-04    0.6706788E-03    0.1369933E-05    0.3723200E-06   -0.1040324E-06    0.7024187E-06    0.4544881E-06   -0.1306346E-05    0.1156961E-05    0.5945592E-06   -0.1625461E-05   -0.2291237E-06   -0.3875284E-06   -0.1628241E-05    0.2380722E-07   -0.1879309E-07
   -0.6461585E-04    0.5214910E-03    0.1618514E-06   -0.9056628E-02   -0.1554160E-01   -0.6815949E-02   -0.7036756E-02    0.6902525E-03    0.4949984E+02   -0.4829552E+00   -0.1661099E+01    0.4584457E+02    0.2486992E+01   -0.2035363E+02   -0.6654990E+02    0.7015272E+00   -0.1009978E+00    0.2216324E+00   -0.3202301E+01   -0.2554390E+02    0.2657874E-03    0.1304353E-03    0.3692934E-03   -0.2639351E-04    0.6090500E-03    0.2331730E-02   -0.7143218E-02   -0.1981996E-02   -0.4849371E-02   -0.1057772E-02    0.2286880E-02   -0.4798705E-02   -0.1106045E-03    0.4502744E-02
    0.1929330E-05   -0.1500992E-04   -0.2732449E-06    0.1990111E-03    0.3958359E-03    0.1661465E-03    0.1218488E-03    0.9543986E-05   -0.4829552E+00    0.8144163E-01   -0.6242093E-01   -0.5917502E+00    0.8920856E+00    0.1730890E+01    0.7248579E+00    0.5809633E-01   -0.7132502E-02    0.8596698E-02    0.9202522E-01    0.9260397E-01   -0.2155814E-06    0.7455020E-05    0.1593072E-04    0.7283160E-05    0.3213837E-04   -0.1654626E-03   -0.2558665E-05   -0.1302703E-03    0.5325157E-04   -0.5833729E-04   -0.2102419E-03    0.1343294E-03    0.5630751E-05   -0.2093375E-04
    0.1504740E-04   -0.1623254E-03    0.2636585E-05    0.1150439E-02    0.1692232E-02    0.1490681E-02    0.1823356E-02    0.4908074E-04   -0.1661099E+01   -0.6242093E-01    0.3729183E+01   -0.2985263E+02   -0.3923255E+01    0.7652555E+01    0.6638285E+01   -0.2783838E+01   -0.1878152E+00    0.1180244E+00    0.2427982E+01    0.2054143E+01   -0.2111324E-03    0.1172700E-03    0.1817455E-03    0.5912809E-04   -0.2251443E-03   -0.2904023E-03   -0.3020396E-03   -0.4010062E-04    0.1754405E-02   -0.2441208E-03    0.8725984E-04    0.4264081E-02    0.1941139E-03   -0.3731562E-03
   -0.2678765E-03    0.2850586E-02   -0.7724964E-04   -0.3133289E-01   -0.4565098E-01   -0.3187343E-01   -0.2908145E-01    0.3050124E-02    0.4584457E+02   -0.5917502E+00   -0.2985263E+02    0.7373193E+03    0.7317265E+02   -0.5970445E+02   -0.7378063E+02    0.1541100E+02    0.2478833E+00   -0.4677041E+00   -0.1394304E+02   -0.2151936E+02    0.2818474E-03   -0.9843675E-03   -0.3586739E-02   -0.1663822E-02    0.2767262E-02    0.1315563E-01    0.4964581E-01    0.1119743E-02    0.2404521E-01   -0.1438780E-02   -0.1187329E-01   -0.5130398E-01    0.4444286E-02    0.4310191E-02
   -0.1488922E-03    0.1458639E-02   -0.1210564E-03   -0.7140661E-02   -0.6715367E-02   -0.9439826E-02   -0.1300655E-01    0.3694827E-03    0.2486992E+01    0.8920856E+00   -0.3923255E+01    0.7317265E+02    0.6016054E+02    0.4061833E+02    0.1527924E+02   -0.4040767E+01   -0.2740686E+00   -0.8563626E+00    0.3847964E+01    0.3074897E+01    0.2046227E-03    0.5704150E-04   -0.3041515E-04   -0.2452343E-03    0.1283329E-02   -0.2166676E-02   -0.3894491E-03    0.2455770E-03   -0.5308909E-03    0.1675038E-02   -0.5717016E-04    0.1860709E-02    0.1501341E-03    0.1635649E-03
   -0.2250254E-04    0.2973016E-03   -0.1038475E-03    0.3940690E-02    0.1196016E-01    0.2725042E-02   -0.2162293E-03    0.5957454E-03   -0.2035363E+02    0.1730890E+01    0.7652555E+01   -0.5970445E+02    0.4061833E+02    0.9066661E+02    0.6410467E+02   -0.1220287E+02   -0.6635312E+00   -0.7082082E-01    0.4857240E+01    0.5850908E+01   -0.8342833E-03    0.4260210E-03    0.4706721E-03   -0.1863212E-04    0.2326964E-03   -0.3597224E-02   -0.4151468E-03   -0.2389146E-02    0.8183576E-02    0.2318261E-03   -0.1762762E-02    0.1666328E-01    0.7049033E-03   -0.2636229E-02
    0.1170979E-04    0.6790071E-05   -0.9366868E-04    0.1024251E-01    0.2519092E-01    0.7296855E-02    0.5472145E-02    0.1322123E-02   -0.6654990E+02    0.7248579E+00    0.6638285E+01   -0.7378063E+02    0.1527924E+02    0.6410467E+02    0.1251128E+03   -0.1070086E+02   -0.2414420E+00   -0.3407640E+00    0.1156140E+01    0.2282593E+02   -0.4585352E-03   -0.1016680E-03   -0.5389407E-03   -0.3468997E-04   -0.9929335E-03   -0.2727369E-02    0.7245533E-02    0.2393592E-02    0.4510128E-02    0.2622537E-02    0.2356575E-03    0.1130335E-01    0.5137350E-03   -0.7808347E-02
   -0.2470458E-04    0.2145002E-03   -0.1864731E-05   -0.3609371E-02   -0.7119410E-02   -0.3216627E-02   -0.3090532E-02   -0.1014163E-03    0.7015272E+00    0.5809633E-01   -0.2783838E+01    0.1541100E+02   -0.4040767E+01   -0.1220287E+02   -0.1070086E+02    0.6356718E+01    0.1598089E+00   -0.1143598E+00   -0.2048124E+01   -0.1684571E+01    0.1308705E-03   -0.8252464E-04   -0.4068518E-03   -0.2305188E-04    0.2579771E-03   -0.8791041E-03    0.1345948E-02   -0.4756005E-03    0.4772858E-02   -0.1089739E-02   -0.4346202E-03   -0.3518820E-02   -0.1184789E-03    0.2234412E-03
    0.1035253E-05   -0.7735654E-05    0.1835057E-05   -0.1883169E-03   -0.5099984E-03    0.1213252E-03   -0.4510396E-03    0.9868290E-05   -0.1009978E+00   -0.7132502E-02   -0.1878152E+00    0.2478833E+00   -0.2740686E+00   -0.6635312E+00   -0.2414420E+00    0.1598089E+00    0.3085636E+01    0.7233246E+00    0.3270084E+00    0.5460072E+00    0.4608145E-04    0.2509696E-04    0.1730434E-04    0.2162585E-04    0.9288465E-04    0.2929083E-03   -0.3777508E-02    0.2834785E-03   -0.2125212E-02   -0.4168476E-03    0.8250083E-04   -0.4445690E-02    0.4276257E-03    0.8545029E-05
   -0.4945410E-05   -0.1383770E-04    0.3764416E-06   -0.7518153E-03   -0.2088201E-02   -0.1275736E-03    0.1484537E-03   -0.9563420E-05    0.2216324E+00    0.8596698E-02    0.1180244E+00   -0.4677041E+00   -0.8563626E+00   -0.7082082E-01   -0.3407640E+00   -0.1143598E+00    0.7233246E+00    0.3015199E+01    0.2353135E+01    0.1352776E+01    0.7764330E-04   -0.6018870E-04    0.2733194E-03   -0.1837189E-04    0.7136901E-04    0.8115316E-03    0.3206446E-02   -0.3123965E-03   -0.5660460E-03   -0.6155716E-03   -0.1858047E-03   -0.1282483E-02   -0.4088365E-03   -0.2142369E-03
   -0.2152609E-04    0.1183062E-03   -0.9759582E-05   -0.2989799E-02   -0.6165845E-02   -0.6589477E-03    0.7135967E-04   -0.5868041E-04   -0.3202301E+01    0.9202522E-01    0.2427982E+01   -0.1394304E+02    0.3847964E+01    0.4857240E+01    0.1156140E+01   -0.2048124E+01    0.3270084E+00    0.2353135E+01    0.1755782E+02    0.2682786E+02   -0.9744310E-04    0.6546611E-04    0.6491827E-03    0.2718305E-03    0.2562215E-03   -0.1562491E-02    0.5379267E-02    0.1494104E-02   -0.1653582E-02   -0.1031184E-02   -0.6852673E-03    0.3888625E-02   -0.9005885E-04    0.2377342E-02
   -0.1563980E-04    0.1838497E-03   -0.2073488E-04   -0.2743297E-02   -0.3935206E-02    0.6748479E-03    0.2324433E-02    0.6706788E-03   -0.2554390E+02    0.9260397E-01    0.2054143E+01   -0.2151936E+02    0.3074897E+01    0.5850908E+01    0.2282593E+02   -0.1684571E+01    0.5460072E+00    0.1352776E+01    0.2682786E+02    0.6158873E+02   -0.1583419E-03   -0.1826480E-04    0.3968241E-03    0.4392033E-03    0.5166642E-03   -0.3635819E-02    0.1110595E-01    0.4343737E-02    0.3234679E-02   -0.5912746E-03   -0.2509935E-02    0.8416373E-02   -0.1094406E-03    0.4218036E-02
    0.1462317E-06   -0.1152140E-05    0.8386471E-07    0.1097829E-04    0.2248701E-04    0.4699937E-05   -0.7281990E-05    0.1369933E-05    0.2657874E-03   -0.2155814E-06   -0.2111324E-03    0.2818474E-03    0.2046227E-03   -0.8342833E-03   -0.4585352E-03    0.1308705E-03    0.4608145E-04    0.7764330E-04   -0.9744310E-04   -0.1583419E-03    0.1270300E-03    0.1150449E-04   -0.6938700E-06    0.3529247E-05    0.7626844E-06    0.9862498E-06   -0.1309476E-04   -0.2844662E-05   -0.1989940E-05   -0.3246330E-05   -0.1065771E-04    0.2589947E-05   -0.1181094E-06   -0.1087810E-06
    0.5674520E-07   -0.4714831E-06    0.3340636E-07    0.3921796E-05    0.7688178E-05    0.1815064E-05   -0.2571003E-05    0.3723200E-06    0.1304353E-03    0.7455020E-05    0.1172700E-03   -0.9843675E-03    0.5704150E-04    0.4260210E-03   -0.1016680E-03   -0.8252464E-04    0.2509696E-04   -0.6018870E-04    0.6546611E-04   -0.1826480E-04    0.1150449E-04    0.1411614E-04   -0.4874335E-06    0.6522348E-05   -0.5177874E-06   -0.4186233E-06   -0.2875906E-05   -0.2705822E-05   -0.3522763E-05   -0.1615762E-05   -0.3527631E-05   -0.6823221E-05   -0.1957756E-07   -0.2253694E-07
    0.2443638E-08    0.1189110E-07    0.2742736E-07    0.1504511E-05    0.2739140E-05    0.5318407E-06    0.4960478E-06   -0.1040324E-06    0.3692934E-03    0.1593072E-04    0.1817455E-03   -0.3586739E-02   -0.3041515E-04    0.4706721E-03   -0.5389407E-03   -0.4068518E-03    0.1730434E-04    0.2733194E-03    0.6491827E-03    0.3968241E-03   -0.6938700E-06   -0.4874335E-06    0.2237269E-03   -0.2820438E-06   -0.1018170E-05    0.4814831E-05   -0.8939305E-05   -0.4691310E-05   -0.1605862E-04    0.2717458E-05    0.1009706E-04   -0.1357435E-04   -0.4856015E-07    0.1156064E-06
    0.6288441E-07   -0.5139986E-06    0.5603920E-07    0.5725858E-05    0.1178872E-04    0.2209327E-05   -0.2831019E-05    0.7024187E-06   -0.2639351E-04    0.7283160E-05    0.5912809E-04   -0.1663822E-02   -0.2452343E-03   -0.1863212E-04   -0.3468997E-04   -0.2305188E-04    0.2162585E-04   -0.1837189E-04    0.2718305E-03    0.4392033E-03    0.3529247E-05    0.6522348E-05   -0.2820438E-06    0.3018687E-04    0.7779668E-06   -0.1007927E-07    0.1222110E-05   -0.1458049E-05    0.2921955E-05   -0.2638549E-05   -0.1260447E-05   -0.8454221E-05   -0.6360119E-07   -0.6347453E-08
    0.3364468E-07   -0.1575492E-06    0.8554628E-07   -0.1184645E-05   -0.1835774E-05    0.1481823E-06   -0.2041257E-06    0.4544881E-06    0.6090500E-03    0.3213837E-04   -0.2251443E-03    0.2767262E-02    0.1283329E-02    0.2326964E-03   -0.9929335E-03    0.2579771E-03    0.9288465E-04    0.7136901E-04    0.2562215E-03    0.5166642E-03    0.7626844E-06   -0.5177874E-06   -0.1018170E-05    0.7779668E-06    0.3890624E-03   -0.9307107E-05    0.1951299E-05   -0.2727452E-05   -0.4601910E-04   -0.3597729E-05    0.2679797E-05   -0.2917983E-04    0.4957261E-07    0.2700577E-06
    0.1029404E-06   -0.3160851E-06    0.1021603E-06   -0.4177422E-05   -0.1302326E-04    0.2993712E-05   -0.1046171E-05   -0.1306346E-05    0.2331730E-02   -0.1654626E-03   -0.2904023E-03    0.1315563E-01   -0.2166676E-02   -0.3597224E-02   -0.2727369E-02   -0.8791041E-03    0.2929083E-03    0.8115316E-03   -0.1562491E-02   -0.3635819E-02    0.9862498E-06   -0.4186233E-06    0.4814831E-05   -0.1007927E-07   -0.9307107E-05    0.3479268E-02    0.8972420E-05   -0.1960180E-06   -0.4135125E-04    0.2295029E-04   -0.9778095E-04   -0.1352188E-03   -0.8672679E-07   -0.4216633E-06
   -0.4500295E-06    0.3448146E-05    0.3343967E-07   -0.3093500E-04   -0.5238561E-04   -0.7688465E-05    0.2183505E-05    0.1156961E-05   -0.7143218E-02   -0.2558665E-05   -0.3020396E-03    0.4964581E-01   -0.3894491E-03   -0.4151468E-03    0.7245533E-02    0.1345948E-02   -0.3777508E-02    0.3206446E-02    0.5379267E-02    0.1110595E-01   -0.1309476E-04   -0.2875906E-05   -0.8939305E-05    0.1222110E-05    0.1951299E-05    0.8972420E-05    0.5739686E-02    0.1793936E-02    0.1616293E-02   -0.7000258E-03   -0.7596347E-04   -0.8243897E-05    0.2078917E-05    0.2154303E-06
   -0.2004259E-06    0.1639579E-05   -0.1444041E-07   -0.1316435E-04   -0.2156740E-04   -0.3130301E-05    0.2484388E-05    0.5945592E-06   -0.1981996E-02   -0.1302703E-03   -0.4010062E-04    0.1119743E-02    0.2455770E-03   -0.2389146E-02    0.2393592E-02   -0.4756005E-03    0.2834785E-03   -0.3123965E-03    0.1494104E-02    0.4343737E-02   -0.2844662E-05   -0.2705822E-05   -0.4691310E-05   -0.1458049E-05   -0.2727452E-05   -0.1960180E-06    0.1793936E-02    0.1209527E-02    0.7362596E-03    0.2077250E-03    0.4417103E-05   -0.2726648E-03   -0.1201537E-06    0.1221634E-06
    0.1304910E-06    0.2860669E-05   -0.9431281E-07   -0.3078171E-04   -0.5583661E-04   -0.1443273E-04   -0.8800525E-05   -0.1625461E-05   -0.4849371E-02    0.5325157E-04    0.1754405E-02    0.2404521E-01   -0.5308909E-03    0.8183576E-02    0.4510128E-02    0.4772858E-02   -0.2125212E-02   -0.5660460E-03   -0.1653582E-02    0.3234679E-02   -0.1989940E-05   -0.3522763E-05   -0.1605862E-04    0.2921955E-05   -0.4601910E-04   -0.4135125E-04    0.1616293E-02    0.7362596E-03    0.3299604E-01   -0.6248042E-03    0.1447431E-02    0.1105355E-01   -0.3798345E-07    0.7832083E-06
   -0.6765886E-07    0.6972646E-06   -0.7392313E-07   -0.4275694E-05   -0.6924091E-05   -0.4914486E-06    0.1016151E-05   -0.2291237E-06   -0.1057772E-02   -0.5833729E-04   -0.2441208E-03   -0.1438780E-02    0.1675038E-02    0.2318261E-03    0.2622537E-02   -0.1089739E-02   -0.4168476E-03   -0.6155716E-03   -0.1031184E-02   -0.5912746E-03   -0.3246330E-05   -0.1615762E-05    0.2717458E-05   -0.2638549E-05   -0.3597729E-05    0.2295029E-04   -0.7000258E-03    0.2077250E-03   -0.6248042E-03    0.1398938E-02    0.1394665E-03   -0.5466588E-03   -0.1828895E-06   -0.2823942E-06
   -0.4498396E-06    0.3015432E-05   -0.3108503E-06   -0.2770380E-04   -0.5176924E-04   -0.2731061E-05    0.7291821E-06   -0.3875284E-06    0.2286880E-02   -0.2102419E-03    0.8725984E-04   -0.1187329E-01   -0.5717016E-04   -0.1762762E-02    0.2356575E-03   -0.4346202E-03    0.8250083E-04   -0.1858047E-03   -0.6852673E-03   -0.2509935E-02   -0.1065771E-04   -0.3527631E-05    0.1009706E-04   -0.1260447E-05    0.2679797E-05   -0.9778095E-04   -0.7596347E-04    0.4417103E-05    0.1447431E-02    0.1394665E-03    0.5067813E-02    0.3998334E-02   -0.6261852E-06    0.2191780E-06
   -0.1621683E-05    0.1063474E-04   -0.1701980E-05   -0.5926731E-04   -0.1090514E-03   -0.1439420E-04    0.2485137E-04   -0.1628241E-05   -0.4798705E-02    0.1343294E-03    0.4264081E-02   -0.5130398E-01    0.1860709E-02    0.1666328E-01    0.1130335E-01   -0.3518820E-02   -0.4445690E-02   -0.1282483E-02    0.3888625E-02    0.8416373E-02    0.2589947E-05   -0.6823221E-05   -0.1357435E-04   -0.8454221E-05   -0.2917983E-04   -0.1352188E-03   -0.8243897E-05   -0.2726648E-03    0.1105355E-01   -0.5466588E-03    0.3998334E-02    0.3575214E-01   -0.3526893E-06   -0.1081530E-05
    0.5048307E-08   -0.6914950E-08    0.6396648E-09    0.6422676E-07    0.4050243E-06   -0.1620036E-06   -0.7413168E-07    0.2380722E-07   -0.1106045E-03    0.5630751E-05    0.1941139E-03    0.4444286E-02    0.1501341E-03    0.7049033E-03    0.5137350E-03   -0.1184789E-03    0.4276257E-03   -0.4088365E-03   -0.9005885E-04   -0.1094406E-03   -0.1181094E-06   -0.1957756E-07   -0.4856015E-07   -0.6360119E-07    0.4957261E-07   -0.8672679E-07    0.2078917E-05   -0.1201537E-06   -0.3798345E-07   -0.1828895E-06   -0.6261852E-06   -0.3526893E-06    0.5259771E-06    0.3781629E-08
   -0.6911240E-08    0.8621730E-07   -0.2432069E-08   -0.1567369E-05   -0.2911243E-05   -0.6480249E-06   -0.4619408E-06   -0.1879309E-07    0.4502744E-02   -0.2093375E-04   -0.3731562E-03    0.4310191E-02    0.1635649E-03   -0.2636229E-02   -0.7808347E-02    0.2234412E-03    0.8545029E-05   -0.2142369E-03    0.2377342E-02    0.4218036E-02   -0.1087810E-06   -0.2253694E-07    0.1156064E-06   -0.6347453E-08    0.2700577E-06   -0.4216633E-06    0.2154303E-06    0.1221634E-06    0.7832083E-06   -0.2823942E-06    0.2191780E-06   -0.1081530E-05    0.3781629E-08    0.2072515E-05
