# omegabh2 omegach2 theta tau logA ns galfEE100 galfEE100143 galfEE100217 galfEE143 galfEE143217 galfEE217 calPlanck
    0.1670268E-05   -0.5193418E-05    0.3903146E-06    0.2106152E-04    0.4877699E-04    0.1379094E-04   -0.1020822E-05   -0.3445696E-06    0.1358692E-06   -0.3595983E-06    0.2058405E-06    0.9769947E-06   -0.1376042E-07
   -0.5193418E-05    0.2278875E-04   -0.1654383E-05   -0.8535980E-04   -0.1650033E-03   -0.6061218E-04   -0.2293245E-05   -0.9104574E-06   -0.7228664E-07   -0.1053307E-05   -0.7537481E-06   -0.4350357E-05    0.1148450E-06
    0.3903146E-06   -0.1654383E-05    0.8413311E-06    0.3582144E-05    0.6062236E-05    0.5232911E-05    0.3654376E-06    0.1576087E-06    0.2301884E-08    0.1666371E-06   -0.3942445E-06    0.6814265E-06   -0.3997359E-07
    0.2106152E-04   -0.8535980E-04    0.3582144E-05    0.3946591E-02    0.7962364E-02    0.3245964E-03   -0.1625885E-03   -0.6241801E-04    0.6404892E-05   -0.6146906E-04   -0.2480586E-04   -0.6750365E-04    0.1279514E-05
    0.4877699E-04   -0.1650033E-03    0.6062236E-05    0.7962364E-02    0.1624707E-01    0.6492180E-03   -0.3524631E-03   -0.1346722E-03    0.1434359E-04   -0.1330925E-03   -0.5303238E-04   -0.1458212E-03    0.1610756E-04
    0.1379094E-04   -0.6061218E-04    0.5232911E-05    0.3245964E-03    0.6492180E-03    0.2629086E-03    0.2677335E-04    0.9615523E-05   -0.1294821E-05    0.1136580E-04   -0.5132016E-05    0.1841525E-05   -0.3013742E-06
   -0.1020822E-05   -0.2293245E-05    0.3654376E-06   -0.1625885E-03   -0.3524631E-03    0.2677335E-04    0.1518256E-03    0.1943498E-04   -0.5258400E-06    0.1220602E-04   -0.5629952E-06   -0.9153463E-07    0.1062019E-05
   -0.3445696E-06   -0.9104574E-06    0.1576087E-06   -0.6241801E-04   -0.1346722E-03    0.9615523E-05    0.1943498E-04    0.1709414E-04   -0.4927023E-06    0.9627531E-05    0.1312527E-05    0.1845435E-05    0.2536413E-06
    0.1358692E-06   -0.7228664E-07    0.2301884E-08    0.6404892E-05    0.1434359E-04   -0.1294821E-05   -0.5258400E-06   -0.4927023E-06    0.2247181E-03   -0.1126138E-05    0.1501250E-05    0.1848799E-05   -0.4762992E-07
   -0.3595983E-06   -0.1053307E-05    0.1666371E-06   -0.6146906E-04   -0.1330925E-03    0.1136580E-04    0.1220602E-04    0.9627531E-05   -0.1126138E-05    0.3394674E-04    0.7124139E-06    0.7414738E-06    0.5763819E-06
    0.2058405E-06   -0.7537481E-06   -0.3942445E-06   -0.2480586E-04   -0.5303238E-04   -0.5132016E-05   -0.5629952E-06    0.1312527E-05    0.1501250E-05    0.7124139E-06    0.3950472E-03    0.9397800E-05   -0.4411657E-06
    0.9769947E-06   -0.4350357E-05    0.6814265E-06   -0.6750365E-04   -0.1458212E-03    0.1841525E-05   -0.9153463E-07    0.1845435E-05    0.1848799E-05    0.7414738E-06    0.9397800E-05    0.3513168E-02    0.6005956E-06
   -0.1376042E-07    0.1148450E-06   -0.3997359E-07    0.1279514E-05    0.1610756E-04   -0.3013742E-06    0.1062019E-05    0.2536413E-06   -0.4762992E-07    0.5763819E-06   -0.4411657E-06    0.6005956E-06    0.6413902E-05
