# omegabh2 omegach2 theta tau nnu yhe logA ns acib217 acibsz143 asz143 aps100 aps143 aps143217 aps217 aksz kgal100 t1gal143 t1gal143217 t1gal217 calib_100T calib_217T
    0.8021633E-07   -0.4999627E-07    0.1467879E-06    0.9694649E-06    0.7812133E-06    0.3607071E-05    0.2616949E-05    0.1703726E-05    0.2129586E-03    0.7227849E-04    0.1934462E-04   -0.3620974E-03   -0.1542460E-03   -0.2788616E-03   -0.3857304E-03    0.2268967E-04    0.1540209E-02    0.1141534E-02    0.1219223E-02    0.1270452E-02   -0.7241630E-07   -0.2437639E-07
   -0.4999627E-07    0.5370009E-04   -0.1217278E-04   -0.1065284E-04    0.3308813E-02   -0.1733090E-03    0.5724667E-04    0.1928667E-04   -0.2620150E-02   -0.1083322E-02    0.2988068E-03   -0.3275518E-02   -0.4160319E-02   -0.1080915E-02   -0.6430898E-03   -0.4498131E-03    0.4242438E-02    0.1779474E-02    0.1247318E-02    0.6298135E-03   -0.5325219E-06    0.3534290E-06
    0.1467879E-06   -0.1217278E-04    0.3486683E-05    0.3684269E-05   -0.7766863E-03    0.5376755E-04   -0.7207957E-05   -0.1574194E-06    0.2535830E-02    0.1122694E-02    0.1708563E-04    0.1769642E-02    0.1340822E-02   -0.1044141E-02   -0.1476193E-02    0.3618607E-03    0.1978055E-02    0.1959486E-02    0.2362813E-02    0.2716642E-02   -0.3264875E-07   -0.2033987E-06
    0.9694649E-06   -0.1065284E-04    0.3684269E-05    0.1812912E-03   -0.4290529E-03    0.6832056E-04    0.3542195E-03    0.3445648E-04   -0.4663511E-02   -0.3198984E-02   -0.1769449E-02   -0.5259508E-02    0.6110596E-02    0.9143124E-02    0.7566167E-02   -0.1069380E-02   -0.3401376E-02   -0.9241263E-03   -0.1332719E-02   -0.1291500E-02    0.9005055E-06    0.1200548E-06
    0.7812133E-06    0.3308813E-02   -0.7766863E-03   -0.4290529E-03    0.2114720E+00   -0.1118618E-01    0.3865241E-02    0.1450700E-02   -0.1908575E+00   -0.7963068E-01    0.1668569E-01   -0.1981915E+00   -0.2838577E+00   -0.6548565E-01   -0.2897719E-01   -0.3030591E-01    0.1498596E+00    0.1925583E-01   -0.1847043E-01   -0.5550503E-01   -0.2921337E-04    0.2230030E-04
    0.3607071E-05   -0.1733090E-03    0.5376755E-04    0.6832056E-04   -0.1118618E-01    0.9776756E-03   -0.2381890E-04    0.6542588E-04    0.6472383E-01    0.2846787E-01    0.1328812E-02    0.5477849E-01    0.3196101E-01   -0.2876746E-01   -0.4162646E-01    0.1043879E-01    0.5389806E-01    0.5138061E-01    0.6122368E-01    0.6841965E-01   -0.1931564E-05   -0.4409276E-05
    0.2616949E-05    0.5724667E-04   -0.7207957E-05    0.3542195E-03    0.3865241E-02   -0.2381890E-04    0.8442738E-03    0.1234461E-03   -0.6077951E-03   -0.3396513E-02   -0.3548760E-02    0.1922523E-01    0.2573727E-01    0.2385263E-01    0.1633146E-01   -0.1007901E-02   -0.1178204E-01   -0.3881776E-01   -0.3808863E-01   -0.3752942E-01   -0.2417880E-05   -0.1856200E-06
    0.1703726E-05    0.1928667E-04   -0.1574194E-06    0.3445648E-04    0.1450700E-02    0.6542588E-04    0.1234461E-03    0.8629550E-04    0.8418481E-02    0.3466445E-02   -0.6312178E-03    0.5039096E-02    0.9299435E-02    0.7297114E-04   -0.2742291E-02    0.1541364E-03    0.2121086E-01    0.1657701E-01    0.1834967E-01    0.2093183E-01   -0.8573175E-06   -0.8040538E-06
    0.2129586E-03   -0.2620150E-02    0.2535830E-02   -0.4663511E-02   -0.1908575E+00    0.6472383E-01   -0.6077951E-03    0.8418481E-02    0.8033405E+02    0.3164488E+02    0.1233431E+01    0.3163940E+02   -0.1904311E+02   -0.7709204E+02   -0.9470626E+02   -0.2068405E+01   -0.3166720E+01   -0.1487077E+02   -0.1848696E+02   -0.2180279E+02   -0.6125752E-03   -0.4091003E-02
    0.7227849E-04   -0.1083322E-02    0.1122694E-02   -0.3198984E-02   -0.7963068E-01    0.2846787E-01   -0.3396513E-02    0.3466445E-02    0.3164488E+02    0.2189298E+02    0.2493111E+01   -0.5587280E+01   -0.2292664E+02   -0.5073068E+02   -0.3233720E+02   -0.1134096E+01   -0.3090658E+01   -0.7746434E+01   -0.1476886E+02   -0.1613339E+02   -0.2471932E-03   -0.4006214E-03
    0.1934462E-04    0.2988068E-03    0.1708563E-04   -0.1769449E-02    0.1668569E-01    0.1328812E-02   -0.3548760E-02   -0.6312178E-03    0.1233431E+01    0.2493111E+01    0.5466865E+01   -0.3596406E+02   -0.1564270E+02   -0.5220056E+01   -0.8381395E+00   -0.2852838E+00   -0.1376021E+01   -0.8205363E-01    0.3599251E+01    0.3963261E+01   -0.1917198E-03    0.1723994E-03
   -0.3620974E-03   -0.3275518E-02    0.1769642E-02   -0.5259508E-02   -0.1981915E+00    0.5477849E-01    0.1922523E-01    0.5039096E-02    0.3163940E+02   -0.5587280E+01   -0.3596406E+02    0.7474189E+03    0.1694206E+03    0.5671498E+02    0.2636755E+00   -0.8005806E+01   -0.7534882E+02   -0.6102742E+02   -0.6867864E+02   -0.6489616E+02   -0.4319176E-02   -0.4496663E-02
   -0.1542460E-03   -0.4160319E-02    0.1340822E-02    0.6110596E-02   -0.2838577E+00    0.3196101E-01    0.2573727E-01    0.9299435E-02   -0.1904311E+02   -0.2292664E+02   -0.1564270E+02    0.1694206E+03    0.1206818E+03    0.9691402E+02    0.5441878E+02   -0.8269533E+01   -0.2186002E+02   -0.4093010E+02   -0.3406283E+02   -0.3001578E+02   -0.1182285E-02   -0.1210938E-02
   -0.2788616E-03   -0.1080915E-02   -0.1044141E-02    0.9143124E-02   -0.6548565E-01   -0.2876746E-01    0.2385263E-01    0.7297114E-04   -0.7709204E+02   -0.5073068E+02   -0.5220056E+01    0.5671498E+02    0.9691402E+02    0.1642222E+03    0.1226821E+03   -0.6755538E+01   -0.2077665E+02   -0.3011986E+02   -0.1877166E+02   -0.1836300E+02   -0.1209662E-02    0.2167813E-02
   -0.3857304E-03   -0.6430898E-03   -0.1476193E-02    0.7566167E-02   -0.2897719E-01   -0.4162646E-01    0.1633146E-01   -0.2742291E-02   -0.9470626E+02   -0.3233720E+02   -0.8381395E+00    0.2636755E+00    0.5441878E+02    0.1226821E+03    0.1605294E+03   -0.7198404E+01   -0.2469522E+02   -0.3165805E+02   -0.3910671E+02   -0.4296769E+02   -0.1072910E-02    0.6866438E-02
    0.2268967E-04   -0.4498131E-03    0.3618607E-03   -0.1069380E-02   -0.3030591E-01    0.1043879E-01   -0.1007901E-02    0.1541364E-03   -0.2068405E+01   -0.1134096E+01   -0.2852838E+00   -0.8005806E+01   -0.8269533E+01   -0.6755538E+01   -0.7198404E+01    0.7914872E+01   -0.2560640E+01   -0.4242705E+01   -0.4852243E+01   -0.5322133E+01   -0.1349831E-03    0.1804444E-03
    0.1540209E-02    0.4242438E-02    0.1978055E-02   -0.3401376E-02    0.1498596E+00    0.5389806E-01   -0.1178204E-01    0.2121086E-01   -0.3166720E+01   -0.3090658E+01   -0.1376021E+01   -0.7534882E+02   -0.2186002E+02   -0.2077665E+02   -0.2469522E+02   -0.2560640E+01    0.2461641E+03    0.1659729E+03    0.1638285E+03    0.1619235E+03   -0.1327452E-01    0.2886457E-04
    0.1141534E-02    0.1779474E-02    0.1959486E-02   -0.9241263E-03    0.1925583E-01    0.5138061E-01   -0.3881776E-01    0.1657701E-01   -0.1487077E+02   -0.7746434E+01   -0.8205363E-01   -0.6102742E+02   -0.4093010E+02   -0.3011986E+02   -0.3165805E+02   -0.4242705E+01    0.1659729E+03    0.2834060E+03    0.2857454E+03    0.2856608E+03    0.8399451E-02    0.6039228E-03
    0.1219223E-02    0.1247318E-02    0.2362813E-02   -0.1332719E-02   -0.1847043E-01    0.6122368E-01   -0.3808863E-01    0.1834967E-01   -0.1848696E+02   -0.1476886E+02    0.3599251E+01   -0.6867864E+02   -0.3406283E+02   -0.1877166E+02   -0.3910671E+02   -0.4852243E+01    0.1638285E+03    0.2857454E+03    0.3281190E+03    0.3544471E+03    0.8204961E-02   -0.5045684E-02
    0.1270452E-02    0.6298135E-03    0.2716642E-02   -0.1291500E-02   -0.5550503E-01    0.6841965E-01   -0.3752942E-01    0.2093183E-01   -0.2180279E+02   -0.1613339E+02    0.3963261E+01   -0.6489616E+02   -0.3001578E+02   -0.1836300E+02   -0.4296769E+02   -0.5322133E+01    0.1619235E+03    0.2856608E+03    0.3544471E+03    0.4074169E+03    0.8253223E-02   -0.1014368E-01
   -0.7241630E-07   -0.5325219E-06   -0.3264875E-07    0.9005055E-06   -0.2921337E-04   -0.1931564E-05   -0.2417880E-05   -0.8573175E-06   -0.6125752E-03   -0.2471932E-03   -0.1917198E-03   -0.4319176E-02   -0.1182285E-02   -0.1209662E-02   -0.1072910E-02   -0.1349831E-03   -0.1327452E-01    0.8399451E-02    0.8204961E-02    0.8253223E-02    0.3014575E-05    0.5202588E-07
   -0.2437639E-07    0.3534290E-06   -0.2033987E-06    0.1200548E-06    0.2230030E-04   -0.4409276E-05   -0.1856200E-06   -0.8040538E-06   -0.4091003E-02   -0.4006214E-03    0.1723994E-03   -0.4496663E-02   -0.1210938E-02    0.2167813E-02    0.6866438E-02    0.1804444E-03    0.2886457E-04    0.6039228E-03   -0.5045684E-02   -0.1014368E-01    0.5202588E-07    0.1532981E-05
