# omegabh2 omegach2 theta tau alpha1 ns logA aps100 aps143 aps217 acib143 acib217 asz143 psr cibr ncib cal0 cal2 xi aksz bm_1_1 a_ps_act_148 a_ps_act_217 a_ps_spt_95 a_ps_spt_150 a_ps_spt_220 r_ps_spt_95x150 r_ps_spt_95x220 r_ps_150x220 act_dust_s act_dust_e cal_acts_148 cal_acts_217 cal_acte_148 cal_acte_217 cal_spt_95 cal_spt_150 cal_spt_220
    0.77705E-07   -0.36315E-06    0.63993E-07    0.13224E-05   -0.16389E-06    0.86083E-06    0.19809E-05   -0.49527E-03   -0.74217E-03   -0.63471E-03    0.73295E-05    0.63388E-04    0.21790E-04   -0.16171E-05   -0.23046E-06    0.10180E-05    0.21491E-08   -0.18665E-08   -0.43417E-05   -0.56552E-04   -0.10996E-04    0.11596E-04    0.71661E-04    0.20178E-04    0.20557E-04    0.79605E-04    0.69531E-07   -0.46933E-06   -0.21606E-06   -0.67234E-06   -0.56316E-06    0.39297E-06    0.45144E-06    0.39622E-06    0.43287E-06    0.76350E-06    0.72507E-06    0.49620E-06
   -0.36315E-06    0.78060E-05   -0.96771E-06   -0.11143E-04   -0.19235E-05   -0.19497E-04   -0.20457E-05    0.10618E-01    0.34271E-02    0.31172E-02   -0.30707E-04   -0.17410E-03   -0.69978E-04    0.59150E-05   -0.18111E-06    0.52998E-06   -0.18759E-07    0.72609E-07    0.94481E-05    0.15710E-05    0.20525E-03   -0.22711E-04   -0.45878E-03   -0.24697E-04   -0.53470E-04   -0.40750E-03    0.10758E-06   -0.23586E-06    0.60204E-07    0.38511E-05   -0.48074E-06   -0.18646E-05   -0.22168E-05   -0.17983E-05   -0.23852E-05   -0.29534E-05   -0.31288E-05   -0.20000E-05
    0.63993E-07   -0.96771E-06    0.46488E-06    0.88518E-06    0.70576E-06    0.33921E-05   -0.65040E-06   -0.14555E-02   -0.56395E-03   -0.46496E-03    0.79451E-05    0.30649E-04    0.17229E-04   -0.87434E-06   -0.14291E-06    0.78204E-09    0.43857E-08   -0.99065E-08   -0.29548E-05   -0.48555E-05   -0.25153E-04    0.40821E-06    0.63183E-04    0.90822E-05    0.48485E-05    0.39575E-04   -0.26829E-06   -0.28929E-07    0.11426E-06   -0.53761E-06    0.54654E-06    0.33066E-06    0.33364E-06    0.32237E-06    0.33746E-06    0.50508E-06    0.48694E-06    0.18994E-06
    0.13224E-05   -0.11143E-04    0.88518E-06    0.20398E-03   -0.99816E-05    0.27481E-04    0.38295E-03   -0.35035E-01   -0.17304E-01   -0.15143E-01    0.24764E-03    0.23063E-02    0.83908E-03   -0.36040E-04   -0.93781E-06    0.33466E-04    0.81171E-08   -0.77052E-07   -0.19634E-03   -0.26100E-02   -0.43206E-03    0.39484E-03    0.15765E-02    0.55271E-03    0.53143E-03    0.20149E-02    0.19656E-05   -0.19294E-04   -0.12430E-04   -0.30316E-04   -0.26100E-04    0.74957E-05    0.99937E-05    0.97171E-05    0.94991E-05    0.16986E-04    0.16143E-04    0.11586E-04
   -0.16389E-06   -0.19235E-05    0.70576E-06   -0.99816E-05    0.78883E-05    0.11468E-04   -0.28587E-04   -0.80702E-02   -0.86890E-03   -0.50490E-03    0.69841E-05    0.10508E-03    0.56673E-04    0.86313E-06   -0.14076E-06    0.52049E-06   -0.41497E-08   -0.30338E-07   -0.68192E-05    0.79158E-04   -0.10344E-03   -0.49808E-04   -0.53253E-04   -0.47013E-04   -0.54902E-04   -0.21983E-03   -0.97528E-06    0.33568E-05    0.16456E-05    0.23558E-05    0.40977E-06    0.37276E-06    0.17890E-07    0.23852E-06    0.17240E-06    0.16551E-06   -0.36760E-06   -0.72906E-06
    0.86083E-06   -0.19497E-04    0.33921E-05    0.27481E-04    0.11468E-04    0.71725E-04   -0.17787E-05   -0.59475E-01   -0.22253E-01   -0.16613E-01    0.17656E-03    0.22243E-02    0.92820E-03   -0.40410E-04   -0.47434E-05    0.41411E-04   -0.16888E-07    0.23237E-06   -0.16058E-03   -0.13583E-02   -0.49433E-03    0.81928E-04    0.11040E-02    0.15511E-03    0.20984E-03    0.48718E-03   -0.27545E-05   -0.46338E-06    0.42124E-06   -0.11539E-04    0.87016E-05    0.10359E-04    0.96934E-05    0.10441E-04    0.10196E-04    0.16240E-04    0.14908E-04    0.76937E-05
    0.19809E-05   -0.20457E-05   -0.65040E-06    0.38295E-03   -0.28587E-04   -0.17787E-05    0.77754E-03   -0.43318E-01   -0.29245E-01   -0.24179E-01    0.40556E-03    0.49094E-02    0.17411E-02   -0.64121E-04   -0.51253E-05    0.89339E-04    0.10559E-07    0.65836E-06   -0.42971E-03   -0.57534E-02    0.23737E-03    0.76278E-03    0.17152E-02    0.11426E-02    0.95731E-03    0.26825E-02   -0.10134E-05   -0.48843E-04   -0.25513E-04   -0.52127E-04   -0.50208E-04    0.12247E-04    0.15307E-04    0.16713E-04    0.13824E-04    0.29263E-04    0.26503E-04    0.18939E-04
   -0.49527E-03    0.10618E-01   -0.14555E-02   -0.35035E-01   -0.80702E-02   -0.59475E-01   -0.43318E-01    0.28138E+04    0.86666E+02    0.12957E+02   -0.43250E+00    0.41820E+01   -0.11780E+02   -0.61048E-01   -0.72984E-01    0.12260E+00    0.94750E-03   -0.42122E-02    0.94956E+00    0.85175E+01    0.19231E+02    0.32393E+00   -0.57356E+01    0.61099E+01   -0.72510E+00   -0.83917E+00   -0.10756E+00   -0.41671E+00   -0.70062E-01   -0.59827E-02    0.56844E-02   -0.22544E-01    0.92501E-02   -0.22339E-01    0.76739E-02   -0.66484E-01   -0.28333E-01    0.18948E-01
   -0.74217E-03    0.34271E-02   -0.56395E-03   -0.17304E-01   -0.86890E-03   -0.22253E-01   -0.29245E-01    0.86666E+02    0.65997E+02    0.17558E+02   -0.23234E-02   -0.65678E+00   -0.21797E+01    0.43309E-01    0.98130E-02   -0.38352E-01    0.31478E-04   -0.60547E-03    0.20146E+00    0.71374E+00    0.17538E-01    0.26409E+00   -0.10889E+01    0.10671E+01   -0.17539E+00   -0.60287E+00   -0.62302E-02   -0.66492E-01   -0.28050E-01    0.25109E-01    0.13809E-01   -0.12905E-01   -0.73449E-02   -0.13200E-01   -0.70793E-02   -0.26798E-01   -0.19265E-01   -0.83871E-02
   -0.63471E-03    0.31172E-02   -0.46496E-03   -0.15143E-01   -0.50490E-03   -0.16613E-01   -0.24179E-01    0.12957E+02    0.17558E+02    0.96724E+02   -0.10503E+01   -0.36829E+02    0.73875E+00   -0.36245E+00   -0.22599E-01   -0.42472E+00    0.52827E-05   -0.16601E-04    0.13289E-01    0.37361E+00   -0.16085E-01    0.32560E+00    0.21410E+02   -0.10164E+01    0.77373E+00    0.12280E+02   -0.36377E-01   -0.79249E-01   -0.20702E-02    0.36548E-01    0.60122E-01   -0.72065E-02   -0.27379E-01   -0.67187E-02   -0.31150E-01   -0.83107E-02   -0.10321E-01   -0.58054E-01
    0.73295E-05   -0.30707E-04    0.79451E-05    0.24764E-03    0.69841E-05    0.17656E-03    0.40556E-03   -0.43250E+00   -0.23234E-02   -0.10503E+01    0.68331E+00    0.13006E+01    0.55343E+00    0.10408E-02   -0.23002E-02    0.18339E-02    0.16443E-05    0.13643E-04   -0.73534E-03   -0.94830E+00    0.39408E-02    0.89734E-02   -0.31678E+00   -0.15795E+00   -0.75948E-01   -0.25438E+00    0.47950E-01    0.45924E-01   -0.53259E-02   -0.11901E-02   -0.24149E-02    0.16349E-03    0.28975E-03    0.14512E-03    0.21006E-03   -0.40093E-03    0.58367E-03    0.16079E-02
    0.63388E-04   -0.17410E-03    0.30649E-04    0.23063E-02    0.10508E-03    0.22243E-02    0.49094E-02    0.41820E+01   -0.65678E+00   -0.36829E+02    0.13006E+01    0.25384E+02    0.18909E+01    0.21062E+00    0.19824E-01    0.33428E+00    0.16892E-04    0.35310E-04   -0.37373E+00   -0.43063E+01    0.20646E+00   -0.58304E+00   -0.16317E+02    0.66266E-01   -0.10127E+01   -0.11903E+02    0.56454E-01    0.76656E-01   -0.91824E-02   -0.10877E-01   -0.21356E-01   -0.46546E-04    0.59321E-02   -0.87388E-03    0.82911E-02    0.48652E-03   -0.18604E-02    0.20495E-01
    0.21790E-04   -0.69978E-04    0.17229E-04    0.83908E-03    0.56673E-04    0.92820E-03    0.17411E-02   -0.11780E+02   -0.21797E+01    0.73875E+00    0.55343E+00    0.18909E+01    0.19695E+01    0.15945E-01    0.17324E-01    0.17580E-01    0.42636E-05   -0.61795E-04   -0.20063E+00   -0.24156E+01    0.48364E-01   -0.14322E+00   -0.90423E+00   -0.73712E+00   -0.15673E+00   -0.14548E+01    0.40616E-01    0.65636E-01   -0.25417E-02   -0.19945E-02    0.47436E-03    0.66010E-03   -0.29591E-02    0.49807E-03   -0.29238E-02    0.40159E-02    0.48493E-03   -0.26746E-02
   -0.16171E-05    0.59150E-05   -0.87434E-06   -0.36040E-04    0.86313E-06   -0.40410E-04   -0.64121E-04   -0.61048E-01    0.43309E-01   -0.36245E+00    0.10408E-02    0.21062E+00    0.15945E-01    0.49947E-02   -0.93637E-04    0.20368E-02    0.19060E-06    0.60269E-06   -0.99256E-03   -0.14896E-01   -0.30487E-03   -0.65071E-03   -0.14957E+00   -0.76922E-02   -0.26269E-02   -0.10475E+00    0.26294E-03    0.15371E-02    0.41329E-03   -0.74676E-04   -0.86159E-04   -0.29349E-04   -0.10400E-04   -0.38509E-04    0.27450E-04    0.19334E-04   -0.55402E-04    0.17953E-03
   -0.23046E-06   -0.18111E-06   -0.14291E-06   -0.93781E-06   -0.14076E-06   -0.47434E-05   -0.51253E-05   -0.72984E-01    0.98130E-02   -0.22599E-01   -0.23002E-02    0.19824E-01    0.17324E-01   -0.93637E-04    0.22647E-02   -0.12498E-03    0.10131E-06    0.12669E-05   -0.26126E-03   -0.10403E-01    0.44357E-03    0.54485E-02    0.69136E-03   -0.10630E-01    0.33059E-02    0.16138E-02    0.13839E-03    0.13478E-02   -0.41592E-03   -0.58486E-04   -0.95112E-04    0.49290E-05    0.23892E-04    0.29902E-05    0.22241E-04    0.51186E-04    0.20076E-05    0.58957E-04
    0.10180E-05    0.52998E-06    0.78204E-09    0.33466E-04    0.52049E-06    0.41411E-04    0.89339E-04    0.12260E+00   -0.38352E-01   -0.42472E+00    0.18339E-02    0.33428E+00    0.17580E-01    0.20368E-02   -0.12498E-03    0.66651E-02    0.20359E-06   -0.46665E-05   -0.46804E-02   -0.32076E-01    0.66142E-02   -0.11012E-01   -0.26892E+00    0.36097E-03   -0.14111E-01   -0.21431E+00   -0.16661E-03    0.59085E-03    0.32109E-03   -0.19057E-03   -0.85930E-04    0.12620E-04    0.75043E-05    0.31373E-05    0.46361E-04    0.80668E-04   -0.19308E-04    0.14937E-03
    0.21491E-08   -0.18759E-07    0.43857E-08    0.81171E-08   -0.41497E-08   -0.16888E-07    0.10559E-07    0.94750E-03    0.31478E-04    0.52827E-05    0.16443E-05    0.16892E-04    0.42636E-05    0.19060E-06    0.10131E-06    0.20359E-06    0.15854E-06    0.60467E-09   -0.72954E-06   -0.30624E-05   -0.17726E-04   -0.12595E-05   -0.11473E-04   -0.49388E-05   -0.12487E-05    0.58088E-05    0.25004E-06    0.30898E-06    0.48322E-08    0.35720E-06   -0.51098E-06    0.23643E-08    0.58018E-08   -0.48675E-08    0.12263E-07    0.13514E-08    0.14054E-07    0.65238E-07
   -0.18665E-08    0.72609E-07   -0.99065E-08   -0.77052E-07   -0.30338E-07    0.23237E-06    0.65836E-06   -0.42122E-02   -0.60547E-03   -0.16601E-04    0.13643E-04    0.35310E-04   -0.61795E-04    0.60269E-06    0.12669E-05   -0.46665E-05    0.60467E-09    0.17828E-05    0.59248E-05    0.41966E-04    0.10403E-03    0.26740E-04    0.25286E-03    0.54579E-04    0.24202E-04    0.26370E-03    0.52903E-06   -0.18093E-05   -0.13015E-05   -0.12415E-05   -0.11427E-05    0.50519E-06    0.10403E-05    0.49779E-06    0.94107E-06    0.11967E-06    0.62048E-06    0.87578E-06
   -0.43417E-05    0.94481E-05   -0.29548E-05   -0.19634E-03   -0.68192E-05   -0.16058E-03   -0.42971E-03    0.94956E+00    0.20146E+00    0.13289E-01   -0.73534E-03   -0.37373E+00   -0.20063E+00   -0.99256E-03   -0.26126E-03   -0.46804E-02   -0.72954E-06    0.59248E-05    0.65082E-01    0.38256E+00   -0.69734E-02    0.62454E-01    0.16873E+00    0.14474E-01    0.57430E-01    0.23549E+00    0.39356E-02    0.81321E-02    0.12494E-02    0.16100E-04    0.17215E-03   -0.55422E-05    0.27230E-03    0.21697E-04    0.26933E-03   -0.26435E-03    0.20229E-03    0.59544E-03
   -0.56552E-04    0.15710E-05   -0.48555E-05   -0.26100E-02    0.79158E-04   -0.13583E-02   -0.57534E-02    0.85175E+01    0.71374E+00    0.37361E+00   -0.94830E+00   -0.43063E+01   -0.24156E+01   -0.14896E-01   -0.10403E-01   -0.32076E-01   -0.30624E-05    0.41966E-04    0.38256E+00    0.46855E+01   -0.54633E-01    0.16667E+00    0.15781E+01    0.27966E+00    0.32281E+00    0.21999E+01   -0.45960E-01   -0.26681E-01    0.19690E-01   -0.40210E-02   -0.49599E-02    0.21190E-03    0.30730E-02    0.60674E-03    0.31253E-02   -0.82252E-03    0.13572E-02    0.36124E-02
   -0.10996E-04    0.20525E-03   -0.25153E-04   -0.43206E-03   -0.10344E-03   -0.49433E-03    0.23737E-03    0.19231E+02    0.17538E-01   -0.16085E-01    0.39408E-02    0.20646E+00    0.48364E-01   -0.30487E-03    0.44357E-03    0.66142E-02   -0.17726E-04    0.10403E-03   -0.69734E-02   -0.54633E-01    0.30777E+00   -0.65883E-02   -0.18752E+00   -0.75394E-02   -0.10604E-01   -0.18730E+00    0.11280E-03    0.12194E-02    0.20132E-03   -0.50633E-03    0.67780E-03    0.20399E-03   -0.37403E-04    0.20820E-03   -0.18761E-04    0.21436E-03    0.13363E-03    0.31820E-04
    0.11596E-04   -0.22711E-04    0.40821E-06    0.39484E-03   -0.49808E-04    0.81928E-04    0.76278E-03    0.32393E+00    0.26409E+00    0.32560E+00    0.89734E-02   -0.58304E+00   -0.14322E+00   -0.65071E-03    0.54485E-02   -0.11012E-01   -0.12595E-05    0.26740E-04    0.62454E-01    0.16667E+00   -0.65883E-02    0.34532E+00    0.35105E+00    0.51854E-01    0.15993E+00    0.64916E+00    0.82846E-02    0.11566E-01   -0.44900E-02   -0.27012E-02   -0.15279E-02    0.61377E-03   -0.19284E-05    0.70809E-03    0.49234E-04   -0.46918E-03    0.82958E-04    0.12871E-02
    0.71661E-04   -0.45878E-03    0.63183E-04    0.15765E-02   -0.53253E-04    0.11040E-02    0.17152E-02   -0.57356E+01   -0.10889E+01    0.21410E+02   -0.31678E+00   -0.16317E+02   -0.90423E+00   -0.14957E+00    0.69136E-03   -0.26892E+00   -0.11473E-04    0.25286E-03    0.16873E+00    0.15781E+01   -0.18752E+00    0.35105E+00    0.20588E+02    0.12058E+00    0.62582E+00    0.97948E+01   -0.13326E-01   -0.60600E-01   -0.15203E-01    0.10262E-01    0.21149E-01    0.13082E-02    0.21606E-01    0.18922E-02    0.13754E-01   -0.93054E-03    0.28226E-02   -0.89403E-02
    0.20178E-04   -0.24697E-04    0.90822E-05    0.55271E-03   -0.47013E-04    0.15511E-03    0.11426E-02    0.61099E+01    0.10671E+01   -0.10164E+01   -0.15795E+00    0.66266E-01   -0.73712E+00   -0.76922E-02   -0.10630E-01    0.36097E-03   -0.49388E-05    0.54579E-04    0.14474E-01    0.27966E+00   -0.75394E-02    0.51854E-01    0.12058E+00    0.21382E+01    0.14917E-01    0.34538E+00   -0.83088E-01   -0.99375E-01   -0.46445E-02    0.30744E-02    0.28980E-02   -0.36503E-03    0.14516E-02   -0.42938E-03    0.14056E-02    0.20670E-03   -0.19150E-04    0.13557E-02
    0.20557E-04   -0.53470E-04    0.48485E-05    0.53143E-03   -0.54902E-04    0.20984E-03    0.95731E-03   -0.72510E+00   -0.17539E+00    0.77373E+00   -0.75948E-01   -0.10127E+01   -0.15673E+00   -0.26269E-02    0.33059E-02   -0.14111E-01   -0.12487E-05    0.24202E-04    0.57430E-01    0.32281E+00   -0.10604E-01    0.15993E+00    0.62582E+00    0.14917E-01    0.25826E+00    0.57602E+00    0.22502E-02    0.10043E-01    0.36948E-03    0.10222E-02    0.22691E-02    0.12480E-03   -0.78113E-04    0.13626E-03   -0.82681E-04    0.36422E-03    0.21479E-03   -0.69962E-04
    0.79605E-04   -0.40750E-03    0.39575E-04    0.20149E-02   -0.21983E-03    0.48718E-03    0.26825E-02   -0.83917E+00   -0.60287E+00    0.12280E+02   -0.25438E+00   -0.11903E+02   -0.14548E+01   -0.10475E+00    0.16138E-02   -0.21431E+00    0.58088E-05    0.26370E-03    0.23549E+00    0.21999E+01   -0.18730E+00    0.64916E+00    0.97948E+01    0.34538E+00    0.57602E+00    0.20105E+02   -0.13660E-01   -0.87153E-01   -0.27231E-01   -0.42081E-02   -0.57215E-02    0.15718E-02    0.31020E-02    0.17669E-02    0.15554E-02   -0.10080E-02    0.46414E-02    0.28766E-01
    0.69531E-07    0.10758E-06   -0.26829E-06    0.19656E-05   -0.97528E-06   -0.27545E-05   -0.10134E-05   -0.10756E+00   -0.62302E-02   -0.36377E-01    0.47950E-01    0.56454E-01    0.40616E-01    0.26294E-03    0.13839E-03   -0.16661E-03    0.25004E-06    0.52903E-06    0.39356E-02   -0.45960E-01    0.11280E-03    0.82846E-02   -0.13326E-01   -0.83088E-01    0.22502E-02   -0.13660E-01    0.79321E-02    0.74360E-02   -0.22818E-03   -0.16868E-03   -0.71470E-04    0.17973E-04   -0.14736E-04    0.17205E-04   -0.14995E-04   -0.53397E-04    0.36710E-04    0.87247E-04
   -0.46933E-06   -0.23586E-06   -0.28929E-07   -0.19294E-04    0.33568E-05   -0.46338E-06   -0.48843E-04   -0.41671E+00   -0.66492E-01   -0.79249E-01    0.45924E-01    0.76656E-01    0.65636E-01    0.15371E-02    0.13478E-02    0.59085E-03    0.30898E-06   -0.18093E-05    0.81321E-02   -0.26681E-01    0.12194E-02    0.11566E-01   -0.60600E-01   -0.99375E-01    0.10043E-01   -0.87153E-01    0.74360E-02    0.13733E-01    0.47622E-03   -0.22402E-03    0.79848E-04    0.35713E-04   -0.79144E-04    0.36268E-04   -0.64443E-04    0.98448E-04    0.89502E-04   -0.77491E-04
   -0.21606E-06    0.60204E-07    0.11426E-06   -0.12430E-04    0.16456E-05    0.42124E-06   -0.25513E-04   -0.70062E-01   -0.28050E-01   -0.20702E-02   -0.53259E-02   -0.91824E-02   -0.25417E-02    0.41329E-03   -0.41592E-03    0.32109E-03    0.48322E-08   -0.13015E-05    0.12494E-02    0.19690E-01    0.20132E-03   -0.44900E-02   -0.15203E-01   -0.46445E-02    0.36948E-03   -0.27231E-01   -0.22818E-03    0.47622E-03    0.55339E-03    0.36175E-04    0.10001E-03    0.25967E-05   -0.25083E-04    0.64240E-05   -0.19270E-04    0.50623E-04    0.16826E-04   -0.76053E-04
   -0.67234E-06    0.38511E-05   -0.53761E-06   -0.30316E-04    0.23558E-05   -0.11539E-04   -0.52127E-04   -0.59827E-02    0.25109E-01    0.36548E-01   -0.11901E-02   -0.10877E-01   -0.19945E-02   -0.74676E-04   -0.58486E-04   -0.19057E-03    0.35720E-06   -0.12415E-05    0.16100E-04   -0.40210E-02   -0.50633E-03   -0.27012E-02    0.10262E-01    0.30744E-02    0.10222E-02   -0.42081E-02   -0.16868E-03   -0.22402E-03    0.36175E-04    0.35924E-01   -0.28150E-04    0.13073E-03    0.83563E-04   -0.39289E-04   -0.20985E-04   -0.34552E-04   -0.14676E-04   -0.52942E-04
   -0.56316E-06   -0.48074E-06    0.54654E-06   -0.26100E-04    0.40977E-06    0.87016E-05   -0.50208E-04    0.56844E-02    0.13809E-01    0.60122E-01   -0.24149E-02   -0.21356E-01    0.47436E-03   -0.86159E-04   -0.95112E-04   -0.85930E-04   -0.51098E-06   -0.11427E-05    0.17215E-03   -0.49599E-02    0.67780E-03   -0.15279E-02    0.21149E-01    0.28980E-02    0.22691E-02   -0.57215E-02   -0.71470E-04    0.79848E-04    0.10001E-03   -0.28150E-04    0.39030E-01   -0.30002E-04   -0.32163E-05    0.16706E-03    0.91648E-04    0.84101E-05   -0.22336E-04   -0.85875E-04
    0.39297E-06   -0.18646E-05    0.33066E-06    0.74957E-05    0.37276E-06    0.10359E-04    0.12247E-04   -0.22544E-01   -0.12905E-01   -0.72065E-02    0.16349E-03   -0.46546E-04    0.66010E-03   -0.29349E-04    0.49290E-05    0.12620E-04    0.23643E-08    0.50519E-06   -0.55422E-05    0.21190E-03    0.20399E-03    0.61377E-03    0.13082E-02   -0.36503E-03    0.12480E-03    0.15718E-02    0.17973E-04    0.35713E-04    0.25967E-05    0.13073E-03   -0.30002E-04    0.52892E-04    0.71388E-05    0.10823E-04    0.69345E-05    0.13294E-04    0.96028E-05    0.85344E-05
    0.45144E-06   -0.22168E-05    0.33364E-06    0.99937E-05    0.17890E-07    0.96934E-05    0.15307E-04    0.92501E-02   -0.73449E-02   -0.27379E-01    0.28975E-03    0.59321E-02   -0.29591E-02   -0.10400E-04    0.23892E-04    0.75043E-05    0.58018E-08    0.10403E-05    0.27230E-03    0.30730E-02   -0.37403E-04   -0.19284E-05    0.21606E-01    0.14516E-02   -0.78113E-04    0.31020E-02   -0.14736E-04   -0.79144E-04   -0.25083E-04    0.83563E-04   -0.32163E-05    0.71388E-05    0.17787E-03    0.86391E-05    0.65793E-04   -0.68090E-06    0.88218E-05    0.28921E-04
    0.39622E-06   -0.17983E-05    0.32237E-06    0.97171E-05    0.23852E-06    0.10441E-04    0.16713E-04   -0.22339E-01   -0.13200E-01   -0.67187E-02    0.14512E-03   -0.87388E-03    0.49807E-03   -0.38509E-04    0.29902E-05    0.31373E-05   -0.48675E-08    0.49779E-06    0.21697E-04    0.60674E-03    0.20820E-03    0.70809E-03    0.18922E-02   -0.42938E-03    0.13626E-03    0.17669E-02    0.17205E-04    0.36268E-04    0.64240E-05   -0.39289E-04    0.16706E-03    0.10823E-04    0.86391E-05    0.51864E-04    0.85313E-05    0.11950E-04    0.10815E-04    0.79994E-05
    0.43287E-06   -0.23852E-05    0.33746E-06    0.94991E-05    0.17240E-06    0.10196E-04    0.13824E-04    0.76739E-02   -0.70793E-02   -0.31150E-01    0.21006E-03    0.82911E-02   -0.29238E-02    0.27450E-04    0.22241E-04    0.46361E-04    0.12263E-07    0.94107E-06    0.26933E-03    0.31253E-02   -0.18761E-04    0.49234E-04    0.13754E-01    0.14056E-02   -0.82681E-04    0.15554E-02   -0.14995E-04   -0.64443E-04   -0.19270E-04   -0.20985E-04    0.91648E-04    0.69345E-05    0.65793E-04    0.85313E-05    0.10608E-03    0.46698E-06    0.87426E-05    0.29795E-04
    0.76350E-06   -0.29534E-05    0.50508E-06    0.16986E-04    0.16551E-06    0.16240E-04    0.29263E-04   -0.66484E-01   -0.26798E-01   -0.83107E-02   -0.40093E-03    0.48652E-03    0.40159E-02    0.19334E-04    0.51186E-04    0.80668E-04    0.13514E-08    0.11967E-06   -0.26435E-03   -0.82252E-03    0.21436E-03   -0.46918E-03   -0.93054E-03    0.20670E-03    0.36422E-03   -0.10080E-02   -0.53397E-04    0.98448E-04    0.50623E-04   -0.34552E-04    0.84101E-05    0.13294E-04   -0.68090E-06    0.11950E-04    0.46698E-06    0.38196E-03    0.30516E-04    0.22219E-05
    0.72507E-06   -0.31288E-05    0.48694E-06    0.16143E-04   -0.36760E-06    0.14908E-04    0.26503E-04   -0.28333E-01   -0.19265E-01   -0.10321E-01    0.58367E-03   -0.18604E-02    0.48493E-03   -0.55402E-04    0.20076E-05   -0.19308E-04    0.14054E-07    0.62048E-06    0.20229E-03    0.13572E-02    0.13363E-03    0.82958E-04    0.28226E-02   -0.19150E-04    0.21479E-03    0.46414E-02    0.36710E-04    0.89502E-04    0.16826E-04   -0.14676E-04   -0.22336E-04    0.96028E-05    0.88218E-05    0.10815E-04    0.87426E-05    0.30516E-04    0.92274E-04    0.26021E-04
    0.49620E-06   -0.20000E-05    0.18994E-06    0.11586E-04   -0.72906E-06    0.76937E-05    0.18939E-04    0.18948E-01   -0.83871E-02   -0.58054E-01    0.16079E-02    0.20495E-01   -0.26746E-02    0.17953E-03    0.58957E-04    0.14937E-03    0.65238E-07    0.87578E-06    0.59544E-03    0.36124E-02    0.31820E-04    0.12871E-02   -0.89403E-02    0.13557E-02   -0.69962E-04    0.28766E-01    0.87247E-04   -0.77491E-04   -0.76053E-04   -0.52942E-04   -0.85875E-04    0.85344E-05    0.28921E-04    0.79994E-05    0.29795E-04    0.22219E-05    0.26021E-04    0.53033E-03
