# omegabh2 omegach2 theta tau meffsterile nnu logA ns acib217 acibsz143 asz143 aps100 aps143 aps143217 aps217 aksz kgal100 t1gal143 t1gal143217 t1gal217 calib_100T calib_217T
    0.6905765E-07    0.3678966E-06   -0.1313773E-07    0.1152639E-05    0.5463067E-05    0.3126944E-04    0.3017370E-05    0.1437199E-05   -0.7662057E-04   -0.4683176E-04    0.1357120E-04   -0.6263696E-03   -0.2936562E-03   -0.1563792E-03   -0.1739280E-03   -0.1593263E-04    0.1291472E-02    0.9278820E-03    0.9412862E-03    0.9364689E-03   -0.6602516E-07    0.7959511E-09
    0.3678966E-06    0.1708443E-04   -0.1499441E-05    0.3797246E-05   -0.1625820E-03    0.8458963E-03    0.4000068E-04    0.2490020E-04    0.7805867E-02    0.3643242E-02    0.4582351E-03    0.5050539E-02    0.1783574E-03   -0.6547664E-02   -0.7451055E-02    0.1233382E-02    0.1200322E-01    0.1062855E-01    0.1165704E-01    0.1237200E-01   -0.6509391E-06   -0.4397266E-06
   -0.1313773E-07   -0.1499441E-05    0.3489347E-06   -0.2039225E-06    0.1228302E-04   -0.8099806E-04   -0.3135625E-05   -0.2221088E-05   -0.8548025E-03   -0.4210968E-03   -0.3371484E-04   -0.8808637E-03   -0.1746321E-03    0.6382937E-03    0.6866203E-03   -0.1096569E-03   -0.5128388E-03   -0.5128660E-03   -0.6473269E-03   -0.7757391E-03    0.3102464E-07    0.5659779E-07
    0.1152639E-05    0.3797246E-05   -0.2039225E-06    0.2178426E-03    0.3091408E-03    0.7266532E-03    0.4422291E-03    0.5251919E-04   -0.8413118E-02   -0.3349530E-02   -0.8221240E-03   -0.7896366E-02    0.3525600E-02    0.9498213E-02    0.1159290E-01   -0.1301158E-02   -0.8430321E-02   -0.9950489E-02   -0.1212799E-01   -0.1303733E-01    0.4929349E-06    0.6527870E-06
    0.5463067E-05   -0.1625820E-03    0.1228302E-04    0.3091408E-03    0.1866860E-01    0.1178286E-02    0.4313896E-03    0.2416032E-04    0.1073705E-01    0.1038423E-01   -0.1955512E-02    0.1233496E+00    0.1918124E-01    0.1878341E-02    0.2469167E-01    0.8953389E-02   -0.7922729E-01   -0.5264802E-01   -0.6490740E-01   -0.7356123E-01    0.2550395E-05    0.6100185E-06
    0.3126944E-04    0.8458963E-03   -0.8099806E-04    0.7266532E-03    0.1178286E-02    0.5366953E-01    0.3094684E-02    0.1840556E-02    0.4807816E+00    0.2314752E+00    0.3042470E-01    0.3665607E+00   -0.4372000E-02   -0.4203371E+00   -0.4515569E+00    0.8661730E-01    0.5673877E+00    0.5302123E+00    0.5864517E+00    0.6229339E+00   -0.3256099E-04   -0.2539545E-04
    0.3017370E-05    0.4000068E-04   -0.3135625E-05    0.4422291E-03    0.4313896E-03    0.3094684E-02    0.9789411E-03    0.1493330E-03   -0.1225891E-02   -0.2559852E-03   -0.1932298E-02    0.2075269E-01    0.2483577E-01    0.2185565E-01    0.2223563E-01   -0.7694164E-03   -0.2173282E-01   -0.5655555E-01   -0.5966583E-01   -0.6064083E-01   -0.3106430E-05    0.3711642E-06
    0.1437199E-05    0.2490020E-04   -0.2221088E-05    0.5251919E-04    0.2416032E-04    0.1840556E-02    0.1493330E-03    0.8916392E-04    0.4479872E-02    0.2372374E-02   -0.4604948E-03    0.1150897E-02    0.5411613E-02   -0.2247649E-03   -0.1860541E-03    0.3747400E-03    0.1543407E-01    0.1196842E-01    0.1227205E-01    0.1339437E-01   -0.6827129E-06   -0.2799697E-06
   -0.7662057E-04    0.7805867E-02   -0.8548025E-03   -0.8413118E-02    0.1073705E-01    0.4807816E+00   -0.1225891E-02    0.4479872E-02    0.7919620E+02    0.3223230E+02    0.1592814E+01    0.2108643E+02   -0.2529779E+02   -0.8101123E+02   -0.9446098E+02   -0.2142072E+01   -0.1106159E+02   -0.2248397E+02   -0.2825012E+02   -0.3228148E+02   -0.1623414E-03   -0.3731366E-02
   -0.4683176E-04    0.3643242E-02   -0.4210968E-03   -0.3349530E-02    0.1038423E-01    0.2314752E+00   -0.2559852E-03    0.2372374E-02    0.3223230E+02    0.2282726E+02    0.2726173E+01   -0.1171936E+02   -0.2609971E+02   -0.5371552E+02   -0.3295714E+02   -0.1111012E+01   -0.7188824E+01   -0.1335963E+02   -0.2144264E+02   -0.2283770E+02   -0.1012168E-03   -0.3297103E-03
    0.1357120E-04    0.4582351E-03   -0.3371484E-04   -0.8221240E-03   -0.1955512E-02    0.3042470E-01   -0.1932298E-02   -0.4604948E-03    0.1592814E+01    0.2726173E+01    0.5310754E+01   -0.3532064E+02   -0.1577209E+02   -0.6038471E+01   -0.1635632E+01   -0.1396138E+00   -0.1614130E+01   -0.1448988E+00    0.3131285E+01    0.3681568E+01   -0.1585041E-03    0.1395810E-03
   -0.6263696E-03    0.5050539E-02   -0.8808637E-03   -0.7896366E-02    0.1233496E+00    0.3665607E+00    0.2075269E-01    0.1150897E-02    0.2108643E+02   -0.1171936E+02   -0.3532064E+02    0.7516520E+03    0.1775815E+03    0.7507529E+02    0.1566339E+02   -0.9511402E+01   -0.8659180E+02   -0.6377968E+02   -0.6569988E+02   -0.6232362E+02   -0.3166056E-02   -0.4107822E-02
   -0.2936562E-03    0.1783574E-03   -0.1746321E-03    0.3525600E-02    0.1918124E-01   -0.4372000E-02    0.2483577E-01    0.5411613E-02   -0.2529779E+02   -0.2609971E+02   -0.1577209E+02    0.1775815E+03    0.1249684E+03    0.1062867E+03    0.6311387E+02   -0.9516153E+01   -0.2659825E+02   -0.4654057E+02   -0.3890807E+02   -0.3583033E+02   -0.1396265E-02   -0.8389560E-03
   -0.1563792E-03   -0.6547664E-02    0.6382937E-03    0.9498213E-02    0.1878341E-02   -0.4203371E+00    0.2185565E-01   -0.2247649E-03   -0.8101123E+02   -0.5371552E+02   -0.6038471E+01    0.7507529E+02    0.1062867E+03    0.1744525E+03    0.1283518E+03   -0.7556031E+01   -0.1790941E+02   -0.2724689E+02   -0.1451743E+02   -0.1464766E+02   -0.1714880E-02    0.2252946E-02
   -0.1739280E-03   -0.7451055E-02    0.6866203E-03    0.1159290E-01    0.2469167E-01   -0.4515569E+00    0.2223563E-01   -0.1860541E-03   -0.9446098E+02   -0.3295714E+02   -0.1635632E+01    0.1566339E+02    0.6311387E+02    0.1283518E+03    0.1628866E+03   -0.7666969E+01   -0.2119076E+02   -0.3290695E+02   -0.3926126E+02   -0.4275956E+02   -0.1747874E-02    0.6629333E-02
   -0.1593263E-04    0.1233382E-02   -0.1096569E-03   -0.1301158E-02    0.8953389E-02    0.8661730E-01   -0.7694164E-03    0.3747400E-03   -0.2142072E+01   -0.1111012E+01   -0.1396138E+00   -0.9511402E+01   -0.9516153E+01   -0.7556031E+01   -0.7666969E+01    0.7715663E+01   -0.2636850E+01   -0.3207487E+01   -0.3481628E+01   -0.3734773E+01   -0.3682430E-04    0.1251534E-03
    0.1291472E-02    0.1200322E-01   -0.5128388E-03   -0.8430321E-02   -0.7922729E-01    0.5673877E+00   -0.2173282E-01    0.1543407E-01   -0.1106159E+02   -0.7188824E+01   -0.1614130E+01   -0.8659180E+02   -0.2659825E+02   -0.1790941E+02   -0.2119076E+02   -0.2636850E+01    0.2547290E+03    0.1772297E+03    0.1767462E+03    0.1756730E+03   -0.1333184E-01    0.1566213E-03
    0.9278820E-03    0.1062855E-01   -0.5128660E-03   -0.9950489E-02   -0.5264802E-01    0.5302123E+00   -0.5655555E-01    0.1196842E-01   -0.2248397E+02   -0.1335963E+02   -0.1448988E+00   -0.6377968E+02   -0.4654057E+02   -0.2724689E+02   -0.3290695E+02   -0.3207487E+01    0.1772297E+03    0.3101747E+03    0.3166918E+03    0.3175689E+03    0.9386453E-02    0.3990074E-03
    0.9412862E-03    0.1165704E-01   -0.6473269E-03   -0.1212799E-01   -0.6490740E-01    0.5864517E+00   -0.5966583E-01    0.1227205E-01   -0.2825012E+02   -0.2144264E+02    0.3131285E+01   -0.6569988E+02   -0.3890807E+02   -0.1451743E+02   -0.3926126E+02   -0.3481628E+01    0.1767462E+03    0.3166918E+03    0.3632972E+03    0.3906923E+03    0.9198828E-02   -0.5161574E-02
    0.9364689E-03    0.1237200E-01   -0.7757391E-03   -0.1303733E-01   -0.7356123E-01    0.6229339E+00   -0.6064083E-01    0.1339437E-01   -0.3228148E+02   -0.2283770E+02    0.3681568E+01   -0.6232362E+02   -0.3583033E+02   -0.1464766E+02   -0.4275956E+02   -0.3734773E+01    0.1756730E+03    0.3175689E+03    0.3906923E+03    0.4445308E+03    0.9154038E-02   -0.1014676E-01
   -0.6602516E-07   -0.6509391E-06    0.3102464E-07    0.4929349E-06    0.2550395E-05   -0.3256099E-04   -0.3106430E-05   -0.6827129E-06   -0.1623414E-03   -0.1012168E-03   -0.1585041E-03   -0.3166056E-02   -0.1396265E-02   -0.1714880E-02   -0.1747874E-02   -0.3682430E-04   -0.1333184E-01    0.9386453E-02    0.9198828E-02    0.9154038E-02    0.3102083E-05    0.2830031E-07
    0.7959511E-09   -0.4397266E-06    0.5659779E-07    0.6527870E-06    0.6100185E-06   -0.2539545E-04    0.3711642E-06   -0.2799697E-06   -0.3731366E-02   -0.3297103E-03    0.1395810E-03   -0.4107822E-02   -0.8389560E-03    0.2252946E-02    0.6629333E-02    0.1251534E-03    0.1566213E-03    0.3990074E-03   -0.5161574E-02   -0.1014676E-01    0.2830031E-07    0.1480426E-05
