# omegabh2 omegach2 theta tau w wa logA ns acib217 acibsz143 asz143 aps100 aps143 aps143217 aps217 aksz kgal100 t1gal143 t1gal143217 t1gal217 galfEE100 galfEE100143 galfEE100217 galfEE143 galfEE143217 galfEE217 galfTE100 galfTE100143 galfTE100217 galfTE143 galfTE143217 galfTE217 calib_100T calib_217T
    0.2362269E-07   -0.1180904E-06    0.1660877E-07    0.5874465E-06    0.1798113E-05    0.5337333E-05    0.1023390E-05    0.3234729E-06   -0.1327582E-03   -0.7493624E-04   -0.9990433E-05   -0.1331922E-03   -0.1709719E-04    0.1211048E-03    0.1095708E-03   -0.4562355E-04    0.1219383E-03   -0.1590154E-03   -0.1765754E-03   -0.1902370E-03    0.1410832E-06    0.1530139E-06    0.2085874E-06    0.1704785E-06    0.2098906E-06    0.2279418E-06   -0.1589360E-05   -0.2215791E-05   -0.2867969E-05   -0.3481053E-05   -0.4955707E-05   -0.8207140E-05   -0.2925290E-07    0.4761304E-08
   -0.1180904E-06    0.1776409E-05   -0.1458681E-06   -0.6324145E-05   -0.2182970E-04   -0.9715166E-04   -0.8234458E-05   -0.4504904E-05    0.4063182E-03    0.1669111E-03   -0.5043313E-04    0.1598725E-02    0.9845576E-03    0.3718680E-03    0.2138916E-03    0.1265727E-03    0.1683601E-04   -0.2745370E-03   -0.1535442E-03   -0.1025418E-03   -0.1863330E-05   -0.1969082E-05   -0.2269142E-05   -0.1913971E-05   -0.1957780E-05   -0.1835139E-05    0.9555197E-05    0.1157798E-04    0.1395886E-04    0.2425078E-04    0.3098944E-04    0.4714188E-04   -0.7103168E-07   -0.2785880E-07
    0.1660877E-07   -0.1458681E-06    0.9479991E-07    0.5919440E-06   -0.6578141E-07    0.1832995E-04    0.8756621E-06    0.4938020E-06    0.4610537E-05    0.7202209E-05    0.4581428E-05   -0.1587752E-03   -0.1180401E-03   -0.9271929E-04   -0.6676392E-04   -0.9161198E-05    0.8784620E-04    0.9346176E-04    0.4417669E-04    0.8472284E-05    0.2005666E-06    0.1542569E-06    0.2587584E-06    0.1555549E-06    0.2356503E-06    0.3420785E-06   -0.8184405E-06   -0.1033654E-05   -0.1417118E-05   -0.2428187E-05   -0.3704568E-05   -0.6849977E-05    0.1365497E-08    0.5710106E-08
    0.5874465E-06   -0.6324145E-05    0.5919440E-06    0.1658858E-03   -0.2563230E-03    0.1161508E-02    0.3185462E-03    0.2477842E-04   -0.1089826E-01   -0.5195549E-02   -0.1199849E-02   -0.6189241E-02    0.5416600E-02    0.1371303E-01    0.1461533E-01   -0.2868353E-02   -0.1109855E-01   -0.1241251E-01   -0.1560792E-01   -0.1782481E-01    0.6949110E-05    0.8324421E-05    0.1111002E-04    0.8245027E-05    0.9746499E-05    0.1188731E-04   -0.8446732E-04   -0.7335416E-04   -0.8077967E-04   -0.1058088E-03   -0.1219648E-03   -0.1861671E-03    0.5368528E-06    0.8385455E-06
    0.1798113E-05   -0.2182970E-04   -0.6578141E-07   -0.2563230E-03    0.1007270E+00   -0.2402128E+00   -0.5523863E-03    0.8826100E-04   -0.5607946E-01   -0.7129711E-02   -0.4751113E-02   -0.6529032E-01   -0.1275538E-01    0.2382435E-01    0.8970010E-01   -0.1491481E-01   -0.1649738E-01   -0.3727342E-01   -0.8924216E-01   -0.1181693E+00    0.4734794E-04    0.5432647E-04    0.9993833E-04    0.9250149E-05    0.4107336E-04   -0.7734497E-05    0.2848625E-03   -0.3038440E-03   -0.1557388E-03   -0.6013325E-03   -0.5102802E-03   -0.8963325E-03    0.1100346E-05    0.1021809E-04
    0.5337333E-05   -0.9715166E-04    0.1832995E-04    0.1161508E-02   -0.2402128E+00    0.6081555E+00    0.2035467E-02    0.1947913E-03    0.1060764E+00    0.8909962E-02    0.1988664E-01   -0.2535982E-01   -0.6182254E-01   -0.1050042E+00   -0.2413780E+00    0.1942337E-01    0.6920355E-01    0.1428839E+00    0.2727397E+00    0.3475736E+00    0.5947155E-04    0.3189035E-04   -0.3887003E-04    0.1280007E-03    0.1076895E-03    0.2445930E-03   -0.1483276E-02   -0.4418580E-03   -0.8779962E-03   -0.1209888E-02   -0.2133953E-02   -0.1569802E-02    0.2486132E-05   -0.2433603E-04
    0.1023390E-05   -0.8234458E-05    0.8756621E-06    0.3185462E-03   -0.5523863E-03    0.2035467E-02    0.6283962E-03    0.3745398E-04   -0.2325481E-01   -0.1180904E-01   -0.3442284E-02    0.3313908E-02    0.2115765E-01    0.3703647E-01    0.3701939E-01   -0.6518167E-02   -0.2806044E-01   -0.4005196E-01   -0.4583600E-01   -0.4990810E-01    0.7767171E-05    0.9964420E-05    0.1441330E-04    0.9992709E-05    0.1221679E-04    0.1507099E-04   -0.1511707E-03   -0.1154950E-03   -0.1300404E-03   -0.1411438E-03   -0.1621204E-03   -0.2663714E-03   -0.9275927E-07    0.1535814E-05
    0.3234729E-06   -0.4504904E-05    0.4938020E-06    0.2477842E-04    0.8826100E-04    0.1947913E-03    0.3745398E-04    0.2408066E-04   -0.8899305E-02   -0.4274494E-02   -0.1403578E-02   -0.7090639E-02    0.5235659E-02    0.1149331E-01    0.1195089E-01   -0.3094493E-02   -0.1780479E-02   -0.3721065E-02   -0.5733670E-02   -0.5925017E-02    0.9225776E-05    0.9642104E-05    0.1092674E-04    0.9343582E-05    0.1029293E-04    0.1043627E-04   -0.2292941E-04   -0.2821115E-04   -0.3540271E-04   -0.5456574E-04   -0.7304614E-04   -0.1211791E-03    0.3091957E-06    0.4212953E-06
   -0.1327582E-03    0.4063182E-03    0.4610537E-05   -0.1089826E-01   -0.5607946E-01    0.1060764E+00   -0.2325481E-01   -0.8899305E-02    0.6171348E+02    0.2260489E+02    0.8123331E+00    0.9627466E+01   -0.2252850E+02   -0.6363581E+02   -0.8002661E+02   -0.2552327E+01   -0.2344460E+01   -0.7228224E+01   -0.1188268E+02   -0.1687898E+02   -0.2121187E-02   -0.2373173E-02   -0.1531547E-02   -0.2031660E-02   -0.2184316E-02   -0.2085419E-02    0.2082640E-02    0.6570603E-02    0.1064432E-01    0.4098300E-02   -0.4861415E-02   -0.3534131E-01    0.3677281E-03   -0.2912119E-02
   -0.7493624E-04    0.1669111E-03    0.7202209E-05   -0.5195549E-02   -0.7129711E-02    0.8909962E-02   -0.1180904E-01   -0.4274494E-02    0.2260489E+02    0.1674831E+02    0.2558150E+01   -0.1694870E+02   -0.2430906E+02   -0.4227631E+02   -0.2536077E+02   -0.1224255E+01   -0.2327495E+01   -0.4401076E+01   -0.1068193E+02   -0.1231773E+02   -0.9992847E-03   -0.9302950E-03   -0.9363087E-03   -0.8128440E-03   -0.8529598E-03   -0.5086307E-03    0.9844229E-03    0.2339621E-02    0.9549078E-02   -0.2678793E-02    0.4024861E-02    0.1529734E-01    0.7804057E-04   -0.4556211E-04
   -0.9990433E-05   -0.5043313E-04    0.4581428E-05   -0.1199849E-02   -0.4751113E-02    0.1988664E-01   -0.3442284E-02   -0.1403578E-02    0.8123331E+00    0.2558150E+01    0.6603448E+01   -0.4447293E+02   -0.1927442E+02   -0.5529184E+01   -0.7393068E+00   -0.1718942E+00   -0.3360125E+01   -0.1756543E+01    0.2530484E+01    0.3156201E+01   -0.3630176E-03   -0.2846922E-03   -0.4413444E-03   -0.4317342E-03   -0.2683233E-03    0.2736973E-03    0.6187646E-03   -0.1988417E-02   -0.6892366E-02   -0.5729500E-02   -0.1146600E-01   -0.1209200E-01   -0.2021588E-03    0.2100576E-03
   -0.1331922E-03    0.1598725E-02   -0.1587752E-03   -0.6189241E-02   -0.6529032E-01   -0.2535982E-01    0.3313908E-02   -0.7090639E-02    0.9627466E+01   -0.1694870E+02   -0.4447293E+02    0.7648033E+03    0.1859126E+03    0.7133915E+02    0.1518842E+02   -0.1271488E+02   -0.3218875E+02    0.2622070E+01   -0.9756892E+01   -0.8911622E+01   -0.7045215E-02   -0.6665886E-02   -0.5788080E-02   -0.7156995E-02   -0.9129118E-02   -0.1771909E-01    0.5808442E-01    0.6483381E-01    0.6749050E-01    0.1177669E+00    0.1368883E+00    0.1419139E+00   -0.1309471E-02   -0.3304488E-02
   -0.1709719E-04    0.9845576E-03   -0.1180401E-03    0.5416600E-02   -0.1275538E-01   -0.6182254E-01    0.2115765E-01    0.5235659E-02   -0.2252850E+02   -0.2430906E+02   -0.1927442E+02    0.1859126E+03    0.1251823E+03    0.9436508E+02    0.5294326E+02   -0.1149324E+02    0.2337109E+01   -0.5688807E+01   -0.2196714E+01    0.9039348E+00   -0.1122759E-02   -0.1012218E-02   -0.1195947E-02   -0.2793842E-03   -0.7567762E-03   -0.4466794E-02    0.2154437E-01    0.4089933E-01    0.3829261E-01    0.6847895E-01    0.6727356E-01    0.5503092E-01   -0.7029914E-04   -0.9464526E-03
    0.1211048E-03    0.3718680E-03   -0.9271929E-04    0.1371303E-01    0.2382435E-01   -0.1050042E+00    0.3703647E-01    0.1149331E-01   -0.6363581E+02   -0.4227631E+02   -0.5529184E+01    0.7133915E+02    0.9436508E+02    0.1449473E+03    0.1070732E+03   -0.9033562E+01   -0.1534718E+01   -0.3576451E+01    0.6046407E+01    0.7085030E+01    0.1217551E-02    0.9556615E-03    0.6264831E-03    0.1228054E-02    0.1387960E-02   -0.1023828E-02    0.9817961E-02    0.2145928E-01    0.3369560E-02    0.5452256E-01    0.4084986E-01    0.1740008E-01   -0.8327895E-03    0.1663373E-02
    0.1095708E-03    0.2138916E-03   -0.6676392E-04    0.1461533E-01    0.8970010E-01   -0.2413780E+00    0.3701939E-01    0.1195089E-01   -0.8002661E+02   -0.2536077E+02   -0.7393068E+00    0.1518842E+02    0.5294326E+02    0.1070732E+03    0.1429983E+03   -0.8596496E+01   -0.3553786E+01   -0.5693823E+01   -0.1182777E+02   -0.1347928E+02    0.1686650E-02    0.1781582E-02    0.8215243E-03    0.1537460E-02    0.2091585E-02    0.1324031E-02    0.7051539E-02    0.1349493E-01    0.9345338E-02    0.3679033E-01    0.4834712E-01    0.8465466E-01   -0.1098327E-02    0.5674137E-02
   -0.4562355E-04    0.1265727E-03   -0.9161198E-05   -0.2868353E-02   -0.1491481E-01    0.1942337E-01   -0.6518167E-02   -0.3094493E-02   -0.2552327E+01   -0.1224255E+01   -0.1718942E+00   -0.1271488E+02   -0.1149324E+02   -0.9033562E+01   -0.8596496E+01    0.7931436E+01   -0.1854245E+01   -0.1970245E+01   -0.2340102E+01   -0.2571610E+01   -0.4030574E-03   -0.6682273E-03   -0.9986364E-03   -0.9161881E-03   -0.1134343E-02   -0.9359962E-03   -0.1209584E-02    0.2178089E-02    0.4003831E-02    0.2424017E-02    0.7369197E-02    0.1692171E-01    0.7744196E-04    0.1160534E-03
    0.1219383E-03    0.1683601E-04    0.8784620E-04   -0.1109855E-01   -0.1649738E-01    0.6920355E-01   -0.2806044E-01   -0.1780479E-02   -0.2344460E+01   -0.2327495E+01   -0.3360125E+01   -0.3218875E+02    0.2337109E+01   -0.1534718E+01   -0.3553786E+01   -0.1854245E+01    0.1480504E+03    0.4779360E+02    0.4415758E+02    0.4241894E+02    0.3324632E-03    0.2030088E-03    0.2283659E-02    0.3884399E-02    0.5368348E-02    0.1196474E-01   -0.2132422E-01   -0.9110727E-01   -0.8032573E-01   -0.6192574E-01   -0.7275250E-01   -0.8994786E-01   -0.1306282E-01    0.8252158E-04
   -0.1590154E-03   -0.2745370E-03    0.9346176E-04   -0.1241251E-01   -0.3727342E-01    0.1428839E+00   -0.4005196E-01   -0.3721065E-02   -0.7228224E+01   -0.4401076E+01   -0.1756543E+01    0.2622070E+01   -0.5688807E+01   -0.3576451E+01   -0.5693823E+01   -0.1970245E+01    0.4779360E+02    0.9303012E+02    0.9304376E+02    0.9202137E+02    0.1055790E-02    0.1591482E-02    0.3228945E-02    0.1760202E-02    0.3157353E-02    0.7810676E-02    0.7131651E-02   -0.5310307E-01   -0.5007399E-01   -0.8747060E-01   -0.8745877E-01   -0.6304866E-01    0.3027768E-02    0.3422252E-03
   -0.1765754E-03   -0.1535442E-03    0.4417669E-04   -0.1560792E-01   -0.8924216E-01    0.2727397E+00   -0.4583600E-01   -0.5733670E-02   -0.1188268E+02   -0.1068193E+02    0.2530484E+01   -0.9756892E+01   -0.2196714E+01    0.6046407E+01   -0.1182777E+02   -0.2340102E+01    0.4415758E+02    0.9304376E+02    0.1309942E+03    0.1547612E+03   -0.8743236E-03    0.1733507E-03    0.7617179E-03    0.2492597E-03   -0.4952882E-04    0.3194299E-02    0.1440450E-01   -0.4326456E-01   -0.5012524E-01   -0.7747703E-01   -0.8293546E-01   -0.3124028E-01    0.2679252E-02   -0.4706375E-02
   -0.1902370E-03   -0.1025418E-03    0.8472284E-05   -0.1782481E-01   -0.1181693E+00    0.3475736E+00   -0.4990810E-01   -0.5925017E-02   -0.1687898E+02   -0.1231773E+02    0.3156201E+01   -0.8911622E+01    0.9039348E+00    0.7085030E+01   -0.1347928E+02   -0.2571610E+01    0.4241894E+02    0.9202137E+02    0.1547612E+03    0.2029557E+03   -0.1652691E-02   -0.2841571E-03   -0.9850744E-03   -0.1783260E-03   -0.2193450E-02   -0.9026664E-03    0.1466699E-01   -0.3316390E-01   -0.3203190E-01   -0.6143336E-01   -0.4907079E-01    0.5005558E-01    0.2530609E-02   -0.9169926E-02
    0.1410832E-06   -0.1863330E-05    0.2005666E-06    0.6949110E-05    0.4734794E-04    0.5947155E-04    0.7767171E-05    0.9225776E-05   -0.2121187E-02   -0.9992847E-03   -0.3630176E-03   -0.7045215E-02   -0.1122759E-02    0.1217551E-02    0.1686650E-02   -0.4030574E-03    0.3324632E-03    0.1055790E-02   -0.8743236E-03   -0.1652691E-02    0.6951789E-04    0.2305809E-04    0.2871289E-04    0.1163407E-04    0.1366521E-04    0.1709462E-04   -0.8603550E-04   -0.5789156E-04   -0.4613679E-04   -0.3878772E-04   -0.2225195E-04   -0.3865661E-04    0.3548495E-06    0.2582891E-06
    0.1530139E-06   -0.1969082E-05    0.1542569E-06    0.8324421E-05    0.5432647E-04    0.3189035E-04    0.9964420E-05    0.9642104E-05   -0.2373173E-02   -0.9302950E-03   -0.2846922E-03   -0.6665886E-02   -0.1012218E-02    0.9556615E-03    0.1781582E-02   -0.6682273E-03    0.2030088E-03    0.1591482E-02    0.1733507E-03   -0.2841571E-03    0.2305809E-04    0.3980031E-04    0.3572106E-04    0.2973474E-04    0.3018599E-04    0.3000219E-04   -0.4999757E-04   -0.8850889E-04   -0.7211814E-04   -0.1231543E-03   -0.1128370E-03   -0.1223434E-03    0.4062095E-06    0.2222777E-06
    0.2085874E-06   -0.2269142E-05    0.2587584E-06    0.1111002E-04    0.9993833E-04   -0.3887003E-04    0.1441330E-04    0.1092674E-04   -0.1531547E-02   -0.9363087E-03   -0.4413444E-03   -0.5788080E-02   -0.1195947E-02    0.6264831E-03    0.8215243E-03   -0.9986364E-03    0.2283659E-02    0.3228945E-02    0.7617179E-03   -0.9850744E-03    0.2871289E-04    0.3572106E-04    0.1173306E-03    0.2550325E-04    0.6034400E-04    0.1130963E-03   -0.4557033E-04   -0.8277668E-04   -0.8997329E-04   -0.1099246E-03   -0.1984122E-03   -0.4112013E-03    0.3299513E-06    0.3451509E-06
    0.1704785E-06   -0.1913971E-05    0.1555549E-06    0.8245027E-05    0.9250149E-05    0.1280007E-03    0.9992709E-05    0.9343582E-05   -0.2031660E-02   -0.8128440E-03   -0.4317342E-03   -0.7156995E-02   -0.2793842E-03    0.1228054E-02    0.1537460E-02   -0.9161881E-03    0.3884399E-02    0.1760202E-02    0.2492597E-03   -0.1783260E-03    0.1163407E-04    0.2973474E-04    0.2550325E-04    0.8624056E-04    0.5583388E-04    0.4264748E-04   -0.2426611E-04   -0.8450458E-04   -0.6048224E-04   -0.2119708E-03   -0.2070950E-03   -0.2227321E-03    0.5010642E-07    0.1716500E-06
    0.2098906E-06   -0.1957780E-05    0.2356503E-06    0.9746499E-05    0.4107336E-04    0.1076895E-03    0.1221679E-04    0.1029293E-04   -0.2184316E-02   -0.8529598E-03   -0.2683233E-03   -0.9129118E-02   -0.7567762E-03    0.1387960E-02    0.2091585E-02   -0.1134343E-02    0.5368348E-02    0.3157353E-02   -0.4952882E-04   -0.2193450E-02    0.1366521E-04    0.3018599E-04    0.6034400E-04    0.5583388E-04    0.1256391E-03    0.1603803E-03   -0.2155932E-04   -0.9047576E-04   -0.1083587E-03   -0.2180275E-03   -0.2917189E-03   -0.4988750E-03   -0.7218805E-08    0.5508870E-06
    0.2279418E-06   -0.1835139E-05    0.3420785E-06    0.1188731E-04   -0.7734497E-05    0.2445930E-03    0.1507099E-04    0.1043627E-04   -0.2085419E-02   -0.5086307E-03    0.2736973E-03   -0.1771909E-01   -0.4466794E-02   -0.1023828E-02    0.1324031E-02   -0.9359962E-03    0.1196474E-01    0.7810676E-02    0.3194299E-02   -0.9026664E-03    0.1709462E-04    0.3000219E-04    0.1130963E-03    0.4264748E-04    0.1603803E-03    0.6656057E-03    0.9200607E-05   -0.5631521E-04   -0.9960934E-04   -0.2187884E-03   -0.4345125E-03   -0.7549445E-03   -0.2725660E-06    0.8814997E-06
   -0.1589360E-05    0.9555197E-05   -0.8184405E-06   -0.8446732E-04    0.2848625E-03   -0.1483276E-02   -0.1511707E-03   -0.2292941E-04    0.2082640E-02    0.9844229E-03    0.6187646E-03    0.5808442E-01    0.2154437E-01    0.9817961E-02    0.7051539E-02   -0.1209584E-02   -0.2132422E-01    0.7131651E-02    0.1440450E-01    0.1466699E-01   -0.8603550E-04   -0.4999757E-04   -0.4557033E-04   -0.2426611E-04   -0.2155932E-04    0.9200607E-05    0.1320737E-01    0.8520717E-02    0.9379819E-02    0.2053806E-02    0.2193655E-02    0.2893552E-02    0.2112078E-05    0.6285290E-06
   -0.2215791E-05    0.1157798E-04   -0.1033654E-05   -0.7335416E-04   -0.3038440E-03   -0.4418580E-03   -0.1154950E-03   -0.2821115E-04    0.6570603E-02    0.2339621E-02   -0.1988417E-02    0.6483381E-01    0.4089933E-01    0.2145928E-01    0.1349493E-01    0.2178089E-02   -0.9110727E-01   -0.5310307E-01   -0.4326456E-01   -0.3316390E-01   -0.5789156E-04   -0.8850889E-04   -0.8277668E-04   -0.8450458E-04   -0.9047576E-04   -0.5631521E-04    0.8520717E-02    0.1230057E-01    0.1336106E-01    0.8733089E-02    0.8340718E-02    0.7406154E-02    0.6255421E-05   -0.1388263E-05
   -0.2867969E-05    0.1395886E-04   -0.1417118E-05   -0.8077967E-04   -0.1557388E-03   -0.8779962E-03   -0.1300404E-03   -0.3540271E-04    0.1064432E-01    0.9549078E-02   -0.6892366E-02    0.6749050E-01    0.3829261E-01    0.3369560E-02    0.9345338E-02    0.4003831E-02   -0.8032573E-01   -0.5007399E-01   -0.5012524E-01   -0.3203190E-01   -0.4613679E-04   -0.7211814E-04   -0.8997329E-04   -0.6048224E-04   -0.1083587E-03   -0.9960934E-04    0.9379819E-02    0.1336106E-01    0.2524905E-01    0.4722399E-02    0.1154824E-01    0.2207393E-01    0.6437484E-05   -0.2372126E-05
   -0.3481053E-05    0.2425078E-04   -0.2428187E-05   -0.1058088E-03   -0.6013325E-03   -0.1209888E-02   -0.1411438E-03   -0.5456574E-04    0.4098300E-02   -0.2678793E-02   -0.5729500E-02    0.1177669E+00    0.6847895E-01    0.5452256E-01    0.3679033E-01    0.2424017E-02   -0.6192574E-01   -0.8747060E-01   -0.7747703E-01   -0.6143336E-01   -0.3878772E-04   -0.1231543E-03   -0.1099246E-03   -0.2119708E-03   -0.2180275E-03   -0.2187884E-03    0.2053806E-02    0.8733089E-02    0.4722399E-02    0.2291356E-01    0.2057574E-01    0.1396067E-01   -0.2916895E-05   -0.3071264E-05
   -0.4955707E-05    0.3098944E-04   -0.3704568E-05   -0.1219648E-03   -0.5102802E-03   -0.2133953E-02   -0.1621204E-03   -0.7304614E-04   -0.4861415E-02    0.4024861E-02   -0.1146600E-01    0.1368883E+00    0.6727356E-01    0.4084986E-01    0.4834712E-01    0.7369197E-02   -0.7275250E-01   -0.8745877E-01   -0.8293546E-01   -0.4907079E-01   -0.2225195E-04   -0.1128370E-03   -0.1984122E-03   -0.2070950E-03   -0.2917189E-03   -0.4345125E-03    0.2193655E-02    0.8340718E-02    0.1154824E-01    0.2057574E-01    0.3010896E-01    0.4065827E-01   -0.8987181E-06   -0.4585193E-05
   -0.8207140E-05    0.4714188E-04   -0.6849977E-05   -0.1861671E-03   -0.8963325E-03   -0.1569802E-02   -0.2663714E-03   -0.1211791E-03   -0.3534131E-01    0.1529734E-01   -0.1209200E-01    0.1419139E+00    0.5503092E-01    0.1740008E-01    0.8465466E-01    0.1692171E-01   -0.8994786E-01   -0.6304866E-01   -0.3124028E-01    0.5005558E-01   -0.3865661E-04   -0.1223434E-03   -0.4112013E-03   -0.2227321E-03   -0.4988750E-03   -0.7549445E-03    0.2893552E-02    0.7406154E-02    0.2207393E-01    0.1396067E-01    0.4065827E-01    0.1012619E+00    0.2675360E-05   -0.7922318E-05
   -0.2925290E-07   -0.7103168E-07    0.1365497E-08    0.5368528E-06    0.1100346E-05    0.2486132E-05   -0.9275927E-07    0.3091957E-06    0.3677281E-03    0.7804057E-04   -0.2021588E-03   -0.1309471E-02   -0.7029914E-04   -0.8327895E-03   -0.1098327E-02    0.7744196E-04   -0.1306282E-01    0.3027768E-02    0.2679252E-02    0.2530609E-02    0.3548495E-06    0.4062095E-06    0.3299513E-06    0.5010642E-07   -0.7218805E-08   -0.2725660E-06    0.2112078E-05    0.6255421E-05    0.6437484E-05   -0.2916895E-05   -0.8987181E-06    0.2675360E-05    0.2310462E-05    0.1008405E-07
    0.4761304E-08   -0.2785880E-07    0.5710106E-08    0.8385455E-06    0.1021809E-04   -0.2433603E-04    0.1535814E-05    0.4212953E-06   -0.2912119E-02   -0.4556211E-04    0.2100576E-03   -0.3304488E-02   -0.9464526E-03    0.1663373E-02    0.5674137E-02    0.1160534E-03    0.8252158E-04    0.3422252E-03   -0.4706375E-02   -0.9169926E-02    0.2582891E-06    0.2222777E-06    0.3451509E-06    0.1716500E-06    0.5508870E-06    0.8814997E-06    0.6285290E-06   -0.1388263E-05   -0.2372126E-05   -0.3071264E-05   -0.4585193E-05   -0.7922318E-05    0.1008405E-07    0.1315161E-05
