# omegabh2 omegach2 theta tau logA ns nrun calPlanck acib217 xi asz143 aps100 aps143 aps143217 aps217 aksz kgal100 kgal143 kgal143217 kgal217 cal0 cal2
    0.7622206E-07   -0.3197453E-06    0.6638198E-07    0.3665122E-05    0.6972604E-05    0.8638754E-06   -0.1140329E-05    0.2761465E-08   -0.1371006E-03    0.8251128E-06    0.3100645E-04   -0.5220091E-03   -0.4489393E-03   -0.2483754E-03   -0.1043371E-03   -0.3582364E-04    0.8263526E-05    0.7632507E-06   -0.2342680E-04   -0.1628827E-05    0.7645190E-08   -0.1668847E-07
   -0.3197453E-06    0.5009080E-05   -0.5386617E-06   -0.2337045E-04   -0.3546882E-04   -0.1186082E-04    0.1251231E-05   -0.1762426E-06    0.9428618E-03   -0.8515381E-05   -0.1840165E-03    0.2787454E-02    0.2570432E-02    0.1406634E-02    0.3702253E-03    0.1908346E-03    0.2944901E-04    0.4069346E-05    0.1330551E-03   -0.2450900E-04   -0.2953267E-07    0.1408786E-06
    0.6638198E-07   -0.5386617E-06    0.2458780E-06    0.3823911E-05    0.6750843E-05    0.1559162E-05   -0.5782493E-06    0.1373028E-07   -0.8447511E-04    0.3787434E-06    0.2213349E-04   -0.4809926E-03   -0.3602585E-03   -0.2429364E-03   -0.1536677E-03   -0.1393361E-04   -0.7306223E-05   -0.8000020E-05   -0.3954565E-05    0.3531877E-04    0.3768413E-08   -0.4898009E-08
    0.3665122E-05   -0.2337045E-04    0.3823911E-05    0.5159941E-03    0.9937768E-03    0.7066882E-04   -0.8465678E-04   -0.1337780E-05   -0.1150243E-01    0.1356600E-03    0.1647450E-02   -0.4124043E-01   -0.2199111E-01   -0.9357684E-02    0.1354214E-02   -0.3796358E-02    0.6698005E-03   -0.3436460E-03   -0.1588391E-02    0.2875719E-03    0.2272323E-06   -0.1618417E-05
    0.6972604E-05   -0.3546882E-04    0.6750843E-05    0.9937768E-03    0.1967968E-02    0.1121406E-03   -0.1803438E-03    0.9055970E-05   -0.2005100E-01    0.2705836E-03    0.2639441E-02   -0.6810563E-01   -0.3501018E-01   -0.1295450E-01    0.8503012E-02   -0.7508276E-02    0.1313971E-02   -0.1176033E-02   -0.3322779E-02    0.1582045E-02    0.6319755E-06   -0.3023914E-05
    0.8638754E-06   -0.1186082E-04    0.1559162E-05    0.7066882E-04    0.1121406E-03    0.4103442E-04    0.1621988E-05    0.7500348E-06   -0.8607259E-02    0.1423866E-03    0.1939319E-02   -0.3554198E-01   -0.1332803E-01    0.3708329E-03    0.7183677E-02   -0.3685198E-02    0.1096128E-03   -0.1258559E-03   -0.6079650E-03    0.1616861E-02   -0.1375993E-06   -0.9157316E-06
   -0.1140329E-05    0.1251231E-05   -0.5782493E-06   -0.8465678E-04   -0.1803438E-03    0.1621988E-05    0.6875209E-04    0.1022314E-05   -0.8216542E-02    0.1396380E-03    0.2011636E-02   -0.2798462E-01   -0.9758186E-02    0.4065482E-02    0.1018990E-01   -0.3454142E-02   -0.7783738E-03   -0.2171124E-03   -0.2648088E-03    0.2857694E-02   -0.1119391E-07   -0.6030748E-06
    0.2761465E-08   -0.1762426E-06    0.1373028E-07   -0.1337780E-05    0.9055970E-05    0.7500348E-06    0.1022314E-05    0.6212012E-05    0.2972560E-03    0.4468814E-05    0.8651859E-04    0.1659979E-02    0.1013807E-03    0.5895949E-03    0.1800743E-02   -0.7523884E-04   -0.1463775E-04   -0.4604172E-05   -0.5342154E-04    0.7898666E-03   -0.2053910E-07   -0.9743410E-07
   -0.1371006E-03    0.9428618E-03   -0.8447511E-04   -0.1150243E-01   -0.2005100E-01   -0.8607259E-02   -0.8216542E-02    0.2972560E-03    0.5008223E+02   -0.4602882E+00   -0.1778506E+01    0.4703716E+02    0.3501346E+01   -0.1957280E+02   -0.6683536E+02    0.9645368E+00   -0.3653404E-02    0.3634960E+00   -0.2837269E+01   -0.2542733E+02   -0.9699196E-04    0.4564801E-02
    0.8251128E-06   -0.8515381E-05    0.3787434E-06    0.1356600E-03    0.2705836E-03    0.1423866E-03    0.1396380E-03    0.4468814E-05   -0.4602882E+00    0.8148409E-01   -0.7015740E-01   -0.3813363E+00    0.9192051E+00    0.1702750E+01    0.7035380E+00    0.5534774E-01   -0.9716054E-02    0.4457849E-02    0.8381958E-01    0.8930296E-01    0.6381744E-05   -0.1730761E-04
    0.3100645E-04   -0.1840165E-03    0.2213349E-04    0.1647450E-02    0.2639441E-02    0.1939319E-02    0.2011636E-02    0.8651859E-04   -0.1778506E+01   -0.7015740E-01    0.3916337E+01   -0.3087155E+02   -0.4302703E+01    0.7838244E+01    0.7033880E+01   -0.3095134E+01   -0.1660043E+00    0.9691995E-01    0.2528177E+01    0.2232219E+01    0.1909584E-03   -0.3753294E-03
   -0.5220091E-03    0.2787454E-02   -0.4809926E-03   -0.4124043E-01   -0.6810563E-01   -0.3554198E-01   -0.2798462E-01    0.1659979E-02    0.4703716E+02   -0.3813363E+00   -0.3087155E+02    0.7429143E+03    0.7600813E+02   -0.5764130E+02   -0.7638373E+02    0.1773759E+02   -0.3902937E+00   -0.1349090E+00   -0.1373622E+02   -0.2226253E+02    0.4912919E-02    0.4824712E-02
   -0.4489393E-03    0.2570432E-02   -0.3602585E-03   -0.2199111E-01   -0.3501018E-01   -0.1332803E-01   -0.9758186E-02    0.1013807E-03    0.3501346E+01    0.9192051E+00   -0.4302703E+01    0.7600813E+02    0.6270542E+02    0.4175219E+02    0.1576070E+02   -0.3766932E+01   -0.3668387E+00   -0.1113749E+01    0.3656016E+01    0.2613291E+01    0.1347593E-03    0.4924817E-03
   -0.2483754E-03    0.1406634E-02   -0.2429364E-03   -0.9357684E-02   -0.1295450E-01    0.3708329E-03    0.4065482E-02    0.5895949E-03   -0.1957280E+02    0.1702750E+01    0.7838244E+01   -0.5764130E+02    0.4175219E+02    0.9154873E+02    0.6558269E+02   -0.1311917E+02   -0.7276670E+00   -0.3746523E+00    0.4639981E+01    0.5627400E+01    0.6891333E-03   -0.2387009E-02
   -0.1043371E-03    0.3702253E-03   -0.1536677E-03    0.1354214E-02    0.8503012E-02    0.7183677E-02    0.1018990E-01    0.1800743E-02   -0.6683536E+02    0.7035380E+00    0.7033880E+01   -0.7638373E+02    0.1576070E+02    0.6558269E+02    0.1273417E+03   -0.1172223E+02   -0.4597134E+00   -0.6312703E+00    0.6966352E+00    0.2223755E+02    0.4645309E-03   -0.7827677E-02
   -0.3582364E-04    0.1908346E-03   -0.1393361E-04   -0.3796358E-02   -0.7508276E-02   -0.3685198E-02   -0.3454142E-02   -0.7523884E-04    0.9645368E+00    0.5534774E-01   -0.3095134E+01    0.1773759E+02   -0.3766932E+01   -0.1311917E+02   -0.1172223E+02    0.6917382E+01    0.1249818E+00   -0.9808708E-01   -0.2190676E+01   -0.1841412E+01   -0.1482780E-03    0.2274647E-03
    0.8263526E-05    0.2944901E-04   -0.7306223E-05    0.6698005E-03    0.1313971E-02    0.1096128E-03   -0.7783738E-03   -0.1463775E-04   -0.3653404E-02   -0.9716054E-02   -0.1660043E+00   -0.3902937E+00   -0.3668387E+00   -0.7276670E+00   -0.4597134E+00    0.1249818E+00    0.3149594E+01    0.6898681E+00    0.3733884E+00    0.6192251E+00    0.4154930E-03    0.3289644E-04
    0.7632507E-06    0.4069346E-05   -0.8000020E-05   -0.3436460E-03   -0.1176033E-02   -0.1258559E-03   -0.2171124E-03   -0.4604172E-05    0.3634960E+00    0.4457849E-02    0.9691995E-01   -0.1349090E+00   -0.1113749E+01   -0.3746523E+00   -0.6312703E+00   -0.9808708E-01    0.6898681E+00    0.3112090E+01    0.2413627E+01    0.1378669E+01   -0.4192930E-03   -0.1854843E-03
   -0.2342680E-04    0.1330551E-03   -0.3954565E-05   -0.1588391E-02   -0.3322779E-02   -0.6079650E-03   -0.2648088E-03   -0.5342154E-04   -0.2837269E+01    0.8381958E-01    0.2528177E+01   -0.1373622E+02    0.3656016E+01    0.4639981E+01    0.6966352E+00   -0.2190676E+01    0.3733884E+00    0.2413627E+01    0.1814619E+02    0.2758637E+02   -0.6746538E-04    0.2540880E-02
   -0.1628827E-05   -0.2450900E-04    0.3531877E-04    0.2875719E-03    0.1582045E-02    0.1616861E-02    0.2857694E-02    0.7898666E-03   -0.2542733E+02    0.8930296E-01    0.2232219E+01   -0.2226253E+02    0.2613291E+01    0.5627400E+01    0.2223755E+02   -0.1841412E+01    0.6192251E+00    0.1378669E+01    0.2758637E+02    0.6267755E+02   -0.4499912E-04    0.4423954E-02
    0.7645190E-08   -0.2953267E-07    0.3768413E-08    0.2272323E-06    0.6319755E-06   -0.1375993E-06   -0.1119391E-07   -0.2053910E-07   -0.9699196E-04    0.6381744E-05    0.1909584E-03    0.4912919E-02    0.1347593E-03    0.6891333E-03    0.4645309E-03   -0.1482780E-03    0.4154930E-03   -0.4192930E-03   -0.6746538E-04   -0.4499912E-04    0.5534873E-06    0.2360330E-07
   -0.1668847E-07    0.1408786E-06   -0.4898009E-08   -0.1618417E-05   -0.3023914E-05   -0.9157316E-06   -0.6030748E-06   -0.9743410E-07    0.4564801E-02   -0.1730761E-04   -0.3753294E-03    0.4824712E-02    0.4924817E-03   -0.2387009E-02   -0.7827677E-02    0.2274647E-03    0.3289644E-04   -0.1854843E-03    0.2540880E-02    0.4423954E-02    0.2360330E-07    0.2100810E-05
