# omegabh2 omegach2 theta tau logA ns calPlanck acib217 xi asz143 aps100 aps143 aps143217 aps217 aksz kgal100 kgal143 kgal143217 kgal217 cal0 cal2
    0.7647877E-07   -0.4877187E-06    0.8393755E-07    0.5802801E-05    0.1057371E-04    0.1525096E-05    0.1309277E-07   -0.3985796E-03    0.6895505E-05    0.8901209E-04   -0.1445659E-02   -0.8860636E-03   -0.2462123E-03    0.7219677E-04   -0.1347946E-03   -0.7955698E-05    0.3848974E-05   -0.2225276E-04    0.7160017E-04    0.6805222E-08   -0.3864255E-07
   -0.4877187E-06    0.6892256E-05   -0.7905701E-06   -0.5745814E-04   -0.9847761E-04   -0.1847769E-04   -0.8457871E-07    0.2568266E-02   -0.4022250E-04   -0.5627953E-03    0.9165932E-02    0.5731032E-02    0.1723168E-02   -0.5046728E-03    0.8562133E-03    0.5703295E-04    0.2650484E-04    0.2158010E-03   -0.2496464E-03   -0.5103801E-07    0.3084416E-06
    0.8393755E-07   -0.7905701E-06    0.2765760E-06    0.8468589E-05    0.1524377E-04    0.2479719E-05    0.2562696E-08   -0.3905659E-03    0.7415277E-05    0.7855405E-04   -0.1469545E-02   -0.8180636E-03   -0.2318056E-03    0.6297527E-04   -0.1169273E-03   -0.7269996E-05    0.1639160E-05   -0.3423322E-04    0.2890422E-04    0.6024795E-08   -0.4579178E-07
    0.5802801E-05   -0.5745814E-04    0.8468589E-05    0.1096987E-02    0.2046602E-02    0.1896410E-03   -0.4053882E-05   -0.4873894E-01    0.8146542E-03    0.9572848E-02   -0.1747601E+00   -0.8980003E-01   -0.1715261E-01    0.2209871E-01   -0.1687139E-01   -0.1385553E-02   -0.9075665E-03   -0.5526152E-02    0.3071436E-02    0.4918682E-06   -0.5810989E-05
    0.1057371E-04   -0.9847761E-04    0.1524377E-04    0.2046602E-02    0.3867676E-02    0.3333664E-03    0.4612634E-05   -0.9140109E-01    0.1604089E-02    0.1766270E-01   -0.3209773E+00   -0.1639076E+00   -0.2725389E-01    0.4867408E-01   -0.3258098E-01   -0.2971896E-02   -0.2329875E-02   -0.1103985E-01    0.7003288E-02    0.1132370E-05   -0.1101021E-04
    0.1525096E-05   -0.1847769E-04    0.2479719E-05    0.1896410E-03    0.3333664E-03    0.6299014E-04    0.4066592E-06   -0.1293631E-01    0.2405144E-03    0.2852147E-02   -0.5312248E-01   -0.2328772E-01   -0.1949696E-02    0.8041639E-02   -0.5188288E-02    0.6026602E-04   -0.2323470E-03   -0.9461747E-03    0.1919000E-02   -0.9275283E-07   -0.1318445E-05
    0.1309277E-07   -0.8457871E-07    0.2562696E-08   -0.4053882E-05    0.4612634E-05    0.4066592E-06    0.6413031E-05    0.8947292E-03    0.6943454E-05   -0.4861405E-04    0.3863257E-02    0.6714986E-03    0.3781005E-03    0.1099337E-02   -0.8031164E-04   -0.2768216E-04   -0.2936165E-04   -0.4160414E-04    0.6198182E-03    0.4431735E-09   -0.2373816E-07
   -0.3985796E-03    0.2568266E-02   -0.3905659E-03   -0.4873894E-01   -0.9140109E-01   -0.1293631E-01    0.8947292E-03    0.5066406E+02   -0.4932125E+00   -0.1928109E+01    0.4977138E+02    0.4844210E+01   -0.1943054E+02   -0.6676107E+02    0.8915067E+00   -0.1731902E+00    0.2637377E+00   -0.2807978E+01   -0.2518688E+02   -0.1227836E-03    0.4720385E-02
    0.6895505E-05   -0.4022250E-04    0.7415277E-05    0.8146542E-03    0.1604089E-02    0.2405144E-03    0.6943454E-05   -0.4932125E+00    0.8213247E-01   -0.4857149E-01   -0.5947830E+00    0.9062666E+00    0.1783071E+01    0.7380950E+00    0.4147357E-01   -0.1143396E-01    0.2380074E-03    0.1086691E+00    0.1217258E+00    0.6947712E-05   -0.2030634E-04
    0.8901209E-04   -0.5627953E-03    0.7855405E-04    0.9572848E-02    0.1766270E-01    0.2852147E-02   -0.4861405E-04   -0.1928109E+01   -0.4857149E-01    0.3774823E+01   -0.3071950E+02   -0.4723859E+01    0.7481539E+01    0.6400435E+01   -0.2617460E+01   -0.1645601E+00    0.8318077E-01    0.2355917E+01    0.2020425E+01    0.1966724E-03   -0.3988169E-03
   -0.1445659E-02    0.9165932E-02   -0.1469545E-02   -0.1747601E+00   -0.3209773E+00   -0.5312248E-01    0.3863257E-02    0.4977138E+02   -0.5947830E+00   -0.3071950E+02    0.7516460E+03    0.8302630E+02   -0.5505482E+02   -0.7231390E+02    0.1495101E+02   -0.1160061E+01   -0.5093784E-01   -0.1325156E+02   -0.2170996E+02    0.4766190E-02    0.4860128E-02
   -0.8860636E-03    0.5731032E-02   -0.8180636E-03   -0.8980003E-01   -0.1639076E+00   -0.2328772E-01    0.6714986E-03    0.4844210E+01    0.9062666E+00   -0.4723859E+01    0.8302630E+02    0.6613461E+02    0.4255134E+02    0.1508429E+02   -0.2955247E+01   -0.3412969E+00   -0.1085447E+01    0.3857339E+01    0.2736584E+01    0.1311080E-03    0.6271898E-03
   -0.2462123E-03    0.1723168E-02   -0.2318056E-03   -0.1715261E-01   -0.2725389E-01   -0.1949696E-02    0.3781005E-03   -0.1943054E+02    0.1783071E+01    0.7481539E+01   -0.5505482E+02    0.4255134E+02    0.9217266E+02    0.6336870E+02   -0.1105173E+02   -0.6766364E+00   -0.5933838E+00    0.4667794E+01    0.5456546E+01    0.7531966E-03   -0.2419297E-02
    0.7219677E-04   -0.5046728E-03    0.6297527E-04    0.2209871E-01    0.4867408E-01    0.8041639E-02    0.1099337E-02   -0.6676107E+02    0.7380950E+00    0.6400435E+01   -0.7231390E+02    0.1508429E+02    0.6336870E+02    0.1249677E+03   -0.9755290E+01   -0.1054615E+00   -0.6630799E+00    0.2724717E+00    0.2167865E+02    0.5584700E-03   -0.7914951E-02
   -0.1347946E-03    0.8562133E-03   -0.1169273E-03   -0.1687139E-01   -0.3258098E-01   -0.5188288E-02   -0.8031164E-04    0.8915067E+00    0.4147357E-01   -0.2617460E+01    0.1495101E+02   -0.2955247E+01   -0.1105173E+02   -0.9755290E+01    0.5861616E+01    0.9528240E-01   -0.8175199E-01   -0.1830799E+01   -0.1432183E+01   -0.1292565E-03    0.2345918E-03
   -0.7955698E-05    0.5703295E-04   -0.7269996E-05   -0.1385553E-02   -0.2971896E-02    0.6026602E-04   -0.2768216E-04   -0.1731902E+00   -0.1143396E-01   -0.1645601E+00   -0.1160061E+01   -0.3412969E+00   -0.6766364E+00   -0.1054615E+00    0.9528240E-01    0.3249646E+01    0.7637587E+00    0.3919956E+00    0.6396349E+00    0.4060019E-03   -0.8504133E-05
    0.3848974E-05    0.2650484E-04    0.1639160E-05   -0.9075665E-03   -0.2329875E-02   -0.2323470E-03   -0.2936165E-04    0.2637377E+00    0.2380074E-03    0.8318077E-01   -0.5093784E-01   -0.1085447E+01   -0.5933838E+00   -0.6630799E+00   -0.8175199E-01    0.7637587E+00    0.3084859E+01    0.2469211E+01    0.1537891E+01   -0.3939221E-03   -0.1856902E-03
   -0.2225276E-04    0.2158010E-03   -0.3423322E-04   -0.5526152E-02   -0.1103985E-01   -0.9461747E-03   -0.4160414E-04   -0.2807978E+01    0.1086691E+00    0.2355917E+01   -0.1325156E+02    0.3857339E+01    0.4667794E+01    0.2724717E+00   -0.1830799E+01    0.3919956E+00    0.2469211E+01    0.1790299E+02    0.2710541E+02   -0.7285777E-04    0.2520864E-02
    0.7160017E-04   -0.2496464E-03    0.2890422E-04    0.3071436E-02    0.7003288E-02    0.1919000E-02    0.6198182E-03   -0.2518688E+02    0.1217258E+00    0.2020425E+01   -0.2170996E+02    0.2736584E+01    0.5456546E+01    0.2167865E+02   -0.1432183E+01    0.6396349E+00    0.1537891E+01    0.2710541E+02    0.6154655E+02   -0.8721294E-04    0.4343128E-02
    0.6805222E-08   -0.5103801E-07    0.6024795E-08    0.4918682E-06    0.1132370E-05   -0.9275283E-07    0.4431735E-09   -0.1227836E-03    0.6947712E-05    0.1966724E-03    0.4766190E-02    0.1311080E-03    0.7531966E-03    0.5584700E-03   -0.1292565E-03    0.4060019E-03   -0.3939221E-03   -0.7285777E-04   -0.8721294E-04    0.5469018E-06    0.4171506E-08
   -0.3864255E-07    0.3084416E-06   -0.4579178E-07   -0.5810989E-05   -0.1101021E-04   -0.1318445E-05   -0.2373816E-07    0.4720385E-02   -0.2030634E-04   -0.3988169E-03    0.4860128E-02    0.6271898E-03   -0.2419297E-02   -0.7914951E-02    0.2345918E-03   -0.8504133E-05   -0.1856902E-03    0.2520864E-02    0.4343128E-02    0.4171506E-08    0.2127518E-05
