# omegabh2 omegach2 theta tau omegak ns logA aps100 aps143 aps217 acib143 acib217 asz143 psr cibr cal0 cal2 xi aksz bm_1_1
    0.21697E-06   -0.15048E-05    0.31057E-06    0.15843E-04   -0.14568E-05    0.49573E-05    0.28192E-04   -0.26996E-03   -0.13708E-02   -0.46235E-03   -0.13897E-03   -0.71098E-03   -0.59969E-04    0.49233E-06   -0.15190E-04    0.29591E-07   -0.80788E-07    0.31475E-04   -0.14264E-03   -0.10273E-03
   -0.15048E-05    0.15123E-04   -0.26856E-05   -0.13221E-03    0.13589E-04   -0.45243E-04   -0.22857E-03   -0.85937E-02    0.88349E-02    0.43441E-04    0.10006E-02    0.60450E-02    0.44892E-03   -0.62667E-05    0.14388E-03   -0.16161E-06    0.56635E-06   -0.22439E-03    0.13359E-02    0.61348E-03
    0.31057E-06   -0.26856E-05    0.76611E-06    0.23437E-04   -0.26116E-05    0.85405E-05    0.40689E-04    0.16171E-02   -0.17422E-02   -0.75068E-03   -0.10572E-03   -0.84556E-03   -0.96669E-04    0.21754E-05   -0.22543E-04    0.22919E-07   -0.73171E-07    0.48490E-04   -0.18976E-03   -0.16035E-03
    0.15843E-04   -0.13221E-03    0.23437E-04    0.25304E-02   -0.11866E-03    0.47505E-03    0.47211E-02    0.46660E+00   -0.48099E-01    0.34424E-01   -0.32288E-01   -0.87472E-01   -0.72192E-02    0.37876E-04   -0.29875E-02    0.96040E-07   -0.10528E-04    0.14296E-02   -0.20276E-01   -0.53605E-02
   -0.14568E-05    0.13589E-04   -0.26116E-05   -0.11866E-03    0.17000E-04   -0.40146E-04   -0.20523E-03    0.12442E-01    0.79717E-02    0.47894E-02    0.34882E-02    0.48460E-02    0.17536E-03   -0.45486E-05    0.46628E-04   -0.17883E-06    0.50172E-06   -0.17090E-03    0.72878E-03    0.61732E-03
    0.49573E-05   -0.45243E-04    0.85405E-05    0.47505E-03   -0.40146E-04    0.15734E-03    0.84064E-03    0.36892E-01   -0.16793E-01    0.18524E-01   -0.61444E-02   -0.30454E-01   -0.27340E-02    0.23215E-04   -0.92149E-03    0.68599E-06   -0.20187E-05    0.82410E-03   -0.61052E-02   -0.27148E-02
    0.28192E-04   -0.22857E-03    0.40689E-04    0.47211E-02   -0.20523E-03    0.84064E-03    0.88536E-02    0.89565E+00   -0.72575E-01    0.69076E-01   -0.64934E-01   -0.16182E+00   -0.13492E-01    0.61978E-04   -0.56833E-02   -0.15375E-06   -0.19172E-04    0.22809E-02   -0.37517E-01   -0.89319E-02
   -0.26996E-03   -0.85937E-02    0.16171E-02    0.46660E+00    0.12442E-01    0.36892E-01    0.89565E+00    0.23263E+04    0.10529E+03    0.13157E+03    0.11053E+03   -0.23011E+02   -0.22696E+02    0.10881E+00   -0.61488E+01   -0.26773E-02    0.36333E-02    0.22380E+01   -0.11553E+02    0.88527E+01
   -0.13708E-02    0.88349E-02   -0.17422E-02   -0.48099E-01    0.79717E-02   -0.16793E-01   -0.72575E-01    0.10529E+03    0.15096E+03    0.10754E+03   -0.26265E+02   -0.34898E+02   -0.33903E+01    0.19021E-01   -0.10977E+01    0.30248E-03   -0.59169E-03    0.47333E-01   -0.57663E+01   -0.12567E+01
   -0.46235E-03    0.43441E-04   -0.75068E-03    0.34424E-01    0.47894E-02    0.18524E-01    0.69076E-01    0.13157E+03    0.10754E+03    0.20419E+03   -0.16524E+02   -0.75307E+02   -0.33167E+01    0.56907E-01   -0.21101E+01   -0.29842E-03   -0.55202E-02    0.51465E+00   -0.87666E+01   -0.15257E+01
   -0.13897E-03    0.10006E-02   -0.10572E-03   -0.32288E-01    0.34882E-02   -0.61444E-02   -0.64934E-01    0.11053E+03   -0.26265E+02   -0.16524E+02    0.28131E+02    0.13934E+02   -0.10963E+01   -0.84847E-03   -0.81431E-01   -0.17314E-03   -0.14263E-04    0.28198E+00   -0.65959E+00   -0.55069E+00
   -0.71098E-03    0.60450E-02   -0.84556E-03   -0.87472E-01    0.48460E-02   -0.30454E-01   -0.16182E+00   -0.23011E+02   -0.34898E+02   -0.75307E+02    0.13934E+02    0.40419E+02    0.17748E+01   -0.19483E-01    0.10627E+01    0.29105E-04    0.26946E-02   -0.31466E+00    0.15467E+01    0.58481E+00
   -0.59969E-04    0.44892E-03   -0.96669E-04   -0.72192E-02    0.17536E-03   -0.27340E-02   -0.13492E-01   -0.22696E+02   -0.33903E+01   -0.33167E+01   -0.10963E+01    0.17748E+01    0.57703E+00   -0.13152E-02    0.14561E+00    0.73453E-05   -0.11920E-03   -0.58724E-01    0.17795E+00    0.11662E+00
    0.49233E-06   -0.62667E-05    0.21754E-05    0.37876E-04   -0.45486E-05    0.23215E-04    0.61978E-04    0.10881E+00    0.19021E-01    0.56907E-01   -0.84847E-03   -0.19483E-01   -0.13152E-02    0.16752E-03   -0.52991E-03   -0.10917E-06   -0.93662E-06    0.99067E-04   -0.36683E-02    0.10666E-03
   -0.15190E-04    0.14388E-03   -0.22543E-04   -0.29875E-02    0.46628E-04   -0.92149E-03   -0.56833E-02   -0.61488E+01   -0.10977E+01   -0.21101E+01   -0.81431E-01    0.10627E+01    0.14561E+00   -0.52991E-03    0.62223E-01    0.11990E-04    0.16109E-04   -0.11502E-01    0.73518E-01    0.18009E-01
    0.29591E-07   -0.16161E-06    0.22919E-07    0.96040E-07   -0.17883E-06    0.68599E-06   -0.15375E-06   -0.26773E-02    0.30248E-03   -0.29842E-03   -0.17314E-03    0.29105E-04    0.73453E-05   -0.10917E-06    0.11990E-04    0.13970E-06    0.32440E-07    0.12523E-04   -0.37132E-04   -0.60409E-04
   -0.80788E-07    0.56635E-06   -0.73171E-07   -0.10528E-04    0.50172E-06   -0.20187E-05   -0.19172E-04    0.36333E-02   -0.59169E-03   -0.55202E-02   -0.14263E-04    0.26946E-02   -0.11920E-03   -0.93662E-06    0.16109E-04    0.32440E-07    0.89269E-06   -0.29592E-04    0.23344E-03    0.10324E-03
    0.31475E-04   -0.22439E-03    0.48490E-04    0.14296E-02   -0.17090E-03    0.82410E-03    0.22809E-02    0.22380E+01    0.47333E-01    0.51465E+00    0.28198E+00   -0.31466E+00   -0.58724E-01    0.99067E-04   -0.11502E-01    0.12523E-04   -0.29592E-04    0.31370E-01   -0.14914E-01   -0.51338E-01
   -0.14264E-03    0.13359E-02   -0.18976E-03   -0.20276E-01    0.72878E-03   -0.61052E-02   -0.37517E-01   -0.11553E+02   -0.57663E+01   -0.87666E+01   -0.65959E+00    0.15467E+01    0.17795E+00   -0.36683E-02    0.73518E-01   -0.37132E-04    0.23344E-03   -0.14914E-01    0.19850E+01    0.24845E+00
   -0.10273E-03    0.61348E-03   -0.16035E-03   -0.53605E-02    0.61732E-03   -0.27148E-02   -0.89319E-02    0.88527E+01   -0.12567E+01   -0.15257E+01   -0.55069E+00    0.58481E+00    0.11662E+00    0.10666E-03    0.18009E-01   -0.60409E-04    0.10324E-03   -0.51338E-01    0.24845E+00    0.62247E+00
