# omegabh2 omegach2 theta tau ns nrun logA aps100 aps143 aps217 acib143 acib217 asz143 psr cibr cal0 cal2 xi aksz bm_1_1 a_ps_act_148 a_ps_act_217 a_ps_spt_95 a_ps_spt_150 a_ps_spt_220 r_ps_spt_95x150 r_ps_spt_95x220 r_ps_150x220 act_dust_s act_dust_e cal_acts_148 cal_acts_217 cal_acte_148 cal_acte_217 cal_spt_95 cal_spt_150 cal_spt_220
    0.93482E-07   -0.42207E-06    0.93350E-07    0.20681E-05    0.10257E-05   -0.97548E-06    0.35514E-05   -0.11618E-03   -0.60011E-03   -0.43879E-03   -0.26862E-06   -0.17075E-04    0.24303E-05   -0.21677E-06   -0.84738E-07    0.10020E-08    0.13694E-08   -0.25936E-06   -0.62330E-05   -0.44266E-05    0.22071E-04    0.11268E-03    0.79503E-05    0.18967E-04    0.12348E-03   -0.57975E-07   -0.11414E-06   -0.10583E-06    0.20922E-06    0.12964E-05    0.73588E-06    0.46186E-06    0.75761E-06    0.42541E-06    0.68526E-06    0.69770E-06    0.51933E-06
   -0.42207E-06    0.76928E-05   -0.80555E-06   -0.13828E-04   -0.17523E-04   -0.23364E-05   -0.87672E-05    0.20030E-02    0.43164E-02    0.31194E-02   -0.28513E-04    0.11543E-03   -0.31761E-04    0.22821E-05    0.84273E-06   -0.18387E-07    0.43135E-07    0.12876E-05    0.16527E-04    0.14206E-03   -0.12721E-03   -0.81370E-03   -0.36877E-04   -0.99990E-04   -0.68992E-03   -0.12729E-05   -0.13610E-05    0.35683E-07   -0.55087E-05   -0.58530E-05   -0.55686E-05   -0.28730E-05   -0.59276E-05   -0.28940E-05   -0.43889E-05   -0.46541E-05   -0.29146E-05
    0.93350E-07   -0.80555E-06    0.41246E-06    0.25020E-05    0.23645E-05   -0.19255E-06    0.34847E-05    0.49890E-04   -0.60034E-03   -0.39124E-03   -0.48217E-05   -0.41114E-04    0.20634E-05   -0.23898E-06   -0.30069E-06    0.17710E-08   -0.72089E-08   -0.12541E-06    0.11736E-05   -0.58068E-05    0.24846E-04    0.79860E-04    0.14278E-04    0.19250E-04    0.12840E-03   -0.26270E-06   -0.33551E-07    0.12602E-06   -0.71489E-07    0.85046E-06    0.74937E-06    0.13698E-06    0.79487E-06    0.20665E-06    0.61240E-06    0.67280E-06    0.50776E-06
    0.20681E-05   -0.13828E-04    0.25020E-05    0.26788E-03    0.38297E-04   -0.53739E-04    0.51485E-03    0.71377E-03   -0.10884E-01   -0.77626E-02    0.35154E-04   -0.37129E-03    0.43058E-04   -0.43330E-05   -0.10008E-04   -0.18977E-07    0.85253E-07   -0.78209E-06   -0.25614E-03    0.11009E-03    0.34934E-03    0.25797E-02    0.58756E-03    0.42424E-03    0.34526E-02   -0.22205E-04   -0.96361E-05    0.48565E-05    0.46979E-04    0.19059E-04    0.12636E-04    0.12609E-04    0.13399E-04    0.92596E-05    0.14638E-04    0.12305E-04    0.92666E-05
    0.10257E-05   -0.17523E-04    0.23645E-05    0.38297E-04    0.56886E-04    0.13942E-04    0.27933E-04   -0.39925E-01   -0.27248E-01   -0.16196E-01    0.10488E-03   -0.81923E-03    0.19520E-03   -0.11501E-04   -0.86712E-05   -0.48044E-07    0.12106E-06   -0.94888E-05   -0.36493E-03   -0.71644E-03    0.54633E-03    0.33143E-02    0.16877E-03    0.55613E-03    0.31184E-02    0.10364E-05    0.11821E-04    0.32433E-05    0.30612E-05    0.18337E-04    0.22204E-04    0.11411E-04    0.22853E-04    0.98215E-05    0.20755E-04    0.21071E-04    0.11709E-04
   -0.97548E-06   -0.23364E-05   -0.19255E-06   -0.53739E-04    0.13942E-04    0.75502E-04   -0.13349E-03   -0.39998E-01   -0.22281E-01   -0.12487E-01    0.10604E-03   -0.44703E-03    0.16063E-03   -0.56646E-05   -0.10442E-04   -0.32881E-07    0.15108E-06   -0.11763E-04   -0.36340E-03   -0.97844E-03    0.32746E-03    0.14745E-02   -0.95306E-04    0.38878E-03    0.17124E-02    0.11807E-04    0.89935E-05    0.24826E-05   -0.60412E-05   -0.37697E-04    0.15586E-04    0.42438E-05    0.15367E-04    0.48395E-05    0.16260E-04    0.14553E-04    0.70498E-05
    0.35514E-05   -0.87672E-05    0.34847E-05    0.51485E-03    0.27933E-04   -0.13349E-03    0.10452E-02    0.94733E-02   -0.86831E-02   -0.64402E-02   -0.20510E-04   -0.34908E-03   -0.36079E-04   -0.23539E-05   -0.16990E-04   -0.36864E-08    0.37390E-06    0.28361E-05   -0.42068E-03    0.11545E-02    0.37212E-03    0.28760E-02    0.11804E-02    0.54799E-03    0.50276E-02   -0.49599E-04   -0.27045E-04    0.79080E-05    0.86977E-04    0.31341E-04    0.91552E-05    0.17171E-04    0.95092E-05    0.10932E-04    0.16450E-04    0.10884E-04    0.10535E-04
   -0.11618E-03    0.20030E-02    0.49890E-04    0.71377E-03   -0.39925E-01   -0.39998E-01    0.94733E-02    0.15805E+04    0.97193E+02    0.23743E+02   -0.54173E+00    0.54142E+01   -0.21913E+01    0.31752E-01   -0.14074E+00    0.15233E-02   -0.10470E-04    0.35847E-01    0.31619E+01    0.17139E+02   -0.39830E+00   -0.75531E+00    0.54278E+01   -0.63698E+00   -0.29038E+01   -0.11980E+00   -0.47692E+00   -0.30123E-01   -0.16677E+00    0.82880E-02   -0.53255E-01    0.13093E-01   -0.48161E-01    0.19104E-01   -0.84424E-01   -0.41401E-01    0.16639E-02
   -0.60011E-03    0.43164E-02   -0.60034E-03   -0.10884E-01   -0.27248E-01   -0.22281E-01   -0.86831E-02    0.97193E+02    0.72367E+02    0.22930E+02   -0.21186E+00    0.85417E+00   -0.53358E+00    0.12966E-01   -0.90095E-03   -0.36293E-04   -0.11883E-02    0.17177E-01    0.48696E+00    0.29944E+00   -0.24622E+00   -0.31568E+01    0.11506E+01   -0.38266E+00   -0.36792E+01   -0.25227E-01   -0.90823E-01   -0.17936E-01   -0.77734E-02   -0.51184E-02   -0.29972E-01   -0.11948E-01   -0.30011E-01   -0.99560E-02   -0.36736E-01   -0.27145E-01   -0.14346E-01
   -0.43879E-03    0.31194E-02   -0.39124E-03   -0.77626E-02   -0.16196E-01   -0.12487E-01   -0.64402E-02    0.23743E+02    0.22930E+02    0.36397E+02   -0.71534E+00   -0.44138E+01    0.30886E+00   -0.36262E-02    0.16543E-02    0.32320E-04   -0.61137E-03   -0.56630E-02   -0.44465E+00    0.32561E+00   -0.36790E-01   -0.26530E+01   -0.10232E+01    0.10078E+00   -0.27151E+01   -0.16183E-01    0.64827E-01    0.25112E-01    0.87957E-02    0.61421E-02   -0.15602E-01   -0.29263E-01   -0.15385E-01   -0.26986E-01   -0.74908E-02   -0.15418E-01   -0.22381E-01
   -0.26862E-06   -0.28513E-04   -0.48217E-05    0.35154E-04    0.10488E-03    0.10604E-03   -0.20510E-04   -0.54173E+00   -0.21186E+00   -0.71534E+00    0.41074E+00    0.81380E+00    0.56605E-01   -0.40011E-03   -0.86624E-02   -0.26831E-05    0.13562E-04    0.39777E-02   -0.26148E+00    0.30071E-02   -0.11739E+00   -0.10930E+00   -0.46657E-01   -0.15514E+00   -0.24205E+00    0.25939E-01    0.21288E-01   -0.25816E-02   -0.23558E-02   -0.61496E-04    0.43001E-03    0.80220E-03    0.42541E-03    0.77317E-03   -0.33493E-03    0.24749E-03    0.69865E-03
   -0.17075E-04    0.11543E-03   -0.41114E-04   -0.37129E-03   -0.81923E-03   -0.44703E-03   -0.34908E-03    0.54142E+01    0.85417E+00   -0.44138E+01    0.81380E+00    0.36393E+01   -0.28306E-02    0.46156E-02    0.89785E-02   -0.62829E-05    0.45040E-03    0.66995E-03   -0.41751E+00    0.17821E-01   -0.24472E+00   -0.28531E+00    0.21405E+00   -0.34866E+00   -0.72590E+00    0.42868E-01    0.20313E-01   -0.19020E-01   -0.89342E-02   -0.38679E-02   -0.91461E-03    0.80492E-02   -0.60970E-03    0.75604E-02   -0.41637E-02   -0.35777E-03    0.54149E-02
    0.24303E-05   -0.31761E-04    0.20634E-05    0.43058E-04    0.19520E-03    0.16063E-03   -0.36079E-04   -0.21913E+01   -0.53358E+00    0.30886E+00    0.56605E-01   -0.28306E-02    0.59517E-01   -0.81934E-04    0.36536E-02    0.23313E-06   -0.50546E-04   -0.12688E-02   -0.11573E+00    0.43266E-02   -0.21975E-01   -0.43442E-01   -0.14327E+00   -0.20156E-01   -0.10641E+00    0.59966E-02    0.14502E-01    0.58766E-04   -0.44005E-03    0.44422E-03    0.52247E-03   -0.72941E-03    0.45012E-03   -0.71099E-03    0.10758E-02    0.27838E-03   -0.46800E-03
   -0.21677E-06    0.22821E-05   -0.23898E-06   -0.43330E-05   -0.11501E-04   -0.56646E-05   -0.23539E-05    0.31752E-01    0.12966E-01   -0.36262E-02   -0.40011E-03    0.46156E-02   -0.81934E-04    0.28484E-03    0.33285E-05   -0.35281E-07    0.56921E-06    0.10365E-04    0.19277E-03    0.15718E-03    0.15018E-03   -0.35032E-02   -0.11230E-03   -0.15323E-04   -0.31718E-02   -0.62894E-05    0.86403E-05    0.97733E-05   -0.62449E-05    0.16302E-05   -0.77105E-05   -0.22532E-06   -0.10642E-04    0.83582E-07   -0.76244E-05   -0.92431E-05    0.48349E-05
   -0.84738E-07    0.84273E-06   -0.30069E-06   -0.10008E-04   -0.86712E-05   -0.10442E-04   -0.16990E-04   -0.14074E+00   -0.90095E-03    0.16543E-02   -0.86624E-02    0.89785E-02    0.36536E-02    0.33285E-05    0.21175E-02    0.17442E-06   -0.57939E-06    0.16936E-04   -0.18347E-02    0.46584E-03    0.26406E-02   -0.23736E-03   -0.13779E-01    0.34598E-02   -0.12305E-01   -0.29598E-03    0.12756E-02   -0.30294E-03   -0.95400E-04    0.15252E-04    0.13540E-04    0.21728E-04    0.15357E-04    0.14839E-04    0.88307E-04    0.10354E-04   -0.13537E-04
    0.10020E-08   -0.18387E-07    0.17710E-08   -0.18977E-07   -0.48044E-07   -0.32881E-07   -0.36864E-08    0.15233E-02   -0.36293E-04    0.32320E-04   -0.26831E-05   -0.62829E-05    0.23313E-06   -0.35281E-07    0.17442E-06    0.15417E-06   -0.92582E-09   -0.26786E-08    0.10847E-05   -0.24527E-04    0.11914E-05   -0.14136E-04   -0.79063E-05    0.12203E-05   -0.69147E-05    0.24102E-06    0.18901E-06    0.92165E-07    0.11475E-05   -0.65069E-06   -0.48340E-07   -0.14190E-06    0.61353E-07   -0.10693E-06    0.54385E-07   -0.56719E-07    0.58285E-07
    0.13694E-08    0.43135E-07   -0.72089E-08    0.85253E-07    0.12106E-06    0.15108E-06    0.37390E-06   -0.10470E-04   -0.11883E-02   -0.61137E-03    0.13562E-04    0.45040E-03   -0.50546E-04    0.56921E-06   -0.57939E-06   -0.92582E-09    0.61165E-06    0.10946E-05    0.63364E-04    0.27821E-04    0.12120E-04    0.66207E-04    0.17032E-03    0.43531E-05    0.37406E-04   -0.35589E-05   -0.11071E-04   -0.20193E-05   -0.31033E-06   -0.21539E-05   -0.10228E-06    0.20190E-05   -0.89804E-07    0.18789E-05   -0.98063E-06    0.13017E-06    0.12969E-05
   -0.25936E-06    0.12876E-05   -0.12541E-06   -0.78209E-06   -0.94888E-05   -0.11763E-04    0.28361E-05    0.35847E-01    0.17177E-01   -0.56630E-02    0.39777E-02    0.66995E-03   -0.12688E-02    0.10365E-04    0.16936E-04   -0.26786E-08    0.10946E-05    0.13173E-02    0.44644E-02   -0.31180E-03    0.29393E-02   -0.18863E-02    0.13508E-02    0.13055E-02    0.13188E-02    0.43072E-03    0.79194E-03    0.47952E-04   -0.30094E-04    0.96849E-04   -0.99827E-05    0.11360E-04   -0.30476E-05    0.11288E-04   -0.32140E-04    0.57957E-06    0.36466E-04
   -0.62330E-05    0.16527E-04    0.11736E-05   -0.25614E-03   -0.36493E-03   -0.36340E-03   -0.42068E-03    0.31619E+01    0.48696E+00   -0.44465E+00   -0.26148E+00   -0.41751E+00   -0.11573E+00    0.19277E-03   -0.18347E-02    0.10847E-05    0.63364E-04    0.44644E-02    0.42482E+00   -0.70966E-02    0.33785E-01    0.20873E+00    0.14903E+00    0.51181E-01    0.41269E+00   -0.20060E-01   -0.28216E-01    0.29168E-02    0.59750E-04   -0.23414E-02    0.14793E-04    0.14792E-02    0.10610E-03    0.14127E-02   -0.74920E-03   -0.29267E-04    0.12157E-02
   -0.44266E-05    0.14206E-03   -0.58068E-05    0.11009E-03   -0.71644E-03   -0.97844E-03    0.11545E-02    0.17139E+02    0.29944E+00    0.32561E+00    0.30071E-02    0.17821E-01    0.43266E-02    0.15718E-03    0.46584E-03   -0.24527E-04    0.27821E-04   -0.31180E-03   -0.70966E-02    0.61139E+00   -0.18766E-01    0.17202E-01   -0.64993E-02   -0.17168E-01   -0.33064E-01   -0.35843E-03    0.45975E-03    0.34699E-05   -0.25627E-02   -0.19353E-02   -0.44912E-03   -0.76355E-04   -0.47019E-03   -0.81769E-04   -0.41546E-03   -0.34604E-03   -0.14840E-03
    0.22071E-04   -0.12721E-03    0.24846E-04    0.34934E-03    0.54633E-03    0.32746E-03    0.37212E-03   -0.39830E+00   -0.24622E+00   -0.36790E-01   -0.11739E+00   -0.24472E+00   -0.21975E-01    0.15018E-03    0.26406E-02    0.11914E-05    0.12120E-04    0.29393E-02    0.33785E-01   -0.18766E-01    0.29452E+00   -0.17584E+00    0.70473E-01    0.10204E+00    0.36602E+00   -0.52064E-02   -0.78938E-02   -0.28282E-02   -0.95169E-03   -0.24956E-02    0.20673E-02   -0.90688E-03    0.20595E-02   -0.82341E-03   -0.49385E-04    0.13476E-03    0.66346E-03
    0.11268E-03   -0.81370E-03    0.79860E-04    0.25797E-02    0.33143E-02    0.14745E-02    0.28760E-02   -0.75531E+00   -0.31568E+01   -0.26530E+01   -0.10930E+00   -0.28531E+00   -0.43442E-01   -0.35032E-02   -0.23736E-03   -0.14136E-04    0.66207E-04   -0.18863E-02    0.20873E+00    0.17202E-01   -0.17584E+00    0.13255E+02    0.18633E+00    0.65337E-01    0.87168E+00   -0.16128E-01   -0.22217E-01   -0.34091E-02    0.88268E-02    0.25821E-01    0.20063E-02    0.48947E-01    0.18798E-02    0.37949E-01    0.30392E-02    0.30157E-02    0.33080E-02
    0.79503E-05   -0.36877E-04    0.14278E-04    0.58756E-03    0.16877E-03   -0.95306E-04    0.11804E-02    0.54278E+01    0.11506E+01   -0.10232E+01   -0.46657E-01    0.21405E+00   -0.14327E+00   -0.11230E-03   -0.13779E-01   -0.79063E-05    0.17032E-03    0.13508E-02    0.14903E+00   -0.64993E-02    0.70473E-01    0.18633E+00    0.20382E+01    0.48523E-01    0.21997E+00   -0.84156E-01   -0.10635E+00   -0.14458E-02    0.16947E-02    0.31720E-03   -0.18665E-02    0.19399E-02   -0.14133E-02    0.20600E-02   -0.64264E-03   -0.35964E-04    0.16737E-02
    0.18967E-04   -0.99990E-04    0.19250E-04    0.42424E-03    0.55613E-03    0.38878E-03    0.54799E-03   -0.63698E+00   -0.38266E+00    0.10078E+00   -0.15514E+00   -0.34866E+00   -0.20156E-01   -0.15323E-04    0.34598E-02    0.12203E-05    0.43531E-05    0.13055E-02    0.51181E-01   -0.17168E-01    0.10204E+00    0.65337E-01    0.48523E-01    0.21147E+00    0.13587E+00   -0.71415E-02   -0.53215E-02    0.26730E-03    0.17015E-02    0.13069E-02   -0.10689E-03   -0.47952E-03   -0.61365E-04   -0.47834E-03    0.42703E-03    0.42195E-06   -0.29966E-03
    0.12348E-03   -0.68992E-03    0.12840E-03    0.34526E-02    0.31184E-02    0.17124E-02    0.50276E-02   -0.29038E+01   -0.36792E+01   -0.27151E+01   -0.24205E+00   -0.72590E+00   -0.10641E+00   -0.31718E-02   -0.12305E-01   -0.69147E-05    0.37406E-04    0.13188E-02    0.41269E+00   -0.33064E-01    0.36602E+00    0.87168E+00    0.21997E+00    0.13587E+00    0.12426E+02   -0.27044E-01   -0.70514E-01   -0.11080E-01   -0.26997E-02   -0.71262E-02    0.47669E-02    0.25198E-02    0.39548E-02    0.24576E-02    0.38527E-02    0.53335E-02    0.29793E-01
   -0.57975E-07   -0.12729E-05   -0.26270E-06   -0.22205E-04    0.10364E-05    0.11807E-04   -0.49599E-04   -0.11980E+00   -0.25227E-01   -0.16183E-01    0.25939E-01    0.42868E-01    0.59966E-02   -0.62894E-05   -0.29598E-03    0.24102E-06   -0.35589E-05    0.43072E-03   -0.20060E-01   -0.35843E-03   -0.52064E-02   -0.16128E-01   -0.84156E-01   -0.71415E-02   -0.27044E-01    0.72617E-02    0.60164E-02   -0.19820E-03   -0.11800E-03   -0.10014E-03    0.57797E-04   -0.23247E-04    0.35857E-04   -0.25151E-04   -0.44878E-04   -0.10024E-04   -0.41541E-04
   -0.11414E-06   -0.13610E-05   -0.33551E-07   -0.96361E-05    0.11821E-04    0.89935E-05   -0.27045E-04   -0.47692E+00   -0.90823E-01    0.64827E-01    0.21288E-01    0.20313E-01    0.14502E-01    0.86403E-05    0.12756E-02    0.18901E-06   -0.11071E-04    0.79194E-03   -0.28216E-01    0.45975E-03   -0.78938E-02   -0.22217E-01   -0.10635E+00   -0.53215E-02   -0.70514E-01    0.60164E-02    0.12026E-01    0.93824E-04   -0.22746E-03    0.73641E-04    0.10167E-03   -0.14870E-03    0.82535E-04   -0.13780E-03    0.12548E-03    0.22241E-04   -0.30859E-03
   -0.10583E-06    0.35683E-07    0.12602E-06    0.48565E-05    0.32433E-05    0.24826E-05    0.79080E-05   -0.30123E-01   -0.17936E-01    0.25112E-01   -0.25816E-02   -0.19020E-01    0.58766E-04    0.97733E-05   -0.30294E-03    0.92165E-07   -0.20193E-05    0.47952E-04    0.29168E-02    0.34699E-05   -0.28282E-02   -0.34091E-02   -0.14458E-02    0.26730E-03   -0.11080E-01   -0.19820E-03    0.93824E-04    0.35895E-03    0.83001E-04    0.49853E-04   -0.57872E-06   -0.50998E-04    0.32516E-05   -0.45126E-04    0.30299E-04    0.45703E-05   -0.73312E-04
    0.20922E-06   -0.55087E-05   -0.71489E-07    0.46979E-04    0.30612E-05   -0.60412E-05    0.86977E-04   -0.16677E+00   -0.77734E-02    0.87957E-02   -0.23558E-02   -0.89342E-02   -0.44005E-03   -0.62449E-05   -0.95400E-04    0.11475E-05   -0.31033E-06   -0.30094E-04    0.59750E-04   -0.25627E-02   -0.95169E-03    0.88268E-02    0.16947E-02    0.17015E-02   -0.26997E-02   -0.11800E-03   -0.22746E-03    0.83001E-04    0.37246E-01   -0.90765E-03    0.24968E-03    0.63539E-04   -0.65555E-04    0.88278E-05   -0.21386E-04   -0.96994E-05    0.37892E-04
    0.12964E-05   -0.58530E-05    0.85046E-06    0.19059E-04    0.18337E-04   -0.37697E-04    0.31341E-04    0.82880E-02   -0.51184E-02    0.61421E-02   -0.61496E-04   -0.38679E-02    0.44422E-03    0.16302E-05    0.15252E-04   -0.65069E-06   -0.21539E-05    0.96849E-04   -0.23414E-02   -0.19353E-02   -0.24956E-02    0.25821E-01    0.31720E-03    0.13069E-02   -0.71262E-02   -0.10014E-03    0.73641E-04    0.49853E-04   -0.90765E-03    0.39870E-01   -0.53110E-04    0.50825E-04    0.28174E-03    0.16118E-03   -0.37673E-04    0.57309E-05    0.15594E-04
    0.73588E-06   -0.55686E-05    0.74937E-06    0.12636E-04    0.22204E-04    0.15586E-04    0.91552E-05   -0.53255E-01   -0.29972E-01   -0.15602E-01    0.43001E-03   -0.91461E-03    0.52247E-03   -0.77105E-05    0.13540E-04   -0.48340E-07   -0.10228E-06   -0.99827E-05    0.14793E-04   -0.44912E-03    0.20673E-02    0.20063E-02   -0.18665E-02   -0.10689E-03    0.47669E-02    0.57797E-04    0.10167E-03   -0.57872E-06    0.24968E-03   -0.53110E-04    0.15984E-03    0.52544E-05    0.58040E-04    0.91462E-05    0.31233E-04    0.22992E-04    0.17889E-04
    0.46186E-06   -0.28730E-05    0.13698E-06    0.12609E-04    0.11411E-04    0.42438E-05    0.17171E-04    0.13093E-01   -0.11948E-01   -0.29263E-01    0.80220E-03    0.80492E-02   -0.72941E-03   -0.22532E-06    0.21728E-04   -0.14190E-06    0.20190E-05    0.11360E-04    0.14792E-02   -0.76355E-04   -0.90688E-03    0.48947E-01    0.19399E-02   -0.47952E-03    0.25198E-02   -0.23247E-04   -0.14870E-03   -0.50998E-04    0.63539E-04    0.50825E-04    0.52544E-05    0.34034E-03    0.12654E-04    0.17313E-03   -0.22971E-05    0.13791E-04    0.34761E-04
    0.75761E-06   -0.59276E-05    0.79487E-06    0.13399E-04    0.22853E-04    0.15367E-04    0.95092E-05   -0.48161E-01   -0.30011E-01   -0.15385E-01    0.42541E-03   -0.60970E-03    0.45012E-03   -0.10642E-04    0.15357E-04    0.61353E-07   -0.89804E-07   -0.30476E-05    0.10610E-03   -0.47019E-03    0.20595E-02    0.18798E-02   -0.14133E-02   -0.61365E-04    0.39548E-02    0.35857E-04    0.82535E-04    0.32516E-05   -0.65555E-04    0.28174E-03    0.58040E-04    0.12654E-04    0.12583E-03    0.93713E-05    0.30665E-04    0.23304E-04    0.17353E-04
    0.42541E-06   -0.28940E-05    0.20665E-06    0.92596E-05    0.98215E-05    0.48395E-05    0.10932E-04    0.19104E-01   -0.99560E-02   -0.26986E-01    0.77317E-03    0.75604E-02   -0.71099E-03    0.83582E-07    0.14839E-04   -0.10693E-06    0.18789E-05    0.11288E-04    0.14127E-02   -0.81769E-04   -0.82341E-03    0.37949E-01    0.20600E-02   -0.47834E-03    0.24576E-02   -0.25151E-04   -0.13780E-03   -0.45126E-04    0.88278E-05    0.16118E-03    0.91462E-05    0.17313E-03    0.93713E-05    0.20558E-03   -0.39669E-05    0.11301E-04    0.31519E-04
    0.68526E-06   -0.43889E-05    0.61240E-06    0.14638E-04    0.20755E-04    0.16260E-04    0.16450E-04   -0.84424E-01   -0.36736E-01   -0.74908E-02   -0.33493E-03   -0.41637E-02    0.10758E-02   -0.76244E-05    0.88307E-04    0.54385E-07   -0.98063E-06   -0.32140E-04   -0.74920E-03   -0.41546E-03   -0.49385E-04    0.30392E-02   -0.64264E-03    0.42703E-03    0.38527E-02   -0.44878E-04    0.12548E-03    0.30299E-04   -0.21386E-04   -0.37673E-04    0.31233E-04   -0.22971E-05    0.30665E-04   -0.39669E-05    0.39140E-03    0.39824E-04    0.66376E-05
    0.69770E-06   -0.46541E-05    0.67280E-06    0.12305E-04    0.21071E-04    0.14553E-04    0.10884E-04   -0.41401E-01   -0.27145E-01   -0.15418E-01    0.24749E-03   -0.35777E-03    0.27838E-03   -0.92431E-05    0.10354E-04   -0.56719E-07    0.13017E-06    0.57957E-06   -0.29267E-04   -0.34604E-03    0.13476E-03    0.30157E-02   -0.35964E-04    0.42195E-06    0.53335E-02   -0.10024E-04    0.22241E-04    0.45703E-05   -0.96994E-05    0.57309E-05    0.22992E-04    0.13791E-04    0.23304E-04    0.11301E-04    0.39824E-04    0.94440E-04    0.29781E-04
    0.51933E-06   -0.29146E-05    0.50776E-06    0.92666E-05    0.11709E-04    0.70498E-05    0.10535E-04    0.16639E-02   -0.14346E-01   -0.22381E-01    0.69865E-03    0.54149E-02   -0.46800E-03    0.48349E-05   -0.13537E-04    0.58285E-07    0.12969E-05    0.36466E-04    0.12157E-02   -0.14840E-03    0.66346E-03    0.33080E-02    0.16737E-02   -0.29966E-03    0.29793E-01   -0.41541E-04   -0.30859E-03   -0.73312E-04    0.37892E-04    0.15594E-04    0.17889E-04    0.34761E-04    0.17353E-04    0.31519E-04    0.66376E-05    0.29781E-04    0.48092E-03
