# omegabh2 omegach2 theta tau omegak ns logA aps100 aps143 aps217 acib143 acib217 asz143 psr cibr cal0 cal2 xi aksz bm_1_1
    0.89706E-07   -0.49625E-06    0.88842E-07    0.96216E-06   -0.25589E-05    0.13380E-05    0.98796E-06   -0.24955E-03   -0.28636E-04    0.16335E-04   -0.19399E-03   -0.32382E-03   -0.39359E-05    0.17543E-05   -0.68686E-05   -0.22856E-08   -0.12330E-07    0.41311E-05   -0.64161E-04   -0.16590E-04
   -0.49625E-06    0.70680E-05   -0.76271E-06   -0.10612E-04    0.18409E-04   -0.16430E-04   -0.50328E-05    0.19450E-02    0.93933E-04   -0.72397E-04    0.14307E-02    0.19742E-02    0.96712E-04   -0.99296E-05    0.39521E-04   -0.45753E-07    0.10599E-06   -0.36547E-05    0.17311E-03    0.14785E-03
    0.88842E-07   -0.76271E-06    0.36246E-06    0.12391E-05   -0.30770E-05    0.22149E-05    0.10033E-05   -0.27615E-03   -0.22028E-04    0.99754E-05   -0.21453E-03   -0.27748E-03   -0.10735E-04    0.15708E-05   -0.35280E-05   -0.10546E-07   -0.66610E-08    0.35208E-05   -0.11544E-04   -0.17995E-04
    0.96216E-06   -0.10612E-04    0.12391E-05    0.19386E-03    0.52190E-04    0.37004E-04    0.36127E-03   -0.18439E-02    0.58586E-03    0.29554E-03   -0.51053E-02   -0.65612E-02   -0.79543E-03    0.24900E-04   -0.21180E-03    0.18147E-06   -0.60152E-07    0.84993E-04   -0.91128E-03   -0.31261E-03
   -0.25589E-05    0.18409E-04   -0.30770E-05    0.52190E-04    0.38606E-03   -0.45809E-04    0.13712E-03    0.11462E-01    0.24366E-03   -0.22584E-02    0.85392E-02    0.18692E-01    0.14378E-03   -0.76235E-04    0.37137E-03    0.79722E-07    0.13843E-05   -0.39081E-03    0.39736E-02    0.80269E-03
    0.13380E-05   -0.16430E-04    0.22149E-05    0.37004E-04   -0.45809E-04    0.55666E-04    0.34512E-04   -0.66431E-02    0.65884E-03    0.21284E-02   -0.81536E-02   -0.13918E-01   -0.69063E-03    0.58539E-04   -0.36123E-03    0.93418E-07   -0.51481E-06    0.11163E-03   -0.22365E-02   -0.48797E-03
    0.98796E-06   -0.50328E-05    0.10033E-05    0.36127E-03    0.13712E-03    0.34512E-04    0.71330E-03    0.30680E-02    0.21285E-02    0.13082E-02   -0.92218E-02   -0.12144E-01   -0.17343E-02    0.47149E-04   -0.45608E-03    0.24567E-06    0.28507E-06    0.24869E-03   -0.23386E-02   -0.81975E-04
   -0.24955E-03    0.19450E-02   -0.27615E-03   -0.18439E-02    0.11462E-01   -0.66431E-02    0.30680E-02    0.34142E+02    0.11844E+01    0.38485E+00    0.82901E+01    0.87764E+00   -0.21780E+01   -0.83294E-02   -0.43059E+00   -0.68086E-04    0.65919E-03    0.90264E-01   -0.56433E+00    0.12500E+01
   -0.28636E-04    0.93933E-04   -0.22028E-04    0.58586E-03    0.24366E-03    0.65884E-03    0.21285E-02    0.11844E+01    0.14220E+01    0.77088E+00   -0.22703E+01   -0.23165E+01   -0.33782E+00    0.48163E-02   -0.74906E-01    0.14756E-05    0.18700E-03    0.14418E+00   -0.58674E+00    0.54266E-02
    0.16335E-04   -0.72397E-04    0.99754E-05    0.29554E-03   -0.22584E-02    0.21284E-02    0.13082E-02    0.38485E+00    0.77088E+00    0.20711E+01   -0.20628E+01   -0.78453E+01   -0.23429E+00    0.27935E-01   -0.19006E+00    0.13608E-05   -0.61594E-03    0.89240E-01   -0.62167E+00    0.16014E-01
   -0.19399E-03    0.14307E-02   -0.21453E-03   -0.51053E-02    0.85392E-02   -0.81536E-02   -0.92218E-02    0.82901E+01   -0.22703E+01   -0.20628E+01    0.31096E+02    0.12788E+02   -0.10533E+01   -0.23858E-01   -0.33962E-01    0.42638E-04   -0.42703E-03    0.35325E+00   -0.54369E+00   -0.44121E+00
   -0.32382E-03    0.19742E-02   -0.27748E-03   -0.65612E-02    0.18692E-01   -0.13918E-01   -0.12144E-01    0.87764E+00   -0.23165E+01   -0.78453E+01    0.12788E+02    0.37992E+02    0.11661E+01   -0.12728E+00    0.90497E+00   -0.65295E-05    0.28046E-02   -0.42863E+00   -0.36357E+00   -0.58193E-01
   -0.39359E-05    0.96712E-04   -0.10735E-04   -0.79543E-03    0.14378E-03   -0.69063E-03   -0.17343E-02   -0.21780E+01   -0.33782E+00   -0.23429E+00   -0.10533E+01    0.11661E+01    0.56220E+00   -0.28753E-02    0.12789E+00   -0.48836E-05   -0.12167E-03   -0.47399E-01    0.11492E-01    0.59078E-01
    0.17543E-05   -0.99296E-05    0.15708E-05    0.24900E-04   -0.76235E-04    0.58539E-04    0.47149E-04   -0.83294E-02    0.48163E-02    0.27935E-01   -0.23858E-01   -0.12728E+00   -0.28753E-02    0.29559E-02   -0.34928E-02    0.24621E-06   -0.59397E-05    0.30573E-02   -0.45154E-02    0.40821E-03
   -0.68686E-05    0.39521E-04   -0.35280E-05   -0.21180E-03    0.37137E-03   -0.36123E-03   -0.45608E-03   -0.43059E+00   -0.74906E-01   -0.19006E+00   -0.33962E-01    0.90497E+00    0.12789E+00   -0.34928E-02    0.56448E-01   -0.16224E-05    0.34320E-04   -0.54624E-02    0.71449E-02    0.10078E-01
   -0.22856E-08   -0.45753E-07   -0.10546E-07    0.18147E-06    0.79722E-07    0.93418E-07    0.24567E-06   -0.68086E-04    0.14756E-05    0.13608E-05    0.42638E-04   -0.65295E-05   -0.48836E-05    0.24621E-06   -0.16224E-05    0.15749E-06   -0.17214E-08    0.21233E-05    0.82863E-05   -0.26083E-04
   -0.12330E-07    0.10599E-06   -0.66610E-08   -0.60152E-07    0.13843E-05   -0.51481E-06    0.28507E-06    0.65919E-03    0.18700E-03   -0.61594E-03   -0.42703E-03    0.28046E-02   -0.12167E-03   -0.59397E-05    0.34320E-04   -0.17214E-08    0.78555E-06   -0.10394E-04   -0.67008E-05    0.20350E-05
    0.41311E-05   -0.36547E-05    0.35208E-05    0.84993E-04   -0.39081E-03    0.11163E-03    0.24869E-03    0.90264E-01    0.14418E+00    0.89240E-01    0.35325E+00   -0.42863E+00   -0.47399E-01    0.30573E-02   -0.54624E-02    0.21233E-05   -0.10394E-04    0.73128E-01    0.35860E-02   -0.73188E-02
   -0.64161E-04    0.17311E-03   -0.11544E-04   -0.91128E-03    0.39736E-02   -0.22365E-02   -0.23386E-02   -0.56433E+00   -0.58674E+00   -0.62167E+00   -0.54369E+00   -0.36357E+00    0.11492E-01   -0.45154E-02    0.71449E-02    0.82863E-05   -0.67008E-05    0.35860E-02    0.20092E+01    0.19252E-01
   -0.16590E-04    0.14785E-03   -0.17995E-04   -0.31261E-03    0.80269E-03   -0.48797E-03   -0.81975E-04    0.12500E+01    0.54266E-02    0.16014E-01   -0.44121E+00   -0.58193E-01    0.59078E-01    0.40821E-03    0.10078E-01   -0.26083E-04    0.20350E-05   -0.73188E-02    0.19252E-01    0.14338E+00
