# omegabh2 omegach2 theta tau logA ns r calPlanck aps100 aps143 aps217 acib217 asz143 psr xi aksz dust100 dust143 dust217 dust143x217 cal0 cal2 calTE calEE bm_1_1
    0.2589977E-07   -0.1316742E-06    0.1928260E-07    0.1002244E-05    0.1790387E-05    0.3834391E-06    0.2220304E-06    0.1818943E-07   -0.4935137E-03   -0.2785598E-03    0.1002134E-03   -0.1326315E-03    0.3168709E-04    0.7168721E-06    0.1007169E-05   -0.4925331E-04    0.1490232E-06   -0.3648075E-06    0.1093416E-05   -0.2376998E-06    0.5542308E-08   -0.1162580E-07   -0.1091456E-06   -0.2050679E-06   -0.1710520E-05
   -0.1316742E-06    0.2104100E-05   -0.1817186E-06   -0.9294325E-05   -0.1393177E-04   -0.5226574E-05   -0.9845206E-05   -0.1888621E-06    0.2232168E-02    0.1306308E-02   -0.5643078E-03    0.6722010E-03   -0.1608638E-03   -0.3169694E-05   -0.6121196E-05    0.2220583E-03    0.1946958E-05    0.2441878E-05   -0.5167882E-05    0.7271172E-06   -0.3835568E-07    0.7469574E-07    0.1038834E-06   -0.5370294E-06    0.4162488E-05
    0.1928260E-07   -0.1817186E-06    0.9207413E-07    0.1037514E-05    0.1732913E-05    0.5514860E-06    0.5731293E-06    0.9802795E-08   -0.1713653E-03   -0.1533163E-03   -0.1449701E-04   -0.4085777E-04    0.1546992E-04    0.1191582E-06    0.2055027E-06   -0.7326635E-05   -0.6806303E-07    0.3805163E-07    0.3538274E-06    0.2624184E-06    0.3367724E-08   -0.3236764E-08   -0.5961109E-07    0.2610606E-07   -0.1949190E-05
    0.1002244E-05   -0.9294325E-05    0.1037514E-05    0.2828039E-03    0.5412594E-03    0.3353186E-04   -0.4805383E-04   -0.1125370E-05   -0.4751481E-01   -0.1857607E-01    0.1826554E-01   -0.1429715E-01    0.2654664E-02    0.1062604E-03    0.1283744E-03   -0.5292683E-02   -0.1373194E-04   -0.4075406E-04    0.8708098E-04   -0.6721537E-04    0.1567864E-06   -0.1799776E-05   -0.1682070E-04   -0.6962683E-05   -0.2875164E-04
    0.1790387E-05   -0.1393177E-04    0.1732913E-05    0.5412594E-03    0.1071791E-02    0.5359040E-04   -0.1266742E-03    0.9323228E-05   -0.8349966E-01   -0.3283701E-01    0.4172580E-01   -0.2734979E-01    0.5191150E-02    0.2324004E-03    0.2675736E-03   -0.1127702E-01   -0.2944853E-04   -0.1228884E-03    0.1891723E-03   -0.1499928E-03    0.7860353E-06   -0.3587674E-05   -0.3382589E-04   -0.1348628E-04    0.7098793E-05
    0.3834391E-06   -0.5226574E-05    0.5514860E-06    0.3353186E-04    0.5359040E-04    0.2333039E-04    0.5079658E-04    0.5599037E-06   -0.2696132E-01   -0.8231400E-02    0.1042529E-01   -0.7080740E-02    0.1130239E-02    0.6140888E-04    0.7738321E-04   -0.2748876E-02    0.1540828E-04   -0.2889267E-05    0.5346425E-04   -0.2638937E-04   -0.3054239E-06   -0.7096159E-06   -0.1011090E-05   -0.2088609E-05   -0.2466521E-05
    0.2220304E-06   -0.9845206E-05    0.5731293E-06   -0.4805383E-04   -0.1266742E-03    0.5079658E-04    0.2045571E-02    0.1814160E-05   -0.4014583E-01   -0.7896022E-02    0.2023102E-01   -0.1285808E-01    0.9693609E-03    0.1004525E-03    0.2758772E-03   -0.4040863E-02   -0.2816720E-03    0.6296160E-05    0.1190109E-03    0.1057954E-04   -0.1413197E-05   -0.1417874E-05    0.7073935E-05    0.5131334E-05    0.4244122E-03
    0.1818943E-07   -0.1888621E-06    0.9802795E-08   -0.1125370E-05    0.9323228E-05    0.5599037E-06    0.1814160E-05    0.5978373E-05    0.3036349E-02    0.2561893E-03    0.1173897E-02    0.6205697E-03    0.4652853E-04    0.4288011E-06   -0.7394735E-05   -0.9531718E-04    0.2158170E-05    0.4891738E-05    0.6236475E-05   -0.7032131E-05    0.1775517E-07   -0.7206820E-07   -0.3091506E-06   -0.8995534E-07    0.1613378E-04
   -0.4935137E-03    0.2232168E-02   -0.1713653E-03   -0.4751481E-01   -0.8349966E-01   -0.2696132E-01   -0.4014583E-01    0.3036349E-02    0.5008408E+03    0.5973079E+02   -0.6101110E+02    0.3193344E+02   -0.2246740E+02   -0.9136185E+00   -0.8500701E-01    0.9219876E+01   -0.7311279E-01    0.7253854E-01   -0.2280730E-01   -0.1937962E+00    0.5634556E-02    0.8229018E-02    0.3646883E-02    0.7392630E-02    0.1243969E+01
   -0.2785598E-03    0.1306308E-02   -0.1533163E-03   -0.1857607E-01   -0.3283701E-01   -0.8231400E-02   -0.7896022E-02    0.2561893E-03    0.5973079E+02    0.5623193E+02    0.1180018E+02    0.4634219E+01   -0.1992832E+01    0.2180631E+00    0.8079374E+00   -0.6681677E+01   -0.2107766E-01   -0.1529124E+00   -0.6917947E-01    0.1309207E+00    0.3340341E-03   -0.8357568E-03    0.2338455E-02    0.3984810E-02    0.2736801E-01
    0.1002134E-03   -0.5643078E-03   -0.1449701E-04    0.1826554E-01    0.4172580E-01    0.1042529E-01    0.2023102E-01    0.1173897E-02   -0.6101110E+02    0.1180018E+02    0.1705488E+03   -0.7731868E+02    0.4680196E+01    0.5191392E+00    0.4408743E+00   -0.9309819E+01   -0.3712859E-01   -0.7687523E-01    0.6025876E+00   -0.9702817E-01    0.1347583E-02   -0.1129298E-01    0.6349504E-03    0.1779826E-02    0.7099601E-01
   -0.1326315E-03    0.6722010E-03   -0.4085777E-04   -0.1429715E-01   -0.2734979E-01   -0.7080740E-02   -0.1285808E-01    0.6205697E-03    0.3193344E+02    0.4634219E+01   -0.7731868E+02    0.4547339E+02    0.5978453E+00   -0.8329464E-01   -0.3342270E+00   -0.1759743E+01    0.1639891E-01    0.5695832E-01   -0.4729944E+00   -0.1001649E-01   -0.3269665E-03    0.4780066E-02    0.3096680E-03    0.4754233E-03   -0.1297750E-01
    0.3168709E-04   -0.1608638E-03    0.1546992E-04    0.2654664E-02    0.5191150E-02    0.1130239E-02    0.9693609E-03    0.4652853E-04   -0.2246740E+02   -0.1992832E+01    0.4680196E+01    0.5978453E+00    0.3764331E+01    0.1466017E+00   -0.8121865E-01   -0.3083424E+01   -0.2437448E-02   -0.1874060E-01   -0.4817022E-01    0.6167981E-01    0.4419606E-03   -0.1055686E-02   -0.2076407E-03   -0.2460416E-03    0.1577675E-01
    0.7168721E-06   -0.3169694E-05    0.1191582E-06    0.1062604E-03    0.2324004E-03    0.6140888E-04    0.1004525E-03    0.4288011E-06   -0.9136185E+00    0.2180631E+00    0.5191392E+00   -0.8329464E-01    0.1466017E+00    0.1309996E-01    0.1513457E-01   -0.1677945E+00   -0.8000565E-04   -0.3056072E-03   -0.1800532E-02    0.7345822E-03    0.2036916E-04   -0.4634421E-04    0.1072508E-04    0.9054068E-05    0.1564568E-02
    0.1007169E-05   -0.6121196E-05    0.2055027E-06    0.1283744E-03    0.2675736E-03    0.7738321E-04    0.2758772E-03   -0.7394735E-05   -0.8500701E-01    0.8079374E+00    0.4408743E+00   -0.3342270E+00   -0.8121865E-01    0.1513457E-01    0.8159063E-01    0.8351609E-01   -0.3389306E-03   -0.8143090E-03   -0.1707468E-03    0.1328025E-02    0.1027104E-04   -0.3256997E-04    0.1469036E-04    0.1908980E-04    0.9056916E-03
   -0.4925331E-04    0.2220583E-03   -0.7326635E-05   -0.5292683E-02   -0.1127702E-01   -0.2748876E-02   -0.4040863E-02   -0.9531718E-04    0.9219876E+01   -0.6681677E+01   -0.9309819E+01   -0.1759743E+01   -0.3083424E+01   -0.1677945E+00    0.8351609E-01    0.7144229E+01   -0.3595938E-02    0.1090992E-01    0.5171940E-01   -0.5556997E-01   -0.3649527E-03    0.7973366E-03   -0.7279918E-04   -0.4897223E-04   -0.1705416E-01
    0.1490232E-06    0.1946958E-05   -0.6806303E-07   -0.1373194E-04   -0.2944853E-04    0.1540828E-04   -0.2816720E-03    0.2158170E-05   -0.7311279E-01   -0.2107766E-01   -0.3712859E-01    0.1639891E-01   -0.2437448E-02   -0.8000565E-04   -0.3389306E-03   -0.3595938E-02    0.3672002E-01    0.3173587E-02   -0.3509330E-03    0.4160753E-03    0.4289333E-04   -0.4998479E-05   -0.4678629E-05   -0.1944157E-04    0.2798699E-03
   -0.3648075E-06    0.2441878E-05    0.3805163E-07   -0.4075406E-04   -0.1228884E-03   -0.2889267E-05    0.6296160E-05    0.4891738E-05    0.7253854E-01   -0.1529124E+00   -0.7687523E-01    0.5695832E-01   -0.1874060E-01   -0.3056072E-03   -0.8143090E-03    0.1090992E-01    0.3173587E-02    0.3254868E-01   -0.2872396E-02    0.2917098E-02   -0.6008666E-04   -0.6076822E-04   -0.4986584E-04   -0.4447759E-04   -0.2505762E-02
    0.1093416E-05   -0.5167882E-05    0.3538274E-06    0.8708098E-04    0.1891723E-03    0.5346425E-04    0.1190109E-03    0.6236475E-05   -0.2280730E-01   -0.6917947E-01    0.6025876E+00   -0.4729944E+00   -0.4817022E-01   -0.1800532E-02   -0.1707468E-03    0.5171940E-01   -0.3509330E-03   -0.2872396E-02    0.1340031E-01    0.1115664E-01   -0.2249724E-07    0.6830029E-04    0.1485810E-04   -0.3415118E-05    0.3669507E-03
   -0.2376998E-06    0.7271172E-06    0.2624184E-06   -0.6721537E-04   -0.1499928E-03   -0.2638937E-04    0.1057954E-04   -0.7032131E-05   -0.1937962E+00    0.1309207E+00   -0.9702817E-01   -0.1001649E-01    0.6167981E-01    0.7345822E-03    0.1328025E-02   -0.5556997E-01    0.4160753E-03    0.2917098E-02    0.1115664E-01    0.3159082E-01    0.6744669E-05    0.8846231E-04   -0.1077000E-04   -0.1809255E-05    0.8802147E-03
    0.5542308E-08   -0.3835568E-07    0.3367724E-08    0.1567864E-06    0.7860353E-06   -0.3054239E-06   -0.1413197E-05    0.1775517E-07    0.5634556E-02    0.3340341E-03    0.1347583E-02   -0.3269665E-03    0.4419606E-03    0.2036916E-04    0.1027104E-04   -0.3649527E-03    0.4289333E-04   -0.6008666E-04   -0.2249724E-07    0.6744669E-05    0.9491407E-06   -0.7320061E-07    0.1568815E-06    0.4128575E-06   -0.6003097E-04
   -0.1162580E-07    0.7469574E-07   -0.3236764E-08   -0.1799776E-05   -0.3587674E-05   -0.7096159E-06   -0.1417874E-05   -0.7206820E-07    0.8229018E-02   -0.8357568E-03   -0.1129298E-01    0.4780066E-02   -0.1055686E-02   -0.4634421E-04   -0.3256997E-04    0.7973366E-03   -0.4998479E-05   -0.6076822E-04    0.6830029E-04    0.8846231E-04   -0.7320061E-07    0.3123680E-05    0.5518748E-06    0.1358901E-06    0.1460897E-04
   -0.1091456E-06    0.1038834E-06   -0.5961109E-07   -0.1682070E-04   -0.3382589E-04   -0.1011090E-05    0.7073935E-05   -0.3091506E-06    0.3646883E-02    0.2338455E-02    0.6349504E-03    0.3096680E-03   -0.2076407E-03    0.1072508E-04    0.1469036E-04   -0.7279918E-04   -0.4678629E-05   -0.4986584E-04    0.1485810E-04   -0.1077000E-04    0.1568815E-06    0.5518748E-06    0.1978974E-04    0.6155018E-05    0.4413360E-04
   -0.2050679E-06   -0.5370294E-06    0.2610606E-07   -0.6962683E-05   -0.1348628E-04   -0.2088609E-05    0.5131334E-05   -0.8995534E-07    0.7392630E-02    0.3984810E-02    0.1779826E-02    0.4754233E-03   -0.2460416E-03    0.9054068E-05    0.1908980E-04   -0.4897223E-04   -0.1944157E-04   -0.4447759E-04   -0.3415118E-05   -0.1809255E-05    0.4128575E-06    0.1358901E-06    0.6155018E-05    0.1778552E-04    0.5907911E-04
   -0.1710520E-05    0.4162488E-05   -0.1949190E-05   -0.2875164E-04    0.7098793E-05   -0.2466521E-05    0.4244122E-03    0.1613378E-04    0.1243969E+01    0.2736801E-01    0.7099601E-01   -0.1297750E-01    0.1577675E-01    0.1564568E-02    0.9056916E-03   -0.1705416E-01    0.2798699E-03   -0.2505762E-02    0.3669507E-03    0.8802147E-03   -0.6003097E-04    0.1460897E-04    0.4413360E-04    0.5907911E-04    0.9901119E+00
