# omegabh2 omegach2 theta tau logA ns r acib217 acibsz143 asz143 aps100 aps143 aps143217 aps217 aksz kgal100 t1gal143 t1gal143217 t1gal217 calib_100T calib_217T
    0.4992324E-07   -0.6393366E-07    0.3358555E-07    0.5709572E-06    0.1043949E-05    0.3806878E-06    0.1946727E-06   -0.3524146E-03   -0.1480036E-03   -0.1275170E-04   -0.7454652E-03   -0.2377694E-03    0.9203201E-04    0.1648964E-03   -0.9570936E-04    0.9155849E-03    0.4646334E-03    0.4283438E-03    0.4405078E-03   -0.5021578E-07    0.1285319E-07
   -0.6393366E-07    0.1509149E-05   -0.3518394E-07   -0.5933474E-05   -0.8883868E-05   -0.3448474E-05   -0.3211983E-05    0.2737104E-03    0.5345384E-04   -0.1260551E-03    0.3748307E-05   -0.1147581E-03   -0.5703399E-03   -0.7648171E-03    0.1893565E-03    0.2398031E-02    0.2792090E-02    0.2874318E-02    0.2977167E-02   -0.5072964E-09   -0.3845169E-07
    0.3358555E-07   -0.3518394E-07    0.1918850E-06    0.9261040E-06    0.2085905E-05    0.4403701E-06   -0.6677047E-06   -0.1183061E-03   -0.9414283E-04   -0.5702221E-04    0.4272403E-03    0.6626211E-04    0.1392324E-03    0.8862612E-04   -0.2046693E-04    0.1391552E-03   -0.1995704E-03   -0.3091640E-03   -0.3712624E-03   -0.4566275E-07    0.1433276E-07
    0.5709572E-06   -0.5933474E-05    0.9261040E-06    0.1237404E-03    0.2305781E-03    0.2269951E-04   -0.6892855E-05   -0.6210001E-02   -0.2464669E-02   -0.1187728E-03   -0.1490485E-01   -0.5909208E-02    0.1263816E-02    0.3363003E-02   -0.2416562E-02   -0.2366115E-02    0.8989839E-02    0.4647236E-02    0.2395999E-02    0.1449486E-05    0.8753696E-06
    0.1043949E-05   -0.8883868E-05    0.2085905E-05    0.2305781E-03    0.4487807E-03    0.3726990E-04   -0.3703848E-04   -0.1100165E-01   -0.4982416E-02   -0.1805520E-02   -0.3037656E-02    0.5168109E-02    0.1517565E-01    0.1753531E-01   -0.5592124E-02   -0.2278396E-01   -0.2889842E-01   -0.3784097E-01   -0.4237893E-01   -0.8792583E-07    0.1585909E-05
    0.3806878E-06   -0.3448474E-05    0.4403701E-06    0.2269951E-04    0.3726990E-04    0.2354891E-04    0.4603966E-04   -0.1105363E-01   -0.4772240E-02   -0.9825924E-03   -0.1258474E-01    0.5435164E-02    0.1440275E-01    0.1611753E-01   -0.3803692E-02   -0.3948121E-02   -0.9174785E-02   -0.9839623E-02   -0.8651698E-02    0.9672276E-07    0.3266145E-06
    0.1946727E-06   -0.3211983E-05   -0.6677047E-06   -0.6892855E-05   -0.3703848E-04    0.4603966E-04    0.1781614E-02   -0.1658046E-01   -0.9231022E-02    0.1377958E-03   -0.4311298E-01   -0.4985267E-02    0.1466039E-01    0.9067968E-02   -0.4514122E-02    0.1048448E-01    0.2748309E-02    0.1229264E-01    0.2264706E-01    0.1066025E-05   -0.1348309E-05
   -0.3524146E-03    0.2737104E-03   -0.1183061E-03   -0.6210001E-02   -0.1100165E-01   -0.1105363E-01   -0.1658046E-01    0.6885658E+02    0.2516195E+02    0.3663166E+00    0.2899153E+02   -0.1471783E+02   -0.6217926E+02   -0.8153099E+02   -0.2954492E+01   -0.1906475E+02   -0.2729128E+02   -0.3363805E+02   -0.3968734E+02    0.5151360E-03   -0.3215672E-02
   -0.1480036E-03    0.5345384E-04   -0.9414283E-04   -0.2464669E-02   -0.4982416E-02   -0.4772240E-02   -0.9231022E-02    0.2516195E+02    0.1773109E+02    0.1937813E+01   -0.6085353E+01   -0.1981645E+02   -0.4117123E+02   -0.2537975E+02   -0.1179505E+01   -0.1019243E+02   -0.1508904E+02   -0.2253946E+02   -0.2436368E+02    0.8933497E-04   -0.2162669E-03
   -0.1275170E-04   -0.1260551E-03   -0.5702221E-04   -0.1187728E-03   -0.1805520E-02   -0.9825924E-03    0.1377958E-03    0.3663166E+00    0.1937813E+01    0.5211631E+01   -0.3502799E+02   -0.1529006E+02   -0.4643731E+01   -0.5061943E+00    0.1166319E-01   -0.2159686E+01   -0.3817718E-01    0.3389829E+01    0.3621679E+01   -0.1529700E-04    0.2085454E-03
   -0.7454652E-03    0.3748307E-05    0.4272403E-03   -0.1490485E-01   -0.3037656E-02   -0.1258474E-01   -0.4311298E-01    0.2899153E+02   -0.6085353E+01   -0.3502799E+02    0.7072847E+03    0.1672644E+03    0.5907280E+02    0.3479116E+01   -0.1108542E+02   -0.7262575E+02   -0.6952478E+02   -0.7735026E+02   -0.7576691E+02   -0.5287532E-02   -0.3797087E-02
   -0.2377694E-03   -0.1147581E-03    0.6626211E-04   -0.5909208E-02    0.5168109E-02    0.5435164E-02   -0.4985267E-02   -0.1471783E+02   -0.1981645E+02   -0.1529006E+02    0.1672644E+03    0.1216023E+03    0.9367294E+02    0.5380657E+02   -0.1197042E+02   -0.2208428E+02   -0.4923102E+02   -0.4346233E+02   -0.4022828E+02   -0.1960649E-02   -0.1055523E-02
    0.9203201E-04   -0.5703399E-03    0.1392324E-03    0.1263816E-02    0.1517565E-01    0.1440275E-01    0.1466039E-01   -0.6217926E+02   -0.4117123E+02   -0.4643731E+01    0.5907280E+02    0.9367294E+02    0.1445533E+03    0.1087159E+03   -0.9354677E+01   -0.5980925E+01   -0.2250884E+02   -0.1164785E+02   -0.1082236E+02   -0.2404769E-02    0.1875815E-02
    0.1648964E-03   -0.7648171E-03    0.8862612E-04    0.3363003E-02    0.1753531E-01    0.1611753E-01    0.9067968E-02   -0.8153099E+02   -0.2537975E+02   -0.5061943E+00    0.3479116E+01    0.5380657E+02    0.1087159E+03    0.1468682E+03   -0.8403698E+01   -0.6850946E+01   -0.2557465E+02   -0.3016044E+02   -0.3087557E+02   -0.2797259E-02    0.5810212E-02
   -0.9570936E-04    0.1893565E-03   -0.2046693E-04   -0.2416562E-02   -0.5592124E-02   -0.3803692E-02   -0.4514122E-02   -0.2954492E+01   -0.1179505E+01    0.1166319E-01   -0.1108542E+02   -0.1197042E+02   -0.9354677E+01   -0.8403698E+01    0.8290232E+01   -0.1618078E+01   -0.2120162E+01   -0.2521520E+01   -0.2998152E+01   -0.1714726E-03    0.2436144E-03
    0.9155849E-03    0.2398031E-02    0.1391552E-03   -0.2366115E-02   -0.2278396E-01   -0.3948121E-02    0.1048448E-01   -0.1906475E+02   -0.1019243E+02   -0.2159686E+01   -0.7262575E+02   -0.2208428E+02   -0.5980925E+01   -0.6850946E+01   -0.1618078E+01    0.2214435E+03    0.1411765E+03    0.1380940E+03    0.1371810E+03   -0.1266571E-01    0.6667031E-03
    0.4646334E-03    0.2792090E-02   -0.1995704E-03    0.8989839E-02   -0.2889842E-01   -0.9174785E-02    0.2748309E-02   -0.2729128E+02   -0.1508904E+02   -0.3817718E-01   -0.6952478E+02   -0.4923102E+02   -0.2250884E+02   -0.2557465E+02   -0.2120162E+01    0.1411765E+03    0.2843295E+03    0.2880803E+03    0.2885695E+03    0.1152648E-01    0.7079359E-03
    0.4283438E-03    0.2874318E-02   -0.3091640E-03    0.4647236E-02   -0.3784097E-01   -0.9839623E-02    0.1229264E-01   -0.3363805E+02   -0.2253946E+02    0.3389829E+01   -0.7735026E+02   -0.4346233E+02   -0.1164785E+02   -0.3016044E+02   -0.2521520E+01    0.1380940E+03    0.2880803E+03    0.3315477E+03    0.3582844E+03    0.1156900E-01   -0.4710881E-02
    0.4405078E-03    0.2977167E-02   -0.3712624E-03    0.2395999E-02   -0.4237893E-01   -0.8651698E-02    0.2264706E-01   -0.3968734E+02   -0.2436368E+02    0.3621679E+01   -0.7576691E+02   -0.4022828E+02   -0.1082236E+02   -0.3087557E+02   -0.2998152E+01    0.1371810E+03    0.2885695E+03    0.3582844E+03    0.4118557E+03    0.1157570E-01   -0.9667260E-02
   -0.5021578E-07   -0.5072964E-09   -0.4566275E-07    0.1449486E-05   -0.8792583E-07    0.9672276E-07    0.1066025E-05    0.5151360E-03    0.8933497E-04   -0.1529700E-04   -0.5287532E-02   -0.1960649E-02   -0.2404769E-02   -0.2797259E-02   -0.1714726E-03   -0.1266571E-01    0.1152648E-01    0.1156900E-01    0.1157570E-01    0.3234197E-05   -0.3761338E-07
    0.1285319E-07   -0.3845169E-07    0.1433276E-07    0.8753696E-06    0.1585909E-05    0.3266145E-06   -0.1348309E-05   -0.3215672E-02   -0.2162669E-03    0.2085454E-03   -0.3797087E-02   -0.1055523E-02    0.1875815E-02    0.5810212E-02    0.2436144E-03    0.6667031E-03    0.7079359E-03   -0.4710881E-02   -0.9667260E-02   -0.3761338E-07    0.1440776E-05
