# omegabh2 omegach2 theta tau ns nrun logA aps100 aps143 aps217 acib143 acib217 asz143 psr cibr ncib cal0 cal2 xi aksz bm_1_1 bm_1_2 bm_1_3 bm_1_4 bm_1_5 bm_2_1 bm_2_2 bm_2_3 bm_2_4 bm_2_5 bm_3_1 bm_3_2 bm_3_3 bm_3_4 bm_3_5 bm_4_1 bm_4_2 bm_4_3 bm_4_4 bm_4_5 a_ps_act_148 a_ps_act_217 a_ps_spt_95 a_ps_spt_150 a_ps_spt_220 r_ps_spt_95x150 r_ps_spt_95x220 r_ps_150x220 act_dust_s act_dust_e cal_acts_148 cal_acts_217 cal_acte_148 cal_acte_217 cal_spt_95 cal_spt_150 cal_spt_220
    0.94030E-07   -0.39080E-06    0.88300E-07    0.19132E-05    0.99229E-06   -0.10599E-05    0.33519E-05   -0.17340E-03   -0.55955E-03   -0.59332E-03    0.32075E-05    0.92896E-04    0.25896E-04   -0.23507E-06   -0.24181E-06    0.17646E-05    0.65496E-09    0.26246E-08   -0.44181E-05   -0.57322E-04   -0.40076E-05   -0.22102E-05   -0.85997E-05    0.66273E-05    0.63106E-05    0.74179E-05    0.74230E-05   -0.36268E-05    0.45728E-05   -0.49232E-05   -0.11270E-04    0.18336E-05    0.87006E-05    0.31699E-05   -0.28189E-05   -0.31967E-05    0.46138E-05    0.46600E-05    0.63947E-05    0.62833E-05    0.78201E-05    0.14110E-04    0.19210E-04    0.17148E-04    0.30526E-04   -0.38534E-06   -0.27149E-06    0.60691E-07   -0.17075E-05   -0.51285E-06    0.32415E-06    0.28735E-06    0.29920E-06    0.28375E-06    0.67226E-06    0.67610E-06    0.43375E-06
   -0.39080E-06    0.72936E-05   -0.77062E-06   -0.12955E-04   -0.16570E-04   -0.15815E-05   -0.82488E-05    0.28326E-02    0.46414E-02    0.38677E-02   -0.71063E-05   -0.43529E-03   -0.17772E-03    0.48984E-05   -0.50965E-06   -0.73717E-05    0.25895E-08   -0.70199E-07    0.39197E-04    0.18124E-03    0.90678E-04   -0.13522E-04    0.32356E-05   -0.11275E-03    0.18590E-04   -0.91466E-04    0.54512E-04   -0.30581E-04    0.19983E-05   -0.41217E-04    0.17897E-04    0.42239E-04    0.10980E-04   -0.23895E-04   -0.13427E-04   -0.59037E-04   -0.89258E-05    0.41274E-04    0.71235E-04   -0.13924E-04   -0.17460E-04   -0.22006E-03   -0.84893E-04   -0.75230E-04   -0.39546E-03    0.36756E-05    0.40535E-05    0.70052E-07    0.55489E-05   -0.49662E-06   -0.23023E-05   -0.24071E-05   -0.24443E-05   -0.22321E-05   -0.43313E-05   -0.40957E-05   -0.35613E-05
    0.88300E-07   -0.77062E-06    0.40201E-06    0.21003E-05    0.22824E-05   -0.18087E-06    0.27635E-05   -0.61544E-05   -0.47372E-03   -0.57727E-03    0.59318E-05    0.10275E-03    0.36920E-04    0.12017E-06    0.11120E-06    0.14820E-05    0.10587E-08    0.60757E-09   -0.68073E-05   -0.53534E-04    0.24953E-06    0.45481E-05   -0.60011E-05    0.10543E-04    0.15322E-05    0.22332E-04   -0.66090E-05   -0.14326E-05   -0.48451E-05    0.12095E-04    0.66895E-05    0.62329E-05    0.83571E-05    0.69671E-05    0.31801E-06    0.23770E-04   -0.18562E-05    0.66864E-05   -0.50839E-05    0.35854E-05   -0.17270E-05    0.34732E-04    0.24402E-04    0.11941E-04    0.82681E-05   -0.78440E-06   -0.14056E-06    0.51157E-07   -0.11902E-05   -0.37731E-06    0.31643E-06    0.21528E-06    0.36077E-06    0.31186E-06    0.54631E-06    0.67375E-06    0.36227E-06
    0.19132E-05   -0.12955E-04    0.21003E-05    0.25629E-03    0.38005E-04   -0.57678E-04    0.49368E-03   -0.21354E-01   -0.58969E-02   -0.96763E-02    0.94428E-04    0.23739E-02    0.55435E-03    0.33155E-05    0.34043E-05    0.34988E-04   -0.12205E-06    0.16071E-06   -0.12814E-03   -0.19581E-02    0.10002E-03   -0.38809E-03   -0.32274E-03    0.13588E-03    0.27530E-03    0.49924E-03   -0.37316E-03   -0.11676E-03   -0.29414E-03   -0.59854E-03   -0.13659E-03   -0.10608E-03    0.16555E-03   -0.66096E-03   -0.20804E-04    0.25624E-03    0.27426E-03   -0.62034E-03    0.30524E-04   -0.49275E-03    0.21520E-03    0.70331E-03    0.60038E-03    0.42115E-03    0.72056E-03   -0.16431E-04   -0.22136E-04   -0.55925E-05   -0.18354E-06   -0.32117E-04    0.32430E-05    0.54098E-05    0.51954E-05    0.52216E-05    0.10539E-04    0.10628E-04    0.80349E-05
    0.99229E-06   -0.16570E-04    0.22824E-05    0.38005E-04    0.55068E-04    0.12116E-04    0.30497E-04   -0.40429E-01   -0.26844E-01   -0.20598E-01    0.75324E-05    0.28955E-02    0.12367E-02   -0.24919E-04   -0.83609E-05    0.55806E-04   -0.13056E-06    0.30201E-06   -0.27416E-03   -0.21106E-02   -0.46817E-03   -0.26924E-03   -0.75322E-04    0.38332E-03    0.11077E-05    0.58434E-03   -0.64572E-04    0.11384E-03   -0.10170E-03    0.72612E-04    0.20230E-03   -0.29277E-03    0.20159E-04   -0.63617E-04   -0.16053E-03    0.55756E-03    0.15253E-03   -0.55395E-04   -0.19077E-03   -0.65629E-04    0.97074E-04    0.12787E-02    0.47789E-03    0.36114E-03    0.93160E-03   -0.24833E-04   -0.31133E-04    0.48556E-07   -0.37223E-04   -0.11972E-04    0.11496E-04    0.11743E-04    0.12482E-04    0.10905E-04    0.21581E-04    0.18551E-04    0.12250E-04
   -0.10599E-05   -0.15815E-05   -0.18087E-06   -0.57678E-04    0.12116E-04    0.79990E-04   -0.14009E-03   -0.38255E-01   -0.22995E-01   -0.15855E-01    0.51944E-05    0.18111E-02    0.85799E-03   -0.31051E-04    0.18302E-05    0.32800E-04   -0.84126E-07    0.97622E-08   -0.19206E-03   -0.13539E-02   -0.90478E-03   -0.96177E-04    0.17729E-03    0.11609E-03   -0.94042E-04   -0.82581E-04   -0.25841E-04    0.94032E-04   -0.37385E-04    0.43867E-03    0.23256E-03   -0.42036E-03    0.68282E-04   -0.39440E-04    0.12195E-03    0.15525E-03   -0.28148E-03    0.15600E-03   -0.24860E-03   -0.35997E-04    0.77259E-04    0.14954E-02    0.65952E-04    0.26512E-03    0.10069E-02   -0.82988E-05   -0.99269E-05   -0.13123E-05   -0.19060E-04    0.40652E-05    0.78657E-05    0.11021E-04    0.10323E-04    0.97086E-05    0.16702E-04    0.12741E-04    0.70759E-05
    0.33519E-05   -0.82488E-05    0.27635E-05    0.49368E-03    0.30497E-04   -0.14009E-03    0.10037E-02   -0.38490E-01    0.17177E-02   -0.75922E-02    0.75221E-04    0.35248E-02    0.60322E-03    0.23893E-04    0.33515E-05    0.54497E-04   -0.14429E-06    0.38225E-06   -0.18240E-03   -0.35395E-02    0.99732E-03   -0.65993E-03   -0.78163E-03   -0.55705E-04    0.64393E-03    0.10946E-02   -0.38231E-03   -0.35035E-03   -0.53362E-03   -0.14736E-02   -0.22083E-03    0.71246E-04    0.33834E-03   -0.13313E-02   -0.82051E-04    0.56097E-03    0.77777E-03   -0.10099E-02    0.41489E-03   -0.99235E-03    0.37213E-03    0.56370E-03    0.11464E-02    0.59573E-03    0.12741E-03   -0.37307E-04   -0.50769E-04   -0.11353E-04    0.22041E-04   -0.62826E-04   -0.38819E-08    0.29704E-05    0.30609E-05    0.28176E-05    0.72365E-05    0.95724E-05    0.58886E-05
   -0.17340E-03    0.28326E-02   -0.61544E-05   -0.21354E-01   -0.40429E-01   -0.38255E-01   -0.38490E-01    0.16475E+04    0.10086E+03    0.24931E+02    0.64129E+00   -0.16224E+01   -0.10817E+02   -0.47980E-01   -0.44438E-01   -0.97882E-01    0.13617E-02   -0.37171E-02    0.12006E+01    0.82831E+01    0.16737E+02   -0.58415E+01    0.22826E+01    0.64530E+00    0.16137E-01   -0.28443E+01   -0.54183E+01    0.50805E+00    0.10178E+01   -0.41736E+00   -0.93101E+00    0.15743E+01    0.26114E-01    0.41660E+00   -0.35351E+01   -0.23766E+01   -0.16130E+01   -0.25432E+01   -0.10222E+01    0.46271E+01    0.35754E+00   -0.14895E+01    0.47865E+01   -0.73203E+00    0.45835E+01   -0.23910E-01   -0.32992E+00   -0.82379E-01    0.14505E-01    0.29564E-01   -0.28480E-01   -0.51484E-02   -0.26162E-01    0.35109E-02   -0.76484E-01   -0.41422E-01    0.40066E-03
   -0.55955E-03    0.46414E-02   -0.47372E-03   -0.58969E-02   -0.26844E-01   -0.22995E-01    0.17177E-02    0.10086E+03    0.72443E+02    0.23719E+02    0.18102E+00   -0.12002E+01   -0.25283E+01    0.30522E-01    0.18764E-01   -0.49462E-01    0.10620E-03   -0.96973E-03    0.28790E+00    0.12535E+01    0.25590E+00    0.61405E-01    0.14992E-01   -0.61331E-01   -0.84203E-01    0.11066E+00   -0.30179E+00   -0.11574E+00   -0.26051E+00   -0.62703E-01   -0.30993E+00    0.41017E+00   -0.19793E+00   -0.77691E-01    0.27631E+00   -0.65673E-01   -0.89034E-01   -0.39243E+00   -0.46367E-01    0.17085E+00    0.28929E+00   -0.17296E+01    0.96387E+00   -0.30145E+00   -0.64594E+00    0.11123E-01   -0.47579E-01   -0.33028E-01    0.48100E-01    0.16830E-01   -0.15786E-01   -0.12256E-01   -0.17280E-01   -0.91013E-02   -0.35628E-01   -0.24646E-01   -0.10277E-01
   -0.59332E-03    0.38677E-02   -0.57727E-03   -0.96763E-02   -0.20598E-01   -0.15855E-01   -0.75922E-02    0.24931E+02    0.23719E+02    0.10119E+03   -0.84322E+00   -0.34543E+02    0.25908E-01   -0.34702E+00   -0.39460E-01   -0.46500E+00    0.34792E-04    0.77088E-05    0.10785E+00    0.13647E+01    0.20989E+00    0.22238E-01   -0.30945E+00   -0.71295E-01   -0.19227E-01   -0.21680E+00    0.25821E+00   -0.26088E+00   -0.33985E+00   -0.39073E+00   -0.19692E-01    0.53746E+00   -0.24499E+00    0.29185E+00   -0.37743E-01   -0.21347E+00    0.18262E+00    0.10287E+00    0.47852E+00   -0.44228E+00    0.10139E+00    0.17310E+02   -0.92669E+00    0.48646E+00    0.89931E+01   -0.24744E-01   -0.59821E-01    0.11232E-02    0.63161E-01    0.58575E-01   -0.92922E-02   -0.30195E-01   -0.92324E-02   -0.33294E-01   -0.16246E-01   -0.15820E-01   -0.54685E-01
    0.32075E-05   -0.71063E-05    0.59318E-05    0.94428E-04    0.75324E-05    0.51944E-05    0.75221E-04    0.64129E+00    0.18102E+00   -0.84322E+00    0.64296E+00    0.10345E+01    0.49887E+00    0.10100E-02   -0.45252E-02   -0.46673E-02   -0.23380E-05    0.94249E-04    0.13978E-01   -0.85643E+00   -0.17991E-01    0.72001E-02    0.31387E-01   -0.66813E-03   -0.29470E-01   -0.24084E-01    0.27594E-01    0.26913E-01    0.34525E-01   -0.27123E-01    0.64902E-02   -0.35852E-01   -0.10028E-01   -0.23571E-01    0.19778E-02   -0.28393E-01    0.29329E-01    0.18729E-01    0.13207E-01    0.12921E-01    0.65839E-01   -0.61900E-01   -0.19260E+00   -0.11695E-01    0.55611E-01    0.48418E-01    0.44724E-01   -0.43926E-02   -0.61096E-03   -0.31674E-02    0.14968E-03    0.38785E-03    0.19742E-03    0.38865E-03   -0.12268E-02    0.69935E-03    0.17379E-02
    0.92896E-04   -0.43529E-03    0.10275E-03    0.23739E-02    0.28955E-02    0.18111E-02    0.35248E-02   -0.16224E+01   -0.12002E+01   -0.34543E+02    0.10345E+01    0.20135E+02    0.16478E+01    0.19335E+00    0.23131E-01    0.26810E+00    0.20838E-05   -0.33190E-04   -0.33093E+00   -0.39893E+01    0.89915E-01   -0.44444E-01    0.12522E+00    0.37572E-01   -0.35177E-01    0.17826E+00    0.11485E+00    0.10480E-01    0.16235E+00    0.20993E-01    0.72441E-01   -0.47685E+00   -0.99508E-01   -0.35123E+00   -0.83696E-01    0.18724E+00   -0.49749E-01    0.81680E-01   -0.67979E-01    0.19040E+00   -0.29287E+00   -0.10861E+02    0.34547E-01   -0.66683E+00   -0.72729E+01    0.45909E-01    0.46447E-01   -0.11441E-01   -0.20285E-01   -0.21361E-01   -0.43635E-03    0.72859E-02   -0.87874E-03    0.93208E-02    0.53875E-03   -0.42115E-03    0.18640E-01
    0.25896E-04   -0.17772E-03    0.36920E-04    0.55435E-03    0.12367E-02    0.85799E-03    0.60322E-03   -0.10817E+02   -0.25283E+01    0.25908E-01    0.49887E+00    0.16478E+01    0.17894E+01    0.13335E-01    0.18557E-01    0.12144E-01    0.47231E-05   -0.11127E-03   -0.17105E+00   -0.21842E+01    0.34499E-01    0.18625E-01   -0.48053E-02    0.47313E-01   -0.74471E-02    0.80294E-01    0.14507E+00   -0.25273E-01   -0.84277E-01   -0.34492E-01    0.20113E-01   -0.32916E-01   -0.82752E-01   -0.10339E+00   -0.33599E-01    0.67445E-01    0.42852E-01    0.71634E-01    0.16827E-01   -0.13246E+00   -0.71412E-01   -0.50717E+00   -0.70196E+00   -0.74976E-01   -0.94781E+00    0.38799E-01    0.61895E-01   -0.14246E-02   -0.42255E-02   -0.75593E-02    0.68184E-03   -0.19942E-02    0.69739E-03   -0.19651E-02    0.34972E-02    0.10752E-02   -0.18611E-02
   -0.23507E-06    0.48984E-05    0.12017E-06    0.33155E-05   -0.24919E-04   -0.31051E-04    0.23893E-04   -0.47980E-01    0.30522E-01   -0.34702E+00    0.10100E-02    0.19335E+00    0.13335E-01    0.40125E-02   -0.41398E-04    0.27561E-02    0.21596E-06   -0.93322E-06   -0.19521E-03   -0.12507E-01    0.96336E-03    0.48479E-02    0.32153E-02   -0.92239E-03   -0.43398E-03    0.31711E-02   -0.11751E-02    0.23481E-02   -0.37465E-02    0.39742E-02   -0.17088E-02    0.67818E-03   -0.24276E-02    0.51420E-03    0.21964E-02    0.18928E-02   -0.90582E-03   -0.83925E-03   -0.71769E-02   -0.33673E-02    0.26266E-03   -0.13862E+00   -0.66188E-02   -0.22939E-02   -0.93943E-01    0.33062E-03    0.14300E-02    0.33391E-03   -0.10021E-03    0.25588E-04   -0.22278E-04   -0.12863E-04   -0.34156E-04    0.22187E-04    0.30267E-04   -0.33755E-04    0.16045E-03
   -0.24181E-06   -0.50965E-06    0.11120E-06    0.34043E-05   -0.83609E-05    0.18302E-05    0.33515E-05   -0.44438E-01    0.18764E-01   -0.39460E-01   -0.45252E-02    0.23131E-01    0.18557E-01   -0.41398E-04    0.27630E-02   -0.21796E-03    0.54169E-06    0.41773E-05   -0.43115E-03   -0.10203E-01    0.87106E-03    0.68486E-03    0.10242E-02   -0.55466E-03    0.22477E-03   -0.15382E-02    0.26159E-02   -0.13449E-02   -0.32867E-03   -0.15030E-04    0.21995E-02    0.53685E-03    0.63509E-05   -0.31050E-02    0.69673E-04    0.38560E-03   -0.26820E-03    0.24251E-02    0.25707E-02   -0.10435E-02    0.64291E-02    0.30337E-02   -0.12239E-01    0.38519E-02    0.67883E-02    0.22274E-04    0.13391E-02   -0.39838E-03   -0.59922E-04   -0.34662E-03    0.42456E-06    0.35919E-04   -0.94132E-06    0.36206E-04    0.78842E-04   -0.61395E-06    0.67767E-04
    0.17646E-05   -0.73717E-05    0.14820E-05    0.34988E-04    0.55806E-04    0.32800E-04    0.54497E-04   -0.97882E-01   -0.49462E-01   -0.46500E+00   -0.46673E-02    0.26810E+00    0.12144E-01    0.27561E-02   -0.21796E-03    0.49307E-02    0.32131E-07   -0.10916E-04   -0.52487E-02   -0.31013E-01    0.39658E-02   -0.46196E-02   -0.81736E-03    0.48408E-03    0.24739E-03    0.47786E-02    0.32523E-02   -0.17588E-02    0.67111E-02   -0.14385E-02   -0.26896E-02   -0.11235E-01   -0.58852E-03   -0.62053E-02   -0.58314E-02    0.17222E-02   -0.12150E-02    0.40263E-02    0.25014E-02    0.90892E-02   -0.85117E-02   -0.17816E+00    0.43236E-02   -0.10027E-01   -0.13398E+00   -0.73339E-03   -0.47780E-03    0.24295E-03   -0.33525E-03   -0.96357E-04   -0.98129E-06    0.57628E-04   -0.76249E-05    0.88114E-04    0.72599E-04   -0.16460E-04    0.15877E-03
    0.65496E-09    0.25895E-08    0.10587E-08   -0.12205E-06   -0.13056E-06   -0.84126E-07   -0.14429E-06    0.13617E-02    0.10620E-03    0.34792E-04   -0.23380E-05    0.20838E-05    0.47231E-05    0.21596E-06    0.54169E-06    0.32131E-07    0.16176E-06    0.64580E-08    0.35522E-06   -0.52504E-06   -0.29887E-04   -0.16493E-04   -0.10648E-04   -0.75808E-05    0.55318E-05    0.66148E-05    0.15151E-05    0.87419E-05    0.45297E-05    0.59555E-05   -0.33111E-05    0.54739E-05   -0.19317E-05    0.77516E-05    0.69919E-05    0.30917E-06    0.84114E-05    0.10527E-06   -0.42932E-05    0.70721E-05   -0.21507E-05    0.90726E-05   -0.40457E-05    0.14042E-05   -0.46856E-04   -0.11738E-06    0.82658E-06    0.37581E-07    0.62991E-06   -0.63157E-07   -0.71710E-07    0.57610E-07   -0.35193E-07    0.33443E-07   -0.25643E-08   -0.11370E-06   -0.17643E-06
    0.26246E-08   -0.70199E-07    0.60757E-09    0.16071E-06    0.30201E-06    0.97622E-08    0.38225E-06   -0.37171E-02   -0.96973E-03    0.77088E-05    0.94249E-04   -0.33190E-04   -0.11127E-03   -0.93322E-06    0.41773E-05   -0.10916E-04    0.64580E-08    0.11349E-05    0.34800E-04    0.10179E-03    0.36314E-04    0.67655E-04   -0.10816E-04   -0.24412E-04   -0.25448E-04    0.37398E-03    0.74280E-04    0.44343E-04    0.27846E-04    0.63687E-04   -0.34695E-03    0.58293E-04   -0.32286E-04    0.10531E-03   -0.14454E-04    0.31979E-04    0.10281E-03    0.51848E-05   -0.84978E-04    0.24548E-04    0.68808E-04    0.29657E-03    0.34015E-04    0.38890E-04    0.49992E-03    0.69603E-05    0.47594E-05   -0.30403E-05    0.12665E-05   -0.25696E-05    0.31728E-06    0.10429E-05    0.23211E-06    0.89309E-06   -0.85673E-07    0.57328E-06    0.14734E-05
   -0.44181E-05    0.39197E-04   -0.68073E-05   -0.12814E-03   -0.27416E-03   -0.19206E-03   -0.18240E-03    0.12006E+01    0.28790E+00    0.10785E+00    0.13978E-01   -0.33093E+00   -0.17105E+00   -0.19521E-03   -0.43115E-03   -0.52487E-02    0.35522E-06    0.34800E-04    0.65860E-01    0.36006E+00   -0.77544E-02    0.87406E-02    0.94647E-02   -0.12669E-01   -0.35170E-02   -0.21141E-01   -0.18746E-01    0.19851E-01    0.25599E-01    0.32119E-02   -0.20800E-01    0.25089E-02    0.17977E-01    0.23850E-01   -0.44017E-03   -0.33860E-01    0.18719E-02   -0.40565E-02   -0.91887E-02    0.31256E-01    0.67379E-01    0.99770E-01   -0.78519E-02    0.58946E-01    0.18812E+00    0.59683E-02    0.10900E-01    0.11603E-02    0.57644E-03    0.10844E-02    0.22249E-04    0.14300E-03   -0.45211E-05    0.12846E-03   -0.33829E-03    0.14080E-03    0.54886E-03
   -0.57322E-04    0.18124E-03   -0.53534E-04   -0.19581E-02   -0.21106E-02   -0.13539E-02   -0.35395E-02    0.82831E+01    0.12535E+01    0.13647E+01   -0.85643E+00   -0.39893E+01   -0.21842E+01   -0.12507E-01   -0.10203E-01   -0.31013E-01   -0.52504E-06    0.10179E-03    0.36006E+00    0.44216E+01   -0.23979E-01    0.14810E-01    0.30379E-01   -0.96679E-01   -0.50842E-02   -0.10731E+00   -0.19650E+00    0.96952E-01    0.14487E+00    0.81487E-01   -0.12167E+00    0.87689E-01    0.13104E+00    0.18247E+00    0.14394E-01   -0.16365E+00   -0.38553E-01   -0.71025E-01   -0.82728E-01    0.22574E+00    0.90612E-01    0.90939E+00    0.22970E+00    0.22585E+00    0.15109E+01   -0.39819E-01   -0.17877E-01    0.17133E-01    0.14139E-02    0.50875E-02    0.41903E-03    0.16274E-02    0.30557E-03    0.16717E-02    0.16611E-03    0.71989E-03    0.23654E-02
   -0.40076E-05    0.90678E-04    0.24953E-06    0.10002E-03   -0.46817E-03   -0.90478E-03    0.99732E-03    0.16737E+02    0.25590E+00    0.20989E+00   -0.17991E-01    0.89915E-01    0.34499E-01    0.96336E-03    0.87106E-03    0.39658E-02   -0.29887E-04    0.36314E-04   -0.77544E-02   -0.23979E-01    0.63687E+00   -0.11209E+00    0.13806E-01    0.15323E-01   -0.62878E-02    0.16125E+00   -0.38377E-01    0.13955E-01    0.16501E-01   -0.55613E-01    0.18439E-01    0.44916E-01   -0.19985E-02   -0.17736E-01   -0.13695E+00    0.12354E+00    0.69526E-01    0.50755E-03    0.75567E-02    0.84157E-01   -0.14781E-01   -0.12066E+00   -0.18845E-01   -0.17151E-01   -0.49028E-01   -0.17554E-02   -0.11000E-02    0.16293E-03   -0.14295E-02    0.15402E-03   -0.14436E-03   -0.33123E-03   -0.73627E-04   -0.17731E-03   -0.16914E-03   -0.29800E-03   -0.10132E-03
   -0.22102E-05   -0.13522E-04    0.45481E-05   -0.38809E-03   -0.26924E-03   -0.96177E-04   -0.65993E-03   -0.58415E+01    0.61405E-01    0.22238E-01    0.72001E-02   -0.44444E-01    0.18625E-01    0.48479E-02    0.68486E-03   -0.46196E-02   -0.16493E-04    0.67655E-04    0.87406E-02    0.14810E-01   -0.11209E+00    0.82672E+00    0.18525E-01   -0.67520E-01   -0.58547E-01   -0.87558E-01    0.18590E+00    0.14010E-01   -0.75346E-01    0.17593E-01   -0.84696E-01    0.55788E-01   -0.48281E-02   -0.10487E-01    0.17892E+00   -0.14099E+00    0.35822E-01    0.89085E-01    0.31218E-01   -0.23251E+00    0.18822E-01   -0.11632E-01   -0.18358E-01    0.15840E-01   -0.35467E-01    0.13624E-02    0.25084E-02    0.11886E-03    0.15254E-02   -0.13976E-02   -0.11088E-03   -0.16757E-03   -0.15392E-03   -0.25473E-03   -0.44987E-03   -0.11324E-03    0.48807E-03
   -0.85997E-05    0.32356E-05   -0.60011E-05   -0.32274E-03   -0.75322E-04    0.17729E-03   -0.78163E-03    0.22826E+01    0.14992E-01   -0.30945E+00    0.31387E-01    0.12522E+00   -0.48053E-02    0.32153E-02    0.10242E-02   -0.81736E-03   -0.10648E-04   -0.10816E-04    0.94647E-02    0.30379E-01    0.13806E-01    0.18525E-01    0.10136E+01   -0.64505E-01   -0.52593E-01   -0.53161E-01   -0.76129E-01    0.11566E+00    0.42720E-01    0.13485E+00    0.28577E-01   -0.23073E-02    0.57746E-01   -0.82288E-01    0.41731E-01   -0.11226E-01   -0.57083E-01    0.74673E-02   -0.14990E+00    0.11253E+00    0.26471E-01   -0.81503E-01   -0.22501E-01    0.16120E-01    0.47249E-01    0.35122E-02    0.46984E-02   -0.37854E-03    0.82065E-03   -0.25686E-02   -0.54806E-04   -0.14675E-03   -0.10173E-03    0.11270E-03   -0.25184E-03   -0.16109E-03    0.28053E-03
    0.66273E-05   -0.11275E-03    0.10543E-04    0.13588E-03    0.38332E-03    0.11609E-03   -0.55705E-04    0.64530E+00   -0.61331E-01   -0.71295E-01   -0.66813E-03    0.37572E-01    0.47313E-01   -0.92239E-03   -0.55466E-03    0.48408E-03   -0.75808E-05   -0.24412E-04   -0.12669E-01   -0.96679E-01    0.15323E-01   -0.67520E-01   -0.64505E-01    0.96707E+00    0.21613E-01    0.36118E-01   -0.16578E+00    0.33304E-01   -0.10405E+00    0.41989E-01    0.77692E-02    0.91184E-01    0.54694E-01    0.73435E-01   -0.10079E+00    0.47790E-01   -0.15026E-01   -0.87587E-01   -0.11142E+00    0.56446E-01   -0.18747E-01    0.31734E-01   -0.18291E-01   -0.14821E-01    0.50654E-01   -0.39779E-03   -0.27263E-02   -0.37473E-03   -0.19979E-04    0.12454E-02    0.33846E-04   -0.19143E-03    0.14483E-03    0.14272E-03    0.41966E-04    0.26370E-03    0.19563E-03
    0.63106E-05    0.18590E-04    0.15322E-05    0.27530E-03    0.11077E-05   -0.94042E-04    0.64393E-03    0.16137E-01   -0.84203E-01   -0.19227E-01   -0.29470E-01   -0.35177E-01   -0.74471E-02   -0.43398E-03    0.22477E-03    0.24739E-03    0.55318E-05   -0.25448E-04   -0.35170E-02   -0.50842E-02   -0.62878E-02   -0.58547E-01   -0.52593E-01    0.21613E-01    0.88528E+00    0.78411E-02    0.35736E-01   -0.99764E-01   -0.17928E-01    0.79193E-01    0.49326E-01   -0.22348E-01   -0.86112E-01    0.53705E-01    0.83788E-01    0.78430E-01   -0.11473E+00    0.71526E-01    0.13120E-01   -0.14809E-01   -0.13586E-01    0.33003E-02    0.32250E-01   -0.27886E-02   -0.38397E-01   -0.34551E-02   -0.33162E-02    0.13019E-03   -0.21231E-02    0.39639E-02    0.18797E-05   -0.94706E-04    0.63128E-04    0.55985E-04    0.49414E-04    0.96613E-04   -0.78071E-04
    0.74179E-05   -0.91466E-04    0.22332E-04    0.49924E-03    0.58434E-03   -0.82581E-04    0.10946E-02   -0.28443E+01    0.11066E+00   -0.21680E+00   -0.24084E-01    0.17826E+00    0.80294E-01    0.31711E-02   -0.15382E-02    0.47786E-02    0.66148E-05    0.37398E-03   -0.21141E-01   -0.10731E+00    0.16125E+00   -0.87558E-01   -0.53161E-01    0.36118E-01    0.78411E-02    0.71619E+00    0.15399E-01    0.37947E-01   -0.10175E-01   -0.20513E-01    0.53451E-01    0.93414E-01   -0.31893E-01    0.59431E-01   -0.66172E-01    0.54738E+00    0.24550E+00   -0.10569E-01   -0.41008E-01    0.74237E-01   -0.25675E-01   -0.68329E-01   -0.11225E-02   -0.12159E-01   -0.91828E-01   -0.32588E-02   -0.30081E-02    0.65236E-03   -0.11571E-02   -0.18639E-02    0.25809E-03    0.10417E-03    0.22765E-03    0.16438E-04    0.98847E-03    0.26630E-03   -0.19764E-04
    0.74230E-05    0.54512E-04   -0.66090E-05   -0.37316E-03   -0.64572E-04   -0.25841E-04   -0.38231E-03   -0.54183E+01   -0.30179E+00    0.25821E+00    0.27594E-01    0.11485E+00    0.14507E+00   -0.11751E-02    0.26159E-02    0.32523E-02    0.15151E-05    0.74280E-04   -0.18746E-01   -0.19650E+00   -0.38377E-01    0.18590E+00   -0.76129E-01   -0.16578E+00    0.35736E-01    0.15399E-01    0.93230E+00   -0.46015E-01   -0.31724E-01   -0.14693E-01    0.46056E-01    0.25361E-01   -0.95672E-01   -0.14948E-01    0.81043E-01   -0.40340E-01    0.21782E+00    0.72873E+00    0.29011E+00   -0.22420E+00    0.21816E-02   -0.83804E-01   -0.36529E-01   -0.67516E-02   -0.14264E+00    0.12639E-02    0.22997E-02   -0.47275E-03    0.28025E-02   -0.24055E-02    0.14081E-03   -0.23541E-03    0.12651E-03   -0.29381E-03    0.47695E-03    0.70735E-04   -0.47728E-03
   -0.36268E-05   -0.30581E-04   -0.14326E-05   -0.11676E-03    0.11384E-03    0.94032E-04   -0.35035E-03    0.50805E+00   -0.11574E+00   -0.26088E+00    0.26913E-01    0.10480E-01   -0.25273E-01    0.23481E-02   -0.13449E-02   -0.17588E-02    0.87419E-05    0.44343E-04    0.19851E-01    0.96952E-01    0.13955E-01    0.14010E-01    0.11566E+00    0.33304E-01   -0.99764E-01    0.37947E-01   -0.46015E-01    0.90883E+00    0.12607E+00   -0.18738E-01    0.53182E-01   -0.36919E-01    0.11114E+00    0.13436E+00   -0.17583E+00   -0.16308E+00    0.58964E+00    0.76394E-01   -0.53600E+00    0.28950E+00    0.29398E-01    0.24169E-01    0.13755E-02    0.28040E-01   -0.11056E-01    0.34263E-02    0.67860E-02    0.65582E-03    0.21457E-02   -0.64141E-03    0.12202E-03    0.10086E-03    0.28681E-04    0.29050E-03   -0.10674E-03    0.18309E-03    0.11493E-03
    0.45728E-05    0.19983E-05   -0.48451E-05   -0.29414E-03   -0.10170E-03   -0.37385E-04   -0.53362E-03    0.10178E+01   -0.26051E+00   -0.33985E+00    0.34525E-01    0.16235E+00   -0.84277E-01   -0.37465E-02   -0.32867E-03    0.67111E-02    0.45297E-05    0.27846E-04    0.25599E-01    0.14487E+00    0.16501E-01   -0.75346E-01    0.42720E-01   -0.10405E+00   -0.17928E-01   -0.10175E-01   -0.31724E-01    0.12607E+00    0.10474E+01   -0.70163E-01   -0.45982E-01   -0.69762E-01   -0.61763E-01    0.66025E-01   -0.17560E+00   -0.13690E+00    0.20218E+00   -0.56298E-01    0.26648E+00    0.76006E+00    0.16357E-01   -0.13187E+00    0.61913E-03    0.11330E-01   -0.58370E-01    0.41642E-02    0.38310E-02   -0.46653E-04   -0.75525E-03   -0.75462E-04    0.19758E-03    0.37507E-03    0.25530E-03    0.36795E-03   -0.63841E-04    0.10319E-03    0.33187E-03
   -0.49232E-05   -0.41217E-04    0.12095E-04   -0.59854E-03    0.72612E-04    0.43867E-03   -0.14736E-02   -0.41736E+00   -0.62703E-01   -0.39073E+00   -0.27123E-01    0.20993E-01   -0.34492E-01    0.39742E-02   -0.15030E-04   -0.14385E-02    0.59555E-05    0.63687E-04    0.32119E-02    0.81487E-01   -0.55613E-01    0.17593E-01    0.13485E+00    0.41989E-01    0.79193E-01   -0.20513E-01   -0.14693E-01   -0.18738E-01   -0.70163E-01    0.93870E+00   -0.87412E-01    0.90565E-01    0.78456E-01    0.12993E+00    0.41196E-01    0.91942E-01   -0.55435E+00    0.36174E+00   -0.32538E+00    0.17493E+00    0.42738E-02   -0.74054E-02   -0.11505E-01    0.47560E-02    0.95828E-02   -0.75060E-03    0.63208E-03    0.50124E-03   -0.74195E-03   -0.17375E-02    0.80239E-04   -0.13462E-04    0.47529E-04    0.10340E-03    0.40432E-04   -0.14836E-05    0.66269E-04
   -0.11270E-04    0.17897E-04    0.66895E-05   -0.13659E-03    0.20230E-03    0.23256E-03   -0.22083E-03   -0.93101E+00   -0.30993E+00   -0.19692E-01    0.64902E-02    0.72441E-01    0.20113E-01   -0.17088E-02    0.21995E-02   -0.26896E-02   -0.33111E-05   -0.34695E-03   -0.20800E-01   -0.12167E+00    0.18439E-01   -0.84696E-01    0.28577E-01    0.77692E-02    0.49326E-01    0.53451E-01    0.46056E-01    0.53182E-01   -0.45982E-01   -0.87412E-01    0.77698E+00   -0.55901E-01   -0.35349E-01   -0.47182E-01    0.37326E-01    0.53257E+00    0.14633E+00    0.84965E-01    0.44935E-01   -0.11328E+00   -0.46173E-02    0.14446E+00    0.49183E-01   -0.13798E-01    0.61841E-01   -0.22879E-02   -0.56130E-02   -0.18633E-02   -0.13334E-03    0.98105E-03    0.23964E-04    0.52396E-03    0.13775E-03    0.30471E-03    0.15516E-03    0.71340E-04    0.16560E-03
    0.18336E-05    0.42239E-04    0.62329E-05   -0.10608E-03   -0.29277E-03   -0.42036E-03    0.71246E-04    0.15743E+01    0.41017E+00    0.53746E+00   -0.35852E-01   -0.47685E+00   -0.32916E-01    0.67818E-03    0.53685E-03   -0.11235E-01    0.54739E-05    0.58293E-04    0.25089E-02    0.87689E-01    0.44916E-01    0.55788E-01   -0.23073E-02    0.91184E-01   -0.22348E-01    0.93414E-01    0.25361E-01   -0.36919E-01   -0.69762E-01    0.90565E-01   -0.55901E-01    0.91242E+00    0.50385E-01    0.38400E-01   -0.21850E-01    0.34438E-01    0.14346E+00    0.40381E-01    0.14131E+00    0.14501E+00    0.15960E-01    0.34163E+00   -0.45706E-02    0.13353E-01    0.30537E+00   -0.26064E-02   -0.26478E-02   -0.10498E-03    0.11095E-02    0.77340E-03   -0.14964E-03   -0.20242E-03   -0.10249E-03   -0.16652E-03    0.86884E-04   -0.81130E-05   -0.10674E-03
    0.87006E-05    0.10980E-04    0.83571E-05    0.16555E-03    0.20159E-04    0.68282E-04    0.33834E-03    0.26114E-01   -0.19793E+00   -0.24499E+00   -0.10028E-01   -0.99508E-01   -0.82752E-01   -0.24276E-02    0.63509E-05   -0.58852E-03   -0.19317E-05   -0.32286E-04    0.17977E-01    0.13104E+00   -0.19985E-02   -0.48281E-02    0.57746E-01    0.54694E-01   -0.86112E-01   -0.31893E-01   -0.95672E-01    0.11114E+00   -0.61763E-01    0.78456E-01   -0.35349E-01    0.50385E-01    0.97526E+00   -0.38009E-01   -0.28188E-01   -0.70667E-01    0.15140E-01    0.14129E+00    0.48883E-01    0.48595E-01    0.93840E-02    0.10681E+00    0.23059E-01    0.15515E-01    0.57414E-01   -0.51532E-03    0.74042E-03    0.19348E-04    0.74250E-03   -0.31714E-02    0.14458E-03    0.37031E-03   -0.30169E-04    0.23974E-03   -0.20645E-04    0.27906E-03    0.30964E-03
    0.31699E-05   -0.23895E-04    0.69671E-05   -0.66096E-03   -0.63617E-04   -0.39440E-04   -0.13313E-02    0.41660E+00   -0.77691E-01    0.29185E+00   -0.23571E-01   -0.35123E+00   -0.10339E+00    0.51420E-03   -0.31050E-02   -0.62053E-02    0.77516E-05    0.10531E-03    0.23850E-01    0.18247E+00   -0.17736E-01   -0.10487E-01   -0.82288E-01    0.73435E-01    0.53705E-01    0.59431E-01   -0.14948E-01    0.13436E+00    0.66025E-01    0.12993E+00   -0.47182E-01    0.38400E-01   -0.38009E-01    0.99058E+00    0.13603E-01   -0.10327E-01    0.56346E-01    0.10105E+00   -0.21262E+00    0.22947E+00    0.46491E-02    0.15811E+00    0.19730E-01    0.12129E-01    0.20245E+00   -0.10972E-02   -0.20687E-02    0.89767E-03    0.39140E-02   -0.43985E-04    0.72380E-04   -0.14658E-03   -0.33552E-04   -0.44706E-04   -0.50829E-03    0.46283E-04    0.18808E-03
   -0.28189E-05   -0.13427E-04    0.31801E-06   -0.20804E-04   -0.16053E-03    0.12195E-03   -0.82051E-04   -0.35351E+01    0.27631E+00   -0.37743E-01    0.19778E-02   -0.83696E-01   -0.33599E-01    0.21964E-02    0.69673E-04   -0.58314E-02    0.69919E-05   -0.14454E-04   -0.44017E-03    0.14394E-01   -0.13695E+00    0.17892E+00    0.41731E-01   -0.10079E+00    0.83788E-01   -0.66172E-01    0.81043E-01   -0.17583E+00   -0.17560E+00    0.41196E-01    0.37326E-01   -0.21850E-01   -0.28188E-01    0.13603E-01    0.10339E+01    0.12553E-01   -0.11802E+00   -0.20463E-01    0.12981E+00   -0.15783E+00    0.93534E-02    0.68433E-01    0.35285E-01    0.45931E-02    0.16025E+00   -0.14411E-02   -0.30172E-02   -0.49551E-03    0.10623E-02   -0.65411E-03   -0.58647E-04   -0.55453E-04   -0.79509E-04    0.40676E-04   -0.29412E-03   -0.82966E-04    0.37567E-03
   -0.31967E-05   -0.59037E-04    0.23770E-04    0.25624E-03    0.55756E-03    0.15525E-03    0.56097E-03   -0.23766E+01   -0.65673E-01   -0.21347E+00   -0.28393E-01    0.18724E+00    0.67445E-01    0.18928E-02    0.38560E-03    0.17222E-02    0.30917E-06    0.31979E-04   -0.33860E-01   -0.16365E+00    0.12354E+00   -0.14099E+00   -0.11226E-01    0.47790E-01    0.78430E-01    0.54738E+00   -0.40340E-01   -0.16308E+00   -0.13690E+00    0.91942E-01    0.53257E+00    0.34438E-01   -0.70667E-01   -0.10327E-01    0.12553E-01    0.83636E+00   -0.18549E-01    0.30481E-01   -0.58732E-02   -0.82049E-01   -0.30183E-01    0.31088E-01    0.33130E-01   -0.25178E-01   -0.18971E-01   -0.52242E-02   -0.78399E-02   -0.75303E-03   -0.19608E-02   -0.48928E-03    0.17274E-03    0.38967E-03    0.22646E-03    0.17688E-03    0.85641E-03    0.17721E-03    0.99681E-04
    0.46138E-05   -0.89258E-05   -0.18562E-05    0.27426E-03    0.15253E-03   -0.28148E-03    0.77777E-03   -0.16130E+01   -0.89034E-01    0.18262E+00    0.29329E-01   -0.49749E-01    0.42852E-01   -0.90582E-03   -0.26820E-03   -0.12150E-02    0.84114E-05    0.10281E-03    0.18719E-02   -0.38553E-01    0.69526E-01    0.35822E-01   -0.57083E-01   -0.15026E-01   -0.11473E+00    0.24550E+00    0.21782E+00    0.58964E+00    0.20218E+00   -0.55435E+00    0.14633E+00    0.14346E+00    0.15140E-01    0.56346E-01   -0.11802E+00   -0.18549E-01    0.94593E+00   -0.25132E-01    0.40797E-01    0.96330E-01    0.15166E-01    0.97872E-01    0.81270E-04    0.13965E-01    0.30470E-01    0.17761E-02    0.27352E-02   -0.13157E-03    0.24775E-02   -0.80363E-03    0.10719E-03    0.98709E-04    0.13025E-03    0.66070E-04    0.20166E-03    0.25866E-03    0.15366E-04
    0.46600E-05    0.41274E-04    0.66864E-05   -0.62034E-03   -0.55395E-04    0.15600E-03   -0.10099E-02   -0.25432E+01   -0.39243E+00    0.10287E+00    0.18729E-01    0.81680E-01    0.71634E-01   -0.83925E-03    0.24251E-02    0.40263E-02    0.10527E-06    0.51848E-05   -0.40565E-02   -0.71025E-01    0.50755E-03    0.89085E-01    0.74673E-02   -0.87587E-01    0.71526E-01   -0.10569E-01    0.72873E+00    0.76394E-01   -0.56298E-01    0.36174E+00    0.84965E-01    0.40381E-01    0.14129E+00    0.10105E+00   -0.20463E-01    0.30481E-01   -0.25132E-01    0.94890E+00    0.28156E-01   -0.58834E-02    0.79488E-02   -0.73486E-01   -0.22230E-01    0.17558E-02   -0.15718E+00    0.14353E-02    0.32869E-02   -0.13038E-03    0.19145E-02   -0.26154E-02    0.20825E-03   -0.37437E-04    0.14923E-03   -0.87406E-04    0.33320E-03    0.69334E-04   -0.39053E-03
    0.63947E-05    0.71235E-04   -0.50839E-05    0.30524E-04   -0.19077E-03   -0.24860E-03    0.41489E-03   -0.10222E+01   -0.46367E-01    0.47852E+00    0.13207E-01   -0.67979E-01    0.16827E-01   -0.71769E-02    0.25707E-02    0.25014E-02   -0.42932E-05   -0.84978E-04   -0.91887E-02   -0.82728E-01    0.75567E-02    0.31218E-01   -0.14990E+00   -0.11142E+00    0.13120E-01   -0.41008E-01    0.29011E+00   -0.53600E+00    0.26648E+00   -0.32538E+00    0.44935E-01    0.14131E+00    0.48883E-01   -0.21262E+00    0.12981E+00   -0.58732E-02    0.40797E-01    0.28156E-01    0.89638E+00   -0.25861E-01   -0.76298E-02    0.60351E-01    0.24579E-02   -0.13629E-01    0.36281E-01   -0.27026E-03   -0.34562E-02   -0.14043E-02   -0.17032E-02    0.49571E-03   -0.26461E-04    0.14854E-03    0.14033E-03   -0.16635E-03    0.54796E-04   -0.89916E-05   -0.10135E-03
    0.62833E-05   -0.13924E-04    0.35854E-05   -0.49275E-03   -0.65629E-04   -0.35997E-04   -0.99235E-03    0.46271E+01    0.17085E+00   -0.44228E+00    0.12921E-01    0.19040E+00   -0.13246E+00   -0.33673E-02   -0.10435E-02    0.90892E-02    0.70721E-05    0.24548E-04    0.31256E-01    0.22574E+00    0.84157E-01   -0.23251E+00    0.11253E+00    0.56446E-01   -0.14809E-01    0.74237E-01   -0.22420E+00    0.28950E+00    0.76006E+00    0.17493E+00   -0.11328E+00    0.14501E+00    0.48595E-01    0.22947E+00   -0.15783E+00   -0.82049E-01    0.96330E-01   -0.58834E-02   -0.25861E-01    0.10738E+01    0.14986E-01   -0.19317E+00    0.23653E-01    0.11329E-01   -0.13186E+00    0.27957E-02    0.36010E-02    0.61009E-03   -0.26514E-03    0.19050E-02    0.19730E-03    0.33625E-03    0.13564E-03    0.48121E-03    0.11307E-03    0.52369E-04    0.27641E-03
    0.78201E-05   -0.17460E-04   -0.17270E-05    0.21520E-03    0.97074E-04    0.77259E-04    0.37213E-03    0.35754E+00    0.28929E+00    0.10139E+00    0.65839E-01   -0.29287E+00   -0.71412E-01    0.26266E-03    0.64291E-02   -0.85117E-02   -0.21507E-05    0.68808E-04    0.67379E-01    0.90612E-01   -0.14781E-01    0.18822E-01    0.26471E-01   -0.18747E-01   -0.13586E-01   -0.25675E-01    0.21816E-02    0.29398E-01    0.16357E-01    0.42738E-02   -0.46173E-02    0.15960E-01    0.93840E-02    0.46491E-02    0.93534E-02   -0.30183E-01    0.15166E-01    0.79488E-02   -0.76298E-02    0.14986E-01    0.34889E+00    0.17405E+00    0.14092E-01    0.15890E+00    0.50470E+00    0.13276E-01    0.18810E-01   -0.45951E-02   -0.26769E-02   -0.16498E-02    0.63109E-03    0.83456E-04    0.75550E-03    0.23526E-04   -0.59511E-03    0.15972E-03    0.15460E-02
    0.14110E-04   -0.22006E-03    0.34732E-04    0.70331E-03    0.12787E-02    0.14954E-02    0.56370E-03   -0.14895E+01   -0.17296E+01    0.17310E+02   -0.61900E-01   -0.10861E+02   -0.50717E+00   -0.13862E+00    0.30337E-02   -0.17816E+00    0.90726E-05    0.29657E-03    0.99770E-01    0.90939E+00   -0.12066E+00   -0.11632E-01   -0.81503E-01    0.31734E-01    0.33003E-02   -0.68329E-01   -0.83804E-01    0.24169E-01   -0.13187E+00   -0.74054E-02    0.14446E+00    0.34163E+00    0.10681E+00    0.15811E+00    0.68433E-01    0.31088E-01    0.97872E-01   -0.73486E-01    0.60351E-01   -0.19317E+00    0.17405E+00    0.15409E+02    0.11185E+00    0.36778E+00    0.56558E+01   -0.28390E-02   -0.35560E-01   -0.12674E-01    0.12622E-01    0.26808E-01    0.19247E-02    0.20776E-01    0.24800E-02    0.13620E-01    0.54883E-03    0.28724E-02   -0.65334E-02
    0.19210E-04   -0.84893E-04    0.24402E-04    0.60038E-03    0.47789E-03    0.65952E-04    0.11464E-02    0.47865E+01    0.96387E+00   -0.92669E+00   -0.19260E+00    0.34547E-01   -0.70196E+00   -0.66188E-02   -0.12239E-01    0.43236E-02   -0.40457E-05    0.34015E-04   -0.78519E-02    0.22970E+00   -0.18845E-01   -0.18358E-01   -0.22501E-01   -0.18291E-01    0.32250E-01   -0.11225E-02   -0.36529E-01    0.13755E-02    0.61913E-03   -0.11505E-01    0.49183E-01   -0.45706E-02    0.23059E-01    0.19730E-01    0.35285E-01    0.33130E-01    0.81270E-04   -0.22230E-01    0.24579E-02    0.23653E-01    0.14092E-01    0.11185E+00    0.21157E+01   -0.14701E-01    0.23849E+00   -0.89154E-01   -0.10391E+00   -0.44477E-02   -0.15050E-02    0.83046E-02   -0.54453E-03    0.13706E-02   -0.48463E-03    0.10679E-02    0.64715E-03    0.86223E-05    0.96422E-03
    0.17148E-04   -0.75230E-04    0.11941E-04    0.42115E-03    0.36114E-03    0.26512E-03    0.59573E-03   -0.73203E+00   -0.30145E+00    0.48646E+00   -0.11695E-01   -0.66683E+00   -0.74976E-01   -0.22939E-02    0.38519E-02   -0.10027E-01    0.14042E-05    0.38890E-04    0.58946E-01    0.22585E+00   -0.17151E-01    0.15840E-01    0.16120E-01   -0.14821E-01   -0.27886E-02   -0.12159E-01   -0.67516E-02    0.28040E-01    0.11330E-01    0.47560E-02   -0.13798E-01    0.13353E-01    0.15515E-01    0.12129E-01    0.45931E-02   -0.25178E-01    0.13965E-01    0.17558E-02   -0.13629E-01    0.11329E-01    0.15890E+00    0.36778E+00   -0.14701E-01    0.24107E+00    0.34209E+00    0.75804E-02    0.17075E-01   -0.30642E-04   -0.70832E-03    0.22520E-02    0.25582E-03   -0.39321E-04    0.21914E-03   -0.13200E-03    0.48987E-03    0.34666E-03    0.18452E-03
    0.30526E-04   -0.39546E-03    0.82681E-05    0.72056E-03    0.93160E-03    0.10069E-02    0.12741E-03    0.45835E+01   -0.64594E+00    0.89931E+01    0.55611E-01   -0.72729E+01   -0.94781E+00   -0.93943E-01    0.67883E-02   -0.13398E+00   -0.46856E-04    0.49992E-03    0.18812E+00    0.15109E+01   -0.49028E-01   -0.35467E-01    0.47249E-01    0.50654E-01   -0.38397E-01   -0.91828E-01   -0.14264E+00   -0.11056E-01   -0.58370E-01    0.95828E-02    0.61841E-01    0.30537E+00    0.57414E-01    0.20245E+00    0.16025E+00   -0.18971E-01    0.30470E-01   -0.15718E+00    0.36281E-01   -0.13186E+00    0.50470E+00    0.56558E+01    0.23849E+00    0.34209E+00    0.16920E+02    0.50447E-02   -0.49832E-01   -0.25279E-01   -0.97060E-02   -0.21938E-01    0.17246E-02    0.22550E-02    0.23109E-02    0.15034E-02    0.16065E-02    0.44058E-02    0.31567E-01
   -0.38534E-06    0.36756E-05   -0.78440E-06   -0.16431E-04   -0.24833E-04   -0.82988E-05   -0.37307E-04   -0.23910E-01    0.11123E-01   -0.24744E-01    0.48418E-01    0.45909E-01    0.38799E-01    0.33062E-03    0.22274E-04   -0.73339E-03   -0.11738E-06    0.69603E-05    0.59683E-02   -0.39819E-01   -0.17554E-02    0.13624E-02    0.35122E-02   -0.39779E-03   -0.34551E-02   -0.32588E-02    0.12639E-02    0.34263E-02    0.41642E-02   -0.75060E-03   -0.22879E-02   -0.26064E-02   -0.51532E-03   -0.10972E-02   -0.14411E-02   -0.52242E-02    0.17761E-02    0.14353E-02   -0.27026E-03    0.27957E-02    0.13276E-01   -0.28390E-02   -0.89154E-01    0.75804E-02    0.50447E-02    0.85520E-02    0.79431E-02   -0.16902E-03    0.10517E-03   -0.36730E-03    0.17487E-04   -0.15056E-04    0.21600E-04   -0.30188E-05   -0.12594E-03    0.37764E-04    0.11994E-03
