# omegabh2 omegach2 theta tau logA ns acib217 acibsz143 asz143 aps100 aps143 aps143217 aps217 aksz kgal100 t1gal143 t1gal143217 t1gal217 calib_100T calib_217T
    0.5305182E-07   -0.2211020E-06    0.4841036E-07    0.9581107E-06    0.1484779E-05    0.6721130E-06   -0.2768125E-03   -0.1352801E-03    0.1665405E-04   -0.8400233E-03   -0.3733824E-03   -0.8223738E-05    0.2684009E-04   -0.6632130E-04    0.7095242E-03    0.3084226E-03    0.2801471E-03    0.2468667E-03   -0.5098254E-07    0.1403156E-07
   -0.2211020E-06    0.4137712E-05   -0.3937677E-06   -0.8601340E-05   -0.7951944E-05   -0.9149851E-05    0.1838570E-03    0.5020829E-04   -0.2104925E-03    0.1179512E-02    0.1680732E-02    0.8026165E-03    0.6221513E-03   -0.1639970E-04    0.2089020E-02    0.2234932E-02    0.2246931E-02    0.2333127E-02   -0.1497496E-07   -0.1673566E-07
    0.4841036E-07   -0.3937677E-06    0.2378030E-06    0.1390508E-05    0.2092308E-05    0.1159649E-05   -0.7951707E-04   -0.6057881E-04    0.1735939E-04   -0.4828335E-03   -0.2247105E-03   -0.8010520E-04   -0.1015593E-03   -0.2384300E-04    0.3696739E-03    0.1359177E-03    0.2124873E-03    0.2418308E-03   -0.3253509E-07   -0.1069483E-07
    0.9581107E-06   -0.8601340E-05    0.1390508E-05    0.1813228E-03    0.3461068E-03    0.3209795E-04   -0.1237156E-01   -0.6262600E-02   -0.9502851E-03   -0.9995080E-02    0.2727558E-02    0.1400993E-01    0.1375064E-01   -0.3152247E-02   -0.9285264E-02   -0.1744021E-01   -0.1875957E-01   -0.1919310E-01   -0.2164567E-06    0.5800630E-06
    0.1484779E-05   -0.7951944E-05    0.2092308E-05    0.3461068E-03    0.6946645E-03    0.4247871E-04   -0.2345323E-01   -0.1282532E-01   -0.3549534E-02    0.5220424E-02    0.2456586E-01    0.4283210E-01    0.3987936E-01   -0.7330340E-02   -0.3645776E-01   -0.7943154E-01   -0.8226111E-01   -0.8287446E-01   -0.3118567E-05    0.8852983E-06
    0.6721130E-06   -0.9149851E-05    0.1159649E-05    0.3209795E-04    0.4247871E-04    0.3450061E-04   -0.1046029E-01   -0.4740531E-02   -0.8585604E-03   -0.1545340E-01    0.1272241E-02    0.1049974E-01    0.1193477E-01   -0.2594550E-02   -0.4438524E-02   -0.7148666E-02   -0.9059650E-02   -0.9507480E-02    0.3353464E-06    0.5786374E-06
   -0.2768125E-03    0.1838570E-03   -0.7951707E-04   -0.1237156E-01   -0.2345323E-01   -0.1046029E-01    0.6687678E+02    0.2429387E+02    0.7783373E+00    0.2264165E+02   -0.1696679E+02   -0.6214470E+02   -0.8210526E+02   -0.2724169E+01   -0.1244821E+02   -0.2453976E+02   -0.2752330E+02   -0.3042768E+02   -0.2463018E-03   -0.3620082E-02
   -0.1352801E-03    0.5020829E-04   -0.6057881E-04   -0.6262600E-02   -0.1282532E-01   -0.4740531E-02    0.2429387E+02    0.1742643E+02    0.2217496E+01   -0.9994215E+01   -0.2104409E+02   -0.4158639E+02   -0.2561767E+02   -0.1232607E+01   -0.7006947E+01   -0.1200479E+02   -0.1805213E+02   -0.1900552E+02   -0.5847467E-04   -0.2398078E-03
    0.1665405E-04   -0.2104925E-03    0.1735939E-04   -0.9502851E-03   -0.3549534E-02   -0.8585604E-03    0.7783373E+00    0.2217496E+01    0.5423370E+01   -0.3681341E+02   -0.1614746E+02   -0.5191124E+01   -0.1072078E+01   -0.1109392E+00   -0.2264460E+01   -0.2432345E+00    0.3390469E+01    0.4016876E+01   -0.7203370E-04    0.1216780E-03
   -0.8400233E-03    0.1179512E-02   -0.4828335E-03   -0.9995080E-02    0.5220424E-02   -0.1545340E-01    0.2264165E+02   -0.9994215E+01   -0.3681341E+02    0.7427926E+03    0.1776239E+03    0.7009994E+02    0.1380763E+02   -0.1259565E+02   -0.6343229E+02   -0.4874717E+02   -0.5587787E+02   -0.5385664E+02   -0.4232437E-02   -0.3812826E-02
   -0.3733824E-03    0.1680732E-02   -0.2247105E-03    0.2727558E-02    0.2456586E-01    0.1272241E-02   -0.1696679E+02   -0.2104409E+02   -0.1614746E+02    0.1776239E+03    0.1218502E+03    0.9365603E+02    0.5401705E+02   -0.1081988E+02   -0.1898651E+02   -0.4044736E+02   -0.3533734E+02   -0.3284408E+02   -0.1463577E-02   -0.9739153E-03
   -0.8223738E-05    0.8026165E-03   -0.8010520E-04    0.1400993E-01    0.4283210E-01    0.1049974E-01   -0.6214470E+02   -0.4158639E+02   -0.5191124E+01    0.7009994E+02    0.9365603E+02    0.1448959E+03    0.1085380E+03   -0.8194429E+01   -0.1152484E+02   -0.2099849E+02   -0.1231743E+02   -0.1301975E+02   -0.1575617E-02    0.1800833E-02
    0.2684009E-04    0.6221513E-03   -0.1015593E-03    0.1375064E-01    0.3987936E-01    0.1193477E-01   -0.8210526E+02   -0.2561767E+02   -0.1072078E+01    0.1380763E+02    0.5401705E+02    0.1085380E+03    0.1483794E+03   -0.7747133E+01   -0.1209255E+02   -0.2010255E+02   -0.2826645E+02   -0.3253490E+02   -0.1498724E-02    0.6314368E-02
   -0.6632130E-04   -0.1639970E-04   -0.2384300E-04   -0.3152247E-02   -0.7330340E-02   -0.2594550E-02   -0.2724169E+01   -0.1232607E+01   -0.1109392E+00   -0.1259565E+02   -0.1081988E+02   -0.8194429E+01   -0.7747133E+01    0.7897772E+01   -0.3144854E+01   -0.3877568E+01   -0.4323889E+01   -0.4597337E+01    0.3736086E-04    0.1500332E-03
    0.7095242E-03    0.2089020E-02    0.3696739E-03   -0.9285264E-02   -0.3645776E-01   -0.4438524E-02   -0.1244821E+02   -0.7006947E+01   -0.2264460E+01   -0.6343229E+02   -0.1898651E+02   -0.1152484E+02   -0.1209255E+02   -0.3144854E+01    0.2212399E+03    0.1393648E+03    0.1359652E+03    0.1332420E+03   -0.1323651E-01    0.7699012E-03
    0.3084226E-03    0.2234932E-02    0.1359177E-03   -0.1744021E-01   -0.7943154E-01   -0.7148666E-02   -0.2453976E+02   -0.1200479E+02   -0.2432345E+00   -0.4874717E+02   -0.4044736E+02   -0.2099849E+02   -0.2010255E+02   -0.3877568E+01    0.1393648E+03    0.2633328E+03    0.2658024E+03    0.2648895E+03    0.9240082E-02    0.1242760E-02
    0.2801471E-03    0.2246931E-02    0.2124873E-03   -0.1875957E-01   -0.8226111E-01   -0.9059650E-02   -0.2752330E+02   -0.1805213E+02    0.3390469E+01   -0.5587787E+02   -0.3533734E+02   -0.1231743E+02   -0.2826645E+02   -0.4323889E+01    0.1359652E+03    0.2658024E+03    0.3064388E+03    0.3310436E+03    0.9184331E-02   -0.4163174E-02
    0.2468667E-03    0.2333127E-02    0.2418308E-03   -0.1919310E-01   -0.8287446E-01   -0.9507480E-02   -0.3042768E+02   -0.1900552E+02    0.4016876E+01   -0.5385664E+02   -0.3284408E+02   -0.1301975E+02   -0.3253490E+02   -0.4597337E+01    0.1332420E+03    0.2648895E+03    0.3310436E+03    0.3814270E+03    0.9281399E-02   -0.9058343E-02
   -0.5098254E-07   -0.1497496E-07   -0.3253509E-07   -0.2164567E-06   -0.3118567E-05    0.3353464E-06   -0.2463018E-03   -0.5847467E-04   -0.7203370E-04   -0.4232437E-02   -0.1463577E-02   -0.1575617E-02   -0.1498724E-02    0.3736086E-04   -0.1323651E-01    0.9240082E-02    0.9184331E-02    0.9281399E-02    0.3084656E-05    0.2091225E-07
    0.1403156E-07   -0.1673566E-07   -0.1069483E-07    0.5800630E-06    0.8852983E-06    0.5786374E-06   -0.3620082E-02   -0.2398078E-03    0.1216780E-03   -0.3812826E-02   -0.9739153E-03    0.1800833E-02    0.6314368E-02    0.1500332E-03    0.7699012E-03    0.1242760E-02   -0.4163174E-02   -0.9058343E-02    0.2091225E-07    0.1456787E-05
