# omegabh2 omegach2 theta tau Alens logA ns calPlanck acib217 xi asz143 aps100 aps143 aps143217 aps217 aksz kgal100 kgal143 kgal143217 kgal217 cal0 cal2
  6.6077692E-08  -4.0076426E-07   7.0479936E-08   2.9115705E-07   7.6434401E-06  -2.4145928E-07   1.1465451E-06   1.4549729E-09  -2.1123521E-04   3.1629916E-06   6.3315635E-05  -1.1304328E-03  -7.3907686E-04  -3.2260792E-04  -1.3634566E-04  -8.6770128E-05   1.7591171E-05  -1.4576661E-07  -8.5881448E-06   4.9898112E-05   2.5141974E-09  -6.5098318E-09
 -4.0076426E-07   5.6302605E-06  -6.5912730E-07  -3.1752345E-06  -9.5018548E-05   6.8893152E-06  -1.4081923E-05   1.3195188E-08   1.1155602E-03  -1.4998431E-05  -3.1469841E-04   6.4960635E-03   4.3819333E-03   2.2602297E-03   1.1888935E-03   4.5977839E-04  -1.2459440E-04   1.6435675E-05   1.1148740E-04  -1.1688132E-04  -1.8569485E-08   5.5689879E-08
  7.0479936E-08  -6.5912730E-07   2.6447276E-07   4.6725705E-07   1.2308026E-05  -3.8503903E-07   1.9242179E-06   1.6647696E-09  -1.6462479E-04   2.2186532E-06   3.9588483E-05  -8.7768284E-04  -6.1122689E-04  -3.0977060E-04  -1.6870911E-04  -5.8189632E-05   2.4230325E-05   1.0164535E-05  -4.4044764E-06   5.1801244E-05   1.9572261E-09  -7.0896747E-09
  2.9115705E-07  -3.1752345E-06   4.6725705E-07   7.0551404E-05  -9.4607570E-05   1.3282769E-04   9.1010385E-06  -5.0738486E-07  -1.5147272E-03   4.6141710E-05   3.7819718E-04  -8.0043452E-03  -3.4423490E-03  -1.0440152E-03  -1.1899653E-04  -4.9187963E-04   9.5987512E-05   6.9396835E-05   1.9483998E-04   8.4320839E-04  -1.1221479E-08   3.4377506E-08
  7.6434401E-06  -9.5018548E-05   1.2308026E-05  -9.4607570E-05   2.7115978E-03  -4.4239411E-04   2.4986867E-04  -1.2624538E-05  -2.5165916E-02   2.5657890E-04   6.2407520E-03  -1.2584427E-01  -9.3558264E-02  -5.0616215E-02  -2.9358083E-02  -8.7085709E-03   3.1673272E-03   9.2780426E-05  -1.3336161E-03   3.3005995E-03   7.1106846E-08  -1.2109623E-06
 -2.4145928E-07   6.8893152E-06  -3.8503903E-07   1.3282769E-04  -4.4239411E-04   3.0944661E-04  -1.6629757E-05   1.1602869E-05  -5.1719507E-04   1.0489844E-04   8.5573008E-05   6.8407532E-04   5.3312507E-03   6.5276917E-03   8.6692804E-03  -7.8689098E-04  -5.5181791E-04  -5.5462745E-04   5.7688350E-05   2.6783639E-03   1.0834817E-07   2.1340731E-07
  1.1465451E-06  -1.4081923E-05   1.9242179E-06   9.1010385E-06   2.4986867E-04  -1.6629757E-05   4.5972215E-05  -9.4284384E-08  -7.4383380E-03   1.1988719E-04   1.8859501E-03  -4.1498357E-02  -1.7703719E-02  -3.9055617E-03   2.3410870E-03  -3.4795297E-03   7.2586235E-04  -2.7357816E-04  -4.0270489E-04   1.9520562E-03  -8.8932193E-08  -2.0288339E-07
  1.4549729E-09   1.3195188E-08   1.6647696E-09  -5.0738486E-07  -1.2624538E-05   1.1602869E-05  -9.4284384E-08   6.2323632E-06   7.0963025E-04  -3.2710359E-06   4.9512574E-05   2.6322309E-03   9.4467362E-04   7.5908459E-04   1.5191328E-03  -1.9255724E-05  -3.4284671E-05  -6.7757924E-05  -5.5703114E-06   7.4967730E-04  -2.7796299E-09   5.4447256E-09
 -2.1123521E-04   1.1155602E-03  -1.6462479E-04  -1.5147272E-03  -2.5165916E-02  -5.1719507E-04  -7.4383380E-03   7.0963025E-04   4.5757289E+01  -3.8582724E-01  -1.0058598E+00   3.7888070E+01   3.3232175E+00  -1.2476015E+01  -5.5524700E+01  -1.2839737E-02   1.4580254E-01   5.1856319E-01  -5.9168307E+00  -3.4186315E+01  -1.9506635E-04   7.3317516E-04
  3.1629916E-06  -1.4998431E-05   2.2186532E-06   4.6141710E-05   2.5657890E-04   1.0489844E-04   1.1988719E-04  -3.2710359E-06  -3.8582724E-01   8.1554915E-02  -4.2210981E-02  -5.6826543E-01   8.8761125E-01   1.6751071E+00   6.1823714E-01   4.3639535E-02  -1.5780558E-03   2.0833366E-03   9.6235731E-02   1.3044391E-01   6.3213514E-06   4.8247741E-07
  6.3315635E-05  -3.1469841E-04   3.9588483E-05   3.7819718E-04   6.2407520E-03   8.5573008E-05   1.8859501E-03   4.9512574E-05  -1.0058598E+00  -4.2210981E-02   3.9149869E+00  -3.1036872E+01  -3.8279417E+00   7.3528372E+00   5.1884435E+00  -2.8258596E+00  -2.0792919E-01   1.7912227E-01   2.7166479E+00   3.5081193E+00   1.0840541E-04  -3.8277487E-05
 -1.1304328E-03   6.4960635E-03  -8.7768284E-04  -8.0043452E-03  -1.2584427E-01   6.8407532E-04  -4.1498357E-02   2.6322309E-03   3.7888070E+01  -5.6826543E-01  -3.1036872E+01   7.8429846E+02   7.6338316E+01  -5.0428950E+01  -5.7044489E+01   1.5461036E+01  -6.2836140E+00   4.9372744E+00  -1.3389098E+01  -2.7918787E+01   3.8155087E-03   4.7868356E-04
 -7.3907686E-04   4.3819333E-03  -6.1122689E-04  -3.4423490E-03  -9.3558264E-02   5.3312507E-03  -1.7703719E-02   9.4467362E-04   3.3232175E+00   8.8761125E-01  -3.8279417E+00   7.6338316E+01   6.7352730E+01   4.3327824E+01   1.7570658E+01  -4.3688492E+00  -5.4856617E-01  -1.6742909E+00   2.8823030E+00   3.1622515E+00   1.3902317E-04   2.0652626E-04
 -3.2260792E-04   2.2602297E-03  -3.0977060E-04  -1.0440152E-03  -5.0616215E-02   6.5276917E-03  -3.9055617E-03   7.5908459E-04  -1.2476015E+01   1.6751071E+00   7.3528372E+00  -5.0428950E+01   4.3327824E+01   8.7260059E+01   5.4927116E+01  -1.1876572E+01  -8.9891182E-01  -9.9435813E-01   4.4780332E+00   7.9570433E+00   5.0361441E-04  -3.1149796E-04
 -1.3634566E-04   1.1888935E-03  -1.6870911E-04  -1.1899653E-04  -2.9358083E-02   8.6692804E-03   2.3410870E-03   1.5191328E-03  -5.5524700E+01   6.1823714E-01   5.1884435E+00  -5.7044489E+01   1.7570658E+01   5.4927116E+01   1.0601171E+02  -9.4796174E+00  -7.7685926E-01  -1.4819588E+00   5.3338843E+00   3.4122562E+01   4.8952581E-04  -1.3479291E-03
 -8.6770128E-05   4.5977839E-04  -5.8189632E-05  -4.9187963E-04  -8.7085709E-03  -7.8689098E-04  -3.4795297E-03  -1.9255724E-05  -1.2839737E-02   4.3639535E-02  -2.8258596E+00   1.5461036E+01  -4.3688492E+00  -1.1876572E+01  -9.4796174E+00   6.1643786E+00   9.0779457E-02  -1.7061499E-01  -2.0810120E+00  -2.3992080E+00  -8.1935202E-05   9.8837598E-06
  1.7591171E-05  -1.2459440E-04   2.4230325E-05   9.5987512E-05   3.1673272E-03  -5.5181791E-04   7.2586235E-04  -3.4284671E-05   1.4580254E-01  -1.5780558E-03  -2.0792919E-01  -6.2836140E+00  -5.4856617E-01  -8.9891182E-01  -7.7685926E-01   9.0779457E-02   3.3716940E+00   5.6208716E-01   1.6972218E-01   1.3713484E-01   1.6723070E-04   2.1721278E-06
 -1.4576661E-07   1.6435675E-05   1.0164535E-05   6.9396835E-05   9.2780426E-05  -5.5462745E-04  -2.7357816E-04  -6.7757924E-05   5.1856319E-01   2.0833366E-03   1.7912227E-01   4.9372744E+00  -1.6742909E+00  -9.9435813E-01  -1.4819588E+00  -1.7061499E-01   5.6208716E-01   3.1194293E+00   2.7154420E+00   2.8127229E+00  -1.8380590E-04  -4.6331710E-05
 -8.5881448E-06   1.1148740E-04  -4.4044764E-06   1.9483998E-04  -1.3336161E-03   5.7688350E-05  -4.0270489E-04  -5.5703114E-06  -5.9168307E+00   9.6235731E-02   2.7166479E+00  -1.3389098E+01   2.8823030E+00   4.4780332E+00   5.3338843E+00  -2.0810120E+00   1.6972218E-01   2.7154420E+00   1.0917203E+01   1.9571137E+01  -2.4212853E-05   4.0719480E-04
  4.9898112E-05  -1.1688132E-04   5.1801244E-05   8.4320839E-04   3.3005995E-03   2.6783639E-03   1.9520562E-03   7.4967730E-04  -3.4186315E+01   1.3044391E-01   3.5081193E+00  -2.7918787E+01   3.1622515E+00   7.9570433E+00   3.4122562E+01  -2.3992080E+00   1.3713484E-01   2.8127229E+00   1.9571137E+01   5.4497475E+01   5.4806050E-05   9.0760140E-04
  2.5141974E-09  -1.8569485E-08   1.9572261E-09  -1.1221479E-08   7.1106846E-08   1.0834817E-07  -8.8932193E-08  -2.7796299E-09  -1.9506635E-04   6.3213514E-06   1.0840541E-04   3.8155087E-03   1.3902317E-04   5.0361441E-04   4.8952581E-04  -8.1935202E-05   1.6723070E-04  -1.8380590E-04  -2.4212853E-05   5.4806050E-05   3.8160376E-07   5.3466943E-09
 -6.5098318E-09   5.5689879E-08  -7.0896747E-09   3.4377506E-08  -1.2109623E-06   2.1340731E-07  -2.0288339E-07   5.4447256E-09   7.3317516E-04   4.8247741E-07  -3.8277487E-05   4.7868356E-04   2.0652626E-04  -3.1149796E-04  -1.3479291E-03   9.8837598E-06   2.1721278E-06  -4.6331710E-05   4.0719480E-04   9.0760140E-04   5.3466943E-09   3.8275206E-07
