# omegabh2 omegach2 theta tau w wa ns logA aps100 aps143 aps217 acib143 acib217 asz143 psr cibr ncib cal0 cal2 xi aksz bm_1_1 bm_1_2 bm_1_3 bm_1_4 bm_1_5 bm_2_1 bm_2_2 bm_2_3 bm_2_4 bm_2_5 bm_3_1 bm_3_2 bm_3_3 bm_3_4 bm_3_5 bm_4_1 bm_4_2 bm_4_3 bm_4_4 bm_4_5 a_ps_act_148 a_ps_act_217 a_ps_spt_95 a_ps_spt_150 a_ps_spt_220 r_ps_spt_95x150 r_ps_spt_95x220 r_ps_150x220 act_dust_s act_dust_e cal_acts_148 cal_acts_217 cal_acte_148 cal_acte_217 cal_spt_95 cal_spt_150 cal_spt_220
    0.67815E-07   -0.32460E-06    0.63595E-07    0.86371E-06    0.11290E-04    0.46142E-05    0.89545E-06    0.10684E-05   -0.33143E-03   -0.68295E-03   -0.57712E-03    0.72851E-06    0.27620E-04    0.16045E-04   -0.13809E-05   -0.59773E-06    0.74388E-06   -0.20042E-09   -0.10299E-08   -0.46765E-05   -0.40538E-04   -0.18558E-04   -0.12496E-04    0.30038E-05    0.64450E-06    0.73830E-05   -0.58285E-05    0.86701E-06   -0.65031E-06   -0.11077E-06    0.48255E-05   -0.31922E-05   -0.37358E-05    0.16836E-05    0.22783E-06    0.92668E-06   -0.55975E-05   -0.51283E-05    0.22163E-05   -0.19691E-05   -0.39408E-06    0.60445E-05    0.82893E-04    0.20815E-04    0.17432E-04    0.88689E-04   -0.56907E-06   -0.11536E-05    0.28807E-08    0.57704E-06   -0.10515E-05    0.35700E-06    0.40220E-06    0.39380E-06    0.39693E-06    0.67705E-06    0.66215E-06    0.46417E-06
   -0.32460E-06    0.61888E-05   -0.58402E-06   -0.10666E-04   -0.93787E-04   -0.33915E-03   -0.13283E-04   -0.64350E-05   -0.18691E-04    0.20659E-02    0.21484E-02    0.15058E-04    0.98458E-05    0.10569E-04    0.46350E-05    0.98858E-06   -0.30940E-06   -0.23115E-07    0.15885E-07    0.21545E-05   -0.16314E-03    0.13442E-03   -0.12731E-04   -0.63518E-04    0.24913E-05    0.10416E-04    0.64232E-04   -0.24473E-05    0.32039E-04   -0.13029E-04   -0.38324E-05    0.64235E-05   -0.72667E-05   -0.40303E-05    0.12892E-04   -0.36655E-04    0.44882E-04    0.27260E-04    0.20855E-04   -0.10524E-04    0.44087E-04    0.15253E-04   -0.28542E-03   -0.12479E-04   -0.31285E-04   -0.36858E-03    0.36580E-05    0.26307E-05   -0.10375E-05   -0.20847E-05    0.67756E-05   -0.13269E-05   -0.19647E-05   -0.14359E-05   -0.17509E-05   -0.21213E-05   -0.25667E-05   -0.19901E-05
    0.63595E-07   -0.58402E-06    0.35149E-06    0.12904E-05    0.13821E-04    0.38564E-04    0.16843E-05    0.15041E-05    0.18442E-03   -0.28007E-03   -0.28602E-03   -0.23052E-05    0.63361E-05    0.40736E-05   -0.10574E-06   -0.64781E-06    0.55698E-06    0.14763E-08   -0.92186E-08   -0.66166E-06    0.17192E-04   -0.87508E-05    0.31210E-05    0.15357E-04    0.11882E-04   -0.35910E-05   -0.76203E-05    0.17462E-05   -0.23458E-05   -0.28141E-05    0.94937E-05   -0.40867E-05    0.27157E-05   -0.52328E-05    0.15735E-05    0.22319E-05   -0.66429E-05   -0.67665E-05    0.63267E-05   -0.27394E-05   -0.60448E-05   -0.56029E-05    0.45961E-04    0.28866E-05    0.55642E-05    0.26656E-04   -0.50908E-06   -0.47996E-06    0.32514E-06   -0.27083E-06   -0.68681E-06    0.17423E-06    0.30822E-06    0.15523E-06    0.19369E-06    0.32473E-06    0.25221E-06    0.22122E-06
    0.86371E-06   -0.10666E-04    0.12904E-05    0.16702E-03   -0.80100E-04    0.12481E-02    0.32374E-04    0.30624E-03   -0.16940E-01   -0.14467E-01   -0.12603E-01    0.91670E-04    0.11834E-02    0.29636E-03   -0.38138E-04   -0.26883E-05    0.21800E-04    0.12699E-06    0.53591E-08   -0.10044E-03   -0.13363E-02   -0.69961E-03    0.17281E-03    0.31488E-03   -0.15433E-03   -0.59196E-04   -0.21732E-03    0.19475E-03    0.20027E-03    0.78943E-04   -0.22128E-03    0.11771E-03   -0.25546E-03    0.30535E-03   -0.10217E-03    0.47333E-04   -0.18544E-03    0.18318E-03    0.12803E-03    0.57300E-04   -0.16429E-03    0.23479E-03    0.15410E-02    0.59052E-03    0.57316E-03    0.17412E-02   -0.91696E-05   -0.25616E-04   -0.49098E-05    0.10356E-04    0.14444E-04    0.82273E-05    0.83105E-05    0.71817E-05    0.95351E-05    0.15771E-04    0.12341E-04    0.11657E-04
    0.11290E-04   -0.93787E-04    0.13821E-04   -0.80100E-04    0.14570E+00   -0.34973E+00    0.23222E-03   -0.38499E-03    0.13353E+00   -0.13414E+00   -0.13472E+00    0.68875E-03    0.13820E-01    0.14542E-02   -0.35049E-03   -0.40240E-04    0.29485E-03    0.73310E-06    0.30203E-05    0.37731E-03   -0.63532E-02   -0.99455E-02   -0.48429E-03   -0.39189E-02   -0.36333E-02   -0.37914E-02   -0.56948E-02   -0.23477E-02   -0.81459E-02    0.10629E-03   -0.81667E-02   -0.11819E-01   -0.98018E-03   -0.27795E-02   -0.28958E-02    0.46640E-02   -0.10586E-01   -0.60994E-02   -0.70807E-02    0.48853E-02   -0.26071E-02    0.30716E-02    0.81358E-02   -0.99274E-03    0.52254E-02    0.26449E-01   -0.15666E-04   -0.13196E-03   -0.30926E-04   -0.33259E-03   -0.12424E-02    0.51104E-04    0.78244E-04    0.83028E-04    0.47448E-04    0.10545E-04    0.89408E-04    0.77329E-04
    0.46142E-05   -0.33915E-03    0.38564E-04    0.12481E-02   -0.34973E+00    0.93881E+00    0.70323E-03    0.17068E-02   -0.29876E+00    0.96893E-01    0.10988E+00   -0.12556E-02   -0.28795E-01   -0.15131E-02    0.50519E-03    0.16608E-05   -0.70264E-03    0.12139E-06   -0.79881E-05   -0.12187E-02    0.27651E-01    0.12354E-01    0.47843E-02    0.12628E-01    0.69526E-02    0.11197E-01    0.82558E-02    0.64014E-02    0.15739E-01    0.23121E-02    0.20818E-01    0.28796E-01    0.66586E-02    0.58864E-02    0.28528E-02   -0.11606E-01    0.22235E-01    0.13489E-01    0.14696E-01   -0.86214E-02   -0.48742E-03   -0.10098E-01    0.68504E-02    0.59828E-02   -0.10247E-01   -0.34853E-01   -0.24168E-03    0.13426E-03    0.22806E-03    0.14198E-02    0.22635E-02    0.17313E-05    0.22302E-04   -0.59483E-04    0.58487E-04    0.20663E-03    0.50241E-04   -0.86289E-05
    0.89545E-06   -0.13283E-04    0.16843E-05    0.32374E-04    0.23222E-03    0.70323E-03    0.43888E-04    0.29637E-04   -0.30992E-01   -0.17698E-01   -0.12542E-01   -0.76311E-04    0.46715E-03    0.48825E-03   -0.31583E-04   -0.15914E-04    0.18384E-04   -0.46199E-07    0.28569E-06   -0.13907E-03   -0.74982E-03   -0.49118E-03   -0.16960E-03    0.10836E-03   -0.21902E-04    0.40481E-04    0.18143E-03    0.11086E-03   -0.28758E-04    0.67122E-04    0.90519E-04   -0.45933E-04   -0.49780E-04   -0.29273E-04    0.64058E-04    0.76569E-04    0.10833E-03    0.21246E-04    0.69365E-04   -0.55914E-04   -0.20685E-04    0.57054E-04    0.16245E-02    0.29300E-03    0.27725E-03    0.10449E-02   -0.21281E-04   -0.25678E-04    0.26342E-05    0.15839E-04   -0.21160E-04    0.81539E-05    0.84025E-05    0.83414E-05    0.83134E-05    0.13324E-04    0.12215E-04    0.65630E-05
    0.10684E-05   -0.64350E-05    0.15041E-05    0.30624E-03   -0.38499E-03    0.17068E-02    0.29637E-04    0.59838E-03   -0.43116E-01   -0.26865E-01   -0.21393E-01    0.12053E-03    0.26776E-02    0.64012E-03   -0.69097E-04   -0.77691E-05    0.55931E-04    0.27411E-06    0.32035E-06   -0.22864E-03   -0.32958E-02   -0.65979E-03    0.37176E-03    0.45964E-03   -0.27670E-03   -0.64755E-04    0.86576E-04    0.43819E-03    0.41153E-03    0.11816E-03   -0.55551E-03    0.26353E-03   -0.45862E-03    0.53485E-03   -0.23654E-03   -0.70195E-04    0.89767E-05    0.56523E-03    0.31745E-03    0.19182E-03   -0.20590E-03    0.48418E-03    0.22330E-02    0.12809E-02    0.10714E-02    0.23289E-02   -0.19752E-04   -0.59703E-04   -0.11470E-04    0.24607E-04    0.44942E-04    0.14127E-04    0.12382E-04    0.11763E-04    0.15025E-04    0.28076E-04    0.18926E-04    0.17795E-04
   -0.33143E-03   -0.18691E-04    0.18442E-03   -0.16940E-01    0.13353E+00   -0.29876E+00   -0.30992E-01   -0.43116E-01    0.16092E+04    0.80808E+02    0.18963E+02    0.17636E+00   -0.10301E+01   -0.11448E+02   -0.50764E-01   -0.78362E-01   -0.63668E-01    0.14902E-02   -0.22414E-02    0.10890E+01    0.85442E+01    0.16286E+02   -0.67223E+01    0.44901E+00    0.12303E-01   -0.28024E+00   -0.21048E+01   -0.38016E+01   -0.10556E+01   -0.44889E+00   -0.82142E+00    0.93163E-01   -0.14714E+00    0.26040E+00   -0.73484E+00   -0.35427E+01   -0.87325E+00   -0.23018E+01   -0.14429E+01    0.56875E-01    0.23463E+01    0.43676E+00    0.37184E+00    0.51798E+01   -0.56810E+00    0.54608E+01   -0.43385E-01   -0.36744E+00   -0.79114E-01   -0.83380E-01   -0.21250E-01   -0.22329E-01    0.10152E-01   -0.26406E-01    0.36723E-02   -0.66597E-01   -0.29247E-01    0.21988E-01
   -0.68295E-03    0.20659E-02   -0.28007E-03   -0.14467E-01   -0.13414E+00    0.96893E-01   -0.17698E-01   -0.26865E-01    0.80808E+02    0.62254E+02    0.15908E+02    0.22483E+00    0.44724E+00   -0.17865E+01    0.34413E-01    0.30474E-01   -0.25505E-01    0.32309E-04   -0.98272E-03    0.20472E+00    0.36575E+00   -0.20460E-01   -0.37269E-01   -0.10608E-02    0.82049E-01   -0.19985E+00    0.25866E+00   -0.14153E+00   -0.11316E+00   -0.10428E+00   -0.14676E+00   -0.85113E-01    0.12798E+00   -0.67379E-01   -0.53819E-01    0.52199E-01    0.16605E+00    0.18110E-01   -0.25686E+00    0.11733E-01    0.61884E-01    0.28950E+00   -0.15514E+01    0.80974E+00   -0.21321E+00   -0.39796E+00    0.85707E-02   -0.40516E-01   -0.31961E-01   -0.13443E-01    0.34546E-01   -0.12226E-01   -0.62396E-02   -0.12724E-01   -0.65299E-02   -0.25214E-01   -0.17484E-01   -0.41012E-02
   -0.57712E-03    0.21484E-02   -0.28602E-03   -0.12603E-01   -0.13472E+00    0.10988E+00   -0.12542E-01   -0.21393E-01    0.18963E+02    0.15908E+02    0.95266E+02   -0.11351E+01   -0.34494E+02    0.49986E+00   -0.35993E+00   -0.30265E-01   -0.45299E+00    0.75156E-04    0.31299E-04    0.22431E-01    0.86325E+00    0.14206E+00    0.25615E+00   -0.67146E-01    0.34855E-01   -0.14810E+00    0.17434E+00   -0.65422E-01    0.15706E-01   -0.10043E+00    0.13508E+00    0.10692E+00    0.38093E+00   -0.24952E+00    0.19834E+00   -0.45058E-01    0.21140E+00    0.87211E-01   -0.53271E-01    0.49489E-02   -0.89012E-01    0.23829E+00    0.17653E+02   -0.93841E+00    0.61921E+00    0.92927E+01   -0.43528E-01   -0.73912E-01    0.22546E-02    0.18099E-01    0.64071E-01   -0.59155E-02   -0.28972E-01   -0.51131E-02   -0.30881E-01   -0.61385E-02   -0.87204E-02   -0.55031E-01
    0.72851E-06    0.15058E-04   -0.23052E-05    0.91670E-04    0.68875E-03   -0.12556E-02   -0.76311E-04    0.12053E-03    0.17636E+00    0.22483E+00   -0.11351E+01    0.64070E+00    0.12043E+01    0.54309E+00    0.29836E-02   -0.27241E-02   -0.19560E-02   -0.50809E-05    0.72771E-04    0.19301E-02   -0.90831E+00   -0.95371E-02   -0.20002E-01   -0.12759E-01   -0.55359E-02   -0.13176E-02   -0.19503E-01    0.12950E-01   -0.82370E-02    0.18953E-01    0.28558E-02    0.19628E-01   -0.26601E-01    0.35212E-02   -0.81045E-02   -0.19442E-01   -0.11477E-02   -0.10384E-01    0.21407E-01    0.19000E-01    0.18439E-01    0.54736E-01   -0.17761E+00   -0.20665E+00   -0.19853E-01   -0.63855E-01    0.47291E-01    0.45462E-01   -0.42672E-02    0.67903E-03    0.13913E-02    0.11395E-03    0.42068E-03    0.15218E-03    0.27234E-03   -0.74627E-03    0.51746E-03    0.19722E-02
    0.27620E-04    0.98458E-05    0.63361E-05    0.11834E-02    0.13820E-01   -0.28795E-01    0.46715E-03    0.26776E-02   -0.10301E+01    0.44724E+00   -0.34494E+02    0.12043E+01    0.21573E+02    0.18410E+01    0.21587E+00    0.27898E-01    0.28579E+00   -0.34710E-04   -0.26469E-04   -0.35113E+00   -0.42122E+01    0.10332E+00   -0.18932E+00    0.23705E-01   -0.38606E-01    0.98321E-02   -0.39993E-01    0.16039E+00   -0.10549E+00    0.24176E+00   -0.17015E+00   -0.13264E+00   -0.49598E+00    0.44054E-01   -0.30724E+00   -0.19195E+00   -0.12288E+00   -0.84260E-01    0.10578E+00    0.12472E+00    0.20082E+00   -0.35243E+00   -0.11897E+02    0.90945E-02   -0.73782E+00   -0.78533E+01    0.53423E-01    0.64279E-01   -0.11209E-01   -0.11170E-02   -0.78139E-02   -0.12904E-02    0.68401E-02   -0.19990E-02    0.82078E-02   -0.95080E-03   -0.28898E-02    0.21411E-01
    0.16045E-04    0.10569E-04    0.40736E-05    0.29636E-03    0.14542E-02   -0.15131E-02    0.48825E-03    0.64012E-03   -0.11448E+02   -0.17865E+01    0.49986E+00    0.54309E+00    0.18410E+01    0.19347E+01    0.17309E-01    0.22019E-01    0.14272E-01   -0.84047E-05   -0.12836E-03   -0.19036E+00   -0.23202E+01    0.34803E-01    0.12324E-01    0.26983E-02   -0.16375E-01   -0.16262E-02    0.52982E-01    0.43650E-01   -0.37618E-02    0.91527E-02    0.83958E-02   -0.53323E-01   -0.20324E-01   -0.20648E-01   -0.20959E-01   -0.37940E-01    0.12903E-02    0.13021E-01    0.14263E-01   -0.69162E-02    0.64474E-02   -0.73416E-01   -0.75765E+00   -0.76650E+00   -0.92887E-01   -0.11604E+01    0.42850E-01    0.70670E-01   -0.15232E-02    0.56780E-03    0.36134E-02    0.44428E-03   -0.27229E-02    0.45762E-03   -0.25807E-02    0.35993E-02    0.26022E-03   -0.20310E-02
   -0.13809E-05    0.46350E-05   -0.10574E-06   -0.38138E-04   -0.35049E-03    0.50519E-03   -0.31583E-04   -0.69097E-04   -0.50764E-01    0.34413E-01   -0.35993E+00    0.29836E-02    0.21587E+00    0.17309E-01    0.43972E-02   -0.62906E-04    0.30558E-02   -0.10137E-06   -0.30701E-05   -0.11138E-02   -0.19370E-01    0.16608E-03    0.17011E-02    0.10237E-02    0.48525E-03    0.76545E-04    0.75627E-03   -0.13546E-02    0.71476E-03   -0.23971E-02    0.54958E-03   -0.99492E-03    0.17293E-04    0.22073E-04   -0.62136E-04    0.73547E-03    0.15293E-03   -0.15917E-03   -0.20069E-02   -0.31254E-02   -0.36670E-02   -0.10908E-02   -0.14796E+00   -0.72043E-02   -0.36181E-02   -0.10426E+00    0.39436E-03    0.15095E-02    0.33942E-03    0.40304E-04    0.12465E-03   -0.32989E-04   -0.38302E-05   -0.44500E-04    0.26493E-04    0.10746E-04   -0.57379E-04    0.17506E-03
   -0.59773E-06    0.98858E-06   -0.64781E-06   -0.26883E-05   -0.40240E-04    0.16608E-05   -0.15914E-04   -0.77691E-05   -0.78362E-01    0.30474E-01   -0.30265E-01   -0.27241E-02    0.27898E-01    0.22019E-01   -0.62906E-04    0.29136E-02   -0.21932E-03    0.21527E-07    0.38845E-05   -0.79378E-03   -0.14111E-01    0.97195E-03    0.14216E-03    0.79651E-04    0.28917E-03    0.40282E-03   -0.10364E-02    0.63946E-03    0.12941E-03    0.89785E-03   -0.23038E-03    0.16635E-02    0.18066E-03   -0.26357E-03   -0.82108E-03   -0.10814E-03    0.20312E-03    0.28407E-03    0.86042E-03    0.59732E-03    0.75011E-03    0.62433E-02    0.42876E-03   -0.13714E-01    0.32215E-02    0.71242E-02    0.19571E-03    0.15865E-02   -0.41815E-03   -0.18940E-03   -0.30171E-03    0.73433E-06    0.26161E-04   -0.70608E-06    0.30553E-04    0.52316E-04   -0.93957E-05    0.75765E-04
    0.74388E-06   -0.30940E-06    0.55698E-06    0.21800E-04    0.29485E-03   -0.70264E-03    0.18384E-04    0.55931E-04   -0.63668E-01   -0.25505E-01   -0.45299E+00   -0.19560E-02    0.28579E+00    0.14272E-01    0.30558E-02   -0.21932E-03    0.51456E-02   -0.27571E-06   -0.91531E-05   -0.52668E-02   -0.33309E-01    0.45616E-02   -0.53309E-02   -0.20857E-03   -0.15310E-02   -0.21143E-03    0.15954E-02    0.52706E-02   -0.40492E-02    0.76927E-02   -0.57872E-02   -0.66222E-02   -0.12494E-01    0.96867E-03   -0.75098E-02   -0.53448E-02   -0.36281E-02   -0.11315E-02    0.42228E-02    0.67863E-02    0.78317E-02   -0.90846E-02   -0.19259E+00    0.41722E-02   -0.11058E-01   -0.13951E+00   -0.60905E-03   -0.22298E-03    0.24360E-03    0.50364E-05   -0.45437E-04   -0.16286E-04    0.37632E-04   -0.29298E-04    0.70434E-04    0.47375E-04   -0.48261E-04    0.20099E-03
   -0.20042E-09   -0.23115E-07    0.14763E-08    0.12699E-06    0.73310E-06    0.12139E-06   -0.46199E-07    0.27411E-06    0.14902E-02    0.32309E-04    0.75156E-04   -0.50809E-05   -0.34710E-04   -0.84047E-05   -0.10137E-06    0.21527E-07   -0.27571E-06    0.15563E-06    0.10319E-07    0.27749E-05    0.13476E-04   -0.22917E-04   -0.12354E-04   -0.33513E-05   -0.61619E-05    0.29666E-05    0.10767E-04    0.46189E-05    0.45240E-06    0.68130E-05    0.87357E-06    0.53466E-06    0.39278E-06    0.25312E-05    0.11066E-05   -0.20418E-05    0.71265E-05    0.54278E-05    0.15515E-05    0.38833E-05    0.34138E-05    0.10027E-05    0.22290E-04    0.35621E-05    0.30898E-05   -0.28211E-05   -0.82455E-07    0.21227E-06    0.78184E-07   -0.48583E-06   -0.11369E-06   -0.14962E-08   -0.99363E-08   -0.51105E-07   -0.48364E-07   -0.53368E-07   -0.24026E-07   -0.12265E-06
   -0.10299E-08    0.15885E-07   -0.92186E-08    0.53591E-08    0.30203E-05   -0.79881E-05    0.28569E-06    0.32035E-06   -0.22414E-02   -0.98272E-03    0.31299E-04    0.72771E-04   -0.26469E-04   -0.12836E-03   -0.30701E-05    0.38845E-05   -0.91531E-05    0.10319E-07    0.11261E-05    0.26862E-04    0.65068E-04    0.93080E-04    0.40002E-04   -0.28837E-04   -0.46569E-05    0.60585E-05    0.42151E-03    0.25151E-04   -0.73386E-05   -0.12723E-04    0.37406E-04   -0.34243E-03    0.33384E-04   -0.86158E-04    0.30419E-04    0.30288E-05    0.87586E-04    0.73092E-04   -0.62471E-04   -0.80095E-04    0.65514E-05    0.69179E-04    0.30707E-03    0.54879E-04    0.36975E-04    0.41485E-03    0.60103E-05    0.19729E-05   -0.29201E-05   -0.73818E-06   -0.17781E-05    0.39566E-06    0.11516E-05    0.41134E-06    0.98723E-06    0.15638E-06    0.54350E-06    0.14439E-05
   -0.46765E-05    0.21545E-05   -0.66166E-06   -0.10044E-03    0.37731E-03   -0.12187E-02   -0.13907E-03   -0.22864E-03    0.10890E+01    0.20472E+00    0.22431E-01    0.19301E-02   -0.35113E+00   -0.19036E+00   -0.11138E-02   -0.79378E-03   -0.52668E-02    0.27749E-05    0.26862E-04    0.66034E-01    0.36708E+00   -0.40790E-02    0.12186E-02   -0.39265E-02    0.20122E-02   -0.76585E-04   -0.63198E-02   -0.33915E-02    0.24723E-04    0.14125E-02   -0.39826E-02    0.11820E-01    0.28962E-02    0.65298E-02    0.10265E-02    0.65275E-02    0.25777E-02    0.13342E-02   -0.57137E-03    0.66568E-02    0.80462E-03    0.60431E-01    0.14401E+00    0.15399E-02    0.54971E-01    0.20508E+00    0.44769E-02    0.82008E-02    0.11385E-02   -0.64642E-03    0.14550E-03    0.28758E-04    0.22470E-03    0.76714E-05    0.23358E-03   -0.30083E-03    0.22184E-03    0.57270E-03
   -0.40538E-04   -0.16314E-03    0.17192E-04   -0.13363E-02   -0.63532E-02    0.27651E-01   -0.74982E-03   -0.32958E-02    0.85442E+01    0.36575E+00    0.86325E+00   -0.90831E+00   -0.42122E+01   -0.23202E+01   -0.19370E-01   -0.14111E-01   -0.33309E-01    0.13476E-04    0.65068E-04    0.36708E+00    0.44867E+01   -0.14473E-01    0.27598E-02   -0.12254E-02    0.16078E-01    0.38417E-02   -0.29560E-01   -0.44120E-01    0.21468E-03   -0.16166E-01   -0.12769E-01    0.76458E-01    0.56357E-01    0.29414E-01    0.29756E-01    0.55152E-01    0.29173E-01    0.72044E-02   -0.21265E-01    0.30312E-01   -0.18551E-01    0.75481E-01    0.13673E+01    0.29345E+00    0.22526E+00    0.17838E+01   -0.46070E-01   -0.30581E-01    0.16989E-01   -0.11342E-01   -0.10735E-01    0.55349E-03    0.28104E-02    0.63565E-03    0.27312E-02   -0.25494E-03    0.17613E-02    0.23276E-02
   -0.18558E-04    0.13442E-03   -0.87508E-05   -0.69961E-03   -0.99455E-02    0.12354E-01   -0.49118E-03   -0.65979E-03    0.16286E+02   -0.20460E-01    0.14206E+00   -0.95371E-02    0.10332E+00    0.34803E-01    0.16608E-03    0.97195E-03    0.45616E-02   -0.22917E-04    0.93080E-04   -0.40790E-02   -0.14473E-01    0.66165E+00   -0.14694E+00    0.51404E-02    0.11296E-01   -0.51486E-02    0.21920E+00   -0.39216E-01   -0.44428E-01   -0.20222E-01   -0.63819E-01    0.21388E-01    0.43494E-01   -0.41337E-01   -0.27942E-01   -0.13498E+00    0.18309E+00    0.49518E-01   -0.11708E-01    0.29684E-01    0.72854E-01   -0.90766E-02   -0.12916E+00   -0.21242E-01   -0.12550E-01   -0.16025E+00    0.37638E-04    0.18295E-02    0.55697E-03    0.11792E-03    0.35873E-03   -0.68686E-05   -0.70225E-04   -0.25091E-04   -0.22628E-03    0.65807E-04   -0.11364E-03   -0.28031E-03
   -0.12496E-04   -0.12731E-04    0.31210E-05    0.17281E-03   -0.48429E-03    0.47843E-02   -0.16960E-03    0.37176E-03   -0.67223E+01   -0.37269E-01    0.25615E+00   -0.20002E-01   -0.18932E+00    0.12324E-01    0.17011E-02    0.14216E-03   -0.53309E-02   -0.12354E-04    0.40002E-04    0.12186E-02    0.27598E-02   -0.14694E+00    0.91951E+00    0.20901E-02    0.87815E-02    0.23439E-01   -0.14518E+00    0.17254E+00    0.69265E-01   -0.11427E-01    0.32265E-01   -0.12457E+00    0.14040E-01    0.38217E-01    0.39346E-02    0.17061E+00   -0.22666E+00    0.50965E-01    0.91011E-01    0.98142E-02   -0.21449E+00    0.58907E-02    0.71610E-01   -0.14390E-01    0.73898E-02    0.16112E-01   -0.13978E-02   -0.29785E-03    0.28284E-03    0.12898E-02    0.12358E-02   -0.20615E-03   -0.44815E-03   -0.12758E-03   -0.32827E-03    0.39739E-04   -0.13112E-03   -0.51307E-03
    0.30038E-05   -0.63518E-04    0.15357E-04    0.31488E-03   -0.39189E-02    0.12628E-01    0.10836E-03    0.45964E-03    0.44901E+00   -0.10608E-02   -0.67146E-01   -0.12759E-01    0.23705E-01    0.26983E-02    0.10237E-02    0.79651E-04   -0.20857E-03   -0.33513E-05   -0.28837E-04   -0.39265E-02   -0.12254E-02    0.51404E-02    0.20901E-02    0.98420E+00    0.57494E-02    0.79510E-02   -0.51483E-01   -0.14044E-01    0.17145E+00   -0.12392E-01    0.88766E-01   -0.12998E-01    0.39444E-01   -0.14513E-01   -0.16471E-01    0.11199E+00   -0.65316E-01    0.27009E-01    0.33438E-01   -0.17419E+00    0.93460E-01   -0.71900E-02   -0.28889E-01   -0.18404E-01   -0.43938E-02    0.70052E-02   -0.12338E-03   -0.20531E-05    0.18301E-03    0.28685E-04   -0.50388E-03    0.19858E-04   -0.10561E-03   -0.10039E-03    0.74515E-04   -0.33995E-03   -0.77260E-04   -0.68089E-04
    0.64450E-06    0.24913E-05    0.11882E-04   -0.15433E-03   -0.36333E-02    0.69526E-02   -0.21902E-04   -0.27670E-03    0.12303E-01    0.82049E-01    0.34855E-01   -0.55359E-02   -0.38606E-01   -0.16375E-01    0.48525E-03    0.28917E-03   -0.15310E-02   -0.61619E-05   -0.46569E-05    0.20122E-02    0.16078E-01    0.11296E-01    0.87815E-02    0.57494E-02    0.10049E+01   -0.12044E-02    0.57659E-01   -0.85413E-01    0.67798E-01   -0.78606E-01    0.46441E-01    0.63627E-01    0.11376E+00    0.29703E-01    0.15058E+00   -0.10783E+00    0.84098E-01    0.44393E-01   -0.15475E-01   -0.11193E+00    0.51618E-01    0.38524E-02    0.21535E-01   -0.52874E-03    0.36079E-02    0.92932E-01    0.26172E-04   -0.42531E-03   -0.27676E-03   -0.94986E-03   -0.17039E-02   -0.57891E-05   -0.17797E-04   -0.12069E-04   -0.11272E-03   -0.20335E-03   -0.72887E-04    0.24351E-03
    0.73830E-05    0.10416E-04   -0.35910E-05   -0.59196E-04   -0.37914E-02    0.11197E-01    0.40481E-04   -0.64755E-04   -0.28024E+00   -0.19985E+00   -0.14810E+00   -0.13176E-02    0.98321E-02   -0.16262E-02    0.76545E-04    0.40282E-03   -0.21143E-03    0.29666E-05    0.60585E-05   -0.76585E-04    0.38417E-02   -0.51486E-02    0.23439E-01    0.79510E-02   -0.12044E-02    0.99144E+00    0.33321E-01    0.47694E-01   -0.44828E-01    0.45447E-01    0.89254E-01    0.68528E-01   -0.79388E-01   -0.78034E-01    0.62600E-01    0.76611E-01    0.94066E-01   -0.78068E-01    0.81725E-01   -0.16680E-01   -0.19149E-02   -0.56774E-03    0.24623E-01    0.76070E-02    0.42158E-02    0.37186E-01   -0.58969E-03   -0.77130E-03    0.63900E-04    0.15160E-02    0.24146E-02    0.78495E-04    0.13384E-03    0.11185E-03    0.18801E-03    0.27228E-03    0.10372E-03    0.22657E-03
   -0.58285E-05    0.64232E-04   -0.76203E-05   -0.21732E-03   -0.56948E-02    0.82558E-02    0.18143E-03    0.86576E-04   -0.21048E+01    0.25866E+00    0.17434E+00   -0.19503E-01   -0.39993E-01    0.52982E-01    0.75627E-03   -0.10364E-02    0.15954E-02    0.10767E-04    0.42151E-03   -0.63198E-02   -0.29560E-01    0.21920E+00   -0.14518E+00   -0.51483E-01    0.57659E-01    0.33321E-01    0.80121E+00   -0.37140E-01   -0.13793E-01   -0.29171E-01   -0.37757E-01    0.71765E-01    0.12757E+00   -0.10381E+00    0.16222E-01   -0.83693E-01    0.63908E+00    0.23738E+00   -0.70786E-01   -0.32083E-01    0.79669E-01   -0.75493E-03    0.13741E-01   -0.25654E-01    0.55501E-02   -0.38363E-01   -0.63704E-03    0.93171E-03    0.10612E-02   -0.62868E-04   -0.14767E-02    0.30878E-03    0.14911E-04    0.35004E-03   -0.23694E-04    0.81113E-03    0.21658E-03   -0.32302E-03
    0.86701E-06   -0.24473E-05    0.17462E-05    0.19475E-03   -0.23477E-02    0.64014E-02    0.11086E-03    0.43819E-03   -0.38016E+01   -0.14153E+00   -0.65422E-01    0.12950E-01    0.16039E+00    0.43650E-01   -0.13546E-02    0.63946E-03    0.52706E-02    0.46189E-05    0.25151E-04   -0.33915E-02   -0.44120E-01   -0.39216E-01    0.17254E+00   -0.14044E-01   -0.85413E-01    0.47694E-01   -0.37140E-01    0.98005E+00    0.89018E-02   -0.10976E-02    0.11935E-01    0.57705E-01    0.43114E-02   -0.50586E-01   -0.34091E-01    0.15316E+00   -0.88765E-01    0.24304E+00    0.76973E+00    0.28754E+00   -0.18154E+00    0.33634E-02   -0.12525E+00   -0.20036E-01    0.22810E-03   -0.16643E+00    0.11416E-02    0.34892E-02    0.23840E-03   -0.43268E-03    0.16715E-02    0.43790E-04   -0.23671E-04   -0.14632E-04   -0.52469E-04    0.39549E-03    0.27292E-04   -0.13204E-03
   -0.65031E-06    0.32039E-04   -0.23458E-05    0.20027E-03   -0.81459E-02    0.15739E-01   -0.28758E-04    0.41153E-03   -0.10556E+01   -0.11316E+00    0.15706E-01   -0.82370E-02   -0.10549E+00   -0.37618E-02    0.71476E-03    0.12941E-03   -0.40492E-02    0.45240E-06   -0.73386E-05    0.24723E-04    0.21468E-03   -0.44428E-01    0.69265E-01    0.17145E+00    0.67798E-01   -0.44828E-01   -0.13793E-01    0.89018E-02    0.98933E+00    0.60914E-02    0.44499E-02    0.74655E-01   -0.42881E-01    0.12638E+00    0.15797E+00   -0.13282E+00   -0.20583E+00    0.62901E+00    0.14401E+00   -0.60961E+00    0.17745E+00   -0.28275E-02    0.12855E+00   -0.20689E-01    0.37253E-02    0.97601E-01    0.27222E-03   -0.13256E-02   -0.26081E-04   -0.12480E-02    0.60732E-03   -0.60077E-04    0.10466E-03   -0.59521E-04    0.69062E-04   -0.41865E-04   -0.67260E-04   -0.39240E-03
   -0.11077E-06   -0.13029E-04   -0.28141E-05    0.78943E-04    0.10629E-03    0.23121E-02    0.67122E-04    0.11816E-03   -0.44889E+00   -0.10428E+00   -0.10043E+00    0.18953E-01    0.24176E+00    0.91527E-02   -0.23971E-02    0.89785E-03    0.76927E-02    0.68130E-05   -0.12723E-04    0.14125E-02   -0.16166E-01   -0.20222E-01   -0.11427E-01   -0.12392E-01   -0.78606E-01    0.45447E-01   -0.29171E-01   -0.10976E-02    0.60914E-02    0.97963E+00   -0.14453E-01   -0.15932E-01   -0.92089E-01   -0.13581E+00   -0.31876E-01   -0.10174E+00   -0.86831E-01    0.81899E-01   -0.48615E-01    0.30358E+00    0.65334E+00   -0.10372E-01   -0.20530E+00   -0.26551E-02   -0.14033E-01   -0.14790E+00    0.97523E-03    0.75265E-03   -0.11023E-03   -0.13324E-02    0.19862E-02   -0.66797E-04    0.79499E-04    0.53662E-04    0.14390E-03    0.16187E-03    0.29507E-04    0.15795E-04
    0.48255E-05   -0.38324E-05    0.94937E-05   -0.22128E-03   -0.81667E-02    0.20818E-01    0.90519E-04   -0.55551E-03   -0.82142E+00   -0.14676E+00    0.13508E+00    0.28558E-02   -0.17015E+00    0.83958E-02    0.54958E-03   -0.23038E-03   -0.57872E-02    0.87357E-06    0.37406E-04   -0.39826E-02   -0.12769E-01   -0.63819E-01    0.32265E-01    0.88766E-01    0.46441E-01    0.89254E-01   -0.37757E-01    0.11935E-01    0.44499E-02   -0.14453E-01    0.97723E+00   -0.46038E-01    0.73231E-01    0.34793E-01    0.16568E+00    0.85836E-02    0.10365E+00   -0.55555E+00    0.39429E+00   -0.35016E+00    0.20297E+00   -0.34746E-03    0.15432E+00   -0.21577E-01    0.78262E-02    0.12446E+00    0.19114E-03   -0.77899E-03   -0.21855E-03    0.13774E-02    0.78332E-03   -0.51673E-04   -0.38678E-04    0.84808E-04   -0.12573E-03   -0.32203E-03    0.34227E-04    0.58739E-04
   -0.31922E-05    0.64235E-05   -0.40867E-05    0.11771E-03   -0.11819E-01    0.28796E-01   -0.45933E-04    0.26353E-03    0.93163E-01   -0.85113E-01    0.10692E+00    0.19628E-01   -0.13264E+00   -0.53323E-01   -0.99492E-03    0.16635E-02   -0.66222E-02    0.53466E-06   -0.34243E-03    0.11820E-01    0.76458E-01    0.21388E-01   -0.12457E+00   -0.12998E-01    0.63627E-01    0.68528E-01    0.71765E-01    0.57705E-01    0.74655E-01   -0.15932E-01   -0.46038E-01    0.82426E+00    0.10284E-01   -0.28541E-01    0.26401E-02   -0.96539E-02    0.57401E+00    0.16613E+00    0.12477E+00    0.39377E-01   -0.75879E-01    0.16007E-01    0.19456E+00    0.12354E-01    0.13977E-01    0.17268E+00    0.15781E-02    0.10206E-02   -0.90693E-03    0.28163E-02   -0.83710E-03    0.26382E-04    0.39784E-03    0.52521E-04    0.31230E-03   -0.22227E-03    0.64244E-04    0.28916E-03
   -0.37358E-05   -0.72667E-05    0.27157E-05   -0.25546E-03   -0.98018E-03    0.66586E-02   -0.49780E-04   -0.45862E-03   -0.14714E+00    0.12798E+00    0.38093E+00   -0.26601E-01   -0.49598E+00   -0.20324E-01    0.17293E-04    0.18066E-03   -0.12494E-01    0.39278E-06    0.33384E-04    0.28962E-02    0.56357E-01    0.43494E-01    0.14040E-01    0.39444E-01    0.11376E+00   -0.79388E-01    0.12757E+00    0.43114E-02   -0.42881E-01   -0.92089E-01    0.73231E-01    0.10284E-01    0.99114E+00   -0.15137E-01   -0.90517E-02   -0.14262E-01    0.10575E+00    0.17108E+00   -0.62160E-02    0.13478E+00    0.15939E+00    0.23403E-01    0.37340E+00   -0.86721E-03    0.20354E-01    0.26163E+00   -0.17337E-02   -0.13831E-02   -0.95986E-04   -0.21481E-02    0.52844E-03    0.10579E-03   -0.96506E-04    0.13544E-03   -0.37994E-04   -0.74685E-04    0.29699E-04   -0.53537E-03
    0.16836E-05   -0.40303E-05   -0.52328E-05    0.30535E-03   -0.27795E-02    0.58864E-02   -0.29273E-04    0.53485E-03    0.26040E+00   -0.67379E-01   -0.24952E+00    0.35212E-02    0.44054E-01   -0.20648E-01    0.22073E-04   -0.26357E-03    0.96867E-03    0.25312E-05   -0.86158E-04    0.65298E-02    0.29414E-01   -0.41337E-01    0.38217E-01   -0.14513E-01    0.29703E-01   -0.78034E-01   -0.10381E+00   -0.50586E-01    0.12638E+00   -0.13581E+00    0.34793E-01   -0.28541E-01   -0.15137E-01    0.10097E+01   -0.14407E-01    0.98535E-02   -0.13154E+00    0.29195E-01    0.16430E+00    0.36084E-01   -0.71479E-01    0.96771E-02   -0.59025E-01    0.21683E-01    0.59216E-02   -0.14376E-01    0.10585E-04   -0.26283E-03    0.26388E-04   -0.92722E-03   -0.84524E-03    0.91438E-04   -0.79217E-04    0.79923E-04    0.76805E-04    0.14148E-03    0.87410E-05    0.23055E-03
    0.22783E-06    0.12892E-04    0.15735E-05   -0.10217E-03   -0.28958E-02    0.28528E-02    0.64058E-04   -0.23654E-03   -0.73484E+00   -0.53819E-01    0.19834E+00   -0.81045E-02   -0.30724E+00   -0.20959E-01   -0.62136E-04   -0.82108E-03   -0.75098E-02    0.11066E-05    0.30419E-04    0.10265E-02    0.29756E-01   -0.27942E-01    0.39346E-02   -0.16471E-01    0.15058E+00    0.62600E-01    0.16222E-01   -0.34091E-01    0.15797E+00   -0.31876E-01    0.16568E+00    0.26401E-02   -0.90517E-02   -0.14407E-01    0.97060E+00   -0.31260E-02    0.34864E-03    0.21231E-01    0.11556E+00   -0.28757E+00    0.12541E+00    0.54340E-02    0.25127E+00    0.22103E-02    0.14569E-01    0.14229E+00   -0.33151E-03   -0.14769E-02   -0.27751E-04   -0.11952E-02    0.12812E-02   -0.16832E-04    0.22816E-03   -0.56959E-05    0.14128E-04    0.11601E-03    0.92775E-04   -0.23878E-03
    0.92668E-06   -0.36655E-04    0.22319E-05    0.47333E-04    0.46640E-02   -0.11606E-01    0.76569E-04   -0.70195E-04   -0.35427E+01    0.52199E-01   -0.45058E-01   -0.19442E-01   -0.19195E+00   -0.37940E-01    0.73547E-03   -0.10814E-03   -0.53448E-02   -0.20418E-05    0.30288E-05    0.65275E-02    0.55152E-01   -0.13498E+00    0.17061E+00    0.11199E+00   -0.10783E+00    0.76611E-01   -0.83693E-01    0.15316E+00   -0.13282E+00   -0.10174E+00    0.85836E-02   -0.96539E-02   -0.14262E-01    0.98535E-02   -0.31260E-02    0.10095E+01   -0.60310E-01   -0.55962E-01    0.34882E-01    0.17068E+00   -0.10759E+00    0.13398E-01    0.13895E+00    0.10997E-01    0.17669E-01    0.70226E-01   -0.10167E-02   -0.82138E-03    0.70489E-04   -0.14871E-02    0.20863E-02   -0.63349E-04    0.55607E-04   -0.47443E-04    0.10797E-03   -0.13805E-03   -0.10046E-03   -0.33408E-03
   -0.55975E-05    0.44882E-04   -0.66429E-05   -0.18544E-03   -0.10586E-01    0.22235E-01    0.10833E-03    0.89767E-05   -0.87325E+00    0.16605E+00    0.21140E+00   -0.11477E-02   -0.12288E+00    0.12903E-02    0.15293E-03    0.20312E-03   -0.36281E-02    0.71265E-05    0.87586E-04    0.25777E-02    0.29173E-01    0.18309E+00   -0.22666E+00   -0.65316E-01    0.84098E-01    0.94066E-01    0.63908E+00   -0.88765E-01   -0.20583E+00   -0.86831E-01    0.10365E+00    0.57401E+00    0.10575E+00   -0.13154E+00    0.34864E-03   -0.60310E-01    0.94695E+00   -0.22578E-01   -0.27792E-02    0.91840E-02   -0.13944E-01    0.95341E-02    0.13572E+00   -0.72204E-02    0.13536E-01    0.99698E-01    0.39196E-03    0.12320E-02    0.13045E-03    0.25471E-02   -0.18551E-02    0.25100E-03    0.24520E-03    0.31001E-03    0.14029E-03    0.34679E-03    0.22208E-03    0.80363E-04
   -0.51283E-05    0.27260E-04   -0.67665E-05    0.18318E-03   -0.60994E-02    0.13489E-01    0.21246E-04    0.56523E-03   -0.23018E+01    0.18110E-01    0.87211E-01   -0.10384E-01   -0.84260E-01    0.13021E-01   -0.15917E-03    0.28407E-03   -0.11315E-02    0.54278E-05    0.73092E-04    0.13342E-02    0.72044E-02    0.49518E-01    0.50965E-01    0.27009E-01    0.44393E-01   -0.78068E-01    0.23738E+00    0.24304E+00    0.62901E+00    0.81899E-01   -0.55555E+00    0.16613E+00    0.17108E+00    0.29195E-01    0.21231E-01   -0.55962E-01   -0.22578E-01    0.98552E+00   -0.67185E-02    0.11532E-01    0.72650E-02    0.75008E-02    0.85630E-01   -0.17275E-01    0.57947E-02    0.15036E-01    0.23475E-03    0.53406E-03    0.30120E-03   -0.18582E-02    0.21842E-03    0.10458E-03    0.78714E-04    0.67280E-04    0.13957E-03    0.48498E-03    0.16573E-04   -0.50618E-03
    0.22163E-05    0.20855E-04    0.63267E-05    0.12803E-03   -0.70807E-02    0.14696E-01    0.69365E-04    0.31745E-03   -0.14429E+01   -0.25686E+00   -0.53271E-01    0.21407E-01    0.10578E+00    0.14263E-01   -0.20069E-02    0.86042E-03    0.42228E-02    0.15515E-05   -0.62471E-04   -0.57137E-03   -0.21265E-01   -0.11708E-01    0.91011E-01    0.33438E-01   -0.15475E-01    0.81725E-01   -0.70786E-01    0.76973E+00    0.14401E+00   -0.48615E-01    0.39429E+00    0.12477E+00   -0.62160E-02    0.16430E+00    0.11556E+00    0.34882E-01   -0.27792E-02   -0.67185E-02    0.99086E+00   -0.18234E-01   -0.44814E-03    0.40839E-02   -0.86207E-01   -0.88355E-02   -0.47412E-03   -0.11285E+00    0.16392E-02    0.26080E-02   -0.19449E-03   -0.11973E-02    0.18686E-02    0.42293E-04    0.77508E-04    0.86765E-05   -0.55839E-04    0.21377E-04    0.47993E-04   -0.12852E-04
   -0.19691E-05   -0.10524E-04   -0.27394E-05    0.57300E-04    0.48853E-02   -0.86214E-02   -0.55914E-04    0.19182E-03    0.56875E-01    0.11733E-01    0.49489E-02    0.19000E-01    0.12472E+00   -0.69162E-02   -0.31254E-02    0.59732E-03    0.67863E-02    0.38833E-05   -0.80095E-04    0.66568E-02    0.30312E-01    0.29684E-01    0.98142E-02   -0.17419E+00   -0.11193E+00   -0.16680E-01   -0.32083E-01    0.28754E+00   -0.60961E+00    0.30358E+00   -0.35016E+00    0.39377E-01    0.13478E+00    0.36084E-01   -0.28757E+00    0.17068E+00    0.91840E-02    0.11532E-01   -0.18234E-01    0.98192E+00   -0.23816E-03    0.65297E-02   -0.15231E+00    0.23047E-01   -0.42110E-02   -0.15607E+00    0.63478E-03    0.24323E-02    0.26078E-04    0.82057E-04   -0.60836E-04    0.50954E-04   -0.47002E-04    0.62472E-04    0.12440E-03    0.22791E-03    0.32942E-04    0.15798E-03
   -0.39408E-06    0.44087E-04   -0.60448E-05   -0.16429E-03   -0.26071E-02   -0.48742E-03   -0.20685E-04   -0.20590E-03    0.23463E+01    0.61884E-01   -0.89012E-01    0.18439E-01    0.20082E+00    0.64474E-02   -0.36670E-02    0.75011E-03    0.78317E-02    0.34138E-05    0.65514E-05    0.80462E-03   -0.18551E-01    0.72854E-01   -0.21449E+00    0.93460E-01    0.51618E-01   -0.19149E-02    0.79669E-01   -0.18154E+00    0.17745E+00    0.65334E+00    0.20297E+00   -0.75879E-01    0.15939E+00   -0.71479E-01    0.12541E+00   -0.10759E+00   -0.13944E-01    0.72650E-02   -0.44814E-03   -0.23816E-03    0.94953E+00   -0.11631E-01   -0.18510E+00   -0.21245E-02   -0.16953E-01   -0.13600E+00    0.90502E-03    0.66177E-03   -0.37649E-04   -0.18324E-02    0.10478E-03   -0.40216E-04    0.10725E-03    0.60693E-04    0.11835E-03    0.73660E-04   -0.52131E-04   -0.64963E-04
    0.60445E-05    0.15253E-04   -0.56029E-05    0.23479E-03    0.30716E-02   -0.10098E-01    0.57054E-04    0.48418E-03    0.43676E+00    0.28950E+00    0.23829E+00    0.54736E-01   -0.35243E+00   -0.73416E-01   -0.10908E-02    0.62433E-02   -0.90846E-02    0.10027E-05    0.69179E-04    0.60431E-01    0.75481E-01   -0.90766E-02    0.58907E-02   -0.71900E-02    0.38524E-02   -0.56774E-03   -0.75493E-03    0.33634E-02   -0.28275E-02   -0.10372E-01   -0.34746E-03    0.16007E-01    0.23403E-01    0.96771E-02    0.54340E-02    0.13398E-01    0.95341E-02    0.75008E-02    0.40839E-02    0.65297E-02   -0.11631E-01    0.33493E+00    0.18950E+00    0.89883E-02    0.14608E+00    0.49613E+00    0.12569E-01    0.16102E-01   -0.45559E-02   -0.98971E-03   -0.26701E-02    0.65772E-03   -0.12659E-03    0.68474E-03    0.32095E-04   -0.59705E-03    0.47866E-04    0.12318E-02
    0.82893E-04   -0.28542E-03    0.45961E-04    0.15410E-02    0.81358E-02    0.68504E-02    0.16245E-02    0.22330E-02    0.37184E+00   -0.15514E+01    0.17653E+02   -0.17761E+00   -0.11897E+02   -0.75765E+00   -0.14796E+00    0.42876E-03   -0.19259E+00    0.22290E-04    0.30707E-03    0.14401E+00    0.13673E+01   -0.12916E+00    0.71610E-01   -0.28889E-01    0.21535E-01    0.24623E-01    0.13741E-01   -0.12525E+00    0.12855E+00   -0.20530E+00    0.15432E+00    0.19456E+00    0.37340E+00   -0.59025E-01    0.25127E+00    0.13895E+00    0.13572E+00    0.85630E-01   -0.86207E-01   -0.15231E+00   -0.18510E+00    0.18950E+00    0.16103E+02    0.94523E-01    0.40312E+00    0.59332E+01   -0.47150E-02   -0.38862E-01   -0.11131E-01    0.15747E-01    0.59484E-02    0.21342E-02    0.21109E-01    0.23295E-02    0.13997E-01    0.52507E-03    0.32229E-02   -0.77267E-02
    0.20815E-04   -0.12479E-04    0.28866E-05    0.59052E-03   -0.99274E-03    0.59828E-02    0.29300E-03    0.12809E-02    0.51798E+01    0.80974E+00   -0.93841E+00   -0.20665E+00    0.90945E-02   -0.76650E+00   -0.72043E-02   -0.13714E-01    0.41722E-02    0.35621E-05    0.54879E-04    0.15399E-02    0.29345E+00   -0.21242E-01   -0.14390E-01   -0.18404E-01   -0.52874E-03    0.76070E-02   -0.25654E-01   -0.20036E-01   -0.20689E-01   -0.26551E-02   -0.21577E-01    0.12354E-01   -0.86721E-03    0.21683E-01    0.22103E-02    0.10997E-01   -0.72204E-02   -0.17275E-01   -0.88355E-02    0.23047E-01   -0.21245E-02    0.89883E-02    0.94523E-01    0.22456E+01   -0.75337E-02    0.22888E+00   -0.92543E-01   -0.10946E+00   -0.43642E-02    0.49094E-02   -0.17576E-02   -0.37276E-03    0.10684E-02   -0.27408E-03    0.13502E-02    0.37393E-03   -0.10186E-03    0.72772E-03
    0.17432E-04   -0.31285E-04    0.55642E-05    0.57316E-03    0.52254E-02   -0.10247E-01    0.27725E-03    0.10714E-02   -0.56810E+00   -0.21321E+00    0.61921E+00   -0.19853E-01   -0.73782E+00   -0.92887E-01   -0.36181E-02    0.32215E-02   -0.11058E-01    0.30898E-05    0.36975E-04    0.54971E-01    0.22526E+00   -0.12550E-01    0.73898E-02   -0.43938E-02    0.36079E-02    0.42158E-02    0.55501E-02    0.22810E-03    0.37253E-02   -0.14033E-01    0.78262E-02    0.13977E-01    0.20354E-01    0.59216E-02    0.14569E-01    0.17669E-01    0.13536E-01    0.57947E-02   -0.47412E-03   -0.42110E-02   -0.16953E-01    0.14608E+00    0.40312E+00   -0.75337E-02    0.23766E+00    0.36732E+00    0.68215E-02    0.14445E-01   -0.17061E-04    0.12801E-02    0.18485E-02    0.16680E-03   -0.18695E-03    0.13891E-03   -0.10911E-03    0.41733E-03    0.24664E-03   -0.11996E-03
