# omegabh2 omegach2 theta tau Alens logA ns acib217 xi asz143 aps100 aps143 aps143217 aps217 aksz kgal100 kgal143 kgal143217 kgal217 galfTE100 galfTE100143 galfTE100217 galfTE143 galfTE143217 galfTE217 cal0 cal2 calPlanck
  3.0752403E-08  -1.8602765E-07   2.6402882E-08   1.7340735E-08   5.6314357E-06  -3.2069640E-07   5.0314189E-07  -1.3252635E-04   3.3736502E-06   2.3736682E-05  -6.3481489E-04  -3.7074092E-04  -1.3218794E-04  -2.3166791E-05  -4.3290825E-05  -1.9913632E-06  -1.8135176E-05  -3.2077327E-05  -9.2428323E-06  -7.9417850E-08  -7.4346546E-08  -1.7523766E-07  -4.2709119E-07  -7.1962927E-07  -2.9440311E-06   2.9026419E-09  -3.7073270E-09  -7.7651519E-09
 -1.8602765E-07   2.4916849E-06  -2.2512413E-07  -8.9076866E-06  -3.4341075E-05  -1.1669172E-05  -6.5289517E-06   7.3457717E-04  -2.2574903E-05  -1.7613070E-04   4.4152289E-03   2.4120361E-03   8.6431719E-04   3.7653303E-04   2.3778830E-04   2.5944948E-05   8.4077256E-05   1.6235975E-04   8.2647786E-05   1.0360434E-06   2.2188269E-07   4.9632594E-07   3.2993102E-06   4.4947423E-06   2.1332296E-05   1.9366122E-09   2.1416259E-08   1.0402578E-07
  2.6402882E-08  -2.2512413E-07   1.0775128E-07   8.4866232E-07   4.1683730E-06   1.2377755E-06   7.1810012E-07  -7.3235373E-05   2.4009151E-06   1.6111821E-05  -4.4047470E-04  -2.1487431E-04  -6.9247248E-05  -2.8815956E-05  -3.2841658E-05  -1.8180612E-06  -7.3839887E-06  -1.0248548E-05  -1.5688079E-06  -1.6314394E-07  -6.6545383E-08  -2.8193908E-07  -4.1660313E-07  -6.3676248E-07  -2.5385547E-06  -1.2709482E-09  -3.2709618E-09  -1.0539169E-08
  1.7340735E-08  -8.9076866E-06   8.4866232E-07   2.1991742E-03  -4.6163947E-03   4.3558763E-03   7.2811659E-05  -1.0857470E-02   4.7315811E-04   2.3187854E-03  -4.9606697E-02  -2.6332451E-02   1.2399999E-03   8.0387591E-03  -5.3208863E-03  -5.5860927E-03  -3.8599016E-03  -5.2156265E-03  -4.5282713E-03  -1.9664103E-05  -2.8984656E-05   3.9950799E-05  -9.9248934E-05   1.4863804E-05   4.7350048E-05   9.2593948E-09   1.4625385E-07   7.7416458E-07
  5.6314357E-06  -3.4341075E-05   4.1683730E-06  -4.6163947E-03   1.3353471E-02  -9.2859920E-03   5.9760363E-06  -2.9690114E-02   3.6826676E-04   2.0388252E-03  -1.3109331E-01  -4.4413178E-02  -2.1269408E-02   9.6931702E-04  -5.6829478E-03   1.0814014E-02   5.6275304E-04  -1.5894494E-03   6.3322539E-03   3.2259824E-05   4.3472881E-05  -1.2583768E-04   9.3654538E-05  -1.5063269E-04  -5.4978886E-04   4.6246734E-07  -2.0342081E-06  -1.6596673E-05
 -3.2069640E-07  -1.1669172E-05   1.2377755E-06   4.3558763E-03  -9.2859920E-03   8.6705959E-03   1.2717233E-04  -1.9982403E-02   9.4084370E-04   3.9395117E-03  -8.2748014E-02  -4.5234120E-02   6.4167444E-03   2.1948939E-02  -1.0505486E-02  -1.1501832E-02  -8.0186647E-03  -1.0568134E-02  -7.4046048E-03  -3.8468252E-05  -5.7076384E-05   7.6689477E-05  -1.8969125E-04   3.9164960E-05   1.6103594E-04   1.5312487E-07   3.5376627E-07   1.4243909E-05
  5.0314189E-07  -6.5289517E-06   7.1810012E-07   7.2811659E-05   5.9760363E-06   1.2717233E-04   2.7464239E-05  -6.0950140E-03   1.5296202E-04   1.0483060E-03  -3.2319811E-02  -1.2425532E-02  -1.2692739E-03   3.3786299E-03  -2.2859319E-03   1.1119491E-04  -6.9518977E-04  -1.1844693E-03   3.0824670E-04  -2.0448209E-06   5.6206854E-07   1.3249852E-08  -9.8002529E-06  -9.9248735E-06  -5.7525511E-05  -1.2503801E-07  -1.3559569E-07  -4.1023449E-07
 -1.3252635E-04   7.3457717E-04  -7.3235373E-05  -1.0857470E-02  -2.9690114E-02  -1.9982403E-02  -6.0950140E-03   4.4047526E+01  -3.8176584E-01  -7.5709327E-01   3.6575493E+01   2.8725992E+00  -1.1285309E+01  -5.3585701E+01   2.9866565E-02   1.9882552E-01   7.0858941E-01  -5.5183379E+00  -3.2699668E+01  -2.2516870E-03  -1.0989514E-03  -1.8504262E-04   1.9535223E-03  -1.2970707E-03   2.2359051E-02  -1.8596389E-04   7.1064565E-04   7.6005418E-04
  3.3736502E-06  -2.2574903E-05   2.4009151E-06   4.7315811E-04   3.6826676E-04   9.4084370E-04   1.5296202E-04  -3.8176584E-01   7.8299448E-02  -2.5267636E-02  -6.6883234E-01   8.6533614E-01   1.6519781E+00   6.3180350E-01   2.1509241E-02  -1.1221283E-02   3.1507001E-03   1.1033855E-01   1.3859951E-01   7.4672319E-05   7.6270173E-05  -2.0838613E-05  -7.3628315E-05   5.9666237E-05  -7.0173096E-04   4.8315859E-06  -1.1349238E-06   6.7580523E-07
  2.3736682E-05  -1.7613070E-04   1.6111821E-05   2.3187854E-03   2.0388252E-03   3.9395117E-03   1.0483060E-03  -7.5709327E-01  -2.5267636E-02   3.5198020E+00  -2.8826436E+01  -3.7417789E+00   6.6053230E+00   4.0805551E+00  -2.0631139E+00  -2.3890013E-01   1.1162061E-01   2.3538541E+00   2.8304326E+00   3.5001812E-05   1.8917179E-04   1.6355433E-03  -1.3536026E-03  -1.1882351E-03  -7.5358032E-04   9.0397315E-05  -3.1162184E-05  -9.2072719E-05
 -6.3481489E-04   4.4152289E-03  -4.4047470E-04  -4.9606697E-02  -1.3109331E-01  -8.2748014E-02  -3.2319811E-02   3.6575493E+01  -6.6883234E-01  -2.8826436E+01   7.8132814E+02   7.7535987E+01  -4.5470980E+01  -5.2165587E+01   1.0819239E+01  -5.8541293E+00   6.3530545E+00  -1.0498424E+01  -2.1404634E+01  -8.0462828E-03  -7.0060915E-03   7.8950846E-03   2.3369103E-02  -9.8971478E-03   6.2395649E-02   3.6991524E-03   3.4836905E-04   5.0636753E-03
 -3.7074092E-04   2.4120361E-03  -2.1487431E-04  -2.6332451E-02  -4.4413178E-02  -4.5234120E-02  -1.2425532E-02   2.8725992E+00   8.6533614E-01  -3.7417789E+00   7.7535987E+01   6.2528391E+01   3.7874350E+01   1.3154687E+01  -3.3974191E+00  -3.7503228E-01  -1.1971763E+00   3.4579157E+00   4.0109224E+00   2.0928754E-03   2.8022784E-03  -1.7724457E-03   4.8332848E-03   1.1411196E-02   3.1746179E-02   8.6745900E-05   1.1217290E-04   9.2096342E-04
 -1.3218794E-04   8.6431719E-04  -6.9247248E-05   1.2399999E-03  -2.1269408E-02   6.4167444E-03  -1.2692739E-03  -1.1285309E+01   1.6519781E+00   6.6053230E+00  -4.5470980E+01   3.7874350E+01   7.8861601E+01   4.6601018E+01  -9.0129168E+00  -1.0153756E+00  -8.9803945E-01   4.0022227E+00   6.1744867E+00   2.2965997E-03   2.9697871E-03   5.5705895E-03   7.8963682E-04   5.8844615E-03  -5.6208969E-03   4.0129304E-04  -3.1554519E-04   3.5180011E-04
 -2.3166791E-05   3.7653303E-04  -2.8815956E-05   8.0387591E-03   9.6931702E-04   2.1948939E-02   3.3786299E-03  -5.3585701E+01   6.3180350E-01   4.0805551E+00  -5.2165587E+01   1.3154687E+01   4.6601018E+01   9.7572286E+01  -6.9178108E+00  -7.5526977E-01  -1.5361131E+00   4.3925072E+00   3.1573731E+01   3.2986414E-03   1.9753925E-03   6.9321526E-04   1.0098556E-04   5.3770978E-03  -1.4677191E-02   4.1714025E-04  -1.3042514E-03   1.1855571E-03
 -4.3290825E-05   2.3778830E-04  -3.2841658E-05  -5.3208863E-03  -5.6829478E-03  -1.0505486E-02  -2.2859319E-03   2.9866565E-02   2.1509241E-02  -2.0631139E+00   1.0819239E+01  -3.3974191E+00  -9.0129168E+00  -6.9178108E+00   4.4426233E+00   1.0953896E-01  -8.9439859E-02  -1.4881679E+00  -1.6218175E+00  -4.5953309E-04  -4.4102868E-04  -1.3630304E-03   1.6031439E-03   5.3170973E-04   2.9650372E-03  -5.8566028E-05   1.0318300E-05   8.5188371E-05
 -1.9913632E-06   2.5944948E-05  -1.8180612E-06  -5.5860927E-03   1.0814014E-02  -1.1501832E-02   1.1119491E-04   1.9882552E-01  -1.1221283E-02  -2.3890013E-01  -5.8541293E+00  -3.7503228E-01  -1.0153756E+00  -7.5526977E-01   1.0953896E-01   3.4145834E+00   5.8809311E-01   2.2408885E-01   2.0178628E-01   1.9844222E-04   4.1851621E-04  -1.5628790E-04  -4.2492278E-04   6.0731159E-04  -3.6011975E-03   1.8491171E-04   5.0619245E-06  -7.9610729E-05
 -1.8135176E-05   8.4077256E-05  -7.3839887E-06  -3.8599016E-03   5.6275304E-04  -8.0186647E-03  -6.9518977E-04   7.0858941E-01   3.1507001E-03   1.1162061E-01   6.3530545E+00  -1.1971763E+00  -8.9803945E-01  -1.5361131E+00  -8.9439859E-02   5.8809311E-01   3.2289034E+00   2.8070947E+00   2.8617601E+00   6.1079947E-07  -4.9852201E-04   1.5372527E-03  -3.6620168E-04  -4.0496310E-04   1.9792122E-03  -1.8085684E-04  -1.8179032E-05   4.0150782E-05
 -3.2077327E-05   1.6235975E-04  -1.0248548E-05  -5.2156265E-03  -1.5894494E-03  -1.0568134E-02  -1.1844693E-03  -5.5183379E+00   1.1033855E-01   2.3538541E+00  -1.0498424E+01   3.4579157E+00   4.0022227E+00   4.3925072E+00  -1.4881679E+00   2.2408885E-01   2.8070947E+00   1.0753785E+01   1.9220345E+01   1.3897308E-03   6.0770176E-04   2.2300696E-03  -2.1104093E-03  -4.8079982E-04   1.6013295E-02  -5.3933408E-05   4.2744745E-04   4.1703898E-05
 -9.2428323E-06   8.2647786E-05  -1.5688079E-06  -4.5282713E-03   6.3322539E-03  -7.4046048E-03   3.0824670E-04  -3.2699668E+01   1.3859951E-01   2.8304326E+00  -2.1404634E+01   4.0109224E+00   6.1744867E+00   3.1573731E+01  -1.6218175E+00   2.0178628E-01   2.8617601E+00   1.9220345E+01   5.3523294E+01   3.0199631E-03   1.2253473E-03   5.0712468E-03  -3.3168795E-03   2.7400478E-04   2.2129867E-02  -1.3289301E-06   9.5425881E-04   8.6574991E-04
 -7.9417850E-08   1.0360434E-06  -1.6314394E-07  -1.9664103E-05   3.2259824E-05  -3.8468252E-05  -2.0448209E-06  -2.2516870E-03   7.4672319E-05   3.5001812E-05  -8.0462828E-03   2.0928754E-03   2.2965997E-03   3.2986414E-03  -4.5953309E-04   1.9844222E-04   6.1079947E-07   1.3897308E-03   3.0199631E-03   1.4485393E-03   2.8289575E-04   5.7603178E-05  -3.3416564E-04  -8.7070871E-05  -1.0151778E-04  -1.9020294E-07  -3.1660440E-08  -8.1278938E-07
 -7.4346546E-08   2.2188269E-07  -6.6545383E-08  -2.8984656E-05   4.3472881E-05  -5.7076384E-05   5.6206854E-07  -1.0989514E-03   7.6270173E-05   1.8917179E-04  -7.0060915E-03   2.8022784E-03   2.9697871E-03   1.9753925E-03  -4.4102868E-04   4.1851621E-04  -4.9852201E-04   6.0770176E-04   1.2253473E-03   2.8289575E-04   8.6878277E-04   3.1759894E-05   7.4627699E-04   8.2804319E-05  -5.8514121E-04  -1.2524594E-07   8.8494052E-08   1.1790695E-07
 -1.7523766E-07   4.9632594E-07  -2.8193908E-07   3.9950799E-05  -1.2583768E-04   7.6689477E-05   1.3249852E-08  -1.8504262E-04  -2.0838613E-05   1.6355433E-03   7.8950846E-03  -1.7724457E-03   5.5705895E-03   6.9321526E-04  -1.3630304E-03  -1.5628790E-04   1.5372527E-03   2.2300696E-03   5.0712468E-03   5.7603178E-05   3.1759894E-05   7.1845055E-03  -3.0568416E-04   6.2009289E-04   4.4036050E-03  -3.4286915E-08   3.0043012E-07  -1.2904835E-06
 -4.2709119E-07   3.2993102E-06  -4.1660313E-07  -9.9248934E-05   9.3654538E-05  -1.8969125E-04  -9.8002529E-06   1.9535223E-03  -7.3628315E-05  -1.3536026E-03   2.3369103E-02   4.8332848E-03   7.8963682E-04   1.0098556E-04   1.6031439E-03  -4.2492278E-04  -3.6620168E-04  -2.1104093E-03  -3.3168795E-03  -3.3416564E-04   7.4627699E-04  -3.0568416E-04   2.9593584E-03   5.9731705E-04  -6.8660569E-04  -3.8953351E-08   3.9973316E-08   4.1688792E-07
 -7.1962927E-07   4.4947423E-06  -6.3676248E-07   1.4863804E-05  -1.5063269E-04   3.9164960E-05  -9.9248735E-06  -1.2970707E-03   5.9666237E-05  -1.1882351E-03  -9.8971478E-03   1.1411196E-02   5.8844615E-03   5.3770978E-03   5.3170973E-04   6.0731159E-04  -4.0496310E-04  -4.8079982E-04   2.7400478E-04  -8.7070871E-05   8.2804319E-05   6.2009289E-04   5.9731705E-04   6.5152730E-03   7.9515631E-03  -1.5623161E-07   2.2548120E-07   4.1604170E-07
 -2.9440311E-06   2.1332296E-05  -2.5385547E-06   4.7350048E-05  -5.4978886E-04   1.6103594E-04  -5.7525511E-05   2.2359051E-02  -7.0173096E-04  -7.5358032E-04   6.2395649E-02   3.1746179E-02  -5.6208969E-03  -1.4677191E-02   2.9650372E-03  -3.6011975E-03   1.9792122E-03   1.6013295E-02   2.2129867E-02  -1.0151778E-04  -5.8514121E-04   4.4036050E-03  -6.8660569E-04   7.9515631E-03   7.1943310E-02  -7.0405299E-08   5.9264102E-07   1.1820827E-05
  2.9026419E-09   1.9366122E-09  -1.2709482E-09   9.2593948E-09   4.6246734E-07   1.5312487E-07  -1.2503801E-07  -1.8596389E-04   4.8315859E-06   9.0397315E-05   3.6991524E-03   8.6745900E-05   4.0129304E-04   4.1714025E-04  -5.8566028E-05   1.8491171E-04  -1.8085684E-04  -5.3933408E-05  -1.3289301E-06  -1.9020294E-07  -1.2524594E-07  -3.4286915E-08  -3.8953351E-08  -1.5623161E-07  -7.0405299E-08   3.7183542E-07  -2.9805708E-09  -1.6289478E-08
 -3.7073270E-09   2.1416259E-08  -3.2709618E-09   1.4625385E-07  -2.0342081E-06   3.5376627E-07  -1.3559569E-07   7.1064565E-04  -1.1349238E-06  -3.1162184E-05   3.4836905E-04   1.1217290E-04  -3.1554519E-04  -1.3042514E-03   1.0318300E-05   5.0619245E-06  -1.8179032E-05   4.2744745E-04   9.5425881E-04  -3.1660440E-08   8.8494052E-08   3.0043012E-07   3.9973316E-08   2.2548120E-07   5.9264102E-07  -2.9805708E-09   3.8436161E-07   9.6715778E-09
 -7.7651519E-09   1.0402578E-07  -1.0539169E-08   7.7416458E-07  -1.6596673E-05   1.4243909E-05  -4.1023449E-07   7.6005418E-04   6.7580523E-07  -9.2072719E-05   5.0636753E-03   9.2096342E-04   3.5180011E-04   1.1855571E-03   8.5188371E-05  -7.9610729E-05   4.0150782E-05   4.1703898E-05   8.6574991E-04  -8.1278938E-07   1.1790695E-07  -1.2904835E-06   4.1688792E-07   4.1604170E-07   1.1820827E-05  -1.6289478E-08   9.6715778E-09   6.1862034E-06
