# omegabh2 omegach2 theta tau meffsterile nnu ns logA aps100 aps143 aps217 acib143 acib217 asz143 psr cibr ncib cal0 cal2 xi aksz bm_1_1 a_ps_act_148 a_ps_act_217 a_ps_spt_95 a_ps_spt_150 a_ps_spt_220 r_ps_spt_95x150 r_ps_spt_95x220 r_ps_150x220 act_dust_s act_dust_e cal_acts_148 cal_acts_217 cal_acte_148 cal_acte_217 cal_spt_95 cal_spt_150 cal_spt_220
    0.11655E-06    0.20322E-05    0.88658E-08    0.21024E-05   -0.14973E-03    0.56497E-04    0.32137E-05    0.51864E-05    0.96610E-03   -0.72841E-04   -0.80033E-04   -0.10014E-05   -0.14384E-04   -0.27719E-05   -0.99021E-07   -0.13198E-07   -0.86620E-07    0.96897E-10    0.66727E-09    0.21130E-05    0.61193E-05    0.38091E-05    0.43013E-05    0.24399E-04    0.80798E-06    0.67218E-05    0.23239E-04    0.29834E-06    0.51048E-06    0.77701E-07   -0.19968E-06    0.71928E-06    0.89658E-07    0.10558E-06    0.60977E-07    0.85412E-07    0.10144E-06    0.11912E-06    0.42315E-07
    0.20322E-05    0.33676E-03   -0.51648E-05    0.37296E-04   -0.25288E-01    0.34286E-02    0.10580E-03    0.20951E-03    0.11011E+00    0.48583E-01    0.41633E-01   -0.36891E-03   -0.56861E-02   -0.18960E-02    0.97079E-04    0.73505E-05   -0.10569E-03   -0.97894E-07    0.24825E-06    0.39381E-03    0.36459E-02    0.12458E-02   -0.23909E-03   -0.27171E-02   -0.11236E-02   -0.94886E-03   -0.33130E-02    0.25042E-04    0.36429E-04    0.80815E-05    0.30567E-04    0.28209E-04   -0.23261E-04   -0.24549E-04   -0.23783E-04   -0.24964E-04   -0.49218E-04   -0.46483E-04   -0.34260E-04
    0.88658E-08   -0.51648E-05    0.49857E-06    0.10513E-06    0.27862E-03   -0.93297E-04   -0.14517E-05   -0.40941E-05   -0.31222E-02   -0.16131E-02   -0.14117E-02    0.10719E-04    0.19441E-03    0.59633E-04   -0.28058E-05   -0.40914E-06    0.33819E-05    0.23388E-08   -0.67026E-08   -0.13246E-04   -0.12658E-03   -0.39692E-04    0.72335E-05    0.94290E-04    0.46338E-04    0.31757E-04    0.99444E-04   -0.11097E-05   -0.16952E-05   -0.21876E-06    0.41366E-06   -0.11857E-05    0.82572E-06    0.92521E-06    0.83462E-06    0.89922E-06    0.17375E-05    0.15627E-05    0.11483E-05
    0.21024E-05    0.37296E-04    0.10513E-06    0.21428E-03   -0.28892E-02    0.13436E-02    0.93015E-04    0.43674E-03   -0.83577E-02   -0.36314E-02   -0.13906E-02   -0.39157E-04    0.54874E-04    0.50653E-04   -0.15055E-04   -0.98318E-05    0.13998E-04    0.65827E-09    0.30933E-06   -0.17966E-04   -0.73407E-03   -0.78984E-04    0.97603E-04    0.48119E-03    0.15948E-03    0.15463E-03    0.38789E-03    0.47285E-07   -0.72325E-05   -0.69412E-06    0.22238E-04    0.21229E-04    0.30551E-05    0.37439E-05    0.15185E-05    0.15233E-05    0.20315E-06    0.19246E-05    0.33801E-05
   -0.14973E-03   -0.25288E-01    0.27862E-03   -0.28892E-02    0.20278E+01   -0.21089E+00   -0.76131E-02   -0.13250E-01   -0.63875E+01   -0.28357E+01   -0.24153E+01    0.24146E-01    0.35712E+00    0.12101E+00   -0.58670E-02   -0.22105E-03    0.65885E-02    0.58637E-05   -0.17261E-04   -0.24477E-01   -0.20955E+00   -0.70301E-01    0.61396E-02    0.13248E+00    0.56943E-01    0.47949E-01    0.16597E+00   -0.13580E-02   -0.18798E-02   -0.44564E-03   -0.18646E-02   -0.12352E-02    0.13417E-02    0.13150E-02    0.13325E-02    0.14291E-02    0.28497E-02    0.27112E-02    0.19744E-02
    0.56497E-04    0.34286E-02   -0.93297E-04    0.13436E-02   -0.21089E+00    0.77323E-01    0.29332E-02    0.51386E-02    0.21158E+01    0.92427E+00    0.79813E+00   -0.67100E-02   -0.11811E+00   -0.35976E-01    0.16869E-02    0.20173E-03   -0.22567E-02   -0.12716E-05    0.33008E-05    0.81116E-02    0.80814E-01    0.21715E-01   -0.66715E-02   -0.47589E-01   -0.25331E-01   -0.19438E-01   -0.55203E-01    0.59223E-03    0.93412E-03    0.18605E-03    0.54877E-03    0.93426E-03   -0.42267E-03   -0.50404E-03   -0.47487E-03   -0.46967E-03   -0.94277E-03   -0.84623E-03   -0.62010E-03
    0.32137E-05    0.10580E-03   -0.14517E-05    0.93015E-04   -0.76131E-02    0.29332E-02    0.17016E-03    0.23887E-03    0.35840E-01    0.13559E-01    0.13845E-01   -0.20195E-03   -0.27015E-02   -0.64174E-03    0.20606E-04    0.20762E-06   -0.43413E-04   -0.74129E-07    0.50324E-06    0.16655E-03    0.14219E-02    0.55795E-03   -0.24738E-04   -0.42592E-03   -0.49310E-03   -0.30285E-03   -0.74630E-03    0.12286E-04    0.20737E-04    0.46096E-05    0.22154E-04    0.34374E-04   -0.51541E-05   -0.79339E-05   -0.72837E-05   -0.77376E-05   -0.17478E-04   -0.15026E-04   -0.11844E-04
    0.51864E-05    0.20951E-03   -0.40941E-05    0.43674E-03   -0.13250E-01    0.51386E-02    0.23887E-03    0.10152E-02    0.68889E-01    0.26305E-01    0.27712E-01   -0.35630E-03   -0.30011E-02   -0.91199E-03    0.32470E-04   -0.14332E-04   -0.21098E-04   -0.31040E-07    0.14581E-05    0.15452E-03    0.57970E-03    0.14450E-02   -0.75688E-04   -0.18787E-02   -0.58681E-03   -0.51421E-03   -0.26513E-02    0.13802E-04    0.32067E-05    0.36625E-05    0.66175E-04    0.71208E-04   -0.99389E-05   -0.13253E-04   -0.14351E-04   -0.15803E-04   -0.35490E-04   -0.30288E-04   -0.19902E-04
    0.96610E-03    0.11011E+00   -0.31222E-02   -0.83577E-02   -0.63875E+01    0.21158E+01    0.35840E-01    0.68889E-01    0.28826E+04    0.10906E+03    0.42475E+02   -0.65867E+00   -0.87567E+00   -0.11734E+02   -0.23981E-01   -0.33127E-01    0.44324E-01    0.51887E-03   -0.36617E-02    0.10738E+01    0.92042E+01    0.20166E+02    0.29946E+00   -0.65099E+01    0.48788E+01   -0.92247E+00   -0.16869E+01   -0.92235E-01   -0.37436E+00   -0.75678E-01    0.23282E-01    0.59067E-01   -0.37059E-01   -0.10685E-01   -0.32849E-01   -0.83072E-02   -0.84231E-01   -0.51418E-01   -0.10413E-01
   -0.72841E-04    0.48583E-01   -0.16131E-02   -0.36314E-02   -0.28357E+01    0.92427E+00    0.13559E-01    0.26305E-01    0.10906E+03    0.76794E+02    0.27139E+02    0.26710E-01   -0.18444E+01   -0.24700E+01    0.59545E-01    0.15758E-01   -0.68905E-01   -0.66748E-05   -0.69275E-03    0.28700E+00    0.15002E+01    0.22202E+00    0.22810E+00   -0.18707E+01    0.68949E+00   -0.43716E+00   -0.11275E+01    0.75984E-02   -0.52923E-01   -0.28437E-01    0.10370E-01    0.15802E-01   -0.18225E-01   -0.13588E-01   -0.18997E-01   -0.13600E-01   -0.37353E-01   -0.28828E-01   -0.14666E-01
   -0.80033E-04    0.41633E-01   -0.14117E-02   -0.13906E-02   -0.24153E+01    0.79813E+00    0.13845E-01    0.27712E-01    0.42475E+02    0.27139E+02    0.10454E+03   -0.10213E+01   -0.36986E+02    0.45599E+00   -0.32819E+00   -0.16844E-01   -0.44299E+00   -0.26649E-04    0.20215E-04    0.73688E-01    0.10780E+01    0.25223E+00    0.27327E+00    0.19971E+02   -0.12583E+01    0.48906E+00    0.11123E+02   -0.25039E-01   -0.58697E-01   -0.29529E-02    0.20179E-01    0.20600E-01   -0.11741E-01   -0.32653E-01   -0.12132E-01   -0.36399E-01   -0.18012E-01   -0.19511E-01   -0.62283E-01
   -0.10014E-05   -0.36891E-03    0.10719E-04   -0.39157E-04    0.24146E-01   -0.67100E-02   -0.20195E-03   -0.35630E-03   -0.65867E+00    0.26710E-01   -0.10213E+01    0.65939E+00    0.11994E+01    0.53028E+00    0.35365E-03   -0.15706E-02    0.11073E-02   -0.11166E-05    0.16633E-04    0.58881E-02   -0.86857E+00   -0.10741E-02    0.22199E-01   -0.26579E+00   -0.15870E+00   -0.60646E-01   -0.18045E+00    0.47658E-01    0.46815E-01   -0.52613E-02   -0.38147E-03   -0.18182E-03    0.16568E-03    0.28251E-03    0.18379E-03    0.32100E-03   -0.20668E-03    0.74390E-03    0.19305E-02
   -0.14384E-04   -0.56861E-02    0.19441E-03    0.54874E-04    0.35712E+00   -0.11811E+00   -0.27015E-02   -0.30011E-02   -0.87567E+00   -0.18444E+01   -0.36986E+02    0.11994E+01    0.24474E+02    0.18378E+01    0.19346E+00    0.16599E-01    0.32881E+00    0.52998E-05   -0.40558E-04   -0.38063E+00   -0.42621E+01    0.13126E+00   -0.58310E+00   -0.15348E+02    0.12407E+00   -0.96811E+00   -0.11179E+02    0.48084E-01    0.60156E-01   -0.83540E-02   -0.93127E-02    0.20573E-02    0.52724E-03    0.64923E-02   -0.78265E-04    0.93111E-02    0.99240E-03   -0.85416E-03    0.21197E-01
   -0.27719E-05   -0.18960E-02    0.59633E-04    0.50653E-04    0.12101E+00   -0.35976E-01   -0.64174E-03   -0.91199E-03   -0.11734E+02   -0.24700E+01    0.45599E+00    0.53028E+00    0.18378E+01    0.19335E+01    0.13150E-01    0.15676E-01    0.19043E-01   -0.25045E-05   -0.57384E-04   -0.20605E+00   -0.23577E+01    0.36881E-01   -0.15249E+00   -0.83020E+00   -0.69798E+00   -0.16099E+00   -0.13653E+01    0.38254E-01    0.63343E-01   -0.19649E-02   -0.21446E-02    0.46262E-03    0.77766E-03   -0.26750E-02    0.71194E-03   -0.24903E-02    0.44296E-02    0.88518E-03   -0.21246E-02
   -0.99021E-07    0.97079E-04   -0.28058E-05   -0.15055E-04   -0.58670E-02    0.16869E-02    0.20606E-04    0.32470E-04   -0.23981E-01    0.59545E-01   -0.32819E+00    0.35365E-03    0.19346E+00    0.13150E-01    0.46134E-02   -0.12199E-03    0.18680E-02    0.12038E-06    0.10580E-05   -0.73003E-03   -0.10893E-01   -0.11172E-03   -0.10604E-02   -0.13978E+00   -0.81105E-02   -0.31290E-02   -0.95461E-01    0.23384E-03    0.14002E-02    0.40852E-03    0.66000E-06    0.18374E-03   -0.37771E-04   -0.17352E-04   -0.47871E-04    0.17190E-04   -0.10562E-04   -0.69989E-04    0.16091E-03
   -0.13198E-07    0.73505E-05   -0.40914E-06   -0.98318E-05   -0.22105E-03    0.20173E-03    0.20762E-06   -0.14332E-04   -0.33127E-01    0.15758E-01   -0.16844E-01   -0.15706E-02    0.16599E-01    0.15676E-01   -0.12199E-03    0.20868E-02   -0.14996E-03   -0.88462E-07    0.17609E-06   -0.21221E-03   -0.92775E-02    0.32133E-03    0.49908E-02    0.22998E-02   -0.94847E-02    0.30589E-02    0.18757E-02    0.14799E-03    0.13131E-02   -0.37931E-03   -0.11718E-03   -0.10420E-03    0.31238E-05    0.25273E-04    0.10715E-05    0.23608E-04    0.46229E-04    0.50531E-05    0.58117E-04
   -0.86620E-07   -0.10569E-03    0.33819E-05    0.13998E-04    0.65885E-02   -0.22567E-02   -0.43413E-04   -0.21098E-04    0.44324E-01   -0.68905E-01   -0.44299E+00    0.11073E-02    0.32881E+00    0.19043E-01    0.18680E-02   -0.14996E-03    0.66731E-02    0.55849E-07   -0.58360E-05   -0.52056E-02   -0.35943E-01    0.53916E-02   -0.10942E-01   -0.25664E+00    0.21011E-02   -0.13529E-01   -0.20664E+00   -0.28776E-03    0.33901E-03    0.31754E-03   -0.10402E-03    0.31568E-04    0.26162E-04    0.19846E-04    0.17935E-04    0.69533E-04    0.87000E-04   -0.33523E-05    0.15749E-03
    0.96897E-10   -0.97894E-07    0.23388E-08    0.65827E-09    0.58637E-05   -0.12716E-05   -0.74129E-07   -0.31040E-07    0.51887E-03   -0.66748E-05   -0.26649E-04   -0.11166E-05    0.52998E-05   -0.25045E-05    0.12038E-06   -0.88462E-07    0.55849E-07    0.15880E-06    0.64943E-08   -0.35485E-07    0.75447E-06   -0.21301E-04    0.14376E-05   -0.66293E-05   -0.13760E-05    0.91494E-06   -0.89208E-05   -0.53419E-07   -0.11377E-07   -0.18691E-07    0.55038E-07   -0.22728E-06   -0.40122E-07   -0.39391E-07    0.44715E-08    0.10271E-07    0.12980E-07   -0.13954E-07    0.31172E-08
    0.66727E-09    0.24825E-06   -0.67026E-08    0.30933E-06   -0.17261E-04    0.33008E-05    0.50324E-06    0.14581E-05   -0.36617E-02   -0.69275E-03    0.20215E-04    0.16633E-04   -0.40558E-04   -0.57384E-04    0.10580E-05    0.17609E-06   -0.58360E-05    0.64943E-08    0.18175E-05    0.11768E-04    0.60728E-04    0.11695E-03    0.31438E-04    0.26654E-03    0.22335E-04    0.24297E-04    0.29371E-03    0.13165E-05    0.14516E-06   -0.61824E-06    0.28436E-05   -0.12907E-05    0.53819E-06    0.90820E-06    0.53914E-06    0.85928E-06    0.31587E-06    0.57435E-06    0.12081E-05
    0.21130E-05    0.39381E-03   -0.13246E-04   -0.17966E-04   -0.24477E-01    0.81116E-02    0.16655E-03    0.15452E-03    0.10738E+01    0.28700E+00    0.73688E-01    0.58881E-02   -0.38063E+00   -0.20605E+00   -0.73003E-03   -0.21221E-03   -0.52056E-02   -0.35485E-07    0.11768E-04    0.68779E-01    0.39406E+00   -0.54730E-02    0.68024E-01    0.16128E+00    0.85762E-02    0.60654E-01    0.23302E+00    0.49257E-02    0.92791E-02    0.11506E-02    0.35506E-03   -0.19102E-03   -0.32827E-04    0.21811E-03   -0.32294E-04    0.22186E-03   -0.34900E-03    0.16148E-03    0.55021E-03
    0.61193E-05    0.36459E-02   -0.12658E-03   -0.73407E-03   -0.20955E+00    0.80814E-01    0.14219E-02    0.57970E-03    0.92042E+01    0.15002E+01    0.10780E+01   -0.86857E+00   -0.42621E+01   -0.23577E+01   -0.10893E-01   -0.92775E-02   -0.35943E-01    0.75447E-06    0.60728E-04    0.39406E+00    0.46109E+01   -0.29538E-01    0.17922E+00    0.14415E+01    0.22256E+00    0.31847E+00    0.20655E+01   -0.38963E-01   -0.18416E-01    0.18924E-01   -0.15519E-02   -0.83703E-02   -0.12074E-03    0.24139E-02    0.19288E-04    0.23560E-02   -0.18747E-02    0.62399E-03    0.25714E-02
    0.38091E-05    0.12458E-02   -0.39692E-04   -0.78984E-04   -0.70301E-01    0.21715E-01    0.55795E-03    0.14450E-02    0.20166E+02    0.22202E+00    0.25223E+00   -0.10741E-02    0.13126E+00    0.36881E-01   -0.11172E-03    0.32133E-03    0.53916E-02   -0.21301E-04    0.11695E-03   -0.54730E-02   -0.29538E-01    0.31674E+00   -0.91014E-02   -0.15547E+00   -0.19051E-01   -0.16962E-01   -0.16382E+00   -0.17351E-04    0.98998E-03    0.24762E-03   -0.50253E-04    0.52385E-04    0.87046E-04   -0.14976E-03    0.99793E-04   -0.10541E-03    0.46142E-04   -0.11210E-03   -0.19365E-03
    0.43013E-05   -0.23909E-03    0.72335E-05    0.97603E-04    0.61396E-02   -0.66715E-02   -0.24738E-04   -0.75688E-04    0.29946E+00    0.22810E+00    0.27327E+00    0.22199E-01   -0.58310E+00   -0.15249E+00   -0.10604E-02    0.49908E-02   -0.10942E-01    0.14376E-05    0.31438E-04    0.68024E-01    0.17922E+00   -0.91014E-02    0.36017E+00    0.33978E+00    0.53577E-01    0.17127E+00    0.66218E+00    0.98362E-02    0.13390E-01   -0.45129E-02   -0.22969E-02   -0.24825E-02    0.67707E-03    0.51709E-04    0.77187E-03    0.49711E-04   -0.31343E-03    0.19852E-03    0.14075E-02
    0.24399E-04   -0.27171E-02    0.94290E-04    0.48119E-03    0.13248E+00   -0.47589E-01   -0.42592E-03   -0.18787E-02   -0.65099E+01   -0.18707E+01    0.19971E+02   -0.26579E+00   -0.15348E+02   -0.83020E+00   -0.13978E+00    0.22998E-02   -0.25664E+00   -0.66293E-05    0.26654E-03    0.16128E+00    0.14415E+01   -0.15547E+00    0.33978E+00    0.19795E+02    0.12670E+00    0.62404E+00    0.92433E+01   -0.11746E-01   -0.52659E-01   -0.15123E-01    0.95250E-02    0.59581E-02    0.16414E-02    0.22190E-01    0.23717E-02    0.13785E-01    0.80793E-03    0.37906E-02   -0.80190E-02
    0.80798E-06   -0.11236E-02    0.46338E-04    0.15948E-03    0.56943E-01   -0.25331E-01   -0.49310E-03   -0.58681E-03    0.48788E+01    0.68949E+00   -0.12583E+01   -0.15870E+00    0.12407E+00   -0.69798E+00   -0.81105E-02   -0.94847E-02    0.21011E-02   -0.13760E-05    0.22335E-04    0.85762E-02    0.22256E+00   -0.19051E-01    0.53577E-01    0.12670E+00    0.20925E+01    0.24113E-01    0.32939E+00   -0.83108E-01   -0.10140E+00   -0.49408E-02    0.24275E-02    0.15213E-02   -0.28914E-03    0.15695E-02   -0.27778E-03    0.13707E-02    0.63104E-03    0.19809E-03    0.13159E-02
    0.67218E-05   -0.94886E-03    0.31757E-04    0.15463E-03    0.47949E-01   -0.19438E-01   -0.30285E-03   -0.51421E-03   -0.92247E+00   -0.43716E+00    0.48906E+00   -0.60646E-01   -0.96811E+00   -0.16099E+00   -0.31290E-02    0.30589E-02   -0.13529E-01    0.91494E-06    0.24297E-04    0.60654E-01    0.31847E+00   -0.16962E-01    0.17127E+00    0.62404E+00    0.24113E-01    0.26957E+00    0.58180E+00    0.35649E-02    0.11771E-01    0.23926E-03    0.17875E-03    0.91712E-03    0.26262E-03    0.13624E-03    0.28105E-03    0.39863E-04    0.65902E-03    0.51000E-03    0.20147E-03
    0.23239E-04   -0.33130E-02    0.99444E-04    0.38789E-03    0.16597E+00   -0.55203E-01   -0.74630E-03   -0.26513E-02   -0.16869E+01   -0.11275E+01    0.11123E+02   -0.18045E+00   -0.11179E+02   -0.13653E+01   -0.95461E-01    0.18757E-02   -0.20664E+00   -0.89208E-05    0.29371E-03    0.23302E+00    0.20655E+01   -0.16382E+00    0.66218E+00    0.92433E+01    0.32939E+00    0.58180E+00    0.19695E+02   -0.86769E-02   -0.79303E-01   -0.27063E-01   -0.14000E-02   -0.14059E-01    0.17952E-02    0.33509E-02    0.22222E-02    0.15164E-02    0.85059E-03    0.56416E-02    0.29494E-01
    0.29834E-06    0.25042E-04   -0.11097E-05    0.47285E-07   -0.13580E-02    0.59223E-03    0.12286E-04    0.13802E-04   -0.92235E-01    0.75984E-02   -0.25039E-01    0.47658E-01    0.48084E-01    0.38254E-01    0.23384E-03    0.14799E-03   -0.28776E-03   -0.53419E-07    0.13165E-05    0.49257E-02   -0.38963E-01   -0.17351E-04    0.98362E-02   -0.11746E-01   -0.83108E-01    0.35649E-02   -0.86769E-02    0.81322E-02    0.77953E-02   -0.21795E-03    0.26349E-04   -0.26369E-04    0.16363E-04   -0.21771E-04    0.12134E-04   -0.13646E-04   -0.60832E-04    0.43296E-04    0.11150E-03
    0.51048E-06    0.36429E-04   -0.16952E-05   -0.72325E-05   -0.18798E-02    0.93412E-03    0.20737E-04    0.32067E-05   -0.37436E+00   -0.52923E-01   -0.58697E-01    0.46815E-01    0.60156E-01    0.63343E-01    0.14002E-02    0.13131E-02    0.33901E-03   -0.11377E-07    0.14516E-06    0.92791E-02   -0.18416E-01    0.98998E-03    0.13390E-01   -0.52659E-01   -0.10140E+00    0.11771E-01   -0.79303E-01    0.77953E-02    0.14440E-01    0.50293E-03    0.53405E-04    0.27487E-04    0.35671E-04   -0.92706E-04    0.28576E-04   -0.57533E-04    0.85339E-04    0.10388E-03   -0.73774E-04
    0.77701E-07    0.80815E-05   -0.21876E-06   -0.69412E-06   -0.44564E-03    0.18605E-03    0.46096E-05    0.36625E-05   -0.75678E-01   -0.28437E-01   -0.29529E-02   -0.52613E-02   -0.83540E-02   -0.19649E-02    0.40852E-03   -0.37931E-03    0.31754E-03   -0.18691E-07   -0.61824E-06    0.11506E-02    0.18924E-01    0.24762E-03   -0.45129E-02   -0.15123E-01   -0.49408E-02    0.23926E-03   -0.27063E-01   -0.21795E-03    0.50293E-03    0.53930E-03    0.64485E-04    0.48229E-04    0.18204E-05   -0.25362E-04    0.34115E-05   -0.18146E-04    0.44405E-04    0.15337E-04   -0.80323E-04
   -0.19968E-06    0.30567E-04    0.41366E-06    0.22238E-04   -0.18646E-02    0.54877E-03    0.22154E-04    0.66175E-04    0.23282E-01    0.10370E-01    0.20179E-01   -0.38147E-03   -0.93127E-02   -0.21446E-02    0.66000E-06   -0.11718E-03   -0.10402E-03    0.55038E-07    0.28436E-05    0.35506E-03   -0.15519E-02   -0.50253E-04   -0.22969E-02    0.95250E-02    0.24275E-02    0.17875E-03   -0.14000E-02    0.26349E-04    0.53405E-04    0.64485E-04    0.35547E-01    0.19005E-03    0.13903E-03    0.88978E-04   -0.39674E-04   -0.63257E-05   -0.51359E-05   -0.14361E-04   -0.34483E-04
    0.71928E-06    0.28209E-04   -0.11857E-05    0.21229E-04   -0.12352E-02    0.93426E-03    0.34374E-04    0.71208E-04    0.59067E-01    0.15802E-01    0.20600E-01   -0.18182E-03    0.20573E-02    0.46262E-03    0.18374E-03   -0.10420E-03    0.31568E-04   -0.22728E-06   -0.12907E-05   -0.19102E-03   -0.83703E-02    0.52385E-04   -0.24825E-02    0.59581E-02    0.15213E-02    0.91712E-03   -0.14059E-01   -0.26369E-04    0.27487E-04    0.48229E-04    0.19005E-03    0.39506E-01   -0.38974E-04   -0.15527E-04    0.14891E-03    0.93203E-04   -0.35378E-04   -0.45137E-04   -0.28799E-04
    0.89658E-07   -0.23261E-04    0.82572E-06    0.30551E-05    0.13417E-02   -0.42267E-03   -0.51541E-05   -0.99389E-05   -0.37059E-01   -0.18225E-01   -0.11741E-01    0.16568E-03    0.52724E-03    0.77766E-03   -0.37771E-04    0.31238E-05    0.26162E-04   -0.40122E-07    0.53819E-06   -0.32827E-04   -0.12074E-03    0.87046E-04    0.67707E-03    0.16414E-02   -0.28914E-03    0.26262E-03    0.17952E-02    0.16363E-04    0.35671E-04    0.18204E-05    0.13903E-03   -0.38974E-04    0.55414E-04    0.10751E-04    0.13516E-04    0.99372E-05    0.17726E-04    0.15011E-04    0.11659E-04
    0.10558E-06   -0.24549E-04    0.92521E-06    0.37439E-05    0.13150E-02   -0.50404E-03   -0.79339E-05   -0.13253E-04   -0.10685E-01   -0.13588E-01   -0.32653E-01    0.28251E-03    0.64923E-02   -0.26750E-02   -0.17352E-04    0.25273E-04    0.19846E-04   -0.39391E-07    0.90820E-06    0.21811E-03    0.24139E-02   -0.14976E-03    0.51709E-04    0.22190E-01    0.15695E-02    0.13624E-03    0.33509E-02   -0.21771E-04   -0.92706E-04   -0.25362E-04    0.88978E-04   -0.15527E-04    0.10751E-04    0.18103E-03    0.12485E-04    0.68668E-04    0.58567E-05    0.16722E-04    0.32409E-04
    0.60977E-07   -0.23783E-04    0.83462E-06    0.15185E-05    0.13325E-02   -0.47487E-03   -0.72837E-05   -0.14351E-04   -0.32849E-01   -0.18997E-01   -0.12132E-01    0.18379E-03   -0.78265E-04    0.71194E-03   -0.47871E-04    0.10715E-05    0.17935E-04    0.44715E-08    0.53914E-06   -0.32294E-04    0.19288E-04    0.99793E-04    0.77187E-03    0.23717E-02   -0.27778E-03    0.28105E-03    0.22222E-02    0.12134E-04    0.28576E-04    0.34115E-05   -0.39674E-04    0.14891E-03    0.13516E-04    0.12485E-04    0.54144E-04    0.11932E-04    0.17535E-04    0.15277E-04    0.11616E-04
    0.85412E-07   -0.24964E-04    0.89922E-06    0.15233E-05    0.14291E-02   -0.46967E-03   -0.77376E-05   -0.15803E-04   -0.83072E-02   -0.13600E-01   -0.36399E-01    0.32100E-03    0.93111E-02   -0.24903E-02    0.17190E-04    0.23608E-04    0.69533E-04    0.10271E-07    0.85928E-06    0.22186E-03    0.23560E-02   -0.10541E-03    0.49711E-04    0.13785E-01    0.13707E-02    0.39863E-04    0.15164E-02   -0.13646E-04   -0.57533E-04   -0.18146E-04   -0.63257E-05    0.93203E-04    0.99372E-05    0.68668E-04    0.11932E-04    0.10832E-03    0.74810E-05    0.15150E-04    0.34700E-04
    0.10144E-06   -0.49218E-04    0.17375E-05    0.20315E-06    0.28497E-02   -0.94277E-03   -0.17478E-04   -0.35490E-04   -0.84231E-01   -0.37353E-01   -0.18012E-01   -0.20668E-03    0.99240E-03    0.44296E-02   -0.10562E-04    0.46229E-04    0.87000E-04    0.12980E-07    0.31587E-06   -0.34900E-03   -0.18747E-02    0.46142E-04   -0.31343E-03    0.80793E-03    0.63104E-03    0.65902E-03    0.85059E-03   -0.60832E-04    0.85339E-04    0.44405E-04   -0.51359E-05   -0.35378E-04    0.17726E-04    0.58567E-05    0.17535E-04    0.74810E-05    0.38709E-03    0.41070E-04    0.97528E-05
    0.11912E-06   -0.46483E-04    0.15627E-05    0.19246E-05    0.27112E-02   -0.84623E-03   -0.15026E-04   -0.30288E-04   -0.51418E-01   -0.28828E-01   -0.19511E-01    0.74390E-03   -0.85416E-03    0.88518E-03   -0.69989E-04    0.50531E-05   -0.33523E-05   -0.13954E-07    0.57435E-06    0.16148E-03    0.62399E-03   -0.11210E-03    0.19852E-03    0.37906E-02    0.19809E-03    0.51000E-03    0.56416E-02    0.43296E-04    0.10388E-03    0.15337E-04   -0.14361E-04   -0.45137E-04    0.15011E-04    0.16722E-04    0.15277E-04    0.15150E-04    0.41070E-04    0.10256E-03    0.33108E-04
    0.42315E-07   -0.34260E-04    0.11483E-05    0.33801E-05    0.19744E-02   -0.62010E-03   -0.11844E-04   -0.19902E-04   -0.10413E-01   -0.14666E-01   -0.62283E-01    0.19305E-02    0.21197E-01   -0.21246E-02    0.16091E-03    0.58117E-04    0.15749E-03    0.31172E-08    0.12081E-05    0.55021E-03    0.25714E-02   -0.19365E-03    0.14075E-02   -0.80190E-02    0.13159E-02    0.20147E-03    0.29494E-01    0.11150E-03   -0.73774E-04   -0.80323E-04   -0.34483E-04   -0.28799E-04    0.11659E-04    0.32409E-04    0.11616E-04    0.34700E-04    0.97528E-05    0.33108E-04    0.53007E-03
