# omegabh2 omegach2 theta tau w logA ns acib217 acibsz143 asz143 aps100 aps143 aps143217 aps217 aksz kgal100 t1gal143 t1gal143217 t1gal217 calib_100T calib_217T
    0.5624790E-07   -0.1990808E-06    0.4746658E-07    0.9160779E-06   -0.1507384E-04    0.1393644E-05    0.6793486E-06   -0.4122933E-03   -0.2160983E-03   -0.6282245E-05   -0.1210208E-02   -0.3708049E-03    0.9124511E-04    0.7022897E-04   -0.4008797E-04    0.9625997E-03    0.5374170E-03    0.5063188E-03    0.4746705E-03   -0.5063793E-07    0.1743210E-07
   -0.1990808E-06    0.3824286E-05   -0.3525161E-06   -0.1180712E-04    0.2169540E-03   -0.1657894E-04   -0.8905902E-05    0.1456304E-03    0.1937272E-03   -0.1070588E-03    0.3267452E-03   -0.7950579E-04   -0.1009621E-02   -0.7233806E-03    0.3940609E-04    0.6116211E-02    0.8414847E-02    0.8440197E-02    0.8480638E-02    0.1477592E-06    0.2845723E-07
    0.4746658E-07   -0.3525161E-06    0.2407847E-06    0.1589992E-05   -0.4297372E-04    0.2754994E-05    0.1158165E-05   -0.3448671E-03   -0.1653830E-03   -0.1594651E-04   -0.1235663E-03   -0.9068389E-04    0.2332687E-03    0.2783139E-03    0.3917180E-04    0.3058743E-03   -0.5668124E-03   -0.6255040E-03   -0.6687595E-03   -0.1009351E-06    0.2002525E-07
    0.9160779E-06   -0.1180712E-04    0.1589992E-05    0.1626095E-03    0.9414261E-03    0.3006807E-03    0.3700154E-04   -0.1182853E-01   -0.4878040E-02   -0.1031381E-03   -0.2467490E-01   -0.4132992E-02    0.9400683E-02    0.1381363E-01   -0.5274139E-03   -0.2097451E-01   -0.1755225E-01   -0.1952687E-01   -0.2164570E-01    0.1600530E-05    0.9499328E-06
   -0.1507384E-04    0.2169540E-03   -0.4297372E-04    0.9414261E-03    0.1027536E+00    0.2339185E-02   -0.5280505E-03    0.2903249E-01    0.4095919E-01   -0.2715603E-01   -0.3228373E+00    0.8681518E-01    0.2190298E-01    0.1456635E+00   -0.4905683E-02   -0.6649011E-01    0.1170754E+00    0.7273651E-02   -0.9092181E-01    0.4385512E-04    0.2471232E-04
    0.1393644E-05   -0.1657894E-04    0.2754994E-05    0.3006807E-03    0.2339185E-02    0.5805997E-03    0.5500872E-04   -0.2285458E-01   -0.9355252E-02   -0.1117461E-02   -0.2247803E-01    0.8801403E-02    0.3171147E-01    0.4095614E-01   -0.1844692E-02   -0.5528631E-01   -0.7180030E-01   -0.7654994E-01   -0.8185922E-01    0.6448563E-06    0.2085208E-05
    0.6793486E-06   -0.8905902E-05    0.1158165E-05    0.3700154E-04   -0.5280505E-03    0.5500872E-04    0.3715125E-04   -0.1308292E-01   -0.5764670E-02   -0.1145899E-02   -0.1982807E-01    0.3643850E-02    0.1477368E-01    0.1687899E-01   -0.2300225E-02   -0.1308936E-01   -0.1857146E-01   -0.2202524E-01   -0.2300914E-01    0.2660943E-06    0.6889455E-06
   -0.4122933E-03    0.1456304E-03   -0.3448671E-03   -0.1182853E-01    0.2903249E-01   -0.2285458E-01   -0.1308292E-01    0.6962151E+02    0.2611377E+02    0.1287214E+01    0.2036601E+02   -0.1867648E+02   -0.6653018E+02   -0.8492562E+02   -0.3234166E+01   -0.1557653E+02   -0.2351070E+02   -0.2648374E+02   -0.3023856E+02    0.9471148E-04   -0.3328368E-02
   -0.2160983E-03    0.1937272E-03   -0.1653830E-03   -0.4878040E-02    0.4095919E-01   -0.9355252E-02   -0.5764670E-02    0.2611377E+02    0.1820455E+02    0.2399513E+01   -0.1108691E+02   -0.2006455E+02   -0.4203999E+02   -0.2644500E+02   -0.1620048E+01   -0.1033530E+02   -0.1512731E+02   -0.2072690E+02   -0.2154247E+02   -0.1081275E-04   -0.1905650E-03
   -0.6282245E-05   -0.1070588E-03   -0.1594651E-04   -0.1031381E-03   -0.2715603E-01   -0.1117461E-02   -0.1145899E-02    0.1287214E+01    0.2399513E+01    0.5020259E+01   -0.3284437E+02   -0.1489894E+02   -0.5144905E+01   -0.1311310E+01   -0.2458234E+00   -0.5731138E+00   -0.1944256E+01    0.2048616E+01    0.3406159E+01   -0.4697226E-03    0.1453200E-04
   -0.1210208E-02    0.3267452E-03   -0.1235663E-03   -0.2467490E-01   -0.3228373E+00   -0.2247803E-01   -0.1982807E-01    0.2036601E+02   -0.1108691E+02   -0.3284437E+02    0.7290715E+03    0.1740584E+03    0.7692376E+02    0.2456436E+02   -0.8384347E+01   -0.1020281E+03   -0.7386892E+02   -0.7601142E+02   -0.7484883E+02   -0.2031435E-02   -0.3878671E-02
   -0.3708049E-03   -0.7950579E-04   -0.9068389E-04   -0.4132992E-02    0.8681518E-01    0.8801403E-02    0.3643850E-02   -0.1867648E+02   -0.2006455E+02   -0.1489894E+02    0.1740584E+03    0.1178286E+03    0.9242214E+02    0.5991469E+02   -0.9329835E+01   -0.3393579E+02   -0.5003684E+02   -0.4742891E+02   -0.4787304E+02   -0.9582000E-03   -0.4924171E-03
    0.9124511E-04   -0.1009621E-02    0.2332687E-03    0.9400683E-02    0.2190298E-01    0.3171147E-01    0.1477368E-01   -0.6653018E+02   -0.4203999E+02   -0.5144905E+01    0.7692376E+02    0.9242214E+02    0.1464322E+03    0.1163345E+03   -0.6700871E+01   -0.1272370E+02   -0.2740481E+02   -0.2229006E+02   -0.2565134E+02   -0.2465124E-02    0.2284361E-02
    0.7022897E-04   -0.7233806E-03    0.2783139E-03    0.1381363E-01    0.1456635E+00    0.4095614E-01    0.1687899E-01   -0.8492562E+02   -0.2644500E+02   -0.1311310E+01    0.2456436E+02    0.5991469E+02    0.1163345E+03    0.1578253E+03   -0.6643686E+01   -0.2037669E+02   -0.3842670E+02   -0.4924731E+02   -0.5484796E+02   -0.2640276E-02    0.6608407E-02
   -0.4008797E-04    0.3940609E-04    0.3917180E-04   -0.5274139E-03   -0.4905683E-02   -0.1844692E-02   -0.2300225E-02   -0.3234166E+01   -0.1620048E+01   -0.2458234E+00   -0.8384347E+01   -0.9329835E+01   -0.6700871E+01   -0.6643686E+01    0.7334404E+01   -0.3153947E+01   -0.3353599E+01   -0.3313842E+01   -0.3287116E+01    0.1838637E-03    0.1014132E-03
    0.9625997E-03    0.6116211E-02    0.3058743E-03   -0.2097451E-01   -0.6649011E-01   -0.5528631E-01   -0.1308936E-01   -0.1557653E+02   -0.1033530E+02   -0.5731138E+00   -0.1020281E+03   -0.3393579E+02   -0.1272370E+02   -0.2037669E+02   -0.3153947E+01    0.2435259E+03    0.1706707E+03    0.1718581E+03    0.1726183E+03   -0.1260287E-01   -0.3078633E-03
    0.5374170E-03    0.8414847E-02   -0.5668124E-03   -0.1755225E-01    0.1170754E+00   -0.7180030E-01   -0.1857146E-01   -0.2351070E+02   -0.1512731E+02   -0.1944256E+01   -0.7386892E+02   -0.5003684E+02   -0.2740481E+02   -0.3842670E+02   -0.3353599E+01    0.1706707E+03    0.2995937E+03    0.3050218E+03    0.3091679E+03    0.9783188E-02   -0.3816611E-03
    0.5063188E-03    0.8440197E-02   -0.6255040E-03   -0.1952687E-01    0.7273651E-02   -0.7654994E-01   -0.2202524E-01   -0.2648374E+02   -0.2072690E+02    0.2048616E+01   -0.7601142E+02   -0.4742891E+02   -0.2229006E+02   -0.4924731E+02   -0.3313842E+01    0.1718581E+03    0.3050218E+03    0.3517103E+03    0.3835333E+03    0.9195114E-02   -0.6120188E-02
    0.4746705E-03    0.8480638E-02   -0.6687595E-03   -0.2164570E-01   -0.9092181E-01   -0.8185922E-01   -0.2300914E-01   -0.3023856E+02   -0.2154247E+02    0.3406159E+01   -0.7484883E+02   -0.4787304E+02   -0.2565134E+02   -0.5484796E+02   -0.3287116E+01    0.1726183E+03    0.3091679E+03    0.3835333E+03    0.4424909E+03    0.9068195E-02   -0.1116210E-01
   -0.5063793E-07    0.1477592E-06   -0.1009351E-06    0.1600530E-05    0.4385512E-04    0.6448563E-06    0.2660943E-06    0.9471148E-04   -0.1081275E-04   -0.4697226E-03   -0.2031435E-02   -0.9582000E-03   -0.2465124E-02   -0.2640276E-02    0.1838637E-03   -0.1260287E-01    0.9783188E-02    0.9195114E-02    0.9068195E-02    0.3096717E-05    0.6100434E-07
    0.1743210E-07    0.2845723E-07    0.2002525E-07    0.9499328E-06    0.2471232E-04    0.2085208E-05    0.6889455E-06   -0.3328368E-02   -0.1905650E-03    0.1453200E-04   -0.3878671E-02   -0.4924171E-03    0.2284361E-02    0.6608407E-02    0.1014132E-03   -0.3078633E-03   -0.3816611E-03   -0.6120188E-02   -0.1116210E-01    0.6100434E-07    0.1459003E-05
