# omegabh2 omegach2 theta tau nnu logA ns calPlanck acib217 xi asz143 aps100 aps143 aps143217 aps217 aksz kgal100 kgal143 kgal143217 kgal217 galfTE100 galfTE100143 galfTE100217 galfTE143 galfTE143217 galfTE217 cal0 cal2
  3.3770834E-08   3.0268492E-07  -3.1071836E-08   2.1576435E-07   2.2271340E-05   1.3227189E-06   8.7292788E-07   9.5565688E-09   3.5944006E-05  -4.6239199E-07  -7.8622653E-06   2.9181045E-04   9.0959589E-05   1.8718094E-05  -9.2434416E-06   2.1386534E-05   2.5870589E-06   7.1838432E-06   6.6218957E-06  -5.0488995E-06   1.0971820E-07  -9.7058252E-08  -3.1076667E-07  -2.5248717E-07  -5.3568651E-07  -1.4420327E-06   9.3246877E-10   1.3431417E-09
  3.0268492E-07   9.3102659E-06  -1.0191336E-06   7.4517119E-07   5.1423581E-04   2.5357612E-05   1.4525437E-05  -4.5129227E-08   2.5544819E-03  -5.3420867E-05  -5.5425997E-04   1.3970416E-02   6.5371063E-03   1.8891140E-03  -2.2552587E-04   1.0424272E-03   8.7225176E-05   3.3688476E-04   3.9949874E-04  -2.7809557E-04   2.8435532E-06   5.1460429E-07  -3.7396238E-06   1.7922300E-06   2.1424702E-06   2.5963591E-05  -1.8280947E-08   6.1487903E-08
 -3.1071836E-08  -1.0191336E-06   1.9607724E-07  -1.3103811E-07  -5.9349684E-05  -2.7674801E-06  -1.6716874E-06   1.9949753E-08  -3.0463089E-04   7.5224130E-06   5.9365654E-05  -1.5256185E-03  -7.0104772E-04  -1.4344180E-04   8.7354904E-05  -1.2653666E-04  -9.5659690E-06  -4.1359211E-05  -4.9226062E-05   3.7404022E-05  -2.2777139E-07   1.1035083E-09   2.8672535E-07  -2.6229963E-07  -5.4906671E-07  -3.6009946E-06   2.6314828E-09  -7.5351797E-09
  2.1576435E-07   7.4517119E-07  -1.3103811E-07   6.3259671E-05   1.2973688E-04   1.2808637E-04   9.9121584E-06  -1.7498078E-07  -9.0810138E-04   1.1750022E-05  -3.6994630E-05  -4.9581375E-03  -2.0831030E-03  -9.9310744E-04   2.6166294E-05  -4.3170017E-04   5.3662028E-05  -3.6697483E-04  -8.0525198E-04  -8.7038685E-04   3.8017695E-06   2.4044962E-06  -6.8663992E-07  -5.8364663E-06   5.2789874E-08  -4.8853010E-06   2.0164348E-08  -1.0339752E-07
  2.2271340E-05   5.1423581E-04  -5.9349684E-05   1.2973688E-04   3.1866190E-02   1.5881039E-03   1.0416927E-03  -2.0825586E-07   1.5032985E-01  -3.2583433E-03  -3.1993799E-02   8.3417990E-01   3.7599574E-01   9.7430121E-02  -2.4578550E-02   6.4945875E-02   7.3495455E-03   2.1946581E-02   2.5824562E-02  -1.3714968E-02   1.6825464E-04   1.1472273E-05  -2.6681301E-04   1.8720612E-05  -4.7472273E-06   9.5390182E-04  -1.2404032E-06   3.4228018E-06
  1.3227189E-06   2.5357612E-05  -2.7674801E-06   1.2808637E-04   1.5881039E-03   3.5006882E-04   5.6788562E-05   1.2421056E-05   3.9409915E-03  -4.6210441E-05  -1.5139826E-03   2.6353172E-02   1.3625152E-02   6.0883008E-03   6.1950206E-03   9.2506029E-04   1.6916400E-05  -5.2690799E-04  -1.2936713E-03  -8.8759595E-04   1.3477098E-05   3.9715222E-06  -1.5414280E-05  -6.8172405E-06   7.3004840E-06   7.3760932E-05   9.9739289E-08  -4.4966594E-09
  8.7292788E-07   1.4525437E-05  -1.6716874E-06   9.9121584E-06   1.0416927E-03   5.6788562E-05   4.8308122E-05   3.0037260E-07   9.1818991E-04  -2.5851546E-05  -3.5092427E-04   7.5085554E-03   6.7028084E-03   4.1772510E-03   3.3678470E-03   3.0084636E-04   5.4839273E-04   3.7503931E-04   3.9928137E-04   6.3040021E-04   5.7016403E-06   5.9719039E-07  -8.3118659E-06  -3.4686606E-06  -7.2115777E-06   1.0737372E-05  -1.3218104E-07   4.4793090E-08
  9.5565688E-09  -4.5129227E-08   1.9949753E-08  -1.7498078E-07  -2.0825586E-07   1.2421056E-05   3.0037260E-07   6.3450776E-06   4.3033492E-04   5.6926540E-06  -9.7933462E-06   2.5167522E-03   4.6898965E-04   6.2582498E-04   1.7144726E-03  -6.1882469E-05   6.5962841E-06  -3.0567718E-05  -8.9904998E-05   8.3137569E-04  -2.7583825E-07  -6.6689548E-07  -1.3840702E-06   5.0669960E-07   2.0752710E-06   1.1010330E-05  -2.4661334E-08   2.1972627E-08
  3.5944006E-05   2.5544819E-03  -3.0463089E-04  -9.0810138E-04   1.5032985E-01   3.9409915E-03   9.1818991E-04   4.3033492E-04   4.4993855E+01  -4.1569354E-01  -9.8619073E-01   3.9355377E+01   3.1572674E+00  -1.2888326E+01  -5.5363532E+01   1.3055008E-01   3.1112081E-01   5.7719615E-01  -5.8679718E+00  -3.3525427E+01   3.0950016E-03  -5.8294821E-06   9.3863686E-03  -3.3836794E-03   4.5972553E-04   3.7006723E-02  -1.7960092E-04   7.0568326E-04
 -4.6239199E-07  -5.3420867E-05   7.5224130E-06   1.1750022E-05  -3.2583433E-03  -4.6210441E-05  -2.5851546E-05   5.6926540E-06  -4.1569354E-01   8.0781138E-02  -3.6615898E-02  -7.3581958E-01   8.7325184E-01   1.6742577E+00   6.3862279E-01   4.2525604E-02  -1.5783097E-02   6.2669725E-03   1.0525115E-01   1.4443950E-01   3.4429475E-05  -7.0333740E-05   8.8902896E-05  -4.9203572E-05   7.4173801E-05   7.2179020E-04   2.3913837E-06  -1.2831603E-06
 -7.8622653E-06  -5.5425997E-04   5.9365654E-05  -3.6994630E-05  -3.1993799E-02  -1.5139826E-03  -3.5092427E-04  -9.7933462E-06  -9.8619073E-01  -3.6615898E-02   3.7848429E+00  -3.0151852E+01  -3.6133190E+00   7.2346476E+00   5.0842765E+00  -2.5871506E+00  -2.1057460E-01   1.0305435E-01   2.6004371E+00   3.3306588E+00  -9.9187206E-05   4.5182484E-04  -1.6833529E-03   7.0892779E-04  -1.3949988E-03  -7.7051455E-03   1.1124199E-04  -3.8784526E-05
  2.9181045E-04   1.3970416E-02  -1.5256185E-03  -4.9581375E-03   8.3417990E-01   2.6353172E-02   7.5085554E-03   2.5167522E-03   3.9355377E+01  -7.3581958E-01  -3.0151852E+01   7.8520135E+02   7.4657423E+01  -5.2801126E+01  -6.0900206E+01   1.4410570E+01  -5.7370897E+00   6.8330362E+00  -1.1097411E+01  -2.4305092E+01   9.0387867E-04  -9.0155238E-03   2.5630633E-02  -1.7488707E-02   1.5546735E-02   1.1629578E-01   3.5345009E-03   5.8176148E-04
  9.0959589E-05   6.5371063E-03  -7.0104772E-04  -2.0831030E-03   3.7599574E-01   1.3625152E-02   6.7028084E-03   4.6898965E-04   3.1572674E+00   8.7325184E-01  -3.6133190E+00   7.4657423E+01   6.3538307E+01   4.0017588E+01   1.4151596E+01  -3.8133901E+00  -3.1036575E-01  -1.0367392E+00   3.4986033E+00   3.6021671E+00   2.4745560E-03  -1.1478702E-04  -2.0270485E-03   4.2630612E-03   1.2256153E-02   4.5618882E-02   4.0485134E-05   1.3828276E-04
  1.8718094E-05   1.8891140E-03  -1.4344180E-04  -9.9310744E-04   9.7430121E-02   6.0883008E-03   4.1772510E-03   6.2582498E-04  -1.2888326E+01   1.6742577E+00   7.2346476E+00  -5.2801126E+01   4.0017588E+01   8.3615049E+01   5.1901656E+01  -1.0746062E+01  -9.3739536E-01  -7.6754005E-01   4.6879844E+00   7.8658706E+00  -3.5557489E-04  -1.5142628E-04  -5.1447227E-03   6.0322708E-03   5.5631632E-03   2.2369046E-02   4.2703562E-04  -3.2509924E-04
 -9.2434416E-06  -2.2552587E-04   8.7354904E-05   2.6166294E-05  -2.4578550E-02   6.1950206E-03   3.3678470E-03   1.7144726E-03  -5.5363532E+01   6.3862279E-01   5.0842765E+00  -6.0900206E+01   1.4151596E+01   5.1901656E+01   1.0376579E+02  -8.7464528E+00  -7.2958062E-01  -1.2868342E+00   5.4321535E+00   3.3751945E+01  -5.2233435E-03   7.3725246E-04  -1.7160221E-02   8.8191090E-03   3.4120508E-03  -2.1622363E-02   4.4342010E-04  -1.2746101E-03
  2.1386534E-05   1.0424272E-03  -1.2653666E-04  -4.3170017E-04   6.4945875E-02   9.2506029E-04   3.0084636E-04  -6.1882469E-05   1.3055008E-01   4.2525604E-02  -2.5871506E+00   1.4410570E+01  -3.8133901E+00  -1.0746062E+01  -8.7464528E+00   5.5999142E+00   1.2336442E-01  -9.0548242E-02  -1.8565671E+00  -2.1744656E+00   3.8943620E-04  -9.0472360E-05  -1.9722035E-04  -3.3382980E-04   1.1603654E-03   9.5830480E-04  -9.0181750E-05   1.0107375E-05
  2.5870589E-06   8.7225176E-05  -9.5659690E-06   5.3662028E-05   7.3495455E-03   1.6916400E-05   5.4839273E-04   6.5962841E-06   3.1112081E-01  -1.5783097E-02  -2.1057460E-01  -5.7370897E+00  -3.1036575E-01  -9.3739536E-01  -7.2958062E-01   1.2336442E-01   3.3570413E+00   5.5283204E-01   1.5294480E-01   2.5929355E-04   6.8084545E-04   5.7671871E-07  -1.4538091E-03  -5.4759425E-04   5.0586669E-04   3.1686384E-03   1.8146681E-04  -1.0269607E-05
  7.1838432E-06   3.3688476E-04  -4.1359211E-05  -3.6697483E-04   2.1946581E-02  -5.2690799E-04   3.7503931E-04  -3.0567718E-05   5.7719615E-01   6.2669725E-03   1.0305435E-01   6.8330362E+00  -1.0367392E+00  -7.6754005E-01  -1.2868342E+00  -9.0548242E-02   5.5283204E-01   3.2243203E+00   2.7896387E+00   2.8189056E+00   6.0496419E-04  -1.2652178E-03  -5.9054257E-04  -3.7278537E-04   5.6100638E-04   1.7368380E-03  -1.8338675E-04  -4.9343621E-05
  6.6218957E-06   3.9949874E-04  -4.9226062E-05  -8.0525198E-04   2.5824562E-02  -1.2936713E-03   3.9928137E-04  -8.9904998E-05  -5.8679718E+00   1.0525115E-01   2.6004371E+00  -1.1097411E+01   3.4986033E+00   4.6879844E+00   5.4321535E+00  -1.8565671E+00   1.5294480E-01   2.7896387E+00   1.0922927E+01   1.9484083E+01   1.1977841E-03  -4.0370895E-04  -2.6577438E-03   9.3607618E-04  -7.8146289E-04  -5.3010799E-03  -5.3392880E-05   3.9477613E-04
 -5.0488995E-06  -2.7809557E-04   3.7404022E-05  -8.7038685E-04  -1.3714968E-02  -8.8759595E-04   6.3040021E-04   8.3137569E-04  -3.3525427E+01   1.4443950E-01   3.3306588E+00  -2.4305092E+01   3.6021671E+00   7.8658706E+00   3.3751945E+01  -2.1744656E+00   2.5929355E-04   2.8189056E+00   1.9484083E+01   5.4008768E+01   1.8986889E-04   2.7458924E-04  -6.6238955E-03   5.0323522E-03  -3.7948129E-04  -2.9363432E-02   1.4898818E-05   9.1958720E-04
  1.0971820E-07   2.8435532E-06  -2.2777139E-07   3.8017695E-06   1.6825464E-04   1.3477098E-05   5.7016403E-06  -2.7583825E-07   3.0950016E-03   3.4429475E-05  -9.9187206E-05   9.0387867E-04   2.4745560E-03  -3.5557489E-04  -5.2233435E-03   3.8943620E-04   6.8084545E-04   6.0496419E-04   1.1977841E-03   1.8986889E-04   1.4611299E-03   2.6217473E-04   5.7456770E-05  -3.6720098E-04  -1.2779628E-04  -9.4450894E-06   7.9542688E-08   2.5943104E-07
 -9.7058252E-08   5.1460429E-07   1.1035083E-09   2.4044962E-06   1.1472273E-05   3.9715222E-06   5.9719039E-07  -6.6689548E-07  -5.8294821E-06  -7.0333740E-05   4.5182484E-04  -9.0155238E-03  -1.1478702E-04  -1.5142628E-04   7.3725246E-04  -9.0472360E-05   5.7671871E-07  -1.2652178E-03  -4.0370895E-04   2.7458924E-04   2.6217473E-04   8.6798182E-04   5.2930163E-05   7.5743261E-04   5.4864335E-05  -7.9447563E-04   2.1603084E-08   2.8110763E-07
 -3.1076667E-07  -3.7396238E-06   2.8672535E-07  -6.8663992E-07  -2.6681301E-04  -1.5414280E-05  -8.3118659E-06  -1.3840702E-06   9.3863686E-03   8.8902896E-05  -1.6833529E-03   2.5630633E-02  -2.0270485E-03  -5.1447227E-03  -1.7160221E-02  -1.9722035E-04  -1.4538091E-03  -5.9054257E-04  -2.6577438E-03  -6.6238955E-03   5.7456770E-05   5.2930163E-05   7.2731537E-03  -2.3774224E-04   7.0097167E-04   4.4928321E-03  -2.9219273E-07   6.6613958E-07
 -2.5248717E-07   1.7922300E-06  -2.6229963E-07  -5.8364663E-06   1.8720612E-05  -6.8172405E-06  -3.4686606E-06   5.0669960E-07  -3.3836794E-03  -4.9203572E-05   7.0892779E-04  -1.7488707E-02   4.2630612E-03   6.0322708E-03   8.8191090E-03  -3.3382980E-04  -5.4759425E-04  -3.7278537E-04   9.3607618E-04   5.0323522E-03  -3.6720098E-04   7.5743261E-04  -2.3774224E-04   2.9112245E-03   5.6002625E-04  -9.0140166E-04  -3.4432493E-07   2.0023497E-07
 -5.3568651E-07   2.1424702E-06  -5.4906671E-07   5.2789874E-08  -4.7472273E-06   7.3004840E-06  -7.2115777E-06   2.0752710E-06   4.5972553E-04   7.4173801E-05  -1.3949988E-03   1.5546735E-02   1.2256153E-02   5.5631632E-03   3.4120508E-03   1.1603654E-03   5.0586669E-04   5.6100638E-04  -7.8146289E-04  -3.7948129E-04  -1.2779628E-04   5.4864335E-05   7.0097167E-04   5.6002625E-04   6.3546812E-03   7.9935131E-03  -4.0259648E-07  -2.7702733E-07
 -1.4420327E-06   2.5963591E-05  -3.6009946E-06  -4.8853010E-06   9.5390182E-04   7.3760932E-05   1.0737372E-05   1.1010330E-05   3.7006723E-02   7.2179020E-04  -7.7051455E-03   1.1629578E-01   4.5618882E-02   2.2369046E-02  -2.1622363E-02   9.5830480E-04   3.1686384E-03   1.7368380E-03  -5.3010799E-03  -2.9363432E-02  -9.4450894E-06  -7.9447563E-04   4.4928321E-03  -9.0140166E-04   7.9935131E-03   7.1397763E-02  -4.1307230E-07  -2.5592534E-08
  9.3246877E-10  -1.8280947E-08   2.6314828E-09   2.0164348E-08  -1.2404032E-06   9.9739289E-08  -1.3218104E-07  -2.4661334E-08  -1.7960092E-04   2.3913837E-06   1.1124199E-04   3.5345009E-03   4.0485134E-05   4.2703562E-04   4.4342010E-04  -9.0181750E-05   1.8146681E-04  -1.8338675E-04  -5.3392880E-05   1.4898818E-05   7.9542688E-08   2.1603084E-08  -2.9219273E-07  -3.4432493E-07  -4.0259648E-07  -4.1307230E-07   3.7100106E-07   1.0691351E-09
  1.3431417E-09   6.1487903E-08  -7.5351797E-09  -1.0339752E-07   3.4228018E-06  -4.4966594E-09   4.4793090E-08   2.1972627E-08   7.0568326E-04  -1.2831603E-06  -3.8784526E-05   5.8176148E-04   1.3828276E-04  -3.2509924E-04  -1.2746101E-03   1.0107375E-05  -1.0269607E-05  -4.9343621E-05   3.9477613E-04   9.1958720E-04   2.5943104E-07   2.8110763E-07   6.6613958E-07   2.0023497E-07  -2.7702733E-07  -2.5592534E-08   1.0691351E-09   3.8870939E-07
