# omegabh2 omegach2 theta tau yhe logA ns aps100 aps143 aps217 acib143 acib217 asz143 psr cibr ncib xi aksz cal0 cal2 calTE calEE bm_1_1
    0.5225275E-07   -0.1854913E-06    0.1195485E-06    0.1154658E-05    0.2680649E-05    0.2602262E-05    0.1509772E-05    0.5816927E-03    0.1767820E-03    0.4171264E-04    0.2759841E-04    0.6527447E-04    0.4317716E-04   -0.5003626E-06    0.3603874E-05   -0.7537725E-06   -0.1864413E-06    0.4993327E-04    0.2889669E-08    0.4425788E-08    0.1916780E-06    0.3567292E-06    0.6032238E-05
   -0.1854913E-06    0.2204346E-05   -0.3899597E-06   -0.6506341E-05   -0.5702238E-05   -0.9166511E-05   -0.7047207E-05    0.2288247E-02    0.6333445E-03   -0.1046155E-02    0.5589071E-04    0.7090827E-03   -0.2235346E-03    0.2462863E-06   -0.2546949E-05    0.1316047E-04   -0.4090451E-06   -0.2000536E-03    0.2988156E-09    0.1768590E-06   -0.7707187E-06   -0.1694724E-05    0.2692794E-04
    0.1195485E-06   -0.3899597E-06    0.5227055E-06    0.2463341E-05    0.1117441E-04    0.6743675E-05    0.5310561E-05    0.2494830E-02    0.1303560E-02   -0.1188566E-02    0.5076143E-03    0.1291515E-02    0.2001253E-03   -0.4302048E-05    0.2784661E-04    0.1078961E-04   -0.6474277E-05    0.3925423E-03   -0.2198806E-07   -0.2756730E-07    0.1110804E-05    0.2406257E-05    0.1700653E-04
    0.1154658E-05   -0.6506341E-05    0.2463341E-05    0.1843733E-03    0.5037997E-04    0.3658264E-03    0.4447044E-04   -0.2616040E-01    0.3163899E-02    0.1586999E-01   -0.3412607E-02   -0.6940887E-02    0.1886340E-03    0.8485136E-05   -0.4998980E-04   -0.7924932E-04   -0.2336453E-04   -0.2093650E-02   -0.2055566E-06   -0.5068266E-06   -0.6330415E-05    0.3812695E-05    0.8196517E-04
    0.2680649E-05   -0.5702238E-05    0.1117441E-04    0.5037997E-04    0.2968817E-03    0.1585800E-03    0.1267106E-03    0.8766216E-01    0.4115997E-01   -0.3164484E-01    0.1238884E-01    0.3575730E-01    0.4375275E-02   -0.1344827E-03    0.7680363E-03    0.3148663E-03   -0.1609456E-03    0.1012767E-01   -0.5672096E-06   -0.6459366E-07    0.2982240E-04    0.6309686E-04    0.6376965E-03
    0.2602262E-05   -0.9166511E-05    0.6743675E-05    0.3658264E-03    0.1585800E-03    0.7552009E-03    0.1018347E-03   -0.2643141E-01    0.2257049E-01    0.2860504E-01   -0.5862618E-02   -0.5543774E-02   -0.2896070E-04   -0.5926994E-05   -0.7930752E-05   -0.3329423E-04   -0.3858256E-04   -0.3845511E-02   -0.3113004E-06    0.8100249E-06   -0.5338622E-05    0.2247587E-04    0.8330958E-03
    0.1509772E-05   -0.7047207E-05    0.5310561E-05    0.4447044E-04    0.1267106E-03    0.1018347E-03    0.7661198E-04    0.1505765E-01    0.1438068E-01    0.2217041E-02    0.1888590E-02    0.6075035E-02    0.1671770E-02   -0.1878399E-04    0.1503229E-03    0.3882829E-04   -0.9587223E-05    0.1542002E-02   -0.3320155E-06    0.3991710E-06    0.1208463E-04    0.2500934E-04    0.3822522E-03
    0.5816927E-03    0.2288247E-02    0.2494830E-02   -0.2616040E-01    0.8766216E-01   -0.2643141E-01    0.1505765E-01    0.2504263E+04    0.9708497E+02   -0.1043985E+03    0.5617385E+02    0.7264149E+02   -0.5881482E+02   -0.9393000E+00   -0.1205414E+01    0.5884549E+00    0.2729425E+00   -0.7673875E+01    0.4348423E-02    0.2025108E-02    0.7409786E-02    0.1293279E-01    0.1142705E+02
    0.1767820E-03    0.6333445E-03    0.1303560E-02    0.3163899E-02    0.4115997E-01    0.2257049E-01    0.1438068E-01    0.9708497E+02    0.1176583E+03    0.2293521E+02   -0.1527222E+02    0.6107670E+01   -0.7116572E+01   -0.1783496E+00    0.2087339E+00    0.1393542E+00    0.9740478E+00   -0.1140976E+02   -0.5604679E-04    0.5958376E-03    0.7010511E-02    0.1519506E-01    0.1489480E+00
    0.4171264E-04   -0.1046155E-02   -0.1188566E-02    0.1586999E-01   -0.3164484E-01    0.2860504E-01    0.2217041E-02   -0.1043985E+03    0.2293521E+02    0.3014126E+03   -0.2921147E+02   -0.1417673E+03    0.8846241E+00    0.9349349E-02   -0.1413885E+01   -0.1873185E+01    0.6173344E+00   -0.1093012E+02    0.1217127E-04   -0.1916053E-02   -0.1528671E-02   -0.3975738E-02   -0.1193112E-01
    0.2759841E-04    0.5589071E-04    0.5076143E-03   -0.3412607E-02    0.1238884E-01   -0.5862618E-02    0.1888590E-02    0.5617385E+02   -0.1527222E+02   -0.2921147E+02    0.2006536E+02    0.1783740E+02   -0.1230522E+01    0.1243466E-01    0.2703154E-02    0.2239251E+00    0.1119040E+00   -0.4051924E+00   -0.1728092E-03   -0.9451636E-03    0.3748490E-03    0.1330540E-02   -0.1276817E+00
    0.6527447E-04    0.7090827E-03    0.1291515E-02   -0.6940887E-02    0.3575730E-01   -0.5543774E-02    0.6075035E-02    0.7264149E+02    0.6107670E+01   -0.1417673E+03    0.1783740E+02    0.7996064E+02    0.2551335E+00    0.3567610E-01    0.7181594E+00    0.1147825E+01   -0.3312854E+00   -0.6597088E+00    0.6606126E-05    0.4624516E-03    0.3542676E-02    0.8207739E-02    0.1446476E+00
    0.4317716E-04   -0.2235346E-03    0.2001253E-03    0.1886340E-03    0.4375275E-02   -0.2896070E-04    0.1671770E-02   -0.5881482E+02   -0.7116572E+01    0.8846241E+00   -0.1230522E+01    0.2551335E+00    0.6828794E+01    0.7447983E-01    0.2553057E+00    0.5243212E-03   -0.6279887E-01    0.2725751E-01    0.2546257E-04   -0.7482095E-03    0.2588795E-03    0.5701635E-03    0.1297783E+00
   -0.5003626E-06    0.2462863E-06   -0.4302048E-05    0.8485136E-05   -0.1344827E-03   -0.5926994E-05   -0.1878399E-04   -0.9393000E+00   -0.1783496E+00    0.9349349E-02    0.1243466E-01    0.3567610E-01    0.7447983E-01    0.1295970E-01   -0.7674774E-02    0.4162244E-02    0.7885338E-02   -0.2197121E-01    0.3844969E-05   -0.1570734E-04   -0.4237744E-05   -0.3296557E-04    0.1420408E-02
    0.3603874E-05   -0.2546949E-05    0.2784661E-04   -0.4998980E-04    0.7680363E-03   -0.7930752E-05    0.1503229E-03   -0.1205414E+01    0.2087339E+00   -0.1413885E+01    0.2703154E-02    0.7181594E+00    0.2553057E+00   -0.7674774E-02    0.5420863E-01    0.5972707E-03    0.2417179E-02    0.1613589E-01   -0.2943841E-05    0.5697678E-04    0.5251501E-04    0.1727201E-03    0.1207445E-02
   -0.7537725E-06    0.1316047E-04    0.1078961E-04   -0.7924932E-04    0.3148663E-03   -0.3329423E-04    0.3882829E-04    0.5884549E+00    0.1393542E+00   -0.1873185E+01    0.2239251E+00    0.1147825E+01    0.5243212E-03    0.4162244E-02    0.5972707E-03    0.2644075E-01   -0.1788102E-02   -0.1195288E-01    0.3676840E-05   -0.7493407E-04    0.4378248E-04    0.1005663E-03    0.7885635E-02
   -0.1864413E-06   -0.4090451E-06   -0.6474277E-05   -0.2336453E-04   -0.1609456E-03   -0.3858256E-04   -0.9587223E-05    0.2729425E+00    0.9740478E+00    0.6173344E+00    0.1119040E+00   -0.3312854E+00   -0.6279887E-01    0.7885338E-02    0.2417179E-02   -0.1788102E-02    0.7983361E-01    0.5588737E-03    0.1739310E-05   -0.9956151E-05    0.1597873E-04    0.3797635E-05    0.3798805E-02
    0.4993327E-04   -0.2000536E-03    0.3925423E-03   -0.2093650E-02    0.1012767E-01   -0.3845511E-02    0.1542002E-02   -0.7673875E+01   -0.1140976E+02   -0.1093012E+02   -0.4051924E+00   -0.6597088E+00    0.2725751E-01   -0.2197121E-01    0.1613589E-01   -0.1195288E-01    0.5588737E-03    0.8150804E+01    0.2612433E-04   -0.1649393E-04    0.1344780E-02    0.1989630E-02    0.1834088E-01
    0.2889669E-08    0.2988156E-09   -0.2198806E-07   -0.2055566E-06   -0.5672096E-06   -0.3113004E-06   -0.3320155E-06    0.4348423E-02   -0.5604679E-04    0.1217127E-04   -0.1728092E-03    0.6606126E-05    0.2546257E-04    0.3844969E-05   -0.2943841E-05    0.3676840E-05    0.1739310E-05    0.2612433E-04    0.8273986E-06    0.4053728E-07    0.4637842E-07    0.6105726E-07   -0.7581568E-04
    0.4425788E-08    0.1768590E-06   -0.2756730E-07   -0.5068266E-06   -0.6459366E-07    0.8100249E-06    0.3991710E-06    0.2025108E-02    0.5958376E-03   -0.1916053E-02   -0.9451636E-03    0.4624516E-03   -0.7482095E-03   -0.1570734E-04    0.5697678E-04   -0.7493407E-04   -0.9956151E-05   -0.1649393E-04    0.4053728E-07    0.5456156E-05    0.1280929E-05    0.7038875E-06    0.2367283E-03
    0.1916780E-06   -0.7707187E-06    0.1110804E-05   -0.6330415E-05    0.2982240E-04   -0.5338622E-05    0.1208463E-04    0.7409786E-02    0.7010511E-02   -0.1528671E-02    0.3748490E-03    0.3542676E-02    0.2588795E-03   -0.4237744E-05    0.5251501E-04    0.4378248E-04    0.1597873E-04    0.1344780E-02    0.4637842E-07    0.1280929E-05    0.2669931E-04    0.1462888E-04    0.3625351E-03
    0.3567292E-06   -0.1694724E-05    0.2406257E-05    0.3812695E-05    0.6309686E-04    0.2247587E-04    0.2500934E-04    0.1293279E-01    0.1519506E-01   -0.3975738E-02    0.1330540E-02    0.8207739E-02    0.5701635E-03   -0.3296557E-04    0.1727201E-03    0.1005663E-03    0.3797635E-05    0.1989630E-02    0.6105726E-07    0.7038875E-06    0.1462888E-04    0.3391846E-04    0.3713777E-03
    0.6032238E-05    0.2692794E-04    0.1700653E-04    0.8196517E-04    0.6376965E-03    0.8330958E-03    0.3822522E-03    0.1142705E+02    0.1489480E+00   -0.1193112E-01   -0.1276817E+00    0.1446476E+00    0.1297783E+00    0.1420408E-02    0.1207445E-02    0.7885635E-02    0.3798805E-02    0.1834088E-01   -0.7581568E-04    0.2367283E-03    0.3625351E-03    0.3713777E-03    0.2431172E+00
