# omegabh2 omegach2 theta tau meffsterile nnu logA ns calPlanck acib217 xi asz143 aps100 aps143 aps143217 aps217 aksz kgal100 kgal143 kgal143217 kgal217 galfEE100 galfEE100143 galfEE100217 galfEE143 galfEE143217 galfEE217 galfTE100 galfTE100143 galfTE100217 galfTE143 galfTE143217 galfTE217 cal0 cal2
    0.3084610E-07    0.6996450E-07    0.1217408E-08    0.1272688E-05    0.1290350E-05    0.1095431E-04    0.2667571E-05    0.7227671E-06    0.1245157E-07   -0.4234552E-04    0.1663124E-05   -0.6314707E-05   -0.1225420E-03   -0.9523043E-04   -0.4830984E-04   -0.3822670E-05   -0.1652475E-04   -0.9687977E-06   -0.3946444E-05   -0.2077611E-04   -0.4947339E-05    0.1533991E-06    0.4597715E-07   -0.3820535E-07    0.6067222E-07    0.1368876E-06   -0.1738509E-06   -0.3816677E-06   -0.1908740E-06   -0.1431996E-05   -0.4937077E-07   -0.8430506E-06   -0.2073329E-05    0.5461644E-09   -0.4735747E-08
    0.6996450E-07    0.1104655E-04   -0.6672887E-06    0.3201016E-05   -0.3079145E-03    0.2892036E-03    0.2163507E-04    0.6494524E-05    0.1335550E-07    0.2214773E-02   -0.7133827E-04   -0.7221924E-03    0.1131728E-01    0.3138962E-02   -0.1586655E-02   -0.2204757E-02    0.1236054E-02    0.3048033E-03    0.1295830E-03   -0.1710328E-04   -0.4155763E-03   -0.6266875E-06   -0.2303827E-06   -0.1828623E-06   -0.2456313E-06   -0.1843389E-05   -0.5563259E-05    0.6949410E-05    0.3834044E-05   -0.1207101E-04   -0.1745073E-05    0.5057382E-05   -0.1155087E-05    0.2524647E-07    0.1455906E-06
    0.1217408E-08   -0.6672887E-06    0.1378816E-06    0.1743380E-06   -0.3741120E-05   -0.2614439E-04   -0.7641542E-06   -0.3280322E-06    0.1586876E-07   -0.2281279E-03    0.8021333E-05    0.5536969E-04   -0.7578316E-03   -0.3244009E-03    0.1229507E-03    0.1847927E-03   -0.1207371E-03   -0.1592816E-04   -0.2216510E-04   -0.2300508E-04    0.3318076E-04    0.5789640E-07    0.4915429E-07    0.7498396E-07    0.4729887E-07    0.1305744E-06    0.7852436E-06    0.6426084E-06   -0.1086312E-06    0.7376463E-06   -0.1686703E-06   -0.7677184E-06   -0.3145181E-06    0.1356561E-07   -0.3025374E-07
    0.1272688E-05    0.3201016E-05    0.1743380E-06    0.3131380E-03    0.1072280E-04    0.5728108E-03    0.6208758E-03    0.5377294E-04   -0.1331854E-05   -0.1048282E-01    0.2515355E-03    0.5630982E-03   -0.1156036E-01   -0.7489190E-02    0.2104186E-02    0.8710555E-02   -0.4070850E-02    0.2981256E-03   -0.1202113E-02    0.1066265E-03    0.5245528E-02    0.1226663E-04    0.4000646E-05    0.1218798E-05    0.4434157E-05    0.4674212E-05   -0.1420186E-04   -0.5840401E-05    0.3793809E-05   -0.1101414E-03   -0.1946074E-06   -0.2176815E-04   -0.1780758E-03    0.5114814E-06   -0.6674323E-06
    0.1290350E-05   -0.3079145E-03   -0.3741120E-05    0.1072280E-04    0.4959964E-01    0.2925047E-02    0.5085359E-04   -0.4611563E-03    0.7506993E-05    0.6307212E-01   -0.2459394E-02   -0.2906055E-02    0.9300205E-01    0.1409839E+00    0.7243727E-01    0.4106119E-01    0.1256269E-01   -0.5015921E-02    0.1059829E-01    0.2025208E-01    0.1215453E-01   -0.9733399E-04   -0.2180067E-04    0.3319517E-04   -0.2159874E-04    0.6870400E-04   -0.2491742E-03   -0.3063026E-03   -0.9697094E-04   -0.7385370E-05   -0.3331067E-04   -0.1114653E-03    0.1553642E-03   -0.6906410E-05    0.1104161E-04
    0.1095431E-04    0.2892036E-03   -0.2614439E-04    0.5728108E-03    0.2925047E-02    0.1526797E-01    0.1647280E-02    0.4729589E-03    0.6171345E-05    0.9911438E-01   -0.2773065E-02   -0.3241458E-01    0.4420422E+00    0.1400415E+00   -0.6049313E-01   -0.9503643E-01    0.5151896E-01    0.8742114E-02    0.8389906E-02    0.6179573E-02   -0.2018377E-02    0.2038091E-04    0.9958117E-05   -0.1280333E-04    0.1853810E-04    0.1430507E-04   -0.2633442E-03    0.3787049E-04    0.6057480E-04   -0.7824387E-03   -0.9159544E-04   -0.3938604E-04   -0.5784245E-03   -0.3211899E-05    0.1181126E-04
    0.2667571E-05    0.2163507E-04   -0.7641542E-06    0.6208758E-03    0.5085359E-04    0.1647280E-02    0.1285795E-02    0.1100538E-03    0.9463206E-05   -0.1674470E-01    0.4159798E-03   -0.4749773E-03    0.2240965E-02   -0.5585552E-02    0.5337041E-02    0.2044692E-01   -0.6619344E-02    0.9902548E-03   -0.2529848E-02   -0.9617130E-04    0.1156464E-01    0.2423712E-04    0.7805958E-05    0.1526080E-05    0.8606461E-05    0.7748295E-05   -0.5855430E-04    0.2520642E-05    0.1735411E-04   -0.1922686E-03   -0.1519578E-06   -0.3221073E-04   -0.3203984E-03    0.1125554E-05   -0.9479458E-06
    0.7227671E-06    0.6494524E-05   -0.3280322E-06    0.5377294E-04   -0.4611563E-03    0.4729589E-03    0.1100538E-03    0.4679239E-04    0.6322267E-06   -0.2950180E-02    0.1465057E-03    0.2424729E-04   -0.1331240E-01   -0.3650863E-02    0.8394284E-03    0.1696155E-02   -0.1547133E-02    0.4332436E-03   -0.1558281E-03   -0.4193589E-03    0.1124699E-02    0.8868187E-05    0.3237289E-05   -0.8998060E-07    0.3437912E-05    0.3650230E-05    0.1863272E-05   -0.5478903E-05   -0.3966971E-05   -0.4506906E-04   -0.3317430E-05   -0.9802397E-05   -0.5407175E-04   -0.2462621E-06    0.2605395E-07
    0.1245157E-07    0.1335550E-07    0.1586876E-07   -0.1331854E-05    0.7506993E-05    0.6171345E-05    0.9463206E-05    0.6322267E-06    0.6336969E-05    0.1001857E-02    0.9459982E-07   -0.1724489E-03    0.4651725E-02    0.1279625E-02    0.3348058E-03    0.1008915E-02   -0.1330104E-04    0.1087843E-03    0.6141719E-04    0.1989084E-03    0.1030535E-02    0.2307644E-05    0.6982081E-06    0.2341056E-06    0.7403768E-06    0.9335215E-06   -0.5900764E-05    0.2560437E-07    0.5537195E-06    0.8208249E-05    0.1854366E-05   -0.5581190E-06    0.1137237E-04   -0.3690853E-07    0.5030323E-07
   -0.4234552E-04    0.2214773E-02   -0.2281279E-03   -0.1048282E-01    0.6307212E-01    0.9911438E-01   -0.1674470E-01   -0.2950180E-02    0.1001857E-02    0.4946614E+02   -0.5631218E+00   -0.1594802E+01    0.4861334E+02   -0.9078476E-01   -0.2250369E+02   -0.6652773E+02    0.4724210E+00   -0.6540859E+00    0.2934778E+00   -0.3894872E+01   -0.2622866E+02    0.8178235E-03    0.6126876E-03    0.1383606E-02    0.2098347E-03    0.4189622E-02   -0.3147153E-02   -0.3692739E-02   -0.3190581E-03   -0.4300221E-02    0.5791459E-02   -0.4343089E-02    0.6011138E-03   -0.2314188E-03    0.4311938E-02
    0.1663124E-05   -0.7133827E-04    0.8021333E-05    0.2515355E-03   -0.2459394E-02   -0.2773065E-02    0.4159798E-03    0.1465057E-03    0.9459982E-07   -0.5631218E+00    0.8118403E-01   -0.8089826E-01   -0.5584635E+00    0.8976509E+00    0.1713234E+01    0.8103611E+00    0.6159426E-01    0.1017549E-01   -0.4196141E-02    0.6126872E-01    0.1020367E+00   -0.1786228E-05   -0.6960512E-05    0.1442644E-03    0.2580776E-05   -0.1527821E-03   -0.3316532E-04   -0.1199674E-05    0.5695356E-04   -0.2774891E-03    0.9261989E-04    0.1253749E-03    0.4529964E-03    0.6404525E-05   -0.2563017E-04
   -0.6314707E-05   -0.7221924E-03    0.5536969E-04    0.5630982E-03   -0.2906055E-02   -0.3241458E-01   -0.4749773E-03    0.2424729E-04   -0.1724489E-03   -0.1594802E+01   -0.8089826E-01    0.3832085E+01   -0.3037373E+02   -0.3774632E+01    0.7762839E+01    0.6746946E+01   -0.2803296E+01   -0.2513109E+00    0.2912160E-01    0.2334270E+01    0.1802188E+01    0.5991923E-04    0.7802942E-04   -0.5439669E-03   -0.1128046E-03   -0.1136490E-03    0.9876376E-03    0.1087642E-02    0.3142831E-03   -0.1479084E-02    0.2270935E-02    0.4036384E-02    0.6095872E-02    0.2073311E-03   -0.4214100E-03
   -0.1225420E-03    0.1131728E-01   -0.7578316E-03   -0.1156036E-01    0.9300205E-01    0.4420422E+00    0.2240965E-02   -0.1331240E-01    0.4651725E-02    0.4861334E+02   -0.5584635E+00   -0.3037373E+02    0.7263843E+03    0.6588427E+02   -0.6684905E+02   -0.7991046E+02    0.1500066E+02    0.4629212E+00    0.1254263E+01   -0.1133003E+02   -0.1707897E+02   -0.2368132E-02    0.7117388E-03    0.8090389E-02    0.2704032E-02    0.1107321E-01    0.3599084E-01    0.3051419E-01    0.1118324E-01    0.2510423E-01   -0.1269783E-02   -0.4716491E-02   -0.1786535E-01    0.4114668E-02    0.6026115E-02
   -0.9523043E-04    0.3138962E-02   -0.3244009E-03   -0.7489190E-02    0.1409839E+00    0.1400415E+00   -0.5585552E-02   -0.3650863E-02    0.1279625E-02   -0.9078476E-01    0.8976509E+00   -0.3774632E+01    0.6588427E+02    0.5810537E+02    0.4016962E+02    0.1830609E+02   -0.4232359E+01   -0.1349212E+00   -0.8860842E+00    0.4404853E+01    0.5468243E+01   -0.1184393E-02   -0.1095715E-02    0.2794389E-02   -0.6245113E-03   -0.2571081E-02   -0.1324825E-01    0.9164325E-02    0.6658143E-02    0.3740324E-02   -0.7014173E-02    0.6752813E-02    0.3235503E-01    0.1403422E-03    0.3218889E-03
   -0.4830984E-04   -0.1586655E-02    0.1229507E-03    0.2104186E-02    0.7243727E-01   -0.6049313E-01    0.5337041E-02    0.8394284E-03    0.3348058E-03   -0.2250369E+02    0.1713234E+01    0.7762839E+01   -0.6684905E+02    0.4016962E+02    0.9144671E+02    0.6743967E+02   -0.1229170E+02   -0.5430055E+00   -0.7755056E+00    0.3978334E+01    0.5631331E+01   -0.1150576E-02   -0.7029695E-03    0.2472458E-02   -0.7793235E-03   -0.4231245E-02   -0.6516625E-02    0.8622746E-02    0.8105731E-02   -0.6210634E-02    0.4372169E-02    0.2430277E-01    0.4284168E-01    0.7786326E-03   -0.2698306E-02
   -0.3822670E-05   -0.2204757E-02    0.1847927E-03    0.8710555E-02    0.4106119E-01   -0.9503643E-01    0.2044692E-01    0.1696155E-02    0.1008915E-02   -0.6652773E+02    0.8103611E+00    0.6746946E+01   -0.7991046E+02    0.1830609E+02    0.6743967E+02    0.1262912E+03   -0.1050955E+02    0.3438515E+00   -0.6922175E+00    0.1641401E+01    0.2307018E+02   -0.1242551E-02   -0.8406508E-03   -0.1209552E-02   -0.7425787E-03   -0.5416640E-02   -0.4110780E-02    0.1200300E-01    0.5930992E-02   -0.6033968E-02   -0.6951927E-02    0.1512154E-01    0.2714474E-02    0.7328916E-03   -0.7494260E-02
   -0.1652475E-04    0.1236054E-02   -0.1207371E-03   -0.4070850E-02    0.1256269E-01    0.5151896E-01   -0.6619344E-02   -0.1547133E-02   -0.1330104E-04    0.4724210E+00    0.6159426E-01   -0.2803296E+01    0.1500066E+02   -0.4232359E+01   -0.1229170E+02   -0.1050955E+02    0.6343794E+01    0.2323999E+00    0.1356789E-01   -0.1919013E+01   -0.1397253E+01   -0.6991630E-03   -0.1165180E-03    0.1921895E-03   -0.4648835E-04    0.1994219E-04    0.1871743E-02   -0.3123785E-02   -0.6452340E-03   -0.4251140E-02   -0.1298276E-02   -0.1432671E-03    0.1715700E-02   -0.1728772E-03    0.1646843E-03
   -0.9687977E-06    0.3048033E-03   -0.1592816E-04    0.2981256E-03   -0.5015921E-02    0.8742114E-02    0.9902548E-03    0.4332436E-03    0.1087843E-03   -0.6540859E+00    0.1017549E-01   -0.2513109E+00    0.4629212E+00   -0.1349212E+00   -0.5430055E+00    0.3438515E+00    0.2323999E+00    0.3161767E+01    0.8105044E+00    0.3055470E+00    0.7418654E+00    0.1545612E-03   -0.1589775E-03   -0.2640427E-03    0.1673079E-03   -0.7541104E-03    0.2130510E-03   -0.4007102E-02    0.1148423E-03   -0.3081889E-02   -0.2417471E-02    0.5597092E-03   -0.1996473E-03    0.4331770E-03   -0.5644788E-04
   -0.3946444E-05    0.1295830E-03   -0.2216510E-04   -0.1202113E-02    0.1059829E-01    0.8389906E-02   -0.2529848E-02   -0.1558281E-03    0.6141719E-04    0.2934778E+00   -0.4196141E-02    0.2912160E-01    0.1254263E+01   -0.8860842E+00   -0.7755056E+00   -0.6922175E+00    0.1356789E-01    0.8105044E+00    0.3243608E+01    0.2490349E+01    0.1491328E+01    0.3041838E-03   -0.7628133E-04   -0.1263600E-03   -0.1794722E-03    0.1558117E-03    0.2042729E-02    0.2756456E-02   -0.1451531E-02   -0.9538711E-02   -0.1714485E-02    0.1388411E-02    0.1610842E-02   -0.4316959E-03   -0.2472640E-03
   -0.2077611E-04   -0.1710328E-04   -0.2300508E-04    0.1066265E-03    0.2025208E-01    0.6179573E-02   -0.9617130E-04   -0.4193589E-03    0.1989084E-03   -0.3894872E+01    0.6126872E-01    0.2334270E+01   -0.1133003E+02    0.4404853E+01    0.3978334E+01    0.1641401E+01   -0.1919013E+01    0.3055470E+00    0.2490349E+01    0.1804683E+02    0.2807943E+02    0.1519841E-03   -0.2094289E-03    0.6048830E-03    0.2012748E-03   -0.1822954E-02    0.7985877E-03   -0.1325507E-02   -0.3483638E-02    0.1469669E-02   -0.2240624E-03   -0.1817350E-02    0.1171764E-01   -0.6940231E-04    0.2359278E-02
   -0.4947339E-05   -0.4155763E-03    0.3318076E-04    0.5245528E-02    0.1215453E-01   -0.2018377E-02    0.1156464E-01    0.1124699E-02    0.1030535E-02   -0.2622866E+02    0.1020367E+00    0.1802188E+01   -0.1707897E+02    0.5468243E+01    0.5631331E+01    0.2307018E+02   -0.1397253E+01    0.7418654E+00    0.1491328E+01    0.2807943E+02    0.6383055E+02    0.2456860E-03   -0.5554156E-03   -0.3620133E-03    0.8137363E-03   -0.3672235E-02   -0.1156044E-02   -0.3702157E-02   -0.6079643E-02    0.2706936E-01   -0.1498057E-02   -0.4616642E-02    0.1049053E-01    0.2534087E-04    0.4332830E-02
    0.1533991E-06   -0.6266875E-06    0.5789640E-07    0.1226663E-04   -0.9733399E-04    0.2038091E-04    0.2423712E-04    0.8868187E-05    0.2307644E-05    0.8178235E-03   -0.1786228E-05    0.5991923E-04   -0.2368132E-02   -0.1184393E-02   -0.1150576E-02   -0.1242551E-02   -0.6991630E-03    0.1545612E-03    0.3041838E-03    0.1519841E-03    0.2456860E-03    0.1240343E-03    0.1177372E-04    0.3755296E-06    0.2344339E-05    0.9631850E-05   -0.3109245E-06   -0.2270028E-04   -0.1393574E-04   -0.4187046E-04   -0.1107018E-04   -0.2577442E-04   -0.2527782E-04   -0.2290050E-06    0.2422160E-06
    0.4597715E-07   -0.2303827E-06    0.4915429E-07    0.4000646E-05   -0.2180067E-04    0.9958117E-05    0.7805958E-05    0.3237289E-05    0.6982081E-06    0.6126876E-03   -0.6960512E-05    0.7802942E-04    0.7117388E-03   -0.1095715E-02   -0.7029695E-03   -0.8406508E-03   -0.1165180E-03   -0.1589775E-03   -0.7628133E-04   -0.2094289E-03   -0.5554156E-03    0.1177372E-04    0.1441950E-04    0.9087457E-06    0.5960801E-05    0.1720427E-05   -0.1826917E-05   -0.4088576E-05   -0.5137864E-05   -0.1171026E-05   -0.6767129E-06   -0.1411133E-05    0.6970475E-05   -0.5422216E-07    0.6004921E-07
   -0.3820535E-07   -0.1828623E-06    0.7498396E-07    0.1218798E-05    0.3319517E-04   -0.1280333E-04    0.1526080E-05   -0.8998060E-07    0.2341056E-06    0.1383606E-02    0.1442644E-03   -0.5439669E-03    0.8090389E-02    0.2794389E-02    0.2472458E-02   -0.1209552E-02    0.1921895E-03   -0.2640427E-03   -0.1263600E-03    0.6048830E-03   -0.3620133E-03    0.3755296E-06    0.9087457E-06    0.2210438E-03   -0.1052172E-05   -0.9298864E-05    0.2490611E-04   -0.6129870E-05   -0.1631454E-04    0.9602694E-05   -0.8955497E-05    0.9363335E-05    0.1292938E-03   -0.3609803E-07    0.5744877E-07
    0.6067222E-07   -0.2456313E-06    0.4729887E-07    0.4434157E-05   -0.2159874E-04    0.1853810E-04    0.8606461E-05    0.3437912E-05    0.7403768E-06    0.2098347E-03    0.2580776E-05   -0.1128046E-03    0.2704032E-02   -0.6245113E-03   -0.7793235E-03   -0.7425787E-03   -0.4648835E-04    0.1673079E-03   -0.1794722E-03    0.2012748E-03    0.8137363E-03    0.2344339E-05    0.5960801E-05   -0.1052172E-05    0.2926814E-04    0.1835158E-05    0.4454056E-05    0.5249834E-05   -0.2937813E-05    0.1873423E-04   -0.4575669E-05    0.5212257E-05   -0.4869860E-06    0.7428449E-07    0.1027434E-06
    0.1368876E-06   -0.1843389E-05    0.1305744E-06    0.4674212E-05    0.6870400E-04    0.1430507E-04    0.7748295E-05    0.3650230E-05    0.9335215E-06    0.4189622E-02   -0.1527821E-03   -0.1136490E-03    0.1107321E-01   -0.2571081E-02   -0.4231245E-02   -0.5416640E-02    0.1994219E-04   -0.7541104E-03    0.1558117E-03   -0.1822954E-02   -0.3672235E-02    0.9631850E-05    0.1720427E-05   -0.9298864E-05    0.1835158E-05    0.4028514E-03    0.2006204E-04    0.3547660E-05   -0.6771989E-05    0.9059043E-04    0.2681435E-05   -0.4791542E-04    0.4443177E-04   -0.3667836E-06    0.1577528E-06
   -0.1738509E-06   -0.5563259E-05    0.7852436E-06   -0.1420186E-04   -0.2491742E-03   -0.2633442E-03   -0.5855430E-04    0.1863272E-05   -0.5900764E-05   -0.3147153E-02   -0.3316532E-04    0.9876376E-03    0.3599084E-01   -0.1324825E-01   -0.6516625E-02   -0.4110780E-02    0.1871743E-02    0.2130510E-03    0.2042729E-02    0.7985877E-03   -0.1156044E-02   -0.3109245E-06   -0.1826917E-05    0.2490611E-04    0.4454056E-05    0.2006204E-04    0.3381855E-02   -0.1353491E-03   -0.3646561E-04   -0.2663488E-03    0.3539928E-05    0.9355843E-04   -0.1387158E-03   -0.1800810E-06   -0.2224646E-05
   -0.3816677E-06    0.6949410E-05    0.6426084E-06   -0.5840401E-05   -0.3063026E-03    0.3787049E-04    0.2520642E-05   -0.5478903E-05    0.2560437E-07   -0.3692739E-02   -0.1199674E-05    0.1087642E-02    0.3051419E-01    0.9164325E-02    0.8622746E-02    0.1200300E-01   -0.3123785E-02   -0.4007102E-02    0.2756456E-02   -0.1325507E-02   -0.3702157E-02   -0.2270028E-04   -0.4088576E-05   -0.6129870E-05    0.5249834E-05    0.3547660E-05   -0.1353491E-03    0.5821889E-02    0.1848285E-02    0.1982939E-02   -0.6646834E-03   -0.2500718E-03    0.4845866E-03    0.1624003E-05   -0.2614924E-05
   -0.1908740E-06    0.3834044E-05   -0.1086312E-06    0.3793809E-05   -0.9697094E-04    0.6057480E-04    0.1735411E-04   -0.3966971E-05    0.5537195E-06   -0.3190581E-03    0.5695356E-04    0.3142831E-03    0.1118324E-01    0.6658143E-02    0.8105731E-02    0.5930992E-02   -0.6452340E-03    0.1148423E-03   -0.1451531E-02   -0.3483638E-02   -0.6079643E-02   -0.1393574E-04   -0.5137864E-05   -0.1631454E-04   -0.2937813E-05   -0.6771989E-05   -0.3646561E-04    0.1848285E-02    0.1229394E-02    0.8785932E-03    0.2027488E-03   -0.7888255E-04    0.7302072E-05    0.3548534E-06   -0.1233760E-05
   -0.1431996E-05   -0.1207101E-04    0.7376463E-06   -0.1101414E-03   -0.7385370E-05   -0.7824387E-03   -0.1922686E-03   -0.4506906E-04    0.8208249E-05   -0.4300221E-02   -0.2774891E-03   -0.1479084E-02    0.2510423E-01    0.3740324E-02   -0.6210634E-02   -0.6033968E-02   -0.4251140E-02   -0.3081889E-02   -0.9538711E-02    0.1469669E-02    0.2706936E-01   -0.4187046E-04   -0.1171026E-05    0.9602694E-05    0.1873423E-04    0.9059043E-04   -0.2663488E-03    0.1982939E-02    0.8785932E-03    0.3344929E-01   -0.6108544E-03    0.1463229E-02    0.1201751E-01    0.5795535E-06    0.4989916E-05
   -0.4937077E-07   -0.1745073E-05   -0.1686703E-06   -0.1946074E-06   -0.3331067E-04   -0.9159544E-04   -0.1519578E-06   -0.3317430E-05    0.1854366E-05    0.5791459E-02    0.9261989E-04    0.2270935E-02   -0.1269783E-02   -0.7014173E-02    0.4372169E-02   -0.6951927E-02   -0.1298276E-02   -0.2417471E-02   -0.1714485E-02   -0.2240624E-03   -0.1498057E-02   -0.1107018E-04   -0.6767129E-06   -0.8955497E-05   -0.4575669E-05    0.2681435E-05    0.3539928E-05   -0.6646834E-03    0.2027488E-03   -0.6108544E-03    0.1371018E-02    0.1057133E-03   -0.6546629E-03    0.2237319E-06    0.1007443E-05
   -0.8430506E-06    0.5057382E-05   -0.7677184E-06   -0.2176815E-04   -0.1114653E-03   -0.3938604E-04   -0.3221073E-04   -0.9802397E-05   -0.5581190E-06   -0.4343089E-02    0.1253749E-03    0.4036384E-02   -0.4716491E-02    0.6752813E-02    0.2430277E-01    0.1512154E-01   -0.1432671E-03    0.5597092E-03    0.1388411E-02   -0.1817350E-02   -0.4616642E-02   -0.2577442E-04   -0.1411133E-05    0.9363335E-05    0.5212257E-05   -0.4791542E-04    0.9355843E-04   -0.2500718E-03   -0.7888255E-04    0.1463229E-02    0.1057133E-03    0.4925774E-02    0.3873647E-02   -0.8534809E-06   -0.1880459E-05
   -0.2073329E-05   -0.1155087E-05   -0.3145181E-06   -0.1780758E-03    0.1553642E-03   -0.5784245E-03   -0.3203984E-03   -0.5407175E-04    0.1137237E-04    0.6011138E-03    0.4529964E-03    0.6095872E-02   -0.1786535E-01    0.3235503E-01    0.4284168E-01    0.2714474E-02    0.1715700E-02   -0.1996473E-03    0.1610842E-02    0.1171764E-01    0.1049053E-01   -0.2527782E-04    0.6970475E-05    0.1292938E-03   -0.4869860E-06    0.4443177E-04   -0.1387158E-03    0.4845866E-03    0.7302072E-05    0.1201751E-01   -0.6546629E-03    0.3873647E-02    0.3665696E-01    0.3112729E-06   -0.2501278E-05
    0.5461644E-09    0.2524647E-07    0.1356561E-07    0.5114814E-06   -0.6906410E-05   -0.3211899E-05    0.1125554E-05   -0.2462621E-06   -0.3690853E-07   -0.2314188E-03    0.6404525E-05    0.2073311E-03    0.4114668E-02    0.1403422E-03    0.7786326E-03    0.7328916E-03   -0.1728772E-03    0.4331770E-03   -0.4316959E-03   -0.6940231E-04    0.2534087E-04   -0.2290050E-06   -0.5422216E-07   -0.3609803E-07    0.7428449E-07   -0.3667836E-06   -0.1800810E-06    0.1624003E-05    0.3548534E-06    0.5795535E-06    0.2237319E-06   -0.8534809E-06    0.3112729E-06    0.5278684E-06    0.2992601E-07
   -0.4735747E-08    0.1455906E-06   -0.3025374E-07   -0.6674323E-06    0.1104161E-04    0.1181126E-04   -0.9479458E-06    0.2605395E-07    0.5030323E-07    0.4311938E-02   -0.2563017E-04   -0.4214100E-03    0.6026115E-02    0.3218889E-03   -0.2698306E-02   -0.7494260E-02    0.1646843E-03   -0.5644788E-04   -0.2472640E-03    0.2359278E-02    0.4332830E-02    0.2422160E-06    0.6004921E-07    0.5744877E-07    0.1027434E-06    0.1577528E-06   -0.2224646E-05   -0.2614924E-05   -0.1233760E-05    0.4989916E-05    0.1007443E-05   -0.1880459E-05   -0.2501278E-05    0.2992601E-07    0.2052940E-05
