# omegabh2 omegach2 theta tau w wa ns logA aps100 aps143 aps217 acib143 acib217 asz143 psr cibr ncib cal0 cal2 xi aksz bm_1_1 bm_1_2 bm_1_3 bm_1_4 bm_1_5 bm_2_1 bm_2_2 bm_2_3 bm_2_4 bm_2_5 bm_3_1 bm_3_2 bm_3_3 bm_3_4 bm_3_5 bm_4_1 bm_4_2 bm_4_3 bm_4_4 bm_4_5
    0.79276E-07   -0.41397E-06    0.77574E-07    0.10497E-05    0.80854E-05   -0.15991E-04    0.12464E-05    0.13082E-05   -0.16523E-02   -0.68403E-03   -0.12634E-03   -0.16172E-03   -0.25000E-03    0.40653E-04   -0.49941E-06   -0.25054E-05   -0.30738E-05    0.21160E-09   -0.76406E-08    0.13682E-05   -0.42639E-04   -0.12364E-04   -0.74702E-05   -0.86772E-06    0.41562E-05   -0.21317E-05    0.39283E-05   -0.14091E-05    0.95901E-06   -0.29465E-05    0.96673E-05   -0.46300E-06    0.20924E-05    0.16140E-06    0.31199E-05   -0.16666E-05    0.43065E-05   -0.48883E-05    0.54473E-05   -0.56743E-05    0.48238E-05
   -0.41397E-06    0.68361E-05   -0.70541E-06   -0.10403E-04   -0.10723E-03    0.14640E-03   -0.15709E-04   -0.45122E-05    0.52486E-02    0.37845E-02    0.19550E-02    0.22447E-03    0.70018E-03   -0.22126E-03    0.98132E-05   -0.27641E-05    0.17220E-04   -0.10378E-07    0.80604E-07    0.37212E-05   -0.52169E-04    0.16107E-03   -0.22924E-04    0.93339E-05   -0.24251E-04   -0.97327E-05    0.48730E-04    0.10723E-04   -0.46812E-05   -0.21448E-05   -0.56400E-04    0.26388E-04   -0.18565E-04    0.16076E-04   -0.33146E-04   -0.75131E-04    0.44908E-04    0.33406E-04   -0.10837E-04    0.21080E-04   -0.81958E-06
    0.77574E-07   -0.70541E-06    0.38699E-06    0.15287E-05    0.10049E-04   -0.82956E-05    0.21567E-05    0.16938E-05   -0.14481E-04   -0.53892E-03   -0.35014E-03   -0.82293E-04   -0.88197E-04    0.29822E-04   -0.18670E-05    0.22999E-05   -0.22407E-05   -0.26705E-08   -0.26368E-08   -0.32275E-05    0.15364E-04    0.94414E-06    0.42952E-06   -0.46973E-05    0.48469E-05    0.82310E-06   -0.10816E-04   -0.13726E-04   -0.29619E-05   -0.11195E-04    0.54166E-05   -0.21159E-05    0.36828E-05    0.74857E-05   -0.36973E-05    0.32029E-05   -0.67606E-05   -0.90399E-05   -0.11198E-04   -0.45942E-05   -0.76165E-05
    0.10497E-05   -0.10403E-04    0.15287E-05    0.16932E-03    0.15641E-03   -0.79849E-04    0.36510E-04    0.31526E-03   -0.64419E-01   -0.10986E-01    0.12492E-03   -0.49645E-02   -0.57461E-02    0.51808E-04    0.33593E-04   -0.16745E-03    0.33633E-05   -0.10806E-06   -0.91863E-07    0.31773E-04   -0.19829E-02   -0.20819E-03   -0.21416E-05   -0.18878E-03   -0.19061E-03    0.14860E-03    0.18858E-03    0.21962E-03   -0.60354E-04   -0.14845E-03    0.29062E-03   -0.19250E-03    0.17085E-03   -0.11047E-03    0.76435E-04    0.10031E-03    0.59762E-04   -0.10198E-03    0.25644E-03   -0.30569E-04   -0.58422E-04
    0.80854E-05   -0.10723E-03    0.10049E-04    0.15641E-03    0.39840E-01   -0.14174E+00    0.24201E-03    0.80059E-04   -0.26900E+00   -0.79274E-01    0.11671E-01   -0.17295E-01   -0.38246E-01   -0.45227E-02    0.45624E-04   -0.13211E-02   -0.27349E-04    0.53916E-06   -0.79370E-05    0.32022E-03   -0.63960E-02   -0.51884E-02    0.24072E-02   -0.37074E-02    0.58518E-03    0.37585E-02   -0.41483E-03    0.28231E-02   -0.45848E-03   -0.14661E-02    0.37825E-02   -0.15061E-02   -0.21379E-02    0.18113E-02    0.39840E-02    0.24881E-02   -0.67998E-03   -0.23157E-02    0.47373E-02   -0.62267E-03   -0.23358E-02
   -0.15991E-04    0.14640E-03   -0.82956E-05   -0.79849E-04   -0.14174E+00    0.63209E+00   -0.27027E-03    0.11148E-03    0.47913E+00    0.12495E+00   -0.14891E+00    0.27794E-01    0.12383E+00    0.43344E-01   -0.66092E-04    0.79238E-02   -0.10237E-02   -0.93040E-06    0.39380E-04   -0.61727E-03    0.31831E-01    0.17787E-01   -0.14661E-01    0.14189E-01    0.10804E-03   -0.12864E-01    0.48528E-02   -0.12277E-01    0.11684E-02    0.61854E-02   -0.17347E-01    0.84757E-02    0.96954E-02   -0.58716E-02   -0.11653E-01   -0.31959E-02    0.64930E-02    0.11033E-01   -0.20336E-01    0.55759E-02    0.11071E-01
    0.12464E-05   -0.15709E-04    0.21567E-05    0.36510E-04    0.24201E-03   -0.27027E-03    0.57504E-04    0.36636E-04   -0.78533E-01   -0.43275E-02    0.11867E-01   -0.99050E-02   -0.11049E-01    0.17684E-03    0.30109E-04   -0.23672E-03   -0.50653E-04   -0.12815E-07   -0.17434E-06    0.47235E-04   -0.30170E-02    0.60404E-04    0.17697E-04   -0.82244E-04    0.11551E-03   -0.14535E-04    0.22605E-03   -0.36998E-04   -0.93215E-04   -0.65055E-04    0.16448E-03   -0.13162E-03    0.10832E-03   -0.15537E-03    0.19348E-03    0.99262E-04    0.12827E-03   -0.77516E-04    0.45692E-04   -0.83152E-05    0.74747E-04
    0.13082E-05   -0.45122E-05    0.16938E-05    0.31526E-03    0.80059E-04    0.11148E-03    0.36636E-04    0.63084E-03   -0.14390E+00   -0.49321E-02    0.15521E-01   -0.14859E-01   -0.14290E-01   -0.15987E-02    0.12795E-03   -0.52463E-03    0.85278E-04   -0.16017E-06    0.28139E-06    0.11820E-03   -0.58583E-02    0.71516E-03    0.19991E-03   -0.35107E-03   -0.37644E-03    0.23757E-03    0.84349E-03    0.53541E-03   -0.17087E-03   -0.36509E-03    0.39498E-03   -0.33268E-03    0.38049E-03   -0.17275E-03    0.28988E-04   -0.19539E-04    0.47298E-03   -0.12811E-04    0.55765E-03    0.55037E-04   -0.14636E-03
   -0.16523E-02    0.52486E-02   -0.14481E-04   -0.64419E-01   -0.26900E+00    0.47913E+00   -0.78533E-01   -0.14390E+00    0.27747E+04    0.46711E+02   -0.15171E+03    0.12501E+03    0.10856E+03   -0.73630E+02   -0.11173E+01   -0.11036E+00    0.12658E+01    0.63224E-03   -0.24463E-02   -0.51495E+00   -0.19997E+02    0.90302E+01   -0.10786E+02    0.55291E+00    0.29516E+00    0.56453E+00   -0.14103E+01   -0.37152E+01   -0.39636E+00    0.22956E+00   -0.16256E+01    0.15419E+01   -0.47934E+00    0.63637E+00   -0.12616E+01   -0.28327E+01    0.20429E+00   -0.70839E+00   -0.23680E+01    0.10205E+00    0.22925E+01
   -0.68403E-03    0.37845E-02   -0.53892E-03   -0.10986E-01   -0.79274E-01    0.12495E+00   -0.43275E-02   -0.49321E-02    0.46711E+02    0.19201E+03    0.63600E+02   -0.35649E+02   -0.13024E+02   -0.88009E+01   -0.26009E+00   -0.20276E+00   -0.15930E+00    0.13531E-03    0.33981E-02    0.11302E+01   -0.13973E+02    0.13389E+01    0.64742E+00    0.30268E-01    0.24444E+00   -0.29606E+00   -0.18005E+01   -0.51751E+00   -0.40220E+00    0.75812E-02   -0.33393E+00    0.10759E+01   -0.40994E-01    0.13173E+00   -0.33426E+00    0.90852E-02   -0.51797E+00   -0.56549E+00   -0.40924E+00    0.56760E+00   -0.19529E+00
   -0.12634E-03    0.19550E-02   -0.35014E-03    0.12492E-03    0.11671E-01   -0.14891E+00    0.11867E-01    0.15521E-01   -0.15171E+03    0.63600E+02    0.20566E+03   -0.34586E+02   -0.70853E+02    0.31821E+01   -0.40608E-01   -0.94065E+00   -0.98882E+00    0.11796E-03   -0.38707E-02    0.32131E+00   -0.11471E+02    0.17910E+01    0.94678E+00   -0.37685E+00    0.25096E+00    0.68226E-01    0.12470E+01    0.59828E+00   -0.54263E+00   -0.32672E+00    0.27320E+00   -0.11471E+01    0.77861E+00   -0.45133E+00    0.55072E+00    0.37176E+00    0.23549E+00    0.10918E+00    0.41987E+00    0.40952E+00   -0.43644E+00
   -0.16172E-03    0.22447E-03   -0.82293E-04   -0.49645E-02   -0.17295E-01    0.27794E-01   -0.99050E-02   -0.14859E-01    0.12501E+03   -0.35649E+02   -0.34586E+02    0.26803E+02    0.18202E+02   -0.24573E+01    0.12292E-01    0.15254E+00    0.22285E+00   -0.10303E-03   -0.12338E-02    0.33182E-01   -0.56331E+00   -0.10813E+01   -0.64675E+00    0.14450E-01   -0.55842E-01    0.20046E+00    0.72097E+00    0.18738E+00    0.14508E+00    0.18316E+00    0.22292E-01   -0.29117E+00   -0.11621E+00   -0.38134E-01    0.54358E-02   -0.29933E-01    0.27918E+00    0.29118E+00    0.11226E-01   -0.15742E+00    0.20947E+00
   -0.25000E-03    0.70018E-03   -0.88197E-04   -0.57461E-02   -0.38246E-01    0.12383E+00   -0.11049E-01   -0.14290E-01    0.10856E+03   -0.13024E+02   -0.70853E+02    0.18202E+02    0.33433E+02   -0.21281E+01    0.65667E-01    0.35268E+00    0.51329E+00   -0.48514E-04    0.15677E-02   -0.17629E+00   -0.90778E+00   -0.70918E+00   -0.52061E+00    0.11763E+00   -0.12846E+00    0.14142E-01   -0.44581E+00   -0.18168E+00    0.15382E+00    0.29504E+00   -0.24638E+00    0.42134E+00   -0.48223E+00    0.15096E+00   -0.35398E+00   -0.24635E+00   -0.92029E-01   -0.18301E-01   -0.20589E+00   -0.63455E-01    0.28498E+00
    0.40653E-04   -0.22126E-03    0.29822E-04    0.51808E-04   -0.45227E-02    0.43344E-01    0.17684E-03   -0.15987E-02   -0.73630E+02   -0.88009E+01    0.31821E+01   -0.24573E+01   -0.21281E+01    0.77027E+01    0.52257E-01    0.27529E+00   -0.13399E+00    0.16882E-04   -0.44321E-04   -0.14021E-01    0.17624E+00    0.18345E+00    0.82919E-01   -0.17466E-01   -0.51701E-01   -0.23140E-01   -0.58791E-01    0.23943E-02   -0.37762E-01   -0.82057E-01    0.27147E-01   -0.47174E-01   -0.67363E-02   -0.21818E-01   -0.34379E-01   -0.39647E-01   -0.48506E-01   -0.90997E-01    0.20139E-01   -0.34870E-01   -0.29356E-01
   -0.49941E-06    0.98132E-05   -0.18670E-05    0.33593E-04    0.45624E-04   -0.66092E-04    0.30109E-04    0.12795E-03   -0.11173E+01   -0.26009E+00   -0.40608E-01    0.12292E-01    0.65667E-01    0.52257E-01    0.79512E-02   -0.62780E-02    0.76575E-02    0.35254E-06   -0.23974E-04    0.39420E-02   -0.10657E-01    0.10322E-01    0.44123E-02   -0.86227E-04   -0.19172E-02   -0.53288E-04    0.75136E-02   -0.11644E-02    0.90119E-04   -0.12368E-02   -0.11567E-02   -0.10535E-01   -0.16746E-02   -0.83982E-03   -0.27441E-02   -0.27766E-02   -0.10512E-02   -0.94662E-04   -0.36130E-02   -0.49154E-02   -0.58865E-03
   -0.25054E-05   -0.27641E-05    0.22999E-05   -0.16745E-03   -0.13211E-02    0.79238E-02   -0.23672E-03   -0.52463E-03   -0.11036E+00   -0.20276E+00   -0.94065E+00    0.15254E+00    0.35268E+00    0.27529E+00   -0.62780E-02    0.48287E-01   -0.12886E-01   -0.12973E-06    0.94119E-04   -0.68817E-04   -0.93495E-02   -0.15401E-01   -0.78702E-02    0.66275E-03    0.14730E-02   -0.67091E-02   -0.26432E-01   -0.81428E-02   -0.21647E-02   -0.16410E-02    0.10725E-02    0.30856E-01   -0.93201E-04    0.12798E-02    0.33350E-02   -0.16785E-02    0.29357E-02   -0.82129E-02   -0.64470E-03    0.31986E-02   -0.32663E-02
   -0.30738E-05    0.17220E-04   -0.22407E-05    0.33633E-05   -0.27349E-04   -0.10237E-02   -0.50653E-04    0.85278E-04    0.12658E+01   -0.15930E+00   -0.98882E+00    0.22285E+00    0.51329E+00   -0.13399E+00    0.76575E-02   -0.12886E-01    0.21411E-01   -0.19380E-06   -0.20805E-04   -0.19763E-02   -0.84748E-02    0.62809E-02   -0.71199E-02   -0.25116E-03   -0.57904E-02   -0.25537E-02    0.53010E-02    0.13862E-02   -0.21322E-02    0.12073E-01   -0.12337E-01   -0.13564E-01   -0.19277E-01    0.68086E-03   -0.14575E-01   -0.11200E-01   -0.62306E-02    0.48505E-03   -0.36527E-02    0.28501E-02    0.13592E-01
    0.21160E-09   -0.10378E-07   -0.26705E-08   -0.10806E-06    0.53916E-06   -0.93040E-06   -0.12815E-07   -0.16017E-06    0.63224E-03    0.13531E-03    0.11796E-03   -0.10303E-03   -0.48514E-04    0.16882E-04    0.35254E-06   -0.12973E-06   -0.19380E-06    0.15414E-06    0.16937E-07   -0.15134E-05   -0.72828E-05   -0.26970E-04   -0.79063E-05   -0.68146E-05    0.82079E-06   -0.41003E-05    0.10947E-04    0.33739E-05   -0.65341E-06    0.53062E-05    0.86931E-05    0.62422E-05   -0.42688E-05   -0.50053E-05    0.58235E-06   -0.94370E-06    0.13377E-04   -0.91294E-06    0.28865E-05   -0.15946E-05    0.66579E-05
   -0.76406E-08    0.80604E-07   -0.26368E-08   -0.91863E-07   -0.79370E-05    0.39380E-04   -0.17434E-06    0.28139E-06   -0.24463E-02    0.33981E-02   -0.38707E-02   -0.12338E-02    0.15677E-02   -0.44321E-04   -0.23974E-04    0.94119E-04   -0.20805E-04    0.16937E-07    0.16879E-05   -0.37928E-05   -0.91019E-04    0.79144E-04    0.49418E-04    0.30537E-04    0.78461E-05   -0.20773E-04    0.20697E-03    0.16982E-04    0.12305E-04    0.25973E-04    0.25906E-04   -0.21190E-03   -0.14179E-04   -0.28101E-04   -0.11058E-04   -0.23704E-05    0.84936E-05    0.38450E-04   -0.22937E-04   -0.29136E-04    0.26397E-04
    0.13682E-05    0.37212E-05   -0.32275E-05    0.31773E-04    0.32022E-03   -0.61727E-03    0.47235E-04    0.11820E-03   -0.51495E+00    0.11302E+01    0.32131E+00    0.33182E-01   -0.17629E+00   -0.14021E-01    0.39420E-02   -0.68817E-04   -0.19763E-02   -0.15134E-05   -0.37928E-05    0.82157E-01    0.11439E-01    0.63120E-02    0.50956E-03    0.18823E-02    0.41181E-02    0.60486E-02   -0.11735E-04    0.25643E-02    0.38678E-02    0.18838E-02    0.19597E-02   -0.20982E-02    0.12930E-03    0.39119E-02   -0.30672E-02   -0.47310E-02   -0.29315E-02    0.33844E-02    0.16792E-02   -0.72192E-03    0.25099E-02
   -0.42639E-04   -0.52169E-04    0.15364E-04   -0.19829E-02   -0.63960E-02    0.31831E-01   -0.30170E-02   -0.58583E-02   -0.19997E+02   -0.13973E+02   -0.11471E+02   -0.56331E+00   -0.90778E+00    0.17624E+00   -0.10657E-01   -0.93495E-02   -0.84748E-02   -0.72828E-05   -0.91019E-04    0.11439E-01    0.80808E+01   -0.57224E-01    0.57228E-01   -0.27055E-02   -0.20392E-01   -0.20996E-01   -0.11961E-01    0.38992E-01    0.11332E-01   -0.63297E-02   -0.91331E-02   -0.13686E-01   -0.16551E-01    0.12295E-01   -0.20189E-01   -0.50196E-02   -0.25832E-01    0.15073E-01    0.42520E-01   -0.14444E-02   -0.37617E-01
   -0.12364E-04    0.16107E-03    0.94414E-06   -0.20819E-03   -0.51884E-02    0.17787E-01    0.60404E-04    0.71516E-03    0.90302E+01    0.13389E+01    0.17910E+01   -0.10813E+01   -0.70918E+00    0.18345E+00    0.10322E-01   -0.15401E-01    0.62809E-02   -0.26970E-04    0.79144E-04    0.63120E-02   -0.57224E-01    0.72475E+00   -0.11373E+00    0.17015E-02    0.14933E-01   -0.13350E-01    0.17060E+00   -0.50448E-01   -0.59639E-01   -0.39975E-01   -0.75399E-01    0.16374E-01    0.46988E-01   -0.24949E-01   -0.56610E-01   -0.11927E+00    0.14980E+00    0.22558E-01   -0.17238E-01    0.40814E-01    0.53358E-01
   -0.74702E-05   -0.22924E-04    0.42952E-06   -0.21416E-05    0.24072E-02   -0.14661E-01    0.17697E-04    0.19991E-03   -0.10786E+02    0.64742E+00    0.94678E+00   -0.64675E+00   -0.52061E+00    0.82919E-01    0.44123E-02   -0.78702E-02   -0.71199E-02   -0.79063E-05    0.49418E-04    0.50956E-03    0.57228E-01   -0.11373E+00    0.91143E+00   -0.98037E-03    0.71414E-02   -0.12426E-01   -0.14314E+00    0.15839E+00    0.65039E-01   -0.14488E-01    0.46780E-01   -0.12553E+00    0.15293E-01    0.25058E-01    0.27106E-01    0.15697E+00   -0.21954E+00    0.33371E-01    0.89660E-01   -0.47443E-02   -0.20086E+00
   -0.86772E-06    0.93339E-05   -0.46973E-05   -0.18878E-03   -0.37074E-02    0.14189E-01   -0.82244E-04   -0.35107E-03    0.55291E+00    0.30268E-01   -0.37685E+00    0.14450E-01    0.11763E+00   -0.17466E-01   -0.86227E-04    0.66275E-03   -0.25116E-03   -0.68146E-05    0.30537E-04    0.18823E-02   -0.27055E-02    0.17015E-02   -0.98037E-03    0.99222E+00   -0.15666E-01    0.46725E-02   -0.55182E-01   -0.36390E-01    0.14050E+00   -0.23537E-01    0.63666E-01   -0.11988E-01    0.97173E-02   -0.21138E-01   -0.29724E-01    0.10313E+00   -0.60394E-01    0.95772E-02   -0.89658E-03   -0.16768E+00    0.62972E-01
    0.41562E-05   -0.24251E-04    0.48469E-05   -0.19061E-03    0.58518E-03    0.10804E-03    0.11551E-03   -0.37644E-03    0.29516E+00    0.24444E+00    0.25096E+00   -0.55842E-01   -0.12846E+00   -0.51701E-01   -0.19172E-02    0.14730E-02   -0.57904E-02    0.82079E-06    0.78461E-05    0.41181E-02   -0.20392E-01    0.14933E-01    0.71414E-02   -0.15666E-01    0.10245E+01    0.18438E-01    0.81374E-01   -0.76555E-01    0.58349E-01   -0.10300E+00    0.63924E-01    0.78292E-01    0.13004E+00    0.63502E-01    0.13908E+00   -0.99775E-01    0.11704E+00    0.34382E-01    0.14453E-01   -0.10635E+00    0.43471E-01
   -0.21317E-05   -0.97327E-05    0.82310E-06    0.14860E-03    0.37585E-02   -0.12864E-01   -0.14535E-04    0.23757E-03    0.56453E+00   -0.29606E+00    0.68226E-01    0.20046E+00    0.14142E-01   -0.23140E-01   -0.53288E-04   -0.67091E-02   -0.25537E-02   -0.41003E-05   -0.20773E-04    0.60486E-02   -0.20996E-01   -0.13350E-01   -0.12426E-01    0.46725E-02    0.18438E-01    0.99230E+00    0.41511E-01    0.37788E-01   -0.10490E-01    0.29500E-01    0.93635E-01    0.71122E-01   -0.74607E-01   -0.62941E-01    0.42702E-01    0.63260E-01    0.98098E-01   -0.62043E-01    0.91879E-01   -0.50447E-01   -0.47618E-02
    0.39283E-05    0.48730E-04   -0.10816E-04    0.18858E-03   -0.41483E-03    0.48528E-02    0.22605E-03    0.84349E-03   -0.14103E+01   -0.18005E+01    0.12470E+01    0.72097E+00   -0.44581E+00   -0.58791E-01    0.75136E-02   -0.26432E-01    0.53010E-02    0.10947E-04    0.20697E-03   -0.11735E-04   -0.11961E-01    0.17060E+00   -0.14314E+00   -0.55182E-01    0.81374E-01    0.41511E-01    0.86364E+00   -0.28501E-02    0.22973E-02   -0.21939E-01    0.19287E-02    0.30778E-01    0.11507E+00   -0.79267E-01    0.38490E-01   -0.68279E-01    0.65702E+00    0.24337E+00   -0.28195E-01   -0.53672E-01    0.81882E-01
   -0.14091E-05    0.10723E-04   -0.13726E-04    0.21962E-03    0.28231E-02   -0.12277E-01   -0.36998E-04    0.53541E-03   -0.37152E+01   -0.51751E+00    0.59828E+00    0.18738E+00   -0.18168E+00    0.23943E-02   -0.11644E-02   -0.81428E-02    0.13862E-02    0.33739E-05    0.16982E-04    0.25643E-02    0.38992E-01   -0.50448E-01    0.15839E+00   -0.36390E-01   -0.76555E-01    0.37788E-01   -0.28501E-02    0.96529E+00    0.14808E-01    0.74146E-03   -0.85653E-02    0.42186E-01   -0.25527E-02   -0.72339E-01   -0.11119E-01    0.14511E+00   -0.79262E-01    0.26747E+00    0.74120E+00    0.28317E+00   -0.19139E+00
    0.95901E-06   -0.46812E-05   -0.29619E-05   -0.60354E-04   -0.45848E-03    0.11684E-02   -0.93215E-04   -0.17087E-03   -0.39636E+00   -0.40220E+00   -0.54263E+00    0.14508E+00    0.15382E+00   -0.37762E-01    0.90119E-04   -0.21647E-02   -0.21322E-02   -0.65341E-06    0.12305E-04    0.38678E-02    0.11332E-01   -0.59639E-01    0.65039E-01    0.14050E+00    0.58349E-01   -0.10490E-01    0.22973E-02    0.14808E-01    0.98174E+00    0.18527E-01    0.31734E-02    0.76435E-01   -0.63694E-01    0.14838E+00    0.14984E+00   -0.13258E+00   -0.19197E+00    0.62657E+00    0.15069E+00   -0.59812E+00    0.18770E+00
   -0.29465E-05   -0.21448E-05   -0.11195E-04   -0.14845E-03   -0.14661E-02    0.61854E-02   -0.65055E-04   -0.36509E-03    0.22956E+00    0.75812E-02   -0.32672E+00    0.18316E+00    0.29504E+00   -0.82057E-01   -0.12368E-02   -0.16410E-02    0.12073E-01    0.53062E-05    0.25973E-04    0.18838E-02   -0.63297E-02   -0.39975E-01   -0.14488E-01   -0.23537E-01   -0.10300E+00    0.29500E-01   -0.21939E-01    0.74146E-03    0.18527E-01    0.98434E+00   -0.13971E-01   -0.26036E-01   -0.94951E-01   -0.14757E+00   -0.20024E-01   -0.98263E-01   -0.93808E-01    0.94240E-01   -0.50423E-01    0.29531E+00    0.67485E+00
    0.96673E-05   -0.56400E-04    0.54166E-05    0.29062E-03    0.37825E-02   -0.17347E-01    0.16448E-03    0.39498E-03   -0.16256E+01   -0.33393E+00    0.27320E+00    0.22292E-01   -0.24638E+00    0.27147E-01   -0.11567E-02    0.10725E-02   -0.12337E-01    0.86931E-05    0.25906E-04    0.19597E-02   -0.91331E-02   -0.75399E-01    0.46780E-01    0.63666E-01    0.63924E-01    0.93635E-01    0.19287E-02   -0.85653E-02    0.31734E-02   -0.13971E-01    0.99477E+00   -0.48305E-01    0.89604E-01    0.48269E-01    0.14736E+00    0.22537E-01    0.13542E+00   -0.55692E+00    0.39290E+00   -0.34874E+00    0.21577E+00
   -0.46300E-06    0.26388E-04   -0.21159E-05   -0.19250E-03   -0.15061E-02    0.84757E-02   -0.13162E-03   -0.33268E-03    0.15419E+01    0.10759E+01   -0.11471E+01   -0.29117E+00    0.42134E+00   -0.47174E-01   -0.10535E-01    0.30856E-01   -0.13564E-01    0.62422E-05   -0.21190E-03   -0.20982E-02   -0.13686E-01    0.16374E-01   -0.12553E+00   -0.11988E-01    0.78292E-01    0.71122E-01    0.30778E-01    0.42186E-01    0.76435E-01   -0.26036E-01   -0.48305E-01    0.90362E+00   -0.49341E-02   -0.21714E-01    0.13900E-01   -0.24293E-01    0.59901E+00    0.15990E+00    0.12266E+00    0.37697E-01   -0.90401E-01
    0.20924E-05   -0.18565E-04    0.36828E-05    0.17085E-03   -0.21379E-02    0.96954E-02    0.10832E-03    0.38049E-03   -0.47934E+00   -0.40994E-01    0.77861E+00   -0.11621E+00   -0.48223E+00   -0.67363E-02   -0.16746E-02   -0.93201E-04   -0.19277E-01   -0.42688E-05   -0.14179E-04    0.12930E-03   -0.16551E-01    0.46988E-01    0.15293E-01    0.97173E-02    0.13004E+00   -0.74607E-01    0.11507E+00   -0.25527E-02   -0.63694E-01   -0.94951E-01    0.89604E-01   -0.49341E-02    0.97469E+00   -0.42381E-03   -0.96905E-02   -0.78352E-02    0.94575E-01    0.13846E+00    0.10547E-01    0.15117E+00    0.15072E+00
    0.16140E-06    0.16076E-04    0.74857E-05   -0.11047E-03    0.18113E-02   -0.58716E-02   -0.15537E-03   -0.17275E-03    0.63637E+00    0.13173E+00   -0.45133E+00   -0.38134E-01    0.15096E+00   -0.21818E-01   -0.83982E-03    0.12798E-02    0.68086E-03   -0.50053E-05   -0.28101E-04    0.39119E-02    0.12295E-01   -0.24949E-01    0.25058E-01   -0.21138E-01    0.63502E-01   -0.62941E-01   -0.79267E-01   -0.72339E-01    0.14838E+00   -0.14757E+00    0.48269E-01   -0.21714E-01   -0.42381E-03    0.99670E+00   -0.50459E-02   -0.94686E-02   -0.11044E+00    0.41666E-01    0.15256E+00    0.11095E-01   -0.53551E-01
    0.31199E-05   -0.33146E-04   -0.36973E-05    0.76435E-04    0.39840E-02   -0.11653E-01    0.19348E-03    0.28988E-04   -0.12616E+01   -0.33426E+00    0.55072E+00    0.54358E-02   -0.35398E+00   -0.34379E-01   -0.27441E-02    0.33350E-02   -0.14575E-01    0.58235E-06   -0.11058E-04   -0.30672E-02   -0.20189E-01   -0.56610E-01    0.27106E-01   -0.29724E-01    0.13908E+00    0.42702E-01    0.38490E-01   -0.11119E-01    0.14984E+00   -0.20024E-01    0.14736E+00    0.13900E-01   -0.96905E-02   -0.50459E-02    0.99381E+00    0.27662E-02    0.19900E-01    0.39639E-01    0.12715E+00   -0.25704E+00    0.11726E+00
   -0.16666E-05   -0.75131E-04    0.32029E-05    0.10031E-03    0.24881E-02   -0.31959E-02    0.99262E-04   -0.19539E-04   -0.28327E+01    0.90852E-02    0.37176E+00   -0.29933E-01   -0.24635E+00   -0.39647E-01   -0.27766E-02   -0.16785E-02   -0.11200E-01   -0.94370E-06   -0.23704E-05   -0.47310E-02   -0.50196E-02   -0.11927E+00    0.15697E+00    0.10313E+00   -0.99775E-01    0.63260E-01   -0.68279E-01    0.14511E+00   -0.13258E+00   -0.98263E-01    0.22537E-01   -0.24293E-01   -0.78352E-02   -0.94686E-02    0.27662E-02    0.10160E+01   -0.56505E-01   -0.58061E-01    0.23348E-01    0.17055E+00   -0.10487E+00
    0.43065E-05    0.44908E-04   -0.67606E-05    0.59762E-04   -0.67998E-03    0.64930E-02    0.12827E-03    0.47298E-03    0.20429E+00   -0.51797E+00    0.23549E+00    0.27918E+00   -0.92029E-01   -0.48506E-01   -0.10512E-02    0.29357E-02   -0.62306E-02    0.13377E-04    0.84936E-05   -0.29315E-02   -0.25832E-01    0.14980E+00   -0.21954E+00   -0.60394E-01    0.11704E+00    0.98098E-01    0.65702E+00   -0.79262E-01   -0.19197E+00   -0.93808E-01    0.13542E+00    0.59901E+00    0.94575E-01   -0.11044E+00    0.19900E-01   -0.56505E-01    0.97886E+00   -0.23836E-01    0.25552E-01   -0.10036E-01   -0.23761E-01
   -0.48883E-05    0.33406E-04   -0.90399E-05   -0.10198E-03   -0.23157E-02    0.11033E-01   -0.77516E-04   -0.12811E-04   -0.70839E+00   -0.56549E+00    0.10918E+00    0.29118E+00   -0.18301E-01   -0.90997E-01   -0.94662E-04   -0.82129E-02    0.48505E-03   -0.91294E-06    0.38450E-04    0.33844E-02    0.15073E-01    0.22558E-01    0.33371E-01    0.95772E-02    0.34382E-01   -0.62043E-01    0.24337E+00    0.26747E+00    0.62657E+00    0.94240E-01   -0.55692E+00    0.15990E+00    0.13846E+00    0.41666E-01    0.39639E-01   -0.58061E-01   -0.23836E-01    0.98451E+00    0.12636E-01    0.15219E-01    0.29685E-02
    0.54473E-05   -0.10837E-04   -0.11198E-04    0.25644E-03    0.47373E-02   -0.20336E-01    0.45692E-04    0.55765E-03   -0.23680E+01   -0.40924E+00    0.41987E+00    0.11226E-01   -0.20589E+00    0.20139E-01   -0.36130E-02   -0.64470E-03   -0.36527E-02    0.28865E-05   -0.22937E-04    0.16792E-02    0.42520E-01   -0.17238E-01    0.89660E-01   -0.89658E-03    0.14453E-01    0.91879E-01   -0.28195E-01    0.74120E+00    0.15069E+00   -0.50423E-01    0.39290E+00    0.12266E+00    0.10547E-01    0.15256E+00    0.12715E+00    0.23348E-01    0.25552E-01    0.12636E-01    0.96668E+00   -0.21727E-01    0.44360E-02
   -0.56743E-05    0.21080E-04   -0.45942E-05   -0.30569E-04   -0.62267E-03    0.55759E-02   -0.83152E-05    0.55037E-04    0.10205E+00    0.56760E+00    0.40952E+00   -0.15742E+00   -0.63455E-01   -0.34870E-01   -0.49154E-02    0.31986E-02    0.28501E-02   -0.15946E-05   -0.29136E-04   -0.72192E-03   -0.14444E-02    0.40814E-01   -0.47443E-02   -0.16768E+00   -0.10635E+00   -0.50447E-01   -0.53672E-01    0.28317E+00   -0.59812E+00    0.29531E+00   -0.34874E+00    0.37697E-01    0.15117E+00    0.11095E-01   -0.25704E+00    0.17055E+00   -0.10036E-01    0.15219E-01   -0.21727E-01    0.96360E+00   -0.21261E-03
    0.48238E-05   -0.81958E-06   -0.76165E-05   -0.58422E-04   -0.23358E-02    0.11071E-01    0.74747E-04   -0.14636E-03    0.22925E+01   -0.19529E+00   -0.43644E+00    0.20947E+00    0.28498E+00   -0.29356E-01   -0.58865E-03   -0.32663E-02    0.13592E-01    0.66579E-05    0.26397E-04    0.25099E-02   -0.37617E-01    0.53358E-01   -0.20086E+00    0.62972E-01    0.43471E-01   -0.47618E-02    0.81882E-01   -0.19139E+00    0.18770E+00    0.67485E+00    0.21577E+00   -0.90401E-01    0.15072E+00   -0.53551E-01    0.11726E+00   -0.10487E+00   -0.23761E-01    0.29685E-02    0.44360E-02   -0.21261E-03    0.99175E+00
