# omegabh2 omegach2 theta tau w ns logA alpha_SNLS beta_SNLS aps100 aps143 aps217 acib143 acib217 asz143 psr cibr ncib cal0 cal2 xi aksz bm_1_1 bm_1_2 bm_1_3 bm_1_4 bm_1_5 bm_2_1 bm_2_2 bm_2_3 bm_2_4 bm_2_5 bm_3_1 bm_3_2 bm_3_3 bm_3_4 bm_3_5 bm_4_1 bm_4_2 bm_4_3 bm_4_4 bm_4_5
    0.78077E-07   -0.39537E-06    0.85573E-07    0.10537E-05    0.37218E-05    0.11980E-05    0.13463E-05    0.40505E-06    0.18631E-07   -0.10402E-02   -0.62616E-03   -0.62277E-04   -0.13666E-03   -0.24720E-03    0.31418E-04   -0.13582E-06   -0.47724E-05   -0.28058E-05   -0.10578E-08   -0.15590E-07    0.10520E-05   -0.48400E-04   -0.90227E-05   -0.12194E-04    0.41756E-05   -0.13878E-05    0.11630E-05   -0.30455E-06   -0.75553E-05    0.48015E-05   -0.71182E-05    0.25350E-05   -0.79808E-05   -0.17965E-05   -0.26660E-05    0.24929E-05    0.58066E-06   -0.52064E-05   -0.31754E-05   -0.49134E-05   -0.95724E-05    0.41656E-06
   -0.39537E-06    0.68191E-05   -0.74582E-06   -0.10929E-04   -0.61094E-04   -0.15599E-04   -0.53854E-05   -0.38217E-05    0.62077E-05    0.18339E-02    0.40929E-02    0.25449E-02   -0.51498E-04    0.26165E-03   -0.12949E-03    0.65306E-05    0.22962E-05    0.11937E-04    0.18869E-08    0.69800E-07    0.15485E-04   -0.13984E-03    0.14132E-03    0.83403E-05   -0.64434E-04   -0.38014E-04   -0.39242E-04    0.61676E-04    0.59995E-04   -0.31628E-04    0.34894E-04   -0.85684E-04   -0.90016E-06    0.96450E-05   -0.22377E-04    0.12470E-04   -0.10557E-04    0.33175E-04    0.61153E-04    0.18159E-04    0.69510E-04    0.24910E-04
    0.85573E-07   -0.74582E-06    0.42041E-06    0.18715E-05    0.77063E-05    0.22793E-05    0.23502E-05   -0.61104E-07    0.16134E-06   -0.95514E-03   -0.48790E-03   -0.23119E-03   -0.60065E-04   -0.11520E-03    0.49603E-04   -0.23068E-06   -0.31432E-06   -0.24106E-05    0.93501E-10   -0.95234E-08    0.46910E-06   -0.34091E-06   -0.75341E-05    0.55037E-05    0.94621E-05   -0.52283E-05    0.78645E-05   -0.49432E-05   -0.10274E-04    0.13399E-04   -0.41710E-05    0.69518E-05    0.22612E-05   -0.10969E-04   -0.10496E-04    0.11476E-04    0.76246E-05   -0.29717E-05   -0.20905E-05   -0.21117E-05   -0.18611E-04    0.27491E-05
    0.10537E-05   -0.10929E-04    0.18715E-05    0.16871E-03    0.99155E-04    0.38093E-04    0.31195E-03    0.50492E-05    0.41699E-04   -0.40013E-01   -0.62195E-02    0.45645E-02   -0.54902E-02   -0.61109E-02    0.75616E-04    0.31164E-04   -0.21093E-03   -0.45248E-05    0.64406E-07   -0.30961E-06    0.46875E-04   -0.23986E-02   -0.18372E-03    0.21552E-04    0.17196E-05    0.12343E-03    0.14609E-04   -0.38511E-04   -0.19526E-03    0.19814E-03   -0.16841E-03   -0.23620E-03   -0.96278E-04   -0.33506E-03    0.15090E-03   -0.85334E-05    0.23852E-03   -0.15435E-03    0.84759E-04   -0.16989E-03   -0.11848E-03   -0.17419E-03
    0.37218E-05   -0.61094E-04    0.77063E-05    0.99155E-04    0.47837E-02    0.13855E-03    0.45818E-04   -0.17093E-03   -0.62004E-03    0.30326E-01   -0.43388E-01   -0.15914E-01    0.15826E-02   -0.61843E-02    0.16348E-02   -0.89281E-04    0.23200E-04   -0.19141E-03   -0.21274E-06   -0.23116E-05   -0.36122E-03    0.62832E-02   -0.92033E-03   -0.40305E-03    0.61544E-03    0.70683E-03   -0.52687E-03   -0.51053E-03   -0.51337E-03    0.56354E-03   -0.45372E-03    0.12028E-02    0.31559E-03   -0.10990E-03   -0.10955E-03    0.12166E-02    0.60538E-03   -0.48737E-04   -0.61907E-03    0.38451E-03   -0.11075E-02    0.22442E-03
    0.11980E-05   -0.15599E-04    0.22793E-05    0.38093E-04    0.13855E-03    0.56964E-04    0.38316E-04    0.61536E-05   -0.18704E-05   -0.60573E-01   -0.74464E-02    0.78180E-02   -0.72905E-02   -0.85181E-02   -0.58955E-04    0.35148E-04   -0.27056E-03   -0.29251E-04   -0.98486E-08   -0.10592E-06    0.51060E-04   -0.28601E-02   -0.14864E-03   -0.84636E-04    0.44671E-04    0.19042E-04    0.95111E-04    0.19046E-03   -0.14738E-03    0.11319E-03   -0.12841E-03    0.14020E-03   -0.15645E-03   -0.13309E-04    0.11849E-04    0.97504E-05   -0.72623E-04    0.48538E-04   -0.23696E-04   -0.46860E-04   -0.22396E-03   -0.29618E-04
    0.13463E-05   -0.53854E-05    0.23502E-05    0.31195E-03    0.45818E-04    0.38316E-04    0.62037E-03    0.18488E-05    0.10029E-03   -0.95537E-01    0.50689E-02    0.24738E-01   -0.15936E-01   -0.15333E-01   -0.12264E-02    0.11227E-03   -0.59065E-03    0.52596E-04    0.19846E-06   -0.27263E-06    0.16100E-03   -0.66948E-02    0.67495E-03    0.18089E-03   -0.19805E-03    0.10553E-03    0.85386E-06    0.33802E-03   -0.17075E-03    0.33424E-03   -0.21104E-03   -0.78595E-03   -0.17592E-03   -0.58982E-03    0.19084E-03   -0.66621E-04    0.38865E-03   -0.55652E-04    0.49215E-03   -0.26479E-03    0.35747E-06   -0.26777E-03
    0.40505E-06   -0.38217E-05   -0.61104E-07    0.50492E-05   -0.17093E-03    0.61536E-05    0.18488E-05    0.11560E-01   -0.58131E-03    0.14680E-01   -0.14182E-01    0.10849E-01    0.21690E-02   -0.51990E-02   -0.32913E-02   -0.37868E-04   -0.13826E-03    0.20832E-04    0.83161E-06    0.84940E-07   -0.17861E-03    0.17263E-02   -0.10256E-03    0.10628E-02    0.13659E-02    0.48353E-03    0.23797E-03   -0.35110E-03   -0.56750E-03   -0.13375E-02   -0.76372E-04   -0.35738E-03   -0.15502E-02    0.20316E-03    0.15311E-02   -0.67994E-03    0.28319E-02   -0.98514E-03   -0.88562E-03   -0.70962E-03    0.13585E-02    0.13072E-03
    0.18631E-07    0.62077E-05    0.16134E-06    0.41699E-04   -0.62004E-03   -0.18704E-05    0.10029E-03   -0.58131E-03    0.12129E-01    0.47853E-01    0.77375E-02    0.39125E-03    0.44566E-02    0.63866E-02   -0.71956E-02   -0.61936E-04   -0.19575E-03    0.11916E-03    0.38965E-06    0.16769E-05   -0.12390E-03   -0.87059E-02   -0.64103E-03   -0.18097E-02    0.73031E-03   -0.10146E-02   -0.72739E-03   -0.47446E-04   -0.23727E-03    0.15410E-02    0.22134E-03   -0.14557E-02    0.17015E-02   -0.51197E-03    0.46373E-03   -0.42483E-03    0.61564E-03    0.58889E-03    0.14823E-02    0.30861E-03   -0.13002E-02    0.25114E-03
   -0.10402E-02    0.18339E-02   -0.95514E-03   -0.40013E-01    0.30326E-01   -0.60573E-01   -0.95537E-01    0.14680E-01    0.47853E-01    0.26592E+04    0.33165E+02   -0.15474E+03    0.11284E+03    0.99190E+02   -0.71775E+02   -0.10364E+01    0.11001E+00    0.11671E+01    0.86347E-03   -0.14529E-02   -0.25557E+00   -0.17669E+02    0.10218E+02   -0.99363E+01    0.15645E+01    0.10676E+01   -0.12005E+01   -0.20907E+00   -0.47041E+01   -0.97380E-01    0.52472E+00    0.96066E-01    0.19179E+01    0.20841E+00   -0.43472E+00   -0.60995E+00   -0.25079E+01    0.18194E+01   -0.18606E+01   -0.20072E+01   -0.12194E+01    0.43138E+01
   -0.62616E-03    0.40929E-02   -0.48790E-03   -0.62195E-02   -0.43388E-01   -0.74464E-02    0.50689E-02   -0.14182E-01    0.77375E-02    0.33165E+02    0.18039E+03    0.59730E+02   -0.33689E+02   -0.11643E+02   -0.77322E+01   -0.24003E+00   -0.19245E+00   -0.18117E+00    0.16332E-03    0.31272E-02    0.11121E+01   -0.12899E+02    0.10860E+01    0.48221E+00    0.10292E+00    0.20108E+00   -0.71027E-01   -0.17355E+01   -0.60220E+00   -0.26547E-01    0.33620E+00   -0.14620E+00    0.10555E+01   -0.27822E-01    0.42257E+00   -0.29903E+00    0.10015E+00   -0.56682E+00   -0.38779E+00   -0.24747E+00    0.47476E+00    0.22340E+00
   -0.62277E-04    0.25449E-02   -0.23119E-03    0.45645E-02   -0.15914E-01    0.78180E-02    0.24738E-01    0.10849E-01    0.39125E-03   -0.15474E+03    0.59730E+02    0.20502E+03   -0.33706E+02   -0.69777E+02    0.47646E+01   -0.32051E-01   -0.92731E+00   -0.10006E+01    0.20209E-03   -0.39908E-02    0.22289E+00   -0.11097E+02    0.15527E+01    0.10521E+01   -0.34108E+00    0.13628E+00    0.32293E+00    0.98139E+00    0.31549E+00   -0.37901E+00   -0.98455E-01    0.22947E+00   -0.12549E+01    0.73700E+00   -0.41595E+00    0.30208E+00    0.24203E+00   -0.57614E-01    0.72493E-01    0.14208E+00    0.43471E+00   -0.22787E+00
   -0.13666E-03   -0.51498E-04   -0.60065E-04   -0.54902E-02    0.15826E-02   -0.72905E-02   -0.15936E-01    0.21690E-02    0.44566E-02    0.11284E+03   -0.33689E+02   -0.33706E+02    0.25226E+02    0.17181E+02   -0.24938E+01    0.18457E-01    0.21804E+00    0.22100E+00   -0.79217E-04   -0.99651E-03    0.61849E-01   -0.75030E+00   -0.99349E+00   -0.52392E+00    0.29083E-01    0.35042E-01   -0.10207E-01    0.75457E+00    0.17705E+00   -0.18560E-01    0.10888E+00    0.15732E+00   -0.25997E+00   -0.10963E+00   -0.13923E+00    0.67265E-01    0.47518E-01    0.40460E+00    0.81865E-01    0.52476E-01   -0.15562E+00    0.21306E+00
   -0.24720E-03    0.26165E-03   -0.11520E-03   -0.61109E-02   -0.61843E-02   -0.85181E-02   -0.15333E-01   -0.51990E-02    0.63866E-02    0.99190E+02   -0.11643E+02   -0.69777E+02    0.17181E+02    0.32615E+02   -0.24824E+01    0.69192E-01    0.38199E+00    0.50986E+00   -0.44587E-04    0.16233E-02   -0.13407E+00   -0.13219E+01   -0.63569E+00   -0.53288E+00    0.11038E+00   -0.32314E-01   -0.10898E+00   -0.34275E+00   -0.10869E+00    0.10239E+00    0.23260E+00   -0.87811E-01    0.49262E+00   -0.47970E+00    0.13508E+00   -0.27014E+00   -0.16532E+00    0.68719E-01   -0.97329E-01   -0.48930E-01   -0.13450E+00    0.27001E+00
    0.31418E-04   -0.12949E-03    0.49603E-04    0.75616E-04    0.16348E-02   -0.58955E-04   -0.12264E-02   -0.32913E-02   -0.71956E-02   -0.71775E+02   -0.77322E+01    0.47646E+01   -0.24938E+01   -0.24824E+01    0.76937E+01    0.49977E-01    0.25787E+00   -0.13344E+00    0.22457E-04   -0.10897E-03   -0.32990E-01   -0.69290E-01    0.18147E+00    0.11277E+00   -0.25447E-01   -0.28691E-01    0.54902E-01   -0.65124E-01    0.24008E-01   -0.87848E-01   -0.25777E-01   -0.69979E-01   -0.66023E-01   -0.20654E-03    0.61918E-02   -0.47278E-01   -0.45224E-01   -0.80897E-01   -0.44808E-01   -0.88396E-02    0.53609E-01   -0.58703E-01
   -0.13582E-06    0.65306E-05   -0.23068E-06    0.31164E-04   -0.89281E-04    0.35148E-04    0.11227E-03   -0.37868E-04   -0.61936E-04   -0.10364E+01   -0.24003E+00   -0.32051E-01    0.18457E-01    0.69192E-01    0.49977E-01    0.80099E-02   -0.66475E-02    0.78834E-02    0.16561E-05   -0.26075E-04    0.40616E-02   -0.16509E-01    0.95233E-02    0.39226E-02    0.56475E-03   -0.83675E-03   -0.12324E-02    0.85511E-02    0.20718E-03    0.38708E-03   -0.34522E-02   -0.13092E-02   -0.10864E-01   -0.16878E-02    0.28732E-03   -0.24807E-02   -0.90471E-03   -0.82208E-03    0.12172E-02   -0.34539E-02   -0.54974E-02   -0.31659E-02
   -0.47724E-05    0.22962E-05   -0.31432E-06   -0.21093E-03    0.23200E-04   -0.27056E-03   -0.59065E-03   -0.13826E-03   -0.19575E-03    0.11001E+00   -0.19245E+00   -0.92731E+00    0.21804E+00    0.38199E+00    0.25787E+00   -0.66475E-02    0.43692E-01   -0.12246E-01   -0.37875E-05    0.85478E-04    0.84500E-03   -0.38948E-01   -0.18405E-01   -0.70922E-02   -0.10074E-02   -0.35266E-03    0.16361E-02   -0.23688E-01   -0.32346E-02    0.99591E-03    0.47927E-02   -0.53169E-03    0.30422E-01   -0.21520E-02    0.51329E-02    0.30218E-02   -0.51312E-02    0.22760E-02   -0.26254E-02    0.52414E-02    0.55967E-02   -0.18898E-03
   -0.28058E-05    0.11937E-04   -0.24106E-05   -0.45248E-05   -0.19141E-03   -0.29251E-04    0.52596E-04    0.20832E-04    0.11916E-03    0.11671E+01   -0.18117E+00   -0.10006E+01    0.22100E+00    0.50986E+00   -0.13344E+00    0.78834E-02   -0.12246E-01    0.21324E-01    0.11952E-05   -0.21902E-04   -0.91699E-03   -0.66921E-02    0.59182E-02   -0.92203E-02    0.10373E-02   -0.39504E-02   -0.35573E-02    0.76711E-02    0.41665E-02   -0.10373E-02    0.75871E-02   -0.73699E-02   -0.12558E-01   -0.18180E-01    0.16819E-02   -0.13722E-01   -0.77395E-02   -0.34068E-02    0.52285E-04   -0.63756E-04   -0.57692E-03    0.11266E-01
   -0.10578E-08    0.18869E-08    0.93501E-10    0.64406E-07   -0.21274E-06   -0.98486E-08    0.19846E-06    0.83161E-06    0.38965E-06    0.86347E-03    0.16332E-03    0.20209E-03   -0.79217E-04   -0.44587E-04    0.22457E-04    0.16561E-05   -0.37875E-05    0.11952E-05    0.15503E-06    0.62438E-09    0.22963E-06   -0.20582E-04   -0.20890E-04   -0.15530E-04   -0.11319E-05    0.11234E-06    0.44302E-05    0.11549E-04    0.35076E-05    0.25337E-05    0.27920E-05   -0.16839E-05    0.12157E-05    0.93558E-06    0.19321E-05   -0.50020E-05    0.30668E-05    0.73154E-05    0.78881E-05    0.15097E-05    0.55716E-05    0.31795E-05
   -0.15590E-07    0.69800E-07   -0.95234E-08   -0.30961E-06   -0.23116E-05   -0.10592E-06   -0.27263E-06    0.84940E-07    0.16769E-05   -0.14529E-02    0.31272E-02   -0.39908E-02   -0.99651E-03    0.16233E-02   -0.10897E-03   -0.26075E-04    0.85478E-04   -0.21902E-04    0.62438E-09    0.16433E-05    0.40721E-05   -0.70412E-04    0.78403E-04    0.39275E-04   -0.21389E-04   -0.33735E-04    0.25573E-05    0.21819E-03    0.12855E-04    0.26360E-05    0.39404E-04    0.16886E-05   -0.20817E-03   -0.40442E-05   -0.59388E-04    0.68987E-05   -0.34889E-04    0.17897E-04    0.52673E-04   -0.27097E-04   -0.27589E-04    0.17627E-04
    0.10520E-05    0.15485E-04    0.46910E-06    0.46875E-04   -0.36122E-03    0.51060E-04    0.16100E-03   -0.17861E-03   -0.12390E-03   -0.25557E+00    0.11121E+01    0.22289E+00    0.61849E-01   -0.13407E+00   -0.32990E-01    0.40616E-02    0.84500E-03   -0.91699E-03    0.22963E-06    0.40721E-05    0.83315E-01    0.24030E-01    0.41266E-02    0.18160E-02   -0.11590E-04    0.42151E-02    0.20598E-02    0.44945E-02    0.15040E-02   -0.13809E-02    0.81007E-02   -0.57428E-02   -0.28536E-02   -0.50458E-02    0.12833E-03    0.61433E-02    0.27308E-02   -0.56388E-03    0.60843E-02   -0.39073E-02    0.73158E-02    0.34981E-02
   -0.48400E-04   -0.13984E-03   -0.34091E-06   -0.23986E-02    0.62832E-02   -0.28601E-02   -0.66948E-02    0.17263E-02   -0.87059E-02   -0.17669E+02   -0.12899E+02   -0.11097E+02   -0.75030E+00   -0.13219E+01   -0.69290E-01   -0.16509E-01   -0.38948E-01   -0.66921E-02   -0.20582E-04   -0.70412E-04    0.24030E-01    0.82919E+01   -0.20359E-03    0.83860E-01    0.12037E-01   -0.11404E-01   -0.33390E-01    0.29417E-01    0.75686E-01    0.15539E-01   -0.10898E+00   -0.93502E-01   -0.28354E-01   -0.11619E-01   -0.14927E-01    0.74307E-01    0.13250E-01   -0.22948E-01    0.91127E-01    0.18727E-01    0.11617E-01   -0.11315E+00
   -0.90227E-05    0.14132E-03   -0.75341E-05   -0.18372E-03   -0.92033E-03   -0.14864E-03    0.67495E-03   -0.10256E-03   -0.64103E-03    0.10218E+02    0.10860E+01    0.15527E+01   -0.99349E+00   -0.63569E+00    0.18147E+00    0.95233E-02   -0.18405E-01    0.59182E-02   -0.20890E-04    0.78403E-04    0.41266E-02   -0.20359E-03    0.70617E+00   -0.10732E+00   -0.16245E-02   -0.29128E-02    0.11222E-01    0.17085E+00   -0.45547E-01   -0.41144E-01   -0.75482E-02   -0.84274E-01    0.26037E-01    0.37952E-01   -0.28344E-01   -0.61027E-01   -0.12248E+00    0.14807E+00    0.43518E-01   -0.16583E-01    0.35835E-01    0.67954E-01
   -0.12194E-04    0.83403E-05    0.55037E-05    0.21552E-04   -0.40305E-03   -0.84636E-04    0.18089E-03    0.10628E-02   -0.18097E-02   -0.99363E+01    0.48221E+00    0.10521E+01   -0.52392E+00   -0.53288E+00    0.11277E+00    0.39226E-02   -0.70922E-02   -0.92203E-02   -0.15530E-04    0.39275E-04    0.18160E-02    0.83860E-01   -0.10732E+00    0.92615E+00   -0.53350E-02    0.68414E-02   -0.76411E-02   -0.14120E+00    0.18459E+00    0.57899E-01   -0.25194E-01    0.30867E-01   -0.13483E+00    0.24820E-01    0.13450E-01    0.32507E-02    0.16254E+00   -0.22742E+00    0.46720E-01    0.92235E-01    0.99637E-02   -0.22267E+00
    0.41756E-05   -0.64434E-04    0.94621E-05    0.17196E-05    0.61544E-03    0.44671E-04   -0.19805E-03    0.13659E-02    0.73031E-03    0.15645E+01    0.10292E+00   -0.34108E+00    0.29083E-01    0.11038E+00   -0.25447E-01    0.56475E-03   -0.10074E-02    0.10373E-02   -0.11319E-05   -0.21389E-04   -0.11590E-04    0.12037E-01   -0.16245E-02   -0.53350E-02    0.99595E+00   -0.11509E-01   -0.10920E-02   -0.55848E-01   -0.32788E-01    0.15477E+00   -0.20584E-01    0.78702E-01   -0.89244E-02    0.58760E-01   -0.91594E-02   -0.27209E-01    0.11734E+00   -0.60699E-01    0.20754E-01    0.19990E-01   -0.17610E+00    0.95791E-01
   -0.13878E-05   -0.38014E-04   -0.52283E-05    0.12343E-03    0.70683E-03    0.19042E-04    0.10553E-03    0.48353E-03   -0.10146E-02    0.10676E+01    0.20108E+00    0.13628E+00    0.35042E-01   -0.32314E-01   -0.28691E-01   -0.83675E-03   -0.35266E-03   -0.39504E-02    0.11234E-06   -0.33735E-04    0.42151E-02   -0.11404E-01   -0.29128E-02    0.68414E-02   -0.11509E-01    0.99829E+00   -0.10535E-01    0.39645E-01   -0.84806E-01    0.72467E-01   -0.88092E-01    0.63121E-01    0.68243E-01    0.98727E-01    0.46842E-01    0.15222E+00   -0.86667E-01    0.77048E-01    0.25380E-01    0.76203E-02   -0.12936E+00    0.43572E-01
    0.11630E-05   -0.39242E-04    0.78645E-05    0.14609E-04   -0.52687E-03    0.95111E-04    0.85386E-06    0.23797E-03   -0.72739E-03   -0.12005E+01   -0.71027E-01    0.32293E+00   -0.10207E-01   -0.10898E+00    0.54902E-01   -0.12324E-02    0.16361E-02   -0.35573E-02    0.44302E-05    0.25573E-05    0.20598E-02   -0.33390E-01    0.11222E-01   -0.76411E-02   -0.10920E-02   -0.10535E-01    0.95529E+00    0.56679E-01    0.51466E-01   -0.48685E-01    0.60291E-01    0.44462E-01    0.65330E-01   -0.69811E-01   -0.86401E-01    0.58799E-01    0.28853E-01    0.10437E+00   -0.51812E-01    0.78632E-01   -0.54397E-02   -0.14986E-02
   -0.30455E-06    0.61676E-04   -0.49432E-05   -0.38511E-04   -0.51053E-03    0.19046E-03    0.33802E-03   -0.35110E-03   -0.47446E-04   -0.20907E+00   -0.17355E+01    0.98139E+00    0.75457E+00   -0.34275E+00   -0.65124E-01    0.85511E-02   -0.23688E-01    0.76711E-02    0.11549E-04    0.21819E-03    0.44945E-02    0.29417E-01    0.17085E+00   -0.14120E+00   -0.55848E-01    0.39645E-01    0.56679E-01    0.86602E+00    0.14717E-01   -0.19304E-01   -0.41461E-01   -0.16521E-01    0.39812E-01    0.14107E+00   -0.10610E+00    0.31884E-01   -0.55807E-01    0.66603E+00    0.24961E+00   -0.26398E-01   -0.37492E-01    0.59852E-01
   -0.75553E-05    0.59995E-04   -0.10274E-04   -0.19526E-03   -0.51337E-03   -0.14738E-03   -0.17075E-03   -0.56750E-03   -0.23727E-03   -0.47041E+01   -0.60220E+00    0.31549E+00    0.17705E+00   -0.10869E+00    0.24008E-01    0.20718E-03   -0.32346E-02    0.41665E-02    0.35076E-05    0.12855E-04    0.15040E-02    0.75686E-01   -0.45547E-01    0.18459E+00   -0.32788E-01   -0.84806E-01    0.51466E-01    0.14717E-01    0.97406E+00    0.19705E-01   -0.16935E-01   -0.11142E-01    0.43267E-01   -0.70821E-02   -0.41709E-01   -0.32850E-01    0.15529E+00   -0.64347E-01    0.26849E+00    0.75203E+00    0.27447E+00   -0.20177E+00
    0.48015E-05   -0.31628E-04    0.13399E-04    0.19814E-03    0.56354E-03    0.11319E-03    0.33424E-03   -0.13375E-02    0.15410E-02   -0.97380E-01   -0.26547E-01   -0.37901E+00   -0.18560E-01    0.10239E+00   -0.87848E-01    0.38708E-03    0.99591E-03   -0.10373E-02    0.25337E-05    0.26360E-05   -0.13809E-02    0.15539E-01   -0.41144E-01    0.57899E-01    0.15477E+00    0.72467E-01   -0.48685E-01   -0.19304E-01    0.19705E-01    0.10002E+01   -0.13437E-01   -0.14031E-01    0.68463E-01   -0.52871E-01    0.14014E+00    0.15605E+00   -0.15742E+00   -0.21726E+00    0.63736E+00    0.15729E+00   -0.62223E+00    0.16660E+00
   -0.71182E-05    0.34894E-04   -0.41710E-05   -0.16841E-03   -0.45372E-03   -0.12841E-03   -0.21104E-03   -0.76372E-04    0.22134E-03    0.52472E+00    0.33620E+00   -0.98455E-01    0.10888E+00    0.23260E+00   -0.25777E-01   -0.34522E-02    0.47927E-02    0.75871E-02    0.27920E-05    0.39404E-04    0.81007E-02   -0.10898E+00   -0.75482E-02   -0.25194E-01   -0.20584E-01   -0.88092E-01    0.60291E-01   -0.41461E-01   -0.16935E-01   -0.13437E-01    0.97430E+00   -0.10536E-01   -0.18727E-01   -0.96752E-01   -0.14571E+00   -0.16901E-01   -0.93377E-01   -0.91739E-01    0.60346E-01   -0.56080E-01    0.30290E+00    0.66549E+00
    0.25350E-05   -0.85684E-04    0.69518E-05   -0.23620E-03    0.12028E-02    0.14020E-03   -0.78595E-03   -0.35738E-03   -0.14557E-02    0.96066E-01   -0.14620E+00    0.22947E+00    0.15732E+00   -0.87811E-01   -0.69979E-01   -0.13092E-02   -0.53169E-03   -0.73699E-02   -0.16839E-05    0.16886E-05   -0.57428E-02   -0.93502E-01   -0.84274E-01    0.30867E-01    0.78702E-01    0.63121E-01    0.44462E-01   -0.16521E-01   -0.11142E-01   -0.14031E-01   -0.10536E-01    0.99760E+00   -0.54785E-01    0.99330E-01    0.50470E-01    0.15433E+00    0.15333E-01    0.12072E+00   -0.56887E+00    0.38015E+00   -0.33742E+00    0.21775E+00
   -0.79808E-05   -0.90016E-06    0.22612E-05   -0.96278E-04    0.31559E-03   -0.15645E-03   -0.17592E-03   -0.15502E-02    0.17015E-02    0.19179E+01    0.10555E+01   -0.12549E+01   -0.25997E+00    0.49262E+00   -0.66023E-01   -0.10864E-01    0.30422E-01   -0.12558E-01    0.12157E-05   -0.20817E-03   -0.28536E-02   -0.28354E-01    0.26037E-01   -0.13483E+00   -0.89244E-02    0.68243E-01    0.65330E-01    0.39812E-01    0.43267E-01    0.68463E-01   -0.18727E-01   -0.54785E-01    0.89959E+00    0.86962E-02   -0.10363E-01   -0.11574E-02    0.49700E-02    0.60110E+00    0.16576E+00    0.12278E+00    0.62199E-01   -0.68969E-01
   -0.17965E-05    0.96450E-05   -0.10969E-04   -0.33506E-03   -0.10990E-03   -0.13309E-04   -0.58982E-03    0.20316E-03   -0.51197E-03    0.20841E+00   -0.27822E-01    0.73700E+00   -0.10963E+00   -0.47970E+00   -0.20654E-03   -0.16878E-02   -0.21520E-02   -0.18180E-01    0.93558E-06   -0.40442E-05   -0.50458E-02   -0.11619E-01    0.37952E-01    0.24820E-01    0.58760E-01    0.98727E-01   -0.69811E-01    0.14107E+00   -0.70821E-02   -0.52871E-01   -0.96752E-01    0.99330E-01    0.86962E-02    0.98190E+00    0.12937E-01   -0.24746E-01    0.98594E-02    0.12130E+00    0.15116E+00    0.17054E-02    0.14638E+00    0.16178E+00
   -0.26660E-05   -0.22377E-04   -0.10496E-04    0.15090E-03   -0.10955E-03    0.11849E-04    0.19084E-03    0.15311E-02    0.46373E-03   -0.43472E+00    0.42257E+00   -0.41595E+00   -0.13923E+00    0.13508E+00    0.61918E-02    0.28732E-03    0.51329E-02    0.16819E-02    0.19321E-05   -0.59388E-04    0.12833E-03   -0.14927E-01   -0.28344E-01    0.13450E-01   -0.91594E-02    0.46842E-01   -0.86401E-01   -0.10610E+00   -0.41709E-01    0.14014E+00   -0.14571E+00    0.50470E-01   -0.10363E-01    0.12937E-01    0.99558E+00    0.10157E-01    0.44931E-02   -0.12338E+00    0.38866E-01    0.18482E+00    0.29767E-01   -0.52685E-01
    0.24929E-05    0.12470E-04    0.11476E-04   -0.85334E-05    0.12166E-02    0.97504E-05   -0.66621E-04   -0.67994E-03   -0.42483E-03   -0.60995E+00   -0.29903E+00    0.30208E+00    0.67265E-01   -0.27014E+00   -0.47278E-01   -0.24807E-02    0.30218E-02   -0.13722E-01   -0.50020E-05    0.68987E-05    0.61433E-02    0.74307E-01   -0.61027E-01    0.32507E-02   -0.27209E-01    0.15222E+00    0.58799E-01    0.31884E-01   -0.32850E-01    0.15605E+00   -0.16901E-01    0.15433E+00   -0.11574E-02   -0.24746E-01    0.10157E-01    0.10070E+01   -0.14266E-01    0.55403E-02    0.34157E-01    0.11376E+00   -0.27157E+00    0.12175E+00
    0.58066E-06   -0.10557E-04    0.76246E-05    0.23852E-03    0.60538E-03   -0.72623E-04    0.38865E-03    0.28319E-02    0.61564E-03   -0.25079E+01    0.10015E+00    0.24203E+00    0.47518E-01   -0.16532E+00   -0.45224E-01   -0.90471E-03   -0.51312E-02   -0.77395E-02    0.30668E-05   -0.34889E-04    0.27308E-02    0.13250E-01   -0.12248E+00    0.16254E+00    0.11734E+00   -0.86667E-01    0.28853E-01   -0.55807E-01    0.15529E+00   -0.15742E+00   -0.93377E-01    0.15333E-01    0.49700E-02    0.98594E-02    0.44931E-02   -0.14266E-01    0.10200E+01   -0.24688E-01   -0.60301E-01    0.31822E-01    0.20278E+00   -0.91615E-01
   -0.52064E-05    0.33175E-04   -0.29717E-05   -0.15435E-03   -0.48737E-04    0.48538E-04   -0.55652E-04   -0.98514E-03    0.58889E-03    0.18194E+01   -0.56682E+00   -0.57614E-01    0.40460E+00    0.68719E-01   -0.80897E-01   -0.82208E-03    0.22760E-02   -0.34068E-02    0.73154E-05    0.17897E-04   -0.56388E-03   -0.22948E-01    0.14807E+00   -0.22742E+00   -0.60699E-01    0.77048E-01    0.10437E+00    0.66603E+00   -0.64347E-01   -0.21726E+00   -0.91739E-01    0.12072E+00    0.60110E+00    0.12130E+00   -0.12338E+00    0.55403E-02   -0.24688E-01    0.98630E+00   -0.16044E-01    0.24735E-01    0.26619E-01   -0.18465E-01
   -0.31754E-05    0.61153E-04   -0.20905E-05    0.84759E-04   -0.61907E-03   -0.23696E-04    0.49215E-03   -0.88562E-03    0.14823E-02   -0.18606E+01   -0.38779E+00    0.72493E-01    0.81865E-01   -0.97329E-01   -0.44808E-01    0.12172E-02   -0.26254E-02    0.52285E-04    0.78881E-05    0.52673E-04    0.60843E-02    0.91127E-01    0.43518E-01    0.46720E-01    0.20754E-01    0.25380E-01   -0.51812E-01    0.24961E+00    0.26849E+00    0.63736E+00    0.60346E-01   -0.56887E+00    0.16576E+00    0.15116E+00    0.38866E-01    0.34157E-01   -0.60301E-01   -0.16044E-01    0.99480E+00    0.18227E-01   -0.43787E-02   -0.17500E-01
   -0.49134E-05    0.18159E-04   -0.21117E-05   -0.16989E-03    0.38451E-03   -0.46860E-04   -0.26479E-03   -0.70962E-03    0.30861E-03   -0.20072E+01   -0.24747E+00    0.14208E+00    0.52476E-01   -0.48930E-01   -0.88396E-02   -0.34539E-02    0.52414E-02   -0.63756E-04    0.15097E-05   -0.27097E-04   -0.39073E-02    0.18727E-01   -0.16583E-01    0.92235E-01    0.19990E-01    0.76203E-02    0.78632E-01   -0.26398E-01    0.75203E+00    0.15729E+00   -0.56080E-01    0.38015E+00    0.12278E+00    0.17054E-02    0.18482E+00    0.11376E+00    0.31822E-01    0.24735E-01    0.18227E-01    0.97188E+00   -0.24020E-01    0.35833E-02
   -0.95724E-05    0.69510E-04   -0.18611E-04   -0.11848E-03   -0.11075E-02   -0.22396E-03    0.35747E-06    0.13585E-02   -0.13002E-02   -0.12194E+01    0.47476E+00    0.43471E+00   -0.15562E+00   -0.13450E+00    0.53609E-01   -0.54974E-02    0.55967E-02   -0.57692E-03    0.55716E-05   -0.27589E-04    0.73158E-02    0.11617E-01    0.35835E-01    0.99637E-02   -0.17610E+00   -0.12936E+00   -0.54397E-02   -0.37492E-01    0.27447E+00   -0.62223E+00    0.30290E+00   -0.33742E+00    0.62199E-01    0.14638E+00    0.29767E-01   -0.27157E+00    0.20278E+00    0.26619E-01   -0.43787E-02   -0.24020E-01    0.98430E+00    0.50188E-02
    0.41656E-06    0.24910E-04    0.27491E-05   -0.17419E-03    0.22442E-03   -0.29618E-04   -0.26777E-03    0.13072E-03    0.25114E-03    0.43138E+01    0.22340E+00   -0.22787E+00    0.21306E+00    0.27001E+00   -0.58703E-01   -0.31659E-02   -0.18898E-03    0.11266E-01    0.31795E-05    0.17627E-04    0.34981E-02   -0.11315E+00    0.67954E-01   -0.22267E+00    0.95791E-01    0.43572E-01   -0.14986E-02    0.59852E-01   -0.20177E+00    0.16660E+00    0.66549E+00    0.21775E+00   -0.68969E-01    0.16178E+00   -0.52685E-01    0.12175E+00   -0.91615E-01   -0.18465E-01   -0.17500E-01    0.35833E-02    0.50188E-02    0.98533E+00
