# omegabh2 omegach2 theta tau logA ns acib217 acibsz143 asz143 aps100 aps143 aps143217 aps217 aksz kgal100 t1gal143 t1gal143217 t1gal217 galfEE100 galfEE100143 galfEE100217 galfEE143 galfEE143217 galfEE217 galfTE100 galfTE100143 galfTE100217 galfTE143 galfTE143217 galfTE217 calib_100T calib_217T
    0.2487134E-07   -0.1305643E-06    0.1924840E-07    0.5147488E-06    0.8307974E-06    0.3279053E-06   -0.1313369E-03   -0.6967625E-04   -0.4846141E-05   -0.1409787E-03   -0.3577527E-04    0.9709751E-04    0.7913953E-04   -0.4854328E-04    0.1224130E-03   -0.6980793E-04   -0.6641388E-04   -0.5687844E-04    0.1936551E-06    0.1792881E-06    0.1740081E-06    0.1720374E-06    0.2599030E-06    0.2644174E-06   -0.2416444E-05   -0.2960417E-05   -0.4184325E-05   -0.3648190E-05   -0.5366616E-05   -0.8879032E-05   -0.2051017E-07    0.3720879E-09
   -0.1305643E-06    0.1903139E-05   -0.1604883E-06   -0.4803739E-05   -0.4715725E-05   -0.4616753E-05    0.2250070E-03   -0.1040430E-03   -0.1172876E-03    0.1408856E-02    0.1688891E-02    0.1223191E-02    0.6097562E-03    0.2126046E-03   -0.1118159E-04   -0.1344570E-02   -0.9562532E-03   -0.7437549E-03   -0.2165411E-05   -0.2128574E-05   -0.1946993E-05   -0.2262703E-05   -0.2704240E-05   -0.2043388E-05    0.1479923E-04    0.1724911E-04    0.2145845E-04    0.2132365E-04    0.2639029E-04    0.4507173E-04   -0.1550169E-06   -0.8263935E-07
    0.1924840E-07   -0.1604883E-06    0.9746074E-07    0.5572394E-06    0.8014713E-06    0.5190494E-06   -0.1326618E-04   -0.9188520E-05   -0.1728627E-05    0.7824660E-05   -0.1022933E-03   -0.6466643E-04   -0.6687807E-04   -0.2161465E-04    0.1048957E-03    0.7175559E-04    0.4201249E-04    0.1571417E-04    0.8043690E-07    0.1353316E-06    0.6806868E-07    0.1660580E-06    0.3003523E-06    0.2286444E-06   -0.1146319E-05   -0.1892602E-05   -0.2380877E-05   -0.3837191E-05   -0.4806805E-05   -0.7324397E-05   -0.7848769E-08    0.4407958E-08
    0.5147488E-06   -0.4803739E-05    0.5572394E-06    0.1403394E-03    0.2721679E-03    0.1820752E-04   -0.7751463E-02   -0.3480405E-02   -0.1396125E-02   -0.2249186E-02    0.2161718E-02    0.7673772E-02    0.9144851E-02   -0.2439048E-02   -0.1072153E-01   -0.1029346E-01   -0.1355498E-01   -0.1476570E-01    0.5523195E-05    0.5924105E-05    0.5083274E-05    0.8083529E-05    0.6557112E-05    0.6861686E-05   -0.8248184E-04   -0.1077502E-03   -0.1688311E-03   -0.9757451E-04   -0.1545743E-03   -0.2901750E-03    0.7402425E-06    0.6013173E-06
    0.8307974E-06   -0.4715725E-05    0.8014713E-06    0.2721679E-03    0.5466377E-03    0.2325075E-04   -0.1670534E-01   -0.9112783E-02   -0.4231709E-02    0.1197122E-01    0.1743540E-01    0.2686942E-01    0.2563139E-01   -0.5365358E-02   -0.2638780E-01   -0.3719002E-01   -0.4243550E-01   -0.4426499E-01    0.3923760E-05    0.4149551E-05    0.1971451E-05    0.7528658E-05    0.3616248E-05    0.3799611E-05   -0.1316292E-03   -0.1703237E-03   -0.2871758E-03   -0.1433411E-03   -0.2528411E-03   -0.4753915E-03    0.1336419E-06    0.8524347E-06
    0.3279053E-06   -0.4616753E-05    0.5190494E-06    0.1820752E-04    0.2325075E-04    0.2281402E-04   -0.7092932E-02   -0.2974366E-02   -0.9317187E-03   -0.8786176E-02    0.1450453E-02    0.7185802E-02    0.8786001E-02   -0.2841005E-02   -0.2309684E-02   -0.3183619E-03   -0.2737358E-02   -0.3473543E-02    0.9740746E-05    0.9600739E-05    0.9425981E-05    0.9706995E-05    0.1149749E-04    0.1145086E-04   -0.4244791E-04   -0.4215710E-04   -0.5557058E-04   -0.3152546E-04   -0.5100103E-04   -0.1212912E-03    0.6421894E-06    0.5714632E-06
   -0.1313369E-03    0.2250070E-03   -0.1326618E-04   -0.7751463E-02   -0.1670534E-01   -0.7092932E-02    0.5772374E+02    0.1973522E+02    0.1663590E+00    0.1571474E+02   -0.1821675E+02   -0.5525358E+02   -0.7405277E+02   -0.3196011E+01   -0.2686223E+01   -0.5942047E+01   -0.1091126E+02   -0.1644490E+02   -0.2629315E-02   -0.2483024E-02    0.8570194E-03   -0.4144104E-02   -0.3524403E-02   -0.5776660E-02    0.2762155E-01    0.2367476E-01    0.2364107E-01   -0.1626229E-01   -0.5446264E-02   -0.2553565E-01    0.4877560E-03   -0.2701946E-02
   -0.6967625E-04   -0.1040430E-03   -0.9188520E-05   -0.3480405E-02   -0.9112783E-02   -0.2974366E-02    0.1973522E+02    0.1545572E+02    0.2473203E+01   -0.1701821E+02   -0.2298087E+02   -0.3860732E+02   -0.2194368E+02   -0.1251761E+01   -0.3879037E+01   -0.3896434E+01   -0.9997481E+01   -0.1126883E+02   -0.8546071E-03   -0.1025176E-02    0.3603383E-03   -0.1866468E-02   -0.1589327E-02   -0.2478605E-03    0.2089656E-01    0.9203989E-02    0.2639018E-01   -0.4519946E-02    0.1354304E-01    0.2884720E-01    0.3923009E-03    0.7281440E-04
   -0.4846141E-05   -0.1172876E-03   -0.1728627E-05   -0.1396125E-02   -0.4231709E-02   -0.9317187E-03    0.1663590E+00    0.2473203E+01    0.6514163E+01   -0.4361775E+02   -0.1855743E+02   -0.4751539E+01    0.6396813E+00   -0.4382702E+00   -0.3169474E+01   -0.1023619E+01    0.2978391E+01    0.3662465E+01   -0.3005807E-03    0.1628377E-03   -0.8307666E-04    0.4787483E-03    0.1065845E-03    0.5064458E-03    0.2055774E-02   -0.6831139E-02   -0.1101225E-01    0.1160913E-02   -0.4806973E-02   -0.7651990E-02   -0.1695742E-03    0.2561938E-03
   -0.1409787E-03    0.1408856E-02    0.7824660E-05   -0.2249186E-02    0.1197122E-01   -0.8786176E-02    0.1571474E+02   -0.1701821E+02   -0.4361775E+02    0.7691664E+03    0.1872038E+03    0.6675025E+02    0.4026935E+01   -0.1308034E+02   -0.2835875E+02    0.6266965E+01   -0.9494051E+00   -0.1530675E+01   -0.4896103E-02   -0.1050564E-01   -0.1184090E-01   -0.1143291E-01   -0.1130835E-01   -0.1909691E-01    0.6697248E-01    0.1215166E+00    0.1968058E+00    0.7724539E-01    0.2149115E+00    0.3938011E+00   -0.1328815E-02   -0.3818356E-02
   -0.3577527E-04    0.1688891E-02   -0.1022933E-03    0.2161718E-02    0.1743540E-01    0.1450453E-02   -0.1821675E+02   -0.2298087E+02   -0.1855743E+02    0.1872038E+03    0.1220361E+03    0.8912172E+02    0.4606742E+02   -0.1114810E+02    0.7251295E+01   -0.5827955E+01   -0.1360807E+01    0.6097882E+00    0.1033679E-02   -0.1510461E-02   -0.1368775E-02   -0.8783805E-03   -0.2760686E-02   -0.6192209E-02   -0.3989110E-02    0.2341086E-01    0.7188411E-02    0.2424328E-01    0.4932740E-01    0.1075955E+00   -0.9301087E-03   -0.1029381E-02
    0.9709751E-04    0.1223191E-02   -0.6466643E-04    0.7673772E-02    0.2686942E-01    0.7185802E-02   -0.5525358E+02   -0.3860732E+02   -0.4751539E+01    0.6675025E+02    0.8912172E+02    0.1334254E+03    0.9499703E+02   -0.8754458E+01    0.5401485E+01   -0.2263808E+01    0.7422571E+01    0.7294501E+01    0.1617701E-02    0.1621648E-02   -0.1668839E-02    0.3828017E-02    0.2373359E-02    0.1545171E-02   -0.3176079E-01   -0.1265564E-01   -0.4886087E-01    0.2738430E-01    0.1624034E-01    0.5181332E-01   -0.1742127E-02    0.1416380E-02
    0.7913953E-04    0.6097562E-03   -0.6687807E-04    0.9144851E-02    0.2563139E-01    0.8786001E-02   -0.7405277E+02   -0.2194368E+02    0.6396813E+00    0.4026935E+01    0.4606742E+02    0.9499703E+02    0.1311028E+03   -0.7401903E+01    0.3096591E+00   -0.3656878E+01   -0.7604650E+01   -0.8093279E+01    0.2308054E-02    0.2453379E-02   -0.9113092E-03    0.4215225E-02    0.3542105E-02    0.7085545E-02   -0.4295229E-02   -0.1425375E-01   -0.5812332E-02    0.2834551E-01    0.4651999E-01    0.1504309E+00   -0.1353790E-02    0.5297924E-02
   -0.4854328E-04    0.2126046E-03   -0.2161465E-04   -0.2439048E-02   -0.5365358E-02   -0.2841005E-02   -0.3196011E+01   -0.1251761E+01   -0.4382702E+00   -0.1308034E+02   -0.1114810E+02   -0.8754458E+01   -0.7401903E+01    0.7940948E+01   -0.1692316E+01   -0.2814274E+01   -0.3683361E+01   -0.3829999E+01   -0.1505413E-02   -0.9710764E-03   -0.1337939E-02   -0.9592546E-03   -0.1282935E-02   -0.2391735E-02    0.4755723E-02    0.1193103E-01    0.1196176E-01    0.1768271E-01    0.1047939E-01    0.5154213E-02    0.1743385E-04    0.1097826E-03
    0.1224130E-03   -0.1118159E-04    0.1048957E-03   -0.1072153E-01   -0.2638780E-01   -0.2309684E-02   -0.2686223E+01   -0.3879037E+01   -0.3169474E+01   -0.2835875E+02    0.7251295E+01    0.5401485E+01    0.3096591E+00   -0.1692316E+01    0.1397871E+03    0.4061000E+02    0.3736215E+02    0.3479122E+02   -0.1075885E-02    0.8694618E-03    0.2916678E-02    0.1412388E-02    0.2487240E-02    0.7219281E-02   -0.3123164E-01   -0.7517125E-01   -0.6893159E-01   -0.8483326E-01   -0.1178038E+00   -0.1392573E+00   -0.1266257E-01    0.9207965E-04
   -0.6980793E-04   -0.1344570E-02    0.7175559E-04   -0.1029346E-01   -0.3719002E-01   -0.3183619E-03   -0.5942047E+01   -0.3896434E+01   -0.1023619E+01    0.6266965E+01   -0.5827955E+01   -0.2263808E+01   -0.3656878E+01   -0.2814274E+01    0.4061000E+02    0.8324345E+02    0.8430366E+02    0.8406114E+02    0.2147797E-02    0.2645964E-02    0.3649346E-02    0.4855875E-02    0.7080740E-02    0.1566882E-01   -0.2102650E-01   -0.5987210E-01   -0.4059938E-01   -0.9076600E-01   -0.7708889E-01   -0.1069677E+00    0.2856651E-02    0.1405054E-03
   -0.6641388E-04   -0.9562532E-03    0.4201249E-04   -0.1355498E-01   -0.4243550E-01   -0.2737358E-02   -0.1091126E+02   -0.9997481E+01    0.2978391E+01   -0.9494051E+00   -0.1360807E+01    0.7422571E+01   -0.7604650E+01   -0.3683361E+01    0.3736215E+02    0.8430366E+02    0.1226962E+03    0.1466004E+03    0.1863157E-02    0.1967385E-02    0.2279422E-02    0.5927397E-02    0.6940522E-02    0.1236764E-01   -0.2932396E-01   -0.6814808E-01   -0.7111077E-01   -0.9260805E-01   -0.1070400E+00   -0.1658706E+00    0.2380967E-02   -0.4785910E-02
   -0.5687844E-04   -0.7437549E-03    0.1571417E-04   -0.1476570E-01   -0.4426499E-01   -0.3473543E-02   -0.1644490E+02   -0.1126883E+02    0.3662465E+01   -0.1530675E+01    0.6097882E+00    0.7294501E+01   -0.8093279E+01   -0.3829999E+01    0.3479122E+02    0.8406114E+02    0.1466004E+03    0.1944847E+03    0.1649026E-02    0.1420767E-02    0.1018400E-02    0.6143170E-02    0.6724173E-02    0.1329310E-01   -0.3594941E-01   -0.7107532E-01   -0.7215953E-01   -0.8958555E-01   -0.1094203E+00   -0.1748575E+00    0.2390505E-02   -0.9061341E-02
    0.1936551E-06   -0.2165411E-05    0.8043690E-07    0.5523195E-05    0.3923760E-05    0.9740746E-05   -0.2629315E-02   -0.8546071E-03   -0.3005807E-03   -0.4896103E-02    0.1033679E-02    0.1617701E-02    0.2308054E-02   -0.1505413E-02   -0.1075885E-02    0.2147797E-02    0.1863157E-02    0.1649026E-02    0.6953187E-04    0.2453104E-04    0.3130192E-04    0.1367261E-04    0.1609655E-04    0.2098031E-04   -0.1114453E-03   -0.8798763E-04   -0.7829365E-04   -0.6145408E-04   -0.4749837E-04   -0.9706131E-04    0.6613006E-06    0.2450353E-06
    0.1792881E-06   -0.2128574E-05    0.1353316E-06    0.5924105E-05    0.4149551E-05    0.9600739E-05   -0.2483024E-02   -0.1025176E-02    0.1628377E-03   -0.1050564E-01   -0.1510461E-02    0.1621648E-02    0.2453379E-02   -0.9710764E-03    0.8694618E-03    0.2645964E-02    0.1967385E-02    0.1420767E-02    0.2453104E-04    0.4227411E-04    0.3886956E-04    0.3044761E-04    0.3277312E-04    0.3475356E-04   -0.8865043E-04   -0.1180019E-03   -0.1107587E-03   -0.1134505E-03   -0.1160953E-03   -0.1479952E-03    0.4887461E-06    0.2620557E-06
    0.1740081E-06   -0.1946993E-05    0.6806868E-07    0.5083274E-05    0.1971451E-05    0.9425981E-05    0.8570194E-03    0.3603383E-03   -0.8307666E-04   -0.1184090E-01   -0.1368775E-02   -0.1668839E-02   -0.9113092E-03   -0.1337939E-02    0.2916678E-02    0.3649346E-02    0.2279422E-02    0.1018400E-02    0.3130192E-04    0.3886956E-04    0.1216793E-03    0.2754745E-04    0.6351206E-04    0.1174644E-03   -0.1015664E-03   -0.1004912E-03   -0.1312011E-03   -0.7001657E-04   -0.1700059E-03   -0.3713823E-03    0.4322977E-06    0.7269548E-07
    0.1720374E-06   -0.2262703E-05    0.1660580E-06    0.8083529E-05    0.7528658E-05    0.9706995E-05   -0.4144104E-02   -0.1866468E-02    0.4787483E-03   -0.1143291E-01   -0.8783805E-03    0.3828017E-02    0.4215225E-02   -0.9592546E-03    0.1412388E-02    0.4855875E-02    0.5927397E-02    0.6143170E-02    0.1367261E-04    0.3044761E-04    0.2754745E-04    0.8351063E-04    0.5418498E-04    0.4289700E-04   -0.3030259E-04   -0.5914629E-04   -0.2523294E-04   -0.1530227E-03   -0.1348092E-03   -0.1571140E-03    0.6091383E-06    0.2077451E-06
    0.2599030E-06   -0.2704240E-05    0.3003523E-06    0.6557112E-05    0.3616248E-05    0.1149749E-04   -0.3524403E-02   -0.1589327E-02    0.1065845E-03   -0.1130835E-01   -0.2760686E-02    0.2373359E-02    0.3542105E-02   -0.1282935E-02    0.2487240E-02    0.7080740E-02    0.6940522E-02    0.6724173E-02    0.1609655E-04    0.3277312E-04    0.6351206E-04    0.5418498E-04    0.1238825E-03    0.1522103E-03   -0.8122691E-04   -0.1084106E-03   -0.1561807E-03   -0.1610874E-03   -0.2512076E-03   -0.5007893E-03    0.7709057E-06    0.8438623E-07
    0.2644174E-06   -0.2043388E-05    0.2286444E-06    0.6861686E-05    0.3799611E-05    0.1145086E-04   -0.5776660E-02   -0.2478605E-03    0.5064458E-03   -0.1909691E-01   -0.6192209E-02    0.1545171E-02    0.7085545E-02   -0.2391735E-02    0.7219281E-02    0.1566882E-01    0.1236764E-01    0.1329310E-01    0.2098031E-04    0.3475356E-04    0.1174644E-03    0.4289700E-04    0.1522103E-03    0.6278459E-03   -0.4623343E-04   -0.1079749E-03   -0.2167438E-03   -0.1638954E-03   -0.3916387E-03   -0.8687599E-03    0.9755081E-06    0.2161677E-06
   -0.2416444E-05    0.1479923E-04   -0.1146319E-05   -0.8248184E-04   -0.1316292E-03   -0.4244791E-04    0.2762155E-01    0.2089656E-01    0.2055774E-02    0.6697248E-01   -0.3989110E-02   -0.3176079E-01   -0.4295229E-02    0.4755723E-02   -0.3123164E-01   -0.2102650E-01   -0.2932396E-01   -0.3594941E-01   -0.1114453E-03   -0.8865043E-04   -0.1015664E-03   -0.3030259E-04   -0.8122691E-04   -0.4623343E-04    0.1338909E-01    0.9191569E-02    0.1041017E-01    0.2292448E-02    0.2612965E-02    0.3736871E-02   -0.1458713E-05    0.8798004E-06
   -0.2960417E-05    0.1724911E-04   -0.1892602E-05   -0.1077502E-03   -0.1703237E-03   -0.4215710E-04    0.2367476E-01    0.9203989E-02   -0.6831139E-02    0.1215166E+00    0.2341086E-01   -0.1265564E-01   -0.1425375E-01    0.1193103E-01   -0.7517125E-01   -0.5987210E-01   -0.6814808E-01   -0.7107532E-01   -0.8798763E-04   -0.1180019E-03   -0.1004912E-03   -0.5914629E-04   -0.1084106E-03   -0.1079749E-03    0.9191569E-02    0.1312862E-01    0.1482217E-01    0.8605626E-02    0.8809875E-02    0.8519850E-02    0.2267795E-05   -0.1377031E-05
   -0.4184325E-05    0.2145845E-04   -0.2380877E-05   -0.1688311E-03   -0.2871758E-03   -0.5557058E-04    0.2364107E-01    0.2639018E-01   -0.1101225E-01    0.1968058E+00    0.7188411E-02   -0.4886087E-01   -0.5812332E-02    0.1196176E-01   -0.6893159E-01   -0.4059938E-01   -0.7111077E-01   -0.7215953E-01   -0.7829365E-04   -0.1107587E-03   -0.1312011E-03   -0.2523294E-04   -0.1561807E-03   -0.2167438E-03    0.1041017E-01    0.1482217E-01    0.2764475E-01    0.5166854E-02    0.1276448E-01    0.2448098E-01    0.1304196E-05    0.1173753E-05
   -0.3648190E-05    0.2132365E-04   -0.3837191E-05   -0.9757451E-04   -0.1433411E-03   -0.3152546E-04   -0.1626229E-01   -0.4519946E-02    0.1160913E-02    0.7724539E-01    0.2424328E-01    0.2738430E-01    0.2834551E-01    0.1768271E-01   -0.8483326E-01   -0.9076600E-01   -0.9260805E-01   -0.8958555E-01   -0.6145408E-04   -0.1134505E-03   -0.7001657E-04   -0.1530227E-03   -0.1610874E-03   -0.1638954E-03    0.2292448E-02    0.8605626E-02    0.5166854E-02    0.2098719E-01    0.1924288E-01    0.1329514E-01   -0.9854700E-06    0.9684947E-06
   -0.5366616E-05    0.2639029E-04   -0.4806805E-05   -0.1545743E-03   -0.2528411E-03   -0.5100103E-04   -0.5446264E-02    0.1354304E-01   -0.4806973E-02    0.2149115E+00    0.4932740E-01    0.1624034E-01    0.4651999E-01    0.1047939E-01   -0.1178038E+00   -0.7708889E-01   -0.1070400E+00   -0.1094203E+00   -0.4749837E-04   -0.1160953E-03   -0.1700059E-03   -0.1348092E-03   -0.2512076E-03   -0.3916387E-03    0.2612965E-02    0.8809875E-02    0.1276448E-01    0.1924288E-01    0.2930698E-01    0.4082265E-01    0.1926853E-05    0.3743859E-05
   -0.8879032E-05    0.4507173E-04   -0.7324397E-05   -0.2901750E-03   -0.4753915E-03   -0.1212912E-03   -0.2553565E-01    0.2884720E-01   -0.7651990E-02    0.3938011E+00    0.1075955E+00    0.5181332E-01    0.1504309E+00    0.5154213E-02   -0.1392573E+00   -0.1069677E+00   -0.1658706E+00   -0.1748575E+00   -0.9706131E-04   -0.1479952E-03   -0.3713823E-03   -0.1571140E-03   -0.5007893E-03   -0.8687599E-03    0.3736871E-02    0.8519850E-02    0.2448098E-01    0.1329514E-01    0.4082265E-01    0.1027831E+00   -0.7486696E-05    0.9998296E-05
   -0.2051017E-07   -0.1550169E-06   -0.7848769E-08    0.7402425E-06    0.1336419E-06    0.6421894E-06    0.4877560E-03    0.3923009E-03   -0.1695742E-03   -0.1328815E-02   -0.9301087E-03   -0.1742127E-02   -0.1353790E-02    0.1743385E-04   -0.1266257E-01    0.2856651E-02    0.2380967E-02    0.2390505E-02    0.6613006E-06    0.4887461E-06    0.4322977E-06    0.6091383E-06    0.7709057E-06    0.9755081E-06   -0.1458713E-05    0.2267795E-05    0.1304196E-05   -0.9854700E-06    0.1926853E-05   -0.7486696E-05    0.2226037E-05    0.1535259E-07
    0.3720879E-09   -0.8263935E-07    0.4407958E-08    0.6013173E-06    0.8524347E-06    0.5714632E-06   -0.2701946E-02    0.7281440E-04    0.2561938E-03   -0.3818356E-02   -0.1029381E-02    0.1416380E-02    0.5297924E-02    0.1097826E-03    0.9207965E-04    0.1405054E-03   -0.4785910E-02   -0.9061341E-02    0.2450353E-06    0.2620557E-06    0.7269548E-07    0.2077451E-06    0.8438623E-07    0.2161677E-06    0.8798004E-06   -0.1377031E-05    0.1173753E-05    0.9684947E-06    0.3743859E-05    0.9998296E-05    0.1535259E-07    0.1274365E-05
