# omegabh2 omegach2 theta tau mnu nnu logA ns acib217 acibsz143 asz143 aps100 aps143 aps143217 aps217 aksz kgal100 t1gal143 t1gal143217 t1gal217 calib_100T calib_217T
    0.1911018E-06    0.7017675E-06    0.1431509E-07    0.2459236E-05   -0.6474945E-04    0.1045926E-03    0.7141967E-05    0.6011266E-05    0.5940667E-04    0.2059044E-04    0.6047781E-04   -0.4750387E-03   -0.5018389E-03   -0.4268008E-03   -0.4310943E-03    0.4467371E-04    0.1669844E-02    0.1053661E-02    0.1153861E-02    0.1177958E-02   -0.1213441E-06   -0.1133606E-07
    0.7017675E-06    0.1811577E-04   -0.1597228E-05    0.8087514E-05    0.1596916E-04    0.1121638E-02    0.5846461E-04    0.3454176E-04    0.9485648E-02    0.4320214E-02    0.5863156E-03    0.7848194E-02    0.5575394E-03   -0.7693640E-02   -0.9097861E-02    0.1685131E-02    0.1407687E-01    0.1392364E-01    0.1532264E-01    0.1619720E-01   -0.6759584E-06   -0.5484239E-06
    0.1431509E-07   -0.1597228E-05    0.3702239E-06   -0.1391716E-06   -0.5225524E-04   -0.8154267E-04   -0.3546313E-05   -0.1194893E-05   -0.1102099E-02   -0.5090157E-03   -0.5231249E-04   -0.1218722E-02   -0.2882771E-03    0.7158384E-03    0.8675061E-03   -0.1814677E-03   -0.4952817E-03   -0.9096888E-03   -0.1055833E-02   -0.1151678E-02   -0.4433276E-08    0.6145324E-07
    0.2459236E-05    0.8087514E-05   -0.1391716E-06    0.2176515E-03   -0.2187559E-03    0.1644707E-02    0.4597283E-03    0.1054765E-03   -0.8146317E-03   -0.4269631E-03   -0.1770283E-05    0.1891700E-02    0.2066449E-02    0.2004722E-02    0.2246686E-02   -0.6263747E-03   -0.1610187E-02   -0.4174703E-02   -0.3678357E-02   -0.3778454E-02   -0.3033041E-06    0.1116168E-06
   -0.6474945E-04    0.1596916E-04   -0.5225524E-04   -0.2187559E-03    0.7699834E-01   -0.2259188E-01   -0.9511688E-03   -0.2120133E-02    0.2540080E+00    0.1138162E+00    0.8686006E-02    0.1615012E+00    0.3729607E-01   -0.1837908E+00   -0.2248641E+00    0.3283432E-01    0.1505718E+00    0.3891804E+00    0.4169214E+00    0.4413459E+00    0.2278984E-04   -0.1654141E-04
    0.1045926E-03    0.1121638E-02   -0.8154267E-04    0.1644707E-02   -0.2259188E-01    0.1040391E+00    0.6134070E-02    0.4573742E-02    0.6833778E+00    0.3218162E+00    0.6537445E-01    0.5532485E+00   -0.1058857E+00   -0.6621053E+00   -0.7227229E+00    0.1388707E+00    0.9188342E+00    0.8475658E+00    0.9707349E+00    0.1030025E+01   -0.5913404E-04   -0.3826831E-04
    0.7141967E-05    0.5846461E-04   -0.3546313E-05    0.4597283E-03   -0.9511688E-03    0.6134070E-02    0.1087210E-02    0.3085247E-03    0.1976641E-01    0.8490892E-02    0.5595211E-03    0.4578468E-01    0.2001820E-01   -0.2152914E-03   -0.4003241E-02    0.2193867E-02    0.2014083E-02   -0.3178787E-01   -0.2769362E-01   -0.2589698E-01   -0.5021073E-05   -0.1104169E-05
    0.6011266E-05    0.3454176E-04   -0.1194893E-05    0.1054765E-03   -0.2120133E-02    0.4573742E-02    0.3085247E-03    0.2576969E-03    0.1084455E-01    0.5409223E-02    0.1474185E-02    0.7778410E-02   -0.2295006E-02   -0.1103897E-01   -0.1113001E-01    0.2393989E-02    0.3052115E-01    0.2320095E-01    0.2705164E-01    0.2949590E-01   -0.2182904E-05   -0.8095499E-06
    0.5940667E-04    0.9485648E-02   -0.1102099E-02   -0.8146317E-03    0.2540080E+00    0.6833778E+00    0.1976641E-01    0.1084455E-01    0.8040208E+02    0.3208608E+02    0.1660111E+01    0.2523242E+02   -0.2202152E+02   -0.7880105E+02   -0.9480489E+02   -0.2009962E+01   -0.7040262E+01   -0.1766769E+02   -0.2283637E+02   -0.2729527E+02   -0.2867142E-03   -0.3778165E-02
    0.2059044E-04    0.4320214E-02   -0.5090157E-03   -0.4269631E-03    0.1138162E+00    0.3218162E+00    0.8490892E-02    0.5409223E-02    0.3208608E+02    0.2227408E+02    0.2747305E+01   -0.9577902E+01   -0.2414438E+02   -0.5159505E+02   -0.3251890E+02   -0.9281203E+00   -0.6282704E+01   -0.1218848E+02   -0.1927226E+02   -0.2051115E+02   -0.1907450E-03   -0.4140365E-03
    0.6047781E-04    0.5863156E-03   -0.5231249E-04   -0.1770283E-05    0.8686006E-02    0.6537445E-01    0.5595211E-03    0.1474185E-02    0.1660111E+01    0.2747305E+01    0.5549315E+01   -0.3670027E+02   -0.1628154E+02   -0.5917752E+01   -0.1525584E+01   -0.7122480E-01   -0.1986359E+01   -0.9589498E+00    0.2640436E+01    0.3221575E+01   -0.2111175E-03    0.1355926E-03
   -0.4750387E-03    0.7848194E-02   -0.1218722E-02    0.1891700E-02    0.1615012E+00    0.5532485E+00    0.4578468E-01    0.7778410E-02    0.2523242E+02   -0.9577902E+01   -0.3670027E+02    0.7632181E+03    0.1802912E+03    0.7007201E+02    0.1110365E+02   -0.1035711E+02   -0.8057813E+02   -0.5364960E+02   -0.6062908E+02   -0.6069118E+02   -0.2784650E-02   -0.3541852E-02
   -0.5018389E-03    0.5575394E-03   -0.2882771E-03    0.2066449E-02    0.3729607E-01   -0.1058857E+00    0.2001820E-01   -0.2295006E-02   -0.2202152E+02   -0.2414438E+02   -0.1628154E+02    0.1802912E+03    0.1237118E+03    0.1004286E+03    0.5850354E+02   -0.9873838E+01   -0.2482715E+02   -0.4241495E+02   -0.3662388E+02   -0.3391064E+02   -0.1014133E-02   -0.8192719E-03
   -0.4268008E-03   -0.7693640E-02    0.7158384E-03    0.2004722E-02   -0.1837908E+00   -0.6621053E+00   -0.2152914E-03   -0.1103897E-01   -0.7880105E+02   -0.5159505E+02   -0.5917752E+01    0.7007201E+02    0.1004286E+03    0.1668530E+03    0.1245080E+03   -0.8039280E+01   -0.1966252E+02   -0.2671266E+02   -0.1599608E+02   -0.1624029E+02   -0.1221535E-02    0.2330001E-02
   -0.4310943E-03   -0.9097861E-02    0.8675061E-03    0.2246686E-02   -0.2248641E+00   -0.7227229E+00   -0.4003241E-02   -0.1113001E-01   -0.9480489E+02   -0.3251890E+02   -0.1525584E+01    0.1110365E+02    0.5850354E+02    0.1245080E+03    0.1612942E+03   -0.7875427E+01   -0.2529990E+02   -0.3483425E+02   -0.4115592E+02   -0.4378233E+02   -0.1355060E-02    0.6521890E-02
    0.4467371E-04    0.1685131E-02   -0.1814677E-03   -0.6263747E-03    0.3283432E-01    0.1388707E+00    0.2193867E-02    0.2393989E-02   -0.2009962E+01   -0.9281203E+00   -0.7122480E-01   -0.1035711E+02   -0.9873838E+01   -0.8039280E+01   -0.7875427E+01    0.7945580E+01   -0.1373202E+01   -0.2877353E+01   -0.3115165E+01   -0.3328291E+01   -0.1697315E-03    0.1334104E-03
    0.1669844E-02    0.1407687E-01   -0.4952817E-03   -0.1610187E-02    0.1505718E+00    0.9188342E+00    0.2014083E-02    0.3052115E-01   -0.7040262E+01   -0.6282704E+01   -0.1986359E+01   -0.8057813E+02   -0.2482715E+02   -0.1966252E+02   -0.2529990E+02   -0.1373202E+01    0.2576207E+03    0.1734601E+03    0.1727874E+03    0.1713829E+03   -0.1411317E-01   -0.7360208E-04
    0.1053661E-02    0.1392364E-01   -0.9096888E-03   -0.4174703E-02    0.3891804E+00    0.8475658E+00   -0.3178787E-01    0.2320095E-01   -0.1766769E+02   -0.1218848E+02   -0.9589498E+00   -0.5364960E+02   -0.4241495E+02   -0.2671266E+02   -0.3483425E+02   -0.2877353E+01    0.1734601E+03    0.3019416E+03    0.3069531E+03    0.3067762E+03    0.9017043E-02    0.2314010E-03
    0.1153861E-02    0.1532264E-01   -0.1055833E-02   -0.3678357E-02    0.4169214E+00    0.9707349E+00   -0.2769362E-01    0.2705164E-01   -0.2283637E+02   -0.1927226E+02    0.2640436E+01   -0.6062908E+02   -0.3662388E+02   -0.1599608E+02   -0.4115592E+02   -0.3115165E+01    0.1727874E+03    0.3069531E+03    0.3515648E+03    0.3778615E+03    0.8780343E-02   -0.5220964E-02
    0.1177958E-02    0.1619720E-01   -0.1151678E-02   -0.3778454E-02    0.4413459E+00    0.1030025E+01   -0.2589698E-01    0.2949590E-01   -0.2729527E+02   -0.2051115E+02    0.3221575E+01   -0.6069118E+02   -0.3391064E+02   -0.1624029E+02   -0.4378233E+02   -0.3328291E+01    0.1713829E+03    0.3067762E+03    0.3778615E+03    0.4308563E+03    0.8720300E-02   -0.1017391E-01
   -0.1213441E-06   -0.6759584E-06   -0.4433276E-08   -0.3033041E-06    0.2278984E-04   -0.5913404E-04   -0.5021073E-05   -0.2182904E-05   -0.2867142E-03   -0.1907450E-03   -0.2111175E-03   -0.2784650E-02   -0.1014133E-02   -0.1221535E-02   -0.1355060E-02   -0.1697315E-03   -0.1411317E-01    0.9017043E-02    0.8780343E-02    0.8720300E-02    0.3177542E-05    0.3074902E-07
   -0.1133606E-07   -0.5484239E-06    0.6145324E-07    0.1116168E-06   -0.1654141E-04   -0.3826831E-04   -0.1104169E-05   -0.8095499E-06   -0.3778165E-02   -0.4140365E-03    0.1355926E-03   -0.3541852E-02   -0.8192719E-03    0.2330001E-02    0.6521890E-02    0.1334104E-03   -0.7360208E-04    0.2314010E-03   -0.5220964E-02   -0.1017391E-01    0.3074902E-07    0.1465475E-05
