# omegabh2 omegach2 theta tau omegak ns logA aps100 aps143 aps217 acib143 acib217 asz143 psr cibr ncib cal0 cal2 xi aksz bm_1_1
    0.87680E-07   -0.46754E-06    0.92165E-07    0.10984E-05   -0.60720E-06    0.13030E-05    0.12657E-05   -0.71658E-03   -0.78559E-03   -0.24338E-03   -0.72049E-04   -0.22950E-03   -0.18058E-05   -0.22477E-06   -0.49709E-05   -0.10639E-05    0.11914E-08   -0.51300E-08    0.21003E-05   -0.44362E-04   -0.11829E-04
   -0.46754E-06    0.72715E-05   -0.81484E-06   -0.10915E-04    0.64954E-05   -0.15969E-04   -0.44797E-05    0.73159E-02    0.45207E-02    0.35714E-02   -0.86860E-04    0.10094E-03   -0.93581E-04    0.55469E-05   -0.49553E-05    0.34421E-05   -0.14055E-07    0.30997E-07    0.14067E-04   -0.11112E-03    0.16413E-03
    0.92165E-07   -0.81484E-06    0.41521E-06    0.16833E-05   -0.10080E-05    0.23344E-05    0.17657E-05   -0.55371E-03   -0.63348E-03   -0.25604E-03   -0.22212E-04   -0.14072E-03   -0.17544E-05   -0.81143E-06   -0.21686E-05   -0.20929E-05    0.28706E-08   -0.80184E-08   -0.10421E-05   -0.45422E-05   -0.17995E-04
    0.10984E-05   -0.10915E-04    0.16833E-05    0.17614E-03   -0.80226E-05    0.37126E-04    0.32539E-03   -0.40166E-01   -0.13469E-01    0.14288E-02   -0.36788E-02   -0.66895E-02   -0.68587E-03    0.62352E-05   -0.15787E-03   -0.36104E-05    0.18044E-07   -0.21876E-06   -0.21181E-04   -0.15501E-02   -0.32344E-03
   -0.60720E-06    0.64954E-05   -0.10080E-05   -0.80226E-05    0.22006E-04   -0.15142E-04   -0.16238E-05    0.95864E-02    0.58562E-02    0.36261E-02    0.21938E-03    0.91110E-03    0.10888E-04    0.56365E-05    0.19393E-04    0.54041E-05   -0.79586E-08    0.16901E-06   -0.26189E-04    0.28906E-03    0.16782E-03
    0.13030E-05   -0.15969E-04    0.23344E-05    0.37126E-04   -0.15142E-04    0.55411E-04    0.35781E-04   -0.57171E-01   -0.12550E-01    0.78292E-02   -0.48397E-02   -0.96150E-02   -0.24582E-03    0.29939E-04   -0.24415E-03   -0.23706E-05   -0.40332E-08    0.14640E-06    0.61318E-04   -0.28926E-02   -0.17608E-03
    0.12657E-05   -0.44797E-05    0.17657E-05    0.32539E-03   -0.16238E-05    0.35781E-04    0.64712E-03   -0.68834E-01   -0.11397E-01    0.24333E-01   -0.11449E-01   -0.18717E-01   -0.24442E-02    0.58354E-04   -0.50544E-03    0.15138E-04    0.48873E-07    0.27149E-06    0.44854E-04   -0.50835E-02    0.35935E-03
   -0.71658E-03    0.73159E-02   -0.55371E-03   -0.40166E-01    0.95864E-02   -0.57171E-01   -0.68834E-01    0.35439E+04    0.96798E+02   -0.14075E+03    0.72979E+02    0.96541E+02   -0.67502E+02   -0.81077E+00   -0.38940E+00    0.77167E+00    0.11126E-03   -0.45154E-03   -0.16915E+00   -0.13698E+02    0.16528E+02
   -0.78559E-03    0.45207E-02   -0.63348E-03   -0.13469E-01    0.58562E-02   -0.12550E-01   -0.11397E-01    0.96798E+02    0.18088E+03    0.31784E+02   -0.36460E+02    0.20685E+01   -0.72865E+01   -0.12482E+00    0.12981E-01    0.67519E-01    0.21323E-04    0.11947E-02    0.11085E+01   -0.12774E+02    0.42288E+00
   -0.24338E-03    0.35714E-02   -0.25604E-03    0.14288E-02    0.36261E-02    0.78292E-02    0.24333E-01   -0.14075E+03    0.31784E+02    0.28770E+03   -0.24216E+02   -0.11554E+03    0.23180E+01    0.85247E-01   -0.16553E+01   -0.91758E+00    0.13001E-04   -0.27322E-02    0.58475E+00   -0.11057E+02    0.10410E+01
   -0.72049E-04   -0.86860E-04   -0.22212E-04   -0.36788E-02    0.21938E-03   -0.48397E-02   -0.11449E-01    0.72979E+02   -0.36460E+02   -0.24216E+02    0.29589E+02    0.13892E+02   -0.21320E+01   -0.43489E-02    0.91743E-01    0.84120E-01   -0.25329E-04   -0.51641E-03    0.13302E+00   -0.69786E+00   -0.42174E+00
   -0.22950E-03    0.10094E-03   -0.14072E-03   -0.66895E-02    0.91110E-03   -0.96150E-02   -0.18717E-01    0.96541E+02    0.20685E+01   -0.11554E+03    0.13892E+02    0.58449E+02   -0.87034E+00    0.54893E-02    0.76429E+00    0.55362E+00   -0.16763E-04    0.13230E-02   -0.30821E+00   -0.12312E+01   -0.35321E+00
   -0.18058E-05   -0.93581E-04   -0.17544E-05   -0.68587E-03    0.10888E-04   -0.24582E-03   -0.24442E-02   -0.67502E+02   -0.72865E+01    0.23180E+01   -0.21320E+01   -0.87034E+00    0.76272E+01    0.40848E-01    0.27379E+00   -0.36417E-01    0.14799E-04   -0.15421E-03   -0.54954E-01   -0.10063E+00    0.17563E+00
   -0.22477E-06    0.55469E-05   -0.81143E-06    0.62352E-05    0.56365E-05    0.29939E-04    0.58354E-04   -0.81077E+00   -0.12482E+00    0.85247E-01   -0.43489E-02    0.54893E-02    0.40848E-01    0.64969E-02   -0.54478E-02    0.43719E-02    0.22684E-06   -0.68989E-05    0.39047E-02   -0.98938E-02    0.42196E-02
   -0.49709E-05   -0.49553E-05   -0.21686E-05   -0.15787E-03    0.19393E-04   -0.24415E-03   -0.50544E-03   -0.38940E+00    0.12981E-01   -0.16553E+01    0.91743E-01    0.76429E+00    0.27379E+00   -0.54478E-02    0.49571E-01   -0.46623E-02   -0.66470E-06    0.31916E-04   -0.10932E-03   -0.27261E-01   -0.72185E-02
   -0.10639E-05    0.34421E-05   -0.20929E-05   -0.36104E-05    0.54041E-05   -0.23706E-05    0.15138E-04    0.77167E+00    0.67519E-01   -0.91758E+00    0.84120E-01    0.55362E+00   -0.36417E-01    0.43719E-02   -0.46623E-02    0.15457E-01   -0.32695E-06   -0.13210E-07   -0.14751E-02   -0.48208E-02    0.71412E-02
    0.11914E-08   -0.14055E-07    0.28706E-08    0.18044E-07   -0.79586E-08   -0.40332E-08    0.48873E-07    0.11126E-03    0.21323E-04    0.13001E-04   -0.25329E-04   -0.16763E-04    0.14799E-04    0.22684E-06   -0.66470E-06   -0.32695E-06    0.15580E-06    0.32504E-08    0.11874E-05    0.91239E-05   -0.19696E-04
   -0.51300E-08    0.30997E-07   -0.80184E-08   -0.21876E-06    0.16901E-06    0.14640E-06    0.27149E-06   -0.45154E-03    0.11947E-02   -0.27322E-02   -0.51641E-03    0.13230E-02   -0.15421E-03   -0.68989E-05    0.31916E-04   -0.13210E-07    0.32504E-08    0.18766E-05   -0.27998E-05   -0.55878E-04    0.10974E-03
    0.21003E-05    0.14067E-04   -0.10421E-05   -0.21181E-04   -0.26189E-04    0.61318E-04    0.44854E-04   -0.16915E+00    0.11085E+01    0.58475E+00    0.13302E+00   -0.30821E+00   -0.54954E-01    0.39047E-02   -0.10932E-03   -0.14751E-02    0.11874E-05   -0.27998E-05    0.81983E-01    0.11571E-01    0.25098E-02
   -0.44362E-04   -0.11112E-03   -0.45422E-05   -0.15501E-02    0.28906E-03   -0.28926E-02   -0.50835E-02   -0.13698E+02   -0.12774E+02   -0.11057E+02   -0.69786E+00   -0.12312E+01   -0.10063E+00   -0.98938E-02   -0.27261E-01   -0.48208E-02    0.91239E-05   -0.55878E-04    0.11571E-01    0.81140E+01   -0.21388E-01
   -0.11829E-04    0.16413E-03   -0.17995E-04   -0.32344E-03    0.16782E-03   -0.17608E-03    0.35935E-03    0.16528E+02    0.42288E+00    0.10410E+01   -0.42174E+00   -0.35321E+00    0.17563E+00    0.42196E-02   -0.72185E-02    0.71412E-02   -0.19696E-04    0.10974E-03    0.25098E-02   -0.21388E-01    0.31639E+00
