# omegabh2 omegach2 theta tau ns nrun logA aps100 aps143 aps217 acib143 acib217 asz143 psr cibr cal0 cal2 xi aksz bm_1_1 a_ps_act_148 a_ps_act_217 a_ps_spt_95 a_ps_spt_150 a_ps_spt_220 r_ps_spt_95x150 r_ps_spt_95x220 r_ps_150x220 act_dust_s act_dust_e cal_acts_148 cal_acts_217 cal_acte_148 cal_acte_217 cal_spt_95 cal_spt_150 cal_spt_220
7.551500E-08 -1.249100E-07 5.493200E-08 1.518900E-06 3.364400E-07 -1.029300E-06 3.155600E-06 3.844400E-04 -3.703600E-04 -3.301500E-04 -5.240600E-08 6.781800E-06 1.048789E-07 -1.528900E-07 4.433100E-08 3.554800E-09 8.614900E-09 -4.774500E-09 -5.946289E-06 1.689600E-06 1.916000E-05 6.502000E-05 9.239900E-06 1.514200E-05 1.283300E-04 1.223200E-07 -2.957800E-07 -2.545800E-07 -1.695000E-06 7.349400E-07 4.682400E-07 4.731000E-07 5.541700E-07 3.206100E-07 4.153300E-07 5.008200E-07 5.387600E-07
-1.249100E-07 3.177200E-06 -2.023000E-07 -4.381500E-06 -7.066000E-06 -1.571500E-06 -5.711900E-07 1.458900E-03 9.866700E-04 1.287900E-03 -1.117700E-05 -7.185800E-05 -1.875284E-05 6.639800E-07 -1.623800E-06 -2.092900E-08 3.845500E-09 1.118300E-06 4.240444E-06 9.680100E-05 -5.693900E-05 -2.594800E-04 -8.139100E-06 -2.838900E-05 -2.776600E-04 -1.917400E-06 -4.450400E-07 1.559400E-06 -2.657000E-06 1.913000E-06 -2.372400E-06 -1.256400E-06 -2.334300E-06 -1.329300E-06 -1.324900E-06 -1.521200E-06 -6.386500E-07
5.493200E-08 -2.023000E-07 3.290300E-07 1.397000E-06 9.354300E-07 -3.061800E-07 2.685000E-06 9.250300E-04 -1.894500E-04 -1.318600E-04 -1.000200E-05 -1.816500E-06 -2.729739E-05 -3.752900E-07 6.272500E-08 4.203800E-09 1.506500E-08 6.291200E-08 2.257113E-05 2.349300E-05 7.153400E-06 -3.094100E-05 1.951300E-05 1.279200E-05 5.257000E-05 -1.351000E-06 -1.276300E-06 1.578300E-07 -5.715900E-07 -2.079400E-06 -3.926300E-09 -2.773300E-07 9.572800E-08 1.158500E-07 -1.520300E-07 2.226400E-07 3.277400E-08
1.518900E-06 -4.381500E-06 1.397000E-06 2.666400E-04 1.869900E-05 -5.984100E-05 5.345800E-04 1.222200E-02 -6.185400E-03 -6.069000E-03 2.591600E-04 1.248200E-04 -6.132166E-05 -6.821200E-06 -2.834400E-05 -9.195600E-10 1.357500E-07 6.863100E-06 -5.905972E-04 3.194400E-04 4.614500E-04 2.196400E-03 1.363100E-04 2.478100E-04 4.010400E-03 3.254700E-05 -3.085800E-06 2.081100E-06 2.420500E-05 -7.643500E-05 9.853200E-06 1.107000E-05 5.197600E-06 7.810800E-06 1.035300E-05 9.586500E-06 1.471800E-05
3.364400E-07 -7.066000E-06 9.354300E-07 1.869900E-05 3.306200E-05 1.170200E-05 1.331700E-05 -3.425700E-02 -2.023100E-02 -1.208600E-02 2.176700E-05 -5.516300E-04 6.605051E-04 -7.829700E-06 -4.278500E-06 -3.055600E-08 2.499400E-07 -9.727300E-06 -6.411164E-04 -4.744000E-04 4.415100E-04 2.082900E-03 1.001400E-04 4.146000E-04 2.400700E-03 2.088100E-06 6.648500E-06 -3.874600E-07 -6.780500E-06 3.208900E-06 1.462400E-05 6.529000E-06 1.387300E-05 6.228000E-06 1.065100E-05 1.399500E-05 7.514600E-06
-1.029300E-06 -1.571500E-06 -3.061800E-07 -5.984100E-05 1.170200E-05 7.561400E-05 -1.442600E-04 -4.521900E-02 -1.996700E-02 -1.136000E-02 -1.427000E-04 -8.654100E-04 6.810320E-04 -3.076600E-06 -4.704400E-07 -1.568100E-07 6.128000E-08 -2.298000E-05 -6.945565E-04 -1.037200E-03 4.082200E-04 9.879700E-04 1.094800E-04 5.159900E-04 1.547500E-03 -1.734100E-05 -5.856600E-06 6.041200E-08 6.383500E-07 -3.515700E-05 1.301000E-05 -2.107100E-06 1.554900E-05 1.754500E-06 1.435700E-05 1.195200E-05 1.899800E-06
3.155600E-06 -5.711900E-07 2.685000E-06 5.345800E-04 1.331700E-05 -1.442600E-04 1.103800E-03 3.552200E-02 -6.840500E-03 -6.945500E-03 5.552200E-04 4.656000E-04 -3.587696E-04 -1.278000E-05 -6.030100E-05 4.743800E-08 4.203000E-07 2.059500E-05 -1.136826E-03 1.522300E-03 7.008900E-04 3.143200E-03 3.212200E-04 3.497200E-04 7.183900E-03 6.519200E-05 -7.960400E-06 5.961700E-06 4.639900E-05 -1.449100E-04 1.041600E-05 1.822600E-05 1.056100E-06 1.158000E-05 1.651000E-05 1.282000E-05 2.751600E-05
3.844400E-04 1.458900E-03 9.250300E-04 1.222200E-02 -3.425700E-02 -4.521900E-02 3.552200E-02 1.586000E+03 8.532300E+01 1.911500E+01 -2.060600E-01 5.085500E+00 -1.015361E+01 3.707400E-02 -2.041900E-01 1.570900E-03 -1.862700E-04 7.146400E-03 5.226144E+00 1.764100E+01 -2.960000E-01 1.091800E+00 4.052900E+00 -6.230200E-01 -6.103500E-01 -2.144200E-02 -4.630700E-01 -3.497900E-02 -1.937000E-01 -5.985300E-02 -6.850200E-02 2.460200E-02 -4.309000E-02 2.212800E-02 -9.544600E-02 -4.078400E-02 1.796700E-03
-3.703600E-04 9.866700E-04 -1.894500E-04 -6.185400E-03 -2.023100E-02 -1.996700E-02 -6.840500E-03 8.532300E+01 6.981800E+01 2.002300E+01 2.298700E-02 1.309800E+00 -2.427304E+00 1.199600E-02 -3.733100E-03 6.309900E-05 -1.329400E-03 1.600100E-02 8.451061E-01 4.317600E-02 -3.998500E-01 -2.135300E+00 8.239600E-01 -4.957300E-01 -4.717700E+00 -3.967000E-03 -6.421900E-02 -1.762900E-02 -2.448900E-02 -3.574000E-02 -2.607700E-02 -5.921400E-03 -2.618000E-02 -5.379600E-03 -3.503200E-02 -2.340200E-02 -1.983300E-02
-3.301500E-04 1.287900E-03 -1.318600E-04 -6.069000E-03 -1.208600E-02 -1.136000E-02 -6.945500E-03 1.911500E+01 2.002300E+01 3.631100E+01 -7.226300E-01 -4.854200E+00 1.540475E+00 -4.578900E-03 -3.320600E-03 5.892400E-05 -7.241400E-04 -3.246700E-03 -8.281567E-01 2.350100E-01 -7.680300E-03 -1.951700E+00 -1.187700E+00 1.341300E-01 -3.271500E+00 -6.991100E-03 7.137600E-02 2.882000E-02 1.001000E-02 4.475300E-02 -1.346100E-02 -2.767100E-02 -1.321300E-02 -2.502500E-02 -6.068100E-03 -1.435200E-02 -2.320700E-02
-5.240600E-08 -1.117700E-05 -1.000200E-05 2.591600E-04 2.176700E-05 -1.427000E-04 5.552200E-04 -2.060600E-01 2.298700E-02 -7.226300E-01 4.086000E-01 8.343400E-01 2.753959E-01 -4.777200E-04 -7.633500E-03 2.118200E-06 9.671400E-06 3.667100E-03 -5.520085E-01 1.125600E-02 -1.078500E-01 -1.913800E-01 -5.243700E-02 -1.552400E-01 -2.192400E-01 2.495200E-02 2.128900E-02 -3.145500E-03 -1.536600E-03 -5.050100E-03 3.885600E-04 7.104400E-04 4.083600E-04 4.660000E-04 -7.014900E-04 9.651000E-05 7.649500E-04
6.781800E-06 -7.185800E-05 -1.816500E-06 1.248200E-04 -5.516300E-04 -8.654100E-04 4.656000E-04 5.085500E+00 1.309800E+00 -4.854200E+00 8.343400E-01 3.793700E+00 -3.475421E-02 4.344400E-03 1.136500E-02 6.653900E-06 4.582300E-04 1.796300E-03 -8.602866E-01 -4.088000E-03 -2.387400E-01 -4.237700E-01 1.818900E-01 -3.691400E-01 -5.901800E-01 4.225000E-02 2.368000E-02 -2.014700E-02 -2.930700E-03 -2.223800E-02 -3.696600E-04 8.776500E-03 -5.053700E-04 7.636300E-03 -4.759600E-03 -3.058800E-04 6.142200E-03
1.048789E-07 -1.875284E-05 -2.729739E-05 -6.132166E-05 6.605051E-04 6.810320E-04 -3.587696E-04 -1.015361E+01 -2.427304E+00 1.540475E+00 2.753959E-01 -3.475421E-02 1.382167E+00 -6.825188E-04 1.749293E-02 3.039177E-06 -2.678470E-04 -6.232402E-03 -1.166366E+00 1.221158E-02 -7.995412E-02 -3.912913E-01 -6.814157E-01 -7.997810E-02 -3.921018E-01 3.013375E-02 6.896648E-02 -1.852839E-04 -1.728910E-03 5.726904E-03 2.789258E-03 -3.944614E-03 2.378336E-03 -4.159715E-03 4.425653E-03 1.238039E-03 -1.851160E-03
-1.528900E-07 6.639800E-07 -3.752900E-07 -6.821200E-06 -7.829700E-06 -3.076600E-06 -1.278000E-05 3.707400E-02 1.199600E-02 -4.578900E-03 -4.777200E-04 4.344400E-03 -6.825188E-04 2.933800E-04 -7.944600E-06 -3.266700E-08 2.832000E-07 2.171400E-05 8.146630E-04 -3.495500E-05 4.080500E-05 -3.748500E-03 -1.700900E-04 3.139800E-05 -3.139600E-03 3.990200E-06 3.518400E-06 1.887400E-05 1.909400E-05 3.216300E-05 -9.021200E-06 4.281400E-06 -9.320900E-06 7.991900E-07 -1.152600E-05 -1.204600E-05 1.291700E-05
4.433100E-08 -1.623800E-06 6.272500E-08 -2.834400E-05 -4.278500E-06 -4.704400E-07 -6.030100E-05 -2.041900E-01 -3.733100E-03 -3.320600E-03 -7.633500E-03 1.136500E-02 1.749293E-02 -7.944600E-06 2.091800E-03 -2.984500E-07 -4.950900E-07 5.377700E-05 -3.600315E-03 -1.402900E-03 2.519000E-03 -2.150800E-03 -1.363900E-02 3.345800E-03 -6.917300E-03 -1.963800E-04 1.299600E-03 -3.012500E-04 -8.182500E-05 4.622500E-05 4.572000E-05 3.233500E-05 2.060500E-05 8.859900E-06 9.033200E-05 2.957100E-05 1.472600E-05
3.554800E-09 -2.092900E-08 4.203800E-09 -9.195600E-10 -3.055600E-08 -1.568100E-07 4.743800E-08 1.570900E-03 6.309900E-05 5.892400E-05 2.118200E-06 6.653900E-06 3.039177E-06 -3.266700E-08 -2.984500E-07 1.654800E-07 2.666000E-09 -4.835900E-07 -1.254546E-05 -2.572900E-05 8.020100E-07 -3.628700E-05 -1.168900E-05 -2.165900E-06 -7.467400E-05 6.191000E-07 -8.598200E-08 2.530800E-08 1.283600E-06 -5.046300E-07 -9.842000E-08 -1.341600E-07 -6.591800E-08 -1.426900E-07 -2.169000E-07 -7.751600E-08 -9.300800E-08
8.614900E-09 3.845500E-09 1.506500E-08 1.357500E-07 2.499400E-07 6.128000E-08 4.203000E-07 -1.862700E-04 -1.329400E-03 -7.241400E-04 9.671400E-06 4.582300E-04 -2.678470E-04 2.832000E-07 -4.950900E-07 2.666000E-09 6.372000E-07 1.790200E-06 1.784298E-04 2.594400E-05 1.209600E-05 6.715500E-05 1.795700E-04 2.338500E-06 1.425100E-04 -5.236500E-06 -1.270400E-05 -1.847900E-06 4.891800E-06 -1.628400E-06 2.452500E-07 2.045800E-06 -2.560600E-08 2.156900E-06 -1.331700E-06 2.615200E-07 2.267300E-06
-4.774500E-09 1.118300E-06 6.291200E-08 6.863100E-06 -9.727300E-06 -2.298000E-05 2.059500E-05 7.146400E-03 1.600100E-02 -3.246700E-03 3.667100E-03 1.796300E-03 -6.232402E-03 2.171400E-05 5.377700E-05 -4.835900E-07 1.790200E-06 1.318900E-03 9.079877E-03 1.657000E-04 2.648200E-03 3.205300E-05 1.866700E-03 1.474100E-03 -1.625900E-04 3.552800E-04 7.776100E-04 4.508800E-05 -3.047300E-05 -1.713500E-04 -1.290200E-05 2.520100E-05 -2.329000E-05 4.184100E-06 -3.888300E-05 4.525900E-07 5.251300E-05
-5.946289E-06 4.240444E-06 2.257113E-05 -5.905972E-04 -6.411164E-04 -6.945565E-04 -1.136826E-03 5.226144E+00 8.451061E-01 -8.281567E-01 -5.520085E-01 -8.602866E-01 -1.166366E+00 8.146630E-04 -3.600315E-03 -1.254546E-05 1.784298E-04 9.079877E-03 1.813164E+00 -2.358727E-02 3.678891E-02 5.937444E-01 3.290946E-01 1.033381E-01 7.479143E-01 -4.258545E-02 -5.925308E-02 6.480895E-03 2.811261E-03 -2.998857E-04 -3.400171E-04 3.053572E-03 -4.753246E-04 3.428352E-03 -9.776778E-04 -1.191932E-04 2.366338E-03
1.689600E-06 9.680100E-05 2.349300E-05 3.194400E-04 -4.744000E-04 -1.037200E-03 1.522300E-03 1.764100E+01 4.317600E-02 2.350100E-01 1.125600E-02 -4.088000E-03 1.221158E-02 -3.495500E-05 -1.402900E-03 -2.572900E-05 2.594400E-05 1.657000E-04 -2.358727E-02 6.310600E-01 -1.007700E-02 3.837000E-02 4.086600E-03 -3.653300E-03 1.255200E-01 -2.500500E-05 -5.672400E-04 8.489300E-05 1.998800E-04 -3.566900E-04 -6.751100E-04 -1.285600E-04 -2.989700E-04 -1.376200E-04 -3.096700E-04 -2.362100E-04 1.245100E-04
1.916000E-05 -5.693900E-05 7.153400E-06 4.614500E-04 4.415100E-04 4.082200E-04 7.008900E-04 -2.960000E-01 -3.998500E-01 -7.680300E-03 -1.078500E-01 -2.387400E-01 -7.995412E-02 4.080500E-05 2.519000E-03 8.020100E-07 1.209600E-05 2.648200E-03 3.678891E-02 -1.007700E-02 2.839300E-01 -1.639000E-01 7.969600E-02 9.883100E-02 3.693200E-01 -4.669900E-03 -8.426700E-03 -2.588800E-03 1.147300E-04 -4.710100E-03 1.912800E-03 -1.008500E-03 1.981400E-03 -9.755400E-04 2.522700E-04 2.792200E-04 6.691700E-04
6.502000E-05 -2.594800E-04 -3.094100E-05 2.196400E-03 2.082900E-03 9.879700E-04 3.143200E-03 1.091800E+00 -2.135300E+00 -1.951700E+00 -1.913800E-01 -4.237700E-01 -3.912913E-01 -3.748500E-03 -2.150800E-03 -3.628700E-05 6.715500E-05 3.205300E-05 5.937444E-01 3.837000E-02 -1.639000E-01 1.319000E+01 2.485400E-01 8.146800E-02 9.394500E-01 -2.734400E-02 -2.828100E-02 -9.693000E-04 6.586700E-03 9.357400E-03 1.102900E-03 4.809200E-02 6.558500E-04 3.767700E-02 2.085900E-03 1.226500E-03 3.657900E-03
9.239900E-06 -8.139100E-06 1.951300E-05 1.363100E-04 1.001400E-04 1.094800E-04 3.212200E-04 4.052900E+00 8.239600E-01 -1.187700E+00 -5.243700E-02 1.818900E-01 -6.814157E-01 -1.700900E-04 -1.363900E-02 -1.168900E-05 1.795700E-04 1.866700E-03 3.290946E-01 4.086600E-03 7.969600E-02 2.485400E-01 1.998100E+00 4.720700E-02 1.395500E-01 -8.194700E-02 -1.047200E-01 -1.789900E-03 -1.513300E-03 4.866500E-04 -1.598500E-03 2.660200E-03 -9.949900E-04 2.268100E-03 3.898900E-04 2.327800E-04 1.470300E-03
1.514200E-05 -2.838900E-05 1.279200E-05 2.478100E-04 4.146000E-04 5.159900E-04 3.497200E-04 -6.230200E-01 -4.957300E-01 1.341300E-01 -1.552400E-01 -3.691400E-01 -7.997810E-02 3.139800E-05 3.345800E-03 -2.165900E-06 2.338500E-06 1.474100E-03 1.033381E-01 -3.653300E-03 9.883100E-02 8.146800E-02 4.720700E-02 2.128400E-01 1.255000E-01 -6.935100E-03 -4.802800E-03 5.477200E-04 1.299300E-03 4.200000E-04 -1.390800E-04 -6.157400E-04 -7.210500E-05 -4.996500E-04 6.556500E-04 1.901700E-04 -7.992300E-05
1.283300E-04 -2.776600E-04 5.257000E-05 4.010400E-03 2.400700E-03 1.547500E-03 7.183900E-03 -6.103500E-01 -4.717700E+00 -3.271500E+00 -2.192400E-01 -5.901800E-01 -3.921018E-01 -3.139600E-03 -6.917300E-03 -7.467400E-05 1.425100E-04 -1.625900E-04 7.479143E-01 1.255200E-01 3.693200E-01 9.394500E-01 1.395500E-01 1.255000E-01 1.274200E+01 -2.621500E-02 -6.814800E-02 -1.400500E-02 9.904200E-03 -1.329300E-02 5.092000E-03 2.200100E-03 4.675100E-03 1.505400E-03 5.794400E-03 7.052000E-03 2.881600E-02
1.223200E-07 -1.917400E-06 -1.351000E-06 3.254700E-05 2.088100E-06 -1.734100E-05 6.519200E-05 -2.144200E-02 -3.967000E-03 -6.991100E-03 2.495200E-02 4.225000E-02 3.013375E-02 3.990200E-06 -1.963800E-04 6.191000E-07 -5.236500E-06 3.552800E-04 -4.258545E-02 -2.500500E-05 -4.669900E-03 -2.734400E-02 -8.194700E-02 -6.935100E-03 -2.621500E-02 6.818200E-03 5.884100E-03 -1.703900E-04 2.830700E-04 -5.329800E-04 5.323400E-05 -7.393500E-05 2.771800E-05 -7.081200E-05 -7.933100E-05 -2.676600E-05 -1.982000E-05
-2.957800E-07 -4.450400E-07 -1.276300E-06 -3.085800E-06 6.648500E-06 -5.856600E-06 -7.960400E-06 -4.630700E-01 -6.421900E-02 7.137600E-02 2.128900E-02 2.368000E-02 6.896648E-02 3.518400E-06 1.299600E-03 -8.598200E-08 -1.270400E-05 7.776100E-04 -5.925308E-02 -5.672400E-04 -8.426700E-03 -2.828100E-02 -1.047200E-01 -4.802800E-03 -6.814800E-02 5.884100E-03 1.200600E-02 1.131600E-04 9.956200E-05 -3.142000E-04 9.433700E-05 -1.473500E-04 3.368200E-05 -1.554000E-04 3.365700E-05 -1.143200E-05 -2.839400E-04
-2.545800E-07 1.559400E-06 1.578300E-07 2.081100E-06 -3.874600E-07 6.041200E-08 5.961700E-06 -3.497900E-02 -1.762900E-02 2.882000E-02 -3.145500E-03 -2.014700E-02 -1.852839E-04 1.887400E-05 -3.012500E-04 2.530800E-08 -1.847900E-06 4.508800E-05 6.480895E-03 8.489300E-05 -2.588800E-03 -9.693000E-04 -1.789900E-03 5.477200E-04 -1.400500E-02 -1.703900E-04 1.131600E-04 3.543000E-04 1.417600E-05 2.112900E-04 -7.001100E-06 -4.723000E-05 5.575200E-08 -3.911200E-05 1.495600E-05 -6.117100E-06 -8.189100E-05
-1.695000E-06 -2.657000E-06 -5.715900E-07 2.420500E-05 -6.780500E-06 6.383500E-07 4.639900E-05 -1.937000E-01 -2.448900E-02 1.001000E-02 -1.536600E-03 -2.930700E-03 -1.728910E-03 1.909400E-05 -8.182500E-05 1.283600E-06 4.891800E-06 -3.047300E-05 2.811261E-03 1.998800E-04 1.147300E-04 6.586700E-03 -1.513300E-03 1.299300E-03 9.904200E-03 2.830700E-04 9.956200E-05 1.417600E-05 3.637800E-02 -2.398200E-04 3.271500E-04 1.146500E-04 -6.418100E-05 8.485800E-05 -1.079500E-04 -4.841200E-05 5.385500E-05
7.349400E-07 1.913000E-06 -2.079400E-06 -7.643500E-05 3.208900E-06 -3.515700E-05 -1.449100E-04 -5.985300E-02 -3.574000E-02 4.475300E-02 -5.050100E-03 -2.223800E-02 5.726904E-03 3.216300E-05 4.622500E-05 -5.046300E-07 -1.628400E-06 -1.713500E-04 -2.998857E-04 -3.566900E-04 -4.710100E-03 9.357400E-03 4.866500E-04 4.200000E-04 -1.329300E-02 -5.329800E-04 -3.142000E-04 2.112900E-04 -2.398200E-04 3.938100E-02 2.540600E-05 -6.572000E-05 2.039700E-04 2.834900E-05 1.357300E-04 1.559900E-06 1.626900E-05
4.682400E-07 -2.372400E-06 -3.926300E-09 9.853200E-06 1.462400E-05 1.301000E-05 1.041600E-05 -6.850200E-02 -2.607700E-02 -1.346100E-02 3.885600E-04 -3.696600E-04 2.789258E-03 -9.021200E-06 4.572000E-05 -9.842000E-08 2.452500E-07 -1.290200E-05 -3.400171E-04 -6.751100E-04 1.912800E-03 1.102900E-03 -1.598500E-03 -1.390800E-04 5.092000E-03 5.323400E-05 9.433700E-05 -7.001100E-06 3.271500E-04 2.540600E-05 1.529700E-04 -2.551500E-06 5.481700E-05 5.406500E-06 2.883400E-05 1.886500E-05 1.809500E-05
4.731000E-07 -1.256400E-06 -2.773300E-07 1.107000E-05 6.529000E-06 -2.107100E-06 1.822600E-05 2.460200E-02 -5.921400E-03 -2.767100E-02 7.104400E-04 8.776500E-03 -3.944614E-03 4.281400E-06 3.233500E-05 -1.341600E-07 2.045800E-06 2.520100E-05 3.053572E-03 -1.285600E-04 -1.008500E-03 4.809200E-02 2.660200E-03 -6.157400E-04 2.200100E-03 -7.393500E-05 -1.473500E-04 -4.723000E-05 1.146500E-04 -6.572000E-05 -2.551500E-06 3.358200E-04 7.398100E-06 1.722500E-04 -5.968200E-06 3.978200E-06 3.679600E-05
5.541700E-07 -2.334300E-06 9.572800E-08 5.197600E-06 1.387300E-05 1.554900E-05 1.056100E-06 -4.309000E-02 -2.618000E-02 -1.321300E-02 4.083600E-04 -5.053700E-04 2.378336E-03 -9.320900E-06 2.060500E-05 -6.591800E-08 -2.560600E-08 -2.329000E-05 -4.753246E-04 -2.989700E-04 1.981400E-03 6.558500E-04 -9.949900E-04 -7.210500E-05 4.675100E-03 2.771800E-05 3.368200E-05 5.575200E-08 -6.418100E-05 2.039700E-04 5.481700E-05 7.398100E-06 1.172200E-04 2.712500E-06 2.788800E-05 2.026200E-05 1.246800E-05
3.206100E-07 -1.329300E-06 1.158500E-07 7.810800E-06 6.228000E-06 1.754500E-06 1.158000E-05 2.212800E-02 -5.379600E-03 -2.502500E-02 4.660000E-04 7.636300E-03 -4.159715E-03 7.991900E-07 8.859900E-06 -1.426900E-07 2.156900E-06 4.184100E-06 3.428352E-03 -1.376200E-04 -9.755400E-04 3.767700E-02 2.268100E-03 -4.996500E-04 1.505400E-03 -7.081200E-05 -1.554000E-04 -3.911200E-05 8.485800E-05 2.834900E-05 5.406500E-06 1.722500E-04 2.712500E-06 2.051000E-04 -6.218800E-06 5.132200E-06 3.360000E-05
4.153300E-07 -1.324900E-06 -1.520300E-07 1.035300E-05 1.065100E-05 1.435700E-05 1.651000E-05 -9.544600E-02 -3.503200E-02 -6.068100E-03 -7.014900E-04 -4.759600E-03 4.425653E-03 -1.152600E-05 9.033200E-05 -2.169000E-07 -1.331700E-06 -3.888300E-05 -9.776778E-04 -3.096700E-04 2.522700E-04 2.085900E-03 3.898900E-04 6.556500E-04 5.794400E-03 -7.933100E-05 3.365700E-05 1.495600E-05 -1.079500E-04 1.357300E-04 2.883400E-05 -5.968200E-06 2.788800E-05 -6.218800E-06 3.749000E-04 3.860200E-05 1.144800E-05
5.008200E-07 -1.521200E-06 2.226400E-07 9.586500E-06 1.399500E-05 1.195200E-05 1.282000E-05 -4.078400E-02 -2.340200E-02 -1.435200E-02 9.651000E-05 -3.058800E-04 1.238039E-03 -1.204600E-05 2.957100E-05 -7.751600E-08 2.615200E-07 4.525900E-07 -1.191932E-04 -2.362100E-04 2.792200E-04 1.226500E-03 2.327800E-04 1.901700E-04 7.052000E-03 -2.676600E-05 -1.143200E-05 -6.117100E-06 -4.841200E-05 1.559900E-06 1.886500E-05 3.978200E-06 2.026200E-05 5.132200E-06 3.860200E-05 8.993300E-05 3.332800E-05
5.387600E-07 -6.386500E-07 3.277400E-08 1.471800E-05 7.514600E-06 1.899800E-06 2.751600E-05 1.796700E-03 -1.983300E-02 -2.320700E-02 7.649500E-04 6.142200E-03 -1.851160E-03 1.291700E-05 1.472600E-05 -9.300800E-08 2.267300E-06 5.251300E-05 2.366338E-03 1.245100E-04 6.691700E-04 3.657900E-03 1.470300E-03 -7.992300E-05 2.881600E-02 -1.982000E-05 -2.839400E-04 -8.189100E-05 5.385500E-05 1.626900E-05 1.809500E-05 3.679600E-05 1.246800E-05 3.360000E-05 1.144800E-05 3.332800E-05 4.759800E-04
