# omegabh2 omegach2 theta tau logA ns calPlanck acib217 xi asz143 aps100 aps143 aps143217 aps217 aksz kgal100 kgal143 kgal143217 kgal217 galfEE100 galfEE100143 galfEE100217 galfEE143 galfEE143217 galfEE217 galfTE100 galfTE100143 galfTE100217 galfTE143 galfTE143217 galfTE217 cal0 cal2
    0.2767493E-07   -0.1670828E-06    0.2391284E-07    0.1902406E-05    0.3504852E-05    0.4812967E-06    0.8077842E-08   -0.1625518E-03    0.4380537E-05    0.3219277E-04   -0.5869293E-03   -0.2969210E-03   -0.3323050E-04    0.7557330E-04   -0.5502810E-04   -0.9772728E-05   -0.1212752E-04   -0.1943038E-04    0.1767391E-04    0.9766451E-07    0.3796565E-07    0.2708741E-07    0.4840867E-07    0.8316060E-07    0.1383714E-06   -0.5195294E-06   -0.1913275E-06   -0.6538233E-07   -0.1161551E-06   -0.2883632E-06   -0.1427447E-05    0.6151295E-08   -0.1570118E-07
   -0.1670828E-06    0.2406559E-05   -0.2244452E-06   -0.2014301E-04   -0.3458742E-04   -0.6480708E-05   -0.8533082E-07    0.8509084E-03   -0.2373766E-04   -0.1996644E-03    0.3481909E-02    0.2048793E-02    0.4564052E-03   -0.1448175E-03    0.3079183E-03    0.6048274E-04    0.4121785E-04    0.1236212E-03    0.1484442E-05   -0.1313992E-05   -0.5047200E-06   -0.2839164E-06   -0.5855378E-06   -0.7524220E-06   -0.5815828E-06    0.4206413E-05    0.1590229E-05   -0.1866220E-05    0.1111055E-06    0.2350559E-05    0.1096781E-04   -0.1101399E-07    0.9176762E-07
    0.2391284E-07   -0.2244452E-06    0.1057270E-06    0.2283481E-05    0.4131027E-05    0.7462555E-06    0.1038505E-07   -0.7019049E-04    0.3487664E-05    0.1976939E-04   -0.3950784E-03   -0.2028977E-03   -0.3884766E-04   -0.9602395E-05   -0.3504878E-04   -0.1291729E-04   -0.1529240E-04   -0.2141618E-04   -0.1086220E-04    0.8339829E-07    0.4324711E-07    0.6550212E-07    0.7083610E-07    0.7440138E-07    0.1543118E-06   -0.4536247E-06   -0.2460221E-06    0.2502576E-06   -0.5366282E-07   -0.6225422E-06   -0.1108810E-05    0.5905911E-09   -0.6452512E-08
    0.1902406E-05   -0.2014301E-04    0.2283481E-05    0.5876651E-03    0.1118460E-02    0.7267003E-04   -0.3659226E-05   -0.2679524E-01    0.6387546E-03    0.3479271E-02   -0.8626033E-01   -0.3840769E-01   -0.1167588E-02    0.1781085E-01   -0.7647341E-02   -0.1442238E-02   -0.1219387E-02   -0.5366713E-02   -0.1464925E-03    0.5508324E-05    0.2667765E-05    0.5620586E-05    0.4236045E-05    0.8462390E-05    0.1143531E-04   -0.4956682E-04   -0.2198030E-04   -0.2382273E-04   -0.1815234E-04   -0.1620811E-04   -0.1570763E-03    0.4339469E-07   -0.2935267E-05
    0.3504852E-05   -0.3458742E-04    0.4131027E-05    0.1118460E-02    0.2165681E-02    0.1277483E-03    0.5096630E-05   -0.5110805E-01    0.1255221E-02    0.6514977E-02   -0.1584793E+00   -0.7002103E-01    0.1822248E-02    0.4067184E-01   -0.1543311E-01   -0.3118873E-02   -0.2947243E-02   -0.1107460E-01    0.8185580E-03    0.1004775E-04    0.4424874E-05    0.1032159E-04    0.8373341E-05    0.1661601E-04    0.2009452E-04   -0.9114645E-04   -0.4097694E-04   -0.4483717E-04   -0.3569288E-04   -0.2831477E-04   -0.2698374E-03    0.3130260E-06   -0.5720664E-05
    0.4812967E-06   -0.6480708E-05    0.7462555E-06    0.7267003E-04    0.1277483E-03    0.2756270E-04    0.1695907E-07   -0.6992304E-02    0.1909325E-03    0.1182172E-02   -0.2987986E-01   -0.1031345E-01    0.1533972E-02    0.6021254E-02   -0.2780222E-02   -0.2582486E-04   -0.2906725E-03   -0.1167139E-02    0.3675554E-03    0.5882370E-05    0.2227556E-05    0.1699889E-05    0.2402001E-05    0.2145258E-05    0.2297772E-05   -0.1045978E-04   -0.3962735E-05    0.4262961E-05   -0.6506335E-06   -0.7962171E-05   -0.4540870E-04   -0.1409966E-06   -0.6197584E-06
    0.8077842E-08   -0.8533082E-07    0.1038505E-07   -0.3659226E-05    0.5096630E-05    0.1695907E-07    0.6223874E-05    0.1155157E-02   -0.1110657E-04    0.7252183E-05    0.4018311E-02    0.7166413E-03    0.4370969E-03    0.9297381E-03   -0.7214329E-04   -0.8637588E-04   -0.3711368E-04   -0.1381273E-03    0.3767902E-03    0.1635248E-05    0.3285116E-06   -0.4874981E-07    0.8194697E-06    0.6536322E-06   -0.5168187E-06   -0.5903140E-06   -0.3281292E-06    0.2972337E-05    0.8566513E-06   -0.9356555E-06    0.7472469E-05    0.9290951E-08   -0.2546634E-08
   -0.1625518E-03    0.8509084E-03   -0.7019049E-04   -0.2679524E-01   -0.5110805E-01   -0.6992304E-02    0.1155157E-02    0.4980582E+02   -0.5019163E+00   -0.1277088E+01    0.4506175E+02    0.1513896E+01   -0.1999312E+02   -0.6661477E+02    0.5602224E-01   -0.3094901E+00    0.3918891E+00   -0.2643461E+01   -0.2505517E+02   -0.1746112E-02   -0.3788096E-03    0.3493804E-03   -0.7929088E-03   -0.5901441E-03   -0.4932509E-02    0.3290810E-02    0.3072965E-02    0.2206054E-01    0.1423385E-02   -0.5510820E-02    0.1880493E-01   -0.1170952E-03    0.4520867E-02
    0.4380537E-05   -0.2373766E-04    0.3487664E-05    0.6387546E-03    0.1255221E-02    0.1909325E-03   -0.1110657E-04   -0.5019163E+00    0.8135137E-01   -0.6037434E-01   -0.5973754E+00    0.9454872E+00    0.1821938E+01    0.7711730E+00    0.4564194E-01   -0.2944439E-02    0.9173774E-02    0.1041871E+00    0.1220530E+00   -0.2120280E-05    0.1626630E-05   -0.3501437E-04    0.3174461E-04   -0.3252165E-04   -0.1741523E-03    0.6495734E-04   -0.5177544E-04   -0.5601300E-03   -0.2543378E-04    0.1122008E-03   -0.8171137E-03    0.6487248E-05   -0.1467242E-04
    0.3219277E-04   -0.1996644E-03    0.1976939E-04    0.3479271E-02    0.6514977E-02    0.1182172E-02    0.7252183E-05   -0.1277088E+01   -0.6037434E-01    0.3536989E+01   -0.2776425E+02   -0.3960534E+01    0.6847426E+01    0.5610307E+01   -0.2245385E+01   -0.1756613E+00    0.7905821E-01    0.2266659E+01    0.1718935E+01    0.3649702E-03    0.1671982E-03   -0.1774172E-03    0.2853756E-04    0.4765155E-03    0.1296835E-02    0.2154055E-03    0.5348204E-03    0.4022877E-02   -0.3793853E-03   -0.2101644E-02   -0.3039486E-02    0.1962794E-03   -0.3349357E-03
   -0.5869293E-03    0.3481909E-02   -0.3950784E-03   -0.8626033E-01   -0.1584793E+00   -0.2987986E-01    0.4018311E-02    0.4506175E+02   -0.5973754E+00   -0.2776425E+02    0.7081674E+03    0.6972904E+02   -0.5521205E+02   -0.6947066E+02    0.1090355E+02    0.1147114E-01    0.1601395E+00   -0.1138334E+02   -0.1827361E+02   -0.6446961E-02   -0.2632379E-02    0.2382275E-02   -0.8981452E-03   -0.4287397E-02   -0.1360291E-01    0.2453399E-01   -0.7390986E-02   -0.5605092E-02    0.9553981E-02    0.4651134E-02    0.6958219E-01    0.4281432E-02    0.4422838E-02
   -0.2969210E-03    0.2048793E-02   -0.2028977E-03   -0.3840769E-01   -0.7002103E-01   -0.1031345E-01    0.7166413E-03    0.1513896E+01    0.9454872E+00   -0.3960534E+01    0.6972904E+02    0.5764131E+02    0.3995079E+02    0.1509145E+02   -0.3739953E+01   -0.3697496E+00   -0.7854478E+00    0.3916573E+01    0.3703444E+01   -0.2669052E-02   -0.1186477E-02   -0.6827277E-03   -0.4983321E-03   -0.1472491E-02   -0.3896518E-02   -0.2471250E-03   -0.4204081E-03   -0.1445182E-01    0.2811831E-02    0.7343950E-02    0.2619535E-01    0.7690135E-04    0.3167746E-03
   -0.3323050E-04    0.4564052E-03   -0.3884766E-04   -0.1167588E-02    0.1822248E-02    0.1533972E-02    0.4370969E-03   -0.1999312E+02    0.1821938E+01    0.6847426E+01   -0.5521205E+02    0.3995079E+02    0.8940216E+02    0.6124306E+02   -0.1015407E+02   -0.5611551E+00   -0.2367031E+00    0.4201030E+01    0.4994392E+01   -0.8372664E-03   -0.2991546E-03   -0.1868439E-02    0.2488317E-03    0.1210677E-02   -0.2559969E-02    0.4636439E-02    0.2353733E-04    0.3539193E-02   -0.2609662E-03    0.6007272E-02    0.3287005E-02    0.6942739E-03   -0.2317853E-02
    0.7557330E-04   -0.1448175E-03   -0.9602395E-05    0.1781085E-01    0.4067184E-01    0.6021254E-02    0.9297381E-03   -0.6661477E+02    0.7711730E+00    0.5610307E+01   -0.6947066E+02    0.1509145E+02    0.6124306E+02    0.1229606E+03   -0.8328839E+01    0.6153256E-01   -0.6578879E+00   -0.3272027E+00    0.2115900E+02    0.1680904E-02    0.2680134E-03   -0.1214851E-02    0.6703451E-03    0.1641959E-02    0.7360047E-02    0.8197833E-04   -0.3771022E-02   -0.2007479E-01   -0.3866030E-02    0.1326642E-01   -0.1572163E-02    0.5208535E-03   -0.7793875E-02
   -0.5502810E-04    0.3079183E-03   -0.3504878E-04   -0.7647341E-02   -0.1543311E-01   -0.2780222E-02   -0.7214329E-04    0.5602224E-01    0.4564194E-01   -0.2245385E+01    0.1090355E+02   -0.3739953E+01   -0.1015407E+02   -0.8328839E+01    0.5120072E+01    0.1198570E+00   -0.9698230E-01   -0.1650905E+01   -0.1066909E+01   -0.5200512E-03   -0.2236591E-03   -0.2437294E-03   -0.6603809E-04   -0.7760721E-03   -0.4103680E-03    0.1690553E-02    0.4262370E-03   -0.2681850E-02    0.8384311E-03   -0.9423895E-04    0.1718195E-02   -0.1193626E-03    0.1453590E-03
   -0.9772728E-05    0.6048274E-04   -0.1291729E-04   -0.1442238E-02   -0.3118873E-02   -0.2582486E-04   -0.8637588E-04   -0.3094901E+00   -0.2944439E-02   -0.1756613E+00    0.1147114E-01   -0.3697496E+00   -0.5611551E+00    0.6153256E-01    0.1198570E+00    0.3217708E+01    0.7486022E+00    0.3368854E+00    0.6689751E+00   -0.5627615E-04   -0.1619050E-04   -0.1273404E-03   -0.1783941E-05    0.1083336E-03   -0.9082198E-03   -0.3107046E-02    0.7324544E-03    0.2354691E-03    0.3457402E-03    0.6859843E-03    0.4050253E-02    0.4563360E-03    0.1868181E-04
   -0.1212752E-04    0.4121785E-04   -0.1529240E-04   -0.1219387E-02   -0.2947243E-02   -0.2906725E-03   -0.3711368E-04    0.3918891E+00    0.9173774E-02    0.7905821E-01    0.1601395E+00   -0.7854478E+00   -0.2367031E+00   -0.6578879E+00   -0.9698230E-01    0.7486022E+00    0.3106138E+01    0.2475404E+01    0.1432587E+01    0.1529793E-03    0.5681516E-04   -0.3154800E-03   -0.1232094E-03    0.7176237E-04   -0.1480053E-02    0.2279753E-02   -0.2029907E-03   -0.1900538E-02    0.2796197E-04   -0.3187395E-03    0.4082413E-03   -0.4206988E-03   -0.1766785E-03
   -0.1943038E-04    0.1236212E-03   -0.2141618E-04   -0.5366713E-02   -0.1107460E-01   -0.1167139E-02   -0.1381273E-03   -0.2643461E+01    0.1041871E+00    0.2266659E+01   -0.1138334E+02    0.3916573E+01    0.4201030E+01   -0.3272027E+00   -0.1650905E+01    0.3368854E+00    0.2475404E+01    0.1790472E+02    0.2715610E+02    0.2909651E-03    0.1135616E-03   -0.6375610E-03    0.3906582E-04    0.1183479E-03    0.1146617E-03    0.1730493E-02    0.1351361E-02   -0.1211430E-01    0.7220268E-03   -0.2409679E-02   -0.4996033E-02   -0.9291869E-04    0.2557796E-02
    0.1767391E-04    0.1484442E-05   -0.1086220E-04   -0.1464925E-03    0.8185580E-03    0.3675554E-03    0.3767902E-03   -0.2505517E+02    0.1220530E+00    0.1718935E+01   -0.1827361E+02    0.3703444E+01    0.4994392E+01    0.2115900E+02   -0.1066909E+01    0.6689751E+00    0.1432587E+01    0.2715610E+02    0.6200814E+02    0.1236928E-02    0.2410898E-03   -0.7894146E-03    0.5433999E-03    0.1087952E-02    0.3483802E-02    0.1729650E-03    0.7468936E-03   -0.1429507E-01    0.2333917E-02    0.9442626E-04   -0.1237896E-01   -0.7700685E-04    0.4456799E-02
    0.9766451E-07   -0.1313992E-05    0.8339829E-07    0.5508324E-05    0.1004775E-04    0.5882370E-05    0.1635248E-05   -0.1746112E-02   -0.2120280E-05    0.3649702E-03   -0.6446961E-02   -0.2669052E-02   -0.8372664E-03    0.1680904E-02   -0.5200512E-03   -0.5627615E-04    0.1529793E-03    0.2909651E-03    0.1236928E-02    0.1251299E-03    0.1085707E-04    0.1698545E-06    0.2283359E-05   -0.1656966E-05   -0.2248940E-05   -0.1213191E-04   -0.3521769E-05   -0.1961134E-04    0.2201843E-05    0.9531721E-05    0.1294451E-04   -0.5178236E-07   -0.1573756E-06
    0.3796565E-07   -0.5047200E-06    0.4324711E-07    0.2667765E-05    0.4424874E-05    0.2227556E-05    0.3285116E-06   -0.3788096E-03    0.1626630E-05    0.1671982E-03   -0.2632379E-02   -0.1186477E-02   -0.2991546E-03    0.2680134E-03   -0.2236591E-03   -0.1619050E-04    0.5681516E-04    0.1135616E-03    0.2410898E-03    0.1085707E-04    0.1379727E-04   -0.8450359E-07    0.6196617E-05    0.3675600E-07    0.1078688E-05   -0.1432365E-05    0.2927963E-06    0.4768577E-05   -0.3728302E-06   -0.1595663E-05   -0.5042694E-06   -0.4928592E-07   -0.2922581E-07
    0.2708741E-07   -0.2839164E-06    0.6550212E-07    0.5620586E-05    0.1032159E-04    0.1699889E-05   -0.4874981E-07    0.3493804E-03   -0.3501437E-04   -0.1774172E-03    0.2382275E-02   -0.6827277E-03   -0.1868439E-02   -0.1214851E-02   -0.2437294E-03   -0.1273404E-03   -0.3154800E-03   -0.6375610E-03   -0.7894146E-03    0.1698545E-06   -0.8450359E-07    0.2271350E-03    0.2460078E-06   -0.1874948E-05   -0.6423312E-05    0.3832831E-05    0.5527679E-05    0.3393222E-05    0.3435952E-05   -0.7594416E-05   -0.2822655E-05   -0.8453897E-08    0.5846155E-07
    0.4840867E-07   -0.5855378E-06    0.7083610E-07    0.4236045E-05    0.8373341E-05    0.2402001E-05    0.8194697E-06   -0.7929088E-03    0.3174461E-04    0.2853756E-04   -0.8981452E-03   -0.4983321E-03    0.2488317E-03    0.6703451E-03   -0.6603809E-04   -0.1783941E-05   -0.1232094E-03    0.3906582E-04    0.5433999E-03    0.2283359E-05    0.6196617E-05    0.2460078E-06    0.2994526E-04    0.6419052E-06    0.1381120E-05   -0.2363366E-05   -0.1233320E-05    0.8318950E-05   -0.1214848E-05    0.9397240E-06    0.1044683E-04   -0.2576782E-07   -0.7109841E-07
    0.8316060E-07   -0.7524220E-06    0.7440138E-07    0.8462390E-05    0.1661601E-04    0.2145258E-05    0.6536322E-06   -0.5901441E-03   -0.3252165E-04    0.4765155E-03   -0.4287397E-02   -0.1472491E-02    0.1210677E-02    0.1641959E-02   -0.7760721E-03    0.1083336E-03    0.7176237E-04    0.1183479E-03    0.1087952E-02   -0.1656966E-05    0.3675600E-07   -0.1874948E-05    0.6419052E-06    0.4023364E-03    0.2166272E-04    0.6201386E-05    0.7532596E-05   -0.4235375E-04    0.1631883E-05   -0.1810173E-04   -0.8926930E-04   -0.1135498E-06    0.1797693E-06
    0.1383714E-06   -0.5815828E-06    0.1543118E-06    0.1143531E-04    0.2009452E-04    0.2297772E-05   -0.5168187E-06   -0.4932509E-02   -0.1741523E-03    0.1296835E-02   -0.1360291E-01   -0.3896518E-02   -0.2559969E-02    0.7360047E-02   -0.4103680E-03   -0.9082198E-03   -0.1480053E-02    0.1146617E-03    0.3483802E-02   -0.2248940E-05    0.1078688E-05   -0.6423312E-05    0.1381120E-05    0.2166272E-04    0.3428068E-02   -0.1594079E-04   -0.6223497E-05   -0.2142843E-03    0.3444158E-05   -0.6779860E-04   -0.2068190E-03    0.2225682E-06   -0.1831600E-06
   -0.5195294E-06    0.4206413E-05   -0.4536247E-06   -0.4956682E-04   -0.9114645E-04   -0.1045978E-04   -0.5903140E-06    0.3290810E-02    0.6495734E-04    0.2154055E-03    0.2453399E-01   -0.2471250E-03    0.4636439E-02    0.8197833E-04    0.1690553E-02   -0.3107046E-02    0.2279753E-02    0.1730493E-02    0.1729650E-03   -0.1213191E-04   -0.1432365E-05    0.3832831E-05   -0.2363366E-05    0.6201386E-05   -0.1594079E-04    0.5739550E-02    0.1820689E-02    0.1770367E-02   -0.6625316E-03   -0.1089808E-03   -0.1317563E-03    0.1957075E-05    0.1143222E-05
   -0.1913275E-06    0.1590229E-05   -0.2460221E-06   -0.2198030E-04   -0.4097694E-04   -0.3962735E-05   -0.3281292E-06    0.3072965E-02   -0.5177544E-04    0.5348204E-03   -0.7390986E-02   -0.4204081E-03    0.2353733E-04   -0.3771022E-02    0.4262370E-03    0.7324544E-03   -0.2029907E-03    0.1351361E-02    0.7468936E-03   -0.3521769E-05    0.2927963E-06    0.5527679E-05   -0.1233320E-05    0.7532596E-05   -0.6223497E-05    0.1820689E-02    0.1241118E-02    0.8480262E-03    0.2138812E-03    0.1862887E-04   -0.2168478E-03    0.1721586E-06    0.7604214E-06
   -0.6538233E-07   -0.1866220E-05    0.2502576E-06   -0.2382273E-04   -0.4483717E-04    0.4262961E-05    0.2972337E-05    0.2206054E-01   -0.5601300E-03    0.4022877E-02   -0.5605092E-02   -0.1445182E-01    0.3539193E-02   -0.2007479E-01   -0.2681850E-02    0.2354691E-03   -0.1900538E-02   -0.1211430E-01   -0.1429507E-01   -0.1961134E-04    0.4768577E-05    0.3393222E-05    0.8318950E-05   -0.4235375E-04   -0.2142843E-03    0.1770367E-02    0.8480262E-03    0.3275737E-01   -0.5965657E-03    0.1455567E-02    0.1051448E-01    0.8739448E-07    0.3007694E-05
   -0.1161551E-06    0.1111055E-06   -0.5366282E-07   -0.1815234E-04   -0.3569288E-04   -0.6506335E-06    0.8566513E-06    0.1423385E-02   -0.2543378E-04   -0.3793853E-03    0.9553981E-02    0.2811831E-02   -0.2609662E-03   -0.3866030E-02    0.8384311E-03    0.3457402E-03    0.2796197E-04    0.7220268E-03    0.2333917E-02    0.2201843E-05   -0.3728302E-06    0.3435952E-05   -0.1214848E-05    0.1631883E-05    0.3444158E-05   -0.6625316E-03    0.2138812E-03   -0.5965657E-03    0.1359982E-02    0.1924907E-03   -0.3331259E-03    0.2956584E-06    0.4208802E-06
   -0.2883632E-06    0.2350559E-05   -0.6225422E-06   -0.1620811E-04   -0.2831477E-04   -0.7962171E-05   -0.9356555E-06   -0.5510820E-02    0.1122008E-03   -0.2101644E-02    0.4651134E-02    0.7343950E-02    0.6007272E-02    0.1326642E-01   -0.9423895E-04    0.6859843E-03   -0.3187395E-03   -0.2409679E-02    0.9442626E-04    0.9531721E-05   -0.1595663E-05   -0.7594416E-05    0.9397240E-06   -0.1810173E-04   -0.6779860E-04   -0.1089808E-03    0.1862887E-04    0.1455567E-02    0.1924907E-03    0.5130115E-02    0.4007224E-02    0.4711246E-07    0.2156193E-06
   -0.1427447E-05    0.1096781E-04   -0.1108810E-05   -0.1570763E-03   -0.2698374E-03   -0.4540870E-04    0.7472469E-05    0.1880493E-01   -0.8171137E-03   -0.3039486E-02    0.6958219E-01    0.2619535E-01    0.3287005E-02   -0.1572163E-02    0.1718195E-02    0.4050253E-02    0.4082413E-03   -0.4996033E-02   -0.1237896E-01    0.1294451E-04   -0.5042694E-06   -0.2822655E-05    0.1044683E-04   -0.8926930E-04   -0.2068190E-03   -0.1317563E-03   -0.2168478E-03    0.1051448E-01   -0.3331259E-03    0.4007224E-02    0.3480747E-01    0.1162968E-05   -0.1263750E-06
    0.6151295E-08   -0.1101399E-07    0.5905911E-09    0.4339469E-07    0.3130260E-06   -0.1409966E-06    0.9290951E-08   -0.1170952E-03    0.6487248E-05    0.1962794E-03    0.4281432E-02    0.7690135E-04    0.6942739E-03    0.5208535E-03   -0.1193626E-03    0.4563360E-03   -0.4206988E-03   -0.9291869E-04   -0.7700685E-04   -0.5178236E-07   -0.4928592E-07   -0.8453897E-08   -0.2576782E-07   -0.1135498E-06    0.2225682E-06    0.1957075E-05    0.1721586E-06    0.8739448E-07    0.2956584E-06    0.4711246E-07    0.1162968E-05    0.5392889E-06    0.2404041E-07
   -0.1570118E-07    0.9176762E-07   -0.6452512E-08   -0.2935267E-05   -0.5720664E-05   -0.6197584E-06   -0.2546634E-08    0.4520867E-02   -0.1467242E-04   -0.3349357E-03    0.4422838E-02    0.3167746E-03   -0.2317853E-02   -0.7793875E-02    0.1453590E-03    0.1868181E-04   -0.1766785E-03    0.2557796E-02    0.4456799E-02   -0.1573756E-06   -0.2922581E-07    0.5846155E-07   -0.7109841E-07    0.1797693E-06   -0.1831600E-06    0.1143222E-05    0.7604214E-06    0.3007694E-05    0.4208802E-06    0.2156193E-06   -0.1263750E-06    0.2404041E-07    0.2106264E-05
