# omegabh2 omegach2 theta tau omegak ns logA aps100 aps143 aps217 acib143 acib217 asz143 psr cibr ncib cal0 cal2 xi aksz bm_1_1 bm_1_2 bm_1_3 bm_1_4 bm_1_5 bm_2_1 bm_2_2 bm_2_3 bm_2_4 bm_2_5 bm_3_1 bm_3_2 bm_3_3 bm_3_4 bm_3_5 bm_4_1 bm_4_2 bm_4_3 bm_4_4 bm_4_5 a_ps_act_148 a_ps_act_217 a_ps_spt_95 a_ps_spt_150 a_ps_spt_220 r_ps_spt_95x150 r_ps_spt_95x220 r_ps_150x220 act_dust_s act_dust_e cal_acts_148 cal_acts_217 cal_acte_148 cal_acte_217 cal_spt_95 cal_spt_150 cal_spt_220
    0.77898E-07   -0.45919E-06    0.95500E-07    0.81464E-06   -0.50173E-06    0.12651E-05    0.67050E-06   -0.60947E-03   -0.82793E-03   -0.72336E-03   -0.38976E-05    0.46036E-04    0.10953E-04   -0.14657E-05    0.20786E-06    0.60292E-06   -0.17180E-08    0.19574E-07   -0.40172E-05   -0.49680E-04   -0.20303E-04   -0.74471E-05    0.12024E-04    0.62207E-05    0.14455E-04    0.33393E-05   -0.67142E-05   -0.22045E-05   -0.86465E-05    0.93982E-05   -0.10364E-04    0.14004E-04    0.59204E-05   -0.99018E-05   -0.68201E-05   -0.85981E-06   -0.80598E-05   -0.62048E-05   -0.67911E-05    0.22224E-05    0.10719E-04    0.87451E-04    0.43450E-04    0.22933E-04    0.93511E-04   -0.17901E-05   -0.23031E-05   -0.91153E-07   -0.51497E-06   -0.12486E-05    0.42307E-06    0.43529E-06    0.40150E-06    0.54497E-06    0.91678E-06    0.82231E-06    0.68776E-06
   -0.45919E-06    0.77627E-05   -0.92731E-06   -0.10356E-04    0.71917E-05   -0.18270E-04   -0.19819E-05    0.68590E-03    0.32806E-02    0.37751E-02   -0.20987E-04   -0.12379E-03    0.13662E-05    0.14142E-04   -0.49476E-05    0.23946E-05    0.45618E-08   -0.59756E-07    0.16546E-04    0.21194E-03    0.18607E-03    0.11735E-04   -0.13454E-03   -0.83426E-04   -0.98432E-04   -0.54708E-05   -0.57148E-04   -0.25615E-05    0.15490E-03    0.12142E-04    0.85619E-04   -0.17334E-03    0.13139E-04    0.42259E-04   -0.30493E-04    0.66291E-04   -0.67498E-04    0.14263E-04   -0.27633E-04    0.97959E-04   -0.98926E-04   -0.61420E-03   -0.27292E-03   -0.10570E-03   -0.10509E-02    0.59443E-05    0.17642E-04    0.35682E-05   -0.22088E-06    0.11813E-04   -0.23855E-05   -0.21839E-05   -0.20182E-05   -0.30744E-05   -0.54232E-05   -0.46460E-05   -0.54251E-05
    0.95500E-07   -0.92731E-06    0.42406E-06    0.15053E-05   -0.11947E-05    0.27344E-05    0.10823E-05   -0.37494E-03   -0.61151E-03   -0.10089E-02   -0.22468E-05    0.20694E-03   -0.10137E-04   -0.44892E-06   -0.25008E-06    0.30338E-05   -0.10289E-08    0.72885E-09   -0.52050E-05   -0.51925E-04   -0.29988E-04    0.36163E-04    0.42258E-04    0.72745E-05    0.24048E-04   -0.28913E-04    0.67967E-05   -0.16587E-04   -0.13652E-04    0.39329E-04   -0.37250E-04    0.40360E-04    0.60438E-05   -0.25233E-04    0.20612E-04   -0.36292E-04   -0.35138E-04    0.51395E-05    0.21368E-05    0.23114E-05    0.30126E-05   -0.17293E-04    0.51183E-04    0.14913E-04    0.10208E-03   -0.13296E-05   -0.31236E-05   -0.21736E-06    0.45420E-05    0.97236E-07    0.36301E-06    0.60086E-06    0.28590E-06    0.65099E-06    0.86546E-06    0.67281E-06    0.12428E-05
    0.81464E-06   -0.10356E-04    0.15053E-05    0.15770E-03   -0.85000E-05    0.33000E-04    0.28712E-03   -0.27559E-01   -0.13727E-01   -0.99794E-02   -0.13014E-04   -0.10448E-02    0.51684E-04   -0.24444E-04    0.59282E-05   -0.12220E-04    0.11666E-07    0.26589E-06    0.10077E-03    0.24207E-04   -0.56811E-03   -0.88261E-03    0.67880E-03    0.61540E-04    0.12555E-03   -0.25566E-03   -0.12869E-03   -0.78245E-03   -0.97614E-04    0.40625E-03   -0.61884E-03    0.23901E-03   -0.58975E-03   -0.54381E-03    0.51383E-03   -0.33332E-03   -0.77729E-03   -0.38913E-03    0.28723E-03   -0.80450E-04    0.51963E-03    0.32929E-02    0.56999E-03    0.84022E-03    0.17480E-02    0.44379E-05    0.24164E-04    0.65303E-05   -0.66740E-04   -0.25880E-04    0.82291E-05    0.86178E-05    0.72244E-05    0.10378E-04    0.24187E-04    0.14739E-04    0.16686E-04
   -0.50173E-06    0.71917E-05   -0.11947E-05   -0.85000E-05    0.11362E-04   -0.17823E-04    0.10482E-06   -0.29780E-03    0.37340E-02    0.49560E-02   -0.50743E-04   -0.39980E-03    0.87588E-04    0.15274E-04    0.19685E-06   -0.19841E-05    0.47880E-08   -0.78678E-07    0.70476E-05    0.24134E-03    0.23235E-03   -0.71408E-04   -0.14031E-03   -0.13170E-03   -0.11564E-03    0.43108E-04   -0.84762E-05   -0.42802E-04    0.32413E-03    0.14523E-03    0.19267E-03   -0.23499E-03   -0.15220E-04    0.38431E-04   -0.51041E-04    0.18723E-03   -0.12890E-03    0.11120E-03    0.55519E-04    0.23664E-03   -0.10288E-03   -0.40984E-03   -0.32886E-03   -0.15729E-03   -0.98186E-03    0.31097E-05    0.16784E-04    0.22947E-05   -0.14180E-04    0.14742E-04   -0.22430E-05   -0.24867E-05   -0.20084E-05   -0.33316E-05   -0.59409E-05   -0.55879E-05   -0.66718E-05
    0.12651E-05   -0.18270E-04    0.27344E-05    0.33000E-04   -0.17823E-04    0.58750E-04    0.18614E-04   -0.31083E-01   -0.21122E-01   -0.16484E-01    0.45955E-04    0.51010E-03    0.42211E-03   -0.59387E-04   -0.32594E-05    0.99558E-05   -0.83766E-07    0.47116E-06   -0.10628E-03   -0.13811E-02   -0.68744E-03   -0.38695E-03    0.31831E-03    0.12367E-03    0.43416E-03    0.17121E-03    0.27774E-03   -0.32257E-03   -0.35787E-03    0.22581E-03   -0.38790E-03    0.25656E-03   -0.16415E-03   -0.19761E-03    0.34087E-04   -0.49751E-04   -0.14850E-03    0.90330E-04    0.12859E-03   -0.33310E-03    0.38497E-03    0.23500E-02    0.84362E-03    0.51129E-03    0.29686E-02   -0.17835E-04   -0.50398E-04   -0.59473E-05    0.30637E-05   -0.25516E-04    0.10831E-04    0.99319E-05    0.91711E-05    0.10909E-04    0.22040E-04    0.17907E-04    0.17866E-04
    0.67050E-06   -0.19819E-05    0.10823E-05    0.28712E-03    0.10482E-06    0.18614E-04    0.56858E-03   -0.62076E-01   -0.22297E-01   -0.11108E-01   -0.17715E-03   -0.27635E-02    0.10293E-03   -0.25482E-04   -0.56301E-05   -0.21248E-04    0.92573E-07    0.74743E-06    0.19464E-03    0.24986E-03   -0.24508E-03   -0.15540E-02    0.89126E-03   -0.38446E-04    0.12054E-04   -0.40945E-04   -0.42218E-03   -0.13515E-02    0.10602E-03    0.89038E-03   -0.86952E-03    0.21784E-03   -0.10213E-02   -0.10806E-02    0.77235E-03   -0.76536E-04   -0.14750E-02   -0.67662E-03    0.34222E-03    0.12061E-03    0.80275E-03    0.56781E-02    0.63138E-03    0.14452E-02    0.14803E-02    0.92336E-05    0.65857E-04    0.18869E-04   -0.12920E-03   -0.33811E-04    0.11743E-04    0.13025E-04    0.10902E-04    0.14285E-04    0.35648E-04    0.19191E-04    0.20265E-04
   -0.60947E-03    0.68590E-03   -0.37494E-03   -0.27559E-01   -0.29780E-03   -0.31083E-01   -0.62076E-01    0.16138E+04    0.77924E+02    0.16579E+02    0.30319E+00    0.89060E+00   -0.99166E+01   -0.43116E-01   -0.70014E-01   -0.44237E-01    0.11310E-02   -0.44514E-02    0.71570E+00    0.63069E+01    0.16870E+02   -0.46648E+01    0.16329E+01    0.24619E+01   -0.16268E+01   -0.38615E+01   -0.59749E+01    0.41655E-01   -0.36502E+00   -0.19649E+01   -0.46198E+00    0.20891E+00   -0.17107E+00    0.85669E+00   -0.16876E+01   -0.28767E+01   -0.16723E+01   -0.39458E+01   -0.25380E+00    0.36541E+01    0.87477E-01   -0.18396E+01    0.52165E+01   -0.30869E+00    0.22132E+01   -0.39675E-01   -0.27904E+00   -0.72377E-01    0.97571E-01   -0.12587E+00   -0.21231E-01    0.56203E-02   -0.24604E-01    0.11542E-01   -0.74512E-01   -0.23355E-01   -0.76842E-02
   -0.82793E-03    0.32806E-02   -0.61151E-03   -0.13727E-01    0.37340E-02   -0.21122E-01   -0.22297E-01    0.77924E+02    0.63307E+02    0.15735E+02    0.94264E-01    0.58290E+00   -0.19030E+01    0.36840E-01    0.25132E-01   -0.15362E-01    0.16448E-04   -0.11258E-02    0.10591E+00    0.52611E+00   -0.80209E-01    0.57652E+00    0.14021E+00   -0.11326E+00    0.91196E-01    0.23734E-01   -0.45109E-02    0.24188E-01    0.21100E+00   -0.35036E+00   -0.99237E-01    0.24861E+00    0.64096E-01    0.22967E+00    0.34872E+00   -0.16729E+00    0.33569E+00   -0.35479E+00    0.39301E+00    0.35077E+00    0.17047E+00   -0.21403E+01    0.93152E+00   -0.32039E+00   -0.92732E+00    0.68097E-02   -0.44632E-01   -0.30246E-01    0.57957E-01    0.15714E-01   -0.11916E-01   -0.89280E-02   -0.12148E-01   -0.69770E-02   -0.28037E-01   -0.20467E-01   -0.84776E-02
   -0.72336E-03    0.37751E-02   -0.10089E-02   -0.99794E-02    0.49560E-02   -0.16484E-01   -0.11108E-01    0.16579E+02    0.15735E+02    0.98929E+02   -0.12589E+01   -0.36502E+02    0.25321E+00   -0.42956E+00   -0.22199E-01   -0.46953E+00    0.77197E-04    0.34918E-03    0.18534E-01    0.10595E+01    0.58043E+00   -0.20313E+00   -0.75842E+00    0.69723E-01   -0.10172E+00    0.10274E+01    0.76157E+00    0.66564E+00    0.15274E+01    0.23226E+00    0.86549E+00   -0.63176E-02    0.42343E+00   -0.40733E+00   -0.17637E+00    0.99755E+00    0.10105E+01    0.99380E+00    0.71877E+00    0.13030E+01    0.16780E+00    0.20416E+02   -0.82421E+00    0.55756E+00    0.10012E+02   -0.61495E-01   -0.10882E+00   -0.71457E-02    0.41014E-01    0.22866E-01   -0.49124E-02   -0.21943E-01   -0.30022E-02   -0.30412E-01   -0.58726E-02   -0.10198E-01   -0.55951E-01
   -0.38976E-05   -0.20987E-04   -0.22468E-05   -0.13014E-04   -0.50743E-04    0.45955E-04   -0.17715E-03    0.30319E+00    0.94264E-01   -0.12589E+01    0.62315E+00    0.12552E+01    0.49236E+00    0.29749E-02   -0.30264E-02    0.81809E-04    0.39868E-05    0.87349E-04    0.20751E-01   -0.82761E+00   -0.77026E-02   -0.63530E-02   -0.19851E-01   -0.57952E-02   -0.38919E-01   -0.17775E-01   -0.74084E-02   -0.32568E-01    0.23594E-01   -0.50535E-01    0.19482E-01   -0.57465E-01   -0.33268E-01   -0.63309E-01    0.24681E-02    0.82231E-03   -0.67383E-02   -0.32752E-01    0.41532E-01    0.20483E-02    0.39052E-01   -0.24373E+00   -0.21775E+00   -0.18541E-01   -0.64192E-01    0.46711E-01    0.46214E-01   -0.30500E-02   -0.36603E-03   -0.33150E-02    0.37357E-04    0.20973E-03    0.81785E-04    0.33507E-03   -0.83754E-03    0.68892E-03    0.19411E-02
    0.46036E-04   -0.12379E-03    0.20694E-03   -0.10448E-02   -0.39980E-03    0.51010E-03   -0.27635E-02    0.89060E+00    0.58290E+00   -0.36502E+02    0.12552E+01    0.22037E+02    0.15893E+01    0.25270E+00    0.16899E-01    0.28731E+00    0.10731E-04   -0.20882E-03   -0.23874E+00   -0.37115E+01   -0.20561E+00    0.29636E+00    0.33437E+00   -0.31733E+00   -0.33146E-01   -0.77006E+00   -0.19620E+00   -0.39625E+00   -0.32941E+00   -0.16086E+00   -0.48845E+00   -0.51126E+00   -0.28733E+00   -0.96454E-01    0.73043E-01   -0.73971E+00   -0.64316E+00   -0.35081E+00   -0.17181E+00   -0.45368E+00   -0.35886E+00   -0.12909E+02   -0.25329E-01   -0.67112E+00   -0.78044E+01    0.65815E-01    0.85561E-01   -0.37056E-02   -0.95729E-02    0.76646E-02   -0.22696E-02    0.35522E-02   -0.29620E-02    0.83672E-02   -0.22268E-02   -0.24213E-02    0.21466E-01
    0.10953E-04    0.13662E-05   -0.10137E-04    0.51684E-04    0.87588E-04    0.42211E-03    0.10293E-03   -0.99166E+01   -0.19030E+01    0.25321E+00    0.49236E+00    0.15893E+01    0.17207E+01    0.19490E-01    0.19590E-01    0.13126E-01    0.78766E-05   -0.11558E-03   -0.10129E+00   -0.19416E+01    0.40424E-01    0.57433E-01   -0.20606E-01   -0.56720E-01    0.57229E-02   -0.21410E-01    0.38589E-01   -0.74579E-01    0.48854E-03    0.75039E-02   -0.51172E-01   -0.11264E+00   -0.49535E-02   -0.12535E+00   -0.83120E-02   -0.29576E-01   -0.74959E-01    0.57217E-02    0.21154E-01   -0.78108E-01   -0.86927E-01   -0.66362E+00   -0.75245E+00   -0.60933E-01   -0.10840E+01    0.40884E-01    0.71690E-01    0.17030E-02   -0.24642E-02    0.53379E-03    0.34965E-03   -0.25359E-02    0.32512E-03   -0.24298E-02    0.33220E-02    0.53817E-03   -0.17163E-02
   -0.14657E-05    0.14142E-04   -0.44892E-06   -0.24444E-04    0.15274E-04   -0.59387E-04   -0.25482E-04   -0.43116E-01    0.36840E-01   -0.42956E+00    0.29749E-02    0.25270E+00    0.19490E-01    0.52703E-02   -0.18926E-03    0.36460E-02    0.25195E-06   -0.10096E-04   -0.69113E-03   -0.20793E-01   -0.25088E-02    0.67944E-02    0.78522E-02   -0.45045E-02   -0.81199E-03   -0.87323E-02   -0.47942E-02   -0.28111E-02   -0.91100E-02    0.62298E-03   -0.43962E-02    0.15778E-02   -0.22874E-02    0.41172E-02    0.31961E-03   -0.73995E-02   -0.64138E-02   -0.55091E-02   -0.59575E-02   -0.10326E-01   -0.26339E-02   -0.18471E+00   -0.10201E-01   -0.46990E-02   -0.12351E+00    0.48238E-03    0.17988E-02    0.46116E-03   -0.78234E-04    0.38622E-03   -0.50152E-04   -0.56113E-04   -0.62085E-04    0.20756E-04   -0.26519E-05   -0.66487E-04    0.16553E-03
    0.20786E-06   -0.49476E-05   -0.25008E-06    0.59282E-05    0.19685E-06   -0.32594E-05   -0.56301E-05   -0.70014E-01    0.25132E-01   -0.22199E-01   -0.30264E-02    0.16899E-01    0.19590E-01   -0.18926E-03    0.26927E-02   -0.33128E-03   -0.15260E-06    0.51743E-05   -0.28707E-03   -0.11488E-01    0.93027E-03    0.58632E-03   -0.95890E-03    0.15787E-02    0.25663E-02   -0.30019E-02   -0.16320E-04   -0.53400E-03    0.28494E-02   -0.14758E-02   -0.17955E-02   -0.33287E-02    0.88904E-03   -0.13269E-02   -0.19871E-04   -0.37449E-02   -0.42347E-03   -0.68980E-03    0.19831E-02   -0.70408E-04    0.48775E-02    0.73988E-02   -0.10172E-01    0.35044E-02    0.83368E-02    0.58287E-04    0.13000E-02   -0.38290E-03   -0.53309E-04    0.43378E-05    0.44275E-05    0.30285E-04    0.17997E-05    0.31760E-04    0.60024E-04   -0.22172E-05    0.74400E-04
    0.60292E-06    0.23946E-05    0.30338E-05   -0.12220E-04   -0.19841E-05    0.99558E-05   -0.21248E-04   -0.44237E-01   -0.15362E-01   -0.46953E+00    0.81809E-04    0.28731E+00    0.13126E-01    0.36460E-02   -0.33128E-03    0.49965E-02    0.26394E-06   -0.14523E-04   -0.39409E-02   -0.27806E-01   -0.99851E-03    0.60096E-03    0.52791E-02   -0.54014E-02    0.34416E-03   -0.11143E-01    0.12629E-02   -0.67373E-02   -0.32216E-02   -0.32918E-02   -0.10604E-01   -0.11299E-01   -0.43048E-02   -0.30855E-02   -0.17297E-02   -0.13213E-01   -0.10093E-01    0.34232E-03   -0.42944E-03   -0.32143E-02   -0.84891E-02   -0.20228E+00    0.25319E-02   -0.99650E-02   -0.13731E+00   -0.29914E-03    0.23059E-03    0.32594E-03   -0.15955E-03    0.32871E-03   -0.32210E-04   -0.67169E-06   -0.41739E-04    0.65783E-04    0.37419E-04   -0.45968E-04    0.19341E-03
   -0.17180E-08    0.45618E-08   -0.10289E-08    0.11666E-07    0.47880E-08   -0.83766E-07    0.92573E-07    0.11310E-02    0.16448E-04    0.77197E-04    0.39868E-05    0.10731E-04    0.78766E-05    0.25195E-06   -0.15260E-06    0.26394E-06    0.15560E-06    0.19335E-08    0.30257E-07   -0.11840E-04   -0.36382E-04   -0.19700E-04    0.10523E-04   -0.52312E-05    0.10935E-04    0.14410E-04    0.53799E-05    0.24382E-06    0.61060E-05    0.17797E-04    0.19982E-04    0.30382E-05    0.24511E-05   -0.72339E-06    0.25806E-05    0.26047E-04   -0.18191E-05    0.14175E-04   -0.23122E-05    0.10089E-04    0.70667E-05   -0.38327E-04   -0.16673E-04    0.18816E-05    0.70211E-05    0.81383E-06    0.96518E-06   -0.24578E-07   -0.18691E-05    0.87608E-07    0.42235E-08   -0.60191E-07   -0.52937E-08   -0.13441E-06   -0.22241E-07    0.10889E-07    0.11388E-06
    0.19574E-07   -0.59756E-07    0.72885E-09    0.26589E-06   -0.78678E-07    0.47116E-06    0.74743E-06   -0.44514E-02   -0.11258E-02    0.34918E-03    0.87349E-04   -0.20882E-03   -0.11558E-03   -0.10096E-04    0.51743E-05   -0.14523E-04    0.19335E-08    0.11793E-05    0.78535E-05   -0.27176E-04    0.59011E-04    0.13780E-03   -0.27696E-04    0.43572E-04    0.22154E-04    0.41528E-03   -0.27014E-05    0.55633E-04    0.39054E-05    0.21779E-04   -0.32849E-03    0.95482E-04   -0.42300E-04   -0.55048E-04   -0.70575E-04    0.73220E-04    0.13415E-03   -0.90621E-04   -0.81121E-04   -0.90887E-05    0.58609E-04    0.64827E-03    0.80292E-04    0.34961E-04    0.78427E-03    0.34781E-05   -0.37488E-05   -0.52497E-05    0.25635E-05   -0.71119E-05    0.38110E-06    0.14313E-05    0.56979E-06    0.13064E-05   -0.46385E-06    0.71494E-06    0.17037E-05
   -0.40172E-05    0.16546E-04   -0.52050E-05    0.10077E-03    0.70476E-05   -0.10628E-03    0.19464E-03    0.71570E+00    0.10591E+00    0.18534E-01    0.20751E-01   -0.23874E+00   -0.10129E+00   -0.69113E-03   -0.28707E-03   -0.39409E-02    0.30257E-07    0.78535E-05    0.43496E-01    0.24955E+00   -0.20133E-02   -0.21947E-01    0.44511E-02    0.15450E-01   -0.10149E-01    0.40896E-02   -0.11396E-01    0.95021E-02   -0.32145E-02   -0.16662E-01    0.98769E-02    0.15780E-01   -0.36395E-02    0.69241E-02   -0.13263E-01    0.50396E-02    0.18482E-01   -0.10450E-01    0.40258E-03    0.83442E-02    0.50677E-01    0.86325E-01   -0.27863E-01    0.45223E-01    0.13040E+00    0.56687E-02    0.96494E-02    0.10084E-02   -0.12391E-03    0.14467E-03    0.23620E-04    0.94992E-04    0.50724E-04    0.14495E-03   -0.11101E-03    0.23263E-03    0.42045E-03
   -0.49680E-04    0.21194E-03   -0.51925E-04    0.24207E-04    0.24134E-03   -0.13811E-02    0.24986E-03    0.63069E+01    0.52611E+00    0.10595E+01   -0.82761E+00   -0.37115E+01   -0.19416E+01   -0.20793E-01   -0.11488E-01   -0.27806E-01   -0.11840E-04   -0.27176E-04    0.24955E+00    0.39403E+01   -0.10763E-01   -0.15935E+00    0.17479E-02    0.10849E+00   -0.29671E-01    0.85177E-01    0.32377E-02    0.11540E+00   -0.42725E-01   -0.77569E-01    0.82287E-01    0.16622E+00    0.23280E-02    0.19443E+00   -0.29566E-01    0.68463E-01    0.18751E+00    0.22463E-01   -0.44111E-02    0.57735E-01    0.67988E-01    0.10782E+01    0.20579E+00    0.15550E+00    0.14457E+01   -0.42761E-01   -0.28976E-01    0.13815E-01   -0.46452E-02   -0.25197E-02    0.73439E-03    0.25151E-02    0.95394E-03    0.22830E-02    0.42288E-03    0.14864E-02    0.18085E-02
   -0.20303E-04    0.18607E-03   -0.29988E-04   -0.56811E-03    0.23235E-03   -0.68744E-03   -0.24508E-03    0.16870E+02   -0.80209E-01    0.58043E+00   -0.77026E-02   -0.20561E+00    0.40424E-01   -0.25088E-02    0.93027E-03   -0.99851E-03   -0.36382E-04    0.59011E-04   -0.20133E-02   -0.10763E-01    0.67387E+00   -0.85651E-01   -0.37157E-01    0.73040E-01    0.58135E-02    0.16743E+00   -0.76643E-01    0.88414E-02    0.59687E-02   -0.72756E-01    0.19134E-01    0.41534E-01   -0.29883E-01   -0.20575E-01   -0.11371E+00    0.13052E+00    0.68138E-01   -0.38720E-01    0.10595E-01    0.92563E-01   -0.68356E-02    0.95802E-01   -0.54808E-01   -0.24591E-02   -0.35618E-01    0.31309E-03    0.20724E-02    0.12847E-03    0.17401E-02   -0.15103E-02   -0.53669E-05   -0.16464E-03    0.14946E-03   -0.25275E-03   -0.16524E-03   -0.10314E-04   -0.86837E-03
   -0.74471E-05    0.11735E-04    0.36163E-04   -0.88261E-03   -0.71408E-04   -0.38695E-03   -0.15540E-02   -0.46648E+01    0.57652E+00   -0.20313E+00   -0.63530E-02    0.29636E+00    0.57433E-01    0.67944E-02    0.58632E-03    0.60096E-03   -0.19700E-04    0.13780E-03   -0.21947E-01   -0.15935E+00   -0.85651E-01    0.93165E+00   -0.36158E-01    0.48066E-02   -0.35982E-01   -0.33714E-01    0.23787E+00    0.28964E-01   -0.91881E-01    0.52910E-01   -0.10342E+00    0.56932E-01   -0.15403E-01   -0.55007E-01    0.16639E+00   -0.11905E+00    0.60300E-01    0.12705E+00    0.15050E-01   -0.27051E+00   -0.11014E-01   -0.20335E+00    0.27949E-02   -0.17021E-01   -0.85195E-01   -0.17049E-02   -0.40248E-02   -0.95525E-03    0.31970E-02    0.19891E-02   -0.23908E-03   -0.76300E-03   -0.32791E-03   -0.34292E-03   -0.89929E-03   -0.48883E-03    0.13884E-03
    0.12024E-04   -0.13454E-03    0.42258E-04    0.67880E-03   -0.14031E-03    0.31831E-03    0.89126E-03    0.16329E+01    0.14021E+00   -0.75842E+00   -0.19851E-01    0.33437E+00   -0.20606E-01    0.78522E-02   -0.95890E-03    0.52791E-02    0.10523E-04   -0.27696E-04    0.44511E-02    0.17479E-02   -0.37157E-01   -0.36158E-01    0.10797E+01   -0.17914E-01    0.19311E-01   -0.13535E+00    0.45626E-01    0.26137E-01   -0.87526E-01    0.16662E+00   -0.14279E+00    0.18594E+00   -0.91193E-01   -0.31135E-01    0.10163E+00   -0.16810E+00   -0.10575E+00    0.70641E-01   -0.11902E+00    0.67104E-01    0.61407E-02   -0.29801E+00   -0.67514E-02    0.16513E-01   -0.21353E+00    0.24971E-03    0.10805E-02    0.75402E-03    0.14913E-02    0.95702E-02    0.72828E-04   -0.17239E-03   -0.16637E-03   -0.33903E-04    0.58908E-03   -0.21264E-03   -0.99641E-04
    0.62207E-05   -0.83426E-04    0.72745E-05    0.61540E-04   -0.13170E-03    0.12367E-03   -0.38446E-04    0.24619E+01   -0.11326E+00    0.69723E-01   -0.57952E-02   -0.31733E+00   -0.56720E-01   -0.45045E-02    0.15787E-02   -0.54014E-02   -0.52312E-05    0.43572E-04    0.15450E-01    0.10849E+00    0.73040E-01    0.48066E-02   -0.17914E-01    0.10017E+01    0.38942E-01    0.81298E-01   -0.15670E+00    0.10864E+00   -0.84599E-01    0.65866E-01    0.19210E-01    0.21020E+00    0.13827E-01    0.23577E+00   -0.18256E+00    0.71602E-01    0.51473E-01   -0.30241E-01   -0.15564E+00    0.15138E+00    0.29825E-01    0.29730E+00    0.82370E-04    0.27467E-01    0.19377E+00    0.84022E-03    0.25080E-02   -0.47094E-03   -0.60851E-03   -0.21227E-02    0.13488E-03    0.36782E-03   -0.32211E-04    0.79936E-04    0.17974E-03    0.30616E-03   -0.14628E-03
    0.14455E-04   -0.98432E-04    0.24048E-04    0.12555E-03   -0.11564E-03    0.43416E-03    0.12054E-04   -0.16268E+01    0.91196E-01   -0.10172E+00   -0.38919E-01   -0.33146E-01    0.57229E-02   -0.81199E-03    0.25663E-02    0.34416E-03    0.10935E-04    0.22154E-04   -0.10149E-01   -0.29671E-01    0.58135E-02   -0.35982E-01    0.19311E-01    0.38942E-01    0.10408E+01    0.23233E-01    0.83898E-01   -0.71913E-01    0.10267E+00    0.79627E-01   -0.18059E-02   -0.98590E-01   -0.77376E-01    0.83048E-01   -0.72108E-02    0.39398E-01   -0.83658E-01    0.10366E+00    0.53203E-02    0.97869E-02   -0.17648E-02    0.19023E-01    0.74456E-01   -0.21181E-03    0.27596E-01   -0.65875E-02   -0.65249E-02   -0.47452E-03   -0.65342E-02    0.31641E-03    0.10759E-05    0.34595E-03    0.16253E-03    0.12649E-03    0.20375E-03    0.25901E-03    0.25354E-04
    0.33393E-05   -0.54708E-05   -0.28913E-04   -0.25566E-03    0.43108E-04    0.17121E-03   -0.40945E-04   -0.38615E+01    0.23734E-01    0.10274E+01   -0.17775E-01   -0.77006E+00   -0.21410E-01   -0.87323E-02   -0.30019E-02   -0.11143E-01    0.14410E-04    0.41528E-03    0.40896E-02    0.85177E-01    0.16743E+00   -0.33714E-01   -0.13535E+00    0.81298E-01    0.23233E-01    0.77547E+00   -0.67316E-01    0.11411E+00    0.11053E-01   -0.25553E-01    0.10770E+00    0.17465E+00    0.22802E-01    0.88277E-02   -0.89743E-01    0.60792E+00    0.32991E+00   -0.82923E-01   -0.53223E-01    0.11763E+00    0.12009E-01    0.54981E+00   -0.78816E-02    0.30402E-01    0.39138E+00   -0.12182E-02   -0.25895E-02   -0.95230E-05    0.22558E-02   -0.68067E-02    0.49211E-03    0.14821E-03    0.59958E-03   -0.70227E-04    0.73371E-03    0.70882E-03   -0.29216E-03
   -0.67142E-05   -0.57148E-04    0.67967E-05   -0.12869E-03   -0.84762E-05    0.27774E-03   -0.42218E-03   -0.59749E+01   -0.45109E-02    0.76157E+00   -0.74084E-02   -0.19620E+00    0.38589E-01   -0.47942E-02   -0.16320E-04    0.12629E-02    0.53799E-05   -0.27014E-05   -0.11396E-01    0.32377E-02   -0.76643E-01    0.23787E+00    0.45626E-01   -0.15670E+00    0.83898E-01   -0.67316E-01    0.11596E+01    0.46498E-01    0.45331E-01    0.52938E-01    0.84697E-01   -0.43794E-01   -0.82724E-01   -0.12828E+00    0.22807E+00   -0.11717E+00    0.28362E+00    0.90419E+00    0.33277E+00   -0.20624E+00   -0.60810E-02    0.23511E-01    0.43470E-01   -0.92642E-02    0.65852E-01   -0.33140E-02   -0.21822E-02    0.16554E-03    0.10485E-02    0.58588E-02   -0.52811E-04   -0.40857E-03    0.11758E-03   -0.36385E-03    0.58233E-03    0.12835E-03   -0.54060E-04
   -0.22045E-05   -0.25615E-05   -0.16587E-04   -0.78245E-03   -0.42802E-04   -0.32257E-03   -0.13515E-02    0.41655E-01    0.24188E-01    0.66564E+00   -0.32568E-01   -0.39625E+00   -0.74579E-01   -0.28111E-02   -0.53400E-03   -0.67373E-02    0.24382E-06    0.55633E-04    0.95021E-02    0.11540E+00    0.88414E-02    0.28964E-01    0.26137E-01    0.10864E+00   -0.71913E-01    0.11411E+00    0.46498E-01    0.91433E+00    0.16238E-01   -0.12613E-01    0.12835E+00    0.82245E-01    0.40907E-01    0.12986E+00   -0.13386E+00   -0.62939E-01    0.65324E+00    0.15420E+00   -0.53396E+00    0.22450E+00    0.40726E-01    0.16625E+00    0.84192E-02    0.27492E-01    0.25498E+00   -0.88482E-03   -0.17694E-02   -0.28058E-03   -0.14600E-02    0.32694E-02    0.13147E-04   -0.36835E-03    0.79709E-04   -0.17653E-03    0.56863E-04   -0.21485E-04   -0.15685E-03
   -0.86465E-05    0.15490E-03   -0.13652E-04   -0.97614E-04    0.32413E-03   -0.35787E-03    0.10602E-03   -0.36502E+00    0.21100E+00    0.15274E+01    0.23594E-01   -0.32941E+00    0.48854E-03   -0.91100E-02    0.28494E-02   -0.32216E-02    0.61060E-05    0.39054E-05   -0.32145E-02   -0.42725E-01    0.59687E-02   -0.91881E-01   -0.87526E-01   -0.84599E-01    0.10267E+00    0.11053E-01    0.45331E-01    0.16238E-01    0.89641E+00    0.11047E-01    0.77361E-01   -0.17849E+00   -0.13268E+00   -0.39423E-01   -0.87702E-01    0.14060E-01    0.60993E-01    0.32009E-01    0.24533E+00    0.57899E+00   -0.75764E-02    0.15853E+00    0.15062E-01   -0.60695E-02    0.50757E-01    0.14716E-02   -0.13657E-02   -0.15147E-02   -0.33512E-02    0.27350E-02   -0.19122E-03   -0.35835E-03   -0.91610E-04   -0.28150E-03   -0.45279E-03    0.15786E-04   -0.83828E-03
    0.93982E-05    0.12142E-04    0.39329E-04    0.40625E-03    0.14523E-03    0.22581E-03    0.89038E-03   -0.19649E+01   -0.35036E+00    0.23226E+00   -0.50535E-01   -0.16086E+00    0.75039E-02    0.62298E-03   -0.14758E-02   -0.32918E-02    0.17797E-04    0.21779E-04   -0.16662E-01   -0.77569E-01   -0.72756E-01    0.52910E-01    0.16662E+00    0.65866E-01    0.79627E-01   -0.25553E-01    0.52938E-01   -0.12613E-01    0.11047E-01    0.92364E+00    0.51130E-02    0.22354E+00    0.10699E+00    0.13057E+00   -0.53065E-01    0.12756E+00   -0.47290E+00    0.41149E+00   -0.23694E+00    0.22436E+00   -0.20727E-01    0.12703E+00    0.30995E-01    0.33298E-02    0.33201E-01   -0.54690E-02   -0.70624E-02    0.19409E-03   -0.20778E-03    0.40939E-02   -0.56346E-04    0.17430E-04    0.66486E-04   -0.48746E-04    0.35039E-03   -0.92249E-04   -0.30505E-03
   -0.10364E-04    0.85619E-04   -0.37250E-04   -0.61884E-03    0.19267E-03   -0.38790E-03   -0.86952E-03   -0.46198E+00   -0.99237E-01    0.86549E+00    0.19482E-01   -0.48845E+00   -0.51172E-01   -0.43962E-02   -0.17955E-02   -0.10604E-01    0.19982E-04   -0.32849E-03    0.98769E-02    0.82287E-01    0.19134E-01   -0.10342E+00   -0.14279E+00    0.19210E-01   -0.18059E-02    0.10770E+00    0.84697E-01    0.12835E+00    0.77361E-01    0.51130E-02    0.78303E+00   -0.37579E-01   -0.21303E-02    0.73870E-01    0.36648E-01    0.55665E+00    0.19540E+00    0.15511E+00    0.37473E-01    0.19964E-01    0.21215E-01    0.30516E+00    0.12591E-03    0.11266E-01    0.26332E+00    0.22392E-02    0.48502E-03   -0.53418E-03   -0.10374E-03   -0.17478E-02    0.12658E-04   -0.97400E-04    0.17275E-03   -0.80214E-04   -0.19984E-03    0.30730E-03    0.12623E-03
    0.14004E-04   -0.17334E-03    0.40360E-04    0.23901E-03   -0.23499E-03    0.25656E-03    0.21784E-03    0.20891E+00    0.24861E+00   -0.63176E-02   -0.57465E-01   -0.51126E+00   -0.11264E+00    0.15778E-02   -0.33287E-02   -0.11299E-01    0.30382E-05    0.95482E-04    0.15780E-01    0.16622E+00    0.41534E-01    0.56932E-01    0.18594E+00    0.21020E+00   -0.98590E-01    0.17465E+00   -0.43794E-01    0.82245E-01   -0.17849E+00    0.22354E+00   -0.37579E-01    0.11120E+01    0.10907E+00    0.16118E+00   -0.58703E-01    0.10367E+00    0.18587E+00    0.57765E-01   -0.97952E-02    0.24917E+00    0.30512E-01    0.30509E+00    0.64457E-02    0.38786E-01    0.27570E+00   -0.26279E-02   -0.38505E-02    0.58546E-03    0.47727E-02   -0.43466E-02    0.10699E-03    0.63569E-04    0.55850E-06   -0.20505E-03   -0.11401E-03   -0.10093E-03   -0.18018E-03
    0.59204E-05    0.13139E-04    0.60438E-05   -0.58975E-03   -0.15220E-04   -0.16415E-03   -0.10213E-02   -0.17107E+00    0.64096E-01    0.42343E+00   -0.33268E-01   -0.28733E+00   -0.49535E-02   -0.22874E-02    0.88904E-03   -0.43048E-02    0.24511E-05   -0.42300E-04   -0.36395E-02    0.23280E-02   -0.29883E-01   -0.15403E-01   -0.91193E-01    0.13827E-01   -0.77376E-01    0.22802E-01   -0.82724E-01    0.40907E-01   -0.13268E+00    0.10699E+00   -0.21303E-02    0.10907E+00    0.10316E+01    0.52822E-01    0.46739E-01    0.13655E-01   -0.16922E-01    0.16055E+00    0.62398E-01   -0.14635E-01   -0.67241E-02    0.12326E+00    0.30193E-01    0.15156E-01    0.15418E-02   -0.40926E-02   -0.44404E-02   -0.26537E-03    0.16309E-02   -0.39366E-03   -0.14598E-04   -0.40383E-05    0.14041E-04   -0.21562E-03    0.26602E-03    0.54398E-05   -0.33443E-03
   -0.99018E-05    0.42259E-04   -0.25233E-04   -0.54381E-03    0.38431E-04   -0.19761E-03   -0.10806E-02    0.85669E+00    0.22967E+00   -0.40733E+00   -0.63309E-01   -0.96454E-01   -0.12535E+00    0.41172E-02   -0.13269E-02   -0.30855E-02   -0.72339E-06   -0.55048E-04    0.69241E-02    0.19443E+00   -0.20575E-01   -0.55007E-01   -0.31135E-01    0.23577E+00    0.83048E-01    0.88277E-02   -0.12828E+00    0.12986E+00   -0.39423E-01    0.13057E+00    0.73870E-01    0.16118E+00    0.52822E-01    0.10938E+01   -0.83878E-01    0.43418E-01    0.49956E-01    0.52355E-01   -0.22114E+00    0.19931E+00   -0.82326E-02   -0.40400E-01    0.25719E-01   -0.13205E-01    0.46134E-01   -0.43492E-02   -0.47878E-02    0.67232E-03   -0.10988E-02    0.30918E-02   -0.10017E-03    0.25771E-03   -0.20886E-03   -0.60226E-04   -0.37365E-03   -0.24912E-03    0.26585E-03
   -0.68201E-05   -0.30493E-04    0.20612E-04    0.51383E-03   -0.51041E-04    0.34087E-04    0.77235E-03   -0.16876E+01    0.34872E+00   -0.17637E+00    0.24681E-02    0.73043E-01   -0.83120E-02    0.31961E-03   -0.19871E-04   -0.17297E-02    0.25806E-05   -0.70575E-04   -0.13263E-01   -0.29566E-01   -0.11371E+00    0.16639E+00    0.10163E+00   -0.18256E+00   -0.72108E-02   -0.89743E-01    0.22807E+00   -0.13386E+00   -0.87702E-01   -0.53065E-01    0.36648E-01   -0.58703E-01    0.46739E-01   -0.83878E-01    0.94147E+00   -0.51765E-01   -0.43246E-02    0.72371E-01    0.23090E+00   -0.15833E+00   -0.29273E-01   -0.31311E-01    0.76995E-01   -0.25491E-01    0.36280E-01   -0.54388E-02   -0.66205E-02   -0.64857E-03    0.30878E-02    0.35595E-02   -0.97109E-04    0.35278E-04   -0.30129E-04   -0.51694E-04   -0.64034E-03   -0.40003E-03    0.22661E-03
   -0.85981E-06    0.66291E-04   -0.36292E-04   -0.33332E-03    0.18723E-03   -0.49751E-04   -0.76536E-04   -0.28767E+01   -0.16729E+00    0.99755E+00    0.82231E-03   -0.73971E+00   -0.29576E-01   -0.73995E-02   -0.37449E-02   -0.13213E-01    0.26047E-04    0.73220E-04    0.50396E-02    0.68463E-01    0.13052E+00   -0.11905E+00   -0.16810E+00    0.71602E-01    0.39398E-01    0.60792E+00   -0.11717E+00   -0.62939E-01    0.14060E-01    0.12756E+00    0.55665E+00    0.10367E+00    0.13655E-01    0.43418E-01   -0.51765E-01    0.86788E+00    0.74065E-01   -0.16211E-01   -0.23255E-02    0.76101E-01    0.98993E-02    0.54754E+00   -0.65062E-02    0.23536E-01    0.36694E+00    0.19970E-03   -0.18984E-02   -0.16386E-03    0.20964E-02   -0.64164E-02    0.36562E-03    0.18348E-03    0.54217E-03    0.54616E-05    0.48679E-03    0.70381E-03   -0.85403E-04
   -0.80598E-05   -0.67498E-04   -0.35138E-04   -0.77729E-03   -0.12890E-03   -0.14850E-03   -0.14750E-02   -0.16723E+01    0.33569E+00    0.10105E+01   -0.67383E-02   -0.64316E+00   -0.74959E-01   -0.64138E-02   -0.42347E-03   -0.10093E-01   -0.18191E-05    0.13415E-03    0.18482E-01    0.18751E+00    0.68138E-01    0.60300E-01   -0.10575E+00    0.51473E-01   -0.83658E-01    0.32991E+00    0.28362E+00    0.65324E+00    0.60993E-01   -0.47290E+00    0.19540E+00    0.18587E+00   -0.16922E-01    0.49956E-01   -0.43246E-02    0.74065E-01    0.97904E+00    0.58457E-01   -0.42590E-01    0.40517E-01    0.48995E-01    0.33628E+00   -0.10661E-01    0.32094E-01    0.41139E+00    0.15042E-02    0.11175E-02   -0.44500E-03    0.48803E-03   -0.28442E-02    0.18762E-03   -0.28353E-03    0.20679E-03   -0.30150E-03   -0.86044E-04    0.26483E-03   -0.55575E-04
   -0.62048E-05    0.14263E-04    0.51395E-05   -0.38913E-03    0.11120E-03    0.90330E-04   -0.67662E-03   -0.39458E+01   -0.35479E+00    0.99380E+00   -0.32752E-01   -0.35081E+00    0.57217E-02   -0.55091E-02   -0.68980E-03    0.34232E-03    0.14175E-04   -0.90621E-04   -0.10450E-01    0.22463E-01   -0.38720E-01    0.12705E+00    0.70641E-01   -0.30241E-01    0.10366E+00   -0.82923E-01    0.90419E+00    0.15420E+00    0.32009E-01    0.41149E+00    0.15511E+00    0.57765E-01    0.16055E+00    0.52355E-01    0.72371E-01   -0.16211E-01    0.58457E-01    0.10791E+01    0.86970E-01    0.36213E-01   -0.14642E-01    0.91397E-01    0.46310E-01   -0.70975E-02    0.15219E-01   -0.48858E-02   -0.41384E-02    0.31489E-03    0.75907E-03    0.70416E-02   -0.86101E-04   -0.34823E-03    0.67932E-04   -0.42390E-03    0.64998E-03    0.98089E-04   -0.54737E-03
   -0.67911E-05   -0.27633E-04    0.21368E-05    0.28723E-03    0.55519E-04    0.12859E-03    0.34222E-03   -0.25380E+00    0.39301E+00    0.71877E+00    0.41532E-01   -0.17181E+00    0.21154E-01   -0.59575E-02    0.19831E-02   -0.42944E-03   -0.23122E-05   -0.81121E-04    0.40258E-03   -0.44111E-02    0.10595E-01    0.15050E-01   -0.11902E+00   -0.15564E+00    0.53203E-02   -0.53223E-01    0.33277E+00   -0.53396E+00    0.24533E+00   -0.23694E+00    0.37473E-01   -0.97952E-02    0.62398E-01   -0.22114E+00    0.23090E+00   -0.23255E-02   -0.42590E-01    0.86970E-01    0.84011E+00   -0.54448E-01   -0.20168E-01    0.91967E-01    0.79603E-02   -0.14083E-01    0.18390E-01    0.18708E-02    0.15413E-02   -0.75381E-03   -0.53360E-03   -0.36668E-02   -0.57958E-04   -0.54317E-04   -0.14316E-04   -0.23521E-03   -0.51445E-03    0.17159E-03   -0.39513E-03
    0.22224E-05    0.97959E-04    0.23114E-05   -0.80450E-04    0.23664E-03   -0.33310E-03    0.12061E-03    0.36541E+01    0.35077E+00    0.13030E+01    0.20483E-02   -0.45368E+00   -0.78108E-01   -0.10326E-01   -0.70408E-04   -0.32143E-02    0.10089E-04   -0.90887E-05    0.83442E-02    0.57735E-01    0.92563E-01   -0.27051E+00    0.67104E-01    0.15138E+00    0.97869E-02    0.11763E+00   -0.20624E+00    0.22450E+00    0.57899E+00    0.22436E+00    0.19964E-01    0.24917E+00   -0.14635E-01    0.19931E+00   -0.15833E+00    0.76101E-01    0.40517E-01    0.36213E-01   -0.54448E-01    0.95827E+00   -0.47720E-02    0.19331E+00    0.35055E-01    0.63466E-02    0.45703E-01    0.13589E-03   -0.23473E-02   -0.59564E-03   -0.13163E-02    0.22384E-02   -0.13096E-03   -0.25378E-03   -0.53615E-04   -0.25268E-03   -0.15054E-03   -0.91249E-04   -0.13527E-02
    0.10719E-04   -0.98926E-04    0.30126E-05    0.51963E-03   -0.10288E-03    0.38497E-03    0.80275E-03    0.87477E-01    0.17047E+00    0.16780E+00    0.39052E-01   -0.35886E+00   -0.86927E-01   -0.26339E-02    0.48775E-02   -0.84891E-02    0.70667E-05    0.58609E-04    0.50677E-01    0.67988E-01   -0.68356E-02   -0.11014E-01    0.61407E-02    0.29825E-01   -0.17648E-02    0.12009E-01   -0.60810E-02    0.40726E-01   -0.75764E-02   -0.20727E-01    0.21215E-01    0.30512E-01   -0.67241E-02   -0.82326E-02   -0.29273E-01    0.98993E-02    0.48995E-01   -0.14642E-01   -0.20168E-01   -0.47720E-02    0.32042E+00    0.18680E+00    0.28614E-01    0.14023E+00    0.53470E+00    0.10711E-01    0.11126E-01   -0.44805E-02   -0.29329E-02   -0.37503E-02    0.52313E-03   -0.12556E-03    0.67049E-03    0.70129E-04   -0.56779E-03    0.11985E-03    0.16050E-02
    0.87451E-04   -0.61420E-03   -0.17293E-04    0.32929E-02   -0.40984E-03    0.23500E-02    0.56781E-02   -0.18396E+01   -0.21403E+01    0.20416E+02   -0.24373E+00   -0.12909E+02   -0.66362E+00   -0.18471E+00    0.73988E-02   -0.20228E+00   -0.38327E-04    0.64827E-03    0.86325E-01    0.10782E+01    0.95802E-01   -0.20335E+00   -0.29801E+00    0.29730E+00    0.19023E-01    0.54981E+00    0.23511E-01    0.16625E+00    0.15853E+00    0.12703E+00    0.30516E+00    0.30509E+00    0.12326E+00   -0.40400E-01   -0.31311E-01    0.54754E+00    0.33628E+00    0.91397E-01    0.91967E-01    0.19331E+00    0.18680E+00    0.17094E+02    0.69995E-01    0.38609E+00    0.62580E+01   -0.11382E-01   -0.49700E-01   -0.15537E-01    0.14530E-01   -0.20555E-01    0.32839E-02    0.23180E-01    0.26993E-02    0.14058E-01    0.68900E-03    0.28769E-02   -0.76599E-02
    0.43450E-04   -0.27292E-03    0.51183E-04    0.56999E-03   -0.32886E-03    0.84362E-03    0.63138E-03    0.52165E+01    0.93152E+00   -0.82421E+00   -0.21775E+00   -0.25329E-01   -0.75245E+00   -0.10201E-01   -0.10172E-01    0.25319E-02   -0.16673E-04    0.80292E-04   -0.27863E-01    0.20579E+00   -0.54808E-01    0.27949E-02   -0.67514E-02    0.82370E-04    0.74456E-01   -0.78816E-02    0.43470E-01    0.84192E-02    0.15062E-01    0.30995E-01    0.12591E-03    0.64457E-02    0.30193E-01    0.25719E-01    0.76995E-01   -0.65062E-02   -0.10661E-01    0.46310E-01    0.79603E-02    0.35055E-01    0.28614E-01    0.69995E-01    0.23516E+01   -0.37346E-02    0.34156E+00   -0.95992E-01   -0.11160E+00   -0.63503E-02   -0.33244E-02   -0.97872E-03   -0.48941E-03    0.95830E-03   -0.45485E-03    0.14100E-02    0.12280E-02    0.18469E-03    0.17520E-02
    0.22933E-04   -0.10570E-03    0.14913E-04    0.84022E-03   -0.15729E-03    0.51129E-03    0.14452E-02   -0.30869E+00   -0.32039E+00    0.55756E+00   -0.18541E-01   -0.67112E+00   -0.60933E-01   -0.46990E-02    0.35044E-02   -0.99650E-02    0.18816E-05    0.34961E-04    0.45223E-01    0.15550E+00   -0.24591E-02   -0.17021E-01    0.16513E-01    0.27467E-01   -0.21181E-03    0.30402E-01   -0.92642E-02    0.27492E-01   -0.60695E-02    0.33298E-02    0.11266E-01    0.38786E-01    0.15156E-01   -0.13205E-01   -0.25491E-01    0.23536E-01    0.32094E-01   -0.70975E-02   -0.14083E-01    0.63466E-02    0.14023E+00    0.38609E+00   -0.37346E-02    0.23281E+00    0.33494E+00    0.60163E-02    0.12365E-01   -0.18901E-03    0.84876E-03    0.18710E-02    0.15464E-03   -0.13511E-03    0.18601E-03   -0.79312E-04    0.64584E-03    0.23521E-03    0.10819E-03
    0.93511E-04   -0.10509E-02    0.10208E-03    0.17480E-02   -0.98186E-03    0.29686E-02    0.14803E-02    0.22132E+01   -0.92732E+00    0.10012E+02   -0.64192E-01   -0.78044E+01   -0.10840E+01   -0.12351E+00    0.83368E-02   -0.13731E+00    0.70211E-05    0.78427E-03    0.13040E+00    0.14457E+01   -0.35618E-01   -0.85195E-01   -0.21353E+00    0.19377E+00    0.27596E-01    0.39138E+00    0.65852E-01    0.25498E+00    0.50757E-01    0.33201E-01    0.26332E+00    0.27570E+00    0.15418E-02    0.46134E-01    0.36280E-01    0.36694E+00    0.41139E+00    0.15219E-01    0.18390E-01    0.45703E-01    0.53470E+00    0.62580E+01    0.34156E+00    0.33494E+00    0.17018E+02   -0.27604E-02   -0.71748E-01   -0.29140E-01    0.99860E-02   -0.27847E-01    0.26396E-02    0.43655E-02    0.27888E-02    0.23597E-02    0.13033E-02    0.52419E-02    0.32420E-01
   -0.17901E-05    0.59443E-05   -0.13296E-05    0.44379E-05    0.31097E-05   -0.17835E-04    0.92336E-05   -0.39675E-01    0.68097E-02   -0.61495E-01    0.46711E-01    0.65815E-01    0.40884E-01    0.48238E-03    0.58287E-04   -0.29914E-03    0.81383E-06    0.34781E-05    0.56687E-02   -0.42761E-01    0.31309E-03   -0.17049E-02    0.24971E-03    0.84022E-03   -0.65875E-02   -0.12182E-02   -0.33140E-02   -0.88482E-03    0.14716E-02   -0.54690E-02    0.22392E-02   -0.26279E-02   -0.40926E-02   -0.43492E-02   -0.54388E-02    0.19970E-03    0.15042E-02   -0.48858E-02    0.18708E-02    0.13589E-03    0.10711E-01   -0.11382E-01   -0.95992E-01    0.60163E-02   -0.27604E-02    0.84274E-02    0.78083E-02   -0.73367E-04    0.31699E-03   -0.54073E-04    0.55979E-05   -0.13495E-04    0.80308E-05   -0.21357E-04   -0.10306E-03    0.38637E-04    0.11418E-03
