# omegabh2 omegach2 theta tau omegak ns logA aps100 aps143 aps217 acib143 acib217 asz143 psr cibr cal0 cal2 xi aksz bm_1_1 a_ps_act_148 a_ps_act_217 a_ps_spt_95 a_ps_spt_150 a_ps_spt_220 r_ps_spt_95x150 r_ps_spt_95x220 r_ps_150x220 cal_acts_148 cal_acts_217 cal_acte_148 cal_acte_217 cal_spt_95 cal_spt_150 cal_spt_220
    0.76148E-07   -0.42029E-06    0.86850E-07    0.77698E-06   -0.16844E-05    0.11040E-05    0.70035E-06   -0.12833E-03   -0.77733E-04   -0.47162E-04   -0.12533E-05   -0.20324E-04    0.73866E-05   -0.12918E-05   -0.24873E-06    0.30173E-08   -0.18165E-08   -0.25432E-05   -0.31334E-04   -0.10160E-04    0.28869E-04    0.20739E-04    0.34724E-05    0.23182E-04    0.14998E-03   -0.22891E-06   -0.13648E-06   -0.80336E-07    0.82716E-06   -0.29598E-07    0.80585E-06    0.54100E-08    0.98048E-06    0.81279E-06    0.33019E-06
   -0.42029E-06    0.68545E-05   -0.79320E-06   -0.11215E-04    0.16799E-04   -0.15782E-04   -0.60821E-05    0.17159E-02    0.43921E-03    0.17273E-03    0.20168E-03    0.42827E-03   -0.20269E-04    0.36182E-05   -0.56593E-06   -0.98412E-07    0.46130E-08    0.29149E-04    0.13021E-03    0.12685E-03   -0.13739E-03   -0.45153E-03   -0.61368E-05   -0.14677E-03   -0.64760E-03    0.17327E-04    0.15207E-04    0.55560E-06   -0.33207E-05    0.19344E-05   -0.22134E-05    0.60830E-06   -0.39611E-05   -0.31906E-05   -0.12822E-07
    0.86850E-07   -0.79320E-06    0.33555E-06    0.13807E-05   -0.25425E-05    0.20771E-05    0.12187E-05   -0.35452E-04   -0.54169E-04   -0.60078E-04   -0.24899E-04    0.33221E-04   -0.23875E-05    0.23101E-05   -0.17819E-06    0.25803E-07   -0.49794E-08   -0.11464E-05    0.65563E-05   -0.12164E-04    0.24019E-04   -0.80998E-04    0.52798E-05    0.29670E-04    0.18912E-03   -0.16015E-05   -0.97266E-06    0.52937E-06    0.58512E-06   -0.60358E-06    0.39289E-06   -0.35290E-07    0.12887E-05    0.60284E-06    0.14027E-07
    0.77698E-06   -0.11215E-04    0.13807E-05    0.18859E-03    0.22128E-04    0.33411E-04    0.34597E-03   -0.39867E-02   -0.77932E-03    0.17696E-05   -0.93430E-03   -0.45611E-02   -0.99351E-04   -0.43841E-04   -0.42087E-04    0.36231E-06   -0.92457E-06   -0.45182E-04    0.19729E-03   -0.47968E-03    0.79778E-03   -0.17030E-02    0.52238E-03    0.33887E-03    0.10682E-02   -0.10579E-03   -0.10496E-03    0.20482E-04    0.87560E-05   -0.17930E-04    0.19215E-04   -0.18266E-04    0.48847E-05    0.42249E-05    0.15415E-05
   -0.16844E-05    0.16799E-04   -0.25425E-05    0.22128E-04    0.30144E-03   -0.39080E-04    0.79267E-04    0.80850E-02    0.23741E-02    0.16898E-02   -0.16011E-03    0.71653E-03   -0.13000E-03    0.70211E-04   -0.33556E-04    0.27712E-06   -0.12053E-06    0.98246E-04    0.18542E-02    0.58960E-03   -0.14823E-02   -0.51926E-02   -0.45419E-03   -0.93590E-03   -0.10605E-01    0.41907E-04    0.65856E-04    0.36045E-04   -0.22691E-04   -0.83988E-05   -0.27050E-04   -0.19896E-04   -0.44950E-04   -0.30994E-04   -0.24586E-04
    0.11040E-05   -0.15782E-04    0.20771E-05    0.33411E-04   -0.39080E-04    0.49761E-04    0.25392E-04   -0.67750E-02   -0.20867E-02   -0.87328E-03   -0.17281E-03   -0.72657E-03    0.24055E-03   -0.20342E-04   -0.80495E-05    0.23519E-06    0.12461E-06   -0.10512E-03   -0.98960E-03   -0.41992E-03    0.36190E-03    0.20889E-02   -0.99994E-04    0.42400E-03    0.23089E-02   -0.21420E-04   -0.30571E-04    0.20034E-05    0.12955E-04   -0.47647E-05    0.88508E-05   -0.14679E-05    0.21073E-04    0.16280E-04    0.74826E-05
    0.70035E-06   -0.60821E-05    0.12187E-05    0.34597E-03    0.79267E-04    0.25392E-04    0.67351E-03   -0.27483E-02   -0.58152E-03    0.27852E-03   -0.14239E-02   -0.77280E-02   -0.26284E-03   -0.78160E-04   -0.78125E-04    0.47776E-06   -0.17290E-05   -0.21810E-04    0.66703E-03   -0.48205E-03    0.14037E-02   -0.51158E-02    0.10599E-02    0.38468E-03    0.56597E-03   -0.16451E-03   -0.16860E-03    0.38557E-04    0.11315E-04   -0.31843E-04    0.34928E-04   -0.35668E-04    0.11345E-05    0.59522E-06   -0.18801E-06
   -0.12833E-03    0.17159E-02   -0.35452E-04   -0.39867E-02    0.80850E-02   -0.67750E-02   -0.27483E-02    0.24326E+02    0.37878E+00    0.96831E-01   -0.57970E-01    0.24911E+00   -0.17429E+00   -0.16680E-01    0.14990E-01    0.88044E-04    0.14539E-03    0.23059E-01    0.41449E+00    0.15200E+01    0.95868E-02    0.18342E+01    0.17363E+00    0.78601E-01    0.65725E+00   -0.15410E-01    0.18079E-02   -0.60220E-02    0.29355E-02    0.12729E-01    0.10165E-02    0.74176E-02   -0.65894E-02   -0.28713E-02   -0.22939E-02
   -0.77733E-04    0.43921E-03   -0.54169E-04   -0.77932E-03    0.23741E-02   -0.20867E-02   -0.58152E-03    0.37878E+00    0.45992E+00    0.10144E+00   -0.17567E-01    0.40167E-01   -0.56657E-01   -0.32085E-02    0.80129E-03   -0.59313E-05   -0.79767E-04    0.95961E-02    0.87695E-01   -0.70200E-02    0.15637E-02   -0.56619E-01    0.91852E-01   -0.53118E-02   -0.25447E+00   -0.23530E-02   -0.35437E-02   -0.20886E-02   -0.21056E-02    0.52152E-03   -0.18447E-02    0.53427E-03   -0.31873E-02   -0.18375E-02   -0.92678E-03
   -0.47162E-04    0.17273E-03   -0.60078E-04    0.17696E-05    0.16898E-02   -0.87328E-03    0.27852E-03    0.96831E-01    0.10144E+00    0.62360E+00   -0.97921E-01   -0.17643E+01    0.53977E-01   -0.19831E-01    0.15275E-02    0.31239E-05   -0.31490E-03   -0.50114E-02   -0.44306E-01    0.13744E-01   -0.25637E-01    0.50647E+00   -0.16972E+00    0.19326E-01    0.28112E-01   -0.21117E-02    0.84153E-02    0.23862E-02   -0.94719E-03   -0.37129E-02   -0.54338E-03   -0.38592E-02   -0.30497E-03   -0.82493E-03   -0.39450E-02
   -0.12533E-05    0.20168E-03   -0.24899E-04   -0.93430E-03   -0.16011E-03   -0.17281E-03   -0.14239E-02   -0.57970E-01   -0.17567E-01   -0.97921E-01    0.66691E+00    0.12015E+01    0.89757E-01   -0.31706E-02   -0.41293E-02    0.17070E-06    0.41111E-04    0.16561E-01   -0.40692E+00    0.27360E-02   -0.86590E-01   -0.32013E+00    0.15825E-03   -0.19170E+00   -0.58908E-01    0.40948E-01    0.37607E-01   -0.55755E-02    0.55751E-03    0.54686E-03    0.46570E-03    0.75292E-03    0.10883E-03    0.44196E-03    0.32884E-02
   -0.20324E-04    0.42827E-03    0.33221E-04   -0.45611E-02    0.71653E-03   -0.72657E-03   -0.77280E-02    0.24911E+00    0.40167E-01   -0.17643E+01    0.12015E+01    0.90795E+01    0.10101E+00    0.10044E+00    0.57762E-02   -0.30902E-06    0.13238E-02   -0.23780E-01   -0.10475E+01    0.24546E-01   -0.16735E+00   -0.29892E+01    0.30955E+00   -0.38169E+00   -0.15228E+01    0.65066E-01    0.37442E-01   -0.21192E-01   -0.11304E-02    0.10083E-01   -0.27797E-02    0.11081E-01   -0.30589E-02   -0.13857E-02    0.14654E-01
    0.73866E-05   -0.20269E-04   -0.23875E-05   -0.99351E-04   -0.13000E-03    0.24055E-03   -0.26284E-03   -0.17429E+00   -0.56657E-01    0.53977E-01    0.89757E-01    0.10101E+00    0.76422E-01    0.29098E-02    0.30961E-02    0.11548E-05   -0.38596E-04   -0.62973E-02   -0.18360E+00    0.89379E-02   -0.25939E-01   -0.10969E+00   -0.12349E+00   -0.22281E-01   -0.97573E-01    0.75126E-02    0.14520E-01    0.12027E-03    0.33388E-03   -0.94156E-03    0.14975E-03   -0.11389E-02    0.11505E-02    0.22207E-03   -0.33995E-04
   -0.12918E-05    0.36182E-05    0.23101E-05   -0.43841E-04    0.70211E-04   -0.20342E-04   -0.78160E-04   -0.16680E-01   -0.32085E-02   -0.19831E-01   -0.31706E-02    0.10044E+00    0.29098E-02    0.39284E-02   -0.28809E-03    0.18944E-05    0.19439E-04   -0.11684E-03   -0.53311E-02   -0.14349E-03    0.28538E-03   -0.62559E-01   -0.10301E-02    0.31406E-02   -0.24027E-01    0.70835E-04    0.70268E-03    0.35159E-03   -0.47038E-04    0.73443E-05   -0.84233E-04    0.38686E-04    0.77175E-04   -0.64981E-04    0.14597E-03
   -0.24873E-06   -0.56593E-06   -0.17819E-06   -0.42087E-04   -0.33556E-04   -0.80495E-05   -0.78125E-04    0.14990E-01    0.80129E-03    0.15275E-02   -0.41293E-02    0.57762E-02    0.30961E-02   -0.28809E-03    0.17997E-02   -0.91046E-06   -0.11461E-05    0.16637E-03   -0.39713E-02    0.23733E-02    0.39278E-02    0.54068E-02   -0.50650E-02    0.36299E-02   -0.57283E-02   -0.21815E-03    0.82599E-03   -0.41774E-03    0.55310E-05    0.33416E-04   -0.72299E-05    0.17861E-05   -0.19442E-04    0.96302E-06   -0.12638E-04
    0.30173E-08   -0.98412E-07    0.25803E-07    0.36231E-06    0.27712E-06    0.23519E-06    0.47776E-06    0.88044E-04   -0.59313E-05    0.31239E-05    0.17070E-06   -0.30902E-06    0.11548E-05    0.18944E-05   -0.91046E-06    0.14600E-06    0.15521E-07    0.22917E-05   -0.31520E-06   -0.85431E-05    0.12526E-05   -0.73087E-04    0.17758E-04   -0.31261E-05   -0.80090E-04    0.83963E-07    0.91879E-06    0.63691E-06    0.63195E-07   -0.41614E-06   -0.79450E-08   -0.30221E-06    0.10525E-07   -0.84013E-07   -0.48168E-06
   -0.18165E-08    0.46130E-08   -0.49794E-08   -0.92457E-06   -0.12053E-06    0.12461E-06   -0.17290E-05    0.14539E-03   -0.79767E-04   -0.31490E-03    0.41111E-04    0.13238E-02   -0.38596E-04    0.19439E-04   -0.11461E-05    0.15521E-07    0.56810E-06   -0.51589E-06   -0.53213E-05    0.93297E-05    0.18043E-04   -0.47705E-03    0.86486E-04   -0.15906E-05   -0.49152E-05    0.28098E-05   -0.56225E-05   -0.22990E-05   -0.66169E-06    0.21370E-05   -0.42607E-06    0.24587E-05   -0.61204E-06   -0.37031E-06    0.30944E-05
   -0.25432E-05    0.29149E-04   -0.11464E-05   -0.45182E-04    0.98246E-04   -0.10512E-03   -0.21810E-04    0.23059E-01    0.95961E-02   -0.50114E-02    0.16561E-01   -0.23780E-01   -0.62973E-02   -0.11684E-03    0.16637E-03    0.22917E-05   -0.51589E-06    0.83703E-02    0.35670E-01    0.36928E-03    0.12663E-01   -0.23546E-01    0.10033E-01    0.49947E-02    0.29307E-01    0.16642E-02    0.33021E-02    0.17646E-03    0.67377E-04    0.44568E-04    0.17249E-04    0.89702E-04   -0.11713E-03    0.17766E-04    0.26843E-03
   -0.31334E-04    0.13021E-03    0.65563E-05    0.19729E-03    0.18542E-02   -0.98960E-03    0.66703E-03    0.41449E+00    0.87695E-01   -0.44306E-01   -0.40692E+00   -0.10475E+01   -0.18360E+00   -0.53311E-02   -0.39713E-02   -0.31520E-06   -0.53213E-05    0.35670E-01    0.76537E+00   -0.10653E-01    0.53173E-01    0.29385E+00    0.10410E+00    0.92432E-01    0.41496E+00   -0.24350E-01   -0.26847E-01    0.61958E-02    0.18949E-03    0.17921E-02    0.33111E-03    0.21292E-02   -0.15940E-02   -0.14300E-03   -0.16254E-03
   -0.10160E-04    0.12685E-03   -0.12164E-04   -0.47968E-03    0.58960E-03   -0.41992E-03   -0.48205E-03    0.15200E+01   -0.70200E-02    0.13744E-01    0.27360E-02    0.24546E-01    0.89379E-02   -0.14349E-03    0.23733E-02   -0.85431E-05    0.93297E-05    0.36928E-03   -0.10653E-01    0.13628E+00   -0.30434E-02    0.97976E-01   -0.33624E-01    0.90124E-02   -0.13079E-01    0.92026E-03    0.42382E-02   -0.53642E-04    0.30837E-03    0.53556E-03    0.11489E-03    0.16629E-03   -0.43735E-04   -0.86519E-04   -0.12002E-03
    0.28869E-04   -0.13739E-03    0.24019E-04    0.79778E-03   -0.14823E-02    0.36190E-03    0.14037E-02    0.95868E-02    0.15637E-02   -0.25637E-01   -0.86590E-01   -0.16735E+00   -0.25939E-01    0.28538E-03    0.39278E-02    0.12526E-05    0.18043E-04    0.12663E-01    0.53173E-01   -0.30434E-02    0.32175E+00    0.26036E-01    0.13059E+00    0.98037E-01    0.38499E+00   -0.51055E-02   -0.69533E-02   -0.43772E-02    0.28885E-02   -0.40951E-03    0.23730E-02    0.44549E-03   -0.41836E-03    0.27687E-03    0.60385E-03
    0.20739E-04   -0.45153E-03   -0.80998E-04   -0.17030E-02   -0.51926E-02    0.20889E-02   -0.51158E-02    0.18342E+01   -0.56619E-01    0.50647E+00   -0.32013E+00   -0.29892E+01   -0.10969E+00   -0.62559E-01    0.54068E-02   -0.73087E-04   -0.47705E-03   -0.23546E-01    0.29385E+00    0.97976E-01    0.26036E-01    0.13145E+02   -0.27330E+00   -0.23247E-01    0.15940E+01   -0.14215E-01   -0.51505E-01   -0.80322E-02    0.26105E-02    0.40393E-01   -0.25036E-03    0.30950E-01   -0.51323E-02    0.29150E-02   -0.28968E-02
    0.34724E-05   -0.61368E-05    0.52798E-05    0.52238E-03   -0.45419E-03   -0.99994E-04    0.10599E-02    0.17363E+00    0.91852E-01   -0.16972E+00    0.15825E-03    0.30955E+00   -0.12349E+00   -0.10301E-02   -0.50650E-02    0.17758E-04    0.86486E-04    0.10033E-01    0.10410E+00   -0.33624E-01    0.13059E+00   -0.27330E+00    0.15992E+01    0.59811E-01    0.23016E+00   -0.60368E-01   -0.73035E-01   -0.47945E-02   -0.87421E-03    0.23028E-03    0.70330E-04    0.84031E-03   -0.39535E-03    0.30451E-03    0.28830E-03
    0.23182E-04   -0.14677E-03    0.29670E-04    0.33887E-03   -0.93590E-03    0.42400E-03    0.38468E-03    0.78601E-01   -0.53118E-02    0.19326E-01   -0.19170E+00   -0.38169E+00   -0.22281E-01    0.31406E-02    0.36299E-02   -0.31261E-05   -0.15906E-05    0.49947E-02    0.92432E-01    0.90124E-02    0.98037E-01   -0.23247E-01    0.59811E-01    0.22067E+00    0.16351E+00   -0.97303E-02   -0.25140E-02    0.93703E-03   -0.10474E-03   -0.10731E-02    0.23317E-04   -0.56816E-03    0.55581E-03    0.22425E-03   -0.67473E-03
    0.14998E-03   -0.64760E-03    0.18912E-03    0.10682E-02   -0.10605E-01    0.23089E-02    0.56597E-03    0.65725E+00   -0.25447E+00    0.28112E-01   -0.58908E-01   -0.15228E+01   -0.97573E-01   -0.24027E-01   -0.57283E-02   -0.80090E-04   -0.49152E-05    0.29307E-01    0.41496E+00   -0.13079E-01    0.38499E+00    0.15940E+01    0.23016E+00    0.16351E+00    0.12584E+02   -0.12403E-01   -0.48630E-01   -0.13743E-01    0.40137E-02    0.19156E-02    0.64962E-02    0.20043E-02    0.39257E-02    0.74870E-02    0.30362E-01
   -0.22891E-06    0.17327E-04   -0.16015E-05   -0.10579E-03    0.41907E-04   -0.21420E-04   -0.16451E-03   -0.15410E-01   -0.23530E-02   -0.21117E-02    0.40948E-01    0.65066E-01    0.75126E-02    0.70835E-04   -0.21815E-03    0.83963E-07    0.28098E-05    0.16642E-02   -0.24350E-01    0.92026E-03   -0.51055E-02   -0.14215E-01   -0.60368E-01   -0.97303E-02   -0.12403E-01    0.66743E-02    0.57888E-02   -0.18390E-03    0.48924E-04    0.40067E-04   -0.49572E-05    0.83603E-04   -0.39455E-05    0.18321E-05    0.20225E-03
   -0.13648E-06    0.15207E-04   -0.97266E-06   -0.10496E-03    0.65856E-04   -0.30571E-04   -0.16860E-03    0.18079E-02   -0.35437E-02    0.84153E-02    0.37607E-01    0.37442E-01    0.14520E-01    0.70268E-03    0.82599E-03    0.91879E-06   -0.56225E-05    0.33021E-02   -0.26847E-01    0.42382E-02   -0.69533E-02   -0.51505E-01   -0.73035E-01   -0.25140E-02   -0.48630E-01    0.57888E-02    0.11427E-01    0.29472E-03    0.22929E-04   -0.17913E-03   -0.91424E-06   -0.14196E-03    0.98371E-04    0.46023E-05   -0.30774E-04
   -0.80336E-07    0.55560E-06    0.52937E-06    0.20482E-04    0.36045E-04    0.20034E-05    0.38557E-04   -0.60220E-02   -0.20886E-02    0.23862E-02   -0.55755E-02   -0.21192E-01    0.12027E-03    0.35159E-03   -0.41774E-03    0.63691E-06   -0.22990E-05    0.17646E-03    0.61958E-02   -0.53642E-04   -0.43772E-02   -0.80322E-02   -0.47945E-02    0.93703E-03   -0.13743E-01   -0.18390E-03    0.29472E-03    0.51842E-03   -0.14064E-05   -0.38776E-04   -0.61051E-05   -0.54453E-04    0.63902E-04    0.15594E-05   -0.56452E-04
    0.82716E-06   -0.33207E-05    0.58512E-06    0.87560E-05   -0.22691E-04    0.12955E-04    0.11315E-04    0.29355E-02   -0.21056E-02   -0.94719E-03    0.55751E-03   -0.11304E-02    0.33388E-03   -0.47038E-04    0.55310E-05    0.63195E-07   -0.66169E-06    0.67377E-04    0.18949E-03    0.30837E-03    0.28885E-02    0.26105E-02   -0.87421E-03   -0.10474E-03    0.40137E-02    0.48924E-04    0.22929E-04   -0.14064E-05    0.15882E-03   -0.70284E-05    0.59702E-04    0.87321E-05    0.40243E-05    0.17866E-04    0.14514E-04
   -0.29598E-07    0.19344E-05   -0.60358E-06   -0.17930E-04   -0.83988E-05   -0.47647E-05   -0.31843E-04    0.12729E-01    0.52152E-03   -0.37129E-02    0.54686E-03    0.10083E-01   -0.94156E-03    0.73443E-05    0.33416E-04   -0.41614E-06    0.21370E-05    0.44568E-04    0.17921E-02    0.53556E-03   -0.40951E-03    0.40393E-01    0.23028E-03   -0.10731E-02    0.19156E-02    0.40067E-04   -0.17913E-03   -0.38776E-04   -0.70284E-05    0.30764E-03   -0.27552E-05    0.16211E-03   -0.35491E-04    0.11305E-04    0.94658E-05
    0.80585E-06   -0.22134E-05    0.39289E-06    0.19215E-04   -0.27050E-04    0.88508E-05    0.34928E-04    0.10165E-02   -0.18447E-02   -0.54338E-03    0.46570E-03   -0.27797E-02    0.14975E-03   -0.84233E-04   -0.72299E-05   -0.79450E-08   -0.42607E-06    0.17249E-04    0.33111E-03    0.11489E-03    0.23730E-02   -0.25036E-03    0.70330E-04    0.23317E-04    0.64962E-02   -0.49572E-05   -0.91424E-06   -0.61051E-05    0.59702E-04   -0.27552E-05    0.10704E-03    0.29721E-05    0.28721E-04    0.15363E-04    0.21388E-04
    0.54100E-08    0.60830E-06   -0.35290E-07   -0.18266E-04   -0.19896E-04   -0.14679E-05   -0.35668E-04    0.74176E-02    0.53427E-03   -0.38592E-02    0.75292E-03    0.11081E-01   -0.11389E-02    0.38686E-04    0.17861E-05   -0.30221E-06    0.24587E-05    0.89702E-04    0.21292E-02    0.16629E-03    0.44549E-03    0.30950E-01    0.84031E-03   -0.56816E-03    0.20043E-02    0.83603E-04   -0.14196E-03   -0.54453E-04    0.87321E-05    0.16211E-03    0.29721E-05    0.20474E-03   -0.26315E-04    0.86066E-05    0.23950E-04
    0.98048E-06   -0.39611E-05    0.12887E-05    0.48847E-05   -0.44950E-04    0.21073E-04    0.11345E-05   -0.65894E-02   -0.31873E-02   -0.30497E-03    0.10883E-03   -0.30589E-02    0.11505E-02    0.77175E-04   -0.19442E-04    0.10525E-07   -0.61204E-06   -0.11713E-03   -0.15940E-02   -0.43735E-04   -0.41836E-03   -0.51323E-02   -0.39535E-03    0.55581E-03    0.39257E-02   -0.39455E-05    0.98371E-04    0.63902E-04    0.40243E-05   -0.35491E-04    0.28721E-04   -0.26315E-04    0.37875E-03    0.53640E-04    0.34505E-04
    0.81279E-06   -0.31906E-05    0.60284E-06    0.42249E-05   -0.30994E-04    0.16280E-04    0.59522E-06   -0.28713E-02   -0.18375E-02   -0.82493E-03    0.44196E-03   -0.13857E-02    0.22207E-03   -0.64981E-04    0.96302E-06   -0.84013E-07   -0.37031E-06    0.17766E-04   -0.14300E-03   -0.86519E-04    0.27687E-03    0.29150E-02    0.30451E-03    0.22425E-03    0.74870E-02    0.18321E-05    0.46023E-05    0.15594E-05    0.17866E-04    0.11305E-04    0.15363E-04    0.86066E-05    0.53640E-04    0.95332E-04    0.31826E-04
    0.33019E-06   -0.12822E-07    0.14027E-07    0.15415E-05   -0.24586E-04    0.74826E-05   -0.18801E-06   -0.22939E-02   -0.92678E-03   -0.39450E-02    0.32884E-02    0.14654E-01   -0.33995E-04    0.14597E-03   -0.12638E-04   -0.48168E-06    0.30944E-05    0.26843E-03   -0.16254E-03   -0.12002E-03    0.60385E-03   -0.28968E-02    0.28830E-03   -0.67473E-03    0.30362E-01    0.20225E-03   -0.30774E-04   -0.56452E-04    0.14514E-04    0.94658E-05    0.21388E-04    0.23950E-04    0.34505E-04    0.31826E-04    0.46789E-03
