# omegabh2 omegach2 theta tau w ns logA aps100 aps143 aps217 acib143 acib217 asz143 psr cibr ncib cal0 cal2 xi aksz bm_1_1 bm_1_2 bm_1_3 bm_1_4 bm_1_5 bm_2_1 bm_2_2 bm_2_3 bm_2_4 bm_2_5 bm_3_1 bm_3_2 bm_3_3 bm_3_4 bm_3_5 bm_4_1 bm_4_2 bm_4_3 bm_4_4 bm_4_5
    0.72934E-07   -0.33492E-06    0.67330E-07    0.95326E-06    0.12914E-04    0.10590E-05    0.12932E-05   -0.14199E-02   -0.53489E-03   -0.88661E-04   -0.16174E-03   -0.23094E-03    0.16705E-04    0.29527E-07   -0.57568E-05   -0.14942E-05    0.15518E-08   -0.13215E-07    0.19201E-05   -0.40116E-04   -0.92309E-05   -0.90319E-05    0.25001E-05    0.20220E-05    0.14221E-05    0.17877E-05   -0.44584E-05    0.41318E-05   -0.33587E-06   -0.24703E-05   -0.37444E-05   -0.27259E-05   -0.48995E-05    0.29475E-05   -0.44108E-06   -0.19904E-05    0.27966E-05   -0.59250E-05   -0.75421E-05    0.33746E-05
   -0.33492E-06    0.58779E-05   -0.57660E-06   -0.92424E-05   -0.20189E-03   -0.13411E-04   -0.44667E-05    0.30217E-02    0.23051E-02    0.95374E-03    0.31984E-03    0.70418E-03   -0.22814E-03    0.44431E-05   -0.73422E-06    0.15379E-04    0.62500E-08    0.94756E-07   -0.14400E-04   -0.10726E-04    0.75023E-04    0.36719E-05   -0.79840E-04   -0.27476E-04   -0.83650E-05    0.46233E-04    0.26245E-04   -0.16176E-04    0.17101E-05    0.99990E-05   -0.16873E-05   -0.86350E-05   -0.29958E-04    0.16287E-04   -0.48249E-05    0.39827E-04   -0.12083E-04    0.31306E-04    0.14301E-06   -0.20369E-05
    0.67330E-07   -0.57660E-06    0.36427E-06    0.15728E-05    0.27498E-04    0.18936E-05    0.21344E-05   -0.80728E-03   -0.63665E-04    0.42434E-04   -0.17568E-03   -0.13829E-03    0.10317E-04   -0.38802E-06   -0.11372E-05   -0.10377E-05   -0.46140E-08    0.27307E-09    0.31845E-06   -0.30071E-04    0.15807E-05    0.42904E-05    0.95267E-05    0.24567E-04   -0.60331E-05   -0.53268E-05    0.52658E-05    0.35649E-05    0.64396E-05   -0.10092E-04    0.11535E-04   -0.44196E-05    0.63041E-05    0.23040E-07    0.38855E-05   -0.28680E-06    0.12592E-04   -0.33152E-06    0.42850E-05   -0.26159E-05
    0.95326E-06   -0.92424E-05    0.15728E-05    0.16787E-03    0.33397E-03    0.34066E-04    0.31480E-03   -0.61639E-01   -0.50825E-02    0.73365E-02   -0.56645E-02   -0.73484E-02    0.33918E-03    0.45242E-04   -0.25543E-03    0.10155E-04    0.56100E-07   -0.53806E-06    0.13555E-03   -0.21018E-02   -0.93540E-04    0.52261E-04    0.25184E-03    0.21309E-03    0.21349E-04    0.16513E-03   -0.21310E-03    0.12562E-03   -0.14137E-03   -0.11169E-03   -0.43108E-03   -0.12573E-03   -0.13782E-03    0.40281E-04   -0.13710E-03   -0.22396E-03    0.18443E-03   -0.35976E-03   -0.13649E-03   -0.66246E-04
    0.12914E-04   -0.20189E-03    0.27498E-04    0.33397E-03    0.13523E-01    0.48492E-03    0.19384E-03   -0.10707E+00   -0.81575E-01   -0.26272E-01   -0.19268E-01   -0.34359E-01    0.64728E-02   -0.38640E-03   -0.35850E-03   -0.84070E-03   -0.15657E-06   -0.26237E-05    0.28691E-03    0.37783E-02   -0.18728E-02   -0.23995E-02    0.37696E-02    0.24333E-03    0.24374E-03   -0.18400E-02    0.21062E-03    0.19851E-03    0.18144E-02   -0.64461E-03    0.85808E-03    0.73383E-03    0.89777E-03    0.42923E-03    0.15680E-02   -0.11369E-02    0.74561E-03    0.52248E-03    0.50855E-03    0.18459E-02
    0.10590E-05   -0.13411E-04    0.18936E-05    0.34066E-04    0.48492E-03    0.52869E-04    0.36130E-04   -0.70521E-01   -0.14210E-02    0.14788E-01   -0.95231E-02   -0.11297E-01   -0.61397E-04    0.36772E-04   -0.31082E-03   -0.47639E-04   -0.38692E-07   -0.28923E-06    0.12752E-03   -0.29779E-02    0.30380E-05    0.21196E-04    0.92257E-04    0.12264E-03    0.34174E-04    0.19507E-03    0.65365E-04    0.90444E-04   -0.73310E-04   -0.48828E-04   -0.65911E-04    0.65536E-05   -0.47272E-04    0.20719E-04    0.14563E-04    0.51555E-04    0.19186E-03    0.56045E-05   -0.54493E-04   -0.87196E-04
    0.12932E-05   -0.44667E-05    0.21344E-05    0.31480E-03    0.19384E-03    0.36130E-04    0.62891E-03   -0.13849E+00    0.39773E-02    0.26422E-01   -0.15499E-01   -0.16811E-01   -0.11660E-02    0.13016E-03   -0.69790E-03    0.94668E-04    0.20478E-06   -0.57041E-06    0.27140E-03   -0.57490E-02    0.67151E-03    0.27497E-03    0.33099E-03    0.33428E-03    0.45260E-05    0.77222E-03   -0.30040E-03    0.16925E-03   -0.23366E-03   -0.29047E-03   -0.85885E-03   -0.24764E-03   -0.42946E-03    0.99392E-04   -0.35103E-03   -0.11821E-03    0.47924E-03   -0.63619E-03   -0.20597E-03   -0.11574E-03
   -0.14199E-02    0.30217E-02   -0.80728E-03   -0.61639E-01   -0.10707E+00   -0.70521E-01   -0.13849E+00    0.26745E+04    0.43652E+02   -0.15619E+03    0.11759E+03    0.10525E+03   -0.72286E+02   -0.10027E+01    0.26838E+00    0.12633E+01    0.79579E-03   -0.18059E-02   -0.24599E+00   -0.19683E+02    0.97924E+01   -0.95837E+01    0.12355E+01   -0.36981E+00   -0.23583E+00   -0.13805E+00   -0.56459E+01   -0.28944E+00    0.13073E+00   -0.85061E+00    0.16118E+01   -0.22264E+00    0.14251E+01   -0.67368E+00   -0.40525E+01    0.15758E+01   -0.16321E+01   -0.27324E+01   -0.68131E+00    0.34738E+01
   -0.53489E-03    0.23051E-02   -0.63665E-04   -0.50825E-02   -0.81575E-01   -0.14210E-02    0.39773E-02    0.43652E+02    0.19128E+03    0.61895E+02   -0.35759E+02   -0.13010E+02   -0.84080E+01   -0.25969E+00   -0.25268E+00   -0.16471E+00    0.11896E-03    0.31594E-02    0.12820E+01   -0.13325E+02    0.14743E+01    0.31260E+00    0.30548E+00   -0.20944E-01    0.39853E-01   -0.15392E+01   -0.55806E+00   -0.12634E+00    0.11032E+00   -0.16550E+00    0.10925E+01    0.25019E+00    0.10695E+00    0.79135E-01    0.15817E+00   -0.37517E+00   -0.37696E+00   -0.16085E+00    0.47263E+00    0.25565E+00
   -0.88661E-04    0.95374E-03    0.42434E-04    0.73365E-02   -0.26272E-01    0.14788E-01    0.26422E-01   -0.15619E+03    0.61895E+02    0.20454E+03   -0.34055E+02   -0.70712E+02    0.36630E+01   -0.55632E-01   -0.94194E+00   -0.99908E+00    0.14059E-03   -0.36863E-02    0.34263E+00   -0.10832E+02    0.16538E+01    0.79756E+00   -0.26012E+00    0.61005E-01    0.46503E-01    0.11540E+01    0.32236E+00   -0.18849E+00   -0.12798E+00    0.36284E+00   -0.10671E+01    0.70949E+00   -0.48340E+00    0.53602E+00    0.27802E+00    0.14865E+00    0.27835E+00    0.22646E+00    0.27483E+00   -0.26277E+00
   -0.16174E-03    0.31984E-03   -0.17568E-03   -0.56645E-02   -0.19268E-01   -0.95231E-02   -0.15499E-01    0.11759E+03   -0.35759E+02   -0.34055E+02    0.26007E+02    0.17753E+02   -0.23215E+01    0.20709E-01    0.23017E+00    0.21641E+00   -0.90209E-04   -0.11358E-02    0.85190E-02   -0.97122E+00   -0.10614E+01   -0.46873E+00    0.29515E-01    0.35533E-01    0.17381E-01    0.73723E+00    0.17076E+00    0.62796E-02    0.65632E-01    0.87023E-01   -0.36138E+00   -0.15654E+00    0.67669E-01   -0.16915E-01   -0.74369E-01    0.31081E+00    0.10821E+00    0.57058E-01   -0.14346E+00    0.87036E-01
   -0.23094E-03    0.70418E-03   -0.13829E-03   -0.73484E-02   -0.34359E-01   -0.11297E-01   -0.16811E-01    0.10525E+03   -0.13010E+02   -0.70712E+02    0.17753E+02    0.33273E+02   -0.20463E+01    0.71677E-01    0.40298E+00    0.50267E+00   -0.66555E-04    0.15256E-02   -0.18484E+00   -0.12830E+01   -0.63581E+00   -0.34275E+00    0.13437E+00   -0.32605E-01    0.10535E-01   -0.39049E+00   -0.71273E-01    0.51544E-01    0.18380E+00   -0.19417E+00    0.40338E+00   -0.45587E+00    0.25754E+00   -0.27232E+00   -0.19534E+00   -0.30118E-01   -0.11051E+00   -0.34494E-01   -0.40936E-01    0.19322E+00
    0.16705E-04   -0.22814E-03    0.10317E-04    0.33918E-03    0.64728E-02   -0.61397E-04   -0.11660E-02   -0.72286E+02   -0.84080E+01    0.36630E+01   -0.23215E+01   -0.20463E+01    0.77710E+01    0.49386E-01    0.27229E+00   -0.13762E+00    0.28639E-05   -0.33074E-04   -0.37745E-01    0.54616E-01    0.17643E+00    0.12065E+00   -0.65691E-01    0.29804E-01    0.65441E-02   -0.11997E+00    0.47903E-01   -0.33994E-01   -0.64243E-01   -0.29200E-02   -0.51784E-01    0.47261E-01   -0.34083E-01   -0.44348E-01    0.52509E-02   -0.11224E+00   -0.49068E-01    0.27588E-01    0.60779E-02   -0.70348E-01
    0.29527E-07    0.44431E-05   -0.38802E-06    0.45242E-04   -0.38640E-03    0.36772E-04    0.13016E-03   -0.10027E+01   -0.25969E+00   -0.55632E-01    0.20709E-01    0.71677E-01    0.49386E-01    0.78466E-02   -0.61470E-02    0.75807E-02    0.10675E-05   -0.25966E-04    0.35125E-02   -0.11868E-01    0.86210E-02    0.57514E-02    0.10696E-02   -0.22654E-03   -0.18434E-02    0.54680E-02    0.85273E-03    0.65892E-03   -0.19474E-02   -0.74245E-03   -0.10160E-01   -0.86504E-03    0.48609E-03   -0.11237E-02    0.72100E-04   -0.27705E-02    0.75483E-03   -0.25799E-02   -0.46025E-02   -0.16551E-02
   -0.57568E-05   -0.73422E-06   -0.11372E-05   -0.25543E-03   -0.35850E-03   -0.31082E-03   -0.69790E-03    0.26838E+00   -0.25268E+00   -0.94194E+00    0.23017E+00    0.40298E+00    0.27229E+00   -0.61470E-02    0.45367E-01   -0.12353E-01   -0.26757E-05    0.82820E-04    0.35043E-04   -0.33664E-01   -0.16640E-01   -0.75347E-02   -0.49143E-02    0.18747E-02    0.13796E-02   -0.25913E-01   -0.14794E-02    0.46316E-02   -0.15847E-02    0.37135E-04    0.32456E-01    0.51915E-03    0.76635E-02    0.35531E-02    0.36706E-02    0.11966E-02   -0.66301E-03    0.70360E-02    0.63477E-02   -0.12129E-03
   -0.14942E-05    0.15379E-04   -0.10377E-05    0.10155E-04   -0.84070E-03   -0.47639E-04    0.94668E-04    0.12633E+01   -0.16471E+00   -0.99908E+00    0.21641E+00    0.50267E+00   -0.13762E+00    0.75807E-02   -0.12353E-01    0.20900E-01    0.22975E-06   -0.21828E-04   -0.15215E-02   -0.54209E-02    0.49425E-02   -0.43610E-02    0.35833E-02   -0.34092E-02   -0.25256E-02    0.62247E-02    0.47723E-02   -0.41014E-02    0.98678E-02   -0.97886E-02   -0.13516E-01   -0.17527E-01    0.27974E-02   -0.12348E-01   -0.77571E-02   -0.49491E-02   -0.99389E-03   -0.53906E-03    0.30610E-02    0.11617E-01
    0.15518E-08    0.62500E-08   -0.46140E-08    0.56100E-07   -0.15657E-06   -0.38692E-07    0.20478E-06    0.79579E-03    0.11896E-03    0.14059E-03   -0.90209E-04   -0.66555E-04    0.28639E-05    0.10675E-05   -0.26757E-05    0.22975E-06    0.15820E-06    0.98008E-08    0.10714E-05    0.58364E-05   -0.23986E-04   -0.15108E-04   -0.27390E-05   -0.96633E-05   -0.29959E-05    0.14470E-04    0.93146E-06    0.62859E-05   -0.16273E-05   -0.32962E-05    0.64830E-05   -0.28552E-05    0.40768E-05    0.48453E-05    0.41332E-05    0.13088E-04    0.92625E-05   -0.11217E-05   -0.51733E-05    0.28872E-05
   -0.13215E-07    0.94756E-07    0.27307E-09   -0.53806E-06   -0.26237E-05   -0.28923E-06   -0.57041E-06   -0.18059E-02    0.31594E-02   -0.36863E-02   -0.11358E-02    0.15256E-02   -0.33074E-04   -0.25966E-04    0.82820E-04   -0.21828E-04    0.98008E-08    0.16327E-05   -0.26219E-05   -0.53982E-04    0.97492E-04    0.44179E-04   -0.82486E-05   -0.39996E-04    0.91152E-05    0.21959E-03    0.23426E-04   -0.74787E-05    0.20237E-04    0.16529E-04   -0.22290E-03   -0.17824E-04   -0.60753E-04    0.97202E-05   -0.12574E-04    0.12733E-04    0.37201E-04   -0.26605E-04   -0.28320E-04    0.19674E-04
    0.19201E-05   -0.14400E-04    0.31845E-06    0.13555E-03    0.28691E-03    0.12752E-03    0.27140E-03   -0.24599E+00    0.12820E+01    0.34263E+00    0.85190E-02   -0.18484E+00   -0.37745E-01    0.35125E-02    0.35043E-04   -0.15215E-02    0.10714E-05   -0.26219E-05    0.82722E-01    0.88461E-02    0.41154E-02   -0.29273E-02    0.10080E-02    0.18561E-02   -0.41735E-02    0.37014E-02    0.14951E-02   -0.26529E-02    0.72089E-03    0.37350E-02   -0.49670E-02    0.48619E-02   -0.22909E-02    0.39801E-02    0.57989E-02   -0.46602E-04   -0.94356E-03    0.17717E-02    0.28321E-02    0.66042E-02
   -0.40116E-04   -0.10726E-04   -0.30071E-04   -0.21018E-02    0.37783E-02   -0.29779E-02   -0.57490E-02   -0.19683E+02   -0.13325E+02   -0.10832E+02   -0.97122E+00   -0.12830E+01    0.54616E-01   -0.11868E-01   -0.33664E-01   -0.54209E-02    0.58364E-05   -0.53982E-04    0.88461E-02    0.81797E+01   -0.10080E-02   -0.13479E-01   -0.15887E-01   -0.75608E-03   -0.31329E-01   -0.50613E-02    0.31223E-01   -0.30712E-01   -0.15620E-01    0.10988E-02    0.19163E-02    0.29316E-01   -0.36560E-01   -0.57320E-01    0.31489E-01    0.45774E-02   -0.15721E-01    0.93526E-02    0.16268E-01    0.36338E-01
   -0.92309E-05    0.75023E-04    0.15807E-05   -0.93540E-04   -0.18728E-02    0.30380E-05    0.67151E-03    0.97924E+01    0.14743E+01    0.16538E+01   -0.10614E+01   -0.63581E+00    0.17643E+00    0.86210E-02   -0.16640E-01    0.49425E-02   -0.23986E-04    0.97492E-04    0.41154E-02   -0.10080E-02    0.70641E+00   -0.12094E+00    0.18500E-02   -0.35885E-03   -0.27646E-02    0.16490E+00   -0.54277E-01   -0.50427E-01   -0.16361E-01   -0.83902E-01    0.37964E-01    0.37689E-01   -0.29027E-01   -0.56618E-01   -0.11720E+00    0.15403E+00    0.37010E-01   -0.25342E-01    0.45259E-01    0.65640E-01
   -0.90319E-05    0.36719E-05    0.42904E-05    0.52261E-04   -0.23995E-02    0.21196E-04    0.27497E-03   -0.95837E+01    0.31260E+00    0.79756E+00   -0.46873E+00   -0.34275E+00    0.12065E+00    0.57514E-02   -0.75347E-02   -0.43610E-02   -0.15108E-04    0.44179E-04   -0.29273E-02   -0.13479E-01   -0.12094E+00    0.90907E+00   -0.18655E-01    0.90233E-02    0.17327E-01   -0.14892E+00    0.20513E+00    0.73249E-01   -0.27727E-01    0.34278E-01   -0.13417E+00    0.80797E-02    0.93812E-02    0.72356E-02    0.17766E+00   -0.23788E+00    0.52520E-01    0.11355E+00    0.93082E-02   -0.22534E+00
    0.25001E-05   -0.79840E-04    0.95267E-05    0.25184E-03    0.37696E-02    0.92257E-04    0.33099E-03    0.12355E+01    0.30548E+00   -0.26012E+00    0.29515E-01    0.13437E+00   -0.65691E-01    0.10696E-02   -0.49143E-02    0.35833E-02   -0.27390E-05   -0.82486E-05    0.10080E-02   -0.15887E-01    0.18500E-02   -0.18655E-01    0.98554E+00    0.10232E-01    0.26801E-02   -0.43608E-01   -0.31260E-01    0.17826E+00   -0.70345E-02    0.64955E-01   -0.13444E-01    0.47865E-01    0.34446E-02   -0.73483E-02    0.98751E-01   -0.62420E-01    0.43628E-01    0.58001E-02   -0.18696E+00    0.95209E-01
    0.20220E-05   -0.27476E-04    0.24567E-04    0.21309E-03    0.24333E-03    0.12264E-03    0.33428E-03   -0.36981E+00   -0.20944E-01    0.61005E-01    0.35533E-01   -0.32605E-01    0.29804E-01   -0.22654E-03    0.18747E-02   -0.34092E-02   -0.96633E-05   -0.39996E-04    0.18561E-02   -0.75608E-03   -0.35885E-03    0.90233E-02    0.10232E-01    0.99425E+00   -0.15258E-01    0.62084E-01   -0.93857E-01    0.83943E-01   -0.80237E-01    0.57983E-01    0.77008E-01    0.11937E+00    0.44896E-01    0.16166E+00   -0.11818E+00    0.94258E-01    0.48172E-01   -0.94549E-02   -0.11793E+00    0.62144E-01
    0.14221E-05   -0.83650E-05   -0.60331E-05    0.21349E-04    0.24374E-03    0.34174E-04    0.45260E-05   -0.23583E+00    0.39853E-01    0.46503E-01    0.17381E-01    0.10535E-01    0.65441E-02   -0.18434E-02    0.13796E-02   -0.25256E-02   -0.29959E-05    0.91152E-05   -0.41735E-02   -0.31329E-01   -0.27646E-02    0.17327E-01    0.26801E-02   -0.15258E-01    0.10268E+01    0.17127E-01    0.46434E-01   -0.35490E-01    0.30135E-01    0.76550E-01    0.64521E-01   -0.91758E-01   -0.76991E-01    0.54340E-01    0.45388E-01    0.80290E-01   -0.80830E-01    0.85621E-01   -0.38560E-01   -0.17301E-01
    0.17877E-05    0.46233E-04   -0.53268E-05    0.16513E-03   -0.18400E-02    0.19507E-03    0.77222E-03   -0.13805E+00   -0.15392E+01    0.11540E+01    0.73723E+00   -0.39049E+00   -0.11997E+00    0.54680E-02   -0.25913E-01    0.62247E-02    0.14470E-04    0.21959E-03    0.37014E-02   -0.50613E-02    0.16490E+00   -0.14892E+00   -0.43608E-01    0.62084E-01    0.17127E-01    0.85807E+00    0.46510E-02   -0.13973E-01   -0.26979E-01   -0.21292E-01    0.30915E-01    0.12202E+00   -0.96075E-01    0.34974E-01   -0.71233E-01    0.65146E+00    0.25336E+00   -0.47021E-01   -0.39602E-01    0.66104E-01
   -0.44584E-05    0.26245E-04    0.52658E-05   -0.21310E-03    0.21062E-03    0.65365E-04   -0.30040E-03   -0.56459E+01   -0.55806E+00    0.32236E+00    0.17076E+00   -0.71273E-01    0.47903E-01    0.85273E-03   -0.14794E-02    0.47723E-02    0.93146E-06    0.23426E-04    0.14951E-02    0.31223E-01   -0.54277E-01    0.20513E+00   -0.31260E-01   -0.93857E-01    0.46434E-01    0.46510E-02    0.10084E+01    0.20685E-02    0.40281E-02   -0.10299E-01    0.45852E-01   -0.12520E-01   -0.59072E-01   -0.24464E-01    0.15275E+00   -0.70796E-01    0.26544E+00    0.77325E+00    0.30234E+00   -0.20064E+00
    0.41318E-05   -0.16176E-04    0.35649E-05    0.12562E-03    0.19851E-03    0.90444E-04    0.16925E-03   -0.28944E+00   -0.12634E+00   -0.18849E+00    0.62796E-02    0.51544E-01   -0.33994E-01    0.65892E-03    0.46316E-02   -0.41014E-02    0.62859E-05   -0.74787E-05   -0.26529E-02   -0.30712E-01   -0.50427E-01    0.73249E-01    0.17826E+00    0.83943E-01   -0.35490E-01   -0.13973E-01    0.20685E-02    0.10065E+01   -0.36594E-02    0.15083E-01    0.90316E-01   -0.45277E-01    0.14896E+00    0.16942E+00   -0.12864E+00   -0.19412E+00    0.62584E+00    0.14403E+00   -0.64192E+00    0.17417E+00
   -0.33587E-06    0.17101E-05    0.64396E-05   -0.14137E-03    0.18144E-02   -0.73310E-04   -0.23366E-03    0.13073E+00    0.11032E+00   -0.12798E+00    0.65632E-01    0.18380E+00   -0.64243E-01   -0.19474E-02   -0.15847E-02    0.98678E-02   -0.16273E-05    0.20237E-04    0.72089E-03   -0.15620E-01   -0.16361E-01   -0.27727E-01   -0.70345E-02   -0.80237E-01    0.30135E-01   -0.26979E-01    0.40281E-02   -0.36594E-02    0.98199E+00    0.19437E-01   -0.21640E-01   -0.10279E+00   -0.15258E+00   -0.40295E-01   -0.76087E-01   -0.80955E-01    0.53167E-01   -0.33513E-01    0.29397E+00    0.66511E+00
   -0.24703E-05    0.99990E-05   -0.10092E-04   -0.11169E-03   -0.64461E-03   -0.48828E-04   -0.29047E-03   -0.85061E+00   -0.16550E+00    0.36284E+00    0.87023E-01   -0.19417E+00   -0.29200E-02   -0.74245E-03    0.37135E-04   -0.97886E-02   -0.32962E-05    0.16529E-04    0.37350E-02    0.10988E-02   -0.83902E-01    0.34278E-01    0.64955E-01    0.57983E-01    0.76550E-01   -0.21292E-01   -0.10299E-01    0.15083E-01    0.19437E-01    0.98187E+00   -0.78120E-01    0.92993E-01    0.36007E-01    0.15977E+00    0.95096E-02    0.92732E-01   -0.54990E+00    0.38236E+00   -0.34937E+00    0.23821E+00
   -0.37444E-05   -0.16873E-05    0.11535E-04   -0.43108E-03    0.85808E-03   -0.65911E-04   -0.85885E-03    0.16118E+01    0.10925E+01   -0.10671E+01   -0.36138E+00    0.40338E+00   -0.51784E-01   -0.10160E-01    0.32456E-01   -0.13516E-01    0.64830E-05   -0.22290E-03   -0.49670E-02    0.19163E-02    0.37964E-01   -0.13417E+00   -0.13444E-01    0.77008E-01    0.64521E-01    0.30915E-01    0.45852E-01    0.90316E-01   -0.21640E-01   -0.78120E-01    0.92213E+00   -0.32576E-02   -0.26051E-02    0.10134E-01   -0.13582E-01    0.60160E+00    0.18514E+00    0.12565E+00    0.56281E-01   -0.70110E-01
   -0.27259E-05   -0.86350E-05   -0.44196E-05   -0.12573E-03    0.73383E-03    0.65536E-05   -0.24764E-03   -0.22264E+00    0.25019E+00    0.70949E+00   -0.15654E+00   -0.45587E+00    0.47261E-01   -0.86504E-03    0.51915E-03   -0.17527E-01   -0.28552E-05   -0.17824E-04    0.48619E-02    0.29316E-01    0.37689E-01    0.80797E-02    0.47865E-01    0.11937E+00   -0.91758E-01    0.12202E+00   -0.12520E-01   -0.45277E-01   -0.10279E+00    0.92993E-01   -0.32576E-02    0.96977E+00    0.18648E-01   -0.37162E-02   -0.19058E-01    0.99290E-01    0.14434E+00    0.24094E-02    0.12923E+00    0.15375E+00
   -0.48995E-05   -0.29958E-04    0.63041E-05   -0.13782E-03    0.89777E-03   -0.47272E-04   -0.42946E-03    0.14251E+01    0.10695E+00   -0.48340E+00    0.67669E-01    0.25754E+00   -0.34083E-01    0.48609E-03    0.76635E-02    0.27974E-02    0.40768E-05   -0.60753E-04   -0.22909E-02   -0.36560E-01   -0.29027E-01    0.93812E-02    0.34446E-02    0.44896E-01   -0.76991E-01   -0.96075E-01   -0.59072E-01    0.14896E+00   -0.15258E+00    0.36007E-01   -0.26051E-02    0.18648E-01    0.98241E+00    0.40789E-02    0.30652E-02   -0.11259E+00    0.51178E-01    0.15612E+00    0.20961E-01   -0.41422E-01
    0.29475E-05    0.16287E-04    0.23040E-07    0.40281E-04    0.42923E-03    0.20719E-04    0.99392E-04   -0.67368E+00    0.79135E-01    0.53602E+00   -0.16915E-01   -0.27232E+00   -0.44348E-01   -0.11237E-02    0.35531E-02   -0.12348E-01    0.48453E-05    0.97202E-05    0.39801E-02   -0.57320E-01   -0.56618E-01    0.72356E-02   -0.73483E-02    0.16166E+00    0.54340E-01    0.34974E-01   -0.24464E-01    0.16942E+00   -0.40295E-01    0.15977E+00    0.10134E-01   -0.37162E-02    0.40789E-02    0.98495E+00   -0.15587E-01    0.13348E-01    0.43198E-01    0.11371E+00   -0.28405E+00    0.12206E+00
   -0.44108E-06   -0.48249E-05    0.38855E-05   -0.13710E-03    0.15680E-02    0.14563E-04   -0.35103E-03   -0.40525E+01    0.15817E+00    0.27802E+00   -0.74369E-01   -0.19534E+00    0.52509E-02    0.72100E-04    0.36706E-02   -0.77571E-02    0.41332E-05   -0.12574E-04    0.57989E-02    0.31489E-01   -0.11720E+00    0.17766E+00    0.98751E-01   -0.11818E+00    0.45388E-01   -0.71233E-01    0.15275E+00   -0.12864E+00   -0.76087E-01    0.95096E-02   -0.13582E-01   -0.19058E-01    0.30652E-02   -0.15587E-01    0.98628E+00   -0.55874E-01   -0.49223E-01    0.30482E-01    0.18627E+00   -0.82723E-01
   -0.19904E-05    0.39827E-04   -0.28680E-06   -0.22396E-03   -0.11369E-02    0.51555E-04   -0.11821E-03    0.15758E+01   -0.37517E+00    0.14865E+00    0.31081E+00   -0.30118E-01   -0.11224E+00   -0.27705E-02    0.11966E-02   -0.49491E-02    0.13088E-04    0.12733E-04   -0.46602E-04    0.45774E-02    0.15403E+00   -0.23788E+00   -0.62420E-01    0.94258E-01    0.80290E-01    0.65146E+00   -0.70796E-01   -0.19412E+00   -0.80955E-01    0.92732E-01    0.60160E+00    0.99290E-01   -0.11259E+00    0.13348E-01   -0.55874E-01    0.96618E+00    0.52586E-02    0.12535E-01    0.21021E-01   -0.11660E-01
    0.27966E-05   -0.12083E-04    0.12592E-04    0.18443E-03    0.74561E-03    0.19186E-03    0.47924E-03   -0.16321E+01   -0.37696E+00    0.27835E+00    0.10821E+00   -0.11051E+00   -0.49068E-01    0.75483E-03   -0.66301E-03   -0.99389E-03    0.92625E-05    0.37201E-04   -0.94356E-03   -0.15721E-01    0.37010E-01    0.52520E-01    0.43628E-01    0.48172E-01   -0.80830E-01    0.25336E+00    0.26544E+00    0.62584E+00    0.53167E-01   -0.54990E+00    0.18514E+00    0.14434E+00    0.51178E-01    0.43198E-01   -0.49223E-01    0.52586E-02    0.98018E+00    0.82993E-02   -0.51326E-02   -0.27076E-01
   -0.59250E-05    0.31306E-04   -0.33152E-06   -0.35976E-03    0.52248E-03    0.56045E-05   -0.63619E-03   -0.27324E+01   -0.16085E+00    0.22646E+00    0.57058E-01   -0.34494E-01    0.27588E-01   -0.25799E-02    0.70360E-02   -0.53906E-03   -0.11217E-05   -0.26605E-04    0.17717E-02    0.93526E-02   -0.25342E-01    0.11355E+00    0.58001E-02   -0.94549E-02    0.85621E-01   -0.47021E-01    0.77325E+00    0.14403E+00   -0.33513E-01    0.38236E+00    0.12565E+00    0.24094E-02    0.15612E+00    0.11371E+00    0.30482E-01    0.12535E-01    0.82993E-02    0.98772E+00   -0.63909E-02    0.84119E-02
   -0.75421E-05    0.14301E-06    0.42850E-05   -0.13649E-03    0.50855E-03   -0.54493E-04   -0.20597E-03   -0.68131E+00    0.47263E+00    0.27483E+00   -0.14346E+00   -0.40936E-01    0.60779E-02   -0.46025E-02    0.63477E-02    0.30610E-02   -0.51733E-05   -0.28320E-04    0.28321E-02    0.16268E-01    0.45259E-01    0.93082E-02   -0.18696E+00   -0.11793E+00   -0.38560E-01   -0.39602E-01    0.30234E+00   -0.64192E+00    0.29397E+00   -0.34937E+00    0.56281E-01    0.12923E+00    0.20961E-01   -0.28405E+00    0.18627E+00    0.21021E-01   -0.51326E-02   -0.63909E-02    0.10118E+01   -0.12579E-01
    0.33746E-05   -0.20369E-05   -0.26159E-05   -0.66246E-04    0.18459E-02   -0.87196E-04   -0.11574E-03    0.34738E+01    0.25565E+00   -0.26277E+00    0.87036E-01    0.19322E+00   -0.70348E-01   -0.16551E-02   -0.12129E-03    0.11617E-01    0.28872E-05    0.19674E-04    0.66042E-02    0.36338E-01    0.65640E-01   -0.22534E+00    0.95209E-01    0.62144E-01   -0.17301E-01    0.66104E-01   -0.20064E+00    0.17417E+00    0.66511E+00    0.23821E+00   -0.70110E-01    0.15375E+00   -0.41422E-01    0.12206E+00   -0.82723E-01   -0.11660E-01   -0.27076E-01    0.84119E-02   -0.12579E-01    0.97769E+00
