# omegabh2 omegach2 theta tau logA ns calPlanck calEE
    0.1238688E-05   -0.4141120E-05    0.2326870E-06    0.2530849E-04    0.5503532E-04    0.1050549E-04   -0.2187679E-08    0.3812072E-06
   -0.4141120E-05    0.1876072E-04   -0.1048372E-05   -0.1205161E-03   -0.2362873E-03   -0.4872875E-04    0.4736022E-07   -0.4004963E-06
    0.2326870E-06   -0.1048372E-05    0.5438847E-06    0.5298179E-05    0.9881958E-05    0.3231455E-05    0.1438953E-07   -0.2101448E-07
    0.2530849E-04   -0.1205161E-03    0.5298179E-05    0.4485426E-02    0.8921946E-02    0.4490415E-03   -0.2318648E-05   -0.2837488E-04
    0.5503532E-04   -0.2362873E-03    0.9881958E-05    0.8921946E-02    0.1798699E-01    0.8904422E-03    0.8783188E-05    0.5185986E-04
    0.1050549E-04   -0.4872875E-04    0.3231455E-05    0.4490415E-03    0.8904422E-03    0.1990971E-03    0.1649698E-06   -0.7794646E-07
   -0.2187679E-08    0.4736022E-07    0.1438953E-07   -0.2318648E-05    0.8783188E-05    0.1649698E-06    0.6315156E-05    0.6857165E-06
    0.3812072E-06   -0.4004963E-06   -0.2101448E-07   -0.2837488E-04    0.5185986E-04   -0.7794646E-07    0.6857165E-06    0.1021907E-03
