# omegabh2 omegach2 theta tau logA ns
    0.8512070E-06   -0.2628629E-05    0.2818615E-06    0.1818236E-05    0.7467679E-05    0.6439225E-05
   -0.2628629E-05    0.1137459E-04   -0.8125171E-06   -0.2109975E-04   -0.4270045E-04   -0.2993865E-04
    0.2818615E-06   -0.8125171E-06    0.5406113E-06    0.3411479E-05    0.8205308E-05    0.2612795E-05
    0.1818236E-05   -0.2109975E-04    0.3411479E-05    0.2634029E-03    0.4651153E-03    0.6519292E-04
    0.7467679E-05   -0.4270045E-04    0.8205308E-05    0.4651153E-03    0.8807481E-03    0.1347810E-03
    0.6439225E-05   -0.2993865E-04    0.2612795E-05    0.6519292E-04    0.1347810E-03    0.1583606E-03
