# omegabh2 omegach2 theta tau meffsterile nnu ns logA aps100 aps143 aps217 acib143 acib217 asz143 psr cibr ncib cal0 cal2 xi aksz bm_1_1 bm_1_2 bm_1_3 bm_1_4 bm_1_5 bm_2_1 bm_2_2 bm_2_3 bm_2_4 bm_2_5 bm_3_1 bm_3_2 bm_3_3 bm_3_4 bm_3_5 bm_4_1 bm_4_2 bm_4_3 bm_4_4 bm_4_5 a_ps_act_148 a_ps_act_217 a_ps_spt_95 a_ps_spt_150 a_ps_spt_220 r_ps_spt_95x150 r_ps_spt_95x220 r_ps_150x220 act_dust_s act_dust_e cal_acts_148 cal_acts_217 cal_acte_148 cal_acte_217 cal_spt_95 cal_spt_150 cal_spt_220
    0.12914E-06    0.40319E-06    0.20813E-07    0.18126E-05   -0.74142E-05    0.64973E-04    0.39357E-05    0.45542E-05    0.65749E-03   -0.12677E-03   -0.21501E-03    0.44059E-05    0.21898E-04    0.41082E-05   -0.64870E-07    0.47787E-06    0.21162E-07   -0.46974E-10   -0.84187E-08    0.37708E-06   -0.34193E-05    0.97975E-06   -0.10078E-04    0.11194E-06    0.62631E-05    0.36630E-05   -0.60208E-05    0.75230E-06   -0.11112E-05    0.46140E-05   -0.39823E-05    0.12580E-04   -0.38864E-05   -0.20360E-05   -0.22390E-05    0.14015E-05    0.43895E-05   -0.12833E-05    0.23979E-05   -0.14267E-05    0.17553E-05    0.16496E-05    0.22798E-04    0.51356E-05    0.28542E-05    0.11995E-04   -0.90085E-07    0.24636E-06   -0.68007E-07   -0.21740E-07    0.16835E-05    0.13025E-06    0.17135E-06    0.70204E-07    0.15707E-06    0.11816E-06    0.10316E-06    0.26116E-06
    0.40319E-06    0.21436E-04   -0.17859E-05    0.26040E-05   -0.24520E-04    0.10510E-02    0.28267E-04    0.51467E-04    0.18613E-01    0.13927E-01    0.12273E-01   -0.58982E-04   -0.15292E-02   -0.46784E-03    0.19313E-04    0.98124E-05   -0.27335E-04    0.85920E-08   -0.13855E-06    0.13021E-03    0.11345E-02    0.39505E-03   -0.64205E-04    0.22477E-04    0.14405E-04    0.81515E-04    0.16497E-04   -0.87310E-04   -0.80281E-04    0.28053E-04   -0.46724E-04    0.22188E-03    0.22314E-04    0.44059E-04   -0.70270E-04   -0.98258E-04    0.18218E-03   -0.30727E-04   -0.96851E-05    0.50396E-04   -0.65272E-05   -0.13178E-03   -0.13665E-02   -0.34497E-03   -0.32990E-03   -0.14063E-02    0.86283E-05    0.19033E-04    0.30393E-05    0.16516E-04    0.27177E-04   -0.67163E-05   -0.88524E-05   -0.77572E-05   -0.87185E-05   -0.13083E-04   -0.13606E-04   -0.97040E-05
    0.20813E-07   -0.17859E-05    0.49523E-06    0.31296E-06   -0.66838E-05   -0.79398E-04   -0.11282E-05   -0.29604E-05   -0.13777E-02   -0.12112E-02   -0.12712E-02   -0.57317E-05    0.15555E-03    0.20978E-04   -0.13390E-05   -0.99805E-06    0.27578E-05    0.12684E-08    0.10159E-07   -0.10046E-04   -0.77740E-04   -0.38617E-04    0.17479E-04    0.74166E-05    0.53524E-05   -0.13116E-04   -0.65694E-05    0.92352E-05    0.13012E-04   -0.19231E-04    0.56342E-05   -0.18457E-04   -0.48399E-05   -0.95762E-05    0.14678E-04    0.19176E-04   -0.19195E-04    0.33074E-05    0.13391E-05   -0.17699E-04   -0.11075E-04    0.10207E-04    0.67631E-04    0.50604E-04    0.24659E-04    0.14222E-03   -0.22876E-05   -0.31834E-05   -0.16129E-06   -0.12339E-05   -0.19825E-05    0.64506E-06    0.80303E-06    0.63276E-06    0.77579E-06    0.12407E-05    0.13249E-05    0.11203E-05
    0.18126E-05    0.26040E-05    0.31296E-06    0.20374E-03   -0.86522E-04    0.10825E-02    0.83089E-04    0.40789E-03   -0.37995E-02   -0.67288E-02   -0.82453E-02   -0.11629E-03    0.23305E-02    0.25796E-03    0.18393E-04   -0.17116E-05    0.47604E-04    0.15840E-07   -0.22208E-06   -0.10145E-03   -0.99222E-03   -0.10005E-03   -0.46471E-03   -0.31319E-04    0.32273E-03    0.32444E-03    0.23443E-04    0.12320E-04   -0.33326E-04    0.34784E-03    0.20042E-03    0.38062E-03    0.15732E-03    0.10293E-03   -0.19306E-04   -0.34963E-03    0.30829E-03   -0.90978E-04    0.11052E-03    0.33048E-04    0.44979E-03   -0.63178E-04   -0.69143E-03    0.14403E-03    0.83764E-04   -0.48138E-03   -0.10887E-04   -0.19435E-04   -0.59252E-06    0.17576E-04    0.20439E-04    0.13465E-05    0.40430E-05    0.29259E-05    0.26390E-05    0.40881E-05    0.21195E-05    0.19672E-05
   -0.74142E-05   -0.24520E-04   -0.66838E-05   -0.86522E-04    0.36802E-01   -0.88064E-03   -0.70320E-03   -0.10681E-03    0.16510E+00    0.15148E+00    0.15028E+00    0.33727E-02   -0.20388E-01    0.18837E-02    0.31099E-03    0.32810E-03   -0.56417E-03    0.15725E-06    0.29071E-05    0.12885E-02    0.26584E-01    0.21820E-02    0.30111E-03    0.40609E-03    0.18255E-02   -0.19668E-02    0.36859E-02    0.82873E-03   -0.18449E-02   -0.19682E-02    0.23770E-02    0.37207E-02    0.30761E-02   -0.23729E-02   -0.40028E-04    0.10573E-02    0.60057E-02    0.10498E-04    0.12370E-02   -0.62476E-03   -0.39476E-02   -0.45970E-02   -0.19260E-01   -0.16845E-01   -0.89437E-02   -0.26491E-01    0.58677E-03    0.11119E-02    0.86423E-04    0.57960E-04   -0.11524E-03   -0.78484E-04   -0.13852E-03   -0.73267E-04   -0.12264E-03   -0.22355E-03   -0.13187E-03   -0.14230E-03
    0.64973E-04    0.10510E-02   -0.79398E-04    0.10825E-02   -0.88064E-03    0.81539E-01    0.34168E-02    0.44210E-02    0.12440E+01    0.82018E+00    0.68230E+00    0.91690E-03   -0.88057E-01   -0.24094E-01    0.11445E-02    0.72568E-03   -0.17375E-02    0.16235E-05   -0.83425E-05    0.83982E-02    0.78189E-01    0.20329E-01   -0.33212E-02    0.31781E-02    0.24225E-02    0.48944E-02   -0.15347E-02   -0.29290E-02   -0.22120E-02    0.18279E-02   -0.30413E-02    0.15227E-01    0.17017E-02    0.31321E-02   -0.49575E-02   -0.38993E-02    0.96759E-02   -0.11649E-03    0.11015E-02    0.13878E-02   -0.74845E-03   -0.83814E-02   -0.69725E-01   -0.24261E-01   -0.20847E-01   -0.85754E-01    0.65261E-03    0.17800E-02    0.20602E-03    0.55942E-03    0.22213E-02   -0.37382E-03   -0.46113E-03   -0.42880E-03   -0.45309E-03   -0.77287E-03   -0.77448E-03   -0.52573E-03
    0.39357E-05    0.28267E-04   -0.11282E-05    0.83089E-04   -0.70320E-03    0.34168E-02    0.20696E-03    0.21928E-03    0.13418E-01    0.93859E-02    0.89436E-02   -0.79605E-04   -0.18951E-02   -0.34344E-03    0.10888E-04    0.16220E-04   -0.27584E-04   -0.98993E-08    0.64308E-07    0.15092E-03    0.15484E-02    0.44857E-03   -0.26997E-03    0.62186E-04    0.10682E-03    0.28449E-03    0.19008E-03    0.13584E-03    0.83753E-04    0.22067E-03   -0.18776E-03    0.51048E-03    0.93846E-05    0.50059E-04   -0.13985E-03   -0.16056E-03    0.43298E-03    0.24819E-03    0.19738E-03    0.28201E-04    0.15157E-03   -0.13693E-03   -0.60173E-03   -0.33509E-03   -0.39621E-03   -0.17851E-02   -0.80728E-05    0.26510E-04    0.64011E-05    0.44012E-05    0.10099E-03   -0.44939E-05   -0.49670E-05   -0.55772E-05   -0.61558E-05   -0.12114E-04   -0.14427E-04   -0.91364E-05
    0.45542E-05    0.51467E-04   -0.29604E-05    0.40789E-03   -0.10681E-03    0.44210E-02    0.21928E-03    0.92422E-03    0.21261E-01    0.14482E-01    0.88602E-02   -0.39866E-03    0.19516E-02   -0.40952E-03    0.81557E-04    0.13717E-04    0.47800E-04    0.10122E-06   -0.46771E-06    0.21199E-04    0.10635E-03    0.10343E-02   -0.10038E-02   -0.22102E-04    0.73051E-03    0.82734E-03    0.47313E-03   -0.64000E-04   -0.31489E-03    0.74082E-03    0.30795E-03    0.13279E-02    0.41872E-03    0.23852E-03   -0.16840E-03   -0.90787E-03    0.13670E-02   -0.16198E-03    0.29089E-03    0.21666E-03    0.88181E-03   -0.44339E-03   -0.47522E-02   -0.34436E-03   -0.59787E-03   -0.42859E-02   -0.13633E-04   -0.12843E-04    0.39894E-05    0.72530E-04    0.10748E-03   -0.11229E-04   -0.11831E-04   -0.11087E-04   -0.13839E-04   -0.21106E-04   -0.25856E-04   -0.18070E-04
    0.65749E-03    0.18613E-01   -0.13777E-02   -0.37995E-02    0.16510E+00    0.12440E+01    0.13418E-01    0.21261E-01    0.15982E+04    0.95748E+02    0.28595E+02    0.95831E+00    0.23740E+01   -0.81754E+01    0.25999E-01   -0.47275E-01   -0.34754E-01    0.13436E-02   -0.43981E-02    0.84815E+00    0.57416E+01    0.15975E+02   -0.65579E+01    0.80452E+00   -0.16759E-01   -0.68861E+00   -0.35696E+01   -0.52628E+01   -0.10913E+01   -0.79701E+00   -0.14610E+01    0.37279E+00    0.24764E-01    0.83098E+00   -0.15976E+01   -0.33648E+01   -0.16092E+01   -0.28180E+01   -0.27764E+01   -0.41341E+00    0.19908E+01   -0.90171E-01   -0.54901E+01    0.21582E+01   -0.11559E+01   -0.20388E+01    0.74488E-01   -0.17101E+00   -0.56867E-01    0.17196E+00    0.34885E-01   -0.31882E-01   -0.58175E-02   -0.32403E-01   -0.37769E-02   -0.66591E-01   -0.38966E-01    0.10327E-02
   -0.12677E-03    0.13927E-01   -0.12112E-02   -0.67288E-02    0.15148E+00    0.82018E+00    0.93859E-02    0.14482E-01    0.95748E+02    0.73873E+02    0.27059E+02    0.17672E+00   -0.16437E+01   -0.21940E+01    0.32541E-01    0.36491E-01   -0.55782E-01    0.75354E-04   -0.11042E-02    0.33956E+00    0.17766E+01    0.98009E-01   -0.82422E-01    0.16517E+00   -0.45007E-01   -0.53632E-01    0.12568E+00   -0.32295E+00   -0.60826E-01   -0.27398E+00   -0.33403E-01   -0.43089E-01    0.15630E+00    0.97357E-01   -0.12729E+00    0.57676E-01    0.13368E+00   -0.13774E+00   -0.25837E+00   -0.18124E+00    0.47780E-01    0.18057E+00   -0.22211E+01    0.38603E+00   -0.45930E+00   -0.25091E+01    0.25809E-01   -0.32784E-02   -0.25658E-01    0.43889E-01    0.22293E-01   -0.17603E-01   -0.13637E-01   -0.18760E-01   -0.13703E-01   -0.34557E-01   -0.26917E-01   -0.15017E-01
   -0.21501E-03    0.12273E-01   -0.12712E-02   -0.82453E-02    0.15028E+00    0.68230E+00    0.89436E-02    0.88602E-02    0.28595E+02    0.27059E+02    0.10391E+03   -0.97832E+00   -0.35141E+02    0.18922E+00   -0.33374E+00   -0.29450E-01   -0.47809E+00    0.93200E-04   -0.10022E-03    0.13160E+00    0.17153E+01    0.18439E+00    0.90400E-01    0.12220E+00    0.94931E-01   -0.28476E-01    0.17905E+00   -0.20414E+00   -0.86252E-01   -0.31616E+00    0.62973E-01    0.30178E+00    0.46991E+00   -0.14668E+00    0.55553E-01    0.23363E+00    0.37249E+00    0.58999E-01   -0.16636E+00    0.67210E-01   -0.29006E+00    0.19072E+00    0.16300E+02   -0.11278E+01    0.37055E+00    0.74176E+01   -0.26188E-01   -0.46391E-01    0.20290E-03    0.29179E-01    0.42788E-01   -0.10985E-01   -0.34307E-01   -0.10862E-01   -0.37828E-01   -0.15587E-01   -0.18620E-01   -0.61117E-01
    0.44059E-05   -0.58982E-04   -0.57317E-05   -0.11629E-03    0.33727E-02    0.91690E-03   -0.79605E-04   -0.39866E-03    0.95831E+00    0.17672E+00   -0.97832E+00    0.62916E+00    0.10198E+01    0.48463E+00    0.29465E-02   -0.38511E-02   -0.41138E-02   -0.57892E-06    0.77558E-04    0.15256E-01   -0.76148E+00   -0.53075E-03   -0.28737E-02    0.43690E-02    0.52201E-03    0.74839E-02   -0.30693E-01    0.86394E-02    0.24106E-03    0.72233E-02   -0.87010E-02    0.18861E-01   -0.42154E-02   -0.83195E-03   -0.24364E-01   -0.15548E-01   -0.10394E-01   -0.61461E-02    0.14588E-01    0.66576E-02    0.10666E-01    0.74703E-01   -0.10324E+00   -0.18892E+00    0.44137E-02    0.46160E-01    0.47805E-01    0.47208E-01   -0.36953E-02   -0.68930E-03   -0.62108E-04    0.17953E-03    0.41091E-03    0.15100E-03    0.36752E-03   -0.80295E-03    0.80449E-03    0.19860E-02
    0.21898E-04   -0.15292E-02    0.15555E-03    0.23305E-02   -0.20388E-01   -0.88057E-01   -0.18951E-02    0.19516E-02    0.23740E+01   -0.16437E+01   -0.35141E+02    0.10198E+01    0.20738E+02    0.16282E+01    0.19992E+00    0.22644E-01    0.28254E+00   -0.20929E-04    0.93219E-05   -0.36963E+00   -0.39408E+01    0.15496E+00   -0.13257E+00   -0.43842E-02   -0.11435E+00   -0.40904E-01   -0.87029E-01    0.16055E+00   -0.45844E-01    0.26674E+00   -0.16718E+00   -0.17972E+00   -0.45598E+00    0.98073E-01   -0.23465E+00   -0.23125E+00   -0.20729E+00   -0.53404E-01    0.12150E+00    0.99144E-01    0.27658E+00   -0.39439E+00   -0.11085E+02    0.77539E-01   -0.69351E+00   -0.70412E+01    0.41805E-01    0.47945E-01   -0.80556E-02   -0.28577E-03   -0.64560E-02   -0.44252E-03    0.80705E-02   -0.68480E-03    0.99277E-02    0.12155E-03   -0.40240E-03    0.20271E-01
    0.41082E-05   -0.46784E-03    0.20978E-04    0.25796E-03    0.18837E-02   -0.24094E-01   -0.34344E-03   -0.40952E-03   -0.81754E+01   -0.21940E+01    0.18922E+00    0.48463E+00    0.16282E+01    0.17809E+01    0.15967E-01    0.20137E-01    0.11811E-01    0.79290E-05   -0.10676E-03   -0.18630E+00   -0.21178E+01    0.79676E-01    0.11213E-01    0.28843E-01   -0.11902E-01   -0.14157E-01    0.32531E-01    0.27320E-01   -0.25692E-01   -0.31043E-01   -0.11177E-01   -0.56366E-01    0.23249E-01   -0.26467E-01   -0.48810E-01   -0.13028E-01   -0.66304E-02   -0.66093E-02    0.24599E-02   -0.86246E-02   -0.20626E-01   -0.59205E-01   -0.58232E+00   -0.68535E+00   -0.73681E-01   -0.87513E+00    0.39323E-01    0.65452E-01   -0.12440E-02   -0.15632E-02    0.23133E-02    0.62698E-03   -0.21733E-02    0.66135E-03   -0.21185E-02    0.39159E-02    0.11123E-02   -0.12431E-02
   -0.64870E-07    0.19313E-04   -0.13390E-05    0.18393E-04    0.31099E-03    0.11445E-02    0.10888E-04    0.81557E-04    0.25999E-01    0.32541E-01   -0.33374E+00    0.29465E-02    0.19992E+00    0.15967E-01    0.39011E-02   -0.42784E-04    0.28543E-02    0.12724E-06   -0.28065E-05   -0.11323E-02   -0.16459E-01    0.16215E-02    0.82980E-03    0.13222E-02    0.42058E-04   -0.26021E-03   -0.48073E-03   -0.26262E-02    0.12194E-02   -0.17624E-02    0.43043E-03   -0.59864E-03   -0.32845E-03    0.81201E-03    0.84696E-03   -0.82030E-03   -0.59116E-03   -0.30955E-03   -0.24765E-02   -0.33818E-02   -0.20665E-02   -0.16951E-02   -0.13610E+00   -0.84379E-02   -0.38891E-02   -0.91110E-01    0.43340E-03    0.14897E-02    0.33899E-03   -0.48391E-04    0.22047E-03   -0.31012E-04    0.11354E-05   -0.38748E-04    0.31764E-04    0.13395E-04   -0.45112E-04    0.16637E-03
    0.47787E-06    0.98124E-05   -0.99805E-06   -0.17116E-05    0.32810E-03    0.72568E-03    0.16220E-04    0.13717E-04   -0.47275E-01    0.36491E-01   -0.29450E-01   -0.38511E-02    0.22644E-01    0.20137E-01   -0.42784E-04    0.29134E-02   -0.31640E-03    0.47127E-06    0.36223E-05   -0.66628E-03   -0.11389E-01    0.15015E-02    0.32659E-03   -0.18701E-04   -0.40640E-03   -0.14628E-02   -0.19208E-02    0.51596E-03   -0.27813E-03   -0.19075E-03   -0.14221E-02    0.19145E-02   -0.66845E-03    0.19105E-03   -0.76559E-03   -0.13163E-03   -0.31405E-03    0.18575E-03    0.51138E-03    0.59797E-03   -0.10193E-02    0.60247E-02    0.17524E-02   -0.11767E-01    0.34955E-02    0.40124E-02    0.92717E-04    0.15396E-02   -0.39842E-03    0.14357E-04   -0.73383E-04   -0.51907E-05    0.15053E-04   -0.40292E-05    0.35530E-04    0.57212E-04   -0.10182E-04    0.62653E-04
    0.21162E-07   -0.27335E-04    0.27578E-05    0.47604E-04   -0.56417E-03   -0.17375E-02   -0.27584E-04    0.47800E-04   -0.34754E-01   -0.55782E-01   -0.47809E+00   -0.41138E-02    0.28254E+00    0.11811E-01    0.28543E-02   -0.31640E-03    0.52312E-02   -0.48382E-06   -0.85288E-05   -0.59053E-02   -0.33095E-01    0.44868E-02   -0.51184E-02   -0.91857E-03   -0.24571E-02   -0.25285E-03    0.15811E-02    0.50768E-02   -0.31036E-02    0.84439E-02   -0.46540E-02   -0.78645E-02   -0.12487E-01    0.14636E-02   -0.58585E-02   -0.55028E-02   -0.46364E-02   -0.10966E-02    0.47709E-02    0.61233E-02    0.98162E-02   -0.10135E-01   -0.18409E+00    0.50430E-02   -0.10984E-01   -0.12982E+00   -0.77390E-03   -0.54664E-03    0.26966E-03    0.40922E-06   -0.34744E-04   -0.19431E-05    0.69318E-04   -0.55359E-05    0.94097E-04    0.57738E-04   -0.17810E-04    0.19178E-03
   -0.46974E-10    0.85920E-08    0.12684E-08    0.15840E-07    0.15725E-06    0.16235E-05   -0.98993E-08    0.10122E-06    0.13436E-02    0.75354E-04    0.93200E-04   -0.57892E-06   -0.20929E-04    0.79290E-05    0.12724E-06    0.47127E-06   -0.48382E-06    0.15190E-06    0.56105E-08   -0.20161E-06    0.55131E-05   -0.24579E-04   -0.14415E-04    0.49117E-05    0.59684E-05    0.13294E-05    0.16434E-04    0.13083E-05    0.87726E-05   -0.13588E-05    0.34170E-05    0.12155E-04    0.17207E-05    0.47736E-05   -0.29237E-05    0.16002E-05    0.18514E-04    0.10486E-04    0.11934E-05   -0.80587E-05   -0.25934E-05    0.27426E-06   -0.89776E-05   -0.60600E-05   -0.18937E-05   -0.77890E-05    0.11687E-06    0.82174E-06    0.66931E-07    0.13167E-05   -0.27895E-06    0.82527E-09   -0.62964E-07   -0.39516E-07   -0.34945E-07    0.10786E-07   -0.29772E-07   -0.48360E-07
   -0.84187E-08   -0.13855E-06    0.10159E-07   -0.22208E-06    0.29071E-05   -0.83425E-05    0.64308E-07   -0.46771E-06   -0.43981E-02   -0.11042E-02   -0.10022E-03    0.77558E-04    0.93219E-05   -0.10676E-03   -0.28065E-05    0.36223E-05   -0.85288E-05    0.56105E-08    0.11710E-05    0.25045E-04    0.72809E-04    0.72170E-04    0.60064E-04   -0.27642E-04   -0.19246E-04    0.65158E-06    0.41361E-03    0.80936E-04    0.10992E-04    0.51306E-05    0.41222E-04   -0.37330E-03    0.22575E-04   -0.94541E-04    0.39361E-04   -0.13438E-04    0.50541E-04    0.93858E-04   -0.28587E-04   -0.75261E-04    0.43613E-05    0.58511E-04    0.31614E-03    0.55190E-04    0.39126E-04    0.38324E-03    0.55961E-05    0.32304E-05   -0.29801E-05   -0.11775E-05    0.18187E-05    0.39581E-06    0.10920E-05    0.46404E-06    0.12014E-05   -0.39954E-06    0.49067E-06    0.13930E-05
    0.37708E-06    0.13021E-03   -0.10046E-04   -0.10145E-03    0.12885E-02    0.83982E-02    0.15092E-03    0.21199E-04    0.84815E+00    0.33956E+00    0.13160E+00    0.15256E-01   -0.36963E+00   -0.18630E+00   -0.11323E-02   -0.66628E-03   -0.59053E-02   -0.20161E-06    0.25045E-04    0.71959E-01    0.38087E+00   -0.15100E-01   -0.86229E-03   -0.27156E-02    0.36457E-02    0.53289E-02   -0.10564E-01   -0.19345E-02    0.43843E-02    0.21024E-02    0.40197E-03    0.10282E-01   -0.52802E-02    0.42715E-02    0.68948E-02    0.25803E-02   -0.26819E-02    0.12810E-02    0.13154E-02    0.31721E-02    0.11949E-03    0.67934E-01    0.12192E+00   -0.62862E-02    0.60352E-01    0.18304E+00    0.58799E-02    0.10284E-01    0.11500E-02   -0.48896E-03    0.54654E-03   -0.18681E-05    0.11343E-03   -0.36495E-04    0.17083E-03   -0.46247E-03    0.89800E-04    0.50936E-03
   -0.34193E-05    0.11345E-02   -0.77740E-04   -0.99222E-03    0.26584E-01    0.78189E-01    0.15484E-02    0.10635E-03    0.57416E+01    0.17766E+01    0.17153E+01   -0.76148E+00   -0.39408E+01   -0.21178E+01   -0.16459E-01   -0.11389E-01   -0.33095E-01    0.55131E-05    0.72809E-04    0.38087E+00    0.42803E+01   -0.77136E-01   -0.34033E-04   -0.13581E-01    0.26228E-01    0.26812E-01   -0.17789E-01   -0.49554E-01    0.29801E-01    0.50610E-02    0.26304E-01    0.43642E-01   -0.16278E-01    0.19539E-01    0.73142E-01    0.11587E-01    0.11574E-01    0.50208E-02   -0.14562E-01   -0.87141E-02   -0.48553E-02    0.81447E-01    0.10093E+01    0.17101E+00    0.21263E+00    0.13785E+01   -0.35204E-01   -0.15102E-01    0.16434E-01   -0.63232E-02   -0.43354E-02    0.12742E-03    0.15534E-02    0.10507E-03    0.17106E-02   -0.15243E-02    0.19342E-03    0.17667E-02
    0.97975E-06    0.39505E-03   -0.38617E-04   -0.10005E-03    0.21820E-02    0.20329E-01    0.44857E-03    0.10343E-02    0.15975E+02    0.98009E-01    0.18439E+00   -0.53075E-03    0.15496E+00    0.79676E-01    0.16215E-02    0.15015E-02    0.44868E-02   -0.24579E-04    0.72170E-04   -0.15100E-01   -0.77136E-01    0.64247E+00   -0.13557E+00    0.57478E-02    0.58333E-02   -0.51005E-02    0.19338E+00   -0.36480E-01   -0.46986E-01   -0.18532E-01   -0.57943E-01    0.27708E-01    0.36121E-01   -0.33145E-01   -0.48710E-01   -0.11455E+00    0.17297E+00    0.27188E-01   -0.34769E-02    0.22163E-01    0.69203E-01   -0.18742E-01   -0.17792E+00   -0.60983E-01   -0.15953E-01   -0.19498E+00    0.10173E-02    0.31538E-02    0.30005E-03    0.20976E-02    0.22283E-02   -0.55733E-04   -0.32429E-03   -0.91353E-04   -0.27800E-03   -0.88159E-04   -0.23688E-03   -0.56885E-03
   -0.10078E-04   -0.64205E-04    0.17479E-04   -0.46471E-03    0.30111E-03   -0.33212E-02   -0.26997E-03   -0.10038E-02   -0.65579E+01   -0.82422E-01    0.90400E-01   -0.28737E-02   -0.13257E+00    0.11213E-01    0.82980E-03    0.32659E-03   -0.51184E-02   -0.14415E-04    0.60064E-04   -0.86229E-03   -0.34033E-04   -0.13557E+00    0.89993E+00   -0.24666E-01    0.17681E-01    0.14302E-01   -0.13617E+00    0.19683E+00    0.57478E-01   -0.15555E-01    0.34750E-01   -0.11256E+00    0.39147E-02    0.17502E-01    0.10170E-01    0.14783E+00   -0.21040E+00    0.46372E-01    0.10820E+00    0.16860E-01   -0.20307E+00    0.13253E-02    0.10983E+00    0.12024E-01    0.22003E-02    0.73497E-01   -0.11165E-02   -0.48234E-03   -0.39396E-04   -0.28935E-02    0.32481E-02   -0.57553E-04   -0.21740E-03   -0.10371E-03   -0.53946E-04    0.12253E-03   -0.78244E-04   -0.23550E-03
    0.11194E-06    0.22477E-04    0.74166E-05   -0.31319E-04    0.40609E-03    0.31781E-02    0.62186E-04   -0.22102E-04    0.80452E+00    0.16517E+00    0.12220E+00    0.43690E-02   -0.43842E-02    0.28843E-01    0.13222E-02   -0.18701E-04   -0.91857E-03    0.49117E-05   -0.27642E-04   -0.27156E-02   -0.13581E-01    0.57478E-02   -0.24666E-01    0.96629E+00   -0.20320E-01    0.10073E-01   -0.37330E-01   -0.37806E-01    0.15676E+00   -0.13602E-01    0.75578E-01    0.62409E-02    0.28264E-01   -0.27610E-01   -0.42358E-02    0.86092E-01   -0.37028E-01    0.21547E-01    0.63724E-02   -0.18302E+00    0.92501E-01   -0.15233E-02    0.24357E-02   -0.25235E-01   -0.93298E-02   -0.43579E-02    0.53494E-03    0.23327E-02    0.45837E-03    0.20804E-02    0.19612E-02    0.12218E-04    0.32479E-04   -0.52824E-04   -0.16531E-03   -0.32001E-04   -0.52469E-04   -0.22132E-03
    0.62631E-05    0.14405E-04    0.53524E-05    0.32273E-03    0.18255E-02    0.24225E-02    0.10682E-03    0.73051E-03   -0.16759E-01   -0.45007E-01    0.94931E-01    0.52201E-03   -0.11435E+00   -0.11902E-01    0.42058E-04   -0.40640E-03   -0.24571E-02    0.59684E-05   -0.19246E-04    0.36457E-02    0.26228E-01    0.58333E-02    0.17681E-01   -0.20320E-01    0.96565E+00    0.29343E-02    0.44726E-01   -0.74174E-01    0.71615E-01   -0.10032E+00    0.54710E-01    0.75193E-01    0.12190E+00    0.33741E-01    0.14740E+00   -0.91905E-01    0.83857E-01    0.36145E-01    0.62276E-02   -0.11618E+00    0.42393E-01    0.71040E-02    0.81075E-01   -0.24684E-01    0.12349E-01    0.38352E-01    0.17804E-02    0.16933E-02    0.18321E-03   -0.13151E-03   -0.73776E-03   -0.11917E-03    0.50124E-04   -0.42626E-04    0.12998E-03   -0.15217E-03    0.28814E-03    0.12161E-03
    0.36630E-05    0.81515E-04   -0.13116E-04    0.32444E-03   -0.19668E-02    0.48944E-02    0.28449E-03    0.82734E-03   -0.68861E+00   -0.53632E-01   -0.28476E-01    0.74839E-02   -0.40904E-01   -0.14157E-01   -0.26021E-03   -0.14628E-02   -0.25285E-03    0.13294E-05    0.65158E-06    0.53289E-02    0.26812E-01   -0.51005E-02    0.14302E-01    0.10073E-01    0.29343E-02    0.10102E+01    0.38694E-01    0.43408E-01   -0.19067E-01    0.64123E-01    0.65381E-01    0.59846E-01   -0.90722E-01   -0.76170E-01    0.61748E-01    0.55033E-01    0.84001E-01   -0.54695E-01    0.86140E-01   -0.25935E-01    0.16181E-01    0.89043E-02    0.32725E-01   -0.26051E-02    0.95413E-02    0.61648E-01    0.14350E-02    0.11162E-02    0.22755E-03    0.34567E-02    0.20755E-02    0.17728E-04    0.11074E-03    0.10036E-03    0.94367E-04    0.58937E-04    0.28261E-04    0.10080E-03
   -0.60208E-05    0.16497E-04   -0.65694E-05    0.23443E-04    0.36859E-02   -0.15347E-02    0.19008E-03    0.47313E-03   -0.35696E+01    0.12568E+00    0.17905E+00   -0.30693E-01   -0.87029E-01    0.32531E-01   -0.48073E-03   -0.19208E-02    0.15811E-02    0.16434E-04    0.41361E-03   -0.10564E-01   -0.17789E-01    0.19338E+00   -0.13617E+00   -0.37330E-01    0.44726E-01    0.38694E-01    0.79628E+00   -0.53754E-02   -0.14988E-01   -0.71962E-02   -0.28250E-01    0.76940E-01    0.11069E+00   -0.10070E+00    0.59926E-02   -0.58472E-01    0.63801E+00    0.23326E+00   -0.40449E-01   -0.22871E-01    0.82073E-01   -0.69759E-02    0.49347E-01   -0.84226E-02    0.12888E-01   -0.65255E-01   -0.18842E-02   -0.14961E-02    0.74353E-03    0.96616E-03    0.12584E-02    0.36788E-03   -0.11032E-03    0.34082E-03    0.31199E-04    0.45362E-03    0.36930E-03   -0.49416E-03
    0.75230E-06   -0.87310E-04    0.92352E-05    0.12320E-04    0.82873E-03   -0.29290E-02    0.13584E-03   -0.64000E-04   -0.52628E+01   -0.32295E+00   -0.20414E+00    0.86394E-02    0.16055E+00    0.27320E-01   -0.26262E-02    0.51596E-03    0.50768E-02    0.13083E-05    0.80936E-04   -0.19345E-02   -0.49554E-01   -0.36480E-01    0.19683E+00   -0.37806E-01   -0.74174E-01    0.43408E-01   -0.53754E-02    0.10116E+01    0.20294E-01    0.96389E-02   -0.13063E-01    0.37535E-01   -0.13604E-01   -0.52781E-01   -0.57220E-02    0.13957E+00   -0.91499E-01    0.28333E+00    0.77949E+00    0.29993E+00   -0.18782E+00   -0.75368E-02   -0.11123E+00   -0.88719E-02   -0.25370E-02   -0.89566E-01    0.72161E-03    0.16295E-02   -0.53156E-04   -0.25300E-02    0.36867E-02    0.11193E-03    0.20934E-03   -0.19846E-04    0.10638E-03    0.20047E-03    0.17702E-03   -0.35309E-04
   -0.11112E-05   -0.80281E-04    0.13012E-04   -0.33326E-04   -0.18449E-02   -0.22120E-02    0.83753E-04   -0.31489E-03   -0.10913E+01   -0.60826E-01   -0.86252E-01    0.24106E-03   -0.45844E-01   -0.25692E-01    0.12194E-02   -0.27813E-03   -0.31036E-02    0.87726E-05    0.10992E-04    0.43843E-02    0.29801E-01   -0.46986E-01    0.57478E-01    0.15676E+00    0.71615E-01   -0.19067E-01   -0.14988E-01    0.20294E-01    0.96502E+00    0.33603E-03   -0.15336E-01    0.62207E-01   -0.56896E-01    0.12987E+00    0.14814E+00   -0.13778E+00   -0.21267E+00    0.62021E+00    0.13722E+00   -0.58746E+00    0.16973E+00    0.53624E-02    0.91520E-01   -0.96631E-02    0.59794E-02    0.63283E-01    0.39582E-03    0.60737E-03    0.27475E-03   -0.10760E-02    0.17986E-02   -0.17978E-05    0.30545E-03    0.33559E-04    0.11312E-03   -0.24784E-03   -0.62375E-04   -0.17235E-03
    0.46140E-05    0.28053E-04   -0.19231E-04    0.34784E-03   -0.19682E-02    0.18279E-02    0.22067E-03    0.74082E-03   -0.79701E+00   -0.27398E+00   -0.31616E+00    0.72233E-02    0.26674E+00   -0.31043E-01   -0.17624E-02   -0.19075E-03    0.84439E-02   -0.13588E-05    0.51306E-05    0.21024E-02    0.50610E-02   -0.18532E-01   -0.15555E-01   -0.13602E-01   -0.10032E+00    0.64123E-01   -0.71962E-02    0.96389E-02    0.33603E-03    0.10089E+01    0.17640E-01   -0.16803E-01   -0.81656E-01   -0.17156E+00   -0.22096E-01   -0.80330E-01   -0.67776E-01    0.75780E-01   -0.39153E-01    0.30402E+00    0.68675E+00   -0.45144E-02   -0.26869E+00    0.26825E-01   -0.92672E-02   -0.11204E+00    0.18281E-03   -0.46459E-03   -0.10365E-03    0.97800E-04   -0.61470E-03    0.37556E-04    0.74193E-04    0.67614E-04   -0.51533E-04    0.24297E-03   -0.50520E-04    0.40449E-03
   -0.39823E-05   -0.46724E-04    0.56342E-05    0.20042E-03    0.23770E-02   -0.30413E-02   -0.18776E-03    0.30795E-03   -0.14610E+01   -0.33403E-01    0.62973E-01   -0.87010E-02   -0.16718E+00   -0.11177E-01    0.43043E-03   -0.14221E-02   -0.46540E-02    0.34170E-05    0.41222E-04    0.40197E-03    0.26304E-01   -0.57943E-01    0.34750E-01    0.75578E-01    0.54710E-01    0.65381E-01   -0.28250E-01   -0.13063E-01   -0.15336E-01    0.17640E-01    0.10197E+01   -0.72829E-01    0.85961E-01    0.20261E-01    0.17767E+00    0.65680E-02    0.10685E+00   -0.59717E+00    0.38139E+00   -0.35801E+00    0.24911E+00    0.33696E-02    0.14246E+00    0.49413E-02    0.50725E-02    0.12645E+00   -0.17329E-02   -0.15326E-02    0.16368E-04   -0.17782E-02   -0.13005E-02    0.22336E-04    0.74670E-04    0.26355E-05   -0.35217E-04   -0.10682E-03    0.11277E-03   -0.26204E-03
    0.12580E-04    0.22188E-03   -0.18457E-04    0.38062E-03    0.37207E-02    0.15227E-01    0.51048E-03    0.13279E-02    0.37279E+00   -0.43089E-01    0.30178E+00    0.18861E-01   -0.17972E+00   -0.56366E-01   -0.59864E-03    0.19145E-02   -0.78645E-02    0.12155E-04   -0.37330E-03    0.10282E-01    0.43642E-01    0.27708E-01   -0.11256E+00    0.62409E-02    0.75193E-01    0.59846E-01    0.76940E-01    0.37535E-01    0.62207E-01   -0.16803E-01   -0.72829E-01    0.86022E+00    0.17876E-01   -0.24219E-01   -0.50252E-02    0.13512E-01    0.60225E+00    0.17580E+00    0.97511E-01    0.56705E-01   -0.87365E-01    0.22227E-01    0.24499E+00    0.33064E-01    0.14411E-01    0.21493E+00    0.91249E-03   -0.12610E-02   -0.13553E-02    0.29499E-02    0.20567E-02   -0.41559E-04    0.28650E-03   -0.13009E-04    0.31342E-03   -0.38143E-03    0.35332E-04    0.17943E-03
   -0.38864E-05    0.22314E-04   -0.48399E-05    0.15732E-03    0.30761E-02    0.17017E-02    0.93846E-05    0.41872E-03    0.24764E-01    0.15630E+00    0.46991E+00   -0.42154E-02   -0.45598E+00    0.23249E-01   -0.32845E-03   -0.66845E-03   -0.12487E-01    0.17207E-05    0.22575E-04   -0.52802E-02   -0.16278E-01    0.36121E-01    0.39147E-02    0.28264E-01    0.12190E+00   -0.90722E-01    0.11069E+00   -0.13604E-01   -0.56896E-01   -0.81656E-01    0.85961E-01    0.17876E-01    0.99449E+00    0.91376E-02   -0.14739E-01   -0.26389E-01    0.10619E+00    0.14456E+00    0.23346E-02    0.14534E+00    0.16594E+00   -0.23661E-02    0.35866E+00   -0.17636E-01    0.43998E-02    0.18568E+00    0.69439E-03   -0.13886E-02   -0.42788E-03   -0.25352E-02   -0.29067E-02   -0.22077E-04   -0.19396E-04    0.58437E-04   -0.15411E-03   -0.13956E-03    0.93322E-04   -0.57604E-03
   -0.20360E-05    0.44059E-04   -0.95762E-05    0.10293E-03   -0.23729E-02    0.31321E-02    0.50059E-04    0.23852E-03    0.83098E+00    0.97357E-01   -0.14668E+00   -0.83195E-03    0.98073E-01   -0.26467E-01    0.81201E-03    0.19105E-03    0.14636E-02    0.47736E-05   -0.94541E-04    0.42715E-02    0.19539E-01   -0.33145E-01    0.17502E-01   -0.27610E-01    0.33741E-01   -0.76170E-01   -0.10070E+00   -0.52781E-01    0.12987E+00   -0.17156E+00    0.20261E-01   -0.24219E-01    0.91376E-02    0.97012E+00    0.99263E-03   -0.57551E-02   -0.12854E+00    0.45606E-01    0.14930E+00    0.20875E-01   -0.87475E-01    0.66751E-02   -0.68013E-01    0.32845E-03   -0.66208E-02   -0.84308E-01   -0.14765E-03   -0.96859E-03   -0.17803E-03   -0.32463E-02    0.12666E-02    0.69167E-04   -0.35626E-05    0.37664E-04    0.59065E-04   -0.12458E-03   -0.15064E-03   -0.18995E-03
   -0.22390E-05   -0.70270E-04    0.14678E-04   -0.19306E-04   -0.40028E-04   -0.49575E-02   -0.13985E-03   -0.16840E-03   -0.15976E+01   -0.12729E+00    0.55553E-01   -0.24364E-01   -0.23465E+00   -0.48810E-01    0.84696E-03   -0.76559E-03   -0.58585E-02   -0.29237E-05    0.39361E-04    0.68948E-02    0.73142E-01   -0.48710E-01    0.10170E-01   -0.42358E-02    0.14740E+00    0.61748E-01    0.59926E-02   -0.57220E-02    0.14814E+00   -0.22096E-01    0.17767E+00   -0.50252E-02   -0.14739E-01    0.99263E-03    0.98503E+00    0.18272E-02   -0.13293E-01    0.18061E-01    0.13528E+00   -0.26162E+00    0.12672E+00    0.19524E-01    0.19745E+00   -0.59939E-02    0.19045E-01    0.16210E+00   -0.74462E-03   -0.11391E-02   -0.16347E-03   -0.28069E-02   -0.26616E-02    0.13788E-03    0.12915E-03    0.89726E-04    0.14037E-03   -0.12851E-03    0.21596E-03    0.96576E-04
    0.14015E-05   -0.98258E-04    0.19176E-04   -0.34963E-03    0.10573E-02   -0.38993E-02   -0.16056E-03   -0.90787E-03   -0.33648E+01    0.57676E-01    0.23363E+00   -0.15548E-01   -0.23125E+00   -0.13028E-01   -0.82030E-03   -0.13163E-03   -0.55028E-02    0.16002E-05   -0.13438E-04    0.25803E-02    0.11587E-01   -0.11455E+00    0.14783E+00    0.86092E-01   -0.91905E-01    0.55033E-01   -0.58472E-01    0.13957E+00   -0.13778E+00   -0.80330E-01    0.65680E-02    0.13512E-01   -0.26389E-01   -0.57551E-02    0.18272E-02    0.96919E+00   -0.24631E-01   -0.53459E-01    0.25340E-01    0.17640E+00   -0.83126E-01    0.70197E-02    0.18718E+00    0.98597E-02    0.26233E-02    0.18353E+00   -0.13198E-02   -0.30156E-02   -0.25557E-03    0.15511E-04   -0.21345E-02    0.10700E-03   -0.10228E-03    0.43220E-04    0.71621E-04   -0.13293E-04   -0.19752E-04    0.20250E-03
    0.43895E-05    0.18218E-03   -0.19195E-04    0.30829E-03    0.60057E-02    0.96759E-02    0.43298E-03    0.13670E-02   -0.16092E+01    0.13368E+00    0.37249E+00   -0.10394E-01   -0.20729E+00   -0.66304E-02   -0.59116E-03   -0.31405E-03   -0.46364E-02    0.18514E-04    0.50541E-04   -0.26819E-02    0.11574E-01    0.17297E+00   -0.21040E+00   -0.37028E-01    0.83857E-01    0.84001E-01    0.63801E+00   -0.91499E-01   -0.21267E+00   -0.67776E-01    0.10685E+00    0.60225E+00    0.10619E+00   -0.12854E+00   -0.13293E-01   -0.24631E-01    0.96766E+00   -0.27885E-01   -0.21148E-02    0.19345E-01   -0.11107E-01    0.10186E-01    0.21186E+00    0.17897E-01    0.18602E-01    0.10942E+00   -0.11208E-02   -0.22001E-02   -0.42703E-03    0.32743E-02    0.15167E-02    0.24459E-03    0.27358E-04    0.23377E-03    0.19386E-03    0.10448E-03    0.31955E-03   -0.23049E-03
   -0.12833E-05   -0.30727E-04    0.33074E-05   -0.90978E-04    0.10498E-04   -0.11649E-03    0.24819E-03   -0.16198E-03   -0.28180E+01   -0.13774E+00    0.58999E-01   -0.61461E-02   -0.53404E-01   -0.66093E-02   -0.30955E-03    0.18575E-03   -0.10966E-02    0.10486E-04    0.93858E-04    0.12810E-02    0.50208E-02    0.27188E-01    0.46372E-01    0.21547E-01    0.36145E-01   -0.54695E-01    0.23326E+00    0.28333E+00    0.62021E+00    0.75780E-01   -0.59717E+00    0.17580E+00    0.14456E+00    0.45606E-01    0.18061E-01   -0.53459E-01   -0.27885E-01    0.10086E+01    0.11165E-01    0.42957E-01   -0.21380E-01   -0.12209E-02    0.68543E-01   -0.12177E-01    0.73419E-02   -0.50354E-02    0.84761E-03    0.32155E-03    0.19397E-03   -0.13836E-02    0.28716E-02    0.64051E-04    0.20563E-03    0.11451E-03    0.14086E-03   -0.84697E-05    0.34029E-04   -0.23001E-03
    0.23979E-05   -0.96851E-05    0.13391E-05    0.11052E-03    0.12370E-02    0.11015E-02    0.19738E-03    0.29089E-03   -0.27764E+01   -0.25837E+00   -0.16636E+00    0.14588E-01    0.12150E+00    0.24599E-02   -0.24765E-02    0.51138E-03    0.47709E-02    0.11934E-05   -0.28587E-04    0.13154E-02   -0.14562E-01   -0.34769E-02    0.10820E+00    0.63724E-02    0.62276E-02    0.86140E-01   -0.40449E-01    0.77949E+00    0.13722E+00   -0.39153E-01    0.38139E+00    0.97511E-01    0.23346E-02    0.14930E+00    0.13528E+00    0.25340E-01   -0.21148E-02    0.11165E-01    0.98276E+00   -0.42445E-02    0.74631E-02   -0.77111E-03   -0.86202E-01   -0.86200E-03   -0.66721E-03   -0.78776E-01    0.59545E-03    0.16097E-02   -0.31451E-03   -0.22291E-02    0.18582E-02    0.15773E-03    0.21507E-03   -0.39239E-04    0.84924E-04   -0.10953E-04    0.21475E-03   -0.23036E-03
   -0.14267E-05    0.50396E-04   -0.17699E-04    0.33048E-04   -0.62476E-03    0.13878E-02    0.28201E-04    0.21666E-03   -0.41341E+00   -0.18124E+00    0.67210E-01    0.66576E-02    0.99144E-01   -0.86246E-02   -0.33818E-02    0.59797E-03    0.61233E-02   -0.80587E-05   -0.75261E-04    0.31721E-02   -0.87141E-02    0.22163E-01    0.16860E-01   -0.18302E+00   -0.11618E+00   -0.25935E-01   -0.22871E-01    0.29993E+00   -0.58746E+00    0.30402E+00   -0.35801E+00    0.56705E-01    0.14534E+00    0.20875E-01   -0.26162E+00    0.17640E+00    0.19345E-01    0.42957E-01   -0.42445E-02    0.96608E+00   -0.60398E-02   -0.73716E-02   -0.16146E+00    0.12789E-01   -0.88226E-02   -0.12440E+00    0.96704E-03   -0.95780E-03   -0.35135E-03   -0.47314E-03   -0.27678E-03    0.27968E-04   -0.17820E-03    0.89059E-05   -0.12330E-03    0.15665E-03   -0.52182E-05    0.18821E-03
    0.17553E-05   -0.65272E-05   -0.11075E-04    0.44979E-03   -0.39476E-02   -0.74845E-03    0.15157E-03    0.88181E-03    0.19908E+01    0.47780E-01   -0.29006E+00    0.10666E-01    0.27658E+00   -0.20626E-01   -0.20665E-02   -0.10193E-02    0.98162E-02   -0.25934E-05    0.43613E-05    0.11949E-03   -0.48553E-02    0.69203E-01   -0.20307E+00    0.92501E-01    0.42393E-01    0.16181E-01    0.82073E-01   -0.18782E+00    0.16973E+00    0.68675E+00    0.24911E+00   -0.87365E-01    0.16594E+00   -0.87475E-01    0.12672E+00   -0.83126E-01   -0.11107E-01   -0.21380E-01    0.74631E-02   -0.60398E-02    0.98546E+00   -0.76915E-02   -0.26767E+00    0.11904E-01   -0.10908E-01   -0.15179E+00    0.85242E-03    0.14890E-03    0.51989E-04    0.17905E-03   -0.46476E-02    0.71956E-04    0.14436E-03    0.11435E-03   -0.65310E-04   -0.16272E-04   -0.29353E-04    0.34133E-03
    0.16496E-05   -0.13178E-03    0.10207E-04   -0.63178E-04   -0.45970E-02   -0.83814E-02   -0.13693E-03   -0.44339E-03   -0.90171E-01    0.18057E+00    0.19072E+00    0.74703E-01   -0.39439E+00   -0.59205E-01   -0.16951E-02    0.60247E-02   -0.10135E-01    0.27426E-06    0.58511E-04    0.67934E-01    0.81447E-01   -0.18742E-01    0.13253E-02   -0.15233E-02    0.71040E-02    0.89043E-02   -0.69759E-02   -0.75368E-02    0.53624E-02   -0.45144E-02    0.33696E-02    0.22227E-01   -0.23661E-02    0.66751E-02    0.19524E-01    0.70197E-02    0.10186E-01   -0.12209E-02   -0.77111E-03   -0.73716E-02   -0.76915E-02    0.34732E+00    0.23544E+00    0.77802E-02    0.16394E+00    0.55226E+00    0.14401E-01    0.18704E-01   -0.45981E-02   -0.17736E-02   -0.31647E-02    0.68229E-03   -0.17997E-04    0.71855E-03    0.74090E-04   -0.39723E-03    0.18484E-03    0.12793E-02
    0.22798E-04   -0.13665E-02    0.67631E-04   -0.69143E-03   -0.19260E-01   -0.69725E-01   -0.60173E-03   -0.47522E-02   -0.54901E+01   -0.22211E+01    0.16300E+02   -0.10324E+00   -0.11085E+02   -0.58232E+00   -0.13610E+00    0.17524E-02   -0.18409E+00   -0.89776E-05    0.31614E-03    0.12192E+00    0.10093E+01   -0.17792E+00    0.10983E+00    0.24357E-02    0.81075E-01    0.32725E-01    0.49347E-01   -0.11123E+00    0.91520E-01   -0.26869E+00    0.14246E+00    0.24499E+00    0.35866E+00   -0.68013E-01    0.19745E+00    0.18718E+00    0.21186E+00    0.68543E-01   -0.86202E-01   -0.16146E+00   -0.26767E+00    0.23544E+00    0.15387E+02    0.17256E+00    0.41232E+00    0.54166E+01   -0.25938E-02   -0.38214E-01   -0.12974E-01    0.15454E-02    0.15605E-01    0.23908E-02    0.21012E-01    0.27855E-02    0.13438E-01    0.55278E-03    0.32875E-02   -0.61646E-02
    0.51356E-05   -0.34497E-03    0.50604E-04    0.14403E-03   -0.16845E-01   -0.24261E-01   -0.33509E-03   -0.34436E-03    0.21582E+01    0.38603E+00   -0.11278E+01   -0.18892E+00    0.77539E-01   -0.68535E+00   -0.84379E-02   -0.11767E-01    0.50430E-02   -0.60600E-05    0.55190E-04   -0.62862E-02    0.17101E+00   -0.60983E-01    0.12024E-01   -0.25235E-01   -0.24684E-01   -0.26051E-02   -0.84226E-02   -0.88719E-02   -0.96631E-02    0.26825E-01    0.49413E-02    0.33064E-01   -0.17636E-01    0.32845E-03   -0.59939E-02    0.98597E-02    0.17897E-01   -0.12177E-01   -0.86200E-03    0.12789E-01    0.11904E-01    0.77802E-02    0.17256E+00    0.21070E+01   -0.22013E-01    0.21029E+00   -0.89143E-01   -0.10608E+00   -0.47650E-02    0.45991E-02   -0.27140E-02   -0.38565E-03    0.15458E-02   -0.22490E-03    0.14491E-02    0.40835E-03    0.14584E-03    0.31934E-03
    0.28542E-05   -0.32990E-03    0.24659E-04    0.83764E-04   -0.89437E-02   -0.20847E-01   -0.39621E-03   -0.59787E-03   -0.11559E+01   -0.45930E+00    0.37055E+00    0.44137E-02   -0.69351E+00   -0.73681E-01   -0.38891E-02    0.34955E-02   -0.10984E-01   -0.18937E-05    0.39126E-04    0.60352E-01    0.21263E+00   -0.15953E-01    0.22003E-02   -0.93298E-02    0.12349E-01    0.95413E-02    0.12888E-01   -0.25370E-02    0.59794E-02   -0.92672E-02    0.50725E-02    0.14411E-01    0.43998E-02   -0.66208E-02    0.19045E-01    0.26233E-02    0.18602E-01    0.73419E-02   -0.66721E-03   -0.88226E-02   -0.10908E-01    0.16394E+00    0.41232E+00   -0.22013E-01    0.25460E+00    0.39525E+00    0.97385E-02    0.17455E-01   -0.23884E-03   -0.67523E-03    0.10138E-02    0.32789E-03   -0.15398E-04    0.26718E-03    0.37861E-04    0.62620E-03    0.51305E-03    0.28518E-03
