# omegabh2 omegach2 theta tau logA ns calPlanck acib217 xi asz143 aps100 aps143 aps143217 aps217 aksz kgal100 kgal143 kgal143217 kgal217 galfEE100 galfEE100143 galfEE100217 galfEE143 galfEE143217 galfEE217 galfTE100 galfTE100143 galfTE100217 galfTE143 galfTE143217 galfTE217 cal0 cal2
    0.2425310E-07   -0.1345027E-06    0.2023508E-07    0.8960243E-06    0.1578486E-05    0.3580682E-06    0.1310380E-07   -0.1289721E-03    0.2573301E-05    0.2932117E-04   -0.4799579E-03   -0.2375734E-03   -0.3283944E-04    0.6729070E-04   -0.4508388E-04   -0.7061564E-05   -0.5710090E-05   -0.9552751E-05    0.1538808E-04    0.1219395E-06    0.3632901E-07    0.3473599E-07    0.3737689E-07   -0.5009132E-07    0.1333413E-06   -0.4292964E-06   -0.1951441E-06    0.1618467E-06   -0.6367438E-07   -0.3835657E-06   -0.1365386E-05    0.3941958E-08   -0.1130867E-07
   -0.1345027E-06    0.1978822E-05   -0.1735919E-06   -0.1266308E-04   -0.2091668E-04   -0.5121894E-05   -0.1893100E-06    0.6935082E-03   -0.9812954E-05   -0.2077520E-03    0.3429301E-02    0.1580716E-02    0.3325141E-03   -0.2471188E-03    0.2510248E-03    0.1678673E-04   -0.3749581E-05    0.5764029E-04   -0.1346681E-04   -0.1335398E-05   -0.4210957E-06   -0.5142377E-06   -0.4060946E-06    0.1964110E-06   -0.3584270E-06    0.3466170E-05    0.1127645E-05   -0.2526309E-05    0.6965244E-06    0.2827810E-05    0.1075367E-04    0.5302254E-08    0.1033417E-06
    0.2023508E-07   -0.1735919E-06    0.9766085E-07    0.1472995E-05    0.2713114E-05    0.5486775E-06    0.4296744E-07   -0.4703319E-04    0.1210070E-06    0.1424009E-04   -0.1709660E-03   -0.1335404E-03   -0.6708791E-04    0.4976784E-05   -0.2798979E-04   -0.8667021E-05    0.1114616E-05    0.4602231E-05    0.8767538E-05    0.1339376E-06    0.3906714E-07    0.8979351E-07    0.3022102E-07   -0.3317175E-07   -0.1124946E-06   -0.4905425E-06   -0.8222629E-07   -0.1482863E-06    0.6023401E-07   -0.1909374E-06   -0.1586777E-05    0.1168712E-08   -0.5801453E-08
    0.8960243E-06   -0.1266308E-04    0.1472995E-05    0.1928099E-03    0.3454425E-03    0.3950895E-04   -0.3401555E-05   -0.8286583E-02    0.1086321E-03    0.1762594E-02   -0.3631377E-01   -0.1437320E-01   -0.2243080E-02    0.3378884E-02   -0.2685780E-02    0.1824152E-03    0.1557298E-03   -0.1035822E-02   -0.4340518E-03    0.9184213E-05    0.2696274E-05    0.1232521E-05    0.2686490E-05    0.2771209E-05    0.5833778E-05   -0.2996001E-04   -0.9277981E-05    0.2147608E-04   -0.6791935E-05   -0.1768060E-04   -0.7456644E-04   -0.2444685E-06   -0.1173630E-05
    0.1578486E-05   -0.2091668E-04    0.2713114E-05    0.3454425E-03    0.6474245E-03    0.6563835E-04    0.4515406E-05   -0.1474850E-01    0.2474894E-03    0.3087964E-02   -0.5918431E-01   -0.2318527E-01   -0.4961299E-03    0.1168889E-01   -0.5691033E-02    0.1579842E-03   -0.1577998E-03   -0.2454563E-02    0.1266032E-03    0.1732112E-04    0.4367081E-05    0.1979651E-05    0.5180504E-05    0.4254402E-05    0.1028822E-04   -0.5794509E-04   -0.1827464E-04    0.3354316E-04   -0.1206090E-04   -0.2356590E-04   -0.1148583E-03   -0.2367623E-06   -0.2166472E-05
    0.3580682E-06   -0.5121894E-05    0.5486775E-06    0.3950895E-04    0.6563835E-04    0.2261934E-04    0.4564446E-06   -0.5434164E-02    0.1241454E-03    0.1391417E-02   -0.2829957E-01   -0.7517267E-02    0.2832359E-02    0.6152840E-02   -0.2848159E-02    0.2945350E-03   -0.1360596E-03   -0.4675616E-03    0.5984155E-03    0.5802884E-05    0.1997307E-05    0.1059765E-05    0.2040141E-05    0.1540001E-05    0.7864961E-06   -0.8919759E-05   -0.2243301E-05    0.1466453E-04   -0.3255076E-05   -0.6136317E-05   -0.3000669E-04   -0.1450748E-06   -0.5530233E-06
    0.1310380E-07   -0.1893100E-06    0.4296744E-07   -0.3401555E-05    0.4515406E-05    0.4564446E-06    0.5840065E-05    0.9533810E-03    0.3325169E-05    0.1009082E-04    0.3178281E-02    0.5656986E-03    0.4614619E-03    0.9473418E-03   -0.4290358E-04    0.1038272E-04    0.1877601E-04   -0.5721695E-04    0.4546233E-03    0.1510437E-05    0.1961913E-06    0.4680284E-06    0.5782502E-06   -0.4171113E-06   -0.4004620E-06   -0.1963936E-05   -0.7763725E-06    0.7901627E-07   -0.6765489E-06    0.2838116E-05    0.5577942E-05    0.7385529E-08    0.1365132E-07
   -0.1289721E-03    0.6935082E-03   -0.4703319E-04   -0.8286583E-02   -0.1474850E-01   -0.5434164E-02    0.9533810E-03    0.4917584E+02   -0.5214718E+00   -0.1252899E+01    0.3823309E+02   -0.1079416E+01   -0.2177373E+02   -0.6673341E+02   -0.1983118E+00   -0.2944876E+00    0.2115229E+00   -0.3406970E+01   -0.2559045E+02   -0.1879677E-02   -0.2040328E-03   -0.6888704E-03   -0.1957381E-03   -0.2583994E-03   -0.7058387E-02    0.8263795E-02    0.3219596E-02    0.4120933E-02    0.5473694E-03    0.3655776E-02    0.7998579E-02   -0.1591008E-03    0.4427154E-02
    0.2573301E-05   -0.9812954E-05    0.1210070E-06    0.1086321E-03    0.2474894E-03    0.1241454E-03    0.3325169E-05   -0.5214718E+00    0.8242615E-01   -0.6816462E-01   -0.3804946E+00    0.9819607E+00    0.1807040E+01    0.8026098E+00    0.7082259E-01   -0.1249828E-01    0.8095490E-02    0.1047900E+00    0.1312007E+00    0.4413452E-04    0.2102710E-04    0.6715963E-04    0.3406877E-04   -0.1181705E-03    0.1978106E-03   -0.7223786E-05   -0.3009966E-04   -0.5030835E-03   -0.2175158E-04   -0.2097905E-04   -0.7488365E-03    0.6372395E-05   -0.2101922E-04
    0.2932117E-04   -0.2077520E-03    0.1424009E-04    0.1762594E-02    0.3087964E-02    0.1391417E-02    0.1009082E-04   -0.1252899E+01   -0.6816462E-01    0.3718448E+01   -0.2872231E+02   -0.3565384E+01    0.7724987E+01    0.6257293E+01   -0.2677985E+01   -0.1374990E+00    0.8744230E-01    0.2436129E+01    0.1916411E+01    0.4445333E-03    0.1127964E-03    0.1779619E-03    0.4302373E-04   -0.3103473E-04    0.5915638E-03    0.1004961E-02    0.7981707E-03   -0.2505938E-02   -0.2882637E-03   -0.2297812E-02   -0.1617992E-02    0.2032888E-03   -0.3546572E-03
   -0.4799579E-03    0.3429301E-02   -0.1709660E-03   -0.3631377E-01   -0.5918431E-01   -0.2829957E-01    0.3178281E-02    0.3823309E+02   -0.3804946E+00   -0.2872231E+02    0.6931902E+03    0.6499651E+02   -0.5786191E+02   -0.6617914E+02    0.1309219E+02   -0.5195248E+00   -0.4138053E+00   -0.1241173E+02   -0.1666682E+02   -0.4022813E-02   -0.1338545E-02   -0.3062946E-03   -0.1950892E-03   -0.1151529E-01   -0.3848923E-02    0.3668423E-01   -0.8333945E-02    0.1374532E-01    0.1003022E-01    0.2213830E-01    0.4168871E-01    0.4360054E-02    0.4452135E-02
   -0.2375734E-03    0.1580716E-02   -0.1335404E-03   -0.1437320E-01   -0.2318527E-01   -0.7517267E-02    0.5656986E-03   -0.1079416E+01    0.9819607E+00   -0.3565384E+01    0.6499651E+02    0.5742179E+02    0.4220542E+02    0.1923674E+02   -0.4851431E+01   -0.4394631E+00   -0.9553333E+00    0.3428184E+01    0.4085874E+01   -0.9696909E-03   -0.5000260E-03    0.2291514E-03   -0.5398427E-04   -0.2819404E-02    0.6876107E-04    0.7239040E-02    0.4226207E-02   -0.2382453E-01   -0.4101463E-03    0.2546055E-02    0.1612278E-02    0.1616867E-03   -0.4720028E-04
   -0.3283944E-04    0.3325141E-03   -0.6708791E-04   -0.2243080E-02   -0.4961299E-03    0.2832359E-02    0.4614619E-03   -0.2177373E+02    0.1807040E+01    0.7724987E+01   -0.5786191E+02    0.4220542E+02    0.9400206E+02    0.6692463E+02   -0.1221793E+02   -0.5594386E+00   -0.3155211E+00    0.4703533E+01    0.6316553E+01    0.1798784E-02    0.4472018E-03    0.1009362E-02    0.7180190E-03   -0.2946794E-02    0.6665616E-02    0.7621191E-03    0.2823802E-02   -0.2299050E-01   -0.8070229E-03   -0.2340240E-02   -0.2179161E-01    0.7776467E-03   -0.2688728E-02
    0.6729070E-04   -0.2471188E-03    0.4976784E-05    0.3378884E-02    0.1168889E-01    0.6152840E-02    0.9473418E-03   -0.6673341E+02    0.8026098E+00    0.6257293E+01   -0.6617914E+02    0.1923674E+02    0.6692463E+02    0.1264550E+03   -0.9872670E+01    0.4645037E-01   -0.4488351E+00    0.1006702E+01    0.2253410E+02    0.3297822E-02    0.2766493E-03    0.5041193E-03    0.2562391E-03   -0.1022175E-02    0.8382854E-02   -0.1185099E-01   -0.1862580E-02   -0.1282964E-01   -0.1277824E-02   -0.2039783E-02   -0.9881638E-02    0.6079039E-03   -0.7765463E-02
   -0.4508388E-04    0.2510248E-03   -0.2798979E-04   -0.2685780E-02   -0.5691033E-02   -0.2848159E-02   -0.4290358E-04   -0.1983118E+00    0.7082259E-01   -0.2677985E+01    0.1309219E+02   -0.4851431E+01   -0.1221793E+02   -0.9872670E+01    0.6086336E+01    0.1134758E-01   -0.8718979E-01   -0.1877265E+01   -0.1130061E+01   -0.7286845E-03   -0.1913606E-03    0.6351302E-03   -0.2405669E-03   -0.2500282E-03   -0.3505738E-04    0.4173723E-03   -0.9091483E-03    0.3481074E-02    0.4683623E-03   -0.1998591E-03    0.1073779E-02   -0.1517042E-03    0.1779492E-03
   -0.7061564E-05    0.1678673E-04   -0.8667021E-05    0.1824152E-03    0.1579842E-03    0.2945350E-03    0.1038272E-04   -0.2944876E+00   -0.1249828E-01   -0.1374990E+00   -0.5195248E+00   -0.4394631E+00   -0.5594386E+00    0.4645037E-01    0.1134758E-01    0.3195801E+01    0.7397698E+00    0.3905663E+00    0.7523030E+00    0.1430903E-03    0.4361128E-04   -0.4735764E-03   -0.4815953E-05    0.9373034E-03   -0.2988399E-03   -0.5128989E-02   -0.7413356E-04   -0.5267047E-03   -0.8726093E-05    0.5876053E-03    0.4359918E-02    0.4302057E-03    0.1861576E-05
   -0.5710090E-05   -0.3749581E-05    0.1114616E-05    0.1557298E-03   -0.1577998E-03   -0.1360596E-03    0.1877601E-04    0.2115229E+00    0.8095490E-02    0.8744230E-01   -0.4138053E+00   -0.9553333E+00   -0.3155211E+00   -0.4488351E+00   -0.8718979E-01    0.7397698E+00    0.3047631E+01    0.2454641E+01    0.1484086E+01   -0.2102945E-03    0.7052614E-05    0.1686651E-04    0.5459457E-04   -0.1572680E-03    0.1374276E-02    0.2551684E-02   -0.6400585E-03   -0.3103800E-02   -0.1071358E-03    0.2128191E-02    0.5092143E-02   -0.4076735E-03   -0.1948558E-03
   -0.9552751E-05    0.5764029E-04    0.4602231E-05   -0.1035822E-02   -0.2454563E-02   -0.4675616E-03   -0.5721695E-04   -0.3406970E+01    0.1047900E+00    0.2436129E+01   -0.1241173E+02    0.3428184E+01    0.4703533E+01    0.1006702E+01   -0.1877265E+01    0.3905663E+00    0.2454641E+01    0.1797632E+02    0.2742855E+02    0.3782605E-04   -0.2066429E-03    0.1388812E-03    0.1368335E-03   -0.6158094E-03    0.2133723E-02    0.8702394E-02    0.2713231E-02   -0.1285518E-01    0.6525144E-03    0.1785540E-02    0.6751688E-02   -0.2987755E-04    0.2396110E-02
    0.1538808E-04   -0.1346681E-04    0.8767538E-05   -0.4340518E-03    0.1266032E-03    0.5984155E-03    0.4546233E-03   -0.2559045E+02    0.1312007E+00    0.1916411E+01   -0.1666682E+02    0.4085874E+01    0.6316553E+01    0.2253410E+02   -0.1130061E+01    0.7523030E+00    0.1484086E+01    0.2742855E+02    0.6217731E+02    0.9421738E-03   -0.2313537E-03    0.1983435E-03    0.4259866E-03    0.8302882E-03    0.4929934E-02    0.7195499E-02    0.2062447E-02   -0.9803163E-02    0.2805789E-02    0.3052863E-02    0.7443433E-02    0.8755929E-05    0.4248184E-02
    0.1219395E-06   -0.1335398E-05    0.1339376E-06    0.9184213E-05    0.1732112E-04    0.5802884E-05    0.1510437E-05   -0.1879677E-02    0.4413452E-04    0.4445333E-03   -0.4022813E-02   -0.9696909E-03    0.1798784E-02    0.3297822E-02   -0.7286845E-03    0.1430903E-03   -0.2102945E-03    0.3782605E-04    0.9421738E-03    0.1258799E-03    0.1097444E-04    0.5842060E-06    0.2815439E-05   -0.6584632E-05    0.5501055E-05   -0.5266392E-05   -0.4266440E-05   -0.1458560E-04    0.8695626E-06   -0.5043826E-06   -0.1266450E-04    0.1495687E-06   -0.9850203E-07
    0.3632901E-07   -0.4210957E-06    0.3906714E-07    0.2696274E-05    0.4367081E-05    0.1997307E-05    0.1961913E-06   -0.2040328E-03    0.2102710E-04    0.1127964E-03   -0.1338545E-02   -0.5000260E-03    0.4472018E-03    0.2766493E-03   -0.1913606E-03    0.4361128E-04    0.7052614E-05   -0.2066429E-03   -0.2313537E-03    0.1097444E-04    0.1374979E-04    0.1182543E-05    0.6252997E-05   -0.6067860E-06    0.2100110E-06    0.4329387E-05    0.5908162E-06   -0.2426364E-05   -0.1489214E-05   -0.1729589E-05   -0.1049828E-04    0.6798045E-08   -0.3171895E-07
    0.3473599E-07   -0.5142377E-06    0.8979351E-07    0.1232521E-05    0.1979651E-05    0.1059765E-05    0.4680284E-06   -0.6888704E-03    0.6715963E-04    0.1779619E-03   -0.3062946E-03    0.2291514E-03    0.1009362E-02    0.5041193E-03    0.6351302E-03   -0.4735764E-03    0.1686651E-04    0.1388812E-03    0.1983435E-03    0.5842060E-06    0.1182543E-05    0.2249637E-03   -0.8943111E-07   -0.5634046E-05    0.1878248E-04    0.2683943E-04    0.5595763E-05   -0.2691701E-04    0.1058925E-05   -0.1667678E-05   -0.2415092E-04    0.1993173E-07   -0.2701454E-07
    0.3737689E-07   -0.4060946E-06    0.3022102E-07    0.2686490E-05    0.5180504E-05    0.2040141E-05    0.5782502E-06   -0.1957381E-03    0.3406877E-04    0.4302373E-04   -0.1950892E-03   -0.5398427E-04    0.7180190E-03    0.2562391E-03   -0.2405669E-03   -0.4815953E-05    0.5459457E-04    0.1368335E-03    0.4259866E-03    0.2815439E-05    0.6252997E-05   -0.8943111E-07    0.2991381E-04    0.4265552E-06   -0.4155096E-05    0.2688765E-05    0.3698155E-06    0.7736482E-05   -0.4105717E-05   -0.4264230E-05    0.3913806E-05    0.7155128E-08    0.7520801E-07
   -0.5009132E-07    0.1964110E-06   -0.3317175E-07    0.2771209E-05    0.4254402E-05    0.1540001E-05   -0.4171113E-06   -0.2583994E-03   -0.1181705E-03   -0.3103473E-04   -0.1151529E-01   -0.2819404E-02   -0.2946794E-02   -0.1022175E-02   -0.2500282E-03    0.9373034E-03   -0.1572680E-03   -0.6158094E-03    0.8302882E-03   -0.6584632E-05   -0.6067860E-06   -0.5634046E-05    0.4265552E-06    0.4146169E-03   -0.2348390E-04   -0.4141306E-04   -0.1430828E-04   -0.3608212E-04   -0.9060609E-05    0.2179670E-05    0.1962026E-04   -0.9657584E-07    0.2595216E-06
    0.1333413E-06   -0.3584270E-06   -0.1124946E-06    0.5833778E-05    0.1028822E-04    0.7864961E-06   -0.4004620E-06   -0.7058387E-02    0.1978106E-03    0.5915638E-03   -0.3848923E-02    0.6876107E-04    0.6665616E-02    0.8382854E-02   -0.3505738E-04   -0.2988399E-03    0.1374276E-02    0.2133723E-02    0.4929934E-02    0.5501055E-05    0.2100110E-06    0.1878248E-04   -0.4155096E-05   -0.2348390E-04    0.3514083E-02    0.7141248E-05    0.4418211E-05    0.5213132E-05    0.2273342E-05   -0.2734439E-04    0.2825936E-05   -0.1524080E-07   -0.2133760E-06
   -0.4292964E-06    0.3466170E-05   -0.4905425E-06   -0.2996001E-04   -0.5794509E-04   -0.8919759E-05   -0.1963936E-05    0.8263795E-02   -0.7223786E-05    0.1004961E-02    0.3668423E-01    0.7239040E-02    0.7621191E-03   -0.1185099E-01    0.4173723E-03   -0.5128989E-02    0.2551684E-02    0.8702394E-02    0.7195499E-02   -0.5266392E-05    0.4329387E-05    0.2683943E-04    0.2688765E-05   -0.4141306E-04    0.7141248E-05    0.5812865E-02    0.1830533E-02    0.1836566E-02   -0.6093971E-03   -0.1732701E-03   -0.6357786E-04    0.2020712E-05    0.1892686E-05
   -0.1951441E-06    0.1127645E-05   -0.8222629E-07   -0.9277981E-05   -0.1827464E-04   -0.2243301E-05   -0.7763725E-06    0.3219596E-02   -0.3009966E-04    0.7981707E-03   -0.8333945E-02    0.4226207E-02    0.2823802E-02   -0.1862580E-02   -0.9091483E-03   -0.7413356E-04   -0.6400585E-03    0.2713231E-02    0.2062447E-02   -0.4266440E-05    0.5908162E-06    0.5595763E-05    0.3698155E-06   -0.1430828E-04    0.4418211E-05    0.1830533E-02    0.1217915E-02    0.7980940E-03    0.2132962E-03   -0.2243528E-04   -0.2516492E-03    0.3293528E-07    0.7453703E-06
    0.1618467E-06   -0.2526309E-05   -0.1482863E-06    0.2147608E-04    0.3354316E-04    0.1466453E-04    0.7901627E-07    0.4120933E-02   -0.5030835E-03   -0.2505938E-02    0.1374532E-01   -0.2382453E-01   -0.2299050E-01   -0.1282964E-01    0.3481074E-02   -0.5267047E-03   -0.3103800E-02   -0.1285518E-01   -0.9803163E-02   -0.1458560E-04   -0.2426364E-05   -0.2691701E-04    0.7736482E-05   -0.3608212E-04    0.5213132E-05    0.1836566E-02    0.7980940E-03    0.3302332E-01   -0.5891447E-03    0.1272221E-02    0.1053826E-01    0.1776766E-06    0.4406236E-05
   -0.6367438E-07    0.6965244E-06    0.6023401E-07   -0.6791935E-05   -0.1206090E-04   -0.3255076E-05   -0.6765489E-06    0.5473694E-03   -0.2175158E-04   -0.2882637E-03    0.1003022E-01   -0.4101463E-03   -0.8070229E-03   -0.1277824E-02    0.4683623E-03   -0.8726093E-05   -0.1071358E-03    0.6525144E-03    0.2805789E-02    0.8695626E-06   -0.1489214E-05    0.1058925E-05   -0.4105717E-05   -0.9060609E-05    0.2273342E-05   -0.6093971E-03    0.2132962E-03   -0.5891447E-03    0.1353395E-02    0.1584909E-03   -0.4586606E-03    0.2956333E-06    0.1038312E-05
   -0.3835657E-06    0.2827810E-05   -0.1909374E-06   -0.1768060E-04   -0.2356590E-04   -0.6136317E-05    0.2838116E-05    0.3655776E-02   -0.2097905E-04   -0.2297812E-02    0.2213830E-01    0.2546055E-02   -0.2340240E-02   -0.2039783E-02   -0.1998591E-03    0.5876053E-03    0.2128191E-02    0.1785540E-02    0.3052863E-02   -0.5043826E-06   -0.1729589E-05   -0.1667678E-05   -0.4264230E-05    0.2179670E-05   -0.2734439E-04   -0.1732701E-03   -0.2243528E-04    0.1272221E-02    0.1584909E-03    0.5107749E-02    0.3959635E-02   -0.5721264E-06    0.1377979E-05
   -0.1365386E-05    0.1075367E-04   -0.1586777E-05   -0.7456644E-04   -0.1148583E-03   -0.3000669E-04    0.5577942E-05    0.7998579E-02   -0.7488365E-03   -0.1617992E-02    0.4168871E-01    0.1612278E-02   -0.2179161E-01   -0.9881638E-02    0.1073779E-02    0.4359918E-02    0.5092143E-02    0.6751688E-02    0.7443433E-02   -0.1266450E-04   -0.1049828E-04   -0.2415092E-04    0.3913806E-05    0.1962026E-04    0.2825936E-05   -0.6357786E-04   -0.2516492E-03    0.1053826E-01   -0.4586606E-03    0.3959635E-02    0.3602717E-01   -0.2010875E-06    0.6011535E-06
    0.3941958E-08    0.5302254E-08    0.1168712E-08   -0.2444685E-06   -0.2367623E-06   -0.1450748E-06    0.7385529E-08   -0.1591008E-03    0.6372395E-05    0.2032888E-03    0.4360054E-02    0.1616867E-03    0.7776467E-03    0.6079039E-03   -0.1517042E-03    0.4302057E-03   -0.4076735E-03   -0.2987755E-04    0.8755929E-05    0.1495687E-06    0.6798045E-08    0.1993173E-07    0.7155128E-08   -0.9657584E-07   -0.1524080E-07    0.2020712E-05    0.3293528E-07    0.1776766E-06    0.2956333E-06   -0.5721264E-06   -0.2010875E-06    0.5347006E-06    0.1759512E-07
   -0.1130867E-07    0.1033417E-06   -0.5801453E-08   -0.1173630E-05   -0.2166472E-05   -0.5530233E-06    0.1365132E-07    0.4427154E-02   -0.2101922E-04   -0.3546572E-03    0.4452135E-02   -0.4720028E-04   -0.2688728E-02   -0.7765463E-02    0.1779492E-03    0.1861576E-05   -0.1948558E-03    0.2396110E-02    0.4248184E-02   -0.9850203E-07   -0.3171895E-07   -0.2701454E-07    0.7520801E-07    0.2595216E-06   -0.2133760E-06    0.1892686E-05    0.7453703E-06    0.4406236E-05    0.1038312E-05    0.1377979E-05    0.6011535E-06    0.1759512E-07    0.2054327E-05
