# omegabh2 omegach2 theta tau logA ns calPlanck acib217 xi asz143 aps100 aps143 aps143217 aps217 aksz kgal100 kgal143 kgal143217 kgal217 galfTE100 galfTE100143 galfTE100217 galfTE143 galfTE143217 galfTE217 cal0 cal2 DES_b1 DES_b2 DES_b3 DES_b4 DES_b5 DES_m1 DES_m2 DES_m3 DES_m4 DES_AIA DES_alphaIA DES_DzL1 DES_DzL2 DES_DzL3 DES_DzL4 DES_DzL5 DES_DzS1 DES_DzS2 DES_DzS3 DES_DzS4
  1.9865457E-08  -7.0414222E-08   1.3065737E-08   2.4955185E-07   4.6027454E-07   2.0969443E-07   2.4266919E-08  -8.2691748E-05   2.0608079E-06   1.8595409E-05  -3.9471878E-04  -2.0490452E-04  -5.6878638E-05   1.0788928E-05  -3.3817606E-05   3.1383407E-06  -7.8987634E-06  -6.2932149E-06   2.2968350E-05   2.2609993E-08  -3.4737915E-08  -1.5508360E-07  -2.5158687E-07  -5.4284578E-07  -2.4155566E-06   1.6358967E-09  -1.0028115E-09  -4.5255924E-07  -8.4931420E-08  -1.0536407E-07   9.3415360E-09  -2.3859850E-07   2.5238296E-08   3.3327329E-08   3.9013387E-07   2.7200160E-07  -2.5164340E-08   2.4809030E-05   5.4783463E-09   5.8293849E-09   8.1237567E-09   2.1265691E-08   1.3092111E-08  -1.3690406E-08   7.1238601E-08   1.0459108E-07   2.1201603E-07
 -7.0414222E-08   1.1411480E-06  -8.6419020E-08  -2.7424513E-06  -3.0268826E-06  -2.8370970E-06  -1.7517973E-07   7.8194895E-05  -3.3672701E-06  -5.7764466E-05   9.0427992E-04   7.1504354E-04   4.1787935E-04   3.4135010E-04   5.7626404E-05  -3.4649278E-05  -1.9759573E-05  -4.4990866E-05  -9.2010700E-05  -7.5458465E-08   2.4928796E-08  -2.7925189E-07   1.4732707E-06   2.3297183E-06   1.3197860E-05   7.1323865E-09  -7.8099496E-09   3.9082811E-06  -7.1468431E-07  -1.5026496E-06  -2.2415234E-06  -3.7550165E-07  -3.3434697E-07  -4.6228421E-07  -5.3323225E-06  -3.8514268E-06   2.2974522E-06  -3.4870689E-04  -1.2820380E-07  -2.9900800E-07  -9.4581619E-08  -3.2907381E-07  -1.6089394E-07   5.1115329E-07  -7.4979090E-07  -1.5141417E-06  -2.8988888E-06
  1.3065737E-08  -8.6419020E-08   9.0057157E-08   2.4649648E-07   4.1743298E-07   3.3066721E-07   2.3043117E-08   7.9309469E-06   1.0133676E-06  -3.3452250E-06   1.0377115E-05  -5.6916450E-05  -3.4590038E-05  -4.7840574E-05   4.3000387E-06   1.3386345E-06   2.8893993E-06  -1.3293602E-05  -2.8417863E-05   7.3481717E-08  -7.3566644E-09   7.9133802E-08  -2.4965565E-07  -2.4296114E-07  -2.2525374E-06   3.4332365E-11   1.8907293E-10  -8.3705362E-07  -3.8774169E-07  -2.9666577E-07  -1.4779927E-07  -4.5995839E-07  -4.9723211E-08  -1.8962920E-08   5.8906101E-07   3.6804196E-07   5.3840800E-08   3.4500357E-05  -6.6999084E-09   4.1726396E-09   3.0573343E-08   4.0417740E-08   3.0052809E-08  -3.8672626E-08   1.0556425E-07   1.5403515E-07   3.5375557E-07
  2.4955185E-07  -2.7424513E-06   2.4649648E-07   6.3637876E-05   1.2008303E-04   9.2178493E-06  -2.7372963E-07  -1.4320998E-03   2.9011071E-05   4.8115982E-04  -1.0066538E-02  -4.3345632E-03  -1.2134241E-03  -1.5522201E-04  -1.1810387E-03  -9.8566517E-05  -1.5845391E-04  -2.5338011E-04  -1.0152114E-04  -1.1895331E-06   9.0109607E-07   4.4434695E-06  -3.7016344E-06  -5.2040492E-06  -2.8810524E-05  -2.9360647E-08  -7.0359377E-08  -8.6695675E-05  -8.3468342E-05  -8.8545237E-05  -1.0749691E-04  -1.2401400E-04   1.4899061E-06  -1.6216578E-06  -3.2127494E-06  -5.6634005E-06   2.5542868E-05  -2.9028930E-04   4.9299534E-08   5.1584838E-07   3.5979117E-07   3.1267751E-07   3.7260711E-07   1.7298234E-06  -7.9915604E-07  -1.8177519E-06  -4.0381531E-06
  4.6027454E-07  -3.0268826E-06   4.1743298E-07   1.2008303E-04   2.5995928E-04   1.1149016E-05   1.1679858E-05  -3.5837747E-03   1.0285409E-04   8.4939687E-04  -1.7250039E-02  -6.0821048E-03   1.3572673E-03   7.2708065E-03  -3.2080867E-03  -5.4507425E-04  -1.0614442E-03  -1.3366902E-03   1.0564262E-03  -2.3504742E-06   6.9506740E-07   3.1484322E-06  -7.5229028E-06  -1.1008804E-05  -2.7533778E-05   1.0175972E-07  -1.9411243E-07  -1.8134767E-04  -1.8767826E-04  -2.0094691E-04  -2.4718187E-04  -2.7646016E-04   1.1872289E-06  -4.5501435E-06  -2.2647093E-05  -2.2046134E-05   5.2393809E-05  -1.4812818E-03  -2.2847600E-07  -2.1210937E-08   9.4671096E-07  -4.2165364E-07  -4.3577748E-08   4.4021692E-06  -3.1033372E-06  -7.2952999E-06  -1.6525437E-05
  2.0969443E-07  -2.8370970E-06   3.3066721E-07   9.2178493E-06   1.1149016E-05   1.5877075E-05   5.1705860E-07  -4.0247559E-03   9.3931648E-05   8.8147053E-04  -2.1867675E-02  -6.3906270E-03   1.0474240E-03   3.8073377E-03  -2.0856607E-03   3.6058297E-04  -2.6628707E-04  -9.7123417E-05   1.6327662E-03   9.3173485E-08   9.9095592E-07  -6.7171761E-07  -4.7982141E-06  -5.8592638E-06  -3.4835448E-05  -1.1584289E-07  -2.7532261E-08  -1.1474956E-05  -3.1241604E-06   1.9308995E-06   3.0668232E-06  -1.0963204E-06   6.0797665E-07   5.3741855E-07   1.2633103E-05   8.3484483E-06  -3.5610585E-06   7.7356400E-04   2.9411186E-07   6.1336653E-07   2.2306454E-07   9.2754690E-07   1.2060970E-07  -1.0572457E-06   1.8505645E-06   3.1921142E-06   6.6450298E-06
  2.4266919E-08  -1.7517973E-07   2.3043117E-08  -2.7372963E-07   1.1679858E-05   5.1705860E-07   6.2308555E-06   4.1933024E-04   9.8455490E-07   1.7560685E-05   2.5829062E-03   4.0036337E-04   4.6592571E-04   1.6904586E-03  -8.6757911E-05   1.4401130E-05  -5.8218497E-05  -7.8075411E-05   8.0184197E-04  -1.8568693E-07  -3.6286082E-07  -2.4835951E-06  -1.4187261E-06  -2.3261551E-06   3.8269103E-06  -3.8568226E-09  -3.8784209E-09  -7.1567507E-06  -8.4957387E-06  -8.2651180E-06  -1.1267147E-05  -1.1950501E-05  -4.7833108E-07  -1.0831609E-07  -1.5154881E-06  -8.1197134E-07  -1.6656019E-06  -1.4038818E-05  -1.7147587E-08  -9.9383190E-08   1.9320848E-07  -1.3022269E-07  -1.8884272E-07  -1.2280342E-07   7.4585441E-08  -2.4172083E-08  -5.4116445E-07
 -8.2691748E-05   7.8194895E-05   7.9309469E-06  -1.4320998E-03  -3.5837747E-03  -4.0247559E-03   4.1933024E-04   4.4740259E+01  -3.9862395E-01  -7.8184311E-01   3.3961867E+01   1.4218638E+00  -1.3173694E+01  -5.5127842E+01  -2.4515656E-01   1.3236739E-01   6.1564412E-01  -5.9176281E+00  -3.3709191E+01  -1.0599117E-03   7.3363355E-04   2.2761139E-03   3.6486113E-03  -3.5481044E-03  -7.8391971E-04  -2.3103659E-04   7.6017572E-04  -5.6996104E-04  -8.1618268E-04   3.6359448E-03   1.4020941E-03  -3.2792009E-03  -2.3932376E-04   2.3015019E-04   4.0693182E-04  -1.3387994E-03  -4.1895314E-03   1.6528448E-02  -1.7493374E-04   2.8427372E-04  -2.9317440E-04  -4.4356988E-04  -5.2154246E-04   1.3362553E-05  -6.3971314E-04  -9.2181375E-05  -8.5722260E-04
  2.0608079E-06  -3.3672701E-06   1.0133676E-06   2.9011071E-05   1.0285409E-04   9.3931648E-05   9.8455490E-07  -3.9862395E-01   8.1460726E-02  -4.1460757E-02  -5.8113279E-01   9.0452680E-01   1.6895639E+00   6.3529088E-01   4.4707920E-02  -1.0792859E-02   1.3195576E-02   1.1619378E-01   1.4763972E-01   6.7084174E-06  -2.6753741E-05  -8.2390300E-05  -1.4541774E-04   3.9501187E-05   4.1150269E-05   3.8341516E-06  -3.6486349E-06   2.3624494E-04  -9.9696060E-05  -2.5539290E-05   9.6430819E-05  -1.6672869E-04   3.1258457E-05   3.7625688E-05   3.0160558E-05   1.0266594E-04   1.8639665E-04   7.0209388E-04   7.1258951E-06  -9.2837572E-06   1.1001951E-05   2.5033963E-05  -4.3408397E-05   3.2460264E-05   1.4905299E-05   6.6903657E-06  -3.8619167E-05
  1.8595409E-05  -5.7764466E-05  -3.3452250E-06   4.8115982E-04   8.4939687E-04   8.8147053E-04   1.7560685E-05  -7.8184311E-01  -4.1460757E-02   3.8461435E+00  -2.9926646E+01  -3.0810477E+00   7.7599313E+00   5.3068417E+00  -2.7172411E+00  -2.0752078E-01   1.6343686E-01   2.6648551E+00   3.3272416E+00  -5.6965604E-05   1.5717276E-04   6.8966772E-04  -1.1893392E-03  -1.0026966E-03  -2.8642182E-03   1.0657905E-04  -3.1822220E-05  -1.4437779E-03  -7.0067003E-04   1.6950606E-04  -2.2785051E-04  -9.5018071E-04  -4.1264409E-04  -4.4322950E-04   1.5316553E-04   2.2358067E-04   3.1329110E-04  -6.2790420E-03  -6.0204852E-05  -1.9390709E-05   1.0533904E-04  -3.1513555E-06  -5.5294317E-05   1.8025728E-05   1.1033530E-04  -3.4142428E-05   4.6832596E-04
 -3.9471878E-04   9.0427992E-04   1.0377115E-05  -1.0066538E-02  -1.7250039E-02  -2.1867675E-02   2.5829062E-03   3.3961867E+01  -5.8113279E-01  -2.9926646E+01   7.7287126E+02   6.6253274E+01  -5.4324204E+01  -5.7510682E+01   1.3350380E+01  -6.5867883E+00   5.4897621E+00  -1.2266913E+01  -2.3704083E+01  -3.8342959E-03  -4.1751143E-03  -3.0022251E-06   1.5104345E-02  -8.5979975E-03  -1.2671069E-02   3.7891335E-03   4.7388018E-04   8.5593386E-03   1.1642507E-02   4.2693672E-03   3.4987205E-03   1.8234783E-02   4.2069075E-03   1.1583694E-03  -2.6017250E-03   1.3180715E-03   3.2662345E-02   3.2322501E-01   2.6218096E-04   7.0784969E-04   7.4775069E-05  -3.2889348E-03   2.1230389E-04   6.6699373E-04  -3.2122676E-04   7.3754759E-04  -5.3095509E-03
 -2.0490452E-04   7.1504354E-04  -5.6916450E-05  -4.3345632E-03  -6.0821048E-03  -6.3906270E-03   4.0036337E-04   1.4218638E+00   9.0452680E-01  -3.0810477E+00   6.6253274E+01   5.9846626E+01   3.9996265E+01   1.5746057E+01  -5.0639169E+00  -4.6630179E-01  -1.2157988E+00   3.3924166E+00   3.9431140E+00   3.3730189E-04   3.9057932E-04   4.4483191E-04   5.2387140E-05   4.1211008E-03   1.9808121E-02   1.2282345E-04   8.6256034E-05   6.5232576E-03   4.4376119E-03   3.0267755E-03   3.1494069E-03   5.0377277E-03   5.0234278E-04   2.8822540E-04  -3.6462005E-03  -1.4512863E-03   9.3857199E-03  -1.2894033E-01   3.2359161E-04  -4.8242375E-04   1.2937554E-04   2.2458967E-04  -2.5993202E-04   2.2185215E-04  -1.6834502E-03  -6.5764325E-04  -2.5416629E-03
 -5.6878638E-05   4.1787935E-04  -3.4590038E-05  -1.2134241E-03   1.3572673E-03   1.0474240E-03   4.6592571E-04  -1.3173694E+01   1.6895639E+00   7.7599313E+00  -5.4324204E+01   3.9996265E+01   8.5539568E+01   5.3459864E+01  -1.1968025E+01  -9.9144121E-01  -5.1393634E-01   5.1958205E+00   8.3972011E+00   3.6146139E-04  -1.4902459E-04   2.7635805E-03  -4.6736404E-03   8.5681049E-05  -8.0613882E-03   4.4261088E-04  -4.1127603E-04   4.8263036E-03  -4.0473722E-03  -1.1055542E-04  -5.0476898E-04  -3.8944623E-03  -1.7600745E-04  -9.3145963E-04  -2.6803390E-03   9.3583320E-04   3.1018304E-03  -2.3716118E-01  -7.2402752E-05  -6.1675105E-04   2.9164715E-04   2.9621936E-04  -8.2038136E-04   1.3291022E-03  -6.9141151E-04  -8.6734278E-04  -1.5899999E-03
  1.0788928E-05   3.4135010E-04  -4.7840574E-05  -1.5522201E-04   7.2708065E-03   3.8073377E-03   1.6904586E-03  -5.5127842E+01   6.3529088E-01   5.3068417E+00  -5.7510682E+01   1.5746057E+01   5.3459864E+01   1.0411566E+02  -9.2614122E+00  -6.4404573E-01  -1.2603677E+00   5.6475123E+00   3.3900723E+01   1.7334128E-03   6.1080767E-05  -1.8693824E-03  -4.3666567E-03   7.0750279E-03   1.1558949E-03   5.1573964E-04  -1.4025618E-03  -2.6475921E-03  -4.1585068E-03  -8.1014186E-03  -8.8018134E-03   8.9033733E-04  -4.3909359E-04  -1.6588743E-03  -4.4774055E-03   6.6587285E-04   1.1395291E-03  -3.0210591E-01   1.5260946E-04  -6.6990352E-04   1.1852010E-04   2.2805686E-04   3.6166584E-04   9.5642856E-04  -3.9046749E-04  -8.0716421E-04  -8.6789602E-04
 -3.3817606E-05   5.7626404E-05   4.3000387E-06  -1.1810387E-03  -3.2080867E-03  -2.0856607E-03  -8.6757911E-05  -2.4515656E-01   4.4707920E-02  -2.7172411E+00   1.3350380E+01  -5.0639169E+00  -1.1968025E+01  -9.2614122E+00   5.9068029E+00   1.2780378E-01  -2.2412151E-01  -2.1207259E+00  -2.4050947E+00   4.2010355E-04  -1.9523742E-04   4.4227871E-05   1.1216071E-03   1.7631363E-03   5.8420266E-03  -7.1999520E-05  -8.5738789E-06   2.6412230E-03   2.0084632E-03   1.5322676E-03   2.5191239E-03   2.6384413E-03   5.2035847E-05   5.2521975E-04   5.0102915E-04   2.8270207E-04  -5.4306470E-04   4.1548933E-02  -7.5725868E-05   1.0300482E-04   4.6112933E-05   4.8875548E-05   6.7147604E-05  -3.8774607E-05   3.0336240E-04   1.1056150E-04   1.5023650E-05
  3.1383407E-06  -3.4649278E-05   1.3386345E-06  -9.8566517E-05  -5.4507425E-04   3.6058297E-04   1.4401130E-05   1.3236739E-01  -1.0792859E-02  -2.0752078E-01  -6.5867883E+00  -4.6630179E-01  -9.9144121E-01  -6.4404573E-01   1.2780378E-01   3.2821141E+00   5.1385565E-01   1.1757458E-01   7.6357585E-02  -9.6861075E-04   4.1844523E-04   6.4974035E-04   2.0565387E-04  -8.6169080E-04  -1.9958607E-04   1.7421779E-04   3.6518809E-06   6.8478691E-04   5.4537472E-04   1.1250933E-03   2.6689693E-04   1.4542118E-03   3.8777488E-04  -7.9684691E-05   1.7135035E-04   2.1403997E-04   3.8122892E-04   6.3482590E-02  -6.0877776E-05  -3.3846781E-05  -5.1888218E-05  -9.1290037E-05   4.7158824E-05  -3.9933615E-04  -1.2654759E-04  -7.4723289E-05   1.9018364E-04
 -7.8987634E-06  -1.9759573E-05   2.8893993E-06  -1.5845391E-04  -1.0614442E-03  -2.6628707E-04  -5.8218497E-05   6.1564412E-01   1.3195576E-02   1.6343686E-01   5.4897621E+00  -1.2157988E+00  -5.1393634E-01  -1.2603677E+00  -2.2412151E-01   5.1385565E-01   3.1489046E+00   2.7120958E+00   2.6724237E+00  -2.4918567E-04  -4.8062150E-04  -4.8332994E-04   3.9012714E-04  -6.6314648E-04   1.0947583E-03  -1.7862247E-04  -2.9380853E-05   1.7037926E-03   9.0499413E-04   1.4123456E-03   7.5874163E-04   1.0203085E-03   3.1131008E-04   4.3912485E-05   1.6151635E-04   1.4031297E-04  -9.4041601E-04  -1.4896847E-02  -8.5750126E-05   7.9328635E-05   1.4674306E-04  -9.4068176E-05  -6.5646870E-05  -6.9808129E-06   5.0016257E-05   1.0948007E-04   3.4048257E-04
 -6.2932149E-06  -4.4990866E-05  -1.3293602E-05  -2.5338011E-04  -1.3366902E-03  -9.7123417E-05  -7.8075411E-05  -5.9176281E+00   1.1619378E-01   2.6648551E+00  -1.2266913E+01   3.3924166E+00   5.1958205E+00   5.6475123E+00  -2.1207259E+00   1.1757458E-01   2.7120958E+00   1.0864297E+01   1.9412220E+01   6.4305209E-05   1.2308729E-04  -2.0268567E-03  -1.0746674E-03  -2.6275994E-04   1.3974640E-02  -2.2234158E-05   4.1841339E-04   9.1933417E-04   2.3884856E-03   1.8160014E-03   2.4932515E-03   1.5631816E-03   2.4380803E-05   1.9705642E-04   4.5424813E-04   2.6235036E-04   3.9705514E-03   8.3960759E-03  -2.1950593E-05  -5.0674040E-05   4.7156734E-04   2.6248906E-05   4.2710467E-05  -2.1921753E-04  -1.0286599E-06   2.0634807E-04   9.1629771E-04
  2.2968350E-05  -9.2010700E-05  -2.8417863E-05  -1.0152114E-04   1.0564262E-03   1.6327662E-03   8.0184197E-04  -3.3709191E+01   1.4763972E-01   3.3272416E+00  -2.3704083E+01   3.9431140E+00   8.3972011E+00   3.3900723E+01  -2.4050947E+00   7.6357585E-02   2.6724237E+00   1.9412220E+01   5.4169957E+01  -1.9658222E-04  -6.6615802E-04  -3.5642545E-03  -2.4826488E-03   2.9701789E-04   2.2569891E-02   7.4754598E-05   9.3680782E-04   4.6553013E-04   3.3296453E-03  -5.8427790E-04   2.5337157E-03   1.6649139E-03   4.2819393E-04   3.1236106E-04  -3.2873934E-05   4.2808038E-05   1.2279710E-02   3.4802052E-02   1.9145836E-05  -2.7730704E-04   9.0178932E-04   1.4036342E-04   5.4261456E-04  -8.3738890E-04   5.8594451E-04   5.4706749E-04   2.0810375E-03
  2.2609993E-08  -7.5458465E-08   7.3481717E-08  -1.1895331E-06  -2.3504742E-06   9.3173485E-08  -1.8568693E-07  -1.0599117E-03   6.7084174E-06  -5.6965604E-05  -3.8342959E-03   3.3730189E-04   3.6146139E-04   1.7334128E-03   4.2010355E-04  -9.6861075E-04  -2.4918567E-04   6.4305209E-05  -1.9658222E-04   1.4736214E-03   2.7698137E-04   8.3582567E-05  -3.7231548E-04  -1.0785696E-04  -9.7115864E-05   2.7937138E-08  -3.4608378E-08   2.3130134E-05   2.2181887E-05   1.1853259E-05   2.0239178E-05  -2.6907336E-05   9.9094408E-06   6.0167032E-06  -7.9847182E-06  -3.3582346E-06   9.1424940E-05   1.7998764E-05   3.1913287E-06  -1.1620867E-06  -5.6799865E-07   4.3710573E-06  -1.3903833E-06   3.6330298E-06   5.1803707E-06   5.9752314E-06   7.7618912E-06
 -3.4737915E-08   2.4928796E-08  -7.3566644E-09   9.0109607E-07   6.9506740E-07   9.9095592E-07  -3.6286082E-07   7.3363355E-04  -2.6753741E-05   1.5717276E-04  -4.1751143E-03   3.9057932E-04  -1.4902459E-04   6.1080767E-05  -1.9523742E-04   4.1844523E-04  -4.8062150E-04   1.2308729E-04  -6.6615802E-04   2.7698137E-04   8.6106030E-04   3.6557787E-05   7.2818321E-04   5.9417786E-05  -6.1209257E-04  -1.1354207E-07   6.6343577E-08   1.1200800E-06   3.4477784E-06  -1.1036048E-05  -2.4986879E-06   1.1375320E-05  -5.2173511E-06  -1.4079134E-06   2.3109044E-06   8.0218897E-06   4.0058157E-05  -2.0162827E-04  -2.4279531E-07  -7.4812772E-07   5.9799857E-08  -2.8461382E-06  -8.3189296E-07   7.6730397E-06   1.9150696E-06   1.3185525E-06   2.8953429E-07
 -1.5508360E-07  -2.7925189E-07   7.9133802E-08   4.4434695E-06   3.1484322E-06  -6.7171761E-07  -2.4835951E-06   2.2761139E-03  -8.2390300E-05   6.8966772E-04  -3.0022251E-06   4.4483191E-04   2.7635805E-03  -1.8693824E-03   4.4227871E-05   6.4974035E-04  -4.8332994E-04  -2.0268567E-03  -3.5642545E-03   8.3582567E-05   3.6557787E-05   7.1314555E-03  -2.9416848E-04   6.5345066E-04   4.4604007E-03   4.2659530E-07  -2.7330936E-07  -2.3723612E-05  -3.2232184E-05  -6.3822379E-06   6.5508086E-05   4.6561559E-06  -1.5936828E-06   7.0711779E-06  -1.1631043E-05   4.7422810E-06   7.8006272E-08  -1.3744820E-03  -1.9484229E-06  -7.9665485E-07   2.2976188E-06   1.9183488E-06  -4.1838248E-06  -1.0847681E-06   9.2816521E-06   9.6235182E-06  -3.4975830E-06
 -2.5158687E-07   1.4732707E-06  -2.4965565E-07  -3.7016344E-06  -7.5229028E-06  -4.7982141E-06  -1.4187261E-06   3.6486113E-03  -1.4541774E-04  -1.1893392E-03   1.5104345E-02   5.2387140E-05  -4.6736404E-03  -4.3666567E-03   1.1216071E-03   2.0565387E-04   3.9012714E-04  -1.0746674E-03  -2.4826488E-03  -3.7231548E-04   7.2818321E-04  -2.9416848E-04   2.9025356E-03   5.5792071E-04  -9.2266565E-04  -5.3568003E-08   4.2870352E-07  -1.9701121E-06  -1.2211762E-05  -6.5235704E-06  -4.0590250E-05   4.9742745E-05  -1.6705706E-05  -9.3698146E-06   2.0716318E-06  -2.0553359E-06   3.7307339E-06   4.7206642E-05  -6.4312620E-07  -1.7496751E-06  -2.1648541E-07  -7.0297983E-06   2.9656646E-06   8.2765718E-06  -2.8988087E-06   2.6519457E-06  -7.8269074E-06
 -5.4284578E-07   2.3297183E-06  -2.4296114E-07  -5.2040492E-06  -1.1008804E-05  -5.8592638E-06  -2.3261551E-06  -3.5481044E-03   3.9501187E-05  -1.0026966E-03  -8.5979975E-03   4.1211008E-03   8.5681049E-05   7.0750279E-03   1.7631363E-03  -8.6169080E-04  -6.6314648E-04  -2.6275994E-04   2.9701789E-04  -1.0785696E-04   5.9417786E-05   6.5345066E-04   5.5792071E-04   6.4314794E-03   8.0347561E-03  -1.1778912E-07   2.0011300E-07  -2.0442207E-05  -6.5015885E-06   7.7771021E-06   6.3465543E-05   1.8952887E-05  -1.9805625E-05   2.3150638E-06  -6.5838278E-06  -8.5149430E-07   1.2596686E-04  -6.0034264E-04  -4.3906285E-06   3.6349429E-06  -2.5373936E-06   8.2536325E-06  -7.4550108E-07   2.3358202E-06   9.4820528E-08   9.8305358E-07  -1.7289443E-05
 -2.4155566E-06   1.3197860E-05  -2.2525374E-06  -2.8810524E-05  -2.7533778E-05  -3.4835448E-05   3.8269103E-06  -7.8391971E-04   4.1150269E-05  -2.8642182E-03  -1.2671069E-02   1.9808121E-02  -8.0613882E-03   1.1558949E-03   5.8420266E-03  -1.9958607E-04   1.0947583E-03   1.3974640E-02   2.2569891E-02  -9.7115864E-05  -6.1209257E-04   4.4604007E-03  -9.2266565E-04   8.0347561E-03   7.1792563E-02  -9.4210283E-07   2.1199896E-07  -6.4689817E-05   1.1539561E-04   1.3716050E-04   1.0564889E-04   4.7481004E-05   6.9526920E-06   2.5488269E-05  -5.5827347E-05  -2.4223727E-05   1.8207480E-04  -8.4197483E-03  -1.0309623E-05   1.2961501E-05  -2.0082390E-05   1.9871177E-05  -1.1833678E-05  -6.3733488E-06  -8.9337917E-06  -2.7600291E-06  -8.9106856E-05
  1.6358967E-09   7.1323865E-09   3.4332365E-11  -2.9360647E-08   1.0175972E-07  -1.1584289E-07  -3.8568226E-09  -2.3103659E-04   3.8341516E-06   1.0657905E-04   3.7891335E-03   1.2282345E-04   4.4261088E-04   5.1573964E-04  -7.1999520E-05   1.7421779E-04  -1.7862247E-04  -2.2234158E-05   7.4754598E-05   2.7937138E-08  -1.1354207E-07   4.2659530E-07  -5.3568003E-08  -1.1778912E-07  -9.4210283E-07   3.7811694E-07  -4.9383613E-09  -3.6422632E-07  -4.5942618E-07  -2.2310241E-07  -4.4590418E-07   3.8892279E-07   2.2323774E-08   1.3798574E-08   8.9034100E-10   1.8840138E-08   8.0701435E-07   6.5152604E-06  -1.7150509E-09  -3.8577348E-08  -1.7655991E-08  -1.2502733E-07  -8.1219569E-08  -2.1753939E-08   2.6653368E-08   1.0131733E-08  -1.1851328E-07
 -1.0028115E-09  -7.8099496E-09   1.8907293E-10  -7.0359377E-08  -1.9411243E-07  -2.7532261E-08  -3.8784209E-09   7.6017572E-04  -3.6486349E-06  -3.1822220E-05   4.7388018E-04   8.6256034E-05  -4.1127603E-04  -1.4025618E-03  -8.5738789E-06   3.6518809E-06  -2.9380853E-05   4.1841339E-04   9.3680782E-04  -3.4608378E-08   6.6343577E-08  -2.7330936E-07   4.2870352E-07   2.0011300E-07   2.1199896E-07  -4.9383613E-09   3.9348640E-07   2.8919178E-07   3.2844186E-07   9.6544114E-08   4.8326751E-07  -2.8368878E-07   2.1766272E-08   1.3395686E-08   5.4734762E-08  -2.7913042E-08   5.1248706E-07   5.0104711E-06   4.8123206E-09   1.2361314E-08   4.8197396E-10   9.2664356E-09   9.9013034E-09   1.4451107E-08   2.7662818E-08   9.3462410E-08   1.8540863E-08
 -4.5255924E-07   3.9082811E-06  -8.3705362E-07  -8.6695675E-05  -1.8134767E-04  -1.1474956E-05  -7.1567507E-06  -5.6996104E-04   2.3624494E-04  -1.4437779E-03   8.5593386E-03   6.5232576E-03   4.8263036E-03  -2.6475921E-03   2.6412230E-03   6.8478691E-04   1.7037926E-03   9.1933417E-04   4.6553013E-04   2.3130134E-05   1.1200800E-06  -2.3723612E-05  -1.9701121E-06  -2.0442207E-05  -6.4689817E-05  -3.6422632E-07   2.8919178E-07   5.2807297E-03   1.2497641E-04   1.5378506E-04   2.0600836E-04   1.8353213E-04  -5.8392940E-06   2.2762957E-05   9.1924711E-05   4.6990736E-05  -4.3508202E-04   1.0674949E-02   1.4155971E-04   1.5499125E-05   1.0656749E-05   1.3531868E-05   7.1474820E-06  -1.9093755E-06   1.4171003E-06   2.2658630E-05   1.7510360E-05
 -8.4931420E-08  -7.1468431E-07  -3.8774169E-07  -8.3468342E-05  -1.8767826E-04  -3.1241604E-06  -8.4957387E-06  -8.1618268E-04  -9.9696060E-05  -7.0067003E-04   1.1642507E-02   4.4376119E-03  -4.0473722E-03  -4.1585068E-03   2.0084632E-03   5.4537472E-04   9.0499413E-04   2.3884856E-03   3.3296453E-03   2.2181887E-05   3.4477784E-06  -3.2232184E-05  -1.2211762E-05  -6.5015885E-06   1.1539561E-04  -4.5942618E-07   3.2844186E-07   1.2497641E-04   2.7350764E-03   1.6484207E-04   2.2574399E-04   2.0197446E-04  -9.7217594E-06  -6.5802432E-06   6.6219049E-05   6.2477263E-05  -3.6626124E-04   6.3346534E-03   4.6802203E-06   7.4303847E-05   1.4574112E-06   1.2737210E-05   3.7233671E-06  -1.9478207E-05   9.1297491E-06   2.5666741E-05   3.8821054E-05
 -1.0536407E-07  -1.5026496E-06  -2.9666577E-07  -8.8545237E-05  -2.0094691E-04   1.9308995E-06  -8.2651180E-06   3.6359448E-03  -2.5539290E-05   1.6950606E-04   4.2693672E-03   3.0267755E-03  -1.1055542E-04  -8.1014186E-03   1.5322676E-03   1.1250933E-03   1.4123456E-03   1.8160014E-03  -5.8427790E-04   1.1853259E-05  -1.1036048E-05  -6.3822379E-06  -6.5235704E-06   7.7771021E-06   1.3716050E-04  -2.2310241E-07   9.6544114E-08   1.5378506E-04   1.6484207E-04   1.9419139E-03   2.3004736E-04   2.4804533E-04   8.7471894E-06   1.2984710E-05   5.7777537E-05   3.8983837E-05  -2.1756059E-04   2.0083900E-03   1.6629661E-06   2.9724571E-06   6.1027502E-05   6.4957482E-06   4.8510061E-06  -9.3332990E-06   9.1407307E-06   1.9968065E-05   3.8440095E-05
  9.3415360E-09  -2.2415234E-06  -1.4779927E-07  -1.0749691E-04  -2.4718187E-04   3.0668232E-06  -1.1267147E-05   1.4020941E-03   9.6430819E-05  -2.2785051E-04   3.4987205E-03   3.1494069E-03  -5.0476898E-04  -8.8018134E-03   2.5191239E-03   2.6689693E-04   7.5874163E-04   2.4932515E-03   2.5337157E-03   2.0239178E-05  -2.4986879E-06   6.5508086E-05  -4.0590250E-05   6.3465543E-05   1.0564889E-04  -4.4590418E-07   4.8326751E-07   2.0600836E-04   2.2574399E-04   2.3004736E-04   2.6739162E-03   3.1671794E-04   5.9543283E-06   1.0749095E-05   5.2213502E-05   4.3029220E-05  -3.9987460E-04   3.0250305E-04   3.5737526E-06   4.1001896E-06  -1.4226470E-06   1.1434532E-04   5.5310189E-07  -5.7734174E-06   7.3461144E-06   2.8482304E-05   5.4596992E-05
 -2.3859850E-07  -3.7550165E-07  -4.5995839E-07  -1.2401400E-04  -2.7646016E-04  -1.0963204E-06  -1.1950501E-05  -3.2792009E-03  -1.6672869E-04  -9.5018071E-04   1.8234783E-02   5.0377277E-03  -3.8944623E-03   8.9033733E-04   2.6384413E-03   1.4542118E-03   1.0203085E-03   1.5631816E-03   1.6649139E-03  -2.6907336E-05   1.1375320E-05   4.6561559E-06   4.9742745E-05   1.8952887E-05   4.7481004E-05   3.8892279E-07  -2.8368878E-07   1.8353213E-04   2.0197446E-04   2.4804533E-04   3.1671794E-04   5.7900882E-03   5.4179226E-06   3.9208966E-06   4.9371306E-05   3.5130639E-05  -2.7325565E-04  -2.3941206E-03  -8.6105068E-07   3.7246344E-06   1.5810004E-06  -4.8319343E-06   1.3091083E-04   4.5447747E-06   9.7084470E-06   1.5157576E-05   3.7558111E-05
  2.5238296E-08  -3.3434697E-07  -4.9723211E-08   1.4899061E-06   1.1872289E-06   6.0797665E-07  -4.7833108E-07  -2.3932376E-04   3.1258457E-05  -4.1264409E-04   4.2069075E-03   5.0234278E-04  -1.7600745E-04  -4.3909359E-04   5.2035847E-05   3.8777488E-04   3.1131008E-04   2.4380803E-05   4.2819393E-04   9.9094408E-06  -5.2173511E-06  -1.5936828E-06  -1.6705706E-05  -1.9805625E-05   6.9526920E-06   2.2323774E-08   2.1766272E-08  -5.8392940E-06  -9.7217594E-06   8.7471894E-06   5.9543283E-06   5.4179226E-06   5.1917240E-04   1.2167109E-05   3.0339539E-06   5.3517824E-06   5.6292164E-05  -3.3391831E-03  -7.5382922E-07  -2.0891397E-06   5.4643165E-08   2.8607590E-07  -2.3736321E-06  -2.4828891E-05   5.6484280E-06   1.3402157E-06   2.3682315E-07
  3.3327329E-08  -4.6228421E-07  -1.8962920E-08  -1.6216578E-06  -4.5501435E-06   5.3741855E-07  -1.0831609E-07   2.3015019E-04   3.7625688E-05  -4.4322950E-04   1.1583694E-03   2.8822540E-04  -9.3145963E-04  -1.6588743E-03   5.2521975E-04  -7.9684691E-05   4.3912485E-05   1.9705642E-04   3.1236106E-04   6.0167032E-06  -1.4079134E-06   7.0711779E-06  -9.3698146E-06   2.3150638E-06   2.5488269E-05   1.3798574E-08   1.3395686E-08   2.2762957E-05  -6.5802432E-06   1.2984710E-05   1.0749095E-05   3.9208966E-06   1.2167109E-05   5.0087071E-04   1.1633269E-05   3.8094194E-06   2.0049341E-04  -2.9947789E-03  -5.4565318E-07   4.9990895E-08   2.3252022E-06  -6.8609893E-07  -1.1817618E-06   2.1885638E-05  -3.1887180E-05   2.4810899E-06   1.0369562E-06
  3.9013387E-07  -5.3323225E-06   5.8906101E-07  -3.2127494E-06  -2.2647093E-05   1.2633103E-05  -1.5154881E-06   4.0693182E-04   3.0160558E-05   1.5316553E-04  -2.6017250E-03  -3.6462005E-03  -2.6803390E-03  -4.4774055E-03   5.0102915E-04   1.7135035E-04   1.6151635E-04   4.5424813E-04  -3.2873934E-05  -7.9847182E-06   2.3109044E-06  -1.1631043E-05   2.0716318E-06  -6.5838278E-06  -5.5827347E-05   8.9034100E-10   5.4734762E-08   9.1924711E-05   6.6219049E-05   5.7777537E-05   5.2213502E-05   4.9371306E-05   3.0339539E-06   1.1633269E-05   3.9540761E-04   2.8439923E-05   2.1262485E-05   1.7073429E-03  -2.5515164E-06  -6.0366043E-07   2.0762578E-06  -7.9236040E-08   9.4292150E-07   6.9057486E-06   1.3032408E-05  -4.0290306E-05   2.2349604E-05
  2.7200160E-07  -3.8514268E-06   3.6804196E-07  -5.6634005E-06  -2.2046134E-05   8.3484483E-06  -8.1197134E-07  -1.3387994E-03   1.0266594E-04   2.2358067E-04   1.3180715E-03  -1.4512863E-03   9.3583320E-04   6.6587285E-04   2.8270207E-04   2.1403997E-04   1.4031297E-04   2.6235036E-04   4.2808038E-05  -3.3582346E-06   8.0218897E-06   4.7422810E-06  -2.0553359E-06  -8.5149430E-07  -2.4223727E-05   1.8840138E-08  -2.7913042E-08   4.6990736E-05   6.2477263E-05   3.8983837E-05   4.3029220E-05   3.5130639E-05   5.3517824E-06   3.8094194E-06   2.8439923E-05   4.2860355E-04  -9.8170373E-05   1.2216702E-03  -2.0923163E-07   5.2536801E-07   2.6203049E-07   5.1646925E-07  -3.8032025E-07   4.0652740E-06   8.1151843E-06   1.1656999E-05  -8.5148772E-05
 -2.5164340E-08   2.2974522E-06   5.3840800E-08   2.5542868E-05   5.2393809E-05  -3.5610585E-06  -1.6656019E-06  -4.1895314E-03   1.8639665E-04   3.1329110E-04   3.2662345E-02   9.3857199E-03   3.1018304E-03   1.1395291E-03  -5.4306470E-04   3.8122892E-04  -9.4041601E-04   3.9705514E-03   1.2279710E-02   9.1424940E-05   4.0058157E-05   7.8006272E-08   3.7307339E-06   1.2596686E-04   1.8207480E-04   8.0701435E-07   5.1248706E-07  -4.3508202E-04  -3.6626124E-04  -2.1756059E-04  -3.9987460E-04  -2.7325565E-04   5.6292164E-05   2.0049341E-04   2.1262485E-05  -9.8170373E-05   2.8282396E-02   1.3756750E-01  -2.9286200E-05  -5.5982636E-05   4.0655596E-05  -1.4850862E-04  -4.9569942E-05   2.4133864E-04   2.2628379E-04   1.8557592E-04  -2.7336646E-05
  2.4809030E-05  -3.4870689E-04   3.4500357E-05  -2.9028930E-04  -1.4812818E-03   7.7356400E-04  -1.4038818E-05   1.6528448E-02   7.0209388E-04  -6.2790420E-03   3.2322501E-01  -1.2894033E-01  -2.3716118E-01  -3.0210591E-01   4.1548933E-02   6.3482590E-02  -1.4896847E-02   8.3960759E-03   3.4802052E-02   1.7998764E-05  -2.0162827E-04  -1.3744820E-03   4.7206642E-05  -6.0034264E-04  -8.4197483E-03   6.5152604E-06   5.0104711E-06   1.0674949E-02   6.3346534E-03   2.0083900E-03   3.0250305E-04  -2.3941206E-03  -3.3391831E-03  -2.9947789E-03   1.7073429E-03   1.2216702E-03   1.3756750E-01   4.9201520E+00   1.2075602E-03   4.1577154E-04  -5.2045175E-05  -1.0341745E-03  -3.9416150E-04  -1.1837080E-02  -2.9343229E-03   2.4221076E-03   2.2806720E-03
  5.4783463E-09  -1.2820380E-07  -6.6999084E-09   4.9299534E-08  -2.2847600E-07   2.9411186E-07  -1.7147587E-08  -1.7493374E-04   7.1258951E-06  -6.0204852E-05   2.6218096E-04   3.2359161E-04  -7.2402752E-05   1.5260946E-04  -7.5725868E-05  -6.0877776E-05  -8.5750126E-05  -2.1950593E-05   1.9145836E-05   3.1913287E-06  -2.4279531E-07  -1.9484229E-06  -6.4312620E-07  -4.3906285E-06  -1.0309623E-05  -1.7150509E-09   4.8123206E-09   1.4155971E-04   4.6802203E-06   1.6629661E-06   3.5737526E-06  -8.6105068E-07  -7.5382922E-07  -5.4565318E-07  -2.5515164E-06  -2.0923163E-07  -2.9286200E-05   1.2075602E-03   5.5374355E-05  -1.4442134E-07   1.6771707E-07   1.8522754E-07   6.4613218E-07   1.6560982E-06  -7.9456144E-07   1.0155157E-06   6.6950365E-07
  5.8293849E-09  -2.9900800E-07   4.1726396E-09   5.1584838E-07  -2.1210937E-08   6.1336653E-07  -9.9383190E-08   2.8427372E-04  -9.2837572E-06  -1.9390709E-05   7.0784969E-04  -4.8242375E-04  -6.1675105E-04  -6.6990352E-04   1.0300482E-04  -3.3846781E-05   7.9328635E-05  -5.0674040E-05  -2.7730704E-04  -1.1620867E-06  -7.4812772E-07  -7.9665485E-07  -1.7496751E-06   3.6349429E-06   1.2961501E-05  -3.8577348E-08   1.2361314E-08   1.5499125E-05   7.4303847E-05   2.9724571E-06   4.1001896E-06   3.7246344E-06  -2.0891397E-06   4.9990895E-08  -6.0366043E-07   5.2536801E-07  -5.5982636E-05   4.1577154E-04  -1.4442134E-07   4.4051978E-05   5.3502477E-08   6.2765969E-07   4.4806990E-08   3.3260758E-08   3.2619629E-06   1.7051458E-06  -3.0950952E-07
  8.1237567E-09  -9.4581619E-08   3.0573343E-08   3.5979117E-07   9.4671096E-07   2.2306454E-07   1.9320848E-07  -2.9317440E-04   1.1001951E-05   1.0533904E-04   7.4775069E-05   1.2937554E-04   2.9164715E-04   1.1852010E-04   4.6112933E-05  -5.1888218E-05   1.4674306E-04   4.7156734E-04   9.0178932E-04  -5.6799865E-07   5.9799857E-08   2.2976188E-06  -2.1648541E-07  -2.5373936E-06  -2.0082390E-05  -1.7655991E-08   4.8197396E-10   1.0656749E-05   1.4574112E-06   6.1027502E-05  -1.4226470E-06   1.5810004E-06   5.4643165E-08   2.3252022E-06   2.0762578E-06   2.6203049E-07   4.0655596E-05  -5.2045175E-05   1.6771707E-07   5.3502477E-08   4.3020990E-05   1.2540638E-06  -9.5433011E-08   8.1794870E-07   4.5409513E-06   4.1660068E-06  -5.3130743E-07
  2.1265691E-08  -3.2907381E-07   4.0417740E-08   3.1267751E-07  -4.2165364E-07   9.2754690E-07  -1.3022269E-07  -4.4356988E-04   2.5033963E-05  -3.1513555E-06  -3.2889348E-03   2.2458967E-04   2.9621936E-04   2.2805686E-04   4.8875548E-05  -9.1290037E-05  -9.4068176E-05   2.6248906E-05   1.4036342E-04   4.3710573E-06  -2.8461382E-06   1.9183488E-06  -7.0297983E-06   8.2536325E-06   1.9871177E-05  -1.2502733E-07   9.2664356E-09   1.3531868E-05   1.2737210E-05   6.4957482E-06   1.1434532E-04  -4.8319343E-06   2.8607590E-07  -6.8609893E-07  -7.9236040E-08   5.1646925E-07  -1.4850862E-04  -1.0341745E-03   1.8522754E-07   6.2765969E-07   1.2540638E-06   8.1671696E-05   6.6757016E-07   1.0757778E-06   1.7104844E-06   7.3867033E-06   9.5078988E-06
  1.3092111E-08  -1.6089394E-07   3.0052809E-08   3.7260711E-07  -4.3577748E-08   1.2060970E-07  -1.8884272E-07  -5.2154246E-04  -4.3408397E-05  -5.5294317E-05   2.1230389E-04  -2.5993202E-04  -8.2038136E-04   3.6166584E-04   6.7147604E-05   4.7158824E-05  -6.5646870E-05   4.2710467E-05   5.4261456E-04  -1.3903833E-06  -8.3189296E-07  -4.1838248E-06   2.9656646E-06  -7.4550108E-07  -1.1833678E-05  -8.1219569E-08   9.9013034E-09   7.1474820E-06   3.7233671E-06   4.8510061E-06   5.5310189E-07   1.3091083E-04  -2.3736321E-06  -1.1817618E-06   9.4292150E-07  -3.8032025E-07  -4.9569942E-05  -3.9416150E-04   6.4613218E-07   4.4806990E-08  -9.5433011E-08   6.6757016E-07   9.7431758E-05   3.1570026E-07   9.0720936E-07  -1.2989941E-06   1.1232884E-05
 -1.3690406E-08   5.1115329E-07  -3.8672626E-08   1.7298234E-06   4.4021692E-06  -1.0572457E-06  -1.2280342E-07   1.3362553E-05   3.2460264E-05   1.8025728E-05   6.6699373E-04   2.2185215E-04   1.3291022E-03   9.5642856E-04  -3.8774607E-05  -3.9933615E-04  -6.9808129E-06  -2.1921753E-04  -8.3738890E-04   3.6330298E-06   7.6730397E-06  -1.0847681E-06   8.2765718E-06   2.3358202E-06  -6.3733488E-06  -2.1753939E-08   1.4451107E-08  -1.9093755E-06  -1.9478207E-05  -9.3332990E-06  -5.7734174E-06   4.5447747E-06  -2.4828891E-05   2.1885638E-05   6.9057486E-06   4.0652740E-06   2.4133864E-04  -1.1837080E-02   1.6560982E-06   3.3260758E-08   8.1794870E-07   1.0757778E-06   3.1570026E-07   2.0217202E-04   2.4618257E-05   1.1220161E-06  -2.1060133E-06
  7.1238601E-08  -7.4979090E-07   1.0556425E-07  -7.9915604E-07  -3.1033372E-06   1.8505645E-06   7.4585441E-08  -6.3971314E-04   1.4905299E-05   1.1033530E-04  -3.2122676E-04  -1.6834502E-03  -6.9141151E-04  -3.9046749E-04   3.0336240E-04  -1.2654759E-04   5.0016257E-05  -1.0286599E-06   5.8594451E-04   5.1803707E-06   1.9150696E-06   9.2816521E-06  -2.8988087E-06   9.4820528E-08  -8.9337917E-06   2.6653368E-08   2.7662818E-08   1.4171003E-06   9.1297491E-06   9.1407307E-06   7.3461144E-06   9.7084470E-06   5.6484280E-06  -3.1887180E-05   1.3032408E-05   8.1151843E-06   2.2628379E-04  -2.9343229E-03  -7.9456144E-07   3.2619629E-06   4.5409513E-06   1.7104844E-06   9.0720936E-07   2.4618257E-05   1.1420418E-04   5.8113252E-06   6.6568357E-06
  1.0459108E-07  -1.5141417E-06   1.5403515E-07  -1.8177519E-06  -7.2952999E-06   3.1921142E-06  -2.4172083E-08  -9.2181375E-05   6.6903657E-06  -3.4142428E-05   7.3754759E-04  -6.5764325E-04  -8.6734278E-04  -8.0716421E-04   1.1056150E-04  -7.4723289E-05   1.0948007E-04   2.0634807E-04   5.4706749E-04   5.9752314E-06   1.3185525E-06   9.6235182E-06   2.6519457E-06   9.8305358E-07  -2.7600291E-06   1.0131733E-08   9.3462410E-08   2.2658630E-05   2.5666741E-05   1.9968065E-05   2.8482304E-05   1.5157576E-05   1.3402157E-06   2.4810899E-06  -4.0290306E-05   1.1656999E-05   1.8557592E-04   2.4221076E-03   1.0155157E-06   1.7051458E-06   4.1660068E-06   7.3867033E-06  -1.2989941E-06   1.1220161E-06   5.8113252E-06   9.2921449E-05   1.5716525E-05
  2.1201603E-07  -2.8988888E-06   3.5375557E-07  -4.0381531E-06  -1.6525437E-05   6.6450298E-06  -5.4116445E-07  -8.5722260E-04  -3.8619167E-05   4.6832596E-04  -5.3095509E-03  -2.5416629E-03  -1.5899999E-03  -8.6789602E-04   1.5023650E-05   1.9018364E-04   3.4048257E-04   9.1629771E-04   2.0810375E-03   7.7618912E-06   2.8953429E-07  -3.4975830E-06  -7.8269074E-06  -1.7289443E-05  -8.9106856E-05  -1.1851328E-07   1.8540863E-08   1.7510360E-05   3.8821054E-05   3.8440095E-05   5.4596992E-05   3.7558111E-05   2.3682315E-07   1.0369562E-06   2.2349604E-05  -8.5148772E-05  -2.7336646E-05   2.2806720E-03   6.6950365E-07  -3.0950952E-07  -5.3130743E-07   9.5078988E-06   1.1232884E-05  -2.1060133E-06   6.6568357E-06   1.5716525E-05   3.2915004E-04
