# omegabh2 omegach2 theta tau Alens logA ns calPlanck acib217 xi asz143 aps100 aps143 aps143217 aps217 aksz kgal100 kgal143 kgal143217 kgal217 galfTE100 galfTE100143 galfTE100217 galfTE143 galfTE143217 galfTE217 cal0 cal2
  2.6848406E-08  -1.6556355E-07   2.3179719E-08   1.7211566E-07   2.9987285E-06   1.6999548E-09   4.3675468E-07  -1.6820124E-08  -8.9216624E-05   1.8789908E-06   2.7282627E-05  -5.1300820E-04  -3.0611727E-04  -1.1670150E-04  -3.8548965E-05  -4.3290668E-05   2.7980671E-06  -1.2020881E-05  -1.7698624E-05  -9.3101161E-06  -1.5680734E-07   2.7532780E-08  -1.5745251E-07  -2.2007735E-07  -3.7586803E-07  -3.7674783E-06   2.9779380E-09  -1.8074174E-09
 -1.6556355E-07   2.3828999E-06  -2.0529160E-07  -6.4799836E-06  -2.9571351E-05  -6.9806378E-06  -6.0066524E-06   1.1512730E-07   2.8426083E-04  -1.2059296E-05  -1.6897803E-04   3.0348589E-03   2.0713725E-03   1.0721803E-03   8.7926438E-04   2.1000888E-04  -6.3577742E-05   5.8964703E-05   7.2995405E-05   1.2418410E-04   1.4427508E-06   5.1644284E-07   3.7709265E-07   2.1207070E-06   3.5141094E-06   2.9589710E-05  -1.5177791E-08   1.0168873E-08
  2.3179719E-08  -2.0529160E-07   9.8420685E-08   5.3447204E-07   2.7995208E-06   6.7551123E-07   5.9043689E-07  -1.9447680E-09  -1.7826961E-05  -7.5231354E-07   2.3700559E-05  -2.8243619E-04  -1.8821503E-04  -9.8461036E-05  -8.4552536E-05  -2.3326632E-05   9.1171787E-07  -1.0514044E-05  -4.5921812E-06   1.0282787E-05  -2.2584253E-07   2.9381755E-08  -5.1356590E-07  -2.7574988E-07   4.7765653E-08  -3.2672610E-06   2.0937842E-09   2.8575796E-09
  1.7211566E-07  -6.4799836E-06   5.3447204E-07   9.6895614E-04  -1.9295696E-03   1.9157322E-03   3.6374318E-05   5.2504724E-07  -4.9380217E-03   1.9495088E-04   2.2077341E-03  -3.1706861E-02  -1.4891595E-02   6.8098802E-04   3.5953277E-03  -3.8768054E-03  -1.6269705E-03   2.1795186E-06   5.4410234E-04   1.8159763E-03  -2.1070366E-05   7.3629872E-06   7.9010921E-06   1.4121747E-05  -1.3759822E-05  -9.5835985E-05  -2.4422067E-07  -1.9782425E-07
  2.9987285E-06  -2.9571351E-05   2.7995208E-06  -1.9295696E-03   5.3119656E-03  -3.9488645E-03   4.1249021E-05  -1.4948146E-05   3.7605215E-04   7.3589000E-06  -1.5537511E-03  -1.5630164E-02  -1.6707265E-02  -2.5349549E-02  -2.8822485E-02   3.5099648E-03   4.8343215E-03  -1.5653980E-03  -4.7638857E-03  -1.0181867E-02   1.5781521E-05  -2.3360304E-05  -6.0990548E-05  -6.4341119E-05  -8.7102904E-05  -4.7715547E-04   4.6500950E-07  -2.1453692E-07
  1.6999548E-09  -6.9806378E-06   6.7551123E-07   1.9157322E-03  -3.9488645E-03   3.8301448E-03   5.5153564E-05   1.3573631E-05  -9.1282921E-03   4.2683282E-04   3.9944577E-03  -5.1289917E-02  -2.1796447E-02   8.1035389E-03   1.5320136E-02  -7.8649853E-03  -3.7070673E-03  -2.6958830E-04   8.1330222E-04   5.2352156E-03  -3.7035333E-05   1.8612953E-05   1.1491914E-05   3.4517103E-05  -2.0620458E-05  -1.0474901E-04  -3.9519803E-07  -4.0372827E-07
  4.3675468E-07  -6.0066524E-06   5.9043689E-07   3.6374318E-05   4.1249021E-05   5.5153564E-05   2.4408195E-05  -6.9408136E-07  -4.6493329E-03   1.2775803E-04   1.2361704E-03  -2.7922997E-02  -1.0050233E-02  -5.2009978E-04   2.4970629E-03  -2.4635148E-03   3.6147067E-04  -4.5826802E-04  -4.2114439E-04   7.6978145E-04  -7.8235905E-06  -1.3898406E-06   2.2333658E-06  -4.2610650E-06  -5.2605773E-06  -5.7131300E-05  -1.1583609E-08  -9.7063827E-08
 -1.6820124E-08   1.1512730E-07  -1.9447680E-09   5.2504724E-07  -1.4948146E-05   1.3573631E-05  -6.9408136E-07   6.0624592E-06   8.5550995E-04   1.6426763E-05  -1.0678870E-06   4.3443742E-03   1.5207442E-03   1.3709118E-03   1.4876079E-03   2.1890768E-05   7.4427902E-06   7.4580014E-05   4.3807085E-05   6.7764364E-04   4.4557215E-07   1.3942789E-06  -1.1503814E-06   5.1364030E-08  -1.7213922E-06   1.3883727E-05  -3.5543821E-09  -1.2113800E-08
 -8.9216624E-05   2.8426083E-04  -1.7826961E-05  -4.9380217E-03   3.7605215E-04  -9.1282921E-03  -4.6493329E-03   8.5550995E-04   4.5026823E+01  -4.0630145E-01  -1.0821332E+00   3.8101556E+01   2.2316632E+00  -1.3367292E+01  -5.5479473E+01  -1.3607413E-01   3.9314120E-01   4.5774887E-01  -6.1051117E+00  -3.3972811E+01   9.3203748E-04  -9.4675582E-04   3.5072466E-03  -4.3125528E-03   1.7823295E-03   1.9060621E-02  -2.1287605E-04   6.8523307E-04
  1.8789908E-06  -1.2059296E-05  -7.5231354E-07   1.9495088E-04   7.3589000E-06   4.2683282E-04   1.2775803E-04   1.6426763E-05  -4.0630145E-01   8.1534502E-02  -4.3068959E-02  -5.6464010E-01   9.4067348E-01   1.7242095E+00   6.7839908E-01   3.6171178E-02  -1.1213100E-02   1.2235063E-02   1.1758341E-01   1.7138472E-01  -2.3107575E-04  -4.9825387E-06   3.8652793E-04   3.4901811E-05  -1.9045061E-04   2.0973160E-04   2.5810764E-06  -1.0549038E-06
  2.7282627E-05  -1.6897803E-04   2.3700559E-05   2.2077341E-03  -1.5537511E-03   3.9944577E-03   1.2361704E-03  -1.0678870E-06  -1.0821332E+00  -4.3068959E-02   3.8043843E+00  -3.0645086E+01  -3.6793516E+00   7.2298795E+00   5.2904737E+00  -2.5324774E+00  -2.0924996E-01   1.3492077E-01   2.5806639E+00   3.2875218E+00   2.9132852E-04   4.0946738E-04  -2.7497329E-03   2.6811903E-03   2.2112372E-03  -4.3906891E-03   1.1228988E-04  -5.1969960E-05
 -5.1300820E-04   3.0348589E-03  -2.8243619E-04  -3.1706861E-02  -1.5630164E-02  -5.1289917E-02  -2.7922997E-02   4.3443742E-03   3.8101556E+01  -5.6464010E-01  -3.0645086E+01   7.8443962E+02   7.4488543E+01  -5.1862612E+01  -6.0027337E+01   1.2211605E+01  -6.0043243E+00   5.8321252E+00  -1.2262436E+01  -2.4745572E+01  -6.4862288E-03  -6.7851443E-03   2.8155426E-02  -2.9198766E-02  -8.0140513E-03   5.6887058E-02   3.5869738E-03   6.2896630E-04
 -3.0611727E-04   2.0713725E-03  -1.8821503E-04  -1.4891595E-02  -1.6707265E-02  -2.1796447E-02  -1.0050233E-02   1.5207442E-03   2.2316632E+00   9.4067348E-01  -3.6793516E+00   7.4488543E+01   6.2583916E+01   4.0708755E+01   1.5179004E+01  -4.4634621E+00  -4.6161505E-01  -1.3003176E+00   3.2267455E+00   3.8983018E+00  -4.6900956E-03  -2.3588380E-04   4.3041702E-03   6.9844235E-04   4.8563197E-03   5.1285706E-02   5.1267132E-05   8.5009072E-05
 -1.1670150E-04   1.0721803E-03  -9.8461036E-05   6.8098802E-04  -2.5349549E-02   8.1035389E-03  -5.2009978E-04   1.3709118E-03  -1.3367292E+01   1.7242095E+00   7.2298795E+00  -5.1862612E+01   4.0708755E+01   8.5495087E+01   5.3703047E+01  -1.1016298E+01  -9.6585757E-01  -6.0347695E-01   4.6809183E+00   8.1507740E+00  -8.2007023E-03  -2.3682234E-03  -3.3609547E-03   6.9813204E-03   1.1861960E-02   3.2923315E-02   3.8766062E-04  -3.8396778E-04
 -3.8548965E-05   8.7926438E-04  -8.4552536E-05   3.5953277E-03  -2.8822485E-02   1.5320136E-02   2.4970629E-03   1.4876079E-03  -5.5479473E+01   6.7839908E-01   5.2904737E+00  -6.0027337E+01   1.5179004E+01   5.3703047E+01   1.0431865E+02  -8.5571505E+00  -8.9072938E-01  -1.1270882E+00   5.4305405E+00   3.3599308E+01  -3.1591034E-03  -1.8284692E-03  -1.2562998E-02   8.3504236E-03   1.0272383E-02   9.2388690E-03   4.7774261E-04  -1.3317745E-03
 -4.3290668E-05   2.1000888E-04  -2.3326632E-05  -3.8768054E-03   3.5099648E-03  -7.8649853E-03  -2.4635148E-03   2.1890768E-05  -1.3607413E-01   3.6171178E-02  -2.5324774E+00   1.2211605E+01  -4.4634621E+00  -1.1016298E+01  -8.5571505E+00   5.4115578E+00   1.0650558E-01  -1.8204187E-01  -1.8846281E+00  -1.9757939E+00   1.5441077E-03   5.8972471E-04   1.6049384E-03  -1.0808172E-03  -4.0300101E-03  -1.9883691E-03  -8.8747966E-05   3.1053653E-05
  2.7980671E-06  -6.3577742E-05   9.1171787E-07  -1.6269705E-03   4.8343215E-03  -3.7070673E-03   3.6147067E-04   7.4427902E-06   3.9314120E-01  -1.1213100E-02  -2.0924996E-01  -6.0043243E+00  -4.6161505E-01  -9.6585757E-01  -8.9072938E-01   1.0650558E-01   3.3126187E+00   5.9069771E-01   1.4973339E-01  -4.5182375E-02   1.2598876E-03   6.8684474E-04  -9.8244776E-04  -1.4152964E-03  -6.5937511E-04   1.2279594E-03   1.5917679E-04  -1.3742894E-05
 -1.2020881E-05   5.8964703E-05  -1.0514044E-05   2.1795186E-06  -1.5653980E-03  -2.6958830E-04  -4.5826802E-04   7.4580014E-05   4.5774887E-01   1.2235063E-02   1.3492077E-01   5.8321252E+00  -1.3003176E+00  -6.0347695E-01  -1.1270882E+00  -1.8204187E-01   5.9069771E-01   3.1386287E+00   2.6933793E+00   2.8635030E+00   1.6913641E-04  -1.0516013E-04  -1.2135113E-03   2.7980437E-05   1.3125521E-03   2.9374023E-03  -1.6879671E-04  -3.2717883E-05
 -1.7698624E-05   7.2995405E-05  -4.5921812E-06   5.4410234E-04  -4.7638857E-03   8.1330222E-04  -4.2114439E-04   4.3807085E-05  -6.1051117E+00   1.1758341E-01   2.5806639E+00  -1.2262436E+01   3.2267455E+00   4.6809183E+00   5.4305405E+00  -1.8846281E+00   1.4973339E-01   2.6933793E+00   1.0861606E+01   1.9561089E+01   1.5537772E-03   2.8909492E-03  -7.8556144E-04   4.4146174E-03  -1.2358344E-04  -8.7729404E-04  -2.9749849E-05   3.9071272E-04
 -9.3101161E-06   1.2418410E-04   1.0282787E-05   1.8159763E-03  -1.0181867E-02   5.2352156E-03   7.6978145E-04   6.7764364E-04  -3.3972811E+01   1.7138472E-01   3.2875218E+00  -2.4745572E+01   3.8983018E+00   8.1507740E+00   3.3599308E+01  -1.9757939E+00  -4.5182375E-02   2.8635030E+00   1.9561089E+01   5.4414738E+01   1.2080452E-03   5.0580907E-03  -2.4247566E-03   8.5145858E-03  -5.2174582E-03  -6.5166993E-03   6.0731615E-05   9.2495801E-04
 -1.5680734E-07   1.4427508E-06  -2.2584253E-07  -2.1070366E-05   1.5781521E-05  -3.7035333E-05  -7.8235905E-06   4.4557215E-07   9.3203748E-04  -2.3107575E-04   2.9132852E-04  -6.4862288E-03  -4.6900956E-03  -8.2007023E-03  -3.1591034E-03   1.5441077E-03   1.2598876E-03   1.6913641E-04   1.5537772E-03   1.2080452E-03   1.4100798E-03   2.5414826E-04   8.0242721E-05  -3.8722539E-04  -1.1691034E-04  -1.4181541E-04   1.0352503E-08  -1.5430282E-07
  2.7532780E-08   5.1644284E-07   2.9381755E-08   7.3629872E-06  -2.3360304E-05   1.8612953E-05  -1.3898406E-06   1.3942789E-06  -9.4675582E-04  -4.9825387E-06   4.0946738E-04  -6.7851443E-03  -2.3588380E-04  -2.3682234E-03  -1.8284692E-03   5.8972471E-04   6.8684474E-04  -1.0516013E-04   2.8909492E-03   5.0580907E-03   2.5414826E-04   8.6678343E-04   4.3687118E-05   7.1446613E-04   5.9731641E-05  -6.8905456E-04   1.6024343E-08   5.2153316E-08
 -1.5745251E-07   3.7709265E-07  -5.1356590E-07   7.9010921E-06  -6.0990548E-05   1.1491914E-05   2.2333658E-06  -1.1503814E-06   3.5072466E-03   3.8652793E-04  -2.7497329E-03   2.8155426E-02   4.3041702E-03  -3.3609547E-03  -1.2562998E-02   1.6049384E-03  -9.8244776E-04  -1.2135113E-03  -7.8556144E-04  -2.4247566E-03   8.0242721E-05   4.3687118E-05   7.1129743E-03  -2.8346947E-04   6.3297640E-04   4.2284316E-03  -2.4724743E-08  -9.7504133E-09
 -2.2007735E-07   2.1207070E-06  -2.7574988E-07   1.4121747E-05  -6.4341119E-05   3.4517103E-05  -4.2610650E-06   5.1364030E-08  -4.3125528E-03   3.4901811E-05   2.6811903E-03  -2.9198766E-02   6.9844235E-04   6.9813204E-03   8.3504236E-03  -1.0808172E-03  -1.4152964E-03   2.7980437E-05   4.4146174E-03   8.5145858E-03  -3.8722539E-04   7.1446613E-04  -2.8346947E-04   2.9164522E-03   6.0951165E-04  -7.6693705E-04  -6.0414246E-07   5.7529392E-08
 -3.7586803E-07   3.5141094E-06   4.7765653E-08  -1.3759822E-05  -8.7102904E-05  -2.0620458E-05  -5.2605773E-06  -1.7213922E-06   1.7823295E-03  -1.9045061E-04   2.2112372E-03  -8.0140513E-03   4.8563197E-03   1.1861960E-02   1.0272383E-02  -4.0300101E-03  -6.5937511E-04   1.3125521E-03  -1.2358344E-04  -5.2174582E-03  -1.1691034E-04   5.9731641E-05   6.3297640E-04   6.0951165E-04   6.4290651E-03   7.9355442E-03   2.6424839E-07  -1.1053751E-06
 -3.7674783E-06   2.9589710E-05  -3.2672610E-06  -9.5835985E-05  -4.7715547E-04  -1.0474901E-04  -5.7131300E-05   1.3883727E-05   1.9060621E-02   2.0973160E-04  -4.3906891E-03   5.6887058E-02   5.1285706E-02   3.2923315E-02   9.2388690E-03  -1.9883691E-03   1.2279594E-03   2.9374023E-03  -8.7729404E-04  -6.5166993E-03  -1.4181541E-04  -6.8905456E-04   4.2284316E-03  -7.6693705E-04   7.9355442E-03   7.1110956E-02   6.8556091E-07  -7.3788684E-08
  2.9779380E-09  -1.5177791E-08   2.0937842E-09  -2.4422067E-07   4.6500950E-07  -3.9519803E-07  -1.1583609E-08  -3.5543821E-09  -2.1287605E-04   2.5810764E-06   1.1228988E-04   3.5869738E-03   5.1267132E-05   3.8766062E-04   4.7774261E-04  -8.8747966E-05   1.5917679E-04  -1.6879671E-04  -2.9749849E-05   6.0731615E-05   1.0352503E-08   1.6024343E-08  -2.4724743E-08  -6.0414246E-07   2.6424839E-07   6.8556091E-07   3.7076422E-07  -2.3116715E-09
 -1.8074174E-09   1.0168873E-08   2.8575796E-09  -1.9782425E-07  -2.1453692E-07  -4.0372827E-07  -9.7063827E-08  -1.2113800E-08   6.8523307E-04  -1.0549038E-06  -5.1969960E-05   6.2896630E-04   8.5009072E-05  -3.8396778E-04  -1.3317745E-03   3.1053653E-05  -1.3742894E-05  -3.2717883E-05   3.9071272E-04   9.2495801E-04  -1.5430282E-07   5.2153316E-08  -9.7504133E-09   5.7529392E-08  -1.1053751E-06  -7.3788684E-08  -2.3116715E-09   3.8267063E-07
