# omegabh2 omegach2 theta tau omegak logA ns aps100 aps143 aps217 acib143 acib217 asz143 psr cibr ncib xi aksz cal0 cal2 calTE calEE bm_1_1
    0.3355770E-07   -0.1728791E-06    0.2623695E-07    0.4102811E-06   -0.8948039E-06    0.5135191E-06    0.4786258E-06    0.4738800E-05   -0.2879142E-03    0.8647657E-04   -0.2829457E-04   -0.1596350E-03   -0.1050913E-04    0.1550178E-06   -0.3739719E-05   -0.1623825E-05    0.1016288E-05   -0.5818401E-04    0.7022925E-08    0.3899550E-08   -0.1482537E-06   -0.2252163E-06   -0.5028779E-06
   -0.1728791E-06    0.2379013E-05   -0.2154409E-06   -0.4241637E-05    0.5701805E-05   -0.2853131E-05   -0.5466295E-05    0.5000515E-03    0.1449259E-02   -0.2081113E-03   -0.2944204E-04    0.6948531E-03    0.1259314E-03   -0.7720671E-06    0.2213139E-04    0.8298600E-05   -0.1062481E-04    0.2193227E-03   -0.1933382E-07    0.1387432E-06    0.3765253E-06   -0.3809062E-06    0.6056156E-04
    0.2623695E-07   -0.2154409E-06    0.1116851E-06    0.3993682E-06   -0.9482865E-06    0.3931326E-06    0.6275454E-06   -0.3434497E-03   -0.1957197E-03   -0.3476233E-04    0.3537291E-05   -0.4173219E-04    0.1146400E-04   -0.2869471E-06    0.3026724E-06    0.4307026E-06    0.3909151E-06   -0.2306267E-04   -0.7122240E-10   -0.1613775E-08   -0.1181209E-06   -0.8952288E-10   -0.2411713E-05
    0.4102811E-06   -0.4241637E-05    0.3993682E-06    0.1846303E-03    0.5193739E-04    0.3566949E-03    0.1693671E-04    0.6114810E-03   -0.2475282E-02    0.2914204E-02   -0.8303400E-03   -0.3017252E-02   -0.1253627E-02    0.2065683E-04   -0.3970216E-04   -0.4552276E-04    0.7700859E-04   -0.1700714E-02    0.9400000E-07    0.3181713E-06   -0.6025148E-05   -0.4285690E-05   -0.2297660E-03
   -0.8948039E-06    0.5701805E-05   -0.9482865E-06    0.5193739E-04    0.1623546E-03    0.1119904E-03   -0.1480271E-04    0.1741227E-01    0.5980985E-02   -0.6609892E-02    0.2500208E-02    0.7862621E-02    0.1180407E-02    0.2343113E-04    0.1429940E-03    0.8193437E-04   -0.9746381E-04    0.4297313E-02   -0.3511766E-07    0.2546264E-06    0.1328554E-04    0.4777282E-05    0.1412341E-03
    0.5135191E-06   -0.2853131E-05    0.3931326E-06    0.3566949E-03    0.1119904E-03    0.7081347E-03    0.1999566E-04    0.3852892E-02    0.2219253E-02    0.9855903E-02   -0.3587277E-02   -0.5520227E-02   -0.2780744E-02    0.4327455E-04   -0.6513317E-04   -0.4946572E-04    0.1541180E-03   -0.4610107E-02    0.3931939E-06    0.2615023E-05   -0.9234231E-05   -0.5477446E-05    0.1855846E-03
    0.4786258E-06   -0.5466295E-05    0.6275454E-06    0.1693671E-04   -0.1480271E-04    0.1999566E-04    0.2408155E-04   -0.8200835E-02   -0.5023927E-02    0.9857104E-02   -0.1676192E-02   -0.6571655E-02   -0.1167869E-02    0.2670774E-04   -0.1670793E-03   -0.5779687E-04    0.7721764E-04   -0.2917710E-02   -0.5804756E-07    0.3157736E-06   -0.2172489E-05   -0.2321486E-05   -0.2271490E-05
    0.4738800E-05    0.5000515E-03   -0.3434497E-03    0.6114810E-03    0.1741227E-01    0.3852892E-02   -0.8200835E-02    0.2400187E+04    0.1053462E+03   -0.1087925E+03    0.4505925E+02    0.7021813E+02   -0.5656734E+02   -0.8477205E+00   -0.1457775E+01    0.8059075E+00    0.5998436E+00   -0.1463320E+02    0.2010659E-02    0.4388139E-02    0.1008597E-01    0.1647960E-02    0.1212297E+02
   -0.2879142E-03    0.1449259E-02   -0.1957197E-03   -0.2475282E-02    0.5980985E-02    0.2219253E-02   -0.5023927E-02    0.1053462E+03    0.9863693E+02    0.1256534E+02   -0.1093530E+02    0.7515563E+01   -0.7838099E+01   -0.2032080E+00    0.1249965E+00    0.1265076E+00    0.1001388E+01   -0.1213973E+02    0.1484865E-03    0.1013563E-02    0.3784820E-02    0.5749579E-02   -0.5493704E-02
    0.8647657E-04   -0.2081113E-03   -0.3476233E-04    0.2914204E-02   -0.6609892E-02    0.9855903E-02    0.9857104E-02   -0.1087925E+03    0.1256534E+02    0.2525216E+03   -0.1888477E+02   -0.1140974E+03    0.4454893E+01   -0.6448692E-01   -0.9870424E+00   -0.1635376E+01    0.4870983E+00   -0.8518304E+01   -0.1100555E-03   -0.2998632E-02   -0.5579959E-04    0.1603099E-02   -0.9767167E-01
   -0.2829457E-04   -0.2944204E-04    0.3537291E-05   -0.8303400E-03    0.2500208E-02   -0.3587277E-02   -0.1676192E-02    0.4505925E+02   -0.1093530E+02   -0.1888477E+02    0.1538226E+02    0.1166139E+02   -0.1612102E+01    0.3504763E-01   -0.9425269E-01    0.1820634E+00    0.1509108E+00   -0.7253281E+00   -0.1932062E-03   -0.9275774E-03   -0.3759720E-03   -0.1146814E-02   -0.1274485E+00
   -0.1596350E-03    0.6948531E-03   -0.4173219E-04   -0.3017252E-02    0.7862621E-02   -0.5520227E-02   -0.6571655E-02    0.7021813E+02    0.7515563E+01   -0.1140974E+03    0.1166139E+02    0.6240689E+02   -0.1455627E+01    0.8744890E-01    0.4573008E+00    0.9929107E+00   -0.2406119E+00   -0.1990726E+01    0.4745664E-04    0.9317384E-03    0.1675569E-02    0.7921483E-03    0.1711654E+00
   -0.1050913E-04    0.1259314E-03    0.1146400E-04   -0.1253627E-02    0.1180407E-02   -0.2780744E-02   -0.1167869E-02   -0.5656734E+02   -0.7838099E+01    0.4454893E+01   -0.1612102E+01   -0.1455627E+01    0.6775693E+01    0.8186589E-01    0.2347082E+00   -0.8812713E-02   -0.1154720E+00   -0.1896913E+00    0.5446408E-04   -0.9310826E-03   -0.3014650E-03   -0.4134595E-03    0.1692329E+00
    0.1550178E-06   -0.7720671E-06   -0.2869471E-06    0.2065683E-04    0.2343113E-04    0.4327455E-04    0.2670774E-04   -0.8477205E+00   -0.2032080E+00   -0.6448692E-01    0.3504763E-01    0.8744890E-01    0.8186589E-01    0.1181740E-01   -0.5682590E-02    0.4476130E-02    0.6951583E-02   -0.1636891E-01   -0.2980967E-06   -0.1756483E-04    0.1203127E-04    0.1123291E-05    0.2723375E-02
   -0.3739719E-05    0.2213139E-04    0.3026724E-06   -0.3970216E-04    0.1429940E-03   -0.6513317E-04   -0.1670793E-03   -0.1457775E+01    0.1249965E+00   -0.9870424E+00   -0.9425269E-01    0.4573008E+00    0.2347082E+00   -0.5682590E-02    0.5599102E-01   -0.1705929E-02    0.3423359E-02   -0.2525972E-01    0.2903543E-05    0.5531468E-04   -0.3269198E-04   -0.9589343E-05    0.4095641E-02
   -0.1623825E-05    0.8298600E-05    0.4307026E-06   -0.4552276E-04    0.8193437E-04   -0.4946572E-04   -0.5779687E-04    0.8059075E+00    0.1265076E+00   -0.1635376E+01    0.1820634E+00    0.9929107E+00   -0.8812713E-02    0.4476130E-02   -0.1705929E-02    0.2529370E-01   -0.1373752E-02   -0.3132861E-01    0.5746677E-05   -0.6527517E-04    0.4812248E-04    0.3212722E-04    0.9996705E-02
    0.1016288E-05   -0.1062481E-04    0.3909151E-06    0.7700859E-04   -0.9746381E-04    0.1541180E-03    0.7721764E-04    0.5998436E+00    0.1001388E+01    0.4870983E+00    0.1509108E+00   -0.2406119E+00   -0.1154720E+00    0.6951583E-02    0.3423359E-02   -0.1373752E-02    0.8409068E-01    0.3043098E-02    0.4379206E-06   -0.9653076E-05   -0.5218892E-05    0.1639692E-04   -0.2810859E-02
   -0.5818401E-04    0.2193227E-03   -0.2306267E-04   -0.1700714E-02    0.4297313E-02   -0.4610107E-02   -0.2917710E-02   -0.1463320E+02   -0.1213973E+02   -0.8518304E+01   -0.7253281E+00   -0.1990726E+01   -0.1896913E+00   -0.1636891E-01   -0.2525972E-01   -0.3132861E-01    0.3043098E-02    0.7502362E+01    0.3882900E-04    0.6282450E-04    0.9742825E-04   -0.2139253E-03   -0.2667841E-01
    0.7022925E-08   -0.1933382E-07   -0.7122240E-10    0.9400000E-07   -0.3511766E-07    0.3931939E-06   -0.5804756E-07    0.2010659E-02    0.1484865E-03   -0.1100555E-03   -0.1932062E-03    0.4745664E-04    0.5446408E-04   -0.2980967E-06    0.2903543E-05    0.5746677E-05    0.4379206E-06    0.3882900E-04    0.8092482E-06    0.7296410E-07    0.4334157E-07    0.6530887E-07   -0.8891209E-04
    0.3899550E-08    0.1387432E-06   -0.1613775E-08    0.3181713E-06    0.2546264E-06    0.2615023E-05    0.3157736E-06    0.4388139E-02    0.1013563E-02   -0.2998632E-02   -0.9275774E-03    0.9317384E-03   -0.9310826E-03   -0.1756483E-04    0.5531468E-04   -0.6527517E-04   -0.9653076E-05    0.6282450E-04    0.7296410E-07    0.5444771E-05    0.1128082E-05    0.1103950E-05    0.2522701E-03
   -0.1482537E-06    0.3765253E-06   -0.1181209E-06   -0.6025148E-05    0.1328554E-04   -0.9234231E-05   -0.2172489E-05    0.1008597E-01    0.3784820E-02   -0.5579959E-04   -0.3759720E-03    0.1675569E-02   -0.3014650E-03    0.1203127E-04   -0.3269198E-04    0.4812248E-04   -0.5218892E-05    0.9742825E-04    0.4334157E-07    0.1128082E-05    0.2320649E-04    0.8441117E-05    0.3800284E-03
   -0.2252163E-06   -0.3809062E-06   -0.8952288E-10   -0.4285690E-05    0.4777282E-05   -0.5477446E-05   -0.2321486E-05    0.1647960E-02    0.5749579E-02    0.1603099E-02   -0.1146814E-02    0.7921483E-03   -0.4134595E-03    0.1123291E-05   -0.9589343E-05    0.3212722E-04    0.1639692E-04   -0.2139253E-03    0.6530887E-07    0.1103950E-05    0.8441117E-05    0.2107602E-04    0.3596108E-03
   -0.5028779E-06    0.6056156E-04   -0.2411713E-05   -0.2297660E-03    0.1412341E-03    0.1855846E-03   -0.2271490E-05    0.1212297E+02   -0.5493704E-02   -0.9767167E-01   -0.1274485E+00    0.1711654E+00    0.1692329E+00    0.2723375E-02    0.4095641E-02    0.9996705E-02   -0.2810859E-02   -0.2667841E-01   -0.8891209E-04    0.2522701E-03    0.3800284E-03    0.3596108E-03    0.2596726E+00
