# omegabh2 omegach2 theta tau mnu logA ns calPlanck acib217 xi asz143 aps100 aps143 aps143217 aps217 aksz kgal100 kgal143 kgal143217 kgal217 cal0 cal2
    0.7263727E-07   -0.4472729E-06    0.8759226E-07    0.1992053E-05   -0.2230430E-04    0.3137627E-05    0.1368748E-05    0.6488653E-09   -0.3048258E-03    0.2657920E-05    0.7960902E-04   -0.1094738E-02   -0.8001495E-03   -0.3057408E-03   -0.2725129E-04   -0.1143600E-03    0.1089495E-04    0.4841835E-05   -0.2039266E-04    0.5585925E-04    0.1077876E-07   -0.3420029E-07
   -0.4472729E-06    0.6400030E-05   -0.7892605E-06   -0.3993110E-04    0.1376757E-03   -0.6545033E-04   -0.1734433E-04   -0.2626119E-06    0.2021555E-02   -0.1887768E-04   -0.5398401E-03    0.7836502E-02    0.5408609E-02    0.2042871E-02    0.6390787E-04    0.8013356E-03   -0.7388639E-04   -0.1165364E-04    0.2605819E-03   -0.1563281E-03   -0.8140439E-07    0.2746249E-06
    0.8759226E-07   -0.7892605E-06    0.2841741E-06    0.3605725E-05   -0.4498902E-04    0.5852839E-05    0.2502710E-05    0.6187837E-07   -0.2806175E-03    0.6257926E-06    0.6064310E-04   -0.8393204E-03   -0.9052611E-03   -0.5207761E-03   -0.1110796E-03   -0.9597893E-04    0.1577026E-04    0.1066558E-04   -0.9435846E-04   -0.9483481E-04    0.1569454E-07   -0.5790954E-07
    0.1992053E-05   -0.3993110E-04    0.3605725E-05    0.8861800E-03    0.4341969E-02    0.1636323E-02    0.1152477E-03   -0.3483522E-05   -0.1844119E-01    0.3121965E-03    0.5334870E-02   -0.6885279E-01   -0.3646293E-01   -0.3969747E-02    0.8705405E-02   -0.7727083E-02   -0.1514482E-03   -0.1021363E-03   -0.1700760E-02    0.1313777E-02    0.6563090E-09   -0.2507158E-05
   -0.2230430E-04    0.1376757E-03   -0.4498902E-04    0.4341969E-02    0.6023365E-01    0.8651873E-02   -0.4532080E-03    0.8059459E-05    0.6219467E-01    0.1406932E-02   -0.8428391E-02    0.2747253E+00    0.1977091E+00    0.1495773E+00    0.3986457E-01    0.1561382E-01   -0.9561687E-02   -0.1232169E-02    0.2149408E-01    0.1537990E-01   -0.5845006E-05    0.1020266E-04
    0.3137627E-05   -0.6545033E-04    0.5852839E-05    0.1636323E-02    0.8651873E-02    0.3062435E-02    0.1894361E-03    0.4210944E-05   -0.3161645E-01    0.6110025E-03    0.9255131E-02   -0.1127466E+00   -0.5851350E-01   -0.1230749E-02    0.2146118E-01   -0.1407004E-01   -0.5920370E-03   -0.6820361E-03   -0.3136348E-02    0.3467436E-02    0.4077782E-07   -0.4458567E-05
    0.1368748E-05   -0.1734433E-04    0.2502710E-05    0.1152477E-03   -0.4532080E-03    0.1894361E-03    0.5912725E-04    0.4061645E-06   -0.1072878E-01    0.1482317E-03    0.2685610E-02   -0.4520286E-01   -0.2012027E-01   -0.2058562E-02    0.7024410E-02   -0.5081391E-02    0.5686413E-03   -0.1277202E-03   -0.1037496E-02    0.1436381E-02    0.1084931E-06   -0.1171797E-05
    0.6488653E-09   -0.2626119E-06    0.6187837E-07   -0.3483522E-05    0.8059459E-05    0.4210944E-05    0.4061645E-06    0.5991528E-05    0.1241753E-02   -0.6865988E-05   -0.8264549E-04    0.4462556E-02    0.8004180E-03    0.9115691E-04    0.2643408E-03    0.2190740E-03    0.4601807E-04    0.5892748E-04    0.8124451E-04    0.5907184E-03   -0.2564330E-07    0.1524108E-07
   -0.3048258E-03    0.2021555E-02   -0.2806175E-03   -0.1844119E-01    0.6219467E-01   -0.3161645E-01   -0.1072878E-01    0.1241753E-02    0.4997215E+02   -0.5075764E+00   -0.1854317E+01    0.4661370E+02    0.3114579E+01   -0.2021541E+02   -0.6602768E+02    0.3490292E+00   -0.2307785E+00    0.3656326E+00   -0.3600144E+01   -0.2599598E+02   -0.3389977E-03    0.4354824E-02
    0.2657920E-05   -0.1887768E-04    0.6257926E-06    0.3121965E-03    0.1406932E-02    0.6110025E-03    0.1482317E-03   -0.6865988E-05   -0.5075764E+00    0.8185478E-01   -0.5827048E-01   -0.6410661E+00    0.8798477E+00    0.1747300E+01    0.7431340E+00    0.7452388E-01    0.1061935E-01    0.1774673E-02    0.9177391E-01    0.1320425E+00    0.9354672E-05   -0.2009258E-04
    0.7960902E-04   -0.5398401E-03    0.6064310E-04    0.5334870E-02   -0.8428391E-02    0.9255131E-02    0.2685610E-02   -0.8264549E-04   -0.1854317E+01   -0.5827048E-01    0.3763270E+01   -0.2956408E+02   -0.3936503E+01    0.7805682E+01    0.6993083E+01   -0.2901801E+01   -0.1898902E+00    0.9475896E-01    0.2470054E+01    0.2102389E+01    0.1936857E-03   -0.3798203E-03
   -0.1094738E-02    0.7836502E-02   -0.8393204E-03   -0.6885279E-01    0.2747253E+00   -0.1127466E+00   -0.4520286E-01    0.4462556E-02    0.4661370E+02   -0.6410661E+00   -0.2956408E+02    0.7307634E+03    0.6606429E+02   -0.6350698E+02   -0.7757673E+02    0.1616308E+02   -0.7821840E+00    0.2259892E+00   -0.1366271E+02   -0.1941733E+02    0.4503139E-02    0.4991927E-02
   -0.8001495E-03    0.5408609E-02   -0.9052611E-03   -0.3646293E-01    0.1977091E+00   -0.5851350E-01   -0.2012027E-01    0.8004180E-03    0.3114579E+01    0.8798477E+00   -0.3936503E+01    0.6606429E+02    0.6038640E+02    0.4156856E+02    0.1633024E+02   -0.3908423E+01   -0.1781111E+00   -0.1135782E+01    0.3953732E+01    0.4034363E+01    0.8875669E-04    0.5727127E-03
   -0.3057408E-03    0.2042871E-02   -0.5207761E-03   -0.3969747E-02    0.1495773E+00   -0.1230749E-02   -0.2058562E-02    0.9115691E-04   -0.2021541E+02    0.1747300E+01    0.7805682E+01   -0.6350698E+02    0.4156856E+02    0.9302064E+02    0.6619012E+02   -0.1229442E+02   -0.4095467E+00   -0.5998785E+00    0.4897540E+01    0.6697689E+01    0.7530751E-03   -0.2282122E-02
   -0.2725129E-04    0.6390787E-04   -0.1110796E-03    0.8705405E-02    0.3986457E-01    0.2146118E-01    0.7024410E-02    0.2643408E-03   -0.6602768E+02    0.7431340E+00    0.6993083E+01   -0.7757673E+02    0.1633024E+02    0.6619012E+02    0.1257873E+03   -0.1067510E+02   -0.3090090E+00   -0.9751380E+00    0.1540923E+01    0.2289713E+02    0.7088638E-03   -0.7421919E-02
   -0.1143600E-03    0.8013356E-03   -0.9597893E-04   -0.7727083E-02    0.1561382E-01   -0.1407004E-01   -0.5081391E-02    0.2190740E-03    0.3490292E+00    0.7452388E-01   -0.2901801E+01    0.1616308E+02   -0.3908423E+01   -0.1229442E+02   -0.1067510E+02    0.6643785E+01    0.9700454E-01   -0.5057071E-01   -0.2066062E+01   -0.1483146E+01   -0.1237848E-03    0.1609148E-03
    0.1089495E-04   -0.7388639E-04    0.1577026E-04   -0.1514482E-03   -0.9561687E-02   -0.5920370E-03    0.5686413E-03    0.4601807E-04   -0.2307785E+00    0.1061935E-01   -0.1898902E+00   -0.7821840E+00   -0.1781111E+00   -0.4095467E+00   -0.3090090E+00    0.9700454E-01    0.3200855E+01    0.7091306E+00    0.3671348E+00    0.6732812E+00    0.4297908E-03    0.2002971E-04
    0.4841835E-05   -0.1165364E-04    0.1066558E-04   -0.1021363E-03   -0.1232169E-02   -0.6820361E-03   -0.1277202E-03    0.5892748E-04    0.3656326E+00    0.1774673E-02    0.9475896E-01    0.2259892E+00   -0.1135782E+01   -0.5998785E+00   -0.9751380E+00   -0.5057071E-01    0.7091306E+00    0.3099936E+01    0.2539065E+01    0.1693005E+01   -0.4102495E-03   -0.1508587E-03
   -0.2039266E-04    0.2605819E-03   -0.9435846E-04   -0.1700760E-02    0.2149408E-01   -0.3136348E-02   -0.1037496E-02    0.8124451E-04   -0.3600144E+01    0.9177391E-01    0.2470054E+01   -0.1366271E+02    0.3953732E+01    0.4897540E+01    0.1540923E+01   -0.2066062E+01    0.3671348E+00    0.2539065E+01    0.1815253E+02    0.2787741E+02   -0.7028065E-04    0.2463658E-02
    0.5585925E-04   -0.1563281E-03   -0.9483481E-04    0.1313777E-02    0.1537990E-01    0.3467436E-02    0.1436381E-02    0.5907184E-03   -0.2599598E+02    0.1320425E+00    0.2102389E+01   -0.1941733E+02    0.4034363E+01    0.6697689E+01    0.2289713E+02   -0.1483146E+01    0.6732812E+00    0.1693005E+01    0.2787741E+02    0.6287928E+02    0.5556352E-04    0.4412409E-02
    0.1077876E-07   -0.8140439E-07    0.1569454E-07    0.6563090E-09   -0.5845006E-05    0.4077782E-07    0.1084931E-06   -0.2564330E-07   -0.3389977E-03    0.9354672E-05    0.1936857E-03    0.4503139E-02    0.8875669E-04    0.7530751E-03    0.7088638E-03   -0.1237848E-03    0.4297908E-03   -0.4102495E-03   -0.7028065E-04    0.5556352E-04    0.5462763E-06    0.5480576E-08
   -0.3420029E-07    0.2746249E-06   -0.5790954E-07   -0.2507158E-05    0.1020266E-04   -0.4458567E-05   -0.1171797E-05    0.1524108E-07    0.4354824E-02   -0.2009258E-04   -0.3798203E-03    0.4991927E-02    0.5727127E-03   -0.2282122E-02   -0.7421919E-02    0.1609148E-03    0.2002971E-04   -0.1508587E-03    0.2463658E-02    0.4412409E-02    0.5480576E-08    0.2042659E-05
