# omegabh2 omegach2 theta tau nnu logA ns calPlanck acib217 xi asz143 aps100 aps143 aps143217 aps217 aksz kgal100 kgal143 kgal143217 kgal217 cal0 cal2
    0.6203627E-07    0.4565539E-06   -0.2840938E-07    0.1423246E-05    0.3368214E-04    0.4119545E-05    0.1441486E-05    0.2985278E-08   -0.3152657E-04   -0.1367145E-06    0.1048769E-04   -0.6520108E-04   -0.7835267E-04   -0.1569302E-04    0.1547713E-04   -0.4988832E-05    0.6462901E-05    0.1840355E-05   -0.1139681E-04    0.2001839E-05    0.2186528E-08    0.9904791E-09
    0.4565539E-06    0.1611126E-04   -0.1562171E-05    0.4140745E-05    0.9097269E-03    0.4820779E-04    0.2594398E-04   -0.2067315E-06    0.5114022E-02   -0.7962550E-04   -0.1230967E-02    0.2076204E-01    0.1100766E-01    0.2631689E-02   -0.1461539E-02    0.1958621E-02    0.2681129E-03    0.8922835E-04    0.3687000E-03   -0.9271227E-03   -0.5619845E-07    0.5110100E-06
   -0.2840938E-07   -0.1562171E-05    0.3347082E-06   -0.6277649E-07   -0.9284084E-04   -0.3845511E-05   -0.2576336E-05    0.7561538E-08   -0.5404435E-03    0.7575568E-05    0.1279381E-03   -0.2263120E-02   -0.1200537E-02   -0.3233160E-03    0.1034412E-03   -0.1906535E-03   -0.2535466E-04   -0.7300446E-05   -0.4921469E-04    0.9710098E-04    0.6870545E-08   -0.5599737E-07
    0.1423246E-05    0.4140745E-05   -0.6277649E-07    0.3307238E-03    0.6097016E-03    0.6718636E-03    0.5027852E-04   -0.5202156E-06   -0.1247192E-01    0.2500219E-03    0.2260714E-02   -0.4426190E-01   -0.1353413E-01    0.4506913E-02    0.1365999E-01   -0.5273914E-02   -0.1495203E-03   -0.7340447E-03   -0.1531271E-02    0.9527406E-03    0.9853973E-07   -0.1089620E-05
    0.3368214E-04    0.9097269E-03   -0.9284084E-04    0.6097016E-03    0.5726245E-01    0.3492272E-02    0.1869781E-02   -0.6202575E-05    0.3015049E+00   -0.4878566E-02   -0.7241610E-01    0.1250971E+01    0.6515174E+00    0.1528095E+00   -0.8440396E-01    0.1176328E+00    0.1684534E-01    0.6002973E-02    0.1890286E-01   -0.6061138E-01   -0.3047283E-05    0.2941119E-04
    0.4119545E-05    0.4820779E-04   -0.3845511E-05    0.6718636E-03    0.3492272E-02    0.1493696E-02    0.1635114E-03    0.1134824E-04   -0.1216326E-01    0.3379377E-03    0.1457764E-02   -0.2927129E-01    0.1977877E-02    0.1786315E-01    0.2904259E-01   -0.6364767E-02    0.1457559E-03   -0.1782014E-02   -0.2496309E-02    0.1126126E-02    0.3727472E-06   -0.1016033E-05
    0.1441486E-05    0.2594398E-04   -0.2576336E-05    0.5027852E-04    0.1869781E-02    0.1635114E-03    0.8208521E-04   -0.9845975E-07    0.3495562E-02   -0.3840043E-04   -0.9679217E-03    0.1152045E-01    0.1348200E-01    0.7748355E-02    0.4498678E-02    0.8087896E-03    0.8297468E-03    0.1373266E-03    0.1182798E-03   -0.8777171E-03   -0.3199495E-06    0.4144300E-06
    0.2985278E-08   -0.2067315E-06    0.7561538E-08   -0.5202156E-06   -0.6202575E-05    0.1134824E-04   -0.9845975E-07    0.6443383E-05    0.8653460E-03   -0.4482481E-05   -0.1238567E-04    0.4250453E-02    0.4595809E-03    0.2380189E-04    0.9227314E-03    0.7688472E-04    0.1067303E-04    0.1680835E-04    0.5128695E-04    0.7213902E-03    0.1398443E-07   -0.1538811E-07
   -0.3152657E-04    0.5114022E-02   -0.5404435E-03   -0.1247192E-01    0.3015049E+00   -0.1216326E-01    0.3495562E-02    0.8653460E-03    0.5151782E+02   -0.4935983E+00   -0.1988708E+01    0.5067953E+02    0.5514145E+01   -0.1944159E+02   -0.6731956E+02    0.9186945E+00   -0.1348966E+00    0.4918365E+00   -0.2985918E+01   -0.2631273E+02   -0.1791106E-03    0.4591247E-02
   -0.1367145E-06   -0.7962550E-04    0.7575568E-05    0.2500219E-03   -0.4878566E-02    0.3379377E-03   -0.3840043E-04   -0.4482481E-05   -0.4935983E+00    0.8216231E-01   -0.7899650E-01   -0.5009135E+00    0.8685559E+00    0.1645655E+01    0.6966505E+00    0.6561558E-01   -0.1562366E-02    0.3937334E-02    0.6885497E-01    0.8848891E-01    0.3367394E-05   -0.1869419E-04
    0.1048769E-04   -0.1230967E-02    0.1279381E-03    0.2260714E-02   -0.7241610E-01    0.1457764E-02   -0.9679217E-03   -0.1238567E-04   -0.1988708E+01   -0.7899650E-01    0.3983820E+01   -0.3128282E+02   -0.4698427E+01    0.7633896E+01    0.6969144E+01   -0.3054781E+01   -0.2128867E+00    0.9974410E-01    0.2606198E+01    0.2377400E+01    0.2081702E-03   -0.3984945E-03
   -0.6520108E-04    0.2076204E-01   -0.2263120E-02   -0.4426190E-01    0.1250971E+01   -0.2927129E-01    0.1152045E-01    0.4250453E-02    0.5067953E+02   -0.5009135E+00   -0.3128282E+02    0.7539799E+03    0.8463175E+02   -0.5517770E+02   -0.7380595E+02    0.1768456E+02   -0.4405349E+00   -0.2538453E+00   -0.1385443E+02   -0.2302346E+02    0.4598843E-02    0.4918537E-02
   -0.7835267E-04    0.1100766E-01   -0.1200537E-02   -0.1353413E-01    0.6515174E+00    0.1977877E-02    0.1348200E-01    0.4595809E-03    0.5514145E+01    0.8685559E+00   -0.4698427E+01    0.8463175E+02    0.6639187E+02    0.4218165E+02    0.1529172E+02   -0.3008516E+01   -0.1445672E+00   -0.1068874E+01    0.3727314E+01    0.2270400E+01    0.1918139E-03    0.6190162E-03
   -0.1569302E-04    0.2631689E-02   -0.3233160E-03    0.4506913E-02    0.1528095E+00    0.1786315E-01    0.7748355E-02    0.2380189E-04   -0.1944159E+02    0.1645655E+01    0.7633896E+01   -0.5517770E+02    0.4218165E+02    0.9028517E+02    0.6483300E+02   -0.1216058E+02   -0.5653555E+00   -0.3986254E+00    0.4784829E+01    0.5981331E+01    0.7297204E-03   -0.2355877E-02
    0.1547713E-04   -0.1461539E-02    0.1034412E-03    0.1365999E-01   -0.8440396E-01    0.2904259E-01    0.4498678E-02    0.9227314E-03   -0.6731956E+02    0.6966505E+00    0.6969144E+01   -0.7380595E+02    0.1529172E+02    0.6483300E+02    0.1266651E+03   -0.1089790E+02   -0.2261071E+00   -0.8146101E+00    0.1103565E+01    0.2347587E+02    0.6248007E-03   -0.7680324E-02
   -0.4988832E-05    0.1958621E-02   -0.1906535E-03   -0.5273914E-02    0.1176328E+00   -0.6364767E-02    0.8087896E-03    0.7688472E-04    0.9186945E+00    0.6561558E-01   -0.3054781E+01    0.1768456E+02   -0.3008516E+01   -0.1216058E+02   -0.1089790E+02    0.6791061E+01    0.1413155E+00   -0.8902589E-01   -0.2096348E+01   -0.1673977E+01   -0.1627726E-03    0.2280783E-03
    0.6462901E-05    0.2681129E-03   -0.2535466E-04   -0.1495203E-03    0.1684534E-01    0.1457559E-03    0.8297468E-03    0.1067303E-04   -0.1348966E+00   -0.1562366E-02   -0.2128867E+00   -0.4405349E+00   -0.1445672E+00   -0.5653555E+00   -0.2261071E+00    0.1413155E+00    0.3241091E+01    0.6990567E+00    0.3332347E+00    0.6633206E+00    0.4120229E-03    0.1871468E-04
    0.1840355E-05    0.8922835E-04   -0.7300446E-05   -0.7340447E-03    0.6002973E-02   -0.1782014E-02    0.1373266E-03    0.1680835E-04    0.4918365E+00    0.3937334E-02    0.9974410E-01   -0.2538453E+00   -0.1068874E+01   -0.3986254E+00   -0.8146101E+00   -0.8902589E-01    0.6990567E+00    0.3095376E+01    0.2404243E+01    0.1314810E+01   -0.4118940E-03   -0.1814272E-03
   -0.1139681E-04    0.3687000E-03   -0.4921469E-04   -0.1531271E-02    0.1890286E-01   -0.2496309E-02    0.1182798E-03    0.5128695E-04   -0.2985918E+01    0.6885497E-01    0.2606198E+01   -0.1385443E+02    0.3727314E+01    0.4784829E+01    0.1103565E+01   -0.2096348E+01    0.3332347E+00    0.2404243E+01    0.1801367E+02    0.2747860E+02   -0.4386066E-05    0.2458350E-02
    0.2001839E-05   -0.9271227E-03    0.9710098E-04    0.9527406E-03   -0.6061138E-01    0.1126126E-02   -0.8777171E-03    0.7213902E-03   -0.2631273E+02    0.8848891E-01    0.2377400E+01   -0.2302346E+02    0.2270400E+01    0.5981331E+01    0.2347587E+02   -0.1673977E+01    0.6633206E+00    0.1314810E+01    0.2747860E+02    0.6300695E+02    0.7974824E-04    0.4308080E-02
    0.2186528E-08   -0.5619845E-07    0.6870545E-08    0.9853973E-07   -0.3047283E-05    0.3727472E-06   -0.3199495E-06    0.1398443E-07   -0.1791106E-03    0.3367394E-05    0.2081702E-03    0.4598843E-02    0.1918139E-03    0.7297204E-03    0.6248007E-03   -0.1627726E-03    0.4120229E-03   -0.4118940E-03   -0.4386066E-05    0.7974824E-04    0.5414781E-06    0.1316586E-07
    0.9904791E-09    0.5110100E-06   -0.5599737E-07   -0.1089620E-05    0.2941119E-04   -0.1016033E-05    0.4144300E-06   -0.1538811E-07    0.4591247E-02   -0.1869419E-04   -0.3984945E-03    0.4918537E-02    0.6190162E-03   -0.2355877E-02   -0.7680324E-02    0.2280783E-03    0.1871468E-04   -0.1814272E-03    0.2458350E-02    0.4308080E-02    0.1316586E-07    0.2081858E-05
