# omegabh2 omegach2 theta tau ns nrun logA aps100 aps143 aps217 acib143 acib217 asz143 psr cibr cal0 cal2 xi aksz bm_1_1
2.774600E-07 -1.205200E-06 2.312400E-07 2.568700E-05 4.879200E-06 -6.810000E-06 4.972200E-05 -2.058000E-03 -6.504000E-04 -4.120700E-04 -1.956600E-04 -3.212400E-04 -1.268446E-05 -4.578000E-07 -6.213500E-06 9.042600E-10 -2.053500E-08 2.256500E-06 -1.316420E-04 -3.164700E-05
-1.205200E-06 9.679800E-06 -1.266500E-06 -1.326600E-04 -3.253100E-05 2.751500E-05 -2.455700E-04 1.282800E-02 3.334200E-03 1.607500E-03 8.031200E-04 1.795600E-03 2.708973E-04 2.189800E-06 4.123300E-05 1.219900E-10 1.163200E-07 -1.504300E-05 6.191891E-04 2.909800E-04
2.312400E-07 -1.266500E-06 5.145000E-07 2.223600E-05 5.138100E-06 -5.057500E-06 4.252500E-05 -1.216400E-03 -5.130000E-04 -2.051800E-04 -9.534000E-05 -2.708200E-04 -4.131370E-05 -3.091600E-07 -6.203900E-06 2.325500E-09 -4.465900E-09 6.675400E-06 -1.102289E-04 -2.666700E-05
2.568700E-05 -1.326600E-04 2.223600E-05 3.400400E-03 5.587700E-04 -8.056400E-04 6.593500E-03 -1.461100E-01 -2.877900E-02 -1.661700E-03 -1.931300E-02 -4.239300E-02 -1.119099E-02 -4.004300E-05 -1.188700E-03 -7.692600E-08 -1.668700E-06 2.934200E-04 -1.487025E-02 -2.841800E-03
4.879200E-06 -3.253100E-05 5.138100E-06 5.587700E-04 1.392900E-04 -1.104900E-04 1.051600E-03 -5.767800E-02 -4.210000E-03 8.899900E-03 -9.437500E-03 -1.761200E-02 -4.531549E-03 -3.579800E-06 -4.501100E-04 -8.361900E-08 -3.421600E-07 1.346800E-04 -6.388743E-03 -1.295300E-03
-6.810000E-06 2.751500E-05 -5.057500E-06 -8.056400E-04 -1.104900E-04 2.660200E-04 -1.589400E-03 1.737000E-02 6.029900E-03 6.320900E-03 -6.515900E-04 5.360600E-04 -8.028504E-04 1.199000E-05 -1.553200E-05 -1.021700E-07 4.610400E-07 1.516400E-06 -3.851059E-04 -4.395600E-04
4.972200E-05 -2.455700E-04 4.252500E-05 6.593500E-03 1.051600E-03 -1.589400E-03 1.282600E-02 -2.538700E-01 -4.213400E-02 8.105100E-03 -3.872300E-02 -8.388300E-02 -2.346539E-02 -7.444000E-05 -2.376700E-03 -8.125200E-08 -2.865500E-06 5.809200E-04 -2.944964E-02 -4.456800E-03
-2.058000E-03 1.282800E-02 -1.216400E-03 -1.461100E-01 -5.767800E-02 1.737000E-02 -2.538700E-01 2.714600E+03 1.897100E+02 9.730200E+01 1.066100E+02 -1.591300E+01 -1.283026E+02 6.265900E-02 -5.004500E+00 6.787400E-04 4.176900E-03 2.308600E+00 -8.988959E+00 1.153200E+01
-6.504000E-04 3.334200E-03 -5.130000E-04 -2.877900E-02 -4.210000E-03 6.029900E-03 -4.213400E-02 1.897100E+02 1.563300E+02 1.135300E+02 -2.865000E+01 -3.897200E+01 -2.316036E+01 3.631500E-02 -1.330800E+00 -5.015300E-05 6.862100E-04 3.914400E-01 -1.133534E+01 3.680300E-01
-4.120700E-04 1.607500E-03 -2.051800E-04 -1.661700E-03 8.899900E-03 6.320900E-03 8.105100E-03 9.730200E+01 1.135300E+02 2.027600E+02 -2.663200E+01 -7.881900E+01 -1.806941E+01 4.768100E-02 -1.907900E+00 -1.437700E-05 -3.991600E-03 4.619500E-01 -1.225234E+01 4.202500E-01
-1.956600E-04 8.031200E-04 -9.534000E-05 -1.931300E-02 -9.437500E-03 -6.515900E-04 -3.872300E-02 1.066100E+02 -2.865000E+01 -2.663200E+01 2.975300E+01 1.607300E+01 -4.788135E+00 -5.891200E-03 1.977200E-02 -5.420900E-05 -3.419800E-04 2.609300E-01 -3.543131E-01 -7.189100E-01
-3.212400E-04 1.795600E-03 -2.708200E-04 -4.239300E-02 -1.761200E-02 5.360600E-04 -8.388300E-02 -1.591300E+01 -3.897200E+01 -7.881900E+01 1.607300E+01 4.200700E+01 9.857698E+00 -1.913400E-02 1.026600E+00 2.752800E-05 2.130900E-03 -2.403100E-01 -7.538795E-02 2.570000E-02
-1.268446E-05 2.708973E-04 -4.131370E-05 -1.119099E-02 -4.531549E-03 -8.028504E-04 -2.346539E-02 -1.283026E+02 -2.316036E+01 -1.806941E+01 -4.788135E+00 9.857698E+00 1.529331E+01 -7.721080E-03 7.025181E-01 5.776302E-05 -6.086124E-04 -2.758467E-01 -2.807447E-01 5.331234E-01
-4.578000E-07 2.189800E-06 -3.091600E-07 -4.004300E-05 -3.579800E-06 1.199000E-05 -7.444000E-05 6.265900E-02 3.631500E-02 4.768100E-02 -5.891200E-03 -1.913400E-02 -7.721080E-03 2.098700E-04 -5.723900E-04 6.332700E-08 -5.720900E-07 2.092700E-04 -3.831929E-03 2.047600E-04
-6.213500E-06 4.123300E-05 -6.203900E-06 -1.188700E-03 -4.501100E-04 -1.553200E-05 -2.376700E-03 -5.004500E+00 -1.330800E+00 -1.907900E+00 1.977200E-02 1.026600E+00 7.025181E-01 -5.723900E-04 5.189200E-02 1.085600E-06 2.344300E-05 -1.099600E-02 -1.212172E-02 2.503200E-02
9.042600E-10 1.219900E-10 2.325500E-09 -7.692600E-08 -8.361900E-08 -1.021700E-07 -8.125200E-08 6.787400E-04 -5.015300E-05 -1.437700E-05 -5.420900E-05 2.752800E-05 5.776302E-05 6.332700E-08 1.085600E-06 1.539900E-07 2.749300E-09 -2.306000E-06 -3.885822E-06 -2.472000E-05
-2.053500E-08 1.163200E-07 -4.465900E-09 -1.668700E-06 -3.421600E-07 4.610400E-07 -2.865500E-06 4.176900E-03 6.862100E-04 -3.991600E-03 -3.419800E-04 2.130900E-03 -6.086124E-04 -5.720900E-07 2.344300E-05 2.749300E-09 9.139500E-07 -4.373600E-06 4.475350E-05 1.400900E-05
2.256500E-06 -1.504300E-05 6.675400E-06 2.934200E-04 1.346800E-04 1.516400E-06 5.809200E-04 2.308600E+00 3.914400E-01 4.619500E-01 2.609300E-01 -2.403100E-01 -2.758467E-01 2.092700E-04 -1.099600E-02 -2.306000E-06 -4.373600E-06 2.730000E-02 1.824100E-03 -1.064800E-02
-1.316420E-04 6.191891E-04 -1.102289E-04 -1.487025E-02 -6.388743E-03 -3.851059E-04 -2.944964E-02 -8.988959E+00 -1.133534E+01 -1.225234E+01 -3.543131E-01 -7.538795E-02 -2.807447E-01 -3.831929E-03 -1.212172E-02 -3.885822E-06 4.475350E-05 1.824100E-03 8.144494E+00 1.048705E-02
-3.164700E-05 2.909800E-04 -2.666700E-05 -2.841800E-03 -1.295300E-03 -4.395600E-04 -4.456800E-03 1.153200E+01 3.680300E-01 4.202500E-01 -7.189100E-01 2.570000E-02 5.331234E-01 2.047600E-04 2.503200E-02 -2.472000E-05 1.400900E-05 -1.064800E-02 1.048705E-02 6.390600E-01
