# omegabh2 omegach2 theta tau mnu ns logA r aps100 aps143 aps217 acib143 acib217 asz143 psr cibr ncib cal0 cal2 xi aksz bm_1_1 a_ps_act_148 a_ps_act_217 a_ps_spt_95 a_ps_spt_150 a_ps_spt_220 r_ps_spt_95x150 r_ps_spt_95x220 r_ps_150x220 act_dust_s act_dust_e cal_acts_148 cal_acts_217 cal_acte_148 cal_acte_217 cal_spt_95 cal_spt_150 cal_spt_220
    0.7878533E-07   -0.4255959E-06    0.8967442E-07    0.7332138E-06   -0.1747526E-04    0.1180665E-05    0.6296602E-06    0.6548265E-06   -0.5719454E-03   -0.7974670E-03   -0.7570433E-03    0.5327458E-05    0.8628923E-04    0.1830937E-04   -0.1496731E-05   -0.3131384E-06    0.1612078E-05    0.3642223E-08   -0.1312139E-07   -0.3498794E-05   -0.5979574E-04   -0.1496122E-04    0.1315983E-04    0.5975758E-04    0.2200000E-04    0.2348991E-04    0.9030662E-04    0.1571448E-06   -0.2904336E-06   -0.2215844E-06   -0.3422034E-06   -0.5777592E-06    0.4117726E-06    0.5038119E-06    0.4298594E-06    0.4974171E-06    0.7815444E-06    0.7860770E-06    0.7315410E-06
   -0.4255959E-06    0.7051110E-05   -0.7796419E-06   -0.8498321E-05    0.1028757E-03   -0.1607695E-04   -0.7052328E-07   -0.1617682E-04    0.6600373E-02    0.3415155E-02    0.3739628E-02   -0.1246660E-04   -0.2006775E-03    0.4720964E-04    0.7777585E-05    0.2373002E-06   -0.2392647E-05   -0.2578783E-07    0.1137259E-06   -0.7182363E-05   -0.6342911E-04    0.1763638E-03   -0.4838070E-04   -0.5056591E-03   -0.7204568E-04   -0.1031512E-03   -0.5129448E-03   -0.8959904E-06   -0.1703184E-07    0.4521595E-06    0.7308456E-05    0.7080846E-05   -0.2032125E-05   -0.3032036E-05   -0.2054944E-05   -0.2953868E-05   -0.3166827E-05   -0.3556016E-05   -0.3842731E-05
    0.8967442E-07   -0.7796419E-06    0.4016517E-06    0.1292775E-05   -0.3125533E-04    0.2294884E-05    0.1124252E-05    0.1030256E-05   -0.7500134E-03   -0.5579838E-03   -0.5912130E-03    0.6507356E-05    0.9993514E-04    0.2330110E-04   -0.9051942E-06    0.3746674E-06    0.1302373E-05    0.5457248E-08   -0.2367733E-07   -0.2969126E-05   -0.5488495E-04   -0.2183964E-04    0.7872153E-05    0.2459310E-04    0.7302045E-05    0.1851901E-04    0.6534901E-04    0.7075608E-06    0.2659025E-06   -0.3143584E-06   -0.2963347E-06    0.6182244E-06    0.3463183E-06    0.3761276E-06    0.3747369E-06    0.3847061E-06    0.7080621E-06    0.6565097E-06    0.8424736E-06
    0.7332138E-06   -0.8498321E-05    0.1292775E-05    0.1503440E-03    0.8788812E-05    0.2781029E-04    0.2779116E-03   -0.1197859E-04   -0.2958273E-01   -0.1228595E-01   -0.1148760E-01    0.8622479E-05    0.2825903E-02    0.7423901E-03   -0.2023061E-04    0.6915048E-05    0.4859802E-04    0.2210341E-07   -0.5670989E-07   -0.1766260E-03   -0.2103338E-02   -0.3079717E-03    0.2167517E-03    0.7899752E-04    0.3930158E-03    0.2689135E-03    0.6318857E-03   -0.4952163E-05   -0.2384876E-04   -0.1029303E-04    0.7781715E-05    0.3321750E-05    0.6649208E-05    0.8299913E-05    0.5343647E-05    0.6542652E-05    0.1274658E-04    0.1159110E-04    0.9914591E-05
   -0.1747526E-04    0.1028757E-03   -0.3125533E-04    0.8788812E-05    0.3159432E-01   -0.3643397E-03    0.1282994E-03    0.4522476E-03    0.3221715E+00    0.2015374E+00    0.2328019E+00    0.6237777E-03   -0.4234727E-01    0.4596331E-03    0.2897035E-03    0.1311574E-03   -0.8629496E-03   -0.8167366E-06    0.6112107E-05    0.3056350E-03    0.2263442E-01    0.4475896E-02   -0.6238427E-02   -0.5862958E-02   -0.1486854E-01   -0.1138420E-01   -0.2017040E-01    0.1963326E-03    0.4135963E-03    0.7608873E-04    0.1858227E-03    0.6703412E-03   -0.9521768E-04   -0.1371026E-03   -0.1148087E-03   -0.1442518E-03   -0.2135057E-03   -0.2275587E-03   -0.2261669E-03
    0.1180665E-05   -0.1607695E-04    0.2294884E-05    0.2781029E-04   -0.3643397E-03    0.5373498E-04    0.1462932E-04    0.5302165E-04   -0.4431201E-01   -0.2189338E-01   -0.1847943E-01    0.9541484E-04    0.2397149E-02    0.6314152E-03   -0.4023919E-04   -0.5393891E-05    0.4960983E-04    0.1200357E-07    0.6201150E-07   -0.1165419E-03   -0.1348409E-02   -0.3466034E-03    0.1819249E-03    0.1135816E-02    0.2859456E-03    0.4066951E-03    0.1107313E-02    0.2478183E-05   -0.3127524E-05   -0.1209641E-05   -0.5192127E-05   -0.1951922E-04    0.1040856E-04    0.1170672E-04    0.1069047E-04    0.1138532E-04    0.1799091E-04    0.1648078E-04    0.1490970E-04
    0.6296602E-06   -0.7052328E-07    0.1124252E-05    0.2779116E-03    0.1282994E-03    0.1462932E-04    0.5585342E-03   -0.7529964E-04   -0.4637891E-01   -0.2040125E-01   -0.1603472E-01   -0.4527891E-04    0.6100954E-02    0.1886172E-02   -0.2744189E-04    0.1153308E-04    0.1159146E-03    0.4633487E-07    0.7235417E-06   -0.4405491E-03   -0.5008834E-02    0.3244851E-03    0.3202400E-03   -0.1421484E-02    0.6724200E-03    0.3031519E-03   -0.4018009E-03   -0.1619850E-04   -0.5561054E-04   -0.1941805E-04    0.3598437E-04    0.1939276E-04    0.1053383E-04    0.1053374E-04    0.7838748E-05    0.7047022E-05    0.2130084E-04    0.1705364E-04    0.1065342E-04
    0.6548265E-06   -0.1617682E-04    0.1030256E-05   -0.1197859E-04    0.4522476E-03    0.5302165E-04   -0.7529964E-04    0.1128647E-02   -0.5639391E-01   -0.1567684E-01   -0.1210280E-01    0.5093627E-03   -0.2118591E-02   -0.4753745E-03   -0.8529567E-04   -0.2588873E-04   -0.9140591E-05   -0.1709348E-07    0.6377262E-06    0.2954491E-03    0.1675234E-02   -0.8328659E-03    0.9039870E-04    0.3008841E-02    0.3763078E-03    0.3253241E-03    0.1752542E-02    0.2269317E-04    0.2951123E-04    0.1526766E-04   -0.2550883E-04    0.1198989E-04    0.1006212E-04    0.8005761E-05    0.1042520E-04    0.7091176E-05    0.1638138E-04    0.1120585E-04    0.5573329E-05
   -0.5719454E-03    0.6600373E-02   -0.7500134E-03   -0.2958273E-01    0.3221715E+00   -0.4431201E-01   -0.4637891E-01   -0.5639391E-01    0.2800911E+04    0.8518782E+02    0.1194332E+02    0.1399420E+00    0.5912643E+01   -0.1118406E+02   -0.6500735E-01   -0.6436089E-01    0.1539471E+00    0.4182724E-03   -0.4084390E-02    0.8813256E+00    0.7754896E+01    0.1922175E+02   -0.7900044E-01   -0.8002290E+01    0.5220261E+01   -0.6126950E+00   -0.3100634E+01   -0.4711968E-01   -0.3458301E+00   -0.7370653E-01   -0.3660064E-01    0.5636982E-01   -0.2316032E-01    0.3731456E-02   -0.1922744E-01    0.2568555E-02   -0.6916436E-01   -0.2490179E-01    0.5134327E-02
   -0.7974670E-03    0.3415155E-02   -0.5579838E-03   -0.1228595E-01    0.2015374E+00   -0.2189338E-01   -0.2040125E-01   -0.1567684E-01    0.8518782E+02    0.6685853E+02    0.1845574E+02    0.1389307E+00   -0.1160430E+01   -0.2145832E+01    0.3707878E-01    0.1503582E-01   -0.5332954E-01   -0.5670682E-04   -0.5547628E-03    0.2066131E+00    0.9710174E+00    0.1449225E-01    0.2815124E+00   -0.7637739E+00    0.1024212E+01   -0.2491605E+00   -0.7656193E+00   -0.2615449E-02   -0.6554775E-01   -0.3081475E-01   -0.3964175E-02    0.1448573E-01   -0.1321113E-01   -0.6679708E-02   -0.1300623E-01   -0.7472486E-02   -0.2755285E-01   -0.1825092E-01   -0.9779370E-02
   -0.7570433E-03    0.3739628E-02   -0.5912130E-03   -0.1148760E-01    0.2328019E+00   -0.1847943E-01   -0.1603472E-01   -0.1210280E-01    0.1194332E+02    0.1845574E+02    0.9908918E+02   -0.1057607E+01   -0.3697517E+02    0.8317762E+00   -0.3665953E+00   -0.2291205E-01   -0.4244742E+00   -0.2197991E-04   -0.2165143E-05   -0.5051334E-02    0.3901587E+00    0.3702001E-01    0.3058900E+00    0.2120904E+02   -0.9596323E+00    0.6824547E+00    0.1164411E+02   -0.4146101E-01   -0.8173572E-01   -0.1382639E-02    0.2254655E-01    0.3760489E-01   -0.7920664E-02   -0.2794461E-01   -0.6638859E-02   -0.3245907E-01   -0.1208852E-01   -0.1351666E-01   -0.6153236E-01
    0.5327458E-05   -0.1246660E-04    0.6507356E-05    0.8622479E-05    0.6237777E-03    0.9541484E-04   -0.4527891E-04    0.5093627E-03    0.1399420E+00    0.1389307E+00   -0.1057607E+01    0.6855923E+00    0.1343017E+01    0.5592387E+00    0.5783638E-03   -0.1745993E-02    0.2795427E-02    0.3034953E-05    0.1213081E-04    0.1490747E-02   -0.9445538E+00    0.9663367E-02    0.4930661E-02   -0.3435524E+00   -0.1690641E+00   -0.8725581E-01   -0.2722316E+00    0.4892867E-01    0.4581600E-01   -0.5531437E-02   -0.3771346E-02   -0.2043651E-02    0.1730841E-03    0.3669419E-03    0.1525766E-03    0.1919059E-03   -0.4237609E-03    0.5213372E-03    0.1831980E-02
    0.8628923E-04   -0.2006775E-03    0.9993514E-04    0.2825903E-02   -0.4234727E-01    0.2397149E-02    0.6100954E-02   -0.2118591E-02    0.5912643E+01   -0.1160430E+01   -0.3697517E+02    0.1343017E+01    0.2516581E+02    0.1957824E+01    0.2088113E+00    0.1920212E-01    0.3297525E+00    0.1824297E-04    0.1698030E-04   -0.3697907E+00   -0.4420323E+01    0.2036992E+00   -0.5832447E+00   -0.1595516E+02   -0.1500122E-01   -0.1031819E+01   -0.1158750E+02    0.6300785E-01    0.7606662E-01   -0.9879894E-02   -0.7606933E-02   -0.1355297E-01    0.1545793E-03    0.6491558E-02   -0.9250972E-03    0.8717727E-02    0.2613216E-02   -0.1344451E-02    0.2108637E-01
    0.1830937E-04    0.4720964E-04    0.2330110E-04    0.7423901E-03    0.4596331E-03    0.6314152E-03    0.1886172E-02   -0.4753745E-03   -0.1118406E+02   -0.2145832E+01    0.8317762E+00    0.5592387E+00    0.1957824E+01    0.2014697E+01    0.1580209E-01    0.1691574E-01    0.1999560E-01    0.1284430E-04   -0.6031261E-04   -0.1961334E+00   -0.2470727E+01    0.6510396E-01   -0.1604066E+00   -0.9206149E+00   -0.7620236E+00   -0.1864582E+00   -0.1530747E+01    0.4154833E-01    0.6613701E-01   -0.2126758E-02   -0.2218361E-02   -0.3570023E-02    0.6401789E-03   -0.2807767E-02    0.5752357E-03   -0.2836846E-02    0.4087858E-02    0.2319304E-03   -0.2696756E-02
   -0.1496731E-05    0.7777585E-05   -0.9051942E-06   -0.2023061E-04    0.2897035E-03   -0.4023919E-04   -0.2744189E-04   -0.8529567E-04   -0.6500735E-01    0.3707878E-01   -0.3665953E+00    0.5783638E-03    0.2088113E+00    0.1580209E-01    0.5097306E-02   -0.1315055E-03    0.2019418E-02   -0.1768500E-07    0.1758946E-05   -0.9074756E-03   -0.1420882E-01   -0.1817701E-03   -0.6120894E-03   -0.1488529E+00   -0.7911470E-02   -0.2870826E-02   -0.1008686E+00    0.2278912E-03    0.1506437E-02    0.4175006E-03   -0.4266289E-04    0.4994214E-04   -0.2584674E-04   -0.1505619E-05   -0.4403683E-04    0.3195782E-04    0.2584217E-04   -0.4561299E-04    0.1824979E-03
   -0.3131384E-06    0.2373002E-06    0.3746674E-06    0.6915048E-05    0.1311574E-03   -0.5393891E-05    0.1153308E-04   -0.2588873E-04   -0.6436089E-01    0.1503582E-01   -0.2291205E-01   -0.1745993E-02    0.1920212E-01    0.1691574E-01   -0.1315055E-03    0.2238205E-02   -0.1636959E-03    0.2196398E-06    0.1516071E-05   -0.2007840E-03   -0.1077220E-01    0.4211019E-03    0.5281515E-02    0.3945082E-02   -0.1025859E-01    0.2665024E-02    0.2749265E-02    0.1074366E-03    0.1308034E-02   -0.4242054E-03   -0.4632360E-04   -0.1923361E-03    0.1054372E-05    0.2562690E-04    0.5059619E-05    0.2848611E-04    0.4766809E-04    0.1914704E-05    0.6038559E-04
    0.1612078E-05   -0.2392647E-05    0.1302373E-05    0.4859802E-04   -0.8629496E-03    0.4960983E-04    0.1159146E-03   -0.9140591E-05    0.1539471E+00   -0.5332954E-01   -0.4244742E+00    0.2795427E-02    0.3297525E+00    0.1999560E-01    0.2019418E-02   -0.1636959E-03    0.6574393E-02    0.9597905E-07   -0.6045560E-05   -0.4950449E-02   -0.3555415E-01    0.6603031E-02   -0.1134634E-01   -0.2634060E+00   -0.9798259E-03   -0.1418406E-01   -0.2109378E+00   -0.5169652E-04    0.6124969E-03    0.3252403E-03   -0.7253484E-04   -0.1373118E-03    0.1831824E-04    0.1285713E-04    0.4097807E-05    0.4858205E-04    0.1126714E-03   -0.1500791E-04    0.1366058E-03
    0.3642223E-08   -0.2578783E-07    0.5457248E-08    0.2210341E-07   -0.8167366E-06    0.1200357E-07    0.4633487E-07   -0.1709348E-07    0.4182724E-03   -0.5670682E-04   -0.2197991E-04    0.3034953E-05    0.1824297E-04    0.1284430E-04   -0.1768500E-07    0.2196398E-06    0.9597905E-07    0.1604431E-06    0.7876991E-08   -0.2070723E-05   -0.2033578E-04   -0.2063167E-04   -0.5856394E-06   -0.9395304E-06    0.2652650E-05   -0.1012175E-06    0.4706600E-05   -0.1231508E-06   -0.2754520E-06   -0.9564067E-07   -0.6777995E-06    0.2362471E-06    0.1549859E-07   -0.6498211E-08    0.3909686E-07    0.3168481E-07   -0.2277347E-07   -0.2384658E-08   -0.9290292E-07
   -0.1312139E-07    0.1137259E-06   -0.2367733E-07   -0.5670989E-07    0.6112107E-05    0.6201150E-07    0.7235417E-06    0.6377262E-06   -0.4084390E-02   -0.5547628E-03   -0.2165143E-05    0.1213081E-04    0.1698030E-04   -0.6031261E-04    0.1758946E-05    0.1516071E-05   -0.6045560E-05    0.7876991E-08    0.1791464E-05    0.4851214E-05    0.5078977E-04    0.1037894E-03    0.3100564E-04    0.2439366E-03    0.3187928E-04    0.1563495E-04    0.2950673E-03    0.3275316E-06   -0.2611012E-05   -0.1386185E-05   -0.3199333E-05   -0.3657640E-05    0.5302547E-06    0.6863593E-06    0.3590911E-06    0.9211565E-06    0.2112188E-06    0.4782771E-06    0.8864871E-06
   -0.3498794E-05   -0.7182363E-05   -0.2969126E-05   -0.1766260E-03    0.3056350E-03   -0.1165419E-03   -0.4405491E-03    0.2954491E-03    0.8813256E+00    0.2066131E+00   -0.5051334E-02    0.1490747E-02   -0.3697907E+00   -0.1961334E+00   -0.9074756E-03   -0.2007840E-03   -0.4950449E-02   -0.2070723E-05    0.4851214E-05    0.6146643E-01    0.3765472E+00   -0.8388424E-02    0.6196244E-01    0.1625121E+00    0.1531894E-01    0.5822069E-01    0.2375750E+00    0.3935340E-02    0.8139658E-02    0.1115606E-02   -0.2881287E-03    0.1111179E-03    0.1260277E-04    0.2383438E-03    0.1779851E-04    0.2361367E-03   -0.3202389E-03    0.2156453E-03    0.5630505E-03
   -0.5979574E-04   -0.6342911E-04   -0.5488495E-04   -0.2103338E-02    0.2263442E-01   -0.1348409E-02   -0.5008834E-02    0.1675234E-02    0.7754896E+01    0.9710174E+00    0.3901587E+00   -0.9445538E+00   -0.4420323E+01   -0.2470727E+01   -0.1420882E-01   -0.1077220E-01   -0.3555415E-01   -0.2033578E-04    0.5078977E-04    0.3765472E+00    0.4756548E+01   -0.7079930E-01    0.1807829E+00    0.1596487E+01    0.3216319E+00    0.3567492E+00    0.2312585E+01   -0.4804267E-01   -0.2635520E-01    0.1927418E-01   -0.3727177E-02   -0.3244517E-02    0.3339768E-03    0.2755688E-02    0.3798784E-03    0.2897411E-02   -0.1453643E-02    0.1552637E-02    0.3281744E-02
   -0.1496122E-04    0.1763638E-03   -0.2183964E-04   -0.3079717E-03    0.4475896E-02   -0.3466034E-03    0.3244851E-03   -0.8328659E-03    0.1922175E+02    0.1449225E-01    0.3702001E-01    0.9663367E-02    0.2036992E+00    0.6510396E-01   -0.1817701E-03    0.4211019E-03    0.6603031E-02   -0.2063167E-04    0.1037894E-03   -0.8388424E-02   -0.7079930E-01    0.3083261E+00   -0.1562779E-01   -0.1738747E+00   -0.2275750E-01   -0.1252102E-01   -0.2175446E+00    0.1029564E-02    0.2170822E-02    0.3227404E-03    0.1067320E-04   -0.2692150E-03    0.1861334E-03    0.1884415E-04    0.2314119E-03   -0.3959835E-04    0.3308072E-03    0.1341346E-03   -0.2669068E-03
    0.1315983E-04   -0.4838070E-04    0.7872153E-05    0.2167517E-03   -0.6238427E-02    0.1819249E-03    0.3202400E-03    0.9039870E-04   -0.7900044E-01    0.2815124E+00    0.3058900E+00    0.4930661E-02   -0.5832447E+00   -0.1604066E+00   -0.6120894E-03    0.5281515E-02   -0.1134634E-01   -0.5856394E-06    0.3100564E-04    0.6196244E-01    0.1807829E+00   -0.1562779E-01    0.3490138E+00    0.3421261E+00    0.6928392E-01    0.1596199E+00    0.6819428E+00    0.7846689E-02    0.1070617E-01   -0.4611444E-02   -0.1700842E-02   -0.2460200E-02    0.5835082E-03    0.5949666E-04    0.7368900E-03    0.3393386E-04   -0.5603627E-03    0.1179756E-03    0.1380411E-02
    0.5975758E-04   -0.5056591E-03    0.2459310E-04    0.7899752E-04   -0.5862958E-02    0.1135816E-02   -0.1421484E-02    0.3008841E-02   -0.8002290E+01   -0.7637739E+00    0.2120904E+02   -0.3435524E+00   -0.1595516E+02   -0.9206149E+00   -0.1488529E+00    0.3945082E-02   -0.2634060E+00   -0.9395304E-06    0.2439366E-03    0.1625121E+00    0.1596487E+01   -0.1738747E+00    0.3421261E+00    0.2042057E+02    0.1115175E+00    0.6306660E+00    0.9479402E+01   -0.1497422E-01   -0.5725605E-01   -0.1509063E-01    0.1732000E-01    0.1002228E-01    0.1143422E-02    0.2209821E-01    0.1700305E-02    0.1409226E-01   -0.1731393E-02    0.3119023E-02   -0.7115986E-02
    0.2200000E-04   -0.7204568E-04    0.7302045E-05    0.3930158E-03   -0.1486854E-01    0.2859456E-03    0.6724200E-03    0.3763078E-03    0.5220261E+01    0.1024212E+01   -0.9596323E+00   -0.1690641E+00   -0.1500122E-01   -0.7620236E+00   -0.7911470E-02   -0.1025859E-01   -0.9798259E-03    0.2652650E-05    0.3187928E-04    0.1531894E-01    0.3216319E+00   -0.2275750E-01    0.6928392E-01    0.1115175E+00    0.2120481E+01    0.3359135E-01    0.4651836E+00   -0.8324546E-01   -0.1002455E+00   -0.4590146E-02    0.4888056E-02    0.7827154E-03   -0.4277556E-03    0.1151719E-02   -0.5105146E-03    0.1207359E-02    0.3722829E-03    0.6191535E-04    0.1652201E-02
    0.2348991E-04   -0.1031512E-03    0.1851901E-04    0.2689135E-03   -0.1138420E-01    0.4066951E-03    0.3031519E-03    0.3253241E-03   -0.6126950E+00   -0.2491605E+00    0.6824547E+00   -0.8725581E-01   -0.1031819E+01   -0.1864582E+00   -0.2870826E-02    0.2665024E-02   -0.1418406E-01   -0.1012175E-06    0.1563495E-04    0.5822069E-01    0.3567492E+00   -0.1252102E-01    0.1596199E+00    0.6306660E+00    0.3359135E-01    0.2609240E+00    0.6176099E+00    0.1372537E-02    0.8739935E-02    0.4248569E-03    0.1052664E-02    0.2011131E-02    0.1032499E-03    0.8301111E-05    0.1423148E-03   -0.6835802E-04    0.3857287E-03    0.2959876E-03    0.1122073E-03
    0.9030662E-04   -0.5129448E-03    0.6534901E-04    0.6318857E-03   -0.2017040E-01    0.1107313E-02   -0.4018009E-03    0.1752542E-02   -0.3100634E+01   -0.7656193E+00    0.1164411E+02   -0.2722316E+00   -0.1158750E+02   -0.1530747E+01   -0.1008686E+00    0.2749265E-02   -0.2109378E+00    0.4706600E-05    0.2950673E-03    0.2375750E+00    0.2312585E+01   -0.2175446E+00    0.6819428E+00    0.9479402E+01    0.4651836E+00    0.6176099E+00    0.2031698E+02   -0.1784468E-01   -0.8920086E-01   -0.2756759E-01   -0.5884565E-02   -0.7387568E-03    0.1417982E-02    0.2484966E-02    0.1619174E-02    0.1312357E-02   -0.2213797E-02    0.4769605E-02    0.2981600E-01
    0.1571448E-06   -0.8959904E-06    0.7075608E-06   -0.4952163E-05    0.1963326E-03    0.2478183E-05   -0.1619850E-04    0.2269317E-04   -0.4711968E-01   -0.2615449E-02   -0.4146101E-01    0.4892867E-01    0.6300785E-01    0.4154833E-01    0.2278912E-03    0.1074366E-03   -0.5169652E-04   -0.1231508E-06    0.3275316E-06    0.3935340E-02   -0.4804267E-01    0.1029564E-02    0.7846689E-02   -0.1497422E-01   -0.8324546E-01    0.1372537E-02   -0.1784468E-01    0.8101870E-02    0.7523507E-02   -0.2525958E-03   -0.3443475E-03   -0.8555210E-04    0.2099772E-04    0.4215257E-05    0.2291680E-04   -0.1342772E-04   -0.5708609E-04    0.3671861E-04    0.1111495E-03
   -0.2904336E-06   -0.1703184E-07    0.2659025E-06   -0.2384876E-04    0.4135963E-03   -0.3127524E-05   -0.5561054E-04    0.2951123E-04   -0.3458301E+00   -0.6554775E-01   -0.8173572E-01    0.4581600E-01    0.7606662E-01    0.6613701E-01    0.1506437E-02    0.1308034E-02    0.6124969E-03   -0.2754520E-06   -0.2611012E-05    0.8139658E-02   -0.2635520E-01    0.2170822E-02    0.1070617E-01   -0.5725605E-01   -0.1002455E+00    0.8739935E-02   -0.8920086E-01    0.7523507E-02    0.1381760E-01    0.4654293E-03   -0.2656542E-03   -0.9622640E-04    0.3955519E-04   -0.5354426E-04    0.3870334E-04   -0.6255509E-04    0.9274603E-04    0.8781592E-04   -0.8997368E-04
   -0.2215844E-06    0.4521595E-06   -0.3143584E-06   -0.1029303E-04    0.7608873E-04   -0.1209641E-05   -0.1941805E-04    0.1526766E-04   -0.7370653E-01   -0.3081475E-01   -0.1382639E-02   -0.5531437E-02   -0.9879894E-02   -0.2126758E-02    0.4175006E-03   -0.4242054E-03    0.3252403E-03   -0.9564067E-07   -0.1386185E-05    0.1115606E-02    0.1927418E-01    0.3227404E-03   -0.4611444E-02   -0.1509063E-01   -0.4590146E-02    0.4248569E-03   -0.2756759E-01   -0.2525958E-03    0.4654293E-03    0.5537757E-03    0.5968482E-04    0.7499339E-04    0.4279783E-05   -0.2364627E-04    0.4719210E-05   -0.2054303E-04    0.4822495E-04    0.1478870E-04   -0.8838799E-04
   -0.3422034E-06    0.7308456E-05   -0.2963347E-06    0.7781715E-05    0.1858227E-03   -0.5192127E-05    0.3598437E-04   -0.2550883E-04   -0.3660064E-01   -0.3964175E-02    0.2254655E-01   -0.3771346E-02   -0.7606933E-02   -0.2218361E-02   -0.4266289E-04   -0.4632360E-04   -0.7253484E-04   -0.6777995E-06   -0.3199333E-05   -0.2881287E-03   -0.3727177E-02    0.1067320E-04   -0.1700842E-02    0.1732000E-01    0.4888056E-02    0.1052664E-02   -0.5884565E-02   -0.3443475E-03   -0.2656542E-03    0.5968482E-04    0.3561174E-01    0.3023195E-03    0.1325113E-03    0.1176290E-03   -0.2566172E-04    0.2277569E-04   -0.4410053E-04   -0.1390617E-06   -0.1416561E-04
   -0.5777592E-06    0.7080846E-05    0.6182244E-06    0.3321750E-05    0.6703412E-03   -0.1951922E-04    0.1939276E-04    0.1198989E-04    0.5636982E-01    0.1448573E-01    0.3760489E-01   -0.2043651E-02   -0.1355297E-01   -0.3570023E-02    0.4994214E-04   -0.1923361E-03   -0.1373118E-03    0.2362471E-06   -0.3657640E-05    0.1111179E-03   -0.3244517E-02   -0.2692150E-03   -0.2460200E-02    0.1002228E-01    0.7827154E-03    0.2011131E-02   -0.7387568E-03   -0.8555210E-04   -0.9622640E-04    0.7499339E-04    0.3023195E-03    0.3881932E-01   -0.4236485E-04   -0.2030663E-04    0.1524722E-03    0.6069453E-04   -0.6889744E-04   -0.1598696E-04   -0.1198334E-03
    0.4117726E-06   -0.2032125E-05    0.3463183E-06    0.6649208E-05   -0.9521768E-04    0.1040856E-04    0.1053383E-04    0.1006212E-04   -0.2316032E-01   -0.1321113E-01   -0.7920664E-02    0.1730841E-03    0.1545793E-03    0.6401789E-03   -0.2584674E-04    0.1054372E-05    0.1831824E-04    0.1549859E-07    0.5302547E-06    0.1260277E-04    0.3339768E-03    0.1861334E-03    0.5835082E-03    0.1143422E-02   -0.4277556E-03    0.1032499E-03    0.1417982E-02    0.2099772E-04    0.3955519E-04    0.4279783E-05    0.1325113E-03   -0.4236485E-04    0.5396385E-04    0.8072565E-05    0.1159527E-04    0.7102062E-05    0.1094347E-04    0.9880502E-05    0.8511947E-05
    0.5038119E-06   -0.3032036E-05    0.3761276E-06    0.8299913E-05   -0.1371026E-03    0.1170672E-04    0.1053374E-04    0.8005761E-05    0.3731456E-02   -0.6679708E-02   -0.2794461E-01    0.3669419E-03    0.6491558E-02   -0.2807767E-02   -0.1505619E-05    0.2562690E-04    0.1285713E-04   -0.6498211E-08    0.6863593E-06    0.2383438E-03    0.2755688E-02    0.1884415E-04    0.5949666E-04    0.2209821E-01    0.1151719E-02    0.8301111E-05    0.2484966E-02    0.4215257E-05   -0.5354426E-04   -0.2364627E-04    0.1176290E-03   -0.2030663E-04    0.8072565E-05    0.1803341E-03    0.8560586E-05    0.6842588E-04   -0.1232935E-05    0.1225864E-04    0.3145516E-04
    0.4298594E-06   -0.2054944E-05    0.3747369E-06    0.5343647E-05   -0.1148087E-03    0.1069047E-04    0.7838748E-05    0.1042520E-04   -0.1922744E-01   -0.1300623E-01   -0.6638859E-02    0.1525766E-03   -0.9250972E-03    0.5752357E-03   -0.4403683E-04    0.5059619E-05    0.4097807E-05    0.3909686E-07    0.3590911E-06    0.1779851E-04    0.3798784E-03    0.2314119E-03    0.7368900E-03    0.1700305E-02   -0.5105146E-03    0.1423148E-03    0.1619174E-02    0.2291680E-04    0.3870334E-04    0.4719210E-05   -0.2566172E-04    0.1524722E-03    0.1159527E-04    0.8560586E-05    0.5162424E-04    0.7664948E-05    0.1266998E-04    0.1106706E-04    0.6510637E-05
    0.4974171E-06   -0.2953868E-05    0.3847061E-06    0.6542652E-05   -0.1442518E-03    0.1138532E-04    0.7047022E-05    0.7091176E-05    0.2568555E-02   -0.7472486E-02   -0.3245907E-01    0.1919059E-03    0.8717727E-02   -0.2836846E-02    0.3195782E-04    0.2848611E-04    0.4858205E-04    0.3168481E-07    0.9211565E-06    0.2361367E-03    0.2897411E-02   -0.3959835E-04    0.3393386E-04    0.1409226E-01    0.1207359E-02   -0.6835802E-04    0.1312357E-02   -0.1342772E-04   -0.6255509E-04   -0.2054303E-04    0.2277569E-04    0.6069453E-04    0.7102062E-05    0.6842588E-04    0.7664948E-05    0.1071918E-03    0.1861348E-05    0.1070981E-04    0.3708460E-04
    0.7815444E-06   -0.3166827E-05    0.7080621E-06    0.1274658E-04   -0.2135057E-03    0.1799091E-04    0.2130084E-04    0.1638138E-04   -0.6916436E-01   -0.2755285E-01   -0.1208852E-01   -0.4237609E-03    0.2613216E-02    0.4087858E-02    0.2584217E-04    0.4766809E-04    0.1126714E-03   -0.2277347E-07    0.2112188E-06   -0.3202389E-03   -0.1453643E-02    0.3308072E-03   -0.5603627E-03   -0.1731393E-02    0.3722829E-03    0.3857287E-03   -0.2213797E-02   -0.5708609E-04    0.9274603E-04    0.4822495E-04   -0.4410053E-04   -0.6889744E-04    0.1094347E-04   -0.1232935E-05    0.1266998E-04    0.1861348E-05    0.3770673E-03    0.3118480E-04    0.8676045E-05
    0.7860770E-06   -0.3556016E-05    0.6565097E-06    0.1159110E-04   -0.2275587E-03    0.1648078E-04    0.1705364E-04    0.1120585E-04   -0.2490179E-01   -0.1825092E-01   -0.1351666E-01    0.5213372E-03   -0.1344451E-02    0.2319304E-03   -0.4561299E-04    0.1914704E-05   -0.1500791E-04   -0.2384658E-08    0.4782771E-06    0.2156453E-03    0.1552637E-02    0.1341346E-03    0.1179756E-03    0.3119023E-02    0.6191535E-04    0.2959876E-03    0.4769605E-02    0.3671861E-04    0.8781592E-04    0.1478870E-04   -0.1390617E-06   -0.1598696E-04    0.9880502E-05    0.1225864E-04    0.1106706E-04    0.1070981E-04    0.3118480E-04    0.9209128E-04    0.3321120E-04
    0.7315410E-06   -0.3842731E-05    0.8424736E-06    0.9914591E-05   -0.2261669E-03    0.1490970E-04    0.1065342E-04    0.5573329E-05    0.5134327E-02   -0.9779370E-02   -0.6153236E-01    0.1831980E-02    0.2108637E-01   -0.2696756E-02    0.1824979E-03    0.6038559E-04    0.1366058E-03   -0.9290292E-07    0.8864871E-06    0.5630505E-03    0.3281744E-02   -0.2669068E-03    0.1380411E-02   -0.7115986E-02    0.1652201E-02    0.1122073E-03    0.2981600E-01    0.1111495E-03   -0.8997368E-04   -0.8838799E-04   -0.1416561E-04   -0.1198334E-03    0.8511947E-05    0.3145516E-04    0.6510637E-05    0.3708460E-04    0.8676045E-05    0.3321120E-04    0.5320615E-03
