# omegabh2 omegach2 theta tau mnu logA ns calPlanck acib217 xi asz143 aps100 aps143 aps143217 aps217 aksz kgal100 kgal143 kgal143217 kgal217 galfTE100 galfTE100143 galfTE100217 galfTE143 galfTE143217 galfTE217 cal0 cal2
  2.3886775E-08  -1.2017368E-07   2.0065746E-08   2.6114263E-07  -3.7555521E-06   3.6166857E-07   3.1140847E-07   1.3194217E-08  -8.3279219E-05   2.5123436E-06   2.1760232E-05  -4.3806462E-04  -2.2233136E-04  -6.2966667E-05  -3.8010848E-06  -4.1264886E-05  -5.8915145E-07  -1.1101286E-05  -1.0636679E-05   6.3607498E-06  -4.4392444E-08  -4.2447593E-08  -9.7158105E-08  -2.5387313E-07  -6.2186784E-07  -2.7545031E-06   3.7382208E-09  -2.1834383E-09
 -1.2017368E-07   1.6445558E-06  -1.5309764E-07  -3.6291971E-06   3.7575605E-05  -3.9547374E-06  -3.9311407E-06  -1.9114855E-07   2.8126682E-04  -1.2026265E-05  -1.0618674E-04   2.2169175E-03   1.1672920E-03   4.5910754E-04   2.5024458E-04   1.7057827E-04  -2.4867982E-05   6.0132274E-05   4.2512218E-05   1.2227860E-05   6.4228615E-07   2.3858345E-07   6.3631759E-07   1.5278732E-06   3.6944117E-06   1.8546201E-05  -1.8220608E-08   1.7101327E-08
  2.0065746E-08  -1.5309764E-07   1.0050008E-07   3.4519873E-07  -7.0680538E-06   4.6901139E-07   4.8250226E-07   1.3181007E-08  -4.4351981E-05   3.3997512E-07   4.8606588E-06  -9.5995406E-05  -1.1176871E-04  -7.1773035E-05  -9.8934037E-06  -1.9936178E-05  -2.7762501E-06  -1.9172655E-06   1.6552853E-06   2.5397790E-05  -1.0918880E-07  -1.3946108E-07  -3.6413946E-07  -4.4174541E-07  -4.4987620E-07  -2.4630462E-06   6.6497896E-10  -1.5537360E-09
  2.6114263E-07  -3.6291971E-06   3.4519873E-07   5.6368504E-05   6.2932934E-05   1.0153840E-04   1.0799183E-05  -9.5786265E-07  -1.2394516E-03   5.2530407E-05   3.3591030E-04  -8.1618363E-03  -4.0590867E-03  -1.0825733E-03  -6.5640343E-04  -7.5775748E-04   1.1366403E-05  -1.3649537E-04  -2.9404263E-04  -3.6163410E-04  -2.3454436E-06  -3.0215687E-06  -6.4583411E-06  -1.0497228E-05   2.9179150E-07  -3.2709534E-05   3.0626261E-08  -5.8964617E-08
 -3.7555521E-06   3.7575605E-05  -7.0680538E-06   6.2932934E-05   5.9921952E-03   2.2796891E-04  -1.0225630E-04   1.2889783E-05   1.2664039E-02  -2.1300970E-04  -4.5168450E-03   9.6756555E-02   4.7461853E-02   2.3578755E-02   1.2871896E-02   6.2906022E-03   1.5424338E-04   3.1010348E-03   1.4474376E-03   2.8921569E-03   1.2663106E-05  -2.5930786E-06   7.1660220E-06   4.0601057E-07   1.2224654E-04   6.5355516E-04   4.7270669E-07   1.0518464E-06
  3.6166857E-07  -3.9547374E-06   4.6901139E-07   1.0153840E-04   2.2796891E-04   2.1457965E-04   1.1838056E-05   9.7188225E-06  -2.1590836E-03   1.0988283E-04   2.9449210E-04  -7.6706590E-03  -4.3838054E-03   5.3183673E-04   4.3670097E-03  -1.6613205E-03  -2.9628662E-04  -6.5407130E-04  -9.9204521E-04   8.8033505E-04  -2.6350122E-06  -6.7181673E-06  -1.2064038E-05  -2.3285924E-05   4.7090376E-06  -1.5408714E-05   1.3323431E-07  -9.5311367E-08
  3.1140847E-07  -3.9311407E-06   4.8250226E-07   1.0799183E-05  -1.0225630E-04   1.1838056E-05   1.8126762E-05   2.3198188E-07  -4.3349923E-03   1.1411320E-04   1.0737947E-03  -2.5195122E-02  -7.2448589E-03   1.2550816E-03   4.1336237E-03  -2.4380228E-03   3.4979211E-04  -4.0906149E-04  -2.3882575E-04   1.1858847E-03  -1.8260322E-06  -3.4575838E-07  -1.8932704E-06  -4.2858571E-06  -6.9108421E-06  -3.9506766E-05  -4.8397110E-08  -1.0138053E-07
  1.3194217E-08  -1.9114855E-07   1.3181007E-08  -9.5786265E-07   1.2889783E-05   9.7188225E-06   2.3198188E-07   6.0308203E-06   7.1058841E-04  -2.3490496E-06  -6.4840006E-05   3.8527248E-03   5.8087373E-04   8.2062669E-05   9.7076805E-04   1.2054319E-04   2.2234761E-05   2.0353935E-05   1.2860648E-05   8.0250789E-04  -8.1649099E-08  -7.8682316E-07  -4.1274091E-07  -2.8476023E-06  -5.7639558E-07   1.0849464E-05  -1.8920333E-08   2.0444886E-09
 -8.3279219E-05   2.8126682E-04  -4.4351981E-05  -1.2394516E-03   1.2664039E-02  -2.1590836E-03  -4.3349923E-03   7.1058841E-04   4.3719946E+01  -3.7064789E-01  -7.9636943E-01   3.5065845E+01   1.2217098E+00  -1.3014509E+01  -5.4741104E+01   3.5579223E-02  -1.5530974E-02   4.1535751E-01  -5.7998683E+00  -3.2642357E+01   7.1921115E-05  -1.7955480E-03   8.4511720E-04  -5.8240728E-03   1.1158820E-03   2.6565616E-02  -2.1650190E-04   7.4278491E-04
  2.5123436E-06  -1.2026265E-05   3.3997512E-07   5.2530407E-05  -2.1300970E-04   1.0988283E-04   1.1411320E-04  -2.3490496E-06  -3.7064789E-01   8.0956582E-02  -4.0085444E-02  -5.5811738E-01   9.3077767E-01   1.6861285E+00   6.0525199E-01   3.7697918E-02  -2.9287677E-03   9.3467515E-03   1.1677779E-01   1.5060773E-01   3.1576133E-05  -1.3101376E-05  -2.2117931E-04  -4.0574350E-05   1.0205816E-04  -3.5187332E-04   5.2049362E-06   7.1723892E-07
  2.1760232E-05  -1.0618674E-04   4.8606588E-06   3.3591030E-04  -4.5168450E-03   2.9449210E-04   1.0737947E-03  -6.4840006E-05  -7.9636943E-01  -4.0085444E-02   3.9160938E+00  -3.1187589E+01  -3.3242048E+00   7.7578418E+00   5.2362202E+00  -2.7449438E+00  -2.6857197E-01   1.4856373E-01   2.6632901E+00   3.2122106E+00   6.8959910E-05  -2.4911763E-04   5.0091194E-05   2.0422139E-04   7.9959084E-04  -6.4881686E-03   9.4878731E-05  -5.2005374E-05
 -4.3806462E-04   2.2169175E-03  -9.5995406E-05  -8.1618363E-03   9.6756555E-02  -7.6706590E-03  -2.5195122E-02   3.8527248E-03   3.5065845E+01  -5.5811738E-01  -3.1187589E+01   7.9282214E+02   6.9168481E+01  -5.5429107E+01  -5.9203895E+01   1.3944632E+01  -5.9858049E+00   5.4303023E+00  -1.3098218E+01  -2.4140050E+01   1.0787034E-02  -7.7022320E-03   5.2674213E-04   7.1320511E-03   6.1137478E-03   1.1426325E-01   3.8583690E-03   4.9252842E-04
 -2.2233136E-04   1.1672920E-03  -1.1176871E-04  -4.0590867E-03   4.7461853E-02  -4.3838054E-03  -7.2448589E-03   5.8087373E-04   1.2217098E+00   9.3077767E-01  -3.3242048E+00   6.9168481E+01   6.1297081E+01   4.0386612E+01   1.5716401E+01  -4.8609049E+00  -4.0919251E-01  -1.3839665E+00   3.4130876E+00   4.7388716E+00   2.1128000E-03  -3.8811827E-04  -8.5657428E-03   2.6216656E-03   4.8065974E-03   3.2498721E-02   1.4427518E-04   1.1000010E-04
 -6.2966667E-05   4.5910754E-04  -7.1773035E-05  -1.0825733E-03   2.3578755E-02   5.3183673E-04   1.2550816E-03   8.2062669E-05  -1.3014509E+01   1.6861285E+00   7.7578418E+00  -5.5429107E+01   4.0386612E+01   8.5427167E+01   5.2965187E+01  -1.1942638E+01  -9.9001016E-01  -7.2253930E-01   5.0821009E+00   8.4184094E+00   2.1800271E-03  -1.2548448E-03  -2.9175058E-03   4.6880535E-03   5.9791129E-03  -7.7996628E-03   4.5142650E-04  -3.7827703E-04
 -3.8010848E-06   2.5024458E-04  -9.8934037E-06  -6.5640343E-04   1.2871896E-02   4.3670097E-03   4.1336237E-03   9.7076805E-04  -5.4741104E+01   6.0525199E-01   5.2362202E+00  -5.9203895E+01   1.5716401E+01   5.2965187E+01   1.0400402E+02  -9.3376502E+00  -5.5771088E-01  -1.0580224E+00   5.5039166E+00   3.3175337E+01   1.7919696E-03   7.2626680E-04  -4.9698994E-03   9.9284218E-03   2.3541044E-03  -2.3341035E-02   4.4751328E-04  -1.3991697E-03
 -4.1264886E-05   1.7057827E-04  -1.9936178E-05  -7.5775748E-04   6.2906022E-03  -1.6613205E-03  -2.4380228E-03   1.2054319E-04   3.5579223E-02   3.7697918E-02  -2.7449438E+00   1.3944632E+01  -4.8609049E+00  -1.1942638E+01  -9.3376502E+00   5.8725785E+00   1.6997329E-01  -2.1184184E-01  -2.1304756E+00  -2.4603773E+00  -5.6811563E-04   4.3191893E-04   2.2807421E-04  -5.7660991E-04  -4.3225603E-04   6.7446455E-03  -7.8559146E-05   3.3004455E-05
 -5.8915145E-07  -2.4867982E-05  -2.7762501E-06   1.1366403E-05   1.5424338E-04  -2.9628662E-04   3.4979211E-04   2.2234761E-05  -1.5530974E-02  -2.9287677E-03  -2.6857197E-01  -5.9858049E+00  -4.0919251E-01  -9.9001016E-01  -5.5771088E-01   1.6997329E-01   3.3165753E+00   5.6670163E-01   1.9257340E-01   2.8015515E-01  -7.2687971E-04   3.5743558E-04   2.7376425E-04  -3.0496737E-04   4.2630004E-04  -2.3183410E-03   1.5528777E-04  -7.3632527E-06
 -1.1101286E-05   6.0132274E-05  -1.9172655E-06  -1.3649537E-04   3.1010348E-03  -6.5407130E-04  -4.0906149E-04   2.0353935E-05   4.1535751E-01   9.3467515E-03   1.4856373E-01   5.4303023E+00  -1.3839665E+00  -7.2253930E-01  -1.0580224E+00  -2.1184184E-01   5.6670163E-01   3.2093155E+00   2.7181488E+00   2.7626539E+00  -7.7061493E-04  -4.6869032E-04   1.1832166E-04   5.3940486E-04   1.6019532E-03   3.6587958E-04  -1.9095583E-04  -4.9632550E-05
 -1.0636679E-05   4.2512218E-05   1.6552853E-06  -2.9404263E-04   1.4474376E-03  -9.9204521E-04  -2.3882575E-04   1.2860648E-05  -5.7998683E+00   1.1677779E-01   2.6632901E+00  -1.3098218E+01   3.4130876E+00   5.0821009E+00   5.5039166E+00  -2.1304756E+00   1.9257340E-01   2.7181488E+00   1.0788433E+01   1.9192040E+01  -1.9871849E-05  -5.6511069E-04  -3.6542637E-03   4.0792815E-04   2.1908102E-03  -2.2356528E-03  -4.0504306E-05   3.8096967E-04
  6.3607498E-06   1.2227860E-05   2.5397790E-05  -3.6163410E-04   2.8921569E-03   8.8033505E-04   1.1858847E-03   8.0250789E-04  -3.2642357E+01   1.5060773E-01   3.2122106E+00  -2.4140050E+01   4.7388716E+00   8.4184094E+00   3.3175337E+01  -2.4603773E+00   2.8015515E-01   2.7626539E+00   1.9192040E+01   5.2933876E+01  -8.0015898E-04  -4.0682288E-04  -2.5970963E-03   3.5112459E-03  -1.3764418E-03  -2.4475737E-02   6.8397251E-05   8.8388170E-04
 -4.4392444E-08   6.4228615E-07  -1.0918880E-07  -2.3454436E-06   1.2663106E-05  -2.6350122E-06  -1.8260322E-06  -8.1649099E-08   7.1921115E-05   3.1576133E-05   6.8959910E-05   1.0787034E-02   2.1128000E-03   2.1800271E-03   1.7919696E-03  -5.6811563E-04  -7.2687971E-04  -7.7061493E-04  -1.9871849E-05  -8.0015898E-04   1.4333262E-03   2.6155004E-04   8.8290031E-05  -3.5331350E-04  -8.3444661E-05  -1.3721356E-04   2.6166503E-07  -2.2121159E-07
 -4.2447593E-08   2.3858345E-07  -1.3946108E-07  -3.0215687E-06  -2.5930786E-06  -6.7181673E-06  -3.4575838E-07  -7.8682316E-07  -1.7955480E-03  -1.3101376E-05  -2.4911763E-04  -7.7022320E-03  -3.8811827E-04  -1.2548448E-03   7.2626680E-04   4.3191893E-04   3.5743558E-04  -4.6869032E-04  -5.6511069E-04  -4.0682288E-04   2.6155004E-04   8.5955003E-04   5.3332602E-05   7.4082120E-04   9.1004369E-05  -7.5778237E-04   4.9714188E-08  -2.5386784E-07
 -9.7158105E-08   6.3631759E-07  -3.6413946E-07  -6.4583411E-06   7.1660220E-06  -1.2064038E-05  -1.8932704E-06  -4.1274091E-07   8.4511720E-04  -2.2117931E-04   5.0091194E-05   5.2674213E-04  -8.5657428E-03  -2.9175058E-03  -4.9698994E-03   2.2807421E-04   2.7376425E-04   1.1832166E-04  -3.6542637E-03  -2.5970963E-03   8.8290031E-05   5.3332602E-05   7.2182400E-03  -2.9799978E-04   6.6886824E-04   4.3913013E-03   1.0037959E-07   4.3904937E-07
 -2.5387313E-07   1.5278732E-06  -4.4174541E-07  -1.0497228E-05   4.0601057E-07  -2.3285924E-05  -4.2858571E-06  -2.8476023E-06  -5.8240728E-03  -4.0574350E-05   2.0422139E-04   7.1320511E-03   2.6216656E-03   4.6880535E-03   9.9284218E-03  -5.7660991E-04  -3.0496737E-04   5.3940486E-04   4.0792815E-04   3.5112459E-03  -3.5331350E-04   7.4082120E-04  -2.9799978E-04   2.8673217E-03   5.6840226E-04  -9.9146961E-04   5.1593968E-08  -1.5057717E-07
 -6.2186784E-07   3.6944117E-06  -4.4987620E-07   2.9179150E-07   1.2224654E-04   4.7090376E-06  -6.9108421E-06  -5.7639558E-07   1.1158820E-03   1.0205816E-04   7.9959084E-04   6.1137478E-03   4.8065974E-03   5.9791129E-03   2.3541044E-03  -4.3225603E-04   4.2630004E-04   1.6019532E-03   2.1908102E-03  -1.3764418E-03  -8.3444661E-05   9.1004369E-05   6.6886824E-04   5.6840226E-04   6.3723220E-03   7.8272390E-03   6.3025094E-10  -5.0278255E-07
 -2.7545031E-06   1.8546201E-05  -2.4630462E-06  -3.2709534E-05   6.5355516E-04  -1.5408714E-05  -3.9506766E-05   1.0849464E-05   2.6565616E-02  -3.5187332E-04  -6.4881686E-03   1.1426325E-01   3.2498721E-02  -7.7996628E-03  -2.3341035E-02   6.7446455E-03  -2.3183410E-03   3.6587958E-04  -2.2356528E-03  -2.4475737E-02  -1.3721356E-04  -7.5778237E-04   4.3913013E-03  -9.9146961E-04   7.8272390E-03   7.2129927E-02   4.9467718E-07  -8.9348146E-07
  3.7382208E-09  -1.8220608E-08   6.6497896E-10   3.0626261E-08   4.7270669E-07   1.3323431E-07  -4.8397110E-08  -1.8920333E-08  -2.1650190E-04   5.2049362E-06   9.4878731E-05   3.8583690E-03   1.4427518E-04   4.5142650E-04   4.4751328E-04  -7.8559146E-05   1.5528777E-04  -1.9095583E-04  -4.0504306E-05   6.8397251E-05   2.6166503E-07   4.9714188E-08   1.0037959E-07   5.1593968E-08   6.3025094E-10   4.9467718E-07   3.6821984E-07  -9.0636215E-09
 -2.1834383E-09   1.7101327E-08  -1.5537360E-09  -5.8964617E-08   1.0518464E-06  -9.5311367E-08  -1.0138053E-07   2.0444886E-09   7.4278491E-04   7.1723892E-07  -5.2005374E-05   4.9252842E-04   1.1000010E-04  -3.7827703E-04  -1.3991697E-03   3.3004455E-05  -7.3632527E-06  -4.9632550E-05   3.8096967E-04   8.8388170E-04  -2.2121159E-07  -2.5386784E-07   4.3904937E-07  -1.5057717E-07  -5.0278255E-07  -8.9348146E-07  -9.0636215E-09   3.9020432E-07
