# omegabh2 omegach2 theta tau w logA ns calPlanck acib217 xi asz143 aps100 aps143 aps143217 aps217 aksz kgal100 kgal143 kgal143217 kgal217 cal0 cal2
    0.5536062E-07   -0.2948586E-06    0.4924952E-07    0.1943906E-05   -0.2915685E-05    0.3399981E-05    0.8527029E-06    0.4386786E-07   -0.2143908E-03    0.4865433E-05    0.5517075E-04   -0.8947159E-03   -0.5539959E-03   -0.1384878E-03    0.2187769E-04   -0.9426562E-04    0.3245329E-05    0.2539216E-05   -0.2681418E-04    0.2034356E-04    0.5953376E-08   -0.1815161E-07
   -0.2948586E-06    0.4947506E-05   -0.4872224E-06   -0.1770651E-04   -0.4222418E-04   -0.2428218E-04   -0.1147281E-04   -0.2685119E-06    0.5474029E-03   -0.1596819E-04   -0.2227315E-03    0.3023379E-02    0.2136371E-02    0.7023725E-03    0.2946619E-03    0.4110962E-03   -0.1142226E-04   -0.4365900E-07    0.2895704E-04    0.1701726E-04   -0.4397855E-07    0.2145140E-07
    0.4924952E-07   -0.4872224E-06    0.2304927E-06    0.2189887E-05    0.4194720E-05    0.3460587E-05    0.1410054E-05    0.1851242E-07   -0.2976684E-04    0.3955728E-05    0.1876673E-04   -0.2435549E-03   -0.1901398E-03   -0.5313996E-04   -0.1087322E-03   -0.4487506E-04   -0.3284247E-06    0.5739001E-05    0.1706759E-04    0.1582902E-05    0.2631079E-08    0.2997592E-08
    0.1943906E-05   -0.1770651E-04    0.2189887E-05    0.3777597E-03    0.5134927E-03    0.7118410E-03    0.5771606E-04   -0.8443032E-06   -0.1500306E-01    0.3194372E-03    0.3755956E-02   -0.7188419E-01   -0.2900093E-01   -0.2514826E-02    0.7372616E-02   -0.6898532E-02   -0.5650795E-03   -0.6500007E-03   -0.7341633E-03    0.2405326E-02    0.8035356E-07   -0.1166407E-05
   -0.2915685E-05   -0.4222418E-04    0.4194720E-05    0.5134927E-03    0.9380098E-01    0.8756074E-03    0.1625285E-03    0.1413976E-05    0.2841012E-01   -0.2764459E-03   -0.9614894E-02    0.1703731E+00    0.3482997E-01   -0.1663371E-01   -0.2213524E-01    0.8897392E-02    0.3385472E-02    0.1273719E-02    0.1461172E-01    0.2140895E-01   -0.3077653E-05    0.9849557E-05
    0.3399981E-05   -0.2428218E-04    0.3460587E-05    0.7118410E-03    0.8756074E-03    0.1391298E-02    0.8791863E-04    0.1052025E-04   -0.2914179E-01    0.6394485E-03    0.7050160E-02   -0.1347759E+00   -0.5246504E-01   -0.1212518E-02    0.2140062E-01   -0.1406346E-01   -0.1378882E-02   -0.1900080E-02   -0.2154708E-02    0.6166703E-02    0.2340763E-06   -0.2509878E-05
    0.8527029E-06   -0.1147281E-04    0.1410054E-05    0.5771606E-04    0.1625285E-03    0.8791863E-04    0.3939957E-04    0.8919154E-06   -0.5632967E-02    0.1502080E-03    0.1841724E-02   -0.3479704E-01   -0.1146850E-01    0.1569239E-02    0.4748961E-02   -0.3972354E-02    0.3961412E-03   -0.1482218E-03   -0.5167615E-03    0.3579939E-03   -0.1166977E-06   -0.4098756E-06
    0.4386786E-07   -0.2685119E-06    0.1851242E-07   -0.8443032E-06    0.1413976E-05    0.1052025E-04    0.8919154E-06    0.6352298E-05    0.8500784E-03   -0.8758901E-05    0.1178121E-04    0.1681263E-02    0.2185564E-04   -0.1128398E-03    0.9546723E-03   -0.1644152E-03    0.1987817E-04   -0.2530866E-04   -0.1893444E-03    0.4429641E-03   -0.4829568E-07   -0.6355323E-07
   -0.2143908E-03    0.5474029E-03   -0.2976684E-04   -0.1500306E-01    0.2841012E-01   -0.2914179E-01   -0.5632967E-02    0.8500784E-03    0.4831440E+02   -0.4665717E+00   -0.1594916E+01    0.4123506E+02    0.1133473E+01   -0.2051617E+02   -0.6551683E+02    0.4574537E+00   -0.3431969E+00    0.4115660E+00   -0.3096762E+01   -0.2475422E+02   -0.2724367E-03    0.4355970E-02
    0.4865433E-05   -0.1596819E-04    0.3955728E-05    0.3194372E-03   -0.2764459E-03    0.6394485E-03    0.1502080E-03   -0.8758901E-05   -0.4665717E+00    0.8205185E-01   -0.6725805E-01   -0.4701408E+00    0.9107864E+00    0.1722444E+01    0.7125517E+00    0.6197669E-01    0.1966230E-02    0.5808609E-02    0.7467983E-01    0.6482554E-01    0.7915401E-05   -0.1680541E-04
    0.5517075E-04   -0.2227315E-03    0.1876673E-04    0.3755956E-02   -0.9614894E-02    0.7050160E-02    0.1841724E-02    0.1178121E-04   -0.1594916E+01   -0.6725805E-01    0.3806070E+01   -0.2973461E+02   -0.3806353E+01    0.7924569E+01    0.6650789E+01   -0.2829352E+01   -0.1784851E+00    0.3503969E-01    0.2471403E+01    0.2080090E+01    0.1974928E-03   -0.3454955E-03
   -0.8947159E-03    0.3023379E-02   -0.2435549E-03   -0.7188419E-01    0.1703731E+00   -0.1347759E+00   -0.3479704E-01    0.1681263E-02    0.4123506E+02   -0.4701408E+00   -0.2973461E+02    0.7246127E+03    0.7242674E+02   -0.5721051E+02   -0.6773403E+02    0.1498551E+02   -0.7982495E+00    0.3827422E+00   -0.1295339E+02   -0.1804885E+02    0.4599886E-02    0.4029270E-02
   -0.5539959E-03    0.2136371E-02   -0.1901398E-03   -0.2900093E-01    0.3482997E-01   -0.5246504E-01   -0.1146850E-01    0.2185564E-04    0.1133473E+01    0.9107864E+00   -0.3806353E+01    0.7242674E+02    0.6061153E+02    0.4206936E+02    0.1855531E+02   -0.4256739E+01   -0.3200314E+00   -0.9547166E+00    0.3864546E+01    0.3640274E+01    0.2237427E-03    0.1533947E-03
   -0.1384878E-03    0.7023725E-03   -0.5313996E-04   -0.2514826E-02   -0.1663371E-01   -0.1212518E-02    0.1569239E-02   -0.1128398E-03   -0.2051617E+02    0.1722444E+01    0.7924569E+01   -0.5721051E+02    0.4206936E+02    0.9314644E+02    0.6662516E+02   -0.1256734E+02   -0.5424117E+00   -0.4369202E+00    0.4350714E+01    0.5155808E+01    0.8078762E-03   -0.2521997E-02
    0.2187769E-04    0.2946619E-03   -0.1087322E-03    0.7372616E-02   -0.2213524E-01    0.2140062E-01    0.4748961E-02    0.9546723E-03   -0.6551683E+02    0.7125517E+00    0.6650789E+01   -0.6773403E+02    0.1855531E+02    0.6662516E+02    0.1263053E+03   -0.1067523E+02   -0.6944568E-01   -0.8291467E+00    0.7796183E+00    0.2174848E+02    0.7243958E-03   -0.7614773E-02
   -0.9426562E-04    0.4110962E-03   -0.4487506E-04   -0.6898532E-02    0.8897392E-02   -0.1406346E-01   -0.3972354E-02   -0.1644152E-03    0.4574537E+00    0.6197669E-01   -0.2829352E+01    0.1498551E+02   -0.4256739E+01   -0.1256734E+02   -0.1067523E+02    0.6492203E+01    0.7132770E-01   -0.4059526E-01   -0.2040207E+01   -0.1638196E+01   -0.1600556E-03    0.1751942E-03
    0.3245329E-05   -0.1142226E-04   -0.3284247E-06   -0.5650795E-03    0.3385472E-02   -0.1378882E-02    0.3961412E-03    0.1987817E-04   -0.3431969E+00    0.1966230E-02   -0.1784851E+00   -0.7982495E+00   -0.3200314E+00   -0.5424117E+00   -0.6944568E-01    0.7132770E-01    0.3225421E+01    0.6838436E+00    0.3400638E+00    0.7302091E+00    0.4114138E-03   -0.2110223E-05
    0.2539216E-05   -0.4365900E-07    0.5739001E-05   -0.6500007E-03    0.1273719E-02   -0.1900080E-02   -0.1482218E-03   -0.2530866E-04    0.4115660E+00    0.5808609E-02    0.3503969E-01    0.3827422E+00   -0.9547166E+00   -0.4369202E+00   -0.8291467E+00   -0.4059526E-01    0.6838436E+00    0.3101045E+01    0.2329704E+01    0.1325349E+01   -0.4105617E-03   -0.1781717E-03
   -0.2681418E-04    0.2895704E-04    0.1706759E-04   -0.7341633E-03    0.1461172E-01   -0.2154708E-02   -0.5167615E-03   -0.1893444E-03   -0.3096762E+01    0.7467983E-01    0.2471403E+01   -0.1295339E+02    0.3864546E+01    0.4350714E+01    0.7796183E+00   -0.2040207E+01    0.3400638E+00    0.2329704E+01    0.1792400E+02    0.2734584E+02   -0.1555684E-05    0.2435755E-02
    0.2034356E-04    0.1701726E-04    0.1582902E-05    0.2405326E-02    0.2140895E-01    0.6166703E-02    0.3579939E-03    0.4429641E-03   -0.2475422E+02    0.6482554E-01    0.2080090E+01   -0.1804885E+02    0.3640274E+01    0.5155808E+01    0.2174848E+02   -0.1638196E+01    0.7302091E+00    0.1325349E+01    0.2734584E+02    0.6193442E+02    0.1274795E-03    0.4351183E-02
    0.5953376E-08   -0.4397855E-07    0.2631079E-08    0.8035356E-07   -0.3077653E-05    0.2340763E-06   -0.1166977E-06   -0.4829568E-07   -0.2724367E-03    0.7915401E-05    0.1974928E-03    0.4599886E-02    0.2237427E-03    0.8078762E-03    0.7243958E-03   -0.1600556E-03    0.4114138E-03   -0.4105617E-03   -0.1555684E-05    0.1274795E-03    0.5379222E-06    0.9333388E-08
   -0.1815161E-07    0.2145140E-07    0.2997592E-08   -0.1166407E-05    0.9849557E-05   -0.2509878E-05   -0.4098756E-06   -0.6355323E-07    0.4355970E-02   -0.1680541E-04   -0.3454955E-03    0.4029270E-02    0.1533947E-03   -0.2521997E-02   -0.7614773E-02    0.1751942E-03   -0.2110223E-05   -0.1781717E-03    0.2435755E-02    0.4351183E-02    0.9333388E-08    0.2052651E-05
