# omegabh2 omegach2 theta tau ns logA aps100 aps143 aps217 acib143 acib217 asz143 psr cibr ncib cal0 cal2 xi aksz bm_1_1 bm_1_2 bm_1_3 bm_1_4 bm_1_5 bm_2_1 bm_2_2 bm_2_3 bm_2_4 bm_2_5 bm_3_1 bm_3_2 bm_3_3 bm_3_4 bm_3_5 bm_4_1 bm_4_2 bm_4_3 bm_4_4 bm_4_5 a_ps_act_148 a_ps_act_217 a_ps_spt_95 a_ps_spt_150 a_ps_spt_220 r_ps_spt_95x150 r_ps_spt_95x220 r_ps_150x220 act_dust_s act_dust_e cal_acts_148 cal_acts_217 cal_acte_148 cal_acte_217 cal_spt_95 cal_spt_150 cal_spt_220
    0.73345E-07   -0.38681E-06    0.77705E-07    0.92532E-06    0.10703E-05    0.10665E-05   -0.59356E-03   -0.78160E-03   -0.62330E-03    0.21663E-05    0.39591E-04    0.23644E-04   -0.13501E-05   -0.26091E-06    0.80135E-06    0.70677E-09    0.17198E-08   -0.46350E-05   -0.53940E-04   -0.17698E-04   -0.12866E-04    0.17836E-05   -0.49307E-06    0.91739E-06    0.35691E-06   -0.91580E-06    0.38843E-05   -0.39338E-07    0.30822E-06    0.29613E-06   -0.52746E-05   -0.55214E-05    0.97566E-07   -0.21073E-05   -0.12815E-07    0.70675E-06   -0.18844E-05   -0.58207E-05    0.15568E-05    0.97398E-05    0.88895E-04    0.22979E-04    0.21524E-04    0.94889E-04   -0.46137E-06   -0.64058E-06   -0.48988E-07   -0.60654E-06   -0.39200E-06    0.38797E-06    0.40881E-06    0.41458E-06    0.42799E-06    0.81836E-06    0.77119E-06    0.51168E-06
   -0.38681E-06    0.71614E-05   -0.71750E-06   -0.10739E-04   -0.16110E-04   -0.42678E-05    0.22747E-02    0.30966E-02    0.28515E-02    0.10407E-04   -0.10946E-03   -0.25801E-04    0.55003E-05    0.79392E-06   -0.27746E-05   -0.22089E-07   -0.96873E-08    0.12378E-06   -0.44471E-04    0.13453E-03    0.20775E-04   -0.57545E-04    0.10089E-04   -0.13147E-05    0.39420E-04    0.11060E-04   -0.49701E-04    0.31790E-05   -0.34637E-04    0.39546E-04    0.40078E-04    0.16567E-04   -0.29787E-04   -0.45842E-05    0.59898E-04    0.92604E-05    0.16147E-04    0.65793E-04    0.41096E-05   -0.37323E-04   -0.34479E-03   -0.99724E-04   -0.79403E-04   -0.46413E-03    0.41235E-05    0.36070E-05   -0.37412E-06   -0.19546E-05   -0.23267E-05   -0.17616E-05   -0.20124E-05   -0.17824E-05   -0.19849E-05   -0.40714E-05   -0.32877E-05   -0.25028E-05
    0.77705E-07   -0.71750E-06    0.40386E-06    0.16335E-05    0.21683E-05    0.19046E-05   -0.28060E-03   -0.49243E-03   -0.31468E-03   -0.90826E-07   -0.20754E-05    0.11766E-04   -0.11042E-05   -0.98425E-08    0.12021E-06    0.27701E-08    0.38781E-08   -0.66916E-06   -0.12035E-04   -0.11486E-04   -0.14903E-06    0.82271E-05   -0.62332E-05    0.61399E-06   -0.14735E-05   -0.46480E-06   -0.72812E-07   -0.58129E-05    0.51183E-05   -0.11087E-05    0.11505E-05   -0.45110E-05   -0.37543E-05    0.81648E-05   -0.11249E-05   -0.24589E-05   -0.15788E-05   -0.22214E-05   -0.29938E-05    0.63183E-05    0.57268E-04    0.12591E-04    0.11966E-04    0.75078E-04   -0.36235E-07    0.43874E-07   -0.10061E-07    0.25967E-07    0.11799E-05    0.27081E-06    0.23227E-06    0.31103E-06    0.26728E-06    0.62633E-06    0.53940E-06    0.30165E-06
    0.92532E-06   -0.10739E-04    0.16335E-05    0.16727E-03    0.34040E-04    0.30730E-03   -0.25966E-01   -0.16408E-01   -0.12993E-01   -0.42212E-04    0.14090E-02    0.44810E-03   -0.24080E-04   -0.10124E-04    0.32379E-04    0.22232E-07    0.80204E-07   -0.11919E-03   -0.17313E-02   -0.55108E-03   -0.17842E-03   -0.15814E-04    0.87477E-04    0.13806E-03    0.23557E-05    0.16893E-03    0.17706E-03    0.72738E-04   -0.92819E-04   -0.72420E-06   -0.19936E-03    0.98943E-05   -0.11021E-04   -0.51021E-04   -0.70734E-04    0.17734E-03    0.10837E-03   -0.91392E-04   -0.76376E-05    0.24824E-03    0.13713E-02    0.90497E-03    0.50519E-03    0.17189E-02   -0.31981E-04   -0.45917E-04   -0.40815E-05   -0.10358E-04   -0.72328E-05    0.75305E-05    0.85360E-05    0.82384E-05    0.90017E-05    0.15648E-04    0.14600E-04    0.75632E-05
    0.10703E-05   -0.16110E-04    0.21683E-05    0.34040E-04    0.52233E-04    0.26397E-04   -0.37379E-01   -0.20945E-01   -0.14839E-01   -0.69144E-04    0.10484E-02    0.59865E-03   -0.36868E-04   -0.87841E-05    0.27912E-04   -0.38442E-07    0.29742E-06   -0.14156E-03   -0.11000E-02   -0.53320E-03   -0.31448E-03    0.90109E-04    0.19797E-04    0.39204E-04    0.20947E-03    0.10999E-03    0.12842E-03    0.38100E-04    0.56982E-04   -0.80032E-05   -0.15307E-03   -0.81566E-04    0.68906E-04   -0.31487E-04    0.11714E-03    0.11013E-03    0.69161E-04   -0.13897E-03    0.62341E-04    0.16976E-03    0.17004E-02    0.44601E-03    0.33146E-03    0.15852E-02   -0.22076E-04   -0.31651E-04   -0.70442E-06   -0.17102E-06    0.76870E-05    0.91362E-05    0.92096E-05    0.95708E-05    0.92264E-05    0.18496E-04    0.14947E-04    0.93362E-05
    0.10665E-05   -0.42678E-05    0.19046E-05    0.30730E-03    0.26397E-04    0.60715E-03   -0.56837E-01   -0.28578E-01   -0.20736E-01   -0.12262E-03    0.29463E-02    0.95109E-03   -0.37363E-04   -0.20617E-04    0.69808E-04    0.58835E-07    0.42588E-06   -0.28017E-03   -0.39025E-02   -0.37259E-03   -0.23057E-03   -0.20529E-03    0.18847E-03    0.29353E-03    0.45489E-03    0.47629E-03    0.18941E-03    0.16458E-03   -0.30450E-03    0.10855E-03   -0.26174E-03   -0.89233E-05   -0.13635E-03   -0.17783E-03    0.26849E-03    0.48915E-03    0.33414E-03    0.41512E-04    0.12078E-04    0.41944E-03    0.18448E-02    0.16641E-02    0.83264E-03    0.21925E-02   -0.62512E-04   -0.91969E-04   -0.91629E-05   -0.21952E-04   -0.19251E-04    0.12030E-04    0.12853E-04    0.13200E-04    0.13741E-04    0.23390E-04    0.22318E-04    0.90083E-05
   -0.59356E-03    0.22747E-02   -0.28060E-03   -0.25966E-01   -0.37379E-01   -0.56837E-01    0.16054E+04    0.85654E+02    0.21950E+02    0.13859E+00   -0.15783E+01   -0.10690E+02   -0.38601E-01   -0.90540E-01   -0.66031E-01    0.12144E-02   -0.30569E-02    0.95456E+00    0.77722E+01    0.16452E+02   -0.67350E+01   -0.17980E+00   -0.17782E+00   -0.40796E+00   -0.20952E+01   -0.49096E+01   -0.97147E+00   -0.11583E+01   -0.12581E+01    0.10371E+00    0.42987E+00    0.47331E+00   -0.65940E+00   -0.31814E+01   -0.78908E+00   -0.22768E+01   -0.25902E+01   -0.45394E+00    0.21494E+01    0.36120E+00   -0.82649E+00    0.45496E+01   -0.49593E+00    0.16395E+01   -0.38145E-01   -0.32356E+00   -0.67617E-01    0.14731E-01    0.68176E-01   -0.25375E-01    0.61801E-02   -0.23618E-01    0.24593E-02   -0.69557E-01   -0.31073E-01   -0.11532E-02
   -0.78160E-03    0.30966E-02   -0.49243E-03   -0.16408E-01   -0.20945E-01   -0.28578E-01    0.85654E+02    0.64074E+02    0.17402E+02    0.14476E+00    0.25698E-01   -0.20305E+01    0.33983E-01    0.16815E-01   -0.26227E-01   -0.71216E-05   -0.91579E-03    0.19301E+00    0.60872E+00    0.61723E-01   -0.31226E-01    0.15094E-01   -0.16972E-01   -0.29820E-01    0.21868E+00   -0.25571E+00   -0.12937E+00   -0.21517E+00   -0.26666E-01   -0.15150E+00    0.14293E+00    0.86975E-01   -0.64903E-01    0.81758E-01    0.12150E+00   -0.90528E-01   -0.29145E+00   -0.36348E-01    0.81024E-02    0.21692E+00   -0.18705E+01    0.91956E+00   -0.23632E+00   -0.11503E+01    0.65208E-02   -0.52525E-01   -0.28691E-01    0.13073E-01    0.22555E-01   -0.12907E-01   -0.79331E-02   -0.13366E-01   -0.74103E-02   -0.26941E-01   -0.19832E-01   -0.76530E-02
   -0.62330E-03    0.28515E-02   -0.31468E-03   -0.12993E-01   -0.14839E-01   -0.20736E-01    0.21950E+02    0.17402E+02    0.95852E+02   -0.10766E+01   -0.34310E+02    0.35324E+00   -0.35737E+00   -0.45116E-01   -0.45030E+00    0.30502E-05    0.24745E-04    0.25871E-01    0.91690E+00    0.12359E+00    0.14741E+00   -0.10152E-01    0.99202E-01   -0.12069E+00    0.16324E+00   -0.20350E-01    0.58840E-01   -0.14334E+00    0.23865E+00    0.11326E+00    0.39484E+00   -0.79195E-01    0.27698E+00    0.11803E+00    0.20478E+00    0.79252E-01    0.60777E-01   -0.47536E-01   -0.13530E+00    0.15357E+00    0.17667E+02   -0.81632E+00    0.55328E+00    0.88634E+01   -0.42614E-01   -0.79834E-01    0.24974E-02    0.15294E-01    0.44705E-01   -0.51860E-02   -0.27390E-01   -0.51160E-02   -0.31313E-01   -0.76171E-02   -0.10051E-01   -0.56053E-01
    0.21663E-05    0.10407E-04   -0.90826E-07   -0.42212E-04   -0.69144E-04   -0.12262E-03    0.13859E+00    0.14476E+00   -0.10766E+01    0.64652E+00    0.11577E+01    0.54547E+00    0.24226E-02   -0.26540E-02   -0.29629E-02   -0.28758E-05    0.68215E-04    0.39814E-02   -0.90704E+00   -0.86498E-02   -0.79915E-02    0.11618E-01   -0.10121E-02    0.10938E-01   -0.27887E-01   -0.11677E-01    0.32086E-02    0.16075E-01   -0.12776E-01    0.24481E-01   -0.18679E-01   -0.49796E-03   -0.12598E-01   -0.25649E-02   -0.53144E-02   -0.54959E-02   -0.30984E-02    0.48463E-02    0.20625E-01    0.56134E-01   -0.12032E+00   -0.21946E+00   -0.14193E-01    0.18504E-02    0.47927E-01    0.46290E-01   -0.42161E-02   -0.36171E-03   -0.20807E-02    0.86967E-04    0.42668E-03    0.13131E-03    0.36595E-03   -0.73396E-03    0.60468E-03    0.20456E-02
    0.39591E-04   -0.10946E-03   -0.20754E-05    0.14090E-02    0.10484E-02    0.29463E-02   -0.15783E+01    0.25698E-01   -0.34310E+02    0.11577E+01    0.21226E+02    0.18645E+01    0.21301E+00    0.30217E-01    0.28129E+00    0.52712E-05   -0.32480E-04   -0.35896E+00   -0.42433E+01    0.13065E+00   -0.14002E+00   -0.48246E-02   -0.95106E-01    0.79135E-01   -0.31185E-01    0.62857E-01   -0.71898E-01    0.26311E+00   -0.23227E+00   -0.11433E+00   -0.46043E+00   -0.57946E-02   -0.31388E+00   -0.19215E+00   -0.11232E+00   -0.53947E-01    0.69756E-02    0.11349E+00    0.27333E+00   -0.35058E+00   -0.11689E+02   -0.35465E-01   -0.71279E+00   -0.76273E+01    0.51060E-01    0.61192E-01   -0.10820E-01   -0.49397E-02   -0.14349E-01   -0.15700E-02    0.62734E-02   -0.19403E-02    0.86439E-02   -0.11312E-02   -0.28166E-02    0.19796E-01
    0.23644E-04   -0.25801E-04    0.11766E-04    0.44810E-03    0.59865E-03    0.95109E-03   -0.10690E+02   -0.20305E+01    0.35324E+00    0.54547E+00    0.18645E+01    0.19601E+01    0.17694E-01    0.23493E-01    0.14064E-01    0.19361E-05   -0.13860E-03   -0.18806E+00   -0.23692E+01    0.51532E-01    0.10012E-01    0.24541E-01   -0.10721E-01    0.22242E-01    0.43159E-01    0.19699E-01   -0.25975E-03    0.63532E-02   -0.98511E-02   -0.41589E-01   -0.15779E-01   -0.24433E-01   -0.28325E-01   -0.15012E-01    0.37631E-02    0.70031E-02   -0.19330E-03   -0.15671E-01    0.16350E-01   -0.71886E-01   -0.71485E+00   -0.79493E+00   -0.89259E-01   -0.10814E+01    0.42952E-01    0.70833E-01   -0.18171E-02   -0.27441E-03   -0.18223E-02    0.48844E-03   -0.26272E-02    0.43045E-03   -0.24640E-02    0.35858E-02    0.54773E-03   -0.15184E-02
   -0.13501E-05    0.55003E-05   -0.11042E-05   -0.24080E-04   -0.36868E-04   -0.37363E-04   -0.38601E-01    0.33983E-01   -0.35737E+00    0.24226E-02    0.21301E+00    0.17694E-01    0.44357E-02   -0.34359E-04    0.30363E-02    0.11680E-06   -0.30737E-05   -0.11452E-02   -0.19086E-01    0.10780E-02    0.18091E-02    0.10010E-02   -0.31544E-03    0.90379E-03    0.10265E-02   -0.23329E-02    0.10035E-02   -0.17645E-02    0.76104E-03   -0.11763E-02    0.68901E-03   -0.85010E-04   -0.12115E-03    0.26768E-03    0.27558E-03   -0.35013E-03   -0.24138E-02   -0.31766E-02   -0.20309E-02   -0.12578E-02   -0.14820E+00   -0.78336E-02   -0.35291E-02   -0.10342E+00    0.37225E-03    0.15074E-02    0.36127E-03   -0.23050E-04   -0.90476E-04   -0.36640E-04   -0.15650E-04   -0.46582E-04    0.24943E-04    0.55448E-05   -0.58203E-04    0.15080E-03
   -0.26091E-06    0.79392E-06   -0.98425E-08   -0.10124E-04   -0.87841E-05   -0.20617E-04   -0.90540E-01    0.16815E-01   -0.45116E-01   -0.26540E-02    0.30217E-01    0.23493E-01   -0.34359E-04    0.30194E-02   -0.20982E-03    0.13837E-07    0.41872E-05   -0.74867E-03   -0.16528E-01    0.83658E-03    0.39742E-03    0.34236E-03   -0.40734E-03   -0.11843E-03   -0.17412E-02    0.31314E-03   -0.46312E-03    0.61603E-03   -0.86557E-03    0.89848E-03   -0.83032E-03    0.11134E-03   -0.61085E-03   -0.14462E-03   -0.77670E-03   -0.23109E-03    0.61110E-03    0.12846E-02    0.13690E-03    0.63564E-02    0.69830E-03   -0.14057E-01    0.36014E-02    0.56071E-02    0.18510E-03    0.16052E-02   -0.43368E-03   -0.33797E-04   -0.31808E-04    0.20243E-05    0.32420E-04   -0.35898E-07    0.31033E-04    0.73601E-04    0.20793E-05    0.92994E-04
    0.80135E-06   -0.27746E-05    0.12021E-06    0.32379E-04    0.27912E-04    0.69808E-04   -0.66031E-01   -0.26227E-01   -0.45030E+00   -0.29629E-02    0.28129E+00    0.14064E-01    0.30363E-02   -0.20982E-03    0.51105E-02    0.18212E-06   -0.92716E-05   -0.54128E-02   -0.32805E-01    0.49653E-02   -0.54087E-02   -0.16602E-02   -0.23256E-02    0.10984E-02    0.22538E-02    0.47954E-02   -0.37992E-02    0.80224E-02   -0.55972E-02   -0.63475E-02   -0.11996E-01    0.65937E-05   -0.76503E-02   -0.57641E-02   -0.29358E-02   -0.10925E-02    0.39227E-02    0.64855E-02    0.91479E-02   -0.88754E-02   -0.19092E+00    0.40724E-02   -0.10770E-01   -0.13692E+00   -0.66011E-03   -0.31124E-03    0.25323E-03   -0.64976E-04   -0.10717E-03   -0.17757E-04    0.32779E-04   -0.26483E-04    0.75118E-04    0.36983E-04   -0.52280E-04    0.17061E-03
    0.70677E-09   -0.22089E-07    0.27701E-08    0.22232E-07   -0.38442E-07    0.58835E-07    0.12144E-02   -0.71216E-05    0.30502E-05   -0.28758E-05    0.52712E-05    0.19361E-05    0.11680E-06    0.13837E-07    0.18212E-06    0.15622E-06    0.95168E-08   -0.84564E-06    0.35454E-05   -0.27178E-04   -0.11312E-04   -0.41727E-05   -0.15978E-05    0.37992E-05    0.11463E-04    0.22202E-05    0.32764E-05    0.80960E-06    0.26948E-05    0.17448E-05   -0.16476E-05   -0.46914E-05    0.50865E-05   -0.17370E-05    0.90208E-05    0.46879E-05   -0.14321E-06   -0.39782E-05    0.21325E-05   -0.14176E-05   -0.67391E-05   -0.27042E-05   -0.21902E-05   -0.16529E-04   -0.22695E-06    0.84459E-07    0.95127E-07   -0.12118E-06    0.48656E-06   -0.11527E-07   -0.10717E-07    0.15915E-07   -0.44642E-08   -0.77747E-08   -0.30462E-07   -0.76066E-07
    0.17198E-08   -0.96873E-08    0.38781E-08    0.80204E-07    0.29742E-06    0.42588E-06   -0.30569E-02   -0.91579E-03    0.24745E-04    0.68215E-04   -0.32480E-04   -0.13860E-03   -0.30737E-05    0.41872E-05   -0.92716E-05    0.95168E-08    0.11400E-05    0.27978E-04    0.10461E-03    0.66892E-04    0.55948E-04   -0.14952E-04   -0.26886E-04   -0.11505E-04    0.39245E-03    0.33271E-04   -0.68212E-05    0.34913E-05    0.50037E-04   -0.37092E-03    0.33309E-04   -0.82597E-04    0.37644E-04    0.46696E-05    0.46615E-04    0.62385E-04   -0.50694E-04   -0.75880E-04    0.34013E-05    0.58524E-04    0.36833E-03    0.60720E-04    0.32396E-04    0.45565E-03    0.50951E-05    0.19971E-05   -0.29863E-05    0.41505E-06   -0.22976E-07    0.27950E-06    0.12796E-05    0.38400E-06    0.11634E-05   -0.10902E-06    0.50706E-06    0.15426E-05
   -0.46350E-05    0.12378E-06   -0.66916E-06   -0.11919E-03   -0.14156E-03   -0.28017E-03    0.95456E+00    0.19301E+00    0.25871E-01    0.39814E-02   -0.35896E+00   -0.18806E+00   -0.11452E-02   -0.74867E-03   -0.54128E-02   -0.84564E-06    0.27978E-04    0.65786E-01    0.37266E+00   -0.61791E-02   -0.10352E-02   -0.38963E-02    0.22647E-02   -0.42981E-02   -0.83237E-02   -0.34413E-02   -0.35234E-02   -0.93162E-03    0.25042E-02    0.61789E-02    0.27794E-02    0.31896E-02    0.26717E-02    0.46444E-02   -0.12204E-02   -0.38140E-02    0.54587E-04    0.66597E-02   -0.20653E-02    0.61071E-01    0.14375E+00    0.40525E-02    0.56441E-01    0.20572E+00    0.46646E-02    0.85352E-02    0.11988E-02    0.16501E-04    0.25512E-03    0.29992E-04    0.24591E-03    0.35682E-04    0.22080E-03   -0.23958E-03    0.22600E-03    0.53948E-03
   -0.53940E-04   -0.44471E-04   -0.12035E-04   -0.17313E-02   -0.11000E-02   -0.39025E-02    0.77722E+01    0.60872E+00    0.91690E+00   -0.90704E+00   -0.42433E+01   -0.23692E+01   -0.19086E-01   -0.16528E-01   -0.32805E-01    0.35454E-05    0.10461E-03    0.37266E+00    0.45855E+01   -0.41782E-01    0.14596E-01   -0.31960E-01    0.69125E-02   -0.28330E-01   -0.16581E-01   -0.41169E-02   -0.26004E-01   -0.31297E-01    0.30476E-01    0.17734E-01    0.34225E-01    0.21527E-01    0.41476E-01    0.40831E-01    0.76242E-02   -0.21189E-01    0.11265E-01    0.29434E-01   -0.46984E-01    0.78611E-01    0.12583E+01    0.34898E+00    0.22744E+00    0.16918E+01   -0.46189E-01   -0.31745E-01    0.17542E-01   -0.32826E-02   -0.37555E-02    0.55763E-03    0.26587E-02    0.64373E-03    0.24536E-02   -0.53612E-03    0.14698E-02    0.22013E-02
   -0.17698E-04    0.13453E-03   -0.11486E-04   -0.55108E-03   -0.53320E-03   -0.37259E-03    0.16452E+02    0.61723E-01    0.12359E+00   -0.86498E-02    0.13065E+00    0.51532E-01    0.10780E-02    0.83658E-03    0.49653E-02   -0.27178E-04    0.66892E-04   -0.61791E-02   -0.41782E-01    0.64891E+00   -0.14244E+00   -0.14510E-01    0.38923E-02    0.64203E-02    0.19550E+00   -0.48299E-01   -0.44276E-01   -0.10834E-01   -0.60317E-01    0.25910E-01    0.36397E-01   -0.25849E-01   -0.40410E-01   -0.11616E+00    0.17066E+00    0.33046E-01   -0.13725E-01    0.30742E-01    0.76279E-01   -0.49432E-02   -0.13644E+00   -0.35407E-01   -0.11604E-01   -0.15251E+00   -0.22092E-04    0.24655E-02    0.39965E-03    0.88318E-03    0.10722E-02   -0.66744E-05   -0.98274E-04    0.40756E-05   -0.15804E-03    0.87653E-04   -0.16240E-03   -0.35194E-03
   -0.12866E-04    0.20775E-04   -0.14903E-06   -0.17842E-03   -0.31448E-03   -0.23057E-03   -0.67350E+01   -0.31226E-01    0.14741E+00   -0.79915E-02   -0.14002E+00    0.10012E-01    0.18091E-02    0.39742E-03   -0.54087E-02   -0.11312E-04    0.55948E-04   -0.10352E-02    0.14596E-01   -0.14244E+00    0.92108E+00   -0.37846E-03    0.40564E-02    0.75173E-02   -0.14478E+00    0.19743E+00    0.56595E-01   -0.11142E-01    0.32817E-01   -0.12039E+00    0.85173E-02    0.34976E-01    0.15793E-01    0.16157E+00   -0.22236E+00    0.47586E-01    0.10993E+00    0.20481E-01   -0.22216E+00   -0.32113E-02    0.81078E-01   -0.10715E-01   -0.19212E-02    0.47297E-01   -0.54565E-03    0.27650E-03    0.16883E-03   -0.70143E-03   -0.10237E-02   -0.61022E-04   -0.25295E-03   -0.14098E-03   -0.26261E-03   -0.15939E-03   -0.14349E-03   -0.11324E-03
    0.17836E-05   -0.57545E-04    0.82271E-05   -0.15814E-04    0.90109E-04   -0.20529E-03   -0.17980E+00    0.15094E-01   -0.10152E-01    0.11618E-01   -0.48246E-02    0.24541E-01    0.10010E-02    0.34236E-03   -0.16602E-02   -0.41727E-05   -0.14952E-04   -0.38963E-02   -0.31960E-01   -0.14510E-01   -0.37846E-03    0.10049E+01   -0.35328E-02    0.45706E-02   -0.41153E-01   -0.18679E-01    0.16897E+00   -0.15945E-01    0.85828E-01   -0.16138E-01    0.43944E-01   -0.13627E-01   -0.17043E-01    0.10906E+00   -0.58803E-01    0.30736E-01    0.25399E-01   -0.18025E+00    0.94011E-01   -0.24379E-02    0.23273E-01   -0.26500E-02    0.13927E-02    0.83742E-02    0.45134E-03    0.11130E-02    0.15049E-04    0.23850E-03    0.66008E-03   -0.58731E-04   -0.10330E-03   -0.21767E-04   -0.46931E-04    0.13530E-03   -0.10659E-04    0.43232E-04
   -0.49307E-06    0.10089E-04   -0.62332E-05    0.87477E-04    0.19797E-04    0.18847E-03   -0.17782E+00   -0.16972E-01    0.99202E-01   -0.10121E-02   -0.95106E-01   -0.10721E-01   -0.31544E-03   -0.40734E-03   -0.23256E-02   -0.15978E-05   -0.26886E-04    0.22647E-02    0.69125E-02    0.38923E-02    0.40564E-02   -0.35328E-02    0.10043E+01   -0.37170E-02    0.59235E-01   -0.81223E-01    0.74614E-01   -0.93168E-01    0.59080E-01    0.86150E-01    0.11999E+00    0.48857E-01    0.14478E+00   -0.10569E+00    0.10164E+00    0.40275E-01    0.21036E-02   -0.11484E+00    0.53217E-01    0.53720E-02    0.65723E-01   -0.12675E-01    0.52387E-02    0.38701E-01    0.66981E-03   -0.44219E-03   -0.14736E-03    0.94431E-03    0.42541E-03    0.23617E-04    0.42359E-04    0.49418E-04   -0.56106E-04   -0.90153E-04    0.49971E-04   -0.18397E-03
    0.91739E-06   -0.13147E-05    0.61399E-06    0.13806E-03    0.39204E-04    0.29353E-03   -0.40796E+00   -0.29820E-01   -0.12069E+00    0.10938E-01    0.79135E-01    0.22242E-01    0.90379E-03   -0.11843E-03    0.10984E-02    0.37992E-05   -0.11505E-04   -0.42981E-02   -0.28330E-01    0.64203E-02    0.75173E-02    0.45706E-02   -0.37170E-02    0.99488E+00    0.35329E-01    0.53810E-01   -0.36595E-01    0.55255E-01    0.71045E-01    0.72623E-01   -0.78690E-01   -0.84903E-01    0.46951E-01    0.46695E-01    0.95358E-01   -0.65994E-01    0.90166E-01   -0.17368E-01    0.10271E-02   -0.10973E-02   -0.76616E-01   -0.54173E-02   -0.39838E-02   -0.18520E-01    0.42195E-03    0.90876E-03    0.52469E-04   -0.13050E-02   -0.76700E-03    0.41742E-04   -0.14021E-03    0.32063E-04    0.65619E-05    0.38865E-04    0.90526E-04   -0.19868E-04
    0.35691E-06    0.39420E-04   -0.14735E-05    0.23557E-05    0.20947E-03    0.45489E-03   -0.20952E+01    0.21868E+00    0.16324E+00   -0.27887E-01   -0.31185E-01    0.43159E-01    0.10265E-02   -0.17412E-02    0.22538E-02    0.11463E-04    0.39245E-03   -0.83237E-02   -0.16581E-01    0.19550E+00   -0.14478E+00   -0.41153E-01    0.59235E-01    0.35329E-01    0.77428E+00   -0.26765E-01   -0.13942E-01   -0.16371E-01   -0.10169E-01    0.81129E-01    0.11622E+00   -0.89299E-01    0.73971E-02   -0.79540E-01    0.62894E+00    0.21480E+00   -0.45221E-01   -0.31651E-01    0.87553E-01   -0.57737E-02    0.24107E-01   -0.11968E-01    0.26981E-02   -0.22916E-01   -0.21021E-02   -0.75612E-03    0.10292E-02    0.67274E-03    0.43341E-03    0.28353E-03    0.76476E-04    0.33751E-03    0.83756E-04    0.72669E-03    0.28003E-03   -0.17482E-03
   -0.91580E-06    0.11060E-04   -0.46480E-06    0.16893E-03    0.10999E-03    0.47629E-03   -0.49096E+01   -0.25571E+00   -0.20350E-01   -0.11677E-01    0.62857E-01    0.19699E-01   -0.23329E-02    0.31314E-03    0.47954E-02    0.22202E-05    0.33271E-04   -0.34413E-02   -0.41169E-02   -0.48299E-01    0.19743E+00   -0.18679E-01   -0.81223E-01    0.53810E-01   -0.26765E-01    0.98886E+00    0.12827E-01    0.30607E-02   -0.11583E-01    0.54348E-01   -0.11164E-01   -0.58390E-01   -0.99121E-02    0.13688E+00   -0.89402E-01    0.26248E+00    0.76911E+00    0.28730E+00   -0.19662E+00   -0.65416E-02   -0.99690E-01   -0.41584E-02   -0.32726E-02   -0.73947E-01   -0.63617E-03    0.10405E-02    0.55115E-03    0.59804E-03    0.10041E-03    0.11991E-03   -0.16266E-04    0.14148E-03   -0.11746E-03    0.28525E-03    0.12074E-03   -0.19142E-03
    0.38843E-05   -0.49701E-04   -0.72812E-07    0.17706E-03    0.12842E-03    0.18941E-03   -0.97147E+00   -0.12937E+00    0.58840E-01    0.32086E-02   -0.71898E-01   -0.25975E-03    0.10035E-02   -0.46312E-03   -0.37992E-02    0.32764E-05   -0.68212E-05   -0.35234E-02   -0.26004E-01   -0.44276E-01    0.56595E-01    0.16897E+00    0.74614E-01   -0.36595E-01   -0.13942E-01    0.12827E-01    0.98530E+00   -0.56960E-03   -0.13650E-02    0.73084E-01   -0.41070E-01    0.13708E+00    0.16365E+00   -0.14555E+00   -0.20579E+00    0.62765E+00    0.14644E+00   -0.60780E+00    0.18031E+00   -0.69999E-03    0.96104E-01    0.93625E-02    0.23956E-02    0.94195E-01   -0.67982E-03   -0.10264E-02   -0.19881E-03    0.15565E-02    0.88278E-03   -0.38664E-04    0.29876E-05   -0.92341E-05    0.48735E-04   -0.66731E-04    0.38966E-04   -0.11892E-03
   -0.39338E-07    0.31790E-05   -0.58129E-05    0.72738E-04    0.38100E-04    0.16458E-03   -0.11583E+01   -0.21517E+00   -0.14334E+00    0.16075E-01    0.26311E+00    0.63532E-02   -0.17645E-02    0.61603E-03    0.80224E-02    0.80960E-06    0.34913E-05   -0.93162E-03   -0.31297E-01   -0.10834E-01   -0.11142E-01   -0.15945E-01   -0.93168E-01    0.55255E-01   -0.16371E-01    0.30607E-02   -0.56960E-03    0.98439E+00    0.77639E-02   -0.17490E-01   -0.94647E-01   -0.14676E+00   -0.29347E-01   -0.90249E-01   -0.74465E-01    0.69535E-01   -0.41183E-01    0.29935E+00    0.66505E+00   -0.11242E-03   -0.21468E+00    0.14398E-01   -0.10487E-01   -0.12733E+00    0.90352E-03    0.94693E-03   -0.33918E-03    0.14649E-02    0.45591E-03    0.64766E-04   -0.22961E-05   -0.24234E-04   -0.20269E-04   -0.10573E-03   -0.80006E-04    0.26536E-03
    0.30822E-06   -0.34637E-04    0.51183E-05   -0.92819E-04    0.56982E-04   -0.30450E-03   -0.12581E+01   -0.26666E-01    0.23865E+00   -0.12776E-01   -0.23227E+00   -0.98511E-02    0.76104E-03   -0.86557E-03   -0.55972E-02    0.26948E-05    0.50037E-04    0.25042E-02    0.30476E-01   -0.60317E-01    0.32817E-01    0.85828E-01    0.59080E-01    0.71045E-01   -0.10169E-01   -0.11583E-01   -0.13650E-02    0.77639E-02    0.98701E+00   -0.64681E-01    0.79376E-01    0.34265E-01    0.15798E+00    0.70521E-02    0.11478E+00   -0.55975E+00    0.37791E+00   -0.33911E+00    0.22691E+00    0.49125E-02    0.14898E+00    0.43074E-03    0.68955E-02    0.10349E+00   -0.78074E-03   -0.10769E-02    0.20268E-03    0.78769E-03   -0.19910E-02    0.39721E-04   -0.13415E-03    0.56590E-04   -0.58333E-04   -0.77883E-05    0.44376E-05   -0.12476E-03
    0.29613E-06    0.39546E-04   -0.11087E-05   -0.72420E-06   -0.80032E-05    0.10855E-03    0.10371E+00   -0.15150E+00    0.11326E+00    0.24481E-01   -0.11433E+00   -0.41589E-01   -0.11763E-02    0.89848E-03   -0.63475E-02    0.17448E-05   -0.37092E-03    0.61789E-02    0.17734E-01    0.25910E-01   -0.12039E+00   -0.16138E-01    0.86150E-01    0.72623E-01    0.81129E-01    0.54348E-01    0.73084E-01   -0.17490E-01   -0.64681E-01    0.86081E+00    0.25728E-02   -0.30459E-01   -0.28652E-02   -0.88642E-02    0.60351E+00    0.17994E+00    0.11354E+00    0.46780E-01   -0.80378E-01    0.15102E-01    0.20803E+00    0.23779E-01    0.11162E-01    0.17434E+00    0.13680E-02   -0.55607E-03   -0.10427E-02    0.47837E-03    0.67365E-03    0.93409E-04    0.37063E-03    0.83614E-04    0.33737E-03   -0.17124E-03    0.15700E-03    0.27752E-03
   -0.52746E-05    0.40078E-04    0.11505E-05   -0.19936E-03   -0.15307E-03   -0.26174E-03    0.42987E+00    0.14293E+00    0.39484E+00   -0.18679E-01   -0.46043E+00   -0.15779E-01    0.68901E-03   -0.83032E-03   -0.11996E-01   -0.16476E-05    0.33309E-04    0.27794E-02    0.34225E-01    0.36397E-01    0.85173E-02    0.43944E-01    0.11999E+00   -0.78690E-01    0.11622E+00   -0.11164E-01   -0.41070E-01   -0.94647E-01    0.79376E-01    0.25728E-02    0.97759E+00    0.13760E-02   -0.93632E-02   -0.14193E-01    0.94037E-01    0.15870E+00   -0.70311E-02    0.13653E+00    0.16287E+00    0.78347E-02    0.33997E+00   -0.82531E-02    0.16156E-01    0.30908E+00   -0.12827E-02   -0.16746E-02   -0.18732E-03    0.17595E-02   -0.10144E-02   -0.54553E-04   -0.12103E-03   -0.36422E-04   -0.24586E-03   -0.28638E-03    0.61818E-04   -0.31819E-03
   -0.55214E-05    0.16567E-04   -0.45110E-05    0.98943E-05   -0.81566E-04   -0.89233E-05    0.47331E+00    0.86975E-01   -0.79195E-01   -0.49796E-03   -0.57946E-02   -0.24433E-01   -0.85010E-04    0.11134E-03    0.65937E-05   -0.46914E-05   -0.82597E-04    0.31896E-02    0.21527E-01   -0.25849E-01    0.34976E-01   -0.13627E-01    0.48857E-01   -0.84903E-01   -0.89299E-01   -0.58390E-01    0.13708E+00   -0.14676E+00    0.34265E-01   -0.30459E-01    0.13760E-02    0.99254E+00    0.71915E-02   -0.11367E-02   -0.12312E+00    0.39506E-01    0.15795E+00    0.20176E-01   -0.62105E-01    0.48915E-02   -0.56526E-03    0.15430E-01    0.80154E-03    0.15678E-01   -0.29548E-03   -0.87780E-03   -0.26717E-03   -0.83744E-03   -0.98781E-03   -0.85522E-04    0.20843E-04   -0.90181E-04    0.14123E-04   -0.22895E-03   -0.93930E-05    0.76128E-04
    0.97566E-07   -0.29787E-04   -0.37543E-05   -0.11021E-04    0.68906E-04   -0.13635E-03   -0.65940E+00   -0.64903E-01    0.27698E+00   -0.12598E-01   -0.31388E+00   -0.28325E-01   -0.12115E-03   -0.61085E-03   -0.76503E-02    0.50865E-05    0.37644E-04    0.26717E-02    0.41476E-01   -0.40410E-01    0.15793E-01   -0.17043E-01    0.14478E+00    0.46951E-01    0.73971E-02   -0.99121E-02    0.16365E+00   -0.29347E-01    0.15798E+00   -0.28652E-02   -0.93632E-02    0.71915E-02    0.98982E+00   -0.19039E-01   -0.15481E-01    0.32625E-01    0.13474E+00   -0.27360E+00    0.11974E+00    0.27236E-02    0.24937E+00    0.78617E-02    0.86142E-02    0.18167E+00   -0.11553E-02   -0.21035E-02   -0.41055E-04   -0.17327E-02   -0.18508E-03   -0.39007E-04    0.12142E-03   -0.44695E-05    0.57167E-04   -0.16283E-03    0.32591E-04   -0.24291E-03
   -0.21073E-05   -0.45842E-05    0.81648E-05   -0.51021E-04   -0.31487E-04   -0.17783E-03   -0.31814E+01    0.81758E-01    0.11803E+00   -0.25649E-02   -0.19215E+00   -0.15012E-01    0.26768E-03   -0.14462E-03   -0.57641E-02   -0.17370E-05    0.46696E-05    0.46444E-02    0.40831E-01   -0.11616E+00    0.16157E+00    0.10906E+00   -0.10569E+00    0.46695E-01   -0.79540E-01    0.13688E+00   -0.14555E+00   -0.90249E-01    0.70521E-02   -0.88642E-02   -0.14193E-01   -0.11367E-02   -0.19039E-01    0.97764E+00   -0.52229E-01   -0.66431E-01    0.22427E-01    0.18580E+00   -0.99269E-01    0.87324E-02    0.14627E+00   -0.31437E-02    0.55930E-02    0.12181E+00    0.19472E-03   -0.15909E-03    0.47832E-04    0.20286E-03   -0.19024E-03   -0.42074E-05   -0.80444E-04    0.10575E-04    0.45094E-04   -0.11007E-03    0.19797E-04   -0.36362E-04
   -0.12815E-07    0.59898E-04   -0.11249E-05   -0.70734E-04    0.11714E-03    0.26849E-03   -0.78908E+00    0.12150E+00    0.20478E+00   -0.53144E-02   -0.11232E+00    0.37631E-02    0.27558E-03   -0.77670E-03   -0.29358E-02    0.90208E-05    0.46615E-04   -0.12204E-02    0.76242E-02    0.17066E+00   -0.22236E+00   -0.58803E-01    0.10164E+00    0.95358E-01    0.62894E+00   -0.89402E-01   -0.20579E+00   -0.74465E-01    0.11478E+00    0.60351E+00    0.94037E-01   -0.12312E+00   -0.15481E-01   -0.52229E-01    0.96054E+00   -0.29904E-01    0.46427E-02    0.16246E-01   -0.69932E-02    0.61180E-02    0.15968E+00    0.48947E-02    0.97129E-02    0.93031E-01   -0.58717E-03   -0.93207E-03    0.12606E-03    0.33680E-03    0.19072E-03    0.27335E-03    0.28916E-03    0.30617E-03    0.28243E-03    0.43617E-03    0.28271E-03    0.81667E-04
    0.70675E-06    0.92604E-05   -0.24589E-05    0.17734E-03    0.11013E-03    0.48915E-03   -0.22768E+01   -0.90528E-01    0.79252E-01   -0.54959E-02   -0.53947E-01    0.70031E-02   -0.35013E-03   -0.23109E-03   -0.10925E-02    0.46879E-05    0.62385E-04   -0.38140E-02   -0.21189E-01    0.33046E-01    0.47586E-01    0.30736E-01    0.40275E-01   -0.65994E-01    0.21480E+00    0.26248E+00    0.62765E+00    0.69535E-01   -0.55975E+00    0.17994E+00    0.15870E+00    0.39506E-01    0.32625E-01   -0.66431E-01   -0.29904E-01    0.98009E+00    0.11643E-01    0.68584E-02   -0.78149E-02   -0.90150E-03    0.72101E-01    0.19886E-02    0.35234E-02    0.76151E-01   -0.73867E-03   -0.55026E-03   -0.19233E-04    0.17118E-02    0.19736E-02    0.66783E-04    0.74325E-04    0.75196E-04    0.27576E-04    0.89198E-04    0.16455E-03   -0.13608E-03
   -0.18844E-05    0.16147E-04   -0.15788E-05    0.10837E-03    0.69161E-04    0.33414E-03   -0.25902E+01   -0.29145E+00    0.60777E-01   -0.30984E-02    0.69756E-02   -0.19330E-03   -0.24138E-02    0.61110E-03    0.39227E-02   -0.14321E-06   -0.50694E-04    0.54587E-04    0.11265E-01   -0.13725E-01    0.10993E+00    0.25399E-01    0.21036E-02    0.90166E-01   -0.45221E-01    0.76911E+00    0.14644E+00   -0.41183E-01    0.37791E+00    0.11354E+00   -0.70311E-02    0.15795E+00    0.13474E+00    0.22427E-01    0.46427E-02    0.11643E-01    0.98444E+00   -0.15025E-01   -0.18079E-03   -0.46567E-03   -0.55671E-01    0.58072E-02   -0.24710E-02   -0.40062E-01   -0.22688E-03    0.71755E-03    0.11753E-03    0.75107E-03   -0.96849E-03    0.89213E-04    0.84728E-05    0.13273E-03   -0.75587E-04    0.11971E-03    0.13416E-03   -0.14624E-03
   -0.58207E-05    0.65793E-04   -0.22214E-05   -0.91392E-04   -0.13897E-03    0.41512E-04   -0.45394E+00   -0.36348E-01   -0.47536E-01    0.48463E-02    0.11349E+00   -0.15671E-01   -0.31766E-02    0.12846E-02    0.64855E-02   -0.39782E-05   -0.75880E-04    0.66597E-02    0.29434E-01    0.30742E-01    0.20481E-01   -0.18025E+00   -0.11484E+00   -0.17368E-01   -0.31651E-01    0.28730E+00   -0.60780E+00    0.29935E+00   -0.33911E+00    0.46780E-01    0.13653E+00    0.20176E-01   -0.27360E+00    0.18580E+00    0.16246E-01    0.68584E-02   -0.15025E-01    0.96456E+00   -0.50505E-02    0.65703E-02   -0.13906E+00    0.18522E-02   -0.22127E-02   -0.96987E-01    0.11671E-02    0.16417E-02   -0.19883E-03    0.96461E-04   -0.31800E-03    0.28057E-04    0.20316E-04   -0.23679E-04   -0.73735E-04   -0.10187E-03    0.24861E-04    0.15447E-03
    0.15568E-05    0.41096E-05   -0.29938E-05   -0.76376E-05    0.62341E-04    0.12078E-04    0.21494E+01    0.81024E-02   -0.13530E+00    0.20625E-01    0.27333E+00    0.16350E-01   -0.20309E-02    0.13690E-03    0.91479E-02    0.21325E-05    0.34013E-05   -0.20653E-02   -0.46984E-01    0.76279E-01   -0.22216E+00    0.94011E-01    0.53217E-01    0.10271E-02    0.87553E-01   -0.19662E+00    0.18031E+00    0.66505E+00    0.22691E+00   -0.80378E-01    0.16287E+00   -0.62105E-01    0.11974E+00   -0.99269E-01   -0.69932E-02   -0.78149E-02   -0.18079E-03   -0.50505E-02    0.98539E+00   -0.17798E-02   -0.22880E+00    0.18579E-01   -0.11563E-01   -0.14177E+00    0.40792E-03    0.94115E-03   -0.27020E-03    0.18748E-02   -0.47262E-03    0.58266E-06   -0.10164E-04    0.34558E-05    0.26964E-04   -0.31465E-04   -0.18919E-04    0.14676E-03
    0.97398E-05   -0.37323E-04    0.63183E-05    0.24824E-03    0.16976E-03    0.41944E-03    0.36120E+00    0.21692E+00    0.15357E+00    0.56134E-01   -0.35058E+00   -0.71886E-01   -0.12578E-02    0.63564E-02   -0.88754E-02   -0.14176E-05    0.58524E-04    0.61071E-01    0.78611E-01   -0.49432E-02   -0.32113E-02   -0.24379E-02    0.53720E-02   -0.10973E-02   -0.57737E-02   -0.65416E-02   -0.69999E-03   -0.11242E-03    0.49125E-02    0.15102E-01    0.78347E-02    0.48915E-02    0.27236E-02    0.87324E-02    0.61180E-02   -0.90150E-03   -0.46567E-03    0.65703E-02   -0.17798E-02    0.34056E+00    0.19676E+00    0.10508E-01    0.15074E+00    0.52781E+00    0.12855E-01    0.16567E-01   -0.46560E-02   -0.32449E-02   -0.21977E-02    0.61179E-03   -0.33336E-04    0.73175E-03   -0.26197E-04   -0.34223E-03    0.18737E-03    0.15373E-02
    0.88895E-04   -0.34479E-03    0.57268E-04    0.13713E-02    0.17004E-02    0.18448E-02   -0.82649E+00   -0.18705E+01    0.17667E+02   -0.12032E+00   -0.11689E+02   -0.71485E+00   -0.14820E+00    0.69830E-03   -0.19092E+00   -0.67391E-05    0.36833E-03    0.14375E+00    0.12583E+01   -0.13644E+00    0.81078E-01    0.23273E-01    0.65723E-01   -0.76616E-01    0.24107E-01   -0.99690E-01    0.96104E-01   -0.21468E+00    0.14898E+00    0.20803E+00    0.33997E+00   -0.56526E-03    0.24937E+00    0.14627E+00    0.15968E+00    0.72101E-01   -0.55671E-01   -0.13906E+00   -0.22880E+00    0.19676E+00    0.16049E+02    0.97575E-01    0.39295E+00    0.56955E+01   -0.18979E-02   -0.31824E-01   -0.11279E-01    0.18777E-01    0.14329E-01    0.23320E-02    0.21343E-01    0.26932E-02    0.13709E-01    0.70176E-03    0.35873E-02   -0.73626E-02
    0.22979E-04   -0.99724E-04    0.12591E-04    0.90497E-03    0.44601E-03    0.16641E-02    0.45496E+01    0.91956E+00   -0.81632E+00   -0.21946E+00   -0.35465E-01   -0.79493E+00   -0.78336E-02   -0.14057E-01    0.40724E-02   -0.27042E-05    0.60720E-04    0.40525E-02    0.34898E+00   -0.35407E-01   -0.10715E-01   -0.26500E-02   -0.12675E-01   -0.54173E-02   -0.11968E-01   -0.41584E-02    0.93625E-02    0.14398E-01    0.43074E-03    0.23779E-01   -0.82531E-02    0.15430E-01    0.78617E-02   -0.31437E-02    0.48947E-02    0.19886E-02    0.58072E-02    0.18522E-02    0.18579E-01    0.10508E-01    0.97575E-01    0.22216E+01   -0.11987E-01    0.25377E+00   -0.91484E-01   -0.10781E+00   -0.40301E-02    0.98091E-03    0.25075E-02   -0.43600E-03    0.12672E-02   -0.41605E-03    0.11490E-02    0.43043E-03   -0.14109E-03    0.59051E-03
    0.21524E-04   -0.79403E-04    0.11966E-04    0.50519E-03    0.33146E-03    0.83264E-03   -0.49593E+00   -0.23632E+00    0.55328E+00   -0.14193E-01   -0.71279E+00   -0.89259E-01   -0.35291E-02    0.36014E-02   -0.10770E-01   -0.21902E-05    0.32396E-04    0.56441E-01    0.22744E+00   -0.11604E-01   -0.19212E-02    0.13927E-02    0.52387E-02   -0.39838E-02    0.26981E-02   -0.32726E-02    0.23956E-02   -0.10487E-01    0.68955E-02    0.11162E-01    0.16156E-01    0.80154E-03    0.86142E-02    0.55930E-02    0.97129E-02    0.35234E-02   -0.24710E-02   -0.22127E-02   -0.11563E-01    0.15074E+00    0.39295E+00   -0.11987E-01    0.23958E+00    0.36934E+00    0.73135E-02    0.15135E-01   -0.42746E-04    0.33669E-03    0.13763E-02    0.21592E-03   -0.77098E-04    0.18347E-03   -0.12569E-03    0.48749E-03    0.30665E-03    0.18915E-03
    0.94889E-04   -0.46413E-03    0.75078E-04    0.17189E-02    0.15852E-02    0.21925E-02    0.16395E+01   -0.11503E+01    0.88634E+01    0.18504E-02   -0.76273E+01   -0.10814E+01   -0.10342E+00    0.56071E-02   -0.13692E+00   -0.16529E-04    0.45565E-03    0.20572E+00    0.16918E+01   -0.15251E+00    0.47297E-01    0.83742E-02    0.38701E-01   -0.18520E-01   -0.22916E-01   -0.73947E-01    0.94195E-01   -0.12733E+00    0.10349E+00    0.17434E+00    0.30908E+00    0.15678E-01    0.18167E+00    0.12181E+00    0.93031E-01    0.76151E-01   -0.40062E-01   -0.96987E-01   -0.14177E+00    0.52781E+00    0.56955E+01    0.25377E+00    0.36934E+00    0.16817E+02    0.41405E-02   -0.52235E-01   -0.25130E-01   -0.59417E-02   -0.69555E-02    0.22946E-02    0.25747E-02    0.23295E-02    0.11398E-02    0.10590E-02    0.58361E-02    0.31274E-01
   -0.46137E-06    0.41235E-05   -0.36235E-07   -0.31981E-04   -0.22076E-04   -0.62512E-04   -0.38145E-01    0.65208E-02   -0.42614E-01    0.47927E-01    0.51060E-01    0.42952E-01    0.37225E-03    0.18510E-03   -0.66011E-03   -0.22695E-06    0.50951E-05    0.46646E-02   -0.46189E-01   -0.22092E-04   -0.54565E-03    0.45134E-03    0.66981E-03    0.42195E-03   -0.21021E-02   -0.63617E-03   -0.67982E-03    0.90352E-03   -0.78074E-03    0.13680E-02   -0.12827E-02   -0.29548E-03   -0.11553E-02    0.19472E-03   -0.58717E-03   -0.73867E-03   -0.22688E-03    0.11671E-02    0.40792E-03    0.12855E-01   -0.18979E-02   -0.91484E-01    0.73135E-02    0.41405E-02    0.83930E-02    0.78661E-02   -0.18501E-03   -0.21991E-04   -0.11177E-03    0.17440E-04   -0.47932E-05    0.16227E-04   -0.34859E-05   -0.76610E-04    0.43775E-04    0.13882E-03
   -0.64058E-06    0.36070E-05    0.43874E-07   -0.45917E-04   -0.31651E-04   -0.91969E-04   -0.32356E+00   -0.52525E-01   -0.79834E-01    0.46290E-01    0.61192E-01    0.70833E-01    0.15074E-02    0.16052E-02   -0.31124E-03    0.84459E-07    0.19971E-05    0.85352E-02   -0.31745E-01    0.24655E-02    0.27650E-03    0.11130E-02   -0.44219E-03    0.90876E-03   -0.75612E-03    0.10405E-02   -0.10264E-02    0.94693E-03   -0.10769E-02   -0.55607E-03   -0.16746E-02   -0.87780E-03   -0.21035E-02   -0.15909E-03   -0.93207E-03   -0.55026E-03    0.71755E-03    0.16417E-02    0.94115E-03    0.16567E-01   -0.31824E-01   -0.10781E+00    0.15135E-01   -0.52235E-01    0.78661E-02    0.13843E-01    0.44545E-03    0.42241E-04    0.32068E-05    0.36106E-04   -0.58181E-04    0.30080E-04   -0.45513E-04    0.53797E-04    0.98798E-04   -0.10026E-04
   -0.48988E-07   -0.37412E-06   -0.10061E-07   -0.40815E-05   -0.70442E-06   -0.91629E-05   -0.67617E-01   -0.28691E-01    0.24974E-02   -0.42161E-02   -0.10820E-01   -0.18171E-02    0.36127E-03   -0.43368E-03    0.25323E-03    0.95127E-07   -0.29863E-05    0.11988E-02    0.17542E-01    0.39965E-03    0.16883E-03    0.15049E-04   -0.14736E-03    0.52469E-04    0.10292E-02    0.55115E-03   -0.19881E-03   -0.33918E-03    0.20268E-03   -0.10427E-02   -0.18732E-03   -0.26717E-03   -0.41055E-04    0.47832E-04    0.12606E-03   -0.19233E-04    0.11753E-03   -0.19883E-03   -0.27020E-03   -0.46560E-02   -0.11279E-01   -0.40301E-02   -0.42746E-04   -0.25130E-01   -0.18501E-03    0.44545E-03    0.48386E-03    0.33849E-04    0.44320E-04    0.37073E-05   -0.20598E-04    0.49497E-05   -0.16923E-04    0.42797E-04    0.15609E-04   -0.81962E-04
