# omegabh2 omegach2 theta tau logA ns nrun aps100 aps143 aps217 acib143 acib217 asz143 psr cibr ncib xi aksz cal0 cal2 calTE calEE bm_1_1
    0.3018091E-07   -0.1118793E-06    0.2094733E-07    0.8158666E-06    0.1537137E-05    0.2766932E-06   -0.3333610E-06   -0.9052307E-04   -0.8351706E-04    0.6313129E-04   -0.8110133E-04   -0.1254054E-03    0.8329706E-05   -0.2673182E-06    0.7526587E-06   -0.1814636E-05    0.1060348E-05   -0.1449241E-06    0.5895278E-08    0.1286568E-07   -0.1042793E-06   -0.2399066E-06    0.4837674E-05
   -0.1118793E-06    0.1950302E-05   -0.1773235E-06   -0.5360390E-05   -0.5776046E-05   -0.4534644E-05   -0.8335867E-06    0.2645297E-02    0.4280449E-03   -0.1945172E-03    0.3829165E-03    0.7634940E-03    0.7959878E-04    0.1831301E-06    0.1435272E-05    0.1628226E-04   -0.5627310E-05    0.5400801E-04   -0.4856843E-07    0.4525087E-07   -0.4332529E-07   -0.4928789E-06    0.7051625E-04
    0.2094733E-07   -0.1773235E-06    0.1042914E-06    0.6900071E-06    0.1045449E-05    0.5402100E-06   -0.1045100E-07   -0.5393458E-03    0.8591336E-04   -0.1090314E-03   -0.8149316E-04   -0.1583898E-04    0.1064806E-04   -0.9886331E-06    0.2615039E-05   -0.3203581E-06    0.4468179E-06    0.9839579E-05    0.8751911E-08   -0.1778806E-07   -0.2915203E-07    0.2843291E-07   -0.3897467E-05
    0.8158666E-06   -0.5360390E-05    0.6900071E-06    0.1934528E-03    0.3818874E-03    0.1716739E-04   -0.2706856E-04    0.1076633E-01    0.8223318E-02    0.7611507E-02   -0.4531337E-02   -0.5647349E-02   -0.1939064E-02   -0.7866201E-04   -0.7746277E-04   -0.4668857E-04   -0.3151340E-04   -0.1264197E-02    0.9829745E-07    0.1868699E-05   -0.1077103E-04   -0.5036203E-05    0.2454082E-03
    0.1537137E-05   -0.5776046E-05    0.1045449E-05    0.3818874E-03    0.7761018E-03    0.1975426E-04   -0.6906033E-04    0.3632902E-01    0.2464671E-01    0.1853443E-01   -0.9430570E-02   -0.9270372E-02   -0.4295292E-02   -0.1647259E-03   -0.1871343E-03   -0.1349268E-04   -0.4608437E-04   -0.3114031E-02    0.3331346E-06    0.5443835E-05   -0.1980804E-04   -0.7372374E-05    0.1272528E-02
    0.2766932E-06   -0.4534644E-05    0.5402100E-06    0.1716739E-04    0.1975426E-04    0.2519251E-04    0.1119204E-04   -0.2437284E-01   -0.2720624E-02    0.1381045E-01   -0.4800839E-02   -0.9547549E-02   -0.1142507E-02    0.2013487E-04   -0.1475485E-03   -0.9921319E-04    0.3754906E-04   -0.3508197E-02   -0.9112281E-07    0.5827344E-06   -0.4690631E-06   -0.2126108E-05   -0.1644757E-04
   -0.3333610E-06   -0.8335867E-06   -0.1045100E-07   -0.2706856E-04   -0.6906033E-04    0.1119204E-04    0.4848857E-04   -0.3430289E-01   -0.1021365E-01    0.1416036E-01   -0.4108374E-02   -0.1057033E-01   -0.1021660E-03    0.6250569E-04   -0.1407201E-03   -0.1314535E-03    0.4372340E-06   -0.3503885E-02    0.4939642E-07   -0.6654541E-06    0.2513703E-05    0.8697435E-06   -0.5061006E-03
   -0.9052307E-04    0.2645297E-02   -0.5393458E-03    0.1076633E-01    0.3632902E-01   -0.2437284E-01   -0.3430289E-01    0.2422593E+04    0.9660312E+02   -0.8747640E+02    0.5571849E+02    0.6511853E+02   -0.5860180E+02   -0.1036603E+01   -0.1487946E+01    0.5406688E+00    0.1405020E+00   -0.1307146E+02    0.3324667E-02    0.3289064E-02   -0.3077887E-03   -0.3200971E-02    0.1171599E+02
   -0.8351706E-04    0.4280449E-03    0.8591336E-04    0.8223318E-02    0.2464671E-01   -0.2720624E-02   -0.1021365E-01    0.9660312E+02    0.1087280E+03    0.9841955E+01   -0.1379197E+02    0.9516049E+01   -0.7321709E+01   -0.1773136E+00    0.1580771E+00    0.1668979E+00    0.1058517E+01   -0.1205452E+02    0.2171143E-03    0.8950393E-03    0.4383791E-02    0.4781589E-02    0.1411598E+00
    0.6313129E-04   -0.1945172E-03   -0.1090314E-03    0.7611507E-02    0.1853443E-01    0.1381045E-01    0.1416036E-01   -0.8747640E+02    0.9841955E+01    0.2886165E+03   -0.2559454E+02   -0.1367875E+03    0.1513375E+01   -0.3442120E-01   -0.1338340E+01   -0.1796164E+01    0.4247248E+00   -0.7683929E+01   -0.5256512E-03   -0.1391922E-02    0.1078761E-02    0.5502031E-02    0.3803078E+00
   -0.8110133E-04    0.3829165E-03   -0.8149316E-04   -0.4531337E-02   -0.9430570E-02   -0.4800839E-02   -0.4108374E-02    0.5571849E+02   -0.1379197E+02   -0.2559454E+02    0.2042260E+02    0.1650983E+02   -0.1433736E+01    0.3442330E-01   -0.8346954E-01    0.2227770E+00    0.1561144E+00   -0.1148966E+01   -0.7116962E-04   -0.1163813E-02   -0.5445315E-03   -0.6240051E-03   -0.1729145E+00
   -0.1254054E-03    0.7634940E-03   -0.1583898E-04   -0.5647349E-02   -0.9270372E-02   -0.9547549E-02   -0.1057033E-01    0.6511853E+02    0.9516049E+01   -0.1367875E+03    0.1650983E+02    0.7672526E+02    0.3040592E-01    0.7436175E-01    0.6232269E+00    0.1111907E+01   -0.2062695E+00   -0.2561560E+01    0.4589312E-03    0.1319129E-04    0.1288531E-02   -0.3983625E-03   -0.7823278E-01
    0.8329706E-05    0.7959878E-04    0.1064806E-04   -0.1939064E-02   -0.4295292E-02   -0.1142507E-02   -0.1021660E-03   -0.5860180E+02   -0.7321709E+01    0.1513375E+01   -0.1433736E+01    0.3040592E-01    0.6981467E+01    0.8676247E-01    0.2660434E+00    0.2203132E-02   -0.7283520E-01   -0.2934429E+00    0.1017302E-03   -0.8063177E-03   -0.2135796E-03   -0.4245055E-03    0.1164295E+00
   -0.2673182E-06    0.1831301E-06   -0.9886331E-06   -0.7866201E-04   -0.1647259E-03    0.2013487E-04    0.6250569E-04   -0.1036603E+01   -0.1773136E+00   -0.3442120E-01    0.3442330E-01    0.7436175E-01    0.8676247E-01    0.1297217E-01   -0.7042447E-02    0.5172940E-02    0.7700218E-02   -0.1988473E-01    0.3084162E-05   -0.3321694E-04    0.1927590E-04   -0.4476454E-05    0.6882820E-03
    0.7526587E-06    0.1435272E-05    0.2615039E-05   -0.7746277E-04   -0.1871343E-03   -0.1475485E-03   -0.1407201E-03   -0.1487946E+01    0.1580771E+00   -0.1338340E+01   -0.8346954E-01    0.6232269E+00    0.2660434E+00   -0.7042447E-02    0.5644017E-01   -0.8522326E-03    0.2987917E-02   -0.1568847E-01    0.4551289E-05    0.4813398E-04   -0.6636210E-04   -0.4187608E-04   -0.1343789E-03
   -0.1814636E-05    0.1628226E-04   -0.3203581E-06   -0.4668857E-04   -0.1349268E-04   -0.9921319E-04   -0.1314535E-03    0.5406688E+00    0.1668979E+00   -0.1796164E+01    0.2227770E+00    0.1111907E+01    0.2203132E-02    0.5172940E-02   -0.8522326E-03    0.2575246E-01   -0.4402820E-03   -0.3265036E-01    0.1184203E-04   -0.8105124E-04    0.4359314E-04    0.1261728E-04    0.4367307E-02
    0.1060348E-05   -0.5627310E-05    0.4468179E-06   -0.3151340E-04   -0.4608437E-04    0.3754906E-04    0.4372340E-06    0.1405020E+00    0.1058517E+01    0.4247248E+00    0.1561144E+00   -0.2062695E+00   -0.7283520E-01    0.7700218E-02    0.2987917E-02   -0.4402820E-03    0.8191465E-01    0.7935528E-02   -0.1953061E-05   -0.1890268E-04   -0.8948703E-05   -0.3517204E-04   -0.1950811E-02
   -0.1449241E-06    0.5400801E-04    0.9839579E-05   -0.1264197E-02   -0.3114031E-02   -0.3508197E-02   -0.3503885E-02   -0.1307146E+02   -0.1205452E+02   -0.7683929E+01   -0.1148966E+01   -0.2561560E+01   -0.2934429E+00   -0.1988473E-01   -0.1568847E-01   -0.3265036E-01    0.7935528E-02    0.8253068E+01   -0.7051711E-04    0.1301746E-04   -0.1328040E-02   -0.8056795E-03    0.3122277E-02
    0.5895278E-08   -0.4856843E-07    0.8751911E-08    0.9829745E-07    0.3331346E-06   -0.9112281E-07    0.4939642E-07    0.3324667E-02    0.2171143E-03   -0.5256512E-03   -0.7116962E-04    0.4589312E-03    0.1017302E-03    0.3084162E-05    0.4551289E-05    0.1184203E-04   -0.1953061E-05   -0.7051711E-04    0.7860549E-06   -0.2686941E-07    0.2428370E-06    0.1797964E-06   -0.8314303E-04
    0.1286568E-07    0.4525087E-07   -0.1778806E-07    0.1868699E-05    0.5443835E-05    0.5827344E-06   -0.6654541E-06    0.3289064E-02    0.8950393E-03   -0.1391922E-02   -0.1163813E-02    0.1319129E-04   -0.8063177E-03   -0.3321694E-04    0.4813398E-04   -0.8105124E-04   -0.1890268E-04    0.1301746E-04   -0.2686941E-07    0.5233156E-05    0.9713796E-06    0.9249142E-06    0.2481796E-03
   -0.1042793E-06   -0.4332529E-07   -0.2915203E-07   -0.1077103E-04   -0.1980804E-04   -0.4690631E-06    0.2513703E-05   -0.3077887E-03    0.4383791E-02    0.1078761E-02   -0.5445315E-03    0.1288531E-02   -0.2135796E-03    0.1927590E-04   -0.6636210E-04    0.4359314E-04   -0.8948703E-05   -0.1328040E-02    0.2428370E-06    0.9713796E-06    0.2301537E-04    0.8207536E-05    0.2318868E-03
   -0.2399066E-06   -0.4928789E-06    0.2843291E-07   -0.5036203E-05   -0.7372374E-05   -0.2126108E-05    0.8697435E-06   -0.3200971E-02    0.4781589E-02    0.5502031E-02   -0.6240051E-03   -0.3983625E-03   -0.4245055E-03   -0.4476454E-05   -0.4187608E-04    0.1261728E-04   -0.3517204E-04   -0.8056795E-03    0.1797964E-06    0.9249142E-06    0.8207536E-05    0.2159909E-04    0.2333080E-03
    0.4837674E-05    0.7051625E-04   -0.3897467E-05    0.2454082E-03    0.1272528E-02   -0.1644757E-04   -0.5061006E-03    0.1171599E+02    0.1411598E+00    0.3803078E+00   -0.1729145E+00   -0.7823278E-01    0.1164295E+00    0.6882820E-03   -0.1343789E-03    0.4367307E-02   -0.1950811E-02    0.3122277E-02   -0.8314303E-04    0.2481796E-03    0.2318868E-03    0.2333080E-03    0.2515337E+00
