# omegabh2 omegach2 theta tau omegak ns logA aps100 aps143 aps217 acib143 acib217 asz143 psr cibr ncib cal0 cal2 xi aksz bm_1_1 bm_1_2 bm_1_3 bm_1_4 bm_1_5 bm_2_1 bm_2_2 bm_2_3 bm_2_4 bm_2_5 bm_3_1 bm_3_2 bm_3_3 bm_3_4 bm_3_5 bm_4_1 bm_4_2 bm_4_3 bm_4_4 bm_4_5
    0.89788E-07   -0.50192E-06    0.94632E-07    0.13318E-05   -0.56230E-06    0.14693E-05    0.16718E-05   -0.13755E-02   -0.67324E-03    0.55440E-07   -0.15965E-03   -0.29049E-03    0.35131E-04   -0.11970E-06   -0.60784E-05   -0.26703E-05    0.84002E-09   -0.17002E-07    0.32200E-05   -0.52819E-04   -0.10672E-04   -0.15728E-04    0.29969E-05    0.19134E-05    0.64199E-06    0.13976E-04    0.81633E-05   -0.51583E-05   -0.11689E-04    0.98137E-06   -0.71395E-05    0.11677E-04    0.44167E-05   -0.21497E-05   -0.43054E-05    0.72811E-05    0.68943E-06    0.69769E-05   -0.22429E-05   -0.42472E-05
   -0.50192E-06    0.73967E-05   -0.79763E-06   -0.11957E-04    0.71679E-05   -0.17232E-04   -0.65387E-05    0.27437E-02    0.41767E-02    0.10101E-02   -0.23529E-03    0.84290E-03   -0.57034E-04   -0.13151E-05    0.24751E-04    0.55422E-05   -0.18616E-07    0.83673E-07   -0.33499E-04    0.28386E-03    0.15814E-03    0.31712E-04   -0.27114E-04   -0.98941E-05    0.22757E-05   -0.10827E-03   -0.70156E-04   -0.41867E-04    0.23204E-04    0.30890E-05    0.16406E-03   -0.14963E-04    0.43770E-04   -0.67539E-04    0.66556E-04    0.46580E-04   -0.74216E-04    0.59058E-05    0.79543E-04    0.50504E-04
    0.94632E-07   -0.79763E-06    0.40000E-06    0.17885E-05   -0.10395E-05    0.24488E-05    0.20015E-05   -0.60704E-03   -0.49443E-03   -0.23859E-03   -0.66979E-04   -0.12556E-03    0.48616E-04   -0.70684E-06    0.12650E-05   -0.22585E-05   -0.38615E-08   -0.22450E-08    0.74097E-05   -0.21310E-04   -0.64118E-05   -0.11299E-04    0.18409E-05   -0.39689E-05    0.29765E-06    0.17252E-04    0.21990E-05   -0.22661E-04   -0.13158E-04    0.30557E-04    0.89742E-05    0.11707E-04   -0.48024E-05    0.63166E-06   -0.64131E-05    0.30433E-04   -0.26722E-04    0.11976E-04   -0.23098E-05   -0.34825E-05
    0.13318E-05   -0.11957E-04    0.17885E-05    0.17366E-03   -0.10605E-04    0.40171E-04    0.32029E-03   -0.39865E-01   -0.56688E-02    0.10518E-01   -0.46797E-02   -0.89828E-02   -0.35513E-03   -0.54552E-05   -0.28072E-03   -0.58652E-04   -0.11369E-06   -0.99639E-06    0.13210E-03   -0.29078E-02   -0.39854E-03   -0.10870E-03   -0.28153E-04    0.24404E-03    0.17090E-03    0.27844E-03   -0.39171E-04    0.15629E-03   -0.28944E-03   -0.17150E-03   -0.12411E-03   -0.20861E-03    0.29464E-03    0.29161E-03   -0.13154E-03    0.56700E-04    0.23045E-03   -0.11780E-03   -0.13205E-03    0.86901E-04
   -0.56230E-06    0.71679E-05   -0.10395E-05   -0.10605E-04    0.11580E-04   -0.17677E-04   -0.49802E-05    0.44902E-02    0.54540E-02    0.70185E-03   -0.23386E-03    0.10395E-02   -0.60763E-04   -0.73072E-05    0.33576E-04    0.56830E-05   -0.30384E-07    0.94889E-07   -0.45191E-04    0.56777E-03    0.13775E-03    0.71353E-04   -0.85001E-04   -0.29253E-04    0.11848E-04   -0.15356E-03   -0.11392E-03   -0.98673E-04    0.28203E-04    0.54280E-04    0.71424E-04    0.29550E-04    0.55306E-04   -0.10890E-03    0.72522E-04   -0.28633E-04   -0.14185E-03   -0.51759E-04    0.11295E-03    0.52795E-04
    0.14693E-05   -0.17232E-04    0.24488E-05    0.40171E-04   -0.17677E-04    0.61947E-04    0.39602E-04   -0.61595E-01   -0.11692E-01    0.11696E-01   -0.68932E-02   -0.10830E-01   -0.58946E-03    0.49895E-04   -0.38522E-03   -0.34090E-05   -0.93396E-08   -0.61641E-06    0.97878E-04   -0.32206E-02   -0.17052E-03   -0.56854E-04    0.66923E-04    0.26711E-03    0.76816E-04    0.58259E-03    0.10458E-03    0.25988E-03   -0.16703E-03   -0.79735E-04   -0.38185E-03   -0.11601E-03    0.13716E-04    0.10242E-03    0.41522E-04    0.11040E-03    0.31989E-03   -0.30475E-04   -0.41929E-03   -0.16407E-03
    0.16718E-05   -0.65387E-05    0.20015E-05    0.32029E-03   -0.49802E-05    0.39602E-04    0.63495E-03   -0.93523E-01    0.62171E-02    0.31438E-01   -0.14590E-01   -0.19376E-01   -0.18474E-02    0.45614E-05   -0.69046E-03   -0.76336E-04   -0.17767E-06   -0.14202E-05    0.20885E-03   -0.66672E-02    0.23062E-03    0.72373E-04   -0.98743E-04    0.49750E-03    0.26990E-03    0.64263E-03   -0.17827E-03    0.19899E-03   -0.46744E-03   -0.44285E-03    0.93401E-04   -0.22042E-03    0.72790E-03    0.40501E-03   -0.20975E-03    0.42065E-03    0.47577E-03   -0.13236E-03    0.40977E-04    0.40184E-03
   -0.13755E-02    0.27437E-02   -0.60704E-03   -0.39865E-01    0.44902E-02   -0.61595E-01   -0.93523E-01    0.26984E+04    0.51212E+02   -0.14087E+03    0.11175E+03    0.10217E+03   -0.76972E+02   -0.84002E+00   -0.33536E-01    0.13988E+01    0.16530E-02    0.47592E-03   -0.40699E+00   -0.22480E+02    0.91386E+01   -0.10085E+02    0.12212E+00   -0.15720E+01    0.14032E+01   -0.53544E+00   -0.60941E+01   -0.84007E+00    0.16398E+01   -0.23195E+00    0.92857E+00   -0.10920E+00   -0.11609E+00   -0.16593E+00   -0.22588E+01    0.95889E+00   -0.21032E+01   -0.45295E+01   -0.18992E+00    0.35445E+01
   -0.67324E-03    0.41767E-02   -0.49443E-03   -0.56688E-02    0.54540E-02   -0.11692E-01    0.62171E-02    0.51212E+02    0.18295E+03    0.51687E+02   -0.31130E+02   -0.72280E+01   -0.87602E+01   -0.22952E+00   -0.33470E+00   -0.10926E+00    0.10559E-03    0.31499E-02    0.11263E+01   -0.13024E+02    0.89332E+00    0.49501E+00    0.68662E-01    0.94886E-01   -0.17709E+00   -0.19066E+01   -0.33467E+00    0.11041E+00    0.31968E+00   -0.33442E+00    0.10653E+01    0.34816E+00    0.29206E+00   -0.16009E+00    0.18041E+00   -0.74673E+00   -0.22512E+00    0.43103E-01    0.54349E+00    0.34886E+00
    0.55440E-07    0.10101E-02   -0.23859E-03    0.10518E-01    0.70185E-03    0.11696E-01    0.31438E-01   -0.14087E+03    0.51687E+02    0.19974E+03   -0.30564E+02   -0.69926E+02    0.45194E+01   -0.81506E-01   -0.92482E+00   -0.10268E+01   -0.10717E-03   -0.46307E-02    0.25330E+00   -0.10672E+02    0.12095E+01    0.87160E+00    0.98494E-01   -0.40122E-01   -0.24067E+00    0.66958E+00    0.21573E-01    0.19966E+00   -0.94618E-01    0.21046E+00   -0.10641E+01    0.47291E+00   -0.57760E+00    0.75306E+00    0.41747E+00   -0.26849E+00    0.29168E+00    0.74903E-01   -0.57083E-01   -0.14590E+00
   -0.15965E-03   -0.23529E-03   -0.66979E-04   -0.46797E-02   -0.23386E-03   -0.68932E-02   -0.14590E-01    0.11175E+03   -0.31130E+02   -0.30564E+02    0.24516E+02    0.16393E+02   -0.25202E+01    0.24537E-01    0.26086E+00    0.20532E+00   -0.46766E-04   -0.83491E-03    0.79271E-01   -0.11535E+01   -0.82503E+00   -0.54017E+00   -0.17507E+00   -0.48962E-01    0.70464E-01    0.81963E+00    0.14452E+00   -0.16247E+00    0.12718E+00    0.20049E+00   -0.41833E+00   -0.13331E+00   -0.22895E+00   -0.31483E-01   -0.52431E-01    0.37559E+00    0.85306E-02   -0.68795E-01   -0.57135E-01    0.17601E+00
   -0.29049E-03    0.84290E-03   -0.12556E-03   -0.89828E-02    0.10395E-02   -0.10830E-01   -0.19376E-01    0.10217E+03   -0.72280E+01   -0.69926E+02    0.16393E+02    0.33677E+02   -0.25048E+01    0.87348E-01    0.39335E+00    0.52955E+00    0.65033E-04    0.20772E-02   -0.13966E+00   -0.14349E+01   -0.51614E+00   -0.38925E+00   -0.13075E+00   -0.51456E-01    0.63194E-01   -0.28297E+00   -0.44593E-01   -0.24622E+00    0.28175E+00   -0.17172E+00    0.30393E+00   -0.42241E+00    0.11775E+00   -0.43091E+00   -0.16975E+00    0.45808E-01   -0.24682E+00   -0.16727E+00    0.13742E+00    0.23524E+00
    0.35131E-04   -0.57034E-04    0.48616E-04   -0.35513E-03   -0.60763E-04   -0.58946E-03   -0.18474E-02   -0.76972E+02   -0.87602E+01    0.45194E+01   -0.25202E+01   -0.25048E+01    0.79825E+01    0.47813E-01    0.27734E+00   -0.13478E+00   -0.26080E-04   -0.71465E-04   -0.41758E-01    0.20147E+00    0.20000E+00    0.14178E+00   -0.12294E-01   -0.33128E-01    0.78023E-02   -0.55426E-01    0.12404E+00   -0.15497E+00   -0.11951E+00    0.62847E-01   -0.10613E+00   -0.11588E+00   -0.74497E-01   -0.27105E-01    0.41649E-02   -0.61824E-01   -0.17977E+00    0.11195E+00    0.94327E-02   -0.11306E+00
   -0.11970E-06   -0.13151E-05   -0.70684E-06   -0.54552E-05   -0.73072E-05    0.49895E-04    0.45614E-05   -0.84002E+00   -0.22952E+00   -0.81506E-01    0.24537E-01    0.87348E-01    0.47813E-01    0.76670E-02   -0.59818E-02    0.77152E-02    0.23374E-05   -0.21001E-04    0.34723E-02   -0.15338E-01    0.94206E-02    0.48310E-02    0.13848E-03    0.71391E-03   -0.32480E-02    0.10252E-01    0.15964E-03   -0.39591E-02   -0.27144E-02    0.24196E-03   -0.97268E-02   -0.12114E-02   -0.55086E-03   -0.62130E-02   -0.20125E-02    0.27986E-02   -0.21480E-02   -0.38410E-02   -0.49620E-02   -0.41613E-02
   -0.60784E-05    0.24751E-04    0.12650E-05   -0.28072E-03    0.33576E-04   -0.38522E-03   -0.69046E-03   -0.33536E-01   -0.33470E+00   -0.92482E+00    0.26086E+00    0.39335E+00    0.27734E+00   -0.59818E-02    0.42777E-01   -0.11863E-01   -0.45092E-05    0.74899E-04    0.59300E-03   -0.73348E-02   -0.22309E-01   -0.72804E-02   -0.68983E-02   -0.40840E-03    0.51535E-02   -0.31852E-01    0.22242E-02   -0.67254E-02   -0.33347E-02    0.65690E-02    0.21225E-01   -0.11919E-01   -0.21154E-02    0.58470E-02    0.82616E-02   -0.64846E-02   -0.18064E-01    0.93940E-02    0.69965E-02   -0.25290E-02
   -0.26703E-05    0.55422E-05   -0.22585E-05   -0.58652E-04    0.56830E-05   -0.34090E-05   -0.76336E-04    0.13988E+01   -0.10926E+00   -0.10268E+01    0.20532E+00    0.52955E+00   -0.13478E+00    0.77152E-02   -0.11863E-01    0.21216E-01    0.52767E-05   -0.10396E-04   -0.20546E-02   -0.20590E-01    0.76326E-02   -0.58034E-02   -0.43072E-02   -0.13848E-02   -0.28705E-02    0.12721E-01    0.14505E-02   -0.91365E-02    0.11929E-01   -0.77266E-02   -0.12650E-01   -0.15378E-01    0.78178E-03   -0.17746E-01   -0.10682E-01    0.24067E-02   -0.33334E-02   -0.55815E-02    0.24345E-02    0.11942E-01
    0.84002E-09   -0.18616E-07   -0.38615E-08   -0.11369E-06   -0.30384E-07   -0.93396E-08   -0.17767E-06    0.16530E-02    0.10559E-03   -0.10717E-03   -0.46766E-04    0.65033E-04   -0.26080E-04    0.23374E-05   -0.45092E-05    0.52767E-05    0.15829E-06    0.17493E-07   -0.67495E-06   -0.84313E-05   -0.18814E-04   -0.15445E-04   -0.94871E-05    0.43621E-05   -0.57647E-05    0.21071E-04    0.70792E-06   -0.13459E-04    0.36339E-05    0.45335E-05   -0.35050E-05    0.41546E-05   -0.78966E-05   -0.18316E-04   -0.57538E-05    0.17128E-04   -0.35555E-05   -0.87205E-05    0.57950E-05    0.19663E-06
   -0.17002E-07    0.83673E-07   -0.22450E-08   -0.99639E-06    0.94889E-07   -0.61641E-06   -0.14202E-05    0.47592E-03    0.31499E-02   -0.46307E-02   -0.83491E-03    0.20772E-02   -0.71465E-04   -0.21001E-04    0.74899E-04   -0.10396E-04    0.17493E-07    0.16777E-05   -0.73737E-05   -0.12802E-03    0.74424E-04    0.61019E-04    0.21416E-04   -0.69188E-05   -0.89797E-05    0.20692E-03    0.55780E-04    0.90637E-05    0.24668E-04    0.41220E-04   -0.23698E-03    0.19507E-04   -0.16612E-04   -0.14657E-04   -0.23763E-04   -0.65815E-05    0.33267E-04    0.18794E-04   -0.38054E-04    0.33040E-04
    0.32200E-05   -0.33499E-04    0.74097E-05    0.13210E-03   -0.45191E-04    0.97878E-04    0.20885E-03   -0.40699E+00    0.11263E+01    0.25330E+00    0.79271E-01   -0.13966E+00   -0.41758E-01    0.34723E-02    0.59300E-03   -0.20546E-02   -0.67495E-06   -0.73737E-05    0.83910E-01    0.26240E-01    0.36646E-02   -0.59505E-02   -0.76903E-02    0.83361E-02   -0.36505E-02   -0.10332E-02    0.13566E-01    0.32066E-02   -0.15673E-02    0.40947E-02    0.15916E-02   -0.29787E-02    0.53072E-02   -0.16305E-02   -0.37455E-02   -0.56423E-03    0.16126E-03    0.17289E-01    0.16717E-02    0.29003E-02
   -0.52819E-04    0.28386E-03   -0.21310E-04   -0.29078E-02    0.56777E-03   -0.32206E-02   -0.66672E-02   -0.22480E+02   -0.13024E+02   -0.10672E+02   -0.11535E+01   -0.14349E+01    0.20147E+00   -0.15338E-01   -0.73348E-02   -0.20590E-01   -0.84313E-05   -0.12802E-03    0.26240E-01    0.81418E+01   -0.11085E-01   -0.23958E-01   -0.26888E-01   -0.60642E-02    0.42856E-01    0.32945E-01    0.58357E-01    0.45206E-01   -0.37868E-01    0.61974E-01    0.14469E+00    0.39142E-01   -0.10991E-02   -0.20034E-01   -0.16075E+00    0.10851E+00    0.48150E-01    0.81414E-01   -0.12096E-01   -0.60669E-01
   -0.10672E-04    0.15814E-03   -0.64118E-05   -0.39854E-03    0.13775E-03   -0.17052E-03    0.23062E-03    0.91386E+01    0.89332E+00    0.12095E+01   -0.82503E+00   -0.51614E+00    0.20000E+00    0.94206E-02   -0.22309E-01    0.76326E-02   -0.18814E-04    0.74424E-04    0.36646E-02   -0.11085E-01    0.66368E+00   -0.95451E-01   -0.36799E-02   -0.18264E-01    0.30167E-02    0.19160E+00   -0.37003E-01   -0.31099E-01    0.38983E-02   -0.50937E-01    0.30927E-01    0.36373E-01   -0.22124E-01   -0.42002E-01   -0.12088E+00    0.16839E+00    0.37410E-01    0.13617E-02    0.26933E-01    0.79926E-01
   -0.15728E-04    0.31712E-04   -0.11299E-04   -0.10870E-03    0.71353E-04   -0.56854E-04    0.72373E-04   -0.10085E+02    0.49501E+00    0.87160E+00   -0.54017E+00   -0.38925E+00    0.14178E+00    0.48310E-02   -0.72804E-02   -0.58034E-02   -0.15445E-04    0.61019E-04   -0.59505E-02   -0.23958E-01   -0.95451E-01    0.94544E+00    0.56359E-01    0.28206E-01   -0.25234E-01   -0.16521E+00    0.20936E+00    0.90231E-01   -0.52780E-01    0.25100E-01   -0.15322E+00    0.80583E-02    0.45720E-01    0.36875E-01    0.17561E+00   -0.26864E+00    0.67243E-01    0.12028E+00    0.33296E-03   -0.23527E+00
    0.29969E-05   -0.27114E-04    0.18409E-05   -0.28153E-04   -0.85001E-04    0.66923E-04   -0.98743E-04    0.12212E+00    0.68662E-01    0.98494E-01   -0.17507E+00   -0.13075E+00   -0.12294E-01    0.13848E-03   -0.68983E-02   -0.43072E-02   -0.94871E-05    0.21416E-04   -0.76903E-02   -0.26888E-01   -0.36799E-02    0.56359E-01    0.97147E+00    0.19764E-01    0.19776E-02   -0.21838E-01   -0.14426E-01    0.19586E+00   -0.50749E-01    0.72809E-01   -0.13703E-01    0.62285E-01    0.15838E-01    0.37742E-02    0.96297E-01   -0.51062E-01    0.63635E-01    0.33781E-01   -0.19606E+00    0.47049E-01
    0.19134E-05   -0.98941E-05   -0.39689E-05    0.24404E-03   -0.29253E-04    0.26711E-03    0.49750E-03   -0.15720E+01    0.94886E-01   -0.40122E-01   -0.48962E-01   -0.51456E-01   -0.33128E-01    0.71391E-03   -0.40840E-03   -0.13848E-02    0.43621E-05   -0.69188E-05    0.83361E-02   -0.60642E-02   -0.18264E-01    0.28206E-01    0.19764E-01    0.90205E+00    0.96181E-02    0.53190E-01   -0.47221E-01    0.97899E-01   -0.11342E+00    0.30032E-01    0.51223E-01    0.72302E-01    0.46057E-01    0.13893E+00   -0.84073E-01    0.62399E-01    0.61628E-01    0.18670E-01   -0.13007E+00    0.18641E-01
    0.64199E-06    0.22757E-05    0.29765E-06    0.17090E-03    0.11848E-04    0.76816E-04    0.26990E-03    0.14032E+01   -0.17709E+00   -0.24067E+00    0.70464E-01    0.63194E-01    0.78023E-02   -0.32480E-02    0.51535E-02   -0.28705E-02   -0.57647E-05   -0.89797E-05   -0.36505E-02    0.42856E-01    0.30167E-02   -0.25234E-01    0.19776E-02    0.96181E-02    0.10682E+01    0.21453E-01   -0.17418E-01   -0.55284E-01    0.11185E+00    0.78270E-01    0.66327E-01   -0.12578E+00   -0.60726E-01    0.10224E+00    0.68837E-01    0.92736E-01   -0.10821E+00    0.45914E-01   -0.30313E-01    0.41042E-01
    0.13976E-04   -0.10827E-03    0.17252E-04    0.27844E-03   -0.15356E-03    0.58259E-03    0.64263E-03   -0.53544E+00   -0.19066E+01    0.66958E+00    0.81963E+00   -0.28297E+00   -0.55426E-01    0.10252E-01   -0.31852E-01    0.12721E-01    0.21071E-04    0.20692E-03   -0.10332E-02    0.32945E-01    0.19160E+00   -0.16521E+00   -0.21838E-01    0.53190E-01    0.21453E-01    0.87142E+00    0.18814E-01   -0.29490E-01   -0.10300E-01    0.47203E-01    0.75484E-02    0.13643E+00   -0.11335E+00   -0.12056E-01   -0.12281E+00    0.66429E+00    0.19727E+00   -0.14869E-02   -0.65228E-01    0.11001E+00
    0.81633E-05   -0.70156E-04    0.21990E-05   -0.39171E-04   -0.11392E-03    0.10458E-03   -0.17827E-03   -0.60941E+01   -0.33467E+00    0.21573E-01    0.14452E+00   -0.44593E-01    0.12404E+00    0.15964E-03    0.22242E-02    0.14505E-02    0.70792E-06    0.55780E-04    0.13566E-01    0.58357E-01   -0.37003E-01    0.20936E+00   -0.14426E-01   -0.47221E-01   -0.17418E-01    0.18814E-01    0.10166E+01   -0.16380E-01    0.34505E-02    0.56426E-01    0.53671E-01    0.10532E+00   -0.67988E-01   -0.25493E-01    0.15725E+00   -0.44041E-01    0.25197E+00    0.80910E+00    0.32430E+00   -0.15640E+00
   -0.51583E-05   -0.41867E-04   -0.22661E-04    0.15629E-03   -0.98673E-04    0.25988E-03    0.19899E-03   -0.84007E+00    0.11041E+00    0.19966E+00   -0.16247E+00   -0.24622E+00   -0.15497E+00   -0.39591E-02   -0.67254E-02   -0.91365E-02   -0.13459E-04    0.90637E-05    0.32066E-02    0.45206E-01   -0.31099E-01    0.90231E-01    0.19586E+00    0.97899E-01   -0.55284E-01   -0.29490E-01   -0.16380E-01    0.10156E+01   -0.31986E-01   -0.34744E-01    0.59438E-01   -0.81656E-01    0.18233E+00    0.15548E+00   -0.11158E+00   -0.23891E+00    0.65194E+00    0.10601E+00   -0.61646E+00    0.15291E+00
   -0.11689E-04    0.23204E-04   -0.13158E-04   -0.28944E-03    0.28203E-04   -0.16703E-03   -0.46744E-03    0.16398E+01    0.31968E+00   -0.94618E-01    0.12718E+00    0.28175E+00   -0.11951E+00   -0.27144E-02   -0.33347E-02    0.11929E-01    0.36339E-05    0.24668E-04   -0.15673E-02   -0.37868E-01    0.38983E-02   -0.52780E-01   -0.50749E-01   -0.11342E+00    0.11185E+00   -0.10300E-01    0.34505E-02   -0.31986E-01    0.10014E+01    0.15426E-01   -0.42522E-02   -0.14833E+00   -0.16549E+00   -0.46091E-02   -0.98725E-01   -0.51586E-01    0.39254E-01   -0.42124E-01    0.29792E+00    0.66408E+00
    0.98137E-06    0.30890E-05    0.30557E-04   -0.17150E-03    0.54280E-04   -0.79735E-04   -0.44285E-03   -0.23195E+00   -0.33442E+00    0.21046E+00    0.20049E+00   -0.17172E+00    0.62847E-01    0.24196E-03    0.65690E-02   -0.77266E-02    0.45335E-05    0.41220E-04    0.40947E-02    0.61974E-01   -0.50937E-01    0.25100E-01    0.72809E-01    0.30032E-01    0.78270E-01    0.47203E-01    0.56426E-01   -0.34744E-01    0.15426E-01    0.99025E+00   -0.82893E-01    0.92620E-01   -0.40036E-01    0.15568E+00    0.93933E-02    0.14958E+00   -0.55699E+00    0.41380E+00   -0.31045E+00    0.22452E+00
   -0.71395E-05    0.16406E-03    0.89742E-05   -0.12411E-03    0.71424E-04   -0.38185E-03    0.93401E-04    0.92857E+00    0.10653E+01   -0.10641E+01   -0.41833E+00    0.30393E+00   -0.10613E+00   -0.97268E-02    0.21225E-01   -0.12650E-01   -0.35050E-05   -0.23698E-03    0.15916E-02    0.14469E+00    0.30927E-01   -0.15322E+00   -0.13703E-01    0.51223E-01    0.66327E-01    0.75484E-02    0.53671E-01    0.59438E-01   -0.42522E-02   -0.82893E-01    0.89507E+00    0.21490E-01   -0.37596E-01   -0.12051E-01    0.93882E-02    0.57026E+00    0.16717E+00    0.12396E+00    0.95871E-01   -0.53582E-01
    0.11677E-04   -0.14963E-04    0.11707E-04   -0.20861E-03    0.29550E-04   -0.11601E-03   -0.22042E-03   -0.10920E+00    0.34816E+00    0.47291E+00   -0.13331E+00   -0.42241E+00   -0.11588E+00   -0.12114E-02   -0.11919E-01   -0.15378E-01    0.41546E-05    0.19507E-04   -0.29787E-02    0.39142E-01    0.36373E-01    0.80583E-02    0.62285E-01    0.72302E-01   -0.12578E+00    0.13643E+00    0.10532E+00   -0.81656E-01   -0.14833E+00    0.92620E-01    0.21490E-01    0.10280E+01   -0.58212E-01   -0.86165E-01   -0.79896E-02    0.12782E+00    0.15640E+00    0.88969E-01    0.18206E+00    0.99128E-01
    0.44167E-05    0.43770E-04   -0.48024E-05    0.29464E-03    0.55306E-04    0.13716E-04    0.72790E-03   -0.11609E+00    0.29206E+00   -0.57760E+00   -0.22895E+00    0.11775E+00   -0.74497E-01   -0.55086E-03   -0.21154E-02    0.78178E-03   -0.78966E-05   -0.16612E-04    0.53072E-02   -0.10991E-02   -0.22124E-01    0.45720E-01    0.15838E-01    0.46057E-01   -0.60726E-01   -0.11335E+00   -0.67988E-01    0.18233E+00   -0.16549E+00   -0.40036E-01   -0.37596E-01   -0.58212E-01    0.10147E+01    0.10551E-01    0.56860E-01   -0.17016E+00    0.10095E+00    0.12057E+00    0.17069E-01   -0.10702E+00
   -0.21497E-05   -0.67539E-04    0.63166E-06    0.29161E-03   -0.10890E-03    0.10242E-03    0.40501E-03   -0.16593E+00   -0.16009E+00    0.75306E+00   -0.31483E-01   -0.43091E+00   -0.27105E-01   -0.62130E-02    0.58470E-02   -0.17746E-01   -0.18316E-04   -0.14657E-04   -0.16305E-02   -0.20034E-01   -0.42002E-01    0.36875E-01    0.37742E-02    0.13893E+00    0.10224E+00   -0.12056E-01   -0.25493E-01    0.15548E+00   -0.46091E-02    0.15568E+00   -0.12051E-01   -0.86165E-01    0.10551E-01    0.10038E+01    0.17420E-01   -0.33848E-01    0.85385E-02    0.11862E+00   -0.27059E+00    0.11867E+00
   -0.43054E-05    0.66556E-04   -0.64131E-05   -0.13154E-03    0.72522E-04    0.41522E-04   -0.20975E-03   -0.22588E+01    0.18041E+00    0.41747E+00   -0.52431E-01   -0.16975E+00    0.41649E-02   -0.20125E-02    0.82616E-02   -0.10682E-01   -0.57538E-05   -0.23763E-04   -0.37455E-02   -0.16075E+00   -0.12088E+00    0.17561E+00    0.96297E-01   -0.84073E-01    0.68837E-01   -0.12281E+00    0.15725E+00   -0.11158E+00   -0.98725E-01    0.93933E-02    0.93882E-02   -0.79896E-02    0.56860E-01    0.17420E-01    0.98447E+00   -0.82611E-01   -0.47127E-01    0.58505E-01    0.16875E+00   -0.10765E+00
    0.72811E-05    0.46580E-04    0.30433E-04    0.56700E-04   -0.28633E-04    0.11040E-03    0.42065E-03    0.95889E+00   -0.74673E+00   -0.26849E+00    0.37559E+00    0.45808E-01   -0.61824E-01    0.27986E-02   -0.64846E-02    0.24067E-02    0.17128E-04   -0.65815E-05   -0.56423E-03    0.10851E+00    0.16839E+00   -0.26864E+00   -0.51062E-01    0.62399E-01    0.92736E-01    0.66429E+00   -0.44041E-01   -0.23891E+00   -0.51586E-01    0.14958E+00    0.57026E+00    0.12782E+00   -0.17016E+00   -0.33848E-01   -0.82611E-01    0.97662E+00   -0.58067E-01    0.52831E-01    0.28086E-01    0.31410E-01
    0.68943E-06   -0.74216E-04   -0.26722E-04    0.23045E-03   -0.14185E-03    0.31989E-03    0.47577E-03   -0.21032E+01   -0.22512E+00    0.29168E+00    0.85306E-02   -0.24682E+00   -0.17977E+00   -0.21480E-02   -0.18064E-01   -0.33334E-02   -0.35555E-05    0.33267E-04    0.16126E-03    0.48150E-01    0.37410E-01    0.67243E-01    0.63635E-01    0.61628E-01   -0.10821E+00    0.19727E+00    0.25197E+00    0.65194E+00    0.39254E-01   -0.55699E+00    0.16717E+00    0.15640E+00    0.10095E+00    0.85385E-02   -0.47127E-01   -0.58067E-01    0.99035E+00    0.12007E-01   -0.34871E-02   -0.18327E-01
    0.69769E-05    0.59058E-05    0.11976E-04   -0.11780E-03   -0.51759E-04   -0.30475E-04   -0.13236E-03   -0.45295E+01    0.43103E-01    0.74903E-01   -0.68795E-01   -0.16727E+00    0.11195E+00   -0.38410E-02    0.93940E-02   -0.55815E-02   -0.87205E-05    0.18794E-04    0.17289E-01    0.81414E-01    0.13617E-02    0.12028E+00    0.33781E-01    0.18670E-01    0.45914E-01   -0.14869E-02    0.80910E+00    0.10601E+00   -0.42124E-01    0.41380E+00    0.12396E+00    0.88969E-01    0.12057E+00    0.11862E+00    0.58505E-01    0.52831E-01    0.12007E-01    0.10163E+01    0.44365E-01    0.14622E-01
   -0.22429E-05    0.79543E-04   -0.23098E-05   -0.13205E-03    0.11295E-03   -0.41929E-03    0.40977E-04   -0.18992E+00    0.54349E+00   -0.57083E-01   -0.57135E-01    0.13742E+00    0.94327E-02   -0.49620E-02    0.69965E-02    0.24345E-02    0.57950E-05   -0.38054E-04    0.16717E-02   -0.12096E-01    0.26933E-01    0.33296E-03   -0.19606E+00   -0.13007E+00   -0.30313E-01   -0.65228E-01    0.32430E+00   -0.61646E+00    0.29792E+00   -0.31045E+00    0.95871E-01    0.18206E+00    0.17069E-01   -0.27059E+00    0.16875E+00    0.28086E-01   -0.34871E-02    0.44365E-01    0.98489E+00    0.13880E-02
   -0.42472E-05    0.50504E-04   -0.34825E-05    0.86901E-04    0.52795E-04   -0.16407E-03    0.40184E-03    0.35445E+01    0.34886E+00   -0.14590E+00    0.17601E+00    0.23524E+00   -0.11306E+00   -0.41613E-02   -0.25290E-02    0.11942E-01    0.19663E-06    0.33040E-04    0.29003E-02   -0.60669E-01    0.79926E-01   -0.23527E+00    0.47049E-01    0.18641E-01    0.41042E-01    0.11001E+00   -0.15640E+00    0.15291E+00    0.66408E+00    0.22452E+00   -0.53582E-01    0.99128E-01   -0.10702E+00    0.11867E+00   -0.10765E+00    0.31410E-01   -0.18327E-01    0.14622E-01    0.13880E-02    0.93831E+00
