# omegabh2 omegach2 theta tau yhe ns logA aps100 aps143 aps217 acib143 acib217 asz143 psr cibr ncib cal0 cal2 xi aksz bm_1_1 bm_1_2 bm_1_3 bm_1_4 bm_1_5 bm_2_1 bm_2_2 bm_2_3 bm_2_4 bm_2_5 bm_3_1 bm_3_2 bm_3_3 bm_3_4 bm_3_5 bm_4_1 bm_4_2 bm_4_3 bm_4_4 bm_4_5
    0.15166E-06   -0.64485E-06    0.34649E-06    0.23955E-05    0.67855E-05    0.44127E-05    0.52339E-05    0.14327E-02    0.28171E-03   -0.14683E-03    0.18101E-03    0.24866E-03    0.43764E-04   -0.95003E-06    0.71483E-05   -0.81726E-06    0.88387E-09    0.20436E-07   -0.80827E-06    0.86582E-04   -0.16934E-05   -0.14422E-04   -0.22064E-05    0.24249E-05   -0.41281E-06    0.27736E-05   -0.43017E-05   -0.56546E-05   -0.23501E-05   -0.40399E-05    0.64525E-05    0.92266E-05    0.67499E-06   -0.96494E-06   -0.25295E-05    0.78862E-05   -0.12288E-05   -0.54850E-05    0.22734E-05    0.39705E-05
   -0.64485E-06    0.77462E-05   -0.15582E-05   -0.16130E-04   -0.21429E-04   -0.26347E-04   -0.19427E-04   -0.39237E-02    0.64444E-03    0.21572E-02   -0.95593E-03   -0.11011E-02   -0.20351E-03    0.92162E-05   -0.31007E-04    0.56659E-05   -0.95333E-08   -0.77050E-07    0.42890E-05   -0.37522E-03    0.15749E-03    0.45374E-04   -0.55321E-04   -0.15224E-04    0.46940E-04    0.37176E-04    0.90583E-05    0.12571E-04    0.16395E-05    0.21269E-04   -0.17620E-05   -0.28529E-04   -0.19477E-04    0.14560E-05   -0.30757E-04    0.27589E-04    0.58725E-06    0.32182E-04   -0.10553E-04   -0.75794E-05
    0.34649E-06   -0.15582E-05    0.14008E-05    0.61822E-05    0.25415E-04    0.13914E-04    0.15670E-04    0.12215E-01    0.27616E-02   -0.94816E-03    0.14513E-02    0.19790E-02    0.56616E-04   -0.64680E-05    0.44431E-04    0.16397E-05    0.36141E-08    0.12562E-06   -0.10278E-04    0.46350E-03    0.10394E-04   -0.15805E-04   -0.46861E-05    0.25757E-05    0.76152E-05   -0.27395E-04   -0.43489E-05   -0.32572E-04    0.28771E-05    0.41695E-05    0.39552E-04    0.31627E-04    0.16433E-05    0.71047E-05    0.13699E-04    0.14999E-04   -0.23677E-04    0.19798E-05    0.23028E-04    0.13369E-04
    0.23955E-05   -0.16130E-04    0.61822E-05    0.22139E-03    0.11479E-03    0.97614E-04    0.43502E-03   -0.11694E-01    0.67514E-02    0.97098E-02   -0.11830E-02   -0.12217E-02    0.54562E-03    0.19233E-04    0.64817E-05    0.14498E-05    0.94323E-08   -0.11794E-07   -0.36096E-04   -0.61867E-03    0.50019E-04   -0.36664E-03    0.13595E-03    0.33863E-04   -0.10365E-03    0.17817E-03    0.18502E-03   -0.13303E-03   -0.14121E-03   -0.44312E-05    0.13100E-04    0.19882E-03   -0.57577E-04   -0.13343E-04   -0.20800E-03    0.16617E-03    0.44014E-04   -0.84878E-05    0.47184E-04   -0.95514E-04
    0.67855E-05   -0.21429E-04    0.25415E-04    0.11479E-03    0.64033E-03    0.29541E-03    0.34621E-03    0.32664E+00    0.78380E-01   -0.21142E-01    0.38110E-01    0.52588E-01    0.85215E-03   -0.15040E-03    0.11102E-02    0.85314E-04    0.12130E-06    0.29858E-05   -0.31044E-03    0.12177E-01    0.50562E-03   -0.50628E-03   -0.10459E-03    0.10510E-03    0.43362E-03   -0.63577E-03   -0.29913E-03   -0.54028E-03    0.11728E-03    0.14455E-03    0.12705E-02    0.63539E-03    0.23098E-03   -0.97952E-05    0.32598E-03    0.57822E-03   -0.55245E-03    0.29447E-04    0.38579E-03    0.51724E-03
    0.44127E-05   -0.26347E-04    0.13914E-04    0.97614E-04    0.29541E-03    0.19753E-03    0.21028E-03    0.61743E-01    0.33332E-01    0.46654E-02    0.70185E-02    0.12488E-01    0.51153E-04   -0.77987E-05    0.22138E-03    0.53675E-04    0.23604E-07    0.11165E-05   -0.57884E-04    0.31512E-02    0.18371E-03   -0.32597E-03    0.28688E-04    0.93915E-04    0.38229E-04    0.68957E-04   -0.61343E-04   -0.35118E-03   -0.19627E-04   -0.11745E-04    0.31399E-03    0.32090E-03    0.41024E-04    0.77870E-05    0.94444E-04    0.35798E-03   -0.18115E-03   -0.38165E-04    0.20789E-03    0.20841E-03
    0.52339E-05   -0.19427E-04    0.15670E-04    0.43502E-03    0.34621E-03    0.21028E-03    0.92412E-03    0.24378E-01    0.44396E-01    0.30018E-01   -0.14099E-03    0.42117E-02   -0.74994E-03    0.69227E-04    0.27275E-04    0.10275E-03    0.13021E-06    0.71107E-06   -0.11125E-03   -0.30149E-03    0.13199E-02   -0.45129E-03    0.10441E-03    0.51643E-04    0.63343E-04    0.65288E-03    0.46085E-03   -0.43977E-03   -0.28664E-03    0.25522E-04    0.28864E-03    0.55361E-03   -0.13545E-03   -0.98829E-04   -0.48824E-03    0.77585E-03    0.60087E-04    0.17742E-03    0.24255E-03   -0.12261E-03
    0.14327E-02   -0.39237E-02    0.12215E-01   -0.11694E-01    0.32664E+00    0.61743E-01    0.24378E-01    0.29558E+04    0.58516E+02   -0.18731E+03    0.15186E+03    0.14206E+03   -0.68165E+02   -0.13201E+01    0.89141E+00    0.82243E+00    0.72393E-03    0.15602E-02   -0.55096E+00   -0.13132E+02    0.93087E+01   -0.98300E+01   -0.14267E+00    0.10428E+00   -0.60655E+00   -0.12138E+01   -0.52640E+01    0.57620E-01    0.58612E+00   -0.13442E+01    0.32707E+01    0.59787E+00    0.79772E+00   -0.45998E+00   -0.23197E+01    0.16155E+01   -0.81477E+00   -0.28902E+01   -0.23017E+00    0.36562E+01
    0.28171E-03    0.64444E-03    0.27616E-02    0.67514E-02    0.78380E-01    0.33332E-01    0.44396E-01    0.58516E+02    0.21389E+03    0.61785E+02   -0.34167E+02   -0.85316E+01   -0.86370E+01   -0.20166E+00   -0.23280E-01   -0.14913E+00    0.18248E-03    0.38100E-02    0.13285E+01   -0.10873E+02    0.13099E+01    0.88310E+00    0.13887E+00   -0.15062E+00    0.57290E-01   -0.20314E+01   -0.67779E+00   -0.40229E+00   -0.13694E+00    0.25223E-01    0.11461E+01   -0.11014E+00    0.37801E+00   -0.18575E+00    0.80373E-01   -0.55491E+00   -0.96311E+00    0.41967E-01    0.44200E+00   -0.67679E-01
   -0.14683E-03    0.21572E-02   -0.94816E-03    0.97098E-02   -0.21142E-01    0.46654E-02    0.30018E-01   -0.18731E+03    0.61785E+02    0.22741E+03   -0.39919E+02   -0.83791E+02    0.25642E+01    0.65078E-03   -0.93700E+00   -0.97305E+00    0.56416E-04   -0.48700E-02    0.34182E+00   -0.99644E+01    0.15118E+01    0.12233E+01   -0.61479E-01    0.17665E-01   -0.93994E-01    0.13934E+01    0.31371E+00   -0.40584E+00   -0.25494E+00    0.61741E+00   -0.17867E+01    0.79529E+00   -0.34860E+00    0.52758E+00    0.12418E+00   -0.75148E-01    0.27963E-01    0.39264E+00    0.33579E+00   -0.28194E+00
    0.18101E-03   -0.95593E-03    0.14513E-02   -0.11830E-02    0.38110E-01    0.70185E-02   -0.14099E-03    0.15186E+03   -0.34167E+02   -0.39919E+02    0.30530E+02    0.23274E+02   -0.17630E+01   -0.23023E-01    0.27330E+00    0.17849E+00   -0.92603E-04   -0.73344E-03    0.25666E-01   -0.45864E+00   -0.98219E+00   -0.62529E+00   -0.62604E-01    0.42186E-01   -0.35154E-01    0.69468E+00    0.14205E+00    0.10492E+00    0.18963E+00    0.10646E-01   -0.63229E-01   -0.57050E-01   -0.81258E-01   -0.15567E-02    0.63861E-01    0.42850E+00    0.27676E+00   -0.55065E-01   -0.11422E+00    0.24714E+00
    0.24866E-03   -0.11011E-02    0.19790E-02   -0.12217E-02    0.52588E-01    0.12488E-01    0.42117E-02    0.14206E+03   -0.85316E+01   -0.83791E+02    0.23274E+02    0.43284E+02   -0.15966E+01    0.36531E-01    0.47009E+00    0.50817E+00   -0.19536E-04    0.22567E-02   -0.21427E+00   -0.62808E+00   -0.59554E+00   -0.56909E+00    0.12916E-01   -0.48886E-01    0.35273E-01   -0.61148E+00   -0.13012E+00    0.89878E-01    0.28927E+00   -0.25796E+00    0.78533E+00   -0.52144E+00    0.12681E+00   -0.35022E+00   -0.75105E-01    0.54016E-01   -0.10936E+00   -0.13896E+00   -0.56580E-01    0.30358E+00
    0.43764E-04   -0.20351E-03    0.56616E-04    0.54562E-03    0.85215E-03    0.51153E-04   -0.74994E-03   -0.68165E+02   -0.86370E+01    0.25642E+01   -0.17630E+01   -0.15966E+01    0.79415E+01    0.41999E-01    0.26540E+00   -0.13280E+00    0.60712E-06   -0.31604E-04   -0.33753E-01   -0.98239E-01    0.15163E+00    0.19873E-01    0.18928E-01   -0.35114E-01    0.11631E-02   -0.84307E-01    0.11838E-01   -0.56859E-01   -0.45467E-01   -0.14337E-01   -0.39349E-01   -0.26546E-02   -0.21879E-01   -0.77191E-03    0.11398E-01   -0.74551E-01   -0.61216E-01    0.41236E-02    0.17883E-01   -0.33296E-01
   -0.95003E-06    0.92162E-05   -0.64680E-05    0.19233E-04   -0.15040E-03   -0.77987E-05    0.69227E-04   -0.13201E+01   -0.20166E+00    0.65078E-03   -0.23023E-01    0.36531E-01    0.41999E-01    0.75086E-02   -0.65873E-02    0.75896E-02    0.90460E-06   -0.28075E-04    0.34943E-02   -0.12114E-01    0.10991E-01    0.49757E-02   -0.18527E-03   -0.67191E-03   -0.49499E-03    0.66671E-02   -0.41522E-04   -0.15120E-02   -0.28413E-02   -0.53601E-03   -0.11744E-01   -0.16390E-02   -0.26699E-02   -0.21897E-02   -0.22166E-02   -0.20955E-02   -0.11217E-02   -0.40029E-02   -0.45731E-02   -0.27215E-02
    0.71483E-05   -0.31007E-04    0.44431E-04    0.64817E-05    0.11102E-02    0.22138E-03    0.27275E-04    0.89141E+00   -0.23280E-01   -0.93700E+00    0.27330E+00    0.47009E+00    0.26540E+00   -0.65873E-02    0.39829E-01   -0.12245E-01   -0.35873E-05    0.89365E-04    0.85839E-03   -0.19567E-01   -0.20002E-01   -0.11294E-01   -0.16274E-03   -0.33577E-03    0.33726E-02   -0.29586E-01   -0.58132E-02    0.22462E-02    0.40723E-02   -0.52690E-03    0.32423E-01   -0.11899E-02    0.31549E-02    0.37009E-02    0.53512E-02   -0.39798E-03   -0.50080E-02    0.29489E-02    0.43603E-02    0.20946E-02
   -0.81726E-06    0.56659E-05    0.16397E-05    0.14498E-05    0.85314E-04    0.53675E-04    0.10275E-03    0.82243E+00   -0.14913E+00   -0.97305E+00    0.17849E+00    0.50817E+00   -0.13280E+00    0.75896E-02   -0.12245E-01    0.20707E-01    0.17764E-05   -0.22612E-04   -0.22965E-02   -0.12026E-02    0.11327E-01   -0.49384E-02   -0.16331E-02   -0.26946E-02   -0.69505E-04    0.53957E-02    0.48137E-02   -0.49277E-02    0.80157E-02   -0.95041E-02   -0.11031E-01   -0.18362E-01   -0.34040E-03   -0.14817E-01   -0.96178E-02   -0.31977E-02   -0.24417E-02   -0.15542E-02    0.20112E-02    0.10293E-01
    0.88387E-09   -0.95333E-08    0.36141E-08    0.94323E-08    0.12130E-06    0.23604E-07    0.13021E-06    0.72393E-03    0.18248E-03    0.56416E-04   -0.92603E-04   -0.19536E-04    0.60712E-06    0.90460E-06   -0.35873E-05    0.17764E-05    0.15630E-06    0.90309E-08   -0.58500E-06    0.83334E-05   -0.21349E-04   -0.93155E-05    0.39608E-05   -0.32544E-05   -0.15419E-05    0.86006E-05    0.48932E-05    0.40131E-05    0.31354E-05   -0.34449E-05    0.26250E-05   -0.65868E-05    0.36947E-06   -0.44005E-05    0.56764E-05    0.57965E-05    0.73944E-05    0.19768E-05    0.21486E-05    0.38671E-05
    0.20436E-07   -0.77050E-07    0.12562E-06   -0.11794E-07    0.29858E-05    0.11165E-05    0.71107E-06    0.15602E-02    0.38100E-02   -0.48700E-02   -0.73344E-03    0.22567E-02   -0.31604E-04   -0.28075E-04    0.89365E-04   -0.22612E-04    0.90309E-08    0.17279E-05   -0.23100E-05   -0.53391E-04    0.67182E-04    0.25969E-04    0.27126E-05   -0.29065E-04    0.95265E-05    0.18384E-03    0.60657E-05    0.13171E-04    0.25545E-04    0.19810E-04   -0.19305E-03   -0.17336E-04   -0.25584E-04    0.90610E-05   -0.50362E-05    0.68467E-05    0.26414E-04   -0.13437E-04   -0.47566E-04    0.29103E-04
   -0.80827E-06    0.42890E-05   -0.10278E-04   -0.36096E-04   -0.31044E-03   -0.57884E-04   -0.11125E-03   -0.55096E+00    0.13285E+01    0.34182E+00    0.25666E-01   -0.21427E+00   -0.33753E-01    0.34943E-02    0.85839E-03   -0.22965E-02   -0.58500E-06   -0.23100E-05    0.81582E-01    0.17984E-01    0.79446E-03    0.98173E-03   -0.21800E-02    0.44625E-03   -0.19115E-02    0.16831E-02    0.18806E-02   -0.22653E-02    0.57542E-04    0.60848E-03   -0.35333E-02    0.10444E-02   -0.37615E-02   -0.65659E-03   -0.63177E-03   -0.98499E-03    0.22736E-03    0.11124E-03    0.29089E-02   -0.98867E-03
    0.86582E-04   -0.37522E-03    0.46350E-03   -0.61867E-03    0.12177E-01    0.31512E-02   -0.30149E-03   -0.13132E+02   -0.10873E+02   -0.99644E+01   -0.45864E+00   -0.62808E+00   -0.98239E-01   -0.12114E-01   -0.19567E-01   -0.12026E-02    0.83334E-05   -0.53391E-04    0.17984E-01    0.80203E+01    0.34168E-01   -0.46050E-01   -0.36559E-01    0.29205E-01    0.53947E-01   -0.30305E-02   -0.16501E-01   -0.61119E-03   -0.65426E-02   -0.20284E-01    0.31966E-02    0.35082E-01    0.62810E-02    0.22204E-01   -0.33840E-01   -0.12979E-02    0.12975E-01   -0.29709E-01    0.24854E-02    0.72955E-02
   -0.16934E-05    0.15749E-03    0.10394E-04    0.50019E-04    0.50562E-03    0.18371E-03    0.13199E-02    0.93087E+01    0.13099E+01    0.15118E+01   -0.98219E+00   -0.59554E+00    0.15163E+00    0.10991E-01   -0.20002E-01    0.11327E-01   -0.21349E-04    0.67182E-04    0.79446E-03    0.34168E-01    0.69772E+00   -0.11229E+00   -0.38405E-02   -0.12003E-02    0.14090E-01    0.17944E+00   -0.47158E-01   -0.54880E-01   -0.17600E-01   -0.65313E-01    0.17177E-01    0.45602E-01   -0.23104E-01   -0.45985E-01   -0.12479E+00    0.15538E+00    0.24455E-01   -0.15349E-01    0.39414E-01    0.68575E-01
   -0.14422E-04    0.45374E-04   -0.15805E-04   -0.36664E-03   -0.50628E-03   -0.32597E-03   -0.45129E-03   -0.98300E+01    0.88310E+00    0.12233E+01   -0.62529E+00   -0.56909E+00    0.19873E-01    0.49757E-02   -0.11294E-01   -0.49384E-02   -0.93155E-05    0.25969E-04    0.98173E-03   -0.46050E-01   -0.11229E+00    0.92107E+00    0.55563E-02   -0.56567E-03    0.36030E-03   -0.14513E+00    0.18937E+00    0.56937E-01   -0.23639E-01    0.54067E-01   -0.14342E+00    0.30235E-02    0.25013E-01    0.16999E-01    0.16998E+00   -0.23297E+00    0.27409E-01    0.11645E+00    0.10758E-02   -0.21766E+00
   -0.22064E-05   -0.55321E-04   -0.46861E-05    0.13595E-03   -0.10459E-03    0.28688E-04    0.10441E-03   -0.14267E+00    0.13887E+00   -0.61479E-01   -0.62604E-01    0.12916E-01    0.18928E-01   -0.18527E-03   -0.16274E-03   -0.16331E-02    0.39608E-05    0.27126E-05   -0.21800E-02   -0.36559E-01   -0.38405E-02    0.55563E-02    0.98147E+00   -0.37856E-02    0.17575E-02   -0.56593E-01   -0.29898E-01    0.15028E+00   -0.20733E-01    0.75857E-01   -0.24595E-01    0.34870E-01   -0.75117E-02   -0.13051E-02    0.11086E+00   -0.71694E-01    0.14060E-01    0.70747E-02   -0.17089E+00    0.83775E-01
    0.24249E-05   -0.15224E-04    0.25757E-05    0.33863E-04    0.10510E-03    0.93915E-04    0.51643E-04    0.10428E+00   -0.15062E+00    0.17665E-01    0.42186E-01   -0.48886E-01   -0.35114E-01   -0.67191E-03   -0.33577E-03   -0.26946E-02   -0.32544E-05   -0.29065E-04    0.44625E-03    0.29205E-01   -0.12003E-02   -0.56567E-03   -0.37856E-02    0.99653E+00   -0.10166E-01    0.48954E-01   -0.94715E-01    0.70174E-01   -0.84906E-01    0.57851E-01    0.70451E-01    0.10294E+00    0.63806E-01    0.14465E+00   -0.10753E+00    0.84222E-01    0.30527E-01   -0.37591E-02   -0.10770E+00    0.58833E-01
   -0.41281E-06    0.46940E-04    0.76152E-05   -0.10365E-03    0.43362E-03    0.38229E-04    0.63343E-04   -0.60655E+00    0.57290E-01   -0.93994E-01   -0.35154E-01    0.35273E-01    0.11631E-02   -0.49499E-03    0.33726E-02   -0.69505E-04   -0.15419E-05    0.95265E-05   -0.19115E-02    0.53947E-01    0.14090E-01    0.36030E-03    0.17575E-02   -0.10166E-01    0.10004E+01    0.31346E-01    0.37295E-01   -0.62275E-01    0.54254E-01    0.73006E-01    0.66813E-01   -0.79235E-01   -0.69941E-01    0.52388E-01    0.61223E-01    0.96149E-01   -0.88509E-01    0.74449E-01   -0.74517E-03    0.65394E-02
    0.27736E-05    0.37176E-04   -0.27395E-04    0.17817E-03   -0.63577E-03    0.68957E-04    0.65288E-03   -0.12138E+01   -0.20314E+01    0.13934E+01    0.69468E+00   -0.61148E+00   -0.84307E-01    0.66671E-02   -0.29586E-01    0.53957E-02    0.86006E-05    0.18384E-03    0.16831E-02   -0.30305E-02    0.17944E+00   -0.14513E+00   -0.56593E-01    0.48954E-01    0.31346E-01    0.88173E+00   -0.81094E-02   -0.71501E-02   -0.21763E-01   -0.86175E-02    0.21613E-01    0.14031E+00   -0.93822E-01    0.22811E-01   -0.62377E-01    0.66403E+00    0.25575E+00   -0.54067E-01   -0.43635E-01    0.78193E-01
   -0.43017E-05    0.90583E-05   -0.43489E-05    0.18502E-03   -0.29913E-03   -0.61343E-04    0.46085E-03   -0.52640E+01   -0.67779E+00    0.31371E+00    0.14205E+00   -0.13012E+00    0.11838E-01   -0.41522E-04   -0.58132E-02    0.48137E-02    0.48932E-05    0.60657E-05    0.18806E-02   -0.16501E-01   -0.47158E-01    0.18937E+00   -0.29898E-01   -0.94715E-01    0.37295E-01   -0.81094E-02    0.98087E+00    0.13881E-01   -0.22979E-02   -0.28394E-02    0.31473E-01   -0.89000E-03   -0.54727E-01   -0.11608E-01    0.15109E+00   -0.88971E-01    0.26082E+00    0.75662E+00    0.27999E+00   -0.19524E+00
   -0.56546E-05    0.12571E-04   -0.32572E-04   -0.13303E-03   -0.54028E-03   -0.35118E-03   -0.43977E-03    0.57620E-01   -0.40229E+00   -0.40584E+00    0.10492E+00    0.89878E-01   -0.56859E-01   -0.15120E-02    0.22462E-02   -0.49277E-02    0.40131E-05    0.13171E-04   -0.22653E-02   -0.61119E-03   -0.54880E-01    0.56937E-01    0.15028E+00    0.70174E-01   -0.62275E-01   -0.71501E-02    0.13881E-01    0.98955E+00   -0.55789E-02    0.42843E-03    0.58946E-01   -0.60123E-01    0.14317E+00    0.17405E+00   -0.13935E+00   -0.21150E+00    0.62919E+00    0.14886E+00   -0.61718E+00    0.17110E+00
   -0.23501E-05    0.16395E-05    0.28771E-05   -0.14121E-03    0.11728E-03   -0.19627E-04   -0.28664E-03    0.58612E+00   -0.13694E+00   -0.25494E+00    0.18963E+00    0.28927E+00   -0.45467E-01   -0.28413E-02    0.40723E-02    0.80157E-02    0.31354E-05    0.25545E-04    0.57542E-04   -0.65426E-02   -0.17600E-01   -0.23639E-01   -0.20733E-01   -0.84906E-01    0.54254E-01   -0.21763E-01   -0.22979E-02   -0.55789E-02    0.10035E+01   -0.48127E-02    0.29094E-02   -0.82036E-01   -0.14834E+00   -0.36980E-01   -0.91356E-01   -0.66249E-01    0.76552E-01   -0.47333E-01    0.31835E+00    0.68205E+00
   -0.40399E-05    0.21269E-04    0.41695E-05   -0.44312E-05    0.14455E-03   -0.11745E-04    0.25522E-04   -0.13442E+01    0.25223E-01    0.61741E+00    0.10646E-01   -0.25796E+00   -0.14337E-01   -0.53601E-03   -0.52690E-03   -0.95041E-02   -0.34449E-05    0.19810E-04    0.60848E-03   -0.20284E-01   -0.65313E-01    0.54067E-01    0.75857E-01    0.57851E-01    0.73006E-01   -0.86175E-02   -0.28394E-02    0.42843E-03   -0.48127E-02    0.97645E+00   -0.71314E-01    0.84896E-01    0.39387E-01    0.16762E+00    0.24174E-01    0.10902E+00   -0.55138E+00    0.37963E+00   -0.34296E+00    0.21402E+00
    0.64525E-05   -0.17620E-05    0.39552E-04    0.13100E-04    0.12705E-02    0.31399E-03    0.28864E-03    0.32707E+01    0.11461E+01   -0.17867E+01   -0.63229E-01    0.78533E+00   -0.39349E-01   -0.11744E-01    0.32423E-01   -0.11031E-01    0.26250E-05   -0.19305E-03   -0.35333E-02    0.31966E-02    0.17177E-01   -0.14342E+00   -0.24595E-01    0.70451E-01    0.66813E-01    0.21613E-01    0.31473E-01    0.58946E-01    0.29094E-02   -0.71314E-01    0.91861E+00   -0.93408E-02   -0.24695E-01   -0.22087E-02   -0.13822E-01    0.60080E+00    0.16112E+00    0.10466E+00    0.73927E-01   -0.62426E-01
    0.92266E-05   -0.28529E-04    0.31627E-04    0.19882E-03    0.63539E-03    0.32090E-03    0.55361E-03    0.59787E+00   -0.11014E+00    0.79529E+00   -0.57050E-01   -0.52144E+00   -0.26546E-02   -0.16390E-02   -0.11899E-02   -0.18362E-01   -0.65868E-05   -0.17336E-04    0.10444E-02    0.35082E-01    0.45602E-01    0.30235E-02    0.34870E-01    0.10294E+00   -0.79235E-01    0.14031E+00   -0.89000E-03   -0.60123E-01   -0.82036E-01    0.84896E-01   -0.93408E-02    0.10042E+01   -0.55722E-02   -0.10784E-01   -0.66531E-02    0.10607E+00    0.16004E+00   -0.40004E-03    0.15633E+00    0.16350E+00
    0.67499E-06   -0.19477E-04    0.16433E-05   -0.57577E-04    0.23098E-03    0.41024E-04   -0.13545E-03    0.79772E+00    0.37801E+00   -0.34860E+00   -0.81258E-01    0.12681E+00   -0.21879E-01   -0.26699E-02    0.31549E-02   -0.34040E-03    0.36947E-06   -0.25584E-04   -0.37615E-02    0.62810E-02   -0.23104E-01    0.25013E-01   -0.75117E-02    0.63806E-01   -0.69941E-01   -0.93822E-01   -0.54727E-01    0.14317E+00   -0.14834E+00    0.39387E-01   -0.24695E-01   -0.55722E-02    0.99280E+00   -0.30984E-03   -0.17376E-02   -0.12345E+00    0.38517E-01    0.17073E+00    0.15748E-01   -0.58292E-01
   -0.96494E-06    0.14560E-05    0.71047E-05   -0.13343E-04   -0.97952E-05    0.77870E-05   -0.98829E-04   -0.45998E+00   -0.18575E+00    0.52758E+00   -0.15567E-02   -0.35022E+00   -0.77191E-03   -0.21897E-02    0.37009E-02   -0.14817E-01   -0.44005E-05    0.90610E-05   -0.65659E-03    0.22204E-01   -0.45985E-01    0.16999E-01   -0.13051E-02    0.14465E+00    0.52388E-01    0.22811E-01   -0.11608E-01    0.17405E+00   -0.36980E-01    0.16762E+00   -0.22087E-02   -0.10784E-01   -0.30984E-03    0.10063E+01   -0.77363E-02   -0.46045E-02    0.39852E-01    0.13930E+00   -0.29012E+00    0.11858E+00
   -0.25295E-05   -0.30757E-04    0.13699E-04   -0.20800E-03    0.32598E-03    0.94444E-04   -0.48824E-03   -0.23197E+01    0.80373E-01    0.12418E+00    0.63861E-01   -0.75105E-01    0.11398E-01   -0.22166E-02    0.53512E-02   -0.96178E-02    0.56764E-05   -0.50362E-05   -0.63177E-03   -0.33840E-01   -0.12479E+00    0.16998E+00    0.11086E+00   -0.10753E+00    0.61223E-01   -0.62377E-01    0.15109E+00   -0.13935E+00   -0.91356E-01    0.24174E-01   -0.13822E-01   -0.66531E-02   -0.17376E-02   -0.77363E-02    0.99488E+00   -0.43577E-01   -0.62208E-01    0.40150E-01    0.17946E+00   -0.94697E-01
    0.78862E-05    0.27589E-04    0.14999E-04    0.16617E-03    0.57822E-03    0.35798E-03    0.77585E-03    0.16155E+01   -0.55491E+00   -0.75148E-01    0.42850E+00    0.54016E-01   -0.74551E-01   -0.20955E-02   -0.39798E-03   -0.31977E-02    0.57965E-05    0.68467E-05   -0.98499E-03   -0.12979E-02    0.15538E+00   -0.23297E+00   -0.71694E-01    0.84222E-01    0.96149E-01    0.66403E+00   -0.88971E-01   -0.21150E+00   -0.66249E-01    0.10902E+00    0.60080E+00    0.10607E+00   -0.12345E+00   -0.46045E-02   -0.43577E-01    0.98303E+00   -0.12659E-01   -0.80898E-02    0.27436E-01   -0.33094E-02
   -0.12288E-05    0.58725E-06   -0.23677E-04    0.44014E-04   -0.55245E-03   -0.18115E-03    0.60087E-04   -0.81477E+00   -0.96311E+00    0.27963E-01    0.27676E+00   -0.10936E+00   -0.61216E-01   -0.11217E-02   -0.50080E-02   -0.24417E-02    0.73944E-05    0.26414E-04    0.22736E-03    0.12975E-01    0.24455E-01    0.27409E-01    0.14060E-01    0.30527E-01   -0.88509E-01    0.25575E+00    0.26082E+00    0.62919E+00    0.76552E-01   -0.55138E+00    0.16112E+00    0.16004E+00    0.38517E-01    0.39852E-01   -0.62208E-01   -0.12659E-01    0.99040E+00    0.98459E-02    0.33015E-02   -0.30233E-02
   -0.54850E-05    0.32182E-04    0.19798E-05   -0.84878E-05    0.29447E-04   -0.38165E-04    0.17742E-03   -0.28902E+01    0.41967E-01    0.39264E+00   -0.55065E-01   -0.13896E+00    0.41236E-02   -0.40029E-02    0.29489E-02   -0.15542E-02    0.19768E-05   -0.13437E-04    0.11124E-03   -0.29709E-01   -0.15349E-01    0.11645E+00    0.70747E-02   -0.37591E-02    0.74449E-01   -0.54067E-01    0.75662E+00    0.14886E+00   -0.47333E-01    0.37963E+00    0.10466E+00   -0.40004E-03    0.17073E+00    0.13930E+00    0.40150E-01   -0.80898E-02    0.98459E-02    0.97243E+00   -0.14068E-01   -0.22419E-02
    0.22734E-05   -0.10553E-04    0.23028E-04    0.47184E-04    0.38579E-03    0.20789E-03    0.24255E-03   -0.23017E+00    0.44200E+00    0.33579E+00   -0.11422E+00   -0.56580E-01    0.17883E-01   -0.45731E-02    0.43603E-02    0.20112E-02    0.21486E-05   -0.47566E-04    0.29089E-02    0.24854E-02    0.39414E-01    0.10758E-02   -0.17089E+00   -0.10770E+00   -0.74517E-03   -0.43635E-01    0.27999E+00   -0.61718E+00    0.31835E+00   -0.34296E+00    0.73927E-01    0.15633E+00    0.15748E-01   -0.29012E+00    0.17946E+00    0.27436E-01    0.33015E-02   -0.14068E-01    0.98473E+00    0.10033E-01
    0.39705E-05   -0.75794E-05    0.13369E-04   -0.95514E-04    0.51724E-03    0.20841E-03   -0.12261E-03    0.36562E+01   -0.67679E-01   -0.28194E+00    0.24714E+00    0.30358E+00   -0.33296E-01   -0.27215E-02    0.20946E-02    0.10293E-01    0.38671E-05    0.29103E-04   -0.98867E-03    0.72955E-02    0.68575E-01   -0.21766E+00    0.83775E-01    0.58833E-01    0.65394E-02    0.78193E-01   -0.19524E+00    0.17110E+00    0.68205E+00    0.21402E+00   -0.62426E-01    0.16350E+00   -0.58292E-01    0.11858E+00   -0.94697E-01   -0.33094E-02   -0.30233E-02   -0.22419E-02    0.10033E-01    0.98486E+00
