# omegabh2 omegach2 theta tau ns nrun logA aps100 aps143 aps217 acib143 acib217 asz143 psr cibr cal0 cal2 xi aksz bm_1_1 a_ps_act_148 a_ps_act_217 a_ps_spt_95 a_ps_spt_150 a_ps_spt_220 r_ps_spt_95x150 r_ps_spt_95x220 r_ps_150x220 act_dust_s act_dust_e cal_acts_148 cal_acts_217 cal_acte_148 cal_acte_217 cal_spt_95 cal_spt_150 cal_spt_220
9.348200E-08 -4.220700E-07 9.335000E-08 2.068100E-06 1.025700E-06 -9.754800E-07 3.551400E-06 -1.161800E-04 -6.001100E-04 -4.387900E-04 -2.686200E-07 -1.707500E-05 1.165572E-05 -2.167700E-07 -8.473800E-08 1.002000E-09 1.369400E-09 -2.593600E-07 -1.282109E-05 -4.426600E-06 2.207100E-05 1.126800E-04 7.950300E-06 1.896700E-05 1.234800E-04 -5.797500E-08 -1.141400E-07 -1.058300E-07 2.092200E-07 1.296400E-06 7.358800E-07 4.618600E-07 7.576100E-07 4.254100E-07 6.852600E-07 6.977000E-07 5.193300E-07
-4.220700E-07 7.692800E-06 -8.055500E-07 -1.382800E-05 -1.752300E-05 -2.336400E-06 -8.767200E-06 2.003000E-03 4.316400E-03 3.119400E-03 -2.851300E-05 1.154300E-04 -1.523258E-04 2.282100E-06 8.427300E-07 -1.838700E-08 4.313500E-08 1.287600E-06 3.399554E-05 1.420600E-04 -1.272100E-04 -8.137000E-04 -3.687700E-05 -9.999000E-05 -6.899200E-04 -1.272900E-06 -1.361000E-06 3.568300E-08 -5.508700E-06 -5.853000E-06 -5.568600E-06 -2.873000E-06 -5.927600E-06 -2.894000E-06 -4.388900E-06 -4.654100E-06 -2.914600E-06
9.335000E-08 -8.055500E-07 4.124600E-07 2.502000E-06 2.364500E-06 -1.925500E-07 3.484700E-06 4.989000E-05 -6.003400E-04 -3.912400E-04 -4.821700E-06 -4.111400E-05 9.896066E-06 -2.389800E-07 -3.006900E-07 1.771000E-09 -7.208900E-09 -1.254100E-07 2.414060E-06 -5.806800E-06 2.484600E-05 7.986000E-05 1.427800E-05 1.925000E-05 1.284000E-04 -2.627000E-07 -3.355100E-08 1.260200E-07 -7.148900E-08 8.504600E-07 7.493700E-07 1.369800E-07 7.948700E-07 2.066500E-07 6.124000E-07 6.728000E-07 5.077600E-07
2.068100E-06 -1.382800E-05 2.502000E-06 2.678800E-04 3.829700E-05 -5.373900E-05 5.148500E-04 7.137700E-04 -1.088400E-02 -7.762600E-03 3.515400E-05 -3.712900E-04 2.065062E-04 -4.333000E-06 -1.000800E-05 -1.897700E-08 8.525300E-08 -7.820900E-07 -5.268723E-04 1.100900E-04 3.493400E-04 2.579700E-03 5.875600E-04 4.242400E-04 3.452600E-03 -2.220500E-05 -9.636100E-06 4.856500E-06 4.697900E-05 1.905900E-05 1.263600E-05 1.260900E-05 1.339900E-05 9.259600E-06 1.463800E-05 1.230500E-05 9.266600E-06
1.025700E-06 -1.752300E-05 2.364500E-06 3.829700E-05 5.688600E-05 1.394200E-05 2.793300E-05 -3.992500E-02 -2.724800E-02 -1.619600E-02 1.048800E-04 -8.192300E-04 9.361792E-04 -1.150100E-05 -8.671200E-06 -4.804400E-08 1.210600E-07 -9.488800E-06 -7.506501E-04 -7.164400E-04 5.463300E-04 3.314300E-03 1.687700E-04 5.561300E-04 3.118400E-03 1.036400E-06 1.182100E-05 3.243300E-06 3.061200E-06 1.833700E-05 2.220400E-05 1.141100E-05 2.285300E-05 9.821500E-06 2.075500E-05 2.107100E-05 1.170900E-05
-9.754800E-07 -2.336400E-06 -1.925500E-07 -5.373900E-05 1.394200E-05 7.550200E-05 -1.334900E-04 -3.999800E-02 -2.228100E-02 -1.248700E-02 1.060400E-04 -4.470300E-04 7.703815E-04 -5.664600E-06 -1.044200E-05 -3.288100E-08 1.510800E-07 -1.176300E-05 -7.475029E-04 -9.784400E-04 3.274600E-04 1.474500E-03 -9.530600E-05 3.887800E-04 1.712400E-03 1.180700E-05 8.993500E-06 2.482600E-06 -6.041200E-06 -3.769700E-05 1.558600E-05 4.243800E-06 1.536700E-05 4.839500E-06 1.626000E-05 1.455300E-05 7.049800E-06
3.551400E-06 -8.767200E-06 3.484700E-06 5.148500E-04 2.793300E-05 -1.334900E-04 1.045200E-03 9.473300E-03 -8.683100E-03 -6.440200E-03 -2.051000E-05 -3.490800E-04 -1.730349E-04 -2.353900E-06 -1.699000E-05 -3.686400E-09 3.739000E-07 2.836100E-06 -8.653261E-04 1.154500E-03 3.721200E-04 2.876000E-03 1.180400E-03 5.479900E-04 5.027600E-03 -4.959900E-05 -2.704500E-05 7.908000E-06 8.697700E-05 3.134100E-05 9.155200E-06 1.717100E-05 9.509200E-06 1.093200E-05 1.645000E-05 1.088400E-05 1.053500E-05
-1.161800E-04 2.003000E-03 4.989000E-05 7.137700E-04 -3.992500E-02 -3.999800E-02 9.473300E-03 1.580500E+03 9.719300E+01 2.374300E+01 -5.417300E-01 5.414200E+00 -1.050947E+01 3.175200E-02 -1.407400E-01 1.523300E-03 -1.047000E-05 3.584700E-02 6.503933E+00 1.713900E+01 -3.983000E-01 -7.553100E-01 5.427800E+00 -6.369800E-01 -2.903800E+00 -1.198000E-01 -4.769200E-01 -3.012300E-02 -1.667700E-01 8.288000E-03 -5.325500E-02 1.309300E-02 -4.816100E-02 1.910400E-02 -8.442400E-02 -4.140100E-02 1.663900E-03
-6.001100E-04 4.316400E-03 -6.003400E-04 -1.088400E-02 -2.724800E-02 -2.228100E-02 -8.683100E-03 9.719300E+01 7.236700E+01 2.293000E+01 -2.118600E-01 8.541700E-01 -2.559050E+00 1.296600E-02 -9.009500E-04 -3.629300E-05 -1.188300E-03 1.717700E-02 1.001662E+00 2.994400E-01 -2.462200E-01 -3.156800E+00 1.150600E+00 -3.826600E-01 -3.679200E+00 -2.522700E-02 -9.082300E-02 -1.793600E-02 -7.773400E-03 -5.118400E-03 -2.997200E-02 -1.194800E-02 -3.001100E-02 -9.956000E-03 -3.673600E-02 -2.714500E-02 -1.434600E-02
-4.387900E-04 3.119400E-03 -3.912400E-04 -7.762600E-03 -1.619600E-02 -1.248700E-02 -6.440200E-03 2.374300E+01 2.293000E+01 3.639700E+01 -7.153400E-01 -4.413800E+00 1.481293E+00 -3.626200E-03 1.654300E-03 3.232000E-05 -6.113700E-04 -5.663000E-03 -9.146317E-01 3.256100E-01 -3.679000E-02 -2.653000E+00 -1.023200E+00 1.007800E-01 -2.715100E+00 -1.618300E-02 6.482700E-02 2.511200E-02 8.795700E-03 6.142100E-03 -1.560200E-02 -2.926300E-02 -1.538500E-02 -2.698600E-02 -7.490800E-03 -1.541800E-02 -2.238100E-02
-2.686200E-07 -2.851300E-05 -4.821700E-06 3.515400E-05 1.048800E-04 1.060400E-04 -2.051000E-05 -5.417300E-01 -2.118600E-01 -7.153400E-01 4.107400E-01 8.138000E-01 2.714776E-01 -4.001100E-04 -8.662400E-03 -2.683100E-06 1.356200E-05 3.977700E-03 -5.378565E-01 3.007100E-03 -1.173900E-01 -1.093000E-01 -4.665700E-02 -1.551400E-01 -2.420500E-01 2.593900E-02 2.128800E-02 -2.581600E-03 -2.355800E-03 -6.149600E-05 4.300100E-04 8.022000E-04 4.254100E-04 7.731700E-04 -3.349300E-04 2.474900E-04 6.986500E-04
-1.707500E-05 1.154300E-04 -4.111400E-05 -3.712900E-04 -8.192300E-04 -4.470300E-04 -3.490800E-04 5.414200E+00 8.541700E-01 -4.413800E+00 8.138000E-01 3.639300E+00 -1.357556E-02 4.615600E-03 8.978500E-03 -6.282900E-06 4.504000E-04 6.699500E-04 -8.588055E-01 1.782100E-02 -2.447200E-01 -2.853100E-01 2.140500E-01 -3.486600E-01 -7.259000E-01 4.286800E-02 2.031300E-02 -1.902000E-02 -8.934200E-03 -3.867900E-03 -9.146100E-04 8.049200E-03 -6.097000E-04 7.560400E-03 -4.163700E-03 -3.577700E-04 5.414900E-03
1.165572E-05 -1.523258E-04 9.896066E-06 2.065062E-04 9.361792E-04 7.703815E-04 -1.730349E-04 -1.050947E+01 -2.559050E+00 1.481293E+00 2.714776E-01 -1.357556E-02 1.368987E+00 -3.929555E-04 1.752267E-02 1.118091E-06 -2.424186E-04 -6.085165E-03 -1.141703E+00 2.075037E-02 -1.053921E-01 -2.083478E-01 -6.871229E-01 -9.666818E-02 -5.103424E-01 2.875969E-02 6.955159E-02 2.818417E-04 -2.110480E-03 2.130479E-03 2.505766E-03 -3.498250E-03 2.158776E-03 -3.409908E-03 5.159537E-03 1.335110E-03 -2.244528E-03
-2.167700E-07 2.282100E-06 -2.389800E-07 -4.333000E-06 -1.150100E-05 -5.664600E-06 -2.353900E-06 3.175200E-02 1.296600E-02 -3.626200E-03 -4.001100E-04 4.615600E-03 -3.929555E-04 2.848400E-04 3.328500E-06 -3.528100E-08 5.692100E-07 1.036500E-05 3.965221E-04 1.571800E-04 1.501800E-04 -3.503200E-03 -1.123000E-04 -1.532300E-05 -3.171800E-03 -6.289400E-06 8.640300E-06 9.773300E-06 -6.244900E-06 1.630200E-06 -7.710500E-06 -2.253200E-07 -1.064200E-05 8.358200E-08 -7.624400E-06 -9.243100E-06 4.834900E-06
-8.473800E-08 8.427300E-07 -3.006900E-07 -1.000800E-05 -8.671200E-06 -1.044200E-05 -1.699000E-05 -1.407400E-01 -9.009500E-04 1.654300E-03 -8.662400E-03 8.978500E-03 1.752267E-02 3.328500E-06 2.117500E-03 1.744200E-07 -5.793900E-07 1.693600E-05 -3.773923E-03 4.658400E-04 2.640600E-03 -2.373600E-04 -1.377900E-02 3.459800E-03 -1.230500E-02 -2.959800E-04 1.275600E-03 -3.029400E-04 -9.540000E-05 1.525200E-05 1.354000E-05 2.172800E-05 1.535700E-05 1.483900E-05 8.830700E-05 1.035400E-05 -1.353700E-05
1.002000E-09 -1.838700E-08 1.771000E-09 -1.897700E-08 -4.804400E-08 -3.288100E-08 -3.686400E-09 1.523300E-03 -3.629300E-05 3.232000E-05 -2.683100E-06 -6.282900E-06 1.118091E-06 -3.528100E-08 1.744200E-07 1.541700E-07 -9.258200E-10 -2.678600E-09 2.231195E-06 -2.452700E-05 1.191400E-06 -1.413600E-05 -7.906300E-06 1.220300E-06 -6.914700E-06 2.410200E-07 1.890100E-07 9.216500E-08 1.147500E-06 -6.506900E-07 -4.834000E-08 -1.419000E-07 6.135300E-08 -1.069300E-07 5.438500E-08 -5.671900E-08 5.828500E-08
1.369400E-09 4.313500E-08 -7.208900E-09 8.525300E-08 1.210600E-07 1.510800E-07 3.739000E-07 -1.047000E-05 -1.188300E-03 -6.113700E-04 1.356200E-05 4.504000E-04 -2.424186E-04 5.692100E-07 -5.793900E-07 -9.258200E-10 6.116500E-07 1.094600E-06 1.303378E-04 2.782100E-05 1.212000E-05 6.620700E-05 1.703200E-04 4.353100E-06 3.740600E-05 -3.558900E-06 -1.107100E-05 -2.019300E-06 -3.103300E-07 -2.153900E-06 -1.022800E-07 2.019000E-06 -8.980400E-08 1.878900E-06 -9.806300E-07 1.301700E-07 1.296900E-06
-2.593600E-07 1.287600E-06 -1.254100E-07 -7.820900E-07 -9.488800E-06 -1.176300E-05 2.836100E-06 3.584700E-02 1.717700E-02 -5.663000E-03 3.977700E-03 6.699500E-04 -6.085165E-03 1.036500E-05 1.693600E-05 -2.678600E-09 1.094600E-06 1.317300E-03 9.183137E-03 -3.118000E-04 2.939300E-03 -1.886300E-03 1.350800E-03 1.305500E-03 1.318800E-03 4.307200E-04 7.919400E-04 4.795200E-05 -3.009400E-05 9.684900E-05 -9.982700E-06 1.136000E-05 -3.047600E-06 1.128800E-05 -3.214000E-05 5.795700E-07 3.646600E-05
-1.282109E-05 3.399554E-05 2.414060E-06 -5.268723E-04 -7.506501E-04 -7.475029E-04 -8.653261E-04 6.503933E+00 1.001662E+00 -9.146317E-01 -5.378565E-01 -8.588055E-01 -1.141703E+00 3.965221E-04 -3.773923E-03 2.231195E-06 1.303378E-04 9.183137E-03 1.797467E+00 -1.459749E-02 6.949473E-02 4.293513E-01 3.065502E-01 1.052778E-01 8.488909E-01 -4.126282E-02 -5.803947E-02 5.999770E-03 1.229040E-04 -4.816190E-03 3.042876E-05 3.042670E-03 2.182445E-04 2.905882E-03 -1.541082E-03 -6.020134E-05 2.500658E-03
-4.426600E-06 1.420600E-04 -5.806800E-06 1.100900E-04 -7.164400E-04 -9.784400E-04 1.154500E-03 1.713900E+01 2.994400E-01 3.256100E-01 3.007100E-03 1.782100E-02 2.075037E-02 1.571800E-04 4.658400E-04 -2.452700E-05 2.782100E-05 -3.118000E-04 -1.459749E-02 6.113900E-01 -1.876600E-02 1.720200E-02 -6.499300E-03 -1.716800E-02 -3.306400E-02 -3.584300E-04 4.597500E-04 3.469900E-06 -2.562700E-03 -1.935300E-03 -4.491200E-04 -7.635500E-05 -4.701900E-04 -8.176900E-05 -4.154600E-04 -3.460400E-04 -1.484000E-04
2.207100E-05 -1.272100E-04 2.484600E-05 3.493400E-04 5.463300E-04 3.274600E-04 3.721200E-04 -3.983000E-01 -2.462200E-01 -3.679000E-02 -1.173900E-01 -2.447200E-01 -1.053921E-01 1.501800E-04 2.640600E-03 1.191400E-06 1.212000E-05 2.939300E-03 6.949473E-02 -1.876600E-02 2.945200E-01 -1.758400E-01 7.047300E-02 1.020400E-01 3.660200E-01 -5.206400E-03 -7.893800E-03 -2.828200E-03 -9.516900E-04 -2.495600E-03 2.067300E-03 -9.068800E-04 2.059500E-03 -8.234100E-04 -4.938500E-05 1.347600E-04 6.634600E-04
1.126800E-04 -8.137000E-04 7.986000E-05 2.579700E-03 3.314300E-03 1.474500E-03 2.876000E-03 -7.553100E-01 -3.156800E+00 -2.653000E+00 -1.093000E-01 -2.853100E-01 -2.083478E-01 -3.503200E-03 -2.373600E-04 -1.413600E-05 6.620700E-05 -1.886300E-03 4.293513E-01 1.720200E-02 -1.758400E-01 1.325500E+01 1.863300E-01 6.533700E-02 8.716800E-01 -1.612800E-02 -2.221700E-02 -3.409100E-03 8.826800E-03 2.582100E-02 2.006300E-03 4.894700E-02 1.879800E-03 3.794900E-02 3.039200E-03 3.015700E-03 3.308000E-03
7.950300E-06 -3.687700E-05 1.427800E-05 5.875600E-04 1.687700E-04 -9.530600E-05 1.180400E-03 5.427800E+00 1.150600E+00 -1.023200E+00 -4.665700E-02 2.140500E-01 -6.871229E-01 -1.123000E-04 -1.377900E-02 -7.906300E-06 1.703200E-04 1.350800E-03 3.065502E-01 -6.499300E-03 7.047300E-02 1.863300E-01 2.038200E+00 4.852300E-02 2.199700E-01 -8.415600E-02 -1.063500E-01 -1.445800E-03 1.694700E-03 3.172000E-04 -1.866500E-03 1.939900E-03 -1.413300E-03 2.060000E-03 -6.426400E-04 -3.596400E-05 1.673700E-03
1.896700E-05 -9.999000E-05 1.925000E-05 4.242400E-04 5.561300E-04 3.887800E-04 5.479900E-04 -6.369800E-01 -3.826600E-01 1.007800E-01 -1.551400E-01 -3.486600E-01 -9.666818E-02 -1.532300E-05 3.459800E-03 1.220300E-06 4.353100E-06 1.305500E-03 1.052778E-01 -1.716800E-02 1.020400E-01 6.533700E-02 4.852300E-02 2.114700E-01 1.358700E-01 -7.141500E-03 -5.321500E-03 2.673000E-04 1.701500E-03 1.306900E-03 -1.068900E-04 -4.795200E-04 -6.136500E-05 -4.783400E-04 4.270300E-04 4.219500E-07 -2.996600E-04
1.234800E-04 -6.899200E-04 1.284000E-04 3.452600E-03 3.118400E-03 1.712400E-03 5.027600E-03 -2.903800E+00 -3.679200E+00 -2.715100E+00 -2.420500E-01 -7.259000E-01 -5.103424E-01 -3.171800E-03 -1.230500E-02 -6.914700E-06 3.740600E-05 1.318800E-03 8.488909E-01 -3.306400E-02 3.660200E-01 8.716800E-01 2.199700E-01 1.358700E-01 1.242600E+01 -2.704400E-02 -7.051400E-02 -1.108000E-02 -2.699700E-03 -7.126200E-03 4.766900E-03 2.519800E-03 3.954800E-03 2.457600E-03 3.852700E-03 5.333500E-03 2.979300E-02
-5.797500E-08 -1.272900E-06 -2.627000E-07 -2.220500E-05 1.036400E-06 1.180700E-05 -4.959900E-05 -1.198000E-01 -2.522700E-02 -1.618300E-02 2.593900E-02 4.286800E-02 2.875969E-02 -6.289400E-06 -2.959800E-04 2.410200E-07 -3.558900E-06 4.307200E-04 -4.126282E-02 -3.584300E-04 -5.206400E-03 -1.612800E-02 -8.415600E-02 -7.141500E-03 -2.704400E-02 7.261700E-03 6.016400E-03 -1.982000E-04 -1.180000E-04 -1.001400E-04 5.779700E-05 -2.324700E-05 3.585700E-05 -2.515100E-05 -4.487800E-05 -1.002400E-05 -4.154100E-05
-1.141400E-07 -1.361000E-06 -3.355100E-08 -9.636100E-06 1.182100E-05 8.993500E-06 -2.704500E-05 -4.769200E-01 -9.082300E-02 6.482700E-02 2.128800E-02 2.031300E-02 6.955159E-02 8.640300E-06 1.275600E-03 1.890100E-07 -1.107100E-05 7.919400E-04 -5.803947E-02 4.597500E-04 -7.893800E-03 -2.221700E-02 -1.063500E-01 -5.321500E-03 -7.051400E-02 6.016400E-03 1.202600E-02 9.382400E-05 -2.274600E-04 7.364100E-05 1.016700E-04 -1.487000E-04 8.253500E-05 -1.378000E-04 1.254800E-04 2.224100E-05 -3.085900E-04
-1.058300E-07 3.568300E-08 1.260200E-07 4.856500E-06 3.243300E-06 2.482600E-06 7.908000E-06 -3.012300E-02 -1.793600E-02 2.511200E-02 -2.581600E-03 -1.902000E-02 2.818417E-04 9.773300E-06 -3.029400E-04 9.216500E-08 -2.019300E-06 4.795200E-05 5.999770E-03 3.469900E-06 -2.828200E-03 -3.409100E-03 -1.445800E-03 2.673000E-04 -1.108000E-02 -1.982000E-04 9.382400E-05 3.589500E-04 8.300100E-05 4.985300E-05 -5.787200E-07 -5.099800E-05 3.251600E-06 -4.512600E-05 3.029900E-05 4.570300E-06 -7.331200E-05
2.092200E-07 -5.508700E-06 -7.148900E-08 4.697900E-05 3.061200E-06 -6.041200E-06 8.697700E-05 -1.667700E-01 -7.773400E-03 8.795700E-03 -2.355800E-03 -8.934200E-03 -2.110480E-03 -6.244900E-06 -9.540000E-05 1.147500E-06 -3.103300E-07 -3.009400E-05 1.229040E-04 -2.562700E-03 -9.516900E-04 8.826800E-03 1.694700E-03 1.701500E-03 -2.699700E-03 -1.180000E-04 -2.274600E-04 8.300100E-05 3.724600E-02 -9.076500E-04 2.496800E-04 6.353900E-05 -6.555500E-05 8.827800E-06 -2.138600E-05 -9.699400E-06 3.789200E-05
1.296400E-06 -5.853000E-06 8.504600E-07 1.905900E-05 1.833700E-05 -3.769700E-05 3.134100E-05 8.288000E-03 -5.118400E-03 6.142100E-03 -6.149600E-05 -3.867900E-03 2.130479E-03 1.630200E-06 1.525200E-05 -6.506900E-07 -2.153900E-06 9.684900E-05 -4.816190E-03 -1.935300E-03 -2.495600E-03 2.582100E-02 3.172000E-04 1.306900E-03 -7.126200E-03 -1.001400E-04 7.364100E-05 4.985300E-05 -9.076500E-04 3.987000E-02 -5.311000E-05 5.082500E-05 2.817400E-04 1.611800E-04 -3.767300E-05 5.730900E-06 1.559400E-05
7.358800E-07 -5.568600E-06 7.493700E-07 1.263600E-05 2.220400E-05 1.558600E-05 9.155200E-06 -5.325500E-02 -2.997200E-02 -1.560200E-02 4.300100E-04 -9.146100E-04 2.505766E-03 -7.710500E-06 1.354000E-05 -4.834000E-08 -1.022800E-07 -9.982700E-06 3.042876E-05 -4.491200E-04 2.067300E-03 2.006300E-03 -1.866500E-03 -1.068900E-04 4.766900E-03 5.779700E-05 1.016700E-04 -5.787200E-07 2.496800E-04 -5.311000E-05 1.598400E-04 5.254400E-06 5.804000E-05 9.146200E-06 3.123300E-05 2.299200E-05 1.788900E-05
4.618600E-07 -2.873000E-06 1.369800E-07 1.260900E-05 1.141100E-05 4.243800E-06 1.717100E-05 1.309300E-02 -1.194800E-02 -2.926300E-02 8.022000E-04 8.049200E-03 -3.498250E-03 -2.253200E-07 2.172800E-05 -1.419000E-07 2.019000E-06 1.136000E-05 3.042670E-03 -7.635500E-05 -9.068800E-04 4.894700E-02 1.939900E-03 -4.795200E-04 2.519800E-03 -2.324700E-05 -1.487000E-04 -5.099800E-05 6.353900E-05 5.082500E-05 5.254400E-06 3.403400E-04 1.265400E-05 1.731300E-04 -2.297100E-06 1.379100E-05 3.476100E-05
7.576100E-07 -5.927600E-06 7.948700E-07 1.339900E-05 2.285300E-05 1.536700E-05 9.509200E-06 -4.816100E-02 -3.001100E-02 -1.538500E-02 4.254100E-04 -6.097000E-04 2.158776E-03 -1.064200E-05 1.535700E-05 6.135300E-08 -8.980400E-08 -3.047600E-06 2.182445E-04 -4.701900E-04 2.059500E-03 1.879800E-03 -1.413300E-03 -6.136500E-05 3.954800E-03 3.585700E-05 8.253500E-05 3.251600E-06 -6.555500E-05 2.817400E-04 5.804000E-05 1.265400E-05 1.258300E-04 9.371300E-06 3.066500E-05 2.330400E-05 1.735300E-05
4.254100E-07 -2.894000E-06 2.066500E-07 9.259600E-06 9.821500E-06 4.839500E-06 1.093200E-05 1.910400E-02 -9.956000E-03 -2.698600E-02 7.731700E-04 7.560400E-03 -3.409908E-03 8.358200E-08 1.483900E-05 -1.069300E-07 1.878900E-06 1.128800E-05 2.905882E-03 -8.176900E-05 -8.234100E-04 3.794900E-02 2.060000E-03 -4.783400E-04 2.457600E-03 -2.515100E-05 -1.378000E-04 -4.512600E-05 8.827800E-06 1.611800E-04 9.146200E-06 1.731300E-04 9.371300E-06 2.055800E-04 -3.966900E-06 1.130100E-05 3.151900E-05
6.852600E-07 -4.388900E-06 6.124000E-07 1.463800E-05 2.075500E-05 1.626000E-05 1.645000E-05 -8.442400E-02 -3.673600E-02 -7.490800E-03 -3.349300E-04 -4.163700E-03 5.159537E-03 -7.624400E-06 8.830700E-05 5.438500E-08 -9.806300E-07 -3.214000E-05 -1.541082E-03 -4.154600E-04 -4.938500E-05 3.039200E-03 -6.426400E-04 4.270300E-04 3.852700E-03 -4.487800E-05 1.254800E-04 3.029900E-05 -2.138600E-05 -3.767300E-05 3.123300E-05 -2.297100E-06 3.066500E-05 -3.966900E-06 3.914000E-04 3.982400E-05 6.637600E-06
6.977000E-07 -4.654100E-06 6.728000E-07 1.230500E-05 2.107100E-05 1.455300E-05 1.088400E-05 -4.140100E-02 -2.714500E-02 -1.541800E-02 2.474900E-04 -3.577700E-04 1.335110E-03 -9.243100E-06 1.035400E-05 -5.671900E-08 1.301700E-07 5.795700E-07 -6.020134E-05 -3.460400E-04 1.347600E-04 3.015700E-03 -3.596400E-05 4.219500E-07 5.333500E-03 -1.002400E-05 2.224100E-05 4.570300E-06 -9.699400E-06 5.730900E-06 2.299200E-05 1.379100E-05 2.330400E-05 1.130100E-05 3.982400E-05 9.444000E-05 2.978100E-05
5.193300E-07 -2.914600E-06 5.077600E-07 9.266600E-06 1.170900E-05 7.049800E-06 1.053500E-05 1.663900E-03 -1.434600E-02 -2.238100E-02 6.986500E-04 5.414900E-03 -2.244528E-03 4.834900E-06 -1.353700E-05 5.828500E-08 1.296900E-06 3.646600E-05 2.500658E-03 -1.484000E-04 6.634600E-04 3.308000E-03 1.673700E-03 -2.996600E-04 2.979300E-02 -4.154100E-05 -3.085900E-04 -7.331200E-05 3.789200E-05 1.559400E-05 1.788900E-05 3.476100E-05 1.735300E-05 3.151900E-05 6.637600E-06 2.978100E-05 4.809200E-04
