# omegabh2 omegach2 theta tau w ns logA aps100 aps143 aps217 acib143 acib217 asz143 psr cibr ncib cal0 cal2 xi aksz bm_1_1 bm_1_2 bm_1_3 bm_1_4 bm_1_5 bm_2_1 bm_2_2 bm_2_3 bm_2_4 bm_2_5 bm_3_1 bm_3_2 bm_3_3 bm_3_4 bm_3_5 bm_4_1 bm_4_2 bm_4_3 bm_4_4 bm_4_5
    0.11646E-06   -0.75428E-06    0.12832E-06    0.79934E-05    0.47412E-05    0.24827E-05    0.14421E-04   -0.29196E-02   -0.83987E-03   -0.18866E-04   -0.36410E-03   -0.44703E-03    0.12407E-04    0.10461E-05   -0.57798E-05   -0.31977E-05   -0.24472E-09   -0.78977E-08    0.75645E-05   -0.13368E-03   -0.11835E-04   -0.85144E-05    0.65485E-05    0.38205E-05    0.17007E-05   -0.22601E-05   -0.34508E-05    0.11684E-04   -0.24919E-06   -0.30456E-05    0.21552E-05   -0.38144E-05   -0.13325E-04    0.19619E-05   -0.37639E-05   -0.28125E-05    0.62403E-05   -0.66951E-05   -0.83809E-05    0.49096E-05
   -0.75428E-06    0.10157E-04   -0.11823E-05   -0.76794E-04   -0.10861E-03   -0.27587E-04   -0.12953E-03    0.17915E-01    0.61666E-02    0.11925E-02    0.18926E-02    0.24571E-02    0.35099E-04   -0.72352E-05    0.36735E-04    0.16806E-04   -0.14254E-07    0.12684E-06   -0.49329E-04    0.66276E-03    0.19915E-03    0.27732E-04   -0.82255E-04   -0.17904E-04   -0.11558E-04    0.60190E-04    0.25588E-04   -0.11688E-03   -0.15557E-04    0.23480E-06   -0.23826E-04    0.13882E-04    0.32041E-04   -0.44865E-04   -0.57962E-04    0.55545E-04   -0.56038E-04    0.48571E-04    0.66842E-04   -0.47929E-04
    0.12832E-06   -0.11823E-05    0.45463E-06    0.10687E-04    0.15377E-04    0.38285E-05    0.18925E-04   -0.26425E-02   -0.72281E-03   -0.31864E-03   -0.32367E-03   -0.33309E-03    0.12381E-04    0.11259E-05   -0.33552E-05   -0.19793E-05    0.35062E-08   -0.97855E-08    0.92089E-05   -0.85346E-04   -0.16808E-04   -0.20690E-05    0.15884E-04    0.40362E-05    0.54822E-05   -0.15785E-04   -0.95613E-05    0.16820E-04    0.26109E-05   -0.24661E-05   -0.11660E-05   -0.52091E-05   -0.19600E-05    0.52468E-05    0.13976E-05   -0.15877E-04    0.55612E-05   -0.12168E-04   -0.15985E-04    0.45637E-05
    0.79934E-05   -0.76794E-04    0.10687E-04    0.15541E-02    0.14146E-02    0.27683E-03    0.29282E-02   -0.35847E+00   -0.61795E-01    0.27280E-01   -0.43849E-01   -0.50855E-01   -0.14259E-02    0.21386E-03   -0.10769E-02   -0.16530E-03   -0.80468E-07   -0.10475E-05    0.54728E-03   -0.17675E-01   -0.84156E-03    0.19492E-03    0.11487E-02   -0.71702E-03    0.34507E-03    0.41279E-03    0.32488E-03    0.10218E-02   -0.45893E-04   -0.55533E-03   -0.21597E-03   -0.26878E-03   -0.58059E-03   -0.31472E-03    0.31870E-03   -0.18716E-03    0.10386E-02   -0.38891E-03   -0.23841E-03    0.24050E-03
    0.47412E-05   -0.10861E-03    0.15377E-04    0.14146E-02    0.92980E-01    0.33771E-03    0.25138E-02    0.14527E+00   -0.16166E+00   -0.12133E+00    0.33973E-01    0.26566E-01    0.71261E-02    0.13805E-03    0.12390E-02   -0.77628E-04   -0.77280E-06   -0.58170E-05   -0.11898E-02    0.24553E-03   -0.45537E-02    0.52875E-02    0.37958E-02   -0.50990E-02   -0.36914E-02   -0.49467E-02    0.55208E-03    0.26123E-02    0.58588E-03    0.43763E-02   -0.22347E-02    0.53885E-02   -0.12200E-02   -0.37770E-02    0.29234E-02   -0.52689E-02   -0.10631E-02    0.89879E-03   -0.14276E-02    0.17537E-03
    0.24827E-05   -0.27587E-04    0.38285E-05    0.27683E-03    0.33771E-03    0.99381E-04    0.48881E-03   -0.12305E+00   -0.15001E-01    0.11844E-01   -0.14713E-01   -0.16549E-01   -0.80833E-03    0.70208E-04   -0.39037E-03   -0.45656E-04   -0.31944E-07   -0.34624E-06    0.22632E-03   -0.53265E-02   -0.29928E-03   -0.14591E-03    0.24378E-03    0.75695E-04    0.81081E-04    0.18373E-03    0.22831E-04    0.44308E-03    0.51450E-04   -0.13938E-03    0.13379E-03   -0.17833E-03   -0.19990E-03    0.85580E-05   -0.38561E-04    0.98583E-04    0.37234E-03   -0.98497E-04   -0.19096E-03    0.17806E-03
    0.14421E-04   -0.12953E-03    0.18925E-04    0.29282E-02    0.25138E-02    0.48881E-03    0.55613E-02   -0.69968E+00   -0.10172E+00    0.67546E-01   -0.88254E-01   -0.10023E+00   -0.38317E-02    0.43960E-03   -0.22339E-02   -0.27070E-03   -0.11635E-06   -0.15583E-05    0.10300E-02   -0.35413E-01   -0.52881E-03    0.64997E-03    0.21057E-02   -0.14128E-02    0.67545E-03    0.12346E-02    0.80259E-03    0.17638E-02   -0.10557E-03   -0.11890E-02   -0.44012E-03   -0.47884E-03   -0.11427E-02   -0.75761E-03    0.33962E-03   -0.35131E-04    0.20802E-02   -0.60912E-03   -0.26429E-03    0.39256E-03
   -0.29196E-02    0.17915E-01   -0.26425E-02   -0.35847E+00    0.14527E+00   -0.12305E+00   -0.69968E+00    0.26889E+04    0.66580E+02   -0.15805E+03    0.11950E+03    0.11343E+03   -0.70556E+02   -0.10710E+01    0.39208E+00    0.13534E+01    0.35897E-03   -0.47165E-03   -0.45358E+00   -0.13124E+02    0.95223E+01   -0.93421E+01   -0.41157E+00    0.72997E+00   -0.12595E+01   -0.65688E+00   -0.49354E+01   -0.26306E+00    0.75876E+00   -0.85691E+00    0.12244E+01   -0.26646E+00   -0.87113E-01   -0.75117E+00   -0.36864E+01    0.76836E+00   -0.12303E+01   -0.26201E+01   -0.57211E+00    0.32719E+01
   -0.83987E-03    0.61666E-02   -0.72281E-03   -0.61795E-01   -0.16166E+00   -0.15001E-01   -0.10172E+00    0.66580E+02    0.18268E+03    0.55032E+02   -0.31131E+02   -0.92237E+01   -0.91949E+01   -0.26652E+00   -0.14715E+00   -0.13588E+00    0.14498E-03    0.31082E-02    0.11677E+01   -0.11808E+02    0.11072E+01    0.33291E+00    0.21900E+00    0.18514E+00    0.63790E-01   -0.16626E+01   -0.54962E+00   -0.98643E-01    0.35242E-01   -0.13036E+00    0.12259E+01    0.20810E+00    0.47729E+00   -0.32770E+00   -0.95554E-01   -0.37469E+00   -0.41226E+00   -0.11489E+00    0.52337E+00    0.22004E+00
   -0.18866E-04    0.11925E-02   -0.31864E-03    0.27280E-01   -0.12133E+00    0.11844E-01    0.67546E-01   -0.15805E+03    0.55032E+02    0.20394E+03   -0.32370E+02   -0.70625E+02    0.37320E+01   -0.40227E-01   -0.94643E+00   -0.10032E+01    0.17900E-03   -0.44445E-02    0.35897E+00   -0.10933E+02    0.17383E+01    0.94537E+00    0.10251E+00   -0.47981E-01    0.22901E+00    0.96463E+00    0.53470E+00   -0.93912E-01   -0.21452E+00    0.30849E+00   -0.10597E+01    0.65507E+00   -0.28990E+00    0.45130E+00   -0.87216E-01   -0.15704E-01    0.28925E+00    0.30910E+00    0.26071E+00   -0.28079E+00
   -0.36410E-03    0.18926E-02   -0.32367E-03   -0.43849E-01    0.33973E-01   -0.14713E-01   -0.88254E-01    0.11950E+03   -0.31131E+02   -0.32370E+02    0.25860E+02    0.18097E+02   -0.20774E+01    0.19110E-01    0.19102E+00    0.22518E+00   -0.11141E-03   -0.10580E-02   -0.90208E-02   -0.45591E+00   -0.94661E+00   -0.51782E+00   -0.15888E+00    0.10860E-01   -0.68919E-01    0.78940E+00    0.67547E-01   -0.43997E-01    0.91270E-01    0.55000E-01   -0.42848E+00   -0.10798E+00   -0.25532E-01    0.52924E-01    0.72597E-01    0.30917E+00    0.12422E+00   -0.64884E-01   -0.17556E+00    0.93423E-01
   -0.44703E-03    0.24571E-02   -0.33309E-03   -0.50855E-01    0.26566E-01   -0.16549E-01   -0.10023E+00    0.11343E+03   -0.92237E+01   -0.70625E+02    0.18097E+02    0.34251E+02   -0.21658E+01    0.62068E-01    0.40889E+00    0.51722E+00   -0.76953E-04    0.17815E-02   -0.19845E+00   -0.67211E+00   -0.69407E+00   -0.51536E+00   -0.65721E-01    0.50153E-01   -0.13534E+00   -0.34592E+00   -0.17387E+00    0.80342E-01    0.22014E+00   -0.19485E+00    0.43103E+00   -0.43995E+00    0.16495E+00   -0.31371E+00   -0.99220E-01    0.13911E-01   -0.65633E-01   -0.10647E+00   -0.72253E-01    0.26623E+00
    0.12407E-04    0.35099E-04    0.12381E-04   -0.14259E-02    0.71261E-02   -0.80833E-03   -0.38317E-02   -0.70556E+02   -0.91949E+01    0.37320E+01   -0.20774E+01   -0.21658E+01    0.76804E+01    0.53042E-01    0.24882E+00   -0.13175E+00    0.35631E-04   -0.14810E-03   -0.47474E-01    0.11622E+00    0.17897E+00    0.12685E+00    0.49519E-01   -0.81084E-01    0.20912E-01   -0.74054E-01    0.46888E-01   -0.81779E-01   -0.92961E-01    0.62144E-01   -0.11565E+00    0.62382E-01   -0.41753E-01    0.14108E-01    0.72252E-01   -0.10131E+00   -0.10433E+00    0.25533E-01   -0.39815E-02   -0.71024E-01
    0.10461E-05   -0.72352E-05    0.11259E-05    0.21386E-03    0.13805E-03    0.70208E-04    0.43960E-03   -0.10710E+01   -0.26652E+00   -0.40227E-01    0.19110E-01    0.62068E-01    0.53042E-01    0.77275E-02   -0.61829E-02    0.72913E-02    0.13695E-05   -0.26231E-04    0.40056E-02   -0.14765E-01    0.87497E-02    0.55341E-02    0.71908E-03   -0.11956E-02   -0.74851E-03    0.65933E-02   -0.78794E-03   -0.45398E-03   -0.22062E-02   -0.12725E-02   -0.96129E-02   -0.16143E-02   -0.21591E-02   -0.21094E-02   -0.13090E-02   -0.10078E-02   -0.28889E-03   -0.45394E-02   -0.54368E-02   -0.23335E-02
   -0.57798E-05    0.36735E-04   -0.33552E-05   -0.10769E-02    0.12390E-02   -0.39037E-03   -0.22339E-02    0.39208E+00   -0.14715E+00   -0.94643E+00    0.19102E+00    0.40889E+00    0.24882E+00   -0.61829E-02    0.49502E-01   -0.11742E-01   -0.14438E-05    0.95654E-04    0.20180E-02   -0.22726E-01   -0.22380E-01   -0.81442E-02   -0.54447E-03    0.17569E-02    0.58172E-03   -0.32774E-01   -0.14154E-02    0.10659E-01    0.25909E-02    0.43394E-02    0.32278E-01    0.31702E-02    0.13415E-02   -0.24516E-02   -0.49668E-05   -0.55335E-02    0.13815E-02    0.57528E-02    0.58364E-02    0.37914E-02
   -0.31977E-05    0.16806E-04   -0.19793E-05   -0.16530E-03   -0.77628E-04   -0.45656E-04   -0.27070E-03    0.13534E+01   -0.13588E+00   -0.10032E+01    0.22518E+00    0.51722E+00   -0.13175E+00    0.72913E-02   -0.11742E-01    0.20796E-01    0.24230E-07   -0.16885E-04   -0.17392E-02   -0.98473E-02    0.48400E-02   -0.79281E-02   -0.19267E-02   -0.57872E-03   -0.36862E-02    0.70326E-02    0.19009E-02   -0.32124E-02    0.93091E-02   -0.11227E-01   -0.11014E-01   -0.20003E-01    0.67686E-03   -0.14068E-01   -0.87316E-02   -0.25091E-02   -0.10000E-02   -0.19012E-02    0.97056E-03    0.12185E-01
   -0.24472E-09   -0.14254E-07    0.35062E-08   -0.80468E-07   -0.77280E-06   -0.31944E-07   -0.11635E-06    0.35897E-03    0.14498E-03    0.17900E-03   -0.11141E-03   -0.76953E-04    0.35631E-04    0.13695E-05   -0.14438E-05    0.24230E-07    0.15551E-06   -0.50755E-08    0.15323E-05    0.21779E-04   -0.21528E-04   -0.44661E-05    0.23784E-05   -0.70534E-05    0.83938E-06   -0.43067E-06   -0.81780E-06    0.24896E-05    0.19852E-05    0.14094E-05    0.25515E-06    0.20391E-05    0.36946E-05    0.10005E-05    0.82003E-06   -0.89033E-06    0.17930E-05    0.92913E-07   -0.10482E-05    0.18802E-05
   -0.78977E-08    0.12684E-06   -0.97855E-08   -0.10475E-05   -0.58170E-05   -0.34624E-06   -0.15583E-05   -0.47165E-03    0.31082E-02   -0.44445E-02   -0.10580E-02    0.17815E-02   -0.14810E-03   -0.26231E-04    0.95654E-04   -0.16885E-04   -0.50755E-08    0.16746E-05   -0.44912E-05   -0.38740E-04    0.64708E-04    0.19830E-04   -0.62780E-05   -0.17852E-04   -0.17662E-04    0.19696E-03    0.28539E-04    0.38033E-04    0.27833E-04    0.55785E-05   -0.18417E-03   -0.36489E-04   -0.30721E-04   -0.75177E-05   -0.33867E-04    0.10921E-04    0.58305E-04   -0.69701E-05   -0.36520E-04    0.35939E-04
    0.75645E-05   -0.49329E-04    0.92089E-05    0.54728E-03   -0.11898E-02    0.22632E-03    0.10300E-02   -0.45358E+00    0.11677E+01    0.35897E+00   -0.90208E-02   -0.19845E+00   -0.47474E-01    0.40056E-02    0.20180E-02   -0.17392E-02    0.15323E-05   -0.44912E-05    0.84069E-01    0.42354E-02    0.27036E-02    0.34126E-03   -0.30855E-02    0.47471E-02    0.15696E-02   -0.46621E-02   -0.10034E-03   -0.55252E-03    0.41810E-02    0.59722E-03    0.51161E-02    0.94014E-03    0.99577E-03   -0.49225E-02   -0.19112E-02   -0.61039E-03    0.38176E-03   -0.19966E-04    0.50979E-02    0.35629E-02
   -0.13368E-03    0.66276E-03   -0.85346E-04   -0.17675E-01    0.24553E-03   -0.53265E-02   -0.35413E-01   -0.13124E+02   -0.11808E+02   -0.10933E+02   -0.45591E+00   -0.67211E+00    0.11622E+00   -0.14765E-01   -0.22726E-01   -0.98473E-02    0.21779E-04   -0.38740E-04    0.42354E-02    0.80412E+01    0.55334E-02    0.75741E-01   -0.33785E-01   -0.43010E-01    0.17581E-01    0.25126E-02   -0.49861E-03   -0.10118E+00   -0.24199E-01    0.13237E-01   -0.65031E-01    0.18405E-01   -0.56433E-02    0.18879E-01    0.65159E-01   -0.11910E-01   -0.78630E-01    0.12889E-01    0.18947E-01   -0.59566E-01
   -0.11835E-04    0.19915E-03   -0.16808E-04   -0.84156E-03   -0.45537E-02   -0.29928E-03   -0.52881E-03    0.95223E+01    0.11072E+01    0.17383E+01   -0.94661E+00   -0.69407E+00    0.17897E+00    0.87497E-02   -0.22380E-01    0.48400E-02   -0.21528E-04    0.64708E-04    0.27036E-02    0.55334E-02    0.68433E+00   -0.10377E+00    0.84779E-02   -0.62921E-02   -0.94348E-02    0.17069E+00   -0.46766E-01   -0.49841E-01   -0.15750E-01   -0.58102E-01    0.13456E-01    0.24570E-01   -0.38636E-01   -0.42658E-01   -0.12202E+00    0.14608E+00    0.20735E-01   -0.18330E-01    0.28656E-01    0.59068E-01
   -0.85144E-05    0.27732E-04   -0.20690E-05    0.19492E-03    0.52875E-02   -0.14591E-03    0.64997E-03   -0.93421E+01    0.33291E+00    0.94537E+00   -0.51782E+00   -0.51536E+00    0.12685E+00    0.55341E-02   -0.81442E-02   -0.79281E-02   -0.44661E-05    0.19830E-04    0.34126E-03    0.75741E-01   -0.10377E+00    0.90474E+00    0.18000E-01    0.31144E-02    0.91442E-02   -0.13884E+00    0.17685E+00    0.54477E-01   -0.22651E-01    0.46903E-01   -0.13185E+00    0.11158E-01    0.29094E-01    0.13996E-01    0.17025E+00   -0.21830E+00    0.25456E-01    0.10104E+00   -0.15350E-02   -0.20888E+00
    0.65485E-05   -0.82255E-04    0.15884E-04    0.11487E-02    0.37958E-02    0.24378E-03    0.21057E-02   -0.41157E+00    0.21900E+00    0.10251E+00   -0.15888E+00   -0.65721E-01    0.49519E-01    0.71908E-03   -0.54447E-03   -0.19267E-02    0.23784E-05   -0.62780E-05   -0.30855E-02   -0.33785E-01    0.84779E-02    0.18000E-01    0.10027E+01   -0.28634E-01   -0.63118E-02   -0.41745E-01   -0.24246E-01    0.15669E+00   -0.16282E-01    0.66046E-01   -0.13162E-01    0.28185E-01   -0.29517E-01   -0.78250E-02    0.11086E+00   -0.55029E-01    0.27687E-01    0.72921E-02   -0.17778E+00    0.71540E-01
    0.38205E-05   -0.17904E-04    0.40362E-05   -0.71702E-03   -0.50990E-02    0.75695E-04   -0.14128E-02    0.72997E+00    0.18514E+00   -0.47981E-01    0.10860E-01    0.50153E-01   -0.81084E-01   -0.11956E-02    0.17569E-02   -0.57872E-03   -0.70534E-05   -0.17852E-04    0.47471E-02   -0.43010E-01   -0.62921E-02    0.31144E-02   -0.28634E-01    0.10070E+01    0.26405E-04    0.50086E-01   -0.88585E-01    0.86601E-01   -0.84228E-01    0.47550E-01    0.93077E-01    0.10011E+00    0.51843E-01    0.14015E+00   -0.11528E+00    0.93750E-01    0.52066E-01   -0.29873E-02   -0.11671E+00    0.52668E-01
    0.17007E-05   -0.11558E-04    0.54822E-05    0.34507E-03   -0.36914E-02    0.81081E-04    0.67545E-03   -0.12595E+01    0.63790E-01    0.22901E+00   -0.68919E-01   -0.13534E+00    0.20912E-01   -0.74851E-03    0.58172E-03   -0.36862E-02    0.83938E-06   -0.17662E-04    0.15696E-02    0.17581E-01   -0.94348E-02    0.91442E-02   -0.63118E-02    0.26405E-04    0.99326E+00    0.24263E-01    0.38173E-01   -0.56257E-01    0.55827E-01    0.84627E-01    0.77192E-01   -0.74476E-01   -0.80873E-01    0.59481E-01    0.55796E-01    0.97201E-01   -0.87607E-01    0.80302E-01   -0.92405E-02    0.22752E-03
   -0.22601E-05    0.60190E-04   -0.15785E-04    0.41279E-03   -0.49467E-02    0.18373E-03    0.12346E-02   -0.65688E+00   -0.16626E+01    0.96463E+00    0.78940E+00   -0.34592E+00   -0.74054E-01    0.65933E-02   -0.32774E-01    0.70326E-02   -0.43067E-06    0.19696E-03   -0.46621E-02    0.25126E-02    0.17069E+00   -0.13884E+00   -0.41745E-01    0.50086E-01    0.24263E-01    0.84614E+00   -0.10334E-01   -0.13644E-01   -0.24467E-01   -0.71115E-02    0.17602E-01    0.11890E+00   -0.86634E-01    0.26101E-01   -0.61674E-01    0.63880E+00    0.23151E+00   -0.51610E-01   -0.50711E-01    0.68729E-01
   -0.34508E-05    0.25588E-04   -0.95613E-05    0.32488E-03    0.55208E-03    0.22831E-04    0.80259E-03   -0.49354E+01   -0.54962E+00    0.53470E+00    0.67547E-01   -0.17387E+00    0.46888E-01   -0.78794E-03   -0.14154E-02    0.19009E-02   -0.81780E-06    0.28539E-04   -0.10034E-03   -0.49861E-03   -0.46766E-01    0.17685E+00   -0.24246E-01   -0.88585E-01    0.38173E-01   -0.10334E-01    0.96479E+00    0.94408E-02   -0.22280E-02    0.10264E-01    0.38174E-01   -0.15293E-01   -0.54150E-01   -0.28073E-01    0.14009E+00   -0.80026E-01    0.23809E+00    0.76130E+00    0.27575E+00   -0.17834E+00
    0.11684E-04   -0.11688E-03    0.16820E-04    0.10218E-02    0.26123E-02    0.44308E-03    0.17638E-02   -0.26306E+00   -0.98643E-01   -0.93912E-01   -0.43997E-01    0.80342E-01   -0.81779E-01   -0.45398E-03    0.10659E-01   -0.32124E-02    0.24896E-05    0.38033E-04   -0.55252E-03   -0.10118E+00   -0.49841E-01    0.54477E-01    0.15669E+00    0.86601E-01   -0.56257E-01   -0.13644E-01    0.94408E-02    0.10102E+01   -0.33540E-02   -0.26485E-01    0.10410E+00   -0.60584E-01    0.13965E+00    0.14519E+00   -0.15332E+00   -0.19520E+00    0.65674E+00    0.14674E+00   -0.60644E+00    0.17403E+00
   -0.24919E-06   -0.15557E-04    0.26109E-05   -0.45893E-04    0.58588E-03    0.51450E-04   -0.10557E-03    0.75876E+00    0.35242E-01   -0.21452E+00    0.91270E-01    0.22014E+00   -0.92961E-01   -0.22062E-02    0.25909E-02    0.93091E-02    0.19852E-05    0.27833E-04    0.41810E-02   -0.24199E-01   -0.15750E-01   -0.22651E-01   -0.16282E-01   -0.84228E-01    0.55827E-01   -0.24467E-01   -0.22280E-02   -0.33540E-02    0.95846E+00   -0.20733E-01    0.25922E-02   -0.87273E-01   -0.13929E+00   -0.39677E-01   -0.98637E-01   -0.68756E-01    0.80529E-01   -0.55280E-01    0.30500E+00    0.64951E+00
   -0.30456E-05    0.23480E-06   -0.24661E-05   -0.55533E-03    0.43763E-02   -0.13938E-03   -0.11890E-02   -0.85691E+00   -0.13036E+00    0.30849E+00    0.55000E-01   -0.19485E+00    0.62144E-01   -0.12725E-02    0.43394E-02   -0.11227E-01    0.14094E-05    0.55785E-05    0.59722E-03    0.13237E-01   -0.58102E-01    0.46903E-01    0.66046E-01    0.47550E-01    0.84627E-01   -0.71115E-02    0.10264E-01   -0.26485E-01   -0.20733E-01    0.10053E+01   -0.69146E-01    0.92984E-01    0.18873E-01    0.16671E+00    0.31766E-01    0.12203E+00   -0.57661E+00    0.38964E+00   -0.33749E+00    0.20415E+00
    0.21552E-05   -0.23826E-04   -0.11660E-05   -0.21597E-03   -0.22347E-02    0.13379E-03   -0.44012E-03    0.12244E+01    0.12259E+01   -0.10597E+01   -0.42848E+00    0.43103E+00   -0.11565E+00   -0.96129E-02    0.32278E-01   -0.11014E-01    0.25515E-06   -0.18417E-03    0.51161E-02   -0.65031E-01    0.13456E-01   -0.13185E+00   -0.13162E-01    0.93077E-01    0.77192E-01    0.17602E-01    0.38174E-01    0.10410E+00    0.25922E-02   -0.69146E-01    0.91099E+00    0.51020E-02   -0.15467E-01   -0.85154E-02   -0.34994E-01    0.58017E+00    0.19159E+00    0.11758E+00    0.60325E-01   -0.51640E-01
   -0.38144E-05    0.13882E-04   -0.52091E-05   -0.26878E-03    0.53885E-02   -0.17833E-03   -0.47884E-03   -0.26646E+00    0.20810E+00    0.65507E+00   -0.10798E+00   -0.43995E+00    0.62382E-01   -0.16143E-02    0.31702E-02   -0.20003E-01    0.20391E-05   -0.36489E-04    0.94014E-03    0.18405E-01    0.24570E-01    0.11158E-01    0.28185E-01    0.10011E+00   -0.74476E-01    0.11890E+00   -0.15293E-01   -0.60584E-01   -0.87273E-01    0.92984E-01    0.51020E-02    0.98849E+00   -0.52157E-02   -0.46162E-03   -0.74937E-03    0.10321E+00    0.14389E+00   -0.13646E-01    0.15184E+00    0.15898E+00
   -0.13325E-04    0.32041E-04   -0.19600E-05   -0.58059E-03   -0.12200E-02   -0.19990E-03   -0.11427E-02   -0.87113E-01    0.47729E+00   -0.28990E+00   -0.25532E-01    0.16495E+00   -0.41753E-01   -0.21591E-02    0.13415E-02    0.67686E-03    0.36946E-05   -0.30721E-04    0.99577E-03   -0.56433E-02   -0.38636E-01    0.29094E-01   -0.29517E-01    0.51843E-01   -0.80873E-01   -0.86634E-01   -0.54150E-01    0.13965E+00   -0.13929E+00    0.18873E-01   -0.15467E-01   -0.52157E-02    0.10078E+01   -0.19421E-02    0.11583E-02   -0.11754E+00    0.59433E-01    0.16137E+00    0.39967E-01   -0.75781E-01
    0.19619E-05   -0.44865E-04    0.52468E-05   -0.31472E-03   -0.37770E-02    0.85580E-05   -0.75761E-03   -0.75117E+00   -0.32770E+00    0.45130E+00    0.52924E-01   -0.31371E+00    0.14108E-01   -0.21094E-02   -0.24516E-02   -0.14068E-01    0.10005E-05   -0.75177E-05   -0.49225E-02    0.18879E-01   -0.42658E-01    0.13996E-01   -0.78250E-02    0.14015E+00    0.59481E-01    0.26101E-01   -0.28073E-01    0.14519E+00   -0.39677E-01    0.16671E+00   -0.85154E-02   -0.46162E-03   -0.19421E-02    0.98507E+00    0.88524E-02    0.29406E-02    0.18658E-01    0.11790E+00   -0.28053E+00    0.11249E+00
   -0.37639E-05   -0.57962E-04    0.13976E-05    0.31870E-03    0.29234E-02   -0.38561E-04    0.33962E-03   -0.36864E+01   -0.95554E-01   -0.87216E-01    0.72597E-01   -0.99220E-01    0.72252E-01   -0.13090E-02   -0.49668E-05   -0.87316E-02    0.82003E-06   -0.33867E-04   -0.19112E-02    0.65159E-01   -0.12202E+00    0.17025E+00    0.11086E+00   -0.11528E+00    0.55796E-01   -0.61674E-01    0.14009E+00   -0.15332E+00   -0.98637E-01    0.31766E-01   -0.34994E-01   -0.74937E-03    0.11583E-02    0.88524E-02    0.99089E+00   -0.50918E-01   -0.78008E-01    0.27544E-01    0.16766E+00   -0.10322E+00
   -0.28125E-05    0.55545E-04   -0.15877E-04   -0.18716E-03   -0.52689E-02    0.98583E-04   -0.35131E-04    0.76836E+00   -0.37469E+00   -0.15704E-01    0.30917E+00    0.13911E-01   -0.10131E+00   -0.10078E-02   -0.55335E-02   -0.25091E-02   -0.89033E-06    0.10921E-04   -0.61039E-03   -0.11910E-01    0.14608E+00   -0.21830E+00   -0.55029E-01    0.93750E-01    0.97201E-01    0.63880E+00   -0.80026E-01   -0.19520E+00   -0.68756E-01    0.12203E+00    0.58017E+00    0.10321E+00   -0.11754E+00    0.29406E-02   -0.50918E-01    0.94828E+00   -0.18388E-01    0.60795E-02    0.11636E-01   -0.52700E-02
    0.62403E-05   -0.56038E-04    0.55612E-05    0.10386E-02   -0.10631E-02    0.37234E-03    0.20802E-02   -0.12303E+01   -0.41226E+00    0.28925E+00    0.12422E+00   -0.65633E-01   -0.10433E+00   -0.28889E-03    0.13815E-02   -0.10000E-02    0.17930E-05    0.58305E-04    0.38176E-03   -0.78630E-01    0.20735E-01    0.25456E-01    0.27687E-01    0.52066E-01   -0.87607E-01    0.23151E+00    0.23809E+00    0.65674E+00    0.80529E-01   -0.57661E+00    0.19159E+00    0.14389E+00    0.59433E-01    0.18658E-01   -0.78008E-01   -0.18388E-01    0.10042E+01   -0.24801E-02    0.17701E-02    0.50144E-02
   -0.66951E-05    0.48571E-04   -0.12168E-04   -0.38891E-03    0.89879E-03   -0.98497E-04   -0.60912E-03   -0.26201E+01   -0.11489E+00    0.30910E+00   -0.64884E-01   -0.10647E+00    0.25533E-01   -0.45394E-02    0.57528E-02   -0.19012E-02    0.92913E-07   -0.69701E-05   -0.19966E-04    0.12889E-01   -0.18330E-01    0.10104E+00    0.72921E-02   -0.29873E-02    0.80302E-01   -0.51610E-01    0.76130E+00    0.14674E+00   -0.55280E-01    0.38964E+00    0.11758E+00   -0.13646E-01    0.16137E+00    0.11790E+00    0.27544E-01    0.60795E-02   -0.24801E-02    0.99062E+00   -0.20164E-01   -0.24198E-03
   -0.83809E-05    0.66842E-04   -0.15985E-04   -0.23841E-03   -0.14276E-02   -0.19096E-03   -0.26429E-03   -0.57211E+00    0.52337E+00    0.26071E+00   -0.17556E+00   -0.72253E-01   -0.39815E-02   -0.54368E-02    0.58364E-02    0.97056E-03   -0.10482E-05   -0.36520E-04    0.50979E-02    0.18947E-01    0.28656E-01   -0.15350E-02   -0.17778E+00   -0.11671E+00   -0.92405E-02   -0.50711E-01    0.27575E+00   -0.60644E+00    0.30500E+00   -0.33749E+00    0.60325E-01    0.15184E+00    0.39967E-01   -0.28053E+00    0.16766E+00    0.11636E-01    0.17701E-02   -0.20164E-01    0.97664E+00    0.67697E-02
    0.49096E-05   -0.47929E-04    0.45637E-05    0.24050E-03    0.17537E-03    0.17806E-03    0.39256E-03    0.32719E+01    0.22004E+00   -0.28079E+00    0.93423E-01    0.26623E+00   -0.71024E-01   -0.23335E-02    0.37914E-02    0.12185E-01    0.18802E-05    0.35939E-04    0.35629E-02   -0.59566E-01    0.59068E-01   -0.20888E+00    0.71540E-01    0.52668E-01    0.22752E-03    0.68729E-01   -0.17834E+00    0.17403E+00    0.64951E+00    0.20415E+00   -0.51640E-01    0.15898E+00   -0.75781E-01    0.11249E+00   -0.10322E+00   -0.52700E-02    0.50144E-02   -0.24198E-03    0.67697E-02    0.95176E+00
