# omegabh2 omegach2 theta tau w wa logA ns calPlanck acib217 xi asz143 aps100 aps143 aps143217 aps217 aksz kgal100 kgal143 kgal143217 kgal217 galfEE100 galfEE100143 galfEE100217 galfEE143 galfEE143217 galfEE217 galfTE100 galfTE100143 galfTE100217 galfTE143 galfTE143217 galfTE217 cal0 cal2
    0.2278700E-07   -0.1118722E-06    0.1676324E-07    0.8405343E-06    0.7838347E-06    0.8305235E-05    0.1518123E-05    0.2874969E-06    0.1207091E-07   -0.1052592E-03    0.1364116E-05    0.2669469E-04   -0.3858941E-03   -0.2171003E-03   -0.4636849E-04    0.5072781E-04   -0.4312106E-04   -0.5032364E-05   -0.5720440E-05   -0.1015494E-04    0.1260522E-04    0.6027892E-07    0.1953559E-07    0.2327784E-07    0.2563887E-07    0.1795774E-07    0.6414484E-07   -0.1214882E-06   -0.2517002E-07    0.3165400E-07   -0.8027286E-07   -0.3759680E-06   -0.1283778E-05    0.4914803E-08   -0.1105211E-07
   -0.1118722E-06    0.1817158E-05   -0.1436730E-06   -0.9259630E-05   -0.5903647E-05   -0.1401393E-03   -0.1440864E-04   -0.4326437E-05   -0.1442836E-06    0.3316413E-03   -0.4715895E-05   -0.1291722E-03    0.1696742E-02    0.1062551E-02    0.3098091E-03   -0.3494331E-04    0.1481770E-03   -0.3045555E-04   -0.1375433E-04    0.2836715E-04    0.4010091E-04   -0.9305939E-06   -0.3709351E-06   -0.2456404E-06   -0.4597233E-06    0.1181440E-06   -0.2048256E-06    0.1085278E-05    0.2100198E-06   -0.1186329E-05    0.1872582E-06    0.2482800E-05    0.4240815E-05   -0.1168563E-07    0.6252391E-07
    0.1676324E-07   -0.1436730E-06    0.9920940E-07    0.8255543E-06    0.8802813E-06    0.1501878E-04    0.1436511E-05    0.4751205E-06    0.2512938E-07    0.2100050E-04    0.1376150E-06    0.2309258E-05    0.2435473E-04   -0.4777062E-04   -0.3832580E-04   -0.6343891E-04   -0.1592783E-04    0.2691498E-05    0.8371561E-05    0.1429417E-04    0.3902028E-05    0.9040064E-07    0.1771869E-07    0.9925370E-07    0.2020447E-07   -0.4469084E-07   -0.1833382E-06   -0.2117469E-08    0.1533269E-07    0.5466731E-06   -0.4716845E-07   -0.8047918E-07   -0.7654873E-06   -0.8918561E-09    0.2174811E-08
    0.8405343E-06   -0.9259630E-05    0.8255543E-06    0.2930903E-03   -0.2203300E-03    0.1450806E-02    0.5611911E-03    0.3177697E-04   -0.1380430E-05   -0.1421236E-01    0.2196637E-03    0.2262348E-02   -0.4351987E-01   -0.1600366E-01    0.2874718E-02    0.1353389E-01   -0.4789371E-02   -0.2934468E-03   -0.9368419E-03   -0.2070000E-02    0.1180609E-02    0.6878674E-05    0.1750784E-05   -0.3153747E-06    0.1902493E-05   -0.1045625E-05    0.1214496E-04   -0.2082318E-04    0.3079099E-05    0.3828902E-04    0.8126851E-06   -0.2226648E-04    0.2462441E-04    0.2527216E-06   -0.1807023E-05
    0.7838347E-06   -0.5903647E-05    0.8802813E-06   -0.2203300E-03    0.5443804E-01   -0.1404597E+00   -0.4735067E-03    0.1341395E-04   -0.1054102E-04   -0.9330066E-02   -0.8001729E-04    0.3860912E-02   -0.5493934E-01   -0.7653143E-02   -0.5163763E-02    0.5082248E-02   -0.6897443E-02   -0.1299742E-02    0.8114458E-03    0.1315499E-01    0.1310724E-01    0.2666882E-04   -0.6780512E-05    0.3510403E-04   -0.1041587E-04    0.4540705E-05   -0.1346421E-03    0.7077955E-04    0.6226035E-05    0.8427494E-04    0.1669143E-03    0.2730603E-03   -0.2909247E-04   -0.6733360E-06   -0.1123966E-05
    0.8305235E-05   -0.1401393E-03    0.1501878E-04    0.1450806E-02   -0.1404597E+00    0.3946912E+00    0.2637797E-02    0.3410734E-03    0.3924804E-04    0.1595693E-02    0.6050559E-03    0.7718465E-02   -0.5813566E-01   -0.6446048E-01   -0.5099838E-03   -0.1399918E-01    0.2839008E-02    0.2498024E-02   -0.3952315E-02   -0.2498378E-01   -0.2494005E-01    0.7567741E-05    0.5409667E-04   -0.6235935E-04    0.6785825E-04   -0.2883272E-04    0.6491767E-03   -0.3189389E-03   -0.3280036E-04    0.8723451E-05   -0.4874131E-03   -0.8172990E-03    0.2332741E-05    0.3463340E-05   -0.7524150E-06
    0.1518123E-05   -0.1440864E-04    0.1436511E-05    0.5611911E-03   -0.4735067E-03    0.2637797E-02    0.1109757E-02    0.5229883E-04    0.9195054E-05   -0.2835727E-01    0.4722996E-03    0.4148175E-02   -0.7792539E-01   -0.2863894E-01    0.8692238E-02    0.3301063E-01   -0.9895733E-02   -0.9063621E-03   -0.2416229E-02   -0.4871714E-02    0.3804089E-02    0.1323837E-04    0.2611858E-05    0.4533296E-06    0.3830603E-05   -0.1852497E-05    0.2666403E-04   -0.3354794E-04    0.7837355E-05    0.7640088E-04    0.4719781E-06   -0.3759603E-04    0.5978216E-04    0.7142693E-06   -0.3695669E-05
    0.2874969E-06   -0.4326437E-05    0.4751205E-06    0.3177697E-04    0.1341395E-04    0.3410734E-03    0.5229883E-04    0.2026653E-04    0.4664668E-06   -0.5470487E-02    0.1219949E-03    0.1206332E-02   -0.2596015E-01   -0.6534705E-02    0.2979317E-02    0.6659858E-02   -0.2617701E-02    0.2574331E-03   -0.1525378E-03   -0.3967768E-03    0.7795516E-03    0.5303000E-05    0.1819006E-05    0.6320322E-06    0.1980114E-05   -0.8866037E-08   -0.1800833E-05    0.1338433E-05    0.9716778E-06    0.1659918E-05   -0.1028423E-05   -0.6656080E-05   -0.5449508E-05   -0.1312618E-06   -0.5309187E-06
    0.1207091E-07   -0.1442836E-06    0.2512938E-07   -0.1380430E-05   -0.1054102E-04    0.3924804E-04    0.9195054E-05    0.4664668E-06    0.6092713E-05    0.5149312E-03   -0.4085113E-05   -0.3286042E-04    0.3633801E-02    0.2201841E-03    0.1129440E-03    0.1377516E-02    0.2564392E-04   -0.1792771E-04    0.9299797E-05   -0.1618828E-03    0.5925716E-03    0.1345918E-05    0.1963722E-06    0.7719778E-06    0.8129464E-06    0.5825912E-07    0.1650189E-05    0.4094070E-05    0.1188797E-05    0.1765373E-05   -0.6958081E-06    0.6471818E-06    0.1936403E-05    0.4327250E-08   -0.7152565E-07
   -0.1052592E-03    0.3316413E-03    0.2100050E-04   -0.1421236E-01   -0.9330066E-02    0.1595693E-02   -0.2835727E-01   -0.5470487E-02    0.5149312E-03    0.4807731E+02   -0.4762625E+00   -0.1550225E+01    0.4263721E+02    0.2879311E+00   -0.2102832E+02   -0.6586078E+02    0.3774592E+00   -0.1885592E+00    0.3985322E+00   -0.2976983E+01   -0.2460579E+02   -0.1236823E-02   -0.5010891E-03   -0.7224171E-03    0.3731870E-03    0.8727153E-03    0.2169875E-02   -0.7344765E-02   -0.1190269E-02    0.8428038E-02    0.1491885E-03   -0.6821637E-03   -0.1243776E-01   -0.1258184E-03    0.4419218E-02
    0.1364116E-05   -0.4715895E-05    0.1376150E-06    0.2196637E-03   -0.8001729E-04    0.6050559E-03    0.4722996E-03    0.1219949E-03   -0.4085113E-05   -0.4762625E+00    0.8087320E-01   -0.5529812E-01   -0.5597379E+00    0.9630660E+00    0.1825605E+01    0.7718504E+00    0.5046979E-01   -0.4122090E-02    0.7025042E-02    0.1028845E+00    0.9649895E-01    0.4020183E-04    0.1782443E-04   -0.2288051E-04    0.1647050E-04   -0.1495249E-04   -0.1123166E-03   -0.1022405E-03    0.2917343E-04   -0.6462749E-03    0.1893725E-03    0.1545687E-03    0.3906704E-03    0.8851694E-05   -0.1991299E-04
    0.2669469E-04   -0.1291722E-03    0.2309258E-05    0.2262348E-02    0.3860912E-02    0.7718465E-02    0.4148175E-02    0.1206332E-02   -0.3286042E-04   -0.1550225E+01   -0.5529812E-01    0.3642357E+01   -0.2908838E+02   -0.3594276E+01    0.7692039E+01    0.6397583E+01   -0.2448145E+01   -0.1879344E+00    0.9915321E-01    0.2380221E+01    0.1917939E+01    0.2136448E-03    0.8906862E-04   -0.3177954E-03    0.3027726E-04   -0.1407521E-03    0.8233393E-03   -0.9310108E-03   -0.4540488E-03    0.5736944E-02   -0.8409872E-03    0.2751331E-03    0.3409537E-02    0.1758888E-03   -0.3731899E-03
   -0.3858941E-03    0.1696742E-02    0.2435473E-04   -0.4351987E-01   -0.5493934E-01   -0.5813566E-01   -0.7792539E-01   -0.2596015E-01    0.3633801E-02    0.4263721E+02   -0.5597379E+00   -0.2908838E+02    0.7250201E+03    0.6616935E+02   -0.6131844E+02   -0.7046196E+02    0.1269099E+02   -0.4321934E-01   -0.2008251E+00   -0.1348170E+02   -0.1949845E+02   -0.8305682E-02   -0.2823836E-02    0.1758030E-02   -0.1860685E-02    0.2758927E-02   -0.5375364E-02    0.6409074E-01    0.9104858E-02    0.3385110E-01    0.1318780E-01    0.3452281E-02   -0.2928313E-01    0.4525440E-02    0.4395404E-02
   -0.2171003E-03    0.1062551E-02   -0.4777062E-04   -0.1600366E-01   -0.7653143E-02   -0.6446048E-01   -0.2863894E-01   -0.6534705E-02    0.2201841E-03    0.2879311E+00    0.9630660E+00   -0.3594276E+01    0.6616935E+02    0.5568077E+02    0.4039280E+02    0.1686785E+02   -0.4456867E+01   -0.3827700E+00   -0.8373540E+00    0.3676149E+01    0.3606461E+01   -0.1812723E-02   -0.3652602E-03   -0.2918612E-03   -0.3156149E-03   -0.2860019E-03   -0.5050969E-02    0.1663843E-03    0.1244916E-02   -0.2101529E-01    0.5255608E-02    0.9808139E-02    0.4533080E-02    0.1827065E-03    0.2775229E-03
   -0.4636849E-04    0.3098091E-03   -0.3832580E-04    0.2874718E-02   -0.5163763E-02   -0.5099838E-03    0.8692238E-02    0.2979317E-02    0.1129440E-03   -0.2102832E+02    0.1825605E+01    0.7692039E+01   -0.6131844E+02    0.4039280E+02    0.9295096E+02    0.6499309E+02   -0.1141928E+02   -0.6072580E+00   -0.1316968E+00    0.4678263E+01    0.5522676E+01    0.2264331E-03    0.2815091E-03   -0.1165229E-02    0.4386198E-03   -0.1896474E-02   -0.4356942E-02    0.1798745E-03    0.1970842E-02   -0.3134214E-02    0.3618789E-02    0.1082795E-01    0.2148636E-01    0.7479604E-03   -0.2534007E-02
    0.5072781E-04   -0.3494331E-04   -0.6343891E-04    0.1353389E-01    0.5082248E-02   -0.1399918E-01    0.3301063E-01    0.6659858E-02    0.1377516E-02   -0.6586078E+02    0.7718504E+00    0.6397583E+01   -0.7046196E+02    0.1686785E+02    0.6499309E+02    0.1247511E+03   -0.9709222E+01   -0.2138140E+00   -0.6205666E+00    0.5464574E+00    0.2180751E+02    0.1447028E-02    0.6365899E-03    0.9923587E-03   -0.2705678E-03   -0.1876349E-02   -0.6556305E-02    0.1297349E-01    0.3348619E-02   -0.1494095E-01   -0.1118864E-02    0.5056380E-02    0.2029825E-01    0.5128704E-03   -0.7663937E-02
   -0.4312106E-04    0.1481770E-03   -0.1592783E-04   -0.4789371E-02   -0.6897443E-02    0.2839008E-02   -0.9895733E-02   -0.2617701E-02    0.2564392E-04    0.3774592E+00    0.5046979E-01   -0.2448145E+01    0.1269099E+02   -0.4456867E+01   -0.1141928E+02   -0.9709222E+01    0.5563204E+01    0.1258973E+00   -0.8904137E-01   -0.1853376E+01   -0.1406801E+01   -0.5363569E-03   -0.1408965E-03    0.1552271E-03   -0.1872089E-03    0.6316695E-04    0.7846927E-03   -0.5464635E-03   -0.4319279E-04   -0.1460757E-02    0.5797219E-03    0.1869120E-03   -0.6728113E-06   -0.1216090E-03    0.1577757E-03
   -0.5032364E-05   -0.3045555E-04    0.2691498E-05   -0.2934468E-03   -0.1299742E-02    0.2498024E-02   -0.9063621E-03    0.2574331E-03   -0.1792771E-04   -0.1885592E+00   -0.4122090E-02   -0.1879344E+00   -0.4321934E-01   -0.3827700E+00   -0.6072580E+00   -0.2138140E+00    0.1258973E+00    0.3095209E+01    0.7249995E+00    0.3005671E+00    0.5397805E+00    0.1348856E-03    0.7197692E-04   -0.1699711E-03    0.1541982E-03   -0.2258451E-03    0.1120285E-02   -0.4437619E-02    0.1397426E-03   -0.3688084E-03   -0.3563421E-04   -0.1654838E-02   -0.1818369E-02    0.4224453E-03   -0.8919294E-05
   -0.5720440E-05   -0.1375433E-04    0.8371561E-05   -0.9368419E-03    0.8114458E-03   -0.3952315E-02   -0.2416229E-02   -0.1525378E-03    0.9299797E-05    0.3985322E+00    0.7025042E-02    0.9915321E-01   -0.2008251E+00   -0.8373540E+00   -0.1316968E+00   -0.6205666E+00   -0.8904137E-01    0.7249995E+00    0.3077605E+01    0.2396916E+01    0.1373651E+01    0.1026831E-03    0.3471134E-04    0.8042176E-04    0.5940283E-04   -0.1832018E-03    0.2515598E-03    0.3763259E-02   -0.2428004E-04   -0.1836912E-03   -0.3151079E-03    0.5478242E-04   -0.6648975E-04   -0.4160788E-03   -0.1791483E-03
   -0.1015494E-04    0.2836715E-04    0.1429417E-04   -0.2070000E-02    0.1315499E-01   -0.2498378E-01   -0.4871714E-02   -0.3967768E-03   -0.1618828E-03   -0.2976983E+01    0.1028845E+00    0.2380221E+01   -0.1348170E+02    0.3676149E+01    0.4678263E+01    0.5464574E+00   -0.1853376E+01    0.3005671E+00    0.2396916E+01    0.1764438E+02    0.2674310E+02    0.2812025E-03    0.9452390E-04   -0.4686064E-03    0.1234296E-04    0.8342040E-03    0.3236563E-02    0.3399507E-02    0.3768087E-04    0.6875873E-03    0.6438178E-03   -0.2173190E-02    0.4565978E-02   -0.9113178E-04    0.2454397E-02
    0.1260522E-04    0.4010091E-04    0.3902028E-05    0.1180609E-02    0.1310724E-01   -0.2494005E-01    0.3804089E-02    0.7795516E-03    0.5925716E-03   -0.2460579E+02    0.9649895E-01    0.1917939E+01   -0.1949845E+02    0.3606461E+01    0.5522676E+01    0.2180751E+02   -0.1406801E+01    0.5397805E+00    0.1373651E+01    0.2674310E+02    0.6061939E+02    0.1162931E-02    0.1674519E-03    0.2170252E-03    0.2434262E-04    0.1038058E-02    0.5152240E-02    0.8532499E-02    0.9234995E-03    0.3676588E-02    0.1936882E-02   -0.3053224E-02    0.9170243E-02   -0.8489591E-04    0.4281525E-02
    0.6027892E-07   -0.9305939E-06    0.9040064E-07    0.6878674E-05    0.2666882E-04    0.7567741E-05    0.1323837E-04    0.5303000E-05    0.1345918E-05   -0.1236823E-02    0.4020183E-04    0.2136448E-03   -0.8305682E-02   -0.1812723E-02    0.2264331E-03    0.1447028E-02   -0.5363569E-03    0.1348856E-03    0.1026831E-03    0.2812025E-03    0.1162931E-02    0.1262071E-03    0.1103935E-04   -0.2048825E-06    0.3267708E-05    0.6203847E-06    0.2126763E-05   -0.1487376E-04   -0.4592151E-05   -0.4679124E-04    0.3711397E-05    0.3765890E-05    0.6356969E-05   -0.2003448E-06    0.9379857E-07
    0.1953559E-07   -0.3709351E-06    0.1771869E-07    0.1750784E-05   -0.6780512E-05    0.5409667E-04    0.2611858E-05    0.1819006E-05    0.1963722E-06   -0.5010891E-03    0.1782443E-04    0.8906862E-04   -0.2823836E-02   -0.3652602E-03    0.2815091E-03    0.6365899E-03   -0.1408965E-03    0.7197692E-04    0.3471134E-04    0.9452390E-04    0.1674519E-03    0.1103935E-04    0.1395231E-04    0.5747905E-06    0.6253831E-05   -0.2501956E-06    0.9727286E-06   -0.7801118E-06   -0.8892622E-06   -0.8303138E-05   -0.8143536E-06   -0.1604191E-05   -0.9895827E-05   -0.4049816E-07   -0.4149001E-07
    0.2327784E-07   -0.2456404E-06    0.9925370E-07   -0.3153747E-06    0.3510403E-04   -0.6235935E-04    0.4533296E-06    0.6320322E-06    0.7719778E-06   -0.7224171E-03   -0.2288051E-04   -0.3177954E-03    0.1758030E-02   -0.2918612E-03   -0.1165229E-02    0.9923587E-03    0.1552271E-03   -0.1699711E-03    0.8042176E-04   -0.4686064E-03    0.2170252E-03   -0.2048825E-06    0.5747905E-06    0.2252377E-03    0.1004430E-05   -0.2326084E-05    0.6795018E-05    0.6009823E-05    0.2465092E-05   -0.2585412E-04    0.5627366E-05   -0.5049122E-05   -0.2606938E-04   -0.5657079E-07   -0.8562796E-07
    0.2563887E-07   -0.4597233E-06    0.2020447E-07    0.1902493E-05   -0.1041587E-04    0.6785825E-04    0.3830603E-05    0.1980114E-05    0.8129464E-06    0.3731870E-03    0.1647050E-04    0.3027726E-04   -0.1860685E-02   -0.3156149E-03    0.4386198E-03   -0.2705678E-03   -0.1872089E-03    0.1541982E-03    0.5940283E-04    0.1234296E-04    0.2434262E-04    0.3267708E-05    0.6253831E-05    0.1004430E-05    0.3056552E-04    0.1358766E-06    0.2117960E-05   -0.1808326E-05   -0.1897903E-05   -0.8343229E-05   -0.1969654E-05   -0.2731237E-05   -0.1147131E-04   -0.4823507E-07    0.4930150E-07
    0.1795774E-07    0.1181440E-06   -0.4469084E-07   -0.1045625E-05    0.4540705E-05   -0.2883272E-04   -0.1852497E-05   -0.8866037E-08    0.5825912E-07    0.8727153E-03   -0.1495249E-04   -0.1407521E-03    0.2758927E-02   -0.2860019E-03   -0.1896474E-02   -0.1876349E-02    0.6316695E-04   -0.2258451E-03   -0.1832018E-03    0.8342040E-03    0.1038058E-02    0.6203847E-06   -0.2501956E-06   -0.2326084E-05    0.1358766E-06    0.3991146E-03   -0.1832702E-05   -0.1450008E-04   -0.6812421E-05    0.1432337E-04    0.6828622E-05   -0.8065925E-05   -0.4346393E-05    0.5157654E-07    0.5368200E-06
    0.6414484E-07   -0.2048256E-06   -0.1833382E-06    0.1214496E-04   -0.1346421E-03    0.6491767E-03    0.2666403E-04   -0.1800833E-05    0.1650189E-05    0.2169875E-02   -0.1123166E-03    0.8233393E-03   -0.5375364E-02   -0.5050969E-02   -0.4356942E-02   -0.6556305E-02    0.7846927E-03    0.1120285E-02    0.2515598E-03    0.3236563E-02    0.5152240E-02    0.2126763E-05    0.9727286E-06    0.6795018E-05    0.2117960E-05   -0.1832702E-05    0.3505696E-02    0.2971506E-04    0.1139392E-04    0.4186416E-04   -0.7882008E-05   -0.1674146E-05   -0.1222436E-03    0.3168199E-06    0.8715851E-06
   -0.1214882E-06    0.1085278E-05   -0.2117469E-08   -0.2082318E-04    0.7077955E-04   -0.3189389E-03   -0.3354794E-04    0.1338433E-05    0.4094070E-05   -0.7344765E-02   -0.1022405E-03   -0.9310108E-03    0.6409074E-01    0.1663843E-03    0.1798745E-03    0.1297349E-01   -0.5464635E-03   -0.4437619E-02    0.3763259E-02    0.3399507E-02    0.8532499E-02   -0.1487376E-04   -0.7801118E-06    0.6009823E-05   -0.1808326E-05   -0.1450008E-04    0.2971506E-04    0.5732996E-02    0.1825557E-02    0.1944371E-02   -0.6322866E-03   -0.6462799E-04    0.3412065E-04    0.1455435E-05   -0.5498027E-06
   -0.2517002E-07    0.2100198E-06    0.1533269E-07    0.3079099E-05    0.6226035E-05   -0.3280036E-04    0.7837355E-05    0.9716778E-06    0.1188797E-05   -0.1190269E-02    0.2917343E-04   -0.4540488E-03    0.9104858E-02    0.1244916E-02    0.1970842E-02    0.3348619E-02   -0.4319279E-04    0.1397426E-03   -0.2428004E-04    0.3768087E-04    0.9234995E-03   -0.4592151E-05   -0.8892622E-06    0.2465092E-05   -0.1897903E-05   -0.6812421E-05    0.1139392E-04    0.1825557E-02    0.1233133E-02    0.8736680E-03    0.2224419E-03    0.1096791E-04   -0.1708536E-03   -0.1847574E-06    0.5437079E-07
    0.3165400E-07   -0.1186329E-05    0.5466731E-06    0.3828902E-04    0.8427494E-04    0.8723451E-05    0.7640088E-04    0.1659918E-05    0.1765373E-05    0.8428038E-02   -0.6462749E-03    0.5736944E-02    0.3385110E-01   -0.2101529E-01   -0.3134214E-02   -0.1494095E-01   -0.1460757E-02   -0.3688084E-03   -0.1836912E-03    0.6875873E-03    0.3676588E-02   -0.4679124E-04   -0.8303138E-05   -0.2585412E-04   -0.8343229E-05    0.1432337E-04    0.4186416E-04    0.1944371E-02    0.8736680E-03    0.3282439E-01   -0.6977574E-03    0.1504270E-02    0.1049682E-01    0.4550903E-06    0.1953712E-05
   -0.8027286E-07    0.1872582E-06   -0.4716845E-07    0.8126851E-06    0.1669143E-03   -0.4874131E-03    0.4719781E-06   -0.1028423E-05   -0.6958081E-06    0.1491885E-03    0.1893725E-03   -0.8409872E-03    0.1318780E-01    0.5255608E-02    0.3618789E-02   -0.1118864E-02    0.5797219E-03   -0.3563421E-04   -0.3151079E-03    0.6438178E-03    0.1936882E-02    0.3711397E-05   -0.8143536E-06    0.5627366E-05   -0.1969654E-05    0.6828622E-05   -0.7882008E-05   -0.6322866E-03    0.2224419E-03   -0.6977574E-03    0.1384523E-02    0.1232359E-03   -0.5012181E-03    0.1002259E-06    0.5346707E-06
   -0.3759680E-06    0.2482800E-05   -0.8047918E-07   -0.2226648E-04    0.2730603E-03   -0.8172990E-03   -0.3759603E-04   -0.6656080E-05    0.6471818E-06   -0.6821637E-03    0.1545687E-03    0.2751331E-03    0.3452281E-02    0.9808139E-02    0.1082795E-01    0.5056380E-02    0.1869120E-03   -0.1654838E-02    0.5478242E-04   -0.2173190E-02   -0.3053224E-02    0.3765890E-05   -0.1604191E-05   -0.5049122E-05   -0.2731237E-05   -0.8065925E-05   -0.1674146E-05   -0.6462799E-04    0.1096791E-04    0.1504270E-02    0.1232359E-03    0.5087788E-02    0.3979018E-02   -0.3008174E-06   -0.5900423E-06
   -0.1283778E-05    0.4240815E-05   -0.7654873E-06    0.2462441E-04   -0.2909247E-04    0.2332741E-05    0.5978216E-04   -0.5449508E-05    0.1936403E-05   -0.1243776E-01    0.3906704E-03    0.3409537E-02   -0.2928313E-01    0.4533080E-02    0.2148636E-01    0.2029825E-01   -0.6728113E-06   -0.1818369E-02   -0.6648975E-04    0.4565978E-02    0.9170243E-02    0.6356969E-05   -0.9895827E-05   -0.2606938E-04   -0.1147131E-04   -0.4346393E-05   -0.1222436E-03    0.3412065E-04   -0.1708536E-03    0.1049682E-01   -0.5012181E-03    0.3979018E-02    0.3504674E-01   -0.8665870E-07   -0.2845366E-05
    0.4914803E-08   -0.1168563E-07   -0.8918561E-09    0.2527216E-06   -0.6733360E-06    0.3463340E-05    0.7142693E-06   -0.1312618E-06    0.4327250E-08   -0.1258184E-03    0.8851694E-05    0.1758888E-03    0.4525440E-02    0.1827065E-03    0.7479604E-03    0.5128704E-03   -0.1216090E-03    0.4224453E-03   -0.4160788E-03   -0.9113178E-04   -0.8489591E-04   -0.2003448E-06   -0.4049816E-07   -0.5657079E-07   -0.4823507E-07    0.5157654E-07    0.3168199E-06    0.1455435E-05   -0.1847574E-06    0.4550903E-06    0.1002259E-06   -0.3008174E-06   -0.8665870E-07    0.5257445E-06    0.8744407E-08
   -0.1105211E-07    0.6252391E-07    0.2174811E-08   -0.1807023E-05   -0.1123966E-05   -0.7524150E-06   -0.3695669E-05   -0.5309187E-06   -0.7152565E-07    0.4419218E-02   -0.1991299E-04   -0.3731899E-03    0.4395404E-02    0.2775229E-03   -0.2534007E-02   -0.7663937E-02    0.1577757E-03   -0.8919294E-05   -0.1791483E-03    0.2454397E-02    0.4281525E-02    0.9379857E-07   -0.4149001E-07   -0.8562796E-07    0.4930150E-07    0.5368200E-06    0.8715851E-06   -0.5498027E-06    0.5437079E-07    0.1953712E-05    0.5346707E-06   -0.5900423E-06   -0.2845366E-05    0.8744407E-08    0.2058181E-05
