# omegabh2 omegach2 theta tau yhe logA ns acib217 acibsz143 asz143 aps100 aps143 aps143217 aps217 aksz kgal100 t1gal143 t1gal143217 t1gal217 calib_100T calib_217T
    0.1110701E-06   -0.3304373E-06    0.2275388E-06    0.1858920E-05    0.4892776E-05    0.4117871E-05    0.2788402E-05    0.3172062E-03    0.1291632E-03    0.4634366E-04   -0.3963990E-03   -0.1848215E-03   -0.3612325E-03   -0.4374612E-03    0.3451661E-04    0.1507392E-02    0.1146390E-02    0.1198319E-02    0.1182625E-02   -0.7022531E-07   -0.1433006E-07
   -0.3304373E-06    0.4308154E-05   -0.7385223E-06   -0.9703050E-05   -0.9769774E-05   -0.1172624E-04   -0.1332049E-04   -0.1054095E-02   -0.4734061E-03   -0.1500909E-03   -0.6853561E-03    0.9560637E-03    0.1444075E-02    0.1438089E-02   -0.7862558E-04   -0.1793170E-03   -0.6143991E-03   -0.5690457E-03   -0.1849513E-03    0.4022942E-08    0.1684055E-08
    0.2275388E-06   -0.7385223E-06    0.8234313E-06    0.4087441E-05    0.1613904E-04    0.1035475E-04    0.8043481E-05    0.2093381E-02    0.9534333E-03    0.1883055E-03    0.1359928E-02    0.2627444E-03   -0.1476549E-02   -0.1779969E-02    0.3575211E-03    0.2513525E-02    0.2268874E-02    0.2610492E-02    0.2649642E-02   -0.1256601E-06   -0.9274620E-07
    0.1858920E-05   -0.9703050E-05    0.4087441E-05    0.2039266E-03    0.7982566E-04    0.4063691E-03    0.6694282E-04   -0.7005647E-02   -0.3194386E-02    0.4880306E-04   -0.1430399E-01    0.5514273E-02    0.1234390E-01    0.1356747E-01   -0.1219055E-02    0.9888340E-04   -0.5264282E-02   -0.6688263E-02   -0.9220344E-02    0.3239447E-08    0.7151510E-06
    0.4892776E-05   -0.9769774E-05    0.1613904E-04    0.7982566E-04    0.4411611E-03    0.2396973E-03    0.1883264E-03    0.6021597E-01    0.2680533E-01    0.3617341E-02    0.5112037E-01    0.1810642E-01   -0.3513557E-01   -0.4537324E-01    0.9595113E-02    0.5618525E-01    0.5598152E-01    0.6523747E-01    0.6752589E-01   -0.2394080E-05   -0.2959372E-05
    0.4117871E-05   -0.1172624E-04    0.1035475E-04    0.4063691E-03    0.2396973E-03    0.8618450E-03    0.1450999E-03   -0.3054892E-02   -0.2654386E-02   -0.3962500E-03    0.8220567E-02    0.3474681E-01    0.3629680E-01    0.3341094E-01   -0.9984579E-03   -0.1411767E-01   -0.5175371E-01   -0.5174875E-01   -0.5535842E-01   -0.3105902E-05    0.5526025E-06
    0.2788402E-05   -0.1332049E-04    0.8043481E-05    0.6694282E-04    0.1883264E-03    0.1450999E-03    0.1168313E-03    0.1338401E-01    0.5882196E-02    0.4000484E-03    0.9707814E-02    0.1079596E-01   -0.1700710E-02   -0.4388806E-02    0.7226839E-03    0.2106504E-01    0.1955190E-01    0.2170418E-01    0.2256214E-01   -0.5920992E-06   -0.7267327E-06
    0.3172062E-03   -0.1054095E-02    0.2093381E-02   -0.7005647E-02    0.6021597E-01   -0.3054892E-02    0.1338401E-01    0.8233387E+02    0.3259973E+02    0.1946121E+01    0.2310584E+02   -0.2392489E+02   -0.8114992E+02   -0.9823782E+02   -0.6491478E+00   -0.4554884E+01   -0.1403045E+02   -0.1851535E+02   -0.2314608E+02   -0.2152479E-03   -0.3871845E-02
    0.1291632E-03   -0.4734061E-03    0.9534333E-03   -0.3194386E-02    0.2680533E-01   -0.2654386E-02    0.5882196E-02    0.3259973E+02    0.2180591E+02    0.2750130E+01   -0.9943355E+01   -0.2466132E+02   -0.5158572E+02   -0.3446884E+02   -0.2579392E+00   -0.2769290E+01   -0.7610635E+01   -0.1460802E+02   -0.1637553E+02   -0.1227200E-03   -0.4000296E-03
    0.4634366E-04   -0.1500909E-03    0.1883055E-03    0.4880306E-04    0.3617341E-02   -0.3962500E-03    0.4000484E-03    0.1946121E+01    0.2750130E+01    0.5624084E+01   -0.3837160E+02   -0.1648142E+02   -0.5816087E+01   -0.1889839E+01   -0.3245392E-01   -0.1918828E+01   -0.7796726E+00    0.2525097E+01    0.2738761E+01   -0.1513502E-03    0.1634498E-03
   -0.3963990E-03   -0.6853561E-03    0.1359928E-02   -0.1430399E-01    0.5112037E-01    0.8220567E-02    0.9707814E-02    0.2310584E+02   -0.9943355E+01   -0.3837160E+02    0.7753123E+03    0.1864345E+03    0.7114670E+02    0.1496800E+02   -0.9740454E+01   -0.7773938E+02   -0.5724320E+02   -0.5816718E+02   -0.5307838E+02   -0.3599376E-02   -0.4407976E-02
   -0.1848215E-03    0.9560637E-03    0.2627444E-03    0.5514273E-02    0.1810642E-01    0.3474681E-01    0.1079596E-01   -0.2392489E+02   -0.2466132E+02   -0.1648142E+02    0.1864345E+03    0.1309848E+03    0.1061350E+03    0.6514877E+02   -0.1024125E+02   -0.2597053E+02   -0.4521093E+02   -0.3689776E+02   -0.3242753E+02   -0.1331333E-02   -0.1020571E-02
   -0.3612325E-03    0.1444075E-02   -0.1476549E-02    0.1234390E-01   -0.3513557E-01    0.3629680E-01   -0.1700710E-02   -0.8114992E+02   -0.5158572E+02   -0.5816087E+01    0.7114670E+02    0.1061350E+03    0.1717680E+03    0.1323847E+03   -0.9523626E+01   -0.2592377E+02   -0.3549240E+02   -0.2262212E+02   -0.2072780E+02   -0.1433273E-02    0.2073539E-02
   -0.4374612E-03    0.1438089E-02   -0.1779969E-02    0.1356747E-01   -0.4537324E-01    0.3341094E-01   -0.4388806E-02   -0.9823782E+02   -0.3446884E+02   -0.1889839E+01    0.1496800E+02    0.6514877E+02    0.1323847E+03    0.1681843E+03   -0.9272503E+01   -0.2590690E+02   -0.3610085E+02   -0.4119215E+02   -0.4306892E+02   -0.1422377E-02    0.6456684E-02
    0.3451661E-04   -0.7862558E-04    0.3575211E-03   -0.1219055E-02    0.9595113E-02   -0.9984579E-03    0.7226839E-03   -0.6491478E+00   -0.2579392E+00   -0.3245392E-01   -0.9740454E+01   -0.1024125E+02   -0.9523626E+01   -0.9272503E+01    0.7822715E+01   -0.4957112E+00   -0.2391618E+01   -0.2849179E+01   -0.3360469E+01   -0.2177961E-03    0.1400740E-03
    0.1507392E-02   -0.1793170E-03    0.2513525E-02    0.9888340E-04    0.5618525E-01   -0.1411767E-01    0.2106504E-01   -0.4554884E+01   -0.2769290E+01   -0.1918828E+01   -0.7773938E+02   -0.2597053E+02   -0.2592377E+02   -0.2590690E+02   -0.4957112E+00    0.2499238E+03    0.1632181E+03    0.1594442E+03    0.1571852E+03   -0.1404337E-01    0.4372193E-03
    0.1146390E-02   -0.6143991E-03    0.2268874E-02   -0.5264282E-02    0.5598152E-01   -0.5175371E-01    0.1955190E-01   -0.1403045E+02   -0.7610635E+01   -0.7796726E+00   -0.5724320E+02   -0.4521093E+02   -0.3549240E+02   -0.3610085E+02   -0.2391618E+01    0.1632181E+03    0.2872798E+03    0.2896285E+03    0.2896562E+03    0.9015566E-02    0.4968648E-03
    0.1198319E-02   -0.5690457E-03    0.2610492E-02   -0.6688263E-02    0.6523747E-01   -0.5174875E-01    0.2170418E-01   -0.1851535E+02   -0.1460802E+02    0.2525097E+01   -0.5816718E+02   -0.3689776E+02   -0.2262212E+02   -0.4119215E+02   -0.2849179E+01    0.1594442E+03    0.2896285E+03    0.3300688E+03    0.3555288E+03    0.8817910E-02   -0.4839278E-02
    0.1182625E-02   -0.1849513E-03    0.2649642E-02   -0.9220344E-02    0.6752589E-01   -0.5535842E-01    0.2256214E-01   -0.2314608E+02   -0.1637553E+02    0.2738761E+01   -0.5307838E+02   -0.3242753E+02   -0.2072780E+02   -0.4306892E+02   -0.3360469E+01    0.1571852E+03    0.2896562E+03    0.3555288E+03    0.4070988E+03    0.8799019E-02   -0.9718846E-02
   -0.7022531E-07    0.4022942E-08   -0.1256601E-06    0.3239447E-08   -0.2394080E-05   -0.3105902E-05   -0.5920992E-06   -0.2152479E-03   -0.1227200E-03   -0.1513502E-03   -0.3599376E-02   -0.1331333E-02   -0.1433273E-02   -0.1422377E-02   -0.2177961E-03   -0.1404337E-01    0.9015566E-02    0.8817910E-02    0.8799019E-02    0.3150181E-05    0.2138738E-07
   -0.1433006E-07    0.1684055E-08   -0.9274620E-07    0.7151510E-06   -0.2959372E-05    0.5526025E-06   -0.7267327E-06   -0.3871845E-02   -0.4000296E-03    0.1634498E-03   -0.4407976E-02   -0.1020571E-02    0.2073539E-02    0.6456684E-02    0.1400740E-03    0.4372193E-03    0.4968648E-03   -0.4839278E-02   -0.9718846E-02    0.2138738E-07    0.1463179E-05
