# omegabh2 omegach2 theta tau Alens ns logA aps100 aps143 aps217 acib143 acib217 asz143 psr cibr ncib cal0 cal2 xi aksz bm_1_1 bm_1_2 bm_1_3 bm_1_4 bm_1_5 bm_2_1 bm_2_2 bm_2_3 bm_2_4 bm_2_5 bm_3_1 bm_3_2 bm_3_3 bm_3_4 bm_3_5 bm_4_1 bm_4_2 bm_4_3 bm_4_4 bm_4_5 a_ps_act_148 a_ps_act_217 a_ps_spt_95 a_ps_spt_150 a_ps_spt_220 r_ps_spt_95x150 r_ps_spt_95x220 r_ps_150x220 act_dust_s act_dust_e cal_acts_148 cal_acts_217 cal_acte_148 cal_acte_217 cal_spt_95 cal_spt_150 cal_spt_220
    0.10428E-06   -0.64241E-06    0.11923E-06    0.63417E-06    0.19902E-04    0.18046E-05   -0.41148E-07   -0.11847E-02   -0.12164E-02   -0.10119E-02   -0.24919E-05    0.82019E-04    0.32263E-04   -0.22798E-05   -0.49207E-06    0.18781E-05    0.57595E-09   -0.46819E-08   -0.76974E-05   -0.10414E-03   -0.29356E-04   -0.11412E-04    0.46855E-05   -0.44959E-06   -0.85420E-06   -0.40335E-05   -0.19410E-05    0.14226E-05    0.89827E-05   -0.56931E-06   -0.39459E-05   -0.11546E-04    0.10787E-05   -0.12864E-05    0.48902E-06   -0.56027E-05   -0.32234E-05   -0.84986E-06   -0.12354E-05    0.86032E-05    0.19304E-04    0.11696E-03    0.40329E-04    0.38248E-04    0.13625E-03   -0.92566E-06   -0.16059E-05   -0.22534E-06   -0.16599E-06   -0.18495E-05    0.60199E-06    0.68129E-06    0.60806E-06    0.65714E-06    0.12185E-05    0.11745E-05    0.85303E-06
   -0.64241E-06    0.87594E-05   -0.10516E-05   -0.75964E-05   -0.17606E-03   -0.21399E-04    0.51426E-05    0.68711E-02    0.68433E-02    0.62123E-02    0.32622E-04   -0.47330E-03   -0.88612E-04    0.12841E-04    0.47396E-05   -0.11112E-04   -0.96169E-08    0.41463E-07    0.30600E-04    0.42218E-03    0.21422E-03   -0.71994E-05   -0.67333E-04   -0.16104E-04    0.12409E-04    0.37986E-04   -0.35685E-04   -0.28600E-04   -0.61689E-04   -0.10495E-04    0.17165E-04    0.63270E-04   -0.21079E-04    0.72639E-05   -0.32707E-04    0.48978E-04   -0.21515E-05   -0.37141E-04    0.71388E-05   -0.34894E-04   -0.10732E-03   -0.67329E-03   -0.27618E-03   -0.22429E-03   -0.87993E-03    0.73347E-05    0.11418E-04    0.74775E-06   -0.25815E-05    0.12818E-04   -0.35909E-05   -0.43813E-05   -0.35804E-05   -0.42233E-05   -0.71231E-05   -0.68131E-05   -0.54258E-05
    0.11923E-06   -0.10516E-05    0.44641E-06    0.12193E-05    0.27685E-04    0.31313E-05    0.37124E-06   -0.74963E-03   -0.11026E-02   -0.10124E-02   -0.31000E-05    0.92046E-04    0.27203E-04   -0.18661E-05   -0.23292E-06    0.18822E-05    0.35776E-08   -0.10849E-07   -0.69003E-05   -0.88470E-04   -0.20855E-04   -0.34870E-05    0.10302E-04    0.34686E-06   -0.32801E-05   -0.41618E-05    0.59614E-05    0.14448E-05    0.12800E-04    0.15523E-05   -0.22188E-06   -0.62946E-05   -0.27777E-05   -0.22469E-05   -0.21716E-05   -0.35568E-05   -0.17023E-05    0.74149E-05    0.41657E-06    0.12136E-04    0.17510E-04    0.81886E-04    0.41082E-04    0.36284E-04    0.13785E-03   -0.11164E-05   -0.19794E-05   -0.30262E-06    0.29999E-06   -0.35262E-05    0.60705E-06    0.61148E-06    0.57734E-06    0.63421E-06    0.11419E-05    0.11208E-05    0.81765E-06
    0.63417E-06   -0.75964E-05    0.12193E-05    0.16222E-03   -0.18385E-03    0.25446E-04    0.30438E-03   -0.16300E-01   -0.10766E-01   -0.88813E-02    0.61091E-04    0.85755E-03    0.27940E-03   -0.23194E-04   -0.86152E-05    0.14726E-04   -0.30354E-07    0.20403E-07   -0.10388E-03   -0.93765E-03   -0.42925E-03   -0.47779E-04    0.17636E-03    0.10589E-04   -0.46161E-04   -0.10404E-03    0.19037E-03    0.78021E-04    0.24787E-03   -0.13570E-04    0.55897E-04   -0.83505E-04   -0.81195E-04    0.11595E-03    0.13496E-04   -0.75990E-04    0.64639E-04    0.15452E-03   -0.50568E-04    0.19510E-03    0.94273E-04    0.13758E-02    0.40770E-03    0.23689E-03    0.78633E-03   -0.76251E-05   -0.18535E-04   -0.22541E-05   -0.10040E-04    0.15664E-05    0.44196E-05    0.95727E-05    0.58673E-05    0.61025E-05    0.71415E-05    0.83588E-05    0.76869E-05
    0.19902E-04   -0.17606E-03    0.27685E-04   -0.18385E-03    0.12139E-01    0.46930E-03   -0.73971E-03   -0.39211E+00   -0.27998E+00   -0.23734E+00   -0.11606E-02    0.24205E-01    0.74276E-02   -0.58712E-03   -0.17323E-03    0.53939E-03    0.44083E-06   -0.16805E-05   -0.24808E-02   -0.38446E-01   -0.72609E-02   -0.69951E-03    0.35650E-03   -0.83926E-03   -0.75276E-03   -0.44435E-03    0.36125E-03    0.79087E-04    0.28328E-02    0.25832E-03   -0.11446E-02   -0.15291E-02    0.21389E-03   -0.85848E-03    0.19354E-02   -0.11369E-02   -0.54697E-03    0.48484E-03    0.70063E-03    0.28346E-02    0.64291E-02    0.27229E-01    0.13415E-01    0.11445E-01    0.35825E-01   -0.24761E-03   -0.65962E-03   -0.12943E-03    0.76805E-04   -0.44818E-03    0.13816E-03    0.15206E-03    0.13518E-03    0.15595E-03    0.28403E-03    0.28185E-03    0.20246E-03
    0.18046E-05   -0.21399E-04    0.31313E-05    0.25446E-04    0.46930E-03    0.69188E-04   -0.19617E-05   -0.48032E-01   -0.31733E-01   -0.24758E-01   -0.83140E-04    0.21052E-02    0.82743E-03   -0.60485E-04   -0.16422E-04    0.48588E-04   -0.53671E-07    0.15399E-06   -0.20536E-03   -0.23543E-02   -0.75304E-03   -0.27536E-03    0.10682E-03    0.41962E-04   -0.50316E-04    0.18048E-03    0.92431E-04    0.52078E-04    0.23387E-03   -0.16939E-04    0.14664E-04   -0.22381E-03   -0.28224E-05    0.17164E-04    0.95619E-05    0.11708E-03    0.82970E-04    0.76798E-04    0.19505E-05    0.20791E-03    0.36979E-03    0.25598E-02    0.95275E-03    0.78244E-03    0.28017E-02   -0.26760E-04   -0.46813E-04   -0.38000E-05    0.78982E-05   -0.42093E-04    0.14619E-04    0.16035E-04    0.14356E-04    0.15446E-04    0.28155E-04    0.25270E-04    0.17994E-04
   -0.41148E-07    0.51426E-05    0.37124E-06    0.30438E-03   -0.73971E-03   -0.19617E-05    0.62219E-03   -0.27975E-01   -0.95656E-02   -0.56934E-02    0.13018E-03    0.11241E-02    0.49207E-03   -0.20630E-04   -0.10538E-04    0.18145E-04   -0.17368E-07    0.44701E-06   -0.19258E-03   -0.13895E-02    0.81607E-04   -0.11735E-04    0.19245E-03    0.13190E-04   -0.41040E-04    0.27722E-03    0.46927E-03    0.56691E-04    0.36766E-03   -0.95254E-04    0.18725E-03    0.20553E-04   -0.28125E-03    0.20149E-03   -0.10453E-03    0.26396E-03    0.27222E-03    0.36195E-03   -0.12827E-04    0.32099E-03   -0.38074E-04    0.10424E-02    0.29720E-03   -0.12134E-04   -0.70888E-03   -0.79286E-05   -0.23237E-04   -0.30630E-05   -0.26061E-04    0.29946E-04    0.18589E-05    0.96316E-05    0.48588E-05    0.30442E-05   -0.54829E-06    0.25209E-05    0.25383E-05
   -0.11847E-02    0.68711E-02   -0.74963E-03   -0.16300E-01   -0.39211E+00   -0.48032E-01   -0.27975E-01    0.16420E+04    0.93148E+02    0.24036E+02    0.14592E+00   -0.27354E+01   -0.12425E+02   -0.37817E-01   -0.12230E+00   -0.87827E-01    0.12804E-02   -0.30283E-02    0.10782E+01    0.10841E+02    0.16707E+02   -0.63205E+01    0.23766E+00   -0.18276E-01   -0.10505E+00   -0.24103E+01   -0.46630E+01   -0.44693E+00   -0.47217E+00   -0.94070E+00    0.44691E+00    0.35360E+00    0.60700E+00   -0.72627E+00   -0.32942E+01   -0.96965E+00   -0.19369E+01   -0.21334E+01   -0.33329E+00    0.22455E+01   -0.91020E-01    0.29103E+00    0.56973E+01   -0.10480E+01    0.35023E+01   -0.98971E-01   -0.40084E+00   -0.58335E-01   -0.46667E-01    0.82612E-01   -0.30859E-01    0.76030E-02   -0.28016E-01    0.82964E-02   -0.81712E-01   -0.39972E-01    0.50115E-02
   -0.12164E-02    0.68433E-02   -0.11026E-02   -0.10766E-01   -0.27998E+00   -0.31733E-01   -0.95656E-02    0.93148E+02    0.71246E+02    0.22942E+02    0.20417E+00   -0.64344E+00   -0.22931E+01    0.52376E-01    0.22886E-01   -0.41683E-01    0.13075E-04   -0.88692E-03    0.23523E+00    0.14667E+01    0.10462E+00   -0.74502E-02   -0.44424E-02    0.11579E-01    0.29814E-01    0.18127E+00   -0.10854E+00   -0.47248E-01   -0.28334E+00    0.10658E+00   -0.18671E+00    0.23336E+00    0.35861E-01    0.81701E-01    0.54587E-01    0.53372E-01   -0.58774E-01   -0.14342E+00   -0.14575E+00   -0.67700E-01    0.18813E+00   -0.20231E+01    0.69319E+00   -0.46564E+00   -0.16042E+01    0.14215E-01   -0.33710E-01   -0.28448E-01    0.84399E-02    0.28347E-01   -0.16054E-01   -0.10606E-01   -0.16157E-01   -0.10907E-01   -0.34278E-01   -0.25786E-01   -0.12310E-01
   -0.10119E-02    0.62123E-02   -0.10124E-02   -0.88813E-02   -0.23734E+00   -0.24758E-01   -0.56934E-02    0.24036E+02    0.22942E+02    0.10022E+03   -0.13160E+01   -0.35228E+02   -0.97245E-01   -0.36089E+00   -0.41780E-01   -0.44779E+00   -0.11428E-04    0.16016E-04    0.10313E+00    0.22294E+01    0.77605E-01    0.35232E+00   -0.95994E-01   -0.36368E-01   -0.85061E-02    0.58876E-01   -0.66830E-01   -0.26370E-01   -0.20393E+00    0.22400E+00    0.42492E-03    0.36506E+00   -0.80270E-01    0.29594E+00    0.30303E+00    0.69570E-01   -0.16927E-01   -0.10280E-01    0.32394E-01   -0.27865E+00    0.57612E-01    0.17279E+02   -0.98365E+00    0.36689E+00    0.83481E+01   -0.58439E-01   -0.81365E-01    0.85017E-02    0.25409E-01    0.70889E-01   -0.90412E-02   -0.31511E-01   -0.87955E-02   -0.34209E-01   -0.14012E-01   -0.16029E-01   -0.59485E-01
   -0.24919E-05    0.32622E-04   -0.31000E-05    0.61091E-04   -0.11606E-02   -0.83140E-04    0.13018E-03    0.14592E+00    0.20417E+00   -0.13160E+01    0.67687E+00    0.14254E+01    0.59045E+00    0.46649E-02   -0.32845E-02    0.47541E-03   -0.13199E-05    0.55750E-04   -0.30303E-03   -0.10217E+01    0.20390E-02   -0.21534E-01   -0.10748E-01    0.56139E-02    0.80364E-02   -0.22922E-01    0.89845E-02   -0.12772E-01    0.17107E-01   -0.26230E-01    0.25626E-01   -0.33573E-01   -0.39633E-02   -0.18721E-01   -0.63668E-02   -0.25593E-02   -0.15158E-03    0.75661E-02    0.29521E-01    0.91408E-02    0.29449E-01   -0.27528E+00   -0.24186E+00   -0.48117E-01   -0.14971E+00    0.48852E-01    0.45868E-01   -0.41727E-02   -0.81383E-03   -0.30123E-02    0.68082E-04    0.32148E-03    0.46914E-04    0.34797E-03   -0.73043E-03    0.54858E-03    0.19198E-02
    0.82019E-04   -0.47330E-03    0.92046E-04    0.85755E-03    0.24205E-01    0.21052E-02    0.11241E-02   -0.27354E+01   -0.64344E+00   -0.35228E+02    0.14254E+01    0.21937E+02    0.22157E+01    0.22857E+00    0.33918E-01    0.27821E+00    0.10788E-04    0.10277E-04   -0.33664E+00   -0.47283E+01    0.18353E+00   -0.23979E+00   -0.14214E-01   -0.24441E-01    0.40045E-01    0.65764E-02    0.10609E+00   -0.72435E-01    0.25356E+00   -0.26746E+00   -0.83156E-01   -0.45177E+00    0.28717E-01   -0.31409E+00   -0.26029E+00   -0.75862E-01    0.56699E-03    0.38854E-01    0.13522E+00    0.28470E+00   -0.32112E+00   -0.11893E+02   -0.23310E+00   -0.69257E+00   -0.78371E+01    0.74143E-01    0.85821E-01   -0.12547E-01   -0.42686E-02   -0.20310E-01   -0.76359E-03    0.70345E-02   -0.11586E-02    0.89189E-02    0.31920E-03   -0.14190E-02    0.21019E-01
    0.32263E-04   -0.88612E-04    0.27203E-04    0.27940E-03    0.74276E-02    0.82743E-03    0.49207E-03   -0.12425E+02   -0.22931E+01   -0.97245E-01    0.59045E+00    0.22157E+01    0.21049E+01    0.22158E-01    0.26265E-01    0.18488E-01   -0.26706E-05   -0.14983E-03   -0.17448E+00   -0.25326E+01    0.63987E-01   -0.99788E-02    0.16646E-02    0.70177E-02    0.86490E-02    0.33973E-01    0.20106E-01   -0.32513E-01    0.16691E-01   -0.51707E-01   -0.54614E-01   -0.30375E-01   -0.92902E-02   -0.33822E-01   -0.17280E-01   -0.11936E-01    0.77675E-02   -0.12306E-01    0.26945E-01    0.15330E-01   -0.84579E-01   -0.88079E+00   -0.89378E+00   -0.10183E+00   -0.12610E+01    0.47364E-01    0.76338E-01   -0.19068E-02   -0.48008E-03   -0.32282E-02    0.55614E-03   -0.25490E-02    0.45329E-03   -0.24622E-02    0.41591E-02    0.79868E-03   -0.15606E-02
   -0.22798E-05    0.12841E-04   -0.18661E-05   -0.23194E-04   -0.58712E-03   -0.60485E-04   -0.20630E-04   -0.37817E-01    0.52376E-01   -0.36089E+00    0.46649E-02    0.22857E+00    0.22158E-01    0.51402E-02   -0.48538E-04    0.31228E-02    0.16853E-06   -0.35238E-05   -0.98180E-03   -0.23097E-01    0.18224E-02    0.11813E-02    0.49014E-03    0.11222E-02    0.74733E-03    0.11395E-02   -0.26712E-02    0.11732E-02   -0.24358E-02    0.42305E-03   -0.47968E-03    0.18039E-02   -0.10101E-03    0.59117E-04   -0.33030E-03    0.83884E-03    0.81971E-04   -0.28605E-02   -0.38880E-02   -0.22403E-02   -0.13182E-02   -0.15973E+00   -0.10826E-01   -0.42996E-02   -0.11145E+00    0.55690E-03    0.17388E-02    0.36629E-03   -0.11600E-03    0.63088E-04   -0.39025E-04   -0.26557E-04   -0.45864E-04    0.97139E-05    0.98597E-05   -0.69799E-04    0.15876E-03
   -0.49207E-06    0.47396E-05   -0.23292E-06   -0.86152E-05   -0.17323E-03   -0.16422E-04   -0.10538E-04   -0.12230E+00    0.22886E-01   -0.41780E-01   -0.32845E-02    0.33918E-01    0.26265E-01   -0.48538E-04    0.33208E-02   -0.19043E-03   -0.71628E-07    0.31107E-05   -0.83915E-03   -0.19024E-01    0.58788E-03   -0.22470E-03    0.69137E-03    0.24938E-03    0.30676E-03   -0.23213E-02   -0.16632E-03    0.26344E-03    0.88686E-03   -0.82673E-03    0.15001E-02   -0.10422E-02    0.65769E-03   -0.68919E-03   -0.10961E-02   -0.86790E-03   -0.16661E-03    0.39832E-03    0.56431E-03    0.69679E-03    0.66644E-02   -0.70972E-03   -0.15551E-01    0.36788E-02    0.34489E-02    0.18245E-03    0.16469E-02   -0.49078E-03   -0.77977E-04   -0.17278E-03   -0.26155E-05    0.38671E-04   -0.11902E-05    0.30542E-04    0.71235E-04   -0.62203E-05    0.84491E-04
    0.18781E-05   -0.11112E-04    0.18822E-05    0.14726E-04    0.53939E-03    0.48588E-04    0.18145E-04   -0.87827E-01   -0.41683E-01   -0.44779E+00    0.47541E-03    0.27821E+00    0.18488E-01    0.31228E-02   -0.19043E-03    0.48671E-02    0.18169E-06   -0.80107E-05   -0.49427E-02   -0.37417E-01    0.53689E-02   -0.60807E-02   -0.13975E-02   -0.15740E-02    0.15285E-03    0.24303E-02    0.45843E-02   -0.36581E-02    0.79802E-02   -0.60278E-02   -0.63482E-02   -0.10927E-01    0.55861E-03   -0.75709E-02   -0.63658E-02   -0.29345E-02   -0.40671E-03    0.36600E-02    0.65314E-02    0.94184E-02   -0.78942E-02   -0.18533E+00    0.11649E-02   -0.93658E-02   -0.13416E+00   -0.31207E-03    0.75727E-04    0.23295E-03    0.16584E-04   -0.14262E-03   -0.33513E-05    0.44624E-04   -0.95717E-05    0.76719E-04    0.65897E-04   -0.26135E-04    0.19222E-03
    0.57595E-09   -0.96169E-08    0.35776E-08   -0.30354E-07    0.44083E-06   -0.53671E-07   -0.17368E-07    0.12804E-02    0.13075E-04   -0.11428E-04   -0.13199E-05    0.10788E-04   -0.26706E-05    0.16853E-06   -0.71628E-07    0.18169E-06    0.15554E-06    0.71620E-08   -0.10032E-07   -0.37235E-06   -0.28312E-04   -0.12896E-04    0.13101E-05   -0.14350E-05    0.11171E-06    0.12860E-04   -0.45285E-06    0.31097E-05    0.29377E-05    0.11035E-05    0.43976E-05    0.24412E-05    0.12604E-05    0.41464E-05    0.42786E-05    0.11402E-04    0.69339E-05   -0.98313E-06   -0.13964E-05    0.37690E-05   -0.64529E-06    0.44212E-05    0.56079E-05   -0.16794E-05   -0.18545E-04   -0.18345E-06   -0.40407E-06   -0.84426E-08   -0.67928E-06   -0.65417E-06   -0.91092E-08   -0.15486E-07   -0.20739E-07    0.19761E-07   -0.43643E-07   -0.35721E-07   -0.92862E-08
   -0.46819E-08    0.41463E-07   -0.10849E-07    0.20403E-07   -0.16805E-05    0.15399E-06    0.44701E-06   -0.30283E-02   -0.88692E-03    0.16016E-04    0.55750E-04    0.10277E-04   -0.14983E-03   -0.35238E-05    0.31107E-05   -0.80107E-05    0.71620E-08    0.11504E-05    0.19986E-04    0.93028E-04    0.72943E-04    0.49837E-04   -0.16672E-04   -0.25423E-04    0.61129E-05    0.40812E-03    0.31351E-04   -0.16558E-05   -0.13271E-05    0.56922E-04   -0.36779E-03    0.18869E-04   -0.80683E-04    0.44959E-04    0.16248E-05    0.61897E-04    0.60369E-04   -0.48319E-04   -0.89460E-04    0.57222E-05    0.40163E-04    0.27164E-03    0.81037E-04    0.20671E-04    0.37383E-03    0.31379E-05   -0.79550E-06   -0.28605E-05   -0.17841E-05   -0.30945E-06    0.22217E-06    0.10635E-05    0.25198E-06    0.10170E-05   -0.29378E-06    0.43763E-06    0.14058E-05
   -0.76974E-05    0.30600E-04   -0.69003E-05   -0.10388E-03   -0.24808E-02   -0.20536E-03   -0.19258E-03    0.10782E+01    0.23523E+00    0.10313E+00   -0.30303E-03   -0.33664E+00   -0.17448E+00   -0.98180E-03   -0.83915E-03   -0.49427E-02   -0.10032E-07    0.19986E-04    0.56487E-01    0.34022E+00   -0.66531E-02    0.20330E-02   -0.28289E-02    0.29650E-03   -0.10038E-02   -0.78631E-02   -0.25851E-02    0.22325E-02   -0.12477E-02    0.54409E-02    0.81184E-02    0.36003E-02   -0.14803E-02    0.26005E-02    0.24200E-02   -0.23549E-03   -0.17471E-02    0.15170E-02   -0.37482E-03   -0.28515E-02    0.52065E-01    0.12781E+00    0.58533E-02    0.46301E-01    0.17617E+00    0.36763E-02    0.71123E-02    0.11183E-02   -0.15346E-03    0.31946E-03    0.63867E-05    0.17717E-03    0.10737E-04    0.16959E-03   -0.28945E-03    0.11718E-03    0.42652E-03
   -0.10414E-03    0.42218E-03   -0.88470E-04   -0.93765E-03   -0.38446E-01   -0.23543E-02   -0.13895E-02    0.10841E+02    0.14667E+01    0.22294E+01   -0.10217E+01   -0.47283E+01   -0.25326E+01   -0.23097E-01   -0.19024E-01   -0.37417E-01   -0.37235E-06    0.93028E-04    0.34022E+00    0.48058E+01   -0.39298E-01    0.31800E-01   -0.29080E-02   -0.71717E-02   -0.13950E-01   -0.15443E-01   -0.32676E-01    0.35292E-01   -0.28775E-01    0.73464E-01    0.25706E-01    0.75436E-01    0.31354E-02    0.38719E-01    0.19521E-01    0.95706E-02   -0.89203E-02    0.17567E-02   -0.39071E-01   -0.23318E-01    0.46064E-01    0.14126E+01    0.44217E+00    0.19032E+00    0.17662E+01   -0.57681E-01   -0.45836E-01    0.17518E-01   -0.43408E-02    0.10203E-03    0.16704E-03    0.21239E-02    0.34684E-03    0.20292E-02   -0.15604E-02    0.28217E-03    0.13852E-02
   -0.29356E-04    0.21422E-03   -0.20855E-04   -0.42925E-03   -0.72609E-02   -0.75304E-03    0.81607E-04    0.16707E+02    0.10462E+00    0.77605E-01    0.20390E-02    0.18353E+00    0.63987E-01    0.18224E-02    0.58788E-03    0.53689E-02   -0.28312E-04    0.72943E-04   -0.66531E-02   -0.39298E-01    0.67147E+00   -0.14115E+00   -0.14931E-02    0.80500E-02    0.32733E-02    0.20054E+00   -0.41725E-01   -0.37453E-01   -0.63475E-02   -0.58666E-01    0.28849E-01    0.31911E-01   -0.27078E-01   -0.41739E-01   -0.11780E+00    0.17433E+00    0.39921E-01   -0.43767E-02    0.29012E-01    0.77309E-01   -0.19059E-01   -0.18702E+00   -0.35900E-01   -0.23737E-01   -0.21860E+00   -0.40289E-03    0.20836E-02    0.61538E-03   -0.31964E-03    0.13963E-02   -0.98751E-04   -0.16587E-03   -0.47477E-04   -0.18702E-03   -0.63063E-04   -0.31976E-03   -0.33251E-03
   -0.11412E-04   -0.71994E-05   -0.34870E-05   -0.47779E-04   -0.69951E-03   -0.27536E-03   -0.11735E-04   -0.63205E+01   -0.74502E-02    0.35232E+00   -0.21534E-01   -0.23979E+00   -0.99788E-02    0.11813E-02   -0.22470E-03   -0.60807E-02   -0.12896E-04    0.49837E-04    0.20330E-02    0.31800E-01   -0.14115E+00    0.91671E+00   -0.17902E-01    0.78653E-02   -0.72022E-02   -0.13662E+00    0.18624E+00    0.61815E-01   -0.11663E-01    0.38105E-01   -0.11213E+00    0.91582E-02    0.28958E-01    0.14178E-01    0.16623E+00   -0.21048E+00    0.49070E-01    0.10182E+00    0.15140E-01   -0.21693E+00    0.87329E-02    0.12533E+00   -0.17549E-01    0.63631E-02    0.13195E+00   -0.86474E-03   -0.95066E-03    0.28892E-04    0.14899E-03    0.17139E-02   -0.10517E-03   -0.22693E-03   -0.12719E-03   -0.24977E-03   -0.28042E-03   -0.18597E-03    0.16245E-04
    0.46855E-05   -0.67333E-04    0.10302E-04    0.17636E-03    0.35650E-03    0.10682E-03    0.19245E-03    0.23766E+00   -0.44424E-02   -0.95994E-01   -0.10748E-01   -0.14214E-01    0.16646E-02    0.49014E-03    0.69137E-03   -0.13975E-02    0.13101E-05   -0.16672E-04   -0.28289E-02   -0.29080E-02   -0.14931E-02   -0.17902E-01    0.99065E+00   -0.33020E-03    0.10384E-03   -0.32453E-01   -0.37529E-01    0.16052E+00   -0.22401E-01    0.78023E-01   -0.92744E-03    0.30531E-01   -0.15301E-01   -0.85875E-02    0.10055E+00   -0.38366E-01    0.23267E-01    0.80580E-02   -0.18633E+00    0.93415E-01    0.67423E-03    0.30281E-01   -0.78892E-02    0.10368E-02    0.54652E-01   -0.73333E-03   -0.43407E-03   -0.21626E-03    0.11460E-02    0.32570E-02    0.47818E-04    0.39159E-04    0.19219E-04   -0.17735E-04   -0.31798E-04   -0.74542E-04   -0.45702E-04
   -0.44959E-06   -0.16104E-04    0.34686E-06    0.10589E-04   -0.83926E-03    0.41962E-04    0.13190E-04   -0.18276E-01    0.11579E-01   -0.36368E-01    0.56139E-02   -0.24441E-01    0.70177E-02    0.11222E-02    0.24938E-03   -0.15740E-02   -0.14350E-05   -0.25423E-04    0.29650E-03   -0.71717E-02    0.80500E-02    0.78653E-02   -0.33020E-03    0.99311E+00   -0.14132E-02    0.47213E-01   -0.93458E-01    0.66840E-01   -0.86620E-01    0.55288E-01    0.72006E-01    0.10731E+00    0.51789E-01    0.15621E+00   -0.99742E-01    0.85624E-01    0.28828E-01   -0.57331E-02   -0.11906E+00    0.43807E-01    0.43135E-02    0.21753E-01   -0.22352E-01    0.28384E-02    0.55938E-01    0.86770E-03    0.42217E-03   -0.10882E-04    0.26009E-03    0.15474E-03    0.18900E-04   -0.40021E-04    0.87744E-04   -0.10958E-03   -0.29950E-03    0.12045E-03   -0.61130E-04
   -0.85420E-06    0.12409E-04   -0.32801E-05   -0.46161E-04   -0.75276E-03   -0.50316E-04   -0.41040E-04   -0.10505E+00    0.29814E-01   -0.85061E-02    0.80364E-02    0.40045E-01    0.86490E-02    0.74733E-03    0.30676E-03    0.15285E-03    0.11171E-06    0.61129E-05   -0.10038E-02   -0.13950E-01    0.32733E-02   -0.72022E-02    0.10384E-03   -0.14132E-02    0.10110E+01    0.34180E-01    0.49597E-01   -0.52077E-01    0.57825E-01    0.85938E-01    0.69205E-01   -0.73240E-01   -0.79162E-01    0.53618E-01    0.58379E-01    0.98694E-01   -0.85321E-01    0.92264E-01   -0.10600E-01    0.18300E-01    0.15560E-02    0.21126E-01    0.14040E-01   -0.24475E-02   -0.29350E-01    0.23727E-03    0.18577E-03   -0.11361E-03   -0.55619E-03    0.14247E-02   -0.37370E-04    0.13332E-03   -0.19994E-04    0.16484E-03    0.44919E-04   -0.23184E-05    0.85385E-05
   -0.40335E-05    0.37986E-04   -0.41618E-05   -0.10404E-03   -0.44435E-03    0.18048E-03    0.27722E-03   -0.24103E+01    0.18127E+00    0.58876E-01   -0.22922E-01    0.65764E-02    0.33973E-01    0.11395E-02   -0.23213E-02    0.24303E-02    0.12860E-04    0.40812E-03   -0.78631E-02   -0.15443E-01    0.20054E+00   -0.13662E+00   -0.32453E-01    0.47213E-01    0.34180E-01    0.78289E+00   -0.26980E-01   -0.77423E-02   -0.10108E-01   -0.13649E-01    0.81786E-01    0.11055E+00   -0.90638E-01    0.86974E-02   -0.72621E-01    0.63377E+00    0.22274E+00   -0.47793E-01   -0.36259E-01    0.82620E-01   -0.11740E-01   -0.19710E-01   -0.71590E-02   -0.17521E-02   -0.65889E-01   -0.17042E-02   -0.10031E-02    0.96227E-03   -0.14285E-02   -0.16018E-03    0.25361E-03    0.84963E-04    0.31230E-03    0.18081E-04    0.62326E-03    0.26257E-03   -0.19760E-03
   -0.19410E-05   -0.35685E-04    0.59614E-05    0.19037E-03    0.36125E-03    0.92431E-04    0.46927E-03   -0.46630E+01   -0.10854E+00   -0.66830E-01    0.89845E-02    0.10609E+00    0.20106E-01   -0.26712E-02   -0.16632E-03    0.45843E-02   -0.45285E-06    0.31351E-04   -0.25851E-02   -0.32676E-01   -0.41725E-01    0.18624E+00   -0.37529E-01   -0.93458E-01    0.49597E-01   -0.26980E-01    0.97766E+00   -0.43142E-02    0.75459E-02    0.90935E-02    0.60336E-01   -0.71358E-02   -0.49489E-01   -0.22947E-01    0.15382E+00   -0.77040E-01    0.23738E+00    0.76806E+00    0.29585E+00   -0.18381E+00    0.98112E-03   -0.12651E+00    0.20273E-02   -0.34971E-02   -0.11584E+00    0.70962E-03    0.57602E-03   -0.59592E-04    0.31380E-03    0.99322E-04    0.37955E-04   -0.30180E-03    0.37369E-04   -0.18778E-04    0.10496E-03    0.20875E-04   -0.35801E-04
    0.14226E-05   -0.28600E-04    0.14448E-05    0.78021E-04    0.79087E-04    0.52078E-04    0.56691E-04   -0.44693E+00   -0.47248E-01   -0.26370E-01   -0.12772E-01   -0.72435E-01   -0.32513E-01    0.11732E-02    0.26344E-03   -0.36581E-02    0.31097E-05   -0.16558E-05    0.22325E-02    0.35292E-01   -0.37453E-01    0.61815E-01    0.16052E+00    0.66840E-01   -0.52077E-01   -0.77423E-02   -0.43142E-02    0.99050E+00    0.31281E-02   -0.31799E-02    0.82816E-01   -0.52973E-01    0.14075E+00    0.16652E+00   -0.14955E+00   -0.19455E+00    0.62817E+00    0.13574E+00   -0.61614E+00    0.17945E+00    0.52694E-02    0.84642E-01    0.50761E-02    0.83174E-02    0.12869E+00   -0.67315E-03   -0.13240E-02   -0.26155E-03    0.12000E-02    0.23515E-02    0.49161E-04    0.14937E-03    0.16777E-04    0.84525E-04   -0.74261E-04    0.42969E-04    0.50486E-04
    0.89827E-05   -0.61689E-04    0.12800E-04    0.24787E-03    0.28328E-02    0.23387E-03    0.36766E-03   -0.47217E+00   -0.28334E+00   -0.20393E+00    0.17107E-01    0.25356E+00    0.16691E-01   -0.24358E-02    0.88686E-03    0.79802E-02    0.29377E-05   -0.13271E-05   -0.12477E-02   -0.28775E-01   -0.63475E-02   -0.11663E-01   -0.22401E-01   -0.86620E-01    0.57825E-01   -0.10108E-01    0.75459E-02    0.31281E-02    0.97053E+00    0.64320E-02   -0.17539E-01   -0.85059E-01   -0.14739E+00   -0.24410E-01   -0.91622E-01   -0.71512E-01    0.78306E-01   -0.38039E-01    0.29708E+00    0.66213E+00   -0.44344E-02   -0.17189E+00   -0.65914E-02   -0.73754E-02   -0.15061E+00    0.17173E-02    0.21133E-02   -0.18311E-03   -0.35327E-03   -0.21553E-02    0.10555E-03    0.16805E-03    0.10879E-03    0.22468E-03    0.15280E-03    0.95031E-04    0.15829E-03
   -0.56931E-06   -0.10495E-04    0.15523E-05   -0.13570E-04    0.25832E-03   -0.16939E-04   -0.95254E-04   -0.94070E+00    0.10658E+00    0.22400E+00   -0.26230E-01   -0.26746E+00   -0.51707E-01    0.42305E-03   -0.82673E-03   -0.60278E-02    0.11035E-05    0.56922E-04    0.54409E-02    0.73464E-01   -0.58666E-01    0.38105E-01    0.78023E-01    0.55288E-01    0.85938E-01   -0.13649E-01    0.90935E-02   -0.31799E-02    0.64320E-02    0.99337E+00   -0.56740E-01    0.87049E-01    0.33482E-01    0.15618E+00    0.16181E-01    0.11759E+00   -0.55986E+00    0.39336E+00   -0.34151E+00    0.22645E+00    0.35219E-02    0.19878E+00    0.42073E-01    0.11543E-01    0.15367E+00   -0.23181E-02   -0.27780E-02    0.31381E-04   -0.10168E-02    0.47538E-02   -0.18717E-04   -0.11223E-03    0.12536E-04   -0.21576E-04   -0.37986E-04   -0.34259E-04   -0.19705E-03
   -0.39459E-05    0.17165E-04   -0.22188E-06    0.55897E-04   -0.11446E-02    0.14664E-04    0.18725E-03    0.44691E+00   -0.18671E+00    0.42492E-03    0.25626E-01   -0.83156E-01   -0.54614E-01   -0.47968E-03    0.15001E-02   -0.63482E-02    0.43976E-05   -0.36779E-03    0.81184E-02    0.25706E-01    0.28849E-01   -0.11213E+00   -0.92744E-03    0.72006E-01    0.69205E-01    0.81786E-01    0.60336E-01    0.82816E-01   -0.17539E-01   -0.56740E-01    0.85968E+00    0.14555E-02   -0.36356E-01   -0.32222E-02   -0.87991E-02    0.60166E+00    0.18214E+00    0.12330E+00    0.40250E-01   -0.81880E-01    0.24607E-01    0.18555E+00    0.27049E-01    0.11604E-01    0.17904E+00    0.15295E-02   -0.55121E-04   -0.12229E-02   -0.10025E-02   -0.30774E-03    0.15787E-04    0.37666E-03    0.73096E-04    0.33146E-03   -0.27439E-03    0.90978E-04    0.18203E-03
   -0.11546E-04    0.63270E-04   -0.62946E-05   -0.83505E-04   -0.15291E-02   -0.22381E-03    0.20553E-04    0.35360E+00    0.23336E+00    0.36506E+00   -0.33573E-01   -0.45177E+00   -0.30375E-01    0.18039E-02   -0.10422E-02   -0.10927E-01    0.24412E-05    0.18869E-04    0.36003E-02    0.75436E-01    0.31911E-01    0.91582E-02    0.30531E-01    0.10731E+00   -0.73240E-01    0.11055E+00   -0.71358E-02   -0.52973E-01   -0.85059E-01    0.87049E-01    0.14555E-02    0.97587E+00    0.38328E-02    0.19930E-02   -0.81038E-02    0.92136E-01    0.14599E+00   -0.11121E-02    0.14578E+00    0.16835E+00    0.15466E-02    0.30872E+00    0.25193E-02    0.14840E-01    0.23267E+00   -0.22005E-02   -0.28506E-02    0.37121E-03   -0.24106E-02    0.75066E-03   -0.43116E-04   -0.23480E-03   -0.47962E-04   -0.22920E-03   -0.86831E-04   -0.38890E-04   -0.47119E-03
    0.10787E-05   -0.21079E-04   -0.27777E-05   -0.81195E-04    0.21389E-03   -0.28224E-05   -0.28125E-03    0.60700E+00    0.35861E-01   -0.80270E-01   -0.39633E-02    0.28717E-01   -0.92902E-02   -0.10101E-03    0.65769E-03    0.55861E-03    0.12604E-05   -0.80683E-04   -0.14803E-02    0.31354E-02   -0.27078E-01    0.28958E-01   -0.15301E-01    0.51789E-01   -0.79162E-01   -0.90638E-01   -0.49489E-01    0.14075E+00   -0.14739E+00    0.33482E-01   -0.36356E-01    0.38328E-02    0.98987E+00    0.75831E-02    0.40894E-03   -0.13167E+00    0.49313E-01    0.16338E+00    0.27727E-01   -0.62126E-01   -0.49744E-02   -0.15568E-03    0.55058E-02   -0.45872E-03   -0.18831E-01   -0.46922E-03   -0.12177E-02   -0.20041E-03   -0.10713E-02    0.12983E-02   -0.79781E-04    0.13611E-03   -0.16909E-04   -0.37749E-04   -0.14237E-03   -0.89914E-04    0.17885E-04
   -0.12864E-05    0.72639E-05   -0.22469E-05    0.11595E-03   -0.85848E-03    0.17164E-04    0.20149E-03   -0.72627E+00    0.81701E-01    0.29594E+00   -0.18721E-01   -0.31409E+00   -0.33822E-01    0.59117E-04   -0.68919E-03   -0.75709E-02    0.41464E-05    0.44959E-04    0.26005E-02    0.38719E-01   -0.41739E-01    0.14178E-01   -0.85875E-02    0.15621E+00    0.53618E-01    0.86974E-02   -0.22947E-01    0.16652E+00   -0.24410E-01    0.15618E+00   -0.32222E-02    0.19930E-02    0.75831E-02    0.98268E+00   -0.18234E-02   -0.15208E-01    0.36970E-01    0.11809E+00   -0.27656E+00    0.13022E+00    0.90726E-02    0.26243E+00    0.10095E-01    0.11875E-01    0.21622E+00   -0.12155E-02   -0.26259E-02   -0.22447E-03   -0.57921E-03   -0.20031E-03    0.90283E-04    0.89399E-04    0.60953E-05    0.95107E-05   -0.19447E-03    0.52094E-04   -0.21361E-03
    0.48902E-06   -0.32707E-04   -0.21716E-05    0.13496E-04    0.19354E-02    0.95619E-05   -0.10453E-03   -0.32942E+01    0.54587E-01    0.30303E+00   -0.63668E-02   -0.26029E+00   -0.17280E-01   -0.33030E-03   -0.10961E-02   -0.63658E-02    0.42786E-05    0.16248E-05    0.24200E-02    0.19521E-01   -0.11780E+00    0.16623E+00    0.10055E+00   -0.99742E-01    0.58379E-01   -0.72621E-01    0.15382E+00   -0.14955E+00   -0.91622E-01    0.16181E-01   -0.87991E-02   -0.81038E-02    0.40894E-03   -0.18234E-02    0.10050E+01   -0.46038E-01   -0.68238E-01    0.35737E-01    0.18493E+00   -0.95480E-01    0.51676E-02    0.20138E+00    0.10091E-01    0.47365E-02    0.16201E+00   -0.28228E-03   -0.10719E-02    0.11683E-03    0.40631E-03   -0.22869E-05    0.18104E-05   -0.57437E-04   -0.63834E-05   -0.62896E-04   -0.13347E-03   -0.31959E-05    0.17697E-04
   -0.56027E-05    0.48978E-04   -0.35568E-05   -0.75990E-04   -0.11369E-02    0.11708E-03    0.26396E-03   -0.96965E+00    0.53372E-01    0.69570E-01   -0.25593E-02   -0.75862E-01   -0.11936E-01    0.83884E-03   -0.86790E-03   -0.29345E-02    0.11402E-04    0.61897E-04   -0.23549E-03    0.95706E-02    0.17433E+00   -0.21048E+00   -0.38366E-01    0.85624E-01    0.98694E-01    0.63377E+00   -0.77040E-01   -0.19455E+00   -0.71512E-01    0.11759E+00    0.60166E+00    0.92136E-01   -0.13167E+00   -0.15208E-01   -0.46038E-01    0.95962E+00   -0.20803E-01    0.14239E-01    0.85891E-02   -0.13371E-01    0.72856E-02    0.12602E+00    0.18948E-01    0.66422E-02    0.73455E-01   -0.62108E-03   -0.97201E-03   -0.28230E-04   -0.21838E-02    0.59777E-04    0.17837E-03    0.27888E-03    0.26858E-03    0.20701E-03    0.29573E-03    0.23147E-03   -0.50959E-04
   -0.32234E-05   -0.21515E-05   -0.17023E-05    0.64639E-04   -0.54697E-03    0.82970E-04    0.27222E-03   -0.19369E+01   -0.58774E-01   -0.16927E-01   -0.15158E-03    0.56699E-03    0.77675E-02    0.81971E-04   -0.16661E-03   -0.40671E-03    0.69339E-05    0.60369E-04   -0.17471E-02   -0.89203E-02    0.39921E-01    0.49070E-01    0.23267E-01    0.28828E-01   -0.85321E-01    0.22274E+00    0.23738E+00    0.62817E+00    0.78306E-01   -0.55986E+00    0.18214E+00    0.14599E+00    0.49313E-01    0.36970E-01   -0.68238E-01   -0.20803E-01    0.97558E+00   -0.30640E-02    0.60385E-02   -0.28569E-02    0.18727E-02    0.15351E-02   -0.21249E-01    0.25371E-02    0.29718E-01    0.53971E-03    0.11496E-03   -0.49945E-05    0.60015E-03   -0.13215E-02    0.12071E-03    0.85726E-04    0.10316E-03    0.31337E-04    0.64755E-04    0.13999E-03   -0.49364E-04
   -0.84986E-06   -0.37141E-04    0.74149E-05    0.15452E-03    0.48484E-03    0.76798E-04    0.36195E-03   -0.21334E+01   -0.14342E+00   -0.10280E-01    0.75661E-02    0.38854E-01   -0.12306E-01   -0.28605E-02    0.39832E-03    0.36600E-02   -0.98313E-06   -0.48319E-04    0.15170E-02    0.17567E-02   -0.43767E-02    0.10182E+00    0.80580E-02   -0.57331E-02    0.92264E-01   -0.47793E-01    0.76806E+00    0.13574E+00   -0.38039E-01    0.39336E+00    0.12330E+00   -0.11121E-02    0.16338E+00    0.11809E+00    0.35737E-01    0.14239E-01   -0.30640E-02    0.98672E+00   -0.79192E-02    0.81900E-02    0.32573E-02   -0.57593E-01    0.23684E-01    0.94112E-03   -0.65533E-01    0.42037E-03   -0.32634E-03   -0.40786E-03   -0.11445E-02    0.23498E-02    0.21172E-04   -0.16920E-03    0.47490E-04    0.48079E-04    0.32449E-04   -0.21075E-04   -0.70774E-04
   -0.12354E-05    0.71388E-05    0.41657E-06   -0.50568E-04    0.70063E-03    0.19505E-05   -0.12827E-04   -0.33329E+00   -0.14575E+00    0.32394E-01    0.29521E-01    0.13522E+00    0.26945E-01   -0.38880E-02    0.56431E-03    0.65314E-02   -0.13964E-05   -0.89460E-04   -0.37482E-03   -0.39071E-01    0.29012E-01    0.15140E-01   -0.18633E+00   -0.11906E+00   -0.10600E-01   -0.36259E-01    0.29585E+00   -0.61614E+00    0.29708E+00   -0.34151E+00    0.40250E-01    0.14578E+00    0.27727E-01   -0.27656E+00    0.18493E+00    0.85891E-02    0.60385E-02   -0.79192E-02    0.98132E+00   -0.38139E-02   -0.47856E-02   -0.13075E+00   -0.14032E-01   -0.11110E-01   -0.17378E+00    0.22727E-02    0.20835E-02   -0.11864E-03   -0.13301E-02   -0.39621E-02   -0.35849E-04   -0.31711E-04   -0.16643E-05    0.78372E-05    0.34952E-04    0.24489E-04    0.57898E-04
    0.86032E-05   -0.34894E-04    0.12136E-04    0.19510E-03    0.28346E-02    0.20791E-03    0.32099E-03    0.22455E+01   -0.67700E-01   -0.27865E+00    0.91408E-02    0.28470E+00    0.15330E-01   -0.22403E-02    0.69679E-03    0.94184E-02    0.37690E-05    0.57222E-05   -0.28515E-02   -0.23318E-01    0.77309E-01   -0.21693E+00    0.93415E-01    0.43807E-01    0.18300E-01    0.82620E-01   -0.18381E+00    0.17945E+00    0.66213E+00    0.22645E+00   -0.81880E-01    0.16835E+00   -0.62126E-01    0.13022E+00   -0.95480E-01   -0.13371E-01   -0.28569E-02    0.81900E-02   -0.38139E-02    0.97638E+00   -0.16127E-01   -0.18765E+00   -0.90319E-03   -0.11261E-01   -0.19745E+00    0.83004E-03    0.13428E-02    0.10811E-03   -0.65246E-03    0.56356E-03    0.10796E-03    0.20293E-03    0.12210E-03    0.26003E-03    0.26777E-03    0.93459E-04    0.70486E-04
    0.19304E-04   -0.10732E-03    0.17510E-04    0.94273E-04    0.64291E-02    0.36979E-03   -0.38074E-04   -0.91020E-01    0.18813E+00    0.57612E-01    0.29449E-01   -0.32112E+00   -0.84579E-01   -0.13182E-02    0.66644E-02   -0.78942E-02   -0.64529E-06    0.40163E-04    0.52065E-01    0.46064E-01   -0.19059E-01    0.87329E-02    0.67423E-03    0.43135E-02    0.15560E-02   -0.11740E-01    0.98112E-03    0.52694E-02   -0.44344E-02    0.35219E-02    0.24607E-01    0.15466E-02   -0.49744E-02    0.90726E-02    0.51676E-02    0.72856E-02    0.18727E-02    0.32573E-02   -0.47856E-02   -0.16127E-01    0.33731E+00    0.20419E+00    0.37273E-01    0.15006E+00    0.51337E+00    0.96839E-02    0.12118E-01   -0.49396E-02   -0.17732E-02   -0.30255E-02    0.62871E-03    0.83875E-04    0.76499E-03    0.12408E-03   -0.33924E-03    0.13040E-03    0.15393E-02
    0.11696E-03   -0.67329E-03    0.81886E-04    0.13758E-02    0.27229E-01    0.25598E-02    0.10424E-02    0.29103E+00   -0.20231E+01    0.17279E+02   -0.27528E+00   -0.11893E+02   -0.88079E+00   -0.15973E+00   -0.70972E-03   -0.18533E+00    0.44212E-05    0.27164E-03    0.12781E+00    0.14126E+01   -0.18702E+00    0.12533E+00    0.30281E-01    0.21753E-01    0.21126E-01   -0.19710E-01   -0.12651E+00    0.84642E-01   -0.17189E+00    0.19878E+00    0.18555E+00    0.30872E+00   -0.15568E-03    0.26243E+00    0.20138E+00    0.12602E+00    0.15351E-02   -0.57593E-01   -0.13075E+00   -0.18765E+00    0.20419E+00    0.16144E+02    0.26737E+00    0.41321E+00    0.58858E+01   -0.17000E-01   -0.49738E-01   -0.11039E-01    0.10460E-01    0.15587E-01    0.22645E-02    0.21601E-01    0.23243E-02    0.13935E-01    0.57440E-03    0.38508E-02   -0.71530E-02
    0.40329E-04   -0.27618E-03    0.41082E-04    0.40770E-03    0.13415E-01    0.95275E-03    0.29720E-03    0.56973E+01    0.69319E+00   -0.98365E+00   -0.24186E+00   -0.23310E+00   -0.89378E+00   -0.10826E-01   -0.15551E-01    0.11649E-02    0.56079E-05    0.81037E-04    0.58533E-02    0.44217E+00   -0.35900E-01   -0.17549E-01   -0.78892E-02   -0.22352E-01    0.14040E-01   -0.71590E-02    0.20273E-02    0.50761E-02   -0.65914E-02    0.42073E-01    0.27049E-01    0.25193E-02    0.55058E-02    0.10095E-01    0.10091E-01    0.18948E-01   -0.21249E-01    0.23684E-01   -0.14032E-01   -0.90319E-03    0.37273E-01    0.26737E+00    0.23993E+01    0.22940E-01    0.41227E+00   -0.95349E-01   -0.10958E+00   -0.38979E-02    0.24555E-02    0.10230E-02   -0.28861E-03    0.15160E-02   -0.22581E-03    0.14655E-02    0.92673E-03    0.37159E-03    0.11916E-02
    0.38248E-04   -0.22429E-03    0.36284E-04    0.23689E-03    0.11445E-01    0.78244E-03   -0.12134E-04   -0.10480E+01   -0.46564E+00    0.36689E+00   -0.48117E-01   -0.69257E+00   -0.10183E+00   -0.42996E-02    0.36788E-02   -0.93658E-02   -0.16794E-05    0.20671E-04    0.46301E-01    0.19032E+00   -0.23737E-01    0.63631E-02    0.10368E-02    0.28384E-02   -0.24475E-02   -0.17521E-02   -0.34971E-02    0.83174E-02   -0.73754E-02    0.11543E-01    0.11604E-01    0.14840E-01   -0.45872E-03    0.11875E-01    0.47365E-02    0.66422E-02    0.25371E-02    0.94112E-03   -0.11110E-01   -0.11261E-01    0.15006E+00    0.41321E+00    0.22940E-01    0.24533E+00    0.37326E+00    0.38190E-02    0.99512E-02   -0.44433E-03    0.10037E-02    0.15326E-02    0.26974E-03    0.60728E-04    0.28725E-03    0.26180E-04    0.68579E-03    0.42234E-03    0.17891E-03
    0.13625E-03   -0.87993E-03    0.13785E-03    0.78633E-03    0.35825E-01    0.28017E-02   -0.70888E-03    0.35023E+01   -0.16042E+01    0.83481E+01   -0.14971E+00   -0.78371E+01   -0.12610E+01   -0.11145E+00    0.34489E-02   -0.13416E+00   -0.18545E-04    0.37383E-03    0.17617E+00    0.17662E+01   -0.21860E+00    0.13195E+00    0.54652E-01    0.55938E-01   -0.29350E-01   -0.65889E-01   -0.11584E+00    0.12869E+00   -0.15061E+00    0.15367E+00    0.17904E+00    0.23267E+00   -0.18831E-01    0.21622E+00    0.16201E+00    0.73455E-01    0.29718E-01   -0.65533E-01   -0.17378E+00   -0.19745E+00    0.51337E+00    0.58858E+01    0.41227E+00    0.37326E+00    0.16973E+02   -0.99956E-02   -0.68021E-01   -0.24764E-01   -0.65123E-02   -0.12274E-01    0.24455E-02    0.19600E-02    0.21901E-02    0.12471E-02    0.70254E-03    0.55306E-02    0.30291E-01
   -0.92566E-06    0.73347E-05   -0.11164E-05   -0.76251E-05   -0.24761E-03   -0.26760E-04   -0.79286E-05   -0.98971E-01    0.14215E-01   -0.58439E-01    0.48852E-01    0.74143E-01    0.47364E-01    0.55690E-03    0.18245E-03   -0.31207E-03   -0.18345E-06    0.31379E-05    0.36763E-02   -0.57681E-01   -0.40289E-03   -0.86474E-03   -0.73333E-03    0.86770E-03    0.23727E-03   -0.17042E-02    0.70962E-03   -0.67315E-03    0.17173E-02   -0.23181E-02    0.15295E-02   -0.22005E-02   -0.46922E-03   -0.12155E-02   -0.28228E-03   -0.62108E-03    0.53971E-03    0.42037E-03    0.22727E-02    0.83004E-03    0.96839E-02   -0.17000E-01   -0.95349E-01    0.38190E-02   -0.99956E-02    0.82712E-02    0.75039E-02   -0.19760E-03   -0.82604E-04   -0.16132E-04    0.12627E-04   -0.17934E-04    0.50777E-05   -0.11515E-04   -0.85880E-04    0.20068E-04    0.11661E-03
