# omegabh2 omegach2 theta tau mnu logA ns calPlanck acib217 xi asz143 aps100 aps143 aps143217 aps217 aksz kgal100 kgal143 kgal143217 kgal217 galfEE100 galfEE100143 galfEE100217 galfEE143 galfEE143217 galfEE217 galfTE100 galfTE100143 galfTE100217 galfTE143 galfTE143217 galfTE217 cal0 cal2
    0.2798283E-07   -0.1578017E-06    0.2769267E-07    0.6947860E-06   -0.8518042E-05    0.1151022E-05    0.4284400E-06    0.7311462E-08   -0.1361641E-03    0.2509845E-05    0.2936036E-04   -0.5316436E-03   -0.2887748E-03   -0.6033388E-04    0.4989899E-04   -0.5069401E-04   -0.2850867E-05   -0.7950324E-05   -0.2192555E-04    0.1028422E-04    0.1008959E-06    0.3778248E-07   -0.1346339E-07    0.3803426E-07    0.6979825E-08    0.6612723E-07   -0.3979705E-06   -0.1900866E-06    0.4545529E-07   -0.1821154E-06   -0.5353311E-06   -0.2205507E-05    0.5667103E-08   -0.1260359E-07
   -0.1578017E-06    0.2241026E-05   -0.2299271E-06   -0.9302119E-05    0.4578757E-04   -0.1349397E-04   -0.5628395E-05   -0.3999245E-07    0.6156747E-03   -0.1168470E-04   -0.1369690E-03    0.2849605E-02    0.1653599E-02    0.5906384E-03    0.5906419E-04    0.2178389E-03    0.1928850E-05    0.2739033E-04    0.1212984E-03    0.4452895E-04   -0.1288771E-05   -0.5013978E-06    0.5254481E-07   -0.4733018E-06   -0.1376453E-06    0.6676185E-07    0.2634550E-05    0.6773666E-06   -0.6323786E-06    0.2445497E-06    0.2427979E-05    0.1303432E-04   -0.5595380E-09    0.6930300E-07
    0.2769267E-07   -0.2299271E-06    0.1138973E-06    0.8118497E-06   -0.1615999E-04    0.1271023E-05    0.7232172E-06    0.1881746E-07   -0.8177337E-04    0.1608691E-05    0.1004899E-04   -0.2714554E-03   -0.2186624E-03   -0.1118144E-03   -0.2131628E-04   -0.2162359E-04    0.1867633E-05    0.1797478E-05   -0.2112344E-04   -0.1330679E-04    0.1204314E-06    0.5058573E-07   -0.4884220E-07    0.5133182E-07   -0.6517509E-07   -0.6300339E-07   -0.4246776E-06   -0.1390528E-06    0.4285252E-06    0.3570217E-11   -0.6206704E-06   -0.2343695E-05    0.1278883E-08   -0.1135154E-07
    0.6947860E-06   -0.9302119E-05    0.8118497E-06    0.3139982E-03    0.6698306E-03    0.5985880E-03    0.3299777E-04   -0.1892707E-05   -0.1149460E-01    0.2469169E-03    0.1954477E-02   -0.4359314E-01   -0.1467622E-01    0.2120203E-02    0.9571576E-02   -0.4427116E-02   -0.6553309E-03   -0.1015439E-02   -0.2114446E-02    0.1660476E-03    0.6701244E-05    0.1723272E-05    0.2427670E-06    0.1453026E-05    0.2027847E-06    0.4366557E-06   -0.4167686E-04   -0.1095541E-04   -0.1348316E-04   -0.6285249E-05   -0.6960908E-05   -0.5021413E-04    0.6923687E-07   -0.1256321E-05
   -0.8518042E-05    0.4578757E-04   -0.1615999E-04    0.6698306E-03    0.2344790E-01    0.1340063E-02   -0.1761216E-03   -0.2931883E-05    0.4810795E-01   -0.6555975E-03   -0.7570938E-02    0.1759142E+00    0.1130203E+00    0.5041975E-01   -0.2072828E-02    0.1799901E-01   -0.2180700E-02    0.2331737E-03    0.8904511E-02   -0.7893386E-04   -0.1330555E-04   -0.7771638E-05    0.1854018E-04   -0.3033079E-05    0.3237552E-04   -0.9162451E-04   -0.1626498E-03   -0.1701791E-04   -0.6014308E-03    0.7512584E-04    0.2696628E-03    0.7728614E-03    0.7451517E-07    0.6069672E-05
    0.1151022E-05   -0.1349397E-04    0.1271023E-05    0.5985880E-03    0.1340063E-02    0.1179266E-02    0.5175380E-04    0.8664540E-05   -0.2189600E-01    0.5131498E-03    0.3758033E-02   -0.7868567E-01   -0.2460364E-01    0.8436962E-02    0.2532144E-01   -0.9356865E-02   -0.1647479E-02   -0.2611883E-02   -0.4602774E-02    0.1724909E-02    0.1190445E-04    0.2383293E-05    0.9262690E-06    0.2763359E-05   -0.2220439E-07   -0.1599622E-06   -0.7618405E-04   -0.2094022E-04   -0.3901181E-04   -0.1074547E-04   -0.1190439E-04   -0.7555830E-04    0.3768513E-06   -0.2507195E-05
    0.4284400E-06   -0.5628395E-05    0.7232172E-06    0.3299777E-04   -0.1761216E-03    0.5175380E-04    0.2450057E-04    0.2515699E-06   -0.6080495E-02    0.1406943E-03    0.1266834E-02   -0.2833814E-01   -0.8369076E-02    0.1940595E-02    0.6012905E-02   -0.2828763E-02    0.1828722E-03   -0.2300855E-03   -0.6017246E-03    0.8239125E-03    0.6182322E-05    0.2142769E-05    0.4004073E-06    0.2408065E-05    0.2067861E-06   -0.1100699E-05   -0.5431484E-05   -0.1210389E-05    0.7243731E-05   -0.1196268E-05   -0.8723829E-05   -0.3751684E-04   -0.1844033E-06   -0.5432808E-06
    0.7311462E-08   -0.3999245E-07    0.1881746E-07   -0.1892707E-05   -0.2931883E-05    0.8664540E-05    0.2515699E-06    0.6200104E-05    0.8096686E-03   -0.1380442E-05    0.5893348E-04    0.2204838E-02    0.4515911E-03    0.4896803E-03    0.1276932E-02   -0.9580084E-04   -0.5063335E-04   -0.6666741E-04   -0.6200331E-04    0.6025962E-03    0.1420928E-05    0.2562307E-06    0.4074454E-06    0.7383247E-06    0.2121044E-06   -0.5212657E-06    0.1473707E-05    0.3477191E-06   -0.4203878E-05    0.7610828E-06   -0.8625903E-06    0.1871554E-05   -0.1597843E-09   -0.1142954E-07
   -0.1361641E-03    0.6156747E-03   -0.8177337E-04   -0.1149460E-01    0.4810795E-01   -0.2189600E-01   -0.6080495E-02    0.8096686E-03    0.4775230E+02   -0.4608561E+00   -0.1452323E+01    0.4023703E+02    0.4912909E+00   -0.2012110E+02   -0.6470412E+02    0.2948856E+00   -0.1396173E+00    0.4558860E+00   -0.2979649E+01   -0.2457746E+02   -0.1141755E-02   -0.1909664E-03   -0.3128159E-03   -0.5370352E-04    0.1445511E-02    0.3837408E-02   -0.1710914E-02    0.2129395E-02    0.2353454E-02    0.2268959E-02    0.1101740E-01    0.2138527E-01   -0.2004887E-03    0.4399325E-02
    0.2509845E-05   -0.1168470E-04    0.1608691E-05    0.2469169E-03   -0.6555975E-03    0.5131498E-03    0.1406943E-03   -0.1380442E-05   -0.4608561E+00    0.8069451E-01   -0.6145983E-01   -0.4729205E+00    0.9502962E+00    0.1767612E+01    0.6966527E+00    0.6209524E-01   -0.4258989E-02    0.7629318E-02    0.1145926E+00    0.1176921E+00    0.3950811E-04    0.1879899E-04   -0.4019443E-04    0.1222981E-04   -0.9510150E-04   -0.4063517E-04    0.3555188E-03    0.1781439E-03    0.6502402E-03   -0.5013189E-04   -0.1541739E-03   -0.8263601E-03    0.7376140E-05   -0.1665636E-04
    0.2936036E-04   -0.1369690E-03    0.1004899E-04    0.1954477E-02   -0.7570938E-02    0.3758033E-02    0.1266834E-02    0.5893348E-04   -0.1452323E+01   -0.6145983E-01    0.3619537E+01   -0.2816828E+02   -0.3411807E+01    0.7611711E+01    0.6365846E+01   -0.2575980E+01   -0.1809370E+00    0.7157211E-01    0.2421555E+01    0.2103872E+01    0.3220824E-03    0.1685172E-03    0.2266472E-03    0.1565724E-04    0.2609154E-03    0.1092108E-02   -0.1720752E-02   -0.1385554E-02    0.5968147E-02   -0.7643609E-03   -0.5833848E-04   -0.1010044E-02    0.1855170E-03   -0.3392998E-03
   -0.5316436E-03    0.2849605E-02   -0.2714554E-03   -0.4359314E-01    0.1759142E+00   -0.7868567E-01   -0.2833814E-01    0.2204838E-02    0.4023703E+02   -0.4729205E+00   -0.2816828E+02    0.7044186E+03    0.6385095E+02   -0.5781145E+02   -0.6747576E+02    0.1332479E+02   -0.4858662E+00   -0.5245399E+00   -0.1371406E+02   -0.2052522E+02   -0.7402762E-02   -0.2621351E-02   -0.5875255E-02   -0.7724029E-03   -0.7048660E-03   -0.1407405E-01    0.4653139E-01    0.8626364E-02   -0.4114142E-01    0.1852295E-01    0.2180730E-01    0.9538414E-01    0.4463625E-02    0.3946022E-02
   -0.2887748E-03    0.1653599E-02   -0.2186624E-03   -0.1467622E-01    0.1130203E+00   -0.2460364E-01   -0.8369076E-02    0.4515911E-03    0.4912909E+00    0.9502962E+00   -0.3411807E+01    0.6385095E+02    0.5544949E+02    0.4039564E+02    0.1619404E+02   -0.4145186E+01   -0.4198246E+00   -0.9811764E+00    0.3892980E+01    0.3813845E+01   -0.2724731E-02   -0.8016299E-03   -0.9946530E-03   -0.6807089E-03   -0.2144134E-02    0.1397752E-02    0.7169555E-02    0.3633019E-02    0.2158046E-02    0.6022097E-02    0.6871814E-02    0.2582635E-01    0.2092760E-03    0.2428768E-03
   -0.6033388E-04    0.5906384E-03   -0.1118144E-03    0.2120203E-02    0.5041975E-01    0.8436962E-02    0.1940595E-02    0.4896803E-03   -0.2012110E+02    0.1767612E+01    0.7611711E+01   -0.5781145E+02    0.4039564E+02    0.9096978E+02    0.6285296E+02   -0.1137033E+02   -0.6980996E+00   -0.3399783E+00    0.5017138E+01    0.6192206E+01    0.3096239E-04    0.3264571E-03   -0.4843431E-03    0.4047320E-04   -0.3231041E-02    0.2018712E-02    0.3063578E-02   -0.7398628E-03    0.3296116E-01    0.1514675E-02    0.6496713E-03    0.2658196E-02    0.7720633E-03   -0.2427159E-02
    0.4989899E-04    0.5906419E-04   -0.2131628E-04    0.9571576E-02   -0.2072828E-02    0.2532144E-01    0.6012905E-02    0.1276932E-02   -0.6470412E+02    0.6966527E+00    0.6365846E+01   -0.6747576E+02    0.1619404E+02    0.6285296E+02    0.1225192E+03   -0.9698360E+01   -0.3461832E+00   -0.7555834E+00    0.4911565E+00    0.2128756E+02    0.8792375E-03    0.6643391E-04    0.6899168E-03   -0.8632280E-04   -0.3239602E-02   -0.2321135E-02    0.1540257E-03   -0.4507023E-02    0.7572718E-02   -0.3622395E-03   -0.8268692E-02   -0.4343589E-02    0.6370083E-03   -0.7692496E-02
   -0.5069401E-04    0.2178389E-03   -0.2162359E-04   -0.4427116E-02    0.1799901E-01   -0.9356865E-02   -0.2828763E-02   -0.9580084E-04    0.2948856E+00    0.6209524E-01   -0.2575980E+01    0.1332479E+02   -0.4145186E+01   -0.1137033E+02   -0.9698360E+01    0.5725335E+01    0.1413713E+00   -0.6224760E-01   -0.1912057E+01   -0.1470427E+01   -0.1864686E-03   -0.1465140E-03   -0.8431331E-04   -0.1238964E-03    0.2970398E-04   -0.1728778E-02    0.1906409E-02    0.1290991E-02   -0.3071814E-02   -0.2594869E-03   -0.4614993E-03   -0.4210636E-03   -0.1233216E-03    0.1711036E-03
   -0.2850867E-05    0.1928850E-05    0.1867633E-05   -0.6553309E-03   -0.2180700E-02   -0.1647479E-02    0.1828722E-03   -0.5063335E-04   -0.1396173E+00   -0.4258989E-02   -0.1809370E+00   -0.4858662E+00   -0.4198246E+00   -0.6980996E+00   -0.3461832E+00    0.1413713E+00    0.3160220E+01    0.7582168E+00    0.3664976E+00    0.6042018E+00    0.1748242E-03    0.5468207E-04    0.6864014E-04    0.7054863E-04    0.3377900E-03    0.8306283E-03   -0.2425155E-02    0.5204269E-03   -0.1634891E-02   -0.4449332E-03   -0.2192123E-03   -0.5989541E-02    0.4298682E-03    0.6570509E-05
   -0.7950324E-05    0.2739033E-04    0.1797478E-05   -0.1015439E-02    0.2331737E-03   -0.2611883E-02   -0.2300855E-03   -0.6666741E-04    0.4558860E+00    0.7629318E-02    0.7157211E-01   -0.5245399E+00   -0.9811764E+00   -0.3399783E+00   -0.7555834E+00   -0.6224760E-01    0.7582168E+00    0.3050774E+01    0.2292088E+01    0.1180266E+01    0.5622261E-04    0.4403608E-04    0.9234070E-04    0.6457167E-04    0.2337221E-03    0.4218698E-03    0.2669205E-02   -0.1105360E-03    0.1486602E-02   -0.3616062E-03   -0.1409608E-02    0.1311334E-02   -0.4154713E-03   -0.1792396E-03
   -0.2192555E-04    0.1212984E-03   -0.2112344E-04   -0.2114446E-02    0.8904511E-02   -0.4602774E-02   -0.6017246E-03   -0.6200331E-04   -0.2979649E+01    0.1145926E+00    0.2421555E+01   -0.1371406E+02    0.3892980E+01    0.5017138E+01    0.4911565E+00   -0.1912057E+01    0.3664976E+00    0.2292088E+01    0.1786714E+02    0.2740077E+02    0.1363392E-03    0.1262800E-03   -0.7079843E-04   -0.1867865E-03    0.1022746E-02   -0.2735324E-03    0.4896434E-02    0.1241588E-02   -0.2269581E-02   -0.4811896E-04   -0.4856058E-02   -0.9334701E-02   -0.7315587E-04    0.2550333E-02
    0.1028422E-04    0.4452895E-04   -0.1330679E-04    0.1660476E-03   -0.7893386E-04    0.1724909E-02    0.8239125E-03    0.6025962E-03   -0.2457746E+02    0.1176921E+00    0.2103872E+01   -0.2052522E+02    0.3813845E+01    0.6192206E+01    0.2128756E+02   -0.1470427E+01    0.6042018E+00    0.1180266E+01    0.2740077E+02    0.6211875E+02    0.8437216E-03    0.2431991E-03   -0.1782702E-04   -0.1554922E-03    0.6101702E-03   -0.6004259E-02    0.5682704E-02    0.1312413E-02   -0.1076368E-01    0.6894227E-03   -0.1460619E-01   -0.2729231E-01   -0.3607239E-04    0.4504023E-02
    0.1008959E-06   -0.1288771E-05    0.1204314E-06    0.6701244E-05   -0.1330555E-04    0.1190445E-04    0.6182322E-05    0.1420928E-05   -0.1141755E-02    0.3950811E-04    0.3220824E-03   -0.7402762E-02   -0.2724731E-02    0.3096239E-04    0.8792375E-03   -0.1864686E-03    0.1748242E-03    0.5622261E-04    0.1363392E-03    0.8437216E-03    0.1263991E-03    0.1098797E-04    0.1116547E-05    0.3507542E-05    0.2656320E-06   -0.5375289E-05   -0.7947981E-05   -0.1165364E-05   -0.2475226E-04    0.2141202E-06   -0.1271540E-04   -0.2461146E-04   -0.2152238E-07   -0.5115399E-07
    0.3778248E-07   -0.5013978E-06    0.5058573E-07    0.1723272E-05   -0.7771638E-05    0.2383293E-05    0.2142769E-05    0.2562307E-06   -0.1909664E-03    0.1879899E-04    0.1685172E-03   -0.2621351E-02   -0.8016299E-03    0.3264571E-03    0.6643391E-04   -0.1465140E-03    0.5468207E-04    0.4403608E-04    0.1262800E-03    0.2431991E-03    0.1098797E-04    0.1390775E-04   -0.1149913E-07    0.6051548E-05   -0.4882455E-06   -0.9736955E-07    0.1594037E-05    0.1289669E-05   -0.1910668E-06   -0.1963397E-05   -0.3641285E-05   -0.1029569E-04   -0.2054527E-07    0.1488556E-07
   -0.1346339E-07    0.5254481E-07   -0.4884220E-07    0.2427670E-06    0.1854018E-04    0.9262690E-06    0.4004073E-06    0.4074454E-06   -0.3128159E-03   -0.4019443E-04    0.2266472E-03   -0.5875255E-02   -0.9946530E-03   -0.4843431E-03    0.6899168E-03   -0.8431331E-04    0.6864014E-04    0.9234070E-04   -0.7079843E-04   -0.1782702E-04    0.1116547E-05   -0.1149913E-07    0.2255002E-03    0.3281809E-06    0.3809648E-05    0.1033178E-04    0.1039531E-04    0.6592509E-05    0.2377079E-04   -0.1720084E-05   -0.6277295E-05   -0.1985795E-04   -0.9287173E-07   -0.1328197E-06
    0.3803426E-07   -0.4733018E-06    0.5133182E-07    0.1453026E-05   -0.3033079E-05    0.2763359E-05    0.2408065E-05    0.7383247E-06   -0.5370352E-04    0.1222981E-04    0.1565724E-04   -0.7724029E-03   -0.6807089E-03    0.4047320E-04   -0.8632280E-04   -0.1238964E-03    0.7054863E-04    0.6457167E-04   -0.1867865E-03   -0.1554922E-03    0.3507542E-05    0.6051548E-05    0.3281809E-06    0.3006488E-04   -0.1204462E-05    0.1045912E-05    0.1908781E-05    0.7488315E-06   -0.5558020E-05   -0.1001649E-05   -0.2963094E-05   -0.3279786E-05   -0.4495941E-07   -0.6310921E-07
    0.6979825E-08   -0.1376453E-06   -0.6517509E-07    0.2027847E-06    0.3237552E-04   -0.2220439E-07    0.2067861E-06    0.2121044E-06    0.1445511E-02   -0.9510150E-04    0.2609154E-03   -0.7048660E-03   -0.2144134E-02   -0.3231041E-02   -0.3239602E-02    0.2970398E-04    0.3377900E-03    0.2337221E-03    0.1022746E-02    0.6101702E-03    0.2656320E-06   -0.4882455E-06    0.3809648E-05   -0.1204462E-05    0.3916982E-03   -0.6746954E-05   -0.3073596E-05    0.2746856E-05    0.1100602E-04    0.2296254E-05   -0.3268242E-05   -0.4513514E-05    0.1105960E-06    0.8033758E-07
    0.6612723E-07    0.6676185E-07   -0.6300339E-07    0.4366557E-06   -0.9162451E-04   -0.1599622E-06   -0.1100699E-05   -0.5212657E-06    0.3837408E-02   -0.4063517E-04    0.1092108E-02   -0.1407405E-01    0.1397752E-02    0.2018712E-02   -0.2321135E-02   -0.1728778E-02    0.8306283E-03    0.4218698E-03   -0.2735324E-03   -0.6004259E-02   -0.5375289E-05   -0.9736955E-07    0.1033178E-04    0.1045912E-05   -0.6746954E-05    0.3456705E-02    0.8169908E-05    0.9270795E-05    0.4860535E-05   -0.2532465E-04    0.2652968E-04    0.2140398E-04    0.1750173E-06   -0.5290321E-06
   -0.3979705E-06    0.2634550E-05   -0.4246776E-06   -0.4167686E-04   -0.1626498E-03   -0.7618405E-04   -0.5431484E-05    0.1473707E-05   -0.1710914E-02    0.3555188E-03   -0.1720752E-02    0.4653139E-01    0.7169555E-02    0.3063578E-02    0.1540257E-03    0.1906409E-02   -0.2425155E-02    0.2669205E-02    0.4896434E-02    0.5682704E-02   -0.7947981E-05    0.1594037E-05    0.1039531E-04    0.1908781E-05   -0.3073596E-05    0.8169908E-05    0.5781673E-02    0.1807263E-02    0.1809021E-02   -0.7378502E-03   -0.1146360E-03    0.1097077E-03    0.1961288E-05   -0.1087202E-06
   -0.1900866E-06    0.6773666E-06   -0.1390528E-06   -0.1095541E-04   -0.1701791E-04   -0.2094022E-04   -0.1210389E-05    0.3477191E-06    0.2129395E-02    0.1781439E-03   -0.1385554E-02    0.8626364E-02    0.3633019E-02   -0.7398628E-03   -0.4507023E-02    0.1290991E-02    0.5204269E-03   -0.1105360E-03    0.1241588E-02    0.1312413E-02   -0.1165364E-05    0.1289669E-05    0.6592509E-05    0.7488315E-06    0.2746856E-05    0.9270795E-05    0.1807263E-02    0.1215232E-02    0.7937550E-03    0.1907251E-03    0.1793192E-04   -0.1456204E-03   -0.1928773E-06    0.5683753E-06
    0.4545529E-07   -0.6323786E-06    0.4285252E-06   -0.1348316E-04   -0.6014308E-03   -0.3901181E-04    0.7243731E-05   -0.4203878E-05    0.2353454E-02    0.6502402E-03    0.5968147E-02   -0.4114142E-01    0.2158046E-02    0.3296116E-01    0.7572718E-02   -0.3071814E-02   -0.1634891E-02    0.1486602E-02   -0.2269581E-02   -0.1076368E-01   -0.2475226E-04   -0.1910668E-06    0.2377079E-04   -0.5558020E-05    0.1100602E-04    0.4860535E-05    0.1809021E-02    0.7937550E-03    0.3283965E-01   -0.6381236E-03    0.1404339E-02    0.1072658E-01   -0.1067085E-05   -0.9093525E-06
   -0.1821154E-06    0.2445497E-06    0.3570217E-11   -0.6285249E-05    0.7512584E-04   -0.1074547E-04   -0.1196268E-05    0.7610828E-06    0.2268959E-02   -0.5013189E-04   -0.7643609E-03    0.1852295E-01    0.6022097E-02    0.1514675E-02   -0.3622395E-03   -0.2594869E-03   -0.4449332E-03   -0.3616062E-03   -0.4811896E-04    0.6894227E-03    0.2141202E-06   -0.1963397E-05   -0.1720084E-05   -0.1001649E-05    0.2296254E-05   -0.2532465E-04   -0.7378502E-03    0.1907251E-03   -0.6381236E-03    0.1392332E-02    0.1880431E-03   -0.4177490E-03   -0.1410005E-06    0.5141056E-06
   -0.5353311E-06    0.2427979E-05   -0.6206704E-06   -0.6960908E-05    0.2696628E-03   -0.1190439E-04   -0.8723829E-05   -0.8625903E-06    0.1101740E-01   -0.1541739E-03   -0.5833848E-04    0.2180730E-01    0.6871814E-02    0.6496713E-03   -0.8268692E-02   -0.4614993E-03   -0.2192123E-03   -0.1409608E-02   -0.4856058E-02   -0.1460619E-01   -0.1271540E-04   -0.3641285E-05   -0.6277295E-05   -0.2963094E-05   -0.3268242E-05    0.2652968E-04   -0.1146360E-03    0.1793192E-04    0.1404339E-02    0.1880431E-03    0.5131535E-02    0.4099217E-02    0.6728621E-06   -0.7115187E-06
   -0.2205507E-05    0.1303432E-04   -0.2343695E-05   -0.5021413E-04    0.7728614E-03   -0.7555830E-04   -0.3751684E-04    0.1871554E-05    0.2138527E-01   -0.8263601E-03   -0.1010044E-02    0.9538414E-01    0.2582635E-01    0.2658196E-02   -0.4343589E-02   -0.4210636E-03   -0.5989541E-02    0.1311334E-02   -0.9334701E-02   -0.2729231E-01   -0.2461146E-04   -0.1029569E-04   -0.1985795E-04   -0.3279786E-05   -0.4513514E-05    0.2140398E-04    0.1097077E-03   -0.1456204E-03    0.1072658E-01   -0.4177490E-03    0.4099217E-02    0.3580549E-01   -0.2258679E-07   -0.4636575E-05
    0.5667103E-08   -0.5595380E-09    0.1278883E-08    0.6923687E-07    0.7451517E-07    0.3768513E-06   -0.1844033E-06   -0.1597843E-09   -0.2004887E-03    0.7376140E-05    0.1855170E-03    0.4463625E-02    0.2092760E-03    0.7720633E-03    0.6370083E-03   -0.1233216E-03    0.4298682E-03   -0.4154713E-03   -0.7315587E-04   -0.3607239E-04   -0.2152238E-07   -0.2054527E-07   -0.9287173E-07   -0.4495941E-07    0.1105960E-06    0.1750173E-06    0.1961288E-05   -0.1928773E-06   -0.1067085E-05   -0.1410005E-06    0.6728621E-06   -0.2258679E-07    0.5326496E-06   -0.5073384E-08
   -0.1260359E-07    0.6930300E-07   -0.1135154E-07   -0.1256321E-05    0.6069672E-05   -0.2507195E-05   -0.5432808E-06   -0.1142954E-07    0.4399325E-02   -0.1665636E-04   -0.3392998E-03    0.3946022E-02    0.2428768E-03   -0.2427159E-02   -0.7692496E-02    0.1711036E-03    0.6570509E-05   -0.1792396E-03    0.2550333E-02    0.4504023E-02   -0.5115399E-07    0.1488556E-07   -0.1328197E-06   -0.6310921E-07    0.8033758E-07   -0.5290321E-06   -0.1087202E-06    0.5683753E-06   -0.9093525E-06    0.5141056E-06   -0.7115187E-06   -0.4636575E-05   -0.5073384E-08    0.2091410E-05
