# omegabh2 omegach2 theta tau yhe ns logA aps100 aps143 aps217 acib143 acib217 asz143 psr cibr ncib cal0 cal2 xi aksz bm_1_1 bm_1_2 bm_1_3 bm_1_4 bm_1_5 bm_2_1 bm_2_2 bm_2_3 bm_2_4 bm_2_5 bm_3_1 bm_3_2 bm_3_3 bm_3_4 bm_3_5 bm_4_1 bm_4_2 bm_4_3 bm_4_4 bm_4_5 a_ps_act_148 a_ps_act_217 a_ps_spt_95 a_ps_spt_150 a_ps_spt_220 r_ps_spt_95x150 r_ps_spt_95x220 r_ps_150x220 act_dust_s act_dust_e cal_acts_148 cal_acts_217 cal_acte_148 cal_acte_217 cal_spt_95 cal_spt_150 cal_spt_220
    0.12929E-06   -0.40859E-06    0.24985E-06    0.19850E-05    0.51314E-05    0.33536E-05    0.45564E-05    0.57408E-03    0.31009E-03    0.18989E-03    0.42134E-05   -0.23147E-04   -0.12635E-04    0.39043E-06    0.15743E-06   -0.72245E-06    0.50839E-09    0.98905E-08    0.40907E-05    0.46138E-04    0.74393E-05   -0.10129E-04   -0.46403E-06   -0.36962E-05   -0.49812E-05    0.61302E-05   -0.78255E-05    0.11050E-04   -0.91943E-06    0.57717E-05   -0.33913E-06    0.42805E-06    0.43760E-05   -0.23695E-05   -0.10790E-04    0.37755E-05    0.30439E-05   -0.18758E-05   -0.14348E-04    0.75468E-06   -0.44445E-05   -0.74972E-05   -0.13184E-04   -0.12373E-04   -0.70543E-04    0.62500E-06    0.11157E-05    0.11579E-06   -0.10408E-05    0.13238E-05   -0.13152E-06   -0.58695E-07   -0.18509E-06   -0.98742E-07   -0.37742E-06   -0.23343E-06   -0.25919E-06
   -0.40859E-06    0.58543E-05   -0.82939E-06   -0.11381E-04   -0.94882E-05   -0.17598E-04   -0.11344E-04    0.15199E-02    0.25248E-03    0.47216E-03   -0.40836E-05    0.31535E-03    0.11053E-03    0.46760E-05   -0.24702E-06    0.57939E-05    0.17468E-07   -0.78047E-07   -0.26849E-04   -0.33431E-03    0.40178E-04    0.59405E-04   -0.46615E-04    0.21812E-05    0.30743E-04   -0.21134E-04    0.43292E-04   -0.26464E-04    0.10782E-03   -0.14402E-04   -0.21000E-04    0.93045E-05    0.72951E-05    0.32679E-04    0.16322E-04   -0.40495E-04    0.15721E-04    0.30526E-04    0.75470E-04    0.79913E-04   -0.42158E-05   -0.29986E-03   -0.75354E-04   -0.43126E-06   -0.15231E-03    0.39405E-05    0.53521E-06   -0.73945E-06    0.16059E-04    0.12355E-05   -0.79661E-06   -0.10570E-06   -0.62978E-06   -0.10684E-05   -0.15937E-05   -0.60800E-06   -0.19865E-05
    0.24985E-06   -0.82939E-06    0.98475E-06    0.45898E-05    0.16616E-04    0.96553E-05    0.12157E-04    0.31805E-02    0.30826E-02    0.25455E-02    0.20621E-04   -0.31523E-03   -0.89968E-04    0.39317E-05    0.10496E-05   -0.68991E-05    0.54903E-08    0.19447E-07    0.29743E-04    0.31306E-03    0.64150E-04    0.16683E-05   -0.17089E-05    0.20698E-05    0.17666E-04    0.13094E-04   -0.23456E-04    0.16110E-04   -0.28590E-04    0.15471E-04    0.14982E-04    0.45620E-04    0.41728E-05    0.91460E-05   -0.63376E-05    0.22060E-04    0.40764E-05    0.31361E-05   -0.29590E-04   -0.81395E-05   -0.30889E-04   -0.25369E-03   -0.89544E-04   -0.89814E-04   -0.31999E-03    0.33468E-05    0.63037E-05    0.72282E-06   -0.45113E-06    0.21781E-05   -0.13896E-05   -0.16052E-05   -0.15516E-05   -0.17328E-05   -0.32723E-05   -0.27639E-05   -0.20797E-05
    0.19850E-05   -0.11381E-04    0.45898E-05    0.22819E-03    0.10451E-03    0.83672E-04    0.45486E-03   -0.10478E-01    0.45562E-02    0.41010E-02    0.66540E-04   -0.33727E-03   -0.28966E-03   -0.97277E-05   -0.70245E-05   -0.11735E-04   -0.98755E-07    0.16843E-07    0.23033E-04   -0.26949E-03   -0.99843E-04   -0.34327E-03    0.18048E-03    0.12140E-03   -0.34277E-04   -0.22420E-03   -0.35521E-03   -0.36303E-05    0.19884E-04    0.28477E-03   -0.99637E-04    0.11159E-03    0.76534E-04   -0.22949E-03   -0.56062E-03   -0.12269E-03   -0.34879E-03   -0.21454E-04   -0.27439E-03    0.14824E-03   -0.16212E-03    0.40036E-03    0.18622E-03   -0.17748E-03   -0.15249E-02   -0.26002E-05   -0.22702E-04   -0.55386E-05   -0.23160E-04   -0.11774E-04   -0.43354E-05   -0.67922E-06   -0.37619E-05    0.51295E-06   -0.87169E-05   -0.71839E-05   -0.33524E-05
    0.51314E-05   -0.94882E-05    0.16616E-04    0.10451E-03    0.44569E-03    0.21484E-03    0.31006E-03    0.86302E-01    0.91303E-01    0.75144E-01    0.41483E-03   -0.68755E-02   -0.20797E-02    0.13152E-03    0.27586E-04   -0.15880E-03    0.30661E-07    0.10320E-06    0.69711E-03    0.73598E-02    0.17683E-02   -0.41371E-04   -0.35894E-04    0.10461E-03    0.22976E-03    0.17960E-03   -0.56888E-03    0.69595E-03   -0.39290E-03    0.42967E-03    0.32678E-03    0.61087E-03    0.78468E-04    0.40403E-03   -0.35542E-03    0.34363E-03    0.16276E-03    0.78697E-04   -0.90018E-03   -0.21108E-04   -0.12878E-02   -0.87574E-02   -0.31365E-02   -0.28258E-02   -0.11689E-01    0.10135E-03    0.17787E-03    0.20391E-04    0.80120E-04    0.46735E-04   -0.44560E-04   -0.50394E-04   -0.49212E-04   -0.50120E-04   -0.97319E-04   -0.86876E-04   -0.70161E-04
    0.33536E-05   -0.17598E-04    0.96553E-05    0.83672E-04    0.21484E-03    0.15016E-03    0.18159E-03    0.51282E-02    0.25253E-01    0.22100E-01    0.66137E-04   -0.30583E-02   -0.85717E-03    0.27209E-04    0.70931E-05   -0.63375E-04   -0.71227E-07    0.45311E-06    0.26328E-03    0.30887E-02    0.42632E-03   -0.41731E-03    0.10293E-03    0.30750E-04   -0.58076E-05    0.38684E-03   -0.23211E-03    0.37938E-03   -0.41166E-03    0.13168E-03    0.33923E-03    0.26505E-03   -0.10126E-03    0.30286E-04   -0.26882E-03    0.51670E-03    0.16831E-03    0.97136E-05   -0.53035E-03   -0.18243E-03   -0.41912E-03   -0.22165E-02   -0.80329E-03   -0.10532E-02   -0.36752E-02    0.17966E-04    0.40790E-04    0.83322E-05   -0.79598E-05    0.20767E-04   -0.11582E-04   -0.16239E-04   -0.14599E-04   -0.13881E-04   -0.29202E-04   -0.28564E-04   -0.19746E-04
    0.45564E-05   -0.11344E-04    0.12157E-04    0.45486E-03    0.31006E-03    0.18159E-03    0.96785E-03   -0.11154E-02    0.32248E-01    0.28801E-01    0.13243E-03   -0.14885E-02   -0.84718E-03    0.27517E-04   -0.12288E-04   -0.40583E-04   -0.10365E-06    0.15584E-06    0.11857E-03    0.43570E-03    0.82833E-03   -0.45702E-03    0.19254E-03    0.25186E-03    0.94100E-04   -0.76727E-04   -0.68881E-03    0.13080E-03    0.23747E-03    0.60118E-03   -0.17955E-03    0.45271E-03    0.19011E-03   -0.32984E-03   -0.12659E-02   -0.11954E-04   -0.44283E-03    0.10585E-03   -0.58724E-03    0.51597E-03   -0.68672E-03   -0.24459E-02   -0.56713E-03   -0.11317E-02   -0.70812E-02    0.19495E-04   -0.10284E-04   -0.70209E-05    0.22662E-04   -0.36251E-05   -0.21970E-04   -0.15186E-04   -0.21729E-04   -0.15435E-04   -0.46865E-04   -0.39338E-04   -0.32485E-04
    0.57408E-03    0.15199E-02    0.31805E-02   -0.10478E-01    0.86302E-01    0.51282E-02   -0.11154E-02    0.15594E+04    0.91750E+02    0.36727E+02    0.11176E+01   -0.13946E+01   -0.92228E+01   -0.62074E-01   -0.80334E-01   -0.77821E-01    0.15440E-02   -0.22145E-02    0.85033E+00    0.60478E+01    0.16713E+02   -0.60101E+01   -0.23107E+00    0.11395E+01   -0.85164E+00   -0.17486E+01   -0.41254E+01   -0.10484E+01   -0.86065E+00   -0.14808E+01   -0.48206E-01    0.72906E+00    0.25681E+00   -0.77560E+00   -0.35484E+01   -0.77104E+00   -0.17994E+01   -0.22338E+01   -0.16689E+00    0.25247E+01    0.20629E+00   -0.11970E+01    0.46799E+01   -0.86154E+00    0.21812E+00    0.18064E-02   -0.27187E+00   -0.75591E-01    0.52543E-01   -0.10121E+00   -0.38917E-01   -0.76847E-02   -0.34287E-01    0.20536E-02   -0.76062E-01   -0.48638E-01   -0.16553E-01
    0.31009E-03    0.25248E-03    0.30826E-02    0.45562E-02    0.91303E-01    0.25253E-01    0.32248E-01    0.91750E+02    0.81961E+02    0.32391E+02    0.42404E+00   -0.81614E+00   -0.19996E+01    0.61107E-01    0.25092E-01   -0.55042E-01    0.96074E-05   -0.71729E-03    0.29791E+00    0.14381E+01    0.32077E+00   -0.17370E-01   -0.17835E+00    0.12172E+00    0.21497E+00    0.49082E+00   -0.24629E+00   -0.14442E+00   -0.35850E+00    0.10272E+00   -0.11872E+00    0.46067E+00   -0.18071E-01    0.12008E+00    0.27708E-01    0.36769E+00   -0.46848E-01   -0.17964E+00   -0.84573E-01    0.46974E-02    0.51417E-01   -0.34295E+01    0.18924E+00   -0.74815E+00   -0.33307E+01    0.34631E-01    0.88816E-03   -0.27304E-01    0.75372E-02    0.25398E-02   -0.22546E-01   -0.16840E-01   -0.22879E-01   -0.17673E-01   -0.44938E-01   -0.37592E-01   -0.17997E-01
    0.18989E-03    0.47216E-03    0.25455E-02    0.41010E-02    0.75144E-01    0.22100E-01    0.28801E-01    0.36727E+02    0.32391E+02    0.10908E+03   -0.89686E+00   -0.35070E+02    0.15231E+00   -0.31865E+00   -0.44501E-01   -0.48536E+00   -0.92135E-05   -0.22470E-03    0.71811E-01    0.16528E+01    0.36805E+00    0.13808E+00   -0.66799E-01   -0.37512E+00    0.30056E+00   -0.24155E-01   -0.11303E+00    0.91983E-01   -0.18007E+00    0.12105E+00    0.10015E+00    0.59790E+00   -0.10176E+00    0.35206E+00    0.57417E-01    0.39989E-01    0.99337E-01    0.39067E-01   -0.33394E-01   -0.18442E+00   -0.38246E-01    0.15410E+02   -0.12071E+01    0.44263E-01    0.67468E+01   -0.23535E-01   -0.65690E-01    0.12079E-02    0.23192E-01    0.57150E-01   -0.14153E-01   -0.39807E-01   -0.15214E-01   -0.40966E-01   -0.28443E-01   -0.25257E-01   -0.68940E-01
    0.42134E-05   -0.40836E-05    0.20621E-04    0.66540E-04    0.41483E-03    0.66137E-04    0.13243E-03    0.11176E+01    0.42404E+00   -0.89686E+00    0.66612E+00    0.99681E+00    0.50706E+00    0.13315E-02   -0.24645E-02   -0.58277E-02    0.19898E-05    0.70634E-04    0.23072E-01   -0.78634E+00   -0.51589E-02   -0.18911E-01    0.14840E-01    0.65979E-02   -0.26582E-02   -0.35682E-01   -0.66252E-02   -0.69667E-02    0.10294E-01    0.74660E-02    0.13446E-01   -0.95714E-02   -0.13712E-01    0.41986E-02   -0.11165E-01   -0.13672E-01   -0.21156E-01    0.33966E-02    0.67441E-02    0.26494E-01    0.87085E-01   -0.62873E-01   -0.20354E+00    0.24521E-02    0.43370E-01    0.50986E-01    0.50734E-01   -0.42547E-02   -0.51161E-03   -0.46012E-02   -0.25618E-04    0.42984E-03    0.19449E-03    0.29282E-03   -0.48579E-03    0.72143E-03    0.24670E-02
   -0.23147E-04    0.31535E-03   -0.31523E-03   -0.33727E-03   -0.68755E-02   -0.30583E-02   -0.14885E-02   -0.13946E+01   -0.81614E+00   -0.35070E+02    0.99681E+00    0.20802E+02    0.16335E+01    0.19598E+00    0.29392E-01    0.28822E+00    0.23095E-04    0.23648E-04   -0.34309E+00   -0.38886E+01    0.12364E+00   -0.20357E+00   -0.18931E-01    0.99497E-01   -0.88006E-01   -0.59319E-02    0.99086E-01   -0.16301E+00    0.26352E+00   -0.13858E+00   -0.18075E+00   -0.44547E+00    0.28618E-01   -0.30163E+00   -0.18002E+00   -0.10920E+00   -0.13245E+00    0.29468E-01    0.15724E+00    0.31707E+00   -0.34854E+00   -0.11082E+02    0.12376E+00   -0.65493E+00   -0.74491E+01    0.38316E-01    0.60129E-01   -0.70678E-02   -0.20285E-02   -0.13511E-01   -0.55532E-03    0.88601E-02   -0.45887E-03    0.99474E-02    0.33978E-04   -0.63560E-03    0.22305E-01
   -0.12635E-04    0.11053E-03   -0.89968E-04   -0.28966E-03   -0.20797E-02   -0.85717E-03   -0.84718E-03   -0.92228E+01   -0.19996E+01    0.15231E+00    0.50706E+00    0.16335E+01    0.17338E+01    0.13624E-01    0.18556E-01    0.12773E-01    0.20850E-05   -0.15840E-03   -0.17509E+00   -0.20776E+01    0.51946E-01   -0.91660E-02    0.44168E-02   -0.36835E-01    0.18012E-01    0.10226E-01    0.41084E-01   -0.36800E-01    0.31903E-01   -0.22921E-03   -0.41093E-01   -0.23645E-01   -0.25666E-01   -0.36460E-01   -0.17683E-01   -0.15412E-01   -0.18739E-01    0.90498E-02    0.24202E-01    0.30065E-01   -0.57250E-01   -0.52494E+00   -0.69796E+00   -0.68661E-01   -0.97661E+00    0.41684E-01    0.67663E-01   -0.11312E-02    0.44152E-03    0.43124E-02    0.79850E-03   -0.19022E-02    0.59002E-03   -0.20642E-02    0.27944E-02    0.97512E-03   -0.57015E-03
    0.39043E-06    0.46760E-05    0.39317E-05   -0.97277E-05    0.13152E-03    0.27209E-04    0.27517E-04   -0.62074E-01    0.61107E-01   -0.31865E+00    0.13315E-02    0.19598E+00    0.13624E-01    0.39024E-02   -0.45137E-05    0.28819E-02    0.16093E-06   -0.17391E-05   -0.62477E-03   -0.12049E-01    0.12646E-02    0.12346E-02    0.93733E-04    0.18160E-02   -0.69833E-04    0.15361E-02   -0.28228E-02   -0.59010E-03   -0.15793E-02    0.12422E-02   -0.90013E-03    0.71934E-03    0.11687E-02   -0.69318E-04    0.48684E-03    0.13175E-02   -0.13008E-02   -0.26375E-02   -0.27244E-02   -0.14380E-02   -0.16493E-02   -0.13639E+00   -0.76736E-02   -0.41434E-02   -0.10051E+00    0.23654E-03    0.15136E-02    0.36738E-03    0.27370E-03    0.65070E-04   -0.36853E-04   -0.37248E-05   -0.46604E-04    0.19722E-04   -0.33566E-04   -0.73267E-04    0.16005E-03
    0.15743E-06   -0.24702E-06    0.10496E-05   -0.70245E-05    0.27586E-04    0.70931E-05   -0.12288E-04   -0.80334E-01    0.25092E-01   -0.44501E-01   -0.24645E-02    0.29392E-01    0.18556E-01   -0.45137E-05    0.26987E-02   -0.15905E-03    0.34501E-06    0.44599E-05   -0.32294E-03   -0.11193E-01    0.16420E-03    0.64990E-03    0.15603E-02   -0.67088E-03   -0.11083E-02   -0.20375E-02    0.16720E-02    0.82218E-03    0.73323E-03    0.72146E-03    0.45449E-03   -0.10500E-02    0.41002E-03    0.10566E-02    0.53657E-03   -0.15352E-02   -0.13425E-03    0.27056E-02    0.34856E-03    0.10676E-02    0.57102E-02    0.38469E-03   -0.11520E-01    0.33994E-02    0.55162E-02    0.20407E-03    0.16053E-02   -0.37668E-03    0.16425E-03    0.12193E-03    0.37548E-05    0.31666E-04    0.15670E-06    0.32964E-04    0.29185E-04   -0.56192E-05    0.74264E-04
   -0.72245E-06    0.57939E-05   -0.68991E-05   -0.11735E-04   -0.15880E-03   -0.63375E-04   -0.40583E-04   -0.77821E-01   -0.55042E-01   -0.48536E+00   -0.58277E-02    0.28822E+00    0.12773E-01    0.28819E-02   -0.15905E-03    0.54125E-02    0.21760E-06   -0.89566E-05   -0.61455E-02   -0.33723E-01    0.48954E-02   -0.52900E-02   -0.32130E-02    0.22263E-03   -0.15986E-02    0.26669E-02    0.44707E-02   -0.52475E-02    0.90277E-02   -0.55547E-02   -0.72180E-02   -0.12124E-01    0.11172E-02   -0.84177E-02   -0.56972E-02   -0.28961E-02   -0.18480E-02    0.31751E-02    0.74720E-02    0.97125E-02   -0.98046E-02   -0.18978E+00    0.56967E-02   -0.10565E-01   -0.13844E+00   -0.94044E-03   -0.50547E-03    0.29073E-03   -0.10068E-03   -0.10871E-03    0.96354E-06    0.66341E-04   -0.80679E-05    0.94069E-04    0.45926E-04   -0.11357E-04    0.21636E-03
    0.50839E-09    0.17468E-07    0.54903E-08   -0.98755E-07    0.30661E-07   -0.71227E-07   -0.10365E-06    0.15440E-02    0.96074E-05   -0.92135E-05    0.19898E-05    0.23095E-04    0.20850E-05    0.16093E-06    0.34501E-06    0.21760E-06    0.15031E-06    0.30793E-08    0.85929E-07    0.45943E-05   -0.27015E-04   -0.91257E-05   -0.61851E-05    0.40298E-05   -0.19706E-05    0.73264E-05    0.92493E-05   -0.11698E-05   -0.21563E-05    0.43137E-05    0.86758E-05   -0.98142E-05    0.12669E-05   -0.48934E-05    0.31726E-05    0.11527E-04    0.10767E-05    0.58159E-05   -0.24232E-05   -0.75831E-05   -0.26900E-05   -0.33686E-04    0.46279E-05    0.80404E-06   -0.14954E-04   -0.11619E-06    0.51779E-06    0.49158E-07    0.57608E-06   -0.15282E-05   -0.44704E-07   -0.76154E-08   -0.23377E-07    0.79006E-08    0.76991E-07   -0.14862E-07   -0.82039E-07
    0.98905E-08   -0.78047E-07    0.19447E-07    0.16843E-07    0.10320E-06    0.45311E-06    0.15584E-06   -0.22145E-02   -0.71729E-03   -0.22470E-03    0.70634E-04    0.23648E-04   -0.15840E-03   -0.17391E-05    0.44599E-05   -0.89566E-05    0.30793E-08    0.10969E-05    0.35749E-04    0.15243E-03    0.66658E-04    0.23088E-04    0.14018E-04   -0.35658E-04   -0.94880E-05    0.39572E-03    0.31848E-04   -0.44699E-05   -0.33091E-04    0.57437E-04   -0.34319E-03    0.34416E-04   -0.89272E-04    0.28829E-04    0.11690E-04    0.73207E-04    0.49867E-04   -0.42034E-04   -0.94113E-04   -0.90154E-05    0.58166E-04    0.32775E-03    0.66612E-04    0.33919E-04    0.46828E-03    0.68365E-05    0.52855E-05   -0.26886E-05    0.19630E-05    0.10651E-05    0.23253E-06    0.12862E-05    0.48485E-06    0.13003E-05    0.13982E-06    0.61022E-06    0.22161E-05
    0.40907E-05   -0.26849E-04    0.29743E-04    0.23033E-04    0.69711E-03    0.26328E-03    0.11857E-03    0.85033E+00    0.29791E+00    0.71811E-01    0.23072E-01   -0.34309E+00   -0.17509E+00   -0.62477E-03   -0.32294E-03   -0.61455E-02    0.85929E-07    0.35749E-04    0.70907E-01    0.36915E+00   -0.10866E-01    0.47091E-02    0.28585E-02    0.13371E-02   -0.48059E-02   -0.10096E-01   -0.93719E-02    0.64923E-02   -0.35350E-02    0.60827E-02    0.70756E-02    0.29451E-02    0.46165E-02    0.17331E-01    0.64959E-02   -0.22558E-02   -0.31003E-02    0.19353E-02   -0.89129E-02   -0.52087E-03    0.66598E-01    0.10462E+00   -0.11587E-01    0.56132E-01    0.19845E+00    0.63112E-02    0.10778E-01    0.10396E-02    0.42951E-03   -0.80985E-03   -0.73512E-04    0.36272E-04   -0.15160E-04    0.11993E-03   -0.26540E-03    0.12450E-03    0.55960E-03
    0.46138E-04   -0.33431E-03    0.31306E-03   -0.26949E-03    0.73598E-02    0.30887E-02    0.43570E-03    0.60478E+01    0.14381E+01    0.16528E+01   -0.78634E+00   -0.38886E+01   -0.20776E+01   -0.12049E-01   -0.11193E-01   -0.33723E-01    0.45943E-05    0.15243E-03    0.36915E+00    0.42681E+01   -0.42088E-01    0.70413E-01   -0.13492E-01    0.17987E-01   -0.12603E-01    0.12831E-01   -0.48286E-01    0.43154E-01   -0.45033E-01    0.23726E-01    0.26427E-01    0.44955E-01    0.43182E-01    0.99425E-01    0.61334E-01    0.24823E-01    0.19068E-01    0.13509E-01   -0.52949E-01   -0.49892E-01    0.64255E-01    0.84180E+00    0.13469E+00    0.17322E+00    0.14649E+01   -0.37078E-01   -0.19383E-01    0.16410E-01   -0.47844E-02   -0.13392E-01   -0.21329E-03    0.83419E-03    0.57325E-04    0.13365E-02   -0.74745E-03    0.15579E-03    0.33014E-03
    0.74393E-05    0.40178E-04    0.64150E-04   -0.99843E-04    0.17683E-02    0.42632E-03    0.82833E-03    0.16713E+02    0.32077E+00    0.36805E+00   -0.51589E-02    0.12364E+00    0.51946E-01    0.12646E-02    0.16420E-03    0.48954E-02   -0.27015E-04    0.66658E-04   -0.10866E-01   -0.42088E-01    0.66783E+00   -0.14508E+00   -0.71609E-02    0.81669E-02    0.13127E-02    0.19179E+00   -0.47972E-01   -0.44653E-01   -0.29227E-02   -0.59422E-01    0.12557E-01    0.41937E-01   -0.37816E-01   -0.47114E-01   -0.12927E+00    0.15865E+00    0.32970E-01   -0.18688E-01    0.26919E-01    0.90995E-01   -0.30603E-01   -0.16850E+00   -0.19048E-01   -0.29287E-01   -0.19783E+00   -0.71450E-03    0.21678E-03    0.68414E-03   -0.18718E-03    0.10498E-02   -0.21581E-03   -0.47511E-03   -0.27664E-03   -0.25749E-03   -0.15945E-03   -0.57527E-03   -0.69300E-03
   -0.10129E-04    0.59405E-04    0.16683E-05   -0.34327E-03   -0.41371E-04   -0.41731E-03   -0.45702E-03   -0.60101E+01   -0.17370E-01    0.13808E+00   -0.18911E-01   -0.20357E+00   -0.91660E-02    0.12346E-02    0.64990E-03   -0.52900E-02   -0.91257E-05    0.23088E-04    0.47091E-02    0.70413E-01   -0.14508E+00    0.88150E+00    0.45269E-04   -0.90295E-04    0.11125E-01   -0.16026E+00    0.18343E+00    0.40362E-01   -0.57050E-03    0.37181E-01   -0.11695E+00   -0.11298E-01    0.20598E-01    0.26747E-01    0.17456E+00   -0.22535E+00    0.25230E-01    0.10249E+00    0.29659E-01   -0.19741E+00    0.13399E-02    0.21504E+00   -0.33922E-01    0.38777E-02    0.16885E+00    0.11555E-02    0.14619E-02    0.11062E-03    0.15952E-02    0.21808E-03    0.11659E-03    0.15581E-03   -0.87030E-05   -0.79693E-04   -0.13701E-03   -0.23456E-04   -0.12976E-03
   -0.46403E-06   -0.46615E-04   -0.17089E-05    0.18048E-03   -0.35894E-04    0.10293E-03    0.19254E-03   -0.23107E+00   -0.17835E+00   -0.66799E-01    0.14840E-01   -0.18931E-01    0.44168E-02    0.93733E-04    0.15603E-02   -0.32130E-02   -0.61851E-05    0.14018E-04    0.28585E-02   -0.13492E-01   -0.71609E-02    0.45269E-04    0.99441E+00    0.10612E-01    0.16938E-01   -0.63176E-01   -0.17034E-01    0.15798E+00   -0.56799E-01    0.88321E-01   -0.17173E-01    0.39859E-01   -0.29296E-01    0.45107E-02    0.11489E+00   -0.68735E-01    0.94008E-02    0.25620E-01   -0.20253E+00    0.56380E-01    0.19639E-01    0.30668E-01    0.84721E-02   -0.20498E-02    0.43960E-01    0.10803E-02    0.22938E-02   -0.60568E-03   -0.33822E-02   -0.19614E-02   -0.14887E-04    0.56561E-05    0.14491E-03    0.29072E-04    0.55211E-04   -0.69928E-04    0.20170E-03
   -0.36962E-05    0.21812E-05    0.20698E-05    0.12140E-03    0.10461E-03    0.30750E-04    0.25186E-03    0.11395E+01    0.12172E+00   -0.37512E+00    0.65979E-02    0.99497E-01   -0.36835E-01    0.18160E-02   -0.67088E-03    0.22263E-03    0.40298E-05   -0.35658E-04    0.13371E-02    0.17987E-01    0.81669E-02   -0.90295E-04    0.10612E-01    0.10094E+01    0.10365E-01    0.49649E-01   -0.81148E-01    0.63810E-01   -0.94528E-01    0.39842E-01    0.75857E-01    0.12091E+00    0.33190E-01    0.13160E+00   -0.11912E+00    0.88370E-01    0.42582E-01   -0.52476E-02   -0.10882E+00    0.24868E-01   -0.36510E-02   -0.35396E-01    0.52719E-01   -0.86498E-02   -0.65538E-03   -0.16288E-02   -0.23286E-02   -0.12484E-03    0.21628E-02   -0.33703E-02   -0.77260E-05    0.15051E-03   -0.13623E-03   -0.19013E-05    0.58367E-03   -0.17114E-03    0.54721E-03
   -0.49812E-05    0.30743E-04    0.17666E-04   -0.34277E-04    0.22976E-03   -0.58076E-05    0.94100E-04   -0.85164E+00    0.21497E+00    0.30056E+00   -0.26582E-02   -0.88006E-01    0.18012E-01   -0.69833E-04   -0.11083E-02   -0.15986E-02   -0.19706E-05   -0.94880E-05   -0.48059E-02   -0.12603E-01    0.13127E-02    0.11125E-01    0.16938E-01    0.10365E-01    0.98824E+00    0.49778E-01    0.48128E-01   -0.27467E-01    0.12782E-01    0.94034E-01    0.74083E-01   -0.75977E-01   -0.86033E-01    0.46949E-01    0.52998E-01    0.11143E+00   -0.73727E-01    0.83376E-01   -0.46711E-01   -0.28976E-01   -0.13691E-02    0.10441E-01   -0.33706E-02   -0.40647E-02    0.49942E-01    0.12341E-03   -0.10190E-02    0.20625E-03   -0.18501E-02    0.27216E-02   -0.61785E-04   -0.44203E-03    0.80592E-04   -0.14566E-03    0.92444E-04    0.14804E-03   -0.26010E-03
    0.61302E-05   -0.21134E-04    0.13094E-04   -0.22420E-03    0.17960E-03    0.38684E-03   -0.76727E-04   -0.17486E+01    0.49082E+00   -0.24155E-01   -0.35682E-01   -0.59319E-02    0.10226E-01    0.15361E-02   -0.20375E-02    0.26669E-02    0.73264E-05    0.39572E-03   -0.10096E-01    0.12831E-01    0.19179E+00   -0.16026E+00   -0.63176E-01    0.49649E-01    0.49778E-01    0.80485E+00   -0.36202E-01   -0.34313E-01   -0.47561E-01   -0.31321E-01    0.89821E-01    0.11721E+00   -0.11238E+00   -0.21772E-01   -0.59114E-01    0.66204E+00    0.21290E+00   -0.68499E-01   -0.20003E-01    0.64813E-01   -0.11456E-01   -0.29379E-01    0.24054E-01   -0.72002E-02   -0.34912E-01   -0.37020E-02   -0.26063E-02    0.11664E-02    0.10718E-02   -0.77384E-03    0.27778E-03    0.71197E-04    0.28038E-03    0.43030E-04    0.80583E-03    0.39290E-03    0.33572E-03
   -0.78255E-05    0.43292E-04   -0.23456E-04   -0.35521E-03   -0.56888E-03   -0.23211E-03   -0.68881E-03   -0.41254E+01   -0.24629E+00   -0.11303E+00   -0.66252E-02    0.99086E-01    0.41084E-01   -0.28228E-02    0.16720E-02    0.44707E-02    0.92493E-05    0.31848E-04   -0.93719E-02   -0.48286E-01   -0.47972E-01    0.18343E+00   -0.17034E-01   -0.81148E-01    0.48128E-01   -0.36202E-01    0.97044E+00    0.72536E-02    0.15156E-02   -0.50321E-02    0.45040E-01   -0.15690E-01   -0.50631E-01   -0.20410E-02    0.17007E+00   -0.10035E+00    0.25068E+00    0.75837E+00    0.29268E+00   -0.18682E+00    0.49373E-02   -0.83072E-01   -0.18596E-01    0.71849E-02   -0.47957E-01    0.41366E-03    0.27039E-02   -0.74047E-04   -0.53550E-03    0.40808E-03    0.58807E-04   -0.11306E-03    0.14940E-03   -0.13148E-03    0.41611E-03    0.38819E-03    0.48589E-03
    0.11050E-04   -0.26464E-04    0.16110E-04   -0.36303E-05    0.69595E-03    0.37938E-03    0.13080E-03   -0.10484E+01   -0.14442E+00    0.91983E-01   -0.69667E-02   -0.16301E+00   -0.36800E-01   -0.59010E-03    0.82218E-03   -0.52475E-02   -0.11698E-05   -0.44699E-05    0.64923E-02    0.43154E-01   -0.44653E-01    0.40362E-01    0.15798E+00    0.63810E-01   -0.27467E-01   -0.34313E-01    0.72536E-02    0.98651E+00   -0.10791E-01   -0.41722E-03    0.87199E-01   -0.60945E-01    0.13618E+00    0.15790E+00   -0.13839E+00   -0.21056E+00    0.61890E+00    0.14362E+00   -0.60936E+00    0.17858E+00    0.15992E-01    0.22432E+00    0.63616E-02    0.14234E-01    0.72550E-01   -0.47146E-03   -0.43149E-03   -0.42616E-03    0.19786E-02    0.14579E-02    0.71985E-04    0.28868E-03    0.16262E-03    0.36705E-03   -0.19370E-04   -0.67823E-04   -0.34407E-03
   -0.91943E-06    0.10782E-03   -0.28590E-04    0.19884E-04   -0.39290E-03   -0.41166E-03    0.23747E-03   -0.86065E+00   -0.35850E+00   -0.18007E+00    0.10294E-01    0.26352E+00    0.31903E-01   -0.15793E-02    0.73323E-03    0.90277E-02   -0.21563E-05   -0.33091E-04   -0.35350E-02   -0.45033E-01   -0.29227E-02   -0.57050E-03   -0.56799E-01   -0.94528E-01    0.12782E-01   -0.47561E-01    0.15156E-02   -0.10791E-01    0.99238E+00   -0.23341E-01   -0.19925E-01   -0.95734E-01   -0.13554E+00   -0.35393E-01   -0.86132E-01   -0.10257E+00    0.73766E-01   -0.44873E-01    0.32032E+00    0.65276E+00   -0.15709E-03   -0.21534E+00    0.98992E-02   -0.46160E-02   -0.14186E+00    0.82442E-03    0.25596E-02    0.24422E-03   -0.50377E-02    0.21261E-02   -0.12386E-04   -0.14913E-04   -0.37828E-04    0.45423E-04    0.12628E-04    0.29548E-03   -0.63647E-03
    0.57717E-05   -0.14402E-04    0.15471E-04    0.28477E-03    0.42967E-03    0.13168E-03    0.60118E-03   -0.14808E+01    0.10272E+00    0.12105E+00    0.74660E-02   -0.13858E+00   -0.22921E-03    0.12422E-02    0.72146E-03   -0.55547E-02    0.43137E-05    0.57437E-04    0.60827E-02    0.23726E-01   -0.59422E-01    0.37181E-01    0.88321E-01    0.39842E-01    0.94034E-01   -0.31321E-01   -0.50321E-02   -0.41722E-03   -0.23341E-01    0.99931E+00   -0.65031E-01    0.66676E-01    0.45652E-01    0.14924E+00    0.38960E-01    0.10247E+00   -0.57632E+00    0.37895E+00   -0.35868E+00    0.21148E+00    0.21984E-01    0.18992E+00    0.22133E-01    0.14193E-01    0.81235E-01   -0.40347E-03    0.24542E-02    0.12733E-04    0.22777E-02   -0.26925E-02   -0.87645E-04   -0.36896E-04    0.44722E-04    0.19937E-03   -0.27367E-03   -0.13536E-03    0.55637E-03
   -0.33913E-06   -0.21000E-04    0.14982E-04   -0.99637E-04    0.32678E-03    0.33923E-03   -0.17955E-03   -0.48206E-01   -0.11872E+00    0.10015E+00    0.13446E-01   -0.18075E+00   -0.41093E-01   -0.90013E-03    0.45449E-03   -0.72180E-02    0.86758E-05   -0.34319E-03    0.70756E-02    0.26427E-01    0.12557E-01   -0.11695E+00   -0.17173E-01    0.75857E-01    0.74083E-01    0.89821E-01    0.45040E-01    0.87199E-01   -0.19925E-01   -0.65031E-01    0.82122E+00    0.34813E-01   -0.32503E-01   -0.41775E-02    0.70015E-02    0.58031E+00    0.18980E+00    0.10010E+00    0.37705E-01   -0.71375E-01    0.19213E-01    0.20856E+00    0.54452E-01    0.12875E-01    0.18085E+00   -0.11194E-02   -0.20118E-02   -0.94320E-03    0.51288E-03   -0.59113E-03    0.65371E-05    0.19885E-03   -0.42899E-04    0.31072E-03    0.12314E-03   -0.20232E-04   -0.96393E-05
    0.42805E-06    0.93045E-05    0.45620E-04    0.11159E-03    0.61087E-03    0.26505E-03    0.45271E-03    0.72906E+00    0.46067E+00    0.59790E+00   -0.95714E-02   -0.44547E+00   -0.23645E-01    0.71934E-03   -0.10500E-02   -0.12124E-01   -0.98142E-05    0.34416E-04    0.29451E-02    0.44955E-01    0.41937E-01   -0.11298E-01    0.39859E-01    0.12091E+00   -0.75977E-01    0.11721E+00   -0.15690E-01   -0.60945E-01   -0.95734E-01    0.66676E-01    0.34813E-01    0.97382E+00    0.72513E-04   -0.55317E-02   -0.27140E-01    0.12022E+00    0.15194E+00   -0.16265E-01    0.14866E+00    0.15761E+00    0.18483E-01    0.39033E+00   -0.14803E-01    0.12398E-01    0.23551E+00   -0.12199E-02   -0.58736E-03    0.66941E-04   -0.30770E-03   -0.31626E-02    0.13056E-03    0.19296E-03    0.19838E-03    0.15514E-04   -0.42801E-04   -0.30239E-04   -0.38909E-03
    0.43760E-05    0.72951E-05    0.41728E-05    0.76534E-04    0.78468E-04   -0.10126E-03    0.19011E-03    0.25681E+00   -0.18071E-01   -0.10176E+00   -0.13712E-01    0.28618E-01   -0.25666E-01    0.11687E-02    0.41002E-03    0.11172E-02    0.12669E-05   -0.89272E-04    0.46165E-02    0.43182E-01   -0.37816E-01    0.20598E-01   -0.29296E-01    0.33190E-01   -0.86033E-01   -0.11238E+00   -0.50631E-01    0.13618E+00   -0.13554E+00    0.45652E-01   -0.32503E-01    0.72513E-04    0.99315E+00   -0.57890E-02   -0.14756E-01   -0.14257E+00    0.34188E-01    0.16117E+00    0.35643E-01   -0.52764E-01    0.10148E-01    0.17632E-01   -0.12953E-01    0.98128E-02    0.25502E-01    0.10913E-03    0.50571E-03   -0.74863E-04   -0.45775E-03    0.65304E-02    0.29560E-04    0.63527E-04   -0.30896E-05    0.90441E-05   -0.11532E-04   -0.28663E-04    0.44420E-03
   -0.23695E-05    0.32679E-04    0.91460E-05   -0.22949E-03    0.40403E-03    0.30286E-04   -0.32984E-03   -0.77560E+00    0.12008E+00    0.35206E+00    0.41986E-02   -0.30163E+00   -0.36460E-01   -0.69318E-04    0.10566E-02   -0.84177E-02   -0.48934E-05    0.28829E-04    0.17331E-01    0.99425E-01   -0.47114E-01    0.26747E-01    0.45107E-02    0.13160E+00    0.46949E-01   -0.21772E-01   -0.20410E-02    0.15790E+00   -0.35393E-01    0.14924E+00   -0.41775E-02   -0.55317E-02   -0.57890E-02    0.96587E+00    0.10444E-01   -0.37039E-01    0.26596E-01    0.14217E+00   -0.26989E+00    0.99422E-01    0.17964E-01    0.24057E+00    0.35823E-03    0.15661E-01    0.11728E+00    0.19647E-02    0.27372E-02   -0.79645E-04   -0.84492E-03   -0.10780E-02    0.20053E-03    0.12461E-04    0.48915E-04    0.97388E-04   -0.10122E-03   -0.29418E-04   -0.19391E-03
   -0.10790E-04    0.16322E-04   -0.63376E-05   -0.56062E-03   -0.35542E-03   -0.26882E-03   -0.12659E-02   -0.35484E+01    0.27708E-01    0.57417E-01   -0.11165E-01   -0.18002E+00   -0.17683E-01    0.48684E-03    0.53657E-03   -0.56972E-02    0.31726E-05    0.11690E-04    0.64959E-02    0.61334E-01   -0.12927E+00    0.17456E+00    0.11489E+00   -0.11912E+00    0.52998E-01   -0.59114E-01    0.17007E+00   -0.13839E+00   -0.86132E-01    0.38960E-01    0.70015E-02   -0.27140E-01   -0.14756E-01    0.10444E-01    0.99532E+00   -0.27527E-01   -0.64430E-01    0.55832E-01    0.18031E+00   -0.97883E-01    0.74143E-02    0.10750E+00    0.10025E-01    0.51341E-02    0.12440E+00   -0.10299E-02   -0.70215E-03    0.12952E-03   -0.27829E-02    0.65759E-02    0.66970E-04   -0.17355E-03    0.97114E-04   -0.60500E-04    0.45145E-03   -0.47217E-04    0.27778E-03
    0.37755E-05   -0.40495E-04    0.22060E-04   -0.12269E-03    0.34363E-03    0.51670E-03   -0.11954E-04   -0.77104E+00    0.36769E+00    0.39989E-01   -0.13672E-01   -0.10920E+00   -0.15412E-01    0.13175E-02   -0.15352E-02   -0.28961E-02    0.11527E-04    0.73207E-04   -0.22558E-02    0.24823E-01    0.15865E+00   -0.22535E+00   -0.68735E-01    0.88370E-01    0.11143E+00    0.66204E+00   -0.10035E+00   -0.21056E+00   -0.10257E+00    0.10247E+00    0.58031E+00    0.12022E+00   -0.14257E+00   -0.37039E-01   -0.27527E-01    0.97151E+00   -0.24941E-01   -0.21066E-01    0.13581E-01   -0.20326E-01    0.28420E-02    0.10051E+00    0.56810E-01    0.10745E-02    0.90206E-01   -0.33778E-02   -0.31908E-02    0.31834E-03    0.12749E-02   -0.22367E-02    0.15512E-03    0.15470E-03    0.11973E-03    0.20812E-03    0.54597E-03    0.19823E-03    0.44053E-03
    0.30439E-05    0.15721E-04    0.40764E-05   -0.34879E-03    0.16276E-03    0.16831E-03   -0.44283E-03   -0.17994E+01   -0.46848E-01    0.99337E-01   -0.21156E-01   -0.13245E+00   -0.18739E-01   -0.13008E-02   -0.13425E-03   -0.18480E-02    0.10767E-05    0.49867E-04   -0.31003E-02    0.19068E-01    0.32970E-01    0.25230E-01    0.94008E-02    0.42582E-01   -0.73727E-01    0.21290E+00    0.25068E+00    0.61890E+00    0.73766E-01   -0.57632E+00    0.18980E+00    0.15194E+00    0.34188E-01    0.26596E-01   -0.64430E-01   -0.24941E-01    0.97984E+00    0.21224E-02    0.25660E-01   -0.36391E-02    0.35336E-02    0.11006E+00    0.56595E-03    0.78664E-02    0.56737E-01   -0.16776E-02   -0.17807E-02    0.27534E-04    0.37994E-04    0.24600E-02    0.25164E-03    0.20856E-03    0.25317E-03    0.11202E-03    0.60439E-03    0.29359E-03   -0.60409E-03
   -0.18758E-05    0.30526E-04    0.31361E-05   -0.21454E-04    0.78697E-04    0.97136E-05    0.10585E-03   -0.22338E+01   -0.17964E+00    0.39067E-01    0.33966E-02    0.29468E-01    0.90498E-02   -0.26375E-02    0.27056E-02    0.31751E-02    0.58159E-05   -0.42034E-04    0.19353E-02    0.13509E-01   -0.18688E-01    0.10249E+00    0.25620E-01   -0.52476E-02    0.83376E-01   -0.68499E-01    0.75837E+00    0.14362E+00   -0.44873E-01    0.37895E+00    0.10010E+00   -0.16265E-01    0.16117E+00    0.14217E+00    0.55832E-01   -0.21066E-01    0.21224E-02    0.97070E+00   -0.13621E-01    0.64331E-02    0.16789E-01   -0.16299E-01   -0.59741E-02    0.78817E-02   -0.35797E-01    0.85783E-03    0.37893E-02   -0.34276E-03    0.44066E-03   -0.21647E-02   -0.83806E-04   -0.13067E-03    0.87809E-04    0.34102E-04   -0.32954E-04    0.15707E-03    0.73551E-03
   -0.14348E-04    0.75470E-04   -0.29590E-04   -0.27439E-03   -0.90018E-03   -0.53035E-03   -0.58724E-03   -0.16689E+00   -0.84573E-01   -0.33394E-01    0.67441E-02    0.15724E+00    0.24202E-01   -0.27244E-02    0.34856E-03    0.74720E-02   -0.24232E-05   -0.94113E-04   -0.89129E-02   -0.52949E-01    0.26919E-01    0.29659E-01   -0.20253E+00   -0.10882E+00   -0.46711E-01   -0.20003E-01    0.29268E+00   -0.60936E+00    0.32032E+00   -0.35868E+00    0.37705E-01    0.14866E+00    0.35643E-01   -0.26989E+00    0.18031E+00    0.13581E-01    0.25660E-01   -0.13621E-01    0.98360E+00   -0.25357E-02   -0.62213E-02   -0.21755E+00   -0.17123E-02   -0.12671E-01   -0.52171E-01    0.54329E-03    0.50155E-03   -0.54788E-04   -0.33574E-02    0.11042E-02    0.64818E-04   -0.30606E-03   -0.51405E-04   -0.33777E-03    0.33828E-03    0.37806E-03   -0.84897E-04
    0.75468E-06    0.79913E-04   -0.81395E-05    0.14824E-03   -0.21108E-04   -0.18243E-03    0.51597E-03    0.25247E+01    0.46974E-02   -0.18442E+00    0.26494E-01    0.31707E+00    0.30065E-01   -0.14380E-02    0.10676E-02    0.97125E-02   -0.75831E-05   -0.90154E-05   -0.52087E-03   -0.49892E-01    0.90995E-01   -0.19741E+00    0.56380E-01    0.24868E-01   -0.28976E-01    0.64813E-01   -0.18682E+00    0.17858E+00    0.65276E+00    0.21148E+00   -0.71375E-01    0.15761E+00   -0.52764E-01    0.99422E-01   -0.97883E-01   -0.20326E-01   -0.36391E-02    0.64331E-02   -0.25357E-02    0.95082E+00    0.45390E-02   -0.20754E+00    0.17213E-01   -0.10575E-01   -0.22111E+00    0.13833E-02    0.29774E-02    0.14244E-03   -0.47728E-02    0.80771E-03    0.40384E-04   -0.22004E-04    0.23923E-04    0.13465E-03   -0.18473E-03    0.37340E-04   -0.24652E-03
   -0.44445E-05   -0.42158E-05   -0.30889E-04   -0.16212E-03   -0.12878E-02   -0.41912E-03   -0.68672E-03    0.20629E+00    0.51417E-01   -0.38246E-01    0.87085E-01   -0.34854E+00   -0.57250E-01   -0.16493E-02    0.57102E-02   -0.98046E-02   -0.26900E-05    0.58166E-04    0.66598E-01    0.64255E-01   -0.30603E-01    0.13399E-02    0.19639E-01   -0.36510E-02   -0.13691E-02   -0.11456E-01    0.49373E-02    0.15992E-01   -0.15709E-03    0.21984E-01    0.19213E-01    0.18483E-01    0.10148E-01    0.17964E-01    0.74143E-02    0.28420E-02    0.35336E-02    0.16789E-01   -0.62213E-02    0.45390E-02    0.34891E+00    0.22283E+00    0.15467E-01    0.16668E+00    0.54681E+00    0.15105E-01    0.18657E-01   -0.48150E-02   -0.18725E-02   -0.19434E-02    0.82169E-03    0.45817E-05    0.84915E-03    0.14716E-03   -0.50492E-04    0.45246E-03    0.19887E-02
   -0.74972E-05   -0.29986E-03   -0.25369E-03    0.40036E-03   -0.87574E-02   -0.22165E-02   -0.24459E-02   -0.11970E+01   -0.34295E+01    0.15410E+02   -0.62873E-01   -0.11082E+02   -0.52494E+00   -0.13639E+00    0.38469E-03   -0.18978E+00   -0.33686E-04    0.32775E-03    0.10462E+00    0.84180E+00   -0.16850E+00    0.21504E+00    0.30668E-01   -0.35396E-01    0.10441E-01   -0.29379E-01   -0.83072E-01    0.22432E+00   -0.21534E+00    0.18992E+00    0.20856E+00    0.39033E+00    0.17632E-01    0.24057E+00    0.10750E+00    0.10051E+00    0.11006E+00   -0.16299E-01   -0.21755E+00   -0.20754E+00    0.22283E+00    0.15726E+02    0.21719E+00    0.41124E+00    0.60326E+01    0.96891E-03   -0.41106E-01   -0.15398E-01    0.76488E-02    0.18415E-01    0.31863E-02    0.21993E-01    0.32709E-02    0.14153E-01    0.33884E-02    0.52678E-02   -0.54514E-02
   -0.13184E-04   -0.75354E-04   -0.89544E-04    0.18622E-03   -0.31365E-02   -0.80329E-03   -0.56713E-03    0.46799E+01    0.18924E+00   -0.12071E+01   -0.20354E+00    0.12376E+00   -0.69796E+00   -0.76736E-02   -0.11520E-01    0.56967E-02    0.46279E-05    0.66612E-04   -0.11587E-01    0.13469E+00   -0.19048E-01   -0.33922E-01    0.84721E-02    0.52719E-01   -0.33706E-02    0.24054E-01   -0.18596E-01    0.63616E-02    0.98992E-02    0.22133E-01    0.54452E-01   -0.14803E-01   -0.12953E-01    0.35823E-03    0.10025E-01    0.56810E-01    0.56595E-03   -0.59741E-02   -0.17123E-02    0.17213E-01    0.15467E-01    0.21719E+00    0.22103E+01   -0.10580E-01    0.24152E+00   -0.93480E-01   -0.11106E+00   -0.50574E-02    0.78962E-03   -0.61902E-02   -0.16226E-03    0.20121E-02   -0.14924E-03    0.18383E-02    0.15979E-02    0.40983E-03    0.76597E-03
   -0.12373E-04   -0.43126E-06   -0.89814E-04   -0.17748E-03   -0.28258E-02   -0.10532E-02   -0.11317E-02   -0.86154E+00   -0.74815E+00    0.44263E-01    0.24521E-02   -0.65493E+00   -0.68661E-01   -0.41434E-02    0.33994E-02   -0.10565E-01    0.80404E-06    0.33919E-04    0.56132E-01    0.17322E+00   -0.29287E-01    0.38777E-02   -0.20498E-02   -0.86498E-02   -0.40647E-02   -0.72002E-02    0.71849E-02    0.14234E-01   -0.46160E-02    0.14193E-01    0.12875E-01    0.12398E-01    0.98128E-02    0.15661E-01    0.51341E-02    0.10745E-02    0.78664E-02    0.78817E-02   -0.12671E-01   -0.10575E-01    0.16668E+00    0.41124E+00   -0.10580E-01    0.26090E+00    0.42304E+00    0.88402E-02    0.15402E-01   -0.52240E-03    0.13781E-02    0.38134E-02    0.48950E-03    0.54945E-05    0.45524E-03    0.86812E-04    0.92073E-03    0.84586E-03    0.68774E-03
   -0.70543E-04   -0.15231E-03   -0.31999E-03   -0.15249E-02   -0.11689E-01   -0.36752E-02   -0.70812E-02    0.21812E+00   -0.33307E+01    0.67468E+01    0.43370E-01   -0.74491E+01   -0.97661E+00   -0.10051E+00    0.55162E-02   -0.13844E+00   -0.14954E-04    0.46828E-03    0.19845E+00    0.14649E+01   -0.19783E+00    0.16885E+00    0.43960E-01   -0.65538E-03    0.49942E-01   -0.34912E-01   -0.47957E-01    0.72550E-01   -0.14186E+00    0.81235E-01    0.18085E+00    0.23551E+00    0.25502E-01    0.11728E+00    0.12440E+00    0.90206E-01    0.56737E-01   -0.35797E-01   -0.52171E-01   -0.22111E+00    0.54681E+00    0.60326E+01    0.24152E+00    0.42304E+00    0.17086E+02    0.10610E-01   -0.57730E-01   -0.26595E-01   -0.30055E-01   -0.10222E-01    0.30988E-02    0.56073E-02    0.33950E-02    0.21685E-02    0.49893E-02    0.74463E-02    0.31669E-01
    0.62500E-06    0.39405E-05    0.33468E-05   -0.26002E-05    0.10135E-03    0.17966E-04    0.19495E-04    0.18064E-02    0.34631E-01   -0.23535E-01    0.50986E-01    0.38316E-01    0.41684E-01    0.23654E-03    0.20407E-03   -0.94044E-03   -0.11619E-06    0.68365E-05    0.63112E-02   -0.37078E-01   -0.71450E-03    0.11555E-02    0.10803E-02   -0.16288E-02    0.12341E-03   -0.37020E-02    0.41366E-03   -0.47146E-03    0.82442E-03   -0.40347E-03   -0.11194E-02   -0.12199E-02    0.10913E-03    0.19647E-02   -0.10299E-02   -0.33778E-02   -0.16776E-02    0.85783E-03    0.54329E-03    0.13833E-02    0.15105E-01    0.96891E-03   -0.93480E-01    0.88402E-02    0.10610E-01    0.89452E-02    0.85842E-02   -0.19249E-03    0.26919E-04    0.28569E-03    0.90759E-05   -0.29246E-04    0.17968E-04   -0.21913E-04   -0.85642E-04    0.30110E-04    0.19587E-03
