# omegabh2 omegach2 theta tau ns nrun logA r aps100 aps143 aps217 acib143 acib217 asz143 psr cibr ncib cal0 cal2 xi aksz bm_1_1 bm_1_2 bm_1_3 bm_1_4 bm_1_5 bm_2_1 bm_2_2 bm_2_3 bm_2_4 bm_2_5 bm_3_1 bm_3_2 bm_3_3 bm_3_4 bm_3_5 bm_4_1 bm_4_2 bm_4_3 bm_4_4 bm_4_5
    0.39259E-06   -0.21274E-05    0.38230E-06    0.37601E-04    0.78083E-05   -0.93469E-05    0.71924E-04    0.69178E-05   -0.48424E-02   -0.11691E-02   -0.27041E-03   -0.41795E-03   -0.52375E-03   -0.88397E-05    0.16207E-05   -0.15895E-04   -0.13926E-05    0.35921E-08   -0.33848E-07    0.52785E-05   -0.13490E-03   -0.21280E-04   -0.62835E-05    0.58396E-06    0.27096E-05    0.12392E-04    0.53582E-06    0.32300E-05   -0.27201E-05   -0.82224E-05    0.40113E-05   -0.33325E-05    0.61104E-05   -0.24107E-05    0.16242E-05    0.42920E-05    0.64088E-06   -0.33129E-05    0.62073E-06   -0.94702E-05   -0.61478E-05
   -0.21274E-05    0.16623E-04   -0.24638E-05   -0.22435E-03   -0.55008E-04    0.46704E-04   -0.41657E-03   -0.35662E-04    0.30698E-01    0.81412E-02    0.20458E-02    0.23433E-02    0.31422E-02    0.50830E-04   -0.12535E-04    0.10415E-03    0.65929E-05   -0.28643E-07    0.18567E-06   -0.18740E-04    0.72601E-03    0.19610E-03   -0.35027E-04   -0.18566E-04    0.37237E-04   -0.56087E-04    0.60960E-05   -0.70465E-04    0.41868E-04    0.83261E-05   -0.40331E-04    0.72951E-04   -0.54965E-04    0.28139E-04   -0.12036E-05   -0.52286E-04    0.44619E-04    0.20238E-04   -0.23059E-04   -0.90473E-05    0.14618E-04
    0.38230E-06   -0.24638E-05    0.69646E-06    0.38126E-04    0.89794E-05   -0.83927E-05    0.72064E-04    0.56055E-05   -0.45604E-02   -0.12159E-02   -0.47262E-03   -0.34149E-03   -0.39347E-03   -0.43244E-05    0.17894E-05   -0.11072E-04   -0.41637E-06   -0.18892E-08   -0.11646E-07    0.77163E-06   -0.15668E-03   -0.23319E-04    0.22118E-05    0.10437E-04    0.45973E-05    0.19162E-04    0.23975E-05    0.15086E-04   -0.48603E-05   -0.17707E-04   -0.26594E-05   -0.84942E-05    0.61736E-05    0.28226E-05    0.21298E-05   -0.75894E-05   -0.35519E-05    0.37897E-05    0.23348E-05   -0.15887E-05   -0.24498E-04
    0.37601E-04   -0.22435E-03    0.38126E-04    0.47372E-02    0.85544E-03   -0.10363E-02    0.91075E-02    0.16166E-03   -0.61181E+00   -0.97997E-01    0.69146E-02   -0.53388E-01   -0.64775E-01   -0.43517E-02    0.29760E-03   -0.21094E-02   -0.68628E-04    0.27278E-06   -0.33199E-05    0.47111E-03   -0.15015E-01   -0.21873E-02    0.20227E-02    0.10953E-03   -0.49662E-04    0.13497E-02    0.23518E-03    0.13608E-02    0.71879E-03   -0.53109E-03    0.10699E-02   -0.17694E-02    0.81653E-03   -0.10024E-02    0.59340E-04    0.10818E-02   -0.10189E-02    0.33852E-03    0.58318E-03   -0.17131E-02   -0.85055E-03
    0.78083E-05   -0.55008E-04    0.89794E-05    0.85544E-03    0.21843E-03   -0.16366E-03    0.16066E-02    0.11054E-03   -0.21074E+00   -0.26392E-01    0.16978E-01   -0.20727E-01   -0.24867E-01   -0.93055E-03    0.14715E-03   -0.78020E-03    0.16431E-05    0.13461E-06   -0.10373E-05    0.15193E-03   -0.70038E-02   -0.39649E-03    0.13510E-03   -0.14720E-03   -0.10679E-03    0.16343E-03    0.37105E-03    0.40354E-03   -0.27831E-03   -0.11464E-03    0.83342E-05   -0.58451E-03    0.18967E-03   -0.15342E-03   -0.76477E-05    0.19790E-03   -0.84434E-04    0.24591E-04    0.49577E-04    0.12202E-03   -0.94702E-04
   -0.93469E-05    0.46704E-04   -0.83927E-05   -0.10363E-02   -0.16366E-03    0.34221E-03   -0.20200E-02   -0.37164E-03    0.11910E-01    0.11619E-01    0.17225E-01   -0.35438E-02   -0.31620E-02    0.47099E-03    0.20343E-04   -0.63393E-05    0.24000E-05   -0.10502E-06   -0.42432E-07   -0.72154E-04   -0.12914E-02    0.11852E-03   -0.35606E-03   -0.48322E-04   -0.66999E-04   -0.54055E-03   -0.11668E-03   -0.16733E-04   -0.29151E-03    0.27173E-03   -0.31353E-03   -0.19227E-03   -0.42253E-03    0.20351E-03    0.19828E-03   -0.68207E-04   -0.24419E-03   -0.92303E-04   -0.23336E-03    0.60266E-03    0.28023E-03
    0.71924E-04   -0.41657E-03    0.72064E-04    0.91075E-02    0.16066E-02   -0.20200E-02    0.17558E-01    0.29790E-03   -0.11768E+01   -0.16944E+00    0.25068E-01   -0.10553E+00   -0.12502E+00   -0.10106E-01    0.60595E-03   -0.41603E-02   -0.62927E-04    0.59149E-06   -0.59939E-05    0.96609E-03   -0.29714E-01   -0.32377E-02    0.41248E-02    0.20186E-03    0.35317E-04    0.27442E-02    0.79461E-03    0.25852E-02    0.16398E-02   -0.11704E-02    0.19544E-02   -0.33338E-02    0.14981E-02   -0.19534E-02    0.73123E-04    0.18761E-02   -0.17084E-02    0.90567E-03    0.11444E-02   -0.36053E-02   -0.18007E-02
    0.69178E-05   -0.35662E-04    0.56055E-05    0.16166E-03    0.11054E-03   -0.37164E-03    0.29790E-03    0.50690E-02    0.14678E+00   -0.22518E-01   -0.30998E-01    0.24425E-01    0.22457E-01    0.25355E-02    0.61240E-04    0.50799E-03    0.33132E-04    0.33188E-06    0.10162E-07   -0.13584E-03    0.10209E-01    0.73074E-03    0.17853E-03    0.27484E-03    0.94240E-04    0.66585E-03    0.33626E-03    0.10562E-02   -0.17300E-02   -0.68987E-03   -0.88737E-03    0.49960E-03    0.16903E-02   -0.13671E-02   -0.75277E-03    0.11951E-02    0.76565E-03   -0.16497E-03    0.36884E-03    0.16976E-02   -0.79137E-03
   -0.48424E-02    0.30698E-01   -0.45604E-02   -0.61181E+00   -0.21074E+00    0.11910E-01   -0.11768E+01    0.14678E+00    0.28375E+04    0.62542E+02   -0.19083E+03    0.14138E+03    0.13654E+03   -0.66685E+02   -0.12838E+01    0.14149E+01    0.11325E+01    0.28547E-03    0.39899E-03   -0.72116E+00   -0.86236E+01    0.98273E+01   -0.81635E+01    0.18540E+00    0.10729E+00    0.30385E+00   -0.82191E+00   -0.46036E+01    0.96207E+00    0.13665E+01   -0.42697E+00    0.28754E+01    0.68483E+00   -0.42624E-03   -0.17898E+01   -0.35008E+01    0.15334E+01   -0.66315E+00   -0.13912E+01   -0.10040E+01    0.37651E+01
   -0.11691E-02    0.81412E-02   -0.12159E-02   -0.97997E-01   -0.26392E-01    0.11619E-01   -0.16944E+00   -0.22518E-01    0.62542E+02    0.19581E+03    0.58858E+02   -0.33489E+02   -0.95022E+01   -0.89999E+01   -0.23859E+00   -0.15541E+00   -0.13103E+00    0.16334E-03    0.33763E-02    0.12118E+01   -0.12719E+02    0.14606E+01    0.42726E+00    0.30480E+00    0.18602E+00    0.25687E+00   -0.15326E+01   -0.76935E+00    0.46660E+00   -0.10268E+00   -0.77324E-01    0.13240E+01    0.13494E+00    0.33892E+00   -0.23616E+00   -0.43660E+00   -0.28601E+00   -0.14205E+00   -0.15740E+00   -0.32510E+00   -0.66977E-01
   -0.27041E-03    0.20458E-02   -0.47262E-03    0.69146E-02    0.16978E-01    0.17225E-01    0.25068E-01   -0.30998E-01   -0.19083E+03    0.58858E+02    0.21528E+03   -0.36763E+02   -0.76383E+02    0.43803E+01    0.40436E-01   -0.10461E+01   -0.97533E+00    0.27575E-03   -0.48064E-02    0.40321E+00   -0.12377E+02    0.14595E+01    0.91446E+00   -0.35515E+00    0.22700E+00    0.30094E+00    0.12324E+01    0.56928E+00   -0.53215E+00   -0.31495E+00    0.49388E+00   -0.15605E+01    0.78647E+00   -0.13984E+00    0.93470E+00    0.77238E-01   -0.12039E-01   -0.36868E-01    0.39203E+00    0.22954E+00   -0.38507E+00
   -0.41795E-03    0.23433E-02   -0.34149E-03   -0.53388E-01   -0.20727E-01   -0.35438E-02   -0.10553E+00    0.24425E-01    0.14138E+03   -0.33489E+02   -0.36763E+02    0.28524E+02    0.20627E+02   -0.18963E+01   -0.20970E-01    0.33396E+00    0.18351E+00   -0.15612E-03   -0.84248E-03    0.22043E-01    0.12146E+00   -0.91794E+00   -0.44029E+00   -0.91135E-01   -0.53434E-01    0.16442E-01    0.64926E+00    0.17350E+00   -0.26899E-02    0.27853E+00    0.84424E-01   -0.15627E+00   -0.38233E-01   -0.18204E+00   -0.81541E-01    0.44345E-01    0.36886E+00    0.12932E+00    0.10589E+00   -0.69106E-02    0.29900E+00
   -0.52375E-03    0.31422E-02   -0.39347E-03   -0.64775E-01   -0.24867E-01   -0.31620E-02   -0.12502E+00    0.22457E-01    0.13654E+03   -0.95022E+01   -0.76383E+02    0.20627E+02    0.37577E+02   -0.23225E+01    0.27284E-01    0.48848E+00    0.49982E+00   -0.11589E-03    0.20352E-02   -0.20605E+00   -0.47696E-01   -0.49682E+00   -0.39950E+00    0.11708E+00   -0.13076E+00   -0.78943E-01   -0.49079E+00   -0.19893E+00    0.21761E+00    0.35480E+00   -0.27661E+00    0.64757E+00   -0.45750E+00   -0.10287E-01   -0.49163E+00   -0.15424E+00    0.97040E-02    0.19004E-01   -0.11757E+00   -0.65967E-01    0.33917E+00
   -0.88397E-05    0.50830E-04   -0.43244E-05   -0.43517E-02   -0.93055E-03    0.47099E-03   -0.10106E-01    0.25355E-02   -0.66685E+02   -0.89999E+01    0.43803E+01   -0.18963E+01   -0.23225E+01    0.80283E+01    0.49441E-01    0.26872E+00   -0.14814E+00   -0.14726E-04   -0.75236E-04   -0.10549E-01    0.29978E-01    0.20505E+00    0.79549E-02    0.11097E-01   -0.34164E-01   -0.60012E-01   -0.26098E-01    0.37099E-01   -0.14164E+00   -0.39532E-01   -0.31124E-01   -0.57017E-01   -0.65793E-02   -0.20664E-01    0.18482E-01    0.13014E-01   -0.25960E-01   -0.93157E-01   -0.21861E-02    0.95590E-01   -0.27643E-01
    0.16207E-05   -0.12535E-04    0.17894E-05    0.29760E-03    0.14715E-03    0.20343E-04    0.60595E-03    0.61240E-04   -0.12838E+01   -0.23859E+00    0.40436E-01   -0.20970E-01    0.27284E-01    0.49441E-01    0.87601E-02   -0.77465E-02    0.79413E-02    0.22965E-05   -0.30012E-04    0.39444E-02   -0.26703E-01    0.10495E-01    0.55737E-02    0.16236E-02   -0.35113E-02    0.67048E-03    0.44008E-02   -0.87020E-03   -0.16018E-02   -0.37771E-02   -0.23673E-02   -0.13012E-01   -0.26097E-02   -0.30547E-02   -0.25149E-02    0.56456E-03   -0.46167E-02   -0.16419E-02   -0.60331E-02   -0.51303E-02   -0.43450E-02
   -0.15895E-04    0.10415E-03   -0.11072E-04   -0.21094E-02   -0.78020E-03   -0.63393E-05   -0.41603E-02    0.50799E-03    0.14149E+01   -0.15541E+00   -0.10461E+01    0.33396E+00    0.48848E+00    0.26872E+00   -0.77465E-02    0.44373E-01   -0.12387E-01   -0.86384E-05    0.92003E-04   -0.46024E-03    0.25618E-02   -0.12794E-01   -0.18632E-01   -0.11599E-02   -0.36253E-02   -0.37454E-02   -0.16008E-01   -0.61147E-02    0.57825E-02    0.21375E-02   -0.21409E-02    0.32147E-01    0.48871E-03   -0.11240E-02   -0.37119E-02   -0.23075E-02    0.82060E-02    0.18595E-02    0.21209E-02    0.36611E-02    0.33715E-02
   -0.13926E-05    0.65929E-05   -0.41637E-06   -0.68628E-04    0.16431E-05    0.24000E-05   -0.62927E-04    0.33132E-04    0.11325E+01   -0.13103E+00   -0.97533E+00    0.18351E+00    0.49982E+00   -0.14814E+00    0.79413E-02   -0.12387E-01    0.21399E-01    0.27911E-05   -0.19635E-04   -0.25544E-02   -0.12683E-01    0.74959E-02   -0.29326E-02    0.17034E-02   -0.66867E-02   -0.13136E-02    0.70731E-03    0.15994E-02   -0.41049E-03    0.85836E-02   -0.13905E-01   -0.13578E-01   -0.20704E-01   -0.86236E-03   -0.17529E-01   -0.71074E-02   -0.10059E-01    0.84756E-03   -0.46830E-02    0.52764E-03    0.84814E-02
    0.35921E-08   -0.28643E-07   -0.18892E-08    0.27278E-06    0.13461E-06   -0.10502E-06    0.59149E-06    0.33188E-06    0.28547E-03    0.16334E-03    0.27575E-03   -0.15612E-03   -0.11589E-03   -0.14726E-04    0.22965E-05   -0.86384E-05    0.27911E-05    0.16270E-06    0.16568E-09   -0.19700E-06    0.13888E-04   -0.17696E-04    0.80058E-06    0.22055E-05   -0.23263E-05    0.20415E-05    0.11971E-04    0.53598E-06   -0.13969E-05   -0.25725E-07    0.29632E-05   -0.55748E-05   -0.62220E-05    0.29196E-05    0.27336E-06    0.41555E-05    0.62777E-05   -0.87172E-06   -0.25815E-05   -0.74877E-05   -0.18201E-05
   -0.33848E-07    0.18567E-06   -0.11646E-07   -0.33199E-05   -0.10373E-05   -0.42432E-07   -0.59939E-05    0.10162E-07    0.39899E-03    0.33763E-02   -0.48064E-02   -0.84248E-03    0.20352E-02   -0.75236E-04   -0.30012E-04    0.92003E-04   -0.19635E-04    0.16568E-09    0.17052E-05   -0.80273E-05    0.38501E-04    0.98139E-04    0.21735E-04   -0.10062E-04   -0.13601E-04   -0.98642E-05    0.22745E-03   -0.32945E-05    0.63117E-04    0.45230E-04    0.55796E-06   -0.19468E-03    0.12795E-04   -0.52182E-04   -0.27128E-05   -0.28451E-04    0.21727E-04    0.85349E-04   -0.37227E-04   -0.61795E-04    0.66267E-04
    0.52785E-05   -0.18740E-04    0.77163E-06    0.47111E-03    0.15193E-03   -0.72154E-04    0.96609E-03   -0.13584E-03   -0.72116E+00    0.12118E+01    0.40321E+00    0.22043E-01   -0.20605E+00   -0.10549E-01    0.39444E-02   -0.46024E-03   -0.25544E-02   -0.19700E-06   -0.80273E-05    0.81041E-01   -0.10330E-01    0.68526E-02    0.74545E-03    0.19420E-02   -0.44546E-02   -0.10967E-02    0.37338E-02   -0.11424E-02   -0.12377E-02   -0.59035E-02    0.37815E-02   -0.17749E-02   -0.37917E-02   -0.97897E-04    0.32554E-02    0.19941E-02    0.28902E-02   -0.38299E-02    0.18136E-02   -0.32420E-02   -0.29645E-02
   -0.13490E-03    0.72601E-03   -0.15668E-03   -0.15015E-01   -0.70038E-02   -0.12914E-02   -0.29714E-01    0.10209E-01   -0.86236E+01   -0.12719E+02   -0.12377E+02    0.12146E+00   -0.47696E-01    0.29978E-01   -0.26703E-01    0.25618E-02   -0.12683E-01    0.13888E-04    0.38501E-04   -0.10330E-01    0.84008E+01   -0.42767E-01    0.47551E-01    0.37169E-01    0.25368E-02   -0.32907E-01    0.18128E-01   -0.55464E-01    0.81569E-02   -0.87978E-01    0.51795E-01   -0.32003E-01    0.57930E-02    0.12496E-01   -0.11702E-01    0.50623E-01    0.38120E-02   -0.27132E-01   -0.37483E-01   -0.26258E-01   -0.56143E-01
   -0.21280E-04    0.19610E-03   -0.23319E-04   -0.21873E-02   -0.39649E-03    0.11852E-03   -0.32377E-02    0.73074E-03    0.98273E+01    0.14606E+01    0.14595E+01   -0.91794E+00   -0.49682E+00    0.20505E+00    0.10495E-01   -0.12794E-01    0.74959E-02   -0.17696E-04    0.98139E-04    0.68526E-02   -0.42767E-01    0.69655E+00   -0.11685E+00   -0.52134E-07    0.25747E-02    0.32606E-01    0.17924E+00   -0.61971E-01   -0.24502E-01   -0.27739E-01   -0.80478E-01    0.15351E-01    0.12267E-01   -0.22838E-01   -0.61077E-01   -0.12030E+00    0.14645E+00    0.42406E-01   -0.32155E-01    0.15668E-01    0.52844E-01
   -0.62835E-05   -0.35027E-04    0.22118E-05    0.20227E-02    0.13510E-03   -0.35606E-03    0.41248E-02    0.17853E-03   -0.81635E+01    0.42726E+00    0.91446E+00   -0.44029E+00   -0.39950E+00    0.79549E-02    0.55737E-02   -0.18632E-01   -0.29326E-02    0.80058E-06    0.21735E-04    0.74545E-03    0.47551E-01   -0.11685E+00    0.89456E+00    0.13290E-01    0.11052E-01   -0.66029E-03   -0.14230E+00    0.20821E+00    0.71594E-01    0.21991E-02    0.39781E-01   -0.12287E+00    0.32474E-01   -0.40939E-03    0.34650E-01    0.16277E+00   -0.22541E+00    0.62795E-01    0.11098E+00    0.44388E-02   -0.19255E+00
    0.58396E-06   -0.18566E-04    0.10437E-04    0.10953E-03   -0.14720E-03   -0.48322E-04    0.20186E-03    0.27484E-03    0.18540E+00    0.30480E+00   -0.35515E+00   -0.91135E-01    0.11708E+00    0.11097E-01    0.16236E-02   -0.11599E-02    0.17034E-02    0.22055E-05   -0.10062E-04    0.19420E-02    0.37169E-01   -0.52134E-07    0.13290E-01    0.96280E+00    0.85520E-02    0.15421E-02   -0.36643E-01   -0.37120E-01    0.19060E+00   -0.20121E-01    0.72500E-01   -0.18144E-02    0.39937E-01   -0.22022E-01   -0.11001E-01    0.12061E+00   -0.50071E-01    0.47330E-01   -0.32550E-02   -0.20683E+00    0.82031E-01
    0.27096E-05    0.37237E-04    0.45973E-05   -0.49662E-04   -0.10679E-03   -0.66999E-04    0.35317E-04    0.94240E-04    0.10729E+00    0.18602E+00    0.22700E+00   -0.53434E-01   -0.13076E+00   -0.34164E-01   -0.35113E-02   -0.36253E-02   -0.66867E-02   -0.23263E-05   -0.13601E-04   -0.44546E-02    0.25368E-02    0.25747E-02    0.11052E-01    0.85520E-02    0.10216E+01    0.60585E-02    0.78486E-01   -0.89296E-01    0.55349E-01   -0.89690E-01    0.58176E-01    0.75456E-01    0.12930E+00    0.46707E-01    0.15115E+00   -0.91980E-01    0.11582E+00    0.29920E-01   -0.11096E-01   -0.12221E+00    0.55261E-01
    0.12392E-04   -0.56087E-04    0.19162E-04    0.13497E-02    0.16343E-03   -0.54055E-03    0.27442E-02    0.66585E-03    0.30385E+00    0.25687E+00    0.30094E+00    0.16442E-01   -0.78943E-01   -0.60012E-01    0.67048E-03   -0.37454E-02   -0.13136E-02    0.20415E-05   -0.98642E-05   -0.10967E-02   -0.32907E-01    0.32606E-01   -0.66029E-03    0.15421E-02    0.60585E-02    0.99528E+00    0.56208E-01    0.29998E-01   -0.42385E-01    0.15800E-01    0.53642E-01    0.92992E-01   -0.76966E-01   -0.99746E-01    0.63594E-01    0.63685E-01    0.12858E+00   -0.65008E-01    0.65410E-01   -0.38700E-01   -0.22517E-01
    0.53582E-06    0.60960E-05    0.23975E-05    0.23518E-03    0.37105E-03   -0.11668E-03    0.79461E-03    0.33626E-03   -0.82191E+00   -0.15326E+01    0.12324E+01    0.64926E+00   -0.49079E+00   -0.26098E-01    0.44008E-02   -0.16008E-01    0.70731E-03    0.11971E-04    0.22745E-03    0.37338E-02    0.18128E-01    0.17924E+00   -0.14230E+00   -0.36643E-01    0.78486E-01    0.56208E-01    0.86817E+00   -0.28226E-01    0.13666E-01   -0.22988E-01   -0.26583E-01    0.19581E-01    0.12908E+00   -0.96163E-01    0.23764E-01   -0.74729E-01    0.64892E+00    0.25973E+00   -0.72600E-01   -0.63087E-01    0.85847E-01
    0.32300E-05   -0.70465E-04    0.15086E-04    0.13608E-02    0.40354E-03   -0.16733E-04    0.25852E-02    0.10562E-02   -0.46036E+01   -0.76935E+00    0.56928E+00    0.17350E+00   -0.19893E+00    0.37099E-01   -0.87020E-03   -0.61147E-02    0.15994E-02    0.53598E-06   -0.32945E-05   -0.11424E-02   -0.55464E-01   -0.61971E-01    0.20821E+00   -0.37120E-01   -0.89296E-01    0.29998E-01   -0.28226E-01    0.10087E+01    0.13501E-01   -0.10275E-01   -0.84244E-02    0.21838E-01    0.31153E-03   -0.47464E-01   -0.10591E-01    0.15605E+00   -0.11451E+00    0.26602E+00    0.78291E+00    0.29188E+00   -0.20384E+00
   -0.27201E-05    0.41868E-04   -0.48603E-05    0.71879E-03   -0.27831E-03   -0.29151E-03    0.16398E-02   -0.17300E-02    0.96207E+00    0.46660E+00   -0.53215E+00   -0.26899E-02    0.21761E+00   -0.14164E+00   -0.16018E-02    0.57825E-02   -0.41049E-03   -0.13969E-05    0.63117E-04   -0.12377E-02    0.81569E-02   -0.24502E-01    0.71594E-01    0.19060E+00    0.55349E-01   -0.42385E-01    0.13666E-01    0.13501E-01    0.98952E+00    0.25221E-02   -0.18163E-01    0.74069E-01   -0.48181E-01    0.12180E+00    0.13645E+00   -0.12177E+00   -0.19031E+00    0.65392E+00    0.12528E+00   -0.60546E+00    0.15366E+00
   -0.82224E-05    0.83261E-05   -0.17707E-04   -0.53109E-03   -0.11464E-03    0.27173E-03   -0.11704E-02   -0.68987E-03    0.13665E+01   -0.10268E+00   -0.31495E+00    0.27853E+00    0.35480E+00   -0.39532E-01   -0.37771E-02    0.21375E-02    0.85836E-02   -0.25725E-07    0.45230E-04   -0.59035E-02   -0.87978E-01   -0.27739E-01    0.21991E-02   -0.20121E-01   -0.89690E-01    0.15800E-01   -0.22988E-01   -0.10275E-01    0.25221E-02    0.10262E+01   -0.24970E-01   -0.16410E-01   -0.71732E-01   -0.15302E+00   -0.91956E-02   -0.95491E-01   -0.86734E-01    0.94562E-01   -0.63869E-01    0.32774E+00    0.68837E+00
    0.40113E-05   -0.40331E-04   -0.26594E-05    0.10699E-02    0.83342E-05   -0.31353E-03    0.19544E-02   -0.88737E-03   -0.42697E+00   -0.77324E-01    0.49388E+00    0.84424E-01   -0.27661E+00   -0.31124E-01   -0.23673E-02   -0.21409E-02   -0.13905E-01    0.29632E-05    0.55796E-06    0.37815E-02    0.51795E-01   -0.80478E-01    0.39781E-01    0.72500E-01    0.58176E-01    0.53642E-01   -0.26583E-01   -0.84244E-02   -0.18163E-01   -0.24970E-01    0.99072E+00   -0.51482E-01    0.87130E-01    0.42123E-01    0.15432E+00    0.36897E-01    0.11788E+00   -0.57372E+00    0.37093E+00   -0.34070E+00    0.19554E+00
   -0.33325E-05    0.72951E-04   -0.84942E-05   -0.17694E-02   -0.58451E-03   -0.19227E-03   -0.33338E-02    0.49960E-03    0.28754E+01    0.13240E+01   -0.15605E+01   -0.15627E+00    0.64757E+00   -0.57017E-01   -0.13012E-01    0.32147E-01   -0.13578E-01   -0.55748E-05   -0.19468E-03   -0.17749E-02   -0.32003E-01    0.15351E-01   -0.12287E+00   -0.18144E-02    0.75456E-01    0.92992E-01    0.19581E-01    0.21838E-01    0.74069E-01   -0.16410E-01   -0.51482E-01    0.91462E+00   -0.11145E-01    0.85729E-02   -0.25765E-03    0.10828E-01    0.59679E+00    0.15704E+00    0.11008E+00    0.55346E-01   -0.76656E-01
    0.61104E-05   -0.54965E-04    0.61736E-05    0.81653E-03    0.18967E-03   -0.42253E-03    0.14981E-02    0.16903E-02    0.68483E+00    0.13494E+00    0.78647E+00   -0.38233E-01   -0.45750E+00   -0.65793E-02   -0.26097E-02    0.48871E-03   -0.20704E-01   -0.62220E-05    0.12795E-04   -0.37917E-02    0.57930E-02    0.12267E-01    0.32474E-01    0.39937E-01    0.12930E+00   -0.76966E-01    0.12908E+00    0.31153E-03   -0.48181E-01   -0.71732E-01    0.87130E-01   -0.11145E-01    0.97971E+00   -0.20168E-01   -0.12004E-01    0.17975E-01    0.94684E-01    0.15794E+00   -0.10382E-01    0.14331E+00    0.15982E+00
   -0.24107E-05    0.28139E-04    0.28226E-05   -0.10024E-02   -0.15342E-03    0.20351E-03   -0.19534E-02   -0.13671E-02   -0.42624E-03    0.33892E+00   -0.13984E+00   -0.18204E+00   -0.10287E-01   -0.20664E-01   -0.30547E-02   -0.11240E-02   -0.86236E-03    0.29196E-05   -0.52182E-04   -0.97897E-04    0.12496E-01   -0.22838E-01   -0.40939E-03   -0.22022E-01    0.46707E-01   -0.99746E-01   -0.96163E-01   -0.47464E-01    0.12180E+00   -0.15302E+00    0.42123E-01    0.85729E-02   -0.20168E-01    0.10011E+01   -0.40607E-03   -0.87752E-02   -0.10006E+00    0.31516E-01    0.17091E+00    0.31028E-01   -0.70000E-01
    0.16242E-05   -0.12036E-05    0.21298E-05    0.59340E-04   -0.76477E-05    0.19828E-03    0.73123E-04   -0.75277E-03   -0.17898E+01   -0.23616E+00    0.93470E+00   -0.81541E-01   -0.49163E+00    0.18482E-01   -0.25149E-02   -0.37119E-02   -0.17529E-01    0.27336E-06   -0.27128E-05    0.32554E-02   -0.11702E-01   -0.61077E-01    0.34650E-01   -0.11001E-01    0.15115E+00    0.63594E-01    0.23764E-01   -0.10591E-01    0.13645E+00   -0.91956E-02    0.15432E+00   -0.25765E-03   -0.12004E-01   -0.40607E-03    0.10421E+01    0.14438E-01    0.23853E-02    0.27944E-01    0.12155E+00   -0.25768E+00    0.13002E+00
    0.42920E-05   -0.52286E-04   -0.75894E-05    0.10818E-02    0.19790E-03   -0.68207E-04    0.18761E-02    0.11951E-02   -0.35008E+01   -0.43660E+00    0.77238E-01    0.44345E-01   -0.15424E+00    0.13014E-01    0.56456E-03   -0.23075E-02   -0.71074E-02    0.41555E-05   -0.28451E-04    0.19941E-02    0.50623E-01   -0.12030E+00    0.16277E+00    0.12061E+00   -0.91980E-01    0.63685E-01   -0.74729E-01    0.15605E+00   -0.12177E+00   -0.95491E-01    0.36897E-01    0.10828E-01    0.17975E-01   -0.87752E-02    0.14438E-01    0.98978E+00   -0.39474E-01   -0.50174E-01    0.45570E-01    0.15613E+00   -0.89005E-01
    0.64088E-06    0.44619E-04   -0.35519E-05   -0.10189E-02   -0.84434E-04   -0.24419E-03   -0.17084E-02    0.76565E-03    0.15334E+01   -0.28601E+00   -0.12039E-01    0.36886E+00    0.97040E-02   -0.25960E-01   -0.46167E-02    0.82060E-02   -0.10059E-01    0.62777E-05    0.21727E-04    0.28902E-02    0.38120E-02    0.14645E+00   -0.22541E+00   -0.50071E-01    0.11582E+00    0.12858E+00    0.64892E+00   -0.11451E+00   -0.19031E+00   -0.86734E-01    0.11788E+00    0.59679E+00    0.94684E-01   -0.10006E+00    0.23853E-02   -0.39474E-01    0.97058E+00   -0.24721E-01   -0.15568E-01   -0.45648E-02   -0.45608E-02
   -0.33129E-05    0.20238E-04    0.37897E-05    0.33852E-03    0.24591E-04   -0.92303E-04    0.90567E-03   -0.16497E-03   -0.66315E+00   -0.14205E+00   -0.36868E-01    0.12932E+00    0.19004E-01   -0.93157E-01   -0.16419E-02    0.18595E-02    0.84756E-03   -0.87172E-06    0.85349E-04   -0.38299E-02   -0.27132E-01    0.42406E-01    0.62795E-01    0.47330E-01    0.29920E-01   -0.65008E-01    0.25973E+00    0.26602E+00    0.65392E+00    0.94562E-01   -0.57372E+00    0.15704E+00    0.15794E+00    0.31516E-01    0.27944E-01   -0.50174E-01   -0.24721E-01    0.10233E+01    0.31302E-03    0.32625E-02   -0.77374E-02
    0.62073E-06   -0.23059E-04    0.23348E-05    0.58318E-03    0.49577E-04   -0.23336E-03    0.11444E-02    0.36884E-03   -0.13912E+01   -0.15740E+00    0.39203E+00    0.10589E+00   -0.11757E+00   -0.21861E-02   -0.60331E-02    0.21209E-02   -0.46830E-02   -0.25815E-05   -0.37227E-04    0.18136E-02   -0.37483E-01   -0.32155E-01    0.11098E+00   -0.32550E-02   -0.11096E-01    0.65410E-01   -0.72600E-01    0.78291E+00    0.12528E+00   -0.63869E-01    0.37093E+00    0.11008E+00   -0.10382E-01    0.17091E+00    0.12155E+00    0.45570E-01   -0.15568E-01    0.31302E-03    0.98871E+00    0.60040E-02   -0.27160E-01
   -0.94702E-05   -0.90473E-05   -0.15887E-05   -0.17131E-02    0.12202E-03    0.60266E-03   -0.36053E-02    0.16976E-02   -0.10040E+01   -0.32510E+00    0.22954E+00   -0.69106E-02   -0.65967E-01    0.95590E-01   -0.51303E-02    0.36611E-02    0.52764E-03   -0.74877E-05   -0.61795E-04   -0.32420E-02   -0.26258E-01    0.15668E-01    0.44388E-02   -0.20683E+00   -0.12221E+00   -0.38700E-01   -0.63087E-01    0.29188E+00   -0.60546E+00    0.32774E+00   -0.34070E+00    0.55346E-01    0.14331E+00    0.31028E-01   -0.25768E+00    0.15613E+00   -0.45648E-02    0.32625E-02    0.60040E-02    0.98501E+00    0.23551E-01
   -0.61478E-05    0.14618E-04   -0.24498E-04   -0.85055E-03   -0.94702E-04    0.28023E-03   -0.18007E-02   -0.79137E-03    0.37651E+01   -0.66977E-01   -0.38507E+00    0.29900E+00    0.33917E+00   -0.27643E-01   -0.43450E-02    0.33715E-02    0.84814E-02   -0.18201E-05    0.66267E-04   -0.29645E-02   -0.56143E-01    0.52844E-01   -0.19255E+00    0.82031E-01    0.55261E-01   -0.22517E-01    0.85847E-01   -0.20384E+00    0.15366E+00    0.68837E+00    0.19554E+00   -0.76656E-01    0.15982E+00   -0.70000E-01    0.13002E+00   -0.89005E-01   -0.45608E-02   -0.77374E-02   -0.27160E-01    0.23551E-01    0.97128E+00
