# omegabh2 omegach2 theta tau logA ns nrun calPlanck acib217 xi asz143 aps100 aps143 aps143217 aps217 aksz kgal100 kgal143 kgal143217 kgal217 cal0 cal2
  5.4621102E-08  -2.1123787E-07   4.5498535E-08   5.8704923E-07   9.8773353E-07   5.1784526E-07  -6.0813957E-07   3.3729144E-08  -7.5454799E-05   9.0400620E-07   2.6759866E-05  -3.4059796E-04  -3.5183908E-04  -2.0361874E-04  -1.2456585E-04  -1.3216789E-05   1.5985751E-05   9.7619210E-06   1.3009968E-05   4.1639937E-05   3.8009599E-09  -3.3801102E-09
 -2.1123787E-07   4.5003073E-06  -4.3430884E-07  -3.9998031E-06   2.6521759E-06  -1.0307054E-05  -2.1978796E-06  -3.1743544E-07   5.9201809E-04  -4.8751626E-06  -3.0255691E-04   3.6999427E-03   2.5318905E-03   1.0556510E-03   4.8560460E-04   2.1680469E-04  -2.3888129E-05  -7.9926975E-05  -1.8931479E-04  -3.8612466E-04  -2.2329527E-08   1.2100822E-08
  4.5498535E-08  -4.3430884E-07   2.2247142E-07   6.6015287E-07   5.7893781E-07   1.2403201E-06  -1.3141717E-08   4.8039458E-08  -3.8306677E-05   1.5669281E-07   2.5723908E-05  -3.7767901E-04  -2.7891529E-04  -1.8021268E-04  -1.3444696E-04  -4.5061863E-06   1.2506170E-05   1.0976651E-05   2.6856860E-05   4.5349922E-05   1.2506990E-09   3.7424688E-10
  5.8704923E-07  -3.9998031E-06   6.6015287E-07   6.8794018E-05   1.3114429E-04   1.0890559E-05  -1.4081145E-05  -1.2842592E-07  -9.7965269E-04   1.2842747E-06   4.2569293E-04  -6.1696332E-03  -4.0036390E-03  -2.1690421E-03  -8.8150250E-04  -3.3341990E-04   6.6009927E-05   4.9676751E-06   2.6229443E-04   4.4381470E-04   5.0916635E-08  -6.4436267E-08
  9.8773353E-07   2.6521759E-06   5.7893781E-07   1.3114429E-04   3.0746068E-04  -5.8543210E-06  -4.6514316E-05   1.1731508E-05   3.7053846E-04   2.8529791E-06  -3.0228182E-04   6.6862400E-03   1.9531173E-03   6.8249443E-04   4.5546208E-03  -2.6355246E-04  -2.7545656E-04  -6.9625643E-04  -3.6191735E-04   1.1037702E-03   2.5344840E-07  -1.0928716E-07
  5.1784526E-07  -1.0307054E-05   1.2403201E-06   1.0890559E-05  -5.8543210E-06   3.5538779E-05   1.2738453E-05   8.5539444E-07  -6.8907752E-03   1.3421188E-04   1.9638534E-03  -3.6447437E-02  -1.3756584E-02  -1.6774693E-04   4.9815576E-03  -3.3798482E-03   3.8801448E-04  -1.9329499E-04   1.5327891E-04   2.6538151E-03  -6.7498355E-08  -1.2763439E-07
 -6.0813957E-07  -2.1978796E-06  -1.3141717E-08  -1.4081145E-05  -4.6514316E-05   1.2738453E-05   5.6825348E-05   1.7359603E-07  -7.2099009E-03   1.6191482E-04   1.9873375E-03  -3.5125038E-02  -1.4630201E-02   3.0927709E-04   5.6479984E-03  -3.7842365E-03  -6.3779584E-04  -6.3345088E-04  -8.9188342E-04   1.1018869E-03  -9.6189455E-08  -1.6905101E-07
  3.3729144E-08  -3.1743544E-07   4.8039458E-08  -1.2842592E-07   1.1731508E-05   8.5539444E-07   1.7359603E-07   6.2753515E-06   4.8353037E-04   4.5654146E-06  -1.3769068E-05   3.4929128E-03   2.4673285E-04   3.2511502E-04   1.4904976E-03  -4.1052608E-05  -5.8114960E-05  -2.6102662E-05  -6.0656432E-05   7.1657963E-04   5.6041939E-09  -1.3780474E-08
 -7.5454799E-05   5.9201809E-04  -3.8306677E-05  -9.7965269E-04   3.7053846E-04  -6.8907752E-03  -7.2099009E-03   4.8353037E-04   4.6132416E+01  -3.9423815E-01  -1.1088971E+00   4.1927188E+01   4.7705656E+00  -1.2413365E+01  -5.6144020E+01   3.7019627E-01   2.8343769E-01   6.7031221E-01  -5.7479394E+00  -3.3633962E+01  -2.0325267E-04   7.8809637E-04
  9.0400620E-07  -4.8751626E-06   1.5669281E-07   1.2842747E-06   2.8529791E-06   1.3421188E-04   1.6191482E-04   4.5654146E-06  -3.9423815E-01   8.2725049E-02  -4.6107681E-02  -5.4377605E-01   8.3918667E-01   1.6032841E+00   6.1519141E-01   3.6298244E-02  -1.0233965E-02   4.1832065E-03   9.0688818E-02   1.1870201E-01   4.4296401E-06  -5.3887265E-06
  2.6759866E-05  -3.0255691E-04   2.5723908E-05   4.2569293E-04  -3.0228182E-04   1.9638534E-03   1.9873375E-03  -1.3769068E-05  -1.1088971E+00  -4.6107681E-02   4.1725768E+00  -3.3572668E+01  -3.8209703E+00   8.3276016E+00   5.9581180E+00  -3.2731286E+00  -2.0490231E-01   1.9376600E-01   2.8270308E+00   3.5468930E+00   1.1392095E-04  -5.0075194E-05
 -3.4059796E-04   3.6999427E-03  -3.7767901E-04  -6.1696332E-03   6.6862400E-03  -3.6447437E-02  -3.5125038E-02   3.4929128E-03   4.1927188E+01  -5.4377605E-01  -3.3572668E+01   8.1938689E+02   8.0442364E+01  -5.8135177E+01  -6.7628335E+01   1.9074484E+01  -5.7718537E+00   5.7056870E+00  -1.3282441E+01  -2.6973589E+01   3.8252448E-03   6.6684975E-04
 -3.5183908E-04   2.5318905E-03  -2.7891529E-04  -4.0036390E-03   1.9531173E-03  -1.3756584E-02  -1.4630201E-02   2.4673285E-04   4.7705656E+00   8.3918667E-01  -3.8209703E+00   8.0442364E+01   6.8313814E+01   4.1802693E+01   1.4968851E+01  -4.3459209E+00  -6.0791844E-01  -1.3731514E+00   3.4527804E+00   3.3188719E+00   1.2308576E-04   1.5045207E-04
 -2.0361874E-04   1.0556510E-03  -1.8021268E-04  -2.1690421E-03   6.8249443E-04  -1.6774693E-04   3.0927709E-04   3.2511502E-04  -1.2413365E+01   1.6032841E+00   8.3276016E+00  -5.8135177E+01   4.1802693E+01   8.7617167E+01   5.5926851E+01  -1.3554023E+01  -1.1647582E+00  -7.8745388E-01   5.1022895E+00   8.1619434E+00   4.7255667E-04  -4.3690046E-04
 -1.2456585E-04   4.8560460E-04  -1.3444696E-04  -8.8150250E-04   4.5546208E-03   4.9815576E-03   5.6479984E-03   1.4904976E-03  -5.6144020E+01   6.1519141E-01   5.9581180E+00  -6.7628335E+01   1.4968851E+01   5.5926851E+01   1.0735162E+02  -1.0773370E+01  -1.0743925E+00  -1.4218099E+00   5.7274531E+00   3.4021501E+01   5.1994833E-04  -1.4077412E-03
 -1.3216789E-05   2.1680469E-04  -4.5061863E-06  -3.3341990E-04  -2.6355246E-04  -3.3798482E-03  -3.7842365E-03  -4.1052608E-05   3.7019627E-01   3.6298244E-02  -3.2731286E+00   1.9074484E+01  -4.3459209E+00  -1.3554023E+01  -1.0773370E+01   6.9470967E+00   2.0339965E-01  -1.9919109E-01  -2.3374246E+00  -2.7793571E+00  -9.0843667E-05   2.2640364E-05
  1.5985751E-05  -2.3888129E-05   1.2506170E-05   6.6009927E-05  -2.7545656E-04   3.8801448E-04  -6.3779584E-04  -5.8114960E-05   2.8343769E-01  -1.0233965E-02  -2.0490231E-01  -5.7718537E+00  -6.0791844E-01  -1.1647582E+00  -1.0743925E+00   2.0339965E-01   3.3717429E+00   5.9168796E-01   2.3015749E-01   1.6385558E-01   1.7805366E-04  -6.1133546E-06
  9.7619210E-06  -7.9926975E-05   1.0976651E-05   4.9676751E-06  -6.9625643E-04  -1.9329499E-04  -6.3345088E-04  -2.6102662E-05   6.7031221E-01   4.1832065E-03   1.9376600E-01   5.7056870E+00  -1.3731514E+00  -7.8745388E-01  -1.4218099E+00  -1.9919109E-01   5.9168796E-01   3.2166057E+00   2.8186203E+00   2.7640929E+00  -1.8293466E-04  -2.9356874E-05
  1.3009968E-05  -1.8931479E-04   2.6856860E-05   2.6229443E-04  -3.6191735E-04   1.5327891E-04  -8.9188342E-04  -6.0656432E-05  -5.7479394E+00   9.0688818E-02   2.8270308E+00  -1.3282441E+01   3.4527804E+00   5.1022895E+00   5.7274531E+00  -2.3374246E+00   2.3015749E-01   2.8186203E+00   1.1166403E+01   1.9620845E+01  -1.3250447E-05   4.1441467E-04
  4.1639937E-05  -3.8612466E-04   4.5349922E-05   4.4381470E-04   1.1037702E-03   2.6538151E-03   1.1018869E-03   7.1657963E-04  -3.3633962E+01   1.1870201E-01   3.5468930E+00  -2.6973589E+01   3.3188719E+00   8.1619434E+00   3.4021501E+01  -2.7793571E+00   1.6385558E-01   2.7640929E+00   1.9620845E+01   5.3829475E+01   8.2446874E-05   8.9803611E-04
  3.8009599E-09  -2.2329527E-08   1.2506990E-09   5.0916635E-08   2.5344840E-07  -6.7498355E-08  -9.6189455E-08   5.6041939E-09  -2.0325267E-04   4.4296401E-06   1.1392095E-04   3.8252448E-03   1.2308576E-04   4.7255667E-04   5.1994833E-04  -9.0843667E-05   1.7805366E-04  -1.8293466E-04  -1.3250447E-05   8.2446874E-05   3.8220850E-07  -4.1781385E-09
 -3.3801102E-09   1.2100822E-08   3.7424688E-10  -6.4436267E-08  -1.0928716E-07  -1.2763439E-07  -1.6905101E-07  -1.3780474E-08   7.8809637E-04  -5.3887265E-06  -5.0075194E-05   6.6684975E-04   1.5045207E-04  -4.3690046E-04  -1.4077412E-03   2.2640364E-05  -6.1133546E-06  -2.9356874E-05   4.1441467E-04   8.9803611E-04  -4.1781385E-09   3.8904413E-07
