# omegabh2 omegach2 theta tau meffsterile nnu logA ns calPlanck aps100 aps143 aps217 acib217 asz143 psr xi aksz dust100 dust143 dust217 dust143x217 cal0 cal2 bm_1_1
    0.5329694E-07    0.2058187E-06    0.4823415E-09    0.1940985E-05    0.3907946E-05    0.2074195E-04    0.4359858E-05    0.1175643E-05    0.2077199E-07   -0.3141753E-03   -0.2086553E-03    0.9178497E-05   -0.7657053E-04    0.2000813E-04    0.2871174E-06    0.1046996E-05   -0.1838612E-04    0.5117521E-06   -0.1501654E-06    0.7408783E-06   -0.1804419E-06    0.2374520E-08   -0.4132312E-08   -0.1520916E-06
    0.2058187E-06    0.1974083E-04   -0.1192202E-05    0.1236294E-04   -0.7002541E-03    0.6552187E-03    0.5187012E-04    0.2321158E-04   -0.2449952E-06    0.1720402E-01    0.8071043E-02   -0.5994966E-02    0.5529538E-02   -0.8663035E-03   -0.2013452E-04   -0.5478830E-04    0.1634182E-02    0.1669875E-04   -0.5387164E-05   -0.3992287E-04    0.5634974E-05    0.5424762E-08    0.6956852E-06   -0.4373920E-04
    0.4823415E-09   -0.1192202E-05    0.2658808E-06   -0.5147373E-06    0.2574271E-04   -0.5183134E-04   -0.2881790E-05   -0.1537607E-05   -0.3100241E-08   -0.1359798E-02   -0.7208643E-03    0.3373430E-03   -0.4052287E-03    0.6620099E-04    0.1027567E-05    0.3057368E-05   -0.1222453E-03   -0.3259599E-06    0.2629658E-07    0.3499819E-05   -0.5654539E-06    0.2056102E-08   -0.3973211E-07    0.2114406E-05
    0.1940985E-05    0.1236294E-04   -0.5147373E-06    0.4002900E-03   -0.1120967E-03    0.1095408E-02    0.8075587E-03    0.8175823E-04   -0.9769579E-06   -0.3676453E-01   -0.1239052E-01    0.1629132E-01   -0.1221866E-01    0.1889253E-02    0.8044698E-04    0.1814587E-03   -0.4227980E-02    0.5061543E-05   -0.2459478E-04    0.5470172E-04   -0.8661359E-04   -0.1340880E-06   -0.1938714E-05   -0.4110737E-04
    0.3907946E-05   -0.7002541E-03    0.2574271E-04   -0.1120967E-03    0.5270920E-01   -0.7929310E-02   -0.7410684E-03   -0.4613341E-03    0.1470481E-04   -0.2851284E+00   -0.7404259E-01    0.1916140E+00   -0.1088569E+00    0.1498596E-01    0.9682072E-03    0.1555219E-02   -0.2698332E-01   -0.4220653E-03    0.3567209E-03    0.7952217E-03    0.1541648E-03   -0.3505358E-05   -0.1442401E-04    0.3315678E-02
    0.2074195E-04    0.6552187E-03   -0.5183134E-04    0.1095408E-02   -0.7929310E-02    0.3584144E-01    0.3310006E-02    0.1400489E-02   -0.1048859E-05    0.8087167E+00    0.4004922E+00   -0.2402694E+00    0.2495420E+00   -0.3919724E-01   -0.6019330E-03   -0.2230627E-02    0.7726676E-01    0.1081616E-02   -0.9380058E-04   -0.1712828E-02    0.5859428E-03   -0.2887930E-06    0.3235074E-04   -0.6477050E-03
    0.4359858E-05    0.5187012E-04   -0.2881790E-05    0.8075587E-03   -0.7410684E-03    0.3310006E-02    0.1707841E-02    0.1961810E-03    0.1093007E-04   -0.3989504E-01   -0.9117533E-02    0.3200029E-01   -0.1635448E-01    0.2588048E-02    0.1681401E-03    0.3206654E-03   -0.7034678E-02    0.6090722E-05   -0.1169504E-03    0.8455103E-04   -0.1698102E-03    0.2086741E-06   -0.2862658E-05   -0.1438065E-03
    0.1175643E-05    0.2321158E-04   -0.1537607E-05    0.8175823E-04   -0.4613341E-03    0.1400489E-02    0.1961810E-03    0.7794816E-04    0.3026236E-06    0.4452053E-02    0.6454564E-02    0.5277518E-03    0.2404304E-02   -0.4817712E-03    0.1929432E-04   -0.1080363E-04    0.2863636E-03    0.8243582E-04   -0.2881599E-06   -0.1400204E-04   -0.1093440E-04   -0.3312595E-06    0.5055031E-06   -0.2071050E-04
    0.2077199E-07   -0.2449952E-06   -0.3100241E-08   -0.9769579E-06    0.1470481E-04   -0.1048859E-05    0.1093007E-04    0.3026236E-06    0.6588078E-05    0.3249463E-02    0.3346945E-03    0.1638534E-02    0.5202251E-03    0.3819319E-04    0.1508216E-05   -0.8138362E-06   -0.9394055E-04   -0.3333681E-05   -0.4713705E-06    0.9859137E-05   -0.3636859E-05    0.1367528E-07   -0.4883412E-07   -0.1152733E-04
   -0.3141753E-03    0.1720402E-01   -0.1359798E-02   -0.3676453E-01   -0.2851284E+00    0.8087167E+00   -0.3989504E-01    0.4452053E-02    0.3249463E-02    0.5168615E+03    0.7442247E+02   -0.7215892E+02    0.4310813E+02   -0.2169120E+02   -0.7872373E+00   -0.1257092E+00    0.1022517E+02   -0.7076821E-01    0.4622942E-01   -0.1135464E+00   -0.9303400E-01    0.5865317E-02    0.9176679E-02    0.1324855E+01
   -0.2086553E-03    0.8071043E-02   -0.7208643E-03   -0.1239052E-01   -0.7404259E-01    0.4004922E+00   -0.9117533E-02    0.6454564E-02    0.3346945E-03    0.7442247E+02    0.6029442E+02    0.6412628E+01    0.8943580E+01   -0.2762528E+01    0.1829106E+00    0.6833883E+00   -0.4948457E+01   -0.1309114E-01   -0.1527459E+00   -0.7782134E-01    0.1488660E+00    0.3268470E-03   -0.2624457E-05    0.4349927E-01
    0.9178497E-05   -0.5994966E-02    0.3373430E-03    0.1629132E-01    0.1916140E+00   -0.2402694E+00    0.3200029E-01    0.5277518E-03    0.1638534E-02   -0.7215892E+02    0.6412628E+01    0.1737907E+03   -0.8093225E+02    0.4963266E+01    0.4846347E+00    0.4535263E+00   -0.9426183E+01   -0.4096064E-02   -0.1876019E-01    0.6330731E+00   -0.9634867E-01    0.1251250E-02   -0.1191491E-01    0.1350361E+00
   -0.7657053E-04    0.5529538E-02   -0.4052287E-03   -0.1221866E-01   -0.1088569E+00    0.2495420E+00   -0.1635448E-01    0.2404304E-02    0.5202251E-03    0.4310813E+02    0.8943580E+01   -0.8093225E+02    0.4869771E+02   -0.1400118E-01   -0.8865133E-01   -0.3682467E+00   -0.8669096E+00    0.5051683E-02    0.3022930E-01   -0.4939013E+00   -0.1564120E-01   -0.3154179E-03    0.5412655E-02   -0.1477461E-01
    0.2000813E-04   -0.8663035E-03    0.6620099E-04    0.1889253E-02    0.1498596E-01   -0.3919724E-01    0.2588048E-02   -0.4817712E-03    0.3819319E-04   -0.2169120E+02   -0.2762528E+01    0.4963266E+01   -0.1400118E-01    0.3481105E+01    0.1267173E+00   -0.8398284E-01   -0.2898609E+01   -0.2576155E-02   -0.1487811E-01   -0.4056865E-01    0.4813521E-01    0.3933659E-03   -0.1011471E-02    0.3117482E-01
    0.2871174E-06   -0.2013452E-04    0.1027567E-05    0.8044698E-04    0.9682072E-03   -0.6019330E-03    0.1681401E-03    0.1929432E-04    0.1508216E-05   -0.7872373E+00    0.1829106E+00    0.4846347E+00   -0.8865133E-01    0.1267173E+00    0.1114806E-01    0.1353886E-01   -0.1488191E+00    0.5242205E-04   -0.1318022E-03   -0.1337502E-02    0.2104439E-03    0.1784891E-04   -0.3987031E-04    0.8994910E-03
    0.1046996E-05   -0.5478830E-04    0.3057368E-05    0.1814587E-03    0.1555219E-02   -0.2230627E-02    0.3206654E-03   -0.1080363E-04   -0.8138362E-06   -0.1257092E+00    0.6833883E+00    0.4535263E+00   -0.3682467E+00   -0.8398284E-01    0.1353886E-01    0.8076582E-01    0.8045216E-01    0.8093185E-04   -0.6305244E-03    0.6905032E-03    0.8283661E-03    0.9222146E-05   -0.3325602E-04   -0.3745987E-02
   -0.1838612E-04    0.1634182E-02   -0.1222453E-03   -0.4227980E-02   -0.2698332E-01    0.7726676E-01   -0.7034678E-02    0.2863636E-03   -0.9394055E-04    0.1022517E+02   -0.4948457E+01   -0.9426183E+01   -0.8669096E+00   -0.2898609E+01   -0.1488191E+00    0.8045216E-01    0.6957704E+01    0.1261356E-02    0.5184980E-02    0.4119829E-01   -0.4590640E-01   -0.3129454E-03    0.7800067E-03   -0.5721516E-01
    0.5117521E-06    0.1669875E-04   -0.3259599E-06    0.5061543E-05   -0.4220653E-03    0.1081616E-02    0.6090722E-05    0.8243582E-04   -0.3333681E-05   -0.7076821E-01   -0.1309114E-01   -0.4096064E-02    0.5051683E-02   -0.2576155E-02    0.5242205E-04    0.8093185E-04    0.1261356E-02    0.3678427E-01    0.3635428E-02   -0.4150112E-03    0.9616142E-04    0.4011953E-04   -0.7316103E-05   -0.5819402E-03
   -0.1501654E-06   -0.5387164E-05    0.2629658E-07   -0.2459478E-04    0.3567209E-03   -0.9380058E-04   -0.1169504E-03   -0.2881599E-06   -0.4713705E-06    0.4622942E-01   -0.1527459E+00   -0.1876019E-01    0.3022930E-01   -0.1487811E-01   -0.1318022E-03   -0.6305244E-03    0.5184980E-02    0.3635428E-02    0.3351914E-01   -0.2578581E-02    0.3240224E-02   -0.5963466E-04   -0.6453194E-04    0.7697508E-03
    0.7408783E-06   -0.3992287E-04    0.3499819E-05    0.5470172E-04    0.7952217E-03   -0.1712828E-02    0.8455103E-04   -0.1400204E-04    0.9859137E-05   -0.1135464E+00   -0.7782134E-01    0.6330731E+00   -0.4939013E+00   -0.4056865E-01   -0.1337502E-02    0.6905032E-03    0.4119829E-01   -0.4150112E-03   -0.2578581E-02    0.1358102E-01    0.1164886E-01    0.9751076E-07    0.6322918E-04    0.3887734E-03
   -0.1804419E-06    0.5634974E-05   -0.5654539E-06   -0.8661359E-04    0.1541648E-03    0.5859428E-03   -0.1698102E-03   -0.1093440E-04   -0.3636859E-05   -0.9303400E-01    0.1488660E+00   -0.9634867E-01   -0.1564120E-01    0.4813521E-01    0.2104439E-03    0.8283661E-03   -0.4590640E-01    0.9616142E-04    0.3240224E-02    0.1164886E-01    0.3186595E-01    0.4587039E-05    0.9385744E-04    0.1736820E-02
    0.2374520E-08    0.5424762E-08    0.2056102E-08   -0.1340880E-06   -0.3505358E-05   -0.2887930E-06    0.2086741E-06   -0.3312595E-06    0.1367528E-07    0.5865317E-02    0.3268470E-03    0.1251250E-02   -0.3154179E-03    0.3933659E-03    0.1784891E-04    0.9222146E-05   -0.3129454E-03    0.4011953E-04   -0.5963466E-04    0.9751076E-07    0.4587039E-05    0.9387189E-06   -0.6485684E-07   -0.7204699E-04
   -0.4132312E-08    0.6956852E-06   -0.3973211E-07   -0.1938714E-05   -0.1442401E-04    0.3235074E-04   -0.2862658E-05    0.5055031E-06   -0.4883412E-07    0.9176679E-02   -0.2624457E-05   -0.1191491E-01    0.5412655E-02   -0.1011471E-02   -0.3987031E-04   -0.3325602E-04    0.7800067E-03   -0.7316103E-05   -0.6453194E-04    0.6322918E-04    0.9385744E-04   -0.6485684E-07    0.3185188E-05   -0.2620106E-05
   -0.1520916E-06   -0.4373920E-04    0.2114406E-05   -0.4110737E-04    0.3315678E-02   -0.6477050E-03   -0.1438065E-03   -0.2071050E-04   -0.1152733E-04    0.1324855E+01    0.4349927E-01    0.1350361E+00   -0.1477461E-01    0.3117482E-01    0.8994910E-03   -0.3745987E-02   -0.5721516E-01   -0.5819402E-03    0.7697508E-03    0.3887734E-03    0.1736820E-02   -0.7204699E-04   -0.2620106E-05    0.1002045E+01
