# omegabh2 omegach2 theta tau meffsterile nnu logA ns acib217 acibsz143 asz143 aps100 aps143 aps143217 aps217 aksz kgal100 t1gal143 t1gal143217 t1gal217 calib_100T calib_217T
    0.7152435E-07    0.4628914E-06   -0.1905245E-07    0.1251081E-05    0.4180357E-05    0.3637641E-04    0.3373609E-05    0.1613610E-05   -0.3341962E-04   -0.1498346E-04    0.1849117E-04   -0.4816506E-03   -0.3002999E-03   -0.2072703E-03   -0.1849251E-03   -0.3875374E-05    0.1303676E-02    0.9368974E-03    0.9153209E-03    0.8719203E-03   -0.7238685E-07    0.5739273E-08
    0.4628914E-06    0.1832877E-04   -0.1522800E-05    0.4705839E-05   -0.2021782E-03    0.9109774E-03    0.4422936E-04    0.2729455E-04    0.8702403E-02    0.4097828E-02    0.5190452E-03    0.7527122E-02   -0.7526848E-04   -0.7288684E-02   -0.8377702E-02    0.1285963E-02    0.1146169E-01    0.9580101E-02    0.1030723E-01    0.1088937E-01   -0.7817084E-06   -0.4715970E-06
   -0.1905245E-07   -0.1522800E-05    0.3352837E-06   -0.4114761E-06    0.1344542E-04   -0.8205231E-04   -0.3656440E-05   -0.2250231E-05   -0.8830560E-03   -0.4067605E-03   -0.3747824E-04   -0.1108599E-02   -0.2203832E-03    0.5705486E-03    0.7020561E-03   -0.1011731E-03   -0.3451362E-03   -0.3233847E-03   -0.4163739E-03   -0.4759441E-03    0.3483857E-07    0.4855930E-07
    0.1251081E-05    0.4705839E-05   -0.4114761E-06    0.2222969E-03    0.2660871E-03    0.7717240E-03    0.4513510E-03    0.5579960E-04   -0.1216149E-01   -0.4454122E-02   -0.1612053E-02   -0.7914961E-02    0.4933936E-02    0.1185165E-01    0.1604683E-01   -0.2006662E-02   -0.6374012E-02   -0.4935544E-02   -0.6276535E-02   -0.5699373E-02    0.8540993E-06    0.5232886E-06
    0.4180357E-05   -0.2021782E-03    0.1344542E-04    0.2660871E-03    0.2108973E-01    0.6306615E-03    0.2917578E-03   -0.1775808E-05   -0.2075133E-01   -0.8959483E-02   -0.5504118E-02    0.7455152E-01    0.4465098E-01    0.4389696E-01    0.6186103E-01    0.1874092E-01   -0.4864112E-01    0.4147702E-02   -0.1132248E-01   -0.3161229E-01    0.6298454E-05    0.3629776E-05
    0.3637641E-04    0.9109774E-03   -0.8205231E-04    0.7717240E-03    0.6306615E-03    0.5789753E-01    0.3312733E-02    0.1986274E-02    0.5243911E+00    0.2556731E+00    0.3410205E-01    0.4273618E+00   -0.2479429E-01   -0.4670980E+00   -0.4997110E+00    0.9861384E-01    0.5608898E+00    0.5275759E+00    0.5572580E+00    0.5761799E+00   -0.3493675E-04   -0.2472457E-04
    0.3373609E-05    0.4422936E-04   -0.3656440E-05    0.4513510E-03    0.2917578E-03    0.3312733E-02    0.1003057E-02    0.1591711E-03   -0.7214057E-02   -0.1677326E-02   -0.3566450E-02    0.2618250E-01    0.2735323E-01    0.2504058E-01    0.2968046E-01   -0.1769475E-02   -0.1833124E-01   -0.4726363E-01   -0.5026858E-01   -0.4921762E-01   -0.2609429E-05    0.1734640E-06
    0.1613610E-05    0.2729455E-04   -0.2250231E-05    0.5579960E-04   -0.1775808E-05    0.1986274E-02    0.1591711E-03    0.9478151E-04    0.6468667E-02    0.3789670E-02   -0.7591410E-04   -0.1265563E-02    0.1630032E-02   -0.4611398E-02   -0.3297949E-02    0.9451844E-03    0.1690551E-01    0.1409084E-01    0.1320666E-01    0.1336875E-01   -0.6810743E-06   -0.1969966E-06
   -0.3341962E-04    0.8702403E-02   -0.8830560E-03   -0.1216149E-01   -0.2075133E-01    0.5243911E+00   -0.7214057E-02    0.6468667E-02    0.7941619E+02    0.3282102E+02    0.1677403E+01    0.1992624E+02   -0.2400692E+02   -0.8099393E+02   -0.9380219E+02   -0.2399402E+01   -0.1266389E+02   -0.2400870E+02   -0.3015167E+02   -0.3402550E+02    0.2269256E-04   -0.3760055E-02
   -0.1498346E-04    0.4097828E-02   -0.4067605E-03   -0.4454122E-02   -0.8959483E-02    0.2556731E+00   -0.1677326E-02    0.3789670E-02    0.3282102E+02    0.2349917E+02    0.2837604E+01   -0.1247970E+02   -0.2616944E+02   -0.5484801E+02   -0.3325028E+02   -0.1268329E+01   -0.8018552E+01   -0.1464869E+02   -0.2312508E+02   -0.2460902E+02   -0.5146425E-04   -0.3159580E-03
    0.1849117E-04    0.5190452E-03   -0.3747824E-04   -0.1612053E-02   -0.5504118E-02    0.3410205E-01   -0.3566450E-02   -0.7591410E-04    0.1677403E+01    0.2837604E+01    0.5422608E+01   -0.3620581E+02   -0.1596446E+02   -0.6269437E+01   -0.1668725E+01   -0.1779234E+00   -0.1313076E+01   -0.3216185E+00    0.2999313E+01    0.3457457E+01   -0.2365619E-03    0.1599136E-03
   -0.4816506E-03    0.7527122E-02   -0.1108599E-02   -0.7914961E-02    0.7455152E-01    0.4273618E+00    0.2618250E-01   -0.1265563E-02    0.1992624E+02   -0.1247970E+02   -0.3620581E+02    0.7360441E+03    0.1720026E+03    0.7016133E+02    0.1017581E+02   -0.7628698E+01   -0.8436169E+02   -0.5348487E+02   -0.5397017E+02   -0.4711599E+02   -0.1838375E-02   -0.4987855E-02
   -0.3002999E-03   -0.7526848E-04   -0.2203832E-03    0.4933936E-02    0.4465098E-01   -0.2479429E-01    0.2735323E-01    0.1630032E-02   -0.2400692E+02   -0.2616944E+02   -0.1596446E+02    0.1720026E+03    0.1240153E+03    0.1049046E+03    0.5972257E+02   -0.9132198E+01   -0.2229864E+02   -0.4160277E+02   -0.3361289E+02   -0.3030863E+02   -0.1217127E-02   -0.1006159E-02
   -0.2072703E-03   -0.7288684E-02    0.5705486E-03    0.1185165E-01    0.4389696E-01   -0.4670980E+00    0.2504058E-01   -0.4611398E-02   -0.8099393E+02   -0.5484801E+02   -0.6269437E+01    0.7016133E+02    0.1049046E+03    0.1744787E+03    0.1260929E+03   -0.6999796E+01   -0.1037701E+02   -0.2004207E+02   -0.6728265E+01   -0.7374160E+01   -0.1940345E-02    0.2241691E-02
   -0.1849251E-03   -0.8377702E-02    0.7020561E-03    0.1604683E-01    0.6186103E-01   -0.4997110E+00    0.2968046E-01   -0.3297949E-02   -0.9380219E+02   -0.3325028E+02   -0.1668725E+01    0.1017581E+02    0.5972257E+02    0.1260929E+03    0.1602433E+03   -0.7192760E+01   -0.1453409E+02   -0.2895341E+02   -0.3537936E+02   -0.3975215E+02   -0.2182436E-02    0.6695352E-02
   -0.3875374E-05    0.1285963E-02   -0.1011731E-03   -0.2006662E-02    0.1874092E-01    0.9861384E-01   -0.1769475E-02    0.9451844E-03   -0.2399402E+01   -0.1268329E+01   -0.1779234E+00   -0.7628698E+01   -0.9132198E+01   -0.6999796E+01   -0.7192760E+01    0.7800356E+01   -0.3877205E+01   -0.4120221E+01   -0.4271141E+01   -0.4280898E+01   -0.3278509E-04    0.9905402E-04
    0.1303676E-02    0.1146169E-01   -0.3451362E-03   -0.6374012E-02   -0.4864112E-01    0.5608898E+00   -0.1833124E-01    0.1690551E-01   -0.1266389E+02   -0.8018552E+01   -0.1313076E+01   -0.8436169E+02   -0.2229864E+02   -0.1037701E+02   -0.1453409E+02   -0.3877205E+01    0.2521806E+03    0.1741418E+03    0.1723613E+03    0.1705082E+03   -0.1329821E-01    0.4352040E-03
    0.9368974E-03    0.9580101E-02   -0.3233847E-03   -0.4935544E-02    0.4147702E-02    0.5275759E+00   -0.4726363E-01    0.1409084E-01   -0.2400870E+02   -0.1464869E+02   -0.3216185E+00   -0.5348487E+02   -0.4160277E+02   -0.2004207E+02   -0.2895341E+02   -0.4120221E+01    0.1741418E+03    0.3072088E+03    0.3147489E+03    0.3164814E+03    0.9319653E-02    0.3382915E-03
    0.9153209E-03    0.1030723E-01   -0.4163739E-03   -0.6276535E-02   -0.1132248E-01    0.5572580E+00   -0.5026858E-01    0.1320666E-01   -0.3015167E+02   -0.2312508E+02    0.2999313E+01   -0.5397017E+02   -0.3361289E+02   -0.6728265E+01   -0.3537936E+02   -0.4271141E+01    0.1723613E+03    0.3147489E+03    0.3635271E+03    0.3921763E+03    0.9364248E-02   -0.5267689E-02
    0.8719203E-03    0.1088937E-01   -0.4759441E-03   -0.5699373E-02   -0.3161229E-01    0.5761799E+00   -0.4921762E-01    0.1336875E-01   -0.3402550E+02   -0.2460902E+02    0.3457457E+01   -0.4711599E+02   -0.3030863E+02   -0.7374160E+01   -0.3975215E+02   -0.4280898E+01    0.1705082E+03    0.3164814E+03    0.3921763E+03    0.4469129E+03    0.9483499E-02   -0.1017197E-01
   -0.7238685E-07   -0.7817084E-06    0.3483857E-07    0.8540993E-06    0.6298454E-05   -0.3493675E-04   -0.2609429E-05   -0.6810743E-06    0.2269256E-04   -0.5146425E-04   -0.2365619E-03   -0.1838375E-02   -0.1217127E-02   -0.1940345E-02   -0.2182436E-02   -0.3278509E-04   -0.1329821E-01    0.9319653E-02    0.9364248E-02    0.9483499E-02    0.3087438E-05   -0.1310646E-07
    0.5739273E-08   -0.4715970E-06    0.4855930E-07    0.5232886E-06    0.3629776E-05   -0.2472457E-04    0.1734640E-06   -0.1969966E-06   -0.3760055E-02   -0.3159580E-03    0.1599136E-03   -0.4987855E-02   -0.1006159E-02    0.2241691E-02    0.6695352E-02    0.9905402E-04    0.4352040E-03    0.3382915E-03   -0.5267689E-02   -0.1017197E-01   -0.1310646E-07    0.1465511E-05
