# omegabh2 omegach2 theta tau nnu logA ns calPlanck acib217 xi asz143 aps100 aps143 aps143217 aps217 aksz kgal100 kgal143 kgal143217 kgal217 galfEE100 galfEE100143 galfEE100217 galfEE143 galfEE143217 galfEE217 galfTE100 galfTE100143 galfTE100217 galfTE143 galfTE143217 galfTE217 cal0 cal2
    0.6114335E-07    0.3896815E-06   -0.3571590E-07    0.1947890E-05    0.3915352E-04    0.5062311E-05    0.1973165E-05    0.3353975E-07    0.4890513E-04   -0.1420714E-05   -0.1194296E-04    0.2630935E-03    0.3893861E-04   -0.3478804E-04   -0.4949277E-04    0.2773249E-04    0.1343027E-04    0.1050283E-04   -0.1005436E-04   -0.2851001E-04    0.2332306E-06    0.8993992E-07    0.2665231E-07    0.1015680E-06   -0.4603388E-08    0.5114061E-07   -0.5860461E-06   -0.2742935E-06   -0.3848222E-06   -0.2101092E-06   -0.5743335E-06   -0.1696482E-05   -0.1622144E-08    0.2225599E-08
    0.3896815E-06    0.1000395E-04   -0.1014504E-05    0.6045083E-05    0.5825612E-03    0.3757321E-04    0.1829831E-04    0.4903760E-07    0.3254718E-02   -0.5365615E-04   -0.6422174E-03    0.1317504E-01    0.5774807E-02    0.1175155E-02   -0.1450554E-02    0.1228799E-02    0.2080488E-03    0.2438770E-03    0.3083821E-03   -0.5281887E-03    0.1305008E-05    0.3229701E-06    0.1434468E-06    0.4251359E-06   -0.1420281E-05   -0.1865488E-05    0.3495196E-05    0.1751321E-05   -0.4032375E-05   -0.6053108E-06   -0.2054428E-05    0.5658070E-05   -0.7340502E-07    0.3321688E-06
   -0.3571590E-07   -0.1014504E-05    0.1922674E-06   -0.7353654E-06   -0.6189188E-04   -0.3983406E-05   -0.1963762E-05   -0.1022595E-07   -0.3213634E-03    0.5221134E-05    0.6009065E-04   -0.1324850E-02   -0.6112084E-03   -0.1616088E-03    0.1020901E-03   -0.1092666E-03   -0.2769990E-04   -0.2710802E-04   -0.3356411E-04    0.4900900E-04   -0.1912212E-06   -0.3473165E-07   -0.1846729E-07   -0.7655001E-07    0.1820913E-06    0.1909921E-07   -0.4504742E-06   -0.2472566E-06    0.1033554E-05   -0.8304169E-07    0.3390230E-06   -0.3645634E-06    0.4792755E-08   -0.3186760E-07
    0.1947890E-05    0.6045083E-05   -0.7353654E-06    0.3145860E-03    0.1160048E-02    0.6419828E-03    0.8195751E-04   -0.1581268E-05   -0.8209251E-02    0.1804120E-03    0.9790125E-03   -0.3052294E-01   -0.8153835E-02    0.2613092E-02    0.7780324E-02   -0.2483254E-02   -0.1513255E-03   -0.6097010E-03   -0.2143060E-02   -0.2449276E-03    0.9767161E-05    0.4168235E-05    0.9248248E-06    0.3769629E-05    0.3262026E-05   -0.2174598E-05   -0.4937820E-04   -0.1566866E-04   -0.1678948E-04    0.3347630E-05   -0.1765706E-04   -0.9618836E-04   -0.9530089E-07   -0.9536437E-06
    0.3915352E-04    0.5825612E-03   -0.6189188E-04    0.1160048E-02    0.4283946E-01    0.3835743E-02    0.1736852E-02    0.1316879E-04    0.1982038E+00   -0.3513392E-02   -0.3814808E-01    0.7687340E+00    0.3142482E+00    0.3677935E-01   -0.1137926E+00    0.7833525E-01    0.1597448E-01    0.1811730E-01    0.1365404E-01   -0.4489760E-01    0.1707962E-03    0.5931481E-04    0.9558257E-05    0.6990348E-04   -0.6084691E-04   -0.1111455E-03   -0.5288527E-04    0.1269632E-04   -0.3998102E-03   -0.6163246E-04   -0.3090981E-03   -0.3343824E-03   -0.6082031E-05    0.1753632E-04
    0.5062311E-05    0.3757321E-04   -0.3983406E-05    0.6419828E-03    0.3835743E-02    0.1405217E-02    0.2115170E-03    0.1024203E-04   -0.9240040E-02    0.2776008E-03    0.5404783E-03   -0.2616027E-01   -0.3003880E-03    0.1201652E-01    0.1942699E-01   -0.3089284E-02    0.1634559E-03   -0.1046962E-02   -0.3767388E-02    0.4337123E-03    0.2576001E-04    0.9353214E-05    0.2917918E-05    0.9809287E-05    0.2145780E-05   -0.8835485E-05   -0.9065892E-04   -0.3076060E-04   -0.4150855E-04    0.2792363E-05   -0.4570610E-04   -0.1818891E-03   -0.2018709E-06   -0.1238838E-05
    0.1973165E-05    0.1829831E-04   -0.1963762E-05    0.8195751E-04    0.1736852E-02    0.2115170E-03    0.9392927E-04    0.1082107E-05    0.2175752E-02   -0.2008757E-04   -0.3817046E-03    0.4001236E-02    0.4530497E-02    0.2878698E-02    0.1178022E-02    0.6494999E-03    0.7731056E-03    0.5477054E-03   -0.2855370E-03   -0.1406252E-02    0.1216066E-04    0.4784109E-05    0.5307393E-06    0.5398639E-05   -0.7880128E-06   -0.4746048E-05   -0.9589274E-05   -0.2243889E-05   -0.1224914E-04   -0.2717905E-05   -0.1706346E-04   -0.3750233E-04   -0.4400476E-06    0.8426849E-07
    0.3353975E-07    0.4903760E-07   -0.1022595E-07   -0.1581268E-05    0.1316879E-04    0.1024203E-04    0.1082107E-05    0.6537032E-05    0.4784032E-03    0.1600719E-05    0.7961206E-04    0.2139876E-02    0.4984157E-03    0.7919198E-03    0.1851813E-02   -0.1685133E-03    0.5213720E-04    0.3175878E-04    0.3892206E-04    0.8835316E-03    0.1958038E-05    0.2765090E-06    0.3152283E-06    0.7187031E-06   -0.2601923E-07    0.7408015E-06    0.8850380E-06   -0.7966013E-06    0.1333189E-05   -0.7370435E-06   -0.2357814E-05    0.6899296E-06   -0.2770820E-07   -0.4697937E-07
    0.4890513E-04    0.3254718E-02   -0.3213634E-03   -0.8209251E-02    0.1982038E+00   -0.9240040E-02    0.2175752E-02    0.4784032E-03    0.4992243E+02   -0.4794809E+00   -0.1344380E+01    0.4347322E+02    0.2385411E+01   -0.1926909E+02   -0.6648311E+02    0.4094916E+00   -0.1321487E+00    0.4564576E+00   -0.2582317E+01   -0.2514738E+02    0.1350520E-03   -0.1815578E-03   -0.3046318E-04   -0.5223166E-03    0.1000107E-02   -0.2741094E-03    0.5269315E-03    0.2226464E-02    0.4211606E-02   -0.4957387E-02   -0.3618536E-02    0.8469540E-02   -0.2227612E-03    0.4514616E-02
   -0.1420714E-05   -0.5365615E-04    0.5221134E-05    0.1804120E-03   -0.3513392E-02    0.2776008E-03   -0.2008757E-04    0.1600719E-05   -0.4794809E+00    0.8240953E-01   -0.6384241E-01   -0.5108028E+00    0.9556485E+00    0.1836169E+01    0.7623088E+00    0.5528754E-01   -0.1143503E-01   -0.2269575E-03    0.7381542E-01    0.6318261E-01    0.4207783E-04    0.1520294E-04    0.2439985E-04    0.2787432E-04   -0.2115834E-04   -0.1474108E-03    0.7373863E-04    0.4172514E-04    0.2550780E-03   -0.5469529E-04    0.2809316E-04   -0.7211549E-03    0.9855147E-05   -0.2178490E-04
   -0.1194296E-04   -0.6422174E-03    0.6009065E-04    0.9790125E-03   -0.3814808E-01    0.5404783E-03   -0.3817046E-03    0.7961206E-04   -0.1344380E+01   -0.6384241E-01    0.3666740E+01   -0.2935919E+02   -0.4110485E+01    0.7163567E+01    0.5932861E+01   -0.2527556E+01   -0.2230373E+00    0.2481112E-01    0.2256194E+01    0.1785918E+01    0.1563295E-04   -0.3891520E-05   -0.2571212E-03   -0.6947239E-04   -0.1157452E-03    0.4125878E-03   -0.7775341E-03   -0.5615134E-03    0.2111115E-03   -0.3435329E-03    0.2110090E-03   -0.1822948E-03    0.1798725E-03   -0.3463638E-03
    0.2630935E-03    0.1317504E-01   -0.1324850E-02   -0.3052294E-01    0.7687340E+00   -0.2616027E-01    0.4001236E-02    0.2139876E-02    0.4347322E+02   -0.5108028E+00   -0.2935919E+02    0.7332023E+03    0.7370536E+02   -0.5589580E+02   -0.6890627E+02    0.1367202E+02    0.6530099E+00    0.1259841E+00   -0.1227799E+02   -0.1888232E+02   -0.4601294E-02   -0.1006776E-02    0.1341213E-02   -0.1533081E-02   -0.6755873E-02    0.4722367E-02    0.5623715E-01    0.9725321E-02   -0.2949913E-01   -0.2207213E-02   -0.1561505E-01   -0.1325736E-01    0.4564390E-02    0.4387395E-02
    0.3893861E-04    0.5774807E-02   -0.6112084E-03   -0.8153835E-02    0.3142482E+00   -0.3003880E-03    0.4530497E-02    0.4984157E-03    0.2385411E+01    0.9556485E+00   -0.4110485E+01    0.7370536E+02    0.5931562E+02    0.4141081E+02    0.1527099E+02   -0.3567593E+01   -0.3094225E+00   -0.8794811E+00    0.3313890E+01    0.2141015E+01    0.8741608E-04   -0.8978153E-04    0.8241901E-03    0.4569200E-03   -0.3609993E-02   -0.1797931E-02    0.1253934E-02    0.4068573E-02   -0.2474151E-01    0.9938568E-03   -0.2721450E-02   -0.2013802E-02    0.1311590E-03    0.2439737E-03
   -0.3478804E-04    0.1175155E-02   -0.1616088E-03    0.2613092E-02    0.3677935E-01    0.1201652E-01    0.2878698E-02    0.7919198E-03   -0.1926909E+02    0.1836169E+01    0.7163567E+01   -0.5589580E+02    0.4141081E+02    0.9239511E+02    0.6259594E+02   -0.1091002E+02   -0.8033469E+00   -0.4815868E+00    0.3389068E+01    0.3218253E+01    0.1156732E-02    0.1596440E-03   -0.2813166E-03    0.7023865E-03   -0.3273955E-02   -0.2785999E-02    0.4767920E-02    0.1464162E-02   -0.3288105E-02    0.2844588E-04    0.1938021E-02   -0.1881420E-01    0.7500606E-03   -0.2590308E-02
   -0.4949277E-04   -0.1450554E-02    0.1020901E-03    0.7780324E-02   -0.1137926E+00    0.1942699E-01    0.1178022E-02    0.1851813E-02   -0.6648311E+02    0.7623088E+00    0.5932861E+01   -0.6890627E+02    0.1527099E+02    0.6259594E+02    0.1238092E+03   -0.9435503E+01   -0.1973339E+00   -0.6943049E+00   -0.4302865E+00    0.2090807E+02    0.1001409E-04    0.1776360E-03   -0.2639815E-03    0.9859697E-03   -0.2664641E-02   -0.2383261E-02    0.4946240E-02   -0.1007070E-02   -0.1449039E-01    0.7576092E-02    0.5012542E-02   -0.1635468E-01    0.6192619E-03   -0.7810661E-02
    0.2773249E-04    0.1228799E-02   -0.1092666E-03   -0.2483254E-02    0.7833525E-01   -0.3089284E-02    0.6494999E-03   -0.1685133E-03    0.4094916E+00    0.5528754E-01   -0.2527556E+01    0.1367202E+02   -0.3567593E+01   -0.1091002E+02   -0.9435503E+01    0.5744368E+01    0.1435485E+00   -0.1185011E-01   -0.1698404E+01   -0.1228392E+01   -0.1163964E-04   -0.5370459E-04    0.3695701E-04   -0.1068502E-03    0.4245554E-03    0.8081192E-03    0.1809906E-02    0.1435908E-02    0.3442928E-02   -0.4861603E-04    0.9269564E-03    0.3461664E-02   -0.1225209E-03    0.1967638E-03
    0.1343027E-04    0.2080488E-03   -0.2769990E-04   -0.1513255E-03    0.1597448E-01    0.1634559E-03    0.7731056E-03    0.5213720E-04   -0.1321487E+00   -0.1143503E-01   -0.2230373E+00    0.6530099E+00   -0.3094225E+00   -0.8033469E+00   -0.1973339E+00    0.1435485E+00    0.3162124E+01    0.7387809E+00    0.3187989E+00    0.5695576E+00    0.1553194E-03    0.5491402E-04   -0.5235454E-05   -0.7093196E-05    0.1642045E-03   -0.1150385E-04   -0.2940335E-02    0.3221475E-03   -0.8413143E-03    0.3305180E-03   -0.1408158E-02    0.4704070E-03    0.4426221E-03    0.5278562E-05
    0.1050283E-04    0.2438770E-03   -0.2710802E-04   -0.6097010E-03    0.1811730E-01   -0.1046962E-02    0.5477054E-03    0.3175878E-04    0.4564576E+00   -0.2269575E-03    0.2481112E-01    0.1259841E+00   -0.8794811E+00   -0.4815868E+00   -0.6943049E+00   -0.1185011E-01    0.7387809E+00    0.3076973E+01    0.2261271E+01    0.1141529E+01    0.1343731E-03   -0.3792884E-05    0.1927995E-03    0.2802183E-04    0.6876864E-03   -0.3577005E-03    0.4703475E-02    0.1892231E-03   -0.4776357E-04   -0.4651077E-03   -0.1051732E-02    0.3506333E-04   -0.4405911E-03   -0.1997406E-03
   -0.1005436E-04    0.3083821E-03   -0.3356411E-04   -0.2143060E-02    0.1365404E-01   -0.3767388E-02   -0.2855370E-03    0.3892206E-04   -0.2582317E+01    0.7381542E-01    0.2256194E+01   -0.1227799E+02    0.3313890E+01    0.3389068E+01   -0.4302865E+00   -0.1698404E+01    0.3187989E+00    0.2261271E+01    0.1751245E+02    0.2686356E+02   -0.3256198E-03   -0.8412700E-04    0.2569927E-03   -0.5835534E-04   -0.2805700E-03    0.4918469E-03    0.2804337E-02    0.3501240E-04   -0.1641884E-01   -0.3663304E-03   -0.4717946E-02   -0.2950385E-02   -0.9822358E-04    0.2549879E-02
   -0.2851001E-04   -0.5281887E-03    0.4900900E-04   -0.2449276E-03   -0.4489760E-01    0.4337123E-03   -0.1406252E-02    0.8835316E-03   -0.2514738E+02    0.6318261E-01    0.1785918E+01   -0.1888232E+02    0.2141015E+01    0.3218253E+01    0.2090807E+02   -0.1228392E+01    0.5695576E+00    0.1141529E+01    0.2686356E+02    0.6202067E+02   -0.2574053E-04   -0.2432851E-04    0.4881245E-03    0.6900588E-04   -0.9081063E-03    0.2827065E-02    0.1411286E-02   -0.2442810E-02   -0.2460721E-01    0.2376696E-02   -0.3901492E-02   -0.2632579E-02   -0.3674518E-04    0.4481415E-02
    0.2332306E-06    0.1305008E-05   -0.1912212E-06    0.9767161E-05    0.1707962E-03    0.2576001E-04    0.1216066E-04    0.1958038E-05    0.1350520E-03    0.4207783E-04    0.1563295E-04   -0.4601294E-02    0.8741608E-04    0.1156732E-02    0.1001409E-04   -0.1163964E-04    0.1553194E-03    0.1343731E-03   -0.3256198E-03   -0.2574053E-04    0.1266883E-03    0.1085797E-04   -0.2298744E-06    0.3480630E-05   -0.1864237E-05   -0.4316162E-05   -0.8859880E-05   -0.1109126E-05   -0.7808223E-05    0.3121110E-05   -0.1151227E-07   -0.3282061E-04   -0.9402880E-07   -0.5162692E-07
    0.8993992E-07    0.3229701E-06   -0.3473165E-07    0.4168235E-05    0.5931481E-04    0.9353214E-05    0.4784109E-05    0.2765090E-06   -0.1815578E-03    0.1520294E-04   -0.3891520E-05   -0.1006776E-02   -0.8978153E-04    0.1596440E-03    0.1776360E-03   -0.5370459E-04    0.5491402E-04   -0.3792884E-05   -0.8412700E-04   -0.2432851E-04    0.1085797E-04    0.1414592E-04   -0.9526844E-06    0.6713688E-05    0.3285450E-06    0.3501895E-06    0.7262042E-06   -0.5895811E-06   -0.1772926E-05   -0.7196313E-07   -0.8422093E-06   -0.9544175E-05   -0.6313171E-07   -0.2859303E-07
    0.2665231E-07    0.1434468E-06   -0.1846729E-07    0.9248248E-06    0.9558257E-05    0.2917918E-05    0.5307393E-06    0.3152283E-06   -0.3046318E-04    0.2439985E-04   -0.2571212E-03    0.1341213E-02    0.8241901E-03   -0.2813166E-03   -0.2639815E-03    0.3695701E-04   -0.5235454E-05    0.1927995E-03    0.2569927E-03    0.4881245E-03   -0.2298744E-06   -0.9526844E-06    0.2222118E-03    0.1611756E-06   -0.2223419E-05    0.1035139E-04    0.7815058E-05    0.2658289E-05   -0.4083722E-04   -0.4732617E-05    0.2697817E-05   -0.3786853E-05    0.6859202E-07    0.2104672E-06
    0.1015680E-06    0.4251359E-06   -0.7655001E-07    0.3769629E-05    0.6990348E-04    0.9809287E-05    0.5398639E-05    0.7187031E-06   -0.5223166E-03    0.2787432E-04   -0.6947239E-04   -0.1533081E-02    0.4569200E-03    0.7023865E-03    0.9859697E-03   -0.1068502E-03   -0.7093196E-05    0.2802183E-04   -0.5835534E-04    0.6900588E-04    0.3480630E-05    0.6713688E-05    0.1611756E-06    0.3090762E-04    0.3716329E-06    0.7186433E-06   -0.1609052E-06   -0.1433317E-05   -0.1259902E-04   -0.4558159E-06   -0.1076308E-05   -0.1562375E-04   -0.1211010E-06   -0.1007919E-06
   -0.4603388E-08   -0.1420281E-05    0.1820913E-06    0.3262026E-05   -0.6084691E-04    0.2145780E-05   -0.7880128E-06   -0.2601923E-07    0.1000107E-02   -0.2115834E-04   -0.1157452E-03   -0.6755873E-02   -0.3609993E-02   -0.3273955E-02   -0.2664641E-02    0.4245554E-03    0.1642045E-03    0.6876864E-03   -0.2805700E-03   -0.9081063E-03   -0.1864237E-05    0.3285450E-06   -0.2223419E-05    0.3716329E-06    0.3923957E-03   -0.3106436E-05    0.6579123E-06    0.3222036E-05   -0.8448914E-05   -0.2639733E-06   -0.4567861E-05   -0.5514130E-04   -0.1863902E-06    0.3660853E-07
    0.5114061E-07   -0.1865488E-05    0.1909921E-07   -0.2174598E-05   -0.1111455E-03   -0.8835485E-05   -0.4746048E-05    0.7408015E-06   -0.2741094E-03   -0.1474108E-03    0.4125878E-03    0.4722367E-02   -0.1797931E-02   -0.2785999E-02   -0.2383261E-02    0.8081192E-03   -0.1150385E-04   -0.3577005E-03    0.4918469E-03    0.2827065E-02   -0.4316162E-05    0.3501895E-06    0.1035139E-04    0.7186433E-06   -0.3106436E-05    0.3470389E-02    0.8858789E-05    0.1569479E-04   -0.2960846E-04    0.1274814E-04    0.5506179E-05    0.1300971E-04    0.2381565E-06    0.5169867E-06
   -0.5860461E-06    0.3495196E-05   -0.4504742E-06   -0.4937820E-04   -0.5288527E-04   -0.9065892E-04   -0.9589274E-05    0.8850380E-06    0.5269315E-03    0.7373863E-04   -0.7775341E-03    0.5623715E-01    0.1253934E-02    0.4767920E-02    0.4946240E-02    0.1809906E-02   -0.2940335E-02    0.4703475E-02    0.2804337E-02    0.1411286E-02   -0.8859880E-05    0.7262042E-06    0.7815058E-05   -0.1609052E-06    0.6579123E-06    0.8858789E-05    0.5752673E-02    0.1819553E-02    0.1776244E-02   -0.7048005E-03   -0.1064034E-03   -0.6590129E-04    0.1754218E-05   -0.2394475E-06
   -0.2742935E-06    0.1751321E-05   -0.2472566E-06   -0.1566866E-04    0.1269632E-04   -0.3076060E-04   -0.2243889E-05   -0.7966013E-06    0.2226464E-02    0.4172514E-04   -0.5615134E-03    0.9725321E-02    0.4068573E-02    0.1464162E-02   -0.1007070E-02    0.1435908E-02    0.3221475E-03    0.1892231E-03    0.3501240E-04   -0.2442810E-02   -0.1109126E-05   -0.5895811E-06    0.2658289E-05   -0.1433317E-05    0.3222036E-05    0.1569479E-04    0.1819553E-02    0.1229086E-02    0.8434052E-03    0.2037320E-03   -0.4716859E-05   -0.2180584E-03   -0.5963501E-07   -0.2946109E-06
   -0.3848222E-06   -0.4032375E-05    0.1033554E-05   -0.1678948E-04   -0.3998102E-03   -0.4150855E-04   -0.1224914E-04    0.1333189E-05    0.4211606E-02    0.2550780E-03    0.2111115E-03   -0.2949913E-01   -0.2474151E-01   -0.3288105E-02   -0.1449039E-01    0.3442928E-02   -0.8413143E-03   -0.4776357E-04   -0.1641884E-01   -0.2460721E-01   -0.7808223E-05   -0.1772926E-05   -0.4083722E-04   -0.1259902E-04   -0.8448914E-05   -0.2960846E-04    0.1776244E-02    0.8434052E-03    0.3344512E-01   -0.5821541E-03    0.1450028E-02    0.1057276E-01   -0.1452300E-05   -0.1405175E-05
   -0.2101092E-06   -0.6053108E-06   -0.8304169E-07    0.3347630E-05   -0.6163246E-04    0.2792363E-05   -0.2717905E-05   -0.7370435E-06   -0.4957387E-02   -0.5469529E-04   -0.3435329E-03   -0.2207213E-02    0.9938568E-03    0.2844588E-04    0.7576092E-02   -0.4861603E-04    0.3305180E-03   -0.4651077E-03   -0.3663304E-03    0.2376696E-02    0.3121110E-05   -0.7196313E-07   -0.4732617E-05   -0.4558159E-06   -0.2639733E-06    0.1274814E-04   -0.7048005E-03    0.2037320E-03   -0.5821541E-03    0.1389507E-02    0.1527097E-03   -0.3621283E-03    0.2812807E-06   -0.6352788E-07
   -0.5743335E-06   -0.2054428E-05    0.3390230E-06   -0.1765706E-04   -0.3090981E-03   -0.4570610E-04   -0.1706346E-04   -0.2357814E-05   -0.3618536E-02    0.2809316E-04    0.2110090E-03   -0.1561505E-01   -0.2721450E-02    0.1938021E-02    0.5012542E-02    0.9269564E-03   -0.1408158E-02   -0.1051732E-02   -0.4717946E-02   -0.3901492E-02   -0.1151227E-07   -0.8422093E-06    0.2697817E-05   -0.1076308E-05   -0.4567861E-05    0.5506179E-05   -0.1064034E-03   -0.4716859E-05    0.1450028E-02    0.1527097E-03    0.5042414E-02    0.3772218E-02   -0.2349838E-06   -0.7874485E-06
   -0.1696482E-05    0.5658070E-05   -0.3645634E-06   -0.9618836E-04   -0.3343824E-03   -0.1818891E-03   -0.3750233E-04    0.6899296E-06    0.8469540E-02   -0.7211549E-03   -0.1822948E-03   -0.1325736E-01   -0.2013802E-02   -0.1881420E-01   -0.1635468E-01    0.3461664E-02    0.4704070E-03    0.3506333E-04   -0.2950385E-02   -0.2632579E-02   -0.3282061E-04   -0.9544175E-05   -0.3786853E-05   -0.1562375E-04   -0.5514130E-04    0.1300971E-04   -0.6590129E-04   -0.2180584E-03    0.1057276E-01   -0.3621283E-03    0.3772218E-02    0.3474123E-01   -0.2672198E-06    0.1007176E-05
   -0.1622144E-08   -0.7340502E-07    0.4792755E-08   -0.9530089E-07   -0.6082031E-05   -0.2018709E-06   -0.4400476E-06   -0.2770820E-07   -0.2227612E-03    0.9855147E-05    0.1798725E-03    0.4564390E-02    0.1311590E-03    0.7500606E-03    0.6192619E-03   -0.1225209E-03    0.4426221E-03   -0.4405911E-03   -0.9822358E-04   -0.3674518E-04   -0.9402880E-07   -0.6313171E-07    0.6859202E-07   -0.1211010E-06   -0.1863902E-06    0.2381565E-06    0.1754218E-05   -0.5963501E-07   -0.1452300E-05    0.2812807E-06   -0.2349838E-06   -0.2672198E-06    0.5436936E-06    0.8692933E-08
    0.2225599E-08    0.3321688E-06   -0.3186760E-07   -0.9536437E-06    0.1753632E-04   -0.1238838E-05    0.8426849E-07   -0.4697937E-07    0.4514616E-02   -0.2178490E-04   -0.3463638E-03    0.4387395E-02    0.2439737E-03   -0.2590308E-02   -0.7810661E-02    0.1967638E-03    0.5278562E-05   -0.1997406E-03    0.2549879E-02    0.4481415E-02   -0.5162692E-07   -0.2859303E-07    0.2104672E-06   -0.1007919E-06    0.3660853E-07    0.5169867E-06   -0.2394475E-06   -0.2946109E-06   -0.1405175E-05   -0.6352788E-07   -0.7874485E-06    0.1007176E-05    0.8692933E-08    0.2102571E-05
