# omegabh2 omegach2 theta tau logA ns aps100 aps143 aps217 acib143 acib217 asz143 psr cibr ncib xi aksz cal0 cal2 calTE calEE bm_1_1
    0.2529169E-07   -0.1219635E-06    0.1810895E-07    0.5507047E-06    0.8848986E-06    0.3385431E-06   -0.3645405E-03   -0.1838774E-03    0.8090673E-04   -0.4207060E-04   -0.1127232E-03    0.9752800E-05    0.7579809E-06   -0.2187001E-05   -0.1019850E-05    0.7783360E-06   -0.4159431E-04    0.8705532E-09   -0.8417994E-08   -0.5221646E-07   -0.1869886E-06   -0.9499119E-06
   -0.1219635E-06    0.2005689E-05   -0.1546442E-06   -0.5974301E-05   -0.7085061E-05   -0.4671436E-05    0.5393075E-02    0.1316777E-02   -0.1589915E-03    0.6753945E-04    0.5573026E-03   -0.9618921E-04   -0.2633761E-06    0.9831710E-05    0.7924953E-05   -0.3002509E-05    0.9499739E-04   -0.1425824E-07    0.7498307E-07   -0.1405432E-06   -0.4692335E-06    0.5761466E-04
    0.1810895E-07   -0.1546442E-06    0.9754602E-07    0.6273547E-06    0.9691999E-06    0.4919123E-06   -0.3708207E-03   -0.1141010E-03   -0.7720780E-04   -0.2718344E-04   -0.3271103E-04    0.8679178E-05    0.4641412E-06   -0.3624304E-06   -0.1745426E-06    0.1107148E-05    0.1446640E-04   -0.8463645E-08    0.2149718E-08   -0.6806924E-08    0.5386076E-07   -0.7198574E-06
    0.5507047E-06   -0.5974301E-05    0.6273547E-06    0.1612119E-03    0.3069957E-03    0.2276460E-04   -0.3295517E-01   -0.5424422E-02    0.1099567E-01   -0.3755603E-02   -0.8650497E-02    0.2406535E-03    0.4093178E-04   -0.1065047E-03   -0.6272087E-04    0.1325901E-03   -0.2684277E-02    0.1774934E-06   -0.9542092E-06   -0.8812036E-05   -0.3682048E-05   -0.2700948E-03
    0.8848986E-06   -0.7085061E-05    0.9691999E-06    0.3069957E-03    0.6014500E-03    0.3341249E-04   -0.5202760E-01   -0.3123367E-02    0.2812388E-01   -0.9451341E-02   -0.1775012E-01   -0.4056272E-03    0.9657617E-04   -0.2383499E-03   -0.8376839E-04    0.2910791E-03   -0.6731083E-02    0.5114565E-06   -0.3000913E-06   -0.1555252E-04   -0.4136896E-05    0.1106694E-03
    0.3385431E-06   -0.4671436E-05    0.4919123E-06    0.2276460E-04    0.3341249E-04    0.2353710E-04   -0.2393274E-01   -0.3330355E-02    0.1100793E-01   -0.3472683E-02   -0.7351410E-02   -0.4856127E-03    0.2676917E-04   -0.1398232E-03   -0.7097207E-04    0.3236412E-04   -0.2803583E-02   -0.8058218E-07    0.6090391E-06    0.1218537E-06   -0.1424502E-05    0.3798945E-04
   -0.3645405E-03    0.5393075E-02   -0.3708207E-03   -0.3295517E-01   -0.5202760E-01   -0.2393274E-01    0.2334540E+04    0.9890167E+02   -0.8501477E+02    0.4176830E+02    0.5963868E+02   -0.5344914E+02   -0.1003705E+01   -0.9026765E+00    0.4850916E+00    0.2815485E+00   -0.1304837E+02    0.2573231E-02    0.1770383E-03   -0.8383070E-04    0.2999060E-02    0.1166595E+02
   -0.1838774E-03    0.1316777E-02   -0.1141010E-03   -0.5424422E-02   -0.3123367E-02   -0.3330355E-02    0.9890167E+02    0.1083137E+03    0.2252344E+02   -0.1460936E+02    0.2689228E+01   -0.7910464E+01   -0.2082826E+00    0.9789084E-01    0.4835935E-01    0.1030622E+01   -0.1236892E+02    0.4487398E-03    0.1635326E-02    0.4159863E-02    0.5237015E-02    0.2381046E-01
    0.8090673E-04   -0.1589915E-03   -0.7720780E-04    0.1099567E-01    0.2812388E-01    0.1100793E-01   -0.8501477E+02    0.2252344E+02    0.2684073E+03   -0.2445385E+02   -0.1221331E+03    0.2072338E+01   -0.1749939E-02   -0.1277398E+01   -0.1631524E+01    0.4165228E+00   -0.8280698E+01    0.2073033E-03   -0.3041165E-02    0.1009688E-02    0.2225639E-02    0.2272049E+00
   -0.4207060E-04    0.6753945E-04   -0.2718344E-04   -0.3755603E-02   -0.9451341E-02   -0.3472683E-02    0.4176830E+02   -0.1460936E+02   -0.2445385E+02    0.1826493E+02    0.1488323E+02   -0.1186803E+01    0.1993597E-01   -0.3051970E-01    0.2073870E+00    0.1521698E+00   -0.1045020E+01   -0.1376493E-03   -0.1441479E-02   -0.1368109E-02   -0.5309482E-03   -0.2216194E+00
   -0.1127232E-03    0.5573026E-03   -0.3271103E-04   -0.8650497E-02   -0.1775012E-01   -0.7351410E-02    0.5963868E+02    0.2689228E+01   -0.1221331E+03    0.1488323E+02    0.6739820E+02   -0.4153163E-01    0.6872646E-01    0.5913458E+00    0.1009853E+01   -0.2172550E+00   -0.2624955E+01   -0.1102048E-04    0.7461493E-03    0.2841417E-03    0.6918649E-03    0.1888048E-01
    0.9752800E-05   -0.9618921E-04    0.8679178E-05    0.2406535E-03   -0.4056272E-03   -0.4856127E-03   -0.5344914E+02   -0.7910464E+01    0.2072338E+01   -0.1186803E+01   -0.4153163E-01    0.6704657E+01    0.8578947E-01    0.2207814E+00    0.8028838E-02   -0.8274345E-01   -0.5048984E+00    0.2909798E-04   -0.7569158E-03   -0.1229335E-03   -0.5439008E-03    0.1657795E+00
    0.7579809E-06   -0.2633761E-06    0.4641412E-06    0.4093178E-04    0.9657617E-04    0.2676917E-04   -0.1003705E+01   -0.2082826E+00   -0.1749939E-02    0.1993597E-01    0.6872646E-01    0.8578947E-01    0.1252509E-01   -0.7232331E-02    0.4932749E-02    0.5883427E-02   -0.1945916E-01    0.1770295E-05   -0.2753312E-04   -0.8444352E-05   -0.3880733E-06    0.1556205E-02
   -0.2187001E-05    0.9831710E-05   -0.3624304E-06   -0.1065047E-03   -0.2383499E-03   -0.1398232E-03   -0.9026765E+00    0.9789084E-01   -0.1277398E+01   -0.3051970E-01    0.5913458E+00    0.2207814E+00   -0.7232331E-02    0.5494071E-01   -0.9033276E-03    0.5352852E-02   -0.3262670E-01   -0.8455408E-05    0.9507232E-04    0.2926658E-04   -0.5309623E-05    0.7931545E-02
   -0.1019850E-05    0.7924953E-05   -0.1745426E-06   -0.6272087E-04   -0.8376839E-04   -0.7097207E-04    0.4850916E+00    0.4835935E-01   -0.1631524E+01    0.2073870E+00    0.1009853E+01    0.8028838E-02    0.4932749E-02   -0.9033276E-03    0.2486806E-01   -0.7505023E-03   -0.3236215E-01    0.2514190E-05   -0.7330943E-04    0.1400178E-04    0.3380210E-04    0.7365844E-02
    0.7783360E-06   -0.3002509E-05    0.1107148E-05    0.1325901E-03    0.2910791E-03    0.3236412E-04    0.2815485E+00    0.1030622E+01    0.4165228E+00    0.1521698E+00   -0.2172550E+00   -0.8274345E-01    0.5883427E-02    0.5352852E-02   -0.7505023E-03    0.8188521E-01    0.8005198E-02    0.9445070E-06   -0.3266200E-04   -0.2309068E-04    0.3157698E-04   -0.1670037E-02
   -0.4159431E-04    0.9499739E-04    0.1446640E-04   -0.2684277E-02   -0.6731083E-02   -0.2803583E-02   -0.1304837E+02   -0.1236892E+02   -0.8280698E+01   -0.1045020E+01   -0.2624955E+01   -0.5048984E+00   -0.1945916E-01   -0.3262670E-01   -0.3236215E-01    0.8005198E-02    0.7758684E+01   -0.7613093E-04    0.1209075E-03   -0.5499049E-03   -0.5929494E-03   -0.2201773E-01
    0.8705532E-09   -0.1425824E-07   -0.8463645E-08    0.1774934E-06    0.5114565E-06   -0.8058218E-07    0.2573231E-02    0.4487398E-03    0.2073033E-03   -0.1376493E-03   -0.1102048E-04    0.2909798E-04    0.1770295E-05   -0.8455408E-05    0.2514190E-05    0.9445070E-06   -0.7613093E-04    0.8315061E-06   -0.1635307E-07    0.9001551E-07    0.1904047E-06   -0.1069977E-03
   -0.8417994E-08    0.7498307E-07    0.2149718E-08   -0.9542092E-06   -0.3000913E-06    0.6090391E-06    0.1770383E-03    0.1635326E-02   -0.3041165E-02   -0.1441479E-02    0.7461493E-03   -0.7569158E-03   -0.2753312E-04    0.9507232E-04   -0.7330943E-04   -0.3266200E-04    0.1209075E-03   -0.1635307E-07    0.5677328E-05    0.1417810E-05    0.1307824E-05    0.2380574E-03
   -0.5221646E-07   -0.1405432E-06   -0.6806924E-08   -0.8812036E-05   -0.1555252E-04    0.1218537E-06   -0.8383070E-04    0.4159863E-02    0.1009688E-02   -0.1368109E-02    0.2841417E-03   -0.1229335E-03   -0.8444352E-05    0.2926658E-04    0.1400178E-04   -0.2309068E-04   -0.5499049E-03    0.9001551E-07    0.1417810E-05    0.2262654E-04    0.7707218E-05    0.3441602E-03
   -0.1869886E-06   -0.4692335E-06    0.5386076E-07   -0.3682048E-05   -0.4136896E-05   -0.1424502E-05    0.2999060E-02    0.5237015E-02    0.2225639E-02   -0.5309482E-03    0.6918649E-03   -0.5439008E-03   -0.3880733E-06   -0.5309623E-05    0.3380210E-04    0.3157698E-04   -0.5929494E-03    0.1904047E-06    0.1307824E-05    0.7707218E-05    0.2064603E-04    0.3824527E-03
   -0.9499119E-06    0.5761466E-04   -0.7198574E-06   -0.2700948E-03    0.1106694E-03    0.3798945E-04    0.1166595E+02    0.2381046E-01    0.2272049E+00   -0.2216194E+00    0.1888048E-01    0.1657795E+00    0.1556205E-02    0.7931545E-02    0.7365844E-02   -0.1670037E-02   -0.2201773E-01   -0.1069977E-03    0.2380574E-03    0.3441602E-03    0.3824527E-03    0.2607649E+00
