# omegabh2 omegach2 theta tau mnu logA ns acib217 acibsz143 asz143 aps100 aps143 aps143217 aps217 aksz kgal100 t1gal143 t1gal143217 t1gal217 galfEE100 galfEE100143 galfEE100217 galfEE143 galfEE143217 galfEE217 galfTE100 galfTE100143 galfTE100217 galfTE143 galfTE143217 galfTE217 calib_100T calib_217T
    0.2136591E-07   -0.8758464E-07    0.1319965E-07    0.4757025E-06    0.6040543E-06    0.8636033E-06    0.2401060E-06   -0.1315771E-03   -0.7729866E-04   -0.7283964E-05   -0.1165937E-03    0.1140777E-04    0.1545653E-03    0.1344195E-03   -0.5380865E-04    0.1506055E-03   -0.1102189E-03   -0.1171247E-03   -0.1310459E-03    0.7590949E-07    0.1162201E-06    0.1575352E-06    0.1317631E-06    0.1825765E-06    0.3151399E-06   -0.1347188E-05   -0.1899894E-05   -0.2171854E-05   -0.3232591E-05   -0.4417804E-05   -0.6908146E-05   -0.3036598E-07    0.4800437E-08
   -0.8758464E-07    0.1350981E-05   -0.8886778E-07   -0.5232421E-05   -0.2561005E-04   -0.7048330E-05   -0.3280702E-05    0.3948964E-03    0.1804309E-03   -0.2119762E-04    0.9330671E-03    0.6162006E-03    0.1261360E-03    0.1009655E-04    0.8061974E-04   -0.1364228E-03   -0.4329813E-03   -0.3497805E-03   -0.2828518E-03   -0.1269824E-05   -0.1544296E-05   -0.1517071E-05   -0.1596408E-05   -0.1587590E-05   -0.1551918E-05    0.8538420E-05    0.1031836E-04    0.9149098E-05    0.1796848E-04    0.2314943E-04    0.3513343E-04   -0.5140721E-07   -0.2670412E-07
    0.1319965E-07   -0.8886778E-07    0.8392111E-07    0.2729536E-06    0.2973733E-06    0.4102079E-06    0.2943552E-06    0.5899688E-04   -0.5787718E-05    0.1904573E-04   -0.1245864E-03   -0.6042274E-04   -0.2088743E-04   -0.1296523E-03   -0.3199093E-05    0.5534388E-04   -0.2569110E-04   -0.1059614E-04   -0.2492691E-04    0.1149681E-06    0.1270230E-06    0.7158589E-07    0.1393054E-06    0.1012587E-06    0.4402143E-07   -0.6291748E-06   -0.7843996E-06   -0.1205859E-05   -0.1407039E-05   -0.2306687E-05   -0.5198028E-05   -0.8342153E-08   -0.2222725E-08
    0.4757025E-06   -0.5232421E-05    0.2729536E-06    0.1579788E-03    0.2490198E-03    0.3035219E-03    0.2164175E-04   -0.1224022E-01   -0.5625132E-02   -0.1417259E-02    0.2155275E-02    0.5279185E-02    0.1345250E-01    0.1504813E-01   -0.2895212E-02   -0.7032720E-02   -0.5507254E-02   -0.6651282E-02   -0.6856167E-02    0.3711618E-05    0.6354956E-05    0.8045036E-05    0.7265640E-05    0.9485842E-05    0.1471366E-04   -0.8641738E-04   -0.7474779E-04   -0.6773337E-04   -0.1137024E-03   -0.1397875E-03   -0.1844245E-03    0.5862243E-06    0.5760254E-06
    0.6040543E-06   -0.2561005E-04    0.2973733E-06    0.2490198E-03    0.4835258E-02    0.4087578E-03    0.5057790E-04    0.3042415E-02    0.2484147E-02    0.4175177E-02   -0.2665455E-01   -0.3404121E-01   -0.2679024E-01   -0.2314254E-01    0.8369510E-02    0.3844581E-01    0.5103460E-01    0.5339503E-01    0.5436619E-01    0.2734000E-04    0.3611515E-04    0.3179855E-04    0.3372784E-04    0.4047955E-04    0.2949771E-04   -0.2925679E-03   -0.2982521E-03   -0.7058668E-04   -0.5050056E-03   -0.4867126E-03   -0.2456101E-03    0.6436566E-06   -0.6601001E-06
    0.8636033E-06   -0.7048330E-05    0.4102079E-06    0.3035219E-03    0.4087578E-03    0.5976870E-03    0.3456779E-04   -0.2584978E-01   -0.1262600E-01   -0.3902644E-02    0.1816929E-01    0.2051337E-01    0.3602939E-01    0.3727242E-01   -0.6762367E-02   -0.2113970E-01   -0.2729894E-01   -0.2931411E-01   -0.2956703E-01    0.2605598E-05    0.6877121E-05    0.1004577E-04    0.8735055E-05    0.1249820E-04    0.2380824E-04   -0.1537766E-03   -0.1208723E-03   -0.1111418E-03   -0.1803705E-03   -0.2246543E-03   -0.2860260E-03    0.1067849E-06    0.1049865E-05
    0.2401060E-06   -0.3280702E-05    0.2943552E-06    0.2164175E-04    0.5057790E-04    0.3456779E-04    0.2052004E-04   -0.9374586E-02   -0.4459503E-02   -0.1610181E-02   -0.2703343E-02    0.6680976E-02    0.1269310E-01    0.1325513E-01   -0.2939934E-02   -0.2610790E-02   -0.4697587E-02   -0.6061118E-02   -0.5616812E-02    0.7214514E-05    0.7953471E-05    0.9010213E-05    0.8504609E-05    0.9708423E-05    0.1046395E-04   -0.3084212E-04   -0.2596073E-04   -0.1577510E-04   -0.3666910E-04   -0.4083315E-04   -0.5308579E-04    0.2115494E-06    0.3386562E-06
   -0.1315771E-03    0.3948964E-03    0.5899688E-04   -0.1224022E-01    0.3042415E-02   -0.2584978E-01   -0.9374586E-02    0.6453234E+02    0.2336487E+02    0.1002511E+01    0.9458359E+01   -0.2318479E+02   -0.6505832E+02   -0.8318298E+02   -0.2872111E+01   -0.3112343E+01   -0.8100891E+01   -0.1310599E+02   -0.1831812E+02   -0.2222631E-02   -0.2364203E-02   -0.1903651E-02   -0.2839767E-02   -0.2891400E-02   -0.4031527E-02    0.2314987E-01    0.2096181E-01    0.2648175E-01   -0.7168652E-02   -0.1786678E-01   -0.7174141E-01    0.4619918E-03   -0.3077777E-02
   -0.7729866E-04    0.1804309E-03   -0.5787718E-05   -0.5625132E-02    0.2484147E-02   -0.1262600E-01   -0.4459503E-02    0.2336487E+02    0.1700247E+02    0.2614565E+01   -0.1738866E+02   -0.2405327E+02   -0.4259431E+02   -0.2624896E+02   -0.1255142E+01   -0.3231754E+01   -0.5445902E+01   -0.1140357E+02   -0.1267538E+02   -0.1321198E-02   -0.9699904E-03   -0.6929874E-03   -0.8074121E-03   -0.6255269E-03    0.9633424E-04    0.7430273E-02    0.1105560E-01    0.1811334E-01    0.6267779E-02    0.1353515E-01    0.4406319E-02    0.1560810E-03   -0.1566223E-03
   -0.7283964E-05   -0.2119762E-04    0.1904573E-04   -0.1417259E-02    0.4175177E-02   -0.3902644E-02   -0.1610181E-02    0.1002511E+01    0.2614565E+01    0.6459036E+01   -0.4325565E+02   -0.1878300E+02   -0.5561923E+01   -0.8654086E+00   -0.1588084E+00   -0.3255552E+01   -0.1300315E+01    0.2772274E+01    0.3316974E+01   -0.1607282E-04   -0.1403612E-04   -0.1528531E-04   -0.2740095E-03   -0.9348604E-04   -0.1745348E-03    0.5332488E-03   -0.3028652E-03   -0.4571380E-02   -0.1057163E-02   -0.7457577E-02   -0.1789546E-01   -0.1366715E-03    0.2075615E-03
   -0.1165937E-03    0.9330671E-03   -0.1245864E-03    0.2155275E-02   -0.2665455E-01    0.1816929E-01   -0.2703343E-02    0.9458359E+01   -0.1738866E+02   -0.4325565E+02    0.7620685E+03    0.1828420E+03    0.7174109E+02    0.1475858E+02   -0.1343809E+02   -0.3704614E+02   -0.1520024E+01   -0.1269874E+02   -0.1220553E+02   -0.4058648E-02   -0.6916571E-02   -0.9215184E-02   -0.4750117E-02   -0.6747403E-02   -0.1310867E-01    0.5730211E-01    0.6696767E-01    0.1051610E+00    0.1173708E+00    0.1694257E+00    0.3042892E+00   -0.1352191E-02   -0.3189259E-02
    0.1140777E-04    0.6162006E-03   -0.6042274E-04    0.5279185E-02   -0.3404121E-01    0.2051337E-01    0.6680976E-02   -0.2318479E+02   -0.2405327E+02   -0.1878300E+02    0.1828420E+03    0.1213081E+03    0.9222028E+02    0.5281036E+02   -0.1118553E+02    0.2026577E+01   -0.7136756E+01   -0.3584249E+01   -0.7454128E+00    0.3423164E-03   -0.1263356E-02   -0.1908623E-02   -0.1794167E-02   -0.3209864E-02   -0.6297622E-02    0.1586079E-02    0.2423881E-01    0.2965815E-01    0.3904033E-01    0.6094421E-01    0.1465411E+00   -0.3311882E-03   -0.8563880E-03
    0.1545653E-03    0.1261360E-03   -0.2088743E-04    0.1345250E-01   -0.2679024E-01    0.3602939E-01    0.1269310E-01   -0.6505832E+02   -0.4259431E+02   -0.5561923E+01    0.7174109E+02    0.9222028E+02    0.1440474E+03    0.1078047E+03   -0.8690243E+01   -0.5329713E+00   -0.1813238E+01    0.7355113E+01    0.7660384E+01    0.2919724E-02    0.1152696E-02    0.1003778E-02    0.9663715E-03    0.5461738E-03   -0.2046686E-02   -0.1600956E-01   -0.2981625E-02   -0.1371316E-01    0.2367477E-01    0.2199440E-01    0.9017298E-01   -0.9401462E-03    0.1850469E-02
    0.1344195E-03    0.1009655E-04   -0.1296523E-03    0.1504813E-01   -0.2314254E-01    0.3727242E-01    0.1325513E-01   -0.8318298E+02   -0.2624896E+02   -0.8654086E+00    0.1475858E+02    0.5281036E+02    0.1078047E+03    0.1456000E+03   -0.8113815E+01   -0.3067428E+01   -0.4765285E+01   -0.9596128E+01   -0.1056107E+02    0.2447902E-02    0.1918264E-02    0.2067562E-02    0.2764661E-02    0.2688403E-02    0.3246284E-02   -0.2439042E-01   -0.4703335E-02   -0.7369322E-02    0.4383564E-01    0.6731934E-01    0.1619099E+00   -0.1168410E-02    0.5728439E-02
   -0.5380865E-04    0.8061974E-04   -0.3199093E-05   -0.2895212E-02    0.8369510E-02   -0.6762367E-02   -0.2939934E-02   -0.2872111E+01   -0.1255142E+01   -0.1588084E+00   -0.1343809E+02   -0.1118553E+02   -0.8690243E+01   -0.8113815E+01    0.8026214E+01   -0.1587738E+01   -0.2392264E+01   -0.2869578E+01   -0.3100226E+01   -0.1046386E-02   -0.6369154E-03   -0.1052749E-02   -0.6283015E-03   -0.9703842E-03   -0.1047038E-02    0.1615930E-02   -0.1511958E-02   -0.3644777E-02   -0.2465596E-02   -0.3022487E-02   -0.1851659E-02    0.1766912E-04    0.1709928E-03
    0.1506055E-03   -0.1364228E-03    0.5534388E-04   -0.7032720E-02    0.3844581E-01   -0.2113970E-01   -0.2610790E-02   -0.3112343E+01   -0.3231754E+01   -0.3255552E+01   -0.3704614E+02    0.2026577E+01   -0.5329713E+00   -0.3067428E+01   -0.1587738E+01    0.1545157E+03    0.5378660E+02    0.4951874E+02    0.4602862E+02   -0.9612195E-03    0.3353211E-04    0.2579691E-02    0.1206930E-02    0.3279800E-02    0.3097267E-02   -0.1248179E-01   -0.8585006E-01   -0.1008058E+00   -0.4279335E-01   -0.5633772E-01   -0.9853769E-01   -0.1323323E-01    0.3390893E-03
   -0.1102189E-03   -0.4329813E-03   -0.2569110E-04   -0.5507254E-02    0.5103460E-01   -0.2729894E-01   -0.4697587E-02   -0.8100891E+01   -0.5445902E+01   -0.1300315E+01   -0.1520024E+01   -0.7136756E+01   -0.1813238E+01   -0.4765285E+01   -0.2392264E+01    0.5378660E+02    0.9959589E+02    0.9999752E+02    0.9843940E+02    0.2400674E-02    0.2494065E-02    0.1975142E-02    0.1741604E-02    0.2531031E-02    0.8585830E-03    0.5867021E-02   -0.4758056E-01   -0.6210234E-01   -0.5246289E-01   -0.6058265E-01   -0.1208623E+00    0.2910556E-02    0.3615188E-03
   -0.1171247E-03   -0.3497805E-03   -0.1059614E-04   -0.6651282E-02    0.5339503E-01   -0.2931411E-01   -0.6061118E-02   -0.1310599E+02   -0.1140357E+02    0.2772274E+01   -0.1269874E+02   -0.3584249E+01    0.7355113E+01   -0.9596128E+01   -0.2869578E+01    0.4951874E+02    0.9999752E+02    0.1372757E+03    0.1599714E+03    0.2447622E-02    0.1674507E-02   -0.3577722E-03    0.7666688E-04    0.7644648E-04   -0.4638505E-02    0.6844240E-02   -0.4633356E-01   -0.7438422E-01   -0.4631321E-01   -0.5946072E-01   -0.8775576E-01    0.2716511E-02   -0.4493655E-02
   -0.1310459E-03   -0.2828518E-03   -0.2492691E-04   -0.6856167E-02    0.5436619E-01   -0.2956703E-01   -0.5616812E-02   -0.1831812E+02   -0.1267538E+02    0.3316974E+01   -0.1220553E+02   -0.7454128E+00    0.7660384E+01   -0.1056107E+02   -0.3100226E+01    0.4602862E+02    0.9843940E+02    0.1599714E+03    0.2069986E+03    0.2321411E-02    0.1106050E-02   -0.1773632E-02   -0.4150475E-03   -0.6173761E-03   -0.6400229E-02    0.5596620E-02   -0.4386658E-01   -0.6994281E-01   -0.3381322E-01   -0.3170458E-01   -0.1573163E-01    0.2789605E-02   -0.8836833E-02
    0.7590949E-07   -0.1269824E-05    0.1149681E-06    0.3711618E-05    0.2734000E-04    0.2605598E-05    0.7214514E-05   -0.2222631E-02   -0.1321198E-02   -0.1607282E-04   -0.4058648E-02    0.3423164E-03    0.2919724E-02    0.2447902E-02   -0.1046386E-02   -0.9612195E-03    0.2400674E-02    0.2447622E-02    0.2321411E-02    0.7068248E-04    0.2358780E-04    0.3006689E-04    0.1276304E-04    0.1520351E-04    0.1877547E-04   -0.9916867E-04   -0.7613971E-04   -0.7671316E-04   -0.5151938E-04   -0.5408613E-04   -0.7067402E-04    0.5141338E-06    0.1336171E-06
    0.1162201E-06   -0.1544296E-05    0.1270230E-06    0.6354956E-05    0.3611515E-04    0.6877121E-05    0.7953471E-05   -0.2364203E-02   -0.9699904E-03   -0.1403612E-04   -0.6916571E-02   -0.1263356E-02    0.1152696E-02    0.1918264E-02   -0.6369154E-03    0.3353211E-04    0.2494065E-02    0.1674507E-02    0.1106050E-02    0.2358780E-04    0.4023674E-04    0.3631919E-04    0.3027787E-04    0.3049155E-04    0.2764622E-04   -0.7074434E-04   -0.1125365E-03   -0.8755036E-04   -0.1302894E-03   -0.1144691E-03   -0.1223666E-03    0.4829494E-06    0.2440444E-06
    0.1575352E-06   -0.1517071E-05    0.7158589E-07    0.8045036E-05    0.3179855E-04    0.1004577E-04    0.9010213E-05   -0.1903651E-02   -0.6929874E-03   -0.1528531E-04   -0.9215184E-02   -0.1908623E-02    0.1003778E-02    0.2067562E-02   -0.1052749E-02    0.2579691E-02    0.1975142E-02   -0.3577722E-03   -0.1773632E-02    0.3006689E-04    0.3631919E-04    0.1165744E-03    0.2663560E-04    0.6123338E-04    0.1095553E-03   -0.7752711E-04   -0.1264660E-03   -0.1372819E-03   -0.1343739E-03   -0.2212376E-03   -0.4188139E-03    0.2791483E-06    0.3802452E-06
    0.1317631E-06   -0.1596408E-05    0.1393054E-06    0.7265640E-05    0.3372784E-04    0.8735055E-05    0.8504609E-05   -0.2839767E-02   -0.8074121E-03   -0.2740095E-03   -0.4750117E-02   -0.1794167E-02    0.9663715E-03    0.2764661E-02   -0.6283015E-03    0.1206930E-02    0.1741604E-02    0.7666688E-04   -0.4150475E-03    0.1276304E-04    0.3027787E-04    0.2663560E-04    0.8708903E-04    0.5671730E-04    0.4240122E-04   -0.4133178E-04   -0.9958394E-04   -0.4614715E-04   -0.1899748E-03   -0.1379773E-03   -0.1109090E-03    0.2179746E-06    0.2724448E-06
    0.1825765E-06   -0.1587590E-05    0.1012587E-06    0.9485842E-05    0.4047955E-04    0.1249820E-04    0.9708423E-05   -0.2891400E-02   -0.6255269E-03   -0.9348604E-04   -0.6747403E-02   -0.3209864E-02    0.5461738E-03    0.2688403E-02   -0.9703842E-03    0.3279800E-02    0.2531031E-02    0.7644648E-04   -0.6173761E-03    0.1520351E-04    0.3049155E-04    0.6123338E-04    0.5671730E-04    0.1281184E-03    0.1595111E-03   -0.5837531E-04   -0.1277239E-03   -0.1220161E-03   -0.1942062E-03   -0.2243885E-03   -0.3829253E-03    0.1242110E-06    0.3423917E-06
    0.3151399E-06   -0.1551918E-05    0.4402143E-07    0.1471366E-04    0.2949771E-04    0.2380824E-04    0.1046395E-04   -0.4031527E-02    0.9633424E-04   -0.1745348E-03   -0.1310867E-01   -0.6297622E-02   -0.2046686E-02    0.3246284E-02   -0.1047038E-02    0.3097267E-02    0.8585830E-03   -0.4638505E-02   -0.6400229E-02    0.1877547E-04    0.2764622E-04    0.1095553E-03    0.4240122E-04    0.1595111E-03    0.6396855E-03   -0.8214747E-04   -0.1740483E-03   -0.2335230E-03   -0.2140233E-03   -0.3672611E-03   -0.6139076E-03    0.7715475E-08    0.7883166E-06
   -0.1347188E-05    0.8538420E-05   -0.6291748E-06   -0.8641738E-04   -0.2925679E-03   -0.1537766E-03   -0.3084212E-04    0.2314987E-01    0.7430273E-02    0.5332488E-03    0.5730211E-01    0.1586079E-02   -0.1600956E-01   -0.2439042E-01    0.1615930E-02   -0.1248179E-01    0.5867021E-02    0.6844240E-02    0.5596620E-02   -0.9916867E-04   -0.7074434E-04   -0.7752711E-04   -0.4133178E-04   -0.5837531E-04   -0.8214747E-04    0.1315999E-01    0.8766964E-02    0.9933373E-02    0.2426157E-02    0.2752872E-02    0.3531525E-02    0.1055903E-05   -0.1605115E-05
   -0.1899894E-05    0.1031836E-04   -0.7843996E-06   -0.7474779E-04   -0.2982521E-03   -0.1208723E-03   -0.2596073E-04    0.2096181E-01    0.1105560E-01   -0.3028652E-03    0.6696767E-01    0.2423881E-01   -0.2981625E-02   -0.4703335E-02   -0.1511958E-02   -0.8585006E-01   -0.4758056E-01   -0.4633356E-01   -0.4386658E-01   -0.7613971E-04   -0.1125365E-03   -0.1264660E-03   -0.9958394E-04   -0.1277239E-03   -0.1740483E-03    0.8766964E-02    0.1284995E-01    0.1418765E-01    0.9022041E-02    0.8833223E-02    0.7914032E-02    0.6384281E-05   -0.7547831E-06
   -0.2171854E-05    0.9149098E-05   -0.1205859E-05   -0.6773337E-04   -0.7058668E-04   -0.1111418E-03   -0.1577510E-04    0.2648175E-01    0.1811334E-01   -0.4571380E-02    0.1051610E+00    0.2965815E-01   -0.1371316E-01   -0.7369322E-02   -0.3644777E-02   -0.1008058E+00   -0.6210234E-01   -0.7438422E-01   -0.6994281E-01   -0.7671316E-04   -0.8755036E-04   -0.1372819E-03   -0.4614715E-04   -0.1220161E-03   -0.2335230E-03    0.9933373E-02    0.1418765E-01    0.2654479E-01    0.5384744E-02    0.1260623E-01    0.2364824E-01    0.6736585E-05   -0.9581056E-06
   -0.3232591E-05    0.1796848E-04   -0.1407039E-05   -0.1137024E-03   -0.5050056E-03   -0.1803705E-03   -0.3666910E-04   -0.7168652E-02    0.6267779E-02   -0.1057163E-02    0.1173708E+00    0.3904033E-01    0.2367477E-01    0.4383564E-01   -0.2465596E-02   -0.4279335E-01   -0.5246289E-01   -0.4631321E-01   -0.3381322E-01   -0.5151938E-04   -0.1302894E-03   -0.1343739E-03   -0.1899748E-03   -0.1942062E-03   -0.2140233E-03    0.2426157E-02    0.9022041E-02    0.5384744E-02    0.2221366E-01    0.2028592E-01    0.1413858E-01   -0.2155640E-05   -0.4351103E-06
   -0.4417804E-05    0.2314943E-04   -0.2306687E-05   -0.1397875E-03   -0.4867126E-03   -0.2246543E-03   -0.4083315E-04   -0.1786678E-01    0.1353515E-01   -0.7457577E-02    0.1694257E+00    0.6094421E-01    0.2199440E-01    0.6731934E-01   -0.3022487E-02   -0.5633772E-01   -0.6058265E-01   -0.5946072E-01   -0.3170458E-01   -0.5408613E-04   -0.1144691E-03   -0.2212376E-03   -0.1379773E-03   -0.2243885E-03   -0.3672611E-03    0.2752872E-02    0.8833223E-02    0.1260623E-01    0.2028592E-01    0.3046244E-01    0.4225010E-01   -0.1817647E-05   -0.8317167E-06
   -0.6908146E-05    0.3513343E-04   -0.5198028E-05   -0.1844245E-03   -0.2456101E-03   -0.2860260E-03   -0.5308579E-04   -0.7174141E-01    0.4406319E-02   -0.1789546E-01    0.3042892E+00    0.1465411E+00    0.9017298E-01    0.1619099E+00   -0.1851659E-02   -0.9853769E-01   -0.1208623E+00   -0.8775576E-01   -0.1573163E-01   -0.7067402E-04   -0.1223666E-03   -0.4188139E-03   -0.1109090E-03   -0.3829253E-03   -0.6139076E-03    0.3531525E-02    0.7914032E-02    0.2364824E-01    0.1413858E-01    0.4225010E-01    0.1050792E+00   -0.4752949E-05   -0.2846303E-05
   -0.3036598E-07   -0.5140721E-07   -0.8342153E-08    0.5862243E-06    0.6436566E-06    0.1067849E-06    0.2115494E-06    0.4619918E-03    0.1560810E-03   -0.1366715E-03   -0.1352191E-02   -0.3311882E-03   -0.9401462E-03   -0.1168410E-02    0.1766912E-04   -0.1323323E-01    0.2910556E-02    0.2716511E-02    0.2789605E-02    0.5141338E-06    0.4829494E-06    0.2791483E-06    0.2179746E-06    0.1242110E-06    0.7715475E-08    0.1055903E-05    0.6384281E-05    0.6736585E-05   -0.2155640E-05   -0.1817647E-05   -0.4752949E-05    0.2311162E-05   -0.3411067E-07
    0.4800437E-08   -0.2670412E-07   -0.2222725E-08    0.5760254E-06   -0.6601001E-06    0.1049865E-05    0.3386562E-06   -0.3077777E-02   -0.1566223E-03    0.2075615E-03   -0.3189259E-02   -0.8563880E-03    0.1850469E-02    0.5728439E-02    0.1709928E-03    0.3390893E-03    0.3615188E-03   -0.4493655E-02   -0.8836833E-02    0.1336171E-06    0.2440444E-06    0.3802452E-06    0.2724448E-06    0.3423917E-06    0.7883166E-06   -0.1605115E-05   -0.7547831E-06   -0.9581056E-06   -0.4351103E-06   -0.8317167E-06   -0.2846303E-05   -0.3411067E-07    0.1288070E-05
