# omegabh2 omegach2 theta tau ns nrun logA r aps100 aps143 aps217 acib143 acib217 asz143 psr cibr ncib cal0 cal2 xi aksz bm_1_1 bm_1_2 bm_1_3 bm_1_4 bm_1_5 bm_2_1 bm_2_2 bm_2_3 bm_2_4 bm_2_5 bm_3_1 bm_3_2 bm_3_3 bm_3_4 bm_3_5 bm_4_1 bm_4_2 bm_4_3 bm_4_4 bm_4_5
    0.96635E-07   -0.34643E-06    0.77465E-07    0.20409E-05    0.10261E-05   -0.15080E-05    0.37401E-05    0.60212E-05   -0.31768E-03   -0.49991E-03   -0.25738E-03   -0.15979E-04   -0.80933E-04    0.29072E-04   -0.10269E-05    0.20962E-05   -0.27056E-05    0.25858E-08    0.15525E-09   -0.10287E-05   -0.24341E-04   -0.99581E-05   -0.45932E-05   -0.28160E-05    0.46261E-05   -0.28463E-05    0.74929E-05   -0.97399E-05   -0.44112E-05   -0.97851E-05    0.79550E-05   -0.27037E-05    0.51012E-05    0.21310E-05   -0.12750E-05    0.21557E-05    0.75760E-05   -0.70220E-05   -0.49756E-05   -0.65109E-05   -0.77243E-05
   -0.34643E-06    0.57657E-05   -0.59581E-06   -0.10552E-04   -0.14577E-04   -0.75855E-06   -0.70917E-05   -0.19651E-04    0.53365E-02    0.32610E-02    0.15677E-02    0.36695E-03    0.66905E-03   -0.32501E-04    0.72247E-05   -0.10025E-04    0.13139E-04   -0.13452E-07   -0.11306E-07    0.23605E-04    0.19474E-03    0.14568E-03   -0.39584E-05   -0.36761E-04   -0.37868E-04   -0.24763E-04    0.97641E-05    0.47961E-04   -0.11160E-04    0.95423E-04   -0.19400E-04   -0.65018E-05    0.32887E-04    0.12341E-04   -0.91121E-06   -0.42986E-05   -0.12037E-04    0.38663E-04    0.24085E-04    0.98520E-04    0.11634E-03
    0.77465E-07   -0.59581E-06    0.37526E-06    0.19226E-05    0.19729E-05   -0.48547E-06    0.28599E-05    0.30721E-05   -0.94486E-04   -0.72944E-04   -0.35723E-03   -0.68380E-04   -0.12288E-04   -0.50363E-05   -0.15489E-05    0.39814E-05   -0.16452E-05    0.40861E-08    0.18829E-07   -0.80816E-06   -0.21910E-05   -0.11108E-04    0.27291E-05    0.15942E-05    0.14008E-04   -0.12751E-04    0.34060E-05   -0.23754E-04   -0.32215E-05   -0.12474E-04    0.86997E-05   -0.18569E-05    0.30450E-05    0.10397E-04   -0.28778E-05   -0.22317E-05    0.77184E-05   -0.16791E-04   -0.12354E-04   -0.16245E-04   -0.51924E-05
    0.20409E-05   -0.10552E-04    0.19226E-05    0.26295E-03    0.33518E-04   -0.73367E-04    0.51668E-03    0.13858E-03    0.84636E-02   -0.10644E-02   -0.24385E-02   -0.63796E-03   -0.39559E-03   -0.64183E-03   -0.15201E-04   -0.40977E-04    0.19959E-04   -0.48230E-07    0.15689E-07   -0.25068E-04   -0.12052E-02    0.39886E-03    0.14202E-03   -0.36437E-03   -0.15105E-03    0.27881E-03    0.20042E-03   -0.67484E-04   -0.65777E-04   -0.17797E-03   -0.19194E-03   -0.36978E-03    0.16984E-03    0.22496E-03   -0.21114E-03    0.15142E-03   -0.88823E-04    0.60380E-04   -0.14824E-03    0.39833E-04   -0.10611E-03
    0.10261E-05   -0.14577E-04    0.19729E-05    0.33518E-04    0.64095E-04    0.18649E-04    0.29151E-04    0.63659E-04   -0.10631E+00   -0.45245E-02    0.18087E-01   -0.13036E-01   -0.15016E-01   -0.85897E-03    0.68086E-04   -0.34465E-03   -0.18526E-04    0.52402E-07   -0.31612E-06    0.49025E-04   -0.42546E-02   -0.18253E-03   -0.50738E-04   -0.51396E-05    0.18838E-03   -0.94120E-04    0.27765E-03   -0.45030E-04   -0.50330E-04   -0.38790E-03   -0.46175E-04   -0.24042E-03   -0.10581E-03    0.44416E-04   -0.42605E-04   -0.17534E-03    0.89779E-04   -0.64161E-04   -0.97528E-06   -0.24763E-03   -0.35029E-03
   -0.15080E-05   -0.75855E-06   -0.48547E-06   -0.73367E-04    0.18649E-04    0.12818E-03   -0.17363E-03   -0.42810E-03   -0.11267E+00   -0.88424E-02    0.20836E-01   -0.13526E-01   -0.16820E-01   -0.33890E-03    0.83858E-04   -0.35488E-03   -0.32266E-04    0.10993E-07   -0.84430E-06    0.11232E-03   -0.39184E-02   -0.42632E-03   -0.23975E-03    0.11407E-03    0.10053E-03   -0.25841E-03   -0.17582E-03    0.25680E-03    0.92776E-04   -0.19846E-03   -0.24987E-04   -0.42969E-04   -0.25048E-03   -0.10710E-03    0.14185E-03   -0.34742E-03   -0.18816E-03   -0.12743E-04    0.22548E-03   -0.12589E-03   -0.27348E-03
    0.37401E-05   -0.70917E-05    0.28599E-05    0.51668E-03    0.29151E-04   -0.17363E-03    0.10624E-02    0.30016E-03    0.24278E-01    0.18268E-01    0.70659E-02   -0.40713E-02   -0.90447E-03   -0.27481E-02    0.91413E-05   -0.22224E-03    0.12502E-03   -0.16166E-07    0.37867E-06    0.12260E-04   -0.26823E-02    0.20165E-02    0.50748E-03   -0.86244E-03   -0.36013E-03    0.58552E-03    0.79559E-03    0.96521E-05   -0.28365E-03   -0.10448E-03   -0.41990E-03   -0.77482E-03    0.51210E-03    0.42253E-03   -0.58225E-03    0.22291E-03    0.84908E-04    0.24373E-03   -0.17975E-03    0.40819E-03    0.10348E-03
    0.60212E-05   -0.19651E-04    0.30721E-05    0.13858E-03    0.63659E-04   -0.42810E-03    0.30016E-03    0.59569E-02    0.12949E+00    0.29572E-01   -0.55228E-01    0.18494E-01    0.36158E-01    0.19949E-02   -0.24969E-03    0.66262E-03    0.45274E-04    0.24052E-06    0.58286E-05   -0.85056E-03    0.72600E-02    0.11803E-03   -0.32415E-04   -0.15068E-02    0.29672E-03    0.18642E-02    0.26104E-02   -0.92900E-03   -0.17366E-02   -0.73455E-03    0.33814E-03   -0.43245E-03    0.59492E-03   -0.92783E-03   -0.51137E-03    0.19430E-02    0.22677E-02   -0.95733E-03   -0.62366E-03   -0.46319E-03   -0.39927E-03
   -0.31768E-03    0.53365E-02   -0.94486E-04    0.84636E-02   -0.10631E+00   -0.11267E+00    0.24278E-01    0.12949E+00    0.27996E+04    0.29605E+02   -0.18153E+03    0.13916E+03    0.12608E+03   -0.68732E+02   -0.12428E+01    0.71592E+00    0.10138E+01    0.92153E-04    0.20166E-04   -0.42575E+00   -0.14527E+02    0.89724E+01   -0.87106E+01   -0.34588E+00    0.15976E-01    0.11108E+01   -0.11608E+01   -0.50199E+01    0.77058E+00    0.18608E+01    0.28299E+00    0.80724E+00    0.15487E+00    0.11237E+00    0.23900E+00   -0.31338E+01    0.76765E-01   -0.14400E+01   -0.24680E+01   -0.14066E+01    0.46312E+01
   -0.49991E-03    0.32610E-02   -0.72944E-04   -0.10644E-02   -0.45245E-02   -0.88424E-02    0.18268E-01    0.29572E-01    0.29605E+02    0.21316E+03    0.70479E+02   -0.41330E+02   -0.17101E+02   -0.82698E+01   -0.22556E+00   -0.25021E+00   -0.17728E+00    0.94046E-04    0.32582E-02    0.14947E+01   -0.11998E+02    0.19064E+01    0.45269E+00    0.34514E+00    0.30054E+00   -0.13891E+00   -0.17660E+01   -0.59365E+00   -0.26030E-01   -0.15329E+00   -0.23844E+00    0.10378E+01    0.25206E+00    0.68224E-01   -0.31820E+00   -0.58437E+00   -0.56030E+00   -0.45588E+00   -0.59049E-01    0.23928E+00    0.11110E+00
   -0.25738E-03    0.15677E-02   -0.35723E-03   -0.24385E-02    0.18087E-01    0.20836E-01    0.70659E-02   -0.55228E-01   -0.18153E+03    0.70479E+02    0.22814E+03   -0.42002E+02   -0.82040E+02    0.19233E+01    0.26986E-01   -0.98430E+00   -0.94468E+00    0.10357E-03   -0.44230E-02    0.34963E+00   -0.12053E+02    0.19416E+01    0.88928E+00    0.27239E+00   -0.33885E-01   -0.14823E-01    0.14303E+01    0.25368E+00   -0.44485E+00   -0.45642E+00    0.23063E+00   -0.12505E+01    0.40233E+00   -0.44545E+00    0.37588E+00    0.21445E+00    0.30698E+00    0.94513E-01    0.18753E+00    0.23992E+00   -0.45711E+00
   -0.15979E-04    0.36695E-03   -0.68380E-04   -0.63796E-03   -0.13036E-01   -0.13526E-01   -0.40713E-02    0.18494E-01    0.13916E+03   -0.41330E+02   -0.42002E+02    0.30530E+02    0.22371E+02   -0.16497E+01   -0.50465E-02    0.26496E+00    0.19702E+00   -0.15771E-03   -0.92347E-03    0.12965E-01   -0.39868E+00   -0.11314E+01   -0.46474E+00   -0.40342E-01   -0.14085E+00   -0.20256E-01    0.72673E+00    0.10846E+00    0.15418E+00    0.25718E+00    0.15748E+00   -0.36404E+00   -0.48230E-01   -0.67033E-01    0.64230E-01    0.17782E+00    0.25687E+00    0.21561E+00   -0.92580E-01   -0.17508E+00    0.32193E+00
   -0.80933E-04    0.66905E-03   -0.12288E-04   -0.39559E-03   -0.15016E-01   -0.16820E-01   -0.90447E-03    0.36158E-01    0.12608E+03   -0.17101E+02   -0.82040E+02    0.22371E+02    0.39635E+02   -0.13228E+01    0.41636E-01    0.41098E+00    0.49903E+00   -0.82317E-04    0.18761E-02   -0.21322E+00   -0.35317E+00   -0.67318E+00   -0.43925E+00   -0.39646E-01   -0.93050E-01    0.24541E-01   -0.48262E+00   -0.50256E-01    0.20330E+00    0.38544E+00   -0.17527E+00    0.39559E+00   -0.32550E+00    0.81202E-01   -0.33399E+00   -0.13804E+00   -0.15174E+00    0.89799E-02   -0.93204E-01   -0.41495E-01    0.40620E+00
    0.29072E-04   -0.32501E-04   -0.50363E-05   -0.64183E-03   -0.85897E-03   -0.33890E-03   -0.27481E-02    0.19949E-02   -0.68732E+02   -0.82698E+01    0.19233E+01   -0.16497E+01   -0.13228E+01    0.78550E+01    0.40240E-01    0.27650E+00   -0.13893E+00    0.30542E-04    0.12282E-03   -0.33420E-01   -0.22892E-01    0.15294E+00    0.54354E-01    0.11357E-01    0.37971E-01   -0.18162E-01   -0.16518E-01    0.54559E-01   -0.26536E-01   -0.11835E+00   -0.64653E-01    0.16677E-01   -0.21657E-01   -0.24886E-01    0.67619E-01    0.53258E-01   -0.87340E-02    0.29430E-01    0.14030E-01   -0.56016E-02   -0.10569E+00
   -0.10269E-05    0.72247E-05   -0.15489E-05   -0.15201E-04    0.68086E-04    0.83858E-04    0.91413E-05   -0.24969E-03   -0.12428E+01   -0.22556E+00    0.26986E-01   -0.50465E-02    0.41636E-01    0.40240E-01    0.81737E-02   -0.71561E-02    0.78353E-02    0.19501E-05   -0.29176E-04    0.29516E-02   -0.13499E-01    0.10835E-01    0.49894E-02    0.43619E-03    0.18630E-03   -0.47531E-03    0.87494E-02    0.20839E-03   -0.56940E-03   -0.22922E-02   -0.17377E-02   -0.12713E-01   -0.70687E-03   -0.18352E-02   -0.30526E-02   -0.13778E-02   -0.18785E-02    0.11903E-02   -0.43591E-02   -0.30702E-02   -0.17510E-02
    0.20962E-05   -0.10025E-04    0.39814E-05   -0.40977E-04   -0.34465E-03   -0.35488E-03   -0.22224E-03    0.66262E-03    0.71592E+00   -0.25021E+00   -0.98430E+00    0.26496E+00    0.41098E+00    0.27650E+00   -0.71561E-02    0.39498E-01   -0.12910E-01   -0.17068E-05    0.86127E-04   -0.69807E-03   -0.99772E-02   -0.16954E-01   -0.95618E-02    0.52023E-02    0.81359E-02    0.14777E-02   -0.21311E-01   -0.87180E-02    0.79126E-02   -0.28145E-02   -0.49276E-03    0.32694E-01   -0.26891E-02    0.56558E-02    0.10901E-01    0.55098E-02    0.46428E-02    0.85426E-03    0.67006E-03   -0.45105E-02   -0.27624E-02
   -0.27056E-05    0.13139E-04   -0.16452E-05    0.19959E-04   -0.18526E-04   -0.32266E-04    0.12502E-03    0.45274E-04    0.10138E+01   -0.17728E+00   -0.94468E+00    0.19702E+00    0.49903E+00   -0.13893E+00    0.78353E-02   -0.12910E-01    0.20938E-01    0.68535E-06   -0.26172E-04   -0.26214E-02    0.61622E-02    0.11312E-01   -0.52486E-02   -0.26296E-02   -0.42695E-02    0.91196E-03    0.62730E-02    0.64200E-02   -0.41154E-02    0.12421E-01   -0.96005E-02   -0.16887E-01   -0.14930E-01   -0.25234E-02   -0.19677E-01   -0.10831E-01   -0.71788E-02   -0.85480E-03   -0.51879E-03    0.60159E-02    0.14509E-01
    0.25858E-08   -0.13452E-07    0.40861E-08   -0.48230E-07    0.52402E-07    0.10993E-07   -0.16166E-07    0.24052E-06    0.92153E-04    0.94046E-04    0.10357E-03   -0.15771E-03   -0.82317E-04    0.30542E-04    0.19501E-05   -0.17068E-05    0.68535E-06    0.15517E-06    0.23108E-07    0.16294E-05    0.28306E-04   -0.19159E-04   -0.44216E-05   -0.93426E-06    0.39615E-05    0.29332E-05    0.13225E-04   -0.32339E-05    0.22717E-05   -0.32626E-05    0.11461E-05   -0.31372E-06   -0.15117E-05   -0.55096E-06    0.84378E-05   -0.21095E-05    0.96368E-05    0.30355E-05   -0.34064E-05   -0.87431E-05   -0.35019E-05
    0.15525E-09   -0.11306E-07    0.18829E-07    0.15689E-07   -0.31612E-06   -0.84430E-06    0.37867E-06    0.58286E-05    0.20166E-04    0.32582E-02   -0.44230E-02   -0.92347E-03    0.18761E-02    0.12282E-03   -0.29176E-04    0.86127E-04   -0.26172E-04    0.23108E-07    0.17264E-05   -0.42735E-05   -0.70334E-04    0.73776E-04    0.11838E-04   -0.19121E-04   -0.10872E-05    0.33321E-04    0.21334E-03   -0.14588E-04    0.10914E-04    0.75347E-05    0.23080E-04   -0.20669E-03   -0.65644E-05   -0.56243E-04    0.29684E-04   -0.30965E-04    0.20902E-04    0.34613E-04   -0.37500E-04   -0.64418E-04    0.25548E-04
   -0.10287E-05    0.23605E-04   -0.80816E-06   -0.25068E-04    0.49025E-04    0.11232E-03    0.12260E-04   -0.85056E-03   -0.42575E+00    0.14947E+01    0.34963E+00    0.12965E-01   -0.21322E+00   -0.33420E-01    0.29516E-02   -0.69807E-03   -0.26214E-02    0.16294E-05   -0.42735E-05    0.83406E-01    0.17115E-01    0.77120E-04   -0.89456E-03    0.59479E-02    0.52956E-02   -0.10929E-01   -0.26482E-02   -0.36560E-02    0.72362E-02   -0.99032E-03    0.43457E-02   -0.51770E-02    0.23288E-02    0.88969E-02    0.81760E-02   -0.11410E-02   -0.68177E-02    0.14748E-02    0.16511E-02   -0.43971E-02    0.74753E-02
   -0.24341E-04    0.19474E-03   -0.21910E-05   -0.12052E-02   -0.42546E-02   -0.39184E-02   -0.26823E-02    0.72600E-02   -0.14527E+02   -0.11998E+02   -0.12053E+02   -0.39868E+00   -0.35317E+00   -0.22892E-01   -0.13499E-01   -0.99772E-02    0.61622E-02    0.28306E-04   -0.70334E-04    0.17115E-01    0.81910E+01    0.28584E-02    0.48916E-01   -0.43300E-02   -0.12620E-01    0.69188E-01   -0.48116E-02   -0.28066E-01   -0.77641E-01    0.26655E-01    0.33073E-02    0.42201E-01   -0.32358E-01    0.24529E-01    0.33125E-01    0.43278E-01    0.43708E-01   -0.54785E-01   -0.34510E-01    0.47767E-01    0.50022E-02
   -0.99581E-05    0.14568E-03   -0.11108E-04    0.39886E-03   -0.18253E-03   -0.42632E-03    0.20165E-02    0.11803E-03    0.89724E+01    0.19064E+01    0.19416E+01   -0.11314E+01   -0.67318E+00    0.15294E+00    0.10835E-01   -0.16954E-01    0.11312E-01   -0.19159E-04    0.73776E-04    0.77120E-04    0.28584E-02    0.71775E+00   -0.12008E+00    0.95122E-03    0.22969E-01    0.23764E-01    0.18229E+00   -0.54142E-01   -0.57434E-01   -0.10368E-01   -0.66929E-01    0.16893E-01    0.20899E-01   -0.43769E-01   -0.47879E-01   -0.12532E+00    0.15843E+00    0.20971E-01   -0.19573E-01    0.37378E-01    0.75980E-01
   -0.45932E-05   -0.39584E-05    0.27291E-05    0.14202E-03   -0.50738E-04   -0.23975E-03    0.50748E-03   -0.32415E-04   -0.87106E+01    0.45269E+00    0.88928E+00   -0.46474E+00   -0.43925E+00    0.54354E-01    0.49894E-02   -0.95618E-02   -0.52486E-02   -0.44216E-05    0.11838E-04   -0.89456E-03    0.48916E-01   -0.12008E+00    0.91293E+00   -0.13498E-01   -0.26137E-01    0.98082E-02   -0.15244E+00    0.18622E+00    0.63801E-01   -0.22322E-01    0.40211E-01   -0.12525E+00    0.15607E-01    0.16778E-01    0.15345E-01    0.17097E+00   -0.22849E+00    0.39279E-01    0.10293E+00    0.25810E-02   -0.21747E+00
   -0.28160E-05   -0.36761E-04    0.15942E-05   -0.36437E-03   -0.51396E-05    0.11407E-03   -0.86244E-03   -0.15068E-02   -0.34588E+00    0.34514E+00    0.27239E+00   -0.40342E-01   -0.39646E-01    0.11357E-01    0.43619E-03    0.52023E-02   -0.26296E-02   -0.93426E-06   -0.19121E-04    0.59479E-02   -0.43300E-02    0.95122E-03   -0.13498E-01    0.10029E+01    0.21974E-02   -0.11283E-01   -0.17273E-01   -0.30603E-01    0.17201E+00   -0.31328E-01    0.65443E-01    0.30217E-01    0.39354E-01   -0.38209E-01   -0.10582E-01    0.11658E+00   -0.10205E-01    0.41962E-01    0.14310E-01   -0.19311E+00    0.86933E-01
    0.46261E-05   -0.37868E-04    0.14008E-04   -0.15105E-03    0.18838E-03    0.10053E-03   -0.36013E-03    0.29672E-03    0.15976E-01    0.30054E+00   -0.33885E-01   -0.14085E+00   -0.93050E-01    0.37971E-01    0.18630E-03    0.81359E-02   -0.42695E-02    0.39615E-05   -0.10872E-05    0.52956E-02   -0.12620E-01    0.22969E-01   -0.26137E-01    0.21974E-02    0.10211E+01    0.28855E-01    0.49361E-01   -0.11159E+00    0.76405E-01   -0.12232E+00    0.66973E-01    0.85828E-01    0.71219E-01    0.49193E-01    0.17020E+00   -0.10573E+00    0.98753E-01    0.18458E-01   -0.67599E-02   -0.14817E+00    0.23179E-01
   -0.28463E-05   -0.24763E-04   -0.12751E-04    0.27881E-03   -0.94120E-04   -0.25841E-03    0.58552E-03    0.18642E-02    0.11108E+01   -0.13891E+00   -0.14823E-01   -0.20256E-01    0.24541E-01   -0.18162E-01   -0.47531E-03    0.14777E-02    0.91196E-03    0.29332E-05    0.33321E-04   -0.10929E-01    0.69188E-01    0.23764E-01    0.98082E-02   -0.11283E-01    0.28855E-01    0.98502E+00    0.45185E-01    0.45074E-01   -0.44104E-01    0.69079E-01    0.72724E-01    0.59068E-01   -0.72773E-01   -0.84586E-01    0.82325E-02    0.48143E-01    0.94132E-01   -0.64484E-01    0.73620E-01   -0.69405E-02    0.65146E-02
    0.74929E-05    0.97641E-05    0.34060E-05    0.20042E-03    0.27765E-03   -0.17582E-03    0.79559E-03    0.26104E-02   -0.11608E+01   -0.17660E+01    0.14303E+01    0.72673E+00   -0.48262E+00   -0.16518E-01    0.87494E-02   -0.21311E-01    0.62730E-02    0.13225E-04    0.21334E-03   -0.26482E-02   -0.48116E-02    0.18229E+00   -0.15244E+00   -0.17273E-01    0.49361E-01    0.45185E-01    0.87502E+00   -0.45999E-01   -0.30728E-01   -0.20580E-01    0.57351E-03    0.86966E-02    0.11974E+00   -0.13199E+00    0.16633E-02   -0.54057E-01    0.66263E+00    0.21832E+00   -0.91299E-01   -0.55591E-01    0.87738E-01
   -0.97399E-05    0.47961E-04   -0.23754E-04   -0.67484E-04   -0.45030E-04    0.25680E-03    0.96521E-05   -0.92900E-03   -0.50199E+01   -0.59365E+00    0.25368E+00    0.10846E+00   -0.50256E-01    0.54559E-01    0.20839E-03   -0.87180E-02    0.64200E-02   -0.32339E-05   -0.14588E-04   -0.36560E-02   -0.28066E-01   -0.54142E-01    0.18622E+00   -0.30603E-01   -0.11159E+00    0.45074E-01   -0.45999E-01    0.10013E+01    0.76557E-04    0.31305E-01   -0.15227E-01    0.33466E-01   -0.97040E-03   -0.67405E-01   -0.44410E-01    0.13475E+00   -0.11690E+00    0.25427E+00    0.76610E+00    0.31719E+00   -0.18552E+00
   -0.44112E-05   -0.11160E-04   -0.32215E-05   -0.65777E-04   -0.50330E-04    0.92776E-04   -0.28365E-03   -0.17366E-02    0.77058E+00   -0.26030E-01   -0.44485E+00    0.15418E+00    0.20330E+00   -0.26536E-01   -0.56940E-03    0.79126E-02   -0.41154E-02    0.22717E-05    0.10914E-04    0.72362E-02   -0.77641E-01   -0.57434E-01    0.63801E-01    0.17201E+00    0.76405E-01   -0.44104E-01   -0.30728E-01    0.76557E-04    0.98613E+00   -0.10691E-01   -0.25606E-02    0.77982E-01   -0.65418E-01    0.13020E+00    0.15060E+00   -0.14032E+00   -0.21217E+00    0.61244E+00    0.13665E+00   -0.62186E+00    0.17614E+00
   -0.97851E-05    0.95423E-04   -0.12474E-04   -0.17797E-03   -0.38790E-03   -0.19846E-03   -0.10448E-03   -0.73455E-03    0.18608E+01   -0.15329E+00   -0.45642E+00    0.25718E+00    0.38544E+00   -0.11835E+00   -0.22922E-02   -0.28145E-02    0.12421E-01   -0.32626E-05    0.75347E-05   -0.99032E-03    0.26655E-01   -0.10368E-01   -0.22322E-01   -0.31328E-01   -0.12232E+00    0.69079E-01   -0.20580E-01    0.31305E-01   -0.10691E-01    0.99749E+00   -0.67307E-02    0.32571E-02   -0.64968E-01   -0.13854E+00   -0.49483E-01   -0.91910E-01   -0.68212E-01    0.88356E-01   -0.23490E-01    0.34049E+00    0.66912E+00
    0.79550E-05   -0.19400E-04    0.86997E-05   -0.19194E-03   -0.46175E-04   -0.24987E-04   -0.41990E-03    0.33814E-03    0.28299E+00   -0.23844E+00    0.23063E+00    0.15748E+00   -0.17527E+00   -0.64653E-01   -0.17377E-02   -0.49276E-03   -0.96005E-02    0.11461E-05    0.23080E-04    0.43457E-02    0.33073E-02   -0.66929E-01    0.40211E-01    0.65443E-01    0.66973E-01    0.72724E-01    0.57351E-03   -0.15227E-01   -0.25606E-02   -0.67307E-02    0.98849E+00   -0.78643E-01    0.10093E+00    0.28618E-01    0.16259E+00    0.19906E-01    0.11582E+00   -0.55983E+00    0.37562E+00   -0.35557E+00    0.22862E+00
   -0.27037E-05   -0.65018E-05   -0.18569E-05   -0.36978E-03   -0.24042E-03   -0.42969E-04   -0.77482E-03   -0.43245E-03    0.80724E+00    0.10378E+01   -0.12505E+01   -0.36404E+00    0.39559E+00    0.16677E-01   -0.12713E-01    0.32694E-01   -0.16887E-01   -0.31372E-06   -0.20669E-03   -0.51770E-02    0.42201E-01    0.16893E-01   -0.12525E+00    0.30217E-01    0.85828E-01    0.59068E-01    0.86966E-02    0.33466E-01    0.77982E-01    0.32571E-02   -0.78643E-01    0.90123E+00   -0.84233E-02   -0.11360E-01   -0.81105E-02   -0.18133E-01    0.57821E+00    0.16183E+00    0.11586E+00    0.45771E-01   -0.67481E-01
    0.51012E-05    0.32887E-04    0.30450E-05    0.16984E-03   -0.10581E-03   -0.25048E-03    0.51210E-03    0.59492E-03    0.15487E+00    0.25206E+00    0.40233E+00   -0.48230E-01   -0.32550E+00   -0.21657E-01   -0.70687E-03   -0.26891E-02   -0.14930E-01   -0.15117E-05   -0.65644E-05    0.23288E-02   -0.32358E-01    0.20899E-01    0.15607E-01    0.39354E-01    0.71219E-01   -0.72773E-01    0.11974E+00   -0.97040E-03   -0.65418E-01   -0.64968E-01    0.10093E+00   -0.84233E-02    0.10077E+01    0.37142E-02   -0.30501E-01   -0.10404E-01    0.96816E-01    0.14024E+00    0.16047E-03    0.15772E+00    0.16901E+00
    0.21310E-05    0.12341E-04    0.10397E-04    0.22496E-03    0.44416E-04   -0.10710E-03    0.42253E-03   -0.92783E-03    0.11237E+00    0.68224E-01   -0.44545E+00   -0.67033E-01    0.81202E-01   -0.24886E-01   -0.18352E-02    0.56558E-02   -0.25234E-02   -0.55096E-06   -0.56243E-04    0.88969E-02    0.24529E-01   -0.43769E-01    0.16778E-01   -0.38209E-01    0.49193E-01   -0.84586E-01   -0.13199E+00   -0.67405E-01    0.13020E+00   -0.13854E+00    0.28618E-01   -0.11360E-01    0.37142E-02    0.99546E+00   -0.26441E-02   -0.20920E-02   -0.14451E+00    0.35844E-01    0.15650E+00    0.47119E-01   -0.59432E-01
   -0.12750E-05   -0.91121E-06   -0.28778E-05   -0.21114E-03   -0.42605E-04    0.14185E-03   -0.58225E-03   -0.51137E-03    0.23900E+00   -0.31820E+00    0.37588E+00    0.64230E-01   -0.33399E+00    0.67619E-01   -0.30526E-02    0.10901E-01   -0.19677E-01    0.84378E-05    0.29684E-04    0.81760E-02    0.33125E-01   -0.47879E-01    0.15345E-01   -0.10582E-01    0.17020E+00    0.82325E-02    0.16633E-02   -0.44410E-01    0.15060E+00   -0.49483E-01    0.16259E+00   -0.81105E-02   -0.30501E-01   -0.26441E-02    0.10548E+01   -0.15156E-01   -0.15587E-01    0.11459E-01    0.11213E+00   -0.29787E+00    0.10321E+00
    0.21557E-05   -0.42986E-05   -0.22317E-05    0.15142E-03   -0.17534E-03   -0.34742E-03    0.22291E-03    0.19430E-02   -0.31338E+01   -0.58437E+00    0.21445E+00    0.17782E+00   -0.13804E+00    0.53258E-01   -0.13778E-02    0.55098E-02   -0.10831E-01   -0.21095E-05   -0.30965E-04   -0.11410E-02    0.43278E-01   -0.12532E+00    0.17097E+00    0.11658E+00   -0.10573E+00    0.48143E-01   -0.54057E-01    0.13475E+00   -0.14032E+00   -0.91910E-01    0.19906E-01   -0.18133E-01   -0.10404E-01   -0.20920E-02   -0.15156E-01    0.10196E+01   -0.40307E-01   -0.60632E-01    0.15877E-01    0.19008E+00   -0.97089E-01
    0.75760E-05   -0.12037E-04    0.77184E-05   -0.88823E-04    0.89779E-04   -0.18816E-03    0.84908E-04    0.22677E-02    0.76765E-01   -0.56030E+00    0.30698E+00    0.25687E+00   -0.15174E+00   -0.87340E-02   -0.18785E-02    0.46428E-02   -0.71788E-02    0.96368E-05    0.20902E-04   -0.68177E-02    0.43708E-01    0.15843E+00   -0.22849E+00   -0.10205E-01    0.98753E-01    0.94132E-01    0.66263E+00   -0.11690E+00   -0.21217E+00   -0.68212E-01    0.11582E+00    0.57821E+00    0.96816E-01   -0.14451E+00   -0.15587E-01   -0.40307E-01    0.97471E+00   -0.34854E-01   -0.25972E-01   -0.86818E-02    0.66589E-03
   -0.70220E-05    0.38663E-04   -0.16791E-04    0.60380E-04   -0.64161E-04   -0.12743E-04    0.24373E-03   -0.95733E-03   -0.14400E+01   -0.45588E+00    0.94513E-01    0.21561E+00    0.89799E-02    0.29430E-01    0.11903E-02    0.85426E-03   -0.85480E-03    0.30355E-05    0.34613E-04    0.14748E-02   -0.54785E-01    0.20971E-01    0.39279E-01    0.41962E-01    0.18458E-01   -0.64484E-01    0.21832E+00    0.25427E+00    0.61244E+00    0.88356E-01   -0.55983E+00    0.16183E+00    0.14024E+00    0.35844E-01    0.11459E-01   -0.60632E-01   -0.34854E-01    0.96299E+00   -0.35272E-02    0.20529E-01   -0.30436E-02
   -0.49756E-05    0.24085E-04   -0.12354E-04   -0.14824E-03   -0.97528E-06    0.22548E-03   -0.17975E-03   -0.62366E-03   -0.24680E+01   -0.59049E-01    0.18753E+00   -0.92580E-01   -0.93204E-01    0.14030E-01   -0.43591E-02    0.67006E-03   -0.51879E-03   -0.34064E-05   -0.37500E-04    0.16511E-02   -0.34510E-01   -0.19573E-01    0.10293E+00    0.14310E-01   -0.67599E-02    0.73620E-01   -0.91299E-01    0.76610E+00    0.13665E+00   -0.23490E-01    0.37562E+00    0.11586E+00    0.16047E-03    0.15650E+00    0.11213E+00    0.15877E-01   -0.25972E-01   -0.35272E-02    0.98090E+00   -0.15821E-02    0.82531E-02
   -0.65109E-05    0.98520E-04   -0.16245E-04    0.39833E-04   -0.24763E-03   -0.12589E-03    0.40819E-03   -0.46319E-03   -0.14066E+01    0.23928E+00    0.23992E+00   -0.17508E+00   -0.41495E-01   -0.56016E-02   -0.30702E-02   -0.45105E-02    0.60159E-02   -0.87431E-05   -0.64418E-04   -0.43971E-02    0.47767E-01    0.37378E-01    0.25810E-02   -0.19311E+00   -0.14817E+00   -0.69405E-02   -0.55591E-01    0.31719E+00   -0.62186E+00    0.34049E+00   -0.35557E+00    0.45771E-01    0.15772E+00    0.47119E-01   -0.29787E+00    0.19008E+00   -0.86818E-02    0.20529E-01   -0.15821E-02    0.10311E+01    0.48501E-02
   -0.77243E-05    0.11634E-03   -0.51924E-05   -0.10611E-03   -0.35029E-03   -0.27348E-03    0.10348E-03   -0.39927E-03    0.46312E+01    0.11110E+00   -0.45711E+00    0.32193E+00    0.40620E+00   -0.10569E+00   -0.17510E-02   -0.27624E-02    0.14509E-01   -0.35019E-05    0.25548E-04    0.74753E-02    0.50022E-02    0.75980E-01   -0.21747E+00    0.86933E-01    0.23179E-01    0.65146E-02    0.87738E-01   -0.18552E+00    0.17614E+00    0.66912E+00    0.22862E+00   -0.67481E-01    0.16901E+00   -0.59432E-01    0.10321E+00   -0.97089E-01    0.66589E-03   -0.30436E-02    0.82531E-02    0.48501E-02    0.97957E+00
