# omegabh2 omegach2 theta tau nnu ns logA aps100 aps143 aps217 acib143 acib217 asz143 psr cibr cal0 cal2 xi aksz bm_1_1
    0.81914E-07    0.55792E-06   -0.33382E-07    0.81405E-06    0.44181E-04    0.18825E-05    0.31180E-05   -0.26661E-05   -0.26175E-04   -0.37289E-04   -0.25187E-04    0.11776E-03    0.20526E-04   -0.15579E-06    0.63566E-05   -0.41041E-08    0.27362E-08   -0.30029E-05    0.27946E-04    0.64284E-05
    0.55792E-06    0.21164E-04   -0.19976E-05    0.16989E-05    0.11506E-02    0.30366E-04    0.55414E-04    0.41958E-02    0.14341E-03   -0.94697E-03    0.31939E-02    0.79453E-02    0.37833E-03   -0.22801E-04    0.20296E-03   -0.75402E-07    0.42849E-06   -0.76590E-04    0.10535E-02    0.41885E-03
   -0.33382E-07   -0.19976E-05    0.44368E-06   -0.16901E-06   -0.11648E-03   -0.30300E-05   -0.50216E-05   -0.39878E-03   -0.29526E-04    0.97134E-04   -0.18528E-03   -0.78592E-03   -0.44834E-04    0.19152E-05   -0.22900E-04    0.10232E-07   -0.50838E-07    0.75114E-05   -0.11572E-03   -0.46820E-04
    0.81405E-06    0.16989E-05   -0.16901E-06    0.18129E-03    0.42952E-03    0.37794E-04    0.36405E-03   -0.33078E-02    0.12022E-03    0.84710E-03   -0.28701E-02   -0.64216E-02   -0.46964E-03    0.34140E-04   -0.15676E-03   -0.16612E-06   -0.56070E-06    0.10287E-03   -0.62256E-03   -0.26692E-03
    0.44181E-04    0.11506E-02   -0.11648E-03    0.42952E-03    0.73454E-01    0.23665E-02    0.36948E-02    0.20437E+00    0.28330E-02   -0.65053E-01    0.19397E+00    0.49535E+00    0.24088E-01   -0.14265E-02    0.12547E-01   -0.43874E-05    0.26738E-04   -0.44568E-02    0.72693E-01    0.22103E-01
    0.18825E-05    0.30366E-04   -0.30300E-05    0.37794E-04    0.23665E-02    0.10868E-03    0.14800E-03    0.23763E-02    0.70309E-03   -0.24975E-03    0.80130E-04    0.57178E-02    0.30339E-03   -0.16324E-04    0.20742E-03   -0.20844E-06    0.58058E-06   -0.14280E-04    0.88552E-03    0.44324E-03
    0.31180E-05    0.55414E-04   -0.50216E-05    0.36405E-03    0.36948E-02    0.14800E-03    0.86570E-03    0.64969E-02    0.12684E-02    0.18623E-03    0.49527E-03    0.37101E-02   -0.43589E-03    0.26028E-04    0.53872E-04   -0.44585E-06    0.13828E-06    0.57488E-04    0.65918E-03    0.71391E-03
   -0.26661E-05    0.41958E-02   -0.39878E-03   -0.33078E-02    0.20437E+00    0.23763E-02    0.64969E-02    0.34366E+02    0.13628E+01   -0.62463E-02    0.71032E+01    0.16333E+01   -0.23034E+01   -0.19312E-01   -0.41591E+00   -0.27726E-04    0.10091E-02    0.92560E-01   -0.29970E+00    0.13190E+01
   -0.26175E-04    0.14341E-03   -0.29526E-04    0.12022E-03    0.28330E-02    0.70309E-03    0.12684E-02    0.13628E+01    0.14246E+01    0.76588E+00   -0.23341E+01   -0.24101E+01   -0.30129E+00    0.48322E-02   -0.67489E-01    0.85118E-05    0.15662E-03    0.15394E+00   -0.53577E+00    0.23935E-01
   -0.37289E-04   -0.94697E-03    0.97134E-04    0.84710E-03   -0.65053E-01   -0.24975E-03    0.18623E-03   -0.62463E-02    0.76588E+00    0.21992E+01   -0.30433E+01   -0.87982E+01   -0.22898E+00    0.23825E-01   -0.16603E+00    0.11149E-04   -0.64549E-03    0.69661E-01   -0.57722E+00    0.26106E-02
   -0.25187E-04    0.31939E-02   -0.18528E-03   -0.28701E-02    0.19397E+00    0.80130E-04    0.49527E-03    0.71032E+01   -0.23341E+01   -0.30433E+01    0.31124E+02    0.16581E+02   -0.78513E+00   -0.22803E-01    0.39754E-01   -0.68775E-04   -0.10507E-03    0.34504E+00   -0.16628E+00   -0.32091E+00
    0.11776E-03    0.79453E-02   -0.78592E-03   -0.64216E-02    0.49535E+00    0.57178E-02    0.37101E-02    0.16333E+01   -0.24101E+01   -0.87982E+01    0.16581E+02    0.44140E+02    0.14896E+01   -0.11255E+00    0.90562E+00   -0.32394E-04    0.30511E-02   -0.38648E+00   -0.46612E+00    0.86651E-01
    0.20526E-04    0.37833E-03   -0.44834E-04   -0.46964E-03    0.24088E-01    0.30339E-03   -0.43589E-03   -0.23034E+01   -0.30129E+00   -0.22898E+00   -0.78513E+00    0.14896E+01    0.66170E+00   -0.35629E-02    0.14900E+00    0.11724E-05   -0.19122E-03   -0.44773E-01   -0.84406E-01    0.69899E-01
   -0.15579E-06   -0.22801E-04    0.19152E-05    0.34140E-04   -0.14265E-02   -0.16324E-04    0.26028E-04   -0.19312E-01    0.48322E-02    0.23825E-01   -0.22803E-01   -0.11255E+00   -0.35629E-02    0.23321E-02   -0.26443E-02   -0.17657E-06   -0.56320E-05    0.30823E-02   -0.34607E-02   -0.62562E-03
    0.63566E-05    0.20296E-03   -0.22900E-04   -0.15676E-03    0.12547E-01    0.20742E-03    0.53872E-04   -0.41591E+00   -0.67489E-01   -0.16603E+00    0.39754E-01    0.90562E+00    0.14900E+00   -0.26443E-02    0.54133E-01   -0.19720E-05    0.13468E-04   -0.41547E-02   -0.26657E-01    0.16357E-01
   -0.41041E-08   -0.75402E-07    0.10232E-07   -0.16612E-06   -0.43874E-05   -0.20844E-06   -0.44585E-06   -0.27726E-04    0.85118E-05    0.11149E-04   -0.68775E-04   -0.32394E-04    0.11724E-05   -0.17657E-06   -0.19720E-05    0.15360E-06    0.10903E-07   -0.11204E-05   -0.35278E-06   -0.20103E-04
    0.27362E-08    0.42849E-06   -0.50838E-07   -0.56070E-06    0.26738E-04    0.58058E-06    0.13828E-06    0.10091E-02    0.15662E-03   -0.64549E-03   -0.10507E-03    0.30511E-02   -0.19122E-03   -0.56320E-05    0.13468E-04    0.10903E-07    0.87007E-06   -0.15394E-04    0.20258E-04    0.51971E-07
   -0.30029E-05   -0.76590E-04    0.75114E-05    0.10287E-03   -0.44568E-02   -0.14280E-04    0.57488E-04    0.92560E-01    0.15394E+00    0.69661E-01    0.34504E+00   -0.38648E+00   -0.44773E-01    0.30823E-02   -0.41547E-02   -0.11204E-05   -0.15394E-04    0.76867E-01    0.15340E-01   -0.41078E-02
    0.27946E-04    0.10535E-02   -0.11572E-03   -0.62256E-03    0.72693E-01    0.88552E-03    0.65918E-03   -0.29970E+00   -0.53577E+00   -0.57722E+00   -0.16628E+00   -0.46612E+00   -0.84406E-01   -0.34607E-02   -0.26657E-01   -0.35278E-06    0.20258E-04    0.15340E-01    0.20252E+01   -0.80804E-02
    0.64284E-05    0.41885E-03   -0.46820E-04   -0.26692E-03    0.22103E-01    0.44324E-03    0.71391E-03    0.13190E+01    0.23935E-01    0.26106E-02   -0.32091E+00    0.86651E-01    0.69899E-01   -0.62562E-03    0.16357E-01   -0.20103E-04    0.51971E-07   -0.41078E-02   -0.80804E-02    0.15130E+00
