# omegabh2 omegach2 theta tau logA ns r aps100 aps143 aps217 acib143 acib217 asz143 psr cibr ncib xi aksz cal0 cal2 bm_1_1
    0.4290787E-07   -0.8241176E-07    0.2812857E-07    0.5218174E-06    0.9985380E-06    0.3507728E-06   -0.1490283E-07    0.3065653E-04   -0.2346664E-03    0.2700186E-03   -0.1157142E-03   -0.2697869E-03    0.4243258E-05    0.1436383E-05   -0.2568722E-05   -0.2327263E-05    0.3126578E-05   -0.7667085E-04    0.5268185E-08   -0.2107788E-09    0.2685679E-05
   -0.8241176E-07    0.1769688E-05   -0.9211652E-07   -0.3099301E-05   -0.1798656E-05   -0.3802730E-05   -0.4004819E-05    0.3692291E-02    0.4503228E-03   -0.3506563E-03    0.7246624E-04    0.4436726E-03   -0.4387175E-04   -0.2864692E-05    0.1160407E-04    0.4484738E-05   -0.4527780E-05   -0.1812183E-04   -0.2510660E-07    0.8061253E-07    0.5432832E-04
    0.2812857E-07   -0.9211652E-07    0.2060648E-06    0.3687668E-06    0.7074121E-06    0.5102643E-06    0.6438926E-06   -0.1808210E-03   -0.1424130E-04    0.2077094E-03   -0.5176045E-04   -0.1610345E-03    0.4609668E-04    0.3058950E-06    0.3695936E-05   -0.3204114E-05    0.1145122E-05   -0.1391639E-04   -0.9647643E-08   -0.6649808E-08    0.1114219E-05
    0.5218174E-06   -0.3099301E-05    0.3687668E-06    0.1687219E-03    0.3303359E-03    0.1520905E-04   -0.6353363E-04   -0.3380514E-01   -0.3859170E-02    0.1166822E-01   -0.4487083E-02   -0.7783552E-02   -0.2705968E-03    0.4780593E-04   -0.7227928E-04   -0.6476173E-04   -0.2899491E-06   -0.2807420E-02   -0.6367811E-07    0.1028498E-05   -0.1828355E-03
    0.9985380E-06   -0.1798656E-05    0.7074121E-06    0.3303359E-03    0.6648813E-03    0.2053460E-04   -0.1459027E-03   -0.6011010E-01    0.5693986E-03    0.3267687E-01   -0.1223446E-01   -0.1833913E-01   -0.1621468E-02    0.1065574E-03   -0.1853857E-03   -0.1196976E-03    0.5907552E-04   -0.7513747E-02    0.3128045E-07    0.3805863E-05    0.2946835E-03
    0.3507728E-06   -0.3802730E-05    0.5102643E-06    0.1520905E-04    0.2053460E-04    0.2311883E-04    0.2868219E-04   -0.2436727E-01    0.5197810E-05    0.1533344E-01   -0.4622685E-02   -0.8834362E-02   -0.6465984E-03    0.5263629E-04   -0.1914199E-03   -0.5984522E-04    0.6886764E-04   -0.3053802E-02   -0.2326018E-07    0.6061682E-06    0.1080867E-03
   -0.1490283E-07   -0.4004819E-05    0.6438926E-06   -0.6353363E-04   -0.1459027E-03    0.2868219E-04    0.1333433E-02   -0.5512354E-01   -0.5757129E-02    0.6125201E-02   -0.1239971E-02   -0.4315362E-02    0.5635192E-03    0.3455765E-03   -0.2504035E-03    0.1244046E-03    0.3996573E-03    0.1431331E-02    0.1726912E-05   -0.4298547E-05   -0.1026647E-02
    0.3065653E-04    0.3692291E-02   -0.1808210E-03   -0.3380514E-01   -0.6011010E-01   -0.2436727E-01   -0.5512354E-01    0.2342395E+04    0.6748185E+02   -0.9295040E+02    0.6006854E+02    0.6643389E+02   -0.5421627E+02   -0.7146313E+00   -0.1045457E+01    0.4966529E+00    0.3545452E+00   -0.1413448E+02    0.2160880E-02    0.2563422E-02    0.1116788E+02
   -0.2346664E-03    0.4503228E-03   -0.1424130E-04   -0.3859170E-02    0.5693986E-03    0.5197810E-05   -0.5757129E-02    0.6748185E+02    0.1150352E+03    0.3590626E+02   -0.1857169E+02   -0.3541649E+01   -0.7159373E+01   -0.1729685E+00    0.1108448E+00    0.3662234E-01    0.1166402E+01   -0.1235899E+02    0.3735129E-03    0.1750181E-02    0.3431846E+00
    0.2700186E-03   -0.3506563E-03    0.2077094E-03    0.1166822E-01    0.3267687E-01    0.1533344E-01    0.6125201E-02   -0.9295040E+02    0.3590626E+02    0.3087245E+03   -0.3332406E+02   -0.1416232E+03    0.1319378E+01    0.3571006E-01   -0.1415351E+01   -0.1755648E+01    0.4380299E+00   -0.9286970E+01    0.5552419E-03   -0.1757259E-02    0.5846210E+00
   -0.1157142E-03    0.7246624E-04   -0.5176045E-04   -0.4487083E-02   -0.1223446E-01   -0.4622685E-02   -0.1239971E-02    0.6006854E+02   -0.1857169E+02   -0.3332406E+02    0.2160417E+02    0.1903018E+02   -0.1608957E+01    0.2288305E-01    0.2133099E-01    0.2159658E+00    0.1376285E+00   -0.6827598E+00   -0.2925488E-03   -0.1517158E-02   -0.2690204E+00
   -0.2697869E-03    0.4436726E-03   -0.1610345E-03   -0.7783552E-02   -0.1833913E-01   -0.8834362E-02   -0.4315362E-02    0.6643389E+02   -0.3541649E+01   -0.1416232E+03    0.1903018E+02    0.7631775E+02   -0.2411284E+00    0.4716539E-01    0.6612171E+00    0.1052237E+01   -0.2465721E+00   -0.1596155E+01   -0.2140819E-03    0.3491449E-03   -0.1554641E+00
    0.4243258E-05   -0.4387175E-04    0.4609668E-04   -0.2705968E-03   -0.1621468E-02   -0.6465984E-03    0.5635192E-03   -0.5421627E+02   -0.7159373E+01    0.1319378E+01   -0.1608957E+01   -0.2411284E+00    0.6841681E+01    0.6630442E-01    0.2406408E+00   -0.5962449E-02   -0.9119530E-01   -0.2320381E+00    0.2469570E-04   -0.7953098E-03    0.1191311E+00
    0.1436383E-05   -0.2864692E-05    0.3058950E-06    0.4780593E-04    0.1065574E-03    0.5263629E-04    0.3455765E-03   -0.7146313E+00   -0.1729685E+00    0.3571006E-01    0.2288305E-01    0.4716539E-01    0.6630442E-01    0.1401336E-01   -0.8555232E-02    0.4899853E-02    0.6102426E-02   -0.1991759E-01    0.2604478E-05   -0.2136842E-04    0.3424864E-02
   -0.2568722E-05    0.1160407E-04    0.3695936E-05   -0.7227928E-04   -0.1853857E-03   -0.1914199E-03   -0.2504035E-03   -0.1045457E+01    0.1108448E+00   -0.1415351E+01    0.2133099E-01    0.6612171E+00    0.2406408E+00   -0.8555232E-02    0.5173268E-01   -0.8361497E-03    0.6244725E-02   -0.3595790E-01   -0.4638824E-05    0.7452850E-04    0.2258819E-03
   -0.2327263E-05    0.4484738E-05   -0.3204114E-05   -0.6476173E-04   -0.1196976E-03   -0.5984522E-04    0.1244046E-03    0.4966529E+00    0.3662234E-01   -0.1755648E+01    0.2159658E+00    0.1052237E+01   -0.5962449E-02    0.4899853E-02   -0.8361497E-03    0.2466345E-01   -0.1455217E-02   -0.1387083E-01    0.2410108E-05   -0.8403882E-04    0.4879309E-02
    0.3126578E-05   -0.4527780E-05    0.1145122E-05   -0.2899491E-06    0.5907552E-04    0.6886764E-04    0.3996573E-03    0.3545452E+00    0.1166402E+01    0.4380299E+00    0.1376285E+00   -0.2465721E+00   -0.9119530E-01    0.6102426E-02    0.6244725E-02   -0.1455217E-02    0.8053059E-01    0.3528812E-02    0.2822280E-05    0.7505384E-05    0.6244450E-02
   -0.7667085E-04   -0.1812183E-04   -0.1391639E-04   -0.2807420E-02   -0.7513747E-02   -0.3053802E-02    0.1431331E-02   -0.1413448E+02   -0.1235899E+02   -0.9286970E+01   -0.6827598E+00   -0.1596155E+01   -0.2320381E+00   -0.1991759E-01   -0.3595790E-01   -0.1387083E-01    0.3528812E-02    0.7766715E+01   -0.1979182E-05   -0.8396884E-04   -0.4134932E-01
    0.5268185E-08   -0.2510660E-07   -0.9647643E-08   -0.6367811E-07    0.3128045E-07   -0.2326018E-07    0.1726912E-05    0.2160880E-02    0.3735129E-03    0.5552419E-03   -0.2925488E-03   -0.2140819E-03    0.2469570E-04    0.2604478E-05   -0.4638824E-05    0.2410108E-05    0.2822280E-05   -0.1979182E-05    0.8349758E-06    0.5280079E-07   -0.9888436E-04
   -0.2107788E-09    0.8061253E-07   -0.6649808E-08    0.1028498E-05    0.3805863E-05    0.6061682E-06   -0.4298547E-05    0.2563422E-02    0.1750181E-02   -0.1757259E-02   -0.1517158E-02    0.3491449E-03   -0.7953098E-03   -0.2136842E-04    0.7452850E-04   -0.8403882E-04    0.7505384E-05   -0.8396884E-04    0.5280079E-07    0.5685404E-05    0.2593080E-03
    0.2685679E-05    0.5432832E-04    0.1114219E-05   -0.1828355E-03    0.2946835E-03    0.1080867E-03   -0.1026647E-02    0.1116788E+02    0.3431846E+00    0.5846210E+00   -0.2690204E+00   -0.1554641E+00    0.1191311E+00    0.3424864E-02    0.2258819E-03    0.4879309E-02    0.6244450E-02   -0.4134932E-01   -0.9888436E-04    0.2593080E-03    0.2546257E+00
