# omegabh2 omegach2 theta tau nnu ns logA aps100 aps143 aps217 acib143 acib217 asz143 psr cibr cal0 cal2 xi aksz bm_1_1
1.258600E-07 1.062300E-07 2.866400E-08 7.778700E-06 4.834900E-05 3.527300E-06 1.578000E-05 -4.398700E-04 -1.817400E-04 -8.814200E-05 -1.655400E-04 -2.434800E-04 -6.327842E-05 -7.222000E-08 -4.328500E-06 -5.478900E-10 6.735600E-10 -8.556300E-08 -4.501062E-05 -1.957900E-05
1.062300E-07 2.092900E-05 -1.890400E-06 -1.626300E-05 9.538000E-04 1.478400E-05 1.260700E-05 1.367600E-02 4.995900E-03 9.825000E-04 2.426900E-03 4.426500E-03 1.106629E-03 -9.943900E-07 1.112700E-04 -3.512100E-08 6.817100E-09 -1.401500E-05 1.778065E-03 6.405800E-04
2.866400E-08 -1.890400E-06 4.887700E-07 3.212200E-06 -8.450800E-05 -5.891800E-07 2.594800E-06 -1.440600E-03 -3.647000E-04 -8.862200E-05 -2.670000E-04 -4.309100E-04 -1.212717E-04 -1.638000E-08 -1.191100E-05 6.857600E-09 9.491800E-09 1.780000E-06 -1.942952E-04 -6.060500E-05
7.778700E-06 -1.626300E-05 3.212200E-06 1.495100E-03 3.215900E-03 3.428500E-04 2.930900E-03 -8.231700E-02 6.588100E-03 3.555500E-02 -2.848700E-02 -5.037500E-02 -1.632942E-02 -1.685200E-05 -1.085900E-03 9.782900E-09 2.374800E-07 1.723800E-04 -1.128310E-02 -2.905500E-03
4.834900E-05 9.538000E-04 -8.450800E-05 3.215900E-03 7.218800E-02 2.702400E-03 8.401300E-03 4.791900E-01 2.037100E-01 3.550200E-02 9.197200E-02 1.802800E-01 5.011820E-02 -8.260200E-05 5.291700E-03 -2.645800E-07 -3.984300E-07 -9.725700E-04 8.267168E-02 2.424200E-02
3.527300E-06 1.478400E-05 -5.891800E-07 3.428500E-04 2.702400E-03 1.795500E-04 7.081200E-04 -9.632800E-03 1.038500E-02 1.767200E-02 -6.928000E-03 -1.155100E-02 -3.728171E-03 -2.574700E-06 -2.240500E-04 -4.276900E-08 1.799700E-08 3.772800E-05 -2.368190E-03 -3.122000E-04
1.578000E-05 1.260700E-05 2.594800E-06 2.930900E-03 8.401300E-03 7.081200E-04 5.847900E-03 -1.167700E-01 3.482800E-02 8.339700E-02 -5.348400E-02 -9.539100E-02 -3.329239E-02 -3.173500E-05 -2.091900E-03 2.849000E-08 6.935400E-07 3.585000E-04 -2.004106E-02 -4.067400E-03
-4.398700E-04 1.367600E-02 -1.440600E-03 -8.231700E-02 4.791900E-01 -9.632800E-03 -1.167700E-01 2.541400E+03 2.097300E+02 1.372500E+02 8.116000E+01 -4.583400E+01 -1.271611E+02 4.443200E-02 -5.122700E+00 9.173500E-04 2.208000E-03 2.198100E+00 -8.332785E+00 1.200800E+01
-1.817400E-04 4.995900E-03 -3.647000E-04 6.588100E-03 2.037100E-01 1.038500E-02 3.482800E-02 2.097300E+02 1.851900E+02 1.382400E+02 -3.601000E+01 -5.066800E+01 -2.770985E+01 4.188400E-02 -1.610900E+00 8.039900E-05 1.155800E-04 4.879900E-01 -1.246565E+01 2.391100E-01
-8.814200E-05 9.825000E-04 -8.862200E-05 3.555500E-02 3.550200E-02 1.767200E-02 8.339700E-02 1.372500E+02 1.382400E+02 2.274400E+02 -3.309500E+01 -9.142700E+01 -2.404043E+01 5.264700E-02 -2.177100E+00 5.864500E-05 -4.358100E-03 4.680100E-01 -1.240764E+01 1.674300E-01
-1.655400E-04 2.426900E-03 -2.670000E-04 -2.848700E-02 9.197200E-02 -6.928000E-03 -5.348400E-02 8.116000E+01 -3.601000E+01 -3.309500E+01 3.004200E+01 1.903400E+01 -2.502409E+00 -7.775100E-03 1.269400E-01 -5.745100E-05 -3.226800E-04 1.597800E-01 -2.569567E-01 -6.142500E-01
-2.434800E-04 4.426500E-03 -4.309100E-04 -5.037500E-02 1.802800E-01 -1.155100E-02 -9.539100E-02 -4.583400E+01 -5.066800E+01 -9.142700E+01 1.903400E+01 4.938700E+01 1.385325E+01 -2.072000E-02 1.186700E+00 -1.890700E-05 2.314000E-03 -2.497000E-01 -2.829362E-01 1.487500E-01
-6.327842E-05 1.106629E-03 -1.212717E-04 -1.632942E-02 5.011820E-02 -3.728171E-03 -3.329239E-02 -1.271611E+02 -2.770985E+01 -2.404043E+01 -2.502409E+00 1.385325E+01 1.652252E+01 -7.571925E-03 7.719642E-01 -2.506869E-07 -3.634313E-04 -2.715831E-01 -2.466603E-01 5.106301E-01
-7.222000E-08 -9.943900E-07 -1.638000E-08 -1.685200E-05 -8.260200E-05 -2.574700E-06 -3.173500E-05 4.443200E-02 4.188400E-02 5.264700E-02 -7.775100E-03 -2.072000E-02 -7.571925E-03 1.866000E-04 -6.113800E-04 -1.135400E-07 -8.213800E-07 2.882300E-04 -4.036804E-03 -5.385700E-05
-4.328500E-06 1.112700E-04 -1.191100E-05 -1.085900E-03 5.291700E-03 -2.240500E-04 -2.091900E-03 -5.122700E+00 -1.610900E+00 -2.177100E+00 1.269400E-01 1.186700E+00 7.719642E-01 -6.113800E-04 5.192500E-02 -1.262200E-06 3.013900E-05 -1.120600E-02 3.453241E-03 2.621900E-02
-5.478900E-10 -3.512100E-08 6.857600E-09 9.782900E-09 -2.645800E-07 -4.276900E-08 2.849000E-08 9.173500E-04 8.039900E-05 5.864500E-05 -5.745100E-05 -1.890700E-05 -2.506869E-07 -1.135400E-07 -1.262200E-06 1.520600E-07 3.537500E-09 -9.410400E-07 1.018365E-05 -3.047300E-05
6.735600E-10 6.817100E-09 9.491800E-09 2.374800E-07 -3.984300E-07 1.799700E-08 6.935400E-07 2.208000E-03 1.155800E-04 -4.358100E-03 -3.226800E-04 2.314000E-03 -3.634313E-04 -8.213800E-07 3.013900E-05 3.537500E-09 8.833700E-07 2.845900E-06 2.713761E-05 4.762900E-05
-8.556300E-08 -1.401500E-05 1.780000E-06 1.723800E-04 -9.725700E-04 3.772800E-05 3.585000E-04 2.198100E+00 4.879900E-01 4.680100E-01 1.597800E-01 -2.497000E-01 -2.715831E-01 2.882300E-04 -1.120600E-02 -9.410400E-07 2.845900E-06 2.346300E-02 3.777420E-03 -9.587400E-03
-4.501062E-05 1.778065E-03 -1.942952E-04 -1.128310E-02 8.267168E-02 -2.368190E-03 -2.004106E-02 -8.332785E+00 -1.246565E+01 -1.240764E+01 -2.569567E-01 -2.829362E-01 -2.466603E-01 -4.036804E-03 3.453241E-03 1.018365E-05 2.713761E-05 3.777420E-03 8.518948E+00 9.083991E-02
-1.957900E-05 6.405800E-04 -6.060500E-05 -2.905500E-03 2.424200E-02 -3.122000E-04 -4.067400E-03 1.200800E+01 2.391100E-01 1.674300E-01 -6.142500E-01 1.487500E-01 5.106301E-01 -5.385700E-05 2.621900E-02 -3.047300E-05 4.762900E-05 -9.587400E-03 9.083991E-02 6.454800E-01
