# omegabh2 omegach2 theta tau omegak ns logA asz
    0.23381E-06   -0.43647E-06    0.64885E-06    0.18788E-05   -0.86066E-06    0.47873E-05    0.46295E-05    0.11010E-04
   -0.43647E-06    0.18209E-04   -0.27097E-06   -0.15734E-04    0.15155E-04   -0.20423E-04    0.29520E-04   -0.29649E-03
    0.64885E-06   -0.27097E-06    0.49592E-05    0.48020E-05   -0.35110E-05    0.13547E-04    0.17292E-04    0.27408E-05
    0.18788E-05   -0.15734E-04    0.48020E-05    0.18757E-03   -0.17260E-04    0.63675E-04    0.34384E-03    0.15323E-03
   -0.86066E-06    0.15155E-04   -0.35110E-05   -0.17260E-04    0.19198E-04   -0.26996E-04    0.99195E-05   -0.24710E-03
    0.47873E-05   -0.20423E-04    0.13547E-04    0.63675E-04   -0.26996E-04    0.14349E-03    0.12431E-03   -0.29930E-03
    0.46295E-05    0.29520E-04    0.17292E-04    0.34384E-03    0.99195E-05    0.12431E-03    0.88446E-03   -0.15505E-02
    0.11010E-04   -0.29649E-03    0.27408E-05    0.15323E-03   -0.24710E-03   -0.29930E-03   -0.15505E-02    0.33610E+00
