# omegabh2 omegach2 theta tau nnu logA ns calPlanck aps100 asz143 aksz dust100 amp_143 amp_217 amp_143x217 n_143 n_217 n_143x217 cal0 cal2
  1.0487546E-07   6.0386088E-07  -3.5559513E-08   8.6988178E-07   7.0212351E-05   3.7076084E-06   3.6250580E-06   5.4813729E-08   1.0275981E-03  -2.4985136E-05   6.0367329E-05   1.4553728E-06   1.2231570E-04   1.0544278E-04   1.0401788E-04  -3.5012517E-06  -1.5878235E-05  -9.0142088E-06   4.1163928E-09   2.1540811E-08
  6.0386088E-07   1.6501927E-05  -1.5918224E-06   3.1966554E-06   1.0294926E-03   5.0008907E-05   3.3701059E-05   3.3896276E-08   2.7437615E-02  -1.0027994E-03   1.7379317E-03   2.7952228E-05   4.8857667E-03   4.0509129E-03   3.9868103E-03   3.3525687E-05  -4.2720956E-04  -2.0964911E-04  -6.7923815E-08   5.1320441E-07
 -3.5559513E-08  -1.5918224E-06   3.3405475E-07  -5.9030233E-08  -9.9213775E-05  -4.1214291E-06  -2.9589748E-06   7.1194025E-09  -2.7335391E-03   9.7774397E-05  -1.8099529E-04  -4.0819898E-06  -5.0125341E-04  -4.1950449E-04  -4.1368243E-04  -2.4244077E-06   4.6158207E-05   2.5646274E-05   8.7168561E-09  -4.5401815E-08
  8.6988178E-07   3.1966554E-06  -5.9030233E-08   6.5224400E-05   6.1100854E-04   1.4029492E-04   3.8429041E-05  -2.3472152E-07  -2.7158870E-04   3.0387569E-05  -2.0017635E-05  -7.3814535E-06   2.4030801E-04   3.6417317E-04   3.5994781E-04  -5.5963569E-06  -9.4814230E-05  -6.4711339E-05  -9.5688058E-08   1.1445736E-07
  7.0212351E-05   1.0294926E-03  -9.9213775E-05   6.1100854E-04   8.6572705E-02   4.0758858E-03   3.6319844E-03   2.2114270E-05   2.2518977E+00  -7.7130740E-02   1.4472625E-01   2.2722707E-03   3.6371217E-01   2.9779561E-01   2.9535104E-01  -9.6846766E-06  -3.3773793E-02  -1.8623397E-02  -1.4435642E-06   3.8339094E-05
  3.7076084E-06   5.0008907E-05  -4.1214291E-06   1.4029492E-04   4.0758858E-03   4.4620336E-04   1.7433181E-04   1.2198396E-05   7.3738152E-02  -2.3538343E-03   3.6216642E-03   4.2332183E-05   1.2834568E-02   1.1381493E-02   1.0896648E-02   3.5797199E-04  -1.2667043E-03  -4.1076691E-04   3.2010836E-07   1.9196044E-06
  3.6250580E-06   3.3701059E-05  -2.9589748E-06   3.8429041E-05   3.6319844E-03   1.7433181E-04   1.8528321E-04   1.5348417E-06   6.1917381E-02  -2.1272288E-03   3.9956519E-03   1.1124475E-04   1.0705735E-02   9.2359486E-03   9.0576072E-03   7.6628392E-05  -9.7585680E-04  -4.3295151E-04  -1.1922276E-07   1.3659722E-06
  5.4813729E-08   3.3896276E-08   7.1194025E-09  -2.3472152E-07   2.2114270E-05   1.2198396E-05   1.5348417E-06   6.1930526E-06   3.5673675E-03   1.8915840E-05  -7.9152617E-05  -1.1875529E-06   2.0160140E-04   1.6171254E-04   1.2796081E-04  -7.7496314E-06  -1.6385738E-05   2.3189661E-06  -3.7877957E-08   1.6545524E-08
  1.0275981E-03   2.7437615E-02  -2.7335391E-03  -2.7158870E-04   2.2518977E+00   7.3738152E-02   6.1917381E-02   3.5673675E-03   7.7703043E+02  -3.1433623E+01   1.6598956E+01  -1.3610455E-01   4.4711645E+01   1.5342057E+01   1.6805457E+01  -3.2876973E+00  -3.0079659E+00  -3.1179816E+00   3.2969464E-03   1.6979609E-04
 -2.4985136E-05  -1.0027994E-03   9.7774397E-05   3.0387569E-05  -7.7130740E-02  -2.3538343E-03  -2.1272288E-03   1.8915840E-05  -3.1433623E+01   4.4952524E+00  -3.7521954E+00  -5.5393449E-03  -1.6243432E+00   1.6770695E+00   1.8492769E+00   1.6322809E-01   9.2226750E-02   8.2799885E-03   5.4947468E-04  -2.7283630E-04
  6.0367329E-05   1.7379317E-03  -1.8099529E-04  -2.0017635E-05   1.4472625E-01   3.6216642E-03   3.9956519E-03  -7.9152617E-05   1.6598956E+01  -3.7521954E+00   7.6346231E+00   3.3852234E-03  -7.5384544E-01  -3.4581543E+00  -3.6213344E+00  -1.4812311E-01  -1.3729653E-01  -9.9827468E-02  -3.6894201E-04   2.9428336E-04
  1.4553728E-06   2.7952228E-05  -4.0819898E-06  -7.3814535E-06   2.2722707E-03   4.2332183E-05   1.1124475E-04  -1.1875529E-06  -1.3610455E-01  -5.5393449E-03   3.3852234E-03   3.8483256E-02   1.4028797E-02   1.0657066E-02   1.0042045E-02  -2.0786051E-03  -1.6896626E-03  -1.2915206E-03   3.9259505E-05   1.1154442E-07
  1.2231570E-04   4.8857667E-03  -5.0125341E-04   2.4030801E-04   3.6371217E-01   1.2834568E-02   1.0705735E-02   2.0160140E-04   4.4711645E+01  -1.6243432E+00  -7.5384544E-01   1.4028797E-02   6.9434246E+00   4.3608535E+00   4.8164317E+00  -2.1053797E-01  -4.3856366E-01  -4.4779273E-01  -5.1818512E-04  -2.7551412E-05
  1.0544278E-04   4.0509129E-03  -4.1950449E-04   3.6417317E-04   2.9779561E-01   1.1381493E-02   9.2359486E-03   1.6171254E-04   1.5342057E+01   1.6770695E+00  -3.4581543E+00   1.0657066E-02   4.3608535E+00   7.0622103E+00   6.3309827E+00   6.4037363E-02  -8.7817535E-01  -5.7375614E-01   8.6722149E-05   1.5774549E-03
  1.0401788E-04   3.9868103E-03  -4.1368243E-04   3.5994781E-04   2.9535104E-01   1.0896648E-02   9.0576072E-03   1.2796081E-04   1.6805457E+01   1.8492769E+00  -3.6213344E+00   1.0042045E-02   4.8164317E+00   6.3309827E+00   6.4414725E+00  -6.8369343E-02  -6.4865067E-01  -5.0321789E-01  -4.8869238E-05   6.6889831E-04
 -3.5012517E-06   3.3525687E-05  -2.4244077E-06  -5.5963569E-06  -9.6846766E-06   3.5797199E-04   7.6628392E-05  -7.7496314E-06  -3.2876973E+00   1.6322809E-01  -1.4812311E-01  -2.0786051E-03  -2.1053797E-01   6.4037363E-02  -6.8369343E-02   2.1895108E-01  -4.0503540E-02   9.2874758E-02   2.1680855E-04   2.3180964E-04
 -1.5878235E-05  -4.2720956E-04   4.6158207E-05  -9.4814230E-05  -3.3773793E-02  -1.2667043E-03  -9.7585680E-04  -1.6385738E-05  -3.0079659E+00   9.2226750E-02  -1.3729653E-01  -1.6896626E-03  -4.3856366E-01  -8.7817535E-01  -6.4865067E-01  -4.0503540E-02   3.7219654E-01   1.9441281E-01  -8.4991551E-06  -6.2957557E-04
 -9.0142088E-06  -2.0964911E-04   2.5646274E-05  -6.4711339E-05  -1.8623397E-02  -4.1076691E-04  -4.3295151E-04   2.3189661E-06  -3.1179816E+00   8.2799885E-03  -9.9827468E-02  -1.2915206E-03  -4.4779273E-01  -5.7375614E-01  -5.0321789E-01   9.2874758E-02   1.9441281E-01   3.4801725E-01   1.0126776E-04  -1.5940421E-04
  4.1163928E-09  -6.7923815E-08   8.7168561E-09  -9.5688058E-08  -1.4435642E-06   3.2010836E-07  -1.1922276E-07  -3.7877957E-08   3.2969464E-03   5.4947468E-04  -3.6894201E-04   3.9259505E-05  -5.1818512E-04   8.6722149E-05  -4.8869238E-05   2.1680855E-04  -8.4991551E-06   1.0126776E-04   1.1351506E-06   1.9958535E-07
  2.1540811E-08   5.1320441E-07  -4.5401815E-08   1.1445736E-07   3.8339094E-05   1.9196044E-06   1.3659722E-06   1.6545524E-08   1.6979609E-04  -2.7283630E-04   2.9428336E-04   1.1154442E-07  -2.7551412E-05   1.5774549E-03   6.6889831E-04   2.3180964E-04  -6.2957557E-04  -1.5940421E-04   1.9958535E-07   2.2602669E-06
