# omegabh2 omegach2 theta tau mnu logA ns acib217 acibsz143 asz143 aps100 aps143 aps143217 aps217 aksz kgal100 t1gal143 t1gal143217 t1gal217 galfEE100 galfEE100143 galfEE100217 galfEE143 galfEE143217 galfEE217 galfTE100 galfTE100143 galfTE100217 galfTE143 galfTE143217 galfTE217 calib_100T calib_217T
    0.2073663E-07   -0.7740580E-07    0.1158621E-07    0.4551565E-06    0.1240094E-05    0.8552689E-06    0.2144464E-06   -0.1480479E-03   -0.7156721E-04   -0.1355864E-04   -0.1155958E-03   -0.1734449E-04    0.1165852E-03    0.1319226E-03   -0.3247982E-04    0.1542842E-03   -0.1294351E-03   -0.1500591E-03   -0.1544203E-03    0.7734250E-07    0.9417659E-07    0.1228885E-06    0.1271189E-06    0.1384305E-06    0.1761370E-06   -0.1388952E-05   -0.1886932E-05   -0.2395130E-05   -0.3049346E-05   -0.4141330E-05   -0.6860242E-05   -0.3272769E-07    0.4464576E-08
   -0.7740580E-07    0.1262997E-05   -0.6751172E-07   -0.4447483E-05   -0.2410397E-04   -0.5562718E-05   -0.2945722E-05    0.2060161E-03    0.2741007E-04   -0.8567253E-04    0.1656206E-02    0.1039479E-02    0.5829575E-03    0.3659462E-03    0.2441002E-04   -0.4143695E-03   -0.7934480E-03   -0.6496628E-03   -0.5953274E-03   -0.1289514E-05   -0.1215941E-05   -0.1343828E-05   -0.1563270E-05   -0.1454632E-05   -0.8102969E-06    0.9565658E-05    0.9778945E-05    0.8896217E-05    0.1733740E-04    0.2089826E-04    0.3202455E-04   -0.4665413E-07   -0.2621578E-07
    0.1158621E-07   -0.6751172E-07    0.8404434E-07    0.4060685E-06    0.1256003E-05    0.7357268E-06    0.2846897E-06   -0.9441511E-04   -0.3628451E-04   -0.8110036E-05    0.1651734E-03    0.1423171E-04    0.6387412E-04    0.8263090E-04    0.1588610E-05    0.1646534E-03    0.3716403E-04    0.2049289E-04    0.1502946E-04    0.4102918E-07    0.4811819E-07   -0.4325790E-08    0.5358533E-07   -0.2313464E-08   -0.4237025E-07   -0.1115055E-05   -0.1652528E-05   -0.1750483E-05   -0.2078683E-05   -0.2060305E-05   -0.2844622E-05   -0.2523293E-07    0.6992691E-08
    0.4551565E-06   -0.4447483E-05    0.4060685E-06    0.1692622E-03    0.1930405E-03    0.3298866E-03    0.1990505E-04   -0.1156757E-01   -0.5152093E-02   -0.2454391E-02    0.1608460E-02    0.7323792E-02    0.1341313E-01    0.1610049E-01   -0.2734297E-02   -0.8000367E-02   -0.9979675E-02   -0.1475370E-01   -0.1701090E-01    0.6026339E-05    0.5933196E-05    0.6212466E-05    0.5837122E-05    0.8108840E-05    0.3485667E-05   -0.4705282E-04   -0.3087081E-04   -0.3777653E-04   -0.7156306E-04   -0.9607417E-04   -0.1349291E-03    0.3586271E-06    0.8839875E-06
    0.1240094E-05   -0.2410397E-04    0.1256003E-05    0.1930405E-03    0.3956030E-02    0.3070545E-03    0.5423524E-04    0.8906394E-02    0.7761847E-02    0.1991330E-02   -0.3788965E-01   -0.4347479E-01   -0.4462931E-01   -0.3173987E-01    0.6017380E-02    0.2625486E-01    0.3943515E-01    0.3036559E-01    0.2299278E-01    0.2756610E-04    0.1914732E-04    0.1639444E-04    0.3548967E-04    0.2528510E-04    0.1769526E-04   -0.2041008E-03   -0.1752610E-03   -0.2234798E-03   -0.2722013E-03   -0.3649526E-03   -0.5289932E-03    0.1383637E-05    0.1244731E-05
    0.8552689E-06   -0.5562718E-05    0.7357268E-06    0.3298866E-03    0.3070545E-03    0.6589143E-03    0.3150752E-04   -0.2545661E-01   -0.1240994E-01   -0.6235770E-02    0.2091040E-01    0.2664101E-01    0.3847797E-01    0.4152398E-01   -0.6554550E-02   -0.2416617E-01   -0.3887280E-01   -0.4796759E-01   -0.5226046E-01    0.6706972E-05    0.6763958E-05    0.6114434E-05    0.5808688E-05    0.9842030E-05    0.1394009E-05   -0.7393669E-04   -0.3390667E-04   -0.5522380E-04   -0.9596422E-04   -0.1436545E-03   -0.2045503E-03   -0.5360389E-06    0.1634372E-05
    0.2144464E-06   -0.2945722E-05    0.2846897E-06    0.1990505E-04    0.5423524E-04    0.3150752E-04    0.1942729E-04   -0.9384080E-02   -0.4238499E-02   -0.1622755E-02   -0.4168102E-02    0.5593149E-02    0.1142021E-01    0.1259131E-01   -0.2603500E-02   -0.1691685E-02   -0.2923727E-02   -0.4795943E-02   -0.4716241E-02    0.6996039E-05    0.7150867E-05    0.8553746E-05    0.8500392E-05    0.9083907E-05    0.7678216E-05   -0.2909094E-04   -0.2215932E-04   -0.1654166E-04   -0.3362524E-04   -0.4051663E-04   -0.6607587E-04    0.2929160E-06    0.4290235E-06
   -0.1480479E-03    0.2060161E-03   -0.9441511E-04   -0.1156757E-01    0.8906394E-02   -0.2545661E-01   -0.9384080E-02    0.6405911E+02    0.2325607E+02    0.1149922E+01    0.1012952E+02   -0.2193560E+02   -0.6370060E+02   -0.8193636E+02   -0.3327338E+01    0.1083764E+01   -0.6311991E+01   -0.1112787E+02   -0.1653661E+02   -0.4004485E-02   -0.2918464E-02   -0.3671491E-02   -0.4938346E-02   -0.4212721E-02   -0.3739176E-02    0.1071507E-01    0.1082151E-01    0.1869292E-01   -0.6035273E-02   -0.8147621E-02   -0.7336930E-01    0.1056137E-03   -0.2978249E-02
   -0.7156721E-04    0.2741007E-04   -0.3628451E-04   -0.5152093E-02    0.7761847E-02   -0.1240994E-01   -0.4238499E-02    0.2325607E+02    0.1695903E+02    0.2725082E+01   -0.1795460E+02   -0.2415961E+02   -0.4228128E+02   -0.2582235E+02   -0.1458518E+01   -0.1432267E+01   -0.3805103E+01   -0.1001302E+02   -0.1162994E+02   -0.1260087E-02   -0.8462040E-03   -0.9280814E-03   -0.1726426E-02   -0.9154427E-03    0.7561234E-04    0.2082622E-03    0.7215015E-02    0.1595669E-01    0.8034321E-02    0.1653986E-01    0.7903978E-02    0.1271029E-03   -0.6909109E-04
   -0.1355864E-04   -0.8567253E-04   -0.8110036E-05   -0.2454391E-02    0.1991330E-02   -0.6235770E-02   -0.1622755E-02    0.1149922E+01    0.2725082E+01    0.6592503E+01   -0.4341151E+02   -0.1944164E+02   -0.5951983E+01   -0.1045814E+01   -0.2597432E+00   -0.2949768E+01   -0.3744174E+00    0.3746828E+01    0.4345050E+01   -0.2054319E-03   -0.5025756E-03    0.9714295E-05   -0.5066160E-03   -0.2178402E-03    0.4986009E-03   -0.4323484E-02   -0.5017756E-02   -0.9193913E-02   -0.8863966E-02   -0.6466690E-02    0.7269622E-02   -0.1227948E-03    0.1723833E-03
   -0.1155958E-03    0.1656206E-02    0.1651734E-03    0.1608460E-02   -0.3788965E-01    0.2091040E-01   -0.4168102E-02    0.1012952E+02   -0.1795460E+02   -0.4341151E+02    0.7724293E+03    0.1912763E+03    0.7803379E+02    0.1828681E+02   -0.1384157E+02   -0.4811546E+02   -0.1117380E+02   -0.2175272E+02   -0.2139647E+02   -0.7495189E-03   -0.2440989E-02   -0.1363502E-01   -0.2567791E-02   -0.1095765E-01   -0.1870998E-01    0.5347030E-01    0.6663399E-01    0.6002044E-01    0.1440496E+00    0.1284514E+00   -0.8374714E-02   -0.9428236E-03   -0.3334411E-02
   -0.1734449E-04    0.1039479E-02    0.1423171E-04    0.7323792E-02   -0.4347479E-01    0.2664101E-01    0.5593149E-02   -0.2193560E+02   -0.2415961E+02   -0.1944164E+02    0.1912763E+03    0.1266559E+03    0.9480963E+02    0.5305393E+02   -0.1132094E+02   -0.3239736E+01   -0.1330807E+02   -0.9432737E+01   -0.6377600E+01    0.7317767E-03   -0.5031475E-03   -0.2742328E-02    0.5494941E-03   -0.3075999E-02   -0.3961845E-02    0.3551564E-01    0.5229204E-01    0.3671377E-01    0.7845983E-01    0.5051667E-01   -0.2181643E-02   -0.2203661E-03   -0.1018009E-02
    0.1165852E-03    0.5829575E-03    0.6387412E-04    0.1341313E-01   -0.4462931E-01    0.3847797E-01    0.1142021E-01   -0.6370060E+02   -0.4228128E+02   -0.5951983E+01    0.7803379E+02    0.9480963E+02    0.1443980E+03    0.1070365E+03   -0.8560508E+01   -0.7546053E+01   -0.8376766E+01    0.1702568E+01    0.3114840E+01    0.2756104E-02    0.8725267E-03    0.9444920E-03    0.3365633E-02    0.3872473E-03    0.2698735E-03    0.1605510E-01    0.2257775E-01   -0.6836617E-02    0.4211193E-01    0.1242557E-01    0.7558740E-02   -0.7890473E-03    0.1485665E-02
    0.1319226E-03    0.3659462E-03    0.8263090E-04    0.1610049E-01   -0.3173987E-01    0.4152398E-01    0.1259131E-01   -0.8193636E+02   -0.2582235E+02   -0.1045814E+01    0.1828681E+02    0.5305393E+02    0.1070365E+03    0.1449125E+03   -0.7817621E+01   -0.1151123E+02   -0.1003535E+02   -0.1503076E+02   -0.1576602E+02    0.4431195E-02    0.2683124E-02    0.3686422E-02    0.5426931E-02    0.3969577E-02    0.4951730E-02   -0.2064340E-02    0.2379725E-01    0.8721728E-02    0.6590383E-01    0.5665305E-01    0.9665994E-01   -0.6749515E-03    0.5573737E-02
   -0.3247982E-04    0.2441002E-04    0.1588610E-05   -0.2734297E-02    0.6017380E-02   -0.6554550E-02   -0.2603500E-02   -0.3327338E+01   -0.1458518E+01   -0.2597432E+00   -0.1384157E+02   -0.1132094E+02   -0.8560508E+01   -0.7817621E+01    0.7945623E+01   -0.7871145E+00   -0.1528854E+01   -0.2188492E+01   -0.2574386E+01   -0.8572155E-03   -0.5747505E-03   -0.6226416E-03   -0.5759815E-03   -0.4935609E-03   -0.1923096E-02   -0.2983737E-03   -0.4108427E-02    0.7609372E-04   -0.3012366E-02    0.4382954E-02    0.2590547E-01   -0.2422642E-04    0.2401367E-03
    0.1542842E-03   -0.4143695E-03    0.1646534E-03   -0.8000367E-02    0.2625486E-01   -0.2416617E-01   -0.1691685E-02    0.1083764E+01   -0.1432267E+01   -0.2949768E+01   -0.4811546E+02   -0.3239736E+01   -0.7546053E+01   -0.1151123E+02   -0.7871145E+00    0.1511222E+03    0.5206713E+02    0.4842266E+02    0.4613088E+02    0.1464389E-02   -0.7753726E-03    0.2128069E-02    0.1479173E-02    0.2602652E-02    0.4909480E-02   -0.2874989E-01   -0.6761659E-01   -0.8938606E-01   -0.3125627E-01   -0.8171743E-01   -0.1846607E+00   -0.1270236E-01   -0.1164145E-03
   -0.1294351E-03   -0.7934480E-03    0.3716403E-04   -0.9979675E-02    0.3943515E-01   -0.3887280E-01   -0.2923727E-02   -0.6311991E+01   -0.3805103E+01   -0.3744174E+00   -0.1117380E+02   -0.1330807E+02   -0.8376766E+01   -0.1003535E+02   -0.1528854E+01    0.5206713E+02    0.9999150E+02    0.1013065E+03    0.1007250E+03    0.4434067E-02    0.3577732E-02    0.4277395E-02    0.3567728E-02    0.3713804E-02    0.5741699E-02   -0.4415909E-02   -0.6242360E-01   -0.6287833E-01   -0.8218935E-01   -0.8083000E-01   -0.7398342E-01    0.3294153E-02    0.2394282E-03
   -0.1500591E-03   -0.6496628E-03    0.2049289E-04   -0.1475370E-01    0.3036559E-01   -0.4796759E-01   -0.4795943E-02   -0.1112787E+02   -0.1001302E+02    0.3746828E+01   -0.2175272E+02   -0.9432737E+01    0.1702568E+01   -0.1503076E+02   -0.2188492E+01    0.4842266E+02    0.1013065E+03    0.1402418E+03    0.1646631E+03    0.4034497E-02    0.2713433E-02    0.1697813E-02    0.2790781E-02    0.1125097E-02    0.2581722E-02    0.1153853E-03   -0.5885911E-01   -0.6486018E-01   -0.8250321E-01   -0.7468097E-01   -0.4356915E-02    0.3058639E-02   -0.4903331E-02
   -0.1544203E-03   -0.5953274E-03    0.1502946E-04   -0.1701090E-01    0.2299278E-01   -0.5226046E-01   -0.4716241E-02   -0.1653661E+02   -0.1162994E+02    0.4345050E+01   -0.2139647E+02   -0.6377600E+01    0.3114840E+01   -0.1576602E+02   -0.2574386E+01    0.4613088E+02    0.1007250E+03    0.1646631E+03    0.2142072E+03    0.4272253E-02    0.3112606E-02    0.2842615E-03    0.2892950E-02   -0.1540734E-03    0.5559353E-03    0.4094820E-02   -0.5045277E-01   -0.3784277E-01   -0.7630235E-01   -0.4545866E-01    0.9592316E-01    0.3048683E-02   -0.9475726E-02
    0.7734250E-07   -0.1289514E-05    0.4102918E-07    0.6026339E-05    0.2756610E-04    0.6706972E-05    0.6996039E-05   -0.4004485E-02   -0.1260087E-02   -0.2054319E-03   -0.7495189E-03    0.7317767E-03    0.2756104E-02    0.4431195E-02   -0.8572155E-03    0.1464389E-02    0.4434067E-02    0.4034497E-02    0.4272253E-02    0.6944094E-04    0.2361789E-04    0.3059024E-04    0.1319775E-04    0.1488248E-04    0.1602296E-04   -0.9286317E-04   -0.5961386E-04   -0.3935679E-04   -0.3525890E-04   -0.3284679E-04   -0.5784261E-04    0.4006640E-06    0.2656971E-06
    0.9417659E-07   -0.1215941E-05    0.4811819E-07    0.5933196E-05    0.1914732E-04    0.6763958E-05    0.7150867E-05   -0.2918464E-02   -0.8462040E-03   -0.5025756E-03   -0.2440989E-02   -0.5031475E-03    0.8725267E-03    0.2683124E-02   -0.5747505E-03   -0.7753726E-03    0.3577732E-02    0.2713433E-02    0.3112606E-02    0.2361789E-04    0.4104090E-04    0.3691499E-04    0.3091423E-04    0.3144787E-04    0.2689222E-04   -0.5049127E-04   -0.8464496E-04   -0.5924231E-04   -0.9611743E-04   -0.9045742E-04   -0.1273005E-03    0.7084895E-06    0.9599405E-07
    0.1228885E-06   -0.1343828E-05   -0.4325790E-08    0.6212466E-05    0.1639444E-04    0.6114434E-05    0.8553746E-05   -0.3671491E-02   -0.9280814E-03    0.9714295E-05   -0.1363502E-01   -0.2742328E-02    0.9444920E-03    0.3686422E-02   -0.6226416E-03    0.2128069E-02    0.4277395E-02    0.1697813E-02    0.2842615E-03    0.3059024E-04    0.3691499E-04    0.1176260E-03    0.2717724E-04    0.6222627E-04    0.1108041E-03   -0.5332632E-04   -0.9046141E-04   -0.1169264E-03   -0.7354440E-04   -0.1716299E-03   -0.4287901E-03    0.6256085E-06    0.5279100E-06
    0.1271189E-06   -0.1563270E-05    0.5358533E-07    0.5837122E-05    0.3548967E-04    0.5808688E-05    0.8500392E-05   -0.4938346E-02   -0.1726426E-02   -0.5066160E-03   -0.2567791E-02    0.5494941E-03    0.3365633E-02    0.5426931E-02   -0.5759815E-03    0.1479173E-02    0.3567728E-02    0.2790781E-02    0.2892950E-02    0.1319775E-04    0.3091423E-04    0.2717724E-04    0.8827771E-04    0.5751493E-04    0.4141435E-04   -0.2274415E-04   -0.6827707E-04   -0.4238445E-04   -0.1646167E-03   -0.1530065E-03   -0.1682271E-03    0.3847572E-06    0.2618846E-06
    0.1384305E-06   -0.1454632E-05   -0.2313464E-08    0.8108840E-05    0.2528510E-04    0.9842030E-05    0.9083907E-05   -0.4212721E-02   -0.9154427E-03   -0.2178402E-03   -0.1095765E-01   -0.3075999E-02    0.3872473E-03    0.3969577E-02   -0.4935609E-03    0.2602652E-02    0.3713804E-02    0.1125097E-02   -0.1540734E-03    0.1488248E-04    0.3144787E-04    0.6222627E-04    0.5751493E-04    0.1292184E-03    0.1608961E-03   -0.2463248E-04   -0.8545022E-04   -0.1153950E-03   -0.1680398E-03   -0.2412120E-03   -0.4622121E-03    0.4710147E-06    0.5395423E-06
    0.1761370E-06   -0.8102969E-06   -0.4237025E-07    0.3485667E-05    0.1769526E-04    0.1394009E-05    0.7678216E-05   -0.3739176E-02    0.7561234E-04    0.4986009E-03   -0.1870998E-01   -0.3961845E-02    0.2698735E-03    0.4951730E-02   -0.1923096E-02    0.4909480E-02    0.5741699E-02    0.2581722E-02    0.5559353E-03    0.1602296E-04    0.2689222E-04    0.1108041E-03    0.4141435E-04    0.1608961E-03    0.6418123E-03   -0.2968545E-04   -0.9207706E-04   -0.1746516E-03   -0.1585042E-03   -0.3220966E-03   -0.6248321E-03    0.6364822E-06    0.1000723E-05
   -0.1388952E-05    0.9565658E-05   -0.1115055E-05   -0.4705282E-04   -0.2041008E-03   -0.7393669E-04   -0.2909094E-04    0.1071507E-01    0.2082622E-03   -0.4323484E-02    0.5347030E-01    0.3551564E-01    0.1605510E-01   -0.2064340E-02   -0.2983737E-03   -0.2874989E-01   -0.4415909E-02    0.1153853E-03    0.4094820E-02   -0.9286317E-04   -0.5049127E-04   -0.5332632E-04   -0.2274415E-04   -0.2463248E-04   -0.2968545E-04    0.1304799E-01    0.8556977E-02    0.9513577E-02    0.2147662E-02    0.2254759E-02    0.3086819E-02    0.3994726E-05   -0.1407394E-05
   -0.1886932E-05    0.9778945E-05   -0.1652528E-05   -0.3087081E-04   -0.1752610E-03   -0.3390667E-04   -0.2215932E-04    0.1082151E-01    0.7215015E-02   -0.5017756E-02    0.6663399E-01    0.5229204E-01    0.2257775E-01    0.2379725E-01   -0.4108427E-02   -0.6761659E-01   -0.6242360E-01   -0.5885911E-01   -0.5045277E-01   -0.5961386E-04   -0.8464496E-04   -0.9046141E-04   -0.6827707E-04   -0.8545022E-04   -0.9207706E-04    0.8556977E-02    0.1238993E-01    0.1356895E-01    0.8738985E-02    0.8420219E-02    0.7977183E-02    0.2951628E-05   -0.1230652E-05
   -0.2395130E-05    0.8896217E-05   -0.1750483E-05   -0.3777653E-04   -0.2234798E-03   -0.5522380E-04   -0.1654166E-04    0.1869292E-01    0.1595669E-01   -0.9193913E-02    0.6002044E-01    0.3671377E-01   -0.6836617E-02    0.8721728E-02    0.7609372E-04   -0.8938606E-01   -0.6287833E-01   -0.6486018E-01   -0.3784277E-01   -0.3935679E-04   -0.5924231E-04   -0.1169264E-03   -0.4238445E-04   -0.1153950E-03   -0.1746516E-03    0.9513577E-02    0.1356895E-01    0.2554279E-01    0.5092271E-02    0.1193168E-01    0.2281186E-01    0.6965848E-05   -0.4844851E-05
   -0.3049346E-05    0.1733740E-04   -0.2078683E-05   -0.7156306E-04   -0.2722013E-03   -0.9596422E-04   -0.3362524E-04   -0.6035273E-02    0.8034321E-02   -0.8863966E-02    0.1440496E+00    0.7845983E-01    0.4211193E-01    0.6590383E-01   -0.3012366E-02   -0.3125627E-01   -0.8218935E-01   -0.8250321E-01   -0.7630235E-01   -0.3525890E-04   -0.9611743E-04   -0.7354440E-04   -0.1646167E-03   -0.1680398E-03   -0.1585042E-03    0.2147662E-02    0.8738985E-02    0.5092271E-02    0.2174822E-01    0.1970739E-01    0.1399560E-01   -0.5632049E-05    0.8251826E-06
   -0.4141330E-05    0.2089826E-04   -0.2060305E-05   -0.9607417E-04   -0.3649526E-03   -0.1436545E-03   -0.4051663E-04   -0.8147621E-02    0.1653986E-01   -0.6466690E-02    0.1284514E+00    0.5051667E-01    0.1242557E-01    0.5665305E-01    0.4382954E-02   -0.8171743E-01   -0.8083000E-01   -0.7468097E-01   -0.4545866E-01   -0.3284679E-04   -0.9045742E-04   -0.1716299E-03   -0.1530065E-03   -0.2412120E-03   -0.3220966E-03    0.2254759E-02    0.8420219E-02    0.1193168E-01    0.1970739E-01    0.2975970E-01    0.4135190E-01    0.1037674E-05   -0.1810931E-05
   -0.6860242E-05    0.3202455E-04   -0.2844622E-05   -0.1349291E-03   -0.5289932E-03   -0.2045503E-03   -0.6607587E-04   -0.7336930E-01    0.7903978E-02    0.7269622E-02   -0.8374714E-02   -0.2181643E-02    0.7558740E-02    0.9665994E-01    0.2590547E-01   -0.1846607E+00   -0.7398342E-01   -0.4356915E-02    0.9592316E-01   -0.5784261E-04   -0.1273005E-03   -0.4287901E-03   -0.1682271E-03   -0.4622121E-03   -0.6248321E-03    0.3086819E-02    0.7977183E-02    0.2281186E-01    0.1399560E-01    0.4135190E-01    0.1028936E+00    0.1316294E-04   -0.7936353E-05
   -0.3272769E-07   -0.4665413E-07   -0.2523293E-07    0.3586271E-06    0.1383637E-05   -0.5360389E-06    0.2929160E-06    0.1056137E-03    0.1271029E-03   -0.1227948E-03   -0.9428236E-03   -0.2203661E-03   -0.7890473E-03   -0.6749515E-03   -0.2422642E-04   -0.1270236E-01    0.3294153E-02    0.3058639E-02    0.3048683E-02    0.4006640E-06    0.7084895E-06    0.6256085E-06    0.3847572E-06    0.4710147E-06    0.6364822E-06    0.3994726E-05    0.2951628E-05    0.6965848E-05   -0.5632049E-05    0.1037674E-05    0.1316294E-04    0.2281741E-05    0.3182308E-07
    0.4464576E-08   -0.2621578E-07    0.6992691E-08    0.8839875E-06    0.1244731E-05    0.1634372E-05    0.4290235E-06   -0.2978249E-02   -0.6909109E-04    0.1723833E-03   -0.3334411E-02   -0.1018009E-02    0.1485665E-02    0.5573737E-02    0.2401367E-03   -0.1164145E-03    0.2394282E-03   -0.4903331E-02   -0.9475726E-02    0.2656971E-06    0.9599405E-07    0.5279100E-06    0.2618846E-06    0.5395423E-06    0.1000723E-05   -0.1407394E-05   -0.1230652E-05   -0.4844851E-05    0.8251826E-06   -0.1810931E-05   -0.7936353E-05    0.3182308E-07    0.1342167E-05
