# omegabh2 omegach2 theta tau Alens logA ns aps100 aps143 aps217 acib143 acib217 asz143 psr cibr ncib xi aksz cal0 cal2 bm_1_1
    0.6006378E-07   -0.1414733E-06    0.3727766E-07    0.2649873E-06    0.9156979E-05    0.3838128E-06    0.5545531E-06   -0.1458661E-03   -0.4805001E-03    0.3441064E-03   -0.1075993E-03   -0.3750461E-03   -0.1688410E-04    0.1555923E-05   -0.5921861E-05   -0.5319026E-05    0.2444089E-06   -0.1322152E-03    0.3573730E-08   -0.5505969E-08   -0.3584531E-05
   -0.1414733E-06    0.1844138E-05   -0.1365741E-06   -0.1680811E-05   -0.3764835E-04    0.9690213E-06   -0.4531453E-05    0.3345789E-02    0.1059115E-02   -0.9572920E-03    0.3505801E-03    0.9895239E-03    0.1040258E-03    0.2709505E-05    0.1134420E-04    0.1625270E-04    0.3301067E-05    0.2868548E-03    0.9545424E-09   -0.4663598E-07    0.6005315E-04
    0.3727766E-07   -0.1365741E-06    0.1945707E-06    0.3830532E-06    0.6597835E-05    0.6602379E-06    0.6740397E-06   -0.4624193E-04   -0.6725121E-04    0.1102972E-03   -0.8394473E-04   -0.1179387E-03    0.1452188E-04    0.6919657E-06   -0.1073799E-05   -0.1492841E-05   -0.2013809E-05   -0.9736490E-04   -0.4838241E-08   -0.5433841E-07    0.9877189E-06
    0.2649873E-06   -0.1680811E-05    0.3830532E-06    0.1747764E-03   -0.3314295E-03    0.3446419E-03    0.1271483E-04   -0.1749414E-01    0.1257125E-02    0.9904198E-02   -0.2840768E-02   -0.6013699E-02   -0.9686031E-03    0.8097746E-04   -0.2706968E-04   -0.6773186E-04    0.1467737E-03   -0.2543678E-02    0.5582319E-06   -0.1110497E-06   -0.2516324E-03
    0.9156979E-05   -0.3764835E-04    0.6597835E-05   -0.3314295E-03    0.6906543E-02   -0.7148167E-03    0.1294159E-03   -0.1327603E+00   -0.8604736E-01    0.8105804E-01   -0.2621446E-01   -0.7881536E-01   -0.7455865E-02    0.8099116E-04   -0.1626880E-02   -0.1116941E-02   -0.6840044E-03   -0.4202145E-01   -0.8859612E-06   -0.4917048E-05   -0.1528540E-02
    0.3838128E-06    0.9690213E-06    0.6602379E-06    0.3446419E-03   -0.7148167E-03    0.6966938E-03    0.1457778E-04   -0.3032330E-01    0.9594786E-02    0.2571422E-01   -0.7523390E-02   -0.1252531E-01   -0.2087674E-02    0.1860380E-03   -0.1097491E-03   -0.1006442E-03    0.3083256E-03   -0.6737343E-02    0.1415752E-05    0.1162989E-05    0.1156643E-03
    0.5545531E-06   -0.4531453E-05    0.6740397E-06    0.1271483E-04    0.1294159E-03    0.1457778E-04    0.2595448E-04   -0.2213827E-01   -0.1713629E-02    0.1601011E-01   -0.5179469E-02   -0.9710640E-02   -0.1282853E-02    0.3724950E-04   -0.1813655E-03   -0.1052892E-03    0.4367568E-04   -0.4422146E-02   -0.1451850E-06    0.9540754E-06    0.5469438E-04
   -0.1458661E-03    0.3345789E-02   -0.4624193E-04   -0.1749414E-01   -0.1327603E+00   -0.3032330E-01   -0.2213827E-01    0.2279701E+04    0.8573109E+02   -0.4481455E+02    0.4351388E+02    0.4232587E+02   -0.5241494E+02   -0.6972985E+00   -0.1565191E+01    0.2446956E+00    0.9715898E-01   -0.1175581E+02    0.2022814E-02   -0.1597202E-02    0.1080695E+02
   -0.4805001E-03    0.1059115E-02   -0.6725121E-04    0.1257125E-02   -0.8604736E-01    0.9594786E-02   -0.1713629E-02    0.8573109E+02    0.1025025E+03    0.2440022E+02   -0.1394839E+02    0.2975532E+01   -0.6788271E+01   -0.1573599E+00    0.4224493E-02    0.1036954E+00    0.9074365E+00   -0.1173582E+02   -0.7301450E-04    0.1401779E-02    0.4212592E+00
    0.3441064E-03   -0.9572920E-03    0.1102972E-03    0.9904198E-02    0.8105804E-01    0.2571422E-01    0.1601011E-01   -0.4481455E+02    0.2440022E+02    0.2653114E+03   -0.2125624E+02   -0.1188929E+03   -0.3289088E+00    0.4888618E-01   -0.1385529E+01   -0.1610147E+01    0.6019630E+00   -0.1148372E+02    0.3699331E-03   -0.2325053E-02    0.4377289E+00
   -0.1075993E-03    0.3505801E-03   -0.8394473E-04   -0.2840768E-02   -0.2621446E-01   -0.7523390E-02   -0.5179469E-02    0.4351388E+02   -0.1394839E+02   -0.2125624E+02    0.1843572E+02    0.1322322E+02   -0.1511576E+01    0.4069328E-02   -0.2907788E-01    0.1751467E+00    0.1488555E+00   -0.6351375E+00   -0.1245713E-03   -0.1683912E-02   -0.3621472E+00
   -0.3750461E-03    0.9895239E-03   -0.1179387E-03   -0.6013699E-02   -0.7881536E-01   -0.1252531E-01   -0.9710640E-02    0.4232587E+02    0.2975532E+01   -0.1188929E+03    0.1322322E+02    0.6479650E+02    0.8600694E+00    0.4130126E-01    0.6430926E+00    0.9916229E+00   -0.2949446E+00   -0.8314415E+00   -0.1691124E-03    0.5753464E-04   -0.4526996E-01
   -0.1688410E-04    0.1040258E-03    0.1452188E-04   -0.9686031E-03   -0.7455865E-02   -0.2087674E-02   -0.1282853E-02   -0.5241494E+02   -0.6788271E+01   -0.3289088E+00   -0.1511576E+01    0.8600694E+00    0.6827424E+01    0.8602527E-01    0.2675556E+00    0.2848886E-01   -0.7463109E-01   -0.1487453E+00    0.7006946E-04   -0.9518712E-03    0.2164385E+00
    0.1555923E-05    0.2709505E-05    0.6919657E-06    0.8097746E-04    0.8099116E-04    0.1860380E-03    0.3724950E-04   -0.6972985E+00   -0.1573599E+00    0.4888618E-01    0.4069328E-02    0.4130126E-01    0.8602527E-01    0.1389682E-01   -0.6848835E-02    0.4889501E-02    0.7610822E-02   -0.2306142E-01    0.6979057E-05   -0.3052247E-04    0.3049376E-02
   -0.5921861E-05    0.1134420E-04   -0.1073799E-05   -0.2706968E-04   -0.1626880E-02   -0.1097491E-03   -0.1813655E-03   -0.1565191E+01    0.4224493E-02   -0.1385529E+01   -0.2907788E-01    0.6430926E+00    0.2675556E+00   -0.6848835E-02    0.5463935E-01    0.8682166E-03    0.2510659E-02    0.9943641E-02   -0.8917647E-05    0.5959811E-04    0.5711158E-02
   -0.5319026E-05    0.1625270E-04   -0.1492841E-05   -0.6773186E-04   -0.1116941E-02   -0.1006442E-03   -0.1052892E-03    0.2446956E+00    0.1036954E+00   -0.1610147E+01    0.1751467E+00    0.9916229E+00    0.2848886E-01    0.4889501E-02    0.8682166E-03    0.2509343E-01   -0.2043844E-02   -0.1552706E-01    0.3369546E-05   -0.9423227E-04    0.5516428E-02
    0.2444089E-06    0.3301067E-05   -0.2013809E-05    0.1467737E-03   -0.6840044E-03    0.3083256E-03    0.4367568E-04    0.9715898E-01    0.9074365E+00    0.6019630E+00    0.1488555E+00   -0.2949446E+00   -0.7463109E-01    0.7610822E-02    0.2510659E-02   -0.2043844E-02    0.8173346E-01    0.2687323E-01   -0.4642330E-05   -0.2398289E-04    0.5691122E-03
   -0.1322152E-03    0.2868548E-03   -0.9736490E-04   -0.2543678E-02   -0.4202145E-01   -0.6737343E-02   -0.4422146E-02   -0.1175581E+02   -0.1173582E+02   -0.1148372E+02   -0.6351375E+00   -0.8314415E+00   -0.1487453E+00   -0.2306142E-01    0.9943641E-02   -0.1552706E-01    0.2687323E-01    0.8547801E+01    0.3932088E-04    0.2384396E-03   -0.5271502E-01
    0.3573730E-08    0.9545424E-09   -0.4838241E-08    0.5582319E-06   -0.8859612E-06    0.1415752E-05   -0.1451850E-06    0.2022814E-02   -0.7301450E-04    0.3699331E-03   -0.1245713E-03   -0.1691124E-03    0.7006946E-04    0.6979057E-05   -0.8917647E-05    0.3369546E-05   -0.4642330E-05    0.3932088E-04    0.8927602E-06   -0.2584230E-07   -0.1062417E-03
   -0.5505969E-08   -0.4663598E-07   -0.5433841E-07   -0.1110497E-06   -0.4917048E-05    0.1162989E-05    0.9540754E-06   -0.1597202E-02    0.1401779E-02   -0.2325053E-02   -0.1683912E-02    0.5753464E-04   -0.9518712E-03   -0.3052247E-04    0.5959811E-04   -0.9423227E-04   -0.2398289E-04    0.2384396E-03   -0.2584230E-07    0.5757461E-05    0.2291989E-03
   -0.3584531E-05    0.6005315E-04    0.9877189E-06   -0.2516324E-03   -0.1528540E-02    0.1156643E-03    0.5469438E-04    0.1080695E+02    0.4212592E+00    0.4377289E+00   -0.3621472E+00   -0.4526996E-01    0.2164385E+00    0.3049376E-02    0.5711158E-02    0.5516428E-02    0.5691122E-03   -0.5271502E-01   -0.1062417E-03    0.2291989E-03    0.2572363E+00
