# omegabh2 omegach2 theta tau nnu ns logA aps100 aps143 aps217 acib143 acib217 asz143 psr cibr ncib cal0 cal2 xi aksz bm_1_1
    0.83226E-07    0.56331E-06   -0.26818E-07    0.85256E-06    0.44361E-04    0.18472E-05    0.32053E-05    0.67735E-03   -0.11622E-03   -0.11575E-03    0.36281E-04    0.26079E-04    0.27142E-04   -0.29197E-06    0.19128E-05   -0.40195E-06    0.77803E-09    0.21323E-08    0.74160E-06    0.28044E-05    0.67533E-05
    0.56331E-06    0.25946E-04   -0.25173E-05    0.23187E-05    0.14178E-02    0.34661E-04    0.66995E-04    0.52312E-01    0.15254E-01   -0.12725E-02    0.28806E-02    0.72768E-02    0.83189E-04   -0.12481E-04    0.16717E-03    0.11058E-04   -0.31797E-07    0.39423E-06   -0.36657E-04    0.16663E-02    0.49970E-03
   -0.26818E-07   -0.25173E-05    0.56475E-06   -0.33947E-07   -0.14521E-03   -0.33315E-05   -0.58289E-05   -0.53557E-02   -0.16128E-02    0.18718E-03   -0.29408E-03   -0.79640E-03    0.16235E-05    0.19121E-05   -0.18758E-04   -0.95828E-06    0.35326E-08   -0.35898E-07    0.52287E-05   -0.17715E-03   -0.47267E-04
    0.85256E-06    0.23187E-05   -0.33947E-07    0.17363E-03    0.43899E-03    0.37155E-04    0.35240E-03   -0.27717E-01   -0.46419E-02    0.92656E-02   -0.20934E-02   -0.63921E-02   -0.53941E-03    0.36811E-04   -0.17562E-03    0.12124E-04    0.10396E-07    0.89783E-07    0.11339E-03   -0.16143E-02    0.30816E-04
    0.44361E-04    0.14178E-02   -0.14521E-03    0.43899E-03    0.88436E-01    0.25640E-02    0.42903E-02    0.30849E+01    0.86427E+00   -0.16597E+00    0.19072E+00    0.46332E+00    0.81229E-02   -0.98414E-03    0.10600E-01    0.58667E-03   -0.15160E-05    0.21042E-04   -0.21423E-02    0.10690E+00    0.26808E-01
    0.18472E-05    0.34661E-04   -0.33315E-05    0.37155E-04    0.25640E-02    0.10777E-03    0.15744E-03    0.40587E-01    0.21064E-01    0.10480E-01   -0.11371E-03    0.32727E-02   -0.31943E-03    0.14438E-04    0.47432E-04    0.23243E-04   -0.66240E-07    0.69994E-06    0.35950E-04    0.19785E-03    0.82572E-03
    0.32053E-05    0.66995E-04   -0.58289E-05    0.35240E-03    0.42903E-02    0.15744E-03    0.87405E-03    0.64078E-01    0.32903E-01    0.28238E-01   -0.96283E-03   -0.47729E-03   -0.17336E-02    0.78548E-04   -0.12152E-03    0.76783E-04   -0.51763E-08    0.16696E-05    0.19133E-03   -0.73472E-03    0.18902E-02
    0.67735E-03    0.52312E-01   -0.53557E-02   -0.27717E-01    0.30849E+01    0.40587E-01    0.64078E-01    0.36699E+04    0.13937E+03   -0.15114E+03    0.80759E+02    0.11664E+03   -0.65512E+02   -0.91744E+00    0.17985E+00    0.63943E+00    0.40604E-03   -0.86337E-03   -0.10719E+00   -0.14232E+02    0.17267E+02
   -0.11622E-03    0.15254E-01   -0.16128E-02   -0.46419E-02    0.86427E+00    0.21064E-01    0.32903E-01    0.13937E+03    0.20183E+03    0.32348E+02   -0.37264E+02    0.48375E+01   -0.86797E+01   -0.11874E+00    0.18283E+00    0.43220E-01    0.11678E-04    0.14934E-02    0.12615E+01   -0.12268E+02    0.74785E+00
   -0.11575E-03   -0.12725E-02    0.18718E-03    0.92656E-02   -0.16597E+00    0.10480E-01    0.28238E-01   -0.15114E+03    0.32348E+02    0.30678E+03   -0.29160E+02   -0.12730E+03    0.11913E+01    0.91733E-01   -0.17902E+01   -0.94733E+00    0.54811E-04   -0.31109E-02    0.64122E+00   -0.10156E+02    0.11160E+01
    0.36281E-04    0.28806E-02   -0.29408E-03   -0.20934E-02    0.19072E+00   -0.11371E-03   -0.96283E-03    0.80759E+02   -0.37264E+02   -0.29160E+02    0.30934E+02    0.16831E+02   -0.16072E+01   -0.17971E-01    0.14093E+00    0.76774E-01   -0.24221E-04   -0.29241E-03    0.96045E-01   -0.51737E+00   -0.40006E+00
    0.26079E-04    0.72768E-02   -0.79640E-03   -0.63921E-02    0.46332E+00    0.32727E-02   -0.47729E-03    0.11664E+03    0.48375E+01   -0.12730E+03    0.16831E+02    0.66589E+02   -0.42251E+00   -0.75004E-04    0.87233E+00    0.57551E+00   -0.27647E-04    0.16293E-02   -0.35187E+00   -0.11807E+01   -0.26970E+00
    0.27142E-04    0.83189E-04    0.16235E-05   -0.53941E-03    0.81229E-02   -0.31943E-03   -0.17336E-02   -0.65512E+02   -0.86797E+01    0.11913E+01   -0.16072E+01   -0.42251E+00    0.77551E+01    0.36881E-01    0.26827E+00   -0.34014E-01    0.77248E-05   -0.16395E-03   -0.61671E-01   -0.84406E-01    0.17951E+00
   -0.29197E-06   -0.12481E-04    0.19121E-05    0.36811E-04   -0.98414E-03    0.14438E-04    0.78548E-04   -0.91744E+00   -0.11874E+00    0.91733E-01   -0.17971E-01   -0.75004E-04    0.36881E-01    0.66226E-02   -0.62226E-02    0.46608E-02    0.50868E-06   -0.88107E-05    0.36698E-02   -0.10608E-01    0.37260E-02
    0.19128E-05    0.16717E-03   -0.18758E-04   -0.17562E-03    0.10600E-01    0.47432E-04   -0.12152E-03    0.17985E+00    0.18283E+00   -0.17902E+01    0.14093E+00    0.87233E+00    0.26827E+00   -0.62226E-02    0.49584E-01   -0.47769E-02   -0.81764E-06    0.39454E-04    0.14022E-03   -0.24479E-01   -0.48383E-02
   -0.40195E-06    0.11058E-04   -0.95828E-06    0.12124E-04    0.58667E-03    0.23243E-04    0.76783E-04    0.63943E+00    0.43220E-01   -0.94733E+00    0.76774E-01    0.57551E+00   -0.34014E-01    0.46608E-02   -0.47769E-02    0.15770E-01    0.31148E-06   -0.10195E-05   -0.22375E-02   -0.12971E-02    0.73123E-02
    0.77803E-09   -0.31797E-07    0.35326E-08    0.10396E-07   -0.15160E-05   -0.66240E-07   -0.51763E-08    0.40604E-03    0.11678E-04    0.54811E-04   -0.24221E-04   -0.27647E-04    0.77248E-05    0.50868E-06   -0.81764E-06    0.31148E-06    0.15779E-06    0.15466E-08    0.10111E-06   -0.15396E-05   -0.19516E-04
    0.21323E-08    0.39423E-06   -0.35898E-07    0.89783E-07    0.21042E-04    0.69994E-06    0.16696E-05   -0.86337E-03    0.14934E-02   -0.31109E-02   -0.29241E-03    0.16293E-02   -0.16395E-03   -0.88107E-05    0.39454E-04   -0.10195E-05    0.15466E-08    0.18841E-05   -0.13660E-05   -0.52024E-04    0.99167E-04
    0.74160E-06   -0.36657E-04    0.52287E-05    0.11339E-03   -0.21423E-02    0.35950E-04    0.19133E-03   -0.10719E+00    0.12615E+01    0.64122E+00    0.96045E-01   -0.35187E+00   -0.61671E-01    0.36698E-02    0.14022E-03   -0.22375E-02    0.10111E-06   -0.13660E-05    0.82562E-01    0.80804E-02    0.29597E-02
    0.28044E-05    0.16663E-02   -0.17715E-03   -0.16143E-02    0.10690E+00    0.19785E-03   -0.73472E-03   -0.14232E+02   -0.12268E+02   -0.10156E+02   -0.51737E+00   -0.11807E+01   -0.84406E-01   -0.10608E-01   -0.24479E-01   -0.12971E-02   -0.15396E-05   -0.52024E-04    0.80804E-02    0.82760E+01   -0.27479E-02
    0.67533E-05    0.49970E-03   -0.47267E-04    0.30816E-04    0.26808E-01    0.82572E-03    0.18902E-02    0.17267E+02    0.74785E+00    0.11160E+01   -0.40006E+00   -0.26970E+00    0.17951E+00    0.37260E-02   -0.48383E-02    0.73123E-02   -0.19516E-04    0.99167E-04    0.29597E-02   -0.27479E-02    0.32294E+00
