# omegabh2 omegach2 theta tau meffsterile nnu logA ns calPlanck acib217 xi asz143 aps100 aps143 aps143217 aps217 aksz kgal100 kgal143 kgal143217 kgal217 galfTE100 galfTE100143 galfTE100217 galfTE143 galfTE143217 galfTE217 cal0 cal2
  2.5409934E-08   1.3949031E-09   8.3010516E-09   2.9837305E-07  -3.8473952E-07   5.2965648E-06   6.0179747E-07   4.2987173E-07   4.1515644E-09  -2.9548911E-05  -1.8255099E-07   1.5132428E-05  -2.2770236E-04  -1.5040018E-04  -7.7439326E-05  -3.9445235E-05  -1.9238065E-05   3.7272736E-07  -7.3214872E-06  -1.0428595E-05  -1.0389630E-05  -4.6386933E-08  -9.0210321E-09  -1.7784986E-07  -3.0761507E-07  -4.5916272E-07  -2.4274982E-06   1.4085954E-09  -9.5081523E-10
  1.3949031E-09   1.0486392E-05  -4.1778124E-07   5.0308670E-07  -5.3821566E-04   1.4511698E-04   1.0398831E-05   3.7595533E-06  -3.0864027E-07   8.8386629E-04  -2.4665022E-05  -2.0833172E-04   5.3299025E-03   1.6829679E-03  -2.3439792E-04  -1.0780960E-03   4.8725013E-04   8.8203033E-05   9.9174243E-05   2.5086074E-04   1.5820917E-04   5.1312222E-07   1.4163235E-06   2.7817939E-06   3.8366677E-06   4.1882523E-06   3.3692868E-05   1.4096957E-08   5.0874559E-08
  8.3010516E-09  -4.1778124E-07   1.0893928E-07   1.1591084E-07   5.0167933E-06  -1.0394874E-05  -3.5141021E-07   9.9882093E-08   1.7754070E-08  -7.5360358E-05  -1.0299121E-07   2.0981408E-05  -4.2820563E-04  -2.5021136E-04  -9.6445118E-05   5.6196535E-06  -3.1019396E-05  -5.6398592E-06  -1.6813061E-06  -1.4136680E-05   4.9903549E-06   1.0929471E-07   2.2335264E-08  -3.3181787E-07  -2.0088080E-07  -3.2540182E-07  -3.4634814E-06  -4.0584219E-10  -3.1142510E-09
  2.9837305E-07   5.0308670E-07   1.1591084E-07   6.1794959E-05  -1.5341848E-04   8.0112044E-05   1.1908233E-04   1.1803917E-05  -9.2689881E-07  -1.1410626E-03   4.9444319E-05   2.0264222E-04  -7.3419165E-03  -3.4440010E-03  -1.0229853E-03  -3.2769688E-04  -8.2158391E-04  -6.4782408E-05  -1.6346376E-04  -3.0732809E-04  -3.3590780E-04  -5.1449558E-06  -4.0479471E-07  -7.2814224E-06  -1.0249391E-06  -9.0346711E-06  -5.1080524E-05   1.7064006E-08  -1.5143094E-08
 -3.8473952E-07  -5.3821566E-04   5.0167933E-06  -1.5341848E-04   6.2880008E-02   1.3728450E-03  -3.0398702E-04  -5.1747470E-04   1.4612406E-05   9.1054361E-03   9.8118566E-04  -7.7747583E-03   6.5164489E-02   2.1279068E-01   1.9333898E-01   1.7407347E-01  -2.7436887E-03  -1.9706293E-03  -1.4779492E-03  -6.4276234E-03  -1.2610636E-02  -2.6086526E-05  -6.4266014E-05   1.7141312E-05  -1.4295976E-04  -2.9776354E-05  -8.0626093E-04  -3.0646992E-06  -1.4880809E-06
  5.2965648E-06   1.4511698E-04  -1.0394874E-05   8.0112044E-05   1.3728450E-03   7.0893164E-03   3.8906124E-04   1.9146900E-04  -4.3062007E-06   4.3013224E-02  -8.3169132E-04  -8.6252939E-03   1.8943450E-01   9.4940085E-02   2.1266658E-02  -1.7544239E-02   1.8653443E-02   4.8443947E-03   5.1034285E-03   5.7477030E-03  -6.6300119E-03  -5.1607383E-06   2.3770323E-05   6.8360835E-05   9.1314041E-06   2.1609944E-05   1.3540205E-04  -6.6004094E-07   1.4181640E-06
  6.0179747E-07   1.0398831E-05  -3.5141021E-07   1.1908233E-04  -3.0398702E-04   3.8906124E-04   2.7574875E-04   1.9334324E-05   1.0534794E-05  -1.4298755E-03   1.1304881E-04   7.5233768E-05  -4.7642660E-03  -4.6799971E-04   3.1451444E-03   6.4498981E-03  -2.1316709E-03  -4.0375983E-04  -8.4782623E-04  -8.7464409E-04   1.2579626E-03  -1.1147985E-05   4.0024621E-07  -5.6743328E-06   6.4390256E-06  -8.9531160E-06  -4.8450601E-05   1.7218964E-07   3.5774011E-08
  4.2987173E-07   3.7595533E-06   9.9882093E-08   1.1803917E-05  -5.1747470E-04   1.9146900E-04   1.9334324E-05   3.0364506E-05   6.7995831E-08  -2.1896366E-03   6.1857021E-05   7.3203647E-04  -1.6702150E-02  -6.5431619E-03  -9.3624185E-04   4.5182120E-04  -1.4180335E-03   4.3097644E-04  -5.0866971E-05  -1.6035480E-04   4.1005629E-04  -1.3844576E-06   6.4002529E-07  -2.6997873E-06  -4.5944585E-06  -4.9958847E-06  -3.8532820E-05  -7.5954714E-08  -9.6960478E-09
  4.1515644E-09  -3.0864027E-07   1.7754070E-08  -9.2689881E-07   1.4612406E-05  -4.3062007E-06   1.0534794E-05   6.7995831E-08   6.2779295E-06   7.1773053E-04  -3.4377458E-06   4.2488346E-05   2.8575671E-03   3.9630474E-04   3.9462505E-04   1.2016127E-03  -1.1115227E-04  -2.0928262E-05  -2.2840652E-05  -5.0935280E-06   8.6885293E-04  -5.8080134E-07  -1.6725944E-07   1.8065554E-06   1.6532971E-06   5.1671617E-07   1.6980045E-07  -2.0938089E-09   1.6190830E-08
 -2.9548911E-05   8.8386629E-04  -7.5360358E-05  -1.1410626E-03   9.1054361E-03   4.3013224E-02  -1.4298755E-03  -2.1896366E-03   7.1773053E-04   4.4671792E+01  -3.9070680E-01  -8.2626976E-01   3.5922473E+01   1.1361395E+00  -1.3701021E+01  -5.5762427E+01   4.1807860E-02   2.5993864E-01   5.9505345E-01  -5.8560269E+00  -3.3379863E+01   9.9502663E-04  -1.3686021E-03  -6.0292162E-04  -5.4482719E-03  -3.9313940E-03   1.6198490E-02  -1.9187452E-04   7.4283881E-04
 -1.8255099E-07  -2.4665022E-05  -1.0299121E-07   4.9444319E-05   9.8118566E-04  -8.3169132E-04   1.1304881E-04   6.1857021E-05  -3.4377458E-06  -3.9070680E-01   8.1326864E-02  -4.0093791E-02  -5.7618181E-01   9.2033510E-01   1.6890155E+00   6.3939318E-01   3.6505304E-02  -7.5475066E-03   1.2972501E-02   1.1414884E-01   1.4388021E-01  -4.5532433E-05   7.5506078E-05   1.4696078E-04   1.6941364E-05  -1.6345425E-05  -8.7096704E-04   3.2739800E-06  -2.3277077E-06
  1.5132428E-05  -2.0833172E-04   2.0981408E-05   2.0264222E-04  -7.7747583E-03  -8.6252939E-03   7.5233768E-05   7.3203647E-04   4.2488346E-05  -8.2626976E-01  -4.0093791E-02   3.8603136E+00  -3.0333511E+01  -3.2482364E+00   7.6572811E+00   5.3311077E+00  -2.7987151E+00  -2.1131072E-01   1.2342856E-01   2.6306283E+00   3.2771593E+00  -1.0750240E-03  -4.7785982E-04   5.6221520E-04  -1.4640553E-03  -1.9165874E-04  -8.3138302E-03   1.1508499E-04  -2.9918726E-05
 -2.2770236E-04   5.3299025E-03  -4.2820563E-04  -7.3419165E-03   6.5164489E-02   1.8943450E-01  -4.7642660E-03  -1.6702150E-02   2.8575671E-03   3.5922473E+01  -5.7618181E-01  -3.0333511E+01   7.7201379E+02   6.9048476E+01  -5.5189802E+01  -6.1952263E+01   1.4292082E+01  -5.9648099E+00   6.1673465E+00  -1.1741157E+01  -2.3550262E+01   7.6122058E-03  -3.1013855E-03  -1.9034024E-02   1.7157790E-02   2.7087861E-03   6.1231471E-02   3.6564891E-03   5.7567319E-04
 -1.5040018E-04   1.6829679E-03  -2.5021136E-04  -3.4440010E-03   2.1279068E-01   9.4940085E-02  -4.6799971E-04  -6.5431619E-03   3.9630474E-04   1.1361395E+00   9.2033510E-01  -3.2482364E+00   6.9048476E+01   6.3369531E+01   4.1953901E+01   1.7392598E+01  -5.2648729E+00  -2.4107277E-01  -1.0371385E+00   3.9107538E+00   5.3435991E+00   2.3717647E-03   2.4407158E-03  -4.0266933E-03   3.5300286E-03   4.8859308E-03   4.3323265E-02   1.4516152E-05   1.2347847E-04
 -7.7439326E-05  -2.3439792E-04  -9.6445118E-05  -1.0229853E-03   1.9333898E-01   2.1266658E-02   3.1451444E-03  -9.3624185E-04   3.9462505E-04  -1.3701021E+01   1.6890155E+00   7.6572811E+00  -5.5189802E+01   4.1953901E+01   8.6473303E+01   5.5414913E+01  -1.2486947E+01  -7.4780844E-01  -5.2799122E-01   5.4734641E+00   9.4754186E+00  -3.8122889E-03  -7.7981708E-05   2.6598767E-03  -1.0859273E-03   5.1862680E-03  -2.4810941E-05   3.9174796E-04  -3.4446075E-04
 -3.9445235E-05  -1.0780960E-03   5.6196535E-06  -3.2769688E-04   1.7407347E-01  -1.7544239E-02   6.4498981E-03   4.5182120E-04   1.2016127E-03  -5.5762427E+01   6.3939318E-01   5.3311077E+00  -6.1952263E+01   1.7392598E+01   5.5414913E+01   1.0711345E+02  -9.9878649E+00  -6.8970973E-01  -1.1916464E+00   5.8746672E+00   3.4319439E+01  -1.4883444E-03  -6.6195475E-04   2.6254522E-03   3.1756453E-03   1.3743630E-02   2.0428295E-03   4.1099764E-04  -1.3433245E-03
 -1.9238065E-05   4.8725013E-04  -3.1019396E-05  -8.2158391E-04  -2.7436887E-03   1.8653443E-02  -2.1316709E-03  -1.4180335E-03  -1.1115227E-04   4.1807860E-02   3.6505304E-02  -2.7987151E+00   1.4292082E+01  -5.2648729E+00  -1.2486947E+01  -9.9878649E+00   6.2063704E+00   1.4316788E-01  -1.8246049E-01  -2.1458483E+00  -2.5108180E+00   8.2413666E-04   6.2211703E-04   3.2782871E-03   1.3161088E-03  -2.0100751E-04  -1.0122356E-03  -8.5294360E-05   5.4000651E-06
  3.7272736E-07   8.8203033E-05  -5.6398592E-06  -6.4782408E-05  -1.9706293E-03   4.8443947E-03  -4.0375983E-04   4.3097644E-04  -2.0928262E-05   2.5993864E-01  -7.5475066E-03  -2.1131072E-01  -5.9648099E+00  -2.4107277E-01  -7.4780844E-01  -6.8970973E-01   1.4316788E-01   3.3251609E+00   5.6570179E-01   1.7898686E-01   1.1502031E-01  -7.1873873E-05   1.9299493E-04  -1.9802528E-03  -1.9718186E-03  -9.3515598E-04   2.3640190E-03   1.6008505E-04  -2.7307551E-06
 -7.3214872E-06   9.9174243E-05  -1.6813061E-06  -1.6346376E-04  -1.4779492E-03   5.1034285E-03  -8.4782623E-04  -5.0866971E-05  -2.2840652E-05   5.9505345E-01   1.2972501E-02   1.2342856E-01   6.1673465E+00  -1.0371385E+00  -5.2799122E-01  -1.1916464E+00  -1.8246049E-01   5.6570179E-01   3.1578125E+00   2.6643034E+00   2.6076707E+00   2.4268166E-04  -4.6528773E-04  -1.2610492E-03   6.9859272E-04  -4.4158688E-04  -7.7129380E-03  -1.8436673E-04  -3.8904317E-05
 -1.0428595E-05   2.5086074E-04  -1.4136680E-05  -3.0732809E-04  -6.4276234E-03   5.7477030E-03  -8.7464409E-04  -1.6035480E-04  -5.0935280E-06  -5.8560269E+00   1.1414884E-01   2.6306283E+00  -1.1741157E+01   3.9107538E+00   5.4734641E+00   5.8746672E+00  -2.1458483E+00   1.7898686E-01   2.6643034E+00   1.0676838E+01   1.9076076E+01   6.6145391E-04   5.7954948E-04  -1.5956501E-03   9.8765564E-04  -1.1382949E-03  -1.2935129E-02  -1.5033614E-05   3.9588814E-04
 -1.0389630E-05   1.5820917E-04   4.9903549E-06  -3.3590780E-04  -1.2610636E-02  -6.6300119E-03   1.2579626E-03   4.1005629E-04   8.6885293E-04  -3.3379863E+01   1.4388021E-01   3.2771593E+00  -2.3550262E+01   5.3435991E+00   9.4754186E+00   3.4319439E+01  -2.5108180E+00   1.1502031E-01   2.6076707E+00   1.9076076E+01   5.3394958E+01   3.5626231E-05   1.9178392E-03  -2.2257512E-03   6.4216181E-03  -3.0462856E-03  -2.4595553E-02   8.4955516E-05   8.8146965E-04
 -4.6386933E-08   5.1312222E-07   1.0929471E-07  -5.1449558E-06  -2.6086526E-05  -5.1607383E-06  -1.1147985E-05  -1.3844576E-06  -5.8080134E-07   9.9502663E-04  -4.5532433E-05  -1.0750240E-03   7.6122058E-03   2.3717647E-03  -3.8122889E-03  -1.4883444E-03   8.2413666E-04  -7.1873873E-05   2.4268166E-04   6.6145391E-04   3.5626231E-05   1.4364326E-03   2.7058060E-04   6.9311701E-05  -3.6651086E-04  -8.2480144E-05  -7.0495291E-05  -1.0282943E-08   1.8691537E-07
 -9.0210321E-09   1.4163235E-06   2.2335264E-08  -4.0479471E-07  -6.4266014E-05   2.3770323E-05   4.0024621E-07   6.4002529E-07  -1.6725944E-07  -1.3686021E-03   7.5506078E-05  -4.7785982E-04  -3.1013855E-03   2.4407158E-03  -7.7981708E-05  -6.6195475E-04   6.2211703E-04   1.9299493E-04  -4.6528773E-04   5.7954948E-04   1.9178392E-03   2.7058060E-04   8.6649851E-04   5.1813154E-05   7.3759774E-04   4.3500244E-05  -6.8171160E-04  -1.5109927E-07   7.3076257E-08
 -1.7784986E-07   2.7817939E-06  -3.3181787E-07  -7.2814224E-06   1.7141312E-05   6.8360835E-05  -5.6743328E-06  -2.6997873E-06   1.8065554E-06  -6.0292162E-04   1.4696078E-04   5.6221520E-04  -1.9034024E-02  -4.0266933E-03   2.6598767E-03   2.6254522E-03   3.2782871E-03  -1.9802528E-03  -1.2610492E-03  -1.5956501E-03  -2.2257512E-03   6.9311701E-05   5.1813154E-05   7.1884401E-03  -3.1190360E-04   5.0847694E-04   4.4566284E-03  -7.8000501E-08  -2.0363259E-07
 -3.0761507E-07   3.8366677E-06  -2.0088080E-07  -1.0249391E-06  -1.4295976E-04   9.1314041E-06   6.4390256E-06  -4.5944585E-06   1.6532971E-06  -5.4482719E-03   1.6941364E-05  -1.4640553E-03   1.7157790E-02   3.5300286E-03  -1.0859273E-03   3.1756453E-03   1.3161088E-03  -1.9718186E-03   6.9859272E-04   9.8765564E-04   6.4216181E-03  -3.6651086E-04   7.3759774E-04  -3.1190360E-04   2.9169694E-03   5.3274008E-04  -9.2647892E-04  -3.2674502E-07   9.6082154E-09
 -4.5916272E-07   4.1882523E-06  -3.2540182E-07  -9.0346711E-06  -2.9776354E-05   2.1609944E-05  -8.9531160E-06  -4.9958847E-06   5.1671617E-07  -3.9313940E-03  -1.6345425E-05  -1.9165874E-04   2.7087861E-03   4.8859308E-03   5.1862680E-03   1.3743630E-02  -2.0100751E-04  -9.3515598E-04  -4.4158688E-04  -1.1382949E-03  -3.0462856E-03  -8.2480144E-05   4.3500244E-05   5.0847694E-04   5.3274008E-04   6.4667556E-03   7.8866482E-03   4.6450997E-07  -1.2153792E-06
 -2.4274982E-06   3.3692868E-05  -3.4634814E-06  -5.1080524E-05  -8.0626093E-04   1.3540205E-04  -4.8450601E-05  -3.8532820E-05   1.6980045E-07   1.6198490E-02  -8.7096704E-04  -8.3138302E-03   6.1231471E-02   4.3323265E-02  -2.4810941E-05   2.0428295E-03  -1.0122356E-03   2.3640190E-03  -7.7129380E-03  -1.2935129E-02  -2.4595553E-02  -7.0495291E-05  -6.8171160E-04   4.4566284E-03  -9.2647892E-04   7.8866482E-03   7.1950305E-02  -4.3169604E-08  -9.5404178E-07
  1.4085954E-09   1.4096957E-08  -4.0584219E-10   1.7064006E-08  -3.0646992E-06  -6.6004094E-07   1.7218964E-07  -7.5954714E-08  -2.0938089E-09  -1.9187452E-04   3.2739800E-06   1.1508499E-04   3.6564891E-03   1.4516152E-05   3.9174796E-04   4.1099764E-04  -8.5294360E-05   1.6008505E-04  -1.8436673E-04  -1.5033614E-05   8.4955516E-05  -1.0282943E-08  -1.5109927E-07  -7.8000501E-08  -3.2674502E-07   4.6450997E-07  -4.3169604E-08   3.7655486E-07   2.1190677E-09
 -9.5081523E-10   5.0874559E-08  -3.1142510E-09  -1.5143094E-08  -1.4880809E-06   1.4181640E-06   3.5774011E-08  -9.6960478E-09   1.6190830E-08   7.4283881E-04  -2.3277077E-06  -2.9918726E-05   5.7567319E-04   1.2347847E-04  -3.4446075E-04  -1.3433245E-03   5.4000651E-06  -2.7307551E-06  -3.8904317E-05   3.9588814E-04   8.8146965E-04   1.8691537E-07   7.3076257E-08  -2.0363259E-07   9.6082154E-09  -1.2153792E-06  -9.5404178E-07   2.1190677E-09   3.8652354E-07
