# omegabh2 omegach2 theta tau w logA ns calPlanck acib217 xi asz143 aps100 aps143 aps143217 aps217 aksz kgal100 kgal143 kgal143217 kgal217 galfEE100 galfEE100143 galfEE100217 galfEE143 galfEE143217 galfEE217 galfTE100 galfTE100143 galfTE100217 galfTE143 galfTE143217 galfTE217 cal0 cal2
    0.2519197E-07   -0.1512733E-06    0.2216192E-07    0.9082157E-06   -0.8222370E-06    0.1549972E-05    0.4162371E-06    0.1819397E-07   -0.1344411E-03    0.2910298E-05    0.2544992E-04   -0.3790525E-03   -0.2290601E-03   -0.4152442E-04    0.5599407E-04   -0.4070861E-04   -0.3581600E-05   -0.6516162E-05   -0.1397783E-04    0.1449185E-04    0.1103982E-06    0.3717407E-07   -0.3449552E-07    0.2447840E-07    0.2211104E-07    0.7278123E-07   -0.4120012E-06   -0.1053032E-06    0.7919085E-06   -0.1165720E-06   -0.4144916E-06   -0.1058451E-05    0.5666697E-08   -0.1547063E-07
   -0.1512733E-06    0.2214868E-05   -0.2020007E-06   -0.1012912E-04   -0.2186407E-04   -0.1470808E-04   -0.5666001E-05    0.7088409E-11    0.6010491E-03   -0.1286816E-04   -0.1491763E-03    0.2156720E-02    0.1412589E-02    0.5452621E-03    0.1428033E-03    0.1737153E-03   -0.2188590E-04   -0.1182412E-04   -0.5395156E-04   -0.1612943E-03   -0.1218187E-05   -0.4093403E-06   -0.1279026E-06   -0.4009229E-06    0.1325149E-06   -0.8899218E-06    0.9704699E-06    0.1380320E-05   -0.1075844E-04    0.2143394E-05    0.3430148E-05   -0.1641798E-06   -0.1367437E-07    0.7354059E-07
    0.2216192E-07   -0.2020007E-06    0.1035961E-06    0.8385471E-06   -0.1706307E-05    0.1296343E-05    0.6612601E-06    0.3101861E-07   -0.2079518E-04    0.1540881E-05    0.3474713E-05   -0.3961470E-04   -0.1286223E-03   -0.1053189E-03   -0.9754290E-04   -0.3504949E-05    0.3657099E-05   -0.1847505E-05   -0.3553313E-05    0.1886210E-04    0.1249411E-06    0.3367988E-07    0.5846196E-07    0.3134351E-07    0.3076913E-07   -0.3386765E-07   -0.1980789E-06   -0.1355798E-07    0.3570035E-06   -0.2384969E-06   -0.8037955E-06   -0.1285888E-05    0.4815488E-08    0.3696002E-08
    0.9082157E-06   -0.1012912E-04    0.8385471E-06    0.2938292E-03    0.5599593E-03    0.5568931E-03    0.3765310E-04   -0.2070256E-05   -0.1509232E-01    0.2724779E-03    0.3123389E-02   -0.4328475E-01   -0.1617586E-01    0.3820230E-02    0.1302926E-01   -0.5292113E-02   -0.2082437E-03   -0.1006320E-02    0.8593800E-03    0.5372081E-02    0.4766015E-05    0.1460096E-05   -0.2711030E-05    0.3396019E-06    0.1308449E-05    0.2450569E-04   -0.3180676E-04   -0.2370054E-05   -0.6681605E-04   -0.1023666E-04   -0.3515879E-04   -0.9419310E-04    0.4939872E-06   -0.1347267E-05
   -0.8222370E-06   -0.2186407E-04   -0.1706307E-05    0.5599593E-03    0.8084549E-01    0.1046306E-02    0.7734590E-04    0.1924484E-04    0.4632365E-01   -0.1423791E-02    0.8533125E-02   -0.4973994E-01    0.1582856E-01   -0.1347612E-01   -0.9694609E-01    0.8363532E-02   -0.6996899E-02    0.1180226E-01    0.5764976E-01    0.7947693E-01    0.1409730E-04    0.8697672E-05   -0.2625473E-05    0.2418556E-04    0.1397548E-03   -0.2797208E-03   -0.8448788E-03   -0.2429281E-03   -0.2553806E-03    0.2024751E-03   -0.5499848E-03    0.4568240E-03   -0.4317106E-05    0.1769530E-04
    0.1549972E-05   -0.1470808E-04    0.1296343E-05    0.5568931E-03    0.1046306E-02    0.1094255E-02    0.6007839E-04    0.8286816E-05   -0.3005478E-01    0.5749590E-03    0.5886753E-02   -0.7533083E-01   -0.2741865E-01    0.1217063E-01    0.3371061E-01   -0.1101366E-01   -0.5077737E-03   -0.2411508E-02    0.1239688E-02    0.1269742E-01    0.8574582E-05    0.2391604E-05   -0.6343856E-05    0.7284307E-06    0.4703867E-05    0.4632640E-04   -0.5952994E-04    0.1553840E-05   -0.1582754E-03   -0.1439907E-04   -0.6133654E-04   -0.1972814E-03    0.1218110E-05   -0.2669462E-05
    0.4162371E-06   -0.5666001E-05    0.6612601E-06    0.3765310E-04    0.7734590E-04    0.6007839E-04    0.2437134E-04    0.3563596E-06   -0.6563319E-02    0.1690738E-03    0.1373119E-02   -0.2657869E-01   -0.7677566E-02    0.3108834E-02    0.6894221E-02   -0.2594910E-02    0.2486043E-03   -0.8153098E-04   -0.2074215E-03    0.1346974E-02    0.5458419E-05    0.1784414E-05    0.9268741E-06    0.1684410E-05    0.7691519E-06   -0.1035391E-05   -0.4308014E-05   -0.3375802E-05    0.1405565E-04   -0.5577511E-05   -0.1245035E-04   -0.1050840E-04   -0.8981725E-07   -0.6052018E-06
    0.1819397E-07    0.7088409E-11    0.3101861E-07   -0.2070256E-05    0.1924484E-04    0.8286816E-05    0.3563596E-06    0.6202774E-05    0.1785033E-03    0.3534513E-05    0.5352993E-04    0.3063293E-02    0.2638521E-03    0.5612313E-03    0.1968195E-02   -0.5991981E-04    0.8835383E-04    0.6506180E-04    0.5798327E-04    0.1083474E-02    0.1467756E-05    0.3897971E-06    0.2059746E-06    0.7833641E-06    0.6585182E-06   -0.9860018E-06    0.1053315E-05    0.1404277E-05   -0.1096460E-05   -0.2762209E-06   -0.2190823E-05   -0.4686970E-05    0.1759895E-07   -0.4430129E-07
   -0.1344411E-03    0.6010491E-03   -0.2079518E-04   -0.1509232E-01    0.4632365E-01   -0.3005478E-01   -0.6563319E-02    0.1785033E-03    0.4898340E+02   -0.4888905E+00   -0.1631488E+01    0.4024007E+02    0.9427390E+00   -0.2155904E+02   -0.6635963E+02    0.3344947E+00   -0.4115872E+00    0.3091426E+00   -0.3050401E+01   -0.2538859E+02    0.9513189E-03   -0.2167294E-03    0.3224989E-02    0.4981783E-04   -0.4831724E-02   -0.7405698E-02    0.3572979E-02    0.4364340E-02    0.8161594E-02    0.1206378E-02   -0.3821481E-02   -0.2948568E-02   -0.2549752E-03    0.4436007E-02
    0.2910298E-05   -0.1286816E-04    0.1540881E-05    0.2724779E-03   -0.1423791E-02    0.5749590E-03    0.1690738E-03    0.3534513E-05   -0.4888905E+00    0.8066342E-01   -0.6367499E-01   -0.4774964E+00    0.9542683E+00    0.1812731E+01    0.7544949E+00    0.5482839E-01   -0.9835061E-02    0.3548788E-02    0.8685695E-01    0.1047687E+00   -0.8852225E-05    0.1006421E-04   -0.1520456E-04    0.4925505E-04   -0.1999207E-04   -0.1369093E-04    0.3312041E-05    0.2665659E-04   -0.4298035E-04    0.1241982E-03    0.2979529E-03    0.6427255E-05    0.8899511E-05   -0.2179457E-04
    0.2544992E-04   -0.1491763E-03    0.3474713E-05    0.3123389E-02    0.8533125E-02    0.5886753E-02    0.1373119E-02    0.5352993E-04   -0.1631488E+01   -0.6367499E-01    0.3732757E+01   -0.2945875E+02   -0.3839527E+01    0.7545487E+01    0.6435782E+01   -0.2463392E+01   -0.7728016E-01    0.9547240E-01    0.2437356E+01    0.1912150E+01    0.5238050E-03    0.1681873E-03    0.5462038E-06   -0.9467865E-04   -0.6587079E-04   -0.3226988E-03   -0.5364128E-02   -0.1506659E-02    0.1280857E-02    0.4634620E-03   -0.1598466E-02    0.5162436E-02    0.2120206E-03   -0.4034528E-03
   -0.3790525E-03    0.2156720E-02   -0.3961470E-04   -0.4328475E-01   -0.4973994E-01   -0.7533083E-01   -0.2657869E-01    0.3063293E-02    0.4024007E+02   -0.4774964E+00   -0.2945875E+02    0.7086115E+03    0.6514679E+02   -0.6041129E+02   -0.6776898E+02    0.1224229E+02   -0.6510826E+00   -0.3522998E+00   -0.1456120E+02   -0.1964421E+02   -0.2799507E-02   -0.2383586E-02    0.2509233E-02   -0.1588680E-02    0.1263266E-02    0.3025654E-01    0.9635440E-01    0.1653527E-01   -0.1519033E-02   -0.1577103E-01   -0.2537563E-01   -0.8403573E-01    0.4061432E-02    0.4300327E-02
   -0.2290601E-03    0.1412589E-02   -0.1286223E-03   -0.1617586E-01    0.1582856E-01   -0.2741865E-01   -0.7677566E-02    0.2638521E-03    0.9427390E+00    0.9542683E+00   -0.3839527E+01    0.6514679E+02    0.5741762E+02    0.4100578E+02    0.1564039E+02   -0.4680626E+01   -0.2401506E+00   -0.7347584E+00    0.3526675E+01    0.3322120E+01   -0.2639710E-02   -0.6460323E-03   -0.1071557E-02   -0.8492876E-03    0.1502300E-02    0.4213563E-02    0.9093380E-02    0.2744986E-02    0.8902683E-02    0.1818149E-02    0.2410107E-01    0.2728933E-01    0.1409071E-03    0.1774673E-03
   -0.4152442E-04    0.5452621E-03   -0.1053189E-03    0.3820230E-02   -0.1347612E-01    0.1217063E-01    0.3108834E-02    0.5612313E-03   -0.2155904E+02    0.1812731E+01    0.7545487E+01   -0.6041129E+02    0.4100578E+02    0.9294824E+02    0.6477482E+02   -0.1145821E+02   -0.2004001E+00   -0.1527966E+00    0.4372658E+01    0.5304351E+01   -0.2222891E-03    0.1940188E-03   -0.1102194E-02   -0.1190909E-03    0.9901864E-03    0.4901308E-02   -0.7621681E-02   -0.1890215E-02   -0.1372609E-02    0.4718845E-02    0.2104829E-01    0.2509235E-01    0.8228814E-03   -0.2787916E-02
    0.5599407E-04    0.1428033E-03   -0.9754290E-04    0.1302926E-01   -0.9694609E-01    0.3371061E-01    0.6894221E-02    0.1968195E-02   -0.6635963E+02    0.7544949E+00    0.6435782E+01   -0.6776898E+02    0.1564039E+02    0.6477482E+02    0.1243666E+03   -0.9697300E+01    0.4026036E+00   -0.4645495E+00    0.4169348E+00    0.2190876E+02   -0.3464030E-03    0.2732379E-03   -0.4263401E-02   -0.6277380E-03    0.6790288E-02    0.1412123E-01   -0.5725184E-02   -0.6275630E-02   -0.2649171E-01   -0.5727143E-03    0.2044367E-01    0.1570329E-01    0.7250620E-03   -0.7766052E-02
   -0.4070861E-04    0.1737153E-03   -0.3504949E-05   -0.5292113E-02    0.8363532E-02   -0.1101366E-01   -0.2594910E-02   -0.5991981E-04    0.3344947E+00    0.5482839E-01   -0.2463392E+01    0.1224229E+02   -0.4680626E+01   -0.1145821E+02   -0.9697300E+01    0.5583863E+01   -0.1714197E-01   -0.1476779E+00   -0.1958410E+01   -0.1445105E+01   -0.6632604E-03   -0.1333904E-03    0.9596858E-04    0.2669992E-03   -0.7724277E-03   -0.9154450E-03    0.2804384E-02    0.1067475E-02   -0.2372660E-02    0.3499741E-03   -0.2292826E-02   -0.6135041E-02   -0.1360743E-03    0.1686121E-03
   -0.3581600E-05   -0.2188590E-04    0.3657099E-05   -0.2082437E-03   -0.6996899E-02   -0.5077737E-03    0.2486043E-03    0.8835383E-04   -0.4115872E+00   -0.9835061E-02   -0.7728016E-01   -0.6510826E+00   -0.2401506E+00   -0.2004001E+00    0.4026036E+00   -0.1714197E-01    0.3199978E+01    0.7608369E+00    0.4129573E+00    0.8757861E+00   -0.3443608E-03    0.6553474E-04   -0.1849411E-03    0.1785797E-03   -0.4268313E-03    0.5605107E-03   -0.2355027E-02   -0.1796872E-02    0.3088322E-02   -0.1472350E-02   -0.2748716E-02   -0.4766957E-02    0.4370622E-03   -0.1046595E-04
   -0.6516162E-05   -0.1182412E-04   -0.1847505E-05   -0.1006320E-02    0.1180226E-01   -0.2411508E-02   -0.8153098E-04    0.6506180E-04    0.3091426E+00    0.3548788E-02    0.9547240E-01   -0.3522998E+00   -0.7347584E+00   -0.1527966E+00   -0.4645495E+00   -0.1476779E+00    0.7608369E+00    0.3015982E+01    0.2326855E+01    0.1363012E+01    0.9180443E-04    0.8209126E-04    0.4048196E-03    0.1016651E-03   -0.5962437E-03    0.3757661E-02    0.2332804E-02   -0.8678075E-03    0.5893622E-02    0.1996358E-04   -0.1319783E-02    0.3488629E-02   -0.4356563E-03   -0.2053402E-03
   -0.1397783E-04   -0.5395156E-04   -0.3553313E-05    0.8593800E-03    0.5764976E-01    0.1239688E-02   -0.2074215E-03    0.5798327E-04   -0.3050401E+01    0.8685695E-01    0.2437356E+01   -0.1456120E+02    0.3526675E+01    0.4372658E+01    0.4169348E+00   -0.1958410E+01    0.4129573E+00    0.2326855E+01    0.1758533E+02    0.2691185E+02   -0.7335068E-03    0.1704242E-04   -0.5177899E-03   -0.1178696E-03    0.5792189E-03   -0.2830969E-02    0.2684192E-02   -0.1212109E-02    0.9922250E-02   -0.1543606E-02   -0.4724198E-02    0.2141449E-01   -0.9017052E-04    0.2443794E-02
    0.1449185E-04   -0.1612943E-03    0.1886210E-04    0.5372081E-02    0.7947693E-01    0.1269742E-01    0.1346974E-02    0.1083474E-02   -0.2538859E+02    0.1047687E+00    0.1912150E+01   -0.1964421E+02    0.3322120E+01    0.5304351E+01    0.2190876E+02   -0.1445105E+01    0.8757861E+00    0.1363012E+01    0.2691185E+02    0.6199476E+02   -0.1957016E-02   -0.4080476E-04   -0.2537261E-02   -0.1620473E-03    0.3859107E-02   -0.2385809E-02    0.4162247E-02   -0.2787260E-02    0.2234372E-01   -0.2903617E-02   -0.9076736E-02    0.3036484E-01   -0.1875458E-05    0.4374666E-02
    0.1103982E-06   -0.1218187E-05    0.1249411E-06    0.4766015E-05    0.1409730E-04    0.8574582E-05    0.5458419E-05    0.1467756E-05    0.9513189E-03   -0.8852225E-05    0.5238050E-03   -0.2799507E-02   -0.2639710E-02   -0.2222891E-03   -0.3464030E-03   -0.6632604E-03   -0.3443608E-03    0.9180443E-04   -0.7335068E-03   -0.1957016E-02    0.1265827E-03    0.1045235E-04   -0.3721706E-05    0.1192806E-05   -0.8720683E-06   -0.2231952E-05   -0.1337189E-04   -0.1567348E-05    0.1969901E-04   -0.1478234E-05    0.1046226E-04   -0.2271517E-04   -0.5200635E-08   -0.5558904E-07
    0.3717407E-07   -0.4093403E-06    0.3367988E-07    0.1460096E-05    0.8697672E-05    0.2391604E-05    0.1784414E-05    0.3897971E-06   -0.2167294E-03    0.1006421E-04    0.1681873E-03   -0.2383586E-02   -0.6460323E-03    0.1940188E-03    0.2732379E-03   -0.1333904E-03    0.6553474E-04    0.8209126E-04    0.1704242E-04   -0.4080476E-04    0.1045235E-04    0.1422083E-04   -0.4765732E-06    0.6328232E-05    0.1993215E-06    0.2582989E-05   -0.6040117E-05   -0.1325990E-05    0.1762499E-05   -0.1862097E-05    0.1238543E-05    0.2554279E-05    0.8802625E-08   -0.8380667E-07
   -0.3449552E-07   -0.1279026E-06    0.5846196E-07   -0.2711030E-05   -0.2625473E-05   -0.6343856E-05    0.9268741E-06    0.2059746E-06    0.3224989E-02   -0.1520456E-04    0.5462038E-06    0.2509233E-02   -0.1071557E-02   -0.1102194E-02   -0.4263401E-02    0.9596858E-04   -0.1849411E-03    0.4048196E-03   -0.5177899E-03   -0.2537261E-02   -0.3721706E-05   -0.4765732E-06    0.2233705E-03   -0.3811842E-06   -0.7879990E-06    0.1975847E-04    0.2290036E-04    0.6159780E-05    0.2216401E-04    0.1224318E-05   -0.2768437E-05   -0.3468665E-05   -0.1228572E-06    0.3677450E-07
    0.2447840E-07   -0.4009229E-06    0.3134351E-07    0.3396019E-06    0.2418556E-04    0.7284307E-06    0.1684410E-05    0.7833641E-06    0.4981783E-04    0.4925505E-04   -0.9467865E-04   -0.1588680E-02   -0.8492876E-03   -0.1190909E-03   -0.6277380E-03    0.2669992E-03    0.1785797E-03    0.1016651E-03   -0.1178696E-03   -0.1620473E-03    0.1192806E-05    0.6328232E-05   -0.3811842E-06    0.2970919E-04   -0.5523184E-06   -0.3061491E-06   -0.7831303E-05   -0.3039714E-05    0.8761584E-05   -0.3257380E-05    0.2400100E-05   -0.1068956E-04   -0.4261072E-07   -0.1262836E-06
    0.2211104E-07    0.1325149E-06    0.3076913E-07    0.1308449E-05    0.1397548E-03    0.4703867E-05    0.7691519E-06    0.6585182E-06   -0.4831724E-02   -0.1999207E-04   -0.6587079E-04    0.1263266E-02    0.1502300E-02    0.9901864E-03    0.6790288E-02   -0.7724277E-03   -0.4268313E-03   -0.5962437E-03    0.5792189E-03    0.3859107E-02   -0.8720683E-06    0.1993215E-06   -0.7879990E-06   -0.5523184E-06    0.3987686E-03   -0.9079335E-05    0.3773202E-04    0.8059616E-05   -0.6574840E-04   -0.3979025E-05   -0.5659280E-05    0.1834389E-04    0.1364946E-07   -0.1086440E-06
    0.7278123E-07   -0.8899218E-06   -0.3386765E-07    0.2450569E-04   -0.2797208E-03    0.4632640E-04   -0.1035391E-05   -0.9860018E-06   -0.7405698E-02   -0.1369093E-04   -0.3226988E-03    0.3025654E-01    0.4213563E-02    0.4901308E-02    0.1412123E-01   -0.9154450E-03    0.5605107E-03    0.3757661E-02   -0.2830969E-02   -0.2385809E-02   -0.2231952E-05    0.2582989E-05    0.1975847E-04   -0.3061491E-06   -0.9079335E-05    0.3444085E-02    0.1687187E-04    0.1183902E-04   -0.1653009E-03    0.4120019E-04    0.3593431E-04    0.1387071E-03   -0.2675293E-06   -0.2683219E-05
   -0.4120012E-06    0.9704699E-06   -0.1980789E-06   -0.3180676E-04   -0.8448788E-03   -0.5952994E-04   -0.4308014E-05    0.1053315E-05    0.3572979E-02    0.3312041E-05   -0.5364128E-02    0.9635440E-01    0.9093380E-02   -0.7621681E-02   -0.5725184E-02    0.2804384E-02   -0.2355027E-02    0.2332804E-02    0.2684192E-02    0.4162247E-02   -0.1337189E-04   -0.6040117E-05    0.2290036E-04   -0.7831303E-05    0.3773202E-04    0.1687187E-04    0.5723041E-02    0.1819104E-02    0.1748404E-02   -0.6473658E-03   -0.1911914E-03    0.5005613E-04    0.2701527E-05    0.1491677E-05
   -0.1053032E-06    0.1380320E-05   -0.1355798E-07   -0.2370054E-05   -0.2429281E-03    0.1553840E-05   -0.3375802E-05    0.1404277E-05    0.4364340E-02    0.2665659E-04   -0.1506659E-02    0.1653527E-01    0.2744986E-02   -0.1890215E-02   -0.6275630E-02    0.1067475E-02   -0.1796872E-02   -0.8678075E-03   -0.1212109E-02   -0.2787260E-02   -0.1567348E-05   -0.1325990E-05    0.6159780E-05   -0.3039714E-05    0.8059616E-05    0.1183902E-04    0.1819104E-02    0.1236916E-02    0.7956999E-03    0.2153184E-03   -0.3368193E-04   -0.1710510E-03   -0.2580943E-06    0.5939364E-06
    0.7919085E-06   -0.1075844E-04    0.3570035E-06   -0.6681605E-04   -0.2553806E-03   -0.1582754E-03    0.1405565E-04   -0.1096460E-05    0.8161594E-02   -0.4298035E-04    0.1280857E-02   -0.1519033E-02    0.8902683E-02   -0.1372609E-02   -0.2649171E-01   -0.2372660E-02    0.3088322E-02    0.5893622E-02    0.9922250E-02    0.2234372E-01    0.1969901E-04    0.1762499E-05    0.2216401E-04    0.8761584E-05   -0.6574840E-04   -0.1653009E-03    0.1748404E-02    0.7956999E-03    0.3337610E-01   -0.7185847E-03    0.1657149E-02    0.1141864E-01   -0.2458403E-05    0.3070408E-05
   -0.1165720E-06    0.2143394E-05   -0.2384969E-06   -0.1023666E-04    0.2024751E-03   -0.1439907E-04   -0.5577511E-05   -0.2762209E-06    0.1206378E-02    0.1241982E-03    0.4634620E-03   -0.1577103E-01    0.1818149E-02    0.4718845E-02   -0.5727143E-03    0.3499741E-03   -0.1472350E-02    0.1996358E-04   -0.1543606E-02   -0.2903617E-02   -0.1478234E-05   -0.1862097E-05    0.1224318E-05   -0.3257380E-05   -0.3979025E-05    0.4120019E-04   -0.6473658E-03    0.2153184E-03   -0.7185847E-03    0.1398404E-02    0.1830080E-03   -0.4008412E-03   -0.4918772E-06   -0.4210646E-06
   -0.4144916E-06    0.3430148E-05   -0.8037955E-06   -0.3515879E-04   -0.5499848E-03   -0.6133654E-04   -0.1245035E-04   -0.2190823E-05   -0.3821481E-02    0.2979529E-03   -0.1598466E-02   -0.2537563E-01    0.2410107E-01    0.2104829E-01    0.2044367E-01   -0.2292826E-02   -0.2748716E-02   -0.1319783E-02   -0.4724198E-02   -0.9076736E-02    0.1046226E-04    0.1238543E-05   -0.2768437E-05    0.2400100E-05   -0.5659280E-05    0.3593431E-04   -0.1911914E-03   -0.3368193E-04    0.1657149E-02    0.1830080E-03    0.5485927E-02    0.4201643E-02   -0.1152264E-05   -0.1495964E-05
   -0.1058451E-05   -0.1641798E-06   -0.1285888E-05   -0.9419310E-04    0.4568240E-03   -0.1972814E-03   -0.1050840E-04   -0.4686970E-05   -0.2948568E-02    0.6427255E-05    0.5162436E-02   -0.8403573E-01    0.2728933E-01    0.2509235E-01    0.1570329E-01   -0.6135041E-02   -0.4766957E-02    0.3488629E-02    0.2141449E-01    0.3036484E-01   -0.2271517E-04    0.2554279E-05   -0.3468665E-05   -0.1068956E-04    0.1834389E-04    0.1387071E-03    0.5005613E-04   -0.1710510E-03    0.1141864E-01   -0.4008412E-03    0.4201643E-02    0.3647747E-01   -0.2341290E-05    0.3326551E-05
    0.5666697E-08   -0.1367437E-07    0.4815488E-08    0.4939872E-06   -0.4317106E-05    0.1218110E-05   -0.8981725E-07    0.1759895E-07   -0.2549752E-03    0.8899511E-05    0.2120206E-03    0.4061432E-02    0.1409071E-03    0.8228814E-03    0.7250620E-03   -0.1360743E-03    0.4370622E-03   -0.4356563E-03   -0.9017052E-04   -0.1875458E-05   -0.5200635E-08    0.8802625E-08   -0.1228572E-06   -0.4261072E-07    0.1364946E-07   -0.2675293E-06    0.2701527E-05   -0.2580943E-06   -0.2458403E-05   -0.4918772E-06   -0.1152264E-05   -0.2341290E-05    0.5363005E-06    0.9306611E-08
   -0.1547063E-07    0.7354059E-07    0.3696002E-08   -0.1347267E-05    0.1769530E-04   -0.2669462E-05   -0.6052018E-06   -0.4430129E-07    0.4436007E-02   -0.2179457E-04   -0.4034528E-03    0.4300327E-02    0.1774673E-03   -0.2787916E-02   -0.7766052E-02    0.1686121E-03   -0.1046595E-04   -0.2053402E-03    0.2443794E-02    0.4374666E-02   -0.5558904E-07   -0.8380667E-07    0.3677450E-07   -0.1262836E-06   -0.1086440E-06   -0.2683219E-05    0.1491677E-05    0.5939364E-06    0.3070408E-05   -0.4210646E-06   -0.1495964E-05    0.3326551E-05    0.9306611E-08    0.2092035E-05
