# omegabh2 omegach2 theta tau meffsterile nnu logA ns calPlanck acib217 xi asz143 aps100 aps143 aps143217 aps217 aksz kgal100 kgal143 kgal143217 kgal217 cal0 cal2
    0.8780275E-07    0.2993338E-06    0.1513745E-07    0.3707630E-05   -0.1191069E-04    0.3968990E-04    0.7801543E-05    0.2745311E-05    0.9818429E-08   -0.1233689E-04    0.8478215E-06    0.2374026E-04   -0.3634983E-03   -0.2874851E-03   -0.1369053E-03   -0.1457986E-03   -0.4949402E-05    0.1045778E-05    0.5245411E-05   -0.2229281E-04   -0.4724068E-04    0.1877229E-08   -0.3450963E-08
    0.2993338E-06    0.1946171E-04   -0.1035430E-05    0.1363115E-04   -0.6031008E-03    0.6922017E-03    0.5474786E-04    0.2509746E-04    0.1245674E-06    0.4964367E-02   -0.5582395E-04   -0.1165880E-02    0.1790162E-01    0.7317131E-02   -0.8601908E-04   -0.4098446E-02    0.2241443E-02    0.2454970E-03    0.6720932E-04    0.2721231E-03   -0.8531854E-03   -0.6409930E-07    0.5385066E-06
    0.1513745E-07   -0.1035430E-05    0.2681633E-06    0.7301011E-06   -0.7279940E-05   -0.4374607E-04   -0.5692911E-06   -0.3972766E-06   -0.1597894E-08   -0.3514655E-03    0.1230148E-05    0.9326522E-04   -0.1493802E-02   -0.8212117E-03   -0.2442667E-03    0.1125785E-03   -0.1451925E-03   -0.1333584E-04    0.3069944E-05   -0.6062917E-04   -0.7748245E-05    0.2020156E-08   -0.4765799E-07
    0.3707630E-05    0.1363115E-04    0.7301011E-06    0.4827194E-03   -0.1031442E-02    0.2082907E-02    0.9572354E-03    0.1745181E-03   -0.2765698E-05   -0.7758504E-02    0.1047145E-03    0.2181607E-02   -0.4055725E-01   -0.1787119E-01   -0.4115689E-02    0.1519522E-02   -0.2694641E-02   -0.7214533E-03   -0.3818221E-03   -0.1750293E-02   -0.2532168E-02   -0.6751638E-07   -0.1514458E-05
   -0.1191069E-04   -0.6031008E-03   -0.7279940E-05   -0.1031442E-02    0.8258027E-01   -0.8566189E-02   -0.2122038E-02   -0.1541433E-02   -0.1458055E-04   -0.4842704E-01    0.6131427E-03    0.9986731E-02   -0.1019847E+00    0.1702221E+00    0.2205766E+00    0.2464442E+00   -0.2519321E-01   -0.1551324E-02   -0.1285829E-02    0.2392237E-01    0.5181152E-01   -0.1790739E-05    0.2496262E-05
    0.3968990E-04    0.6922017E-03   -0.4374607E-04    0.2082907E-02   -0.8566189E-02    0.4825482E-01    0.5300544E-02    0.2246208E-02    0.1792304E-05    0.2535241E+00   -0.2481414E-02   -0.5543774E-01    0.8242210E+00    0.3910659E+00    0.2772834E-01   -0.1885198E+00    0.1116899E+00    0.1293891E-01    0.5118591E-02    0.2234414E-01   -0.4393428E-01   -0.3421539E-05    0.2825433E-04
    0.7801543E-05    0.5474786E-04   -0.5692911E-06    0.9572354E-03   -0.2122038E-02    0.5300544E-02    0.1982614E-02    0.3692666E-03    0.7425129E-05   -0.7114729E-02    0.1812158E-03    0.2479041E-02   -0.4655571E-01   -0.1755750E-01   -0.1335088E-02    0.5573614E-02   -0.2746909E-02   -0.1350564E-02   -0.1287909E-02   -0.3298097E-02   -0.4838104E-02   -0.2643628E-07   -0.2172390E-05
    0.2745311E-05    0.2509746E-04   -0.3972766E-06    0.1745181E-03   -0.1541433E-02    0.2246208E-02    0.3692666E-03    0.1656170E-03    0.2815856E-06    0.3390213E-02    0.4319279E-04   -0.3946657E-03   -0.3252626E-02    0.1149734E-02   -0.2538901E-03   -0.4321201E-02    0.9323762E-03    0.7324969E-03    0.1672058E-03   -0.2901084E-04   -0.1852262E-02   -0.2520551E-06    0.2990909E-06
    0.9818429E-08    0.1245674E-06   -0.1597894E-08   -0.2765698E-05   -0.1458055E-04    0.1792304E-05    0.7425129E-05    0.2815856E-06    0.6442381E-05    0.9971381E-03    0.1107540E-04    0.3577985E-04    0.2634365E-02    0.8947988E-03    0.7969658E-03    0.1254512E-02   -0.9282207E-04   -0.6673818E-04   -0.4553135E-04    0.1231802E-04    0.5275766E-03   -0.8341582E-08   -0.1599623E-07
   -0.1233689E-04    0.4964367E-02   -0.3514655E-03   -0.7758504E-02   -0.4842704E-01    0.2535241E+00   -0.7114729E-02    0.3390213E-02    0.9971381E-03    0.5152754E+02   -0.4774758E+00   -0.2135728E+01    0.4934531E+02    0.4143194E+01   -0.2099856E+02   -0.6859706E+02    0.1234090E+01   -0.1942162E+00    0.4626987E+00   -0.2637542E+01   -0.2531663E+02   -0.2329423E-03    0.4805086E-02
    0.8478215E-06   -0.5582395E-04    0.1230148E-05    0.1047145E-03    0.6131427E-03   -0.2481414E-02    0.1812158E-03    0.4319279E-04    0.1107540E-04   -0.4774758E+00    0.8178117E-01   -0.7706207E-01   -0.3407429E+00    0.8621518E+00    0.1612383E+01    0.6828551E+00    0.6969771E-01   -0.1006061E-01   -0.2919661E-03    0.7787029E-01    0.1130535E+00    0.4858040E-05   -0.1623217E-04
    0.2374026E-04   -0.1165880E-02    0.9326522E-04    0.2181607E-02    0.9986731E-02   -0.5543774E-01    0.2479041E-02   -0.3946657E-03    0.3577985E-04   -0.2135728E+01   -0.7706207E-01    0.4020829E+01   -0.3193774E+02   -0.4388416E+01    0.8269775E+01    0.7599265E+01   -0.3194475E+01   -0.1890077E+00    0.8859956E-01    0.2478411E+01    0.2165846E+01    0.2156279E-03   -0.4455407E-03
   -0.3634983E-03    0.1790162E-01   -0.1493802E-02   -0.4055725E-01   -0.1019847E+00    0.8242210E+00   -0.4655571E-01   -0.3252626E-02    0.2634365E-02    0.4934531E+02   -0.3407429E+00   -0.3193774E+02    0.7496698E+03    0.8211938E+02   -0.5794583E+02   -0.7716540E+02    0.1803969E+02   -0.4844316E+00    0.4425231E+00   -0.1231414E+02   -0.2088177E+02    0.4495932E-02    0.4978244E-02
   -0.2874851E-03    0.7317131E-02   -0.8212117E-03   -0.1787119E-01    0.1702221E+00    0.3910659E+00   -0.1755750E-01    0.1149734E-02    0.8947988E-03    0.4143194E+01    0.8621518E+00   -0.4388416E+01    0.8211938E+02    0.6543558E+02    0.4214692E+02    0.1695395E+02   -0.3677304E+01   -0.2838898E+00   -0.1048319E+01    0.4490586E+01    0.4318613E+01    0.1769906E-03    0.5452921E-03
   -0.1369053E-03   -0.8601908E-04   -0.2442667E-03   -0.4115689E-02    0.2205766E+00    0.2772834E-01   -0.1335088E-02   -0.2538901E-03    0.7969658E-03   -0.2099856E+02    0.1612383E+01    0.8269775E+01   -0.5794583E+02    0.4214692E+02    0.9250761E+02    0.6891988E+02   -0.1332298E+02   -0.6436221E+00   -0.5284708E+00    0.4939097E+01    0.7060091E+01    0.8195484E-03   -0.2642199E-02
   -0.1457986E-03   -0.4098446E-02    0.1125785E-03    0.1519522E-02    0.2464442E+00   -0.1885198E+00    0.5573614E-02   -0.4321201E-02    0.1254512E-02   -0.6859706E+02    0.6828551E+00    0.7599265E+01   -0.7716540E+02    0.1695395E+02    0.6891988E+02    0.1313457E+03   -0.1216805E+02   -0.1742827E+00   -0.9064923E+00    0.9103915E+00    0.2312370E+02    0.7468133E-03   -0.8094282E-02
   -0.4949402E-05    0.2241443E-02   -0.1451925E-03   -0.2694641E-02   -0.2519321E-01    0.1116899E+00   -0.2746909E-02    0.9323762E-03   -0.9282207E-04    0.1234090E+01    0.6969771E-01   -0.3194475E+01    0.1803969E+02   -0.3677304E+01   -0.1332298E+02   -0.1216805E+02    0.7154377E+01    0.1602505E+00   -0.8190725E-01   -0.2104852E+01   -0.1714549E+01   -0.1808810E-03    0.3317512E-03
    0.1045778E-05    0.2454970E-03   -0.1333584E-04   -0.7214533E-03   -0.1551324E-02    0.1293891E-01   -0.1350564E-02    0.7324969E-03   -0.6673818E-04   -0.1942162E+00   -0.1006061E-01   -0.1890077E+00   -0.4844316E+00   -0.2838898E+00   -0.6436221E+00   -0.1742827E+00    0.1602505E+00    0.3216055E+01    0.7250993E+00    0.3553705E+00    0.6584347E+00    0.4130560E-03    0.1239290E-05
    0.5245411E-05    0.6720932E-04    0.3069944E-05   -0.3818221E-03   -0.1285829E-02    0.5118591E-02   -0.1287909E-02    0.1672058E-03   -0.4553135E-04    0.4626987E+00   -0.2919661E-03    0.8859956E-01    0.4425231E+00   -0.1048319E+01   -0.5284708E+00   -0.9064923E+00   -0.8190725E-01    0.7250993E+00    0.3095094E+01    0.2430925E+01    0.1381510E+01   -0.4009564E-03   -0.1674960E-03
   -0.2229281E-04    0.2721231E-03   -0.6062917E-04   -0.1750293E-02    0.2392237E-01    0.2234414E-01   -0.3298097E-02   -0.2901084E-04    0.1231802E-04   -0.2637542E+01    0.7787029E-01    0.2478411E+01   -0.1231414E+02    0.4490586E+01    0.4939097E+01    0.9103915E+00   -0.2104852E+01    0.3553705E+00    0.2430925E+01    0.1789873E+02    0.2701960E+02   -0.7030180E-04    0.2481410E-02
   -0.4724068E-04   -0.8531854E-03   -0.7748245E-05   -0.2532168E-02    0.5181152E-01   -0.4393428E-01   -0.4838104E-02   -0.1852262E-02    0.5275766E-03   -0.2531663E+02    0.1130535E+00    0.2165846E+01   -0.2088177E+02    0.4318613E+01    0.7060091E+01    0.2312370E+02   -0.1714549E+01    0.6584347E+00    0.1381510E+01    0.2701960E+02    0.6145168E+02   -0.6302696E-04    0.4283996E-02
    0.1877229E-08   -0.6409930E-07    0.2020156E-08   -0.6751638E-07   -0.1790739E-05   -0.3421539E-05   -0.2643628E-07   -0.2520551E-06   -0.8341582E-08   -0.2329423E-03    0.4858040E-05    0.2156279E-03    0.4495932E-02    0.1769906E-03    0.8195484E-03    0.7468133E-03   -0.1808810E-03    0.4130560E-03   -0.4009564E-03   -0.7030180E-04   -0.6302696E-04    0.5459212E-06   -0.1672144E-07
   -0.3450963E-08    0.5385066E-06   -0.4765799E-07   -0.1514458E-05    0.2496262E-05    0.2825433E-04   -0.2172390E-05    0.2990909E-06   -0.1599623E-07    0.4805086E-02   -0.1623217E-04   -0.4455407E-03    0.4978244E-02    0.5452921E-03   -0.2642199E-02   -0.8094282E-02    0.3317512E-03    0.1239290E-05   -0.1674960E-03    0.2481410E-02    0.4283996E-02   -0.1672144E-07    0.2112743E-05
