# omegabh2 omegach2 theta tau mnu ns logA aps100 aps143 aps217 acib143 acib217 asz143 psr cibr cal0 cal2 xi aksz bm_1_1 a_ps_act_148 a_ps_act_217 a_ps_spt_95 a_ps_spt_150 a_ps_spt_220 r_ps_spt_95x150 r_ps_spt_95x220 r_ps_150x220 act_dust_s act_dust_e cal_acts_148 cal_acts_217 cal_acte_148 cal_acte_217 cal_spt_95 cal_spt_150 cal_spt_220
8.988700E-08 -5.239100E-07 1.062400E-07 1.087100E-06 -2.603800E-05 1.423900E-06 1.185300E-06 -7.121100E-04 -1.077400E-03 -7.489900E-04 -6.702700E-07 -2.890200E-05 2.235464E-05 -2.898800E-07 -2.711100E-08 1.396800E-09 5.399700E-09 -2.492100E-07 -3.373019E-05 -1.861400E-05 3.023200E-05 1.830900E-04 2.140400E-05 3.617100E-05 1.720500E-04 -3.999400E-07 -3.816300E-07 -7.901600E-08 -7.504500E-07 6.347600E-08 1.040400E-06 6.857100E-07 1.019200E-06 6.952400E-07 1.095700E-06 1.062600E-06 7.143700E-07
-5.239100E-07 8.204900E-06 -9.568800E-07 -1.266300E-05 1.873100E-04 -1.875000E-05 -6.720500E-06 4.462000E-03 5.308200E-03 3.861700E-03 -9.874300E-06 1.536300E-04 -1.051907E-04 1.490700E-06 9.666100E-07 -6.983500E-09 -1.006800E-08 2.853400E-07 7.013651E-05 1.383300E-04 -1.237100E-04 -9.670200E-04 -1.031600E-04 -1.617600E-04 -8.983600E-04 2.553800E-06 3.625100E-06 -5.421000E-08 5.884100E-06 1.068700E-06 -5.421300E-06 -3.272300E-06 -5.245300E-06 -3.716400E-06 -5.925200E-06 -5.515300E-06 -3.319000E-06
1.062400E-07 -9.568800E-07 4.444500E-07 1.704100E-06 -4.836000E-05 2.824600E-06 1.676700E-06 -4.556700E-04 -1.024700E-03 -7.237600E-04 2.565900E-06 -2.963500E-05 2.651804E-05 -3.150500E-07 -1.298800E-07 4.678700E-09 6.898900E-09 -2.594300E-07 -3.385361E-05 -1.540100E-05 2.495200E-05 1.589700E-04 1.106700E-05 3.206300E-05 1.546400E-04 2.349100E-07 3.527500E-07 -9.724600E-08 -7.812500E-07 3.477400E-07 1.015800E-06 4.704800E-07 9.673100E-07 5.870700E-07 1.071500E-06 9.711100E-07 5.074700E-07
1.087100E-06 -1.266300E-05 1.704100E-06 2.029200E-04 1.255100E-04 3.726800E-05 3.728400E-04 -3.622900E-02 -1.899300E-02 -1.234300E-02 2.436000E-05 -5.570500E-04 4.843480E-04 -4.602200E-06 -1.266100E-06 9.637300E-08 -2.720800E-08 -9.145300E-06 -8.336694E-04 -1.029000E-03 4.512500E-04 3.253800E-03 3.245100E-04 5.510500E-04 2.968700E-03 -4.575100E-06 -3.151500E-06 -3.178200E-09 1.176100E-06 2.739600E-05 1.801000E-05 1.049600E-05 1.803600E-05 9.466800E-06 1.904700E-05 1.741500E-05 8.641900E-06
-2.603800E-05 1.873100E-04 -4.836000E-05 1.255100E-04 4.929600E-02 -5.643700E-04 4.679700E-04 2.989200E-01 3.257200E-01 2.470100E-01 4.342100E-04 1.616800E-02 -1.563448E-03 1.073500E-04 3.630600E-04 2.452200E-06 -1.090500E-06 -3.005000E-05 2.343506E-02 5.490100E-03 -1.537400E-02 -5.191700E-02 -1.575300E-02 -1.844700E-02 -6.749900E-02 1.721700E-04 5.086400E-04 4.377500E-05 6.804700E-04 1.237800E-03 -3.632200E-04 -1.541200E-04 -3.654000E-04 -1.926000E-04 -3.948900E-04 -3.519800E-04 -2.302000E-04
1.423900E-06 -1.875000E-05 2.824600E-06 3.726800E-05 -5.643700E-04 5.871600E-05 2.934400E-05 -4.151700E-02 -2.663300E-02 -1.713900E-02 7.839500E-05 -6.467200E-04 7.167622E-04 -7.062500E-06 -4.012100E-06 -6.364000E-08 2.770500E-07 -5.098500E-06 -8.711474E-04 -6.663400E-04 5.537300E-04 3.622000E-03 3.091400E-04 6.883900E-04 3.333900E-03 1.939400E-06 3.310500E-06 -3.912100E-07 -9.457900E-06 6.106100E-06 2.075900E-05 1.181100E-05 2.077700E-05 1.276800E-05 2.279300E-05 2.185100E-05 1.177700E-05
1.185300E-06 -6.720500E-06 1.676700E-06 3.728400E-04 4.679700E-04 2.934400E-05 7.284400E-04 -6.873900E-02 -3.057400E-02 -1.828600E-02 2.492100E-05 -8.434400E-04 7.866879E-04 -7.274800E-06 -2.188700E-06 2.492400E-07 8.470300E-08 -1.953100E-05 -1.761898E-03 -1.350100E-03 7.365100E-04 4.535700E-03 5.400200E-04 8.555400E-04 4.276800E-03 -5.780700E-06 -3.739500E-07 -6.032400E-07 1.394000E-05 5.765500E-05 2.604700E-05 1.360400E-05 2.616600E-05 1.118500E-05 2.752600E-05 2.436500E-05 1.079400E-05
-7.121100E-04 4.462000E-03 -4.556700E-04 -3.622900E-02 2.989200E-01 -4.151700E-02 -6.873900E-02 1.519700E+03 8.518900E+01 1.661000E+01 -8.067700E-02 6.120400E+00 -1.080491E+01 1.927700E-02 -1.727200E-01 1.441500E-03 -4.102600E-04 5.556600E-02 6.121131E+00 1.572900E+01 -3.241200E-01 -1.371300E+00 5.013500E+00 -7.136200E-01 -3.393400E+00 -6.776600E-02 -4.808200E-01 -3.002400E-02 -1.981500E-02 -5.874600E-02 -4.680400E-02 2.751600E-02 -4.607200E-02 1.875200E-02 -7.148500E-02 -3.389900E-02 5.673800E-03
-1.077400E-03 5.308200E-03 -1.024700E-03 -1.899300E-02 3.257200E-01 -2.663300E-02 -3.057400E-02 8.518900E+01 6.623600E+01 2.146500E+01 -1.081900E-01 6.805800E-01 -2.483033E+00 9.443200E-03 -2.563300E-02 -6.997300E-06 -1.291800E-03 1.289900E-02 1.038235E+00 -1.027300E-01 -2.541100E-01 -3.061600E+00 9.478000E-01 -4.421500E-01 -3.318000E+00 -2.058300E-02 -1.002600E-01 -1.030600E-02 1.169200E-02 -3.705200E-03 -2.721700E-02 -8.972200E-03 -2.721600E-02 -9.813200E-03 -3.344000E-02 -2.484700E-02 -1.323500E-02
-7.489900E-04 3.861700E-03 -7.237600E-04 -1.234300E-02 2.470100E-01 -1.713900E-02 -1.828600E-02 1.661000E+01 2.146500E+01 3.631800E+01 -6.560900E-01 -4.394100E+00 1.500908E+00 -6.593900E-03 -7.154100E-03 1.977800E-05 -5.132300E-04 -1.076700E-02 -8.728958E-01 1.111300E-01 2.029400E-02 -2.951900E+00 -1.219300E+00 1.081700E-03 -2.621200E+00 -6.690500E-03 5.999600E-02 2.362900E-02 2.943500E-02 2.466900E-02 -1.355400E-02 -2.894900E-02 -1.358800E-02 -2.787300E-02 -5.982400E-03 -1.495500E-02 -2.347600E-02
-6.702700E-07 -9.874300E-06 2.565900E-06 2.436000E-05 4.342100E-04 7.839500E-05 2.492100E-05 -8.067700E-02 -1.081900E-01 -6.560900E-01 4.264900E-01 8.297200E-01 2.726286E-01 -1.865000E-04 -9.356600E-03 8.915600E-07 1.688400E-05 4.665000E-03 -5.469278E-01 9.996200E-03 -1.189300E-01 -1.258600E-01 -3.666500E-02 -1.605600E-01 -1.843800E-01 2.703200E-02 2.202000E-02 -2.490500E-03 -1.875600E-03 -3.649900E-03 3.138000E-04 8.113100E-04 3.480100E-04 6.481500E-04 -5.686000E-04 1.519300E-04 7.212600E-04
-2.890200E-05 1.536300E-04 -2.963500E-05 -5.570500E-04 1.616800E-02 -6.467200E-04 -8.434400E-04 6.120400E+00 6.805800E-01 -4.394100E+00 8.297200E-01 3.584200E+00 1.067686E-03 4.797600E-03 6.192400E-03 -3.299800E-06 4.306300E-04 1.457800E-03 -8.642359E-01 2.690300E-02 -2.655700E-01 -2.858700E-01 2.372000E-01 -3.616600E-01 -6.073100E-01 4.217300E-02 2.214400E-02 -1.720800E-02 -4.784100E-03 -1.354800E-02 -1.024200E-03 7.752300E-03 -8.891600E-04 7.338900E-03 -4.034100E-03 -3.884300E-04 5.133900E-03
2.235464E-05 -1.051907E-04 2.651804E-05 4.843480E-04 -1.563448E-03 7.167622E-04 7.866879E-04 -1.080491E+01 -2.483033E+00 1.500908E+00 2.726286E-01 1.067686E-03 1.425870E+00 -2.629503E-04 2.020555E-02 8.087015E-06 -2.271625E-04 -6.006510E-03 -1.155711E+00 3.375473E-02 -1.001980E-01 -2.307356E-01 -7.023742E-01 -1.011764E-01 -4.834368E-01 2.957166E-02 7.413177E-02 -4.151274E-04 -3.673160E-04 -1.375493E-03 2.585380E-03 -3.651674E-03 2.346251E-03 -3.528897E-03 5.169608E-03 1.232716E-03 -2.679333E-03
-2.898800E-07 1.490700E-06 -3.150500E-07 -4.602200E-06 1.073500E-04 -7.062500E-06 -7.274800E-06 1.927700E-02 9.443200E-03 -6.593900E-03 -1.865000E-04 4.797600E-03 -2.629503E-04 2.924700E-04 -6.799800E-06 7.214100E-09 4.484300E-07 2.347600E-05 1.781871E-04 8.949500E-05 1.440900E-04 -3.105500E-03 1.012800E-04 2.619600E-05 -1.083700E-03 -3.847800E-07 2.929600E-05 8.968600E-06 -2.442600E-05 -8.703700E-05 -7.201200E-06 2.495100E-07 -8.023700E-06 2.313900E-06 -5.560100E-06 -5.929800E-06 4.792600E-06
-2.711100E-08 9.666100E-07 -1.298800E-07 -1.266100E-06 3.630600E-04 -4.012100E-06 -2.188700E-06 -1.727200E-01 -2.563300E-02 -7.154100E-03 -9.356600E-03 6.192400E-03 2.020555E-02 -6.799800E-06 2.208500E-03 8.589900E-08 -7.108600E-07 4.023400E-05 -3.135028E-03 7.341500E-04 2.391900E-03 1.514300E-03 -1.414600E-02 3.673800E-03 -1.368200E-02 -3.676000E-04 1.433300E-03 -2.812100E-04 8.436100E-05 -1.332700E-04 3.175700E-05 1.776200E-05 2.153700E-05 1.804300E-05 1.222000E-04 1.864100E-05 -2.364900E-05
1.396800E-09 -6.983500E-09 4.678700E-09 9.637300E-08 2.452200E-06 -6.364000E-08 2.492400E-07 1.441500E-03 -6.997300E-06 1.977800E-05 8.915600E-07 -3.299800E-06 8.087015E-06 7.214100E-09 8.589900E-08 1.590800E-07 -8.741200E-10 7.173800E-08 -5.906589E-06 -2.831000E-05 -4.350200E-06 2.117300E-05 -5.328700E-06 -3.472900E-06 -8.405500E-06 1.840600E-08 5.837000E-07 8.624100E-08 -5.727000E-07 3.809200E-07 -5.819800E-08 4.436800E-08 -4.286200E-08 4.331100E-08 1.563600E-09 -3.531100E-08 -1.032600E-07
5.399700E-09 -1.006800E-08 6.898900E-09 -2.720800E-08 -1.090500E-06 2.770500E-07 8.470300E-08 -4.102600E-04 -1.291800E-03 -5.132300E-04 1.688400E-05 4.306300E-04 -2.271625E-04 4.484300E-07 -7.108600E-07 -8.741200E-10 6.246400E-07 1.504000E-06 1.191047E-04 2.163200E-05 1.042100E-05 2.369400E-05 1.375100E-04 1.722000E-06 9.857000E-05 -1.565400E-06 -9.073100E-06 -1.759300E-06 1.601100E-06 -2.541000E-07 -1.464700E-07 1.793600E-06 -1.534000E-07 1.632300E-06 -7.010800E-07 2.523500E-07 1.471600E-06
-2.492100E-07 2.853400E-07 -2.594300E-07 -9.145300E-06 -3.005000E-05 -5.098500E-06 -1.953100E-05 5.556600E-02 1.289900E-02 -1.076700E-02 4.665000E-03 1.457800E-03 -6.006510E-03 2.347600E-05 4.023400E-05 7.173800E-08 1.504000E-06 1.444800E-03 9.360859E-03 6.901700E-05 3.047000E-03 -5.199100E-04 1.788600E-03 1.601700E-03 1.448200E-03 5.139900E-04 9.021800E-04 4.061800E-05 6.767900E-05 -9.007400E-05 -4.915600E-06 2.840600E-05 -9.827600E-06 2.254100E-05 -2.474100E-05 1.858400E-06 4.065200E-05
-3.373019E-05 7.013651E-05 -3.385361E-05 -8.336694E-04 2.343506E-02 -8.711474E-04 -1.761898E-03 6.121131E+00 1.038235E+00 -8.728958E-01 -5.469278E-01 -8.642359E-01 -1.155711E+00 1.781871E-04 -3.135028E-03 -5.906589E-06 1.191047E-04 9.360859E-03 1.821753E+00 -2.708207E-02 5.528313E-02 4.265539E-01 2.783903E-01 1.006969E-01 7.239095E-01 -4.096456E-02 -5.835830E-02 6.015609E-03 -1.397464E-03 5.306571E-04 -1.131704E-04 3.226152E-03 5.337837E-06 3.016341E-03 -1.385740E-03 -1.168729E-04 2.509709E-03
-1.861400E-05 1.383300E-04 -1.540100E-05 -1.029000E-03 5.490100E-03 -6.663400E-04 -1.350100E-03 1.572900E+01 -1.027300E-01 1.111300E-01 9.996200E-03 2.690300E-02 3.375473E-02 8.949500E-05 7.341500E-04 -2.831000E-05 2.163200E-05 6.901700E-05 -2.708207E-02 5.848400E-01 -1.256800E-02 -5.701700E-02 -2.170000E-02 -1.276900E-02 -6.834900E-02 1.255500E-03 2.385000E-03 -3.863000E-05 8.433600E-04 1.655800E-03 -1.921900E-04 -3.809700E-04 -2.150300E-04 -3.001900E-04 8.527200E-05 -2.101800E-04 -1.292900E-04
3.023200E-05 -1.237100E-04 2.495200E-05 4.512500E-04 -1.537400E-02 5.537300E-04 7.365100E-04 -3.241200E-01 -2.541100E-01 2.029400E-02 -1.189300E-01 -2.655700E-01 -1.001980E-01 1.440900E-04 2.391900E-03 -4.350200E-06 1.042100E-05 3.047000E-03 5.528313E-02 -1.256800E-02 2.997900E-01 -1.635100E-01 7.724100E-02 1.105700E-01 3.292300E-01 -5.687900E-03 -7.991500E-03 -2.705800E-03 2.965500E-04 -1.546900E-03 2.204500E-03 -1.067700E-03 2.200600E-03 -6.682700E-04 1.978500E-04 1.662300E-04 7.364100E-04
1.830900E-04 -9.670200E-04 1.589700E-04 3.253800E-03 -5.191700E-02 3.622000E-03 4.535700E-03 -1.371300E+00 -3.061600E+00 -2.951900E+00 -1.258600E-01 -2.858700E-01 -2.307356E-01 -3.105500E-03 1.514300E-03 2.117300E-05 2.369400E-05 -5.199100E-04 4.265539E-01 -5.701700E-02 -1.635100E-01 1.336500E+01 1.609500E-01 1.063400E-01 1.113000E+00 -1.293100E-02 -2.529300E-02 -2.592700E-03 -1.055800E-03 2.485400E-02 2.236500E-03 4.977700E-02 2.400100E-03 3.855000E-02 2.633900E-03 3.307000E-03 5.043800E-03
2.140400E-05 -1.031600E-04 1.106700E-05 3.245100E-04 -1.575300E-02 3.091400E-04 5.400200E-04 5.013500E+00 9.478000E-01 -1.219300E+00 -3.666500E-02 2.372000E-01 -7.023742E-01 1.012800E-04 -1.414600E-02 -5.328700E-06 1.375100E-04 1.788600E-03 2.783903E-01 -2.170000E-02 7.724100E-02 1.609500E-01 2.039600E+00 6.284100E-02 2.724800E-01 -8.245400E-02 -1.075700E-01 -1.666300E-03 2.129000E-03 9.291000E-04 -1.547000E-03 2.122600E-03 -1.383800E-03 2.059600E-03 -2.488700E-04 2.584400E-04 2.155700E-03
3.617100E-05 -1.617600E-04 3.206300E-05 5.510500E-04 -1.844700E-02 6.883900E-04 8.555400E-04 -7.136200E-01 -4.421500E-01 1.081700E-03 -1.605600E-01 -3.616600E-01 -1.011764E-01 2.619600E-05 3.673800E-03 -3.472900E-06 1.722000E-06 1.601700E-03 1.006969E-01 -1.276900E-02 1.105700E-01 1.063400E-01 6.284100E-02 2.246600E-01 1.334700E-01 -7.892500E-03 -5.631800E-03 1.960900E-04 1.432400E-03 1.061100E-03 7.057800E-05 -4.282500E-04 -4.477300E-05 -2.806900E-04 6.641200E-04 1.225800E-04 -2.459400E-04
1.720500E-04 -8.983600E-04 1.546400E-04 2.968700E-03 -6.749900E-02 3.333900E-03 4.276800E-03 -3.393400E+00 -3.318000E+00 -2.621200E+00 -1.843800E-01 -6.073100E-01 -4.834368E-01 -1.083700E-03 -1.368200E-02 -8.405500E-06 9.857000E-05 1.448200E-03 7.239095E-01 -6.834900E-02 3.292300E-01 1.113000E+00 2.724800E-01 1.334700E-01 1.210100E+01 -2.357400E-02 -7.480200E-02 -1.116900E-02 -8.932000E-03 -5.119900E-03 4.532400E-03 3.316200E-03 4.608000E-03 3.744700E-03 4.624400E-03 5.224400E-03 3.076300E-02
-3.999400E-07 2.553800E-06 2.349100E-07 -4.575100E-06 1.721700E-04 1.939400E-06 -5.780700E-06 -6.776600E-02 -2.058300E-02 -6.690500E-03 2.703200E-02 4.217300E-02 2.957166E-02 -3.847800E-07 -3.676000E-04 1.840600E-08 -1.565400E-06 5.139900E-04 -4.096456E-02 1.255500E-03 -5.687900E-03 -1.293100E-02 -8.245400E-02 -7.892500E-03 -2.357400E-02 7.257000E-03 6.152400E-03 -1.634500E-04 -2.186800E-04 -2.169600E-04 3.794200E-05 -2.144200E-05 3.528900E-05 -2.420600E-05 -8.568300E-05 -2.033300E-05 -4.264100E-05
-3.816300E-07 3.625100E-06 3.527500E-07 -3.151500E-06 5.086400E-04 3.310500E-06 -3.739500E-07 -4.808200E-01 -1.002600E-01 5.999600E-02 2.202000E-02 2.214400E-02 7.413177E-02 2.929600E-05 1.433300E-03 5.837000E-07 -9.073100E-06 9.021800E-04 -5.835830E-02 2.385000E-03 -7.991500E-03 -2.529300E-02 -1.075700E-01 -5.631800E-03 -7.480200E-02 6.152400E-03 1.277600E-02 9.074300E-05 4.861400E-05 -2.910700E-04 1.008800E-04 -1.545400E-04 8.436600E-05 -1.533400E-04 8.681700E-05 1.094200E-05 -3.691000E-04
-7.901600E-08 -5.421000E-08 -9.724600E-08 -3.178200E-09 4.377500E-05 -3.912100E-07 -6.032400E-07 -3.002400E-02 -1.030600E-02 2.362900E-02 -2.490500E-03 -1.720800E-02 -4.151274E-04 8.968600E-06 -2.812100E-04 8.624100E-08 -1.759300E-06 4.061800E-05 6.015609E-03 -3.863000E-05 -2.705800E-03 -2.592700E-03 -1.666300E-03 1.960900E-04 -1.116900E-02 -1.634500E-04 9.074300E-05 3.320400E-04 4.397200E-05 1.229200E-04 -6.397100E-06 -4.009600E-05 -3.471100E-07 -3.918400E-05 1.760900E-05 3.338200E-06 -7.521600E-05
-7.504500E-07 5.884100E-06 -7.812500E-07 1.176100E-06 6.804700E-04 -9.457900E-06 1.394000E-05 -1.981500E-02 1.169200E-02 2.943500E-02 -1.875600E-03 -4.784100E-03 -3.673160E-04 -2.442600E-05 8.436100E-05 -5.727000E-07 1.601100E-06 6.767900E-05 -1.397464E-03 8.433600E-04 2.965500E-04 -1.055800E-03 2.129000E-03 1.432400E-03 -8.932000E-03 -2.186800E-04 4.861400E-05 4.397200E-05 3.955700E-02 -8.557500E-06 2.913900E-04 5.913100E-05 -3.002500E-05 -1.006200E-05 4.060400E-05 4.466100E-06 -3.454000E-05
6.347600E-08 1.068700E-06 3.477400E-07 2.739600E-05 1.237800E-03 6.106100E-06 5.765500E-05 -5.874600E-02 -3.705200E-03 2.466900E-02 -3.649900E-03 -1.354800E-02 -1.375493E-03 -8.703700E-05 -1.332700E-04 3.809200E-07 -2.541000E-07 -9.007400E-05 5.306571E-04 1.655800E-03 -1.546900E-03 2.485400E-02 9.291000E-04 1.061100E-03 -5.119900E-03 -2.169600E-04 -2.910700E-04 1.229200E-04 -8.557500E-06 3.996100E-02 -3.167500E-05 5.972900E-05 2.927300E-04 1.161200E-04 5.931500E-05 2.079400E-05 -4.192200E-05
1.040400E-06 -5.421300E-06 1.015800E-06 1.801000E-05 -3.632200E-04 2.075900E-05 2.604700E-05 -4.680400E-02 -2.721700E-02 -1.355400E-02 3.138000E-04 -1.024200E-03 2.585380E-03 -7.201200E-06 3.175700E-05 -5.819800E-08 -1.464700E-07 -4.915600E-06 -1.131704E-04 -1.921900E-04 2.204500E-03 2.236500E-03 -1.547000E-03 7.057800E-05 4.532400E-03 3.794200E-05 1.008800E-04 -6.397100E-06 2.913900E-04 -3.167500E-05 1.556200E-04 3.914700E-06 6.089000E-05 1.242500E-05 3.465300E-05 2.185500E-05 1.595900E-05
6.857100E-07 -3.272300E-06 4.704800E-07 1.049600E-05 -1.541200E-04 1.181100E-05 1.360400E-05 2.751600E-02 -8.972200E-03 -2.894900E-02 8.113100E-04 7.752300E-03 -3.651674E-03 2.495100E-07 1.776200E-05 4.436800E-08 1.793600E-06 2.840600E-05 3.226152E-03 -3.809700E-04 -1.067700E-03 4.977700E-02 2.122600E-03 -4.282500E-04 3.316200E-03 -2.144200E-05 -1.545400E-04 -4.009600E-05 5.913100E-05 5.972900E-05 3.914700E-06 3.444600E-04 1.331500E-05 1.740200E-04 -2.392800E-06 1.506700E-05 3.784000E-05
1.019200E-06 -5.245300E-06 9.673100E-07 1.803600E-05 -3.654000E-04 2.077700E-05 2.616600E-05 -4.607200E-02 -2.721600E-02 -1.358800E-02 3.480100E-04 -8.891600E-04 2.346251E-03 -8.023700E-06 2.153700E-05 -4.286200E-08 -1.534000E-07 -9.827600E-06 5.337837E-06 -2.150300E-04 2.200600E-03 2.400100E-03 -1.383800E-03 -4.477300E-05 4.608000E-03 3.528900E-05 8.436600E-05 -3.471100E-07 -3.002500E-05 2.927300E-04 6.089000E-05 1.331500E-05 1.300400E-04 1.068300E-05 3.144100E-05 2.294800E-05 1.834800E-05
6.952400E-07 -3.716400E-06 5.870700E-07 9.466800E-06 -1.926000E-04 1.276800E-05 1.118500E-05 1.875200E-02 -9.813200E-03 -2.787300E-02 6.481500E-04 7.338900E-03 -3.528897E-03 2.313900E-06 1.804300E-05 4.331100E-08 1.632300E-06 2.254100E-05 3.016341E-03 -3.001900E-04 -6.682700E-04 3.855000E-02 2.059600E-03 -2.806900E-04 3.744700E-03 -2.420600E-05 -1.533400E-04 -3.918400E-05 -1.006200E-05 1.161200E-04 1.242500E-05 1.740200E-04 1.068300E-05 2.099200E-04 -2.695300E-06 1.315600E-05 3.564400E-05
1.095700E-06 -5.925200E-06 1.071500E-06 1.904700E-05 -3.948900E-04 2.279300E-05 2.752600E-05 -7.148500E-02 -3.344000E-02 -5.982400E-03 -5.686000E-04 -4.034100E-03 5.169608E-03 -5.560100E-06 1.222000E-04 1.563600E-09 -7.010800E-07 -2.474100E-05 -1.385740E-03 8.527200E-05 1.978500E-04 2.633900E-03 -2.488700E-04 6.641200E-04 4.624400E-03 -8.568300E-05 8.681700E-05 1.760900E-05 4.060400E-05 5.931500E-05 3.465300E-05 -2.392800E-06 3.144100E-05 -2.695300E-06 4.010800E-04 4.036300E-05 7.774200E-06
1.062600E-06 -5.515300E-06 9.711100E-07 1.741500E-05 -3.519800E-04 2.185100E-05 2.436500E-05 -3.389900E-02 -2.484700E-02 -1.495500E-02 1.519300E-04 -3.884300E-04 1.232716E-03 -5.929800E-06 1.864100E-05 -3.531100E-08 2.523500E-07 1.858400E-06 -1.168729E-04 -2.101800E-04 1.662300E-04 3.307000E-03 2.584400E-04 1.225800E-04 5.224400E-03 -2.033300E-05 1.094200E-05 3.338200E-06 4.466100E-06 2.079400E-05 2.185500E-05 1.506700E-05 2.294800E-05 1.315600E-05 4.036300E-05 9.411500E-05 3.065300E-05
7.143700E-07 -3.319000E-06 5.074700E-07 8.641900E-06 -2.302000E-04 1.177700E-05 1.079400E-05 5.673800E-03 -1.323500E-02 -2.347600E-02 7.212600E-04 5.133900E-03 -2.679333E-03 4.792600E-06 -2.364900E-05 -1.032600E-07 1.471600E-06 4.065200E-05 2.509709E-03 -1.292900E-04 7.364100E-04 5.043800E-03 2.155700E-03 -2.459400E-04 3.076300E-02 -4.264100E-05 -3.691000E-04 -7.521600E-05 -3.454000E-05 -4.192200E-05 1.595900E-05 3.784000E-05 1.834800E-05 3.564400E-05 7.774200E-06 3.065300E-05 4.861300E-04
