# omegabh2 omegach2 theta tau logA ns r aps100 aps143 aps217 acib143 acib217 asz143 psr cibr ncib xi aksz cal0 cal2 calTE calEE bm_1_1
    0.2689764E-07   -0.1226869E-06    0.1622894E-07    0.5695355E-06    0.9219945E-06    0.3579539E-06    0.1594579E-06   -0.1629936E-03   -0.1719037E-03    0.9597802E-04   -0.5857976E-04   -0.1335410E-03    0.2587052E-05    0.3093077E-06   -0.1224899E-05   -0.2057473E-05    0.5126960E-06   -0.5376307E-04   -0.1885520E-08    0.4626688E-08   -0.4979419E-07   -0.2223408E-06    0.1815847E-05
   -0.1226869E-06    0.1948100E-05   -0.1494856E-06   -0.5389450E-05   -0.5921360E-05   -0.4525082E-05   -0.4585054E-05    0.2234181E-02    0.4684741E-03   -0.5980052E-03    0.1982292E-03    0.7881540E-03    0.6926134E-04    0.2548408E-05    0.1450668E-04    0.1046833E-04   -0.1007822E-04    0.6364786E-04   -0.4041805E-08    0.1472956E-06   -0.1683447E-06   -0.3902102E-06    0.4954434E-04
    0.1622894E-07   -0.1494856E-06    0.9635166E-07    0.4181602E-06    0.5840963E-06    0.4258062E-06   -0.6918810E-08    0.4577729E-04   -0.4433049E-04    0.2872297E-03   -0.3182183E-04   -0.1681914E-03    0.1907021E-05   -0.1041613E-05   -0.1967725E-05   -0.2029196E-05   -0.1938630E-05   -0.9028471E-05    0.2960178E-08   -0.2633406E-07    0.2272822E-07    0.4171470E-07   -0.9376648E-06
    0.5695355E-06   -0.5389450E-05    0.4181602E-06    0.1659425E-03    0.3187507E-03    0.2095661E-04   -0.1618645E-04   -0.3426305E-01   -0.5240740E-02    0.1352209E-01   -0.4308303E-02   -0.1015371E-01   -0.1094518E-02    0.6737472E-05   -0.7901755E-04   -0.1330255E-03    0.1974039E-04   -0.2843104E-02   -0.9292871E-07   -0.3074428E-06   -0.8998810E-05   -0.4203116E-05   -0.1623762E-03
    0.9219945E-06   -0.5921360E-05    0.5840963E-06    0.3187507E-03    0.6295546E-03    0.2980931E-04   -0.4931992E-04   -0.6564700E-01   -0.5554084E-02    0.3221335E-01   -0.1034415E-01   -0.2062210E-01   -0.2470405E-02    0.2594512E-04   -0.1456794E-03   -0.2362537E-03    0.5541530E-04   -0.6909506E-02    0.1116992E-07    0.1195088E-05   -0.1634353E-04   -0.6130250E-05    0.2699906E-03
    0.3579539E-06   -0.4525082E-05    0.4258062E-06    0.2095661E-04    0.2980931E-04    0.2293419E-04    0.2344023E-04   -0.1935429E-01   -0.1875762E-02    0.1314375E-01   -0.2791496E-02   -0.7603146E-02   -0.1101716E-02    0.1925710E-04   -0.1728525E-03   -0.6838894E-04    0.7699973E-04   -0.3161291E-02   -0.1615026E-06    0.4521776E-06   -0.6664367E-07   -0.1456488E-05    0.4611455E-04
    0.1594579E-06   -0.4585054E-05   -0.6918810E-08   -0.1618645E-04   -0.4931992E-04    0.2344023E-04    0.9074018E-03   -0.2236481E-01   -0.8571968E-02   -0.6291157E-02    0.2563117E-02    0.5558826E-03   -0.3014338E-02    0.7416320E-04    0.6546662E-04   -0.5404509E-04    0.2119070E-03   -0.1868085E-02   -0.2733876E-07    0.4196235E-05    0.1972142E-05   -0.2615492E-05   -0.4094558E-03
   -0.1629936E-03    0.2234181E-02    0.4577729E-04   -0.3426305E-01   -0.6564700E-01   -0.1935429E-01   -0.2236481E-01    0.2333928E+04    0.9557574E+02   -0.1031884E+03    0.4098771E+02    0.6674989E+02   -0.5821247E+02   -0.1021317E+01   -0.1205821E+01    0.5735076E+00    0.1538082E+00   -0.1403436E+02    0.1675085E-02    0.8741483E-04    0.1840205E-02    0.1358095E-02    0.1046810E+02
   -0.1719037E-03    0.4684741E-03   -0.4433049E-04   -0.5240740E-02   -0.5554084E-02   -0.1875762E-02   -0.8571968E-02    0.9557574E+02    0.1010942E+03    0.2025465E+02   -0.1315867E+02    0.2742956E+01   -0.7285811E+01   -0.2368206E+00    0.1902031E+00    0.2982899E-01    0.9360006E+00   -0.1201881E+02    0.1569738E-03    0.1075587E-02    0.3746506E-02    0.5353675E-02    0.4477300E-01
    0.9597802E-04   -0.5980052E-03    0.2872297E-03    0.1352209E-01    0.3221335E-01    0.1314375E-01   -0.6291157E-02   -0.1031884E+03    0.2025465E+02    0.2732403E+03   -0.2093595E+02   -0.1224857E+03    0.2829330E+01   -0.4421708E-01   -0.1082086E+01   -0.1726837E+01    0.6178396E+00   -0.9743405E+01   -0.3895912E-03   -0.2414470E-02    0.6643850E-02    0.4215675E-02    0.3624393E+00
   -0.5857976E-04    0.1982292E-03   -0.3182183E-04   -0.4308303E-02   -0.1034415E-01   -0.2791496E-02    0.2563117E-02    0.4098771E+02   -0.1315867E+02   -0.2093595E+02    0.1634803E+02    0.1242330E+02   -0.1683982E+01    0.3057784E-01   -0.1167832E+00    0.1881754E+00    0.1392959E+00   -0.6920765E+00   -0.2556976E-03   -0.1100879E-02   -0.7528434E-03   -0.2212686E-03   -0.2498715E+00
   -0.1335410E-03    0.7881540E-03   -0.1681914E-03   -0.1015371E-01   -0.2062210E-01   -0.7603146E-02    0.5558826E-03    0.6674989E+02    0.2742956E+01   -0.1224857E+03    0.1242330E+02    0.6560572E+02   -0.7982748E+00    0.7141400E-01    0.4918925E+00    0.1015488E+01   -0.3464715E+00   -0.1571856E+01    0.1985585E-03    0.6309145E-03   -0.1693021E-02   -0.5227995E-03   -0.9076464E-01
    0.2587052E-05    0.6926134E-04    0.1907021E-05   -0.1094518E-02   -0.2470405E-02   -0.1101716E-02   -0.3014338E-02   -0.5821247E+02   -0.7285811E+01    0.2829330E+01   -0.1683982E+01   -0.7982748E+00    0.6819385E+01    0.9168892E-01    0.2413369E+00   -0.2741488E-02   -0.9791686E-01   -0.1637810E+00    0.1020096E-03   -0.8019694E-03   -0.3708096E-03   -0.5971890E-03    0.1536031E+00
    0.3093077E-06    0.2548408E-05   -0.1041613E-05    0.6737472E-05    0.2594512E-04    0.1925710E-04    0.7416320E-04   -0.1021317E+01   -0.2368206E+00   -0.4421708E-01    0.3057784E-01    0.7141400E-01    0.9168892E-01    0.1212955E-01   -0.5597318E-02    0.4676734E-02    0.5579283E-02   -0.1570778E-01    0.1641538E-05   -0.2348211E-04    0.4180112E-05   -0.4137949E-05    0.2510514E-02
   -0.1224899E-05    0.1450668E-04   -0.1967725E-05   -0.7901755E-04   -0.1456794E-03   -0.1728525E-03    0.6546662E-04   -0.1205821E+01    0.1902031E+00   -0.1082086E+01   -0.1167832E+00    0.4918925E+00    0.2413369E+00   -0.5597318E-02    0.5751444E-01   -0.1625761E-02    0.4039445E-02   -0.3849465E-01    0.3648319E-05    0.5348092E-04   -0.3836150E-04   -0.5704206E-04    0.4839486E-02
   -0.2057473E-05    0.1046833E-04   -0.2029196E-05   -0.1330255E-03   -0.2362537E-03   -0.6838894E-04   -0.5404509E-04    0.5735076E+00    0.2982899E-01   -0.1726837E+01    0.1881754E+00    0.1015488E+01   -0.2741488E-02    0.4676734E-02   -0.1625761E-02    0.2530534E-01   -0.2913155E-02   -0.1928519E-01    0.2513385E-05   -0.7060729E-04   -0.4855861E-05    0.2507852E-04    0.5496282E-02
    0.5126960E-06   -0.1007822E-04   -0.1938630E-05    0.1974039E-04    0.5541530E-04    0.7699973E-04    0.2119070E-03    0.1538082E+00    0.9360006E+00    0.6178396E+00    0.1392959E+00   -0.3464715E+00   -0.9791686E-01    0.5579283E-02    0.4039445E-02   -0.2913155E-02    0.8027654E-01    0.1294527E-01   -0.1164862E-04   -0.1578932E-04    0.3291283E-04    0.7457093E-04    0.2823081E-02
   -0.5376307E-04    0.6364786E-04   -0.9028471E-05   -0.2843104E-02   -0.6909506E-02   -0.3161291E-02   -0.1868085E-02   -0.1403436E+02   -0.1201881E+02   -0.9743405E+01   -0.6920765E+00   -0.1571856E+01   -0.1637810E+00   -0.1570778E-01   -0.3849465E-01   -0.1928519E-01    0.1294527E-01    0.7738549E+01    0.5677617E-04    0.2544502E-04   -0.7019753E-03   -0.1981099E-03   -0.1182189E-01
   -0.1885520E-08   -0.4041805E-08    0.2960178E-08   -0.9292871E-07    0.1116992E-07   -0.1615026E-06   -0.2733876E-07    0.1675085E-02    0.1569738E-03   -0.3895912E-03   -0.2556976E-03    0.1985585E-03    0.1020096E-03    0.1641538E-05    0.3648319E-05    0.2513385E-05   -0.1164862E-04    0.5677617E-04    0.8674874E-06    0.2643390E-07    0.7854464E-07    0.1347947E-06   -0.1144284E-03
    0.4626688E-08    0.1472956E-06   -0.2633406E-07   -0.3074428E-06    0.1195088E-05    0.4521776E-06    0.4196235E-05    0.8741483E-04    0.1075587E-02   -0.2414470E-02   -0.1100879E-02    0.6309145E-03   -0.8019694E-03   -0.2348211E-04    0.5348092E-04   -0.7060729E-04   -0.1578932E-04    0.2544502E-04    0.2643390E-07    0.5308570E-05    0.8113335E-06    0.6609600E-06    0.2110829E-03
   -0.4979419E-07   -0.1683447E-06    0.2272822E-07   -0.8998810E-05   -0.1634353E-04   -0.6664367E-07    0.1972142E-05    0.1840205E-02    0.3746506E-02    0.6643850E-02   -0.7528434E-03   -0.1693021E-02   -0.3708096E-03    0.4180112E-05   -0.3836150E-04   -0.4855861E-05    0.3291283E-04   -0.7019753E-03    0.7854464E-07    0.8113335E-06    0.2230447E-04    0.6905464E-05    0.2766209E-03
   -0.2223408E-06   -0.3902102E-06    0.4171470E-07   -0.4203116E-05   -0.6130250E-05   -0.1456488E-05   -0.2615492E-05    0.1358095E-02    0.5353675E-02    0.4215675E-02   -0.2212686E-03   -0.5227995E-03   -0.5971890E-03   -0.4137949E-05   -0.5704206E-04    0.2507852E-04    0.7457093E-04   -0.1981099E-03    0.1347947E-06    0.6609600E-06    0.6905464E-05    0.1952851E-04    0.2772951E-03
    0.1815847E-05    0.4954434E-04   -0.9376648E-06   -0.1623762E-03    0.2699906E-03    0.4611455E-04   -0.4094558E-03    0.1046810E+02    0.4477300E-01    0.3624393E+00   -0.2498715E+00   -0.9076464E-01    0.1536031E+00    0.2510514E-02    0.4839486E-02    0.5496282E-02    0.2823081E-02   -0.1182189E-01   -0.1144284E-03    0.2110829E-03    0.2766209E-03    0.2772951E-03    0.2512523E+00
