# omegabh2 omegach2 theta tau logA ns nrun r acib217 acibsz143 asz143 aps100 aps143 aps143217 aps217 aksz kgal100 t1gal143 t1gal143217 t1gal217 calib_100T calib_217T
    0.7606316E-07   -0.2681153E-06    0.5990843E-07    0.1689437E-05    0.3044750E-05    0.6891998E-06   -0.1253213E-05    0.4841271E-05   -0.1215439E-03   -0.7114575E-04    0.2619530E-04   -0.6238117E-03   -0.4319322E-03   -0.2188122E-03   -0.2309573E-03   -0.1870937E-04    0.1063927E-02    0.7120561E-03    0.7240356E-03    0.6995526E-03   -0.6278622E-07    0.5372507E-08
   -0.2681153E-06    0.4952630E-05   -0.4951612E-06   -0.9970915E-05   -0.8751890E-05   -0.1165565E-04    0.5590377E-06   -0.2932654E-04    0.5950278E-03    0.2891276E-03   -0.1081481E-03    0.1581247E-03    0.9954033E-03    0.9865820E-04    0.5069141E-04    0.1837369E-03    0.2593040E-02    0.2175837E-02    0.2096400E-02    0.2128270E-02   -0.1035048E-06   -0.1287656E-07
    0.5990843E-07   -0.4951612E-06    0.2549372E-06    0.1731552E-05    0.2597995E-05    0.1482565E-05   -0.5516023E-06    0.4575099E-05   -0.3934498E-04   -0.5357654E-04    0.1870250E-04   -0.2527812E-03   -0.2335724E-03   -0.1098285E-03   -0.1802507E-03   -0.1778757E-04    0.4792613E-03    0.2184656E-03    0.2942549E-03    0.3242714E-03   -0.3951840E-07   -0.1139776E-07
    0.1689437E-05   -0.9970915E-05    0.1731552E-05    0.2320666E-03    0.4544233E-03    0.2990232E-04   -0.4961888E-04    0.7554416E-04   -0.3955833E-02   -0.1910812E-02   -0.1994243E-03    0.2797414E-02    0.8853121E-03    0.4059846E-02    0.4458194E-02   -0.4118642E-03   -0.9146607E-02   -0.1390421E-01   -0.1483668E-01   -0.1607777E-01   -0.2462338E-06    0.4481061E-06
    0.3044750E-05   -0.8751890E-05    0.2597995E-05    0.4544233E-03    0.9331691E-03    0.2912701E-04   -0.1150578E-03    0.9934585E-04   -0.1959320E-02   -0.1810763E-02   -0.1271366E-02    0.3151014E-01    0.1789908E-01    0.1680148E-01    0.1518965E-01   -0.1155313E-03   -0.3445838E-01   -0.7056740E-01   -0.7190598E-01   -0.7405175E-01   -0.3469859E-05    0.4688162E-06
    0.6891998E-06   -0.1165565E-04    0.1482565E-05    0.2990232E-04    0.2912701E-04    0.4506688E-04    0.7210027E-05    0.1070973E-03   -0.1518945E-01   -0.7272867E-02   -0.1548062E-02   -0.1341667E-01    0.4657161E-02    0.1662108E-01    0.1724655E-01   -0.3546897E-02   -0.5772352E-02   -0.6243858E-02   -0.7205773E-02   -0.6647003E-02    0.7736589E-06    0.5339988E-06
   -0.1253213E-05    0.5590377E-06   -0.5516023E-06   -0.4961888E-04   -0.1150578E-03    0.7210027E-05    0.8519043E-04   -0.2624068E-03   -0.1687501E-01   -0.7792157E-02   -0.1329249E-02   -0.1460259E-01    0.4365175E-02    0.1892252E-01    0.2096670E-01   -0.3707619E-02   -0.1255036E-01   -0.1158402E-01   -0.1442277E-01   -0.1549193E-01    0.1197979E-05    0.9287261E-06
    0.4841271E-05   -0.2932654E-04    0.4575099E-05    0.7554416E-04    0.9934585E-04    0.1070973E-03   -0.2624068E-03    0.3905317E-02    0.2274673E-01    0.1246332E-01   -0.8902480E-03   -0.1279464E-01   -0.1606440E-01   -0.4070232E-01   -0.4132692E-01    0.1041162E-02    0.5617509E-01    0.9342836E-01    0.9511830E-01    0.1011644E+00    0.2941749E-05   -0.1719888E-05
   -0.1215439E-03    0.5950278E-03   -0.3934498E-04   -0.3955833E-02   -0.1959320E-02   -0.1518945E-01   -0.1687501E-01    0.2274673E-01    0.7626601E+02    0.2987662E+02    0.1570574E+01    0.2392546E+02   -0.2264245E+02   -0.7528762E+02   -0.9169835E+02   -0.2383360E+01   -0.1204912E+02   -0.2407145E+02   -0.2886098E+02   -0.3295764E+02   -0.3583259E-03   -0.3728897E-02
   -0.7114575E-04    0.2891276E-03   -0.5357654E-04   -0.1910812E-02   -0.1810763E-02   -0.7272867E-02   -0.7792157E-02    0.1246332E-01    0.2987662E+02    0.2098212E+02    0.2618375E+01   -0.9859585E+01   -0.2422799E+02   -0.4936937E+02   -0.3065381E+02   -0.1155395E+01   -0.6885929E+01   -0.1326159E+02   -0.2086169E+02   -0.2247996E+02   -0.2618328E-03   -0.2808885E-03
    0.2619530E-04   -0.1081481E-03    0.1870250E-04   -0.1994243E-03   -0.1271366E-02   -0.1548062E-02   -0.1329249E-02   -0.8902480E-03    0.1570574E+01    0.2618375E+01    0.5424277E+01   -0.3569264E+02   -0.1621469E+02   -0.5883576E+01   -0.1694263E+01   -0.8528725E-01   -0.1141765E+01   -0.6003690E+00    0.2477086E+01    0.2718051E+01   -0.2938172E-03    0.1912662E-03
   -0.6238117E-03    0.1581247E-03   -0.2527812E-03    0.2797414E-02    0.3151014E-01   -0.1341667E-01   -0.1460259E-01   -0.1279464E-01    0.2392546E+02   -0.9859585E+01   -0.3569264E+02    0.7465244E+03    0.1728899E+03    0.6600970E+02    0.8829549E+01   -0.9949506E+01   -0.8836569E+02   -0.5396174E+02   -0.5617726E+02   -0.5304754E+02   -0.1875632E-02   -0.4308559E-02
   -0.4319322E-03    0.9954033E-03   -0.2335724E-03    0.8853121E-03    0.1789908E-01    0.4657161E-02    0.4365175E-02   -0.1606440E-01   -0.2264245E+02   -0.2422799E+02   -0.1621469E+02    0.1728899E+03    0.1243586E+03    0.1006928E+03    0.5936528E+02   -0.9999551E+01   -0.2664596E+02   -0.4237000E+02   -0.3377788E+02   -0.2937349E+02   -0.6063281E-03   -0.1150586E-02
   -0.2188122E-03    0.9865820E-04   -0.1098285E-03    0.4059846E-02    0.1680148E-01    0.1662108E-01    0.1892252E-01   -0.4070232E-01   -0.7528762E+02   -0.4936937E+02   -0.5883576E+01    0.6600970E+02    0.1006928E+03    0.1623414E+03    0.1211256E+03   -0.7790963E+01   -0.1532314E+02   -0.2099727E+02   -0.8321921E+01   -0.7177835E+01   -0.9642957E-03    0.1955271E-02
   -0.2309573E-03    0.5069141E-04   -0.1802507E-03    0.4458194E-02    0.1518965E-01    0.1724655E-01    0.2096670E-01   -0.4132692E-01   -0.9169835E+02   -0.3065381E+02   -0.1694263E+01    0.8829549E+01    0.5936528E+02    0.1211256E+03    0.1589826E+03   -0.7735628E+01   -0.1647957E+02   -0.2424666E+02   -0.3049431E+02   -0.3310962E+02   -0.1225713E-02    0.6457929E-02
   -0.1870937E-04    0.1837369E-03   -0.1778757E-04   -0.4118642E-03   -0.1155313E-03   -0.3546897E-02   -0.3707619E-02    0.1041162E-02   -0.2383360E+01   -0.1155395E+01   -0.8528725E-01   -0.9949506E+01   -0.9999551E+01   -0.7790963E+01   -0.7735628E+01    0.7914997E+01   -0.3254296E+01   -0.4274152E+01   -0.4944602E+01   -0.5556314E+01   -0.4501218E-04    0.2272424E-03
    0.1063927E-02    0.2593040E-02    0.4792613E-03   -0.9146607E-02   -0.3445838E-01   -0.5772352E-02   -0.1255036E-01    0.5617509E-01   -0.1204912E+02   -0.6885929E+01   -0.1141765E+01   -0.8836569E+02   -0.2664596E+02   -0.1532314E+02   -0.1647957E+02   -0.3254296E+01    0.2378563E+03    0.1536246E+03    0.1518089E+03    0.1504841E+03   -0.1358102E-01    0.3215510E-03
    0.7120561E-03    0.2175837E-02    0.2184656E-03   -0.1390421E-01   -0.7056740E-01   -0.6243858E-02   -0.1158402E-01    0.9342836E-01   -0.2407145E+02   -0.1326159E+02   -0.6003690E+00   -0.5396174E+02   -0.4237000E+02   -0.2099727E+02   -0.2424666E+02   -0.4274152E+01    0.1536246E+03    0.2736518E+03    0.2769537E+03    0.2765855E+03    0.8480669E-02    0.7473952E-03
    0.7240356E-03    0.2096400E-02    0.2942549E-03   -0.1483668E-01   -0.7190598E-01   -0.7205773E-02   -0.1442277E-01    0.9511830E-01   -0.2886098E+02   -0.2086169E+02    0.2477086E+01   -0.5617726E+02   -0.3377788E+02   -0.8321921E+01   -0.3049431E+02   -0.4944602E+01    0.1518089E+03    0.2769537E+03    0.3195152E+03    0.3451144E+03    0.8199541E-02   -0.4742458E-02
    0.6995526E-03    0.2128270E-02    0.3242714E-03   -0.1607777E-01   -0.7405175E-01   -0.6647003E-02   -0.1549193E-01    0.1011644E+00   -0.3295764E+02   -0.2247996E+02    0.2718051E+01   -0.5304754E+02   -0.2937349E+02   -0.7177835E+01   -0.3310962E+02   -0.5556314E+01    0.1504841E+03    0.2765855E+03    0.3451144E+03    0.3967517E+03    0.8067955E-02   -0.9667772E-02
   -0.6278622E-07   -0.1035048E-06   -0.3951840E-07   -0.2462338E-06   -0.3469859E-05    0.7736589E-06    0.1197979E-05    0.2941749E-05   -0.3583259E-03   -0.2618328E-03   -0.2938172E-03   -0.1875632E-02   -0.6063281E-03   -0.9642957E-03   -0.1225713E-02   -0.4501218E-04   -0.1358102E-01    0.8480669E-02    0.8199541E-02    0.8067955E-02    0.3037591E-05    0.4681381E-07
    0.5372507E-08   -0.1287656E-07   -0.1139776E-07    0.4481061E-06    0.4688162E-06    0.5339988E-06    0.9287261E-06   -0.1719888E-05   -0.3728897E-02   -0.2808885E-03    0.1912662E-03   -0.4308559E-02   -0.1150586E-02    0.1955271E-02    0.6457929E-02    0.2272424E-03    0.3215510E-03    0.7473952E-03   -0.4742458E-02   -0.9667772E-02    0.4681381E-07    0.1476122E-05
