# omegabh2 omegach2 theta tau mnu ns logA aps100 aps143 aps217 acib143 acib217 asz143 psr cibr ncib cal0 cal2 xi aksz bm_1_1 bm_1_2 bm_1_3 bm_1_4 bm_1_5 bm_2_1 bm_2_2 bm_2_3 bm_2_4 bm_2_5 bm_3_1 bm_3_2 bm_3_3 bm_3_4 bm_3_5 bm_4_1 bm_4_2 bm_4_3 bm_4_4 bm_4_5
    0.10631E-06   -0.58885E-06    0.13144E-06    0.10252E-05   -0.49148E-04    0.18572E-05    0.11014E-05   -0.23369E-02   -0.85675E-03   -0.93691E-04   -0.24399E-03   -0.34616E-03    0.58136E-04    0.99669E-06   -0.81442E-05   -0.18187E-05    0.20501E-08   -0.22400E-07    0.23997E-05   -0.84263E-04   -0.88648E-05   -0.14123E-04    0.42791E-05    0.24086E-06   -0.20537E-06    0.34303E-05   -0.29533E-07    0.46209E-05    0.13125E-05    0.68743E-05   -0.80466E-05   -0.80177E-05    0.58400E-06    0.52296E-05    0.75408E-06   -0.28732E-05   -0.20070E-05   -0.41358E-06   -0.88472E-05    0.45524E-05
   -0.58885E-06    0.83402E-05   -0.10829E-05   -0.10487E-04    0.30351E-03   -0.20332E-04   -0.25743E-05    0.72126E-02    0.48075E-02    0.19417E-02    0.60461E-03    0.11167E-02   -0.17768E-03   -0.10861E-05    0.26370E-04    0.78112E-05   -0.10010E-07    0.13332E-06   -0.83093E-05    0.19483E-03    0.12927E-03    0.30100E-04   -0.81994E-04    0.25855E-05   -0.46219E-05    0.13128E-04    0.22328E-04   -0.33444E-04   -0.30060E-04   -0.23781E-04    0.22861E-04    0.51004E-04   -0.34480E-05    0.49714E-05    0.85475E-06    0.29210E-04    0.31441E-05    0.34376E-04    0.37823E-04    0.11248E-04
    0.13144E-06   -0.10829E-05    0.49371E-06    0.15371E-05   -0.85035E-04    0.33515E-05    0.12752E-05   -0.13835E-02   -0.98200E-03   -0.32818E-03   -0.97582E-04   -0.21810E-03    0.18688E-04    0.43774E-06   -0.74935E-05   -0.42302E-06   -0.15579E-09   -0.25263E-07   -0.20266E-05   -0.65560E-04   -0.19303E-04   -0.51565E-05    0.10204E-04    0.10243E-04    0.46845E-06   -0.29217E-05    0.34679E-05    0.46898E-05    0.54770E-05    0.13556E-04   -0.14513E-04   -0.11405E-04   -0.57713E-05    0.16875E-04   -0.46254E-05   -0.11455E-04   -0.74855E-05    0.54562E-05   -0.11075E-04    0.98036E-05
    0.10252E-05   -0.10487E-04    0.15371E-05    0.16715E-03   -0.48600E-04    0.34635E-04    0.30913E-03   -0.28407E-01   -0.13727E-01   -0.50500E-03   -0.26143E-02   -0.44887E-02   -0.64494E-04    0.35533E-04   -0.22012E-03    0.19901E-04    0.48475E-07   -0.71774E-06   -0.12729E-04   -0.18894E-02   -0.31799E-03    0.10797E-04   -0.18677E-03   -0.13509E-03    0.25664E-03   -0.54448E-04    0.17036E-03    0.10847E-03    0.15499E-03   -0.37713E-05   -0.18607E-03   -0.16161E-03    0.13783E-03    0.47486E-04   -0.21980E-04   -0.20956E-03    0.43651E-04    0.17282E-03    0.49783E-05    0.61987E-04
   -0.49148E-04    0.30351E-03   -0.85035E-04   -0.48600E-04    0.84363E-01   -0.11729E-02    0.14360E-03    0.15589E+01    0.36145E+00   -0.74978E-01    0.17636E+00    0.21774E+00   -0.19210E-01   -0.13256E-02    0.69472E-02   -0.24861E-03   -0.24690E-05    0.14845E-04   -0.22469E-02    0.72136E-01    0.18472E-02    0.30728E-02   -0.18244E-02    0.18507E-02   -0.11491E-02   -0.26740E-02   -0.64184E-02    0.32776E-03   -0.58316E-02   -0.42972E-03    0.50013E-02    0.19188E-02    0.41214E-02   -0.20920E-02   -0.32213E-02    0.22506E-02   -0.19166E-02   -0.14790E-02   -0.11207E-02   -0.25210E-02
    0.18572E-05   -0.20332E-04    0.33515E-05    0.34635E-04   -0.11729E-02    0.73267E-04    0.26715E-04   -0.85127E-01   -0.99505E-02    0.94069E-02   -0.10741E-01   -0.11981E-01    0.36520E-04    0.62973E-04   -0.34379E-03   -0.10072E-04   -0.48018E-07   -0.41303E-06    0.54891E-04   -0.34925E-02   -0.41651E-04   -0.13549E-04    0.12555E-03   -0.98504E-05    0.92534E-04    0.23781E-03    0.65600E-05    0.41384E-04   -0.31739E-06    0.13119E-04   -0.14080E-03   -0.24169E-03   -0.15871E-04    0.37932E-04   -0.65455E-04    0.85007E-04    0.11351E-04   -0.72430E-04   -0.14895E-03   -0.10018E-03
    0.11014E-05   -0.25743E-05    0.12752E-05    0.30913E-03    0.14360E-03    0.26715E-04    0.61921E-03   -0.75056E-01   -0.95897E-02    0.14660E-01   -0.99040E-02   -0.11675E-01   -0.16209E-02    0.11366E-03   -0.59879E-03    0.10083E-03    0.17538E-06   -0.98073E-06   -0.30749E-05   -0.53639E-02    0.33630E-03    0.29090E-03   -0.59941E-03   -0.21886E-03    0.45100E-03    0.23801E-03    0.58941E-03    0.12415E-03    0.22257E-03   -0.13430E-03   -0.38076E-03   -0.18045E-03    0.20196E-03    0.12426E-03   -0.96321E-04   -0.18114E-03    0.22530E-03    0.57929E-03    0.15152E-03    0.17139E-03
   -0.23369E-02    0.72126E-02   -0.13835E-02   -0.28407E-01    0.15589E+01   -0.85127E-01   -0.75056E-01    0.27462E+04    0.47237E+02   -0.15457E+03    0.12363E+03    0.11011E+03   -0.73611E+02   -0.10991E+01    0.23305E+00    0.12758E+01    0.74623E-03   -0.14016E-02   -0.28395E+00   -0.17363E+02    0.99344E+01   -0.10708E+02    0.73895E+00   -0.54012E+00    0.15694E+00   -0.37112E+00   -0.54743E+01   -0.99374E+00    0.82252E+00   -0.13599E+01    0.14329E+01    0.49880E+00   -0.89979E-01   -0.70556E+00   -0.38667E+01    0.11854E+01   -0.11590E+01   -0.32696E+01    0.66065E+00    0.31037E+01
   -0.85675E-03    0.48075E-02   -0.98200E-03   -0.13727E-01    0.36145E+00   -0.99505E-02   -0.95897E-02    0.47237E+02    0.19568E+03    0.61210E+02   -0.36858E+02   -0.12123E+02   -0.85537E+01   -0.23850E+00   -0.50008E-02   -0.19848E+00    0.68200E-05    0.37779E-02    0.12033E+01   -0.12872E+02    0.15849E+01    0.50948E+00    0.17454E+00    0.28872E+00   -0.32010E+00   -0.18134E+01   -0.89026E+00   -0.23775E+00   -0.44565E+00   -0.55033E+00    0.13320E+01    0.17198E+00    0.34016E+00   -0.24512E+00   -0.38866E+00   -0.33195E+00   -0.57273E+00   -0.37184E+00    0.32192E+00   -0.30603E+00
   -0.93691E-04    0.19417E-02   -0.32818E-03   -0.50500E-03   -0.74978E-01    0.94069E-02    0.14660E-01   -0.15457E+03    0.61210E+02    0.20642E+03   -0.34201E+02   -0.71832E+02    0.37076E+01   -0.50873E-01   -0.83107E+00   -0.10104E+01   -0.20387E-04   -0.39758E-02    0.19296E+00   -0.10646E+02    0.16660E+01    0.11566E+01   -0.23721E+00    0.10490E+00   -0.19859E+00    0.12289E+01    0.38635E+00   -0.28022E+00   -0.30880E+00    0.16452E+00   -0.12366E+01    0.68744E+00   -0.50381E+00    0.48353E+00    0.40453E+00    0.13120E+00    0.19118E+00    0.26727E+00    0.14849E+00   -0.43236E+00
   -0.24399E-03    0.60461E-03   -0.97582E-04   -0.26143E-02    0.17636E+00   -0.10741E-01   -0.99040E-02    0.12363E+03   -0.36858E+02   -0.34201E+02    0.27355E+02    0.18447E+02   -0.24071E+01    0.89956E-02    0.16472E+00    0.21669E+00   -0.52548E-04   -0.11449E-02    0.30526E-01   -0.69456E+00   -0.11177E+01   -0.61730E+00   -0.64322E-01   -0.12042E+00    0.77773E-01    0.76152E+00    0.18589E+00    0.45350E-01    0.23942E+00    0.17301E+00   -0.39827E+00   -0.38899E-01   -0.10636E+00    0.27707E-01    0.27357E-01    0.27108E+00    0.18858E+00    0.36417E-01   -0.89734E-01    0.31587E+00
   -0.34616E-03    0.11167E-02   -0.21810E-03   -0.44887E-02    0.21774E+00   -0.11981E-01   -0.11675E-01    0.11011E+03   -0.12123E+02   -0.71832E+02    0.18447E+02    0.34528E+02   -0.23397E+01    0.69143E-01    0.35192E+00    0.52048E+00    0.11431E-04    0.16629E-02   -0.13718E+00   -0.12061E+01   -0.65875E+00   -0.55751E+00    0.61916E-01   -0.95382E-01    0.50980E-01   -0.44250E+00   -0.10737E+00    0.55649E-01    0.27762E+00   -0.17693E+00    0.48360E+00   -0.40532E+00    0.14165E+00   -0.31395E+00   -0.27549E+00   -0.32260E-01   -0.64656E-01   -0.83177E-01    0.46803E-01    0.32552E+00
    0.58136E-04   -0.17768E-03    0.18688E-04   -0.64494E-04   -0.19210E-01    0.36520E-04   -0.16209E-02   -0.73611E+02   -0.85537E+01    0.37076E+01   -0.24071E+01   -0.23397E+01    0.79250E+01    0.48474E-01    0.25445E+00   -0.13878E+00    0.21150E-04   -0.64282E-04   -0.23132E-01   -0.61977E-01    0.19815E+00    0.12173E+00    0.75070E-02   -0.20211E-01   -0.97940E-02   -0.47789E-01    0.74404E-01   -0.72366E-02   -0.32504E-01    0.32800E-01   -0.65732E-01    0.30762E-01    0.72775E-02   -0.68291E-02    0.53779E-01   -0.76961E-01   -0.19677E-01    0.51246E-01   -0.18916E-01   -0.92615E-02
    0.99669E-06   -0.10861E-05    0.43774E-06    0.35533E-04   -0.13256E-02    0.62973E-04    0.11366E-03   -0.10991E+01   -0.23850E+00   -0.50873E-01    0.89956E-02    0.69143E-01    0.48474E-01    0.77843E-02   -0.68154E-02    0.77945E-02    0.14286E-05   -0.25339E-04    0.38401E-02   -0.16272E-01    0.98081E-02    0.51453E-02   -0.28734E-03   -0.16343E-02   -0.86026E-03    0.64191E-02    0.42488E-03   -0.37291E-03    0.89782E-03   -0.14357E-03   -0.10594E-01   -0.10681E-02   -0.15359E-02   -0.23944E-02   -0.93742E-03   -0.19561E-02   -0.11571E-04   -0.37515E-02   -0.38609E-02    0.19310E-03
   -0.81442E-05    0.26370E-04   -0.74935E-05   -0.22012E-03    0.69472E-02   -0.34379E-03   -0.59879E-03    0.23305E+00   -0.50008E-02   -0.83107E+00    0.16472E+00    0.35192E+00    0.25445E+00   -0.68154E-02    0.45062E-01   -0.13234E-01   -0.29299E-05    0.91529E-04    0.15485E-02   -0.30736E-01   -0.15417E-01   -0.73660E-02    0.59103E-02    0.33600E-02    0.18310E-02   -0.24941E-01   -0.44395E-02    0.39659E-02   -0.40935E-02   -0.49471E-02    0.32456E-01    0.15934E-02    0.61944E-02    0.66640E-04   -0.73598E-03    0.19096E-02    0.92386E-03    0.17751E-02    0.33977E-02   -0.52685E-02
   -0.18187E-05    0.78112E-05   -0.42302E-06    0.19901E-04   -0.24861E-03   -0.10072E-04    0.10083E-03    0.12758E+01   -0.19848E+00   -0.10104E+01    0.21669E+00    0.52048E+00   -0.13878E+00    0.77945E-02   -0.13234E-01    0.21575E-01    0.19642E-05   -0.21805E-04   -0.15834E-02   -0.87880E-02    0.70431E-02   -0.89203E-02   -0.20289E-02   -0.43860E-02   -0.85938E-03    0.47884E-02    0.42647E-02   -0.49946E-02    0.12330E-01   -0.10053E-01   -0.12045E-01   -0.18273E-01    0.48350E-03   -0.13994E-01   -0.11433E-01   -0.49512E-02   -0.13233E-02   -0.13153E-02    0.57906E-02    0.14172E-01
    0.20501E-08   -0.10010E-07   -0.15579E-09    0.48475E-07   -0.24690E-05   -0.48018E-07    0.17538E-06    0.74623E-03    0.68200E-05   -0.20387E-04   -0.52548E-04    0.11431E-04    0.21150E-04    0.14286E-05   -0.29299E-05    0.19642E-05    0.16086E-06    0.47876E-08    0.80685E-06   -0.21137E-05   -0.26235E-04   -0.66992E-05   -0.89405E-05    0.62750E-06    0.18161E-05    0.68955E-05    0.42569E-05   -0.17079E-06    0.99330E-05    0.19885E-05    0.63492E-05   -0.45686E-05   -0.24990E-05    0.36989E-05    0.37234E-05    0.86219E-05    0.32681E-05    0.16689E-05    0.19332E-05    0.58272E-05
   -0.22400E-07    0.13332E-06   -0.25263E-07   -0.71774E-06    0.14845E-04   -0.41303E-06   -0.98073E-06   -0.14016E-02    0.37779E-02   -0.39758E-02   -0.11449E-02    0.16629E-02   -0.64282E-04   -0.25339E-04    0.91529E-04   -0.21805E-04    0.47876E-08    0.16786E-05    0.56652E-05   -0.80950E-04    0.79149E-04    0.49183E-04    0.37705E-05   -0.11572E-04   -0.75675E-05    0.20231E-03    0.26410E-05    0.26066E-04   -0.54360E-05    0.25580E-04   -0.21069E-03   -0.14912E-04   -0.31786E-04    0.20424E-04   -0.25316E-04    0.61824E-05    0.36535E-04   -0.17309E-04   -0.64068E-04    0.20383E-04
    0.23997E-05   -0.83093E-05   -0.20266E-05   -0.12729E-04   -0.22469E-02    0.54891E-04   -0.30749E-05   -0.28395E+00    0.12033E+01    0.19296E+00    0.30526E-01   -0.13718E+00   -0.23132E-01    0.38401E-02    0.15485E-02   -0.15834E-02    0.80685E-06    0.56652E-05    0.82878E-01    0.22479E-01    0.87141E-02   -0.68829E-03    0.22245E-02   -0.43253E-02    0.14828E-02   -0.11064E-02   -0.15499E-02    0.29970E-02    0.57025E-02    0.31727E-02   -0.17780E-02    0.16615E-02    0.50157E-03   -0.11667E-02   -0.36827E-02   -0.22757E-02    0.20662E-03   -0.53592E-03   -0.18364E-02    0.36101E-02
   -0.84263E-04    0.19483E-03   -0.65560E-04   -0.18894E-02    0.72136E-01   -0.34925E-02   -0.53639E-02   -0.17363E+02   -0.12872E+02   -0.10646E+02   -0.69456E+00   -0.12061E+01   -0.61977E-01   -0.16272E-01   -0.30736E-01   -0.87880E-02   -0.21137E-05   -0.80950E-04    0.22479E-01    0.81612E+01   -0.26918E-01    0.12225E-02    0.23473E-01    0.81100E-02    0.55569E-02    0.34537E-01   -0.33432E-01    0.80340E-02    0.28842E-01    0.11430E-01   -0.17511E-01    0.18587E-02   -0.15024E-01   -0.25739E-01    0.33820E-01    0.11839E-01    0.15452E-01   -0.37055E-01    0.26303E-02    0.13949E-01
   -0.88648E-05    0.12927E-03   -0.19303E-04   -0.31799E-03    0.18472E-02   -0.41651E-04    0.33630E-03    0.99344E+01    0.15849E+01    0.16660E+01   -0.11177E+01   -0.65875E+00    0.19815E+00    0.98081E-02   -0.15417E-01    0.70431E-02   -0.26235E-04    0.79149E-04    0.87141E-02   -0.26918E-01    0.72132E+00   -0.12224E+00    0.66021E-02    0.10050E-01   -0.29570E-02    0.16557E+00   -0.54614E-01   -0.47262E-01   -0.96053E-02   -0.88302E-01    0.31074E-01    0.33623E-01   -0.30892E-01   -0.53469E-01   -0.12654E+00    0.14991E+00    0.36826E-01   -0.26126E-01    0.45634E-01    0.67094E-01
   -0.14123E-04    0.30100E-04   -0.51565E-05    0.10797E-04    0.30728E-02   -0.13549E-04    0.29090E-03   -0.10708E+02    0.50948E+00    0.11566E+01   -0.61730E+00   -0.55751E+00    0.12173E+00    0.51453E-02   -0.73660E-02   -0.89203E-02   -0.66992E-05    0.49183E-04   -0.68829E-03    0.12225E-02   -0.12224E+00    0.94236E+00   -0.81538E-02    0.15031E-01    0.63490E-02   -0.13664E+00    0.19878E+00    0.64589E-01   -0.22420E-01    0.59725E-01   -0.13500E+00    0.24808E-01    0.30254E-01    0.29069E-02    0.16833E+00   -0.22267E+00    0.35827E-01    0.12044E+00    0.54404E-02   -0.21118E+00
    0.42791E-05   -0.81994E-04    0.10204E-04   -0.18677E-03   -0.18244E-02    0.12555E-03   -0.59941E-03    0.73895E+00    0.17454E+00   -0.23721E+00   -0.64322E-01    0.61916E-01    0.75070E-02   -0.28734E-03    0.59103E-02   -0.20289E-02   -0.89405E-05    0.37705E-05    0.22245E-02    0.23473E-01    0.66021E-02   -0.81538E-02    0.10071E+01    0.13044E-01    0.12747E-01   -0.41878E-01   -0.31892E-01    0.16486E+00   -0.20123E-01    0.67420E-01   -0.60434E-02    0.33884E-01   -0.20586E-01   -0.16600E-01    0.97492E-01   -0.52750E-01    0.35773E-01    0.68584E-02   -0.18052E+00    0.84545E-01
    0.24086E-06    0.25855E-05    0.10243E-04   -0.13509E-03    0.18507E-02   -0.98504E-05   -0.21886E-03   -0.54012E+00    0.28872E+00    0.10490E+00   -0.12042E+00   -0.95382E-01   -0.20211E-01   -0.16343E-02    0.33600E-02   -0.43860E-02    0.62750E-06   -0.11572E-04   -0.43253E-02    0.81100E-02    0.10050E-01    0.15031E-01    0.13044E-01    0.99339E+00   -0.60898E-02    0.57336E-01   -0.75000E-01    0.74023E-01   -0.10058E+00    0.30737E-01    0.75766E-01    0.11363E+00    0.44937E-01    0.15134E+00   -0.99515E-01    0.87579E-01    0.55866E-01    0.11056E-02   -0.10430E+00    0.41186E-01
   -0.20537E-06   -0.46219E-05    0.46845E-06    0.25664E-03   -0.11491E-02    0.92534E-04    0.45100E-03    0.15694E+00   -0.32010E+00   -0.19859E+00    0.77773E-01    0.50980E-01   -0.97940E-02   -0.86026E-03    0.18310E-02   -0.85938E-03    0.18161E-05   -0.75675E-05    0.14828E-02    0.55569E-02   -0.29570E-02    0.63490E-02    0.12747E-01   -0.60898E-02    0.98958E+00    0.31277E-01    0.56483E-01   -0.27248E-01    0.37953E-01    0.63928E-01    0.68141E-01   -0.79309E-01   -0.70090E-01    0.66339E-01    0.36017E-01    0.85675E-01   -0.58116E-01    0.99224E-01   -0.23457E-01   -0.84383E-02
    0.34303E-05    0.13128E-04   -0.29217E-05   -0.54448E-04   -0.26740E-02    0.23781E-03    0.23801E-03   -0.37112E+00   -0.18134E+01    0.12289E+01    0.76152E+00   -0.44250E+00   -0.47789E-01    0.64191E-02   -0.24941E-01    0.47884E-02    0.68955E-05    0.20231E-03   -0.11064E-02    0.34537E-01    0.16557E+00   -0.13664E+00   -0.41878E-01    0.57336E-01    0.31277E-01    0.86568E+00   -0.83806E-02   -0.33058E-03   -0.14904E-01   -0.43861E-02    0.17334E-01    0.12843E+00   -0.10058E+00    0.43364E-01   -0.52645E-01    0.64903E+00    0.24749E+00   -0.46467E-01   -0.54517E-01    0.98882E-01
   -0.29533E-07    0.22328E-04    0.34679E-05    0.17036E-03   -0.64184E-02    0.65600E-05    0.58941E-03   -0.54743E+01   -0.89026E+00    0.38635E+00    0.18589E+00   -0.10737E+00    0.74404E-01    0.42488E-03   -0.44395E-02    0.42647E-02    0.42569E-05    0.26410E-05   -0.15499E-02   -0.33432E-01   -0.54614E-01    0.19878E+00   -0.31892E-01   -0.75000E-01    0.56483E-01   -0.83806E-02    0.99805E+00    0.33131E-01    0.91930E-02    0.13230E-02    0.46405E-01    0.45634E-03   -0.52327E-01   -0.15779E-01    0.14123E+00   -0.88216E-01    0.28236E+00    0.77703E+00    0.28538E+00   -0.17562E+00
    0.46209E-05   -0.33444E-04    0.46898E-05    0.10847E-03    0.32776E-03    0.41384E-04    0.12415E-03   -0.99374E+00   -0.23775E+00   -0.28022E+00    0.45350E-01    0.55649E-01   -0.72366E-02   -0.37291E-03    0.39659E-02   -0.49946E-02   -0.17079E-06    0.26066E-04    0.29970E-02    0.80340E-02   -0.47262E-01    0.64589E-01    0.16486E+00    0.74023E-01   -0.27248E-01   -0.33058E-03    0.33131E-01    0.10238E+01   -0.25210E-02   -0.13897E-01    0.76829E-01   -0.49459E-01    0.12331E+00    0.16173E+00   -0.15014E+00   -0.20642E+00    0.66262E+00    0.16372E+00   -0.62137E+00    0.18619E+00
    0.13125E-05   -0.30060E-04    0.54770E-05    0.15499E-03   -0.58316E-02   -0.31739E-06    0.22257E-03    0.82252E+00   -0.44565E+00   -0.30880E+00    0.23942E+00    0.27762E+00   -0.32504E-01    0.89782E-03   -0.40935E-02    0.12330E-01    0.99330E-05   -0.54360E-05    0.57025E-02    0.28842E-01   -0.96053E-02   -0.22420E-01   -0.20123E-01   -0.10058E+00    0.37953E-01   -0.14904E-01    0.91930E-02   -0.25210E-02    0.98037E+00    0.19298E-02   -0.11647E-01   -0.91022E-01   -0.14585E+00   -0.36060E-01   -0.81384E-01   -0.72409E-01    0.81428E-01   -0.41919E-01    0.30745E+00    0.65488E+00
    0.68743E-05   -0.23781E-04    0.13556E-04   -0.37713E-05   -0.42972E-03    0.13119E-04   -0.13430E-03   -0.13599E+01   -0.55033E+00    0.16452E+00    0.17301E+00   -0.17693E+00    0.32800E-01   -0.14357E-03   -0.49471E-02   -0.10053E-01    0.19885E-05    0.25580E-04    0.31727E-02    0.11430E-01   -0.88302E-01    0.59725E-01    0.67420E-01    0.30737E-01    0.63928E-01   -0.43861E-02    0.13230E-02   -0.13897E-01    0.19298E-02    0.10133E+01   -0.96933E-01    0.90837E-01    0.19345E-01    0.16292E+00    0.18533E-01    0.10340E+00   -0.57656E+00    0.38473E+00   -0.34706E+00    0.22637E+00
   -0.80466E-05    0.22861E-04   -0.14513E-04   -0.18607E-03    0.50013E-02   -0.14080E-03   -0.38076E-03    0.14329E+01    0.13320E+01   -0.12366E+01   -0.39827E+00    0.48360E+00   -0.65732E-01   -0.10594E-01    0.32456E-01   -0.12045E-01    0.63492E-05   -0.21069E-03   -0.17780E-02   -0.17511E-01    0.31074E-01   -0.13500E+00   -0.60434E-02    0.75766E-01    0.68141E-01    0.17334E-01    0.46405E-01    0.76829E-01   -0.11647E-01   -0.96933E-01    0.92704E+00   -0.70375E-03   -0.22931E-01   -0.14679E-02   -0.15069E-01    0.59524E+00    0.18622E+00    0.11339E+00    0.69701E-01   -0.77085E-01
   -0.80177E-05    0.51004E-04   -0.11405E-04   -0.16161E-03    0.19188E-02   -0.24169E-03   -0.18045E-03    0.49880E+00    0.17198E+00    0.68744E+00   -0.38899E-01   -0.40532E+00    0.30762E-01   -0.10681E-02    0.15934E-02   -0.18273E-01   -0.45686E-05   -0.14912E-04    0.16615E-02    0.18587E-02    0.33623E-01    0.24808E-01    0.33884E-01    0.11363E+00   -0.79309E-01    0.12843E+00    0.45634E-03   -0.49459E-01   -0.91022E-01    0.90837E-01   -0.70375E-03    0.10035E+01   -0.12088E-01   -0.17837E-01    0.48524E-02    0.10207E+00    0.16261E+00   -0.70811E-02    0.14713E+00    0.15972E+00
    0.58400E-06   -0.34480E-05   -0.57713E-05    0.13783E-03    0.41214E-02   -0.15871E-04    0.20196E-03   -0.89979E-01    0.34016E+00   -0.50381E+00   -0.10636E+00    0.14165E+00    0.72775E-02   -0.15359E-02    0.61944E-02    0.48350E-03   -0.24990E-05   -0.31786E-04    0.50157E-03   -0.15024E-01   -0.30892E-01    0.30254E-01   -0.20586E-01    0.44937E-01   -0.70090E-01   -0.10058E+00   -0.52327E-01    0.12331E+00   -0.14585E+00    0.19345E-01   -0.22931E-01   -0.12088E-01    0.10025E+01   -0.25073E-02    0.10088E-01   -0.12750E+00    0.40403E-01    0.15321E+00    0.42992E-01   -0.70079E-01
    0.52296E-05    0.49714E-05    0.16875E-04    0.47486E-04   -0.20920E-02    0.37932E-04    0.12426E-03   -0.70556E+00   -0.24512E+00    0.48353E+00    0.27707E-01   -0.31395E+00   -0.68291E-02   -0.23944E-02    0.66640E-04   -0.13994E-01    0.36989E-05    0.20424E-04   -0.11667E-02   -0.25739E-01   -0.53469E-01    0.29069E-02   -0.16600E-01    0.15134E+00    0.66339E-01    0.43364E-01   -0.15779E-01    0.16173E+00   -0.36060E-01    0.16292E+00   -0.14679E-02   -0.17837E-01   -0.25073E-02    0.98361E+00    0.18724E-02    0.13688E-01    0.35923E-01    0.13167E+00   -0.28137E+00    0.12266E+00
    0.75408E-06    0.85475E-06   -0.46254E-05   -0.21980E-04   -0.32213E-02   -0.65455E-04   -0.96321E-04   -0.38667E+01   -0.38866E+00    0.40453E+00    0.27357E-01   -0.27549E+00    0.53779E-01   -0.93742E-03   -0.73598E-03   -0.11433E-01    0.37234E-05   -0.25316E-04   -0.36827E-02    0.33820E-01   -0.12654E+00    0.16833E+00    0.97492E-01   -0.99515E-01    0.36017E-01   -0.52645E-01    0.14123E+00   -0.15014E+00   -0.81384E-01    0.18533E-01   -0.15069E-01    0.48524E-02    0.10088E-01    0.18724E-02    0.99699E+00   -0.36718E-01   -0.54254E-01    0.18745E-01    0.18940E+00   -0.91710E-01
   -0.28732E-05    0.29210E-04   -0.11455E-04   -0.20956E-03    0.22506E-02    0.85007E-04   -0.18114E-03    0.11854E+01   -0.33195E+00    0.13120E+00    0.27108E+00   -0.32260E-01   -0.76961E-01   -0.19561E-02    0.19096E-02   -0.49512E-02    0.86219E-05    0.61824E-05   -0.22757E-02    0.11839E-01    0.14991E+00   -0.22267E+00   -0.52750E-01    0.87579E-01    0.85675E-01    0.64903E+00   -0.88216E-01   -0.20642E+00   -0.72409E-01    0.10340E+00    0.59524E+00    0.10207E+00   -0.12750E+00    0.13688E-01   -0.36718E-01    0.96833E+00   -0.17185E-01   -0.18849E-02    0.13651E-01   -0.90756E-03
   -0.20070E-05    0.31441E-05   -0.74855E-05    0.43651E-04   -0.19166E-02    0.11351E-04    0.22530E-03   -0.11590E+01   -0.57273E+00    0.19118E+00    0.18858E+00   -0.64656E-01   -0.19677E-01   -0.11571E-04    0.92386E-03   -0.13233E-02    0.32681E-05    0.36535E-04    0.20662E-03    0.15452E-01    0.36826E-01    0.35827E-01    0.35773E-01    0.55866E-01   -0.58116E-01    0.24749E+00    0.28236E+00    0.66262E+00    0.81428E-01   -0.57656E+00    0.18622E+00    0.16261E+00    0.40403E-01    0.35923E-01   -0.54254E-01   -0.17185E-01    0.10290E+01    0.22530E-01    0.10210E-01    0.95118E-02
   -0.41358E-06    0.34376E-04    0.54562E-05    0.17282E-03   -0.14790E-02   -0.72430E-04    0.57929E-03   -0.32696E+01   -0.37184E+00    0.26727E+00    0.36417E-01   -0.83177E-01    0.51246E-01   -0.37515E-02    0.17751E-02   -0.13153E-02    0.16689E-05   -0.17309E-04   -0.53592E-03   -0.37055E-01   -0.26126E-01    0.12044E+00    0.68584E-02    0.11056E-02    0.99224E-01   -0.46467E-01    0.77703E+00    0.16372E+00   -0.41919E-01    0.38473E+00    0.11339E+00   -0.70811E-02    0.15321E+00    0.13167E+00    0.18745E-01   -0.18849E-02    0.22530E-01    0.99182E+00   -0.20069E-01    0.13544E-01
   -0.88472E-05    0.37823E-04   -0.11075E-04    0.49783E-05   -0.11207E-02   -0.14895E-03    0.15152E-03    0.66065E+00    0.32192E+00    0.14849E+00   -0.89734E-01    0.46803E-01   -0.18916E-01   -0.38609E-02    0.33977E-02    0.57906E-02    0.19332E-05   -0.64068E-04   -0.18364E-02    0.26303E-02    0.45634E-01    0.54404E-02   -0.18052E+00   -0.10430E+00   -0.23457E-01   -0.54517E-01    0.28538E+00   -0.62137E+00    0.30745E+00   -0.34706E+00    0.69701E-01    0.14713E+00    0.42992E-01   -0.28137E+00    0.18940E+00    0.13651E-01    0.10210E-01   -0.20069E-01    0.99671E+00   -0.98154E-02
    0.45524E-05    0.11248E-04    0.98036E-05    0.61987E-04   -0.25210E-02   -0.10018E-03    0.17139E-03    0.31037E+01   -0.30603E+00   -0.43236E+00    0.31587E+00    0.32552E+00   -0.92615E-02    0.19310E-03   -0.52685E-02    0.14172E-01    0.58272E-05    0.20383E-04    0.36101E-02    0.13949E-01    0.67094E-01   -0.21118E+00    0.84545E-01    0.41186E-01   -0.84383E-02    0.98882E-01   -0.17562E+00    0.18619E+00    0.65488E+00    0.22637E+00   -0.77085E-01    0.15972E+00   -0.70079E-01    0.12266E+00   -0.91710E-01   -0.90756E-03    0.95118E-02    0.13544E-01   -0.98154E-02    0.96693E+00
