# omegabh2 omegach2 theta tau yhe logA ns acib217 acibsz143 asz143 aps100 aps143 aps143217 aps217 aksz kgal100 t1gal143 t1gal143217 t1gal217 galfEE100 galfEE100143 galfEE100217 galfEE143 galfEE143217 galfEE217 galfTE100 galfTE100143 galfTE100217 galfTE143 galfTE143217 galfTE217 calib_100T calib_217T
    0.5018803E-07   -0.1592349E-06    0.1019755E-06    0.1168945E-05    0.2152807E-05    0.2386723E-05    0.1268788E-05    0.1552204E-03    0.5380809E-04    0.4060981E-05    0.6161967E-04   -0.9471914E-04   -0.2858233E-03   -0.3239990E-03    0.9345555E-05    0.8942916E-03    0.8846417E-03    0.9785199E-03    0.1009583E-02    0.2374910E-06    0.2228140E-06    0.2198714E-06    0.2209775E-06    0.1483391E-06    0.1826153E-06   -0.7281361E-06   -0.2038155E-05   -0.3304684E-05   -0.4264973E-05   -0.6393515E-05   -0.9631027E-05   -0.1409313E-07   -0.1480215E-07
   -0.1592349E-06    0.1648745E-05   -0.2335376E-06   -0.8387094E-05   -0.2896069E-05   -0.1347684E-04   -0.5266298E-05    0.3952827E-03    0.1079210E-03    0.4117690E-04   -0.7178105E-03    0.5976812E-03    0.6796332E-03    0.3044401E-03    0.6328566E-04   -0.9018502E-03   -0.1097935E-02   -0.1156176E-02   -0.1080726E-02   -0.1454210E-05   -0.1786754E-05   -0.1438046E-05   -0.1663838E-05   -0.1557337E-05   -0.9166732E-06    0.7028680E-05    0.7062394E-05    0.1557624E-04    0.1224020E-04    0.2279399E-04    0.3329143E-04   -0.2032814E-07   -0.2406709E-07
    0.1019755E-06   -0.2335376E-06    0.3678406E-06    0.2799651E-05    0.7246521E-05    0.6165427E-05    0.3579779E-05    0.1021899E-02    0.4878708E-03    0.8737623E-04   -0.8922651E-04   -0.4789050E-03   -0.1429049E-02   -0.1432920E-02    0.1272111E-03    0.2577278E-02    0.3275765E-02    0.3605780E-02    0.3779817E-02    0.5511038E-06    0.3809895E-06    0.2492124E-06    0.2806504E-06   -0.2965042E-07    0.2821294E-06    0.8059425E-06   -0.8476097E-06   -0.1777061E-05   -0.7020881E-05   -0.9812824E-05   -0.1377081E-04    0.2451062E-07   -0.6761615E-07
    0.1168945E-05   -0.8387094E-05    0.2799651E-05    0.1301691E-03    0.4643345E-04    0.2465465E-03    0.4714351E-04   -0.5382053E-02   -0.1066666E-02    0.3038439E-03   -0.1169431E-01   -0.4469699E-02   -0.1516316E-02    0.4016390E-02   -0.7075608E-03    0.9964091E-02    0.1712711E-01    0.1945389E-01    0.2098577E-01    0.1116790E-04    0.1205771E-04    0.8182340E-05    0.9759254E-05    0.7420976E-05    0.1324350E-04   -0.8153897E-04   -0.2306734E-04   -0.5493765E-04   -0.3001880E-04   -0.1100388E-03   -0.1406942E-03    0.7370673E-06    0.5292291E-07
    0.2152807E-05   -0.2896069E-05    0.7246521E-05    0.4643345E-04    0.1878713E-03    0.1128687E-03    0.8306972E-04    0.2849866E-01    0.1344340E-01    0.2002782E-02   -0.1229701E-02   -0.9400751E-02   -0.3506499E-01   -0.3582045E-01    0.3322067E-02    0.6621062E-01    0.8092047E-01    0.8577864E-01    0.8789215E-01    0.8961763E-05    0.6289417E-05    0.4197401E-05    0.5548773E-05   -0.1475044E-05    0.7523562E-06   -0.1589667E-05   -0.6554905E-04   -0.1182838E-03   -0.1424578E-03   -0.1795808E-03   -0.2341172E-03    0.4104202E-06   -0.1370508E-05
    0.2386723E-05   -0.1347684E-04    0.6165427E-05    0.2465465E-03    0.1128687E-03    0.4826908E-03    0.9347468E-04   -0.7148526E-02   -0.1086757E-02    0.4867084E-03   -0.1751260E-01   -0.2512335E-02    0.2231175E-03    0.9223382E-02   -0.1187581E-02    0.1674035E-01    0.2406647E-01    0.2919527E-01    0.3228252E-01    0.1831313E-04    0.1861948E-04    0.1031898E-04    0.1272135E-04    0.6974167E-05    0.2125303E-04   -0.1629262E-03   -0.4421577E-04   -0.1103200E-03   -0.4234318E-04   -0.1902152E-03   -0.2524345E-03    0.7080450E-06   -0.7861441E-07
    0.1268788E-05   -0.5266298E-05    0.3579779E-05    0.4714351E-04    0.8306972E-04    0.9347468E-04    0.5905489E-04    0.2485231E-02    0.8422127E-03   -0.6427891E-03   -0.6203316E-03    0.1935848E-02   -0.3084312E-02   -0.3671667E-02   -0.8644921E-03    0.2336585E-01    0.2849366E-01    0.2957056E-01    0.3049210E-01    0.1176273E-04    0.1090120E-04    0.1011468E-04    0.1022522E-04    0.8096680E-05    0.7723638E-05   -0.2274907E-04   -0.2400827E-04   -0.5357059E-04   -0.7368925E-04   -0.8646313E-04   -0.1062069E-03    0.4327905E-06   -0.2292141E-06
    0.1552204E-03    0.3952827E-03    0.1021899E-02   -0.5382053E-02    0.2849866E-01   -0.7148526E-02    0.2485231E-02    0.7907665E+02    0.3227084E+02    0.2863834E+01   -0.6146680E+01   -0.3315740E+02   -0.8442284E+02   -0.9699075E+02   -0.3644069E+01    0.3535805E+01   -0.6697542E+01   -0.1318399E+02   -0.1933394E+02   -0.1779223E-02   -0.2090890E-02   -0.5388223E-02   -0.3904028E-02   -0.3114619E-02    0.3387382E-02    0.1186518E-01    0.2273028E-01    0.7789226E-02    0.2518669E-01    0.4596322E-02   -0.7473560E-01   -0.7340311E-04   -0.3114028E-02
    0.5380809E-04    0.1079210E-03    0.4878708E-03   -0.1066666E-02    0.1344340E-01   -0.1086757E-02    0.8422127E-03    0.3227084E+02    0.2242718E+02    0.3795982E+01   -0.2666000E+02   -0.3102106E+02   -0.5506664E+02   -0.3504906E+02   -0.1522190E+01   -0.4944537E+00   -0.6715182E+01   -0.1302594E+02   -0.1423529E+02   -0.1502289E-02   -0.1548800E-02   -0.2230808E-02   -0.2229118E-02   -0.8148627E-03    0.6275953E-02    0.1985909E-01    0.3070153E-01    0.4011110E-01    0.9180137E-02    0.1438852E-01    0.4008096E-01   -0.1586789E-03   -0.3960662E-03
    0.4060981E-05    0.4117690E-04    0.8737623E-04    0.3038439E-03    0.2002782E-02    0.4867084E-03   -0.6427891E-03    0.2863834E+01    0.3795982E+01    0.6065932E+01   -0.4048891E+02   -0.1792045E+02   -0.7570004E+01   -0.1795063E+01   -0.5582926E+00   -0.2918102E+01   -0.3137828E+01    0.7840522E+00    0.1681528E+01   -0.9797946E-03   -0.6139550E-03    0.1514514E-03    0.5724274E-04    0.6523654E-03    0.1208923E-02    0.1056663E-01    0.1636810E-01    0.1393191E-01    0.1385356E-01    0.4732122E-02   -0.9787162E-02   -0.3206024E-03    0.7735983E-04
    0.6161967E-04   -0.7178105E-03   -0.8922651E-04   -0.1169431E-01   -0.1229701E-02   -0.1751260E-01   -0.6203316E-03   -0.6146680E+01   -0.2666000E+02   -0.4048891E+02    0.7371809E+03    0.1798328E+03    0.8860806E+02    0.2398935E+02   -0.1157573E+02   -0.3162333E+02    0.2639818E+02    0.1215373E+02    0.4499230E+01    0.1368580E-01    0.8373713E-02    0.6462393E-02   -0.5747371E-02   -0.4080314E-02   -0.1062435E-02   -0.1486383E+00   -0.1715361E+00   -0.3313883E+00   -0.1237354E+00   -0.2015274E+00   -0.9230951E-01    0.2996117E-03   -0.7575675E-03
   -0.9471914E-04    0.5976812E-03   -0.4789050E-03   -0.4469699E-02   -0.9400751E-02   -0.2512335E-02    0.1935848E-02   -0.3315740E+02   -0.3102106E+02   -0.1792045E+02    0.1798328E+03    0.1239569E+03    0.1063317E+03    0.5934489E+02   -0.9373396E+01   -0.4368558E+01   -0.2104709E+01    0.3200687E+01    0.4888236E+01    0.4162326E-02    0.1862680E-02   -0.5716148E-03   -0.1251356E-02   -0.6732168E-02   -0.1352905E-01   -0.1022434E+00   -0.7743777E-01   -0.1314770E+00   -0.2019510E-01   -0.4058845E-01   -0.6411225E-01    0.5933519E-03   -0.2385896E-03
   -0.2858233E-03    0.6796332E-03   -0.1429049E-02   -0.1516316E-02   -0.3506499E-01    0.2231175E-03   -0.3084312E-02   -0.8442284E+02   -0.5506664E+02   -0.7570004E+01    0.8860806E+02    0.1063317E+03    0.1712390E+03    0.1249256E+03   -0.6811543E+01   -0.1410950E+02   -0.3455535E+01    0.7630615E+01    0.7898974E+01    0.2704203E-02    0.2415094E-02    0.3806923E-02    0.3066490E-02   -0.2464479E-02   -0.1799952E-01   -0.9426455E-01   -0.7112624E-01   -0.1137265E+00    0.1158749E-02   -0.3036583E-01   -0.7635766E-01    0.1183917E-03    0.2351806E-02
   -0.3239990E-03    0.3044401E-03   -0.1432920E-02    0.4016390E-02   -0.3582045E-01    0.9223382E-02   -0.3671667E-02   -0.9699075E+02   -0.3504906E+02   -0.1795063E+01    0.2398935E+02    0.5934489E+02    0.1249256E+03    0.1562704E+03   -0.5768705E+01   -0.1772017E+02   -0.1164430E+02   -0.1396490E+02   -0.1379856E+02    0.1268794E-02    0.1046002E-02    0.3711921E-02    0.2678531E-02   -0.2577407E-03   -0.8373288E-02   -0.5182524E-01   -0.2227139E-02    0.8989033E-02    0.9490865E-02    0.2079648E-01    0.1419377E+00   -0.3188725E-03    0.5707333E-02
    0.9345555E-05    0.6328566E-04    0.1272111E-03   -0.7075608E-03    0.3322067E-02   -0.1187581E-02   -0.8644921E-03   -0.3644069E+01   -0.1522190E+01   -0.5582926E+00   -0.1157573E+02   -0.9373396E+01   -0.6811543E+01   -0.5768705E+01    0.7689629E+01   -0.8742071E+00   -0.3203684E+01   -0.4355268E+01   -0.4801999E+01   -0.1204024E-02   -0.5122905E-03    0.1013226E-03    0.1024299E-03    0.2039089E-03    0.3107868E-03    0.8541232E-02   -0.1137171E-01   -0.1156592E-02   -0.1101113E-01    0.3595922E-02    0.1205180E-01   -0.6527260E-04    0.2227761E-03
    0.8942916E-03   -0.9018502E-03    0.2577278E-02    0.9964091E-02    0.6621062E-01    0.1674035E-01    0.2336585E-01    0.3535805E+01   -0.4944537E+00   -0.2918102E+01   -0.3162333E+02   -0.4368558E+01   -0.1410950E+02   -0.1772017E+02   -0.8742071E+00    0.2005340E+03    0.1122468E+03    0.1117958E+03    0.1106923E+03    0.1910996E-02    0.2382644E-02   -0.2372505E-02    0.9455797E-02    0.5728619E-02   -0.2733751E-02    0.3835780E-01   -0.1132933E+00   -0.1337457E+00   -0.9177267E-01   -0.9046658E-01   -0.1589064E+00   -0.1301141E-01   -0.4898120E-03
    0.8846417E-03   -0.1097935E-02    0.3275765E-02    0.1712711E-01    0.8092047E-01    0.2406647E-01    0.2849366E-01   -0.6697542E+01   -0.6715182E+01   -0.3137828E+01    0.2639818E+02   -0.2104709E+01   -0.3455535E+01   -0.1164430E+02   -0.3203684E+01    0.1122468E+03    0.1778826E+03    0.1832255E+03    0.1855778E+03    0.8276584E-02    0.6107160E-02    0.6709396E-02    0.1010452E-01    0.6457744E-02    0.2082244E-02    0.7730228E-01   -0.7272977E-01   -0.8592198E-01   -0.1706845E+00   -0.2256350E+00   -0.2704322E+00    0.3211716E-02   -0.7306261E-03
    0.9785199E-03   -0.1156176E-02    0.3605780E-02    0.1945389E-01    0.8577864E-01    0.2919527E-01    0.2957056E-01   -0.1318399E+02   -0.1302594E+02    0.7840522E+00    0.1215373E+02    0.3200687E+01    0.7630615E+01   -0.1396490E+02   -0.4355268E+01    0.1117958E+03    0.1832255E+03    0.2258936E+03    0.2527319E+03    0.9891186E-02    0.5106026E-02    0.6371129E-02    0.8452147E-02    0.4676939E-02   -0.7927528E-03    0.9724436E-01   -0.4853908E-01   -0.4627751E-01   -0.1469300E+00   -0.2059854E+00   -0.2618282E+00    0.3054686E-02   -0.5422739E-02
    0.1009583E-02   -0.1080726E-02    0.3779817E-02    0.2098577E-01    0.8789215E-01    0.3228252E-01    0.3049210E-01   -0.1933394E+02   -0.1423529E+02    0.1681528E+01    0.4499230E+01    0.4888236E+01    0.7898974E+01   -0.1379856E+02   -0.4801999E+01    0.1106923E+03    0.1855778E+03    0.2527319E+03    0.3039302E+03    0.1114537E-01    0.3432774E-02    0.5273988E-02    0.5878054E-02    0.3023709E-02    0.6647021E-03    0.1125273E+00   -0.3327603E-01    0.7154913E-02   -0.1315664E+00   -0.1645541E+00   -0.1658217E+00    0.3350751E-02   -0.9652531E-02
    0.2374910E-06   -0.1454210E-05    0.5511038E-06    0.1116790E-04    0.8961763E-05    0.1831313E-04    0.1176273E-04   -0.1779223E-02   -0.1502289E-02   -0.9797946E-03    0.1368580E-01    0.4162326E-02    0.2704203E-02    0.1268794E-02   -0.1204024E-02    0.1910996E-02    0.8276584E-02    0.9891186E-02    0.1114537E-01    0.6916856E-04    0.2345702E-04    0.2557556E-04    0.9995287E-05    0.1049080E-04    0.1519198E-04   -0.8781253E-04   -0.5288891E-04   -0.4607519E-04   -0.7798925E-05   -0.1101624E-04   -0.1887869E-04    0.6117566E-06   -0.1970214E-06
    0.2228140E-06   -0.1786754E-05    0.3809895E-06    0.1205771E-04    0.6289417E-05    0.1861948E-04    0.1090120E-04   -0.2090890E-02   -0.1548800E-02   -0.6139550E-03    0.8373713E-02    0.1862680E-02    0.2415094E-02    0.1046002E-02   -0.5122905E-03    0.2382644E-02    0.6107160E-02    0.5106026E-02    0.3432774E-02    0.2345702E-04    0.3982500E-04    0.3410173E-04    0.2509671E-04    0.2553076E-04    0.2563182E-04   -0.3735539E-04   -0.5235300E-04   -0.5158971E-04   -0.5644488E-04   -0.5763692E-04   -0.6190075E-04    0.5595684E-06    0.4520992E-06
    0.2198714E-06   -0.1438046E-05    0.2492124E-06    0.8182340E-05    0.4197401E-05    0.1031898E-04    0.1011468E-04   -0.5388223E-02   -0.2230808E-02    0.1514514E-03    0.6462393E-02   -0.5716148E-03    0.3806923E-02    0.3711921E-02    0.1013226E-03   -0.2372505E-02    0.6709396E-02    0.6371129E-02    0.5273988E-02    0.2557556E-04    0.3410173E-04    0.1129753E-03    0.1935296E-04    0.5356974E-04    0.1030814E-03   -0.5473143E-04   -0.7729360E-04   -0.4608962E-04   -0.7025079E-04   -0.1253174E-03   -0.2583753E-03    0.1153944E-05    0.6489127E-06
    0.2209775E-06   -0.1663838E-05    0.2806504E-06    0.9759254E-05    0.5548773E-05    0.1272135E-04    0.1022522E-04   -0.3904028E-02   -0.2229118E-02    0.5724274E-04   -0.5747371E-02   -0.1251356E-02    0.3066490E-02    0.2678531E-02    0.1024299E-03    0.9455797E-02    0.1010452E-01    0.8452147E-02    0.5878054E-02    0.9995287E-05    0.2509671E-04    0.1935296E-04    0.7310974E-04    0.4351507E-04    0.3165814E-04   -0.8738978E-05   -0.5541690E-04   -0.2878635E-04   -0.8777598E-04   -0.3668854E-04    0.2173322E-04   -0.1451096E-06    0.6825133E-06
    0.1483391E-06   -0.1557337E-05   -0.2965042E-07    0.7420976E-05   -0.1475044E-05    0.6974167E-05    0.8096680E-05   -0.3114619E-02   -0.8148627E-03    0.6523654E-03   -0.4080314E-02   -0.6732168E-02   -0.2464479E-02   -0.2577407E-03    0.2039089E-03    0.5728619E-02    0.6457744E-02    0.4676939E-02    0.3023709E-02    0.1049080E-04    0.2553076E-04    0.5356974E-04    0.4351507E-04    0.1107219E-03    0.1381385E-03   -0.1576292E-04   -0.7260732E-04   -0.3315780E-04   -0.9378974E-04   -0.3510193E-04   -0.4951724E-04    0.6971610E-07    0.5732986E-06
    0.1826153E-06   -0.9166732E-06    0.2821294E-06    0.1324350E-04    0.7523562E-06    0.2125303E-04    0.7723638E-05    0.3387382E-02    0.6275953E-02    0.1208923E-02   -0.1062435E-02   -0.1352905E-01   -0.1799952E-01   -0.8373288E-02    0.3107868E-03   -0.2733751E-02    0.2082244E-02   -0.7927528E-03    0.6647021E-03    0.1519198E-04    0.2563182E-04    0.1030814E-03    0.3165814E-04    0.1381385E-03    0.5843174E-03   -0.7134907E-04   -0.9981672E-04    0.8707418E-05   -0.1693965E-03   -0.1875721E-03   -0.4097086E-04    0.3786224E-06   -0.5968110E-07
   -0.7281361E-06    0.7028680E-05    0.8059425E-06   -0.8153897E-04   -0.1589667E-05   -0.1629262E-03   -0.2274907E-04    0.1186518E-01    0.1985909E-01    0.1056663E-01   -0.1486383E+00   -0.1022434E+00   -0.9426455E-01   -0.5182524E-01    0.8541232E-02    0.3835780E-01    0.7730228E-01    0.9724436E-01    0.1125273E+00   -0.8781253E-04   -0.3735539E-04   -0.5473143E-04   -0.8738978E-05   -0.1576292E-04   -0.7134907E-04    0.1253695E-01    0.7813200E-02    0.9224161E-02    0.1693065E-02    0.2003958E-02    0.2268323E-02    0.1780333E-05   -0.3525223E-05
   -0.2038155E-05    0.7062394E-05   -0.8476097E-06   -0.2306734E-04   -0.6554905E-04   -0.4421577E-04   -0.2400827E-04    0.2273028E-01    0.3070153E-01    0.1636810E-01   -0.1715361E+00   -0.7743777E-01   -0.7112624E-01   -0.2227139E-02   -0.1137171E-01   -0.1132933E+00   -0.7272977E-01   -0.4853908E-01   -0.3327603E-01   -0.5288891E-04   -0.5235300E-04   -0.7729360E-04   -0.5541690E-04   -0.7260732E-04   -0.9981672E-04    0.7813200E-02    0.1156896E-01    0.1296134E-01    0.8033696E-02    0.7495499E-02    0.6495652E-02    0.6585535E-05   -0.2888804E-05
   -0.3304684E-05    0.1557624E-04   -0.1777061E-05   -0.5493765E-04   -0.1182838E-03   -0.1103200E-03   -0.5357059E-04    0.7789226E-02    0.4011110E-01    0.1393191E-01   -0.3313883E+00   -0.1314770E+00   -0.1137265E+00    0.8989033E-02   -0.1156592E-02   -0.1337457E+00   -0.8592198E-01   -0.4627751E-01    0.7154913E-02   -0.4607519E-04   -0.5158971E-04   -0.4608962E-04   -0.2878635E-04   -0.3315780E-04    0.8707418E-05    0.9224161E-02    0.1296134E-01    0.2578419E-01    0.3753212E-02    0.1038020E-01    0.2058146E-01    0.9459974E-05   -0.9381019E-05
   -0.4264973E-05    0.1224020E-04   -0.7020881E-05   -0.3001880E-04   -0.1424578E-03   -0.4234318E-04   -0.7368925E-04    0.2518669E-01    0.9180137E-02    0.1385356E-01   -0.1237354E+00   -0.2019510E-01    0.1158749E-02    0.9490865E-02   -0.1101113E-01   -0.9177267E-01   -0.1706845E+00   -0.1469300E+00   -0.1315664E+00   -0.7798925E-05   -0.5644488E-04   -0.7025079E-04   -0.8777598E-04   -0.9378974E-04   -0.1693965E-03    0.1693065E-02    0.8033696E-02    0.3753212E-02    0.2095189E-01    0.1825182E-01    0.1117676E-01   -0.6871594E-05   -0.5222143E-05
   -0.6393515E-05    0.2279399E-04   -0.9812824E-05   -0.1100388E-03   -0.1795808E-03   -0.1902152E-03   -0.8646313E-04    0.4596322E-02    0.1438852E-01    0.4732122E-02   -0.2015274E+00   -0.4058845E-01   -0.3036583E-01    0.2079648E-01    0.3595922E-02   -0.9046658E-01   -0.2256350E+00   -0.2059854E+00   -0.1645541E+00   -0.1101624E-04   -0.5763692E-04   -0.1253174E-03   -0.3668854E-04   -0.3510193E-04   -0.1875721E-03    0.2003958E-02    0.7495499E-02    0.1038020E-01    0.1825182E-01    0.2729000E-01    0.3733176E-01   -0.1064648E-04   -0.7727713E-05
   -0.9631027E-05    0.3329143E-04   -0.1377081E-04   -0.1406942E-03   -0.2341172E-03   -0.2524345E-03   -0.1062069E-03   -0.7473560E-01    0.4008096E-01   -0.9787162E-02   -0.9230951E-01   -0.6411225E-01   -0.7635766E-01    0.1419377E+00    0.1205180E-01   -0.1589064E+00   -0.2704322E+00   -0.2618282E+00   -0.1658217E+00   -0.1887869E-04   -0.6190075E-04   -0.2583753E-03    0.2173322E-04   -0.4951724E-04   -0.4097086E-04    0.2268323E-02    0.6495652E-02    0.2058146E-01    0.1117676E-01    0.3733176E-01    0.9624252E-01   -0.8811930E-05   -0.7541432E-05
   -0.1409313E-07   -0.2032814E-07    0.2451062E-07    0.7370673E-06    0.4104202E-06    0.7080450E-06    0.4327905E-06   -0.7340311E-04   -0.1586789E-03   -0.3206024E-03    0.2996117E-03    0.5933519E-03    0.1183917E-03   -0.3188725E-03   -0.6527260E-04   -0.1301141E-01    0.3211716E-02    0.3054686E-02    0.3350751E-02    0.6117566E-06    0.5595684E-06    0.1153944E-05   -0.1451096E-06    0.6971610E-07    0.3786224E-06    0.1780333E-05    0.6585535E-05    0.9459974E-05   -0.6871594E-05   -0.1064648E-04   -0.8811930E-05    0.2298231E-05   -0.6099254E-07
   -0.1480215E-07   -0.2406709E-07   -0.6761615E-07    0.5292291E-07   -0.1370508E-05   -0.7861441E-07   -0.2292141E-06   -0.3114028E-02   -0.3960662E-03    0.7735983E-04   -0.7575675E-03   -0.2385896E-03    0.2351806E-02    0.5707333E-02    0.2227761E-03   -0.4898120E-03   -0.7306261E-03   -0.5422739E-02   -0.9652531E-02   -0.1970214E-06    0.4520992E-06    0.6489127E-06    0.6825133E-06    0.5732986E-06   -0.5968110E-07   -0.3525223E-05   -0.2888804E-05   -0.9381019E-05   -0.5222143E-05   -0.7727713E-05   -0.7541432E-05   -0.6099254E-07    0.1221901E-05
