# omegabh2 omegach2 theta tau alpha1 ns logA aps100 aps143 aps217 acib143 acib217 asz143 psr cibr ncib cal0 cal2 xi aksz bm_1_1 bm_1_2 bm_1_3 bm_1_4 bm_1_5 bm_2_1 bm_2_2 bm_2_3 bm_2_4 bm_2_5 bm_3_1 bm_3_2 bm_3_3 bm_3_4 bm_3_5 bm_4_1 bm_4_2 bm_4_3 bm_4_4 bm_4_5
    0.12545E-06   -0.54706E-06    0.75984E-07    0.85558E-05   -0.66465E-06    0.18503E-05    0.16127E-04   -0.27627E-02   -0.11315E-02   -0.25197E-03   -0.25200E-03   -0.37874E-03    0.42779E-04    0.58098E-06   -0.10537E-04   -0.34090E-05   -0.22617E-08   -0.22459E-07    0.10135E-05   -0.13572E-03   -0.25588E-04   -0.13571E-04   -0.81018E-05    0.18184E-07   -0.29198E-05    0.69030E-05   -0.47266E-05    0.91659E-05   -0.19748E-05    0.17022E-06   -0.18395E-05   -0.33755E-05    0.86290E-06    0.10836E-04    0.10982E-04    0.22075E-05    0.48836E-05   -0.10424E-05   -0.51156E-05    0.48633E-05
   -0.54706E-06    0.78603E-05   -0.90632E-06   -0.59091E-04    0.62868E-06   -0.23343E-04   -0.98292E-04    0.15387E-01    0.56191E-02    0.13980E-02    0.11022E-02    0.18338E-02   -0.17415E-03   -0.58037E-06    0.53199E-04    0.18571E-04    0.47194E-07    0.23907E-06    0.31782E-05    0.46329E-03    0.27491E-03   -0.26464E-04    0.32057E-04   -0.29711E-04   -0.25354E-04    0.20381E-04    0.45941E-05   -0.34659E-04    0.53561E-05    0.27288E-04   -0.44311E-04    0.98071E-04    0.23782E-04   -0.40718E-04   -0.12299E-03   -0.48808E-05   -0.11589E-04    0.22121E-04    0.26440E-04    0.32141E-04
    0.75984E-07   -0.90632E-06    0.47681E-06    0.52066E-05    0.70719E-06    0.37101E-05    0.81896E-05   -0.16241E-02   -0.56825E-03   -0.14970E-03   -0.11328E-03   -0.22423E-03    0.32734E-04   -0.41322E-06   -0.44969E-05   -0.31761E-05   -0.98448E-08   -0.41457E-07    0.11758E-05   -0.69755E-04   -0.30852E-04    0.77687E-05   -0.42762E-05   -0.48181E-05   -0.20464E-05   -0.89645E-05    0.10318E-04   -0.15505E-04    0.70240E-05    0.14753E-04    0.81878E-05   -0.20338E-04   -0.10445E-04    0.30661E-05    0.78197E-05    0.41718E-05   -0.17766E-04    0.21005E-05    0.64118E-05   -0.29854E-05
    0.85558E-05   -0.59091E-04    0.52066E-05    0.16006E-02   -0.76129E-04    0.22846E-03    0.30636E-02   -0.32321E+00   -0.74055E-01    0.34996E-02   -0.34467E-01   -0.45289E-01   -0.69930E-04    0.29476E-04   -0.15353E-02   -0.23712E-03   -0.21087E-06   -0.27344E-05    0.16169E-03   -0.17732E-01   -0.23115E-02   -0.36736E-03   -0.10072E-02   -0.87982E-04   -0.14459E-02    0.25904E-03   -0.42820E-03    0.69536E-03   -0.79085E-03    0.22239E-03    0.45326E-03   -0.51368E-03    0.49575E-03    0.44165E-03    0.13628E-02    0.45287E-03    0.17797E-03    0.50577E-05   -0.62954E-03   -0.27780E-03
   -0.66465E-06    0.62868E-06    0.70719E-06   -0.76129E-04    0.17749E-04    0.35710E-05   -0.15604E-03    0.12575E-01    0.40086E-02    0.82009E-03    0.16845E-02    0.20101E-02   -0.99970E-04    0.31164E-06    0.46267E-04    0.17336E-04   -0.17345E-07   -0.75018E-08   -0.15599E-04    0.41775E-03   -0.86354E-04    0.90919E-04    0.96305E-04    0.31130E-04    0.10189E-03   -0.37690E-04    0.41080E-04   -0.80444E-05    0.81502E-04    0.70978E-04   -0.93422E-05   -0.48114E-05   -0.62093E-04    0.85843E-07   -0.91530E-04   -0.24467E-04   -0.35257E-04    0.38603E-04   -0.37515E-04    0.38975E-04
    0.18503E-05   -0.23343E-04    0.37101E-05    0.22846E-03    0.35710E-05    0.98162E-04    0.39435E-03   -0.11168E+00   -0.18188E-01    0.51437E-02   -0.10249E-01   -0.12770E-01    0.26086E-03    0.41857E-04   -0.45637E-03   -0.63475E-04   -0.23385E-06   -0.71273E-06    0.88231E-04   -0.51111E-02   -0.78138E-03    0.93759E-04   -0.21983E-03   -0.14090E-04   -0.47876E-04    0.20917E-03    0.44095E-04    0.24619E-03   -0.39609E-04    0.93641E-04    0.17905E-03   -0.29631E-03   -0.18137E-03    0.13545E-03    0.29384E-03    0.24129E-03    0.11834E-03    0.36327E-04   -0.23473E-03   -0.29284E-04
    0.16127E-04   -0.98292E-04    0.81896E-05    0.30636E-02   -0.15604E-03    0.39435E-03    0.59116E-02   -0.62808E+00   -0.13022E+00    0.16351E-01   -0.69805E-01   -0.88855E-01   -0.13280E-02    0.85009E-04   -0.30834E-02   -0.40817E-03   -0.23522E-06   -0.45116E-05    0.36550E-03   -0.35800E-01   -0.33281E-02   -0.62622E-03   -0.20286E-02   -0.23377E-03   -0.29058E-02    0.89373E-03   -0.78056E-03    0.12488E-02   -0.15900E-02    0.38260E-03    0.76622E-03   -0.74929E-03    0.10380E-02    0.78169E-03    0.23759E-02    0.10992E-02    0.46263E-03    0.77766E-04   -0.10847E-02   -0.51322E-03
   -0.27627E-02    0.15387E-01   -0.16241E-02   -0.32321E+00    0.12575E-01   -0.11168E+00   -0.62808E+00    0.26416E+04    0.95324E+02   -0.12077E+03    0.10930E+03    0.10018E+03   -0.72914E+02   -0.10093E+01    0.30745E+00    0.15972E+01    0.84490E-03   -0.17871E-02    0.12046E-01   -0.14245E+02    0.11037E+02   -0.10912E+02    0.14850E+01    0.40235E+00   -0.13142E+01   -0.42286E+00   -0.52761E+01   -0.86878E+00   -0.13087E+01   -0.67109E+00    0.15620E+01    0.16286E+00    0.51550E+00   -0.14565E+01   -0.39855E+01    0.14623E+01   -0.20036E+01   -0.26868E+01   -0.10907E+01    0.24024E+01
   -0.11315E-02    0.56191E-02   -0.56825E-03   -0.74055E-01    0.40086E-02   -0.18188E-01   -0.13022E+00    0.95324E+02    0.17758E+03    0.43787E+02   -0.25468E+02   -0.16221E+01   -0.84775E+01   -0.30262E+00   -0.60137E-01   -0.40211E-01   -0.28371E-04    0.29521E-02    0.10635E+01   -0.12088E+02    0.11933E+01    0.45025E+00   -0.45361E-01    0.22904E+00    0.19949E-01   -0.14359E+01   -0.39925E+00   -0.42663E+00   -0.12695E+00    0.14549E+00    0.13730E+01    0.13563E+00    0.44199E+00   -0.39389E+00   -0.74716E-01    0.34898E-01   -0.75468E+00    0.76466E-01    0.45885E+00   -0.21452E+00
   -0.25197E-03    0.13980E-02   -0.14970E-03    0.34996E-02    0.82009E-03    0.51437E-02    0.16351E-01   -0.12077E+03    0.43787E+02    0.17823E+03   -0.23277E+02   -0.58690E+02    0.49835E+01   -0.72240E-01   -0.76153E+00   -0.99167E+00   -0.15667E-03   -0.37689E-02    0.25123E+00   -0.97736E+01    0.11984E+01    0.74285E+00   -0.34220E+00   -0.10947E+00    0.32051E+00    0.10259E+01    0.33116E+00   -0.20547E+00    0.18988E+00    0.39063E+00   -0.83193E+00    0.55425E+00   -0.39879E+00    0.19779E+00    0.39932E+00    0.24648E+00    0.13145E+00    0.34241E+00    0.28834E+00   -0.48100E-01
   -0.25200E-03    0.11022E-02   -0.11328E-03   -0.34467E-01    0.16845E-02   -0.10249E-01   -0.69805E-01    0.10930E+03   -0.25468E+02   -0.23277E+02    0.21904E+02    0.13468E+02   -0.29481E+01    0.26042E-01    0.18439E+00    0.21470E+00   -0.39672E-04   -0.10075E-02    0.69173E-01   -0.49350E+00   -0.70310E+00   -0.58100E+00    0.71323E-01   -0.84349E-01   -0.46496E-01    0.80893E+00    0.18622E+00    0.45397E-01    0.20427E-01   -0.27524E-01   -0.44653E+00   -0.84571E-01   -0.11149E+00    0.66219E-02   -0.95927E-01    0.26064E+00    0.25546E+00   -0.34772E-03   -0.13878E+00    0.19337E+00
   -0.37874E-03    0.18338E-02   -0.22423E-03   -0.45289E-01    0.20101E-02   -0.12770E-01   -0.88855E-01    0.10018E+03   -0.16221E+01   -0.58690E+02    0.13468E+02    0.28788E+02   -0.28276E+01    0.74422E-01    0.35052E+00    0.51273E+00    0.49118E-04    0.16865E-02   -0.14058E+00   -0.99321E+00   -0.34484E+00   -0.46478E+00    0.18925E+00    0.36649E-01   -0.94168E-01   -0.34115E+00   -0.10011E+00    0.37334E-01    0.17819E-01   -0.23868E+00    0.33085E+00   -0.40468E+00    0.12365E+00   -0.19237E+00   -0.29726E+00   -0.49095E-01   -0.62377E-01   -0.12785E+00   -0.10269E+00    0.11442E+00
    0.42779E-04   -0.17415E-03    0.32734E-04   -0.69930E-04   -0.99970E-04    0.26086E-03   -0.13280E-02   -0.72914E+02   -0.84775E+01    0.49835E+01   -0.29481E+01   -0.28276E+01    0.76141E+01    0.61258E-01    0.24182E+00   -0.14514E+00    0.40562E-04   -0.11502E-03   -0.52180E-01    0.59353E-01    0.22504E+00    0.13088E+00   -0.19410E-01   -0.17147E-01    0.48697E-01   -0.45689E-01    0.68133E-01    0.45187E-03    0.10359E-01   -0.53866E-01   -0.27592E-01   -0.13843E-01   -0.39926E-01    0.35584E-01    0.13069E-01   -0.66797E-01    0.44598E-01    0.83246E-02    0.17720E-01   -0.10421E+00
    0.58098E-06   -0.58037E-06   -0.41322E-06    0.29476E-04    0.31164E-06    0.41857E-04    0.85009E-04   -0.10093E+01   -0.30262E+00   -0.72240E-01    0.26042E-01    0.74422E-01    0.61258E-01    0.85550E-02   -0.65970E-02    0.75048E-02    0.13986E-05   -0.20906E-04    0.31160E-02   -0.16589E-01    0.85743E-02    0.41489E-02    0.12105E-02   -0.24160E-02   -0.31437E-02    0.62457E-02    0.33393E-03    0.10390E-02   -0.13261E-02   -0.12307E-02   -0.12312E-01   -0.91297E-03   -0.26862E-02   -0.20309E-02   -0.35687E-02   -0.38981E-02    0.17313E-02   -0.42325E-02   -0.51317E-02   -0.23304E-02
   -0.10537E-04    0.53199E-04   -0.44969E-05   -0.15353E-02    0.46267E-04   -0.45637E-03   -0.30834E-02    0.30745E+00   -0.60137E-01   -0.76153E+00    0.18439E+00    0.35052E+00    0.24182E+00   -0.65970E-02    0.44525E-01   -0.11945E-01    0.20702E-05    0.71775E-04   -0.96991E-03   -0.11749E-01   -0.13806E-01   -0.71153E-02    0.37145E-03    0.23164E-02    0.90797E-02   -0.24707E-01    0.20465E-02    0.48889E-02    0.35235E-02   -0.31351E-02    0.35819E-01   -0.28189E-02    0.48493E-02    0.86065E-02    0.26021E-02    0.35381E-02    0.28261E-02    0.84870E-02    0.54743E-02   -0.33380E-02
   -0.34090E-05    0.18571E-04   -0.31761E-05   -0.23712E-03    0.17336E-04   -0.63475E-04   -0.40817E-03    0.15972E+01   -0.40211E-01   -0.99167E+00    0.21470E+00    0.51273E+00   -0.14514E+00    0.75048E-02   -0.11945E-01    0.21896E-01    0.10244E-05   -0.11024E-04   -0.11323E-02   -0.16573E-01    0.60191E-02   -0.10412E-01    0.21336E-02   -0.10769E-02   -0.60667E-02    0.49640E-02    0.82514E-03   -0.34797E-02    0.73107E-02   -0.77344E-02   -0.18205E-01   -0.17385E-01    0.14770E-02   -0.12509E-01   -0.14494E-01   -0.84870E-02   -0.32629E-02   -0.32564E-02   -0.50070E-03    0.13619E-01
   -0.22617E-08    0.47194E-07   -0.98448E-08   -0.21087E-06   -0.17345E-07   -0.23385E-06   -0.23522E-06    0.84490E-03   -0.28371E-04   -0.15667E-03   -0.39672E-04    0.49118E-04    0.40562E-04    0.13986E-05    0.20702E-05    0.10244E-05    0.15412E-06    0.14205E-07   -0.24646E-06    0.37644E-04   -0.26649E-04   -0.57487E-05    0.43001E-05   -0.34804E-05    0.26749E-05    0.41869E-05    0.36417E-06    0.55670E-05   -0.80616E-05   -0.64209E-05    0.60482E-05   -0.24762E-05    0.99026E-05   -0.73709E-05    0.63671E-05    0.47763E-05    0.10184E-04   -0.61599E-05   -0.21853E-05   -0.14318E-04
   -0.22459E-07    0.23907E-06   -0.41457E-07   -0.27344E-05   -0.75018E-08   -0.71273E-06   -0.45116E-05   -0.17871E-02    0.29521E-02   -0.37689E-02   -0.10075E-02    0.16865E-02   -0.11502E-03   -0.20906E-04    0.71775E-04   -0.11024E-04    0.14205E-07    0.16058E-05   -0.53716E-05   -0.25743E-04    0.92296E-04    0.41609E-04   -0.69734E-05    0.15930E-04   -0.13253E-04    0.23874E-03    0.37591E-04    0.24384E-04    0.91288E-05    0.25899E-04   -0.20202E-03   -0.18620E-04   -0.37888E-04    0.49568E-04   -0.25673E-04    0.35109E-04    0.52567E-04    0.46494E-05   -0.43274E-04    0.24392E-04
    0.10135E-05    0.31782E-05    0.11758E-05    0.16169E-03   -0.15599E-04    0.88231E-04    0.36550E-03    0.12046E-01    0.10635E+01    0.25123E+00    0.69173E-01   -0.14058E+00   -0.52180E-01    0.31160E-02   -0.96991E-03   -0.11323E-02   -0.24646E-06   -0.53716E-05    0.80759E-01    0.10038E-01    0.48964E-02    0.48158E-02   -0.27557E-02   -0.61261E-02   -0.20181E-02    0.51126E-02    0.76064E-02   -0.88482E-03    0.30587E-02    0.36794E-02   -0.59484E-03   -0.25035E-02    0.98948E-03    0.89999E-04    0.50219E-04    0.29807E-02    0.10494E-02    0.68820E-02    0.30454E-02   -0.17317E-02
   -0.13572E-03    0.46329E-03   -0.69755E-04   -0.17732E-01    0.41775E-03   -0.51111E-02   -0.35800E-01   -0.14245E+02   -0.12088E+02   -0.97736E+01   -0.49350E+00   -0.99321E+00    0.59353E-01   -0.16589E-01   -0.11749E-01   -0.16573E-01    0.37644E-04   -0.25743E-04    0.10038E-01    0.80039E+01   -0.39105E-02    0.57328E-01   -0.12071E-01    0.31330E-01    0.35787E-01   -0.36693E-01   -0.55051E-02   -0.80987E-01    0.71736E-01    0.26876E-01   -0.87062E-01   -0.13443E-01   -0.95583E-02    0.62503E-02   -0.26133E-01   -0.63207E-01   -0.89977E-01   -0.11579E-01    0.58943E-01    0.56717E-01
   -0.25588E-04    0.27491E-03   -0.30852E-04   -0.23115E-02   -0.86354E-04   -0.78138E-03   -0.33281E-02    0.11037E+02    0.11933E+01    0.11984E+01   -0.70310E+00   -0.34484E+00    0.22504E+00    0.85743E-02   -0.13806E-01    0.60191E-02   -0.26649E-04    0.92296E-04    0.48964E-02   -0.39105E-02    0.70404E+00   -0.11742E+00   -0.53391E-02    0.11139E-01   -0.18063E-01    0.18197E+00   -0.53009E-01   -0.28928E-01   -0.10270E-01   -0.45613E-01    0.44675E-01    0.14954E-01   -0.35180E-01   -0.30960E-01   -0.12875E+00    0.17333E+00    0.27280E-01   -0.83900E-02    0.60381E-02    0.65621E-01
   -0.13571E-04   -0.26464E-04    0.77687E-05   -0.36736E-03    0.90919E-04    0.93759E-04   -0.62622E-03   -0.10912E+02    0.45025E+00    0.74285E+00   -0.58100E+00   -0.46478E+00    0.13088E+00    0.41489E-02   -0.71153E-02   -0.10412E-01   -0.57487E-05    0.41609E-04    0.48158E-02    0.57328E-01   -0.11742E+00    0.94346E+00   -0.11712E-01   -0.38002E-02    0.16955E-01   -0.16031E+00    0.18205E+00    0.52728E-01   -0.35758E-02    0.52087E-01   -0.12314E+00    0.10748E-01    0.47377E-01    0.14113E-01    0.18966E+00   -0.23024E+00    0.24646E-01    0.10577E+00    0.19319E-01   -0.21413E+00
   -0.81018E-05    0.32057E-04   -0.42762E-05   -0.10072E-02    0.96305E-04   -0.21983E-03   -0.20286E-02    0.14850E+01   -0.45361E-01   -0.34220E+00    0.71323E-01    0.18925E+00   -0.19410E-01    0.12105E-02    0.37145E-03    0.21336E-02    0.43001E-05   -0.69734E-05   -0.27557E-02   -0.12071E-01   -0.53391E-02   -0.11712E-01    0.97633E+00   -0.19821E-01   -0.17279E-01   -0.55433E-01   -0.41405E-01    0.14529E+00   -0.39567E-01    0.68293E-01   -0.23838E-02    0.22307E-01   -0.10947E-01   -0.46546E-01    0.11289E+00   -0.51980E-01    0.77699E-02    0.27846E-03   -0.18268E+00    0.52607E-01
    0.18184E-07   -0.29711E-04   -0.48181E-05   -0.87982E-04    0.31130E-04   -0.14090E-04   -0.23377E-03    0.40235E+00    0.22904E+00   -0.10947E+00   -0.84349E-01    0.36649E-01   -0.17147E-01   -0.24160E-02    0.23164E-02   -0.10769E-02   -0.34804E-05    0.15930E-04   -0.61261E-02    0.31330E-01    0.11139E-01   -0.38002E-02   -0.19821E-01    0.99925E+00    0.10376E-01    0.55872E-01   -0.83146E-01    0.81744E-01   -0.85172E-01    0.65946E-01    0.63050E-01    0.99836E-01    0.52282E-01    0.14429E+00   -0.12365E+00    0.83786E-01    0.31457E-01    0.15995E-01   -0.11854E+00    0.61678E-01
   -0.29198E-05   -0.25354E-04   -0.20464E-05   -0.14459E-02    0.10189E-03   -0.47876E-04   -0.29058E-02   -0.13142E+01    0.19949E-01    0.32051E+00   -0.46496E-01   -0.94168E-01    0.48697E-01   -0.31437E-02    0.90797E-02   -0.60667E-02    0.26749E-05   -0.13253E-04   -0.20181E-02    0.35787E-01   -0.18063E-01    0.16955E-01   -0.17279E-01    0.10376E-01    0.10053E+01    0.34683E-01    0.51617E-01   -0.42933E-01    0.55929E-01    0.85666E-01    0.88545E-01   -0.86214E-01   -0.71388E-01    0.66814E-01    0.75930E-01    0.10821E+00   -0.76750E-01    0.97563E-01   -0.38240E-02    0.86400E-02
    0.69030E-05    0.20381E-04   -0.89645E-05    0.25904E-03   -0.37690E-04    0.20917E-03    0.89373E-03   -0.42286E+00   -0.14359E+01    0.10259E+01    0.80893E+00   -0.34115E+00   -0.45689E-01    0.62457E-02   -0.24707E-01    0.49640E-02    0.41869E-05    0.23874E-03    0.51126E-02   -0.36693E-01    0.18197E+00   -0.16031E+00   -0.55433E-01    0.55872E-01    0.34683E-01    0.88592E+00    0.13248E-01    0.26736E-01   -0.24145E-01   -0.17250E-01    0.18004E-01    0.12298E+00   -0.11965E+00    0.61472E-01   -0.62319E-01    0.65514E+00    0.27824E+00   -0.30263E-01   -0.71361E-01    0.97471E-01
   -0.47266E-05    0.45941E-05    0.10318E-04   -0.42820E-03    0.41080E-04    0.44095E-04   -0.78056E-03   -0.52761E+01   -0.39925E+00    0.33116E+00    0.18622E+00   -0.10011E+00    0.68133E-01    0.33393E-03    0.20465E-02    0.82514E-03    0.36417E-06    0.37591E-04    0.76064E-02   -0.55051E-02   -0.53009E-01    0.18205E+00   -0.41405E-01   -0.83146E-01    0.51617E-01    0.13248E-01    0.95399E+00    0.10512E-01   -0.16274E-01    0.14312E-01    0.40070E-01    0.29199E-01   -0.50512E-01    0.11473E-01    0.15033E+00   -0.61505E-01    0.25517E+00    0.75051E+00    0.26641E+00   -0.19892E+00
    0.91659E-05   -0.34659E-04   -0.15505E-04    0.69536E-03   -0.80444E-05    0.24619E-03    0.12488E-02   -0.86878E+00   -0.42663E+00   -0.20547E+00    0.45397E-01    0.37334E-01    0.45187E-03    0.10390E-02    0.48889E-02   -0.34797E-02    0.55670E-05    0.24384E-04   -0.88482E-03   -0.80987E-01   -0.28928E-01    0.52728E-01    0.14529E+00    0.81744E-01   -0.42933E-01    0.26736E-01    0.10512E-01    0.99571E+00    0.52805E-02   -0.11369E-01    0.88505E-01   -0.44722E-01    0.10770E+00    0.15202E+00   -0.14671E+00   -0.17126E+00    0.65336E+00    0.14121E+00   -0.60742E+00    0.18715E+00
   -0.19748E-05    0.53561E-05    0.70240E-05   -0.79085E-03    0.81502E-04   -0.39609E-04   -0.15900E-02   -0.13087E+01   -0.12695E+00    0.18988E+00    0.20427E-01    0.17819E-01    0.10359E-01   -0.13261E-02    0.35235E-02    0.73107E-02   -0.80616E-05    0.91288E-05    0.30587E-02    0.71736E-01   -0.10270E-01   -0.35758E-02   -0.39567E-01   -0.85172E-01    0.55929E-01   -0.24145E-01   -0.16274E-01    0.52805E-02    0.99681E+00   -0.15762E-01   -0.15387E-01   -0.13270E+00   -0.17742E+00   -0.17906E-01   -0.95520E-01   -0.82294E-01    0.75091E-01   -0.72910E-01    0.29889E+00    0.65812E+00
    0.17022E-06    0.27288E-04    0.14753E-04    0.22239E-03    0.70978E-04    0.93641E-04    0.38260E-03   -0.67109E+00    0.14549E+00    0.39063E+00   -0.27524E-01   -0.23868E+00   -0.53866E-01   -0.12307E-02   -0.31351E-02   -0.77344E-02   -0.64209E-05    0.25899E-04    0.36794E-02    0.26876E-01   -0.45613E-01    0.52087E-01    0.68293E-01    0.65946E-01    0.85666E-01   -0.17250E-01    0.14312E-01   -0.11369E-01   -0.15762E-01    0.99861E+00   -0.72052E-01    0.56200E-01    0.12051E-01    0.15729E+00   -0.61251E-03    0.10760E+00   -0.57420E+00    0.39274E+00   -0.34076E+00    0.19249E+00
   -0.18395E-05   -0.44311E-04    0.81878E-05    0.45326E-03   -0.93422E-05    0.17905E-03    0.76622E-03    0.15620E+01    0.13730E+01   -0.83193E+00   -0.44653E+00    0.33085E+00   -0.27592E-01   -0.12312E-01    0.35819E-01   -0.18205E-01    0.60482E-05   -0.20202E-03   -0.59484E-03   -0.87062E-01    0.44675E-01   -0.12314E+00   -0.23838E-02    0.63050E-01    0.88545E-01    0.18004E-01    0.40070E-01    0.88505E-01   -0.15387E-01   -0.72052E-01    0.91084E+00   -0.13562E-01   -0.39387E-01    0.14705E-01   -0.19401E-01    0.59054E+00    0.16915E+00    0.11449E+00    0.30931E-01   -0.89497E-01
   -0.33755E-05    0.98071E-04   -0.20338E-04   -0.51368E-03   -0.48114E-05   -0.29631E-03   -0.74929E-03    0.16286E+00    0.13563E+00    0.55425E+00   -0.84571E-01   -0.40468E+00   -0.13843E-01   -0.91297E-03   -0.28189E-02   -0.17385E-01   -0.24762E-05   -0.18620E-04   -0.25035E-02   -0.13443E-01    0.14954E-01    0.10748E-01    0.22307E-01    0.99836E-01   -0.86214E-01    0.12298E+00    0.29199E-01   -0.44722E-01   -0.13270E+00    0.56200E-01   -0.13562E-01    0.97826E+00    0.21859E-01    0.12099E-02    0.98363E-02    0.83675E-01    0.17208E+00    0.25449E-01    0.14142E+00    0.11144E+00
    0.86290E-06    0.23782E-04   -0.10445E-04    0.49575E-03   -0.62093E-04   -0.18137E-03    0.10380E-02    0.51550E+00    0.44199E+00   -0.39879E+00   -0.11149E+00    0.12365E+00   -0.39926E-01   -0.26862E-02    0.48493E-02    0.14770E-02    0.99026E-05   -0.37888E-04    0.98948E-03   -0.95583E-02   -0.35180E-01    0.47377E-01   -0.10947E-01    0.52282E-01   -0.71388E-01   -0.11965E+00   -0.50512E-01    0.10770E+00   -0.17742E+00    0.12051E-01   -0.39387E-01    0.21859E-01    0.97183E+00   -0.49027E-02    0.23007E-01   -0.15059E+00    0.36859E-01    0.15296E+00    0.49317E-01   -0.91193E-01
    0.10836E-04   -0.40718E-04    0.30661E-05    0.44165E-03    0.85843E-07    0.13545E-03    0.78169E-03   -0.14565E+01   -0.39389E+00    0.19779E+00    0.66219E-02   -0.19237E+00    0.35584E-01   -0.20309E-02    0.86065E-02   -0.12509E-01   -0.73709E-05    0.49568E-04    0.89999E-04    0.62503E-02   -0.30960E-01    0.14113E-01   -0.46546E-01    0.14429E+00    0.66814E-01    0.61472E-01    0.11473E-01    0.15202E+00   -0.17906E-01    0.15729E+00    0.14705E-01    0.12099E-02   -0.49027E-02    0.95130E+00    0.17761E-01    0.34830E-01    0.52911E-01    0.15577E+00   -0.23750E+00    0.12707E+00
    0.10982E-04   -0.12299E-03    0.78197E-05    0.13628E-02   -0.91530E-04    0.29384E-03    0.23759E-02   -0.39855E+01   -0.74716E-01    0.39932E+00   -0.95927E-01   -0.29726E+00    0.13069E-01   -0.35687E-02    0.26021E-02   -0.14494E-01    0.63671E-05   -0.25673E-04    0.50219E-04   -0.26133E-01   -0.12875E+00    0.18966E+00    0.11289E+00   -0.12365E+00    0.75930E-01   -0.62319E-01    0.15033E+00   -0.14671E+00   -0.95520E-01   -0.61251E-03   -0.19401E-01    0.98363E-02    0.23007E-01    0.17761E-01    0.10159E+01   -0.50833E-01   -0.46728E-01    0.38397E-01    0.19445E+00   -0.10210E+00
    0.22075E-05   -0.48808E-05    0.41718E-05    0.45287E-03   -0.24467E-04    0.24129E-03    0.10992E-02    0.14623E+01    0.34898E-01    0.24648E+00    0.26064E+00   -0.49095E-01   -0.66797E-01   -0.38981E-02    0.35381E-02   -0.84870E-02    0.47763E-05    0.35109E-04    0.29807E-02   -0.63207E-01    0.17333E+00   -0.23024E+00   -0.51980E-01    0.83786E-01    0.10821E+00    0.65514E+00   -0.61505E-01   -0.17126E+00   -0.82294E-01    0.10760E+00    0.59054E+00    0.83675E-01   -0.15059E+00    0.34830E-01   -0.50833E-01    0.96278E+00    0.13078E-02    0.20398E-01   -0.21777E-01   -0.12636E-01
    0.48836E-05   -0.11589E-04   -0.17766E-04    0.17797E-03   -0.35257E-04    0.11834E-03    0.46263E-03   -0.20036E+01   -0.75468E+00    0.13145E+00    0.25546E+00   -0.62377E-01    0.44598E-01    0.17313E-02    0.28261E-02   -0.32629E-02    0.10184E-04    0.52567E-04    0.10494E-02   -0.89977E-01    0.27280E-01    0.24646E-01    0.77699E-02    0.31457E-01   -0.76750E-01    0.27824E+00    0.25517E+00    0.65336E+00    0.75091E-01   -0.57420E+00    0.16915E+00    0.17208E+00    0.36859E-01    0.52911E-01   -0.46728E-01    0.13078E-02    0.10192E+01    0.10288E-01   -0.76782E-02    0.78769E-02
   -0.10424E-05    0.22121E-04    0.21005E-05    0.50577E-05    0.38603E-04    0.36327E-04    0.77766E-04   -0.26868E+01    0.76466E-01    0.34241E+00   -0.34772E-03   -0.12785E+00    0.83246E-02   -0.42325E-02    0.84870E-02   -0.32564E-02   -0.61599E-05    0.46494E-05    0.68820E-02   -0.11579E-01   -0.83900E-02    0.10577E+00    0.27846E-03    0.15995E-01    0.97563E-01   -0.30263E-01    0.75051E+00    0.14121E+00   -0.72910E-01    0.39274E+00    0.11449E+00    0.25449E-01    0.15296E+00    0.15577E+00    0.38397E-01    0.20398E-01    0.10288E-01    0.97030E+00   -0.20735E-01   -0.16609E-01
   -0.51156E-05    0.26440E-04    0.64118E-05   -0.62954E-03   -0.37515E-04   -0.23473E-03   -0.10847E-02   -0.10907E+01    0.45885E+00    0.28834E+00   -0.13878E+00   -0.10269E+00    0.17720E-01   -0.51317E-02    0.54743E-02   -0.50070E-03   -0.21853E-05   -0.43274E-04    0.30454E-02    0.58943E-01    0.60381E-02    0.19319E-01   -0.18268E+00   -0.11854E+00   -0.38240E-02   -0.71361E-01    0.26641E+00   -0.60742E+00    0.29889E+00   -0.34076E+00    0.30931E-01    0.14142E+00    0.49317E-01   -0.23750E+00    0.19445E+00   -0.21777E-01   -0.76782E-02   -0.20735E-01    0.95873E+00   -0.11898E-01
    0.48633E-05    0.32141E-04   -0.29854E-05   -0.27780E-03    0.38975E-04   -0.29284E-04   -0.51322E-03    0.24024E+01   -0.21452E+00   -0.48100E-01    0.19337E+00    0.11442E+00   -0.10421E+00   -0.23304E-02   -0.33380E-02    0.13619E-01   -0.14318E-04    0.24392E-04   -0.17317E-02    0.56717E-01    0.65621E-01   -0.21413E+00    0.52607E-01    0.61678E-01    0.86400E-02    0.97471E-01   -0.19892E+00    0.18715E+00    0.65812E+00    0.19249E+00   -0.89497E-01    0.11144E+00   -0.91193E-01    0.12707E+00   -0.10210E+00   -0.12636E-01    0.78769E-02   -0.16609E-01   -0.11898E-01    0.97130E+00
