# omegabh2 omegach2 theta tau ns logA r aps100 aps143 aps217 acib143 acib217 asz143 psr cibr ncib cal0 cal2 xi aksz bm_1_1 bm_1_2 bm_1_3 bm_1_4 bm_1_5 bm_2_1 bm_2_2 bm_2_3 bm_2_4 bm_2_5 bm_3_1 bm_3_2 bm_3_3 bm_3_4 bm_3_5 bm_4_1 bm_4_2 bm_4_3 bm_4_4 bm_4_5
    0.69865E-07   -0.19883E-06    0.51704E-07    0.36933E-05    0.91895E-06    0.70748E-05   -0.31785E-06   -0.19234E-02   -0.60874E-03   -0.18534E-05   -0.18971E-03   -0.27981E-03    0.15792E-04    0.64895E-06   -0.72142E-05   -0.16941E-05    0.26690E-10   -0.17356E-07    0.15323E-05   -0.73367E-04   -0.13356E-04   -0.49583E-05    0.30335E-06   -0.12300E-05   -0.13255E-05    0.39407E-05    0.68856E-06    0.70455E-05   -0.19447E-05    0.36881E-05   -0.75994E-06   -0.23758E-05    0.45030E-05    0.74163E-05    0.13183E-05    0.13044E-05    0.28842E-05    0.39436E-05   -0.68115E-05    0.31846E-05
   -0.19883E-06    0.32913E-05   -0.24195E-06   -0.22104E-04   -0.84464E-05   -0.36061E-04   -0.33618E-05    0.53825E-02    0.19788E-02    0.59918E-03    0.43214E-03    0.55344E-03   -0.10308E-03   -0.14235E-05    0.10540E-04    0.49938E-05   -0.18828E-09    0.17456E-07   -0.10461E-05    0.11647E-03    0.78629E-04   -0.31748E-04   -0.14104E-04    0.38653E-06    0.66233E-05    0.94189E-05    0.24577E-05   -0.26802E-04   -0.14200E-05   -0.12982E-04   -0.93100E-05    0.18672E-04    0.20579E-06   -0.23251E-04   -0.34749E-04    0.33494E-05    0.11629E-05   -0.18277E-05    0.27695E-04    0.71113E-05
    0.51704E-07   -0.24195E-06    0.34047E-06    0.36062E-05    0.12210E-05    0.69409E-05    0.69610E-07   -0.59140E-03   -0.20716E-03   -0.10390E-04   -0.62978E-04   -0.11152E-03   -0.14840E-04   -0.35650E-06   -0.25424E-05   -0.13995E-05    0.14381E-08   -0.76465E-08    0.56024E-07   -0.31948E-04   -0.12725E-04    0.40830E-05   -0.27163E-05   -0.54365E-05   -0.30492E-05   -0.25543E-05    0.46706E-05    0.13048E-06   -0.15919E-06   -0.39646E-05   -0.10194E-05   -0.62780E-05    0.21308E-05    0.21500E-05    0.71912E-05   -0.33523E-05    0.18284E-05    0.28261E-05    0.14808E-05   -0.80375E-05
    0.36933E-05   -0.22104E-04    0.36062E-05    0.12022E-02    0.13437E-03    0.23498E-02   -0.13264E-03   -0.30984E+00   -0.33357E-01    0.43606E-01   -0.31149E-01   -0.41598E-01   -0.26569E-03    0.21049E-03   -0.12882E-02   -0.84568E-04   -0.14917E-06   -0.26705E-05    0.29550E-03   -0.15498E-01   -0.10366E-02    0.74864E-03    0.18929E-03   -0.52723E-03    0.31973E-03    0.85810E-03    0.26265E-03    0.52157E-03    0.22574E-03    0.46889E-03   -0.69494E-05   -0.51534E-03    0.76952E-05    0.64848E-03    0.53456E-03    0.51896E-03    0.31923E-03    0.54384E-03   -0.51957E-03    0.49104E-04
    0.91895E-06   -0.84464E-05    0.12210E-05    0.13437E-03    0.48941E-04    0.24773E-03    0.20378E-04   -0.96495E-01   -0.46177E-02    0.15969E-01   -0.11069E-01   -0.12293E-01   -0.20210E-04    0.69340E-04   -0.36556E-03   -0.25271E-04   -0.53215E-07   -0.10924E-06    0.88956E-04   -0.44612E-02   -0.23595E-05    0.14633E-03   -0.32817E-04   -0.64383E-04    0.11669E-04    0.40934E-03    0.22478E-03    0.10101E-03   -0.30616E-04    0.42251E-04    0.14065E-04   -0.89679E-04   -0.13414E-03    0.18582E-03    0.48007E-04    0.28360E-03    0.15490E-03    0.21344E-03   -0.11631E-03   -0.33398E-04
    0.70748E-05   -0.36061E-04    0.69409E-05    0.23498E-02    0.24773E-03    0.46189E-02   -0.28045E-03   -0.63137E+00   -0.54254E-01    0.97882E-01   -0.66142E-01   -0.85718E-01   -0.19104E-02    0.45073E-03   -0.27393E-02   -0.12496E-03   -0.20651E-06   -0.50338E-05    0.63084E-03   -0.32197E-01   -0.11454E-02    0.16404E-02    0.33493E-03   -0.10110E-02    0.69944E-03    0.20712E-02    0.64851E-03    0.97842E-03    0.38775E-03    0.86247E-03   -0.35548E-04   -0.90681E-03   -0.38271E-04    0.12103E-02    0.87322E-03    0.12799E-02    0.77244E-03    0.11963E-02   -0.96667E-03    0.88686E-04
   -0.31785E-06   -0.33618E-05    0.69610E-07   -0.13264E-03    0.20378E-04   -0.28045E-03    0.14500E-02   -0.42087E-01   -0.21918E-02    0.56332E-03   -0.87746E-04    0.10129E-02    0.18859E-02    0.26190E-04    0.18322E-03   -0.36717E-04   -0.85803E-07    0.39465E-06    0.14441E-03   -0.79675E-03    0.77285E-04   -0.42051E-03   -0.50308E-03    0.87563E-04    0.49648E-04    0.16274E-03   -0.43361E-03   -0.35008E-04   -0.93919E-03    0.21680E-03    0.33894E-03   -0.26654E-03    0.60324E-04   -0.96533E-04   -0.87191E-03    0.54558E-03   -0.44234E-03    0.98875E-04   -0.56036E-03   -0.45320E-03
   -0.19234E-02    0.53825E-02   -0.59140E-03   -0.30984E+00   -0.96495E-01   -0.63137E+00   -0.42087E-01    0.27814E+04    0.69289E+02   -0.16647E+03    0.11808E+03    0.11163E+03   -0.73732E+02   -0.11363E+01    0.43285E+00    0.13640E+01    0.78423E-03   -0.59656E-03   -0.42956E+00   -0.12711E+02    0.10351E+02   -0.10307E+02    0.50319E-01    0.39591E+00   -0.16257E+01   -0.10385E+01   -0.63127E+01   -0.36233E+00    0.82405E+00   -0.21055E+01    0.23950E+00    0.37561E+00    0.11430E+01   -0.10448E+01   -0.43319E+01   -0.20386E+00   -0.11054E+01   -0.40660E+01   -0.15986E+00    0.35722E+01
   -0.60874E-03    0.19788E-02   -0.20716E-03   -0.33357E-01   -0.46177E-02   -0.54254E-01   -0.21918E-02    0.69289E+02    0.18278E+03    0.55051E+02   -0.31312E+02   -0.96196E+01   -0.89421E+01   -0.26955E+00   -0.13260E+00   -0.17053E+00    0.96343E-04    0.31243E-02    0.12702E+01   -0.12652E+02    0.13077E+01    0.53148E+00    0.22701E+00    0.33454E+00   -0.21488E+00   -0.17613E+01   -0.42640E+00    0.24672E-02   -0.13954E+00   -0.13865E+00    0.12614E+01    0.32274E+00    0.25231E+00   -0.11020E+00   -0.53029E+00   -0.42669E+00   -0.34224E+00   -0.40059E-01    0.16606E+00   -0.10048E+00
   -0.18534E-05    0.59918E-03   -0.10390E-04    0.43606E-01    0.15969E-01    0.97882E-01    0.56332E-03   -0.16647E+03    0.55051E+02    0.20142E+03   -0.33552E+02   -0.70289E+02    0.40931E+01   -0.53464E-01   -0.94284E+00   -0.10395E+01    0.23544E-03   -0.36282E-02    0.38745E+00   -0.10538E+02    0.15283E+01    0.96767E+00   -0.38278E-01    0.12908E+00   -0.16972E-01    0.97427E+00    0.60564E+00   -0.24600E+00   -0.17161E+00    0.40014E+00   -0.11728E+01    0.83994E+00   -0.41915E+00    0.54289E+00    0.20423E+00   -0.53314E-01    0.21316E+00    0.56771E+00    0.28210E+00   -0.24029E+00
   -0.18971E-03    0.43214E-03   -0.62978E-04   -0.31149E-01   -0.11069E-01   -0.66142E-01   -0.87746E-04    0.11808E+03   -0.31312E+02   -0.33552E+02    0.25244E+02    0.17821E+02   -0.22935E+01    0.17256E-01    0.22377E+00    0.23228E+00   -0.95196E-04   -0.10764E-02    0.12497E-01   -0.34844E+00   -0.10562E+01   -0.60402E+00   -0.99936E-01   -0.87967E-01   -0.48151E-01    0.68244E+00   -0.90665E-01   -0.65307E-02    0.15513E+00   -0.15412E-02   -0.45084E+00   -0.18789E+00   -0.12975E-01   -0.66201E-01    0.41020E-01    0.21148E+00    0.83915E-01   -0.22943E+00   -0.12135E+00    0.19840E+00
   -0.27981E-03    0.55344E-03   -0.11152E-03   -0.41598E-01   -0.12293E-01   -0.85718E-01    0.10129E-02    0.11163E+03   -0.96196E+01   -0.70289E+02    0.17821E+02    0.33627E+02   -0.22012E+01    0.67984E-01    0.40337E+00    0.52644E+00   -0.83435E-04    0.15270E-02   -0.19455E+00   -0.98493E+00   -0.64201E+00   -0.54677E+00    0.55350E-02   -0.35784E-01   -0.52380E-01   -0.39345E+00   -0.34503E+00    0.36130E-01    0.19332E+00   -0.20440E+00    0.36960E+00   -0.54174E+00    0.17493E+00   -0.36944E+00   -0.18603E+00   -0.20396E-01   -0.20180E+00   -0.32571E+00   -0.11463E+00    0.24224E+00
    0.15792E-04   -0.10308E-03   -0.14840E-04   -0.26569E-03   -0.20210E-04   -0.19104E-02    0.18859E-02   -0.73732E+02   -0.89421E+01    0.40931E+01   -0.22935E+01   -0.22012E+01    0.76696E+01    0.53979E-01    0.25791E+00   -0.13169E+00    0.26756E-04   -0.12538E-03   -0.31528E-01   -0.19409E-01    0.16859E+00    0.77659E-01   -0.14424E-01   -0.17022E-01    0.34287E-01   -0.28602E-01    0.78460E-01   -0.69627E-01   -0.50104E-01   -0.34602E-01   -0.21272E-02   -0.22607E-01   -0.54513E-01   -0.31081E-01    0.44285E-01   -0.13428E-01   -0.30838E-01    0.39588E-01    0.47688E-01   -0.58367E-01
    0.64895E-06   -0.14235E-05   -0.35650E-06    0.21049E-03    0.69340E-04    0.45073E-03    0.26190E-04   -0.11363E+01   -0.26955E+00   -0.53464E-01    0.17256E-01    0.67984E-01    0.53979E-01    0.78859E-02   -0.64348E-02    0.76833E-02    0.82762E-06   -0.25103E-04    0.36754E-02   -0.20911E-01    0.77055E-02    0.45245E-02    0.69327E-03   -0.10398E-02   -0.12906E-03    0.73898E-02   -0.86168E-03   -0.40417E-03   -0.32439E-02   -0.42658E-04   -0.11000E-01   -0.21974E-02   -0.21557E-02   -0.37823E-02   -0.72937E-03   -0.99969E-03   -0.13909E-02   -0.45705E-02   -0.59187E-02   -0.23645E-02
   -0.72142E-05    0.10540E-04   -0.25424E-05   -0.12882E-02   -0.36556E-03   -0.27393E-02    0.18322E-03    0.43285E+00   -0.13260E+00   -0.94284E+00    0.22377E+00    0.40337E+00    0.25791E+00   -0.64348E-02    0.46716E-01   -0.12343E-01   -0.67618E-06    0.82577E-04    0.19788E-02   -0.13280E-01   -0.17694E-01   -0.12976E-01   -0.15231E-02    0.52903E-02    0.82033E-03   -0.29072E-01   -0.20830E-03    0.41644E-02    0.36870E-02   -0.56560E-02    0.35379E-01   -0.24886E-02    0.17510E-02    0.34576E-02    0.27286E-02   -0.52855E-03    0.29138E-02    0.45463E-02    0.85833E-02   -0.20323E-03
   -0.16941E-05    0.49938E-05   -0.13995E-05   -0.84568E-04   -0.25271E-04   -0.12496E-03   -0.36717E-04    0.13640E+01   -0.17053E+00   -0.10395E+01    0.23228E+00    0.52644E+00   -0.13169E+00    0.76833E-02   -0.12343E-01    0.21746E-01   -0.52628E-06   -0.19898E-04   -0.23655E-02   -0.15154E-01    0.46301E-02   -0.83624E-02   -0.19033E-03   -0.39288E-02   -0.24378E-02    0.65593E-02   -0.14278E-02   -0.49623E-02    0.73697E-02   -0.77493E-02   -0.16996E-01   -0.20158E-01    0.10927E-02   -0.15838E-01   -0.10218E-01   -0.51126E-02   -0.65344E-02   -0.59736E-02   -0.11464E-02    0.11473E-01
    0.26690E-10   -0.18828E-09    0.14381E-08   -0.14917E-06   -0.53215E-07   -0.20651E-06   -0.85803E-07    0.78423E-03    0.96343E-04    0.23544E-03   -0.95196E-04   -0.83435E-04    0.26756E-04    0.82762E-06   -0.67618E-06   -0.52628E-06    0.15780E-06    0.98409E-08    0.67354E-06    0.13876E-05   -0.21028E-04   -0.10912E-04   -0.37066E-05   -0.34323E-05   -0.20942E-05    0.14382E-04    0.11258E-04   -0.16219E-05    0.92488E-05    0.31799E-05    0.60884E-05    0.50088E-05   -0.66797E-05    0.62547E-06   -0.40720E-06    0.14226E-04    0.43118E-05    0.11498E-04    0.69432E-05    0.81501E-05
   -0.17356E-07    0.17456E-07   -0.76465E-08   -0.26705E-05   -0.10924E-06   -0.50338E-05    0.39465E-06   -0.59656E-03    0.31243E-02   -0.36282E-02   -0.10764E-02    0.15270E-02   -0.12538E-03   -0.25103E-04    0.82577E-04   -0.19898E-04    0.98409E-08    0.16048E-05   -0.64812E-05   -0.46303E-04    0.10013E-03    0.38828E-04   -0.20924E-04   -0.24858E-05   -0.10525E-05    0.21900E-03    0.19727E-04    0.15630E-04    0.27452E-04    0.19079E-04   -0.19112E-03   -0.20210E-04   -0.53309E-04    0.26761E-04   -0.22873E-04    0.29962E-04    0.45562E-04   -0.15928E-04   -0.43681E-04    0.34886E-04
    0.15323E-05   -0.10461E-05    0.56024E-07    0.29550E-03    0.88956E-04    0.63084E-03    0.14441E-03   -0.42956E+00    0.12702E+01    0.38745E+00    0.12497E-01   -0.19455E+00   -0.31528E-01    0.36754E-02    0.19788E-02   -0.23655E-02    0.67354E-06   -0.64812E-05    0.82637E-01   -0.74460E-02    0.16687E-02    0.47180E-02   -0.47683E-02    0.43649E-02   -0.24941E-02   -0.11900E-02    0.44548E-02   -0.36140E-04    0.53362E-03   -0.41153E-02    0.24771E-02   -0.18541E-02   -0.29976E-02   -0.32842E-02   -0.19903E-02   -0.49088E-03    0.37272E-02    0.20190E-02    0.33048E-02   -0.30022E-02
   -0.73367E-04    0.11647E-03   -0.31948E-04   -0.15498E-01   -0.44612E-02   -0.32197E-01   -0.79675E-03   -0.12711E+02   -0.12652E+02   -0.10538E+02   -0.34844E+00   -0.98493E+00   -0.19409E-01   -0.20911E-01   -0.13280E-01   -0.15154E-01    0.13876E-05   -0.46303E-04   -0.74460E-02    0.81123E+01   -0.12426E-01    0.32828E-01    0.26077E-01   -0.22062E-01    0.17366E-01    0.45852E-02    0.64218E-01   -0.30846E-01    0.14276E-01   -0.35629E-02   -0.18918E-01    0.31495E-01   -0.30426E-01   -0.27920E-01    0.61361E-01   -0.14996E-01    0.20385E-01    0.16130E-01    0.66892E-01   -0.19302E-01
   -0.13356E-04    0.78629E-04   -0.12725E-04   -0.10366E-02   -0.23595E-05   -0.11454E-02    0.77285E-04    0.10351E+02    0.13077E+01    0.15283E+01   -0.10562E+01   -0.64201E+00    0.16859E+00    0.77055E-02   -0.17694E-01    0.46301E-02   -0.21028E-04    0.10013E-03    0.16687E-02   -0.12426E-01    0.72306E+00   -0.10973E+00   -0.11139E-02    0.61813E-02   -0.16689E-02    0.18128E+00   -0.36982E-01   -0.42397E-01   -0.11989E-01   -0.72146E-01    0.26861E-01    0.38169E-01   -0.39859E-01   -0.60598E-01   -0.13555E+00    0.15785E+00    0.42238E-01   -0.12278E-01    0.37772E-01    0.62850E-01
   -0.49583E-05   -0.31748E-04    0.40830E-05    0.74864E-03    0.14633E-03    0.16404E-02   -0.42051E-03   -0.10307E+02    0.53148E+00    0.96767E+00   -0.60402E+00   -0.54677E+00    0.77659E-01    0.45245E-02   -0.12976E-01   -0.83624E-02   -0.10912E-04    0.38828E-04    0.47180E-02    0.32828E-01   -0.10973E+00    0.93492E+00   -0.12776E-02    0.56127E-02    0.26257E-01   -0.15678E+00    0.18940E+00    0.60743E-01   -0.30461E-01    0.43513E-01   -0.12796E+00    0.64232E-02    0.24936E-01    0.25937E-01    0.16851E+00   -0.23264E+00    0.32984E-01    0.11072E+00   -0.16265E-02   -0.22891E+00
    0.30335E-06   -0.14104E-04   -0.27163E-05    0.18929E-03   -0.32817E-04    0.33493E-03   -0.50308E-03    0.50319E-01    0.22701E+00   -0.38278E-01   -0.99936E-01    0.55350E-02   -0.14424E-01    0.69327E-03   -0.15231E-02   -0.19033E-03   -0.37066E-05   -0.20924E-04   -0.47683E-02    0.26077E-01   -0.11139E-02   -0.12776E-02    0.99490E+00    0.72926E-03   -0.19933E-02   -0.54542E-01   -0.31735E-01    0.15475E+00   -0.15388E-01    0.99016E-01   -0.81421E-02    0.41105E-01   -0.14579E-01   -0.14063E-01    0.10135E+00   -0.56839E-01    0.79138E-02    0.21803E-01   -0.17793E+00    0.89803E-01
   -0.12300E-05    0.38653E-06   -0.54365E-05   -0.52723E-03   -0.64383E-04   -0.10110E-02    0.87563E-04    0.39591E+00    0.33454E+00    0.12908E+00   -0.87967E-01   -0.35784E-01   -0.17022E-01   -0.10398E-02    0.52903E-02   -0.39288E-02   -0.34323E-05   -0.24858E-05    0.43649E-02   -0.22062E-01    0.61813E-02    0.56127E-02    0.72926E-03    0.98957E+00   -0.77190E-02    0.39483E-01   -0.84005E-01    0.76974E-01   -0.85097E-01    0.53480E-01    0.67275E-01    0.11926E+00    0.41347E-01    0.14277E+00   -0.12268E+00    0.73337E-01    0.38273E-01    0.12213E-02   -0.11968E+00    0.48611E-01
   -0.13255E-05    0.66233E-05   -0.30492E-05    0.31973E-03    0.11669E-04    0.69944E-03    0.49648E-04   -0.16257E+01   -0.21488E+00   -0.16972E-01   -0.48151E-01   -0.52380E-01    0.34287E-01   -0.12906E-03    0.82033E-03   -0.24378E-02   -0.20942E-05   -0.10525E-05   -0.24941E-02    0.17366E-01   -0.16689E-02    0.26257E-01   -0.19933E-02   -0.77190E-02    0.10034E+01    0.13916E-01    0.54629E-01   -0.35648E-01    0.58383E-01    0.69499E-01    0.64402E-01   -0.74622E-01   -0.76867E-01    0.57397E-01    0.54717E-01    0.72654E-01   -0.66771E-01    0.95142E-01   -0.15952E-01   -0.16773E-02
    0.39407E-05    0.94189E-05   -0.25543E-05    0.85810E-03    0.40934E-03    0.20712E-02    0.16274E-03   -0.10385E+01   -0.17613E+01    0.97427E+00    0.68244E+00   -0.39345E+00   -0.28602E-01    0.73898E-02   -0.29072E-01    0.65593E-02    0.14382E-04    0.21900E-03   -0.11900E-02    0.45852E-02    0.18128E+00   -0.15678E+00   -0.54542E-01    0.39483E-01    0.13916E-01    0.87195E+00   -0.15552E-01   -0.95698E-02   -0.70416E-02   -0.80510E-02    0.17315E-01    0.12112E+00   -0.11480E+00    0.23379E-01   -0.61407E-01    0.65703E+00    0.23921E+00   -0.57129E-01   -0.51700E-01    0.95734E-01
    0.68856E-06    0.24577E-05    0.46706E-05    0.26265E-03    0.22478E-03    0.64851E-03   -0.43361E-03   -0.63127E+01   -0.42640E+00    0.60564E+00   -0.90665E-01   -0.34503E+00    0.78460E-01   -0.86168E-03   -0.20830E-03   -0.14278E-02    0.11258E-04    0.19727E-04    0.44548E-02    0.64218E-01   -0.36982E-01    0.18940E+00   -0.31735E-01   -0.84005E-01    0.54629E-01   -0.15552E-01    0.10115E+01    0.12753E-01   -0.24383E-01    0.13460E-01    0.59333E-01   -0.14548E-02   -0.61314E-01   -0.15945E-01    0.18148E+00   -0.74577E-01    0.25192E+00    0.80546E+00    0.28468E+00   -0.20303E+00
    0.70455E-05   -0.26802E-04    0.13048E-06    0.52157E-03    0.10101E-03    0.97842E-03   -0.35008E-04   -0.36233E+00    0.24672E-02   -0.24600E+00   -0.65307E-02    0.36130E-01   -0.69627E-01   -0.40417E-03    0.41644E-02   -0.49623E-02   -0.16219E-05    0.15630E-04   -0.36140E-04   -0.30846E-01   -0.42397E-01    0.60743E-01    0.15475E+00    0.76974E-01   -0.35648E-01   -0.95698E-02    0.12753E-01    0.94879E+00   -0.11414E-02    0.98139E-03    0.73441E-01   -0.38487E-01    0.12244E+00    0.14772E+00   -0.13354E+00   -0.19306E+00    0.60302E+00    0.14076E+00   -0.58079E+00    0.16922E+00
   -0.19447E-05   -0.14200E-05   -0.15919E-06    0.22574E-03   -0.30616E-04    0.38775E-03   -0.93919E-03    0.82405E+00   -0.13954E+00   -0.17161E+00    0.15513E+00    0.19332E+00   -0.50104E-01   -0.32439E-02    0.36870E-02    0.73697E-02    0.92488E-05    0.27452E-04    0.53362E-03    0.14276E-01   -0.11989E-01   -0.30461E-01   -0.15388E-01   -0.85097E-01    0.58383E-01   -0.70416E-02   -0.24383E-01   -0.11414E-02    0.97421E+00    0.13205E-02   -0.76402E-02   -0.86833E-01   -0.13803E+00   -0.22004E-01   -0.95411E-01   -0.59004E-01    0.71698E-01   -0.62460E-01    0.29530E+00    0.66537E+00
    0.36881E-05   -0.12982E-04   -0.39646E-05    0.46889E-03    0.42251E-04    0.86247E-03    0.21680E-03   -0.21055E+01   -0.13865E+00    0.40014E+00   -0.15412E-02   -0.20440E+00   -0.34602E-01   -0.42658E-04   -0.56560E-02   -0.77493E-02    0.31799E-05    0.19079E-04   -0.41153E-02   -0.35629E-02   -0.72146E-01    0.43513E-01    0.99016E-01    0.53480E-01    0.69499E-01   -0.80510E-02    0.13460E-01    0.98139E-03    0.13205E-02    0.99633E+00   -0.66393E-01    0.86994E-01    0.35624E-01    0.17026E+00    0.14576E-01    0.11553E+00   -0.55960E+00    0.40628E+00   -0.35290E+00    0.21848E+00
   -0.75994E-06   -0.93100E-05   -0.10194E-05   -0.69494E-05    0.14065E-04   -0.35548E-04    0.33894E-03    0.23950E+00    0.12614E+01   -0.11728E+01   -0.45084E+00    0.36960E+00   -0.21272E-02   -0.11000E-01    0.35379E-01   -0.16996E-01    0.60884E-05   -0.19112E-03    0.24771E-02   -0.18918E-01    0.26861E-01   -0.12796E+00   -0.81421E-02    0.67275E-01    0.64402E-01    0.17315E-01    0.59333E-01    0.73441E-01   -0.76402E-02   -0.66393E-01    0.91876E+00    0.59631E-02   -0.12875E-01   -0.15657E-01   -0.24068E-03    0.59273E+00    0.17591E+00    0.12903E+00    0.71789E-01   -0.77587E-01
   -0.23758E-05    0.18672E-04   -0.62780E-05   -0.51534E-03   -0.89679E-04   -0.90681E-03   -0.26654E-03    0.37561E+00    0.32274E+00    0.83994E+00   -0.18789E+00   -0.54174E+00   -0.22607E-01   -0.21974E-02   -0.24886E-02   -0.20158E-01    0.50088E-05   -0.20210E-04   -0.18541E-02    0.31495E-01    0.38169E-01    0.64232E-02    0.41105E-01    0.11926E+00   -0.74622E-01    0.12112E+00   -0.14548E-02   -0.38487E-01   -0.86833E-01    0.86994E-01    0.59631E-02    0.98400E+00   -0.50348E-02   -0.63873E-02   -0.24972E-01    0.98025E-01    0.16502E+00    0.16038E-02    0.13901E+00    0.15552E+00
    0.45030E-05    0.20579E-06    0.21308E-05    0.76952E-05   -0.13414E-03   -0.38271E-04    0.60324E-04    0.11430E+01    0.25231E+00   -0.41915E+00   -0.12975E-01    0.17493E+00   -0.54513E-01   -0.21557E-02    0.17510E-02    0.10927E-02   -0.66797E-05   -0.53309E-04   -0.29976E-02   -0.30426E-01   -0.39859E-01    0.24936E-01   -0.14579E-01    0.41347E-01   -0.76867E-01   -0.11480E+00   -0.61314E-01    0.12244E+00   -0.13803E+00    0.35624E-01   -0.12875E-01   -0.50348E-02    0.98900E+00    0.37761E-02    0.35283E-02   -0.12599E+00    0.23552E-01    0.15744E+00    0.35112E-01   -0.65870E-01
    0.74163E-05   -0.23251E-04    0.21500E-05    0.64848E-03    0.18582E-03    0.12103E-02   -0.96533E-04   -0.10448E+01   -0.11020E+00    0.54289E+00   -0.66201E-01   -0.36944E+00   -0.31081E-01   -0.37823E-02    0.34576E-02   -0.15838E-01    0.62547E-06    0.26761E-04   -0.32842E-02   -0.27920E-01   -0.60598E-01    0.25937E-01   -0.14063E-01    0.14277E+00    0.57397E-01    0.23379E-01   -0.15945E-01    0.14772E+00   -0.22004E-01    0.17026E+00   -0.15657E-01   -0.63873E-02    0.37761E-02    0.10140E+01   -0.18252E-01   -0.56172E-02    0.19933E-01    0.13313E+00   -0.27839E+00    0.12258E+00
    0.13183E-05   -0.34749E-04    0.71912E-05    0.53456E-03    0.48007E-04    0.87322E-03   -0.87191E-03   -0.43319E+01   -0.53029E+00    0.20423E+00    0.41020E-01   -0.18603E+00    0.44285E-01   -0.72937E-03    0.27286E-02   -0.10218E-01   -0.40720E-06   -0.22873E-04   -0.19903E-02    0.61361E-01   -0.13555E+00    0.16851E+00    0.10135E+00   -0.12268E+00    0.54717E-01   -0.61407E-01    0.18148E+00   -0.13354E+00   -0.95411E-01    0.14576E-01   -0.24068E-03   -0.24972E-01    0.35283E-02   -0.18252E-01    0.99808E+00   -0.38321E-01   -0.49759E-01    0.58213E-01    0.17807E+00   -0.11436E+00
    0.13044E-05    0.33494E-05   -0.33523E-05    0.51896E-03    0.28360E-03    0.12799E-02    0.54558E-03   -0.20386E+00   -0.42669E+00   -0.53314E-01    0.21148E+00   -0.20396E-01   -0.13428E-01   -0.99969E-03   -0.52855E-03   -0.51126E-02    0.14226E-04    0.29962E-04   -0.49088E-03   -0.14996E-01    0.15785E+00   -0.23264E+00   -0.56839E-01    0.73337E-01    0.72654E-01    0.65703E+00   -0.74577E-01   -0.19306E+00   -0.59004E-01    0.11553E+00    0.59273E+00    0.98025E-01   -0.12599E+00   -0.56172E-02   -0.38321E-01    0.96935E+00   -0.95398E-02    0.10684E-01    0.82981E-02    0.38493E-02
    0.28842E-05    0.11629E-05    0.18284E-05    0.31923E-03    0.15490E-03    0.77244E-03   -0.44234E-03   -0.11054E+01   -0.34224E+00    0.21316E+00    0.83915E-01   -0.20180E+00   -0.30838E-01   -0.13909E-02    0.29138E-02   -0.65344E-02    0.43118E-05    0.45562E-04    0.37272E-02    0.20385E-01    0.42238E-01    0.32984E-01    0.79138E-02    0.38273E-01   -0.66771E-01    0.23921E+00    0.25192E+00    0.60302E+00    0.71698E-01   -0.55960E+00    0.17591E+00    0.16502E+00    0.23552E-01    0.19933E-01   -0.49759E-01   -0.95398E-02    0.97265E+00   -0.73845E-02    0.33169E-01   -0.11386E-01
    0.39436E-05   -0.18277E-05    0.28261E-05    0.54384E-03    0.21344E-03    0.11963E-02    0.98875E-04   -0.40660E+01   -0.40059E-01    0.56771E+00   -0.22943E+00   -0.32571E+00    0.39588E-01   -0.45705E-02    0.45463E-02   -0.59736E-02    0.11498E-04   -0.15928E-04    0.20190E-02    0.16130E-01   -0.12278E-01    0.11072E+00    0.21803E-01    0.12213E-02    0.95142E-01   -0.57129E-01    0.80546E+00    0.14076E+00   -0.62460E-01    0.40628E+00    0.12903E+00    0.16038E-02    0.15744E+00    0.13313E+00    0.58213E-01    0.10684E-01   -0.73845E-02    0.10382E+01   -0.13235E-01   -0.11180E-01
   -0.68115E-05    0.27695E-04    0.14808E-05   -0.51957E-03   -0.11631E-03   -0.96667E-03   -0.56036E-03   -0.15986E+00    0.16606E+00    0.28210E+00   -0.12135E+00   -0.11463E+00    0.47688E-01   -0.59187E-02    0.85833E-02   -0.11464E-02    0.69432E-05   -0.43681E-04    0.33048E-02    0.66892E-01    0.37772E-01   -0.16265E-02   -0.17793E+00   -0.11968E+00   -0.15952E-01   -0.51700E-01    0.28468E+00   -0.58079E+00    0.29530E+00   -0.35290E+00    0.71789E-01    0.13901E+00    0.35112E-01   -0.27839E+00    0.17807E+00    0.82981E-02    0.33169E-01   -0.13235E-01    0.96315E+00   -0.58737E-02
    0.31846E-05    0.71113E-05   -0.80375E-05    0.49104E-04   -0.33398E-04    0.88686E-04   -0.45320E-03    0.35722E+01   -0.10048E+00   -0.24029E+00    0.19840E+00    0.24224E+00   -0.58367E-01   -0.23645E-02   -0.20323E-03    0.11473E-01    0.81501E-05    0.34886E-04   -0.30022E-02   -0.19302E-01    0.62850E-01   -0.22891E+00    0.89803E-01    0.48611E-01   -0.16773E-02    0.95734E-01   -0.20303E+00    0.16922E+00    0.66537E+00    0.21848E+00   -0.77587E-01    0.15552E+00   -0.65870E-01    0.12258E+00   -0.11436E+00    0.38493E-02   -0.11386E-01   -0.11180E-01   -0.58737E-02    0.96954E+00
