# omegabh2 omegach2 theta tau nnu ns logA asz
    0.22507E-06   -0.27782E-05    0.97783E-06    0.17932E-05   -0.12925E-03    0.30675E-05   -0.32369E-06    0.98784E-05
   -0.27782E-05    0.25865E-03   -0.41190E-04   -0.47749E-04    0.11417E-01    0.47792E-04    0.44083E-03   -0.45087E-03
    0.97783E-06   -0.41190E-04    0.12364E-04    0.85780E-05   -0.20461E-02   -0.17028E-05   -0.58195E-04    0.13251E-04
    0.17932E-05   -0.47749E-04    0.85780E-05    0.18544E-03   -0.18615E-02    0.39608E-04    0.28074E-03    0.10989E-03
   -0.12925E-03    0.11417E-01   -0.20461E-02   -0.18615E-02    0.54096E+00    0.28310E-02    0.19172E-01   -0.15522E-01
    0.30675E-05    0.47792E-04   -0.17028E-05    0.39608E-04    0.28310E-02    0.13399E-03    0.21770E-03   -0.67334E-03
   -0.32369E-06    0.44083E-03   -0.58195E-04    0.28074E-03    0.19172E-01    0.21770E-03    0.15729E-02   -0.17190E-02
    0.98784E-05   -0.45087E-03    0.13251E-04    0.10989E-03   -0.15522E-01   -0.67334E-03   -0.17190E-02    0.32918E+00
