# omegabh2 omegach2 theta tau logA ns nrun acib217 acibsz143 asz143 aps100 aps143 aps143217 aps217 aksz kgal100 t1gal143 t1gal143217 t1gal217 calib_100T calib_217T
    0.7181327E-07   -0.2433720E-06    0.5535150E-07    0.1621357E-05    0.2933623E-05    0.5838380E-06   -0.7981473E-06   -0.1454785E-03   -0.9112511E-04    0.1980323E-04   -0.7004883E-03   -0.4286509E-03   -0.1865197E-03   -0.2128201E-03   -0.2181662E-04    0.9997742E-03    0.5325339E-03    0.5510456E-03    0.5354694E-03   -0.6937101E-07    0.2206629E-08
   -0.2433720E-06    0.4870199E-05   -0.4900528E-06   -0.1054173E-04   -0.9749156E-05   -0.1130764E-04   -0.2028358E-05    0.1306618E-02    0.5058375E-03   -0.1037711E-03    0.9218671E-03    0.1352999E-02   -0.1408658E-03   -0.6157578E-03    0.1166202E-03    0.3225398E-02    0.2664562E-02    0.2553082E-02    0.2540664E-02   -0.1312469E-06   -0.5408705E-07
    0.5535150E-07   -0.4900528E-06    0.2527046E-06    0.1743238E-05    0.2552541E-05    0.1473635E-05   -0.2100876E-07   -0.1376562E-03   -0.7036301E-04    0.2671025E-04   -0.5402389E-03   -0.3231410E-03   -0.8128794E-04   -0.8938761E-04   -0.6543792E-05    0.2497308E-03    0.1464505E-04    0.5706834E-04    0.9757737E-04   -0.2778384E-07   -0.6257275E-08
    0.1621357E-05   -0.1054173E-04    0.1743238E-05    0.2217526E-03    0.4317214E-03    0.2986659E-04   -0.4034675E-04   -0.4295846E-02   -0.2401751E-02   -0.8815770E-03    0.2301269E-02    0.2833449E-04    0.2534070E-02    0.2683545E-02    0.1289680E-03   -0.6284522E-02   -0.1457703E-01   -0.1487599E-01   -0.1547584E-01   -0.7834462E-06    0.2164180E-06
    0.2933623E-05   -0.9749156E-05    0.2552541E-05    0.4317214E-03    0.8860489E-03    0.2906181E-04   -0.1004796E-03   -0.1717037E-02   -0.2711413E-02   -0.2835880E-02    0.3563069E-01    0.1892244E-01    0.1555415E-01    0.1235773E-01    0.4871289E-03   -0.3000809E-01   -0.7573556E-01   -0.7609151E-01   -0.7723732E-01   -0.4861364E-05   -0.4203870E-07
    0.5838380E-06   -0.1130764E-04    0.1473635E-05    0.2986659E-04    0.2906181E-04    0.4443382E-04    0.1637032E-04   -0.1748110E-01   -0.7978637E-02   -0.1662782E-02   -0.1475771E-01    0.4099299E-02    0.1808349E-01    0.2004519E-01   -0.3705225E-02   -0.7965432E-02   -0.9203130E-02   -0.1095570E-01   -0.1071622E-01    0.7156110E-06    0.7340368E-06
   -0.7981473E-06   -0.2028358E-05   -0.2100876E-07   -0.4034675E-04   -0.1004796E-03    0.1637032E-04    0.6401085E-04   -0.1628566E-01   -0.7426845E-02   -0.1338564E-02   -0.1359065E-01    0.4151760E-02    0.1740425E-01    0.1915785E-01   -0.3668563E-02   -0.8874182E-02   -0.4695349E-02   -0.6952146E-02   -0.7516947E-02    0.1381678E-05    0.8274230E-06
   -0.1454785E-03    0.1306618E-02   -0.1376562E-03   -0.4295846E-02   -0.1717037E-02   -0.1748110E-01   -0.1628566E-01    0.7693794E+02    0.2965427E+02    0.1485743E+01    0.2373021E+02   -0.2292208E+02   -0.7577708E+02   -0.9353199E+02   -0.2319245E+01   -0.9081025E+01   -0.2000044E+02   -0.2403879E+02   -0.2792245E+02   -0.2957956E-03   -0.3882735E-02
   -0.9112511E-04    0.5058375E-03   -0.7036301E-04   -0.2401751E-02   -0.2711413E-02   -0.7978637E-02   -0.7426845E-02    0.2965427E+02    0.2066131E+02    0.2649879E+01   -0.1001826E+02   -0.2430187E+02   -0.4911178E+02   -0.3105036E+02   -0.1078323E+01   -0.5930364E+01   -0.1122503E+02   -0.1837318E+02   -0.2000175E+02   -0.1669836E-03   -0.2967825E-03
    0.1980323E-04   -0.1037711E-03    0.2671025E-04   -0.8815770E-03   -0.2835880E-02   -0.1662782E-02   -0.1338564E-02    0.1485743E+01    0.2649879E+01    0.5539483E+01   -0.3621206E+02   -0.1652572E+02   -0.6103424E+01   -0.1759548E+01   -0.5122605E-01   -0.1788957E+01    0.2158985E+00    0.3633455E+01    0.4033248E+01   -0.1397714E-03    0.1736297E-03
   -0.7004883E-03    0.9218671E-03   -0.5402389E-03    0.2301269E-02    0.3563069E-01   -0.1475771E-01   -0.1359065E-01    0.2373021E+02   -0.1001826E+02   -0.3621206E+02    0.7558164E+03    0.1783246E+03    0.7251558E+02    0.1514468E+02   -0.1077758E+02   -0.8392700E+02   -0.6979012E+02   -0.7513634E+02   -0.7301991E+02   -0.3992603E-02   -0.3997460E-02
   -0.4286509E-03    0.1352999E-02   -0.3231410E-03    0.2833449E-04    0.1892244E-01    0.4099299E-02    0.4151760E-02   -0.2292208E+02   -0.2430187E+02   -0.1652572E+02    0.1783246E+03    0.1254366E+03    0.1021702E+03    0.6107767E+02   -0.1032073E+02   -0.2757899E+02   -0.4746939E+02   -0.4067866E+02   -0.3700961E+02   -0.1212555E-02   -0.9801160E-03
   -0.1865197E-03   -0.1408658E-03   -0.8128794E-04    0.2534070E-02    0.1555415E-01    0.1808349E-01    0.1740425E-01   -0.7577708E+02   -0.4911178E+02   -0.6103424E+01    0.7251558E+02    0.1021702E+03    0.1642435E+03    0.1244119E+03   -0.8331943E+01   -0.2019523E+02   -0.2831711E+02   -0.1785362E+02   -0.1747879E+02   -0.1334449E-02    0.2187825E-02
   -0.2128201E-03   -0.6157578E-03   -0.8938761E-04    0.2683545E-02    0.1235773E-01    0.2004519E-01    0.1915785E-01   -0.9353199E+02   -0.3105036E+02   -0.1759548E+01    0.1514468E+02    0.6107767E+02    0.1244119E+03    0.1633300E+03   -0.8024114E+01   -0.2250187E+02   -0.3155112E+02   -0.3986581E+02   -0.4371405E+02   -0.1440567E-02    0.6849704E-02
   -0.2181662E-04    0.1166202E-03   -0.6543792E-05    0.1289680E-03    0.4871289E-03   -0.3705225E-02   -0.3668563E-02   -0.2319245E+01   -0.1078323E+01   -0.5122605E-01   -0.1077758E+02   -0.1032073E+02   -0.8331943E+01   -0.8024114E+01    0.8081429E+01   -0.2355333E+01   -0.3322490E+01   -0.3660822E+01   -0.4065734E+01   -0.6247946E-04    0.1963343E-03
    0.9997742E-03    0.3225398E-02    0.2497308E-03   -0.6284522E-02   -0.3000809E-01   -0.7965432E-02   -0.8874182E-02   -0.9081025E+01   -0.5930364E+01   -0.1788957E+01   -0.8392700E+02   -0.2757899E+02   -0.2019523E+02   -0.2250187E+02   -0.2355333E+01    0.2385286E+03    0.1563201E+03    0.1533270E+03    0.1505505E+03   -0.1319316E-01    0.3880626E-03
    0.5325339E-03    0.2664562E-02    0.1464505E-04   -0.1457703E-01   -0.7573556E-01   -0.9203130E-02   -0.4695349E-02   -0.2000044E+02   -0.1122503E+02    0.2158985E+00   -0.6979012E+02   -0.4746939E+02   -0.2831711E+02   -0.3155112E+02   -0.3322490E+01    0.1563201E+03    0.2781853E+03    0.2819310E+03    0.2819920E+03    0.9294993E-02    0.5263580E-03
    0.5510456E-03    0.2553082E-02    0.5706834E-04   -0.1487599E-01   -0.7609151E-01   -0.1095570E-01   -0.6952146E-02   -0.2403879E+02   -0.1837318E+02    0.3633455E+01   -0.7513634E+02   -0.4067866E+02   -0.1785362E+02   -0.3986581E+02   -0.3660822E+01    0.1533270E+03    0.2819310E+03    0.3260782E+03    0.3530185E+03    0.9216213E-02   -0.5163049E-02
    0.5354694E-03    0.2540664E-02    0.9757737E-04   -0.1547584E-01   -0.7723732E-01   -0.1071622E-01   -0.7516947E-02   -0.2792245E+02   -0.2000175E+02    0.4033248E+01   -0.7301991E+02   -0.3700961E+02   -0.1747879E+02   -0.4371405E+02   -0.4065734E+01    0.1505505E+03    0.2819920E+03    0.3530185E+03    0.4067042E+03    0.9346313E-02   -0.1025396E-01
   -0.6937101E-07   -0.1312469E-06   -0.2778384E-07   -0.7834462E-06   -0.4861364E-05    0.7156110E-06    0.1381678E-05   -0.2957956E-03   -0.1669836E-03   -0.1397714E-03   -0.3992603E-02   -0.1212555E-02   -0.1334449E-02   -0.1440567E-02   -0.6247946E-04   -0.1319316E-01    0.9294993E-02    0.9216213E-02    0.9346313E-02    0.3102622E-05    0.2443338E-08
    0.2206629E-08   -0.5408705E-07   -0.6257275E-08    0.2164180E-06   -0.4203870E-07    0.7340368E-06    0.8274230E-06   -0.3882735E-02   -0.2967825E-03    0.1736297E-03   -0.3997460E-02   -0.9801160E-03    0.2187825E-02    0.6849704E-02    0.1963343E-03    0.3880626E-03    0.5263580E-03   -0.5163049E-02   -0.1025396E-01    0.2443338E-08    0.1525710E-05
