# omegabh2 omegach2 theta tau logA ns Aphiphi calPlanck acib217 xi asz143 aps100 aps143 aps143217 aps217 aksz kgal100 kgal143 kgal143217 kgal217 galfEE100 galfEE100143 galfEE100217 galfEE143 galfEE143217 galfEE217 galfTE100 galfTE100143 galfTE100217 galfTE143 galfTE143217 galfTE217 cal0 cal2
    0.2521823E-07   -0.1437020E-06    0.2150575E-07    0.1051618E-05    0.1822999E-05    0.3777161E-06   -0.1398664E-06   -0.1017787E-07   -0.1400722E-03    0.2788685E-05    0.2500677E-04   -0.4318387E-03   -0.2497189E-03   -0.4406234E-04    0.6860104E-04   -0.4514093E-04   -0.3537620E-05   -0.4454033E-05   -0.2055889E-04    0.6846932E-05    0.1000449E-06    0.2392340E-07    0.8600205E-08    0.2597871E-07    0.1866828E-07    0.6248389E-07   -0.4360772E-06   -0.1466959E-06   -0.4433458E-06    0.1733271E-07   -0.3777518E-06   -0.1683275E-05    0.5134277E-08   -0.1507923E-07
   -0.1437020E-06    0.2137628E-05   -0.1853335E-06   -0.1148215E-04   -0.1759442E-04   -0.5256956E-05   -0.8079319E-05    0.9732554E-07    0.4653126E-03   -0.1154861E-04   -0.1359134E-03    0.2310890E-02    0.1429057E-02    0.5167302E-03    0.2159641E-03    0.1764877E-03    0.1996326E-04    0.5209282E-04    0.1050427E-03    0.8269542E-04   -0.1343851E-05   -0.3454074E-06    0.1759044E-06   -0.3914602E-06   -0.1814991E-07    0.2996988E-06    0.2300740E-05    0.1016743E-05    0.1207269E-05    0.5765756E-06    0.2320699E-05    0.9246220E-05   -0.1040686E-07    0.7274338E-07
    0.2150575E-07   -0.1853335E-06    0.9920229E-07    0.1273284E-05    0.2154659E-05    0.5837412E-06    0.1569073E-05   -0.1831954E-07   -0.7294709E-04    0.2294497E-05    0.1656679E-04   -0.3613184E-03   -0.1717452E-03   -0.3772361E-04   -0.7165161E-05   -0.8730937E-05   -0.2340922E-05   -0.6512641E-05   -0.3797872E-05    0.9701149E-05    0.1333957E-06    0.3956937E-07   -0.6248461E-07    0.2785262E-07   -0.1063992E-06    0.3636815E-07   -0.4840664E-06   -0.1166652E-06   -0.4806926E-06   -0.1014761E-06   -0.3339266E-06   -0.1887619E-05    0.2578193E-09   -0.4835043E-08
    0.1051618E-05   -0.1148215E-04    0.1273284E-05    0.3047617E-03    0.5745282E-03    0.3913724E-04   -0.3723837E-03   -0.3738843E-05   -0.1619305E-01    0.3133210E-03    0.2623748E-02   -0.5217811E-01   -0.1834324E-01    0.2311838E-02    0.1386944E-01   -0.5283797E-02   -0.8648352E-03   -0.1293613E-02   -0.2144054E-02    0.1250700E-02    0.6175688E-05    0.1515406E-05   -0.5266028E-06    0.6899963E-06   -0.2176225E-05    0.3202145E-05   -0.3669803E-04   -0.9981698E-05   -0.5120767E-04    0.2024886E-05   -0.7443303E-05   -0.5750052E-04    0.2334452E-06   -0.1828846E-05
    0.1822999E-05   -0.1759442E-04    0.2154659E-05    0.5745282E-03    0.1120978E-02    0.6319101E-04   -0.7843764E-03    0.5108466E-05   -0.3169229E-01    0.6795818E-03    0.4908906E-02   -0.9457062E-01   -0.3074728E-01    0.1006129E-01    0.3518304E-01   -0.1109599E-01   -0.1852992E-02   -0.3081213E-02   -0.4434047E-02    0.4286918E-02    0.1079598E-04    0.2300875E-05   -0.5614557E-06    0.1627771E-05   -0.3787394E-05    0.7158015E-05   -0.6963994E-04   -0.1683039E-04   -0.1010881E-03    0.7522831E-05   -0.1344987E-04   -0.9106277E-04    0.7111500E-06   -0.3563677E-05
    0.3777161E-06   -0.5256956E-05    0.5837412E-06    0.3913724E-04    0.6319101E-04    0.2253387E-04    0.8560196E-05   -0.3254864E-06   -0.5498246E-02    0.1252437E-03    0.1200953E-02   -0.2632169E-01   -0.7982089E-02    0.1534413E-02    0.5155019E-02   -0.2469560E-02    0.1448507E-03   -0.2420580E-03   -0.5488852E-03    0.6176212E-03    0.5466967E-05    0.1815423E-05   -0.4530702E-06    0.2105685E-05    0.3693029E-06    0.1972379E-06   -0.5044332E-05   -0.2405990E-05   -0.5845102E-05   -0.4372116E-07   -0.2480356E-05   -0.3108823E-04   -0.1435760E-06   -0.5169174E-06
   -0.1398664E-06   -0.8079319E-05    0.1569073E-05   -0.3723837E-03   -0.7843764E-03    0.8560196E-05    0.1318157E-02   -0.5650983E-05    0.2481714E-01   -0.5040027E-03   -0.3415953E-02    0.6494417E-01    0.1121797E-01   -0.1924799E-01   -0.3902220E-01    0.9942780E-02    0.1589386E-02    0.3247681E-02    0.3607803E-02   -0.4562772E-02    0.9008895E-05    0.3387525E-05   -0.5000597E-05    0.4157808E-05   -0.1686665E-05    0.6960434E-05    0.7248239E-04    0.1221416E-04    0.7628188E-04   -0.3659671E-04   -0.3951507E-04   -0.3850631E-04   -0.1128217E-05    0.2279304E-05
   -0.1017787E-07    0.9732554E-07   -0.1831954E-07   -0.3738843E-05    0.5108466E-05   -0.3254864E-06   -0.5650983E-05    0.6120766E-05    0.8661673E-03    0.1177297E-04   -0.1724111E-04    0.3546821E-02    0.1132150E-02    0.9479580E-03    0.1446785E-02   -0.5454159E-04    0.9367211E-05   -0.5080462E-04    0.4210490E-04    0.6440957E-03    0.1380151E-05    0.2773593E-06    0.2299810E-06    0.8058267E-06    0.4033115E-06    0.3797478E-06    0.7929165E-06    0.8380208E-06   -0.1622608E-06    0.6279717E-06   -0.2045822E-05    0.1117599E-05    0.1028873E-07   -0.3313774E-08
   -0.1400722E-03    0.4653126E-03   -0.7294709E-04   -0.1619305E-01   -0.3169229E-01   -0.5498246E-02    0.2481714E-01    0.8661673E-03    0.4936922E+02   -0.4510552E+00   -0.1646479E+01    0.4352498E+02    0.1627945E+01   -0.1990757E+02   -0.6654123E+02    0.2172049E+00   -0.3372665E+00    0.2190785E+00   -0.3563374E+01   -0.2621209E+02   -0.1085054E-03   -0.2266178E-04    0.8103686E-03   -0.1418564E-03    0.1621009E-02    0.2321019E-02    0.3952083E-02    0.8736850E-03   -0.1485357E-02   -0.1154998E-02   -0.5030428E-02    0.3632429E-02   -0.2441347E-03    0.4362310E-02
    0.2788685E-05   -0.1154861E-04    0.2294497E-05    0.3133210E-03    0.6795818E-03    0.1252437E-03   -0.5040027E-03    0.1177297E-04   -0.4510552E+00    0.8023300E-01   -0.6230799E-01   -0.4862403E+00    0.9665465E+00    0.1785884E+01    0.7111115E+00    0.5706018E-01   -0.5245502E-02    0.6714135E-02    0.1036578E+00    0.1112772E+00   -0.6268986E-05    0.8378463E-05   -0.1832077E-04    0.1552156E-04   -0.9265462E-04    0.7398671E-04    0.2951213E-03    0.2012611E-03    0.4190091E-04    0.1456721E-03    0.4511872E-04   -0.1421939E-03    0.6806069E-05   -0.1304920E-04
    0.2500677E-04   -0.1359134E-03    0.1656679E-04    0.2623748E-02    0.4908906E-02    0.1200953E-02   -0.3415953E-02   -0.1724111E-04   -0.1646479E+01   -0.6230799E-01    0.3612636E+01   -0.2817027E+02   -0.3704123E+01    0.7382012E+01    0.6416975E+01   -0.2419283E+01   -0.1713446E+00    0.1001425E+00    0.2392854E+01    0.2009187E+01    0.6165676E-03    0.1365087E-03   -0.4060298E-04    0.9731756E-04    0.3015711E-03   -0.3609313E-03    0.5839412E-03    0.1969340E-03   -0.1435088E-02   -0.7744340E-03    0.2537875E-04   -0.4935038E-03    0.1926764E-03   -0.3771790E-03
   -0.4318387E-03    0.2310890E-02   -0.3613184E-03   -0.5217811E-01   -0.9457062E-01   -0.2632169E-01    0.6494417E-01    0.3546821E-02    0.4352498E+02   -0.4862403E+00   -0.2817027E+02    0.6995962E+03    0.6631217E+02   -0.5646644E+02   -0.6979816E+02    0.1161126E+02   -0.2664179E+00    0.7643739E-01   -0.1322631E+02   -0.2069994E+02   -0.6017348E-02   -0.1847489E-02    0.1709899E-02   -0.1846685E-02   -0.7444653E-02    0.1361339E-01    0.2526420E-01   -0.1048404E-01    0.2223472E-01   -0.2213510E-02    0.1085644E-01    0.8622510E-02    0.4192764E-02    0.4061265E-02
   -0.2497189E-03    0.1429057E-02   -0.1717452E-03   -0.1834324E-01   -0.3074728E-01   -0.7982089E-02    0.1121797E-01    0.1132150E-02    0.1627945E+01    0.9665465E+00   -0.3704123E+01    0.6631217E+02    0.5739609E+02    0.4113551E+02    0.1554414E+02   -0.4458795E+01   -0.3424492E+00   -0.9678207E+00    0.3494630E+01    0.3216112E+01   -0.2229784E-02   -0.6476105E-03   -0.1498740E-02   -0.5828593E-03   -0.3055073E-02    0.4191167E-02    0.4222586E-02    0.4128184E-02   -0.7110721E-02    0.2531657E-02    0.3939597E-02    0.2145996E-01    0.1456355E-03    0.3233126E-03
   -0.4406234E-04    0.5167302E-03   -0.3772361E-04    0.2311838E-02    0.1006129E-01    0.1534413E-02   -0.1924799E-01    0.9479580E-03   -0.1990757E+02    0.1785884E+01    0.7382012E+01   -0.5646644E+02    0.4113551E+02    0.9132895E+02    0.6301415E+02   -0.1118982E+02   -0.5613285E+00   -0.2939132E+00    0.4512488E+01    0.5519172E+01   -0.1789147E-03    0.5198505E-04   -0.2030167E-02    0.2084693E-03   -0.2419836E-02    0.1018640E-02    0.1007445E-01    0.5633811E-02   -0.7139864E-02    0.1735813E-02    0.7473195E-02    0.1777356E-01    0.7905373E-03   -0.2371227E-02
    0.6860104E-04    0.2159641E-03   -0.7165161E-05    0.1386944E-01    0.3518304E-01    0.5155019E-02   -0.3902220E-01    0.1446785E-02   -0.6654123E+02    0.7111115E+00    0.6416975E+01   -0.6979816E+02    0.1554414E+02    0.6301415E+02    0.1247381E+03   -0.9551818E+01    0.1136750E+00   -0.4319293E+00    0.1077638E+01    0.2314939E+02   -0.3273848E-03   -0.1175292E-03   -0.2351383E-02    0.2002671E-03   -0.1828843E-02   -0.2676641E-02    0.1537182E-02    0.5253111E-03   -0.8590495E-02   -0.4314855E-04    0.1230157E-01    0.1214562E-01    0.7257629E-03   -0.7580974E-02
   -0.4514093E-04    0.1764877E-03   -0.8730937E-05   -0.5283797E-02   -0.1109599E-01   -0.2469560E-02    0.9942780E-02   -0.5454159E-04    0.2172049E+00    0.5706018E-01   -0.2419283E+01    0.1161126E+02   -0.4458795E+01   -0.1118982E+02   -0.9551818E+01    0.5571920E+01    0.8816072E-01   -0.9952214E-01   -0.1738818E+01   -0.1156776E+01   -0.5020524E-03   -0.1133963E-03    0.5329661E-03   -0.1179610E-03   -0.6565677E-04   -0.7312849E-03    0.4841090E-03    0.4635203E-03    0.4543925E-02   -0.5869996E-03   -0.1310978E-02   -0.4276077E-02   -0.1334833E-03    0.1837647E-03
   -0.3537620E-05    0.1996326E-04   -0.2340922E-05   -0.8648352E-03   -0.1852992E-02    0.1448507E-03    0.1589386E-02    0.9367211E-05   -0.3372665E+00   -0.5245502E-02   -0.1713446E+00   -0.2664179E+00   -0.3424492E+00   -0.5613285E+00    0.1136750E+00    0.8816072E-01    0.3189184E+01    0.8008898E+00    0.3591389E+00    0.6019427E+00   -0.6907269E-04    0.1216138E-04    0.2670239E-03   -0.1932742E-04   -0.4499424E-03    0.2325200E-03   -0.1193279E-02    0.1222323E-02    0.1121214E-02    0.9265429E-04    0.1085170E-02    0.3772544E-02    0.4391234E-03   -0.3636318E-04
   -0.4454033E-05    0.5209282E-04   -0.6512641E-05   -0.1293613E-02   -0.3081213E-02   -0.2420580E-03    0.3247681E-02   -0.5080462E-04    0.2190785E+00    0.6714135E-02    0.1001425E+00    0.7643739E-01   -0.9678207E+00   -0.2939132E+00   -0.4319293E+00   -0.9952214E-01    0.8008898E+00    0.3122096E+01    0.2416290E+01    0.1332610E+01    0.2131913E-03    0.2464659E-04    0.2331266E-03   -0.2243131E-03   -0.4659661E-03    0.5589088E-03    0.5972745E-02    0.7444444E-03    0.2728950E-02   -0.1785999E-03   -0.3379144E-02   -0.2354678E-03   -0.4097237E-03   -0.2428429E-03
   -0.2055889E-04    0.1050427E-03   -0.3797872E-05   -0.2144054E-02   -0.4434047E-02   -0.5488852E-03    0.3607803E-02    0.4210490E-04   -0.3563374E+01    0.1036578E+00    0.2392854E+01   -0.1322631E+02    0.3494630E+01    0.4512488E+01    0.1077638E+01   -0.1738818E+01    0.3591389E+00    0.2416290E+01    0.1779141E+02    0.2727489E+02    0.6849760E-03    0.2008015E-03    0.2844241E-03   -0.1440435E-03   -0.8954783E-03    0.3538538E-02    0.7370983E-02    0.2761302E-02   -0.1905811E-02    0.9812409E-03   -0.3127677E-02   -0.1929630E-02   -0.7459667E-04    0.2392840E-02
    0.6846932E-05    0.8269542E-04    0.9701149E-05    0.1250700E-02    0.4286918E-02    0.6176212E-03   -0.4562772E-02    0.6440957E-03   -0.2621209E+02    0.1112772E+00    0.2009187E+01   -0.2069994E+02    0.3216112E+01    0.5519172E+01    0.2314939E+02   -0.1156776E+01    0.6019427E+00    0.1332610E+01    0.2727489E+02    0.6242452E+02    0.1068305E-02    0.2052926E-03   -0.6859814E-03    0.1207229E-03   -0.2159211E-02    0.4711306E-02    0.3705907E-03    0.1321367E-02    0.5137132E-02    0.3884588E-02   -0.2520167E-02   -0.1045723E-02   -0.1181897E-04    0.4282114E-02
    0.1000449E-06   -0.1343851E-05    0.1333957E-06    0.6175688E-05    0.1079598E-04    0.5466967E-05    0.9008895E-05    0.1380151E-05   -0.1085054E-03   -0.6268986E-05    0.6165676E-03   -0.6017348E-02   -0.2229784E-02   -0.1789147E-03   -0.3273848E-03   -0.5020524E-03   -0.6907269E-04    0.2131913E-03    0.6849760E-03    0.1068305E-02    0.1243745E-03    0.1098534E-04   -0.1918668E-06    0.3022777E-05   -0.2135356E-05    0.3515726E-05   -0.1671675E-04   -0.1929387E-05   -0.1309983E-04    0.2418281E-05   -0.3207303E-05   -0.2035232E-04   -0.1104819E-06    0.3087938E-07
    0.2392340E-07   -0.3454074E-06    0.3956937E-07    0.1515406E-05    0.2300875E-05    0.1815423E-05    0.3387525E-05    0.2773593E-06   -0.2266178E-04    0.8378463E-05    0.1365087E-03   -0.1847489E-02   -0.6476105E-03    0.5198505E-04   -0.1175292E-03   -0.1133963E-03    0.1216138E-04    0.2464659E-04    0.2008015E-03    0.2052926E-03    0.1098534E-04    0.1386156E-04    0.8694542E-07    0.5928700E-05    0.3258184E-06   -0.9082468E-07   -0.2342910E-05   -0.2282665E-05   -0.7051677E-06   -0.1683574E-06    0.3880529E-08    0.5107281E-05   -0.1472722E-07    0.6466396E-07
    0.8600205E-08    0.1759044E-06   -0.6248461E-07   -0.5266028E-06   -0.5614557E-06   -0.4530702E-06   -0.5000597E-05    0.2299810E-06    0.8103686E-03   -0.1832077E-04   -0.4060298E-04    0.1709899E-02   -0.1498740E-02   -0.2030167E-02   -0.2351383E-02    0.5329661E-03    0.2670239E-03    0.2331266E-03    0.2844241E-03   -0.6859814E-03   -0.1918668E-06    0.8694542E-07    0.2242138E-03   -0.1550494E-06   -0.2735679E-05   -0.2134234E-06   -0.6354316E-05   -0.1168133E-05    0.4910000E-04   -0.2610959E-05   -0.2982017E-05   -0.7008775E-05    0.1127060E-06    0.4324845E-08
    0.2597871E-07   -0.3914602E-06    0.2785262E-07    0.6899963E-06    0.1627771E-05    0.2105685E-05    0.4157808E-05    0.8058267E-06   -0.1418564E-03    0.1552156E-04    0.9731756E-04   -0.1846685E-02   -0.5828593E-03    0.2084693E-03    0.2002671E-03   -0.1179610E-03   -0.1932742E-04   -0.2243131E-03   -0.1440435E-03    0.1207229E-03    0.3022777E-05    0.5928700E-05   -0.1550494E-06    0.2941353E-04    0.7729621E-06    0.2796880E-05    0.1551827E-05    0.1582712E-06   -0.4058342E-05    0.1981433E-06   -0.5194972E-05   -0.3226884E-05   -0.1928128E-07    0.7759189E-07
    0.1866828E-07   -0.1814991E-07   -0.1063992E-06   -0.2176225E-05   -0.3787394E-05    0.3693029E-06   -0.1686665E-05    0.4033115E-06    0.1621009E-02   -0.9265462E-04    0.3015711E-03   -0.7444653E-02   -0.3055073E-02   -0.2419836E-02   -0.1828843E-02   -0.6565677E-04   -0.4499424E-03   -0.4659661E-03   -0.8954783E-03   -0.2159211E-02   -0.2135356E-05    0.3258184E-06   -0.2735679E-05    0.7729621E-06    0.3971482E-03    0.9381457E-05    0.1278477E-04    0.2652475E-05    0.5378138E-04   -0.8149430E-05   -0.3965263E-05    0.3143324E-04   -0.1785877E-06    0.1185079E-06
    0.6248389E-07    0.2996988E-06    0.3636815E-07    0.3202145E-05    0.7158015E-05    0.1972379E-06    0.6960434E-05    0.3797478E-06    0.2321019E-02    0.7398671E-04   -0.3609313E-03    0.1361339E-01    0.4191167E-02    0.1018640E-02   -0.2676641E-02   -0.7312849E-03    0.2325200E-03    0.5589088E-03    0.3538538E-02    0.4711306E-02    0.3515726E-05   -0.9082468E-07   -0.2134234E-06    0.2796880E-05    0.9381457E-05    0.3505335E-02    0.2216310E-06    0.1201398E-04   -0.1339571E-04    0.1112086E-04   -0.1634392E-04   -0.2146935E-04   -0.1759989E-07    0.1208298E-05
   -0.4360772E-06    0.2300740E-05   -0.4840664E-06   -0.3669803E-04   -0.6963994E-04   -0.5044332E-05    0.7248239E-04    0.7929165E-06    0.3952083E-02    0.2951213E-03    0.5839412E-03    0.2526420E-01    0.4222586E-02    0.1007445E-01    0.1537182E-02    0.4841090E-03   -0.1193279E-02    0.5972745E-02    0.7370983E-02    0.3705907E-03   -0.1671675E-04   -0.2342910E-05   -0.6354316E-05    0.1551827E-05    0.1278477E-04    0.2216310E-06    0.5839571E-02    0.1835458E-02    0.1838274E-02   -0.6742545E-03   -0.8254736E-04   -0.4115915E-04    0.1900871E-05   -0.5290491E-06
   -0.1466959E-06    0.1016743E-05   -0.1166652E-06   -0.9981698E-05   -0.1683039E-04   -0.2405990E-05    0.1221416E-04    0.8380208E-06    0.8736850E-03    0.2012611E-03    0.1969340E-03   -0.1048404E-01    0.4128184E-02    0.5633811E-02    0.5253111E-03    0.4635203E-03    0.1222323E-02    0.7444444E-03    0.2761302E-02    0.1321367E-02   -0.1929387E-05   -0.2282665E-05   -0.1168133E-05    0.1582712E-06    0.2652475E-05    0.1201398E-04    0.1835458E-02    0.1230548E-02    0.8045327E-03    0.2176469E-03    0.2647488E-04   -0.2172897E-03    0.1146012E-06   -0.7436820E-07
   -0.4433458E-06    0.1207269E-05   -0.4806926E-06   -0.5120767E-04   -0.1010881E-03   -0.5845102E-05    0.7628188E-04   -0.1622608E-06   -0.1485357E-02    0.4190091E-04   -0.1435088E-02    0.2223472E-01   -0.7110721E-02   -0.7139864E-02   -0.8590495E-02    0.4543925E-02    0.1121214E-02    0.2728950E-02   -0.1905811E-02    0.5137132E-02   -0.1309983E-04   -0.7051677E-06    0.4910000E-04   -0.4058342E-05    0.5378138E-04   -0.1339571E-04    0.1838274E-02    0.8045327E-03    0.3332586E-01   -0.6331311E-03    0.1614329E-02    0.1093123E-01    0.5850777E-06   -0.3619003E-06
    0.1733271E-07    0.5765756E-06   -0.1014761E-06    0.2024886E-05    0.7522831E-05   -0.4372116E-07   -0.3659671E-04    0.6279717E-06   -0.1154998E-02    0.1456721E-03   -0.7744340E-03   -0.2213510E-02    0.2531657E-02    0.1735813E-02   -0.4314855E-04   -0.5869996E-03    0.9265429E-04   -0.1785999E-03    0.9812409E-03    0.3884588E-02    0.2418281E-05   -0.1683574E-06   -0.2610959E-05    0.1981433E-06   -0.8149430E-05    0.1112086E-04   -0.6742545E-03    0.2176469E-03   -0.6331311E-03    0.1384628E-02    0.1522256E-03   -0.4364693E-03    0.1318584E-06    0.7291335E-06
   -0.3777518E-06    0.2320699E-05   -0.3339266E-06   -0.7443303E-05   -0.1344987E-04   -0.2480356E-05   -0.3951507E-04   -0.2045822E-05   -0.5030428E-02    0.4511872E-04    0.2537875E-04    0.1085644E-01    0.3939597E-02    0.7473195E-02    0.1230157E-01   -0.1310978E-02    0.1085170E-02   -0.3379144E-02   -0.3127677E-02   -0.2520167E-02   -0.3207303E-05    0.3880529E-08   -0.2982017E-05   -0.5194972E-05   -0.3965263E-05   -0.1634392E-04   -0.8254736E-04    0.2647488E-04    0.1614329E-02    0.1522256E-03    0.5062816E-02    0.3916662E-02    0.1080154E-05   -0.1059424E-05
   -0.1683275E-05    0.9246220E-05   -0.1887619E-05   -0.5750052E-04   -0.9106277E-04   -0.3108823E-04   -0.3850631E-04    0.1117599E-05    0.3632429E-02   -0.1421939E-03   -0.4935038E-03    0.8622510E-02    0.2145996E-01    0.1777356E-01    0.1214562E-01   -0.4276077E-02    0.3772544E-02   -0.2354678E-03   -0.1929630E-02   -0.1045723E-02   -0.2035232E-04    0.5107281E-05   -0.7008775E-05   -0.3226884E-05    0.3143324E-04   -0.2146935E-04   -0.4115915E-04   -0.2172897E-03    0.1093123E-01   -0.4364693E-03    0.3916662E-02    0.3502505E-01   -0.1752220E-06   -0.2604506E-05
    0.5134277E-08   -0.1040686E-07    0.2578193E-09    0.2334452E-06    0.7111500E-06   -0.1435760E-06   -0.1128217E-05    0.1028873E-07   -0.2441347E-03    0.6806069E-05    0.1926764E-03    0.4192764E-02    0.1456355E-03    0.7905373E-03    0.7257629E-03   -0.1334833E-03    0.4391234E-03   -0.4097237E-03   -0.7459667E-04   -0.1181897E-04   -0.1104819E-06   -0.1472722E-07    0.1127060E-06   -0.1928128E-07   -0.1785877E-06   -0.1759989E-07    0.1900871E-05    0.1146012E-06    0.5850777E-06    0.1318584E-06    0.1080154E-05   -0.1752220E-06    0.5274325E-06    0.2962317E-09
   -0.1507923E-07    0.7274338E-07   -0.4835043E-08   -0.1828846E-05   -0.3563677E-05   -0.5169174E-06    0.2279304E-05   -0.3313774E-08    0.4362310E-02   -0.1304920E-04   -0.3771790E-03    0.4061265E-02    0.3233126E-03   -0.2371227E-02   -0.7580974E-02    0.1837647E-03   -0.3636318E-04   -0.2428429E-03    0.2392840E-02    0.4282114E-02    0.3087938E-07    0.6466396E-07    0.4324845E-08    0.7759189E-07    0.1185079E-06    0.1208298E-05   -0.5290491E-06   -0.7436820E-07   -0.3619003E-06    0.7291335E-06   -0.1059424E-05   -0.2604506E-05    0.2962317E-09    0.2065683E-05
