# omegabh2 omegach2 theta tau omegak ns logA asz
    0.22031E-06   -0.38138E-06    0.62724E-06    0.17687E-05   -0.80497E-06    0.45942E-05    0.45205E-05    0.17033E-05
   -0.38138E-06    0.18904E-04   -0.72003E-07   -0.16220E-04    0.12176E-04   -0.20611E-04    0.31255E-04   -0.13556E-03
    0.62724E-06   -0.72003E-07    0.50172E-05    0.49693E-05   -0.36604E-05    0.13464E-04    0.18419E-04   -0.14443E-04
    0.17687E-05   -0.16220E-04    0.49693E-05    0.19707E-03   -0.14978E-04    0.60977E-04    0.35868E-03   -0.12043E-03
   -0.80497E-06    0.12176E-04   -0.36604E-05   -0.14978E-04    0.24368E-04   -0.23907E-04    0.44574E-05   -0.90954E-04
    0.45942E-05   -0.20611E-04    0.13464E-04    0.60977E-04   -0.23907E-04    0.14219E-03    0.11700E-03   -0.53194E-03
    0.45205E-05    0.31255E-04    0.18419E-04    0.35868E-03    0.44574E-05    0.11700E-03    0.91525E-03   -0.16079E-02
    0.17033E-05   -0.13556E-03   -0.14443E-04   -0.12043E-03   -0.90954E-04   -0.53194E-03   -0.16079E-02    0.33365E+00
