# omegabh2 omegach2 theta tau w wa logA ns calPlanck alpha_JLA beta_JLA acib217 xi asz143 aps100 aps143 aps143217 aps217 aksz kgal100 kgal143 kgal143217 kgal217 cal0 cal2
    0.5300232E-07   -0.2257446E-06    0.4267899E-07    0.1632069E-05   -0.3317227E-05    0.3241632E-04    0.2898703E-05    0.6660891E-06    0.2122488E-07    0.1997543E-07   -0.9243529E-07   -0.2318668E-03    0.3313435E-05    0.6370555E-04   -0.8940975E-03   -0.5508916E-03   -0.1373291E-03    0.5524449E-04   -0.8640516E-04   -0.3853946E-05   -0.1901679E-05   -0.2047870E-04    0.4312379E-04    0.8021590E-08   -0.1847783E-07
   -0.2257446E-06    0.4011722E-05   -0.3446505E-06   -0.1499644E-04    0.4670198E-04   -0.4748524E-03   -0.2084009E-04   -0.9009617E-05   -0.1339427E-06    0.1555747E-07   -0.1373221E-05    0.5550845E-03   -0.9497943E-05   -0.1960227E-03    0.2999741E-02    0.1838168E-02    0.7031599E-03    0.2811599E-03    0.1983385E-03    0.1487700E-04    0.8707618E-04   -0.2518148E-05   -0.1785035E-03   -0.5794113E-07    0.1804435E-07
    0.4267899E-07   -0.3446505E-06    0.1999107E-06    0.1923042E-05   -0.8330568E-05    0.6658594E-04    0.3329826E-05    0.1038097E-05    0.4935235E-07   -0.2852126E-07   -0.2562537E-06   -0.1233571E-03    0.8773419E-06    0.3077806E-04   -0.6118893E-03   -0.2677706E-03   -0.4960075E-04    0.5363364E-04   -0.2334895E-04   -0.6967419E-06    0.7799324E-05    0.1558349E-04    0.6051777E-04    0.6021271E-09   -0.1350999E-07
    0.1632069E-05   -0.1499644E-04    0.1923042E-05    0.3463186E-03   -0.3068889E-03    0.2346697E-02    0.6537147E-03    0.5035679E-04   -0.7352767E-06   -0.8380371E-06    0.2344416E-04   -0.1390172E-01    0.9239844E-04    0.3318790E-02   -0.6708593E-01   -0.2878891E-01   -0.6473923E-02    0.5069132E-02   -0.5045348E-02   -0.4537580E-03   -0.8796303E-03   -0.2127408E-02    0.2212609E-02   -0.5367717E-07   -0.1487593E-05
   -0.3317227E-05    0.4670198E-04   -0.8330568E-05   -0.3068889E-03    0.1207976E-01   -0.4206657E-01   -0.5218358E-03   -0.1159149E-03   -0.7483858E-05   -0.4263602E-04   -0.9079636E-03    0.6248215E-02    0.3209939E-03   -0.3168324E-02    0.1261465E+00    0.4856805E-01    0.2405444E-01    0.2930817E-02   -0.3123451E-02    0.6465183E-02    0.7288587E-02    0.1754681E-01    0.2304725E-01   -0.4722085E-06    0.2051036E-05
    0.3241632E-04   -0.4748524E-03    0.6658594E-04    0.2346697E-02   -0.4206657E-01    0.1888903E+00    0.3696869E-02    0.1133419E-02    0.4668940E-04    0.1080590E-03    0.2514488E-02   -0.7391678E-01    0.5441703E-05    0.2744855E-01   -0.6890663E+00   -0.3258347E+00   -0.1387320E+00   -0.3802678E-01   -0.8828138E-02   -0.1835500E-01   -0.3289125E-01   -0.6460049E-01   -0.6507261E-01    0.7497026E-05   -0.9762460E-05
    0.2898703E-05   -0.2084009E-04    0.3329826E-05    0.6537147E-03   -0.5218358E-03    0.3696869E-02    0.1281811E-02    0.7750791E-04    0.1139979E-04   -0.9235151E-06    0.3215401E-04   -0.2696189E-01    0.2169416E-03    0.6180309E-02   -0.1248064E+00   -0.5115738E-01   -0.7322086E-02    0.1787916E-01   -0.1071888E-01   -0.1118718E-02   -0.2324458E-02   -0.4853050E-02    0.5807215E-02    0.3107878E-07   -0.2929230E-05
    0.6660891E-06   -0.9009617E-05    0.1038097E-05    0.5035679E-04   -0.1159149E-03    0.1133419E-02    0.7750791E-04    0.3224601E-04    0.9440861E-07   -0.4597660E-06    0.3764498E-05   -0.6407003E-02    0.1123020E-03    0.1672630E-02   -0.3141579E-01   -0.1067809E-01    0.1172278E-02    0.5741519E-02   -0.3147898E-02    0.9849769E-04   -0.3678288E-03   -0.6492865E-03    0.8448342E-03   -0.9855573E-07   -0.6101537E-06
    0.2122488E-07   -0.1339427E-06    0.4935235E-07   -0.7352767E-06   -0.7483858E-05    0.4668940E-04    0.1139979E-04    0.9440861E-07    0.6366319E-05    0.2467372E-06   -0.3813994E-05    0.7942639E-03   -0.8684823E-05   -0.2380571E-04    0.2558749E-02    0.5924164E-03    0.4409844E-03    0.1433905E-02   -0.9754668E-04   -0.2251668E-04   -0.9120512E-04   -0.8325348E-04    0.6615409E-03   -0.5708590E-08    0.2354352E-07
    0.1997543E-07    0.1555747E-07   -0.2852126E-07   -0.8380371E-06   -0.4263602E-04    0.1080590E-03   -0.9235151E-06   -0.4597660E-06    0.2467372E-06    0.4336078E-04   -0.2075729E-04   -0.4309753E-03   -0.6681564E-05    0.2121953E-03    0.1226319E-02   -0.1845914E-03    0.6194676E-04    0.3914374E-03   -0.2232861E-03    0.1904537E-04    0.7712886E-04    0.9851800E-03    0.1851517E-02    0.1378874E-07    0.4770629E-07
   -0.9243529E-07   -0.1373221E-05   -0.2562537E-06    0.2344416E-04   -0.9079636E-03    0.2514488E-02    0.3215401E-04    0.3764498E-05   -0.3813994E-05   -0.2075729E-04    0.6515858E-02    0.3019785E-02    0.2241448E-03   -0.2742328E-02    0.2416554E-01    0.1041468E-01   -0.3380087E-02   -0.8689644E-02    0.1231915E-02   -0.3715287E-03    0.1889019E-03   -0.2117004E-03   -0.4412460E-02   -0.1799227E-06   -0.1786928E-05
   -0.2318668E-03    0.5550845E-03   -0.1233571E-03   -0.1390172E-01    0.6248215E-02   -0.7391678E-01   -0.2696189E-01   -0.6407003E-02    0.7942639E-03   -0.4309753E-03    0.3019785E-02    0.5007013E+02   -0.4636937E+00   -0.1791261E+01    0.4602589E+02    0.1462083E+01   -0.2102729E+02   -0.6746756E+02    0.5618352E+00   -0.3813657E+00    0.4259430E+00   -0.3187207E+01   -0.2604038E+02   -0.1716138E-03    0.4607700E-02
    0.3313435E-05   -0.9497943E-05    0.8773419E-06    0.9239844E-04    0.3209939E-03    0.5441703E-05    0.2169416E-03    0.1123020E-03   -0.8684823E-05   -0.6681564E-05    0.2241448E-03   -0.4636937E+00    0.8281339E-01   -0.7204596E-01   -0.4404598E+00    0.9208932E+00    0.1734863E+01    0.6777976E+00    0.7871190E-01    0.7633838E-02   -0.1057744E-01    0.7452731E-01    0.8258958E-01    0.1300801E-04   -0.1856949E-04
    0.6370555E-04   -0.1960227E-03    0.3077806E-04    0.3318790E-02   -0.3168324E-02    0.2744855E-01    0.6180309E-02    0.1672630E-02   -0.2380571E-04    0.2121953E-03   -0.2742328E-02   -0.1791261E+01   -0.7204596E-01    0.3838044E+01   -0.2995132E+02   -0.4184805E+01    0.7780777E+01    0.6991985E+01   -0.2801098E+01   -0.1464325E+00    0.1481294E+00    0.2483236E+01    0.2055316E+01    0.1976147E-03   -0.4082592E-03
   -0.8940975E-03    0.2999741E-02   -0.6118893E-03   -0.6708593E-01    0.1261465E+00   -0.6890663E+00   -0.1248064E+00   -0.3141579E-01    0.2558749E-02    0.1226319E-02    0.2416554E-01    0.4602589E+02   -0.4404598E+00   -0.2995132E+02    0.7266231E+03    0.7048555E+02   -0.6042825E+02   -0.7688783E+02    0.1475005E+02   -0.5177569E+00    0.5849389E+00   -0.1253995E+02   -0.2006804E+02    0.4487272E-02    0.4884648E-02
   -0.5508916E-03    0.1838168E-02   -0.2677706E-03   -0.2878891E-01    0.4856805E-01   -0.3258347E+00   -0.5115738E-01   -0.1067809E-01    0.5924164E-03   -0.1845914E-03    0.1041468E-01    0.1462083E+01    0.9208932E+00   -0.4184805E+01    0.7048555E+02    0.6135600E+02    0.4170727E+02    0.1776875E+02   -0.4394863E+01   -0.1513558E+00   -0.1140171E+01    0.3548632E+01    0.3485393E+01    0.1908679E-03    0.1828713E-03
   -0.1373291E-03    0.7031599E-03   -0.4960075E-04   -0.6473923E-02    0.2405444E-01   -0.1387320E+00   -0.7322086E-02    0.1172278E-02    0.4409844E-03    0.6194676E-04   -0.3380087E-02   -0.2102729E+02    0.1734863E+01    0.7780777E+01   -0.6042825E+02    0.4170727E+02    0.9275247E+02    0.6671710E+02   -0.1219971E+02   -0.2407437E+00   -0.6721702E+00    0.4373285E+01    0.5513512E+01    0.8856401E-03   -0.2795608E-02
    0.5524449E-04    0.2811599E-03    0.5363364E-04    0.5069132E-02    0.2930817E-02   -0.3802678E-01    0.1787916E-01    0.5741519E-02    0.1433905E-02    0.3914374E-03   -0.8689644E-02   -0.6746756E+02    0.6777976E+00    0.6991985E+01   -0.7688783E+02    0.1776875E+02    0.6671710E+02    0.1285213E+03   -0.1087740E+02    0.1440648E+00   -0.7811691E+00    0.8732115E+00    0.2296229E+02    0.5988378E-03   -0.8070720E-02
   -0.8640516E-04    0.1983385E-03   -0.2334895E-04   -0.5045348E-02   -0.3123451E-02   -0.8828138E-02   -0.1071888E-01   -0.3147898E-02   -0.9754668E-04   -0.2232861E-03    0.1231915E-02    0.5618352E+00    0.7871190E-01   -0.2801098E+01    0.1475005E+02   -0.4394863E+01   -0.1219971E+02   -0.1087740E+02    0.6342206E+01    0.1090030E+00   -0.1092329E+00   -0.1947724E+01   -0.1436723E+01   -0.1251315E-03    0.2497662E-03
   -0.3853946E-05    0.1487700E-04   -0.6967419E-06   -0.4537580E-03    0.6465183E-02   -0.1835500E-01   -0.1118718E-02    0.9849769E-04   -0.2251668E-04    0.1904537E-04   -0.3715287E-03   -0.3813657E+00    0.7633838E-02   -0.1464325E+00   -0.5177569E+00   -0.1513558E+00   -0.2407437E+00    0.1440648E+00    0.1090030E+00    0.3135742E+01    0.7191596E+00    0.3967480E+00    0.7291788E+00    0.4164134E-03   -0.1308412E-04
   -0.1901679E-05    0.8707618E-04    0.7799324E-05   -0.8796303E-03    0.7288587E-02   -0.3289125E-01   -0.2324458E-02   -0.3678288E-03   -0.9120512E-04    0.7712886E-04    0.1889019E-03    0.4259430E+00   -0.1057744E-01    0.1481294E+00    0.5849389E+00   -0.1140171E+01   -0.6721702E+00   -0.7811691E+00   -0.1092329E+00    0.7191596E+00    0.3230172E+01    0.2529291E+01    0.1437496E+01   -0.4245233E-03   -0.2013109E-03
   -0.2047870E-04   -0.2518148E-05    0.1558349E-04   -0.2127408E-02    0.1754681E-01   -0.6460049E-01   -0.4853050E-02   -0.6492865E-03   -0.8325348E-04    0.9851800E-03   -0.2117004E-03   -0.3187207E+01    0.7452731E-01    0.2483236E+01   -0.1253995E+02    0.3548632E+01    0.4373285E+01    0.8732115E+00   -0.1947724E+01    0.3967480E+00    0.2529291E+01    0.1788707E+02    0.2719539E+02   -0.5651359E-04    0.2372786E-02
    0.4312379E-04   -0.1785035E-03    0.6051777E-04    0.2212609E-02    0.2304725E-01   -0.6507261E-01    0.5807215E-02    0.8448342E-03    0.6615409E-03    0.1851517E-02   -0.4412460E-02   -0.2604038E+02    0.8258958E-01    0.2055316E+01   -0.2006804E+02    0.3485393E+01    0.5513512E+01    0.2296229E+02   -0.1436723E+01    0.7291788E+00    0.1437496E+01    0.2719539E+02    0.6205291E+02   -0.1838066E-04    0.4066378E-02
    0.8021590E-08   -0.5794113E-07    0.6021271E-09   -0.5367717E-07   -0.4722085E-06    0.7497026E-05    0.3107878E-07   -0.9855573E-07   -0.5708590E-08    0.1378874E-07   -0.1799227E-06   -0.1716138E-03    0.1300801E-04    0.1976147E-03    0.4487272E-02    0.1908679E-03    0.8856401E-03    0.5988378E-03   -0.1251315E-03    0.4164134E-03   -0.4245233E-03   -0.5651359E-04   -0.1838066E-04    0.5516388E-06    0.1907550E-07
   -0.1847783E-07    0.1804435E-07   -0.1350999E-07   -0.1487593E-05    0.2051036E-05   -0.9762460E-05   -0.2929230E-05   -0.6101537E-06    0.2354352E-07    0.4770629E-07   -0.1786928E-05    0.4607700E-02   -0.1856949E-04   -0.4082592E-03    0.4884648E-02    0.1828713E-03   -0.2795608E-02   -0.8070720E-02    0.2497662E-03   -0.1308412E-04   -0.2013109E-03    0.2372786E-02    0.4066378E-02    0.1907550E-07    0.2047550E-05
