# omegabh2 omegach2 theta tau logA ns Aphiphi calPlanck acib217 xi asz143 aps100 aps143 aps143217 aps217 aksz kgal100 kgal143 kgal143217 kgal217 galfEE100 galfEE100143 galfEE100217 galfEE143 galfEE143217 galfEE217 galfTE100 galfTE100143 galfTE100217 galfTE143 galfTE143217 galfTE217 cal0 cal2
    0.2441437E-07   -0.1377187E-06    0.2072499E-07    0.9823189E-06    0.1702763E-05    0.3741112E-06   -0.7779209E-07   -0.4050496E-08   -0.1348381E-03    0.2461587E-05    0.2511792E-04   -0.4606825E-03   -0.2503692E-03   -0.4785659E-04    0.6591714E-04   -0.4328299E-04   -0.3543697E-05   -0.3641097E-05   -0.1865541E-04    0.1029609E-04    0.1001248E-06    0.2672804E-07    0.1233995E-07    0.2914563E-07    0.1831196E-07    0.7660627E-07   -0.3176329E-06   -0.9325707E-07   -0.4125478E-06   -0.2605758E-07   -0.4818678E-06   -0.1778026E-05    0.2758138E-08   -0.1378488E-07
   -0.1377187E-06    0.2089491E-05   -0.1859446E-06   -0.1066384E-04   -0.1617884E-04   -0.5215852E-05   -0.9310387E-05    0.3321258E-07    0.4459084E-03   -0.7798985E-05   -0.1368874E-03    0.2428886E-02    0.1461731E-02    0.5849381E-03    0.1706707E-03    0.1689999E-03    0.1519634E-04    0.2473191E-04    0.1179357E-03    0.1404802E-03   -0.1268961E-05   -0.3587796E-06    0.1670581E-06   -0.3941439E-06   -0.7504231E-07   -0.3481249E-06    0.8983494E-06    0.2561930E-06    0.2556457E-05    0.5248243E-06    0.2697200E-05    0.1096641E-04    0.8353184E-08    0.8457670E-07
    0.2072499E-07   -0.1859446E-06    0.9845965E-07    0.1235817E-05    0.2097223E-05    0.5832933E-06    0.1587180E-05   -0.7413034E-08   -0.6801645E-04    0.1078531E-05    0.1511969E-04   -0.3494312E-03   -0.1628452E-03   -0.5505445E-04    0.4994504E-05   -0.1331189E-04   -0.5566455E-05   -0.4623454E-05   -0.1966139E-05    0.5115898E-05    0.1161214E-06    0.3295516E-07   -0.2298860E-07    0.2377674E-07   -0.7715458E-07    0.2870767E-07   -0.3950953E-06   -0.6958988E-07   -0.6082983E-06   -0.1210471E-06   -0.4425392E-06   -0.1983894E-05   -0.2370842E-08   -0.8209702E-08
    0.9823189E-06   -0.1066384E-04    0.1235817E-05    0.2987349E-03    0.5655439E-03    0.3688424E-04   -0.3691037E-03   -0.3356949E-05   -0.1483917E-01    0.2911145E-03    0.2648056E-02   -0.5177101E-01   -0.1874168E-01    0.1735942E-02    0.1211964E-01   -0.5084075E-02   -0.7587454E-03   -0.1289986E-02   -0.2320027E-02    0.3063153E-03    0.5843538E-05    0.1467402E-05   -0.1200298E-06    0.1420097E-05   -0.1503560E-05    0.6717417E-06   -0.2648532E-04   -0.7884216E-05   -0.5039390E-04   -0.5071470E-05   -0.1401279E-04   -0.6019016E-04    0.2095131E-06   -0.1792368E-05
    0.1702763E-05   -0.1617884E-04    0.2097223E-05    0.5655439E-03    0.1108853E-02    0.5886896E-04   -0.7817697E-03    0.5902508E-05   -0.2887088E-01    0.6431469E-03    0.4926851E-02   -0.9233820E-01   -0.3154726E-01    0.8797516E-02    0.3117837E-01   -0.1063969E-01   -0.1675343E-02   -0.3147136E-02   -0.4768924E-02    0.2503445E-02    0.1065736E-04    0.2215608E-05   -0.2111036E-06    0.3073127E-05   -0.2678864E-05    0.3596248E-06   -0.5315450E-04   -0.1531793E-04   -0.1070890E-03   -0.7296823E-05   -0.2555436E-04   -0.8897025E-04    0.7368023E-06   -0.3459667E-05
    0.3741112E-06   -0.5215852E-05    0.5832933E-06    0.3688424E-04    0.5886896E-04    0.2293923E-04    0.1418765E-04   -0.2270565E-06   -0.5599482E-02    0.1296654E-03    0.1195708E-02   -0.2748494E-01   -0.8045498E-02    0.1669369E-02    0.5591949E-02   -0.2539136E-02    0.1735856E-03   -0.2366276E-03   -0.7036459E-03    0.2736980E-03    0.5850603E-05    0.1989248E-05   -0.4322801E-06    0.2173521E-05    0.4599234E-06    0.6916723E-06   -0.9661049E-06   -0.7298633E-06   -0.7094581E-05   -0.7975916E-06   -0.4709753E-05   -0.3907123E-04   -0.1798536E-06   -0.5737340E-06
   -0.7779209E-07   -0.9310387E-05    0.1587180E-05   -0.3691037E-03   -0.7817697E-03    0.1418765E-04    0.1336033E-02   -0.5141792E-05    0.2466902E-01   -0.5502802E-03   -0.3241294E-02    0.6143708E-01    0.9761250E-02   -0.2042434E-01   -0.3791083E-01    0.9489451E-02    0.1816898E-02    0.3644819E-02    0.3815138E-02   -0.4526209E-02    0.7271715E-05    0.4132989E-05   -0.4183227E-05    0.2950977E-05   -0.1028770E-05    0.2761545E-04    0.7072345E-04    0.1449400E-04    0.6200502E-04   -0.2946556E-04   -0.2232398E-04   -0.4506688E-04   -0.1249346E-05    0.2442714E-05
   -0.4050496E-08    0.3321258E-07   -0.7413034E-08   -0.3356949E-05    0.5902508E-05   -0.2270565E-06   -0.5141792E-05    0.6169367E-05    0.9093198E-03    0.1147133E-04   -0.3665943E-04    0.3999010E-02    0.1045820E-02    0.8002669E-03    0.1306264E-02   -0.3316948E-04    0.3733109E-05   -0.5611854E-04   -0.1453973E-05    0.5752734E-03    0.1569640E-05    0.3076223E-06   -0.6229343E-07    0.7958248E-06    0.4690183E-06    0.3233181E-06    0.4556845E-06    0.4119107E-06   -0.5159531E-05    0.3688396E-06   -0.1539940E-05    0.3071468E-05    0.2809032E-07   -0.2282718E-08
   -0.1348381E-03    0.4459084E-03   -0.6801645E-04   -0.1483917E-01   -0.2887088E-01   -0.5599482E-02    0.2466902E-01    0.9093198E-03    0.4960610E+02   -0.4664272E+00   -0.1530678E+01    0.4355034E+02    0.1288094E+01   -0.2016902E+02   -0.6696147E+02    0.1619113E+00   -0.3248644E+00    0.2889704E+00   -0.3482056E+01   -0.2629602E+02   -0.4616033E-03   -0.1967785E-03    0.6735207E-03   -0.1255182E-03    0.9400645E-03    0.1243359E-02    0.1047321E-02    0.4837389E-03    0.4290274E-02   -0.9788851E-03   -0.1934983E-02    0.1460792E-01   -0.2310140E-03    0.4325457E-02
    0.2461587E-05   -0.7798985E-05    0.1078531E-05    0.2911145E-03    0.6431469E-03    0.1296654E-03   -0.5502802E-03    0.1147133E-04   -0.4664272E+00    0.8069827E-01   -0.6442713E-01   -0.5169153E+00    0.9635010E+00    0.1794668E+01    0.7368170E+00    0.5503475E-01   -0.4351291E-02    0.3409322E-02    0.9474727E-01    0.1075585E+00    0.4198270E-05    0.1365669E-04   -0.2828863E-04    0.2306698E-04   -0.7790984E-04    0.9240001E-04    0.2512973E-03    0.1205892E-03    0.6501157E-04    0.3031209E-04    0.6891355E-04    0.7855790E-04    0.6819794E-05   -0.1300485E-04
    0.2511792E-04   -0.1368874E-03    0.1511969E-04    0.2648056E-02    0.4926851E-02    0.1195708E-02   -0.3241294E-02   -0.3665943E-04   -0.1530678E+01   -0.6442713E-01    0.3654996E+01   -0.2860965E+02   -0.3737946E+01    0.7410043E+01    0.6320752E+01   -0.2456846E+01   -0.1660346E+00    0.6927623E-01    0.2367518E+01    0.1929604E+01    0.5166745E-03    0.1044678E-03   -0.2958695E-04    0.1684506E-04    0.2110754E-03   -0.7848463E-03    0.2218300E-04    0.1900297E-03   -0.1794317E-03   -0.6962663E-03    0.2248677E-03   -0.3021873E-02    0.2016680E-03   -0.3670165E-03
   -0.4606825E-03    0.2428886E-02   -0.3494312E-03   -0.5177101E-01   -0.9233820E-01   -0.2748494E-01    0.6143708E-01    0.3999010E-02    0.4355034E+02   -0.5169153E+00   -0.2860965E+02    0.7077267E+03    0.6704988E+02   -0.5785611E+02   -0.7018782E+02    0.1195096E+02   -0.1391227E+00    0.4453526E+00   -0.1283820E+02   -0.2008871E+02   -0.7914946E-02   -0.2144646E-02    0.1811523E-02   -0.1482065E-02   -0.4677324E-02    0.1574874E-01    0.3753483E-01   -0.7844585E-02    0.1246550E-01    0.2355716E-02    0.1797910E-01    0.4127483E-01    0.4125688E-02    0.3965868E-02
   -0.2503692E-03    0.1461731E-02   -0.1628452E-03   -0.1874168E-01   -0.3154726E-01   -0.8045498E-02    0.9761250E-02    0.1045820E-02    0.1288094E+01    0.9635010E+00   -0.3737946E+01    0.6704988E+02    0.5752955E+02    0.4121861E+02    0.1604063E+02   -0.4511419E+01   -0.3704127E+00   -0.1000250E+01    0.3542529E+01    0.3442554E+01   -0.2834377E-02   -0.4709611E-03   -0.1085560E-02   -0.6454500E-03   -0.1948902E-02    0.8427960E-03    0.3414689E-02    0.2288485E-02   -0.2129101E-02    0.1044313E-03    0.7012859E-02    0.2829300E-01    0.1578303E-03    0.3050686E-03
   -0.4785659E-04    0.5849381E-03   -0.5505445E-04    0.1735942E-02    0.8797516E-02    0.1669369E-02   -0.2042434E-01    0.8002669E-03   -0.2016902E+02    0.1794668E+01    0.7410043E+01   -0.5785611E+02    0.4121861E+02    0.9174616E+02    0.6355360E+02   -0.1133768E+02   -0.5341761E+00   -0.4685328E+00    0.4283785E+01    0.5376993E+01   -0.4019290E-03    0.2077333E-03   -0.1463525E-02    0.2540251E-03   -0.2071752E-02   -0.2085243E-02    0.8368108E-02    0.3427459E-02    0.3616941E-02   -0.7687425E-03    0.1011062E-01    0.1514676E-01    0.8162856E-03   -0.2374818E-02
    0.6591714E-04    0.1706707E-03    0.4994504E-05    0.1211964E-01    0.3117837E-01    0.5591949E-02   -0.3791083E-01    0.1306264E-02   -0.6696147E+02    0.7368170E+00    0.6320752E+01   -0.7018782E+02    0.1604063E+02    0.6355360E+02    0.1253635E+03   -0.9539620E+01    0.7408858E-01   -0.5953913E+00    0.9258922E+00    0.2321072E+02    0.3654118E-04    0.1768231E-03   -0.2088684E-02    0.2976470E-03   -0.1183127E-02   -0.2810567E-02    0.3580570E-02   -0.1097129E-03   -0.7815390E-02   -0.6274395E-03    0.1089879E-01   -0.5111168E-02    0.7292609E-03   -0.7572704E-02
   -0.4328299E-04    0.1689999E-03   -0.1331189E-04   -0.5084075E-02   -0.1063969E-01   -0.2539136E-02    0.9489451E-02   -0.3316948E-04    0.1619113E+00    0.5503475E-01   -0.2456846E+01    0.1195096E+02   -0.4511419E+01   -0.1133768E+02   -0.9539620E+01    0.5623718E+01    0.9130755E-01   -0.6330156E-01   -0.1762670E+01   -0.1142767E+01   -0.3773270E-03   -0.1768350E-03    0.3682385E-03   -0.1274956E-03    0.2161272E-03    0.7764184E-03    0.3937264E-03    0.3836665E-03   -0.1089083E-03    0.2160509E-03   -0.1671289E-02   -0.1315452E-02   -0.1376772E-03    0.1866742E-03
   -0.3543697E-05    0.1519634E-04   -0.5566455E-05   -0.7587454E-03   -0.1675343E-02    0.1735856E-03    0.1816898E-02    0.3733109E-05   -0.3248644E+00   -0.4351291E-02   -0.1660346E+00   -0.1391227E+00   -0.3704127E+00   -0.5341761E+00    0.7408858E-01    0.9130755E-01    0.3162252E+01    0.7901296E+00    0.3317673E+00    0.5956440E+00   -0.6452401E-04    0.3437589E-04    0.1221274E-03   -0.1340066E-04   -0.6249273E-03   -0.1572807E-04   -0.1254982E-02    0.1079104E-02   -0.5173059E-03   -0.1716294E-03    0.8370038E-03    0.2806385E-02    0.4388616E-03   -0.3196279E-04
   -0.3641097E-05    0.2473191E-04   -0.4623454E-05   -0.1289986E-02   -0.3147136E-02   -0.2366276E-03    0.3644819E-02   -0.5611854E-04    0.2889704E+00    0.3409322E-02    0.6927623E-01    0.4453526E+00   -0.1000250E+01   -0.4685328E+00   -0.5953913E+00   -0.6330156E-01    0.7901296E+00    0.3105931E+01    0.2385033E+01    0.1311675E+01    0.1665403E-03   -0.2718743E-06    0.1670102E-03   -0.2022656E-03   -0.4586113E-03    0.5819774E-04    0.5714577E-02    0.7342799E-03    0.5053444E-02   -0.5406435E-03   -0.2127721E-02    0.1741410E-02   -0.4107350E-03   -0.2302233E-03
   -0.1865541E-04    0.1179357E-03   -0.1966139E-05   -0.2320027E-02   -0.4768924E-02   -0.7036459E-03    0.3815138E-02   -0.1453973E-05   -0.3482056E+01    0.9474727E-01    0.2367518E+01   -0.1283820E+02    0.3542529E+01    0.4283785E+01    0.9258922E+00   -0.1762670E+01    0.3317673E+00    0.2385033E+01    0.1793485E+02    0.2755439E+02    0.8479263E-04    0.1133038E-03    0.2798782E-03   -0.2948283E-03   -0.6113752E-03    0.1034112E-02    0.3836445E-02    0.2163906E-02   -0.4583609E-02   -0.2052021E-03   -0.3027848E-02    0.7937958E-03   -0.7169875E-04    0.2451332E-02
    0.1029609E-04    0.1404802E-03    0.5115898E-05    0.3063153E-03    0.2503445E-02    0.2736980E-03   -0.4526209E-02    0.5752734E-03   -0.2629602E+02    0.1075585E+00    0.1929604E+01   -0.2008871E+02    0.3442554E+01    0.5376993E+01    0.2321072E+02   -0.1142767E+01    0.5956440E+00    0.1311675E+01    0.2755439E+02    0.6302179E+02    0.1240415E-03    0.1646866E-03   -0.1614834E-03   -0.1290957E-03   -0.1566423E-02    0.8236037E-03   -0.2092835E-02    0.1539668E-02   -0.5693816E-02    0.2682658E-02   -0.4254241E-02   -0.1905961E-02   -0.1555149E-04    0.4375526E-02
    0.1001248E-06   -0.1268961E-05    0.1161214E-06    0.5843538E-05    0.1065736E-04    0.5850603E-05    0.7271715E-05    0.1569640E-05   -0.4616033E-03    0.4198270E-05    0.5166745E-03   -0.7914946E-02   -0.2834377E-02   -0.4019290E-03    0.3654118E-04   -0.3773270E-03   -0.6452401E-04    0.1665403E-03    0.8479263E-04    0.1240415E-03    0.1242807E-03    0.1109674E-04   -0.1051520E-06    0.3213460E-05   -0.5993024E-06    0.2486835E-05   -0.1611123E-04   -0.2659591E-05   -0.2629071E-04   -0.6223342E-06   -0.4876380E-05   -0.2031950E-04   -0.1504696E-06   -0.1568760E-06
    0.2672804E-07   -0.3587796E-06    0.3295516E-07    0.1467402E-05    0.2215608E-05    0.1989248E-05    0.4132989E-05    0.3076223E-06   -0.1967785E-03    0.1365669E-04    0.1044678E-03   -0.2144646E-02   -0.4709611E-03    0.2077333E-03    0.1768231E-03   -0.1768350E-03    0.3437589E-04   -0.2718743E-06    0.1133038E-03    0.1646866E-03    0.1109674E-04    0.1388047E-04    0.6866801E-07    0.6081926E-05    0.5287317E-06   -0.1293593E-06   -0.1054568E-05   -0.2357531E-05   -0.3212352E-05   -0.1839329E-05    0.3003192E-06    0.2834097E-05   -0.1417304E-07    0.9617602E-08
    0.1233995E-07    0.1670581E-06   -0.2298860E-07   -0.1200298E-06   -0.2111036E-06   -0.4322801E-06   -0.4183227E-05   -0.6229343E-07    0.6735207E-03   -0.2828863E-04   -0.2958695E-04    0.1811523E-02   -0.1085560E-02   -0.1463525E-02   -0.2088684E-02    0.3682385E-03    0.1221274E-03    0.1670102E-03    0.2798782E-03   -0.1614834E-03   -0.1051520E-06    0.6866801E-07    0.2272596E-03    0.3020382E-06   -0.2567000E-05   -0.3900932E-05   -0.8348481E-05   -0.2947582E-05    0.7031933E-05   -0.2050953E-05    0.1631323E-05   -0.6301823E-05    0.7729437E-07    0.6570867E-07
    0.2914563E-07   -0.3941439E-06    0.2377674E-07    0.1420097E-05    0.3073127E-05    0.2173521E-05    0.2950977E-05    0.7958248E-06   -0.1255182E-03    0.2306698E-04    0.1684506E-04   -0.1482065E-02   -0.6454500E-03    0.2540251E-03    0.2976470E-03   -0.1274956E-03   -0.1340066E-04   -0.2022656E-03   -0.2948283E-03   -0.1290957E-03    0.3213460E-05    0.6081926E-05    0.3020382E-06    0.2985242E-04    0.5972115E-06    0.4101154E-05   -0.4858478E-06   -0.1611111E-05   -0.1148064E-05   -0.2814877E-05   -0.2520351E-05    0.1848879E-05   -0.2520521E-07    0.5147956E-07
    0.1831196E-07   -0.7504231E-07   -0.7715458E-07   -0.1503560E-05   -0.2678864E-05    0.4599234E-06   -0.1028770E-05    0.4690183E-06    0.9400645E-03   -0.7790984E-04    0.2110754E-03   -0.4677324E-02   -0.1948902E-02   -0.2071752E-02   -0.1183127E-02    0.2161272E-03   -0.6249273E-03   -0.4586113E-03   -0.6113752E-03   -0.1566423E-02   -0.5993024E-06    0.5287317E-06   -0.2567000E-05    0.5972115E-06    0.3936942E-03    0.8596511E-05    0.2070891E-05   -0.8004947E-06    0.5081725E-04   -0.5301087E-05   -0.5732549E-05   -0.1126754E-05   -0.1998756E-06   -0.6139143E-07
    0.7660627E-07   -0.3481249E-06    0.2870767E-07    0.6717417E-06    0.3596248E-06    0.6916723E-06    0.2761545E-04    0.3233181E-06    0.1243359E-02    0.9240001E-04   -0.7848463E-03    0.1574874E-01    0.8427960E-03   -0.2085243E-02   -0.2810567E-02    0.7764184E-03   -0.1572807E-04    0.5819774E-04    0.1034112E-02    0.8236037E-03    0.2486835E-05   -0.1293593E-06   -0.3900932E-05    0.4101154E-05    0.8596511E-05    0.3493832E-02    0.7742210E-05    0.8020781E-06    0.1334481E-04   -0.1073664E-05   -0.3275616E-04    0.7513180E-05    0.1205830E-06    0.7250598E-06
   -0.3176329E-06    0.8983494E-06   -0.3950953E-06   -0.2648532E-04   -0.5315450E-04   -0.9661049E-06    0.7072345E-04    0.4556845E-06    0.1047321E-02    0.2512973E-03    0.2218300E-04    0.3753483E-01    0.3414689E-02    0.8368108E-02    0.3580570E-02    0.3937264E-03   -0.1254982E-02    0.5714577E-02    0.3836445E-02   -0.2092835E-02   -0.1611123E-04   -0.1054568E-05   -0.8348481E-05   -0.4858478E-06    0.2070891E-05    0.7742210E-05    0.5831331E-02    0.1831415E-02    0.1753626E-02   -0.6800111E-03   -0.9288635E-04   -0.4310844E-04    0.2078294E-05   -0.1162275E-05
   -0.9325707E-07    0.2561930E-06   -0.6958988E-07   -0.7884216E-05   -0.1531793E-04   -0.7298633E-06    0.1449400E-04    0.4119107E-06    0.4837389E-03    0.1205892E-03    0.1900297E-03   -0.7844585E-02    0.2288485E-02    0.3427459E-02   -0.1097129E-03    0.3836665E-03    0.1079104E-02    0.7342799E-03    0.2163906E-02    0.1539668E-02   -0.2659591E-05   -0.2357531E-05   -0.2947582E-05   -0.1611111E-05   -0.8004947E-06    0.8020781E-06    0.1831415E-02    0.1229693E-02    0.7895714E-03    0.2120177E-03    0.1955906E-04   -0.2273426E-03    0.9276735E-07   -0.7386378E-07
   -0.4125478E-06    0.2556457E-05   -0.6082983E-06   -0.5039390E-04   -0.1070890E-03   -0.7094581E-05    0.6200502E-04   -0.5159531E-05    0.4290274E-02    0.6501157E-04   -0.1794317E-03    0.1246550E-01   -0.2129101E-02    0.3616941E-02   -0.7815390E-02   -0.1089083E-03   -0.5173059E-03    0.5053444E-02   -0.4583609E-02   -0.5693816E-02   -0.2629071E-04   -0.3212352E-05    0.7031933E-05   -0.1148064E-05    0.5081725E-04    0.1334481E-04    0.1753626E-02    0.7895714E-03    0.3343554E-01   -0.6098780E-03    0.1498529E-02    0.1106596E-01   -0.8226297E-06   -0.1504889E-06
   -0.2605758E-07    0.5248243E-06   -0.1210471E-06   -0.5071470E-05   -0.7296823E-05   -0.7975916E-06   -0.2946556E-04    0.3688396E-06   -0.9788851E-03    0.3031209E-04   -0.6962663E-03    0.2355716E-02    0.1044313E-03   -0.7687425E-03   -0.6274395E-03    0.2160509E-03   -0.1716294E-03   -0.5406435E-03   -0.2052021E-03    0.2682658E-02   -0.6223342E-06   -0.1839329E-05   -0.2050953E-05   -0.2814877E-05   -0.5301087E-05   -0.1073664E-05   -0.6800111E-03    0.2120177E-03   -0.6098780E-03    0.1372765E-02    0.1568233E-03   -0.4244767E-03    0.2592705E-06    0.6441461E-06
   -0.4818678E-06    0.2697200E-05   -0.4425392E-06   -0.1401279E-04   -0.2555436E-04   -0.4709753E-05   -0.2232398E-04   -0.1539940E-05   -0.1934983E-02    0.6891355E-04    0.2248677E-03    0.1797910E-01    0.7012859E-02    0.1011062E-01    0.1089879E-01   -0.1671289E-02    0.8370038E-03   -0.2127721E-02   -0.3027848E-02   -0.4254241E-02   -0.4876380E-05    0.3003192E-06    0.1631323E-05   -0.2520351E-05   -0.5732549E-05   -0.3275616E-04   -0.9288635E-04    0.1955906E-04    0.1498529E-02    0.1568233E-03    0.5041723E-02    0.3880114E-02    0.8700111E-06   -0.7343406E-06
   -0.1778026E-05    0.1096641E-04   -0.1983894E-05   -0.6019016E-04   -0.8897025E-04   -0.3907123E-04   -0.4506688E-04    0.3071468E-05    0.1460792E-01    0.7855790E-04   -0.3021873E-02    0.4127483E-01    0.2829300E-01    0.1514676E-01   -0.5111168E-02   -0.1315452E-02    0.2806385E-02    0.1741410E-02    0.7937958E-03   -0.1905961E-02   -0.2031950E-04    0.2834097E-05   -0.6301823E-05    0.1848879E-05   -0.1126754E-05    0.7513180E-05   -0.4310844E-04   -0.2273426E-03    0.1106596E-01   -0.4244767E-03    0.3880114E-02    0.3527841E-01   -0.5122636E-06   -0.8068807E-07
    0.2758138E-08    0.8353184E-08   -0.2370842E-08    0.2095131E-06    0.7368023E-06   -0.1798536E-06   -0.1249346E-05    0.2809032E-07   -0.2310140E-03    0.6819794E-05    0.2016680E-03    0.4125688E-02    0.1578303E-03    0.8162856E-03    0.7292609E-03   -0.1376772E-03    0.4388616E-03   -0.4107350E-03   -0.7169875E-04   -0.1555149E-04   -0.1504696E-06   -0.1417304E-07    0.7729437E-07   -0.2520521E-07   -0.1998756E-06    0.1205830E-06    0.2078294E-05    0.9276735E-07   -0.8226297E-06    0.2592705E-06    0.8700111E-06   -0.5122636E-06    0.5267112E-06   -0.3054467E-08
   -0.1378488E-07    0.8457670E-07   -0.8209702E-08   -0.1792368E-05   -0.3459667E-05   -0.5737340E-06    0.2442714E-05   -0.2282718E-08    0.4325457E-02   -0.1300485E-04   -0.3670165E-03    0.3965868E-02    0.3050686E-03   -0.2374818E-02   -0.7572704E-02    0.1866742E-03   -0.3196279E-04   -0.2302233E-03    0.2451332E-02    0.4375526E-02   -0.1568760E-06    0.9617602E-08    0.6570867E-07    0.5147956E-07   -0.6139143E-07    0.7250598E-06   -0.1162275E-05   -0.7386378E-07   -0.1504889E-06    0.6441461E-06   -0.7343406E-06   -0.8068807E-07   -0.3054467E-08    0.2060316E-05
