# omegabh2 omegach2 theta tau meffsterile nnu logA ns acib217 acibsz143 asz143 aps100 aps143 aps143217 aps217 aksz kgal100 t1gal143 t1gal143217 t1gal217 galfEE100 galfEE100143 galfEE100217 galfEE143 galfEE143217 galfEE217 galfTE100 galfTE100143 galfTE100217 galfTE143 galfTE143217 galfTE217 calib_100T calib_217T
    0.4031367E-07    0.3080399E-06   -0.2199339E-07    0.7930557E-06    0.2037161E-05    0.2478592E-04    0.2232127E-05    0.1078785E-05    0.5251289E-04    0.6631872E-05    0.6193992E-05   -0.2312050E-03   -0.8870539E-04   -0.1092414E-03   -0.1656724E-03    0.2949365E-05    0.6388546E-03    0.4273848E-03    0.4708413E-03    0.4929655E-03    0.2095930E-06    0.2309243E-06    0.2090789E-06    0.3063338E-06    0.2920172E-06    0.2392878E-06   -0.2108736E-05   -0.2859244E-05   -0.3493451E-05   -0.3829948E-05   -0.4991663E-05   -0.7852217E-05   -0.3791122E-07   -0.9922708E-08
    0.3080399E-06    0.1065262E-04   -0.9185880E-06    0.9448320E-06   -0.8226948E-04    0.5338865E-03    0.2138550E-04    0.1555173E-04    0.4614229E-02    0.1952002E-02    0.3763062E-03   -0.3050395E-02   -0.1746017E-02   -0.5595541E-02   -0.6883526E-02    0.1343445E-02    0.1075178E-01    0.1129954E-01    0.1216220E-01    0.1254425E-01    0.2079942E-05    0.1699947E-05    0.1684946E-05    0.1443121E-05    0.1816070E-05    0.1073638E-05   -0.1101787E-04   -0.1833889E-04   -0.2494810E-04    0.1250712E-05    0.2056738E-05    0.7020891E-05   -0.1857448E-06   -0.2698391E-06
   -0.2199339E-07   -0.9185880E-06    0.1657800E-06   -0.3791825E-07    0.2275607E-05   -0.5025601E-04   -0.1667993E-05   -0.1387998E-05   -0.4826703E-03   -0.2091267E-03   -0.5981238E-04    0.3035411E-03    0.2710380E-03    0.6140353E-03    0.7212634E-03   -0.1363966E-03   -0.9008123E-03   -0.1132753E-02   -0.1213267E-02   -0.1225047E-02   -0.1610281E-06   -0.1453123E-06   -0.8847342E-07   -0.8648097E-07   -0.1050026E-06    0.8540023E-07   -0.2114662E-06   -0.3967361E-06    0.5023392E-06   -0.2696967E-05   -0.2511812E-05   -0.1253796E-05   -0.2033864E-08    0.2491399E-07
    0.7930557E-06    0.9448320E-06   -0.3791825E-07    0.1897046E-03    0.1739035E-03    0.3509730E-03    0.3816291E-03    0.3199552E-04   -0.5236341E-02   -0.2014604E-02   -0.7742070E-03   -0.1621131E-01    0.5500041E-03    0.4948706E-02    0.7077136E-02   -0.2143691E-02   -0.6344921E-02   -0.1249599E-01   -0.1506304E-01   -0.1600725E-01    0.5821443E-05    0.5209057E-05    0.3758994E-06    0.7663783E-05    0.5330064E-05    0.3824368E-05   -0.6874839E-04   -0.6653585E-04   -0.4003334E-04   -0.1718836E-03   -0.1604461E-03   -0.1366458E-03    0.5265656E-07    0.4526787E-06
    0.2037161E-05   -0.8226948E-04    0.2275607E-05    0.1739035E-03    0.1087501E-01    0.3475732E-03    0.2305788E-03   -0.3219139E-04    0.3218179E-01    0.2420759E-01    0.1081862E-01    0.3982026E-03   -0.4282191E-01   -0.5250335E-01   -0.2888915E-01   -0.2616867E-02    0.1668525E-01    0.2914038E-01    0.3762935E-01    0.4141842E-01   -0.2275077E-04   -0.7720887E-05    0.3656438E-05    0.2428960E-04   -0.1376476E-04   -0.6370240E-05   -0.5116559E-05    0.3115064E-03    0.6199634E-03   -0.4888271E-03   -0.7686661E-03   -0.1674920E-02   -0.4108427E-06   -0.2399552E-05
    0.2478592E-04    0.5338865E-03   -0.5025601E-04    0.3509730E-03    0.3475732E-03    0.3290926E-01    0.1659814E-02    0.1114750E-02    0.2680138E+00    0.1219046E+00    0.2847738E-01   -0.1891473E+00   -0.1532731E+00   -0.3689259E+00   -0.4186349E+00    0.6940604E-01    0.6891265E+00    0.7647340E+00    0.8139064E+00    0.8345874E+00    0.1719645E-03    0.1618618E-03    0.1597506E-03    0.1654732E-03    0.1798021E-03    0.1323262E-03   -0.1090790E-02   -0.1588403E-02   -0.1977788E-02   -0.1311699E-02   -0.1653760E-02   -0.2283202E-02   -0.9284054E-05   -0.1485108E-04
    0.2232127E-05    0.2138550E-04   -0.1667993E-05    0.3816291E-03    0.2305788E-03    0.1659814E-02    0.8132243E-03    0.8871342E-04   -0.4909392E-02   -0.2691026E-02   -0.1758184E-02   -0.2559765E-01    0.7282463E-02    0.1065564E-01    0.1061362E-01   -0.2788914E-02   -0.2900822E-02   -0.2476959E-01   -0.2818031E-01   -0.2939025E-01    0.1192886E-04    0.9504743E-05   -0.1029104E-05    0.1370058E-04    0.8787333E-05    0.4640621E-05   -0.1428023E-03   -0.1403765E-03   -0.9957864E-04   -0.3113289E-03   -0.2924474E-03   -0.2581744E-03   -0.1395659E-05    0.3765967E-06
    0.1078785E-05    0.1555173E-04   -0.1387998E-05    0.3199552E-04   -0.3219139E-04    0.1114750E-02    0.8871342E-04    0.5676170E-04    0.1336593E-03   -0.1512903E-03   -0.5337103E-03   -0.8180579E-02    0.9671546E-03   -0.6234949E-03   -0.1891773E-02   -0.3788705E-03    0.2336722E-01    0.2301639E-01    0.2349875E-01    0.2462265E-01    0.1168033E-04    0.1241063E-04    0.1213113E-04    0.1290873E-04    0.1509537E-04    0.1528848E-04   -0.6069784E-04   -0.9362861E-04   -0.9373196E-04   -0.1116348E-03   -0.1134712E-03   -0.1104670E-03   -0.2697785E-06   -0.1400703E-06
    0.5251289E-04    0.4614229E-02   -0.4826703E-03   -0.5236341E-02    0.3218179E-01    0.2680138E+00   -0.4909392E-02    0.1336593E-03    0.7388115E+02    0.2924748E+02    0.2028627E+01   -0.5913185E+01   -0.3076567E+02   -0.7977359E+02   -0.9456553E+02   -0.2977920E+01   -0.9947822E-01   -0.6911897E+01   -0.1273872E+02   -0.1771176E+02    0.1507051E-02    0.2298383E-03    0.1075905E-02   -0.6162938E-04    0.4104860E-03    0.1633231E-02   -0.2804439E-02   -0.1917758E-01   -0.2139739E-01   -0.1730548E-01   -0.2400747E-01   -0.6944488E-01    0.4737806E-03   -0.3401349E-02
    0.6631872E-05    0.1952002E-02   -0.2091267E-03   -0.2014604E-02    0.2420759E-01    0.1219046E+00   -0.2691026E-02   -0.1512903E-03    0.2924748E+02    0.2056523E+02    0.3070912E+01   -0.2532805E+02   -0.2831701E+02   -0.5165854E+02   -0.3322264E+02   -0.1482443E+01   -0.1005046E+01   -0.4772605E+01   -0.1167094E+02   -0.1321192E+02    0.3447112E-03    0.2254086E-03   -0.3472141E-03    0.9340520E-03   -0.2864886E-03   -0.2304982E-02   -0.3555681E-04   -0.2739992E-02    0.1736601E-02   -0.8369180E-02    0.1357196E-02   -0.4489448E-03    0.1123896E-03   -0.3055772E-03
    0.6193992E-05    0.3763062E-03   -0.5981238E-04   -0.7742070E-03    0.1081862E-01    0.2847738E-01   -0.1758184E-02   -0.5337103E-03    0.2028627E+01    0.3070912E+01    0.6234441E+01   -0.4062439E+02   -0.1872622E+02   -0.6869525E+01   -0.2135432E+01   -0.2154632E+00   -0.3993665E+01   -0.1307515E+01    0.2542473E+01    0.3150929E+01    0.3272162E-03   -0.1602252E-03   -0.2804239E-03   -0.2767827E-03   -0.4207958E-03   -0.1107283E-02    0.2048883E-02    0.6188375E-02    0.2562521E-02    0.1675440E-02    0.8190576E-02    0.1579014E-01   -0.6448182E-04    0.1306977E-03
   -0.2312050E-03   -0.3050395E-02    0.3035411E-03   -0.1621131E-01    0.3982026E-03   -0.1891473E+00   -0.2559765E-01   -0.8180579E-02   -0.5913185E+01   -0.2532805E+02   -0.4062439E+02    0.7352628E+03    0.1810153E+03    0.9376361E+02    0.3375445E+02   -0.1254379E+02   -0.3706235E+02    0.3831008E+01   -0.3236476E+01   -0.1075200E+01   -0.2513405E-02   -0.5136239E-02   -0.6592596E-02   -0.4674316E-02   -0.7800521E-02   -0.1215901E-01    0.4965998E-01    0.1722227E-01    0.2147886E-01    0.8023564E-02   -0.3246847E-01    0.5678074E-02   -0.9147682E-03   -0.2954692E-02
   -0.8870539E-04   -0.1746017E-02    0.2710380E-03    0.5500041E-03   -0.4282191E-01   -0.1532731E+00    0.7282463E-02    0.9671546E-03   -0.3076567E+02   -0.2831701E+02   -0.1872622E+02    0.1810153E+03    0.1248873E+03    0.1034103E+03    0.6164371E+02   -0.1034859E+02    0.1751338E+01   -0.8842004E+01   -0.3738136E+01   -0.5171654E+00   -0.2065523E-02   -0.1749236E-02   -0.9467344E-03   -0.2997535E-02   -0.1437078E-02   -0.2925207E-03   -0.5611955E-02    0.3525908E-02   -0.1527251E-02    0.5375644E-01    0.4481620E-01    0.8407670E-01   -0.4696066E-03   -0.5479837E-03
   -0.1092414E-03   -0.5595541E-02    0.6140353E-03    0.4948706E-02   -0.5250335E-01   -0.3689259E+00    0.1065564E-01   -0.6234949E-03   -0.7977359E+02   -0.5165854E+02   -0.6869525E+01    0.9376361E+02    0.1034103E+03    0.1675869E+03    0.1257527E+03   -0.7948548E+01   -0.8461040E+01   -0.8109492E+01    0.2889940E+01    0.3545699E+01   -0.2279026E-02   -0.2276108E-02   -0.1100987E-02   -0.5048326E-02   -0.1219012E-02    0.2599867E-02    0.7980229E-02    0.2748170E-01    0.3207361E-01    0.5260783E-01    0.6312815E-01    0.1366988E+00   -0.9738095E-03    0.2302002E-02
   -0.1656724E-03   -0.6883526E-02    0.7212634E-03    0.7077136E-02   -0.2888915E-01   -0.4186349E+00    0.1061362E-01   -0.1891773E-02   -0.9456553E+02   -0.3322264E+02   -0.2135432E+01    0.3375445E+02    0.6164371E+02    0.1257527E+03    0.1598605E+03   -0.7669040E+01   -0.1070849E+02   -0.1258748E+02   -0.1700443E+02   -0.1837970E+02   -0.3728911E-02   -0.1838578E-02   -0.3290960E-02   -0.2900495E-02   -0.2943153E-02   -0.5244045E-02    0.1713516E-01    0.4118173E-01    0.6078234E-01    0.4483545E-01    0.8368252E-01    0.1960997E+00   -0.1311945E-02    0.6199012E-02
    0.2949365E-05    0.1343445E-02   -0.1363966E-03   -0.2143691E-02   -0.2616867E-02    0.6940604E-01   -0.2788914E-02   -0.3788705E-03   -0.2977920E+01   -0.1482443E+01   -0.2154632E+00   -0.1254379E+02   -0.1034859E+02   -0.7948548E+01   -0.7669040E+01    0.7953271E+01   -0.8630804E+00   -0.1078471E+01   -0.1565567E+01   -0.2077439E+01   -0.4579137E-03   -0.5443194E-03   -0.1217710E-02   -0.4057958E-03   -0.5465110E-03   -0.1167042E-02    0.3494313E-02    0.8874348E-02    0.2108057E-03    0.1512662E-01   -0.5742596E-04   -0.2849444E-01    0.2001676E-04    0.2031503E-03
    0.6388546E-03    0.1075178E-01   -0.9008123E-03   -0.6344921E-02    0.1668525E-01    0.6891265E+00   -0.2900822E-02    0.2336722E-01   -0.9947822E-01   -0.1005046E+01   -0.3993665E+01   -0.3706235E+02    0.1751338E+01   -0.8461040E+01   -0.1070849E+02   -0.8630804E+00    0.1656131E+03    0.7984798E+02    0.7768671E+02    0.7741546E+02    0.2740788E-02    0.4961079E-02    0.1056847E-01    0.8180285E-02    0.1207086E-01    0.1881824E-01   -0.4955959E-01   -0.1189047E+00   -0.1265850E+00   -0.8898020E-01   -0.9817715E-01   -0.1618809E+00   -0.1171739E-01   -0.3194712E-03
    0.4273848E-03    0.1129954E-01   -0.1132753E-02   -0.1249599E-01    0.2914038E-01    0.7647340E+00   -0.2476959E-01    0.2301639E-01   -0.6911897E+01   -0.4772605E+01   -0.1307515E+01    0.3831008E+01   -0.8842004E+01   -0.8109492E+01   -0.1258748E+02   -0.1078471E+01    0.7984798E+02    0.1411179E+03    0.1440662E+03    0.1440810E+03    0.7840410E-02    0.8435063E-02    0.1425543E-01    0.9862028E-02    0.1190069E-01    0.1329760E-01   -0.4823396E-01   -0.1097319E+00   -0.1242623E+00   -0.1337075E+00   -0.1569371E+00   -0.1505119E+00    0.3700968E-02    0.7724245E-04
    0.4708413E-03    0.1216220E-01   -0.1213267E-02   -0.1506304E-01    0.3762935E-01    0.8139064E+00   -0.2818031E-01    0.2349875E-01   -0.1273872E+02   -0.1167094E+02    0.2542473E+01   -0.3236476E+01   -0.3738136E+01    0.2889940E+01   -0.1700443E+02   -0.1565567E+01    0.7768671E+02    0.1440662E+03    0.1848980E+03    0.2097980E+03    0.9421288E-02    0.9109928E-02    0.1435442E-01    0.1014599E-01    0.9984972E-02    0.1141604E-01   -0.4288591E-01   -0.9895350E-01   -0.1446892E+00   -0.1196082E+00   -0.1514874E+00   -0.1557407E+00    0.3476110E-02   -0.4955341E-02
    0.4929655E-03    0.1254425E-01   -0.1225047E-02   -0.1600725E-01    0.4141842E-01    0.8345874E+00   -0.2939025E-01    0.2462265E-01   -0.1771176E+02   -0.1321192E+02    0.3150929E+01   -0.1075200E+01   -0.5171654E+00    0.3545699E+01   -0.1837970E+02   -0.2077439E+01    0.7741546E+02    0.1440810E+03    0.2097980E+03    0.2592118E+03    0.1060998E-01    0.1007176E-01    0.1402252E-01    0.1142027E-01    0.9046070E-02    0.1175442E-01   -0.3763398E-01   -0.9482726E-01   -0.1471617E+00   -0.1155912E+00   -0.1375702E+00   -0.1326806E+00    0.3295392E-02   -0.9416243E-02
    0.2095930E-06    0.2079942E-05   -0.1610281E-06    0.5821443E-05   -0.2275077E-04    0.1719645E-03    0.1192886E-04    0.1168033E-04    0.1507051E-02    0.3447112E-03    0.3272162E-03   -0.2513405E-02   -0.2065523E-02   -0.2279026E-02   -0.3728911E-02   -0.4579137E-03    0.2740788E-02    0.7840410E-02    0.9421288E-02    0.1060998E-01    0.6932295E-04    0.2259748E-04    0.2586166E-04    0.1212509E-04    0.1235265E-04    0.1605668E-04   -0.9571496E-04   -0.7838046E-04   -0.6684892E-04   -0.4980008E-04   -0.1776975E-04    0.4219357E-05    0.6052210E-06   -0.3552867E-06
    0.2309243E-06    0.1699947E-05   -0.1453123E-06    0.5209057E-05   -0.7720887E-05    0.1618618E-03    0.9504743E-05    0.1241063E-04    0.2298383E-03    0.2254086E-03   -0.1602252E-03   -0.5136239E-02   -0.1749236E-02   -0.2276108E-02   -0.1838578E-02   -0.5443194E-03    0.4961079E-02    0.8435063E-02    0.9109928E-02    0.1007176E-01    0.2259748E-04    0.4002917E-04    0.3506971E-04    0.3010865E-04    0.3122590E-04    0.2490276E-04   -0.5886759E-04   -0.1055245E-03   -0.7573323E-04   -0.1224362E-03   -0.9745115E-04   -0.9114670E-04    0.4965048E-06   -0.1998464E-06
    0.2090789E-06    0.1684946E-05   -0.8847342E-07    0.3758994E-06    0.3656438E-05    0.1597506E-03   -0.1029104E-05    0.1213113E-04    0.1075905E-02   -0.3472141E-03   -0.2804239E-03   -0.6592596E-02   -0.9467344E-03   -0.1100987E-02   -0.3290960E-02   -0.1217710E-02    0.1056847E-01    0.1425543E-01    0.1435442E-01    0.1402252E-01    0.2586166E-04    0.3506971E-04    0.1162549E-03    0.2500046E-04    0.6069905E-04    0.1113449E-03   -0.5100742E-04   -0.1051548E-03   -0.1055656E-03   -0.1157718E-03   -0.1985879E-03   -0.3942697E-03    0.5243712E-06   -0.9503893E-07
    0.3063338E-06    0.1443121E-05   -0.8648097E-07    0.7663783E-05    0.2428960E-04    0.1654732E-03    0.1370058E-04    0.1290873E-04   -0.6162938E-04    0.9340520E-03   -0.2767827E-03   -0.4674316E-02   -0.2997535E-02   -0.5048326E-02   -0.2900495E-02   -0.4057958E-03    0.8180285E-02    0.9862028E-02    0.1014599E-01    0.1142027E-01    0.1212509E-04    0.3010865E-04    0.2500046E-04    0.8807254E-04    0.6041748E-04    0.4163108E-04   -0.4459367E-04   -0.1063130E-03   -0.8635119E-04   -0.1958937E-03   -0.1567070E-03   -0.1520567E-03    0.2055099E-06   -0.1118055E-06
    0.2920172E-06    0.1816070E-05   -0.1050026E-06    0.5330064E-05   -0.1376476E-04    0.1798021E-03    0.8787333E-05    0.1509537E-04    0.4104860E-03   -0.2864886E-03   -0.4207958E-03   -0.7800521E-02   -0.1437078E-02   -0.1219012E-02   -0.2943153E-02   -0.5465110E-03    0.1207086E-01    0.1190069E-01    0.9984972E-02    0.9046070E-02    0.1235265E-04    0.3122590E-04    0.6069905E-04    0.6041748E-04    0.1318574E-03    0.1605907E-03   -0.1701818E-04   -0.9352296E-04   -0.1106857E-03   -0.1680176E-03   -0.2197540E-03   -0.4221413E-03    0.1480104E-06    0.2379488E-07
    0.2392878E-06    0.1073638E-05    0.8540023E-07    0.3824368E-05   -0.6370240E-05    0.1323262E-03    0.4640621E-05    0.1528848E-04    0.1633231E-02   -0.2304982E-02   -0.1107283E-02   -0.1215901E-01   -0.2925207E-03    0.2599867E-02   -0.5244045E-02   -0.1167042E-02    0.1881824E-01    0.1329760E-01    0.1141604E-01    0.1175442E-01    0.1605668E-04    0.2490276E-04    0.1113449E-03    0.4163108E-04    0.1605907E-03    0.6656454E-03   -0.1056422E-05    0.1520120E-04   -0.5925943E-04    0.9879039E-06   -0.1875747E-03   -0.3226548E-03   -0.5794372E-06   -0.6414432E-06
   -0.2108736E-05   -0.1101787E-04   -0.2114662E-06   -0.6874839E-04   -0.5116559E-05   -0.1090790E-02   -0.1428023E-03   -0.6069784E-04   -0.2804439E-02   -0.3555681E-04    0.2048883E-02    0.4965998E-01   -0.5611955E-02    0.7980229E-02    0.1713516E-01    0.3494313E-02   -0.4955959E-01   -0.4823396E-01   -0.4288591E-01   -0.3763398E-01   -0.9571496E-04   -0.5886759E-04   -0.5100742E-04   -0.4459367E-04   -0.1701818E-04   -0.1056422E-05    0.1238027E-01    0.8021399E-02    0.8595286E-02    0.2135323E-02    0.1770150E-02    0.1307281E-02   -0.2159950E-07   -0.1192364E-05
   -0.2859244E-05   -0.1833889E-04   -0.3967361E-06   -0.6653585E-04    0.3115064E-03   -0.1588403E-02   -0.1403765E-03   -0.9362861E-04   -0.1917758E-01   -0.2739992E-02    0.6188375E-02    0.1722227E-01    0.3525908E-02    0.2748170E-01    0.4118173E-01    0.8874348E-02   -0.1189047E+00   -0.1097319E+00   -0.9895350E-01   -0.9482726E-01   -0.7838046E-04   -0.1055245E-03   -0.1051548E-03   -0.1063130E-03   -0.9352296E-04    0.1520120E-04    0.8021399E-02    0.1165825E-01    0.1247638E-01    0.7642260E-02    0.6836673E-02    0.5470811E-02    0.2746704E-05    0.1224298E-05
   -0.3493451E-05   -0.2494810E-04    0.5023392E-06   -0.4003334E-04    0.6199634E-03   -0.1977788E-02   -0.9957864E-04   -0.9373196E-04   -0.2139739E-01    0.1736601E-02    0.2562521E-02    0.2147886E-01   -0.1527251E-02    0.3207361E-01    0.6078234E-01    0.2108057E-03   -0.1265850E+00   -0.1242623E+00   -0.1446892E+00   -0.1471617E+00   -0.6684892E-04   -0.7573323E-04   -0.1055656E-03   -0.8635119E-04   -0.1106857E-03   -0.5925943E-04    0.8595286E-02    0.1247638E-01    0.2367781E-01    0.4203050E-02    0.1041209E-01    0.2005432E-01    0.4682451E-05    0.2340410E-05
   -0.3829948E-05    0.1250712E-05   -0.2696967E-05   -0.1718836E-03   -0.4888271E-03   -0.1311699E-02   -0.3113289E-03   -0.1116348E-03   -0.1730548E-01   -0.8369180E-02    0.1675440E-02    0.8023564E-02    0.5375644E-01    0.5260783E-01    0.4483545E-01    0.1512662E-01   -0.8898020E-01   -0.1337075E+00   -0.1196082E+00   -0.1155912E+00   -0.4980008E-04   -0.1224362E-03   -0.1157718E-03   -0.1958937E-03   -0.1680176E-03    0.9879039E-06    0.2135323E-02    0.7642260E-02    0.4203050E-02    0.1905570E-01    0.1688632E-01    0.1145516E-01   -0.4609413E-05   -0.3680402E-06
   -0.4991663E-05    0.2056738E-05   -0.2511812E-05   -0.1604461E-03   -0.7686661E-03   -0.1653760E-02   -0.2924474E-03   -0.1134712E-03   -0.2400747E-01    0.1357196E-02    0.8190576E-02   -0.3246847E-01    0.4481620E-01    0.6312815E-01    0.8368252E-01   -0.5742596E-04   -0.9817715E-01   -0.1569371E+00   -0.1514874E+00   -0.1375702E+00   -0.1776975E-04   -0.9745115E-04   -0.1985879E-03   -0.1567070E-03   -0.2197540E-03   -0.1875747E-03    0.1770150E-02    0.6836673E-02    0.1041209E-01    0.1688632E-01    0.2643974E-01    0.3769632E-01   -0.3939433E-05   -0.8487448E-06
   -0.7852217E-05    0.7020891E-05   -0.1253796E-05   -0.1366458E-03   -0.1674920E-02   -0.2283202E-02   -0.2581744E-03   -0.1104670E-03   -0.6944488E-01   -0.4489448E-03    0.1579014E-01    0.5678074E-02    0.8407670E-01    0.1366988E+00    0.1960997E+00   -0.2849444E-01   -0.1618809E+00   -0.1505119E+00   -0.1557407E+00   -0.1326806E+00    0.4219357E-05   -0.9114670E-04   -0.3942697E-03   -0.1520567E-03   -0.4221413E-03   -0.3226548E-03    0.1307281E-02    0.5470811E-02    0.2005432E-01    0.1145516E-01    0.3769632E-01    0.9747755E-01    0.5557992E-05    0.2797624E-05
   -0.3791122E-07   -0.1857448E-06   -0.2033864E-08    0.5265656E-07   -0.4108427E-06   -0.9284054E-05   -0.1395659E-05   -0.2697785E-06    0.4737806E-03    0.1123896E-03   -0.6448182E-04   -0.9147682E-03   -0.4696066E-03   -0.9738095E-03   -0.1311945E-02    0.2001676E-04   -0.1171739E-01    0.3700968E-02    0.3476110E-02    0.3295392E-02    0.6052210E-06    0.4965048E-06    0.5243712E-06    0.2055099E-06    0.1480104E-06   -0.5794372E-06   -0.2159950E-07    0.2746704E-05    0.4682451E-05   -0.4609413E-05   -0.3939433E-05    0.5557992E-05    0.2168216E-05    0.2221454E-07
   -0.9922708E-08   -0.2698391E-06    0.2491399E-07    0.4526787E-06   -0.2399552E-05   -0.1485108E-04    0.3765967E-06   -0.1400703E-06   -0.3401349E-02   -0.3055772E-03    0.1306977E-03   -0.2954692E-02   -0.5479837E-03    0.2302002E-02    0.6199012E-02    0.2031503E-03   -0.3194712E-03    0.7724245E-04   -0.4955341E-02   -0.9416243E-02   -0.3552867E-06   -0.1998464E-06   -0.9503893E-07   -0.1118055E-06    0.2379488E-07   -0.6414432E-06   -0.1192364E-05    0.1224298E-05    0.2340410E-05   -0.3680402E-06   -0.8487448E-06    0.2797624E-05    0.2221454E-07    0.1332365E-05
