# omegabh2 omegach2 theta tau Alens ns logA aps100 aps143 aps217 acib143 acib217 asz143 psr cibr ncib cal0 cal2 xi aksz bm_1_1 bm_1_2 bm_1_3 bm_1_4 bm_1_5 bm_2_1 bm_2_2 bm_2_3 bm_2_4 bm_2_5 bm_3_1 bm_3_2 bm_3_3 bm_3_4 bm_3_5 bm_4_1 bm_4_2 bm_4_3 bm_4_4 bm_4_5
    0.11298E-06   -0.55761E-06    0.11620E-06    0.16009E-05    0.22736E-04    0.18546E-05    0.21970E-05   -0.27436E-02   -0.99699E-03   -0.20825E-03   -0.22428E-03   -0.34005E-03    0.51935E-04   -0.31108E-06   -0.54980E-05   -0.51751E-05    0.65621E-09   -0.15140E-07    0.30444E-05   -0.12486E-03   -0.20857E-04   -0.56761E-05   -0.18768E-05    0.50805E-05   -0.60014E-06    0.13629E-05   -0.54229E-05   -0.53200E-05   -0.30180E-05    0.44773E-05    0.54332E-05   -0.51906E-06   -0.73021E-05    0.12566E-04    0.41416E-05    0.81183E-05   -0.77290E-05   -0.37693E-05   -0.61383E-05   -0.20098E-06
   -0.55761E-06    0.67676E-05   -0.80643E-06   -0.21439E-04   -0.13369E-03   -0.18044E-04   -0.27209E-04    0.11767E-01    0.53657E-02    0.18620E-02    0.62371E-03    0.12554E-02   -0.23651E-03    0.52184E-05    0.16273E-04    0.23531E-04   -0.72521E-08    0.12565E-06   -0.39522E-05    0.50467E-03    0.20485E-03   -0.43037E-04   -0.46997E-05   -0.51910E-04   -0.44859E-04    0.20659E-04   -0.53738E-05    0.27706E-05   -0.16395E-05   -0.28868E-04   -0.58888E-04   -0.21549E-05    0.22098E-04   -0.69639E-04   -0.55373E-04   -0.34159E-04    0.28593E-04   -0.13350E-04    0.42386E-04    0.54787E-05
    0.11620E-06   -0.80643E-06    0.44071E-06    0.22920E-05    0.26856E-04    0.27875E-05    0.31841E-05   -0.15112E-02   -0.65933E-03   -0.28951E-03   -0.18840E-03   -0.21334E-03    0.47055E-04   -0.10230E-05   -0.29976E-05   -0.36514E-05    0.75125E-08   -0.14716E-07   -0.74897E-06   -0.12157E-03   -0.10656E-04   -0.54433E-05    0.34746E-05    0.38536E-05    0.64995E-05   -0.10567E-04   -0.10830E-04   -0.37025E-05   -0.17122E-05    0.22757E-05    0.80301E-05    0.55973E-05    0.39912E-05    0.20522E-04    0.11211E-04    0.10070E-05   -0.11119E-04   -0.62772E-05   -0.70532E-05    0.91599E-05
    0.16009E-05   -0.21439E-04    0.22920E-05    0.14939E-02   -0.33560E-02    0.99831E-04    0.29229E-02   -0.98926E-01   -0.28204E-01   -0.85032E-02   -0.89425E-02   -0.92605E-02   -0.16521E-02    0.67475E-04   -0.42512E-03    0.50525E-04   -0.15743E-06   -0.11352E-05    0.21568E-04   -0.41141E-02   -0.92012E-03   -0.77798E-03   -0.11671E-03    0.10236E-03   -0.55400E-03    0.31250E-03    0.94667E-03   -0.11312E-03   -0.12190E-03    0.25405E-03    0.40299E-03   -0.71118E-04   -0.31858E-03    0.18216E-02    0.40774E-03    0.44841E-03    0.94672E-04    0.80226E-03   -0.49579E-04    0.19147E-03
    0.22736E-04   -0.13369E-03    0.26856E-04   -0.33560E-02    0.23861E-01    0.35601E-03   -0.69166E-02   -0.67204E+00   -0.17452E+00    0.99907E-02   -0.54408E-01   -0.88136E-01    0.77711E-02   -0.18808E-03   -0.19551E-02   -0.12120E-02    0.74718E-06   -0.42836E-05    0.13143E-02   -0.38699E-01   -0.53165E-02    0.35631E-02    0.15452E-03    0.36990E-02    0.90692E-03   -0.32958E-03   -0.31666E-03   -0.12062E-02    0.72782E-03    0.13046E-02   -0.56469E-03   -0.71944E-03   -0.11307E-02   -0.25488E-03    0.33462E-02   -0.20462E-04   -0.14230E-02   -0.10932E-02    0.24181E-03    0.57473E-03
    0.18546E-05   -0.18044E-04    0.27875E-05    0.99831E-04    0.35601E-03    0.69727E-04    0.15741E-03   -0.86228E-01   -0.18368E-01    0.40895E-02   -0.78439E-02   -0.10498E-01    0.74987E-03    0.21680E-04   -0.29642E-03   -0.96815E-04   -0.73815E-08   -0.39628E-06    0.65003E-04   -0.43838E-02   -0.48445E-03   -0.92326E-04   -0.29870E-04    0.18987E-03    0.64783E-04    0.22839E-03    0.70468E-04   -0.11672E-03   -0.67218E-04    0.11919E-03    0.15103E-03    0.50118E-04   -0.10057E-03    0.22611E-03    0.11153E-03    0.32090E-03   -0.65461E-04    0.53737E-04   -0.68871E-04   -0.27651E-04
    0.21970E-05   -0.27209E-04    0.31841E-05    0.29229E-02   -0.69166E-02    0.15741E-03    0.57604E-02   -0.19127E+00   -0.40201E-01   -0.60924E-02   -0.19909E-01   -0.18641E-01   -0.46358E-02    0.16486E-03   -0.98524E-03    0.16482E-03   -0.25709E-06   -0.16390E-05    0.48700E-04   -0.88946E-02   -0.78168E-03   -0.14928E-02   -0.25013E-03    0.12805E-03   -0.11540E-02    0.10503E-02    0.19409E-02   -0.25283E-03   -0.28787E-03    0.40464E-03    0.70928E-03   -0.97596E-04   -0.65129E-03    0.34878E-02    0.63337E-03    0.11296E-02    0.34754E-03    0.16308E-02    0.41563E-05    0.39126E-03
   -0.27436E-02    0.11767E-01   -0.15112E-02   -0.98926E-01   -0.67204E+00   -0.86228E-01   -0.19127E+00    0.25466E+04    0.90741E+02   -0.12741E+03    0.96084E+02    0.92056E+02   -0.74275E+02   -0.90887E+00   -0.20256E+00    0.16815E+01    0.88158E-03   -0.12518E-03   -0.50475E+00   -0.95952E+01    0.11519E+02   -0.94223E+01    0.38207E+00   -0.53511E+00   -0.11258E+00   -0.81326E+00   -0.53549E+01   -0.47555E-01    0.36023E+00   -0.74435E+00    0.32491E+00   -0.17755E+00    0.13564E+00   -0.16280E+01   -0.34280E+01    0.13306E+00   -0.16737E+01   -0.31933E+01   -0.81787E+00    0.30577E+01
   -0.99699E-03    0.53657E-02   -0.65933E-03   -0.28204E-01   -0.17452E+00   -0.18368E-01   -0.40201E-01    0.90741E+02    0.15872E+03    0.38472E+02   -0.22699E+02   -0.14573E+01   -0.69594E+01   -0.29995E+00   -0.50907E-01   -0.10667E+00    0.28072E-04    0.34497E-02    0.10042E+01   -0.10602E+02    0.94289E+00    0.18156E+00    0.29495E+00    0.61047E-01    0.10282E-01   -0.13319E+01   -0.59726E+00    0.48534E-01   -0.27864E+00   -0.23907E+00    0.89705E+00   -0.19009E-01    0.66024E+00   -0.31431E+00   -0.16693E-01   -0.36592E+00   -0.30963E+00   -0.21748E+00    0.16671E+00   -0.13259E+00
   -0.20825E-03    0.18620E-02   -0.28951E-03   -0.85032E-02    0.99907E-02    0.40895E-02   -0.60924E-02   -0.12741E+03    0.38472E+02    0.17673E+03   -0.21209E+02   -0.57014E+02    0.66771E+01   -0.63023E-01   -0.69565E+00   -0.10406E+01    0.96976E-04   -0.37807E-02    0.28439E+00   -0.10750E+02    0.11389E+01    0.11691E+01   -0.29875E+00    0.10260E+00   -0.26125E+00    0.13303E+01    0.38589E+00   -0.36335E+00   -0.33848E+00    0.23738E+00   -0.73686E+00    0.75648E+00   -0.28466E+00    0.41180E+00    0.48283E+00    0.52601E+00    0.28123E+00    0.20194E+00    0.34015E+00   -0.51950E+00
   -0.22428E-03    0.62371E-03   -0.18840E-03   -0.89425E-02   -0.54408E-01   -0.78439E-02   -0.19909E-01    0.96084E+02   -0.22699E+02   -0.21209E+02    0.19904E+02    0.12148E+02   -0.31499E+01    0.40029E-01    0.10936E+00    0.23146E+00   -0.75095E-04   -0.11777E-02    0.33297E-01   -0.46052E+00   -0.70722E+00   -0.37836E+00   -0.40766E-02   -0.15259E+00    0.15027E+00    0.70216E+00    0.15758E+00    0.70863E-01    0.23325E+00    0.23715E-01   -0.41356E+00   -0.73158E-01   -0.18082E+00   -0.12235E+00   -0.64149E-01    0.21060E+00    0.20836E+00   -0.27345E-01   -0.10886E+00    0.23324E+00
   -0.34005E-03    0.12554E-02   -0.21334E-03   -0.92605E-02   -0.88136E-01   -0.10498E-01   -0.18641E-01    0.92056E+02   -0.14573E+01   -0.57014E+02    0.12148E+02    0.27032E+02   -0.31966E+01    0.76555E-01    0.28391E+00    0.52109E+00   -0.40027E-04    0.15537E-02   -0.16125E+00   -0.37727E+00   -0.39605E+00   -0.50479E+00    0.15113E+00   -0.12724E+00    0.16810E+00   -0.45544E+00   -0.10314E+00    0.16659E+00    0.30541E+00   -0.23760E+00    0.20199E+00   -0.47069E+00    0.13904E+00   -0.33348E+00   -0.26967E+00   -0.25561E+00   -0.21095E-01   -0.98408E-01   -0.69295E-01    0.33471E+00
    0.51935E-04   -0.23651E-03    0.47055E-04   -0.16521E-02    0.77711E-02    0.74987E-03   -0.46358E-02   -0.74275E+02   -0.69594E+01    0.66771E+01   -0.31499E+01   -0.31966E+01    0.74757E+01    0.60972E-01    0.25428E+00   -0.14335E+00    0.23874E-04   -0.21226E-03    0.12732E-01   -0.11387E+00    0.21441E+00    0.15696E+00   -0.15933E-01    0.34192E-01   -0.34837E-01   -0.59740E-01    0.11866E+00   -0.59856E-01   -0.54832E-01   -0.37246E-01   -0.18492E-01    0.13693E-01   -0.16136E-01   -0.28415E-01    0.15604E-01   -0.58565E-01   -0.22251E-02    0.60209E-01    0.60801E-01   -0.84756E-01
   -0.31108E-06    0.52184E-05   -0.10230E-05    0.67475E-04   -0.18808E-03    0.21680E-04    0.16486E-03   -0.90887E+00   -0.29995E+00   -0.63023E-01    0.40029E-01    0.76555E-01    0.60972E-01    0.82949E-02   -0.56814E-02    0.74563E-02    0.95748E-06   -0.25684E-04    0.40342E-02   -0.19073E-01    0.70681E-02    0.22491E-02    0.23987E-02   -0.19593E-03    0.16484E-02    0.63638E-02    0.24969E-03   -0.90484E-03    0.21696E-03   -0.15993E-02   -0.11080E-01   -0.25744E-02   -0.24273E-02   -0.25082E-02   -0.25228E-02   -0.22850E-02   -0.37448E-03   -0.37598E-02   -0.43404E-02   -0.16278E-03
   -0.54980E-05    0.16273E-04   -0.29976E-05   -0.42512E-03   -0.19551E-02   -0.29642E-03   -0.98524E-03   -0.20256E+00   -0.50907E-01   -0.69565E+00    0.10936E+00    0.28391E+00    0.25428E+00   -0.56814E-02    0.47035E-01   -0.12461E-01   -0.18317E-05    0.74327E-04    0.31868E-02    0.61260E-02   -0.14197E-01   -0.27493E-02    0.12490E-02    0.53948E-03   -0.96452E-03   -0.25781E-01   -0.37331E-03    0.25038E-02   -0.95264E-03   -0.13620E-02    0.29382E-01    0.22807E-02    0.51100E-02    0.36937E-02    0.44065E-02   -0.95482E-03    0.41552E-03    0.53295E-02    0.77434E-02   -0.16664E-02
   -0.51751E-05    0.23531E-04   -0.36514E-05    0.50525E-04   -0.12120E-02   -0.96815E-04    0.16482E-03    0.16815E+01   -0.10667E+00   -0.10406E+01    0.23146E+00    0.52109E+00   -0.14335E+00    0.74563E-02   -0.12461E-01    0.22096E-01    0.10496E-06   -0.13390E-04   -0.27885E-02   -0.22351E-02    0.51041E-02   -0.14535E-01    0.17094E-02   -0.52425E-02    0.34244E-02    0.27963E-02    0.19378E-02   -0.32707E-02    0.13507E-01   -0.94397E-02   -0.17933E-01   -0.22153E-01   -0.61415E-04   -0.12792E-01   -0.13130E-01   -0.99484E-02   -0.39843E-02   -0.24478E-02    0.71465E-03    0.16614E-01
    0.65621E-09   -0.72521E-08    0.75125E-08   -0.15743E-06    0.74718E-06   -0.73815E-08   -0.25709E-06    0.88158E-03    0.28072E-04    0.96976E-04   -0.75095E-04   -0.40027E-04    0.23874E-04    0.95748E-06   -0.18317E-05    0.10496E-06    0.15630E-06    0.78127E-08   -0.18552E-05   -0.50383E-06   -0.24518E-04   -0.16520E-04   -0.36000E-05   -0.29078E-06    0.68150E-05    0.89450E-05   -0.11222E-05   -0.31009E-05   -0.18958E-05   -0.11385E-04    0.71268E-05   -0.10182E-04    0.17596E-05   -0.12189E-05    0.40100E-05    0.10520E-04    0.56045E-05   -0.56943E-05    0.54152E-05   -0.66947E-05
   -0.15140E-07    0.12565E-06   -0.14716E-07   -0.11352E-05   -0.42836E-05   -0.39628E-06   -0.16390E-05   -0.12518E-03    0.34497E-02   -0.37807E-02   -0.11777E-02    0.15537E-02   -0.21226E-03   -0.25684E-04    0.74327E-04   -0.13390E-04    0.78127E-08    0.16186E-05   -0.20257E-05    0.76916E-05    0.10860E-03    0.15586E-04   -0.67987E-05   -0.85319E-05    0.11013E-04    0.21820E-03   -0.94828E-05    0.27717E-04    0.29399E-04    0.19225E-04   -0.22762E-03    0.98365E-05   -0.10856E-04    0.16988E-04   -0.34085E-04    0.23243E-05    0.50221E-04   -0.25574E-04   -0.44104E-04    0.51626E-04
    0.30444E-05   -0.39522E-05   -0.74897E-06    0.21568E-04    0.13143E-02    0.65003E-04    0.48700E-04   -0.50475E+00    0.10042E+01    0.28439E+00    0.33297E-01   -0.16125E+00    0.12732E-01    0.40342E-02    0.31868E-02   -0.27885E-02   -0.18552E-05   -0.20257E-05    0.82188E-01    0.30476E-02    0.54445E-02    0.20370E-02    0.96247E-03    0.28283E-02    0.10157E-01   -0.18428E-03    0.29464E-02   -0.95119E-02    0.20491E-02    0.92048E-03   -0.15616E-02   -0.11759E-02   -0.24567E-02   -0.11113E-01   -0.49561E-02    0.13524E-02   -0.78480E-02    0.24577E-02    0.67031E-02   -0.13833E-02
   -0.12486E-03    0.50467E-03   -0.12157E-03   -0.41141E-02   -0.38699E-01   -0.43838E-02   -0.88946E-02   -0.95952E+01   -0.10602E+02   -0.10750E+02   -0.46052E+00   -0.37727E+00   -0.11387E+00   -0.19073E-01    0.61260E-02   -0.22351E-02   -0.50383E-06    0.76916E-05    0.30476E-02    0.74149E+01    0.26277E-01   -0.70085E-03   -0.65101E-01   -0.30363E-04   -0.24624E-01   -0.61526E-01   -0.13387E-01   -0.30737E-01    0.95187E-02    0.26172E-01   -0.28067E-01   -0.34874E-01   -0.27403E-01    0.47229E-01   -0.29284E-01   -0.51105E-01   -0.58898E-01    0.74224E-02    0.72647E-02   -0.63983E-02
   -0.20857E-04    0.20485E-03   -0.10656E-04   -0.92012E-03   -0.53165E-02   -0.48445E-03   -0.78168E-03    0.11519E+02    0.94289E+00    0.11389E+01   -0.70722E+00   -0.39605E+00    0.21441E+00    0.70681E-02   -0.14197E-01    0.51041E-02   -0.24518E-04    0.10860E-03    0.54445E-02    0.26277E-01    0.70020E+00   -0.13679E+00   -0.10682E-01    0.24887E-01   -0.30880E-02    0.18646E+00   -0.51807E-01   -0.51792E-01   -0.15107E-01   -0.56503E-01    0.21603E-01    0.31671E-01   -0.36310E-01   -0.37649E-01   -0.13669E+00    0.16516E+00    0.19043E-01   -0.20481E-01    0.26844E-01    0.67683E-01
   -0.56761E-05   -0.43037E-04   -0.54433E-05   -0.77798E-03    0.35631E-02   -0.92326E-04   -0.14928E-02   -0.94223E+01    0.18156E+00    0.11691E+01   -0.37836E+00   -0.50479E+00    0.15696E+00    0.22491E-02   -0.27493E-02   -0.14535E-01   -0.16520E-04    0.15586E-04    0.20370E-02   -0.70085E-03   -0.13679E+00    0.92934E+00    0.95321E-02    0.20413E-01   -0.89340E-02   -0.13267E+00    0.18719E+00    0.80905E-01   -0.10846E-01    0.53350E-01   -0.10908E+00    0.40649E-01    0.13341E-01    0.15323E-01    0.16094E+00   -0.20879E+00    0.61560E-01    0.11081E+00    0.21211E-02   -0.19289E+00
   -0.18768E-05   -0.46997E-05    0.34746E-05   -0.11671E-03    0.15452E-03   -0.29870E-04   -0.25013E-03    0.38207E+00    0.29495E+00   -0.29875E+00   -0.40766E-02    0.15113E+00   -0.15933E-01    0.23987E-02    0.12490E-02    0.17094E-02   -0.36000E-05   -0.67987E-05    0.96247E-03   -0.65101E-01   -0.10682E-01    0.95321E-02    0.97770E+00   -0.43301E-02    0.41697E-02   -0.45427E-01   -0.21329E-01    0.16487E+00   -0.31941E-01    0.73980E-01   -0.95758E-02    0.55490E-01   -0.30940E-02   -0.28496E-01    0.12627E+00   -0.57795E-01    0.34173E-01    0.14925E-01   -0.17546E+00    0.72997E-01
    0.50805E-05   -0.51910E-04    0.38536E-05    0.10236E-03    0.36990E-02    0.18987E-03    0.12805E-03   -0.53511E+00    0.61047E-01    0.10260E+00   -0.15259E+00   -0.12724E+00    0.34192E-01   -0.19593E-03    0.53948E-03   -0.52425E-02   -0.29078E-06   -0.85319E-05    0.28283E-02   -0.30363E-04    0.24887E-01    0.20413E-01   -0.43301E-02    0.10119E+01   -0.82587E-02    0.65751E-01   -0.78707E-01    0.78690E-01   -0.98304E-01    0.54237E-01    0.78005E-01    0.11518E+00    0.60046E-01    0.15211E+00   -0.87043E-01    0.97331E-01    0.46517E-01    0.77891E-02   -0.11222E+00    0.56324E-01
   -0.60014E-06   -0.44859E-04    0.64995E-05   -0.55400E-03    0.90692E-03    0.64783E-04   -0.11540E-02   -0.11258E+00    0.10282E-01   -0.26125E+00    0.15027E+00    0.16810E+00   -0.34837E-01    0.16484E-02   -0.96452E-03    0.34244E-02    0.68150E-05    0.11013E-04    0.10157E-01   -0.24624E-01   -0.30880E-02   -0.89340E-02    0.41697E-02   -0.82587E-02    0.98885E+00    0.52026E-01    0.50346E-01   -0.22266E-01    0.60606E-01    0.68255E-01    0.96234E-01   -0.67411E-01   -0.86397E-01    0.30401E-01    0.30027E-01    0.12086E+00   -0.51322E-01    0.84319E-01   -0.27588E-01    0.14016E-02
    0.13629E-05    0.20659E-04   -0.10567E-04    0.31250E-03   -0.32958E-03    0.22839E-03    0.10503E-02   -0.81326E+00   -0.13319E+01    0.13303E+01    0.70216E+00   -0.45544E+00   -0.59740E-01    0.63638E-02   -0.25781E-01    0.27963E-02    0.89450E-05    0.21820E-03   -0.18428E-03   -0.61526E-01    0.18646E+00   -0.13267E+00   -0.45427E-01    0.65751E-01    0.52026E-01    0.85355E+00   -0.13401E-01    0.73207E-03   -0.15418E-01   -0.18771E-01    0.24255E-01    0.13961E+00   -0.11215E+00    0.13437E-01   -0.67871E-01    0.64218E+00    0.25434E+00   -0.60408E-01   -0.48056E-01    0.74692E-01
   -0.54229E-05   -0.53738E-05   -0.10830E-04    0.94667E-03   -0.31666E-03    0.70468E-04    0.19409E-02   -0.53549E+01   -0.59726E+00    0.38589E+00    0.15758E+00   -0.10314E+00    0.11866E+00    0.24969E-03   -0.37331E-03    0.19378E-02   -0.11222E-05   -0.94828E-05    0.29464E-02   -0.13387E-01   -0.51807E-01    0.18719E+00   -0.21329E-01   -0.78707E-01    0.50346E-01   -0.13401E-01    0.98292E+00   -0.15462E-02    0.38496E-02    0.21089E-01    0.46289E-01    0.26913E-01   -0.57359E-01   -0.16845E-01    0.13030E+00   -0.76680E-01    0.24683E+00    0.77057E+00    0.28856E+00   -0.18964E+00
   -0.53200E-05    0.27706E-05   -0.37025E-05   -0.11312E-03   -0.12062E-02   -0.11672E-03   -0.25283E-03   -0.47555E-01    0.48534E-01   -0.36335E+00    0.70863E-01    0.16659E+00   -0.59856E-01   -0.90484E-03    0.25038E-02   -0.32707E-02   -0.31009E-05    0.27717E-04   -0.95119E-02   -0.30737E-01   -0.51792E-01    0.80905E-01    0.16487E+00    0.78690E-01   -0.22266E-01    0.73207E-03   -0.15462E-02    0.10271E+01   -0.28465E-02   -0.59510E-02    0.68463E-01   -0.43418E-01    0.15628E+00    0.16773E+00   -0.14002E+00   -0.20845E+00    0.65618E+00    0.14019E+00   -0.63385E+00    0.17619E+00
   -0.30180E-05   -0.16395E-05   -0.17122E-05   -0.12190E-03    0.72782E-03   -0.67218E-04   -0.28787E-03    0.36023E+00   -0.27864E+00   -0.33848E+00    0.23325E+00    0.30541E+00   -0.54832E-01    0.21696E-03   -0.95264E-03    0.13507E-01   -0.18958E-05    0.29399E-04    0.20491E-02    0.95187E-02   -0.15107E-01   -0.10846E-01   -0.31941E-01   -0.98304E-01    0.60606E-01   -0.15418E-01    0.38496E-02   -0.28465E-02    0.96651E+00   -0.94714E-03   -0.34215E-01   -0.10293E+00   -0.15840E+00   -0.79490E-02   -0.10248E+00   -0.85086E-01    0.70549E-01   -0.46358E-01    0.28928E+00    0.64112E+00
    0.44773E-05   -0.28868E-04    0.22757E-05    0.25405E-03    0.13046E-02    0.11919E-03    0.40464E-03   -0.74435E+00   -0.23907E+00    0.23738E+00    0.23715E-01   -0.23760E+00   -0.37246E-01   -0.15993E-02   -0.13620E-02   -0.94397E-02   -0.11385E-04    0.19225E-04    0.92048E-03    0.26172E-01   -0.56503E-01    0.53350E-01    0.73980E-01    0.54237E-01    0.68255E-01   -0.18771E-01    0.21089E-01   -0.59510E-02   -0.94714E-03    0.98016E+00   -0.69766E-01    0.90470E-01    0.23677E-01    0.13969E+00    0.17609E-01    0.10182E+00   -0.55233E+00    0.39285E+00   -0.32965E+00    0.21523E+00
    0.54332E-05   -0.58888E-04    0.80301E-05    0.40299E-03   -0.56469E-03    0.15103E-03    0.70928E-03    0.32491E+00    0.89705E+00   -0.73686E+00   -0.41356E+00    0.20199E+00   -0.18492E-01   -0.11080E-01    0.29382E-01   -0.17933E-01    0.71268E-05   -0.22762E-03   -0.15616E-02   -0.28067E-01    0.21603E-01   -0.10908E+00   -0.95758E-02    0.78005E-01    0.96234E-01    0.24255E-01    0.46289E-01    0.68463E-01   -0.34215E-01   -0.69766E-01    0.89485E+00    0.74984E-02   -0.18297E-01   -0.96125E-02   -0.45036E-02    0.58534E+00    0.16978E+00    0.11889E+00    0.60898E-01   -0.10653E+00
   -0.51906E-06   -0.21549E-05    0.55973E-05   -0.71118E-04   -0.71944E-03    0.50118E-04   -0.97596E-04   -0.17755E+00   -0.19009E-01    0.75648E+00   -0.73158E-01   -0.47069E+00    0.13693E-01   -0.25744E-02    0.22807E-02   -0.22153E-01   -0.10182E-04    0.98365E-05   -0.11759E-02   -0.34874E-01    0.31671E-01    0.40649E-01    0.55490E-01    0.11518E+00   -0.67411E-01    0.13961E+00    0.26913E-01   -0.43418E-01   -0.10293E+00    0.90470E-01    0.74984E-02    0.98029E+00    0.49083E-02   -0.17073E-01    0.96740E-02    0.11158E+00    0.16910E+00    0.24736E-01    0.14006E+00    0.13798E+00
   -0.73021E-05    0.22098E-04    0.39912E-05   -0.31858E-03   -0.11307E-02   -0.10057E-03   -0.65129E-03    0.13564E+00    0.66024E+00   -0.28466E+00   -0.18082E+00    0.13904E+00   -0.16136E-01   -0.24273E-02    0.51100E-02   -0.61415E-04    0.17596E-05   -0.10856E-04   -0.24567E-02   -0.27403E-01   -0.36310E-01    0.13341E-01   -0.30940E-02    0.60046E-01   -0.86397E-01   -0.11215E+00   -0.57359E-01    0.15628E+00   -0.15840E+00    0.23677E-01   -0.18297E-01    0.49083E-02    0.97925E+00   -0.15320E-01    0.17490E-01   -0.13777E+00    0.52372E-01    0.15999E+00    0.95153E-02   -0.66263E-01
    0.12566E-04   -0.69639E-04    0.20522E-04    0.18216E-02   -0.25488E-03    0.22611E-03    0.34878E-02   -0.16280E+01   -0.31431E+00    0.41180E+00   -0.12235E+00   -0.33348E+00   -0.28415E-01   -0.25082E-02    0.36937E-02   -0.12792E-01   -0.12189E-05    0.16988E-04   -0.11113E-01    0.47229E-01   -0.37649E-01    0.15323E-01   -0.28496E-01    0.15211E+00    0.30401E-01    0.13437E-01   -0.16845E-01    0.16773E+00   -0.79490E-02    0.13969E+00   -0.96125E-02   -0.17073E-01   -0.15320E-01    0.10200E+01   -0.26104E-01   -0.19407E-01    0.45293E-01    0.11943E+00   -0.27112E+00    0.14752E+00
    0.41416E-05   -0.55373E-04    0.11211E-04    0.40774E-03    0.33462E-02    0.11153E-03    0.63337E-03   -0.34280E+01   -0.16693E-01    0.48283E+00   -0.64149E-01   -0.26967E+00    0.15604E-01   -0.25228E-02    0.44065E-02   -0.13130E-01    0.40100E-05   -0.34085E-04   -0.49561E-02   -0.29284E-01   -0.13669E+00    0.16094E+00    0.12627E+00   -0.87043E-01    0.30027E-01   -0.67871E-01    0.13030E+00   -0.14002E+00   -0.10248E+00    0.17609E-01   -0.45036E-02    0.96740E-02    0.17490E-01   -0.26104E-01    0.99825E+00   -0.40321E-01   -0.57849E-01    0.17312E-01    0.17379E+00   -0.10706E+00
    0.81183E-05   -0.34159E-04    0.10070E-05    0.44841E-03   -0.20462E-04    0.32090E-03    0.11296E-02    0.13306E+00   -0.36592E+00    0.52601E+00    0.21060E+00   -0.25561E+00   -0.58565E-01   -0.22850E-02   -0.95482E-03   -0.99484E-02    0.10520E-04    0.23243E-05    0.13524E-02   -0.51105E-01    0.16516E+00   -0.20879E+00   -0.57795E-01    0.97331E-01    0.12086E+00    0.64218E+00   -0.76680E-01   -0.20845E+00   -0.85086E-01    0.10182E+00    0.58534E+00    0.11158E+00   -0.13777E+00   -0.19407E-01   -0.40321E-01    0.95526E+00   -0.13569E-01   -0.39722E-03    0.21402E-01   -0.34126E-01
   -0.77290E-05    0.28593E-04   -0.11119E-04    0.94672E-04   -0.14230E-02   -0.65461E-04    0.34754E-03   -0.16737E+01   -0.30963E+00    0.28123E+00    0.20836E+00   -0.21095E-01   -0.22251E-02   -0.37448E-03    0.41552E-03   -0.39843E-02    0.56045E-05    0.50221E-04   -0.78480E-02   -0.58898E-01    0.19043E-01    0.61560E-01    0.34173E-01    0.46517E-01   -0.51322E-01    0.25434E+00    0.24683E+00    0.65618E+00    0.70549E-01   -0.55233E+00    0.16978E+00    0.16910E+00    0.52372E-01    0.45293E-01   -0.57849E-01   -0.13569E-01    0.10050E+01    0.54784E-02   -0.13634E-01   -0.14207E-01
   -0.37693E-05   -0.13350E-04   -0.62772E-05    0.80226E-03   -0.10932E-02    0.53737E-04    0.16308E-02   -0.31933E+01   -0.21748E+00    0.20194E+00   -0.27345E-01   -0.98408E-01    0.60209E-01   -0.37598E-02    0.53295E-02   -0.24478E-02   -0.56943E-05   -0.25574E-04    0.24577E-02    0.74224E-02   -0.20481E-01    0.11081E+00    0.14925E-01    0.77891E-02    0.84319E-01   -0.60408E-01    0.77057E+00    0.14019E+00   -0.46358E-01    0.39285E+00    0.11889E+00    0.24736E-01    0.15999E+00    0.11943E+00    0.17312E-01   -0.39722E-03    0.54784E-02    0.98705E+00   -0.98599E-02   -0.37804E-02
   -0.61383E-05    0.42386E-04   -0.70532E-05   -0.49579E-04    0.24181E-03   -0.68871E-04    0.41563E-05   -0.81787E+00    0.16671E+00    0.34015E+00   -0.10886E+00   -0.69295E-01    0.60801E-01   -0.43404E-02    0.77434E-02    0.71465E-03    0.54152E-05   -0.44104E-04    0.67031E-02    0.72647E-02    0.26844E-01    0.21211E-02   -0.17546E+00   -0.11222E+00   -0.27588E-01   -0.48056E-01    0.28856E+00   -0.63385E+00    0.28928E+00   -0.32965E+00    0.60898E-01    0.14006E+00    0.95153E-02   -0.27112E+00    0.17379E+00    0.21402E-01   -0.13634E-01   -0.98599E-02    0.97584E+00   -0.21572E-01
   -0.20098E-06    0.54787E-05    0.91599E-05    0.19147E-03    0.57473E-03   -0.27651E-04    0.39126E-03    0.30577E+01   -0.13259E+00   -0.51950E+00    0.23324E+00    0.33471E+00   -0.84756E-01   -0.16278E-03   -0.16664E-02    0.16614E-01   -0.66947E-05    0.51626E-04   -0.13833E-02   -0.63983E-02    0.67683E-01   -0.19289E+00    0.72997E-01    0.56324E-01    0.14016E-02    0.74692E-01   -0.18964E+00    0.17619E+00    0.64112E+00    0.21523E+00   -0.10653E+00    0.13798E+00   -0.66263E-01    0.14752E+00   -0.10706E+00   -0.34126E-01   -0.14207E-01   -0.37804E-02   -0.21572E-01    0.94797E+00
