# omegabh2 omegach2 theta tau ns logA aps100 aps143 aps217 acib143 acib217 asz143 psr cibr cal0 cal2 xi aksz bm_1_1 a_ps_act_148 a_ps_act_217 a_ps_spt_95 a_ps_spt_150 a_ps_spt_220 r_ps_spt_95x150 r_ps_spt_95x220 r_ps_150x220 cal_acts_148 cal_acts_217 cal_acte_148 cal_acte_217 cal_spt_95 cal_spt_150 cal_spt_220
    0.61754E-07   -0.34005E-06    0.63372E-07    0.85967E-06    0.88553E-06    0.98840E-06   -0.73807E-04   -0.59036E-04   -0.42125E-04    0.76415E-05    0.21219E-04    0.56395E-05   -0.79235E-06   -0.44206E-06    0.27798E-08    0.70731E-08   -0.74414E-06   -0.22901E-04   -0.79002E-05    0.11292E-04    0.14344E-03    0.25442E-05    0.19534E-04    0.88108E-04    0.11534E-05    0.18331E-05    0.16450E-06    0.38165E-06    0.61613E-06    0.42309E-06    0.52924E-06    0.95912E-06    0.63508E-06    0.41443E-06
   -0.34005E-06    0.61347E-05   -0.56506E-06   -0.11954E-04   -0.14040E-04   -0.89035E-05    0.12840E-02    0.31562E-03    0.27542E-03    0.45497E-05   -0.45188E-03   -0.28884E-04    0.43416E-05   -0.12315E-05   -0.12894E-07   -0.85875E-07    0.12747E-04    0.85266E-04    0.11031E-03   -0.33859E-05   -0.72604E-03    0.25048E-04   -0.48897E-04   -0.70733E-03   -0.27196E-05   -0.26981E-06    0.31460E-06   -0.24339E-05   -0.31810E-05   -0.19903E-05   -0.40700E-05   -0.56309E-05   -0.30670E-05   -0.48377E-05
    0.63372E-07   -0.56506E-06    0.31277E-06    0.14677E-05    0.18402E-05    0.17684E-05   -0.18318E-03   -0.47801E-04   -0.33756E-04    0.14415E-04    0.50236E-04    0.79599E-05   -0.36181E-06   -0.51731E-06   -0.66418E-08    0.39653E-09   -0.14421E-05   -0.18592E-04   -0.12009E-04   -0.19015E-04    0.24065E-03    0.37140E-04   -0.34087E-05    0.20751E-03   -0.20781E-05    0.33845E-06    0.49943E-06    0.15904E-06    0.12544E-05    0.24189E-06    0.87756E-06    0.83523E-06    0.64147E-06    0.10319E-05
    0.85967E-06   -0.11954E-04    0.14677E-05    0.17755E-03    0.36280E-04    0.32302E-03   -0.68442E-02   -0.19194E-02   -0.98696E-03    0.12206E-03    0.55745E-03    0.32868E-03   -0.26876E-04    0.12843E-04   -0.15297E-06   -0.38059E-07   -0.58034E-04   -0.91729E-03   -0.43284E-03    0.35726E-03    0.41763E-02   -0.62766E-03    0.52359E-03    0.38990E-02    0.23495E-04    0.76060E-04   -0.11399E-04    0.13176E-04    0.14496E-04    0.16880E-04    0.11305E-04    0.21091E-04    0.12239E-04    0.24777E-04
    0.88553E-06   -0.14040E-04    0.18402E-05    0.36280E-04    0.45976E-04    0.34296E-04   -0.66997E-02   -0.16099E-02   -0.92175E-03    0.13205E-03    0.60888E-03    0.20125E-03   -0.40025E-04   -0.83909E-07   -0.27552E-07    0.91824E-07   -0.78689E-04   -0.74036E-03   -0.46906E-03    0.74759E-04    0.30551E-02    0.10666E-03    0.17891E-03    0.24292E-02    0.34429E-05    0.37550E-05   -0.30917E-05    0.11321E-04    0.11878E-04    0.92319E-05    0.10610E-04    0.23822E-04    0.11150E-04    0.14102E-04
    0.98840E-06   -0.89035E-05    0.17684E-05    0.32302E-03    0.34296E-04    0.62379E-03   -0.88227E-02   -0.31887E-02   -0.13915E-02    0.34803E-03    0.34784E-03    0.62797E-03   -0.33322E-04    0.19077E-04   -0.24654E-06   -0.15098E-06   -0.85092E-04   -0.18144E-02   -0.34029E-03    0.73591E-03    0.67047E-02   -0.11841E-02    0.95661E-03    0.63988E-02    0.52056E-04    0.15931E-03   -0.21791E-04    0.19338E-04    0.20788E-04    0.28866E-04    0.13972E-04    0.28059E-04    0.18472E-04    0.39945E-04
   -0.73807E-04    0.12840E-02   -0.18318E-03   -0.68442E-02   -0.66997E-02   -0.88227E-02    0.25600E+02    0.61680E+00   -0.49881E-02   -0.30037E+00   -0.19195E+00   -0.32237E+00   -0.56010E-03   -0.14098E-01   -0.13416E-03    0.24165E-03    0.50419E-01    0.63308E+00    0.15789E+01    0.60892E-01    0.10275E+01    0.75553E+00    0.74090E-01   -0.15185E+00   -0.25060E-01   -0.57711E-01    0.19924E-02   -0.74143E-02    0.56849E-02   -0.51526E-02    0.66636E-02   -0.74680E-02   -0.40552E-02   -0.35286E-02
   -0.59036E-04    0.31562E-03   -0.47801E-04   -0.19194E-02   -0.16099E-02   -0.31887E-02    0.61680E+00    0.41174E+00    0.90230E-01   -0.18664E-01    0.57606E-01   -0.59170E-01   -0.38187E-02    0.49905E-03   -0.61564E-05   -0.34264E-04    0.52525E-02    0.56925E-01    0.32700E-02    0.28686E-01   -0.15312E+00    0.13699E+00    0.41103E-02    0.11035E-01   -0.26002E-02   -0.10650E-01   -0.32708E-02   -0.16253E-02   -0.32046E-03   -0.14283E-02   -0.24422E-03   -0.26406E-02   -0.16656E-02   -0.15564E-03
   -0.42125E-04    0.27542E-03   -0.33756E-04   -0.98696E-03   -0.92175E-03   -0.13915E-02   -0.49881E-02    0.90230E-01    0.53562E+00   -0.44539E-01   -0.14888E+01    0.37095E-01   -0.15991E-01   -0.16596E-02   -0.35213E-05   -0.23169E-03   -0.40397E-02   -0.67210E-01    0.10191E-01   -0.10154E-01    0.33010E-01   -0.10642E+00    0.12449E-01    0.16089E+00   -0.83939E-03   -0.29654E-03    0.14167E-02   -0.29729E-03   -0.47043E-02   -0.32567E-03   -0.44440E-02    0.17492E-04   -0.34510E-03   -0.40465E-02
    0.76415E-05    0.45497E-05    0.14415E-04    0.12206E-03    0.13205E-03    0.34803E-03   -0.30037E+00   -0.18664E-01   -0.44539E-01    0.62517E+00    0.99978E+00    0.10750E+00   -0.37689E-02   -0.24189E-02   -0.12406E-05   -0.34662E-04    0.51070E-02   -0.44611E+00   -0.10012E-01   -0.12299E+00   -0.47141E-01   -0.78755E-01   -0.18212E+00   -0.26341E+00    0.38747E-01    0.33609E-01   -0.54008E-02    0.28379E-03    0.19436E-03    0.12758E-03    0.34215E-03   -0.59779E-04    0.39164E-04    0.46941E-03
    0.21219E-04   -0.45188E-03    0.50236E-04    0.55745E-03    0.60888E-03    0.34784E-03   -0.19195E+00    0.57606E-01   -0.14888E+01    0.99978E+00    0.78735E+01    0.15414E+00    0.73735E-01    0.15672E-01   -0.11423E-04    0.97861E-03   -0.47757E-01   -0.98578E+00   -0.29163E-01   -0.19853E+00   -0.15094E+01   -0.35472E-01   -0.38381E+00   -0.22130E+01    0.57496E-01    0.48851E-01   -0.18649E-01   -0.16448E-02    0.11537E-01   -0.15197E-02    0.11145E-01   -0.33393E-02   -0.19886E-02    0.97607E-02
    0.56395E-05   -0.28884E-04    0.79599E-05    0.32868E-03    0.20125E-03    0.62797E-03   -0.32237E+00   -0.59170E-01    0.37095E-01    0.10750E+00    0.15414E+00    0.79145E-01    0.26475E-02    0.25779E-02    0.20308E-06   -0.50688E-04   -0.95858E-02   -0.19950E+00    0.60107E-03   -0.35385E-01   -0.14600E+00   -0.16241E+00   -0.38553E-01   -0.19300E+00    0.82890E-02    0.15382E-01    0.22570E-04    0.31819E-03   -0.12002E-02    0.25630E-03   -0.12044E-02    0.94249E-03    0.17025E-03   -0.73769E-03
   -0.79235E-06    0.43416E-05   -0.36181E-06   -0.26876E-04   -0.40025E-04   -0.33322E-04   -0.56010E-03   -0.38187E-02   -0.15991E-01   -0.37689E-02    0.73735E-01    0.26475E-02    0.29773E-02   -0.12476E-03    0.67044E-06    0.10349E-04    0.46373E-04   -0.37842E-02    0.10091E-02    0.24284E-02   -0.50932E-01   -0.65848E-02    0.28611E-02   -0.48197E-01   -0.31323E-04    0.10279E-02    0.34528E-03   -0.41908E-04   -0.22740E-04   -0.57516E-04   -0.74201E-05    0.12773E-04   -0.22170E-04    0.35969E-04
   -0.44206E-06   -0.12315E-05   -0.51731E-06    0.12843E-04   -0.83909E-07    0.19077E-04   -0.14098E-01    0.49905E-03   -0.16596E-02   -0.24189E-02    0.15672E-01    0.25779E-02   -0.12476E-03    0.15153E-02   -0.24157E-06   -0.37273E-06    0.12711E-03   -0.30440E-02   -0.25878E-04    0.36822E-02   -0.42800E-02   -0.10171E-01    0.22132E-02   -0.12146E-01    0.95828E-04    0.10271E-02   -0.34053E-03    0.18034E-04    0.13757E-04    0.23001E-04    0.47048E-05    0.65670E-05   -0.11617E-04    0.29082E-05
    0.27798E-08   -0.12894E-07   -0.66418E-08   -0.15297E-06   -0.27552E-07   -0.24654E-06   -0.13416E-03   -0.61564E-05   -0.35213E-05   -0.12406E-05   -0.11423E-04    0.20308E-06    0.67044E-06   -0.24157E-06    0.15454E-06    0.19325E-08    0.26679E-06   -0.10251E-05   -0.24378E-04    0.96559E-05    0.28449E-04    0.35670E-05    0.14845E-04    0.48899E-04    0.13990E-05   -0.56835E-06    0.13246E-06    0.49277E-07   -0.19897E-06    0.93174E-07   -0.36147E-07    0.95611E-07   -0.73015E-07    0.42545E-06
    0.70731E-08   -0.85875E-07    0.39653E-09   -0.38059E-07    0.91824E-07   -0.15098E-06    0.24165E-03   -0.34264E-04   -0.23169E-03   -0.34662E-04    0.97861E-03   -0.50688E-04    0.10349E-04   -0.37273E-06    0.19325E-08    0.50862E-06    0.46023E-07    0.82811E-04    0.26455E-05   -0.65948E-05   -0.26104E-04    0.73975E-04    0.75173E-05   -0.20871E-03   -0.11159E-05   -0.55598E-05   -0.66766E-06   -0.58057E-06    0.33180E-05   -0.47571E-06    0.28300E-05   -0.10653E-05    0.52643E-07    0.18917E-05
   -0.74414E-06    0.12747E-04   -0.14421E-05   -0.58034E-04   -0.78689E-04   -0.85092E-04    0.50419E-01    0.52525E-02   -0.40397E-02    0.51070E-02   -0.47757E-01   -0.95858E-02    0.46373E-04    0.12711E-03    0.26679E-06    0.46023E-07    0.88028E-02    0.42534E-01    0.15575E-02    0.15066E-01    0.19062E-01    0.11741E-01    0.13538E-01    0.26340E-01    0.94481E-03    0.24732E-02    0.28803E-03   -0.34165E-04    0.97190E-04   -0.46651E-04    0.13781E-03   -0.66947E-04    0.19087E-04    0.14760E-03
   -0.22901E-04    0.85266E-04   -0.18592E-04   -0.91729E-03   -0.74036E-03   -0.18144E-02    0.63308E+00    0.56925E-01   -0.67210E-01   -0.44611E+00   -0.98578E+00   -0.19950E+00   -0.37842E-02   -0.30440E-02   -0.10251E-05    0.82811E-04    0.42534E-01    0.80746E+00    0.33872E-02    0.78396E-01    0.40647E+00    0.24101E+00    0.11431E+00    0.64527E+00   -0.31986E-01   -0.31872E-01    0.62367E-02    0.28650E-03    0.29338E-02    0.43406E-03    0.26676E-02   -0.91678E-03    0.56007E-03    0.22964E-02
   -0.79002E-05    0.11031E-03   -0.12009E-04   -0.43284E-03   -0.46906E-03   -0.34029E-03    0.15789E+01    0.32700E-02    0.10191E-01   -0.10012E-01   -0.29163E-01    0.60107E-03    0.10091E-02   -0.25878E-04   -0.24378E-04    0.26455E-05    0.15575E-02    0.33872E-02    0.14294E+00    0.20986E-02    0.45815E-01   -0.95671E-02    0.89670E-03   -0.25193E-01    0.14334E-04    0.74686E-03    0.51271E-03   -0.33533E-03    0.65268E-04   -0.15130E-03    0.13002E-03    0.58790E-04   -0.62544E-04   -0.31447E-03
    0.11292E-04   -0.33859E-05   -0.19015E-04    0.35726E-03    0.74759E-04    0.73591E-03    0.60892E-01    0.28686E-01   -0.10154E-01   -0.12299E+00   -0.19853E+00   -0.35385E-01    0.24284E-02    0.36822E-02    0.96559E-05   -0.65948E-05    0.15066E-01    0.78396E-01    0.20986E-02    0.32831E+00   -0.13613E+00    0.50235E-01    0.13811E+00    0.33943E+00   -0.25989E-03   -0.13981E-02   -0.41418E-02    0.17145E-02   -0.57938E-03    0.20228E-02   -0.21864E-03   -0.52348E-03   -0.75014E-04    0.13412E-02
    0.14344E-03   -0.72604E-03    0.24065E-03    0.41763E-02    0.30551E-02    0.67047E-02    0.10275E+01   -0.15312E+00    0.33010E-01   -0.47141E-01   -0.15094E+01   -0.14600E+00   -0.50932E-01   -0.42800E-02    0.28449E-04   -0.26104E-04    0.19062E-01    0.40647E+00    0.45815E-01   -0.13613E+00    0.14587E+02    0.25566E+00   -0.58070E-02    0.18834E+01   -0.58502E-02   -0.46379E-01   -0.57478E-02   -0.81191E-04    0.51146E-01    0.13373E-02    0.39012E-01    0.21300E-02    0.21952E-02    0.72646E-02
    0.25442E-05    0.25048E-04    0.37140E-04   -0.62766E-03    0.10666E-03   -0.11841E-02    0.75553E+00    0.13699E+00   -0.10642E+00   -0.78755E-01   -0.35472E-01   -0.16241E+00   -0.65848E-02   -0.10171E-01    0.35670E-05    0.73975E-04    0.11741E-01    0.24101E+00   -0.95671E-02    0.50235E-01    0.25566E+00    0.18605E+01    0.67831E-01    0.15186E+00   -0.67621E-01   -0.86014E-01   -0.10934E-02   -0.16190E-02    0.26317E-02   -0.10799E-02    0.25633E-02    0.80637E-05   -0.49252E-03    0.25540E-02
    0.19534E-04   -0.48897E-04   -0.34087E-05    0.52359E-03    0.17891E-03    0.95661E-03    0.74090E-01    0.41103E-02    0.12449E-01   -0.18212E+00   -0.38381E+00   -0.38553E-01    0.28611E-02    0.22132E-02    0.14845E-04    0.75173E-05    0.13538E-01    0.11431E+00    0.89670E-03    0.13811E+00   -0.58070E-02    0.67831E-01    0.24489E+00    0.81031E-01   -0.60493E-02   -0.12492E-02    0.40630E-03   -0.38468E-03   -0.65597E-03   -0.32345E-03   -0.35276E-03    0.63863E-03   -0.10480E-05    0.16893E-04
    0.88108E-04   -0.70733E-03    0.20751E-03    0.38990E-02    0.24292E-02    0.63988E-02   -0.15185E+00    0.11035E-01    0.16089E+00   -0.26341E+00   -0.22130E+01   -0.19300E+00   -0.48197E-01   -0.12146E-01    0.48899E-04   -0.20871E-03    0.26340E-01    0.64527E+00   -0.25193E-01    0.33943E+00    0.18834E+01    0.15186E+00    0.81031E-01    0.12879E+02   -0.19707E-01   -0.76136E-01   -0.15601E-01    0.37382E-02    0.46157E-02    0.26829E-02    0.34509E-02    0.27405E-03    0.55362E-02    0.32241E-01
    0.11534E-05   -0.27196E-05   -0.20781E-05    0.23495E-04    0.34429E-05    0.52056E-04   -0.25060E-01   -0.26002E-02   -0.83939E-03    0.38747E-01    0.57496E-01    0.82890E-02   -0.31323E-04    0.95828E-04    0.13990E-05   -0.11159E-05    0.94481E-03   -0.31986E-01    0.14334E-04   -0.25989E-03   -0.58502E-02   -0.67621E-01   -0.60493E-02   -0.19707E-01    0.69174E-02    0.56851E-02   -0.48878E-03    0.45847E-04   -0.81429E-04   -0.17064E-04   -0.22131E-04   -0.35338E-04    0.55252E-05   -0.11175E-04
    0.18331E-05   -0.26981E-06    0.33845E-06    0.76060E-04    0.37550E-05    0.15931E-03   -0.57711E-01   -0.10650E-01   -0.29654E-03    0.33609E-01    0.48851E-01    0.15382E-01    0.10279E-02    0.10271E-02   -0.56835E-06   -0.55598E-05    0.24732E-02   -0.31872E-01    0.74686E-03   -0.13981E-02   -0.46379E-01   -0.86014E-01   -0.12492E-02   -0.76136E-01    0.56851E-02    0.11562E-01    0.17083E-03    0.85539E-04   -0.22766E-03   -0.32049E-04   -0.18013E-03    0.50095E-04    0.35999E-04   -0.28394E-03
    0.16450E-06    0.31460E-06    0.49943E-06   -0.11399E-04   -0.30917E-05   -0.21791E-04    0.19924E-02   -0.32708E-02    0.14167E-02   -0.54008E-02   -0.18649E-01    0.22570E-04    0.34528E-03   -0.34053E-03    0.13246E-06   -0.66766E-06    0.28803E-03    0.62367E-02    0.51271E-03   -0.41418E-02   -0.57478E-02   -0.10934E-02    0.40630E-03   -0.15601E-01   -0.48878E-03    0.17083E-03    0.51078E-03   -0.72934E-05   -0.36151E-04   -0.95595E-05   -0.40984E-04    0.62912E-04    0.20698E-04   -0.66738E-04
    0.38165E-06   -0.24339E-05    0.15904E-06    0.13176E-04    0.11321E-04    0.19338E-04   -0.74143E-02   -0.16253E-02   -0.29729E-03    0.28379E-03   -0.16448E-02    0.31819E-03   -0.41908E-04    0.18034E-04    0.49277E-07   -0.58057E-06   -0.34165E-04    0.28650E-03   -0.33533E-03    0.17145E-02   -0.81191E-04   -0.16190E-02   -0.38468E-03    0.37382E-02    0.45847E-04    0.85539E-04   -0.72934E-05    0.13251E-03   -0.13037E-05    0.44859E-04    0.21420E-05    0.14980E-04    0.19640E-04    0.20599E-04
    0.61613E-06   -0.31810E-05    0.12544E-05    0.14496E-04    0.11878E-04    0.20788E-04    0.56849E-02   -0.32046E-03   -0.47043E-02    0.19436E-03    0.11537E-01   -0.12002E-02   -0.22740E-04    0.13757E-04   -0.19897E-06    0.33180E-05    0.97190E-04    0.29338E-02    0.65268E-04   -0.57938E-03    0.51146E-01    0.26317E-02   -0.65597E-03    0.46157E-02   -0.81429E-04   -0.22766E-03   -0.36151E-04   -0.13037E-05    0.35383E-03    0.14611E-04    0.19028E-03    0.13094E-05    0.58345E-05    0.68359E-04
    0.42309E-06   -0.19903E-05    0.24189E-06    0.16880E-04    0.92319E-05    0.28866E-04   -0.51526E-02   -0.14283E-02   -0.32567E-03    0.12758E-03   -0.15197E-02    0.25630E-03   -0.57516E-04    0.23001E-04    0.93174E-07   -0.47571E-06   -0.46651E-04    0.43406E-03   -0.15130E-03    0.20228E-02    0.13373E-02   -0.10799E-02   -0.32345E-03    0.26829E-02   -0.17064E-04   -0.32049E-04   -0.95595E-05    0.44859E-04    0.14611E-04    0.11150E-03    0.25662E-05    0.15728E-04    0.16200E-04    0.16480E-04
    0.52924E-06   -0.40700E-05    0.87756E-06    0.11305E-04    0.10610E-04    0.13972E-04    0.66636E-02   -0.24422E-03   -0.44440E-02    0.34215E-03    0.11145E-01   -0.12044E-02   -0.74201E-05    0.47048E-05   -0.36147E-07    0.28300E-05    0.13781E-03    0.26676E-02    0.13002E-03   -0.21864E-03    0.39012E-01    0.25633E-02   -0.35276E-03    0.34509E-02   -0.22131E-04   -0.18013E-03   -0.40984E-04    0.21420E-05    0.19028E-03    0.25662E-05    0.22125E-03   -0.16966E-04    0.43250E-05    0.65461E-04
    0.95912E-06   -0.56309E-05    0.83523E-06    0.21091E-04    0.23822E-04    0.28059E-04   -0.74680E-02   -0.26406E-02    0.17492E-04   -0.59779E-04   -0.33393E-02    0.94249E-03    0.12773E-04    0.65670E-05    0.95611E-07   -0.10653E-05   -0.66947E-04   -0.91678E-03    0.58790E-04   -0.52348E-03    0.21300E-02    0.80637E-05    0.63863E-03    0.27405E-03   -0.35338E-04    0.50095E-04    0.62912E-04    0.14980E-04    0.13094E-05    0.15728E-04   -0.16966E-04    0.39611E-03    0.38930E-04    0.64896E-05
    0.63508E-06   -0.30670E-05    0.64147E-06    0.12239E-04    0.11150E-04    0.18472E-04   -0.40552E-02   -0.16656E-02   -0.34510E-03    0.39164E-04   -0.19886E-02    0.17025E-03   -0.22170E-04   -0.11617E-04   -0.73015E-07    0.52643E-07    0.19087E-04    0.56007E-03   -0.62544E-04   -0.75014E-04    0.21952E-02   -0.49252E-03   -0.10480E-05    0.55362E-02    0.55252E-05    0.35999E-04    0.20698E-04    0.19640E-04    0.58345E-05    0.16200E-04    0.43250E-05    0.38930E-04    0.90198E-04    0.30528E-04
    0.41443E-06   -0.48377E-05    0.10319E-05    0.24777E-04    0.14102E-04    0.39945E-04   -0.35286E-02   -0.15564E-03   -0.40465E-02    0.46941E-03    0.97607E-02   -0.73769E-03    0.35969E-04    0.29082E-05    0.42545E-06    0.18917E-05    0.14760E-03    0.22964E-02   -0.31447E-03    0.13412E-02    0.72646E-02    0.25540E-02    0.16893E-04    0.32241E-01   -0.11175E-04   -0.28394E-03   -0.66738E-04    0.20599E-04    0.68359E-04    0.16480E-04    0.65461E-04    0.64896E-05    0.30528E-04    0.55136E-03
