# omegabh2 omegach2 theta tau mnu logA ns acib217 acibsz143 asz143 aps100 aps143 aps143217 aps217 aksz kgal100 t1gal143 t1gal143217 t1gal217 galfEE100 galfEE100143 galfEE100217 galfEE143 galfEE143217 galfEE217 galfTE100 galfTE100143 galfTE100217 galfTE143 galfTE143217 galfTE217 calib_100T calib_217T
    0.2111171E-07   -0.8030366E-07    0.1206717E-07    0.4725621E-06    0.1172260E-05    0.8858871E-06    0.2214661E-06   -0.1417586E-03   -0.7081872E-04   -0.1092879E-04   -0.1325988E-03   -0.8184506E-05    0.1273418E-03    0.1378771E-03   -0.4059864E-04    0.1341322E-03   -0.1411215E-03   -0.1601331E-03   -0.1676588E-03    0.8878128E-07    0.1090410E-06    0.1440493E-06    0.1369753E-06    0.1527229E-06    0.1838524E-06   -0.1468614E-05   -0.1993452E-05   -0.2451199E-05   -0.3178498E-05   -0.4311127E-05   -0.7141447E-05   -0.3111482E-07    0.4168520E-08
   -0.8030366E-07    0.1290860E-05   -0.6976172E-07   -0.4695092E-05   -0.2421411E-04   -0.5977520E-05   -0.3039126E-05    0.2747480E-03    0.4057852E-04   -0.1220069E-03    0.2046116E-02    0.1162271E-02    0.5435092E-03    0.2381064E-03    0.3370750E-04   -0.3352222E-03   -0.7699417E-03   -0.6331502E-03   -0.5454865E-03   -0.1365691E-05   -0.1353159E-05   -0.1499900E-05   -0.1554605E-05   -0.1538726E-05   -0.1103785E-05    0.9429738E-05    0.1133963E-04    0.1167537E-04    0.1951584E-04    0.2404528E-04    0.3522613E-04   -0.5852245E-07   -0.3380706E-07
    0.1206717E-07   -0.6976172E-07    0.8518394E-07    0.4012578E-06    0.1018849E-05    0.7241442E-06    0.2916497E-06   -0.6817249E-04   -0.3195885E-04    0.4089066E-06   -0.1273456E-04   -0.3277407E-04    0.3586793E-04    0.3899887E-04    0.2459531E-05    0.9065951E-04    0.1473929E-04    0.3201595E-07   -0.1314352E-04    0.3737872E-07    0.4981178E-07    0.1198735E-07    0.6989086E-07    0.2730541E-08   -0.5280278E-07   -0.8996107E-06   -0.1468662E-05   -0.1581907E-05   -0.2183289E-05   -0.2643639E-05   -0.4049502E-05   -0.1408764E-07    0.4844254E-08
    0.4725621E-06   -0.4695092E-05    0.4012578E-06    0.1717356E-03    0.2023706E-03    0.3341541E-03    0.2050197E-04   -0.9568069E-02   -0.4301645E-02   -0.2105205E-02    0.3363184E-03    0.6166655E-02    0.1155391E-01    0.1396237E-01   -0.3054220E-02   -0.8510439E-02   -0.1181401E-01   -0.1584147E-01   -0.1764896E-01    0.6135161E-05    0.6613016E-05    0.8112564E-05    0.5880555E-05    0.8472417E-05    0.3733229E-05   -0.5912720E-04   -0.4945901E-04   -0.6366515E-04   -0.7318696E-04   -0.1031585E-03   -0.1777590E-03    0.2639401E-06    0.6807614E-06
    0.1172260E-05   -0.2421411E-04    0.1018849E-05    0.2023706E-03    0.4284699E-02    0.3238412E-03    0.5288985E-04    0.8611734E-02    0.7109616E-02    0.2141667E-02   -0.3497285E-01   -0.3693683E-01   -0.3968282E-01   -0.2845154E-01    0.4734864E-02    0.3881387E-01    0.4364801E-01    0.3795155E-01    0.3244964E-01    0.2744834E-04    0.2321298E-04    0.3032112E-04    0.3177439E-04    0.3203773E-04    0.2685876E-04   -0.2175879E-03   -0.2342765E-03   -0.2534595E-03   -0.3325640E-03   -0.3878968E-03   -0.5072214E-03    0.2723162E-06    0.8230624E-06
    0.8858871E-06   -0.5977520E-05    0.7241442E-06    0.3341541E-03    0.3238412E-03    0.6664199E-03    0.3245753E-04   -0.2120337E-01   -0.1058492E-01   -0.5712756E-02    0.1955551E-01    0.2496241E-01    0.3458771E-01    0.3701665E-01   -0.7297482E-02   -0.2505583E-01   -0.4266057E-01   -0.5047683E-01   -0.5393265E-01    0.6754306E-05    0.7807543E-05    0.9863561E-05    0.5955773E-05    0.1063623E-04    0.1665108E-05   -0.9881836E-04   -0.6580194E-04   -0.9536949E-04   -0.9337477E-04   -0.1463061E-03   -0.2761458E-03   -0.7431076E-06    0.1250878E-05
    0.2214661E-06   -0.3039126E-05    0.2916497E-06    0.2050197E-04    0.5288985E-04    0.3245753E-04    0.1979992E-04   -0.9391449E-02   -0.4250438E-02   -0.1414650E-02   -0.6528513E-02    0.4996168E-02    0.1149162E-01    0.1270550E-01   -0.2684109E-02   -0.2042986E-02   -0.3259976E-02   -0.4888623E-02   -0.4766401E-02    0.7413344E-05    0.7743895E-05    0.8737611E-05    0.8710484E-05    0.9133831E-05    0.7677541E-05   -0.2889467E-04   -0.2472269E-04   -0.2015844E-04   -0.3660889E-04   -0.4343157E-04   -0.6528350E-04    0.3262332E-06    0.4008561E-06
   -0.1417586E-03    0.2747480E-03   -0.6817249E-04   -0.9568069E-02    0.8611734E-02   -0.2120337E-01   -0.9391449E-02    0.6385789E+02    0.2299242E+02    0.1054032E+01    0.1092338E+02   -0.2154584E+02   -0.6349402E+02   -0.8231596E+02   -0.3089785E+01   -0.1326200E+00   -0.6829689E+01   -0.1122604E+02   -0.1644978E+02   -0.2780692E-02   -0.2986412E-02   -0.3731354E-02   -0.3528191E-02   -0.3385400E-02   -0.3229200E-02    0.6766921E-02    0.1069709E-01    0.1895350E-01   -0.1117342E-01   -0.2665285E-01   -0.1047254E+00    0.1703073E-03   -0.2991451E-02
   -0.7081872E-04    0.4057852E-04   -0.3195885E-04   -0.4301645E-02    0.7109616E-02   -0.1058492E-01   -0.4250438E-02    0.2299242E+02    0.1692508E+02    0.2717135E+01   -0.1753310E+02   -0.2387603E+02   -0.4207074E+02   -0.2544344E+02   -0.1514764E+01   -0.1710290E+01   -0.4008336E+01   -0.1009913E+02   -0.1169340E+02   -0.1116368E-02   -0.9608587E-03   -0.1181175E-02   -0.1172544E-02   -0.7497239E-03    0.3341312E-03   -0.4607212E-03    0.5470771E-02    0.1544275E-01    0.3349335E-02    0.9664292E-02    0.1545559E-04    0.1195890E-03   -0.4056541E-04
   -0.1092879E-04   -0.1220069E-03    0.4089066E-06   -0.2105205E-02    0.2141667E-02   -0.5712756E-02   -0.1414650E-02    0.1054032E+01    0.2717135E+01    0.6540147E+01   -0.4343700E+02   -0.1935406E+02   -0.6001049E+01   -0.1015007E+01   -0.2354814E+00   -0.3038432E+01   -0.3253794E+00    0.3709461E+01    0.4235408E+01   -0.2328947E-03   -0.4053198E-03   -0.8639124E-04   -0.3000393E-03   -0.3308765E-03    0.1140649E-03   -0.2849883E-02   -0.5457963E-02   -0.1279335E-01   -0.5660620E-02   -0.8550325E-02   -0.2006471E-03   -0.9698920E-04    0.2010813E-03
   -0.1325988E-03    0.2046116E-02   -0.1273456E-04    0.3363184E-03   -0.3497285E-01    0.1955551E-01   -0.6528513E-02    0.1092338E+02   -0.1753310E+02   -0.4343700E+02    0.7744536E+03    0.1889478E+03    0.7595073E+02    0.1611887E+02   -0.1318266E+02   -0.4419317E+02   -0.1062021E+02   -0.2129605E+02   -0.2037449E+02   -0.2664580E-02   -0.4777761E-02   -0.1035207E-01   -0.4584791E-02   -0.9526257E-02   -0.1197095E-01    0.4717773E-01    0.6413464E-01    0.8552657E-01    0.1023895E+00    0.1142190E+00    0.3211058E-01   -0.1346120E-02   -0.3443662E-02
   -0.8184506E-05    0.1162271E-02   -0.3277407E-04    0.6166655E-02   -0.3693683E-01    0.2496241E-01    0.4996168E-02   -0.2154584E+02   -0.2387603E+02   -0.1935406E+02    0.1889478E+03    0.1260057E+03    0.9418882E+02    0.5287792E+02   -0.1142985E+02   -0.1355680E+01   -0.1308495E+02   -0.9493547E+01   -0.6481058E+01    0.2307372E-03   -0.7284205E-03   -0.1943092E-02   -0.8641902E-03   -0.2864512E-02   -0.3959852E-02    0.1634817E-01    0.4164251E-01    0.4265235E-01    0.6461885E-01    0.6118266E-01    0.4490702E-01   -0.4558976E-03   -0.1000560E-02
    0.1273418E-03    0.5435092E-03    0.3586793E-04    0.1155391E-01   -0.3968282E-01    0.3458771E-01    0.1149162E-01   -0.6349402E+02   -0.4207074E+02   -0.6001049E+01    0.7595073E+02    0.9418882E+02    0.1437782E+03    0.1070594E+03   -0.8585437E+01   -0.5685845E+01   -0.7565544E+01    0.1964402E+01    0.3252793E+01    0.2350566E-02    0.1286214E-02    0.1933391E-02    0.1993246E-02    0.1409038E-03   -0.5194971E-03    0.6106801E-02    0.1351402E-01   -0.7455599E-02    0.4081440E-01    0.3264778E-01    0.6014520E-01   -0.9052388E-03    0.1511464E-02
    0.1378771E-03    0.2381064E-03    0.3899887E-04    0.1396237E-01   -0.2845154E-01    0.3701665E-01    0.1270550E-01   -0.8231596E+02   -0.2544344E+02   -0.1015007E+01    0.1611887E+02    0.5287792E+02    0.1070594E+03    0.1466647E+03   -0.8386706E+01   -0.8777809E+01   -0.8853159E+01   -0.1453451E+02   -0.1544540E+02    0.3255751E-02    0.2925396E-02    0.3918047E-02    0.3839126E-02    0.3156257E-02    0.4963255E-02   -0.2390500E-02    0.1303925E-01    0.8590276E-02    0.5583875E-01    0.8029296E-01    0.1692050E+00   -0.8529871E-03    0.5671923E-02
   -0.4059864E-04    0.3370750E-04    0.2459531E-05   -0.3054220E-02    0.4734864E-02   -0.7297482E-02   -0.2684109E-02   -0.3089785E+01   -0.1514764E+01   -0.2354814E+00   -0.1318266E+02   -0.1142985E+02   -0.8585437E+01   -0.8386706E+01    0.8004089E+01   -0.1205703E+01   -0.1284769E+01   -0.1791744E+01   -0.2069925E+01   -0.1164431E-02   -0.7005213E-03   -0.8748375E-03   -0.6140280E-03   -0.5398133E-03   -0.1390803E-02    0.2943010E-02    0.5748124E-03    0.1010877E-02    0.1513646E-02    0.4577344E-02    0.1937707E-01    0.5695536E-04    0.1848212E-03
    0.1341322E-03   -0.3352222E-03    0.9065951E-04   -0.8510439E-02    0.3881387E-01   -0.2505583E-01   -0.2042986E-02   -0.1326200E+00   -0.1710290E+01   -0.3038432E+01   -0.4419317E+02   -0.1355680E+01   -0.5685845E+01   -0.8777809E+01   -0.1205703E+01    0.1535061E+03    0.5284434E+02    0.4918971E+02    0.4692276E+02    0.2028374E-02   -0.4658304E-03    0.1628874E-02    0.9132412E-03    0.2266917E-02    0.4050048E-02   -0.1632768E-01   -0.6233692E-01   -0.7270536E-01   -0.3209232E-01   -0.7631312E-01   -0.1755668E+00   -0.1302067E-01   -0.3516659E-04
   -0.1411215E-03   -0.7699417E-03    0.1473929E-04   -0.1181401E-01    0.4364801E-01   -0.4266057E-01   -0.3259976E-02   -0.6829689E+01   -0.4008336E+01   -0.3253794E+00   -0.1062021E+02   -0.1308495E+02   -0.7565544E+01   -0.8853159E+01   -0.1284769E+01    0.5284434E+02    0.1002275E+03    0.1013734E+03    0.1006310E+03    0.4506579E-02    0.3400412E-02    0.4406174E-02    0.2091960E-02    0.3262216E-02    0.4483269E-02    0.1193155E-01   -0.5884254E-01   -0.6631929E-01   -0.8526826E-01   -0.9025163E-01   -0.1046565E+00    0.3207357E-02    0.2411233E-03
   -0.1601331E-03   -0.6331502E-03    0.3201595E-07   -0.1584147E-01    0.3795155E-01   -0.5047683E-01   -0.4888623E-02   -0.1122604E+02   -0.1009913E+02    0.3709461E+01   -0.2129605E+02   -0.9493547E+01    0.1964402E+01   -0.1453451E+02   -0.1791744E+01    0.4918971E+02    0.1013734E+03    0.1392121E+03    0.1626263E+03    0.3779469E-02    0.2172932E-02    0.2416384E-02    0.2608175E-03    0.4156548E-03   -0.9160564E-03    0.1152407E-01   -0.5733476E-01   -0.8092099E-01   -0.7960506E-01   -0.9023211E-01   -0.5925829E-01    0.2980536E-02   -0.4747910E-02
   -0.1676588E-03   -0.5454865E-03   -0.1314352E-04   -0.1764896E-01    0.3244964E-01   -0.5393265E-01   -0.4766401E-02   -0.1644978E+02   -0.1169340E+02    0.4235408E+01   -0.2037449E+02   -0.6481058E+01    0.3252793E+01   -0.1544540E+02   -0.2069925E+01    0.4692276E+02    0.1006310E+03    0.1626263E+03    0.2104053E+03    0.3461270E-02    0.1928679E-02    0.1215998E-02   -0.7624229E-03   -0.1292655E-02   -0.4313677E-02    0.9499448E-02   -0.5081965E-01   -0.6386398E-01   -0.6636465E-01   -0.5807384E-01    0.3327815E-01    0.2974715E-02   -0.9177223E-02
    0.8878128E-07   -0.1365691E-05    0.3737872E-07    0.6135161E-05    0.2744834E-04    0.6754306E-05    0.7413344E-05   -0.2780692E-02   -0.1116368E-02   -0.2328947E-03   -0.2664580E-02    0.2307372E-03    0.2350566E-02    0.3255751E-02   -0.1164431E-02    0.2028374E-02    0.4506579E-02    0.3779469E-02    0.3461270E-02    0.7041837E-04    0.2420600E-04    0.3075221E-04    0.1273701E-04    0.1500132E-04    0.1482263E-04   -0.1036151E-03   -0.6748633E-04   -0.5323147E-04   -0.2752197E-04   -0.2533399E-04   -0.4659060E-04    0.3679029E-06    0.2254432E-06
    0.1090410E-06   -0.1353159E-05    0.4981178E-07    0.6613016E-05    0.2321298E-04    0.7807543E-05    0.7743895E-05   -0.2986412E-02   -0.9608587E-03   -0.4053198E-03   -0.4777761E-02   -0.7284205E-03    0.1286214E-02    0.2925396E-02   -0.7005213E-03   -0.4658304E-03    0.3400412E-02    0.2172932E-02    0.1928679E-02    0.2420600E-04    0.4072848E-04    0.3601440E-04    0.3020576E-04    0.3107506E-04    0.2744784E-04   -0.6030064E-04   -0.9213629E-04   -0.7106292E-04   -0.9911621E-04   -0.9540287E-04   -0.1277888E-03    0.6761826E-06    0.1891034E-06
    0.1440493E-06   -0.1499900E-05    0.1198735E-07    0.8112564E-05    0.3032112E-04    0.9863561E-05    0.8737611E-05   -0.3731354E-02   -0.1181175E-02   -0.8639124E-04   -0.1035207E-01   -0.1943092E-02    0.1933391E-02    0.3918047E-02   -0.8748375E-03    0.1628874E-02    0.4406174E-02    0.2416384E-02    0.1215998E-02    0.3075221E-04    0.3601440E-04    0.1174833E-03    0.2573270E-04    0.6164134E-04    0.1096529E-03   -0.5844841E-04   -0.9665101E-04   -0.1074552E-03   -0.8546859E-04   -0.1811687E-03   -0.4068604E-03    0.6325009E-06    0.4284474E-06
    0.1369753E-06   -0.1554605E-05    0.6989086E-07    0.5880555E-05    0.3177439E-04    0.5955773E-05    0.8710484E-05   -0.3528191E-02   -0.1172544E-02   -0.3000393E-03   -0.4584791E-02   -0.8641902E-03    0.1993246E-02    0.3839126E-02   -0.6140280E-03    0.9132412E-03    0.2091960E-02    0.2608175E-03   -0.7624229E-03    0.1273701E-04    0.3020576E-04    0.2573270E-04    0.8664917E-04    0.5628265E-04    0.4019950E-04   -0.2861047E-04   -0.7404726E-04   -0.4925611E-04   -0.1688044E-03   -0.1520970E-03   -0.1748554E-03    0.3160042E-06    0.3705300E-06
    0.1527229E-06   -0.1538726E-05    0.2730541E-08    0.8472417E-05    0.3203773E-04    0.1063623E-04    0.9133831E-05   -0.3385400E-02   -0.7497239E-03   -0.3308765E-03   -0.9526257E-02   -0.2864512E-02    0.1409038E-03    0.3156257E-02   -0.5398133E-03    0.2266917E-02    0.3262216E-02    0.4156548E-03   -0.1292655E-02    0.1500132E-04    0.3107506E-04    0.6164134E-04    0.5628265E-04    0.1279209E-03    0.1590815E-03   -0.2901375E-04   -0.8339038E-04   -0.9890377E-04   -0.1649654E-03   -0.2312951E-03   -0.4417564E-03    0.4016907E-06    0.5121163E-06
    0.1838524E-06   -0.1103785E-05   -0.5280278E-07    0.3733229E-05    0.2685876E-04    0.1665108E-05    0.7677541E-05   -0.3229200E-02    0.3341312E-03    0.1140649E-03   -0.1197095E-01   -0.3959852E-02   -0.5194971E-03    0.4963255E-02   -0.1390803E-02    0.4050048E-02    0.4483269E-02   -0.9160564E-03   -0.4313677E-02    0.1482263E-04    0.2744784E-04    0.1096529E-03    0.4019950E-04    0.1590815E-03    0.6362301E-03   -0.5179798E-04   -0.9496324E-04   -0.1251078E-03   -0.1811611E-03   -0.3425090E-03   -0.6117891E-03    0.5102627E-06    0.1137003E-05
   -0.1468614E-05    0.9429738E-05   -0.8996107E-06   -0.5912720E-04   -0.2175879E-03   -0.9881836E-04   -0.2889467E-04    0.6766921E-02   -0.4607212E-03   -0.2849883E-02    0.4717773E-01    0.1634817E-01    0.6106801E-02   -0.2390500E-02    0.2943010E-02   -0.1632768E-01    0.1193155E-01    0.1152407E-01    0.9499448E-02   -0.1036151E-03   -0.6030064E-04   -0.5844841E-04   -0.2861047E-04   -0.2901375E-04   -0.5179798E-04    0.1300165E-01    0.8490445E-02    0.9522511E-02    0.1967537E-02    0.2218986E-02    0.3089522E-02    0.2679807E-05   -0.2157164E-06
   -0.1993452E-05    0.1133963E-04   -0.1468662E-05   -0.4945901E-04   -0.2342765E-03   -0.6580194E-04   -0.2472269E-04    0.1069709E-01    0.5470771E-02   -0.5457963E-02    0.6413464E-01    0.4164251E-01    0.1351402E-01    0.1303925E-01    0.5748124E-03   -0.6233692E-01   -0.5884254E-01   -0.5733476E-01   -0.5081965E-01   -0.6748633E-04   -0.9213629E-04   -0.9665101E-04   -0.7404726E-04   -0.8339038E-04   -0.9496324E-04    0.8490445E-02    0.1226971E-01    0.1344785E-01    0.8532693E-02    0.8246140E-02    0.7881573E-02    0.2652840E-05   -0.1199990E-05
   -0.2451199E-05    0.1167537E-04   -0.1581907E-05   -0.6366515E-04   -0.2534595E-03   -0.9536949E-04   -0.2015844E-04    0.1895350E-01    0.1544275E-01   -0.1279335E-01    0.8552657E-01    0.4265235E-01   -0.7455599E-02    0.8590276E-02    0.1010877E-02   -0.7270536E-01   -0.6631929E-01   -0.8092099E-01   -0.6386398E-01   -0.5323147E-04   -0.7106292E-04   -0.1074552E-03   -0.4925611E-04   -0.9890377E-04   -0.1251078E-03    0.9522511E-02    0.1344785E-01    0.2539673E-01    0.4822581E-02    0.1177588E-01    0.2296841E-01    0.5063824E-05   -0.3234800E-05
   -0.3178498E-05    0.1951584E-04   -0.2183289E-05   -0.7318696E-04   -0.3325640E-03   -0.9337477E-04   -0.3660889E-04   -0.1117342E-01    0.3349335E-02   -0.5660620E-02    0.1023895E+00    0.6461885E-01    0.4081440E-01    0.5583875E-01    0.1513646E-02   -0.3209232E-01   -0.8526826E-01   -0.7960506E-01   -0.6636465E-01   -0.2752197E-04   -0.9911621E-04   -0.8546859E-04   -0.1688044E-03   -0.1649654E-03   -0.1811611E-03    0.1967537E-02    0.8532693E-02    0.4822581E-02    0.2193188E-01    0.1986920E-01    0.1402681E-01   -0.5118302E-05   -0.2487245E-06
   -0.4311127E-05    0.2404528E-04   -0.2643639E-05   -0.1031585E-03   -0.3878968E-03   -0.1463061E-03   -0.4343157E-04   -0.2665285E-01    0.9664292E-02   -0.8550325E-02    0.1142190E+00    0.6118266E-01    0.3264778E-01    0.8029296E-01    0.4577344E-02   -0.7631312E-01   -0.9025163E-01   -0.9023211E-01   -0.5807384E-01   -0.2533399E-04   -0.9540287E-04   -0.1811687E-03   -0.1520970E-03   -0.2312951E-03   -0.3425090E-03    0.2218986E-02    0.8246140E-02    0.1177588E-01    0.1986920E-01    0.2991690E-01    0.4164808E-01    0.5484269E-06   -0.9994373E-06
   -0.7141447E-05    0.3522613E-04   -0.4049502E-05   -0.1777590E-03   -0.5072214E-03   -0.2761458E-03   -0.6528350E-04   -0.1047254E+00    0.1545559E-04   -0.2006471E-03    0.3211058E-01    0.4490702E-01    0.6014520E-01    0.1692050E+00    0.1937707E-01   -0.1755668E+00   -0.1046565E+00   -0.5925829E-01    0.3327815E-01   -0.4659060E-04   -0.1277888E-03   -0.4068604E-03   -0.1748554E-03   -0.4417564E-03   -0.6117891E-03    0.3089522E-02    0.7881573E-02    0.2296841E-01    0.1402681E-01    0.4164808E-01    0.1037635E+00    0.1077441E-04   -0.3832834E-05
   -0.3111482E-07   -0.5852245E-07   -0.1408764E-07    0.2639401E-06    0.2723162E-06   -0.7431076E-06    0.3262332E-06    0.1703073E-03    0.1195890E-03   -0.9698920E-04   -0.1346120E-02   -0.4558976E-03   -0.9052388E-03   -0.8529871E-03    0.5695536E-04   -0.1302067E-01    0.3207357E-02    0.2980536E-02    0.2974715E-02    0.3679029E-06    0.6761826E-06    0.6325009E-06    0.3160042E-06    0.4016907E-06    0.5102627E-06    0.2679807E-05    0.2652840E-05    0.5063824E-05   -0.5118302E-05    0.5484269E-06    0.1077441E-04    0.2314253E-05    0.1441358E-07
    0.4168520E-08   -0.3380706E-07    0.4844254E-08    0.6807614E-06    0.8230624E-06    0.1250878E-05    0.4008561E-06   -0.2991451E-02   -0.4056541E-04    0.2010813E-03   -0.3443662E-02   -0.1000560E-02    0.1511464E-02    0.5671923E-02    0.1848212E-03   -0.3516659E-04    0.2411233E-03   -0.4747910E-02   -0.9177223E-02    0.2254432E-06    0.1891034E-06    0.4284474E-06    0.3705300E-06    0.5121163E-06    0.1137003E-05   -0.2157164E-06   -0.1199990E-05   -0.3234800E-05   -0.2487245E-06   -0.9994373E-06   -0.3832834E-05    0.1441358E-07    0.1314536E-05
