# omegabh2 omegach2 theta tau logA ns nrun acib217 acibsz143 asz143 aps100 aps143 aps143217 aps217 aksz kgal100 t1gal143 t1gal143217 t1gal217 galfEE100 galfEE100143 galfEE100217 galfEE143 galfEE143217 galfEE217 galfTE100 galfTE100143 galfTE100217 galfTE143 galfTE143217 galfTE217 calib_100T calib_217T
    0.2749448E-07   -0.1281760E-06    0.1915348E-07    0.7799084E-06    0.1451916E-05    0.2797612E-06   -0.3129473E-06   -0.5817914E-04   -0.3418728E-04   -0.2232112E-05   -0.3102622E-04   -0.3640356E-04    0.4255784E-04    0.3980414E-04   -0.2775780E-04    0.1729951E-03   -0.1511399E-03   -0.1641298E-03   -0.1773641E-03    0.2035974E-06    0.2214689E-06    0.2529544E-06    0.2308535E-06    0.2704548E-06    0.2488839E-06   -0.2569920E-05   -0.2928712E-05   -0.3964909E-05   -0.4293736E-05   -0.6313416E-05   -0.1102667E-04   -0.4009545E-07    0.2177460E-08
   -0.1281760E-06    0.1910789E-05   -0.1680470E-06   -0.5685968E-05   -0.6535670E-05   -0.4922714E-05   -0.7416072E-06    0.8222328E-03    0.3705701E-03   -0.5891726E-04    0.1467678E-02    0.1078654E-02   -0.1278223E-03   -0.3034154E-03    0.1930727E-03   -0.1024535E-03   -0.2858140E-03   -0.3951508E-04    0.1461502E-03   -0.1815160E-05   -0.1814398E-05   -0.1980454E-05   -0.1755564E-05   -0.2062734E-05   -0.1802729E-05    0.1420773E-04    0.1530288E-04    0.2002232E-04    0.2388883E-04    0.3380080E-04    0.5715844E-04   -0.4220757E-07   -0.6569910E-07
    0.1915348E-07   -0.1680470E-06    0.9320062E-07    0.7305299E-06    0.1116947E-05    0.5480635E-06   -0.7339443E-08   -0.4035869E-04   -0.1132548E-04    0.7370368E-05   -0.1851458E-03   -0.1215930E-03   -0.3150495E-04   -0.1250944E-04   -0.2259993E-04    0.8584921E-04    0.5072738E-04    0.1719501E-04    0.9336776E-05    0.1795174E-06    0.1696874E-06    0.2189983E-06    0.2324817E-06    0.2403716E-06    0.2953996E-06   -0.1624356E-05   -0.2125013E-05   -0.2454847E-05   -0.3277136E-05   -0.4263644E-05   -0.6402672E-05   -0.6042709E-09    0.4588784E-08
    0.7799084E-06   -0.5685968E-05    0.7305299E-06    0.1787259E-03    0.3524818E-03    0.1843860E-04   -0.2603996E-04   -0.4383009E-02   -0.1578069E-02   -0.8811799E-03    0.9155166E-02    0.6357645E-02    0.7816209E-02    0.9535589E-02   -0.1729477E-02   -0.1114511E-01   -0.1546493E-01   -0.1683988E-01   -0.1763387E-01    0.1240071E-04    0.1223117E-04    0.1228733E-04    0.1226828E-04    0.1091749E-04    0.9136213E-05   -0.1100247E-03   -0.1100704E-03   -0.1343179E-03   -0.1819015E-03   -0.2540562E-03   -0.4321895E-03   -0.1791094E-06    0.3573680E-06
    0.1451916E-05   -0.6535670E-05    0.1116947E-05    0.3524818E-03    0.7161681E-03    0.2185775E-04   -0.6443915E-04   -0.6195457E-02   -0.2578971E-02   -0.2642853E-02    0.3609558E-01    0.2324328E-01    0.2103720E-01    0.2244755E-01   -0.3380455E-02   -0.2884624E-01   -0.4653854E-01   -0.4817612E-01   -0.4905212E-01    0.2060799E-04    0.2002108E-04    0.1920805E-04    0.2053114E-04    0.1595986E-04    0.1169324E-04   -0.2027762E-03   -0.1981420E-03   -0.2414115E-03   -0.3273448E-03   -0.4623578E-03   -0.7938519E-03   -0.1528428E-05    0.3699167E-06
    0.2797612E-06   -0.4922714E-05    0.5480635E-06    0.1843860E-04    0.2185775E-04    0.2648510E-04    0.1094939E-04   -0.1287960E-01   -0.6182219E-02   -0.1742814E-02   -0.7770337E-02    0.5396920E-02    0.1525964E-01    0.1607555E-01   -0.3504640E-02   -0.1682881E-02   -0.3990605E-02   -0.6370703E-02   -0.6754242E-02    0.7141305E-05    0.7413714E-05    0.8682249E-05    0.7146105E-05    0.8167716E-05    0.7489712E-05   -0.3284195E-04   -0.3304896E-04   -0.3817349E-04   -0.3805523E-04   -0.5146582E-04   -0.8494257E-04    0.3598601E-06    0.6013653E-06
   -0.3129473E-06   -0.7416072E-06   -0.7339443E-08   -0.2603996E-04   -0.6443915E-04    0.1094939E-04    0.4678786E-04   -0.1350131E-01   -0.6174430E-02   -0.8115296E-03   -0.1548374E-01   -0.3203120E-04    0.1238632E-01    0.1414676E-01   -0.3427816E-02    0.2463933E-02    0.2824068E-02    0.6613262E-03   -0.9411274E-04   -0.7999872E-05   -0.7981090E-05   -0.7442820E-05   -0.8678222E-05   -0.7760981E-05   -0.5516037E-05    0.3970519E-04    0.4816870E-04    0.7007557E-04    0.7976435E-04    0.1186931E-03    0.1987669E-03    0.5815247E-06    0.7152079E-06
   -0.5817914E-04    0.8222328E-03   -0.4035869E-04   -0.4383009E-02   -0.6195457E-02   -0.1287960E-01   -0.1350131E-01    0.6924058E+02    0.2587331E+02    0.1301068E+01    0.1276639E+02   -0.2359602E+02   -0.7008251E+02   -0.8780917E+02   -0.2404174E+01   -0.3185597E+01   -0.7906568E+01   -0.1253227E+02   -0.1782099E+02   -0.7766518E-03    0.3908891E-03    0.3617425E-04   -0.9036234E-04    0.4241127E-03    0.1549148E-02    0.3203883E-02    0.2619110E-02   -0.4688974E-02   -0.2198630E-01   -0.4168791E-01   -0.9057642E-01    0.2547126E-03   -0.3227784E-02
   -0.3418728E-04    0.3705701E-03   -0.1132548E-04   -0.1578069E-02   -0.2578971E-02   -0.6182219E-02   -0.6174430E-02    0.2587331E+02    0.1839426E+02    0.2745331E+01   -0.1507816E+02   -0.2439691E+02   -0.4529479E+02   -0.2819514E+02   -0.1256756E+01   -0.3406533E+01   -0.5209630E+01   -0.1136943E+02   -0.1289895E+02   -0.2155143E-03   -0.3724739E-04   -0.2649967E-03    0.1516264E-03    0.3175785E-03    0.4411304E-03   -0.1247136E-02    0.2512759E-02    0.5350144E-02   -0.3526616E-02   -0.1132442E-02    0.1789005E-02    0.8890394E-04   -0.2058689E-03
   -0.2232112E-05   -0.5891726E-04    0.7370368E-05   -0.8811799E-03   -0.2642853E-02   -0.1742814E-02   -0.8115296E-03    0.1301068E+01    0.2745331E+01    0.6528946E+01   -0.4287215E+02   -0.1868219E+02   -0.5779100E+01   -0.1067345E+01   -0.2621003E+00   -0.3250870E+01   -0.1382479E+01    0.3031283E+01    0.3777971E+01   -0.2730739E-03   -0.2765273E-03   -0.3395981E-03   -0.3306543E-03   -0.1216072E-03    0.4842129E-03   -0.5063442E-02   -0.2517564E-02   -0.9504623E-02   -0.2776799E-02   -0.5908541E-02   -0.4191897E-02   -0.1961207E-03    0.1521641E-03
   -0.3102622E-04    0.1467678E-02   -0.1851458E-03    0.9155166E-02    0.3609558E-01   -0.7770337E-02   -0.1548374E-01    0.1276639E+02   -0.1507816E+02   -0.4287215E+02    0.7636152E+03    0.1792862E+03    0.6594785E+02    0.9252643E+01   -0.1016631E+02   -0.4644945E+02   -0.9374740E+00   -0.1303251E+02   -0.1250911E+02   -0.3192666E-02   -0.4205065E-02   -0.7688613E-02   -0.4481187E-02   -0.5541381E-02   -0.1390233E-01    0.4464611E-01    0.1860534E-01    0.4336350E-01    0.1160046E-01    0.9995009E-02    0.3811265E-02   -0.2125297E-03   -0.3127057E-02
   -0.3640356E-04    0.1078654E-02   -0.1215930E-03    0.6357645E-02    0.2324328E-01    0.5396920E-02   -0.3203120E-04   -0.2359602E+02   -0.2439691E+02   -0.1868219E+02    0.1792862E+03    0.1209429E+03    0.9270027E+02    0.5229008E+02   -0.1037177E+02    0.1428939E+01   -0.6753934E+01   -0.3578886E+01   -0.1238471E+01   -0.2782213E-03   -0.6066806E-03   -0.3758729E-03   -0.9248310E-04   -0.1874972E-02   -0.4166611E-02    0.2345175E-01    0.2522889E-01    0.4080121E-01    0.3952025E-01    0.4942930E-01    0.7691468E-01   -0.9132412E-04   -0.6810912E-03
    0.4255784E-04   -0.1278223E-03   -0.3150495E-04    0.7816209E-02    0.2103720E-01    0.1525964E-01    0.1238632E-01   -0.7008251E+02   -0.4529479E+02   -0.5779100E+01    0.6594785E+02    0.9270027E+02    0.1492197E+03    0.1117411E+03   -0.8552058E+01   -0.3002427E+00   -0.1443915E+01    0.7904225E+01    0.8582978E+01   -0.2936121E-03   -0.1256963E-02   -0.3597437E-03   -0.1083449E-02   -0.2206297E-02   -0.4298199E-02    0.1164741E-01    0.1263191E-01    0.1817058E-01    0.4204948E-01    0.5428661E-01    0.8645864E-01   -0.6840563E-03    0.2024182E-02
    0.3980414E-04   -0.3034154E-03   -0.1250944E-04    0.9535589E-02    0.2244755E-01    0.1607555E-01    0.1414676E-01   -0.8780917E+02   -0.2819514E+02   -0.1067345E+01    0.9252643E+01    0.5229008E+02    0.1117411E+03    0.1505971E+03   -0.8628575E+01   -0.4373190E+01   -0.4625854E+01   -0.1044840E+02   -0.1141779E+02    0.3680604E-03   -0.1847907E-02   -0.9931821E-03   -0.5262981E-03   -0.1780316E-02   -0.5106188E-02    0.5727512E-03    0.1059039E-01    0.3154964E-01    0.5622128E-01    0.9475434E-01    0.1775537E+00   -0.7011200E-03    0.5975033E-02
   -0.2775780E-04    0.1930727E-03   -0.2259993E-04   -0.1729477E-02   -0.3380455E-02   -0.3504640E-02   -0.3427816E-02   -0.2404174E+01   -0.1256756E+01   -0.2621003E+00   -0.1016631E+02   -0.1037177E+02   -0.8552058E+01   -0.8628575E+01    0.8100463E+01   -0.1442000E+01   -0.1975105E+01   -0.2027746E+01   -0.2029651E+01   -0.1360163E-03   -0.1237217E-03   -0.3586328E-03   -0.6749735E-04   -0.1298383E-03    0.1025567E-03    0.2085052E-02    0.2723633E-02    0.1830381E-02   -0.6916277E-03   -0.3063735E-03   -0.6896966E-02   -0.5526654E-04    0.8512039E-04
    0.1729951E-03   -0.1024535E-03    0.8584921E-04   -0.1114511E-01   -0.2884624E-01   -0.1682881E-02    0.2463933E-02   -0.3185597E+01   -0.3406533E+01   -0.3250870E+01   -0.4644945E+02    0.1428939E+01   -0.3002427E+00   -0.4373190E+01   -0.1442000E+01    0.1519373E+03    0.4765565E+02    0.4446856E+02    0.4291676E+02   -0.4937747E-03   -0.3766237E-03    0.2826641E-03    0.1697999E-02    0.3046145E-02    0.4402431E-02   -0.6165713E-02   -0.6715036E-01   -0.6732796E-01   -0.4598114E-01   -0.4787356E-01   -0.8895268E-01   -0.1320220E-01   -0.2060119E-04
   -0.1511399E-03   -0.2858140E-03    0.5072738E-04   -0.1546493E-01   -0.4653854E-01   -0.3990605E-02    0.2824068E-02   -0.7906568E+01   -0.5209630E+01   -0.1382479E+01   -0.9374740E+00   -0.6753934E+01   -0.1443915E+01   -0.4625854E+01   -0.1975105E+01    0.4765565E+02    0.9237076E+02    0.9270617E+02    0.9199733E+02    0.1915322E-02    0.1382476E-02    0.1867516E-02    0.9272124E-03    0.2686617E-02    0.6185357E-02    0.9287491E-02   -0.3545867E-01   -0.3909799E-01   -0.4106991E-01   -0.4506181E-01   -0.3859490E-01    0.3015801E-02    0.2108975E-03
   -0.1641298E-03   -0.3951508E-04    0.1719501E-04   -0.1683988E-01   -0.4817612E-01   -0.6370703E-02    0.6613262E-03   -0.1253227E+02   -0.1136943E+02    0.3031283E+01   -0.1303251E+02   -0.3578886E+01    0.7904225E+01   -0.1044840E+02   -0.2027746E+01    0.4446856E+02    0.9270617E+02    0.1304713E+03    0.1538828E+03    0.1468554E-02    0.1330603E-02    0.9048400E-03    0.1190227E-04    0.1785160E-02    0.5589723E-02    0.7100775E-02   -0.3719234E-01   -0.5923096E-01   -0.4989432E-01   -0.6213539E-01   -0.3855425E-01    0.2570141E-02   -0.4695755E-02
   -0.1773641E-03    0.1461502E-03    0.9336776E-05   -0.1763387E-01   -0.4905212E-01   -0.6754242E-02   -0.9411274E-04   -0.1782099E+02   -0.1289895E+02    0.3777971E+01   -0.1250911E+02   -0.1238471E+01    0.8582978E+01   -0.1141779E+02   -0.2029651E+01    0.4291676E+02    0.9199733E+02    0.1538828E+03    0.2011306E+03    0.1288821E-02    0.1478301E-02    0.3883214E-03   -0.5201096E-03    0.1097874E-02    0.3733591E-02    0.1131786E-01   -0.3235030E-01   -0.4660162E-01   -0.5057362E-01   -0.4844801E-01    0.1525164E-01    0.2377877E-02   -0.8999785E-02
    0.2035974E-06   -0.1815160E-05    0.1795174E-06    0.1240071E-04    0.2060799E-04    0.7141305E-05   -0.7999872E-05   -0.7766518E-03   -0.2155143E-03   -0.2730739E-03   -0.3192666E-02   -0.2782213E-03   -0.2936121E-03    0.3680604E-03   -0.1360163E-03   -0.4937747E-03    0.1915322E-02    0.1468554E-02    0.1288821E-02    0.7255932E-04    0.2610921E-04    0.3197355E-04    0.1345261E-04    0.1569446E-04    0.1819286E-04   -0.1185747E-03   -0.8705310E-04   -0.9097974E-04   -0.5926171E-04   -0.7217545E-04   -0.1359500E-03    0.4097860E-06    0.9077722E-07
    0.2214689E-06   -0.1814398E-05    0.1696874E-06    0.1223117E-04    0.2002108E-04    0.7413714E-05   -0.7981090E-05    0.3908891E-03   -0.3724739E-04   -0.2765273E-03   -0.4205065E-02   -0.6066806E-03   -0.1256963E-02   -0.1847907E-02   -0.1237217E-03   -0.3766237E-03    0.1382476E-02    0.1330603E-02    0.1478301E-02    0.2610921E-04    0.4128997E-04    0.3748725E-04    0.3097604E-04    0.3164864E-04    0.2971790E-04   -0.7859412E-04   -0.1103157E-03   -0.1052422E-03   -0.1283807E-03   -0.1382827E-03   -0.1819612E-03    0.4104815E-06   -0.7119543E-07
    0.2529544E-06   -0.1980454E-05    0.2189983E-06    0.1228733E-04    0.1920805E-04    0.8682249E-05   -0.7442820E-05    0.3617425E-04   -0.2649967E-03   -0.3395981E-03   -0.7688613E-02   -0.3758729E-03   -0.3597437E-03   -0.9931821E-03   -0.3586328E-03    0.2826641E-03    0.1867516E-02    0.9048400E-03    0.3883214E-03    0.3197355E-04    0.3748725E-04    0.1193230E-03    0.2636187E-04    0.6101714E-04    0.1112458E-03   -0.9620649E-04   -0.1074065E-03   -0.1409017E-03   -0.9421218E-04   -0.2083794E-03   -0.4496387E-03    0.6094065E-06    0.6419729E-07
    0.2308535E-06   -0.1755564E-05    0.2324817E-06    0.1226828E-04    0.2053114E-04    0.7146105E-05   -0.8678222E-05   -0.9036234E-04    0.1516264E-03   -0.3306543E-03   -0.4481187E-02   -0.9248310E-04   -0.1083449E-02   -0.5262981E-03   -0.6749735E-04    0.1697999E-02    0.9272124E-03    0.1190227E-04   -0.5201096E-03    0.1345261E-04    0.3097604E-04    0.2636187E-04    0.8689285E-04    0.5742092E-04    0.4134940E-04   -0.6715142E-04   -0.1156269E-03   -0.9115044E-04   -0.2198586E-03   -0.2008886E-03   -0.2054080E-03    0.1308681E-06    0.1579091E-06
    0.2704548E-06   -0.2062734E-05    0.2403716E-06    0.1091749E-04    0.1595986E-04    0.8167716E-05   -0.7760981E-05    0.4241127E-03    0.3175785E-03   -0.1216072E-03   -0.5541381E-02   -0.1874972E-02   -0.2206297E-02   -0.1780316E-02   -0.1298383E-03    0.3046145E-02    0.2686617E-02    0.1785160E-02    0.1097874E-02    0.1569446E-04    0.3164864E-04    0.6101714E-04    0.5742092E-04    0.1269856E-03    0.1566511E-03   -0.6818128E-04   -0.1002044E-03   -0.1335560E-03   -0.1768200E-03   -0.2571536E-03   -0.5046735E-03    0.1635702E-06    0.1244341E-06
    0.2488839E-06   -0.1802729E-05    0.2953996E-06    0.9136213E-05    0.1169324E-04    0.7489712E-05   -0.5516037E-05    0.1549148E-02    0.4411304E-03    0.4842129E-03   -0.1390233E-01   -0.4166611E-02   -0.4298199E-02   -0.5106188E-02    0.1025567E-03    0.4402431E-02    0.6185357E-02    0.5589723E-02    0.3733591E-02    0.1819286E-04    0.2971790E-04    0.1112458E-03    0.4134940E-04    0.1566511E-03    0.6442446E-03   -0.5345515E-04   -0.7613198E-04   -0.1504887E-03   -0.1299623E-03   -0.3225660E-03   -0.6263415E-03    0.4856029E-06    0.4162953E-06
   -0.2569920E-05    0.1420773E-04   -0.1624356E-05   -0.1100247E-03   -0.2027762E-03   -0.3284195E-04    0.3970519E-04    0.3203883E-02   -0.1247136E-02   -0.5063442E-02    0.4464611E-01    0.2345175E-01    0.1164741E-01    0.5727512E-03    0.2085052E-02   -0.6165713E-02    0.9287491E-02    0.7100775E-02    0.1131786E-01   -0.1185747E-03   -0.7859412E-04   -0.9620649E-04   -0.6715142E-04   -0.6818128E-04   -0.5345515E-04    0.1305989E-01    0.8664832E-02    0.9942301E-02    0.2253635E-02    0.2764958E-02    0.3908489E-02    0.2451351E-05   -0.1258177E-05
   -0.2928712E-05    0.1530288E-04   -0.2125013E-05   -0.1100704E-03   -0.1981420E-03   -0.3304896E-04    0.4816870E-04    0.2619110E-02    0.2512759E-02   -0.2517564E-02    0.1860534E-01    0.2522889E-01    0.1263191E-01    0.1059039E-01    0.2723633E-02   -0.6715036E-01   -0.3545867E-01   -0.3719234E-01   -0.3235030E-01   -0.8705310E-04   -0.1103157E-03   -0.1074065E-03   -0.1156269E-03   -0.1002044E-03   -0.7613198E-04    0.8664832E-02    0.1240441E-01    0.1386023E-01    0.8652767E-02    0.8647585E-02    0.8335664E-02    0.7459549E-05   -0.9926060E-06
   -0.3964909E-05    0.2002232E-04   -0.2454847E-05   -0.1343179E-03   -0.2414115E-03   -0.3817349E-04    0.7007557E-04   -0.4688974E-02    0.5350144E-02   -0.9504623E-02    0.4336350E-01    0.4080121E-01    0.1817058E-01    0.3154964E-01    0.1830381E-02   -0.6732796E-01   -0.3909799E-01   -0.5923096E-01   -0.4660162E-01   -0.9097974E-04   -0.1052422E-03   -0.1409017E-03   -0.9115044E-04   -0.1335560E-03   -0.1504887E-03    0.9942301E-02    0.1386023E-01    0.2640246E-01    0.4893819E-02    0.1236995E-01    0.2369013E-01    0.9360792E-05   -0.1854882E-05
   -0.4293736E-05    0.2388883E-04   -0.3277136E-05   -0.1819015E-03   -0.3273448E-03   -0.3805523E-04    0.7976435E-04   -0.2198630E-01   -0.3526616E-02   -0.2776799E-02    0.1160046E-01    0.3952025E-01    0.4204948E-01    0.5622128E-01   -0.6916277E-03   -0.4598114E-01   -0.4106991E-01   -0.4989432E-01   -0.5057362E-01   -0.5926171E-04   -0.1283807E-03   -0.9421218E-04   -0.2198586E-03   -0.1768200E-03   -0.1299623E-03    0.2253635E-02    0.8652767E-02    0.4893819E-02    0.2218255E-01    0.2008349E-01    0.1410282E-01    0.2423954E-05    0.2292267E-05
   -0.6313416E-05    0.3380080E-04   -0.4263644E-05   -0.2540562E-03   -0.4623578E-03   -0.5146582E-04    0.1186931E-03   -0.4168791E-01   -0.1132442E-02   -0.5908541E-02    0.9995009E-02    0.4942930E-01    0.5428661E-01    0.9475434E-01   -0.3063735E-03   -0.4787356E-01   -0.4506181E-01   -0.6213539E-01   -0.4844801E-01   -0.7217545E-04   -0.1382827E-03   -0.2083794E-03   -0.2008886E-03   -0.2571536E-03   -0.3225660E-03    0.2764958E-02    0.8647585E-02    0.1236995E-01    0.2008349E-01    0.3026762E-01    0.4185892E-01    0.4105205E-05    0.1818812E-05
   -0.1102667E-04    0.5715844E-04   -0.6402672E-05   -0.4321895E-03   -0.7938519E-03   -0.8494257E-04    0.1987669E-03   -0.9057642E-01    0.1789005E-02   -0.4191897E-02    0.3811265E-02    0.7691468E-01    0.8645864E-01    0.1775537E+00   -0.6896966E-02   -0.8895268E-01   -0.3859490E-01   -0.3855425E-01    0.1525164E-01   -0.1359500E-03   -0.1819612E-03   -0.4496387E-03   -0.2054080E-03   -0.5046735E-03   -0.6263415E-03    0.3908489E-02    0.8335664E-02    0.2369013E-01    0.1410282E-01    0.4185892E-01    0.1031451E+00    0.1263231E-04    0.9738724E-06
   -0.4009545E-07   -0.4220757E-07   -0.6042709E-09   -0.1791094E-06   -0.1528428E-05    0.3598601E-06    0.5815247E-06    0.2547126E-03    0.8890394E-04   -0.1961207E-03   -0.2125297E-03   -0.9132412E-04   -0.6840563E-03   -0.7011200E-03   -0.5526654E-04   -0.1320220E-01    0.3015801E-02    0.2570141E-02    0.2377877E-02    0.4097860E-06    0.4104815E-06    0.6094065E-06    0.1308681E-06    0.1635702E-06    0.4856029E-06    0.2451351E-05    0.7459549E-05    0.9360792E-05    0.2423954E-05    0.4105205E-05    0.1263231E-04    0.2296791E-05    0.2289519E-07
    0.2177460E-08   -0.6569910E-07    0.4588784E-08    0.3573680E-06    0.3699167E-06    0.6013653E-06    0.7152079E-06   -0.3227784E-02   -0.2058689E-03    0.1521641E-03   -0.3127057E-02   -0.6810912E-03    0.2024182E-02    0.5975033E-02    0.8512039E-04   -0.2060119E-04    0.2108975E-03   -0.4695755E-02   -0.8999785E-02    0.9077722E-07   -0.7119543E-07    0.6419729E-07    0.1579091E-06    0.1244341E-06    0.4162953E-06   -0.1258177E-05   -0.9926060E-06   -0.1854882E-05    0.2292267E-05    0.1818812E-05    0.9738724E-06    0.2289519E-07    0.1295705E-05
