# omegabh2 omegach2 theta tau mnu logA ns calPlanck acib217 xi asz143 aps100 aps143 aps143217 aps217 aksz kgal100 kgal143 kgal143217 kgal217 galfTE100 galfTE100143 galfTE100217 galfTE143 galfTE143217 galfTE217 cal0 cal2
  3.1322467E-08  -1.9098098E-07   2.9993343E-08   5.9277555E-07  -1.2486938E-05   8.7372850E-07   5.5427806E-07   2.8300246E-09  -1.2343699E-04   3.2145689E-06   3.4027992E-05  -6.0255130E-04  -3.4794205E-04  -9.4528574E-05  -1.9431124E-05  -4.9533454E-05  -4.2076328E-06  -7.0662678E-06  -9.8956035E-06   2.4506750E-05  -6.6911168E-08  -1.1944938E-07  -1.1279285E-07  -3.1530303E-07  -7.0870260E-07  -4.0852182E-06   3.7252329E-09  -3.8365878E-09
 -1.9098098E-07   2.5989873E-06  -2.5752069E-07  -1.6881909E-05   4.8507861E-05  -2.7761543E-05  -6.9836395E-06  -5.4759902E-09   8.9698606E-04  -2.2931429E-05  -2.0035399E-04   3.8958496E-03   2.3212874E-03   6.5271281E-04  -5.9397459E-05   3.3794184E-04   1.3075636E-05   6.5472752E-05   1.2613093E-04  -5.7541203E-05   2.2185956E-07   6.3277556E-07   1.1641975E-06   3.3332660E-06   5.6663196E-06   2.7722145E-05  -1.8330487E-08   4.7548729E-08
  2.9993343E-08  -2.5752069E-07   1.2079670E-07   9.3540532E-08  -2.4206833E-05  -2.8846983E-07   8.4390625E-07  -2.4018617E-08  -4.2240446E-05   3.7673866E-07   1.8418672E-05  -2.9904292E-04  -2.3002335E-04  -1.2711278E-04  -9.3419124E-05  -3.0347070E-05  -4.9045303E-07   9.8379409E-06  -7.0311478E-06  -2.2326617E-05   1.9908252E-07   2.2923885E-08  -1.1759248E-07  -2.1825073E-08  -4.6620609E-07  -3.6804923E-06   1.4085646E-09  -3.9016748E-09
  5.9277555E-07  -1.6881909E-05   9.3540532E-08   6.1227335E-04   3.6769778E-03   1.1535564E-03   5.1380178E-05  -3.8684656E-06  -1.2251225E-02   4.0590216E-04   1.5837053E-03  -3.4007725E-02  -1.9284807E-02   8.4203826E-04   1.0246338E-02  -4.6462382E-03  -3.3483389E-04  -1.0828572E-03  -2.1921464E-03   1.8542810E-04  -1.8453163E-05  -1.4913935E-05   1.3153527E-05  -5.9537218E-05  -9.8277197E-06  -1.3967286E-04   1.7722649E-07  -4.4360903E-07
 -1.2486938E-05   4.8507861E-05  -2.4206833E-05   3.6769778E-03   4.5660121E-02   7.2645411E-03  -1.5966459E-04   1.7505153E-05  -1.8051247E-02   1.1580884E-03  -1.0309276E-03   1.2133506E-01   8.8320000E-02   1.1043988E-01   1.3180562E-01  -1.4622982E-02   3.4401180E-04  -5.5938871E-03  -5.2097362E-03   3.0637895E-03  -1.7867017E-04  -1.1376519E-04   3.2521138E-04  -4.5731039E-04   4.3038684E-04   1.9166070E-03   2.5368622E-06   9.2686719E-08
  8.7372850E-07  -2.7761543E-05  -2.8846983E-07   1.1535564E-03   7.2645411E-03   2.2088320E-03   8.4822616E-05   4.8178665E-06  -2.2863326E-02   8.1920255E-04   2.8628942E-03  -5.5580145E-02  -3.2570711E-02   5.9091448E-03   2.6126675E-02  -9.1177487E-03  -7.4850307E-04  -2.4199099E-03  -4.0980542E-03   2.4334157E-03  -3.6602820E-05  -2.7540085E-05   3.1028921E-05  -1.0895084E-04  -8.2874919E-06  -2.0951513E-04   5.5143698E-07  -7.4002112E-07
  5.5427806E-07  -6.9836395E-06   8.4390625E-07   5.1380178E-05  -1.5966459E-04   8.4822616E-05   2.8628103E-05  -2.1073052E-07  -6.4799026E-03   1.7410690E-04   1.0765059E-03  -2.9826333E-02  -1.1377616E-02   8.0163419E-05   4.7442424E-03  -2.7221855E-03   2.0767647E-04  -5.2740905E-04  -9.7353315E-04   8.9355146E-04  -1.5676947E-06  -1.4199891E-06  -5.7035424E-06  -5.0553618E-06  -1.1977766E-05  -6.1730977E-05  -4.7144542E-08  -1.7059026E-07
  2.8300246E-09  -5.4759902E-09  -2.4018617E-08  -3.8684656E-06   1.7505153E-05   4.8178665E-06  -2.1073052E-07   6.2122337E-06   4.9609730E-04   5.0732916E-06   5.8569288E-05   4.3072517E-03   4.2123921E-04   6.0630342E-04   1.6775724E-03  -2.2660792E-05   8.4857206E-05   1.9896868E-05   1.6678696E-04   1.0753049E-03  -5.6359659E-07   6.6201287E-07   1.4417637E-06   1.0605520E-06   1.4255148E-06   1.1240480E-05   5.0483650E-08   2.0865965E-08
 -1.2343699E-04   8.9698606E-04  -4.2240446E-05  -1.2251225E-02  -1.8051247E-02  -2.2863326E-02  -6.4799026E-03   4.9609730E-04   4.3769464E+01  -4.2641905E-01  -9.7064423E-01   3.8309038E+01   2.3854891E+00  -1.3584594E+01  -5.4294814E+01  -7.5693365E-04   1.6313409E-01   6.0258927E-01  -5.4298582E+00  -3.2038434E+01   4.4916731E-04   2.0730480E-03   2.6872661E-04   3.0155963E-03  -7.4386073E-04   1.6825740E-02  -2.0994956E-04   7.4612077E-04
  3.2145689E-06  -2.2931429E-05   3.7673866E-07   4.0590216E-04   1.1580884E-03   8.1920255E-04   1.7410690E-04   5.0732916E-06  -4.2641905E-01   8.0645904E-02  -3.5076852E-02  -7.3702315E-01   8.5871267E-01   1.6991122E+00   7.0449972E-01   1.9691068E-02  -7.8117084E-03   9.6817654E-03   1.0780048E-01   1.4251580E-01  -1.1941799E-04   7.9147313E-05   1.9916047E-04   1.7948595E-04   8.1177390E-05  -1.3264869E-05   5.1538856E-06  -2.7697418E-06
  3.4027992E-05  -2.0035399E-04   1.8418672E-05   1.5837053E-03  -1.0309276E-03   2.8628942E-03   1.0765059E-03   5.8569288E-05  -9.7064423E-01  -3.5076852E-02   3.7619449E+00  -2.9903423E+01  -3.4041226E+00   7.2343501E+00   5.1199215E+00  -2.5053648E+00  -2.1828998E-01   7.9765219E-02   2.5976874E+00   3.2713753E+00  -1.9512353E-03  -9.8283044E-04  -2.1265664E-03  -1.1957259E-03  -1.1292568E-03  -2.2281380E-03   1.2016503E-04  -6.2249704E-05
 -6.0255130E-04   3.8958496E-03  -2.9904292E-04  -3.4007725E-02   1.2133506E-01  -5.5580145E-02  -2.9826333E-02   4.3072517E-03   3.8309038E+01  -7.3702315E-01  -2.9903423E+01   7.7167972E+02   7.0366775E+01  -5.5981771E+01  -6.1011074E+01   1.2854347E+01  -5.4607518E+00   6.7925066E+00  -1.0296794E+01  -2.2021854E+01   2.8018903E-02   1.0301764E-02   4.3245697E-02   8.2423087E-04   1.6204481E-02   9.7807644E-02   3.6553779E-03   9.4182809E-04
 -3.4794205E-04   2.3212874E-03  -2.3002335E-04  -1.9284807E-02   8.8320000E-02  -3.2570711E-02  -1.1377616E-02   4.2123921E-04   2.3854891E+00   8.5871267E-01  -3.4041226E+00   7.0366775E+01   6.1905106E+01   3.9032354E+01   1.5190470E+01  -4.5710438E+00  -1.5278466E-01  -1.2547589E+00   3.6079082E+00   4.0119929E+00   5.9887399E-03   3.5074023E-03   1.2192056E-02  -1.6641779E-04   4.1330078E-03   3.5772448E-02   1.5745520E-04   2.1669744E-04
 -9.4528574E-05   6.5271281E-04  -1.2711278E-04   8.4203826E-04   1.1043988E-01   5.9091448E-03   8.0163419E-05   6.0630342E-04  -1.3584594E+01   1.6991122E+00   7.2343501E+00  -5.5981771E+01   3.9032354E+01   8.3216055E+01   5.3084899E+01  -1.1083935E+01  -7.2286752E-01  -6.9104675E-01   4.8877793E+00   7.9384101E+00  -6.5336338E-03  -4.6173769E-05   4.2620365E-03   7.2728118E-04  -2.1327883E-03   2.3001970E-03   4.9930560E-04  -3.9931602E-04
 -1.9431124E-05  -5.9397459E-05  -9.3419124E-05   1.0246338E-02   1.3180562E-01   2.6126675E-02   4.7442424E-03   1.6775724E-03  -5.4294814E+01   7.0449972E-01   5.1199215E+00  -6.1011074E+01   1.5190470E+01   5.3084899E+01   1.0290543E+02  -8.6896738E+00  -5.4093502E-01  -1.1635733E+00   5.3040975E+00   3.2279124E+01  -4.1722943E-03  -5.0591030E-03  -2.6112806E-03  -5.1696353E-03  -2.6332112E-03  -8.7760330E-03   5.1124414E-04  -1.3400897E-03
 -4.9533454E-05   3.3794184E-04  -3.0347070E-05  -4.6462382E-03  -1.4622982E-02  -9.1177487E-03  -2.7221855E-03  -2.2660792E-05  -7.5693365E-04   1.9691068E-02  -2.5053648E+00   1.2854347E+01  -4.5710438E+00  -1.1083935E+01  -8.6896738E+00   5.4155812E+00   8.2157716E-02  -1.9042148E-01  -2.0166359E+00  -2.2604532E+00   1.1943412E-03   9.2428505E-04   3.3394185E-04   1.9212704E-03   3.0578040E-03   4.9361905E-03  -9.0415382E-05   8.4141725E-06
 -4.2076328E-06   1.3075636E-05  -4.9045303E-07  -3.3483389E-04   3.4401180E-04  -7.4850307E-04   2.0767647E-04   8.4857206E-05   1.6313409E-01  -7.8117084E-03  -2.1828998E-01  -5.4607518E+00  -1.5278466E-01  -7.2286752E-01  -5.4093502E-01   8.2157716E-02   3.2947346E+00   5.1424622E-01   8.9344763E-02   3.6863200E-02   1.1824129E-03   1.4501201E-03   5.2254134E-03   4.7184969E-04   5.0396556E-04   2.5240312E-03   1.7017116E-04  -1.1794228E-05
 -7.0662678E-06   6.5472752E-05   9.8379409E-06  -1.0828572E-03  -5.5938871E-03  -2.4199099E-03  -5.2740905E-04   1.9896868E-05   6.0258927E-01   9.6817654E-03   7.9765219E-02   6.7925066E+00  -1.2547589E+00  -6.9104675E-01  -1.1635733E+00  -1.9042148E-01   5.1424622E-01   3.1515303E+00   2.6179969E+00   2.5873369E+00  -3.2810250E-04   3.4824834E-06   1.3910478E-03   6.7708696E-05   1.3161749E-03   7.2180054E-03  -2.0011272E-04  -2.6239398E-05
 -9.8956035E-06   1.2613093E-04  -7.0311478E-06  -2.1921464E-03  -5.2097362E-03  -4.0980542E-03  -9.7353315E-04   1.6678696E-04  -5.4298582E+00   1.0780048E-01   2.5976874E+00  -1.0296794E+01   3.6079082E+00   4.8877793E+00   5.3040975E+00  -2.0166359E+00   8.9344763E-02   2.6179969E+00   1.0711333E+01   1.8939368E+01  -1.0436703E-04   2.6631714E-05   8.3715237E-04  -2.6855738E-04  -5.3663336E-04   5.2183690E-03  -1.6380688E-05   4.1366954E-04
  2.4506750E-05  -5.7541203E-05  -2.2326617E-05   1.8542810E-04   3.0637895E-03   2.4334157E-03   8.9355146E-04   1.0753049E-03  -3.2038434E+01   1.4251580E-01   3.2713753E+00  -2.2021854E+01   4.0119929E+00   7.9384101E+00   3.2279124E+01  -2.2604532E+00   3.6863200E-02   2.5873369E+00   1.8939368E+01   5.2398112E+01   4.7586173E-04  -4.9812103E-04   2.0056384E-03  -1.4866830E-03  -1.1108660E-03  -6.0079975E-03   7.0227457E-05   9.0412402E-04
 -6.6911168E-08   2.2185956E-07   1.9908252E-07  -1.8453163E-05  -1.7867017E-04  -3.6602820E-05  -1.5676947E-06  -5.6359659E-07   4.4916731E-04  -1.1941799E-04  -1.9512353E-03   2.8018903E-02   5.9887399E-03  -6.5336338E-03  -4.1722943E-03   1.1943412E-03   1.1824129E-03  -3.2810250E-04  -1.0436703E-04   4.7586173E-04   1.4520066E-03   2.7048645E-04   1.0647403E-04  -3.3537984E-04  -8.3393354E-05  -2.3816742E-04   2.6465910E-08  -4.4586401E-08
 -1.1944938E-07   6.3277556E-07   2.2923885E-08  -1.4913935E-05  -1.1376519E-04  -2.7540085E-05  -1.4199891E-06   6.6201287E-07   2.0730480E-03   7.9147313E-05  -9.8283044E-04   1.0301764E-02   3.5074023E-03  -4.6173769E-05  -5.0591030E-03   9.2428505E-04   1.4501201E-03   3.4824834E-06   2.6631714E-05  -4.9812103E-04   2.7048645E-04   8.6589184E-04   2.5964737E-05   7.2273431E-04   7.1452640E-05  -7.0411724E-04  -3.6139829E-08  -6.7400204E-08
 -1.1279285E-07   1.1641975E-06  -1.1759248E-07   1.3153527E-05   3.2521138E-04   3.1028921E-05  -5.7035424E-06   1.4417637E-06   2.6872661E-04   1.9916047E-04  -2.1265664E-03   4.3245697E-02   1.2192056E-02   4.2620365E-03  -2.6112806E-03   3.3394185E-04   5.2254134E-03   1.3910478E-03   8.3715237E-04   2.0056384E-03   1.0647403E-04   2.5964737E-05   7.3797295E-03  -3.5097402E-04   6.8767882E-04   4.5825686E-03   9.4736433E-07  -1.4063079E-07
 -3.1530303E-07   3.3332660E-06  -2.1825073E-08  -5.9537218E-05  -4.5731039E-04  -1.0895084E-04  -5.0553618E-06   1.0605520E-06   3.0155963E-03   1.7948595E-04  -1.1957259E-03   8.2423087E-04  -1.6641779E-04   7.2728118E-04  -5.1696353E-03   1.9212704E-03   4.7184969E-04   6.7708696E-05  -2.6855738E-04  -1.4866830E-03  -3.3537984E-04   7.2273431E-04  -3.5097402E-04   2.8751698E-03   5.5312281E-04  -1.0976772E-03   1.5647216E-07   2.2748705E-07
 -7.0870260E-07   5.6663196E-06  -4.6620609E-07  -9.8277197E-06   4.3038684E-04  -8.2874919E-06  -1.1977766E-05   1.4255148E-06  -7.4386073E-04   8.1177390E-05  -1.1292568E-03   1.6204481E-02   4.1330078E-03  -2.1327883E-03  -2.6332112E-03   3.0578040E-03   5.0396556E-04   1.3161749E-03  -5.3663336E-04  -1.1108660E-03  -8.3393354E-05   7.1452640E-05   6.8767882E-04   5.5312281E-04   6.5106817E-03   8.1768460E-03   7.2162105E-07   2.2942977E-07
 -4.0852182E-06   2.7722145E-05  -3.6804923E-06  -1.3967286E-04   1.9166070E-03  -2.0951513E-04  -6.1730977E-05   1.1240480E-05   1.6825740E-02  -1.3264869E-05  -2.2281380E-03   9.7807644E-02   3.5772448E-02   2.3001970E-03  -8.7760330E-03   4.9361905E-03   2.5240312E-03   7.2180054E-03   5.2183690E-03  -6.0079975E-03  -2.3816742E-04  -7.0411724E-04   4.5825686E-03  -1.0976772E-03   8.1768460E-03   7.1949720E-02   1.6358409E-06   1.6245051E-06
  3.7252329E-09  -1.8330487E-08   1.4085646E-09   1.7722649E-07   2.5368622E-06   5.5143698E-07  -4.7144542E-08   5.0483650E-08  -2.0994956E-04   5.1538856E-06   1.2016503E-04   3.6553779E-03   1.5745520E-04   4.9930560E-04   5.1124414E-04  -9.0415382E-05   1.7017116E-04  -2.0011272E-04  -1.6380688E-05   7.0227457E-05   2.6465910E-08  -3.6139829E-08   9.4736433E-07   1.5647216E-07   7.2162105E-07   1.6358409E-06   3.8173466E-07  -5.8667803E-09
 -3.8365878E-09   4.7548729E-08  -3.9016748E-09  -4.4360903E-07   9.2686719E-08  -7.4002112E-07  -1.7059026E-07   2.0865965E-08   7.4612077E-04  -2.7697418E-06  -6.2249704E-05   9.4182809E-04   2.1669744E-04  -3.9931602E-04  -1.3400897E-03   8.4141725E-06  -1.1794228E-05  -2.6239398E-05   4.1366954E-04   9.0412402E-04  -4.4586401E-08  -6.7400204E-08  -1.4063079E-07   2.2748705E-07   2.2942977E-07   1.6245051E-06  -5.8667803E-09   3.7843059E-07
