# omegabh2 omegach2 theta tau omegak mnu ns logA alpha_SNLS beta_SNLS aps100 aps143 aps217 acib143 acib217 asz143 psr cibr ncib cal0 cal2 xi aksz bm_1_1 bm_1_2 bm_1_3 bm_1_4 bm_1_5 bm_2_1 bm_2_2 bm_2_3 bm_2_4 bm_2_5 bm_3_1 bm_3_2 bm_3_3 bm_3_4 bm_3_5 bm_4_1 bm_4_2 bm_4_3 bm_4_4 bm_4_5
    0.98132E-07   -0.51761E-06    0.10533E-06    0.10268E-05   -0.14824E-05   -0.80899E-05    0.15403E-05    0.10839E-05    0.67273E-06   -0.92046E-08   -0.17452E-02   -0.68055E-03   -0.20320E-03   -0.21198E-03   -0.29029E-03    0.19778E-04   -0.37097E-06   -0.62453E-05   -0.26392E-05    0.30756E-08   -0.19872E-07    0.23907E-05   -0.72402E-04   -0.21123E-04   -0.49573E-05    0.33440E-05    0.39188E-05   -0.23668E-05   -0.57636E-05   -0.35453E-05    0.11195E-04    0.70189E-05    0.29336E-05    0.25870E-05   -0.90719E-05   -0.15242E-05    0.81598E-05    0.39320E-05   -0.48665E-05    0.31793E-05   -0.34642E-05   -0.93029E-05    0.45050E-05
   -0.51761E-06    0.69951E-05   -0.81006E-06   -0.99716E-05    0.11587E-04    0.42432E-04   -0.16737E-04   -0.36067E-05   -0.74275E-05    0.30784E-05    0.73936E-02    0.39702E-02    0.23114E-02    0.72335E-03    0.98604E-03   -0.68767E-04    0.41080E-05    0.21855E-04    0.89561E-05   -0.37296E-07    0.10417E-06   -0.17978E-04    0.67779E-04    0.19672E-03   -0.47848E-05   -0.64443E-04   -0.14836E-04    0.37524E-04    0.83259E-04    0.29226E-04   -0.95071E-04   -0.56104E-04   -0.14833E-04    0.16236E-04    0.85297E-04    0.17872E-04   -0.53592E-04   -0.18626E-04    0.92667E-04   -0.25906E-04    0.52585E-04    0.10091E-03    0.86759E-05
    0.10533E-06   -0.81006E-06    0.42439E-06    0.11221E-05   -0.20091E-05   -0.15179E-04    0.25049E-05    0.82225E-06    0.13484E-05   -0.39803E-06   -0.18535E-02   -0.67436E-03   -0.36656E-03   -0.92854E-04   -0.13284E-03    0.34808E-04    0.15421E-05   -0.63171E-05    0.51735E-06    0.27096E-08   -0.10600E-07    0.51924E-05   -0.56411E-04   -0.16732E-04    0.81624E-05    0.13224E-04    0.86417E-05    0.11803E-04    0.11949E-04   -0.48925E-05   -0.13072E-05    0.17290E-04    0.89008E-05   -0.30397E-05   -0.15268E-04   -0.16440E-05    0.15051E-04    0.94181E-05    0.81788E-05   -0.36470E-05   -0.74491E-05   -0.35240E-05   -0.24971E-06
    0.10268E-05   -0.99716E-05    0.11221E-05    0.18162E-03   -0.96255E-05    0.13017E-04    0.37408E-04    0.33941E-03   -0.35910E-06    0.72180E-06   -0.52344E-01   -0.28505E-02    0.56008E-02   -0.63054E-02   -0.70111E-02   -0.36976E-03    0.26732E-04   -0.26425E-03   -0.61022E-05    0.13730E-06   -0.52276E-06    0.13432E-03   -0.33737E-02   -0.62900E-03    0.19451E-03    0.14823E-04   -0.28490E-03   -0.20803E-03   -0.37079E-03    0.15130E-03    0.71371E-04    0.66079E-04   -0.15006E-03   -0.16667E-03   -0.52240E-03    0.14040E-03    0.16174E-03   -0.13773E-03   -0.43832E-03    0.59842E-05   -0.71912E-04   -0.51028E-04   -0.30595E-03
   -0.14824E-05    0.11587E-04   -0.20091E-05   -0.96255E-05    0.95341E-04    0.28725E-03   -0.30886E-04    0.20758E-05    0.67185E-05    0.18411E-04    0.54059E-01    0.10757E-01    0.13692E-03    0.62513E-02    0.71833E-02   -0.15753E-03   -0.13225E-04    0.16808E-03    0.25756E-04   -0.10413E-06    0.49297E-06   -0.29470E-04    0.84865E-03    0.28651E-03   -0.23310E-03   -0.33582E-03   -0.33860E-03    0.25373E-03    0.73469E-05   -0.10612E-03   -0.21153E-03   -0.27527E-03   -0.22791E-03    0.48273E-04    0.19928E-03    0.10187E-03   -0.54553E-04    0.85149E-04    0.51989E-04    0.23660E-04   -0.15605E-03    0.24514E-03   -0.10427E-03
   -0.80899E-05    0.42432E-04   -0.15179E-04    0.13017E-04    0.28725E-03    0.13025E-01   -0.15490E-03    0.66399E-04   -0.73704E-04    0.17897E-03    0.51535E+00    0.72674E-01    0.21499E-01    0.36724E-01    0.35445E-01   -0.74198E-02   -0.18826E-03    0.84326E-03   -0.24340E-04   -0.36837E-06    0.10263E-05   -0.59279E-03    0.56716E-02    0.17924E-02   -0.43596E-02   -0.25235E-03   -0.41479E-02   -0.30384E-03   -0.80952E-03   -0.29645E-02    0.26822E-02    0.21827E-02   -0.30545E-03    0.54521E-03    0.22548E-02   -0.18803E-02    0.42622E-04   -0.40823E-02   -0.10182E-02    0.20202E-02   -0.19418E-02   -0.54056E-03    0.38246E-02
    0.15403E-05   -0.16737E-04    0.25049E-05    0.37408E-04   -0.30886E-04   -0.15490E-03    0.62532E-04    0.35553E-04    0.19678E-04   -0.73145E-05   -0.87931E-01   -0.82747E-02    0.10110E-01   -0.10120E-01   -0.11564E-01   -0.15580E-03    0.31876E-04   -0.33328E-03   -0.38356E-04    0.31209E-07   -0.34711E-06    0.10003E-03   -0.32914E-02   -0.44392E-03    0.89549E-04   -0.61196E-05   -0.57121E-04   -0.63342E-05    0.54502E-04    0.67902E-04    0.68282E-04    0.27121E-03    0.84153E-04   -0.17799E-03   -0.32523E-03   -0.20028E-03    0.21022E-03    0.46921E-04   -0.94423E-04   -0.75853E-05   -0.24823E-04   -0.13580E-03    0.57604E-04
    0.10839E-05   -0.36067E-05    0.82225E-06    0.33941E-03    0.20758E-05    0.66399E-04    0.35553E-04    0.67769E-03   -0.18323E-04    0.74670E-05   -0.10992E+00    0.11464E-01    0.27081E-01   -0.16008E-01   -0.16082E-01   -0.19732E-02    0.90942E-04   -0.66461E-03    0.33496E-04    0.26337E-06   -0.62163E-06    0.24128E-03   -0.81360E-02   -0.93526E-04    0.53884E-03   -0.14106E-03   -0.55446E-03   -0.26871E-03   -0.24655E-03    0.44246E-03   -0.15854E-03   -0.30080E-04   -0.34290E-03   -0.30054E-03   -0.79359E-03    0.25599E-03    0.15987E-03   -0.31585E-03   -0.43047E-03   -0.72688E-05    0.48495E-04    0.19679E-03   -0.58529E-03
    0.67273E-06   -0.74275E-05    0.13484E-05   -0.35910E-06    0.67185E-05   -0.73704E-04    0.19678E-04   -0.18323E-04    0.11725E-01   -0.54990E-03    0.40055E-01   -0.87070E-02    0.17821E-01    0.16850E-02   -0.88153E-02   -0.52780E-02   -0.36311E-04    0.14515E-03   -0.45017E-04    0.11376E-06   -0.13444E-05    0.24464E-03    0.29000E-02    0.16133E-03    0.13588E-02   -0.16859E-02    0.17408E-02   -0.23284E-02    0.12199E-02   -0.83842E-03   -0.19429E-02   -0.17187E-02    0.79526E-03   -0.99268E-03    0.11668E-02    0.31252E-03    0.31173E-03    0.93353E-03    0.84744E-03   -0.14178E-02   -0.89960E-03    0.95714E-03   -0.21498E-03
   -0.92046E-08    0.30784E-05   -0.39803E-06    0.72180E-06    0.18411E-04    0.17897E-03   -0.73145E-05    0.74670E-05   -0.54990E-03    0.11683E-01   -0.42886E-01    0.15021E-01    0.15220E-01    0.17679E-02    0.14237E-02   -0.13069E-02    0.20576E-03   -0.39425E-03    0.14776E-03    0.30893E-06   -0.88083E-06    0.39641E-03   -0.47797E-02   -0.88376E-03    0.28657E-03    0.20801E-02   -0.49436E-03    0.13425E-02    0.13767E-02   -0.46970E-03   -0.83851E-03   -0.20145E-03   -0.12526E-02    0.11137E-02   -0.12331E-02   -0.64855E-03   -0.10224E-02    0.21692E-02    0.18132E-02    0.21918E-03   -0.16887E-02    0.31514E-03   -0.13404E-02
   -0.17452E-02    0.73936E-02   -0.18535E-02   -0.52344E-01    0.54059E-01    0.51535E+00   -0.87931E-01   -0.10992E+00    0.40055E-01   -0.42886E-01    0.26744E+04    0.26869E+02   -0.16127E+03    0.11897E+03    0.10666E+03   -0.69460E+02   -0.10045E+01    0.30248E+00    0.13198E+01    0.63764E-03   -0.88150E-03   -0.67660E+00   -0.15590E+02    0.10789E+02   -0.98365E+01    0.75116E-01    0.12240E+00   -0.60548E+00    0.27787E+00   -0.45535E+01    0.22584E+00   -0.86012E+00   -0.79773E+00    0.79890E+00    0.11387E+01    0.29348E-01    0.56792E+00   -0.30653E+01    0.11423E+01   -0.62863E+00   -0.24821E+01   -0.12743E+01    0.26808E+01
   -0.68055E-03    0.39702E-02   -0.67436E-03   -0.28505E-02    0.10757E-01    0.72674E-01   -0.82747E-02    0.11464E-01   -0.87070E-02    0.15021E-01    0.26869E+02    0.18512E+03    0.59663E+02   -0.35307E+02   -0.12628E+02   -0.71710E+01   -0.26767E+00   -0.92244E-01   -0.22924E+00    0.96015E-04    0.38606E-02    0.11455E+01   -0.11701E+02    0.10950E+01    0.73831E+00   -0.26306E+00    0.40952E+00    0.56441E-01   -0.17680E+01   -0.76969E+00   -0.11533E+00   -0.23464E+00    0.26748E+00    0.85965E+00    0.19232E+00    0.45781E+00    0.63033E-01   -0.14389E+00   -0.58190E+00   -0.78630E+00   -0.91159E-01    0.87581E-01   -0.66186E-03
   -0.20320E-03    0.23114E-02   -0.36656E-03    0.56008E-02    0.13692E-03    0.21499E-01    0.10110E-01    0.27081E-01    0.17821E-01    0.15220E-01   -0.16127E+03    0.59663E+02    0.20316E+03   -0.33300E+02   -0.69570E+02    0.38117E+01   -0.39193E-01   -0.89207E+00   -0.97782E+00    0.84578E-04   -0.38572E-02    0.24755E+00   -0.11389E+02    0.15458E+01    0.97750E+00   -0.50081E+00   -0.19795E-01    0.17694E+00    0.13206E+01    0.39332E+00   -0.75689E+00    0.23180E+00    0.62185E+00   -0.11803E+01    0.95928E+00   -0.49795E+00    0.43473E+00    0.21649E+00    0.36147E+00   -0.16915E+00    0.40305E+00    0.66382E+00    0.99092E-01
   -0.21198E-03    0.72335E-03   -0.92854E-04   -0.63054E-02    0.62513E-02    0.36724E-01   -0.10120E-01   -0.16008E-01    0.16850E-02    0.17679E-02    0.11897E+03   -0.35307E+02   -0.33300E+02    0.26718E+02    0.18055E+02   -0.22556E+01    0.28026E-01    0.19005E+00    0.23722E+00   -0.10118E-03   -0.12148E-02    0.54846E-01   -0.10023E+01   -0.94702E+00   -0.62405E+00    0.46320E-01   -0.13093E+00   -0.23696E-02    0.91551E+00    0.27226E+00    0.12759E+00    0.67167E-01   -0.11492E+00   -0.29626E+00   -0.71836E-01   -0.14757E+00   -0.46702E-01    0.28388E-02    0.39986E+00    0.44247E+00   -0.41414E-01   -0.97043E-01    0.85029E-01
   -0.29029E-03    0.98604E-03   -0.13284E-03   -0.70111E-02    0.71833E-02    0.35445E-01   -0.11564E-01   -0.16082E-01   -0.88153E-02    0.14237E-02    0.10666E+03   -0.12628E+02   -0.69570E+02    0.18055E+02    0.33092E+02   -0.20119E+01    0.69334E-01    0.36056E+00    0.50455E+00   -0.36174E-04    0.15964E-02   -0.16129E+00   -0.96773E+00   -0.59234E+00   -0.47809E+00    0.86044E-01   -0.51603E-01   -0.46240E-01   -0.37677E+00   -0.71952E-01    0.21512E+00    0.21408E-01   -0.36322E+00    0.41734E+00   -0.48012E+00    0.15711E+00   -0.31156E+00   -0.16066E+00   -0.73211E-01    0.11012E+00   -0.16266E+00   -0.14006E+00    0.56601E-01
    0.19778E-04   -0.68767E-04    0.34808E-04   -0.36976E-03   -0.15753E-03   -0.74198E-02   -0.15580E-03   -0.19732E-02   -0.52780E-02   -0.13069E-02   -0.69460E+02   -0.71710E+01    0.38117E+01   -0.22556E+01   -0.20119E+01    0.76271E+01    0.49805E-01    0.24907E+00   -0.13347E+00    0.52383E-04   -0.64233E-04   -0.16587E-01   -0.27809E+00    0.21623E+00    0.10401E+00   -0.29803E-01   -0.27393E-01    0.11035E-01   -0.55920E-01    0.27465E-01   -0.78249E-01   -0.15490E-01   -0.76015E-01    0.52949E-01    0.26762E-03    0.17167E-01   -0.14933E+00   -0.22787E-01   -0.15710E-02   -0.12109E-01    0.40364E-02    0.10931E+00   -0.63661E-01
   -0.37097E-06    0.41080E-05    0.15421E-05    0.26732E-04   -0.13225E-04   -0.18826E-03    0.31876E-04    0.90942E-04   -0.36311E-04    0.20576E-03   -0.10045E+01   -0.26767E+00   -0.39193E-01    0.28026E-01    0.69334E-01    0.49805E-01    0.80057E-02   -0.66845E-02    0.77848E-02    0.85674E-06   -0.29530E-04    0.36337E-02   -0.80103E-02    0.81409E-02    0.66006E-02    0.81877E-03   -0.35073E-02   -0.23337E-03    0.49200E-02    0.14173E-02   -0.94728E-03   -0.24713E-02   -0.18487E-02   -0.11500E-01   -0.19668E-02   -0.82464E-03   -0.33932E-02    0.65404E-03   -0.37484E-02   -0.43240E-03   -0.32181E-02   -0.35714E-02   -0.36737E-02
   -0.62453E-05    0.21855E-04   -0.63171E-05   -0.26425E-03    0.16808E-03    0.84326E-03   -0.33328E-03   -0.66461E-03    0.14515E-03   -0.39425E-03    0.30248E+00   -0.92244E-01   -0.89207E+00    0.19005E+00    0.36056E+00    0.24907E+00   -0.66845E-02    0.42910E-01   -0.13068E-01    0.88223E-07    0.89768E-04    0.29775E-02   -0.28241E-01   -0.16848E-01   -0.63252E-02    0.19618E-02    0.98807E-02   -0.11716E-02   -0.27170E-01   -0.85405E-02    0.57383E-02   -0.67462E-04   -0.29616E-02    0.36796E-01   -0.15603E-02    0.90979E-02   -0.20640E-02   -0.66909E-03    0.33645E-02   -0.11024E-02    0.21038E-02    0.28502E-02   -0.37089E-02
   -0.26392E-05    0.89561E-05    0.51735E-06   -0.61022E-05    0.25756E-04   -0.24340E-04   -0.38356E-04    0.33496E-04   -0.45017E-04    0.14776E-03    0.13198E+01   -0.22924E+00   -0.97782E+00    0.23722E+00    0.50455E+00   -0.13347E+00    0.77848E-02   -0.13068E-01    0.21334E-01    0.46319E-06   -0.26008E-04   -0.21413E-02    0.60072E-02    0.48632E-02   -0.59907E-02    0.87217E-03   -0.53978E-02   -0.21143E-02    0.45273E-02    0.72728E-02   -0.29349E-02    0.51168E-02   -0.11049E-01   -0.18121E-01   -0.17521E-01    0.23303E-03   -0.11822E-01   -0.65560E-02   -0.94746E-02   -0.44631E-03   -0.21570E-03    0.53264E-03    0.85589E-02
    0.30756E-08   -0.37296E-07    0.27096E-08    0.13730E-06   -0.10413E-06   -0.36837E-06    0.31209E-07    0.26337E-06    0.11376E-06    0.30893E-06    0.63764E-03    0.96015E-04    0.84578E-04   -0.10118E-03   -0.36174E-04    0.52383E-04    0.85674E-06    0.88223E-07    0.46319E-06    0.15651E-06    0.31513E-08    0.43364E-06   -0.10879E-05   -0.17881E-04   -0.15074E-04    0.23164E-05    0.32580E-05   -0.72915E-05    0.49889E-05   -0.47084E-05    0.53039E-06   -0.57523E-06    0.63144E-05   -0.97614E-06    0.61634E-05    0.27507E-05    0.73973E-06   -0.73677E-05    0.44220E-05   -0.30585E-05   -0.73611E-06   -0.67352E-05    0.96950E-05
   -0.19872E-07    0.10417E-06   -0.10600E-07   -0.52276E-06    0.49297E-06    0.10263E-05   -0.34711E-06   -0.62163E-06   -0.13444E-05   -0.88083E-06   -0.88150E-03    0.38606E-02   -0.38572E-02   -0.12148E-02    0.15964E-02   -0.64233E-04   -0.29530E-04    0.89768E-04   -0.26008E-04    0.31513E-08    0.17139E-05   -0.55088E-05   -0.80530E-04    0.94361E-04    0.43637E-04   -0.33003E-04    0.80404E-05    0.14367E-04    0.18630E-03   -0.31135E-05    0.13245E-04    0.88403E-05    0.15835E-04   -0.20853E-03   -0.16422E-04   -0.40508E-04    0.82114E-05   -0.91794E-05   -0.14301E-05    0.24623E-04   -0.29456E-04   -0.54680E-04    0.16676E-04
    0.23907E-05   -0.17978E-04    0.51924E-05    0.13432E-03   -0.29470E-04   -0.59279E-03    0.10003E-03    0.24128E-03    0.24464E-03    0.39641E-03   -0.67660E+00    0.11455E+01    0.24755E+00    0.54846E-01   -0.16129E+00   -0.16587E-01    0.36337E-02    0.29775E-02   -0.21413E-02    0.43364E-06   -0.55088E-05    0.82278E-01    0.41760E-01   -0.57200E-02    0.36148E-02    0.26597E-02    0.22934E-02   -0.97928E-03   -0.50631E-02   -0.19621E-02    0.63621E-02    0.63959E-03    0.22624E-02   -0.38060E-02   -0.55354E-02    0.41959E-02   -0.15443E-04    0.20363E-02   -0.73846E-02    0.11420E-03   -0.11901E-02   -0.60293E-02   -0.12982E-02
   -0.72402E-04    0.67779E-04   -0.56411E-04   -0.33737E-02    0.84865E-03    0.56716E-02   -0.32914E-02   -0.81360E-02    0.29000E-02   -0.47797E-02   -0.15590E+02   -0.11701E+02   -0.11389E+02   -0.10023E+01   -0.96773E+00   -0.27809E+00   -0.80103E-02   -0.28241E-01    0.60072E-02   -0.10879E-05   -0.80530E-04    0.41760E-01    0.82418E+01    0.53231E-01    0.87117E-02    0.12640E+00    0.39614E-01   -0.38026E-01   -0.69222E-01   -0.42800E-01    0.76486E-01   -0.68561E-01    0.15669E-01   -0.27456E-01    0.13039E-01    0.50365E-01    0.23465E-01   -0.24677E-01   -0.76282E-01   -0.80286E-02    0.54944E-02   -0.10518E+00   -0.27605E-02
   -0.21123E-04    0.19672E-03   -0.16732E-04   -0.62900E-03    0.28651E-03    0.17924E-02   -0.44392E-03   -0.93526E-04    0.16133E-03   -0.88376E-03    0.10789E+02    0.10950E+01    0.15458E+01   -0.94702E+00   -0.59234E+00    0.21623E+00    0.81409E-02   -0.16848E-01    0.48632E-02   -0.17881E-04    0.94361E-04   -0.57200E-02    0.53231E-01    0.71845E+00   -0.12556E+00   -0.27959E-01    0.14979E-01    0.13510E-01    0.17104E+00   -0.62880E-01   -0.64057E-01   -0.20823E-01   -0.66922E-01    0.22459E-01    0.45676E-01   -0.31831E-01   -0.49049E-01   -0.11659E+00    0.15590E+00    0.14776E-01   -0.22855E-01    0.45576E-01    0.71164E-01
   -0.49573E-05   -0.47848E-05    0.81624E-05    0.19451E-03   -0.23310E-03   -0.43596E-02    0.89549E-04    0.53884E-03    0.13588E-02    0.28657E-03   -0.98365E+01    0.73831E+00    0.97750E+00   -0.62405E+00   -0.47809E+00    0.10401E+00    0.66006E-02   -0.63252E-02   -0.59907E-02   -0.15074E-04    0.43637E-04    0.36148E-02    0.87117E-02   -0.12556E+00    0.92822E+00    0.35639E-02    0.18628E-02   -0.15726E-01   -0.15384E+00    0.19575E+00    0.62493E-01   -0.24165E-01    0.61333E-01   -0.14572E+00    0.30842E-02    0.26976E-01    0.18143E-01    0.16157E+00   -0.23945E+00    0.19622E-01    0.12794E+00   -0.60666E-02   -0.21596E+00
    0.33440E-05   -0.64443E-04    0.13224E-04    0.14823E-04   -0.33582E-03   -0.25235E-03   -0.61196E-05   -0.14106E-03   -0.16859E-02    0.20801E-02    0.75116E-01   -0.26306E+00   -0.50081E+00    0.46320E-01    0.86044E-01   -0.29803E-01    0.81877E-03    0.19618E-02    0.87217E-03    0.23164E-05   -0.33003E-04    0.26597E-02    0.12640E+00   -0.27959E-01    0.35639E-02    0.10075E+01    0.12838E-01   -0.54348E-02   -0.49521E-01   -0.24261E-01    0.16021E+00   -0.35487E-01    0.68187E-01    0.44006E-02    0.37614E-01    0.12475E-01   -0.25671E-01    0.11380E+00   -0.50316E-01    0.29567E-01    0.12166E-01   -0.17837E+00    0.72121E-01
    0.39188E-05   -0.14836E-04    0.86417E-05   -0.28490E-03   -0.33860E-03   -0.41479E-02   -0.57121E-04   -0.55446E-03    0.17408E-02   -0.49436E-03    0.12240E+00    0.40952E+00   -0.19795E-01   -0.13093E+00   -0.51603E-01   -0.27393E-01   -0.35073E-02    0.98807E-02   -0.53978E-02    0.32580E-05    0.80404E-05    0.22934E-02    0.39614E-01    0.14979E-01    0.18628E-02    0.12838E-01    0.10073E+01    0.13082E-01    0.44674E-01   -0.98251E-01    0.88505E-01   -0.97863E-01    0.48253E-01    0.76543E-01    0.99717E-01    0.52377E-01    0.14565E+00   -0.10414E+00    0.82166E-01    0.36985E-01   -0.35834E-02   -0.12907E+00    0.58684E-01
   -0.23668E-05    0.37524E-04    0.11803E-04   -0.20803E-03    0.25373E-03   -0.30384E-03   -0.63342E-05   -0.26871E-03   -0.23284E-02    0.13425E-02   -0.60548E+00    0.56441E-01    0.17694E+00   -0.23696E-02   -0.46240E-01    0.11035E-01   -0.23337E-03   -0.11716E-02   -0.21143E-02   -0.72915E-05    0.14367E-04   -0.97928E-03   -0.38026E-01    0.13510E-01   -0.15726E-01   -0.54348E-02    0.13082E-01    0.10156E+01    0.58716E-01    0.39553E-01   -0.32728E-01    0.56289E-01    0.73346E-01    0.93852E-01   -0.83898E-01   -0.86424E-01    0.44717E-01    0.35243E-01    0.12703E+00   -0.58735E-01    0.85096E-01   -0.20325E-01    0.83347E-02
   -0.57636E-05    0.83259E-04    0.11949E-04   -0.37079E-03    0.73469E-05   -0.80952E-03    0.54502E-04   -0.24655E-03    0.12199E-02    0.13767E-02    0.27787E+00   -0.17680E+01    0.13206E+01    0.91551E+00   -0.37677E+00   -0.55920E-01    0.49200E-02   -0.27170E-01    0.45273E-02    0.49889E-05    0.18630E-03   -0.50631E-02   -0.69222E-01    0.17104E+00   -0.15384E+00   -0.49521E-01    0.44674E-01    0.58716E-01    0.85859E+00   -0.40824E-02   -0.19017E-01   -0.24348E-01   -0.60435E-02    0.20642E-01    0.12591E+00   -0.12894E+00    0.21919E-01   -0.54368E-01    0.64959E+00    0.23843E+00   -0.56257E-01   -0.40764E-01    0.74509E-01
   -0.35453E-05    0.29226E-04   -0.48925E-05    0.15130E-03   -0.10612E-03   -0.29645E-02    0.67902E-04    0.44246E-03   -0.83842E-03   -0.46970E-03   -0.45535E+01   -0.76969E+00    0.39332E+00    0.27226E+00   -0.71952E-01    0.27465E-01    0.14173E-02   -0.85405E-02    0.72728E-02   -0.47084E-05   -0.31135E-05   -0.19621E-02   -0.42800E-01   -0.62880E-01    0.19575E+00   -0.24261E-01   -0.98251E-01    0.39553E-01   -0.40824E-02    0.99349E+00    0.14846E-01    0.95399E-02   -0.15865E-01    0.20433E-01   -0.11961E-01   -0.54177E-01   -0.20913E-01    0.16109E+00   -0.97869E-01    0.27042E+00    0.76658E+00    0.29403E+00   -0.18747E+00
    0.11195E-04   -0.95071E-04   -0.13072E-05    0.71371E-04   -0.21153E-03    0.26822E-02    0.68282E-04   -0.15854E-03   -0.19429E-02   -0.83851E-03    0.22584E+00   -0.11533E+00   -0.75689E+00    0.12759E+00    0.21512E+00   -0.78249E-01   -0.94728E-03    0.57383E-02   -0.29349E-02    0.53039E-06    0.13245E-04    0.63621E-02    0.76486E-01   -0.64057E-01    0.62493E-01    0.16021E+00    0.88505E-01   -0.32728E-01   -0.19017E-01    0.14846E-01    0.98002E+00    0.17812E-02    0.18619E-01    0.94671E-01   -0.64864E-01    0.15385E+00    0.14669E+00   -0.15309E+00   -0.19025E+00    0.60923E+00    0.16409E+00   -0.61155E+00    0.17384E+00
    0.70189E-05   -0.56104E-04    0.17290E-04    0.66079E-04   -0.27527E-03    0.21827E-02    0.27121E-03   -0.30080E-04   -0.17187E-02   -0.20145E-03   -0.86012E+00   -0.23464E+00    0.23180E+00    0.67167E-01    0.21408E-01   -0.15490E-01   -0.24713E-02   -0.67462E-04    0.51168E-02   -0.57523E-06    0.88403E-05    0.63959E-03   -0.68561E-01   -0.20823E-01   -0.24165E-01   -0.35487E-01   -0.97863E-01    0.56289E-01   -0.24348E-01    0.95399E-02    0.17812E-02    0.99472E+00   -0.23778E-03   -0.20192E-01   -0.76814E-01   -0.13873E+00   -0.21191E-01   -0.88515E-01   -0.86103E-01    0.80108E-01   -0.32541E-01    0.31002E+00    0.67727E+00
    0.29336E-05   -0.14833E-04    0.89008E-05   -0.15006E-03   -0.22791E-03   -0.30545E-03    0.84153E-04   -0.34290E-03    0.79526E-03   -0.12526E-02   -0.79773E+00    0.26748E+00    0.62185E+00   -0.11492E+00   -0.36322E+00   -0.76015E-01   -0.18487E-02   -0.29616E-02   -0.11049E-01    0.63144E-05    0.15835E-04    0.22624E-02    0.15669E-01   -0.66922E-01    0.61333E-01    0.68187E-01    0.48253E-01    0.73346E-01   -0.60435E-02   -0.15865E-01    0.18619E-01   -0.23778E-03    0.98953E+00   -0.66059E-01    0.98425E-01    0.10425E-01    0.16967E+00    0.14630E-01    0.11512E+00   -0.54889E+00    0.37392E+00   -0.37412E+00    0.21192E+00
    0.25870E-05    0.16236E-04   -0.30397E-05   -0.16667E-03    0.48273E-04    0.54521E-03   -0.17799E-03   -0.30054E-03   -0.99268E-03    0.11137E-02    0.79890E+00    0.85965E+00   -0.11803E+01   -0.29626E+00    0.41734E+00    0.52949E-01   -0.11500E-01    0.36796E-01   -0.18121E-01   -0.97614E-06   -0.20853E-03   -0.38060E-02   -0.27456E-01    0.22459E-01   -0.14572E+00    0.44006E-02    0.76543E-01    0.93852E-01    0.20642E-01    0.20433E-01    0.94671E-01   -0.20192E-01   -0.66059E-01    0.93973E+00   -0.13425E-01   -0.55782E-02   -0.60537E-02   -0.17901E-01    0.60853E+00    0.17659E+00    0.11091E+00    0.47792E-01   -0.74945E-01
   -0.90719E-05    0.85297E-04   -0.15268E-04   -0.52240E-03    0.19928E-03    0.22548E-02   -0.32523E-03   -0.79359E-03    0.11668E-02   -0.12331E-02    0.11387E+01    0.19232E+00    0.95928E+00   -0.71836E-01   -0.48012E+00    0.26762E-03   -0.19668E-02   -0.15603E-02   -0.17521E-01    0.61634E-05   -0.16422E-04   -0.55354E-02    0.13039E-01    0.45676E-01    0.30842E-02    0.37614E-01    0.99717E-01   -0.83898E-01    0.12591E+00   -0.11961E-01   -0.64864E-01   -0.76814E-01    0.98425E-01   -0.13425E-01    0.95297E+00    0.95183E-02    0.98682E-02   -0.23774E-02    0.97210E-01    0.13376E+00   -0.57513E-02    0.15653E+00    0.17805E+00
   -0.15242E-05    0.17872E-04   -0.16440E-05    0.14040E-03    0.10187E-03   -0.18803E-02   -0.20028E-03    0.25599E-03    0.31252E-03   -0.64855E-03    0.29348E-01    0.45781E+00   -0.49795E+00   -0.14757E+00    0.15711E+00    0.17167E-01   -0.82464E-03    0.90979E-02    0.23303E-03    0.27507E-05   -0.40508E-04    0.41959E-02    0.50365E-01   -0.31831E-01    0.26976E-01    0.12475E-01    0.52377E-01   -0.86424E-01   -0.12894E+00   -0.54177E-01    0.15385E+00   -0.13873E+00    0.10425E-01   -0.55782E-02    0.95183E-02    0.97708E+00    0.39378E-02   -0.16878E-01   -0.14312E+00    0.55837E-01    0.15441E+00    0.17869E-01   -0.70156E-01
    0.81598E-05   -0.53592E-04    0.15051E-04    0.16174E-03   -0.54553E-04    0.42622E-04    0.21022E-03    0.15987E-03    0.31173E-03   -0.10224E-02    0.56792E+00    0.63033E-01    0.43473E+00   -0.46702E-01   -0.31156E+00   -0.14933E+00   -0.33932E-02   -0.20640E-02   -0.11822E-01    0.73973E-06    0.82114E-05   -0.15443E-04    0.23465E-01   -0.49049E-01    0.18143E-01   -0.25671E-01    0.14565E+00    0.44717E-01    0.21919E-01   -0.20913E-01    0.14669E+00   -0.21191E-01    0.16967E+00   -0.60537E-02    0.98682E-02    0.39378E-02    0.99282E+00   -0.17287E-01   -0.18550E-02    0.23960E-01    0.12685E+00   -0.25791E+00    0.12674E+00
    0.39320E-05   -0.18626E-04    0.94181E-05   -0.13773E-03    0.85149E-04   -0.40823E-02    0.46921E-04   -0.31585E-03    0.93353E-03    0.21692E-02   -0.30653E+01   -0.14389E+00    0.21649E+00    0.28388E-02   -0.16066E+00   -0.22787E-01    0.65404E-03   -0.66909E-03   -0.65560E-02   -0.73677E-05   -0.91794E-05    0.20363E-02   -0.24677E-01   -0.11659E+00    0.16157E+00    0.11380E+00   -0.10414E+00    0.35243E-01   -0.54368E-01    0.16109E+00   -0.15309E+00   -0.88515E-01    0.14630E-01   -0.17901E-01   -0.23774E-02   -0.16878E-01   -0.17287E-01    0.97000E+00   -0.38716E-01   -0.59423E-01    0.36098E-01    0.18285E+00   -0.11241E+00
   -0.48665E-05    0.92667E-04    0.81788E-05   -0.43832E-03    0.51989E-04   -0.10182E-02   -0.94423E-04   -0.43047E-03    0.84744E-03    0.18132E-02    0.11423E+01   -0.58190E+00    0.36147E+00    0.39986E+00   -0.73211E-01   -0.15710E-02   -0.37484E-02    0.33645E-02   -0.94746E-02    0.44220E-05   -0.14301E-05   -0.73846E-02   -0.76282E-01    0.15590E+00   -0.23945E+00   -0.50316E-01    0.82166E-01    0.12703E+00    0.64959E+00   -0.97869E-01   -0.19025E+00   -0.86103E-01    0.11512E+00    0.60853E+00    0.97210E-01   -0.14312E+00   -0.18550E-02   -0.38716E-01    0.97539E+00   -0.11252E-01   -0.10270E-01    0.28849E-02   -0.15547E-01
    0.31793E-05   -0.25906E-04   -0.36470E-05    0.59842E-05    0.23660E-04    0.20202E-02   -0.75853E-05   -0.72688E-05   -0.14178E-02    0.21918E-03   -0.62863E+00   -0.78630E+00   -0.16915E+00    0.44247E+00    0.11012E+00   -0.12109E-01   -0.43240E-03   -0.11024E-02   -0.44631E-03   -0.30585E-05    0.24623E-04    0.11420E-03   -0.80286E-02    0.14776E-01    0.19622E-01    0.29567E-01    0.36985E-01   -0.58735E-01    0.23843E+00    0.27042E+00    0.60923E+00    0.80108E-01   -0.54889E+00    0.17659E+00    0.13376E+00    0.55837E-01    0.23960E-01   -0.59423E-01   -0.11252E-01    0.97009E+00    0.21614E-01    0.30410E-01    0.11537E-03
   -0.34642E-05    0.52585E-04   -0.74491E-05   -0.71912E-04   -0.15605E-03   -0.19418E-02   -0.24823E-04    0.48495E-04   -0.89960E-03   -0.16887E-02   -0.24821E+01   -0.91159E-01    0.40305E+00   -0.41414E-01   -0.16266E+00    0.40364E-02   -0.32181E-02    0.21038E-02   -0.21570E-03   -0.73611E-06   -0.29456E-04   -0.11901E-02    0.54944E-02   -0.22855E-01    0.12794E+00    0.12166E-01   -0.35834E-02    0.85096E-01   -0.56257E-01    0.76658E+00    0.16409E+00   -0.32541E-01    0.37392E+00    0.11091E+00   -0.57513E-02    0.15441E+00    0.12685E+00    0.36098E-01   -0.10270E-01    0.21614E-01    0.98452E+00   -0.20451E-01    0.46138E-02
   -0.93029E-05    0.10091E-03   -0.35240E-05   -0.51028E-04    0.24514E-03   -0.54056E-03   -0.13580E-03    0.19679E-03    0.95714E-03    0.31514E-03   -0.12743E+01    0.87581E-01    0.66382E+00   -0.97043E-01   -0.14006E+00    0.10931E+00   -0.35714E-02    0.28502E-02    0.53264E-03   -0.67352E-05   -0.54680E-04   -0.60293E-02   -0.10518E+00    0.45576E-01   -0.60666E-02   -0.17837E+00   -0.12907E+00   -0.20325E-01   -0.40764E-01    0.29403E+00   -0.61155E+00    0.31002E+00   -0.37412E+00    0.47792E-01    0.15653E+00    0.17869E-01   -0.25791E+00    0.18285E+00    0.28849E-02    0.30410E-01   -0.20451E-01    0.99561E+00    0.78833E-02
    0.45050E-05    0.86759E-05   -0.24971E-06   -0.30595E-03   -0.10427E-03    0.38246E-02    0.57604E-04   -0.58529E-03   -0.21498E-03   -0.13404E-02    0.26808E+01   -0.66186E-03    0.99092E-01    0.85029E-01    0.56601E-01   -0.63661E-01   -0.36737E-02   -0.37089E-02    0.85589E-02    0.96950E-05    0.16676E-04   -0.12982E-02   -0.27605E-02    0.71164E-01   -0.21596E+00    0.72121E-01    0.58684E-01    0.83347E-02    0.74509E-01   -0.18747E+00    0.17384E+00    0.67727E+00    0.21192E+00   -0.74945E-01    0.17805E+00   -0.70156E-01    0.12674E+00   -0.11241E+00   -0.15547E-01    0.11537E-03    0.46138E-02    0.78833E-02    0.98903E+00
