# omegabh2 omegach2 theta tau yhe ns logA asz
    0.18834E-06    0.22633E-06    0.44166E-06    0.11437E-05   -0.70085E-06    0.34802E-05    0.49332E-05    0.40031E-05
    0.22633E-06    0.12887E-04    0.11492E-04   -0.25719E-05    0.22848E-03    0.25969E-04    0.82373E-04   -0.13936E-04
    0.44166E-06    0.11492E-04    0.16321E-04    0.90255E-06    0.31113E-03    0.42304E-04    0.10144E-03    0.42094E-04
    0.11437E-05   -0.25719E-05    0.90255E-06    0.17312E-03   -0.43994E-05    0.37298E-04    0.34905E-03    0.41453E-05
   -0.70085E-06    0.22848E-03    0.31113E-03   -0.43994E-05    0.81469E-02    0.86540E-03    0.21423E-02    0.20549E-02
    0.34802E-05    0.25969E-04    0.42304E-04    0.37298E-04    0.86540E-03    0.20070E-03    0.36770E-03   -0.32648E-03
    0.49332E-05    0.82373E-04    0.10144E-03    0.34905E-03    0.21423E-02    0.36770E-03    0.14369E-02   -0.56080E-03
    0.40031E-05   -0.13936E-04    0.42094E-04    0.41453E-05    0.20549E-02   -0.32648E-03   -0.56080E-03    0.33569E+00
