# omegabh2 omegach2 theta tau logA ns nrun r aps100 aps143 aps217 acib143 acib217 asz143 psr cibr ncib xi aksz cal0 cal2 bm_1_1
    0.5510897E-07   -0.8504081E-07    0.2941350E-07    0.1412243E-05    0.2988724E-05    0.2282469E-06   -0.1036826E-05    0.2837639E-05    0.4280605E-03   -0.2911717E-03   -0.8737384E-04    0.1766963E-04   -0.4746517E-04    0.1448199E-04   -0.1984240E-06   -0.7073305E-06   -0.5439581E-06   -0.1059049E-05   -0.1051987E-05    0.8234922E-08   -0.8501164E-08    0.3881599E-05
   -0.8504081E-07    0.1836776E-05   -0.8974297E-07   -0.3486301E-05   -0.2366352E-05   -0.4058400E-05   -0.2587391E-06   -0.6951163E-05    0.2628596E-02    0.9617262E-03    0.6533943E-04    0.1140587E-04    0.3138393E-03   -0.1258835E-04    0.3684757E-06    0.8110038E-05    0.3897316E-05    0.2607808E-05    0.5390881E-04   -0.3172839E-07    0.1300256E-06    0.5369377E-04
    0.2941350E-07   -0.8974297E-07    0.1966728E-06    0.7150362E-06    0.1485142E-05    0.5076696E-06   -0.3429918E-06    0.2101324E-05   -0.2263625E-03   -0.7071549E-04   -0.1475181E-03    0.3976473E-05    0.2654814E-04    0.1489333E-04    0.8699945E-08    0.1874558E-05    0.3656126E-06    0.1575373E-05    0.2385429E-04   -0.7323669E-08   -0.2394688E-08   -0.8342820E-06
    0.1412243E-05   -0.3486301E-05    0.7150362E-06    0.2353216E-03    0.4751249E-03    0.1331583E-04   -0.5366836E-04    0.2078754E-04    0.1963832E-02    0.2820379E-02    0.2619459E-03   -0.1443526E-02   -0.1140868E-02   -0.8549023E-04   -0.1423406E-04    0.5530796E-06    0.1030430E-04    0.3521090E-04   -0.5567222E-03   -0.1121993E-06    0.3524904E-06    0.2533307E-03
    0.2988724E-05   -0.2366352E-05    0.1485142E-05    0.4751249E-03    0.9825893E-03    0.1345873E-04   -0.1268433E-03    0.5520189E-04    0.2022553E-01    0.1507461E-01    0.2979170E-02   -0.4456071E-02   -0.3743404E-03   -0.8043243E-03   -0.2100984E-04   -0.4909083E-06    0.9200232E-04    0.6386790E-04   -0.1447823E-02   -0.2775178E-07    0.2551638E-05    0.1319896E-02
    0.2282469E-06   -0.4058400E-05    0.5076696E-06    0.1331583E-04    0.1345873E-04    0.2715460E-04    0.1064753E-04    0.3118973E-04   -0.3345147E-01   -0.2650463E-03    0.2147140E-01   -0.7739749E-02   -0.1327437E-01   -0.1369030E-02    0.9797229E-04   -0.2548940E-03   -0.6538408E-04    0.8598838E-04   -0.3123976E-02   -0.1706639E-06    0.2899196E-06    0.6179296E-04
   -0.1036826E-05   -0.2587391E-06   -0.3429918E-06   -0.5366836E-04   -0.1268433E-03    0.1064753E-04    0.8547161E-04   -0.2457278E-03   -0.5276217E-01   -0.5008066E-02    0.3098021E-01   -0.9276363E-02   -0.2026323E-01   -0.1531537E-02    0.1181158E-03   -0.3106908E-03   -0.1489703E-03    0.1320652E-03   -0.4191818E-02    0.2439751E-06   -0.1114890E-05   -0.5711665E-03
    0.2837639E-05   -0.6951163E-05    0.2101324E-05    0.2078754E-04    0.5520189E-04    0.3118973E-04   -0.2457278E-03    0.3666975E-02    0.1528536E+00   -0.1008639E-01   -0.6764369E-01    0.2958185E-01    0.4699592E-01    0.2187328E-02   -0.2570870E-03    0.3087356E-03    0.3232178E-03   -0.4464957E-03    0.8845727E-02   -0.2520518E-05    0.5221396E-06    0.1197405E-02
    0.4280605E-03    0.2628596E-02   -0.2263625E-03    0.1963832E-02    0.2022553E-01   -0.3345147E-01   -0.5276217E-01    0.1528536E+00    0.2349662E+04    0.6591171E+02   -0.1206057E+03    0.6464140E+02    0.7877299E+02   -0.4952094E+02   -0.9721175E+00   -0.5866994E+00    0.2966283E+00   -0.1420307E+00   -0.1378791E+02    0.2350618E-02    0.4249715E-02    0.1097915E+02
   -0.2911717E-03    0.9617262E-03   -0.7071549E-04    0.2820379E-02    0.1507461E-01   -0.2650463E-03   -0.5008066E-02   -0.1008639E-01    0.6591171E+02    0.1337341E+03    0.4154453E+02   -0.2691846E+02   -0.7632468E+01   -0.8156624E+01   -0.3665363E-01    0.4565997E-01    0.6310171E-01    0.1219616E+01   -0.1005960E+02    0.2648433E-03    0.1781593E-02    0.4133102E+00
   -0.8737384E-04    0.6533943E-04   -0.1475181E-03    0.2619459E-03    0.2979170E-02    0.2147140E-01    0.3098021E-01   -0.6764369E-01   -0.1206057E+03    0.4154453E+02    0.3608995E+03   -0.4530229E+02   -0.1740003E+03   -0.2497821E+01    0.3929801E+00   -0.1724663E+01   -0.1839959E+01    0.6428292E+00   -0.8121560E+01   -0.1781110E-03   -0.3561961E-02    0.1930206E+00
    0.1766963E-04    0.1140587E-04    0.3976473E-05   -0.1443526E-02   -0.4456071E-02   -0.7739749E-02   -0.9276363E-02    0.2958185E-01    0.6464140E+02   -0.2691846E+02   -0.4530229E+02    0.2894610E+02    0.2599605E+02   -0.8033582E-01   -0.6428542E-01    0.1294341E+00    0.2078676E+00    0.1612553E+00   -0.8395715E+00   -0.2622648E-03   -0.8783646E-03   -0.2944728E+00
   -0.4746517E-04    0.3138393E-03    0.2654814E-04   -0.1140868E-02   -0.3743404E-03   -0.1327437E-01   -0.2026323E-01    0.4699592E-01    0.7877299E+02   -0.7632468E+01   -0.1740003E+03    0.2599605E+02    0.9633151E+02    0.1987570E+01   -0.1240396E+00    0.8417785E+00    0.1133690E+01   -0.3747876E+00   -0.1855735E+01    0.7333749E-04    0.1226176E-02    0.7312105E-01
    0.1448199E-04   -0.1258835E-04    0.1489333E-04   -0.8549023E-04   -0.8043243E-03   -0.1369030E-02   -0.1531537E-02    0.2187328E-02   -0.4952094E+02   -0.8156624E+01   -0.2497821E+01   -0.8033582E-01    0.1987570E+01    0.6741479E+01    0.4085996E-01    0.2550007E+00    0.4244189E-02   -0.7227383E-01   -0.2619198E+00    0.5063034E-04   -0.6550190E-03    0.1467636E+00
   -0.1984240E-06    0.3684757E-06    0.8699945E-08   -0.1423406E-04   -0.2100984E-04    0.9797229E-04    0.1181158E-03   -0.2570870E-03   -0.9721175E+00   -0.3665363E-01    0.3929801E+00   -0.6428542E-01   -0.1240396E+00    0.4085996E-01    0.1739934E-01   -0.1095199E-01    0.3817431E-02    0.8165687E-02   -0.2837291E-01    0.1002714E-05   -0.2583933E-04    0.2223100E-02
   -0.7073305E-06    0.8110038E-05    0.1874558E-05    0.5530796E-06   -0.4909083E-06   -0.2548940E-03   -0.3106908E-03    0.3087356E-03   -0.5866994E+00    0.4565997E-01   -0.1724663E+01    0.1294341E+00    0.8417785E+00    0.2550007E+00   -0.1095199E-01    0.4833162E-01   -0.2544817E-03    0.4181726E-02   -0.1759729E-01   -0.2349249E-05    0.6497027E-04    0.3239903E-02
   -0.5439581E-06    0.3897316E-05    0.3656126E-06    0.1030430E-04    0.9200232E-04   -0.6538408E-04   -0.1489703E-03    0.3232178E-03    0.2966283E+00    0.6310171E-01   -0.1839959E+01    0.2078676E+00    0.1133690E+01    0.4244189E-02    0.3817431E-02   -0.2544817E-03    0.2425407E-01   -0.2376064E-02   -0.1710989E-01    0.5151754E-05   -0.7436733E-04    0.8738389E-02
   -0.1059049E-05    0.2607808E-05    0.1575373E-05    0.3521090E-04    0.6386790E-04    0.8598838E-04    0.1320652E-03   -0.4464957E-03   -0.1420307E+00    0.1219616E+01    0.6428292E+00    0.1612553E+00   -0.3747876E+00   -0.7227383E-01    0.8165687E-02    0.4181726E-02   -0.2376064E-02    0.8224209E-01    0.2426454E-01   -0.3315358E-05   -0.7992906E-05   -0.8895056E-03
   -0.1051987E-05    0.5390881E-04    0.2385429E-04   -0.5567222E-03   -0.1447823E-02   -0.3123976E-02   -0.4191818E-02    0.8845727E-02   -0.1378791E+02   -0.1005960E+02   -0.8121560E+01   -0.8395715E+00   -0.1855735E+01   -0.2619198E+00   -0.2837291E-01   -0.1759729E-01   -0.1710989E-01    0.2426454E-01    0.7599822E+01    0.2937764E-04   -0.3044955E-05    0.4893322E-04
    0.8234922E-08   -0.3172839E-07   -0.7323669E-08   -0.1121993E-06   -0.2775178E-07   -0.1706639E-06    0.2439751E-06   -0.2520518E-05    0.2350618E-02    0.2648433E-03   -0.1781110E-03   -0.2622648E-03    0.7333749E-04    0.5063034E-04    0.1002714E-05   -0.2349249E-05    0.5151754E-05   -0.3315358E-05    0.2937764E-04    0.8527121E-06    0.2428596E-08   -0.9557714E-04
   -0.8501164E-08    0.1300256E-06   -0.2394688E-08    0.3524904E-06    0.2551638E-05    0.2899196E-06   -0.1114890E-05    0.5221396E-06    0.4249715E-02    0.1781593E-02   -0.3561961E-02   -0.8783646E-03    0.1226176E-02   -0.6550190E-03   -0.2583933E-04    0.6497027E-04   -0.7436733E-04   -0.7992906E-05   -0.3044955E-05    0.2428596E-08    0.5673097E-05    0.2627677E-03
    0.3881599E-05    0.5369377E-04   -0.8342820E-06    0.2533307E-03    0.1319896E-02    0.6179296E-04   -0.5711665E-03    0.1197405E-02    0.1097915E+02    0.4133102E+00    0.1930206E+00   -0.2944728E+00    0.7312105E-01    0.1467636E+00    0.2223100E-02    0.3239903E-02    0.8738389E-02   -0.8895056E-03    0.4893322E-04   -0.9557714E-04    0.2627677E-03    0.2651324E+00
