# omegabh2 omegach2 theta tau logA ns acib217 acibsz143 asz143 aps100 aps143 aps143217 aps217 aksz kgal100 t1gal143 t1gal143217 t1gal217 galfEE100 galfEE100143 galfEE100217 galfEE143 galfEE143217 galfEE217 galfTE100 galfTE100143 galfTE100217 galfTE143 galfTE143217 galfTE217 calib_100T calib_217T
    0.2385326E-07   -0.1089166E-06    0.1816148E-07    0.6260648E-06    0.1134725E-05    0.2957270E-06   -0.1469160E-03   -0.8664613E-04   -0.1669515E-04   -0.6246308E-04    0.1959182E-05    0.1421291E-03    0.1133544E-03   -0.3268776E-04    0.8315022E-04   -0.1833455E-03   -0.1952783E-03   -0.2065787E-03    0.1281576E-06    0.1313966E-06    0.1635532E-06    0.1177336E-06    0.1461248E-06    0.2009026E-06   -0.1443205E-05   -0.2082860E-05   -0.2739962E-05   -0.3833815E-05   -0.5214533E-05   -0.8299624E-05   -0.2771420E-07    0.2860023E-08
   -0.1089166E-06    0.1564818E-05   -0.1191179E-06   -0.7453600E-05   -0.1123641E-04   -0.3913067E-05    0.6654135E-03    0.2089731E-03   -0.2213196E-05    0.1497895E-02    0.6163725E-03   -0.4877644E-05   -0.3901798E-03    0.1333501E-03    0.4118614E-03    0.1583441E-03    0.3696700E-03    0.4760041E-03   -0.1551248E-05   -0.1742280E-05   -0.1808264E-05   -0.1664485E-05   -0.1862710E-05   -0.1619493E-05    0.1106178E-04    0.1273653E-04    0.1274830E-04    0.2443472E-04    0.2826648E-04    0.3881516E-04   -0.7041140E-07   -0.4803629E-07
    0.1816148E-07   -0.1191179E-06    0.8861870E-07    0.9349956E-06    0.1718325E-05    0.4018036E-06   -0.7353961E-04   -0.5919982E-04   -0.1411236E-04   -0.3524513E-05    0.7183753E-04    0.1367900E-03    0.7869846E-04   -0.3002730E-04   -0.5255604E-05   -0.7492142E-04   -0.6969254E-04   -0.7005212E-04    0.1091724E-06    0.1113781E-06    0.9618690E-07    0.6918614E-07    0.7328703E-08    0.6854493E-07   -0.1263340E-05   -0.1557120E-05   -0.1874738E-05   -0.2531032E-05   -0.3428209E-05   -0.5532691E-05   -0.7812832E-08   -0.2572924E-08
    0.6260648E-06   -0.7453600E-05    0.9349956E-06    0.1215629E-03    0.2247808E-03    0.2482999E-04   -0.7611616E-02   -0.2942217E-02   -0.6356283E-03   -0.8669840E-02   -0.2662014E-02    0.4239937E-02    0.6960187E-02   -0.1371194E-02   -0.5085573E-02   -0.2654088E-02   -0.5717999E-02   -0.7158740E-02    0.8323576E-05    0.8611523E-05    0.8501579E-05    0.8516166E-05    0.8516232E-05    0.8663872E-05   -0.9207978E-04   -0.9496830E-04   -0.9153979E-04   -0.1570776E-03   -0.1735645E-03   -0.1905553E-03    0.7593203E-06    0.6168255E-06
    0.1134725E-05   -0.1123641E-04    0.1718325E-05    0.2247808E-03    0.4285592E-03    0.3982961E-04   -0.1493336E-01   -0.6842144E-02   -0.2258627E-02   -0.1308900E-02    0.4200573E-02    0.1629452E-01    0.1887290E-01   -0.3297852E-02   -0.1687630E-01   -0.2241333E-01   -0.2799717E-01   -0.3074407E-01    0.1097046E-04    0.1121623E-04    0.1035765E-04    0.1082980E-04    0.9841314E-05    0.1018079E-04   -0.1607131E-03   -0.1611869E-03   -0.1555908E-03   -0.2596064E-03   -0.2927649E-03   -0.3216181E-03    0.3004162E-06    0.1038576E-05
    0.2957270E-06   -0.3913067E-05    0.4018036E-06    0.2482999E-04    0.3982961E-04    0.2160494E-04   -0.9611692E-02   -0.4472531E-02   -0.1632042E-02   -0.5038957E-02    0.5962525E-02    0.1210663E-01    0.1310244E-01   -0.2667790E-02   -0.2856102E-02   -0.4938043E-02   -0.6758063E-02   -0.6877960E-02    0.7495660E-05    0.8483501E-05    0.8880308E-05    0.8080968E-05    0.8690328E-05    0.6394252E-05   -0.2696341E-04   -0.2346105E-04   -0.1592138E-04   -0.5692810E-04   -0.5037546E-04   -0.6980556E-04    0.2587580E-06    0.4194061E-06
   -0.1469160E-03    0.6654135E-03   -0.7353961E-04   -0.7611616E-02   -0.1493336E-01   -0.9611692E-02    0.6530910E+02    0.2425424E+02    0.9763715E+00    0.1309193E+02   -0.2162093E+02   -0.6453358E+02   -0.8084152E+02   -0.4209103E+01   -0.3762736E+01   -0.1127677E+02   -0.1730748E+02   -0.2316009E+02   -0.1809796E-02   -0.1808744E-02   -0.3027135E-02   -0.2287074E-02   -0.1056357E-02   -0.1433706E-02    0.4854302E-02    0.8251053E-02    0.4615377E-03    0.1337740E-01   -0.6562031E-02   -0.7061426E-01    0.8363289E-04   -0.2903211E-02
   -0.8664613E-04    0.2089731E-03   -0.5919982E-04   -0.2942217E-02   -0.6842144E-02   -0.4472531E-02    0.2425424E+02    0.1771604E+02    0.2449534E+01   -0.1532003E+02   -0.2363879E+02   -0.4346312E+02   -0.2617681E+02   -0.1606032E+01   -0.3988356E+01   -0.6892766E+01   -0.1397003E+02   -0.1580084E+02   -0.9539657E-03   -0.6201172E-03   -0.1552042E-02   -0.8724513E-03   -0.7823935E-03   -0.8241449E-03    0.2165694E-02    0.4702127E-02    0.1477544E-01    0.6158199E-02    0.1008184E-01    0.6339702E-02    0.1246672E-03   -0.3127638E-04
   -0.1669515E-04   -0.2213196E-05   -0.1411236E-04   -0.6356283E-03   -0.2258627E-02   -0.1632042E-02    0.9763715E+00    0.2449534E+01    0.6026912E+01   -0.4146461E+02   -0.1739116E+02   -0.5123981E+01   -0.6178751E+00   -0.2762116E+00   -0.3259661E+01   -0.8525403E+00    0.2959524E+01    0.3543822E+01   -0.4771403E-03   -0.2662784E-03   -0.3945630E-03    0.1952607E-03   -0.3272942E-03   -0.3801202E-03    0.1892941E-02   -0.6576729E-03   -0.3729718E-02   -0.1832009E-02   -0.1348006E-03    0.7330368E-02   -0.4801497E-04    0.1535458E-03
   -0.6246308E-04    0.1497895E-02   -0.3524513E-05   -0.8669840E-02   -0.1308900E-02   -0.5038957E-02    0.1309193E+02   -0.1532003E+02   -0.4146461E+02    0.7420959E+03    0.1755472E+03    0.6669934E+02    0.1015827E+02   -0.1319768E+02   -0.3550728E+02   -0.6530950E+01   -0.1770229E+02   -0.1821892E+02   -0.5408898E-02   -0.6117862E-02   -0.6369102E-02   -0.8939704E-02   -0.1081809E-01   -0.1970917E-01    0.3195452E-01    0.5671923E-01    0.6830515E-01    0.7712564E-01    0.6947457E-01    0.6165045E-01   -0.2063974E-02   -0.3044057E-02
    0.1959182E-05    0.6163725E-03    0.7183753E-04   -0.2662014E-02    0.4200573E-02    0.5962525E-02   -0.2162093E+02   -0.2363879E+02   -0.1739116E+02    0.1755472E+03    0.1187957E+03    0.9192629E+02    0.5099612E+02   -0.1128403E+02    0.2052655E+01   -0.7747232E+01   -0.2669544E+01    0.1510654E+00   -0.1134106E-02   -0.1923240E-02   -0.1191226E-02   -0.2614430E-02   -0.2318492E-02   -0.4762008E-02    0.1591187E-01    0.3289599E-01    0.4048498E-01    0.4720194E-01    0.6577851E-01    0.1003177E+00   -0.4892877E-03   -0.8842540E-03
    0.1421291E-03   -0.4877644E-05    0.1367900E-03    0.4239937E-02    0.1629452E-01    0.1210663E-01   -0.6453358E+02   -0.4346312E+02   -0.5123981E+01    0.6669934E+02    0.9192629E+02    0.1448651E+03    0.1053259E+03   -0.8134799E+01    0.9448643E+00    0.9950413E+00    0.1282322E+02    0.1433956E+02    0.4208604E-04   -0.4739414E-03    0.1249218E-02    0.1122347E-02   -0.3493776E-03   -0.3233172E-02    0.1210514E-01    0.1863932E-01    0.2021069E-01    0.3075791E-01    0.6274343E-01    0.1394256E+00   -0.8028615E-03    0.1422764E-02
    0.1133544E-03   -0.3901798E-03    0.7869846E-04    0.6960187E-02    0.1887290E-01    0.1310244E-01   -0.8084152E+02   -0.2617681E+02   -0.6178751E+00    0.1015827E+02    0.5099612E+02    0.1053259E+03    0.1398745E+03   -0.6783642E+01   -0.4311790E+01   -0.2638073E+01   -0.6375703E+01   -0.6996382E+01    0.4400817E-03    0.6009315E-03    0.1259480E-02    0.2352070E-02   -0.8994244E-03   -0.3371398E-02    0.1490964E-01    0.1481930E-01    0.5266074E-01    0.2040115E-01    0.8165995E-01    0.2068542E+00   -0.5687905E-03    0.5421228E-02
   -0.3268776E-04    0.1333501E-03   -0.3002730E-04   -0.1371194E-02   -0.3297852E-02   -0.2667790E-02   -0.4209103E+01   -0.1606032E+01   -0.2762116E+00   -0.1319768E+02   -0.1128403E+02   -0.8134799E+01   -0.6783642E+01    0.8253293E+01   -0.2375473E+01   -0.3563306E+01   -0.4143348E+01   -0.4230009E+01   -0.2205399E-03   -0.5922322E-03   -0.3632812E-03   -0.6087944E-03   -0.5818808E-03    0.4461221E-03   -0.3246176E-02   -0.4257523E-02   -0.6479805E-02   -0.6579463E-02   -0.1276766E-01   -0.1581913E-01   -0.3383103E-04    0.2338856E-03
    0.8315022E-04    0.4118614E-03   -0.5255604E-05   -0.5085573E-02   -0.1687630E-01   -0.2856102E-02   -0.3762736E+01   -0.3988356E+01   -0.3259661E+01   -0.3550728E+02    0.2052655E+01    0.9448643E+00   -0.4311790E+01   -0.2375473E+01    0.1590057E+03    0.5963225E+02    0.5827780E+02    0.5804831E+02   -0.2756291E-02   -0.7995543E-03   -0.6242063E-03    0.4747628E-03    0.2702435E-02    0.4240129E-02   -0.1273593E-01   -0.5636843E-01   -0.5614997E-01   -0.4268965E-01   -0.5682888E-01   -0.4755048E-01   -0.1316288E-01   -0.2564238E-03
   -0.1833455E-03    0.1583441E-03   -0.7492142E-04   -0.2654088E-02   -0.2241333E-01   -0.4938043E-02   -0.1127677E+02   -0.6892766E+01   -0.8525403E+00   -0.6530950E+01   -0.7747232E+01    0.9950413E+00   -0.2638073E+01   -0.3563306E+01    0.5963225E+02    0.1140714E+03    0.1166481E+03    0.1168089E+03    0.3206067E-02    0.2285393E-02    0.4849724E-02    0.2514667E-02    0.4854033E-02    0.1233489E-01    0.5524447E-02   -0.2223508E-01   -0.5074574E-01   -0.9511170E-02   -0.4420947E-01   -0.6314648E-01    0.3632389E-02    0.1860588E-03
   -0.1952783E-03    0.3696700E-03   -0.6969254E-04   -0.5717999E-02   -0.2799717E-01   -0.6758063E-02   -0.1730748E+02   -0.1397003E+02    0.2959524E+01   -0.1770229E+02   -0.2669544E+01    0.1282322E+02   -0.6375703E+01   -0.4143348E+01    0.5827780E+02    0.1166481E+03    0.1558585E+03    0.1798630E+03    0.2872275E-02    0.1048775E-02    0.2991107E-02    0.1262233E-02    0.3680951E-02    0.1080797E-01    0.5741989E-02   -0.1570465E-01   -0.6862529E-01   -0.7671068E-02   -0.4708452E-01   -0.1863663E-01    0.3248792E-02   -0.4627636E-02
   -0.2065787E-03    0.4760041E-03   -0.7005212E-04   -0.7158740E-02   -0.3074407E-01   -0.6877960E-02   -0.2316009E+02   -0.1580084E+02    0.3543822E+01   -0.1821892E+02    0.1510654E+00    0.1433956E+02   -0.6996382E+01   -0.4230009E+01    0.5804831E+02    0.1168089E+03    0.1798630E+03    0.2277200E+03    0.3287502E-02    0.7000415E-03    0.1544054E-02    0.9930388E-03    0.3518535E-02    0.9014284E-02    0.3225155E-02   -0.6922959E-02   -0.5958437E-01    0.4581232E-02   -0.1864689E-01    0.7635999E-01    0.3090078E-02   -0.8835107E-02
    0.1281576E-06   -0.1551248E-05    0.1091724E-06    0.8323576E-05    0.1097046E-04    0.7495660E-05   -0.1809796E-02   -0.9539657E-03   -0.4771403E-03   -0.5408898E-02   -0.1134106E-02    0.4208604E-04    0.4400817E-03   -0.2205399E-03   -0.2756291E-02    0.3206067E-02    0.2872275E-02    0.3287502E-02    0.6799101E-04    0.2375967E-04    0.2821693E-04    0.1144664E-04    0.1461290E-04    0.1539764E-04   -0.6852434E-04   -0.5038545E-04   -0.3697711E-04   -0.4513350E-04   -0.1395775E-04   -0.2207402E-04    0.9324989E-06   -0.1276328E-06
    0.1313966E-06   -0.1742280E-05    0.1113781E-06    0.8611523E-05    0.1121623E-04    0.8483501E-05   -0.1808744E-02   -0.6201172E-03   -0.2662784E-03   -0.6117862E-02   -0.1923240E-02   -0.4739414E-03    0.6009315E-03   -0.5922322E-03   -0.7995543E-03    0.2285393E-02    0.1048775E-02    0.7000415E-03    0.2375967E-04    0.4213906E-04    0.3712636E-04    0.3094468E-04    0.3141137E-04    0.2887157E-04   -0.6659174E-04   -0.9648624E-04   -0.8411706E-04   -0.1064159E-03   -0.9424617E-04   -0.9717966E-04    0.6138451E-06    0.1436629E-06
    0.1635532E-06   -0.1808264E-05    0.9618690E-07    0.8501579E-05    0.1035765E-04    0.8880308E-05   -0.3027135E-02   -0.1552042E-02   -0.3945630E-03   -0.6369102E-02   -0.1191226E-02    0.1249218E-02    0.1259480E-02   -0.3632812E-03   -0.6242063E-03    0.4849724E-02    0.2991107E-02    0.1544054E-02    0.2821693E-04    0.3712636E-04    0.1141933E-03    0.2534440E-04    0.5944617E-04    0.1094948E-03   -0.7245490E-04   -0.9794242E-04   -0.9401091E-04   -0.1074718E-03   -0.1904450E-03   -0.4134129E-03    0.8797703E-06    0.3128371E-06
    0.1177336E-06   -0.1664485E-05    0.6918614E-07    0.8516166E-05    0.1082980E-04    0.8080968E-05   -0.2287074E-02   -0.8724513E-03    0.1952607E-03   -0.8939704E-02   -0.2614430E-02    0.1122347E-02    0.2352070E-02   -0.6087944E-03    0.4747628E-03    0.2514667E-02    0.1262233E-02    0.9930388E-03    0.1144664E-04    0.3094468E-04    0.2534440E-04    0.8755945E-04    0.5586055E-04    0.3538844E-04   -0.2402198E-04   -0.7982091E-04   -0.2989313E-04   -0.1741338E-03   -0.1205015E-03   -0.7177554E-04    0.4109917E-06    0.1501783E-06
    0.1461248E-06   -0.1862710E-05    0.7328703E-08    0.8516232E-05    0.9841314E-05    0.8690328E-05   -0.1056357E-02   -0.7823935E-03   -0.3272942E-03   -0.1081809E-01   -0.2318492E-02   -0.3493776E-03   -0.8994244E-03   -0.5818808E-03    0.2702435E-02    0.4854033E-02    0.3680951E-02    0.3518535E-02    0.1461290E-04    0.3141137E-04    0.5944617E-04    0.5586055E-04    0.1265752E-03    0.1555191E-03   -0.4879962E-04   -0.8885731E-04   -0.9495519E-04   -0.1607628E-03   -0.2096984E-03   -0.3866256E-03    0.4616048E-06    0.3128018E-07
    0.2009026E-06   -0.1619493E-05    0.6854493E-07    0.8663872E-05    0.1018079E-04    0.6394252E-05   -0.1433706E-02   -0.8241449E-03   -0.3801202E-03   -0.1970917E-01   -0.4762008E-02   -0.3233172E-02   -0.3371398E-02    0.4461221E-03    0.4240129E-02    0.1233489E-01    0.1080797E-01    0.9014284E-02    0.1539764E-04    0.2887157E-04    0.1094948E-03    0.3538844E-04    0.1555191E-03    0.6466449E-03   -0.7641421E-04   -0.1177497E-03   -0.1889338E-03   -0.1231617E-03   -0.3283428E-03   -0.6128996E-03    0.1059689E-05    0.4302905E-06
   -0.1443205E-05    0.1106178E-04   -0.1263340E-05   -0.9207978E-04   -0.1607131E-03   -0.2696341E-04    0.4854302E-02    0.2165694E-02    0.1892941E-02    0.3195452E-01    0.1591187E-01    0.1210514E-01    0.1490964E-01   -0.3246176E-02   -0.1273593E-01    0.5524447E-02    0.5741989E-02    0.3225155E-02   -0.6852434E-04   -0.6659174E-04   -0.7245490E-04   -0.2402198E-04   -0.4879962E-04   -0.7641421E-04    0.1231558E-01    0.7862961E-02    0.8582605E-02    0.1493460E-02    0.1761160E-02    0.2312767E-02    0.1133153E-05    0.5782636E-08
   -0.2082860E-05    0.1273653E-04   -0.1557120E-05   -0.9496830E-04   -0.1611869E-03   -0.2346105E-04    0.8251053E-02    0.4702127E-02   -0.6576729E-03    0.5671923E-01    0.3289599E-01    0.1863932E-01    0.1481930E-01   -0.4257523E-02   -0.5636843E-01   -0.2223508E-01   -0.1570465E-01   -0.6922959E-02   -0.5038545E-04   -0.9648624E-04   -0.9794242E-04   -0.7982091E-04   -0.8885731E-04   -0.1177497E-03    0.7862961E-02    0.1143481E-01    0.1265169E-01    0.7536522E-02    0.7477194E-02    0.7074957E-02    0.4489441E-05   -0.2427398E-05
   -0.2739962E-05    0.1274830E-04   -0.1874738E-05   -0.9153979E-04   -0.1555908E-03   -0.1592138E-04    0.4615377E-03    0.1477544E-01   -0.3729718E-02    0.6830515E-01    0.4048498E-01    0.2021069E-01    0.5266074E-01   -0.6479805E-02   -0.5614997E-01   -0.5074574E-01   -0.6862529E-01   -0.5958437E-01   -0.3697711E-04   -0.8411706E-04   -0.9401091E-04   -0.2989313E-04   -0.9495519E-04   -0.1889338E-03    0.8582605E-02    0.1265169E-01    0.2500774E-01    0.4143322E-02    0.1160549E-01    0.2300413E-01    0.2429443E-05   -0.7356506E-06
   -0.3833815E-05    0.2443472E-04   -0.2531032E-05   -0.1570776E-03   -0.2596064E-03   -0.5692810E-04    0.1337740E-01    0.6158199E-02   -0.1832009E-02    0.7712564E-01    0.4720194E-01    0.3075791E-01    0.2040115E-01   -0.6579463E-02   -0.4268965E-01   -0.9511170E-02   -0.7671068E-02    0.4581232E-02   -0.4513350E-04   -0.1064159E-03   -0.1074718E-03   -0.1741338E-03   -0.1607628E-03   -0.1231617E-03    0.1493460E-02    0.7536522E-02    0.4143322E-02    0.2048845E-01    0.1850919E-01    0.1268266E-01    0.2596823E-05   -0.2460009E-05
   -0.5214533E-05    0.2826648E-04   -0.3428209E-05   -0.1735645E-03   -0.2927649E-03   -0.5037546E-04   -0.6562031E-02    0.1008184E-01   -0.1348006E-03    0.6947457E-01    0.6577851E-01    0.6274343E-01    0.8165995E-01   -0.1276766E-01   -0.5682888E-01   -0.4420947E-01   -0.4708452E-01   -0.1864689E-01   -0.1395775E-04   -0.9424617E-04   -0.1904450E-03   -0.1205015E-03   -0.2096984E-03   -0.3283428E-03    0.1761160E-02    0.7477194E-02    0.1160549E-01    0.1850919E-01    0.2870957E-01    0.4055153E-01    0.3088677E-05   -0.2371935E-05
   -0.8299624E-05    0.3881516E-04   -0.5532691E-05   -0.1905553E-03   -0.3216181E-03   -0.6980556E-04   -0.7061426E-01    0.6339702E-02    0.7330368E-02    0.6165045E-01    0.1003177E+00    0.1394256E+00    0.2068542E+00   -0.1581913E-01   -0.4755048E-01   -0.6314648E-01   -0.1863663E-01    0.7635999E-01   -0.2207402E-04   -0.9717966E-04   -0.4134129E-03   -0.7177554E-04   -0.3866256E-03   -0.6128996E-03    0.2312767E-02    0.7074957E-02    0.2300413E-01    0.1268266E-01    0.4055153E-01    0.1029425E+00    0.2489111E-05   -0.6041059E-05
   -0.2771420E-07   -0.7041140E-07   -0.7812832E-08    0.7593203E-06    0.3004162E-06    0.2587580E-06    0.8363289E-04    0.1246672E-03   -0.4801497E-04   -0.2063974E-02   -0.4892877E-03   -0.8028615E-03   -0.5687905E-03   -0.3383103E-04   -0.1316288E-01    0.3632389E-02    0.3248792E-02    0.3090078E-02    0.9324989E-06    0.6138451E-06    0.8797703E-06    0.4109917E-06    0.4616048E-06    0.1059689E-05    0.1133153E-05    0.4489441E-05    0.2429443E-05    0.2596823E-05    0.3088677E-05    0.2489111E-05    0.2377234E-05    0.4291641E-07
    0.2860023E-08   -0.4803629E-07   -0.2572924E-08    0.6168255E-06    0.1038576E-05    0.4194061E-06   -0.2903211E-02   -0.3127638E-04    0.1535458E-03   -0.3044057E-02   -0.8842540E-03    0.1422764E-02    0.5421228E-02    0.2338856E-03   -0.2564238E-03    0.1860588E-03   -0.4627636E-02   -0.8835107E-02   -0.1276328E-06    0.1436629E-06    0.3128371E-06    0.1501783E-06    0.3128018E-07    0.4302905E-06    0.5782636E-08   -0.2427398E-05   -0.7356506E-06   -0.2460009E-05   -0.2371935E-05   -0.6041059E-05    0.4291641E-07    0.1248838E-05
