# omegabh2 omegach2 theta tau meffsterile nnu logA ns calPlanck aps100 aps143 aps217 acib217 asz143 psr xi aksz dust100 dust143 dust217 dust143x217 cal0 cal2 bm_1_1
    0.5084341E-07    0.3919045E-07    0.1434407E-07    0.1823594E-05    0.8266353E-05    0.1372038E-04    0.3795333E-05    0.9236519E-06   -0.3079658E-09   -0.5413999E-03   -0.3127233E-03    0.1050585E-03   -0.1572819E-03    0.2416447E-04    0.1425748E-06    0.1665723E-05   -0.3295236E-04   -0.4976066E-06    0.8257611E-06    0.1256047E-05   -0.8311211E-06   -0.2092519E-08   -0.1110739E-07   -0.2000836E-05
    0.3919045E-07    0.6924117E-05   -0.5945940E-06   -0.1058630E-04   -0.6340750E-04    0.3044847E-03   -0.5626415E-05    0.6231548E-05    0.8100786E-08    0.8897481E-02    0.5424044E-02   -0.1372960E-02    0.2583387E-02   -0.3399768E-03    0.5550421E-05   -0.3518896E-05    0.4946022E-03    0.1484808E-04   -0.7454550E-05   -0.1884826E-04    0.1618104E-04    0.3040582E-07    0.2833940E-06    0.1915455E-04
    0.1434407E-07   -0.5945940E-06    0.2146801E-06    0.1809606E-05    0.6979215E-05   -0.2954428E-04    0.2480606E-05   -0.4986932E-06    0.1311746E-07   -0.1070812E-02   -0.6611423E-03    0.2606025E-03   -0.3158994E-03    0.4823797E-04   -0.3528571E-06   -0.1655562E-05   -0.6869210E-04   -0.2364616E-05    0.1203421E-05    0.2184987E-05   -0.1510615E-05   -0.6461438E-08   -0.3401777E-07   -0.8446162E-05
    0.1823594E-05   -0.1058630E-04    0.1809606E-05    0.3240379E-03    0.1271842E-02    0.7401282E-03    0.6030912E-03    0.7412462E-04   -0.6474948E-05   -0.2812274E-01   -0.1211548E-01    0.2159794E-02   -0.6156698E-02    0.1017700E-02    0.4088215E-05   -0.7737623E-06   -0.1604496E-02   -0.5670813E-04    0.3637320E-04    0.2618075E-04   -0.4480849E-04   -0.6103250E-06   -0.4532644E-06   -0.1523713E-03
    0.8266353E-05   -0.6340750E-04    0.6979215E-05    0.1271842E-02    0.1506817E-01    0.4420030E-02    0.2389966E-02    0.2600495E-03    0.8392788E-05    0.2525932E-01    0.1466451E-01   -0.5542958E-03    0.6065458E-02   -0.1292884E-02   -0.3538420E-04   -0.8122257E-03    0.7601037E-03   -0.2879372E-03   -0.1802680E-03    0.1402660E-03    0.4710754E-04   -0.6653420E-06    0.4240297E-05   -0.5018789E-03
    0.1372038E-04    0.3044847E-03   -0.2954428E-04    0.7401282E-03    0.4420030E-02    0.2252911E-01    0.2122614E-02    0.8200247E-03   -0.6889740E-05    0.4770756E+00    0.2843051E+00   -0.9004982E-01    0.1362216E+00   -0.1999053E-01    0.3023734E-03    0.6819220E-04    0.3070198E-01    0.5811755E-03   -0.3437982E-03   -0.8233387E-03    0.8731710E-03    0.1285384E-05    0.1920595E-04    0.3748785E-03
    0.3795333E-05   -0.5626415E-05    0.2480606E-05    0.6030912E-03    0.2389966E-02    0.2122614E-02    0.1180947E-02    0.1559751E-03   -0.4558822E-06   -0.2723640E-01   -0.9910673E-02    0.6040403E-02   -0.5652511E-02    0.1436806E-02    0.4051484E-04    0.1878569E-04   -0.3105391E-02   -0.9136764E-04    0.6803330E-06    0.3073080E-04   -0.6898793E-04   -0.5771866E-06   -0.2360703E-06   -0.3615060E-03
    0.9236519E-06    0.6231548E-05   -0.4986932E-06    0.7412462E-04    0.2600495E-03    0.8200247E-03    0.1559751E-03    0.5226001E-04   -0.1005460E-05   -0.9581139E-02    0.5358959E-03    0.6067758E-02   -0.2769828E-02    0.1010442E-03    0.4450831E-04    0.9489352E-04   -0.1305468E-02    0.3731857E-04    0.5327803E-05    0.2945227E-04   -0.5501769E-05   -0.3646901E-06    0.6006207E-07   -0.6168014E-06
   -0.3079658E-09    0.8100786E-08    0.1311746E-07   -0.6474948E-05    0.8392788E-05   -0.6889740E-05   -0.4558822E-06   -0.1005460E-05    0.6125260E-05    0.4742121E-02    0.9354555E-03    0.1838585E-03    0.1369908E-02    0.1334873E-04    0.8103866E-06   -0.8595890E-08   -0.6727431E-04    0.5672175E-05    0.1306079E-05    0.1531247E-05   -0.3281989E-05    0.3693875E-07    0.4238682E-07   -0.4278030E-04
   -0.5413999E-03    0.8897481E-02   -0.1070812E-02   -0.2812274E-01    0.2525932E-01    0.4770756E+00   -0.2723640E-01   -0.9581139E-02    0.4742121E-02    0.4888705E+03    0.6904419E+02   -0.5216190E+02    0.3382055E+02   -0.1888120E+02   -0.5876392E+00    0.1054670E+00    0.7717602E+01   -0.3628668E-01   -0.7592674E-01   -0.8521471E-01   -0.1201858E+00    0.6274498E-02    0.7145390E-02    0.1755201E+01
   -0.3127233E-03    0.5424044E-02   -0.6611423E-03   -0.1211548E-01    0.1466451E-01    0.2843051E+00   -0.9910673E-02    0.5358959E-03    0.9354555E-03    0.6904419E+02    0.5747199E+02    0.9475516E+01    0.6862961E+01   -0.2237890E+01    0.1963773E+00    0.6999610E+00   -0.5100615E+01    0.1150035E-02   -0.1755168E+00   -0.5636074E-01    0.1777389E+00    0.4581036E-03   -0.3136494E-03    0.8581258E-01
    0.1050585E-03   -0.1372960E-02    0.2606025E-03    0.2159794E-02   -0.5542958E-03   -0.9004982E-01    0.6040403E-02    0.6067758E-02    0.1838585E-03   -0.5216190E+02    0.9475516E+01    0.1650021E+03   -0.7732896E+02    0.3566951E+01    0.3745727E+00    0.4135417E+00   -0.7797965E+01    0.7560152E-02   -0.2395546E-01    0.6046584E+00   -0.9972927E-01    0.1306871E-02   -0.1110840E-01    0.1172227E+00
   -0.1572819E-03    0.2583387E-02   -0.3158994E-03   -0.6156698E-02    0.6065458E-02    0.1362216E+00   -0.5652511E-02   -0.2769828E-02    0.1369908E-02    0.3382055E+02    0.6862961E+01   -0.7732896E+02    0.4646994E+02    0.3728250E+00   -0.5340702E-01   -0.3332175E+00   -0.1149234E+01    0.4850466E-02    0.3224864E-01   -0.4712270E+00   -0.9991239E-02   -0.3365136E-03    0.5012972E-02   -0.9287095E-01
    0.2416447E-04   -0.3399768E-03    0.4823797E-04    0.1017700E-02   -0.1292884E-02   -0.1999053E-01    0.1436806E-02    0.1010442E-03    0.1334873E-04   -0.1888120E+02   -0.2237890E+01    0.3566951E+01    0.3728250E+00    0.3086211E+01    0.1051641E+00   -0.8831903E-01   -0.2454384E+01   -0.5608513E-02   -0.4462781E-02   -0.3915792E-01    0.4952847E-01    0.3305647E-03   -0.8981166E-03   -0.1427631E-01
    0.1425748E-06    0.5550421E-05   -0.3528571E-06    0.4088215E-05   -0.3538420E-04    0.3023734E-03    0.4051484E-04    0.4450831E-04    0.8103866E-06   -0.5876392E+00    0.1963773E+00    0.3745727E+00   -0.5340702E-01    0.1051641E+00    0.9382143E-02    0.1223284E-01   -0.1248787E+00   -0.5902187E-04    0.3306397E-03   -0.1135573E-02    0.6643787E-03    0.1497361E-04   -0.2916123E-04    0.4695840E-03
    0.1665723E-05   -0.3518896E-05   -0.1655562E-05   -0.7737623E-06   -0.8122257E-03    0.6819220E-04    0.1878569E-04    0.9489352E-04   -0.8595890E-08    0.1054670E+00    0.6999610E+00    0.4135417E+00   -0.3332175E+00   -0.8831903E-01    0.1223284E-01    0.8001198E-01    0.7883334E-01   -0.4010746E-03   -0.4267763E-03    0.1105462E-02    0.2462919E-02    0.9704728E-05   -0.2164591E-04    0.7512636E-02
   -0.3295236E-04    0.4946022E-03   -0.6869210E-04   -0.1604496E-02    0.7601037E-03    0.3070198E-01   -0.3105391E-02   -0.1305468E-02   -0.6727431E-04    0.7717602E+01   -0.5100615E+01   -0.7797965E+01   -0.1149234E+01   -0.2454384E+01   -0.1248787E+00    0.7883334E-01    0.6016446E+01   -0.6577693E-03   -0.2053342E-03    0.3745578E-01   -0.4507584E-01   -0.2418492E-03    0.6241446E-03    0.1285291E-01
   -0.4976066E-06    0.1484808E-04   -0.2364616E-05   -0.5670813E-04   -0.2879372E-03    0.5811755E-03   -0.9136764E-04    0.3731857E-04    0.5672175E-05   -0.3628668E-01    0.1150035E-02    0.7560152E-02    0.4850466E-02   -0.5608513E-02   -0.5902187E-04   -0.4010746E-03   -0.6577693E-03    0.3604341E-01    0.3528281E-02   -0.3762293E-03    0.1258336E-03    0.3825873E-04   -0.1159431E-04    0.4375882E-03
    0.8257611E-06   -0.7454550E-05    0.1203421E-05    0.3637320E-04   -0.1802680E-03   -0.3437982E-03    0.6803330E-06    0.5327803E-05    0.1306079E-05   -0.7592674E-01   -0.1755168E+00   -0.2395546E-01    0.3224864E-01   -0.4462781E-02    0.3306397E-03   -0.4267763E-03   -0.2053342E-03    0.3528281E-02    0.3152791E-01   -0.2664888E-02    0.3059290E-02   -0.5847340E-04   -0.6212823E-04    0.2991307E-02
    0.1256047E-05   -0.1884826E-04    0.2184987E-05    0.2618075E-04    0.1402660E-03   -0.8233387E-03    0.3073080E-04    0.2945227E-04    0.1531247E-05   -0.8521471E-01   -0.5636074E-01    0.6046584E+00   -0.4712270E+00   -0.3915792E-01   -0.1135573E-02    0.1105462E-02    0.3745578E-01   -0.3762293E-03   -0.2664888E-02    0.1333617E-01    0.1172266E-01   -0.1268038E-05    0.6563455E-04    0.5266150E-03
   -0.8311211E-06    0.1618104E-04   -0.1510615E-05   -0.4480849E-04    0.4710754E-04    0.8731710E-03   -0.6898793E-04   -0.5501769E-05   -0.3281989E-05   -0.1201858E+00    0.1777389E+00   -0.9972927E-01   -0.9991239E-02    0.4952847E-01    0.6643787E-03    0.2462919E-02   -0.4507584E-01    0.1258336E-03    0.3059290E-02    0.1172266E-01    0.3279922E-01   -0.6567342E-06    0.9215514E-04    0.2069881E-02
   -0.2092519E-08    0.3040582E-07   -0.6461438E-08   -0.6103250E-06   -0.6653420E-06    0.1285384E-05   -0.5771866E-06   -0.3646901E-06    0.3693875E-07    0.6274498E-02    0.4581036E-03    0.1306871E-02   -0.3365136E-03    0.3305647E-03    0.1497361E-04    0.9704728E-05   -0.2418492E-03    0.3825873E-04   -0.5847340E-04   -0.1268038E-05   -0.6567342E-06    0.9303478E-06   -0.8674877E-07   -0.6536558E-04
   -0.1110739E-07    0.2833940E-06   -0.3401777E-07   -0.4532644E-06    0.4240297E-05    0.1920595E-04   -0.2360703E-06    0.6006207E-07    0.4238682E-07    0.7145390E-02   -0.3136494E-03   -0.1110840E-01    0.5012972E-02   -0.8981166E-03   -0.2916123E-04   -0.2164591E-04    0.6241446E-03   -0.1159431E-04   -0.6212823E-04    0.6563455E-04    0.9215514E-04   -0.8674877E-07    0.3072542E-05   -0.2612172E-04
   -0.2000836E-05    0.1915455E-04   -0.8446162E-05   -0.1523713E-03   -0.5018789E-03    0.3748785E-03   -0.3615060E-03   -0.6168014E-06   -0.4278030E-04    0.1755201E+01    0.8581258E-01    0.1172227E+00   -0.9287095E-01   -0.1427631E-01    0.4695840E-03    0.7512636E-02    0.1285291E-01    0.4375882E-03    0.2991307E-02    0.5266150E-03    0.2069881E-02   -0.6536558E-04   -0.2612172E-04    0.1020055E+01
