# omegabh2 omegach2 theta tau w ns logA aps100 aps143 aps217 acib143 acib217 asz143 psr cibr ncib cal0 cal2 xi aksz bm_1_1 bm_1_2 bm_1_3 bm_1_4 bm_1_5 bm_2_1 bm_2_2 bm_2_3 bm_2_4 bm_2_5 bm_3_1 bm_3_2 bm_3_3 bm_3_4 bm_3_5 bm_4_1 bm_4_2 bm_4_3 bm_4_4 bm_4_5
    0.78060E-07   -0.37318E-06    0.80316E-07    0.11173E-05    0.91970E-05    0.11661E-05    0.15359E-05   -0.19100E-02   -0.65420E-03   -0.67778E-04   -0.92457E-04   -0.22221E-03    0.25097E-04    0.63185E-06   -0.35273E-05   -0.17095E-05   -0.20909E-08   -0.14420E-07    0.46632E-05   -0.82721E-04   -0.20701E-04   -0.18874E-05   -0.66633E-06   -0.10615E-04   -0.58667E-06    0.16946E-05   -0.71315E-07    0.56598E-05   -0.39166E-06   -0.18438E-05   -0.64670E-05   -0.29488E-05   -0.41996E-06   -0.62927E-06    0.37335E-05   -0.50329E-05    0.54903E-05   -0.54684E-05   -0.82345E-06    0.32972E-06
   -0.37318E-06    0.66938E-05   -0.68340E-06   -0.11007E-04   -0.12556E-03   -0.15336E-04   -0.55720E-05    0.32173E-02    0.51371E-02    0.26593E-02   -0.86134E-03   -0.32571E-04   -0.17042E-03    0.11995E-05   -0.90348E-05    0.46744E-05    0.17437E-07    0.10588E-06   -0.67404E-05    0.73984E-04    0.19753E-03    0.16276E-04   -0.81699E-04    0.14215E-03    0.39432E-04   -0.94931E-05   -0.26703E-04   -0.68398E-04    0.18494E-05    0.76177E-04    0.96117E-05    0.33255E-04    0.11969E-03   -0.22007E-05   -0.71503E-04    0.34111E-04   -0.10755E-03    0.75168E-04    0.22079E-04    0.19076E-04
    0.80316E-07   -0.68340E-06    0.39885E-06    0.16782E-05    0.18705E-04    0.20562E-05    0.20979E-05   -0.10886E-02   -0.72024E-03   -0.75470E-04    0.11363E-03   -0.39499E-04    0.37131E-04    0.80103E-06   -0.14390E-05    0.12086E-07    0.47751E-09   -0.72523E-08    0.25244E-05   -0.88585E-04   -0.17487E-04   -0.20064E-05    0.26967E-04   -0.15462E-04    0.15509E-04    0.17521E-04   -0.38150E-05    0.47600E-05    0.35910E-05   -0.14673E-04    0.22784E-05   -0.22196E-06    0.35980E-06    0.74531E-05    0.21297E-04    0.10076E-04    0.17078E-04   -0.12244E-04    0.14887E-05    0.95775E-05
    0.11173E-05   -0.11007E-04    0.16782E-05    0.17423E-03    0.24668E-03    0.39214E-04    0.32217E-03   -0.66666E-01   -0.66389E-02    0.62620E-02   -0.52962E-02   -0.83179E-02    0.41305E-03    0.40610E-04   -0.21573E-03   -0.61002E-04   -0.91025E-07   -0.50803E-06    0.28704E-03   -0.23253E-02   -0.63038E-03    0.24627E-03    0.30050E-03   -0.37048E-04   -0.11481E-04    0.11033E-03    0.10130E-03    0.29545E-03   -0.39642E-03   -0.60289E-04    0.31318E-03    0.36730E-03   -0.14409E-03    0.24246E-03    0.40459E-03    0.18694E-03    0.44442E-03   -0.10943E-03   -0.22973E-03   -0.37073E-03
    0.91970E-05   -0.12556E-03    0.18705E-04    0.24668E-03    0.89411E-02    0.30849E-03    0.19239E-03   -0.14387E+00   -0.99453E-01   -0.44008E-01    0.13208E-01   -0.48203E-02    0.42727E-02    0.36715E-04    0.44751E-04   -0.15435E-03   -0.64410E-06   -0.74849E-06    0.42514E-03   -0.49672E-02   -0.44086E-02    0.70465E-03   -0.23158E-03   -0.36634E-02    0.42797E-03   -0.54414E-04    0.10171E-02    0.11609E-02   -0.93871E-03   -0.11214E-02   -0.84468E-03   -0.25671E-04   -0.16975E-02    0.82094E-03    0.21494E-02   -0.12815E-02    0.19815E-02   -0.84198E-03   -0.67801E-03   -0.43493E-03
    0.11661E-05   -0.15336E-04    0.20562E-05    0.39214E-04    0.30849E-03    0.56644E-04    0.40952E-04   -0.74064E-01   -0.85399E-02    0.82310E-02   -0.65488E-02   -0.87933E-02    0.24374E-03    0.47049E-04   -0.26665E-03   -0.35039E-04   -0.59888E-07   -0.35942E-06    0.11958E-03   -0.33288E-02   -0.31865E-03   -0.10378E-03    0.17398E-03   -0.27741E-03   -0.31346E-04    0.14931E-03    0.12442E-03    0.18396E-03   -0.36390E-04   -0.28423E-03    0.75918E-05   -0.36921E-04   -0.35247E-03   -0.10112E-03   -0.28070E-04    0.12468E-04    0.37876E-03   -0.15688E-03   -0.31640E-04   -0.76460E-04
    0.15359E-05   -0.55720E-05    0.20979E-05    0.32217E-03    0.19239E-03    0.40952E-04    0.63987E-03   -0.15082E+00    0.64154E-02    0.29487E-01   -0.17318E-01   -0.21078E-01   -0.71064E-03    0.11096E-03   -0.64302E-03   -0.87636E-04   -0.63711E-07   -0.60823E-06    0.60951E-03   -0.60744E-02   -0.17291E-03    0.63203E-03    0.41306E-03    0.33282E-03    0.19032E-03    0.57006E-03    0.25710E-03    0.38460E-03   -0.78985E-03    0.67000E-04    0.65062E-03    0.94466E-03   -0.39696E-04    0.52036E-03    0.49686E-03    0.72752E-03    0.74903E-03    0.70519E-04   -0.33519E-03   -0.62458E-03
   -0.19100E-02    0.32173E-02   -0.10886E-02   -0.66666E-01   -0.14387E+00   -0.74064E-01   -0.15082E+00    0.27081E+04    0.57750E+02   -0.16069E+03    0.12084E+03    0.11346E+03   -0.76342E+02   -0.98339E+00    0.70880E-01    0.16305E+01    0.10413E-02   -0.51891E-03   -0.56191E+00   -0.18612E+02    0.10026E+02   -0.79821E+01    0.23976E+00    0.99164E+00   -0.48076E+00   -0.49046E+00   -0.52218E+01    0.10035E+00   -0.40796E+00   -0.28348E+01    0.21812E+00   -0.79621E-01    0.40610E+00   -0.13740E+01   -0.19984E+01   -0.10994E+00   -0.33612E+00   -0.33242E+01   -0.12262E+00    0.30948E+01
   -0.65420E-03    0.51371E-02   -0.72024E-03   -0.66389E-02   -0.99453E-01   -0.85399E-02    0.64154E-02    0.57750E+02    0.19086E+03    0.64485E+02   -0.37067E+02   -0.13842E+02   -0.80658E+01   -0.27475E+00   -0.19473E+00   -0.24056E+00    0.97818E-04    0.36099E-02    0.11347E+01   -0.12595E+02    0.15203E+01    0.72782E+00   -0.78920E-01    0.38666E+00    0.10565E-01   -0.17830E+01   -0.35902E+00    0.27180E-01   -0.18195E+00   -0.20023E+00    0.10577E+01    0.49607E+00    0.54843E+00   -0.19991E+00   -0.94470E-02   -0.62346E+00   -0.23570E+00    0.94621E-01    0.36361E+00   -0.19957E-01
   -0.67778E-04    0.26593E-02   -0.75470E-04    0.62620E-02   -0.44008E-01    0.82310E-02    0.29487E-01   -0.16069E+03    0.64485E+02    0.20604E+03   -0.34379E+02   -0.71952E+02    0.42831E+01   -0.83087E-01   -0.93712E+00   -0.11099E+01    0.18204E-04   -0.39543E-02    0.38609E+00   -0.10701E+02    0.16026E+01    0.69791E+00   -0.17175E+00   -0.72029E-01    0.45295E+00    0.11170E+01    0.20899E+00   -0.35843E+00    0.19209E+00    0.42612E+00   -0.97967E+00    0.11354E+01   -0.31681E+00    0.47886E+00    0.13314E+00    0.17075E+00    0.40231E+00    0.12765E+00    0.49493E+00   -0.80826E-01
   -0.92457E-04   -0.86134E-03    0.11363E-03   -0.52962E-02    0.13208E-01   -0.65488E-02   -0.17318E-01    0.12084E+03   -0.37067E+02   -0.34379E+02    0.26564E+02    0.17832E+02   -0.29223E+01    0.25241E-01    0.18873E+00    0.25491E+00   -0.79226E-04   -0.12245E-02   -0.11631E-01   -0.74884E+00   -0.98028E+00   -0.42013E+00    0.95016E-01   -0.59035E-01    0.48449E-01    0.81549E+00    0.25740E+00    0.43047E-01    0.90515E-01    0.21083E-02   -0.35929E+00   -0.20225E+00   -0.14408E+00   -0.39096E-01    0.21696E+00    0.32772E+00    0.21822E+00    0.19897E-01   -0.83649E-01    0.12842E+00
   -0.22221E-03   -0.32571E-04   -0.39499E-04   -0.83179E-02   -0.48203E-02   -0.87933E-02   -0.21078E-01    0.11346E+03   -0.13842E+02   -0.71952E+02    0.17832E+02    0.34071E+02   -0.25060E+01    0.76875E-01    0.38251E+00    0.55427E+00    0.16618E-04    0.16833E-02   -0.24197E+00   -0.10328E+01   -0.60920E+00   -0.33571E+00    0.13145E+00    0.22938E-01   -0.14613E+00   -0.42853E+00   -0.85510E-01    0.10942E+00    0.11117E+00   -0.21440E+00    0.27409E+00   -0.59015E+00    0.97521E-01   -0.33496E+00   -0.23542E-01   -0.13774E+00   -0.18237E+00   -0.97219E-01   -0.14395E+00    0.24599E+00
    0.25097E-04   -0.17042E-03    0.37131E-04    0.41305E-03    0.42727E-02    0.24374E-03   -0.71064E-03   -0.76342E+02   -0.80658E+01    0.42831E+01   -0.29223E+01   -0.25060E+01    0.80198E+01    0.50232E-01    0.26942E+00   -0.14794E+00    0.10331E-04   -0.50896E-04   -0.17060E-01   -0.10930E+00    0.21054E+00    0.47267E-01    0.20643E-01   -0.58418E-01   -0.61853E-01   -0.85001E-01   -0.59545E-01   -0.40783E-01    0.35907E-01    0.33901E-01   -0.54772E-01   -0.48248E-01    0.94285E-01   -0.74724E-02   -0.41539E-01   -0.83259E-01   -0.88414E-01   -0.16084E-01   -0.14764E-01   -0.63580E-02
    0.63185E-06    0.11995E-05    0.80103E-06    0.40610E-04    0.36715E-04    0.47049E-04    0.11096E-03   -0.98339E+00   -0.27475E+00   -0.83087E-01    0.25241E-01    0.76875E-01    0.50232E-01    0.76378E-02   -0.60535E-02    0.75525E-02    0.97731E-06   -0.25931E-04    0.33431E-02   -0.11825E-01    0.70832E-02    0.25261E-02    0.39165E-02   -0.22653E-02   -0.12569E-03    0.37887E-02   -0.36576E-03   -0.41215E-03    0.59672E-03   -0.19611E-02   -0.12307E-01   -0.23031E-02   -0.10363E-02   -0.22987E-02   -0.12726E-02   -0.52382E-02   -0.58719E-03   -0.49877E-02   -0.32757E-02    0.18450E-03
   -0.35273E-05   -0.90348E-05   -0.14390E-05   -0.21573E-03    0.44751E-04   -0.26665E-03   -0.64302E-03    0.70880E-01   -0.19473E+00   -0.93712E+00    0.18873E+00    0.38251E+00    0.26942E+00   -0.60535E-02    0.44952E-01   -0.12432E-01   -0.31837E-05    0.90432E-04    0.71079E-03   -0.24012E-01   -0.13398E-01   -0.18733E-02   -0.11825E-02    0.13729E-02   -0.53052E-02   -0.21605E-01   -0.68968E-02    0.75914E-02    0.29660E-03    0.84137E-02    0.28944E-01    0.10070E-02    0.97353E-02    0.50233E-03    0.22987E-02    0.29197E-02   -0.38127E-02    0.66266E-02   -0.23465E-02   -0.17172E-02
   -0.17095E-05    0.46744E-05    0.12086E-07   -0.61002E-04   -0.15435E-03   -0.35039E-04   -0.87636E-04    0.16305E+01   -0.24056E+00   -0.11099E+01    0.25491E+00    0.55427E+00   -0.14794E+00    0.75525E-02   -0.12432E-01    0.22397E-01    0.23763E-05   -0.21683E-04   -0.32588E-02   -0.78440E-03    0.14912E-02   -0.63345E-02    0.44000E-03   -0.14573E-02   -0.15260E-02    0.92084E-03    0.62248E-02   -0.50733E-02    0.68985E-02   -0.13583E-01   -0.18536E-01   -0.21678E-01   -0.31145E-03   -0.14378E-01   -0.66125E-02   -0.11792E-01   -0.40339E-02   -0.17106E-02    0.35100E-02    0.11941E-01
   -0.20909E-08    0.17437E-07    0.47751E-09   -0.91025E-07   -0.64410E-06   -0.59888E-07   -0.63711E-07    0.10413E-02    0.97818E-04    0.18204E-04   -0.79226E-04    0.16618E-04    0.10331E-04    0.97731E-06   -0.31837E-05    0.23763E-05    0.15873E-06    0.61630E-08   -0.33212E-05   -0.14558E-04   -0.14679E-04   -0.12456E-04    0.75216E-05    0.84772E-05   -0.39847E-05    0.20158E-05    0.71958E-05    0.81014E-05    0.95891E-05    0.61523E-05   -0.29613E-05    0.19580E-05    0.74507E-07   -0.92442E-05   -0.89124E-05   -0.33749E-05    0.65019E-05    0.84066E-05    0.33437E-05    0.91074E-05
   -0.14420E-07    0.10588E-06   -0.72523E-08   -0.50803E-06   -0.74849E-06   -0.35942E-06   -0.60823E-06   -0.51891E-03    0.36099E-02   -0.39543E-02   -0.12245E-02    0.16833E-02   -0.50896E-04   -0.25931E-04    0.90432E-04   -0.21683E-04    0.61630E-08    0.16897E-05   -0.89525E-05   -0.42581E-04    0.88216E-04    0.51943E-04   -0.48633E-05    0.11180E-05   -0.17705E-04    0.20752E-03    0.17458E-04    0.27746E-04    0.75502E-05    0.44672E-04   -0.20541E-03    0.17717E-04   -0.51794E-04    0.35041E-04   -0.29354E-04    0.16758E-04    0.30837E-04    0.57961E-05   -0.66276E-04    0.34483E-04
    0.46632E-05   -0.67404E-05    0.25244E-05    0.28704E-03    0.42514E-03    0.11958E-03    0.60951E-03   -0.56191E+00    0.11347E+01    0.38609E+00   -0.11631E-01   -0.24197E+00   -0.17060E-01    0.33431E-02    0.71079E-03   -0.32588E-02   -0.33212E-05   -0.89525E-05    0.81487E-01    0.22158E-01    0.12766E-01    0.78903E-02    0.91639E-02    0.44593E-02   -0.28285E-02   -0.28217E-02    0.26246E-02    0.10613E-01    0.12283E-03   -0.32975E-02    0.45284E-02    0.44916E-02    0.78357E-02   -0.65830E-02   -0.79081E-03   -0.27848E-02    0.10003E-01    0.65692E-02   -0.26692E-02    0.57484E-03
   -0.82721E-04    0.73984E-04   -0.88585E-04   -0.23253E-02   -0.49672E-02   -0.33288E-02   -0.60744E-02   -0.18612E+02   -0.12595E+02   -0.10701E+02   -0.74884E+00   -0.10328E+01   -0.10930E+00   -0.11825E-01   -0.24012E-01   -0.78440E-03   -0.14558E-04   -0.42581E-04    0.22158E-01    0.80596E+01   -0.15262E-01    0.10010E-01   -0.43774E-01   -0.16224E-01   -0.40886E-01    0.49339E-01   -0.41018E-01   -0.49950E-01    0.65390E-02   -0.57931E-02    0.18690E-01   -0.40035E-01   -0.34754E-01    0.49961E-01   -0.96387E-02    0.67835E-01   -0.35212E-01   -0.47067E-01   -0.96173E-02   -0.46819E-01
   -0.20701E-04    0.19753E-03   -0.17487E-04   -0.63038E-03   -0.44086E-02   -0.31865E-03   -0.17291E-03    0.10026E+02    0.15203E+01    0.16026E+01   -0.98028E+00   -0.60920E+00    0.21054E+00    0.70832E-02   -0.13398E-01    0.14912E-02   -0.14679E-04    0.88216E-04    0.12766E-01   -0.15262E-01    0.68245E+00   -0.13962E+00   -0.57069E-02    0.14128E-01   -0.72516E-02    0.15937E+00   -0.69825E-01   -0.31523E-01    0.49250E-02   -0.74025E-01    0.35284E-01    0.52630E-01   -0.58748E-02   -0.58300E-01   -0.14206E+00    0.14685E+00    0.35868E-01   -0.17069E-01    0.32848E-01    0.99572E-01
   -0.18874E-05    0.16276E-04   -0.20064E-05    0.24627E-03    0.70465E-03   -0.10378E-03    0.63203E-03   -0.79821E+01    0.72782E+00    0.69791E+00   -0.42013E+00   -0.33571E+00    0.47267E-01    0.25261E-02   -0.18733E-02   -0.63345E-02   -0.12456E-04    0.51943E-04    0.78903E-02    0.10010E-01   -0.13962E+00    0.90463E+00   -0.63751E-02   -0.18174E-01    0.19184E-01   -0.15514E+00    0.19418E+00    0.45659E-01   -0.29059E-02    0.17092E-01   -0.12042E+00    0.23146E-01   -0.12924E-01    0.19140E-01    0.16422E+00   -0.22983E+00    0.48521E-01    0.91630E-01    0.31197E-01   -0.21074E+00
   -0.66633E-06   -0.81699E-04    0.26967E-04    0.30050E-03   -0.23158E-03    0.17398E-03    0.41306E-03    0.23976E+00   -0.78920E-01   -0.17175E+00    0.95016E-01    0.13145E+00    0.20643E-01    0.39165E-02   -0.11825E-02    0.44000E-03    0.75216E-05   -0.48633E-05    0.91639E-02   -0.43774E-01   -0.57069E-02   -0.63751E-02    0.10118E+01    0.47384E-02    0.12637E-01   -0.48588E-01   -0.18027E-01    0.18517E+00   -0.26009E-01    0.85364E-01    0.28328E-01    0.60245E-01   -0.29265E-01   -0.41469E-01    0.11693E+00   -0.40054E-01    0.52423E-01    0.19153E-01   -0.17856E+00    0.74299E-01
   -0.10615E-04    0.14215E-03   -0.15462E-04   -0.37048E-04   -0.36634E-02   -0.27741E-03    0.33282E-03    0.99164E+00    0.38666E+00   -0.72029E-01   -0.59035E-01    0.22938E-01   -0.58418E-01   -0.22653E-02    0.13729E-02   -0.14573E-02    0.84772E-05    0.11180E-05    0.44593E-02   -0.16224E-01    0.14128E-01   -0.18174E-01    0.47384E-02    0.10407E+01    0.52089E-01    0.54858E-01   -0.86807E-01    0.41536E-01   -0.71094E-01    0.27027E-01    0.84213E-01    0.75716E-01    0.55985E-01    0.13920E+00   -0.11866E+00    0.99529E-01    0.27452E-01   -0.10182E-01   -0.83934E-01    0.55026E-01
   -0.58667E-06    0.39432E-04    0.15509E-04   -0.11481E-04    0.42797E-03   -0.31346E-04    0.19032E-03   -0.48076E+00    0.10565E-01    0.45295E+00    0.48449E-01   -0.14613E+00   -0.61853E-01   -0.12569E-03   -0.53052E-02   -0.15260E-02   -0.39847E-05   -0.17705E-04   -0.28285E-02   -0.40886E-01   -0.72516E-02    0.19184E-01    0.12637E-01    0.52089E-01    0.99775E+00    0.39780E-01    0.43638E-01   -0.28381E-01    0.84124E-01    0.75843E-01    0.68025E-01   -0.50559E-01   -0.72119E-01    0.65721E-01    0.61970E-01    0.90565E-01   -0.50852E-01    0.81748E-01   -0.40151E-02    0.37004E-01
    0.16946E-05   -0.94931E-05    0.17521E-04    0.11033E-03   -0.54414E-04    0.14931E-03    0.57006E-03   -0.49046E+00   -0.17830E+01    0.11170E+01    0.81549E+00   -0.42853E+00   -0.85001E-01    0.37887E-02   -0.21605E-01    0.92084E-03    0.20158E-05    0.20752E-03   -0.28217E-02    0.49339E-01    0.15937E+00   -0.15514E+00   -0.48588E-01    0.54858E-01    0.39780E-01    0.84834E+00    0.64443E-02    0.95963E-02   -0.44944E-02   -0.66461E-02    0.42044E-01    0.13832E+00   -0.92675E-01    0.44238E-01   -0.74811E-01    0.64781E+00    0.25991E+00   -0.27414E-01   -0.45905E-01    0.92827E-01
   -0.71315E-07   -0.26703E-04   -0.38150E-05    0.10130E-03    0.10171E-02    0.12442E-03    0.25710E-03   -0.52218E+01   -0.35902E+00    0.20899E+00    0.25740E+00   -0.85510E-01   -0.59545E-01   -0.36576E-03   -0.68968E-02    0.62248E-02    0.71958E-05    0.17458E-04    0.26246E-02   -0.41018E-01   -0.69825E-01    0.19418E+00   -0.18027E-01   -0.86807E-01    0.43638E-01    0.64443E-02    0.10080E+01    0.19961E-01    0.69983E-02   -0.97827E-02    0.39479E-01   -0.13600E-01   -0.75048E-01    0.20674E-01    0.16550E+00   -0.82241E-01    0.28468E+00    0.77769E+00    0.30063E+00   -0.17460E+00
    0.56598E-05   -0.68398E-04    0.47600E-05    0.29545E-03    0.11609E-02    0.18396E-03    0.38460E-03    0.10035E+00    0.27180E-01   -0.35843E+00    0.43047E-01    0.10942E+00   -0.40783E-01   -0.41215E-03    0.75914E-02   -0.50733E-02    0.81014E-05    0.27746E-04    0.10613E-01   -0.49950E-01   -0.31523E-01    0.45659E-01    0.18517E+00    0.41536E-01   -0.28381E-01    0.95963E-02    0.19961E-01    0.10065E+01   -0.25658E-01    0.11093E-01    0.10139E+00   -0.49842E-01    0.14038E+00    0.16537E+00   -0.14474E+00   -0.17160E+00    0.63871E+00    0.16661E+00   -0.63593E+00    0.16545E+00
   -0.39166E-06    0.18494E-05    0.35910E-05   -0.39642E-03   -0.93871E-03   -0.36390E-04   -0.78985E-03   -0.40796E+00   -0.18195E+00    0.19209E+00    0.90515E-01    0.11117E+00    0.35907E-01    0.59672E-03    0.29660E-03    0.68985E-02    0.95891E-05    0.75502E-05    0.12283E-03    0.65390E-02    0.49250E-02   -0.29059E-02   -0.26009E-01   -0.71094E-01    0.84124E-01   -0.44944E-02    0.69983E-02   -0.25658E-01    0.96629E+00    0.73036E-02    0.46992E-02   -0.75838E-01   -0.13624E+00   -0.22364E-01   -0.89228E-01   -0.45317E-01    0.64026E-01   -0.36982E-01    0.31297E+00    0.65257E+00
   -0.18438E-05    0.76177E-04   -0.14673E-04   -0.60289E-04   -0.11214E-02   -0.28423E-03    0.67000E-04   -0.28348E+01   -0.20023E+00    0.42612E+00    0.21083E-02   -0.21440E+00    0.33901E-01   -0.19611E-02    0.84137E-02   -0.13583E-01    0.61523E-05    0.44672E-04   -0.32975E-02   -0.57931E-02   -0.74025E-01    0.17092E-01    0.85364E-01    0.27027E-01    0.75843E-01   -0.66461E-02   -0.97827E-02    0.11093E-01    0.73036E-02    0.10159E+01   -0.20113E-01    0.94044E-01    0.24582E-01    0.17436E+00    0.18850E-01    0.15002E+00   -0.56562E+00    0.39851E+00   -0.36364E+00    0.24663E+00
   -0.64670E-05    0.96117E-05    0.22784E-05    0.31318E-03   -0.84468E-03    0.75918E-05    0.65062E-03    0.21812E+00    0.10577E+01   -0.97967E+00   -0.35929E+00    0.27409E+00   -0.54772E-01   -0.12307E-01    0.28944E-01   -0.18536E-01   -0.29613E-05   -0.20541E-03    0.45284E-02    0.18690E-01    0.35284E-01   -0.12042E+00    0.28328E-01    0.84213E-01    0.68025E-01    0.42044E-01    0.39479E-01    0.10139E+00    0.46992E-02   -0.20113E-01    0.92557E+00    0.10308E-01   -0.12466E-01    0.28894E-02   -0.21766E-01    0.61827E+00    0.16940E+00    0.13801E+00    0.31466E-01   -0.47206E-01
   -0.29488E-05    0.33255E-04   -0.22196E-06    0.36730E-03   -0.25671E-04   -0.36921E-04    0.94466E-03   -0.79621E-01    0.49607E+00    0.11354E+01   -0.20225E+00   -0.59015E+00   -0.48248E-01   -0.23031E-02    0.10070E-02   -0.21678E-01    0.19580E-05    0.17717E-04    0.44916E-02   -0.40035E-01    0.52630E-01    0.23146E-01    0.60245E-01    0.75716E-01   -0.50559E-01    0.13832E+00   -0.13600E-01   -0.49842E-01   -0.75838E-01    0.94044E-01    0.10308E-01    0.99632E+00   -0.98803E-02    0.15002E-01   -0.75320E-02    0.11965E+00    0.15183E+00   -0.23352E-02    0.13996E+00    0.16871E+00
   -0.41996E-06    0.11969E-03    0.35980E-06   -0.14409E-03   -0.16975E-02   -0.35247E-03   -0.39696E-04    0.40610E+00    0.54843E+00   -0.31681E+00   -0.14408E+00    0.97521E-01    0.94285E-01   -0.10363E-02    0.97353E-02   -0.31145E-03    0.74507E-07   -0.51794E-04    0.78357E-02   -0.34754E-01   -0.58748E-02   -0.12924E-01   -0.29265E-01    0.55985E-01   -0.72119E-01   -0.92675E-01   -0.75048E-01    0.14038E+00   -0.13624E+00    0.24582E-01   -0.12466E-01   -0.98803E-02    0.97758E+00    0.39727E-02   -0.18784E-01   -0.11212E+00    0.39899E-01    0.14498E+00    0.56369E-02   -0.36852E-01
   -0.62927E-06   -0.22007E-05    0.74531E-05    0.24246E-03    0.82094E-03   -0.10112E-03    0.52036E-03   -0.13740E+01   -0.19991E+00    0.47886E+00   -0.39096E-01   -0.33496E+00   -0.74724E-02   -0.22987E-02    0.50233E-03   -0.14378E-01   -0.92442E-05    0.35041E-04   -0.65830E-02    0.49961E-01   -0.58300E-01    0.19140E-01   -0.41469E-01    0.13920E+00    0.65721E-01    0.44238E-01    0.20674E-01    0.16537E+00   -0.22364E-01    0.17436E+00    0.28894E-02    0.15002E-01    0.39727E-02    0.99960E+00    0.89208E-02    0.12840E-01    0.50724E-01    0.16378E+00   -0.26156E+00    0.12946E+00
    0.37335E-05   -0.71503E-04    0.21297E-04    0.40459E-03    0.21494E-02   -0.28070E-04    0.49686E-03   -0.19984E+01   -0.94470E-02    0.13314E+00    0.21696E+00   -0.23542E-01   -0.41539E-01   -0.12726E-02    0.22987E-02   -0.66125E-02   -0.89124E-05   -0.29354E-04   -0.79081E-03   -0.96387E-02   -0.14206E+00    0.16422E+00    0.11693E+00   -0.11866E+00    0.61970E-01   -0.74811E-01    0.16550E+00   -0.14474E+00   -0.89228E-01    0.18850E-01   -0.21766E-01   -0.75320E-02   -0.18784E-01    0.89208E-02    0.10221E+01   -0.61413E-01   -0.54857E-01    0.35418E-01    0.18835E+00   -0.97695E-01
   -0.50329E-05    0.34111E-04    0.10076E-04    0.18694E-03   -0.12815E-02    0.12468E-04    0.72752E-03   -0.10994E+00   -0.62346E+00    0.17075E+00    0.32772E+00   -0.13774E+00   -0.83259E-01   -0.52382E-02    0.29197E-02   -0.11792E-01   -0.33749E-05    0.16758E-04   -0.27848E-02    0.67835E-01    0.14685E+00   -0.22983E+00   -0.40054E-01    0.99529E-01    0.90565E-01    0.64781E+00   -0.82241E-01   -0.17160E+00   -0.45317E-01    0.15002E+00    0.61827E+00    0.11965E+00   -0.11212E+00    0.12840E-01   -0.61413E-01    0.97981E+00   -0.12447E-01    0.30986E-01   -0.66164E-02    0.26919E-01
    0.54903E-05   -0.10755E-03    0.17078E-04    0.44442E-03    0.19815E-02    0.37876E-03    0.74903E-03   -0.33612E+00   -0.23570E+00    0.40231E+00    0.21822E+00   -0.18237E+00   -0.88414E-01   -0.58719E-03   -0.38127E-02   -0.40339E-02    0.65019E-05    0.30837E-04    0.10003E-01   -0.35212E-01    0.35868E-01    0.48521E-01    0.52423E-01    0.27452E-01   -0.50852E-01    0.25991E+00    0.28468E+00    0.63871E+00    0.64026E-01   -0.56562E+00    0.16940E+00    0.15183E+00    0.39899E-01    0.50724E-01   -0.54857E-01   -0.12447E-01    0.10142E+01    0.21039E-01    0.13072E-01   -0.26445E-01
   -0.54684E-05    0.75168E-04   -0.12244E-04   -0.10943E-03   -0.84198E-03   -0.15688E-03    0.70519E-04   -0.33242E+01    0.94621E-01    0.12765E+00    0.19897E-01   -0.97219E-01   -0.16084E-01   -0.49877E-02    0.66266E-02   -0.17106E-02    0.84066E-05    0.57961E-05    0.65692E-02   -0.47067E-01   -0.17069E-01    0.91630E-01    0.19153E-01   -0.10182E-01    0.81748E-01   -0.27414E-01    0.77769E+00    0.16661E+00   -0.36982E-01    0.39851E+00    0.13801E+00   -0.23352E-02    0.14498E+00    0.16378E+00    0.35418E-01    0.30986E-01    0.21039E-01    0.10100E+01   -0.30370E-01    0.41371E-01
   -0.82345E-06    0.22079E-04    0.14887E-05   -0.22973E-03   -0.67801E-03   -0.31640E-04   -0.33519E-03   -0.12262E+00    0.36361E+00    0.49493E+00   -0.83649E-01   -0.14395E+00   -0.14764E-01   -0.32757E-02   -0.23465E-02    0.35100E-02    0.33437E-05   -0.66276E-04   -0.26692E-02   -0.96173E-02    0.32848E-01    0.31197E-01   -0.17856E+00   -0.83934E-01   -0.40151E-02   -0.45905E-01    0.30063E+00   -0.63593E+00    0.31297E+00   -0.36364E+00    0.31466E-01    0.13996E+00    0.56369E-02   -0.26156E+00    0.18835E+00   -0.66164E-02    0.13072E-01   -0.30370E-01    0.10096E+01   -0.15665E-01
    0.32972E-06    0.19076E-04    0.95775E-05   -0.37073E-03   -0.43493E-03   -0.76460E-04   -0.62458E-03    0.30948E+01   -0.19957E-01   -0.80826E-01    0.12842E+00    0.24599E+00   -0.63580E-02    0.18450E-03   -0.17172E-02    0.11941E-01    0.91074E-05    0.34483E-04    0.57484E-03   -0.46819E-01    0.99572E-01   -0.21074E+00    0.74299E-01    0.55026E-01    0.37004E-01    0.92827E-01   -0.17460E+00    0.16545E+00    0.65257E+00    0.24663E+00   -0.47206E-01    0.16871E+00   -0.36852E-01    0.12946E+00   -0.97695E-01    0.26919E-01   -0.26445E-01    0.41371E-01   -0.15665E-01    0.97358E+00
