# omegabh2 omegach2 theta tau meffsterile nnu logA ns calPlanck acib217 xi asz143 aps100 aps143 aps143217 aps217 aksz kgal100 kgal143 kgal143217 kgal217 cal0 cal2
    0.8942233E-07    0.2416015E-06    0.1216943E-07    0.3844671E-05   -0.5980758E-05    0.3989711E-04    0.8185223E-05    0.2679369E-05    0.3044287E-07   -0.5919891E-04    0.3047704E-06    0.2666840E-04   -0.2811799E-03   -0.2725102E-03   -0.1201539E-03   -0.4792490E-04   -0.2434010E-04    0.5197824E-05    0.5222115E-05   -0.1386990E-04   -0.5481343E-05    0.4713666E-08   -0.7484484E-08
    0.2416015E-06    0.1543370E-04   -0.1165499E-05    0.6370526E-05   -0.1568756E-03    0.6816188E-03    0.4042655E-04    0.2020858E-04   -0.1550840E-07    0.4627764E-02   -0.7156297E-04   -0.1068567E-02    0.1816224E-01    0.8537291E-02    0.1419545E-02   -0.2167248E-02    0.1880823E-02    0.2873961E-03    0.1355206E-03    0.2739963E-03   -0.9872947E-03   -0.6175875E-07    0.4286848E-06
    0.1216943E-07   -0.1165499E-05    0.2796916E-06    0.1137139E-05   -0.7316412E-05   -0.5440054E-04    0.1142359E-06   -0.9507435E-06    0.1525028E-07   -0.4553890E-03    0.6318200E-05    0.1033471E-03   -0.1828605E-02   -0.9399771E-03   -0.2321847E-03    0.1503837E-03   -0.1625050E-03   -0.3052146E-04   -0.9869420E-05   -0.4114225E-04    0.8551780E-04    0.4978459E-08   -0.4236668E-07
    0.3844671E-05    0.6370526E-05    0.1137139E-05    0.4093883E-03   -0.2863291E-03    0.2336667E-02    0.8060296E-03    0.1815313E-03   -0.2265891E-05    0.1307263E-02   -0.5633935E-04    0.6038952E-03   -0.4917870E-02   -0.6765649E-02   -0.5296073E-02   -0.5645148E-02    0.1532496E-04    0.2783358E-03    0.3641716E-03   -0.7505637E-03   -0.3260880E-02   -0.1593564E-07   -0.2878742E-06
   -0.5980758E-05   -0.1568756E-03   -0.7316412E-05   -0.2863291E-03    0.3678262E-01   -0.1856247E-02   -0.5278479E-03   -0.6775420E-03   -0.5012941E-05    0.7368252E-02    0.1974565E-03   -0.3509616E-02    0.9176560E-01    0.1287520E+00    0.9329958E-01    0.7711744E-01   -0.2077553E-02    0.8817448E-03    0.1353844E-02    0.1587753E-01    0.2236342E-01   -0.1475304E-05    0.3565115E-05
    0.3989711E-04    0.6816188E-03   -0.5440054E-04    0.2336667E-02   -0.1856247E-02    0.5072919E-01    0.5976896E-02    0.2250833E-02    0.1419048E-04    0.2397843E+00   -0.4033133E-02   -0.5342019E-01    0.9559583E+00    0.4215061E+00    0.5536439E-01   -0.1147848E+00    0.9668394E-01    0.1604398E-01    0.4810881E-02    0.1049805E-01   -0.5634708E-01   -0.5326692E-06    0.2165271E-04
    0.8185223E-05    0.4042655E-04    0.1142359E-06    0.8060296E-03   -0.5278479E-03    0.5976896E-02    0.1670476E-02    0.3929407E-03    0.7313459E-05    0.1141657E-01   -0.2088214E-03   -0.8600407E-03    0.3195924E-01    0.6332987E-02   -0.3823769E-02   -0.8600122E-02    0.2808235E-02    0.8684934E-03    0.4336976E-03   -0.1162136E-02   -0.6491274E-02    0.1119185E-06    0.2161511E-06
    0.2679369E-05    0.2020858E-04   -0.9507435E-06    0.1815313E-03   -0.6775420E-03    0.2250833E-02    0.3929407E-03    0.1491893E-03    0.1360991E-05    0.2206633E-02   -0.4850424E-04   -0.1324900E-03    0.2190801E-02    0.3080585E-02    0.2113715E-02    0.1341063E-02    0.1515623E-03    0.8262406E-03    0.1643744E-04   -0.3977876E-03   -0.1508126E-02   -0.8666272E-07    0.9684929E-07
    0.3044287E-07   -0.1550840E-07    0.1525028E-07   -0.2265891E-05   -0.5012941E-05    0.1419048E-04    0.7313459E-05    0.1360991E-05    0.6015124E-05    0.8002013E-03    0.1281251E-05   -0.9819713E-05    0.3690960E-02    0.5808410E-03    0.3649493E-03    0.1135890E-02    0.2486755E-04    0.1503371E-04   -0.2408780E-04   -0.1406642E-04    0.6506039E-03    0.1295630E-07   -0.5375607E-08
   -0.5919891E-04    0.4627764E-02   -0.4553890E-03    0.1307263E-02    0.7368252E-02    0.2397843E+00    0.1141657E-01    0.2206633E-02    0.8002013E-03    0.5012952E+02   -0.4469257E+00   -0.1915542E+01    0.4813540E+02    0.3737161E+01   -0.1969238E+02   -0.6651368E+02    0.8921354E+00   -0.1337716E+00    0.3762032E+00   -0.3148723E+01   -0.2580241E+02   -0.1727560E-03    0.4512993E-02
    0.3047704E-06   -0.7156297E-04    0.6318200E-05   -0.5633935E-04    0.1974565E-03   -0.4033133E-02   -0.2088214E-03   -0.4850424E-04    0.1281251E-05   -0.4469257E+00    0.8089950E-01   -0.8503506E-01   -0.3333907E+00    0.8452147E+00    0.1551316E+01    0.6164769E+00    0.8399933E-01   -0.7596655E-02    0.5547462E-02    0.7070895E-01    0.8762829E-01    0.4109775E-05   -0.1500938E-04
    0.2666840E-04   -0.1068567E-02    0.1033471E-03    0.6038952E-03   -0.3509616E-02   -0.5342019E-01   -0.8600407E-03   -0.1324900E-03   -0.9819713E-05   -0.1915542E+01   -0.8503506E-01    0.4005720E+01   -0.3125083E+02   -0.4313831E+01    0.7994893E+01    0.7388671E+01   -0.3274420E+01   -0.2139803E+00    0.1008300E+00    0.2560817E+01    0.2250794E+01    0.1963575E-03   -0.4128939E-03
   -0.2811799E-03    0.1816224E-01   -0.1828605E-02   -0.4917870E-02    0.9176560E-01    0.9559583E+00    0.3195924E-01    0.2190801E-02    0.3690960E-02    0.4813540E+02   -0.3333907E+00   -0.3125083E+02    0.7479546E+03    0.8075096E+02   -0.5496674E+02   -0.7457693E+02    0.1778742E+02   -0.4469502E+00   -0.3255701E+00   -0.1326827E+02   -0.2085825E+02    0.4719344E-02    0.5091034E-02
   -0.2725102E-03    0.8537291E-02   -0.9399771E-03   -0.6765649E-02    0.1287520E+00    0.4215061E+00    0.6332987E-02    0.3080585E-02    0.5808410E-03    0.3737161E+01    0.8452147E+00   -0.4313831E+01    0.8075096E+02    0.6398872E+02    0.4166550E+02    0.1725307E+02   -0.3908923E+01   -0.3321997E+00   -0.9663261E+00    0.3935463E+01    0.3473868E+01    0.1375630E-03    0.4649735E-03
   -0.1201539E-03    0.1419545E-02   -0.2321847E-03   -0.5296073E-02    0.9329958E-01    0.5536439E-01   -0.3823769E-02    0.2113715E-02    0.3649493E-03   -0.1969238E+02    0.1551316E+01    0.7994893E+01   -0.5496674E+02    0.4166550E+02    0.8987526E+02    0.6698855E+02   -0.1336764E+02   -0.7780113E+00   -0.3196396E+00    0.4795444E+01    0.6385316E+01    0.6991509E-03   -0.2511560E-02
   -0.4792490E-04   -0.2167248E-02    0.1503837E-03   -0.5645148E-02    0.7711744E-01   -0.1147848E+00   -0.8600122E-02    0.1341063E-02    0.1135890E-02   -0.6651368E+02    0.6164769E+00    0.7388671E+01   -0.7457693E+02    0.1725307E+02    0.6698855E+02    0.1286591E+03   -0.1209557E+02   -0.3060684E+00   -0.6445424E+00    0.1360425E+01    0.2323406E+02    0.6053256E-03   -0.7735568E-02
   -0.2434010E-04    0.1880823E-02   -0.1625050E-03    0.1532496E-04   -0.2077553E-02    0.9668394E-01    0.2808235E-02    0.1515623E-03    0.2486755E-04    0.8921354E+00    0.8399933E-01   -0.3274420E+01    0.1778742E+02   -0.3908923E+01   -0.1336764E+02   -0.1209557E+02    0.7293674E+01    0.1839449E+00   -0.1467790E+00   -0.2330748E+01   -0.1896421E+01   -0.1364404E-03    0.2649753E-03
    0.5197824E-05    0.2873961E-03   -0.3052146E-04    0.2783358E-03    0.8817448E-03    0.1604398E-01    0.8684934E-03    0.8262406E-03    0.1503371E-04   -0.1337716E+00   -0.7596655E-02   -0.2139803E+00   -0.4469502E+00   -0.3321997E+00   -0.7780113E+00   -0.3060684E+00    0.1839449E+00    0.3175554E+01    0.7141431E+00    0.2534692E+00    0.4911815E+00    0.4019193E-03   -0.7052804E-05
    0.5222115E-05    0.1355206E-03   -0.9869420E-05    0.3641716E-03    0.1353844E-02    0.4810881E-02    0.4336976E-03    0.1643744E-04   -0.2408780E-04    0.3762032E+00    0.5547462E-02    0.1008300E+00   -0.3255701E+00   -0.9663261E+00   -0.3196396E+00   -0.6445424E+00   -0.1467790E+00    0.7141431E+00    0.3102978E+01    0.2453216E+01    0.1382189E+01   -0.4104942E-03   -0.1918425E-03
   -0.1386990E-04    0.2739963E-03   -0.4114225E-04   -0.7505637E-03    0.1587753E-01    0.1049805E-01   -0.1162136E-02   -0.3977876E-03   -0.1406642E-04   -0.3148723E+01    0.7070895E-01    0.2560817E+01   -0.1326827E+02    0.3935463E+01    0.4795444E+01    0.1360425E+01   -0.2330748E+01    0.2534692E+00    0.2453216E+01    0.1815238E+02    0.2766159E+02   -0.7620568E-04    0.2476282E-02
   -0.5481343E-05   -0.9872947E-03    0.8551780E-04   -0.3260880E-02    0.2236342E-01   -0.5634708E-01   -0.6491274E-02   -0.1508126E-02    0.6506039E-03   -0.2580241E+02    0.8762829E-01    0.2250794E+01   -0.2085825E+02    0.3473868E+01    0.6385316E+01    0.2323406E+02   -0.1896421E+01    0.4911815E+00    0.1382189E+01    0.2766159E+02    0.6270055E+02   -0.1386741E-04    0.4356100E-02
    0.4713666E-08   -0.6175875E-07    0.4978459E-08   -0.1593564E-07   -0.1475304E-05   -0.5326692E-06    0.1119185E-06   -0.8666272E-07    0.1295630E-07   -0.1727560E-03    0.4109775E-05    0.1963575E-03    0.4719344E-02    0.1375630E-03    0.6991509E-03    0.6053256E-03   -0.1364404E-03    0.4019193E-03   -0.4104942E-03   -0.7620568E-04   -0.1386741E-04    0.5442859E-06    0.7360815E-08
   -0.7484484E-08    0.4286848E-06   -0.4236668E-07   -0.2878742E-06    0.3565115E-05    0.2165271E-04    0.2161511E-06    0.9684929E-07   -0.5375607E-08    0.4512993E-02   -0.1500938E-04   -0.4128939E-03    0.5091034E-02    0.4649735E-03   -0.2511560E-02   -0.7735568E-02    0.2649753E-03   -0.7052804E-05   -0.1918425E-03    0.2476282E-02    0.4356100E-02    0.7360815E-08    0.2085503E-05
