# omegabh2 omegach2 theta tau logA ns acib217 acibsz143 asz143 aps100 aps143 aps143217 aps217 aksz kgal100 t1gal143 t1gal143217 t1gal217 calib_100T calib_217T
    0.4402117E-07   -0.7503803E-07    0.2871463E-07    0.6254755E-06    0.1142463E-05    0.3414153E-06   -0.2759364E-03   -0.1393394E-03    0.1024749E-04   -0.8183014E-03   -0.3093685E-03    0.3541247E-04    0.4834936E-04   -0.6336130E-04    0.7607273E-03    0.3799166E-03    0.3590760E-03    0.3360801E-03   -0.4929565E-07    0.1246053E-07
   -0.7503803E-07    0.1796721E-05   -0.8311656E-07   -0.3217629E-05   -0.2326296E-05   -0.3860490E-05   -0.3979153E-06   -0.5936916E-04   -0.9544541E-04    0.4663965E-03    0.6544306E-03    0.3705611E-03    0.2439200E-03    0.4854852E-06    0.1307200E-02    0.1139351E-02    0.1148242E-02    0.1120591E-02   -0.4692785E-07    0.3064261E-08
    0.2871463E-07   -0.8311656E-07    0.1972313E-06    0.6386941E-06    0.1274747E-05    0.4493195E-06   -0.1488952E-04   -0.5534783E-04    0.5461775E-05   -0.2673266E-03   -0.4439772E-04    0.1755639E-04   -0.9296508E-04   -0.4082815E-04    0.4535973E-03    0.2860484E-03    0.3736860E-03    0.4149689E-03   -0.2705705E-07   -0.1799534E-07
    0.6254755E-06   -0.3217629E-05    0.6386941E-06    0.1699769E-03    0.3354394E-03    0.1995442E-04   -0.1239525E-01   -0.6682194E-02   -0.1304242E-02   -0.7363200E-02    0.6183585E-02    0.1646927E-01    0.1446380E-01   -0.3150573E-02   -0.6636023E-02   -0.1540402E-01   -0.1587030E-01   -0.1588538E-01   -0.3934679E-06    0.4518464E-06
    0.1142463E-05   -0.2326296E-05    0.1274747E-05    0.3354394E-03    0.6861241E-03    0.2999788E-04   -0.2390816E-01   -0.1387926E-01   -0.4032240E-02    0.9983105E-02    0.2931930E-01    0.4684847E-01    0.4054368E-01   -0.7357683E-02   -0.3277544E-01   -0.7816145E-01   -0.7922807E-01   -0.7905984E-01   -0.3594979E-05    0.6440111E-06
    0.3414153E-06   -0.3860490E-05    0.4493195E-06    0.1995442E-04    0.2999788E-04    0.2244247E-04   -0.1044902E-01   -0.4679426E-02   -0.1208368E-02   -0.1278503E-01    0.3951058E-02    0.1201609E-01    0.1327645E-01   -0.2551091E-02   -0.3133103E-02   -0.4961898E-02   -0.7072625E-02   -0.7434534E-02    0.4069847E-06    0.6061362E-06
   -0.2759364E-03   -0.3979153E-06   -0.1488952E-04   -0.1239525E-01   -0.2390816E-01   -0.1044902E-01    0.6812603E+02    0.2454304E+02    0.1071651E+01    0.2232867E+02   -0.1733878E+02   -0.6243764E+02   -0.8342271E+02   -0.2732687E+01   -0.1345189E+02   -0.2526960E+02   -0.2804798E+02   -0.3095150E+02   -0.2254204E-03   -0.3739135E-02
   -0.1393394E-03   -0.5936916E-04   -0.5534783E-04   -0.6682194E-02   -0.1387926E-01   -0.4679426E-02    0.2454304E+02    0.1759891E+02    0.2250684E+01   -0.8564238E+01   -0.2087718E+02   -0.4164139E+02   -0.2551699E+02   -0.1320131E+01   -0.7673914E+01   -0.1225713E+02   -0.1833045E+02   -0.1929024E+02   -0.3824148E-04   -0.2471935E-03
    0.1024749E-04   -0.9544541E-04    0.5461775E-05   -0.1304242E-02   -0.4032240E-02   -0.1208368E-02    0.1071651E+01    0.2250684E+01    0.5385697E+01   -0.3686671E+02   -0.1612457E+02   -0.5402334E+01   -0.1434550E+01   -0.7478026E-01   -0.2028008E+01    0.3811613E-01    0.3688688E+01    0.4233755E+01   -0.7490713E-04    0.1044042E-03
   -0.8183014E-03    0.4663965E-03   -0.2673266E-03   -0.7363200E-02    0.9983105E-02   -0.1278503E-01    0.2232867E+02   -0.8564238E+01   -0.3686671E+02    0.7501901E+03    0.1787429E+03    0.6990432E+02    0.1738045E+02   -0.1392956E+02   -0.6435783E+02   -0.5516082E+02   -0.6263527E+02   -0.5984502E+02   -0.4888239E-02   -0.3760832E-02
   -0.3093685E-03    0.6544306E-03   -0.4439772E-04    0.6183585E-02    0.2931930E-01    0.3951058E-02   -0.1733878E+02   -0.2087718E+02   -0.1612457E+02    0.1787429E+03    0.1215012E+03    0.9329468E+02    0.5423975E+02   -0.1094503E+02   -0.1903027E+02   -0.4173339E+02   -0.3692269E+02   -0.3438945E+02   -0.1577341E-02   -0.8904368E-03
    0.3541247E-04    0.3705611E-03    0.1755639E-04    0.1646927E-01    0.4684847E-01    0.1201609E-01   -0.6243764E+02   -0.4164139E+02   -0.5402334E+01    0.6990432E+02    0.9329468E+02    0.1440616E+03    0.1078403E+03   -0.8049778E+01   -0.1078304E+02   -0.2135735E+02   -0.1272651E+02   -0.1334356E+02   -0.1641450E-02    0.1842488E-02
    0.4834936E-04    0.2439200E-03   -0.9296508E-04    0.1446380E-01    0.4054368E-01    0.1327645E-01   -0.8342271E+02   -0.2551699E+02   -0.1434550E+01    0.1738045E+02    0.5423975E+02    0.1078403E+03    0.1497084E+03   -0.7782338E+01   -0.1228653E+02   -0.2012000E+02   -0.2852920E+02   -0.3268889E+02   -0.1480168E-02    0.6489366E-02
   -0.6336130E-04    0.4854852E-06   -0.4082815E-04   -0.3150573E-02   -0.7357683E-02   -0.2551091E-02   -0.2732687E+01   -0.1320131E+01   -0.7478026E-01   -0.1392956E+02   -0.1094503E+02   -0.8049778E+01   -0.7782338E+01    0.7860485E+01   -0.2881499E+01   -0.3662528E+01   -0.4006613E+01   -0.4213378E+01    0.4953119E-04    0.1174392E-03
    0.7607273E-03    0.1307200E-02    0.4535973E-03   -0.6636023E-02   -0.3277544E-01   -0.3133103E-02   -0.1345189E+02   -0.7673914E+01   -0.2028008E+01   -0.6435783E+02   -0.1903027E+02   -0.1078304E+02   -0.1228653E+02   -0.2881499E+01    0.2208232E+03    0.1401890E+03    0.1377699E+03    0.1353957E+03   -0.1318857E-01    0.7328439E-03
    0.3799166E-03    0.1139351E-02    0.2860484E-03   -0.1540402E-01   -0.7816145E-01   -0.4961898E-02   -0.2526960E+02   -0.1225713E+02    0.3811613E-01   -0.5516082E+02   -0.4173339E+02   -0.2135735E+02   -0.2012000E+02   -0.3662528E+01    0.1401890E+03    0.2650879E+03    0.2678411E+03    0.2667244E+03    0.9367816E-02    0.1310364E-02
    0.3590760E-03    0.1148242E-02    0.3736860E-03   -0.1587030E-01   -0.7922807E-01   -0.7072625E-02   -0.2804798E+02   -0.1833045E+02    0.3688688E+01   -0.6263527E+02   -0.3692269E+02   -0.1272651E+02   -0.2852920E+02   -0.4006613E+01    0.1377699E+03    0.2678411E+03    0.3082416E+03    0.3321076E+03    0.9202966E-02   -0.4038081E-02
    0.3360801E-03    0.1120591E-02    0.4149689E-03   -0.1588538E-01   -0.7905984E-01   -0.7434534E-02   -0.3095150E+02   -0.1929024E+02    0.4233755E+01   -0.5984502E+02   -0.3438945E+02   -0.1334356E+02   -0.3268889E+02   -0.4213378E+01    0.1353957E+03    0.2667244E+03    0.3321076E+03    0.3813743E+03    0.9221070E-02   -0.8868398E-02
   -0.4929565E-07   -0.4692785E-07   -0.2705705E-07   -0.3934679E-06   -0.3594979E-05    0.4069847E-06   -0.2254204E-03   -0.3824148E-04   -0.7490713E-04   -0.4888239E-02   -0.1577341E-02   -0.1641450E-02   -0.1480168E-02    0.4953119E-04   -0.1318857E-01    0.9367816E-02    0.9202966E-02    0.9221070E-02    0.3111143E-05    0.3492876E-07
    0.1246053E-07    0.3064261E-08   -0.1799534E-07    0.4518464E-06    0.6440111E-06    0.6061362E-06   -0.3739135E-02   -0.2471935E-03    0.1044042E-03   -0.3760832E-02   -0.8904368E-03    0.1842488E-02    0.6489366E-02    0.1174392E-03    0.7328439E-03    0.1310364E-02   -0.4038081E-02   -0.8868398E-02    0.3492876E-07    0.1457368E-05
