# omegabh2 omegach2 theta tau Alensf logA ns acib217 acibsz143 asz143 aps100 aps143 aps143217 aps217 aksz kgal100 t1gal143 t1gal143217 t1gal217 galfEE100 galfEE100143 galfEE100217 galfEE143 galfEE143217 galfEE217 galfTE100 galfTE100143 galfTE100217 galfTE143 galfTE143217 galfTE217 calib_100T calib_217T
    0.2869071E-07   -0.1511016E-06    0.1857329E-07    0.5163679E-06    0.1971117E-05    0.8726340E-06    0.4515412E-06   -0.2358922E-03   -0.1182805E-03   -0.2551724E-04   -0.1465657E-03    0.6942379E-04    0.2671429E-03    0.2831465E-03   -0.8202015E-04   -0.2103655E-04   -0.3360545E-03   -0.4110512E-03   -0.4580016E-03    0.1453698E-06    0.1614745E-06    0.2307150E-06    0.1799619E-06    0.2510486E-06    0.3055495E-06   -0.1937691E-05   -0.2071412E-05   -0.2713455E-05   -0.4070344E-05   -0.6163402E-05   -0.1079700E-04   -0.2590053E-07    0.1649270E-07
   -0.1511016E-06    0.1922859E-05   -0.1399310E-06   -0.7507182E-05   -0.6789961E-05   -0.1095969E-04   -0.5468597E-05    0.1434132E-02    0.6983031E-03    0.1935464E-03    0.7888885E-03   -0.2276734E-03   -0.1354775E-02   -0.1499359E-02    0.4070296E-03    0.1518884E-02    0.1699635E-02    0.2200866E-02    0.2435160E-02   -0.1632428E-05   -0.1912407E-05   -0.2199750E-05   -0.1814770E-05   -0.2141819E-05   -0.2173134E-05    0.1501663E-04    0.1574279E-04    0.1647056E-04    0.2796599E-04    0.3572023E-04    0.5723716E-04   -0.8939278E-07   -0.9445628E-07
    0.1857329E-07   -0.1399310E-06    0.9339560E-07    0.9469291E-06    0.8126224E-06    0.1685723E-05    0.5057733E-06   -0.1192482E-03   -0.5516036E-04    0.2983063E-05   -0.1022577E-03   -0.5279075E-04    0.1001734E-03    0.1220419E-03   -0.3535219E-04   -0.7504838E-04   -0.1040016E-03   -0.1201911E-03   -0.1316573E-03    0.1547213E-06    0.1773354E-06    0.2319864E-06    0.1175665E-06    0.1431329E-06    0.3233357E-06   -0.2327671E-05   -0.2808093E-05   -0.3193926E-05   -0.3771756E-05   -0.5465780E-05   -0.8600429E-05   -0.2598173E-08    0.8293050E-08
    0.5163679E-06   -0.7507182E-05    0.9469291E-06    0.1139821E-03    0.6223933E-04    0.2091062E-03    0.2433695E-04   -0.4742180E-02   -0.2961057E-02   -0.7042427E-03   -0.8172501E-02   -0.1236132E-02    0.3428029E-02    0.1729456E-02   -0.8609312E-03   -0.4737222E-02   -0.3018134E-02   -0.4637258E-02   -0.5154163E-02    0.6760775E-05    0.7267520E-05    0.7697898E-05    0.7264975E-05    0.8356711E-05    0.8929955E-05   -0.6110033E-04   -0.6467098E-04   -0.5259657E-04   -0.1168269E-03   -0.1317151E-03   -0.1780922E-03    0.7727183E-06    0.2557108E-06
    0.1971117E-05   -0.6789961E-05    0.8126224E-06    0.6223933E-04    0.2372345E-02    0.1445191E-03    0.4111127E-04   -0.4298156E-01   -0.1814020E-01   -0.1167011E-01    0.3169907E-01    0.4581506E-01    0.6262665E-01    0.7428769E-01   -0.1486376E-01   -0.1128581E+00   -0.1096062E+00   -0.1395606E+00   -0.1554303E+00   -0.6303454E-05    0.2781320E-05   -0.2937865E-05    0.1280166E-04    0.2170862E-04    0.9510690E-05   -0.1760887E-04   -0.1078531E-04   -0.1710413E-05   -0.1077360E-03   -0.1467610E-03   -0.5228313E-03    0.5443664E-05    0.5164916E-05
    0.8726340E-06   -0.1095969E-04    0.1685723E-05    0.2091062E-03    0.1445191E-03    0.3960117E-03    0.3648031E-04   -0.8936727E-02   -0.6227060E-02   -0.1900731E-02   -0.5199207E-02    0.4415251E-02    0.1248530E-01    0.7431685E-02   -0.2039488E-02   -0.1377099E-01   -0.1750167E-01   -0.2022783E-01   -0.2114317E-01    0.8373795E-05    0.8756777E-05    0.8999911E-05    0.8951839E-05    0.1071214E-04    0.1160062E-04   -0.8913349E-04   -0.8800006E-04   -0.6566911E-04   -0.1731169E-03   -0.1999181E-03   -0.2681009E-03    0.5521434E-06    0.3770831E-06
    0.4515412E-06   -0.5468597E-05    0.5057733E-06    0.2433695E-04    0.4111127E-04    0.3648031E-04    0.2740184E-04   -0.1209497E-01   -0.5423072E-02   -0.2208546E-02   -0.4271572E-02    0.7720010E-02    0.1500576E-01    0.1698711E-01   -0.3645864E-02   -0.6756769E-02   -0.9652884E-02   -0.1244445E-01   -0.1240227E-01    0.7993293E-05    0.9623604E-05    0.1057538E-04    0.9401141E-05    0.1074228E-04    0.9526891E-05   -0.5564319E-04   -0.5132141E-04   -0.4671009E-04   -0.8700607E-04   -0.9424605E-04   -0.1269876E-03    0.4901930E-06    0.4854477E-06
   -0.2358922E-03    0.1434132E-02   -0.1192482E-03   -0.4742180E-02   -0.4298156E-01   -0.8936727E-02   -0.1209497E-01    0.6094103E+02    0.2042058E+02    0.5830584E+00    0.1732518E+02   -0.1748021E+02   -0.5698998E+02   -0.7858381E+02   -0.2560533E+01    0.4524926E+00   -0.3854669E+01   -0.7312907E+01   -0.1250377E+02   -0.2512176E-02   -0.4054002E-02   -0.2144179E-02   -0.4528510E-02   -0.3090427E-02   -0.1152740E-02    0.6508059E-02    0.1320045E-01    0.3024529E-02    0.3315417E-01    0.2038363E-01   -0.1996163E-01    0.1844913E-03   -0.2979536E-02
   -0.1182805E-03    0.6983031E-03   -0.5516036E-04   -0.2961057E-02   -0.1814020E-01   -0.6227060E-02   -0.5423072E-02    0.2042058E+02    0.1499685E+02    0.2472665E+01   -0.1424280E+02   -0.2089030E+02   -0.3712666E+02   -0.2248125E+02   -0.1078288E+01   -0.1806321E+01   -0.3480167E+01   -0.8219915E+01   -0.9087256E+01   -0.1431376E-02   -0.1703490E-02   -0.1842846E-02   -0.1828619E-02   -0.1559204E-02   -0.2481401E-02    0.4966802E-03   -0.1060779E-02   -0.8377702E-03    0.6770671E-02    0.1160184E-01    0.7595377E-02    0.6458261E-04   -0.1680098E-03
   -0.2551724E-04    0.1935464E-03    0.2983063E-05   -0.7042427E-03   -0.1167011E-01   -0.1900731E-02   -0.2208546E-02    0.5830584E+00    0.2472665E+01    0.6697357E+01   -0.4393873E+02   -0.1867792E+02   -0.4855920E+01   -0.2550370E+00   -0.1656050E+00   -0.3567042E+01   -0.1399931E+01    0.3460521E+01    0.4584058E+01   -0.1379265E-03   -0.3446778E-03   -0.4633599E-03   -0.1148365E-03   -0.1494332E-04    0.2505078E-03    0.1905332E-02    0.5851787E-03   -0.1398208E-01    0.9070235E-03   -0.1422926E-01   -0.2554493E-01   -0.1723586E-03    0.1277626E-03
   -0.1465657E-03    0.7888885E-03   -0.1022577E-03   -0.8172501E-02    0.3169907E-01   -0.5199207E-02   -0.4271572E-02    0.1732518E+02   -0.1424280E+02   -0.4393873E+02    0.7560511E+03    0.1778458E+03    0.6027016E+02    0.2620622E+01   -0.1237873E+02   -0.3638836E+02    0.4968645E+01   -0.1129732E+02   -0.1468410E+02   -0.7097809E-02   -0.7445709E-02   -0.2942619E-02   -0.7169898E-02   -0.5357430E-02   -0.2287234E-02    0.1400273E+00    0.1375496E+00    0.2076919E+00    0.1536512E+00    0.2002763E+00    0.2095392E+00   -0.5361003E-03   -0.2854805E-02
    0.6942379E-04   -0.2276734E-03   -0.5279075E-04   -0.1236132E-02    0.4581506E-01    0.4415251E-02    0.7720010E-02   -0.1748021E+02   -0.2089030E+02   -0.1867792E+02    0.1778458E+03    0.1149103E+03    0.8242461E+02    0.4453204E+02   -0.1122968E+02    0.9512880E+00   -0.5824572E+01   -0.5499706E+01   -0.4654755E+01   -0.8925525E-05    0.6371611E-04   -0.6323381E-03   -0.3556287E-03   -0.1994147E-02   -0.2305834E-02    0.1944835E-01    0.3968347E-01    0.6801301E-01    0.3925902E-01    0.5916245E-01    0.9269806E-01    0.1161832E-03   -0.6586251E-03
    0.2671429E-03   -0.1354775E-02    0.1001734E-03    0.3428029E-02    0.6262665E-01    0.1248530E-01    0.1500576E-01   -0.5698998E+02   -0.3712666E+02   -0.4855920E+01    0.6027016E+02    0.8242461E+02    0.1290606E+03    0.9731660E+02   -0.9180130E+01   -0.5437888E+01   -0.5736479E+01    0.5132981E+00   -0.3520143E-01    0.2634137E-02    0.3389617E-02    0.2346281E-02    0.3726531E-02    0.2530677E-02    0.4590565E-02    0.6815091E-02    0.2555575E-01    0.3111836E-01    0.8193150E-02    0.2356228E-02    0.3541035E-01   -0.4342573E-03    0.1826464E-02
    0.2831465E-03   -0.1499359E-02    0.1220419E-03    0.1729456E-02    0.7428769E-01    0.7431685E-02    0.1698711E-01   -0.7858381E+02   -0.2248125E+02   -0.2550370E+00    0.2620622E+01    0.4453204E+02    0.9731660E+02    0.1394962E+03   -0.8406930E+01   -0.9341888E+01   -0.9523847E+01   -0.1637512E+02   -0.1722084E+02    0.2090765E-02    0.4124505E-02    0.1976692E-03    0.4835389E-02    0.2833053E-02   -0.6450285E-03   -0.5598128E-02   -0.2546628E-02    0.1740809E-01   -0.2810539E-01   -0.4605068E-02    0.5829892E-01   -0.5020759E-03    0.5565440E-02
   -0.8202015E-04    0.4070296E-03   -0.3535219E-04   -0.8609312E-03   -0.1486376E-01   -0.2039488E-02   -0.3645864E-02   -0.2560533E+01   -0.1078288E+01   -0.1656050E+00   -0.1237873E+02   -0.1122968E+02   -0.9180130E+01   -0.8406930E+01    0.7847282E+01   -0.3786711E+00   -0.1225305E+01   -0.1672533E+01   -0.1977057E+01   -0.6983798E-03   -0.8414468E-03   -0.8129510E-03   -0.7904565E-03   -0.9175928E-03   -0.1062563E-02    0.7470451E-02    0.7602264E-02    0.9474821E-02    0.1603618E-01    0.2324968E-01    0.3113156E-01   -0.7553888E-04    0.1686410E-03
   -0.2103655E-04    0.1518884E-02   -0.7504838E-04   -0.4737222E-02   -0.1128581E+00   -0.1377099E-01   -0.6756769E-02    0.4524926E+00   -0.1806321E+01   -0.3567042E+01   -0.3638836E+02    0.9512880E+00   -0.5437888E+01   -0.9341888E+01   -0.3786711E+00    0.1576144E+03    0.5376405E+02    0.5158992E+02    0.5053708E+02    0.4450260E-03   -0.6546352E-03    0.6098287E-03    0.7772837E-03    0.2498596E-02    0.9226407E-02   -0.2346079E-01   -0.6733115E-01   -0.6286740E-01   -0.1799320E-01   -0.2261392E-01   -0.1672859E-01   -0.1346232E-01   -0.2600435E-03
   -0.3360545E-03    0.1699635E-02   -0.1040016E-03   -0.3018134E-02   -0.1096062E+00   -0.1750167E-01   -0.9652884E-02   -0.3854669E+01   -0.3480167E+01   -0.1399931E+01    0.4968645E+01   -0.5824572E+01   -0.5736479E+01   -0.9523847E+01   -0.1225305E+01    0.5376405E+02    0.9449680E+02    0.9629411E+02    0.9587028E+02    0.9119504E-03    0.5596433E-03    0.4413413E-03   -0.3295028E-03   -0.2278677E-02    0.4436488E-04    0.4629524E-02   -0.5316270E-01   -0.4071252E-01   -0.5353436E-01   -0.3000653E-01    0.3332453E-01    0.2359513E-02    0.1970672E-04
   -0.4110512E-03    0.2200866E-02   -0.1201911E-03   -0.4637258E-02   -0.1395606E+00   -0.2022783E-01   -0.1244445E-01   -0.7312907E+01   -0.8219915E+01    0.3460521E+01   -0.1129732E+02   -0.5499706E+01    0.5132981E+00   -0.1637512E+02   -0.1672533E+01    0.5158992E+02    0.9629411E+02    0.1354987E+03    0.1599400E+03   -0.2923816E-04   -0.1854447E-03   -0.9046719E-03   -0.7157247E-03   -0.4023105E-02   -0.8546210E-03    0.2756709E-01   -0.3839680E-01   -0.4505139E-01   -0.3156874E-01   -0.2982249E-01    0.3453938E-01    0.1889641E-02   -0.4948300E-02
   -0.4580016E-03    0.2435160E-02   -0.1316573E-03   -0.5154163E-02   -0.1554303E+00   -0.2114317E-01   -0.1240227E-01   -0.1250377E+02   -0.9087256E+01    0.4584058E+01   -0.1468410E+02   -0.4654755E+01   -0.3520143E-01   -0.1722084E+02   -0.1977057E+01    0.5053708E+02    0.9587028E+02    0.1599400E+03    0.2091816E+03   -0.5161249E-03   -0.2332585E-03   -0.1799186E-02   -0.5505145E-03   -0.5205700E-02   -0.1465375E-02    0.3998770E-01   -0.3190362E-01   -0.2952875E-01   -0.1714252E-01   -0.2234795E-02    0.8885820E-01    0.1640862E-02   -0.9338526E-02
    0.1453698E-06   -0.1632428E-05    0.1547213E-06    0.6760775E-05   -0.6303454E-05    0.8373795E-05    0.7993293E-05   -0.2512176E-02   -0.1431376E-02   -0.1379265E-03   -0.7097809E-02   -0.8925525E-05    0.2634137E-02    0.2090765E-02   -0.6983798E-03    0.4450260E-03    0.9119504E-03   -0.2923816E-04   -0.5161249E-03    0.7005388E-04    0.2238292E-04    0.2745888E-04    0.1046445E-04    0.1241652E-04    0.1323041E-04   -0.1048726E-03   -0.7472439E-04   -0.6323197E-04   -0.7102794E-04   -0.6176969E-04   -0.7157938E-04    0.4116226E-06    0.1677172E-06
    0.1614745E-06   -0.1912407E-05    0.1773354E-06    0.7267520E-05    0.2781320E-05    0.8756777E-05    0.9623604E-05   -0.4054002E-02   -0.1703490E-02   -0.3446778E-03   -0.7445709E-02    0.6371611E-04    0.3389617E-02    0.4124505E-02   -0.8414468E-03   -0.6546352E-03    0.5596433E-03   -0.1854447E-03   -0.2332585E-03    0.2238292E-04    0.3959705E-04    0.3448370E-04    0.2825294E-04    0.2802835E-04    0.2476984E-04   -0.7711947E-04   -0.8858406E-04   -0.7311169E-04   -0.1169231E-03   -0.1180938E-03   -0.1388364E-03    0.4562843E-06    0.1894453E-06
    0.2307150E-06   -0.2199750E-05    0.2319864E-06    0.7697898E-05   -0.2937865E-05    0.8999911E-05    0.1057538E-04   -0.2144179E-02   -0.1842846E-02   -0.4633599E-03   -0.2942619E-02   -0.6323381E-03    0.2346281E-02    0.1976692E-03   -0.8129510E-03    0.6098287E-03    0.4413413E-03   -0.9046719E-03   -0.1799186E-02    0.2745888E-04    0.3448370E-04    0.1156819E-03    0.2244242E-04    0.5908533E-04    0.1090965E-03   -0.6753149E-04   -0.9502847E-04   -0.1195660E-03   -0.8771591E-04   -0.1881714E-03   -0.4431784E-03    0.2024175E-06    0.2274114E-06
    0.1799619E-06   -0.1814770E-05    0.1175665E-06    0.7264975E-05    0.1280166E-04    0.8951839E-05    0.9401141E-05   -0.4528510E-02   -0.1828619E-02   -0.1148365E-03   -0.7169898E-02   -0.3556287E-03    0.3726531E-02    0.4835389E-02   -0.7904565E-03    0.7772837E-03   -0.3295028E-03   -0.7157247E-03   -0.5505145E-03    0.1046445E-04    0.2825294E-04    0.2244242E-04    0.8395834E-04    0.5253832E-04    0.3708117E-04   -0.5275591E-04   -0.7211492E-04   -0.4779600E-04   -0.1630223E-03   -0.1435124E-03   -0.1543087E-03    0.8332659E-07    0.1609594E-06
    0.2510486E-06   -0.2141819E-05    0.1431329E-06    0.8356711E-05    0.2170862E-04    0.1071214E-04    0.1074228E-04   -0.3090427E-02   -0.1559204E-02   -0.1494332E-04   -0.5357430E-02   -0.1994147E-02    0.2530677E-02    0.2833053E-02   -0.9175928E-03    0.2498596E-02   -0.2278677E-02   -0.4023105E-02   -0.5205700E-02    0.1241652E-04    0.2802835E-04    0.5908533E-04    0.5253832E-04    0.1264776E-03    0.1606322E-03   -0.4881443E-04   -0.7023984E-04   -0.7689578E-04   -0.1382546E-03   -0.1869874E-03   -0.4062750E-03   -0.3097989E-06    0.3841133E-06
    0.3055495E-06   -0.2173134E-05    0.3233357E-06    0.8929955E-05    0.9510690E-05    0.1160062E-04    0.9526891E-05   -0.1152740E-02   -0.2481401E-02    0.2505078E-03   -0.2287234E-02   -0.2305834E-02    0.4590565E-02   -0.6450285E-03   -0.1062563E-02    0.9226407E-02    0.4436488E-04   -0.8546210E-03   -0.1465375E-02    0.1323041E-04    0.2476984E-04    0.1090965E-03    0.3708117E-04    0.1606322E-03    0.6544514E-03   -0.1489370E-04   -0.4546278E-04   -0.1166358E-03   -0.1044991E-03   -0.2380074E-03   -0.5273203E-03   -0.1176413E-05    0.4787384E-07
   -0.1937691E-05    0.1501663E-04   -0.2327671E-05   -0.6110033E-04   -0.1760887E-04   -0.8913349E-04   -0.5564319E-04    0.6508059E-02    0.4966802E-03    0.1905332E-02    0.1400273E+00    0.1944835E-01    0.6815091E-02   -0.5598128E-02    0.7470451E-02   -0.2346079E-01    0.4629524E-02    0.2756709E-01    0.3998770E-01   -0.1048726E-03   -0.7711947E-04   -0.6753149E-04   -0.5275591E-04   -0.4881443E-04   -0.1489370E-04    0.1205581E-01    0.7788127E-02    0.8829217E-02    0.1833028E-02    0.2139963E-02    0.2921983E-02   -0.6623433E-06   -0.2987146E-05
   -0.2071412E-05    0.1574279E-04   -0.2808093E-05   -0.6467098E-04   -0.1078531E-04   -0.8800006E-04   -0.5132141E-04    0.1320045E-01   -0.1060779E-02    0.5851787E-03    0.1375496E+00    0.3968347E-01    0.2555575E-01   -0.2546628E-02    0.7602264E-02   -0.6733115E-01   -0.5316270E-01   -0.3839680E-01   -0.3190362E-01   -0.7472439E-04   -0.8858406E-04   -0.9502847E-04   -0.7211492E-04   -0.7023984E-04   -0.4546278E-04    0.7788127E-02    0.1152855E-01    0.1289481E-01    0.7731037E-02    0.7557069E-02    0.6777449E-02    0.9471352E-06   -0.2556550E-05
   -0.2713455E-05    0.1647056E-04   -0.3193926E-05   -0.5259657E-04   -0.1710413E-05   -0.6566911E-04   -0.4671009E-04    0.3024529E-02   -0.8377702E-03   -0.1398208E-01    0.2076919E+00    0.6801301E-01    0.3111836E-01    0.1740809E-01    0.9474821E-02   -0.6286740E-01   -0.4071252E-01   -0.4505139E-01   -0.2952875E-01   -0.6323197E-04   -0.7311169E-04   -0.1195660E-03   -0.4779600E-04   -0.7689578E-04   -0.1166358E-03    0.8829217E-02    0.1289481E-01    0.2485844E-01    0.4171932E-02    0.1107476E-01    0.2146189E-01    0.2987352E-05   -0.3796080E-05
   -0.4070344E-05    0.2796599E-04   -0.3771756E-05   -0.1168269E-03   -0.1077360E-03   -0.1731169E-03   -0.8700607E-04    0.3315417E-01    0.6770671E-02    0.9070235E-03    0.1536512E+00    0.3925902E-01    0.8193150E-02   -0.2810539E-01    0.1603618E-01   -0.1799320E-01   -0.5353436E-01   -0.3156874E-01   -0.1714252E-01   -0.7102794E-04   -0.1169231E-03   -0.8771591E-04   -0.1630223E-03   -0.1382546E-03   -0.1044991E-03    0.1833028E-02    0.7731037E-02    0.4171932E-02    0.2056687E-01    0.1871822E-01    0.1338913E-01   -0.6189838E-05   -0.4851938E-05
   -0.6163402E-05    0.3572023E-04   -0.5465780E-05   -0.1317151E-03   -0.1467610E-03   -0.1999181E-03   -0.9424605E-04    0.2038363E-01    0.1160184E-01   -0.1422926E-01    0.2002763E+00    0.5916245E-01    0.2356228E-02   -0.4605068E-02    0.2324968E-01   -0.2261392E-01   -0.3000653E-01   -0.2982249E-01   -0.2234795E-02   -0.6176969E-04   -0.1180938E-03   -0.1881714E-03   -0.1435124E-03   -0.1869874E-03   -0.2380074E-03    0.2139963E-02    0.7557069E-02    0.1107476E-01    0.1871822E-01    0.2895921E-01    0.4143738E-01   -0.6653552E-06   -0.5274433E-05
   -0.1079700E-04    0.5723716E-04   -0.8600429E-05   -0.1780922E-03   -0.5228313E-03   -0.2681009E-03   -0.1269876E-03   -0.1996163E-01    0.7595377E-02   -0.2554493E-01    0.2095392E+00    0.9269806E-01    0.3541035E-01    0.5829892E-01    0.3113156E-01   -0.1672859E-01    0.3332453E-01    0.3453938E-01    0.8885820E-01   -0.7157938E-04   -0.1388364E-03   -0.4431784E-03   -0.1543087E-03   -0.4062750E-03   -0.5273203E-03    0.2921983E-02    0.6777449E-02    0.2146189E-01    0.1338913E-01    0.4143738E-01    0.1047435E+00    0.7139616E-05   -0.4947483E-05
   -0.2590053E-07   -0.8939278E-07   -0.2598173E-08    0.7727183E-06    0.5443664E-05    0.5521434E-06    0.4901930E-06    0.1844913E-03    0.6458261E-04   -0.1723586E-03   -0.5361003E-03    0.1161832E-03   -0.4342573E-03   -0.5020759E-03   -0.7553888E-04   -0.1346232E-01    0.2359513E-02    0.1889641E-02    0.1640862E-02    0.4116226E-06    0.4562843E-06    0.2024175E-06    0.8332659E-07   -0.3097989E-06   -0.1176413E-05   -0.6623433E-06    0.9471352E-06    0.2987352E-05   -0.6189838E-05   -0.6653552E-06    0.7139616E-05    0.2267225E-05    0.4424113E-07
    0.1649270E-07   -0.9445628E-07    0.8293050E-08    0.2557108E-06    0.5164916E-05    0.3770831E-06    0.4854477E-06   -0.2979536E-02   -0.1680098E-03    0.1277626E-03   -0.2854805E-02   -0.6586251E-03    0.1826464E-02    0.5565440E-02    0.1686410E-03   -0.2600435E-03    0.1970672E-04   -0.4948300E-02   -0.9338526E-02    0.1677172E-06    0.1894453E-06    0.2274114E-06    0.1609594E-06    0.3841133E-06    0.4787384E-07   -0.2987146E-05   -0.2556550E-05   -0.3796080E-05   -0.4851938E-05   -0.5274433E-05   -0.4947483E-05    0.4424113E-07    0.1277253E-05
