# omegabh2 omegach2 theta tau mnu nnu ns logA aps100 aps143 aps217 acib143 acib217 asz143 psr cibr ncib cal0 cal2 xi aksz bm_1_1 a_ps_act_148 a_ps_act_217 a_ps_spt_95 a_ps_spt_150 a_ps_spt_220 r_ps_spt_95x150 r_ps_spt_95x220 r_ps_150x220 act_dust_s act_dust_e cal_acts_148 cal_acts_217 cal_acte_148 cal_acte_217 cal_spt_95 cal_spt_150 cal_spt_220
    0.21708E-06    0.88618E-06    0.98816E-08    0.27004E-05   -0.59808E-04    0.13616E-03    0.76558E-05    0.84817E-05    0.13174E-02    0.37206E-03    0.44596E-03   -0.12590E-04   -0.86215E-04   -0.86904E-05   -0.23417E-06   -0.27919E-06   -0.47699E-06   -0.57012E-08   -0.13396E-07    0.14913E-05    0.32012E-04    0.41398E-04   -0.75680E-05   -0.27637E-04   -0.16534E-04   -0.35299E-05   -0.59052E-04   -0.63106E-06    0.48371E-06    0.43343E-06   -0.14183E-05   -0.45486E-06   -0.10725E-06   -0.29953E-06   -0.15526E-06   -0.20270E-06   -0.11555E-06   -0.22918E-06   -0.54636E-06
    0.88618E-06    0.23316E-04   -0.19190E-05    0.11733E-04   -0.76149E-04    0.14517E-02    0.48557E-04    0.83973E-04    0.24298E-01    0.18758E-01    0.15035E-01   -0.24629E-03   -0.12071E-02   -0.70420E-03    0.29127E-04    0.11098E-04   -0.18791E-04   -0.34706E-07   -0.76216E-07    0.12610E-03    0.16251E-02    0.51499E-03   -0.29509E-03   -0.17726E-02   -0.52370E-03   -0.51907E-03   -0.18121E-02   -0.86576E-05   -0.23198E-05    0.24038E-05    0.19352E-04    0.15123E-04   -0.91556E-05   -0.82126E-05   -0.99462E-05   -0.10063E-04   -0.16216E-04   -0.17348E-04   -0.13988E-04
    0.98816E-08   -0.19190E-05    0.47737E-06    0.76143E-08   -0.37193E-04   -0.95486E-04   -0.17814E-05   -0.44667E-05   -0.13052E-02   -0.15808E-02   -0.10117E-02    0.25169E-04   -0.17266E-05    0.77644E-04   -0.41961E-05   -0.63171E-06    0.29596E-07   -0.94518E-08   -0.12115E-07   -0.94342E-05   -0.17194E-03   -0.25080E-04    0.33929E-04    0.21310E-03    0.36945E-04    0.60306E-04    0.17644E-03    0.22232E-05    0.18216E-05   -0.23983E-06   -0.20706E-05   -0.13303E-05    0.75932E-06    0.72972E-06    0.88481E-06    0.83716E-06    0.15870E-05    0.15746E-05    0.12753E-05
    0.27004E-05    0.11733E-04    0.76143E-08    0.20447E-03   -0.98709E-04    0.19909E-02    0.11979E-03    0.44460E-03    0.17870E-01    0.33741E-02    0.52265E-02    0.22778E-03   -0.65046E-03    0.35163E-03    0.93070E-06   -0.29345E-04   -0.15383E-05   -0.14165E-06   -0.38369E-06    0.24299E-04   -0.89094E-03    0.28517E-03   -0.22558E-03    0.88072E-04   -0.13903E-03    0.85814E-04   -0.17724E-02    0.68724E-05    0.19562E-04    0.10287E-04    0.25196E-04    0.89631E-05   -0.40425E-05   -0.82429E-05   -0.28782E-05   -0.39261E-05   -0.17052E-05   -0.70352E-05   -0.14304E-04
   -0.59808E-04   -0.76149E-04   -0.37193E-04   -0.98709E-04    0.62736E-01   -0.28091E-01   -0.19553E-02   -0.81658E-03   -0.92442E-01    0.78515E-01    0.41455E-01    0.83431E-02   -0.34936E-02   -0.73230E-02   -0.16273E-04    0.35771E-04   -0.48451E-03   -0.25426E-05    0.92746E-05    0.27061E-02    0.29476E-01   -0.65834E-02   -0.22046E-02    0.11510E-01   -0.68083E-02   -0.88165E-02   -0.10644E-01    0.60823E-03    0.36979E-03   -0.93154E-04    0.96013E-04    0.13030E-03   -0.75974E-04    0.89952E-05   -0.50719E-04   -0.12418E-04   -0.22132E-03   -0.14130E-03    0.35452E-04
    0.13616E-03    0.14517E-02   -0.95486E-04    0.19909E-02   -0.28091E-01    0.14183E+00    0.65727E-02    0.80524E-02    0.19080E+01    0.13465E+01    0.11332E+01   -0.17448E-01   -0.11925E+00   -0.50161E-01    0.16983E-02    0.73359E-03   -0.16582E-02   -0.18947E-05   -0.98626E-05    0.10456E-01    0.13344E+00    0.45406E-01   -0.23557E-01   -0.12597E+00   -0.38754E-01   -0.35361E-01   -0.14748E+00   -0.66608E-03    0.59074E-03    0.46034E-03    0.68403E-03    0.43574E-03   -0.63615E-03   -0.67326E-03   -0.70404E-03   -0.68702E-03   -0.11193E-02   -0.11766E-02   -0.11734E-02
    0.76558E-05    0.48557E-04   -0.17814E-05    0.11979E-03   -0.19553E-02    0.65727E-02    0.36347E-03    0.38495E-03    0.48366E-01    0.36732E-01    0.36914E-01   -0.77925E-03   -0.54398E-02   -0.14462E-02    0.29720E-04    0.13351E-04   -0.58515E-04   -0.13085E-06   -0.38361E-06    0.32504E-03    0.44652E-02    0.17964E-02   -0.79225E-03   -0.34786E-02   -0.12447E-02   -0.10204E-02   -0.52646E-02   -0.43711E-04    0.22169E-04    0.25167E-04   -0.50129E-05   -0.94963E-05   -0.17865E-04   -0.24001E-04   -0.20539E-04   -0.20603E-04   -0.34000E-04   -0.34927E-04   -0.43984E-04
    0.84817E-05    0.83973E-04   -0.44667E-05    0.44460E-03   -0.81658E-03    0.80524E-02    0.38495E-03    0.11273E-02    0.94478E-01    0.51840E-01    0.47217E-01   -0.31807E-03   -0.39394E-02   -0.10574E-02    0.75145E-04   -0.33813E-04   -0.35438E-04   -0.33478E-06   -0.93766E-06    0.31408E-03    0.20811E-02    0.23222E-02   -0.11959E-02   -0.47945E-02   -0.14963E-02   -0.11220E-02   -0.86334E-02   -0.20233E-04    0.17514E-04    0.28176E-04    0.98655E-04    0.66416E-04   -0.30397E-04   -0.37526E-04   -0.29863E-04   -0.32932E-04   -0.41708E-04   -0.57160E-04   -0.64793E-04
    0.13174E-02    0.24298E-01   -0.13052E-02    0.17870E-01   -0.92442E-01    0.19080E+01    0.48366E-01    0.94478E-01    0.15741E+04    0.10087E+03    0.33263E+02    0.61626E+00   -0.68431E+01   -0.12672E+02   -0.92495E-01   -0.10400E+00   -0.22796E+00    0.18886E-02    0.11270E-02    0.12170E+01    0.95652E+01    0.15489E+02    0.45836E+00    0.22994E+01    0.50332E+01   -0.94257E+00    0.78964E+01   -0.25488E-01   -0.39561E+00   -0.89065E-01    0.26750E+00   -0.34085E-01   -0.29182E-01    0.20137E-01   -0.26824E-01   -0.33741E-02   -0.77564E-01   -0.40216E-01    0.39077E-02
    0.37206E-03    0.18758E-01   -0.15808E-02    0.33741E-02    0.78515E-01    0.13465E+01    0.36732E-01    0.51840E-01    0.10087E+03    0.80467E+02    0.29188E+02   -0.11123E-01   -0.13518E+01   -0.29221E+01    0.34444E-01    0.40979E-01   -0.57516E-01    0.15990E-04   -0.10766E-02    0.34105E+00    0.25153E+01    0.12654E+00   -0.83188E-01   -0.22096E+01    0.78018E+00   -0.74687E+00   -0.16422E+01   -0.11430E-01   -0.72972E-01   -0.30646E-01    0.39534E-01    0.21161E-01   -0.20750E-01   -0.10355E-01   -0.20611E-01   -0.11856E-01   -0.38479E-01   -0.31739E-01   -0.19917E-01
    0.44596E-03    0.15035E-01   -0.10117E-02    0.52265E-02    0.41455E-01    0.11332E+01    0.36914E-01    0.47217E-01    0.33263E+02    0.29188E+02    0.10865E+03   -0.10693E+01   -0.36109E+02   -0.39396E+00   -0.34630E+00   -0.56941E-01   -0.48254E+00   -0.67697E-04   -0.15216E-03    0.24409E+00    0.25445E+01    0.35633E+00   -0.14116E-01    0.16719E+02   -0.12133E+01    0.18977E+00    0.68964E+01   -0.29015E-01   -0.55699E-01    0.98366E-02   -0.17110E-01    0.58314E-01   -0.12467E-01   -0.33605E-01   -0.12990E-01   -0.38375E-01   -0.16325E-01   -0.20479E-01   -0.71065E-01
   -0.12590E-04   -0.24629E-03    0.25169E-04    0.22778E-03    0.83431E-02   -0.17448E-01   -0.77925E-03   -0.31807E-03    0.61626E+00   -0.11123E-01   -0.10693E+01    0.62626E+00    0.10527E+01    0.53194E+00    0.18179E-02   -0.30364E-02   -0.41712E-02   -0.57678E-05    0.81545E-04    0.13953E-01   -0.86215E+00   -0.11474E-01    0.50328E-01   -0.30722E-01   -0.19452E+00   -0.29563E-02    0.37798E-01    0.46748E-01    0.46905E-01   -0.33684E-02    0.25768E-02    0.11773E-02    0.21652E-03    0.47107E-03    0.33171E-03    0.54549E-03   -0.58079E-04    0.87068E-03    0.21417E-02
   -0.86215E-04   -0.12071E-02   -0.17266E-05   -0.65046E-03   -0.34936E-02   -0.11925E+00   -0.54398E-02   -0.39394E-02   -0.68431E+01   -0.13518E+01   -0.36109E+02    0.10527E+01    0.21101E+02    0.20156E+01    0.21062E+00    0.43909E-01    0.27339E+00    0.28788E-04    0.13731E-04   -0.40697E+00   -0.44454E+01   -0.34093E-01   -0.32611E+00   -0.11054E+02   -0.23757E-01   -0.67859E+00   -0.66774E+01    0.39945E-01    0.49180E-01   -0.13817E-01    0.25908E-01   -0.16777E-02   -0.40396E-03    0.61229E-02   -0.33613E-03    0.10011E-01   -0.10720E-03   -0.15892E-02    0.22720E-01
   -0.86904E-05   -0.70420E-03    0.77644E-04    0.35163E-03   -0.73230E-02   -0.50161E-01   -0.14462E-02   -0.10574E-02   -0.12672E+02   -0.29221E+01   -0.39396E+00    0.53194E+00    0.20156E+01    0.20201E+01    0.19879E-01    0.24874E-01    0.16297E-01   -0.67203E-05   -0.22575E-03   -0.18620E+00   -0.24318E+01    0.12471E-01   -0.69508E-01   -0.67869E+00   -0.78651E+00   -0.62650E-01   -0.10885E+01    0.42913E-01    0.75413E-01   -0.98408E-03   -0.28236E-02    0.59105E-02    0.73999E-03   -0.24653E-02    0.81777E-03   -0.22631E-02    0.45292E-02    0.11633E-02   -0.84388E-03
   -0.23417E-06    0.29127E-04   -0.41961E-05    0.93070E-06   -0.16273E-04    0.16983E-02    0.29720E-04    0.75145E-04   -0.92495E-01    0.34444E-01   -0.34630E+00    0.18179E-02    0.21062E+00    0.19879E-01    0.40785E-02    0.13698E-03    0.30950E-02    0.35620E-06   -0.48470E-05   -0.18039E-02   -0.20541E-01    0.48319E-03   -0.17189E-02   -0.14526E+00   -0.93375E-02   -0.43767E-02   -0.98054E-01    0.31110E-03    0.13929E-02    0.30410E-03    0.18569E-03    0.21111E-03   -0.31895E-04   -0.34189E-04   -0.42805E-04    0.29275E-04   -0.37213E-05   -0.70105E-04    0.14228E-03
   -0.27919E-06    0.11098E-04   -0.63171E-06   -0.29345E-04    0.35771E-04    0.73359E-03    0.13351E-04   -0.33813E-04   -0.10400E+00    0.40979E-01   -0.56941E-01   -0.30364E-02    0.43909E-01    0.24874E-01    0.13698E-03    0.34027E-02   -0.97138E-04   -0.33795E-06    0.59607E-05   -0.84185E-03   -0.16167E-01    0.14800E-02    0.54781E-02   -0.48443E-02   -0.14987E-01    0.28532E-02   -0.35731E-03    0.16572E-03    0.18345E-02   -0.44805E-03   -0.16664E-03    0.55736E-04   -0.24799E-04    0.47810E-04   -0.18982E-04    0.41816E-04    0.50336E-04   -0.13722E-04    0.10294E-03
   -0.47699E-06   -0.18791E-04    0.29596E-07   -0.15383E-05   -0.48451E-03   -0.16582E-02   -0.58515E-04   -0.35438E-04   -0.22796E+00   -0.57516E-01   -0.48254E+00   -0.41712E-02    0.27339E+00    0.16297E-01    0.30950E-02   -0.97138E-04    0.46695E-02    0.80230E-06   -0.10375E-04   -0.65183E-02   -0.37984E-01   -0.23481E-05   -0.78016E-02   -0.17434E+00    0.39170E-02   -0.98587E-02   -0.11558E+00   -0.82187E-03   -0.61989E-03    0.16635E-03    0.31447E-03   -0.29547E-04   -0.72735E-06    0.32451E-04   -0.19204E-05    0.89690E-04    0.28147E-04   -0.34435E-04    0.21019E-03
   -0.57012E-08   -0.34706E-07   -0.94518E-08   -0.14165E-06   -0.25426E-05   -0.18947E-05   -0.13085E-06   -0.33478E-06    0.18886E-02    0.15990E-04   -0.67697E-04   -0.57678E-05    0.28788E-04   -0.67203E-05    0.35620E-06   -0.33795E-06    0.80230E-06    0.15975E-06   -0.21401E-08   -0.21790E-05    0.10207E-06   -0.26635E-04   -0.32458E-05   -0.59099E-04    0.96546E-06   -0.79585E-05   -0.94599E-07   -0.37691E-06   -0.65060E-06   -0.38362E-07   -0.40587E-06    0.34620E-06   -0.98129E-07   -0.61278E-07    0.10606E-07   -0.88774E-07    0.13504E-07   -0.51266E-07    0.13166E-07
   -0.13396E-07   -0.76216E-07   -0.12115E-07   -0.38369E-06    0.92746E-05   -0.98626E-05   -0.38361E-06   -0.93766E-06    0.11270E-02   -0.10766E-02   -0.15216E-03    0.81545E-04    0.13731E-04   -0.22575E-03   -0.48470E-05    0.59607E-05   -0.10375E-04   -0.21401E-08    0.70530E-06    0.39977E-04    0.16456E-03    0.17541E-04    0.64378E-04    0.33723E-03    0.11376E-03    0.30327E-04    0.49593E-03    0.50392E-05   -0.85862E-06   -0.40199E-05    0.32871E-05    0.25018E-06    0.12288E-06    0.13688E-05    0.15895E-06    0.13534E-05   -0.32194E-06    0.50269E-06    0.16019E-05
    0.14913E-05    0.12610E-03   -0.94342E-05    0.24299E-04    0.27061E-02    0.10456E-01    0.32504E-03    0.31408E-03    0.12170E+01    0.34105E+00    0.24409E+00    0.13953E-01   -0.40697E+00   -0.18620E+00   -0.18039E-02   -0.84185E-03   -0.65183E-02   -0.21790E-05    0.39977E-04    0.67220E-01    0.37983E+00    0.18915E-02    0.58918E-01    0.17220E+00   -0.40363E-02    0.54593E-01    0.19417E+00    0.56693E-02    0.97334E-02    0.11133E-02    0.41510E-03   -0.19519E-03   -0.51116E-04    0.26518E-03   -0.62494E-04    0.19627E-03   -0.39982E-03    0.97445E-04    0.30303E-03
    0.32012E-04    0.16251E-02   -0.17194E-03   -0.89094E-03    0.29476E-01    0.13344E+00    0.44652E-02    0.20811E-02    0.95652E+01    0.25153E+01    0.25445E+01   -0.86215E+00   -0.44454E+01   -0.24318E+01   -0.20541E-01   -0.16167E-01   -0.37984E-01    0.10207E-06    0.16456E-03    0.37983E+00    0.47185E+01    0.36024E-01    0.72948E-01    0.11080E+01    0.28834E+00    0.19481E+00    0.15374E+01   -0.41928E-01   -0.27710E-01    0.16360E-01   -0.88191E-02   -0.13787E-01   -0.31554E-03    0.23066E-02   -0.48247E-03    0.16727E-02   -0.23225E-02   -0.28132E-03   -0.26706E-03
    0.41398E-04    0.51499E-03   -0.25080E-04    0.28517E-03   -0.65834E-02    0.45406E-01    0.17964E-02    0.23222E-02    0.15489E+02    0.12654E+00    0.35633E+00   -0.11474E-01   -0.34093E-01    0.12471E-01    0.48319E-03    0.14800E-02   -0.23481E-05   -0.26635E-04    0.17541E-04    0.18915E-02    0.36024E-01    0.55802E+00   -0.48486E-02   -0.81579E-01   -0.40854E-01   -0.11868E-01   -0.67960E-01    0.31953E-03    0.58207E-03    0.36597E-03    0.10821E-02    0.51947E-02   -0.16885E-03   -0.46635E-04   -0.52151E-04   -0.27821E-03   -0.11749E-03   -0.32891E-03   -0.14870E-03
   -0.75680E-05   -0.29509E-03    0.33929E-04   -0.22558E-03   -0.22046E-02   -0.23557E-01   -0.79225E-03   -0.11959E-02    0.45836E+00   -0.83188E-01   -0.14116E-01    0.50328E-01   -0.32611E+00   -0.69508E-01   -0.17189E-02    0.54781E-02   -0.78016E-02   -0.32458E-05    0.64378E-04    0.58918E-01    0.72948E-01   -0.48486E-02    0.32745E+00    0.22737E+00    0.28861E-01    0.15026E+00    0.48792E+00    0.11972E-01    0.14944E-01   -0.42738E-02   -0.16235E-02   -0.27396E-02    0.72978E-03    0.17214E-03    0.85610E-03    0.21843E-03   -0.80038E-04    0.35118E-03    0.16608E-02
   -0.27637E-04   -0.17726E-02    0.21310E-03    0.88072E-04    0.11510E-01   -0.12597E+00   -0.34786E-02   -0.47945E-02    0.22994E+01   -0.22096E+01    0.16719E+02   -0.30722E-01   -0.11054E+02   -0.67869E+00   -0.14526E+00   -0.48443E-02   -0.17434E+00   -0.59099E-04    0.33723E-03    0.17220E+00    0.11080E+01   -0.81579E-01    0.22737E+00    0.15508E+02    0.94455E-01    0.44558E+00    0.50614E+01    0.92478E-02   -0.16921E-01   -0.90053E-02   -0.21845E-02    0.11990E-01    0.22271E-02    0.21513E-01    0.26396E-02    0.13991E-01    0.20025E-02    0.45172E-02   -0.63369E-02
   -0.16534E-04   -0.52370E-03    0.36945E-04   -0.13903E-03   -0.68083E-02   -0.38754E-01   -0.12447E-02   -0.14963E-02    0.50332E+01    0.78018E+00   -0.12133E+01   -0.19452E+00   -0.23757E-01   -0.78651E+00   -0.93375E-02   -0.14987E-01    0.39170E-02    0.96546E-06    0.11376E-03   -0.40363E-02    0.28834E+00   -0.40854E-01    0.28861E-01    0.94455E-01    0.22876E+01    0.16961E-02    0.32485E+00   -0.95098E-01   -0.11305E+00   -0.46099E-02    0.68039E-02   -0.19001E-02    0.34283E-04    0.12737E-02   -0.94957E-04    0.11981E-02    0.12131E-03    0.31537E-03    0.15716E-02
   -0.35299E-05   -0.51907E-03    0.60306E-04    0.85814E-04   -0.88165E-02   -0.35361E-01   -0.10204E-02   -0.11220E-02   -0.94257E+00   -0.74687E+00    0.18977E+00   -0.29563E-02   -0.67859E+00   -0.62650E-01   -0.43767E-02    0.28532E-02   -0.98587E-02   -0.79585E-05    0.30327E-04    0.54593E-01    0.19481E+00   -0.11868E-01    0.15026E+00    0.44558E+00    0.16961E-02    0.24960E+00    0.36758E+00    0.78880E-02    0.16578E-01    0.96060E-04   -0.14720E-02   -0.19544E-02    0.42645E-03    0.24080E-03    0.36187E-03    0.19055E-03    0.98309E-03    0.74499E-03    0.26149E-03
   -0.59052E-04   -0.18121E-02    0.17644E-03   -0.17724E-02   -0.10644E-01   -0.14748E+00   -0.52646E-02   -0.86334E-02    0.78964E+01   -0.16422E+01    0.68964E+01    0.37798E-01   -0.66774E+01   -0.10885E+01   -0.98054E-01   -0.35731E-03   -0.11558E+00   -0.94599E-07    0.49593E-03    0.19417E+00    0.15374E+01   -0.67960E-01    0.48792E+00    0.50614E+01    0.32485E+00    0.36758E+00    0.16098E+02    0.77719E-02   -0.54267E-01   -0.23551E-01   -0.62408E-02    0.66013E-02    0.26970E-02    0.33286E-02    0.32578E-02    0.21351E-02    0.22088E-02    0.51571E-02    0.32587E-01
   -0.63106E-06   -0.86576E-05    0.22232E-05    0.68724E-05    0.60823E-03   -0.66608E-03   -0.43711E-04   -0.20233E-04   -0.25488E-01   -0.11430E-01   -0.29015E-01    0.46748E-01    0.39945E-01    0.42913E-01    0.31110E-03    0.16572E-03   -0.82187E-03   -0.37691E-06    0.50392E-05    0.56693E-02   -0.41928E-01    0.31953E-03    0.11972E-01    0.92478E-02   -0.95098E-01    0.78880E-02    0.77719E-02    0.86645E-02    0.82880E-02   -0.11083E-03   -0.12893E-04    0.14817E-03    0.14489E-04    0.53645E-05    0.24574E-04    0.16351E-04   -0.19149E-05    0.56477E-04    0.11531E-03
    0.48371E-06   -0.23198E-05    0.18216E-05    0.19562E-04    0.36979E-03    0.59074E-03    0.22169E-04    0.17514E-04   -0.39561E+00   -0.72972E-01   -0.55699E-01    0.46905E-01    0.49180E-01    0.75413E-01    0.13929E-02    0.18345E-02   -0.61989E-03   -0.65060E-06   -0.85862E-06    0.97334E-02   -0.27710E-01    0.58207E-03    0.14944E-01   -0.16921E-01   -0.11305E+00    0.16578E-01   -0.54267E-01    0.82880E-02    0.14774E-01    0.50715E-03   -0.30387E-03    0.19008E-03    0.20173E-04   -0.22419E-04    0.24835E-04   -0.19472E-04    0.14960E-03    0.95235E-04   -0.10480E-03
    0.43343E-06    0.24038E-05   -0.23983E-06    0.10287E-04   -0.93154E-04    0.46034E-03    0.25167E-04    0.28176E-04   -0.89065E-01   -0.30646E-01    0.98366E-02   -0.33684E-02   -0.13817E-01   -0.98408E-03    0.30410E-03   -0.44805E-03    0.16635E-03   -0.38362E-07   -0.40199E-05    0.11133E-02    0.16360E-01    0.36597E-03   -0.42738E-02   -0.90053E-02   -0.46099E-02    0.96060E-04   -0.23551E-01   -0.11083E-03    0.50715E-03    0.45565E-03   -0.76025E-04    0.29102E-04    0.40702E-05   -0.22927E-04    0.53966E-05   -0.20472E-04    0.34969E-04    0.14050E-04   -0.95295E-04
   -0.14183E-05    0.19352E-04   -0.20706E-05    0.25196E-04    0.96013E-04    0.68403E-03   -0.50129E-05    0.98655E-04    0.26750E+00    0.39534E-01   -0.17110E-01    0.25768E-02    0.25908E-01   -0.28236E-02    0.18569E-03   -0.16664E-03    0.31447E-03   -0.40587E-06    0.32871E-05    0.41510E-03   -0.88191E-02    0.10821E-02   -0.16235E-02   -0.21845E-02    0.68039E-02   -0.14720E-02   -0.62408E-02   -0.12893E-04   -0.30387E-03   -0.76025E-04    0.35087E-01    0.67998E-03    0.10315E-03    0.16026E-03   -0.20627E-04    0.26670E-05   -0.29108E-04   -0.49944E-04   -0.47093E-04
   -0.45486E-06    0.15123E-04   -0.13303E-05    0.89631E-05    0.13030E-03    0.43574E-03   -0.94963E-05    0.66416E-04   -0.34085E-01    0.21161E-01    0.58314E-01    0.11773E-02   -0.16777E-02    0.59105E-02    0.21111E-03    0.55736E-04   -0.29547E-04    0.34620E-06    0.25018E-06   -0.19519E-03   -0.13787E-01    0.51947E-02   -0.27396E-02    0.11990E-01   -0.19001E-02   -0.19544E-02    0.66013E-02    0.14817E-03    0.19008E-03    0.29102E-04    0.67998E-03    0.39462E-01   -0.41831E-04   -0.31649E-04    0.15586E-03    0.15126E-03   -0.60324E-04   -0.64153E-05   -0.56013E-04
   -0.10725E-06   -0.91556E-05    0.75932E-06   -0.40425E-05   -0.75974E-04   -0.63615E-03   -0.17865E-04   -0.30397E-04   -0.29182E-01   -0.20750E-01   -0.12467E-01    0.21652E-03   -0.40396E-03    0.73999E-03   -0.31895E-04   -0.24799E-04   -0.72735E-06   -0.98129E-07    0.12288E-06   -0.51116E-04   -0.31554E-03   -0.16885E-03    0.72978E-03    0.22271E-02    0.34283E-04    0.42645E-03    0.26970E-02    0.14489E-04    0.20173E-04    0.40702E-05    0.10315E-03   -0.41831E-04    0.56514E-04    0.92598E-05    0.16239E-04    0.88042E-05    0.19705E-04    0.17663E-04    0.13497E-04
   -0.29953E-06   -0.82126E-05    0.72972E-06   -0.82429E-05    0.89952E-05   -0.67326E-03   -0.24001E-04   -0.37526E-04    0.20137E-01   -0.10355E-01   -0.33605E-01    0.47107E-03    0.61229E-02   -0.24653E-02   -0.34189E-04    0.47810E-04    0.32451E-04   -0.61278E-07    0.13688E-05    0.26518E-03    0.23066E-02   -0.46635E-04    0.17214E-03    0.21513E-01    0.12737E-02    0.24080E-03    0.33286E-02    0.53645E-05   -0.22419E-04   -0.22927E-04    0.16026E-03   -0.31649E-04    0.92598E-05    0.17803E-03    0.97901E-05    0.67466E-04    0.69837E-05    0.16031E-04    0.35993E-04
   -0.15526E-06   -0.99462E-05    0.88481E-06   -0.28782E-05   -0.50719E-04   -0.70404E-03   -0.20539E-04   -0.29863E-04   -0.26824E-01   -0.20611E-01   -0.12990E-01    0.33171E-03   -0.33613E-03    0.81777E-03   -0.42805E-04   -0.18982E-04   -0.19204E-05    0.10606E-07    0.15895E-06   -0.62494E-04   -0.48247E-03   -0.52151E-04    0.85610E-03    0.26396E-02   -0.94957E-04    0.36187E-03    0.32578E-02    0.24574E-04    0.24835E-04    0.53966E-05   -0.20627E-04    0.15586E-03    0.16239E-04    0.97901E-05    0.56661E-04    0.13192E-04    0.20200E-04    0.18064E-04    0.17898E-04
   -0.20270E-06   -0.10063E-04    0.83716E-06   -0.39261E-05   -0.12418E-04   -0.68702E-03   -0.20603E-04   -0.32932E-04   -0.33741E-02   -0.11856E-01   -0.38375E-01    0.54549E-03    0.10011E-01   -0.22631E-02    0.29275E-04    0.41816E-04    0.89690E-04   -0.88774E-07    0.13534E-05    0.19627E-03    0.16727E-02   -0.27821E-03    0.21843E-03    0.13991E-01    0.11981E-02    0.19055E-03    0.21351E-02    0.16351E-04   -0.19472E-04   -0.20472E-04    0.26670E-05    0.15126E-03    0.88042E-05    0.67466E-04    0.13192E-04    0.10970E-03    0.69740E-05    0.13838E-04    0.38562E-04
   -0.11555E-06   -0.16216E-04    0.15870E-05   -0.17052E-05   -0.22132E-03   -0.11193E-02   -0.34000E-04   -0.41708E-04   -0.77564E-01   -0.38479E-01   -0.16325E-01   -0.58079E-04   -0.10720E-03    0.45292E-02   -0.37213E-05    0.50336E-04    0.28147E-04    0.13504E-07   -0.32194E-06   -0.39982E-03   -0.23225E-02   -0.11749E-03   -0.80038E-04    0.20025E-02    0.12131E-03    0.98309E-03    0.22088E-02   -0.19149E-05    0.14960E-03    0.34969E-04   -0.29108E-04   -0.60324E-04    0.19705E-04    0.69837E-05    0.20200E-04    0.69740E-05    0.39034E-03    0.44719E-04    0.12150E-04
   -0.22918E-06   -0.17348E-04    0.15746E-05   -0.70352E-05   -0.14130E-03   -0.11766E-02   -0.34927E-04   -0.57160E-04   -0.40216E-01   -0.31739E-01   -0.20479E-01    0.87068E-03   -0.15892E-02    0.11633E-02   -0.70105E-04   -0.13722E-04   -0.34435E-04   -0.51266E-07    0.50269E-06    0.97445E-04   -0.28132E-03   -0.32891E-03    0.35118E-03    0.45172E-02    0.31537E-03    0.74499E-03    0.51571E-02    0.56477E-04    0.95235E-04    0.14050E-04   -0.49944E-04   -0.64153E-05    0.17663E-04    0.16031E-04    0.18064E-04    0.13838E-04    0.44719E-04    0.10624E-03    0.34009E-04
   -0.54636E-06   -0.13988E-04    0.12753E-05   -0.14304E-04    0.35452E-04   -0.11734E-02   -0.43984E-04   -0.64793E-04    0.39077E-02   -0.19917E-01   -0.71065E-01    0.21417E-02    0.22720E-01   -0.84388E-03    0.14228E-03    0.10294E-03    0.21019E-03    0.13166E-07    0.16019E-05    0.30303E-03   -0.26706E-03   -0.14870E-03    0.16608E-02   -0.63369E-02    0.15716E-02    0.26149E-03    0.32587E-01    0.11531E-03   -0.10480E-03   -0.95295E-04   -0.47093E-04   -0.56013E-04    0.13497E-04    0.35993E-04    0.17898E-04    0.38562E-04    0.12150E-04    0.34009E-04    0.54284E-03
