# omegabh2 omegach2 theta tau omegak logA ns calPlanck acib217 xi asz143 aps100 aps143 aps143217 aps217 aksz kgal100 kgal143 kgal143217 kgal217 galfEE100 galfEE100143 galfEE100217 galfEE143 galfEE143217 galfEE217 galfTE100 galfTE100143 galfTE100217 galfTE143 galfTE143217 galfTE217 cal0 cal2
    0.2639138E-07   -0.1519532E-06    0.2529364E-07    0.4385383E-06   -0.2832446E-06    0.6534621E-06    0.3761284E-06    0.1771709E-07   -0.1581249E-03    0.1245755E-05    0.3394085E-04   -0.5642034E-03   -0.2615999E-03   -0.6626966E-04    0.8679156E-04   -0.4647303E-04   -0.5974630E-05   -0.9763969E-05    0.2227778E-04    0.9051460E-04    0.1401501E-06    0.3986670E-07    0.4383246E-07    0.2670381E-07   -0.3418651E-07    0.1466289E-06   -0.1396174E-06   -0.1113089E-06    0.8581437E-06   -0.1337129E-06   -0.2553169E-06   -0.2018509E-05    0.1595154E-08   -0.7903198E-08
   -0.1519532E-06    0.2135841E-05   -0.1912735E-06   -0.4572733E-05    0.3847201E-05   -0.5100101E-05   -0.4996691E-05   -0.4276442E-06    0.4187821E-03    0.6246859E-05   -0.1389116E-03    0.3057476E-02    0.1594986E-02    0.9559123E-03    0.2597086E-03    0.2333827E-03    0.1314079E-05    0.9209766E-04   -0.7013088E-04   -0.3960506E-03   -0.1699754E-05   -0.4536059E-06    0.2716464E-07   -0.5866037E-06    0.2956099E-06   -0.4937507E-05   -0.7631158E-06    0.3781416E-06   -0.7470056E-05    0.1869412E-06    0.3152809E-05    0.1298135E-04    0.1115954E-07    0.4371625E-08
    0.2529364E-07   -0.1912735E-06    0.1091642E-06    0.3656190E-06   -0.5962256E-06    0.4329792E-06    0.5556269E-06    0.1055726E-07   -0.1001904E-03    0.5841827E-06   -0.4818047E-05   -0.3093013E-03   -0.1383631E-03   -0.1521465E-03   -0.3740076E-04   -0.5391237E-05   -0.5822266E-05   -0.1846582E-04    0.2859825E-04    0.1059502E-03    0.1911966E-06    0.3951423E-07   -0.3466344E-07    0.5038615E-07   -0.2808021E-07   -0.1308367E-06   -0.5242476E-06   -0.2673555E-06    0.3504442E-05   -0.3455427E-06   -0.1549055E-06   -0.5510736E-06   -0.7495233E-08   -0.4183973E-08
    0.4385383E-06   -0.4572733E-05    0.3656190E-06    0.3549690E-03    0.9996203E-04    0.6951113E-03    0.1574707E-04   -0.2057257E-05   -0.4951008E-02    0.2193566E-04    0.2005419E-02   -0.2031370E-01   -0.3548697E-02    0.4705266E-02    0.7867471E-02   -0.3783891E-02    0.2773602E-03   -0.5932935E-03    0.5058291E-03    0.7799906E-03    0.2067520E-05   -0.1970547E-05   -0.5637913E-06   -0.4915437E-05   -0.1094774E-04   -0.2383826E-04   -0.7903405E-04   -0.1999139E-04   -0.1449695E-03   -0.1193814E-04   -0.1946788E-04   -0.3166664E-04    0.5309271E-06   -0.6322486E-06
   -0.2832446E-06    0.3847201E-05   -0.5962256E-06    0.9996203E-04    0.5725367E-04    0.2105659E-03   -0.7964390E-05    0.6683343E-06   -0.2768970E-03    0.7324288E-04    0.1737291E-03    0.1230704E-02    0.4852919E-02    0.5987896E-02    0.4541858E-02   -0.5635708E-03   -0.3318614E-03   -0.1866602E-03    0.4754908E-03    0.6342060E-03   -0.1375228E-05   -0.1648698E-05   -0.8877037E-06   -0.1936119E-05   -0.6063588E-06   -0.2356013E-04   -0.3277548E-04   -0.6997707E-05   -0.1289196E-03   -0.2233553E-06    0.6719235E-05    0.1799511E-05    0.1083117E-06    0.7659664E-07
    0.6534621E-06   -0.5100101E-05    0.4329792E-06    0.6951113E-03    0.2105659E-03    0.1394800E-02    0.2019166E-04    0.6797119E-05   -0.1145684E-01    0.1850040E-03    0.3231170E-02   -0.3385326E-01   -0.1078501E-02    0.1537651E-01    0.2374138E-01   -0.7330044E-02    0.6994865E-04   -0.1312018E-02    0.1071324E-02    0.4428327E-02    0.4484249E-05   -0.4894487E-05   -0.2466785E-06   -0.9960891E-05   -0.2189609E-04   -0.5331912E-04   -0.1627292E-03   -0.4103370E-04   -0.3219756E-03   -0.2501230E-04   -0.3536866E-04   -0.6076831E-04    0.1021779E-05   -0.1541627E-05
    0.3761284E-06   -0.4996691E-05    0.5556269E-06    0.1574707E-04   -0.7964390E-05    0.2019166E-04    0.2163071E-04    0.1041297E-05   -0.4754418E-02    0.7526318E-07    0.1440959E-02   -0.2644701E-01   -0.8214328E-02    0.3504792E-03    0.5697193E-02   -0.3181910E-02   -0.4570328E-04   -0.4060560E-03   -0.1313739E-03    0.1621314E-02    0.5674542E-05    0.2072603E-05   -0.3487666E-05    0.2408680E-05   -0.2750413E-05    0.2281907E-04    0.1568686E-04    0.1283223E-05    0.2700323E-04   -0.5374227E-05    0.6814156E-06   -0.4524954E-04   -0.2036538E-06   -0.3097949E-06
    0.1771709E-07   -0.4276442E-06    0.1055726E-07   -0.2057257E-05    0.6683343E-06    0.6797119E-05    0.1041297E-05    0.5955173E-05   -0.2408817E-03    0.3185770E-04   -0.1955714E-03    0.9869635E-03    0.7717929E-03    0.8706277E-03    0.2019061E-02    0.1347332E-03   -0.1521343E-03    0.4868465E-04    0.1202273E-03    0.1423956E-02    0.2315295E-05    0.2550799E-06   -0.3732599E-07    0.8123350E-06    0.1131362E-06    0.5842965E-05    0.2608215E-05    0.1766878E-06   -0.6091010E-05   -0.1908414E-05   -0.2845066E-05   -0.1362860E-04   -0.1145442E-06   -0.1310345E-06
   -0.1581249E-03    0.4187821E-03   -0.1001904E-03   -0.4951008E-02   -0.2768970E-03   -0.1145684E-01   -0.4754418E-02   -0.2408817E-03    0.4657820E+02   -0.4256108E+00   -0.1489039E+01    0.4012947E+02   -0.6790436E+00   -0.2036726E+02   -0.6520988E+02    0.4599478E+00   -0.3320853E+00    0.3912801E+00   -0.3457111E+01   -0.2491417E+02    0.1589200E-02   -0.5861265E-04    0.8580894E-05    0.2580074E-03   -0.7920138E-03   -0.2955109E-02   -0.6786441E-02    0.9545325E-03    0.2681762E-01   -0.3909014E-02    0.8584046E-02    0.4971584E-01   -0.1831014E-03    0.4095032E-02
    0.1245755E-05    0.6246859E-05    0.5841827E-06    0.2193566E-04    0.7324288E-04    0.1850040E-03    0.7526318E-07    0.3185770E-04   -0.4256108E+00    0.8194839E-01   -0.7724649E-01   -0.3649157E+00    0.1077318E+01    0.1841218E+01    0.7482274E+00    0.8237442E-01   -0.7007173E-02   -0.1025457E-02    0.7300451E-01    0.7398239E-01    0.1358324E-04    0.7169805E-05    0.2560900E-04   -0.9430117E-05   -0.3268997E-04    0.2164401E-03    0.2061194E-03   -0.1334223E-04    0.8917709E-03   -0.2165410E-03    0.6653527E-04   -0.1259209E-02    0.8849540E-05   -0.1559819E-04
    0.3394085E-04   -0.1389116E-03   -0.4818047E-05    0.2005419E-02    0.1737291E-03    0.3231170E-02    0.1440959E-02   -0.1955714E-03   -0.1489039E+01   -0.7724649E-01    0.3912006E+01   -0.2811087E+02   -0.3625885E+01    0.7870269E+01    0.6787980E+01   -0.2900548E+01   -0.2277289E+00    0.1866399E+00    0.2946398E+01    0.2637062E+01    0.3949692E-03    0.2056542E-03   -0.6429301E-03   -0.6339947E-04    0.7080142E-03    0.8416268E-03    0.1982475E-02    0.1460170E-02    0.1889337E-03    0.6273121E-03   -0.1107671E-02   -0.4295857E-02    0.1869804E-03   -0.2978110E-03
   -0.5642034E-03    0.3057476E-02   -0.3093013E-03   -0.2031370E-01    0.1230704E-02   -0.3385326E-01   -0.2644701E-01    0.9869635E-03    0.4012947E+02   -0.3649157E+00   -0.2811087E+02    0.6901020E+03    0.6407756E+02   -0.5356154E+02   -0.6654430E+02    0.1284146E+02    0.5933714E+00    0.6426676E-01   -0.1863927E+02   -0.3055808E+02   -0.4163841E-02   -0.3936492E-02    0.1243601E-01   -0.2478817E-02   -0.7430043E-02   -0.3323637E-01   -0.2546600E-01   -0.2163871E-01    0.2698891E-02    0.8755445E-02    0.5212688E-01    0.2446213E+00    0.4849527E-02    0.2277489E-02
   -0.2615999E-03    0.1594986E-02   -0.1383631E-03   -0.3548697E-02    0.4852919E-02   -0.1078501E-02   -0.8214328E-02    0.7717929E-03   -0.6790436E+00    0.1077318E+01   -0.3625885E+01    0.6407756E+02    0.5809488E+02    0.4460895E+02    0.1925327E+02   -0.4519032E+01   -0.7129217E+00   -0.1012121E+01    0.3576171E+01    0.4023546E+01   -0.2651650E-02   -0.4049316E-03    0.1319386E-02   -0.6832180E-03   -0.9398414E-03    0.2233305E-02   -0.6564478E-02   -0.3766511E-02    0.3172563E-01    0.8522574E-03    0.5988881E-02    0.5177557E-01    0.1336853E-03    0.1981480E-03
   -0.6626966E-04    0.9559123E-03   -0.1521465E-03    0.4705266E-02    0.5987896E-02    0.1537651E-01    0.3504792E-03    0.8706277E-03   -0.2036726E+02    0.1841218E+01    0.7870269E+01   -0.5356154E+02    0.4460895E+02    0.9567607E+02    0.6642111E+02   -0.1219301E+02   -0.9025155E+00   -0.1758856E+00    0.6520565E+01    0.8769459E+01   -0.9933352E-03    0.4146550E-03    0.1304482E-02   -0.7782094E-03    0.2522996E-02    0.1255206E-01    0.4452050E-02   -0.2002027E-02    0.2808374E-01    0.1032013E-02    0.5358472E-02   -0.8111845E-02    0.7338216E-03   -0.2034874E-02
    0.8679156E-04    0.2597086E-03   -0.3740076E-04    0.7867471E-02    0.4541858E-02    0.2374138E-01    0.5697193E-02    0.2019061E-02   -0.6520988E+02    0.7482274E+00    0.6787980E+01   -0.6654430E+02    0.1925327E+02    0.6642111E+02    0.1264361E+03   -0.1065598E+02   -0.1300217E+00   -0.4357137E+00    0.2769931E+01    0.2440942E+02   -0.3673426E-02    0.2393679E-03    0.3841005E-03   -0.9691010E-03    0.4917534E-02    0.3889260E-02    0.8252368E-02   -0.2725563E-02   -0.2289083E-01    0.8275963E-02   -0.8855593E-03   -0.3106592E-01    0.5904630E-03   -0.7195577E-02
   -0.4647303E-04    0.2333827E-03   -0.5391237E-05   -0.3783891E-02   -0.5635708E-03   -0.7330044E-02   -0.3181910E-02    0.1347332E-03    0.4599478E+00    0.8237442E-01   -0.2900548E+01    0.1284146E+02   -0.4519032E+01   -0.1219301E+02   -0.1065598E+02    0.6242533E+01    0.2738803E+00   -0.2696462E+00   -0.2770717E+01   -0.2521479E+01   -0.4359572E-03   -0.3864646E-03    0.1012386E-02   -0.1374192E-03    0.7055067E-03   -0.2753819E-02   -0.2217519E-02    0.4023715E-04   -0.7551260E-02   -0.7804507E-03   -0.4985603E-02   -0.9474639E-02   -0.5927837E-04    0.7811380E-04
   -0.5974630E-05    0.1314079E-05   -0.5822266E-05    0.2773602E-03   -0.3318614E-03    0.6994865E-04   -0.4570328E-04   -0.1521343E-03   -0.3320853E+00   -0.7007173E-02   -0.2277289E+00    0.5933714E+00   -0.7129217E+00   -0.9025155E+00   -0.1300217E+00    0.2738803E+00    0.3069594E+01    0.8292387E+00    0.1412615E-01   -0.6977701E-01   -0.8842585E-03   -0.7260559E-04   -0.9549273E-04    0.5839602E-04    0.3110297E-03   -0.3316073E-03   -0.4686193E-02    0.4117196E-03   -0.1040870E-01    0.3800946E-03    0.3485092E-04   -0.6323825E-03    0.4316601E-03   -0.1479621E-03
   -0.9763969E-05    0.9209766E-04   -0.1846582E-04   -0.5932935E-03   -0.1866602E-03   -0.1312018E-02   -0.4060560E-03    0.4868465E-04    0.3912801E+00   -0.1025457E-02    0.1866399E+00    0.6426676E-01   -0.1012121E+01   -0.1758856E+00   -0.4357137E+00   -0.2696462E+00    0.8292387E+00    0.3084071E+01    0.2338904E+01    0.1009612E+01   -0.4349989E-03   -0.1786370E-04   -0.7960387E-05   -0.1931252E-03   -0.8267148E-05   -0.1808154E-02    0.5676703E-02   -0.2372546E-03   -0.2886629E-02   -0.9398106E-03   -0.2119768E-02   -0.2029877E-02   -0.3629861E-03   -0.2738709E-03
    0.2227778E-04   -0.7013088E-04    0.2859825E-04    0.5058291E-03    0.4754908E-03    0.1071324E-02   -0.1313739E-03    0.1202273E-03   -0.3457111E+01    0.7300451E-01    0.2946398E+01   -0.1863927E+02    0.3576171E+01    0.6520565E+01    0.2769931E+01   -0.2770717E+01    0.1412615E-01    0.2338904E+01    0.1786039E+02    0.2707647E+02    0.1543019E-02   -0.2887167E-03   -0.1203588E-02   -0.1995404E-03   -0.1892190E-02    0.7232565E-02    0.8613967E-02    0.1652638E-02   -0.1151451E-01   -0.1245294E-02   -0.5040371E-02    0.3699531E-02   -0.1518363E-03    0.2336604E-02
    0.9051460E-04   -0.3960506E-03    0.1059502E-03    0.7799906E-03    0.6342060E-03    0.4428327E-02    0.1621314E-02    0.1423956E-02   -0.2491417E+02    0.7398239E-01    0.2637062E+01   -0.3055808E+02    0.4023546E+01    0.8769459E+01    0.2440942E+02   -0.2521479E+01   -0.6977701E-01    0.1009612E+01    0.2707647E+02    0.6166171E+02    0.3223394E-02   -0.6874742E-03   -0.1936806E-02    0.2281935E-03   -0.3663962E-02    0.1633816E-01    0.1035937E-01    0.3369382E-03   -0.3386940E-01    0.2093705E-02   -0.1618832E-01   -0.2822440E-01   -0.2713965E-03    0.4358871E-02
    0.1401501E-06   -0.1699754E-05    0.1911966E-06    0.2067520E-05   -0.1375228E-05    0.4484249E-05    0.5674542E-05    0.2315295E-05    0.1589200E-02    0.1358324E-04    0.3949692E-03   -0.4163841E-02   -0.2651650E-02   -0.9933352E-03   -0.3673426E-02   -0.4359572E-03   -0.8842585E-03   -0.4349989E-03    0.1543019E-02    0.3223394E-02    0.1289642E-03    0.1070285E-04    0.3172212E-05    0.2578452E-05   -0.8514966E-06    0.1298404E-04   -0.1626150E-04   -0.2991215E-05   -0.3110916E-04    0.9865673E-05   -0.1305340E-04   -0.7341518E-04   -0.6543276E-07    0.1039218E-05
    0.3986670E-07   -0.4536059E-06    0.3951423E-07   -0.1970547E-05   -0.1648698E-05   -0.4894487E-05    0.2072603E-05    0.2550799E-06   -0.5861265E-04    0.7169805E-05    0.2056542E-03   -0.3936492E-02   -0.4049316E-03    0.4146550E-03    0.2393679E-03   -0.3864646E-03   -0.7260559E-04   -0.1786370E-04   -0.2887167E-03   -0.6874742E-03    0.1070285E-04    0.1346178E-04   -0.2272981E-05    0.5631556E-05    0.5940085E-06    0.7658160E-05   -0.5105608E-06   -0.1429640E-05   -0.6809906E-05   -0.2338606E-06   -0.8152050E-05   -0.2295743E-04   -0.9098407E-07   -0.1166922E-06
    0.4383246E-07    0.2716464E-07   -0.3466344E-07   -0.5637913E-06   -0.8877037E-06   -0.2466785E-06   -0.3487666E-05   -0.3732599E-07    0.8580894E-05    0.2560900E-04   -0.6429301E-03    0.1243601E-01    0.1319386E-02    0.1304482E-02    0.3841005E-03    0.1012386E-02   -0.9549273E-04   -0.7960387E-05   -0.1203588E-02   -0.1936806E-02    0.3172212E-05   -0.2272981E-05    0.2253674E-03   -0.1979580E-05   -0.2054169E-05   -0.2503445E-04   -0.3230770E-04   -0.4718034E-06    0.7380940E-04    0.8498921E-05    0.1752402E-04    0.1028270E-03    0.2254262E-06   -0.4507121E-06
    0.2670381E-07   -0.5866037E-06    0.5038615E-07   -0.4915437E-05   -0.1936119E-05   -0.9960891E-05    0.2408680E-05    0.8123350E-06    0.2580074E-03   -0.9430117E-05   -0.6339947E-04   -0.2478817E-02   -0.6832180E-03   -0.7782094E-03   -0.9691010E-03   -0.1374192E-03    0.5839602E-04   -0.1931252E-03   -0.1995404E-03    0.2281935E-03    0.2578452E-05    0.5631556E-05   -0.1979580E-05    0.2765588E-04   -0.2489633E-06    0.9949246E-05    0.3210718E-05   -0.8013940E-06   -0.1377969E-04    0.3647150E-05   -0.3803156E-05   -0.1826638E-04    0.5776827E-08    0.4920248E-08
   -0.3418651E-07    0.2956099E-06   -0.2808021E-07   -0.1094774E-04   -0.6063588E-06   -0.2189609E-04   -0.2750413E-05    0.1131362E-06   -0.7920138E-03   -0.3268997E-04    0.7080142E-03   -0.7430043E-02   -0.9398414E-03    0.2522996E-02    0.4917534E-02    0.7055067E-03    0.3110297E-03   -0.8267148E-05   -0.1892190E-02   -0.3663962E-02   -0.8514966E-06    0.5940085E-06   -0.2054169E-05   -0.2489633E-06    0.3737293E-03   -0.1418901E-04   -0.2134698E-04    0.5846688E-05   -0.3769573E-04    0.2896430E-04    0.3169495E-04   -0.8689236E-04    0.3139107E-06   -0.1088179E-05
    0.1466289E-06   -0.4937507E-05   -0.1308367E-06   -0.2383826E-04   -0.2356013E-04   -0.5331912E-04    0.2281907E-04    0.5842965E-05   -0.2955109E-02    0.2164401E-03    0.8416268E-03   -0.3323637E-01    0.2233305E-02    0.1255206E-01    0.3889260E-02   -0.2753819E-02   -0.3316073E-03   -0.1808154E-02    0.7232565E-02    0.1633816E-01    0.1298404E-04    0.7658160E-05   -0.2503445E-04    0.9949246E-05   -0.1418901E-04    0.3639651E-02   -0.4777350E-04   -0.6116318E-04    0.4037884E-03    0.1458051E-05    0.1431703E-04    0.3470997E-04   -0.1048579E-05    0.2700685E-05
   -0.1396174E-06   -0.7631158E-06   -0.5242476E-06   -0.7903405E-04   -0.3277548E-04   -0.1627292E-03    0.1568686E-04    0.2608215E-05   -0.6786441E-02    0.2061194E-03    0.1982475E-02   -0.2546600E-01   -0.6564478E-02    0.4452050E-02    0.8252368E-02   -0.2217519E-02   -0.4686193E-02    0.5676703E-02    0.8613967E-02    0.1035937E-01   -0.1626150E-04   -0.5105608E-06   -0.3230770E-04    0.3210718E-05   -0.2134698E-04   -0.4777350E-04    0.5710300E-02    0.1821837E-02    0.1967179E-02   -0.6298400E-03   -0.1565954E-03   -0.6372127E-04    0.9681484E-06   -0.3594991E-06
   -0.1113089E-06    0.3781416E-06   -0.2673555E-06   -0.1999139E-04   -0.6997707E-05   -0.4103370E-04    0.1283223E-05    0.1766878E-06    0.9545325E-03   -0.1334223E-04    0.1460170E-02   -0.2163871E-01   -0.3766511E-02   -0.2002027E-02   -0.2725563E-02    0.4023715E-04    0.4117196E-03   -0.2372546E-03    0.1652638E-02    0.3369382E-03   -0.2991215E-05   -0.1429640E-05   -0.4718034E-06   -0.8013940E-06    0.5846688E-05   -0.6116318E-04    0.1821837E-02    0.1213410E-02    0.8883869E-03    0.2079982E-03    0.1195883E-04   -0.1975505E-04   -0.9899790E-08   -0.4892596E-06
    0.8581437E-06   -0.7470056E-05    0.3504442E-05   -0.1449695E-03   -0.1289196E-03   -0.3219756E-03    0.2700323E-04   -0.6091010E-05    0.2681762E-01    0.8917709E-03    0.1889337E-03    0.2698891E-02    0.3172563E-01    0.2808374E-01   -0.2289083E-01   -0.7551260E-02   -0.1040870E-01   -0.2886629E-02   -0.1151451E-01   -0.3386940E-01   -0.3110916E-04   -0.6809906E-05    0.7380940E-04   -0.1377969E-04   -0.3769573E-04    0.4037884E-03    0.1967179E-02    0.8883869E-03    0.3365516E-01   -0.3993719E-03    0.1447850E-02    0.1088263E-01    0.9481855E-06   -0.1505869E-05
   -0.1337129E-06    0.1869412E-06   -0.3455427E-06   -0.1193814E-04   -0.2233553E-06   -0.2501230E-04   -0.5374227E-05   -0.1908414E-05   -0.3909014E-02   -0.2165410E-03    0.6273121E-03    0.8755445E-02    0.8522574E-03    0.1032013E-02    0.8275963E-02   -0.7804507E-03    0.3800946E-03   -0.9398106E-03   -0.1245294E-02    0.2093705E-02    0.9865673E-05   -0.2338606E-06    0.8498921E-05    0.3647150E-05    0.2896430E-04    0.1458051E-05   -0.6298400E-03    0.2079982E-03   -0.3993719E-03    0.1310283E-02    0.1605857E-03   -0.7876714E-04    0.4792038E-06   -0.1409771E-07
   -0.2553169E-06    0.3152809E-05   -0.1549055E-06   -0.1946788E-04    0.6719235E-05   -0.3536866E-04    0.6814156E-06   -0.2845066E-05    0.8584046E-02    0.6653527E-04   -0.1107671E-02    0.5212688E-01    0.5988881E-02    0.5358472E-02   -0.8855593E-03   -0.4985603E-02    0.3485092E-04   -0.2119768E-02   -0.5040371E-02   -0.1618832E-01   -0.1305340E-04   -0.8152050E-05    0.1752402E-04   -0.3803156E-05    0.3169495E-04    0.1431703E-04   -0.1565954E-03    0.1195883E-04    0.1447850E-02    0.1605857E-03    0.5086035E-02    0.4151420E-02    0.3402576E-05    0.5284834E-06
   -0.2018509E-05    0.1298135E-04   -0.5510736E-06   -0.3166664E-04    0.1799511E-05   -0.6076831E-04   -0.4524954E-04   -0.1362860E-04    0.4971584E-01   -0.1259209E-02   -0.4295857E-02    0.2446213E+00    0.5177557E-01   -0.8111845E-02   -0.3106592E-01   -0.9474639E-02   -0.6323825E-03   -0.2029877E-02    0.3699531E-02   -0.2822440E-01   -0.7341518E-04   -0.2295743E-04    0.1028270E-03   -0.1826638E-04   -0.8689236E-04    0.3470997E-04   -0.6372127E-04   -0.1975505E-04    0.1088263E-01   -0.7876714E-04    0.4151420E-02    0.3521541E-01    0.6605614E-05    0.2104389E-05
    0.1595154E-08    0.1115954E-07   -0.7495233E-08    0.5309271E-06    0.1083117E-06    0.1021779E-05   -0.2036538E-06   -0.1145442E-06   -0.1831014E-03    0.8849540E-05    0.1869804E-03    0.4849527E-02    0.1336853E-03    0.7338216E-03    0.5904630E-03   -0.5927837E-04    0.4316601E-03   -0.3629861E-03   -0.1518363E-03   -0.2713965E-03   -0.6543276E-07   -0.9098407E-07    0.2254262E-06    0.5776827E-08    0.3139107E-06   -0.1048579E-05    0.9681484E-06   -0.9899790E-08    0.9481855E-06    0.4792038E-06    0.3402576E-05    0.6605614E-05    0.5257412E-06   -0.4407996E-07
   -0.7903198E-08    0.4371625E-08   -0.4183973E-08   -0.6322486E-06    0.7659664E-07   -0.1541627E-05   -0.3097949E-06   -0.1310345E-06    0.4095032E-02   -0.1559819E-04   -0.2978110E-03    0.2277489E-02    0.1981480E-03   -0.2034874E-02   -0.7195577E-02    0.7811380E-04   -0.1479621E-03   -0.2738709E-03    0.2336604E-02    0.4358871E-02    0.1039218E-05   -0.1166922E-06   -0.4507121E-06    0.4920248E-08   -0.1088179E-05    0.2700685E-05   -0.3594991E-06   -0.4892596E-06   -0.1505869E-05   -0.1409771E-07    0.5284834E-06    0.2104389E-05   -0.4407996E-07    0.2021554E-05
