# omegabh2 omegach2 theta tau logA ns r acib217 acibsz143 asz143 aps100 aps143 aps143217 aps217 aksz kgal100 t1gal143 t1gal143217 t1gal217 galfEE100 galfEE100143 galfEE100217 galfEE143 galfEE143217 galfEE217 galfTE100 galfTE100143 galfTE100217 galfTE143 galfTE143217 galfTE217 calib_100T calib_217T
    0.2323981E-07   -0.1114307E-06    0.1603973E-07    0.6167602E-06    0.1108235E-05    0.3103410E-06   -0.3774599E-06   -0.1630617E-03   -0.8999143E-04    0.5477429E-05   -0.1966948E-03   -0.7252067E-04    0.1312695E-03    0.9724617E-04   -0.3085047E-04    0.7520223E-04   -0.1552831E-03   -0.1474867E-03   -0.1548336E-03    0.1280978E-06    0.1033563E-06    0.1905587E-06    0.1032176E-06    0.1771371E-06    0.3305198E-06   -0.2079696E-05   -0.2127767E-05   -0.2646603E-05   -0.2799361E-05   -0.4132080E-05   -0.6454320E-05   -0.3062409E-07    0.4868873E-08
   -0.1114307E-06    0.1564178E-05   -0.1070225E-06   -0.7815177E-05   -0.1197334E-04   -0.4334163E-05   -0.4248258E-05    0.8307519E-03    0.4904223E-03   -0.3179338E-04    0.1730619E-02    0.6516994E-03   -0.5303699E-03   -0.1799381E-03    0.9476152E-04    0.7918892E-03    0.4207657E-03    0.3985654E-03    0.4992863E-03   -0.1576491E-05   -0.1419240E-05   -0.2471225E-05   -0.1683064E-05   -0.1922136E-05   -0.3298683E-05    0.1518376E-04    0.1403443E-04    0.1866978E-04    0.2070314E-04    0.2986920E-04    0.4525324E-04   -0.7007278E-07   -0.2018288E-07
    0.1603973E-07   -0.1070225E-06    0.8135142E-07    0.8697492E-06    0.1619123E-05    0.4064066E-06    0.1431415E-06   -0.8824588E-04   -0.4928948E-04   -0.2685808E-05   -0.3603250E-03   -0.1237440E-03    0.1689834E-04    0.2089619E-04    0.2597725E-04   -0.1092179E-03   -0.1525421E-03   -0.2520939E-03   -0.3375056E-03    0.8882148E-07   -0.7196642E-08    0.4745665E-07   -0.2666674E-07    0.4855151E-07    0.8984935E-07   -0.1852207E-05   -0.9927423E-06   -0.1766663E-05   -0.2073709E-05   -0.3996114E-05   -0.6402615E-05    0.4098459E-08    0.1734615E-07
    0.6167602E-06   -0.7815177E-05    0.8697492E-06    0.1188065E-03    0.2182340E-03    0.2661507E-04   -0.8882231E-05   -0.8609099E-02   -0.5257893E-02   -0.1538297E-02    0.3548199E-02    0.2009464E-02    0.9498534E-02    0.6892258E-02   -0.1434980E-02   -0.3255611E-02   -0.9096132E-03   -0.4093834E-02   -0.6084158E-02    0.7993685E-05    0.8741311E-05    0.1521702E-04    0.1414501E-04    0.1679065E-04    0.2836340E-04   -0.9907351E-04   -0.7077350E-04   -0.1484560E-03   -0.1022092E-03   -0.1850282E-03   -0.3753939E-03    0.6640276E-06    0.3667945E-06
    0.1108235E-05   -0.1197334E-04    0.1619123E-05    0.2182340E-03    0.4126853E-03    0.4165728E-04   -0.4555849E-04   -0.1724082E-01   -0.1074204E-01   -0.3596852E-02    0.1895506E-01    0.1158707E-01    0.2478262E-01    0.1974023E-01   -0.3422783E-02   -0.1061056E-01   -0.1484562E-01   -0.2125927E-01   -0.2543730E-01    0.1065042E-04    0.1246019E-04    0.2236361E-04    0.2254696E-04    0.2690247E-04    0.4698384E-04   -0.1705961E-03   -0.1118494E-03   -0.2493844E-03   -0.1582440E-03   -0.2982860E-03   -0.6328568E-03    0.2253929E-06    0.7682958E-06
    0.3103410E-06   -0.4334163E-05    0.4064066E-06    0.2661507E-04    0.4165728E-04    0.2571714E-04    0.4836094E-04   -0.1128811E-01   -0.5810526E-02   -0.2402518E-02   -0.2782424E-02    0.7641761E-02    0.1437757E-01    0.1321462E-01   -0.2632704E-02   -0.3640445E-02   -0.4262584E-02   -0.5452554E-02   -0.4755262E-02    0.7581498E-05    0.7252071E-05    0.1011674E-04    0.8461434E-05    0.7913639E-05    0.1580405E-04   -0.1714666E-04   -0.2117778E-04   -0.3570522E-04   -0.3513200E-04   -0.4185289E-04   -0.4876432E-04    0.5889484E-06    0.2248144E-06
   -0.3774599E-06   -0.4248258E-05    0.1431415E-06   -0.8882231E-05   -0.4555849E-04    0.4836094E-04    0.1793687E-02   -0.1210891E-02   -0.3279148E-02   -0.3825748E-02    0.2136852E-01   -0.2598010E-02   -0.5092969E-02   -0.1152014E-01   -0.2455326E-02   -0.1524114E-01    0.1768004E-01    0.1994740E-01    0.2457346E-01   -0.3622636E-04   -0.3249153E-04   -0.3494672E-04   -0.3625020E-04   -0.3848968E-04   -0.4265154E-04    0.2976367E-03    0.2809590E-03    0.2029287E-03    0.7267774E-03    0.8129598E-03    0.9159702E-03    0.3736762E-05   -0.1336330E-05
   -0.1630617E-03    0.8307519E-03   -0.8824588E-04   -0.8609099E-02   -0.1724082E-01   -0.1128811E-01   -0.1210891E-02    0.6782948E+02    0.2519634E+02    0.1830892E+01    0.1433100E+02   -0.2114570E+02   -0.6499514E+02   -0.8220451E+02   -0.5357457E+01   -0.3231231E+01   -0.1003965E+02   -0.1382028E+02   -0.1932292E+02   -0.4531952E-02   -0.9481804E-03   -0.5772352E-03   -0.1312797E-02    0.1835070E-02   -0.3830166E-02    0.2620140E-01    0.3515712E-01    0.4518263E-01    0.1255103E-01   -0.1337033E-01   -0.4699081E-01   -0.9661959E-04   -0.3064168E-02
   -0.8999143E-04    0.4904223E-03   -0.4928948E-04   -0.5257893E-02   -0.1074204E-01   -0.5810526E-02   -0.3279148E-02    0.2519634E+02    0.1762801E+02    0.2870457E+01   -0.1651566E+02   -0.2298565E+02   -0.4232015E+02   -0.2619726E+02   -0.2158035E+01   -0.2049450E+01   -0.6948443E+01   -0.1226138E+02   -0.1350293E+02   -0.1638364E-02   -0.9206785E-03   -0.4325808E-03   -0.1481259E-02    0.6629394E-03   -0.3022888E-02    0.1006172E-01    0.1736824E-01    0.2377604E-01    0.1102098E-01   -0.4107776E-03   -0.1227776E-01   -0.2284096E-03   -0.2882164E-03
    0.5477429E-05   -0.3179338E-04   -0.2685808E-05   -0.1538297E-02   -0.3596852E-02   -0.2402518E-02   -0.3825748E-02    0.1830892E+01    0.2870457E+01    0.5968106E+01   -0.3871905E+02   -0.1781713E+02   -0.6403585E+01   -0.1733146E+01   -0.1339857E-01   -0.3571545E+01   -0.2453336E+01    0.1423270E+01    0.1831602E+01    0.8548031E-03    0.2985728E-03   -0.2811246E-03   -0.3489279E-03    0.8296924E-03   -0.2017394E-03    0.5573910E-03   -0.2755242E-02   -0.3924564E-02   -0.1671436E-01   -0.2336167E-01   -0.2393205E-01   -0.2640894E-03    0.1250062E-03
   -0.1966948E-03    0.1730619E-02   -0.3603250E-03    0.3548199E-02    0.1895506E-01   -0.2782424E-02    0.2136852E-01    0.1433100E+02   -0.1651566E+02   -0.3871905E+02    0.7352344E+03    0.1715869E+03    0.7058209E+02    0.6407317E+01   -0.1469983E+02   -0.3840702E+02    0.3056917E+01   -0.7023847E+01   -0.8707547E+01   -0.8995256E-02   -0.4290051E-02   -0.2804432E-02   -0.2636255E-02   -0.1834909E-01   -0.3742690E-01   -0.2461434E-01   -0.8480706E-01   -0.9097697E-01    0.1356596E+00    0.2931839E+00    0.2867120E+00   -0.7133842E-03   -0.2626049E-02
   -0.7252067E-04    0.6516994E-03   -0.1237440E-03    0.2009464E-02    0.1158707E-01    0.7641761E-02   -0.2598010E-02   -0.2114570E+02   -0.2298565E+02   -0.1781713E+02    0.1715869E+03    0.1176112E+03    0.8928963E+02    0.4892131E+02   -0.1157175E+02   -0.1135574E+01   -0.2748107E+01    0.8158177E+00    0.3669302E+01   -0.2393694E-03   -0.4157135E-03    0.9812081E-03    0.5939929E-03   -0.5698921E-02   -0.4896666E-02    0.4928237E-01    0.3594859E-01    0.2899262E-01    0.8472456E-01    0.1016165E+00    0.1147112E+00    0.7312912E-03   -0.7501173E-03
    0.1312695E-03   -0.5303699E-03    0.1689834E-04    0.9498534E-02    0.2478262E-01    0.1437757E-01   -0.5092969E-02   -0.6499514E+02   -0.4232015E+02   -0.6403585E+01    0.7058209E+02    0.8928963E+02    0.1389090E+03    0.1026346E+03   -0.6903400E+01   -0.4618119E+01    0.2826002E+01    0.1018544E+02    0.1008119E+02    0.6015898E-02    0.2457670E-02    0.2097420E-02    0.4309428E-02   -0.1652143E-02    0.3018045E-02    0.8958891E-02   -0.2835845E-01   -0.5865902E-01    0.3417996E-02    0.2335490E-01    0.6890379E-01    0.2534033E-03    0.1987472E-02
    0.9724617E-04   -0.1799381E-03    0.2089619E-04    0.6892258E-02    0.1974023E-01    0.1321462E-01   -0.1152014E-01   -0.8220451E+02   -0.2619726E+02   -0.1733146E+01    0.6407317E+01    0.4892131E+02    0.1026346E+03    0.1395181E+03   -0.5416237E+01   -0.3836377E+01   -0.2985132E+01   -0.1023703E+02   -0.1162021E+02    0.5494861E-02    0.1009302E-02    0.9235527E-03    0.1429362E-02   -0.3043633E-02   -0.3464333E-02   -0.3092798E-02   -0.2734223E-01   -0.6557048E-01    0.1262645E-01    0.2433898E-01    0.5319821E-01   -0.4601399E-03    0.5630532E-02
   -0.3085047E-04    0.9476152E-04    0.2597725E-04   -0.1434980E-02   -0.3422783E-02   -0.2632704E-02   -0.2455326E-02   -0.5357457E+01   -0.2158035E+01   -0.1339857E-01   -0.1469983E+02   -0.1157175E+02   -0.6903400E+01   -0.5416237E+01    0.8343673E+01   -0.1952900E+01   -0.2760142E+01   -0.3299947E+01   -0.3543269E+01   -0.1399810E-02   -0.1760837E-02   -0.1902863E-02   -0.2167067E-02   -0.1413735E-02    0.3183994E-03   -0.1015602E-01    0.3648312E-02    0.7883991E-02    0.1991160E-02    0.4614291E-02    0.4753226E-02    0.1878344E-04    0.3452340E-03
    0.7520223E-04    0.7918892E-03   -0.1092179E-03   -0.3255611E-02   -0.1061056E-01   -0.3640445E-02   -0.1524114E-01   -0.3231231E+01   -0.2049450E+01   -0.3571545E+01   -0.3840702E+02   -0.1135574E+01   -0.4618119E+01   -0.3836377E+01   -0.1952900E+01    0.1558992E+03    0.5521422E+02    0.4838481E+02    0.4440257E+02   -0.2529934E-02   -0.3184877E-02   -0.1783545E-03    0.9747866E-03    0.1836694E-02    0.8217425E-02   -0.5953318E-01   -0.5976522E-01   -0.2129553E-01   -0.3928142E-01   -0.6177466E-01   -0.8948951E-01   -0.1349259E-01    0.6841879E-03
   -0.1552831E-03    0.4207657E-03   -0.1525421E-03   -0.9096132E-03   -0.1484562E-01   -0.4262584E-02    0.1768004E-01   -0.1003965E+02   -0.6948443E+01   -0.2453336E+01    0.3056917E+01   -0.2748107E+01    0.2826002E+01   -0.2985132E+01   -0.2760142E+01    0.5521422E+02    0.1001957E+03    0.9999626E+02    0.9964274E+02    0.1086111E-02    0.2396359E-02    0.1556505E-02    0.2852373E-02    0.2179277E-02    0.1193154E-02   -0.4242983E-01   -0.8314779E-01   -0.8706782E-01   -0.6816990E-01   -0.5829854E-01   -0.8842683E-01    0.2691201E-02    0.3465334E-04
   -0.1474867E-03    0.3985654E-03   -0.2520939E-03   -0.4093834E-02   -0.2125927E-01   -0.5452554E-02    0.1994740E-01   -0.1382028E+02   -0.1226138E+02    0.1423270E+01   -0.7023847E+01    0.8158177E+00    0.1018544E+02   -0.1023703E+02   -0.3299947E+01    0.4838481E+02    0.9999626E+02    0.1362514E+03    0.1599044E+03    0.8407603E-03    0.3315712E-02    0.1923474E-02    0.3998429E-02    0.1757145E-02    0.2520405E-02   -0.2095583E-01   -0.6015638E-01   -0.5058866E-01   -0.8074536E-01   -0.5745890E-01   -0.3178948E-01    0.3033852E-02   -0.4835366E-02
   -0.1548336E-03    0.4992863E-03   -0.3375056E-03   -0.6084158E-02   -0.2543730E-01   -0.4755262E-02    0.2457346E-01   -0.1932292E+02   -0.1350293E+02    0.1831602E+01   -0.8707547E+01    0.3669302E+01    0.1008119E+02   -0.1162021E+02   -0.3543269E+01    0.4440257E+02    0.9964274E+02    0.1599044E+03    0.2079662E+03    0.5621187E-03    0.3390725E-02    0.2925789E-02    0.5687347E-02    0.2409227E-02    0.4903932E-02   -0.1146036E-02   -0.3262697E-01    0.1234540E-02   -0.6976265E-01   -0.1721229E-01    0.1052125E+00    0.3601071E-02   -0.9181603E-02
    0.1280978E-06   -0.1576491E-05    0.8882148E-07    0.7993685E-05    0.1065042E-04    0.7581498E-05   -0.3622636E-04   -0.4531952E-02   -0.1638364E-02    0.8548031E-03   -0.8995256E-02   -0.2393694E-03    0.6015898E-02    0.5494861E-02   -0.1399810E-02   -0.2529934E-02    0.1086111E-02    0.8407603E-03    0.5621187E-03    0.6849556E-04    0.2144714E-04    0.2636951E-04    0.1165627E-04    0.1487098E-04    0.1549891E-04   -0.6154735E-04   -0.3438358E-04   -0.2211163E-04   -0.2030808E-04   -0.1942112E-04   -0.3642627E-04    0.5462830E-06    0.3340265E-06
    0.1033563E-06   -0.1419240E-05   -0.7196642E-08    0.8741311E-05    0.1246019E-04    0.7252071E-05   -0.3249153E-04   -0.9481804E-03   -0.9206785E-03    0.2985728E-03   -0.4290051E-02   -0.4157135E-03    0.2457670E-02    0.1009302E-02   -0.1760837E-02   -0.3184877E-02    0.2396359E-02    0.3315712E-02    0.3390725E-02    0.2144714E-04    0.4115789E-04    0.3758714E-04    0.2924201E-04    0.2879196E-04    0.3276236E-04   -0.1076052E-04   -0.5845417E-04   -0.2600376E-04   -0.1382210E-03   -0.1221690E-03   -0.1145734E-03    0.6819867E-06   -0.1382352E-06
    0.1905587E-06   -0.2471225E-05    0.4745665E-07    0.1521702E-04    0.2236361E-04    0.1011674E-04   -0.3494672E-04   -0.5772352E-03   -0.4325808E-03   -0.2811246E-03   -0.2804432E-02    0.9812081E-03    0.2097420E-02    0.9235527E-03   -0.1902863E-02   -0.1783545E-03    0.1556505E-02    0.1923474E-02    0.2925789E-02    0.2636951E-04    0.3758714E-04    0.1156437E-03    0.2856870E-04    0.5676746E-04    0.1139652E-03   -0.9027661E-04   -0.9221396E-04   -0.1036090E-03   -0.1307656E-03   -0.2563825E-03   -0.5014081E-03    0.2097864E-06   -0.2369011E-06
    0.1032176E-06   -0.1683064E-05   -0.2666674E-07    0.1414501E-04    0.2254696E-04    0.8461434E-05   -0.3625020E-04   -0.1312797E-02   -0.1481259E-02   -0.3489279E-03   -0.2636255E-02    0.5939929E-03    0.4309428E-02    0.1429362E-02   -0.2167067E-02    0.9747866E-03    0.2852373E-02    0.3998429E-02    0.5687347E-02    0.1165627E-04    0.2924201E-04    0.2856870E-04    0.8056090E-04    0.5363557E-04    0.3806821E-04   -0.5712735E-04   -0.9174992E-04   -0.6711374E-04   -0.2174314E-03   -0.2119368E-03   -0.2143335E-03    0.4499907E-06   -0.3942656E-06
    0.1771371E-06   -0.1922136E-05    0.4855151E-07    0.1679065E-04    0.2690247E-04    0.7913639E-05   -0.3848968E-04    0.1835070E-02    0.6629394E-03    0.8296924E-03   -0.1834909E-01   -0.5698921E-02   -0.1652143E-02   -0.3043633E-02   -0.1413735E-02    0.1836694E-02    0.2179277E-02    0.1757145E-02    0.2409227E-02    0.1487098E-04    0.2879196E-04    0.5676746E-04    0.5363557E-04    0.1270394E-03    0.1707548E-03    0.3561723E-04   -0.3387219E-04   -0.4510674E-04   -0.2198095E-03   -0.2971285E-03   -0.4872962E-03    0.4681205E-06   -0.3271285E-06
    0.3305198E-06   -0.3298683E-05    0.8984935E-07    0.2836340E-04    0.4698384E-04    0.1580405E-04   -0.4265154E-04   -0.3830166E-02   -0.3022888E-02   -0.2017394E-03   -0.3742690E-01   -0.4896666E-02    0.3018045E-02   -0.3464333E-02    0.3183994E-03    0.8217425E-02    0.1193154E-02    0.2520405E-02    0.4903932E-02    0.1549891E-04    0.3276236E-04    0.1139652E-03    0.3806821E-04    0.1707548E-03    0.6891294E-03   -0.1046292E-04   -0.2751173E-04   -0.1631470E-04   -0.2546245E-03   -0.3782830E-03   -0.4537863E-03    0.1223483E-06   -0.5343177E-06
   -0.2079696E-05    0.1518376E-04   -0.1852207E-05   -0.9907351E-04   -0.1705961E-03   -0.1714666E-04    0.2976367E-03    0.2620140E-01    0.1006172E-01    0.5573910E-03   -0.2461434E-01    0.4928237E-01    0.8958891E-02   -0.3092798E-02   -0.1015602E-01   -0.5953318E-01   -0.4242983E-01   -0.2095583E-01   -0.1146036E-02   -0.6154735E-04   -0.1076052E-04   -0.9027661E-04   -0.5712735E-04    0.3561723E-04   -0.1046292E-04    0.1299021E-01    0.8447019E-02    0.9495035E-02    0.2489736E-02    0.2700753E-02    0.3698208E-02    0.6111486E-05   -0.5540507E-05
   -0.2127767E-05    0.1403443E-04   -0.9927423E-06   -0.7077350E-04   -0.1118494E-03   -0.2117778E-04    0.2809590E-03    0.3515712E-01    0.1736824E-01   -0.2755242E-02   -0.8480706E-01    0.3594859E-01   -0.2835845E-01   -0.2734223E-01    0.3648312E-02   -0.5976522E-01   -0.8314779E-01   -0.6015638E-01   -0.3262697E-01   -0.3438358E-04   -0.5845417E-04   -0.9221396E-04   -0.9174992E-04   -0.3387219E-04   -0.2751173E-04    0.8447019E-02    0.1213721E-01    0.1313054E-01    0.8497706E-02    0.7850439E-02    0.7162707E-02    0.5848797E-05   -0.7884002E-05
   -0.2646603E-05    0.1866978E-04   -0.1766663E-05   -0.1484560E-03   -0.2493844E-03   -0.3570522E-04    0.2029287E-03    0.4518263E-01    0.2377604E-01   -0.3924564E-02   -0.9097697E-01    0.2899262E-01   -0.5865902E-01   -0.6557048E-01    0.7883991E-02   -0.2129553E-01   -0.8706782E-01   -0.5058866E-01    0.1234540E-02   -0.2211163E-04   -0.2600376E-04   -0.1036090E-03   -0.6711374E-04   -0.4510674E-04   -0.1631470E-04    0.9495035E-02    0.1313054E-01    0.2535387E-01    0.4807766E-02    0.1175698E-01    0.2344664E-01   -0.1161411E-05   -0.1225382E-04
   -0.2799361E-05    0.2070314E-04   -0.2073709E-05   -0.1022092E-03   -0.1582440E-03   -0.3513200E-04    0.7267774E-03    0.1255103E-01    0.1102098E-01   -0.1671436E-01    0.1356596E+00    0.8472456E-01    0.3417996E-02    0.1262645E-01    0.1991160E-02   -0.3928142E-01   -0.6816990E-01   -0.8074536E-01   -0.6976265E-01   -0.2030808E-04   -0.1382210E-03   -0.1307656E-03   -0.2174314E-03   -0.2198095E-03   -0.2546245E-03    0.2489736E-02    0.8497706E-02    0.4807766E-02    0.2172276E-01    0.1985151E-01    0.1395284E-01    0.1629182E-07   -0.6384504E-06
   -0.4132080E-05    0.2986920E-04   -0.3996114E-05   -0.1850282E-03   -0.2982860E-03   -0.4185289E-04    0.8129598E-03   -0.1337033E-01   -0.4107776E-03   -0.2336167E-01    0.2931839E+00    0.1016165E+00    0.2335490E-01    0.2433898E-01    0.4614291E-02   -0.6177466E-01   -0.5829854E-01   -0.5745890E-01   -0.1721229E-01   -0.1942112E-04   -0.1221690E-03   -0.2563825E-03   -0.2119368E-03   -0.2971285E-03   -0.3782830E-03    0.2700753E-02    0.7850439E-02    0.1175698E-01    0.1985151E-01    0.3035000E-01    0.4202340E-01    0.1635506E-05   -0.4927221E-05
   -0.6454320E-05    0.4525324E-04   -0.6402615E-05   -0.3753939E-03   -0.6328568E-03   -0.4876432E-04    0.9159702E-03   -0.4699081E-01   -0.1227776E-01   -0.2393205E-01    0.2867120E+00    0.1147112E+00    0.6890379E-01    0.5319821E-01    0.4753226E-02   -0.8948951E-01   -0.8842683E-01   -0.3178948E-01    0.1052125E+00   -0.3642627E-04   -0.1145734E-03   -0.5014081E-03   -0.2143335E-03   -0.4872962E-03   -0.4537863E-03    0.3698208E-02    0.7162707E-02    0.2344664E-01    0.1395284E-01    0.4202340E-01    0.1049579E+00    0.1893161E-05   -0.2159274E-04
   -0.3062409E-07   -0.7007278E-07    0.4098459E-08    0.6640276E-06    0.2253929E-06    0.5889484E-06    0.3736762E-05   -0.9661959E-04   -0.2284096E-03   -0.2640894E-03   -0.7133842E-03    0.7312912E-03    0.2534033E-03   -0.4601399E-03    0.1878344E-04   -0.1349259E-01    0.2691201E-02    0.3033852E-02    0.3601071E-02    0.5462830E-06    0.6819867E-06    0.2097864E-06    0.4499907E-06    0.4681205E-06    0.1223483E-06    0.6111486E-05    0.5848797E-05   -0.1161411E-05    0.1629182E-07    0.1635506E-05    0.1893161E-05    0.2354894E-05   -0.1385275E-06
    0.4868873E-08   -0.2018288E-07    0.1734615E-07    0.3667945E-06    0.7682958E-06    0.2248144E-06   -0.1336330E-05   -0.3064168E-02   -0.2882164E-03    0.1250062E-03   -0.2626049E-02   -0.7501173E-03    0.1987472E-02    0.5630532E-02    0.3452340E-03    0.6841879E-03    0.3465334E-04   -0.4835366E-02   -0.9181603E-02    0.3340265E-06   -0.1382352E-06   -0.2369011E-06   -0.3942656E-06   -0.3271285E-06   -0.5343177E-06   -0.5540507E-05   -0.7884002E-05   -0.1225382E-04   -0.6384504E-06   -0.4927221E-05   -0.2159274E-04   -0.1385275E-06    0.1261445E-05
