# omegabh2 omegach2 theta tau w logA ns acib217 acibsz143 asz143 aps100 aps143 aps143217 aps217 aksz kgal100 t1gal143 t1gal143217 t1gal217 calib_100T calib_217T
    0.5683980E-07   -0.1744791E-06    0.4365073E-07    0.7614035E-06    0.6099383E-05    0.1154535E-05    0.5804498E-06   -0.2945992E-03   -0.1267519E-03    0.1948684E-04   -0.1081078E-02   -0.4698947E-03   -0.8410999E-04    0.7653525E-05   -0.7565684E-04    0.9735173E-03    0.5516931E-03    0.4994001E-03    0.4545497E-03   -0.5242470E-07    0.1745988E-07
   -0.1744791E-06    0.3674132E-05   -0.3097046E-06   -0.8458432E-05   -0.1147239E-03   -0.8248536E-05   -0.7826170E-05    0.4324080E-04   -0.5662133E-04   -0.2917213E-03    0.2217738E-02    0.1871815E-02    0.1125530E-02    0.9421859E-03   -0.2279521E-03    0.1873581E-02    0.1022799E-02    0.9713978E-03    0.1084454E-02   -0.1141881E-06   -0.3015767E-07
    0.4365073E-07   -0.3097046E-06    0.2271470E-06    0.9577988E-06    0.1461746E-04    0.1313930E-05    0.1026697E-05    0.5638219E-04    0.3432111E-04    0.2800920E-04   -0.5931152E-03   -0.3932937E-03   -0.3356130E-03   -0.3092733E-03   -0.2689926E-04    0.4617509E-03    0.3104370E-03    0.3235054E-03    0.3525830E-03   -0.2454903E-07   -0.1347608E-07
    0.7614035E-06   -0.8458432E-05    0.9577988E-06    0.1887616E-03    0.2883908E-03    0.3605078E-03    0.3127928E-04   -0.1087042E-01   -0.4976415E-02   -0.7136707E-03   -0.6824664E-02    0.4199251E-02    0.1399726E-01    0.1549577E-01   -0.3349250E-02   -0.2027343E-01   -0.1945757E-01   -0.2177050E-01   -0.2284700E-01    0.1017223E-05    0.6396619E-06
    0.6099383E-05   -0.1147239E-03    0.1461746E-04    0.2883908E-03    0.7080497E-02    0.3041020E-03    0.2646849E-03   -0.1313495E-01   -0.2095387E-02    0.9949391E-02   -0.8732076E-01   -0.6710233E-01   -0.2862313E-01   -0.1687025E-01    0.3858272E-02   -0.3638866E-01   -0.1018564E-01   -0.3327392E-02    0.4948367E-03    0.2521244E-05   -0.1604514E-06
    0.1154535E-05   -0.8248536E-05    0.1313930E-05    0.3605078E-03    0.3041020E-03    0.7231519E-03    0.4174100E-04   -0.2142955E-01   -0.1058817E-01   -0.3181024E-02    0.1705080E-01    0.2905853E-01    0.4462000E-01    0.4586779E-01   -0.8229591E-02   -0.6125965E-01   -0.8766375E-01   -0.9260321E-01   -0.9469658E-01   -0.8546810E-06    0.1089675E-05
    0.5804498E-06   -0.7826170E-05    0.1026697E-05    0.3127928E-04    0.2646849E-03    0.4174100E-04    0.3199734E-04   -0.9058871E-02   -0.3891855E-02   -0.8311177E-03   -0.1630547E-01   -0.2088045E-04    0.7904130E-02    0.9697034E-02   -0.2510743E-02   -0.2587807E-02   -0.2036768E-02   -0.4196599E-02   -0.4541080E-02    0.7241980E-06    0.5044406E-06
   -0.2945992E-03    0.4324080E-04    0.5638219E-04   -0.1087042E-01   -0.1313495E-01   -0.2142955E-01   -0.9058871E-02    0.6532535E+02    0.2388043E+02    0.9278428E+00    0.1667629E+02   -0.1848339E+02   -0.6177072E+02   -0.8017479E+02   -0.3121222E+01   -0.1110630E+02   -0.2021050E+02   -0.2374872E+02   -0.2720343E+02    0.7896259E-04   -0.3457462E-02
   -0.1267519E-03   -0.5662133E-04    0.3432111E-04   -0.4976415E-02   -0.2095387E-02   -0.1058817E-01   -0.3891855E-02    0.2388043E+02    0.1737043E+02    0.2265183E+01   -0.1118379E+02   -0.2139360E+02   -0.4123515E+02   -0.2476085E+02   -0.1433991E+01   -0.7279388E+01   -0.1152060E+02   -0.1795506E+02   -0.1915119E+02   -0.1339129E-04   -0.1824007E-03
    0.1948684E-04   -0.2917213E-03    0.2800920E-04   -0.7136707E-03    0.9949391E-02   -0.3181024E-02   -0.8311177E-03    0.9278428E+00    0.2265183E+01    0.5661976E+01   -0.3766163E+02   -0.1675411E+02   -0.5276367E+01   -0.1270843E+01   -0.9748305E-01   -0.2025742E+01   -0.3906806E+00    0.3180180E+01    0.3635537E+01   -0.1692997E-03    0.1768815E-03
   -0.1081078E-02    0.2217738E-02   -0.5931152E-03   -0.6824664E-02   -0.8732076E-01    0.1705080E-01   -0.1630547E-01    0.1667629E+02   -0.1118379E+02   -0.3766163E+02    0.7657448E+03    0.1875364E+03    0.8016636E+02    0.2793790E+02   -0.1334585E+02   -0.7894608E+02   -0.6331784E+02   -0.6956881E+02   -0.6666378E+02   -0.3912357E-02   -0.3506263E-02
   -0.4698947E-03    0.1871815E-02   -0.3932937E-03    0.4199251E-02   -0.6710233E-01    0.2905853E-01   -0.2088045E-04   -0.1848339E+02   -0.2139360E+02   -0.1675411E+02    0.1875364E+03    0.1251314E+03    0.9626395E+02    0.5763742E+02   -0.1073467E+02   -0.2538339E+02   -0.4448358E+02   -0.3904761E+02   -0.3589659E+02   -0.1182544E-02   -0.1016467E-02
   -0.8410999E-04    0.1125530E-02   -0.3356130E-03    0.1399726E-01   -0.2862313E-01    0.4462000E-01    0.7904130E-02   -0.6177072E+02   -0.4123515E+02   -0.5276367E+01    0.8016636E+02    0.9626395E+02    0.1456565E+03    0.1094103E+03   -0.8014168E+01   -0.1573146E+02   -0.2549779E+02   -0.1631478E+02   -0.1664382E+02   -0.1663765E-02    0.1830967E-02
    0.7653525E-05    0.9421859E-03   -0.3092733E-03    0.1549577E-01   -0.1687025E-01    0.4586779E-01    0.9697034E-02   -0.8017479E+02   -0.2476085E+02   -0.1270843E+01    0.2793790E+02    0.5763742E+02    0.1094103E+03    0.1479005E+03   -0.7648776E+01   -0.1905725E+02   -0.2911213E+02   -0.3712016E+02   -0.4089955E+02   -0.1800793E-02    0.6203301E-02
   -0.7565684E-04   -0.2279521E-03   -0.2689926E-04   -0.3349250E-02    0.3858272E-02   -0.8229591E-02   -0.2510743E-02   -0.3121222E+01   -0.1433991E+01   -0.9748305E-01   -0.1334585E+02   -0.1073467E+02   -0.8014168E+01   -0.7648776E+01    0.8229239E+01   -0.2959424E+01   -0.3871984E+01   -0.4329295E+01   -0.4753575E+01    0.1457855E-04    0.2356480E-03
    0.9735173E-03    0.1873581E-02    0.4617509E-03   -0.2027343E-01   -0.3638866E-01   -0.6125965E-01   -0.2587807E-02   -0.1110630E+02   -0.7279388E+01   -0.2025742E+01   -0.7894608E+02   -0.2538339E+02   -0.1573146E+02   -0.1905725E+02   -0.2959424E+01    0.2300008E+03    0.1484467E+03    0.1461273E+03    0.1441628E+03   -0.1297383E-01    0.3247564E-03
    0.5516931E-03    0.1022799E-02    0.3104370E-03   -0.1945757E-01   -0.1018564E-01   -0.8766375E-01   -0.2036768E-02   -0.2021050E+02   -0.1152060E+02   -0.3906806E+00   -0.6331784E+02   -0.4448358E+02   -0.2549779E+02   -0.2911213E+02   -0.3871984E+01    0.1484467E+03    0.2649743E+03    0.2681853E+03    0.2680384E+03    0.8713578E-02    0.5771415E-03
    0.4994001E-03    0.9713978E-03    0.3235054E-03   -0.2177050E-01   -0.3327392E-02   -0.9260321E-01   -0.4196599E-02   -0.2374872E+02   -0.1795506E+02    0.3180180E+01   -0.6956881E+02   -0.3904761E+02   -0.1631478E+02   -0.3712016E+02   -0.4329295E+01    0.1461273E+03    0.2681853E+03    0.3104399E+03    0.3364814E+03    0.8551281E-02   -0.4962600E-02
    0.4545497E-03    0.1084454E-02    0.3525830E-03   -0.2284700E-01    0.4948367E-03   -0.9469658E-01   -0.4541080E-02   -0.2720343E+02   -0.1915119E+02    0.3635537E+01   -0.6666378E+02   -0.3589659E+02   -0.1664382E+02   -0.4089955E+02   -0.4753575E+01    0.1441628E+03    0.2680384E+03    0.3364814E+03    0.3889447E+03    0.8579453E-02   -0.9992678E-02
   -0.5242470E-07   -0.1141881E-06   -0.2454903E-07    0.1017223E-05    0.2521244E-05   -0.8546810E-06    0.7241980E-06    0.7896259E-04   -0.1339129E-04   -0.1692997E-03   -0.3912357E-02   -0.1182544E-02   -0.1663765E-02   -0.1800793E-02    0.1457855E-04   -0.1297383E-01    0.8713578E-02    0.8551281E-02    0.8579453E-02    0.3009765E-05   -0.6404952E-09
    0.1745988E-07   -0.3015767E-07   -0.1347608E-07    0.6396619E-06   -0.1604514E-06    0.1089675E-05    0.5044406E-06   -0.3457462E-02   -0.1824007E-03    0.1768815E-03   -0.3506263E-02   -0.1016467E-02    0.1830967E-02    0.6203301E-02    0.2356480E-03    0.3247564E-03    0.5771415E-03   -0.4962600E-02   -0.9992678E-02   -0.6404952E-09    0.1484056E-05
