# omegabh2 omegach2 theta tau alpha1 logA ns calPlanck acib217 xi asz143 aps100 aps143 aps143217 aps217 aksz kgal100 kgal143 kgal143217 kgal217 galfEE100 galfEE100143 galfEE100217 galfEE143 galfEE143217 galfEE217 galfTE100 galfTE100143 galfTE100217 galfTE143 galfTE143217 galfTE217 cal0 cal2
    0.2610666E-07   -0.1253831E-06    0.1518248E-07    0.9785580E-06   -0.8245414E-08    0.1766732E-05    0.2782089E-06    0.3253922E-09   -0.1014631E-03    0.2453436E-05    0.2558531E-04   -0.4221308E-03   -0.2447967E-03   -0.5624005E-04    0.1387984E-04   -0.4058686E-04   -0.8316012E-05   -0.3003013E-05   -0.1014267E-04    0.7971488E-05    0.8787151E-07    0.3669579E-07   -0.3798293E-07    0.4714550E-07    0.3182104E-07    0.2503461E-06   -0.3449328E-06   -0.1256269E-06    0.3653340E-06   -0.1239633E-06   -0.4604312E-06   -0.1091262E-05    0.4191701E-08   -0.8379506E-08
   -0.1253831E-06    0.3562364E-05   -0.5931578E-06   -0.1099389E-04   -0.6751280E-06   -0.1199846E-04   -0.1190475E-04   -0.1636487E-06    0.6185841E-03   -0.2235483E-04   -0.2416900E-03    0.4148845E-02    0.1954888E-02    0.3131143E-03    0.7774808E-04    0.3125341E-03    0.4884121E-04   -0.5997456E-04   -0.5005533E-04   -0.1038011E-03    0.1216944E-06   -0.3525799E-07    0.4177601E-06   -0.8161193E-08   -0.4457796E-06   -0.2423466E-05    0.6442208E-05    0.2837864E-05   -0.2731778E-05    0.1385343E-05    0.3476318E-05    0.6890862E-05    0.4239460E-07    0.5353114E-07
    0.1518248E-07   -0.5931578E-06    0.2193729E-06    0.1121948E-05    0.1936601E-06    0.4666873E-06    0.2453530E-05    0.2891814E-07   -0.8634993E-04    0.2224019E-05    0.4216100E-04   -0.5684500E-03   -0.2683310E-03   -0.4790518E-04   -0.2813569E-05   -0.4428016E-04   -0.1050339E-04    0.1672574E-04    0.3723150E-04    0.7346476E-04   -0.2787138E-06   -0.8772486E-07   -0.2074916E-06   -0.9350140E-07    0.1705205E-07    0.3498639E-06   -0.1103752E-05   -0.3790583E-06    0.4217232E-06   -0.1631502E-06   -0.2627832E-06   -0.8631089E-06   -0.1355933E-07    0.2709272E-09
    0.9785580E-06   -0.1099389E-04    0.1121948E-05    0.2957518E-03    0.1534884E-06    0.5573470E-03    0.3924885E-04   -0.3406117E-05   -0.1228271E-01    0.2664266E-03    0.2580847E-02   -0.5103969E-01   -0.2017348E-01    0.3541854E-03    0.8401618E-02   -0.5150497E-02   -0.6611813E-03   -0.5875067E-03   -0.1821075E-02   -0.5416731E-03    0.5792567E-05    0.2895461E-05   -0.3454251E-05    0.1847771E-05   -0.5034068E-06    0.1291963E-05   -0.2649936E-04   -0.3798172E-05    0.4736762E-04   -0.2814841E-05   -0.2190940E-04   -0.3821661E-04    0.1765355E-06   -0.1305349E-05
   -0.8245414E-08   -0.6751280E-06    0.1936601E-06    0.1534884E-06    0.3634242E-06   -0.2041037E-05    0.3107307E-05    0.3575223E-07   -0.1138786E-03    0.3118722E-05    0.4397960E-04   -0.6073400E-03   -0.2425293E-03    0.3244276E-04    0.8357702E-04   -0.5649887E-04   -0.6059952E-05    0.1759222E-04    0.3920956E-04    0.1019259E-03   -0.5380004E-06   -0.1890193E-06   -0.1268740E-06   -0.2469147E-06   -0.5233359E-08    0.1047587E-06   -0.1941803E-05   -0.5553020E-06   -0.2226770E-06   -0.1708190E-06   -0.7004003E-07    0.6147001E-07   -0.1774407E-07    0.3136135E-08
    0.1766732E-05   -0.1199846E-04    0.4666873E-06    0.5573470E-03   -0.2041037E-05    0.1105400E-02    0.4089151E-04    0.5752062E-05   -0.2277159E-01    0.5236879E-03    0.4502011E-02   -0.8564405E-01   -0.3347858E-01    0.4353781E-02    0.2247584E-01   -0.1012933E-01   -0.1374472E-02   -0.2102752E-02   -0.4779051E-02   -0.4122606E-03    0.1404920E-04    0.5828486E-05   -0.5978410E-05    0.5160968E-05   -0.1250255E-05    0.1904371E-05   -0.3491545E-04   -0.2231370E-05    0.8421526E-04   -0.5272526E-05   -0.4628225E-04   -0.7025903E-04    0.8233766E-06   -0.2565617E-05
    0.2782089E-06   -0.1190475E-04    0.2453530E-05    0.3924885E-04    0.3107307E-05    0.4089151E-04    0.5313519E-04    0.3975537E-06   -0.6356289E-02    0.1678237E-03    0.1699807E-02   -0.3331096E-01   -0.9964180E-02    0.2782133E-02    0.6325836E-02   -0.3146153E-02   -0.5476358E-04    0.3756040E-04   -0.4784943E-04    0.1316416E-02    0.3650983E-06    0.1686280E-06   -0.9350001E-06   -0.9895749E-07    0.2703080E-05    0.3967451E-05   -0.2075987E-04   -0.7480186E-05    0.1167704E-04   -0.2561003E-05   -0.4254854E-05   -0.1044020E-04   -0.3465145E-06   -0.5052026E-06
    0.3253922E-09   -0.1636487E-06    0.2891814E-07   -0.3406117E-05    0.3575223E-07    0.5752062E-05    0.3975537E-06    0.6455559E-05    0.1000481E-02   -0.1023655E-05    0.1990036E-04    0.3399574E-02    0.6111040E-03    0.4178803E-03    0.9881724E-03    0.4867652E-04   -0.3249598E-05   -0.1060448E-03   -0.1901893E-03    0.5030134E-03    0.1164224E-05    0.4042018E-07    0.1730252E-06    0.6663333E-06    0.8314383E-06    0.2405375E-05   -0.2084558E-06   -0.1062363E-05   -0.1913699E-05   -0.1312404E-05   -0.4031539E-05   -0.2801324E-05    0.3568058E-07    0.4976946E-08
   -0.1014631E-03    0.6185841E-03   -0.8634993E-04   -0.1228271E-01   -0.1138786E-03   -0.2277159E-01   -0.6356289E-02    0.1000481E-02    0.4799383E+02   -0.5003797E+00   -0.1476721E+01    0.4305660E+02   -0.1555670E+00   -0.2147432E+02   -0.6569508E+02    0.2517228E+00   -0.1059693E+00    0.2986330E+00   -0.3034662E+01   -0.2411569E+02   -0.7545728E-03   -0.3057532E-03   -0.1282929E-04    0.3467293E-03   -0.6688077E-04   -0.5156925E-02    0.2378843E-02    0.5565863E-03   -0.8530791E-03   -0.2951190E-02   -0.8898311E-02   -0.8715538E-02   -0.1661845E-03    0.4449709E-02
    0.2453436E-05   -0.2235483E-04    0.2224019E-05    0.2664266E-03    0.3118722E-05    0.5236879E-03    0.1678237E-03   -0.1023655E-05   -0.5003797E+00    0.8092199E-01   -0.7249601E-01   -0.4144702E+00    0.9810446E+00    0.1775351E+01    0.7718162E+00    0.6549777E-01   -0.6954474E-02    0.5681509E-02    0.1023177E+00    0.1287746E+00   -0.2866122E-04    0.1352523E-04    0.1526865E-04    0.8388885E-05   -0.3790621E-04   -0.1549519E-03   -0.1249062E-04    0.9237276E-06   -0.1127814E-03    0.6991192E-06   -0.1212785E-03   -0.2099163E-03    0.6651186E-05   -0.1689687E-04
    0.2558531E-04   -0.2416900E-03    0.4216100E-04    0.2580847E-02    0.4397960E-04    0.4502011E-02    0.1699807E-02    0.1990036E-04   -0.1476721E+01   -0.7249601E-01    0.3632674E+01   -0.2834257E+02   -0.3845265E+01    0.7284756E+01    0.6210079E+01   -0.2453422E+01   -0.1896155E+00    0.9031364E-01    0.2392974E+01    0.2013173E+01    0.2310736E-03   -0.9571353E-05   -0.6312086E-03    0.4415086E-04    0.5872973E-03   -0.3458066E-03    0.1100206E-02    0.4370711E-03    0.5134917E-02   -0.1068518E-02    0.1031025E-02   -0.2250257E-02    0.1818996E-03   -0.3550425E-03
   -0.4221308E-03    0.4148845E-02   -0.5684500E-03   -0.5103969E-01   -0.6073400E-03   -0.8564405E-01   -0.3331096E-01    0.3399574E-02    0.4305660E+02   -0.4144702E+00   -0.2834257E+02    0.7088020E+03    0.6657631E+02   -0.5762758E+02   -0.7062933E+02    0.1216382E+02   -0.4170265E+00   -0.4016202E+00   -0.1342034E+02   -0.2102570E+02   -0.5316376E-02   -0.1637856E-02    0.4131631E-02   -0.1457569E-02   -0.6707138E-02    0.1787652E-01    0.3297680E-01   -0.4419751E-02   -0.2112282E-01    0.1412571E-01   -0.2955778E-01    0.3632752E-02    0.4536332E-02    0.4040504E-02
   -0.2447967E-03    0.1954888E-02   -0.2683310E-03   -0.2017348E-01   -0.2425293E-03   -0.3347858E-01   -0.9964180E-02    0.6111040E-03   -0.1555670E+00    0.9810446E+00   -0.3845265E+01    0.6657631E+02    0.5729536E+02    0.4082112E+02    0.1754915E+02   -0.4218765E+01   -0.2809233E+00   -0.7593053E+00    0.3771476E+01    0.3929745E+01   -0.2656620E-02   -0.2274536E-03    0.1565667E-02   -0.4124752E-03   -0.2728564E-02    0.2047062E-02    0.2285292E-02    0.4709055E-03   -0.1667287E-01    0.1855846E-02   -0.4943541E-02   -0.4886065E-04    0.1363251E-03    0.1231551E-03
   -0.5624005E-04    0.3131143E-03   -0.4790518E-04    0.3541854E-03    0.3244276E-04    0.4353781E-02    0.2782133E-02    0.4178803E-03   -0.2147432E+02    0.1775351E+01    0.7284756E+01   -0.5762758E+02    0.4082112E+02    0.9104684E+02    0.6483503E+02   -0.1102637E+02   -0.7043113E+00   -0.3207886E+00    0.4721991E+01    0.6261251E+01   -0.1770582E-02    0.8288616E-04   -0.4817200E-03   -0.1745883E-03   -0.4624505E-03   -0.2345238E-02    0.7011540E-02    0.1446049E-02    0.1335904E-01   -0.2972452E-02    0.3216443E-03    0.3593245E-03    0.7223716E-03   -0.2527906E-02
    0.1387984E-04    0.7774808E-04   -0.2813569E-05    0.8401618E-02    0.8357702E-04    0.2247584E-01    0.6325836E-02    0.9881724E-03   -0.6569508E+02    0.7718162E+00    0.6210079E+01   -0.7062933E+02    0.1754915E+02    0.6483503E+02    0.1243610E+03   -0.9490394E+01   -0.2969371E+00   -0.6396793E+00    0.7646207E+00    0.2141094E+02   -0.1879476E-03    0.3264378E-03   -0.4384342E-04   -0.4589461E-03    0.6745418E-03    0.7378631E-02    0.2519117E-05   -0.7709717E-03    0.3244446E-02    0.2798232E-02    0.1247689E-01    0.1496790E-01    0.6325200E-03   -0.7732447E-02
   -0.4058686E-04    0.3125341E-03   -0.4428016E-04   -0.5150497E-02   -0.5649887E-04   -0.1012933E-01   -0.3146153E-02    0.4867652E-04    0.2517228E+00    0.6549777E-01   -0.2453422E+01    0.1216382E+02   -0.4218765E+01   -0.1102637E+02   -0.9490394E+01    0.5589941E+01    0.9529735E-01   -0.1313727E+00   -0.1942494E+01   -0.1411970E+01   -0.2471612E-03   -0.1218924E-03    0.2622657E-03   -0.1367327E-03   -0.2874351E-03   -0.2902024E-03    0.2108360E-03   -0.1097412E-03   -0.2911902E-02    0.2749450E-03   -0.1329593E-03    0.1838908E-02   -0.1265208E-03    0.1599876E-03
   -0.8316012E-05    0.4884121E-04   -0.1050339E-04   -0.6611813E-03   -0.6059952E-05   -0.1374472E-02   -0.5476358E-04   -0.3249598E-05   -0.1059693E+00   -0.6954474E-02   -0.1896155E+00   -0.4170265E+00   -0.2809233E+00   -0.7043113E+00   -0.2969371E+00    0.9529735E-01    0.3157168E+01    0.7508735E+00    0.4082714E+00    0.7193435E+00    0.2195751E-03    0.5667430E-04   -0.1790023E-03    0.4921933E-04    0.3161876E-03   -0.1352934E-02   -0.3959110E-02    0.1843660E-03   -0.6652571E-02    0.3116061E-04   -0.1074586E-03   -0.3628331E-02    0.4263131E-03    0.2282581E-04
   -0.3003013E-05   -0.5997456E-04    0.1672574E-04   -0.5875067E-03    0.1759222E-04   -0.2102752E-02    0.3756040E-04   -0.1060448E-03    0.2986330E+00    0.5681509E-02    0.9031364E-01   -0.4016202E+00   -0.7593053E+00   -0.3207886E+00   -0.6396793E+00   -0.1313727E+00    0.7508735E+00    0.3145899E+01    0.2598606E+01    0.1645523E+01    0.3071014E-03    0.3004630E-04   -0.7194602E-04    0.1688279E-05   -0.1716779E-03    0.3012733E-03    0.3331578E-02   -0.5286494E-03   -0.2014197E-02   -0.7671279E-03    0.9354186E-03   -0.1818559E-02   -0.4363774E-03   -0.1873241E-03
   -0.1014267E-04   -0.5005533E-04    0.3723150E-04   -0.1821075E-02    0.3920956E-04   -0.4779051E-02   -0.4784943E-04   -0.1901893E-03   -0.3034662E+01    0.1023177E+00    0.2392974E+01   -0.1342034E+02    0.3771476E+01    0.4721991E+01    0.7646207E+00   -0.1942494E+01    0.4082714E+00    0.2598606E+01    0.1786041E+02    0.2704299E+02   -0.1599307E-03   -0.2026446E-03   -0.1407997E-03   -0.1029412E-03   -0.5345664E-03   -0.4101547E-03    0.2588592E-02    0.6036902E-04   -0.6179471E-03   -0.3756759E-03    0.3660093E-03   -0.5778294E-02   -0.1033777E-03    0.2459636E-02
    0.7971488E-05   -0.1038011E-03    0.7346476E-04   -0.5416731E-03    0.1019259E-03   -0.4122606E-03    0.1316416E-02    0.5030134E-03   -0.2411569E+02    0.1287746E+00    0.2013173E+01   -0.2102570E+02    0.3929745E+01    0.6261251E+01    0.2141094E+02   -0.1411970E+01    0.7193435E+00    0.1645523E+01    0.2704299E+02    0.6060017E+02    0.1179925E-03   -0.4521045E-03    0.1602712E-03   -0.3640256E-03   -0.1225974E-02    0.1425882E-02   -0.6576172E-04   -0.9990107E-03    0.1199274E-01    0.5422520E-03    0.2690659E-02    0.2924786E-02   -0.6256744E-04    0.4387671E-02
    0.8787151E-07    0.1216944E-06   -0.2787138E-06    0.5792567E-05   -0.5380004E-06    0.1404920E-04    0.3650983E-06    0.1164224E-05   -0.7545728E-03   -0.2866122E-04    0.2310736E-03   -0.5316376E-02   -0.2656620E-02   -0.1770582E-02   -0.1879476E-03   -0.2471612E-03    0.2195751E-03    0.3071014E-03   -0.1599307E-03    0.1179925E-03    0.1267259E-03    0.1096975E-04   -0.1353060E-05    0.2089309E-05    0.1849364E-06   -0.4554175E-05   -0.5460659E-05   -0.9576772E-06   -0.1282774E-04    0.4107808E-05    0.3732876E-05   -0.4126746E-05   -0.1197168E-06   -0.2526156E-06
    0.3669579E-07   -0.3525799E-07   -0.8772486E-07    0.2895461E-05   -0.1890193E-06    0.5828486E-05    0.1686280E-06    0.4042018E-07   -0.3057532E-03    0.1352523E-04   -0.9571353E-05   -0.1637856E-02   -0.2274536E-03    0.8288616E-04    0.3264378E-03   -0.1218924E-03    0.5667430E-04    0.3004630E-04   -0.2026446E-03   -0.4521045E-03    0.1096975E-04    0.1409111E-04   -0.8601121E-06    0.6324371E-05    0.2609452E-06    0.5155172E-06   -0.2158887E-05   -0.1004306E-05    0.3183943E-05    0.1452979E-05   -0.3273182E-05   -0.1487940E-05   -0.4692091E-07   -0.1044030E-06
   -0.3798293E-07    0.4177601E-06   -0.2074916E-06   -0.3454251E-05   -0.1268740E-06   -0.5978410E-05   -0.9350001E-06    0.1730252E-06   -0.1282929E-04    0.1526865E-04   -0.6312086E-03    0.4131631E-02    0.1565667E-02   -0.4817200E-03   -0.4384342E-04    0.2622657E-03   -0.1790023E-03   -0.7194602E-04   -0.1407997E-03    0.1602712E-03   -0.1353060E-05   -0.8601121E-06    0.2181306E-03    0.1109336E-05   -0.6922296E-06   -0.3186471E-05   -0.8452237E-05   -0.5640225E-05    0.3068675E-04    0.7627103E-06   -0.2501139E-05   -0.1460321E-04   -0.1872857E-06    0.2153652E-07
    0.4714550E-07   -0.8161193E-08   -0.9350140E-07    0.1847771E-05   -0.2469147E-06    0.5160968E-05   -0.9895749E-07    0.6663333E-06    0.3467293E-03    0.8388885E-05    0.4415086E-04   -0.1457569E-02   -0.4124752E-03   -0.1745883E-03   -0.4589461E-03   -0.1367327E-03    0.4921933E-04    0.1688279E-05   -0.1029412E-03   -0.3640256E-03    0.2089309E-05    0.6324371E-05    0.1109336E-05    0.3051505E-04    0.2827379E-06   -0.4655238E-06   -0.1128519E-05   -0.8415955E-06   -0.1087673E-04    0.9629472E-07   -0.4779464E-05   -0.4862420E-05   -0.2712510E-08    0.3109827E-07
    0.3182104E-07   -0.4457796E-06    0.1705205E-07   -0.5034068E-06   -0.5233359E-08   -0.1250255E-05    0.2703080E-05    0.8314383E-06   -0.6688077E-04   -0.3790621E-04    0.5872973E-03   -0.6707138E-02   -0.2728564E-02   -0.4624505E-03    0.6745418E-03   -0.2874351E-03    0.3161876E-03   -0.1716779E-03   -0.5345664E-03   -0.1225974E-02    0.1849364E-06    0.2609452E-06   -0.6922296E-06    0.2827379E-06    0.3886376E-03    0.6490174E-05   -0.3318440E-04   -0.1567131E-04   -0.8776671E-05   -0.1124476E-05    0.3509847E-05   -0.1350297E-04    0.8039946E-07   -0.1952593E-07
    0.2503461E-06   -0.2423466E-05    0.3498639E-06    0.1291963E-05    0.1047587E-06    0.1904371E-05    0.3967451E-05    0.2405375E-05   -0.5156925E-02   -0.1549519E-03   -0.3458066E-03    0.1787652E-01    0.2047062E-02   -0.2345238E-02    0.7378631E-02   -0.2902024E-03   -0.1352934E-02    0.3012733E-03   -0.4101547E-03    0.1425882E-02   -0.4554175E-05    0.5155172E-06   -0.3186471E-05   -0.4655238E-06    0.6490174E-05    0.3444247E-02    0.2293033E-04   -0.1085869E-04    0.5967546E-04   -0.3435936E-04   -0.6135053E-04    0.2090389E-04    0.4004172E-06   -0.1711451E-05
   -0.3449328E-06    0.6442208E-05   -0.1103752E-05   -0.2649936E-04   -0.1941803E-05   -0.3491545E-04   -0.2075987E-04   -0.2084558E-06    0.2378843E-02   -0.1249062E-04    0.1100206E-02    0.3297680E-01    0.2285292E-02    0.7011540E-02    0.2519117E-05    0.2108360E-03   -0.3959110E-02    0.3331578E-02    0.2588592E-02   -0.6576172E-04   -0.5460659E-05   -0.2158887E-05   -0.8452237E-05   -0.1128519E-05   -0.3318440E-04    0.2293033E-04    0.5719547E-02    0.1816555E-02    0.1772868E-02   -0.6094160E-03   -0.1014282E-03   -0.1198095E-03    0.1810718E-05   -0.1149538E-06
   -0.1256269E-06    0.2837864E-05   -0.3790583E-06   -0.3798172E-05   -0.5553020E-06   -0.2231370E-05   -0.7480186E-05   -0.1062363E-05    0.5565863E-03    0.9237276E-06    0.4370711E-03   -0.4419751E-02    0.4709055E-03    0.1446049E-02   -0.7709717E-03   -0.1097412E-03    0.1843660E-03   -0.5286494E-03    0.6036902E-04   -0.9990107E-03   -0.9576772E-06   -0.1004306E-05   -0.5640225E-05   -0.8415955E-06   -0.1567131E-04   -0.1085869E-04    0.1816555E-02    0.1228934E-02    0.7685561E-03    0.2252016E-03   -0.2969324E-05   -0.2592280E-03    0.2032265E-07   -0.2581122E-06
    0.3653340E-06   -0.2731778E-05    0.4217232E-06    0.4736762E-04   -0.2226770E-06    0.8421526E-04    0.1167704E-04   -0.1913699E-05   -0.8530791E-03   -0.1127814E-03    0.5134917E-02   -0.2112282E-01   -0.1667287E-01    0.1335904E-01    0.3244446E-02   -0.2911902E-02   -0.6652571E-02   -0.2014197E-02   -0.6179471E-03    0.1199274E-01   -0.1282774E-04    0.3183943E-05    0.3068675E-04   -0.1087673E-04   -0.8776671E-05    0.5967546E-04    0.1772868E-02    0.7685561E-03    0.3298978E-01   -0.6168065E-03    0.1339491E-02    0.1074000E-01   -0.2830622E-06    0.5372419E-05
   -0.1239633E-06    0.1385343E-05   -0.1631502E-06   -0.2814841E-05   -0.1708190E-06   -0.5272526E-05   -0.2561003E-05   -0.1312404E-05   -0.2951190E-02    0.6991192E-06   -0.1068518E-02    0.1412571E-01    0.1855846E-02   -0.2972452E-02    0.2798232E-02    0.2749450E-03    0.3116061E-04   -0.7671279E-03   -0.3756759E-03    0.5422520E-03    0.4107808E-05    0.1452979E-05    0.7627103E-06    0.9629472E-07   -0.1124476E-05   -0.3435936E-04   -0.6094160E-03    0.2252016E-03   -0.6168065E-03    0.1342831E-02    0.1934972E-03   -0.3313779E-03    0.2069510E-06   -0.3863568E-06
   -0.4604312E-06    0.3476318E-05   -0.2627832E-06   -0.2190940E-04   -0.7004003E-07   -0.4628225E-04   -0.4254854E-05   -0.4031539E-05   -0.8898311E-02   -0.1212785E-03    0.1031025E-02   -0.2955778E-01   -0.4943541E-02    0.3216443E-03    0.1247689E-01   -0.1329593E-03   -0.1074586E-03    0.9354186E-03    0.3660093E-03    0.2690659E-02    0.3732876E-05   -0.3273182E-05   -0.2501139E-05   -0.4779464E-05    0.3509847E-05   -0.6135053E-04   -0.1014282E-03   -0.2969324E-05    0.1339491E-02    0.1934972E-03    0.5095626E-02    0.3901481E-02   -0.1790613E-06   -0.8898928E-06
   -0.1091262E-05    0.6890862E-05   -0.8631089E-06   -0.3821661E-04    0.6147001E-07   -0.7025903E-04   -0.1044020E-04   -0.2801324E-05   -0.8715538E-02   -0.2099163E-03   -0.2250257E-02    0.3632752E-02   -0.4886065E-04    0.3593245E-03    0.1496790E-01    0.1838908E-02   -0.3628331E-02   -0.1818559E-02   -0.5778294E-02    0.2924786E-02   -0.4126746E-05   -0.1487940E-05   -0.1460321E-04   -0.4862420E-05   -0.1350297E-04    0.2090389E-04   -0.1198095E-03   -0.2592280E-03    0.1074000E-01   -0.3313779E-03    0.3901481E-02    0.3558337E-01   -0.3894787E-06   -0.1139861E-05
    0.4191701E-08    0.4239460E-07   -0.1355933E-07    0.1765355E-06   -0.1774407E-07    0.8233766E-06   -0.3465145E-06    0.3568058E-07   -0.1661845E-03    0.6651186E-05    0.1818996E-03    0.4536332E-02    0.1363251E-03    0.7223716E-03    0.6325200E-03   -0.1265208E-03    0.4263131E-03   -0.4363774E-03   -0.1033777E-03   -0.6256744E-04   -0.1197168E-06   -0.4692091E-07   -0.1872857E-06   -0.2712510E-08    0.8039946E-07    0.4004172E-06    0.1810718E-05    0.2032265E-07   -0.2830622E-06    0.2069510E-06   -0.1790613E-06   -0.3894787E-06    0.5294820E-06    0.1249343E-07
   -0.8379506E-08    0.5353114E-07    0.2709272E-09   -0.1305349E-05    0.3136135E-08   -0.2565617E-05   -0.5052026E-06    0.4976946E-08    0.4449709E-02   -0.1689687E-04   -0.3550425E-03    0.4040504E-02    0.1231551E-03   -0.2527906E-02   -0.7732447E-02    0.1599876E-03    0.2282581E-04   -0.1873241E-03    0.2459636E-02    0.4387671E-02   -0.2526156E-06   -0.1044030E-06    0.2153652E-07    0.3109827E-07   -0.1952593E-07   -0.1711451E-05   -0.1149538E-06   -0.2581122E-06    0.5372419E-05   -0.3863568E-06   -0.8898928E-06   -0.1139861E-05    0.1249343E-07    0.2091564E-05
