# omegabh2 omegach2 theta tau ns nrun logA asz
    0.31068E-06   -0.90353E-06    0.50241E-06    0.24739E-06    0.11306E-04    0.60875E-05    0.62605E-06   -0.24388E-05
   -0.90353E-06    0.19995E-04    0.16534E-05    0.16532E-05   -0.72991E-04   -0.52523E-04    0.64715E-04    0.55498E-05
    0.50241E-06    0.16534E-05    0.46052E-05    0.24261E-05    0.65146E-05   -0.36602E-05    0.17935E-04    0.11297E-04
    0.24739E-06    0.16532E-05    0.24261E-05    0.19637E-03   -0.31039E-04   -0.68069E-04    0.40414E-03    0.25786E-03
    0.11306E-04   -0.72991E-04    0.65146E-05   -0.31039E-04    0.66053E-03    0.45529E-03   -0.17241E-03   -0.11324E-02
    0.60875E-05   -0.52523E-04   -0.36602E-05   -0.68069E-04    0.45529E-03    0.38943E-03   -0.24948E-03   -0.75331E-03
    0.62605E-06    0.64715E-04    0.17935E-04    0.40414E-03   -0.17241E-03   -0.24948E-03    0.10826E-02   -0.32504E-03
   -0.24388E-05    0.55498E-05    0.11297E-04    0.25786E-03   -0.11324E-02   -0.75331E-03   -0.32504E-03    0.32940E+00
