# omegabh2 omegach2 theta tau omegak mnu ns logA aps100 aps143 aps217 acib143 acib217 asz143 psr cibr ncib cal0 cal2 xi aksz bm_1_1 bm_1_2 bm_1_3 bm_1_4 bm_1_5 bm_2_1 bm_2_2 bm_2_3 bm_2_4 bm_2_5 bm_3_1 bm_3_2 bm_3_3 bm_3_4 bm_3_5 bm_4_1 bm_4_2 bm_4_3 bm_4_4 bm_4_5
    0.10563E-06   -0.58844E-06    0.11698E-06    0.11491E-05   -0.84227E-06   -0.12900E-04    0.17407E-05    0.12372E-05   -0.24836E-02   -0.73283E-03    0.28839E-04   -0.29143E-03   -0.37862E-03    0.53264E-04    0.81893E-06   -0.67846E-05   -0.36713E-05    0.40903E-08   -0.85727E-08    0.25645E-05   -0.96562E-04   -0.15342E-04   -0.53684E-05    0.40897E-06    0.67264E-06    0.97879E-05    0.25696E-05   -0.19755E-05    0.17040E-05   -0.25138E-05    0.92567E-05   -0.62435E-05   -0.14650E-05   -0.64099E-05    0.75149E-05   -0.18843E-05   -0.18394E-06   -0.56314E-05   -0.11411E-05   -0.94536E-05   -0.11239E-05
   -0.58844E-06    0.80464E-05   -0.96843E-06   -0.11489E-04    0.87129E-05    0.70485E-04   -0.19177E-04   -0.47072E-05    0.12897E-01    0.39754E-02    0.19171E-02    0.11196E-02    0.11143E-02   -0.40643E-03   -0.58963E-05    0.25222E-05    0.93993E-05   -0.16944E-07    0.47073E-07   -0.20565E-04    0.27114E-03    0.17115E-03   -0.46707E-04   -0.75401E-04   -0.56272E-05   -0.54674E-04    0.11121E-03   -0.51119E-05    0.35767E-05   -0.22879E-04   -0.55791E-04    0.65956E-04    0.30137E-05    0.43571E-04   -0.96607E-04   -0.48255E-05    0.11063E-03    0.75476E-04    0.35716E-06    0.55602E-04   -0.14059E-04
    0.11698E-06   -0.96843E-06    0.44167E-06    0.14862E-05   -0.14284E-05   -0.17752E-04    0.28499E-05    0.11999E-05   -0.17368E-02   -0.57741E-03   -0.25972E-03   -0.28360E-03   -0.22373E-03    0.84825E-04    0.11437E-05   -0.19221E-05   -0.86875E-06    0.94115E-08   -0.10740E-07    0.20626E-05   -0.49527E-04   -0.16355E-04   -0.53676E-05    0.12573E-04    0.37883E-05   -0.50033E-05   -0.24648E-04   -0.12370E-04   -0.15780E-04    0.13795E-04    0.83949E-05   -0.13969E-05   -0.63824E-05   -0.70847E-05    0.35247E-05   -0.73320E-05   -0.12748E-04   -0.24016E-04   -0.12821E-04    0.44453E-05    0.93031E-05
    0.11491E-05   -0.11489E-04    0.14862E-05    0.18291E-03   -0.88262E-05    0.88985E-04    0.38685E-04    0.33873E-03   -0.48343E-01   -0.73816E-02    0.42602E-02   -0.56213E-02   -0.67155E-02    0.22090E-03    0.43612E-04   -0.19668E-03   -0.28032E-05   -0.26019E-07   -0.24059E-06    0.55523E-04   -0.22466E-02   -0.22699E-03   -0.66363E-04    0.11341E-03   -0.64624E-04   -0.17222E-03    0.25372E-03   -0.18487E-03   -0.19125E-04   -0.28888E-03   -0.26496E-04   -0.59496E-04    0.46884E-04   -0.95944E-04   -0.37966E-03   -0.11935E-03    0.17900E-03    0.31962E-04   -0.26965E-03   -0.22817E-03   -0.28404E-03
   -0.84227E-06    0.87129E-05   -0.14284E-05   -0.88262E-05    0.18793E-04    0.35392E-03   -0.22270E-04   -0.89761E-07    0.19262E-01    0.64435E-02    0.15320E-02    0.15848E-02    0.23598E-02   -0.25580E-03   -0.79086E-05    0.54496E-04    0.12085E-04   -0.70061E-07    0.89035E-07   -0.28724E-04    0.99025E-03    0.20373E-03   -0.47032E-04    0.60488E-04    0.57274E-05   -0.79244E-04   -0.35835E-05    0.13301E-04    0.14071E-04   -0.24948E-04   -0.67425E-04    0.15568E-03    0.32332E-04    0.30072E-04   -0.14149E-03    0.64003E-04    0.82399E-04    0.63825E-04    0.22393E-04    0.71463E-04    0.12809E-04
   -0.12900E-04    0.70485E-04   -0.17752E-04    0.88985E-04    0.35392E-03    0.18006E-01   -0.22706E-03    0.24449E-03    0.27605E+00    0.11193E+00   -0.31101E-01    0.32999E-01    0.70425E-01    0.88201E-02   -0.85110E-04    0.25619E-02    0.27595E-03   -0.23662E-05    0.42178E-05   -0.17772E-03    0.27100E-01    0.91422E-03    0.16772E-03    0.52189E-02    0.66149E-03   -0.14663E-02   -0.27586E-02    0.22890E-02    0.64348E-03   -0.18103E-02   -0.18765E-02    0.51676E-02    0.10018E-02   -0.16601E-02   -0.25598E-02    0.22002E-02    0.90867E-03    0.13117E-02    0.20944E-02    0.62337E-03   -0.49799E-03
    0.17407E-05   -0.19177E-04    0.28499E-05    0.38685E-04   -0.22270E-04   -0.22706E-03    0.66845E-04    0.33710E-04   -0.98085E-01   -0.95394E-02    0.85747E-02   -0.10440E-01   -0.11052E-01    0.11252E-02    0.73757E-04   -0.28417E-03   -0.29575E-04    0.39773E-07   -0.14107E-06    0.14273E-03   -0.34873E-02   -0.26015E-03    0.39773E-04    0.59177E-04    0.83750E-04    0.23885E-03    0.86725E-04    0.14350E-03    0.58780E-04    0.66754E-04    0.17539E-03   -0.12639E-03   -0.83790E-04   -0.85053E-04    0.17936E-03   -0.11693E-03   -0.43381E-05   -0.57805E-04    0.12713E-03   -0.19932E-03    0.92843E-05
    0.12372E-05   -0.47072E-05    0.11999E-05    0.33873E-03   -0.89761E-07    0.24449E-03    0.33710E-04    0.67275E-03   -0.86472E-01    0.21729E-04    0.22139E-01   -0.13078E-01   -0.15059E-01   -0.14922E-02    0.95231E-04   -0.58483E-03    0.32769E-04    0.77157E-08   -0.17326E-06    0.96428E-04   -0.54866E-02    0.56206E-03   -0.40824E-04   -0.37855E-04   -0.12940E-03   -0.36372E-03    0.11229E-02   -0.31689E-03   -0.35386E-04   -0.64452E-03   -0.18231E-03   -0.33875E-05    0.10327E-03   -0.14524E-03   -0.10119E-02   -0.30667E-03    0.85039E-03    0.33802E-03   -0.48869E-03   -0.32710E-03   -0.60521E-03
   -0.24836E-02    0.12897E-01   -0.17368E-02   -0.48343E-01    0.19262E-01    0.27605E+00   -0.98085E-01   -0.86472E-01    0.27611E+04    0.53472E+02   -0.15178E+03    0.11742E+03    0.10565E+03   -0.78046E+02   -0.10208E+01   -0.15856E+00    0.15048E+01    0.47638E-03   -0.28496E-02   -0.72667E+00   -0.16846E+02    0.11022E+02   -0.99595E+01    0.67610E+00    0.10050E+01   -0.13276E+01   -0.10173E+01   -0.45669E+01   -0.16404E+01   -0.10681E+01   -0.13963E+01    0.94499E+00    0.30936E+00   -0.96602E-01   -0.24907E-01   -0.23697E+01    0.55106E+00   -0.17297E+01   -0.31644E+01    0.34932E+00    0.19862E+01
   -0.73283E-03    0.39754E-02   -0.57741E-03   -0.73816E-02    0.64435E-02    0.11193E+00   -0.95394E-02    0.21729E-04    0.53472E+02    0.17934E+03    0.54066E+02   -0.31604E+02   -0.10478E+02   -0.72495E+01   -0.26500E+00   -0.16632E+00   -0.21197E+00    0.11861E-03    0.32547E-02    0.12560E+01   -0.11660E+02    0.10473E+01    0.75955E+00    0.15638E+00    0.19657E+00   -0.28695E-01   -0.17506E+01   -0.69238E+00   -0.11189E-01   -0.11163E+00   -0.24165E+00    0.11044E+01    0.11006E+00    0.42026E+00   -0.88265E-01   -0.12204E+00   -0.52339E+00   -0.36399E+00   -0.30102E+00    0.20434E+00   -0.24894E+00
    0.28839E-04    0.19171E-02   -0.25972E-03    0.42602E-02    0.15320E-02   -0.31101E-01    0.85747E-02    0.22139E-01   -0.15178E+03    0.54066E+02    0.20126E+03   -0.30244E+02   -0.69721E+02    0.44636E+01   -0.41503E-01   -0.87398E+00   -0.10171E+01    0.26507E-03   -0.39756E-02    0.43188E+00   -0.10902E+02    0.12352E+01    0.95329E+00   -0.41243E+00   -0.29954E+00    0.33434E+00    0.14440E+01    0.37718E-01    0.24400E+00   -0.17709E-01    0.28063E+00   -0.12466E+01    0.59614E+00   -0.33719E+00    0.52356E+00    0.18640E+00    0.16603E+00    0.52396E+00    0.36519E-01   -0.11711E+00   -0.33037E+00
   -0.29143E-03    0.11196E-02   -0.28360E-03   -0.56213E-02    0.15848E-02    0.32999E-01   -0.10440E-01   -0.13078E-01    0.11742E+03   -0.31604E+02   -0.30244E+02    0.24982E+02    0.17019E+02   -0.29750E+01    0.25795E-01    0.19685E+00    0.24055E+00   -0.13403E-03   -0.11624E-02   -0.18262E-01   -0.10780E+01   -0.83510E+00   -0.55348E+00   -0.29130E-01    0.84098E-01   -0.12212E+00    0.78052E+00    0.18039E+00   -0.13213E+00   -0.36923E-01    0.73492E-01   -0.38522E+00   -0.45811E-01   -0.13742E+00    0.22174E-01    0.68656E-01    0.35248E+00    0.66878E-01   -0.38851E-01   -0.90292E-01    0.99054E-01
   -0.37862E-03    0.11143E-02   -0.22373E-03   -0.67155E-02    0.23598E-02    0.70425E-01   -0.11052E-01   -0.15059E-01    0.10565E+03   -0.10478E+02   -0.69721E+02    0.17019E+02    0.33537E+02   -0.24827E+01    0.69344E-01    0.37463E+00    0.52729E+00   -0.11808E-03    0.16176E-02   -0.22783E+00   -0.10536E+01   -0.54641E+00   -0.43792E+00    0.22854E+00    0.91694E-01   -0.17459E+00   -0.53305E+00   -0.36549E-01   -0.13721E+00    0.10356E+00   -0.17692E+00    0.44185E+00   -0.45908E+00    0.92459E-01   -0.31564E+00   -0.10086E+00   -0.62697E-01   -0.26014E+00   -0.80388E-01    0.48918E-01    0.24551E+00
    0.53264E-04   -0.40643E-03    0.84825E-04    0.22090E-03   -0.25580E-03    0.88201E-02    0.11252E-02   -0.14922E-02   -0.78046E+02   -0.72495E+01    0.44636E+01   -0.29750E+01   -0.24827E+01    0.78770E+01    0.49283E-01    0.27667E+00   -0.14229E+00    0.37175E-04    0.34523E-04   -0.48264E-02   -0.12192E+00    0.15113E+00    0.11825E+00    0.20894E-01   -0.41755E-01   -0.10480E-01   -0.51989E-01    0.40281E-01   -0.28270E-01    0.10664E-01   -0.27375E-01   -0.36801E-01    0.31824E-01    0.33612E-02    0.27077E-01   -0.16320E-01   -0.58863E-01   -0.23868E-01    0.37848E-01    0.20780E-01    0.44919E-02
    0.81893E-06   -0.58963E-05    0.11437E-05    0.43612E-04   -0.79086E-05   -0.85110E-04    0.73757E-04    0.95231E-04   -0.10208E+01   -0.26500E+00   -0.41503E-01    0.25795E-01    0.69344E-01    0.49283E-01    0.75998E-02   -0.60576E-02    0.73023E-02    0.82914E-06   -0.23589E-04    0.39809E-02   -0.17263E-01    0.59983E-02    0.53591E-02   -0.48263E-04   -0.22665E-02   -0.30075E-03    0.66484E-02    0.13877E-03    0.70960E-03   -0.12218E-02    0.19114E-02   -0.11093E-01   -0.22557E-02   -0.30242E-02   -0.32864E-02   -0.17203E-02   -0.18028E-02   -0.15186E-02   -0.29301E-02   -0.65345E-02    0.49201E-03
   -0.67846E-05    0.25222E-05   -0.19221E-05   -0.19668E-03    0.54496E-04    0.25619E-02   -0.28417E-03   -0.58483E-03   -0.15856E+00   -0.16632E+00   -0.87398E+00    0.19685E+00    0.37463E+00    0.27667E+00   -0.60576E-02    0.44186E-01   -0.12364E-01   -0.20110E-05    0.84050E-04    0.81981E-03   -0.24539E-01   -0.21233E-01   -0.59877E-02    0.62035E-02    0.14988E-02   -0.76583E-03   -0.27474E-01   -0.70595E-02    0.14070E-02    0.24634E-02   -0.39595E-02    0.31085E-01    0.49876E-02    0.36111E-02    0.46269E-02   -0.29577E-04   -0.18903E-03   -0.17929E-02    0.50032E-03    0.83077E-02    0.26192E-02
   -0.36713E-05    0.93993E-05   -0.86875E-06   -0.28032E-05    0.12085E-04    0.27595E-03   -0.29575E-04    0.32769E-04    0.15048E+01   -0.21197E+00   -0.10171E+01    0.24055E+00    0.52729E+00   -0.14229E+00    0.73023E-02   -0.12364E-01    0.21209E-01   -0.10249E-05   -0.21012E-04   -0.31612E-02   -0.47954E-02    0.47451E-02   -0.71811E-02    0.55815E-03   -0.13896E-02   -0.29099E-02    0.24346E-02    0.59853E-02   -0.61821E-02    0.89620E-02   -0.54054E-02   -0.14092E-01   -0.20684E-01   -0.23220E-02   -0.15390E-01   -0.64023E-02   -0.68079E-02   -0.63494E-02    0.44347E-03    0.20568E-02    0.14499E-01
    0.40903E-08   -0.16944E-07    0.94115E-08   -0.26019E-07   -0.70061E-07   -0.23662E-05    0.39773E-07    0.77157E-08    0.47638E-03    0.11861E-03    0.26507E-03   -0.13403E-03   -0.11808E-03    0.37175E-04    0.82914E-06   -0.20110E-05   -0.10249E-05    0.15690E-06    0.68711E-08    0.20808E-05   -0.14132E-04   -0.21441E-04   -0.15661E-04   -0.69307E-05    0.86644E-08    0.40868E-05    0.10039E-04    0.48222E-07    0.55637E-05    0.68929E-05   -0.54714E-06    0.33288E-05   -0.82932E-05    0.33512E-05   -0.50896E-05    0.12513E-05    0.78100E-05    0.59149E-05   -0.14266E-05   -0.74644E-06    0.81870E-05
   -0.85727E-08    0.47073E-07   -0.10740E-07   -0.24059E-06    0.89035E-07    0.42178E-05   -0.14107E-06   -0.17326E-06   -0.28496E-02    0.32547E-02   -0.39756E-02   -0.11624E-02    0.16176E-02    0.34523E-04   -0.23589E-04    0.84050E-04   -0.21012E-04    0.68711E-08    0.16221E-05    0.23978E-05   -0.66152E-04    0.85510E-04    0.49425E-04    0.48786E-05    0.35009E-05   -0.13773E-04    0.20829E-03    0.20678E-04    0.28644E-04    0.43311E-04    0.24791E-04   -0.19507E-03    0.17660E-04   -0.39391E-04    0.43315E-05   -0.33068E-04    0.14419E-04    0.64255E-04   -0.17313E-04   -0.28371E-04    0.39194E-04
    0.25645E-05   -0.20565E-04    0.20626E-05    0.55523E-04   -0.28724E-04   -0.17772E-03    0.14273E-03    0.96428E-04   -0.72667E+00    0.12560E+01    0.43188E+00   -0.18262E-01   -0.22783E+00   -0.48264E-02    0.39809E-02    0.81981E-03   -0.31612E-02    0.20808E-05    0.23978E-05    0.84358E-01    0.50399E-02    0.55006E-02    0.98711E-02   -0.61897E-02   -0.43320E-02    0.22234E-02    0.32705E-02    0.24303E-02   -0.18412E-02    0.34881E-02    0.41826E-02   -0.49700E-02    0.11394E-02   -0.94612E-02    0.24998E-03   -0.86991E-02    0.20751E-03   -0.26792E-02   -0.37652E-03   -0.20388E-02   -0.18145E-03
   -0.96562E-04    0.27114E-03   -0.49527E-04   -0.22466E-02    0.99025E-03    0.27100E-01   -0.34873E-02   -0.54866E-02   -0.16846E+02   -0.11660E+02   -0.10902E+02   -0.10780E+01   -0.10536E+01   -0.12192E+00   -0.17263E-01   -0.24539E-01   -0.47954E-02   -0.14132E-04   -0.66152E-04    0.50399E-02    0.80943E+01    0.40746E-01   -0.45701E-01   -0.11210E-01   -0.45989E-01   -0.20481E-01   -0.38544E-01    0.25228E-01    0.25713E-01    0.71609E-01   -0.33101E-01    0.21536E-01    0.37794E-01   -0.34566E-01   -0.20820E-01   -0.31716E-01   -0.37404E-01    0.55833E-01    0.40527E-01    0.54351E-01    0.90276E-01
   -0.15342E-04    0.17115E-03   -0.16355E-04   -0.22699E-03    0.20373E-03    0.91422E-03   -0.26015E-03    0.56206E-03    0.11022E+02    0.10473E+01    0.12352E+01   -0.83510E+00   -0.54641E+00    0.15113E+00    0.59983E-02   -0.21233E-01    0.47451E-02   -0.21441E-04    0.85510E-04    0.55006E-02    0.40746E-01    0.69792E+00   -0.10902E+00   -0.77624E-02    0.27191E-02    0.48096E-02    0.18418E+00   -0.32425E-01   -0.58825E-01    0.39886E-02   -0.59061E-01    0.20800E-01    0.39301E-01   -0.45298E-01   -0.34287E-01   -0.10610E+00    0.16064E+00    0.25447E-01   -0.41888E-02    0.47828E-01    0.75092E-01
   -0.53684E-05   -0.46707E-04   -0.53676E-05   -0.66363E-04   -0.47032E-04    0.16772E-03    0.39773E-04   -0.40824E-04   -0.99595E+01    0.75955E+00    0.95329E+00   -0.55348E+00   -0.43792E+00    0.11825E+00    0.53591E-02   -0.59877E-02   -0.71811E-02   -0.15661E-04    0.49425E-04    0.98711E-02   -0.45701E-01   -0.10902E+00    0.91100E+00    0.99232E-02   -0.10108E-01    0.12368E-01   -0.14916E+00    0.20744E+00    0.76709E-01    0.24745E-03    0.61218E-01   -0.13010E+00    0.26677E-01    0.10003E-01   -0.69114E-02    0.15056E+00   -0.23287E+00    0.45388E-01    0.12671E+00    0.83435E-03   -0.19590E+00
    0.40897E-06   -0.75401E-04    0.12573E-04    0.11341E-03    0.60488E-04    0.52189E-02    0.59177E-04   -0.37855E-04    0.67610E+00    0.15638E+00   -0.41243E+00   -0.29130E-01    0.22854E+00    0.20894E-01   -0.48263E-04    0.62035E-02    0.55815E-03   -0.69307E-05    0.48786E-05   -0.61897E-02   -0.11210E-01   -0.77624E-02    0.99232E-02    0.10277E+01   -0.74289E-02   -0.21481E-01   -0.71043E-01   -0.58532E-01    0.16387E+00   -0.57415E-02    0.63155E-01    0.35170E-02    0.35301E-01    0.20840E-02   -0.41204E-01    0.10292E+00   -0.62169E-01    0.11889E-01   -0.49271E-03   -0.18502E+00    0.96674E-01
    0.67264E-06   -0.56272E-05    0.37883E-05   -0.64624E-04    0.57274E-05    0.66149E-03    0.83750E-04   -0.12940E-03    0.10050E+01    0.19657E+00   -0.29954E+00    0.84098E-01    0.91694E-01   -0.41755E-01   -0.22665E-02    0.14988E-02   -0.13896E-02    0.86644E-08    0.35009E-05   -0.43320E-02   -0.45989E-01    0.27191E-02   -0.10108E-01   -0.74289E-02    0.10155E+01    0.26849E-01    0.77241E-01   -0.69058E-01    0.71055E-01   -0.98867E-01    0.62439E-01    0.68533E-01    0.12134E+00    0.59363E-01    0.14728E+00   -0.10483E+00    0.10199E+00    0.44562E-01    0.12840E-01   -0.11791E+00    0.56455E-01
    0.97879E-05   -0.54674E-04   -0.50033E-05   -0.17222E-03   -0.79244E-04   -0.14663E-02    0.23885E-03   -0.36372E-03   -0.13276E+01   -0.28695E-01    0.33434E+00   -0.12212E+00   -0.17459E+00   -0.10480E-01   -0.30075E-03   -0.76583E-03   -0.29099E-02    0.40868E-05   -0.13773E-04    0.22234E-02   -0.20481E-01    0.48096E-02    0.12368E-01   -0.21481E-01    0.26849E-01    0.10149E+01    0.27380E-01    0.53127E-01   -0.29293E-01    0.23582E-01    0.80231E-01    0.91718E-01   -0.51695E-01   -0.70503E-01    0.51701E-01    0.41294E-01    0.10217E+00   -0.60601E-01    0.10015E+00   -0.27791E-01   -0.20773E-01
    0.25696E-05    0.11121E-03   -0.24648E-04    0.25372E-03   -0.35835E-05   -0.27586E-02    0.86725E-04    0.11229E-02   -0.10173E+01   -0.17506E+01    0.14440E+01    0.78052E+00   -0.53305E+00   -0.51989E-01    0.66484E-02   -0.27474E-01    0.24346E-02    0.10039E-04    0.20829E-03    0.32705E-02   -0.38544E-01    0.18418E+00   -0.14916E+00   -0.71043E-01    0.77241E-01    0.27380E-01    0.88429E+00   -0.79089E-03    0.69831E-02   -0.14557E-01   -0.21064E-01    0.27924E-01    0.13853E+00   -0.99519E-01    0.12888E-01   -0.54312E-01    0.66391E+00    0.27248E+00   -0.51300E-01   -0.45926E-01    0.80975E-01
   -0.19755E-05   -0.51119E-05   -0.12370E-04   -0.18487E-03    0.13301E-04    0.22890E-02    0.14350E-03   -0.31689E-03   -0.45669E+01   -0.69238E+00    0.37718E-01    0.18039E+00   -0.36549E-01    0.40281E-01    0.13877E-03   -0.70595E-02    0.59853E-02    0.48222E-07    0.20678E-04    0.24303E-02    0.25228E-01   -0.32425E-01    0.20744E+00   -0.58532E-01   -0.69058E-01    0.53127E-01   -0.79089E-03    0.10363E+01   -0.16718E-02   -0.18390E-01    0.53265E-02    0.34676E-01    0.15455E-01   -0.59236E-01   -0.14655E-01    0.13991E+00   -0.82039E-01    0.26513E+00    0.80982E+00    0.29790E+00   -0.20442E+00
    0.17040E-05    0.35767E-05   -0.15780E-04   -0.19125E-04    0.14071E-04    0.64348E-03    0.58780E-04   -0.35386E-04   -0.16404E+01   -0.11189E-01    0.24400E+00   -0.13213E+00   -0.13721E+00   -0.28270E-01    0.70960E-03    0.14070E-02   -0.61821E-02    0.55637E-05    0.28644E-04   -0.18412E-02    0.25713E-01   -0.58825E-01    0.76709E-01    0.16387E+00    0.71055E-01   -0.29293E-01    0.69831E-02   -0.16718E-02    0.10212E+01    0.20137E-01    0.11184E-01    0.84587E-01   -0.58631E-01    0.12253E+00    0.14434E+00   -0.15951E+00   -0.18878E+00    0.64381E+00    0.14881E+00   -0.63137E+00    0.18635E+00
   -0.25138E-05   -0.22879E-04    0.13795E-04   -0.28888E-03   -0.24948E-04   -0.18103E-02    0.66754E-04   -0.64452E-03   -0.10681E+01   -0.11163E+00   -0.17709E-01   -0.36923E-01    0.10356E+00    0.10664E-01   -0.12218E-02    0.24634E-02    0.89620E-02    0.68929E-05    0.43311E-04    0.34881E-02    0.71609E-01    0.39886E-02    0.24745E-03   -0.57415E-02   -0.98867E-01    0.23582E-01   -0.14557E-01   -0.18390E-01    0.20137E-01    0.99241E+00   -0.13545E-01   -0.18416E-01   -0.93816E-01   -0.15889E+00   -0.41369E-01   -0.11160E+00   -0.79491E-01    0.89814E-01   -0.61261E-01    0.28408E+00    0.67279E+00
    0.92567E-05   -0.55791E-04    0.83949E-05   -0.26496E-04   -0.67425E-04   -0.18765E-02    0.17539E-03   -0.18231E-03   -0.13963E+01   -0.24165E+00    0.28063E+00    0.73492E-01   -0.17692E+00   -0.27375E-01    0.19114E-02   -0.39595E-02   -0.54054E-02   -0.54714E-06    0.24791E-04    0.41826E-02   -0.33101E-01   -0.59061E-01    0.61218E-01    0.63155E-01    0.62439E-01    0.80231E-01   -0.21064E-01    0.53265E-02    0.11184E-01   -0.13545E-01    0.98786E+00   -0.84823E-01    0.93776E-01    0.66815E-01    0.14821E+00    0.15762E-01    0.89012E-01   -0.55039E+00    0.38512E+00   -0.34671E+00    0.20560E+00
   -0.62435E-05    0.65956E-04   -0.13969E-05   -0.59496E-04    0.15568E-03    0.51676E-02   -0.12639E-03   -0.33875E-05    0.94499E+00    0.11044E+01   -0.12466E+01   -0.38522E+00    0.44185E+00   -0.36801E-01   -0.11093E-01    0.31085E-01   -0.14092E-01    0.33288E-05   -0.19507E-03   -0.49700E-02    0.21536E-01    0.20800E-01   -0.13010E+00    0.35170E-02    0.68533E-01    0.91718E-01    0.27924E-01    0.34676E-01    0.84587E-01   -0.18416E-01   -0.84823E-01    0.93307E+00   -0.12815E-01   -0.32585E-01   -0.29387E-02   -0.21535E-01    0.60876E+00    0.18056E+00    0.11073E+00    0.47997E-01   -0.75600E-01
   -0.14650E-05    0.30137E-05   -0.63824E-05    0.46884E-04    0.32332E-04    0.10018E-02   -0.83790E-04    0.10327E-03    0.30936E+00    0.11006E+00    0.59614E+00   -0.45811E-01   -0.45908E+00    0.31824E-01   -0.22557E-02    0.49876E-02   -0.20684E-01   -0.82932E-05    0.17660E-04    0.11394E-02    0.37794E-01    0.39301E-01    0.26677E-01    0.35301E-01    0.12134E+00   -0.51695E-01    0.13853E+00    0.15455E-01   -0.58631E-01   -0.93816E-01    0.93776E-01   -0.12815E-01    0.98142E+00    0.15156E-01    0.38334E-02   -0.22073E-02    0.10443E+00    0.15210E+00    0.13904E-01    0.15479E+00    0.14724E+00
   -0.64099E-05    0.43571E-04   -0.70847E-05   -0.95944E-04    0.30072E-04   -0.16601E-02   -0.85053E-04   -0.14524E-03   -0.96602E-01    0.42026E+00   -0.33719E+00   -0.13742E+00    0.92459E-01    0.33612E-02   -0.30242E-02    0.36111E-02   -0.23220E-02    0.33512E-05   -0.39391E-04   -0.94612E-02   -0.34566E-01   -0.45298E-01    0.10003E-01    0.20840E-02    0.59363E-01   -0.70503E-01   -0.99519E-01   -0.59236E-01    0.12253E+00   -0.15889E+00    0.66815E-01   -0.32585E-01    0.15156E-01    0.98842E+00    0.25524E-02   -0.11503E-02   -0.12324E+00    0.13218E-01    0.16073E+00    0.17490E-01   -0.58836E-01
    0.75149E-05   -0.96607E-04    0.35247E-05   -0.37966E-03   -0.14149E-03   -0.25598E-02    0.17936E-03   -0.10119E-02   -0.24907E-01   -0.88265E-01    0.52356E+00    0.22174E-01   -0.31564E+00    0.27077E-01   -0.32864E-02    0.46269E-02   -0.15390E-01   -0.50896E-05    0.43315E-05    0.24998E-03   -0.20820E-01   -0.34287E-01   -0.69114E-02   -0.41204E-01    0.14728E+00    0.51701E-01    0.12888E-01   -0.14655E-01    0.14434E+00   -0.41369E-01    0.14821E+00   -0.29387E-02    0.38334E-02    0.25524E-02    0.96816E+00   -0.14887E-01   -0.84519E-02    0.32025E-01    0.12552E+00   -0.25809E+00    0.11239E+00
   -0.18843E-05   -0.48255E-05   -0.73320E-05   -0.11935E-03    0.64003E-04    0.22002E-02   -0.11693E-03   -0.30667E-03   -0.23697E+01   -0.12204E+00    0.18640E+00    0.68656E-01   -0.10086E+00   -0.16320E-01   -0.17203E-02   -0.29577E-04   -0.64023E-02    0.12513E-05   -0.33068E-04   -0.86991E-02   -0.31716E-01   -0.10610E+00    0.15056E+00    0.10292E+00   -0.10483E+00    0.41294E-01   -0.54312E-01    0.13991E+00   -0.15951E+00   -0.11160E+00    0.15762E-01   -0.21535E-01   -0.22073E-02   -0.11503E-02   -0.14887E-01    0.97948E+00   -0.34739E-01   -0.77519E-01    0.23592E-01    0.17631E+00   -0.10608E+00
   -0.18394E-06    0.11063E-03   -0.12748E-04    0.17900E-03    0.82399E-04    0.90867E-03   -0.43381E-05    0.85039E-03    0.55106E+00   -0.52339E+00    0.16603E+00    0.35248E+00   -0.62697E-01   -0.58863E-01   -0.18028E-02   -0.18903E-03   -0.68079E-02    0.78100E-05    0.14419E-04    0.20751E-03   -0.37404E-01    0.16064E+00   -0.23287E+00   -0.62169E-01    0.10199E+00    0.10217E+00    0.66391E+00   -0.82039E-01   -0.18878E+00   -0.79491E-01    0.89012E-01    0.60876E+00    0.10443E+00   -0.12324E+00   -0.84519E-02   -0.34739E-01    0.98055E+00    0.87711E-02   -0.54525E-02    0.97317E-02   -0.11521E-01
   -0.56314E-05    0.75476E-04   -0.24016E-04    0.31962E-04    0.63825E-04    0.13117E-02   -0.57805E-04    0.33802E-03   -0.17297E+01   -0.36399E+00    0.52396E+00    0.66878E-01   -0.26014E+00   -0.23868E-01   -0.15186E-02   -0.17929E-02   -0.63494E-02    0.59149E-05    0.64255E-04   -0.26792E-02    0.55833E-01    0.25447E-01    0.45388E-01    0.11889E-01    0.44562E-01   -0.60601E-01    0.27248E+00    0.26513E+00    0.64381E+00    0.89814E-01   -0.55039E+00    0.18056E+00    0.15210E+00    0.13218E-01    0.32025E-01   -0.77519E-01    0.87711E-02    0.10033E+01    0.21378E-01    0.35170E-03    0.40613E-03
   -0.11411E-05    0.35716E-06   -0.12821E-04   -0.26965E-03    0.22393E-04    0.20944E-02    0.12713E-03   -0.48869E-03   -0.31644E+01   -0.30102E+00    0.36519E-01   -0.38851E-01   -0.80388E-01    0.37848E-01   -0.29301E-02    0.50032E-03    0.44347E-03   -0.14266E-05   -0.17313E-04   -0.37652E-03    0.40527E-01   -0.41888E-02    0.12671E+00   -0.49271E-03    0.12840E-01    0.10015E+00   -0.51300E-01    0.80982E+00    0.14881E+00   -0.61261E-01    0.38512E+00    0.11073E+00    0.13904E-01    0.16073E+00    0.12552E+00    0.23592E-01   -0.54525E-02    0.21378E-01    0.10167E+01   -0.11170E-01   -0.99338E-02
   -0.94536E-05    0.55602E-04    0.44453E-05   -0.22817E-03    0.71463E-04    0.62337E-03   -0.19932E-03   -0.32710E-03    0.34932E+00    0.20434E+00   -0.11711E+00   -0.90292E-01    0.48918E-01    0.20780E-01   -0.65345E-02    0.83077E-02    0.20568E-02   -0.74644E-06   -0.28371E-04   -0.20388E-02    0.54351E-01    0.47828E-01    0.83435E-03   -0.18502E+00   -0.11791E+00   -0.27791E-01   -0.45926E-01    0.29790E+00   -0.63137E+00    0.28408E+00   -0.34671E+00    0.47997E-01    0.15479E+00    0.17490E-01   -0.25809E+00    0.17631E+00    0.97317E-02    0.35170E-03   -0.11170E-01    0.98917E+00   -0.96095E-02
   -0.11239E-05   -0.14059E-04    0.93031E-05   -0.28404E-03    0.12809E-04   -0.49799E-03    0.92843E-05   -0.60521E-03    0.19862E+01   -0.24894E+00   -0.33037E+00    0.99054E-01    0.24551E+00    0.44919E-02    0.49201E-03    0.26192E-02    0.14499E-01    0.81870E-05    0.39194E-04   -0.18145E-03    0.90276E-01    0.75092E-01   -0.19590E+00    0.96674E-01    0.56455E-01   -0.20773E-01    0.80975E-01   -0.20442E+00    0.18635E+00    0.67279E+00    0.20560E+00   -0.75600E-01    0.14724E+00   -0.58836E-01    0.11239E+00   -0.10608E+00   -0.11521E-01    0.40613E-03   -0.99338E-02   -0.96095E-02    0.97821E+00
