# omegabh2 omegach2 theta tau w wa logA ns calPlanck acib217 xi asz143 aps100 aps143 aps143217 aps217 aksz kgal100 kgal143 kgal143217 kgal217 galfEE100 galfEE100143 galfEE100217 galfEE143 galfEE143217 galfEE217 galfTE100 galfTE100143 galfTE100217 galfTE143 galfTE143217 galfTE217 cal0 cal2
    0.2491279E-07   -0.1214465E-06    0.1974090E-07    0.9149950E-06    0.2127490E-05    0.6711117E-05    0.1651201E-05    0.3097031E-06    0.8950867E-08   -0.1243171E-03    0.3491538E-05    0.2131471E-04   -0.4166608E-03   -0.2148090E-03   -0.2353677E-04    0.6214763E-04   -0.3998852E-04   -0.8430299E-05   -0.7569438E-05   -0.1528622E-04    0.1102827E-04    0.7651143E-07    0.3068041E-07   -0.3206821E-08    0.4038917E-07   -0.2032867E-07   -0.1841549E-06   -0.2130524E-06   -0.8118280E-07   -0.3452981E-06   -0.1424283E-06   -0.4572354E-06   -0.2105634E-05    0.4754803E-08   -0.1016687E-07
   -0.1214465E-06    0.1765014E-05   -0.1473136E-06   -0.8940241E-05   -0.1958146E-05   -0.1496299E-03   -0.1411316E-04   -0.4294284E-05   -0.1966846E-06    0.6559554E-03   -0.1398231E-04   -0.1149114E-03    0.2596566E-02    0.1235155E-02    0.2064918E-03   -0.4020367E-03    0.1325312E-03   -0.2081630E-04    0.1201831E-04    0.1328709E-03    0.2025001E-04   -0.1195113E-05   -0.4463224E-06    0.1143849E-06   -0.5533760E-06    0.2447466E-06    0.2518924E-05    0.4975958E-06   -0.1190488E-06    0.6614513E-05   -0.1072790E-06    0.2249967E-05    0.1046106E-04   -0.2315122E-07    0.7955677E-07
    0.1974090E-07   -0.1473136E-06    0.1044233E-06    0.1040026E-05    0.3564609E-06    0.1761548E-04    0.1869528E-05    0.4799284E-06    0.3319139E-07   -0.1716727E-05   -0.1010855E-05   -0.5193583E-06   -0.7770595E-04   -0.9816426E-04   -0.1124349E-03   -0.7523764E-04   -0.1274426E-05    0.1054692E-04    0.1511418E-04    0.5814132E-06   -0.6173936E-05    0.8680662E-07    0.3556649E-07   -0.5359972E-07    0.3630352E-07   -0.6658224E-07   -0.2410813E-06   -0.3370584E-06   -0.2132735E-06   -0.1877954E-05    0.8806139E-07   -0.5838805E-06   -0.1719887E-05   -0.3871605E-08   -0.3299557E-08
    0.9149950E-06   -0.8940241E-05    0.1040026E-05    0.2868826E-03   -0.2919106E-03    0.1749261E-02    0.5475106E-03    0.3183625E-04   -0.2651709E-05   -0.1351205E-01    0.3741759E-03    0.1616814E-02   -0.4463857E-01   -0.1428144E-01    0.3051699E-02    0.1196788E-01   -0.4603820E-02   -0.5281083E-03   -0.1025241E-02   -0.2052861E-02    0.3662974E-03    0.8421100E-05    0.2748896E-05   -0.2111447E-05    0.2684791E-05   -0.6476552E-05   -0.9074644E-05   -0.2174811E-04   -0.1138231E-06   -0.1073638E-03   -0.3422494E-05    0.3147963E-05   -0.7349246E-04    0.2337868E-06   -0.1439470E-05
    0.2127490E-05   -0.1958146E-05    0.3564609E-06   -0.2919106E-03    0.5346951E-01   -0.1388557E+00   -0.5691515E-03   -0.1438875E-05    0.2839964E-05    0.9035003E-02    0.3922621E-03    0.8248614E-02   -0.1301749E+00   -0.5048845E-01    0.6479672E-02   -0.1137561E-01   -0.3507324E-02   -0.4529421E-02    0.8120179E-02    0.1697620E-01    0.3159907E-01   -0.1917946E-04   -0.9103041E-05    0.5607838E-05    0.6124781E-05    0.3521573E-04   -0.4264846E-04   -0.1897240E-03   -0.2175032E-03   -0.1287812E-03    0.3562662E-04    0.3686788E-03   -0.3743648E-03    0.5279888E-06    0.9792015E-05
    0.6711117E-05   -0.1496299E-03    0.1761548E-04    0.1749261E-02   -0.1388557E+00    0.3943207E+00    0.3132191E-02    0.3943455E-03    0.3270774E-05   -0.7394654E-01    0.9688399E-03   -0.7734196E-02   -0.1168493E-01    0.2344136E-01   -0.1525006E-01    0.6246470E-01   -0.1092678E-01    0.8536160E-02   -0.2715754E-01   -0.5580391E-01   -0.9194384E-01    0.1456724E-03    0.5197853E-04   -0.4840670E-05    0.1476276E-04   -0.1314097E-03    0.1064196E-03    0.5438447E-03    0.6347889E-03   -0.9911049E-03   -0.6475910E-04   -0.1227880E-02   -0.4374946E-04    0.1494941E-05   -0.2874632E-04
    0.1651201E-05   -0.1411316E-04    0.1869528E-05    0.5475106E-03   -0.5691515E-03    0.3132191E-02    0.1078528E-02    0.5282952E-04    0.6701505E-05   -0.2595310E-01    0.7588335E-03    0.2748958E-02   -0.7751600E-01   -0.2477526E-01    0.8189463E-02    0.2841351E-01   -0.9337811E-02   -0.1266447E-02   -0.2431606E-02   -0.4676814E-02    0.2046072E-02    0.1704945E-04    0.4565583E-05   -0.4192410E-05    0.5340991E-05   -0.1161348E-04   -0.1629886E-04   -0.3407603E-04    0.3786223E-05   -0.1932346E-03   -0.1037683E-04    0.1391391E-04   -0.1048205E-03    0.6575656E-06   -0.2861467E-05
    0.3097031E-06   -0.4294284E-05    0.4799284E-06    0.3183625E-04   -0.1438875E-05    0.3943455E-03    0.5282952E-04    0.1992179E-04    0.4952821E-06   -0.6059743E-02    0.1368225E-03    0.1050166E-02   -0.2653245E-01   -0.6720928E-02    0.2643947E-02    0.7276014E-02   -0.2415440E-02    0.2050620E-03   -0.2233598E-03   -0.5573595E-03    0.7119633E-03    0.5140054E-05    0.2169732E-05   -0.6086878E-06    0.3343840E-05   -0.3478256E-06   -0.1531126E-05   -0.8353878E-06    0.3660449E-06   -0.1610061E-04   -0.1451889E-05   -0.7217963E-05   -0.3593072E-04   -0.1019147E-06   -0.5882409E-06
    0.8950867E-08   -0.1966846E-06    0.3319139E-07   -0.2651709E-05    0.2839964E-05    0.3270774E-05    0.6701505E-05    0.4952821E-06    0.6242401E-05    0.5317125E-03   -0.6489163E-05   -0.1104789E-03    0.3894195E-02    0.3091988E-03   -0.1989435E-03    0.1233095E-02    0.1399795E-03    0.7674855E-05    0.2176024E-04   -0.2071801E-03    0.5955692E-03    0.1728879E-05    0.2362305E-06   -0.8003425E-07    0.8516707E-06    0.1424284E-06   -0.8076841E-06    0.4178467E-05    0.2643931E-05    0.3792147E-05   -0.1335886E-05    0.1733130E-05    0.1340022E-04    0.1243627E-07   -0.6814763E-07
   -0.1243171E-03    0.6559554E-03   -0.1716727E-05   -0.1351205E-01    0.9035003E-02   -0.7394654E-01   -0.2595310E-01   -0.6059743E-02    0.5317125E-03    0.4762443E+02   -0.4717608E+00   -0.1325061E+01    0.4025177E+02    0.6612696E+00   -0.1992352E+02   -0.6471183E+02    0.1131148E+00   -0.1699328E+00    0.2833059E+00   -0.2910147E+01   -0.2408764E+02   -0.1567868E-02   -0.5956269E-03   -0.1108213E-03   -0.6927200E-04   -0.1983642E-03   -0.2340280E-02   -0.7894652E-02   -0.3692225E-02    0.2584105E-01   -0.2537053E-02    0.7725010E-02    0.1824484E-01   -0.1869163E-03    0.4433220E-02
    0.3491538E-05   -0.1398231E-04   -0.1010855E-05    0.3741759E-03    0.3922621E-03    0.9688399E-03    0.7588335E-03    0.1368225E-03   -0.6489163E-05   -0.4717608E+00    0.8171300E-01   -0.6566775E-01   -0.4709883E+00    0.9617718E+00    0.1781539E+01    0.7191902E+00    0.6464634E-01   -0.8823490E-02    0.5773589E-02    0.9137843E-01    0.9684693E-01    0.1263209E-03    0.7238880E-05    0.3566426E-04    0.2447767E-04   -0.1287238E-04   -0.8451134E-04   -0.6698450E-04    0.7963219E-04    0.4883757E-03    0.1568100E-03   -0.1267543E-04   -0.3509087E-04    0.1007244E-04   -0.1814833E-04
    0.2131471E-04   -0.1149114E-03   -0.5193583E-06    0.1616814E-02    0.8248614E-02   -0.7734196E-02    0.2748958E-02    0.1050166E-02   -0.1104789E-03   -0.1325061E+01   -0.6566775E-01    0.3670639E+01   -0.2794027E+02   -0.3980670E+01    0.7375716E+01    0.6157153E+01   -0.2436449E+01   -0.1906028E+00    0.1550154E+00    0.2468696E+01    0.1853930E+01    0.2958576E-03    0.2042315E-03   -0.4149781E-03    0.2472765E-03    0.3448791E-04   -0.3358587E-03   -0.8259149E-03   -0.1089328E-02   -0.3476025E-02   -0.1578807E-02   -0.6112529E-03   -0.2594785E-02    0.1853801E-03   -0.3268658E-03
   -0.4166608E-03    0.2596566E-02   -0.7770595E-04   -0.4463857E-01   -0.1301749E+00   -0.1168493E-01   -0.7751600E-01   -0.2653245E-01    0.3894195E-02    0.4025177E+02   -0.4709883E+00   -0.2794027E+02    0.6983850E+03    0.6914837E+02   -0.5413898E+02   -0.6707618E+02    0.1149889E+02    0.3236801E-01   -0.1219086E+01   -0.1304845E+02   -0.1676282E+02   -0.1196486E-01   -0.2680778E-02    0.1564783E-02   -0.5905997E-02   -0.2937583E-02   -0.1847263E-01    0.6911783E-01    0.3419790E-01    0.2308420E-01    0.2272368E-01    0.3532252E-02    0.4895271E-01    0.4610586E-02    0.4003722E-02
   -0.2148090E-03    0.1235155E-02   -0.9816426E-04   -0.1428144E-01   -0.5048845E-01    0.2344136E-01   -0.2477526E-01   -0.6720928E-02    0.3091988E-03    0.6612696E+00    0.9617718E+00   -0.3980670E+01    0.6914837E+02    0.5649269E+02    0.3964916E+02    0.1565314E+02   -0.4242354E+01   -0.2244860E+00   -0.9831070E+00    0.2992494E+01    0.2959142E+01   -0.1327833E-02   -0.1274743E-02   -0.1949022E-03   -0.1179667E-02   -0.1489341E-02   -0.3987044E-02    0.9227045E-02    0.4132461E-02   -0.8449722E-02    0.2277287E-02    0.2257775E-02    0.2149205E-02    0.2422875E-03    0.1183561E-03
   -0.2353677E-04    0.2064918E-03   -0.1124349E-03    0.3051699E-02    0.6479672E-02   -0.1525006E-01    0.8189463E-02    0.2643947E-02   -0.1989435E-03   -0.1992352E+02    0.1781539E+01    0.7375716E+01   -0.5413898E+02    0.3964916E+02    0.9042403E+02    0.6270443E+02   -0.1108024E+02   -0.5581873E+00   -0.8861157E-01    0.4189447E+01    0.4454525E+01    0.2791863E-02   -0.4856433E-04   -0.4435813E-03    0.5778990E-03   -0.1307756E-02   -0.7301819E-02    0.8999458E-02    0.3713610E-02   -0.1638625E-01    0.3124026E-04   -0.2422392E-02   -0.2259264E-01    0.8679816E-03   -0.2500160E-02
    0.6214763E-04   -0.4020367E-03   -0.7523764E-04    0.1196788E-01   -0.1137561E-01    0.6246470E-01    0.2841351E-01    0.7276014E-02    0.1233095E-02   -0.6471183E+02    0.7191902E+00    0.6157153E+01   -0.6707618E+02    0.1565314E+02    0.6270443E+02    0.1227165E+03   -0.9459416E+01   -0.7339192E-01   -0.4458962E+00    0.1181647E+00    0.1996244E+02    0.3765898E-02    0.8293074E-03   -0.1006346E-02    0.2023860E-03    0.1977342E-03   -0.3070520E-02    0.2354975E-01    0.7157344E-02   -0.4398783E-01   -0.1256705E-02   -0.1299595E-01   -0.3036189E-01    0.6686609E-03   -0.7803663E-02
   -0.3998852E-04    0.1325312E-03   -0.1274426E-05   -0.4603820E-02   -0.3507324E-02   -0.1092678E-01   -0.9337811E-02   -0.2415440E-02    0.1399795E-03    0.1131148E+00    0.6464634E-01   -0.2436449E+01    0.1149889E+02   -0.4242354E+01   -0.1108024E+02   -0.9459416E+01    0.5547456E+01    0.4786536E-01   -0.1030295E+00   -0.1826495E+01   -0.1134212E+01   -0.6052417E-03   -0.1497225E-03    0.6156114E-03   -0.6012757E-03    0.7447640E-04    0.9092806E-03   -0.3771200E-02    0.3088602E-03    0.5601145E-02    0.2714242E-02    0.2867490E-02    0.1288368E-01   -0.1540572E-03    0.1762206E-03
   -0.8430299E-05   -0.2081630E-04    0.1054692E-04   -0.5281083E-03   -0.4529421E-02    0.8536160E-02   -0.1266447E-02    0.2050620E-03    0.7674855E-05   -0.1699328E+00   -0.8823490E-02   -0.1906028E+00    0.3236801E-01   -0.2244860E+00   -0.5581873E+00   -0.7339192E-01    0.4786536E-01    0.3130626E+01    0.7828345E+00    0.3005754E+00    0.4532518E+00    0.3615038E-03    0.1096878E-03   -0.1539955E-03    0.4028000E-04   -0.6894864E-03   -0.4092900E-03   -0.3667913E-02    0.3674021E-03    0.2961040E-04   -0.9722754E-03   -0.1031406E-02    0.3810287E-02    0.4221990E-03   -0.2736536E-04
   -0.7569438E-05    0.1201831E-04    0.1511418E-04   -0.1025241E-02    0.8120179E-02   -0.2715754E-01   -0.2431606E-02   -0.2233598E-03    0.2176024E-04    0.2833059E+00    0.5773589E-02    0.1550154E+00   -0.1219086E+01   -0.9831070E+00   -0.8861157E-01   -0.4458962E+00   -0.1030295E+00    0.7828345E+00    0.3077211E+01    0.2324854E+01    0.1213919E+01    0.7082401E-04    0.6078351E-04    0.5462387E-04   -0.1330879E-03   -0.7557872E-03   -0.7356394E-03    0.2428777E-02    0.1100199E-03    0.2054447E-02   -0.2799191E-03   -0.1350827E-02    0.5985230E-02   -0.4187088E-03   -0.2249870E-03
   -0.1528622E-04    0.1328709E-03    0.5814132E-06   -0.2052861E-02    0.1697620E-01   -0.5580391E-01   -0.4676814E-02   -0.5573595E-03   -0.2071801E-03   -0.2910147E+01    0.9137843E-01    0.2468696E+01   -0.1304845E+02    0.2992494E+01    0.4189447E+01    0.1181647E+00   -0.1826495E+01    0.3005754E+00    0.2324854E+01    0.1754223E+02    0.2678441E+02   -0.1451171E-03   -0.1217696E-03   -0.5671341E-03    0.1925298E-03   -0.3004080E-03    0.3552763E-02    0.2881438E-02    0.7349289E-03   -0.1720615E-02   -0.1437824E-02   -0.5564989E-03    0.1305241E-01   -0.6530773E-04    0.2487393E-02
    0.1102827E-04    0.2025001E-04   -0.6173936E-05    0.3662974E-03    0.3159907E-01   -0.9194384E-01    0.2046072E-02    0.7119633E-03    0.5955692E-03   -0.2408764E+02    0.9684693E-01    0.1853930E+01   -0.1676282E+02    0.2959142E+01    0.4454525E+01    0.1996244E+02   -0.1134212E+01    0.4532518E+00    0.1213919E+01    0.2678441E+02    0.6095165E+02   -0.1770713E-03   -0.2293332E-03    0.1065838E-03    0.4894843E-03   -0.4622619E-03    0.8682487E-02    0.9912876E-02    0.5191283E-02   -0.1009916E-01    0.1204996E-02   -0.1901079E-02    0.7233240E-02   -0.1779964E-04    0.4430320E-02
    0.7651143E-07   -0.1195113E-05    0.8680662E-07    0.8421100E-05   -0.1917946E-04    0.1456724E-03    0.1704945E-04    0.5140054E-05    0.1728879E-05   -0.1567868E-02    0.1263209E-03    0.2958576E-03   -0.1196486E-01   -0.1327833E-02    0.2791863E-02    0.3765898E-02   -0.6052417E-03    0.3615038E-03    0.7082401E-04   -0.1451171E-03   -0.1770713E-03    0.1235269E-03    0.1012948E-04    0.1071072E-06    0.3802693E-05   -0.5166852E-06    0.7546181E-05   -0.1275253E-04   -0.1833674E-05   -0.1740162E-04    0.4469317E-05    0.1469233E-04   -0.2194717E-04   -0.2627569E-07   -0.2429086E-06
    0.3068041E-07   -0.4463224E-06    0.3556649E-07    0.2748896E-05   -0.9103041E-05    0.5197853E-04    0.4565583E-05    0.2169732E-05    0.2362305E-06   -0.5956269E-03    0.7238880E-05    0.2042315E-03   -0.2680778E-02   -0.1274743E-02   -0.4856433E-04    0.8293074E-03   -0.1497225E-03    0.1096878E-03    0.6078351E-04   -0.1217696E-03   -0.2293332E-03    0.1012948E-04    0.1376782E-04    0.1000330E-05    0.6381115E-05    0.7114888E-06    0.1806052E-05   -0.6890915E-06   -0.2175396E-05    0.5437477E-05   -0.1524667E-05    0.3195979E-05   -0.2911986E-05    0.1394153E-07   -0.1132655E-06
   -0.3206821E-08    0.1143849E-06   -0.5359972E-07   -0.2111447E-05    0.5607838E-05   -0.4840670E-05   -0.4192410E-05   -0.6086878E-06   -0.8003425E-07   -0.1108213E-03    0.3566426E-04   -0.4149781E-03    0.1564783E-02   -0.1949022E-03   -0.4435813E-03   -0.1006346E-02    0.6156114E-03   -0.1539955E-03    0.5462387E-04   -0.5671341E-03    0.1065838E-03    0.1071072E-06    0.1000330E-05    0.2248752E-03    0.1058219E-05    0.1914296E-05   -0.5772888E-05    0.7927888E-05    0.4232959E-05   -0.3552710E-04    0.5347935E-05   -0.1984727E-04   -0.3556079E-04   -0.4558656E-07    0.5010244E-07
    0.4038917E-07   -0.5533760E-06    0.3630352E-07    0.2684791E-05    0.6124781E-05    0.1476276E-04    0.5340991E-05    0.3343840E-05    0.8516707E-06   -0.6927200E-04    0.2447767E-04    0.2472765E-03   -0.5905997E-02   -0.1179667E-02    0.5778990E-03    0.2023860E-03   -0.6012757E-03    0.4028000E-04   -0.1330879E-03    0.1925298E-03    0.4894843E-03    0.3802693E-05    0.6381115E-05    0.1058219E-05    0.3108207E-04    0.7140208E-06    0.1702942E-05    0.5724416E-05    0.2895005E-05   -0.1271398E-04    0.3051460E-05   -0.8404898E-05   -0.1937468E-04   -0.4250441E-07    0.1778938E-06
   -0.2032867E-07    0.2447466E-06   -0.6658224E-07   -0.6476552E-05    0.3521573E-04   -0.1314097E-03   -0.1161348E-04   -0.3478256E-06    0.1424284E-06   -0.1983642E-03   -0.1287238E-04    0.3448791E-04   -0.2937583E-02   -0.1489341E-02   -0.1307756E-02    0.1977342E-03    0.7447640E-04   -0.6894864E-03   -0.7557872E-03   -0.3004080E-03   -0.4622619E-03   -0.5166852E-06    0.7114888E-06    0.1914296E-05    0.7140208E-06    0.3941702E-03   -0.1497343E-04    0.1696326E-05    0.3955811E-05   -0.3845586E-04    0.1327861E-05   -0.2684738E-04   -0.1816182E-04    0.1266183E-06   -0.1677367E-06
   -0.1841549E-06    0.2518924E-05   -0.2410813E-06   -0.9074644E-05   -0.4264846E-04    0.1064196E-03   -0.1629886E-04   -0.1531126E-05   -0.8076841E-06   -0.2340280E-02   -0.8451134E-04   -0.3358587E-03   -0.1847263E-01   -0.3987044E-02   -0.7301819E-02   -0.3070520E-02    0.9092806E-03   -0.4092900E-03   -0.7356394E-03    0.3552763E-02    0.8682487E-02    0.7546181E-05    0.1806052E-05   -0.5772888E-05    0.1702942E-05   -0.1497343E-04    0.3454375E-02    0.1739298E-04    0.1453574E-05   -0.9324896E-04   -0.4332761E-04    0.5298362E-04    0.3675397E-04   -0.4327832E-06    0.6292527E-06
   -0.2130524E-06    0.4975958E-06   -0.3370584E-06   -0.2174811E-04   -0.1897240E-03    0.5438447E-03   -0.3407603E-04   -0.8353878E-06    0.4178467E-05   -0.7894652E-02   -0.6698450E-04   -0.8259149E-03    0.6911783E-01    0.9227045E-02    0.8999458E-02    0.2354975E-01   -0.3771200E-02   -0.3667913E-02    0.2428777E-02    0.2881438E-02    0.9912876E-02   -0.1275253E-04   -0.6890915E-06    0.7927888E-05    0.5724416E-05    0.1696326E-05    0.1739298E-04    0.5740836E-02    0.1795666E-02    0.1977218E-02   -0.6837629E-03   -0.1577858E-03   -0.1965775E-03    0.2684246E-05    0.2836813E-06
   -0.8118280E-07   -0.1190488E-06   -0.2132735E-06   -0.1138231E-06   -0.2175032E-03    0.6347889E-03    0.3786223E-05    0.3660449E-06    0.2643931E-05   -0.3692225E-02    0.7963219E-04   -0.1089328E-02    0.3419790E-01    0.4132461E-02    0.3713610E-02    0.7157344E-02    0.3088602E-03    0.3674021E-03    0.1100199E-03    0.7349289E-03    0.5191283E-02   -0.1833674E-05   -0.2175396E-05    0.4232959E-05    0.2895005E-05    0.3955811E-05    0.1453574E-05    0.1795666E-02    0.1213833E-02    0.8611198E-03    0.2075646E-03   -0.3358958E-05   -0.3125576E-03    0.6384352E-06    0.6563803E-06
   -0.3452981E-06    0.6614513E-05   -0.1877954E-05   -0.1073638E-03   -0.1287812E-03   -0.9911049E-03   -0.1932346E-03   -0.1610061E-04    0.3792147E-05    0.2584105E-01    0.4883757E-03   -0.3476025E-02    0.2308420E-01   -0.8449722E-02   -0.1638625E-01   -0.4398783E-01    0.5601145E-02    0.2961040E-04    0.2054447E-02   -0.1720615E-02   -0.1009916E-01   -0.1740162E-04    0.5437477E-05   -0.3552710E-04   -0.1271398E-04   -0.3845586E-04   -0.9324896E-04    0.1977218E-02    0.8611198E-03    0.3311552E-01   -0.6487495E-03    0.1104110E-02    0.1049904E-01   -0.8131844E-06    0.5731628E-05
   -0.1424283E-06   -0.1072790E-06    0.8806139E-07   -0.3422494E-05    0.3562662E-04   -0.6475910E-04   -0.1037683E-04   -0.1451889E-05   -0.1335886E-05   -0.2537053E-02    0.1568100E-03   -0.1578807E-02    0.2272368E-01    0.2277287E-02    0.3124026E-04   -0.1256705E-02    0.2714242E-02   -0.9722754E-03   -0.2799191E-03   -0.1437824E-02    0.1204996E-02    0.4469317E-05   -0.1524667E-05    0.5347935E-05    0.3051460E-05    0.1327861E-05   -0.4332761E-04   -0.6837629E-03    0.2075646E-03   -0.6487495E-03    0.1399040E-02    0.1639862E-03   -0.4654849E-03    0.1909175E-06    0.2320679E-06
   -0.4572354E-06    0.2249967E-05   -0.5838805E-06    0.3147963E-05    0.3686788E-03   -0.1227880E-02    0.1391391E-04   -0.7217963E-05    0.1733130E-05    0.7725010E-02   -0.1267543E-04   -0.6112529E-03    0.3532252E-02    0.2257775E-02   -0.2422392E-02   -0.1299595E-01    0.2867490E-02   -0.1031406E-02   -0.1350827E-02   -0.5564989E-03   -0.1901079E-02    0.1469233E-04    0.3195979E-05   -0.1984727E-04   -0.8404898E-05   -0.2684738E-04    0.5298362E-04   -0.1577858E-03   -0.3358958E-05    0.1104110E-02    0.1639862E-03    0.5110803E-02    0.4069088E-02    0.5610924E-06    0.8709262E-06
   -0.2105634E-05    0.1046106E-04   -0.1719887E-05   -0.7349246E-04   -0.3743648E-03   -0.4374946E-04   -0.1048205E-03   -0.3593072E-04    0.1340022E-04    0.1824484E-01   -0.3509087E-04   -0.2594785E-02    0.4895271E-01    0.2149205E-02   -0.2259264E-01   -0.3036189E-01    0.1288368E-01    0.3810287E-02    0.5985230E-02    0.1305241E-01    0.7233240E-02   -0.2194717E-04   -0.2911986E-05   -0.3556079E-04   -0.1937468E-04   -0.1816182E-04    0.3675397E-04   -0.1965775E-03   -0.3125576E-03    0.1049904E-01   -0.4654849E-03    0.4069088E-02    0.3567208E-01   -0.4493224E-06   -0.1603721E-05
    0.4754803E-08   -0.2315122E-07   -0.3871605E-08    0.2337868E-06    0.5279888E-06    0.1494941E-05    0.6575656E-06   -0.1019147E-06    0.1243627E-07   -0.1869163E-03    0.1007244E-04    0.1853801E-03    0.4610586E-02    0.2422875E-03    0.8679816E-03    0.6686609E-03   -0.1540572E-03    0.4221990E-03   -0.4187088E-03   -0.6530773E-04   -0.1779964E-04   -0.2627569E-07    0.1394153E-07   -0.4558656E-07   -0.4250441E-07    0.1266183E-06   -0.4327832E-06    0.2684246E-05    0.6384352E-06   -0.8131844E-06    0.1909175E-06    0.5610924E-06   -0.4493224E-06    0.5375740E-06    0.9289258E-08
   -0.1016687E-07    0.7955677E-07   -0.3299557E-08   -0.1439470E-05    0.9792015E-05   -0.2874632E-04   -0.2861467E-05   -0.5882409E-06   -0.6814763E-07    0.4433220E-02   -0.1814833E-04   -0.3268658E-03    0.4003722E-02    0.1183561E-03   -0.2500160E-02   -0.7803663E-02    0.1762206E-03   -0.2736536E-04   -0.2249870E-03    0.2487393E-02    0.4430320E-02   -0.2429086E-06   -0.1132655E-06    0.5010244E-07    0.1778938E-06   -0.1677367E-06    0.6292527E-06    0.2836813E-06    0.6563803E-06    0.5731628E-05    0.2320679E-06    0.8709262E-06   -0.1603721E-05    0.9289258E-08    0.2104822E-05
