# omegabh2 omegach2 theta tau logA ns calPlanck calTE
    0.6694715E-07   -0.2961429E-06    0.4613482E-07    0.2245442E-05    0.4181377E-05    0.1965875E-05   -0.7129556E-08   -0.2171425E-06
   -0.2961429E-06    0.4726676E-05   -0.4239254E-06   -0.3596603E-04   -0.6199318E-04   -0.1595989E-04   -0.1650953E-07    0.5576531E-06
    0.4613482E-07   -0.4239254E-06    0.2412657E-06    0.4794686E-05    0.9031616E-05    0.1887243E-05    0.3315565E-08   -0.1154618E-06
    0.2245442E-05   -0.3596603E-04    0.4794686E-05    0.6108258E-03    0.9999405E-03    0.1371884E-03   -0.6708913E-05   -0.1225625E-03
    0.4181377E-05   -0.6199318E-04    0.9031616E-05    0.9999405E-03    0.1715260E-02    0.2462185E-03   -0.8947858E-06   -0.1562775E-03
    0.1965875E-05   -0.1595989E-04    0.1887243E-05    0.1371884E-03    0.2462185E-03    0.1428347E-03   -0.1821828E-06   -0.1240972E-04
   -0.7129556E-08   -0.1650953E-07    0.3315565E-08   -0.6708913E-05   -0.8947858E-06   -0.1821828E-06    0.6108759E-05    0.2528477E-06
   -0.2171425E-06    0.5576531E-06   -0.1154618E-06   -0.1225625E-03   -0.1562775E-03   -0.1240972E-04    0.2528477E-06    0.9651987E-04
