# omegabh2 omegach2 theta tau alpha1 ns logA aps100 aps143 aps217 acib143 acib217 asz143 psr cibr ncib cal0 cal2 xi aksz bm_1_1 bm_1_2 bm_1_3 bm_1_4 bm_1_5 bm_2_1 bm_2_2 bm_2_3 bm_2_4 bm_2_5 bm_3_1 bm_3_2 bm_3_3 bm_3_4 bm_3_5 bm_4_1 bm_4_2 bm_4_3 bm_4_4 bm_4_5
    0.99846E-07   -0.21083E-06    0.31046E-07    0.64846E-05   -0.59452E-06    0.76359E-06    0.12836E-04   -0.20269E-02   -0.87284E-03   -0.13337E-03   -0.18666E-03   -0.31061E-03    0.28978E-04    0.30784E-06   -0.82295E-05   -0.26638E-05    0.21033E-08   -0.15205E-07    0.24559E-05   -0.11465E-03   -0.13436E-04   -0.81753E-05   -0.38123E-05   -0.96366E-06   -0.80331E-05    0.45491E-05   -0.28978E-06    0.61138E-05   -0.71678E-05    0.17063E-05   -0.66633E-05    0.71960E-06    0.25779E-05    0.46871E-05    0.32271E-05   -0.22891E-05    0.38400E-05    0.23369E-08   -0.46143E-05   -0.12406E-05
   -0.21083E-06    0.34190E-05   -0.26222E-06   -0.25062E-04    0.21489E-06   -0.94901E-05   -0.41418E-04    0.49657E-02    0.23890E-02    0.49390E-03    0.31409E-03    0.63920E-03   -0.16548E-04   -0.18945E-05    0.16779E-04    0.40752E-05    0.16227E-08    0.54444E-07   -0.97397E-05    0.25112E-03    0.92277E-04   -0.53511E-05   -0.16782E-04    0.93893E-05    0.11768E-04    0.11689E-04    0.14485E-05   -0.31889E-04    0.14972E-04   -0.73664E-05    0.16587E-04    0.13866E-04   -0.11986E-04   -0.64120E-05   -0.27407E-04    0.26735E-04   -0.10329E-04   -0.34431E-05    0.27995E-04    0.79272E-05
    0.31046E-07   -0.26222E-06    0.38406E-06    0.17568E-06    0.72388E-06    0.17852E-05   -0.26310E-06   -0.10889E-03   -0.17658E-03    0.37738E-04   -0.41764E-04   -0.84775E-04    0.27540E-04    0.85083E-06   -0.22731E-05   -0.57242E-06   -0.26099E-08   -0.15609E-07    0.25595E-05   -0.36454E-04   -0.28290E-05    0.10073E-04   -0.55203E-06   -0.75940E-05    0.34991E-06   -0.23767E-05    0.56128E-05   -0.87992E-05    0.94419E-05    0.76735E-05    0.22154E-05   -0.89567E-05   -0.14819E-04    0.60604E-05    0.43212E-06    0.16989E-05   -0.58512E-05   -0.96970E-06    0.36355E-05   -0.14474E-05
    0.64846E-05   -0.25062E-04    0.17568E-06    0.14448E-02   -0.71803E-04    0.12025E-03    0.28439E-02   -0.29319E+00   -0.63273E-01    0.85411E-02   -0.30535E-01   -0.39535E-01    0.80962E-03    0.14946E-03   -0.14466E-02   -0.72628E-04    0.36651E-06   -0.21785E-05    0.32209E-03   -0.16163E-01   -0.10203E-02    0.64492E-04   -0.55488E-03    0.12449E-03   -0.15768E-03    0.32583E-03    0.24326E-03    0.38512E-03   -0.98116E-03    0.97066E-03   -0.37912E-03    0.16954E-03    0.10190E-02   -0.34744E-04    0.38160E-03    0.27094E-04   -0.79568E-04    0.56356E-03   -0.42445E-03   -0.19246E-03
   -0.59452E-06    0.21489E-06    0.72388E-06   -0.71803E-04    0.15685E-04    0.53033E-05   -0.14833E-03    0.14057E-01    0.45826E-02    0.11231E-02    0.12225E-02    0.15778E-02   -0.24430E-03   -0.24923E-05    0.27813E-04    0.14275E-04   -0.14468E-07   -0.11931E-07   -0.66300E-05    0.32786E-03   -0.46697E-04    0.28061E-04    0.35027E-04    0.97143E-05    0.94326E-04   -0.10405E-04   -0.46685E-04   -0.44145E-05    0.12269E-03    0.26708E-04    0.59032E-04   -0.50332E-04   -0.58021E-04    0.26859E-04   -0.13734E-04    0.34191E-04   -0.15826E-04   -0.44660E-04   -0.50370E-05    0.65192E-04
    0.76359E-06   -0.94901E-05    0.17852E-05    0.12025E-03    0.53033E-05    0.56201E-04    0.21277E-03   -0.80107E-01   -0.65110E-02    0.11180E-01   -0.87703E-02   -0.10527E-01   -0.47353E-03    0.47861E-04   -0.39222E-03   -0.21577E-04   -0.54768E-07   -0.25945E-06    0.12471E-03   -0.43589E-02   -0.22217E-03    0.12207E-03   -0.84729E-04   -0.10044E-03    0.38894E-04    0.24132E-03    0.10995E-03    0.50451E-04    0.48909E-05    0.14693E-03   -0.67524E-04   -0.10071E-03   -0.47958E-05    0.29114E-04    0.87258E-04    0.12395E-03    0.64852E-04    0.88764E-04   -0.72280E-04   -0.68751E-04
    0.12836E-04   -0.41418E-04   -0.26310E-06    0.28439E-02   -0.14833E-03    0.21277E-03    0.56278E-02   -0.59300E+00   -0.11622E+00    0.24897E-01   -0.64031E-01   -0.80560E-01    0.70160E-03    0.31865E-03   -0.30068E-02   -0.10927E-03    0.80915E-06   -0.39638E-05    0.65076E-03   -0.33210E-01   -0.11818E-02    0.27070E-03   -0.11739E-02    0.24451E-03   -0.26966E-03    0.95203E-03    0.60781E-03    0.65572E-03   -0.19641E-02    0.18288E-02   -0.73727E-03    0.44917E-03    0.19904E-02   -0.15020E-03    0.65356E-03    0.29867E-03   -0.78920E-04    0.12156E-02   -0.71237E-03   -0.38868E-03
   -0.20269E-02    0.49657E-02   -0.10889E-03   -0.29319E+00    0.14057E-01   -0.80107E-01   -0.59300E+00    0.26546E+04    0.62306E+02   -0.13253E+03    0.11115E+03    0.10104E+03   -0.71588E+02   -0.98444E+00    0.36105E+00    0.13838E+01    0.75582E-03    0.51179E-03   -0.59950E+00   -0.15417E+02    0.10936E+02   -0.11142E+02    0.53849E+00   -0.22067E+00   -0.97330E+00    0.64933E+00   -0.47271E+01   -0.86872E+00   -0.53586E+00   -0.11307E+01    0.13408E+01   -0.98519E+00    0.15809E+00    0.13935E+00   -0.35949E+01    0.20609E+01   -0.17064E+01   -0.22048E+01   -0.96660E+00    0.28174E+01
   -0.87284E-03    0.23890E-02   -0.17658E-03   -0.63273E-01    0.45826E-02   -0.65110E-02   -0.11622E+00    0.62306E+02    0.17733E+03    0.47048E+02   -0.30514E+02   -0.55191E+01   -0.70327E+01   -0.27512E+00   -0.38936E-01   -0.11607E+00    0.69235E-04    0.30757E-02    0.10807E+01   -0.11220E+02    0.11880E+01    0.49059E+00    0.10620E+00    0.16340E+00    0.15459E+00   -0.19658E+01   -0.73318E+00   -0.12808E-01   -0.31214E-01   -0.21247E+00    0.13132E+01    0.20876E+00    0.51942E+00   -0.22624E+00   -0.34675E+00   -0.51124E+00   -0.54433E+00   -0.10980E+00    0.28461E+00   -0.51071E-01
   -0.13337E-03    0.49390E-03    0.37738E-04    0.85411E-02    0.11231E-02    0.11180E-01    0.24897E-01   -0.13253E+03    0.47048E+02    0.18628E+03   -0.25942E+02   -0.62797E+02    0.48486E+01   -0.65443E-01   -0.83052E+00   -0.98931E+00   -0.23510E-04   -0.39807E-02    0.34026E+00   -0.10300E+02    0.12187E+01    0.10092E+01   -0.45207E+00   -0.20433E+00   -0.43443E-01    0.10831E+01    0.27450E+00   -0.17102E+00    0.22648E-03    0.50890E+00   -0.10972E+01    0.90758E+00   -0.24834E+00    0.27972E+00    0.15332E+00    0.11893E+00    0.13663E+00    0.40200E+00    0.16206E+00   -0.18024E+00
   -0.18666E-03    0.31409E-03   -0.41764E-04   -0.30535E-01    0.12225E-02   -0.87703E-02   -0.64031E-01    0.11115E+03   -0.30514E+02   -0.25942E+02    0.24027E+02    0.14705E+02   -0.27563E+01    0.29841E-01    0.19161E+00    0.21301E+00   -0.67756E-04   -0.10858E-02    0.38576E-01   -0.81865E+00   -0.80925E+00   -0.66224E+00    0.16451E-01   -0.93621E-01   -0.66264E-01    0.94170E+00    0.22506E+00   -0.35924E-01    0.11079E+00   -0.24094E-01   -0.41712E+00   -0.22667E+00   -0.12912E+00   -0.35041E-01    0.12025E-02    0.39398E+00    0.23387E+00   -0.20710E-01   -0.63698E-01    0.19394E+00
   -0.31061E-03    0.63920E-03   -0.84775E-04   -0.39535E-01    0.15778E-02   -0.10527E-01   -0.80560E-01    0.10104E+03   -0.55191E+01   -0.62797E+02    0.14705E+02    0.30558E+02   -0.26084E+01    0.74422E-01    0.38076E+00    0.50889E+00   -0.13696E-06    0.17509E-02   -0.19350E+00   -0.96454E+00   -0.44222E+00   -0.59277E+00    0.20891E+00    0.18993E-01    0.33350E-01   -0.37221E+00   -0.10752E+00    0.65738E-01    0.15412E+00   -0.26917E+00    0.40364E+00   -0.55790E+00    0.72518E-01   -0.25251E+00   -0.20827E+00   -0.33209E-01   -0.61847E-01   -0.15349E+00   -0.53769E-01    0.24033E+00
    0.28978E-04   -0.16548E-04    0.27540E-04    0.80962E-03   -0.24430E-03   -0.47353E-03    0.70160E-03   -0.71588E+02   -0.70327E+01    0.48486E+01   -0.27563E+01   -0.26084E+01    0.76073E+01    0.54036E-01    0.24199E+00   -0.13871E+00    0.25119E-04   -0.13401E-03   -0.18983E-01    0.31677E-01    0.21878E+00    0.17184E+00   -0.11944E-01    0.35613E-01   -0.30681E-01   -0.86175E-01    0.53180E-01   -0.16643E-01   -0.21483E-01    0.94599E-03   -0.50529E-01    0.42828E-01   -0.14830E-01    0.67002E-02    0.33541E-02   -0.10207E+00   -0.43320E-02    0.35957E-02    0.26043E-01   -0.68928E-01
    0.30784E-06   -0.18945E-05    0.85083E-06    0.14946E-03   -0.24923E-05    0.47861E-04    0.31865E-03   -0.98444E+00   -0.27512E+00   -0.65443E-01    0.29841E-01    0.74422E-01    0.54036E-01    0.80604E-02   -0.64610E-02    0.75746E-02    0.10922E-05   -0.24631E-04    0.37639E-02   -0.13390E-01    0.75716E-02    0.42580E-02    0.10800E-02   -0.19184E-02   -0.67863E-03    0.65304E-02    0.58277E-03    0.70226E-03   -0.14548E-02   -0.11522E-02   -0.11500E-01   -0.18342E-02   -0.21773E-02   -0.26663E-02   -0.12714E-03   -0.29403E-02    0.10159E-02   -0.35525E-02   -0.47739E-02   -0.16692E-02
   -0.82295E-05    0.16779E-04   -0.22731E-05   -0.14466E-02    0.27813E-04   -0.39222E-03   -0.30068E-02    0.36105E+00   -0.38936E-01   -0.83052E+00    0.19161E+00    0.38076E+00    0.24199E+00   -0.64610E-02    0.45180E-01   -0.11544E-01   -0.14157E-05    0.80789E-04   -0.56495E-03   -0.11169E-01   -0.13143E-01   -0.71406E-02    0.28874E-02    0.46559E-02    0.18017E-02   -0.25242E-01   -0.22682E-02    0.72429E-02    0.40785E-02   -0.51072E-02    0.31410E-01    0.31658E-02    0.34705E-02    0.36938E-02   -0.24437E-03   -0.78547E-03    0.53952E-02    0.18823E-02    0.60420E-02    0.73835E-03
   -0.26638E-05    0.40752E-05   -0.57242E-06   -0.72628E-04    0.14275E-04   -0.21577E-04   -0.10927E-03    0.13838E+01   -0.11607E+00   -0.98931E+00    0.21301E+00    0.50889E+00   -0.13871E+00    0.75746E-02   -0.11544E-01    0.21301E-01    0.90194E-06   -0.14809E-04   -0.16862E-02   -0.96958E-02    0.53997E-02   -0.12005E-01    0.14320E-02   -0.31311E-02    0.25727E-03    0.48343E-02    0.25947E-02   -0.33332E-02    0.88569E-02   -0.95249E-02   -0.14982E-01   -0.19948E-01   -0.55704E-03   -0.13737E-01   -0.91333E-02   -0.66409E-02   -0.25544E-02   -0.20062E-02    0.11918E-02    0.14504E-01
    0.21033E-08    0.16227E-08   -0.26099E-08    0.36651E-06   -0.14468E-07   -0.54768E-07    0.80915E-06    0.75582E-03    0.69235E-04   -0.23510E-04   -0.67756E-04   -0.13696E-06    0.25119E-04    0.10922E-05   -0.14157E-05    0.90194E-06    0.16079E-06    0.18195E-07    0.53554E-07    0.61540E-05   -0.30891E-04   -0.61024E-05    0.69485E-05   -0.16617E-05    0.83558E-06    0.91856E-05    0.85812E-05    0.97594E-05   -0.43294E-05   -0.46469E-05    0.59826E-05   -0.37166E-05   -0.17365E-05    0.87118E-05    0.61561E-05    0.66466E-05    0.13299E-04    0.39049E-05   -0.46915E-05   -0.43600E-05
   -0.15205E-07    0.54444E-07   -0.15609E-07   -0.21785E-05   -0.11931E-07   -0.25945E-06   -0.39638E-05    0.51179E-03    0.30757E-02   -0.39807E-02   -0.10858E-02    0.17509E-02   -0.13401E-03   -0.24631E-04    0.80789E-04   -0.14809E-04    0.18195E-07    0.16481E-05   -0.16549E-04   -0.39486E-04    0.10329E-03    0.32589E-04   -0.36117E-05   -0.84425E-06    0.27647E-04    0.22061E-03    0.87019E-05    0.33714E-04    0.12941E-04    0.22762E-04   -0.19979E-03   -0.13323E-04   -0.26219E-04    0.39890E-04   -0.49410E-04    0.23757E-04    0.48841E-04   -0.11028E-04   -0.58727E-04    0.22851E-04
    0.24559E-05   -0.97397E-05    0.25595E-05    0.32209E-03   -0.66300E-05    0.12471E-03    0.65076E-03   -0.59950E+00    0.10807E+01    0.34026E+00    0.38576E-01   -0.19350E+00   -0.18983E-01    0.37639E-02   -0.56495E-03   -0.16862E-02    0.53554E-07   -0.16549E-04    0.82474E-01    0.22580E-01    0.74182E-02    0.35444E-02   -0.29603E-03   -0.94051E-02   -0.69314E-02   -0.40255E-03    0.64007E-02    0.19785E-02    0.31522E-02   -0.76747E-02   -0.28879E-02   -0.14158E-02    0.52409E-02   -0.48721E-02    0.30548E-02   -0.49614E-02    0.75408E-02    0.22556E-02    0.64030E-02   -0.40043E-02
   -0.11465E-03    0.25112E-03   -0.36454E-04   -0.16163E-01    0.32786E-03   -0.43589E-02   -0.33210E-01   -0.15417E+02   -0.11220E+02   -0.10300E+02   -0.81865E+00   -0.96454E+00    0.31677E-01   -0.13390E-01   -0.11169E-01   -0.96958E-02    0.61540E-05   -0.39486E-04    0.22580E-01    0.80609E+01    0.91718E-02    0.47123E-01   -0.25859E-01    0.32364E-01   -0.63861E-02   -0.13560E-01   -0.27337E-01   -0.39785E-01    0.10298E-01   -0.22652E-01   -0.29718E-01    0.13046E-01   -0.65540E-01    0.55117E-01    0.31346E-01   -0.21385E-01   -0.22152E-01   -0.50965E-01    0.20712E-01    0.31002E-01
   -0.13436E-04    0.92277E-04   -0.28290E-05   -0.10203E-02   -0.46697E-04   -0.22217E-03   -0.11818E-02    0.10936E+02    0.11880E+01    0.12187E+01   -0.80925E+00   -0.44222E+00    0.21878E+00    0.75716E-02   -0.13143E-01    0.53997E-02   -0.30891E-04    0.10329E-03    0.74182E-02    0.91718E-02    0.71684E+00   -0.11131E+00   -0.13422E-01    0.20154E-02   -0.29852E-02    0.17678E+00   -0.48354E-01   -0.54830E-01   -0.51166E-02   -0.58807E-01    0.23608E-01    0.33444E-01   -0.41041E-01   -0.36731E-01   -0.11454E+00    0.16047E+00    0.14610E-01   -0.10996E-01    0.26745E-01    0.74158E-01
   -0.81753E-05   -0.53511E-05    0.10073E-04    0.64492E-04    0.28061E-04    0.12207E-03    0.27070E-03   -0.11142E+02    0.49059E+00    0.10092E+01   -0.66224E+00   -0.59277E+00    0.17184E+00    0.42580E-02   -0.71406E-02   -0.12005E-01   -0.61024E-05    0.32589E-04    0.35444E-02    0.47123E-01   -0.11131E+00    0.95099E+00    0.52282E-02   -0.21524E-01    0.24696E-01   -0.15569E+00    0.18677E+00    0.59950E-01   -0.80411E-02    0.49497E-01   -0.11902E+00    0.22711E-01    0.33798E-01    0.33673E-02    0.17744E+00   -0.22552E+00    0.32869E-01    0.10878E+00    0.12521E-01   -0.22241E+00
   -0.38123E-05   -0.16782E-04   -0.55203E-06   -0.55488E-03    0.35027E-04   -0.84729E-04   -0.11739E-02    0.53849E+00    0.10620E+00   -0.45207E+00    0.16451E-01    0.20891E+00   -0.11944E-01    0.10800E-02    0.28874E-02    0.14320E-02    0.69485E-05   -0.36117E-05   -0.29603E-03   -0.25859E-01   -0.13422E-01    0.52282E-02    0.98522E+00   -0.21004E-01   -0.12686E-01   -0.51324E-01   -0.18689E-01    0.17259E+00   -0.25072E-01    0.66062E-01    0.11858E-01    0.36016E-01   -0.13293E-01   -0.25503E-01    0.11254E+00   -0.50701E-01    0.41140E-01    0.21581E-01   -0.17815E+00    0.56928E-01
   -0.96366E-06    0.93893E-05   -0.75940E-05    0.12449E-03    0.97143E-05   -0.10044E-03    0.24451E-03   -0.22067E+00    0.16340E+00   -0.20433E+00   -0.93621E-01    0.18993E-01    0.35613E-01   -0.19184E-02    0.46559E-02   -0.31311E-02   -0.16617E-05   -0.84425E-06   -0.94051E-02    0.32364E-01    0.20154E-02   -0.21524E-01   -0.21004E-01    0.10143E+01    0.39026E-02    0.65471E-01   -0.92223E-01    0.81071E-01   -0.88287E-01    0.55026E-01    0.89323E-01    0.11566E+00    0.47982E-01    0.14273E+00   -0.11562E+00    0.10542E+00    0.49749E-01   -0.54666E-02   -0.11129E+00    0.55523E-01
   -0.80331E-05    0.11768E-04    0.34991E-06   -0.15768E-03    0.94326E-04    0.38894E-04   -0.26966E-03   -0.97330E+00    0.15459E+00   -0.43443E-01   -0.66264E-01    0.33350E-01   -0.30681E-01   -0.67863E-03    0.18017E-02    0.25727E-03    0.83558E-06    0.27647E-04   -0.69314E-02   -0.63861E-02   -0.29852E-02    0.24696E-01   -0.12686E-01    0.39026E-02    0.10022E+01    0.44228E-01    0.39766E-01   -0.45106E-01    0.36438E-01    0.82108E-01    0.65152E-01   -0.75336E-01   -0.79580E-01    0.61256E-01    0.26262E-01    0.10255E+00   -0.80545E-01    0.84420E-01   -0.20358E-01    0.26237E-02
    0.45491E-05    0.11689E-04   -0.23767E-05    0.32583E-03   -0.10405E-04    0.24132E-03    0.95203E-03    0.64933E+00   -0.19658E+01    0.10831E+01    0.94170E+00   -0.37221E+00   -0.86175E-01    0.65304E-02   -0.25242E-01    0.48343E-02    0.91856E-05    0.22061E-03   -0.40255E-03   -0.13560E-01    0.17678E+00   -0.15569E+00   -0.51324E-01    0.65471E-01    0.44228E-01    0.89136E+00   -0.56618E-02   -0.53009E-02   -0.23593E-01    0.26726E-02    0.14170E-01    0.12087E+00   -0.11412E+00    0.49198E-01   -0.65657E-01    0.66888E+00    0.24490E+00   -0.44053E-01   -0.63140E-01    0.83375E-01
   -0.28978E-06    0.14485E-05    0.56128E-05    0.24326E-03   -0.46685E-04    0.10995E-03    0.60781E-03   -0.47271E+01   -0.73318E+00    0.27450E+00    0.22506E+00   -0.10752E+00    0.53180E-01    0.58277E-03   -0.22682E-02    0.25947E-02    0.85812E-05    0.87019E-05    0.64007E-02   -0.27337E-01   -0.48354E-01    0.18677E+00   -0.18689E-01   -0.92223E-01    0.39766E-01   -0.56618E-02    0.94405E+00    0.11749E-01   -0.75768E-03    0.11208E-01    0.26856E-01    0.47804E-02   -0.56964E-01   -0.35473E-01    0.15927E+00   -0.83973E-01    0.24462E+00    0.73779E+00    0.27199E+00   -0.18237E+00
    0.61138E-05   -0.31889E-04   -0.87992E-05    0.38512E-03   -0.44145E-05    0.50451E-04    0.65572E-03   -0.86872E+00   -0.12808E-01   -0.17102E+00   -0.35924E-01    0.65738E-01   -0.16643E-01    0.70226E-03    0.72429E-02   -0.33332E-02    0.97594E-05    0.33714E-04    0.19785E-02   -0.39785E-01   -0.54830E-01    0.59950E-01    0.17259E+00    0.81071E-01   -0.45106E-01   -0.53009E-02    0.11749E-01    0.98516E+00    0.80280E-02   -0.15798E-01    0.71844E-01   -0.51999E-01    0.12628E+00    0.14477E+00   -0.12667E+00   -0.20526E+00    0.64023E+00    0.13251E+00   -0.58948E+00    0.17307E+00
   -0.71678E-05    0.14972E-04    0.94419E-05   -0.98116E-03    0.12269E-03    0.48909E-05   -0.19641E-02   -0.53586E+00   -0.31214E-01    0.22648E-03    0.11079E+00    0.15412E+00   -0.21483E-01   -0.14548E-02    0.40785E-02    0.88569E-02   -0.43294E-05    0.12941E-04    0.31522E-02    0.10298E-01   -0.51166E-02   -0.80411E-02   -0.25072E-01   -0.88287E-01    0.36438E-01   -0.23593E-01   -0.75768E-03    0.80280E-02    0.96967E+00   -0.22092E-01   -0.16703E-01   -0.11408E+00   -0.13979E+00   -0.17884E-01   -0.91388E-01   -0.85184E-01    0.83051E-01   -0.49787E-01    0.29952E+00    0.65956E+00
    0.17063E-05   -0.73664E-05    0.76735E-05    0.97066E-03    0.26708E-04    0.14693E-03    0.18288E-02   -0.11307E+01   -0.21247E+00    0.50890E+00   -0.24094E-01   -0.26917E+00    0.94599E-03   -0.11522E-02   -0.51072E-02   -0.95249E-02   -0.46469E-05    0.22762E-04   -0.76747E-02   -0.22652E-01   -0.58807E-01    0.49497E-01    0.66062E-01    0.55026E-01    0.82108E-01    0.26726E-02    0.11208E-01   -0.15798E-01   -0.22092E-01    0.98386E+00   -0.62254E-01    0.66762E-01    0.26572E-01    0.17620E+00    0.77027E-02    0.12799E+00   -0.56140E+00    0.38646E+00   -0.33938E+00    0.19180E+00
   -0.66633E-05    0.16587E-04    0.22154E-05   -0.37912E-03    0.59032E-04   -0.67524E-04   -0.73727E-03    0.13408E+01    0.13132E+01   -0.10972E+01   -0.41712E+00    0.40364E+00   -0.50529E-01   -0.11500E-01    0.31410E-01   -0.14982E-01    0.59826E-05   -0.19979E-03   -0.28879E-02   -0.29718E-01    0.23608E-01   -0.11902E+00    0.11858E-01    0.89323E-01    0.65152E-01    0.14170E-01    0.26856E-01    0.71844E-01   -0.16703E-01   -0.62254E-01    0.90687E+00   -0.66405E-02   -0.44610E-01    0.20579E-02   -0.12209E-01    0.59032E+00    0.15136E+00    0.10373E+00    0.43361E-01   -0.71164E-01
    0.71960E-06    0.13866E-04   -0.89567E-05    0.16954E-03   -0.50332E-04   -0.10071E-03    0.44917E-03   -0.98519E+00    0.20876E+00    0.90758E+00   -0.22667E+00   -0.55790E+00    0.42828E-01   -0.18342E-02    0.31658E-02   -0.19948E-01   -0.37166E-05   -0.13323E-04   -0.14158E-02    0.13046E-01    0.33444E-01    0.22711E-01    0.36016E-01    0.11566E+00   -0.75336E-01    0.12087E+00    0.47804E-02   -0.51999E-01   -0.11408E+00    0.66762E-01   -0.66405E-02    0.97987E+00   -0.27960E-02   -0.50927E-02    0.49479E-03    0.92169E-01    0.16170E+00    0.30081E-02    0.13892E+00    0.12423E+00
    0.25779E-05   -0.11986E-04   -0.14819E-04    0.10190E-02   -0.58021E-04   -0.47958E-05    0.19904E-02    0.15809E+00    0.51942E+00   -0.24834E+00   -0.12912E+00    0.72518E-01   -0.14830E-01   -0.21773E-02    0.34705E-02   -0.55704E-03   -0.17365E-05   -0.26219E-04    0.52409E-02   -0.65540E-01   -0.41041E-01    0.33798E-01   -0.13293E-01    0.47982E-01   -0.79580E-01   -0.11412E+00   -0.56964E-01    0.12628E+00   -0.13979E+00    0.26572E-01   -0.44610E-01   -0.27960E-02    0.97143E+00   -0.16406E-01    0.10061E-01   -0.15152E+00    0.35611E-01    0.15084E+00    0.40519E-01   -0.61035E-01
    0.46871E-05   -0.64120E-05    0.60604E-05   -0.34744E-04    0.26859E-04    0.29114E-04   -0.15020E-03    0.13935E+00   -0.22624E+00    0.27972E+00   -0.35041E-01   -0.25251E+00    0.67002E-02   -0.26663E-02    0.36938E-02   -0.13737E-01    0.87118E-05    0.39890E-04   -0.48721E-02    0.55117E-01   -0.36731E-01    0.33673E-02   -0.25503E-01    0.14273E+00    0.61256E-01    0.49198E-01   -0.35473E-01    0.14477E+00   -0.17884E-01    0.17620E+00    0.20579E-02   -0.50927E-02   -0.16406E-01    0.98131E+00   -0.77867E-02    0.26485E-01    0.22733E-01    0.11253E+00   -0.26259E+00    0.13315E+00
    0.32271E-05   -0.27407E-04    0.43212E-06    0.38160E-03   -0.13734E-04    0.87258E-04    0.65356E-03   -0.35949E+01   -0.34675E+00    0.15332E+00    0.12025E-02   -0.20827E+00    0.33541E-02   -0.12714E-03   -0.24437E-03   -0.91333E-02    0.61561E-05   -0.49410E-04    0.30548E-02    0.31346E-01   -0.11454E+00    0.17744E+00    0.11254E+00   -0.11562E+00    0.26262E-01   -0.65657E-01    0.15927E+00   -0.12667E+00   -0.91388E-01    0.77027E-02   -0.12209E-01    0.49479E-03    0.10061E-01   -0.77867E-02    0.96352E+00   -0.51228E-01   -0.41283E-01    0.43252E-01    0.17657E+00   -0.10464E+00
   -0.22891E-05    0.26735E-04    0.16989E-05    0.27094E-04    0.34191E-04    0.12395E-03    0.29867E-03    0.20609E+01   -0.51124E+00    0.11893E+00    0.39398E+00   -0.33209E-01   -0.10207E+00   -0.29403E-02   -0.78547E-03   -0.66409E-02    0.66466E-05    0.23757E-04   -0.49614E-02   -0.21385E-01    0.16047E+00   -0.22552E+00   -0.50701E-01    0.10542E+00    0.10255E+00    0.66888E+00   -0.83973E-01   -0.20526E+00   -0.85184E-01    0.12799E+00    0.59032E+00    0.92169E-01   -0.15152E+00    0.26485E-01   -0.51228E-01    0.98519E+00   -0.30284E-01    0.65626E-02   -0.11135E-01   -0.94839E-02
    0.38400E-05   -0.10329E-04   -0.58512E-05   -0.79568E-04   -0.15826E-04    0.64852E-04   -0.78920E-04   -0.17064E+01   -0.54433E+00    0.13663E+00    0.23387E+00   -0.61847E-01   -0.43320E-02    0.10159E-02    0.53952E-02   -0.25544E-02    0.13299E-04    0.48841E-04    0.75408E-02   -0.22152E-01    0.14610E-01    0.32869E-01    0.41140E-01    0.49749E-01   -0.80545E-01    0.24490E+00    0.24462E+00    0.64023E+00    0.83051E-01   -0.56140E+00    0.15136E+00    0.16170E+00    0.35611E-01    0.22733E-01   -0.41283E-01   -0.30284E-01    0.99377E+00   -0.64806E-02    0.48306E-02    0.30681E-02
    0.23369E-08   -0.34431E-05   -0.96970E-06    0.56356E-03   -0.44660E-04    0.88764E-04    0.12156E-02   -0.22048E+01   -0.10980E+00    0.40200E+00   -0.20710E-01   -0.15349E+00    0.35957E-02   -0.35525E-02    0.18823E-02   -0.20062E-02    0.39049E-05   -0.11028E-04    0.22556E-02   -0.50965E-01   -0.10996E-01    0.10878E+00    0.21581E-01   -0.54666E-02    0.84420E-01   -0.44053E-01    0.73779E+00    0.13251E+00   -0.49787E-01    0.38646E+00    0.10373E+00    0.30081E-02    0.15084E+00    0.11253E+00    0.43252E-01    0.65626E-02   -0.64806E-02    0.95669E+00   -0.12458E-01    0.49020E-03
   -0.46143E-05    0.27995E-04    0.36355E-05   -0.42445E-03   -0.50370E-05   -0.72280E-04   -0.71237E-03   -0.96660E+00    0.28461E+00    0.16206E+00   -0.63698E-01   -0.53769E-01    0.26043E-01   -0.47739E-02    0.60420E-02    0.11918E-02   -0.46915E-05   -0.58727E-04    0.64030E-02    0.20712E-01    0.26745E-01    0.12521E-01   -0.17815E+00   -0.11129E+00   -0.20358E-01   -0.63140E-01    0.27199E+00   -0.58948E+00    0.29952E+00   -0.33938E+00    0.43361E-01    0.13892E+00    0.40519E-01   -0.26259E+00    0.17657E+00   -0.11135E-01    0.48306E-02   -0.12458E-01    0.95324E+00    0.11910E-01
   -0.12406E-05    0.79272E-05   -0.14474E-05   -0.19246E-03    0.65192E-04   -0.68751E-04   -0.38868E-03    0.28174E+01   -0.51071E-01   -0.18024E+00    0.19394E+00    0.24033E+00   -0.68928E-01   -0.16692E-02    0.73835E-03    0.14504E-01   -0.43600E-05    0.22851E-04   -0.40043E-02    0.31002E-01    0.74158E-01   -0.22241E+00    0.56928E-01    0.55523E-01    0.26237E-02    0.83375E-01   -0.18237E+00    0.17307E+00    0.65956E+00    0.19180E+00   -0.71164E-01    0.12423E+00   -0.61035E-01    0.13315E+00   -0.10464E+00   -0.94839E-02    0.30681E-02    0.49020E-03    0.11910E-01    0.97154E+00
