# omegabh2 omegach2 theta tau mnu nnu ns logA aps100 aps143 aps217 acib143 acib217 asz143 psr cibr ncib cal0 cal2 xi aksz bm_1_1 bm_1_2 bm_1_3 bm_1_4 bm_1_5 bm_2_1 bm_2_2 bm_2_3 bm_2_4 bm_2_5 bm_3_1 bm_3_2 bm_3_3 bm_3_4 bm_3_5 bm_4_1 bm_4_2 bm_4_3 bm_4_4 bm_4_5 a_ps_act_148 a_ps_act_217 a_ps_spt_95 a_ps_spt_150 a_ps_spt_220 r_ps_spt_95x150 r_ps_spt_95x220 r_ps_150x220 act_dust_s act_dust_e cal_acts_148 cal_acts_217 cal_acte_148 cal_acte_217 cal_spt_95 cal_spt_150 cal_spt_220
    0.19351E-06    0.73913E-06   -0.17069E-08    0.25945E-05   -0.34799E-04    0.11306E-03    0.62435E-05    0.75034E-05    0.34620E-03    0.13782E-03    0.16354E-03    0.58987E-05   -0.58807E-04    0.18271E-05   -0.37176E-06    0.97423E-06   -0.12554E-05    0.27622E-08    0.57523E-08    0.48535E-05    0.26793E-04    0.21993E-05    0.74296E-05    0.11656E-04    0.33027E-06    0.32941E-05   -0.89660E-05    0.88077E-05    0.12217E-04   -0.13897E-04    0.81407E-05   -0.17618E-05   -0.64789E-05   -0.78162E-05   -0.15183E-04    0.52734E-05   -0.86142E-05   -0.20656E-05    0.78648E-05   -0.17975E-04   -0.70621E-05    0.18456E-05    0.41945E-04   -0.20393E-04    0.59497E-05    0.36389E-04    0.12030E-05    0.25583E-05    0.52402E-07    0.31666E-06   -0.11699E-05   -0.28595E-07   -0.55716E-07   -0.89914E-07    0.16614E-07   -0.97973E-07   -0.70923E-07    0.12881E-06
    0.73913E-06    0.21810E-04   -0.20440E-05    0.76190E-05   -0.46340E-04    0.12797E-02    0.38689E-04    0.68711E-04    0.21367E-01    0.15657E-01    0.15132E-01   -0.12458E-04   -0.15614E-02   -0.35526E-03    0.22773E-04    0.12005E-04   -0.28563E-04    0.20719E-07   -0.64080E-07    0.12232E-03    0.11684E-02    0.37110E-03    0.13283E-03    0.57554E-04    0.33850E-04   -0.40815E-04   -0.16258E-03    0.11000E-03    0.15768E-03   -0.19028E-03    0.14305E-04   -0.41570E-05   -0.23951E-04   -0.54750E-04   -0.24799E-03    0.11560E-03   -0.14928E-03    0.14508E-04    0.14644E-03   -0.11645E-03   -0.10412E-03   -0.19925E-03   -0.14563E-02   -0.57502E-03   -0.39268E-03   -0.15422E-02    0.14300E-04    0.33004E-04    0.37806E-05    0.15138E-05    0.11884E-04   -0.80912E-05   -0.10498E-04   -0.83718E-05   -0.91717E-05   -0.15186E-04   -0.14996E-04   -0.12256E-04
   -0.17069E-08   -0.20440E-05    0.50927E-06    0.28593E-07   -0.23859E-04   -0.10424E-03   -0.20198E-05   -0.45422E-05   -0.14399E-02   -0.16057E-02   -0.18248E-02    0.98047E-05    0.25424E-03    0.32941E-04   -0.16069E-05   -0.14887E-05    0.39986E-05   -0.11413E-08   -0.11070E-07   -0.13512E-04   -0.14345E-03   -0.30420E-04   -0.10607E-04   -0.11066E-04    0.16039E-04   -0.19709E-04   -0.31799E-05    0.58393E-05   -0.13071E-04    0.21974E-04    0.37565E-05    0.32119E-05    0.39978E-06   -0.28076E-05    0.41075E-04   -0.37673E-04    0.20205E-06   -0.16412E-05   -0.11165E-05    0.14635E-04    0.66746E-05    0.19180E-04    0.10258E-03    0.67258E-04    0.42466E-04    0.18386E-03   -0.10335E-05   -0.36023E-05   -0.51554E-06   -0.16188E-06   -0.23889E-05    0.83597E-06    0.11970E-05    0.89137E-06    0.10005E-05    0.14855E-05    0.14730E-05    0.17760E-05
    0.25945E-05    0.76190E-05    0.28593E-07    0.20792E-03   -0.16910E-03    0.17598E-02    0.11141E-03    0.43577E-03   -0.48279E-02    0.24647E-02    0.15137E-02   -0.18349E-03    0.40777E-03    0.71524E-04   -0.70061E-06    0.17085E-04    0.13094E-04   -0.13227E-08   -0.28593E-06   -0.62576E-04   -0.33613E-03   -0.16254E-03   -0.64406E-04    0.95869E-03   -0.51768E-03    0.59441E-04    0.51591E-04    0.20897E-03    0.49467E-03   -0.21574E-03    0.55139E-04    0.18861E-03    0.20356E-03    0.43792E-03   -0.39712E-03    0.52406E-05    0.43835E-04    0.34451E-03    0.26444E-03   -0.23171E-03    0.11531E-03   -0.69030E-05    0.86417E-04    0.21534E-03    0.14106E-03   -0.14212E-02   -0.25900E-04   -0.32963E-06   -0.23187E-05   -0.49206E-05   -0.11406E-04    0.37842E-06    0.19328E-05   -0.89096E-06    0.14320E-05   -0.38824E-05    0.14075E-06   -0.53998E-05
   -0.34799E-04   -0.46340E-04   -0.23859E-04   -0.16910E-03    0.39297E-01   -0.16205E-01   -0.11175E-02   -0.68053E-03    0.16920E+00    0.71326E-01    0.11653E+00   -0.34207E-02   -0.25848E-01    0.42163E-03    0.12561E-03    0.63801E-04   -0.30645E-03    0.12865E-05    0.11971E-05    0.32217E-03    0.22410E-01    0.33028E-02   -0.10011E-01   -0.21545E-02   -0.29870E-02    0.16153E-02    0.66808E-02   -0.84760E-02    0.26958E-02   -0.35825E-03   -0.59245E-02    0.23008E-02    0.69759E-03    0.26472E-02   -0.42253E-02    0.39101E-02    0.53690E-02    0.54204E-02   -0.10002E-01    0.11763E-02    0.13467E-02   -0.69182E-02   -0.42439E-02   -0.11155E-01   -0.65733E-02   -0.19897E-01   -0.61893E-04    0.24802E-03    0.16723E-03   -0.22584E-03    0.71097E-03   -0.43534E-04   -0.64821E-04   -0.32816E-04   -0.97693E-04   -0.10866E-03   -0.95253E-04   -0.21619E-03
    0.11306E-03    0.12797E-02   -0.10424E-03    0.17598E-02   -0.16205E-01    0.11823E+00    0.51929E-02    0.68363E-02    0.13546E+01    0.10742E+01    0.98360E+00    0.46526E-02   -0.10656E+00   -0.25874E-01    0.15021E-02    0.95907E-03   -0.20751E-02    0.16092E-05   -0.27323E-05    0.10165E-01    0.96606E-01    0.21149E-01    0.15214E-01    0.98021E-02   -0.22388E-05   -0.24023E-03   -0.14369E-01    0.12953E-01    0.83500E-02   -0.16420E-01    0.77447E-02   -0.38764E-02   -0.79109E-03   -0.13059E-02   -0.21539E-01    0.97913E-02   -0.13821E-01   -0.39349E-02    0.15688E-01   -0.78980E-02   -0.96840E-02   -0.12851E-01   -0.87624E-01   -0.42997E-01   -0.24181E-01   -0.94151E-01    0.15402E-02    0.32138E-02    0.30056E-03    0.57127E-03    0.78834E-04   -0.51909E-03   -0.62378E-03   -0.57498E-03   -0.55455E-03   -0.10488E-02   -0.96350E-03   -0.69442E-03
    0.62435E-05    0.38689E-04   -0.20198E-05    0.11141E-03   -0.11175E-02    0.51929E-02    0.28331E-03    0.32752E-03    0.10691E-01    0.24331E-01    0.24334E-01    0.28661E-03   -0.29839E-02   -0.47378E-03    0.30269E-04    0.25450E-04   -0.52251E-04   -0.27728E-07    0.14436E-06    0.27881E-03    0.27333E-02    0.42280E-03    0.52968E-03    0.53916E-03   -0.11327E-03    0.15122E-03   -0.19661E-03    0.77480E-03    0.45439E-03   -0.60889E-03    0.33887E-03   -0.48343E-04   -0.24837E-03   -0.12019E-03   -0.72972E-03    0.36582E-03   -0.26228E-03    0.66221E-04    0.80756E-03   -0.39355E-03   -0.34277E-03   -0.37722E-03   -0.20235E-02   -0.12860E-02   -0.58444E-03   -0.22980E-02    0.53597E-04    0.11458E-03    0.12342E-04    0.26135E-04   -0.23403E-04   -0.12145E-04   -0.15087E-04   -0.15101E-04   -0.13366E-04   -0.27008E-04   -0.24927E-04   -0.16867E-04
    0.75034E-05    0.68711E-04   -0.45422E-05    0.43577E-03   -0.68053E-03    0.68363E-02    0.32752E-03    0.10507E-02    0.32976E-01    0.40184E-01    0.37756E-01   -0.43205E-03   -0.24769E-02   -0.65132E-03    0.52298E-04    0.62190E-04   -0.33391E-04    0.13153E-06   -0.36571E-06    0.12677E-03    0.17750E-02    0.10012E-02    0.36300E-03    0.20204E-02   -0.89189E-03    0.19488E-04    0.75465E-04    0.89753E-03    0.12601E-02   -0.91831E-03    0.23161E-03    0.39292E-03    0.33949E-03    0.61336E-03   -0.14013E-02    0.28481E-03    0.43093E-04    0.72568E-03    0.10835E-02   -0.71428E-03   -0.80259E-04   -0.43641E-03   -0.33405E-02   -0.88774E-03   -0.63382E-03   -0.65919E-02   -0.21867E-04    0.68262E-04    0.23384E-05   -0.42038E-05    0.15890E-05   -0.17816E-04   -0.20522E-04   -0.21235E-04   -0.18369E-04   -0.44042E-04   -0.35793E-04   -0.38111E-04
    0.34620E-03    0.21367E-01   -0.14399E-02   -0.48279E-02    0.16920E+00    0.13546E+01    0.10691E-01    0.32976E-01    0.16174E+04    0.10804E+03    0.40334E+02    0.13082E+01   -0.20941E+01   -0.10277E+02   -0.26091E-02   -0.82479E-01   -0.12092E+00    0.11971E-02   -0.23674E-02    0.12850E+01    0.81554E+01    0.16450E+02   -0.76191E+01    0.17616E+00    0.21510E-01   -0.10316E+01   -0.29370E+01   -0.46489E+01   -0.21325E+01   -0.33638E+00   -0.16804E+01   -0.14687E+01    0.20746E+01   -0.39837E-01   -0.13061E+01   -0.27471E+01   -0.23125E+01   -0.27092E+01   -0.30915E+01    0.97814E+00    0.29482E+01    0.44021E+00   -0.21580E+01    0.29021E+01   -0.97620E+00    0.20548E+01    0.95090E-01   -0.20387E+00   -0.74372E-01    0.89856E-01   -0.96692E-02   -0.33288E-01   -0.85133E-02   -0.36749E-01   -0.98184E-02   -0.69659E-01   -0.49832E-01   -0.92912E-03
    0.13782E-03    0.15657E-01   -0.16057E-02    0.24647E-02    0.71326E-01    0.10742E+01    0.24331E-01    0.40184E-01    0.10804E+03    0.75450E+02    0.28969E+02    0.30964E+00   -0.13752E+01   -0.20411E+01    0.41398E-01    0.29652E-01   -0.54858E-01   -0.19757E-04   -0.10181E-02    0.31640E+00    0.13994E+01    0.27947E+00   -0.13412E+00    0.15676E+00   -0.29185E-01   -0.69136E-01   -0.75959E-01    0.75233E-01   -0.24161E+00   -0.38383E+00    0.16187E+00   -0.44656E+00    0.47805E+00    0.19628E+00   -0.42213E+00    0.15142E+00   -0.25961E+00   -0.26120E+00    0.65517E-01    0.10561E+00   -0.48670E-01    0.98518E-01   -0.25102E+01    0.31906E+00   -0.56204E+00   -0.20607E+01    0.30074E-01   -0.35499E-02   -0.25333E-01    0.23040E-01    0.23148E-01   -0.18756E-01   -0.15368E-01   -0.18939E-01   -0.13920E-01   -0.36712E-01   -0.28251E-01   -0.18892E-01
    0.16354E-03    0.15132E-01   -0.18248E-02    0.15137E-02    0.11653E+00    0.98360E+00    0.24334E-01    0.37756E-01    0.40334E+02    0.28969E+02    0.10622E+03   -0.11499E+01   -0.35507E+02   -0.17699E+00   -0.33560E+00   -0.43491E-01   -0.47123E+00   -0.77082E-04   -0.32745E-03    0.12261E+00    0.20333E+01    0.37744E+00   -0.85834E-01   -0.14272E+00   -0.11026E+00    0.12663E+00   -0.13897E+00   -0.11328E+00   -0.24123E+00   -0.18024E+00    0.78548E+00    0.28461E-01    0.58415E+00    0.29231E-02    0.44443E-01    0.25027E+00    0.10634E+00   -0.53922E+00    0.24978E+00    0.32527E-01   -0.31252E-01   -0.21024E-01    0.16637E+02   -0.94484E+00    0.24426E+00    0.68462E+01   -0.45207E-01   -0.73863E-01    0.52761E-02    0.44149E-01    0.12473E-01   -0.13962E-01   -0.33977E-01   -0.10915E-01   -0.37305E-01   -0.17280E-01   -0.18161E-01   -0.67335E-01
    0.58987E-05   -0.12458E-04    0.98047E-05   -0.18349E-03   -0.34207E-02    0.46526E-02    0.28661E-03   -0.43205E-03    0.13082E+01    0.30964E+00   -0.11499E+01    0.62589E+00    0.11039E+01    0.48614E+00    0.22489E-02   -0.24020E-02   -0.25870E-02    0.14741E-05    0.51346E-04    0.15033E-01   -0.80208E+00   -0.22776E-02   -0.12850E-01   -0.82632E-02    0.99936E-02   -0.30472E-02   -0.23290E-01    0.52471E-02   -0.17308E-01   -0.19129E-02   -0.43712E-01    0.36766E-01   -0.30331E-01    0.89352E-02   -0.12806E-01    0.19044E-02    0.47542E-02    0.31097E-02    0.21875E-02    0.33308E-01   -0.26055E-02    0.73552E-01   -0.19664E+00   -0.18606E+00   -0.14825E-02   -0.20778E-01    0.47502E-01    0.45988E-01   -0.41876E-02   -0.45222E-02   -0.10113E-02    0.45323E-04    0.28675E-03    0.41150E-04    0.26537E-03   -0.75611E-03    0.53042E-03    0.20486E-02
   -0.58807E-04   -0.15614E-02    0.25424E-03    0.40777E-03   -0.25848E-01   -0.10656E+00   -0.29839E-02   -0.24769E-02   -0.20941E+01   -0.13752E+01   -0.35507E+02    0.11039E+01    0.20958E+02    0.17338E+01    0.20421E+00    0.30444E-01    0.27877E+00    0.47152E-04    0.10143E-03   -0.34287E+00   -0.40403E+01    0.66935E-01   -0.30273E-01    0.58853E-01   -0.53045E-01   -0.11420E+00    0.61636E-02    0.86526E-01   -0.65918E-01    0.20688E+00   -0.24886E+00   -0.12803E+00   -0.35376E+00    0.79729E-02   -0.28688E+00   -0.17043E+00   -0.10920E+00    0.15725E-01   -0.25788E-01    0.15376E+00    0.24963E+00   -0.32196E+00   -0.11405E+02   -0.15810E-01   -0.66783E+00   -0.68191E+01    0.49956E-01    0.59587E-01   -0.10413E-01   -0.10388E-01    0.87479E-04    0.69996E-04    0.68635E-02   -0.13353E-02    0.95409E-02   -0.77857E-03   -0.16887E-02    0.22652E-01
    0.18271E-05   -0.35526E-03    0.32941E-04    0.71524E-04    0.42163E-03   -0.25874E-01   -0.47378E-03   -0.65132E-03   -0.10277E+02   -0.20411E+01   -0.17699E+00    0.48614E+00    0.17338E+01    0.17979E+01    0.16024E-01    0.20246E-01    0.14102E-01    0.70160E-05   -0.11649E-03   -0.17910E+00   -0.21844E+01    0.41920E-01    0.70633E-03   -0.23325E-01    0.90723E-02   -0.23289E-01    0.61334E-01   -0.32948E-01   -0.44467E-01    0.18325E-01   -0.77363E-02   -0.41576E-01   -0.14771E-02   -0.24157E-01   -0.14570E-01   -0.24897E-01    0.32532E-01   -0.26978E-01   -0.61659E-01    0.73254E-02    0.38994E-01   -0.71204E-01   -0.62824E+00   -0.70254E+00   -0.74489E-01   -0.96776E+00    0.39323E-01    0.64673E-01   -0.13269E-02   -0.78719E-02    0.24444E-02    0.56476E-03   -0.24716E-02    0.46638E-03   -0.21071E-02    0.38233E-02    0.10640E-02   -0.16262E-02
   -0.37176E-06    0.22773E-04   -0.16069E-05   -0.70061E-06    0.12561E-03    0.15021E-02    0.30269E-04    0.52298E-04   -0.26091E-02    0.41398E-01   -0.33560E+00    0.22489E-02    0.20421E+00    0.16024E-01    0.41812E-02   -0.15771E-04    0.29027E-02    0.49887E-06   -0.38322E-06   -0.82280E-03   -0.14585E-01    0.26995E-03    0.29258E-02    0.11125E-02   -0.11609E-03   -0.73175E-03    0.14472E-02   -0.12351E-02    0.32071E-02   -0.26943E-02    0.93315E-03   -0.24274E-02    0.25617E-02   -0.28128E-03   -0.51711E-03    0.84949E-03   -0.89555E-03    0.16338E-02   -0.16887E-02   -0.41154E-02   -0.17902E-02   -0.12074E-02   -0.14343E+00   -0.77827E-02   -0.37809E-02   -0.94615E-01    0.34387E-03    0.15091E-02    0.35982E-03    0.41532E-05    0.18926E-03   -0.28972E-04   -0.21760E-04   -0.49738E-04    0.23650E-04   -0.73863E-05   -0.59532E-04    0.16214E-03
    0.97423E-06    0.12005E-04   -0.14887E-05    0.17085E-04    0.63801E-04    0.95907E-03    0.25450E-04    0.62190E-04   -0.82479E-01    0.29652E-01   -0.43491E-01   -0.24020E-02    0.30444E-01    0.20246E-01   -0.15771E-04    0.27676E-02   -0.19917E-03    0.27250E-07    0.37360E-05   -0.54947E-03   -0.13325E-01    0.10023E-02    0.13087E-02    0.16035E-02    0.10577E-02    0.64296E-03   -0.25027E-02    0.19193E-03   -0.14625E-02    0.62098E-03   -0.39265E-03    0.19045E-02   -0.13343E-02    0.10877E-03    0.52483E-03   -0.15700E-02   -0.22923E-03   -0.17813E-02    0.44543E-03    0.13296E-02    0.15582E-03    0.51805E-02   -0.13138E-02   -0.12438E-01    0.32205E-02    0.46493E-02    0.19864E-03    0.14999E-02   -0.38263E-03   -0.17055E-03   -0.76334E-04   -0.57830E-05    0.19513E-04   -0.44900E-05    0.38423E-04    0.57745E-04   -0.39231E-05    0.95402E-04
   -0.12554E-05   -0.28563E-04    0.39986E-05    0.13094E-04   -0.30645E-03   -0.20751E-02   -0.52251E-04   -0.33391E-04   -0.12092E+00   -0.54858E-01   -0.47123E+00   -0.25870E-02    0.27877E+00    0.14102E-01    0.29027E-02   -0.19917E-03    0.50554E-02    0.68431E-06   -0.64183E-05   -0.53029E-02   -0.33048E-01    0.32753E-02   -0.48037E-02   -0.77721E-04   -0.28668E-02   -0.26290E-02    0.28588E-02    0.35788E-02   -0.28946E-02    0.86775E-02   -0.52989E-02   -0.71091E-02   -0.10387E-01   -0.12481E-02   -0.76586E-02   -0.53089E-02   -0.32230E-02   -0.12357E-03    0.21324E-02    0.62638E-02    0.10438E-01   -0.85572E-02   -0.18424E+00    0.22024E-02   -0.10340E-01   -0.12337E+00   -0.57415E-03   -0.18970E-03    0.25522E-03    0.67501E-04    0.93132E-04    0.95103E-05    0.50003E-04   -0.11046E-04    0.89282E-04    0.42670E-04   -0.28543E-04    0.21313E-03
    0.27622E-08    0.20719E-07   -0.11413E-08   -0.13227E-08    0.12865E-05    0.16092E-05   -0.27728E-07    0.13153E-06    0.11971E-02   -0.19757E-04   -0.77082E-04    0.14741E-05    0.47152E-04    0.70160E-05    0.49887E-06    0.27250E-07    0.68431E-06    0.15523E-06    0.86365E-08   -0.21066E-05   -0.17239E-04   -0.22105E-04   -0.73794E-05    0.75332E-05   -0.11322E-04   -0.69271E-05    0.11200E-04   -0.57700E-05   -0.25610E-05    0.14046E-04    0.51897E-05   -0.13643E-06   -0.44196E-05   -0.78170E-05   -0.70244E-05    0.18871E-05    0.97415E-05   -0.23397E-05   -0.66765E-05   -0.81880E-06    0.11774E-04   -0.38329E-05   -0.26012E-04   -0.26584E-05   -0.26726E-05   -0.20574E-04    0.30088E-06    0.53309E-06   -0.11225E-07   -0.89632E-06   -0.40078E-06   -0.31266E-07   -0.33860E-07    0.48215E-08    0.44361E-07    0.66771E-07   -0.67606E-07   -0.56636E-07
    0.57523E-08   -0.64080E-07   -0.11070E-07   -0.28593E-06    0.11971E-05   -0.27323E-05    0.14436E-06   -0.36571E-06   -0.23674E-02   -0.10181E-02   -0.32745E-03    0.51346E-04    0.10143E-03   -0.11649E-03   -0.38322E-06    0.37360E-05   -0.64183E-05    0.86365E-08    0.11309E-05    0.24890E-04    0.90297E-04    0.93271E-04    0.29934E-04    0.14746E-04   -0.89800E-04   -0.12560E-04    0.42542E-03   -0.27095E-05   -0.36485E-05   -0.20665E-05    0.41915E-04   -0.36252E-03    0.46931E-04   -0.12314E-03    0.38429E-04    0.13403E-04    0.81065E-04    0.63448E-04   -0.85631E-04   -0.10500E-03    0.16348E-04    0.40192E-04    0.22537E-03    0.75230E-04    0.40092E-04    0.30984E-03    0.25182E-05    0.38905E-06   -0.20979E-05   -0.12912E-05   -0.39085E-05    0.26590E-06    0.10514E-05    0.42568E-06    0.10945E-05   -0.24179E-06    0.42982E-06    0.17582E-05
    0.48535E-05    0.12232E-03   -0.13512E-04   -0.62576E-04    0.32217E-03    0.10165E-01    0.27881E-03    0.12677E-03    0.12850E+01    0.31640E+00    0.12261E+00    0.15033E-01   -0.34287E+00   -0.17910E+00   -0.82280E-03   -0.54947E-03   -0.53029E-02   -0.21066E-05    0.24890E-04    0.67850E-01    0.37362E+00   -0.56261E-02    0.98850E-03    0.59775E-02   -0.56305E-03    0.74553E-02   -0.11208E-01    0.63042E-02    0.56628E-02   -0.25069E-02   -0.82369E-02    0.54069E-02   -0.44000E-02   -0.91550E-03    0.71148E-03    0.21889E-02   -0.78508E-02    0.57756E-02    0.89730E-02    0.26805E-02   -0.53388E-02    0.65864E-01    0.10643E+00   -0.13313E-02    0.57270E-01    0.16260E+00    0.57143E-02    0.10313E-01    0.12240E-02   -0.12398E-03   -0.23044E-03   -0.32171E-04    0.17830E-03   -0.10135E-04    0.15936E-03   -0.35621E-03    0.11024E-03    0.51369E-03
    0.26793E-04    0.11684E-02   -0.14345E-03   -0.33613E-03    0.22410E-01    0.96606E-01    0.27333E-02    0.17750E-02    0.81554E+01    0.13994E+01    0.20333E+01   -0.80208E+00   -0.40403E+01   -0.21844E+01   -0.14585E-01   -0.13325E-01   -0.33048E-01   -0.17239E-04    0.90297E-04    0.37362E+00    0.44178E+01   -0.16595E-01    0.20422E-01    0.28319E-01    0.21633E-01    0.26337E-01   -0.56398E-01    0.46882E-01    0.95816E-01   -0.40984E-01   -0.26007E-01    0.12318E-01    0.58675E-02   -0.33603E-02    0.29216E-01    0.78525E-02   -0.66801E-01    0.80070E-01    0.66189E-01   -0.32956E-01   -0.57186E-01    0.85903E-01    0.10513E+01    0.19965E+00    0.20470E+00    0.14296E+01   -0.37602E-01   -0.16695E-01    0.17455E-01    0.26819E-02   -0.88142E-02    0.65367E-04    0.21750E-02    0.21549E-03    0.17821E-02   -0.16020E-02    0.31547E-03    0.17228E-02
    0.21993E-05    0.37110E-03   -0.30420E-04   -0.16254E-03    0.33028E-02    0.21149E-01    0.42280E-03    0.10012E-02    0.16450E+02    0.27947E+00    0.37744E+00   -0.22776E-02    0.66935E-01    0.41920E-01    0.26995E-03    0.10023E-02    0.32753E-02   -0.22105E-04    0.93271E-04   -0.56261E-02   -0.16595E-01    0.65371E+00   -0.18262E+00   -0.82877E-02    0.25217E-02   -0.10189E-01    0.20557E+00   -0.50890E-01   -0.57251E-01    0.30893E-01   -0.72604E-01    0.11883E-01    0.63297E-01   -0.64998E-01   -0.32849E-01   -0.96599E-01    0.16869E+00    0.40266E-01   -0.35433E-01    0.56710E-01    0.12135E+00   -0.11372E-01   -0.12691E+00   -0.60130E-01   -0.20326E-01   -0.12084E+00    0.11357E-02    0.18929E-02    0.22479E-03   -0.19053E-04    0.32385E-03   -0.85804E-04   -0.41466E-03   -0.43273E-04   -0.37919E-03   -0.33648E-04   -0.36274E-03   -0.38662E-03
    0.74296E-05    0.13283E-03   -0.10607E-04   -0.64406E-04   -0.10011E-01    0.15214E-01    0.52968E-03    0.36300E-03   -0.76191E+01   -0.13412E+00   -0.85834E-01   -0.12850E-01   -0.30273E-01    0.70633E-03    0.29258E-02    0.13087E-02   -0.48037E-02   -0.73794E-05    0.29934E-04    0.98850E-03    0.20422E-01   -0.18262E+00    0.94037E+00   -0.29813E-01    0.28337E-02   -0.31500E-02   -0.16473E+00    0.20404E+00    0.11301E+00   -0.42990E-01    0.96544E-01   -0.87316E-01   -0.97985E-02    0.70395E-01    0.18532E-01    0.12891E+00   -0.21576E+00    0.33104E-01    0.16046E+00   -0.47001E-01   -0.23282E+00   -0.61259E-02    0.56766E-01   -0.87950E-02    0.33624E-02    0.81318E-01   -0.13683E-02   -0.67299E-03   -0.20541E-03   -0.57176E-02    0.10190E-02   -0.16583E-03    0.47983E-04   -0.24467E-03    0.44086E-04   -0.46712E-03   -0.25402E-03    0.12332E-03
    0.11656E-04    0.57554E-04   -0.11066E-04    0.95869E-03   -0.21545E-02    0.98021E-02    0.53916E-03    0.20204E-02    0.17616E+00    0.15676E+00   -0.14272E+00   -0.82632E-02    0.58853E-01   -0.23325E-01    0.11125E-02    0.16035E-02   -0.77721E-04    0.75332E-05    0.14746E-04    0.59775E-02    0.28319E-01   -0.82877E-02   -0.29813E-01    0.10017E+01   -0.10812E-03    0.52334E-01    0.19071E-02    0.19488E-01    0.14456E+00   -0.24624E-01    0.25083E-01    0.21240E-02    0.25705E-01   -0.56089E-02   -0.15017E-01    0.15640E+00   -0.22200E-01    0.64979E-01    0.40317E-01   -0.13310E+00    0.76254E-01   -0.38473E-02   -0.10770E-01    0.19921E-01    0.26591E-02   -0.76168E-01   -0.13245E-02   -0.10245E-02    0.31688E-04    0.31591E-02    0.25663E-02   -0.60058E-05    0.22854E-03   -0.26009E-04    0.64893E-04   -0.69926E-04   -0.11971E-03   -0.30370E-03
    0.33027E-06    0.33850E-04    0.16039E-04   -0.51768E-03   -0.29870E-02   -0.22388E-05   -0.11327E-03   -0.89189E-03    0.21510E-01   -0.29185E-01   -0.11026E+00    0.99936E-02   -0.53045E-01    0.90723E-02   -0.11609E-03    0.10577E-02   -0.28668E-02   -0.11322E-04   -0.89800E-04   -0.56305E-03    0.21633E-01    0.25217E-02    0.28337E-02   -0.10812E-03    0.10263E+01    0.58663E-01    0.15820E-01   -0.20535E-01    0.80728E-01   -0.13361E+00    0.30536E-01    0.11266E+00    0.12916E+00    0.43838E-01    0.20250E+00   -0.97028E-01    0.76046E-01    0.66741E-01    0.48543E-01   -0.10314E+00    0.45443E-02    0.15576E-02    0.68173E-01   -0.34369E-01   -0.32917E-02    0.45628E-01    0.14214E-02    0.18686E-02   -0.77750E-04   -0.65512E-03   -0.19705E-02    0.96399E-04    0.20397E-03   -0.15527E-04    0.14375E-03    0.39874E-03    0.42086E-04    0.40388E-03
    0.32941E-05   -0.40815E-04   -0.19709E-04    0.59441E-04    0.16153E-02   -0.24023E-03    0.15122E-03    0.19488E-04   -0.10316E+01   -0.69136E-01    0.12663E+00   -0.30472E-02   -0.11420E+00   -0.23289E-01   -0.73175E-03    0.64296E-03   -0.26290E-02   -0.69271E-05   -0.12560E-04    0.74553E-02    0.26337E-01   -0.10189E-01   -0.31500E-02    0.52334E-01    0.58663E-01    0.10144E+01    0.29550E-01    0.45951E-01   -0.29423E-01    0.10569E-01    0.87893E-01    0.83445E-01   -0.65664E-01   -0.10442E+00    0.71656E-01    0.11412E+00    0.10246E+00   -0.76034E-01    0.84498E-01   -0.46287E-01   -0.85976E-02    0.29321E-01    0.44747E-01    0.26599E-01    0.17447E-01    0.10546E+00   -0.34516E-03    0.52921E-03   -0.43413E-03    0.15832E-02   -0.20925E-02    0.31367E-04   -0.65875E-04   -0.27920E-04    0.47987E-05    0.51341E-04   -0.43663E-04    0.26985E-03
   -0.89660E-05   -0.16258E-03   -0.31799E-05    0.51591E-04    0.66808E-02   -0.14369E-01   -0.19661E-03    0.75465E-04   -0.29370E+01   -0.75959E-01   -0.13897E+00   -0.23290E-01    0.61636E-02    0.61334E-01    0.14472E-02   -0.25027E-02    0.28588E-02    0.11200E-04    0.42542E-03   -0.11208E-01   -0.56398E-01    0.20557E+00   -0.16473E+00    0.19071E-02    0.15820E-01    0.29550E-01    0.82457E+00   -0.26558E-01    0.82176E-02   -0.13586E-01   -0.52857E-01    0.76803E-01    0.15082E+00   -0.12462E+00    0.15881E-01   -0.27161E-01    0.64986E+00    0.27512E+00   -0.74060E-01   -0.32759E-01    0.10111E+00   -0.29932E-02    0.46216E-02   -0.97669E-02    0.12041E-01   -0.70314E-01   -0.21526E-02   -0.10575E-02    0.11598E-02   -0.11993E-02   -0.24924E-02    0.29276E-03   -0.85359E-04    0.41359E-03   -0.77041E-05    0.10132E-02    0.39636E-03    0.44858E-04
    0.88077E-05    0.11000E-03    0.58393E-05    0.20897E-03   -0.84760E-02    0.12953E-01    0.77480E-03    0.89753E-03   -0.46489E+01    0.75233E-01   -0.11328E+00    0.52471E-02    0.86526E-01   -0.32948E-01   -0.12351E-02    0.19193E-03    0.35788E-02   -0.57700E-05   -0.27095E-05    0.63042E-02    0.46882E-01   -0.50890E-01    0.20404E+00    0.19488E-01   -0.20535E-01    0.45951E-01   -0.26558E-01    0.10299E+01    0.11824E+00   -0.87922E-02    0.46235E-01    0.14525E+00   -0.51726E-01   -0.32567E-01    0.27361E-01    0.73020E-01   -0.44786E-01    0.29452E+00    0.86811E+00    0.19912E+00   -0.18856E+00    0.13284E-01   -0.88872E-01   -0.10974E-01    0.50699E-02   -0.53021E-01    0.14504E-02    0.12154E-02   -0.64521E-04   -0.15153E-02   -0.33449E-02    0.75465E-05   -0.63562E-04    0.10449E-04    0.13429E-03   -0.36319E-03   -0.28546E-04    0.53764E-03
    0.12217E-04    0.15768E-03   -0.13071E-04    0.49467E-03    0.26958E-02    0.83500E-02    0.45439E-03    0.12601E-02   -0.21325E+01   -0.24161E+00   -0.24123E+00   -0.17308E-01   -0.65918E-01   -0.44467E-01    0.32071E-02   -0.14625E-02   -0.28946E-02   -0.25610E-05   -0.36485E-05    0.56628E-02    0.95816E-01   -0.57251E-01    0.11301E+00    0.14456E+00    0.80728E-01   -0.29423E-01    0.82176E-02    0.11824E+00    0.10587E+01   -0.60220E-01   -0.59693E-01    0.11264E+00   -0.66636E-01    0.12557E+00    0.21300E+00   -0.11634E+00   -0.20157E+00    0.74256E+00    0.22434E+00   -0.62178E+00    0.98122E-01   -0.62984E-02    0.92416E-01    0.30566E-02    0.11642E-01    0.59251E-01   -0.15258E-02   -0.31146E-03    0.59126E-03   -0.15933E-02    0.15427E-02   -0.46842E-04    0.35284E-03   -0.36775E-04    0.18310E-03    0.65168E-04    0.27586E-04    0.24084E-03
   -0.13897E-04   -0.19028E-03    0.21974E-04   -0.21574E-03   -0.35825E-03   -0.16420E-01   -0.60889E-03   -0.91831E-03   -0.33638E+00   -0.38383E+00   -0.18024E+00   -0.19129E-02    0.20688E+00    0.18325E-01   -0.26943E-02    0.62098E-03    0.86775E-02    0.14046E-04   -0.20665E-05   -0.25069E-02   -0.40984E-01    0.30893E-01   -0.42990E-01   -0.24624E-01   -0.13361E+00    0.10569E-01   -0.13586E-01   -0.87922E-02   -0.60220E-01    0.95831E+00   -0.51227E-01   -0.39788E-01   -0.66190E-01   -0.21928E+00   -0.47375E-01   -0.97250E-01   -0.78931E-01    0.60854E-01   -0.94307E-01    0.34523E+00    0.65070E+00   -0.66047E-02   -0.19668E+00    0.10207E-01   -0.95512E-03   -0.17705E+00    0.71300E-04    0.10237E-02    0.28722E-03    0.12136E-03   -0.10894E-02    0.11957E-03   -0.10413E-03    0.81871E-04   -0.13289E-03    0.35495E-03    0.17356E-03   -0.22257E-04
    0.81407E-05    0.14305E-04    0.37565E-05    0.55139E-04   -0.59245E-02    0.77447E-02    0.33887E-03    0.23161E-03   -0.16804E+01    0.16187E+00    0.78548E+00   -0.43712E-01   -0.24886E+00   -0.77363E-02    0.93315E-03   -0.39265E-03   -0.52989E-02    0.51897E-05    0.41915E-04   -0.82369E-02   -0.26007E-01   -0.72604E-01    0.96544E-01    0.25083E-01    0.30536E-01    0.87893E-01   -0.52857E-01    0.46235E-01   -0.59693E-01   -0.51227E-01    0.10846E+01   -0.10851E+00    0.78987E-01    0.80791E-01    0.15105E+00    0.53592E-01    0.81926E-01   -0.66291E+00    0.46133E+00   -0.33443E+00    0.18164E+00   -0.10536E-01    0.15361E+00    0.28822E-01   -0.45601E-02    0.15078E-01   -0.39624E-02   -0.61777E-02   -0.30454E-04   -0.91593E-03    0.53823E-03   -0.38822E-04   -0.19954E-03   -0.24210E-03   -0.32982E-03   -0.23582E-03   -0.33948E-03   -0.40935E-03
   -0.17618E-05   -0.41570E-05    0.32119E-05    0.18861E-03    0.23008E-02   -0.38764E-02   -0.48343E-04    0.39292E-03   -0.14687E+01   -0.44656E+00    0.28461E-01    0.36766E-01   -0.12803E+00   -0.41576E-01   -0.24274E-02    0.19045E-02   -0.71091E-02   -0.13643E-06   -0.36252E-03    0.54069E-02    0.12318E-01    0.11883E-01   -0.87316E-01    0.21240E-02    0.11266E+00    0.83445E-01    0.76803E-01    0.14525E+00    0.11264E+00   -0.39788E-01   -0.10851E+00    0.86125E+00   -0.96260E-03    0.52320E-02    0.65381E-02    0.38548E-02    0.57167E+00    0.25976E+00    0.17488E+00    0.79155E-01   -0.12108E+00    0.40997E-01    0.26536E+00    0.24347E-01    0.22467E-01    0.25997E+00    0.26784E-02    0.64613E-03   -0.17906E-02    0.37126E-03   -0.37893E-02    0.10825E-03    0.52465E-03    0.11358E-03    0.46238E-03    0.36745E-03    0.33039E-03    0.75521E-03
   -0.64789E-05   -0.23951E-04    0.39978E-06    0.20356E-03    0.69759E-03   -0.79109E-03   -0.24837E-03    0.33949E-03    0.20746E+01    0.47805E+00    0.58415E+00   -0.30331E-01   -0.35376E+00   -0.14771E-02    0.25617E-02   -0.13343E-02   -0.10387E-01   -0.44196E-05    0.46931E-04   -0.44000E-02    0.58675E-02    0.63297E-01   -0.97985E-02    0.25705E-01    0.12916E+00   -0.65664E-01    0.15082E+00   -0.51726E-01   -0.66636E-01   -0.66190E-01    0.78987E-01   -0.96260E-03    0.10660E+01    0.44272E-01   -0.18930E-01    0.25305E-01    0.12243E+00    0.16428E+00   -0.44360E-01    0.17664E+00    0.20397E+00   -0.12732E-01    0.28283E+00   -0.41617E-02    0.20644E-02    0.56501E-01   -0.32258E-02   -0.45807E-02    0.23195E-03   -0.50847E-02   -0.15477E-02   -0.11952E-03   -0.19534E-03   -0.16283E-03   -0.32932E-03   -0.44669E-04   -0.18417E-03   -0.51818E-03
   -0.78162E-05   -0.54750E-04   -0.28076E-05    0.43792E-03    0.26472E-02   -0.13059E-02   -0.12019E-03    0.61336E-03   -0.39837E-01    0.19628E+00    0.29231E-02    0.89352E-02    0.79729E-02   -0.24157E-01   -0.28128E-03    0.10877E-03   -0.12481E-02   -0.78170E-05   -0.12314E-03   -0.91550E-03   -0.33603E-02   -0.64998E-01    0.70395E-01   -0.56089E-02    0.43838E-01   -0.10442E+00   -0.12462E+00   -0.32567E-01    0.12557E+00   -0.21928E+00    0.80791E-01    0.52320E-02    0.44272E-01    0.10607E+01    0.12023E-02   -0.27057E-02   -0.11677E+00    0.13276E-01    0.22156E+00    0.24234E-01   -0.13122E+00   -0.10254E-01    0.51137E-02    0.21149E-01   -0.86477E-02    0.24611E-01   -0.59431E-03   -0.36428E-02   -0.80801E-03   -0.41797E-02   -0.69991E-03   -0.90563E-04    0.16682E-03   -0.15390E-03    0.72538E-05   -0.34636E-03    0.70405E-04    0.34352E-03
   -0.15183E-04   -0.24799E-03    0.41075E-04   -0.39712E-03   -0.42253E-02   -0.21539E-01   -0.72972E-03   -0.14013E-02   -0.13061E+01   -0.42213E+00    0.44443E-01   -0.12806E-01   -0.28688E+00   -0.14570E-01   -0.51711E-03    0.52483E-03   -0.76586E-02   -0.70244E-05    0.38429E-04    0.71148E-03    0.29216E-01   -0.32849E-01    0.18532E-01   -0.15017E-01    0.20250E+00    0.71656E-01    0.15881E-01    0.27361E-01    0.21300E+00   -0.47375E-01    0.15105E+00    0.65381E-02   -0.18930E-01    0.12023E-02    0.10069E+01   -0.49856E-01   -0.18805E-01    0.78316E-01    0.17328E+00   -0.31106E+00    0.10307E+00    0.26877E-01    0.27971E+00   -0.11547E-01    0.29151E-01    0.24458E+00    0.64023E-03    0.13776E-03   -0.27131E-03    0.68117E-03    0.74195E-03    0.26977E-03    0.26496E-03    0.29584E-03    0.11669E-03    0.64319E-03    0.37169E-03    0.27841E-03
    0.52734E-05    0.11560E-03   -0.37673E-04    0.52406E-05    0.39101E-02    0.97913E-02    0.36582E-03    0.28481E-03   -0.27471E+01    0.15142E+00    0.25027E+00    0.19044E-02   -0.17043E+00   -0.24897E-01    0.84949E-03   -0.15700E-02   -0.53089E-02    0.18871E-05    0.13403E-04    0.21889E-02    0.78525E-02   -0.96599E-01    0.12891E+00    0.15640E+00   -0.97028E-01    0.11412E+00   -0.27161E-01    0.73020E-01   -0.11634E+00   -0.97250E-01    0.53592E-01    0.38548E-02    0.25305E-01   -0.27057E-02   -0.49856E-01    0.99926E+00    0.48274E-02   -0.77737E-01   -0.36682E-02    0.12466E+00   -0.53854E-01    0.34765E-02    0.15563E+00    0.31009E-01    0.90819E-02    0.55997E-01   -0.13500E-02   -0.30811E-02   -0.41747E-04    0.14792E-02    0.47794E-03   -0.19830E-03    0.31848E-05   -0.13630E-03   -0.29907E-04   -0.10689E-03   -0.16090E-03   -0.15271E-03
   -0.86142E-05   -0.14928E-03    0.20205E-06    0.43835E-04    0.53690E-02   -0.13821E-01   -0.26228E-03    0.43093E-04   -0.23125E+01   -0.25961E+00    0.10634E+00    0.47542E-02   -0.10920E+00    0.32532E-01   -0.89555E-03   -0.22923E-03   -0.32230E-02    0.97415E-05    0.81065E-04   -0.78508E-02   -0.66801E-01    0.16869E+00   -0.21576E+00   -0.22200E-01    0.76046E-01    0.10246E+00    0.64986E+00   -0.44786E-01   -0.20157E+00   -0.78931E-01    0.81926E-01    0.57167E+00    0.12243E+00   -0.11677E+00   -0.18805E-01    0.48274E-02    0.94141E+00    0.17276E-01    0.13028E-01    0.50057E-01   -0.12980E-01    0.24820E-01    0.18531E+00    0.12642E-01    0.19287E-01    0.12026E+00   -0.80013E-04   -0.11675E-02   -0.49998E-03    0.20726E-04   -0.42894E-02    0.29361E-03    0.16355E-03    0.35788E-03    0.19405E-03    0.93617E-03    0.44095E-03    0.39566E-03
   -0.20656E-05    0.14508E-04   -0.16412E-05    0.34451E-03    0.54204E-02   -0.39349E-02    0.66221E-04    0.72568E-03   -0.27092E+01   -0.26120E+00   -0.53922E+00    0.31097E-02    0.15725E-01   -0.26978E-01    0.16338E-02   -0.17813E-02   -0.12357E-03   -0.23397E-05    0.63448E-04    0.57756E-02    0.80070E-01    0.40266E-01    0.33104E-01    0.64979E-01    0.66741E-01   -0.76034E-01    0.27512E+00    0.29452E+00    0.74256E+00    0.60854E-01   -0.66291E+00    0.25976E+00    0.16428E+00    0.13276E-01    0.78316E-01   -0.77737E-01    0.17276E-01    0.11510E+01    0.17790E-01   -0.19751E-01   -0.23427E-01    0.34333E-02    0.68962E-01   -0.13706E-01    0.19138E-01    0.38507E-01    0.27831E-03    0.17770E-02    0.62415E-03   -0.25756E-02   -0.95438E-03    0.73860E-04    0.35967E-03    0.18710E-03    0.34571E-03    0.47006E-03    0.34066E-03    0.40964E-03
    0.78648E-05    0.14644E-03   -0.11165E-05    0.26444E-03   -0.10002E-01    0.15688E-01    0.80756E-03    0.10835E-02   -0.30915E+01    0.65517E-01    0.24978E+00    0.21875E-02   -0.25788E-01   -0.61659E-01   -0.16887E-02    0.44543E-03    0.21324E-02   -0.66765E-05   -0.85631E-04    0.89730E-02    0.66189E-01   -0.35433E-01    0.16046E+00    0.40317E-01    0.48543E-01    0.84498E-01   -0.74060E-01    0.86811E+00    0.22434E+00   -0.94307E-01    0.46133E+00    0.17488E+00   -0.44360E-01    0.22156E+00    0.17328E+00   -0.36682E-02    0.13028E-01    0.17790E-01    0.11391E+01   -0.77605E-01   -0.39659E-01    0.13257E-01   -0.62179E-01    0.55898E-03    0.20025E-02   -0.37259E-01    0.12047E-02   -0.55162E-03   -0.42027E-03   -0.83688E-03   -0.33981E-02   -0.34434E-04   -0.84150E-04   -0.98058E-04   -0.47653E-04   -0.60441E-03   -0.11702E-03    0.49264E-03
   -0.17975E-04   -0.11645E-03    0.14635E-04   -0.23171E-03    0.11763E-02   -0.78980E-02   -0.39355E-03   -0.71428E-03    0.97814E+00    0.10561E+00    0.32527E-01    0.33308E-01    0.15376E+00    0.73254E-02   -0.41154E-02    0.13296E-02    0.62638E-02   -0.81880E-06   -0.10500E-03    0.26805E-02   -0.32956E-01    0.56710E-01   -0.47001E-01   -0.13310E+00   -0.10314E+00   -0.46287E-01   -0.32759E-01    0.19912E+00   -0.62178E+00    0.34523E+00   -0.33443E+00    0.79155E-01    0.17664E+00    0.24234E-01   -0.31106E+00    0.12466E+00    0.50057E-01   -0.19751E-01   -0.77605E-01    0.97247E+00    0.65277E-01    0.48863E-02   -0.15142E+00   -0.12380E-01   -0.84895E-02   -0.13113E+00    0.28255E-02    0.19458E-02   -0.52754E-03   -0.12331E-02   -0.32511E-02   -0.53412E-04   -0.11253E-03   -0.10018E-04   -0.43334E-04   -0.85320E-04    0.59049E-04   -0.69191E-05
   -0.70621E-05   -0.10412E-03    0.66746E-05    0.11531E-03    0.13467E-02   -0.96840E-02   -0.34277E-03   -0.80259E-04    0.29482E+01   -0.48670E-01   -0.31252E-01   -0.26055E-02    0.24963E+00    0.38994E-01   -0.17902E-02    0.15582E-03    0.10438E-01    0.11774E-04    0.16348E-04   -0.53388E-02   -0.57186E-01    0.12135E+00   -0.23282E+00    0.76254E-01    0.45443E-02   -0.85976E-02    0.10111E+00   -0.18856E+00    0.98122E-01    0.65070E+00    0.18164E+00   -0.12108E+00    0.20397E+00   -0.13122E+00    0.10307E+00   -0.53854E-01   -0.12980E-01   -0.23427E-01   -0.39659E-01    0.65277E-01    0.96895E+00   -0.20279E-01   -0.27346E+00   -0.15842E-01   -0.13046E-01   -0.29745E+00    0.29660E-03    0.17319E-02    0.73612E-03    0.18245E-02   -0.44025E-03    0.60864E-04   -0.98136E-04    0.71402E-04   -0.29230E-03    0.36059E-03    0.15713E-04   -0.17697E-03
    0.18456E-05   -0.19925E-03    0.19180E-04   -0.69030E-05   -0.69182E-02   -0.12851E-01   -0.37722E-03   -0.43641E-03    0.44021E+00    0.98518E-01   -0.21024E-01    0.73552E-01   -0.32196E+00   -0.71204E-01   -0.12074E-02    0.51805E-02   -0.85572E-02   -0.38329E-05    0.40192E-04    0.65864E-01    0.85903E-01   -0.11372E-01   -0.61259E-02   -0.38473E-02    0.15576E-02    0.29321E-01   -0.29932E-02    0.13284E-01   -0.62984E-02   -0.66047E-02   -0.10536E-01    0.40997E-01   -0.12732E-01   -0.10254E-01    0.26877E-01    0.34765E-02    0.24820E-01    0.34333E-02    0.13257E-01    0.48863E-02   -0.20279E-01    0.34846E+00    0.19702E+00    0.32102E-01    0.16168E+00    0.45398E+00    0.13589E-01    0.16978E-01   -0.44474E-02   -0.22947E-02   -0.32948E-02    0.68375E-03   -0.53141E-05    0.83669E-03    0.10302E-03   -0.97389E-04    0.35106E-03    0.17811E-02
    0.41945E-04   -0.14563E-02    0.10258E-03    0.86417E-04   -0.42439E-02   -0.87624E-01   -0.20235E-02   -0.33405E-02   -0.21580E+01   -0.25102E+01    0.16637E+02   -0.19664E+00   -0.11405E+02   -0.62824E+00   -0.14343E+00   -0.13138E-02   -0.18424E+00   -0.26012E-04    0.22537E-03    0.10643E+00    0.10513E+01   -0.12691E+00    0.56766E-01   -0.10770E-01    0.68173E-01    0.44747E-01    0.46216E-02   -0.88872E-01    0.92416E-01   -0.19668E+00    0.15361E+00    0.26536E+00    0.28283E+00    0.51137E-02    0.27971E+00    0.15563E+00    0.18531E+00    0.68962E-01   -0.62179E-01   -0.15142E+00   -0.27346E+00    0.19702E+00    0.15861E+02    0.14067E+00    0.40535E+00    0.55526E+01   -0.81474E-02   -0.44280E-01   -0.11627E-01   -0.17818E-02    0.31224E-02    0.24322E-02    0.21963E-01    0.29537E-02    0.13994E-01    0.23966E-02    0.39288E-02   -0.82922E-02
   -0.20393E-04   -0.57502E-03    0.67258E-04    0.21534E-03   -0.11155E-01   -0.42997E-01   -0.12860E-02   -0.88774E-03    0.29021E+01    0.31906E+00   -0.94484E+00   -0.18606E+00   -0.15810E-01   -0.70254E+00   -0.77827E-02   -0.12438E-01    0.22024E-02   -0.26584E-05    0.75230E-04   -0.13313E-02    0.19965E+00   -0.60130E-01   -0.87950E-02    0.19921E-01   -0.34369E-01    0.26599E-01   -0.97669E-02   -0.10974E-01    0.30566E-02    0.10207E-01    0.28822E-01    0.24347E-01   -0.41617E-02    0.21149E-01   -0.11547E-01    0.31009E-01    0.12642E-01   -0.13706E-01    0.55898E-03   -0.12380E-01   -0.15842E-01    0.32102E-01    0.14067E+00    0.21391E+01    0.71006E-02    0.30887E+00   -0.89858E-01   -0.10565E+00   -0.49804E-02    0.68024E-02   -0.88557E-03   -0.28078E-03    0.14756E-02   -0.13637E-03    0.10723E-02    0.72727E-03    0.81878E-04    0.86614E-03
    0.59497E-05   -0.39268E-03    0.42466E-04    0.14106E-03   -0.65733E-02   -0.24181E-01   -0.58444E-03   -0.63382E-03   -0.97620E+00   -0.56204E+00    0.24426E+00   -0.14825E-02   -0.66783E+00   -0.74489E-01   -0.37809E-02    0.32205E-02   -0.10340E-01   -0.26726E-05    0.40092E-04    0.57270E-01    0.20470E+00   -0.20326E-01    0.33624E-02    0.26591E-02   -0.32917E-02    0.17447E-01    0.12041E-01    0.50699E-02    0.11642E-01   -0.95512E-03   -0.45601E-02    0.22467E-01    0.20644E-02   -0.86477E-02    0.29151E-01    0.90819E-02    0.19287E-01    0.19138E-01    0.20025E-02   -0.84895E-02   -0.13046E-01    0.16168E+00    0.40535E+00    0.71006E-02    0.25269E+00    0.34984E+00    0.81106E-02    0.16122E-01   -0.23951E-03    0.73635E-04    0.73874E-03    0.31333E-03    0.46648E-04    0.36875E-03    0.12554E-03    0.88705E-03    0.62120E-03    0.31182E-03
