# omegabh2 omegach2 theta tau mnu ns logA aps100 aps143 aps217 acib143 acib217 asz143 psr cibr ncib cal0 cal2 xi aksz bm_1_1 bm_1_2 bm_1_3 bm_1_4 bm_1_5 bm_2_1 bm_2_2 bm_2_3 bm_2_4 bm_2_5 bm_3_1 bm_3_2 bm_3_3 bm_3_4 bm_3_5 bm_4_1 bm_4_2 bm_4_3 bm_4_4 bm_4_5
    0.12773E-06   -0.77063E-06    0.16323E-06    0.53301E-05   -0.55233E-04    0.26815E-05    0.93080E-05   -0.34707E-02   -0.10844E-02   -0.41905E-04   -0.35429E-03   -0.49706E-03    0.29309E-04    0.12292E-05   -0.12723E-04   -0.26515E-05   -0.72161E-09   -0.26216E-07    0.30322E-05   -0.12292E-03   -0.21054E-04    0.14003E-05   -0.28206E-05   -0.35910E-05    0.18081E-05    0.91995E-06    0.32054E-05   -0.94828E-07    0.13759E-05    0.15379E-05   -0.12290E-04   -0.72183E-05   -0.75479E-05    0.14268E-05   -0.30600E-05   -0.71945E-05   -0.15276E-05   -0.92675E-06   -0.74069E-05   -0.40336E-05
   -0.77063E-06    0.10213E-04   -0.12974E-05   -0.63563E-04    0.20515E-03   -0.27853E-04   -0.10372E-03    0.22801E-01    0.79458E-02    0.16604E-02    0.16864E-02    0.26383E-02   -0.86714E-04   -0.59634E-05    0.77742E-04    0.11567E-04    0.11859E-07    0.23751E-06   -0.12666E-04    0.47754E-03    0.23190E-03   -0.11148E-04   -0.13884E-04    0.24325E-04    0.21440E-05    0.32173E-04   -0.30647E-04    0.43300E-04    0.38915E-04    0.20545E-04    0.72122E-04    0.42434E-04    0.53072E-04   -0.37424E-04   -0.12269E-04    0.62960E-04    0.30495E-04    0.33556E-04    0.22614E-04    0.87203E-04
    0.16323E-06   -0.12974E-05    0.53747E-06    0.69983E-05   -0.97464E-04    0.44870E-05    0.11833E-04   -0.37603E-02   -0.11440E-02   -0.13974E-03   -0.40079E-03   -0.51073E-03    0.33521E-04    0.21548E-05   -0.13665E-04   -0.19243E-05    0.19248E-08   -0.23311E-07    0.45172E-05   -0.12889E-03   -0.20851E-04    0.77809E-05   -0.42020E-05   -0.48049E-05    0.76170E-05   -0.41562E-05    0.72105E-05   -0.11949E-05    0.80843E-05   -0.68028E-06   -0.19688E-04   -0.51497E-06   -0.14192E-04   -0.47326E-05   -0.12578E-04   -0.17346E-04    0.18662E-05   -0.15932E-05   -0.19393E-05   -0.66941E-06
    0.53301E-05   -0.63563E-04    0.69983E-05    0.17165E-02    0.48089E-02    0.23122E-03    0.32494E-02   -0.40333E+00   -0.55093E-01    0.42922E-01   -0.41495E-01   -0.53457E-01    0.94088E-03    0.24852E-03   -0.14854E-02   -0.15340E-03   -0.33892E-06   -0.27507E-05    0.48287E-03   -0.12332E-01   -0.13683E-02    0.56509E-03    0.17938E-03    0.23632E-03   -0.53981E-03   -0.97286E-05    0.48730E-03   -0.78691E-04   -0.80378E-03    0.81069E-04   -0.14011E-02   -0.84172E-03   -0.19595E-03    0.97812E-03    0.70667E-03   -0.93022E-03   -0.11727E-03   -0.37535E-04   -0.46075E-03   -0.98994E-03
   -0.55233E-04    0.20515E-03   -0.97464E-04    0.48089E-02    0.13961E+00   -0.11605E-02    0.92745E-02    0.98491E+00    0.40431E+00    0.11897E+00    0.12206E+00    0.15233E+00    0.14805E-01   -0.34604E-03    0.63834E-02   -0.44772E-03   -0.12784E-05    0.74034E-05   -0.12927E-03    0.52463E-01    0.38038E-02   -0.52707E-02    0.22358E-02    0.34539E-02    0.18797E-02   -0.29060E-02    0.55652E-03   -0.34868E-02   -0.56269E-02    0.26977E-02    0.49431E-02   -0.22207E-02    0.85162E-02    0.37060E-02    0.73203E-02    0.27366E-02   -0.56962E-02    0.38354E-02    0.10898E-02   -0.55538E-02
    0.26815E-05   -0.27853E-04    0.44870E-05    0.23122E-03   -0.11605E-02    0.10652E-03    0.40187E-03   -0.14362E+00   -0.21277E-01    0.13006E-01   -0.15294E-01   -0.18889E-01   -0.19819E-03    0.93952E-04   -0.59156E-03   -0.31959E-04   -0.77597E-07   -0.89891E-06    0.15099E-03   -0.52419E-02   -0.34473E-03    0.66404E-04   -0.90222E-05   -0.60596E-04    0.10959E-04    0.19570E-03    0.21025E-03   -0.10519E-03   -0.59569E-04   -0.11868E-03   -0.35535E-03   -0.14363E-03   -0.32092E-03    0.83129E-04   -0.63671E-04   -0.93853E-04    0.63582E-04   -0.45053E-04   -0.66739E-04   -0.21789E-03
    0.93080E-05   -0.10372E-03    0.11833E-04    0.32494E-02    0.92745E-02    0.40187E-03    0.61981E-02   -0.77928E+00   -0.85533E-01    0.98797E-01   -0.84315E-01   -0.10522E+00    0.30799E-03    0.52043E-03   -0.30091E-02   -0.23797E-03   -0.52519E-06   -0.47326E-05    0.97036E-03   -0.25387E-01   -0.15443E-02    0.14002E-02    0.30584E-03    0.55275E-03   -0.10357E-02    0.36070E-03    0.10160E-02   -0.91589E-04   -0.14797E-02    0.16774E-03   -0.27201E-02   -0.15005E-02   -0.31387E-03    0.18031E-02    0.13406E-02   -0.15595E-02   -0.41775E-04    0.75009E-04   -0.79086E-03   -0.17496E-02
   -0.34707E-02    0.22801E-01   -0.37603E-02   -0.40333E+00    0.98491E+00   -0.14362E+00   -0.77928E+00    0.28131E+04    0.65528E+02   -0.16869E+03    0.13071E+03    0.12349E+03   -0.72939E+02   -0.10995E+01    0.41567E+00    0.14490E+01    0.49600E-03    0.95854E-03   -0.60565E+00   -0.14828E+02    0.11190E+02   -0.11100E+02    0.46232E+00   -0.27088E+00   -0.44963E+00    0.14122E+01   -0.51789E+01    0.67954E+00    0.71670E+00   -0.59773E+00    0.13670E+01    0.33120E+00   -0.34561E+00   -0.10239E+01   -0.40939E+01    0.23037E+01   -0.55307E+00   -0.26207E+01   -0.13268E+01    0.48249E+01
   -0.10844E-02    0.79458E-02   -0.11440E-02   -0.55093E-01    0.40431E+00   -0.21277E-01   -0.85533E-01    0.65528E+02    0.19544E+03    0.61635E+02   -0.33957E+02   -0.98435E+01   -0.79421E+01   -0.21506E+00   -0.59129E-01   -0.15146E+00    0.12987E-03    0.32784E-02    0.12134E+01   -0.12543E+02    0.15189E+01    0.53655E+00    0.22865E+00    0.20910E+00    0.12014E+00   -0.18918E+01   -0.50273E+00   -0.20058E+00   -0.12304E+00   -0.19933E+00    0.11586E+01    0.17778E+00    0.35014E+00   -0.35489E+00   -0.13850E+00   -0.56425E+00   -0.49203E+00   -0.17631E+00    0.47958E+00   -0.14515E+00
   -0.41905E-04    0.16604E-02   -0.13974E-03    0.42922E-01    0.11897E+00    0.13006E-01    0.98797E-01   -0.16869E+03    0.61635E+02    0.21671E+03   -0.37191E+02   -0.76767E+02    0.46931E+01   -0.10069E-01   -0.88675E+00   -0.10758E+01    0.18180E-03   -0.46449E-02    0.41161E+00   -0.10390E+02    0.17726E+01    0.16362E+01    0.57161E-02    0.77181E-01    0.22336E+00    0.70092E+00    0.59236E+00   -0.50581E+00   -0.27131E+00    0.33294E+00   -0.12762E+01    0.96211E+00   -0.32681E+00    0.57531E+00    0.58904E+00   -0.23425E+00   -0.63255E-01    0.46458E+00    0.42213E+00   -0.53218E+00
   -0.35429E-03    0.16864E-02   -0.40079E-03   -0.41495E-01    0.12206E+00   -0.15294E-01   -0.84315E-01    0.13071E+03   -0.33957E+02   -0.37191E+02    0.27918E+02    0.20093E+02   -0.26763E+01   -0.61941E-02    0.22056E+00    0.23634E+00   -0.12281E-03   -0.75998E-03   -0.18177E-01   -0.46789E+00   -0.97366E+00   -0.71085E+00   -0.59221E-01   -0.14046E+00   -0.13404E-01    0.10229E+01    0.91773E-01    0.13876E+00    0.15987E+00    0.15920E+00   -0.29446E+00   -0.89384E-01   -0.98580E-01    0.47251E-01   -0.50110E-01    0.54112E+00    0.23777E+00    0.43147E-02   -0.24397E+00    0.35768E+00
   -0.49706E-03    0.26383E-02   -0.51073E-03   -0.53457E-01    0.15233E+00   -0.18889E-01   -0.10522E+00    0.12349E+03   -0.98435E+01   -0.76767E+02    0.20093E+02    0.37645E+02   -0.26366E+01    0.52576E-01    0.40446E+00    0.55755E+00   -0.77074E-04    0.20517E-02   -0.22263E+00   -0.10072E+01   -0.62169E+00   -0.77290E+00    0.33169E-01   -0.95112E-01   -0.90047E-01   -0.21896E+00   -0.24237E+00    0.15915E+00    0.25102E+00   -0.18876E+00    0.52164E+00   -0.52416E+00    0.11388E+00   -0.40771E+00   -0.33466E+00    0.15488E+00   -0.96362E-02   -0.20792E+00   -0.11497E+00    0.38365E+00
    0.29309E-04   -0.86714E-04    0.33521E-04    0.94088E-03    0.14805E-01   -0.19819E-03    0.30799E-03   -0.72939E+02   -0.79421E+01    0.46931E+01   -0.26763E+01   -0.26366E+01    0.78166E+01    0.45934E-01    0.27166E+00   -0.14681E+00    0.19509E-04   -0.85023E-04   -0.13242E-01    0.20342E-01    0.14538E+00    0.14348E+00   -0.31540E-02   -0.31704E-01   -0.47874E-01   -0.13850E+00    0.15233E-02   -0.79064E-01   -0.54209E-01   -0.63011E-01   -0.60527E-01    0.26069E-01    0.41815E-01   -0.32854E-01    0.84923E-02   -0.12984E+00   -0.59606E-01   -0.21187E-01    0.54785E-01   -0.75490E-01
    0.12292E-05   -0.59634E-05    0.21548E-05    0.24852E-03   -0.34604E-03    0.93952E-04    0.52043E-03   -0.10995E+01   -0.21506E+00   -0.10069E-01   -0.61941E-02    0.52576E-01    0.45934E-01    0.79445E-02   -0.64705E-02    0.75692E-02    0.64393E-06   -0.25407E-04    0.42121E-02   -0.21824E-01    0.89068E-02    0.54597E-02   -0.23707E-03   -0.16850E-02   -0.14526E-02    0.54238E-02   -0.17620E-02   -0.21867E-02   -0.18609E-02   -0.20014E-02   -0.11181E-01   -0.18845E-02   -0.16292E-02   -0.46993E-02   -0.18042E-02   -0.25621E-02   -0.14230E-02   -0.58201E-02   -0.38347E-02   -0.27931E-02
   -0.12723E-04    0.77742E-04   -0.13665E-04   -0.14854E-02    0.63834E-02   -0.59156E-03   -0.30091E-02    0.41567E+00   -0.59129E-01   -0.88675E+00    0.22056E+00    0.40446E+00    0.27166E+00   -0.64705E-02    0.47415E-01   -0.12964E-01   -0.15511E-05    0.82390E-04    0.28046E-02   -0.83242E-02   -0.18183E-01   -0.85900E-02   -0.15586E-02    0.29684E-02    0.12018E-02   -0.31570E-01   -0.58652E-02   -0.22046E-02   -0.11728E-04   -0.38170E-02    0.36660E-01    0.35049E-03    0.54843E-02    0.37718E-02   -0.22795E-02    0.12861E-02   -0.49858E-02    0.22302E-03    0.84056E-02   -0.38265E-02
   -0.26515E-05    0.11567E-04   -0.19243E-05   -0.15340E-03   -0.44772E-03   -0.31959E-04   -0.23797E-03    0.14490E+01   -0.15146E+00   -0.10758E+01    0.23634E+00    0.55755E+00   -0.14681E+00    0.75692E-02   -0.12964E-01    0.22097E-01   -0.54331E-06   -0.14502E-04   -0.28609E-02   -0.16316E-01    0.56960E-02   -0.12158E-01   -0.52902E-03   -0.48129E-02   -0.37036E-02    0.88524E-02   -0.38878E-04   -0.30802E-02    0.10216E-01   -0.84357E-02   -0.14513E-01   -0.20307E-01    0.48562E-04   -0.17507E-01   -0.11614E-01   -0.31576E-02   -0.18751E-02   -0.48719E-02    0.62334E-03    0.14459E-01
   -0.72161E-09    0.11859E-07    0.19248E-08   -0.33892E-06   -0.12784E-05   -0.77597E-07   -0.52519E-06    0.49600E-03    0.12987E-03    0.18180E-03   -0.12281E-03   -0.77074E-04    0.19509E-04    0.64393E-06   -0.15511E-05   -0.54331E-06    0.15609E-06    0.95512E-08    0.34040E-06    0.42346E-05   -0.23920E-04   -0.12725E-04   -0.33042E-05    0.49483E-05    0.88418E-06    0.36776E-05    0.43709E-05    0.84495E-05    0.43705E-05   -0.94428E-06    0.18299E-05    0.20182E-05   -0.99481E-06    0.43680E-05    0.82697E-06    0.10791E-05    0.92205E-05    0.23551E-05   -0.29116E-05    0.28363E-05
   -0.26216E-07    0.23751E-06   -0.23311E-07   -0.27507E-05    0.74034E-05   -0.89891E-06   -0.47326E-05    0.95854E-03    0.32784E-02   -0.46449E-02   -0.75998E-03    0.20517E-02   -0.85023E-04   -0.25407E-04    0.82390E-04   -0.14502E-04    0.95512E-08    0.16460E-05   -0.52539E-05   -0.76539E-04    0.97768E-04    0.10024E-04    0.18814E-05   -0.17460E-04    0.69005E-05    0.22536E-03    0.70852E-05    0.54383E-05    0.42419E-04    0.84748E-05   -0.18655E-03   -0.84934E-05   -0.33513E-04   -0.21445E-04   -0.31351E-04    0.38708E-04    0.48886E-04   -0.31262E-04   -0.24643E-04    0.38118E-04
    0.30322E-05   -0.12666E-04    0.45172E-05    0.48287E-03   -0.12927E-03    0.15099E-03    0.97036E-03   -0.60565E+00    0.12134E+01    0.41161E+00   -0.18177E-01   -0.22263E+00   -0.13242E-01    0.42121E-02    0.28046E-02   -0.28609E-02    0.34040E-06   -0.52539E-05    0.83561E-01    0.31321E-02    0.67878E-02    0.33674E-02   -0.15799E-02   -0.16801E-02    0.26796E-02   -0.35975E-02    0.98557E-04   -0.64093E-02    0.40845E-02   -0.37624E-02   -0.79673E-03   -0.20021E-02    0.17061E-03   -0.22113E-02   -0.42935E-02   -0.24657E-02   -0.28543E-02   -0.15939E-02    0.54700E-02   -0.14088E-02
   -0.12292E-03    0.47754E-03   -0.12889E-03   -0.12332E-01    0.52463E-01   -0.52419E-02   -0.25387E-01   -0.14828E+02   -0.12543E+02   -0.10390E+02   -0.46789E+00   -0.10072E+01    0.20342E-01   -0.21824E-01   -0.83242E-02   -0.16316E-01    0.42346E-05   -0.76539E-04    0.31321E-02    0.81723E+01   -0.11608E-01   -0.32044E-02   -0.28533E-01    0.34237E-01   -0.13944E-01    0.37188E-02   -0.88893E-02    0.31202E-02   -0.26968E-02   -0.19923E-01   -0.76277E-02   -0.29253E-01    0.13101E-01    0.32856E-01    0.25151E-01   -0.88620E-02    0.95976E-02   -0.80330E-02    0.22639E-01   -0.14557E-01
   -0.21054E-04    0.23190E-03   -0.20851E-04   -0.13683E-02    0.38038E-02   -0.34473E-03   -0.15443E-02    0.11190E+02    0.15189E+01    0.17726E+01   -0.97366E+00   -0.62169E+00    0.14538E+00    0.89068E-02   -0.18183E-01    0.56960E-02   -0.23920E-04    0.97768E-04    0.67878E-02   -0.11608E-01    0.71380E+00   -0.11463E+00    0.11433E-01   -0.89701E-03   -0.11055E-01    0.16987E+00   -0.59193E-01   -0.57299E-01   -0.75164E-02   -0.72161E-01    0.73039E-02    0.32125E-01   -0.26382E-01   -0.56979E-01   -0.11921E+00    0.14213E+00    0.19749E-01   -0.29555E-01    0.42167E-01    0.76063E-01
    0.14003E-05   -0.11148E-04    0.77809E-05    0.56509E-03   -0.52707E-02    0.66404E-04    0.14002E-02   -0.11100E+02    0.53655E+00    0.16362E+01   -0.71085E+00   -0.77290E+00    0.14348E+00    0.54597E-02   -0.85900E-02   -0.12158E-01   -0.12725E-04    0.10024E-04    0.33674E-02   -0.32044E-02   -0.11463E+00    0.92764E+00   -0.13194E-01   -0.30317E-03    0.74161E-02   -0.14713E+00    0.18653E+00    0.61659E-01   -0.22013E-01    0.42374E-01   -0.12085E+00    0.15831E-01    0.23213E-01    0.17913E-01    0.18174E+00   -0.22219E+00    0.42899E-01    0.10410E+00    0.64869E-02   -0.22536E+00
   -0.28206E-05   -0.13884E-04   -0.42020E-05    0.17938E-03    0.22358E-02   -0.90222E-05    0.30584E-03    0.46232E+00    0.22865E+00    0.57161E-02   -0.59221E-01    0.33169E-01   -0.31540E-02   -0.23707E-03   -0.15586E-02   -0.52902E-03   -0.33042E-05    0.18814E-05   -0.15799E-02   -0.28533E-01    0.11433E-01   -0.13194E-01    0.97644E+00    0.21630E-02   -0.77647E-02   -0.46261E-01   -0.17602E-01    0.17765E+00   -0.15526E-01    0.60786E-01   -0.31254E-02    0.37881E-01   -0.29290E-01   -0.21445E-01    0.10567E+00   -0.61356E-01    0.49378E-01    0.14134E-01   -0.16829E+00    0.10151E+00
   -0.35910E-05    0.24325E-04   -0.48049E-05    0.23632E-03    0.34539E-02   -0.60596E-04    0.55275E-03   -0.27088E+00    0.20910E+00    0.77181E-01   -0.14046E+00   -0.95112E-01   -0.31704E-01   -0.16850E-02    0.29684E-02   -0.48129E-02    0.49483E-05   -0.17460E-04   -0.16801E-02    0.34237E-01   -0.89701E-03   -0.30317E-03    0.21630E-02    0.98467E+00    0.18906E-01    0.35487E-01   -0.89841E-01    0.72949E-01   -0.81236E-01    0.44803E-01    0.87124E-01    0.97941E-01    0.46646E-01    0.17382E+00   -0.96521E-01    0.82490E-01    0.38119E-01   -0.71775E-02   -0.11053E+00    0.53396E-01
    0.18081E-05    0.21440E-05    0.76170E-05   -0.53981E-03    0.18797E-02    0.10959E-04   -0.10357E-02   -0.44963E+00    0.12014E+00    0.22336E+00   -0.13404E-01   -0.90047E-01   -0.47874E-01   -0.14526E-02    0.12018E-02   -0.37036E-02    0.88418E-06    0.69005E-05    0.26796E-02   -0.13944E-01   -0.11055E-01    0.74161E-02   -0.77647E-02    0.18906E-01    0.10200E+01    0.37701E-01    0.41192E-01   -0.43084E-01    0.33885E-01    0.10408E+00    0.76672E-01   -0.59227E-01   -0.77568E-01    0.55088E-01    0.60587E-01    0.10811E+00   -0.86604E-01    0.89232E-01   -0.31622E-01   -0.95426E-02
    0.91995E-06    0.32173E-04   -0.41562E-05   -0.97286E-05   -0.29060E-02    0.19570E-03    0.36070E-03    0.14122E+01   -0.18918E+01    0.70092E+00    0.10229E+01   -0.21896E+00   -0.13850E+00    0.54238E-02   -0.31570E-01    0.88524E-02    0.36776E-05    0.22536E-03   -0.35975E-02    0.37188E-02    0.16987E+00   -0.14713E+00   -0.46261E-01    0.35487E-01    0.37701E-01    0.90162E+00   -0.84801E-02   -0.94375E-02   -0.14686E-01   -0.69777E-02    0.94542E-02    0.12078E+00   -0.10028E+00    0.24712E-01   -0.51054E-01    0.67367E+00    0.24726E+00   -0.53059E-01   -0.57224E-01    0.90980E-01
    0.32054E-05   -0.30647E-04    0.72105E-05    0.48730E-03    0.55652E-03    0.21025E-03    0.10160E-02   -0.51789E+01   -0.50273E+00    0.59236E+00    0.91773E-01   -0.24237E+00    0.15233E-02   -0.17620E-02   -0.58652E-02   -0.38878E-04    0.43709E-05    0.70852E-05    0.98557E-04   -0.88893E-02   -0.59193E-01    0.18653E+00   -0.17602E-01   -0.89841E-01    0.41192E-01   -0.84801E-02    0.98064E+00    0.10738E-01   -0.17743E-01    0.58398E-03    0.41200E-01   -0.30219E-02   -0.54021E-01   -0.15598E-01    0.16294E+00   -0.82075E-01    0.25837E+00    0.76219E+00    0.28736E+00   -0.20223E+00
   -0.94828E-07    0.43300E-04   -0.11949E-05   -0.78691E-04   -0.34868E-02   -0.10519E-03   -0.91589E-04    0.67954E+00   -0.20058E+00   -0.50581E+00    0.13876E+00    0.15915E+00   -0.79064E-01   -0.21867E-02   -0.22046E-02   -0.30802E-02    0.84495E-05    0.54383E-05   -0.64093E-02    0.31202E-02   -0.57299E-01    0.61659E-01    0.17765E+00    0.72949E-01   -0.43084E-01   -0.94375E-02    0.10738E-01    0.10090E+01    0.17333E-01   -0.74987E-04    0.73259E-01   -0.35299E-01    0.13164E+00    0.14972E+00   -0.13905E+00   -0.21049E+00    0.64965E+00    0.14767E+00   -0.61259E+00    0.19055E+00
    0.13759E-05    0.38915E-04    0.80843E-05   -0.80378E-03   -0.56269E-02   -0.59569E-04   -0.14797E-02    0.71670E+00   -0.12304E+00   -0.27131E+00    0.15987E+00    0.25102E+00   -0.54209E-01   -0.18609E-02   -0.11728E-04    0.10216E-01    0.43705E-05    0.42419E-04    0.40845E-02   -0.26968E-02   -0.75164E-02   -0.22013E-01   -0.15526E-01   -0.81236E-01    0.33885E-01   -0.14686E-01   -0.17743E-01    0.17333E-01    0.98680E+00    0.10417E-01   -0.24186E-01   -0.85725E-01   -0.12266E+00   -0.43284E-01   -0.10912E+00   -0.79560E-01    0.74935E-01   -0.46550E-01    0.28821E+00    0.67837E+00
    0.15379E-05    0.20545E-04   -0.68028E-06    0.81069E-04    0.26977E-02   -0.11868E-03    0.16774E-03   -0.59773E+00   -0.19933E+00    0.33294E+00    0.15920E+00   -0.18876E+00   -0.63011E-01   -0.20014E-02   -0.38170E-02   -0.84357E-02   -0.94428E-06    0.84748E-05   -0.37624E-02   -0.19923E-01   -0.72161E-01    0.42374E-01    0.60786E-01    0.44803E-01    0.10408E+00   -0.69777E-02    0.58398E-03   -0.74987E-04    0.10417E-01    0.98855E+00   -0.81475E-01    0.91904E-01    0.29221E-01    0.15132E+00    0.14914E-01    0.10468E+00   -0.55432E+00    0.37938E+00   -0.33624E+00    0.22685E+00
   -0.12290E-04    0.72122E-04   -0.19688E-04   -0.14011E-02    0.49431E-02   -0.35535E-03   -0.27201E-02    0.13670E+01    0.11586E+01   -0.12762E+01   -0.29446E+00    0.52164E+00   -0.60527E-01   -0.11181E-01    0.36660E-01   -0.14513E-01    0.18299E-05   -0.18655E-03   -0.79673E-03   -0.76277E-02    0.73039E-02   -0.12085E+00   -0.31254E-02    0.87124E-01    0.76672E-01    0.94542E-02    0.41200E-01    0.73259E-01   -0.24186E-01   -0.81475E-01    0.90191E+00   -0.21596E-01   -0.32657E-01    0.12074E-01   -0.62026E-02    0.57612E+00    0.16736E+00    0.10907E+00    0.57248E-01   -0.92823E-01
   -0.72183E-05    0.42434E-04   -0.51497E-06   -0.84172E-03   -0.22207E-02   -0.14363E-03   -0.15005E-02    0.33120E+00    0.17778E+00    0.96211E+00   -0.89384E-01   -0.52416E+00    0.26069E-01   -0.18845E-02    0.35049E-03   -0.20307E-01    0.20182E-05   -0.84934E-05   -0.20021E-02   -0.29253E-01    0.32125E-01    0.15831E-01    0.37881E-01    0.97941E-01   -0.59227E-01    0.12078E+00   -0.30219E-02   -0.35299E-01   -0.85725E-01    0.91904E-01   -0.21596E-01    0.98246E+00   -0.15403E-02    0.89964E-02   -0.11214E-01    0.79376E-01    0.16142E+00   -0.11408E-02    0.13598E+00    0.17478E+00
   -0.75479E-05    0.53072E-04   -0.14192E-04   -0.19595E-03    0.85162E-02   -0.32092E-03   -0.31387E-03   -0.34561E+00    0.35014E+00   -0.32681E+00   -0.98580E-01    0.11388E+00    0.41815E-01   -0.16292E-02    0.54843E-02    0.48562E-04   -0.99481E-06   -0.33513E-04    0.17061E-03    0.13101E-01   -0.26382E-01    0.23213E-01   -0.29290E-01    0.46646E-01   -0.77568E-01   -0.10028E+00   -0.54021E-01    0.13164E+00   -0.12266E+00    0.29221E-01   -0.32657E-01   -0.15403E-02    0.98369E+00   -0.28764E-01   -0.77492E-02   -0.13595E+00    0.45742E-01    0.15170E+00    0.48536E-01   -0.57233E-01
    0.14268E-05   -0.37424E-04   -0.47326E-05    0.97812E-03    0.37060E-02    0.83129E-04    0.18031E-02   -0.10239E+01   -0.35489E+00    0.57531E+00    0.47251E-01   -0.40771E+00   -0.32854E-01   -0.46993E-02    0.37718E-02   -0.17507E-01    0.43680E-05   -0.21445E-04   -0.22113E-02    0.32856E-01   -0.56979E-01    0.17913E-01   -0.21445E-01    0.17382E+00    0.55088E-01    0.24712E-01   -0.15598E-01    0.14972E+00   -0.43284E-01    0.15132E+00    0.12074E-01    0.89964E-02   -0.28764E-01    0.10060E+01   -0.47321E-02    0.98088E-02    0.39359E-01    0.11818E+00   -0.27152E+00    0.10155E+00
   -0.30600E-05   -0.12269E-04   -0.12578E-04    0.70667E-03    0.73203E-02   -0.63671E-04    0.13406E-02   -0.40939E+01   -0.13850E+00    0.58904E+00   -0.50110E-01   -0.33466E+00    0.84923E-02   -0.18042E-02   -0.22795E-02   -0.11614E-01    0.82697E-06   -0.31351E-04   -0.42935E-02    0.25151E-01   -0.11921E+00    0.18174E+00    0.10567E+00   -0.96521E-01    0.60587E-01   -0.51054E-01    0.16294E+00   -0.13905E+00   -0.10912E+00    0.14914E-01   -0.62026E-02   -0.11214E-01   -0.77492E-02   -0.47321E-02    0.99841E+00   -0.33005E-01   -0.48897E-01    0.36661E-01    0.18202E+00   -0.11988E+00
   -0.71945E-05    0.62960E-04   -0.17346E-04   -0.93022E-03    0.27366E-02   -0.93853E-04   -0.15595E-02    0.23037E+01   -0.56425E+00   -0.23425E+00    0.54112E+00    0.15488E+00   -0.12984E+00   -0.25621E-02    0.12861E-02   -0.31576E-02    0.10791E-05    0.38708E-04   -0.24657E-02   -0.88620E-02    0.14213E+00   -0.22219E+00   -0.61356E-01    0.82490E-01    0.10811E+00    0.67367E+00   -0.82075E-01   -0.21049E+00   -0.79560E-01    0.10468E+00    0.57612E+00    0.79376E-01   -0.13595E+00    0.98088E-02   -0.33005E-01    0.97540E+00   -0.20794E-01   -0.51696E-02    0.57129E-02   -0.15695E-01
   -0.15276E-05    0.30495E-04    0.18662E-05   -0.11727E-03   -0.56962E-02    0.63582E-04   -0.41775E-04   -0.55307E+00   -0.49203E+00   -0.63255E-01    0.23777E+00   -0.96362E-02   -0.59606E-01   -0.14230E-02   -0.49858E-02   -0.18751E-02    0.92205E-05    0.48886E-04   -0.28543E-02    0.95976E-02    0.19749E-01    0.42899E-01    0.49378E-01    0.38119E-01   -0.86604E-01    0.24726E+00    0.25837E+00    0.64965E+00    0.74935E-01   -0.55432E+00    0.16736E+00    0.16142E+00    0.45742E-01    0.39359E-01   -0.48897E-01   -0.20794E-01    0.10024E+01    0.13375E-01   -0.36758E-02    0.15137E-02
   -0.92675E-06    0.33556E-04   -0.15932E-05   -0.37535E-04    0.38354E-02   -0.45053E-04    0.75009E-04   -0.26207E+01   -0.17631E+00    0.46458E+00    0.43147E-02   -0.20792E+00   -0.21187E-01   -0.58201E-02    0.22302E-03   -0.48719E-02    0.23551E-05   -0.31262E-04   -0.15939E-02   -0.80330E-02   -0.29555E-01    0.10410E+00    0.14134E-01   -0.71775E-02    0.89232E-01   -0.53059E-01    0.76219E+00    0.14767E+00   -0.46550E-01    0.37938E+00    0.10907E+00   -0.11408E-02    0.15170E+00    0.11818E+00    0.36661E-01   -0.51696E-02    0.13375E-01    0.97279E+00   -0.50066E-02   -0.52113E-02
   -0.74069E-05    0.22614E-04   -0.19393E-05   -0.46075E-03    0.10898E-02   -0.66739E-04   -0.79086E-03   -0.13268E+01    0.47958E+00    0.42213E+00   -0.24397E+00   -0.11497E+00    0.54785E-01   -0.38347E-02    0.84056E-02    0.62334E-03   -0.29116E-05   -0.24643E-04    0.54700E-02    0.22639E-01    0.42167E-01    0.64869E-02   -0.16829E+00   -0.11053E+00   -0.31622E-01   -0.57224E-01    0.28736E+00   -0.61259E+00    0.28821E+00   -0.33624E+00    0.57248E-01    0.13598E+00    0.48536E-01   -0.27152E+00    0.18202E+00    0.57129E-02   -0.36758E-02   -0.50066E-02    0.98062E+00   -0.76092E-02
   -0.40336E-05    0.87203E-04   -0.66941E-06   -0.98994E-03   -0.55538E-02   -0.21789E-03   -0.17496E-02    0.48249E+01   -0.14515E+00   -0.53218E+00    0.35768E+00    0.38365E+00   -0.75490E-01   -0.27931E-02   -0.38265E-02    0.14459E-01    0.28363E-05    0.38118E-04   -0.14088E-02   -0.14557E-01    0.76063E-01   -0.22536E+00    0.10151E+00    0.53396E-01   -0.95426E-02    0.90980E-01   -0.20223E+00    0.19055E+00    0.67837E+00    0.22685E+00   -0.92823E-01    0.17478E+00   -0.57233E-01    0.10155E+00   -0.11988E+00   -0.15695E-01    0.15137E-02   -0.52113E-02   -0.76092E-02    0.10010E+01
