# omegabh2 omegach2 theta tau ns logA r aps100 aps143 aps217 acib143 acib217 asz143 psr cibr ncib cal0 cal2 xi aksz bm_1_1 bm_1_2 bm_1_3 bm_1_4 bm_1_5 bm_2_1 bm_2_2 bm_2_3 bm_2_4 bm_2_5 bm_3_1 bm_3_2 bm_3_3 bm_3_4 bm_3_5 bm_4_1 bm_4_2 bm_4_3 bm_4_4 bm_4_5
    0.75924E-07   -0.42226E-06    0.80825E-07    0.96748E-06    0.12224E-05    0.10777E-05    0.71162E-06   -0.17084E-02   -0.62483E-03   -0.14156E-03   -0.16401E-03   -0.23697E-03    0.47751E-04   -0.10287E-07   -0.17791E-05   -0.31328E-05    0.23689E-08   -0.11020E-07    0.22574E-06   -0.68736E-05   -0.12143E-04   -0.49542E-05   -0.43837E-05   -0.36714E-05    0.52720E-05    0.23821E-05   -0.31073E-06    0.21844E-05    0.14405E-05    0.21592E-05    0.60401E-06    0.29150E-05    0.33864E-05    0.17585E-06    0.33367E-05    0.17420E-05    0.19046E-05   -0.24308E-05   -0.60515E-06    0.99679E-06
   -0.42226E-06    0.74955E-05   -0.77387E-06   -0.98619E-05   -0.17208E-04   -0.17301E-05   -0.16754E-04    0.69075E-02    0.34182E-02    0.15914E-02    0.35319E-03    0.63170E-03   -0.21031E-03    0.65042E-05   -0.22146E-04    0.19782E-04   -0.16851E-07    0.76815E-07    0.10455E-04    0.47586E-04    0.13383E-03    0.13863E-04   -0.35785E-05    0.14722E-04    0.32168E-04    0.47829E-04   -0.65228E-04    0.61290E-05    0.33423E-04   -0.15498E-04   -0.57854E-04   -0.10120E-03   -0.86746E-04    0.12840E-04   -0.13194E-03    0.77867E-05   -0.33768E-04   -0.25253E-04   -0.64461E-04    0.32883E-04
    0.80825E-07   -0.77387E-06    0.41250E-06    0.15099E-05    0.23398E-05    0.14685E-05    0.19153E-05   -0.14892E-02   -0.58261E-03   -0.35521E-03   -0.45669E-04   -0.89368E-04    0.48633E-04    0.43891E-06    0.44094E-05   -0.25375E-05   -0.79565E-09   -0.49615E-08   -0.11402E-05    0.37438E-04   -0.20521E-04    0.60188E-05   -0.10054E-04   -0.36205E-05    0.15134E-04    0.45218E-05    0.16922E-04    0.99281E-05    0.23813E-06   -0.34512E-05    0.44209E-05    0.11155E-04    0.16066E-04    0.93007E-05    0.18784E-04    0.17918E-05    0.16061E-04    0.76602E-05   -0.31469E-05   -0.20239E-05
    0.96748E-06   -0.98619E-05    0.15099E-05    0.16794E-03    0.35125E-04    0.31226E-03   -0.16156E-04   -0.51685E-01   -0.72001E-02   -0.17575E-03   -0.47324E-02   -0.50495E-02   -0.73405E-03    0.33416E-04   -0.12493E-03    0.88535E-07    0.33319E-07   -0.12308E-06    0.10733E-03   -0.13125E-02   -0.39463E-03   -0.34665E-03    0.27038E-03    0.70820E-04    0.39783E-03   -0.18748E-04    0.16484E-03    0.87857E-05    0.26772E-04    0.26421E-03    0.51781E-04   -0.25633E-03   -0.75273E-04    0.17719E-03   -0.26847E-03    0.50404E-04   -0.14258E-03    0.28062E-03   -0.12850E-03    0.29843E-04
    0.12224E-05   -0.17208E-04    0.23398E-05    0.35125E-04    0.61414E-04    0.28330E-04    0.63103E-04   -0.77705E-01   -0.48278E-02    0.10224E-01   -0.87591E-02   -0.10082E-01   -0.34655E-04    0.36116E-04   -0.22358E-03   -0.43444E-04   -0.57106E-07   -0.18081E-06    0.62842E-04   -0.27294E-02   -0.18668E-03    0.91499E-05   -0.20750E-03    0.27642E-04    0.62369E-04    0.18507E-03    0.29206E-03   -0.54192E-04   -0.64234E-04    0.10320E-03    0.15084E-04    0.17497E-03    0.23578E-03   -0.63294E-04    0.20622E-03    0.14021E-03    0.68404E-04    0.21131E-03    0.10628E-03   -0.75464E-04
    0.10777E-05   -0.17301E-05    0.14685E-05    0.31226E-03    0.28330E-04    0.62813E-03   -0.83890E-04   -0.10832E+00    0.28718E-02    0.13717E-01   -0.13303E-01   -0.12497E-01   -0.31580E-02    0.10618E-03   -0.48100E-03    0.71214E-04    0.14080E-06    0.17123E-06    0.28260E-03   -0.41067E-02    0.16128E-03   -0.50491E-03    0.55093E-03    0.18793E-03    0.89724E-03    0.38379E-03    0.21141E-03    0.92897E-04    0.14558E-03    0.39945E-03   -0.14783E-04   -0.70807E-03   -0.39114E-03    0.41028E-03   -0.99951E-03    0.33188E-03   -0.20553E-03    0.55053E-03   -0.43767E-03    0.18195E-03
    0.71162E-06   -0.16754E-04    0.19153E-05   -0.16156E-04    0.63103E-04   -0.83890E-04    0.18705E-02    0.51758E-03   -0.35004E-02    0.32079E-02   -0.59412E-02   -0.71106E-02   -0.30272E-02    0.39428E-04   -0.30010E-03    0.93960E-04    0.12668E-06   -0.20241E-05   -0.10795E-03    0.19303E-02   -0.76349E-03   -0.48531E-03    0.49344E-03   -0.35547E-03    0.37323E-03   -0.41171E-03   -0.24510E-04   -0.56882E-03    0.44233E-03    0.83536E-03    0.31797E-03    0.25654E-03    0.43137E-03   -0.85694E-03    0.24104E-03    0.14876E-03   -0.86816E-03    0.10660E-04    0.91395E-03    0.23623E-03
   -0.17084E-02    0.69075E-02   -0.14892E-02   -0.51685E-01   -0.77705E-01   -0.10832E+00    0.51758E-03    0.27084E+04    0.38313E+02   -0.15397E+03    0.11878E+03    0.10701E+03   -0.73369E+02   -0.99169E+00   -0.18252E+00    0.14208E+01    0.84862E-03   -0.11028E-02   -0.70707E+00   -0.20183E+02    0.10571E+02   -0.96756E+01    0.63970E+00   -0.31697E+00   -0.52000E+00   -0.15088E+00   -0.45553E+01    0.30466E+00   -0.14968E+00   -0.11545E+01    0.13401E+01    0.64145E-01   -0.16117E+01   -0.11999E+01   -0.33401E+01    0.99073E+00   -0.51706E+00   -0.27021E+01   -0.41002E+00    0.34575E+01
   -0.62483E-03    0.34182E-02   -0.58261E-03   -0.72001E-02   -0.48278E-02    0.28718E-02   -0.35004E-02    0.38313E+02    0.19759E+03    0.65327E+02   -0.37310E+02   -0.14078E+02   -0.88810E+01   -0.26924E+00   -0.18280E+00   -0.19933E+00    0.86022E-04    0.35098E-02    0.13777E+01   -0.13934E+02    0.12653E+01    0.29366E+00    0.29201E+00   -0.29086E-01    0.19675E+00   -0.16650E+01   -0.79962E+00    0.59257E-01   -0.32577E+00    0.25705E-01    0.12965E+01   -0.14417E+00    0.72527E+00   -0.28420E+00   -0.51183E+00   -0.23637E+00   -0.75328E+00    0.39416E-01   -0.66024E-01   -0.45458E-01
   -0.14156E-03    0.15914E-02   -0.35521E-03   -0.17575E-03    0.10224E-01    0.13717E-01    0.32079E-02   -0.15397E+03    0.65327E+02    0.21539E+03   -0.33400E+02   -0.73965E+02    0.35503E+01   -0.79196E-01   -0.96499E+00   -0.10794E+01    0.42803E-04   -0.43066E-02    0.36913E+00   -0.11572E+02    0.14127E+01    0.11124E+01    0.48730E-01    0.31276E+00   -0.18348E-01    0.95484E+00    0.51977E+00   -0.10919E+00   -0.54989E+00    0.60762E+00   -0.13064E+01    0.66065E+00   -0.27021E+00    0.98346E+00    0.28621E+00   -0.68347E-01   -0.62887E-01    0.79933E+00   -0.27872E+00   -0.34702E+00
   -0.16401E-03    0.35319E-03   -0.45669E-04   -0.47324E-02   -0.87591E-02   -0.13303E-01   -0.59412E-02    0.11878E+03   -0.37310E+02   -0.33400E+02    0.26266E+02    0.17710E+02   -0.24250E+01    0.28327E-01    0.17059E+00    0.23492E+00   -0.84525E-04   -0.11426E-02   -0.14817E-01   -0.96471E+00   -0.89454E+00   -0.42276E+00   -0.39667E-01   -0.20132E-01   -0.60921E-01    0.83984E+00    0.19433E+00    0.41497E-01    0.11805E+00   -0.71594E-01   -0.42845E+00   -0.27112E-01   -0.31040E+00   -0.14643E-01    0.12061E+00    0.27658E+00    0.35802E+00   -0.14981E+00   -0.70994E-01    0.14269E+00
   -0.23697E-03    0.63170E-03   -0.89368E-04   -0.50495E-02   -0.10082E-01   -0.12497E-01   -0.71106E-02    0.10701E+03   -0.14078E+02   -0.73965E+02    0.17710E+02    0.34624E+02   -0.21937E+01    0.83502E-01    0.37350E+00    0.54911E+00   -0.23370E-04    0.17544E-02   -0.19366E+00   -0.11713E+01   -0.50140E+00   -0.51999E+00    0.11505E-01   -0.11601E+00   -0.12422E-01   -0.29562E+00   -0.17006E+00    0.35806E-01    0.28945E+00   -0.37818E+00    0.43899E+00   -0.43745E+00    0.49019E-01   -0.47547E+00   -0.18405E+00    0.19093E-01    0.60214E-01   -0.32060E+00    0.13161E+00    0.25894E+00
    0.47751E-04   -0.21031E-03    0.48633E-04   -0.73405E-03   -0.34655E-04   -0.31580E-02   -0.30272E-02   -0.73369E+02   -0.88810E+01    0.35503E+01   -0.24250E+01   -0.21937E+01    0.78855E+01    0.49405E-01    0.26974E+00   -0.13978E+00    0.11586E-04   -0.10226E-03   -0.35512E-01    0.11665E+00    0.17424E+00    0.97696E-01    0.22907E-01   -0.16181E-01   -0.36790E-01   -0.81662E-01    0.36997E-01   -0.36688E-01   -0.74660E-01   -0.32857E-01   -0.92230E-01   -0.29268E-02    0.27985E-01    0.84501E-02    0.11869E+00   -0.11634E+00   -0.32695E-01   -0.70587E-02    0.20528E-02   -0.72564E-01
   -0.10287E-07    0.65042E-05    0.43891E-06    0.33416E-04    0.36116E-04    0.10618E-03    0.39428E-04   -0.99169E+00   -0.26924E+00   -0.79196E-01    0.28327E-01    0.83502E-01    0.49405E-01    0.76966E-02   -0.56154E-02    0.75993E-02    0.69989E-07   -0.24291E-04    0.29742E-02   -0.14427E-01    0.78608E-02    0.35595E-02   -0.16022E-02   -0.12523E-02   -0.44793E-03    0.71061E-02   -0.35241E-03   -0.29889E-03   -0.77863E-03   -0.27574E-02   -0.97190E-02   -0.15422E-02   -0.11510E-02   -0.24805E-02   -0.25989E-02   -0.10512E-02    0.10639E-02   -0.50231E-02   -0.37380E-02   -0.18883E-02
   -0.17791E-05   -0.22146E-04    0.44094E-05   -0.12493E-03   -0.22358E-03   -0.48100E-03   -0.30010E-03   -0.18252E+00   -0.18280E+00   -0.96499E+00    0.17059E+00    0.37350E+00    0.26974E+00   -0.56154E-02    0.44090E-01   -0.11788E-01   -0.62427E-06    0.77377E-04    0.20746E-02   -0.10492E-01   -0.22663E-01   -0.71434E-02    0.36568E-02    0.37184E-02    0.23265E-02   -0.25766E-01   -0.96151E-02    0.30683E-03   -0.36132E-02   -0.93723E-03    0.34147E-01   -0.33392E-02    0.64130E-02    0.34575E-02    0.66105E-02    0.47067E-02   -0.67040E-02   -0.14851E-02    0.27884E-02   -0.33573E-02
   -0.31328E-05    0.19782E-04   -0.25375E-05    0.88535E-07   -0.43444E-04    0.71214E-04    0.93960E-04    0.14208E+01   -0.19933E+00   -0.10794E+01    0.23492E+00    0.54911E+00   -0.13978E+00    0.75993E-02   -0.11788E-01    0.21783E-01   -0.24808E-06   -0.16214E-04   -0.25462E-02   -0.10785E-01    0.65397E-02   -0.91476E-02   -0.37610E-02   -0.60552E-02   -0.15156E-02    0.63440E-02    0.33563E-02   -0.30115E-02    0.14394E-01   -0.12528E-01   -0.11519E-01   -0.17533E-01    0.54737E-03   -0.16307E-01   -0.13354E-01   -0.44091E-02    0.18031E-02   -0.39235E-02    0.60635E-02    0.13916E-01
    0.23689E-08   -0.16851E-07   -0.79565E-09    0.33319E-07   -0.57106E-07    0.14080E-06    0.12668E-06    0.84862E-03    0.86022E-04    0.42803E-04   -0.84525E-04   -0.23370E-04    0.11586E-04    0.69989E-07   -0.62427E-06   -0.24808E-06    0.15597E-06    0.17435E-07   -0.27247E-05    0.52805E-06   -0.25385E-04   -0.12119E-04   -0.35714E-06    0.60028E-05   -0.67663E-06    0.84519E-05   -0.76829E-05    0.60523E-05    0.63530E-05    0.28523E-05    0.88878E-05    0.29185E-06    0.36113E-05    0.27964E-05    0.10214E-05    0.11512E-04    0.38368E-05   -0.42419E-05   -0.37210E-05    0.11724E-04
   -0.11020E-07    0.76815E-07   -0.49615E-08   -0.12308E-06   -0.18081E-06    0.17123E-06   -0.20241E-05   -0.11028E-02    0.35098E-02   -0.43066E-02   -0.11426E-02    0.17544E-02   -0.10226E-03   -0.24291E-04    0.77377E-04   -0.16214E-04    0.17435E-07    0.16713E-05    0.50782E-05   -0.57382E-04    0.10221E-03    0.17288E-04    0.68951E-05   -0.21375E-04    0.22430E-04    0.21934E-03   -0.12247E-04   -0.31758E-05    0.24742E-04    0.30936E-04   -0.20618E-03   -0.44615E-05   -0.37878E-04    0.55075E-05   -0.37146E-04    0.30279E-04    0.15337E-04   -0.29217E-04   -0.42799E-04    0.49452E-04
    0.22574E-06    0.10455E-04   -0.11402E-05    0.10733E-03    0.62842E-04    0.28260E-03   -0.10795E-03   -0.70707E+00    0.13777E+01    0.36913E+00   -0.14817E-01   -0.19366E+00   -0.35512E-01    0.29742E-02    0.20746E-02   -0.25462E-02   -0.27247E-05    0.50782E-05    0.81923E-01    0.49022E-02    0.59603E-02    0.32542E-03    0.23308E-02   -0.87347E-02    0.31084E-02    0.29263E-02   -0.49977E-02    0.99001E-03   -0.21487E-02   -0.65799E-03   -0.88154E-03   -0.36451E-02    0.27194E-02   -0.16038E-02   -0.75745E-02    0.26306E-02   -0.19394E-02   -0.30858E-02   -0.59012E-02   -0.11352E-02
   -0.68736E-05    0.47586E-04    0.37438E-04   -0.13125E-02   -0.27294E-02   -0.41067E-02    0.19303E-02   -0.20183E+02   -0.13934E+02   -0.11572E+02   -0.96471E+00   -0.11713E+01    0.11665E+00   -0.14427E-01   -0.10492E-01   -0.10785E-01    0.52805E-06   -0.57382E-04    0.49022E-02    0.80925E+01   -0.41104E-01   -0.21901E-02   -0.46174E-01   -0.30980E-01   -0.41974E-02   -0.23909E-01   -0.15015E-01   -0.41485E-01    0.95851E-01    0.33375E-01    0.11141E-01    0.17194E-02    0.34393E-01    0.14223E-01   -0.39329E-01   -0.40515E-02   -0.24908E-01   -0.80130E-02    0.81870E-01    0.35611E-01
   -0.12143E-04    0.13383E-03   -0.20521E-04   -0.39463E-03   -0.18668E-03    0.16128E-03   -0.76349E-03    0.10571E+02    0.12653E+01    0.14127E+01   -0.89454E+00   -0.50140E+00    0.17424E+00    0.78608E-02   -0.22663E-01    0.65397E-02   -0.25385E-04    0.10221E-03    0.59603E-02   -0.41104E-01    0.69938E+00   -0.13239E+00   -0.17708E-02   -0.95302E-02   -0.11380E-01    0.18080E+00   -0.40472E-01   -0.31891E-01   -0.58492E-02   -0.63978E-01    0.68389E-02    0.27084E-01   -0.42701E-01   -0.50882E-01   -0.13475E+00    0.14444E+00    0.34055E-01   -0.30559E-02    0.20958E-01    0.78649E-01
   -0.49542E-05    0.13863E-04    0.60188E-05   -0.34665E-03    0.91499E-05   -0.50491E-03   -0.48531E-03   -0.96756E+01    0.29366E+00    0.11124E+01   -0.42276E+00   -0.51999E+00    0.97696E-01    0.35595E-02   -0.71434E-02   -0.91476E-02   -0.12119E-04    0.17288E-04    0.32542E-03   -0.21901E-02   -0.13239E+00    0.92157E+00   -0.15754E-01    0.42406E-02    0.19982E-01   -0.14183E+00    0.19085E+00    0.57687E-01   -0.75118E-02    0.21695E-01   -0.13153E+00    0.14250E-01    0.27935E-01    0.30248E-01    0.16574E+00   -0.23017E+00    0.55099E-01    0.97320E-01    0.20251E-01   -0.21120E+00
   -0.43837E-05   -0.35785E-05   -0.10054E-04    0.27038E-03   -0.20750E-03    0.55093E-03    0.49344E-03    0.63970E+00    0.29201E+00    0.48730E-01   -0.39667E-01    0.11505E-01    0.22907E-01   -0.16022E-02    0.36568E-02   -0.37610E-02   -0.35714E-06    0.68951E-05    0.23308E-02   -0.46174E-01   -0.17708E-02   -0.15754E-01    0.99753E+00   -0.18834E-01    0.11330E-01   -0.47941E-01   -0.49295E-01    0.15735E+00   -0.30549E-01    0.79044E-01   -0.16145E-01    0.42411E-01   -0.30793E-01    0.68324E-02    0.12703E+00   -0.57380E-01    0.11693E-01    0.25614E-02   -0.19580E+00    0.93717E-01
   -0.36714E-05    0.14722E-04   -0.36205E-05    0.70820E-04    0.27642E-04    0.18793E-03   -0.35547E-03   -0.31697E+00   -0.29086E-01    0.31276E+00   -0.20132E-01   -0.11601E+00   -0.16181E-01   -0.12523E-02    0.37184E-02   -0.60552E-02    0.60028E-05   -0.21375E-04   -0.87347E-02   -0.30980E-01   -0.95302E-02    0.42406E-02   -0.18834E-01    0.10046E+01    0.12105E-01    0.64906E-01   -0.84479E-01    0.77681E-01   -0.88188E-01    0.57215E-01    0.79448E-01    0.10523E+00    0.47409E-01    0.14408E+00   -0.10227E+00    0.99844E-01    0.43473E-01   -0.71004E-02   -0.11641E+00    0.56974E-01
    0.52720E-05    0.32168E-04    0.15134E-04    0.39783E-03    0.62369E-04    0.89724E-03    0.37323E-03   -0.52000E+00    0.19675E+00   -0.18348E-01   -0.60921E-01   -0.12422E-01   -0.36790E-01   -0.44793E-03    0.23265E-02   -0.15156E-02   -0.67663E-06    0.22430E-04    0.31084E-02   -0.41974E-02   -0.11380E-01    0.19982E-01    0.11330E-01    0.12105E-01    0.97162E+00    0.25651E-01    0.49746E-01   -0.42299E-01    0.36539E-01    0.82898E-01    0.77911E-01   -0.79170E-01   -0.87749E-01    0.63837E-01    0.59414E-01    0.96647E-01   -0.81626E-01    0.89496E-01   -0.24573E-01   -0.48626E-03
    0.23821E-05    0.47829E-04    0.45218E-05   -0.18748E-04    0.18507E-03    0.38379E-03   -0.41171E-03   -0.15088E+00   -0.16650E+01    0.95484E+00    0.83984E+00   -0.29562E+00   -0.81662E-01    0.71061E-02   -0.25766E-01    0.63440E-02    0.84519E-05    0.21934E-03    0.29263E-02   -0.23909E-01    0.18080E+00   -0.14183E+00   -0.47941E-01    0.64906E-01    0.25651E-01    0.88158E+00   -0.55118E-02    0.10749E-01   -0.14775E-01   -0.29186E-01    0.23344E-01    0.13325E+00   -0.10200E+00    0.26423E-01   -0.84769E-01    0.65744E+00    0.27774E+00   -0.49138E-01   -0.53912E-01    0.78347E-01
   -0.31073E-06   -0.65228E-04    0.16922E-04    0.16484E-03    0.29206E-03    0.21141E-03   -0.24510E-04   -0.45553E+01   -0.79962E+00    0.51977E+00    0.19433E+00   -0.17006E+00    0.36997E-01   -0.35241E-03   -0.96151E-02    0.33563E-02   -0.76829E-05   -0.12247E-04   -0.49977E-02   -0.15015E-01   -0.40472E-01    0.19085E+00   -0.49295E-01   -0.84479E-01    0.49746E-01   -0.55118E-02    0.96785E+00    0.32545E-01   -0.13821E-01   -0.22120E-01    0.25533E-01   -0.11037E-01   -0.49926E-01   -0.34777E-02    0.15260E+00   -0.98471E-01    0.28168E+00    0.73963E+00    0.27351E+00   -0.20663E+00
    0.21844E-05    0.61290E-05    0.99281E-05    0.87857E-05   -0.54192E-04    0.92897E-04   -0.56882E-03    0.30466E+00    0.59257E-01   -0.10919E+00    0.41497E-01    0.35806E-01   -0.36688E-01   -0.29889E-03    0.30683E-03   -0.30115E-02    0.60523E-05   -0.31758E-05    0.99001E-03   -0.41485E-01   -0.31891E-01    0.57687E-01    0.15735E+00    0.77681E-01   -0.42299E-01    0.10749E-01    0.32545E-01    0.97624E+00   -0.87202E-02   -0.25217E-01    0.78713E-01   -0.50089E-01    0.12953E+00    0.15397E+00   -0.15384E+00   -0.18649E+00    0.64224E+00    0.15588E+00   -0.59451E+00    0.17437E+00
    0.14405E-05    0.33423E-04    0.23813E-06    0.26772E-04   -0.64234E-04    0.14558E-03    0.44233E-03   -0.14968E+00   -0.32577E+00   -0.54989E+00    0.11805E+00    0.28945E+00   -0.74660E-01   -0.77863E-03   -0.36132E-02    0.14394E-01    0.63530E-05    0.24742E-04   -0.21487E-02    0.95851E-01   -0.58492E-02   -0.75118E-02   -0.30549E-01   -0.88188E-01    0.36539E-01   -0.14775E-01   -0.13821E-01   -0.87202E-02    0.10054E+01   -0.10060E-01   -0.20683E-01   -0.11353E+00   -0.13798E+00   -0.27628E-01   -0.10089E+00   -0.73070E-01    0.63313E-01   -0.60180E-01    0.30350E+00    0.68076E+00
    0.21592E-05   -0.15498E-04   -0.34512E-05    0.26421E-03    0.10320E-03    0.39945E-03    0.83536E-03   -0.11545E+01    0.25705E-01    0.60762E+00   -0.71594E-01   -0.37818E+00   -0.32857E-01   -0.27574E-02   -0.93723E-03   -0.12528E-01    0.28523E-05    0.30936E-04   -0.65799E-03    0.33375E-01   -0.63978E-01    0.21695E-01    0.79044E-01    0.57215E-01    0.82898E-01   -0.29186E-01   -0.22120E-01   -0.25217E-01   -0.10060E-01    0.97165E+00   -0.86624E-01    0.77313E-01    0.25244E-01    0.16896E+00   -0.43064E-02    0.92229E-01   -0.57854E+00    0.35546E+00   -0.33458E+00    0.21576E+00
    0.60401E-06   -0.57854E-04    0.44209E-05    0.51781E-04    0.15084E-04   -0.14783E-04    0.31797E-03    0.13401E+01    0.12965E+01   -0.13064E+01   -0.42845E+00    0.43899E+00   -0.92230E-01   -0.97190E-02    0.34147E-01   -0.11519E-01    0.88878E-05   -0.20618E-03   -0.88154E-03    0.11141E-01    0.68389E-02   -0.13153E+00   -0.16145E-01    0.79448E-01    0.77911E-01    0.23344E-01    0.25533E-01    0.78713E-01   -0.20683E-01   -0.86624E-01    0.91615E+00   -0.43326E-01   -0.13262E-01   -0.73684E-02   -0.81383E-02    0.59564E+00    0.16986E+00    0.99777E-01    0.59119E-01   -0.83326E-01
    0.29150E-05   -0.10120E-03    0.11155E-04   -0.25633E-03    0.17497E-03   -0.70807E-03    0.25654E-03    0.64145E-01   -0.14417E+00    0.66065E+00   -0.27112E-01   -0.43745E+00   -0.29268E-02   -0.15422E-02   -0.33392E-02   -0.17533E-01    0.29185E-06   -0.44615E-05   -0.36451E-02    0.17194E-02    0.27084E-01    0.14250E-01    0.42411E-01    0.10523E+00   -0.79170E-01    0.13325E+00   -0.11037E-01   -0.50089E-01   -0.11353E+00    0.77313E-01   -0.43326E-01    0.98062E+00   -0.13614E-02   -0.31075E-01   -0.77928E-02    0.77882E-01    0.15541E+00   -0.20005E-01    0.13511E+00    0.14008E+00
    0.33864E-05   -0.86746E-04    0.16066E-04   -0.75273E-04    0.23578E-03   -0.39114E-03    0.43137E-03   -0.16117E+01    0.72527E+00   -0.27021E+00   -0.31040E+00    0.49019E-01    0.27985E-01   -0.11510E-02    0.64130E-02    0.54737E-03    0.36113E-05   -0.37878E-04    0.27194E-02    0.34393E-01   -0.42701E-01    0.27935E-01   -0.30793E-01    0.47409E-01   -0.87749E-01   -0.10200E+00   -0.49926E-01    0.12953E+00   -0.13798E+00    0.25244E-01   -0.13262E-01   -0.13614E-02    0.97417E+00   -0.11009E-01    0.36592E-02   -0.12354E+00    0.43543E-01    0.15176E+00    0.44246E-01   -0.62121E-01
    0.17585E-06    0.12840E-04    0.93007E-05    0.17719E-03   -0.63294E-04    0.41028E-03   -0.85694E-03   -0.11999E+01   -0.28420E+00    0.98346E+00   -0.14643E-01   -0.47547E+00    0.84501E-02   -0.24805E-02    0.34575E-02   -0.16307E-01    0.27964E-05    0.55075E-05   -0.16038E-02    0.14223E-01   -0.50882E-01    0.30248E-01    0.68324E-02    0.14408E+00    0.63837E-01    0.26423E-01   -0.34777E-02    0.15397E+00   -0.27628E-01    0.16896E+00   -0.73684E-02   -0.31075E-01   -0.11009E-01    0.98001E+00   -0.17394E-01    0.63576E-03    0.20746E-01    0.14002E+00   -0.27735E+00    0.12168E+00
    0.33367E-05   -0.13194E-03    0.18784E-04   -0.26847E-03    0.20622E-03   -0.99951E-03    0.24104E-03   -0.33401E+01   -0.51183E+00    0.28621E+00    0.12061E+00   -0.18405E+00    0.11869E+00   -0.25989E-02    0.66105E-02   -0.13354E-01    0.10214E-05   -0.37146E-04   -0.75745E-02   -0.39329E-01   -0.13475E+00    0.16574E+00    0.12703E+00   -0.10227E+00    0.59414E-01   -0.84769E-01    0.15260E+00   -0.15384E+00   -0.10089E+00   -0.43064E-02   -0.81383E-02   -0.77928E-02    0.36592E-02   -0.17394E-01    0.99544E+00   -0.59139E-01   -0.53962E-01    0.10673E-01    0.20091E+00   -0.11232E+00
    0.17420E-05    0.77867E-05    0.17918E-05    0.50404E-04    0.14021E-03    0.33188E-03    0.14876E-03    0.99073E+00   -0.23637E+00   -0.68347E-01    0.27658E+00    0.19093E-01   -0.11634E+00   -0.10512E-02    0.47067E-02   -0.44091E-02    0.11512E-04    0.30279E-04    0.26306E-02   -0.40515E-02    0.14444E+00   -0.23017E+00   -0.57380E-01    0.99844E-01    0.96647E-01    0.65744E+00   -0.98471E-01   -0.18649E+00   -0.73070E-01    0.92229E-01    0.59564E+00    0.77882E-01   -0.12354E+00    0.63576E-03   -0.59139E-01    0.96796E+00    0.14109E-02   -0.10631E-01    0.60217E-02   -0.13885E-01
    0.19046E-05   -0.33768E-04    0.16061E-04   -0.14258E-03    0.68404E-04   -0.20553E-03   -0.86816E-03   -0.51706E+00   -0.75328E+00   -0.62887E-01    0.35802E+00    0.60214E-01   -0.32695E-01    0.10639E-02   -0.67040E-02    0.18031E-02    0.38368E-05    0.15337E-04   -0.19394E-02   -0.24908E-01    0.34055E-01    0.55099E-01    0.11693E-01    0.43473E-01   -0.81626E-01    0.27774E+00    0.28168E+00    0.64224E+00    0.63313E-01   -0.57854E+00    0.16986E+00    0.15541E+00    0.43543E-01    0.20746E-01   -0.53962E-01    0.14109E-02    0.10182E+01    0.19947E-01    0.51995E-02   -0.17567E-01
   -0.24308E-05   -0.25253E-04    0.76602E-05    0.28062E-03    0.21131E-03    0.55053E-03    0.10660E-04   -0.27021E+01    0.39416E-01    0.79933E+00   -0.14981E+00   -0.32060E+00   -0.70587E-02   -0.50231E-02   -0.14851E-02   -0.39235E-02   -0.42419E-05   -0.29217E-04   -0.30858E-02   -0.80130E-02   -0.30559E-02    0.97320E-01    0.25614E-02   -0.71004E-02    0.89496E-01   -0.49138E-01    0.73963E+00    0.15588E+00   -0.60180E-01    0.35546E+00    0.99777E-01   -0.20005E-01    0.15176E+00    0.14002E+00    0.10673E-01   -0.10631E-01    0.19947E-01    0.94498E+00   -0.23325E-01   -0.16686E-01
   -0.60515E-06   -0.64461E-04   -0.31469E-05   -0.12850E-03    0.10628E-03   -0.43767E-03    0.91395E-03   -0.41002E+00   -0.66024E-01   -0.27872E+00   -0.70994E-01    0.13161E+00    0.20528E-02   -0.37380E-02    0.27884E-02    0.60635E-02   -0.37210E-05   -0.42799E-04   -0.59012E-02    0.81870E-01    0.20958E-01    0.20251E-01   -0.19580E+00   -0.11641E+00   -0.24573E-01   -0.53912E-01    0.27351E+00   -0.59451E+00    0.30350E+00   -0.33458E+00    0.59119E-01    0.13511E+00    0.44246E-01   -0.27735E+00    0.20091E+00    0.60217E-02    0.51995E-02   -0.23325E-01    0.96263E+00   -0.74237E-02
    0.99679E-06    0.32883E-04   -0.20239E-05    0.29843E-04   -0.75464E-04    0.18195E-03    0.23623E-03    0.34575E+01   -0.45458E-01   -0.34702E+00    0.14269E+00    0.25894E+00   -0.72564E-01   -0.18883E-02   -0.33573E-02    0.13916E-01    0.11724E-04    0.49452E-04   -0.11352E-02    0.35611E-01    0.78649E-01   -0.21120E+00    0.93717E-01    0.56974E-01   -0.48626E-03    0.78347E-01   -0.20663E+00    0.17437E+00    0.68076E+00    0.21576E+00   -0.83326E-01    0.14008E+00   -0.62121E-01    0.12168E+00   -0.11232E+00   -0.13885E-01   -0.17567E-01   -0.16686E-01   -0.74237E-02    0.99560E+00
