# omegabh2 omegach2 theta tau omegak ns logA aps100 aps143 aps217 acib143 acib217 asz143 psr cibr cal0 cal2 xi aksz bm_1_1
9.887000E-08 -5.369600E-07 1.019700E-07 8.071600E-07 -3.552300E-06 1.500400E-06 5.899400E-07 -1.093700E-03 -6.831500E-04 -5.126900E-04 -1.645200E-04 -1.963600E-04 -2.718900E-05 -1.933100E-07 -4.847900E-06 -2.447000E-10 3.892000E-09 1.346000E-06 -7.866470E-05 -2.375400E-05
-5.369600E-07 7.709300E-06 -8.528800E-07 -9.810300E-06 2.404100E-05 -1.785500E-05 -1.750500E-06 7.155900E-03 4.613100E-03 4.124700E-03 4.903500E-04 6.413500E-04 1.766367E-04 1.093900E-06 2.190000E-05 -1.199100E-08 -2.553400E-08 -1.075800E-06 -3.029300E-05 1.906500E-04
1.019700E-07 -8.528800E-07 4.300600E-07 1.361100E-06 -3.916200E-06 2.521100E-06 1.158700E-06 -6.758700E-05 -5.308900E-04 -4.810100E-04 -3.339700E-05 -8.622800E-05 -5.938407E-05 -2.143700E-07 -4.784400E-06 4.654100E-09 1.095500E-08 2.771900E-06 -6.422066E-05 -1.385700E-05
8.071600E-07 -9.810300E-06 1.361100E-06 2.098500E-04 8.561100E-05 3.214800E-05 3.941100E-04 -9.716800E-03 -6.327600E-03 -2.233100E-03 -1.447500E-03 -3.257200E-03 -1.259909E-03 4.446800E-06 -1.724600E-04 3.859900E-08 -1.742300E-07 -3.049000E-05 -1.129996E-03 -6.883500E-04
-3.552300E-06 2.404100E-05 -3.916200E-06 8.561100E-05 7.226200E-04 -6.506200E-05 2.132200E-04 4.338900E-02 2.582500E-02 9.976600E-03 1.061500E-02 1.819500E-02 4.840603E-03 1.303100E-05 4.680200E-04 2.119200E-08 -3.258700E-07 1.701000E-05 7.294633E-03 7.221900E-04
1.500400E-06 -1.785500E-05 2.521100E-06 3.214800E-05 -6.506200E-05 5.894400E-05 2.170900E-05 -3.091000E-02 -7.536500E-03 -1.752700E-03 -5.918300E-03 -7.731500E-03 -2.021226E-03 -9.414000E-07 -2.254800E-04 -3.601300E-08 2.264000E-07 1.208100E-05 -3.108904E-03 -6.485500E-04
5.899400E-07 -1.750500E-06 1.158700E-06 3.941100E-04 2.132200E-04 2.170900E-05 7.855000E-04 1.058000E-02 5.526000E-03 1.427500E-02 -3.782700E-03 -9.534000E-03 -4.949952E-03 1.393400E-05 -4.697800E-04 9.149400E-08 -1.607900E-07 -3.217400E-06 -4.185317E-03 -6.349700E-04
-1.093700E-03 7.155900E-03 -6.758700E-05 -9.716800E-03 4.338900E-02 -3.091000E-02 1.058000E-02 2.616500E+03 1.963300E+02 1.051100E+02 9.541200E+01 -2.543900E+01 -1.258087E+02 5.532900E-02 -5.294400E+00 1.076200E-03 4.721600E-03 2.666300E+00 -1.086039E+01 1.139400E+01
-6.831500E-04 4.613100E-03 -5.308900E-04 -6.327600E-03 2.582500E-02 -7.536500E-03 5.526000E-03 1.963300E+02 1.513800E+02 1.047400E+02 -2.669600E+01 -3.313700E+01 -2.053743E+01 3.305500E-02 -1.283400E+00 2.149800E-05 7.671800E-04 4.694600E-01 -1.121995E+01 5.144000E-01
-5.126900E-04 4.124700E-03 -4.810100E-04 -2.233100E-03 9.976600E-03 -1.752700E-03 1.427500E-02 1.051100E+02 1.047400E+02 1.898100E+02 -2.289700E+01 -6.950300E+01 -1.409448E+01 4.530700E-02 -1.793300E+00 1.044100E-04 -3.881900E-03 3.740000E-01 -1.219392E+01 6.358200E-01
-1.645200E-04 4.903500E-04 -3.339700E-05 -1.447500E-03 1.061500E-02 -5.918300E-03 -3.782700E-03 9.541200E+01 -2.669600E+01 -2.289700E+01 2.831300E+01 1.326700E+01 -5.552329E+00 -6.119700E-03 -2.061300E-02 -7.242800E-05 -3.745200E-04 2.660300E-01 -3.721264E-01 -7.691800E-01
-1.963600E-04 6.413500E-04 -8.622800E-05 -3.257200E-03 1.819500E-02 -7.731500E-03 -9.534000E-03 -2.543900E+01 -3.313700E+01 -6.950300E+01 1.326700E+01 3.590500E+01 7.769520E+00 -1.692500E-02 9.447700E-01 -5.093500E-05 2.046400E-03 -1.937900E-01 -3.564112E-01 -1.422800E-01
-2.718900E-05 1.766367E-04 -5.938407E-05 -1.259909E-03 4.840603E-03 -2.021226E-03 -4.949952E-03 -1.258087E+02 -2.053743E+01 -1.409448E+01 -5.552329E+00 7.769520E+00 1.456439E+01 -6.426160E-03 6.811759E-01 3.857039E-05 -7.317737E-04 -3.062822E-01 -3.292027E-01 4.604352E-01
-1.933100E-07 1.093900E-06 -2.143700E-07 4.446800E-06 1.303100E-05 -9.414000E-07 1.393400E-05 5.532900E-02 3.305500E-02 4.530700E-02 -6.119700E-03 -1.692500E-02 -6.426160E-03 1.801500E-04 -6.296200E-04 1.084800E-07 -4.937200E-07 1.154000E-04 -3.056246E-03 -4.586000E-05
-4.847900E-06 2.190000E-05 -4.784400E-06 -1.724600E-04 4.680200E-04 -2.254800E-04 -4.697800E-04 -5.294400E+00 -1.283400E+00 -1.793300E+00 -2.061300E-02 9.447700E-01 6.811759E-01 -6.296200E-04 5.370000E-02 1.168200E-06 2.146600E-05 -1.174500E-02 -1.506792E-02 2.000400E-02
-2.447000E-10 -1.199100E-08 4.654100E-09 3.859900E-08 2.119200E-08 -3.601300E-08 9.149400E-08 1.076200E-03 2.149800E-05 1.044100E-04 -7.242800E-05 -5.093500E-05 3.857039E-05 1.084800E-07 1.168200E-06 1.541700E-07 -3.575200E-09 7.273200E-07 1.504447E-05 -2.581900E-05
3.892000E-09 -2.553400E-08 1.095500E-08 -1.742300E-07 -3.258700E-07 2.264000E-07 -1.607900E-07 4.721600E-03 7.671800E-04 -3.881900E-03 -3.745200E-04 2.046400E-03 -7.317737E-04 -4.937200E-07 2.146600E-05 -3.575200E-09 9.400300E-07 1.058800E-07 4.458071E-05 9.687500E-06
1.346000E-06 -1.075800E-06 2.771900E-06 -3.049000E-05 1.701000E-05 1.208100E-05 -3.217400E-06 2.666300E+00 4.694600E-01 3.740000E-01 2.660300E-01 -1.937900E-01 -3.062822E-01 1.154000E-04 -1.174500E-02 7.273200E-07 1.058800E-07 3.020200E-02 1.795200E-02 -1.262300E-02
-7.866470E-05 -3.029300E-05 -6.422066E-05 -1.129996E-03 7.294633E-03 -3.108904E-03 -4.185317E-03 -1.086039E+01 -1.121995E+01 -1.219392E+01 -3.721264E-01 -3.564112E-01 -3.292027E-01 -3.056246E-03 -1.506792E-02 1.504447E-05 4.458071E-05 1.795200E-02 7.747191E+00 -6.591355E-02
-2.375400E-05 1.906500E-04 -1.385700E-05 -6.883500E-04 7.221900E-04 -6.485500E-04 -6.349700E-04 1.139400E+01 5.144000E-01 6.358200E-01 -7.691800E-01 -1.422800E-01 4.604352E-01 -4.586000E-05 2.000400E-02 -2.581900E-05 9.687500E-06 -1.262300E-02 -6.591355E-02 6.079500E-01
