# omegabh2 omegach2 theta tau logA ns calPlanck aps100 aps143 aps217 acib217 asz143 psr cibr xi aksz dust100 dust143 dust217 dust143x217 cal0 cal2
  4.7519540E-08  -2.3544913E-07   4.4941110E-08   4.0245503E-07   4.4058844E-07   6.5510926E-07   3.7290472E-08  -6.8236199E-04  -5.2820129E-04   1.0952693E-04  -2.2865806E-04   2.9065500E-05   1.4281196E-06  -4.2525065E-06   1.5464282E-06  -4.5301969E-05   9.0007025E-07  -3.6424263E-07   1.3249009E-06   9.3539593E-08   8.5011283E-09  -1.1754838E-08
 -2.3544913E-07   4.4252947E-06  -4.3930024E-07  -4.3725200E-06   1.0678638E-06  -9.9522504E-06  -3.4525807E-07   1.3586050E-03   2.0482629E-03   6.3182505E-04   4.1198207E-04  -5.1824318E-05   1.8819779E-06   7.5371750E-06   4.2926623E-06  -1.4282691E-05  -8.3372691E-06  -1.7553728E-06  -3.5651949E-06  -2.4312952E-06  -5.8201321E-08   1.7923949E-08
  4.4941110E-08  -4.3930024E-07   2.2668266E-07   6.2838026E-07   4.8304257E-07   1.2418145E-06   3.3567486E-08  -1.5903541E-04  -2.3112917E-04  -8.4371174E-05  -3.3712982E-05   2.0943363E-05  -2.7726916E-07   6.8317983E-08  -1.6718688E-06  -2.1447467E-05   1.4911982E-06  -1.7898443E-07   5.5248950E-07   1.7435872E-07   1.3740236E-08  -1.1931940E-09
  4.0245503E-07  -4.3725200E-06   6.2838026E-07   6.3305088E-05   1.1659349E-04   1.3016626E-05   1.0499766E-07  -1.1656446E-02  -6.1861239E-03   1.2380112E-03  -2.7791508E-03   1.9042773E-04   7.8781768E-06  -3.3288467E-05   5.1582937E-05  -5.0449632E-04   1.7406434E-05  -7.6312673E-06   7.0604540E-06  -1.9260455E-05   6.2954586E-09  -2.2499526E-07
  4.4058844E-07   1.0678638E-06   4.8304257E-07   1.1659349E-04   2.6574378E-04   2.0406931E-06   1.2487472E-05  -1.6229080E-02  -7.1670457E-03   1.2426563E-02  -6.5729894E-03   2.6034794E-04   4.3608690E-05  -1.1294715E-04   1.6098193E-04  -1.8989171E-03  -1.5942522E-05  -1.4484526E-04   3.7772994E-05  -6.6366656E-05   6.8294201E-07  -2.8141732E-07
  6.5510926E-07  -9.9522504E-06   1.2418145E-06   1.3016626E-05   2.0406931E-06   3.3739249E-05   7.1137780E-07  -2.7247396E-02  -1.1556343E-02   7.7001647E-03  -6.9513766E-03   7.7005980E-04   6.4623829E-05  -1.1870009E-04   5.9942879E-05  -2.0731985E-03   5.0309588E-05  -1.8438638E-05   3.4449132E-05  -4.6189429E-06  -2.2124231E-07  -4.5541536E-07
  3.7290472E-08  -3.4525807E-07   3.3567486E-08   1.0499766E-07   1.2487472E-05   7.1137780E-07   6.4317387E-06   2.6639197E-03   2.1460256E-05   1.2600984E-03   4.1898354E-04  -4.0964246E-05  -4.1359127E-06   6.0375336E-07   2.5334624E-06   7.6798024E-05  -3.1529750E-06  -1.0916537E-05   8.2583725E-06  -6.4238109E-06   5.1544368E-08   5.4754916E-08
 -6.8236199E-04   1.3586050E-03  -1.5903541E-04  -1.1656446E-02  -1.6229080E-02  -2.7247396E-02   2.6639197E-03   6.2332515E+02   6.1932266E+01  -5.4460537E+01   3.0381117E+01  -2.5855163E+01  -8.6593398E-01  -1.6537248E-01  -2.8648434E-01   1.2189081E+01  -1.1870143E-01   2.5482733E-01  -2.5267728E-01  -2.0160277E-01   7.1310335E-03   2.9001362E-03
 -5.2820129E-04   2.0482629E-03  -2.3112917E-04  -6.1861239E-03  -7.1670457E-03  -1.1556343E-02   2.1460256E-05   6.1932266E+01   7.0062980E+01   8.9563276E+00   7.4444313E+00  -5.8881489E-01  -1.5871457E-02   4.7132626E-01   8.5204283E-01  -8.1559433E+00  -3.6944319E-02  -2.4048842E-01   5.2603744E-02   6.1169936E-02   8.3501091E-04   8.8399615E-04
  1.0952693E-04   6.3182505E-04  -8.4371174E-05   1.2380112E-03   1.2426563E-02   7.7001647E-03   1.2600984E-03  -5.4460537E+01   8.9563276E+00   1.8117770E+02  -8.6610203E+01   2.2193053E+00   3.7774221E-01  -1.0906865E+00   4.2682492E-01  -6.9470452E+00   1.5498474E-02  -2.9290132E-01   5.6788733E-01   1.4671968E-02   1.7458770E-03  -7.9974272E-03
 -2.2865806E-04   4.1198207E-04  -3.3712982E-05  -2.7791508E-03  -6.5729894E-03  -6.9513766E-03   4.1898354E-04   3.0381117E+01   7.4444313E+00  -8.6610203E+01   5.4273499E+01   1.8423778E+00  -7.0145458E-02   7.5976708E-01  -3.1693994E-01  -2.8427522E+00  -2.0145129E-02   1.6873911E-01  -4.5935577E-01  -1.3370139E-01  -5.7268315E-04   3.3521358E-03
  2.9065500E-05  -5.1824318E-05   2.0943363E-05   1.9042773E-04   2.6034794E-04   7.7005980E-04  -4.0964246E-05  -2.5855163E+01  -5.8881489E-01   2.2193053E+00   1.8423778E+00   4.3580017E+00   9.9285622E-02   1.5792406E-01  -4.9919016E-02  -3.5871684E+00  -1.1878240E-02  -2.5031634E-03   9.0552551E-03   5.0981767E-02   4.2948935E-04  -1.8866208E-04
  1.4281196E-06   1.8819779E-06  -2.7726916E-07   7.8781768E-06   4.3608690E-05   6.4623829E-05  -4.1359127E-06  -8.6593398E-01  -1.5871457E-02   3.7774221E-01  -7.0145458E-02   9.9285622E-02   1.6387481E-02  -1.6694680E-02   1.2068527E-02  -1.0413209E-01  -4.2011511E-04  -1.3622315E-03  -2.4305934E-03   5.2684392E-03   1.6842395E-05  -3.5144957E-05
 -4.2525065E-06   7.5371750E-06   6.8317983E-08  -3.3288467E-05  -1.1294715E-04  -1.1870009E-04   6.0375336E-07  -1.6537248E-01   4.7132626E-01  -1.0906865E+00   7.5976708E-01   1.5792406E-01  -1.6694680E-02   6.6783211E-02   2.0705493E-03  -1.6146652E-01  -8.6909266E-05   6.9866097E-03  -3.7858745E-04  -1.7899885E-02  -9.5802836E-06   9.1866464E-05
  1.5464282E-06   4.2926623E-06  -1.6718688E-06   5.1582937E-05   1.6098193E-04   5.9942879E-05   2.5334624E-06  -2.8648434E-01   8.5204283E-01   4.2682492E-01  -3.1693994E-01  -4.9919016E-02   1.2068527E-02   2.0705493E-03   8.2744726E-02   4.4896453E-02  -4.4344856E-04  -3.1608618E-04   1.4779962E-03   1.1514840E-03   1.1166498E-05  -7.5536732E-06
 -4.5301969E-05  -1.4282691E-05  -2.1447467E-05  -5.0449632E-04  -1.8989171E-03  -2.0731985E-03   7.6798024E-05   1.2189081E+01  -8.1559433E+00  -6.9470452E+00  -2.8427522E+00  -3.5871684E+00  -1.0413209E-01  -1.6146652E-01   4.4896453E-02   7.4852736E+00   5.8753412E-03  -7.0527662E-04  -3.6131231E-03  -4.7090089E-02  -3.6742042E-04   4.6542025E-05
  9.0007025E-07  -8.3372691E-06   1.4911982E-06   1.7406434E-05  -1.5942522E-05   5.0309588E-05  -3.1529750E-06  -1.1870143E-01  -3.6944319E-02   1.5498474E-02  -2.0145129E-02  -1.1878240E-02  -4.2011511E-04  -8.6909266E-05  -4.4344856E-04   5.8753412E-03   3.8018348E-02   2.7175389E-03   2.7940986E-04   2.8426622E-04   3.3365994E-05  -2.6809716E-06
 -3.6424263E-07  -1.7553728E-06  -1.7898443E-07  -7.6312673E-06  -1.4484526E-04  -1.8438638E-05  -1.0916537E-05   2.5482733E-01  -2.4048842E-01  -2.9290132E-01   1.6873911E-01  -2.5031634E-03  -1.3622315E-03   6.9866097E-03  -3.1608618E-04  -7.0527662E-04   2.7175389E-03   3.1477555E-02  -7.1756530E-04   5.5047040E-03  -8.3310529E-05  -4.6072729E-05
  1.3249009E-06  -3.5651949E-06   5.5248950E-07   7.0604540E-06   3.7772994E-05   3.4449132E-05   8.2583725E-06  -2.5267728E-01   5.2603744E-02   5.6788733E-01  -4.5935577E-01   9.0552551E-03  -2.4305934E-03  -3.7858745E-04   1.4779962E-03  -3.6131231E-03   2.7940986E-04  -7.1756530E-04   1.0701236E-02   8.7091309E-03   4.3366406E-06   5.9886821E-05
  9.3539593E-08  -2.4312952E-06   1.7435872E-07  -1.9260455E-05  -6.6366656E-05  -4.6189429E-06  -6.4238109E-06  -2.0160277E-01   6.1169936E-02   1.4671968E-02  -1.3370139E-01   5.0981767E-02   5.2684392E-03  -1.7899885E-02   1.1514840E-03  -4.7090089E-02   2.8426622E-04   5.5047040E-03   8.7091309E-03   2.6917001E-02  -3.7655858E-06   5.6938719E-05
  8.5011283E-09  -5.8201321E-08   1.3740236E-08   6.2954586E-09   6.8294201E-07  -2.2124231E-07   5.1544368E-08   7.1310335E-03   8.3501091E-04   1.7458770E-03  -5.7268315E-04   4.2948935E-04   1.6842395E-05  -9.5802836E-06   1.1166498E-05  -3.6742042E-04   3.3365994E-05  -8.3310529E-05   4.3366406E-06  -3.7655858E-06   1.1249956E-06   7.3598486E-08
 -1.1754838E-08   1.7923949E-08  -1.1931940E-09  -2.2499526E-07  -2.8141732E-07  -4.5541536E-07   5.4754916E-08   2.9001362E-03   8.8399615E-04  -7.9974272E-03   3.3521358E-03  -1.8866208E-04  -3.5144957E-05   9.1866464E-05  -7.5536732E-06   4.6542025E-05  -2.6809716E-06  -4.6072729E-05   5.9886821E-05   5.6938719E-05   7.3598486E-08   2.4474076E-06
