# omegabh2 omegach2 theta tau ns logA aps100 aps143 aps217 acib143 acib217 asz143 psr cibr cal0 cal2 xi aksz bm_1_1 a_ps_act_148 a_ps_act_217 a_ps_spt_95 a_ps_spt_150 a_ps_spt_220 r_ps_spt_95x150 r_ps_spt_95x220 r_ps_150x220 cal_acts_148 cal_acts_217 cal_acte_148 cal_acte_217 cal_spt_95 cal_spt_150 cal_spt_220
    0.67071E-07   -0.36327E-06    0.68042E-07    0.11222E-05    0.94714E-06    0.14797E-05   -0.11979E-03   -0.67155E-04   -0.52056E-04    0.37516E-05    0.19247E-04    0.68605E-05   -0.16093E-05    0.25465E-06    0.17835E-08    0.31143E-08   -0.15442E-05   -0.19823E-04   -0.11581E-04    0.13745E-04    0.12775E-03    0.47822E-05    0.17266E-04    0.10885E-03   -0.18859E-06    0.26899E-06   -0.10563E-06    0.63178E-06    0.52345E-06    0.58774E-06    0.51763E-06    0.82698E-06    0.62308E-06    0.56109E-06
   -0.36327E-06    0.66760E-05   -0.64568E-06   -0.13406E-04   -0.14957E-04   -0.10609E-04    0.10891E-02    0.28438E-03    0.33135E-03    0.49089E-05   -0.33968E-03   -0.13458E-04    0.63276E-05   -0.19992E-05   -0.98251E-08   -0.38322E-07    0.10255E-04    0.17998E-05    0.10112E-03   -0.87463E-05   -0.49490E-03    0.28663E-04   -0.48540E-04   -0.73562E-03   -0.20454E-05    0.27774E-05    0.10579E-05   -0.20455E-05   -0.25456E-05   -0.18374E-05   -0.31599E-05   -0.44638E-05   -0.29801E-05   -0.28919E-05
    0.68042E-07   -0.64568E-06    0.33485E-06    0.18415E-05    0.18838E-05    0.23808E-05   -0.98237E-04   -0.21827E-04   -0.25094E-04   -0.65425E-06    0.94674E-05    0.34277E-05   -0.12669E-05   -0.44646E-06    0.10601E-07   -0.69675E-08   -0.33303E-05   -0.17225E-04   -0.11377E-04   -0.69396E-05    0.57963E-04    0.44032E-04    0.28146E-05    0.15600E-03   -0.31531E-05   -0.26800E-05    0.33184E-07    0.45872E-07    0.23843E-06    0.22865E-06    0.16420E-06    0.75634E-06    0.38121E-06    0.51335E-06
    0.11222E-05   -0.13406E-04    0.18415E-05    0.19395E-03    0.39341E-04    0.35262E-03   -0.25695E-02   -0.15694E-02   -0.13049E-02    0.23337E-03    0.23378E-03    0.84671E-04   -0.38485E-04   -0.64583E-05    0.61356E-07   -0.15320E-06    0.79743E-05   -0.50757E-03   -0.25547E-03    0.57545E-03    0.55437E-02    0.61929E-03    0.44382E-03    0.57924E-02    0.73706E-06    0.17020E-05   -0.77261E-05    0.10115E-04    0.21100E-04    0.14857E-04    0.17637E-04    0.23933E-04    0.14151E-04    0.17413E-04
    0.94714E-06   -0.14957E-04    0.18838E-05    0.39341E-04    0.47328E-04    0.38276E-04   -0.68201E-02   -0.16178E-02   -0.10939E-02    0.67765E-04    0.27777E-03    0.18081E-03   -0.39633E-04    0.40789E-05   -0.80366E-07    0.40376E-07   -0.58680E-04   -0.49671E-03   -0.44451E-03    0.23674E-03    0.20868E-02   -0.14596E-03    0.22267E-03    0.23149E-02    0.92657E-05    0.22482E-05   -0.31084E-05    0.11616E-04    0.73312E-05    0.10920E-04    0.76519E-05    0.19138E-04    0.12408E-04    0.75695E-05
    0.14797E-05   -0.10609E-04    0.23808E-05    0.35262E-03    0.38276E-04    0.67936E-03   -0.96971E-03   -0.26242E-02   -0.18359E-02    0.54769E-03   -0.13456E-03    0.18469E-03   -0.59908E-04   -0.20998E-04    0.18627E-06   -0.27504E-06    0.23460E-04   -0.12137E-02   -0.28365E-04    0.10964E-02    0.98372E-02    0.13848E-02    0.78155E-03    0.99412E-02   -0.59197E-05    0.43931E-05   -0.13100E-04    0.15446E-04    0.35195E-04    0.25316E-04    0.27353E-04    0.38145E-04    0.22222E-04    0.29810E-04
   -0.11979E-03    0.10891E-02   -0.98237E-04   -0.25695E-02   -0.68201E-02   -0.96971E-03    0.25126E+02    0.79377E+00    0.72195E-01   -0.12498E+00    0.49167E+00   -0.25614E+00    0.44336E-03   -0.12252E-01   -0.47314E-04    0.13228E-03    0.20368E-01    0.30218E+00    0.15110E+01   -0.19416E-01   -0.45897E+00    0.78836E+00    0.24022E-01   -0.28946E+00   -0.21411E-01   -0.56247E-01   -0.45477E-02   -0.73698E-02    0.13387E-03   -0.49460E-02   -0.10871E-04   -0.10517E-01   -0.31228E-02    0.10560E-02
   -0.67155E-04    0.28438E-03   -0.21827E-04   -0.15694E-02   -0.16178E-02   -0.26242E-02    0.79377E+00    0.46485E+00    0.84888E-01    0.27389E-02    0.11712E+00   -0.71906E-01   -0.30662E-02   -0.19711E-02   -0.40408E-06   -0.40916E-04    0.71883E-02    0.71046E-01    0.36181E-02    0.65535E-02   -0.20804E+00    0.16070E+00   -0.67557E-02   -0.51089E-01   -0.24518E-03   -0.10654E-01   -0.28913E-02   -0.21205E-02   -0.32647E-03   -0.19408E-02   -0.16785E-03   -0.31402E-02   -0.16488E-02   -0.32845E-03
   -0.52056E-04    0.33135E-03   -0.25094E-04   -0.13049E-02   -0.10939E-02   -0.18359E-02    0.72195E-01    0.84888E-01    0.57732E+00   -0.44282E-01   -0.14909E+01    0.56111E-01   -0.14582E-01   -0.20382E-02    0.14954E-04   -0.25731E-03   -0.12055E-01   -0.13769E+00    0.14927E-01   -0.13314E-01    0.56550E-01   -0.12110E+00    0.26081E-02    0.17854E-01   -0.93837E-03    0.19643E-02    0.17698E-02   -0.62417E-03   -0.46108E-02   -0.65063E-03   -0.47492E-02    0.35610E-03   -0.70380E-03   -0.45869E-02
    0.37516E-05    0.49089E-05   -0.65425E-06    0.23337E-03    0.67765E-04    0.54769E-03   -0.12498E+00    0.27389E-02   -0.44282E-01    0.62244E+00    0.10382E+01    0.98822E-01   -0.27950E-02   -0.25645E-02   -0.42171E-08    0.15208E-05    0.83075E-02   -0.43895E+00    0.17788E-02   -0.99289E-01   -0.17269E+00   -0.39978E-01   -0.17398E+00   -0.28425E+00    0.39436E-01    0.32758E-01   -0.54100E-02    0.64202E-04   -0.10717E-03    0.12123E-03    0.15571E-03   -0.45852E-03    0.31837E-03    0.12520E-02
    0.19247E-04   -0.33968E-03    0.94674E-05    0.23378E-03    0.27777E-03   -0.13456E-03    0.49167E+00    0.11712E+00   -0.14909E+01    0.10382E+01    0.80488E+01    0.12897E+00    0.77191E-01    0.17693E-01   -0.13204E-04    0.11109E-02   -0.41740E-01   -0.95553E+00    0.26174E-01   -0.18741E+00   -0.18381E+01    0.17737E+00   -0.36941E+00   -0.15902E+01    0.53625E-01    0.37915E-01   -0.21563E-01   -0.21270E-02    0.97958E-02   -0.14559E-02    0.11061E-01   -0.44813E-02   -0.87041E-03    0.13033E-01
    0.68605E-05   -0.13458E-04    0.34277E-05    0.84671E-04    0.18081E-03    0.18469E-03   -0.25614E+00   -0.71906E-01    0.56111E-01    0.98822E-01    0.12897E+00    0.88222E-01    0.27339E-02    0.40378E-02    0.48210E-05   -0.48970E-04   -0.12891E-01   -0.22380E+00    0.73819E-02   -0.30725E-01   -0.14268E+00   -0.16510E+00   -0.36407E-01   -0.17280E+00    0.73313E-02    0.15050E-01   -0.25068E-03    0.45202E-03   -0.13562E-02    0.34388E-03   -0.12391E-02    0.11213E-02    0.23982E-03   -0.72097E-03
   -0.16093E-05    0.63276E-05   -0.12669E-05   -0.38485E-04   -0.39633E-04   -0.59908E-04    0.44336E-03   -0.30662E-02   -0.14582E-01   -0.27950E-02    0.77191E-01    0.27339E-02    0.31604E-02   -0.79919E-04    0.16474E-06    0.13269E-04    0.10414E-03   -0.42849E-02    0.90278E-03    0.12493E-02   -0.55814E-01   -0.59470E-02    0.25814E-02   -0.39133E-01    0.49171E-04    0.10683E-02    0.30808E-03   -0.58188E-04   -0.47428E-04   -0.53425E-04   -0.67623E-05    0.79951E-05   -0.22118E-04    0.44633E-04
    0.25465E-06   -0.19992E-05   -0.44646E-06   -0.64583E-05    0.40789E-05   -0.20998E-04   -0.12252E-01   -0.19711E-02   -0.20382E-02   -0.25645E-02    0.17693E-01    0.40378E-02   -0.79919E-04    0.18628E-02    0.39102E-06   -0.31005E-06   -0.20247E-04   -0.55672E-02    0.51701E-03    0.42433E-02    0.17584E-02   -0.11393E-01    0.23869E-02    0.80338E-03    0.20561E-04    0.11873E-02   -0.41141E-03    0.42770E-04    0.36078E-04    0.19167E-04    0.19635E-04    0.46004E-04   -0.54028E-05    0.28722E-04
    0.17835E-08   -0.98251E-08    0.10601E-07    0.61356E-07   -0.80366E-07    0.18627E-06   -0.47314E-04   -0.40408E-06    0.14954E-04   -0.42171E-08   -0.13204E-04    0.48210E-05    0.16474E-06    0.39102E-06    0.16160E-06   -0.39070E-08   -0.14381E-05   -0.11632E-04   -0.22896E-04    0.33594E-05   -0.28289E-04   -0.87215E-05   -0.24981E-05    0.29932E-05    0.10833E-06    0.99308E-06   -0.47537E-07    0.17459E-06   -0.26989E-06    0.26835E-06   -0.18251E-06    0.21416E-06   -0.12793E-06   -0.45093E-07
    0.31143E-08   -0.38322E-07   -0.69675E-08   -0.15320E-06    0.40376E-07   -0.27504E-06    0.13228E-03   -0.40916E-04   -0.25731E-03    0.15208E-05    0.11109E-02   -0.48970E-04    0.13269E-04   -0.31005E-06   -0.39070E-08    0.54070E-06    0.16390E-05    0.70501E-04    0.46696E-05   -0.12486E-05   -0.16418E-03    0.13058E-03    0.15465E-05   -0.12587E-03   -0.22483E-05   -0.65927E-05   -0.12465E-05   -0.31930E-06    0.28878E-05   -0.33004E-06    0.27973E-05   -0.65938E-06    0.62101E-07    0.27128E-05
   -0.15442E-05    0.10255E-04   -0.33303E-05    0.79743E-05   -0.58680E-04    0.23460E-04    0.20368E-01    0.71883E-02   -0.12055E-01    0.83075E-02   -0.41740E-01   -0.12891E-01    0.10414E-03   -0.20247E-04   -0.14381E-05    0.16390E-05    0.11422E-01    0.54584E-01   -0.13877E-02    0.16889E-01    0.19087E-01    0.96189E-02    0.14225E-01    0.28869E-01    0.17936E-02    0.32423E-02    0.35932E-03    0.51532E-05    0.18648E-03   -0.33241E-04    0.22304E-03   -0.11091E-03    0.41325E-04    0.26616E-03
   -0.19823E-04    0.17998E-05   -0.17225E-04   -0.50757E-03   -0.49671E-03   -0.12137E-02    0.30218E+00    0.71046E-01   -0.13769E+00   -0.43895E+00   -0.95553E+00   -0.22380E+00   -0.42849E-02   -0.55672E-02   -0.11632E-04    0.70501E-04    0.54584E-01    0.89006E+00   -0.24107E-01    0.67916E-01    0.51729E+00    0.20666E+00    0.12598E+00    0.55911E+00   -0.26981E-01   -0.27362E-01    0.71729E-02    0.38014E-03    0.38032E-02    0.30295E-03    0.35024E-02   -0.72488E-03    0.21331E-03    0.18876E-02
   -0.11581E-04    0.10112E-03   -0.11377E-04   -0.25547E-03   -0.44451E-03   -0.28365E-04    0.15110E+01    0.36181E-02    0.14927E-01    0.17788E-02    0.26174E-01    0.73819E-02    0.90278E-03    0.51701E-03   -0.22896E-04    0.46696E-05   -0.13877E-02   -0.24107E-01    0.13945E+00   -0.69661E-02   -0.74629E-01    0.74129E-03   -0.22897E-02   -0.46049E-01   -0.38864E-03   -0.18191E-03    0.15712E-04   -0.22913E-03   -0.37204E-03   -0.13844E-03   -0.40855E-03   -0.13337E-03   -0.12337E-04   -0.11056E-03
    0.13745E-04   -0.87463E-05   -0.69396E-05    0.57545E-03    0.23674E-03    0.10964E-02   -0.19416E-01    0.65535E-02   -0.13314E-01   -0.99289E-01   -0.18741E+00   -0.30725E-01    0.12493E-02    0.42433E-02    0.33594E-05   -0.12486E-05    0.16889E-01    0.67916E-01   -0.69661E-02    0.33658E+00   -0.14051E+00    0.64906E-01    0.13203E+00    0.36589E+00   -0.26933E-03   -0.72987E-03   -0.44528E-02    0.20422E-02   -0.47301E-03    0.19019E-02   -0.45992E-03   -0.35081E-03   -0.30551E-04    0.12519E-02
    0.12775E-03   -0.49490E-03    0.57963E-04    0.55437E-02    0.20868E-02    0.98372E-02   -0.45897E+00   -0.20804E+00    0.56550E-01   -0.17269E+00   -0.18381E+01   -0.14268E+00   -0.55814E-01    0.17584E-02   -0.28289E-04   -0.16418E-03    0.19087E-01    0.51729E+00   -0.74629E-01   -0.14051E+00    0.14633E+02    0.16572E+00    0.21316E-01    0.12684E+01   -0.12796E-01   -0.38875E-01   -0.42860E-02    0.16895E-02    0.50712E-01    0.57378E-03    0.40039E-01    0.30440E-02    0.21133E-02    0.31843E-02
    0.47822E-05    0.28663E-04    0.44032E-04    0.61929E-03   -0.14596E-03    0.13848E-02    0.78836E+00    0.16070E+00   -0.12110E+00   -0.39978E-01    0.17737E+00   -0.16510E+00   -0.59470E-02   -0.11393E-01   -0.87215E-05    0.13058E-03    0.96189E-02    0.20666E+00    0.74129E-03    0.64906E-01    0.16572E+00    0.19560E+01    0.59671E-01    0.22132E+00   -0.68437E-01   -0.90613E-01   -0.31533E-02   -0.19426E-02    0.24112E-02   -0.12003E-02    0.18706E-02    0.19994E-03   -0.44595E-03    0.15351E-02
    0.17266E-04   -0.48540E-04    0.28146E-05    0.44382E-03    0.22267E-03    0.78155E-03    0.24022E-01   -0.67557E-02    0.26081E-02   -0.17398E+00   -0.36941E+00   -0.36407E-01    0.25814E-02    0.23869E-02   -0.24981E-05    0.15465E-05    0.14225E-01    0.12598E+00   -0.22897E-02    0.13203E+00    0.21316E-01    0.59671E-01    0.22871E+00    0.12141E+00   -0.70107E-02   -0.22870E-02    0.57456E-03   -0.10105E-03   -0.22495E-03   -0.19028E-03   -0.28165E-03    0.65748E-04   -0.24814E-04   -0.49710E-04
    0.10885E-03   -0.73562E-03    0.15600E-03    0.57924E-02    0.23149E-02    0.99412E-02   -0.28946E+00   -0.51089E-01    0.17854E-01   -0.28425E+00   -0.15902E+01   -0.17280E+00   -0.39133E-01    0.80338E-03    0.29932E-05   -0.12587E-03    0.28869E-01    0.55911E+00   -0.46049E-01    0.36589E+00    0.12684E+01    0.22132E+00    0.12141E+00    0.12473E+02   -0.19978E-01   -0.76663E-01   -0.17620E-01    0.32368E-02    0.43065E-02    0.27874E-02    0.16523E-02    0.25049E-03    0.42776E-02    0.30545E-01
   -0.18859E-06   -0.20454E-05   -0.31531E-05    0.73706E-06    0.92657E-05   -0.59197E-05   -0.21411E-01   -0.24518E-03   -0.93837E-03    0.39436E-01    0.53625E-01    0.73313E-02    0.49171E-04    0.20561E-04    0.10833E-06   -0.22483E-05    0.17936E-02   -0.26981E-01   -0.38864E-03   -0.26933E-03   -0.12796E-01   -0.68437E-01   -0.70107E-02   -0.19978E-01    0.71071E-02    0.58985E-02   -0.36390E-03    0.47220E-04   -0.69718E-04   -0.17881E-05   -0.45372E-05   -0.12678E-03    0.29139E-04    0.10495E-03
    0.26899E-06    0.27774E-05   -0.26800E-05    0.17020E-05    0.22482E-05    0.43931E-05   -0.56247E-01   -0.10654E-01    0.19643E-02    0.32758E-01    0.37915E-01    0.15050E-01    0.10683E-02    0.11873E-02    0.99308E-06   -0.65927E-05    0.32423E-02   -0.27362E-01   -0.18191E-03   -0.72987E-03   -0.38875E-01   -0.90613E-01   -0.22870E-02   -0.76663E-01    0.58985E-02    0.11695E-01    0.22428E-03    0.10119E-03   -0.21796E-03    0.14821E-04   -0.12649E-03    0.25853E-04    0.70056E-04   -0.18549E-03
   -0.10563E-06    0.10579E-05    0.33184E-07   -0.77261E-05   -0.31084E-05   -0.13100E-04   -0.45477E-02   -0.28913E-02    0.17698E-02   -0.54100E-02   -0.21563E-01   -0.25068E-03    0.30808E-03   -0.41141E-03   -0.47537E-07   -0.12465E-05    0.35932E-03    0.71729E-02    0.15712E-04   -0.44528E-02   -0.42860E-02   -0.31533E-02    0.57456E-03   -0.17620E-01   -0.36390E-03    0.22428E-03    0.52886E-03   -0.25184E-05   -0.38524E-04    0.40943E-05   -0.28762E-04    0.56410E-04    0.21434E-04   -0.92911E-04
    0.63178E-06   -0.20455E-05    0.45872E-07    0.10115E-04    0.11616E-04    0.15446E-04   -0.73698E-02   -0.21205E-02   -0.62417E-03    0.64202E-04   -0.21270E-02    0.45202E-03   -0.58188E-04    0.42770E-04    0.17459E-06   -0.31930E-06    0.51532E-05    0.38014E-03   -0.22913E-03    0.20422E-02    0.16895E-02   -0.19426E-02   -0.10105E-03    0.32368E-02    0.47220E-04    0.10119E-03   -0.25184E-05    0.14801E-03    0.23155E-06    0.51328E-04    0.88196E-05    0.29096E-04    0.18021E-04    0.14091E-04
    0.52345E-06   -0.25456E-05    0.23843E-06    0.21100E-04    0.73312E-05    0.35195E-04    0.13387E-03   -0.32647E-03   -0.46108E-02   -0.10717E-03    0.97958E-02   -0.13562E-02   -0.47428E-04    0.36078E-04   -0.26989E-06    0.28878E-05    0.18648E-03    0.38032E-02   -0.37204E-03   -0.47301E-03    0.50712E-01    0.24112E-02   -0.22495E-03    0.43065E-02   -0.69718E-04   -0.21796E-03   -0.38524E-04    0.23155E-06    0.34735E-03    0.46524E-05    0.19245E-03    0.11723E-05    0.77480E-05    0.51520E-04
    0.58774E-06   -0.18374E-05    0.22865E-06    0.14857E-04    0.10920E-04    0.25316E-04   -0.49460E-02   -0.19408E-02   -0.65063E-03    0.12123E-03   -0.14559E-02    0.34388E-03   -0.53425E-04    0.19167E-04    0.26835E-06   -0.33004E-06   -0.33241E-04    0.30295E-03   -0.13844E-03    0.19019E-02    0.57378E-03   -0.12003E-02   -0.19028E-03    0.27874E-02   -0.17881E-05    0.14821E-04    0.40943E-05    0.51328E-04    0.46524E-05    0.11183E-03    0.10107E-05    0.21550E-04    0.17485E-04    0.97609E-05
    0.51763E-06   -0.31599E-05    0.16420E-06    0.17637E-04    0.76519E-05    0.27353E-04   -0.10871E-04   -0.16785E-03   -0.47492E-02    0.15571E-03    0.11061E-01   -0.12391E-02   -0.67623E-05    0.19635E-04   -0.18251E-06    0.27973E-05    0.22304E-03    0.35024E-02   -0.40855E-03   -0.45992E-03    0.40039E-01    0.18706E-02   -0.28165E-03    0.16523E-02   -0.45372E-05   -0.12649E-03   -0.28762E-04    0.88196E-05    0.19245E-03    0.10107E-05    0.23671E-03   -0.51131E-05    0.84092E-05    0.53447E-04
    0.82698E-06   -0.44638E-05    0.75634E-06    0.23933E-04    0.19138E-04    0.38145E-04   -0.10517E-01   -0.31402E-02    0.35610E-03   -0.45852E-03   -0.44813E-02    0.11213E-02    0.79951E-05    0.46004E-04    0.21416E-06   -0.65938E-06   -0.11091E-03   -0.72488E-03   -0.13337E-03   -0.35081E-03    0.30440E-02    0.19994E-03    0.65748E-04    0.25049E-03   -0.12678E-03    0.25853E-04    0.56410E-04    0.29096E-04    0.11723E-05    0.21550E-04   -0.51131E-05    0.40517E-03    0.30543E-04   -0.66434E-06
    0.62308E-06   -0.29801E-05    0.38121E-06    0.14151E-04    0.12408E-04    0.22222E-04   -0.31228E-02   -0.16488E-02   -0.70380E-03    0.31837E-03   -0.87041E-03    0.23982E-03   -0.22118E-04   -0.54028E-05   -0.12793E-06    0.62101E-07    0.41325E-04    0.21331E-03   -0.12337E-04   -0.30551E-04    0.21133E-02   -0.44595E-03   -0.24814E-04    0.42776E-02    0.29139E-04    0.70056E-04    0.21434E-04    0.18021E-04    0.77480E-05    0.17485E-04    0.84092E-05    0.30543E-04    0.89078E-04    0.21490E-04
    0.56109E-06   -0.28919E-05    0.51335E-06    0.17413E-04    0.75695E-05    0.29810E-04    0.10560E-02   -0.32845E-03   -0.45869E-02    0.12520E-02    0.13033E-01   -0.72097E-03    0.44633E-04    0.28722E-04   -0.45093E-07    0.27128E-05    0.26616E-03    0.18876E-02   -0.11056E-03    0.12519E-02    0.31843E-02    0.15351E-02   -0.49710E-04    0.30545E-01    0.10495E-03   -0.18549E-03   -0.92911E-04    0.14091E-04    0.51520E-04    0.97609E-05    0.53447E-04   -0.66434E-06    0.21490E-04    0.50852E-03
