# omegabh2 omegach2 theta tau logA ns acib217 acibsz143 asz143 aps100 aps143 aps143217 aps217 aksz kgal100 t1gal143 t1gal143217 t1gal217 galfEE100 galfEE100143 galfEE100217 galfEE143 galfEE143217 galfEE217 galfTE100 galfTE100143 galfTE100217 galfTE143 galfTE143217 galfTE217 calib_100T calib_217T
    0.2086002E-07   -0.8450168E-07    0.1542875E-07    0.7605866E-06    0.1436460E-05    0.2421512E-06   -0.1427745E-03   -0.8090361E-04   -0.1114919E-04   -0.7072453E-04    0.1479374E-05    0.1382969E-03    0.1158044E-03   -0.3399869E-04    0.1447448E-03   -0.1266135E-03   -0.1272640E-03   -0.1350150E-03    0.1147800E-06    0.9882024E-07    0.1147082E-06    0.1121024E-06    0.1169940E-06    0.1737243E-06   -0.1515183E-05   -0.2008142E-05   -0.1932038E-05   -0.3548826E-05   -0.4617504E-05   -0.6585127E-05   -0.3080722E-07    0.4539378E-08
   -0.8450168E-07    0.1217986E-05   -0.8609066E-07   -0.9516550E-05   -0.1611616E-04   -0.3237225E-05    0.7094598E-03    0.4272149E-03    0.7563499E-04    0.2266755E-03    0.8802198E-05   -0.6091845E-03   -0.4205183E-03    0.1238263E-03    0.4452423E-03    0.2277484E-03    0.2550397E-03    0.2917308E-03   -0.1033805E-05   -0.1195609E-05   -0.1313378E-05   -0.1166780E-05   -0.1274946E-05   -0.1490762E-05    0.7628855E-05    0.8680243E-05    0.1131128E-04    0.1691437E-04    0.2312753E-04    0.3280896E-04   -0.6717988E-07   -0.3146660E-07
    0.1542875E-07   -0.8609066E-07    0.8690627E-07    0.1445017E-05    0.2829332E-05    0.3650275E-06   -0.1126213E-03   -0.5723931E-04   -0.6085141E-07    0.1378261E-04   -0.2308507E-04    0.9343775E-04    0.9758251E-04   -0.8858251E-05   -0.6338316E-04   -0.1876696E-03   -0.1608265E-03   -0.1498490E-03    0.1278563E-06    0.8725946E-07    0.1540057E-06    0.1007502E-06    0.1358925E-06    0.1791994E-06   -0.8008123E-06   -0.6844790E-06   -0.8459990E-06   -0.1913982E-05   -0.3055337E-05   -0.5321947E-05   -0.1736532E-07    0.1384516E-09
    0.7605866E-06   -0.9516550E-05    0.1445017E-05    0.2411261E-03    0.4583944E-03    0.3561179E-04   -0.1478797E-01   -0.8259656E-02   -0.1918050E-02   -0.5115032E-02    0.1636915E-02    0.1386065E-01    0.1117896E-01   -0.1059566E-02   -0.9899346E-02   -0.4421914E-02   -0.7326423E-02   -0.8691703E-02    0.1192500E-04    0.1138551E-04    0.1401884E-04    0.1133828E-04    0.1290480E-04    0.1692398E-04   -0.8005169E-04   -0.7229089E-04   -0.7720305E-04   -0.1468935E-03   -0.1794867E-03   -0.2608492E-03    0.1361351E-05    0.6413860E-06
    0.1436460E-05   -0.1611616E-04    0.2829332E-05    0.4583944E-03    0.8829992E-03    0.6287297E-04   -0.3008723E-01   -0.1709147E-01   -0.4535832E-02    0.2414028E-02    0.1106407E-01    0.3445406E-01    0.2828891E-01   -0.2676434E-02   -0.2655856E-01   -0.2472048E-01   -0.2999728E-01   -0.3229631E-01    0.1974455E-04    0.1829348E-04    0.2238152E-04    0.1801554E-04    0.1964552E-04    0.2692050E-04   -0.1457487E-03   -0.1238610E-03   -0.1216517E-03   -0.2556110E-03   -0.3043242E-03   -0.4442436E-03    0.1650901E-05    0.1132561E-05
    0.2421512E-06   -0.3237225E-05    0.3650275E-06    0.3561179E-04    0.6287297E-04    0.2099536E-04   -0.1042621E-01   -0.5436106E-02   -0.1995796E-02    0.5307504E-03    0.8628188E-02    0.1501678E-01    0.1409468E-01   -0.3075146E-02   -0.2633274E-02   -0.4305806E-02   -0.5362459E-02   -0.4815013E-02    0.7319168E-05    0.7509752E-05    0.8828192E-05    0.7701730E-05    0.8272622E-05    0.8957191E-05   -0.3386495E-04   -0.3441827E-04   -0.4113668E-04   -0.5020983E-04   -0.5735553E-04   -0.7394313E-04    0.2224135E-06    0.2755268E-06
   -0.1427745E-03    0.7094598E-03   -0.1126213E-03   -0.1478797E-01   -0.3008723E-01   -0.1042621E-01    0.6626323E+02    0.2528005E+02    0.1447390E+01    0.6468382E+01   -0.2400506E+02   -0.6815632E+02   -0.8336928E+02   -0.3599686E+01   -0.3799508E+01   -0.1148536E+02   -0.1645751E+02   -0.2141704E+02   -0.3520422E-02   -0.2380362E-02   -0.1755440E-02   -0.1576283E-02   -0.4327783E-03   -0.4695521E-02    0.1273652E-01    0.8522445E-02   -0.4773553E-03    0.2348412E-02   -0.1298358E-01   -0.9816048E-01    0.2288961E-03   -0.3076330E-02
   -0.8090361E-04    0.4272149E-03   -0.5723931E-04   -0.8259656E-02   -0.1709147E-01   -0.5436106E-02    0.2528005E+02    0.1882998E+02    0.2694067E+01   -0.1741085E+02   -0.2511254E+02   -0.4624772E+02   -0.2738861E+02   -0.1632924E+01   -0.3705559E+01   -0.7437048E+01   -0.1419948E+02   -0.1544304E+02   -0.1521435E-02   -0.1187212E-02   -0.9382245E-03   -0.5846128E-03   -0.1150585E-03   -0.1377235E-02    0.6190622E-02    0.4166766E-02    0.1612853E-01   -0.3681207E-03    0.5219760E-02    0.3634280E-02    0.3738993E-04   -0.1493846E-03
   -0.1114919E-04    0.7563499E-04   -0.6085141E-07   -0.1918050E-02   -0.4535832E-02   -0.1995796E-02    0.1447390E+01    0.2694067E+01    0.6122856E+01   -0.3929787E+02   -0.1773852E+02   -0.5824057E+01   -0.1475774E+01   -0.1440681E+00   -0.3941265E+01   -0.1623660E+01    0.2403309E+01    0.3017904E+01   -0.1861917E-03   -0.5539474E-03   -0.1305089E-02   -0.4007293E-03   -0.5948345E-03   -0.1500916E-02   -0.4043863E-02   -0.1352014E-02    0.2494471E-03   -0.1310241E-02   -0.6973445E-02   -0.6319295E-02   -0.1068042E-03    0.1458554E-03
   -0.7072453E-04    0.2266755E-03    0.1378261E-04   -0.5115032E-02    0.2414028E-02    0.5307504E-03    0.6468382E+01   -0.1741085E+02   -0.3929787E+02    0.7162383E+03    0.1704140E+03    0.7307053E+02    0.1988829E+02   -0.1241419E+02   -0.3778575E+02   -0.7109977E+01   -0.1994838E+02   -0.2205347E+02   -0.6026890E-02   -0.2981313E-02   -0.3174475E-02   -0.4986450E-02   -0.3237987E-02   -0.5210324E-02    0.1227117E+00    0.1007313E+00    0.5294880E-01    0.1472240E+00    0.1553726E+00    0.1550029E+00   -0.1970065E-02   -0.2209791E-02
    0.1479374E-05    0.8802198E-05   -0.2308507E-04    0.1636915E-02    0.1106407E-01    0.8628188E-02   -0.2400506E+02   -0.2511254E+02   -0.1773852E+02    0.1704140E+03    0.1188163E+03    0.9488947E+02    0.5329394E+02   -0.1102330E+02    0.2691440E+01   -0.5794227E+01   -0.1174170E+01    0.1920662E+01    0.2165508E-03    0.3119373E-03    0.6131929E-04   -0.1357643E-02   -0.2916608E-02   -0.1875829E-02    0.1503604E-01    0.3044599E-01    0.1292220E-01    0.4496150E-01    0.7093333E-01    0.1019598E+00   -0.1479655E-03   -0.8121501E-03
    0.1382969E-03   -0.6091845E-03    0.9343775E-04    0.1386065E-01    0.3445406E-01    0.1501678E-01   -0.6815632E+02   -0.4624772E+02   -0.5824057E+01    0.7307053E+02    0.9488947E+02    0.1516628E+03    0.1090417E+03   -0.8018349E+01   -0.7845869E+00    0.2783735E+01    0.1428885E+02    0.1540835E+02    0.3547018E-02    0.2118907E-02    0.5966915E-03    0.4073892E-03   -0.2171537E-02   -0.6450193E-03   -0.8343439E-02    0.1839453E-02   -0.1262888E-01    0.2102895E-01    0.3332681E-01    0.7580380E-01   -0.5023002E-03    0.1684682E-02
    0.1158044E-03   -0.4205183E-03    0.9758251E-04    0.1117896E-01    0.2828891E-01    0.1409468E-01   -0.8336928E+02   -0.2738861E+02   -0.1475774E+01    0.1988829E+02    0.5329394E+02    0.1090417E+03    0.1437945E+03   -0.7375613E+01   -0.4071402E+01   -0.7526154E+00   -0.5262424E+01   -0.5598334E+01    0.4303248E-02    0.2260904E-02    0.7258510E-03    0.1438725E-02   -0.1652463E-02    0.1404901E-02   -0.6732014E-02   -0.2650549E-02    0.2366049E-01    0.7843779E-02    0.4630619E-01    0.1807937E+00   -0.6790203E-03    0.5550937E-02
   -0.3399869E-04    0.1238263E-03   -0.8858251E-05   -0.1059566E-02   -0.2676434E-02   -0.3075146E-02   -0.3599686E+01   -0.1632924E+01   -0.1440681E+00   -0.1241419E+02   -0.1102330E+02   -0.8018349E+01   -0.7375613E+01    0.8065931E+01   -0.1923871E+01   -0.2705511E+01   -0.3208483E+01   -0.3713951E+01   -0.9262850E-03   -0.9481185E-03   -0.8372969E-03   -0.7327378E-03   -0.5011648E-03    0.4533055E-03    0.8029090E-02    0.1080696E-01    0.9659837E-02    0.1610306E-01    0.1108219E-01    0.8967242E-02   -0.3808151E-05    0.2416790E-03
    0.1447448E-03    0.4452423E-03   -0.6338316E-04   -0.9899346E-02   -0.2655856E-01   -0.2633274E-02   -0.3799508E+01   -0.3705559E+01   -0.3941265E+01   -0.3778575E+02    0.2691440E+01   -0.7845869E+00   -0.4071402E+01   -0.1923871E+01    0.1552537E+03    0.5773360E+02    0.5392020E+02    0.5177766E+02    0.1050061E-02    0.3803065E-03    0.8533051E-03    0.3966670E-02    0.3620730E-02    0.7040373E-02   -0.4045940E-01   -0.9245069E-01   -0.8149939E-01   -0.7447283E-01   -0.8503219E-01   -0.9511844E-01   -0.1278689E-01    0.1342370E-03
   -0.1266135E-03    0.2277484E-03   -0.1876696E-03   -0.4421914E-02   -0.2472048E-01   -0.4305806E-02   -0.1148536E+02   -0.7437048E+01   -0.1623660E+01   -0.7109977E+01   -0.5794227E+01    0.2783735E+01   -0.7526154E+00   -0.2705511E+01    0.5773360E+02    0.1056779E+03    0.1051915E+03    0.1029245E+03    0.2211434E-02    0.2280540E-02    0.4837930E-02    0.2301316E-02    0.4724304E-02    0.8608906E-02   -0.2016439E-02   -0.5041867E-01   -0.5901039E-01   -0.8407780E-01   -0.9021442E-01   -0.7047828E-01    0.3009670E-02    0.6301483E-03
   -0.1272640E-03    0.2550397E-03   -0.1608265E-03   -0.7326423E-02   -0.2999728E-01   -0.5362459E-02   -0.1645751E+02   -0.1419948E+02    0.2403309E+01   -0.1994838E+02   -0.1174170E+01    0.1428885E+02   -0.5262424E+01   -0.3208483E+01    0.5392020E+02    0.1051915E+03    0.1417816E+03    0.1635336E+03    0.1682025E-02    0.6462845E-03    0.1400914E-02   -0.7913225E-03    0.1502204E-02    0.4384682E-02    0.9414182E-03   -0.1825681E-01   -0.5778638E-01   -0.4464511E-01   -0.6011932E-01   -0.2091797E-01    0.2729386E-02   -0.4366389E-02
   -0.1350150E-03    0.2917308E-03   -0.1498490E-03   -0.8691703E-02   -0.3229631E-01   -0.4815013E-02   -0.2141704E+02   -0.1544304E+02    0.3017904E+01   -0.2205347E+02    0.1920662E+01    0.1540835E+02   -0.5598334E+01   -0.3713951E+01    0.5177766E+02    0.1029245E+03    0.1635336E+03    0.2094213E+03    0.1622186E-02   -0.8089595E-04   -0.3074405E-03   -0.2480573E-02    0.3661885E-04    0.2864498E-02    0.4377557E-02    0.8179546E-02   -0.3275083E-01   -0.1507754E-01   -0.1080531E-01    0.8019949E-01    0.2616717E-02   -0.8758086E-02
    0.1147800E-06   -0.1033805E-05    0.1278563E-06    0.1192500E-04    0.1974455E-04    0.7319168E-05   -0.3520422E-02   -0.1521435E-02   -0.1861917E-03   -0.6026890E-02    0.2165508E-03    0.3547018E-02    0.4303248E-02   -0.9262850E-03    0.1050061E-02    0.2211434E-02    0.1682025E-02    0.1622186E-02    0.7028207E-04    0.2328848E-04    0.2808814E-04    0.1159087E-04    0.1378861E-04    0.1472051E-04   -0.8909818E-04   -0.7655049E-04   -0.6189733E-04   -0.5471427E-04   -0.5750288E-04   -0.1349467E-03    0.3676135E-06    0.1864879E-06
    0.9882024E-07   -0.1195609E-05    0.8725946E-07    0.1138551E-04    0.1829348E-04    0.7509752E-05   -0.2380362E-02   -0.1187212E-02   -0.5539474E-03   -0.2981313E-02    0.3119373E-03    0.2118907E-02    0.2260904E-02   -0.9481185E-03    0.3803065E-03    0.2280540E-02    0.6462845E-03   -0.8089595E-04    0.2328848E-04    0.4126523E-04    0.3638284E-04    0.2945456E-04    0.2904218E-04    0.2371414E-04   -0.5781615E-04   -0.1002490E-03   -0.8397347E-04   -0.1098792E-03   -0.1020641E-03   -0.1152969E-03    0.4370190E-06    0.2416066E-06
    0.1147082E-06   -0.1313378E-05    0.1540057E-06    0.1401884E-04    0.2238152E-04    0.8828192E-05   -0.1755440E-02   -0.9382245E-03   -0.1305089E-02   -0.3174475E-02    0.6131929E-04    0.5966915E-03    0.7258510E-03   -0.8372969E-03    0.8533051E-03    0.4837930E-02    0.1400914E-02   -0.3074405E-03    0.2808814E-04    0.3638284E-04    0.1144982E-03    0.2376605E-04    0.5676084E-04    0.1012611E-03   -0.3945727E-04   -0.9961227E-04   -0.1244431E-03   -0.1074172E-03   -0.1951467E-03   -0.3916849E-03    0.7815030E-06    0.4568738E-06
    0.1121024E-06   -0.1166780E-05    0.1007502E-06    0.1133828E-04    0.1801554E-04    0.7701730E-05   -0.1576283E-02   -0.5846128E-03   -0.4007293E-03   -0.4986450E-02   -0.1357643E-02    0.4073892E-03    0.1438725E-02   -0.7327378E-03    0.3966670E-02    0.2301316E-02   -0.7913225E-03   -0.2480573E-02    0.1159087E-04    0.2945456E-04    0.2376605E-04    0.8679169E-04    0.5627782E-04    0.4238245E-04   -0.2836010E-04   -0.7739248E-04   -0.4836918E-04   -0.1814744E-03   -0.1625694E-03   -0.1447383E-03   -0.7161569E-07    0.3729536E-06
    0.1169940E-06   -0.1274946E-05    0.1358925E-06    0.1290480E-04    0.1964552E-04    0.8272622E-05   -0.4327783E-03   -0.1150585E-03   -0.5948345E-03   -0.3237987E-02   -0.2916608E-02   -0.2171537E-02   -0.1652463E-02   -0.5011648E-03    0.3620730E-02    0.4724304E-02    0.1502204E-02    0.3661885E-04    0.1378861E-04    0.2904218E-04    0.5676084E-04    0.5627782E-04    0.1228811E-03    0.1577703E-03   -0.5932366E-05   -0.6565961E-04   -0.6218289E-04   -0.1767385E-03   -0.2271277E-03   -0.3485768E-03    0.3321024E-06    0.3266852E-06
    0.1737243E-06   -0.1490762E-05    0.1791994E-06    0.1692398E-04    0.2692050E-04    0.8957191E-05   -0.4695521E-02   -0.1377235E-02   -0.1500916E-02   -0.5210324E-02   -0.1875829E-02   -0.6450193E-03    0.1404901E-02    0.4533055E-03    0.7040373E-02    0.8608906E-02    0.4384682E-02    0.2864498E-02    0.1472051E-04    0.2371414E-04    0.1012611E-03    0.4238245E-04    0.1577703E-03    0.6434020E-03   -0.2167894E-04   -0.8078382E-04   -0.8302582E-04   -0.2053243E-03   -0.3561133E-03   -0.5723095E-03    0.6049618E-06    0.7175025E-06
   -0.1515183E-05    0.7628855E-05   -0.8008123E-06   -0.8005169E-04   -0.1457487E-03   -0.3386495E-04    0.1273652E-01    0.6190622E-02   -0.4043863E-02    0.1227117E+00    0.1503604E-01   -0.8343439E-02   -0.6732014E-02    0.8029090E-02   -0.4045940E-01   -0.2016439E-02    0.9414182E-03    0.4377557E-02   -0.8909818E-04   -0.5781615E-04   -0.3945727E-04   -0.2836010E-04   -0.5932366E-05   -0.2167894E-04    0.1329827E-01    0.8733795E-02    0.9791126E-02    0.2190104E-02    0.2293963E-02    0.2689301E-02    0.2605318E-05   -0.8697167E-06
   -0.2008142E-05    0.8680243E-05   -0.6844790E-06   -0.7229089E-04   -0.1238610E-03   -0.3441827E-04    0.8522445E-02    0.4166766E-02   -0.1352014E-02    0.1007313E+00    0.3044599E-01    0.1839453E-02   -0.2650549E-02    0.1080696E-01   -0.9245069E-01   -0.5041867E-01   -0.1825681E-01    0.8179546E-02   -0.7655049E-04   -0.1002490E-03   -0.9961227E-04   -0.7739248E-04   -0.6565961E-04   -0.8078382E-04    0.8733795E-02    0.1251428E-01    0.1397226E-01    0.8272483E-02    0.8027424E-02    0.7432083E-02    0.5994316E-05   -0.4889320E-05
   -0.1932038E-05    0.1131128E-04   -0.8459990E-06   -0.7720305E-04   -0.1216517E-03   -0.4113668E-04   -0.4773553E-03    0.1612853E-01    0.2494471E-03    0.5294880E-01    0.1292220E-01   -0.1262888E-01    0.2366049E-01    0.9659837E-02   -0.8149939E-01   -0.5901039E-01   -0.5778638E-01   -0.3275083E-01   -0.6189733E-04   -0.8397347E-04   -0.1244431E-03   -0.4836918E-04   -0.6218289E-04   -0.8302582E-04    0.9791126E-02    0.1397226E-01    0.2631669E-01    0.4518757E-02    0.1136591E-01    0.2170745E-01    0.5163027E-05   -0.2445118E-05
   -0.3548826E-05    0.1691437E-04   -0.1913982E-05   -0.1468935E-03   -0.2556110E-03   -0.5020983E-04    0.2348412E-02   -0.3681207E-03   -0.1310241E-02    0.1472240E+00    0.4496150E-01    0.2102895E-01    0.7843779E-02    0.1610306E-01   -0.7447283E-01   -0.8407780E-01   -0.4464511E-01   -0.1507754E-01   -0.5471427E-04   -0.1098792E-03   -0.1074172E-03   -0.1814744E-03   -0.1767385E-03   -0.2053243E-03    0.2190104E-02    0.8272483E-02    0.4518757E-02    0.2131249E-01    0.1921070E-01    0.1291131E-01   -0.2852170E-05   -0.5580063E-05
   -0.4617504E-05    0.2312753E-04   -0.3055337E-05   -0.1794867E-03   -0.3043242E-03   -0.5735553E-04   -0.1298358E-01    0.5219760E-02   -0.6973445E-02    0.1553726E+00    0.7093333E-01    0.3332681E-01    0.4630619E-01    0.1108219E-01   -0.8503219E-01   -0.9021442E-01   -0.6011932E-01   -0.1080531E-01   -0.5750288E-04   -0.1020641E-03   -0.1951467E-03   -0.1625694E-03   -0.2271277E-03   -0.3561133E-03    0.2293963E-02    0.8027424E-02    0.1136591E-01    0.1921070E-01    0.2897817E-01    0.4006542E-01   -0.1402643E-05   -0.7255529E-05
   -0.6585127E-05    0.3280896E-04   -0.5321947E-05   -0.2608492E-03   -0.4442436E-03   -0.7394313E-04   -0.9816048E-01    0.3634280E-02   -0.6319295E-02    0.1550029E+00    0.1019598E+00    0.7580380E-01    0.1807937E+00    0.8967242E-02   -0.9511844E-01   -0.7047828E-01   -0.2091797E-01    0.8019949E-01   -0.1349467E-03   -0.1152969E-03   -0.3916849E-03   -0.1447383E-03   -0.3485768E-03   -0.5723095E-03    0.2689301E-02    0.7432083E-02    0.2170745E-01    0.1291131E-01    0.4006542E-01    0.1003225E+00   -0.1259188E-05   -0.7197047E-05
   -0.3080722E-07   -0.6717988E-07   -0.1736532E-07    0.1361351E-05    0.1650901E-05    0.2224135E-06    0.2288961E-03    0.3738993E-04   -0.1068042E-03   -0.1970065E-02   -0.1479655E-03   -0.5023002E-03   -0.6790203E-03   -0.3808151E-05   -0.1278689E-01    0.3009670E-02    0.2729386E-02    0.2616717E-02    0.3676135E-06    0.4370190E-06    0.7815030E-06   -0.7161569E-07    0.3321024E-06    0.6049618E-06    0.2605318E-05    0.5994316E-05    0.5163027E-05   -0.2852170E-05   -0.1402643E-05   -0.1259188E-05    0.2263232E-05    0.1194583E-07
    0.4539378E-08   -0.3146660E-07    0.1384516E-09    0.6413860E-06    0.1132561E-05    0.2755268E-06   -0.3076330E-02   -0.1493846E-03    0.1458554E-03   -0.2209791E-02   -0.8121501E-03    0.1684682E-02    0.5550937E-02    0.2416790E-03    0.1342370E-03    0.6301483E-03   -0.4366389E-02   -0.8758086E-02    0.1864879E-06    0.2416066E-06    0.4568738E-06    0.3729536E-06    0.3266852E-06    0.7175025E-06   -0.8697167E-06   -0.4889320E-05   -0.2445118E-05   -0.5580063E-05   -0.7255529E-05   -0.7197047E-05    0.1194583E-07    0.1311419E-05
