# omegabh2 omegach2 theta tau mnu nnu logA ns acib217 acibsz143 asz143 aps100 aps143 aps143217 aps217 aksz kgal100 t1gal143 t1gal143217 t1gal217 galfEE100 galfEE100143 galfEE100217 galfEE143 galfEE143217 galfEE217 galfTE100 galfTE100143 galfTE100217 galfTE143 galfTE143217 galfTE217 calib_100T calib_217T
    0.4541606E-07    0.3663557E-06   -0.3268818E-07    0.7912890E-06    0.5712995E-05    0.3041742E-04    0.2422725E-05    0.1270708E-05    0.1573350E-03    0.6303513E-04    0.1331542E-04   -0.4254604E-03   -0.1761150E-03   -0.2634447E-03   -0.2834896E-03    0.2984250E-04    0.7583189E-03    0.4895177E-03    0.5052735E-03    0.5044713E-03    0.2584844E-06    0.2016749E-06    0.3209177E-06    0.2377263E-06    0.2426435E-06    0.2714438E-06   -0.2011929E-05   -0.3227906E-05   -0.4032350E-05   -0.4674258E-05   -0.6346501E-05   -0.1016069E-04   -0.3691844E-07   -0.8779680E-08
    0.3663557E-06    0.1087046E-04   -0.9924571E-06    0.1760055E-05    0.3872407E-04    0.6145968E-03    0.2682509E-04    0.1675878E-04    0.5840342E-02    0.2795003E-02    0.4373279E-03   -0.7085380E-03   -0.1704441E-02   -0.6694483E-02   -0.6958608E-02    0.1200259E-02    0.1234376E-01    0.1204784E-01    0.1272464E-01    0.1308779E-01    0.1356766E-05    0.3582083E-06   -0.1645463E-06    0.1169625E-05    0.8225243E-06   -0.6539391E-06   -0.1816810E-05   -0.6234607E-05   -0.1541917E-04    0.1094077E-04    0.1061596E-04    0.5976734E-05   -0.3382981E-06   -0.2880182E-06
   -0.3268818E-07   -0.9924571E-06    0.1777833E-06   -0.4325955E-06   -0.5600578E-05   -0.6033486E-04   -0.2893869E-05   -0.1666702E-05   -0.5099693E-03   -0.2500615E-03   -0.1815616E-04   -0.8504136E-06    0.9819822E-04    0.5870630E-03    0.6352058E-03   -0.1211672E-03   -0.1216378E-02   -0.1265911E-02   -0.1287677E-02   -0.1321841E-02   -0.2438060E-06   -0.1637593E-06   -0.9031674E-07   -0.2206682E-06   -0.1329582E-06    0.9670255E-07   -0.4335905E-07    0.4228272E-06    0.2158510E-05   -0.1148101E-05   -0.7328401E-06    0.3039417E-06    0.2378288E-07    0.2101893E-07
    0.7912890E-06    0.1760055E-05   -0.4325955E-06    0.1661758E-03    0.2848179E-03    0.4537522E-03    0.3359744E-03    0.3290233E-04   -0.5447907E-02   -0.2298658E-02   -0.2771327E-03   -0.8208314E-02    0.3306837E-02    0.7001404E-02    0.7808662E-02   -0.1439251E-02   -0.1853067E-02   -0.3874710E-02   -0.1304352E-02    0.1542562E-02    0.6683344E-05    0.7119324E-05    0.9910463E-05    0.7801862E-05    0.7588092E-05    0.1002910E-04   -0.8282877E-04   -0.6146741E-04   -0.5829926E-04   -0.9749745E-04   -0.1528787E-03   -0.2944691E-03    0.1669594E-06   -0.2802306E-06
    0.5712995E-05    0.3872407E-04   -0.5600578E-05    0.2848179E-03    0.6363851E-02    0.5075699E-02    0.6058509E-03    0.2519932E-03    0.4848616E-01    0.1501842E-01    0.4485184E-02   -0.9146040E-01   -0.3815118E-01   -0.6861075E-01   -0.9329961E-01    0.1165808E-01    0.1709183E+00    0.1784941E+00    0.1987869E+00    0.2048688E+00    0.7986917E-04    0.8071409E-04    0.9768185E-04    0.8123765E-04    0.7102630E-04    0.6153815E-04   -0.2730997E-03   -0.2206467E-03   -0.2546883E-03   -0.4730724E-03   -0.5643398E-03   -0.9600810E-03   -0.1329333E-05   -0.4623393E-05
    0.3041742E-04    0.6145968E-03   -0.6033486E-04    0.4537522E-03    0.5075699E-02    0.4055050E-01    0.2175338E-02    0.1348466E-02    0.3561515E+00    0.1690640E+00    0.3043562E-01   -0.2035785E+00   -0.1760176E+00   -0.4644912E+00   -0.4791397E+00    0.8233755E-01    0.8398790E+00    0.8569622E+00    0.9003604E+00    0.9169368E+00    0.1961302E-03    0.1472634E-03    0.1422605E-03    0.1911094E-03    0.1574818E-03    0.7370713E-04   -0.7871499E-03   -0.1154046E-02   -0.1903952E-02   -0.8534222E-03   -0.1511831E-02   -0.3122579E-02   -0.1647221E-04   -0.1672043E-04
    0.2422725E-05    0.2682509E-04   -0.2893869E-05    0.3359744E-03    0.6058509E-03    0.2175338E-02    0.7373938E-03    0.9802404E-04   -0.7829519E-03   -0.2115768E-03   -0.4270433E-03   -0.3895868E-02    0.1240008E-01    0.9936812E-02    0.9927202E-02   -0.1713259E-02    0.1239726E-01   -0.3528502E-02    0.3285648E-02    0.1014993E-01    0.1270758E-04    0.1135170E-04    0.1641857E-04    0.1398812E-04    0.1333241E-04    0.1589799E-04   -0.1695487E-03   -0.1343006E-03   -0.1410438E-03   -0.1716327E-03   -0.2808325E-03   -0.5660010E-03   -0.1538467E-05   -0.1228998E-05
    0.1270708E-05    0.1675878E-04   -0.1666702E-05    0.3290233E-04    0.2519932E-03    0.1348466E-02    0.9802404E-04    0.6559361E-04    0.2567829E-02    0.9596084E-03   -0.4700624E-03   -0.1465144E-01   -0.2386432E-03   -0.3161477E-02   -0.3343453E-02    0.4737975E-03    0.2465357E-01    0.2383911E-01    0.2383156E-01    0.2413957E-01    0.1449579E-04    0.1352507E-04    0.1489196E-04    0.1442515E-04    0.1234444E-04    0.1122921E-04   -0.5581403E-04   -0.6664063E-04   -0.9515264E-04   -0.7925335E-04   -0.1335747E-03   -0.2442041E-03   -0.1528583E-06   -0.1211258E-06
    0.1573350E-03    0.5840342E-02   -0.5099693E-03   -0.5447907E-02    0.4848616E-01    0.3561515E+00   -0.7829519E-03    0.2567829E-02    0.6629396E+02    0.2567078E+02    0.9615709E+00    0.7954381E+01   -0.2470924E+02   -0.7107985E+02   -0.8567340E+02   -0.2330425E+01    0.5353738E+01   -0.4299826E-01   -0.4991296E+01   -0.9248838E+01    0.4335277E-03   -0.1094736E-02   -0.4111516E-03    0.1272214E-02    0.1472698E-02    0.4264374E-02    0.6932733E-02    0.1392601E-01   -0.7939737E-02    0.1820407E-02   -0.3513743E-01   -0.1426226E+00    0.2388656E-03   -0.3071893E-02
    0.6303513E-04    0.2795003E-02   -0.2500615E-03   -0.2298658E-02    0.1501842E-01    0.1690640E+00   -0.2115768E-03    0.9596084E-03    0.2567078E+02    0.1909865E+02    0.2653614E+01   -0.1903047E+02   -0.2653552E+02   -0.4810068E+02   -0.2917745E+02   -0.1067490E+01    0.3326772E+00   -0.2465813E+01   -0.8967882E+01   -0.9646699E+01    0.4433483E-03    0.1575823E-03    0.4556217E-03    0.4275540E-03    0.4619558E-03    0.2175558E-02    0.1802140E-01    0.9075108E-02    0.1503018E-01   -0.8455474E-02    0.1060972E-02    0.9303054E-02    0.6435495E-04   -0.2558522E-03
    0.1331542E-04    0.4373279E-03   -0.1815616E-04   -0.2771327E-03    0.4485184E-02    0.3043562E-01   -0.4270433E-03   -0.4700624E-03    0.9615709E+00    0.2653614E+01    0.6529885E+01   -0.4634929E+02   -0.1945699E+02   -0.5679844E+01   -0.9061748E+00    0.1309691E+00   -0.3326738E+01   -0.1995678E+01    0.1806365E+01    0.2346339E+01   -0.9756496E-04    0.3891651E-03    0.6898226E-03    0.1492920E-03    0.3341897E-03    0.4552153E-03   -0.5846533E-02   -0.4645627E-02   -0.7543430E-02    0.9500662E-03    0.2670800E-02    0.1228908E-01   -0.1808088E-03    0.1905081E-03
   -0.4254604E-03   -0.7085380E-03   -0.8504136E-06   -0.8208314E-02   -0.9146040E-01   -0.2035785E+00   -0.3895868E-02   -0.1465144E-01    0.7954381E+01   -0.1903047E+02   -0.4634929E+02    0.8070227E+03    0.1987843E+03    0.7950956E+02    0.2009346E+02   -0.1536954E+02   -0.4863905E+02   -0.1084666E+01   -0.1047427E+02   -0.7714341E+01   -0.7208898E-02   -0.1436800E-01   -0.2446409E-01   -0.1381575E-01   -0.1879779E-01   -0.2796440E-01    0.5397522E-01    0.1121575E+00    0.1613507E+00    0.1526824E+00    0.1698942E+00    0.1462185E+00   -0.1983362E-03   -0.3465154E-02
   -0.1761150E-03   -0.1704441E-02    0.9819822E-04    0.3306837E-02   -0.3815118E-01   -0.1760176E+00    0.1240008E-01   -0.2386432E-03   -0.2470924E+02   -0.2653552E+02   -0.1945699E+02    0.1987843E+03    0.1296919E+03    0.1013080E+03    0.5739168E+02   -0.1260724E+02   -0.2747289E+01   -0.1115321E+02   -0.6616056E+01   -0.4799713E+01   -0.3012806E-02   -0.4443662E-02   -0.5472931E-02   -0.3955096E-02   -0.4722157E-02   -0.2572809E-02   -0.8122511E-02    0.3540792E-01    0.3961215E-01    0.7174371E-01    0.6244940E-01    0.4643176E-01   -0.1776299E-03   -0.6454459E-03
   -0.2634447E-03   -0.6694483E-02    0.5870630E-03    0.7001404E-02   -0.6861075E-01   -0.4644912E+00    0.9936812E-02   -0.3161477E-02   -0.7107985E+02   -0.4810068E+02   -0.5679844E+01    0.7950956E+02    0.1013080E+03    0.1617837E+03    0.1186192E+03   -0.1003295E+02   -0.1372440E+02   -0.1609811E+02   -0.5847893E+01   -0.7115999E+01   -0.3064819E-02   -0.2439880E-02   -0.2904818E-02   -0.3576179E-02   -0.4287580E-02   -0.3692062E-02   -0.4229037E-01    0.3031493E-02    0.1473331E-01    0.5842585E-01    0.6144272E-01    0.8946229E-01   -0.8766502E-03    0.2195876E-02
   -0.2834896E-03   -0.6958608E-02    0.6352058E-03    0.7808662E-02   -0.9329961E-01   -0.4791397E+00    0.9927202E-02   -0.3343453E-02   -0.8567340E+02   -0.2917745E+02   -0.9061748E+00    0.2009346E+02    0.5739168E+02    0.1186192E+03    0.1521402E+03   -0.9642025E+01   -0.1734944E+02   -0.2167056E+02   -0.2676817E+02   -0.2875123E+02   -0.2767796E-02   -0.8908359E-03   -0.8228965E-03   -0.3810958E-02   -0.4524632E-02   -0.3689286E-02    0.6493095E-03    0.6664478E-02    0.4687183E-01    0.3672502E-01    0.1016934E+00    0.2524554E+00   -0.1146188E-02    0.5788425E-02
    0.2984250E-04    0.1200259E-02   -0.1211672E-03   -0.1439251E-02    0.1165808E-01    0.8233755E-01   -0.1713259E-02    0.4737975E-03   -0.2330425E+01   -0.1067490E+01    0.1309691E+00   -0.1536954E+02   -0.1260724E+02   -0.1003295E+02   -0.9642025E+01    0.8129688E+01    0.9283787E+00    0.2335920E+00    0.2606800E+00    0.2976853E+00   -0.1558340E-03    0.1149372E-03   -0.1182530E-03   -0.1429507E-04    0.5436411E-03   -0.2780284E-02   -0.1330251E-02   -0.5393280E-02   -0.6109836E-02   -0.9053780E-02   -0.8608183E-02   -0.3527817E-02   -0.1089712E-03    0.7099454E-04
    0.7583189E-03    0.1234376E-01   -0.1216378E-02   -0.1853067E-02    0.1709183E+00    0.8398790E+00    0.1239726E-01    0.2465357E-01    0.5353738E+01    0.3326772E+00   -0.3326738E+01   -0.4863905E+02   -0.2747289E+01   -0.1372440E+02   -0.1734944E+02    0.9283787E+00    0.1804143E+03    0.8218109E+02    0.7844434E+02    0.7475447E+02    0.3266488E-02    0.2048471E-02    0.1690449E-02    0.5612916E-02    0.5969180E-02    0.1150232E-02   -0.5027907E-01   -0.8945575E-01   -0.1255693E+00   -0.4414249E-01   -0.4638277E-01   -0.9954201E-01   -0.1332602E-01   -0.9140192E-04
    0.4895177E-03    0.1204784E-01   -0.1265911E-02   -0.3874710E-02    0.1784941E+00    0.8569622E+00   -0.3528502E-02    0.2383911E-01   -0.4299826E-01   -0.2465813E+01   -0.1995678E+01   -0.1084666E+01   -0.1115321E+02   -0.1609811E+02   -0.2167056E+02    0.2335920E+00    0.8218109E+02    0.1407593E+03    0.1418824E+03    0.1398416E+03    0.9782594E-02    0.6855764E-02    0.2552480E-02    0.8452701E-02    0.6314793E-02    0.6114649E-03   -0.1346736E-02   -0.5652667E-01   -0.1022188E+00   -0.5108696E-01   -0.6858627E-01   -0.1386851E+00    0.3595386E-02   -0.6071857E-04
    0.5052735E-03    0.1272464E-01   -0.1287677E-02   -0.1304352E-02    0.1987869E+00    0.9003604E+00    0.3285648E-02    0.2383156E-01   -0.4991296E+01   -0.8967882E+01    0.1806365E+01   -0.1047427E+02   -0.6616056E+01   -0.5847893E+01   -0.2676817E+02    0.2606800E+00    0.7844434E+02    0.1418824E+03    0.1783412E+03    0.1987928E+03    0.9214386E-02    0.5978850E-02    0.7954544E-03    0.7586058E-02    0.4019381E-02   -0.2708614E-02   -0.1756829E-01   -0.5453032E-01   -0.1237719E+00   -0.1543580E-01   -0.4583089E-01   -0.1011966E+00    0.3422873E-02   -0.4724308E-02
    0.5044713E-03    0.1308779E-01   -0.1321841E-02    0.1542562E-02    0.2048688E+00    0.9169368E+00    0.1014993E-01    0.2413957E-01   -0.9248838E+01   -0.9646699E+01    0.2346339E+01   -0.7714341E+01   -0.4799713E+01   -0.7115999E+01   -0.2875123E+02    0.2976853E+00    0.7475447E+02    0.1398416E+03    0.1987928E+03    0.2422737E+03    0.9502109E-02    0.5804819E-02   -0.2198980E-03    0.7082305E-02    0.2196494E-02   -0.4057967E-02   -0.1646571E-01   -0.4501477E-01   -0.1064159E+00   -0.2325276E-02   -0.1746778E-01   -0.2262063E-01    0.3457744E-02   -0.8895498E-02
    0.2584844E-06    0.1356766E-05   -0.2438060E-06    0.6683344E-05    0.7986917E-04    0.1961302E-03    0.1270758E-04    0.1449579E-04    0.4335277E-03    0.4433483E-03   -0.9756496E-04   -0.7208898E-02   -0.3012806E-02   -0.3064819E-02   -0.2767796E-02   -0.1558340E-03    0.3266488E-02    0.9782594E-02    0.9214386E-02    0.9502109E-02    0.7002517E-04    0.2535220E-04    0.3210215E-04    0.1383512E-04    0.1402341E-04    0.1397797E-04   -0.1038678E-03   -0.6317994E-04   -0.5911939E-04   -0.4178246E-04   -0.6423090E-04   -0.1514630E-03    0.8152193E-06   -0.8104164E-07
    0.2016749E-06    0.3582083E-06   -0.1637593E-06    0.7119324E-05    0.8071409E-04    0.1472634E-03    0.1135170E-04    0.1352507E-04   -0.1094736E-02    0.1575823E-03    0.3891651E-03   -0.1436800E-01   -0.4443662E-02   -0.2439880E-02   -0.8908359E-03    0.1149372E-03    0.2048471E-02    0.6855764E-02    0.5978850E-02    0.5804819E-02    0.2535220E-04    0.4221414E-04    0.3887003E-04    0.3080375E-04    0.3175144E-04    0.3110421E-04   -0.4729831E-04   -0.7899130E-04   -0.6016803E-04   -0.1147483E-03   -0.1163114E-03   -0.1448504E-03    0.6884175E-06    0.1999221E-06
    0.3209177E-06   -0.1645463E-06   -0.9031674E-07    0.9910463E-05    0.9768185E-04    0.1422605E-03    0.1641857E-04    0.1489196E-04   -0.4111516E-03    0.4556217E-03    0.6898226E-03   -0.2446409E-01   -0.5472931E-02   -0.2904818E-02   -0.8228965E-03   -0.1182530E-03    0.1690449E-02    0.2552480E-02    0.7954544E-03   -0.2198980E-03    0.3210215E-04    0.3887003E-04    0.1255419E-03    0.2619855E-04    0.6363185E-04    0.1197434E-03   -0.7522127E-04   -0.1079711E-03   -0.1758290E-03   -0.9468423E-04   -0.2419144E-03   -0.5615528E-03    0.5478894E-06    0.1796898E-06
    0.2377263E-06    0.1169625E-05   -0.2206682E-06    0.7801862E-05    0.8123765E-04    0.1911094E-03    0.1398812E-04    0.1442515E-04    0.1272214E-02    0.4275540E-03    0.1492920E-03   -0.1381575E-01   -0.3955096E-02   -0.3576179E-02   -0.3810958E-02   -0.1429507E-04    0.5612916E-02    0.8452701E-02    0.7586058E-02    0.7082305E-02    0.1383512E-04    0.3080375E-04    0.2619855E-04    0.8711017E-04    0.5744405E-04    0.3505362E-04    0.2253135E-04   -0.5241958E-04   -0.2695090E-04   -0.1671696E-03   -0.1464046E-03   -0.1967567E-03    0.2880343E-06    0.1137470E-06
    0.2426435E-06    0.8225243E-06   -0.1329582E-06    0.7588092E-05    0.7102630E-04    0.1574818E-03    0.1333241E-04    0.1234444E-04    0.1472698E-02    0.4619558E-03    0.3341897E-03   -0.1879779E-01   -0.4722157E-02   -0.4287580E-02   -0.4524632E-02    0.5436411E-03    0.5969180E-02    0.6314793E-02    0.4019381E-02    0.2196494E-02    0.1402341E-04    0.3175144E-04    0.6363185E-04    0.5744405E-04    0.1294218E-03    0.1602721E-03    0.3729231E-04   -0.4418851E-04   -0.4716192E-04   -0.1616876E-03   -0.2084644E-03   -0.4253398E-03    0.2828094E-06    0.3761001E-06
    0.2714438E-06   -0.6539391E-06    0.9670255E-07    0.1002910E-04    0.6153815E-04    0.7370713E-04    0.1589799E-04    0.1122921E-04    0.4264374E-02    0.2175558E-02    0.4552153E-03   -0.2796440E-01   -0.2572809E-02   -0.3692062E-02   -0.3689286E-02   -0.2780284E-02    0.1150232E-02    0.6114649E-03   -0.2708614E-02   -0.4057967E-02    0.1397797E-04    0.3110421E-04    0.1197434E-03    0.3505362E-04    0.1602721E-03    0.6577337E-03    0.5982610E-04   -0.4944708E-04   -0.1581807E-03   -0.1478873E-03   -0.3570993E-03   -0.6516376E-03    0.1260211E-05    0.2402015E-06
   -0.2011929E-05   -0.1816810E-05   -0.4335905E-07   -0.8282877E-04   -0.2730997E-03   -0.7871499E-03   -0.1695487E-03   -0.5581403E-04    0.6932733E-02    0.1802140E-01   -0.5846533E-02    0.5397522E-01   -0.8122511E-02   -0.4229037E-01    0.6493095E-03   -0.1330251E-02   -0.5027907E-01   -0.1346736E-02   -0.1756829E-01   -0.1646571E-01   -0.1038678E-03   -0.4729831E-04   -0.7522127E-04    0.2253135E-04    0.3729231E-04    0.5982610E-04    0.1328630E-01    0.8177306E-02    0.9310924E-02    0.1392395E-02    0.1666263E-02    0.2810508E-02    0.6956309E-05    0.5391180E-06
   -0.3227906E-05   -0.6234607E-05    0.4228272E-06   -0.6146741E-04   -0.2206467E-03   -0.1154046E-02   -0.1343006E-03   -0.6664063E-04    0.1392601E-01    0.9075108E-02   -0.4645627E-02    0.1121575E+00    0.3540792E-01    0.3031493E-02    0.6664478E-02   -0.5393280E-02   -0.8945575E-01   -0.5652667E-01   -0.5453032E-01   -0.4501477E-01   -0.6317994E-04   -0.7899130E-04   -0.1079711E-03   -0.5241958E-04   -0.4418851E-04   -0.4944708E-04    0.8177306E-02    0.1166449E-01    0.1312270E-01    0.8102758E-02    0.7900409E-02    0.7432007E-02    0.5399342E-05   -0.2748688E-05
   -0.4032350E-05   -0.1541917E-04    0.2158510E-05   -0.5829926E-04   -0.2546883E-03   -0.1903952E-02   -0.1410438E-03   -0.9515264E-04   -0.7939737E-02    0.1503018E-01   -0.7543430E-02    0.1613507E+00    0.3961215E-01    0.1473331E-01    0.4687183E-01   -0.6109836E-02   -0.1255693E+00   -0.1022188E+00   -0.1237719E+00   -0.1064159E+00   -0.5911939E-04   -0.6016803E-04   -0.1758290E-03   -0.2695090E-04   -0.4716192E-04   -0.1581807E-03    0.9310924E-02    0.1312270E-01    0.2565604E-01    0.4329171E-02    0.1148173E-01    0.2275850E-01    0.4779326E-05   -0.1418906E-05
   -0.4674258E-05    0.1094077E-04   -0.1148101E-05   -0.9749745E-04   -0.4730724E-03   -0.8534222E-03   -0.1716327E-03   -0.7925335E-04    0.1820407E-02   -0.8455474E-02    0.9500662E-03    0.1526824E+00    0.7174371E-01    0.5842585E-01    0.3672502E-01   -0.9053780E-02   -0.4414249E-01   -0.5108696E-01   -0.1543580E-01   -0.2325276E-02   -0.4178246E-04   -0.1147483E-03   -0.9468423E-04   -0.1671696E-03   -0.1616876E-03   -0.1478873E-03    0.1392395E-02    0.8102758E-02    0.4329171E-02    0.2210535E-01    0.1984059E-01    0.1390364E-01   -0.3069869E-05   -0.3799169E-05
   -0.6346501E-05    0.1061596E-04   -0.7328401E-06   -0.1528787E-03   -0.5643398E-03   -0.1511831E-02   -0.2808325E-03   -0.1335747E-03   -0.3513743E-01    0.1060972E-02    0.2670800E-02    0.1698942E+00    0.6244940E-01    0.6144272E-01    0.1016934E+00   -0.8608183E-02   -0.4638277E-01   -0.6858627E-01   -0.4583089E-01   -0.1746778E-01   -0.6423090E-04   -0.1163114E-03   -0.2419144E-03   -0.1464046E-03   -0.2084644E-03   -0.3570993E-03    0.1666263E-02    0.7900409E-02    0.1148173E-01    0.1984059E-01    0.2995810E-01    0.4186114E-01   -0.6368000E-05   -0.1815725E-05
   -0.1016069E-04    0.5976734E-05    0.3039417E-06   -0.2944691E-03   -0.9600810E-03   -0.3122579E-02   -0.5660010E-03   -0.2442041E-03   -0.1426226E+00    0.9303054E-02    0.1228908E-01    0.1462185E+00    0.4643176E-01    0.8946229E-01    0.2524554E+00   -0.3527817E-02   -0.9954201E-01   -0.1386851E+00   -0.1011966E+00   -0.2262063E-01   -0.1514630E-03   -0.1448504E-03   -0.5615528E-03   -0.1967567E-03   -0.4253398E-03   -0.6516376E-03    0.2810508E-02    0.7432007E-02    0.2275850E-01    0.1390364E-01    0.4186114E-01    0.1038489E+00   -0.1099363E-04    0.3996330E-05
   -0.3691844E-07   -0.3382981E-06    0.2378288E-07    0.1669594E-06   -0.1329333E-05   -0.1647221E-04   -0.1538467E-05   -0.1528583E-06    0.2388656E-03    0.6435495E-04   -0.1808088E-03   -0.1983362E-03   -0.1776299E-03   -0.8766502E-03   -0.1146188E-02   -0.1089712E-03   -0.1332602E-01    0.3595386E-02    0.3422873E-02    0.3457744E-02    0.8152193E-06    0.6884175E-06    0.5478894E-06    0.2880343E-06    0.2828094E-06    0.1260211E-05    0.6956309E-05    0.5399342E-05    0.4779326E-05   -0.3069869E-05   -0.6368000E-05   -0.1099363E-04    0.2379637E-05   -0.8295339E-08
   -0.8779680E-08   -0.2880182E-06    0.2101893E-07   -0.2802306E-06   -0.4623393E-05   -0.1672043E-04   -0.1228998E-05   -0.1211258E-06   -0.3071893E-02   -0.2558522E-03    0.1905081E-03   -0.3465154E-02   -0.6454459E-03    0.2195876E-02    0.5788425E-02    0.7099454E-04   -0.9140192E-04   -0.6071857E-04   -0.4724308E-02   -0.8895498E-02   -0.8104164E-07    0.1999221E-06    0.1796898E-06    0.1137470E-06    0.3761001E-06    0.2402015E-06    0.5391180E-06   -0.2748688E-05   -0.1418906E-05   -0.3799169E-05   -0.1815725E-05    0.3996330E-05   -0.8295339E-08    0.1242350E-05
