# omegabh2 omegach2 theta tau alpha1 logA ns calPlanck acib217 xi asz143 aps100 aps143 aps143217 aps217 aksz kgal100 kgal143 kgal143217 kgal217 galfEE100 galfEE100143 galfEE100217 galfEE143 galfEE143217 galfEE217 galfTE100 galfTE100143 galfTE100217 galfTE143 galfTE143217 galfTE217 cal0 cal2
    0.2652058E-07   -0.1305588E-06    0.1577061E-07    0.1103396E-05   -0.1138275E-07    0.1979158E-05    0.3170694E-06   -0.1143066E-07   -0.1645080E-03    0.2523060E-05    0.3214027E-04   -0.4549623E-03   -0.2537849E-03   -0.1770066E-04    0.1058924E-03   -0.5500132E-04   -0.3721688E-05   -0.4025380E-05   -0.8640510E-05    0.4163921E-04    0.1412265E-06    0.4007086E-07   -0.5368183E-07    0.5233150E-07    0.1265287E-07    0.3277093E-06   -0.2828857E-07   -0.1186758E-06    0.6852973E-06   -0.2521119E-06   -0.4049466E-06   -0.1480139E-05    0.6319984E-08   -0.1176793E-07
   -0.1305588E-06    0.3493724E-05   -0.5619056E-06   -0.1240012E-04   -0.6146000E-06   -0.1483120E-04   -0.1183328E-04   -0.9835852E-07    0.1226443E-02   -0.2392216E-04   -0.2843794E-03    0.5452809E-02    0.2046157E-02   -0.7391756E-05   -0.7707620E-03    0.3915679E-03   -0.2084728E-04   -0.1381839E-04    0.6350875E-04   -0.2877447E-03   -0.3296018E-06    0.9672829E-07    0.3190580E-06   -0.8365160E-07    0.1371615E-06   -0.2917736E-05    0.5171225E-05    0.2046504E-05   -0.6232082E-05    0.2346701E-05    0.2350877E-05    0.1026110E-04    0.4408605E-07    0.9906808E-07
    0.1577061E-07   -0.5619056E-06    0.2090855E-06    0.1398383E-05    0.1848579E-06    0.1111298E-05    0.2380448E-05    0.2477601E-07   -0.2365113E-03    0.4301881E-05    0.4180299E-04   -0.7159288E-03   -0.2590988E-03    0.3181750E-04    0.2030207E-03   -0.6004636E-04   -0.2302303E-05    0.6389086E-05    0.1400731E-04    0.1122984E-03   -0.3072445E-06   -0.1204054E-06   -0.1098143E-06   -0.1188281E-06    0.6408513E-08    0.2377675E-06   -0.8924534E-06   -0.4863275E-07    0.1668904E-05   -0.3270089E-06   -0.1915671E-06   -0.1663394E-05   -0.1116109E-07   -0.1203065E-07
    0.1103396E-05   -0.1240012E-04    0.1398383E-05    0.3140998E-03    0.9905948E-07    0.5934470E-03    0.4476424E-04   -0.1572546E-05   -0.1662757E-01    0.2727272E-03    0.2948502E-02   -0.5335990E-01   -0.2073734E-01    0.1364709E-02    0.1375720E-01   -0.5744170E-02   -0.8829129E-03   -0.1291415E-02   -0.1879760E-02    0.2219651E-02    0.6409759E-05    0.3137551E-05   -0.1996904E-05    0.3299675E-05   -0.1481508E-05    0.1405220E-04   -0.1116775E-04   -0.2545525E-05    0.8981535E-04   -0.1204664E-04   -0.6870484E-05   -0.6386863E-04    0.5953989E-07   -0.1673570E-05
   -0.1138275E-07   -0.6146000E-06    0.1848579E-06    0.9905948E-07    0.3444608E-06   -0.1914965E-05    0.2944807E-05    0.7959275E-07   -0.2029744E-03    0.5641004E-05    0.4113139E-04   -0.7374109E-03   -0.1409236E-03    0.1663245E-03    0.2548920E-03   -0.5581075E-04   -0.1221824E-04    0.5506385E-05    0.2870059E-04    0.1411188E-03   -0.6309494E-06   -0.2592260E-06   -0.9961229E-08   -0.2777396E-06   -0.8921785E-07   -0.3176973E-06   -0.2478460E-05   -0.4666434E-06    0.1203086E-05   -0.1578782E-06    0.1314327E-06    0.1163214E-05   -0.1952067E-07   -0.5844236E-08
    0.1979158E-05   -0.1483120E-04    0.1111298E-05    0.5934470E-03   -0.1914965E-05    0.1175202E-02    0.5237940E-04    0.8981761E-05   -0.2946473E-01    0.5097608E-03    0.5317176E-02   -0.8883261E-01   -0.3463384E-01    0.5442115E-02    0.3043320E-01   -0.1147784E-01   -0.1893881E-02   -0.3182930E-02   -0.3928207E-02    0.5036989E-02    0.1572291E-04    0.7053271E-05   -0.3567809E-05    0.8169277E-05   -0.9732582E-06    0.1895967E-04   -0.5645226E-05    0.4998645E-06    0.1547557E-03   -0.2046886E-04   -0.1617564E-04   -0.1057896E-03    0.6261331E-06   -0.3091384E-05
    0.3170694E-06   -0.1183328E-04    0.2380448E-05    0.4476424E-04    0.2944807E-05    0.5237940E-04    0.5307640E-04    0.4979158E-06   -0.8382444E-02    0.1930703E-03    0.1937365E-02   -0.3877904E-01   -0.1024975E-01    0.4412054E-02    0.9342624E-02   -0.3405274E-02    0.1520517E-03   -0.1253602E-03   -0.5283497E-03    0.1708983E-02    0.5290364E-06   -0.3054367E-06   -0.8440814E-06   -0.7470936E-07   -0.2123477E-06    0.7186402E-05   -0.1906603E-04   -0.4008367E-05    0.2487214E-04   -0.4519972E-05   -0.5412168E-05   -0.3455809E-04   -0.3563539E-06   -0.6443925E-06
   -0.1143066E-07   -0.9835852E-07    0.2477601E-07   -0.1572546E-05    0.7959275E-07    0.8981761E-05    0.4979158E-06    0.6226105E-05    0.1162469E-02   -0.5992099E-05    0.1116773E-03    0.1968042E-02    0.5887200E-03    0.5426667E-03    0.8552141E-03   -0.1327044E-03    0.4144566E-04   -0.5200595E-04    0.5957726E-04    0.6373902E-03    0.1651447E-05    0.1643817E-06    0.9062686E-07    0.7538272E-06    0.9452596E-06   -0.4953337E-06   -0.3035914E-07    0.5664136E-06   -0.3383127E-05   -0.2597872E-06   -0.3323601E-05    0.2749380E-06    0.4200194E-07    0.4897518E-07
   -0.1645080E-03    0.1226443E-02   -0.2365113E-03   -0.1662757E-01   -0.2029744E-03   -0.2946473E-01   -0.8382444E-02    0.1162469E-02    0.4851610E+02   -0.4262063E+00   -0.1797856E+01    0.4355432E+02    0.1786507E+01   -0.1958824E+02   -0.6542319E+02    0.3505369E+00   -0.8914214E-01    0.3169764E+00   -0.3194380E+01   -0.2470373E+02   -0.5186492E-03    0.3853454E-03   -0.6437742E-04    0.1425124E-02    0.1513891E-02   -0.7826488E-02    0.2238430E-02    0.1348154E-02   -0.1897876E-01   -0.1767985E-02   -0.3849580E-02    0.1835392E-01   -0.1907827E-03    0.4531033E-02
    0.2523060E-05   -0.2392216E-04    0.4301881E-05    0.2727272E-03    0.5641004E-05    0.5097608E-03    0.1930703E-03   -0.5992099E-05   -0.4262063E+00    0.7972245E-01   -0.7811642E-01   -0.3082385E+00    0.9457528E+00    0.1692687E+01    0.6603676E+00    0.6800501E-01   -0.3107092E-02    0.1454656E-02    0.6538667E-01    0.3477813E-01   -0.2965550E-04    0.9818899E-05   -0.2372355E-04   -0.8074801E-05   -0.6685629E-04   -0.1568449E-03   -0.8713234E-04   -0.8440760E-05   -0.5370117E-03   -0.4117625E-05   -0.3379758E-04   -0.3023094E-03    0.1107642E-04   -0.1670857E-04
    0.3214027E-04   -0.2843794E-03    0.4180299E-04    0.2948502E-02    0.4113139E-04    0.5317176E-02    0.1937365E-02    0.1116773E-03   -0.1797856E+01   -0.7811642E-01    0.3730000E+01   -0.2966366E+02   -0.4016873E+01    0.7562122E+01    0.6609582E+01   -0.2515725E+01   -0.1753514E+00    0.7519031E-01    0.2416122E+01    0.2262138E+01    0.4353073E-03    0.7466592E-04   -0.2522709E-03    0.4880369E-04    0.3665385E-03   -0.6417072E-03    0.1914904E-02   -0.2890116E-03    0.6954986E-02   -0.1552095E-02    0.1124499E-02    0.8520924E-03    0.1779496E-03   -0.3560043E-03
   -0.4549623E-03    0.5452809E-02   -0.7159288E-03   -0.5335990E-01   -0.7374109E-03   -0.8883261E-01   -0.3877904E-01    0.1968042E-02    0.4355432E+02   -0.3082385E+00   -0.2966366E+02    0.7182623E+03    0.7019038E+02   -0.5875958E+02   -0.7115845E+02    0.1257308E+02   -0.8935938E+00   -0.3859408E+00   -0.1256385E+02   -0.2098870E+02   -0.6837775E-02   -0.1724464E-02    0.6054162E-02   -0.1214281E-02   -0.1137772E-01    0.2041132E-03    0.3260098E-01   -0.2357030E-03   -0.5379192E-01    0.1911246E-01   -0.2745040E-01    0.7253288E-01    0.4348532E-02    0.4232297E-02
   -0.2537849E-03    0.2046157E-02   -0.2590988E-03   -0.2073734E-01   -0.1409236E-03   -0.3463384E-01   -0.1024975E-01    0.5887200E-03    0.1786507E+01    0.9457528E+00   -0.4016873E+01    0.7019038E+02    0.5614973E+02    0.3839311E+02    0.1396621E+02   -0.3793186E+01   -0.1996399E+00   -0.8994868E+00    0.3421126E+01    0.3040033E+01   -0.2443113E-02   -0.2197113E-03    0.1315346E-02   -0.5672652E-03   -0.2221389E-02    0.3722741E-02    0.4185109E-02    0.2931906E-02   -0.2770475E-01    0.3131377E-02   -0.2836458E-02    0.2042346E-01    0.2532110E-03    0.4109595E-03
   -0.1770066E-04   -0.7391756E-05    0.3181750E-04    0.1364709E-02    0.1663245E-03    0.5442115E-02    0.4412054E-02    0.5426667E-03   -0.1958824E+02    0.1692687E+01    0.7562122E+01   -0.5875958E+02    0.3839311E+02    0.8881594E+02    0.6132435E+02   -0.1103496E+02   -0.5089576E+00   -0.4457041E+00    0.3939149E+01    0.4573023E+01   -0.9935281E-03    0.1206269E-03   -0.5896252E-03   -0.6932261E-03   -0.1500201E-02   -0.2861661E-03    0.6646164E-02   -0.5543722E-04    0.1135728E-01   -0.3654945E-02    0.3619124E-02    0.1984355E-01    0.8656693E-03   -0.2341087E-02
    0.1058924E-03   -0.7707620E-03    0.2030207E-03    0.1375720E-01    0.2548920E-03    0.3043320E-01    0.9342624E-02    0.8552141E-03   -0.6542319E+02    0.6603676E+00    0.6609582E+01   -0.7115845E+02    0.1396621E+02    0.6132435E+02    0.1219968E+03   -0.9369769E+01   -0.3035524E+00   -0.7014506E+00    0.4881026E+00    0.2120431E+02   -0.4066725E-04   -0.3177562E-03    0.5407227E-03   -0.1845800E-02   -0.1756078E-02    0.8116085E-02    0.1228963E-02   -0.3620466E-02    0.2940081E-01    0.1536454E-02    0.1013461E-01    0.2301163E-02    0.6840501E-03   -0.7698706E-02
   -0.5500132E-04    0.3915679E-03   -0.6004636E-04   -0.5744170E-02   -0.5581075E-04   -0.1147784E-01   -0.3405274E-02   -0.1327044E-03    0.3505369E+00    0.6800501E-01   -0.2515725E+01    0.1257308E+02   -0.3793186E+01   -0.1103496E+02   -0.9369769E+01    0.5518133E+01    0.5165364E-01   -0.1466803E+00   -0.1917774E+01   -0.1568528E+01   -0.4330115E-03   -0.3488733E-03    0.6989052E-05   -0.3032551E-03    0.3745615E-03   -0.1393522E-02   -0.1344031E-02    0.2798433E-03   -0.5559671E-02    0.1111708E-02   -0.6434227E-03   -0.1815350E-02   -0.1282579E-03    0.1164849E-03
   -0.3721688E-05   -0.2084728E-04   -0.2302303E-05   -0.8829129E-03   -0.1221824E-04   -0.1893881E-02    0.1520517E-03    0.4144566E-04   -0.8914214E-01   -0.3107092E-02   -0.1753514E+00   -0.8935938E+00   -0.1996399E+00   -0.5089576E+00   -0.3035524E+00    0.5165364E-01    0.3286660E+01    0.7702879E+00    0.4612836E+00    0.7401401E+00    0.4178190E-03    0.8229235E-04   -0.1766863E-03   -0.1780392E-04   -0.1116567E-03   -0.1051340E-02   -0.5060874E-02    0.8039880E-03    0.1011242E-04    0.1182344E-02    0.3714407E-03   -0.9201139E-03    0.4630288E-03    0.3249981E-04
   -0.4025380E-05   -0.1381839E-04    0.6389086E-05   -0.1291415E-02    0.5506385E-05   -0.3182930E-02   -0.1253602E-03   -0.5200595E-04    0.3169764E+00    0.1454656E-02    0.7519031E-01   -0.3859408E+00   -0.8994868E+00   -0.4457041E+00   -0.7014506E+00   -0.1466803E+00    0.7702879E+00    0.3090000E+01    0.2538974E+01    0.1635735E+01    0.6830395E-03    0.3993870E-04    0.6156984E-04   -0.7720276E-04    0.3248238E-03   -0.2675630E-03    0.2783357E-02   -0.3572974E-03    0.3514555E-03   -0.3566765E-03    0.1022181E-02    0.4587230E-03   -0.4365369E-03   -0.1986963E-03
   -0.8640510E-05    0.6350875E-04    0.1400731E-04   -0.1879760E-02    0.2870059E-04   -0.3928207E-02   -0.5283497E-03    0.5957726E-04   -0.3194380E+01    0.6538667E-01    0.2416122E+01   -0.1256385E+02    0.3421126E+01    0.3939149E+01    0.4881026E+00   -0.1917774E+01    0.4612836E+00    0.2538974E+01    0.1798966E+02    0.2761600E+02    0.2334267E-03   -0.1296100E-03    0.1635108E-03    0.1327186E-03   -0.1351045E-02   -0.9252419E-03    0.6314110E-02    0.1260364E-02   -0.1884671E-02   -0.2021445E-03   -0.2042019E-02   -0.4528218E-02   -0.8652630E-04    0.2442584E-02
    0.4163921E-04   -0.2877447E-03    0.1122984E-03    0.2219651E-02    0.1411188E-03    0.5036989E-02    0.1708983E-02    0.6373902E-03   -0.2470373E+02    0.3477813E-01    0.2262138E+01   -0.2098870E+02    0.3040033E+01    0.4573023E+01    0.2120431E+02   -0.1568528E+01    0.7401401E+00    0.1635735E+01    0.2761600E+02    0.6198125E+02    0.2824539E-03   -0.6833588E-03    0.5427284E-03   -0.2473793E-03   -0.3910216E-02    0.3846679E-02    0.5983233E-02    0.2004554E-02    0.1824832E-01    0.4271749E-03   -0.4106834E-02   -0.1323012E-01   -0.8280333E-04    0.4285345E-02
    0.1412265E-06   -0.3296018E-06   -0.3072445E-06    0.6409759E-05   -0.6309494E-06    0.1572291E-04    0.5290364E-06    0.1651447E-05   -0.5186492E-03   -0.2965550E-04    0.4353073E-03   -0.6837775E-02   -0.2443113E-02   -0.9935281E-03   -0.4066725E-04   -0.4330115E-03    0.4178190E-03    0.6830395E-03    0.2334267E-03    0.2824539E-03    0.1273992E-03    0.1158335E-04   -0.2706118E-05    0.3936321E-05   -0.3620048E-05   -0.1044877E-04    0.7582771E-06   -0.1801065E-05   -0.2594846E-04   -0.4319717E-06   -0.1416379E-06   -0.4164508E-04   -0.1857512E-06   -0.3257188E-06
    0.4007086E-07    0.9672829E-07   -0.1204054E-06    0.3137551E-05   -0.2592260E-06    0.7053271E-05   -0.3054367E-06    0.1643817E-06    0.3853454E-03    0.9818899E-05    0.7466592E-04   -0.1724464E-02   -0.2197113E-03    0.1206269E-03   -0.3177562E-03   -0.3488733E-03    0.8229235E-04    0.3993870E-04   -0.1296100E-03   -0.6833588E-03    0.1158335E-04    0.1418051E-04    0.5184872E-06    0.6399625E-05    0.1300761E-05   -0.1783357E-05   -0.1436827E-05   -0.1789308E-05   -0.6419103E-05   -0.5692726E-07   -0.1246279E-05    0.4356038E-05   -0.9987405E-07   -0.9746347E-07
   -0.5368183E-07    0.3190580E-06   -0.1098143E-06   -0.1996904E-05   -0.9961229E-08   -0.3567809E-05   -0.8440814E-06    0.9062686E-07   -0.6437742E-04   -0.2372355E-04   -0.2522709E-03    0.6054162E-02    0.1315346E-02   -0.5896252E-03    0.5407227E-03    0.6989052E-05   -0.1766863E-03    0.6156984E-04    0.1635108E-03    0.5427284E-03   -0.2706118E-05    0.5184872E-06    0.2186445E-03    0.1045194E-05    0.4467874E-05   -0.4193130E-05   -0.2020687E-04   -0.9953756E-05    0.5448233E-04    0.2328802E-05   -0.1209858E-04    0.1779031E-04    0.2956873E-07    0.6418907E-07
    0.5233150E-07   -0.8365160E-07   -0.1188281E-06    0.3299675E-05   -0.2777396E-06    0.8169277E-05   -0.7470936E-07    0.7538272E-06    0.1425124E-02   -0.8074801E-05    0.4880369E-04   -0.1214281E-02   -0.5672652E-03   -0.6932261E-03   -0.1845800E-02   -0.3032551E-03   -0.1780392E-04   -0.7720276E-04    0.1327186E-03   -0.2473793E-03    0.3936321E-05    0.6399625E-05    0.1045194E-05    0.3077797E-04   -0.1360463E-05   -0.1852880E-05   -0.4933579E-05   -0.8794896E-06   -0.1850079E-04    0.1583267E-05   -0.6913420E-05   -0.7306297E-05   -0.2184476E-07    0.2423577E-06
    0.1265287E-07    0.1371615E-06    0.6408513E-08   -0.1481508E-05   -0.8921785E-07   -0.9732582E-06   -0.2123477E-06    0.9452596E-06    0.1513891E-02   -0.6685629E-04    0.3665385E-03   -0.1137772E-01   -0.2221389E-02   -0.1500201E-02   -0.1756078E-02    0.3745615E-03   -0.1116567E-03    0.3248238E-03   -0.1351045E-02   -0.3910216E-02   -0.3620048E-05    0.1300761E-05    0.4467874E-05   -0.1360463E-05    0.3859430E-03    0.6687981E-05   -0.1577563E-04   -0.1438658E-04    0.1999295E-04   -0.1357810E-05    0.1327420E-04   -0.1662275E-04   -0.2102846E-06   -0.3565857E-06
    0.3277093E-06   -0.2917736E-05    0.2377675E-06    0.1405220E-04   -0.3176973E-06    0.1895967E-04    0.7186402E-05   -0.4953337E-06   -0.7826488E-02   -0.1568449E-03   -0.6417072E-03    0.2041132E-03    0.3722741E-02   -0.2861661E-03    0.8116085E-02   -0.1393522E-02   -0.1051340E-02   -0.2675630E-03   -0.9252419E-03    0.3846679E-02   -0.1044877E-04   -0.1783357E-05   -0.4193130E-05   -0.1852880E-05    0.6687981E-05    0.3509435E-02   -0.2919279E-04   -0.1313389E-04    0.9351048E-04   -0.1779733E-04   -0.1272406E-03   -0.4373262E-04   -0.3540013E-06   -0.1768281E-05
   -0.2828857E-07    0.5171225E-05   -0.8924534E-06   -0.1116775E-04   -0.2478460E-05   -0.5645226E-05   -0.1906603E-04   -0.3035914E-07    0.2238430E-02   -0.8713234E-04    0.1914904E-02    0.3260098E-01    0.4185109E-02    0.6646164E-02    0.1228963E-02   -0.1344031E-02   -0.5060874E-02    0.2783357E-02    0.6314110E-02    0.5983233E-02    0.7582771E-06   -0.1436827E-05   -0.2020687E-04   -0.4933579E-05   -0.1577563E-04   -0.2919279E-04    0.5583104E-02    0.1773886E-02    0.1476698E-02   -0.6719946E-03   -0.1019172E-03   -0.4530248E-04    0.1424128E-05    0.1078312E-05
   -0.1186758E-06    0.2046504E-05   -0.4863275E-07   -0.2545525E-05   -0.4666434E-06    0.4998645E-06   -0.4008367E-05    0.5664136E-06    0.1348154E-02   -0.8440760E-05   -0.2890116E-03   -0.2357030E-03    0.2931906E-02   -0.5543722E-04   -0.3620466E-02    0.2798433E-03    0.8039880E-03   -0.3572974E-03    0.1260364E-02    0.2004554E-02   -0.1801065E-05   -0.1789308E-05   -0.9953756E-05   -0.8794896E-06   -0.1438658E-04   -0.1313389E-04    0.1773886E-02    0.1197833E-02    0.6056919E-03    0.2122229E-03    0.1348860E-04   -0.2484865E-03    0.1104754E-06    0.4846234E-06
    0.6852973E-06   -0.6232082E-05    0.1668904E-05    0.8981535E-04    0.1203086E-05    0.1547557E-03    0.2487214E-04   -0.3383127E-05   -0.1897876E-01   -0.5370117E-03    0.6954986E-02   -0.5379192E-01   -0.2770475E-01    0.1135728E-01    0.2940081E-01   -0.5559671E-02    0.1011242E-04    0.3514555E-03   -0.1884671E-02    0.1824832E-01   -0.2594846E-04   -0.6419103E-05    0.5448233E-04   -0.1850079E-04    0.1999295E-04    0.9351048E-04    0.1476698E-02    0.6056919E-03    0.3232103E-01   -0.7382439E-03    0.1338667E-02    0.1034597E-01    0.2901665E-06    0.4345203E-05
   -0.2521119E-06    0.2346701E-05   -0.3270089E-06   -0.1204664E-04   -0.1578782E-06   -0.2046886E-04   -0.4519972E-05   -0.2597872E-06   -0.1767985E-02   -0.4117625E-05   -0.1552095E-02    0.1911246E-01    0.3131377E-02   -0.3654945E-02    0.1536454E-02    0.1111708E-02    0.1182344E-02   -0.3566765E-03   -0.2021445E-03    0.4271749E-03   -0.4319717E-06   -0.5692726E-07    0.2328802E-05    0.1583267E-05   -0.1357810E-05   -0.1779733E-04   -0.6719946E-03    0.2122229E-03   -0.7382439E-03    0.1399136E-02    0.1589013E-03   -0.4609044E-03    0.1910489E-06   -0.5861348E-06
   -0.4049466E-06    0.2350877E-05   -0.1915671E-06   -0.6870484E-05    0.1314327E-06   -0.1617564E-04   -0.5412168E-05   -0.3323601E-05   -0.3849580E-02   -0.3379758E-04    0.1124499E-02   -0.2745040E-01   -0.2836458E-02    0.3619124E-02    0.1013461E-01   -0.6434227E-03    0.3714407E-03    0.1022181E-02   -0.2042019E-02   -0.4106834E-02   -0.1416379E-06   -0.1246279E-05   -0.1209858E-04   -0.6913420E-05    0.1327420E-04   -0.1272406E-03   -0.1019172E-03    0.1348860E-04    0.1338667E-02    0.1589013E-03    0.5177307E-02    0.3949465E-02   -0.6498280E-08   -0.6109011E-06
   -0.1480139E-05    0.1026110E-04   -0.1663394E-05   -0.6386863E-04    0.1163214E-05   -0.1057896E-03   -0.3455809E-04    0.2749380E-06    0.1835392E-01   -0.3023094E-03    0.8520924E-03    0.7253288E-01    0.2042346E-01    0.1984355E-01    0.2301163E-02   -0.1815350E-02   -0.9201139E-03    0.4587230E-03   -0.4528218E-02   -0.1323012E-01   -0.4164508E-04    0.4356038E-05    0.1779031E-04   -0.7306297E-05   -0.1662275E-04   -0.4373262E-04   -0.4530248E-04   -0.2484865E-03    0.1034597E-01   -0.4609044E-03    0.3949465E-02    0.3501371E-01   -0.1107001E-06    0.7474089E-06
    0.6319984E-08    0.4408605E-07   -0.1116109E-07    0.5953989E-07   -0.1952067E-07    0.6261331E-06   -0.3563539E-06    0.4200194E-07   -0.1907827E-03    0.1107642E-04    0.1779496E-03    0.4348532E-02    0.2532110E-03    0.8656693E-03    0.6840501E-03   -0.1282579E-03    0.4630288E-03   -0.4365369E-03   -0.8652630E-04   -0.8280333E-04   -0.1857512E-06   -0.9987405E-07    0.2956873E-07   -0.2184476E-07   -0.2102846E-06   -0.3540013E-06    0.1424128E-05    0.1104754E-06    0.2901665E-06    0.1910489E-06   -0.6498280E-08   -0.1107001E-06    0.5452438E-06    0.1308029E-07
   -0.1176793E-07    0.9906808E-07   -0.1203065E-07   -0.1673570E-05   -0.5844236E-08   -0.3091384E-05   -0.6443925E-06    0.4897518E-07    0.4531033E-02   -0.1670857E-04   -0.3560043E-03    0.4232297E-02    0.4109595E-03   -0.2341087E-02   -0.7698706E-02    0.1164849E-03    0.3249981E-04   -0.1986963E-03    0.2442584E-02    0.4285345E-02   -0.3257188E-06   -0.9746347E-07    0.6418907E-07    0.2423577E-06   -0.3565857E-06   -0.1768281E-05    0.1078312E-05    0.4846234E-06    0.4345203E-05   -0.5861348E-06   -0.6109011E-06    0.7474089E-06    0.1308029E-07    0.2077604E-05
