# omegabh2 omegach2 theta tau Alens logA ns calPlanck acib217 xi asz143 aps100 aps143 aps143217 aps217 aksz kgal100 kgal143 kgal143217 kgal217 galfEE100 galfEE100143 galfEE100217 galfEE143 galfEE143217 galfEE217 galfTE100 galfTE100143 galfTE100217 galfTE143 galfTE143217 galfTE217 cal0 cal2
    0.3163108E-07   -0.1937561E-06    0.2683283E-07    0.2087174E-07    0.6226003E-05   -0.2995117E-06    0.4865326E-06    0.2198022E-08   -0.1619812E-03    0.4385109E-05    0.1629203E-04   -0.4929293E-03   -0.3338639E-03   -0.1008591E-03    0.3234803E-04   -0.3753872E-04   -0.6282131E-05   -0.1154321E-04   -0.5301414E-04   -0.3053813E-04    0.1122039E-06    0.4653502E-07   -0.5698975E-07    0.4814711E-07    0.3417889E-07    0.3397950E-07   -0.6998992E-06   -0.3001049E-06   -0.3492297E-06   -0.1503686E-06   -0.4223451E-06   -0.2408784E-05    0.7754316E-08   -0.1942837E-07
   -0.1937561E-06    0.2537792E-05   -0.2305845E-06   -0.1295578E-05   -0.5744016E-04    0.3477385E-05   -0.6343838E-05    0.7194187E-07    0.8430082E-03   -0.2566389E-04   -0.1235960E-03    0.3920657E-02    0.2185539E-02    0.6716583E-03   -0.1931171E-04    0.2288526E-03    0.1868543E-04    0.4206118E-04    0.4108501E-03    0.5104712E-03   -0.1529149E-05   -0.4795540E-06    0.2244872E-06   -0.5548419E-06   -0.2100445E-06   -0.1588460E-05    0.5143306E-05    0.2075072E-05   -0.5563552E-07    0.4547675E-06    0.2317048E-05    0.1260282E-04   -0.1140496E-07    0.1474374E-06
    0.2683283E-07   -0.2305845E-06    0.1065320E-06    0.2436981E-06    0.6040852E-05    0.6321549E-07    0.7214076E-06    0.1453934E-07   -0.1187069E-03    0.2562311E-05    0.1192602E-04   -0.2327299E-03   -0.1911430E-03   -0.5577061E-04    0.3553421E-04   -0.2870955E-04   -0.6118488E-05   -0.6196160E-05   -0.3466701E-04   -0.6720737E-05    0.1067584E-06    0.2555134E-07   -0.1516359E-06    0.5514002E-07   -0.6630076E-07   -0.2871344E-07   -0.7513330E-06   -0.3107761E-06    0.6798350E-06    0.8132381E-07   -0.1619631E-06   -0.1622959E-05    0.3092136E-08   -0.1718298E-07
    0.2087174E-07   -0.1295578E-05    0.2436981E-06    0.3901455E-03   -0.8720352E-03    0.7751515E-03    0.1110511E-04    0.1974405E-06   -0.4982798E-03    0.4641562E-04   -0.1103785E-05    0.2864670E-03   -0.3412473E-03    0.3557507E-03   -0.3398906E-03   -0.1547322E-02   -0.9436525E-03   -0.5707705E-03   -0.5976764E-03   -0.5323294E-03    0.2550951E-05    0.4435677E-06    0.2088721E-05   -0.4707873E-06    0.3163861E-05    0.1231711E-04   -0.7073608E-05   -0.8386231E-06   -0.2078409E-05   -0.8468943E-05   -0.7403787E-05   -0.2320914E-04    0.1464139E-06   -0.6199372E-07
    0.6226003E-05   -0.5744016E-04    0.6040852E-05   -0.8720352E-03    0.6172496E-02   -0.1894867E-02    0.1385186E-03   -0.1639618E-04   -0.4953320E-01    0.1240761E-02    0.4866632E-02   -0.1930777E+00   -0.9640124E-01   -0.2440666E-01    0.1642868E-01   -0.9503601E-02    0.2593488E-02   -0.1956878E-02   -0.2087400E-01   -0.2149683E-01    0.2343182E-04    0.6810102E-05   -0.2310176E-04    0.1152347E-04    0.1153813E-04   -0.2710429E-04   -0.1491848E-03   -0.7564122E-04   -0.5221951E-04   -0.4442639E-05   -0.2351324E-04   -0.5073850E-03    0.1778108E-06   -0.7468947E-05
   -0.2995117E-06    0.3477385E-05    0.6321549E-07    0.7751515E-03   -0.1894867E-02    0.1583003E-02    0.4875089E-05    0.1274511E-04   -0.2591286E-03    0.1161955E-03   -0.2572641E-03    0.1435046E-01    0.6157157E-02    0.5942926E-02    0.6320926E-02   -0.3302971E-02   -0.1893406E-02   -0.1491996E-02   -0.4580529E-03    0.2078424E-02    0.3970456E-05    0.1589417E-06    0.3420911E-05   -0.1193994E-05    0.6979144E-05    0.2267467E-04   -0.3573696E-05    0.2228746E-07   -0.1417741E-04   -0.1762125E-04   -0.1709107E-04   -0.9261463E-05    0.6403954E-06    0.1805423E-07
    0.4865326E-06   -0.6343838E-05    0.7214076E-06    0.1110511E-04    0.1385186E-03    0.4875089E-05    0.2565305E-04   -0.2582067E-06   -0.6059713E-02    0.1670515E-03    0.1035057E-02   -0.2886426E-01   -0.9376014E-02    0.1226087E-02    0.5123512E-02   -0.2407355E-02    0.5975078E-05   -0.3394453E-03   -0.1674785E-02   -0.9132761E-03    0.6768831E-05    0.1828834E-05   -0.1160214E-05    0.2218837E-05   -0.3416069E-07    0.6433342E-05   -0.5002087E-05   -0.1877011E-05    0.1329532E-04   -0.9602650E-06   -0.8248282E-05   -0.2287926E-04   -0.1700136E-06   -0.6857851E-06
    0.2198022E-08    0.7194187E-07    0.1453934E-07    0.1974405E-06   -0.1639618E-04    0.1274511E-04   -0.2582067E-06    0.5986055E-05    0.4376184E-03    0.1326802E-04    0.3998195E-05    0.3930178E-02    0.9472228E-03    0.9137004E-03    0.1735552E-02    0.7505279E-05    0.8265581E-04    0.4499522E-04    0.7377449E-04    0.7543783E-03    0.1915624E-05    0.2999689E-06   -0.4205889E-06    0.7091255E-06    0.3871994E-06    0.1946984E-05    0.1539664E-05   -0.6102867E-06   -0.1025322E-05   -0.4359163E-06   -0.3473409E-05    0.9894007E-05    0.5766906E-07   -0.6869931E-07
   -0.1619812E-03    0.8430082E-03   -0.1187069E-03   -0.4982798E-03   -0.4953320E-01   -0.2591286E-03   -0.6059713E-02    0.4376184E-03    0.4895011E+02   -0.4827454E+00   -0.1640953E+01    0.4312270E+02    0.1028376E+01   -0.2047996E+02   -0.6642449E+02    0.1710529E+00   -0.3370507E+00    0.3128273E+00   -0.3479867E+01   -0.2602602E+02   -0.7143881E-03   -0.4062266E-03    0.1493330E-02    0.2039847E-03   -0.8039556E-03    0.3783922E-02    0.2029684E-02    0.4947129E-03   -0.3233655E-02   -0.1674344E-02   -0.4589464E-02   -0.1975740E-01   -0.2475117E-03    0.4153569E-02
    0.4385109E-05   -0.2566389E-04    0.2562311E-05    0.4641562E-04    0.1240761E-02    0.1161955E-03    0.1670515E-03    0.1326802E-04   -0.4827454E+00    0.8058830E-01   -0.4697420E-01   -0.6752632E+00    0.9249886E+00    0.1820998E+01    0.7436359E+00    0.5344319E-01   -0.3469642E-02    0.9006168E-02    0.1148718E+00    0.1314093E+00    0.1025487E-04    0.1807073E-04   -0.9239499E-04    0.1488735E-04   -0.2426174E-04   -0.1497961E-03    0.4922951E-03    0.2703813E-03   -0.2177412E-03    0.1018046E-03   -0.1060836E-03   -0.6600970E-03    0.9081325E-05   -0.1463586E-04
    0.1629203E-04   -0.1235960E-03    0.1192602E-04   -0.1103785E-05    0.4866632E-02   -0.2572641E-03    0.1035057E-02    0.3998195E-05   -0.1640953E+01   -0.4697420E-01    0.3449910E+01   -0.2764020E+02   -0.3630246E+01    0.7246092E+01    0.5980115E+01   -0.2106102E+01   -0.1573774E+00    0.4212264E-01    0.2230994E+01    0.1862459E+01    0.5783584E-03    0.1926442E-03   -0.3742329E-04    0.7631493E-04    0.9036822E-03    0.1872928E-02    0.5050884E-03   -0.3796056E-03   -0.7628238E-03   -0.2142733E-02    0.1412227E-02    0.8462525E-03    0.1775550E-03   -0.3591268E-03
   -0.4929293E-03    0.3920657E-02   -0.2327299E-03    0.2864670E-03   -0.1930777E+00    0.1435046E-01   -0.2886426E-01    0.3930178E-02    0.4312270E+02   -0.6752632E+00   -0.2764020E+02    0.7056250E+03    0.6383353E+02   -0.6153779E+02   -0.7052022E+02    0.1162901E+02   -0.1876379E+00    0.1130709E+01   -0.1096700E+02   -0.1798001E+02   -0.6334743E-02   -0.1788410E-02    0.1380885E-02   -0.2196871E-02   -0.1142648E-01   -0.1634004E-01    0.4409019E-01   -0.5217342E-02    0.6707092E-02    0.1427203E-01    0.9786843E-02    0.8982987E-01    0.4248687E-02    0.4048585E-02
   -0.3338639E-03    0.2185539E-02   -0.1911430E-03   -0.3412473E-03   -0.9640124E-01    0.6157157E-02   -0.9376014E-02    0.9472228E-03    0.1028376E+01    0.9249886E+00   -0.3630246E+01    0.6383353E+02    0.5609355E+02    0.3957230E+02    0.1501033E+02   -0.3622665E+01   -0.5137844E+00   -0.9717907E+00    0.4425588E+01    0.4926188E+01   -0.2469310E-02   -0.5849011E-03    0.1048697E-02   -0.3342856E-03    0.1758291E-02   -0.6478052E-02    0.1090750E-01    0.2723732E-02   -0.7478271E-02    0.6730557E-03    0.7931635E-03    0.2954103E-01    0.1130036E-03    0.4885093E-03
   -0.1008591E-03    0.6716583E-03   -0.5577061E-04    0.3557507E-03   -0.2440666E-01    0.5942926E-02    0.1226087E-02    0.9137004E-03   -0.2047996E+02    0.1820998E+01    0.7246092E+01   -0.6153779E+02    0.3957230E+02    0.9058844E+02    0.6134204E+02   -0.9713807E+01   -0.6509315E+00   -0.4982840E+00    0.5016791E+01    0.6810379E+01    0.8752186E-03    0.5768845E-03   -0.1116464E-02    0.1439862E-03    0.2718326E-02    0.9015306E-03    0.1721974E-01    0.5273706E-02   -0.2173639E-01   -0.6476737E-03    0.1251566E-02    0.2220032E-01    0.7007468E-03   -0.2123434E-02
    0.3234803E-04   -0.1931171E-04    0.3553421E-04   -0.3398906E-03    0.1642868E-01    0.6320926E-02    0.5123512E-02    0.1735552E-02   -0.6642449E+02    0.7436359E+00    0.5980115E+01   -0.7052022E+02    0.1501033E+02    0.6134204E+02    0.1227381E+03   -0.8049640E+01   -0.9199561E-01   -0.7675419E+00    0.9756574E+00    0.2345619E+02    0.1800403E-02    0.5239531E-03   -0.7578335E-03   -0.2473019E-03    0.1952793E-02   -0.2055927E-02    0.3789319E-02   -0.9947759E-03   -0.1376145E-01    0.6560861E-03    0.4033374E-02    0.5848849E-01    0.6138347E-03   -0.7211422E-02
   -0.3753872E-04    0.2288526E-03   -0.2870955E-04   -0.1547322E-02   -0.9503601E-02   -0.3302971E-02   -0.2407355E-02    0.7505279E-05    0.1710529E+00    0.5344319E-01   -0.2106102E+01    0.1162901E+02   -0.3622665E+01   -0.9713807E+01   -0.8049640E+01    0.4760649E+01    0.1743587E+00    0.5319734E-01   -0.1398337E+01   -0.8980860E+00   -0.6663645E-03   -0.1646228E-03   -0.4217139E-03   -0.1045778E-03   -0.1125803E-02    0.2817970E-04   -0.2225900E-02    0.6665343E-03    0.3056658E-02    0.2502979E-02    0.1890296E-02   -0.1077532E-02   -0.8193850E-04    0.1377829E-03
   -0.6282131E-05    0.1868543E-04   -0.6118488E-05   -0.9436525E-03    0.2593488E-02   -0.1893406E-02    0.5975078E-05    0.8265581E-04   -0.3370507E+00   -0.3469642E-02   -0.1573774E+00   -0.1876379E+00   -0.5137844E+00   -0.6509315E+00   -0.9199561E-01    0.1743587E+00    0.3239583E+01    0.7763263E+00    0.3312925E+00    0.7207021E+00   -0.2483166E-03   -0.1050938E-03    0.4370084E-03   -0.4771548E-04   -0.5346624E-03   -0.5091249E-03   -0.3480724E-02    0.6888989E-03    0.5273038E-02    0.1372328E-02   -0.4078301E-03    0.3720644E-02    0.4608503E-03   -0.2111210E-04
   -0.1154321E-04    0.4206118E-04   -0.6196160E-05   -0.5707705E-03   -0.1956878E-02   -0.1491996E-02   -0.3394453E-03    0.4499522E-04    0.3128273E+00    0.9006168E-02    0.4212264E-01    0.1130709E+01   -0.9717907E+00   -0.4982840E+00   -0.7675419E+00    0.5319734E-01    0.7763263E+00    0.3092579E+01    0.2360317E+01    0.1353590E+01    0.6419949E-04   -0.1723168E-03    0.3640020E-03   -0.9548438E-04   -0.5516787E-03   -0.5827931E-03    0.6968953E-02    0.1088094E-02    0.4527411E-02   -0.3045463E-03    0.1075873E-02   -0.1541899E-03   -0.4010542E-03   -0.2056892E-03
   -0.5301414E-04    0.4108501E-03   -0.3466701E-04   -0.5976764E-03   -0.2087400E-01   -0.4580529E-03   -0.1674785E-02    0.7377449E-04   -0.3479867E+01    0.1148718E+00    0.2230994E+01   -0.1096700E+02    0.4425588E+01    0.5016791E+01    0.9756574E+00   -0.1398337E+01    0.3312925E+00    0.2360317E+01    0.1726434E+02    0.2656191E+02   -0.9427474E-03   -0.1674672E-03    0.2335758E-03   -0.1085132E-03    0.6796075E-03   -0.1654336E-02    0.7982776E-02    0.1476418E-02    0.1323352E-01   -0.2599469E-02    0.1685474E-02   -0.2956692E-02   -0.6747684E-04    0.2336956E-02
   -0.3053813E-04    0.5104712E-03   -0.6720737E-05   -0.5323294E-03   -0.2149683E-01    0.2078424E-02   -0.9132761E-03    0.7543783E-03   -0.2602602E+02    0.1314093E+00    0.1862459E+01   -0.1798001E+02    0.4926188E+01    0.6810379E+01    0.2345619E+02   -0.8980860E+00    0.7207021E+00    0.1353590E+01    0.2656191E+02    0.6145871E+02   -0.1771607E-02   -0.9682737E-04   -0.4441011E-03   -0.4046210E-03    0.1303138E-02   -0.3600459E-02    0.5633631E-02    0.9755082E-04    0.2847238E-01   -0.1481405E-03    0.2976764E-02    0.1272925E-01    0.1672969E-04    0.4226960E-02
    0.1122039E-06   -0.1529149E-05    0.1067584E-06    0.2550951E-05    0.2343182E-04    0.3970456E-05    0.6768831E-05    0.1915624E-05   -0.7143881E-03    0.1025487E-04    0.5783584E-03   -0.6334743E-02   -0.2469310E-02    0.8752186E-03    0.1800403E-02   -0.6663645E-03   -0.2483166E-03    0.6419949E-04   -0.9427474E-03   -0.1771607E-02    0.1277795E-03    0.1098890E-04   -0.1500799E-06    0.3037366E-05    0.1846000E-07    0.7376507E-05   -0.6880204E-05   -0.4445283E-05    0.7700814E-05   -0.4699417E-05   -0.7963233E-05    0.9316349E-05   -0.6438676E-07   -0.4912741E-06
    0.4653502E-07   -0.4795540E-06    0.2555134E-07    0.4435677E-06    0.6810102E-05    0.1589417E-06    0.1828834E-05    0.2999689E-06   -0.4062266E-03    0.1807073E-04    0.1926442E-03   -0.1788410E-02   -0.5849011E-03    0.5768845E-03    0.5239531E-03   -0.1646228E-03   -0.1050938E-03   -0.1723168E-03   -0.1674672E-03   -0.9682737E-04    0.1098890E-04    0.1350866E-04   -0.5311260E-06    0.6054034E-05    0.5727729E-06    0.5891293E-06   -0.5778847E-06   -0.7992946E-06   -0.6862577E-05   -0.9908359E-07   -0.8751309E-06   -0.1156724E-04    0.4728717E-07   -0.5575625E-07
   -0.5698975E-07    0.2244872E-06   -0.1516359E-06    0.2088721E-05   -0.2310176E-04    0.3420911E-05   -0.1160214E-05   -0.4205889E-06    0.1493330E-02   -0.9239499E-04   -0.3742329E-04    0.1380885E-02    0.1048697E-02   -0.1116464E-02   -0.7578335E-03   -0.4217139E-03    0.4370084E-03    0.3640020E-03    0.2335758E-03   -0.4441011E-03   -0.1500799E-06   -0.5311260E-06    0.2265732E-03    0.6455883E-07   -0.6015688E-05    0.8027532E-05    0.8045742E-05   -0.3555429E-07    0.4853923E-04   -0.7614623E-05    0.2169087E-04    0.3467427E-04    0.1593577E-06    0.1554414E-07
    0.4814711E-07   -0.5548419E-06    0.5514002E-07   -0.4707873E-06    0.1152347E-04   -0.1193994E-05    0.2218837E-05    0.7091255E-06    0.2039847E-03    0.1488735E-04    0.7631493E-04   -0.2196871E-02   -0.3342856E-03    0.1439862E-03   -0.2473019E-03   -0.1045778E-03   -0.4771548E-04   -0.9548438E-04   -0.1085132E-03   -0.4046210E-03    0.3037366E-05    0.6054034E-05    0.6455883E-07    0.3048138E-04    0.7439570E-06    0.8321130E-05   -0.1131666E-05    0.1933464E-05   -0.1583025E-04    0.3080108E-05    0.7717656E-06   -0.3287404E-04   -0.4360786E-07   -0.8663428E-08
    0.3417889E-07   -0.2100445E-06   -0.6630076E-07    0.3163861E-05    0.1153813E-04    0.6979144E-05   -0.3416069E-07    0.3871994E-06   -0.8039556E-03   -0.2426174E-04    0.9036822E-03   -0.1142648E-01    0.1758291E-02    0.2718326E-02    0.1952793E-02   -0.1125803E-02   -0.5346624E-03   -0.5516787E-03    0.6796075E-03    0.1303138E-02    0.1846000E-07    0.5727729E-06   -0.6015688E-05    0.7439570E-06    0.3896236E-03   -0.1448016E-04    0.1283661E-04    0.2603908E-05    0.5379712E-04   -0.9024511E-05    0.2668505E-04    0.2749414E-04   -0.9343272E-07   -0.1684868E-06
    0.3397950E-07   -0.1588460E-05   -0.2871344E-07    0.1231711E-04   -0.2710429E-04    0.2267467E-04    0.6433342E-05    0.1946984E-05    0.3783922E-02   -0.1497961E-03    0.1872928E-02   -0.1634004E-01   -0.6478052E-02    0.9015306E-03   -0.2055927E-02    0.2817970E-04   -0.5091249E-03   -0.5827931E-03   -0.1654336E-02   -0.3600459E-02    0.7376507E-05    0.5891293E-06    0.8027532E-05    0.8321130E-05   -0.1448016E-04    0.3556975E-02    0.9406826E-04    0.1383372E-04   -0.9797751E-05   -0.2618497E-04   -0.4056740E-04   -0.5636171E-04   -0.3386686E-06    0.2544204E-06
   -0.6998992E-06    0.5143306E-05   -0.7513330E-06   -0.7073608E-05   -0.1491848E-03   -0.3573696E-05   -0.5002087E-05    0.1539664E-05    0.2029684E-02    0.4922951E-03    0.5050884E-03    0.4409019E-01    0.1090750E-01    0.1721974E-01    0.3789319E-02   -0.2225900E-02   -0.3480724E-02    0.6968953E-02    0.7982776E-02    0.5633631E-02   -0.6880204E-05   -0.5778847E-06    0.8045742E-05   -0.1131666E-05    0.1283661E-04    0.9406826E-04    0.5704960E-02    0.1802336E-02    0.1662706E-02   -0.6948793E-03   -0.4019808E-04    0.4748572E-04    0.1265927E-05    0.5428625E-06
   -0.3001049E-06    0.2075072E-05   -0.3107761E-06   -0.8386231E-06   -0.7564122E-04    0.2228746E-07   -0.1877011E-05   -0.6102867E-06    0.4947129E-03    0.2703813E-03   -0.3796056E-03   -0.5217342E-02    0.2723732E-02    0.5273706E-02   -0.9947759E-03    0.6665343E-03    0.6888989E-03    0.1088094E-02    0.1476418E-02    0.9755082E-04   -0.4445283E-05   -0.7992946E-06   -0.3555429E-07    0.1933464E-05    0.2603908E-05    0.1383372E-04    0.1802336E-02    0.1233386E-02    0.7473597E-03    0.2057440E-03    0.2898889E-04   -0.2385482E-03   -0.4685919E-06    0.2323045E-06
   -0.3492297E-06   -0.5563552E-07    0.6798350E-06   -0.2078409E-05   -0.5221951E-04   -0.1417741E-04    0.1329532E-04   -0.1025322E-05   -0.3233655E-02   -0.2177412E-03   -0.7628238E-03    0.6707092E-02   -0.7478271E-02   -0.2173639E-01   -0.1376145E-01    0.3056658E-02    0.5273038E-02    0.4527411E-02    0.1323352E-01    0.2847238E-01    0.7700814E-05   -0.6862577E-05    0.4853923E-04   -0.1583025E-04    0.5379712E-04   -0.9797751E-05    0.1662706E-02    0.7473597E-03    0.3378112E-01   -0.4919827E-03    0.1574471E-02    0.1124779E-01    0.7261597E-06    0.2689552E-05
   -0.1503686E-06    0.4547675E-06    0.8132381E-07   -0.8468943E-05   -0.4442639E-05   -0.1762125E-04   -0.9602650E-06   -0.4359163E-06   -0.1674344E-02    0.1018046E-03   -0.2142733E-02    0.1427203E-01    0.6730557E-03   -0.6476737E-03    0.6560861E-03    0.2502979E-02    0.1372328E-02   -0.3045463E-03   -0.2599469E-02   -0.1481405E-03   -0.4699417E-05   -0.9908359E-07   -0.7614623E-05    0.3080108E-05   -0.9024511E-05   -0.2618497E-04   -0.6948793E-03    0.2057440E-03   -0.4919827E-03    0.1375148E-02    0.1968342E-03   -0.3892522E-03    0.1781174E-06    0.5201831E-06
   -0.4223451E-06    0.2317048E-05   -0.1619631E-06   -0.7403787E-05   -0.2351324E-04   -0.1709107E-04   -0.8248282E-05   -0.3473409E-05   -0.4589464E-02   -0.1060836E-03    0.1412227E-02    0.9786843E-02    0.7931635E-03    0.1251566E-02    0.4033374E-02    0.1890296E-02   -0.4078301E-03    0.1075873E-02    0.1685474E-02    0.2976764E-02   -0.7963233E-05   -0.8751309E-06    0.2169087E-04    0.7717656E-06    0.2668505E-04   -0.4056740E-04   -0.4019808E-04    0.2898889E-04    0.1574471E-02    0.1968342E-03    0.5097383E-02    0.4032928E-02   -0.2816957E-06   -0.1233326E-05
   -0.2408784E-05    0.1260282E-04   -0.1622959E-05   -0.2320914E-04   -0.5073850E-03   -0.9261463E-05   -0.2287926E-04    0.9894007E-05   -0.1975740E-01   -0.6600970E-03    0.8462525E-03    0.8982987E-01    0.2954103E-01    0.2220032E-01    0.5848849E-01   -0.1077532E-02    0.3720644E-02   -0.1541899E-03   -0.2956692E-02    0.1272925E-01    0.9316349E-05   -0.1156724E-04    0.3467427E-04   -0.3287404E-04    0.2749414E-04   -0.5636171E-04    0.4748572E-04   -0.2385482E-03    0.1124779E-01   -0.3892522E-03    0.4032928E-02    0.3685294E-01    0.1699969E-05   -0.2180657E-05
    0.7754316E-08   -0.1140496E-07    0.3092136E-08    0.1464139E-06    0.1778108E-06    0.6403954E-06   -0.1700136E-06    0.5766906E-07   -0.2475117E-03    0.9081325E-05    0.1775550E-03    0.4248687E-02    0.1130036E-03    0.7007468E-03    0.6138347E-03   -0.8193850E-04    0.4608503E-03   -0.4010542E-03   -0.6747684E-04    0.1672969E-04   -0.6438676E-07    0.4728717E-07    0.1593577E-06   -0.4360786E-07   -0.9343272E-07   -0.3386686E-06    0.1265927E-05   -0.4685919E-06    0.7261597E-06    0.1781174E-06   -0.2816957E-06    0.1699969E-05    0.5309038E-06    0.5132706E-08
   -0.1942837E-07    0.1474374E-06   -0.1718298E-07   -0.6199372E-07   -0.7468947E-05    0.1805423E-07   -0.6857851E-06   -0.6869931E-07    0.4153569E-02   -0.1463586E-04   -0.3591268E-03    0.4048585E-02    0.4885093E-03   -0.2123434E-02   -0.7211422E-02    0.1377829E-03   -0.2111210E-04   -0.2056892E-03    0.2336956E-02    0.4226960E-02   -0.4912741E-06   -0.5575625E-07    0.1554414E-07   -0.8663428E-08   -0.1684868E-06    0.2544204E-06    0.5428625E-06    0.2323045E-06    0.2689552E-05    0.5201831E-06   -0.1233326E-05   -0.2180657E-05    0.5132706E-08    0.1972204E-05
