# omegabh2 omegach2 theta tau ns nrun logA asz
4.825500E-07 -2.213800E-06 1.000900E-06 8.144000E-07 1.793800E-05 9.288100E-06 -1.132900E-06 4.719600E-05
-2.213800E-06 5.451200E-05 4.798500E-07 -5.424800E-06 -1.531500E-04 -1.024100E-04 1.650600E-04 -4.184700E-04
1.000900E-06 4.798500E-07 7.224700E-06 4.387200E-06 2.480500E-05 4.241700E-06 2.481700E-05 3.297800E-05
8.144000E-07 -5.424800E-06 4.387200E-06 2.398900E-04 -1.652500E-05 -7.389700E-05 4.697600E-04 1.569600E-04
1.793800E-05 -1.531500E-04 2.480500E-05 -1.652500E-05 9.862600E-04 6.243000E-04 -3.374400E-04 -2.868200E-04
9.288100E-06 -1.024100E-04 4.241700E-06 -7.389700E-05 6.243000E-04 4.862800E-04 -3.999300E-04 1.947600E-04
-1.132900E-06 1.650600E-04 2.481700E-05 4.697600E-04 -3.374400E-04 -3.999300E-04 1.599500E-03 -3.221500E-03
4.719600E-05 -4.184700E-04 3.297800E-05 1.569600E-04 -2.868200E-04 1.947600E-04 -3.221500E-03 3.397600E-01
