# omegabh2 omegach2 theta tau Alens logA ns calPlanck aps100 aps143 aps217 acib217 asz143 psr cibr xi aksz dust100 dust143 dust217 dust143x217 cal0 cal2
  8.9379870E-08  -5.3793898E-07   9.5247351E-08   1.7160380E-06   1.5753975E-05   2.3516059E-06   1.6841152E-06  -3.2827169E-09  -1.7880231E-03  -1.1547918E-03   2.5611591E-04  -5.1317356E-04   6.8033064E-05   5.0244439E-06  -9.7453492E-06   3.9733654E-06  -1.3171359E-04   1.0406028E-06  -1.7927487E-06   1.8525263E-06  -1.5426936E-06   8.0067158E-09  -4.8758198E-08
 -5.3793898E-07   6.5461336E-06  -7.9324282E-07  -2.3380594E-05  -1.0851870E-04  -3.1756157E-05  -1.7405364E-05   9.6944628E-09   8.9358747E-03   6.6799805E-03  -8.1013839E-04   2.6863156E-03  -3.2399020E-04  -2.5442408E-05   5.7632274E-05  -1.9314849E-05   7.0349694E-04  -6.7514597E-06   3.0934361E-06  -7.8194638E-06   6.7116300E-06  -5.4896735E-08   3.1019991E-07
  9.5247351E-08  -7.9324282E-07   2.8498793E-07   2.7838402E-06   1.8370958E-05   3.9805874E-06   2.4554304E-06   4.5376281E-10  -1.4352822E-03  -1.0572989E-03   1.2517749E-04  -4.3222673E-04   4.8482984E-05   4.3166148E-06  -8.8493156E-06   3.0363597E-06  -9.3925986E-05   2.1011541E-06  -5.3722498E-07   1.3368715E-06  -1.0348278E-06   6.5853515E-09  -4.9269152E-08
  1.7160380E-06  -2.3380594E-05   2.7838402E-06   1.3652370E-03  -2.6616344E-03   2.6627589E-03   9.6064944E-05  -3.7497485E-07  -8.2876762E-02  -3.6962153E-02   2.1394672E-02  -2.3744878E-02   2.5728629E-03   2.4541461E-04  -4.2921061E-04   2.9552350E-04  -6.3210290E-03  -1.0508810E-04  -6.3965669E-05   1.3050555E-04   9.6657024E-06  -1.0834700E-06  -1.9542811E-06
  1.5753975E-05  -1.0851870E-04   1.8370958E-05  -2.6616344E-03   1.4285432E-02  -5.5405256E-03   2.7493967E-04  -1.4199423E-05  -3.4002427E-01  -2.2736708E-01   4.0117056E-02  -9.4571334E-02   1.0993287E-02   1.0367406E-03  -2.2964543E-03   5.6624472E-04  -2.4993928E-02   2.1490098E-04  -7.7485904E-04   6.6825314E-05  -5.8018497E-04   4.6627707E-06  -1.1396228E-05
  2.3516059E-06  -3.1756157E-05   3.9805874E-06   2.6627589E-03  -5.5405256E-03   5.2534142E-03   1.5079362E-04   1.1601034E-05  -1.4100023E-01  -5.7810919E-02   4.8638669E-02  -4.2832094E-02   4.4504365E-03   4.5412614E-04  -7.6932631E-04   5.7479949E-04  -1.1996060E-02  -2.2662501E-04  -2.0370411E-04   2.6615748E-04   1.0227071E-05  -1.6490771E-06  -3.2988232E-06
  1.6841152E-06  -1.7405364E-05   2.4554304E-06   9.6064944E-05   2.7493967E-04   1.5079362E-04   5.9422774E-05   6.5328299E-11  -5.2482752E-02  -2.7443169E-02   1.2024607E-02  -1.4612483E-02   1.5187687E-03   1.4916497E-04  -2.8141675E-04   1.1977606E-04  -4.1858877E-03   2.9857588E-05  -4.6489198E-05   5.6301435E-05  -4.4711955E-05  -2.5488093E-07  -1.2953438E-06
 -3.2827169E-09   9.6944628E-09   4.5376281E-10  -3.7497485E-07  -1.4199423E-05   1.1601034E-05   6.5328299E-11   6.1673160E-06   3.5505547E-03   7.3621635E-04   1.3370590E-03   5.8333826E-04  -4.7657136E-05  -6.2171174E-06   1.1017260E-05  -5.3529627E-06   2.6743724E-05   6.1011909E-06   6.9163405E-06   6.0347887E-06  -3.4281195E-06  -1.1034276E-08  -3.9847654E-08
 -1.7880231E-03   8.9358747E-03  -1.4352822E-03  -8.2876762E-02  -3.4002427E-01  -1.4100023E-01  -5.2482752E-02   3.5505547E-03   6.5189956E+02   7.7582843E+01  -6.3603441E+01   4.2077684E+01  -2.6965645E+01  -1.0564240E+00  -6.4227594E-02  -3.9716997E-01   1.3774734E+01  -1.4589329E-01   3.6371867E-01  -3.2176417E-01  -1.5942699E-01   6.5691412E-03   4.0783248E-03
 -1.1547918E-03   6.6799805E-03  -1.0572989E-03  -3.6962153E-02  -2.2736708E-01  -5.7810919E-02  -2.7443169E-02   7.3621635E-04   7.7582843E+01   7.7782721E+01   6.9623351E+00   1.1385323E+01  -1.3897090E+00  -1.3600783E-01   4.8602000E-01   8.6455136E-01  -5.8768805E+00  -1.2218060E-02  -2.1362730E-01   2.3865791E-02   1.0247391E-01   8.5230958E-04   1.2043022E-03
  2.5611591E-04  -8.1013839E-04   1.2517749E-04   2.1394672E-02   4.0117056E-02   4.8638669E-02   1.2024607E-02   1.3370590E-03  -6.3603441E+01   6.9623351E+00   1.6799515E+02  -7.9244066E+01   3.5372871E+00   3.3069395E-01  -9.9962192E-01   3.8348083E-01  -8.4359155E+00  -2.9298379E-02  -2.7612351E-01   5.3900632E-01  -7.9272892E-02   1.6459644E-03  -7.1991979E-03
 -5.1317356E-04   2.6863156E-03  -4.3222673E-04  -2.3744878E-02  -9.4571334E-02  -4.2832094E-02  -1.4612483E-02   5.8333826E-04   4.2077684E+01   1.1385323E+01  -7.9244066E+01   5.0565158E+01   5.6035569E-01  -6.1019353E-02   7.1366896E-01  -2.7645415E-01  -8.4731426E-01   1.4762477E-02   1.5839776E-01  -4.4268300E-01  -6.6997013E-02  -5.2060730E-04   3.0376406E-03
  6.8033064E-05  -3.2399020E-04   4.8482984E-05   2.5728629E-03   1.0993287E-02   4.4504365E-03   1.5187687E-03  -4.7657136E-05  -2.6965645E+01  -1.3897090E+00   3.5372871E+00   5.6035569E-01   4.2509623E+00   1.1656697E-01   1.4277461E-01  -2.0283009E-02  -3.2273424E+00  -7.8952228E-03  -1.6003208E-02   1.4950030E-02   5.2565121E-02   4.6978123E-04  -3.1613088E-04
  5.0244439E-06  -2.5442408E-05   4.3166148E-06   2.4541461E-04   1.0367406E-03   4.5412614E-04   1.4916497E-04  -6.2171174E-06  -1.0564240E+00  -1.3600783E-01   3.3069395E-01  -6.1019353E-02   1.1656697E-01   1.9044281E-02  -1.7735705E-02   1.2374351E-02  -1.0845829E-01  -3.2787998E-05  -1.1968202E-03  -2.8228191E-03   4.5450780E-03   1.8951710E-05  -4.0053019E-05
 -9.7453492E-06   5.7632274E-05  -8.8493156E-06  -4.2921061E-04  -2.2964543E-03  -7.6932631E-04  -2.8141675E-04   1.1017260E-05  -6.4227594E-02   4.8602000E-01  -9.9962192E-01   7.1366896E-01   1.4277461E-01  -1.7735705E-02   7.0531469E-02   3.5486645E-03  -1.1613952E-01   1.5453845E-04   6.6531132E-03  -3.0233369E-04  -1.6301671E-02  -7.7653978E-06   9.2333187E-05
  3.9733654E-06  -1.9314849E-05   3.0363597E-06   2.9552350E-04   5.6624472E-04   5.7479949E-04   1.1977606E-04  -5.3529627E-06  -3.9716997E-01   8.6455136E-01   3.8348083E-01  -2.7645415E-01  -2.0283009E-02   1.2374351E-02   3.5486645E-03   8.3022525E-02   1.9460078E-02   7.3096574E-04  -5.7505077E-05   1.0558813E-03   1.0047446E-03   1.9805206E-05  -1.2762908E-05
 -1.3171359E-04   7.0349694E-04  -9.3925986E-05  -6.3210290E-03  -2.4993928E-02  -1.1996060E-02  -4.1858877E-03   2.6743724E-05   1.3774734E+01  -5.8768805E+00  -8.4359155E+00  -8.4731426E-01  -3.2273424E+00  -1.0845829E-01  -1.1613952E-01   1.9460078E-02   6.7764132E+00   2.3566093E-05   1.4404696E-02  -9.6533904E-03  -4.2705816E-02  -3.5973118E-04   1.7978680E-04
  1.0406028E-06  -6.7514597E-06   2.1011541E-06  -1.0508810E-04   2.1490098E-04  -2.2662501E-04   2.9857588E-05   6.1011909E-06  -1.4589329E-01  -1.2218060E-02  -2.9298379E-02   1.4762477E-02  -7.8952228E-03  -3.2787998E-05   1.5453845E-04   7.3096574E-04   2.3566093E-05   3.8372076E-02   3.1234332E-03  -1.8932953E-04   5.8702450E-04   3.5031079E-05  -5.8350792E-06
 -1.7927487E-06   3.0934361E-06  -5.3722498E-07  -6.3965669E-05  -7.7485904E-04  -2.0370411E-04  -4.6489198E-05   6.9163405E-06   3.6371867E-01  -2.1362730E-01  -2.7612351E-01   1.5839776E-01  -1.6003208E-02  -1.1968202E-03   6.6531132E-03  -5.7505077E-05   1.4404696E-02   3.1234332E-03   3.0943543E-02  -5.2377631E-04   5.8802544E-03  -8.1831626E-05  -4.1484087E-05
  1.8525263E-06  -7.8194638E-06   1.3368715E-06   1.3050555E-04   6.6825314E-05   2.6615748E-04   5.6301435E-05   6.0347887E-06  -3.2176417E-01   2.3865791E-02   5.3900632E-01  -4.4268300E-01   1.4950030E-02  -2.8228191E-03  -3.0233369E-04   1.0558813E-03  -9.6533904E-03  -1.8932953E-04  -5.2377631E-04   1.0619720E-02   8.3446337E-03   2.4690456E-06   6.1598537E-05
 -1.5426936E-06   6.7116300E-06  -1.0348278E-06   9.6657024E-06  -5.8018497E-04   1.0227071E-05  -4.4711955E-05  -3.4281195E-06  -1.5942699E-01   1.0247391E-01  -7.9272892E-02  -6.6997013E-02   5.2565121E-02   4.5450780E-03  -1.6301671E-02   1.0047446E-03  -4.2705816E-02   5.8702450E-04   5.8802544E-03   8.3446337E-03   2.5821881E-02  -5.6085018E-06   6.1619155E-05
  8.0067158E-09  -5.4896735E-08   6.5853515E-09  -1.0834700E-06   4.6627707E-06  -1.6490771E-06  -2.5488093E-07  -1.1034276E-08   6.5691412E-03   8.5230958E-04   1.6459644E-03  -5.2060730E-04   4.6978123E-04   1.8951710E-05  -7.7653978E-06   1.9805206E-05  -3.5973118E-04   3.5031079E-05  -8.1831626E-05   2.4690456E-06  -5.6085018E-06   1.1181504E-06   3.4666580E-08
 -4.8758198E-08   3.1019991E-07  -4.9269152E-08  -1.9542811E-06  -1.1396228E-05  -3.2988232E-06  -1.2953438E-06  -3.9847654E-08   4.0783248E-03   1.2043022E-03  -7.1991979E-03   3.0376406E-03  -3.1613088E-04  -4.0053019E-05   9.2333187E-05  -1.2762908E-05   1.7978680E-04  -5.8350792E-06  -4.1484087E-05   6.1598537E-05   6.1619155E-05   3.4666580E-08   2.4292172E-06
