# omegabh2 omegach2 theta tau nnu ns logA asz
    0.24255E-06   -0.73005E-07    0.53132E-06    0.19815E-05    0.43040E-04    0.56692E-05    0.50040E-05    0.82860E-05
   -0.73005E-07    0.14043E-02   -0.18301E-03   -0.17867E-04    0.76747E-01    0.83939E-03    0.23484E-02   -0.15544E-03
    0.53132E-06   -0.18301E-03    0.33935E-04    0.18120E-05   -0.10397E-01   -0.11545E-03   -0.33029E-03   -0.15806E-04
    0.19815E-05   -0.17867E-04    0.18120E-05    0.19277E-03    0.23963E-03    0.75367E-04    0.35934E-03    0.44163E-04
    0.43040E-04    0.76747E-01   -0.10397E-01    0.23963E-03    0.43054E+01    0.49578E-01    0.13061E+00   -0.11416E-02
    0.56692E-05    0.83939E-03   -0.11545E-03    0.75367E-04    0.49578E-01    0.75945E-03    0.16767E-02   -0.52700E-03
    0.50040E-05    0.23484E-02   -0.33029E-03    0.35934E-03    0.13061E+00    0.16767E-02    0.50426E-02   -0.13288E-02
    0.82860E-05   -0.15544E-03   -0.15806E-04    0.44163E-04   -0.11416E-02   -0.52700E-03   -0.13288E-02    0.33095E+00
