# omegabh2 omegach2 theta tau meffsterile nnu logA ns calPlanck acib217 xi asz143 aps100 aps143 aps143217 aps217 aksz kgal100 kgal143 kgal143217 kgal217 cal0 cal2
    0.8679907E-07    0.2689058E-06    0.1297894E-07    0.3901567E-05   -0.8736243E-05    0.3799042E-04    0.8256596E-05    0.2613589E-05    0.3161925E-07   -0.6434351E-04    0.1058729E-05    0.2962863E-04   -0.3513761E-03   -0.3113502E-03   -0.1137199E-03   -0.4723224E-04   -0.2397342E-04    0.8267973E-05    0.1547979E-04   -0.1476684E-04   -0.1309282E-04    0.2375870E-08   -0.2957509E-08
    0.2689058E-06    0.1585163E-04   -0.1162639E-05    0.8575748E-05   -0.2097595E-03    0.6709746E-03    0.4443672E-04    0.2041365E-04    0.1279834E-06    0.4610633E-02   -0.6072205E-04   -0.9606379E-03    0.1848098E-01    0.8190163E-02    0.1541639E-02   -0.2406473E-02    0.1807634E-02    0.2736851E-03    0.1424116E-03    0.5677315E-03   -0.4447468E-03   -0.3150253E-07    0.5669886E-06
    0.1297894E-07   -0.1162639E-05    0.2744742E-06    0.1030118E-05   -0.8491641E-05   -0.5422058E-04   -0.1345965E-06   -0.9481198E-06   -0.1058905E-07   -0.4093569E-03    0.4848740E-05    0.9915210E-04   -0.2023121E-02   -0.9939776E-03   -0.3103910E-03    0.5787688E-04   -0.1602747E-03   -0.2466339E-04    0.4093219E-06   -0.6272269E-04    0.2128593E-04    0.3477393E-08   -0.4322646E-07
    0.3901567E-05    0.8575748E-05    0.1030118E-05    0.4175902E-03   -0.3515161E-03    0.2335306E-02    0.8213949E-03    0.1823708E-03   -0.2482008E-05    0.7207779E-03    0.5307254E-04    0.3319003E-03   -0.8505749E-02   -0.9216881E-02   -0.5498462E-02   -0.6608561E-02    0.7956393E-03    0.7382037E-03    0.1106546E-02   -0.1806821E-02   -0.5301407E-02   -0.2284820E-06   -0.2131722E-06
   -0.8736243E-05   -0.2097595E-03   -0.8491641E-05   -0.3515161E-03    0.4279460E-01   -0.1244252E-02   -0.6375310E-03   -0.6970377E-03   -0.2595488E-05    0.1598762E-01    0.1645422E-03   -0.9622885E-02    0.1570357E+00    0.1630549E+00    0.1158832E+00    0.1006394E+00    0.1379968E-02   -0.2388469E-02   -0.4186925E-02    0.2728669E-02   -0.5821447E-03   -0.1982560E-05   -0.1749290E-06
    0.3799042E-04    0.6709746E-03   -0.5422058E-04    0.2335306E-02   -0.1244252E-02    0.4898347E-01    0.5943490E-02    0.2173936E-02    0.2285460E-04    0.2339857E+00   -0.3234142E-02   -0.4950678E-01    0.9457241E+00    0.4140862E+00    0.8171620E-01   -0.9887028E-01    0.9050468E-01    0.1414637E-01    0.8367471E-02    0.1763190E-01   -0.4622544E-01   -0.1721357E-05    0.2558871E-04
    0.8256596E-05    0.4443672E-04   -0.1345965E-06    0.8213949E-03   -0.6375310E-03    0.5943490E-02    0.1698142E-02    0.3929862E-03    0.6904210E-05    0.1065510E-01    0.3151366E-06   -0.1260814E-02    0.2550037E-01    0.1344813E-02   -0.4017734E-02   -0.1075166E-01    0.4256638E-02    0.1728240E-02    0.1812656E-02   -0.2960275E-02   -0.1031669E-01   -0.2836014E-06    0.5401071E-06
    0.2613589E-05    0.2041365E-04   -0.9481198E-06    0.1823708E-03   -0.6970377E-03    0.2173936E-02    0.3929862E-03    0.1465104E-03    0.1582537E-05    0.1318703E-02   -0.7424676E-06    0.2364676E-04   -0.6275737E-03    0.2459130E-02    0.3359806E-02    0.2665460E-02   -0.1641630E-03    0.9375013E-03    0.5026832E-03   -0.2051928E-03   -0.1197697E-02   -0.2063955E-06    0.1969896E-06
    0.3161925E-07    0.1279834E-06   -0.1058905E-07   -0.2482008E-05   -0.2595488E-05    0.2285460E-04    0.6904210E-05    0.1582537E-05    0.5897381E-05    0.9706697E-03   -0.7348830E-05   -0.3158476E-04    0.3708966E-02    0.6548324E-03    0.1354420E-03    0.9476323E-03    0.7299078E-04    0.6303040E-04   -0.9792016E-05   -0.1739856E-04    0.4900818E-03    0.5623741E-08   -0.6320673E-08
   -0.6434351E-04    0.4610633E-02   -0.4093569E-03    0.7207779E-03    0.1598762E-01    0.2339857E+00    0.1065510E-01    0.1318703E-02    0.9706697E-03    0.5063025E+02   -0.4459624E+00   -0.1853520E+01    0.4911718E+02    0.4045667E+01   -0.1958838E+02   -0.6700966E+02    0.9303691E+00   -0.3034061E+00    0.3414834E+00   -0.3119835E+01   -0.2617993E+02   -0.1875157E-03    0.4505456E-02
    0.1058729E-05   -0.6072205E-04    0.4848740E-05    0.5307254E-04    0.1645422E-03   -0.3234142E-02    0.3151366E-06   -0.7424676E-06   -0.7348830E-05   -0.4459624E+00    0.8084451E-01   -0.8187825E-01   -0.3641823E+00    0.8500929E+00    0.1571264E+01    0.6226336E+00    0.8072603E-01   -0.8707317E-02    0.6705012E-02    0.6192760E-01    0.6606344E-01    0.3600449E-05   -0.1682721E-04
    0.2962863E-04   -0.9606379E-03    0.9915210E-04    0.3319003E-03   -0.9622885E-02   -0.4950678E-01   -0.1260814E-02    0.2364676E-04   -0.3158476E-04   -0.1853520E+01   -0.8187825E-01    0.3967205E+01   -0.3124673E+02   -0.4196812E+01    0.8002107E+01    0.7287925E+01   -0.3228444E+01   -0.1584523E+00    0.1154956E+00    0.2507969E+01    0.2131479E+01    0.1988576E-03   -0.4077675E-03
   -0.3513761E-03    0.1848098E-01   -0.2023121E-02   -0.8505749E-02    0.1570357E+00    0.9457241E+00    0.2550037E-01   -0.6275737E-03    0.3708966E-02    0.4911718E+02   -0.3641823E+00   -0.3124673E+02    0.7520537E+03    0.8062170E+02   -0.5540750E+02   -0.7438867E+02    0.1775583E+02   -0.9663314E+00   -0.1759649E+00   -0.1381837E+02   -0.2307176E+02    0.4577955E-02    0.4826435E-02
   -0.3113502E-03    0.8190163E-02   -0.9939776E-03   -0.9216881E-02    0.1630549E+00    0.4140862E+00    0.1344813E-02    0.2459130E-02    0.6548324E-03    0.4045667E+01    0.8500929E+00   -0.4196812E+01    0.8062170E+02    0.6431240E+02    0.4221608E+02    0.1728690E+02   -0.4035422E+01   -0.4835102E+00   -0.1049793E+01    0.4229924E+01    0.3859936E+01    0.9757869E-04    0.6291350E-03
   -0.1137199E-03    0.1541639E-02   -0.3103910E-03   -0.5498462E-02    0.1158832E+00    0.8171620E-01   -0.4017734E-02    0.3359806E-02    0.1354420E-03   -0.1958838E+02    0.1571264E+01    0.8002107E+01   -0.5540750E+02    0.4221608E+02    0.9051522E+02    0.6709151E+02   -0.1335454E+02   -0.6919220E+00   -0.4133958E+00    0.4633582E+01    0.6084939E+01    0.7156377E-03   -0.2415460E-02
   -0.4723224E-04   -0.2406473E-02    0.5787688E-04   -0.6608561E-02    0.1006394E+00   -0.9887028E-01   -0.1075166E-01    0.2665460E-02    0.9476323E-03   -0.6700966E+02    0.6226336E+00    0.7287925E+01   -0.7438867E+02    0.1728690E+02    0.6709151E+02    0.1293770E+03   -0.1209803E+02   -0.3432371E-01   -0.6569520E+00    0.1323993E+01    0.2360434E+02    0.6476697E-03   -0.7691307E-02
   -0.2397342E-04    0.1807634E-02   -0.1602747E-03    0.7956393E-03    0.1379968E-02    0.9050468E-01    0.4256638E-02   -0.1641630E-03    0.7299078E-04    0.9303691E+00    0.8072603E-01   -0.3228444E+01    0.1775583E+02   -0.4035422E+01   -0.1335454E+02   -0.1209803E+02    0.7212765E+01    0.1138057E+00   -0.1486234E+00   -0.2273897E+01   -0.1882645E+01   -0.1374930E-03    0.2567681E-03
    0.8267973E-05    0.2736851E-03   -0.2466339E-04    0.7382037E-03   -0.2388469E-02    0.1414637E-01    0.1728240E-02    0.9375013E-03    0.6303040E-04   -0.3034061E+00   -0.8707317E-02   -0.1584523E+00   -0.9663314E+00   -0.4835102E+00   -0.6919220E+00   -0.3432371E-01    0.1138057E+00    0.3217193E+01    0.7285898E+00    0.3293755E+00    0.6929265E+00    0.4011093E-03   -0.1788224E-04
    0.1547979E-04    0.1424116E-03    0.4093219E-06    0.1106546E-02   -0.4186925E-02    0.8367471E-02    0.1812656E-02    0.5026832E-03   -0.9792016E-05    0.3414834E+00    0.6705012E-02    0.1154956E+00   -0.1759649E+00   -0.1049793E+01   -0.4133958E+00   -0.6569520E+00   -0.1486234E+00    0.7285898E+00    0.3104000E+01    0.2431241E+01    0.1325781E+01   -0.4073518E-03   -0.2139884E-03
   -0.1476684E-04    0.5677315E-03   -0.6272269E-04   -0.1806821E-02    0.2728669E-02    0.1763190E-01   -0.2960275E-02   -0.2051928E-03   -0.1739856E-04   -0.3119835E+01    0.6192760E-01    0.2507969E+01   -0.1381837E+02    0.4229924E+01    0.4633582E+01    0.1323993E+01   -0.2273897E+01    0.3293755E+00    0.2431241E+01    0.1812622E+02    0.2772675E+02   -0.9985230E-04    0.2492447E-02
   -0.1309282E-04   -0.4447468E-03    0.2128593E-04   -0.5301407E-02   -0.5821447E-03   -0.4622544E-01   -0.1031669E-01   -0.1197697E-02    0.4900818E-03   -0.2617993E+02    0.6606344E-01    0.2131479E+01   -0.2307176E+02    0.3859936E+01    0.6084939E+01    0.2360434E+02   -0.1882645E+01    0.6929265E+00    0.1325781E+01    0.2772675E+02    0.6342165E+02   -0.4412505E-04    0.4399108E-02
    0.2375870E-08   -0.3150253E-07    0.3477393E-08   -0.2284820E-06   -0.1982560E-05   -0.1721357E-05   -0.2836014E-06   -0.2063955E-06    0.5623741E-08   -0.1875157E-03    0.3600449E-05    0.1988576E-03    0.4577955E-02    0.9757869E-04    0.7156377E-03    0.6476697E-03   -0.1374930E-03    0.4011093E-03   -0.4073518E-03   -0.9985230E-04   -0.4412505E-04    0.5388837E-06    0.4228656E-08
   -0.2957509E-08    0.5669886E-06   -0.4322646E-07   -0.2131722E-06   -0.1749290E-06    0.2558871E-04    0.5401071E-06    0.1969896E-06   -0.6320673E-08    0.4505456E-02   -0.1682721E-04   -0.4077675E-03    0.4826435E-02    0.6291350E-03   -0.2415460E-02   -0.7691307E-02    0.2567681E-03   -0.1788224E-04   -0.2139884E-03    0.2492447E-02    0.4399108E-02    0.4228656E-08    0.2082540E-05
