# omegabh2 omegach2 theta tau logA ns aps100 aps143 aps217 acib143 acib217 asz143 psr cibr ncib xi aksz cal0 cal2 calTE calEE bm_1_1
    0.2955780E-07   -0.1226332E-06    0.1666086E-07    0.7273618E-06    0.1275179E-05    0.3492643E-06   -0.4340999E-03   -0.1700513E-03    0.3080896E-03   -0.7630485E-04   -0.2199177E-03    0.5440738E-05    0.1086958E-05   -0.1019571E-05   -0.2964609E-05   -0.4319253E-07   -0.6612071E-04    0.1320375E-07    0.1255075E-07   -0.1103671E-06   -0.2073701E-06   -0.2894993E-05
   -0.1226332E-06    0.1785073E-05   -0.1275377E-06   -0.7833851E-05   -0.1140025E-04   -0.4254684E-05    0.3582183E-02    0.9719848E-03   -0.6622302E-03    0.2960644E-04    0.7314403E-03    0.4404902E-04   -0.1552533E-05    0.2754319E-04    0.9210414E-05   -0.9241925E-07    0.1473400E-03   -0.4212692E-08    0.8330975E-08    0.1706457E-06   -0.2981527E-06    0.5575075E-04
    0.1666086E-07   -0.1275377E-06    0.8958472E-07    0.8623388E-06    0.1535593E-05    0.3501625E-06   -0.1912482E-04   -0.8539772E-04    0.7380805E-04    0.2280324E-04   -0.4311416E-04    0.1381796E-04   -0.8255270E-07   -0.1866170E-05   -0.5755995E-06   -0.6593785E-06   -0.1451464E-04    0.9544014E-08   -0.4899426E-08   -0.3330537E-07    0.8138758E-07   -0.1340877E-05
    0.7273618E-06   -0.7833851E-05    0.8623388E-06    0.1195042E-03    0.2176278E-03    0.2527502E-04   -0.3673358E-01   -0.8270327E-02    0.9829095E-02   -0.1166608E-02   -0.8107835E-02   -0.2262733E-03   -0.4520431E-05   -0.6267547E-04   -0.1006586E-03   -0.3050719E-04   -0.1539202E-02    0.9717353E-07   -0.1239329E-05   -0.6373281E-05   -0.3915603E-05   -0.6667320E-03
    0.1275179E-05   -0.1140025E-04    0.1535593E-05    0.2176278E-03    0.4090965E-03    0.3932110E-04   -0.6862062E-01   -0.1060344E-01    0.2538572E-01   -0.4974199E-02   -0.1726295E-01   -0.9957766E-03    0.3955178E-05   -0.1154306E-03   -0.1892050E-03   -0.4418773E-04   -0.3974874E-02    0.4584511E-06   -0.9470473E-06   -0.1099325E-04   -0.5143587E-05   -0.7627238E-03
    0.3492643E-06   -0.4254684E-05    0.3501625E-06    0.2527502E-04    0.3932110E-04    0.2174741E-04   -0.1709627E-01   -0.1623092E-02    0.1342762E-01   -0.2558830E-02   -0.7589831E-02   -0.1108496E-02    0.2416292E-04   -0.2220653E-03   -0.7097132E-04    0.7404710E-04   -0.2849779E-02   -0.1124022E-06    0.6957376E-06   -0.1320812E-05   -0.1667308E-05    0.3241435E-04
   -0.4340999E-03    0.3582183E-02   -0.1912482E-04   -0.3673358E-01   -0.6862062E-01   -0.1709627E-01    0.2440674E+04    0.7967610E+02   -0.1250985E+03    0.6546625E+02    0.8808529E+02   -0.5630886E+02   -0.7051028E+00   -0.1438142E+01    0.1066566E+01    0.4561547E+00   -0.2089300E+02    0.2826768E-02    0.8390666E-03    0.3358195E-02    0.1800649E-02    0.1138763E+02
   -0.1700513E-03    0.9719848E-03   -0.8539772E-04   -0.8270327E-02   -0.1060344E-01   -0.1623092E-02    0.7967610E+02    0.9858404E+02    0.1904154E+02   -0.1381567E+02    0.2524619E+01   -0.6700563E+01   -0.1700583E+00    0.1921650E-01    0.1082623E+00    0.1060576E+01   -0.1154215E+02    0.3198046E-04    0.6990293E-03    0.3508439E-02    0.3696001E-02   -0.1833052E-01
    0.3080896E-03   -0.6622302E-03    0.7380805E-04    0.9829095E-02    0.2538572E-01    0.1342762E-01   -0.1250985E+03    0.1904154E+02    0.2930370E+03   -0.2736404E+02   -0.1362293E+03    0.1878187E+01    0.1265130E-01   -0.1448788E+01   -0.1838818E+01    0.3291828E+00   -0.8945893E+01   -0.3845802E-03   -0.3958737E-02    0.7085995E-03    0.9757585E-03   -0.3041124E-01
   -0.7630485E-04    0.2960644E-04    0.2280324E-04   -0.1166608E-02   -0.4974199E-02   -0.2558830E-02    0.6546625E+02   -0.1381567E+02   -0.2736404E+02    0.2050515E+02    0.1690559E+02   -0.1709311E+01    0.9078992E-02   -0.1776687E-01    0.2282055E+00    0.1881783E+00   -0.1846028E+01   -0.8630803E-04   -0.1226559E-02   -0.7607731E-03   -0.6627906E-03   -0.1806905E+00
   -0.2199177E-03    0.7314403E-03   -0.4311416E-04   -0.8107835E-02   -0.1726295E-01   -0.7589831E-02    0.8808529E+02    0.2524619E+01   -0.1362293E+03    0.1690559E+02    0.7436478E+02   -0.3950299E+00    0.4465629E-01    0.6671256E+00    0.1101967E+01   -0.1825099E+00   -0.2085559E+01    0.2295560E-03    0.1337553E-02    0.4593610E-03    0.7116175E-03    0.1334250E+00
    0.5440738E-05    0.4404902E-04    0.1381796E-04   -0.2262733E-03   -0.9957766E-03   -0.1108496E-02   -0.5630886E+02   -0.6700563E+01    0.1878187E+01   -0.1709311E+01   -0.3950299E+00    0.6686697E+01    0.7262308E-01    0.2559359E+00   -0.1312554E-01   -0.1111460E+00   -0.1586185E+00    0.1118338E-03   -0.6641217E-03   -0.2543520E-03   -0.4502887E-03    0.1152306E+00
    0.1086958E-05   -0.1552533E-05   -0.8255270E-07   -0.4520431E-05    0.3955178E-05    0.2416292E-04   -0.7051028E+00   -0.1700583E+00    0.1265130E-01    0.9078992E-02    0.4465629E-01    0.7262308E-01    0.1273640E-01   -0.6268635E-02    0.4155468E-02    0.6595625E-02   -0.6836354E-02    0.1529656E-05   -0.1411029E-04    0.2954001E-04    0.6002165E-05    0.3848040E-02
   -0.1019571E-05    0.2754319E-04   -0.1866170E-05   -0.6267547E-04   -0.1154306E-03   -0.2220653E-03   -0.1438142E+01    0.1921650E-01   -0.1448788E+01   -0.1776687E-01    0.6671256E+00    0.2559359E+00   -0.6268635E-02    0.5472434E-01   -0.3514599E-04    0.2071200E-02   -0.1305882E-01    0.9678756E-05    0.6623565E-04   -0.7754723E-04   -0.6360874E-04   -0.3346731E-02
   -0.2964609E-05    0.9210414E-05   -0.5755995E-06   -0.1006586E-03   -0.1892050E-03   -0.7097132E-04    0.1066566E+01    0.1082623E+00   -0.1838818E+01    0.2282055E+00    0.1101967E+01   -0.1312554E-01    0.4155468E-02   -0.3514599E-04    0.2586299E-01    0.4168782E-03   -0.2136640E-01    0.3070631E-05   -0.6382263E-04    0.3960595E-04    0.2754670E-04    0.9339163E-02
   -0.4319253E-07   -0.9241925E-07   -0.6593785E-06   -0.3050719E-04   -0.4418773E-04    0.7404710E-04    0.4561547E+00    0.1060576E+01    0.3291828E+00    0.1881783E+00   -0.1825099E+00   -0.1111460E+00    0.6595625E-02    0.2071200E-02    0.4168782E-03    0.8574514E-01    0.1000524E-01   -0.9135603E-05   -0.1798722E-04    0.6051879E-04   -0.1089959E-05   -0.1589042E-02
   -0.6612071E-04    0.1473400E-03   -0.1451464E-04   -0.1539202E-02   -0.3974874E-02   -0.2849779E-02   -0.2089300E+02   -0.1154215E+02   -0.8945893E+01   -0.1846028E+01   -0.2085559E+01   -0.1586185E+00   -0.6836354E-02   -0.1305882E-01   -0.2136640E-01    0.1000524E-01    0.7775375E+01   -0.3148378E-04    0.8275231E-04    0.2722194E-03   -0.1900516E-03    0.4690877E-02
    0.1320375E-07   -0.4212692E-08    0.9544014E-08    0.9717353E-07    0.4584511E-06   -0.1124022E-06    0.2826768E-02    0.3198046E-04   -0.3845802E-03   -0.8630803E-04    0.2295560E-03    0.1118338E-03    0.1529656E-05    0.9678756E-05    0.3070631E-05   -0.9135603E-05   -0.3148378E-04    0.8610259E-06    0.6195159E-07   -0.8536637E-07    0.2792625E-07   -0.9556711E-04
    0.1255075E-07    0.8330975E-08   -0.4899426E-08   -0.1239329E-05   -0.9470473E-06    0.6957376E-06    0.8390666E-03    0.6990293E-03   -0.3958737E-02   -0.1226559E-02    0.1337553E-02   -0.6641217E-03   -0.1411029E-04    0.6623565E-04   -0.6382263E-04   -0.1798722E-04    0.8275231E-04    0.6195159E-07    0.5661136E-05    0.9551856E-06    0.5734002E-06    0.2265392E-03
   -0.1103671E-06    0.1706457E-06   -0.3330537E-07   -0.6373281E-05   -0.1099325E-04   -0.1320812E-05    0.3358195E-02    0.3508439E-02    0.7085995E-03   -0.7607731E-03    0.4593610E-03   -0.2543520E-03    0.2954001E-04   -0.7754723E-04    0.3960595E-04    0.6051879E-04    0.2722194E-03   -0.8536637E-07    0.9551856E-06    0.2157866E-04    0.7005404E-05    0.3452561E-03
   -0.2073701E-06   -0.2981527E-06    0.8138758E-07   -0.3915603E-05   -0.5143587E-05   -0.1667308E-05    0.1800649E-02    0.3696001E-02    0.9757585E-03   -0.6627906E-03    0.7116175E-03   -0.4502887E-03    0.6002165E-05   -0.6360874E-04    0.2754670E-04   -0.1089959E-05   -0.1900516E-03    0.2792625E-07    0.5734002E-06    0.7005404E-05    0.1940775E-04    0.3433335E-03
   -0.2894993E-05    0.5575075E-04   -0.1340877E-05   -0.6667320E-03   -0.7627238E-03    0.3241435E-04    0.1138763E+02   -0.1833052E-01   -0.3041124E-01   -0.1806905E+00    0.1334250E+00    0.1152306E+00    0.3848040E-02   -0.3346731E-02    0.9339163E-02   -0.1589042E-02    0.4690877E-02   -0.9556711E-04    0.2265392E-03    0.3452561E-03    0.3433335E-03    0.2443799E+00
