# omegabh2 omegach2 theta tau mnu Alens ns logA aps100 aps143 aps217 acib143 acib217 asz143 psr cibr ncib cal0 cal2 xi aksz bm_1_1 a_ps_act_148 a_ps_act_217 a_ps_spt_95 a_ps_spt_150 a_ps_spt_220 r_ps_spt_95x150 r_ps_spt_95x220 r_ps_150x220 act_dust_s act_dust_e cal_acts_148 cal_acts_217 cal_acte_148 cal_acte_217 cal_spt_95 cal_spt_150 cal_spt_220
    0.11914E-06   -0.69077E-06    0.14267E-06    0.68588E-06   -0.34893E-04    0.16006E-04    0.21073E-05    0.83984E-07   -0.16166E-02   -0.13025E-02   -0.12091E-02    0.63544E-05    0.18050E-03    0.37131E-04   -0.24400E-05   -0.75863E-06    0.33363E-05    0.26767E-08   -0.11227E-07   -0.84917E-05   -0.14270E-03   -0.25653E-04    0.23163E-04    0.71039E-04    0.54656E-04    0.44095E-04    0.10631E-03   -0.60504E-06   -0.14262E-05   -0.27650E-06   -0.59424E-06   -0.11786E-05    0.66176E-06    0.76101E-06    0.68892E-06    0.75885E-06    0.13618E-05    0.12911E-05    0.10059E-05
   -0.69077E-06    0.87012E-05   -0.11450E-05   -0.85501E-05    0.17198E-03   -0.14928E-03   -0.21370E-04    0.24253E-05    0.15957E-01    0.68005E-02    0.65674E-02   -0.18807E-04   -0.84211E-03   -0.17656E-03    0.10491E-04    0.43205E-05   -0.13692E-04   -0.22812E-07    0.11958E-06    0.42504E-04    0.62253E-03    0.24266E-03   -0.10921E-03   -0.50750E-03   -0.27989E-03   -0.23829E-03   -0.67930E-03    0.47922E-05    0.77424E-05    0.62021E-06   -0.10099E-05    0.80496E-05   -0.34798E-05   -0.41440E-05   -0.35797E-05   -0.42554E-05   -0.74044E-05   -0.71285E-05   -0.59138E-05
    0.14267E-06   -0.11450E-05    0.49087E-06    0.13499E-05   -0.67002E-04    0.19406E-04    0.36305E-05    0.72832E-06   -0.19627E-02   -0.12587E-02   -0.12886E-02    0.72052E-05    0.23088E-03    0.32615E-04   -0.14646E-05   -0.78213E-06    0.35815E-05    0.28283E-08   -0.47113E-08   -0.80688E-05   -0.15150E-03   -0.27554E-04    0.26199E-04    0.45892E-04    0.61856E-04    0.47384E-04    0.97972E-04   -0.60704E-06   -0.13418E-05   -0.34552E-06   -0.25238E-06   -0.20323E-05    0.66420E-06    0.74355E-06    0.66152E-06    0.77740E-06    0.14629E-05    0.13295E-05    0.10976E-05
    0.68588E-06   -0.85501E-05    0.13499E-05    0.16427E-03   -0.90551E-04   -0.22559E-03    0.29557E-04    0.30580E-03   -0.29464E-01   -0.12965E-01   -0.10888E-01    0.12763E-03    0.19230E-02    0.65171E-03   -0.65899E-05   -0.21534E-05    0.28039E-04   -0.42339E-07   -0.20989E-07   -0.76230E-04   -0.12916E-02   -0.29893E-03    0.15059E-03    0.85842E-04    0.12197E-03    0.27686E-03    0.62901E-03    0.72742E-05    0.90612E-05    0.72163E-06   -0.11234E-04   -0.19641E-04    0.61206E-05    0.52564E-05    0.60495E-05    0.60792E-05    0.10488E-04    0.99100E-05    0.76379E-05
   -0.34893E-04    0.17198E-03   -0.67002E-04   -0.90551E-04    0.10451E+00    0.16099E-01   -0.11254E-02   -0.27442E-03    0.56506E+00    0.38356E+00    0.42705E+00   -0.22526E-02   -0.91902E-01   -0.85664E-02    0.42588E-03    0.35009E-03   -0.15296E-02    0.25485E-06   -0.29591E-05    0.33294E-02    0.75878E-01    0.20380E-02   -0.13105E-01   -0.26640E-01   -0.33547E-01   -0.22388E-01   -0.28279E-01    0.32198E-03    0.82487E-03    0.24273E-03    0.13245E-03   -0.39787E-04   -0.22778E-03   -0.29119E-03   -0.24080E-03   -0.30435E-03   -0.55677E-03   -0.48528E-03   -0.35232E-03
    0.16006E-04   -0.14928E-03    0.19406E-04   -0.22559E-03    0.16099E-01    0.16801E-01    0.28191E-03   -0.84138E-03   -0.56376E+00   -0.22556E+00   -0.18819E+00   -0.37147E-04    0.25974E-01    0.70556E-02   -0.41258E-03   -0.14246E-03    0.51016E-03    0.12366E-05   -0.57883E-05   -0.19173E-02   -0.30687E-01   -0.83644E-02    0.43876E-02    0.11362E-01    0.11405E-01    0.76612E-02    0.22355E-01   -0.28806E-03   -0.44491E-03   -0.54671E-04   -0.78209E-04   -0.37111E-03    0.83151E-04    0.11282E-03    0.97048E-04    0.10062E-03    0.20621E-03    0.20794E-03    0.19278E-03
    0.21073E-05   -0.21370E-04    0.36305E-05    0.29557E-04   -0.11254E-02    0.28191E-03    0.74629E-04    0.12063E-04   -0.71244E-01   -0.32989E-01   -0.28090E-01    0.18716E-03    0.43475E-02    0.11750E-02   -0.58089E-04   -0.19856E-04    0.80866E-04   -0.73615E-08    0.20132E-06   -0.24293E-03   -0.35393E-02   -0.56738E-03    0.46730E-03    0.14838E-02    0.11543E-02    0.88704E-03    0.18593E-02   -0.15670E-04   -0.32830E-04   -0.50625E-05    0.33365E-05   -0.11007E-04    0.16030E-04    0.16505E-04    0.16308E-04    0.16625E-04    0.31501E-04    0.29076E-04    0.21764E-04
    0.83984E-07    0.24253E-05    0.72832E-06    0.30580E-03   -0.27442E-03   -0.84138E-03    0.12063E-04    0.61964E-03   -0.27196E-01   -0.16084E-01   -0.10810E-01    0.21777E-03    0.33381E-02    0.12279E-02    0.25190E-05    0.70925E-06    0.58111E-04   -0.88875E-07    0.89222E-06   -0.13240E-03   -0.21340E-02    0.50834E-03    0.14490E-03   -0.13796E-02   -0.21283E-03    0.12907E-03   -0.82890E-03    0.22245E-04    0.28573E-04    0.19301E-05   -0.25355E-04   -0.21573E-04    0.74954E-05    0.32848E-05    0.70131E-05    0.45274E-05    0.97847E-05    0.75121E-05    0.35989E-05
   -0.16166E-02    0.15957E-01   -0.19627E-02   -0.29464E-01    0.56506E+00   -0.56376E+00   -0.71244E-01   -0.27196E-01    0.28451E+04    0.99140E+02    0.27588E+02   -0.31787E+00    0.15289E+01   -0.12192E+02   -0.29401E-01   -0.62660E-01    0.89144E-01    0.61757E-03   -0.42042E-02    0.97862E+00    0.10745E+02    0.19771E+02    0.16898E+00   -0.55299E+01    0.53515E+01   -0.11056E+01   -0.10666E+01   -0.84522E-01   -0.34886E+00   -0.64176E-01    0.41249E-01   -0.43465E-01   -0.29905E-01    0.18071E-02   -0.26635E-01    0.35098E-02   -0.77034E-01   -0.42653E-01    0.19158E-02
   -0.13025E-02    0.68005E-02   -0.12587E-02   -0.12965E-01    0.38356E+00   -0.22556E+00   -0.32989E-01   -0.16084E-01    0.99140E+02    0.73359E+02    0.23701E+02   -0.50570E-01   -0.18451E+01   -0.24981E+01    0.58600E-01    0.20614E-01   -0.63576E-01   -0.37167E-04   -0.59120E-03    0.23525E+00    0.20852E+01    0.14710E+00    0.74951E-01   -0.10189E+01    0.64301E+00   -0.49762E+00   -0.94918E+00   -0.19161E-02   -0.55317E-01   -0.27717E-01    0.22377E-01    0.28052E-01   -0.16859E-01   -0.99090E-02   -0.16554E-01   -0.10048E-01   -0.34531E-01   -0.26351E-01   -0.13649E-01
   -0.12091E-02    0.65674E-02   -0.12886E-02   -0.10888E-01    0.42705E+00   -0.18819E+00   -0.28090E-01   -0.10810E-01    0.27588E+02    0.23701E+02    0.10335E+03   -0.10750E+01   -0.38394E+02    0.57637E+00   -0.36780E+00   -0.15278E-01   -0.44975E+00   -0.32298E-05    0.15970E-03    0.51828E-01    0.15157E+01    0.18543E+00    0.15126E+00    0.21657E+02   -0.14746E+01    0.45763E+00    0.12282E+02   -0.35725E-01   -0.61131E-01   -0.44529E-03    0.31467E-01    0.39111E-01   -0.10709E-01   -0.31769E-01   -0.10339E-01   -0.35075E-01   -0.15769E-01   -0.17544E-01   -0.61208E-01
    0.63544E-05   -0.18807E-04    0.72052E-05    0.12763E-03   -0.22526E-02   -0.37147E-04    0.18716E-03    0.21777E-03   -0.31787E+00   -0.50570E-01   -0.10750E+01    0.69793E+00    0.14075E+01    0.57755E+00    0.70040E-03   -0.24021E-02    0.38392E-02    0.31846E-05    0.11740E-04   -0.12118E-02   -0.10021E+01    0.75971E-02   -0.91904E-02   -0.40754E+00   -0.16144E+00   -0.10063E+00   -0.33209E+00    0.47865E-01    0.45161E-01   -0.52555E-02   -0.30525E-02   -0.40942E-03    0.17484E-03    0.20263E-03    0.14031E-03    0.21873E-03   -0.39636E-03    0.54955E-03    0.16288E-02
    0.18050E-03   -0.84211E-03    0.23088E-03    0.19230E-02   -0.91902E-01    0.25974E-01    0.43475E-02    0.33381E-02    0.15289E+01   -0.18451E+01   -0.38394E+02    0.14075E+01    0.26170E+02    0.20886E+01    0.22051E+00    0.22240E-01    0.34419E+00    0.95939E-05   -0.48243E-04   -0.34907E+00   -0.46457E+01    0.16216E+00   -0.56272E+00   -0.16906E+02    0.61484E-01   -0.99202E+00   -0.12444E+02    0.66779E-01    0.87760E-01   -0.89854E-02   -0.68242E-02   -0.16005E-02    0.58468E-03    0.65796E-02   -0.12556E-03    0.89078E-02    0.23223E-02   -0.63988E-03    0.21361E-01
    0.37131E-04   -0.17656E-03    0.32615E-04    0.65171E-03   -0.85664E-02    0.70556E-02    0.11750E-02    0.12279E-02   -0.12192E+02   -0.24981E+01    0.57637E+00    0.57755E+00    0.20886E+01    0.20876E+01    0.16724E-01    0.19328E-01    0.21646E-01    0.12120E-04   -0.50041E-04   -0.18670E+00   -0.25350E+01    0.47322E-01   -0.15514E+00   -0.11079E+01   -0.79054E+00   -0.17533E+00   -0.16133E+01    0.42476E-01    0.70498E-01   -0.22486E-02   -0.32350E-02    0.37411E-02    0.79945E-03   -0.30786E-02    0.65615E-03   -0.30144E-02    0.46976E-02    0.72718E-03   -0.26227E-02
   -0.24400E-05    0.10491E-04   -0.14646E-05   -0.65899E-05    0.42588E-03   -0.41258E-03   -0.58089E-04    0.25190E-05   -0.29401E-01    0.58600E-01   -0.36780E+00    0.70040E-03    0.22051E+00    0.16724E-01    0.56464E-02   -0.12815E-03    0.20918E-02    0.13512E-07    0.13051E-05   -0.76749E-03   -0.14038E-01    0.10479E-03   -0.17440E-02   -0.16034E+00   -0.88542E-02   -0.37296E-02   -0.11496E+00    0.27660E-03    0.15438E-02    0.45690E-03    0.20523E-04    0.17459E-03   -0.34400E-04   -0.10658E-04   -0.45925E-04    0.19390E-04    0.10678E-04   -0.65592E-04    0.15829E-03
   -0.75863E-06    0.43205E-05   -0.78213E-06   -0.21534E-05    0.35009E-03   -0.14246E-03   -0.19856E-04    0.70925E-06   -0.62660E-01    0.20614E-01   -0.15278E-01   -0.24021E-02    0.22240E-01    0.19328E-01   -0.12815E-03    0.24193E-02   -0.75226E-04    0.17937E-07    0.74876E-06   -0.17864E-03   -0.11405E-01    0.47242E-03    0.52655E-02   -0.21550E-02   -0.11488E-01    0.30931E-02    0.40750E-03    0.12837E-03    0.14123E-02   -0.44045E-03   -0.92750E-04   -0.69165E-04   -0.20356E-05    0.18567E-04   -0.72864E-06    0.17892E-04    0.59224E-04   -0.34660E-05    0.56409E-04
    0.33363E-05   -0.13692E-04    0.35815E-05    0.28039E-04   -0.15296E-02    0.51016E-03    0.80866E-04    0.58111E-04    0.89144E-01   -0.63576E-01   -0.44975E+00    0.38392E-02    0.34419E+00    0.21646E-01    0.20918E-02   -0.75226E-04    0.67478E-02    0.17571E-06   -0.61916E-05   -0.45043E-02   -0.38258E-01    0.57710E-02   -0.10099E-01   -0.27424E+00    0.30311E-03   -0.13142E-01   -0.21972E+00    0.19587E-04    0.82128E-03    0.30685E-03    0.82607E-04    0.89336E-04    0.26333E-04    0.21990E-04    0.16409E-04    0.55242E-04    0.10535E-03    0.28086E-05    0.17109E-03
    0.26767E-08   -0.22812E-07    0.28283E-08   -0.42339E-07    0.25485E-06    0.12366E-05   -0.73615E-08   -0.88875E-07    0.61757E-03   -0.37167E-04   -0.32298E-05    0.31846E-05    0.95939E-05    0.12120E-04    0.13512E-07    0.17937E-07    0.17571E-06    0.15837E-06   -0.10271E-08   -0.63899E-06   -0.11701E-04   -0.18424E-04   -0.56259E-06   -0.10491E-04   -0.89769E-05    0.22718E-06   -0.73355E-05    0.45686E-06    0.83823E-06    0.55835E-07   -0.42649E-06   -0.80868E-06    0.32201E-07   -0.36378E-07    0.21026E-07   -0.18664E-07    0.14943E-07    0.37527E-07   -0.70638E-07
   -0.11227E-07    0.11958E-06   -0.47113E-08   -0.20989E-07   -0.29591E-05   -0.57883E-05    0.20132E-06    0.89222E-06   -0.42042E-02   -0.59120E-03    0.15970E-03    0.11740E-04   -0.48243E-04   -0.50041E-04    0.13051E-05    0.74876E-06   -0.61916E-05   -0.10271E-08    0.17953E-05    0.64773E-05    0.40931E-04    0.10973E-03    0.30567E-04    0.20549E-03    0.20295E-04    0.23735E-04    0.30574E-03    0.10064E-05   -0.84137E-06   -0.93124E-06    0.64599E-06   -0.11200E-05    0.52125E-06    0.67788E-06    0.39996E-06    0.70530E-06    0.25866E-06    0.57534E-06    0.90009E-06
   -0.84917E-05    0.42504E-04   -0.80688E-05   -0.76230E-04    0.33294E-02   -0.19173E-02   -0.24293E-03   -0.13240E-03    0.97862E+00    0.23525E+00    0.51828E-01   -0.12118E-02   -0.34907E+00   -0.18670E+00   -0.76749E-03   -0.17864E-03   -0.45043E-02   -0.63899E-06    0.64773E-05    0.56827E-01    0.35936E+00   -0.34246E-02    0.54956E-01    0.16361E+00    0.11319E-01    0.50307E-01    0.22449E+00    0.34100E-02    0.71316E-02    0.11153E-02    0.99699E-04   -0.52295E-04   -0.26469E-04    0.24718E-03   -0.14246E-05    0.23830E-03   -0.34011E-03    0.12501E-03    0.53079E-03
   -0.14270E-03    0.62253E-03   -0.15150E-03   -0.12916E-02    0.75878E-01   -0.30687E-01   -0.35393E-02   -0.21340E-02    0.10745E+02    0.20852E+01    0.15157E+01   -0.10021E+01   -0.46457E+01   -0.25350E+01   -0.14038E-01   -0.11405E-01   -0.38258E-01   -0.11701E-04    0.40931E-04    0.35936E+00    0.49064E+01   -0.25821E-01    0.14171E+00    0.17373E+01    0.29111E+00    0.29579E+00    0.22962E+01   -0.51114E-01   -0.34648E-01    0.19340E-01    0.21718E-03   -0.97677E-02   -0.36881E-03    0.26793E-02   -0.58735E-04    0.25519E-02   -0.27563E-02    0.10219E-03    0.23357E-02
   -0.25653E-04    0.24266E-03   -0.27554E-04   -0.29893E-03    0.20380E-02   -0.83644E-02   -0.56738E-03    0.50834E-03    0.19771E+02    0.14710E+00    0.18543E+00    0.75971E-02    0.16216E+00    0.47322E-01    0.10479E-03    0.47242E-03    0.57710E-02   -0.18424E-04    0.10973E-03   -0.34246E-02   -0.25821E-01    0.31428E+00   -0.70642E-02   -0.18083E+00   -0.28234E-01   -0.16818E-01   -0.19176E+00    0.91523E-03    0.26963E-02    0.35854E-03    0.72779E-03    0.48375E-04    0.13467E-03   -0.83479E-04    0.14021E-03   -0.10368E-03    0.16292E-03   -0.47723E-04   -0.14551E-03
    0.23163E-04   -0.10921E-03    0.26199E-04    0.15059E-03   -0.13105E-01    0.43876E-02    0.46730E-03    0.14490E-03    0.16898E+00    0.74951E-01    0.15126E+00   -0.91904E-02   -0.56272E+00   -0.15514E+00   -0.17440E-02    0.52655E-02   -0.10099E-01   -0.56259E-06    0.30567E-04    0.54956E-01    0.14171E+00   -0.70642E-02    0.34755E+00    0.38680E+00    0.81513E-01    0.16443E+00    0.69235E+00    0.61669E-02    0.82941E-02   -0.47088E-02   -0.26343E-02   -0.22529E-02    0.68830E-03    0.16639E-03    0.80363E-03    0.17314E-03   -0.27558E-03    0.25349E-03    0.14866E-02
    0.71039E-04   -0.50750E-03    0.45892E-04    0.85842E-04   -0.26640E-01    0.11362E-01    0.14838E-02   -0.13796E-02   -0.55299E+01   -0.10189E+01    0.21657E+02   -0.40754E+00   -0.16906E+02   -0.11079E+01   -0.16034E+00   -0.21550E-02   -0.27424E+00   -0.10491E-04    0.20549E-03    0.16361E+00    0.17373E+01   -0.18083E+00    0.38680E+00    0.21206E+02    0.23836E+00    0.67736E+00    0.10398E+02   -0.23050E-01   -0.71467E-01   -0.15143E-01    0.44711E-02    0.99837E-02    0.13500E-02    0.21910E-01    0.18826E-02    0.13922E-01   -0.65659E-03    0.32571E-02   -0.82003E-02
    0.54656E-04   -0.27989E-03    0.61856E-04    0.12197E-03   -0.33547E-01    0.11405E-01    0.11543E-02   -0.21283E-03    0.53515E+01    0.64301E+00   -0.14746E+01   -0.16144E+00    0.61484E-01   -0.79054E+00   -0.88542E-02   -0.11488E-01    0.30311E-03   -0.89769E-05    0.20295E-04    0.11319E-01    0.29111E+00   -0.28234E-01    0.81513E-01    0.23836E+00    0.22400E+01    0.52858E-01    0.47209E+00   -0.83773E-01   -0.10106E+00   -0.48495E-02    0.23029E-02   -0.35085E-05   -0.25479E-03    0.18585E-02   -0.15449E-03    0.18104E-02    0.72334E-03    0.54334E-03    0.19737E-02
    0.44095E-04   -0.23829E-03    0.47384E-04    0.27686E-03   -0.22388E-01    0.76612E-02    0.88704E-03    0.12907E-03   -0.11056E+01   -0.49762E+00    0.45763E+00   -0.10063E+00   -0.99202E+00   -0.17533E+00   -0.37296E-02    0.30931E-02   -0.13142E-01    0.22718E-06    0.23735E-04    0.50307E-01    0.29579E+00   -0.16818E-01    0.16443E+00    0.67736E+00    0.52858E-01    0.27626E+00    0.62682E+00   -0.28074E-03    0.62927E-02    0.16605E-03    0.14464E-02    0.11355E-02    0.27026E-03    0.21469E-03    0.29610E-03    0.11719E-03    0.71854E-03    0.53465E-03    0.23006E-03
    0.10631E-03   -0.67930E-03    0.97972E-04    0.62901E-03   -0.28279E-01    0.22355E-01    0.18593E-02   -0.82890E-03   -0.10666E+01   -0.94918E+00    0.12282E+02   -0.33209E+00   -0.12444E+02   -0.16133E+01   -0.11496E+00    0.40750E-03   -0.21972E+00   -0.73355E-05    0.30574E-03    0.22449E+00    0.22962E+01   -0.19176E+00    0.69235E+00    0.10398E+02    0.47209E+00    0.62682E+00    0.20772E+02   -0.21259E-01   -0.97940E-01   -0.28062E-01   -0.10227E-01   -0.15249E-01    0.17005E-02    0.34347E-02    0.20329E-02    0.20191E-02   -0.27897E-04    0.52965E-02    0.29085E-01
   -0.60504E-06    0.47922E-05   -0.60704E-06    0.72742E-05    0.32198E-03   -0.28806E-03   -0.15670E-04    0.22245E-04   -0.84522E-01   -0.19161E-02   -0.35725E-01    0.47865E-01    0.66779E-01    0.42476E-01    0.27660E-03    0.12837E-03    0.19587E-04    0.45686E-06    0.10064E-05    0.34100E-02   -0.51114E-01    0.91523E-03    0.61669E-02   -0.23050E-01   -0.83773E-01   -0.28074E-03   -0.21259E-01    0.77810E-02    0.71802E-02   -0.23285E-03   -0.24091E-03    0.76880E-04    0.16751E-04   -0.22217E-04    0.11595E-04   -0.21622E-04   -0.65346E-04    0.21428E-04    0.76712E-04
   -0.14262E-05    0.77424E-05   -0.13418E-05    0.90612E-05    0.82487E-03   -0.44491E-03   -0.32830E-04    0.28573E-04   -0.34886E+00   -0.55317E-01   -0.61131E-01    0.45161E-01    0.87760E-01    0.70498E-01    0.15438E-02    0.14123E-02    0.82128E-03    0.83823E-06   -0.84137E-06    0.71316E-02   -0.34648E-01    0.26963E-02    0.82941E-02   -0.71467E-01   -0.10106E+00    0.62927E-02   -0.97940E-01    0.71802E-02    0.13287E-01    0.44711E-03   -0.10056E-03    0.29633E-03    0.31931E-04   -0.89052E-04    0.30591E-04   -0.77860E-04    0.79436E-04    0.67788E-04   -0.11509E-03
   -0.27650E-06    0.62021E-06   -0.34552E-06    0.72163E-06    0.24273E-03   -0.54671E-04   -0.50625E-05    0.19301E-05   -0.64176E-01   -0.27717E-01   -0.44529E-03   -0.52555E-02   -0.89854E-02   -0.22486E-02    0.45690E-03   -0.44045E-03    0.30685E-03    0.55835E-07   -0.93124E-06    0.11153E-02    0.19340E-01    0.35854E-03   -0.47088E-02   -0.15143E-01   -0.48495E-02    0.16605E-03   -0.28062E-01   -0.23285E-03    0.44711E-03    0.55362E-03    0.95990E-04    0.82941E-04    0.28362E-05   -0.24175E-04    0.51977E-05   -0.20787E-04    0.44314E-04    0.15510E-04   -0.82573E-04
   -0.59424E-06   -0.10099E-05   -0.25238E-06   -0.11234E-04    0.13245E-03   -0.78209E-04    0.33365E-05   -0.25355E-04    0.41249E-01    0.22377E-01    0.31467E-01   -0.30525E-02   -0.68242E-02   -0.32350E-02    0.20523E-04   -0.92750E-04    0.82607E-04   -0.42649E-06    0.64599E-06    0.99699E-04    0.21718E-03    0.72779E-03   -0.26343E-02    0.44711E-02    0.23029E-02    0.14464E-02   -0.10227E-01   -0.24091E-03   -0.10056E-03    0.95990E-04    0.35591E-01    0.10586E-03    0.13282E-03    0.88477E-04   -0.36923E-04   -0.12864E-04   -0.27401E-04   -0.52316E-05   -0.58080E-04
   -0.11786E-05    0.80496E-05   -0.20323E-05   -0.19641E-04   -0.39787E-04   -0.37111E-03   -0.11007E-04   -0.21573E-04   -0.43465E-01    0.28052E-01    0.39111E-01   -0.40942E-03   -0.16005E-02    0.37411E-02    0.17459E-03   -0.69165E-04    0.89336E-04   -0.80868E-06   -0.11200E-05   -0.52295E-04   -0.97677E-02    0.48375E-04   -0.22529E-02    0.99837E-02   -0.35085E-05    0.11355E-02   -0.15249E-01    0.76880E-04    0.29633E-03    0.82941E-04    0.10586E-03    0.39553E-01   -0.28440E-04   -0.38020E-05    0.15642E-03    0.87928E-04   -0.12627E-04   -0.24635E-04   -0.89172E-04
    0.66176E-06   -0.34798E-05    0.66420E-06    0.61206E-05   -0.22778E-03    0.83151E-04    0.16030E-04    0.74954E-05   -0.29905E-01   -0.16859E-01   -0.10709E-01    0.17484E-03    0.58468E-03    0.79945E-03   -0.34400E-04   -0.20356E-05    0.26333E-04    0.32201E-07    0.52125E-06   -0.26469E-04   -0.36881E-03    0.13467E-03    0.68830E-03    0.13500E-02   -0.25479E-03    0.27026E-03    0.17005E-02    0.16751E-04    0.31931E-04    0.28362E-05    0.13282E-03   -0.28440E-04    0.54982E-04    0.90704E-05    0.12918E-04    0.86992E-05    0.16140E-04    0.13562E-04    0.10311E-04
    0.76101E-06   -0.41440E-05    0.74355E-06    0.52564E-05   -0.29119E-03    0.11282E-03    0.16505E-04    0.32848E-05    0.18071E-02   -0.99090E-02   -0.31769E-01    0.20263E-03    0.65796E-02   -0.30786E-02   -0.10658E-04    0.18567E-04    0.21990E-04   -0.36378E-07    0.67788E-06    0.24718E-03    0.26793E-02   -0.83479E-04    0.16639E-03    0.21910E-01    0.18585E-02    0.21469E-03    0.34347E-02   -0.22217E-04   -0.89052E-04   -0.24175E-04    0.88477E-04   -0.38020E-05    0.90704E-05    0.18022E-03    0.10345E-04    0.67734E-04    0.57064E-05    0.14207E-04    0.32093E-04
    0.68892E-06   -0.35797E-05    0.66152E-06    0.60495E-05   -0.24080E-03    0.97048E-04    0.16308E-04    0.70131E-05   -0.26635E-01   -0.16554E-01   -0.10339E-01    0.14031E-03   -0.12556E-03    0.65615E-03   -0.45925E-04   -0.72864E-06    0.16409E-04    0.21026E-07    0.39996E-06   -0.14246E-05   -0.58735E-04    0.14021E-03    0.80363E-03    0.18826E-02   -0.15449E-03    0.29610E-03    0.20329E-02    0.11595E-04    0.30591E-04    0.51977E-05   -0.36923E-04    0.15642E-03    0.12918E-04    0.10345E-04    0.53422E-04    0.10028E-04    0.17056E-04    0.14502E-04    0.10692E-04
    0.75885E-06   -0.42554E-05    0.77740E-06    0.60792E-05   -0.30435E-03    0.10062E-03    0.16625E-04    0.45274E-05    0.35098E-02   -0.10048E-01   -0.35075E-01    0.21873E-03    0.89078E-02   -0.30144E-02    0.19390E-04    0.17892E-04    0.55242E-04   -0.18664E-07    0.70530E-06    0.23830E-03    0.25519E-02   -0.10368E-03    0.17314E-03    0.13922E-01    0.18104E-02    0.11719E-03    0.20191E-02   -0.21622E-04   -0.77860E-04   -0.20787E-04   -0.12864E-04    0.87928E-04    0.86992E-05    0.67734E-04    0.10028E-04    0.10804E-03    0.50565E-05    0.13639E-04    0.34203E-04
    0.13618E-05   -0.74044E-05    0.14629E-05    0.10488E-04   -0.55677E-03    0.20621E-03    0.31501E-04    0.97847E-05   -0.77034E-01   -0.34531E-01   -0.15769E-01   -0.39636E-03    0.23223E-02    0.46976E-02    0.10678E-04    0.59224E-04    0.10535E-03    0.14943E-07    0.25866E-06   -0.34011E-03   -0.27563E-02    0.16292E-03   -0.27558E-03   -0.65659E-03    0.72334E-03    0.71854E-03   -0.27897E-04   -0.65346E-04    0.79436E-04    0.44314E-04   -0.27401E-04   -0.12627E-04    0.16140E-04    0.57064E-05    0.17056E-04    0.50565E-05    0.39760E-03    0.39627E-04    0.84210E-05
    0.12911E-05   -0.71285E-05    0.13295E-05    0.99100E-05   -0.48528E-03    0.20794E-03    0.29076E-04    0.75121E-05   -0.42653E-01   -0.26351E-01   -0.17544E-01    0.54955E-03   -0.63988E-03    0.72718E-03   -0.65592E-04   -0.34660E-05    0.28086E-05    0.37527E-07    0.57534E-06    0.12501E-03    0.10219E-03   -0.47723E-04    0.25349E-03    0.32571E-02    0.54334E-03    0.53465E-03    0.52965E-02    0.21428E-04    0.67788E-04    0.15510E-04   -0.52316E-05   -0.24635E-04    0.13562E-04    0.14207E-04    0.14502E-04    0.13639E-04    0.39627E-04    0.99488E-04    0.32320E-04
    0.10059E-05   -0.59138E-05    0.10976E-05    0.76379E-05   -0.35232E-03    0.19278E-03    0.21764E-04    0.35989E-05    0.19158E-02   -0.13649E-01   -0.61208E-01    0.16288E-02    0.21361E-01   -0.26227E-02    0.15829E-03    0.56409E-04    0.17109E-03   -0.70638E-07    0.90009E-06    0.53079E-03    0.23357E-02   -0.14551E-03    0.14866E-02   -0.82003E-02    0.19737E-02    0.23006E-03    0.29085E-01    0.76712E-04   -0.11509E-03   -0.82573E-04   -0.58080E-04   -0.89172E-04    0.10311E-04    0.32093E-04    0.10692E-04    0.34203E-04    0.84210E-05    0.32320E-04    0.53080E-03
