# omegabh2 omegach2 theta tau mnu logA ns calPlanck acib217 xi asz143 aps100 aps143 aps143217 aps217 aksz kgal100 kgal143 kgal143217 kgal217 galfEE100 galfEE100143 galfEE100217 galfEE143 galfEE143217 galfEE217 galfTE100 galfTE100143 galfTE100217 galfTE143 galfTE143217 galfTE217 cal0 cal2
    0.2600835E-07   -0.1416998E-06    0.2563314E-07    0.5155951E-06   -0.6823595E-05    0.7945392E-06    0.3853986E-06   -0.2471713E-08   -0.1142242E-03    0.1433288E-05    0.3603847E-04   -0.5411077E-03   -0.2685236E-03   -0.5906799E-04    0.2782805E-04   -0.4942961E-04   -0.2803630E-06   -0.2676885E-05   -0.1490530E-04    0.1127036E-05    0.1001538E-06    0.3441057E-07    0.4890894E-08    0.5034753E-07    0.2977405E-07   -0.6840353E-08   -0.2284063E-06   -0.9244543E-07   -0.4171986E-06   -0.5357745E-07   -0.3787865E-06   -0.1462013E-05    0.4755541E-08   -0.1313432E-07
   -0.1416998E-06    0.2032421E-05   -0.2156159E-06   -0.9648877E-05    0.5360825E-04   -0.1454466E-04   -0.5271551E-05    0.3022169E-08    0.5444275E-03   -0.7838955E-05   -0.1694101E-03    0.2762658E-02    0.1626254E-02    0.6083592E-03    0.9867722E-04    0.2280586E-03   -0.1507761E-04   -0.1830445E-04    0.1490584E-03    0.2315576E-03   -0.1110709E-05   -0.3774209E-06    0.1309083E-06   -0.4648342E-06   -0.2363964E-06    0.3138849E-06    0.1458019E-05    0.6277166E-06   -0.1416392E-05    0.6744170E-06    0.3086937E-05    0.9499317E-05   -0.2378794E-08    0.1047906E-06
    0.2563314E-07   -0.2156159E-06    0.1145560E-06    0.6552451E-06   -0.1664878E-04    0.9365105E-06    0.7048704E-06   -0.4795586E-08   -0.8226608E-04    0.6870445E-06    0.2872741E-04   -0.4289860E-03   -0.2270520E-03   -0.8167813E-04    0.2588930E-05   -0.3225642E-04    0.9150396E-05    0.8195245E-06   -0.7737549E-05   -0.9377151E-05    0.9735424E-07    0.5929770E-07   -0.2010194E-07    0.5719959E-07   -0.3206697E-08   -0.4440928E-06    0.1474848E-06   -0.7441148E-07   -0.3273274E-06   -0.1256430E-06   -0.7420320E-06   -0.1559082E-05    0.3692138E-08   -0.1234340E-07
    0.5155951E-06   -0.9648877E-05    0.6552451E-06    0.2709141E-03    0.1167137E-02    0.5045235E-03    0.3142531E-04   -0.3383918E-05   -0.7713101E-02    0.1498382E-03    0.1436121E-02   -0.2952162E-01   -0.1037302E-01    0.1879226E-03    0.4118942E-02   -0.2475261E-02   -0.3578510E-04    0.5184281E-04    0.9854111E-04    0.1916895E-02    0.3976616E-05    0.2663233E-05   -0.2938252E-06    0.2278928E-05   -0.2348932E-05    0.6980717E-06   -0.2462516E-04   -0.5619532E-05    0.2877181E-04   -0.1048036E-04   -0.3704460E-05   -0.1437110E-04   -0.1461720E-06   -0.6017860E-06
   -0.6823595E-05    0.5360825E-04   -0.1664878E-04    0.1167137E-02    0.1880181E-01    0.2432622E-02   -0.1473660E-03    0.2151135E-04    0.7732198E-02    0.6041933E-03   -0.6061534E-02    0.1068384E+00    0.7704338E-01    0.5824633E-01    0.3798788E-01    0.2107124E-02   -0.2197969E-02   -0.1155864E-02    0.1103074E-01    0.2967003E-01   -0.2110716E-04   -0.7351985E-05    0.6391619E-05   -0.1676510E-04   -0.3096932E-04    0.4711189E-04   -0.2124170E-03   -0.2564376E-04    0.2244455E-03   -0.5348203E-04    0.2690832E-03    0.6479197E-03    0.2673226E-06    0.5453604E-05
    0.7945392E-06   -0.1454466E-04    0.9365105E-06    0.5045235E-03    0.2432622E-02    0.9758069E-03    0.4803066E-04    0.6359009E-05   -0.1371416E-01    0.3172364E-03    0.2430104E-02   -0.4625783E-01   -0.1496216E-01    0.4601147E-02    0.1370328E-01   -0.5051244E-02   -0.2819448E-03   -0.5315252E-03   -0.1395214E-03    0.5796221E-02    0.6082311E-05    0.4114568E-05    0.4038714E-06    0.3932184E-05   -0.6014660E-05    0.1012586E-05   -0.4593763E-04   -0.8522308E-05    0.6834474E-04   -0.2082404E-04    0.1873507E-05    0.1355916E-04   -0.7234434E-07   -0.9986899E-06
    0.3853986E-06   -0.5271551E-05    0.7048704E-06    0.3142531E-04   -0.1473660E-03    0.4803066E-04    0.2317517E-04   -0.3383258E-06   -0.5611016E-02    0.1290016E-03    0.1292055E-02   -0.2708837E-01   -0.7712192E-02    0.2058221E-02    0.5627888E-02   -0.2722627E-02    0.3123487E-03   -0.3652848E-04   -0.6557398E-03    0.1560092E-03    0.5772335E-05    0.2096224E-05   -0.1141869E-05    0.2170291E-05    0.5093099E-06   -0.1436638E-05   -0.1794321E-05   -0.1386544E-05    0.4181939E-06   -0.2173278E-05   -0.5791410E-05   -0.1597023E-04   -0.1707620E-06   -0.6247518E-06
   -0.2471713E-08    0.3022169E-08   -0.4795586E-08   -0.3383918E-05    0.2151135E-04    0.6359009E-05   -0.3383258E-06    0.6495760E-05    0.1137031E-02   -0.1764571E-05   -0.7110327E-04    0.4599558E-02    0.8212730E-03    0.3277286E-03    0.8164350E-03    0.1151161E-03    0.2040922E-04   -0.4246506E-04   -0.1611802E-03    0.5350519E-03    0.8771052E-06    0.7766396E-07    0.2097108E-06    0.3812949E-06   -0.4242673E-06   -0.3584057E-06   -0.1038300E-06    0.5510606E-06    0.9046796E-05   -0.1046228E-05    0.1240421E-05    0.1191138E-04   -0.1381886E-08    0.1647046E-07
   -0.1142242E-03    0.5444275E-03   -0.8226608E-04   -0.7713101E-02    0.7732198E-02   -0.1371416E-01   -0.5611016E-02    0.1137031E-02    0.4778022E+02   -0.4720308E+00   -0.1300328E+01    0.3959219E+02   -0.7654774E+00   -0.2104505E+02   -0.6523651E+02    0.1789431E+00   -0.2492261E+00    0.3800300E+00   -0.3302326E+01   -0.2502731E+02   -0.7477381E-03    0.3231725E-04    0.1005633E-02    0.2914886E-03   -0.3173450E-03    0.3732640E-03   -0.7316774E-02   -0.2816285E-03    0.1920281E-02    0.2225896E-02   -0.8322034E-02    0.3543249E-02   -0.1384116E-03    0.4221906E-02
    0.1433288E-05   -0.7838955E-05    0.6870445E-06    0.1498382E-03    0.6041933E-03    0.3172364E-03    0.1290016E-03   -0.1764571E-05   -0.4720308E+00    0.8184164E-01   -0.7981350E-01   -0.3342888E+00    0.9788223E+00    0.1772159E+01    0.7198540E+00    0.8216364E-01    0.7284975E-04    0.8499607E-02    0.1008890E+00    0.1204701E+00    0.1623465E-04    0.1727399E-04    0.9474512E-06    0.3630816E-07   -0.9739958E-05   -0.8033991E-04   -0.5126224E-04    0.6377412E-05   -0.4100871E-03    0.2682667E-04    0.3129609E-03    0.1047583E-03    0.6481354E-05   -0.1078689E-04
    0.3603847E-04   -0.1694101E-03    0.2872741E-04    0.1436121E-02   -0.6061534E-02    0.2430104E-02    0.1292055E-02   -0.7110327E-04   -0.1300328E+01   -0.7981350E-01    0.3752859E+01   -0.2868510E+02   -0.3842909E+01    0.7396474E+01    0.6266520E+01   -0.2678521E+01   -0.2202592E+00    0.1075729E+00    0.2407189E+01    0.1825788E+01    0.1487730E-03    0.2119034E-04   -0.4291994E-04    0.1257166E-03   -0.1356440E-03   -0.7563327E-03   -0.1290324E-03    0.9990997E-05   -0.7645823E-03   -0.6876830E-03   -0.3922430E-03   -0.2326273E-02    0.1904361E-03   -0.3738177E-03
   -0.5411077E-03    0.2762658E-02   -0.4289860E-03   -0.2952162E-01    0.1068384E+00   -0.4625783E-01   -0.2708837E-01    0.4599558E-02    0.3959219E+02   -0.3342888E+00   -0.2868510E+02    0.7101940E+03    0.6619083E+02   -0.5627370E+02   -0.6739490E+02    0.1331988E+02   -0.6192693E-01    0.5617169E-01   -0.1210368E+02   -0.1670397E+02   -0.3409209E-02   -0.1142353E-02   -0.2725242E-02   -0.2593802E-03    0.4275848E-02    0.5790872E-02    0.4414474E-01    0.4352460E-02   -0.1381979E-01   -0.3123437E-02   -0.2795504E-01    0.5505840E-02    0.4446786E-02    0.4276286E-02
   -0.2685236E-03    0.1626254E-02   -0.2270520E-03   -0.1037302E-01    0.7704338E-01   -0.1496216E-01   -0.7712192E-02    0.8212730E-03   -0.7654774E+00    0.9788223E+00   -0.3842909E+01    0.6619083E+02    0.5723706E+02    0.4118781E+02    0.1857487E+02   -0.4562618E+01   -0.2476374E+00   -0.9469488E+00    0.4231809E+01    0.5418824E+01   -0.1630985E-02   -0.3315006E-03    0.1028642E-03   -0.9929830E-03    0.1332853E-02    0.2802863E-02    0.1883418E-02    0.4145632E-02   -0.8348631E-02    0.1141289E-02   -0.9858704E-03    0.9439608E-02    0.1688169E-03    0.3296117E-03
   -0.5906799E-04    0.6083592E-03   -0.8167813E-04    0.1879226E-03    0.5824633E-01    0.4601147E-02    0.2058221E-02    0.3277286E-03   -0.2104505E+02    0.1772159E+01    0.7396474E+01   -0.5627370E+02    0.4118781E+02    0.9160328E+02    0.6499149E+02   -0.1158623E+02   -0.6187527E+00   -0.2657995E+00    0.5168739E+01    0.6925026E+01   -0.1412316E-03    0.2377329E-03   -0.2811732E-03   -0.1736995E-03   -0.2129390E-03   -0.6424230E-03    0.1030638E-02    0.2407708E-02   -0.1074581E-01    0.2009855E-03    0.9155584E-02    0.3770042E-03    0.7347497E-03   -0.2317527E-02
    0.2782805E-04    0.9867722E-04    0.2588930E-05    0.4118942E-02    0.3798788E-01    0.1370328E-01    0.5627888E-02    0.8164350E-03   -0.6523651E+02    0.7198540E+00    0.6266520E+01   -0.6739490E+02    0.1857487E+02    0.6499149E+02    0.1246487E+03   -0.1003862E+02   -0.1568759E+00   -0.6172916E+00    0.1306417E+01    0.2250279E+02    0.8553034E-03   -0.1702481E-03   -0.1477470E-02   -0.5600381E-03    0.4893996E-03   -0.1304888E-02    0.1018703E-01    0.1426204E-02   -0.8273593E-02   -0.2571393E-02    0.1411936E-01   -0.6587607E-02    0.5603855E-03   -0.7467210E-02
   -0.4942961E-04    0.2280586E-03   -0.3225642E-04   -0.2475261E-02    0.2107124E-02   -0.5051244E-02   -0.2722627E-02    0.1151161E-03    0.1789431E+00    0.8216364E-01   -0.2678521E+01    0.1331988E+02   -0.4562618E+01   -0.1158623E+02   -0.1003862E+02    0.6022483E+01    0.9559094E-01   -0.1334879E+00   -0.2092487E+01   -0.1572003E+01   -0.8298530E-03   -0.2071497E-03    0.2225058E-03   -0.2942827E-03   -0.3686196E-03   -0.8994605E-03    0.1829515E-03   -0.2816270E-03    0.3428396E-02    0.1641649E-03    0.1574959E-02    0.2324331E-02   -0.1179070E-03    0.1765062E-03
   -0.2803630E-06   -0.1507761E-04    0.9150396E-05   -0.3578510E-04   -0.2197969E-02   -0.2819448E-03    0.3123487E-03    0.2040922E-04   -0.2492261E+00    0.7284975E-04   -0.2202592E+00   -0.6192693E-01   -0.2476374E+00   -0.6187527E+00   -0.1568759E+00    0.9559094E-01    0.3191300E+01    0.7842626E+00    0.3420007E+00    0.6083686E+00   -0.1356947E-03   -0.3541551E-04   -0.1159973E-03    0.3990670E-04    0.4799060E-05   -0.8944765E-03   -0.2272380E-02    0.6427857E-03    0.4949936E-02   -0.6106557E-03    0.5429977E-04    0.8741982E-03    0.4226620E-03   -0.2286761E-04
   -0.2676885E-05   -0.1830445E-04    0.8195245E-06    0.5184281E-04   -0.1155864E-02   -0.5315252E-03   -0.3652848E-04   -0.4246506E-04    0.3800300E+00    0.8499607E-02    0.1075729E+00    0.5617169E-01   -0.9469488E+00   -0.2657995E+00   -0.6172916E+00   -0.1334879E+00    0.7842626E+00    0.3008847E+01    0.2333873E+01    0.1196679E+01   -0.8843106E-04    0.1137636E-03   -0.2670009E-03    0.6461283E-04   -0.2262365E-03   -0.7573440E-03    0.1512561E-02   -0.1013656E-02    0.7463691E-03   -0.5439883E-03    0.9440274E-03    0.3275884E-02   -0.3911813E-03   -0.1940766E-03
   -0.1490530E-04    0.1490584E-03   -0.7737549E-05    0.9854111E-04    0.1103074E-01   -0.1395214E-03   -0.6557398E-03   -0.1611802E-03   -0.3302326E+01    0.1008890E+00    0.2407189E+01   -0.1210368E+02    0.4231809E+01    0.5168739E+01    0.1306417E+01   -0.2092487E+01    0.3420007E+00    0.2333873E+01    0.1788229E+02    0.2749249E+02   -0.3731592E-03   -0.2159788E-03   -0.2479674E-03   -0.1963094E-03    0.2644316E-03    0.1403939E-03    0.1233687E-02   -0.1159893E-03   -0.8404841E-02   -0.3520996E-02   -0.2902637E-02    0.2276120E-02   -0.6456564E-04    0.2496622E-02
    0.1127036E-05    0.2315576E-03   -0.9377151E-05    0.1916895E-02    0.2967003E-01    0.5796221E-02    0.1560092E-03    0.5350519E-03   -0.2502731E+02    0.1204701E+00    0.1825788E+01   -0.1670397E+02    0.5418824E+01    0.6925026E+01    0.2250279E+02   -0.1572003E+01    0.6083686E+00    0.1196679E+01    0.2749249E+02    0.6282020E+02   -0.8153991E-04   -0.4370051E-03   -0.5554403E-03   -0.3877729E-03   -0.1765916E-04    0.2140369E-02    0.2837136E-02   -0.2269544E-03   -0.1558055E-02   -0.6701465E-02   -0.4952331E-02    0.3247388E-02   -0.5596966E-04    0.4579325E-02
    0.1001538E-06   -0.1110709E-05    0.9735424E-07    0.3976616E-05   -0.2110716E-04    0.6082311E-05    0.5772335E-05    0.8771052E-06   -0.7477381E-03    0.1623465E-04    0.1487730E-03   -0.3409209E-02   -0.1630985E-02   -0.1412316E-03    0.8553034E-03   -0.8298530E-03   -0.1356947E-03   -0.8843106E-04   -0.3731592E-03   -0.8153991E-04    0.1264970E-03    0.1099155E-04   -0.2230084E-05    0.2744702E-05    0.2030297E-05    0.1423561E-05   -0.4617859E-05    0.1048956E-05    0.2921594E-04    0.3576734E-06   -0.3499945E-05   -0.7366400E-05   -0.1012320E-06   -0.1505738E-06
    0.3441057E-07   -0.3774209E-06    0.5929770E-07    0.2663233E-05   -0.7351985E-05    0.4114568E-05    0.2096224E-05    0.7766396E-07    0.3231725E-04    0.1727399E-04    0.2119034E-04   -0.1142353E-02   -0.3315006E-03    0.2377329E-03   -0.1702481E-03   -0.2071497E-03   -0.3541551E-04    0.1137636E-03   -0.2159788E-03   -0.4370051E-03    0.1099155E-04    0.1395703E-04   -0.1549578E-06    0.6218839E-05    0.6363433E-06   -0.1751599E-05    0.1550737E-06   -0.1495221E-05   -0.5314158E-05    0.5150877E-07    0.1385427E-05   -0.1302012E-04   -0.4896335E-07   -0.4387199E-07
    0.4890894E-08    0.1309083E-06   -0.2010194E-07   -0.2938252E-06    0.6391619E-05    0.4038714E-06   -0.1141869E-05    0.2097108E-06    0.1005633E-02    0.9474512E-06   -0.4291994E-04   -0.2725242E-02    0.1028642E-03   -0.2811732E-03   -0.1477470E-02    0.2225058E-03   -0.1159973E-03   -0.2670009E-03   -0.2479674E-03   -0.5554403E-03   -0.2230084E-05   -0.1549578E-06    0.2204210E-03   -0.9045669E-06    0.1453308E-05    0.1118785E-04    0.5627524E-05    0.3294902E-05    0.4634807E-04   -0.5464289E-06    0.7190567E-05   -0.1132476E-04   -0.4490829E-07    0.1090537E-06
    0.5034753E-07   -0.4648342E-06    0.5719959E-07    0.2278928E-05   -0.1676510E-04    0.3932184E-05    0.2170291E-05    0.3812949E-06    0.2914886E-03    0.3630816E-07    0.1257166E-03   -0.2593802E-03   -0.9929830E-03   -0.1736995E-03   -0.5600381E-03   -0.2942827E-03    0.3990670E-04    0.6461283E-04   -0.1963094E-03   -0.3877729E-03    0.2744702E-05    0.6218839E-05   -0.9045669E-06    0.3014011E-04    0.7893594E-06   -0.2116292E-05    0.4075317E-07   -0.2062219E-05   -0.1439755E-04   -0.1306405E-05    0.2195421E-06   -0.1722072E-04   -0.6105828E-07   -0.2953018E-07
    0.2977405E-07   -0.2363964E-06   -0.3206697E-08   -0.2348932E-05   -0.3096932E-04   -0.6014660E-05    0.5093099E-06   -0.4242673E-06   -0.3173450E-03   -0.9739958E-05   -0.1356440E-03    0.4275848E-02    0.1332853E-02   -0.2129390E-03    0.4893996E-03   -0.3686196E-03    0.4799060E-05   -0.2262365E-03    0.2644316E-03   -0.1765916E-04    0.2030297E-05    0.6363433E-06    0.1453308E-05    0.7893594E-06    0.3956878E-03   -0.2572600E-04    0.5477777E-06    0.7287793E-05   -0.1452459E-04    0.6381226E-05   -0.2124197E-04    0.2564765E-05    0.3711224E-06   -0.1470154E-06
   -0.6840353E-08    0.3138849E-06   -0.4440928E-06    0.6980717E-06    0.4711189E-04    0.1012586E-05   -0.1436638E-05   -0.3584057E-06    0.3732640E-03   -0.8033991E-04   -0.7563327E-03    0.5790872E-02    0.2802863E-02   -0.6424230E-03   -0.1304888E-02   -0.8994605E-03   -0.8944765E-03   -0.7573440E-03    0.1403939E-03    0.2140369E-02    0.1423561E-05   -0.1751599E-05    0.1118785E-04   -0.2116292E-05   -0.2572600E-04    0.3541948E-02   -0.4796151E-04   -0.2045740E-04   -0.1678590E-03    0.6927657E-05    0.1367661E-04   -0.6095012E-04   -0.1635451E-06    0.1184238E-06
   -0.2284063E-06    0.1458019E-05    0.1474848E-06   -0.2462516E-04   -0.2124170E-03   -0.4593763E-04   -0.1794321E-05   -0.1038300E-06   -0.7316774E-02   -0.5126224E-04   -0.1290324E-03    0.4414474E-01    0.1883418E-02    0.1030638E-02    0.1018703E-01    0.1829515E-03   -0.2272380E-02    0.1512561E-02    0.1233687E-02    0.2837136E-02   -0.4617859E-05    0.1550737E-06    0.5627524E-05    0.4075317E-07    0.5477777E-06   -0.4796151E-04    0.5690998E-02    0.1809429E-02    0.1813081E-02   -0.6412641E-03   -0.1084881E-03    0.2017598E-03    0.1819460E-05   -0.1813199E-05
   -0.9244543E-07    0.6277166E-06   -0.7441148E-07   -0.5619532E-05   -0.2564376E-04   -0.8522308E-05   -0.1386544E-05    0.5510606E-06   -0.2816285E-03    0.6377412E-05    0.9990997E-05    0.4352460E-02    0.4145632E-02    0.2407708E-02    0.1426204E-02   -0.2816270E-03    0.6427857E-03   -0.1013656E-02   -0.1159893E-03   -0.2269544E-03    0.1048956E-05   -0.1495221E-05    0.3294902E-05   -0.2062219E-05    0.7287793E-05   -0.2045740E-04    0.1809429E-02    0.1209554E-02    0.7811416E-03    0.2120496E-03    0.1629986E-04   -0.1533776E-03   -0.7919159E-07   -0.2501007E-06
   -0.4171986E-06   -0.1416392E-05   -0.3273274E-06    0.2877181E-04    0.2244455E-03    0.6834474E-04    0.4181939E-06    0.9046796E-05    0.1920281E-02   -0.4100871E-03   -0.7645823E-03   -0.1381979E-01   -0.8348631E-02   -0.1074581E-01   -0.8273593E-02    0.3428396E-02    0.4949936E-02    0.7463691E-03   -0.8404841E-02   -0.1558055E-02    0.2921594E-04   -0.5314158E-05    0.4634807E-04   -0.1439755E-04   -0.1452459E-04   -0.1678590E-03    0.1813081E-02    0.7811416E-03    0.3340837E-01   -0.5704952E-03    0.1627033E-02    0.1102493E-01    0.6245102E-06    0.1059117E-05
   -0.5357745E-07    0.6744170E-06   -0.1256430E-06   -0.1048036E-04   -0.5348203E-04   -0.2082404E-04   -0.2173278E-05   -0.1046228E-05    0.2225896E-02    0.2682667E-04   -0.6876830E-03   -0.3123437E-02    0.1141289E-02    0.2009855E-03   -0.2571393E-02    0.1641649E-03   -0.6106557E-03   -0.5439883E-03   -0.3520996E-02   -0.6701465E-02    0.3576734E-06    0.5150877E-07   -0.5464289E-06   -0.1306405E-05    0.6381226E-05    0.6927657E-05   -0.6412641E-03    0.2120496E-03   -0.5704952E-03    0.1371445E-02    0.1803591E-03   -0.4269538E-03   -0.3682489E-07   -0.3829200E-06
   -0.3787865E-06    0.3086937E-05   -0.7420320E-06   -0.3704460E-05    0.2690832E-03    0.1873507E-05   -0.5791410E-05    0.1240421E-05   -0.8322034E-02    0.3129609E-03   -0.3922430E-03   -0.2795504E-01   -0.9858704E-03    0.9155584E-02    0.1411936E-01    0.1574959E-02    0.5429977E-04    0.9440274E-03   -0.2902637E-02   -0.4952331E-02   -0.3499945E-05    0.1385427E-05    0.7190567E-05    0.2195421E-06   -0.2124197E-04    0.1367661E-04   -0.1084881E-03    0.1629986E-04    0.1627033E-02    0.1803591E-03    0.5162371E-02    0.4189906E-02   -0.7211914E-06   -0.2581790E-05
   -0.1462013E-05    0.9499317E-05   -0.1559082E-05   -0.1437110E-04    0.6479197E-03    0.1355916E-04   -0.1597023E-04    0.1191138E-04    0.3543249E-02    0.1047583E-03   -0.2326273E-02    0.5505840E-02    0.9439608E-02    0.3770042E-03   -0.6587607E-02    0.2324331E-02    0.8741982E-03    0.3275884E-02    0.2276120E-02    0.3247388E-02   -0.7366400E-05   -0.1302012E-04   -0.1132476E-04   -0.1722072E-04    0.2564765E-05   -0.6095012E-04    0.2017598E-03   -0.1533776E-03    0.1102493E-01   -0.4269538E-03    0.4189906E-02    0.3571000E-01   -0.9588774E-06   -0.7656030E-06
    0.4755541E-08   -0.2378794E-08    0.3692138E-08   -0.1461720E-06    0.2673226E-06   -0.7234434E-07   -0.1707620E-06   -0.1381886E-08   -0.1384116E-03    0.6481354E-05    0.1904361E-03    0.4446786E-02    0.1688169E-03    0.7347497E-03    0.5603855E-03   -0.1179070E-03    0.4226620E-03   -0.3911813E-03   -0.6456564E-04   -0.5596966E-04   -0.1012320E-06   -0.4896335E-07   -0.4490829E-07   -0.6105828E-07    0.3711224E-06   -0.1635451E-06    0.1819460E-05   -0.7919159E-07    0.6245102E-06   -0.3682489E-07   -0.7211914E-06   -0.9588774E-06    0.5254306E-06    0.4805277E-08
   -0.1313432E-07    0.1047906E-06   -0.1234340E-07   -0.6017860E-06    0.5453604E-05   -0.9986899E-06   -0.6247518E-06    0.1647046E-07    0.4221906E-02   -0.1078689E-04   -0.3738177E-03    0.4276286E-02    0.3296117E-03   -0.2317527E-02   -0.7467210E-02    0.1765062E-03   -0.2286761E-04   -0.1940766E-03    0.2496622E-02    0.4579325E-02   -0.1505738E-06   -0.4387199E-07    0.1090537E-06   -0.2953018E-07   -0.1470154E-06    0.1184238E-06   -0.1813199E-05   -0.2501007E-06    0.1059117E-05   -0.3829200E-06   -0.2581790E-05   -0.7656030E-06    0.4805277E-08    0.2067571E-05
