# omegabh2 omegach2 theta tau meffsterile nnu ns logA aps100 aps143 aps217 acib143 acib217 asz143 psr cibr ncib cal0 cal2 xi aksz bm_1_1
    0.13004E-06    0.21392E-05   -0.41484E-08    0.20198E-05   -0.14421E-03    0.72907E-04    0.38714E-05    0.52917E-05    0.17310E-02   -0.13561E-03   -0.52244E-03    0.12546E-03    0.20589E-03    0.42482E-04   -0.97250E-06    0.45894E-05   -0.41632E-06    0.56182E-09    0.50136E-08   -0.95804E-06    0.50550E-04    0.69801E-05
    0.21392E-05    0.31890E-03   -0.66326E-05    0.35916E-04   -0.22123E-01    0.42384E-02    0.11908E-03    0.22751E-03    0.18005E+00    0.39760E-01   -0.21918E-01    0.14463E-01    0.29767E-01    0.89377E-03   -0.63298E-04    0.53206E-03    0.67155E-04   -0.14091E-06    0.80205E-06   -0.15540E-03    0.66582E-02    0.12036E-02
   -0.41484E-08   -0.66326E-05    0.58067E-06    0.14585E-06    0.32578E-03   -0.14046E-03   -0.24004E-05   -0.54770E-05   -0.60886E-02   -0.16254E-02    0.35721E-03   -0.52256E-03   -0.98550E-03   -0.33694E-04    0.11027E-05   -0.16238E-04   -0.21450E-05    0.46141E-08   -0.42786E-07    0.33593E-05   -0.19069E-03   -0.46495E-04
    0.20198E-05    0.35916E-04    0.14585E-06    0.20337E-03   -0.27410E-02    0.13324E-02    0.90711E-04    0.41589E-03   -0.63258E-02   -0.46305E-03   -0.22109E-02   -0.44454E-03   -0.18938E-03    0.30805E-05   -0.11566E-04   -0.21056E-05   -0.44126E-05    0.32007E-07    0.42156E-07    0.31534E-04   -0.51001E-03    0.22328E-04
   -0.14421E-03   -0.22123E-01    0.32578E-03   -0.27410E-02    0.16982E+01   -0.23310E+00   -0.78831E-02   -0.13402E-01   -0.97351E+01   -0.19428E+01    0.14348E+01   -0.78309E+00   -0.16283E+01   -0.34726E-01    0.37946E-02   -0.27828E-01   -0.40117E-02    0.66181E-05   -0.32431E-04    0.91861E-02   -0.37979E+00   -0.59341E-01
    0.72907E-04    0.42384E-02   -0.14046E-03    0.13324E-02   -0.23310E+00    0.11324E+00    0.39436E-02    0.60108E-02    0.42617E+01    0.89761E+00   -0.60685E+00    0.36102E+00    0.72307E+00    0.37872E-01   -0.16446E-02    0.14060E-01    0.75252E-03   -0.26322E-05    0.19722E-04   -0.31558E-02    0.15501E+00    0.26197E-01
    0.38714E-05    0.11908E-03   -0.24004E-05    0.90711E-04   -0.78831E-02    0.39436E-02    0.21273E-03    0.25702E-03    0.95196E-01    0.18743E-01   -0.10811E-01    0.59507E-02    0.12936E-01    0.74035E-03   -0.20304E-04    0.21764E-03    0.16036E-04   -0.73957E-07    0.52631E-06   -0.26977E-04    0.24502E-02    0.84036E-03
    0.52917E-05    0.22751E-03   -0.54770E-05    0.41589E-03   -0.13402E-01    0.60108E-02    0.25702E-03    0.10003E-02    0.12124E+00    0.39396E-01   -0.23298E-02    0.58792E-02    0.16506E-01   -0.33197E-04   -0.20649E-04    0.23906E-03    0.71876E-04   -0.18998E-07    0.14312E-05    0.40504E-05    0.19036E-02    0.18240E-02
    0.17310E-02    0.18005E+00   -0.60886E-02   -0.63258E-02   -0.97351E+01    0.42617E+01    0.95196E-01    0.12124E+00    0.36668E+04    0.13796E+03   -0.15912E+03    0.88925E+02    0.12325E+03   -0.66067E+02   -0.92373E+00    0.70524E-01    0.61954E+00    0.54067E-03    0.48215E-03   -0.56205E-02   -0.95634E+01    0.16916E+02
   -0.13561E-03    0.39760E-01   -0.16254E-02   -0.46305E-03   -0.19428E+01    0.89761E+00    0.18743E-01    0.39396E-01    0.13796E+03    0.20227E+03    0.30968E+02   -0.35545E+02    0.60054E+01   -0.86877E+01   -0.10534E+00    0.16943E+00    0.63521E-01   -0.30937E-04    0.13666E-02    0.12307E+01   -0.11690E+02    0.68045E+00
   -0.52244E-03   -0.21918E-01    0.35721E-03   -0.22109E-02    0.14348E+01   -0.60685E+00   -0.10811E-01   -0.23298E-02   -0.15912E+03    0.30968E+02    0.31194E+03   -0.31415E+02   -0.13151E+03    0.29965E+00    0.10581E+00   -0.18082E+01   -0.92978E+00    0.71136E-04   -0.30728E-02    0.61929E+00   -0.10638E+02    0.10548E+01
    0.12546E-03    0.14463E-01   -0.52256E-03   -0.44454E-03   -0.78309E+00    0.36102E+00    0.59507E-02    0.58792E-02    0.88925E+02   -0.35545E+02   -0.31415E+02    0.31479E+02    0.18950E+02   -0.13290E+01   -0.20259E-01    0.15077E+00    0.81175E-01   -0.32981E-04   -0.26117E-03    0.99013E-01   -0.40849E+00   -0.37743E+00
    0.20589E-03    0.29767E-01   -0.98550E-03   -0.18938E-03   -0.16283E+01    0.72307E+00    0.12936E-01    0.16506E-01    0.12325E+03    0.60054E+01   -0.13151E+03    0.18950E+02    0.70045E+02    0.52318E-01   -0.12888E-02    0.87257E+00    0.58410E+00   -0.50873E-04    0.16217E-02   -0.33360E+00   -0.72624E+00   -0.24682E+00
    0.42482E-04    0.89377E-03   -0.33694E-04    0.30805E-05   -0.34726E-01    0.37872E-01    0.74035E-03   -0.33197E-04   -0.66067E+02   -0.86877E+01    0.29965E+00   -0.13290E+01    0.52318E-01    0.78413E+01    0.41301E-01    0.27251E+00   -0.34565E-01   -0.33850E-05   -0.20227E-03   -0.55830E-01   -0.18303E-01    0.16100E+00
   -0.97250E-06   -0.63298E-04    0.11027E-05   -0.11566E-04    0.37946E-02   -0.16446E-02   -0.20304E-04   -0.20649E-04   -0.92373E+00   -0.10534E+00    0.10581E+00   -0.20259E-01   -0.12888E-02    0.41301E-01    0.66565E-02   -0.63469E-02    0.49143E-02    0.27459E-07   -0.95904E-05    0.39342E-02   -0.13872E-01    0.44636E-02
    0.45894E-05    0.53206E-03   -0.16238E-04   -0.21056E-05   -0.27828E-01    0.14060E-01    0.21764E-03    0.23906E-03    0.70524E-01    0.16943E+00   -0.18082E+01    0.15077E+00    0.87257E+00    0.27251E+00   -0.63469E-02    0.48662E-01   -0.56678E-02    0.20107E-06    0.37733E-04    0.74855E-04   -0.44914E-02   -0.62798E-02
   -0.41632E-06    0.67155E-04   -0.21450E-05   -0.44126E-05   -0.40117E-02    0.75252E-03    0.16036E-04    0.71876E-04    0.61954E+00    0.63521E-01   -0.92978E+00    0.81175E-01    0.58410E+00   -0.34565E-01    0.49143E-02   -0.56678E-02    0.16153E-01   -0.45967E-06    0.27116E-07   -0.17799E-02   -0.49142E-02    0.85665E-02
    0.56182E-09   -0.14091E-06    0.46141E-08    0.32007E-07    0.66181E-05   -0.26322E-05   -0.73957E-07   -0.18998E-07    0.54067E-03   -0.30937E-04    0.71136E-04   -0.32981E-04   -0.50873E-04   -0.33850E-05    0.27459E-07    0.20107E-06   -0.45967E-06    0.15864E-06    0.47602E-08   -0.14595E-06    0.71720E-06   -0.16641E-04
    0.50136E-08    0.80205E-06   -0.42786E-07    0.42156E-07   -0.32431E-04    0.19722E-04    0.52631E-06    0.14312E-05    0.48215E-03    0.13666E-02   -0.30728E-02   -0.26117E-03    0.16217E-02   -0.20227E-03   -0.95904E-05    0.37733E-04    0.27116E-07    0.47602E-08    0.18943E-05   -0.45659E-05   -0.23031E-04    0.10653E-03
   -0.95804E-06   -0.15540E-03    0.33593E-05    0.31534E-04    0.91861E-02   -0.31558E-02   -0.26977E-04    0.40504E-05   -0.56205E-02    0.12307E+01    0.61929E+00    0.99013E-01   -0.33360E+00   -0.55830E-01    0.39342E-02    0.74855E-04   -0.17799E-02   -0.14595E-06   -0.45659E-05    0.81135E-01    0.73895E-02    0.37358E-02
    0.50550E-04    0.66582E-02   -0.19069E-03   -0.51001E-03   -0.37979E+00    0.15501E+00    0.24502E-02    0.19036E-02   -0.95634E+01   -0.11690E+02   -0.10638E+02   -0.40849E+00   -0.72624E+00   -0.18303E-01   -0.13872E-01   -0.44914E-02   -0.49142E-02    0.71720E-06   -0.23031E-04    0.73895E-02    0.81886E+01    0.11614E-01
    0.69801E-05    0.12036E-02   -0.46495E-04    0.22328E-04   -0.59341E-01    0.26197E-01    0.84036E-03    0.18240E-02    0.16916E+02    0.68045E+00    0.10548E+01   -0.37743E+00   -0.24682E+00    0.16100E+00    0.44636E-02   -0.62798E-02    0.85665E-02   -0.16641E-04    0.10653E-03    0.37358E-02    0.11614E-01    0.31992E+00
