# omegabh2 omegach2 theta tau omegak ns logA aps100 aps143 aps217 acib143 acib217 asz143 psr cibr cal0 cal2 xi aksz bm_1_1
2.169700E-07 -1.504800E-06 3.105700E-07 1.584300E-05 -1.456800E-06 4.957300E-06 2.819200E-05 -2.699600E-04 -1.370800E-03 -4.623500E-04 -1.389700E-04 -7.109800E-04 -2.876113E-04 4.923300E-07 -1.519000E-05 2.959100E-08 -8.078800E-08 3.147500E-05 -2.934062E-04 -1.027300E-04
-1.504800E-06 1.512300E-05 -2.685600E-06 -1.322100E-04 1.358900E-05 -4.524300E-05 -2.285700E-04 -8.593700E-03 8.834900E-03 4.344100E-05 1.000600E-03 6.045000E-03 2.153020E-03 -6.266700E-06 1.438800E-04 -1.616100E-07 5.663500E-07 -2.243900E-04 2.747906E-03 6.134800E-04
3.105700E-07 -2.685600E-06 7.661100E-07 2.343700E-05 -2.611600E-06 8.540500E-06 4.068900E-05 1.617100E-03 -1.742200E-03 -7.506800E-04 -1.057200E-04 -8.455600E-04 -4.636245E-04 2.175400E-06 -2.254300E-05 2.291900E-08 -7.317100E-08 4.849000E-05 -3.903306E-04 -1.603500E-04
1.584300E-05 -1.322100E-04 2.343700E-05 2.530400E-03 -1.186600E-04 4.750500E-04 4.721100E-03 4.666000E-01 -4.809900E-02 3.442400E-02 -3.228800E-02 -8.747200E-02 -3.462328E-02 3.787600E-05 -2.987500E-03 9.604000E-08 -1.052800E-05 1.429600E-03 -4.170712E-02 -5.360500E-03
-1.456800E-06 1.358900E-05 -2.611600E-06 -1.186600E-04 1.700000E-05 -4.014600E-05 -2.052300E-04 1.244200E-02 7.971700E-03 4.789400E-03 3.488200E-03 4.846000E-03 8.410266E-04 -4.548600E-06 4.662800E-05 -1.788300E-07 5.017200E-07 -1.709000E-04 1.499079E-03 6.173200E-04
4.957300E-06 -4.524300E-05 8.540500E-06 4.750500E-04 -4.014600E-05 1.573400E-04 8.406400E-04 3.689200E-02 -1.679300E-02 1.852400E-02 -6.144400E-03 -3.045400E-02 -1.311226E-02 2.321500E-05 -9.214900E-04 6.859900E-07 -2.018700E-06 8.241000E-04 -1.255821E-02 -2.714800E-03
2.819200E-05 -2.285700E-04 4.068900E-05 4.721100E-03 -2.052300E-04 8.406400E-04 8.853600E-03 8.956500E-01 -7.257500E-02 6.907600E-02 -6.493400E-02 -1.618200E-01 -6.470763E-02 6.197800E-05 -5.683300E-03 -1.537500E-07 -1.917200E-05 2.280900E-03 -7.717134E-02 -8.931900E-03
-2.699600E-04 -8.593700E-03 1.617100E-03 4.666000E-01 1.244200E-02 3.689200E-02 8.956500E-01 2.326300E+03 1.052900E+02 1.315700E+02 1.105300E+02 -2.301100E+01 -1.088500E+02 1.088100E-01 -6.148800E+00 -2.677300E-03 3.633300E-03 2.238000E+00 -2.376417E+01 8.852700E+00
-1.370800E-03 8.834900E-03 -1.742200E-03 -4.809900E-02 7.971700E-03 -1.679300E-02 -7.257500E-02 1.052900E+02 1.509600E+02 1.075400E+02 -2.626500E+01 -3.489800E+01 -1.625988E+01 1.902100E-02 -1.097700E+00 3.024800E-04 -5.916900E-04 4.733300E-02 -1.186111E+01 -1.256700E+00
-4.623500E-04 4.344100E-05 -7.506800E-04 3.442400E-02 4.789400E-03 1.852400E-02 6.907600E-02 1.315700E+02 1.075400E+02 2.041900E+02 -1.652400E+01 -7.530700E+01 -1.590689E+01 5.690700E-02 -2.110100E+00 -2.984200E-04 -5.520200E-03 5.146500E-01 -1.803263E+01 -1.525700E+00
-1.389700E-04 1.000600E-03 -1.057200E-04 -3.228800E-02 3.488200E-03 -6.144400E-03 -6.493400E-02 1.105300E+02 -2.626500E+01 -1.652400E+01 2.813100E+01 1.393400E+01 -5.257855E+00 -8.484700E-04 -8.143100E-02 -1.731400E-04 -1.426300E-05 2.819800E-01 -1.356757E+00 -5.506900E-01
-7.109800E-04 6.045000E-03 -8.455600E-04 -8.747200E-02 4.846000E-03 -3.045400E-02 -1.618200E-01 -2.301100E+01 -3.489800E+01 -7.530700E+01 1.393400E+01 4.041900E+01 8.511941E+00 -1.948300E-02 1.062700E+00 2.910500E-05 2.694600E-03 -3.146600E-01 3.181515E+00 5.848100E-01
-2.876113E-04 2.153020E-03 -4.636245E-04 -3.462328E-02 8.410266E-04 -1.311226E-02 -6.470763E-02 -1.088500E+02 -1.625988E+01 -1.590689E+01 -5.257855E+00 8.511941E+00 1.327262E+01 -6.307699E-03 6.983456E-01 3.522806E-05 -5.716832E-04 -2.816403E-01 1.755517E+00 5.593095E-01
4.923300E-07 -6.266700E-06 2.175400E-06 3.787600E-05 -4.548600E-06 2.321500E-05 6.197800E-05 1.088100E-01 1.902100E-02 5.690700E-02 -8.484700E-04 -1.948300E-02 -6.307699E-03 1.675200E-04 -5.299100E-04 -1.091700E-07 -9.366200E-07 9.906700E-05 -7.545583E-03 1.066600E-04
-1.519000E-05 1.438800E-04 -2.254300E-05 -2.987500E-03 4.662800E-05 -9.214900E-04 -5.683300E-03 -6.148800E+00 -1.097700E+00 -2.110100E+00 -8.143100E-02 1.062700E+00 6.983456E-01 -5.299100E-04 6.222300E-02 1.199000E-05 1.610900E-05 -1.150200E-02 1.512243E-01 1.800900E-02
2.959100E-08 -1.616100E-07 2.291900E-08 9.604000E-08 -1.788300E-07 6.859900E-07 -1.537500E-07 -2.677300E-03 3.024800E-04 -2.984200E-04 -1.731400E-04 2.910500E-05 3.522806E-05 -1.091700E-07 1.199000E-05 1.397000E-07 3.244000E-08 1.252300E-05 -7.637941E-05 -6.040900E-05
-8.078800E-08 5.663500E-07 -7.317100E-08 -1.052800E-05 5.017200E-07 -2.018700E-06 -1.917200E-05 3.633300E-03 -5.916900E-04 -5.520200E-03 -1.426300E-05 2.694600E-03 -5.716832E-04 -9.366200E-07 1.610900E-05 3.244000E-08 8.926900E-07 -2.959200E-05 4.801791E-04 1.032400E-04
3.147500E-05 -2.243900E-04 4.849000E-05 1.429600E-03 -1.709000E-04 8.241000E-04 2.280900E-03 2.238000E+00 4.733300E-02 5.146500E-01 2.819800E-01 -3.146600E-01 -2.816403E-01 9.906700E-05 -1.150200E-02 1.252300E-05 -2.959200E-05 3.137000E-02 -3.067765E-02 -5.133800E-02
-2.934062E-04 2.747906E-03 -3.903306E-04 -4.170712E-02 1.499079E-03 -1.255821E-02 -7.717134E-02 -2.376417E+01 -1.186111E+01 -1.803263E+01 -1.356757E+00 3.181515E+00 1.755517E+00 -7.545583E-03 1.512243E-01 -7.637941E-05 4.801791E-04 -3.067765E-02 8.398784E+00 5.110542E-01
-1.027300E-04 6.134800E-04 -1.603500E-04 -5.360500E-03 6.173200E-04 -2.714800E-03 -8.931900E-03 8.852700E+00 -1.256700E+00 -1.525700E+00 -5.506900E-01 5.848100E-01 5.593095E-01 1.066600E-04 1.800900E-02 -6.040900E-05 1.032400E-04 -5.133800E-02 5.110542E-01 6.224700E-01
