# omegabh2 omegach2 theta tau yhe logA ns calPlanck galfEE100 galfEE100143 galfEE100217 galfEE143 galfEE143217 galfEE217
    0.1833470E-05   -0.4543036E-05    0.1348825E-05    0.6049776E-05    0.2890760E-04    0.1980671E-04    0.1737383E-04   -0.1678967E-07   -0.4583461E-06   -0.1271554E-06   -0.1459114E-06   -0.3016725E-06   -0.2006367E-07    0.1074733E-05
   -0.4543036E-05    0.2172753E-04    0.2342438E-06   -0.1207067E-04    0.4238730E-04   -0.2041524E-04   -0.3678593E-04   -0.1438467E-07   -0.3194045E-05   -0.1396405E-05   -0.3121500E-06   -0.1062876E-05   -0.3176204E-06   -0.4061608E-05
    0.1348825E-05    0.2342438E-06    0.4863006E-05    0.1315006E-04    0.1128670E-03    0.3040548E-04    0.2813576E-04   -0.8357540E-07   -0.2703695E-06   -0.1076203E-07   -0.1865444E-06   -0.3033452E-06   -0.2840152E-06   -0.2245266E-06
    0.6049776E-05   -0.1207067E-04    0.1315006E-04    0.5278389E-03    0.3303658E-03    0.1063985E-02    0.1526383E-03    0.6993496E-06    0.1322026E-04    0.5394613E-05    0.1241510E-05    0.2408731E-05   -0.7777859E-05   -0.1557598E-05
    0.2890760E-04    0.4238730E-04    0.1128670E-03    0.3303658E-03    0.3156584E-02    0.7999442E-03    0.6791805E-03   -0.1436133E-05   -0.1325397E-04   -0.4253653E-05   -0.8447180E-05   -0.1026816E-04   -0.6924401E-05   -0.1547698E-04
    0.1980671E-04   -0.2041524E-04    0.3040548E-04    0.1063985E-02    0.7999442E-03    0.2310607E-02    0.3494681E-03    0.1341320E-04    0.9869507E-05    0.4161911E-05    0.4481697E-06   -0.1922217E-05   -0.1764210E-04   -0.6195186E-05
    0.1737383E-04   -0.3678593E-04    0.2813576E-04    0.1526383E-03    0.6791805E-03    0.3494681E-03    0.3277048E-03   -0.1517791E-06    0.2240414E-04    0.8285999E-05    0.1495341E-06    0.7093687E-05   -0.6094562E-05   -0.1334648E-04
   -0.1678967E-07   -0.1438467E-07   -0.8357540E-07    0.6993496E-06   -0.1436133E-05    0.1341320E-04   -0.1517791E-06    0.6176478E-05    0.1468912E-05    0.3790298E-06    0.6031480E-07    0.6240618E-06    0.8034547E-06   -0.6879882E-06
   -0.4583461E-06   -0.3194045E-05   -0.2703695E-06    0.1322026E-04   -0.1325397E-04    0.9869507E-05    0.2240414E-04    0.1468912E-05    0.1338736E-03    0.1418075E-04    0.5863910E-06    0.6298249E-05   -0.2062928E-05    0.8802394E-08
   -0.1271554E-06   -0.1396405E-05   -0.1076203E-07    0.5394613E-05   -0.4253653E-05    0.4161911E-05    0.8285999E-05    0.3790298E-06    0.1418075E-04    0.1541950E-04    0.4497415E-06    0.7616740E-05   -0.6483148E-06    0.1560756E-06
   -0.1459114E-06   -0.3121500E-06   -0.1865444E-06    0.1241510E-05   -0.8447180E-05    0.4481697E-06    0.1495341E-06    0.6031480E-07    0.5863910E-06    0.4497415E-06    0.2211358E-03    0.9276976E-06    0.1470068E-05   -0.5439820E-05
   -0.3016725E-06   -0.1062876E-05   -0.3033452E-06    0.2408731E-05   -0.1026816E-04   -0.1922217E-05    0.7093687E-05    0.6240618E-06    0.6298249E-05    0.7616740E-05    0.9276976E-06    0.3154637E-04   -0.2308399E-06   -0.2120779E-06
   -0.2006367E-07   -0.3176204E-06   -0.2840152E-06   -0.7777859E-05   -0.6924401E-05   -0.1764210E-04   -0.6094562E-05    0.8034547E-06   -0.2062928E-05   -0.6483148E-06    0.1470068E-05   -0.2308399E-06    0.4017389E-03   -0.1153127E-04
    0.1074733E-05   -0.4061608E-05   -0.2245266E-06   -0.1557598E-05   -0.1547698E-04   -0.6195186E-05   -0.1334648E-04   -0.6879882E-06    0.8802394E-08    0.1560756E-06   -0.5439820E-05   -0.2120779E-06   -0.1153127E-04    0.3416442E-02
