# omegabh2 omegach2 theta tau ns nrun logA aps100 aps143 aps217 acib143 acib217 asz143 psr cibr cal0 cal2 xi aksz bm_1_1
    0.73915E-07   -0.14215E-06    0.46654E-07    0.14848E-05    0.39324E-06   -0.10086E-05    0.30442E-05   -0.59474E-03   -0.28773E-03   -0.14068E-03   -0.10019E-03   -0.84184E-04    0.97964E-05   -0.93080E-08    0.12712E-05    0.12284E-08   -0.39923E-08   -0.29556E-06   -0.12172E-04    0.66822E-06
   -0.14215E-06    0.31577E-05   -0.16192E-06   -0.47693E-05   -0.72621E-05   -0.16373E-05   -0.14141E-05    0.17687E-02    0.72085E-03    0.56629E-03    0.31682E-03    0.40312E-03    0.32474E-05    0.58937E-06    0.30295E-05    0.13158E-07    0.12343E-07   -0.16268E-05    0.75166E-04    0.72095E-04
    0.46654E-07   -0.16192E-06    0.31544E-06    0.99721E-06    0.81341E-06   -0.26194E-06    0.20177E-05    0.31045E-03    0.45842E-04    0.68118E-04   -0.49885E-04   -0.84618E-04   -0.42265E-05    0.17992E-06   -0.21923E-05    0.53650E-08   -0.73907E-09    0.15479E-05   -0.69269E-05    0.31030E-05
    0.14848E-05   -0.47693E-05    0.99721E-06    0.25145E-03    0.17602E-04   -0.54596E-04    0.50419E-03   -0.94751E-02    0.66062E-02    0.95902E-02   -0.27971E-02   -0.48869E-02   -0.34744E-03    0.29406E-05   -0.10432E-03   -0.12157E-06   -0.31309E-07    0.44761E-04   -0.87058E-03    0.15524E-04
    0.39324E-06   -0.72621E-05    0.81341E-06    0.17602E-04    0.39246E-04    0.17057E-04    0.12102E-04   -0.21664E-01    0.88954E-02    0.18277E-01   -0.86603E-02   -0.14304E-01   -0.85660E-03    0.62384E-05   -0.29926E-03   -0.14670E-06   -0.91279E-07    0.59534E-04   -0.20366E-02   -0.54875E-03
   -0.10086E-05   -0.16373E-05   -0.26194E-06   -0.54596E-04    0.17057E-04    0.81508E-04   -0.13290E-03   -0.16049E-01   -0.88575E-03    0.88050E-02   -0.62658E-02   -0.11364E-01   -0.65356E-03    0.28409E-05   -0.25599E-03   -0.10694E-06   -0.20641E-06    0.23639E-04   -0.14260E-02   -0.74280E-03
    0.30442E-05   -0.14141E-05    0.20177E-05    0.50419E-03    0.12102E-04   -0.13290E-03    0.10437E-02    0.32657E-02    0.26202E-01    0.31684E-01   -0.63856E-02   -0.12092E-01   -0.11587E-02    0.13076E-04   -0.31376E-03   -0.11527E-06    0.17903E-06    0.11685E-03   -0.21002E-02    0.75385E-03
   -0.59474E-03    0.17687E-02    0.31045E-03   -0.94751E-02   -0.21664E-01   -0.16049E-01    0.32657E-02    0.26520E+04    0.20854E+03    0.11002E+03    0.94428E+02   -0.25552E+02   -0.27623E+02    0.61673E-01   -0.50239E+01    0.62286E-03    0.55487E-02    0.20753E+01   -0.45100E+01    0.10644E+02
   -0.28773E-03    0.72085E-03    0.45842E-04    0.66062E-02    0.88954E-02   -0.88575E-03    0.26202E-01    0.20854E+03    0.18295E+03    0.14536E+03   -0.37801E+02   -0.56809E+02   -0.59786E+01    0.54292E-01   -0.15274E+01    0.72985E-04    0.25354E-04    0.47236E+00   -0.53593E+01    0.35205E+00
   -0.14068E-03    0.56629E-03    0.68118E-04    0.95902E-02    0.18277E-01    0.88050E-02    0.31684E-01    0.11002E+03    0.14536E+03    0.24697E+03   -0.39217E+02   -0.10193E+03   -0.49959E+01    0.70832E-01   -0.21672E+01    0.85669E-04   -0.49238E-02    0.40865E+00   -0.62819E+01    0.45537E+00
   -0.10019E-03    0.31682E-03   -0.49885E-04   -0.27971E-02   -0.86603E-02   -0.62658E-02   -0.63856E-02    0.94428E+02   -0.37801E+02   -0.39217E+02    0.31527E+02    0.22834E+02   -0.51165E+00   -0.12809E-01    0.11281E+00   -0.29164E-04    0.61181E-04    0.15183E+00   -0.39500E+00   -0.67169E+00
   -0.84184E-04    0.40312E-03   -0.84618E-04   -0.48869E-02   -0.14304E-01   -0.11364E-01   -0.12092E-01   -0.25552E+02   -0.56809E+02   -0.10193E+03    0.22834E+02    0.54313E+02    0.27416E+01   -0.30678E-01    0.11610E+01    0.26684E-05    0.26780E-02   -0.20940E+00   -0.34159E+00   -0.36481E-01
    0.97964E-05    0.32474E-05   -0.42265E-05   -0.34744E-03   -0.85660E-03   -0.65356E-03   -0.11587E-02   -0.27623E+02   -0.59786E+01   -0.49959E+01   -0.51165E+00    0.27416E+01    0.72226E+00   -0.24753E-02    0.15415E+00    0.11236E-04   -0.12816E-03   -0.48612E-01   -0.52518E-01    0.10138E+00
   -0.93080E-08    0.58937E-06    0.17992E-06    0.29406E-05    0.62384E-05    0.28409E-05    0.13076E-04    0.61673E-01    0.54292E-01    0.70832E-01   -0.12809E-01   -0.30678E-01   -0.24753E-02    0.24193E-03   -0.73632E-03    0.34905E-07   -0.56916E-06    0.24365E-03   -0.23496E-02    0.51833E-03
    0.12712E-05    0.30295E-05   -0.21923E-05   -0.10432E-03   -0.29926E-03   -0.25599E-03   -0.31376E-03   -0.50239E+01   -0.15274E+01   -0.21672E+01    0.11281E+00    0.11610E+01    0.15415E+00   -0.73632E-03    0.50918E-01    0.16117E-05    0.28811E-04   -0.88215E-02   -0.12302E-01    0.20706E-01
    0.12284E-08    0.13158E-07    0.53650E-08   -0.12157E-06   -0.14670E-06   -0.10694E-06   -0.11527E-06    0.62286E-03    0.72985E-04    0.85669E-04   -0.29164E-04    0.26684E-05    0.11236E-04    0.34905E-07    0.16117E-05    0.15484E-06   -0.83576E-08   -0.16906E-06   -0.25259E-06   -0.31245E-04
   -0.39923E-08    0.12343E-07   -0.73907E-09   -0.31309E-07   -0.91279E-07   -0.20641E-06    0.17903E-06    0.55487E-02    0.25354E-04   -0.49238E-02    0.61181E-04    0.26780E-02   -0.12816E-03   -0.56916E-06    0.28811E-04   -0.83576E-08    0.95870E-06   -0.91215E-06    0.16147E-04    0.23423E-04
   -0.29556E-06   -0.16268E-05    0.15479E-05    0.44761E-04    0.59534E-04    0.23639E-04    0.11685E-03    0.20753E+01    0.47236E+00    0.40865E+00    0.15183E+00   -0.20940E+00   -0.48612E-01    0.24365E-03   -0.88215E-02   -0.16906E-06   -0.91215E-06    0.19654E-01    0.68287E-03   -0.60300E-02
   -0.12172E-04    0.75166E-04   -0.69269E-05   -0.87058E-03   -0.20366E-02   -0.14260E-02   -0.21002E-02   -0.45100E+01   -0.53593E+01   -0.62819E+01   -0.39500E+00   -0.34159E+00   -0.52518E-01   -0.23496E-02   -0.12302E-01   -0.25259E-06    0.16147E-04    0.68287E-03    0.20316E+01   -0.55503E-02
    0.66822E-06    0.72095E-04    0.31030E-05    0.15524E-04   -0.54875E-03   -0.74280E-03    0.75385E-03    0.10644E+02    0.35205E+00    0.45537E+00   -0.67169E+00   -0.36481E-01    0.10138E+00    0.51833E-03    0.20706E-01   -0.31245E-04    0.23423E-04   -0.60300E-02   -0.55503E-02    0.60631E+00
