# omegabh2 omegach2 theta tau logA ns aps100 aps143 aps217 acib143 acib217 asz143 psr cibr ncib xi aksz cal0 cal2 calTE calEE bm_1_1
    0.2470205E-07   -0.1164741E-06    0.1798286E-07    0.5530256E-06    0.9003695E-06    0.3282087E-06   -0.4663676E-03   -0.1917940E-03    0.8834758E-04   -0.4290142E-04   -0.1181158E-03    0.6248606E-05    0.8135453E-06   -0.2731466E-05   -0.1208765E-05    0.8754069E-07   -0.3642359E-04    0.1504339E-08   -0.7228404E-08   -0.5201344E-07   -0.1934662E-06   -0.1832899E-05
   -0.1164741E-06    0.1954784E-05   -0.1523743E-06   -0.5769220E-05   -0.6740835E-05   -0.4520788E-05    0.5440227E-02    0.1403604E-02    0.4708815E-04    0.7588631E-05    0.4622542E-03   -0.6898371E-04   -0.1472445E-05    0.7502719E-05    0.7128051E-05   -0.3251060E-05    0.4320475E-04   -0.2825485E-07    0.1059348E-06   -0.1847704E-06   -0.4350006E-06    0.6398121E-04
    0.1798286E-07   -0.1523743E-06    0.9878057E-07    0.5705236E-06    0.8546885E-06    0.4808258E-06   -0.3469881E-03   -0.1259590E-03   -0.1421505E-03   -0.3243472E-04   -0.1774373E-04   -0.8351707E-05    0.4994321E-06    0.1641268E-06   -0.3654639E-06    0.1139371E-05    0.3142156E-04   -0.8410070E-08    0.5622651E-08   -0.1401643E-07    0.2924472E-07   -0.4377771E-05
    0.5530256E-06   -0.5769220E-05    0.5705236E-06    0.1612909E-03    0.3077306E-03    0.2253965E-04   -0.3775884E-01   -0.8070426E-02    0.8681243E-02   -0.3110934E-02   -0.8300018E-02    0.4631132E-03    0.5555918E-04   -0.1253692E-03   -0.6461220E-04    0.1308457E-03   -0.2498057E-02    0.9197962E-07   -0.6768072E-06   -0.8843908E-05   -0.3238484E-05   -0.1635482E-03
    0.9003695E-06   -0.6740835E-05    0.8546885E-06    0.3077306E-03    0.6039936E-03    0.3320275E-04   -0.6073382E-01   -0.8118579E-02    0.2369811E-01   -0.8238383E-02   -0.1707542E-01    0.8345665E-05    0.1250018E-03   -0.2894075E-03   -0.8642969E-04    0.2825774E-03   -0.6549277E-02    0.2852971E-06    0.3615865E-06   -0.1581197E-04   -0.3356530E-05    0.3252220E-03
    0.3282087E-06   -0.4520788E-05    0.4808258E-06    0.2253965E-04    0.3320275E-04    0.2305399E-04   -0.2397282E-01   -0.3469168E-02    0.9361868E-02   -0.3240793E-02   -0.6580072E-02   -0.4839513E-03    0.2872232E-04   -0.1310852E-03   -0.6605672E-04    0.3672830E-04   -0.2697406E-02   -0.4308413E-07    0.5147283E-06    0.2088458E-06   -0.1438157E-05    0.3141979E-04
   -0.4663676E-03    0.5440227E-02   -0.3469881E-03   -0.3775884E-01   -0.6073382E-01   -0.2397282E-01    0.2361160E+04    0.1094894E+03   -0.7666702E+02    0.4377818E+02    0.5593437E+02   -0.5725182E+02   -0.1058656E+01   -0.9922989E+00    0.4299461E+00    0.5725935E+00   -0.1365262E+02    0.2344733E-02   -0.1075960E-02   -0.3943757E-03    0.2774401E-02    0.1146105E+02
   -0.1917940E-03    0.1403604E-02   -0.1259590E-03   -0.8070426E-02   -0.8118579E-02   -0.3469168E-02    0.1094894E+03    0.1098684E+03    0.2536440E+02   -0.1396527E+02    0.1944188E+01   -0.8416056E+01   -0.2115613E+00    0.1140060E+00    0.2821153E-01    0.1061051E+01   -0.1320305E+02    0.4336526E-03    0.1333886E-02    0.3980613E-02    0.4776051E-02   -0.3434307E-01
    0.8834758E-04    0.4708815E-04   -0.1421505E-03    0.8681243E-02    0.2369811E-01    0.9361868E-02   -0.7666702E+02    0.2536440E+02    0.2584342E+03   -0.2444571E+02   -0.1179523E+03    0.1673565E+01   -0.2317329E-01   -0.1198122E+01   -0.1619030E+01    0.3941620E+00   -0.7880668E+01    0.7148877E-05   -0.2157594E-02    0.1795703E-02    0.1953414E-02    0.2239215E+00
   -0.4290142E-04    0.7588631E-05   -0.3243472E-04   -0.3110934E-02   -0.8238383E-02   -0.3240793E-02    0.4377818E+02   -0.1396527E+02   -0.2444571E+02    0.1809509E+02    0.1498975E+02   -0.1177212E+01    0.1923154E-01   -0.3151347E-01    0.2121710E+00    0.1584512E+00   -0.1240852E+01   -0.4882094E-04   -0.1602073E-02   -0.1255969E-02   -0.4673193E-03   -0.2137803E+00
   -0.1181158E-03    0.4622542E-03   -0.1774373E-04   -0.8300018E-02   -0.1707542E-01   -0.6580072E-02    0.5593437E+02    0.1944188E+01   -0.1179523E+03    0.1498975E+02    0.6545892E+02   -0.8058490E-01    0.7516566E-01    0.5598575E+00    0.1001205E+01   -0.1838848E+00   -0.2767642E+01    0.5615546E-04    0.3210256E-03    0.4505884E-04    0.7535518E-03    0.4395026E-02
    0.6248606E-05   -0.6898371E-04   -0.8351707E-05    0.4631132E-03    0.8345665E-05   -0.4839513E-03   -0.5725182E+02   -0.8416056E+01    0.1673565E+01   -0.1177212E+01   -0.8058490E-01    0.6742876E+01    0.8459759E-01    0.2279396E+00    0.3335880E-02   -0.7903014E-01   -0.3548196E+00    0.2351050E-04   -0.6139836E-03   -0.1120787E-03   -0.4912094E-03    0.1390210E+00
    0.8135453E-06   -0.1472445E-05    0.4994321E-06    0.5555918E-04    0.1250018E-03    0.2872232E-04   -0.1058656E+01   -0.2115613E+00   -0.2317329E-01    0.1923154E-01    0.7516566E-01    0.8459759E-01    0.1229190E-01   -0.7309218E-02    0.5073493E-02    0.5911024E-02   -0.1693212E-01    0.1267424E-05   -0.2663906E-04   -0.7193328E-05    0.5632117E-06    0.1639009E-02
   -0.2731466E-05    0.7502719E-05    0.1641268E-06   -0.1253692E-03   -0.2894075E-03   -0.1310852E-03   -0.9922989E+00    0.1140060E+00   -0.1198122E+01   -0.3151347E-01    0.5598575E+00    0.2279396E+00   -0.7309218E-02    0.5520226E-01   -0.1349415E-02    0.5508256E-02   -0.3600833E-01   -0.5056790E-05    0.8666404E-04    0.3946012E-04    0.1676922E-04    0.6058055E-02
   -0.1208765E-05    0.7128051E-05   -0.3654639E-06   -0.6461220E-04   -0.8642969E-04   -0.6605672E-04    0.4299461E+00    0.2821153E-01   -0.1619030E+01    0.2121710E+00    0.1001205E+01    0.3335880E-02    0.5073493E-02   -0.1349415E-02    0.2499458E-01   -0.2446797E-03   -0.2967157E-01    0.3641656E-05   -0.7689023E-04    0.1509702E-04    0.4015264E-04    0.6697128E-02
    0.8754069E-07   -0.3251060E-05    0.1139371E-05    0.1308457E-03    0.2825774E-03    0.3672830E-04    0.5725935E+00    0.1061051E+01    0.3941620E+00    0.1584512E+00   -0.1838848E+00   -0.7903014E-01    0.5911024E-02    0.5508256E-02   -0.2446797E-03    0.8173911E-01   -0.1953478E-01    0.5842064E-05   -0.4227641E-04   -0.1167465E-04    0.4200678E-04   -0.2447972E-02
   -0.3642359E-04    0.4320475E-04    0.3142156E-04   -0.2498057E-02   -0.6549277E-02   -0.2697406E-02   -0.1365262E+02   -0.1320305E+02   -0.7880668E+01   -0.1240852E+01   -0.2767642E+01   -0.3548196E+00   -0.1693212E-01   -0.3600833E-01   -0.2967157E-01   -0.1953478E-01    0.7819877E+01   -0.9671204E-04    0.1542370E-03   -0.5069082E-03   -0.5750649E-03   -0.7887319E-02
    0.1504339E-08   -0.2825485E-07   -0.8410070E-08    0.9197962E-07    0.2852971E-06   -0.4308413E-07    0.2344733E-02    0.4336526E-03    0.7148877E-05   -0.4882094E-04    0.5615546E-04    0.2351050E-04    0.1267424E-05   -0.5056790E-05    0.3641656E-05    0.5842064E-05   -0.9671204E-04    0.8365789E-06   -0.6684911E-07    0.8822108E-07    0.2091755E-06   -0.1182154E-03
   -0.7228404E-08    0.1059348E-06    0.5622651E-08   -0.6768072E-06    0.3615865E-06    0.5147283E-06   -0.1075960E-02    0.1333886E-02   -0.2157594E-02   -0.1602073E-02    0.3210256E-03   -0.6139836E-03   -0.2663906E-04    0.8666404E-04   -0.7689023E-04   -0.4227641E-04    0.1542370E-03   -0.6684911E-07    0.5581535E-05    0.1092395E-05    0.1136540E-05    0.2534437E-03
   -0.5201344E-07   -0.1847704E-06   -0.1401643E-07   -0.8843908E-05   -0.1581197E-04    0.2088458E-06   -0.3943757E-03    0.3980613E-02    0.1795703E-02   -0.1255969E-02    0.4505884E-04   -0.1120787E-03   -0.7193328E-05    0.3946012E-04    0.1509702E-04   -0.1167465E-04   -0.5069082E-03    0.8822108E-07    0.1092395E-05    0.2243954E-04    0.7608972E-05    0.3256844E-03
   -0.1934662E-06   -0.4350006E-06    0.2924472E-07   -0.3238484E-05   -0.3356530E-05   -0.1438157E-05    0.2774401E-02    0.4776051E-02    0.1953414E-02   -0.4673193E-03    0.7535518E-03   -0.4912094E-03    0.5632117E-06    0.1676922E-04    0.4015264E-04    0.4200678E-04   -0.5750649E-03    0.2091755E-06    0.1136540E-05    0.7608972E-05    0.2043820E-04    0.3697876E-03
   -0.1832899E-05    0.6398121E-04   -0.4377771E-05   -0.1635482E-03    0.3252220E-03    0.3141979E-04    0.1146105E+02   -0.3434307E-01    0.2239215E+00   -0.2137803E+00    0.4395026E-02    0.1390210E+00    0.1639009E-02    0.6058055E-02    0.6697128E-02   -0.2447972E-02   -0.7887319E-02   -0.1182154E-03    0.2534437E-03    0.3256844E-03    0.3697876E-03    0.2592881E+00
