# omegabh2 omegach2 theta tau w wa logA ns calPlanck aps100 aps143 aps217 acib217 asz143 psr cibr xi aksz dust100 dust143 dust217 dust143x217 cal0 cal2
  4.2328123E-08  -1.5985115E-07   3.6442236E-08   3.1919127E-07  -1.9087534E-06   2.0949224E-05   3.9016534E-07   4.9242825E-07   1.5046689E-08  -6.5155657E-04  -4.7491160E-04   4.7813294E-05  -1.7560066E-04   3.2702966E-05   1.1691866E-06  -3.0084576E-06   1.0630533E-06  -4.5997677E-05   3.7619771E-07   9.5172683E-08   1.0071422E-06   2.0062629E-07   2.3003189E-09  -9.9755032E-09
 -1.5985115E-07   3.3342439E-06  -2.9230945E-07  -3.5088868E-06   4.0761783E-05  -3.8213387E-04   7.7847700E-07  -7.2075227E-06  -1.3671404E-07  -3.5668412E-04   9.3303072E-04   8.7586447E-04   2.4255002E-06  -1.6836421E-05   3.6856541E-06  -1.9729792E-06  -4.3019040E-06  -7.8624035E-05  -2.1610961E-06  -6.1424557E-06  -2.9085266E-06  -3.6333466E-06  -5.7470585E-08  -6.4370784E-08
  3.6442236E-08  -2.9230945E-07   2.1247237E-07   5.3253056E-07  -5.5968730E-06   5.1186328E-05   5.4992106E-07   9.3526091E-07  -3.7587818E-09   6.6122640E-06  -1.5894198E-04  -1.4111317E-04  -1.5435516E-05  -1.0101786E-06  -6.0915241E-07  -4.3558602E-07  -6.6345573E-07   2.6621811E-06   1.5497021E-07  -2.9440444E-08   5.9650012E-07   4.9745890E-07   6.5501860E-09   9.5757560E-09
  3.1919127E-07  -3.5088868E-06   5.3253056E-07   6.4201245E-05  -4.6524940E-05   4.5699371E-04   1.1998861E-04   1.1390061E-05  -3.0602962E-08  -1.2482251E-02  -6.6131684E-03   2.6481842E-03  -3.4316767E-03   5.5188306E-04   1.8945426E-05  -3.9907078E-05   4.6690877E-06  -7.8374162E-04   2.8971225E-06  -1.2724309E-05   1.9625455E-05  -6.6633579E-06   2.4461644E-08  -2.9967702E-07
 -1.9087534E-06   4.0761783E-05  -5.5968730E-06  -4.6524940E-05   7.1433753E-03  -2.7582509E-02   8.3624454E-06  -8.9815481E-05   5.8879063E-07  -1.4917979E-02   5.1737227E-03   2.1984116E-02  -7.9143176E-03  -1.3004999E-03  -1.2872030E-05  -5.8750829E-05   2.5231468E-05  -1.8667359E-03  -1.3825400E-04  -2.2305298E-04   8.2087702E-06  -1.7937430E-04   1.9229373E-07  -1.0194190E-06
  2.0949224E-05  -3.8213387E-04   5.1186328E-05   4.5699371E-04  -2.7582509E-02   1.3566892E-01   9.0950685E-06   8.5284155E-04   5.7644305E-06   4.1951770E-02  -1.0305346E-01  -1.2554333E-01   1.4310556E-02   1.0346136E-02  -1.2849741E-04  -5.0991950E-05   2.4353819E-04   8.3774316E-03   4.5204904E-04   1.1557776E-03   2.7362932E-04   1.1253296E-03   3.2813147E-06   5.2707633E-06
  3.9016534E-07   7.7847700E-07   5.4992106E-07   1.1998861E-04   8.3624454E-06   9.0950685E-06   2.6971470E-04   4.5910188E-06   1.1779172E-05  -2.1891508E-02  -9.8405623E-03   1.5196875E-02  -8.3335864E-03   1.2512178E-03   7.8808641E-05  -1.2572909E-04   4.8680581E-05  -2.7276009E-03  -1.8503030E-05  -1.5000530E-04   5.5738851E-05  -4.5338906E-05   6.6647832E-07  -8.0177326E-07
  4.9242825E-07  -7.2075227E-06   9.3526091E-07   1.1390061E-05  -8.9815481E-05   8.5284155E-04   4.5910188E-06   2.6986774E-05   3.8863092E-07  -2.2319177E-02  -9.3400080E-03   7.6040465E-03  -6.2833217E-03   5.7850367E-04   5.6469290E-05  -1.1066110E-04   5.6926135E-05  -1.9291050E-03   2.9178470E-05  -1.0896922E-05   3.4412204E-05  -6.4129894E-06  -2.4912866E-07  -2.7627997E-07
  1.5046689E-08  -1.3671404E-07  -3.7587818E-09  -3.0602962E-08   5.8879063E-07   5.7644305E-06   1.1779172E-05   3.8863092E-07   6.0778976E-06   3.1016641E-03   5.2908184E-04   1.3225704E-03   5.1769664E-04   2.7446054E-05   1.1869426E-06   6.8219661E-06   5.5287811E-06  -1.9368675E-05  -3.6350854E-07  -5.4567288E-06   5.8299183E-06  -5.5868684E-06   4.3547397E-08  -2.2330041E-08
 -6.5155657E-04  -3.5668412E-04   6.6122640E-06  -1.2482251E-02  -1.4917979E-02   4.1951770E-02  -2.1891508E-02  -2.2319177E-02   3.1016641E-03   6.1286597E+02   6.3254646E+01  -5.9151735E+01   3.2582547E+01  -2.5052298E+01  -8.4262421E-01  -2.5734714E-02  -1.6478374E-01   1.1045870E+01  -1.9126871E-01   2.7282035E-01  -2.3249174E-01  -2.0713573E-01   6.7113632E-03   3.3314647E-03
 -4.7491160E-04   9.3303072E-04  -1.5894198E-04  -6.6131684E-03   5.1737227E-03  -1.0305346E-01  -9.8405623E-03  -9.3400080E-03   5.2908184E-04   6.3254646E+01   6.9134137E+01   8.4655581E+00   7.5472259E+00  -5.1280573E-01  -2.4610553E-02   4.8576682E-01   8.5714400E-01  -8.0418292E+00  -3.5405338E-02  -2.2672136E-01   5.2629607E-02   5.2255271E-02   9.0851063E-04   9.0159622E-04
  4.7813294E-05   8.7586447E-04  -1.4111317E-04   2.6481842E-03   2.1984116E-02  -1.2554333E-01   1.5196875E-02   7.6040465E-03   1.3225704E-03  -5.9151735E+01   8.4655581E+00   1.7628209E+02  -8.3833137E+01   2.4906009E+00   3.4896325E-01  -1.0580541E+00   3.3126898E-01  -7.1498662E+00  -3.2076260E-02  -2.9593329E-01   5.5020911E-01   6.6741753E-03   1.6646361E-03  -7.8837147E-03
 -1.7560066E-04   2.4255002E-06  -1.5435516E-05  -3.4316767E-03  -7.9143176E-03   1.4310556E-02  -8.3335864E-03  -6.2833217E-03   5.1769664E-04   3.2582547E+01   7.5472259E+00  -8.3833137E+01   5.2881495E+01   1.7105433E+00  -5.3460301E-02   7.4257240E-01  -2.6305125E-01  -2.8663921E+00   1.3671683E-02   1.7319824E-01  -4.5528261E-01  -1.3318038E-01  -5.6847986E-04   3.2238952E-03
  3.2702966E-05  -1.6836421E-05  -1.0101786E-06   5.5188306E-04  -1.3004999E-03   1.0346136E-02   1.2512178E-03   5.7850367E-04   2.7446054E-05  -2.5052298E+01  -5.1280573E-01   2.4906009E+00   1.7105433E+00   4.2742625E+00   9.5944436E-02   1.5385876E-01  -4.5716333E-02  -3.5198968E+00  -2.9044874E-03  -5.5340436E-03   7.9379516E-03   4.6412569E-02   4.3217911E-04  -2.0963058E-04
  1.1691866E-06   3.6856541E-06  -6.0915241E-07   1.8945426E-05  -1.2872030E-05  -1.2849741E-04   7.8808641E-05   5.6469290E-05   1.1869426E-06  -8.4262421E-01  -2.4610553E-02   3.4896325E-01  -5.3460301E-02   9.5944436E-02   1.5858410E-02  -1.6146983E-02   1.1816423E-02  -9.9732027E-02  -2.4960206E-04  -1.3392859E-03  -2.6169230E-03   4.8759971E-03   1.6876558E-05  -3.7264352E-05
 -3.0084576E-06  -1.9729792E-06  -4.3558602E-07  -3.9907078E-05  -5.8750829E-05  -5.0991950E-05  -1.2572909E-04  -1.1066110E-04   6.8219661E-06  -2.5734714E-02   4.8576682E-01  -1.0580541E+00   7.4257240E-01   1.5385876E-01  -1.6146983E-02   6.6228504E-02   3.6903942E-03  -1.6056020E-01   3.3890758E-04   7.0212598E-03  -3.2987879E-04  -1.7853807E-02  -7.4065798E-06   9.7759495E-05
  1.0630533E-06  -4.3019040E-06  -6.6345573E-07   4.6690877E-06   2.5231468E-05   2.4353819E-04   4.8680581E-05   5.6926135E-05   5.5287811E-06  -1.6478374E-01   8.5714400E-01   3.3126898E-01  -2.6305125E-01  -4.5716333E-02   1.1816423E-02   3.6903942E-03   8.2476734E-02   5.3733584E-02  -2.7365835E-04   3.4841757E-04   1.2105495E-03   9.1458864E-04   1.5211311E-05  -2.4859964E-06
 -4.5997677E-05  -7.8624035E-05   2.6621811E-06  -7.8374162E-04  -1.8667359E-03   8.3774316E-03  -2.7276009E-03  -1.9291050E-03  -1.9368675E-05   1.1045870E+01  -8.0418292E+00  -7.1498662E+00  -2.8663921E+00  -3.5198968E+00  -9.9732027E-02  -1.6056020E-01   5.3733584E-02   7.4816783E+00  -2.3890270E-03  -3.9931882E-03   7.4691156E-04  -3.6855731E-02  -3.3022242E-04   8.1793335E-05
  3.7619771E-07  -2.1610961E-06   1.5497021E-07   2.8971225E-06  -1.3825400E-04   4.5204904E-04  -1.8503030E-05   2.9178470E-05  -3.6350854E-07  -1.9126871E-01  -3.5405338E-02  -3.2076260E-02   1.3671683E-02  -2.9044874E-03  -2.4960206E-04   3.3890758E-04  -2.7365835E-04  -2.3890270E-03   3.8210637E-02   2.8733328E-03  -1.2922222E-04   5.3783245E-04   3.4769178E-05  -5.4775215E-06
  9.5172683E-08  -6.1424557E-06  -2.9440444E-08  -1.2724309E-05  -2.2305298E-04   1.1557776E-03  -1.5000530E-04  -1.0896922E-05  -5.4567288E-06   2.7282035E-01  -2.2672136E-01  -2.9593329E-01   1.7319824E-01  -5.5340436E-03  -1.3392859E-03   7.0212598E-03   3.4841757E-04  -3.9931882E-03   2.8733328E-03   3.1106484E-02  -6.7705768E-04   5.4454426E-03  -8.2866188E-05  -4.0138030E-05
  1.0071422E-06  -2.9085266E-06   5.9650012E-07   1.9625455E-05   8.2087702E-06   2.7362932E-04   5.5738851E-05   3.4412204E-05   5.8299183E-06  -2.3249174E-01   5.2629607E-02   5.5020911E-01  -4.5528261E-01   7.9379516E-03  -2.6169230E-03  -3.2987879E-04   1.2105495E-03   7.4691156E-04  -1.2922222E-04  -6.7705768E-04   1.0738499E-02   8.6765406E-03   4.0225388E-06   6.2117274E-05
  2.0062629E-07  -3.6333466E-06   4.9745890E-07  -6.6633579E-06  -1.7937430E-04   1.1253296E-03  -4.5338906E-05  -6.4129894E-06  -5.5868684E-06  -2.0713573E-01   5.2255271E-02   6.6741753E-03  -1.3318038E-01   4.6412569E-02   4.8759971E-03  -1.7853807E-02   9.1458864E-04  -3.6855731E-02   5.3783245E-04   5.4454426E-03   8.6765406E-03   2.6527220E-02  -5.1795379E-06   5.8342806E-05
  2.3003189E-09  -5.7470585E-08   6.5501860E-09   2.4461644E-08   1.9229373E-07   3.2813147E-06   6.6647832E-07  -2.4912866E-07   4.3547397E-08   6.7113632E-03   9.0851063E-04   1.6646361E-03  -5.6847986E-04   4.3217911E-04   1.6876558E-05  -7.4065798E-06   1.5211311E-05  -3.3022242E-04   3.4769178E-05  -8.2866188E-05   4.0225388E-06  -5.1795379E-06   1.1192317E-06   5.1351480E-08
 -9.9755032E-09  -6.4370784E-08   9.5757560E-09  -2.9967702E-07  -1.0194190E-06   5.2707633E-06  -8.0177326E-07  -2.7627997E-07  -2.2330041E-08   3.3314647E-03   9.0159622E-04  -7.8837147E-03   3.2238952E-03  -2.0963058E-04  -3.7264352E-05   9.7759495E-05  -2.4859964E-06   8.1793335E-05  -5.4775215E-06  -4.0138030E-05   6.2117274E-05   5.8342806E-05   5.1351480E-08   2.4568009E-06
