# omegabh2 omegach2 theta tau omegak ns logA aps100 aps143 aps217 acib143 acib217 asz143 psr cibr cal0 cal2 xi aksz bm_1_1
1.078800E-07 -6.074100E-07 1.160700E-07 1.865400E-06 -7.554900E-07 1.710600E-06 2.438000E-06 -2.401500E-03 -1.307900E-03 -1.095700E-03 -1.812700E-04 6.765600E-05 1.160968E-04 -2.211500E-07 4.611300E-06 -1.727100E-08 1.508900E-08 3.302000E-06 -5.627253E-05 2.984800E-06
-6.074100E-07 7.405400E-06 -1.031600E-06 -2.088900E-05 7.625100E-06 -1.779900E-05 -2.455700E-05 1.857500E-03 6.332700E-03 2.661500E-03 1.944600E-03 1.486900E-03 -4.192807E-04 3.411100E-06 3.338500E-05 8.972800E-08 -5.802500E-08 1.614100E-05 -6.379281E-05 -1.182600E-04
1.160700E-07 -1.031600E-06 4.267700E-07 3.815400E-06 -1.280900E-06 2.772600E-06 5.720100E-06 -1.247000E-03 -1.626800E-03 -6.247700E-04 -4.155100E-04 3.297500E-05 4.917339E-04 -8.081400E-07 1.299700E-05 -8.770500E-09 9.093600E-09 -4.392300E-06 -1.715554E-04 1.103200E-04
1.865400E-06 -2.088900E-05 3.815400E-06 2.044600E-04 -1.251000E-05 5.699200E-05 3.595300E-04 -1.481100E-02 -2.961100E-03 2.841200E-02 -5.391200E-03 -2.102700E-02 -3.852819E-03 -2.876900E-07 -6.061700E-04 -7.934000E-07 -6.399500E-07 1.905500E-04 -2.396370E-03 -3.060200E-04
-7.554900E-07 7.625100E-06 -1.280900E-06 -1.251000E-05 2.291500E-05 -1.731100E-05 -7.208700E-06 2.265200E-02 1.007700E-02 6.392500E-03 2.647200E-03 7.947300E-04 -1.827516E-03 7.411400E-06 -4.779000E-05 -1.793900E-07 -1.942500E-07 -2.618300E-07 -1.240168E-03 1.014700E-04
1.710600E-06 -1.779900E-05 2.772600E-06 5.699200E-05 -1.731100E-05 5.891600E-05 7.182100E-05 -1.338000E-03 -8.150800E-03 2.937400E-04 -9.260700E-03 -8.742300E-03 -2.050434E-05 -9.674200E-06 -1.219400E-04 -4.969900E-08 5.154900E-07 2.245500E-05 -3.464143E-03 7.891100E-05
2.438000E-06 -2.455700E-05 5.720100E-06 3.595300E-04 -7.208700E-06 7.182100E-05 6.666300E-04 -1.308500E-02 1.162200E-02 6.994300E-02 -7.486200E-03 -4.158600E-02 -9.380976E-03 7.682100E-06 -1.243300E-03 -1.528500E-06 -1.385100E-06 4.603300E-04 -6.859584E-03 -2.680600E-05
-2.401500E-03 1.857500E-03 -1.247000E-03 -1.481100E-02 2.265200E-02 -1.338000E-03 -1.308500E-02 2.396800E+03 2.605200E+02 2.635500E+02 7.536700E+01 -9.773900E+01 -1.312282E+02 3.966800E-02 -6.713100E+00 -1.916800E-03 -1.536600E-03 2.494300E+00 -1.592486E+01 1.623800E+01
-1.307900E-03 6.332700E-03 -1.626800E-03 -2.961100E-03 1.007700E-02 -8.150800E-03 1.162200E-02 2.605200E+02 1.484400E+02 1.278700E+02 -2.415000E+01 -5.082300E+01 -2.234696E+01 2.639100E-02 -1.611900E+00 -1.725300E-04 -1.969900E-03 6.081200E-01 -7.549491E+00 1.965500E+00
-1.095700E-03 2.661500E-03 -6.247700E-04 2.841200E-02 6.392500E-03 2.937400E-04 6.994300E-02 2.635500E+02 1.278700E+02 2.164000E+02 -2.489900E+01 -8.516000E+01 -2.010147E+01 4.337600E-02 -2.225500E+00 -9.825300E-04 -5.627200E-03 4.420200E-01 -1.003842E+01 3.173200E+00
-1.812700E-04 1.944600E-03 -4.155100E-04 -5.391200E-03 2.647200E-03 -9.260700E-03 -7.486200E-03 7.536700E+01 -2.415000E+01 -2.489900E+01 3.155300E+01 1.813900E+01 -6.888495E+00 2.814400E-03 3.677700E-03 -1.255100E-04 1.462400E-04 1.528400E-01 -2.483380E+00 -1.173800E+00
6.765600E-05 1.486900E-03 3.297500E-05 -2.102700E-02 7.947300E-04 -8.742300E-03 -4.158600E-02 -9.773900E+01 -5.082300E+01 -8.516000E+01 1.813900E+01 4.316700E+01 9.446202E+00 -1.565700E-02 1.086700E+00 3.662200E-04 2.564400E-03 -2.449500E-01 -6.782036E-01 -1.650000E+00
1.160968E-04 -4.192807E-04 4.917339E-04 -3.852819E-03 -1.827516E-03 -2.050434E-05 -9.380976E-03 -1.312282E+02 -2.234696E+01 -2.010147E+01 -6.888495E+00 9.446202E+00 1.446756E+01 -7.604538E-03 6.440548E-01 1.480669E-04 -2.356946E-04 -2.686815E-01 -2.849966E-01 1.583591E-01
-2.211500E-07 3.411100E-06 -8.081400E-07 -2.876900E-07 7.411400E-06 -9.674200E-06 7.682100E-06 3.966800E-02 2.639100E-02 4.337600E-02 2.814400E-03 -1.565700E-02 -7.604538E-03 8.430600E-05 -6.688600E-04 -6.471300E-07 -1.843100E-06 1.868300E-04 -2.397399E-03 -8.684300E-04
4.611300E-06 3.338500E-05 1.299700E-05 -6.061700E-04 -4.779000E-05 -1.219400E-04 -1.243300E-03 -6.713100E+00 -1.611900E+00 -2.225500E+00 3.677700E-03 1.086700E+00 6.440548E-01 -6.688600E-04 4.989500E-02 2.387800E-05 5.609900E-05 -1.156000E-02 6.586418E-03 -3.802900E-02
-1.727100E-08 8.972800E-08 -8.770500E-09 -7.934000E-07 -1.793900E-07 -4.969900E-08 -1.528500E-06 -1.916800E-03 -1.725300E-04 -9.825300E-04 -1.255100E-04 3.662200E-04 1.480669E-04 -6.471300E-07 2.387800E-05 1.332500E-07 3.718500E-08 9.233600E-07 1.204994E-04 -4.674300E-05
1.508900E-08 -5.802500E-08 9.093600E-09 -6.399500E-07 -1.942500E-07 5.154900E-07 -1.385100E-06 -1.536600E-03 -1.969900E-03 -5.627200E-03 1.462400E-04 2.564400E-03 -2.356946E-04 -1.843100E-06 5.609900E-05 3.718500E-08 8.455300E-07 -1.154300E-05 1.730097E-05 -1.507200E-04
3.302000E-06 1.614100E-05 -4.392300E-06 1.905500E-04 -2.618300E-07 2.245500E-05 4.603300E-04 2.494300E+00 6.081200E-01 4.420200E-01 1.528400E-01 -2.449500E-01 -2.686815E-01 1.868300E-04 -1.156000E-02 9.233600E-07 -1.154300E-05 1.845400E-02 -7.516168E-04 1.361700E-02
-5.627253E-05 -6.379281E-05 -1.715554E-04 -2.396370E-03 -1.240168E-03 -3.464143E-03 -6.859584E-03 -1.592486E+01 -7.549491E+00 -1.003842E+01 -2.483380E+00 -6.782036E-01 -2.849966E-01 -2.397399E-03 6.586418E-03 1.204994E-04 1.730097E-05 -7.516168E-04 6.934392E+00 -1.806225E-01
2.984800E-06 -1.182600E-04 1.103200E-04 -3.060200E-04 1.014700E-04 7.891100E-05 -2.680600E-05 1.623800E+01 1.965500E+00 3.173200E+00 -1.173800E+00 -1.650000E+00 1.583591E-01 -8.684300E-04 -3.802900E-02 -4.674300E-05 -1.507200E-04 1.361700E-02 -1.806225E-01 7.354300E-01
