# omegabh2 omegach2 theta tau Alens logA ns acib217 acibsz143 asz143 aps100 aps143 aps143217 aps217 aksz kgal100 t1gal143 t1gal143217 t1gal217 galfEE100 galfEE100143 galfEE100217 galfEE143 galfEE143217 galfEE217 galfTE100 galfTE100143 galfTE100217 galfTE143 galfTE143217 galfTE217 calib_100T calib_217T
    0.2437691E-07   -0.9757811E-07    0.1483248E-07    0.5221795E-07    0.3901843E-05    0.4205244E-07    0.2819492E-06   -0.1894750E-03   -0.1017116E-03   -0.2349115E-04   -0.5752479E-04    0.2531919E-04    0.2020251E-03    0.2067522E-03   -0.6158616E-04    0.5827485E-04   -0.2222252E-03   -0.2502923E-03   -0.2717682E-03    0.7159148E-07    0.8881244E-07    0.1351675E-06    0.1094264E-06    0.2030797E-06    0.2643382E-06   -0.1723235E-05   -0.2411878E-05   -0.2562816E-05   -0.3706407E-05   -0.4882394E-05   -0.7707520E-05   -0.2830056E-07    0.7711072E-08
   -0.9757811E-07    0.1324599E-05   -0.9070499E-07   -0.1586345E-05   -0.2328372E-04   -0.6871678E-07   -0.3316715E-05    0.8452090E-03    0.3193208E-03   -0.4629842E-04    0.1034005E-02    0.7071850E-03   -0.2294936E-03   -0.5451683E-03    0.1152072E-03    0.4450150E-03    0.3014026E-03    0.3409972E-03    0.3633967E-03   -0.1210853E-05   -0.1336354E-05   -0.1406037E-05   -0.1439383E-05   -0.1696358E-05   -0.1447011E-05    0.8689991E-05    0.1141260E-04    0.1216737E-04    0.1873904E-04    0.2500596E-04    0.3809625E-04   -0.4294147E-07   -0.4861557E-07
    0.1483248E-07   -0.9070499E-07    0.8346013E-07    0.1527315E-06    0.2501624E-05    0.2002352E-06    0.3358701E-06   -0.7786879E-05   -0.8560999E-05   -0.1442724E-04   -0.4583244E-05   -0.2492411E-04   -0.2751531E-04   -0.2829470E-04   -0.1410099E-04   -0.1576335E-05   -0.7525308E-04   -0.7919233E-04   -0.6464864E-04    0.9325057E-07    0.6073563E-07    0.8912308E-07    0.7184272E-07    0.1574446E-06    0.3934560E-06   -0.1085262E-05   -0.1893388E-05   -0.1291917E-05   -0.3683253E-05   -0.3925723E-05   -0.6061887E-05   -0.6997667E-08   -0.6875054E-08
    0.5221795E-07   -0.1586345E-05    0.1527315E-06    0.1829291E-03   -0.3539418E-03    0.3605668E-03    0.1010812E-04   -0.2937459E-02   -0.1443787E-02   -0.6694817E-04   -0.7921221E-02    0.1436735E-02    0.4172254E-02    0.3721067E-02   -0.9370594E-03   -0.1902305E-02   -0.3195962E-02   -0.4396251E-02   -0.5366035E-02    0.6343370E-06    0.2605446E-05   -0.9403262E-06    0.7212286E-05    0.4100230E-05    0.8762262E-05   -0.1245381E-06   -0.3607272E-04   -0.1551490E-04   -0.6992477E-04   -0.7741785E-04   -0.5536022E-04    0.1245578E-06    0.3434388E-06
    0.3901843E-05   -0.2328372E-04    0.2501624E-05   -0.3539418E-03    0.4238280E-02   -0.7180451E-03    0.7946176E-04   -0.6398790E-01   -0.2978577E-01   -0.1149580E-01    0.4990225E-01    0.4365760E-01    0.8689183E-01    0.1005284E+00   -0.2178568E-01   -0.1083870E+00   -0.1166855E+00   -0.1386240E+00   -0.1482940E+00    0.1522467E-04    0.1265775E-04    0.1683806E-04    0.3400055E-05    0.2497404E-04    0.1469992E-04   -0.1715389E-03   -0.9291822E-04   -0.6627296E-04   -0.4240705E-03   -0.5178110E-03   -0.9012017E-03    0.2951400E-05    0.4335191E-05
    0.4205244E-07   -0.6871678E-07    0.2002352E-06    0.3605668E-03   -0.7180451E-03    0.7255356E-03    0.1183312E-04   -0.7096744E-02   -0.4454725E-02   -0.1609556E-02    0.3564205E-04    0.1378738E-01    0.1792134E-01    0.1477263E-01   -0.3061119E-02   -0.9218615E-02   -0.2113151E-01   -0.2377515E-01   -0.2580773E-01   -0.3563483E-05   -0.5658963E-06   -0.7894825E-05    0.8114304E-05    0.1434318E-05    0.1106925E-04    0.1633326E-04   -0.4925597E-04   -0.1425899E-05   -0.1112820E-03   -0.1126559E-03   -0.3258770E-04   -0.8448037E-06    0.5851077E-06
    0.2819492E-06   -0.3316715E-05    0.3358701E-06    0.1010812E-04    0.7946176E-04    0.1183312E-04    0.2033587E-04   -0.1012640E-01   -0.4672604E-02   -0.1486310E-02   -0.5741866E-02    0.5674966E-02    0.1262572E-01    0.1354881E-01   -0.2955307E-02   -0.2341144E-02   -0.4929129E-02   -0.6223073E-02   -0.5665652E-02    0.6599412E-05    0.7692452E-05    0.8446125E-05    0.8344100E-05    0.9352462E-05    0.9628421E-05   -0.2426333E-04   -0.3531615E-04   -0.2869306E-04   -0.5143538E-04   -0.5958189E-04   -0.9285319E-04    0.2072652E-06    0.3187518E-06
   -0.1894750E-03    0.8452090E-03   -0.7786879E-05   -0.2937459E-02   -0.6398790E-01   -0.7096744E-02   -0.1012640E-01    0.6089076E+02    0.2109873E+02    0.3242418E+00    0.1485159E+02   -0.1721319E+02   -0.5819164E+02   -0.7822364E+02   -0.2673663E+01    0.8169272E+00   -0.3502352E+01   -0.8350395E+01   -0.1383299E+02   -0.1808506E-02   -0.2866061E-02   -0.2994238E-02   -0.2420548E-02   -0.2180860E-02   -0.1600608E-02    0.1021418E-01    0.3975995E-01    0.3228946E-01    0.4969602E-01    0.4679979E-01    0.2586986E-01    0.3420819E-03   -0.2812642E-02
   -0.1017116E-03    0.3193208E-03   -0.8560999E-05   -0.1443787E-02   -0.2978577E-01   -0.4454725E-02   -0.4672604E-02    0.2109873E+02    0.1545995E+02    0.2423415E+01   -0.1536457E+02   -0.2160797E+02   -0.3863083E+02   -0.2348804E+02   -0.9953815E+00   -0.1370277E+01   -0.2466520E+01   -0.7793953E+01   -0.8923499E+01   -0.8007392E-03   -0.1207676E-02   -0.1312450E-02   -0.7022824E-03   -0.5576574E-03    0.1951563E-04    0.5589283E-02    0.1397760E-01    0.1885779E-01    0.1534151E-01    0.2454473E-01    0.4972848E-01    0.1295730E-03   -0.1182432E-03
   -0.2349115E-04   -0.4629842E-04   -0.1442724E-04   -0.6694817E-04   -0.1149580E-01   -0.1609556E-02   -0.1486310E-02    0.3242418E+00    0.2423415E+01    0.6436980E+01   -0.4332346E+02   -0.1856764E+02   -0.5132554E+01   -0.7796097E-01   -0.1353991E+00   -0.2104242E+01   -0.3370872E+00    0.4182109E+01    0.5213561E+01    0.3820185E-03   -0.7741445E-04   -0.3873212E-03   -0.5072710E-03   -0.5940343E-03   -0.5103079E-03   -0.3220696E-03    0.3569272E-03   -0.1078960E-01    0.2541686E-02   -0.5646193E-02   -0.9384854E-02   -0.2309811E-03    0.1535959E-03
   -0.5752479E-04    0.1034005E-02   -0.4583244E-05   -0.7921221E-02    0.4990225E-01    0.3564205E-04   -0.5741866E-02    0.1485159E+02   -0.1536457E+02   -0.4332346E+02    0.7606748E+03    0.1789177E+03    0.6590933E+02    0.8121379E+01   -0.1210720E+02   -0.3853843E+02   -0.4406224E+01   -0.2036975E+02   -0.2374716E+02   -0.7017486E-02   -0.7467525E-02   -0.5328039E-02   -0.5007416E-02   -0.1029838E-01   -0.1729515E-01    0.6811632E-01    0.7769411E-01    0.1311262E+00    0.1141131E+00    0.1915968E+00    0.2716516E+00   -0.1262971E-02   -0.2861515E-02
    0.2531919E-04    0.7071850E-03   -0.2492411E-04    0.1436735E-02    0.4365760E-01    0.1378738E-01    0.5674966E-02   -0.1721319E+02   -0.2160797E+02   -0.1856764E+02    0.1789177E+03    0.1193550E+03    0.8679398E+02    0.4619679E+02   -0.1173833E+02   -0.4629541E+00   -0.1082500E+02   -0.1002417E+02   -0.9718114E+01   -0.2428875E-02   -0.8097377E-03   -0.2422703E-02   -0.6143049E-03   -0.2400914E-02   -0.2699684E-02    0.1581682E-01    0.1909423E-01    0.3266670E-01    0.3907862E-01    0.5705858E-01    0.9563624E-01   -0.1081415E-03   -0.6489443E-03
    0.2020251E-03   -0.2294936E-03   -0.2751531E-04    0.4172254E-02    0.8689183E-01    0.1792134E-01    0.1262572E-01   -0.5819164E+02   -0.3863083E+02   -0.5132554E+01    0.6590933E+02    0.8679398E+02    0.1344256E+03    0.1002897E+03   -0.9646393E+01   -0.3718829E+01   -0.8383599E+01   -0.1452613E+01   -0.2333985E+01    0.8487346E-03    0.1829534E-02    0.1019964E-02    0.2756954E-03   -0.1080504E-02   -0.2387681E-02   -0.1206523E-01   -0.2618371E-01   -0.3207405E-01   -0.5728595E-02   -0.9276691E-02   -0.1268733E-01   -0.9738381E-03    0.1798332E-02
    0.2067522E-03   -0.5451683E-03   -0.2829470E-04    0.3721067E-02    0.1005284E+00    0.1477263E-01    0.1354881E-01   -0.7822364E+02   -0.2348804E+02   -0.7796097E-01    0.8121379E+01    0.4619679E+02    0.1002897E+03    0.1399719E+03   -0.8544360E+01   -0.7107614E+01   -0.1042042E+02   -0.1638644E+02   -0.1792233E+02    0.1082647E-02    0.2318317E-02    0.2093898E-02    0.1431399E-02    0.6567858E-03    0.6661185E-03   -0.1569624E-01   -0.4721251E-01   -0.3265265E-01   -0.3714988E-01   -0.1888727E-01    0.4649985E-01   -0.1199975E-02    0.5502390E-02
   -0.6158616E-04    0.1152072E-03   -0.1410099E-04   -0.9370594E-03   -0.2178568E-01   -0.3061119E-02   -0.2955307E-02   -0.2673663E+01   -0.9953815E+00   -0.1353991E+00   -0.1210720E+02   -0.1173833E+02   -0.9646393E+01   -0.8544360E+01    0.7938464E+01   -0.2014257E+01   -0.1166827E+01   -0.1304319E+01   -0.1211669E+01   -0.6022713E-03   -0.2580155E-03   -0.1962251E-03   -0.5760733E-03   -0.4524267E-03   -0.1339532E-02    0.4100709E-02    0.9533349E-02    0.1301095E-01    0.6518952E-02    0.4607086E-02   -0.8066457E-04    0.1619938E-03    0.1253533E-03
    0.5827485E-04    0.4450150E-03   -0.1576335E-05   -0.1902305E-02   -0.1083870E+00   -0.9218615E-02   -0.2341144E-02    0.8169272E+00   -0.1370277E+01   -0.2104242E+01   -0.3853843E+02   -0.4629541E+00   -0.3718829E+01   -0.7107614E+01   -0.2014257E+01    0.1439101E+03    0.4496983E+02    0.4268652E+02    0.4078467E+02   -0.1908326E-02    0.7420598E-03    0.1437898E-02    0.3692627E-02    0.1232970E-02    0.1813966E-02   -0.5654887E-02   -0.9097925E-01   -0.1033101E+00   -0.5332911E-01   -0.8290554E-01   -0.1847328E+00   -0.1271347E-01   -0.5392909E-04
   -0.2222252E-03    0.3014026E-03   -0.7525308E-04   -0.3195962E-02   -0.1166855E+00   -0.2113151E-01   -0.4929129E-02   -0.3502352E+01   -0.2466520E+01   -0.3370872E+00   -0.4406224E+01   -0.1082500E+02   -0.8383599E+01   -0.1042042E+02   -0.1166827E+01    0.4496983E+02    0.8822219E+02    0.8893263E+02    0.8795807E+02    0.2028839E-02    0.2009901E-02    0.2585855E-02    0.3761530E-02    0.3134962E-02    0.5375074E-02   -0.2957859E-02   -0.5405764E-01   -0.8180294E-01   -0.5371607E-01   -0.6221992E-01   -0.1177936E+00    0.2939886E-02    0.1632966E-03
   -0.2502923E-03    0.3409972E-03   -0.7919233E-04   -0.4396251E-02   -0.1386240E+00   -0.2377515E-01   -0.6223073E-02   -0.8350395E+01   -0.7793953E+01    0.4182109E+01   -0.2036975E+02   -0.1002417E+02   -0.1452613E+01   -0.1638644E+02   -0.1304319E+01    0.4268652E+02    0.8893263E+02    0.1260169E+03    0.1491728E+03    0.2003304E-02    0.1643383E-02    0.8779554E-03    0.3302224E-02    0.1347073E-02    0.1730273E-02    0.1591160E-01   -0.3354874E-01   -0.7511947E-01   -0.3673295E-01   -0.4546355E-01   -0.7713686E-01    0.2539825E-02   -0.4605855E-02
   -0.2717682E-03    0.3633967E-03   -0.6464864E-04   -0.5366035E-02   -0.1482940E+00   -0.2580773E-01   -0.5665652E-02   -0.1383299E+02   -0.8923499E+01    0.5213561E+01   -0.2374716E+02   -0.9718114E+01   -0.2333985E+01   -0.1792233E+02   -0.1211669E+01    0.4078467E+02    0.8795807E+02    0.1491728E+03    0.1966589E+03    0.2172852E-02    0.1663544E-02    0.1037092E-03    0.4047883E-02    0.6347084E-03   -0.5473145E-03    0.2161128E-01   -0.2485642E-01   -0.5591262E-01   -0.2998174E-01   -0.1252695E-01    0.1593591E-01    0.2431014E-02   -0.8914663E-02
    0.7159148E-07   -0.1210853E-05    0.9325057E-07    0.6343370E-06    0.1522467E-04   -0.3563483E-05    0.6599412E-05   -0.1808506E-02   -0.8007392E-03    0.3820185E-03   -0.7017486E-02   -0.2428875E-02    0.8487346E-03    0.1082647E-02   -0.6022713E-03   -0.1908326E-02    0.2028839E-02    0.2003304E-02    0.2172852E-02    0.6584985E-04    0.2149186E-04    0.2552086E-04    0.8652471E-05    0.1284568E-04    0.1344419E-04   -0.1045866E-03   -0.8749244E-04   -0.9166733E-04   -0.1853506E-04   -0.5748436E-05   -0.4493647E-04    0.5096397E-06    0.1704445E-06
    0.8881244E-07   -0.1336354E-05    0.6073563E-07    0.2605446E-05    0.1265775E-04   -0.5658963E-06    0.7692452E-05   -0.2866061E-02   -0.1207676E-02   -0.7741445E-04   -0.7467525E-02   -0.8097377E-03    0.1829534E-02    0.2318317E-02   -0.2580155E-03    0.7420598E-03    0.2009901E-02    0.1643383E-02    0.1663544E-02    0.2149186E-04    0.4086629E-04    0.3571156E-04    0.2887482E-04    0.3088955E-04    0.2665249E-04   -0.5802200E-04   -0.9543766E-04   -0.8052698E-04   -0.9913155E-04   -0.8369024E-04   -0.1068519E-03    0.3540529E-06    0.1716682E-06
    0.1351675E-06   -0.1406037E-05    0.8912308E-07   -0.9403262E-06    0.1683806E-04   -0.7894825E-05    0.8446125E-05   -0.2994238E-02   -0.1312450E-02   -0.3873212E-03   -0.5328039E-02   -0.2422703E-02    0.1019964E-02    0.2093898E-02   -0.1962251E-03    0.1437898E-02    0.2585855E-02    0.8779554E-03    0.1037092E-03    0.2552086E-04    0.3571156E-04    0.1155493E-03    0.2435688E-04    0.5956919E-04    0.1067897E-03   -0.5049865E-04   -0.8874909E-04   -0.1121635E-03   -0.4912307E-04   -0.1383960E-03   -0.3528166E-03    0.2942524E-06    0.2855972E-06
    0.1094264E-06   -0.1439383E-05    0.7184272E-07    0.7212286E-05    0.3400055E-05    0.8114304E-05    0.8344100E-05   -0.2420548E-02   -0.7022824E-03   -0.5072710E-03   -0.5007416E-02   -0.6143049E-03    0.2756954E-03    0.1431399E-02   -0.5760733E-03    0.3692627E-02    0.3761530E-02    0.3302224E-02    0.4047883E-02    0.8652471E-05    0.2887482E-04    0.2435688E-04    0.8676091E-04    0.5712670E-04    0.4174231E-04   -0.2895812E-04   -0.8751115E-04   -0.5102460E-04   -0.1805338E-03   -0.1457824E-03   -0.1363713E-03    0.2261381E-06    0.8774677E-08
    0.2030797E-06   -0.1696358E-05    0.1574446E-06    0.4100230E-05    0.2497404E-04    0.1434318E-05    0.9352462E-05   -0.2180860E-02   -0.5576574E-03   -0.5940343E-03   -0.1029838E-01   -0.2400914E-02   -0.1080504E-02    0.6567858E-03   -0.4524267E-03    0.1232970E-02    0.3134962E-02    0.1347073E-02    0.6347084E-03    0.1284568E-04    0.3088955E-04    0.5956919E-04    0.5712670E-04    0.1261838E-03    0.1571942E-03   -0.3224944E-04   -0.9402492E-04   -0.1266474E-03   -0.1635760E-03   -0.2267115E-03   -0.4328459E-03    0.5821651E-06    0.2737271E-06
    0.2643382E-06   -0.1447011E-05    0.3934560E-06    0.8762262E-05    0.1469992E-04    0.1106925E-04    0.9628421E-05   -0.1600608E-02    0.1951563E-04   -0.5103079E-03   -0.1729515E-01   -0.2699684E-02   -0.2387681E-02    0.6661185E-03   -0.1339532E-02    0.1813966E-02    0.5375074E-02    0.1730273E-02   -0.5473145E-03    0.1344419E-04    0.2665249E-04    0.1067897E-03    0.4174231E-04    0.1571942E-03    0.6395911E-03   -0.6217133E-04   -0.1417480E-03   -0.2891937E-03   -0.1860904E-03   -0.4233422E-03   -0.7552428E-03    0.7828827E-06    0.5767606E-06
   -0.1723235E-05    0.8689991E-05   -0.1085262E-05   -0.1245381E-06   -0.1715389E-03    0.1633326E-04   -0.2426333E-04    0.1021418E-01    0.5589283E-02   -0.3220696E-03    0.6811632E-01    0.1581682E-01   -0.1206523E-01   -0.1569624E-01    0.4100709E-02   -0.5654887E-02   -0.2957859E-02    0.1591160E-01    0.2161128E-01   -0.1045866E-03   -0.5802200E-04   -0.5049865E-04   -0.2895812E-04   -0.3224944E-04   -0.6217133E-04    0.1341957E-01    0.8861577E-02    0.9961407E-02    0.2071355E-02    0.2355829E-02    0.3441142E-02   -0.6971713E-06   -0.1108246E-05
   -0.2411878E-05    0.1141260E-04   -0.1893388E-05   -0.3607272E-04   -0.9291822E-04   -0.4925597E-04   -0.3531615E-04    0.3975995E-01    0.1397760E-01    0.3569272E-03    0.7769411E-01    0.1909423E-01   -0.2618371E-01   -0.4721251E-01    0.9533349E-02   -0.9097925E-01   -0.5405764E-01   -0.3354874E-01   -0.2485642E-01   -0.8749244E-04   -0.9543766E-04   -0.8874909E-04   -0.8751115E-04   -0.9402492E-04   -0.1417480E-03    0.8861577E-02    0.1251748E-01    0.1382616E-01    0.8549323E-02    0.8318137E-02    0.8116242E-02    0.7207763E-05   -0.3170350E-05
   -0.2562816E-05    0.1216737E-04   -0.1291917E-05   -0.1551490E-04   -0.6627296E-04   -0.1425899E-05   -0.2869306E-04    0.3228946E-01    0.1885779E-01   -0.1078960E-01    0.1311262E+00    0.3266670E-01   -0.3207405E-01   -0.3265265E-01    0.1301095E-01   -0.1033101E+00   -0.8180294E-01   -0.7511947E-01   -0.5591262E-01   -0.9166733E-04   -0.8052698E-04   -0.1121635E-03   -0.5102460E-04   -0.1266474E-03   -0.2891937E-03    0.9961407E-02    0.1382616E-01    0.2603696E-01    0.4762719E-02    0.1176717E-01    0.2313253E-01    0.7071905E-05   -0.4521177E-05
   -0.3706407E-05    0.1873904E-04   -0.3683253E-05   -0.6992477E-04   -0.4240705E-03   -0.1112820E-03   -0.5143538E-04    0.4969602E-01    0.1534151E-01    0.2541686E-02    0.1141131E+00    0.3907862E-01   -0.5728595E-02   -0.3714988E-01    0.6518952E-02   -0.5332911E-01   -0.5371607E-01   -0.3673295E-01   -0.2998174E-01   -0.1853506E-04   -0.9913155E-04   -0.4912307E-04   -0.1805338E-03   -0.1635760E-03   -0.1860904E-03    0.2071355E-02    0.8549323E-02    0.4762719E-02    0.2182738E-01    0.1942836E-01    0.1318466E-01    0.2315460E-05   -0.3097988E-05
   -0.4882394E-05    0.2500596E-04   -0.3925723E-05   -0.7741785E-04   -0.5178110E-03   -0.1126559E-03   -0.5958189E-04    0.4679979E-01    0.2454473E-01   -0.5646193E-02    0.1915968E+00    0.5705858E-01   -0.9276691E-02   -0.1888727E-01    0.4607086E-02   -0.8290554E-01   -0.6221992E-01   -0.4546355E-01   -0.1252695E-01   -0.5748436E-05   -0.8369024E-04   -0.1383960E-03   -0.1457824E-03   -0.2267115E-03   -0.4233422E-03    0.2355829E-02    0.8318137E-02    0.1176717E-01    0.1942836E-01    0.2878333E-01    0.3964161E-01    0.6170063E-05   -0.7080516E-05
   -0.7707520E-05    0.3809625E-04   -0.6061887E-05   -0.5536022E-04   -0.9012017E-03   -0.3258770E-04   -0.9285319E-04    0.2586986E-01    0.4972848E-01   -0.9384854E-02    0.2716516E+00    0.9563624E-01   -0.1268733E-01    0.4649985E-01   -0.8066457E-04   -0.1847328E+00   -0.1177936E+00   -0.7713686E-01    0.1593591E-01   -0.4493647E-04   -0.1068519E-03   -0.3528166E-03   -0.1363713E-03   -0.4328459E-03   -0.7552428E-03    0.3441142E-02    0.8116242E-02    0.2313253E-01    0.1318466E-01    0.3964161E-01    0.1001507E+00    0.1437570E-04   -0.1072188E-04
   -0.2830056E-07   -0.4294147E-07   -0.6997667E-08    0.1245578E-06    0.2951400E-05   -0.8448037E-06    0.2072652E-06    0.3420819E-03    0.1295730E-03   -0.2309811E-03   -0.1262971E-02   -0.1081415E-03   -0.9738381E-03   -0.1199975E-02    0.1619938E-03   -0.1271347E-01    0.2939886E-02    0.2539825E-02    0.2431014E-02    0.5096397E-06    0.3540529E-06    0.2942524E-06    0.2261381E-06    0.5821651E-06    0.7828827E-06   -0.6971713E-06    0.7207763E-05    0.7071905E-05    0.2315460E-05    0.6170063E-05    0.1437570E-04    0.2255190E-05    0.9130381E-08
    0.7711072E-08   -0.4861557E-07   -0.6875054E-08    0.3434388E-06    0.4335191E-05    0.5851077E-06    0.3187518E-06   -0.2812642E-02   -0.1182432E-03    0.1535959E-03   -0.2861515E-02   -0.6489443E-03    0.1798332E-02    0.5502390E-02    0.1253533E-03   -0.5392909E-04    0.1632966E-03   -0.4605855E-02   -0.8914663E-02    0.1704445E-06    0.1716682E-06    0.2855972E-06    0.8774677E-08    0.2737271E-06    0.5767606E-06   -0.1108246E-05   -0.3170350E-05   -0.4521177E-05   -0.3097988E-05   -0.7080516E-05   -0.1072188E-04    0.9130381E-08    0.1248480E-05
