# omegabh2 omegach2 theta tau nnu ns logA r aps100 aps143 aps217 acib143 acib217 asz143 psr cibr ncib cal0 cal2 xi aksz bm_1_1 a_ps_act_148 a_ps_act_217 a_ps_spt_95 a_ps_spt_150 a_ps_spt_220 r_ps_spt_95x150 r_ps_spt_95x220 r_ps_150x220 act_dust_s act_dust_e cal_acts_148 cal_acts_217 cal_acte_148 cal_acte_217 cal_spt_95 cal_spt_150 cal_spt_220
    0.1716966E-06    0.8316581E-06   -0.2084960E-07    0.2648044E-05    0.1107005E-03    0.5454901E-05    0.7182809E-05    0.2832555E-05    0.1356482E-02    0.2840808E-03    0.1587083E-03    0.2986114E-05   -0.1191009E-04   -0.1249407E-04    0.9393800E-06    0.4299267E-07   -0.5205642E-06    0.8835132E-09   -0.9717872E-12    0.5583798E-05    0.5002773E-04    0.8114527E-05   -0.3427675E-06   -0.5311841E-04   -0.1756937E-04   -0.5062204E-05   -0.2995533E-04    0.8355008E-06    0.1754450E-05    0.2138334E-06   -0.5257464E-06    0.2666154E-06   -0.5635947E-07   -0.1831302E-06   -0.1034497E-06   -0.1774433E-06   -0.2085838E-06   -0.2484465E-06   -0.5062872E-07
    0.8316581E-06    0.2439428E-04   -0.1993024E-05    0.1052921E-04    0.1468968E-02    0.4144647E-04    0.7486308E-04   -0.2836900E-05    0.3039975E-01    0.1625563E-01    0.1469522E-01    0.1121327E-04   -0.1577705E-02   -0.3694336E-03    0.3098077E-04    0.6946639E-05   -0.3222582E-04   -0.6915137E-07    0.1601442E-06    0.1282765E-03    0.1208755E-02    0.4523322E-03   -0.1408367E-03   -0.1323975E-02   -0.5250234E-03   -0.3885862E-03   -0.1604778E-02    0.1554994E-04    0.3621698E-04    0.3693422E-05    0.9099740E-05    0.9696851E-05   -0.8146174E-05   -0.1049767E-04   -0.7881364E-05   -0.9521980E-05   -0.1595525E-04   -0.1531257E-04   -0.1174381E-04
   -0.2084960E-07   -0.1993024E-05    0.4580458E-06   -0.2848671E-06   -0.1096713E-03   -0.2244908E-05   -0.4729028E-05    0.5885330E-06   -0.2184640E-02   -0.1395222E-02   -0.1274973E-02   -0.4287682E-05    0.1045993E-03    0.1968713E-04   -0.2743067E-05   -0.8123381E-06    0.2661474E-05    0.5434026E-08   -0.1645148E-07   -0.8144948E-05   -0.6852931E-04   -0.3425396E-04    0.1433109E-04    0.1220650E-03    0.3506826E-04    0.3378988E-04    0.1596397E-03   -0.1227868E-05   -0.2019397E-05    0.8967558E-08   -0.5040251E-06   -0.3263058E-06    0.7663634E-06    0.9192355E-06    0.7038310E-06    0.8254502E-06    0.1360875E-05    0.1324837E-05    0.1184396E-05
    0.2648044E-05    0.1052921E-04   -0.2848671E-06    0.2248047E-03    0.1902881E-02    0.1076436E-03    0.4686050E-03   -0.2330803E-04   -0.1083064E-02    0.6463300E-03   -0.1083528E-02   -0.5920274E-04    0.1467421E-02   -0.8351247E-04    0.2334402E-04   -0.6948513E-05    0.1659225E-04   -0.6102258E-07   -0.4275895E-06   -0.2339604E-04   -0.2949028E-03   -0.9582963E-04    0.5612003E-04   -0.2351188E-02    0.2092007E-03    0.1841224E-05   -0.7516962E-03   -0.1136024E-04   -0.6014823E-05    0.1921660E-05    0.1823368E-04   -0.1345784E-04   -0.5067171E-06   -0.3310485E-05   -0.1375298E-05   -0.3736512E-05    0.6392046E-07   -0.2000665E-05   -0.5209351E-06
    0.1107005E-03    0.1468968E-02   -0.1096713E-03    0.1902881E-02    0.1285442E+00    0.5045526E-02    0.7000788E-02    0.1772438E-02    0.2175742E+01    0.1172951E+01    0.9950011E+00    0.1344729E-02   -0.1113942E+00   -0.2851342E-01    0.2487562E-02    0.5093182E-03   -0.2519689E-02   -0.2927089E-05    0.5998126E-05    0.1088616E-01    0.1044234E+00    0.2455950E-01   -0.1006591E-01   -0.1016890E+00   -0.4258977E-01   -0.2724549E-01   -0.1030459E+00    0.1230963E-02    0.2864193E-02    0.3239588E-03    0.1478630E-03    0.8982446E-03   -0.5411165E-03   -0.7291512E-03   -0.5552908E-03   -0.6813316E-03   -0.1112739E-02   -0.1065399E-02   -0.7517551E-03
    0.5454901E-05    0.4144647E-04   -0.2244908E-05    0.1076436E-03    0.5045526E-02    0.2498638E-03    0.3004545E-03    0.1415658E-03    0.3992649E-01    0.2646480E-01    0.2213484E-01    0.7598438E-04   -0.1782980E-02   -0.4219423E-03    0.6961163E-04    0.8672422E-05   -0.4668991E-04   -0.9009861E-07    0.4684640E-06    0.2663060E-03    0.2727105E-02    0.6097127E-03   -0.3450370E-03   -0.3812648E-02   -0.1366495E-02   -0.8236679E-03   -0.3319722E-02    0.3362543E-04    0.8638395E-04    0.1310136E-04   -0.9894964E-05    0.3315157E-04   -0.1099489E-04   -0.1887725E-04   -0.1265793E-04   -0.1863843E-04   -0.2750111E-04   -0.2699615E-04   -0.1933292E-04
    0.7182809E-05    0.7486308E-04   -0.4729028E-05    0.4686050E-03    0.7000788E-02    0.3004545E-03    0.1101754E-02   -0.6403903E-04    0.6634789E-01    0.3431294E-01    0.2906371E-01   -0.1435771E-03    0.8184420E-04   -0.7996714E-03    0.1091865E-03   -0.1603710E-06   -0.1873360E-04   -0.2190176E-06    0.1312678E-06    0.1721271E-03    0.1622969E-02    0.1353840E-02   -0.2081450E-03   -0.7867443E-02   -0.6708488E-03   -0.8729995E-03   -0.5330789E-02    0.2049334E-05    0.5462309E-04    0.1120273E-04    0.5521254E-04   -0.6277827E-06   -0.1763601E-04   -0.2945657E-04   -0.1859572E-04   -0.2777038E-04   -0.3310535E-04   -0.3720112E-04   -0.2502794E-04
    0.2832555E-05   -0.2836900E-05    0.5885330E-06   -0.2330803E-04    0.1772438E-02    0.1415658E-03   -0.6403903E-04    0.1347661E-02   -0.1203325E-04   -0.2946790E-02   -0.1273191E-02    0.9404418E-03    0.1068749E-02    0.1161212E-02   -0.4194059E-04    0.3981094E-04   -0.2961905E-05    0.1863761E-06    0.1001126E-06    0.2136235E-04   -0.9346264E-03   -0.3255338E-03    0.3192528E-03   -0.6812297E-03   -0.7000164E-03   -0.1623392E-03    0.8287298E-03    0.6623988E-04    0.1006455E-03   -0.2106166E-04   -0.7488388E-04    0.9234728E-04    0.7602452E-05    0.6031418E-05    0.3592990E-05   -0.4532132E-06   -0.4741437E-06    0.1269628E-05    0.8331559E-05
    0.1356482E-02    0.3039975E-01   -0.2184640E-02   -0.1083064E-02    0.2175742E+01    0.3992649E-01    0.6634789E-01   -0.1203325E-04    0.2764793E+04    0.9653918E+02    0.3470196E+02   -0.4518770E-01    0.2689821E+01   -0.9740873E+01    0.1179064E-01   -0.4922080E-01    0.9694896E-01    0.7562464E-03   -0.3706956E-02    0.1017329E+01    0.8988481E+01    0.1956873E+02   -0.4344891E+00   -0.9762898E+01    0.3846463E+01   -0.1570991E+01   -0.3135411E+01   -0.8924970E-01   -0.2590818E+00   -0.5178896E-01   -0.7329046E-01    0.6050360E-02   -0.3116927E-01   -0.9788039E-02   -0.3585279E-01   -0.1286794E-01   -0.7573191E-01   -0.4509399E-01   -0.8125480E-02
    0.2840808E-03    0.1625563E-01   -0.1395222E-02    0.6463300E-03    0.1172951E+01    0.2646480E-01    0.3431294E-01   -0.2946790E-02    0.9653918E+02    0.7445453E+02    0.2716890E+02    0.1021344E+00   -0.1814624E+01   -0.2066293E+01    0.5170517E-01    0.2463101E-01   -0.6509658E-01   -0.6245265E-04   -0.5327113E-03    0.2696180E+00    0.1483002E+01    0.2039139E+00    0.1623192E+00   -0.1593706E+01    0.4627751E+00   -0.4624143E+00   -0.1344264E+01    0.1157631E-01   -0.3146810E-01   -0.2711780E-01    0.5683432E-02    0.3022636E-01   -0.1792183E-01   -0.1460859E-01   -0.1778235E-01   -0.1289280E-01   -0.3509886E-01   -0.2654974E-01   -0.1494183E-01
    0.1587083E-03    0.1469522E-01   -0.1274973E-02   -0.1083528E-02    0.9950011E+00    0.2213484E-01    0.2906371E-01   -0.1273191E-02    0.3470196E+02    0.2716890E+02    0.1020628E+03   -0.8876166E+00   -0.3572297E+02    0.6675184E+00   -0.3023633E+00   -0.1108962E-01   -0.4235438E+00   -0.4269327E-04    0.1577227E-03    0.1186185E+00    0.1225358E+01    0.2554645E+00    0.3121390E+00    0.1920276E+02   -0.1321833E+01    0.5411337E+00    0.9892016E+01   -0.2100591E-01   -0.2310090E-01    0.1346369E-02    0.2078193E-01    0.1572171E-01   -0.1132838E-01   -0.3435809E-01   -0.9133105E-02   -0.3604004E-01   -0.1640349E-01   -0.1990659E-01   -0.6440677E-01
    0.2986114E-05    0.1121327E-04   -0.4287682E-05   -0.5920274E-04    0.1344729E-02    0.7598438E-04   -0.1435771E-03    0.9404418E-03   -0.4518770E-01    0.1021344E+00   -0.8876166E+00    0.6497493E+00    0.1113819E+01    0.4905044E+00   -0.7949317E-04   -0.1777857E-02   -0.1630607E-04    0.2615771E-05    0.1311162E-04    0.1094092E-01   -0.7976026E+00    0.3766061E-03    0.3347886E-01   -0.2560340E+00   -0.1362188E+00   -0.4550118E-01   -0.1397308E+00    0.4741197E-01    0.4659447E-01   -0.5296235E-02   -0.1268052E-02   -0.4509445E-02    0.1226549E-03    0.2651252E-03    0.4884306E-04    0.3057111E-03   -0.5811892E-03    0.6464855E-03    0.1732814E-02
   -0.1191009E-04   -0.1577705E-02    0.1045993E-03    0.1467421E-02   -0.1113942E+00   -0.1782980E-02    0.8184420E-04    0.1068749E-02    0.2689821E+01   -0.1814624E+01   -0.3572297E+02    0.1113819E+01    0.2381141E+02    0.1674418E+01    0.1789401E+00    0.1479978E-01    0.3193105E+00    0.4804357E-05   -0.2250392E-04   -0.4140496E+00   -0.4258662E+01    0.1351591E+00   -0.5773766E+00   -0.1508467E+02    0.2247355E+00   -0.9661140E+00   -0.1052268E+02    0.4246403E-01    0.4215738E-01   -0.1087052E-01   -0.2499165E-02   -0.1105924E-01    0.1715961E-03    0.6819565E-02   -0.1346092E-02    0.8460794E-02    0.1076685E-02   -0.3577898E-04    0.2164879E-01
   -0.1249407E-04   -0.3694336E-03    0.1968713E-04   -0.8351247E-04   -0.2851342E-01   -0.4219423E-03   -0.7996714E-03    0.1161212E-02   -0.9740873E+01   -0.2066293E+01    0.6675184E+00    0.4905044E+00    0.1674418E+01    0.1776675E+01    0.1294533E-01    0.1431343E-01    0.1576751E-01    0.4852453E-05   -0.4843218E-04   -0.1964569E+00   -0.2199267E+01    0.3549380E-01   -0.1296436E+00   -0.8498866E+00   -0.6232869E+00   -0.1404832E+00   -0.1276989E+01    0.3598685E-01    0.5768655E-01   -0.2150893E-02   -0.2117753E-02   -0.2905997E-02    0.5801224E-03   -0.2801916E-02    0.4920505E-03   -0.2650236E-02    0.3601547E-02    0.7282735E-03   -0.2508920E-02
    0.9393800E-06    0.3098077E-04   -0.2743067E-05    0.2334402E-04    0.2487562E-02    0.6961163E-04    0.1091865E-03   -0.4194059E-04    0.1179064E-01    0.5170517E-01   -0.3023633E+00   -0.7949317E-04    0.1789401E+00    0.1294533E-01    0.4232701E-02   -0.1078370E-03    0.1665208E-02   -0.2648805E-06    0.6637775E-06   -0.9830010E-03   -0.1184425E-01    0.1366506E-04   -0.7703634E-03   -0.1297353E+00   -0.7637653E-02   -0.2626504E-02   -0.8673112E-01    0.2374962E-03    0.1256767E-02    0.3609695E-03    0.1202787E-03    0.2210672E-03   -0.4078211E-04   -0.1267537E-04   -0.5377133E-04    0.1222747E-04   -0.1008920E-04   -0.6069472E-04    0.1447089E-03
    0.4299267E-07    0.6946639E-05   -0.8123381E-06   -0.6948513E-05    0.5093182E-03    0.8672422E-05   -0.1603710E-06    0.3981094E-04   -0.4922080E-01    0.2463101E-01   -0.1108962E-01   -0.1777857E-02    0.1479978E-01    0.1431343E-01   -0.1078370E-03    0.2092703E-02   -0.2080079E-03    0.9859332E-07    0.9082688E-06   -0.2277218E-03   -0.7938299E-02    0.2697275E-03    0.5049496E-02    0.2421992E-02   -0.8638724E-02    0.2724022E-02    0.1994945E-02    0.1307359E-03    0.1237410E-02   -0.3864026E-03   -0.7982737E-04   -0.4421646E-04   -0.1565507E-05    0.2344129E-04   -0.6138789E-05    0.2025818E-04    0.3212129E-04   -0.4604218E-05    0.4223834E-04
   -0.5205642E-06   -0.3222582E-04    0.2661474E-05    0.1659225E-04   -0.2519689E-02   -0.4668991E-04   -0.1873360E-04   -0.2961905E-05    0.9694896E-01   -0.6509658E-01   -0.4235438E+00   -0.1630607E-04    0.3193105E+00    0.1576751E-01    0.1665208E-02   -0.2080079E-03    0.6553148E-02   -0.3698798E-08   -0.5720909E-05   -0.5620166E-02   -0.3536089E-01    0.5389469E-02   -0.1158080E-01   -0.2533555E+00    0.3319804E-02   -0.1414490E-01   -0.1947685E+00   -0.4020258E-03    0.5930953E-04    0.2912313E-03   -0.7607287E-04   -0.7131813E-04    0.2293078E-04    0.2530604E-04    0.3523786E-05    0.4846906E-04    0.1037312E-03    0.8965389E-05    0.1824737E-03
    0.8835132E-09   -0.6915137E-07    0.5434026E-08   -0.6102258E-07   -0.2927089E-05   -0.9009861E-07   -0.2190176E-06    0.1863761E-06    0.7562464E-03   -0.6245265E-04   -0.4269327E-04    0.2615771E-05    0.4804357E-05    0.4852453E-05   -0.2648805E-06    0.9859332E-07   -0.3698798E-08    0.1605410E-06    0.4502848E-08   -0.4552878E-06   -0.7144853E-05   -0.1755514E-04   -0.1805821E-05    0.1622972E-04   -0.1923961E-05   -0.5882449E-06    0.5168321E-05    0.1068100E-06    0.7008978E-07   -0.3738620E-08   -0.5262738E-06    0.9131305E-07    0.3496333E-07    0.3538239E-07    0.2192711E-07    0.5384328E-07   -0.3457370E-07    0.6553102E-08   -0.8726839E-07
   -0.9717872E-12    0.1601442E-06   -0.1645148E-07   -0.4275895E-06    0.5998126E-05    0.4684640E-06    0.1312678E-06    0.1001126E-06   -0.3706956E-02   -0.5327113E-03    0.1577227E-03    0.1311162E-04   -0.2250392E-04   -0.4843218E-04    0.6637775E-06    0.9082688E-06   -0.5720909E-05    0.4502848E-08    0.1797811E-05    0.5668368E-05    0.2456786E-04    0.1035088E-03    0.2928884E-04    0.2830276E-03    0.4979678E-04    0.2330711E-04    0.2534152E-03   -0.6262668E-06   -0.2418035E-05   -0.1222635E-05    0.9303090E-06    0.1531113E-05    0.5085378E-06    0.1025917E-05    0.4600180E-06    0.9705395E-06    0.3265045E-06    0.3091723E-06    0.9800986E-06
    0.5583798E-05    0.1282765E-03   -0.8144948E-05   -0.2339604E-04    0.1088616E-01    0.2663060E-03    0.1721271E-03    0.2136235E-04    0.1017329E+01    0.2696180E+00    0.1186185E+00    0.1094092E-01   -0.4140496E+00   -0.1964569E+00   -0.9830010E-03   -0.2277218E-03   -0.5620166E-02   -0.4552878E-06    0.5668368E-05    0.7023687E-01    0.4002688E+00   -0.4605660E-02    0.6858038E-01    0.1892580E+00    0.2313716E-02    0.6162708E-01    0.2431266E+00    0.5371710E-02    0.1038068E-01    0.1241054E-02    0.8974590E-04    0.3072062E-03   -0.2460001E-04    0.2346318E-03   -0.4709537E-05    0.2181280E-03   -0.3191250E-03    0.1123933E-03    0.5007911E-03
    0.5002773E-04    0.1208755E-02   -0.6852931E-04   -0.2949028E-03    0.1044234E+00    0.2727105E-02    0.1622969E-02   -0.9346264E-03    0.8988481E+01    0.1483002E+01    0.1225358E+01   -0.7976026E+00   -0.4258662E+01   -0.2199267E+01   -0.1184425E-01   -0.7938299E-02   -0.3536089E-01   -0.7144853E-05    0.2456786E-04    0.4002688E+00    0.4474151E+01   -0.2139274E-01    0.1754736E+00    0.1558206E+01    0.1252769E+00    0.3106627E+00    0.2031280E+01   -0.3357616E-01   -0.7235979E-02    0.1917939E-01   -0.1390429E-02   -0.2636693E-03    0.1017130E-03    0.2472701E-02    0.2977236E-03    0.2349811E-02   -0.1049223E-02    0.4648255E-03    0.2649828E-02
    0.8114527E-05    0.4523322E-03   -0.3425396E-04   -0.9582963E-04    0.2455950E-01    0.6097127E-03    0.1353840E-02   -0.3255338E-03    0.1956873E+02    0.2039139E+00    0.2554645E+00    0.3766061E-03    0.1351591E+00    0.3549380E-01    0.1366506E-04    0.2697275E-03    0.5389469E-02   -0.1755514E-04    0.1035088E-03   -0.4605660E-02   -0.2139274E-01    0.3087459E+00   -0.1265848E-01   -0.1853427E+00   -0.1830700E-01   -0.1973424E-01   -0.1593723E+00   -0.1510716E-03    0.1416729E-02    0.3572315E-03   -0.3091360E-03    0.3788869E-03    0.8039407E-04   -0.1776114E-03    0.2594390E-04   -0.2129661E-03    0.7827676E-04   -0.8854075E-04   -0.6881030E-04
   -0.3427675E-06   -0.1408367E-03    0.1433109E-04    0.5612003E-04   -0.1006591E-01   -0.3450370E-03   -0.2081450E-03    0.3192528E-03   -0.4344891E+00    0.1623192E+00    0.3121390E+00    0.3347886E-01   -0.5773766E+00   -0.1296436E+00   -0.7703634E-03    0.5049496E-02   -0.1158080E-01   -0.1805821E-05    0.2928884E-04    0.6858038E-01    0.1754736E+00   -0.1265848E-01    0.3506590E+00    0.3644393E+00    0.5076132E-01    0.1654777E+00    0.6299947E+00    0.1038718E-01    0.1434206E-01   -0.4397266E-02   -0.3012279E-02   -0.2405470E-02    0.6629314E-03    0.6504124E-04    0.7664516E-03    0.8608331E-04   -0.4112500E-03    0.1037456E-03    0.1318465E-02
   -0.5311841E-04   -0.1323975E-02    0.1220650E-03   -0.2351188E-02   -0.1016890E+00   -0.3812648E-02   -0.7867443E-02   -0.6812297E-03   -0.9762898E+01   -0.1593706E+01    0.1920276E+02   -0.2560340E+00   -0.1508467E+02   -0.8498866E+00   -0.1297353E+00    0.2421992E-02   -0.2533555E+00    0.1622972E-04    0.2830276E-03    0.1892580E+00    0.1558206E+01   -0.1853427E+00    0.3644393E+00    0.1943546E+02    0.8693259E-01    0.6385866E+00    0.8775326E+01   -0.8152106E-02   -0.4677323E-01   -0.1390323E-01    0.1412427E-01    0.1211912E-01    0.1540732E-02    0.2110218E-01    0.2495468E-02    0.1365600E-01    0.3303247E-03    0.2904626E-02   -0.9200391E-02
   -0.1756937E-04   -0.5250234E-03    0.3506826E-04    0.2092007E-03   -0.4258977E-01   -0.1366495E-02   -0.6708488E-03   -0.7000164E-03    0.3846463E+01    0.4627751E+00   -0.1321833E+01   -0.1362188E+00    0.2247355E+00   -0.6232869E+00   -0.7637653E-02   -0.8638724E-02    0.3319804E-02   -0.1923961E-05    0.4979678E-04    0.2313716E-02    0.1252769E+00   -0.1830700E-01    0.5076132E-01    0.8693259E-01    0.2046670E+01    0.1727390E-01    0.3180344E+00   -0.8273166E-01   -0.9887569E-01   -0.5204382E-02    0.4221471E-02    0.2834112E-02   -0.1582686E-03    0.1377538E-02   -0.2880449E-03    0.1432531E-02    0.8741777E-03    0.2808002E-03    0.1502714E-02
   -0.5062204E-05   -0.3885862E-03    0.3378988E-04    0.1841224E-05   -0.2724549E-01   -0.8236679E-03   -0.8729995E-03   -0.1623392E-03   -0.1570991E+01   -0.4624143E+00    0.5411337E+00   -0.4550118E-01   -0.9661140E+00   -0.1404832E+00   -0.2626504E-02    0.2724022E-02   -0.1414490E-01   -0.5882449E-06    0.2330711E-04    0.6162708E-01    0.3106627E+00   -0.1973424E-01    0.1654777E+00    0.6385866E+00    0.1727390E-01    0.2605808E+00    0.5726311E+00    0.4707564E-02    0.1285960E-01    0.3358142E-03    0.1029476E-02    0.2205079E-02    0.2675923E-03    0.1056835E-03    0.3077610E-03    0.5553969E-04    0.5599632E-03    0.4169883E-03    0.1447632E-06
   -0.2995533E-04   -0.1604778E-02    0.1596397E-03   -0.7516962E-03   -0.1030459E+00   -0.3319722E-02   -0.5330789E-02    0.8287298E-03   -0.3135411E+01   -0.1344264E+01    0.9892016E+01   -0.1397308E+00   -0.1052268E+02   -0.1276989E+01   -0.8673112E-01    0.1994945E-02   -0.1947685E+00    0.5168321E-05    0.2534152E-03    0.2431266E+00    0.2031280E+01   -0.1593723E+00    0.6299947E+00    0.8775326E+01    0.3180344E+00    0.5726311E+00    0.1902037E+02   -0.6088425E-02   -0.7333874E-01   -0.2587360E-01   -0.1847976E-02   -0.7292756E-02    0.1904752E-02    0.3154521E-02    0.2038074E-02    0.2220196E-02    0.2315502E-03    0.5367607E-02    0.2813514E-01
    0.8355008E-06    0.1554994E-04   -0.1227868E-05   -0.1136024E-04    0.1230963E-02    0.3362543E-04    0.2049334E-05    0.6623988E-04   -0.8924970E-01    0.1157631E-01   -0.2100591E-01    0.4741197E-01    0.4246403E-01    0.3598685E-01    0.2374962E-03    0.1307359E-03   -0.4020258E-03    0.1068100E-06   -0.6262668E-06    0.5371710E-02   -0.3357616E-01   -0.1510716E-03    0.1038718E-01   -0.8152106E-02   -0.8273166E-01    0.4707564E-02   -0.6088425E-02    0.8240220E-02    0.7891698E-02   -0.2109596E-03   -0.6632815E-04   -0.2411771E-03    0.1211575E-04   -0.1089357E-04    0.8060738E-05   -0.1279531E-04   -0.8154046E-04    0.3351243E-04    0.9470617E-04
    0.1754450E-05    0.3621698E-04   -0.2019397E-05   -0.6014823E-05    0.2864193E-02    0.8638395E-04    0.5462309E-04    0.1006455E-03   -0.2590818E+00   -0.3146810E-01   -0.2310090E-01    0.4659447E-01    0.4215738E-01    0.5768655E-01    0.1256767E-02    0.1237410E-02    0.5930953E-04    0.7008978E-07   -0.2418035E-05    0.1038068E-01   -0.7235979E-02    0.1416729E-02    0.1434206E-01   -0.4677323E-01   -0.9887569E-01    0.1285960E-01   -0.7333874E-01    0.7891698E-02    0.1448807E-01    0.5126094E-03   -0.5730166E-04   -0.1140200E-03    0.2601108E-04   -0.9324098E-04    0.1651938E-04   -0.7378574E-04    0.3343582E-04    0.7370984E-04   -0.1265601E-03
    0.2138334E-06    0.3693422E-05    0.8967558E-08    0.1921660E-05    0.3239588E-03    0.1310136E-04    0.1120273E-04   -0.2106166E-04   -0.5178896E-01   -0.2711780E-01    0.1346369E-02   -0.5296235E-02   -0.1087052E-01   -0.2150893E-02    0.3609695E-03   -0.3864026E-03    0.2912313E-03   -0.3738620E-08   -0.1222635E-05    0.1241054E-02    0.1917939E-01    0.3572315E-03   -0.4397266E-02   -0.1390323E-01   -0.5204382E-02    0.3358142E-03   -0.2587360E-01   -0.2109596E-03    0.5126094E-03    0.5407854E-03    0.4795044E-04    0.1275120E-03    0.4342256E-05   -0.2574397E-04    0.6096177E-05   -0.2162899E-04    0.4955056E-04    0.1232354E-04   -0.8029487E-04
   -0.5257464E-06    0.9099740E-05   -0.5040251E-06    0.1823368E-04    0.1478630E-03   -0.9894964E-05    0.5521254E-04   -0.7488388E-04   -0.7329046E-01    0.5683432E-02    0.2078193E-01   -0.1268052E-02   -0.2499165E-02   -0.2117753E-02    0.1202787E-03   -0.7982737E-04   -0.7607287E-04   -0.5262738E-06    0.9303090E-06    0.8974590E-04   -0.1390429E-02   -0.3091360E-03   -0.3012279E-02    0.1412427E-01    0.4221471E-02    0.1029476E-02   -0.1847976E-02   -0.6632815E-04   -0.5730166E-04    0.4795044E-04    0.3567013E-01    0.6877911E-03    0.1223212E-03    0.1393738E-03   -0.3502145E-04    0.1881313E-04    0.2497896E-04   -0.3188323E-04   -0.2791320E-04
    0.2666154E-06    0.9696851E-05   -0.3263058E-06   -0.1345784E-04    0.8982446E-03    0.3315157E-04   -0.6277827E-06    0.9234728E-04    0.6050360E-02    0.3022636E-01    0.1572171E-01   -0.4509445E-02   -0.1105924E-01   -0.2905997E-02    0.2210672E-03   -0.4421646E-04   -0.7131813E-04    0.9131305E-07    0.1531113E-05    0.3072062E-03   -0.2636693E-03    0.3788869E-03   -0.2405470E-02    0.1211912E-01    0.2834112E-02    0.2205079E-02   -0.7292756E-02   -0.2411771E-03   -0.1140200E-03    0.1275120E-03    0.6877911E-03    0.3905007E-01   -0.3811855E-04    0.2238405E-05    0.1572558E-03    0.1069925E-03   -0.4356479E-04   -0.1836307E-04   -0.7836515E-04
   -0.5635947E-07   -0.8146174E-05    0.7663634E-06   -0.5067171E-06   -0.5411165E-03   -0.1099489E-04   -0.1763601E-04    0.7602452E-05   -0.3116927E-01   -0.1792183E-01   -0.1132838E-01    0.1226549E-03    0.1715961E-03    0.5801224E-03   -0.4078211E-04   -0.1565507E-05    0.2293078E-04    0.3496333E-07    0.5085378E-06   -0.2460001E-04    0.1017130E-03    0.8039407E-04    0.6629314E-03    0.1540732E-02   -0.1582686E-03    0.2675923E-03    0.1904752E-02    0.1211575E-04    0.2601108E-04    0.4342256E-05    0.1223212E-03   -0.3811855E-04    0.5466329E-04    0.1053997E-04    0.1359488E-04    0.9882545E-05    0.1748193E-04    0.1355489E-04    0.1063516E-04
   -0.1831302E-06   -0.1049767E-04    0.9192355E-06   -0.3310485E-05   -0.7291512E-03   -0.1887725E-04   -0.2945657E-04    0.6031418E-05   -0.9788039E-02   -0.1460859E-01   -0.3435809E-01    0.2651252E-03    0.6819565E-02   -0.2801916E-02   -0.1267537E-04    0.2344129E-04    0.2530604E-04    0.3538239E-07    0.1025917E-05    0.2346318E-03    0.2472701E-02   -0.1776114E-03    0.6504124E-04    0.2110218E-01    0.1377538E-02    0.1056835E-03    0.3154521E-02   -0.1089357E-04   -0.9324098E-04   -0.2574397E-04    0.1393738E-03    0.2238405E-05    0.1053997E-04    0.1774370E-03    0.9968647E-05    0.6725835E-04    0.1126292E-04    0.1525531E-04    0.3576457E-04
   -0.1034497E-06   -0.7881364E-05    0.7038310E-06   -0.1375298E-05   -0.5552908E-03   -0.1265793E-04   -0.1859572E-04    0.3592990E-05   -0.3585279E-01   -0.1778235E-01   -0.9133105E-02    0.4884306E-04   -0.1346092E-02    0.4920505E-03   -0.5377133E-04   -0.6138789E-05    0.3523786E-05    0.2192711E-07    0.4600180E-06   -0.4709537E-05    0.2977236E-03    0.2594390E-04    0.7664516E-03    0.2495468E-02   -0.2880449E-03    0.3077610E-03    0.2038074E-02    0.8060738E-05    0.1651938E-04    0.6096177E-05   -0.3502145E-04    0.1572558E-03    0.1359488E-04    0.9968647E-05    0.5281423E-04    0.1045694E-04    0.1624574E-04    0.1387771E-04    0.7789217E-05
   -0.1774433E-06   -0.9521980E-05    0.8254502E-06   -0.3736512E-05   -0.6813316E-03   -0.1863843E-04   -0.2777038E-04   -0.4532132E-06   -0.1286794E-01   -0.1289280E-01   -0.3604004E-01    0.3057111E-03    0.8460794E-02   -0.2650236E-02    0.1222747E-04    0.2025818E-04    0.4846906E-04    0.5384328E-07    0.9705395E-06    0.2181280E-03    0.2349811E-02   -0.2129661E-03    0.8608331E-04    0.1365600E-01    0.1432531E-02    0.5553969E-04    0.2220196E-02   -0.1279531E-04   -0.7378574E-04   -0.2162899E-04    0.1881313E-04    0.1069925E-03    0.9882545E-05    0.6725835E-04    0.1045694E-04    0.1076352E-03    0.6621649E-05    0.1396358E-04    0.3412756E-04
   -0.2085838E-06   -0.1595525E-04    0.1360875E-05    0.6392046E-07   -0.1112739E-02   -0.2750111E-04   -0.3310535E-04   -0.4741437E-06   -0.7573191E-01   -0.3509886E-01   -0.1640349E-01   -0.5811892E-03    0.1076685E-02    0.3601547E-02   -0.1008920E-04    0.3212129E-04    0.1037312E-03   -0.3457370E-07    0.3265045E-06   -0.3191250E-03   -0.1049223E-02    0.7827676E-04   -0.4112500E-03    0.3303247E-03    0.8741777E-03    0.5599632E-03    0.2315502E-03   -0.8154046E-04    0.3343582E-04    0.4955056E-04    0.2497896E-04   -0.4356479E-04    0.1748193E-04    0.1126292E-04    0.1624574E-04    0.6621649E-05    0.3862109E-03    0.3874230E-04    0.1187962E-04
   -0.2484465E-06   -0.1531257E-04    0.1324837E-05   -0.2000665E-05   -0.1065399E-02   -0.2699615E-04   -0.3720112E-04    0.1269628E-05   -0.4509399E-01   -0.2654974E-01   -0.1990659E-01    0.6464855E-03   -0.3577898E-04    0.7282735E-03   -0.6069472E-04   -0.4604218E-05    0.8965389E-05    0.6553102E-08    0.3091723E-06    0.1123933E-03    0.4648255E-03   -0.8854075E-04    0.1037456E-03    0.2904626E-02    0.2808002E-03    0.4169883E-03    0.5367607E-02    0.3351243E-04    0.7370984E-04    0.1232354E-04   -0.3188323E-04   -0.1836307E-04    0.1355489E-04    0.1525531E-04    0.1387771E-04    0.1396358E-04    0.3874230E-04    0.9835052E-04    0.3416480E-04
   -0.5062872E-07   -0.1174381E-04    0.1184396E-05   -0.5209351E-06   -0.7517551E-03   -0.1933292E-04   -0.2502794E-04    0.8331559E-05   -0.8125480E-02   -0.1494183E-01   -0.6440677E-01    0.1732814E-02    0.2164879E-01   -0.2508920E-02    0.1447089E-03    0.4223834E-04    0.1824737E-03   -0.8726839E-07    0.9800986E-06    0.5007911E-03    0.2649828E-02   -0.6881030E-04    0.1318465E-02   -0.9200391E-02    0.1502714E-02    0.1447632E-06    0.2813514E-01    0.9470617E-04   -0.1265601E-03   -0.8029487E-04   -0.2791320E-04   -0.7836515E-04    0.1063516E-04    0.3576457E-04    0.7789217E-05    0.3412756E-04    0.1187962E-04    0.3416480E-04    0.5265700E-03
