# omegabh2 omegach2 theta tau yhe ns logA aps100 aps143 aps217 acib143 acib217 asz143 psr cibr ncib cal0 cal2 xi aksz bm_1_1 bm_1_2 bm_1_3 bm_1_4 bm_1_5 bm_2_1 bm_2_2 bm_2_3 bm_2_4 bm_2_5 bm_3_1 bm_3_2 bm_3_3 bm_3_4 bm_3_5 bm_4_1 bm_4_2 bm_4_3 bm_4_4 bm_4_5
    0.28892E-06   -0.12053E-05    0.64786E-06    0.19233E-04    0.12292E-04    0.10307E-04    0.39032E-04   -0.53348E-03    0.68276E-03    0.48316E-03   -0.23406E-04    0.49037E-04    0.36979E-04    0.16984E-05    0.16316E-05    0.39935E-06    0.17584E-08    0.10238E-07    0.23826E-05    0.12631E-04   -0.16223E-04   -0.15344E-04   -0.33334E-05   -0.68509E-06    0.37292E-05    0.26919E-05    0.60537E-05    0.54972E-05    0.22281E-05    0.60116E-05    0.46480E-05    0.41762E-05    0.89609E-06    0.42764E-05    0.17313E-06    0.42607E-05    0.31481E-05    0.80797E-05   -0.54400E-05    0.46993E-05
   -0.12053E-05    0.92570E-05   -0.27825E-05   -0.10195E-03   -0.45933E-04   -0.51476E-04   -0.19370E-03    0.72650E-02   -0.15234E-02   -0.18861E-02    0.45664E-03    0.37414E-03   -0.13685E-03   -0.69560E-05    0.20308E-05    0.93336E-07   -0.51696E-08    0.23460E-07   -0.13491E-04    0.77487E-04    0.15436E-03   -0.75849E-05   -0.91824E-05    0.31046E-05    0.21355E-05    0.10459E-04   -0.44340E-04   -0.23091E-04    0.45712E-05    0.44368E-05    0.17329E-04   -0.24679E-04    0.63088E-05   -0.13182E-04   -0.20282E-04    0.31320E-04   -0.33033E-04   -0.19639E-04   -0.23738E-05    0.12985E-04
    0.64786E-06   -0.27825E-05    0.20626E-05    0.46631E-04    0.36870E-04    0.27446E-04    0.96818E-04    0.55873E-02    0.38572E-02    0.84736E-03    0.68938E-03    0.12993E-02    0.59749E-04    0.17055E-05    0.29821E-04    0.61263E-05    0.28943E-08    0.10137E-06   -0.33245E-05    0.32011E-03   -0.85918E-05   -0.25348E-04   -0.12139E-04   -0.63175E-06    0.31461E-05   -0.64735E-05    0.12112E-04    0.40634E-05    0.11725E-04    0.11316E-04    0.30551E-04    0.13648E-04    0.18853E-04    0.22843E-05    0.10289E-05    0.14511E-04    0.36949E-05    0.23375E-04    0.59836E-05    0.17320E-04
    0.19233E-04   -0.10195E-03    0.46631E-04    0.21267E-02    0.87059E-03    0.83745E-03    0.42329E-02   -0.21221E+00    0.61591E-01    0.80034E-01   -0.24711E-01   -0.22033E-01   -0.16247E-02    0.26393E-03   -0.73653E-03    0.11672E-03    0.11632E-06   -0.64560E-06    0.38624E-03   -0.66693E-02   -0.12011E-02   -0.45976E-03   -0.40168E-03   -0.18530E-03    0.29895E-03    0.48317E-03    0.13811E-02    0.15894E-03   -0.20758E-03    0.36128E-03   -0.47738E-03    0.16374E-03    0.21836E-03    0.76684E-03    0.36267E-03   -0.75350E-04    0.34001E-03    0.13198E-02   -0.44531E-04    0.27418E-04
    0.12292E-04   -0.45933E-04    0.36870E-04    0.87059E-03    0.81372E-03    0.54183E-03    0.18514E-02    0.16495E+00    0.95251E-01    0.17826E-01    0.20575E-01    0.34951E-01    0.51532E-03    0.19540E-04    0.72471E-03    0.16465E-03    0.86925E-07    0.25570E-05   -0.14098E-03    0.87449E-02   -0.14316E-03   -0.62886E-03   -0.11559E-03   -0.32493E-04    0.41064E-04   -0.22792E-03    0.15407E-03    0.50205E-04    0.17229E-03    0.39164E-03    0.55311E-03    0.88722E-04    0.54606E-03    0.73572E-05    0.23621E-03    0.23841E-03   -0.19613E-03    0.49242E-03   -0.39187E-04    0.36674E-03
    0.10307E-04   -0.51476E-04    0.27446E-04    0.83745E-03    0.54183E-03    0.45880E-03    0.16964E-02   -0.34064E-01    0.54261E-01    0.36340E-01   -0.39118E-02    0.24937E-02   -0.24060E-03    0.11559E-03   -0.61862E-04    0.10779E-03    0.10705E-07    0.83979E-06    0.98366E-04    0.24073E-04   -0.16707E-03   -0.29105E-03   -0.16180E-03   -0.11128E-03    0.71037E-04    0.25508E-03    0.37275E-03    0.51598E-05    0.51699E-04    0.10063E-03    0.24937E-04    0.10467E-03    0.14172E-03    0.13834E-03    0.41045E-04    0.18746E-03    0.98585E-04    0.39913E-03    0.28055E-04    0.14540E-03
    0.39032E-04   -0.19370E-03    0.96818E-04    0.42329E-02    0.18514E-02    0.16964E-02    0.84882E-02   -0.38361E+00    0.15450E+00    0.17120E+00   -0.47694E-01   -0.37673E-01   -0.46233E-02    0.55265E-03   -0.14415E-02    0.31994E-03    0.33767E-06   -0.36292E-06    0.74295E-03   -0.12162E-01   -0.13154E-02   -0.89810E-03   -0.86246E-03   -0.37135E-03    0.63556E-03    0.12470E-02    0.27459E-02    0.21530E-03   -0.35581E-03    0.77917E-03   -0.77227E-03    0.35681E-03    0.54446E-03    0.14497E-02    0.62925E-03    0.21505E-03    0.64728E-03    0.27627E-02   -0.26350E-04    0.20165E-03
   -0.53348E-03    0.72650E-02    0.55873E-02   -0.21221E+00    0.16495E+00   -0.34064E-01   -0.38361E+00    0.28517E+04    0.65182E+02   -0.17955E+03    0.13961E+03    0.13163E+03   -0.72860E+02   -0.12018E+01    0.86087E+00    0.10253E+01    0.77432E-03    0.14947E-02   -0.78136E+00   -0.11914E+02    0.91748E+01   -0.10437E+02   -0.18788E+00    0.32806E+00   -0.50102E+00   -0.54820E+00   -0.49525E+01    0.52231E+00    0.83737E+00   -0.81303E+00    0.11155E+01    0.20475E+00    0.31438E+00   -0.96176E+00   -0.30533E+01    0.55282E+00   -0.57790E+00   -0.30970E+01   -0.48447E+00    0.38231E+01
    0.68276E-03   -0.15234E-02    0.38572E-02    0.61591E-01    0.95251E-01    0.54261E-01    0.15450E+00    0.65182E+02    0.20991E+03    0.69362E+02   -0.33979E+02   -0.10714E+02   -0.92584E+01   -0.17829E+00   -0.12546E+00   -0.16485E+00    0.22340E-03    0.33679E-02    0.12677E+01   -0.11026E+02    0.13716E+01    0.51926E+00    0.28016E-01    0.17591E+00   -0.11135E+00   -0.17592E+01   -0.64177E+00   -0.16600E+00   -0.23606E+00   -0.61922E-01    0.12701E+01    0.16383E+00    0.59137E+00   -0.13028E+00   -0.51087E-01   -0.36636E+00   -0.59279E+00   -0.23473E-01    0.38600E+00    0.17480E-01
    0.48316E-03   -0.18861E-02    0.84736E-03    0.80034E-01    0.17826E-01    0.36340E-01    0.17120E+00   -0.17955E+03    0.69362E+02    0.23229E+03   -0.40336E+02   -0.83626E+02    0.26155E+01   -0.28845E-01   -0.10695E+01   -0.10307E+01    0.11982E-03   -0.47308E-02    0.39604E+00   -0.10966E+02    0.17356E+01    0.10810E+01   -0.35155E+00   -0.23943E+00    0.11167E+00    0.13133E+01    0.35887E+00   -0.44905E+00   -0.22182E+00    0.30566E+00   -0.13207E+01    0.77159E+00   -0.45190E+00    0.72561E+00    0.29092E+00    0.17044E+00    0.10232E+00    0.31428E+00    0.26435E+00   -0.39568E+00
   -0.23406E-04    0.45664E-03    0.68938E-03   -0.24711E-01    0.20575E-01   -0.39118E-02   -0.47694E-01    0.13961E+03   -0.33979E+02   -0.40336E+02    0.29442E+02    0.22591E+02   -0.18083E+01   -0.14232E-01    0.31152E+00    0.19853E+00   -0.11839E-03   -0.70563E-03    0.14894E-01   -0.26723E+00   -0.10648E+01   -0.60081E+00    0.29896E-01    0.21015E-01    0.17244E-01    0.63890E+00    0.12783E+00    0.17016E+00    0.21553E+00    0.93499E-01   -0.28967E+00   -0.14766E+00   -0.74814E-01   -0.49028E-01    0.77832E-01    0.23594E+00    0.22425E+00   -0.48932E-01   -0.18194E+00    0.26369E+00
    0.49037E-04    0.37414E-03    0.12993E-02   -0.22033E-01    0.34951E-01    0.24937E-02   -0.37673E-01    0.13163E+03   -0.10714E+02   -0.83626E+02    0.22591E+02    0.42276E+02   -0.15588E+01    0.57367E-01    0.51035E+00    0.53676E+00   -0.43878E-04    0.21504E-02   -0.23290E+00   -0.33429E+00   -0.67106E+00   -0.57333E+00    0.15085E+00    0.74394E-01   -0.40750E-01   -0.54112E+00   -0.19611E+00    0.13831E+00    0.26273E+00   -0.15084E+00    0.53095E+00   -0.53341E+00    0.21876E+00   -0.43455E+00   -0.16788E+00   -0.68242E-01   -0.11819E+00   -0.16235E+00   -0.57027E-01    0.35950E+00
    0.36979E-04   -0.13685E-03    0.59749E-04   -0.16247E-02    0.51532E-03   -0.24060E-03   -0.46233E-02   -0.72860E+02   -0.92584E+01    0.26155E+01   -0.18083E+01   -0.15588E+01    0.78772E+01    0.46748E-01    0.26000E+00   -0.12083E+00    0.81414E-05   -0.87557E-04   -0.38018E-01    0.35084E-01    0.13883E+00    0.11944E+00    0.52855E-01   -0.13239E-01   -0.21475E-03   -0.69717E-01    0.54247E-01   -0.33670E-01   -0.60083E-01   -0.20850E-01    0.71622E-02   -0.16049E-01   -0.61588E-02   -0.29919E-01    0.23954E-01   -0.37920E-01   -0.41204E-01    0.29555E-01   -0.86318E-02   -0.62198E-01
    0.16984E-05   -0.69560E-05    0.17055E-05    0.26393E-03    0.19540E-04    0.11559E-03    0.55265E-03   -0.12018E+01   -0.17829E+00   -0.28845E-01   -0.14232E-01    0.57367E-01    0.46748E-01    0.70152E-02   -0.62227E-02    0.74472E-02    0.81234E-06   -0.25333E-04    0.38019E-02   -0.17635E-01    0.99446E-02    0.51358E-02    0.14753E-02   -0.22820E-02   -0.61986E-03    0.57259E-02   -0.14211E-02   -0.14982E-02   -0.25086E-02   -0.27107E-03   -0.10143E-01   -0.58115E-03   -0.19195E-02   -0.22918E-02   -0.15549E-02   -0.14496E-02   -0.19875E-02   -0.42794E-02   -0.48516E-02   -0.19456E-02
    0.16316E-05    0.20308E-05    0.29821E-04   -0.73653E-03    0.72471E-03   -0.61862E-04   -0.14415E-02    0.86087E+00   -0.12546E+00   -0.10695E+01    0.31152E+00    0.51035E+00    0.26000E+00   -0.62227E-02    0.42657E-01   -0.11221E-01   -0.15257E-05    0.87102E-04   -0.76283E-03   -0.49555E-02   -0.21176E-01   -0.97519E-02    0.36725E-02    0.45014E-02   -0.97289E-03   -0.25861E-01   -0.62368E-02    0.57479E-02   -0.75891E-03    0.13225E-02    0.36435E-01   -0.91952E-03    0.47609E-02   -0.17081E-02    0.18006E-02    0.44424E-02   -0.19571E-02    0.21020E-02    0.12999E-02    0.22543E-03
    0.39935E-06    0.93336E-07    0.61263E-05    0.11672E-03    0.16465E-03    0.10779E-03    0.31994E-03    0.10253E+01   -0.16485E+00   -0.10307E+01    0.19853E+00    0.53676E+00   -0.12083E+00    0.74472E-02   -0.11221E-01    0.20926E-01    0.62576E-06   -0.19672E-04   -0.21549E-02   -0.60594E-02    0.96954E-02   -0.55795E-02    0.72175E-03   -0.39048E-02   -0.10903E-02    0.43024E-02    0.26251E-02   -0.52694E-02    0.93233E-02   -0.81767E-02   -0.14895E-01   -0.17584E-01    0.51805E-03   -0.14746E-01   -0.10191E-01   -0.63514E-02   -0.39082E-02   -0.18694E-02    0.31976E-02    0.12243E-01
    0.17584E-08   -0.51696E-08    0.28943E-08    0.11632E-06    0.86925E-07    0.10705E-07    0.33767E-06    0.77432E-03    0.22340E-03    0.11982E-03   -0.11839E-03   -0.43878E-04    0.81414E-05    0.81234E-06   -0.15257E-05    0.62576E-06    0.15880E-06    0.12939E-07    0.19258E-07    0.71289E-05   -0.20896E-04   -0.10588E-04    0.22215E-05    0.19166E-05    0.40328E-06    0.58426E-05    0.46847E-05    0.35808E-05    0.75099E-05    0.15175E-05    0.39575E-05   -0.63389E-05    0.17532E-05   -0.17789E-06    0.47593E-05    0.52728E-05    0.50520E-05    0.44461E-05    0.52644E-06    0.48259E-05
    0.10238E-07    0.23460E-07    0.10137E-06   -0.64560E-06    0.25570E-05    0.83979E-06   -0.36292E-06    0.14947E-02    0.33679E-02   -0.47308E-02   -0.70563E-03    0.21504E-02   -0.87557E-04   -0.25333E-04    0.87102E-04   -0.19672E-04    0.12939E-07    0.16797E-05   -0.11610E-04    0.17007E-04    0.87386E-04    0.19736E-04    0.30060E-05    0.71277E-05   -0.16793E-04    0.21097E-03   -0.26797E-05    0.11309E-04    0.24872E-04    0.20495E-04   -0.19057E-03   -0.26086E-04   -0.34098E-04   -0.75757E-05   -0.32358E-04    0.27358E-04    0.35219E-04   -0.33226E-04   -0.39976E-04    0.35159E-04
    0.23826E-05   -0.13491E-04   -0.33245E-05    0.38624E-03   -0.14098E-03    0.98366E-04    0.74295E-03   -0.78136E+00    0.12677E+01    0.39604E+00    0.14894E-01   -0.23290E+00   -0.38018E-01    0.38019E-02   -0.76283E-03   -0.21549E-02    0.19258E-07   -0.11610E-04    0.82178E-01   -0.36078E-03    0.13542E-02    0.19242E-02    0.27047E-02   -0.71592E-03   -0.88439E-03    0.16833E-03    0.27290E-02    0.60061E-02   -0.30471E-02    0.33479E-04   -0.21639E-02   -0.15148E-02    0.15406E-02   -0.93143E-04   -0.14347E-03   -0.28214E-02    0.33054E-02    0.27685E-02   -0.44661E-02   -0.10235E-02
    0.12631E-04    0.77487E-04    0.32011E-03   -0.66693E-02    0.87449E-02    0.24073E-04   -0.12162E-01   -0.11914E+02   -0.11026E+02   -0.10966E+02   -0.26723E+00   -0.33429E+00    0.35084E-01   -0.17635E-01   -0.49555E-02   -0.60594E-02    0.71289E-05    0.17007E-04   -0.36078E-03    0.83096E+01    0.10873E-02    0.14734E-01   -0.15300E-01    0.44783E-02   -0.16548E-01    0.31118E-01    0.33781E-01   -0.25342E-01   -0.17919E-01   -0.93116E-02    0.91661E-02    0.22133E-01    0.90979E-02    0.32533E-02    0.12268E-01    0.32036E-01    0.31652E-02    0.30954E-01    0.14585E-01   -0.45161E-01
   -0.16223E-04    0.15436E-03   -0.85918E-05   -0.12011E-02   -0.14316E-03   -0.16707E-03   -0.13154E-02    0.91748E+01    0.13716E+01    0.17356E+01   -0.10648E+01   -0.67106E+00    0.13883E+00    0.99446E-02   -0.21176E-01    0.96954E-02   -0.20896E-04    0.87386E-04    0.13542E-02    0.10873E-02    0.71189E+00   -0.10766E+00   -0.49337E-02   -0.20254E-02    0.28648E-02    0.19273E+00   -0.49851E-01   -0.55097E-01   -0.16856E-01   -0.78470E-01    0.92033E-02    0.35170E-01   -0.31987E-01   -0.48492E-01   -0.13419E+00    0.15916E+00    0.29457E-01   -0.22980E-01    0.34225E-01    0.66083E-01
   -0.15344E-04   -0.75849E-05   -0.25348E-04   -0.45976E-03   -0.62886E-03   -0.29105E-03   -0.89810E-03   -0.10437E+02    0.51926E+00    0.10810E+01   -0.60081E+00   -0.57333E+00    0.11944E+00    0.51358E-02   -0.97519E-02   -0.55795E-02   -0.10588E-04    0.19736E-04    0.19242E-02    0.14734E-01   -0.10766E+00    0.92602E+00   -0.27596E-02   -0.17006E-02    0.26170E-03   -0.15295E+00    0.19291E+00    0.51597E-01   -0.13019E-01    0.31511E-01   -0.13327E+00    0.21442E-01    0.22403E-01    0.12853E-01    0.16758E+00   -0.23583E+00    0.41678E-01    0.10995E+00    0.27811E-01   -0.20472E+00
   -0.33334E-05   -0.91824E-05   -0.12139E-04   -0.40168E-03   -0.11559E-03   -0.16180E-03   -0.86246E-03   -0.18788E+00    0.28016E-01   -0.35155E+00    0.29896E-01    0.15085E+00    0.52855E-01    0.14753E-02    0.36725E-02    0.72175E-03    0.22215E-05    0.30060E-05    0.27047E-02   -0.15300E-01   -0.49337E-02   -0.27596E-02    0.99420E+00   -0.37713E-02    0.19740E-02   -0.46634E-01   -0.34851E-01    0.17005E+00   -0.17259E-01    0.78174E-01   -0.13486E-01    0.38779E-01   -0.82886E-03   -0.59089E-02    0.11643E+00   -0.60287E-01    0.27392E-01    0.14166E-01   -0.18542E+00    0.93287E-01
   -0.68509E-06    0.31046E-05   -0.63175E-06   -0.18530E-03   -0.32493E-04   -0.11128E-03   -0.37135E-03    0.32806E+00    0.17591E+00   -0.23943E+00    0.21015E-01    0.74394E-01   -0.13239E-01   -0.22820E-02    0.45014E-02   -0.39048E-02    0.19166E-05    0.71277E-05   -0.71592E-03    0.44783E-02   -0.20254E-02   -0.17006E-02   -0.37713E-02    0.99811E+00    0.35630E-02    0.50660E-01   -0.88354E-01    0.72565E-01   -0.93824E-01    0.46016E-01    0.71143E-01    0.12854E+00    0.51193E-01    0.14176E+00   -0.10489E+00    0.82899E-01    0.45198E-01   -0.77704E-02   -0.10674E+00    0.57447E-01
    0.37292E-05    0.21355E-05    0.31461E-05    0.29895E-03    0.41064E-04    0.71037E-04    0.63556E-03   -0.50102E+00   -0.11135E+00    0.11167E+00    0.17244E-01   -0.40750E-01   -0.21475E-03   -0.61986E-03   -0.97289E-03   -0.10903E-02    0.40328E-06   -0.16793E-04   -0.88439E-03   -0.16548E-01    0.28648E-02    0.26170E-03    0.19740E-02    0.35630E-02    0.99726E+00    0.38538E-01    0.37959E-01   -0.46823E-01    0.44007E-01    0.76906E-01    0.74263E-01   -0.75536E-01   -0.88758E-01    0.61652E-01    0.61348E-01    0.10349E+00   -0.76158E-01    0.77894E-01   -0.20267E-01   -0.23326E-03
    0.26919E-05    0.10459E-04   -0.64735E-05    0.48317E-03   -0.22792E-03    0.25508E-03    0.12470E-02   -0.54820E+00   -0.17592E+01    0.13133E+01    0.63890E+00   -0.54112E+00   -0.69717E-01    0.57259E-02   -0.25861E-01    0.43024E-02    0.58426E-05    0.21097E-03    0.16833E-03    0.31118E-01    0.19273E+00   -0.15295E+00   -0.46634E-01    0.50660E-01    0.38538E-01    0.87504E+00   -0.17964E-01   -0.38493E-02   -0.20252E-01   -0.10831E-01    0.27115E-01    0.12238E+00   -0.10325E+00    0.23778E-01   -0.68729E-01    0.66501E+00    0.24625E+00   -0.62757E-01   -0.60884E-01    0.76096E-01
    0.60537E-05   -0.44340E-04    0.12112E-04    0.13811E-02    0.15407E-03    0.37275E-03    0.27459E-02   -0.49525E+01   -0.64177E+00    0.35887E+00    0.12783E+00   -0.19611E+00    0.54247E-01   -0.14211E-02   -0.62368E-02    0.26251E-02    0.46847E-05   -0.26797E-05    0.27290E-02    0.33781E-01   -0.49851E-01    0.19291E+00   -0.34851E-01   -0.88354E-01    0.37959E-01   -0.17964E-01    0.98667E+00    0.81343E-02   -0.69792E-02   -0.28141E-02    0.37722E-01   -0.17973E-01   -0.40561E-01   -0.27092E-01    0.14684E+00   -0.91001E-01    0.25116E+00    0.76590E+00    0.28900E+00   -0.19914E+00
    0.54972E-05   -0.23091E-04    0.40634E-05    0.15894E-03    0.50205E-04    0.51598E-05    0.21530E-03    0.52231E+00   -0.16600E+00   -0.44905E+00    0.17016E+00    0.13831E+00   -0.33670E-01   -0.14982E-02    0.57479E-02   -0.52694E-02    0.35808E-05    0.11309E-04    0.60061E-02   -0.25342E-01   -0.55097E-01    0.51597E-01    0.17005E+00    0.72565E-01   -0.46823E-01   -0.38493E-02    0.81343E-02    0.97153E+00   -0.28103E-02    0.31982E-02    0.69541E-01   -0.25962E-01    0.13708E+00    0.14544E+00   -0.12858E+00   -0.19661E+00    0.62166E+00    0.13917E+00   -0.59696E+00    0.18228E+00
    0.22281E-05    0.45712E-05    0.11725E-04   -0.20758E-03    0.17229E-03    0.51699E-04   -0.35581E-03    0.83737E+00   -0.23606E+00   -0.22182E+00    0.21553E+00    0.26273E+00   -0.60083E-01   -0.25086E-02   -0.75891E-03    0.93233E-02    0.75099E-05    0.24872E-04   -0.30471E-02   -0.17919E-01   -0.16856E-01   -0.13019E-01   -0.17259E-01   -0.93824E-01    0.44007E-01   -0.20252E-01   -0.69792E-02   -0.28103E-02    0.97840E+00    0.89668E-02   -0.21896E-01   -0.10543E+00   -0.13818E+00   -0.22800E-01   -0.84460E-01   -0.78857E-01    0.64159E-01   -0.42237E-01    0.29958E+00    0.65979E+00
    0.60116E-05    0.44368E-05    0.11316E-04    0.36128E-03    0.39164E-03    0.10063E-03    0.77917E-03   -0.81303E+00   -0.61922E-01    0.30566E+00    0.93499E-01   -0.15084E+00   -0.20850E-01   -0.27107E-03    0.13225E-02   -0.81767E-02    0.15175E-05    0.20495E-04    0.33479E-04   -0.93116E-02   -0.78470E-01    0.31511E-01    0.78174E-01    0.46016E-01    0.76906E-01   -0.10831E-01   -0.28141E-02    0.31982E-02    0.89668E-02    0.10074E+01   -0.65550E-01    0.90871E-01    0.18097E-01    0.16976E+00    0.17215E-01    0.11411E+00   -0.56128E+00    0.39017E+00   -0.34948E+00    0.23859E+00
    0.46480E-05    0.17329E-04    0.30551E-04   -0.47738E-03    0.55311E-03    0.24937E-04   -0.77227E-03    0.11155E+01    0.12701E+01   -0.13207E+01   -0.28967E+00    0.53095E+00    0.71622E-02   -0.10143E-01    0.36435E-01   -0.14895E-01    0.39575E-05   -0.19057E-03   -0.21639E-02    0.91661E-02    0.92033E-02   -0.13327E+00   -0.13486E-01    0.71143E-01    0.74263E-01    0.27115E-01    0.37722E-01    0.69541E-01   -0.21896E-01   -0.65550E-01    0.91508E+00   -0.29778E-02   -0.78187E-02   -0.12741E-01   -0.11350E-01    0.60251E+00    0.16109E+00    0.12015E+00    0.56139E-01   -0.77372E-01
    0.41762E-05   -0.24679E-04    0.13648E-04    0.16374E-03    0.88722E-04    0.10467E-03    0.35681E-03    0.20475E+00    0.16383E+00    0.77159E+00   -0.14766E+00   -0.53341E+00   -0.16049E-01   -0.58115E-03   -0.91952E-03   -0.17584E-01   -0.63389E-05   -0.26086E-04   -0.15148E-02    0.22133E-01    0.35170E-01    0.21442E-01    0.38779E-01    0.12854E+00   -0.75536E-01    0.12238E+00   -0.17973E-01   -0.25962E-01   -0.10543E+00    0.90871E-01   -0.29778E-02    0.10029E+01   -0.69188E-02   -0.26726E-02   -0.16860E-01    0.93807E-01    0.16637E+00   -0.13117E-01    0.11835E+00    0.16367E+00
    0.89609E-06    0.63088E-05    0.18853E-04    0.21836E-03    0.54606E-03    0.14172E-03    0.54446E-03    0.31438E+00    0.59137E+00   -0.45190E+00   -0.74814E-01    0.21876E+00   -0.61588E-02   -0.19195E-02    0.47609E-02    0.51805E-03    0.17532E-05   -0.34098E-04    0.15406E-02    0.90979E-02   -0.31987E-01    0.22403E-01   -0.82886E-03    0.51193E-01   -0.88758E-01   -0.10325E+00   -0.40561E-01    0.13708E+00   -0.13818E+00    0.18097E-01   -0.78187E-02   -0.69188E-02    0.98221E+00   -0.29508E-02    0.11415E-01   -0.12456E+00    0.54437E-01    0.16633E+00    0.39609E-01   -0.62735E-01
    0.42764E-05   -0.13182E-04    0.22843E-05    0.76684E-03    0.73572E-05    0.13834E-03    0.14497E-02   -0.96176E+00   -0.13028E+00    0.72561E+00   -0.49028E-01   -0.43455E+00   -0.29919E-01   -0.22918E-02   -0.17081E-02   -0.14746E-01   -0.17789E-06   -0.75757E-05   -0.93143E-04    0.32533E-02   -0.48492E-01    0.12853E-01   -0.59089E-02    0.14176E+00    0.61652E-01    0.23778E-01   -0.27092E-01    0.14544E+00   -0.22800E-01    0.16976E+00   -0.12741E-01   -0.26726E-02   -0.29508E-02    0.99197E+00    0.15687E-01   -0.38952E-02    0.20216E-01    0.11694E+00   -0.26767E+00    0.13197E+00
    0.17313E-06   -0.20282E-04    0.10289E-05    0.36267E-03    0.23621E-03    0.41045E-04    0.62925E-03   -0.30533E+01   -0.51087E-01    0.29092E+00    0.77832E-01   -0.16788E+00    0.23954E-01   -0.15549E-02    0.18006E-02   -0.10191E-01    0.47593E-05   -0.32358E-04   -0.14347E-03    0.12268E-01   -0.13419E+00    0.16758E+00    0.11643E+00   -0.10489E+00    0.61348E-01   -0.68729E-01    0.14684E+00   -0.12858E+00   -0.84460E-01    0.17215E-01   -0.11350E-01   -0.16860E-01    0.11415E-01    0.15687E-01    0.99174E+00   -0.49415E-01   -0.55255E-01    0.35088E-01    0.16484E+00   -0.91484E-01
    0.42607E-05    0.31320E-04    0.14511E-04   -0.75350E-04    0.23841E-03    0.18746E-03    0.21505E-03    0.55282E+00   -0.36636E+00    0.17044E+00    0.23594E+00   -0.68242E-01   -0.37920E-01   -0.14496E-02    0.44424E-02   -0.63514E-02    0.52728E-05    0.27358E-04   -0.28214E-02    0.32036E-01    0.15916E+00   -0.23583E+00   -0.60287E-01    0.82899E-01    0.10349E+00    0.66501E+00   -0.91001E-01   -0.19661E+00   -0.78857E-01    0.11411E+00    0.60251E+00    0.93807E-01   -0.12456E+00   -0.38952E-02   -0.49415E-01    0.98543E+00   -0.16791E-01   -0.10657E-02   -0.37122E-02   -0.12458E-01
    0.31481E-05   -0.33033E-04    0.36949E-05    0.34001E-03   -0.19613E-03    0.98585E-04    0.64728E-03   -0.57790E+00   -0.59279E+00    0.10232E+00    0.22425E+00   -0.11819E+00   -0.41204E-01   -0.19875E-02   -0.19571E-02   -0.39082E-02    0.50520E-05    0.35219E-04    0.33054E-02    0.31652E-02    0.29457E-01    0.41678E-01    0.27392E-01    0.45198E-01   -0.76158E-01    0.24625E+00    0.25116E+00    0.62166E+00    0.64159E-01   -0.56128E+00    0.16109E+00    0.16637E+00    0.54437E-01    0.20216E-01   -0.55255E-01   -0.16791E-01    0.98247E+00   -0.50416E-02    0.97613E-02   -0.12611E-01
    0.80797E-05   -0.19639E-04    0.23375E-04    0.13198E-02    0.49242E-03    0.39913E-03    0.27627E-02   -0.30970E+01   -0.23473E-01    0.31428E+00   -0.48932E-01   -0.16235E+00    0.29555E-01   -0.42794E-02    0.21020E-02   -0.18694E-02    0.44461E-05   -0.33226E-04    0.27685E-02    0.30954E-01   -0.22980E-01    0.10995E+00    0.14166E-01   -0.77704E-02    0.77894E-01   -0.62757E-01    0.76590E+00    0.13917E+00   -0.42237E-01    0.39017E+00    0.12015E+00   -0.13117E-01    0.16633E+00    0.11694E+00    0.35088E-01   -0.10657E-02   -0.50416E-02    0.98688E+00   -0.55155E-02    0.44084E-02
   -0.54400E-05   -0.23738E-05    0.59836E-05   -0.44531E-04   -0.39187E-04    0.28055E-04   -0.26350E-04   -0.48447E+00    0.38600E+00    0.26435E+00   -0.18194E+00   -0.57027E-01   -0.86318E-02   -0.48516E-02    0.12999E-02    0.31976E-02    0.52644E-06   -0.39976E-04   -0.44661E-02    0.14585E-01    0.34225E-01    0.27811E-01   -0.18542E+00   -0.10674E+00   -0.20267E-01   -0.60884E-01    0.28900E+00   -0.59696E+00    0.29958E+00   -0.34948E+00    0.56139E-01    0.11835E+00    0.39609E-01   -0.26767E+00    0.16484E+00   -0.37122E-02    0.97613E-02   -0.55155E-02    0.96961E+00   -0.11004E-01
    0.46993E-05    0.12985E-04    0.17320E-04    0.27418E-04    0.36674E-03    0.14540E-03    0.20165E-03    0.38231E+01    0.17480E-01   -0.39568E+00    0.26369E+00    0.35950E+00   -0.62198E-01   -0.19456E-02    0.22543E-03    0.12243E-01    0.48259E-05    0.35159E-04   -0.10235E-02   -0.45161E-01    0.66083E-01   -0.20472E+00    0.93287E-01    0.57447E-01   -0.23326E-03    0.76096E-01   -0.19914E+00    0.18228E+00    0.65979E+00    0.23859E+00   -0.77372E-01    0.16367E+00   -0.62735E-01    0.13197E+00   -0.91484E-01   -0.12458E-01   -0.12611E-01    0.44084E-02   -0.11004E-01    0.97690E+00
