# omegabh2 omegach2 theta tau ns logA aps100 aps143 aps217 acib143 acib217 asz143 psr cibr ncib cal0 cal2 xi aksz bm_1_1 bm_1_2 bm_1_3 bm_1_4 bm_1_5 bm_2_1 bm_2_2 bm_2_3 bm_2_4 bm_2_5 bm_3_1 bm_3_2 bm_3_3 bm_3_4 bm_3_5 bm_4_1 bm_4_2 bm_4_3 bm_4_4 bm_4_5
    0.91698E-07   -0.47038E-06    0.96068E-07    0.57503E-05    0.17014E-05    0.10529E-04   -0.22249E-02   -0.78950E-03   -0.17665E-03   -0.19187E-03   -0.30125E-03    0.29465E-04    0.68069E-06   -0.56147E-05   -0.25317E-05   -0.28917E-08   -0.14277E-07    0.54652E-05   -0.83101E-04   -0.24466E-04   -0.13405E-04    0.10807E-04    0.16918E-05   -0.12472E-04    0.28008E-05   -0.12543E-04   -0.41539E-05    0.91374E-05    0.53243E-05   -0.76716E-05   -0.12593E-04   -0.68986E-05    0.95134E-06    0.21009E-06   -0.83698E-06   -0.83729E-05   -0.13400E-04   -0.30097E-05    0.43504E-05
   -0.47038E-06    0.70263E-05   -0.75946E-06   -0.52471E-04   -0.19577E-04   -0.87819E-04    0.12343E-01    0.39100E-02    0.19453E-02    0.11145E-02    0.12202E-02   -0.14832E-03   -0.90615E-05    0.35562E-04    0.56397E-06   -0.33375E-08    0.76300E-07   -0.27797E-04    0.30290E-03    0.16989E-03   -0.60646E-04   -0.85468E-04    0.23301E-04    0.72592E-05    0.19323E-04    0.50654E-04    0.23927E-04   -0.11348E-03   -0.11675E-04    0.57951E-04    0.10671E-03    0.59472E-04    0.14385E-04   -0.47608E-04    0.44105E-04    0.47734E-04    0.92187E-04    0.24249E-04   -0.74689E-05
    0.96068E-07   -0.75946E-06    0.41525E-06    0.75537E-05    0.27529E-05    0.13588E-04   -0.19448E-02   -0.72802E-03   -0.10189E-03   -0.13631E-03   -0.32036E-03    0.38723E-04    0.75076E-06   -0.49198E-05   -0.37668E-05    0.52673E-09   -0.28870E-07    0.11561E-04    0.15610E-04   -0.18936E-04   -0.21747E-05    0.16306E-04   -0.97265E-06   -0.17093E-04    0.29020E-05   -0.11703E-04   -0.33275E-05    0.90467E-05   -0.46614E-06   -0.16195E-04   -0.11946E-04   -0.62107E-05   -0.10399E-04   -0.75649E-06   -0.78614E-05   -0.28602E-05   -0.24689E-04   -0.38786E-05   -0.99521E-05
    0.57503E-05   -0.52471E-04    0.75537E-05    0.13736E-02    0.21821E-03    0.26168E-02   -0.31464E+00   -0.61175E-01    0.48269E-02   -0.31024E-01   -0.37251E-01   -0.19711E-02    0.16074E-03   -0.15203E-02    0.26658E-04    0.30534E-07   -0.20869E-05    0.23912E-03   -0.12761E-01   -0.24579E-02    0.29018E-03    0.86946E-03   -0.70654E-03   -0.35262E-04   -0.26269E-03   -0.37744E-03   -0.78453E-04    0.40220E-03    0.13784E-02   -0.85319E-03   -0.17704E-02   -0.56991E-03   -0.45257E-03    0.71674E-03   -0.48231E-03   -0.13731E-02   -0.93565E-04   -0.75678E-03   -0.18519E-03
    0.17014E-05   -0.19577E-04    0.27529E-05    0.21821E-03    0.79659E-04    0.38810E-03   -0.10669E+00   -0.13016E-01    0.78874E-02   -0.11164E-01   -0.12668E-01    0.10040E-04    0.74598E-04   -0.41213E-03   -0.16564E-04   -0.88274E-07   -0.28294E-06    0.15487E-03   -0.46508E-02   -0.42454E-03    0.20308E-03    0.24758E-03   -0.57347E-04   -0.32189E-04    0.26993E-03   -0.29513E-04   -0.83043E-04    0.27793E-03    0.39582E-04   -0.30416E-03   -0.44067E-03   -0.12530E-03   -0.43118E-05    0.24993E-04    0.11190E-05   -0.40228E-04   -0.13057E-03   -0.46083E-04   -0.64867E-04
    0.10529E-04   -0.87819E-04    0.13588E-04    0.26168E-02    0.38810E-03    0.50220E-02   -0.61823E+00   -0.10752E+00    0.21916E-01   -0.63138E-01   -0.74688E-01   -0.52972E-02    0.32493E-03   -0.31080E-02    0.78222E-04    0.13779E-06   -0.37331E-05    0.45128E-03   -0.26208E-01   -0.38576E-02    0.58200E-03    0.15054E-02   -0.13268E-02   -0.15857E-03   -0.18629E-03   -0.59134E-03   -0.16860E-03    0.40453E-03    0.26871E-02   -0.15994E-02   -0.32999E-02   -0.10490E-02   -0.91788E-03    0.12915E-02   -0.65450E-03   -0.25848E-02    0.32115E-04   -0.14352E-02   -0.48628E-03
   -0.22249E-02    0.12343E-01   -0.19448E-02   -0.31464E+00   -0.10669E+00   -0.61823E+00    0.26626E+04    0.77784E+02   -0.14573E+03    0.11251E+03    0.10801E+03   -0.71260E+02   -0.10235E+01    0.30331E+00    0.15355E+01    0.98738E-03   -0.18877E-02   -0.50388E+00   -0.16824E+02    0.10345E+02   -0.11223E+02    0.27150E+00   -0.77383E+00    0.37134E+00   -0.13618E+01   -0.44134E+01    0.51003E-01    0.55967E+00   -0.11365E+01    0.26267E+01    0.15091E+00   -0.67241E+00   -0.70390E+00   -0.41850E+01    0.12684E+01   -0.14533E+01   -0.21306E+01   -0.10151E+01    0.36875E+01
   -0.78950E-03    0.39100E-02   -0.72802E-03   -0.61175E-01   -0.13016E-01   -0.10752E+00    0.77784E+02    0.17339E+03    0.45538E+02   -0.27609E+02   -0.47798E+01   -0.77156E+01   -0.28888E+00    0.27804E-01   -0.14414E+00    0.14042E-03    0.34771E-02    0.10706E+01   -0.12618E+02    0.78766E+00    0.21867E+00   -0.19942E+00    0.15032E+00   -0.17931E+00   -0.16318E+01   -0.86874E+00   -0.12229E+00   -0.31526E+00   -0.60562E+00    0.11486E+01   -0.94300E-01    0.60422E+00   -0.14867E+00    0.44633E+00   -0.40728E+00   -0.37229E+00   -0.48712E+00    0.37946E+00   -0.19696E+00
   -0.17665E-03    0.19453E-02   -0.10189E-03    0.48269E-02    0.78874E-02    0.21916E-01   -0.14573E+03    0.45538E+02    0.18808E+03   -0.26651E+02   -0.63006E+02    0.54516E+01   -0.39285E-01   -0.85796E+00   -0.97407E+00    0.21549E-03   -0.37715E-02    0.24190E+00   -0.10915E+02    0.12126E+01    0.14885E+01   -0.65210E+00   -0.15651E+00    0.64197E-01    0.11663E+01    0.61072E+00   -0.14798E-01   -0.33804E+00    0.91394E+00   -0.13622E+01    0.75796E+00    0.10366E-01    0.84624E+00    0.22126E+00   -0.14783E-01    0.73958E-01    0.91647E+00   -0.32511E-01   -0.27762E+00
   -0.19187E-03    0.11145E-02   -0.13631E-03   -0.31024E-01   -0.11164E-01   -0.63138E-01    0.11251E+03   -0.27609E+02   -0.26651E+02    0.23292E+02    0.14887E+02   -0.27335E+01    0.20002E-01    0.15048E+00    0.21329E+00   -0.85223E-04   -0.12249E-02    0.73190E-01   -0.35869E+00   -0.74477E+00   -0.50594E+00    0.66228E-01   -0.97406E-01    0.15578E+00    0.76297E+00    0.20240E+00    0.95368E-01    0.10428E+00    0.98327E-01   -0.26734E+00    0.14884E-01   -0.16131E+00   -0.40119E-01   -0.15424E+00    0.37122E+00    0.20636E+00    0.39082E-01   -0.15051E+00    0.20236E+00
   -0.30125E-03    0.12202E-02   -0.32036E-03   -0.37251E-01   -0.12668E-01   -0.74688E-01    0.10801E+03   -0.47798E+01   -0.63006E+02    0.14887E+02    0.30391E+02   -0.28064E+01    0.61455E-01    0.37445E+00    0.49425E+00   -0.67635E-04    0.15902E-02   -0.14826E+00   -0.86494E+00   -0.39340E+00   -0.59797E+00    0.21153E+00    0.76341E-01    0.54587E-01   -0.43288E+00   -0.14226E+00    0.24577E-01    0.19173E+00   -0.35314E+00    0.61544E+00   -0.39255E+00   -0.41123E-01   -0.38015E+00   -0.17171E+00    0.84509E-01   -0.59508E-01   -0.24778E+00   -0.22052E-01    0.22705E+00
    0.29465E-04   -0.14832E-03    0.38723E-04   -0.19711E-02    0.10040E-04   -0.52972E-02   -0.71260E+02   -0.77156E+01    0.54516E+01   -0.27335E+01   -0.28064E+01    0.75460E+01    0.56524E-01    0.25028E+00   -0.14046E+00    0.13328E-04   -0.57090E-04   -0.19153E-01    0.24831E+00    0.24404E+00    0.66504E-01   -0.25407E-01   -0.83854E-03    0.25416E-01   -0.79535E-02    0.57283E-01   -0.56065E-01   -0.15412E-01    0.15155E-01   -0.80097E-01    0.38156E-01   -0.23729E-01   -0.37710E-01   -0.37527E-01   -0.41044E-01   -0.47388E-01    0.45363E-01   -0.44037E-02   -0.16097E-01
    0.68069E-06   -0.90615E-05    0.75076E-06    0.16074E-03    0.74598E-04    0.32493E-03   -0.10235E+01   -0.28888E+00   -0.39285E-01    0.20002E-01    0.61455E-01    0.56524E-01    0.78841E-02   -0.61310E-02    0.71562E-02    0.42648E-06   -0.23659E-04    0.37207E-02   -0.16363E-01    0.97876E-02    0.53705E-02    0.35034E-02    0.27276E-02    0.61873E-03    0.77276E-02   -0.40620E-03   -0.77146E-03   -0.32031E-02    0.22001E-02   -0.79283E-02   -0.27539E-02   -0.26286E-02   -0.13849E-02   -0.22719E-02    0.18266E-02   -0.25255E-02   -0.26144E-02   -0.79155E-02   -0.19222E-02
   -0.56147E-05    0.35562E-04   -0.49198E-05   -0.15203E-02   -0.41213E-03   -0.31080E-02    0.30331E+00    0.27804E-01   -0.85796E+00    0.15048E+00    0.37445E+00    0.25028E+00   -0.61310E-02    0.47292E-01   -0.11821E-01   -0.26771E-05    0.95063E-04    0.23582E-02   -0.63134E-02   -0.10950E-01   -0.17654E-01    0.52787E-02    0.34739E-02    0.53735E-02   -0.23057E-01   -0.53262E-02    0.42714E-02    0.62577E-02   -0.13263E-01    0.28576E-01    0.24419E-02    0.41657E-02   -0.54580E-03    0.78737E-03   -0.11118E-02    0.70659E-02   -0.17504E-02    0.82236E-02    0.37160E-02
   -0.25317E-05    0.56397E-06   -0.37668E-05    0.26658E-04   -0.16564E-04    0.78222E-04    0.15355E+01   -0.14414E+00   -0.97407E+00    0.21329E+00    0.49425E+00   -0.14046E+00    0.71562E-02   -0.11821E-01    0.20742E-01   -0.55449E-06   -0.18556E-04   -0.16765E-02   -0.12306E-01    0.81489E-02   -0.81023E-02    0.22741E-02    0.67648E-03   -0.27453E-03    0.37967E-02    0.32428E-02   -0.53950E-02    0.87011E-02   -0.73818E-02   -0.91865E-02   -0.22368E-01   -0.41074E-02   -0.12919E-01   -0.91635E-02   -0.22182E-02   -0.60210E-02   -0.12920E-02   -0.91177E-03    0.11830E-01
   -0.28917E-08   -0.33375E-08    0.52673E-09    0.30534E-07   -0.88274E-07    0.13779E-06    0.98738E-03    0.14042E-03    0.21549E-03   -0.85223E-04   -0.67635E-04    0.13328E-04    0.42648E-06   -0.26771E-05   -0.55449E-06    0.15153E-06    0.47387E-08   -0.24981E-05   -0.65493E-05   -0.24400E-04   -0.20170E-04   -0.37102E-05   -0.14025E-04    0.58709E-05    0.80481E-05    0.26332E-05   -0.83965E-05   -0.70126E-05    0.38924E-05    0.45437E-05    0.68777E-06   -0.10889E-04    0.40156E-05    0.82645E-05    0.11734E-04   -0.38659E-05   -0.13019E-05    0.13169E-05   -0.60780E-05
   -0.14277E-07    0.76300E-07   -0.28870E-07   -0.20869E-05   -0.28294E-06   -0.37331E-05   -0.18877E-02    0.34771E-02   -0.37715E-02   -0.12249E-02    0.15902E-02   -0.57090E-04   -0.23659E-04    0.95063E-04   -0.18556E-04    0.47387E-08    0.16298E-05   -0.49675E-05   -0.89666E-04    0.94871E-04    0.55937E-05    0.16777E-05   -0.14965E-04   -0.30962E-04    0.21366E-03   -0.19077E-04    0.11188E-04    0.38468E-04   -0.11638E-04   -0.21004E-03   -0.20435E-04   -0.28792E-04   -0.80719E-05   -0.49626E-05    0.10985E-04    0.52346E-04   -0.69889E-04   -0.31602E-04    0.38554E-04
    0.54652E-05   -0.27797E-04    0.11561E-04    0.23912E-03    0.15487E-03    0.45128E-03   -0.50388E+00    0.10706E+01    0.24190E+00    0.73190E-01   -0.14826E+00   -0.19153E-01    0.37207E-02    0.23582E-02   -0.16765E-02   -0.24981E-05   -0.49675E-05    0.82917E-01    0.10336E-01    0.19622E-02   -0.11780E-01    0.31203E-02    0.51573E-03   -0.28410E-02    0.89824E-02   -0.12392E-02    0.19255E-02    0.16069E-02   -0.32195E-02   -0.39103E-02   -0.46753E-02    0.56395E-02   -0.58855E-02   -0.24344E-02    0.29070E-02    0.44547E-02   -0.12758E-02    0.15348E-02    0.50262E-02
   -0.83101E-04    0.30290E-03    0.15610E-04   -0.12761E-01   -0.46508E-02   -0.26208E-01   -0.16824E+02   -0.12618E+02   -0.10915E+02   -0.35869E+00   -0.86494E+00    0.24831E+00   -0.16363E-01   -0.63134E-02   -0.12306E-01   -0.65493E-05   -0.89666E-04    0.10336E-01    0.82252E+01    0.11808E-01   -0.13092E-01   -0.56574E-01   -0.28831E-01   -0.30957E-02    0.10601E-01    0.15106E-01   -0.31702E-01    0.60736E-01   -0.17355E-01   -0.47466E-01    0.91127E-03   -0.27900E-01   -0.25862E-01   -0.20464E-01   -0.28778E-01    0.14078E-01   -0.12185E-02    0.52802E-01    0.41156E-01
   -0.24466E-04    0.16989E-03   -0.18936E-04   -0.24579E-02   -0.42454E-03   -0.38576E-02    0.10345E+02    0.78766E+00    0.12126E+01   -0.74477E+00   -0.39340E+00    0.24404E+00    0.97876E-02   -0.10950E-01    0.81489E-02   -0.24400E-04    0.94871E-04    0.19622E-02    0.11808E-01    0.72066E+00   -0.14228E+00   -0.53343E-03    0.15597E-02    0.55849E-03    0.18964E+00   -0.48402E-01   -0.41079E-01   -0.15247E-01   -0.55265E-01    0.16429E-01    0.19421E-01   -0.43439E-01   -0.51052E-01   -0.14961E+00    0.16347E+00    0.22112E-01   -0.41328E-02    0.50004E-02    0.72173E-01
   -0.13405E-04   -0.60646E-04   -0.21747E-05    0.29018E-03    0.20308E-03    0.58200E-03   -0.11223E+02    0.21867E+00    0.14885E+01   -0.50594E+00   -0.59797E+00    0.66504E-01    0.53705E-02   -0.17654E-01   -0.81023E-02   -0.20170E-04    0.55937E-05   -0.11780E-01   -0.13092E-01   -0.14228E+00    0.94791E+00   -0.74303E-02    0.20291E-01   -0.94704E-02   -0.14179E+00    0.18549E+00    0.56136E-01   -0.26398E-01    0.56919E-01   -0.13303E+00    0.25279E-01    0.42086E-01    0.10322E-01    0.17830E+00   -0.22489E+00    0.36038E-01    0.11159E+00    0.16051E-01   -0.22112E+00
    0.10807E-04   -0.85468E-04    0.16306E-04    0.86946E-03    0.24758E-03    0.15054E-02    0.27150E+00   -0.19942E+00   -0.65210E+00    0.66228E-01    0.21153E+00   -0.25407E-01    0.35034E-02    0.52787E-02    0.22741E-02   -0.37102E-05    0.16777E-05    0.31203E-02   -0.56574E-01   -0.53343E-03   -0.74303E-02    0.10380E+01   -0.83014E-02   -0.70008E-02   -0.45650E-01   -0.62604E-01    0.17924E+00   -0.16342E-01    0.67375E-01   -0.73633E-02    0.75379E-01    0.84524E-02   -0.10660E-01    0.93661E-01   -0.59527E-01    0.43893E-01   -0.11966E-01   -0.17399E+00    0.10745E+00
    0.16918E-05    0.23301E-04   -0.97265E-06   -0.70654E-03   -0.57347E-04   -0.13268E-02   -0.77383E+00    0.15032E+00   -0.15651E+00   -0.97406E-01    0.76341E-01   -0.83854E-03    0.27276E-02    0.34739E-02    0.67648E-03   -0.14025E-04   -0.14965E-04    0.51573E-03   -0.28831E-01    0.15597E-02    0.20291E-01   -0.83014E-02    0.96918E+00   -0.26615E-01    0.24824E-01   -0.66115E-01    0.64770E-01   -0.10707E+00    0.23048E-01    0.93229E-01    0.11547E+00    0.49726E-01    0.13210E+00   -0.74253E-01    0.75220E-01    0.54481E-01   -0.11314E-01   -0.82922E-01    0.28981E-01
   -0.12472E-04    0.72592E-05   -0.17093E-04   -0.35262E-04   -0.32189E-04   -0.15857E-03    0.37134E+00   -0.17931E+00    0.64197E-01    0.15578E+00    0.54587E-01    0.25416E-01    0.61873E-03    0.53735E-02   -0.27453E-03    0.58709E-05   -0.30962E-04   -0.28410E-02   -0.30957E-02    0.55849E-03   -0.94704E-02   -0.70008E-02   -0.26615E-01    0.10224E+01    0.29004E-01    0.47330E-01   -0.56575E-01    0.87614E-02    0.72274E-01    0.60455E-01   -0.84342E-01   -0.42057E-01    0.49411E-01    0.54456E-01    0.88946E-01   -0.86404E-01    0.93509E-01   -0.10204E-01   -0.24497E-01
    0.28008E-05    0.19323E-04    0.29020E-05   -0.26269E-03    0.26993E-03   -0.18629E-03   -0.13618E+01   -0.16318E+01    0.11663E+01    0.76297E+00   -0.43288E+00   -0.79535E-02    0.77276E-02   -0.23057E-01    0.37967E-02    0.80481E-05    0.21366E-03    0.89824E-02    0.10601E-01    0.18964E+00   -0.14179E+00   -0.45650E-01    0.24824E-01    0.29004E-01    0.86512E+00   -0.21028E-01   -0.13359E-01   -0.28784E-01   -0.89475E-02    0.52110E-02    0.10202E+00   -0.10042E+00    0.95835E-02   -0.92254E-01    0.64493E+00    0.23361E+00   -0.72549E-01   -0.52446E-01    0.68310E-01
   -0.12543E-04    0.50654E-04   -0.11703E-04   -0.37744E-03   -0.29513E-04   -0.59134E-03   -0.44134E+01   -0.86874E+00    0.61072E+00    0.20240E+00   -0.14226E+00    0.57283E-01   -0.40620E-03   -0.53262E-02    0.32428E-02    0.26332E-05   -0.19077E-04   -0.12392E-02    0.15106E-01   -0.48402E-01    0.18549E+00   -0.62604E-01   -0.66115E-01    0.47330E-01   -0.21028E-01    0.10001E+01    0.52995E-01    0.22139E-01    0.20367E-01    0.50476E-01   -0.13478E-01   -0.45637E-01   -0.38719E-01    0.11992E+00   -0.92450E-01    0.26537E+00    0.80114E+00    0.25903E+00   -0.16213E+00
   -0.41539E-05    0.23927E-04   -0.33275E-05   -0.78453E-04   -0.83043E-04   -0.16860E-03    0.51003E-01   -0.12229E+00   -0.14798E-01    0.95368E-01    0.24577E-01   -0.56065E-01   -0.77146E-03    0.42714E-02   -0.53950E-02   -0.83965E-05    0.11188E-04    0.19255E-02   -0.31702E-01   -0.41079E-01    0.56136E-01    0.17924E+00    0.64770E-01   -0.56575E-01   -0.13359E-01    0.52995E-01    0.99699E+00   -0.27631E-01   -0.10374E-01    0.72706E-01   -0.19555E-01    0.12819E+00    0.14187E+00   -0.12356E+00   -0.21077E+00    0.64095E+00    0.18472E+00   -0.60217E+00    0.16689E+00
    0.91374E-05   -0.11348E-03    0.90467E-05    0.40220E-03    0.27793E-03    0.40453E-03    0.55967E+00   -0.31526E+00   -0.33804E+00    0.10428E+00    0.19173E+00   -0.15412E-01   -0.32031E-02    0.62577E-02    0.87011E-02   -0.70126E-05    0.38468E-04    0.16069E-02    0.60736E-01   -0.15247E-01   -0.26398E-01   -0.16342E-01   -0.10707E+00    0.87614E-02   -0.28784E-01    0.22139E-01   -0.27631E-01    0.10016E+01   -0.19537E-01   -0.28278E-01   -0.11074E+00   -0.17403E+00   -0.27342E-01   -0.92861E-01   -0.88855E-01    0.61016E-01   -0.39181E-01    0.31689E+00    0.66400E+00
    0.53243E-05   -0.11675E-04   -0.46614E-06    0.13784E-02    0.39582E-04    0.26871E-02   -0.11365E+01   -0.60562E+00    0.91394E+00    0.98327E-01   -0.35314E+00    0.15155E-01    0.22001E-02   -0.13263E-01   -0.73818E-02    0.38924E-05   -0.11638E-04   -0.32195E-02   -0.17355E-01   -0.55265E-01    0.56919E-01    0.67375E-01    0.23048E-01    0.72274E-01   -0.89475E-02    0.20367E-01   -0.10374E-01   -0.19537E-01    0.10159E+01   -0.68677E-01    0.50979E-01    0.15409E-01    0.15597E+00   -0.49581E-02    0.12033E+00   -0.58949E+00    0.41122E+00   -0.35050E+00    0.20513E+00
   -0.76716E-05    0.57951E-04   -0.16195E-04   -0.85319E-03   -0.30416E-03   -0.15994E-02    0.26267E+01    0.11486E+01   -0.13622E+01   -0.26734E+00    0.61544E+00   -0.80097E-01   -0.79283E-02    0.28576E-01   -0.91865E-02    0.45437E-05   -0.21004E-03   -0.39103E-02   -0.47466E-01    0.16429E-01   -0.13303E+00   -0.73633E-02    0.93229E-01    0.60455E-01    0.52110E-02    0.50476E-01    0.72706E-01   -0.28278E-01   -0.68677E-01    0.91821E+00    0.53811E-02   -0.36934E-01   -0.23919E-01   -0.12447E-01    0.58671E+00    0.16505E+00    0.11785E+00    0.61903E-01   -0.92757E-01
   -0.12593E-04    0.10671E-03   -0.11946E-04   -0.17704E-02   -0.44067E-03   -0.32999E-02    0.15091E+00   -0.94300E-01    0.75796E+00    0.14884E-01   -0.39255E+00    0.38156E-01   -0.27539E-02    0.24419E-02   -0.22368E-01    0.68777E-06   -0.20435E-04   -0.46753E-02    0.91127E-03    0.19421E-01    0.25279E-01    0.75379E-01    0.11547E+00   -0.84342E-01    0.10202E+00   -0.13478E-01   -0.19555E-01   -0.11074E+00    0.50979E-01    0.53811E-02    0.96092E+00   -0.10174E-02   -0.25910E-01   -0.24941E-02    0.76208E-01    0.18145E+00   -0.16055E-01    0.13222E+00    0.13320E+00
   -0.68986E-05    0.59472E-04   -0.62107E-05   -0.56991E-03   -0.12530E-03   -0.10490E-02   -0.67241E+00    0.60422E+00    0.10366E-01   -0.16131E+00   -0.41123E-01   -0.23729E-01   -0.26286E-02    0.41657E-02   -0.41074E-02   -0.10889E-04   -0.28792E-04    0.56395E-02   -0.27900E-01   -0.43439E-01    0.42086E-01    0.84524E-02    0.49726E-01   -0.42057E-01   -0.10042E+00   -0.45637E-01    0.12819E+00   -0.17403E+00    0.15409E-01   -0.36934E-01   -0.10174E-02    0.99821E+00    0.96004E-02    0.46618E-01   -0.13786E+00    0.43227E-01    0.15597E+00    0.30284E-01   -0.88420E-01
    0.95134E-06    0.14385E-04   -0.10399E-04   -0.45257E-03   -0.43118E-05   -0.91788E-03   -0.70390E+00   -0.14867E+00    0.84624E+00   -0.40119E-01   -0.38015E+00   -0.37710E-01   -0.13849E-02   -0.54580E-03   -0.12919E-01    0.40156E-05   -0.80719E-05   -0.58855E-02   -0.25862E-01   -0.51052E-01    0.10322E-01   -0.10660E-01    0.13210E+00    0.49411E-01    0.95835E-02   -0.38719E-01    0.14187E+00   -0.27342E-01    0.15597E+00   -0.23919E-01   -0.25910E-01    0.96004E-02    0.97706E+00   -0.13120E-01   -0.20342E-01    0.68133E-02    0.10531E+00   -0.26161E+00    0.12489E+00
    0.21009E-06   -0.47608E-04   -0.75649E-06    0.71674E-03    0.24993E-04    0.12915E-02   -0.41850E+01    0.44633E+00    0.22126E+00   -0.15424E+00   -0.17171E+00   -0.37527E-01   -0.22719E-02    0.78737E-03   -0.91635E-02    0.82645E-05   -0.49626E-05   -0.24344E-02   -0.20464E-01   -0.14961E+00    0.17830E+00    0.93661E-01   -0.74253E-01    0.54456E-01   -0.92254E-01    0.11992E+00   -0.12356E+00   -0.92861E-01   -0.49581E-02   -0.12447E-01   -0.24941E-02    0.46618E-01   -0.13120E-01    0.97028E+00   -0.70913E-01   -0.46549E-01    0.39263E-02    0.18230E+00   -0.11129E+00
   -0.83698E-06    0.44105E-04   -0.78614E-05   -0.48231E-03    0.11190E-05   -0.65450E-03    0.12684E+01   -0.40728E+00   -0.14783E-01    0.37122E+00    0.84509E-01   -0.41044E-01    0.18266E-02   -0.11118E-02   -0.22182E-02    0.11734E-04    0.10985E-04    0.29070E-02   -0.28778E-01    0.16347E+00   -0.22489E+00   -0.59527E-01    0.75220E-01    0.88946E-01    0.64493E+00   -0.92450E-01   -0.21077E+00   -0.88855E-01    0.12033E+00    0.58671E+00    0.76208E-01   -0.13786E+00   -0.20342E-01   -0.70913E-01    0.96386E+00   -0.33697E-01   -0.16847E-01    0.85683E-02   -0.28728E-01
   -0.83729E-05    0.47734E-04   -0.28602E-05   -0.13731E-02   -0.40228E-04   -0.25848E-02   -0.14533E+01   -0.37229E+00    0.73958E-01    0.20636E+00   -0.59508E-01   -0.47388E-01   -0.25255E-02    0.70659E-02   -0.60210E-02   -0.38659E-05    0.52346E-04    0.44547E-02    0.14078E-01    0.22112E-01    0.36038E-01    0.43893E-01    0.54481E-01   -0.86404E-01    0.23361E+00    0.26537E+00    0.64095E+00    0.61016E-01   -0.58949E+00    0.16505E+00    0.18145E+00    0.43227E-01    0.68133E-02   -0.46549E-01   -0.33697E-01    0.10100E+01    0.20292E-02    0.15110E-01   -0.15889E-01
   -0.13400E-04    0.92187E-04   -0.24689E-04   -0.93565E-04   -0.13057E-03    0.32115E-04   -0.21306E+01   -0.48712E+00    0.91647E+00    0.39082E-01   -0.24778E+00    0.45363E-01   -0.26144E-02   -0.17504E-02   -0.12920E-02   -0.13019E-05   -0.69889E-04   -0.12758E-02   -0.12185E-02   -0.41328E-02    0.11159E+00   -0.11966E-01   -0.11314E-01    0.93509E-01   -0.72549E-01    0.80114E+00    0.18472E+00   -0.39181E-01    0.41122E+00    0.11785E+00   -0.16055E-01    0.15597E+00    0.10531E+00    0.39263E-02   -0.16847E-01    0.20292E-02    0.10444E+01   -0.43329E-01    0.25710E-01
   -0.30097E-05    0.24249E-04   -0.38786E-05   -0.75678E-03   -0.46083E-04   -0.14352E-02   -0.10151E+01    0.37946E+00   -0.32511E-01   -0.15051E+00   -0.22052E-01   -0.44037E-02   -0.79155E-02    0.82236E-02   -0.91177E-03    0.13169E-05   -0.31602E-04    0.15348E-02    0.52802E-01    0.50004E-02    0.16051E-01   -0.17399E+00   -0.82922E-01   -0.10204E-01   -0.52446E-01    0.25903E+00   -0.60217E+00    0.31689E+00   -0.35050E+00    0.61903E-01    0.13222E+00    0.30284E-01   -0.26161E+00    0.18230E+00    0.85683E-02    0.15110E-01   -0.43329E-01    0.96498E+00   -0.52605E-02
    0.43504E-05   -0.74689E-05   -0.99521E-05   -0.18519E-03   -0.64867E-04   -0.48628E-03    0.36875E+01   -0.19696E+00   -0.27762E+00    0.20236E+00    0.22705E+00   -0.16097E-01   -0.19222E-02    0.37160E-02    0.11830E-01   -0.60780E-05    0.38554E-04    0.50262E-02    0.41156E-01    0.72173E-01   -0.22112E+00    0.10745E+00    0.28981E-01   -0.24497E-01    0.68310E-01   -0.16213E+00    0.16689E+00    0.66400E+00    0.20513E+00   -0.92757E-01    0.13320E+00   -0.88420E-01    0.12489E+00   -0.11129E+00   -0.28728E-01   -0.15889E-01    0.25710E-01   -0.52605E-02    0.95854E+00
