# omegabh2 omegach2 theta tau mnu ns logA asz
    0.31811E-06   -0.92192E-06    0.73572E-06    0.25331E-05   -0.96764E-04    0.74920E-05    0.56808E-05    0.22139E-05
   -0.92192E-06    0.21589E-04   -0.84446E-06   -0.18219E-04    0.45728E-03   -0.35359E-04    0.29318E-04   -0.17765E-03
    0.73572E-06   -0.84446E-06    0.52832E-05    0.52428E-05   -0.52796E-04    0.16247E-04    0.17855E-04   -0.37833E-04
    0.25331E-05   -0.18219E-04    0.52428E-05    0.18718E-03   -0.68451E-03    0.81737E-04    0.34248E-03    0.14477E-04
   -0.96764E-04    0.45728E-03   -0.52796E-04   -0.68451E-03    0.12546E+00   -0.29889E-02   -0.13666E-02    0.27974E-02
    0.74920E-05   -0.35359E-04    0.16247E-04    0.81737E-04   -0.29889E-02    0.23158E-03    0.15320E-03   -0.54032E-03
    0.56808E-05    0.29318E-04    0.17855E-04    0.34248E-03   -0.13666E-02    0.15320E-03    0.89556E-03   -0.14551E-02
    0.22139E-05   -0.17765E-03   -0.37833E-04    0.14477E-04    0.27974E-02   -0.54032E-03   -0.14551E-02    0.33333E+00
