# omegabh2 omegach2 theta tau logA ns r calPlanck acib217 xi asz143 aps100 aps143 aps143217 aps217 aksz kgal100 kgal143 kgal143217 kgal217 galfTE100 galfTE100143 galfTE100217 galfTE143 galfTE143217 galfTE217 cal0 cal2
  2.0541470E-08  -9.2483570E-08   1.5843210E-08   2.9659593E-07   5.0205161E-07   2.3930979E-07   1.8871044E-07   2.3008388E-08  -6.4273314E-05   1.3820490E-06   2.2508725E-05  -3.7986004E-04  -2.0871262E-04  -4.7706144E-05   3.8603816E-06  -3.7537093E-05  -1.4707991E-06  -9.8483320E-06  -1.1724335E-05   6.1015716E-06  -5.0649917E-08  -6.5434273E-08  -1.6474908E-08  -3.3913299E-07  -5.6153231E-07  -2.6171394E-06   1.9407984E-09  -4.3299926E-10
 -9.2483570E-08   1.4355652E-06  -1.2866367E-07  -3.9549556E-06  -5.0693065E-06  -3.3983106E-06  -4.0521005E-06  -2.5671928E-07   5.8859038E-05  -4.9652505E-06  -9.3191097E-05   1.4385393E-03   9.1393146E-04   2.5038632E-04   2.0183711E-04   1.2251155E-04  -1.7387243E-05   4.8914862E-05   7.2740415E-05   1.0092660E-04   5.4864479E-07   2.7667404E-07  -4.6293414E-07   1.2996427E-06   2.3049120E-06   1.5859403E-05  -1.2509487E-08  -4.7421637E-09
  1.5843210E-08  -1.2866367E-07   9.3759625E-08   3.8129035E-07   6.3594195E-07   4.0447453E-07   2.2384965E-07   3.7560880E-08  -3.0015155E-06  -7.3784288E-07   1.3919756E-05  -1.9492978E-04  -1.1194101E-04  -4.3442744E-05  -2.3148745E-05  -1.3054723E-05   4.7177737E-06  -3.2837263E-06  -8.3941280E-06  -8.1477004E-06  -1.3154301E-07  -3.6673582E-08  -8.2723461E-08  -4.0717312E-07  -4.5518274E-07  -3.1638037E-06  -2.7901458E-10   2.0511928E-10
  2.9659593E-07  -3.9549556E-06   3.8129035E-07   5.6581206E-05   9.9938935E-05   1.1670020E-05   6.8770521E-08  -1.4707454E-06  -1.2521153E-03   2.6555512E-05   7.1655850E-04  -1.2163734E-02  -4.9549767E-03  -8.7335980E-04  -5.6579986E-04  -9.1953513E-04   6.6506696E-05  -1.0195876E-04  -2.4503397E-04  -4.1125817E-04  -2.0849517E-06  -7.8184685E-07   3.5677789E-06  -5.5957208E-06  -1.5628003E-05  -6.6415156E-05  -4.6211801E-08  -2.3927307E-08
  5.0205161E-07  -5.0693065E-06   6.3594195E-07   9.9938935E-05   2.0668534E-04   1.5170448E-05  -9.2189141E-06   8.5991706E-06  -2.9040741E-03   8.2538529E-05   1.3482525E-03  -2.0688642E-02  -7.1802416E-03   1.2385738E-03   4.9980599E-03  -2.3308957E-03  -2.7359706E-04  -1.0017418E-03  -1.1308910E-03   5.8042102E-04  -1.1421456E-06  -1.7120120E-06   3.2841015E-06  -1.0613044E-05  -2.8755178E-05  -9.2045769E-05   8.8300335E-08  -1.1285158E-07
  2.3930979E-07  -3.3983106E-06   4.0447453E-07   1.1670020E-05   1.5170448E-05   1.7185679E-05   2.5123585E-05   6.4250194E-07  -4.1073806E-03   8.6422997E-05   9.8009903E-04  -2.3483306E-02  -7.3021718E-03   9.1911197E-04   4.3059344E-03  -2.1776749E-03   2.9858419E-04  -5.1471828E-04  -4.7479149E-04   9.8067184E-04  -9.3040467E-07   1.5514401E-06   2.3927413E-06  -1.9669628E-06  -3.3609631E-06  -4.4771066E-05  -7.1712930E-08  -3.4094783E-08
  1.8871044E-07  -4.0521005E-06   2.2384965E-07   6.8770521E-08  -9.2189141E-06   2.5123585E-05   1.1807822E-03   2.5964179E-06  -3.0272542E-03   2.1664801E-05   1.6643743E-03  -2.9329618E-02  -1.2495560E-02  -2.9556531E-03   1.0912141E-03  -2.4567428E-03  -1.6308663E-03  -6.4928394E-04  -5.3194337E-04   1.5182613E-04   8.4316904E-06   7.3724995E-06  -1.6705547E-05   4.5224636E-05  -4.4701888E-05  -1.5011449E-04  -3.0256652E-07  -1.4080172E-07
  2.3008388E-08  -2.5671928E-07   3.7560880E-08  -1.4707454E-06   8.5991706E-06   6.4250194E-07   2.5964179E-06   6.0044227E-06   5.4469618E-04  -9.1063987E-07   5.3497066E-05   2.5183026E-03   3.1515301E-04   3.2056115E-04   1.2419609E-03  -6.0562740E-06  -3.9589270E-05  -1.5535980E-04  -1.2856834E-04   6.4213331E-04   1.0275014E-06  -2.9646603E-08  -3.3383566E-07  -3.9276554E-07  -1.5152101E-08   6.8754988E-06   2.4815019E-08  -1.5185906E-08
 -6.4273314E-05   5.8859038E-05  -3.0015155E-06  -1.2521153E-03  -2.9040741E-03  -4.1073806E-03  -3.0272542E-03   5.4469618E-04   4.4296855E+01  -3.7783451E-01  -9.4750495E-01   3.6715200E+01   2.0902273E+00  -1.2883928E+01  -5.4955512E+01  -1.2195542E-01   1.7690775E-01   6.5960637E-01  -5.7580105E+00  -3.3098010E+01   1.3862107E-04  -3.0990277E-04   3.2061427E-03   9.0187033E-04  -3.3238156E-03   1.3439807E-02  -1.8291435E-04   7.0692574E-04
  1.3820490E-06  -4.9652505E-06  -7.3784288E-07   2.6555512E-05   8.2538529E-05   8.6422997E-05   2.1664801E-05  -9.1063987E-07  -3.7783451E-01   8.1268263E-02  -3.1505715E-02  -6.2222770E-01   9.3376516E-01   1.7243076E+00   6.3514295E-01   3.4210614E-02  -6.1100647E-03   1.3801880E-02   1.2075448E-01   1.4294772E-01   1.0062718E-04   2.4488332E-05  -4.8791078E-05  -1.3378006E-04  -2.2506573E-04   4.1806840E-04   3.6895086E-06  -2.5407448E-06
  2.2508725E-05  -9.3191097E-05   1.3919756E-05   7.1655850E-04   1.3482525E-03   9.8009903E-04   1.6643743E-03   5.3497066E-05  -9.4750495E-01  -3.1505715E-02   3.7639970E+00  -2.9977296E+01  -3.2620239E+00   7.5279288E+00   5.1588480E+00  -2.5605276E+00  -1.7414912E-01   1.4632167E-01   2.6188536E+00   3.3588191E+00  -2.5379852E-05   7.6742801E-04   2.4820604E-03   6.9079302E-04   7.8504948E-04  -2.5910600E-03   1.1340475E-04  -3.2977935E-05
 -3.7986004E-04   1.4385393E-03  -1.9492978E-04  -1.2163734E-02  -2.0688642E-02  -2.3483306E-02  -2.9329618E-02   2.5183026E-03   3.6715200E+01  -6.2222770E-01  -2.9977296E+01   7.7874231E+02   6.7862896E+01  -5.5595672E+01  -6.1142670E+01   1.2706025E+01  -6.2421763E+00   6.4064706E+00  -1.1707564E+01  -2.4477929E+01   3.6408606E-03  -1.6407899E-02  -1.9107469E-02   5.0129986E-04  -6.5599334E-03   5.8685428E-02   3.6856471E-03   3.9755817E-04
 -2.0871262E-04   9.1393146E-04  -1.1194101E-04  -4.9549767E-03  -7.1802416E-03  -7.3021718E-03  -1.2495560E-02   3.1515301E-04   2.0902273E+00   9.3376516E-01  -3.2620239E+00   6.7862896E+01   6.1098316E+01   4.0199989E+01   1.4338640E+01  -4.8778443E+00  -4.2795070E-01  -1.1445759E+00   3.5085816E+00   3.9589671E+00   1.1901477E-03  -9.5539035E-04  -4.4373928E-04  -3.5838396E-03  -8.8355130E-04   4.3395225E-02   1.3927056E-05   7.8591373E-05
 -4.7706144E-05   2.5038632E-04  -4.3442744E-05  -8.7335980E-04   1.2385738E-03   9.1911197E-04  -2.9556531E-03   3.2056115E-04  -1.2883928E+01   1.7243076E+00   7.5279288E+00  -5.5595672E+01   4.0199989E+01   8.4762177E+01   5.1923787E+01  -1.1423072E+01  -7.6552923E-01  -5.6579789E-01   5.0923052E+00   8.0613288E+00   1.4527346E-03   1.7948842E-03   4.2426082E-03  -2.9692070E-03  -4.6131660E-04   1.7378928E-02   3.8383579E-04  -4.1353758E-04
  3.8603816E-06   2.0183711E-04  -2.3148745E-05  -5.6579986E-04   4.9980599E-03   4.3059344E-03   1.0912141E-03   1.2419609E-03  -5.4955512E+01   6.3514295E-01   5.1588480E+00  -6.1142670E+01   1.4338640E+01   5.1923787E+01   1.0277490E+02  -8.7912833E+00  -6.4678311E-01  -1.4206648E+00   5.1581102E+00   3.2939824E+01  -1.1779835E-03  -7.8897861E-04  -5.3371341E-03  -1.7953448E-03   7.3774111E-03  -1.1062355E-02   4.2532089E-04  -1.3602422E-03
 -3.7537093E-05   1.2251155E-04  -1.3054723E-05  -9.1953513E-04  -2.3308957E-03  -2.1776749E-03  -2.4567428E-03  -6.0562740E-06  -1.2195542E-01   3.4210614E-02  -2.5605276E+00   1.2706025E+01  -4.8778443E+00  -1.1423072E+01  -8.7912833E+00   5.5849308E+00   7.3712824E-02  -1.6716025E-01  -2.0224071E+00  -2.3182873E+00   8.1152516E-04  -3.4945487E-04  -4.6364160E-04   4.2054270E-04   1.8984957E-04   4.7684602E-03  -8.2252584E-05  -2.1494933E-06
 -1.4707991E-06  -1.7387243E-05   4.7177737E-06   6.6506696E-05  -2.7359706E-04   2.9858419E-04  -1.6308663E-03  -3.9589270E-05   1.7690775E-01  -6.1100647E-03  -1.7414912E-01  -6.2421763E+00  -4.2795070E-01  -7.6552923E-01  -6.4678311E-01   7.3712824E-02   3.3316518E+00   5.8917907E-01   2.4573445E-01   2.0841483E-01   2.9504236E-04  -9.7566021E-05  -1.2096574E-03  -6.3918308E-05   2.8253710E-04  -2.1770070E-03   1.7762788E-04   1.7616967E-05
 -9.8483320E-06   4.8914862E-05  -3.2837263E-06  -1.0195876E-04  -1.0017418E-03  -5.1471828E-04  -6.4928394E-04  -1.5535980E-04   6.5960637E-01   1.3801880E-02   1.4632167E-01   6.4064706E+00  -1.1445759E+00  -5.6579789E-01  -1.4206648E+00  -1.6716025E-01   5.8917907E-01   3.1837269E+00   2.7041121E+00   2.6159720E+00  -6.4836132E-04  -7.2364811E-04  -8.1028059E-04   1.9439051E-04  -5.2162495E-04  -4.9382477E-03  -1.6467736E-04  -3.3606524E-05
 -1.1724335E-05   7.2740415E-05  -8.3941280E-06  -2.4503397E-04  -1.1308910E-03  -4.7479149E-04  -5.3194337E-04  -1.2856834E-04  -5.7580105E+00   1.2075448E-01   2.6188536E+00  -1.1707564E+01   3.5085816E+00   5.0923052E+00   5.1581102E+00  -2.0224071E+00   2.4573445E-01   2.7041121E+00   1.0797178E+01   1.9303877E+01  -3.3072263E-04  -1.5368282E-04  -8.0216277E-04  -3.1782222E-04  -5.6444617E-04   3.1032984E-03  -1.2791774E-05   4.3257165E-04
  6.1015716E-06   1.0092660E-04  -8.1477004E-06  -4.1125817E-04   5.8042102E-04   9.8067184E-04   1.5182613E-04   6.4213331E-04  -3.3098010E+01   1.4294772E-01   3.3588191E+00  -2.4477929E+01   3.9589671E+00   8.0613288E+00   3.2939824E+01  -2.3182873E+00   2.0841483E-01   2.6159720E+00   1.9303877E+01   5.3591837E+01  -2.1790562E-04   5.4437984E-04  -3.0787054E-03  -3.1932945E-05  -8.7666024E-05  -2.5451148E-03   7.7995381E-05   9.6463147E-04
 -5.0649917E-08   5.4864479E-07  -1.3154301E-07  -2.0849517E-06  -1.1421456E-06  -9.3040467E-07   8.4316904E-06   1.0275014E-06   1.3862107E-04   1.0062718E-04  -2.5379852E-05   3.6408606E-03   1.1901477E-03   1.4527346E-03  -1.1779835E-03   8.1152516E-04   2.9504236E-04  -6.4836132E-04  -3.3072263E-04  -2.1790562E-04   1.4382866E-03   2.6012471E-04   6.1693828E-05  -3.8898496E-04  -1.2630129E-04  -1.4934376E-04   7.0959545E-08   1.4215068E-07
 -6.5434273E-08   2.7667404E-07  -3.6673582E-08  -7.8184685E-07  -1.7120120E-06   1.5514401E-06   7.3724995E-06  -2.9646603E-08  -3.0990277E-04   2.4488332E-05   7.6742801E-04  -1.6407899E-02  -9.5539035E-04   1.7948842E-03  -7.8897861E-04  -3.4945487E-04  -9.7566021E-05  -7.2364811E-04  -1.5368282E-04   5.4437984E-04   2.6012471E-04   8.7135143E-04   3.3602026E-05   7.4853711E-04   3.6879867E-05  -7.3032733E-04  -1.1946170E-07   5.0415327E-10
 -1.6474908E-08  -4.6293414E-07  -8.2723461E-08   3.5677789E-06   3.2841015E-06   2.3927413E-06  -1.6705547E-05  -3.3383566E-07   3.2061427E-03  -4.8791078E-05   2.4820604E-03  -1.9107469E-02  -4.4373928E-04   4.2426082E-03  -5.3371341E-03  -4.6364160E-04  -1.2096574E-03  -8.1028059E-04  -8.0216277E-04  -3.0787054E-03   6.1693828E-05   3.3602026E-05   7.1356635E-03  -2.6337028E-04   6.4340448E-04   4.5304108E-03   3.6806679E-07  -6.7680043E-08
 -3.3913299E-07   1.2996427E-06  -4.0717312E-07  -5.5957208E-06  -1.0613044E-05  -1.9669628E-06   4.5224636E-05  -3.9276554E-07   9.0187033E-04  -1.3378006E-04   6.9079302E-04   5.0129986E-04  -3.5838396E-03  -2.9692070E-03  -1.7953448E-03   4.2054270E-04  -6.3918308E-05   1.9439051E-04  -3.1782222E-04  -3.1932945E-05  -3.8898496E-04   7.4853711E-04  -2.6337028E-04   2.9290406E-03   5.8229144E-04  -7.9327085E-04  -1.4812337E-08  -2.7452538E-07
 -5.6153231E-07   2.3049120E-06  -4.5518274E-07  -1.5628003E-05  -2.8755178E-05  -3.3609631E-06  -4.4701888E-05  -1.5152101E-08  -3.3238156E-03  -2.2506573E-04   7.8504948E-04  -6.5599334E-03  -8.8355130E-04  -4.6131660E-04   7.3774111E-03   1.8984957E-04   2.8253710E-04  -5.2162495E-04  -5.6444617E-04  -8.7666024E-05  -1.2630129E-04   3.6879867E-05   6.4340448E-04   5.8229144E-04   6.5474761E-03   8.2905466E-03   8.4828560E-07  -5.1010648E-07
 -2.6171394E-06   1.5859403E-05  -3.1638037E-06  -6.6415156E-05  -9.2045769E-05  -4.4771066E-05  -1.5011449E-04   6.8754988E-06   1.3439807E-02   4.1806840E-04  -2.5910600E-03   5.8685428E-02   4.3395225E-02   1.7378928E-02  -1.1062355E-02   4.7684602E-03  -2.1770070E-03  -4.9382477E-03   3.1032984E-03  -2.5451148E-03  -1.4934376E-04  -7.3032733E-04   4.5304108E-03  -7.9327085E-04   8.2905466E-03   7.2684630E-02   3.8907388E-07  -5.0381375E-07
  1.9407984E-09  -1.2509487E-08  -2.7901458E-10  -4.6211801E-08   8.8300335E-08  -7.1712930E-08  -3.0256652E-07   2.4815019E-08  -1.8291435E-04   3.6895086E-06   1.1340475E-04   3.6856471E-03   1.3927056E-05   3.8383579E-04   4.2532089E-04  -8.2252584E-05   1.7762788E-04  -1.6467736E-04  -1.2791774E-05   7.7995381E-05   7.0959545E-08  -1.1946170E-07   3.6806679E-07  -1.4812337E-08   8.4828560E-07   3.8907388E-07   3.7368714E-07   4.3915131E-10
 -4.3299926E-10  -4.7421637E-09   2.0511928E-10  -2.3927307E-08  -1.1285158E-07  -3.4094783E-08  -1.4080172E-07  -1.5185906E-08   7.0692574E-04  -2.5407448E-06  -3.2977935E-05   3.9755817E-04   7.8591373E-05  -4.1353758E-04  -1.3602422E-03  -2.1494933E-06   1.7616967E-05  -3.3606524E-05   4.3257165E-04   9.6463147E-04   1.4215068E-07   5.0415327E-10  -6.7680043E-08  -2.7452538E-07  -5.1010648E-07  -5.0381375E-07   4.3915131E-10   3.8998950E-07
