# omegabh2 omegach2 theta logA ns DES_m1 DES_m2 DES_m3 DES_m4 DES_AIA DES_alphaIA DES_DzS1 DES_DzS2 DES_DzS3 DES_DzS4
  2.5510671E-07   1.0901435E-06   8.2940970E-07  -6.2267222E-06  -2.2831926E-07  -1.2936951E-08  -1.5647803E-09  -1.4174155E-07  -1.7727089E-07   4.3612085E-06   1.2827327E-05   1.0865091E-08   1.0861296E-08  -3.1212174E-08   1.2311485E-08
  1.0901435E-06   9.4599961E-04   9.3255333E-04  -1.1286505E-02  -7.3922496E-05   9.9822618E-06  -1.2641724E-05  -1.5542782E-05   3.2404695E-05   3.1186953E-03  -8.8134601E-04   2.5949601E-05  -2.7197508E-05  -2.7543009E-07   1.6599256E-05
  8.2940970E-07   9.3255333E-04   9.4283301E-04  -1.1330372E-02  -7.6165670E-05   1.1726060E-05  -1.3652664E-05  -1.4693318E-05   3.3760064E-05   3.2370916E-03  -8.2145882E-04   2.6287695E-05  -2.6842650E-05  -4.4582048E-07   1.7619367E-05
 -6.2267222E-06  -1.1286505E-02  -1.1330372E-02   1.4366831E-01   6.5628549E-04  -7.7887977E-05   1.3044015E-04  -3.6509991E-04  -7.5466107E-04  -1.5905433E-02   5.0088948E-03  -1.8141537E-04   2.9479522E-04  -1.6625601E-04  -5.2375535E-04
 -2.2831926E-07  -7.3922496E-05  -7.6165670E-05   6.5628549E-04   3.9654188E-04   2.7335518E-06   3.4709852E-08  -4.4633467E-07  -6.0402077E-06  -9.6749076E-06   2.2183448E-04   8.0144557E-07  -2.8191864E-06  -8.0842866E-07   2.1892549E-06
 -1.2936951E-08   9.9822618E-06   1.1726060E-05  -7.7887977E-05   2.7335518E-06   5.1386761E-04   4.0685382E-06  -2.0619918E-06   5.7060522E-06   1.1562914E-03  -1.3663408E-03  -1.7455914E-05   7.1318262E-06  -2.2470489E-06   8.2352664E-07
 -1.5647803E-09  -1.2641724E-05  -1.3652664E-05   1.3044015E-04   3.4709852E-08   4.0685382E-06   5.0183186E-04   4.3365000E-06   1.0187845E-05   7.2757489E-04  -1.0816627E-04   1.5051351E-05  -2.8820749E-05   7.7351736E-06   4.4496974E-06
 -1.4174155E-07  -1.5542782E-05  -1.4693318E-05  -3.6509991E-04  -4.4633467E-07  -2.0619918E-06   4.3365000E-06   4.5951404E-04   5.1496848E-05  -1.7154126E-03   2.6086379E-04  -3.8608238E-06   1.1993172E-05  -2.0794240E-05   4.6665711E-05
 -1.7727089E-07   3.2404695E-05   3.3760064E-05  -7.5466107E-04  -6.0402077E-06   5.7060522E-06   1.0187845E-05   5.1496848E-05   4.6469355E-04  -3.8673343E-04   1.5198004E-03   4.1295553E-08   7.1289496E-06   1.2495213E-05  -5.5047381E-05
  4.3612085E-06   3.1186953E-03   3.2370916E-03  -1.5905433E-02  -9.6749076E-06   1.1562914E-03   7.2757489E-04  -1.7154126E-03  -3.8673343E-04   4.3773497E-01   5.5379095E-01   2.5358909E-03   1.0826663E-03  -5.1337781E-04  -1.6020578E-03
  1.2827327E-05  -8.8134601E-04  -8.2145882E-04   5.0088948E-03   2.2183448E-04  -1.3663408E-03  -1.0816627E-04   2.6086379E-04   1.5198004E-03   5.5379095E-01   4.8888689E+00  -4.5601690E-03  -1.6553767E-04   7.0438183E-04  -1.3944505E-03
  1.0865091E-08   2.5949601E-05   2.6287695E-05  -1.8141537E-04   8.0144557E-07  -1.7455914E-05   1.5051351E-05  -3.8608238E-06   4.1295553E-08   2.5358909E-03  -4.5601690E-03   2.1732527E-04   2.1968264E-05   1.3287799E-07  -4.7463932E-06
  1.0861296E-08  -2.7197508E-05  -2.6842650E-05   2.9479522E-04  -2.8191864E-06   7.1318262E-06  -2.8820749E-05   1.1993172E-05   7.1289496E-06   1.0826663E-03  -1.6553767E-04   2.1968264E-05   1.4084106E-04   5.9908461E-06   5.9081478E-06
 -3.1212174E-08  -2.7543009E-07  -4.4582048E-07  -1.6625601E-04  -8.0842866E-07  -2.2470489E-06   7.7351736E-06  -2.0794240E-05   1.2495213E-05  -5.1337781E-04   7.0438183E-04   1.3287799E-07   5.9908461E-06   1.1223052E-04   1.6415317E-05
  1.2311485E-08   1.6599256E-05   1.7619367E-05  -5.2375535E-04   2.1892549E-06   8.2352664E-07   4.4496974E-06   4.6665711E-05  -5.5047381E-05  -1.6020578E-03  -1.3944505E-03  -4.7463932E-06   5.9081478E-06   1.6415317E-05   4.2607200E-04
