# omegabh2 omegach2 theta tau w ns logA aps100 aps143 aps217 acib143 acib217 asz143 psr cibr ncib cal0 cal2 xi aksz bm_1_1 bm_1_2 bm_1_3 bm_1_4 bm_1_5 bm_2_1 bm_2_2 bm_2_3 bm_2_4 bm_2_5 bm_3_1 bm_3_2 bm_3_3 bm_3_4 bm_3_5 bm_4_1 bm_4_2 bm_4_3 bm_4_4 bm_4_5 a_ps_act_148 a_ps_act_217 a_ps_spt_95 a_ps_spt_150 a_ps_spt_220 r_ps_spt_95x150 r_ps_spt_95x220 r_ps_150x220 act_dust_s act_dust_e cal_acts_148 cal_acts_217 cal_acte_148 cal_acte_217 cal_spt_95 cal_spt_150 cal_spt_220
    0.66621E-07   -0.29869E-06    0.65760E-07    0.63359E-06    0.12005E-04    0.83117E-06    0.68525E-06   -0.22877E-03   -0.67753E-03   -0.58190E-03    0.54617E-05    0.44431E-04    0.20091E-04   -0.11587E-05   -0.19746E-06    0.65335E-06   -0.13324E-08    0.72320E-09   -0.23433E-05   -0.45698E-04   -0.11195E-04   -0.14037E-04   -0.55330E-06   -0.19957E-05    0.19714E-05   -0.12238E-05   -0.50903E-05    0.30400E-05    0.56667E-05   -0.13898E-05    0.42526E-05   -0.65319E-05   -0.27717E-05   -0.43632E-05   -0.24054E-05    0.14857E-05    0.37031E-06   -0.68522E-05   -0.25272E-05    0.26344E-05    0.10888E-04    0.67079E-04    0.20089E-04    0.20231E-04    0.94334E-04   -0.17124E-06    0.15744E-06   -0.71081E-07    0.22050E-06   -0.11664E-05    0.36959E-06    0.43688E-06    0.39000E-06    0.36598E-06    0.73735E-06    0.63771E-06    0.49918E-06
   -0.29869E-06    0.55061E-05   -0.53106E-06   -0.82704E-05   -0.19344E-03   -0.12575E-04   -0.30136E-05    0.76647E-03    0.24862E-02    0.23333E-02   -0.51236E-04   -0.20377E-03   -0.63948E-04    0.18856E-05    0.27581E-05    0.30049E-06   -0.14885E-08    0.53891E-07    0.52350E-05    0.46259E-04    0.96909E-04   -0.31262E-04   -0.60977E-04    0.19429E-04    0.24936E-04    0.58026E-04    0.16387E-04   -0.88778E-04    0.38474E-04   -0.29219E-04   -0.84695E-04   -0.39167E-04   -0.82880E-05    0.13583E-05   -0.90001E-05   -0.13960E-05   -0.32587E-04    0.29823E-05    0.75058E-04    0.47779E-04   -0.21419E-04   -0.22180E-03   -0.38993E-04   -0.58713E-04   -0.37121E-03   -0.89564E-06   -0.27029E-05   -0.84366E-07   -0.57479E-05   -0.26264E-06   -0.14619E-05   -0.18774E-05   -0.14943E-05   -0.13825E-05   -0.26043E-05   -0.25577E-05   -0.26394E-05
    0.65760E-07   -0.53106E-06    0.36049E-06    0.10150E-05    0.26223E-04    0.16518E-05    0.10718E-05   -0.18431E-04   -0.25599E-03   -0.28965E-03    0.11833E-04    0.20347E-04    0.18723E-04   -0.77083E-06    0.13794E-06    0.61818E-08    0.93839E-09   -0.18061E-07    0.50878E-06   -0.17286E-04   -0.25823E-05   -0.28760E-05    0.82389E-05   -0.75689E-05    0.36159E-05   -0.94080E-05   -0.64896E-05    0.29542E-06   -0.15217E-04    0.73238E-05    0.11548E-04   -0.11765E-05    0.89023E-05   -0.92895E-05   -0.15412E-04    0.20338E-05   -0.63066E-05   -0.29513E-05    0.25057E-05   -0.11536E-04    0.10773E-04    0.28706E-04    0.56467E-05    0.10760E-04    0.54619E-04    0.58443E-06    0.15163E-05   -0.16237E-06   -0.11085E-05   -0.27201E-05    0.25324E-06    0.29586E-06    0.25417E-06    0.16093E-06    0.54839E-06    0.50364E-06    0.41482E-06
    0.63359E-06   -0.82704E-05    0.10150E-05    0.14896E-03    0.35574E-03    0.25985E-04    0.27535E-03   -0.10847E-01   -0.11198E-01   -0.75336E-02    0.14974E-03   -0.37524E-03    0.20250E-03   -0.20090E-04   -0.19075E-04   -0.38979E-05   -0.56100E-07   -0.31274E-06   -0.41519E-05   -0.85018E-03   -0.39252E-03   -0.20839E-03    0.39536E-03   -0.18543E-04   -0.51709E-04   -0.27288E-03    0.10690E-03   -0.18115E-04    0.18945E-04    0.16398E-03    0.23702E-03    0.10078E-03   -0.33979E-03    0.21513E-03    0.17785E-03   -0.15270E-04   -0.12783E-03    0.21209E-03   -0.13517E-03    0.28186E-04    0.30997E-03    0.16724E-02    0.41724E-03    0.43888E-03    0.26785E-02   -0.49845E-05   -0.70320E-05   -0.12349E-05   -0.35443E-04   -0.65940E-05    0.73402E-05    0.51818E-05    0.47598E-05    0.45141E-05    0.11803E-04    0.92902E-05    0.10414E-04
    0.12005E-04   -0.19344E-03    0.26223E-04    0.35574E-03    0.13883E-01    0.45594E-03    0.23849E-03   -0.11697E-01   -0.84297E-01   -0.94440E-01    0.87168E-03    0.52425E-02   -0.56914E-03   -0.59698E-04   -0.61650E-04   -0.48715E-04    0.36049E-06   -0.20026E-05    0.77376E-04    0.24765E-02   -0.43827E-02    0.27469E-02    0.12375E-02   -0.14728E-02   -0.13440E-03   -0.20703E-02   -0.52578E-03    0.35100E-02    0.10031E-02   -0.22137E-03    0.35838E-02    0.31944E-02   -0.25222E-03   -0.11049E-04    0.13141E-02   -0.18589E-03    0.30987E-02   -0.87873E-03   -0.44965E-03    0.40790E-03    0.81910E-03    0.10187E-01    0.15371E-02    0.25443E-02    0.14161E-01    0.74736E-04    0.11563E-03    0.10738E-04    0.53301E-04   -0.87637E-04    0.55268E-04    0.70720E-04    0.47512E-04    0.57478E-04    0.10898E-03    0.10114E-03    0.70834E-04
    0.83117E-06   -0.12575E-04    0.16518E-05    0.25985E-04    0.45594E-03    0.44972E-04    0.17686E-04   -0.31587E-01   -0.18716E-01   -0.13923E-01    0.41142E-04    0.12606E-02    0.67423E-03   -0.21982E-04   -0.11339E-04    0.22216E-04   -0.10617E-06    0.19953E-06   -0.13592E-03   -0.12228E-02   -0.33202E-03   -0.19136E-03   -0.18466E-06   -0.80659E-04    0.32405E-05    0.28504E-03    0.10213E-03    0.17812E-03    0.13671E-04    0.41911E-04    0.22520E-03    0.14300E-04    0.15404E-04   -0.13730E-03   -0.16491E-04    0.31501E-03    0.20648E-03    0.10212E-03   -0.96485E-04   -0.55727E-04    0.19590E-03    0.11708E-02    0.28814E-03    0.30811E-03    0.13009E-02   -0.12708E-04   -0.82671E-05   -0.56035E-06    0.48317E-06   -0.26240E-04    0.90561E-05    0.82519E-05    0.82149E-05    0.65594E-05    0.14493E-04    0.12574E-04    0.10956E-04
    0.68525E-06   -0.30136E-05    0.10718E-05    0.27535E-03    0.23849E-03    0.17686E-04    0.54463E-03   -0.28194E-01   -0.18966E-01   -0.10989E-01    0.17137E-03   -0.78853E-03    0.32993E-03   -0.40890E-04   -0.36431E-04    0.57815E-05   -0.45323E-07   -0.19732E-06   -0.34481E-04   -0.19438E-02   -0.14277E-03   -0.48325E-03    0.65427E-03    0.35299E-04   -0.12751E-04   -0.20828E-04    0.33084E-03   -0.26259E-03    0.15447E-03    0.16749E-03    0.29700E-03    0.82759E-04   -0.74731E-03    0.39908E-03    0.18799E-03    0.24706E-03   -0.17186E-03    0.46522E-03   -0.43438E-04    0.21471E-03    0.55531E-03    0.26642E-02    0.88821E-03    0.71801E-03    0.43000E-02   -0.20420E-04   -0.32953E-04   -0.28929E-05   -0.78373E-04   -0.12581E-04    0.12038E-04    0.64236E-05    0.70821E-05    0.64739E-05    0.17997E-04    0.13099E-04    0.14372E-04
   -0.22877E-03    0.76647E-03   -0.18431E-04   -0.10847E-01   -0.11697E-01   -0.31587E-01   -0.28194E-01    0.15901E+04    0.74129E+02    0.13421E+02    0.28270E+00    0.47650E+00   -0.10573E+02   -0.62432E-02   -0.13519E+00   -0.29645E-01    0.10862E-02   -0.30790E-02    0.96845E+00    0.73984E+01    0.15938E+02   -0.68506E+01    0.11891E+01    0.71454E+00   -0.25021E+00   -0.25907E+01   -0.46463E+01   -0.27089E+00   -0.14534E+01   -0.81519E+00   -0.47787E-01    0.85389E+00    0.10383E+01   -0.42369E+00   -0.37575E+01   -0.13458E+01   -0.20962E+01   -0.17400E+01   -0.95246E+00    0.21650E+01    0.42582E+00   -0.76054E+00    0.57585E+01   -0.48742E+00    0.54562E+01   -0.49362E-01   -0.35177E+00   -0.63297E-01    0.11635E-01    0.41258E-01   -0.25760E-01    0.16641E-01   -0.22587E-01    0.94856E-02   -0.43260E-01   -0.23602E-01    0.10703E-01
   -0.67753E-03    0.24862E-02   -0.25599E-03   -0.11198E-01   -0.84297E-01   -0.18716E-01   -0.18966E-01    0.74129E+02    0.62517E+02    0.16372E+02    0.21951E+00    0.12939E+00   -0.18824E+01    0.30774E-01    0.23684E-01   -0.30095E-01    0.43215E-05   -0.92672E-03    0.17210E+00    0.29533E+00   -0.13273E+00    0.18325E+00    0.13256E+00    0.67106E-01   -0.13450E+00    0.23096E-01   -0.80294E-01   -0.24311E+00   -0.29995E+00    0.15350E+00   -0.21350E+00    0.31519E+00   -0.10389E-01    0.62807E-01    0.14553E+00   -0.24125E-01   -0.24892E+00   -0.78238E-01    0.27751E-01    0.33723E-01    0.32618E+00   -0.11351E+01    0.10945E+01   -0.17398E+00   -0.10509E+01    0.13077E-01   -0.57563E-01   -0.34038E-01    0.18412E-02    0.42036E-01   -0.13086E-01   -0.55808E-02   -0.11898E-01   -0.54553E-02   -0.23219E-01   -0.16108E-01   -0.73235E-02
   -0.58190E-03    0.23333E-02   -0.28965E-03   -0.75336E-02   -0.94440E-01   -0.13923E-01   -0.10989E-01    0.13421E+02    0.16372E+02    0.96261E+02   -0.12509E+01   -0.34936E+02    0.29896E+00   -0.35887E+00   -0.27463E-01   -0.45985E+00    0.53549E-04    0.52833E-04    0.24661E-01    0.12533E+01   -0.79788E-01    0.33918E+00    0.11347E+00   -0.87282E-01   -0.90517E-01   -0.62490E-01    0.13291E+00    0.22237E-01   -0.10654E+00    0.26260E+00   -0.31460E-02    0.30225E+00   -0.35796E-01    0.27855E+00    0.20708E+00   -0.45729E-01    0.48986E-02    0.18852E+00    0.40174E-01   -0.26321E+00    0.30236E+00    0.18052E+02   -0.84352E+00    0.66187E+00    0.92333E+01   -0.48306E-01   -0.75595E-01    0.91483E-03    0.24546E-01    0.54889E-01   -0.56423E-02   -0.28546E-01   -0.44027E-02   -0.30922E-01   -0.59052E-02   -0.10145E-01   -0.57019E-01
    0.54617E-05   -0.51236E-04    0.11833E-04    0.14974E-03    0.87168E-03    0.41142E-04    0.17137E-03    0.28270E+00    0.21951E+00   -0.12509E+01    0.66343E+00    0.12739E+01    0.56359E+00    0.37492E-02   -0.33669E-02   -0.15611E-02    0.29864E-05    0.77202E-04    0.60107E-02   -0.94526E+00   -0.28020E-02   -0.26249E-01   -0.13148E-01   -0.30332E-02    0.10799E-01    0.18489E-02   -0.19484E-02   -0.14218E-01    0.12887E-01   -0.88451E-02    0.16777E-01   -0.19505E-01    0.64817E-02   -0.10177E-01   -0.50682E-02    0.13841E-01   -0.46079E-02    0.10456E-03    0.19045E-01    0.12304E-01    0.53458E-01   -0.17774E+00   -0.21746E+00   -0.19061E-01   -0.12072E+00    0.49138E-01    0.47196E-01   -0.40597E-02   -0.14061E-02   -0.73314E-03    0.11847E-03    0.54944E-03    0.24813E-03    0.33404E-03   -0.60930E-03    0.58750E-03    0.19447E-02
    0.44431E-04   -0.20377E-03    0.20347E-04   -0.37524E-03    0.52425E-02    0.12606E-02   -0.78853E-03    0.47650E+00    0.12939E+00   -0.34936E+02    0.12739E+01    0.21655E+02    0.19712E+01    0.21708E+00    0.22100E-01    0.28869E+00    0.21876E-04   -0.25539E-04   -0.35452E+00   -0.44391E+01    0.19074E+00   -0.20176E+00   -0.15821E-01   -0.53329E-01    0.32390E-01    0.47832E-01    0.33458E-01   -0.14754E+00    0.25141E+00   -0.19798E+00   -0.17103E+00   -0.39432E+00   -0.34920E-01   -0.32391E+00   -0.19582E+00   -0.67636E-01   -0.10367E+00   -0.17326E-01    0.16037E+00    0.35816E+00   -0.41792E+00   -0.12032E+02   -0.84846E-01   -0.75369E+00   -0.81006E+01    0.58655E-01    0.66303E-01   -0.91812E-02    0.36724E-02   -0.37884E-02   -0.86466E-03    0.67163E-02   -0.15953E-02    0.80178E-02   -0.10854E-02   -0.22939E-02    0.19903E-01
    0.20091E-04   -0.63948E-04    0.18723E-04    0.20250E-03   -0.56914E-03    0.67423E-03    0.32993E-03   -0.10573E+02   -0.18824E+01    0.29896E+00    0.56359E+00    0.19712E+01    0.19831E+01    0.19201E-01    0.22810E-01    0.15243E-01    0.12162E-04   -0.10419E-03   -0.18728E+00   -0.24101E+01    0.50247E-01   -0.21524E-01   -0.13649E-03   -0.21037E-01   -0.13294E-01    0.70992E-01   -0.19480E-03   -0.55184E-01    0.39088E-01   -0.14666E-02   -0.86789E-01   -0.29759E-01   -0.37644E-01   -0.51222E-01    0.25831E-02    0.64765E-02   -0.29794E-01   -0.36804E-01    0.29435E-01    0.36096E-01   -0.79819E-01   -0.71209E+00   -0.80866E+00   -0.10391E+00   -0.12622E+01    0.44534E-01    0.72125E-01   -0.18070E-02    0.46722E-02   -0.10378E-02    0.62770E-03   -0.24484E-02    0.60977E-03   -0.25721E-02    0.40237E-02    0.27697E-03   -0.19183E-02
   -0.11587E-05    0.18856E-05   -0.77083E-06   -0.20090E-04   -0.59698E-04   -0.21982E-04   -0.40890E-04   -0.62432E-02    0.30774E-01   -0.35887E+00    0.37492E-02    0.21708E+00    0.19201E-01    0.43561E-02   -0.14295E-03    0.30982E-02    0.21648E-06   -0.37926E-05   -0.14724E-02   -0.23159E-01    0.13519E-02    0.86674E-03    0.54560E-03   -0.13634E-03    0.27643E-03    0.12967E-03   -0.33811E-02    0.36855E-03   -0.15491E-02    0.24517E-03   -0.13492E-02    0.11392E-02   -0.18773E-02    0.76917E-04    0.38914E-03   -0.25368E-03   -0.10991E-02   -0.36227E-02   -0.32248E-02   -0.85861E-03   -0.22827E-02   -0.14911E+00   -0.81500E-02   -0.41023E-02   -0.10544E+00    0.43203E-03    0.14310E-02    0.34564E-03    0.80922E-04   -0.44126E-04   -0.28691E-04   -0.17842E-05   -0.43552E-04    0.26444E-04    0.90278E-05   -0.52244E-04    0.16275E-03
   -0.19746E-06    0.27581E-05    0.13794E-06   -0.19075E-04   -0.61650E-04   -0.11339E-04   -0.36431E-04   -0.13519E+00    0.23684E-01   -0.27463E-01   -0.33669E-02    0.22100E-01    0.22810E-01   -0.14295E-03    0.31577E-02   -0.33874E-03    0.87182E-07    0.49571E-05   -0.59671E-03   -0.14209E-01   -0.71894E-04    0.29611E-03    0.24014E-03    0.15874E-03   -0.99857E-03   -0.19031E-02    0.50088E-04   -0.22232E-02    0.14530E-02    0.64829E-03    0.66299E-03   -0.47446E-03   -0.34803E-03   -0.14198E-02    0.64677E-04   -0.39222E-03   -0.22530E-02    0.54009E-03    0.24500E-02    0.10072E-02    0.67999E-02    0.85082E-02   -0.13874E-01    0.39184E-02    0.73866E-02    0.14496E-03    0.16308E-02   -0.46463E-03   -0.81515E-04   -0.31875E-04   -0.29991E-06    0.37697E-04    0.32435E-05    0.38779E-04    0.96116E-04    0.17444E-04    0.74896E-04
    0.65335E-06    0.30049E-06    0.61818E-08   -0.38979E-05   -0.48715E-04    0.22216E-04    0.57815E-05   -0.29645E-01   -0.30095E-01   -0.45985E+00   -0.15611E-02    0.28869E+00    0.15243E-01    0.30982E-02   -0.33874E-03    0.52732E-02    0.39362E-06   -0.94530E-05   -0.55128E-02   -0.35496E-01    0.58287E-02   -0.58944E-02   -0.11294E-02   -0.21756E-02    0.17765E-03    0.22863E-02    0.43090E-02   -0.40285E-02    0.84788E-02   -0.61384E-02   -0.72804E-02   -0.11571E-01   -0.60778E-03   -0.79685E-02   -0.54965E-02   -0.35315E-02   -0.12352E-02    0.35584E-02    0.69786E-02    0.10750E-01   -0.99580E-02   -0.19740E+00    0.30086E-02   -0.11375E-01   -0.14149E+00   -0.57186E-03   -0.26325E-03    0.27717E-03    0.97012E-04    0.28694E-04   -0.91191E-05    0.33272E-04   -0.25862E-04    0.63432E-04    0.33134E-04   -0.52172E-04    0.17461E-03
   -0.13324E-08   -0.14885E-08    0.93839E-09   -0.56100E-07    0.36049E-06   -0.10617E-06   -0.45323E-07    0.10862E-02    0.43215E-05    0.53549E-04    0.29864E-05    0.21876E-04    0.12162E-04    0.21648E-06    0.87182E-07    0.39362E-06    0.15076E-06    0.51889E-08   -0.10930E-05   -0.11526E-04   -0.26993E-04   -0.18762E-04    0.61996E-05    0.89721E-06   -0.32487E-05    0.92484E-05    0.53431E-06    0.28587E-05    0.76236E-05   -0.95767E-06    0.18986E-05   -0.11198E-06   -0.42382E-05    0.21217E-05   -0.68914E-05    0.73418E-05    0.46357E-05   -0.34248E-06   -0.73489E-06    0.82426E-05    0.20522E-06   -0.17291E-04   -0.43344E-05   -0.34947E-05   -0.31849E-04    0.27568E-06    0.40728E-06    0.87394E-09    0.10081E-06    0.10517E-05    0.37337E-08   -0.14291E-07    0.71700E-08   -0.55463E-07    0.12510E-07   -0.54840E-07   -0.35893E-07
    0.72320E-09    0.53891E-07   -0.18061E-07   -0.31274E-06   -0.20026E-05    0.19953E-06   -0.19732E-06   -0.30790E-02   -0.92672E-03    0.52833E-04    0.77202E-04   -0.25539E-04   -0.10419E-03   -0.37926E-05    0.49571E-05   -0.94530E-05    0.51889E-08    0.11337E-05    0.22860E-04    0.59935E-04    0.74894E-04    0.31495E-04   -0.10846E-04   -0.15908E-04    0.19662E-04    0.42490E-03    0.26678E-04   -0.77085E-05   -0.85531E-05    0.31586E-04   -0.35458E-03    0.36196E-04   -0.63298E-04    0.35367E-04    0.90941E-06    0.80763E-04    0.76121E-04   -0.57960E-04   -0.74543E-04    0.59923E-05    0.53959E-04    0.35760E-03    0.67754E-04    0.38930E-04    0.44641E-03    0.48979E-05    0.25660E-05   -0.31517E-05   -0.14824E-05   -0.53207E-06    0.25903E-06    0.11835E-05    0.40773E-06    0.12301E-05   -0.46071E-06    0.67943E-06    0.17633E-05
   -0.23433E-05    0.52350E-05    0.50878E-06   -0.41519E-05    0.77376E-04   -0.13592E-03   -0.34481E-04    0.96845E+00    0.17210E+00    0.24661E-01    0.60107E-02   -0.35452E+00   -0.18728E+00   -0.14724E-02   -0.59671E-03   -0.55128E-02   -0.10930E-05    0.22860E-04    0.64918E-01    0.36944E+00   -0.88662E-02    0.91249E-03   -0.35602E-02    0.27396E-02    0.45177E-03   -0.12362E-01    0.25216E-02    0.58496E-02   -0.23546E-02   -0.20806E-02    0.16715E-01    0.12986E-02    0.23491E-02    0.69959E-02   -0.34832E-03    0.13251E-03    0.44764E-02    0.71444E-02   -0.39032E-03   -0.61327E-02    0.63436E-01    0.14479E+00    0.54216E-02    0.58961E-01    0.22335E+00    0.47742E-02    0.85850E-02    0.10401E-02   -0.13545E-02   -0.35287E-03   -0.92449E-07    0.24661E-03    0.14644E-04    0.27805E-03   -0.27268E-03    0.28726E-03    0.59328E-03
   -0.45698E-04    0.46259E-04   -0.17286E-04   -0.85018E-03    0.24765E-02   -0.12228E-02   -0.19438E-02    0.73984E+01    0.29533E+00    0.12533E+01   -0.94526E+00   -0.44391E+01   -0.24101E+01   -0.23159E-01   -0.14209E-01   -0.35496E-01   -0.11526E-04    0.59935E-04    0.36944E+00    0.46581E+01   -0.60641E-01    0.39390E-01   -0.10273E-02    0.28389E-01   -0.14379E-01   -0.86995E-01   -0.44583E-03    0.66778E-01   -0.38508E-01   -0.82571E-02    0.86326E-01    0.44836E-01    0.20844E-01    0.76622E-01    0.13774E-01   -0.23749E-01    0.45154E-01    0.29637E-01   -0.32743E-01   -0.51037E-01    0.10245E+00    0.13631E+01    0.34951E+00    0.25796E+00    0.20710E+01   -0.47682E-01   -0.33864E-01    0.16605E-01   -0.13602E-01   -0.65933E-02    0.22794E-03    0.24625E-02    0.36664E-03    0.29942E-02   -0.60916E-03    0.18608E-02    0.27801E-02
   -0.11195E-04    0.96909E-04   -0.25823E-05   -0.39252E-03   -0.43827E-02   -0.33202E-03   -0.14277E-03    0.15938E+02   -0.13273E+00   -0.79788E-01   -0.28020E-02    0.19074E+00    0.50247E-01    0.13519E-02   -0.71894E-04    0.58287E-02   -0.26993E-04    0.74894E-04   -0.88662E-02   -0.60641E-01    0.63455E+00   -0.15219E+00    0.45487E-02    0.17324E-01    0.12255E-01    0.19481E+00   -0.36973E-01   -0.37995E-01   -0.17261E-01   -0.67791E-01    0.15682E-01    0.36847E-01   -0.25116E-01   -0.45184E-01   -0.12573E+00    0.15994E+00    0.43781E-01   -0.44396E-02    0.31447E-01    0.70690E-01   -0.88354E-02   -0.13940E+00   -0.86499E-02   -0.13953E-01   -0.13857E+00   -0.19642E-03    0.43382E-03    0.30980E-03    0.48216E-04    0.12127E-02    0.27154E-04   -0.35416E-04    0.43998E-04   -0.53660E-04    0.47205E-03    0.69817E-04   -0.49900E-04
   -0.14037E-04   -0.31262E-04   -0.28760E-05   -0.20839E-03    0.27469E-02   -0.19136E-03   -0.48325E-03   -0.68506E+01    0.18325E+00    0.33918E+00   -0.26249E-01   -0.20176E+00   -0.21524E-01    0.86674E-03    0.29611E-03   -0.58944E-02   -0.18762E-04    0.31495E-04    0.91249E-03    0.39390E-01   -0.15219E+00    0.90703E+00   -0.11035E-01    0.86357E-02    0.20788E-01   -0.14615E+00    0.19407E+00    0.72325E-01   -0.31076E-01    0.33954E-01   -0.10834E+00    0.20663E-01    0.24058E-01    0.24535E-01    0.17004E+00   -0.21816E+00    0.57474E-01    0.11222E+00    0.33096E-02   -0.22162E+00   -0.12116E-01    0.97395E-01   -0.32050E-02   -0.85942E-03    0.27072E-01   -0.26372E-02   -0.35910E-02    0.27946E-03    0.26319E-02    0.11402E-02   -0.12849E-03   -0.17387E-03   -0.21226E-03   -0.19597E-03    0.22257E-04   -0.24380E-03   -0.45213E-03
   -0.55330E-06   -0.60977E-04    0.82389E-05    0.39536E-03    0.12375E-02   -0.18466E-06    0.65427E-03    0.11891E+01    0.13256E+00    0.11347E+00   -0.13148E-01   -0.15821E-01   -0.13649E-03    0.54560E-03    0.24014E-03   -0.11294E-02    0.61996E-05   -0.10846E-04   -0.35602E-02   -0.10273E-02    0.45487E-02   -0.11035E-01    0.98486E+00   -0.66961E-02   -0.46860E-02   -0.51430E-01   -0.35797E-01    0.15767E+00   -0.18976E-01    0.73696E-01   -0.10547E-01    0.16809E-01   -0.20547E-01   -0.12926E-01    0.97382E-01   -0.59150E-01    0.16407E-01   -0.48524E-02   -0.17948E+00    0.80124E-01    0.25826E-02    0.31069E-01   -0.21612E-01   -0.78755E-03    0.69547E-01   -0.12271E-03   -0.62313E-03   -0.26106E-03   -0.18004E-02   -0.12766E-03   -0.57630E-04    0.20265E-03   -0.97051E-04   -0.15092E-04   -0.25586E-04   -0.26328E-05   -0.19938E-03
   -0.19957E-05    0.19429E-04   -0.75689E-05   -0.18543E-04   -0.14728E-02   -0.80659E-04    0.35299E-04    0.71454E+00    0.67106E-01   -0.87282E-01   -0.30332E-02   -0.53329E-01   -0.21037E-01   -0.13634E-03    0.15874E-03   -0.21756E-02    0.89721E-06   -0.15908E-04    0.27396E-02    0.28389E-01    0.17324E-01    0.86357E-02   -0.66961E-02    0.10117E+01   -0.22601E-01    0.63035E-01   -0.89335E-01    0.69218E-01   -0.10083E+00    0.37285E-01    0.72679E-01    0.12819E+00    0.62642E-01    0.14830E+00   -0.11260E+00    0.94477E-01    0.49661E-01   -0.11680E-01   -0.11666E+00    0.41364E-01    0.30433E-02    0.34771E-01    0.90895E-02    0.50562E-03    0.94770E-01   -0.21731E-03   -0.21574E-02   -0.43699E-03   -0.14208E-02   -0.10178E-02    0.48325E-04    0.37915E-04    0.95698E-04    0.19069E-04   -0.19070E-03    0.66370E-04    0.80820E-04
    0.19714E-05    0.24936E-04    0.36159E-05   -0.51709E-04   -0.13440E-03    0.32405E-05   -0.12751E-04   -0.25021E+00   -0.13450E+00   -0.90517E-01    0.10799E-01    0.32390E-01   -0.13294E-01    0.27643E-03   -0.99857E-03    0.17765E-03   -0.32487E-05    0.19662E-04    0.45177E-03   -0.14379E-01    0.12255E-01    0.20788E-01   -0.46860E-02   -0.22601E-01    0.98840E+00    0.36406E-01    0.45607E-01   -0.40776E-01    0.46369E-01    0.85277E-01    0.45329E-01   -0.85323E-01   -0.69974E-01    0.57166E-01    0.65871E-01    0.81877E-01   -0.81311E-01    0.87294E-01   -0.28618E-01   -0.31466E-02   -0.21496E-02    0.56878E-02    0.30585E-01    0.29535E-02   -0.13873E-01    0.86031E-04   -0.14656E-03    0.19118E-04   -0.19282E-02   -0.15264E-02   -0.13643E-03    0.11897E-03   -0.29928E-04    0.20280E-03   -0.34071E-04    0.89136E-04   -0.79114E-04
   -0.12238E-05    0.58026E-04   -0.94080E-05   -0.27288E-03   -0.20703E-02    0.28504E-03   -0.20828E-04   -0.25907E+01    0.23096E-01   -0.62490E-01    0.18489E-02    0.47832E-01    0.70992E-01    0.12967E-03   -0.19031E-02    0.22863E-02    0.92484E-05    0.42490E-03   -0.12362E-01   -0.86995E-01    0.19481E+00   -0.14615E+00   -0.51430E-01    0.63035E-01    0.36406E-01    0.80596E+00   -0.15967E-01   -0.74038E-02   -0.15111E-01   -0.37022E-01    0.74211E-01    0.10324E+00   -0.79791E-01    0.14192E-01   -0.64518E-01    0.64036E+00    0.24158E+00   -0.50779E-01   -0.30775E-01    0.88135E-01   -0.81455E-02    0.47434E-01    0.58314E-02   -0.22146E-02   -0.47854E-01   -0.74507E-03   -0.46349E-03    0.58883E-03   -0.12060E-02   -0.19045E-03    0.33542E-03    0.10739E-03    0.34016E-03    0.18004E-03    0.49529E-03    0.39414E-03    0.16170E-03
   -0.50903E-05    0.16387E-04   -0.64896E-05    0.10690E-03   -0.52578E-03    0.10213E-03    0.33084E-03   -0.46463E+01   -0.80294E-01    0.13291E+00   -0.19484E-02    0.33458E-01   -0.19480E-03   -0.33811E-02    0.50088E-04    0.43090E-02    0.53431E-06    0.26678E-04    0.25216E-02   -0.44583E-03   -0.36973E-01    0.19407E+00   -0.35797E-01   -0.89335E-01    0.45607E-01   -0.15967E-01    0.98641E+00    0.26217E-01   -0.21721E-02    0.18250E-02    0.53724E-01   -0.14310E-01   -0.46684E-01   -0.30069E-01    0.13291E+00   -0.82281E-01    0.26173E+00    0.78692E+00    0.28278E+00   -0.18315E+00    0.64905E-02   -0.93197E-01   -0.81592E-02    0.93244E-02   -0.98753E-01    0.94787E-03    0.15228E-02    0.20541E-05    0.23706E-02    0.63555E-02    0.46903E-04   -0.38446E-04    0.11602E-03   -0.81780E-05    0.29527E-03    0.15333E-03   -0.23964E-03
    0.30400E-05   -0.88778E-04    0.29542E-06   -0.18115E-04    0.35100E-02    0.17812E-03   -0.26259E-03   -0.27089E+00   -0.24311E+00    0.22237E-01   -0.14218E-01   -0.14754E+00   -0.55184E-01    0.36855E-03   -0.22232E-02   -0.40285E-02    0.28587E-05   -0.77085E-05    0.58496E-02    0.66778E-01   -0.37995E-01    0.72325E-01    0.15767E+00    0.69218E-01   -0.40776E-01   -0.74038E-02    0.26217E-01    0.98612E+00   -0.18250E-01    0.36506E-02    0.72821E-01   -0.46394E-01    0.12719E+00    0.17265E+00   -0.14533E+00   -0.19982E+00    0.62547E+00    0.15885E+00   -0.61571E+00    0.16171E+00   -0.47459E-02    0.93306E-01   -0.67937E-02    0.16658E-02    0.95151E-01   -0.31843E-03   -0.20915E-02    0.42147E-03    0.82600E-03    0.27900E-02    0.12866E-03    0.12203E-03   -0.15366E-04    0.83247E-04   -0.11237E-04    0.79225E-04    0.16236E-03
    0.56667E-05    0.38474E-04   -0.15217E-04    0.18945E-04    0.10031E-02    0.13671E-04    0.15447E-03   -0.14534E+01   -0.29995E+00   -0.10654E+00    0.12887E-01    0.25141E+00    0.39088E-01   -0.15491E-02    0.14530E-02    0.84788E-02    0.76236E-05   -0.85531E-05   -0.23546E-02   -0.38508E-01   -0.17261E-01   -0.31076E-01   -0.18976E-01   -0.10083E+00    0.46369E-01   -0.15111E-01   -0.21721E-02   -0.18250E-01    0.10051E+01    0.17525E-01   -0.17697E-01   -0.88412E-01   -0.14936E+00   -0.40420E-01   -0.10085E+00   -0.69242E-01    0.57894E-01   -0.39337E-01    0.31452E+00    0.67790E+00    0.57345E-02   -0.23285E+00   -0.40958E-01   -0.47028E-02   -0.16485E+00    0.25174E-02    0.47316E-02    0.30438E-04   -0.11086E-02   -0.33531E-02    0.10402E-03   -0.16771E-03    0.16356E-03   -0.76444E-04    0.47559E-03    0.15071E-03   -0.59808E-04
   -0.13898E-05   -0.29219E-04    0.73238E-05    0.16398E-03   -0.22137E-03    0.41911E-04    0.16749E-03   -0.81519E+00    0.15350E+00    0.26260E+00   -0.88451E-02   -0.19798E+00   -0.14666E-02    0.24517E-03    0.64829E-03   -0.61384E-02   -0.95767E-06    0.31586E-04   -0.20806E-02   -0.82571E-02   -0.67791E-01    0.33954E-01    0.73696E-01    0.37285E-01    0.85277E-01   -0.37022E-01    0.18250E-02    0.36506E-02    0.17525E-01    0.10052E+01   -0.54512E-01    0.77029E-01    0.19816E-01    0.16449E+00   -0.97496E-03    0.10354E+00   -0.57248E+00    0.39690E+00   -0.35146E+00    0.23679E+00    0.10858E-01    0.17770E+00   -0.12866E-01    0.98749E-02    0.88985E-01   -0.39360E-03   -0.15394E-02   -0.74745E-03   -0.11429E-02   -0.12620E-02   -0.24820E-04   -0.12163E-04   -0.43826E-04    0.81259E-04   -0.39340E-03   -0.22476E-05   -0.18076E-03
    0.42526E-05   -0.84695E-04    0.11548E-04    0.23702E-03    0.35838E-02    0.22520E-03    0.29700E-03   -0.47787E-01   -0.21350E+00   -0.31460E-02    0.16777E-01   -0.17103E+00   -0.86789E-01   -0.13492E-02    0.66299E-03   -0.72804E-02    0.18986E-05   -0.35458E-03    0.16715E-01    0.86326E-01    0.15682E-01   -0.10834E+00   -0.10547E-01    0.72679E-01    0.45329E-01    0.74211E-01    0.53724E-01    0.72821E-01   -0.17697E-01   -0.54512E-01    0.84632E+00   -0.14393E-02   -0.32534E-01    0.13129E-02   -0.58166E-02    0.59121E+00    0.16899E+00    0.11355E+00    0.35634E-01   -0.83943E-01    0.25087E-01    0.23003E+00    0.26403E-01    0.18109E-01    0.21597E+00    0.17687E-02   -0.27126E-03   -0.10120E-02   -0.32734E-03   -0.96020E-03    0.12749E-03    0.47735E-03    0.78578E-04    0.20151E-03   -0.16255E-03    0.22869E-03    0.45428E-03
   -0.65319E-05   -0.39167E-04   -0.11765E-05    0.10078E-03    0.31944E-02    0.14300E-04    0.82759E-04    0.85389E+00    0.31519E+00    0.30225E+00   -0.19505E-01   -0.39432E+00   -0.29759E-01    0.11392E-02   -0.47446E-03   -0.11571E-01   -0.11198E-06    0.36196E-04    0.12986E-02    0.44836E-01    0.36847E-01    0.20663E-01    0.16809E-01    0.12819E+00   -0.85323E-01    0.10324E+00   -0.14310E-01   -0.46394E-01   -0.88412E-01    0.77029E-01   -0.14393E-02    0.99314E+00    0.65706E-02   -0.44941E-02   -0.28276E-01    0.83760E-01    0.15311E+00   -0.14883E-01    0.13904E+00    0.16909E+00    0.15296E-01    0.30575E+00    0.53653E-02    0.12667E-01    0.20009E+00   -0.14110E-02   -0.24294E-02   -0.43033E-03    0.19943E-02    0.16796E-02   -0.27256E-04    0.33394E-04   -0.57387E-04   -0.16491E-03    0.11839E-03   -0.31959E-04   -0.59743E-03
   -0.27717E-05   -0.82880E-05    0.89023E-05   -0.33979E-03   -0.25222E-03    0.15404E-04   -0.74731E-03    0.10383E+01   -0.10389E-01   -0.35796E-01    0.64817E-02   -0.34920E-01   -0.37644E-01   -0.18773E-02   -0.34803E-03   -0.60778E-03   -0.42382E-05   -0.63298E-04    0.23491E-02    0.20844E-01   -0.25116E-01    0.24058E-01   -0.20547E-01    0.62642E-01   -0.69974E-01   -0.79791E-01   -0.46684E-01    0.12719E+00   -0.14936E+00    0.19816E-01   -0.32534E-01    0.65706E-02    0.96478E+00    0.11527E-01   -0.11981E-01   -0.11975E+00    0.50787E-01    0.15626E+00    0.36609E-01   -0.65000E-01    0.15388E-02    0.13625E-01    0.89107E-02   -0.51401E-02    0.58308E-02   -0.54273E-04   -0.10105E-02   -0.30562E-03    0.56001E-03   -0.27668E-02    0.40485E-04    0.23433E-04   -0.61459E-04    0.35996E-04   -0.20120E-03   -0.24525E-03    0.31652E-04
   -0.43632E-05    0.13583E-05   -0.92895E-05    0.21513E-03   -0.11049E-04   -0.13730E-03    0.39908E-03   -0.42369E+00    0.62807E-01    0.27855E+00   -0.10177E-01   -0.32391E+00   -0.51222E-01    0.76917E-04   -0.14198E-02   -0.79685E-02    0.21217E-05    0.35367E-04    0.69959E-02    0.76622E-01   -0.45184E-01    0.24535E-01   -0.12926E-01    0.14830E+00    0.57166E-01    0.14192E-01   -0.30069E-01    0.17265E+00   -0.40420E-01    0.16449E+00    0.13129E-02   -0.44941E-02    0.11527E-01    0.99807E+00   -0.10461E-01   -0.63562E-02    0.32896E-01    0.12187E+00   -0.29490E+00    0.11439E+00    0.32830E-02    0.23054E+00    0.34667E-02    0.59362E-02    0.18115E+00   -0.10821E-02   -0.28507E-02    0.20360E-03    0.18344E-02    0.62441E-04    0.33685E-04   -0.18302E-03   -0.58243E-04   -0.41538E-04   -0.73883E-03   -0.17589E-03   -0.18900E-03
   -0.24054E-05   -0.90001E-05   -0.15412E-04    0.17785E-03    0.13141E-02   -0.16491E-04    0.18799E-03   -0.37575E+01    0.14553E+00    0.20708E+00   -0.50682E-02   -0.19582E+00    0.25831E-02    0.38914E-03    0.64677E-04   -0.54965E-02   -0.68914E-05    0.90941E-06   -0.34832E-03    0.13774E-01   -0.12573E+00    0.17004E+00    0.97382E-01   -0.11260E+00    0.65871E-01   -0.64518E-01    0.13291E+00   -0.14533E+00   -0.10085E+00   -0.97496E-03   -0.58166E-02   -0.28276E-01   -0.11981E-01   -0.10461E-01    0.96396E+00   -0.39891E-01   -0.59729E-01    0.92458E-02    0.17371E+00   -0.11884E+00    0.70403E-02    0.15450E+00   -0.22861E-01    0.13328E-01    0.80500E-01    0.97549E-03    0.79130E-03    0.12835E-03   -0.15208E-02   -0.25853E-02   -0.14717E-03   -0.94096E-04   -0.14767E-03   -0.74654E-04    0.57721E-04   -0.63120E-04   -0.25664E-03
    0.14857E-05   -0.13960E-05    0.20338E-05   -0.15270E-04   -0.18589E-03    0.31501E-03    0.24706E-03   -0.13458E+01   -0.24125E-01   -0.45729E-01    0.13841E-01   -0.67636E-01    0.64765E-02   -0.25368E-03   -0.39222E-03   -0.35315E-02    0.73418E-05    0.80763E-04    0.13251E-03   -0.23749E-01    0.15994E+00   -0.21816E+00   -0.59150E-01    0.94477E-01    0.81877E-01    0.64036E+00   -0.82281E-01   -0.19982E+00   -0.69242E-01    0.10354E+00    0.59121E+00    0.83760E-01   -0.11975E+00   -0.63562E-02   -0.39891E-01    0.95686E+00   -0.18376E-01   -0.29856E-03    0.75739E-02   -0.54640E-02    0.12551E-01    0.20166E+00    0.25027E-01    0.10665E-01    0.10855E+00    0.37746E-03   -0.63181E-03   -0.45170E-03   -0.19128E-02   -0.20059E-02    0.28278E-03    0.38404E-03    0.27462E-03    0.27474E-03    0.14348E-03    0.40541E-03    0.41392E-03
    0.37031E-06   -0.32587E-04   -0.63066E-05   -0.12783E-03    0.30987E-02    0.20648E-03   -0.17186E-03   -0.20962E+01   -0.24892E+00    0.48986E-02   -0.46079E-02   -0.10367E+00   -0.29794E-01   -0.10991E-02   -0.22530E-02   -0.12352E-02    0.46357E-05    0.76121E-04    0.44764E-02    0.45154E-01    0.43781E-01    0.57474E-01    0.16407E-01    0.49661E-01   -0.81311E-01    0.24158E+00    0.26173E+00    0.62547E+00    0.57894E-01   -0.57248E+00    0.16899E+00    0.15311E+00    0.50787E-01    0.32896E-01   -0.59729E-01   -0.18376E-01    0.98859E+00    0.72902E-02    0.10183E-01   -0.17224E-01   -0.45090E-02    0.52003E-01   -0.10861E-02    0.23157E-02    0.57629E-01    0.35408E-03   -0.23374E-03    0.70640E-03    0.25958E-02    0.32771E-02    0.21449E-03    0.11935E-03    0.15063E-03    0.18869E-04    0.46183E-03    0.20952E-03    0.41967E-04
   -0.68522E-05    0.29823E-05   -0.29513E-05    0.21209E-03   -0.87873E-03    0.10212E-03    0.46522E-03   -0.17400E+01   -0.78238E-01    0.18852E+00    0.10456E-03   -0.17326E-01   -0.36804E-01   -0.36227E-02    0.54009E-03    0.35584E-02   -0.34248E-06   -0.57960E-04    0.71444E-02    0.29637E-01   -0.44396E-02    0.11222E+00   -0.48524E-02   -0.11680E-01    0.87294E-01   -0.50779E-01    0.78692E+00    0.15885E+00   -0.39337E-01    0.39690E+00    0.11355E+00   -0.14883E-01    0.15626E+00    0.12187E+00    0.92458E-02   -0.29856E-03    0.72902E-02    0.10195E+01   -0.19822E-01    0.84419E-02    0.14139E-01   -0.41583E-01   -0.20231E-02    0.94552E-02   -0.56893E-01    0.76243E-03   -0.12568E-04   -0.53099E-03   -0.14419E-02    0.56645E-02    0.57663E-04    0.23250E-05    0.96151E-04    0.76097E-04    0.40830E-04    0.82214E-04   -0.17527E-03
   -0.25272E-05    0.75058E-04    0.25057E-05   -0.13517E-03   -0.44965E-03   -0.96485E-04   -0.43438E-04   -0.95246E+00    0.27751E-01    0.40174E-01    0.19045E-01    0.16037E+00    0.29435E-01   -0.32248E-02    0.24500E-02    0.69786E-02   -0.73489E-06   -0.74543E-04   -0.39032E-03   -0.32743E-01    0.31447E-01    0.33096E-02   -0.17948E+00   -0.11666E+00   -0.28618E-01   -0.30775E-01    0.28278E+00   -0.61571E+00    0.31452E+00   -0.35146E+00    0.35634E-01    0.13904E+00    0.36609E-01   -0.29490E+00    0.17371E+00    0.75739E-02    0.10183E-01   -0.19822E-01    0.98872E+00    0.12289E-01    0.10397E-01   -0.16036E+00   -0.85874E-03    0.73072E-05   -0.16104E+00    0.16954E-02    0.41174E-02   -0.46657E-03    0.19750E-02    0.29019E-04   -0.42763E-04   -0.12602E-03    0.97254E-04   -0.17677E-03    0.38852E-03    0.22100E-04   -0.41998E-03
    0.26344E-05    0.47779E-04   -0.11536E-04    0.28186E-04    0.40790E-03   -0.55727E-04    0.21471E-03    0.21650E+01    0.33723E-01   -0.26321E+00    0.12304E-01    0.35816E+00    0.36096E-01   -0.85861E-03    0.10072E-02    0.10750E-01    0.82426E-05    0.59923E-05   -0.61327E-02   -0.51037E-01    0.70690E-01   -0.22162E+00    0.80124E-01    0.41364E-01   -0.31466E-02    0.88135E-01   -0.18315E+00    0.16171E+00    0.67790E+00    0.23679E+00   -0.83943E-01    0.16909E+00   -0.65000E-01    0.11439E+00   -0.11884E+00   -0.54640E-02   -0.17224E-01    0.84419E-02    0.12289E-01    0.98400E+00    0.47512E-02   -0.29019E+00   -0.29489E-01   -0.16711E-01   -0.20810E+00    0.17445E-02    0.29140E-02   -0.30865E-03   -0.65082E-03   -0.52734E-03    0.10789E-03   -0.71953E-04    0.11264E-03   -0.43804E-04    0.16921E-03    0.30567E-04    0.14021E-03
    0.10888E-04   -0.21419E-04    0.10773E-04    0.30997E-03    0.81910E-03    0.19590E-03    0.55531E-03    0.42582E+00    0.32618E+00    0.30236E+00    0.53458E-01   -0.41792E+00   -0.79819E-01   -0.22827E-02    0.67999E-02   -0.99580E-02    0.20522E-06    0.53959E-04    0.63436E-01    0.10245E+00   -0.88354E-02   -0.12116E-01    0.25826E-02    0.30433E-02   -0.21496E-02   -0.81455E-02    0.64905E-02   -0.47459E-02    0.57345E-02    0.10858E-01    0.25087E-01    0.15296E-01    0.15388E-02    0.32830E-02    0.70403E-02    0.12551E-01   -0.45090E-02    0.14139E-01    0.10397E-01    0.47512E-02    0.34366E+00    0.22812E+00    0.17834E-01    0.15359E+00    0.52238E+00    0.12116E-01    0.16308E-01   -0.48680E-02   -0.35736E-02   -0.29318E-02    0.54877E-03   -0.13876E-04    0.75542E-03   -0.31125E-05   -0.48037E-03    0.22158E-03    0.12743E-02
    0.67079E-04   -0.22180E-03    0.28706E-04    0.16724E-02    0.10187E-01    0.11708E-02    0.26642E-02   -0.76054E+00   -0.11351E+01    0.18052E+02   -0.17774E+00   -0.12032E+02   -0.71209E+00   -0.14911E+00    0.85082E-02   -0.19740E+00   -0.17291E-04    0.35760E-03    0.14479E+00    0.13631E+01   -0.13940E+00    0.97395E-01    0.31069E-01    0.34771E-01    0.56878E-02    0.47434E-01   -0.93197E-01    0.93306E-01   -0.23285E+00    0.17770E+00    0.23003E+00    0.30575E+00    0.13625E-01    0.23054E+00    0.15450E+00    0.20166E+00    0.52003E-01   -0.41583E-01   -0.16036E+00   -0.29019E+00    0.22812E+00    0.16140E+02    0.76818E-01    0.42044E+00    0.59994E+01   -0.26743E-02   -0.31555E-01   -0.11594E-01    0.10968E-01    0.12212E-01    0.18394E-02    0.20594E-01    0.23831E-02    0.13253E-01    0.62847E-03    0.27904E-02   -0.77622E-02
    0.20089E-04   -0.38993E-04    0.56467E-05    0.41724E-03    0.15371E-02    0.28814E-03    0.88821E-03    0.57585E+01    0.10945E+01   -0.84352E+00   -0.21746E+00   -0.84846E-01   -0.80866E+00   -0.81500E-02   -0.13874E-01    0.30086E-02   -0.43344E-05    0.67754E-04    0.54216E-02    0.34951E+00   -0.86499E-02   -0.32050E-02   -0.21612E-01    0.90895E-02    0.30585E-01    0.58314E-02   -0.81592E-02   -0.67937E-02   -0.40958E-01   -0.12866E-01    0.26403E-01    0.53653E-02    0.89107E-02    0.34667E-02   -0.22861E-01    0.25027E-01   -0.10861E-02   -0.20231E-02   -0.85874E-03   -0.29489E-01    0.17834E-01    0.76818E-01    0.22715E+01   -0.61618E-02    0.34286E+00   -0.93833E-01   -0.10942E+00   -0.43536E-02    0.69102E-02    0.22174E-02   -0.44119E-03    0.10475E-02   -0.57382E-03    0.12663E-02    0.14725E-03    0.41989E-05    0.12451E-02
    0.20231E-04   -0.58713E-04    0.10760E-04    0.43888E-03    0.25443E-02    0.30811E-03    0.71801E-03   -0.48742E+00   -0.17398E+00    0.66187E+00   -0.19061E-01   -0.75369E+00   -0.10391E+00   -0.41023E-02    0.39184E-02   -0.11375E-01   -0.34947E-05    0.38930E-04    0.58961E-01    0.25796E+00   -0.13953E-01   -0.85942E-03   -0.78755E-03    0.50562E-03    0.29535E-02   -0.22146E-02    0.93244E-02    0.16658E-02   -0.47028E-02    0.98749E-02    0.18109E-01    0.12667E-01   -0.51401E-02    0.59362E-02    0.13328E-01    0.10665E-01    0.23157E-02    0.94552E-02    0.73072E-05   -0.16711E-01    0.15359E+00    0.42044E+00   -0.61618E-02    0.24133E+00    0.39468E+00    0.68793E-02    0.14754E-01   -0.20615E-03   -0.46109E-03    0.46390E-03    0.15242E-03   -0.91378E-04    0.13925E-03   -0.87968E-04    0.31239E-03    0.33626E-03    0.93362E-04
    0.94334E-04   -0.37121E-03    0.54619E-04    0.26785E-02    0.14161E-01    0.13009E-02    0.43000E-02    0.54562E+01   -0.10509E+01    0.92333E+01   -0.12072E+00   -0.81006E+01   -0.12622E+01   -0.10544E+00    0.73866E-02   -0.14149E+00   -0.31849E-04    0.44641E-03    0.22335E+00    0.20710E+01   -0.13857E+00    0.27072E-01    0.69547E-01    0.94770E-01   -0.13873E-01   -0.47854E-01   -0.98753E-01    0.95151E-01   -0.16485E+00    0.88985E-01    0.21597E+00    0.20009E+00    0.58308E-02    0.18115E+00    0.80500E-01    0.10855E+00    0.57629E-01   -0.56893E-01   -0.16104E+00   -0.20810E+00    0.52238E+00    0.59994E+01    0.34286E+00    0.39468E+00    0.17252E+02   -0.70370E-02   -0.57729E-01   -0.23675E-01   -0.19434E-01   -0.22940E-01    0.17606E-02    0.29887E-02    0.23501E-02    0.15519E-02    0.55511E-03    0.50217E-02    0.31945E-01
   -0.17124E-06   -0.89564E-06    0.58443E-06   -0.49845E-05    0.74736E-04   -0.12708E-04   -0.20420E-04   -0.49362E-01    0.13077E-01   -0.48306E-01    0.49138E-01    0.58655E-01    0.44534E-01    0.43203E-03    0.14496E-03   -0.57186E-03    0.27568E-06    0.48979E-05    0.47742E-02   -0.47682E-01   -0.19642E-03   -0.26372E-02   -0.12271E-03   -0.21731E-03    0.86031E-04   -0.74507E-03    0.94787E-03   -0.31843E-03    0.25174E-02   -0.39360E-03    0.17687E-02   -0.14110E-02   -0.54273E-04   -0.10821E-02    0.97549E-03    0.37746E-03    0.35408E-03    0.76243E-03    0.16954E-02    0.17445E-02    0.12116E-01   -0.26743E-02   -0.93833E-01    0.68793E-02   -0.70370E-02    0.85602E-02    0.80074E-02   -0.16653E-03   -0.28496E-03    0.49506E-05    0.15689E-04    0.22012E-04    0.26103E-04   -0.45918E-05   -0.61689E-04    0.42029E-04    0.98744E-04
