# omegabh2 omegach2 theta tau meffsterile nnu logA ns aps100 aps143 aps217 acib143 acib217 asz143 psr cibr ncib xi aksz cal0 cal2 calTE calEE bm_1_1
    0.3205530E-07    0.1475856E-06   -0.9521997E-08    0.7791819E-06    0.2830027E-06    0.1338305E-04    0.1887512E-05    0.6862550E-06    0.3351379E-03   -0.7340916E-04   -0.3804383E-04    0.5034466E-05   -0.8117653E-05    0.9330319E-05    0.1452453E-07    0.2149713E-05   -0.5279860E-06    0.2494879E-06   -0.9973515E-05    0.3775145E-09    0.9818751E-08   -0.1197541E-07   -0.9071344E-07    0.3674333E-05
    0.1475856E-06    0.1138010E-04   -0.7784572E-06    0.1445803E-05   -0.3467391E-03    0.3988289E-03    0.2115720E-04    0.1269876E-04    0.1550897E-01    0.3100099E-02   -0.3982795E-02    0.1198133E-02    0.3518995E-02   -0.7846055E-04   -0.2389813E-04    0.5420907E-04    0.2984613E-04   -0.1294523E-04    0.9602523E-03   -0.6677631E-07    0.6689302E-06    0.2741996E-05    0.4804854E-05    0.1761981E-03
   -0.9521997E-08   -0.7784572E-06    0.1569172E-06    0.1413096E-06    0.1321673E-04   -0.3569762E-04   -0.1119679E-05   -0.1085967E-05   -0.1574357E-02   -0.3786951E-03    0.1761942E-03   -0.8611745E-04   -0.2396430E-03    0.3280986E-04    0.6506080E-06   -0.4716912E-05   -0.2311912E-05   -0.3522883E-05   -0.4871961E-04    0.5900184E-08   -0.3444923E-07   -0.2040908E-06   -0.4034469E-06   -0.1167774E-04
    0.7791819E-06    0.1445803E-05    0.1413096E-06    0.1710966E-03    0.6704697E-07    0.3004457E-03    0.3408977E-03    0.2992104E-04   -0.1089788E-01   -0.1444314E-02    0.1346819E-01   -0.3192275E-02   -0.7578107E-02   -0.5750470E-03    0.4825533E-04   -0.1471423E-03   -0.7585442E-04   -0.3570655E-04   -0.3036356E-02   -0.1228511E-06    0.5010060E-06   -0.6304418E-05   -0.1359077E-05    0.4245156E-04
    0.2830027E-06   -0.3467391E-03    0.1321673E-04    0.6704697E-07    0.2862184E-01   -0.3875123E-02   -0.2762045E-03   -0.2590742E-03   -0.1015126E+00   -0.2331678E-01    0.2834503E-01   -0.1367931E-01   -0.2440747E-01    0.1707833E-01    0.9961398E-03    0.1192728E-02    0.1883003E-03    0.8578681E-03   -0.1075827E-01   -0.4546218E-06   -0.3610969E-04   -0.7782857E-04   -0.1177298E-03   -0.1979964E-02
    0.1338305E-04    0.3988289E-03   -0.3569762E-04    0.3004457E-03   -0.3875123E-02    0.2175818E-01    0.1364364E-02    0.7799400E-03    0.7497210E+00    0.1344684E+00   -0.2263271E+00    0.6701095E-01    0.1898759E+00    0.1175345E-01   -0.5621289E-03    0.3767117E-02    0.1874623E-02   -0.5040044E-03    0.4218727E-01   -0.3355870E-05    0.1058066E-04    0.1269371E-03    0.2371628E-03    0.6873104E-02
    0.1887512E-05    0.2115720E-04   -0.1119679E-05    0.3408977E-03   -0.2762045E-03    0.1364364E-02    0.7217794E-03    0.7999240E-04    0.1019907E-01    0.8059784E-02    0.2605951E-01   -0.6573235E-02   -0.1024296E-01   -0.1598675E-02    0.8706462E-04   -0.2458086E-03   -0.6763172E-04   -0.6652558E-04   -0.5912407E-02   -0.1103394E-06    0.3216861E-05   -0.6201932E-05    0.9381460E-05    0.9252534E-03
    0.6862550E-06    0.1269876E-04   -0.1085967E-05    0.2992104E-04   -0.2590742E-03    0.7799400E-03    0.7999240E-04    0.4608109E-04    0.1327214E-01    0.3741104E-02    0.2586112E-02   -0.4787430E-03    0.5782905E-03   -0.3641064E-03    0.1203649E-05    0.3007758E-04    0.1348699E-04    0.4682991E-06   -0.1003899E-02   -0.1984412E-06    0.1209005E-05    0.4138708E-05    0.7384548E-05    0.3292996E-03
    0.3351379E-03    0.1550897E-01   -0.1574357E-02   -0.1089788E-01   -0.1015126E+00    0.7497210E+00    0.1019907E-01    0.1327214E-01    0.2360474E+04    0.1011970E+03   -0.7079659E+02    0.4204658E+02    0.5486791E+02   -0.5440672E+02   -0.9130553E+00   -0.1065200E+01    0.4190759E+00    0.2203467E+00   -0.1454068E+02    0.2164341E-02    0.1876185E-02    0.3513917E-02    0.4468251E-02    0.1182723E+02
   -0.7340916E-04    0.3100099E-02   -0.3786951E-03   -0.1444314E-02   -0.2331678E-01    0.1344684E+00    0.8059784E-02    0.3741104E-02    0.1011970E+03    0.1094621E+03    0.2742890E+02   -0.1644976E+02    0.4618139E+00   -0.6842311E+01   -0.1332491E+00    0.9231836E-01    0.6360883E-01    0.1047701E+01   -0.1223593E+02    0.1857585E-03    0.8448789E-03    0.4120205E-02    0.6291782E-02    0.2219463E+00
   -0.3804383E-04   -0.3982795E-02    0.1761942E-03    0.1346819E-01    0.2834503E-01   -0.2263271E+00    0.2605951E-01    0.2586112E-02   -0.7079659E+02    0.2742890E+02    0.3097351E+03   -0.2826085E+02   -0.1423935E+03    0.7253968E+00    0.2364653E-01   -0.1391277E+01   -0.1806801E+01    0.5235912E+00   -0.9588102E+01    0.1264158E-03   -0.3204455E-02   -0.2873632E-02    0.3525875E-03    0.2025559E+00
    0.5034466E-05    0.1198133E-02   -0.8611745E-04   -0.3192275E-02   -0.1367931E-01    0.6701095E-01   -0.6573235E-02   -0.4787430E-03    0.4204658E+02   -0.1644976E+02   -0.2826085E+02    0.1950794E+02    0.1682366E+02   -0.1090379E+01    0.1930746E-01   -0.2024407E-01    0.2157638E+00    0.1306112E+00   -0.7665962E+00   -0.1344273E-03   -0.1070751E-02   -0.2088566E-03   -0.6084757E-03   -0.2289688E+00
   -0.8117653E-05    0.3518995E-02   -0.2396430E-03   -0.7578107E-02   -0.2440747E-01    0.1898759E+00   -0.1024296E-01    0.5782905E-03    0.5486791E+02    0.4618139E+00   -0.1423935E+03    0.1682366E+02    0.7728861E+02    0.2774375E+00    0.4911168E-01    0.6330191E+00    0.1086180E+01   -0.2778715E+00   -0.1669698E+01    0.1235786E-04    0.8920454E-03    0.2778604E-02    0.2726109E-02    0.1027433E-01
    0.9330319E-05   -0.7846055E-04    0.3280986E-04   -0.5750470E-03    0.1707833E-01    0.1175345E-01   -0.1598675E-02   -0.3641064E-03   -0.5440672E+02   -0.6842311E+01    0.7253968E+00   -0.1090379E+01    0.2774375E+00    0.6740590E+01    0.7490296E-01    0.2413704E+00   -0.2134769E-02   -0.4312451E-01   -0.2580398E+00    0.9529355E-04   -0.6973621E-03    0.4076646E-04   -0.2310406E-03    0.1387853E+00
    0.1452453E-07   -0.2389813E-04    0.6506080E-06    0.4825533E-04    0.9961398E-03   -0.5621289E-03    0.8706462E-04    0.1203649E-05   -0.9130553E+00   -0.1332491E+00    0.2364653E-01    0.1930746E-01    0.4911168E-01    0.7490296E-01    0.1304436E-01   -0.7643084E-02    0.4626648E-02    0.7345072E-02   -0.1735861E-01    0.1396225E-05   -0.2318413E-04    0.1235473E-04    0.8982174E-05    0.2090933E-02
    0.2149713E-05    0.5420907E-04   -0.4716912E-05   -0.1471423E-03    0.1192728E-02    0.3767117E-02   -0.2458086E-03    0.3007758E-04   -0.1065200E+01    0.9231836E-01   -0.1391277E+01   -0.2024407E-01    0.6330191E+00    0.2413704E+00   -0.7643084E-02    0.5481528E-01   -0.1350643E-02    0.6179590E-02   -0.1718719E-01   -0.1456929E-05    0.6560799E-04    0.3060892E-05   -0.8227536E-05    0.2855110E-02
   -0.5279860E-06    0.2984613E-04   -0.2311912E-05   -0.7585442E-04    0.1883003E-03    0.1874623E-02   -0.6763172E-04    0.1348699E-04    0.4190759E+00    0.6360883E-01   -0.1806801E+01    0.2157638E+00    0.1086180E+01   -0.2134769E-02    0.4626648E-02   -0.1350643E-02    0.2526079E-01   -0.1229732E-02   -0.1548924E-01    0.2451222E-05   -0.7636683E-04    0.5428913E-04    0.7130310E-04    0.6202839E-02
    0.2494879E-06   -0.1294523E-04   -0.3522883E-05   -0.3570655E-04    0.8578681E-03   -0.5040044E-03   -0.6652558E-04    0.4682991E-06    0.2203467E+00    0.1047701E+01    0.5235912E+00    0.1306112E+00   -0.2778715E+00   -0.4312451E-01    0.7345072E-02    0.6179590E-02   -0.1229732E-02    0.8108312E-01    0.2400342E-01   -0.1829617E-05   -0.2610014E-04    0.1743761E-05   -0.1612490E-04    0.2466692E-02
   -0.9973515E-05    0.9602523E-03   -0.4871961E-04   -0.3036356E-02   -0.1075827E-01    0.4218727E-01   -0.5912407E-02   -0.1003899E-02   -0.1454068E+02   -0.1223593E+02   -0.9588102E+01   -0.7665962E+00   -0.1669698E+01   -0.2580398E+00   -0.1735861E-01   -0.1718719E-01   -0.1548924E-01    0.2400342E-01    0.7769504E+01   -0.3502373E-04   -0.3329292E-04    0.1446698E-03    0.7339047E-04    0.1386878E-02
    0.3775145E-09   -0.6677631E-07    0.5900184E-08   -0.1228511E-06   -0.4546218E-06   -0.3355870E-05   -0.1103394E-06   -0.1984412E-06    0.2164341E-02    0.1857585E-03    0.1264158E-03   -0.1344273E-03    0.1235786E-04    0.9529355E-04    0.1396225E-05   -0.1456929E-05    0.2451222E-05   -0.1829617E-05   -0.3502373E-04    0.8236148E-06    0.7164580E-07    0.1084846E-06    0.1876353E-06   -0.9444159E-04
    0.9818751E-08    0.6689302E-06   -0.3444923E-07    0.5010060E-06   -0.3610969E-04    0.1058066E-04    0.3216861E-05    0.1209005E-05    0.1876185E-02    0.8448789E-03   -0.3204455E-02   -0.1070751E-02    0.8920454E-03   -0.6973621E-03   -0.2318413E-04    0.6560799E-04   -0.7636683E-04   -0.2610014E-04   -0.3329292E-04    0.7164580E-07    0.5711372E-05    0.1161909E-05    0.1097298E-05    0.2491355E-03
   -0.1197541E-07    0.2741996E-05   -0.2040908E-06   -0.6304418E-05   -0.7782857E-04    0.1269371E-03   -0.6201932E-05    0.4138708E-05    0.3513917E-02    0.4120205E-02   -0.2873632E-02   -0.2088566E-03    0.2778604E-02    0.4076646E-04    0.1235473E-04    0.3060892E-05    0.5428913E-04    0.1743761E-05    0.1446698E-03    0.1084846E-06    0.1161909E-05    0.2300299E-04    0.8787331E-05    0.3390666E-03
   -0.9071344E-07    0.4804854E-05   -0.4034469E-06   -0.1359077E-05   -0.1177298E-03    0.2371628E-03    0.9381460E-05    0.7384548E-05    0.4468251E-02    0.6291782E-02    0.3525875E-03   -0.6084757E-03    0.2726109E-02   -0.2310406E-03    0.8982174E-05   -0.8227536E-05    0.7130310E-04   -0.1612490E-04    0.7339047E-04    0.1876353E-06    0.1097298E-05    0.8787331E-05    0.2356061E-04    0.3922629E-03
    0.3674333E-05    0.1761981E-03   -0.1167774E-04    0.4245156E-04   -0.1979964E-02    0.6873104E-02    0.9252534E-03    0.3292996E-03    0.1182723E+02    0.2219463E+00    0.2025559E+00   -0.2289688E+00    0.1027433E-01    0.1387853E+00    0.2090933E-02    0.2855110E-02    0.6202839E-02    0.2466692E-02    0.1386878E-02   -0.9444159E-04    0.2491355E-03    0.3390666E-03    0.3922629E-03    0.2545028E+00
