# omegabh2 omegach2 theta tau logA ns acib217 acibsz143 asz143 aps100 aps143 aps143217 aps217 aksz kgal100 t1gal143 t1gal143217 t1gal217 calib_100T calib_217T
    0.5005986E-07   -0.9477573E-07    0.2876074E-07    0.2505510E-05    0.4870533E-05    0.4848672E-06   -0.3793091E-03   -0.1655504E-03    0.3205785E-05   -0.9265492E-03   -0.3204187E-03    0.9047414E-04    0.1696182E-03   -0.8556522E-04    0.5315600E-03    0.2464555E-03    0.1682851E-03    0.9733302E-04   -0.2774687E-07    0.2864556E-07
   -0.9477573E-07    0.1884291E-05   -0.1072537E-06   -0.1546918E-04   -0.2690582E-04   -0.4726560E-05    0.3997903E-03    0.1716159E-03    0.1539778E-05   -0.5522018E-03    0.1411682E-03   -0.4031059E-03   -0.4836517E-03    0.1242590E-03    0.2886267E-02    0.2963521E-02    0.3144369E-02    0.3280230E-02   -0.6272107E-07   -0.3138533E-07
    0.2876074E-07   -0.1072537E-06    0.1874189E-06    0.2135858E-05    0.4223587E-05    0.6518176E-06   -0.3830728E-04   -0.7673190E-04   -0.3831708E-04   -0.5596965E-04   -0.5075043E-04   -0.1461664E-05   -0.1406857E-03   -0.9839105E-05    0.1952817E-03   -0.5738572E-04   -0.7467594E-04   -0.7252808E-04   -0.2437514E-07   -0.5960754E-08
    0.2505510E-05   -0.1546918E-04    0.2135858E-05    0.8481629E-03    0.1670604E-02    0.9012253E-04   -0.4621433E-01   -0.2102052E-01   -0.5601507E-02   -0.4450961E-01    0.1565725E-01    0.5343295E-01    0.6159890E-01   -0.1431381E-01   -0.5460490E-01   -0.6785243E-01   -0.8415868E-01   -0.9521709E-01    0.2422873E-05    0.4159818E-05
    0.4870533E-05   -0.2690582E-04    0.4223587E-05    0.1670604E-02    0.3314071E-02    0.1688668E-03   -0.9122253E-01   -0.4265043E-01   -0.1258367E-01   -0.6695449E-01    0.4782820E-01    0.1204899E+00    0.1337846E+00   -0.2911716E-01   -0.1279415E+00   -0.1809847E+00   -0.2148292E+00   -0.2377753E+00    0.2092557E-05    0.8247927E-05
    0.4848672E-06   -0.4726560E-05    0.6518176E-06    0.9012253E-04    0.1688668E-03    0.3006884E-04   -0.1386768E-01   -0.6432945E-02   -0.1973249E-02   -0.1014813E-01    0.7384381E-02    0.1740670E-01    0.1864979E-01   -0.3840430E-02   -0.9172444E-02   -0.1264734E-01   -0.1515094E-01   -0.1534109E-01    0.5685761E-06    0.6361861E-06
   -0.3793091E-03    0.3997903E-03   -0.3830728E-04   -0.4621433E-01   -0.9122253E-01   -0.1386768E-01    0.6700761E+02    0.2395180E+02    0.1204633E+01    0.2302268E+02   -0.1821404E+02   -0.6162276E+02   -0.8268401E+02   -0.2627560E+01   -0.8183312E+01   -0.1544051E+02   -0.1757481E+02   -0.2026651E+02   -0.9826633E-04   -0.3806363E-02
   -0.1655504E-03    0.1716159E-03   -0.7673190E-04   -0.2102052E-01   -0.4265043E-01   -0.6432945E-02    0.2395180E+02    0.1728747E+02    0.2368193E+01   -0.8810710E+01   -0.2053321E+02   -0.4058285E+02   -0.2471247E+02   -0.1370155E+01   -0.4733025E+01   -0.7194200E+01   -0.1332228E+02   -0.1450929E+02    0.5697353E-04   -0.2069639E-03
    0.3205785E-05    0.1539778E-05   -0.3831708E-04   -0.5601507E-02   -0.1258367E-01   -0.1973249E-02    0.1204633E+01    0.2368193E+01    0.5893367E+01   -0.3758950E+02   -0.1717532E+02   -0.5444603E+01   -0.1664439E+01   -0.2996982E+00   -0.2621962E+01    0.1045532E+01    0.5377512E+01    0.6200771E+01    0.4379685E-04    0.8913752E-04
   -0.9265492E-03   -0.5522018E-03   -0.5596965E-04   -0.4450961E-01   -0.6695449E-01   -0.1014813E-01    0.2302268E+02   -0.8810710E+01   -0.3758950E+02    0.7337358E+03    0.1763450E+03    0.6623749E+02    0.1337114E+02   -0.8826082E+01   -0.6100604E+02   -0.6269646E+02   -0.7489496E+02   -0.7471936E+02   -0.5587167E-02   -0.3323942E-02
   -0.3204187E-03    0.1411682E-03   -0.5075043E-04    0.1565725E-01    0.4782820E-01    0.7384381E-02   -0.1821404E+02   -0.2053321E+02   -0.1717532E+02    0.1763450E+03    0.1214582E+03    0.9167158E+02    0.5518747E+02   -0.9628019E+01   -0.2323158E+02   -0.4983555E+02   -0.4846827E+02   -0.4699504E+02   -0.1750203E-02   -0.5516291E-03
    0.9047414E-04   -0.4031059E-03   -0.1461664E-05    0.5343295E-01    0.1204899E+00    0.1740670E-01   -0.6162276E+02   -0.4058285E+02   -0.5444603E+01    0.6623749E+02    0.9167158E+02    0.1413970E+03    0.1070639E+03   -0.7527812E+01   -0.2131986E+02   -0.3718878E+02   -0.3051079E+02   -0.3189782E+02   -0.1847885E-02    0.2165380E-02
    0.1696182E-03   -0.4836517E-03   -0.1406857E-03    0.6159890E-01    0.1337846E+00    0.1864979E-01   -0.8268401E+02   -0.2471247E+02   -0.1664439E+01    0.1337114E+02    0.5518747E+02    0.1070639E+03    0.1499591E+03   -0.7406077E+01   -0.2030046E+02   -0.3494961E+02   -0.4678638E+02   -0.5296466E+02   -0.1757627E-02    0.7017198E-02
   -0.8556522E-04    0.1242590E-03   -0.9839105E-05   -0.1431381E-01   -0.2911716E-01   -0.3840430E-02   -0.2627560E+01   -0.1370155E+01   -0.2996982E+00   -0.8826082E+01   -0.9628019E+01   -0.7527812E+01   -0.7406077E+01    0.8088154E+01   -0.1203438E+01   -0.3198167E+01   -0.3681955E+01   -0.4133308E+01   -0.1561837E-03    0.1789204E-03
    0.5315600E-03    0.2886267E-02    0.1952817E-03   -0.5460490E-01   -0.1279415E+00   -0.9172444E-02   -0.8183312E+01   -0.4733025E+01   -0.2621962E+01   -0.6100604E+02   -0.2323158E+02   -0.2131986E+02   -0.2030046E+02   -0.1203438E+01    0.2226639E+03    0.1473306E+03    0.1447918E+03    0.1429649E+03   -0.1249365E-01    0.2133825E-03
    0.2464555E-03    0.2963521E-02   -0.5738572E-04   -0.6785243E-01   -0.1809847E+00   -0.1264734E-01   -0.1544051E+02   -0.7194200E+01    0.1045532E+01   -0.6269646E+02   -0.4983555E+02   -0.3718878E+02   -0.3494961E+02   -0.3198167E+01    0.1473306E+03    0.2713204E+03    0.2796045E+03    0.2832659E+03    0.9260188E-02   -0.1077331E-03
    0.1682851E-03    0.3144369E-02   -0.7467594E-04   -0.8415868E-01   -0.2148292E+00   -0.1515094E-01   -0.1757481E+02   -0.1332228E+02    0.5377512E+01   -0.7489496E+02   -0.4846827E+02   -0.3051079E+02   -0.4678638E+02   -0.3681955E+01    0.1447918E+03    0.2796045E+03    0.3285596E+03    0.3594169E+03    0.9605539E-02   -0.5920623E-02
    0.9733302E-04    0.3280230E-02   -0.7252808E-04   -0.9521709E-01   -0.2377753E+00   -0.1534109E-01   -0.2026651E+02   -0.1450929E+02    0.6200771E+01   -0.7471936E+02   -0.4699504E+02   -0.3189782E+02   -0.5296466E+02   -0.4133308E+01    0.1429649E+03    0.2832659E+03    0.3594169E+03    0.4172355E+03    0.9959685E-02   -0.1108896E-01
   -0.2774687E-07   -0.6272107E-07   -0.2437514E-07    0.2422873E-05    0.2092557E-05    0.5685761E-06   -0.9826633E-04    0.5697353E-04    0.4379685E-04   -0.5587167E-02   -0.1750203E-02   -0.1847885E-02   -0.1757627E-02   -0.1561837E-03   -0.1249365E-01    0.9260188E-02    0.9605539E-02    0.9959685E-02    0.3001117E-05   -0.1894165E-07
    0.2864556E-07   -0.3138533E-07   -0.5960754E-08    0.4159818E-05    0.8247927E-05    0.6361861E-06   -0.3806363E-02   -0.2069639E-03    0.8913752E-04   -0.3323942E-02   -0.5516291E-03    0.2165380E-02    0.7017198E-02    0.1789204E-03    0.2133825E-03   -0.1077331E-03   -0.5920623E-02   -0.1108896E-01   -0.1894165E-07    0.1537788E-05
