# omegabh2 omegach2 theta tau ns nrun logA r aps100 aps143 aps217 acib143 acib217 asz143 psr cibr ncib cal0 cal2 xi aksz bm_1_1 bm_1_2 bm_1_3 bm_1_4 bm_1_5 bm_2_1 bm_2_2 bm_2_3 bm_2_4 bm_2_5 bm_3_1 bm_3_2 bm_3_3 bm_3_4 bm_3_5 bm_4_1 bm_4_2 bm_4_3 bm_4_4 bm_4_5
    0.82812E-07   -0.15476E-06    0.53411E-07    0.15730E-05    0.50125E-06   -0.15143E-05    0.32569E-05    0.50068E-05    0.27341E-04   -0.31397E-03   -0.17172E-03   -0.81599E-05   -0.57285E-04    0.18363E-04   -0.11425E-05    0.11346E-05   -0.21066E-05    0.13935E-09    0.97914E-09    0.27553E-06   -0.17415E-04   -0.40727E-05   -0.10968E-04   -0.98301E-06    0.20743E-05   -0.26273E-05    0.26994E-05   -0.92066E-05   -0.16475E-05   -0.28452E-05    0.57306E-05   -0.21315E-05    0.63427E-06    0.53879E-06    0.19459E-05   -0.28212E-05    0.30975E-05   -0.59330E-05   -0.58145E-05   -0.51064E-05    0.19815E-05
   -0.15476E-06    0.30032E-05   -0.19580E-06   -0.46705E-05   -0.71056E-05   -0.17737E-07   -0.19980E-05   -0.13671E-04    0.26411E-02    0.14295E-02    0.33486E-03    0.10517E-03    0.36407E-03   -0.17932E-04    0.10301E-05    0.46789E-05    0.21354E-05    0.38514E-09    0.25094E-07    0.18550E-05    0.44960E-04    0.58637E-04   -0.29910E-04   -0.25822E-04    0.36872E-04   -0.12608E-04   -0.37927E-05   -0.12637E-04    0.35322E-05    0.13646E-05   -0.50587E-05    0.18883E-04    0.95137E-05    0.16292E-05   -0.26129E-04   -0.22257E-04    0.80657E-05    0.99502E-05   -0.92050E-05    0.59044E-05    0.30061E-05
    0.53411E-07   -0.19580E-06    0.32131E-06    0.11789E-05    0.89416E-06   -0.60303E-06    0.23103E-05    0.26513E-05    0.66779E-03   -0.40626E-04   -0.22139E-03    0.35204E-04    0.61105E-04   -0.13708E-05   -0.14695E-05    0.27718E-05   -0.12220E-05   -0.94635E-09    0.99329E-08   -0.80241E-06    0.67058E-06   -0.37199E-05   -0.59324E-05   -0.71523E-05    0.68293E-05   -0.75390E-05    0.16735E-05   -0.19296E-04   -0.70048E-05   -0.19529E-05    0.62883E-05    0.42690E-06   -0.21471E-05    0.77476E-05    0.13618E-05   -0.84948E-05    0.67885E-05   -0.14437E-04   -0.14258E-04   -0.68583E-05    0.26761E-05
    0.15730E-05   -0.46705E-05    0.11789E-05    0.23368E-03    0.17637E-04   -0.65955E-04    0.47064E-03    0.10279E-03   -0.40989E-03    0.28597E-02    0.35825E-02   -0.10981E-02   -0.13441E-02   -0.41155E-03   -0.13731E-04   -0.13484E-04   -0.34870E-05   -0.16573E-07    0.73135E-08    0.67900E-05   -0.76945E-03    0.37881E-03   -0.75662E-04   -0.28847E-04   -0.26918E-03    0.26250E-03    0.23972E-03   -0.53685E-04   -0.22902E-03    0.67181E-04   -0.87467E-04   -0.17045E-03   -0.51308E-04   -0.11519E-03   -0.13176E-03   -0.13800E-03    0.11523E-03   -0.69426E-04   -0.17097E-03    0.12652E-03    0.79446E-04
    0.50125E-06   -0.71056E-05    0.89416E-06    0.17637E-04    0.43452E-04    0.15976E-04    0.15294E-04    0.49773E-04   -0.91966E-01    0.54270E-03    0.22202E-01   -0.12002E-01   -0.14268E-01   -0.96227E-03    0.74985E-04   -0.38251E-03   -0.49323E-06   -0.49137E-07   -0.35652E-06    0.94896E-04   -0.38475E-02    0.10869E-03   -0.62381E-04   -0.71608E-04   -0.13387E-03   -0.86655E-05    0.43319E-03    0.15096E-03   -0.15146E-03   -0.67116E-04   -0.62421E-04   -0.25385E-03   -0.29535E-04   -0.56335E-04    0.47345E-04   -0.63466E-04    0.17157E-03    0.25860E-04    0.71873E-04    0.22646E-04   -0.57653E-04
   -0.15143E-05   -0.17737E-07   -0.60303E-06   -0.65955E-04    0.15976E-04    0.12112E-03   -0.15592E-03   -0.37545E-03   -0.10423E+00   -0.79985E-02    0.20648E-01   -0.12137E-01   -0.16142E-01   -0.42074E-03    0.83979E-04   -0.41640E-03   -0.19628E-04   -0.24678E-07   -0.89964E-06    0.14078E-03   -0.38308E-02   -0.38866E-03   -0.64637E-04   -0.27549E-04    0.16707E-04    0.91634E-05    0.12842E-03    0.31905E-03    0.15247E-03   -0.57400E-04   -0.38038E-04   -0.19952E-03    0.75654E-04   -0.44049E-04    0.13812E-03   -0.13007E-03   -0.10693E-03    0.18776E-03    0.25936E-03   -0.82211E-04   -0.84002E-04
    0.32569E-05   -0.19980E-05    0.23103E-05    0.47064E-03    0.15294E-04   -0.15592E-03    0.97916E-03    0.23336E-03   -0.11300E-02    0.20570E-01    0.15782E-01   -0.55846E-02   -0.35108E-02   -0.22748E-02    0.10381E-05   -0.13108E-03    0.54110E-04    0.57496E-07    0.41087E-06    0.12016E-04   -0.21795E-02    0.17742E-02    0.13961E-04   -0.11584E-03   -0.37208E-03    0.52061E-03    0.77796E-03   -0.11135E-03   -0.56865E-03    0.12957E-03   -0.13340E-03   -0.29252E-03   -0.58583E-04   -0.24571E-03   -0.43167E-03   -0.44071E-03    0.51705E-03   -0.13417E-03   -0.29844E-03    0.33721E-03    0.17893E-03
    0.50068E-05   -0.13671E-04    0.26513E-05    0.10279E-03    0.49773E-04   -0.37545E-03    0.23336E-03    0.51845E-02    0.78022E-01    0.25895E-01   -0.38065E-01    0.13750E-01    0.30150E-01    0.15897E-02   -0.10097E-03    0.65372E-03    0.10352E-03    0.30592E-06    0.47813E-05   -0.66838E-03    0.91227E-02    0.32619E-03    0.19802E-03   -0.38077E-03   -0.56556E-04   -0.10951E-03    0.89499E-03   -0.52254E-03   -0.95690E-03   -0.90820E-03   -0.27140E-03   -0.37889E-03   -0.71078E-03   -0.33453E-03    0.46232E-03    0.16664E-02    0.66936E-03   -0.60030E-03   -0.55219E-03   -0.32372E-03   -0.65062E-03
    0.27341E-04    0.26411E-02    0.66779E-03   -0.40989E-03   -0.91966E-01   -0.10423E+00   -0.11300E-02    0.78022E-01    0.28021E+04    0.22759E+02   -0.18960E+03    0.13723E+03    0.12562E+03   -0.67844E+02   -0.12204E+01    0.85086E+00    0.98383E+00    0.45818E-03    0.16459E-03   -0.43581E+00   -0.13523E+02    0.92144E+01   -0.94940E+01   -0.62285E+00    0.48430E+00   -0.22070E+00   -0.11388E+01   -0.53006E+01    0.19054E+00    0.18369E+01   -0.22729E+00    0.13283E+01    0.34550E-02    0.10641E-01    0.43175E+00   -0.38004E+01    0.49559E+00   -0.15822E+01   -0.25969E+01   -0.74957E+00    0.49033E+01
   -0.31397E-03    0.14295E-02   -0.40626E-04    0.28597E-02    0.54270E-03   -0.79985E-02    0.20570E-01    0.25895E-01    0.22759E+02    0.20706E+03    0.69544E+02   -0.40461E+02   -0.17488E+02   -0.80767E+01   -0.19974E+00   -0.22993E+00   -0.18667E+00    0.13423E-03    0.32014E-02    0.14870E+01   -0.11836E+02    0.16549E+01    0.61147E+00    0.26128E+00    0.82078E-01   -0.26407E-01   -0.19067E+01   -0.77687E+00   -0.12392E+00    0.47399E-01    0.55827E-01    0.93931E+00    0.94337E-03    0.35273E+00   -0.10177E+00   -0.33533E+00   -0.68012E+00   -0.69572E+00   -0.13398E+00    0.31934E+00    0.78700E-01
   -0.17172E-03    0.33486E-03   -0.22139E-03    0.35825E-02    0.22202E-01    0.20648E-01    0.15782E-01   -0.38065E-01   -0.18960E+03    0.69544E+02    0.23283E+03   -0.42658E+02   -0.85679E+02    0.20985E+01   -0.10879E-02   -0.10269E+01   -0.10180E+01    0.65584E-04   -0.45487E-02    0.35481E+00   -0.11827E+02    0.16429E+01    0.10394E+01   -0.46974E-01    0.17502E-01    0.22458E+00    0.14317E+01    0.37586E+00   -0.53746E+00   -0.46602E+00    0.57344E+00   -0.16556E+01    0.87366E+00   -0.36173E+00    0.51225E+00    0.15720E+00    0.95651E-01   -0.70575E-01    0.31865E+00    0.20800E+00   -0.48990E+00
   -0.81599E-05    0.10517E-03    0.35204E-04   -0.10981E-02   -0.12002E-01   -0.12137E-01   -0.55846E-02    0.13750E-01    0.13723E+03   -0.40461E+02   -0.42658E+02    0.30112E+02    0.22533E+02   -0.15673E+01   -0.10943E-01    0.29892E+00    0.19507E+00   -0.13159E-03   -0.87199E-03    0.87455E-02   -0.54887E+00   -0.11038E+01   -0.49810E+00   -0.10877E+00   -0.31302E-01   -0.12585E+00    0.67962E+00    0.14126E+00    0.16161E+00    0.15920E+00   -0.86039E-02   -0.26997E+00   -0.13209E+00   -0.62207E-01    0.13592E-01    0.10846E+00    0.25953E+00    0.29245E+00   -0.61736E-01   -0.14912E+00    0.20195E+00
   -0.57285E-04    0.36407E-03    0.61105E-04   -0.13441E-02   -0.14268E-01   -0.16142E-01   -0.35108E-02    0.30150E-01    0.12562E+03   -0.17488E+02   -0.85679E+02    0.22533E+02    0.41298E+02   -0.13168E+01    0.50779E-01    0.44573E+00    0.52370E+00   -0.56618E-04    0.19330E-02   -0.21087E+00   -0.45125E+00   -0.65507E+00   -0.47828E+00    0.35486E-01   -0.82310E-01   -0.11925E+00   -0.56946E+00   -0.16010E+00    0.21168E+00    0.36011E+00   -0.28789E+00    0.60251E+00   -0.55215E+00    0.14250E+00   -0.37710E+00   -0.12553E+00   -0.86171E-01    0.16500E-01   -0.17008E+00   -0.36559E-01    0.34570E+00
    0.18363E-04   -0.17932E-04   -0.13708E-05   -0.41155E-03   -0.96227E-03   -0.42074E-03   -0.22748E-02    0.15897E-02   -0.67844E+02   -0.80767E+01    0.20985E+01   -0.15673E+01   -0.13168E+01    0.78242E+01    0.38302E-01    0.26965E+00   -0.13601E+00    0.17904E-04    0.59817E-04   -0.33393E-01   -0.12035E+00    0.12395E+00    0.85183E-01    0.26549E-01    0.21555E-01    0.22613E-01   -0.59771E-01    0.30594E-01   -0.42441E-01   -0.12140E+00   -0.90457E-01    0.71608E-03    0.15196E-01   -0.69030E-02   -0.33061E-01    0.61887E-01   -0.47008E-01    0.10339E-01   -0.40512E-01    0.20985E-01   -0.11416E+00
   -0.11425E-05    0.10301E-05   -0.14695E-05   -0.13731E-04    0.74985E-04    0.83979E-04    0.10381E-05   -0.10097E-03   -0.12204E+01   -0.19974E+00   -0.10879E-02   -0.10943E-01    0.50779E-01    0.38302E-01    0.79935E-02   -0.70932E-02    0.79077E-02    0.10869E-05   -0.28014E-04    0.30555E-02   -0.12720E-01    0.11426E-01    0.42963E-02    0.12129E-02   -0.40896E-03   -0.79503E-03    0.81037E-02    0.11054E-02   -0.70426E-03   -0.27872E-02   -0.27565E-02   -0.10364E-01   -0.24506E-03   -0.24752E-02   -0.34036E-02    0.12611E-03   -0.92541E-03    0.18080E-02   -0.39767E-02   -0.28627E-02   -0.25872E-02
    0.11346E-05    0.46789E-05    0.27718E-05   -0.13484E-04   -0.38251E-03   -0.41640E-03   -0.13108E-03    0.65372E-03    0.85086E+00   -0.22993E+00   -0.10269E+01    0.29892E+00    0.44573E+00    0.26965E+00   -0.70932E-02    0.39116E-01   -0.12360E-01   -0.17030E-05    0.85139E-04    0.54272E-03   -0.18405E-01   -0.19974E-01   -0.67522E-02    0.38688E-02    0.56332E-02   -0.22900E-03   -0.25535E-01   -0.97466E-02    0.67119E-02    0.15447E-03   -0.17378E-02    0.29636E-01   -0.33050E-02    0.67039E-02    0.39470E-02    0.60848E-02   -0.32374E-03   -0.12424E-02   -0.15826E-02   -0.39663E-03   -0.64213E-03
   -0.21066E-05    0.21354E-05   -0.12220E-05   -0.34870E-05   -0.49323E-06   -0.19628E-04    0.54110E-04    0.10352E-03    0.98383E+00   -0.18667E+00   -0.10180E+01    0.19507E+00    0.52370E+00   -0.13601E+00    0.79077E-02   -0.12360E-01    0.21157E-01    0.95834E-06   -0.24097E-04   -0.23735E-02    0.97608E-02    0.12384E-01   -0.66643E-02   -0.21739E-03   -0.45137E-02   -0.28182E-02    0.57137E-02    0.64307E-02   -0.30808E-02    0.11639E-01   -0.10531E-01   -0.12633E-01   -0.17919E-01   -0.26170E-02   -0.16240E-01   -0.10562E-01   -0.51602E-02    0.38278E-03    0.32118E-03    0.45643E-02    0.13624E-01
    0.13935E-09    0.38514E-09   -0.94635E-09   -0.16573E-07   -0.49137E-07   -0.24678E-07    0.57496E-07    0.30592E-06    0.45818E-03    0.13423E-03    0.65584E-04   -0.13159E-03   -0.56618E-04    0.17904E-04    0.10869E-05   -0.17030E-05    0.95834E-06    0.15470E-06    0.12457E-07   -0.76044E-07    0.41130E-04   -0.20162E-04   -0.98692E-05    0.49349E-05   -0.12606E-05   -0.44087E-05    0.72547E-05   -0.53297E-06    0.43577E-05    0.20120E-06    0.23018E-05   -0.40849E-06   -0.17481E-05   -0.33269E-05    0.58543E-05   -0.16968E-05    0.38837E-05    0.44395E-05   -0.28095E-05   -0.39831E-05    0.10619E-05
    0.97914E-09    0.25094E-07    0.99329E-08    0.73135E-08   -0.35652E-06   -0.89964E-06    0.41087E-06    0.47813E-05    0.16459E-03    0.32014E-02   -0.45487E-02   -0.87199E-03    0.19330E-02    0.59817E-04   -0.28014E-04    0.85139E-04   -0.24097E-04    0.12457E-07    0.16821E-05   -0.57920E-06   -0.59622E-04    0.69382E-04    0.28505E-04   -0.62691E-05   -0.24985E-04    0.23642E-04    0.18834E-03   -0.33829E-04    0.15789E-04    0.20505E-04    0.33607E-04   -0.19875E-03   -0.21132E-04   -0.11965E-04    0.10231E-04   -0.32382E-04    0.10673E-04    0.16496E-04   -0.40109E-04   -0.61163E-04    0.24259E-04
    0.27553E-06    0.18550E-05   -0.80241E-06    0.67900E-05    0.94896E-04    0.14078E-03    0.12016E-04   -0.66838E-03   -0.43581E+00    0.14870E+01    0.35481E+00    0.87455E-02   -0.21087E+00   -0.33393E-01    0.30555E-02    0.54272E-03   -0.23735E-02   -0.76044E-07   -0.57920E-06    0.83116E-01    0.15631E-01    0.30967E-02    0.32106E-03    0.15039E-02    0.44519E-02   -0.48441E-02   -0.47578E-02   -0.10819E-02    0.26462E-02    0.40000E-03   -0.75204E-03   -0.47287E-02   -0.19435E-02    0.35067E-02    0.57858E-02    0.16239E-02   -0.80398E-02    0.11709E-02    0.78758E-03    0.11885E-02    0.21329E-02
   -0.17415E-04    0.44960E-04    0.67058E-06   -0.76945E-03   -0.38475E-02   -0.38308E-02   -0.21795E-02    0.91227E-02   -0.13523E+02   -0.11836E+02   -0.11827E+02   -0.54887E+00   -0.45125E+00   -0.12035E+00   -0.12720E-01   -0.18405E-01    0.97608E-02    0.41130E-04   -0.59622E-04    0.15631E-01    0.82863E+01    0.39733E-01    0.32710E-01    0.23642E-01    0.23067E-02    0.50701E-01    0.58883E-02    0.35999E-02   -0.21624E-01   -0.13331E-01   -0.22083E-01    0.26938E-02   -0.15432E-01   -0.58486E-01    0.32355E-01    0.45422E-02    0.11929E-01   -0.15405E-01   -0.13113E-02    0.44175E-02    0.17216E-01
   -0.40727E-05    0.58637E-04   -0.37199E-05    0.37881E-03    0.10869E-03   -0.38866E-03    0.17742E-02    0.32619E-03    0.92144E+01    0.16549E+01    0.16429E+01   -0.11038E+01   -0.65507E+00    0.12395E+00    0.11426E-01   -0.19974E-01    0.12384E-01   -0.20162E-04    0.69382E-04    0.30967E-02    0.39733E-01    0.72629E+00   -0.11448E+00    0.37590E-02    0.29485E-01    0.23914E-01    0.17962E+00   -0.49315E-01   -0.62535E-01   -0.11334E-01   -0.60269E-01    0.22208E-01    0.30862E-01   -0.38223E-01   -0.43001E-01   -0.13606E+00    0.16298E+00    0.11861E-01   -0.12039E-01    0.37340E-01    0.78482E-01
   -0.10968E-04   -0.29910E-04   -0.59324E-05   -0.75662E-04   -0.62381E-04   -0.64637E-04    0.13961E-04    0.19802E-03   -0.94940E+01    0.61147E+00    0.10394E+01   -0.49810E+00   -0.47828E+00    0.85183E-01    0.42963E-02   -0.67522E-02   -0.66643E-02   -0.98692E-05    0.28505E-04    0.32106E-03    0.32710E-01   -0.11448E+00    0.93525E+00   -0.12376E-02   -0.18518E-01    0.26819E-02   -0.13264E+00    0.18733E+00    0.61688E-01   -0.17955E-01    0.32512E-01   -0.13388E+00    0.18456E-01    0.24115E-01    0.20377E-01    0.17635E+00   -0.22185E+00    0.50898E-01    0.10042E+00    0.97205E-02   -0.21435E+00
   -0.98301E-06   -0.25822E-04   -0.71523E-05   -0.28847E-04   -0.71608E-04   -0.27549E-04   -0.11584E-03   -0.38077E-03   -0.62285E+00    0.26128E+00   -0.46974E-01   -0.10877E+00    0.35486E-01    0.26549E-01    0.12129E-02    0.38688E-02   -0.21739E-03    0.49349E-05   -0.62691E-05    0.15039E-02    0.23642E-01    0.37590E-02   -0.12376E-02    0.97428E+00   -0.19758E-02    0.12342E-01   -0.37716E-01   -0.22160E-01    0.15108E+00   -0.15577E-01    0.72051E-01    0.15144E-01    0.28652E-01   -0.25214E-01   -0.23840E-01    0.11992E+00   -0.31090E-01    0.22290E-01    0.22290E-01   -0.17317E+00    0.79894E-01
    0.20743E-05    0.36872E-04    0.68293E-05   -0.26918E-03   -0.13387E-03    0.16707E-04   -0.37208E-03   -0.56556E-04    0.48430E+00    0.82078E-01    0.17502E-01   -0.31302E-01   -0.82310E-01    0.21555E-01   -0.40896E-03    0.56332E-02   -0.45137E-02   -0.12606E-05   -0.24985E-04    0.44519E-02    0.23067E-02    0.29485E-01   -0.18518E-01   -0.19758E-02    0.10147E+01    0.25686E-01    0.65326E-01   -0.93795E-01    0.73884E-01   -0.10378E+00    0.60670E-01    0.84002E-01    0.10083E+00    0.56943E-01    0.15321E+00   -0.10695E+00    0.10508E+00    0.37798E-01   -0.95357E-04   -0.12506E+00    0.43621E-01
   -0.26273E-05   -0.12608E-04   -0.75390E-05    0.26250E-03   -0.86655E-05    0.91634E-05    0.52061E-03   -0.10951E-03   -0.22070E+00   -0.26407E-01    0.22458E+00   -0.12585E+00   -0.11925E+00    0.22613E-01   -0.79503E-03   -0.22900E-03   -0.28182E-02   -0.44087E-05    0.23642E-04   -0.48441E-02    0.50701E-01    0.23914E-01    0.26819E-02    0.12342E-01    0.25686E-01    0.97653E+00    0.33751E-01    0.46870E-01   -0.48910E-01    0.57819E-01    0.78395E-01    0.70701E-01   -0.57056E-01   -0.88380E-01    0.41357E-01    0.38772E-01    0.96969E-01   -0.74276E-01    0.88281E-01   -0.82211E-02    0.88083E-02
    0.26994E-05   -0.37927E-05    0.16735E-05    0.23972E-03    0.43319E-03    0.12842E-03    0.77796E-03    0.89499E-03   -0.11388E+01   -0.19067E+01    0.14317E+01    0.67962E+00   -0.56946E+00   -0.59771E-01    0.81037E-02   -0.25535E-01    0.57137E-02    0.72547E-05    0.18834E-03   -0.47578E-02    0.58883E-02    0.17962E+00   -0.13264E+00   -0.37716E-01    0.65326E-01    0.33751E-01    0.86103E+00   -0.18381E-01   -0.12424E-01   -0.37473E-01   -0.55864E-02    0.10511E-01    0.13067E+00   -0.10871E+00    0.13706E-01   -0.62557E-01    0.64658E+00    0.23486E+00   -0.59443E-01   -0.58055E-01    0.64691E-01
   -0.92066E-05   -0.12637E-04   -0.19296E-04   -0.53685E-04    0.15096E-03    0.31905E-03   -0.11135E-03   -0.52254E-03   -0.53006E+01   -0.77687E+00    0.37586E+00    0.14126E+00   -0.16010E+00    0.30594E-01    0.11054E-02   -0.97466E-02    0.64307E-02   -0.53297E-06   -0.33829E-04   -0.10819E-02    0.35999E-02   -0.49315E-01    0.18733E+00   -0.22160E-01   -0.93795E-01    0.46870E-01   -0.18381E-01    0.98969E+00    0.10789E-01   -0.48456E-02   -0.13170E-02    0.34771E-01   -0.10375E-01   -0.70571E-01   -0.12824E-01    0.15593E+00   -0.93096E-01    0.25234E+00    0.76930E+00    0.28249E+00   -0.19119E+00
   -0.16475E-05    0.35322E-05   -0.70048E-05   -0.22902E-03   -0.15146E-03    0.15247E-03   -0.56865E-03   -0.95690E-03    0.19054E+00   -0.12392E+00   -0.53746E+00    0.16161E+00    0.21168E+00   -0.42441E-01   -0.70426E-03    0.67119E-02   -0.30808E-02    0.43577E-05    0.15789E-04    0.26462E-02   -0.21624E-01   -0.62535E-01    0.61688E-01    0.15108E+00    0.73884E-01   -0.48910E-01   -0.12424E-01    0.10789E-01    0.97576E+00    0.26027E-02   -0.27307E-02    0.72316E-01   -0.63586E-01    0.12675E+00    0.14793E+00   -0.12847E+00   -0.20232E+00    0.61523E+00    0.14125E+00   -0.60515E+00    0.17562E+00
   -0.28452E-05    0.13646E-05   -0.19529E-05    0.67181E-04   -0.67116E-04   -0.57400E-04    0.12957E-03   -0.90820E-03    0.18369E+01    0.47399E-01   -0.46602E+00    0.15920E+00    0.36011E+00   -0.12140E+00   -0.27872E-02    0.15447E-03    0.11639E-01    0.20120E-06    0.20505E-04    0.40000E-03   -0.13331E-01   -0.11334E-01   -0.17955E-01   -0.15577E-01   -0.10378E+00    0.57819E-01   -0.37473E-01   -0.48456E-02    0.26027E-02    0.99170E+00   -0.96776E-02    0.61620E-02   -0.87373E-01   -0.14379E+00   -0.32603E-01   -0.98384E-01   -0.78452E-01    0.79062E-01   -0.44610E-01    0.31820E+00    0.66681E+00
    0.57306E-05   -0.50587E-05    0.62883E-05   -0.87467E-04   -0.62421E-04   -0.38038E-04   -0.13340E-03   -0.27140E-03   -0.22729E+00    0.55827E-01    0.57344E+00   -0.86039E-02   -0.28789E+00   -0.90457E-01   -0.27565E-02   -0.17378E-02   -0.10531E-01    0.23018E-05    0.33607E-04   -0.75204E-03   -0.22083E-01   -0.60269E-01    0.32512E-01    0.72051E-01    0.60670E-01    0.78395E-01   -0.55864E-02   -0.13170E-02   -0.27307E-02   -0.96776E-02    0.96895E+00   -0.78789E-01    0.88788E-01    0.43276E-01    0.15378E+00    0.20475E-01    0.10583E+00   -0.54918E+00    0.38471E+00   -0.33909E+00    0.22244E+00
   -0.21315E-05    0.18883E-04    0.42690E-06   -0.17045E-03   -0.25385E-03   -0.19952E-03   -0.29252E-03   -0.37889E-03    0.13283E+01    0.93931E+00   -0.16556E+01   -0.26997E+00    0.60251E+00    0.71608E-03   -0.10364E-01    0.29636E-01   -0.12633E-01   -0.40849E-06   -0.19875E-03   -0.47287E-02    0.26938E-02    0.22208E-01   -0.13388E+00    0.15144E-01    0.84002E-01    0.70701E-01    0.10511E-01    0.34771E-01    0.72316E-01    0.61620E-02   -0.78789E-01    0.92183E+00   -0.20095E-01   -0.16871E-01   -0.80243E-02   -0.53543E-02    0.59354E+00    0.16030E+00    0.11402E+00    0.59680E-01   -0.66692E-01
    0.63427E-06    0.95137E-05   -0.21471E-05   -0.51308E-04   -0.29535E-04    0.75654E-04   -0.58583E-04   -0.71078E-03    0.34550E-02    0.94337E-03    0.87366E+00   -0.13209E+00   -0.55215E+00    0.15196E-01   -0.24506E-03   -0.33050E-02   -0.17919E-01   -0.17481E-05   -0.21132E-04   -0.19435E-02   -0.15432E-01    0.30862E-01    0.18456E-01    0.28652E-01    0.10083E+00   -0.57056E-01    0.13067E+00   -0.10375E-01   -0.63586E-01   -0.87373E-01    0.88788E-01   -0.20095E-01    0.10157E+01   -0.15096E-03   -0.20654E-01   -0.56605E-03    0.94739E-01    0.15290E+00   -0.16376E-01    0.15320E+00    0.15954E+00
    0.53879E-06    0.16292E-05    0.77476E-05   -0.11519E-03   -0.56335E-04   -0.44049E-04   -0.24571E-03   -0.33453E-03    0.10641E-01    0.35273E+00   -0.36173E+00   -0.62207E-01    0.14250E+00   -0.69030E-02   -0.24752E-02    0.67039E-02   -0.26170E-02   -0.33269E-05   -0.11965E-04    0.35067E-02   -0.58486E-01   -0.38223E-01    0.24115E-01   -0.25214E-01    0.56943E-01   -0.88380E-01   -0.10871E+00   -0.70571E-01    0.12675E+00   -0.14379E+00    0.43276E-01   -0.16871E-01   -0.15096E-03    0.98291E+00    0.42644E-02    0.10201E-01   -0.12454E+00    0.24303E-01    0.15061E+00    0.26101E-01   -0.58765E-01
    0.19459E-05   -0.26129E-04    0.13618E-05   -0.13176E-03    0.47345E-04    0.13812E-03   -0.43167E-03    0.46232E-03    0.43175E+00   -0.10177E+00    0.51225E+00    0.13592E-01   -0.37710E+00   -0.33061E-01   -0.34036E-02    0.39470E-02   -0.16240E-01    0.58543E-05    0.10231E-04    0.57858E-02    0.32355E-01   -0.43001E-01    0.20377E-01   -0.23840E-01    0.15321E+00    0.41357E-01    0.13706E-01   -0.12824E-01    0.14793E+00   -0.32603E-01    0.15378E+00   -0.80243E-02   -0.20654E-01    0.42644E-02    0.10088E+01   -0.42198E-03   -0.13240E-01    0.29191E-01    0.13166E+00   -0.25839E+00    0.11090E+00
   -0.28212E-05   -0.22257E-04   -0.84948E-05   -0.13800E-03   -0.63466E-04   -0.13007E-03   -0.44071E-03    0.16664E-02   -0.38004E+01   -0.33533E+00    0.15720E+00    0.10846E+00   -0.12553E+00    0.61887E-01    0.12611E-03    0.60848E-02   -0.10562E-01   -0.16968E-05   -0.32382E-04    0.16239E-02    0.45422E-02   -0.13606E+00    0.17635E+00    0.11992E+00   -0.10695E+00    0.38772E-01   -0.62557E-01    0.15593E+00   -0.12847E+00   -0.98384E-01    0.20475E-01   -0.53543E-02   -0.56605E-03    0.10201E-01   -0.42198E-03    0.10222E+01   -0.42478E-01   -0.47178E-01    0.35649E-01    0.17782E+00   -0.10977E+00
    0.30975E-05    0.80657E-05    0.67885E-05    0.11523E-03    0.17157E-03   -0.10693E-03    0.51705E-03    0.66936E-03    0.49559E+00   -0.68012E+00    0.95651E-01    0.25953E+00   -0.86171E-01   -0.47008E-01   -0.92541E-03   -0.32374E-03   -0.51602E-02    0.38837E-05    0.10673E-04   -0.80398E-02    0.11929E-01    0.16298E+00   -0.22185E+00   -0.31090E-01    0.10508E+00    0.96969E-01    0.64658E+00   -0.93096E-01   -0.20232E+00   -0.78452E-01    0.10583E+00    0.59354E+00    0.94739E-01   -0.12454E+00   -0.13240E-01   -0.42478E-01    0.96698E+00   -0.22215E-01   -0.27968E-02    0.29248E-02   -0.16852E-01
   -0.59330E-05    0.99502E-05   -0.14437E-04   -0.69426E-04    0.25860E-04    0.18776E-03   -0.13417E-03   -0.60030E-03   -0.15822E+01   -0.69572E+00   -0.70575E-01    0.29245E+00    0.16500E-01    0.10339E-01    0.18080E-02   -0.12424E-02    0.38278E-03    0.44395E-05    0.16496E-04    0.11709E-02   -0.15405E-01    0.11861E-01    0.50898E-01    0.22290E-01    0.37798E-01   -0.74276E-01    0.23486E+00    0.25234E+00    0.61523E+00    0.79062E-01   -0.54918E+00    0.16030E+00    0.15290E+00    0.24303E-01    0.29191E-01   -0.47178E-01   -0.22215E-01    0.96479E+00   -0.23900E-02    0.10476E-01   -0.87114E-02
   -0.58145E-05   -0.92050E-05   -0.14258E-04   -0.17097E-03    0.71873E-04    0.25936E-03   -0.29844E-03   -0.55219E-03   -0.25969E+01   -0.13398E+00    0.31865E+00   -0.61736E-01   -0.17008E+00   -0.40512E-01   -0.39767E-02   -0.15826E-02    0.32118E-03   -0.28095E-05   -0.40109E-04    0.78758E-03   -0.13113E-02   -0.12039E-01    0.10042E+00    0.22290E-01   -0.95357E-04    0.88281E-01   -0.59443E-01    0.76930E+00    0.14125E+00   -0.44610E-01    0.38471E+00    0.11402E+00   -0.16376E-01    0.15061E+00    0.13166E+00    0.35649E-01   -0.27968E-02   -0.23900E-02    0.99194E+00   -0.17764E-01    0.55215E-02
   -0.51064E-05    0.59044E-05   -0.68583E-05    0.12652E-03    0.22646E-04   -0.82211E-04    0.33721E-03   -0.32372E-03   -0.74957E+00    0.31934E+00    0.20800E+00   -0.14912E+00   -0.36559E-01    0.20985E-01   -0.28627E-02   -0.39663E-03    0.45643E-02   -0.39831E-05   -0.61163E-04    0.11885E-02    0.44175E-02    0.37340E-01    0.97205E-02   -0.17317E+00   -0.12506E+00   -0.82211E-02   -0.58055E-01    0.28249E+00   -0.60515E+00    0.31820E+00   -0.33909E+00    0.59680E-01    0.15320E+00    0.26101E-01   -0.25839E+00    0.17782E+00    0.29248E-02    0.10476E-01   -0.17764E-01    0.98341E+00    0.88630E-02
    0.19815E-05    0.30061E-05    0.26761E-05    0.79446E-04   -0.57653E-04   -0.84002E-04    0.17893E-03   -0.65062E-03    0.49033E+01    0.78700E-01   -0.48990E+00    0.20195E+00    0.34570E+00   -0.11416E+00   -0.25872E-02   -0.64213E-03    0.13624E-01    0.10619E-05    0.24259E-04    0.21329E-02    0.17216E-01    0.78482E-01   -0.21435E+00    0.79894E-01    0.43621E-01    0.88083E-02    0.64691E-01   -0.19119E+00    0.17562E+00    0.66681E+00    0.22244E+00   -0.66692E-01    0.15954E+00   -0.58765E-01    0.11090E+00   -0.10977E+00   -0.16852E-01   -0.87114E-02    0.55215E-02    0.88630E-02    0.97342E+00
