# omegabh2 omegach2 theta tau ns nrun logA r aps100 aps143 aps217 acib143 acib217 asz143 psr cibr ncib cal0 cal2 xi aksz bm_1_1
    0.10287E-06   -0.45729E-06    0.91851E-07    0.20819E-05    0.11623E-05   -0.15018E-05    0.35728E-05    0.73650E-05   -0.21997E-03   -0.52871E-03   -0.31303E-03   -0.19352E-04   -0.70116E-04    0.34389E-04   -0.72757E-06    0.18095E-05   -0.11748E-05    0.18466E-08   -0.11356E-08    0.59389E-07    0.48249E-05   -0.29774E-05
   -0.45729E-06    0.74790E-05   -0.79361E-06   -0.12107E-04   -0.17380E-04   -0.21227E-06   -0.59158E-05   -0.44249E-04    0.11875E-01    0.41146E-02    0.27083E-02    0.54108E-04    0.39606E-03   -0.11049E-03    0.57208E-05   -0.11298E-04    0.89237E-05   -0.16248E-07    0.38253E-07   -0.40924E-05   -0.32993E-04    0.18805E-03
    0.91851E-07   -0.79361E-06    0.40219E-06    0.21773E-05    0.22991E-05   -0.58168E-06    0.28904E-05    0.63744E-05   -0.86681E-03   -0.48841E-03   -0.39059E-03   -0.10134E-04   -0.18851E-04    0.38103E-04   -0.11833E-05    0.37174E-05   -0.18075E-05    0.28352E-08    0.12487E-08   -0.15412E-05    0.27006E-04   -0.13258E-04
    0.20819E-05   -0.12107E-04    0.21773E-05    0.24749E-03    0.34545E-04   -0.66311E-04    0.48065E-03    0.15371E-03   -0.16234E-01   -0.51461E-02   -0.15236E-02   -0.13118E-02   -0.15838E-02   -0.67291E-04   -0.13582E-04   -0.19090E-04   -0.86081E-05    0.22869E-07   -0.13137E-07   -0.51598E-04    0.26087E-04   -0.56041E-04
    0.11623E-05   -0.17380E-04    0.22991E-05    0.34545E-04    0.64915E-04    0.14627E-04    0.23234E-04    0.13010E-03   -0.87276E-01   -0.13049E-01    0.16786E-01   -0.78758E-02   -0.14663E-01   -0.67182E-03    0.61867E-04   -0.33176E-03    0.11808E-04    0.99323E-08    0.60802E-07    0.95951E-04   -0.33639E-02   -0.29497E-03
   -0.15018E-05   -0.21227E-06   -0.58168E-06   -0.66311E-04    0.14627E-04    0.12140E-03   -0.15939E-03   -0.43883E-03   -0.91288E-01   -0.13671E-01    0.23147E-01   -0.86228E-02   -0.18500E-01   -0.12705E-02    0.74999E-04   -0.43953E-03   -0.24168E-06    0.33464E-07   -0.65956E-06    0.15229E-03   -0.38643E-02   -0.64503E-03
    0.35728E-05   -0.59158E-05    0.28904E-05    0.48065E-03    0.23234E-04   -0.15939E-03    0.99256E-03    0.27141E-03    0.82872E-02    0.85601E-02    0.13991E-01   -0.51417E-02   -0.47878E-02   -0.11807E-02    0.12418E-04   -0.16440E-03    0.33069E-04    0.56492E-07    0.73697E-06   -0.97737E-04   -0.77448E-03    0.11671E-02
    0.73650E-05   -0.44249E-04    0.63744E-05    0.15371E-03    0.13010E-03   -0.43883E-03    0.27141E-03    0.57650E-02    0.20131E+00    0.22115E-01   -0.59838E-01    0.19369E-01    0.43559E-01    0.19316E-02   -0.16976E-03    0.10162E-02    0.53836E-04   -0.42566E-06    0.19240E-05   -0.34556E-03    0.65690E-02    0.12603E-02
   -0.21997E-03    0.11875E-01   -0.86681E-03   -0.16234E-01   -0.87276E-01   -0.91288E-01    0.82872E-02    0.20131E+00    0.36171E+04    0.11956E+03   -0.15764E+03    0.76492E+02    0.11281E+03   -0.63326E+02   -0.93733E+00    0.31522E+00    0.55635E+00    0.72421E-03   -0.84447E-03   -0.33392E+00   -0.12567E+02    0.16919E+02
   -0.52871E-03    0.41146E-02   -0.48841E-03   -0.51461E-02   -0.13049E-01   -0.13671E-01    0.85601E-02    0.22115E-01    0.11956E+03    0.19877E+03    0.34516E+02   -0.38662E+02    0.12030E+01   -0.88219E+01   -0.91993E-01    0.58610E-01    0.52872E-01    0.50154E-04    0.13806E-02    0.12541E+01   -0.12320E+02    0.60738E+00
   -0.31303E-03    0.27083E-02   -0.39059E-03   -0.15236E-02    0.16786E-01    0.23147E-01    0.13991E-01   -0.59838E-01   -0.15764E+03    0.34516E+02    0.32785E+03   -0.33821E+02   -0.13794E+03   -0.53892E+00    0.14186E+00   -0.19908E+01   -0.93043E+00    0.47197E-04   -0.34185E-02    0.63096E+00   -0.10921E+02    0.12086E+01
   -0.19352E-04    0.54108E-04   -0.10134E-04   -0.13118E-02   -0.78758E-02   -0.86228E-02   -0.51417E-02    0.19369E-01    0.76492E+02   -0.38662E+02   -0.33821E+02    0.31504E+02    0.19068E+02   -0.10421E+01   -0.29858E-01    0.19467E+00    0.72223E-01   -0.28583E-04   -0.35469E-03    0.95099E-01   -0.60880E+00   -0.47490E+00
   -0.70116E-04    0.39606E-03   -0.18851E-04   -0.15838E-02   -0.14663E-01   -0.18500E-01   -0.47878E-02    0.43559E-01    0.11281E+03    0.12030E+01   -0.13794E+03    0.19068E+02    0.71141E+02    0.37391E+00   -0.13412E-01    0.92462E+00    0.57570E+00   -0.28183E-04    0.17190E-02   -0.34621E+00   -0.10747E+01   -0.38417E+00
    0.34389E-04   -0.11049E-03    0.38103E-04   -0.67291E-04   -0.67182E-03   -0.12705E-02   -0.11807E-02    0.19316E-02   -0.63326E+02   -0.88219E+01   -0.53892E+00   -0.10421E+01    0.37391E+00    0.78099E+01    0.33351E-01    0.27972E+00   -0.40779E-01   -0.80413E-05   -0.12023E-03   -0.54368E-01   -0.11029E+00    0.16810E+00
   -0.72757E-06    0.57208E-05   -0.11833E-05   -0.13582E-04    0.61867E-04    0.74999E-04    0.12418E-04   -0.16976E-03   -0.93733E+00   -0.91993E-01    0.14186E+00   -0.29858E-01   -0.13412E-01    0.33351E-01    0.71058E-02   -0.66646E-02    0.49791E-02    0.16342E-07   -0.87294E-05    0.40555E-02   -0.16520E-01    0.48313E-02
    0.18095E-05   -0.11298E-04    0.37174E-05   -0.19090E-04   -0.33176E-03   -0.43953E-03   -0.16440E-03    0.10162E-02    0.31522E+00    0.58610E-01   -0.19908E+01    0.19467E+00    0.92462E+00    0.27972E+00   -0.66646E-02    0.48345E-01   -0.57238E-02   -0.13004E-05    0.43893E-04   -0.31657E-03   -0.10252E-01   -0.69987E-02
   -0.11748E-05    0.89237E-05   -0.18075E-05   -0.86081E-05    0.11808E-04   -0.24168E-06    0.33069E-04    0.53836E-04    0.55635E+00    0.52872E-01   -0.93043E+00    0.72223E-01    0.57570E+00   -0.40779E-01    0.49791E-02   -0.57238E-02    0.16087E-01    0.14911E-06   -0.13168E-05   -0.19023E-02   -0.63137E-02    0.76780E-02
    0.18466E-08   -0.16248E-07    0.28352E-08    0.22869E-07    0.99323E-08    0.33464E-07    0.56492E-07   -0.42566E-06    0.72421E-03    0.50154E-04    0.47197E-04   -0.28583E-04   -0.28183E-04   -0.80413E-05    0.16342E-07   -0.13004E-05    0.14911E-06    0.15875E-06   -0.98203E-11   -0.86505E-07   -0.83540E-07   -0.17315E-04
   -0.11356E-08    0.38253E-07    0.12487E-08   -0.13137E-07    0.60802E-07   -0.65956E-06    0.73697E-06    0.19240E-05   -0.84447E-03    0.13806E-02   -0.34185E-02   -0.35469E-03    0.17190E-02   -0.12023E-03   -0.87294E-05    0.43893E-04   -0.13168E-05   -0.98203E-11    0.18948E-05   -0.29554E-05   -0.41200E-04    0.94801E-04
    0.59389E-07   -0.40924E-05   -0.15412E-05   -0.51598E-04    0.95951E-04    0.15229E-03   -0.97737E-04   -0.34556E-03   -0.33392E+00    0.12541E+01    0.63096E+00    0.95099E-01   -0.34621E+00   -0.54368E-01    0.40555E-02   -0.31657E-03   -0.19023E-02   -0.86505E-07   -0.29554E-05    0.81531E-01    0.13297E-01    0.12711E-02
    0.48249E-05   -0.32993E-04    0.27006E-04    0.26087E-04   -0.33639E-02   -0.38643E-02   -0.77448E-03    0.65690E-02   -0.12567E+02   -0.12320E+02   -0.10921E+02   -0.60880E+00   -0.10747E+01   -0.11029E+00   -0.16520E-01   -0.10252E-01   -0.63137E-02   -0.83540E-07   -0.41200E-04    0.13297E-01    0.82004E+01    0.31550E-02
   -0.29774E-05    0.18805E-03   -0.13258E-04   -0.56041E-04   -0.29497E-03   -0.64503E-03    0.11671E-02    0.12603E-02    0.16919E+02    0.60738E+00    0.12086E+01   -0.47490E+00   -0.38417E+00    0.16810E+00    0.48313E-02   -0.69987E-02    0.76780E-02   -0.17315E-04    0.94801E-04    0.12711E-02    0.31550E-02    0.32575E+00
