# omegabh2 omegach2 theta mnu logA ns DES_b1 DES_b2 DES_b3 DES_b4 DES_b5 DES_m1 DES_m2 DES_m3 DES_m4 DES_AIA DES_alphaIA DES_DzL1 DES_DzL2 DES_DzL3 DES_DzL4 DES_DzL5 DES_DzS1 DES_DzS2 DES_DzS3 DES_DzS4
  2.5589272E-07   5.9378611E-07   6.4625412E-07   5.0712424E-06  -2.7609939E-06  -1.9627782E-07  -1.4880868E-07  -1.5678928E-07  -2.4258293E-07   2.1632194E-07   4.5686032E-07  -4.6701378E-08  -6.8057711E-08   1.6936331E-08   4.7609587E-08  -4.4201580E-07  -4.8771225E-06  -5.2280822E-09   1.2658850E-08  -3.6358787E-08  -3.7600875E-08   3.4338308E-09  -5.1849560E-08   1.9591058E-08  -7.2534390E-09  -4.9778141E-08
  5.9378611E-07   1.1313555E-04   2.1632054E-04   3.5895160E-03  -4.4852829E-04  -3.5871129E-05   5.5118302E-04   5.3108737E-04   4.8771658E-04   5.6017012E-04   5.6255355E-04  -3.2863621E-06  -6.5846960E-06  -4.7290747E-05  -3.2578943E-05  -1.3810129E-04  -3.4287797E-03  -2.4562454E-06  -4.1661654E-06  -2.1907650E-06  -3.9709145E-06  -7.2830421E-07  -1.3687852E-06  -4.7631014E-06  -1.0342346E-05  -1.8059044E-05
  6.4625412E-07   2.1632054E-04   4.3907998E-04   7.7273394E-03  -6.2710710E-04  -1.7662727E-05   1.1354113E-03   1.1138716E-03   1.0187274E-03   1.1626552E-03   1.1358969E-03  -6.8205208E-06  -1.0294275E-05  -7.9674319E-05  -5.3894387E-05  -3.0631611E-04  -6.0582230E-03  -4.3803014E-06  -7.4699799E-06  -3.9142682E-06  -6.2969113E-06  -6.5905022E-07  -3.7354682E-06  -7.8200466E-06  -1.6596782E-05  -2.7221870E-05
  5.0712424E-06   3.5895160E-03   7.7273394E-03   1.5550196E-01  -4.7561757E-03   1.1509169E-03   2.2279484E-02   2.2423823E-02   2.0373118E-02   2.3082921E-02   2.1713025E-02  -1.2828473E-04  -7.6261702E-05  -1.0906630E-03  -7.3494697E-04  -6.7867772E-03  -9.3717691E-02  -6.4739246E-05  -1.1591119E-04  -6.5066221E-05  -8.5802323E-05  -7.3453974E-06  -7.8950491E-05  -8.9832390E-05  -1.8517089E-04  -2.4166723E-04
 -2.7609939E-06  -4.4852829E-04  -6.2710710E-04  -4.7561757E-03   4.8475966E-03   8.1294846E-04  -1.5349208E-03  -1.4135858E-03  -1.4005022E-03  -1.7037173E-03  -2.0234032E-03   7.0951280E-06   3.5622091E-05   1.9524432E-04   1.3155010E-04   2.8802151E-04   1.2396092E-02   1.2341955E-05   1.5761554E-05   1.0918611E-05   2.0908003E-05   7.3288683E-06  -1.9439559E-07   2.1215149E-05   4.5383558E-05   8.3943991E-05
 -1.9627782E-07  -3.5871129E-05  -1.7662727E-05   1.1509169E-03   8.1294846E-04   4.0010614E-04  -1.9927473E-05  -1.3148187E-05  -1.7357098E-05  -2.1984933E-05  -7.1009886E-06  -5.1555788E-06  -3.4479451E-06   1.0203538E-06   4.7273840E-07   4.7138463E-05   1.8249986E-04   1.2547635E-07  -2.7666898E-07   9.7484159E-07   5.6153838E-07  -2.1027889E-06   1.6265808E-06   1.6377764E-06   2.0714944E-06  -3.1711537E-06
 -1.4880868E-07   5.5118302E-04   1.1354113E-03   2.2279484E-02  -1.5349208E-03  -1.9927473E-05   9.2637943E-03   3.7345410E-03   3.5245346E-03   4.0321191E-03   3.8816074E-03  -1.9778786E-05   1.1876465E-05  -4.9766450E-05  -5.8345828E-05  -1.5778963E-03  -1.8655649E-03   1.3531951E-04  -1.3564933E-06   5.5853108E-06  -5.6557116E-06   1.8908465E-06   3.7982059E-06  -2.7255811E-06  -3.6785706E-06   3.4090076E-06
 -1.5678928E-07   5.3108737E-04   1.1138716E-03   2.2423823E-02  -1.4135858E-03  -1.3148187E-05   3.7345410E-03   6.7850739E-03   3.6823967E-03   4.2309531E-03   4.0071148E-03  -2.4929934E-05   4.5051631E-06  -5.5482529E-05  -4.5155679E-05  -1.5312338E-03  -8.8021925E-03  -1.4295270E-05   5.3260996E-05  -8.9959287E-06  -3.0701610E-06  -3.2501723E-06  -1.3399717E-05  -1.8307269E-06  -5.0525927E-07   4.4274764E-05
 -2.4258293E-07   4.8771658E-04   1.0187274E-03   2.0373118E-02  -1.4005022E-03  -1.7357098E-05   3.5245346E-03   3.6823967E-03   5.3029047E-03   3.8970006E-03   3.7054718E-03  -4.3265605E-06  -3.1289086E-06  -8.7611943E-05  -4.0523992E-05  -1.2311760E-03  -1.0143794E-02  -6.0284927E-06  -1.5909220E-05   4.6411044E-05  -1.0086318E-05   4.5857615E-07  -1.7221116E-05  -3.9170731E-06   5.6371100E-06   2.4607470E-05
  2.1632194E-07   5.6017012E-04   1.1626552E-03   2.3082921E-02  -1.7037173E-03  -2.1984933E-05   4.0321191E-03   4.2309531E-03   3.8970006E-03   7.0298313E-03   4.2980740E-03  -1.7212747E-05   3.9345198E-06  -1.1822063E-04  -5.7240748E-05  -1.6971754E-03  -1.4005102E-02  -6.3589363E-06  -1.2871821E-05  -1.5526616E-05   1.0152789E-04   1.7760639E-06  -2.2484315E-05  -8.5553164E-06   8.9377453E-07   4.7211501E-05
  4.5686032E-07   5.6255355E-04   1.1358969E-03   2.1713025E-02  -2.0234032E-03  -7.1009886E-06   3.8816074E-03   4.0071148E-03   3.7054718E-03   4.2980740E-03   9.9405640E-03  -1.5973765E-05   1.7734462E-06  -1.3232128E-04  -8.4319993E-05  -1.4128075E-03  -1.6251173E-02  -1.5512316E-05  -1.6916482E-05  -1.4774801E-05  -1.2244487E-05   1.2744209E-04  -1.9090434E-05  -1.1930621E-05  -2.4479799E-05  -4.1672072E-06
 -4.6701378E-08  -3.2863621E-06  -6.8205208E-06  -1.2828473E-04   7.0951280E-06  -5.1555788E-06  -1.9778786E-05  -2.4929934E-05  -4.3265605E-06  -1.7212747E-05  -1.5973765E-05   5.2270155E-04   4.8497023E-06  -4.3463086E-07   3.6152107E-07   6.4259547E-05  -3.8816086E-03   1.1954520E-07  -7.7704602E-07   2.8946660E-06   6.9702876E-07  -1.5947402E-06  -2.5911474E-05   6.6105547E-06   7.2291018E-07   5.2130919E-06
 -6.8057711E-08  -6.5846960E-06  -1.0294275E-05  -7.6261702E-05   3.5622091E-05  -3.4479451E-06   1.1876465E-05   4.5051631E-06  -3.1289086E-06   3.9345198E-06   1.7734462E-06   4.8497023E-06   4.9820994E-04   1.4864676E-05   8.8242373E-06   2.4082939E-04  -2.0765632E-03  -2.2442343E-07   1.3697224E-06  -1.2982266E-06  -3.0698943E-06  -8.2709104E-07   2.1273795E-05  -3.2198886E-05   5.3661905E-06   7.0458938E-06
  1.6936331E-08  -4.7290747E-05  -7.9674319E-05  -1.0906630E-03   1.9524432E-04   1.0203538E-06  -4.9766450E-05  -5.5482529E-05  -8.7611943E-05  -1.1822063E-04  -1.3232128E-04  -4.3463086E-07   1.4864676E-05   4.1158381E-04   4.4806021E-05  -3.1681741E-05   3.0049348E-03   9.9214777E-08   1.8282914E-06   4.0766985E-07   7.7425883E-07   1.2891355E-06   3.5184365E-06   1.0429915E-05  -3.4337858E-05   3.2504440E-05
  4.7609587E-08  -3.2578943E-05  -5.3894387E-05  -7.3494697E-04   1.3155010E-04   4.7273840E-07  -5.8345828E-05  -4.5155679E-05  -4.0523992E-05  -5.7240748E-05  -8.4319993E-05   3.6152107E-07   8.8242373E-06   4.4806021E-05   4.3523095E-04  -5.4591366E-05   2.2271621E-03  -1.5902654E-06  -4.3143885E-07   9.9751285E-07   1.0650229E-06  -2.8540988E-07   1.7062144E-06   9.4176913E-06   1.2510508E-05  -8.3180793E-05
 -4.4201580E-07  -1.3810129E-04  -3.0631611E-04  -6.7867772E-03   2.8802151E-04   4.7138463E-05  -1.5778963E-03  -1.5312338E-03  -1.2311760E-03  -1.6971754E-03  -1.4128075E-03   6.4259547E-05   2.4082939E-04  -3.1681741E-05  -5.4591366E-05   2.7923682E-02   1.1826062E-01  -4.6618831E-05  -4.4959271E-05   3.8888332E-05  -1.6376457E-04  -5.8618092E-05   2.9901138E-04   2.5773143E-04   1.8626536E-04  -5.1050239E-05
 -4.8771225E-06  -3.4287797E-03  -6.0582230E-03  -9.3717691E-02   1.2396092E-02   1.8249986E-04  -1.8655649E-03  -8.8021925E-03  -1.0143794E-02  -1.4005102E-02  -1.6251173E-02  -3.8816086E-03  -2.0765632E-03   3.0049348E-03   2.2271621E-03   1.1826062E-01   5.4266130E+00   1.3435529E-03   6.1014871E-04   1.3178319E-04  -1.0199135E-03  -6.7205044E-04  -1.1333876E-02  -2.7976064E-03   2.3212838E-03   1.9549418E-03
 -5.2280822E-09  -2.4562454E-06  -4.3803014E-06  -6.4739246E-05   1.2341955E-05   1.2547635E-07   1.3531951E-04  -1.4295270E-05  -6.0284927E-06  -6.3589363E-06  -1.5512316E-05   1.1954520E-07  -2.2442343E-07   9.9214777E-08  -1.5902654E-06  -4.6618831E-05   1.3435529E-03   5.5898561E-05   2.4891819E-07   3.4842292E-07   7.2762697E-07  -3.9966540E-07   2.1101737E-06  -3.4250215E-07   2.0053095E-06   1.3783193E-06
  1.2658850E-08  -4.1661654E-06  -7.4699799E-06  -1.1591119E-04   1.5761554E-05  -2.7666898E-07  -1.3564933E-06   5.3260996E-05  -1.5909220E-05  -1.2871821E-05  -1.6916482E-05  -7.7704602E-07   1.3697224E-06   1.8282914E-06  -4.3143885E-07  -4.4959271E-05   6.1014871E-04   2.4891819E-07   4.3666812E-05   2.1250196E-07   5.2193749E-07  -1.5788156E-07   3.3659847E-07   3.4490831E-06   1.1643820E-06   2.1405187E-06
 -3.6358787E-08  -2.1907650E-06  -3.9142682E-06  -6.5066221E-05   1.0918611E-05   9.7484159E-07   5.5853108E-06  -8.9959287E-06   4.6411044E-05  -1.5526616E-05  -1.4774801E-05   2.8946660E-06  -1.2982266E-06   4.0766985E-07   9.9751285E-07   3.8888332E-05   1.3178319E-04   3.4842292E-07   2.1250196E-07   4.3410149E-05   5.1021151E-07  -9.8863151E-07  -5.9815732E-07   5.4086272E-06   3.9948143E-06  -4.4531055E-07
 -3.7600875E-08  -3.9709145E-06  -6.2969113E-06  -8.5802323E-05   2.0908003E-05   5.6153838E-07  -5.6557116E-06  -3.0701610E-06  -1.0086318E-05   1.0152789E-04  -1.2244487E-05   6.9702876E-07  -3.0698943E-06   7.7425883E-07   1.0650229E-06  -1.6376457E-04  -1.0199135E-03   7.2762697E-07   5.2193749E-07   5.1021151E-07   8.2850666E-05   1.0408105E-06   7.8827374E-07   1.0809203E-06   6.9407529E-06   1.1360832E-05
  3.4338308E-09  -7.2830421E-07  -6.5905022E-07  -7.3453974E-06   7.3288683E-06  -2.1027889E-06   1.8908465E-06  -3.2501723E-06   4.5857615E-07   1.7760639E-06   1.2744209E-04  -1.5947402E-06  -8.2709104E-07   1.2891355E-06  -2.8540988E-07  -5.8618092E-05  -6.7205044E-04  -3.9966540E-07  -1.5788156E-07  -9.8863151E-07   1.0408105E-06   9.5814734E-05   2.0522476E-06   4.3499129E-07  -2.0730786E-06   9.5848879E-06
 -5.1849560E-08  -1.3687852E-06  -3.7354682E-06  -7.8950491E-05  -1.9439559E-07   1.6265808E-06   3.7982059E-06  -1.3399717E-05  -1.7221116E-05  -2.2484315E-05  -1.9090434E-05  -2.5911474E-05   2.1273795E-05   3.5184365E-06   1.7062144E-06   2.9901138E-04  -1.1333876E-02   2.1101737E-06   3.3659847E-07  -5.9815732E-07   7.8827374E-07   2.0522476E-06   2.0028721E-04   2.2848708E-05   1.4038094E-06   1.1317389E-06
  1.9591058E-08  -4.7631014E-06  -7.8200466E-06  -8.9832390E-05   2.1215149E-05   1.6377764E-06  -2.7255811E-06  -1.8307269E-06  -3.9170731E-06  -8.5553164E-06  -1.1930621E-05   6.6105547E-06  -3.2198886E-05   1.0429915E-05   9.4176913E-06   2.5773143E-04  -2.7976064E-03  -3.4250215E-07   3.4490831E-06   5.4086272E-06   1.0809203E-06   4.3499129E-07   2.2848708E-05   1.1544699E-04   5.9940152E-06   4.8101051E-06
 -7.2534390E-09  -1.0342346E-05  -1.6596782E-05  -1.8517089E-04   4.5383558E-05   2.0714944E-06  -3.6785706E-06  -5.0525927E-07   5.6371100E-06   8.9377453E-07  -2.4479799E-05   7.2291018E-07   5.3661905E-06  -3.4337858E-05   1.2510508E-05   1.8626536E-04   2.3212838E-03   2.0053095E-06   1.1643820E-06   3.9948143E-06   6.9407529E-06  -2.0730786E-06   1.4038094E-06   5.9940152E-06   9.3505020E-05   1.7921906E-05
 -4.9778141E-08  -1.8059044E-05  -2.7221870E-05  -2.4166723E-04   8.3943991E-05  -3.1711537E-06   3.4090076E-06   4.4274764E-05   2.4607470E-05   4.7211501E-05  -4.1672072E-06   5.2130919E-06   7.0458938E-06   3.2504440E-05  -8.3180793E-05  -5.1050239E-05   1.9549418E-03   1.3783193E-06   2.1405187E-06  -4.4531055E-07   1.1360832E-05   9.5848879E-06   1.1317389E-06   4.8101051E-06   1.7921906E-05   3.4105937E-04
