# omegabh2 omegach2 theta tau omegak ns logA alpha_SNLS beta_SNLS aps100 aps143 aps217 acib143 acib217 asz143 psr cibr ncib cal0 cal2 xi aksz bm_1_1 bm_1_2 bm_1_3 bm_1_4 bm_1_5 bm_2_1 bm_2_2 bm_2_3 bm_2_4 bm_2_5 bm_3_1 bm_3_2 bm_3_3 bm_3_4 bm_3_5 bm_4_1 bm_4_2 bm_4_3 bm_4_4 bm_4_5
    0.92495E-07   -0.50285E-06    0.10544E-06    0.10934E-05   -0.10745E-05    0.15151E-05    0.12647E-05    0.70196E-06   -0.57383E-07   -0.20108E-02   -0.65688E-03   -0.14221E-03   -0.20285E-03   -0.27720E-03    0.37733E-04    0.48166E-06   -0.65705E-05   -0.19714E-05    0.29166E-08   -0.23359E-07    0.26384E-05   -0.81702E-04   -0.12141E-04   -0.72296E-05    0.21068E-05    0.58566E-05    0.28951E-05   -0.56327E-05   -0.81177E-05    0.31416E-05    0.21360E-06   -0.28197E-06    0.17060E-05    0.14294E-05    0.20512E-05    0.18435E-06   -0.12956E-05   -0.36311E-05    0.93641E-06   -0.79300E-05   -0.83628E-06    0.41536E-05
   -0.50285E-06    0.75708E-05   -0.86845E-06   -0.11120E-04    0.10220E-04   -0.18057E-04   -0.48338E-05   -0.61192E-05    0.30782E-05    0.10326E-01    0.36875E-02    0.13789E-02    0.75911E-03    0.11214E-02   -0.24042E-03    0.18160E-05    0.18803E-04    0.13511E-04   -0.27095E-07    0.12001E-06   -0.14717E-04    0.31199E-03    0.14649E-03   -0.54653E-04   -0.34888E-04   -0.44089E-04    0.63998E-05    0.11007E-03    0.19230E-04   -0.64055E-05    0.42227E-05   -0.13082E-04   -0.13355E-04    0.34447E-04   -0.45890E-05   -0.14312E-04   -0.10535E-03    0.77214E-04    0.18562E-04    0.37002E-04   -0.23339E-04    0.19185E-04
    0.10544E-06   -0.86845E-06    0.43679E-06    0.18045E-05   -0.17640E-05    0.27265E-05    0.20373E-05    0.14300E-05    0.19833E-06   -0.23095E-02   -0.66431E-03   -0.16901E-03   -0.11875E-03   -0.19990E-03    0.60770E-04    0.14708E-05   -0.56770E-05   -0.13043E-05    0.65951E-08   -0.14181E-07    0.46738E-05   -0.12230E-03   -0.12599E-04    0.24651E-05    0.17347E-04   -0.13704E-05   -0.83416E-05   -0.12801E-04   -0.27471E-05   -0.72586E-06   -0.94358E-06   -0.13514E-05   -0.36492E-05   -0.15612E-05   -0.52151E-05   -0.65487E-05    0.79030E-05   -0.11368E-04   -0.36773E-05   -0.80232E-05    0.84604E-06    0.14978E-06
    0.10934E-05   -0.11120E-04    0.18045E-05    0.18793E-03   -0.49770E-05    0.41459E-04    0.34967E-03    0.14129E-04   -0.21077E-04   -0.84721E-01   -0.46970E-02    0.66039E-02   -0.76736E-02   -0.85123E-02    0.30738E-03    0.11407E-04   -0.16004E-03   -0.57997E-04   -0.10093E-06   -0.14689E-06    0.86210E-04   -0.24265E-02   -0.61072E-03    0.28036E-03    0.17822E-03    0.17961E-04   -0.11791E-04   -0.11520E-03   -0.20812E-03   -0.13123E-03    0.26145E-04    0.16152E-03   -0.14251E-03    0.50797E-04    0.14673E-03    0.41653E-03    0.12433E-03   -0.95735E-04   -0.24617E-03   -0.13556E-03   -0.64181E-04   -0.72923E-05
   -0.10745E-05    0.10220E-04   -0.17640E-05   -0.49770E-05    0.83383E-04   -0.27677E-04    0.82614E-05    0.17578E-04    0.15461E-04    0.47583E-01    0.68426E-02   -0.25981E-02    0.45485E-02    0.58914E-02    0.32351E-03   -0.36221E-04    0.23120E-03   -0.18362E-05   -0.70638E-07    0.63913E-06   -0.12469E-03    0.21792E-02    0.64812E-04   -0.19509E-03   -0.14507E-03   -0.65204E-04    0.33975E-04    0.15018E-03    0.19356E-04   -0.11039E-03   -0.18554E-03    0.16454E-04   -0.80142E-04    0.76491E-04    0.11957E-03    0.12498E-03   -0.52476E-04    0.92227E-04   -0.20111E-04    0.74552E-04   -0.44674E-04   -0.11441E-03
    0.15151E-05   -0.18057E-04    0.27265E-05    0.41459E-04   -0.27677E-04    0.65247E-04    0.42083E-04    0.10462E-04   -0.36197E-05   -0.95839E-01   -0.73801E-02    0.12047E-01   -0.10595E-01   -0.12143E-01    0.21525E-03    0.49517E-04   -0.33040E-03   -0.41429E-04    0.34247E-07   -0.44946E-06    0.91167E-04   -0.36498E-02   -0.16591E-03    0.61693E-04    0.86460E-04    0.22041E-03   -0.30202E-04    0.97672E-04    0.23550E-04   -0.87255E-04   -0.41012E-04   -0.61732E-04    0.34705E-04   -0.56268E-05   -0.76071E-04   -0.79925E-04    0.63413E-04    0.98168E-04    0.44324E-04   -0.47693E-04    0.71490E-04   -0.31613E-04
    0.12647E-05   -0.48338E-05    0.20373E-05    0.34967E-03    0.82614E-05    0.42083E-04    0.69475E-03    0.13013E-04   -0.34380E-04   -0.16767E+00    0.60455E-02    0.25620E-01   -0.18145E-01   -0.18346E-01   -0.10059E-02    0.63368E-04   -0.47434E-03   -0.52155E-04   -0.16510E-06    0.15617E-06    0.17970E-03   -0.60071E-02   -0.23821E-03    0.57945E-03    0.32629E-03   -0.82784E-04    0.46553E-04    0.35055E-03   -0.23459E-03   -0.37325E-03   -0.12531E-04    0.28563E-03   -0.31006E-03    0.31259E-03    0.20853E-03    0.73761E-03   -0.42760E-04    0.24236E-03   -0.37257E-03   -0.70211E-04   -0.90385E-04   -0.65830E-05
    0.70196E-06   -0.61192E-05    0.14300E-05    0.14129E-04    0.17578E-04    0.10462E-04    0.13013E-04    0.11556E-01   -0.66805E-03    0.29665E-01    0.17528E-01    0.54709E-02   -0.30568E-02   -0.24113E-02    0.18811E-02   -0.26478E-04   -0.38325E-03    0.51047E-04    0.30680E-06   -0.18045E-05   -0.45235E-04   -0.11521E-02    0.22190E-04   -0.19837E-02   -0.61824E-03   -0.54562E-03    0.35066E-03   -0.57033E-03   -0.44120E-04   -0.80470E-03    0.23496E-03   -0.35794E-02   -0.32007E-03   -0.68987E-04   -0.25670E-02   -0.14859E-03   -0.52094E-03   -0.11043E-02    0.15549E-02   -0.21125E-02    0.17442E-02   -0.10966E-02
   -0.57383E-07    0.30782E-05    0.19833E-06   -0.21077E-04    0.15461E-04   -0.36197E-05   -0.34380E-04   -0.66805E-03    0.12499E-01   -0.56437E-01   -0.31107E-01   -0.58361E-02    0.60782E-02    0.30719E-02    0.65752E-02    0.25316E-03   -0.84043E-04   -0.19322E-04    0.41277E-06   -0.18530E-05    0.70056E-03   -0.23211E-02    0.36974E-03    0.93831E-03    0.48102E-03    0.30559E-02   -0.17494E-02   -0.86288E-03   -0.26757E-02    0.15590E-02   -0.22211E-02    0.90653E-03    0.14485E-02    0.11075E-02    0.15613E-02    0.11633E-02    0.40631E-03    0.46728E-03   -0.27186E-03   -0.14860E-02   -0.22399E-02   -0.42758E-05
   -0.20108E-02    0.10326E-01   -0.23095E-02   -0.84721E-01    0.47583E-01   -0.95839E-01   -0.16767E+00    0.29665E-01   -0.56437E-01    0.26677E+04    0.54186E+02   -0.16332E+03    0.11755E+03    0.11037E+03   -0.73097E+02   -0.10577E+01    0.40761E+00    0.14165E+01    0.10092E-02   -0.15714E-02   -0.50977E+00   -0.16356E+02    0.94777E+01   -0.94673E+01   -0.94486E+00    0.14463E+00   -0.33668E+00   -0.13006E+01   -0.44854E+01    0.61994E-01    0.66131E+00   -0.70601E+00    0.78226E+00   -0.56052E+00    0.36029E-01    0.16396E+01   -0.31425E+01   -0.15500E+00   -0.11612E+01   -0.21864E+01   -0.28025E+00    0.35910E+01
   -0.65688E-03    0.36875E-02   -0.66431E-03   -0.46970E-02    0.68426E-02   -0.73801E-02    0.60455E-02    0.17528E-01   -0.31107E-01    0.54186E+02    0.18255E+03    0.57961E+02   -0.33152E+02   -0.11202E+02   -0.84825E+01   -0.26222E+00   -0.14777E+00   -0.19229E+00    0.18599E-03    0.31808E-02    0.10906E+01   -0.12396E+02    0.95878E+00    0.41560E+00    0.16260E+00    0.24594E+00   -0.63675E-01   -0.19447E+01   -0.48978E+00   -0.40774E+00   -0.25898E+00    0.19122E+00    0.98196E+00    0.28591E+00    0.40865E+00    0.82599E-02    0.16155E+00   -0.61567E+00   -0.84092E+00    0.47129E-01    0.48000E+00   -0.14005E+00
   -0.14221E-03    0.13789E-02   -0.16901E-03    0.66039E-02   -0.25981E-02    0.12047E-01    0.25620E-01    0.54709E-02   -0.58361E-02   -0.16332E+03    0.57961E+02    0.20335E+03   -0.33323E+02   -0.70500E+02    0.45145E+01   -0.14416E-01   -0.93213E+00   -0.99920E+00    0.84143E-04   -0.43452E-02    0.25186E+00   -0.10563E+02    0.15404E+01    0.84096E+00   -0.21719E-01   -0.17670E-01    0.89193E-01    0.13187E+01    0.42711E+00   -0.32406E+00   -0.29444E+00    0.50150E+00   -0.10274E+01    0.87395E+00   -0.16143E+00    0.25972E+00    0.40813E+00    0.36077E+00    0.16407E+00    0.46767E+00    0.30068E+00   -0.36400E+00
   -0.20285E-03    0.75911E-03   -0.11875E-03   -0.76736E-02    0.45485E-02   -0.10595E-01   -0.18145E-01   -0.30568E-02    0.60782E-02    0.11755E+03   -0.33152E+02   -0.33323E+02    0.25733E+02    0.17814E+02   -0.23853E+01    0.16656E-01    0.23319E+00    0.22710E+00   -0.74257E-04   -0.98221E-03    0.59751E-01   -0.94623E+00   -0.93716E+00   -0.47768E+00   -0.14909E+00   -0.13370E+00    0.81303E-01    0.73740E+00    0.15965E+00    0.15759E+00    0.25621E+00   -0.24671E-01   -0.42918E+00   -0.24226E+00   -0.20823E+00    0.10358E+00    0.16312E-01    0.19377E+00    0.27821E+00   -0.41418E-01   -0.15128E+00    0.27840E+00
   -0.27720E-03    0.11214E-02   -0.19990E-03   -0.85123E-02    0.58914E-02   -0.12143E-01   -0.18346E-01   -0.24113E-02    0.30719E-02    0.11037E+03   -0.11202E+02   -0.70500E+02    0.17814E+02    0.33860E+02   -0.22884E+01    0.62017E-01    0.40620E+00    0.51592E+00   -0.34904E-04    0.18529E-02   -0.16993E+00   -0.13128E+01   -0.62074E+00   -0.42163E+00    0.59946E-02   -0.63740E-01   -0.39431E-02   -0.49406E+00   -0.11106E+00    0.93508E-01    0.28124E+00   -0.21081E+00    0.30089E+00   -0.57801E+00    0.28605E-02   -0.15443E+00   -0.20888E+00   -0.19460E+00   -0.11305E+00   -0.16121E+00   -0.70653E-01    0.31911E+00
    0.37733E-04   -0.24042E-03    0.60770E-04    0.30738E-03    0.32351E-03    0.21525E-03   -0.10059E-02    0.18811E-02    0.65752E-02   -0.73097E+02   -0.84825E+01    0.45145E+01   -0.23853E+01   -0.22884E+01    0.78988E+01    0.54143E-01    0.25621E+00   -0.13618E+00   -0.10298E-04   -0.21159E-04   -0.31450E-01   -0.76291E-01    0.25444E+00    0.11677E+00    0.42416E-01   -0.16263E-01   -0.18016E-01   -0.38496E-02    0.29599E-01   -0.77722E-01   -0.90735E-01   -0.49083E-02   -0.33301E-01    0.54706E-02    0.18250E-01   -0.11162E+00   -0.51485E-02    0.16613E-02   -0.65455E-01   -0.77714E-02   -0.64324E-02   -0.95317E-01
    0.48166E-06    0.18160E-05    0.14708E-05    0.11407E-04   -0.36221E-04    0.49517E-04    0.63368E-04   -0.26478E-04    0.25316E-03   -0.10577E+01   -0.26222E+00   -0.14416E-01    0.16656E-01    0.62017E-01    0.54143E-01    0.81044E-02   -0.68350E-02    0.75905E-02    0.66387E-06   -0.26084E-04    0.33663E-02   -0.18280E-01    0.90562E-02    0.40719E-02    0.93495E-03   -0.23161E-02   -0.52461E-03    0.72991E-02    0.62667E-03   -0.14234E-02   -0.19836E-02    0.57755E-03   -0.11409E-01   -0.18658E-02   -0.27942E-02   -0.40724E-02   -0.27866E-02   -0.12073E-02   -0.17780E-02   -0.30412E-02   -0.48181E-02   -0.17415E-02
   -0.65705E-05    0.18803E-04   -0.56770E-05   -0.16004E-03    0.23120E-03   -0.33040E-03   -0.47434E-03   -0.38325E-03   -0.84043E-04    0.40761E+00   -0.14777E+00   -0.93213E+00    0.23319E+00    0.40620E+00    0.25621E+00   -0.68350E-02    0.44113E-01   -0.12166E-01   -0.86465E-06    0.92226E-04    0.16488E-02   -0.29425E-01   -0.18396E-01   -0.62936E-02    0.16637E-02    0.69173E-02   -0.23655E-02   -0.22101E-01   -0.81992E-02    0.32990E-02    0.43566E-03    0.13694E-02    0.31893E-01   -0.28921E-02    0.76127E-02    0.14440E-02   -0.11081E-02    0.53600E-02   -0.47487E-02    0.10721E-02   -0.13370E-02   -0.20226E-02
   -0.19714E-05    0.13511E-04   -0.13043E-05   -0.57997E-04   -0.18362E-05   -0.41429E-04   -0.52155E-04    0.51047E-04   -0.19322E-04    0.14165E+01   -0.19229E+00   -0.99920E+00    0.22710E+00    0.51592E+00   -0.13618E+00    0.75905E-02   -0.12166E-01    0.21150E-01    0.80946E-06   -0.19008E-04   -0.22803E-02   -0.10361E-01    0.56877E-02   -0.92995E-02   -0.67240E-03   -0.60863E-02    0.66750E-03    0.38541E-02    0.57475E-02   -0.54273E-02    0.11652E-01   -0.76640E-02   -0.16531E-01   -0.19716E-01   -0.30942E-02   -0.12254E-01   -0.95932E-02   -0.79927E-02   -0.43521E-02   -0.31955E-03    0.40385E-02    0.15210E-01
    0.29166E-08   -0.27095E-07    0.65951E-08   -0.10093E-06   -0.70638E-07    0.34247E-07   -0.16510E-06    0.30680E-06    0.41277E-06    0.10092E-02    0.18599E-03    0.84143E-04   -0.74257E-04   -0.34904E-04   -0.10298E-04    0.66387E-06   -0.86465E-06    0.80946E-06    0.15761E-06    0.49102E-08    0.29978E-06   -0.14968E-04   -0.21595E-04   -0.15309E-04    0.26177E-05   -0.89814E-05    0.59579E-05    0.70508E-05   -0.52554E-05   -0.62483E-05    0.26944E-05   -0.30629E-05    0.86704E-05   -0.49887E-05    0.21255E-05    0.11604E-05   -0.19935E-05    0.12832E-04   -0.25189E-05   -0.27795E-05    0.92663E-06    0.10697E-05
   -0.23359E-07    0.12001E-06   -0.14181E-07   -0.14689E-06    0.63913E-06   -0.44946E-06    0.15617E-06   -0.18045E-05   -0.18530E-05   -0.15714E-02    0.31808E-02   -0.43452E-02   -0.98221E-03    0.18529E-02   -0.21159E-04   -0.26084E-04    0.92226E-04   -0.19008E-04    0.49102E-08    0.16370E-05   -0.49715E-05   -0.49769E-04    0.72090E-04    0.53995E-04   -0.14499E-04   -0.43412E-05    0.13729E-05    0.17602E-03    0.12328E-04   -0.31050E-05    0.13615E-04    0.19989E-04   -0.21196E-03   -0.43425E-05   -0.30097E-04    0.20317E-05   -0.25556E-04   -0.11699E-04    0.26355E-04   -0.24528E-04   -0.26984E-04    0.15517E-04
    0.26384E-05   -0.14717E-04    0.46738E-05    0.86210E-04   -0.12469E-03    0.91167E-04    0.17970E-03   -0.45235E-04    0.70056E-03   -0.50977E+00    0.10906E+01    0.25186E+00    0.59751E-01   -0.16993E+00   -0.31450E-01    0.33663E-02    0.16488E-02   -0.22803E-02    0.29978E-06   -0.49715E-05    0.82783E-01    0.26288E-01    0.11992E-02   -0.69123E-03   -0.53150E-03    0.11797E-02   -0.27623E-02    0.92374E-03    0.44171E-02   -0.32826E-02   -0.11031E-02   -0.45341E-03   -0.21918E-02   -0.85229E-03    0.21987E-02   -0.64486E-02    0.36246E-03   -0.33421E-03   -0.16899E-02    0.53556E-02    0.55628E-02   -0.23610E-02
   -0.81702E-04    0.31199E-03   -0.12230E-03   -0.24265E-02    0.21792E-02   -0.36498E-02   -0.60071E-02   -0.11521E-02   -0.23211E-02   -0.16356E+02   -0.12396E+02   -0.10563E+02   -0.94623E+00   -0.13128E+01   -0.76291E-01   -0.18280E-01   -0.29425E-01   -0.10361E-01   -0.14968E-04   -0.49769E-04    0.26288E-01    0.81624E+01    0.42174E-01   -0.91742E-02   -0.26592E-01   -0.38573E-01   -0.52433E-01    0.53609E-02   -0.16414E-01    0.42645E-01    0.15213E-02   -0.41588E-01    0.12006E-01   -0.36947E-01    0.33395E-01   -0.33022E-01    0.13914E-01    0.64027E-03    0.30760E-01   -0.20694E-01   -0.16708E-01   -0.29461E-01
   -0.12141E-04    0.14649E-03   -0.12599E-04   -0.61072E-03    0.64812E-04   -0.16591E-03   -0.23821E-03    0.22190E-04    0.36974E-03    0.94777E+01    0.95878E+00    0.15404E+01   -0.93716E+00   -0.62074E+00    0.25444E+00    0.90562E-02   -0.18396E-01    0.56877E-02   -0.21595E-04    0.72090E-04    0.11992E-02    0.42174E-01    0.70532E+00   -0.12588E+00    0.58908E-02    0.11044E-02    0.30736E-03    0.17509E+00   -0.31526E-01   -0.51630E-01   -0.30466E-01   -0.54157E-01    0.26752E-01    0.34794E-01   -0.30463E-01   -0.51554E-01   -0.12506E+00    0.15983E+00    0.21122E-01    0.57199E-02    0.28443E-01    0.62689E-01
   -0.72296E-05   -0.54653E-04    0.24651E-05    0.28036E-03   -0.19509E-03    0.61693E-04    0.57945E-03   -0.19837E-02    0.93831E-03   -0.94673E+01    0.41560E+00    0.84096E+00   -0.47768E+00   -0.42163E+00    0.11677E+00    0.40719E-02   -0.62936E-02   -0.92995E-02   -0.15309E-04    0.53995E-04   -0.69123E-03   -0.91742E-02   -0.12588E+00    0.93892E+00   -0.10758E-01   -0.90507E-02    0.59659E-02   -0.16115E+00    0.20763E+00    0.59744E-01   -0.41038E-02    0.46960E-01   -0.13394E+00    0.22527E-01    0.14709E-01    0.76714E-02    0.17556E+00   -0.24435E+00    0.44229E-01    0.11809E+00    0.21071E-01   -0.21359E+00
    0.21068E-05   -0.34888E-04    0.17347E-04    0.17822E-03   -0.14507E-03    0.86460E-04    0.32629E-03   -0.61824E-03    0.48102E-03   -0.94486E+00    0.16260E+00   -0.21719E-01   -0.14909E+00    0.59946E-02    0.42416E-01    0.93495E-03    0.16637E-02   -0.67240E-03    0.26177E-05   -0.14499E-04   -0.53150E-03   -0.26592E-01    0.58908E-02   -0.10758E-01    0.10305E+01    0.19873E-01   -0.17371E-01   -0.48914E-01   -0.29015E-01    0.17705E+00   -0.33473E-01    0.71235E-01   -0.28699E-02    0.36840E-01   -0.89895E-02   -0.11879E-01    0.10759E+00   -0.58657E-01    0.35555E-01    0.12368E-01   -0.18175E+00    0.90255E-01
    0.58566E-05   -0.44089E-04   -0.13704E-05    0.17961E-04   -0.65204E-04    0.22041E-03   -0.82784E-04   -0.54562E-03    0.30559E-02    0.14463E+00    0.24594E+00   -0.17670E-01   -0.13370E+00   -0.63740E-01   -0.16263E-01   -0.23161E-02    0.69173E-02   -0.60863E-02   -0.89814E-05   -0.43412E-05    0.11797E-02   -0.38573E-01    0.11044E-02   -0.90507E-02    0.19873E-01    0.99490E+00   -0.10154E-01    0.34600E-01   -0.80555E-01    0.82569E-01   -0.11581E+00    0.30879E-01    0.80442E-01    0.10632E+00    0.46652E-01    0.14041E+00   -0.99060E-01    0.74625E-01    0.48450E-01   -0.69167E-03   -0.12210E+00    0.30778E-01
    0.28951E-05    0.63998E-05   -0.83416E-05   -0.11791E-04    0.33975E-04   -0.30202E-04    0.46553E-04    0.35066E-03   -0.17494E-02   -0.33668E+00   -0.63675E-01    0.89193E-01    0.81303E-01   -0.39431E-02   -0.18016E-01   -0.52461E-03   -0.23655E-02    0.66750E-03    0.59579E-05    0.13729E-05   -0.27623E-02   -0.52433E-01    0.30736E-03    0.59659E-02   -0.17371E-01   -0.10154E-01    0.98436E+00    0.23223E-01    0.54443E-01   -0.34939E-01    0.43802E-01    0.85618E-01    0.53917E-01   -0.82406E-01   -0.84771E-01    0.44188E-01    0.69105E-01    0.75479E-01   -0.73610E-01    0.92929E-01   -0.24977E-01    0.76719E-02
   -0.56327E-05    0.11007E-03   -0.12801E-04   -0.11520E-03    0.15018E-03    0.97672E-04    0.35055E-03   -0.57033E-03   -0.86288E-03   -0.13006E+01   -0.19447E+01    0.13187E+01    0.73740E+00   -0.49406E+00   -0.38496E-02    0.72991E-02   -0.22101E-01    0.38541E-02    0.70508E-05    0.17602E-03    0.92374E-03    0.53609E-02    0.17509E+00   -0.16115E+00   -0.48914E-01    0.34600E-01    0.23223E-01    0.86174E+00    0.27779E-02   -0.96460E-03   -0.35716E-01   -0.17869E-01    0.37708E-01    0.12345E+00   -0.10417E+00    0.30756E-01   -0.56828E-01    0.65938E+00    0.25308E+00   -0.34177E-01   -0.60952E-01    0.75935E-01
   -0.81177E-05    0.19230E-04   -0.27471E-05   -0.20812E-03    0.19356E-04    0.23550E-04   -0.23459E-03   -0.44120E-04   -0.26757E-02   -0.44854E+01   -0.48978E+00    0.42711E+00    0.15965E+00   -0.11106E+00    0.29599E-01    0.62667E-03   -0.81992E-02    0.57475E-02   -0.52554E-05    0.12328E-04    0.44171E-02   -0.16414E-01   -0.31526E-01    0.20763E+00   -0.29015E-01   -0.80555E-01    0.54443E-01    0.27779E-02    0.97436E+00    0.34120E-03    0.34433E-02   -0.22752E-01    0.33398E-01   -0.14709E-01   -0.50548E-01   -0.31346E-01    0.17070E+00   -0.82433E-01    0.27226E+00    0.73506E+00    0.30674E+00   -0.20515E+00
    0.31416E-05   -0.64055E-05   -0.72586E-06   -0.13123E-03   -0.11039E-03   -0.87255E-04   -0.37325E-03   -0.80470E-03    0.15590E-02    0.61994E-01   -0.40774E+00   -0.32406E+00    0.15759E+00    0.93508E-01   -0.77722E-01   -0.14234E-02    0.32990E-02   -0.54273E-02   -0.62483E-05   -0.31050E-05   -0.32826E-02    0.42645E-01   -0.51630E-01    0.59744E-01    0.17705E+00    0.82569E-01   -0.34939E-01   -0.96460E-03    0.34120E-03    0.10011E+01    0.23005E-02   -0.17647E-01    0.86486E-01   -0.47465E-01    0.12182E+00    0.15545E+00   -0.14647E+00   -0.19565E+00    0.65338E+00    0.12746E+00   -0.60823E+00    0.17227E+00
    0.21360E-06    0.42227E-05   -0.94358E-06    0.26145E-04   -0.18554E-03   -0.41012E-04   -0.12531E-04    0.23496E-03   -0.22211E-02    0.66131E+00   -0.25898E+00   -0.29444E+00    0.25621E+00    0.28124E+00   -0.90735E-01   -0.19836E-02    0.43566E-03    0.11652E-01    0.26944E-05    0.13615E-04   -0.11031E-02    0.15213E-02   -0.30466E-01   -0.41038E-02   -0.33473E-01   -0.11581E+00    0.43802E-01   -0.35716E-01    0.34433E-02    0.23005E-02    0.10168E+01   -0.74986E-02   -0.41131E-01   -0.88369E-01   -0.15049E+00   -0.19538E-01   -0.92935E-01   -0.10954E+00    0.77729E-01   -0.52488E-01    0.31183E+00    0.68403E+00
   -0.28197E-06   -0.13082E-04   -0.13514E-05    0.16152E-03    0.16454E-04   -0.61732E-04    0.28563E-03   -0.35794E-02    0.90653E-03   -0.70601E+00    0.19122E+00    0.50150E+00   -0.24671E-01   -0.21081E+00   -0.49083E-02    0.57755E-03    0.13694E-02   -0.76640E-02   -0.30629E-05    0.19989E-04   -0.45341E-03   -0.41588E-01   -0.54157E-01    0.46960E-01    0.71235E-01    0.30879E-01    0.85618E-01   -0.17869E-01   -0.22752E-01   -0.17647E-01   -0.74986E-02    0.97634E+00   -0.84642E-01    0.77213E-01    0.27111E-01    0.13974E+00    0.11333E-01    0.10021E+00   -0.57305E+00    0.36101E+00   -0.34087E+00    0.21612E+00
    0.17060E-05   -0.13355E-04   -0.36492E-05   -0.14251E-03   -0.80142E-04    0.34705E-04   -0.31006E-03   -0.32007E-03    0.14485E-02    0.78226E+00    0.98196E+00   -0.10274E+01   -0.42918E+00    0.30089E+00   -0.33301E-01   -0.11409E-01    0.31893E-01   -0.16531E-01    0.86704E-05   -0.21196E-03   -0.21918E-02    0.12006E-01    0.26752E-01   -0.13394E+00   -0.28699E-02    0.80442E-01    0.53917E-01    0.37708E-01    0.33398E-01    0.86486E-01   -0.41131E-01   -0.84642E-01    0.93468E+00   -0.16585E-02   -0.10759E-02    0.11298E-01   -0.86316E-02    0.61638E+00    0.18678E+00    0.11721E+00    0.43382E-01   -0.96820E-01
    0.14294E-05    0.34447E-04   -0.15612E-05    0.50797E-04    0.76491E-04   -0.56268E-05    0.31259E-03   -0.68987E-04    0.11075E-02   -0.56052E+00    0.28591E+00    0.87395E+00   -0.24226E+00   -0.57801E+00    0.54706E-02   -0.18658E-02   -0.28921E-02   -0.19716E-01   -0.49887E-05   -0.43425E-05   -0.85229E-03   -0.36947E-01    0.34794E-01    0.22527E-01    0.36840E-01    0.10632E+00   -0.82406E-01    0.12345E+00   -0.14709E-01   -0.47465E-01   -0.88369E-01    0.77213E-01   -0.16585E-02    0.96739E+00   -0.78023E-02    0.22527E-01    0.32416E-02    0.97537E-01    0.15769E+00   -0.14249E-01    0.13406E+00    0.15442E+00
    0.20512E-05   -0.45890E-05   -0.52151E-05    0.14673E-03    0.11957E-03   -0.76071E-04    0.20853E-03   -0.25670E-02    0.15613E-02    0.36029E-01    0.40865E+00   -0.16143E+00   -0.20823E+00    0.28605E-02    0.18250E-01   -0.27942E-02    0.76127E-02   -0.30942E-02    0.21255E-05   -0.30097E-04    0.21987E-02    0.33395E-01   -0.30463E-01    0.14709E-01   -0.89895E-02    0.46652E-01   -0.84771E-01   -0.10417E+00   -0.50548E-01    0.12182E+00   -0.15049E+00    0.27111E-01   -0.10759E-02   -0.78023E-02    0.97233E+00    0.70064E-02   -0.19312E-02   -0.11423E+00    0.38541E-01    0.15806E+00    0.34917E-01   -0.79321E-01
    0.18435E-06   -0.14312E-04   -0.65487E-05    0.41653E-03    0.12498E-03   -0.79925E-04    0.73761E-03   -0.14859E-03    0.11633E-02    0.16396E+01    0.82599E-02    0.25972E+00    0.10358E+00   -0.15443E+00   -0.11162E+00   -0.40724E-02    0.14440E-02   -0.12254E-01    0.11604E-05    0.20317E-05   -0.64486E-02   -0.33022E-01   -0.51554E-01    0.76714E-02   -0.11879E-01    0.14041E+00    0.44188E-01    0.30756E-01   -0.31346E-01    0.15545E+00   -0.19538E-01    0.13974E+00    0.11298E-01    0.22527E-01    0.70064E-02    0.98997E+00   -0.22537E-02    0.79676E-02    0.53901E-01    0.10666E+00   -0.25265E+00    0.12642E+00
   -0.12956E-05   -0.10535E-03    0.79030E-05    0.12433E-03   -0.52476E-04    0.63413E-04   -0.42760E-04   -0.52094E-03    0.40631E-03   -0.31425E+01    0.16155E+00    0.40813E+00    0.16312E-01   -0.20888E+00   -0.51485E-02   -0.27866E-02   -0.11081E-02   -0.95932E-02   -0.19935E-05   -0.25556E-04    0.36246E-03    0.13914E-01   -0.12506E+00    0.17556E+00    0.10759E+00   -0.99060E-01    0.69105E-01   -0.56828E-01    0.17070E+00   -0.14647E+00   -0.92935E-01    0.11333E-01   -0.86316E-02    0.32416E-02   -0.19312E-02   -0.22537E-02    0.98614E+00   -0.38330E-01   -0.51001E-01    0.46177E-01    0.19317E+00   -0.93066E-01
   -0.36311E-05    0.77214E-04   -0.11368E-04   -0.95735E-04    0.92227E-04    0.98168E-04    0.24236E-03   -0.11043E-02    0.46728E-03   -0.15500E+00   -0.61567E+00    0.36077E+00    0.19377E+00   -0.19460E+00    0.16613E-02   -0.12073E-02    0.53600E-02   -0.79927E-02    0.12832E-04   -0.11699E-04   -0.33421E-03    0.64027E-03    0.15983E+00   -0.24435E+00   -0.58657E-01    0.74625E-01    0.75479E-01    0.65938E+00   -0.82433E-01   -0.19565E+00   -0.10954E+00    0.10021E+00    0.61638E+00    0.97537E-01   -0.11423E+00    0.79676E-02   -0.38330E-01    0.98910E+00   -0.95481E-02    0.17330E-01   -0.87619E-02   -0.27022E-01
    0.93641E-06    0.18562E-04   -0.36773E-05   -0.24617E-03   -0.20111E-04    0.44324E-04   -0.37257E-03    0.15549E-02   -0.27186E-03   -0.11612E+01   -0.84092E+00    0.16407E+00    0.27821E+00   -0.11305E+00   -0.65455E-01   -0.17780E-02   -0.47487E-02   -0.43521E-02   -0.25189E-05    0.26355E-04   -0.16899E-02    0.30760E-01    0.21122E-01    0.44229E-01    0.35555E-01    0.48450E-01   -0.73610E-01    0.25308E+00    0.27226E+00    0.65338E+00    0.77729E-01   -0.57305E+00    0.18678E+00    0.15769E+00    0.38541E-01    0.53901E-01   -0.51001E-01   -0.95481E-02    0.10236E+01    0.12172E-01    0.28829E-02   -0.10451E-01
   -0.79300E-05    0.37002E-04   -0.80232E-05   -0.13556E-03    0.74552E-04   -0.47693E-04   -0.70211E-04   -0.21125E-02   -0.14860E-02   -0.21864E+01    0.47129E-01    0.46767E+00   -0.41418E-01   -0.16121E+00   -0.77714E-02   -0.30412E-02    0.10721E-02   -0.31955E-03   -0.27795E-05   -0.24528E-04    0.53556E-02   -0.20694E-01    0.57199E-02    0.11809E+00    0.12368E-01   -0.69167E-03    0.92929E-01   -0.34177E-01    0.73506E+00    0.12746E+00   -0.52488E-01    0.36101E+00    0.11721E+00   -0.14249E-01    0.15806E+00    0.10666E+00    0.46177E-01    0.17330E-01    0.12172E-01    0.93962E+00    0.88788E-03   -0.22131E-01
   -0.83628E-06   -0.23339E-04    0.84604E-06   -0.64181E-04   -0.44674E-04    0.71490E-04   -0.90385E-04    0.17442E-02   -0.22399E-02   -0.28025E+00    0.48000E+00    0.30068E+00   -0.15128E+00   -0.70653E-01   -0.64324E-02   -0.48181E-02   -0.13370E-02    0.40385E-02    0.92663E-06   -0.26984E-04    0.55628E-02   -0.16708E-01    0.28443E-01    0.21071E-01   -0.18175E+00   -0.12210E+00   -0.24977E-01   -0.60952E-01    0.30674E+00   -0.60823E+00    0.31183E+00   -0.34087E+00    0.43382E-01    0.13406E+00    0.34917E-01   -0.25265E+00    0.19317E+00   -0.87619E-02    0.28829E-02    0.88788E-03    0.97554E+00    0.47637E-03
    0.41536E-05    0.19185E-04    0.14978E-06   -0.72923E-05   -0.11441E-03   -0.31613E-04   -0.65830E-05   -0.10966E-02   -0.42758E-05    0.35910E+01   -0.14005E+00   -0.36400E+00    0.27840E+00    0.31911E+00   -0.95317E-01   -0.17415E-02   -0.20226E-02    0.15210E-01    0.10697E-05    0.15517E-04   -0.23610E-02   -0.29461E-01    0.62689E-01   -0.21359E+00    0.90255E-01    0.30778E-01    0.76719E-02    0.75935E-01   -0.20515E+00    0.17227E+00    0.68403E+00    0.21612E+00   -0.96820E-01    0.15442E+00   -0.79321E-01    0.12642E+00   -0.93066E-01   -0.27022E-01   -0.10451E-01   -0.22131E-01    0.47637E-03    0.99037E+00
