# omegabh2 omegach2 theta tau ns logA r aps100 aps143 aps217 acib143 acib217 asz143 psr cibr ncib cal0 cal2 xi aksz bm_1_1 bm_1_2 bm_1_3 bm_1_4 bm_1_5 bm_2_1 bm_2_2 bm_2_3 bm_2_4 bm_2_5 bm_3_1 bm_3_2 bm_3_3 bm_3_4 bm_3_5 bm_4_1 bm_4_2 bm_4_3 bm_4_4 bm_4_5
    0.10452E-06   -0.66521E-06    0.11834E-06    0.70522E-05    0.22023E-05    0.12685E-04    0.27679E-06   -0.28416E-02   -0.90158E-03   -0.26492E-04   -0.27203E-03   -0.40677E-03    0.27405E-04    0.64398E-06   -0.98198E-05   -0.27696E-05   -0.70321E-09   -0.24032E-07    0.27613E-05   -0.95610E-04   -0.22337E-04   -0.36048E-05    0.43079E-05   -0.78456E-06   -0.14051E-05    0.65522E-05    0.69823E-06    0.80282E-05   -0.42076E-05    0.63081E-05   -0.41615E-05   -0.21298E-05    0.27429E-05    0.11030E-04    0.19133E-05    0.16674E-05    0.17544E-05    0.36568E-05   -0.12152E-04    0.52202E-06
   -0.66521E-06    0.95555E-05   -0.11195E-05   -0.66749E-04   -0.25637E-04   -0.11034E-03   -0.11411E-04    0.17841E-01    0.58507E-02    0.10963E-02    0.14978E-02    0.22288E-02   -0.28324E-03    0.38093E-06    0.45089E-04    0.22634E-04    0.27065E-08    0.10998E-06   -0.11869E-04    0.35815E-03    0.22865E-03   -0.58505E-04   -0.67246E-04   -0.21811E-05    0.53486E-05   -0.10468E-04   -0.41629E-05   -0.45419E-04    0.54718E-06   -0.58778E-04    0.77445E-05    0.16960E-04    0.90646E-06   -0.82311E-04   -0.52119E-04   -0.42658E-05    0.64168E-05   -0.10324E-04    0.83588E-04    0.36953E-04
    0.11834E-06   -0.11195E-05    0.46181E-06    0.99355E-05    0.36139E-05    0.17501E-04    0.85632E-06   -0.25216E-02   -0.80450E-03   -0.14719E-03   -0.20017E-03   -0.33942E-03    0.20098E-04   -0.51778E-06   -0.72990E-05   -0.38930E-05   -0.41527E-09   -0.22123E-07    0.33529E-05   -0.55902E-04   -0.30945E-04    0.90037E-05    0.44186E-05   -0.37398E-05   -0.44859E-05    0.35211E-05    0.50003E-05    0.38707E-05   -0.36971E-05    0.28290E-05   -0.10604E-05   -0.59078E-05   -0.29056E-05    0.10151E-04    0.35826E-05    0.14199E-05    0.20640E-05    0.17828E-05   -0.75546E-05   -0.12431E-04
    0.70522E-05   -0.66749E-04    0.99355E-05    0.14976E-02    0.25258E-03    0.28354E-02   -0.52091E-04   -0.36642E+00   -0.61651E-01    0.31517E-01   -0.36697E-01   -0.49509E-01    0.33203E-03    0.21056E-03   -0.15048E-02   -0.11988E-03   -0.29671E-08   -0.32397E-05    0.37656E-03   -0.16624E-01   -0.17832E-02    0.57998E-03    0.32365E-03   -0.29853E-03   -0.10970E-04    0.99481E-03    0.31633E-03    0.85381E-03   -0.12389E-03    0.43976E-03   -0.35621E-03   -0.47593E-03   -0.54912E-04    0.98261E-03    0.35489E-03    0.35884E-03    0.49358E-03    0.41703E-03   -0.11155E-02   -0.16331E-03
    0.22023E-05   -0.25637E-04    0.36139E-05    0.25258E-03    0.95677E-04    0.44311E-03    0.44306E-04   -0.12790E+00   -0.14782E-01    0.13256E-01   -0.13838E-01   -0.16392E-01    0.29479E-03    0.67097E-04   -0.45472E-03   -0.59075E-04   -0.37030E-07   -0.40474E-06    0.13229E-03   -0.50818E-02   -0.39695E-03    0.15093E-03    0.85847E-04   -0.23939E-04    0.23868E-04    0.39976E-03    0.19882E-03    0.14143E-03   -0.47296E-04    0.16215E-03   -0.50933E-04   -0.87029E-04   -0.10429E-03    0.34183E-03    0.55213E-04    0.25115E-03    0.10874E-03    0.20443E-03   -0.26754E-03   -0.11049E-03
    0.12685E-04   -0.11034E-03    0.17501E-04    0.28354E-02    0.44311E-03    0.54156E-02   -0.13878E-03   -0.71557E+00   -0.10134E+00    0.75166E-01   -0.74773E-01   -0.97593E-01   -0.11857E-02    0.45803E-03   -0.30903E-02   -0.14884E-03    0.92391E-07   -0.59154E-05    0.77566E-03   -0.33899E-01   -0.22732E-02    0.12377E-02    0.49962E-03   -0.57157E-03   -0.16359E-05    0.23334E-02    0.75986E-03    0.16043E-02   -0.26535E-03    0.69067E-03   -0.72675E-03   -0.83631E-03   -0.16218E-03    0.17363E-02    0.49499E-03    0.94014E-03    0.11538E-02    0.92561E-03   -0.20192E-02   -0.21471E-03
    0.27679E-06   -0.11411E-04    0.85632E-06   -0.52091E-04    0.44306E-04   -0.13878E-03    0.14251E-02   -0.51788E-01   -0.36023E-02    0.18647E-02   -0.36856E-02   -0.29146E-02    0.19325E-02    0.20194E-04    0.11560E-03   -0.57455E-04   -0.12823E-06    0.11422E-06    0.20014E-03   -0.13507E-02   -0.90425E-05   -0.57380E-03   -0.22795E-03    0.14333E-03    0.11869E-03    0.94571E-04   -0.94454E-03    0.46678E-04   -0.77035E-03    0.38617E-03    0.41969E-03    0.10763E-03    0.29543E-04    0.73482E-05   -0.78341E-03    0.57651E-03   -0.46318E-03   -0.22338E-03   -0.68852E-03   -0.13252E-03
   -0.28416E-02    0.17841E-01   -0.25216E-02   -0.36642E+00   -0.12790E+00   -0.71557E+00   -0.51788E-01    0.28047E+04    0.69103E+02   -0.15958E+03    0.12119E+03    0.11366E+03   -0.73860E+02   -0.11454E+01    0.50770E+00    0.13239E+01    0.76318E-03   -0.66431E-04   -0.59272E+00   -0.12881E+02    0.10304E+02   -0.98916E+01   -0.28475E+00    0.55398E+00   -0.96387E+00   -0.70772E+00   -0.54733E+01   -0.42679E+00    0.92194E+00   -0.16133E+01    0.65821E+00    0.50932E-01    0.54102E+00   -0.10367E+01   -0.39471E+01    0.36153E+00   -0.12555E+01   -0.33257E+01   -0.21289E+00    0.34082E+01
   -0.90158E-03    0.58507E-02   -0.80450E-03   -0.61651E-01   -0.14782E-01   -0.10134E+00   -0.36023E-02    0.69103E+02    0.18589E+03    0.53886E+02   -0.31511E+02   -0.84487E+01   -0.88831E+01   -0.25079E+00   -0.11159E+00   -0.14365E+00    0.10512E-03    0.33607E-02    0.12340E+01   -0.12323E+02    0.14672E+01    0.57330E+00    0.40055E-01    0.97473E-01   -0.16518E+00   -0.17011E+01   -0.22217E+00   -0.46289E-02   -0.23735E-01   -0.31548E+00    0.11947E+01    0.24639E+00    0.28996E+00   -0.66157E-01   -0.47974E+00   -0.48483E+00   -0.20168E+00    0.71540E-01    0.36580E+00   -0.40077E-01
   -0.26492E-04    0.10963E-02   -0.14719E-03    0.31517E-01    0.13256E-01    0.75166E-01    0.18647E-02   -0.15958E+03    0.53886E+02    0.20164E+03   -0.32734E+02   -0.70209E+02    0.39748E+01   -0.31224E-01   -0.94812E+00   -0.10156E+01    0.22461E-03   -0.39132E-02    0.37651E+00   -0.10161E+02    0.15394E+01    0.81945E+00   -0.71299E-01    0.46504E-01    0.76216E-01    0.10222E+01    0.62358E+00   -0.18217E+00   -0.26468E+00    0.22847E+00   -0.11543E+01    0.87804E+00   -0.29988E+00    0.51006E+00    0.15571E+00   -0.50865E-01    0.37113E+00    0.53334E+00    0.29683E+00   -0.29715E+00
   -0.27203E-03    0.14978E-02   -0.20017E-03   -0.36697E-01   -0.13838E-01   -0.74773E-01   -0.36856E-02    0.12119E+03   -0.31511E+02   -0.32734E+02    0.25780E+02    0.17892E+02   -0.22690E+01    0.12418E-01    0.22597E+00    0.22380E+00   -0.10291E-03   -0.10919E-02    0.89862E-02   -0.37964E+00   -0.10337E+01   -0.55098E+00   -0.50745E-01   -0.62686E-01   -0.35112E-01    0.71249E+00   -0.58043E-01   -0.29426E-01    0.13885E+00    0.37619E-01   -0.40162E+00   -0.14927E+00   -0.65387E-01   -0.79735E-01    0.55379E-01    0.27649E+00    0.69839E-01   -0.19770E+00   -0.12001E+00    0.17717E+00
   -0.40677E-03    0.22288E-02   -0.33942E-03   -0.49509E-01   -0.16392E-01   -0.97593E-01   -0.29146E-02    0.11366E+03   -0.84487E+01   -0.70209E+02    0.17892E+02    0.34050E+02   -0.22269E+01    0.61420E-01    0.41313E+00    0.52222E+00   -0.97479E-04    0.16475E-02   -0.20175E+00   -0.10070E+01   -0.58043E+00   -0.47677E+00    0.81668E-02   -0.11105E-01   -0.82264E-01   -0.38962E+00   -0.29927E+00    0.18150E-01    0.23308E+00   -0.19189E+00    0.42750E+00   -0.52740E+00    0.11169E+00   -0.36839E+00   -0.15796E+00    0.21462E-01   -0.19754E+00   -0.28296E+00   -0.80601E-01    0.25653E+00
    0.27405E-04   -0.28324E-03    0.20098E-04    0.33203E-03    0.29479E-03   -0.11857E-02    0.19325E-02   -0.73860E+02   -0.88831E+01    0.39748E+01   -0.22690E+01   -0.22269E+01    0.77002E+01    0.52233E-01    0.26068E+00   -0.13541E+00    0.17271E-04   -0.11321E-03   -0.26008E-01    0.19543E-01    0.15910E+00    0.77894E-01   -0.13678E-01   -0.91874E-02    0.36370E-01   -0.57775E-01    0.47598E-01   -0.37236E-01   -0.79771E-01   -0.29444E-01    0.15615E-02    0.11905E-01   -0.19569E-01   -0.20919E-01    0.44832E-01   -0.37442E-01   -0.19410E-01    0.36514E-01    0.27003E-01   -0.56472E-01
    0.64398E-06    0.38093E-06   -0.51778E-06    0.21056E-03    0.67097E-04    0.45803E-03    0.20194E-04   -0.11454E+01   -0.25079E+00   -0.31224E-01    0.12418E-01    0.61420E-01    0.52233E-01    0.79386E-02   -0.65828E-02    0.76780E-02    0.81088E-06   -0.25536E-04    0.39809E-02   -0.22539E-01    0.85250E-02    0.38830E-02    0.60826E-03   -0.62046E-03   -0.91410E-03    0.77503E-02   -0.95971E-03    0.61003E-03   -0.29795E-02   -0.50895E-03   -0.10837E-01   -0.17602E-02   -0.18069E-02   -0.35341E-02   -0.26670E-03   -0.93348E-03   -0.32288E-03   -0.43559E-02   -0.65112E-02   -0.15394E-02
   -0.98198E-05    0.45089E-04   -0.72990E-05   -0.15048E-02   -0.45472E-03   -0.30903E-02    0.11560E-03    0.50770E+00   -0.11159E+00   -0.94812E+00    0.22597E+00    0.41313E+00    0.26068E+00   -0.65828E-02    0.47422E-01   -0.12444E-01   -0.17390E-05    0.86772E-04    0.18299E-02   -0.15091E-01   -0.16568E-01   -0.10670E-01   -0.31685E-02    0.49290E-02    0.21507E-02   -0.29784E-01   -0.23499E-02    0.45554E-02    0.24658E-02   -0.34127E-02    0.35095E-01   -0.34991E-03    0.13110E-02    0.45671E-02    0.58001E-03   -0.61190E-03    0.13264E-02    0.41241E-02    0.63256E-02   -0.19066E-03
   -0.27696E-05    0.22634E-04   -0.38930E-05   -0.11988E-03   -0.59075E-04   -0.14884E-03   -0.57455E-04    0.13239E+01   -0.14365E+00   -0.10156E+01    0.22380E+00    0.52222E+00   -0.13541E+00    0.76780E-02   -0.12444E-01    0.21775E-01   -0.40135E-06   -0.19186E-04   -0.20889E-02   -0.17442E-01    0.61311E-02   -0.79169E-02   -0.62727E-03   -0.32598E-02   -0.38933E-02    0.70250E-02   -0.23782E-04   -0.45672E-02    0.91962E-02   -0.83619E-02   -0.16251E-01   -0.20291E-01    0.15622E-03   -0.15969E-01   -0.95259E-02   -0.46723E-02   -0.53251E-02   -0.47989E-02   -0.44902E-03    0.12890E-01
   -0.70321E-09    0.27065E-08   -0.41527E-09   -0.29671E-08   -0.37030E-07    0.92391E-07   -0.12823E-06    0.76318E-03    0.10512E-03    0.22461E-03   -0.10291E-03   -0.97479E-04    0.17271E-04    0.81088E-06   -0.17390E-05   -0.40135E-06    0.15613E-06    0.74919E-08    0.11054E-05    0.11403E-04   -0.19636E-04   -0.11370E-04   -0.32588E-05   -0.22762E-05   -0.79108E-05    0.14593E-04    0.52848E-05   -0.63930E-06    0.67456E-05    0.37428E-05    0.11988E-05    0.21043E-05   -0.45745E-05    0.42399E-05    0.18272E-05    0.11550E-04    0.33465E-05    0.32369E-05    0.19686E-05    0.73059E-05
   -0.24032E-07    0.10998E-06   -0.22123E-07   -0.32397E-05   -0.40474E-06   -0.59154E-05    0.11422E-06   -0.66431E-04    0.33607E-02   -0.39132E-02   -0.10919E-02    0.16475E-02   -0.11321E-03   -0.25536E-04    0.86772E-04   -0.19186E-04    0.74919E-08    0.16331E-05   -0.49185E-05   -0.48658E-04    0.11362E-03    0.36221E-04   -0.18781E-04   -0.84743E-05    0.46888E-05    0.21519E-03    0.14329E-04   -0.12659E-05    0.38465E-04    0.14121E-04   -0.18863E-03   -0.11699E-04   -0.59208E-04    0.22921E-04   -0.25732E-04    0.33048E-04    0.35796E-04   -0.25292E-04   -0.28313E-04    0.39066E-04
    0.27613E-05   -0.11869E-04    0.33529E-05    0.37656E-03    0.13229E-03    0.77566E-03    0.20014E-03   -0.59272E+00    0.12340E+01    0.37651E+00    0.89862E-02   -0.20175E+00   -0.26008E-01    0.39809E-02    0.18299E-02   -0.20889E-02    0.11054E-05   -0.49185E-05    0.82594E-01   -0.20731E-02    0.33552E-02    0.45929E-02   -0.37299E-02    0.55208E-03   -0.71047E-03    0.12840E-02    0.51569E-02   -0.31467E-03    0.13819E-02   -0.24784E-02   -0.30657E-02   -0.16440E-02   -0.33029E-02   -0.31276E-03   -0.23804E-02   -0.19854E-02    0.26326E-02    0.28173E-02    0.20106E-02   -0.17213E-03
   -0.95610E-04    0.35815E-03   -0.55902E-04   -0.16624E-01   -0.50818E-02   -0.33899E-01   -0.13507E-02   -0.12881E+02   -0.12323E+02   -0.10161E+02   -0.37964E+00   -0.10070E+01    0.19543E-01   -0.22539E-01   -0.15091E-01   -0.17442E-01    0.11403E-04   -0.48658E-04   -0.20731E-02    0.80992E+01   -0.23139E-01    0.31233E-01    0.25947E-01   -0.22715E-01    0.23592E-01   -0.26163E-02    0.34032E-01   -0.43790E-01    0.44529E-02    0.12086E-01   -0.36898E-01    0.81919E-03   -0.43025E-01   -0.39255E-01    0.52004E-01   -0.23989E-01   -0.13174E-01   -0.88234E-02    0.60446E-01   -0.16336E-01
   -0.22337E-04    0.22865E-03   -0.30945E-04   -0.17832E-02   -0.39695E-03   -0.22732E-02   -0.90425E-05    0.10304E+02    0.14672E+01    0.15394E+01   -0.10337E+01   -0.58043E+00    0.15910E+00    0.85250E-02   -0.16568E-01    0.61311E-02   -0.19636E-04    0.11362E-03    0.33552E-02   -0.23139E-01    0.71828E+00   -0.11591E+00   -0.68807E-02    0.98143E-02    0.10296E-01    0.18039E+00   -0.38639E-01   -0.39047E-01   -0.39805E-02   -0.71362E-01    0.21971E-01    0.33281E-01   -0.33599E-01   -0.53512E-01   -0.13128E+00    0.15306E+00    0.41145E-01   -0.81496E-02    0.36581E-01    0.76528E-01
   -0.36048E-05   -0.58505E-04    0.90037E-05    0.57998E-03    0.15093E-03    0.12377E-02   -0.57380E-03   -0.98916E+01    0.57330E+00    0.81945E+00   -0.55098E+00   -0.47677E+00    0.77894E-01    0.38830E-02   -0.10670E-01   -0.79169E-02   -0.11370E-04    0.36221E-04    0.45929E-02    0.31233E-01   -0.11591E+00    0.92895E+00   -0.28913E-02    0.71410E-02    0.17703E-01   -0.15510E+00    0.18616E+00    0.58965E-01   -0.26829E-01    0.43102E-01   -0.12705E+00    0.70682E-02    0.23948E-01    0.16511E-01    0.17177E+00   -0.23068E+00    0.34004E-01    0.10433E+00    0.18007E-02   -0.22696E+00
    0.43079E-05   -0.67246E-04    0.44186E-05    0.32365E-03    0.85847E-04    0.49962E-03   -0.22795E-03   -0.28475E+00    0.40055E-01   -0.71299E-01   -0.50745E-01    0.81668E-02   -0.13678E-01    0.60826E-03   -0.31685E-02   -0.62727E-03   -0.32588E-05   -0.18781E-04   -0.37299E-02    0.25947E-01   -0.68807E-02   -0.28913E-02    0.99519E+00    0.10374E-01   -0.50907E-02   -0.36786E-01   -0.32961E-01    0.16048E+00   -0.19549E-01    0.90804E-01    0.45222E-02    0.35610E-01   -0.12573E-01   -0.97605E-02    0.11423E+00   -0.36624E-01    0.18247E-01    0.14281E-01   -0.18828E+00    0.86507E-01
   -0.78456E-06   -0.21811E-05   -0.37398E-05   -0.29853E-03   -0.23939E-04   -0.57157E-03    0.14333E-03    0.55398E+00    0.97473E-01    0.46504E-01   -0.62686E-01   -0.11105E-01   -0.91874E-02   -0.62046E-03    0.49290E-02   -0.32598E-02   -0.22762E-05   -0.84743E-05    0.55208E-03   -0.22715E-01    0.98143E-02    0.71410E-02    0.10374E-01    0.98839E+00   -0.42060E-02    0.40294E-01   -0.82640E-01    0.80322E-01   -0.89159E-01    0.54846E-01    0.67002E-01    0.10992E+00    0.57343E-01    0.14984E+00   -0.10934E+00    0.73116E-01    0.38162E-01    0.39933E-02   -0.12326E+00    0.48968E-01
   -0.14051E-05    0.53486E-05   -0.44859E-05   -0.10970E-04    0.23868E-04   -0.16359E-05    0.11869E-03   -0.96387E+00   -0.16518E+00    0.76216E-01   -0.35112E-01   -0.82264E-01    0.36370E-01   -0.91410E-03    0.21507E-02   -0.38933E-02   -0.79108E-05    0.46888E-05   -0.71047E-03    0.23592E-01    0.10296E-01    0.17703E-01   -0.50907E-02   -0.42060E-02    0.10191E+01    0.23936E-01    0.59000E-01   -0.38653E-01    0.64108E-01    0.81979E-01    0.68773E-01   -0.76768E-01   -0.88242E-01    0.62205E-01    0.50808E-01    0.85442E-01   -0.72032E-01    0.10160E+00   -0.20030E-01    0.66750E-02
    0.65522E-05   -0.10468E-04    0.35211E-05    0.99481E-03    0.39976E-03    0.23334E-02    0.94571E-04   -0.70772E+00   -0.17011E+01    0.10222E+01    0.71249E+00   -0.38962E+00   -0.57775E-01    0.77503E-02   -0.29784E-01    0.70250E-02    0.14593E-04    0.21519E-03    0.12840E-02   -0.26163E-02    0.18039E+00   -0.15510E+00   -0.36786E-01    0.40294E-01    0.23936E-01    0.86479E+00   -0.14719E-01   -0.34484E-02   -0.11289E-01   -0.54285E-02    0.17731E-01    0.12627E+00   -0.11374E+00    0.29931E-01   -0.63095E-01    0.65109E+00    0.24039E+00   -0.53283E-01   -0.56721E-01    0.91574E-01
    0.69823E-06   -0.41629E-05    0.50003E-05    0.31633E-03    0.19882E-03    0.75986E-03   -0.94454E-03   -0.54733E+01   -0.22217E+00    0.62358E+00   -0.58043E-01   -0.29927E+00    0.47598E-01   -0.95971E-03   -0.23499E-02   -0.23782E-04    0.52848E-05    0.14329E-04    0.51569E-02    0.34032E-01   -0.38639E-01    0.18616E+00   -0.32961E-01   -0.82640E-01    0.59000E-01   -0.14719E-01    0.10029E+01    0.17194E-01   -0.17116E-01    0.14972E-01    0.52160E-01   -0.81729E-02   -0.64115E-01   -0.16620E-01    0.17530E+00   -0.78409E-01    0.25152E+00    0.79405E+00    0.27872E+00   -0.19676E+00
    0.80282E-05   -0.45419E-04    0.38707E-05    0.85381E-03    0.14143E-03    0.16043E-02    0.46678E-04   -0.42679E+00   -0.46289E-02   -0.18217E+00   -0.29426E-01    0.18150E-01   -0.37236E-01    0.61003E-03    0.45554E-02   -0.45672E-02   -0.63930E-06   -0.12659E-05   -0.31467E-03   -0.43790E-01   -0.39047E-01    0.58965E-01    0.16048E+00    0.80322E-01   -0.38653E-01   -0.34484E-02    0.17194E-01    0.96746E+00   -0.36138E-02   -0.50207E-02    0.89715E-01   -0.47844E-01    0.13177E+00    0.16000E+00   -0.13591E+00   -0.18330E+00    0.62087E+00    0.14872E+00   -0.59604E+00    0.17653E+00
   -0.42076E-05    0.54718E-06   -0.36971E-05   -0.12389E-03   -0.47296E-04   -0.26535E-03   -0.77035E-03    0.92194E+00   -0.23735E-01   -0.26468E+00    0.13885E+00    0.23308E+00   -0.79771E-01   -0.29795E-02    0.24658E-02    0.91962E-02    0.67456E-05    0.38465E-04    0.13819E-02    0.44529E-02   -0.39805E-02   -0.26829E-01   -0.19549E-01   -0.89159E-01    0.64108E-01   -0.11289E-01   -0.17116E-01   -0.36138E-02    0.98182E+00    0.93575E-02   -0.48846E-02   -0.98420E-01   -0.14836E+00   -0.22734E-01   -0.11310E+00   -0.59121E-01    0.64794E-01   -0.49409E-01    0.29422E+00    0.66672E+00
    0.63081E-05   -0.58778E-04    0.28290E-05    0.43976E-03    0.16215E-03    0.69067E-03    0.38617E-03   -0.16133E+01   -0.31548E+00    0.22847E+00    0.37619E-01   -0.19189E+00   -0.29444E-01   -0.50895E-03   -0.34127E-02   -0.83619E-02    0.37428E-05    0.14121E-04   -0.24784E-02    0.12086E-01   -0.71362E-01    0.43102E-01    0.90804E-01    0.54846E-01    0.81979E-01   -0.54285E-02    0.14972E-01   -0.50207E-02    0.93575E-02    0.98657E+00   -0.63590E-01    0.86610E-01    0.33641E-01    0.16871E+00    0.16134E-01    0.11850E+00   -0.55551E+00    0.40047E+00   -0.34073E+00    0.22280E+00
   -0.41615E-05    0.77445E-05   -0.10604E-05   -0.35621E-03   -0.50933E-04   -0.72675E-03    0.41969E-03    0.65821E+00    0.11947E+01   -0.11543E+01   -0.40162E+00    0.42750E+00    0.15615E-02   -0.10837E-01    0.35095E-01   -0.16251E-01    0.11988E-05   -0.18863E-03   -0.30657E-02   -0.36898E-01    0.21971E-01   -0.12705E+00    0.45222E-02    0.67002E-01    0.68773E-01    0.17731E-01    0.52160E-01    0.89715E-01   -0.48846E-02   -0.63590E-01    0.91990E+00   -0.69216E-03   -0.12627E-01   -0.26907E-02   -0.49889E-02    0.59083E+00    0.18230E+00    0.12649E+00    0.56494E-01   -0.69573E-01
   -0.21298E-05    0.16960E-04   -0.59078E-05   -0.47593E-03   -0.87029E-04   -0.83631E-03    0.10763E-03    0.50932E-01    0.24639E+00    0.87804E+00   -0.14927E+00   -0.52740E+00    0.11905E-01   -0.17602E-02   -0.34991E-03   -0.20291E-01    0.21043E-05   -0.11699E-04   -0.16440E-02    0.81919E-03    0.33281E-01    0.70682E-02    0.35610E-01    0.10992E+00   -0.76768E-01    0.12627E+00   -0.81729E-02   -0.47844E-01   -0.98420E-01    0.86610E-01   -0.69216E-03    0.97875E+00   -0.10347E-02   -0.96085E-02   -0.19951E-01    0.10045E+00    0.15845E+00   -0.95213E-02    0.13845E+00    0.14553E+00
    0.27429E-05    0.90646E-06   -0.29056E-05   -0.54912E-04   -0.10429E-03   -0.16218E-03    0.29543E-04    0.54102E+00    0.28996E+00   -0.29988E+00   -0.65387E-01    0.11169E+00   -0.19569E-01   -0.18069E-02    0.13110E-02    0.15622E-03   -0.45745E-05   -0.59208E-04   -0.33029E-02   -0.43025E-01   -0.33599E-01    0.23948E-01   -0.12573E-01    0.57343E-01   -0.88242E-01   -0.11374E+00   -0.64115E-01    0.13177E+00   -0.14836E+00    0.33641E-01   -0.12627E-01   -0.10347E-02    0.99423E+00    0.41003E-02   -0.34835E-02   -0.12710E+00    0.29687E-01    0.15673E+00    0.24670E-01   -0.66551E-01
    0.11030E-04   -0.82311E-04    0.10151E-04    0.98261E-03    0.34183E-03    0.17363E-02    0.73482E-05   -0.10367E+01   -0.66157E-01    0.51006E+00   -0.79735E-01   -0.36839E+00   -0.20919E-01   -0.35341E-02    0.45671E-02   -0.15969E-01    0.42399E-05    0.22921E-04   -0.31276E-03   -0.39255E-01   -0.53512E-01    0.16511E-01   -0.97605E-02    0.14984E+00    0.62205E-01    0.29931E-01   -0.16620E-01    0.16000E+00   -0.22734E-01    0.16871E+00   -0.26907E-02   -0.96085E-02    0.41003E-02    0.10244E+01   -0.14512E-01    0.46006E-02    0.30335E-01    0.13429E+00   -0.28429E+00    0.12815E+00
    0.19133E-05   -0.52119E-04    0.35826E-05    0.35489E-03    0.55213E-04    0.49499E-03   -0.78341E-03   -0.39471E+01   -0.47974E+00    0.15571E+00    0.55379E-01   -0.15796E+00    0.44832E-01   -0.26670E-03    0.58001E-03   -0.95259E-02    0.18272E-05   -0.25732E-04   -0.23804E-02    0.52004E-01   -0.13128E+00    0.17177E+00    0.11423E+00   -0.10934E+00    0.50808E-01   -0.63095E-01    0.17530E+00   -0.13591E+00   -0.11310E+00    0.16134E-01   -0.49889E-02   -0.19951E-01   -0.34835E-02   -0.14512E-01    0.10023E+01   -0.40211E-01   -0.54183E-01    0.50197E-01    0.16964E+00   -0.12732E+00
    0.16674E-05   -0.42658E-05    0.14199E-05    0.35884E-03    0.25115E-03    0.94014E-03    0.57651E-03    0.36153E+00   -0.48483E+00   -0.50865E-01    0.27649E+00    0.21462E-01   -0.37442E-01   -0.93348E-03   -0.61190E-03   -0.46723E-02    0.11550E-04    0.33048E-04   -0.19854E-02   -0.23989E-01    0.15306E+00   -0.23068E+00   -0.36624E-01    0.73116E-01    0.85442E-01    0.65109E+00   -0.78409E-01   -0.18330E+00   -0.59121E-01    0.11850E+00    0.59083E+00    0.10045E+00   -0.12710E+00    0.46006E-02   -0.40211E-01    0.96204E+00   -0.73255E-02    0.97209E-02    0.65065E-03    0.44241E-02
    0.17544E-05    0.64168E-05    0.20640E-05    0.49358E-03    0.10874E-03    0.11538E-02   -0.46318E-03   -0.12555E+01   -0.20168E+00    0.37113E+00    0.69839E-01   -0.19754E+00   -0.19410E-01   -0.32288E-03    0.13264E-02   -0.53251E-02    0.33465E-05    0.35796E-04    0.26326E-02   -0.13174E-01    0.41145E-01    0.34004E-01    0.18247E-01    0.38162E-01   -0.72032E-01    0.24039E+00    0.25152E+00    0.62087E+00    0.64794E-01   -0.55551E+00    0.18230E+00    0.15845E+00    0.29687E-01    0.30335E-01   -0.54183E-01   -0.73255E-02    0.98097E+00   -0.36019E-03    0.12500E-01   -0.95348E-02
    0.36568E-05   -0.10324E-04    0.17828E-05    0.41703E-03    0.20443E-03    0.92561E-03   -0.22338E-03   -0.33257E+01    0.71540E-01    0.53334E+00   -0.19770E+00   -0.28296E+00    0.36514E-01   -0.43559E-02    0.41241E-02   -0.47989E-02    0.32369E-05   -0.25292E-04    0.28173E-02   -0.88234E-02   -0.81496E-02    0.10433E+00    0.14281E-01    0.39933E-02    0.10160E+00   -0.53283E-01    0.79405E+00    0.14872E+00   -0.49409E-01    0.40047E+00    0.12649E+00   -0.95213E-02    0.15673E+00    0.13429E+00    0.50197E-01    0.97209E-02   -0.36019E-03    0.10224E+01   -0.17099E-01    0.22261E-02
   -0.12152E-04    0.83588E-04   -0.75546E-05   -0.11155E-02   -0.26754E-03   -0.20192E-02   -0.68852E-03   -0.21289E+00    0.36580E+00    0.29683E+00   -0.12001E+00   -0.80601E-01    0.27003E-01   -0.65112E-02    0.63256E-02   -0.44902E-03    0.19686E-05   -0.28313E-04    0.20106E-02    0.60446E-01    0.36581E-01    0.18007E-02   -0.18828E+00   -0.12326E+00   -0.20030E-01   -0.56721E-01    0.27872E+00   -0.59604E+00    0.29422E+00   -0.34073E+00    0.56494E-01    0.13845E+00    0.24670E-01   -0.28429E+00    0.16964E+00    0.65065E-03    0.12500E-01   -0.17099E-01    0.96862E+00   -0.10912E-01
    0.52202E-06    0.36953E-04   -0.12431E-04   -0.16331E-03   -0.11049E-03   -0.21471E-03   -0.13252E-03    0.34082E+01   -0.40077E-01   -0.29715E+00    0.17717E+00    0.25653E+00   -0.56472E-01   -0.15394E-02   -0.19066E-03    0.12890E-01    0.73059E-05    0.39066E-04   -0.17213E-03   -0.16336E-01    0.76528E-01   -0.22696E+00    0.86507E-01    0.48968E-01    0.66750E-02    0.91574E-01   -0.19676E+00    0.17653E+00    0.66672E+00    0.22280E+00   -0.69573E-01    0.14553E+00   -0.66551E-01    0.12815E+00   -0.12732E+00    0.44241E-02   -0.95348E-02    0.22261E-02   -0.10912E-01    0.97245E+00
