# omegabh2 omegach2 theta tau nnu yhe logA ns acib217 acibsz143 asz143 aps100 aps143 aps143217 aps217 aksz kgal100 t1gal143 t1gal143217 t1gal217 galfEE100 galfEE100143 galfEE100217 galfEE143 galfEE143217 galfEE217 galfTE100 galfTE100143 galfTE100217 galfTE143 galfTE143217 galfTE217 calib_100T calib_217T
    0.4159541E-07    0.2323252E-06    0.7612518E-08    0.6313344E-06    0.1907647E-04    0.1013114E-05    0.2016068E-05    0.1124358E-05    0.1433749E-03    0.5982661E-04    0.1336004E-04   -0.1276702E-03   -0.1086682E-03   -0.1911681E-03   -0.2126168E-03    0.2233621E-04    0.6887993E-03    0.4952644E-03    0.5042364E-03    0.4993731E-03    0.1343789E-06    0.1394446E-06    0.1435435E-06    0.1320097E-06    0.1481177E-06    0.1897560E-06   -0.1865729E-05   -0.2412643E-05   -0.3312017E-05   -0.2582111E-05   -0.4443652E-05   -0.8879287E-05   -0.3754242E-07   -0.6441054E-08
    0.2323252E-06    0.2483148E-04   -0.5652108E-05   -0.4070250E-05    0.1517402E-02   -0.6345805E-04    0.3565506E-04    0.1378432E-04    0.1783995E-02    0.7535751E-03    0.1596396E-03    0.1755765E-02   -0.9351161E-03   -0.2302073E-02   -0.2439085E-02    0.1068019E-03    0.2963184E-02   -0.1709681E-02   -0.1205677E-02   -0.1013486E-02    0.3575262E-05    0.3527182E-05    0.3796412E-05    0.3169108E-05    0.4226353E-05    0.4472903E-05    0.4205415E-05    0.7803019E-05    0.1076332E-04    0.1339564E-04    0.5122846E-05    0.3660976E-05   -0.7607986E-06   -0.1293305E-06
    0.7612518E-08   -0.5652108E-05    0.1658988E-05    0.1454216E-05   -0.3599134E-03    0.2179982E-04   -0.5869096E-05   -0.9633864E-06    0.7129067E-03    0.3757812E-03    0.5648667E-04   -0.7946189E-03   -0.1353036E-03   -0.7045997E-03   -0.7232534E-03    0.1710140E-03    0.1395213E-02    0.2887604E-02    0.2886108E-02    0.2924727E-02   -0.9825834E-06   -0.1022194E-05   -0.1227467E-05   -0.1089712E-05   -0.1374698E-05   -0.1231592E-05   -0.3220065E-05   -0.5450986E-05   -0.6204732E-05   -0.4357026E-05   -0.2395281E-05   -0.2586692E-05    0.1714410E-06   -0.2885787E-07
    0.6313344E-06   -0.4070250E-05    0.1454216E-05    0.1604622E-03   -0.4561685E-04    0.2918985E-04    0.3187119E-03    0.2799886E-04   -0.6740050E-02   -0.3648890E-02   -0.5559533E-03   -0.5839043E-02    0.3711251E-02    0.1074652E-01    0.1066538E-01   -0.1441614E-02   -0.1014012E-01   -0.7676823E-02   -0.9031855E-02   -0.1014689E-01    0.4792102E-05    0.2057121E-05    0.2274403E-05    0.4051131E-05    0.1901441E-05    0.8775786E-05   -0.2386200E-04   -0.1585775E-04    0.4124534E-05   -0.7918420E-04   -0.6558137E-04   -0.6952710E-04    0.8601247E-06    0.4540987E-06
    0.1907647E-04    0.1517402E-02   -0.3599134E-03   -0.4561685E-04    0.9733214E-01   -0.4108933E-02    0.2521376E-02    0.1048429E-02    0.7280307E-01    0.3170957E-01    0.1279520E-01    0.5878412E-01   -0.9602509E-01   -0.1385703E+00   -0.1363371E+00    0.3191232E-02    0.1723125E+00   -0.9300332E-01   -0.6493803E-01   -0.5723873E-01    0.2993488E-03    0.2980215E-03    0.3334268E-03    0.2900545E-03    0.3548986E-03    0.3622966E-03   -0.4353837E-04    0.2930397E-03    0.3207387E-03    0.2688097E-03   -0.6574697E-03   -0.1756865E-02   -0.4395827E-04   -0.5349153E-05
    0.1013114E-05   -0.6345805E-04    0.2179982E-04    0.2918985E-04   -0.4108933E-02    0.3548454E-03   -0.2387450E-04    0.2839719E-04    0.2479059E-01    0.1219507E-01    0.2309598E-02   -0.1609284E-01   -0.7339214E-02   -0.2647811E-01   -0.2837299E-01    0.4993811E-02    0.4695724E-01    0.7166155E-01    0.7362947E-01    0.7483197E-01   -0.1153099E-04   -0.1262942E-04   -0.1541198E-04   -0.1312253E-04   -0.1813467E-04   -0.1357039E-04   -0.4136147E-04   -0.9425793E-04   -0.1250632E-03   -0.5254492E-04   -0.4430591E-04   -0.7047247E-04    0.2124192E-05   -0.1102448E-05
    0.2016068E-05    0.3565506E-04   -0.5869096E-05    0.3187119E-03    0.2521376E-02   -0.2387450E-04    0.7231192E-03    0.8801554E-04   -0.7818821E-02   -0.5484579E-02   -0.1310234E-02    0.2063187E-02    0.1345680E-01    0.2214683E-01    0.1967127E-01   -0.3001659E-02   -0.1710286E-01   -0.2910516E-01   -0.3029809E-01   -0.3194773E-01    0.1334323E-04    0.7427297E-05    0.7435023E-05    0.1025619E-04    0.6970804E-05    0.2146214E-04   -0.4769882E-04   -0.2590771E-04    0.1342970E-04   -0.1222637E-03   -0.1126588E-03   -0.1300890E-03   -0.7141352E-06    0.4096325E-06
    0.1124358E-05    0.1378432E-04   -0.9633864E-06    0.2799886E-04    0.1048429E-02    0.2839719E-04    0.8801554E-04    0.5915880E-04    0.1983324E-02    0.1273885E-02   -0.9376711E-04   -0.1090105E-01    0.3657319E-03   -0.1823997E-02   -0.1237402E-02   -0.9945397E-04    0.1946931E-01    0.2055770E-01    0.2071019E-01    0.2149426E-01    0.9783543E-05    0.9389547E-05    0.1021020E-04    0.1032936E-04    0.9328270E-05    0.1067617E-04   -0.2944025E-04   -0.2912777E-04   -0.3808167E-04   -0.3978388E-04   -0.5851324E-04   -0.1222674E-03   -0.2635731E-07   -0.1303959E-06
    0.1433749E-03    0.1783995E-02    0.7129067E-03   -0.6740050E-02    0.7280307E-01    0.2479059E-01   -0.7818821E-02    0.1983324E-02    0.7386795E+02    0.2923344E+02    0.1968211E+01    0.9426584E+01   -0.2622514E+02   -0.7606299E+02   -0.9120157E+02   -0.3401511E+01    0.6357400E+01   -0.3085867E+01   -0.9001893E+01   -0.1420988E+02   -0.2493991E-02   -0.2599092E-02    0.4381825E-03   -0.3539841E-02   -0.6170305E-03    0.6188711E-02   -0.4866665E-02   -0.4694732E-03   -0.2828770E-01    0.6847646E-02   -0.3220497E-01   -0.1414882E+00   -0.1991345E-03   -0.3206889E-02
    0.5982661E-04    0.7535751E-03    0.3757812E-03   -0.3648890E-02    0.3170957E-01    0.1219507E-01   -0.5484579E-02    0.1273885E-02    0.2923344E+02    0.2069709E+02    0.3221265E+01   -0.1817890E+02   -0.2700730E+02   -0.5034984E+02   -0.3186563E+02   -0.1531677E+01    0.5441352E+00   -0.3803516E+01   -0.1083641E+02   -0.1265864E+02   -0.1331421E-02   -0.1060639E-02   -0.4078310E-03   -0.1578022E-02   -0.5218250E-03    0.3640236E-02   -0.2860320E-02    0.2158691E-03   -0.7932307E-02    0.3422070E-02   -0.4808688E-02   -0.2976765E-01   -0.7207437E-04   -0.1476205E-03
    0.1336004E-04    0.1596396E-03    0.5648667E-04   -0.5559533E-03    0.1279520E-01    0.2309598E-02   -0.1310234E-02   -0.9376711E-04    0.1968211E+01    0.3221265E+01    0.6208018E+01   -0.4041136E+02   -0.1844719E+02   -0.7038262E+01   -0.1935353E+01   -0.1669938E+00   -0.2929018E+01   -0.8665876E+00    0.2789993E+01    0.3155567E+01   -0.2443684E-04    0.9139744E-04   -0.4424671E-03    0.3362109E-03   -0.1315295E-03    0.1279084E-03    0.1994424E-03    0.2247335E-03   -0.1400148E-01    0.8722508E-02   -0.1217632E-03   -0.5226595E-02   -0.1236216E-03    0.1981288E-03
   -0.1276702E-03    0.1755765E-02   -0.7946189E-03   -0.5839043E-02    0.5878412E-01   -0.1609284E-01    0.2063187E-02   -0.1090105E-01    0.9426584E+01   -0.1817890E+02   -0.4041136E+02    0.7219103E+03    0.1725835E+03    0.7205368E+02    0.1204126E+02   -0.1180367E+02   -0.4218206E+02   -0.8011957E+01   -0.1537410E+02   -0.1130664E+02   -0.6926595E-02   -0.5887337E-02   -0.4696384E-02   -0.1176106E-01   -0.3252105E-02   -0.1757563E-02   -0.6972646E-01   -0.7227366E-01   -0.9346363E-01   -0.4290228E-02   -0.4636535E-01   -0.6271801E-01   -0.1271861E-02   -0.4064073E-02
   -0.1086682E-03   -0.9351161E-03   -0.1353036E-03    0.3711251E-02   -0.9602509E-01   -0.7339214E-02    0.1345680E-01    0.3657319E-03   -0.2622514E+02   -0.2700730E+02   -0.1844719E+02    0.1725835E+03    0.1232929E+03    0.1001464E+03    0.5671309E+02   -0.1118261E+02   -0.2652453E+01   -0.1240330E+02   -0.7272392E+01   -0.3816315E+01   -0.1022585E-02   -0.1488234E-02   -0.2203595E-02   -0.2333646E-02   -0.1434942E-02   -0.5821857E-02    0.9048712E-02    0.8194159E-02    0.3259395E-01    0.3799952E-02    0.2779632E-01    0.7481888E-01   -0.3270927E-03   -0.9908112E-03
   -0.1911681E-03   -0.2302073E-02   -0.7045997E-03    0.1074652E-01   -0.1385703E+00   -0.2647811E-01    0.2214683E-01   -0.1823997E-02   -0.7606299E+02   -0.5034984E+02   -0.7038262E+01    0.7205368E+02    0.1001464E+03    0.1611417E+03    0.1187070E+03   -0.8328660E+01   -0.1321543E+02   -0.1123106E+02    0.3489374E+00    0.1829434E+01    0.2296245E-02    0.1581356E-02   -0.1285107E-02    0.2440670E-02    0.4624411E-03   -0.9522373E-02    0.1297464E-01    0.1135737E-01    0.3364642E-01    0.2165249E-01    0.5419748E-01    0.1377632E+00   -0.4210781E-03    0.1692640E-02
   -0.2126168E-03   -0.2439085E-02   -0.7232534E-03    0.1066538E-01   -0.1363371E+00   -0.2837299E-01    0.1967127E-01   -0.1237402E-02   -0.9120157E+02   -0.3186563E+02   -0.1935353E+01    0.1204126E+02    0.5671309E+02    0.1187070E+03    0.1524303E+03   -0.7757842E+01   -0.1920529E+02   -0.1743023E+02   -0.2147119E+02   -0.2264345E+02    0.2422030E-02    0.2396966E-02   -0.2288787E-02    0.2651527E-02    0.8047873E-05   -0.7531442E-02    0.1120039E-01    0.1601828E-01    0.5576595E-01    0.2181199E-01    0.8014160E-01    0.2378988E+00   -0.3244175E-03    0.5808617E-02
    0.2233621E-04    0.1068019E-03    0.1710140E-03   -0.1441614E-02    0.3191232E-02    0.4993811E-02   -0.3001659E-02   -0.9945397E-04   -0.3401511E+01   -0.1531677E+01   -0.1669938E+00   -0.1180367E+02   -0.1118261E+02   -0.8328660E+01   -0.7757842E+01    0.8107830E+01   -0.9916822E+00   -0.4156797E+00   -0.3526163E+00   -0.2175704E+00   -0.3619887E-03   -0.3999645E-03   -0.5277620E-03   -0.3550247E-03   -0.9315108E-03   -0.9585908E-03    0.1994653E-02    0.5771445E-02    0.8854660E-02    0.4953208E-02    0.4402926E-02    0.1222014E-01    0.1036728E-03    0.9781551E-04
    0.6887993E-03    0.2963184E-02    0.1395213E-02   -0.1014012E-01    0.1723125E+00    0.4695724E-01   -0.1710286E-01    0.1946931E-01    0.6357400E+01    0.5441352E+00   -0.2929018E+01   -0.4218206E+02   -0.2652453E+01   -0.1321543E+02   -0.1920529E+02   -0.9916822E+00    0.1858096E+03    0.9351890E+02    0.9152409E+02    0.9007381E+02    0.1419754E-02    0.1413508E-02    0.2665566E-02    0.1886432E-02    0.1519884E-02   -0.2934105E-03   -0.2811402E-01   -0.1259815E+00   -0.1161884E+00   -0.7386821E-01   -0.9056584E-01   -0.1792455E+00   -0.1291883E-01   -0.4409438E-03
    0.4952644E-03   -0.1709681E-02    0.2887604E-02   -0.7676823E-02   -0.9300332E-01    0.7166155E-01   -0.2910516E-01    0.2055770E-01   -0.3085867E+01   -0.3803516E+01   -0.8665876E+00   -0.8011957E+01   -0.1240330E+02   -0.1123106E+02   -0.1743023E+02   -0.4156797E+00    0.9351890E+02    0.1583122E+03    0.1610878E+03    0.1610514E+03    0.3438073E-02    0.3318363E-02    0.3104503E-02    0.2215289E-02    0.2590961E-02    0.8041534E-03   -0.2765915E-01   -0.1190426E+00   -0.1137868E+00   -0.1306900E+00   -0.1455668E+00   -0.1794395E+00    0.3948763E-02   -0.1553689E-03
    0.5042364E-03   -0.1205677E-02    0.2886108E-02   -0.9031855E-02   -0.6493803E-01    0.7362947E-01   -0.3029809E-01    0.2071019E-01   -0.9001893E+01   -0.1083641E+02    0.2789993E+01   -0.1537410E+02   -0.7272392E+01    0.3489374E+00   -0.2147119E+02   -0.3526163E+00    0.9152409E+02    0.1610878E+03    0.2001318E+03    0.2238035E+03    0.2707063E-02    0.3308417E-02    0.2311438E-02    0.2608407E-02    0.1299103E-02   -0.3417375E-02   -0.2550207E-01   -0.1215557E+00   -0.1468229E+00   -0.1140372E+00   -0.1387564E+00   -0.1663311E+00    0.3637536E-02   -0.4982035E-02
    0.4993731E-03   -0.1013486E-02    0.2924727E-02   -0.1014689E-01   -0.5723873E-01    0.7483197E-01   -0.3194773E-01    0.2149426E-01   -0.1420988E+02   -0.1265864E+02    0.3155567E+01   -0.1130664E+02   -0.3816315E+01    0.1829434E+01   -0.2264345E+02   -0.2175704E+00    0.9007381E+02    0.1610514E+03    0.2238035E+03    0.2712529E+03    0.1975934E-02    0.3587933E-02    0.2132720E-02    0.3228794E-02    0.7066741E-03   -0.5086271E-02   -0.2570318E-01   -0.1248779E+00   -0.1550222E+00   -0.1024158E+00   -0.1131204E+00   -0.1218160E+00    0.3560138E-02   -0.9290399E-02
    0.1343789E-06    0.3575262E-05   -0.9825834E-06    0.4792102E-05    0.2993488E-03   -0.1153099E-04    0.1334323E-04    0.9783543E-05   -0.2493991E-02   -0.1331421E-02   -0.2443684E-04   -0.6926595E-02   -0.1022585E-02    0.2296245E-02    0.2422030E-02   -0.3619887E-03    0.1419754E-02    0.3438073E-02    0.2707063E-02    0.1975934E-02    0.6836760E-04    0.2313545E-04    0.2766393E-04    0.1130970E-04    0.1466787E-04    0.1462285E-04   -0.1096698E-03   -0.5162256E-04   -0.4971467E-04   -0.1349435E-04   -0.9260695E-05   -0.2424995E-04    0.3224376E-06    0.2024788E-06
    0.1394446E-06    0.3527182E-05   -0.1022194E-05    0.2057121E-05    0.2980215E-03   -0.1262942E-04    0.7427297E-05    0.9389547E-05   -0.2599092E-02   -0.1060639E-02    0.9139744E-04   -0.5887337E-02   -0.1488234E-02    0.1581356E-02    0.2396966E-02   -0.3999645E-03    0.1413508E-02    0.3318363E-02    0.3308417E-02    0.3587933E-02    0.2313545E-04    0.4056694E-04    0.3639978E-04    0.3014175E-04    0.3059703E-04    0.2947252E-04   -0.5953473E-04   -0.9456968E-04   -0.8271468E-04   -0.9495004E-04   -0.8412779E-04   -0.8316590E-04    0.3016346E-06    0.4006395E-07
    0.1435435E-06    0.3796412E-05   -0.1227467E-05    0.2274403E-05    0.3334268E-03   -0.1541198E-04    0.7435023E-05    0.1021020E-04    0.4381825E-03   -0.4078310E-03   -0.4424671E-03   -0.4696384E-02   -0.2203595E-02   -0.1285107E-02   -0.2288787E-02   -0.5277620E-03    0.2665566E-02    0.3104503E-02    0.2311438E-02    0.2132720E-02    0.2766393E-04    0.3639978E-04    0.1167689E-03    0.2491010E-04    0.5761695E-04    0.1076229E-03   -0.5782213E-04   -0.1095864E-03   -0.1296445E-03   -0.1088765E-03   -0.1914594E-03   -0.3850615E-03    0.1598794E-06   -0.1312776E-06
    0.1320097E-06    0.3169108E-05   -0.1089712E-05    0.4051131E-05    0.2900545E-03   -0.1312253E-04    0.1025619E-04    0.1032936E-04   -0.3539841E-02   -0.1578022E-02    0.3362109E-03   -0.1176106E-01   -0.2333646E-02    0.2440670E-02    0.2651527E-02   -0.3550247E-03    0.1886432E-02    0.2215289E-02    0.2608407E-02    0.3228794E-02    0.1130970E-04    0.3014175E-04    0.2491010E-04    0.8550570E-04    0.5465645E-04    0.3750816E-04   -0.3998118E-05   -0.6333294E-04   -0.3749665E-04   -0.1878046E-03   -0.1869682E-03   -0.1855183E-03    0.2263859E-06   -0.4993533E-09
    0.1481177E-06    0.4226353E-05   -0.1374698E-05    0.1901441E-05    0.3548986E-03   -0.1813467E-04    0.6970804E-05    0.9328270E-05   -0.6170305E-03   -0.5218250E-03   -0.1315295E-03   -0.3252105E-02   -0.1434942E-02    0.4624411E-03    0.8047873E-05   -0.9315108E-03    0.1519884E-02    0.2590961E-02    0.1299103E-02    0.7066741E-03    0.1466787E-04    0.3059703E-04    0.5761695E-04    0.5465645E-04    0.1234866E-03    0.1571465E-03    0.1844060E-04   -0.5017688E-04   -0.4592449E-04   -0.1720600E-03   -0.2289976E-03   -0.3961061E-03    0.3586870E-06    0.1334996E-07
    0.1897560E-06    0.4472903E-05   -0.1231592E-05    0.8775786E-05    0.3622966E-03   -0.1357039E-04    0.2146214E-04    0.1067617E-04    0.6188711E-02    0.3640236E-02    0.1279084E-03   -0.1757563E-02   -0.5821857E-02   -0.9522373E-02   -0.7531442E-02   -0.9585908E-03   -0.2934105E-03    0.8041534E-03   -0.3417375E-02   -0.5086271E-02    0.1462285E-04    0.2947252E-04    0.1076229E-03    0.3750816E-04    0.1571465E-03    0.6635235E-03   -0.3214309E-04   -0.5079996E-04   -0.7841809E-04   -0.1278701E-03   -0.2763701E-03   -0.4624070E-03    0.2749620E-06    0.6361060E-07
   -0.1865729E-05    0.4205415E-05   -0.3220065E-05   -0.2386200E-04   -0.4353837E-04   -0.4136147E-04   -0.4769882E-04   -0.2944025E-04   -0.4866665E-02   -0.2860320E-02    0.1994424E-03   -0.6972646E-01    0.9048712E-02    0.1297464E-01    0.1120039E-01    0.1994653E-02   -0.2811402E-01   -0.2765915E-01   -0.2550207E-01   -0.2570318E-01   -0.1096698E-03   -0.5953473E-04   -0.5782213E-04   -0.3998118E-05    0.1844060E-04   -0.3214309E-04    0.1277155E-01    0.8276907E-02    0.9520868E-02    0.1377934E-02    0.1748375E-02    0.2255903E-02    0.2663136E-05   -0.5275541E-07
   -0.2412643E-05    0.7803019E-05   -0.5450986E-05   -0.1585775E-04    0.2930397E-03   -0.9425793E-04   -0.2590771E-04   -0.2912777E-04   -0.4694732E-03    0.2158691E-03    0.2247335E-03   -0.7227366E-01    0.8194159E-02    0.1135737E-01    0.1601828E-01    0.5771445E-02   -0.1259815E+00   -0.1190426E+00   -0.1215557E+00   -0.1248779E+00   -0.5162256E-04   -0.9456968E-04   -0.1095864E-03   -0.6333294E-04   -0.5017688E-04   -0.5079996E-04    0.8276907E-02    0.1211719E-01    0.1349481E-01    0.8056387E-02    0.7686730E-02    0.6939458E-02    0.7097833E-05   -0.1604821E-06
   -0.3312017E-05    0.1076332E-04   -0.6204732E-05    0.4124534E-05    0.3207387E-03   -0.1250632E-03    0.1342970E-04   -0.3808167E-04   -0.2828770E-01   -0.7932307E-02   -0.1400148E-01   -0.9346363E-01    0.3259395E-01    0.3364642E-01    0.5576595E-01    0.8854660E-02   -0.1161884E+00   -0.1137868E+00   -0.1468229E+00   -0.1550222E+00   -0.4971467E-04   -0.8271468E-04   -0.1296445E-03   -0.3749665E-04   -0.4592449E-04   -0.7841809E-04    0.9520868E-02    0.1349481E-01    0.2599626E-01    0.4252449E-02    0.1109370E-01    0.2141309E-01    0.1048579E-04    0.2316681E-05
   -0.2582111E-05    0.1339564E-04   -0.4357026E-05   -0.7918420E-04    0.2688097E-03   -0.5254492E-04   -0.1222637E-03   -0.3978388E-04    0.6847646E-02    0.3422070E-02    0.8722508E-02   -0.4290228E-02    0.3799952E-02    0.2165249E-01    0.2181199E-01    0.4953208E-02   -0.7386821E-01   -0.1306900E+00   -0.1140372E+00   -0.1024158E+00   -0.1349435E-04   -0.9495004E-04   -0.1088765E-03   -0.1878046E-03   -0.1720600E-03   -0.1278701E-03    0.1377934E-02    0.8056387E-02    0.4252449E-02    0.2160598E-01    0.1926535E-01    0.1346016E-01   -0.6145688E-05   -0.3355327E-05
   -0.4443652E-05    0.5122846E-05   -0.2395281E-05   -0.6558137E-04   -0.6574697E-03   -0.4430591E-04   -0.1126588E-03   -0.5851324E-04   -0.3220497E-01   -0.4808688E-02   -0.1217632E-03   -0.4636535E-01    0.2779632E-01    0.5419748E-01    0.8014160E-01    0.4402926E-02   -0.9056584E-01   -0.1455668E+00   -0.1387564E+00   -0.1131204E+00   -0.9260695E-05   -0.8412779E-04   -0.1914594E-03   -0.1869682E-03   -0.2289976E-03   -0.2763701E-03    0.1748375E-02    0.7686730E-02    0.1109370E-01    0.1926535E-01    0.2869509E-01    0.3983879E-01   -0.3445637E-05   -0.3321283E-05
   -0.8879287E-05    0.3660976E-05   -0.2586692E-05   -0.6952710E-04   -0.1756865E-02   -0.7047247E-04   -0.1300890E-03   -0.1222674E-03   -0.1414882E+00   -0.2976765E-01   -0.5226595E-02   -0.6271801E-01    0.7481888E-01    0.1377632E+00    0.2378988E+00    0.1222014E-01   -0.1792455E+00   -0.1794395E+00   -0.1663311E+00   -0.1218160E+00   -0.2424995E-04   -0.8316590E-04   -0.3850615E-03   -0.1855183E-03   -0.3961061E-03   -0.4624070E-03    0.2255903E-02    0.6939458E-02    0.2141309E-01    0.1346016E-01    0.3983879E-01    0.1010056E+00    0.1759145E-05    0.2588142E-05
   -0.3754242E-07   -0.7607986E-06    0.1714410E-06    0.8601247E-06   -0.4395827E-04    0.2124192E-05   -0.7141352E-06   -0.2635731E-07   -0.1991345E-03   -0.7207437E-04   -0.1236216E-03   -0.1271861E-02   -0.3270927E-03   -0.4210781E-03   -0.3244175E-03    0.1036728E-03   -0.1291883E-01    0.3948763E-02    0.3637536E-02    0.3560138E-02    0.3224376E-06    0.3016346E-06    0.1598794E-06    0.2263859E-06    0.3586870E-06    0.2749620E-06    0.2663136E-05    0.7097833E-05    0.1048579E-04   -0.6145688E-05   -0.3445637E-05    0.1759145E-05    0.2362136E-05    0.3589935E-07
   -0.6441054E-08   -0.1293305E-06   -0.2885787E-07    0.4540987E-06   -0.5349153E-05   -0.1102448E-05    0.4096325E-06   -0.1303959E-06   -0.3206889E-02   -0.1476205E-03    0.1981288E-03   -0.4064073E-02   -0.9908112E-03    0.1692640E-02    0.5808617E-02    0.9781551E-04   -0.4409438E-03   -0.1553689E-03   -0.4982035E-02   -0.9290399E-02    0.2024788E-06    0.4006395E-07   -0.1312776E-06   -0.4993533E-09    0.1334996E-07    0.6361060E-07   -0.5275541E-07   -0.1604821E-06    0.2316681E-05   -0.3355327E-05   -0.3321283E-05    0.2588142E-05    0.3589935E-07    0.1287468E-05
