# omegabh2 omegach2 theta tau ns logA aps100 aps143 aps217 acib143 acib217 asz143 psr cibr cal0 cal2 xi aksz bm_1_1 a_ps_act_148 a_ps_act_217 a_ps_spt_95 a_ps_spt_150 a_ps_spt_220 r_ps_spt_95x150 r_ps_spt_95x220 r_ps_150x220 act_dust_s act_dust_e cal_acts_148 cal_acts_217 cal_acte_148 cal_acte_217 cal_spt_95 cal_spt_150 cal_spt_220
    0.79579E-07   -0.39060E-06    0.74975E-07    0.11285E-05    0.11661E-05    0.14818E-05   -0.11572E-02   -0.10581E-02   -0.69101E-03   -0.43485E-05   -0.55843E-04    0.80930E-05   -0.17083E-06   -0.39439E-07   -0.72511E-08   -0.11989E-07   -0.55901E-06   -0.95894E-05   -0.21595E-04    0.24032E-04    0.12671E-03    0.75193E-05    0.26133E-04    0.17996E-03   -0.60036E-06    0.20577E-06    0.13071E-06   -0.16195E-05   -0.11200E-05    0.10911E-05    0.48558E-06    0.94761E-06    0.43792E-06    0.10170E-05    0.10156E-05    0.31139E-06
   -0.39060E-06    0.62443E-05   -0.59569E-06   -0.11838E-04   -0.14790E-04   -0.88303E-05    0.69830E-02    0.46844E-02    0.27352E-02    0.14900E-04    0.31665E-03   -0.50109E-04    0.92490E-06   -0.45264E-07    0.44171E-07    0.96721E-07    0.42232E-05    0.13079E-04    0.14479E-03   -0.74424E-04   -0.59071E-03    0.61732E-04   -0.65754E-04   -0.75938E-03    0.76887E-06   -0.53346E-05   -0.20703E-05    0.64954E-05   -0.26501E-05   -0.57310E-05   -0.25617E-05   -0.45729E-05   -0.17301E-05   -0.47426E-05   -0.49962E-05    0.80616E-06
    0.74975E-07   -0.59569E-06    0.37645E-06    0.15271E-05    0.18713E-05    0.20177E-05   -0.76276E-03   -0.55169E-03   -0.39141E-03   -0.36617E-05   -0.52431E-04    0.72943E-05   -0.28983E-06   -0.86672E-07   -0.25904E-08   -0.26543E-07   -0.83473E-06   -0.63399E-05   -0.73982E-05    0.14211E-04    0.63348E-04   -0.17078E-04    0.99563E-05    0.90250E-04    0.49837E-06    0.21858E-05    0.22860E-06   -0.47596E-06   -0.29450E-06    0.66879E-06    0.21204E-06    0.57410E-06    0.22678E-06    0.39264E-06    0.55026E-06    0.69810E-07
    0.11285E-05   -0.11838E-04    0.15271E-05    0.22604E-03    0.39268E-04    0.42196E-03   -0.40826E-01   -0.26139E-01   -0.16742E-01   -0.36268E-03   -0.14704E-02    0.72711E-04   -0.76591E-05    0.44847E-05   -0.37742E-06   -0.60393E-07   -0.95055E-05   -0.28540E-04   -0.85869E-03    0.74502E-03    0.43283E-02   -0.72502E-05    0.79525E-03    0.29118E-02   -0.21301E-04   -0.46564E-05    0.60850E-05    0.70381E-04    0.29948E-04    0.27448E-04    0.15446E-04    0.27281E-04    0.15615E-04    0.26474E-04    0.23247E-04   -0.53672E-05
    0.11661E-05   -0.14790E-04    0.18713E-05    0.39268E-04    0.50832E-04    0.40059E-04   -0.43633E-01   -0.25805E-01   -0.15279E-01   -0.15952E-03   -0.14395E-02    0.18260E-03   -0.49377E-05    0.44485E-06   -0.20472E-06   -0.12537E-06   -0.15553E-04   -0.14495E-03   -0.65947E-03    0.46543E-03    0.31274E-02    0.15648E-05    0.42857E-03    0.33211E-02   -0.13275E-04    0.10091E-04    0.64097E-05   -0.38978E-04   -0.19782E-05    0.23707E-04    0.11213E-04    0.20665E-04    0.84201E-05    0.22184E-04    0.22170E-04   -0.17740E-06
    0.14818E-05   -0.88303E-05    0.20177E-05    0.42196E-03    0.40059E-04    0.82458E-03   -0.73886E-01   -0.44606E-01   -0.28850E-01   -0.64421E-03   -0.20920E-02    0.43043E-04   -0.14087E-04    0.72771E-05   -0.58810E-06    0.23030E-06   -0.11675E-04   -0.13978E-03   -0.10675E-02    0.13420E-02    0.72787E-02    0.22975E-03    0.14658E-02    0.41739E-02   -0.41700E-04   -0.17946E-04    0.69637E-05    0.16245E-03    0.48091E-04    0.41641E-04    0.25261E-04    0.43697E-04    0.27874E-04    0.42493E-04    0.35281E-04   -0.69689E-05
   -0.11572E-02    0.69830E-02   -0.76276E-03   -0.40826E-01   -0.43633E-01   -0.73886E-01    0.15096E+04    0.93046E+02    0.21754E+02   -0.10557E+01    0.45908E+01   -0.24630E+01    0.11329E-01   -0.18019E+00    0.11919E-02    0.54581E-03    0.35805E-01    0.33293E+01    0.15699E+02   -0.25664E+00   -0.56012E+01    0.42558E+01   -0.45488E-01   -0.47954E+01   -0.99842E-01   -0.55135E+00   -0.14958E-01    0.33707E+00    0.22746E+00   -0.53019E-01    0.10844E-01   -0.46333E-01    0.93859E-02   -0.73977E-01   -0.56678E-01    0.57274E-02
   -0.10581E-02    0.46844E-02   -0.55169E-03   -0.26139E-01   -0.25805E-01   -0.44606E-01    0.93046E+02    0.68740E+02    0.21233E+02    0.90704E-01    0.16149E+01   -0.55601E+00    0.99512E-02   -0.20992E-01    0.60609E-04   -0.77359E-03    0.19843E-01    0.19329E+00    0.10247E+00   -0.23762E+00   -0.35014E+01    0.97087E+00   -0.27438E+00   -0.29898E+01    0.47158E-02   -0.71872E-01   -0.20396E-01    0.67944E-01    0.64265E-01   -0.32840E-01   -0.12248E-01   -0.30849E-01   -0.89351E-02   -0.37282E-01   -0.27565E-01   -0.85762E-02
   -0.69101E-03    0.27352E-02   -0.39141E-03   -0.16742E-01   -0.15279E-01   -0.28850E-01    0.21754E+02    0.21233E+02    0.35898E+02   -0.50501E+00   -0.41564E+01    0.33109E+00   -0.83956E-02   -0.15736E-01    0.98025E-04   -0.56398E-03   -0.90675E-02   -0.61610E+00    0.26460E+00    0.69393E-02   -0.29580E+01   -0.10980E+01    0.59812E-01   -0.29318E+01    0.10960E-01    0.76007E-01    0.23589E-01    0.46738E-01    0.24564E-01   -0.14571E-01   -0.30070E-01   -0.14898E-01   -0.29006E-01   -0.58042E-02   -0.15631E-01   -0.22068E-01
   -0.43485E-05    0.14900E-04   -0.36617E-05   -0.36268E-03   -0.15952E-03   -0.64421E-03   -0.10557E+01    0.90704E-01   -0.50501E+00    0.44062E+00    0.85285E+00    0.55371E-01   -0.37045E-03   -0.10086E-01    0.14727E-04    0.36368E-04    0.48771E-02   -0.25986E+00   -0.89732E-02   -0.13839E+00   -0.15679E+00   -0.72680E-01   -0.17104E+00   -0.20395E+00    0.27973E-01    0.22720E-01   -0.21933E-02   -0.71102E-03   -0.27446E-02    0.85576E-06    0.64299E-03    0.12258E-03    0.56242E-03   -0.62645E-03   -0.16014E-04    0.92645E-03
   -0.55843E-04    0.31665E-03   -0.52431E-04   -0.14704E-02   -0.14395E-02   -0.20920E-02    0.45908E+01    0.16149E+01   -0.41564E+01    0.85285E+00    0.37348E+01   -0.12960E-01    0.54073E-02    0.66862E-02    0.19471E-04    0.55481E-03    0.19588E-02   -0.40457E+00   -0.16941E-02   -0.29475E+00   -0.38718E+00    0.22246E+00   -0.36445E+00   -0.64775E+00    0.40859E-01    0.18003E-01   -0.16868E-01   -0.48599E-02   -0.12054E-01   -0.18855E-02    0.75260E-02   -0.10034E-02    0.80004E-02   -0.41791E-02   -0.10216E-02    0.63495E-02
    0.80930E-05   -0.50109E-04    0.72943E-05    0.72711E-04    0.18260E-03    0.43043E-04   -0.24630E+01   -0.55601E+00    0.33109E+00    0.55371E-01   -0.12960E-01    0.61434E-01   -0.89268E-04    0.36728E-02    0.29858E-05   -0.54389E-04   -0.13863E-02   -0.11348E+00    0.20948E-02   -0.22013E-01   -0.25670E-01   -0.15488E+00   -0.22547E-01   -0.96050E-01    0.63575E-02    0.15084E-01    0.46882E-04   -0.17197E-02   -0.17308E-02    0.54308E-03   -0.66741E-03    0.43263E-03   -0.76571E-03    0.10826E-02    0.32134E-03   -0.41134E-03
   -0.17083E-06    0.92490E-06   -0.28983E-06   -0.76591E-05   -0.49377E-05   -0.14087E-04    0.11329E-01    0.99512E-02   -0.83956E-02   -0.37045E-03    0.54073E-02   -0.89268E-04    0.31135E-03    0.10332E-04   -0.24322E-06    0.77723E-06    0.57092E-05    0.19081E-03    0.10264E-03    0.18181E-03   -0.32072E-02   -0.28540E-03    0.16608E-03    0.30079E-03    0.49138E-05    0.26660E-04    0.80299E-05   -0.56527E-05   -0.48534E-04   -0.39929E-05    0.93884E-05   -0.52280E-05    0.94363E-05   -0.81513E-05   -0.19702E-05    0.18607E-04
   -0.39439E-07   -0.45264E-07   -0.86672E-07    0.44847E-05    0.44485E-06    0.72771E-05   -0.18019E+00   -0.20992E-01   -0.15736E-01   -0.10086E-01    0.66862E-02    0.36728E-02    0.10332E-04    0.21629E-02   -0.74690E-06   -0.37330E-06    0.35047E-05   -0.11411E-02    0.71352E-03    0.34032E-02    0.56039E-02   -0.12220E-01    0.44313E-02   -0.95277E-02   -0.40378E-03    0.12098E-02   -0.30301E-03   -0.21185E-03   -0.37833E-03    0.38125E-04    0.36799E-04    0.15689E-04    0.34617E-04    0.11402E-03    0.22408E-04    0.18742E-04
   -0.72511E-08    0.44171E-07   -0.25904E-08   -0.37742E-06   -0.20472E-06   -0.58810E-06    0.11919E-02    0.60609E-04    0.98025E-04    0.14727E-04    0.19471E-04    0.29858E-05   -0.24322E-06   -0.74690E-06    0.15299E-06    0.61100E-08    0.35328E-07   -0.10638E-04   -0.29056E-04   -0.10871E-04   -0.67459E-04   -0.45941E-05   -0.27413E-05   -0.45019E-04    0.66692E-06    0.35710E-06    0.14192E-06    0.35115E-06    0.24317E-06   -0.13220E-06   -0.22574E-06    0.42645E-07   -0.24969E-06    0.99123E-07   -0.26530E-06   -0.21861E-06
   -0.11989E-07    0.96721E-07   -0.26543E-07   -0.60393E-07   -0.12537E-06    0.23030E-06    0.54581E-03   -0.77359E-03   -0.56398E-03    0.36368E-04    0.55481E-03   -0.54389E-04    0.77723E-06   -0.37330E-06    0.61100E-08    0.64231E-06    0.19370E-05    0.59140E-04    0.17301E-04    0.81306E-06    0.14970E-04    0.18400E-03   -0.72858E-05   -0.71922E-04   -0.33501E-05   -0.10122E-04   -0.18623E-05    0.13993E-05   -0.18089E-05   -0.22510E-06    0.16512E-05   -0.39857E-07    0.20145E-05   -0.93536E-06   -0.17512E-06    0.14476E-05
   -0.55901E-06    0.42232E-05   -0.83473E-06   -0.95055E-05   -0.15553E-04   -0.11675E-04    0.35805E-01    0.19843E-01   -0.90675E-02    0.48771E-02    0.19588E-02   -0.13863E-02    0.57092E-05    0.35047E-05    0.35328E-07    0.19370E-05    0.13862E-02    0.46458E-02    0.37066E-04    0.26697E-02   -0.45325E-02    0.45021E-03    0.14055E-02    0.37609E-02    0.58450E-03    0.93870E-03    0.30747E-04    0.14131E-03    0.12562E-04   -0.94432E-06   -0.32983E-05   -0.17985E-04    0.93928E-05   -0.31104E-04   -0.47745E-05    0.58980E-04
   -0.95894E-05    0.13079E-04   -0.63399E-05   -0.28540E-04   -0.14495E-03   -0.13978E-03    0.33293E+01    0.19329E+00   -0.61610E+00   -0.25986E+00   -0.40457E+00   -0.11348E+00    0.19081E-03   -0.11411E-02   -0.10638E-04    0.59140E-04    0.46458E-02    0.40868E+00   -0.30926E-02    0.39635E-01    0.17793E+00    0.14768E+00    0.62810E-01    0.35513E+00   -0.18888E-01   -0.27705E-01    0.27397E-02   -0.35477E-03    0.39470E-02    0.32554E-03    0.13583E-02    0.34651E-03    0.15514E-02   -0.43609E-03    0.10308E-03    0.10961E-02
   -0.21595E-04    0.14479E-03   -0.73982E-05   -0.85869E-03   -0.65947E-03   -0.10675E-02    0.15699E+02    0.10247E+00    0.26460E+00   -0.89732E-02   -0.16941E-02    0.20948E-02    0.10264E-03    0.71352E-03   -0.29056E-04    0.17301E-04    0.37066E-04   -0.30926E-02    0.56300E+00   -0.60466E-02   -0.59542E-01   -0.45681E-01   -0.10834E-01   -0.64873E-01    0.97009E-03    0.29071E-02    0.28247E-03    0.60030E-02    0.49777E-03   -0.19337E-03   -0.40710E-04   -0.31403E-03   -0.23026E-03   -0.21855E-03   -0.44266E-03   -0.18885E-03
    0.24032E-04   -0.74424E-04    0.14211E-04    0.74502E-03    0.46543E-03    0.13420E-02   -0.25664E+00   -0.23762E+00    0.69393E-02   -0.13839E+00   -0.29475E+00   -0.22013E-01    0.18181E-03    0.34032E-02   -0.10871E-04    0.81306E-06    0.26697E-02    0.39635E-01   -0.60466E-02    0.30398E+00   -0.16101E+00    0.88051E-01    0.10702E+00    0.32835E+00   -0.68871E-02   -0.77006E-02   -0.27576E-02   -0.16496E-02   -0.63632E-03    0.22060E-02   -0.86593E-03    0.20479E-02   -0.84338E-03    0.12690E-03   -0.12319E-04    0.35320E-03
    0.12671E-03   -0.59071E-03    0.63348E-04    0.43283E-02    0.31274E-02    0.72787E-02   -0.56012E+01   -0.35014E+01   -0.29580E+01   -0.15679E+00   -0.38718E+00   -0.25670E-01   -0.32072E-02    0.56039E-02   -0.67459E-04    0.14970E-04   -0.45325E-02    0.17793E+00   -0.59542E-01   -0.16101E+00    0.13928E+02    0.13361E-01    0.80787E-01    0.80465E+00   -0.94896E-02   -0.18408E-01   -0.44053E-02    0.51662E-02   -0.23343E-01    0.15198E-02    0.51975E-01    0.73235E-03    0.39702E-01    0.19635E-02    0.37296E-02    0.33639E-02
    0.75193E-05    0.61732E-04   -0.17078E-04   -0.72502E-05    0.15648E-05    0.22975E-03    0.42558E+01    0.97087E+00   -0.10980E+01   -0.72680E-01    0.22246E+00   -0.15488E+00   -0.28540E-03   -0.12220E-01   -0.45941E-05    0.18400E-03    0.45021E-03    0.14768E+00   -0.45681E-01    0.88051E-01    0.13361E-01    0.21988E+01    0.73847E-01    0.22420E+00   -0.91473E-01   -0.11175E+00   -0.20145E-02    0.78451E-02   -0.64209E-02   -0.15848E-02    0.11834E-02   -0.14320E-02    0.17912E-02   -0.81796E-04    0.26092E-04    0.13640E-02
    0.26133E-04   -0.65754E-04    0.99563E-05    0.79525E-03    0.42857E-03    0.14658E-02   -0.45488E-01   -0.27438E+00    0.59812E-01   -0.17104E+00   -0.36445E+00   -0.22547E-01    0.16608E-03    0.44313E-02   -0.27413E-05   -0.72858E-05    0.14055E-02    0.62810E-01   -0.10834E-01    0.10702E+00    0.80787E-01    0.73847E-01    0.21757E+00    0.18053E+00   -0.85722E-02   -0.60872E-02    0.25454E-04    0.20166E-02   -0.14567E-02    0.47060E-04   -0.42026E-03   -0.99066E-04   -0.42912E-03    0.48499E-03    0.30808E-04   -0.34933E-03
    0.17996E-03   -0.75938E-03    0.90250E-04    0.29118E-02    0.33211E-02    0.41739E-02   -0.47954E+01   -0.29898E+01   -0.29318E+01   -0.20395E+00   -0.64775E+00   -0.96050E-01    0.30079E-03   -0.95277E-02   -0.45019E-04   -0.71922E-04    0.37609E-02    0.35513E+00   -0.64873E-01    0.32835E+00    0.80465E+00    0.22420E+00    0.18053E+00    0.11815E+02   -0.16365E-01   -0.62034E-01   -0.99189E-02   -0.18516E-01   -0.12984E-01    0.48700E-02    0.23848E-02    0.53175E-02    0.17420E-02    0.49294E-02    0.61264E-02    0.26766E-01
   -0.60036E-06    0.76887E-06    0.49837E-06   -0.21301E-04   -0.13275E-04   -0.41700E-04   -0.99842E-01    0.47158E-02    0.10960E-01    0.27973E-01    0.40859E-01    0.63575E-02    0.49138E-05   -0.40378E-03    0.66692E-06   -0.33501E-05    0.58450E-03   -0.18888E-01    0.97009E-03   -0.68871E-02   -0.94896E-02   -0.91473E-01   -0.85722E-02   -0.16365E-01    0.75393E-02    0.63601E-02   -0.14246E-03    0.15798E-03    0.77792E-04    0.37262E-04    0.12652E-04    0.29292E-04   -0.25275E-04   -0.94817E-04   -0.35193E-04    0.17374E-05
    0.20577E-06   -0.53346E-05    0.21858E-05   -0.46564E-05    0.10091E-04   -0.17946E-04   -0.55135E+00   -0.71872E-01    0.76007E-01    0.22720E-01    0.18003E-01    0.15084E-01    0.26660E-04    0.12098E-02    0.35710E-06   -0.10122E-04    0.93870E-03   -0.27705E-01    0.29071E-02   -0.77006E-02   -0.18408E-01   -0.11175E+00   -0.60872E-02   -0.62034E-01    0.63601E-02    0.12718E-01    0.13596E-03    0.35123E-04   -0.71405E-04    0.10862E-03   -0.14497E-03    0.78829E-04   -0.16268E-03    0.55515E-04    0.20246E-04   -0.23865E-03
    0.13071E-06   -0.20703E-05    0.22860E-06    0.60850E-05    0.64097E-05    0.69637E-05   -0.14958E-01   -0.20396E-01    0.23589E-01   -0.21933E-02   -0.16868E-01    0.46882E-04    0.80299E-05   -0.30301E-03    0.14192E-06   -0.18623E-05    0.30747E-04    0.27397E-02    0.28247E-03   -0.27576E-02   -0.44053E-02   -0.20145E-02    0.25454E-04   -0.99189E-02   -0.14246E-03    0.13596E-03    0.34035E-03    0.47771E-04    0.14066E-03    0.42091E-05   -0.48858E-04    0.60673E-05   -0.43665E-04    0.29531E-04    0.99948E-05   -0.65396E-04
   -0.16195E-05    0.64954E-05   -0.47596E-06    0.70381E-04   -0.38978E-04    0.16245E-03    0.33707E+00    0.67944E-01    0.46738E-01   -0.71102E-03   -0.48599E-02   -0.17197E-02   -0.56527E-05   -0.21185E-03    0.35115E-06    0.13993E-05    0.14131E-03   -0.35477E-03    0.60030E-02   -0.16496E-02    0.51662E-02    0.78451E-02    0.20166E-02   -0.18516E-01    0.15798E-03    0.35123E-04    0.47771E-04    0.40208E-01   -0.74087E-03    0.24644E-03    0.54633E-04   -0.15158E-03   -0.15820E-04   -0.45811E-04   -0.58345E-04    0.24280E-04
   -0.11200E-05   -0.26501E-05   -0.29450E-06    0.29948E-04   -0.19782E-05    0.48091E-04    0.22746E+00    0.64265E-01    0.24564E-01   -0.27446E-02   -0.12054E-01   -0.17308E-02   -0.48534E-04   -0.37833E-03    0.24317E-06   -0.18089E-05    0.12562E-04    0.39470E-02    0.49777E-03   -0.63632E-03   -0.23343E-01   -0.64209E-02   -0.14567E-02   -0.12984E-01    0.77792E-04   -0.71405E-04    0.14066E-03   -0.74087E-03    0.39030E-01   -0.10356E-03   -0.94051E-04    0.30345E-03    0.18783E-04   -0.14177E-03   -0.48548E-04   -0.35669E-04
    0.10911E-05   -0.57310E-05    0.66879E-06    0.27448E-04    0.23707E-04    0.41641E-04   -0.53019E-01   -0.32840E-01   -0.14571E-01    0.85576E-06   -0.18855E-02    0.54308E-03   -0.39929E-05    0.38125E-04   -0.13220E-06   -0.22510E-06   -0.94432E-06    0.32554E-03   -0.19337E-03    0.22060E-02    0.15198E-02   -0.15848E-02    0.47060E-04    0.48700E-02    0.37262E-04    0.10862E-03    0.42091E-05    0.24644E-03   -0.10356E-03    0.16519E-03    0.22936E-05    0.60807E-04    0.86085E-05    0.40769E-04    0.23378E-04    0.12620E-04
    0.48558E-06   -0.25617E-05    0.21204E-06    0.15446E-04    0.11213E-04    0.25261E-04    0.10844E-01   -0.12248E-01   -0.30070E-01    0.64299E-03    0.75260E-02   -0.66741E-03    0.93884E-05    0.36799E-04   -0.22574E-06    0.16512E-05   -0.32983E-05    0.13583E-02   -0.40710E-04   -0.86593E-03    0.51975E-01    0.11834E-02   -0.42026E-03    0.23848E-02    0.12652E-04   -0.14497E-03   -0.48858E-04    0.54633E-04   -0.94051E-04    0.22936E-05    0.35321E-03    0.79004E-05    0.18316E-03   -0.21690E-05    0.13893E-04    0.29021E-04
    0.94761E-06   -0.45729E-05    0.57410E-06    0.27281E-04    0.20665E-04    0.43697E-04   -0.46333E-01   -0.30849E-01   -0.14898E-01    0.12258E-03   -0.10034E-02    0.43263E-03   -0.52280E-05    0.15689E-04    0.42645E-07   -0.39857E-07   -0.17985E-04    0.34651E-03   -0.31403E-03    0.20479E-02    0.73235E-03   -0.14320E-02   -0.99066E-04    0.53175E-02    0.29292E-04    0.78829E-04    0.60673E-05   -0.15158E-03    0.30345E-03    0.60807E-04    0.79004E-05    0.12473E-03    0.83399E-05    0.35013E-04    0.21264E-04    0.16488E-04
    0.43792E-06   -0.17301E-05    0.22678E-06    0.15615E-04    0.84201E-05    0.27874E-04    0.93859E-02   -0.89351E-02   -0.29006E-01    0.56242E-03    0.80004E-02   -0.76571E-03    0.94363E-05    0.34617E-04   -0.24969E-06    0.20145E-05    0.93928E-05    0.15514E-02   -0.23026E-03   -0.84338E-03    0.39702E-01    0.17912E-02   -0.42912E-03    0.17420E-02   -0.25275E-04   -0.16268E-03   -0.43665E-04   -0.15820E-04    0.18783E-04    0.86085E-05    0.18316E-03    0.83399E-05    0.21793E-03   -0.48552E-05    0.13433E-04    0.34064E-04
    0.10170E-05   -0.47426E-05    0.39264E-06    0.26474E-04    0.22184E-04    0.42493E-04   -0.73977E-01   -0.37282E-01   -0.58042E-02   -0.62645E-03   -0.41791E-02    0.10826E-02   -0.81513E-05    0.11402E-03    0.99123E-07   -0.93536E-06   -0.31104E-04   -0.43609E-03   -0.21855E-03    0.12690E-03    0.19635E-02   -0.81796E-04    0.48499E-03    0.49294E-02   -0.94817E-04    0.55515E-04    0.29531E-04   -0.45811E-04   -0.14177E-03    0.40769E-04   -0.21690E-05    0.35013E-04   -0.48552E-05    0.41323E-03    0.42225E-04    0.21769E-05
    0.10156E-05   -0.49962E-05    0.55026E-06    0.23247E-04    0.22170E-04    0.35281E-04   -0.56678E-01   -0.27565E-01   -0.15631E-01   -0.16014E-04   -0.10216E-02    0.32134E-03   -0.19702E-05    0.22408E-04   -0.26530E-06   -0.17512E-06   -0.47745E-05    0.10308E-03   -0.44266E-03   -0.12319E-04    0.37296E-02    0.26092E-04    0.30808E-04    0.61264E-02   -0.35193E-04    0.20246E-04    0.99948E-05   -0.58345E-04   -0.48548E-04    0.23378E-04    0.13893E-04    0.21264E-04    0.13433E-04    0.42225E-04    0.98252E-04    0.20500E-04
    0.31139E-06    0.80616E-06    0.69810E-07   -0.53672E-05   -0.17740E-06   -0.69689E-05    0.57274E-02   -0.85762E-02   -0.22068E-01    0.92645E-03    0.63495E-02   -0.41134E-03    0.18607E-04    0.18742E-04   -0.21861E-06    0.14476E-05    0.58980E-04    0.10961E-02   -0.18885E-03    0.35320E-03    0.33639E-02    0.13640E-02   -0.34933E-03    0.26766E-01    0.17374E-05   -0.23865E-03   -0.65396E-04    0.24280E-04   -0.35669E-04    0.12620E-04    0.29021E-04    0.16488E-04    0.34064E-04    0.21769E-05    0.20500E-04    0.46712E-03
