# omegabh2 omegach2 theta tau ns nrun logA r aps100 aps143 aps217 acib143 acib217 asz143 psr cibr ncib cal0 cal2 xi aksz bm_1_1 bm_1_2 bm_1_3 bm_1_4 bm_1_5 bm_2_1 bm_2_2 bm_2_3 bm_2_4 bm_2_5 bm_3_1 bm_3_2 bm_3_3 bm_3_4 bm_3_5 bm_4_1 bm_4_2 bm_4_3 bm_4_4 bm_4_5
    0.80940E-07   -0.15193E-06    0.51115E-07    0.15174E-05    0.47734E-06   -0.14673E-05    0.31477E-05    0.46382E-05   -0.14617E-03   -0.32911E-03   -0.18193E-03   -0.16853E-04   -0.55110E-04    0.22879E-04   -0.75148E-06    0.84270E-06   -0.16269E-05    0.68076E-10   -0.64736E-09    0.16569E-06   -0.10011E-04   -0.26706E-05   -0.66474E-05    0.68419E-06   -0.29334E-06    0.20062E-05    0.26225E-05   -0.82785E-05   -0.45346E-06   -0.18134E-05    0.38863E-05   -0.38948E-05   -0.19920E-06   -0.70544E-06    0.19069E-05   -0.19220E-05    0.11497E-05   -0.41319E-05   -0.70387E-05   -0.56224E-05    0.17704E-05
   -0.15193E-06    0.30270E-05   -0.19536E-06   -0.45285E-05   -0.71377E-05   -0.38010E-06   -0.15413E-05   -0.12953E-04    0.30567E-02    0.15472E-02    0.50285E-03    0.12660E-03    0.34336E-03   -0.48235E-04    0.10577E-05    0.23536E-05    0.35536E-05    0.20375E-08    0.10957E-07    0.54230E-07    0.22617E-04    0.59871E-04   -0.29910E-04   -0.34128E-04    0.26640E-04   -0.17562E-04   -0.70209E-06   -0.92959E-05    0.80289E-05    0.81137E-05   -0.15705E-05    0.21999E-04    0.97189E-06    0.15466E-05   -0.17803E-04   -0.33746E-04    0.11082E-04    0.10848E-04    0.12493E-05    0.20899E-05    0.81987E-05
    0.51115E-07   -0.19536E-06    0.32013E-06    0.11900E-05    0.87628E-06   -0.55382E-06    0.23496E-05    0.21260E-05    0.36092E-03   -0.24926E-04   -0.16460E-03    0.16015E-04    0.44454E-04   -0.15018E-05   -0.90269E-06    0.15357E-05   -0.48282E-06   -0.17490E-09    0.54441E-08   -0.15389E-06   -0.30175E-05   -0.27480E-05   -0.21493E-05   -0.47994E-05    0.36886E-05   -0.87331E-05    0.50488E-06   -0.15709E-04   -0.87597E-05    0.88574E-06    0.79230E-05    0.20413E-05   -0.46857E-06    0.11135E-05    0.18334E-05   -0.52435E-05    0.72463E-05   -0.14848E-04   -0.12518E-04   -0.41735E-05    0.31476E-05
    0.15174E-05   -0.45285E-05    0.11900E-05    0.23430E-03    0.17035E-04   -0.63159E-04    0.47173E-03    0.71536E-04    0.81676E-04    0.18703E-02    0.20530E-02   -0.12004E-02   -0.93862E-03   -0.76986E-03    0.28266E-05   -0.63953E-04    0.29207E-04   -0.20088E-07   -0.64020E-07   -0.36302E-04   -0.51269E-03    0.33274E-03    0.69419E-04    0.10260E-03   -0.15298E-03    0.16602E-03    0.24862E-03   -0.24815E-05   -0.90083E-04    0.12118E-03   -0.10996E-03   -0.25573E-03    0.12267E-04   -0.16519E-03   -0.25632E-04   -0.94662E-04    0.12886E-04    0.65276E-04   -0.13699E-03    0.70105E-04    0.18622E-03
    0.47734E-06   -0.71377E-05    0.87628E-06    0.17035E-04    0.43069E-04    0.16824E-04    0.13520E-04    0.42514E-04   -0.92287E-01   -0.26560E-03    0.20902E-01   -0.11955E-01   -0.13920E-01   -0.72806E-03    0.75681E-04   -0.37231E-03   -0.34579E-05   -0.29619E-07   -0.34712E-06    0.95978E-04   -0.35416E-02    0.93550E-04   -0.52870E-05   -0.72703E-04   -0.97143E-04    0.25329E-04    0.39876E-03    0.16159E-03   -0.16622E-03   -0.44487E-04   -0.68391E-04   -0.24939E-03    0.87717E-05   -0.89946E-04    0.30478E-04   -0.34216E-04    0.14677E-03    0.41208E-04    0.41151E-04    0.73443E-04   -0.79557E-04
   -0.14673E-05   -0.38010E-06   -0.55382E-06   -0.63159E-04    0.16824E-04    0.11916E-03   -0.15113E-03   -0.36070E-03   -0.10058E+00   -0.76793E-02    0.19715E-01   -0.12179E-01   -0.15816E-01   -0.35170E-03    0.72935E-04   -0.38570E-03   -0.26546E-04   -0.50237E-08   -0.77463E-06    0.11625E-03   -0.36993E-02   -0.40663E-03   -0.27852E-04   -0.10765E-03   -0.29813E-04   -0.70274E-04    0.73333E-04    0.30079E-03   -0.42442E-04   -0.74233E-04    0.19206E-04   -0.27694E-03    0.61379E-04   -0.40219E-04    0.85849E-04   -0.88056E-04   -0.14930E-03    0.51918E-04    0.21843E-03    0.69728E-04   -0.14617E-03
    0.31477E-05   -0.15413E-05    0.23496E-05    0.47173E-03    0.13520E-04   -0.15113E-03    0.98185E-03    0.16891E-03    0.62691E-03    0.18862E-01    0.13216E-01   -0.55464E-02   -0.26708E-02   -0.30099E-02    0.40149E-04   -0.24349E-03    0.12516E-03    0.55862E-07    0.18755E-06   -0.60612E-04   -0.17478E-02    0.16931E-02    0.31479E-03    0.15494E-03   -0.19507E-03    0.34881E-03    0.82954E-03   -0.10130E-04   -0.21708E-03    0.25756E-03   -0.21143E-03   -0.44587E-03    0.61694E-04   -0.36032E-03   -0.16900E-03   -0.37347E-03    0.32693E-03    0.19853E-03   -0.22943E-03    0.16733E-03    0.42891E-03
    0.46382E-05   -0.12953E-04    0.21260E-05    0.71536E-04    0.42514E-04   -0.36070E-03    0.16891E-03    0.51143E-02    0.11851E+00    0.17865E-01   -0.41783E-01    0.21468E-01    0.33257E-01    0.17057E-02   -0.11701E-03    0.71949E-03    0.86971E-04    0.12358E-06    0.39287E-05   -0.40521E-03    0.73252E-02    0.40368E-03   -0.11205E-03   -0.72516E-04    0.34914E-03    0.18876E-03    0.10366E-02   -0.27152E-03    0.25984E-03   -0.80612E-03   -0.33855E-03   -0.10783E-03   -0.64278E-03   -0.23619E-03    0.16063E-03    0.11733E-02    0.63445E-03    0.27410E-03   -0.33655E-03   -0.74476E-03   -0.30087E-03
   -0.14617E-03    0.30567E-02    0.36092E-03    0.81676E-04   -0.92287E-01   -0.10058E+00    0.62691E-03    0.11851E+00    0.28259E+04    0.28960E+02   -0.18336E+03    0.13711E+03    0.12451E+03   -0.70079E+02   -0.12334E+01    0.74952E+00    0.10343E+01    0.67001E-03   -0.18448E-03   -0.48023E+00   -0.15067E+02    0.93724E+01   -0.94570E+01   -0.48882E+00    0.28127E+00   -0.57050E-01   -0.11160E+01   -0.51964E+01    0.12868E+00    0.14316E+01   -0.24837E+00    0.18662E+01   -0.13652E+00   -0.16397E+00   -0.20102E+00   -0.34981E+01    0.89889E+00   -0.16072E+01   -0.25666E+01   -0.74854E+00    0.45503E+01
   -0.32911E-03    0.15472E-02   -0.24926E-04    0.18703E-02   -0.26560E-03   -0.76793E-02    0.18862E-01    0.17865E-01    0.28960E+02    0.20427E+03    0.68485E+02   -0.39444E+02   -0.16364E+02   -0.85137E+01   -0.18613E+00   -0.25051E+00   -0.16129E+00    0.19715E-03    0.31231E-02    0.14463E+01   -0.12104E+02    0.15416E+01    0.68215E+00    0.26607E+00    0.13289E+00   -0.92828E-01   -0.19668E+01   -0.72580E+00   -0.60461E-01    0.26641E-01   -0.10233E+00    0.97678E+00    0.39233E-01    0.44533E+00   -0.16511E+00   -0.16542E+00   -0.73612E+00   -0.59274E+00   -0.15407E+00    0.30690E+00    0.87132E-01
   -0.18193E-03    0.50285E-03   -0.16460E-03    0.20530E-02    0.20902E-01    0.19715E-01    0.13216E-01   -0.41783E-01   -0.18336E+03    0.68485E+02    0.23005E+03   -0.41688E+02   -0.84197E+02    0.21935E+01   -0.65056E-02   -0.10389E+01   -0.10272E+01    0.69706E-04   -0.45451E-02    0.36678E+00   -0.11641E+02    0.15969E+01    0.11604E+01   -0.79702E-01   -0.20029E-01    0.18424E-01    0.13942E+01    0.37766E+00   -0.41914E+00   -0.29021E+00    0.63300E+00   -0.15860E+01    0.90947E+00   -0.36607E+00    0.60286E+00    0.24358E+00    0.83654E-01    0.51010E-02    0.32417E+00    0.18980E+00   -0.36831E+00
   -0.16853E-04    0.12660E-03    0.16015E-04   -0.12004E-02   -0.11955E-01   -0.12179E-01   -0.55464E-02    0.21468E-01    0.13711E+03   -0.39444E+02   -0.41688E+02    0.29847E+02    0.22206E+02   -0.17533E+01   -0.12592E-01    0.29720E+00    0.19838E+00   -0.12552E-03   -0.83653E-03    0.15497E-01   -0.59663E+00   -0.10775E+01   -0.54509E+00   -0.10879E+00   -0.43498E-01   -0.78696E-01    0.70638E+00    0.15654E+00    0.14306E+00    0.13333E+00    0.14143E-01   -0.21980E+00   -0.17280E+00   -0.97518E-01   -0.15052E-01    0.73087E-01    0.32561E+00    0.25636E+00   -0.23433E-01   -0.15798E+00    0.18901E+00
   -0.55110E-04    0.34336E-03    0.44454E-04   -0.93862E-03   -0.13920E-01   -0.15816E-01   -0.26708E-02    0.33257E-01    0.12451E+03   -0.16364E+02   -0.84197E+02    0.22206E+02    0.40692E+02   -0.15156E+01    0.51532E-01    0.44945E+00    0.52933E+00   -0.36410E-04    0.19212E-02   -0.20592E+00   -0.65262E+00   -0.64649E+00   -0.52323E+00    0.28182E-01   -0.46505E-01   -0.22545E-01   -0.53934E+00   -0.14219E+00    0.17868E+00    0.27205E+00   -0.31522E+00    0.64316E+00   -0.56744E+00    0.14091E+00   -0.38369E+00   -0.14495E+00   -0.23945E-01   -0.88108E-02   -0.13035E+00   -0.60142E-01    0.29846E+00
    0.22879E-04   -0.48235E-04   -0.15018E-05   -0.76986E-03   -0.72806E-03   -0.35170E-03   -0.30099E-02    0.17057E-02   -0.70079E+02   -0.85137E+01    0.21935E+01   -0.17533E+01   -0.15156E+01    0.78630E+01    0.39074E-01    0.26622E+00   -0.13791E+00   -0.55164E-06    0.37816E-04   -0.38054E-01   -0.85867E-01    0.11827E+00    0.90182E-01    0.84397E-02    0.10415E-01    0.12697E-01   -0.80206E-01    0.44293E-01   -0.36489E-01   -0.10596E+00   -0.61097E-01   -0.28909E-01    0.96956E-02    0.96115E-02   -0.25924E-01    0.34185E-01   -0.80400E-01   -0.71030E-02   -0.71727E-02    0.17702E-01   -0.98633E-01
   -0.75148E-06    0.10577E-05   -0.90269E-06    0.28266E-05    0.75681E-04    0.72935E-04    0.40149E-04   -0.11701E-03   -0.12334E+01   -0.18613E+00   -0.65056E-02   -0.12592E-01    0.51532E-01    0.39074E-01    0.79800E-02   -0.71193E-02    0.79722E-02    0.12363E-05   -0.27031E-04    0.35135E-02   -0.13895E-01    0.11552E-01    0.48174E-02    0.80451E-03   -0.18275E-03   -0.55288E-03    0.81619E-02    0.14493E-03    0.40828E-04   -0.29300E-02   -0.16287E-02   -0.10561E-01   -0.69125E-03   -0.20778E-02   -0.24366E-02   -0.53261E-03   -0.77567E-03    0.10365E-02   -0.40013E-02   -0.48106E-02   -0.20227E-02
    0.84270E-06    0.23536E-05    0.15357E-05   -0.63953E-04   -0.37231E-03   -0.38570E-03   -0.24349E-03    0.71949E-03    0.74952E+00   -0.25051E+00   -0.10389E+01    0.29720E+00    0.44945E+00    0.26622E+00   -0.71193E-02    0.39630E-01   -0.12299E-01   -0.24078E-05    0.83459E-04   -0.32504E-05   -0.21332E-01   -0.21771E-01   -0.73710E-02    0.20185E-02    0.33432E-02    0.19036E-02   -0.27549E-01   -0.69142E-02    0.43591E-02   -0.70798E-04   -0.33719E-02    0.30701E-01   -0.27736E-02    0.65225E-02    0.98612E-03    0.28592E-02   -0.10177E-02   -0.14981E-02    0.34962E-04    0.29198E-02   -0.28908E-02
   -0.16269E-05    0.35536E-05   -0.48282E-06    0.29207E-04   -0.34579E-05   -0.26546E-04    0.12516E-03    0.86971E-04    0.10343E+01   -0.16129E+00   -0.10272E+01    0.19838E+00    0.52933E+00   -0.13791E+00    0.79722E-02   -0.12299E-01    0.21494E-01    0.16236E-05   -0.22778E-04   -0.20065E-02    0.48899E-02    0.12136E-01   -0.70310E-02    0.22729E-03   -0.31298E-02   -0.17084E-02    0.62927E-02    0.45975E-02   -0.28262E-02    0.99836E-02   -0.10484E-01   -0.12033E-01   -0.18033E-01   -0.10700E-02   -0.14843E-01   -0.98073E-02   -0.39381E-02   -0.41247E-03   -0.31645E-03    0.21327E-02    0.13611E-01
    0.68076E-10    0.20375E-08   -0.17490E-09   -0.20088E-07   -0.29619E-07   -0.50237E-08    0.55862E-07    0.12358E-06    0.67001E-03    0.19715E-03    0.69706E-04   -0.12552E-03   -0.36410E-04   -0.55164E-06    0.12363E-05   -0.24078E-05    0.16236E-05    0.15610E-06    0.97781E-08    0.80111E-06    0.23014E-04   -0.17975E-04   -0.95541E-05    0.11285E-05   -0.60664E-06   -0.78125E-06    0.45664E-05    0.33229E-05    0.32624E-05   -0.16484E-07    0.27533E-05    0.24112E-05   -0.28625E-05   -0.15228E-05    0.43153E-05    0.32646E-06    0.42901E-05    0.27301E-05    0.22366E-05   -0.43914E-05   -0.99490E-07
   -0.64736E-09    0.10957E-07    0.54441E-08   -0.64020E-07   -0.34712E-06   -0.77463E-06    0.18755E-06    0.39287E-05   -0.18448E-03    0.31231E-02   -0.45451E-02   -0.83653E-03    0.19212E-02    0.37816E-04   -0.27031E-04    0.83459E-04   -0.22778E-04    0.97781E-08    0.16474E-05   -0.36420E-05   -0.52130E-04    0.63046E-04    0.32236E-04   -0.34073E-05   -0.17833E-04    0.26470E-04    0.18597E-03   -0.24914E-04    0.14616E-04    0.17899E-04    0.21588E-04   -0.19145E-03   -0.15193E-04   -0.31263E-04    0.75535E-05   -0.25882E-04    0.12028E-04    0.24053E-04   -0.41391E-04   -0.59027E-04    0.16116E-04
    0.16569E-06    0.54230E-07   -0.15389E-06   -0.36302E-04    0.95978E-04    0.11625E-03   -0.60612E-04   -0.40521E-03   -0.48023E+00    0.14463E+01    0.36678E+00    0.15497E-01   -0.20592E+00   -0.38054E-01    0.35135E-02   -0.32504E-05   -0.20065E-02    0.80111E-06   -0.36420E-05    0.83245E-01    0.13875E-01    0.27509E-02    0.20269E-02    0.18971E-03    0.10303E-02   -0.43977E-02   -0.58342E-02   -0.76803E-04    0.27611E-02    0.22249E-02   -0.19810E-02   -0.52813E-02   -0.37550E-02    0.11551E-02    0.44091E-03    0.33811E-03   -0.94202E-02    0.14555E-02   -0.11582E-02    0.21570E-02    0.21824E-02
   -0.10011E-04    0.22617E-04   -0.30175E-05   -0.51269E-03   -0.35416E-02   -0.36993E-02   -0.17478E-02    0.73252E-02   -0.15067E+02   -0.12104E+02   -0.11641E+02   -0.59663E+00   -0.65262E+00   -0.85867E-01   -0.13895E-01   -0.21332E-01    0.48899E-02    0.23014E-04   -0.52130E-04    0.13875E-01    0.82484E+01    0.38766E-01   -0.67068E-02    0.42244E-01    0.17972E-01    0.26088E-01    0.22458E-01   -0.23345E-01   -0.11246E-01   -0.11559E-01   -0.67824E-02   -0.16805E-01   -0.15020E-01   -0.38881E-01    0.31269E-01    0.51655E-02    0.97849E-02   -0.10112E-01   -0.26639E-01   -0.43543E-02    0.13901E-01
   -0.26706E-05    0.59871E-04   -0.27480E-05    0.33274E-03    0.93550E-04   -0.40663E-03    0.16931E-02    0.40368E-03    0.93724E+01    0.15416E+01    0.15969E+01   -0.10775E+01   -0.64649E+00    0.11827E+00    0.11552E-01   -0.21771E-01    0.12136E-01   -0.17975E-04    0.63046E-04    0.27509E-02    0.38766E-01    0.71763E+00   -0.10833E+00    0.68883E-02    0.22752E-01    0.24215E-01    0.17478E+00   -0.47896E-01   -0.50050E-01   -0.14745E-01   -0.64654E-01    0.24028E-01    0.36443E-01   -0.38590E-01   -0.47406E-01   -0.13114E+00    0.15595E+00    0.25074E-01   -0.14008E-01    0.34601E-01    0.76628E-01
   -0.66474E-05   -0.29910E-04   -0.21493E-05    0.69419E-04   -0.52870E-05   -0.27852E-04    0.31479E-03   -0.11205E-03   -0.94570E+01    0.68215E+00    0.11604E+01   -0.54509E+00   -0.52323E+00    0.90182E-01    0.48174E-02   -0.73710E-02   -0.70310E-02   -0.95541E-05    0.32236E-04    0.20269E-02   -0.67068E-02   -0.10833E+00    0.93605E+00   -0.99710E-03   -0.26272E-02   -0.38218E-02   -0.13759E+00    0.18667E+00    0.56751E-01   -0.18183E-01    0.39123E-01   -0.13374E+00    0.16457E-01    0.29498E-01    0.15231E-01    0.17550E+00   -0.22284E+00    0.41259E-01    0.10355E+00    0.95726E-02   -0.21904E+00
    0.68419E-06   -0.34128E-04   -0.47994E-05    0.10260E-03   -0.72703E-04   -0.10765E-03    0.15494E-03   -0.72516E-04   -0.48882E+00    0.26607E+00   -0.79702E-01   -0.10879E+00    0.28182E-01    0.84397E-02    0.80451E-03    0.20185E-02    0.22729E-03    0.11285E-05   -0.34073E-05    0.18971E-03    0.42244E-01    0.68883E-02   -0.99710E-03    0.97766E+00   -0.55882E-02    0.91686E-02   -0.43743E-01   -0.23945E-01    0.15081E+00   -0.13707E-01    0.73451E-01   -0.10219E-02    0.31232E-01   -0.18923E-01   -0.27669E-01    0.11832E+00   -0.46734E-01    0.20511E-01    0.16083E-01   -0.16919E+00    0.86457E-01
   -0.29334E-06    0.26640E-04    0.36886E-05   -0.15298E-03   -0.97143E-04   -0.29813E-04   -0.19507E-03    0.34914E-03    0.28127E+00    0.13289E+00   -0.20029E-01   -0.43498E-01   -0.46505E-01    0.10415E-01   -0.18275E-03    0.33432E-02   -0.31298E-02   -0.60664E-06   -0.17833E-04    0.10303E-02    0.17972E-01    0.22752E-01   -0.26272E-02   -0.55882E-02    0.10065E+01    0.18631E-01    0.63444E-01   -0.89770E-01    0.76719E-01   -0.95638E-01    0.59722E-01    0.77777E-01    0.10054E+00    0.49051E-01    0.14464E+00   -0.10721E+00    0.98707E-01    0.38603E-01   -0.18141E-02   -0.12367E+00    0.49170E-01
    0.20062E-05   -0.17562E-04   -0.87331E-05    0.16602E-03    0.25329E-04   -0.70274E-04    0.34881E-03    0.18876E-03   -0.57050E-01   -0.92828E-01    0.18424E-01   -0.78696E-01   -0.22545E-01    0.12697E-01   -0.55288E-03    0.19036E-02   -0.17084E-02   -0.78125E-06    0.26470E-04   -0.43977E-02    0.26088E-01    0.24215E-01   -0.38218E-02    0.91686E-02    0.18631E-01    0.98405E+00    0.38323E-01    0.45766E-01   -0.45903E-01    0.50077E-01    0.70625E-01    0.73561E-01   -0.63393E-01   -0.87700E-01    0.38377E-01    0.37909E-01    0.10050E+00   -0.68669E-01    0.85199E-01   -0.85139E-02    0.41446E-02
    0.26225E-05   -0.70209E-06    0.50488E-06    0.24862E-03    0.39876E-03    0.73333E-04    0.82954E-03    0.10366E-02   -0.11160E+01   -0.19668E+01    0.13942E+01    0.70638E+00   -0.53934E+00   -0.80206E-01    0.81619E-02   -0.27549E-01    0.62927E-02    0.45664E-05    0.18597E-03   -0.58342E-02    0.22458E-01    0.17478E+00   -0.13759E+00   -0.43743E-01    0.63444E-01    0.38323E-01    0.86777E+00   -0.16282E-01   -0.54907E-02   -0.38746E-01   -0.56264E-02    0.13921E-01    0.12183E+00   -0.11189E+00    0.17617E-01   -0.61771E-01    0.65277E+00    0.23849E+00   -0.58620E-01   -0.65532E-01    0.62742E-01
   -0.82785E-05   -0.92959E-05   -0.15709E-04   -0.24815E-05    0.16159E-03    0.30079E-03   -0.10130E-04   -0.27152E-03   -0.51964E+01   -0.72580E+00    0.37766E+00    0.15654E+00   -0.14219E+00    0.44293E-01    0.14493E-03   -0.69142E-02    0.45975E-02    0.33229E-05   -0.24914E-04   -0.76803E-04   -0.23345E-01   -0.47896E-01    0.18667E+00   -0.23945E-01   -0.89770E-01    0.45766E-01   -0.16282E-01    0.97657E+00    0.91184E-02    0.42572E-02   -0.45414E-02    0.35489E-01   -0.11940E-01   -0.58249E-01   -0.74905E-02    0.15192E+00   -0.89997E-01    0.25064E+00    0.75935E+00    0.28197E+00   -0.18714E+00
   -0.45346E-06    0.80289E-05   -0.87597E-05   -0.90083E-04   -0.16622E-03   -0.42442E-04   -0.21708E-03    0.25984E-03    0.12868E+00   -0.60461E-01   -0.41914E+00    0.14306E+00    0.17868E+00   -0.36489E-01    0.40828E-04    0.43591E-02   -0.28262E-02    0.32624E-05    0.14616E-04    0.27611E-02   -0.11246E-01   -0.50050E-01    0.56751E-01    0.15081E+00    0.76719E-01   -0.45903E-01   -0.54907E-02    0.91184E-02    0.98282E+00    0.87869E-02    0.48567E-03    0.76721E-01   -0.64157E-01    0.12294E+00    0.14528E+00   -0.12786E+00   -0.19528E+00    0.61987E+00    0.14121E+00   -0.60990E+00    0.18153E+00
   -0.18134E-05    0.81137E-05    0.88574E-06    0.12118E-03   -0.44487E-04   -0.74233E-04    0.25756E-03   -0.80612E-03    0.14316E+01    0.26641E-01   -0.29021E+00    0.13333E+00    0.27205E+00   -0.10596E+00   -0.29300E-02   -0.70798E-04    0.99836E-02   -0.16484E-07    0.17899E-04    0.22249E-02   -0.11559E-01   -0.14745E-01   -0.18183E-01   -0.13707E-01   -0.95638E-01    0.50077E-01   -0.38746E-01    0.42572E-02    0.87869E-02    0.99140E+00   -0.95587E-02   -0.10074E-02   -0.86690E-01   -0.13974E+00   -0.20723E-01   -0.10609E+00   -0.86653E-01    0.86076E-01   -0.34222E-01    0.31305E+00    0.66634E+00
    0.38863E-05   -0.15705E-05    0.79230E-05   -0.10996E-03   -0.68391E-04    0.19206E-04   -0.21143E-03   -0.33855E-03   -0.24837E+00   -0.10233E+00    0.63300E+00    0.14143E-01   -0.31522E+00   -0.61097E-01   -0.16287E-02   -0.33719E-02   -0.10484E-01    0.27533E-05    0.21588E-04   -0.19810E-02   -0.67824E-02   -0.64654E-01    0.39123E-01    0.73451E-01    0.59722E-01    0.70625E-01   -0.56264E-02   -0.45414E-02    0.48567E-03   -0.95587E-02    0.98444E+00   -0.77476E-01    0.92690E-01    0.31995E-01    0.15753E+00    0.16235E-01    0.10843E+00   -0.55427E+00    0.38251E+00   -0.34485E+00    0.21858E+00
   -0.38948E-05    0.21999E-04    0.20413E-05   -0.25573E-03   -0.24939E-03   -0.27694E-03   -0.44587E-03   -0.10783E-03    0.18662E+01    0.97678E+00   -0.15860E+01   -0.21980E+00    0.64316E+00   -0.28909E-01   -0.10561E-01    0.30701E-01   -0.12033E-01    0.24112E-05   -0.19145E-03   -0.52813E-02   -0.16805E-01    0.24028E-01   -0.13374E+00   -0.10219E-02    0.77777E-01    0.73561E-01    0.13921E-01    0.35489E-01    0.76721E-01   -0.10074E-02   -0.77476E-01    0.91449E+00   -0.23679E-01   -0.14642E-01   -0.11725E-01   -0.12558E-01    0.58889E+00    0.16499E+00    0.11386E+00    0.60068E-01   -0.73617E-01
   -0.19920E-06    0.97189E-06   -0.46857E-06    0.12267E-04    0.87717E-05    0.61379E-04    0.61694E-04   -0.64278E-03   -0.13652E+00    0.39233E-01    0.90947E+00   -0.17280E+00   -0.56744E+00    0.96956E-02   -0.69125E-03   -0.27736E-02   -0.18033E-01   -0.28625E-05   -0.15193E-04   -0.37550E-02   -0.15020E-01    0.36443E-01    0.16457E-01    0.31232E-01    0.10054E+00   -0.63393E-01    0.12183E+00   -0.11940E-01   -0.64157E-01   -0.86690E-01    0.92690E-01   -0.23679E-01    0.98449E+00   -0.10923E-02   -0.20570E-01   -0.84570E-02    0.87426E-01    0.14109E+00   -0.15046E-01    0.14713E+00    0.15484E+00
   -0.70544E-06    0.15466E-05    0.11135E-05   -0.16519E-03   -0.89946E-04   -0.40219E-04   -0.36032E-03   -0.23619E-03   -0.16397E+00    0.44533E+00   -0.36607E+00   -0.97518E-01    0.14091E+00    0.96115E-02   -0.20778E-02    0.65225E-02   -0.10700E-02   -0.15228E-05   -0.31263E-04    0.11551E-02   -0.38881E-01   -0.38590E-01    0.29498E-01   -0.18923E-01    0.49051E-01   -0.87700E-01   -0.11189E+00   -0.58249E-01    0.12294E+00   -0.13974E+00    0.31995E-01   -0.14642E-01   -0.10923E-02    0.97378E+00   -0.72855E-02    0.11375E-01   -0.12680E+00    0.29544E-01    0.15175E+00    0.31361E-01   -0.64330E-01
    0.19069E-05   -0.17803E-04    0.18334E-05   -0.25632E-04    0.30478E-04    0.85849E-04   -0.16900E-03    0.16063E-03   -0.20102E+00   -0.16511E+00    0.60286E+00   -0.15052E-01   -0.38369E+00   -0.25924E-01   -0.24366E-02    0.98612E-03   -0.14843E-01    0.43153E-05    0.75535E-05    0.44091E-03    0.31269E-01   -0.47406E-01    0.15231E-01   -0.27669E-01    0.14464E+00    0.38377E-01    0.17617E-01   -0.74905E-02    0.14528E+00   -0.20723E-01    0.15753E+00   -0.11725E-01   -0.20570E-01   -0.72855E-02    0.10114E+01   -0.31495E-02   -0.11727E-01    0.27291E-01    0.13100E+00   -0.25627E+00    0.11394E+00
   -0.19220E-05   -0.33746E-04   -0.52435E-05   -0.94662E-04   -0.34216E-04   -0.88056E-04   -0.37347E-03    0.11733E-02   -0.34981E+01   -0.16542E+00    0.24358E+00    0.73087E-01   -0.14495E+00    0.34185E-01   -0.53261E-03    0.28592E-02   -0.98073E-02    0.32646E-06   -0.25882E-04    0.33811E-03    0.51655E-02   -0.13114E+00    0.17550E+00    0.11832E+00   -0.10721E+00    0.37909E-01   -0.61771E-01    0.15192E+00   -0.12786E+00   -0.10609E+00    0.16235E-01   -0.12558E-01   -0.84570E-02    0.11375E-01   -0.31495E-02    0.10197E+01   -0.46538E-01   -0.49514E-01    0.28959E-01    0.17094E+00   -0.11458E+00
    0.11497E-05    0.11082E-04    0.72463E-05    0.12886E-04    0.14677E-03   -0.14930E-03    0.32693E-03    0.63445E-03    0.89889E+00   -0.73612E+00    0.83654E-01    0.32561E+00   -0.23945E-01   -0.80400E-01   -0.77567E-03   -0.10177E-02   -0.39381E-02    0.42901E-05    0.12028E-04   -0.94202E-02    0.97849E-02    0.15595E+00   -0.22284E+00   -0.46734E-01    0.98707E-01    0.10050E+00    0.65277E+00   -0.89997E-01   -0.19528E+00   -0.86653E-01    0.10843E+00    0.58889E+00    0.87426E-01   -0.12680E+00   -0.11727E-01   -0.46538E-01    0.96656E+00   -0.18116E-01   -0.19189E-02   -0.19500E-02   -0.25013E-01
   -0.41319E-05    0.10848E-04   -0.14848E-04    0.65276E-04    0.41208E-04    0.51918E-04    0.19853E-03    0.27410E-03   -0.16072E+01   -0.59274E+00    0.51010E-02    0.25636E+00   -0.88108E-02   -0.71030E-02    0.10365E-02   -0.14981E-02   -0.41247E-03    0.27301E-05    0.24053E-04    0.14555E-02   -0.10112E-01    0.25074E-01    0.41259E-01    0.20511E-01    0.38603E-01   -0.68669E-01    0.23849E+00    0.25064E+00    0.61987E+00    0.86076E-01   -0.55427E+00    0.16499E+00    0.14109E+00    0.29544E-01    0.27291E-01   -0.49514E-01   -0.18116E-01    0.96981E+00   -0.28183E-02    0.78028E-02   -0.28212E-02
   -0.70387E-05    0.12493E-05   -0.12518E-04   -0.13699E-03    0.41151E-04    0.21843E-03   -0.22943E-03   -0.33655E-03   -0.25666E+01   -0.15407E+00    0.32417E+00   -0.23433E-01   -0.13035E+00   -0.71727E-02   -0.40013E-02    0.34962E-04   -0.31645E-03    0.22366E-05   -0.41391E-04   -0.11582E-02   -0.26639E-01   -0.14008E-01    0.10355E+00    0.16083E-01   -0.18141E-02    0.85199E-01   -0.58620E-01    0.75935E+00    0.14121E+00   -0.34222E-01    0.38251E+00    0.11386E+00   -0.15046E-01    0.15175E+00    0.13100E+00    0.28959E-01   -0.19189E-02   -0.28183E-02    0.98228E+00   -0.15739E-01    0.83807E-02
   -0.56224E-05    0.20899E-05   -0.41735E-05    0.70105E-04    0.73443E-04    0.69728E-04    0.16733E-03   -0.74476E-03   -0.74854E+00    0.30690E+00    0.18980E+00   -0.15798E+00   -0.60142E-01    0.17702E-01   -0.48106E-02    0.29198E-02    0.21327E-02   -0.43914E-05   -0.59027E-04    0.21570E-02   -0.43543E-02    0.34601E-01    0.95726E-02   -0.16919E+00   -0.12367E+00   -0.85139E-02   -0.65532E-01    0.28197E+00   -0.60990E+00    0.31305E+00   -0.34485E+00    0.60068E-01    0.14713E+00    0.31361E-01   -0.25627E+00    0.17094E+00   -0.19500E-02    0.78028E-02   -0.15739E-01    0.98425E+00    0.43497E-02
    0.17704E-05    0.81987E-05    0.31476E-05    0.18622E-03   -0.79557E-04   -0.14617E-03    0.42891E-03   -0.30087E-03    0.45503E+01    0.87132E-01   -0.36831E+00    0.18901E+00    0.29846E+00   -0.98633E-01   -0.20227E-02   -0.28908E-02    0.13611E-01   -0.99490E-07    0.16116E-04    0.21824E-02    0.13901E-01    0.76628E-01   -0.21904E+00    0.86457E-01    0.49170E-01    0.41446E-02    0.62742E-01   -0.18714E+00    0.18153E+00    0.66634E+00    0.21858E+00   -0.73617E-01    0.15484E+00   -0.64330E-01    0.11394E+00   -0.11458E+00   -0.25013E-01   -0.28212E-02    0.83807E-02    0.43497E-02    0.97223E+00
