# omegabh2 omegach2 theta tau omegak mnu ns logA aps100 aps143 aps217 acib143 acib217 asz143 psr cibr ncib cal0 cal2 xi aksz bm_1_1 bm_1_2 bm_1_3 bm_1_4 bm_1_5 bm_2_1 bm_2_2 bm_2_3 bm_2_4 bm_2_5 bm_3_1 bm_3_2 bm_3_3 bm_3_4 bm_3_5 bm_4_1 bm_4_2 bm_4_3 bm_4_4 bm_4_5
    0.12445E-06   -0.65212E-06    0.14034E-06    0.80212E-06   -0.22429E-05   -0.49279E-04    0.21225E-05    0.61476E-06   -0.27277E-02   -0.10452E-02   -0.22325E-03   -0.24449E-03   -0.36471E-03    0.43967E-04    0.31203E-06   -0.73201E-05   -0.27005E-05    0.81191E-09   -0.17669E-07    0.38455E-05   -0.14347E-03   -0.16574E-04   -0.72013E-05    0.47376E-05    0.12399E-04    0.58783E-05    0.33622E-05    0.10478E-05    0.46999E-05   -0.45359E-05   -0.53715E-05   -0.85687E-05   -0.68534E-05    0.62033E-05    0.43781E-05   -0.89866E-06   -0.44789E-05    0.31628E-05   -0.27281E-05   -0.97529E-05   -0.29386E-05
   -0.65212E-06    0.84121E-05   -0.10818E-05   -0.92608E-05    0.18444E-04    0.26691E-03   -0.21038E-04   -0.41619E-06    0.11075E-01    0.59399E-02    0.27950E-02    0.56779E-03    0.10168E-02   -0.24469E-03   -0.29768E-05    0.15958E-04    0.40411E-05   -0.82730E-08    0.10928E-06   -0.14940E-04    0.57780E-03    0.18235E-03   -0.27889E-04   -0.50183E-04   -0.91449E-05   -0.50919E-04    0.15709E-04   -0.21796E-04   -0.60155E-04   -0.84057E-05    0.57452E-04    0.43413E-04    0.10192E-03    0.46270E-04    0.19787E-04   -0.98269E-05    0.60065E-04   -0.36861E-04    0.25261E-04    0.83137E-04    0.47676E-04
    0.14034E-06   -0.10818E-05    0.49865E-06    0.12346E-05   -0.21728E-05   -0.74478E-04    0.34695E-05    0.76779E-06   -0.15280E-02   -0.91845E-03   -0.40650E-03   -0.12854E-03   -0.25821E-03    0.17182E-05   -0.25353E-05   -0.77059E-05   -0.29563E-05   -0.48025E-08   -0.25897E-07    0.26641E-06   -0.10838E-03   -0.12476E-04    0.15711E-04    0.18782E-04    0.27865E-04    0.69169E-05    0.36222E-05   -0.70087E-05    0.26063E-05   -0.38007E-04   -0.96786E-05    0.60880E-06   -0.56626E-05    0.13545E-04   -0.78077E-06    0.37547E-05    0.28292E-05    0.24827E-05   -0.10606E-04   -0.19329E-04   -0.26686E-04
    0.80212E-06   -0.92608E-05    0.12346E-05    0.16764E-03    0.62269E-04    0.28166E-04    0.29526E-04    0.31196E-03   -0.26521E-01   -0.65503E-02    0.99542E-03   -0.24562E-02   -0.39389E-02    0.43368E-03    0.15483E-04   -0.65353E-04   -0.17568E-04   -0.79495E-07   -0.47624E-06    0.56682E-04   -0.12358E-02   -0.25748E-03   -0.57983E-04   -0.15897E-03   -0.48821E-04    0.43838E-03   -0.28852E-04    0.18978E-03   -0.47462E-03   -0.84622E-04    0.18325E-03   -0.76272E-04    0.29206E-04   -0.35723E-04   -0.29069E-03    0.17100E-03    0.50887E-04   -0.34058E-03    0.99397E-04    0.35435E-03   -0.18712E-03
   -0.22429E-05    0.18444E-04   -0.21728E-05    0.62269E-04    0.10062E-02   -0.29218E-02   -0.52011E-04    0.16461E-03    0.16875E+00    0.27786E-01   -0.20356E-01    0.15536E-01    0.22793E-01   -0.45429E-03   -0.40320E-04    0.88998E-03    0.10989E-03    0.53033E-07    0.12171E-05   -0.85936E-04    0.64633E-02    0.56155E-04    0.92848E-04    0.23705E-03    0.23339E-03   -0.70521E-03   -0.50495E-03   -0.38514E-03   -0.74490E-03    0.54592E-03    0.11249E-02    0.39834E-03    0.80109E-03   -0.50155E-03   -0.53622E-03   -0.29593E-03    0.25243E-03   -0.11075E-02   -0.35720E-04    0.53634E-03    0.57000E-03
   -0.49279E-04    0.26691E-03   -0.74478E-04    0.28166E-04   -0.29218E-02    0.96144E-01   -0.11472E-02    0.18640E-03    0.10042E+01    0.43814E+00    0.14122E+00    0.95510E-01    0.13050E+00   -0.81993E-03   -0.76857E-03    0.96729E-03   -0.44754E-03    0.84832E-06    0.77407E-05   -0.54190E-02    0.68564E-01    0.64604E-02    0.18166E-03   -0.15709E-02    0.11515E-02    0.99033E-02    0.58555E-02    0.66062E-03   -0.18795E-03   -0.74290E-02    0.11077E-02    0.46011E-02    0.59687E-02    0.16996E-02    0.43606E-03    0.16532E-02    0.70170E-02    0.45783E-02    0.36140E-02    0.26217E-02   -0.54903E-02
    0.21225E-05   -0.21038E-04    0.34695E-05    0.29526E-04   -0.52011E-04   -0.11472E-02    0.76721E-04    0.15857E-04   -0.86676E-01   -0.18004E-01    0.54548E-02   -0.87476E-02   -0.11487E-01    0.64798E-03    0.38682E-04   -0.29693E-03   -0.51363E-04   -0.83883E-07   -0.44437E-06    0.12866E-03   -0.48717E-02   -0.23777E-03    0.70733E-04    0.29397E-04    0.19538E-03    0.23296E-03    0.21971E-03    0.34049E-04    0.63074E-04   -0.83516E-04   -0.16919E-03   -0.13970E-03   -0.19174E-03   -0.19173E-03    0.14212E-03    0.12346E-04    0.43560E-04    0.11666E-03   -0.13584E-03   -0.25917E-03   -0.12048E-03
    0.61476E-06   -0.41619E-06    0.76779E-06    0.31196E-03    0.16461E-03    0.18640E-03    0.15857E-04    0.62649E-03   -0.54699E-01    0.30154E-02    0.15449E-01   -0.81236E-02   -0.98037E-02   -0.61903E-03    0.45185E-04   -0.28925E-03   -0.81510E-05   -0.12631E-06   -0.46183E-06    0.13459E-03   -0.30408E-02    0.51858E-03   -0.50397E-04   -0.43843E-03   -0.90686E-04    0.74429E-03    0.31780E-03    0.48961E-03   -0.11493E-02   -0.23189E-03    0.44231E-03   -0.65451E-04    0.34934E-03    0.11577E-03   -0.59468E-03    0.20773E-03    0.47733E-03   -0.66540E-03    0.38760E-03    0.97896E-03   -0.27297E-03
   -0.27277E-02    0.11075E-01   -0.15280E-02   -0.26521E-01    0.16875E+00    0.10042E+01   -0.86676E-01   -0.54699E-01    0.25850E+04    0.86993E+02   -0.12830E+03    0.10488E+03    0.97234E+02   -0.74697E+02   -0.89298E+00   -0.34560E+00    0.14966E+01    0.11028E-02    0.53786E-04   -0.64671E+00   -0.11856E+02    0.10048E+02   -0.96726E+01   -0.78920E+00    0.13595E+01   -0.54985E+00    0.10228E+01   -0.53375E+01   -0.10369E+01   -0.13178E+01   -0.10333E+00    0.83801E+00    0.80521E+00   -0.16435E+00   -0.73485E+00   -0.51294E+01    0.23048E+01   -0.22149E+01   -0.21157E+01   -0.12622E+01    0.27353E+01
   -0.10452E-02    0.59399E-02   -0.91845E-03   -0.65503E-02    0.27786E-01    0.43814E+00   -0.18004E-01    0.30154E-02    0.86993E+02    0.17677E+03    0.48743E+02   -0.27804E+02   -0.58705E+01   -0.76344E+01   -0.31045E+00   -0.88498E-01   -0.17641E+00    0.11092E-03    0.30773E-02    0.10397E+01   -0.11586E+02    0.85009E+00    0.32385E+00   -0.71756E-01   -0.10711E+00   -0.72320E-01   -0.18063E+01   -0.39198E+00   -0.20863E+00    0.87878E-01    0.25274E-02    0.13047E+01   -0.14169E-01    0.28792E+00   -0.44905E+00    0.49421E-01   -0.39725E+00   -0.55866E+00    0.31340E-01    0.55447E+00   -0.15282E+00
   -0.22325E-03    0.27950E-02   -0.40650E-03    0.99542E-03   -0.20356E-01    0.14122E+00    0.54548E-02    0.15449E-01   -0.12830E+03    0.48743E+02    0.19546E+03   -0.25790E+02   -0.65625E+02    0.55084E+01   -0.98635E-01   -0.80729E+00   -0.10782E+01    0.80484E-04   -0.44291E-02    0.45529E+00   -0.11423E+02    0.12850E+01    0.70069E+00   -0.40328E-01   -0.47324E+00    0.31785E+00    0.86098E+00    0.40165E+00   -0.14348E+00   -0.97227E-01   -0.91714E-01   -0.11814E+01    0.65392E+00   -0.39282E+00    0.17141E+00    0.53255E+00   -0.20715E+00    0.38536E+00    0.11586E-01    0.32431E+00   -0.41620E+00
   -0.24449E-03    0.56779E-03   -0.12854E-03   -0.24562E-02    0.15536E-01    0.95510E-01   -0.87476E-02   -0.81236E-02    0.10488E+03   -0.27804E+02   -0.25790E+02    0.23017E+02    0.14797E+02   -0.29904E+01    0.36425E-01    0.12714E+00    0.22742E+00   -0.50121E-04   -0.99418E-03    0.18807E-01   -0.31583E+00   -0.86958E+00   -0.44873E+00   -0.37431E-01    0.18771E-01   -0.74171E-01    0.90204E+00    0.17081E+00   -0.53914E-01   -0.63548E-01    0.12643E+00   -0.41691E+00   -0.15978E-01   -0.10949E+00    0.48043E-01   -0.73721E-01    0.40947E+00    0.13171E+00    0.84786E-01   -0.12741E+00    0.12398E+00
   -0.36471E-03    0.10168E-02   -0.25821E-03   -0.39389E-02    0.22793E-01    0.13050E+00   -0.11487E-01   -0.98037E-02    0.97234E+02   -0.58705E+01   -0.65625E+02    0.14797E+02    0.31231E+02   -0.30068E+01    0.83216E-01    0.34274E+00    0.53363E+00   -0.19347E-04    0.17681E-02   -0.22406E+00   -0.29491E+00   -0.60074E+00   -0.36762E+00   -0.10471E-01    0.63069E-01   -0.19013E+00   -0.34012E+00   -0.53045E-01    0.49504E-01    0.19568E+00   -0.30217E-01    0.46603E+00   -0.40538E+00    0.14530E+00   -0.22713E+00   -0.30600E+00    0.56153E-01   -0.11381E+00    0.43620E-01   -0.19704E-01    0.26406E+00
    0.43967E-04   -0.24469E-03    0.17182E-05    0.43368E-03   -0.45429E-03   -0.81993E-03    0.64798E-03   -0.61903E-03   -0.74697E+02   -0.76344E+01    0.55084E+01   -0.29904E+01   -0.30068E+01    0.76293E+01    0.49171E-01    0.27592E+00   -0.14656E+00    0.18238E-05   -0.16209E-03    0.57311E-02   -0.17854E+00    0.18798E+00    0.14967E+00    0.26488E-01   -0.31920E-01   -0.14993E-02   -0.11492E+00    0.40301E-01    0.33294E-01    0.66925E-01   -0.41379E-01   -0.86233E-01    0.30276E-02   -0.64322E-02   -0.28871E-01    0.53322E-01   -0.16859E+00    0.36384E-01   -0.33372E-01    0.42821E-01   -0.15374E-01
    0.31203E-06   -0.29768E-05   -0.25353E-05    0.15483E-04   -0.40320E-04   -0.76857E-03    0.38682E-04    0.45185E-04   -0.89298E+00   -0.31045E+00   -0.98635E-01    0.36425E-01    0.83216E-01    0.49171E-01    0.76188E-02   -0.56954E-02    0.74838E-02    0.34465E-06   -0.24393E-04    0.38666E-02   -0.89360E-02    0.64974E-02    0.45022E-02    0.19003E-02   -0.18639E-02   -0.82052E-03    0.37589E-02    0.20062E-02    0.22718E-03   -0.40959E-03    0.15341E-02   -0.10552E-01   -0.13906E-02   -0.20317E-02   -0.80633E-03   -0.97650E-03   -0.38229E-02   -0.11235E-02   -0.19116E-02   -0.48631E-02   -0.70155E-03
   -0.73201E-05    0.15958E-04   -0.77059E-05   -0.65353E-04    0.88998E-03    0.96729E-03   -0.29693E-03   -0.28925E-03   -0.34560E+00   -0.88498E-01   -0.80729E+00    0.12714E+00    0.34274E+00    0.27592E+00   -0.56954E-02    0.48566E-01   -0.11216E-01   -0.42792E-05    0.71224E-04    0.66533E-03   -0.30715E-01   -0.14990E-01   -0.31264E-02   -0.45297E-02   -0.44353E-02   -0.76244E-02   -0.37075E-01   -0.71513E-02    0.13934E-01    0.20498E-01   -0.90384E-03    0.30107E-01   -0.66464E-02    0.30235E-02   -0.42775E-02   -0.25597E-02   -0.11481E-01    0.21293E-02   -0.85393E-03    0.53524E-02    0.92938E-02
   -0.27005E-05    0.40411E-05   -0.29563E-05   -0.17568E-04    0.10989E-03   -0.44754E-03   -0.51363E-04   -0.81510E-05    0.14966E+01   -0.17641E+00   -0.10782E+01    0.22742E+00    0.53363E+00   -0.14656E+00    0.74838E-02   -0.11216E-01    0.21707E-01    0.34235E-06   -0.15824E-04   -0.26002E-02    0.39440E-02    0.21727E-02   -0.86542E-02    0.82725E-04   -0.38247E-02   -0.30384E-02    0.25509E-02    0.52310E-02   -0.17774E-02    0.10124E-01   -0.50223E-02   -0.11440E-01   -0.18526E-01   -0.13409E-02   -0.10975E-01   -0.14278E-01   -0.56654E-02   -0.36891E-02    0.20928E-02   -0.10029E-02    0.14810E-01
    0.81191E-09   -0.82730E-08   -0.48025E-08   -0.79495E-07    0.53033E-07    0.84832E-06   -0.83883E-07   -0.12631E-06    0.11028E-02    0.11092E-03    0.80484E-04   -0.50121E-04   -0.19347E-04    0.18238E-05    0.34465E-06   -0.42792E-05    0.34235E-06    0.15201E-06    0.17528E-07   -0.10798E-05    0.18067E-04   -0.26115E-04   -0.11938E-04    0.83898E-05    0.24226E-05    0.69759E-05    0.13767E-04    0.68006E-05   -0.46124E-05   -0.27685E-05   -0.24552E-05   -0.27964E-05    0.31048E-06    0.41222E-05    0.25162E-05    0.84630E-05    0.80477E-05    0.41100E-05    0.49755E-05    0.55263E-05    0.25682E-05
   -0.17669E-07    0.10928E-06   -0.25897E-07   -0.47624E-06    0.12171E-05    0.77407E-05   -0.44437E-06   -0.46183E-06    0.53786E-04    0.30773E-02   -0.44291E-02   -0.99418E-03    0.17681E-02   -0.16209E-03   -0.24393E-04    0.71224E-04   -0.15824E-04    0.17528E-07    0.16563E-05   -0.19104E-04    0.18219E-04    0.89669E-04    0.26935E-04   -0.27341E-04    0.15066E-04   -0.40774E-05    0.24212E-03    0.86439E-05   -0.24915E-04   -0.11559E-04    0.29877E-04   -0.19959E-03    0.11976E-04    0.42226E-05   -0.75141E-05   -0.23431E-04    0.51598E-04    0.29049E-04   -0.15629E-04   -0.18920E-04   -0.12002E-04
    0.38455E-05   -0.14940E-04    0.26641E-06    0.56682E-04   -0.85936E-04   -0.54190E-02    0.12866E-03    0.13459E-03   -0.64671E+00    0.10397E+01    0.45529E+00    0.18807E-01   -0.22406E+00    0.57311E-02    0.38666E-02    0.66533E-03   -0.26002E-02   -0.10798E-05   -0.19104E-04    0.81988E-01   -0.84640E-02    0.36891E-02    0.31411E-03    0.21753E-02   -0.28871E-02   -0.17740E-03   -0.38687E-02    0.70831E-02   -0.64178E-02    0.53685E-02    0.31134E-02   -0.36874E-02   -0.39826E-02   -0.28444E-02   -0.21429E-02   -0.75308E-03   -0.43558E-02   -0.49982E-02    0.39567E-02    0.85107E-02    0.88876E-04
   -0.14347E-03    0.57780E-03   -0.10838E-03   -0.12358E-02    0.64633E-02    0.68564E-01   -0.48717E-02   -0.30408E-02   -0.11856E+02   -0.11586E+02   -0.11423E+02   -0.31583E+00   -0.29491E+00   -0.17854E+00   -0.89360E-02   -0.30715E-01    0.39440E-02    0.18067E-04    0.18219E-04   -0.84640E-02    0.78970E+01    0.38981E-01    0.40145E-01    0.41685E-01    0.42697E-01    0.14497E-01    0.44574E-01   -0.75743E-01   -0.30933E-01   -0.59738E-01    0.82131E-01   -0.56180E-01    0.68738E-02   -0.42070E-01    0.17341E-01    0.34502E-01    0.32035E-01   -0.92782E-01   -0.21984E-01   -0.76019E-01   -0.52692E-03
   -0.16574E-04    0.18235E-03   -0.12476E-04   -0.25748E-03    0.56155E-04    0.64604E-02   -0.23777E-03    0.51858E-03    0.10048E+02    0.85009E+00    0.12850E+01   -0.86958E+00   -0.60074E+00    0.18798E+00    0.64974E-02   -0.14990E-01    0.21727E-02   -0.26115E-04    0.89669E-04    0.36891E-02    0.38981E-01    0.70099E+00   -0.11379E+00   -0.31396E-01    0.43889E-01    0.12764E-01    0.19341E+00   -0.50508E-01   -0.40822E-01   -0.20711E-01   -0.41554E-01    0.17143E-01    0.47074E-01   -0.23417E-01   -0.42292E-01   -0.15954E+00    0.16665E+00    0.23763E-01   -0.57819E-02    0.12219E-01    0.62046E-01
   -0.72013E-05   -0.27889E-04    0.15711E-04   -0.57983E-04    0.92848E-04    0.18166E-03    0.70733E-04   -0.50397E-04   -0.96726E+01    0.32385E+00    0.70069E+00   -0.44873E+00   -0.36762E+00    0.14967E+00    0.45022E-02   -0.31264E-02   -0.86542E-02   -0.11938E-04    0.26935E-04    0.31411E-03    0.40145E-01   -0.11379E+00    0.90313E+00   -0.13844E-01    0.13813E-01   -0.60471E-02   -0.14000E+00    0.18297E+00    0.63789E-01   -0.53630E-01    0.49204E-01   -0.11454E+00    0.14396E-01    0.38925E-01    0.12751E-01    0.15400E+00   -0.21181E+00    0.40577E-01    0.10848E+00    0.13879E-02   -0.22859E+00
    0.47376E-05   -0.50183E-04    0.18782E-04   -0.15897E-03    0.23705E-03   -0.15709E-02    0.29397E-04   -0.43843E-03   -0.78920E+00   -0.71756E-01   -0.40328E-01   -0.37431E-01   -0.10471E-01    0.26488E-01    0.19003E-02   -0.45297E-02    0.82725E-04    0.83898E-05   -0.27341E-04    0.21753E-02    0.41685E-01   -0.31396E-01   -0.13844E-01    0.99115E+00    0.16163E-01    0.90530E-02   -0.48851E-01   -0.13740E-01    0.15876E+00   -0.11359E-01    0.73227E-01   -0.22808E-01    0.39870E-01   -0.22162E-01   -0.72066E-02    0.11567E+00   -0.68529E-01    0.27876E-01    0.14761E-01   -0.17607E+00    0.92905E-01
    0.12399E-04   -0.91449E-05    0.27865E-04   -0.48821E-04    0.23339E-03    0.11515E-02    0.19538E-03   -0.90686E-04    0.13595E+01   -0.10711E+00   -0.47324E+00    0.18771E-01    0.63069E-01   -0.31920E-01   -0.18639E-02   -0.44353E-02   -0.38247E-02    0.24226E-05    0.15066E-04   -0.28871E-02    0.42697E-01    0.43889E-01    0.13813E-01    0.16163E-01    0.10210E+01    0.10346E-01    0.90152E-01   -0.92453E-01    0.70940E-01   -0.13134E+00    0.60848E-01    0.91434E-01    0.12508E+00    0.51916E-01    0.16096E+00   -0.10752E+00    0.13121E+00    0.41869E-01    0.10964E-01   -0.13014E+00    0.35999E-01
    0.58783E-05   -0.50919E-04    0.69169E-05    0.43838E-03   -0.70521E-03    0.99033E-02    0.23296E-03    0.74429E-03   -0.54985E+00   -0.72320E-01    0.31785E+00   -0.74171E-01   -0.19013E+00   -0.14993E-02   -0.82052E-03   -0.76244E-02   -0.30384E-02    0.69759E-05   -0.40774E-05   -0.17740E-03    0.14497E-01    0.12764E-01   -0.60471E-02    0.90530E-02    0.10346E-01    0.97891E+00    0.31382E-01    0.39471E-01   -0.60429E-01    0.34134E-01    0.99181E-01    0.71844E-01   -0.58927E-01   -0.76770E-01    0.66687E-01    0.46423E-01    0.10369E+00   -0.98584E-01    0.95827E-01   -0.18198E-01    0.12044E-01
    0.33622E-05    0.15709E-04    0.36222E-05   -0.28852E-04   -0.50495E-03    0.58555E-02    0.21971E-03    0.31780E-03    0.10228E+01   -0.18063E+01    0.86098E+00    0.90204E+00   -0.34012E+00   -0.11492E+00    0.37589E-02   -0.37075E-01    0.25509E-02    0.13767E-04    0.24212E-03   -0.38687E-02    0.44574E-01    0.19341E+00   -0.14000E+00   -0.48851E-01    0.90152E-01    0.31382E-01    0.87884E+00   -0.15505E-01   -0.35789E-01   -0.76475E-01    0.50022E-03    0.70203E-02    0.14722E+00   -0.86224E-01    0.23409E-01   -0.71665E-01    0.66657E+00    0.21805E+00   -0.38897E-01   -0.65932E-01    0.53879E-01
    0.10478E-05   -0.21796E-04   -0.70087E-05    0.18978E-03   -0.38514E-03    0.66062E-03    0.34049E-04    0.48961E-03   -0.53375E+01   -0.39198E+00    0.40165E+00    0.17081E+00   -0.53045E-01    0.40301E-01    0.20062E-02   -0.71513E-02    0.52310E-02    0.68006E-05    0.86439E-05    0.70831E-02   -0.75743E-01   -0.50508E-01    0.18297E+00   -0.13740E-01   -0.92453E-01    0.39471E-01   -0.15505E-01    0.99037E+00    0.17803E-02   -0.11567E-01    0.15894E-01    0.48876E-01    0.19351E-01   -0.25064E-01   -0.10419E-01    0.15976E+00   -0.78634E-01    0.24757E+00    0.78460E+00    0.29532E+00   -0.18001E+00
    0.46999E-05   -0.60155E-04    0.26063E-05   -0.47462E-03   -0.74490E-03   -0.18795E-03    0.63074E-04   -0.11493E-02   -0.10369E+01   -0.20863E+00   -0.14348E+00   -0.53914E-01    0.49504E-01    0.33294E-01    0.22718E-03    0.13934E-01   -0.17774E-02   -0.46124E-05   -0.24915E-04   -0.64178E-02   -0.30933E-01   -0.40822E-01    0.63789E-01    0.15876E+00    0.70940E-01   -0.60429E-01   -0.35789E-01    0.17803E-02    0.97824E+00    0.43286E-01   -0.22158E-01    0.75378E-01   -0.57579E-01    0.11948E+00    0.15084E+00   -0.12738E+00   -0.22246E+00    0.62560E+00    0.11607E+00   -0.59309E+00    0.20609E+00
   -0.45359E-05   -0.84057E-05   -0.38007E-04   -0.84622E-04    0.54592E-03   -0.74290E-02   -0.83516E-04   -0.23189E-03   -0.13178E+01    0.87878E-01   -0.97227E-01   -0.63548E-01    0.19568E+00    0.66925E-01   -0.40959E-03    0.20498E-01    0.10124E-01   -0.27685E-05   -0.11559E-04    0.53685E-02   -0.59738E-01   -0.20711E-01   -0.53630E-01   -0.11359E-01   -0.13134E+00    0.34134E-01   -0.76475E-01   -0.11567E-01    0.43286E-01    0.10462E+01   -0.40352E-01    0.10624E-01   -0.11678E+00   -0.17464E+00   -0.39279E-01   -0.10271E+00   -0.11696E+00    0.10257E+00   -0.83275E-01    0.29608E+00    0.70854E+00
   -0.53715E-05    0.57452E-04   -0.96786E-05    0.18325E-03    0.11249E-02    0.11077E-02   -0.16919E-03    0.44231E-03   -0.10333E+00    0.25274E-02   -0.91714E-01    0.12643E+00   -0.30217E-01   -0.41379E-01    0.15341E-02   -0.90384E-03   -0.50223E-02   -0.24552E-05    0.29877E-04    0.31134E-02    0.82131E-01   -0.41554E-01    0.49204E-01    0.73227E-01    0.60848E-01    0.99181E-01    0.50022E-03    0.15894E-01   -0.22158E-01   -0.40352E-01    0.10007E+01   -0.55705E-01    0.10201E+00    0.45314E-01    0.13365E+00    0.14423E-01    0.13450E+00   -0.56975E+00    0.40683E+00   -0.33435E+00    0.19370E+00
   -0.85687E-05    0.43413E-04    0.60880E-06   -0.76272E-04    0.39834E-03    0.46011E-02   -0.13970E-03   -0.65451E-04    0.83801E+00    0.13047E+01   -0.11814E+01   -0.41691E+00    0.46603E+00   -0.86233E-01   -0.10552E-01    0.30107E-01   -0.11440E-01   -0.27964E-05   -0.19959E-03   -0.36874E-02   -0.56180E-01    0.17143E-01   -0.11454E+00   -0.22808E-01    0.91434E-01    0.71844E-01    0.70203E-02    0.48876E-01    0.75378E-01    0.10624E-01   -0.55705E-01    0.90373E+00   -0.97630E-02   -0.21518E-01    0.23214E-01   -0.60954E-02    0.57581E+00    0.16223E+00    0.12503E+00    0.66973E-01   -0.48688E-01
   -0.68534E-05    0.10192E-03   -0.56626E-05    0.29206E-04    0.80109E-03    0.59687E-02   -0.19174E-03    0.34934E-03    0.80521E+00   -0.14169E-01    0.65392E+00   -0.15978E-01   -0.40538E+00    0.30276E-02   -0.13906E-02   -0.66464E-02   -0.18526E-01    0.31048E-06    0.11976E-04   -0.39826E-02    0.68738E-02    0.47074E-01    0.14396E-01    0.39870E-01    0.12508E+00   -0.58927E-01    0.14722E+00    0.19351E-01   -0.57579E-01   -0.11678E+00    0.10201E+00   -0.97630E-02    0.98781E+00    0.26457E-02   -0.11331E-01    0.24192E-01    0.11398E+00    0.15085E+00    0.35039E-01    0.14186E+00    0.15092E+00
    0.62033E-05    0.46270E-04    0.13545E-04   -0.35723E-04   -0.50155E-03    0.16996E-02   -0.19173E-03    0.11577E-03   -0.16435E+00    0.28792E+00   -0.39282E+00   -0.10949E+00    0.14530E+00   -0.64322E-02   -0.20317E-02    0.30235E-02   -0.13409E-02    0.41222E-05    0.42226E-05   -0.28444E-02   -0.42070E-01   -0.23417E-01    0.38925E-01   -0.22162E-01    0.51916E-01   -0.76770E-01   -0.86224E-01   -0.25064E-01    0.11948E+00   -0.17464E+00    0.45314E-01   -0.21518E-01    0.26457E-02    0.10009E+01    0.21332E-01    0.23905E-01   -0.11499E+00    0.40262E-01    0.19082E+00    0.45293E-01   -0.85811E-01
    0.43781E-05    0.19787E-04   -0.78077E-06   -0.29069E-03   -0.53622E-03    0.43606E-03    0.14212E-03   -0.59468E-03   -0.73485E+00   -0.44905E+00    0.17141E+00    0.48043E-01   -0.22713E+00   -0.28871E-01   -0.80633E-03   -0.42775E-02   -0.10975E-01    0.25162E-05   -0.75141E-05   -0.21429E-02    0.17341E-01   -0.42292E-01    0.12751E-01   -0.72066E-02    0.16096E+00    0.66687E-01    0.23409E-01   -0.10419E-01    0.15084E+00   -0.39279E-01    0.13365E+00    0.23214E-01   -0.11331E-01    0.21332E-01    0.96490E+00   -0.44108E-02    0.10648E-01    0.51624E-01    0.12449E+00   -0.25761E+00    0.99023E-01
   -0.89866E-06   -0.98269E-05    0.37547E-05    0.17100E-03   -0.29593E-03    0.16532E-02    0.12346E-04    0.20773E-03   -0.51294E+01    0.49421E-01    0.53255E+00   -0.73721E-01   -0.30600E+00    0.53322E-01   -0.97650E-03   -0.25597E-02   -0.14278E-01    0.84630E-05   -0.23431E-04   -0.75308E-03    0.34502E-01   -0.15954E+00    0.15400E+00    0.11567E+00   -0.10752E+00    0.46423E-01   -0.71665E-01    0.15976E+00   -0.12738E+00   -0.10271E+00    0.14423E-01   -0.60954E-02    0.24192E-01    0.23905E-01   -0.44108E-02    0.10104E+01   -0.50701E-01   -0.41229E-01    0.37498E-01    0.17827E+00   -0.10912E+00
   -0.44789E-05    0.60065E-04    0.28292E-05    0.50887E-04    0.25243E-03    0.70170E-02    0.43560E-04    0.47733E-03    0.23048E+01   -0.39725E+00   -0.20715E+00    0.40947E+00    0.56153E-01   -0.16859E+00   -0.38229E-02   -0.11481E-01   -0.56654E-02    0.80477E-05    0.51598E-04   -0.43558E-02    0.32035E-01    0.16665E+00   -0.21181E+00   -0.68529E-01    0.13121E+00    0.10369E+00    0.66657E+00   -0.78634E-01   -0.22246E+00   -0.11696E+00    0.13450E+00    0.57581E+00    0.11398E+00   -0.11499E+00    0.10648E-01   -0.50701E-01    0.97750E+00   -0.39675E-01    0.26297E-01    0.82699E-03   -0.23811E-01
    0.31628E-05   -0.36861E-04    0.24827E-05   -0.34058E-03   -0.11075E-02    0.45783E-02    0.11666E-03   -0.66540E-03   -0.22149E+01   -0.55866E+00    0.38536E+00    0.13171E+00   -0.11381E+00    0.36384E-01   -0.11235E-02    0.21293E-02   -0.36891E-02    0.41100E-05    0.29049E-04   -0.49982E-02   -0.92782E-01    0.23763E-01    0.40577E-01    0.27876E-01    0.41869E-01   -0.98584E-01    0.21805E+00    0.24757E+00    0.62560E+00    0.10257E+00   -0.56975E+00    0.16223E+00    0.15085E+00    0.40262E-01    0.51624E-01   -0.41229E-01   -0.39675E-01    0.97879E+00   -0.86638E-02    0.96843E-02    0.22540E-01
   -0.27281E-05    0.25261E-04   -0.10606E-04    0.99397E-04   -0.35720E-04    0.36140E-02   -0.13584E-03    0.38760E-03   -0.21157E+01    0.31340E-01    0.11586E-01    0.84786E-01    0.43620E-01   -0.33372E-01   -0.19116E-02   -0.85393E-03    0.20928E-02    0.49755E-05   -0.15629E-04    0.39567E-02   -0.21984E-01   -0.57819E-02    0.10848E+00    0.14761E-01    0.10964E-01    0.95827E-01   -0.38897E-01    0.78460E+00    0.11607E+00   -0.83275E-01    0.40683E+00    0.12503E+00    0.35039E-01    0.19082E+00    0.12449E+00    0.37498E-01    0.26297E-01   -0.86638E-02    0.10173E+01    0.57249E-02   -0.75053E-02
   -0.97529E-05    0.83137E-04   -0.19329E-04    0.35435E-03    0.53634E-03    0.26217E-02   -0.25917E-03    0.97896E-03   -0.12622E+01    0.55447E+00    0.32431E+00   -0.12741E+00   -0.19704E-01    0.42821E-01   -0.48631E-02    0.53524E-02   -0.10029E-02    0.55263E-05   -0.18920E-04    0.85107E-02   -0.76019E-01    0.12219E-01    0.13879E-02   -0.17607E+00   -0.13014E+00   -0.18198E-01   -0.65932E-01    0.29532E+00   -0.59309E+00    0.29608E+00   -0.33435E+00    0.66973E-01    0.14186E+00    0.45293E-01   -0.25761E+00    0.17827E+00    0.82699E-03    0.96843E-02    0.57249E-02    0.96849E+00   -0.36252E-02
   -0.29386E-05    0.47676E-04   -0.26686E-04   -0.18712E-03    0.57000E-03   -0.54903E-02   -0.12048E-03   -0.27297E-03    0.27353E+01   -0.15282E+00   -0.41620E+00    0.12398E+00    0.26406E+00   -0.15374E-01   -0.70155E-03    0.92938E-02    0.14810E-01    0.25682E-05   -0.12002E-04    0.88876E-04   -0.52692E-03    0.62046E-01   -0.22859E+00    0.92905E-01    0.35999E-01    0.12044E-01    0.53879E-01   -0.18001E+00    0.20609E+00    0.70854E+00    0.19370E+00   -0.48688E-01    0.15092E+00   -0.85811E-01    0.99023E-01   -0.10912E+00   -0.23811E-01    0.22540E-01   -0.75053E-02   -0.36252E-02    0.10036E+01
