# omegabh2 omegach2 theta tau ns nrun logA aps100 aps143 aps217 acib143 acib217 asz143 psr cibr ncib cal0 cal2 xi aksz bm_1_1 bm_1_2 bm_1_3 bm_1_4 bm_1_5 bm_2_1 bm_2_2 bm_2_3 bm_2_4 bm_2_5 bm_3_1 bm_3_2 bm_3_3 bm_3_4 bm_3_5 bm_4_1 bm_4_2 bm_4_3 bm_4_4 bm_4_5 a_ps_act_148 a_ps_act_217 a_ps_spt_95 a_ps_spt_150 a_ps_spt_220 r_ps_spt_95x150 r_ps_spt_95x220 r_ps_150x220 act_dust_s act_dust_e cal_acts_148 cal_acts_217 cal_acte_148 cal_acte_217 cal_spt_95 cal_spt_150 cal_spt_220
    0.88065E-07   -0.40261E-06    0.82104E-07    0.18384E-05    0.97026E-06   -0.10337E-05    0.31455E-05   -0.88878E-04   -0.47443E-03   -0.44027E-03    0.49734E-05    0.32810E-04    0.14668E-04   -0.75191E-06   -0.22165E-06    0.47906E-06    0.11596E-08    0.30257E-10   -0.30601E-05   -0.40135E-04   -0.36827E-05   -0.74333E-05   -0.13686E-05    0.83540E-05    0.28891E-06    0.15240E-06   -0.29768E-05   -0.14141E-05   -0.46766E-05    0.30545E-06    0.33543E-05   -0.72832E-07    0.42318E-05    0.22113E-05   -0.47496E-05    0.29620E-05   -0.15535E-05    0.73419E-06   -0.63219E-07   -0.92155E-06    0.91853E-05    0.65899E-04    0.14619E-04    0.16467E-04    0.71993E-04    0.66083E-07   -0.41534E-06   -0.16665E-06   -0.51220E-06   -0.47190E-06    0.27859E-06    0.33225E-06    0.28560E-06    0.30982E-06    0.52978E-06    0.54581E-06    0.39906E-06
   -0.40261E-06    0.73235E-05   -0.75475E-06   -0.11876E-04   -0.16688E-04   -0.22700E-05   -0.56970E-05    0.32559E-02    0.41582E-02    0.36230E-02   -0.29637E-04   -0.15772E-03   -0.81469E-04    0.63892E-05    0.21486E-05   -0.18411E-05   -0.10064E-07   -0.17813E-07    0.19861E-04    0.89477E-04    0.15742E-03    0.22615E-04   -0.68198E-04   -0.10188E-04   -0.11006E-04    0.16146E-04    0.22279E-05   -0.21220E-04    0.53650E-04   -0.32127E-05   -0.35676E-05    0.15899E-04   -0.34771E-04    0.62221E-05   -0.93717E-05    0.13214E-04   -0.79654E-06   -0.11260E-04    0.23483E-04    0.25539E-04   -0.47764E-04   -0.54455E-03   -0.93495E-04   -0.88859E-04   -0.59986E-03    0.17071E-05    0.48446E-05    0.50374E-06    0.32380E-05    0.76943E-06   -0.23533E-05   -0.28522E-05   -0.24753E-05   -0.28790E-05   -0.39184E-05   -0.40691E-05   -0.38263E-05
    0.82104E-07   -0.75475E-06    0.39665E-06    0.17973E-05    0.21695E-05   -0.12500E-06    0.21900E-05    0.15887E-03   -0.44399E-03   -0.32770E-03    0.62045E-05   -0.14283E-04    0.12923E-04   -0.88100E-06   -0.24685E-06   -0.41261E-06    0.59926E-09    0.20843E-08   -0.23645E-05   -0.14923E-04   -0.55950E-05    0.73060E-05    0.10407E-04    0.82555E-05    0.57440E-07   -0.25739E-05    0.15654E-05    0.54487E-06   -0.13135E-04    0.27419E-05    0.76965E-06    0.30027E-05    0.66340E-06   -0.10346E-05    0.28825E-05   -0.93148E-06   -0.19335E-05    0.26325E-05   -0.89228E-06   -0.92686E-05    0.81324E-05    0.80727E-04    0.14659E-04    0.11758E-04    0.81212E-04   -0.12182E-06   -0.55811E-06   -0.79036E-07    0.51546E-07   -0.16460E-06    0.27895E-06    0.30370E-06    0.27250E-06    0.27994E-06    0.48440E-06    0.51077E-06    0.40267E-06
    0.18384E-05   -0.11876E-04    0.17973E-05    0.23783E-03    0.31313E-04   -0.54055E-04    0.45934E-03   -0.28865E-02   -0.40644E-02   -0.56635E-02    0.35043E-03    0.12392E-02    0.26506E-03   -0.25081E-05   -0.11565E-04    0.97781E-05    0.29787E-08   -0.99501E-07   -0.64340E-04   -0.15880E-02    0.28517E-04   -0.61773E-04   -0.84113E-04    0.15362E-03   -0.16071E-03   -0.16928E-04   -0.14579E-03   -0.11785E-03   -0.87350E-04    0.18548E-04    0.90806E-04   -0.38708E-04    0.26413E-03    0.83517E-04   -0.13711E-03    0.83861E-04   -0.11441E-03   -0.22193E-04    0.79140E-04   -0.30330E-04    0.19747E-03    0.61359E-03    0.38134E-03    0.33068E-03    0.10510E-02    0.20754E-04   -0.37062E-05   -0.70518E-05   -0.35448E-04   -0.31964E-05    0.30698E-05    0.33383E-05    0.17624E-05    0.38607E-05    0.91178E-05    0.77306E-05    0.78438E-05
    0.97026E-06   -0.16688E-04    0.21695E-05    0.31313E-04    0.55367E-04    0.13738E-04    0.16106E-04   -0.40742E-01   -0.25462E-01   -0.18852E-01    0.36860E-04    0.12548E-02    0.76576E-03   -0.40533E-04   -0.14316E-04    0.28047E-04   -0.53539E-07    0.34445E-06   -0.20426E-03   -0.15100E-02   -0.61401E-03   -0.38082E-03    0.94445E-04    0.84185E-04    0.89007E-04    0.31992E-03    0.97071E-04    0.46729E-04   -0.94512E-04   -0.20294E-04    0.67892E-04   -0.12973E-03   -0.56956E-04   -0.16675E-04   -0.36350E-05    0.26366E-03    0.11332E-03    0.80513E-04   -0.71086E-04    0.11072E-04    0.18784E-03    0.23131E-02    0.53909E-03    0.38115E-03    0.19994E-02   -0.19706E-04   -0.38964E-04   -0.17731E-05   -0.13848E-04   -0.34979E-05    0.11728E-04    0.12126E-04    0.12207E-04    0.12256E-04    0.19685E-04    0.18048E-04    0.12635E-04
   -0.10337E-05   -0.22700E-05   -0.12500E-06   -0.54055E-04    0.13738E-04    0.79320E-04   -0.13428E-03   -0.32066E-01   -0.21750E-01   -0.15884E-01   -0.12036E-03    0.83174E-03    0.45199E-03   -0.35410E-04   -0.56405E-05    0.23604E-04   -0.30859E-07    0.10434E-06   -0.13961E-03   -0.85364E-03   -0.81846E-03   -0.27810E-03    0.17979E-03   -0.11770E-03    0.38474E-04    0.49073E-04    0.11631E-03    0.16241E-03    0.42381E-04   -0.68450E-04   -0.43823E-04   -0.13221E-03   -0.87798E-04   -0.11125E-03    0.11898E-03   -0.49236E-04    0.15296E-03   -0.27797E-05   -0.96273E-04    0.51646E-04    0.16968E-03    0.21245E-02    0.37808E-03    0.30359E-03    0.14502E-02   -0.24806E-04   -0.28970E-04    0.23258E-06   -0.14541E-04    0.32956E-05    0.96369E-05    0.10862E-04    0.11243E-04    0.10978E-04    0.15806E-04    0.13148E-04    0.10212E-04
    0.31455E-05   -0.56970E-05    0.21900E-05    0.45934E-03    0.16106E-04   -0.13428E-03    0.94179E-03    0.27462E-03    0.41625E-02   -0.17797E-03    0.57274E-03    0.22487E-02    0.27868E-03    0.17226E-04   -0.21279E-04    0.21198E-04    0.39634E-07    0.29988E-07   -0.92261E-04   -0.30494E-02    0.10608E-02    0.10408E-03   -0.38823E-03    0.32908E-03   -0.36017E-03    0.35910E-03   -0.18662E-03   -0.33415E-03   -0.50144E-04    0.11784E-04    0.22961E-03    0.49190E-04    0.44907E-03    0.19298E-03   -0.39086E-03    0.49494E-03   -0.11763E-03    0.30242E-04    0.28636E-03    0.63274E-05    0.24288E-03   -0.67364E-03    0.55088E-03    0.37200E-03    0.24547E-03    0.41430E-04   -0.40787E-05   -0.13248E-04   -0.56934E-04   -0.13654E-05   -0.94180E-06   -0.24073E-05   -0.43082E-05   -0.14084E-05    0.59633E-05    0.32570E-05    0.43553E-05
   -0.88878E-04    0.32559E-02    0.15887E-03   -0.28865E-02   -0.40742E-01   -0.32066E-01    0.27462E-03    0.16377E+04    0.91689E+02    0.27372E+02    0.66348E+00   -0.11987E+01   -0.10166E+02   -0.37817E-01   -0.76576E-01   -0.85171E-01    0.12164E-02   -0.30097E-02    0.10244E+01    0.67243E+01    0.17035E+02   -0.66629E+01   -0.17494E+00    0.34055E+00   -0.95530E+00   -0.25365E+01   -0.49923E+01   -0.11989E+01   -0.67474E+00   -0.16445E+01   -0.45221E-01    0.28993E+00    0.42351E+00   -0.13326E+01   -0.37078E+01   -0.12827E+01   -0.21740E+01   -0.30402E+01    0.22098E+00    0.20977E+01    0.54414E+00   -0.23503E+01    0.46050E+01   -0.59286E+00    0.21773E+01   -0.17432E-02   -0.32645E+00   -0.81101E-01    0.48438E-02    0.42562E-01   -0.29896E-01   -0.33218E-02   -0.28855E-01   -0.26684E-02   -0.75215E-01   -0.37279E-01    0.39431E-02
   -0.47443E-03    0.41582E-02   -0.44399E-03   -0.40644E-02   -0.25462E-01   -0.21750E-01    0.41625E-02    0.91689E+02    0.70500E+02    0.22453E+02    0.20024E+00   -0.44712E+00   -0.19678E+01    0.39232E-01    0.27154E-01   -0.39218E-01    0.18725E-04   -0.89207E-03    0.25219E+00    0.63096E+00    0.17988E+00    0.13373E+00   -0.33556E-01   -0.47295E-01   -0.10283E+00    0.18431E+00   -0.21918E+00   -0.21689E+00   -0.12694E+00    0.13455E-01   -0.31443E+00    0.14922E+00   -0.67512E-02   -0.47423E-01   -0.14260E-02    0.97664E-02   -0.16980E+00   -0.30026E+00    0.32496E-02   -0.20548E-01    0.26238E+00   -0.19776E+01    0.77129E+00   -0.27182E+00   -0.11497E+01    0.11016E-01   -0.35199E-01   -0.30881E-01    0.14435E-01    0.53920E-02   -0.15831E-01   -0.10660E-01   -0.16507E-01   -0.10681E-01   -0.29957E-01   -0.22121E-01   -0.10759E-01
   -0.44027E-03    0.36230E-02   -0.32770E-03   -0.56635E-02   -0.18852E-01   -0.15884E-01   -0.17797E-03    0.27372E+02    0.22453E+02    0.99391E+02   -0.10342E+01   -0.34304E+02    0.29328E+00   -0.34011E+00   -0.37342E-01   -0.45676E+00   -0.20475E-04   -0.17721E-03    0.67765E-01    0.10513E+01    0.16422E+00    0.31164E+00    0.10840E+00    0.72851E-01    0.90024E-02   -0.22310E-01   -0.14758E+00    0.31554E-01   -0.57784E-01    0.22006E+00    0.96925E-01    0.35612E+00   -0.87353E-03    0.23801E+00    0.12245E+00    0.61648E-01   -0.43523E-02   -0.97021E-02    0.28315E-01   -0.16352E+00    0.21741E+00    0.17120E+02   -0.97841E+00    0.51218E+00    0.81428E+01   -0.34780E-01   -0.66172E-01    0.17172E-03    0.28065E-01    0.41271E-01   -0.89645E-02   -0.29990E-01   -0.77776E-02   -0.34182E-01   -0.13262E-01   -0.13420E-01   -0.56501E-01
    0.49734E-05   -0.29637E-04    0.62045E-05    0.35043E-03    0.36860E-04   -0.12036E-03    0.57274E-03    0.66348E+00    0.20024E+00   -0.10342E+01    0.63246E+00    0.10978E+01    0.50153E+00    0.24823E-02   -0.28761E-02   -0.30631E-02    0.42281E-06    0.80072E-04    0.10140E-01   -0.83338E+00    0.68909E-03   -0.93904E-02   -0.52198E-02   -0.90323E-02    0.13732E-02   -0.25644E-01    0.12397E-01   -0.91542E-02    0.16390E-01   -0.70815E-02    0.14752E-01   -0.23325E-01   -0.46039E-02   -0.12045E-01   -0.12016E-01   -0.89252E-02   -0.10064E-01    0.17564E-01    0.19295E-01    0.12289E-01    0.68488E-01   -0.14681E+00   -0.19503E+00   -0.86331E-02   -0.28605E-01    0.47380E-01    0.45828E-01   -0.40521E-02   -0.53417E-03   -0.12182E-02    0.18364E-03    0.31155E-03    0.13351E-03    0.40362E-03   -0.62418E-03    0.63713E-03    0.19865E-02
    0.32810E-04   -0.15772E-03   -0.14283E-04    0.12392E-02    0.12548E-02    0.83174E-03    0.22487E-02   -0.11987E+01   -0.44712E+00   -0.34304E+02    0.10978E+01    0.20983E+02    0.16975E+01    0.20385E+00    0.24061E-01    0.28257E+00    0.16164E-04    0.22082E-04   -0.36317E+00   -0.39910E+01    0.14108E+00   -0.15943E+00   -0.71359E-01   -0.12697E+00   -0.79195E-02   -0.27617E-01    0.13656E+00   -0.87625E-01    0.23233E+00   -0.23087E+00   -0.14429E+00   -0.45768E+00   -0.80075E-02   -0.24942E+00   -0.17392E+00   -0.13311E+00   -0.43709E-01    0.44988E-01    0.12555E+00    0.26567E+00   -0.39955E+00   -0.11607E+02    0.33449E-01   -0.72696E+00   -0.73819E+01    0.45141E-01    0.51402E-01   -0.85327E-02   -0.38650E-02   -0.11322E-01   -0.68045E-03    0.65654E-02   -0.15831E-02    0.89547E-02    0.28915E-03   -0.21042E-02    0.19821E-01
    0.14668E-04   -0.81469E-04    0.12923E-04    0.26506E-03    0.76576E-03    0.45199E-03    0.27868E-03   -0.10166E+02   -0.19678E+01    0.29328E+00    0.50153E+00    0.16975E+01    0.17973E+01    0.15455E-01    0.20697E-01    0.13406E-01   -0.14453E-05   -0.11922E-03   -0.18366E+00   -0.21520E+01    0.39561E-01    0.11699E-01    0.36752E-02   -0.19521E-01    0.87942E-02    0.21729E-01    0.36580E-01   -0.11575E-01    0.47102E-02   -0.18811E-01   -0.51315E-01   -0.41706E-01   -0.10868E-01   -0.24337E-01   -0.96992E-02   -0.19606E-01   -0.17769E-02    0.89146E-02    0.86299E-02    0.40406E-02   -0.66043E-01   -0.64277E+00   -0.73186E+00   -0.83218E-01   -0.10643E+01    0.39994E-01    0.65647E-01   -0.11372E-02   -0.14263E-02    0.80492E-03    0.59106E-03   -0.24202E-02    0.46497E-03   -0.22984E-02    0.36891E-02    0.53876E-03   -0.17174E-02
   -0.75191E-06    0.63892E-05   -0.88100E-06   -0.25081E-05   -0.40533E-04   -0.35410E-04    0.17226E-04   -0.37817E-01    0.39232E-01   -0.34011E+00    0.24823E-02    0.20385E+00    0.15455E-01    0.40676E-02   -0.10891E-03    0.29247E-02    0.19126E-06   -0.24724E-05   -0.10329E-02   -0.15366E-01    0.97447E-03    0.17544E-02   -0.92680E-04   -0.74558E-03   -0.37240E-04    0.73214E-03   -0.19868E-02    0.69476E-03   -0.16541E-02    0.12435E-04   -0.10258E-02    0.14953E-03   -0.34216E-03    0.91847E-03    0.52860E-03    0.70317E-04   -0.14169E-03   -0.27641E-02   -0.27566E-02   -0.22501E-02   -0.17648E-02   -0.14290E+00   -0.72028E-02   -0.35708E-02   -0.97374E-01    0.36496E-03    0.14240E-02    0.37210E-03   -0.65534E-04    0.68811E-04   -0.30254E-04   -0.14459E-04   -0.42242E-04    0.25449E-04    0.22736E-04   -0.52437E-04    0.15023E-03
   -0.22165E-06    0.21486E-05   -0.24685E-06   -0.11565E-04   -0.14316E-04   -0.56405E-05   -0.21279E-04   -0.76576E-01    0.27154E-01   -0.37342E-01   -0.28761E-02    0.24061E-01    0.20697E-01   -0.10891E-03    0.29946E-02   -0.31751E-03   -0.13567E-06    0.40456E-05   -0.31871E-03   -0.12809E-01    0.54560E-03   -0.18949E-03    0.29117E-03   -0.53866E-03    0.16407E-03   -0.23138E-02   -0.33249E-03   -0.28205E-03    0.20857E-03   -0.10976E-02    0.14892E-02   -0.11913E-02    0.57781E-03   -0.13121E-02   -0.47005E-03   -0.79623E-03   -0.40308E-03   -0.22097E-03    0.10229E-02   -0.40238E-04    0.66399E-02    0.37621E-02   -0.13479E-01    0.38751E-02    0.77285E-02    0.16060E-03    0.15958E-02   -0.43231E-03   -0.72113E-04   -0.13486E-03    0.22788E-05    0.34855E-04   -0.19209E-05    0.26312E-04    0.63500E-04    0.19292E-05    0.87507E-04
    0.47906E-06   -0.18411E-05   -0.41261E-06    0.97781E-05    0.28047E-04    0.23604E-04    0.21198E-04   -0.85171E-01   -0.39218E-01   -0.45676E+00   -0.30631E-02    0.28257E+00    0.13406E-01    0.29247E-02   -0.31751E-03    0.51748E-02    0.19023E-06   -0.88189E-05   -0.58352E-02   -0.32454E-01    0.45732E-02   -0.54223E-02   -0.22485E-02   -0.28054E-02   -0.22488E-03    0.22499E-02    0.49909E-02   -0.34855E-02    0.78633E-02   -0.61782E-02   -0.64842E-02   -0.11760E-01    0.83348E-04   -0.63974E-02   -0.52697E-02   -0.32605E-02   -0.35203E-03    0.37450E-02    0.63699E-02    0.93650E-02   -0.10201E-01   -0.18942E+00    0.42253E-02   -0.11287E-01   -0.13364E+00   -0.69901E-03   -0.44172E-03    0.28214E-03   -0.17506E-04   -0.83555E-04   -0.77606E-05    0.43791E-04   -0.22474E-04    0.82103E-04    0.53781E-04   -0.40871E-04    0.17151E-03
    0.11596E-08   -0.10064E-07    0.59926E-09    0.29787E-08   -0.53539E-07   -0.30859E-07    0.39634E-07    0.12164E-02    0.18725E-04   -0.20475E-04    0.42281E-06    0.16164E-04   -0.14453E-05    0.19126E-06   -0.13567E-06    0.19023E-06    0.15784E-06    0.49726E-08   -0.50953E-06    0.23326E-05   -0.32222E-04   -0.12241E-04   -0.28194E-05    0.76060E-06    0.32858E-05    0.36587E-05    0.49765E-05   -0.50860E-06    0.52648E-05    0.28831E-05    0.15645E-05    0.19288E-05   -0.32227E-05    0.40802E-07    0.90562E-05    0.36442E-05    0.18886E-05    0.21238E-05   -0.26071E-07    0.30460E-05   -0.15460E-05   -0.11118E-04    0.39327E-05   -0.14057E-05   -0.62745E-05   -0.13181E-06   -0.34194E-06   -0.58275E-07    0.20255E-06   -0.18643E-07    0.68961E-08   -0.48073E-08   -0.22171E-07    0.31562E-07   -0.11795E-06   -0.44309E-07   -0.30510E-07
    0.30257E-10   -0.17813E-07    0.20843E-08   -0.99501E-07    0.34445E-06    0.10434E-06    0.29988E-07   -0.30097E-02   -0.89207E-03   -0.17721E-03    0.80072E-04    0.22082E-04   -0.11922E-03   -0.24724E-05    0.40456E-05   -0.88189E-05    0.49726E-08    0.11249E-05    0.28173E-04    0.70865E-04    0.80650E-04    0.23611E-04   -0.14029E-04   -0.18777E-04    0.39216E-05    0.40726E-03    0.40597E-04   -0.39607E-05    0.17222E-05    0.53973E-04   -0.35957E-03    0.39595E-04   -0.79850E-04    0.28418E-04   -0.61083E-05    0.65482E-04    0.65981E-04   -0.40612E-04   -0.81403E-04    0.14673E-04    0.56436E-04    0.31252E-03    0.68333E-04    0.28676E-04    0.43175E-03    0.50808E-05    0.21285E-05   -0.31414E-05   -0.74111E-06   -0.16381E-05    0.38426E-06    0.11675E-05    0.49667E-06    0.11814E-05   -0.33380E-06    0.56977E-06    0.18739E-05
   -0.30601E-05    0.19861E-04   -0.23645E-05   -0.64340E-04   -0.20426E-03   -0.13961E-03   -0.92261E-04    0.10244E+01    0.25219E+00    0.67765E-01    0.10140E-01   -0.36317E+00   -0.18366E+00   -0.10329E-02   -0.31871E-03   -0.58352E-02   -0.50953E-06    0.28173E-04    0.70053E-01    0.37258E+00   -0.50200E-02   -0.12674E-02    0.31708E-03   -0.36844E-02    0.74674E-04   -0.56087E-02   -0.32102E-02   -0.26226E-02    0.31521E-03    0.18591E-02    0.10408E-01    0.47373E-02   -0.37020E-03    0.13353E-02    0.34200E-04    0.35625E-02   -0.18582E-02    0.11315E-02    0.44131E-02   -0.22174E-02    0.66938E-01    0.13567E+00    0.18719E-02    0.60149E-01    0.20417E+00    0.54005E-02    0.98402E-02    0.10566E-02   -0.20790E-03   -0.18495E-03    0.94975E-05    0.19507E-03    0.16104E-04    0.20723E-03   -0.31059E-03    0.22654E-03    0.54962E-03
   -0.40135E-04    0.89477E-04   -0.14923E-04   -0.15880E-02   -0.15100E-02   -0.85364E-03   -0.30494E-02    0.67243E+01    0.63096E+00    0.10513E+01   -0.83338E+00   -0.39910E+01   -0.21520E+01   -0.15366E-01   -0.12809E-01   -0.32454E-01    0.23326E-05    0.70865E-04    0.37258E+00    0.43190E+01   -0.41640E-01    0.10952E-01   -0.97721E-03    0.10524E-01   -0.70843E-02   -0.61994E-02   -0.42145E-01    0.62849E-02   -0.14763E-01    0.28168E-01    0.51299E-01    0.66948E-01    0.11130E-01    0.34130E-01    0.18597E-01    0.33436E-01    0.26330E-02   -0.96696E-02   -0.62408E-02   -0.22238E-01    0.80895E-01    0.11333E+01    0.25958E+00    0.23375E+00    0.16232E+01   -0.40028E-01   -0.20955E-01    0.16739E-01   -0.42534E-02   -0.60142E-02    0.34528E-03    0.23618E-02    0.49004E-03    0.21354E-02   -0.62324E-03    0.14497E-02    0.22468E-02
   -0.36827E-05    0.15742E-03   -0.55950E-05    0.28517E-04   -0.61401E-03   -0.81846E-03    0.10608E-02    0.17035E+02    0.17988E+00    0.16422E+00    0.68909E-03    0.14108E+00    0.39561E-01    0.97447E-03    0.54560E-03    0.45732E-02   -0.32222E-04    0.80650E-04   -0.50200E-02   -0.41640E-01    0.66253E+00   -0.14762E+00   -0.10256E-01    0.10056E-01   -0.41775E-03    0.19838E+00   -0.41699E-01   -0.42249E-01   -0.65007E-02   -0.63427E-01    0.26880E-01    0.30025E-01   -0.21298E-01   -0.38909E-01   -0.12693E+00    0.17130E+00    0.39685E-01   -0.95135E-02    0.34330E-01    0.72496E-01   -0.57758E-02   -0.16577E+00   -0.13035E-01   -0.13247E-01   -0.14827E+00    0.18330E-03    0.12779E-02    0.20557E-03    0.46575E-03    0.11376E-02   -0.65685E-04   -0.23349E-03   -0.10525E-03   -0.25238E-03   -0.16179E-03   -0.17702E-03   -0.57738E-04
   -0.74333E-05    0.22615E-04    0.73060E-05   -0.61773E-04   -0.38082E-03   -0.27810E-03    0.10408E-03   -0.66629E+01    0.13373E+00    0.31164E+00   -0.93904E-02   -0.15943E+00    0.11699E-01    0.17544E-02   -0.18949E-03   -0.54223E-02   -0.12241E-04    0.23611E-04   -0.12674E-02    0.10952E-01   -0.14762E+00    0.91088E+00   -0.77061E-02    0.64930E-02    0.11421E-01   -0.14843E+00    0.19163E+00    0.61623E-01   -0.16254E-01    0.51528E-01   -0.11095E+00    0.78004E-02    0.27827E-01    0.30413E-01    0.17597E+00   -0.21602E+00    0.36404E-01    0.11351E+00    0.11280E-01   -0.20740E+00   -0.70266E-02    0.10015E+00   -0.28274E-01   -0.64674E-02    0.49750E-01   -0.26489E-03    0.11003E-03    0.24013E-03   -0.15484E-02    0.96564E-03   -0.10396E-03   -0.18013E-03   -0.17142E-03   -0.23428E-03   -0.10864E-03   -0.21651E-03   -0.43758E-03
   -0.13686E-05   -0.68198E-04    0.10407E-04   -0.84113E-04    0.94445E-04    0.17979E-03   -0.38823E-03   -0.17494E+00   -0.33556E-01    0.10840E+00   -0.52198E-02   -0.71359E-01    0.36752E-02   -0.92680E-04    0.29117E-03   -0.22485E-02   -0.28194E-05   -0.14029E-04    0.31708E-03   -0.97721E-03   -0.10256E-01   -0.77061E-02    0.10030E+01    0.48550E-02    0.12351E-01   -0.36974E-01   -0.35709E-01    0.16523E+00   -0.17846E-01    0.76884E-01   -0.80165E-02    0.41869E-01   -0.11867E-01   -0.18715E-01    0.11607E+00   -0.49159E-01    0.29337E-01    0.52448E-02   -0.17867E+00    0.94192E-01    0.80400E-02    0.35279E-01    0.29868E-03    0.37766E-02    0.21008E-01    0.12619E-03    0.31733E-04   -0.83664E-04    0.12201E-02    0.77510E-03    0.65109E-04    0.11463E-04    0.37367E-04   -0.33619E-06   -0.35871E-04   -0.15272E-04   -0.91008E-04
    0.83540E-05   -0.10188E-04    0.82555E-05    0.15362E-03    0.84185E-04   -0.11770E-03    0.32908E-03    0.34055E+00   -0.47295E-01    0.72851E-01   -0.90323E-02   -0.12697E+00   -0.19521E-01   -0.74558E-03   -0.53866E-03   -0.28054E-02    0.76060E-06   -0.18777E-04   -0.36844E-02    0.10524E-01    0.10056E-01    0.64930E-02    0.48550E-02    0.99769E+00    0.65419E-02    0.44304E-01   -0.85026E-01    0.62434E-01   -0.93147E-01    0.42949E-01    0.71402E-01    0.11302E+00    0.56577E-01    0.14857E+00   -0.88212E-01    0.80760E-01    0.37060E-01   -0.73668E-02   -0.10523E+00    0.40958E-01   -0.25966E-02    0.99654E-01    0.29018E-01    0.41211E-02    0.77155E-01   -0.17263E-02   -0.25820E-02   -0.13951E-03   -0.79958E-03    0.14801E-02   -0.16444E-04   -0.93518E-04    0.66613E-04    0.83362E-05   -0.35650E-04    0.21644E-03    0.24558E-04
    0.28891E-06   -0.11006E-04    0.57440E-07   -0.16071E-03    0.89007E-04    0.38474E-04   -0.36017E-03   -0.95530E+00   -0.10283E+00    0.90024E-02    0.13732E-02   -0.79195E-02    0.87942E-02   -0.37240E-04    0.16407E-03   -0.22488E-03    0.32858E-05    0.39216E-05    0.74674E-04   -0.70843E-02   -0.41775E-03    0.11421E-01    0.12351E-01    0.65419E-02    0.99778E+00    0.34218E-01    0.52923E-01   -0.37679E-01    0.47335E-01    0.91268E-01    0.76358E-01   -0.76911E-01   -0.86845E-01    0.67782E-01    0.47209E-01    0.10041E+00   -0.75312E-01    0.90678E-01   -0.25793E-01    0.14197E-02    0.31909E-03    0.23772E-01   -0.25805E-03   -0.76690E-04    0.26167E-01   -0.93929E-04    0.51443E-03   -0.59020E-05    0.12343E-02   -0.67702E-03    0.94575E-04    0.18721E-04    0.40256E-04    0.99022E-04    0.24603E-04    0.10245E-03    0.13849E-03
    0.15240E-06    0.16146E-04   -0.25739E-05   -0.16928E-04    0.31992E-03    0.49073E-04    0.35910E-03   -0.25365E+01    0.18431E+00   -0.22310E-01   -0.25644E-01   -0.27617E-01    0.21729E-01    0.73214E-03   -0.23138E-02    0.22499E-02    0.36587E-05    0.40726E-03   -0.56087E-02   -0.61994E-02    0.19838E+00   -0.14843E+00   -0.36974E-01    0.44304E-01    0.34218E-01    0.79133E+00   -0.14155E-01   -0.14120E-01   -0.12926E-01   -0.34295E-01    0.82532E-01    0.11012E+00   -0.83160E-01    0.10478E-02   -0.73762E-01    0.63798E+00    0.23383E+00   -0.46460E-01   -0.26210E-01    0.77915E-01   -0.55785E-02    0.10463E-01    0.11427E-01    0.35666E-02    0.17380E-01   -0.22348E-02   -0.17928E-02    0.91818E-03    0.24874E-03   -0.33478E-03    0.31471E-03    0.35052E-04    0.34063E-03    0.13154E-03    0.48539E-03    0.34937E-03   -0.93953E-04
   -0.29768E-05    0.22279E-05    0.15654E-05   -0.14579E-03    0.97071E-04    0.11631E-03   -0.18662E-03   -0.49923E+01   -0.21918E+00   -0.14758E+00    0.12397E-01    0.13656E+00    0.36580E-01   -0.19868E-02   -0.33249E-03    0.49909E-02    0.49765E-05    0.40597E-04   -0.32102E-02   -0.42145E-01   -0.41699E-01    0.19163E+00   -0.35709E-01   -0.85026E-01    0.52923E-01   -0.14155E-01    0.98697E+00    0.23516E-01    0.41711E-03    0.46553E-02    0.55174E-01   -0.11192E-01   -0.58589E-01   -0.17396E-01    0.13843E+00   -0.78851E-01    0.25963E+00    0.77542E+00    0.27711E+00   -0.18136E+00   -0.66915E-02   -0.12007E+00   -0.20715E-01   -0.76348E-02   -0.12428E+00    0.15923E-02    0.15260E-02    0.19005E-03   -0.49060E-03    0.13184E-03    0.10693E-03    0.42899E-04    0.13391E-03    0.10936E-04    0.26086E-03    0.63839E-05   -0.17266E-03
   -0.14141E-05   -0.21220E-04    0.54487E-06   -0.11785E-03    0.46729E-04    0.16241E-03   -0.33415E-03   -0.11989E+01   -0.21689E+00    0.31554E-01   -0.91542E-02   -0.87625E-01   -0.11575E-01    0.69476E-03   -0.28205E-03   -0.34855E-02   -0.50860E-06   -0.39607E-05   -0.26226E-02    0.62849E-02   -0.42249E-01    0.61623E-01    0.16523E+00    0.62434E-01   -0.37679E-01   -0.14120E-01    0.23516E-01    0.96994E+00    0.58802E-02   -0.48562E-02    0.77880E-01   -0.59463E-01    0.13271E+00    0.14870E+00   -0.13773E+00   -0.20034E+00    0.61779E+00    0.15270E+00   -0.59135E+00    0.17073E+00    0.17655E-02    0.72078E-01    0.11316E-01    0.58277E-02    0.78893E-01   -0.95666E-03   -0.20693E-02   -0.23909E-03    0.11879E-02    0.28143E-02    0.11125E-04   -0.17786E-04    0.10293E-04    0.10876E-05    0.92568E-04    0.13877E-04   -0.82828E-04
   -0.46766E-05    0.53650E-04   -0.13135E-04   -0.87350E-04   -0.94512E-04    0.42381E-04   -0.50144E-04   -0.67474E+00   -0.12694E+00   -0.57784E-01    0.16390E-01    0.23233E+00    0.47102E-02   -0.16541E-02    0.20857E-03    0.78633E-02    0.52648E-05    0.17222E-05    0.31521E-03   -0.14763E-01   -0.65007E-02   -0.16254E-01   -0.17846E-01   -0.93147E-01    0.47335E-01   -0.12926E-01    0.41711E-03    0.58802E-02    0.99118E+00    0.73166E-03   -0.27023E-01   -0.84368E-01   -0.15077E+00   -0.17422E-01   -0.90199E-01   -0.82124E-01    0.81766E-01   -0.45074E-01    0.30002E+00    0.67561E+00   -0.33519E-02   -0.22686E+00    0.83655E-02   -0.97078E-02   -0.16471E+00    0.14196E-02    0.15705E-02    0.10558E-04   -0.11243E-02    0.46406E-03    0.72807E-04   -0.18789E-04   -0.58372E-04   -0.69359E-04    0.12986E-04    0.71350E-06    0.49204E-05
    0.30545E-06   -0.32127E-05    0.27419E-05    0.18548E-04   -0.20294E-04   -0.68450E-04    0.11784E-04   -0.16445E+01    0.13455E-01    0.22006E+00   -0.70815E-02   -0.23087E+00   -0.18811E-01    0.12435E-04   -0.10976E-02   -0.61782E-02    0.28831E-05    0.53973E-04    0.18591E-02    0.28168E-01   -0.63427E-01    0.51528E-01    0.76884E-01    0.42949E-01    0.91268E-01   -0.34295E-01    0.46553E-02   -0.48562E-02    0.73166E-03    0.98841E+00   -0.65893E-01    0.72616E-01    0.38841E-01    0.15508E+00    0.15549E-01    0.96485E-01   -0.57007E+00    0.38805E+00   -0.33515E+00    0.21667E+00    0.21103E-02    0.14651E+00    0.64388E-02    0.77880E-02    0.11797E+00   -0.49858E-03   -0.13955E-02    0.17813E-03    0.16145E-03   -0.22785E-02    0.58457E-05   -0.22641E-03    0.55645E-04   -0.86072E-04   -0.12135E-03    0.10461E-04   -0.24773E-03
    0.33543E-05   -0.35676E-05    0.76965E-06    0.90806E-04    0.67892E-04   -0.43823E-04    0.22961E-03   -0.45221E-01   -0.31443E+00    0.96925E-01    0.14752E-01   -0.14429E+00   -0.51315E-01   -0.10258E-02    0.14892E-02   -0.64842E-02    0.15645E-05   -0.35957E-03    0.10408E-01    0.51299E-01    0.26880E-01   -0.11095E+00   -0.80165E-02    0.71402E-01    0.76358E-01    0.82532E-01    0.55174E-01    0.77880E-01   -0.27023E-01   -0.65893E-01    0.85613E+00    0.61300E-03   -0.26602E-01    0.41936E-02   -0.16837E-02    0.60048E+00    0.18266E+00    0.11441E+00    0.40906E-01   -0.92733E-01    0.17573E-01    0.20762E+00    0.17411E-01    0.20589E-01    0.19113E+00    0.16813E-02    0.49917E-03   -0.87392E-03    0.97595E-03    0.88575E-03    0.27589E-04    0.41044E-03    0.72190E-04    0.32556E-03   -0.26387E-04    0.17359E-03    0.40825E-03
   -0.72832E-07    0.15899E-04    0.30027E-05   -0.38708E-04   -0.12973E-03   -0.13221E-03    0.49190E-04    0.28993E+00    0.14922E+00    0.35612E+00   -0.23325E-01   -0.45768E+00   -0.41706E-01    0.14953E-03   -0.11913E-02   -0.11760E-01    0.19288E-05    0.39595E-04    0.47373E-02    0.66948E-01    0.30025E-01    0.78004E-02    0.41869E-01    0.11302E+00   -0.76911E-01    0.11012E+00   -0.11192E-01   -0.59463E-01   -0.84368E-01    0.72616E-01    0.61300E-03    0.97175E+00   -0.19719E-02   -0.19951E-01   -0.14106E-01    0.91272E-01    0.15035E+00   -0.17415E-01    0.15086E+00    0.15031E+00    0.14391E-01    0.32700E+00    0.64822E-02    0.16180E-01    0.28273E+00   -0.14339E-02   -0.31958E-02   -0.20433E-03   -0.18138E-02   -0.65299E-03    0.47022E-05   -0.10198E-03    0.34197E-04   -0.95873E-04   -0.10007E-04   -0.51656E-04   -0.34873E-03
    0.42318E-05   -0.34771E-04    0.66340E-06    0.26413E-03   -0.56956E-04   -0.87798E-04    0.44907E-03    0.42351E+00   -0.67512E-02   -0.87353E-03   -0.46039E-02   -0.80075E-02   -0.10868E-01   -0.34216E-03    0.57781E-03    0.83348E-04   -0.32227E-05   -0.79850E-04   -0.37020E-03    0.11130E-01   -0.21298E-01    0.27827E-01   -0.11867E-01    0.56577E-01   -0.86845E-01   -0.83160E-01   -0.58589E-01    0.13271E+00   -0.15077E+00    0.38841E-01   -0.26602E-01   -0.19719E-02    0.97422E+00    0.14219E-01   -0.19391E-02   -0.11462E+00    0.38151E-01    0.15841E+00    0.18188E-01   -0.64043E-01   -0.51755E-02   -0.78178E-02    0.10650E-01   -0.62410E-02    0.30925E-01   -0.68449E-03   -0.98748E-03   -0.23757E-03    0.37028E-03    0.68832E-03   -0.92076E-04   -0.71651E-04   -0.76994E-04   -0.10580E-03    0.38073E-04   -0.95026E-04   -0.19019E-03
    0.22113E-05    0.62221E-05   -0.10346E-05    0.83517E-04   -0.16675E-04   -0.11125E-03    0.19298E-03   -0.13326E+01   -0.47423E-01    0.23801E+00   -0.12045E-01   -0.24942E+00   -0.24337E-01    0.91847E-03   -0.13121E-02   -0.63974E-02    0.40802E-07    0.28418E-04    0.13353E-02    0.34130E-01   -0.38909E-01    0.30413E-01   -0.18715E-01    0.14857E+00    0.67782E-01    0.10478E-02   -0.17396E-01    0.14870E+00   -0.17422E-01    0.15508E+00    0.41936E-02   -0.19951E-01    0.14219E-01    0.99284E+00   -0.96845E-02   -0.12563E-01    0.22185E-01    0.12749E+00   -0.25980E+00    0.12189E+00    0.21983E-02    0.16336E+00    0.10484E-01    0.97326E-02    0.10929E+00   -0.14406E-02   -0.16336E-02    0.17821E-03   -0.18238E-02   -0.26033E-03   -0.17033E-04   -0.16132E-03    0.15021E-04   -0.14164E-03    0.99454E-04    0.63094E-04   -0.21382E-03
   -0.47496E-05   -0.93717E-05    0.28825E-05   -0.13711E-03   -0.36350E-05    0.11898E-03   -0.39086E-03   -0.37078E+01   -0.14260E-02    0.12245E+00   -0.12016E-01   -0.17392E+00   -0.96992E-02    0.52860E-03   -0.47005E-03   -0.52697E-02    0.90562E-05   -0.61083E-05    0.34200E-04    0.18597E-01   -0.12693E+00    0.17597E+00    0.11607E+00   -0.88212E-01    0.47209E-01   -0.73762E-01    0.13843E+00   -0.13773E+00   -0.90199E-01    0.15549E-01   -0.16837E-02   -0.14106E-01   -0.19391E-02   -0.96845E-02    0.97477E+00   -0.42471E-01   -0.67545E-01    0.25320E-01    0.17112E+00   -0.95119E-01   -0.32051E-02    0.13108E+00    0.25824E-02    0.28149E-02    0.11731E+00   -0.10676E-02   -0.19506E-02    0.17149E-05    0.16993E-02    0.14841E-02    0.17838E-04   -0.31739E-04    0.21085E-04   -0.34140E-04    0.15565E-04   -0.76504E-04   -0.14392E-03
    0.29620E-05    0.13214E-04   -0.93148E-06    0.83861E-04    0.26366E-03   -0.49236E-04    0.49494E-03   -0.12827E+01    0.97664E-02    0.61648E-01   -0.89252E-02   -0.13311E+00   -0.19606E-01    0.70317E-04   -0.79623E-03   -0.32605E-02    0.36442E-05    0.65482E-04    0.35625E-02    0.33436E-01    0.17130E+00   -0.21602E+00   -0.49159E-01    0.80760E-01    0.10041E+00    0.63798E+00   -0.78851E-01   -0.20034E+00   -0.82124E-01    0.96485E-01    0.60048E+00    0.91272E-01   -0.11462E+00   -0.12563E-01   -0.42471E-01    0.96069E+00   -0.13027E-01    0.41926E-02    0.13805E-01   -0.24461E-01    0.75029E-02    0.15947E+00    0.19267E-01    0.16627E-01    0.14784E+00   -0.51978E-03   -0.81506E-03    0.17230E-03    0.69045E-03   -0.99055E-03    0.23739E-03    0.27055E-03    0.30111E-03    0.31610E-03    0.27173E-03    0.38311E-03    0.22166E-03
   -0.15535E-05   -0.79654E-06   -0.19335E-05   -0.11441E-03    0.11332E-03    0.15296E-03   -0.11763E-03   -0.21740E+01   -0.16980E+00   -0.43523E-02   -0.10064E-01   -0.43709E-01   -0.17769E-02   -0.14169E-03   -0.40308E-03   -0.35203E-03    0.18886E-05    0.65981E-04   -0.18582E-02    0.26330E-02    0.39685E-01    0.36404E-01    0.29337E-01    0.37060E-01   -0.75312E-01    0.23383E+00    0.25963E+00    0.61779E+00    0.81766E-01   -0.57007E+00    0.18266E+00    0.15035E+00    0.38151E-01    0.22185E-01   -0.67545E-01   -0.13027E-01    0.98237E+00    0.66244E-02    0.17937E-01   -0.60366E-02    0.30667E-02    0.42864E-01    0.80646E-02    0.49120E-02    0.44912E-01   -0.74937E-03   -0.14115E-02   -0.99718E-04    0.48434E-04    0.34200E-02    0.12295E-03    0.13700E-03    0.87485E-04    0.58813E-04    0.28349E-03    0.71263E-04   -0.77361E-04
    0.73419E-06   -0.11260E-04    0.26325E-05   -0.22193E-04    0.80513E-04   -0.27797E-05    0.30242E-04   -0.30402E+01   -0.30026E+00   -0.97021E-02    0.17564E-01    0.44988E-01    0.89146E-02   -0.27641E-02   -0.22097E-03    0.37450E-02    0.21238E-05   -0.40612E-04    0.11315E-02   -0.96696E-02   -0.95135E-02    0.11351E+00    0.52448E-02   -0.73668E-02    0.90678E-01   -0.46460E-01    0.77542E+00    0.15270E+00   -0.45074E-01    0.38805E+00    0.11441E+00   -0.17415E-01    0.15841E+00    0.12749E+00    0.25320E-01    0.41926E-02    0.66244E-02    0.99338E+00   -0.19619E-01    0.34912E-02   -0.29459E-02   -0.68535E-01   -0.74968E-02   -0.30193E-02   -0.67989E-01    0.18918E-02    0.12385E-02   -0.53761E-04    0.53238E-03   -0.50629E-03    0.53468E-04   -0.69663E-05    0.13149E-03    0.87991E-05    0.97686E-04    0.46071E-04   -0.20987E-03
   -0.63219E-07    0.23483E-04   -0.89228E-06    0.79140E-04   -0.71086E-04   -0.96273E-04    0.28636E-03    0.22098E+00    0.32496E-02    0.28315E-01    0.19295E-01    0.12555E+00    0.86299E-02   -0.27566E-02    0.10229E-02    0.63699E-02   -0.26071E-07   -0.81403E-04    0.44131E-02   -0.62408E-02    0.34330E-01    0.11280E-01   -0.17867E+00   -0.10523E+00   -0.25793E-01   -0.26210E-01    0.27711E+00   -0.59135E+00    0.30002E+00   -0.33515E+00    0.40906E-01    0.15086E+00    0.18188E-01   -0.25980E+00    0.17112E+00    0.13805E-01    0.17937E-01   -0.19619E-01    0.94787E+00    0.78308E-02    0.61403E-03   -0.12076E+00   -0.10824E-01   -0.82691E-02   -0.11174E+00    0.20944E-02    0.28237E-02   -0.12973E-03   -0.72000E-03    0.69384E-03    0.63489E-05    0.91916E-04   -0.45634E-04   -0.34414E-04    0.36391E-04   -0.84617E-04   -0.12028E-04
   -0.92155E-06    0.25539E-04   -0.92686E-05   -0.30330E-04    0.11072E-04    0.51646E-04    0.63274E-05    0.20977E+01   -0.20548E-01   -0.16352E+00    0.12289E-01    0.26567E+00    0.40406E-02   -0.22501E-02   -0.40238E-04    0.93650E-02    0.30460E-05    0.14673E-04   -0.22174E-02   -0.22238E-01    0.72496E-01   -0.20740E+00    0.94192E-01    0.40958E-01    0.14197E-02    0.77915E-01   -0.18136E+00    0.17073E+00    0.67561E+00    0.21667E+00   -0.92733E-01    0.15031E+00   -0.64043E-01    0.12189E+00   -0.95119E-01   -0.24461E-01   -0.60366E-02    0.34912E-02    0.78308E-02    0.97080E+00   -0.46208E-02   -0.26265E+00    0.17521E-01   -0.10497E-01   -0.19210E+00    0.67734E-03    0.48558E-03    0.84419E-05   -0.27397E-03    0.30922E-03    0.62659E-04   -0.11229E-03    0.17345E-04   -0.12176E-04    0.71462E-04    0.50670E-04    0.52121E-04
    0.91853E-05   -0.47764E-04    0.81324E-05    0.19747E-03    0.18784E-03    0.16968E-03    0.24288E-03    0.54414E+00    0.26238E+00    0.21741E+00    0.68488E-01   -0.39955E+00   -0.66043E-01   -0.17648E-02    0.66399E-02   -0.10201E-01   -0.15460E-05    0.56436E-04    0.66938E-01    0.80895E-01   -0.57758E-02   -0.70266E-02    0.80400E-02   -0.25966E-02    0.31909E-03   -0.55785E-02   -0.66915E-02    0.17655E-02   -0.33519E-02    0.21103E-02    0.17573E-01    0.14391E-01   -0.51755E-02    0.21983E-02   -0.32051E-02    0.75029E-02    0.30667E-02   -0.29459E-02    0.61403E-03   -0.46208E-02    0.34988E+00    0.23053E+00    0.13696E-01    0.15824E+00    0.51995E+00    0.13596E-01    0.18022E-01   -0.47609E-02   -0.38850E-02   -0.26917E-02    0.66079E-03    0.24557E-04    0.80199E-03    0.18524E-04   -0.43889E-03    0.23473E-03    0.15283E-02
    0.65899E-04   -0.54455E-03    0.80727E-04    0.61359E-03    0.23131E-02    0.21245E-02   -0.67364E-03   -0.23503E+01   -0.19776E+01    0.17120E+02   -0.14681E+00   -0.11607E+02   -0.64277E+00   -0.14290E+00    0.37621E-02   -0.18942E+00   -0.11118E-04    0.31252E-03    0.13567E+00    0.11333E+01   -0.16577E+00    0.10015E+00    0.35279E-01    0.99654E-01    0.23772E-01    0.10463E-01   -0.12007E+00    0.72078E-01   -0.22686E+00    0.14651E+00    0.20762E+00    0.32700E+00   -0.78178E-02    0.16336E+00    0.13108E+00    0.15947E+00    0.42864E-01   -0.68535E-01   -0.12076E+00   -0.26265E+00    0.23053E+00    0.15930E+02    0.11461E+00    0.40007E+00    0.56559E+01   -0.38183E-02   -0.32561E-01   -0.12761E-01    0.78617E-02    0.94891E-02    0.20730E-02    0.21597E-01    0.27382E-02    0.13437E-01    0.75921E-03    0.35508E-02   -0.66518E-02
    0.14619E-04   -0.93495E-04    0.14659E-04    0.38134E-03    0.53909E-03    0.37808E-03    0.55088E-03    0.46050E+01    0.77129E+00   -0.97841E+00   -0.19503E+00    0.33449E-01   -0.73186E+00   -0.72028E-02   -0.13479E-01    0.42253E-02    0.39327E-05    0.68333E-04    0.18719E-02    0.25958E+00   -0.13035E-01   -0.28274E-01    0.29868E-03    0.29018E-01   -0.25805E-03    0.11427E-01   -0.20715E-01    0.11316E-01    0.83655E-02    0.64388E-02    0.17411E-01    0.64822E-02    0.10650E-01    0.10484E-01    0.25824E-02    0.19267E-01    0.80646E-02   -0.74968E-02   -0.10824E-01    0.17521E-01    0.13696E-01    0.11461E+00    0.21781E+01   -0.18602E-01    0.27203E+00   -0.89839E-01   -0.10505E+00   -0.44945E-02    0.18146E-02    0.20256E-02   -0.48035E-03    0.13080E-02   -0.28921E-03    0.13464E-02    0.49674E-03    0.12977E-03    0.79991E-03
    0.16467E-04   -0.88859E-04    0.11758E-04    0.33068E-03    0.38115E-03    0.30359E-03    0.37200E-03   -0.59286E+00   -0.27182E+00    0.51218E+00   -0.86331E-02   -0.72696E+00   -0.83218E-01   -0.35708E-02    0.38751E-02   -0.11287E-01   -0.14057E-05    0.28676E-04    0.60149E-01    0.23375E+00   -0.13247E-01   -0.64674E-02    0.37766E-02    0.41211E-02   -0.76690E-04    0.35666E-02   -0.76348E-02    0.58277E-02   -0.97078E-02    0.77880E-02    0.20589E-01    0.16180E-01   -0.62410E-02    0.97326E-02    0.28149E-02    0.16627E-01    0.49120E-02   -0.30193E-02   -0.82691E-02   -0.10497E-01    0.15824E+00    0.40007E+00   -0.18602E-01    0.24278E+00    0.35023E+00    0.80383E-02    0.16545E-01   -0.15974E-03   -0.77107E-03    0.15850E-02    0.22913E-03   -0.85237E-04    0.25349E-03   -0.10608E-03    0.35035E-03    0.36383E-03    0.14026E-03
    0.71993E-04   -0.59986E-03    0.81212E-04    0.10510E-02    0.19994E-02    0.14502E-02    0.24547E-03    0.21773E+01   -0.11497E+01    0.81428E+01   -0.28605E-01   -0.73819E+01   -0.10643E+01   -0.97374E-01    0.77285E-02   -0.13364E+00   -0.62745E-05    0.43175E-03    0.20417E+00    0.16232E+01   -0.14827E+00    0.49750E-01    0.21008E-01    0.77155E-01    0.26167E-01    0.17380E-01   -0.12428E+00    0.78893E-01   -0.16471E+00    0.11797E+00    0.19113E+00    0.28273E+00    0.30925E-01    0.10929E+00    0.11731E+00    0.14784E+00    0.44912E-01   -0.67989E-01   -0.11174E+00   -0.19210E+00    0.51995E+00    0.56559E+01    0.27203E+00    0.35023E+00    0.16422E+02    0.63631E-03   -0.54264E-01   -0.25567E-01   -0.79369E-02   -0.12560E-01    0.22104E-02    0.28532E-02    0.24402E-02    0.16474E-02    0.40959E-03    0.52369E-02    0.31015E-01
    0.66083E-07    0.17071E-05   -0.12182E-06    0.20754E-04   -0.19706E-04   -0.24806E-04    0.41430E-04   -0.17432E-02    0.11016E-01   -0.34780E-01    0.47380E-01    0.45141E-01    0.39994E-01    0.36496E-03    0.16060E-03   -0.69901E-03   -0.13181E-06    0.50808E-05    0.54005E-02   -0.40028E-01    0.18330E-03   -0.26489E-03    0.12619E-03   -0.17263E-02   -0.93929E-04   -0.22348E-02    0.15923E-02   -0.95666E-03    0.14196E-02   -0.49858E-03    0.16813E-02   -0.14339E-02   -0.68449E-03   -0.14406E-02   -0.10676E-02   -0.51978E-03   -0.74937E-03    0.18918E-02    0.20944E-02    0.67734E-03    0.13596E-01   -0.38183E-02   -0.89839E-01    0.80383E-02    0.63631E-03    0.83855E-02    0.78771E-02   -0.15689E-03   -0.13519E-03   -0.50806E-04    0.23959E-04   -0.14327E-04    0.13904E-04   -0.95058E-05   -0.72329E-04    0.37308E-04    0.12715E-03
