# omegabh2 omegach2 theta tau meffsterile nnu logA ns calPlanck acib217 xi asz143 aps100 aps143 aps143217 aps217 aksz kgal100 kgal143 kgal143217 kgal217 galfEE100 galfEE100143 galfEE100217 galfEE143 galfEE143217 galfEE217 galfTE100 galfTE100143 galfTE100217 galfTE143 galfTE143217 galfTE217 cal0 cal2
    0.2807959E-07    0.1269063E-06   -0.1497310E-08    0.8043249E-06   -0.1482435E-05    0.9505977E-05    0.1856961E-05    0.5359634E-06   -0.1873432E-08   -0.3918671E-04    0.9096930E-06    0.1765931E-04   -0.2264323E-03   -0.1214507E-03   -0.1055553E-05    0.1874136E-04   -0.2167304E-04   -0.6291408E-06   -0.2123715E-05   -0.2673277E-04   -0.3562396E-04    0.1184221E-06    0.3017901E-07   -0.3140085E-07    0.2887319E-07    0.3922338E-07   -0.9606621E-07   -0.1710836E-06   -0.4272001E-07   -0.7200052E-06    0.9080190E-07   -0.5191059E-06   -0.1995132E-05    0.3460329E-08   -0.6998231E-08
    0.1269063E-06    0.1090048E-04   -0.4983527E-06    0.6056670E-05   -0.4931467E-03    0.2717210E-03    0.2371454E-04    0.1048877E-04   -0.3631312E-06    0.1341957E-02   -0.2718266E-04   -0.3053136E-03    0.6055955E-02    0.2225221E-02   -0.1863369E-03   -0.1369995E-02    0.7476968E-03    0.1365356E-03    0.2488099E-03    0.6591031E-03    0.4896296E-03    0.4926718E-06    0.1171141E-06   -0.1181540E-05    0.9465514E-07   -0.9342306E-06    0.5142183E-05    0.5492524E-05    0.2585260E-05   -0.1823545E-05    0.2638991E-05   -0.6304950E-05    0.5119470E-05   -0.6217504E-07    0.1742612E-06
   -0.1497310E-08   -0.4983527E-06    0.1270220E-06    0.2166324E-06    0.9160242E-05   -0.2150357E-04   -0.2627400E-06   -0.5665759E-06    0.2957346E-07   -0.2205089E-03    0.2298741E-05    0.5952022E-04   -0.8293243E-03   -0.2357264E-03    0.1097877E-03    0.3232450E-03   -0.1191857E-03    0.2599587E-06   -0.2412599E-04   -0.3553539E-04   -0.8668818E-06   -0.2741807E-07   -0.2662857E-07    0.8946968E-07   -0.1412336E-07    0.5281101E-07   -0.7172212E-07   -0.1161573E-06   -0.1515979E-06    0.1711355E-05   -0.4083508E-06    0.4526466E-06    0.2202033E-06    0.9068414E-08   -0.3251860E-07
    0.8043249E-06    0.6056670E-05    0.2166324E-06    0.1743270E-03   -0.1944205E-03    0.5370585E-03    0.3365370E-03    0.4414897E-04   -0.4118583E-05    0.1382978E-03   -0.8108626E-04    0.1203079E-02   -0.1465975E-01   -0.4007091E-02    0.1732167E-04    0.3051239E-03   -0.1121009E-02    0.1502865E-03    0.1493203E-03   -0.1895873E-02   -0.4464506E-02    0.5798472E-05    0.3853162E-05   -0.1134050E-05    0.2109727E-05   -0.2996295E-05    0.1214012E-05   -0.2995414E-04   -0.1000913E-04    0.5017832E-04    0.2022556E-05   -0.3143880E-04   -0.2493906E-04   -0.2417511E-06   -0.6838211E-06
   -0.1482435E-05   -0.4931467E-03    0.9160242E-05   -0.1944205E-03    0.3808956E-01   -0.5157613E-02   -0.6355757E-03   -0.3596991E-03    0.2989943E-04   -0.1083518E-01   -0.4872706E-03    0.3112993E-02   -0.2157248E+00   -0.1282278E-01    0.2061282E-01    0.5818661E-01   -0.1413646E-01   -0.1274189E-02   -0.9044691E-02   -0.3920705E-01   -0.4852604E-01   -0.3173348E-04   -0.6495007E-05    0.6869716E-04   -0.1151232E-04    0.7769179E-04   -0.4228175E-03   -0.1246183E-03   -0.2343805E-04   -0.3088391E-03   -0.2142044E-04    0.9280827E-04   -0.8057545E-03   -0.1191132E-06   -0.4629449E-05
    0.9505977E-05    0.2717210E-03   -0.2150357E-04    0.5370585E-03   -0.5157613E-02    0.1286506E-01    0.1468602E-02    0.5356523E-03   -0.6002139E-05    0.6412527E-01   -0.1752109E-02   -0.1226772E-01    0.1768407E+00    0.8882546E-01   -0.1200434E-01   -0.5131415E-01    0.3104768E-01    0.6085200E-02    0.8674030E-02    0.7357743E-02   -0.1491352E-01    0.5974926E-04    0.1929332E-04   -0.3182833E-04    0.1475050E-04    0.7073896E-05   -0.4611529E-05    0.1536116E-03    0.9936461E-04   -0.3129046E-03    0.9626037E-04   -0.3856992E-03   -0.3984899E-03   -0.3495158E-05    0.3946896E-05
    0.1856961E-05    0.2371454E-04   -0.2627400E-06    0.3365370E-03   -0.6355757E-03    0.1468602E-02    0.6975319E-03    0.9761855E-04    0.4520861E-05    0.3368124E-02   -0.1766572E-03    0.1982871E-02   -0.1814448E-01   -0.2639704E-02    0.3106366E-02    0.3833647E-02   -0.1908944E-02    0.3128413E-03   -0.1460191E-04   -0.4031737E-02   -0.8149410E-02    0.1520676E-04    0.8086355E-05   -0.3982092E-05    0.5204883E-05   -0.4017740E-05   -0.6473418E-05   -0.4435006E-04   -0.1213123E-04    0.8268716E-04    0.8229506E-05   -0.6608587E-04   -0.5989169E-04   -0.3422220E-06   -0.1112759E-05
    0.5359634E-06    0.1048877E-04   -0.5665759E-06    0.4414897E-04   -0.3596991E-03    0.5356523E-03    0.9761855E-04    0.3858222E-04   -0.3017662E-06   -0.2212773E-02    0.4016327E-04    0.6411497E-03   -0.1577669E-01   -0.1178236E-02    0.3124622E-02    0.4408553E-02   -0.1438356E-02    0.2882478E-03    0.2106184E-03    0.8309864E-04    0.2815547E-03    0.7472301E-05    0.2559612E-05   -0.2027311E-05    0.2662108E-05   -0.7951235E-06    0.3094516E-05    0.5759021E-05    0.5455893E-05   -0.5887973E-05    0.4655751E-05   -0.2385420E-04   -0.2775065E-04   -0.3319126E-06   -0.3606204E-06
   -0.1873432E-08   -0.3631312E-06    0.2957346E-07   -0.4118583E-05    0.2989943E-04   -0.6002139E-05    0.4520861E-05   -0.3017662E-06    0.6536130E-05    0.1282615E-02   -0.4890552E-05   -0.1580351E-05    0.3700384E-02    0.6546853E-03    0.3083004E-03    0.6865419E-03    0.2469553E-04    0.2728616E-04   -0.4583216E-04   -0.9372049E-04    0.3753250E-03    0.2071009E-05    0.4726990E-06   -0.1195179E-06    0.7241562E-06    0.8097651E-06   -0.5167369E-05    0.2890033E-05    0.2064368E-05   -0.1730110E-05    0.6744331E-06    0.3381414E-05   -0.7170416E-05    0.6219473E-08    0.2649577E-07
   -0.3918671E-04    0.1341957E-02   -0.2205089E-03    0.1382978E-03   -0.1083518E-01    0.6412527E-01    0.3368124E-02   -0.2212773E-02    0.1282615E-02    0.4847454E+02   -0.4602528E+00   -0.1563193E+01    0.4090896E+02    0.2531648E+00   -0.2110284E+02   -0.6591579E+02    0.2358195E+00    0.8790191E-01    0.4902455E+00   -0.2894870E+01   -0.2449131E+02   -0.1660800E-04    0.1423442E-03   -0.3065215E-03   -0.9524972E-03    0.3273325E-02   -0.2992594E-02   -0.1615431E-02    0.2855720E-02    0.1424630E-01    0.3325716E-02    0.3885754E-02    0.9853679E-02   -0.1110472E-03    0.4423760E-02
    0.9096930E-06   -0.2718266E-04    0.2298741E-05   -0.8108626E-04   -0.4872706E-03   -0.1752109E-02   -0.1766572E-03    0.4016327E-04   -0.4890552E-05   -0.4602528E+00    0.8317083E-01   -0.7945158E-01   -0.2825982E+00    0.9919402E+00    0.1740834E+01    0.6656341E+00    0.6992542E-01   -0.1773716E-01    0.4574820E-02    0.1109709E+00    0.1292221E+00   -0.1514552E-04    0.5030898E-05   -0.6235757E-04   -0.1680208E-05   -0.1412198E-04    0.1830993E-03   -0.3857109E-03   -0.2804405E-03    0.6949762E-03   -0.7309780E-04    0.2625584E-04    0.1733833E-02    0.5062997E-05   -0.1251335E-04
    0.1765931E-04   -0.3053136E-03    0.5952022E-04    0.1203079E-02    0.3112993E-02   -0.1226772E-01    0.1982871E-02    0.6411497E-03   -0.1580351E-05   -0.1563193E+01   -0.7945158E-01    0.3895779E+01   -0.2980475E+02   -0.3602506E+01    0.8197428E+01    0.7147673E+01   -0.2927657E+01   -0.2306351E+00    0.4185857E-02    0.2295779E+01    0.1810890E+01    0.3335223E-03   -0.3368216E-04   -0.4090939E-04    0.2433176E-03   -0.4439695E-03   -0.1126655E-02    0.3119581E-02    0.1865308E-02   -0.2088305E-02    0.3441539E-03   -0.1365475E-02   -0.5849627E-02    0.2179779E-03   -0.4036921E-03
   -0.2264323E-03    0.6055955E-02   -0.8293243E-03   -0.1465975E-01   -0.2157248E+00    0.1768407E+00   -0.1814448E-01   -0.1577669E-01    0.3700384E-02    0.4090896E+02   -0.2825982E+00   -0.2980475E+02    0.7046934E+03    0.6431485E+02   -0.6270478E+02   -0.7306515E+02    0.1570901E+02    0.1878988E+01    0.1763633E+01   -0.1146656E+02   -0.1799714E+02   -0.2263541E-02   -0.4774918E-03    0.2624340E-02   -0.4505646E-02    0.1289878E-01   -0.2563822E-01    0.4441608E-01   -0.3902456E-03    0.1263651E+00   -0.1039427E-01    0.1157511E-01    0.4468483E-01    0.4138710E-02    0.4476649E-02
   -0.1214507E-03    0.2225221E-02   -0.2357264E-03   -0.4007091E-02   -0.1282278E-01    0.8882546E-01   -0.2639704E-02   -0.1178236E-02    0.6546853E-03    0.2531648E+00    0.9919402E+00   -0.3602506E+01    0.6431485E+02    0.5700548E+02    0.4065123E+02    0.1647064E+02   -0.4529965E+01   -0.1205614E+00   -0.6841231E+00    0.4576330E+01    0.4867010E+01   -0.1580808E-03    0.1957732E-03   -0.1754847E-02   -0.2678199E-03    0.2143609E-02   -0.3103419E-02   -0.5522595E-02   -0.2110098E-03   -0.2283014E-03   -0.5518126E-03    0.1720202E-01    0.3752987E-01    0.1029265E-03    0.2831896E-03
   -0.1055553E-05   -0.1863369E-03    0.1097877E-03    0.1732167E-04    0.2061282E-01   -0.1200434E-01    0.3106366E-02    0.3124622E-02    0.3083004E-03   -0.2110284E+02    0.1740834E+01    0.8197428E+01   -0.6270478E+02    0.4065123E+02    0.9241629E+02    0.6591808E+02   -0.1277917E+02   -0.9844534E+00   -0.4995436E+00    0.4613147E+01    0.5711626E+01   -0.4261698E-03   -0.3330874E-03   -0.1324569E-02    0.5632138E-03   -0.6245880E-03   -0.6245215E-02    0.4524708E-02    0.2063179E-03    0.9923577E-02   -0.2173497E-02    0.6019774E-02    0.2372994E-01    0.7408281E-03   -0.2569016E-02
    0.1874136E-04   -0.1369995E-02    0.3232450E-03    0.3051239E-03    0.5818661E-01   -0.5131415E-01    0.3833647E-02    0.4408553E-02    0.6865419E-03   -0.6591579E+02    0.6656341E+00    0.7147673E+01   -0.7306515E+02    0.1647064E+02    0.6591808E+02    0.1268340E+03   -0.1074186E+02   -0.5854012E+00   -0.8697222E+00    0.2707439E+00    0.2066750E+02   -0.1121163E-03   -0.4925565E-03   -0.5321739E-04    0.1284861E-02   -0.3263529E-02   -0.6133256E-02    0.1224587E-01    0.2194839E-02   -0.1049944E-01   -0.4610611E-02    0.3477908E-02   -0.2626999E-01    0.5500925E-03   -0.7767693E-02
   -0.2167304E-04    0.7476968E-03   -0.1191857E-03   -0.1121009E-02   -0.1413646E-01    0.3104768E-01   -0.1908944E-02   -0.1438356E-02    0.2469553E-04    0.2358195E+00    0.6992542E-01   -0.2927657E+01    0.1570901E+02   -0.4529965E+01   -0.1277917E+02   -0.1074186E+02    0.6460521E+01    0.1300198E+00    0.5497728E-02   -0.2003187E+01   -0.1435994E+01   -0.8951756E-03   -0.1128492E-03    0.3665782E-03   -0.3221518E-03   -0.2686419E-03    0.2760491E-02   -0.2903548E-02   -0.2532311E-02   -0.9489013E-03   -0.6905149E-03   -0.3915830E-03    0.1078109E-01   -0.1569074E-03    0.1652190E-03
   -0.6291408E-06    0.1365356E-03    0.2599587E-06    0.1502865E-03   -0.1274189E-02    0.6085200E-02    0.3128413E-03    0.2882478E-03    0.2728616E-04    0.8790191E-01   -0.1773716E-01   -0.2306351E+00    0.1878988E+01   -0.1205614E+00   -0.9844534E+00   -0.5854012E+00    0.1300198E+00    0.3124948E+01    0.7318237E+00    0.4599061E+00    0.7294232E+00    0.9944545E-04   -0.4422824E-04   -0.2838592E-03   -0.8880800E-04   -0.6697283E-04   -0.2238823E-03   -0.7008821E-02   -0.1071830E-02    0.4622314E-02   -0.6474115E-03   -0.1581015E-02   -0.2122877E-02    0.4292786E-03    0.4037093E-04
   -0.2123715E-05    0.2488099E-03   -0.2412599E-04    0.1493203E-03   -0.9044691E-02    0.8674030E-02   -0.1460191E-04    0.2106184E-03   -0.4583216E-04    0.4902455E+00    0.4574820E-02    0.4185857E-02    0.1763633E+01   -0.6841231E+00   -0.4995436E+00   -0.8697222E+00    0.5497728E-02    0.7318237E+00    0.2991615E+01    0.2342140E+01    0.1329686E+01    0.3697998E-03    0.3415476E-04   -0.4922526E-03   -0.2003720E-03    0.9009580E-03    0.1487899E-02    0.1322849E-02   -0.1727590E-02    0.5097328E-02   -0.2163365E-02   -0.1670719E-02   -0.8456828E-03   -0.3954396E-03   -0.1626577E-03
   -0.2673277E-04    0.6591031E-03   -0.3553539E-04   -0.1895873E-02   -0.3920705E-01    0.7357743E-02   -0.4031737E-02    0.8309864E-04   -0.9372049E-04   -0.2894870E+01    0.1109709E+00    0.2295779E+01   -0.1146656E+02    0.4576330E+01    0.4613147E+01    0.2707439E+00   -0.2003187E+01    0.4599061E+00    0.2342140E+01    0.1827081E+02    0.2790248E+02    0.6249662E-03    0.3477198E-03   -0.1419576E-02    0.1799714E-03   -0.8006636E-03    0.4864381E-02   -0.4415862E-03   -0.4842333E-03    0.7432293E-02   -0.1597071E-02   -0.1028571E-02   -0.1101815E-03   -0.8069992E-04    0.2529946E-02
   -0.3562396E-04    0.4896296E-03   -0.8668818E-06   -0.4464506E-02   -0.4852604E-01   -0.1491352E-01   -0.8149410E-02    0.2815547E-03    0.3753250E-03   -0.2449131E+02    0.1292221E+00    0.1810890E+01   -0.1799714E+02    0.4867010E+01    0.5711626E+01    0.2066750E+02   -0.1435994E+01    0.7294232E+00    0.1329686E+01    0.2790248E+02    0.6244871E+02    0.9430092E-03    0.4494702E-03   -0.2099968E-02    0.5638023E-03   -0.3649088E-02    0.6592922E-02    0.1022778E-02   -0.2801785E-03    0.6500199E-02   -0.1354180E-02   -0.4079508E-02   -0.8714327E-02   -0.1342414E-03    0.4442170E-02
    0.1184221E-06    0.4926718E-06   -0.2741807E-07    0.5798472E-05   -0.3173348E-04    0.5974926E-04    0.1520676E-04    0.7472301E-05    0.2071009E-05   -0.1660800E-04   -0.1514552E-04    0.3335223E-03   -0.2263541E-02   -0.1580808E-03   -0.4261698E-03   -0.1121163E-03   -0.8951756E-03    0.9944545E-04    0.3697998E-03    0.6249662E-03    0.9430092E-03    0.1256422E-03    0.1026137E-04   -0.2630258E-05    0.1759839E-05    0.2489983E-05   -0.7651932E-05   -0.9940463E-05   -0.2982855E-05   -0.1255934E-04    0.9292857E-05   -0.1232494E-04    0.2479792E-04   -0.2269128E-06   -0.6470672E-08
    0.3017901E-07    0.1171141E-06   -0.2662857E-07    0.3853162E-05   -0.6495007E-05    0.1929332E-04    0.8086355E-05    0.2559612E-05    0.4726990E-06    0.1423442E-03    0.5030898E-05   -0.3368216E-04   -0.4774918E-03    0.1957732E-03   -0.3330874E-03   -0.4925565E-03   -0.1128492E-03   -0.4422824E-04    0.3415476E-04    0.3477198E-03    0.4494702E-03    0.1026137E-04    0.1400701E-04   -0.5654772E-06    0.6287245E-05   -0.1328755E-05   -0.2534138E-06   -0.2355441E-05   -0.1564442E-05    0.6428983E-06    0.5996258E-06    0.1527178E-05    0.6096970E-06   -0.1502389E-06   -0.2617326E-07
   -0.3140085E-07   -0.1181540E-05    0.8946968E-07   -0.1134050E-05    0.6869716E-04   -0.3182833E-04   -0.3982092E-05   -0.2027311E-05   -0.1195179E-06   -0.3065215E-03   -0.6235757E-04   -0.4090939E-04    0.2624340E-02   -0.1754847E-02   -0.1324569E-02   -0.5321739E-04    0.3665782E-03   -0.2838592E-03   -0.4922526E-03   -0.1419576E-02   -0.2099968E-02   -0.2630258E-05   -0.5654772E-06    0.2184134E-03    0.1359198E-06   -0.4888646E-05    0.1359531E-04   -0.5557445E-05   -0.2875331E-05    0.3573310E-04    0.1522272E-04    0.1047585E-04    0.4043138E-06    0.1076243E-06   -0.4128838E-06
    0.2887319E-07    0.9465514E-07   -0.1412336E-07    0.2109727E-05   -0.1151232E-04    0.1475050E-04    0.5204883E-05    0.2662108E-05    0.7241562E-06   -0.9524972E-03   -0.1680208E-05    0.2433176E-03   -0.4505646E-02   -0.2678199E-03    0.5632138E-03    0.1284861E-02   -0.3221518E-03   -0.8880800E-04   -0.2003720E-03    0.1799714E-03    0.5638023E-03    0.1759839E-05    0.6287245E-05    0.1359198E-06    0.3016478E-04   -0.3328195E-05    0.2597222E-05    0.5489134E-05    0.5767518E-06    0.3355158E-05   -0.2823407E-05   -0.3792508E-06    0.2361139E-06   -0.1401058E-07   -0.2175925E-06
    0.3922338E-07   -0.9342306E-06    0.5281101E-07   -0.2996295E-05    0.7769179E-04    0.7073896E-05   -0.4017740E-05   -0.7951235E-06    0.8097651E-06    0.3273325E-02   -0.1412198E-04   -0.4439695E-03    0.1289878E-01    0.2143609E-02   -0.6245880E-03   -0.3263529E-02   -0.2686419E-03   -0.6697283E-04    0.9009580E-03   -0.8006636E-03   -0.3649088E-02    0.2489983E-05   -0.1328755E-05   -0.4888646E-05   -0.3328195E-05    0.3890326E-03    0.7281486E-05    0.2066245E-04    0.1219486E-04    0.3192416E-05    0.8693849E-05   -0.5935646E-05   -0.5755265E-04    0.9758481E-08   -0.4208774E-06
   -0.9606621E-07    0.5142183E-05   -0.7172212E-07    0.1214012E-05   -0.4228175E-03   -0.4611529E-05   -0.6473418E-05    0.3094516E-05   -0.5167369E-05   -0.2992594E-02    0.1830993E-03   -0.1126655E-02   -0.2563822E-01   -0.3103419E-02   -0.6245215E-02   -0.6133256E-02    0.2760491E-02   -0.2238823E-03    0.1487899E-02    0.4864381E-02    0.6592922E-02   -0.7651932E-05   -0.2534138E-06    0.1359531E-04    0.2597222E-05    0.7281486E-05    0.3349004E-02    0.1886627E-04    0.1698767E-04    0.3294990E-03   -0.2136360E-04    0.6060057E-04    0.1965881E-04   -0.9709715E-06   -0.1942007E-06
   -0.1710836E-06    0.5492524E-05   -0.1161573E-06   -0.2995414E-04   -0.1246183E-03    0.1536116E-03   -0.4435006E-04    0.5759021E-05    0.2890033E-05   -0.1615431E-02   -0.3857109E-03    0.3119581E-02    0.4441608E-01   -0.5522595E-02    0.4524708E-02    0.1224587E-01   -0.2903548E-02   -0.7008821E-02    0.1322849E-02   -0.4415862E-03    0.1022778E-02   -0.9940463E-05   -0.2355441E-05   -0.5557445E-05    0.5489134E-05    0.2066245E-04    0.1886627E-04    0.5863085E-02    0.1859200E-02    0.1855083E-02   -0.6738586E-03   -0.2087662E-03   -0.2316033E-03    0.3045219E-05    0.1433090E-05
   -0.4272001E-07    0.2585260E-05   -0.1515979E-06   -0.1000913E-04   -0.2343805E-04    0.9936461E-04   -0.1213123E-04    0.5455893E-05    0.2064368E-05    0.2855720E-02   -0.2804405E-03    0.1865308E-02   -0.3902456E-03   -0.2110098E-03    0.2063179E-03    0.2194839E-02   -0.2532311E-02   -0.1071830E-02   -0.1727590E-02   -0.4842333E-03   -0.2801785E-03   -0.2982855E-05   -0.1564442E-05   -0.2875331E-05    0.5767518E-06    0.1219486E-04    0.1698767E-04    0.1859200E-02    0.1244644E-02    0.8103892E-03    0.2385964E-03   -0.8717051E-05   -0.2481550E-03    0.6224101E-06    0.7521327E-06
   -0.7200052E-06   -0.1823545E-05    0.1711355E-05    0.5017832E-04   -0.3088391E-03   -0.3129046E-03    0.8268716E-04   -0.5887973E-05   -0.1730110E-05    0.1424630E-01    0.6949762E-03   -0.2088305E-02    0.1263651E+00   -0.2283014E-03    0.9923577E-02   -0.1049944E-01   -0.9489013E-03    0.4622314E-02    0.5097328E-02    0.7432293E-02    0.6500199E-02   -0.1255934E-04    0.6428983E-06    0.3573310E-04    0.3355158E-05    0.3192416E-05    0.3294990E-03    0.1855083E-02    0.8103892E-03    0.3382479E-01   -0.7017328E-03    0.1382501E-02    0.1087562E-01    0.1176494E-05    0.6946331E-05
    0.9080190E-07    0.2638991E-05   -0.4083508E-06    0.2022556E-05   -0.2142044E-04    0.9626037E-04    0.8229506E-05    0.4655751E-05    0.6744331E-06    0.3325716E-02   -0.7309780E-04    0.3441539E-03   -0.1039427E-01   -0.5518126E-03   -0.2173497E-02   -0.4610611E-02   -0.6905149E-03   -0.6474115E-03   -0.2163365E-02   -0.1597071E-02   -0.1354180E-02    0.9292857E-05    0.5996258E-06    0.1522272E-04   -0.2823407E-05    0.8693849E-05   -0.2136360E-04   -0.6738586E-03    0.2385964E-03   -0.7017328E-03    0.1426649E-02    0.1699930E-03   -0.4485245E-03   -0.2105584E-06   -0.3116840E-06
   -0.5191059E-06   -0.6304950E-05    0.4526466E-06   -0.3143880E-04    0.9280827E-04   -0.3856992E-03   -0.6608587E-04   -0.2385420E-04    0.3381414E-05    0.3885754E-02    0.2625584E-04   -0.1365475E-02    0.1157511E-01    0.1720202E-01    0.6019774E-02    0.3477908E-02   -0.3915830E-03   -0.1581015E-02   -0.1670719E-02   -0.1028571E-02   -0.4079508E-02   -0.1232494E-04    0.1527178E-05    0.1047585E-04   -0.3792508E-06   -0.5935646E-05    0.6060057E-04   -0.2087662E-03   -0.8717051E-05    0.1382501E-02    0.1699930E-03    0.5068695E-02    0.4212670E-02   -0.1292661E-05   -0.5581655E-06
   -0.1995132E-05    0.5119470E-05    0.2202033E-06   -0.2493906E-04   -0.8057545E-03   -0.3984899E-03   -0.5989169E-04   -0.2775065E-04   -0.7170416E-05    0.9853679E-02    0.1733833E-02   -0.5849627E-02    0.4468483E-01    0.3752987E-01    0.2372994E-01   -0.2626999E-01    0.1078109E-01   -0.2122877E-02   -0.8456828E-03   -0.1101815E-03   -0.8714327E-02    0.2479792E-04    0.6096970E-06    0.4043138E-06    0.2361139E-06   -0.5755265E-04    0.1965881E-04   -0.2316033E-03   -0.2481550E-03    0.1087562E-01   -0.4485245E-03    0.4212670E-02    0.3575513E-01   -0.1128692E-05    0.2427430E-05
    0.3460329E-08   -0.6217504E-07    0.9068414E-08   -0.2417511E-06   -0.1191132E-06   -0.3495158E-05   -0.3422220E-06   -0.3319126E-06    0.6219473E-08   -0.1110472E-03    0.5062997E-05    0.2179779E-03    0.4138710E-02    0.1029265E-03    0.7408281E-03    0.5500925E-03   -0.1569074E-03    0.4292786E-03   -0.3954396E-03   -0.8069992E-04   -0.1342414E-03   -0.2269128E-06   -0.1502389E-06    0.1076243E-06   -0.1401058E-07    0.9758481E-08   -0.9709715E-06    0.3045219E-05    0.6224101E-06    0.1176494E-05   -0.2105584E-06   -0.1292661E-05   -0.1128692E-05    0.5197624E-06    0.3499644E-09
   -0.6998231E-08    0.1742612E-06   -0.3251860E-07   -0.6838211E-06   -0.4629449E-05    0.3946896E-05   -0.1112759E-05   -0.3606204E-06    0.2649577E-07    0.4423760E-02   -0.1251335E-04   -0.4036921E-03    0.4476649E-02    0.2831896E-03   -0.2569016E-02   -0.7767693E-02    0.1652190E-03    0.4037093E-04   -0.1626577E-03    0.2529946E-02    0.4442170E-02   -0.6470672E-08   -0.2617326E-07   -0.4128838E-06   -0.2175925E-06   -0.4208774E-06   -0.1942007E-06    0.1433090E-05    0.7521327E-06    0.6946331E-05   -0.3116840E-06   -0.5581655E-06    0.2427430E-05    0.3499644E-09    0.2054583E-05
