# omegabh2 omegach2 theta tau logA ns acib217 acibsz143 asz143 aps100 aps143 aps143217 aps217 aksz kgal100 t1gal143 t1gal143217 t1gal217 calib_100T calib_217T
    0.8213663E-07   -0.5208023E-06    0.8941355E-07    0.6365056E-05    0.1167632E-04    0.1675012E-05   -0.5661394E-03   -0.2520593E-03   -0.8106922E-05   -0.1119850E-02   -0.3978008E-03    0.2182522E-03    0.3394061E-03   -0.1346492E-03    0.3107578E-03   -0.1469291E-03   -0.2880652E-03   -0.3830410E-03   -0.3616297E-07    0.3764469E-07
   -0.5208023E-06    0.7535676E-05   -0.8969909E-06   -0.6659626E-04   -0.1169266E-03   -0.2046197E-04    0.3207606E-02    0.1338734E-02    0.6465212E-04    0.2649291E-02    0.1066759E-02   -0.2346367E-02   -0.3279363E-02    0.9351181E-03    0.6663843E-02    0.7616780E-02    0.8646551E-02    0.9381314E-02   -0.1363463E-06   -0.2687405E-06
    0.8941355E-07   -0.8969909E-06    0.3004514E-06    0.9509683E-05    0.1726011E-04    0.2855747E-05   -0.4753691E-03   -0.2381675E-03   -0.3460025E-04   -0.6929821E-03   -0.2257507E-03    0.2851958E-03    0.3416659E-03   -0.1192174E-03   -0.3526919E-03   -0.7140463E-03   -0.8554316E-03   -0.9443306E-03   -0.1517255E-07    0.3230474E-07
    0.6365056E-05   -0.6659626E-04    0.9509683E-05    0.1300981E-02    0.2466446E-02    0.2312048E-03   -0.6842816E-01   -0.3038600E-01   -0.6161356E-02   -0.5449741E-01    0.7570762E-02    0.6877946E-01    0.8381183E-01   -0.2050841E-01   -0.9142449E-01   -0.1188006E+00   -0.1428829E+00   -0.1569682E+00    0.2083269E-05    0.5576437E-05
    0.1167632E-04   -0.1169266E-03    0.1726011E-04    0.2466446E-02    0.4712711E-02    0.4169514E-03   -0.1296147E+00   -0.5877431E-01   -0.1342821E-01   -0.7889313E-01    0.3296061E-01    0.1466159E+00    0.1722788E+00   -0.3977538E-01   -0.1932523E+00   -0.2731610E+00   -0.3200546E+00   -0.3471876E+00    0.1142464E-05    0.1046713E-04
    0.1675012E-05   -0.2046197E-04    0.2855747E-05    0.2312048E-03    0.4169514E-03    0.7319415E-04   -0.2054162E-01   -0.9083466E-02   -0.1926943E-02   -0.1874308E-01    0.3498043E-02    0.2098630E-01    0.2478228E-01   -0.5941544E-02   -0.1991499E-01   -0.2549328E-01   -0.3046958E-01   -0.3244511E-01    0.7541572E-06    0.1267049E-05
   -0.5661394E-03    0.3207606E-02   -0.4753691E-03   -0.6842816E-01   -0.1296147E+00   -0.2054162E-01    0.6692149E+02    0.2366444E+02    0.7446881E+00    0.2727915E+02   -0.1581164E+02   -0.6080759E+02   -0.8198026E+02   -0.2248528E+01   -0.5995784E+01   -0.1370173E+02   -0.1624870E+02   -0.1959747E+02   -0.1177591E-03   -0.3620531E-02
   -0.2520593E-03    0.1338734E-02   -0.2381675E-03   -0.3038600E-01   -0.5877431E-01   -0.9083466E-02    0.2366444E+02    0.1693653E+02    0.2168081E+01   -0.7052513E+01   -0.1984871E+02   -0.4017221E+02   -0.2464788E+02   -0.9924535E+00   -0.3622386E+01   -0.6671804E+01   -0.1253230E+02   -0.1368622E+02   -0.5544875E-04   -0.1985817E-03
   -0.8106922E-05    0.6465212E-04   -0.3460025E-04   -0.6161356E-02   -0.1342821E-01   -0.1926943E-02    0.7446881E+00    0.2168081E+01    0.5748377E+01   -0.3807160E+02   -0.1683967E+02   -0.5041244E+01   -0.1126450E+01   -0.7201973E-01   -0.1945091E+01    0.7096917E+00    0.4543365E+01    0.5059894E+01   -0.8278327E-04    0.1716400E-03
   -0.1119850E-02    0.2649291E-02   -0.6929821E-03   -0.5449741E-01   -0.7889313E-01   -0.1874308E-01    0.2727915E+02   -0.7052513E+01   -0.3807160E+02    0.7551467E+03    0.1793973E+03    0.6453277E+02    0.1087409E+02   -0.1072284E+02   -0.7029792E+02   -0.6388966E+02   -0.7419978E+02   -0.7377022E+02   -0.4479749E-02   -0.3536457E-02
   -0.3978008E-03    0.1066759E-02   -0.2257507E-03    0.7570762E-02    0.3296061E-01    0.3498043E-02   -0.1581164E+02   -0.1984871E+02   -0.1683967E+02    0.1793973E+03    0.1213857E+03    0.9049428E+02    0.5277824E+02   -0.1036321E+02   -0.2348543E+02   -0.4564407E+02   -0.4186066E+02   -0.3913370E+02   -0.1288908E-02   -0.9798859E-03
    0.2182522E-03   -0.2346367E-02    0.2851958E-03    0.6877946E-01    0.1466159E+00    0.2098630E-01   -0.6080759E+02   -0.4017221E+02   -0.5041244E+01    0.6453277E+02    0.9049428E+02    0.1414201E+03    0.1069337E+03   -0.8461353E+01   -0.2164048E+02   -0.3548024E+02   -0.2837461E+02   -0.2932274E+02   -0.1656674E-02    0.1957963E-02
    0.3394061E-03   -0.3279363E-02    0.3416659E-03    0.8381183E-01    0.1722788E+00    0.2478228E-01   -0.8198026E+02   -0.2464788E+02   -0.1126450E+01    0.1087409E+02    0.5277824E+02    0.1069337E+03    0.1485542E+03   -0.8066345E+01   -0.2255865E+02   -0.3563596E+02   -0.4559659E+02   -0.5017950E+02   -0.1698566E-02    0.6522391E-02
   -0.1346492E-03    0.9351181E-03   -0.1192174E-03   -0.2050841E-01   -0.3977538E-01   -0.5941544E-02   -0.2248528E+01   -0.9924535E+00   -0.7201973E-01   -0.1072284E+02   -0.1036321E+02   -0.8461353E+01   -0.8066345E+01    0.8194193E+01   -0.1477936E+01   -0.2894666E+01   -0.3097795E+01   -0.3233424E+01   -0.1082836E-03    0.1341089E-03
    0.3107578E-03    0.6663843E-02   -0.3526919E-03   -0.9142449E-01   -0.1932523E+00   -0.1991499E-01   -0.5995784E+01   -0.3622386E+01   -0.1945091E+01   -0.7029792E+02   -0.2348543E+02   -0.2164048E+02   -0.2255865E+02   -0.1477936E+01    0.2301182E+03    0.1510329E+03    0.1495663E+03    0.1492213E+03   -0.1294844E-01   -0.5243392E-04
   -0.1469291E-03    0.7616780E-02   -0.7140463E-03   -0.1188006E+00   -0.2731610E+00   -0.2549328E-01   -0.1370173E+02   -0.6671804E+01    0.7096917E+00   -0.6388966E+02   -0.4564407E+02   -0.3548024E+02   -0.3563596E+02   -0.2894666E+01    0.1510329E+03    0.2774152E+03    0.2841579E+03    0.2863191E+03    0.9608879E-02    0.1000709E-03
   -0.2880652E-03    0.8646551E-02   -0.8554316E-03   -0.1428829E+00   -0.3200546E+00   -0.3046958E-01   -0.1624870E+02   -0.1253230E+02    0.4543365E+01   -0.7419978E+02   -0.4186066E+02   -0.2837461E+02   -0.4559659E+02   -0.3097795E+01    0.1495663E+03    0.2841579E+03    0.3302650E+03    0.3586787E+03    0.9700248E-02   -0.5467790E-02
   -0.3830410E-03    0.9381314E-02   -0.9443306E-03   -0.1569682E+00   -0.3471876E+00   -0.3244511E-01   -0.1959747E+02   -0.1368622E+02    0.5059894E+01   -0.7377022E+02   -0.3913370E+02   -0.2932274E+02   -0.5017950E+02   -0.3233424E+01    0.1492213E+03    0.2863191E+03    0.3586787E+03    0.4133590E+03    0.9722618E-02   -0.1045353E-01
   -0.3616297E-07   -0.1363463E-06   -0.1517255E-07    0.2083269E-05    0.1142464E-05    0.7541572E-06   -0.1177591E-03   -0.5544875E-04   -0.8278327E-04   -0.4479749E-02   -0.1288908E-02   -0.1656674E-02   -0.1698566E-02   -0.1082836E-03   -0.1294844E-01    0.9608879E-02    0.9700248E-02    0.9722618E-02    0.3103275E-05    0.2222468E-07
    0.3764469E-07   -0.2687405E-06    0.3230474E-07    0.5576437E-05    0.1046713E-04    0.1267049E-05   -0.3620531E-02   -0.1985817E-03    0.1716400E-03   -0.3536457E-02   -0.9798859E-03    0.1957963E-02    0.6522391E-02    0.1341089E-03   -0.5243392E-04    0.1000709E-03   -0.5467790E-02   -0.1045353E-01    0.2222468E-07    0.1484492E-05
