# omegabh2 omegach2 theta tau ns nrun logA r aps100 aps143 aps217 acib143 acib217 asz143 psr cibr cal0 cal2 xi aksz bm_1_1
7.974600E-08 -1.411000E-07 5.183000E-08 1.569400E-06 4.068200E-07 -1.330900E-06 3.274700E-06 3.846300E-06 -3.609700E-04 -3.746200E-04 -2.636500E-04 -3.096500E-05 -3.125500E-05 3.251304E-05 1.313800E-08 1.165800E-06 2.402500E-09 -3.770000E-09 7.289700E-07 -6.077112E-06 -1.145200E-06
-1.411000E-07 3.192500E-06 -1.760100E-07 -5.026800E-06 -7.350800E-06 -8.655800E-07 -1.913800E-06 -1.147900E-05 2.504800E-03 1.703300E-03 1.231300E-03 3.630500E-05 1.618400E-04 -3.706301E-05 2.300600E-07 6.961300E-07 1.427700E-09 6.180500E-09 -3.582600E-06 -2.124027E-05 6.416000E-05
5.183000E-08 -1.760100E-07 3.329600E-07 8.767100E-07 9.093300E-07 -2.843400E-07 1.726600E-06 8.953800E-07 -2.734400E-04 -2.982200E-04 -1.645300E-04 2.050500E-05 5.345700E-06 5.218528E-05 -5.834900E-08 2.017900E-06 -1.636600E-09 -1.051600E-08 1.063800E-07 -1.276000E-05 -6.329400E-06
1.569400E-06 -5.026800E-06 8.767100E-07 2.486200E-04 1.709700E-05 -5.672800E-05 4.976300E-04 6.401100E-05 -6.290400E-04 -1.070200E-03 5.104100E-04 -9.992400E-04 -2.495200E-03 -2.219781E-04 1.619300E-06 -5.018900E-05 1.593300E-08 -7.185000E-08 1.510700E-05 -7.821834E-04 -1.331300E-05
4.068200E-07 -7.350800E-06 9.093300E-07 1.709700E-05 3.865500E-05 1.384700E-05 1.135200E-05 4.892300E-05 -1.358600E-02 6.978700E-03 1.700200E-02 -6.941200E-03 -1.332300E-02 -4.132425E-03 3.237400E-06 -3.071300E-04 -9.693500E-08 -1.929100E-08 6.061000E-05 -3.765078E-03 -5.714100E-04
-1.330900E-06 -8.655800E-07 -2.843400E-07 -5.672800E-05 1.384700E-05 1.040400E-04 -1.382500E-04 -2.931500E-04 -2.709000E-03 3.395100E-03 1.811000E-02 -6.766100E-03 -1.564200E-02 -4.890481E-03 3.188500E-06 -3.843800E-04 -1.343400E-07 -4.337500E-07 3.480200E-05 -3.509397E-03 -8.817200E-04
3.274700E-06 -1.913800E-06 1.726600E-06 4.976300E-04 1.135200E-05 -1.382500E-04 1.028900E-03 1.468400E-04 2.233500E-02 1.211300E-02 1.346900E-02 -3.031200E-03 -7.352700E-03 -2.644418E-03 6.759600E-06 -1.945300E-04 1.203600E-07 6.282700E-08 5.700700E-05 -2.665627E-03 6.790700E-04
3.846300E-06 -1.147900E-05 8.953800E-07 6.401100E-05 4.892300E-05 -2.931500E-04 1.468400E-04 4.432000E-03 9.760900E-02 3.317800E-03 -1.240100E-02 1.238200E-02 2.276800E-02 1.023802E-03 -3.287200E-05 3.157500E-04 4.085200E-07 2.666000E-06 4.734600E-04 2.952986E-03 1.861800E-03
-3.609700E-04 2.504800E-03 -2.734400E-04 -6.290400E-04 -1.358600E-02 -2.709000E-03 2.233500E-02 9.760900E-02 2.694600E+03 2.254200E+02 1.567000E+02 8.345800E+01 -4.830800E+01 -1.340818E+02 5.746800E-02 -5.268100E+00 7.686500E-04 3.364400E-03 2.202300E+00 -1.501300E+01 1.168100E+01
-3.746200E-04 1.703300E-03 -2.982200E-04 -1.070200E-03 6.978700E-03 3.395100E-03 1.211300E-02 3.317800E-03 2.254200E+02 1.904700E+02 1.507700E+02 -3.855600E+01 -5.752300E+01 -2.866521E+01 4.335000E-02 -1.594700E+00 2.819800E-05 2.548000E-05 4.915400E-01 -1.345279E+01 2.990800E-01
-2.636500E-04 1.231300E-03 -1.645300E-04 5.104100E-04 1.700200E-02 1.811000E-02 1.346900E-02 -1.240100E-02 1.567000E+02 1.507700E+02 2.473000E+02 -3.726600E+01 -1.019200E+02 -2.629167E+01 5.691700E-02 -2.298000E+00 -3.260300E-05 -4.829100E-03 5.068800E-01 -1.415710E+01 3.010700E-01
-3.096500E-05 3.630500E-05 2.050500E-05 -9.992400E-04 -6.941200E-03 -6.766100E-03 -3.031200E-03 1.238200E-02 8.345800E+01 -3.855600E+01 -3.726600E+01 3.044600E+01 2.111800E+01 -2.584564E+00 -9.739900E-03 1.192000E-01 -8.547700E-05 -5.913900E-06 1.643100E-01 -3.679919E-01 -6.145700E-01
-3.125500E-05 1.618400E-04 5.345700E-06 -2.495200E-03 -1.332300E-02 -1.564200E-02 -7.352700E-03 2.276800E-02 -4.830800E+01 -5.752300E+01 -1.019200E+02 2.111800E+01 5.408700E+01 1.416738E+01 -2.467500E-02 1.222400E+00 2.467700E-05 2.667700E-03 -2.471100E-01 -1.870691E-01 4.570900E-02
3.251304E-05 -3.706301E-05 5.218528E-05 -2.219781E-04 -4.132425E-03 -4.890481E-03 -2.644418E-03 1.023802E-03 -1.340818E+02 -2.866521E+01 -2.629167E+01 -2.584564E+00 1.416738E+01 1.675231E+01 -8.780037E-03 7.577680E-01 7.627558E-05 -5.174404E-04 -2.527156E-01 -2.124181E-01 5.345622E-01
1.313800E-08 2.300600E-07 -5.834900E-08 1.619300E-06 3.237400E-06 3.188500E-06 6.759600E-06 -3.287200E-05 5.746800E-02 4.335000E-02 5.691700E-02 -9.739900E-03 -2.467500E-02 -8.780037E-03 1.895800E-04 -6.591400E-04 3.017900E-08 -6.733700E-07 2.126500E-04 -2.921720E-03 -6.801200E-06
1.165800E-06 6.961300E-07 2.017900E-06 -5.018900E-05 -3.071300E-04 -3.843800E-04 -1.945300E-04 3.157500E-04 -5.268100E+00 -1.594700E+00 -2.298000E+00 1.192000E-01 1.222400E+00 7.577680E-01 -6.591400E-04 5.064900E-02 3.122300E-06 3.148500E-05 -9.885100E-03 -9.955735E-03 2.090700E-02
2.402500E-09 1.427700E-09 -1.636600E-09 1.593300E-08 -9.693500E-08 -1.343400E-07 1.203600E-07 4.085200E-07 7.686500E-04 2.819800E-05 -3.260300E-05 -8.547700E-05 2.467700E-05 7.627558E-05 3.017900E-08 3.122300E-06 1.582700E-07 -2.753200E-09 -2.406300E-06 -4.058402E-06 -2.743600E-05
-3.770000E-09 6.180500E-09 -1.051600E-08 -7.185000E-08 -1.929100E-08 -4.337500E-07 6.282700E-08 2.666000E-06 3.364400E-03 2.548000E-05 -4.829100E-03 -5.913900E-06 2.667700E-03 -5.174404E-04 -6.733700E-07 3.148500E-05 -2.753200E-09 9.434900E-07 -1.017600E-06 2.342889E-05 1.946900E-06
7.289700E-07 -3.582600E-06 1.063800E-07 1.510700E-05 6.061000E-05 3.480200E-05 5.700700E-05 4.734600E-04 2.202300E+00 4.915400E-01 5.068800E-01 1.643100E-01 -2.471100E-01 -2.527156E-01 2.126500E-04 -9.885100E-03 -2.406300E-06 -1.017600E-06 2.119600E-02 3.910300E-03 -7.154800E-03
-6.077112E-06 -2.124027E-05 -1.276000E-05 -7.821834E-04 -3.765078E-03 -3.509397E-03 -2.665627E-03 2.952986E-03 -1.501300E+01 -1.345279E+01 -1.415710E+01 -3.679919E-01 -1.870691E-01 -2.124181E-01 -2.921720E-03 -9.955735E-03 -4.058402E-06 2.342889E-05 3.910300E-03 8.765200E+00 -8.472659E-02
-1.145200E-06 6.416000E-05 -6.329400E-06 -1.331300E-05 -5.714100E-04 -8.817200E-04 6.790700E-04 1.861800E-03 1.168100E+01 2.990800E-01 3.010700E-01 -6.145700E-01 4.570900E-02 5.345622E-01 -6.801200E-06 2.090700E-02 -2.743600E-05 1.946900E-06 -7.154800E-03 -8.472659E-02 6.248300E-01
