# omegabh2 omegach2 theta tau w ns logA aps100 aps143 aps217 acib143 acib217 asz143 psr cibr cal0 cal2 xi aksz bm_1_1
    0.64907E-07   -0.29427E-06    0.58276E-07    0.94638E-06    0.12413E-04    0.84369E-06    0.13237E-05   -0.89194E-04   -0.43317E-04    0.64907E-05   -0.18191E-04   -0.18520E-03   -0.18761E-05    0.11146E-05   -0.41938E-05   -0.13502E-08   -0.17274E-07    0.16899E-05   -0.39453E-04   -0.95165E-05
   -0.29427E-06    0.56140E-05   -0.56942E-06   -0.10444E-04   -0.19095E-03   -0.12399E-04   -0.74919E-05    0.29872E-04    0.20339E-03    0.89032E-04   -0.27305E-03    0.33349E-03    0.17190E-03   -0.31445E-05    0.43083E-04   -0.89331E-08   -0.40703E-07    0.12401E-04   -0.63330E-04    0.12408E-03
    0.58276E-07   -0.56942E-06    0.32321E-06    0.14675E-05    0.27350E-04    0.16712E-05    0.17570E-05   -0.97019E-04   -0.50121E-04   -0.51000E-04    0.78255E-04    0.14462E-03    0.22011E-04    0.10585E-05    0.58436E-05    0.12513E-08   -0.88516E-08   -0.39890E-05   -0.84632E-06   -0.60041E-05
    0.94638E-06   -0.10444E-04    0.14675E-05    0.15957E-03    0.35042E-03    0.31423E-04    0.29230E-03   -0.55704E-02   -0.80299E-03    0.59975E-03   -0.53138E-03   -0.58190E-02   -0.32753E-03    0.41905E-04   -0.83648E-04    0.16013E-06   -0.39252E-06   -0.54600E-04   -0.74904E-03   -0.61959E-03
    0.12413E-04   -0.19095E-03    0.27350E-04    0.35042E-03    0.12522E-01    0.45204E-03    0.24465E-03   -0.13780E-01   -0.10115E-01   -0.10639E-02   -0.12528E-01   -0.37392E-01   -0.35358E-02    0.46531E-03   -0.86022E-03   -0.79431E-06   -0.12167E-05   -0.13860E-03    0.57553E-02   -0.36437E-02
    0.84369E-06   -0.12399E-04    0.16712E-05    0.31423E-04    0.45204E-03    0.43943E-04    0.31178E-04   -0.38148E-02    0.78473E-04    0.15877E-02   -0.44367E-02   -0.88532E-02   -0.52753E-03    0.35406E-04   -0.28342E-03   -0.93382E-07   -0.22473E-06   -0.21505E-04   -0.16864E-02   -0.41916E-03
    0.13237E-05   -0.74919E-05    0.17570E-05    0.29230E-03    0.24465E-03    0.31178E-04    0.56907E-03   -0.80917E-02   -0.37719E-03    0.22367E-02   -0.34702E-02   -0.14017E-01   -0.73331E-03    0.89220E-04   -0.20809E-03    0.30034E-06   -0.73878E-06   -0.94359E-05   -0.25259E-02   -0.75000E-03
   -0.89194E-04    0.29872E-04   -0.97019E-04   -0.55704E-02   -0.13780E-01   -0.38148E-02   -0.80917E-02    0.33618E+02    0.13179E+01    0.33232E+00    0.84814E+01   -0.75843E-01   -0.24454E+01   -0.30587E-02   -0.47963E+00   -0.17702E-03    0.64316E-03    0.18284E+00   -0.33209E+00    0.11637E+01
   -0.43317E-04    0.20339E-03   -0.50121E-04   -0.80299E-03   -0.10115E-01    0.78473E-04   -0.37719E-03    0.13179E+01    0.14563E+01    0.77119E+00   -0.21683E+01   -0.21891E+01   -0.27001E+00    0.14264E-02   -0.77195E-01   -0.21241E-04    0.11743E-03    0.15190E+00   -0.58463E+00    0.30962E-01
    0.64907E-05    0.89032E-04   -0.51000E-04    0.59975E-03   -0.10639E-02    0.15877E-02    0.22367E-02    0.33232E+00    0.77119E+00    0.22599E+01   -0.26489E+01   -0.88672E+01   -0.23528E+00    0.20596E-01   -0.19648E+00   -0.23358E-04   -0.81300E-03    0.80782E-01   -0.52951E+00    0.18588E-01
   -0.18191E-04   -0.27305E-03    0.78255E-04   -0.53138E-03   -0.12528E-01   -0.44367E-02   -0.34702E-02    0.84814E+01   -0.21683E+01   -0.26489E+01    0.31665E+02    0.13984E+02   -0.81927E+00   -0.21549E-01    0.10359E+00   -0.92264E-05   -0.52677E-03    0.44770E+00   -0.29926E+00   -0.24126E+00
   -0.18520E-03    0.33349E-03    0.14462E-03   -0.58190E-02   -0.37392E-01   -0.88532E-02   -0.14017E-01   -0.75843E-01   -0.21891E+01   -0.88672E+01    0.13984E+02    0.43194E+02    0.13824E+01   -0.94724E-01    0.99415E+00    0.10084E-03    0.36759E-02   -0.39953E+00   -0.10615E+01   -0.49339E-01
   -0.18761E-05    0.17190E-03    0.22011E-04   -0.32753E-03   -0.35358E-02   -0.52753E-03   -0.73331E-03   -0.24454E+01   -0.27001E+00   -0.23528E+00   -0.81927E+00    0.13824E+01    0.62087E+00   -0.10111E-02    0.14476E+00    0.29142E-04   -0.14133E-03   -0.25998E-01   -0.98818E-01    0.48167E-01
    0.11146E-05   -0.31445E-05    0.10585E-05    0.41905E-04    0.46531E-03    0.35406E-04    0.89220E-04   -0.30587E-02    0.14264E-02    0.20596E-01   -0.21549E-01   -0.94724E-01   -0.10111E-02    0.22299E-02   -0.25460E-02    0.11531E-06   -0.55389E-05    0.24140E-02   -0.24325E-02    0.11625E-02
   -0.41938E-05    0.43083E-04    0.58436E-05   -0.83648E-04   -0.86022E-03   -0.28342E-03   -0.20809E-03   -0.47963E+00   -0.77195E-01   -0.19648E+00    0.10359E+00    0.99415E+00    0.14476E+00   -0.25460E-02    0.56844E-01    0.72073E-05    0.30004E-04   -0.24484E-02   -0.29126E-01    0.82927E-02
   -0.13502E-08   -0.89331E-08    0.12513E-08    0.16013E-06   -0.79431E-06   -0.93382E-07    0.30034E-06   -0.17702E-03   -0.21241E-04   -0.23358E-04   -0.92264E-05    0.10084E-03    0.29142E-04    0.11531E-06    0.72073E-05    0.16555E-06   -0.16635E-07   -0.42968E-05    0.12124E-04   -0.23003E-04
   -0.17274E-07   -0.40703E-07   -0.88516E-08   -0.39252E-06   -0.12167E-05   -0.22473E-06   -0.73878E-06    0.64316E-03    0.11743E-03   -0.81300E-03   -0.52677E-03    0.36759E-02   -0.14133E-03   -0.55389E-05    0.30004E-04   -0.16635E-07    0.98579E-06   -0.42807E-04    0.55541E-06    0.92361E-06
    0.16899E-05    0.12401E-04   -0.39890E-05   -0.54600E-04   -0.13860E-03   -0.21505E-04   -0.94359E-05    0.18284E+00    0.15190E+00    0.80782E-01    0.44770E+00   -0.39953E+00   -0.25998E-01    0.24140E-02   -0.24484E-02   -0.42968E-05   -0.42807E-04    0.79177E-01    0.27285E-01    0.82948E-02
   -0.39453E-04   -0.63330E-04   -0.84632E-06   -0.74904E-03    0.57553E-02   -0.16864E-02   -0.25259E-02   -0.33209E+00   -0.58463E+00   -0.52951E+00   -0.29926E+00   -0.10615E+01   -0.98818E-01   -0.24325E-02   -0.29126E-01    0.12124E-04    0.55541E-06    0.27285E-01    0.20625E+01   -0.39364E-02
   -0.95165E-05    0.12408E-03   -0.60041E-05   -0.61959E-03   -0.36437E-02   -0.41916E-03   -0.75000E-03    0.11637E+01    0.30962E-01    0.18588E-01   -0.24126E+00   -0.49339E-01    0.48167E-01    0.11625E-02    0.82927E-02   -0.23003E-04    0.92361E-06    0.82948E-02   -0.39364E-02    0.13099E+00
