# omegabh2 omegach2 theta tau ns logA r aps100 aps143 aps217 acib143 acib217 asz143 psr cibr ncib cal0 cal2 xi aksz bm_1_1 bm_1_2 bm_1_3 bm_1_4 bm_1_5 bm_2_1 bm_2_2 bm_2_3 bm_2_4 bm_2_5 bm_3_1 bm_3_2 bm_3_3 bm_3_4 bm_3_5 bm_4_1 bm_4_2 bm_4_3 bm_4_4 bm_4_5 a_ps_act_148 a_ps_act_217 a_ps_spt_95 a_ps_spt_150 a_ps_spt_220 r_ps_spt_95x150 r_ps_spt_95x220 r_ps_150x220 act_dust_s act_dust_e cal_acts_148 cal_acts_217 cal_acte_148 cal_acte_217 cal_spt_95 cal_spt_150 cal_spt_220
    0.69017E-07   -0.32946E-06    0.67782E-07    0.87238E-06    0.93829E-06    0.10945E-05    0.55096E-06   -0.36688E-03   -0.62982E-03   -0.64593E-03   -0.20713E-05    0.58157E-04    0.90329E-05   -0.10651E-05   -0.15285E-06    0.11463E-05    0.15715E-08   -0.74764E-08   -0.26555E-05   -0.37589E-04   -0.15815E-04   -0.12983E-04    0.22453E-05    0.29969E-05    0.24407E-05   -0.29283E-05   -0.30074E-05    0.43651E-05    0.64475E-06    0.23132E-05    0.41372E-05   -0.83736E-05   -0.14230E-05    0.22846E-05   -0.11945E-05    0.33995E-06   -0.75203E-06   -0.80427E-07   -0.34318E-05    0.42846E-05    0.85743E-05    0.59340E-04    0.26769E-04    0.17944E-04    0.78641E-04   -0.67785E-06   -0.83457E-06   -0.10749E-06   -0.85520E-06   -0.50898E-06    0.36499E-06    0.42463E-06    0.39489E-06    0.44517E-06    0.61152E-06    0.71380E-06    0.50845E-06
   -0.32946E-06    0.60047E-05   -0.56238E-06   -0.97612E-05   -0.14169E-04   -0.47988E-05   -0.13443E-04    0.31213E-02    0.24631E-02    0.33515E-02    0.18904E-04   -0.63228E-03   -0.29972E-04   -0.22980E-06   -0.15628E-05   -0.10262E-04   -0.11372E-07    0.80030E-07    0.15950E-04    0.23864E-04    0.12199E-03    0.37422E-04   -0.76978E-05   -0.47243E-04    0.84860E-05    0.53328E-04    0.37608E-04   -0.41290E-04   -0.45508E-04    0.20877E-04   -0.25254E-04    0.57553E-04    0.19163E-04   -0.40047E-04   -0.27311E-04    0.36218E-04   -0.21694E-04    0.47257E-04    0.96818E-05   -0.29648E-04    0.87990E-05    0.16124E-04   -0.12861E-03   -0.27867E-04   -0.17037E-03    0.77699E-05    0.50718E-05    0.48057E-06    0.34433E-05    0.21812E-05   -0.19336E-05   -0.19145E-05   -0.15223E-05   -0.22416E-05   -0.23096E-05   -0.27844E-05   -0.25282E-05
    0.67782E-07   -0.56238E-06    0.36575E-06    0.13960E-05    0.17097E-05    0.17986E-05    0.39403E-06    0.18429E-03   -0.14852E-03   -0.41716E-03    0.24484E-05    0.86276E-04    0.15046E-04   -0.13331E-06    0.38821E-06    0.12068E-05    0.55305E-08   -0.95879E-08   -0.28447E-05   -0.28850E-04   -0.37846E-05    0.56184E-07    0.11725E-04   -0.14197E-05    0.52909E-05   -0.90894E-05   -0.26173E-05    0.12954E-04    0.99108E-05   -0.34875E-05   -0.22835E-05   -0.87459E-05   -0.31678E-05    0.35184E-05    0.27843E-06   -0.12032E-04    0.72857E-05   -0.69971E-05   -0.44689E-05    0.53279E-05   -0.33635E-05    0.27906E-04    0.27655E-04   -0.16403E-06    0.13840E-04   -0.10167E-05   -0.75198E-06   -0.12965E-06   -0.21286E-07   -0.19143E-05    0.25300E-06    0.26287E-06    0.24212E-06    0.37238E-06    0.31083E-06    0.42676E-06    0.12269E-06
    0.87238E-06   -0.97612E-05    0.13960E-05    0.17722E-03    0.31801E-04    0.32923E-03   -0.38831E-04   -0.12270E-01   -0.13781E-01   -0.13779E-01   -0.27159E-03    0.18744E-02    0.25414E-03   -0.12325E-04    0.29400E-05    0.40538E-04    0.28272E-07    0.35991E-07   -0.12073E-03   -0.13608E-02   -0.32100E-03   -0.28382E-03   -0.47121E-04   -0.16619E-04   -0.60207E-04    0.41128E-04   -0.24235E-04    0.12507E-03    0.32519E-03   -0.12810E-03   -0.10259E-03    0.81591E-04   -0.64800E-04    0.10098E-03   -0.55688E-04   -0.10196E-03    0.19912E-03   -0.65400E-04    0.92315E-04    0.28488E-03    0.19154E-03    0.65021E-03    0.60076E-03    0.38562E-03    0.14154E-02   -0.30233E-04   -0.35271E-04   -0.54642E-05   -0.25469E-04   -0.93895E-05    0.79403E-05    0.10257E-04    0.80080E-05    0.77252E-05    0.10825E-04    0.11422E-04    0.11027E-04
    0.93829E-06   -0.14169E-04    0.17097E-05    0.31801E-04    0.49071E-04    0.25589E-04    0.52186E-04   -0.34168E-01   -0.18757E-01   -0.16037E-01   -0.13691E-04    0.22780E-02    0.71499E-03   -0.22804E-04   -0.64052E-06    0.44318E-04   -0.69860E-07    0.12154E-07   -0.16419E-03   -0.12970E-02   -0.48719E-03   -0.30077E-03   -0.11330E-03    0.11091E-03    0.45805E-04    0.14999E-03    0.82372E-04    0.15252E-03    0.19108E-03   -0.14417E-03    0.17000E-03   -0.20744E-03   -0.14368E-03    0.57943E-04    0.95984E-04    0.14595E-03    0.25068E-03   -0.23367E-04    0.30876E-04    0.16524E-03    0.10169E-03    0.79380E-03    0.42334E-03    0.22936E-03    0.85848E-03   -0.25074E-04   -0.19855E-04   -0.19513E-05   -0.67101E-05   -0.19810E-05    0.99048E-05    0.89773E-05    0.94652E-05    0.91138E-05    0.14382E-04    0.14364E-04    0.10206E-04
    0.10945E-05   -0.47988E-05    0.17986E-05    0.32923E-03    0.25589E-04    0.65018E-03   -0.12099E-03   -0.25777E-01   -0.24537E-01   -0.21146E-01   -0.58571E-03    0.25899E-02    0.46027E-03   -0.29655E-04   -0.13780E-05    0.66547E-04    0.94217E-07    0.61902E-06   -0.25281E-03   -0.30091E-02    0.12162E-03   -0.39066E-03   -0.99198E-04   -0.12956E-03   -0.79093E-04    0.57591E-03    0.14724E-03    0.11803E-03    0.51519E-03   -0.28824E-03   -0.27915E-03    0.36039E-03   -0.74222E-04    0.92568E-04   -0.27755E-03    0.12892E-03    0.49805E-03    0.48996E-04    0.27029E-03    0.48432E-03    0.41367E-03    0.13016E-02    0.10344E-02    0.70266E-03    0.21854E-02   -0.50536E-04   -0.76737E-04   -0.11151E-04   -0.35473E-04   -0.16983E-04    0.11980E-04    0.16228E-04    0.13360E-04    0.10935E-04    0.17133E-04    0.16500E-04    0.15284E-04
    0.55096E-06   -0.13443E-04    0.39403E-06   -0.38831E-04    0.52186E-04   -0.12099E-03    0.18529E-02   -0.33736E-01   -0.14877E-01   -0.55832E-02   -0.11680E-03   -0.26163E-02   -0.49817E-03   -0.10826E-03   -0.16110E-04   -0.34404E-04   -0.52297E-07    0.33191E-06   -0.15957E-04    0.12625E-02   -0.10461E-02   -0.86347E-03   -0.45776E-03   -0.86349E-03    0.30565E-03    0.60003E-03    0.32423E-03   -0.22065E-03   -0.25551E-04   -0.83017E-03    0.58202E-03    0.30543E-03   -0.56436E-03   -0.30849E-03    0.26241E-03    0.73305E-03    0.67724E-03   -0.39202E-03    0.60679E-03   -0.47199E-03   -0.33009E-03    0.34536E-02    0.33590E-03    0.22715E-03    0.17115E-02   -0.40301E-04   -0.44466E-04    0.20431E-05    0.93173E-04   -0.65617E-04    0.74431E-05    0.13931E-04    0.64494E-05    0.12640E-04    0.72360E-05    0.13546E-04    0.70201E-05
   -0.36688E-03    0.31213E-02    0.18429E-03   -0.12270E-01   -0.34168E-01   -0.25777E-01   -0.33736E-01    0.15585E+04    0.81907E+02    0.15709E+02   -0.77914E+00   -0.37120E+01   -0.12572E+02   -0.80304E-01   -0.92001E-01   -0.78415E-01    0.14053E-02   -0.23915E-02    0.10243E+01    0.96871E+01    0.15895E+02   -0.67401E+01    0.11183E+01   -0.30196E+00   -0.51883E+00   -0.26551E+01   -0.46070E+01   -0.10244E+01   -0.42363E+00   -0.12549E+01   -0.17658E+00   -0.67847E+00    0.15789E+00   -0.92379E+00   -0.25766E+01   -0.15058E+01   -0.22978E+01   -0.27665E+01    0.44923E-01    0.20527E+01    0.77643E+00    0.92527E-01    0.56292E+01   -0.25325E+00    0.82313E+01   -0.12632E+00   -0.43924E+00   -0.68252E-01   -0.26876E-01    0.15481E+00   -0.19169E-01    0.80109E-02   -0.22397E-01    0.12580E-01   -0.73025E-01   -0.27705E-01    0.15221E-01
   -0.62982E-03    0.24631E-02   -0.14852E-03   -0.13781E-01   -0.18757E-01   -0.24537E-01   -0.14877E-01    0.81907E+02    0.62574E+02    0.16119E+02    0.15183E+00    0.14242E+00   -0.18274E+01    0.34904E-01    0.22257E-01   -0.24124E-01    0.73863E-04   -0.85567E-03    0.17429E+00    0.29012E+00   -0.66207E-01   -0.21996E+00   -0.18867E-01    0.70240E-01    0.46847E-01    0.27050E+00   -0.37044E+00   -0.19216E+00   -0.11585E+00    0.10868E+00   -0.28212E+00    0.82420E-01   -0.22624E-01   -0.10795E+00   -0.67588E-01    0.12634E+00   -0.27243E+00   -0.35058E+00   -0.13877E+00    0.92853E-01    0.25901E+00   -0.13937E+01    0.11065E+01   -0.17649E+00   -0.35213E+00   -0.54500E-02   -0.58214E-01   -0.30220E-01    0.10055E-01    0.16854E-01   -0.12573E-01   -0.68048E-02   -0.13558E-01   -0.65619E-02   -0.23161E-01   -0.17243E-01   -0.81714E-02
   -0.64593E-03    0.33515E-02   -0.41716E-03   -0.13779E-01   -0.16037E-01   -0.21146E-01   -0.55832E-02    0.15709E+02    0.16119E+02    0.96165E+02   -0.11836E+01   -0.34629E+02    0.25239E+00   -0.37464E+00   -0.41187E-01   -0.45058E+00    0.50777E-04    0.35031E-04    0.73659E-02    0.10334E+01   -0.13576E+00    0.25866E+00    0.95747E-01   -0.13223E+00   -0.13727E+00    0.51861E-01    0.14510E+00   -0.95361E-01   -0.10326E+00    0.16183E+00    0.92899E-01    0.41140E+00   -0.79955E-01    0.10563E+00    0.19099E+00    0.12584E+00    0.81792E-02    0.13873E+00    0.74474E-01   -0.34780E+00    0.14297E+00    0.17627E+02   -0.88392E+00    0.56183E+00    0.90774E+01   -0.46352E-01   -0.86963E-01    0.25593E-02    0.28093E-01    0.38006E-01   -0.78358E-02   -0.28776E-01   -0.59382E-02   -0.33442E-01   -0.71065E-02   -0.79042E-02   -0.57036E-01
   -0.20713E-05    0.18904E-04    0.24484E-05   -0.27159E-03   -0.13691E-04   -0.58571E-03   -0.11680E-03   -0.77914E+00    0.15183E+00   -0.11836E+01    0.67730E+00    0.12771E+01    0.59875E+00    0.39524E-02   -0.33962E-02   -0.14780E-02   -0.35538E-05    0.63547E-04    0.17876E-02   -0.98698E+00   -0.11186E-01   -0.19543E-01   -0.79402E-02   -0.26796E-02    0.15901E-01   -0.17832E-01    0.27849E-02   -0.27706E-02    0.22647E-01   -0.13025E-01    0.19932E-01   -0.25969E-01   -0.10297E-02   -0.18937E-01   -0.29091E-01   -0.77476E-03   -0.60249E-02    0.13456E-01    0.66820E-02    0.23539E-01    0.49839E-01   -0.20175E+00   -0.21677E+00   -0.23907E-01   -0.49995E-01    0.49162E-01    0.47070E-01   -0.40834E-02   -0.16289E-02   -0.57564E-02    0.98614E-04    0.38457E-03    0.66604E-04    0.19048E-03   -0.62035E-03    0.54884E-03    0.19172E-02
    0.58157E-04   -0.63228E-03    0.86276E-04    0.18744E-02    0.22780E-02    0.25899E-02   -0.26163E-02   -0.37120E+01    0.14242E+00   -0.34629E+02    0.12771E+01    0.21686E+02    0.21378E+01    0.22809E+00    0.28538E-01    0.28606E+00   -0.23853E-05   -0.33369E-04   -0.35135E+00   -0.44826E+01    0.21535E+00   -0.19408E+00   -0.11956E+00    0.18215E-01    0.10972E+00    0.16264E-01   -0.16379E-01   -0.70953E-01    0.27758E+00   -0.22518E+00   -0.17705E+00   -0.45061E+00    0.33479E-01   -0.26813E+00   -0.33732E+00   -0.11439E+00   -0.65931E-01   -0.32833E-01    0.10356E+00    0.36618E+00   -0.33414E+00   -0.11879E+02   -0.12439E+00   -0.71719E+00   -0.78472E+01    0.59150E-01    0.75381E-01   -0.10403E-01   -0.26693E-02   -0.22854E-01   -0.60766E-03    0.64602E-02   -0.14854E-02    0.90547E-02   -0.43865E-03   -0.31279E-02    0.20440E-01
    0.90329E-05   -0.29972E-04    0.15046E-04    0.25414E-03    0.71499E-03    0.46027E-03   -0.49817E-03   -0.12572E+02   -0.18274E+01    0.25239E+00    0.59875E+00    0.21378E+01    0.20568E+01    0.21497E-01    0.21694E-01    0.17275E-01    0.60503E-05   -0.13371E-03   -0.18946E+00   -0.25002E+01    0.34815E-01    0.27149E-01   -0.19573E-01   -0.14418E-01    0.43127E-01    0.56046E-01    0.29855E-01   -0.39173E-02    0.12385E-01   -0.20570E-01   -0.54482E-01   -0.14731E-01   -0.18868E-02   -0.17399E-01   -0.44663E-01    0.31573E-02    0.10052E-01    0.14678E-01   -0.12281E-01    0.13239E-01   -0.88181E-01   -0.85078E+00   -0.79968E+00   -0.11699E+00   -0.12597E+01    0.45993E-01    0.72940E-01   -0.18623E-02   -0.14149E-03   -0.49759E-02    0.37508E-03   -0.25091E-02    0.40038E-03   -0.26192E-02    0.38222E-02    0.45495E-03   -0.16902E-02
   -0.10651E-05   -0.22980E-06   -0.13331E-06   -0.12325E-04   -0.22804E-04   -0.29655E-04   -0.10826E-03   -0.80304E-01    0.34904E-01   -0.37464E+00    0.39524E-02    0.22809E+00    0.21497E-01    0.48255E-02   -0.62134E-04    0.32120E-02    0.14736E-06   -0.34825E-05   -0.12575E-02   -0.23939E-01    0.17009E-02    0.21882E-02   -0.40642E-03    0.77051E-03    0.70105E-03    0.12404E-02   -0.37694E-02    0.20165E-02   -0.25150E-02    0.41131E-03   -0.19600E-02    0.66567E-03    0.86018E-03   -0.39604E-04   -0.35449E-03   -0.27148E-03    0.21568E-03   -0.36400E-02   -0.41600E-02   -0.20353E-02   -0.12183E-02   -0.15290E+00   -0.77312E-02   -0.37997E-02   -0.11078E+00    0.39690E-03    0.15970E-02    0.35549E-03   -0.90021E-04    0.26019E-04   -0.20448E-04    0.32297E-05   -0.41605E-04    0.43445E-04    0.95002E-05   -0.65845E-04    0.17542E-03
   -0.15285E-06   -0.15628E-05    0.38821E-06    0.29400E-05   -0.64052E-06   -0.13780E-05   -0.16110E-04   -0.92001E-01    0.22257E-01   -0.41187E-01   -0.33962E-02    0.28538E-01    0.21694E-01   -0.62134E-04    0.28914E-02   -0.17432E-03    0.81997E-07    0.37146E-05   -0.63836E-03   -0.15147E-01    0.31401E-03   -0.56310E-03    0.56647E-03   -0.69314E-03    0.74213E-03   -0.17027E-02   -0.16528E-03    0.59982E-04    0.72800E-03    0.69658E-03    0.79573E-03   -0.14354E-02   -0.14627E-03    0.18434E-03   -0.28894E-03   -0.63741E-03   -0.10160E-02    0.10274E-02    0.18186E-03    0.93291E-03    0.60004E-02    0.34838E-02   -0.12417E-01    0.34727E-02    0.68776E-02    0.10065E-03    0.14367E-02   -0.41358E-03   -0.22349E-04   -0.66619E-04    0.41631E-05    0.44012E-04    0.85504E-05    0.41207E-04    0.62665E-04    0.57531E-05    0.97713E-04
    0.11463E-05   -0.10262E-04    0.12068E-05    0.40538E-04    0.44318E-04    0.66547E-04   -0.34404E-04   -0.78415E-01   -0.24124E-01   -0.45058E+00   -0.14780E-02    0.28606E+00    0.17275E-01    0.32120E-02   -0.17432E-03    0.51167E-02    0.13633E-06   -0.88370E-05   -0.52425E-02   -0.35148E-01    0.58184E-02   -0.56015E-02   -0.33122E-02   -0.79123E-04    0.99544E-03    0.23092E-02    0.31044E-02   -0.36155E-02    0.86716E-02   -0.62542E-02   -0.71684E-02   -0.10988E-01    0.81567E-03   -0.70992E-02   -0.71036E-02   -0.35303E-02   -0.76041E-03    0.25217E-02    0.68744E-02    0.10612E-01   -0.82629E-02   -0.19209E+00    0.12085E-02   -0.10544E-01   -0.13788E+00   -0.47834E-03   -0.36799E-04    0.23952E-03    0.43861E-04   -0.13714E-03   -0.61977E-05    0.33951E-04   -0.19475E-04    0.81122E-04    0.46548E-04   -0.52036E-04    0.19131E-03
    0.15715E-08   -0.11372E-07    0.55305E-08    0.28272E-07   -0.69860E-07    0.94217E-07   -0.52297E-07    0.14053E-02    0.73863E-04    0.50777E-04   -0.35538E-05   -0.23853E-05    0.60503E-05    0.14736E-06    0.81997E-07    0.13633E-06    0.15311E-06   -0.38321E-08   -0.22306E-05   -0.11754E-04   -0.27359E-04   -0.13560E-04    0.13010E-05   -0.20746E-05   -0.59765E-05    0.94577E-06    0.88901E-05    0.15168E-05    0.47623E-05    0.98760E-05   -0.36917E-05    0.47707E-05    0.12169E-04    0.31638E-05    0.24815E-05   -0.20378E-05   -0.39097E-06    0.94554E-05    0.20394E-05    0.85292E-05   -0.30793E-06   -0.14401E-04    0.13828E-05   -0.26627E-05   -0.33317E-05   -0.27042E-06   -0.20124E-06   -0.69713E-07   -0.34162E-06   -0.50046E-06   -0.45030E-07   -0.47421E-07   -0.36898E-07   -0.38727E-07   -0.46084E-07   -0.42287E-07   -0.53245E-07
   -0.74764E-08    0.80030E-07   -0.95879E-08    0.35991E-07    0.12154E-07    0.61902E-06    0.33191E-06   -0.23915E-02   -0.85567E-03    0.35031E-04    0.63547E-04   -0.33369E-04   -0.13371E-03   -0.34825E-05    0.37146E-05   -0.88370E-05   -0.38321E-08    0.11617E-05    0.21619E-04    0.80434E-04    0.96344E-04    0.22685E-04   -0.75634E-05   -0.30697E-04   -0.12076E-04    0.40489E-03    0.35052E-04   -0.19272E-04   -0.20370E-04    0.39397E-04   -0.38667E-03    0.41462E-04   -0.77171E-04    0.16118E-04    0.24051E-04    0.49484E-04    0.56779E-04   -0.53853E-04   -0.74364E-04    0.37248E-05    0.54535E-04    0.24719E-03    0.77518E-04    0.29676E-04    0.34366E-03    0.29535E-05   -0.97632E-06   -0.28327E-05   -0.65472E-06   -0.24709E-05    0.26176E-06    0.82772E-06    0.29425E-06    0.82940E-06   -0.27862E-06    0.26140E-06    0.12694E-05
   -0.26555E-05    0.15950E-04   -0.28447E-05   -0.12073E-03   -0.16419E-03   -0.25281E-03   -0.15957E-04    0.10243E+01    0.17429E+00    0.73659E-02    0.17876E-02   -0.35135E+00   -0.18946E+00   -0.12575E-02   -0.63836E-03   -0.52425E-02   -0.22306E-05    0.21619E-04    0.63621E-01    0.36431E+00   -0.90398E-02   -0.38066E-02    0.41462E-02   -0.14764E-02   -0.49648E-02   -0.11448E-01   -0.25291E-02    0.40226E-02    0.27068E-02    0.59244E-02    0.86610E-02    0.50278E-03    0.49847E-03   -0.30486E-02    0.62883E-02   -0.29260E-02   -0.17043E-02    0.36192E-02   -0.56161E-03    0.11960E-02    0.59763E-01    0.14912E+00    0.80238E-02    0.57037E-01    0.21980E+00    0.42033E-02    0.78776E-02    0.11392E-02   -0.58640E-03    0.65730E-03    0.38172E-04    0.27846E-03    0.37873E-04    0.24037E-03   -0.29008E-03    0.25539E-03    0.61355E-03
   -0.37589E-04    0.23864E-04   -0.28850E-04   -0.13608E-02   -0.12970E-02   -0.30091E-02    0.12625E-02    0.96871E+01    0.29012E+00    0.10334E+01   -0.98698E+00   -0.44826E+01   -0.25002E+01   -0.23939E-01   -0.15147E-01   -0.35148E-01   -0.11754E-04    0.80434E-04    0.36431E+00    0.47200E+01   -0.45379E-01    0.43815E-03    0.42029E-01    0.14511E-01   -0.64419E-01   -0.46837E-01   -0.30862E-01    0.34698E-01   -0.18499E-01    0.48617E-01    0.48008E-01    0.51750E-01    0.66728E-02    0.43336E-01    0.93295E-01   -0.58395E-02    0.89820E-02   -0.29361E-02   -0.38107E-02   -0.21152E-01    0.75707E-01    0.14441E+01    0.35901E+00    0.24736E+00    0.18432E+01   -0.51927E-01   -0.38767E-01    0.17435E-01   -0.74784E-02    0.40631E-02    0.74443E-03    0.26672E-02    0.72894E-03    0.28456E-02   -0.73471E-03    0.16073E-02    0.23036E-02
   -0.15815E-04    0.12199E-03   -0.37846E-05   -0.32100E-03   -0.48719E-03    0.12162E-03   -0.10461E-02    0.15895E+02   -0.66207E-01   -0.13576E+00   -0.11186E-01    0.21535E+00    0.34815E-01    0.17009E-02    0.31401E-03    0.58184E-02   -0.27359E-04    0.96344E-04   -0.90398E-02   -0.45379E-01    0.65978E+00   -0.13955E+00   -0.28883E-02    0.47939E-02    0.88251E-02    0.18678E+00   -0.36454E-01   -0.49513E-01   -0.17197E-01   -0.79301E-01    0.56151E-02    0.43156E-01   -0.29160E-01   -0.45668E-01   -0.11854E+00    0.14767E+00    0.42786E-01   -0.19553E-01    0.43291E-01    0.63967E-01   -0.10108E-01   -0.18944E+00   -0.27394E-01   -0.12911E-01   -0.15812E+00    0.54981E-04    0.37223E-03    0.38926E-03   -0.75510E-03    0.18333E-02    0.96418E-04   -0.25152E-03    0.33843E-04    0.23356E-04    0.22144E-04   -0.29853E-03    0.28839E-04
   -0.12983E-04    0.37422E-04    0.56184E-07   -0.28382E-03   -0.30077E-03   -0.39066E-03   -0.86347E-03   -0.67401E+01   -0.21996E+00    0.25866E+00   -0.19543E-01   -0.19408E+00    0.27149E-01    0.21882E-02   -0.56310E-03   -0.56015E-02   -0.13560E-04    0.22685E-04   -0.38066E-02    0.43815E-03   -0.13955E+00    0.93001E+00   -0.14440E-01    0.11708E-01    0.10156E-01   -0.15399E+00    0.16956E+00    0.54988E-01   -0.33276E-01    0.39574E-01   -0.11583E+00    0.11308E-01    0.47395E-02    0.25229E-01    0.16469E+00   -0.22164E+00    0.35459E-01    0.92775E-01    0.56817E-02   -0.23922E+00   -0.40571E-02    0.13432E+00   -0.41646E-01   -0.42670E-02    0.12168E+00   -0.11796E-02   -0.38270E-03    0.19640E-03    0.27428E-02   -0.26595E-02   -0.40440E-04   -0.15525E-03   -0.14097E-03   -0.18333E-03    0.16511E-03   -0.17525E-03   -0.25112E-03
    0.22453E-05   -0.76978E-05    0.11725E-04   -0.47121E-04   -0.11330E-03   -0.99198E-04   -0.45776E-03    0.11183E+01   -0.18867E-01    0.95747E-01   -0.79402E-02   -0.11956E+00   -0.19573E-01   -0.40642E-03    0.56647E-03   -0.33122E-02    0.13010E-05   -0.75634E-05    0.41462E-02    0.42029E-01   -0.28883E-02   -0.14440E-01    0.96201E+00    0.55612E-02   -0.24142E-01   -0.44520E-01   -0.29967E-01    0.15127E+00   -0.25358E-01    0.71429E-01   -0.40168E-02    0.48308E-01   -0.12526E-01   -0.73178E-02    0.98836E-01   -0.52241E-01    0.31042E-01    0.82656E-02   -0.16050E+00    0.83411E-01    0.19688E-02    0.97171E-01   -0.92984E-02    0.69870E-02    0.11791E+00    0.58847E-03   -0.71933E-04   -0.74507E-04    0.17534E-02   -0.19337E-02   -0.46609E-04   -0.32377E-04   -0.11178E-03   -0.60272E-04   -0.85218E-04    0.75565E-04    0.52772E-03
    0.29969E-05   -0.47243E-04   -0.14197E-05   -0.16619E-04    0.11091E-03   -0.12956E-03   -0.86349E-03   -0.30196E+00    0.70240E-01   -0.13223E+00   -0.26796E-02    0.18215E-01   -0.14418E-01    0.77051E-03   -0.69314E-03   -0.79123E-04   -0.20746E-05   -0.30697E-04   -0.14764E-02    0.14511E-01    0.47939E-02    0.11708E-01    0.55612E-02    0.97337E+00    0.14782E-02    0.53310E-01   -0.67472E-01    0.72521E-01   -0.76896E-01    0.54158E-01    0.79726E-01    0.11523E+00    0.39387E-01    0.15518E+00   -0.99887E-01    0.89208E-01    0.47010E-01    0.97942E-02   -0.10068E+00    0.52167E-01   -0.77676E-02    0.46777E-01    0.25219E-01   -0.52085E-02    0.23711E-01   -0.15472E-02   -0.14965E-02    0.64327E-04    0.20786E-02    0.14103E-02   -0.22647E-04    0.26126E-03    0.79490E-05    0.19547E-03   -0.46379E-04    0.81436E-04   -0.47819E-04
    0.24407E-05    0.84860E-05    0.52909E-05   -0.60207E-04    0.45805E-04   -0.79093E-04    0.30565E-03   -0.51883E+00    0.46847E-01   -0.13727E+00    0.15901E-01    0.10972E+00    0.43127E-01    0.70105E-03    0.74213E-03    0.99544E-03   -0.59765E-05   -0.12076E-04   -0.49648E-02   -0.64419E-01    0.88251E-02    0.10156E-01   -0.24142E-01    0.14782E-02    0.99162E+00    0.28573E-01    0.44364E-01   -0.33794E-01    0.46695E-01    0.81562E-01    0.58063E-01   -0.47534E-01   -0.79911E-01    0.43939E-01    0.29257E-01    0.83094E-01   -0.71264E-01    0.85743E-01   -0.22811E-01    0.11334E-01   -0.72315E-03   -0.61024E-01   -0.39655E-03   -0.52057E-02    0.24511E-01    0.56650E-03    0.94147E-03   -0.16006E-03   -0.33251E-02   -0.32915E-02    0.93173E-04    0.34239E-04    0.29398E-04   -0.64655E-04    0.36155E-03   -0.11659E-03    0.24029E-04
   -0.29283E-05    0.53328E-04   -0.90894E-05    0.41128E-04    0.14999E-03    0.57591E-03    0.60003E-03   -0.26551E+01    0.27050E+00    0.51861E-01   -0.17832E-01    0.16264E-01    0.56046E-01    0.12404E-02   -0.17027E-02    0.23092E-02    0.94577E-06    0.40489E-03   -0.11448E-01   -0.46837E-01    0.18678E+00   -0.15399E+00   -0.44520E-01    0.53310E-01    0.28573E-01    0.76338E+00   -0.20238E-01   -0.10570E-01   -0.13923E-01   -0.23105E-01    0.73497E-01    0.13005E+00   -0.77264E-01   -0.73834E-02   -0.73729E-01    0.61455E+00    0.21933E+00   -0.47595E-01   -0.35282E-01    0.87744E-01   -0.15053E-01   -0.20184E-01   -0.78908E-02   -0.24976E-02   -0.10780E+00   -0.23249E-02   -0.17108E-02    0.93928E-03   -0.88763E-03    0.12322E-02    0.32114E-03   -0.18380E-04    0.22639E-03    0.28915E-04    0.47651E-03    0.13440E-03   -0.14662E-03
   -0.30074E-05    0.37608E-04   -0.26173E-05   -0.24235E-04    0.82372E-04    0.14724E-03    0.32423E-03   -0.46070E+01   -0.37044E+00    0.14510E+00    0.27849E-02   -0.16379E-01    0.29855E-01   -0.37694E-02   -0.16528E-03    0.31044E-02    0.88901E-05    0.35052E-04   -0.25291E-02   -0.30862E-01   -0.36454E-01    0.16956E+00   -0.29967E-01   -0.67472E-01    0.44364E-01   -0.20238E-01    0.99140E+00    0.64022E-02   -0.99461E-02   -0.14207E-01    0.42958E-01   -0.58559E-02   -0.54885E-01   -0.93946E-02    0.14468E+00   -0.90568E-01    0.25873E+00    0.77809E+00    0.29343E+00   -0.20064E+00   -0.12105E-02   -0.60672E-01    0.26472E-02    0.34000E-02   -0.22841E-01   -0.53528E-04    0.43291E-03    0.21522E-03    0.44467E-03   -0.12628E-02    0.94197E-04   -0.24152E-03    0.10765E-03   -0.21043E-03    0.26726E-03    0.17821E-03    0.42568E-03
    0.43651E-05   -0.41290E-04    0.12954E-04    0.12507E-03    0.15252E-03    0.11803E-03   -0.22065E-03   -0.10244E+01   -0.19216E+00   -0.95361E-01   -0.27706E-02   -0.70953E-01   -0.39173E-02    0.20165E-02    0.59982E-04   -0.36155E-02    0.15168E-05   -0.19272E-04    0.40226E-02    0.34698E-01   -0.49513E-01    0.54988E-01    0.15127E+00    0.72521E-01   -0.33794E-01   -0.10570E-01    0.64022E-02    0.97000E+00   -0.69178E-02   -0.99433E-03    0.89645E-01   -0.35944E-01    0.14723E+00    0.15018E+00   -0.12088E+00   -0.18803E+00    0.61762E+00    0.14476E+00   -0.59704E+00    0.16776E+00    0.70608E-02    0.68429E-01   -0.15823E-01    0.42969E-02    0.10854E+00    0.59878E-03    0.77672E-03    0.11415E-03    0.74305E-03    0.17733E-02    0.21100E-03    0.77001E-04    0.19250E-04    0.13885E-03    0.38248E-03   -0.35299E-04    0.43625E-03
    0.64475E-06   -0.45508E-04    0.99108E-05    0.32519E-03    0.19108E-03    0.51519E-03   -0.25551E-04   -0.42363E+00   -0.11585E+00   -0.10326E+00    0.22647E-01    0.27758E+00    0.12385E-01   -0.25150E-02    0.72800E-03    0.86716E-02    0.47623E-05   -0.20370E-04    0.27068E-02   -0.18499E-01   -0.17197E-01   -0.33276E-01   -0.25358E-01   -0.76896E-01    0.46695E-01   -0.13923E-01   -0.99461E-02   -0.69178E-02    0.96873E+00   -0.49920E-02   -0.25329E-01   -0.10057E+00   -0.13321E+00   -0.31038E-01   -0.11472E+00   -0.74824E-01    0.62597E-01   -0.43486E-01    0.29414E+00    0.65990E+00   -0.82397E-02   -0.16532E+00   -0.76018E-02   -0.10722E-01   -0.19121E+00    0.17099E-02    0.13430E-02   -0.25244E-03    0.13696E-02    0.10627E-02   -0.67500E-04    0.46925E-03    0.74485E-04    0.81742E-04   -0.15953E-03   -0.46284E-04   -0.50550E-04
    0.23132E-05    0.20877E-04   -0.34875E-05   -0.12810E-03   -0.14417E-03   -0.28824E-03   -0.83017E-03   -0.12549E+01    0.10868E+00    0.16183E+00   -0.13025E-01   -0.22518E+00   -0.20570E-01    0.41131E-03    0.69658E-03   -0.62542E-02    0.98760E-05    0.39397E-04    0.59244E-02    0.48617E-01   -0.79301E-01    0.39574E-01    0.71429E-01    0.54158E-01    0.81562E-01   -0.23105E-01   -0.14207E-01   -0.99433E-03   -0.49920E-02    0.10358E+01   -0.34935E-01    0.79440E-01    0.54295E-01    0.15982E+00   -0.49531E-03    0.13489E+00   -0.59271E+00    0.39419E+00   -0.36207E+00    0.23507E+00    0.22437E-02    0.19562E+00    0.78532E-02    0.41223E-02    0.11021E+00   -0.16011E-02   -0.10831E-02   -0.31790E-03   -0.14421E-02   -0.19233E-03   -0.77215E-04    0.24839E-03   -0.77878E-04   -0.13453E-04   -0.14005E-04    0.13672E-04   -0.38358E-03
    0.41372E-05   -0.25254E-04   -0.22835E-05   -0.10259E-03    0.17000E-03   -0.27915E-03    0.58202E-03   -0.17658E+00   -0.28212E+00    0.92899E-01    0.19932E-01   -0.17705E+00   -0.54482E-01   -0.19600E-02    0.79573E-03   -0.71684E-02   -0.36917E-05   -0.38667E-03    0.86610E-02    0.48008E-01    0.56151E-02   -0.11583E+00   -0.40168E-02    0.79726E-01    0.58063E-01    0.73497E-01    0.42958E-01    0.89645E-01   -0.25329E-01   -0.34935E-01    0.84429E+00    0.75320E-02   -0.13279E-01    0.10337E-01   -0.30171E-01    0.58958E+00    0.16666E+00    0.11934E+00    0.16511E-01   -0.75746E-01    0.12611E-01    0.27530E+00    0.37723E-01    0.15734E-01    0.29629E+00    0.10069E-02   -0.21854E-03   -0.92217E-03    0.37786E-03    0.29421E-02    0.10546E-03    0.54975E-03    0.12825E-03    0.45796E-03   -0.21775E-03    0.20875E-03    0.41931E-03
   -0.83736E-05    0.57553E-04   -0.87459E-05    0.81591E-04   -0.20744E-03    0.36039E-03    0.30543E-03   -0.67847E+00    0.82420E-01    0.41140E+00   -0.25969E-01   -0.45061E+00   -0.14731E-01    0.66567E-03   -0.14354E-02   -0.10988E-01    0.47707E-05    0.41462E-04    0.50278E-03    0.51750E-01    0.43156E-01    0.11308E-01    0.48308E-01    0.11523E+00   -0.47534E-01    0.13005E+00   -0.58559E-02   -0.35944E-01   -0.10057E+00    0.79440E-01    0.75320E-02    0.97620E+00    0.24353E-01    0.14181E-02   -0.16935E-01    0.10545E+00    0.16820E+00    0.35756E-03    0.13323E+00    0.15255E+00   -0.56851E-02    0.39643E+00    0.13829E-02    0.45502E-02    0.20749E+00   -0.27835E-02   -0.32600E-02    0.29401E-03   -0.14972E-03   -0.34110E-02   -0.30407E-04    0.53812E-04    0.42929E-05   -0.88376E-04   -0.72829E-03    0.90215E-04    0.10300E-03
   -0.14230E-05    0.19163E-04   -0.31678E-05   -0.64800E-04   -0.14368E-03   -0.74222E-04   -0.56436E-03    0.15789E+00   -0.22624E-01   -0.79955E-01   -0.10297E-02    0.33479E-01   -0.18868E-02    0.86018E-03   -0.14627E-03    0.81567E-03    0.12169E-04   -0.77171E-04    0.49847E-03    0.66728E-02   -0.29160E-01    0.47395E-02   -0.12526E-01    0.39387E-01   -0.79911E-01   -0.77264E-01   -0.54885E-01    0.14723E+00   -0.13321E+00    0.54295E-01   -0.13279E-01    0.24353E-01    0.10103E+01    0.21976E-01    0.14526E-01   -0.10448E+00    0.49723E-01    0.17194E+00    0.26188E-01   -0.44961E-01   -0.86611E-02   -0.36001E-01    0.28410E-01   -0.78142E-02   -0.48342E-01   -0.19248E-02   -0.22204E-02    0.30865E-03    0.37446E-03    0.14607E-02   -0.78972E-05    0.16252E-04   -0.10637E-03    0.75356E-04    0.22039E-03   -0.16564E-03    0.28389E-03
    0.22846E-05   -0.40047E-04    0.35184E-05    0.10098E-03    0.57943E-04    0.92568E-04   -0.30849E-03   -0.92379E+00   -0.10795E+00    0.10563E+00   -0.18937E-01   -0.26813E+00   -0.17399E-01   -0.39604E-04    0.18434E-03   -0.70992E-02    0.31638E-05    0.16118E-04   -0.30486E-02    0.43336E-01   -0.45668E-01    0.25229E-01   -0.73178E-02    0.15518E+00    0.43939E-01   -0.73834E-02   -0.93946E-02    0.15018E+00   -0.31038E-01    0.15982E+00    0.10337E-01    0.14181E-02    0.21976E-01    0.10004E+01    0.10208E-01   -0.15102E-01    0.26762E-01    0.13289E+00   -0.25946E+00    0.11530E+00   -0.96033E-02    0.27080E+00    0.18108E-01    0.25656E-02    0.15695E+00   -0.27579E-02   -0.23259E-02   -0.19692E-03    0.17810E-02   -0.73632E-03    0.70077E-04    0.22708E-03    0.21768E-04    0.92319E-04    0.42696E-04    0.55801E-04   -0.53458E-03
   -0.11945E-05   -0.27311E-04    0.27843E-06   -0.55688E-04    0.95984E-04   -0.27755E-03    0.26241E-03   -0.25766E+01   -0.67588E-01    0.19099E+00   -0.29091E-01   -0.33732E+00   -0.44663E-01   -0.35449E-03   -0.28894E-03   -0.71036E-02    0.24815E-05    0.24051E-04    0.62883E-02    0.93295E-01   -0.11854E+00    0.16469E+00    0.98836E-01   -0.99887E-01    0.29257E-01   -0.73729E-01    0.14468E+00   -0.12088E+00   -0.11472E+00   -0.49531E-03   -0.30171E-01   -0.16935E-01    0.14526E-01    0.10208E-01    0.99284E+00   -0.71124E-01   -0.39877E-01    0.23338E-01    0.16509E+00   -0.11000E+00    0.97270E-02    0.17678E+00   -0.50351E-02    0.13570E-01    0.16127E+00   -0.15792E-02   -0.14396E-02    0.23328E-03    0.10585E-02   -0.20456E-02    0.49611E-04   -0.17798E-03   -0.38495E-04   -0.10974E-03    0.68482E-04    0.11701E-03   -0.14392E-03
    0.33995E-06    0.36218E-04   -0.12032E-04   -0.10196E-03    0.14595E-03    0.12892E-03    0.73305E-03   -0.15058E+01    0.12634E+00    0.12584E+00   -0.77476E-03   -0.11439E+00    0.31573E-02   -0.27148E-03   -0.63741E-03   -0.35303E-02   -0.20378E-05    0.49484E-04   -0.29260E-02   -0.58395E-02    0.14767E+00   -0.22164E+00   -0.52241E-01    0.89208E-01    0.83094E-01    0.61455E+00   -0.90568E-01   -0.18803E+00   -0.74824E-01    0.13489E+00    0.58958E+00    0.10545E+00   -0.10448E+00   -0.15102E-01   -0.71124E-01    0.94195E+00   -0.38097E-01    0.94039E-02   -0.13333E-01    0.14121E-02   -0.32617E-02    0.18101E+00    0.23083E-01    0.84566E-02    0.11291E+00   -0.12881E-02   -0.16477E-02   -0.25320E-04   -0.73609E-03    0.28550E-02    0.24336E-03    0.35943E-03    0.21569E-03    0.30631E-03    0.97373E-04    0.23228E-03    0.23378E-05
   -0.75203E-06   -0.21694E-04    0.72857E-05    0.19912E-03    0.25068E-03    0.49805E-03    0.67724E-03   -0.22978E+01   -0.27243E+00    0.81792E-02   -0.60249E-02   -0.65931E-01    0.10052E-01    0.21568E-03   -0.10160E-02   -0.76041E-03   -0.39097E-06    0.56779E-04   -0.17043E-02    0.89820E-02    0.42786E-01    0.35459E-01    0.31042E-01    0.47010E-01   -0.71264E-01    0.21933E+00    0.25873E+00    0.61762E+00    0.62597E-01   -0.59271E+00    0.16666E+00    0.16820E+00    0.49723E-01    0.26762E-01   -0.39877E-01   -0.38097E-01    0.99269E+00    0.24875E-02    0.25343E-01   -0.23805E-01   -0.70983E-03    0.42686E-01   -0.61470E-02    0.34470E-02    0.58267E-01   -0.46765E-03   -0.42538E-03    0.55955E-03    0.82544E-03    0.26413E-04    0.27123E-03   -0.11226E-04    0.18315E-03    0.92488E-04    0.27962E-03    0.10372E-03    0.50976E-03
   -0.80427E-07    0.47257E-04   -0.69971E-05   -0.65400E-04   -0.23367E-04    0.48996E-04   -0.39202E-03   -0.27665E+01   -0.35058E+00    0.13873E+00    0.13456E-01   -0.32833E-01    0.14678E-01   -0.36400E-02    0.10274E-02    0.25217E-02    0.94554E-05   -0.53853E-04    0.36192E-02   -0.29361E-02   -0.19553E-01    0.92775E-01    0.82656E-02    0.97942E-02    0.85743E-01   -0.47595E-01    0.77809E+00    0.14476E+00   -0.43486E-01    0.39419E+00    0.11934E+00    0.35756E-03    0.17194E+00    0.13289E+00    0.23338E-01    0.94039E-02    0.24875E-02    0.10013E+01   -0.12078E-01    0.53955E-02   -0.47756E-03    0.52747E-03    0.67913E-02    0.17709E-03    0.94810E-02    0.68720E-03    0.98189E-03   -0.18166E-03    0.19650E-03   -0.19765E-03    0.94392E-04    0.44339E-05    0.46616E-04   -0.70595E-04    0.23300E-03    0.17020E-03    0.47772E-03
   -0.34318E-05    0.96818E-05   -0.44689E-05    0.92315E-04    0.30876E-04    0.27029E-03    0.60679E-03    0.44923E-01   -0.13877E+00    0.74474E-01    0.66820E-02    0.10356E+00   -0.12281E-01   -0.41600E-02    0.18186E-03    0.68744E-02    0.20394E-05   -0.74364E-04   -0.56161E-03   -0.38107E-02    0.43291E-01    0.56817E-02   -0.16050E+00   -0.10068E+00   -0.22811E-01   -0.35282E-01    0.29343E+00   -0.59704E+00    0.29414E+00   -0.36207E+00    0.16511E-01    0.13323E+00    0.26188E-01   -0.25946E+00    0.16509E+00   -0.13333E-01    0.25343E-01   -0.12078E-01    0.96988E+00   -0.26543E-02   -0.38768E-02   -0.11325E+00    0.14318E-01   -0.62896E-02   -0.12797E+00    0.96867E-04   -0.85652E-03   -0.10188E-03   -0.92790E-03   -0.37827E-02   -0.10180E-03   -0.19203E-04    0.10090E-03   -0.50590E-04   -0.28595E-03    0.11110E-03    0.51804E-04
    0.42846E-05   -0.29648E-04    0.53279E-05    0.28488E-03    0.16524E-03    0.48432E-03   -0.47199E-03    0.20527E+01    0.92853E-01   -0.34780E+00    0.23539E-01    0.36618E+00    0.13239E-01   -0.20353E-02    0.93291E-03    0.10612E-01    0.85292E-05    0.37248E-05    0.11960E-02   -0.21152E-01    0.63967E-01   -0.23922E+00    0.83411E-01    0.52167E-01    0.11334E-01    0.87744E-01   -0.20064E+00    0.16776E+00    0.65990E+00    0.23507E+00   -0.75746E-01    0.15255E+00   -0.44961E-01    0.11530E+00   -0.11000E+00    0.14121E-02   -0.23805E-01    0.53955E-02   -0.26543E-02    0.98174E+00   -0.11018E-01   -0.21920E+00   -0.23162E-02   -0.14837E-01   -0.25680E+00    0.17229E-02    0.19355E-02   -0.28126E-03    0.47160E-03   -0.26218E-03   -0.44404E-04    0.45727E-03    0.18829E-04    0.10510E-03   -0.31674E-03    0.21515E-04    0.22888E-03
    0.85743E-05    0.87990E-05   -0.33635E-05    0.19154E-03    0.10169E-03    0.41367E-03   -0.33009E-03    0.77643E+00    0.25901E+00    0.14297E+00    0.49839E-01   -0.33414E+00   -0.88181E-01   -0.12183E-02    0.60004E-02   -0.82629E-02   -0.30793E-06    0.54535E-04    0.59763E-01    0.75707E-01   -0.10108E-01   -0.40571E-02    0.19688E-02   -0.77676E-02   -0.72315E-03   -0.15053E-01   -0.12105E-02    0.70608E-02   -0.82397E-02    0.22437E-02    0.12611E-01   -0.56851E-02   -0.86611E-02   -0.96033E-02    0.97270E-02   -0.32617E-02   -0.70983E-03   -0.47756E-03   -0.38768E-02   -0.11018E-01    0.33897E+00    0.20642E+00    0.26943E-01    0.15264E+00    0.52956E+00    0.12070E-01    0.14822E-01   -0.45811E-02   -0.12079E-02   -0.79914E-03    0.61206E-03    0.12744E-03    0.71361E-03    0.64606E-04   -0.51799E-03    0.17893E-03    0.17202E-02
    0.59340E-04    0.16124E-04    0.27906E-04    0.65021E-03    0.79380E-03    0.13016E-02    0.34536E-02    0.92527E-01   -0.13937E+01    0.17627E+02   -0.20175E+00   -0.11879E+02   -0.85078E+00   -0.15290E+00    0.34838E-02   -0.19209E+00   -0.14401E-04    0.24719E-03    0.14912E+00    0.14441E+01   -0.18944E+00    0.13432E+00    0.97171E-01    0.46777E-01   -0.61024E-01   -0.20184E-01   -0.60672E-01    0.68429E-01   -0.16532E+00    0.19562E+00    0.27530E+00    0.39643E+00   -0.36001E-01    0.27080E+00    0.17678E+00    0.18101E+00    0.42686E-01    0.52747E-03   -0.11325E+00   -0.21920E+00    0.20642E+00    0.16111E+02    0.11437E+00    0.39490E+00    0.57282E+01   -0.53792E-02   -0.37108E-01   -0.11559E-01    0.30116E-03    0.12109E-01    0.17660E-02    0.21945E-01    0.20634E-02    0.14006E-01   -0.43116E-03    0.33814E-02   -0.74810E-02
    0.26769E-04   -0.12861E-03    0.27655E-04    0.60076E-03    0.42334E-03    0.10344E-02    0.33590E-03    0.56292E+01    0.11065E+01   -0.88392E+00   -0.21677E+00   -0.12439E+00   -0.79968E+00   -0.77312E-02   -0.12417E-01    0.12085E-02    0.13828E-05    0.77518E-04    0.80238E-02    0.35901E+00   -0.27394E-01   -0.41646E-01   -0.92984E-02    0.25219E-01   -0.39655E-03   -0.78908E-02    0.26472E-02   -0.15823E-01   -0.76018E-02    0.78532E-02    0.37723E-01    0.13829E-02    0.28410E-01    0.18108E-01   -0.50351E-02    0.23083E-01   -0.61470E-02    0.67913E-02    0.14318E-01   -0.23162E-02    0.26943E-01    0.11437E+00    0.22759E+01    0.66114E-02    0.23255E+00   -0.94122E-01   -0.10749E+00   -0.43417E-02    0.53225E-02   -0.16942E-02   -0.18018E-03    0.10714E-02   -0.44447E-03    0.11464E-02    0.52920E-03   -0.37018E-04    0.49934E-03
    0.17944E-04   -0.27867E-04   -0.16403E-06    0.38562E-03    0.22936E-03    0.70266E-03    0.22715E-03   -0.25325E+00   -0.17649E+00    0.56183E+00   -0.23907E-01   -0.71719E+00   -0.11699E+00   -0.37997E-02    0.34727E-02   -0.10544E-01   -0.26627E-05    0.29676E-04    0.57037E-01    0.24736E+00   -0.12911E-01   -0.42670E-02    0.69870E-02   -0.52085E-02   -0.52057E-02   -0.24976E-02    0.34000E-02    0.42969E-02   -0.10722E-01    0.41223E-02    0.15734E-01    0.45502E-02   -0.78142E-02    0.25656E-02    0.13570E-01    0.84566E-02    0.34470E-02    0.17709E-03   -0.62896E-02   -0.14837E-01    0.15264E+00    0.39490E+00    0.66114E-02    0.23984E+00    0.38860E+00    0.63405E-02    0.13931E-01   -0.81342E-04   -0.14627E-03    0.34844E-02    0.17613E-03    0.35115E-04    0.18691E-03   -0.87764E-04    0.26669E-03    0.26401E-03    0.33737E-03
    0.78641E-04   -0.17037E-03    0.13840E-04    0.14154E-02    0.85848E-03    0.21854E-02    0.17115E-02    0.82313E+01   -0.35213E+00    0.90774E+01   -0.49995E-01   -0.78472E+01   -0.12597E+01   -0.11078E+00    0.68776E-02   -0.13788E+00   -0.33317E-05    0.34366E-03    0.21980E+00    0.18432E+01   -0.15812E+00    0.12168E+00    0.11791E+00    0.23711E-01    0.24511E-01   -0.10780E+00   -0.22841E-01    0.10854E+00   -0.19121E+00    0.11021E+00    0.29629E+00    0.20749E+00   -0.48342E-01    0.15695E+00    0.16127E+00    0.11291E+00    0.58267E-01    0.94810E-02   -0.12797E+00   -0.25680E+00    0.52956E+00    0.57282E+01    0.23255E+00    0.38860E+00    0.16909E+02    0.50405E-02   -0.52484E-01   -0.24123E-01   -0.20138E-01   -0.60804E-02    0.22340E-02    0.19825E-02    0.25752E-02    0.12775E-02   -0.78480E-03    0.54880E-02    0.31844E-01
   -0.67785E-06    0.77699E-05   -0.10167E-05   -0.30233E-04   -0.25074E-04   -0.50536E-04   -0.40301E-04   -0.12632E+00   -0.54500E-02   -0.46352E-01    0.49162E-01    0.59150E-01    0.45993E-01    0.39690E-03    0.10065E-03   -0.47834E-03   -0.27042E-06    0.29535E-05    0.42033E-02   -0.51927E-01    0.54981E-04   -0.11796E-02    0.58847E-03   -0.15472E-02    0.56650E-03   -0.23249E-02   -0.53528E-04    0.59878E-03    0.17099E-02   -0.16011E-02    0.10069E-02   -0.27835E-02   -0.19248E-02   -0.27579E-02   -0.15792E-02   -0.12881E-02   -0.46765E-03    0.68720E-03    0.96867E-04    0.17229E-02    0.12070E-01   -0.53792E-02   -0.94122E-01    0.63405E-02    0.50405E-02    0.85737E-02    0.78641E-02   -0.17425E-03   -0.29872E-03   -0.23347E-03    0.89765E-05    0.95473E-05    0.15641E-04   -0.15208E-04   -0.78775E-04    0.43362E-04    0.15351E-03
