# omegabh2 omegach2 theta tau omegak yhe ns logA aps100 aps143 aps217 acib143 acib217 asz143 psr cibr cal0 cal2 xi aksz bm_1_1
1.030000E-07 -7.495200E-07 1.053400E-07 2.592200E-06 -7.473600E-07 4.391200E-08 1.742500E-06 3.612300E-06 -5.209290E-03 -5.951700E-04 -1.041120E-04 -9.449000E-05 -2.033100E-04 4.097100E-05 -4.581600E-06 1.408700E-05 7.685400E-09 -3.775900E-08 2.737200E-06 -7.320400E-05 -3.528300E-05
-7.495200E-07 9.616400E-06 -9.991700E-07 -2.052800E-05 9.046500E-06 -3.196400E-07 -2.094400E-05 -1.814500E-05 5.502510E-02 2.925090E-03 3.452760E-03 3.375200E-03 1.928100E-04 -5.719100E-04 4.940800E-05 -1.945600E-04 -5.679200E-08 2.125300E-07 1.122100E-04 2.968000E-04 3.775600E-04
1.053400E-07 -9.991700E-07 3.453000E-07 3.892200E-06 -1.096300E-06 4.491400E-08 2.712700E-06 5.559900E-06 -6.637140E-03 5.641920E-04 -4.030020E-04 -5.500400E-04 -2.218900E-04 2.335400E-05 -4.532900E-06 1.511800E-05 -3.408100E-08 -4.264600E-08 5.331200E-06 2.081200E-05 -3.911100E-05
2.592200E-06 -2.052800E-05 3.892200E-06 2.685200E-04 -1.898000E-05 1.105100E-06 7.318500E-05 4.917400E-04 -2.528820E-01 1.590120E-02 3.082050E-02 -1.630400E-03 -2.049700E-02 -1.979200E-04 -1.827800E-04 -7.960000E-06 9.805600E-09 -3.252800E-06 1.068000E-03 -5.183200E-03 -1.926400E-03
-7.473600E-07 9.046500E-06 -1.096300E-06 -1.898000E-05 1.284700E-05 -3.188700E-07 -2.044900E-05 -1.650800E-05 5.417190E-02 3.214800E-03 4.567320E-03 3.444100E-03 1.496300E-04 -5.076600E-04 3.779200E-05 -1.782000E-04 1.450000E-08 1.924600E-07 1.277300E-04 2.733400E-04 3.822300E-04
4.391200E-08 -3.196400E-07 4.491400E-08 1.105100E-06 -3.188700E-07 1.872100E-08 7.429800E-07 1.539400E-06 -2.220210E-03 -2.536110E-04 -4.429800E-05 -4.108600E-05 -8.680300E-05 1.750700E-05 -1.947900E-06 6.003000E-06 3.179000E-09 -1.619100E-08 1.124600E-06 -3.118800E-05 -1.504300E-05
1.742500E-06 -2.094400E-05 2.712700E-06 7.318500E-05 -2.044900E-05 7.429800E-07 6.198800E-05 9.430100E-05 -1.217250E-01 4.359600E-03 5.933520E-03 -7.521100E-03 -6.272300E-03 4.376400E-04 -1.035800E-04 1.318000E-04 9.172400E-08 -4.346700E-07 -7.943700E-05 -2.641100E-03 -1.097100E-03
3.612300E-06 -1.814500E-05 5.559900E-06 4.917400E-04 -1.650800E-05 1.539400E-06 9.430100E-05 9.529500E-04 -3.673530E-01 3.690000E-02 7.172910E-02 6.285500E-03 -4.179200E-02 -1.923200E-03 -2.458300E-04 -5.278300E-04 -1.551900E-07 -6.335400E-06 2.525300E-03 -1.023700E-02 -2.721000E-03
-5.209290E-03 5.502510E-02 -6.637140E-03 -2.528820E-01 5.417190E-02 -2.220210E-03 -1.217250E-01 -3.673530E-01 2.907657E+03 -1.377243E+01 6.278229E+01 1.522530E+02 4.298310E+00 -2.732670E+01 9.154800E-01 -7.335000E+00 -1.489050E-04 1.086120E-02 1.692090E+00 -2.157120E+00 1.021410E+01
-5.951700E-04 2.925090E-03 5.641920E-04 1.590120E-02 3.214800E-03 -2.536110E-04 4.359600E-03 3.690000E-02 -1.377243E+01 8.045649E+01 4.298994E+01 -1.736820E+01 -1.060380E+01 -1.125270E+00 -4.816800E-02 -1.502010E-01 -2.601000E-04 -3.401640E-04 1.812330E-01 -4.584960E+00 -3.456000E-01
-1.041120E-04 3.452760E-03 -4.030020E-04 3.082050E-02 4.567320E-03 -4.429800E-05 5.933520E-03 7.172910E-02 6.278229E+01 4.298994E+01 1.283526E+02 1.193220E+00 -4.911030E+01 -1.689750E+00 6.136200E-02 -1.098720E+00 1.561500E-04 -5.563350E-03 7.104780E-01 -5.196960E+00 1.883520E-01
-9.449000E-05 3.375200E-03 -5.500400E-04 -1.630400E-03 3.444100E-03 -4.108600E-05 -7.521100E-03 6.285500E-03 1.522530E+02 -1.736820E+01 1.193220E+00 3.297500E+01 5.113800E+00 -2.448100E+00 9.841900E-02 -5.696900E-01 3.096500E-04 4.045900E-04 7.689300E-01 -1.413800E+00 -6.041800E-02
-2.033100E-04 1.928100E-04 -2.218900E-04 -2.049700E-02 1.496300E-04 -8.680300E-05 -6.272300E-03 -4.179200E-02 4.298310E+00 -1.060380E+01 -4.911030E+01 5.113800E+00 2.714800E+01 7.836500E-01 -3.122000E-02 6.021200E-01 3.845600E-05 2.725300E-03 -3.146800E-01 -9.056700E-01 -9.445900E-02
4.097100E-05 -5.719100E-04 2.335400E-05 -1.979200E-04 -5.076600E-04 1.750700E-05 4.376400E-04 -1.923200E-03 -2.732670E+01 -1.125270E+00 -1.689750E+00 -2.448100E+00 7.836500E-01 6.392300E-01 -1.464000E-02 1.756000E-01 2.891300E-05 -1.601100E-04 -5.606400E-02 -9.476500E-02 2.041000E-02
-4.581600E-06 4.940800E-05 -4.532900E-06 -1.827800E-04 3.779200E-05 -1.947900E-06 -1.035800E-04 -2.458300E-04 9.154800E-01 -4.816800E-02 6.136200E-02 9.841900E-02 -3.122000E-02 -1.464000E-02 2.877600E-03 -7.089600E-03 -3.769600E-06 3.017200E-06 2.551100E-03 1.139800E-02 1.662300E-03
1.408700E-05 -1.945600E-04 1.511800E-05 -7.960000E-06 -1.782000E-04 6.003000E-06 1.318000E-04 -5.278300E-04 -7.335000E+00 -1.502010E-01 -1.098720E+00 -5.696900E-01 6.021200E-01 1.756000E-01 -7.089600E-03 7.315400E-02 1.454600E-05 -1.745700E-05 -1.007500E-02 -6.480700E-02 -4.440200E-03
7.685400E-09 -5.679200E-08 -3.408100E-08 9.805600E-09 1.450000E-08 3.179000E-09 9.172400E-08 -1.551900E-07 -1.489050E-04 -2.601000E-04 1.561500E-04 3.096500E-04 3.845600E-05 2.891300E-05 -3.769600E-06 1.454600E-05 1.439500E-07 2.267600E-08 1.747400E-05 -5.170200E-05 -1.513100E-05
-3.775900E-08 2.125300E-07 -4.264600E-08 -3.252800E-06 1.924600E-07 -1.619100E-08 -4.346700E-07 -6.335400E-06 1.086120E-02 -3.401640E-04 -5.563350E-03 4.045900E-04 2.725300E-03 -1.601100E-04 3.017200E-06 -1.745700E-05 2.267600E-08 7.367700E-07 -4.103900E-05 1.138100E-04 -2.380500E-05
2.737200E-06 1.122100E-04 5.331200E-06 1.068000E-03 1.277300E-04 1.124600E-06 -7.943700E-05 2.525300E-03 1.692090E+00 1.812330E-01 7.104780E-01 7.689300E-01 -3.146800E-01 -5.606400E-02 2.551100E-03 -1.007500E-02 1.747400E-05 -4.103900E-05 6.089000E-02 -3.068400E-02 4.877400E-03
-7.320400E-05 2.968000E-04 2.081200E-05 -5.183200E-03 2.733400E-04 -3.118800E-05 -2.641100E-03 -1.023700E-02 -2.157120E+00 -4.584960E+00 -5.196960E+00 -1.413800E+00 -9.056700E-01 -9.476500E-02 1.139800E-02 -6.480700E-02 -5.170200E-05 1.138100E-04 -3.068400E-02 2.065900E+00 3.571500E-02
-3.528300E-05 3.775600E-04 -3.911100E-05 -1.926400E-03 3.822300E-04 -1.504300E-05 -1.097100E-03 -2.721000E-03 1.021410E+01 -3.456000E-01 1.883520E-01 -6.041800E-02 -9.445900E-02 2.041000E-02 1.662300E-03 -4.440200E-03 -1.513100E-05 -2.380500E-05 4.877400E-03 3.571500E-02 1.323900E-01
