# omegabh2 omegach2 theta tau w logA ns calPlanck acib217 xi asz143 aps100 aps143 aps143217 aps217 aksz kgal100 kgal143 kgal143217 kgal217 cal0 cal2
    0.4665399E-07   -0.1912589E-06    0.4032707E-07    0.1631318E-05    0.6357411E-05    0.2979479E-05    0.6091423E-06    0.2521199E-07   -0.2324664E-03    0.4115878E-05    0.6266282E-04   -0.9529772E-03   -0.4651116E-03   -0.6410490E-04    0.1026299E-03   -0.9169747E-04   -0.1382121E-05   -0.8906776E-05   -0.1053764E-04    0.5595016E-04    0.7513765E-08   -0.2047102E-07
   -0.1912589E-06    0.3628150E-05   -0.3317412E-06   -0.1493924E-04   -0.1020743E-03   -0.2152202E-04   -0.8554826E-05   -0.2089775E-06    0.7986538E-03   -0.1069152E-04   -0.1362004E-03    0.2625971E-02    0.1411803E-02    0.5272741E-03   -0.2774057E-03    0.1986283E-03   -0.3650023E-04    0.2230028E-04    0.3446465E-04   -0.1936441E-03   -0.2091602E-07    0.9727874E-07
    0.4032707E-07   -0.3317412E-06    0.2048441E-06    0.1879385E-05    0.1325332E-04    0.3203832E-05    0.1060833E-05    0.3419823E-07   -0.6803469E-04   -0.4328818E-06    0.1901754E-04   -0.1408749E-03   -0.2232484E-03   -0.1318615E-03   -0.4964904E-04   -0.1888077E-04    0.1358606E-04   -0.9407162E-05   -0.2785679E-05    0.3169001E-04    0.9616915E-08    0.2165208E-09
    0.1631318E-05   -0.1493924E-04    0.1879385E-05    0.3544758E-03    0.4680566E-03    0.6732196E-03    0.5023025E-04   -0.5993119E-07   -0.1493315E-01    0.2520627E-03    0.3367728E-02   -0.6057533E-01   -0.2319791E-01    0.6701374E-03    0.1057682E-01   -0.6718470E-02   -0.6643734E-03   -0.5514661E-03   -0.1653960E-02    0.2037613E-02   -0.7467960E-07   -0.1676072E-05
    0.6357411E-05   -0.1020743E-03    0.1325332E-04    0.4680566E-03    0.5220280E-02    0.7098923E-03    0.2562647E-03    0.7255847E-05   -0.2925408E-01    0.4727898E-03    0.4573806E-02   -0.8067430E-01   -0.4534878E-01   -0.9898960E-02    0.1494171E-01   -0.1011344E-01    0.1454162E-02   -0.1703036E-02   -0.9836841E-03    0.1188634E-01    0.1250749E-05   -0.1734772E-05
    0.2979479E-05   -0.2152202E-04    0.3203832E-05    0.6732196E-03    0.7098923E-03    0.1324290E-02    0.7961232E-04    0.1218190E-04   -0.2929661E-01    0.5754397E-03    0.6767178E-02   -0.1152995E+00   -0.4215136E-01    0.6865834E-02    0.2797646E-01   -0.1448529E-01   -0.1767218E-02   -0.1719649E-02   -0.3665990E-02    0.5587162E-02    0.9887147E-07   -0.3255659E-05
    0.6091423E-06   -0.8554826E-05    0.1060833E-05    0.5023025E-04    0.2562647E-03    0.7961232E-04    0.3169151E-04    0.7491656E-06   -0.7069302E-02    0.1210421E-03    0.1593432E-02   -0.3255740E-01   -0.9333889E-02    0.2009171E-02    0.7587777E-02   -0.3286885E-02    0.3167621E-03   -0.2633734E-03   -0.6596172E-03    0.1041961E-02   -0.1632781E-06   -0.7463508E-06
    0.2521199E-07   -0.2089775E-06    0.3419823E-07   -0.5993119E-07    0.7255847E-05    0.1218190E-04    0.7491656E-06    0.6304263E-05    0.4404001E-03    0.1553592E-04    0.9926622E-04    0.1789471E-02    0.3928152E-03    0.7115959E-03    0.1576898E-02   -0.1872721E-03   -0.8810490E-04   -0.2410138E-04    0.8093984E-04    0.9126592E-03   -0.1176757E-07   -0.2544184E-07
   -0.2324664E-03    0.7986538E-03   -0.6803469E-04   -0.1493315E-01   -0.2925408E-01   -0.2929661E-01   -0.7069302E-02    0.4404001E-03    0.5017595E+02   -0.5252283E+00   -0.1538446E+01    0.4816013E+02    0.1491590E+01   -0.2137026E+02   -0.6762308E+02    0.4067223E+00   -0.2800513E+00    0.2600623E+00   -0.3076431E+01   -0.2543962E+02   -0.1258633E-03    0.4554920E-02
    0.4115878E-05   -0.1069152E-04   -0.4328818E-06    0.2520627E-03    0.4727898E-03    0.5754397E-03    0.1210421E-03    0.1553592E-04   -0.5252283E+00    0.8142288E-01   -0.7463038E-01   -0.4113394E+00    0.9207260E+00    0.1709242E+01    0.7889970E+00    0.6833438E-01   -0.1375690E-01    0.5743966E-02    0.8031468E-01    0.1050005E+00    0.2751472E-05   -0.2548850E-04
    0.6266282E-04   -0.1362004E-03    0.1901754E-04    0.3367728E-02    0.4573806E-02    0.6767178E-02    0.1593432E-02    0.9926622E-04   -0.1538446E+01   -0.7463038E-01    0.3814800E+01   -0.3088916E+02   -0.4047960E+01    0.7696856E+01    0.6608043E+01   -0.2831106E+01   -0.2051902E+00    0.1005826E-01    0.2290268E+01    0.1797505E+01    0.1555742E-03   -0.3976719E-03
   -0.9529772E-03    0.2625971E-02   -0.1408749E-03   -0.6057533E-01   -0.8067430E-01   -0.1152995E+00   -0.3255740E-01    0.1789471E-02    0.4816013E+02   -0.4113394E+00   -0.3088916E+02    0.7653626E+03    0.7524878E+02   -0.5961699E+02   -0.7890731E+02    0.1615057E+02   -0.7357752E+00    0.4405876E+00   -0.1243027E+02   -0.1977696E+02    0.5231767E-02    0.5335902E-02
   -0.4651116E-03    0.1411803E-02   -0.2232484E-03   -0.2319791E-01   -0.4534878E-01   -0.4215136E-01   -0.9333889E-02    0.3928152E-03    0.1491590E+01    0.9207260E+00   -0.4047960E+01    0.7524878E+02    0.5936281E+02    0.4065430E+02    0.1690094E+02   -0.4115494E+01   -0.6655087E+00   -0.8350073E+00    0.3707293E+01    0.3379340E+01    0.7820999E-04    0.3235433E-03
   -0.6410490E-04    0.5272741E-03   -0.1318615E-03    0.6701374E-03   -0.9898960E-02    0.6865834E-02    0.2009171E-02    0.7115959E-03   -0.2137026E+02    0.1709242E+01    0.7696856E+01   -0.5961699E+02    0.4065430E+02    0.9111808E+02    0.6654919E+02   -0.1238395E+02   -0.1056885E+01   -0.4571238E+00    0.4121594E+01    0.5298099E+01    0.5037367E-03   -0.2672645E-02
    0.1026299E-03   -0.2774057E-03   -0.4964904E-04    0.1057682E-01    0.1494171E-01    0.2797646E-01    0.7587777E-02    0.1576898E-02   -0.6762308E+02    0.7889970E+00    0.6608043E+01   -0.7890731E+02    0.1690094E+02    0.6654919E+02    0.1276356E+03   -0.1068850E+02   -0.2922078E+00   -0.5034130E+00    0.8357483E+00    0.2225797E+02    0.4639469E-03   -0.7838359E-02
   -0.9169747E-04    0.1986283E-03   -0.1888077E-04   -0.6718470E-02   -0.1011344E-01   -0.1448529E-01   -0.3286885E-02   -0.1872721E-03    0.4067223E+00    0.6833438E-01   -0.2831106E+01    0.1615057E+02   -0.4115494E+01   -0.1238395E+02   -0.1068850E+02    0.6455584E+01    0.1533646E+00   -0.1980815E-01   -0.1804615E+01   -0.1176321E+01   -0.1208608E-03    0.2146249E-03
   -0.1382121E-05   -0.3650023E-04    0.1358606E-04   -0.6643734E-03    0.1454162E-02   -0.1767218E-02    0.3167621E-03   -0.8810490E-04   -0.2800513E+00   -0.1375690E-01   -0.2051902E+00   -0.7357752E+00   -0.6655087E+00   -0.1056885E+01   -0.2922078E+00    0.1533646E+00    0.3173326E+01    0.6872776E+00    0.2675686E+00    0.5809444E+00    0.4242726E-03   -0.2647997E-05
   -0.8906776E-05    0.2230028E-04   -0.9407162E-05   -0.5514661E-03   -0.1703036E-02   -0.1719649E-02   -0.2633734E-03   -0.2410138E-04    0.2600623E+00    0.5743966E-02    0.1005826E-01    0.4405876E+00   -0.8350073E+00   -0.4571238E+00   -0.5034130E+00   -0.1980815E-01    0.6872776E+00    0.3170488E+01    0.2494144E+01    0.1565490E+01   -0.4305727E-03   -0.1813504E-03
   -0.1053764E-04    0.3446465E-04   -0.2785679E-05   -0.1653960E-02   -0.9836841E-03   -0.3665990E-02   -0.6596172E-03    0.8093984E-04   -0.3076431E+01    0.8031468E-01    0.2290268E+01   -0.1243027E+02    0.3707293E+01    0.4121594E+01    0.8357483E+00   -0.1804615E+01    0.2675686E+00    0.2494144E+01    0.1776390E+02    0.2718044E+02   -0.1502683E-03    0.2444101E-02
    0.5595016E-04   -0.1936441E-03    0.3169001E-04    0.2037613E-02    0.1188634E-01    0.5587162E-02    0.1041961E-02    0.9126592E-03   -0.2543962E+02    0.1050005E+00    0.1797505E+01   -0.1977696E+02    0.3379340E+01    0.5298099E+01    0.2225797E+02   -0.1176321E+01    0.5809444E+00    0.1565490E+01    0.2718044E+02    0.6218219E+02   -0.1487011E-03    0.4366074E-02
    0.7513765E-08   -0.2091602E-07    0.9616915E-08   -0.7467960E-07    0.1250749E-05    0.9887147E-07   -0.1632781E-06   -0.1176757E-07   -0.1258633E-03    0.2751472E-05    0.1555742E-03    0.5231767E-02    0.7820999E-04    0.5037367E-03    0.4639469E-03   -0.1208608E-03    0.4242726E-03   -0.4305727E-03   -0.1502683E-03   -0.1487011E-03    0.5587062E-06    0.1215647E-07
   -0.2047102E-07    0.9727874E-07    0.2165208E-09   -0.1676072E-05   -0.1734772E-05   -0.3255659E-05   -0.7463508E-06   -0.2544184E-07    0.4554920E-02   -0.2548850E-04   -0.3976719E-03    0.5335902E-02    0.3235433E-03   -0.2672645E-02   -0.7838359E-02    0.2146249E-03   -0.2647997E-05   -0.1813504E-03    0.2444101E-02    0.4366074E-02    0.1215647E-07    0.2087961E-05
