# omegabh2 omegach2 theta tau logA ns galfTE100 galfTE100143 galfTE100217 galfTE143 galfTE143217 galfTE217 calib_100TE calib_217TE
    0.8758817E-07   -0.3774924E-06    0.4660965E-07    0.8119753E-05    0.1676678E-04    0.3030767E-05   -0.8612600E-05   -0.9731145E-05   -0.1046101E-04   -0.1528187E-04   -0.1828507E-04   -0.2628751E-04    0.4990291E-07   -0.2446992E-07
   -0.3774924E-06    0.4984844E-05   -0.4177911E-06   -0.4897722E-04   -0.9008900E-04   -0.1888594E-04    0.6621434E-04    0.7041909E-04    0.7576910E-04    0.1076427E-03    0.1301607E-03    0.1801323E-03   -0.1094062E-06    0.1802138E-06
    0.4660965E-07   -0.4177911E-06    0.2531354E-06    0.4478763E-05    0.8532446E-05    0.1918110E-05   -0.4464670E-05   -0.5935208E-05   -0.7293769E-05   -0.1045312E-04   -0.1345995E-04   -0.2061330E-04    0.3008107E-07   -0.5346624E-07
    0.8119753E-05   -0.4897722E-04    0.4478763E-05    0.2702183E-02    0.5595578E-02    0.4399240E-03   -0.7599609E-03   -0.6007065E-03   -0.5000706E-03   -0.9935095E-03   -0.1028264E-02   -0.1414813E-02    0.5320072E-05   -0.1577865E-05
    0.1676678E-04   -0.9008900E-04    0.8532446E-05    0.5595578E-02    0.1166281E-01    0.9043410E-03   -0.1401185E-02   -0.1032719E-02   -0.7896615E-03   -0.1699447E-02   -0.1694601E-02   -0.2373143E-02    0.5063017E-05   -0.7070610E-05
    0.3030767E-05   -0.1888594E-04    0.1918110E-05    0.4399240E-03    0.9043410E-03    0.1868130E-03   -0.4046517E-03   -0.3719121E-03   -0.3437977E-03   -0.5485281E-03   -0.5822974E-03   -0.7319260E-03    0.2999075E-05   -0.9302719E-06
   -0.8612600E-05    0.6621434E-04   -0.4464670E-05   -0.7599609E-03   -0.1401185E-02   -0.4046517E-03    0.1808221E-01    0.1313486E-01    0.1418183E-01    0.6755702E-02    0.7173424E-02    0.8625083E-02    0.6317042E-05    0.1593080E-04
   -0.9731145E-05    0.7041909E-04   -0.5935208E-05   -0.6007065E-03   -0.1032719E-02   -0.3719121E-03    0.1313486E-01    0.1845122E-01    0.1963537E-01    0.1635713E-01    0.1630768E-01    0.1584181E-01    0.7459281E-05    0.8404191E-05
   -0.1046101E-04    0.7576910E-04   -0.7293769E-05   -0.5000706E-03   -0.7896615E-03   -0.3437977E-03    0.1418183E-01    0.1963537E-01    0.3313273E-01    0.1172012E-01    0.2022436E-01    0.3228063E-01   -0.4833121E-05   -0.3950920E-05
   -0.1528187E-04    0.1076427E-03   -0.1045312E-04   -0.9935095E-03   -0.1699447E-02   -0.5485281E-03    0.6755702E-02    0.1635713E-01    0.1172012E-01    0.3562325E-01    0.3333054E-01    0.2623796E-01   -0.7470875E-04   -0.5696490E-05
   -0.1828507E-04    0.1301607E-03   -0.1345995E-04   -0.1028264E-02   -0.1694601E-02   -0.5822974E-03    0.7173424E-02    0.1630768E-01    0.2022436E-01    0.3333054E-01    0.4437361E-01    0.5664072E-01   -0.7972121E-04    0.1031939E-06
   -0.2628751E-04    0.1801323E-03   -0.2061330E-04   -0.1414813E-02   -0.2373143E-02   -0.7319260E-03    0.8625083E-02    0.1584181E-01    0.3228063E-01    0.2623796E-01    0.5664072E-01    0.1251284E+00   -0.4917954E-04    0.9719181E-04
    0.4990291E-07   -0.1094062E-06    0.3008107E-07    0.5320072E-05    0.5063017E-05    0.2999075E-05    0.6317042E-05    0.7459281E-05   -0.4833121E-05   -0.7470875E-04   -0.7972121E-04   -0.4917954E-04    0.1745585E-04    0.2272385E-05
   -0.2446992E-07    0.1802138E-06   -0.5346624E-07   -0.1577865E-05   -0.7070610E-05   -0.9302719E-06    0.1593080E-04    0.8404191E-05   -0.3950920E-05   -0.5696490E-05    0.1031939E-06    0.9719181E-04    0.2272385E-05    0.1548236E-04
