# omegabh2 omegach2 theta tau mnu logA ns acib217 acibsz143 asz143 aps100 aps143 aps143217 aps217 aksz kgal100 t1gal143 t1gal143217 t1gal217 calib_100T calib_217T
    0.4922140E-07   -0.9201524E-07    0.2876583E-07    0.6513321E-06    0.1704095E-05    0.1144795E-05    0.3800818E-06   -0.3077899E-03   -0.1308556E-03    0.2831418E-05   -0.8462769E-03   -0.3230744E-03   -0.5564238E-05    0.6566629E-04   -0.7583742E-04    0.8773196E-03    0.4691010E-03    0.4371330E-03    0.4104131E-03   -0.5233842E-07    0.1557328E-07
   -0.9201524E-07    0.2162451E-05   -0.1023195E-06   -0.5090422E-05   -0.4360391E-04   -0.5025787E-05   -0.4638789E-05    0.1457735E-03   -0.3733780E-04   -0.1210880E-03    0.3996968E-03    0.8642667E-03    0.5696043E-03    0.3487985E-03   -0.5513274E-04    0.1356107E-02    0.7224954E-03    0.7909752E-03    0.9781854E-03   -0.5888871E-07   -0.6034523E-07
    0.2876583E-07   -0.1023195E-06    0.1957041E-06    0.5033790E-06    0.1932987E-05    0.9118344E-06    0.5155174E-06   -0.1934029E-04    0.3785321E-04    0.4472474E-05   -0.3422120E-03   -0.2268990E-03   -0.2284367E-03   -0.9858793E-04   -0.2556672E-04    0.4896484E-03    0.3409108E-03    0.3597784E-03    0.4104748E-03   -0.2622589E-07   -0.2227427E-08
    0.6513321E-06   -0.5090422E-05    0.5033790E-06    0.1771360E-03    0.1932556E-03    0.3429488E-03    0.2322257E-04   -0.1019980E-01   -0.3971365E-02   -0.4660189E-03   -0.1495347E-01   -0.2251238E-03    0.8536627E-02    0.1164101E-01   -0.2932744E-02   -0.3548809E-02   -0.1218933E-01   -0.1263816E-01   -0.1226782E-01   -0.3042521E-06    0.4092203E-06
    0.1704095E-05   -0.4360391E-04    0.1932987E-05    0.1932556E-03    0.4630111E-02    0.2732275E-03    0.8392386E-04    0.9630485E-02    0.6388972E-02    0.4980792E-02    0.1512310E-01   -0.2994587E-01   -0.3234684E-01   -0.3131993E-01    0.4218674E-02    0.1903863E-02    0.2433623E-02    0.1075530E-01    0.1223052E-01   -0.2011997E-05   -0.4097290E-06
    0.1144795E-05   -0.5025787E-05    0.9118344E-06    0.3429488E-03    0.2732275E-03    0.6911021E-03    0.3379402E-04   -0.1985158E-01   -0.8658106E-02   -0.1884345E-02   -0.7141789E-02    0.1758125E-01    0.3371497E-01    0.3737266E-01   -0.7148879E-02   -0.2807814E-01   -0.7498976E-01   -0.7573173E-01   -0.7443738E-01   -0.3577300E-05    0.4996290E-06
    0.3800818E-06   -0.4638789E-05    0.5155174E-06    0.2322257E-04    0.8392386E-04    0.3379402E-04    0.2513015E-04   -0.1044000E-01   -0.3923628E-02   -0.1127618E-02   -0.1275770E-01    0.3050554E-02    0.1013172E-01    0.1331079E-01   -0.2909258E-02   -0.2870845E-02   -0.4337404E-02   -0.6029631E-02   -0.5823285E-02    0.4283136E-06    0.5741910E-06
   -0.3077899E-03    0.1457735E-03   -0.1934029E-04   -0.1019980E-01    0.9630485E-02   -0.1985158E-01   -0.1044000E-01    0.6582890E+02    0.2262972E+02    0.2765832E+00    0.2703899E+02   -0.1483476E+02   -0.5864200E+02   -0.8115395E+02   -0.2802381E+01   -0.8426112E+01   -0.1896694E+02   -0.2200552E+02   -0.2565952E+02   -0.1292049E-03   -0.3518065E-02
   -0.1308556E-03   -0.3733780E-04    0.3785321E-04   -0.3971365E-02    0.6388972E-02   -0.8658106E-02   -0.3923628E-02    0.2262972E+02    0.1651530E+02    0.2337082E+01   -0.1035756E+02   -0.2116763E+02   -0.3950836E+02   -0.2369243E+02   -0.1124546E+01   -0.6132342E+01   -0.1041620E+02   -0.1672375E+02   -0.1814837E+02   -0.7931418E-04   -0.7092094E-04
    0.2831418E-05   -0.1210880E-03    0.4472474E-05   -0.4660189E-03    0.4980792E-02   -0.1884345E-02   -0.1127618E-02    0.2765832E+00    0.2337082E+01    0.5734944E+01   -0.3885051E+02   -0.1649192E+02   -0.4541489E+01    0.3371279E+00   -0.2480473E+00   -0.2227370E+01   -0.2001977E+01    0.1486637E+01    0.2148645E+01   -0.3027413E-03    0.2314093E-03
   -0.8462769E-03    0.3996968E-03   -0.3422120E-03   -0.1495347E-01    0.1512310E-01   -0.7141789E-02   -0.1275770E-01    0.2703899E+02   -0.1035756E+02   -0.3885051E+02    0.7783318E+03    0.1837028E+03    0.6968494E+02    0.8216994E+01   -0.1159795E+02   -0.7459014E+02   -0.5165445E+02   -0.5906624E+02   -0.5805228E+02   -0.2938351E-02   -0.4462124E-02
   -0.3230744E-03    0.8642667E-03   -0.2268990E-03   -0.2251238E-03   -0.2994587E-01    0.1758125E-01    0.3050554E-02   -0.1483476E+02   -0.2116763E+02   -0.1649192E+02    0.1837028E+03    0.1263665E+03    0.9633142E+02    0.5370718E+02   -0.1150192E+02   -0.2422747E+02   -0.4582770E+02   -0.3993912E+02   -0.3713260E+02   -0.1256172E-02   -0.1333502E-02
   -0.5564238E-05    0.5696043E-03   -0.2284367E-03    0.8536627E-02   -0.3234684E-01    0.3371497E-01    0.1013172E-01   -0.5864200E+02   -0.3950836E+02   -0.4541489E+01    0.6968494E+02    0.9633142E+02    0.1449889E+03    0.1090125E+03   -0.9309321E+01   -0.1755099E+02   -0.3440127E+02   -0.2526882E+02   -0.2518385E+02   -0.2178679E-02    0.1576504E-02
    0.6566629E-04    0.3487985E-03   -0.9858793E-04    0.1164101E-01   -0.3131993E-01    0.3737266E-01    0.1331079E-01   -0.8115395E+02   -0.2369243E+02    0.3371279E+00    0.8216994E+01    0.5370718E+02    0.1090125E+03    0.1517105E+03   -0.8391520E+01   -0.1992281E+02   -0.3498676E+02   -0.4351980E+02   -0.4732378E+02   -0.2249609E-02    0.6360833E-02
   -0.7583742E-04   -0.5513274E-04   -0.2556672E-04   -0.2932744E-02    0.4218674E-02   -0.7148879E-02   -0.2909258E-02   -0.2802381E+01   -0.1124546E+01   -0.2480473E+00   -0.1159795E+02   -0.1150192E+02   -0.9309321E+01   -0.8391520E+01    0.8170963E+01   -0.3693556E+01   -0.2395419E+01   -0.3232812E+01   -0.3809440E+01    0.2313860E-03    0.2281681E-03
    0.8773196E-03    0.1356107E-02    0.4896484E-03   -0.3548809E-02    0.1903863E-02   -0.2807814E-01   -0.2870845E-02   -0.8426112E+01   -0.6132342E+01   -0.2227370E+01   -0.7459014E+02   -0.2422747E+02   -0.1755099E+02   -0.1992281E+02   -0.3693556E+01    0.2275421E+03    0.1459295E+03    0.1423405E+03    0.1382957E+03   -0.1304435E-01    0.5470062E-03
    0.4691010E-03    0.7224954E-03    0.3409108E-03   -0.1218933E-01    0.2433623E-02   -0.7498976E-01   -0.4337404E-02   -0.1896694E+02   -0.1041620E+02   -0.2001977E+01   -0.5165445E+02   -0.4582770E+02   -0.3440127E+02   -0.3498676E+02   -0.2395419E+01    0.1459295E+03    0.2736178E+03    0.2755808E+03    0.2743387E+03    0.9950592E-02    0.6494410E-03
    0.4371330E-03    0.7909752E-03    0.3597784E-03   -0.1263816E-01    0.1075530E-01   -0.7573173E-01   -0.6029631E-02   -0.2200552E+02   -0.1672375E+02    0.1486637E+01   -0.5906624E+02   -0.3993912E+02   -0.2526882E+02   -0.4351980E+02   -0.3232812E+01    0.1423405E+03    0.2755808E+03    0.3168378E+03    0.3419084E+03    0.9877174E-02   -0.4906573E-02
    0.4104131E-03    0.9781854E-03    0.4104748E-03   -0.1226782E-01    0.1223052E-01   -0.7443738E-01   -0.5823285E-02   -0.2565952E+02   -0.1814837E+02    0.2148645E+01   -0.5805228E+02   -0.3713260E+02   -0.2518385E+02   -0.4732378E+02   -0.3809440E+01    0.1382957E+03    0.2743387E+03    0.3419084E+03    0.3929935E+03    0.1001393E-01   -0.9829324E-02
   -0.5233842E-07   -0.5888871E-07   -0.2622589E-07   -0.3042521E-06   -0.2011997E-05   -0.3577300E-05    0.4283136E-06   -0.1292049E-03   -0.7931418E-04   -0.3027413E-03   -0.2938351E-02   -0.1256172E-02   -0.2178679E-02   -0.2249609E-02    0.2313860E-03   -0.1304435E-01    0.9950592E-02    0.9877174E-02    0.1001393E-01    0.3150639E-05   -0.7634999E-08
    0.1557328E-07   -0.6034523E-07   -0.2227427E-08    0.4092203E-06   -0.4097290E-06    0.4996290E-06    0.5741910E-06   -0.3518065E-02   -0.7092094E-04    0.2314093E-03   -0.4462124E-02   -0.1333502E-02    0.1576504E-02    0.6360833E-02    0.2281681E-03    0.5470062E-03    0.6494410E-03   -0.4906573E-02   -0.9829324E-02   -0.7634999E-08    0.1470206E-05
