# omegabh2 omegach2 theta tau meffsterile nnu logA ns calPlanck acib217 xi asz143 aps100 aps143 aps143217 aps217 aksz kgal100 kgal143 kgal143217 kgal217 cal0 cal2
    0.7969134E-07   -0.8374362E-07    0.3472688E-07    0.2630512E-05   -0.1328122E-04    0.2004716E-04    0.5241282E-05    0.2017287E-05    0.6588177E-07   -0.1571406E-03    0.8778953E-06    0.7860320E-04   -0.8843497E-03   -0.4904995E-03   -0.1062244E-03    0.1170788E-04   -0.1048293E-03   -0.3963804E-05    0.1399002E-04    0.2039992E-04    0.6248992E-04    0.5582453E-08   -0.1835022E-07
   -0.8374362E-07    0.9979403E-05   -0.7914045E-06   -0.9072733E-05   -0.5663564E-04    0.3151272E-03    0.2993620E-05    0.2088368E-05    0.7114089E-09    0.1501338E-02   -0.3406715E-04   -0.4376083E-03    0.8903136E-02    0.5387563E-02    0.2055440E-02    0.1301510E-02    0.7310124E-03    0.9920768E-04   -0.4507101E-04    0.1608749E-03   -0.1240512E-03    0.2801487E-07    0.2016806E-06
    0.3472688E-07   -0.7914045E-06    0.2455753E-06    0.1644190E-05   -0.1727763E-04   -0.2448298E-04    0.1588222E-05    0.5590414E-06   -0.3564014E-07   -0.1353347E-03    0.4096679E-05    0.3699787E-04   -0.5609011E-03   -0.5070390E-03   -0.2685824E-03   -0.2611821E-03   -0.5484178E-04   -0.1452566E-04    0.2007397E-04    0.4506584E-04    0.1117576E-03   -0.3047046E-08   -0.7672088E-08
    0.2630512E-05   -0.9072733E-05    0.1644190E-05    0.4166196E-03   -0.2555874E-03    0.8512718E-03    0.8124172E-03    0.1087626E-03    0.3593308E-05   -0.1190725E-01    0.1960034E-03    0.3264775E-02   -0.6066601E-01   -0.2376120E-01   -0.3164847E-02    0.5934604E-02   -0.6178692E-02   -0.2643665E-03    0.3001111E-03   -0.1548786E-02    0.5554071E-03    0.1411080E-07   -0.1885811E-05
   -0.1328122E-04   -0.5663564E-04   -0.1727763E-04   -0.2555874E-03    0.5182229E-01   -0.2616840E-02   -0.5118037E-03   -0.1148781E-02   -0.1059593E-04    0.1136010E+00    0.2860131E-03   -0.2655981E-01    0.4236112E+00    0.2509429E+00    0.8916225E-01   -0.3865366E-01    0.5622121E-01   -0.5925380E-02    0.5450797E-03    0.1611238E-01   -0.8070318E-02   -0.5469366E-05    0.1163025E-04
    0.2004716E-04    0.3151272E-03   -0.2448298E-04    0.8512718E-03   -0.2616840E-02    0.2521461E-01    0.2394028E-02    0.1147819E-02    0.2594513E-04    0.1023922E+00   -0.1608843E-02   -0.1080535E-01    0.3110091E+00    0.2131121E+00    0.7239158E-01   -0.7230331E-02    0.2583969E-01    0.6777591E-02    0.4565606E-02    0.1748694E-01   -0.1467531E-01   -0.9818637E-07    0.1006625E-04
    0.5241282E-05    0.2993620E-05    0.1588222E-05    0.8124172E-03   -0.5118037E-03    0.2394028E-02    0.1660040E-02    0.2170120E-03    0.2003719E-04   -0.2110258E-01    0.3457675E-03    0.5865107E-02   -0.9934973E-01   -0.3364106E-01    0.2693198E-02    0.2285692E-01   -0.1228342E-01   -0.7182731E-03   -0.2088478E-03   -0.3657559E-02    0.2148637E-02    0.3526331E-06   -0.3492589E-05
    0.2017287E-05    0.2088368E-05    0.5590414E-06    0.1087626E-03   -0.1148781E-02    0.1147819E-02    0.2170120E-03    0.1153033E-03    0.2316816E-05   -0.3937183E-02    0.3840238E-04    0.2277692E-02   -0.3489450E-01   -0.9239494E-02    0.1827814E-02    0.4626562E-02   -0.4136410E-02    0.6849987E-03    0.3469796E-03    0.1689381E-03    0.4356306E-03   -0.1851757E-06   -0.5623836E-06
    0.6588177E-07    0.7114089E-09   -0.3564014E-07    0.3593308E-05   -0.1059593E-04    0.2594513E-04    0.2003719E-04    0.2316816E-05    0.6390192E-05    0.5895060E-03   -0.1088161E-04    0.1417571E-03    0.1344968E-02    0.2472141E-03    0.7172053E-03    0.1963542E-02   -0.3151707E-03   -0.5811092E-04   -0.9710646E-04   -0.2763281E-03    0.4460949E-03   -0.5023310E-09   -0.6497153E-07
   -0.1571406E-03    0.1501338E-02   -0.1353347E-03   -0.1190725E-01    0.1136010E+00    0.1023922E+00   -0.2110258E-01   -0.3937183E-02    0.5895060E-03    0.4882371E+02   -0.4121049E+00   -0.1589026E+01    0.4435430E+02    0.3944120E+01   -0.1809758E+02   -0.6473481E+02    0.1019743E+01   -0.2892497E+00   -0.7435546E-01   -0.3036694E+01   -0.2469452E+02   -0.8541325E-04    0.4499279E-02
    0.8778953E-06   -0.3406715E-04    0.4096679E-05    0.1960034E-03    0.2860131E-03   -0.1608843E-02    0.3457675E-03    0.3840238E-04   -0.1088161E-04   -0.4121049E+00    0.7964761E-01   -0.9850275E-01   -0.1722686E+00    0.8727186E+00    0.1493343E+01    0.5636172E+00    0.9151212E-01    0.3801897E-03    0.1740584E-01    0.6963724E-01    0.7547697E-01   -0.2926621E-06   -0.1250873E-04
    0.7860320E-04   -0.4376083E-03    0.3699787E-04    0.3264775E-02   -0.2655981E-01   -0.1080535E-01    0.5865107E-02    0.2277692E-02    0.1417571E-03   -0.1589026E+01   -0.9850275E-01    0.3976956E+01   -0.3124932E+02   -0.4549837E+01    0.7681022E+01    0.7011640E+01   -0.3256000E+01   -0.2426703E+00    0.6200060E-01    0.2206403E+01    0.1696577E+01    0.1995888E-03   -0.4276086E-03
   -0.8843497E-03    0.8903136E-02   -0.5609011E-03   -0.6066601E-01    0.4236112E+00    0.3110091E+00   -0.9934973E-01   -0.3489450E-01    0.1344968E-02    0.4435430E+02   -0.1722686E+00   -0.3124932E+02    0.7370669E+03    0.8133840E+02   -0.5424032E+02   -0.7291776E+02    0.1872197E+02   -0.1549192E+01   -0.7885186E+00   -0.1167964E+02   -0.1881089E+02    0.4592747E-02    0.4424609E-02
   -0.4904995E-03    0.5387563E-02   -0.5070390E-03   -0.2376120E-01    0.2509429E+00    0.2131121E+00   -0.3364106E-01   -0.9239494E-02    0.2472141E-03    0.3944120E+01    0.8727186E+00   -0.4549837E+01    0.8133840E+02    0.6450066E+02    0.4083963E+02    0.1555166E+02   -0.3614723E+01   -0.2878746E+00   -0.1025547E+01    0.4672837E+01    0.4900646E+01    0.1293260E-03    0.7580673E-03
   -0.1062244E-03    0.2055440E-02   -0.2685824E-03   -0.3164847E-02    0.8916225E-01    0.7239158E-01    0.2693198E-02    0.1827814E-02    0.7172053E-03   -0.1809758E+02    0.1493343E+01    0.7681022E+01   -0.5424032E+02    0.4083963E+02    0.8699212E+02    0.6385432E+02   -0.1319799E+02   -0.6859350E+00   -0.2928365E+00    0.3952863E+01    0.5047402E+01    0.6177775E-03   -0.2379242E-02
    0.1170788E-04    0.1301510E-02   -0.2611821E-03    0.5934604E-02   -0.3865366E-01   -0.7230331E-02    0.2285692E-01    0.4626562E-02    0.1963542E-02   -0.6473481E+02    0.5636172E+00    0.7011640E+01   -0.7291776E+02    0.1555166E+02    0.6385432E+02    0.1252772E+03   -0.1214270E+02   -0.3596141E+00   -0.1198344E+00    0.8161253E+00    0.2155303E+02    0.3946087E-03   -0.7671942E-02
   -0.1048293E-03    0.7310124E-03   -0.5484178E-04   -0.6178692E-02    0.5622121E-01    0.2583969E-01   -0.1228342E-01   -0.4136410E-02   -0.3151707E-03    0.1019743E+01    0.9151212E-01   -0.3256000E+01    0.1872197E+02   -0.3614723E+01   -0.1319799E+02   -0.1214270E+02    0.7314495E+01    0.1788112E+00   -0.1789074E-01   -0.2093226E+01   -0.1951252E+01   -0.1572944E-03    0.2829546E-03
   -0.3963804E-05    0.9920768E-04   -0.1452566E-04   -0.2643665E-03   -0.5925380E-02    0.6777591E-02   -0.7182731E-03    0.6849987E-03   -0.5811092E-04   -0.2892497E+00    0.3801897E-03   -0.2426703E+00   -0.1549192E+01   -0.2878746E+00   -0.6859350E+00   -0.3596141E+00    0.1788112E+00    0.3219036E+01    0.6712405E+00    0.2528568E+00    0.6738681E+00    0.4091684E-03   -0.3490197E-05
    0.1399002E-04   -0.4507101E-04    0.2007397E-04    0.3001111E-03    0.5450797E-03    0.4565606E-02   -0.2088478E-03    0.3469796E-03   -0.9710646E-04   -0.7435546E-01    0.1740584E-01    0.6200060E-01   -0.7885186E+00   -0.1025547E+01   -0.2928365E+00   -0.1198344E+00   -0.1789074E-01    0.6712405E+00    0.3047953E+01    0.2224692E+01    0.1119734E+01   -0.4163523E-03   -0.3086091E-03
    0.2039992E-04    0.1608749E-03    0.4506584E-04   -0.1548786E-02    0.1611238E-01    0.1748694E-01   -0.3657559E-02    0.1689381E-03   -0.2763281E-03   -0.3036694E+01    0.6963724E-01    0.2206403E+01   -0.1167964E+02    0.4672837E+01    0.3952863E+01    0.8161253E+00   -0.2093226E+01    0.2528568E+00    0.2224692E+01    0.1760991E+02    0.2694214E+02   -0.6351457E-04    0.2385269E-02
    0.6248992E-04   -0.1240512E-03    0.1117576E-03    0.5554071E-03   -0.8070318E-02   -0.1467531E-01    0.2148637E-02    0.4356306E-03    0.4460949E-03   -0.2469452E+02    0.7547697E-01    0.1696577E+01   -0.1881089E+02    0.4900646E+01    0.5047402E+01    0.2155303E+02   -0.1951252E+01    0.6738681E+00    0.1119734E+01    0.2694214E+02    0.6104455E+02    0.3927895E-05    0.4258739E-02
    0.5582453E-08    0.2801487E-07   -0.3047046E-08    0.1411080E-07   -0.5469366E-05   -0.9818637E-07    0.3526331E-06   -0.1851757E-06   -0.5023310E-09   -0.8541325E-04   -0.2926621E-06    0.1995888E-03    0.4592747E-02    0.1293260E-03    0.6177775E-03    0.3946087E-03   -0.1572944E-03    0.4091684E-03   -0.4163523E-03   -0.6351457E-04    0.3927895E-05    0.5524589E-06    0.1797057E-07
   -0.1835022E-07    0.2016806E-06   -0.7672088E-08   -0.1885811E-05    0.1163025E-04    0.1006625E-04   -0.3492589E-05   -0.5623836E-06   -0.6497153E-07    0.4499279E-02   -0.1250873E-04   -0.4276086E-03    0.4424609E-02    0.7580673E-03   -0.2379242E-02   -0.7671942E-02    0.2829546E-03   -0.3490197E-05   -0.3086091E-03    0.2385269E-02    0.4258739E-02    0.1797057E-07    0.2081390E-05
