# omegabh2 omegach2 theta tau omegak logA ns calPlanck acib217 xi asz143 aps100 aps143 aps143217 aps217 aksz kgal100 kgal143 kgal143217 kgal217 cal0 cal2
    0.5782588E-07   -0.3337345E-06    0.5767680E-07    0.1074036E-05   -0.5265728E-06    0.1586768E-05    0.9023447E-06    0.5654567E-07   -0.2073448E-03   -0.2132538E-05    0.8584763E-04   -0.1080743E-02   -0.6721171E-03   -0.2375976E-03    0.1093376E-04   -0.8818925E-04    0.1011710E-05    0.1761821E-04    0.4794492E-05    0.5982515E-04    0.1922956E-08   -0.2650736E-07
   -0.3337345E-06    0.5155316E-05   -0.5563937E-06   -0.1274639E-04    0.8531362E-05   -0.1446872E-04   -0.1199690E-04   -0.4193368E-06    0.1472390E-02   -0.3637609E-05   -0.6082956E-03    0.6612682E-02    0.3603014E-02    0.6558196E-03   -0.6420851E-03    0.5899421E-03   -0.8927025E-06   -0.8348217E-04   -0.1713616E-03   -0.3803261E-03   -0.4795875E-07    0.2207488E-06
    0.5767680E-07   -0.5563937E-06    0.2354319E-06    0.1901210E-05   -0.1301078E-05    0.2723141E-05    0.1611807E-05    0.2086958E-07   -0.1779014E-03   -0.6041174E-05    0.9024799E-04   -0.9717607E-03   -0.5757031E-03   -0.3063628E-03   -0.3995069E-04   -0.8119537E-04    0.6591771E-05   -0.9281030E-05    0.2586968E-04    0.8243074E-04    0.7451377E-10   -0.3034474E-07
    0.1074036E-05   -0.1274639E-04    0.1901210E-05    0.3919351E-03    0.9356915E-04    0.7550039E-03    0.4708876E-04    0.2030808E-05   -0.7608187E-02    0.1036704E-03    0.5050054E-02   -0.6980693E-01   -0.1919214E-01    0.4740699E-02    0.1061421E-01   -0.6589316E-02   -0.1014156E-02   -0.7375006E-03    0.5595702E-03   -0.2767979E-03    0.1917867E-06   -0.1276969E-05
   -0.5265728E-06    0.8531362E-05   -0.1301078E-05    0.9356915E-04    0.6861480E-04    0.2089772E-03   -0.1627862E-04    0.1447113E-05    0.1204361E-02   -0.1652831E-04    0.2173490E-03   -0.4472763E-02    0.4149385E-02    0.4952946E-02    0.4876839E-02   -0.1164524E-02   -0.2339307E-03   -0.4233737E-03   -0.7290254E-04   -0.1265108E-03    0.6100630E-07    0.1509153E-06
    0.1586768E-05   -0.1446872E-04    0.2723141E-05    0.7550039E-03    0.2089772E-03    0.1502355E-02    0.6664153E-04    0.1450816E-04   -0.1248592E-01    0.1911003E-03    0.8978980E-02   -0.1223226E+00   -0.3071948E-01    0.1161046E-01    0.2512097E-01   -0.1290304E-01   -0.2139422E-02   -0.2062694E-02    0.6408039E-03    0.4219936E-03    0.6050083E-06   -0.2373871E-05
    0.9023447E-06   -0.1199690E-04    0.1611807E-05    0.4708876E-04   -0.1627862E-04    0.6664153E-04    0.3825112E-04    0.9664076E-06   -0.6510781E-02    0.7121200E-04    0.2689973E-02   -0.3898480E-01   -0.1401042E-01    0.1192135E-02    0.6071489E-02   -0.3882432E-02    0.1091570E-03    0.1351858E-03    0.1552401E-03    0.1116597E-02   -0.6727580E-07   -0.7350006E-06
    0.5654567E-07   -0.4193368E-06    0.2086958E-07    0.2030808E-05    0.1447113E-05    0.1450816E-04    0.9664076E-06    0.5666431E-05    0.6472717E-03   -0.1988871E-04    0.9278909E-04    0.2590520E-02   -0.5331715E-03   -0.6879366E-03    0.8154763E-03   -0.6615021E-04    0.1725000E-04    0.6725749E-04    0.1275027E-03    0.7199826E-03    0.3007784E-07   -0.8069063E-07
   -0.2073448E-03    0.1472390E-02   -0.1779014E-03   -0.7608187E-02    0.1204361E-02   -0.1248592E-01   -0.6510781E-02    0.6472717E-03    0.4409089E+02   -0.2987563E+00   -0.1416673E+01    0.3931686E+02    0.2399820E+01   -0.1520029E+02   -0.5841583E+02    0.1872380E+00   -0.2127061E+00    0.5869264E-01   -0.3558225E+01   -0.2479891E+02   -0.9900042E-04    0.3843851E-02
   -0.2132538E-05   -0.3637609E-05   -0.6041174E-05    0.1036704E-03   -0.1652831E-04    0.1911003E-03    0.7121200E-04   -0.1988871E-04   -0.2987563E+00    0.7856708E-01   -0.8809735E-01   -0.2560897E+00    0.9627755E+00    0.1605898E+01    0.4814345E+00    0.7971079E-01   -0.4645565E-02    0.1989124E-01    0.9982153E-01    0.4317728E-01    0.7138328E-05   -0.2605946E-05
    0.8584763E-04   -0.6082956E-03    0.9024799E-04    0.5050054E-02    0.2173490E-03    0.8978980E-02    0.2689973E-02    0.9278909E-04   -0.1416673E+01   -0.8809735E-01    0.3866377E+01   -0.2932964E+02   -0.4175740E+01    0.7594030E+01    0.6619723E+01   -0.3034631E+01   -0.1614925E+00    0.1161394E+00    0.2381902E+01    0.1927318E+01    0.1942414E-03   -0.3902279E-03
   -0.1080743E-02    0.6612682E-02   -0.9717607E-03   -0.6980693E-01   -0.4472763E-02   -0.1223226E+00   -0.3898480E-01    0.2590520E-02    0.3931686E+02   -0.2560897E+00   -0.2932964E+02    0.7151440E+03    0.6508579E+02   -0.5743073E+02   -0.6693806E+02    0.1686965E+02   -0.5011073E+00   -0.7827247E+00   -0.1461302E+02   -0.2054466E+02    0.4770393E-02    0.4322799E-02
   -0.6721171E-03    0.3603014E-02   -0.5757031E-03   -0.1919214E-01    0.4149385E-02   -0.3071948E-01   -0.1401042E-01   -0.5331715E-03    0.2399820E+01    0.9627755E+00   -0.4175740E+01    0.6508579E+02    0.6043900E+02    0.4146886E+02    0.1546577E+02   -0.4252440E+01   -0.4028051E+00   -0.1362052E+01    0.3457117E+01    0.2944694E+01    0.1368335E-03    0.3577086E-03
   -0.2375976E-03    0.6558196E-03   -0.3063628E-03    0.4740699E-02    0.4952946E-02    0.1161046E-01    0.1192135E-02   -0.6879366E-03   -0.1520029E+02    0.1605898E+01    0.7594030E+01   -0.5743073E+02    0.4146886E+02    0.8921609E+02    0.5885709E+02   -0.1301543E+02   -0.6747306E+00   -0.4247955E+00    0.4445196E+01    0.3998637E+01    0.7581598E-03   -0.2114143E-02
    0.1093376E-04   -0.6420851E-03   -0.3995069E-04    0.1061421E-01    0.4876839E-02    0.2512097E-01    0.6071489E-02    0.8154763E-03   -0.5841583E+02    0.4814345E+00    0.6619723E+01   -0.6693806E+02    0.1546577E+02    0.5885709E+02    0.1149122E+03   -0.1103079E+02   -0.2163851E+00   -0.4948023E+00    0.1070951E+01    0.2059925E+02    0.5797639E-03   -0.6942053E-02
   -0.8818925E-04    0.5899421E-03   -0.8119537E-04   -0.6589316E-02   -0.1164524E-02   -0.1290304E-01   -0.3882432E-02   -0.6615021E-04    0.1872380E+00    0.7971079E-01   -0.3034631E+01    0.1686965E+02   -0.4252440E+01   -0.1301543E+02   -0.1103079E+02    0.6669138E+01    0.9695918E-01   -0.5639356E-01   -0.1980880E+01   -0.1250982E+01   -0.1637804E-03    0.2532180E-03
    0.1011710E-05   -0.8927025E-06    0.6591771E-05   -0.1014156E-02   -0.2339307E-03   -0.2139422E-02    0.1091570E-03    0.1725000E-04   -0.2127061E+00   -0.4645565E-02   -0.1614925E+00   -0.5011073E+00   -0.4028051E+00   -0.6747306E+00   -0.2163851E+00    0.9695918E-01    0.3259771E+01    0.7143289E+00    0.4173419E+00    0.8046660E+00    0.4014642E-03    0.4087972E-04
    0.1761821E-04   -0.8348217E-04   -0.9281030E-05   -0.7375006E-03   -0.4233737E-03   -0.2062694E-02    0.1351858E-03    0.6725749E-04    0.5869264E-01    0.1989124E-01    0.1161394E+00   -0.7827247E+00   -0.1362052E+01   -0.4247955E+00   -0.4948023E+00   -0.5639356E-01    0.7143289E+00    0.3100483E+01    0.2456305E+01    0.1550163E+01   -0.4164742E-03   -0.1840058E-03
    0.4794492E-05   -0.1713616E-03    0.2586968E-04    0.5595702E-03   -0.7290254E-04    0.6408039E-03    0.1552401E-03    0.1275027E-03   -0.3558225E+01    0.9982153E-01    0.2381902E+01   -0.1461302E+02    0.3457117E+01    0.4445196E+01    0.1070951E+01   -0.1980880E+01    0.4173419E+00    0.2456305E+01    0.1759112E+02    0.2721807E+02   -0.7832728E-04    0.2433152E-02
    0.5982515E-04   -0.3803261E-03    0.8243074E-04   -0.2767979E-03   -0.1265108E-03    0.4219936E-03    0.1116597E-02    0.7199826E-03   -0.2479891E+02    0.4317728E-01    0.1927318E+01   -0.2054466E+02    0.2944694E+01    0.3998637E+01    0.2059925E+02   -0.1250982E+01    0.8046660E+00    0.1550163E+01    0.2721807E+02    0.6236778E+02   -0.4301169E-04    0.4527652E-02
    0.1922956E-08   -0.4795875E-07    0.7451377E-10    0.1917867E-06    0.6100630E-07    0.6050083E-06   -0.6727580E-07    0.3007784E-07   -0.9900042E-04    0.7138328E-05    0.1942414E-03    0.4770393E-02    0.1368335E-03    0.7581598E-03    0.5797639E-03   -0.1637804E-03    0.4014642E-03   -0.4164742E-03   -0.7832728E-04   -0.4301169E-04    0.5378607E-06    0.1892195E-07
   -0.2650736E-07    0.2207488E-06   -0.3034474E-07   -0.1276969E-05    0.1509153E-06   -0.2373871E-05   -0.7350006E-06   -0.8069063E-07    0.3843851E-02   -0.2605946E-05   -0.3902279E-03    0.4322799E-02    0.3577086E-03   -0.2114143E-02   -0.6942053E-02    0.2532180E-03    0.4087972E-04   -0.1840058E-03    0.2433152E-02    0.4527652E-02    0.1892195E-07    0.2016149E-05
