# omegabh2 omegach2 theta logA ns DES_m1 DES_m2 DES_m3 DES_m4 DES_AIA DES_alphaIA DES_DzS1 DES_DzS2 DES_DzS3 DES_DzS4
  2.4439383E-07   3.7476167E-07   3.6816377E-07  -1.3043122E-06  -2.5063614E-08   1.2807386E-07   4.4023283E-07  -1.5630964E-09   5.9922042E-08  -1.5722849E-06  -1.0777961E-05   9.5894207E-08   5.1334036E-08   3.5138375E-08   6.2863621E-08
  3.7476167E-07   4.6844832E-05   6.6919823E-05  -4.8251111E-04  -6.1625925E-05   3.9180909E-06  -5.3176025E-06  -3.7315526E-05  -2.1616990E-05   1.1936363E-03   1.0417662E-05   8.5530392E-06  -3.9034563E-06  -1.1607870E-05  -1.9061650E-05
  3.6816377E-07   6.6919823E-05   1.0020490E-04  -6.7581626E-04  -8.6146012E-05   5.2478500E-06  -7.7525189E-06  -4.9877984E-05  -2.8994410E-05   1.6178702E-03   4.0042410E-06   1.1660965E-05  -5.7514797E-06  -1.5395830E-05  -2.6240241E-05
 -1.3043122E-06  -4.8251111E-04  -6.7581626E-04   5.7307088E-03   8.1069105E-04  -2.6568333E-05   4.4774636E-05   3.1049520E-04   1.7853830E-04  -9.9401130E-03  -1.1668790E-03  -7.1535893E-05   3.0239893E-05   9.0192808E-05   1.4578566E-04
 -2.5063614E-08  -6.1625925E-05  -8.6146012E-05   8.1069105E-04   3.7037113E-04   2.7090809E-06   6.2624316E-06   1.4192618E-05   5.7133523E-06  -1.5925721E-04   1.4868480E-04   6.6089454E-08  -2.3320737E-06   2.3752559E-06   3.2664434E-06
  1.2807386E-07   3.9180909E-06   5.2478500E-06  -2.6568333E-05   2.7090809E-06   5.1559016E-04   3.7669656E-06  -2.2549950E-06   2.1136786E-06   1.0438166E-03  -1.1638724E-03  -2.3192118E-05   6.5162040E-06  -2.6826690E-07  -4.1325079E-06
  4.4023283E-07  -5.3176025E-06  -7.7525189E-06   4.4774636E-05   6.2624316E-06   3.7669656E-06   5.0007785E-04   1.7599065E-05   1.1371031E-05   9.1956219E-04  -1.8946245E-04   1.9035746E-05  -2.7233753E-05   5.5580304E-06   5.4894809E-06
 -1.5630964E-09  -3.7315526E-05  -4.9877984E-05   3.1049520E-04   1.4192618E-05  -2.2549950E-06   1.7599065E-05   4.2991530E-04   4.8580426E-05  -9.2959372E-04  -4.9179086E-04   2.2037018E-06   1.4235554E-05  -3.0187326E-05   3.0882159E-05
  5.9922042E-08  -2.1616990E-05  -2.8994410E-05   1.7853830E-04   5.7133523E-06   2.1136786E-06   1.1371031E-05   4.8580426E-05   4.4178433E-04   7.4841627E-05   2.6012454E-03   4.0628209E-06   1.0324726E-05   9.7282049E-06  -7.1491524E-05
 -1.5722849E-06   1.1936363E-03   1.6178702E-03  -9.9401130E-03  -1.5925721E-04   1.0438166E-03   9.1956219E-04  -9.2959372E-04   7.4841627E-05   3.3647848E-01   6.2527708E-01   2.0250971E-03   1.0860504E-03  -2.2783753E-04  -1.2832771E-03
 -1.0777961E-05   1.0417662E-05   4.0042410E-06  -1.1668790E-03   1.4868480E-04  -1.1638724E-03  -1.8946245E-04  -4.9179086E-04   2.6012454E-03   6.2527708E-01   4.9931048E+00  -3.7725194E-03  -8.8872568E-05   1.1675115E-03  -1.1487635E-03
  9.5894207E-08   8.5530392E-06   1.1660965E-05  -7.1535893E-05   6.6089454E-08  -2.3192118E-05   1.9035746E-05   2.2037018E-06   4.0628209E-06   2.0250971E-03  -3.7725194E-03   2.1356568E-04   2.0836239E-05   1.2455081E-06  -3.9867105E-06
  5.1334036E-08  -3.9034563E-06  -5.7514797E-06   3.0239893E-05  -2.3320737E-06   6.5162040E-06  -2.7233753E-05   1.4235554E-05   1.0324726E-05   1.0860504E-03  -8.8872568E-05   2.0836239E-05   1.3645160E-04   6.1962254E-06   4.0782549E-06
  3.5138375E-08  -1.1607870E-05  -1.5395830E-05   9.0192808E-05   2.3752559E-06  -2.6826690E-07   5.5580304E-06  -3.0187326E-05   9.7282049E-06  -2.2783753E-04   1.1675115E-03   1.2455081E-06   6.1962254E-06   1.0864060E-04   9.2442497E-06
  6.2863621E-08  -1.9061650E-05  -2.6240241E-05   1.4578566E-04   3.2664434E-06  -4.1325079E-06   5.4894809E-06   3.0882159E-05  -7.1491524E-05  -1.2832771E-03  -1.1487635E-03  -3.9867105E-06   4.0782549E-06   9.2442497E-06   4.0673579E-04
