# omegabh2 omegach2 theta tau nnu logA ns calPlanck galfTE100 galfTE100143 galfTE100217 galfTE143 galfTE143217 galfTE217 cal0
    0.1333220E-06    0.1606821E-05   -0.1814080E-06    0.1952749E-05    0.1290916E-03    0.7452384E-05    0.4593846E-05    0.6474608E-08   -0.4674484E-06   -0.1111866E-06   -0.8835475E-06   -0.4726066E-07   -0.1363588E-05   -0.2340246E-05    0.1818059E-08
    0.1606821E-05    0.4892047E-04   -0.5669449E-05    0.5132895E-05    0.3231925E-02    0.1010124E-03    0.6993612E-04   -0.4391221E-06    0.1870935E-04    0.6954506E-05   -0.3384976E-04    0.1119158E-05   -0.4920797E-05    0.9440287E-05    0.1549510E-07
   -0.1814080E-06   -0.5669449E-05    0.9058947E-06   -0.8688549E-06   -0.3848944E-03   -0.1203065E-04   -0.8377682E-05    0.7410607E-07   -0.1914701E-05   -0.6746500E-06    0.3821711E-05   -0.2785914E-06    0.5972938E-06   -0.1406087E-05    0.1559961E-08
    0.1952749E-05    0.5132895E-05   -0.8688549E-06    0.4439858E-03    0.9488585E-03    0.9479221E-03    0.1087449E-03    0.8230479E-06   -0.3168125E-04   -0.1220830E-04    0.5745659E-06   -0.1860485E-05   -0.6896624E-05    0.3615059E-04    0.1617150E-06
    0.1290916E-03    0.3231925E-02   -0.3848944E-03    0.9488585E-03    0.2327219E+00    0.7710012E-02    0.5654307E-02   -0.2227045E-04    0.8845126E-03    0.3274157E-03   -0.1942278E-02    0.7169136E-04   -0.7022247E-03   -0.5749190E-03    0.2792650E-05
    0.7452384E-05    0.1010124E-03   -0.1203065E-04    0.9479221E-03    0.7710012E-02    0.2266068E-02    0.3725624E-03    0.1383442E-04   -0.2015869E-04   -0.6826896E-05   -0.6303349E-04   -0.3783881E-05   -0.2027926E-04    0.1448076E-03    0.5308605E-06
    0.4593846E-05    0.6993612E-04   -0.8377682E-05    0.1087449E-03    0.5654307E-02    0.3725624E-03    0.2432304E-03    0.3960879E-06   -0.1600011E-04   -0.2779258E-05   -0.2340178E-04    0.3581676E-07   -0.1935036E-04   -0.4042477E-07    0.7134347E-07
    0.6474608E-08   -0.4391221E-06    0.7410607E-07    0.8230479E-06   -0.2227045E-04    0.1383442E-04    0.3960879E-06    0.6168602E-05    0.2130327E-06    0.4496635E-07   -0.1063250E-05    0.2150282E-06   -0.2870898E-05    0.1483725E-05    0.1019254E-07
   -0.4674484E-06    0.1870935E-04   -0.1914701E-05   -0.3168125E-04    0.8845126E-03   -0.2015869E-04   -0.1600011E-04    0.2130327E-06    0.5916080E-02    0.1843084E-02    0.1660782E-02   -0.7048192E-03   -0.1134642E-03   -0.5995375E-04   -0.1092807E-05
   -0.1111866E-06    0.6954506E-05   -0.6746500E-06   -0.1220830E-04    0.3274157E-03   -0.6826896E-05   -0.2779258E-05    0.4496635E-07    0.1843084E-02    0.1239310E-02    0.7765557E-03    0.2030278E-03    0.2526282E-04   -0.2079457E-03   -0.2777562E-06
   -0.8835475E-06   -0.3384976E-04    0.3821711E-05    0.5745659E-06   -0.1942278E-02   -0.6303349E-04   -0.2340178E-04   -0.1063250E-05    0.1660782E-02    0.7765557E-03    0.3355436E-01   -0.6053278E-03    0.1519158E-02    0.1091856E-01   -0.1910365E-06
   -0.4726066E-07    0.1119158E-05   -0.2785914E-06   -0.1860485E-05    0.7169136E-04   -0.3783881E-05    0.3581676E-07    0.2150282E-06   -0.7048192E-03    0.2030278E-03   -0.6053278E-03    0.1384838E-02    0.2185439E-03   -0.4011858E-03    0.1111488E-06
   -0.1363588E-05   -0.4920797E-05    0.5972938E-06   -0.6896624E-05   -0.7022247E-03   -0.2027926E-04   -0.1935036E-04   -0.2870898E-05   -0.1134642E-03    0.2526282E-04    0.1519158E-02    0.2185439E-03    0.5156012E-02    0.3957632E-02   -0.2339652E-06
   -0.2340246E-05    0.9440287E-05   -0.1406087E-05    0.3615059E-04   -0.5749190E-03    0.1448076E-03   -0.4042477E-07    0.1483725E-05   -0.5995375E-04   -0.2079457E-03    0.1091856E-01   -0.4011858E-03    0.3957632E-02    0.3571037E-01   -0.6239649E-06
    0.1818059E-08    0.1549510E-07    0.1559961E-08    0.1617150E-06    0.2792650E-05    0.5308605E-06    0.7134347E-07    0.1019254E-07   -0.1092807E-05   -0.2777562E-06   -0.1910365E-06    0.1111488E-06   -0.2339652E-06   -0.6239649E-06    0.1003436E-05
