# omegabh2 omegach2 theta tau logA ns calPlanck acib217 xi asz143 aps100 aps143 aps143217 aps217 aksz kgal100 kgal143 kgal143217 kgal217 galfTE100 galfTE100143 galfTE100217 galfTE143 galfTE143217 galfTE217 cal0 cal2
  2.2139987E-08  -1.1786703E-07   1.6777190E-08   2.5806715E-07   3.4434372E-07   2.9541541E-07   1.5350764E-08  -7.6750234E-05   1.0355069E-06   1.4045045E-05  -3.1953391E-04  -2.4005733E-04  -1.1973729E-04  -3.4191361E-05  -2.3989711E-05  -1.1786207E-06  -3.4313383E-06  -8.6065463E-06   1.4868072E-05  -9.9596277E-08   3.0450381E-08  -2.0717218E-07  -2.1127339E-07  -6.1818992E-07  -2.1944551E-06   2.7896929E-09  -1.4143106E-09
 -1.1786703E-07   1.8664921E-06  -1.4772837E-07  -2.9637903E-06  -1.6681188E-06  -4.3558544E-06  -1.3704882E-07   1.7225116E-04   5.3645117E-07  -7.7840633E-05   1.2212905E-03   1.2668083E-03   8.3135300E-04   5.4949665E-04   3.1922628E-05  -2.2542616E-05  -5.5687393E-05  -4.5660825E-05  -1.0248887E-04   7.2690466E-07  -3.3194627E-07   2.0907179E-07   1.3602525E-06   3.8222637E-06   1.1367474E-05  -3.0403797E-09   9.9264712E-09
  1.6777190E-08  -1.4772837E-07   9.5788538E-08   2.7317354E-07   3.2226167E-07   4.7154173E-07   2.0740121E-08  -1.6566703E-05   1.1538144E-06   3.0522977E-06  -5.1521457E-05  -8.7369212E-05  -3.7674203E-05  -3.5648079E-05  -3.1537310E-07   2.8709807E-07   9.0435837E-06  -3.5466643E-06  -4.5761919E-06  -4.7578755E-08  -2.5077042E-08  -3.7828773E-08  -1.6891229E-07  -7.1432005E-07  -2.0563835E-06   2.1464287E-10   7.9834898E-10
  2.5806715E-07  -2.9637903E-06   2.7317354E-07   6.2008476E-05   1.1557876E-04   9.4129837E-06  -6.7049503E-07  -2.9924587E-03   7.0367713E-05   2.7642669E-04  -1.0033158E-02  -4.3738399E-03  -2.2384069E-04   1.7850110E-03  -9.3057563E-04  -1.8597139E-04  -3.8580557E-04  -5.9964570E-04   2.4961451E-04  -1.0997036E-06  -4.1032811E-06  -9.0497863E-06  -7.0326462E-06  -1.3822485E-05  -5.8775276E-05  -1.4382574E-08  -8.2447132E-08
  3.4434372E-07  -1.6681188E-06   3.2226167E-07   1.1557876E-04   2.5321963E-04   7.9805725E-06   1.1179111E-05  -6.0694723E-03   1.9049259E-04   5.0657159E-04  -1.7163811E-02  -5.0341528E-03   4.3162414E-03   1.1273630E-02  -2.8801709E-03  -7.2747414E-04  -1.6258114E-03  -2.0602912E-03   1.5262883E-03   1.5864080E-06  -8.9767862E-06  -1.5314427E-05  -1.5362757E-05  -2.1998046E-05  -8.6052025E-05   9.5667574E-08  -1.8533595E-07
  2.9541541E-07  -4.3558544E-06   4.7154173E-07   9.4129837E-06   7.9805725E-06   1.9082578E-05   5.4155506E-07  -4.1531937E-03   7.6680401E-05   7.8790493E-04  -2.2060681E-02  -7.6357659E-03  -6.8037470E-05   3.7809825E-03  -1.9867712E-03   2.2600789E-04  -1.7919808E-04  -4.6388189E-04   8.8338908E-04  -1.7676500E-06  -1.7010082E-06   4.5716734E-06  -6.2504029E-06  -7.0641744E-06  -1.5422739E-05  -1.1164541E-07  -8.2775057E-08
  1.5350764E-08  -1.3704882E-07   2.0740121E-08  -6.7049503E-07   1.1179111E-05   5.4155506E-07   6.3369442E-06   6.1850217E-04   3.6390842E-06   3.5697896E-05   2.3969094E-03   3.5799178E-04   5.3985428E-04   1.5710816E-03  -1.3806267E-04   5.4932946E-06  -5.1387354E-05  -1.4343016E-04   5.9168216E-04   8.0272862E-07  -3.1767324E-07   2.1661287E-06  -2.7942909E-06  -1.3426151E-06   6.6137722E-06  -1.3516468E-08  -1.6401532E-08
 -7.6750234E-05   1.7225116E-04  -1.6566703E-05  -2.9924587E-03  -6.0694723E-03  -4.1531937E-03   6.1850217E-04   4.3869851E+01  -3.7227617E-01  -6.6536389E-01   3.4615722E+01   1.8946741E+00  -1.2223126E+01  -5.3965079E+01  -2.4105462E-01   8.0389616E-02   5.2954809E-01  -5.8858725E+00  -3.3155784E+01  -2.5145855E-03   1.6456599E-03   2.9464084E-03   4.6318011E-03  -4.5632368E-03   6.0245500E-03  -2.1094179E-04   6.6966413E-04
  1.0355069E-06   5.3645117E-07   1.1538144E-06   7.0367713E-05   1.9049259E-04   7.6680401E-05   3.6390842E-06  -3.7227617E-01   8.3163705E-02  -3.8774126E-02  -5.7685395E-01   9.7191703E-01   1.7659051E+00   6.2859732E-01   4.4023764E-02  -4.0508017E-03   1.0670061E-02   1.2567034E-01   1.5700864E-01  -3.1199751E-05   5.5837644E-05  -6.4082377E-05   4.9130706E-05   6.5007572E-06  -1.2917107E-03   5.4967458E-06  -2.9665279E-07
  1.4045045E-05  -7.7840633E-05   3.0522977E-06   2.7642669E-04   5.0657159E-04   7.8790493E-04   3.5697896E-05  -6.6536389E-01  -3.8774126E-02   3.7836067E+00  -2.9391606E+01  -3.2152152E+00   7.4149528E+00   5.0463908E+00  -2.6611378E+00  -1.9353268E-01   2.0376323E-01   2.6318327E+00   3.1345025E+00   1.4314401E-04  -4.9130262E-04   6.2660194E-04  -3.3612811E-04   8.1313807E-04   2.1140721E-03   1.2503625E-04  -5.6354113E-05
 -3.1953391E-04   1.2212905E-03  -5.1521457E-05  -1.0033158E-02  -1.7163811E-02  -2.2060681E-02   2.3969094E-03   3.4615722E+01  -5.7685395E-01  -2.9391606E+01   7.7050490E+02   6.9684075E+01  -5.0916595E+01  -5.7247985E+01   1.2616654E+01  -5.9556944E+00   5.5966580E+00  -1.2061281E+01  -2.3369803E+01   5.0990415E-04   1.5096366E-03  -8.0252497E-03   3.0827970E-03  -3.5513616E-03   3.5342387E-02   3.7114153E-03   6.3010969E-04
 -2.4005733E-04   1.2668083E-03  -8.7369212E-05  -4.3738399E-03  -5.0341528E-03  -7.6357659E-03   3.5799178E-04   1.8946741E+00   9.7191703E-01  -3.2152152E+00   6.9684075E+01   6.2540335E+01   4.2385749E+01   1.5492009E+01  -5.0670606E+00  -3.8650476E-01  -1.3363128E+00   3.2877910E+00   3.8496465E+00   2.8101931E-03   3.1948111E-03   4.3247769E-03   4.0544144E-03   3.5480866E-04  -2.1045979E-02   9.0154509E-05   1.1307428E-04
 -1.1973729E-04   8.3135300E-04  -3.7674203E-05  -2.2384069E-04   4.3162414E-03  -6.8037470E-05   5.3985428E-04  -1.2223126E+01   1.7659051E+00   7.4149528E+00  -5.0916595E+01   4.2385749E+01   8.6999565E+01   5.2586869E+01  -1.1687311E+01  -7.8223254E-01  -5.9401654E-01   4.9901871E+00   7.5709469E+00   1.8129118E-03  -2.8780742E-04   8.2077559E-03   2.7229214E-03   6.9000926E-03  -1.7276242E-02   4.9765325E-04  -3.9636250E-04
 -3.4191361E-05   5.4949665E-04  -3.5648079E-05   1.7850110E-03   1.1273630E-02   3.7809825E-03   1.5710816E-03  -5.3965079E+01   6.2859732E-01   5.0463908E+00  -5.7247985E+01   1.5492009E+01   5.2586869E+01   1.0272564E+02  -9.2159062E+00  -5.1867714E-01  -1.2371276E+00   5.2374214E+00   3.2558329E+01   5.3206067E-03  -3.4124282E-03   8.5988822E-04  -4.4823933E-03   1.4857236E-02  -4.0381945E-03   4.9740310E-04  -1.3135702E-03
 -2.3989711E-05   3.1922628E-05  -3.1537310E-07  -9.3057563E-04  -2.8801709E-03  -1.9867712E-03  -1.3806267E-04  -2.4105462E-01   4.4023764E-02  -2.6611378E+00   1.2616654E+01  -5.0670606E+00  -1.1687311E+01  -9.2159062E+00   5.8491279E+00   1.3555936E-01  -2.2648369E-01  -1.9946090E+00  -2.1312467E+00  -9.0161625E-04   6.5927080E-04  -2.8358387E-03   6.6845842E-04  -1.0363614E-03   1.6902346E-04  -8.3979140E-05   2.1234138E-05
 -1.1786207E-06  -2.2542616E-05   2.8709807E-07  -1.8597139E-04  -7.2747414E-04   2.2600789E-04   5.4932946E-06   8.0389616E-02  -4.0508017E-03  -1.9353268E-01  -5.9556944E+00  -3.8650476E-01  -7.8223254E-01  -5.1867714E-01   1.3555936E-01   3.3238651E+00   5.9252799E-01   2.4285952E-01   2.5228042E-01  -1.4101862E-04   2.1728014E-04   1.4464901E-03  -1.3945329E-03   4.1928296E-05   2.1642153E-03   1.7768574E-04  -1.3667280E-05
 -3.4313383E-06  -5.5687393E-05   9.0435837E-06  -3.8580557E-04  -1.6258114E-03  -1.7919808E-04  -5.1387354E-05   5.2954809E-01   1.0670061E-02   2.0376323E-01   5.5966580E+00  -1.3363128E+00  -5.9401654E-01  -1.2371276E+00  -2.2648369E-01   5.9252799E-01   3.1653337E+00   2.7702315E+00   2.8210668E+00   6.3429803E-04   2.5412196E-04   9.7646932E-04  -6.0725437E-04  -3.0423996E-04   2.0010010E-03  -1.6715225E-04  -3.9431161E-05
 -8.6065463E-06  -4.5660825E-05  -3.5466643E-06  -5.9964570E-04  -2.0602912E-03  -4.6388189E-04  -1.4343016E-04  -5.8858725E+00   1.2567034E-01   2.6318327E+00  -1.2061281E+01   3.2877910E+00   4.9901871E+00   5.2374214E+00  -1.9946090E+00   2.4285952E-01   2.7702315E+00   1.0901614E+01   1.9511517E+01   1.3335647E-03   9.7013696E-04  -6.2847145E-04  -2.0126291E-04  -5.3473091E-05   5.8415065E-04   1.0952340E-05   4.0858404E-04
  1.4868072E-05  -1.0248887E-04  -4.5761919E-06   2.4961451E-04   1.5262883E-03   8.8338908E-04   5.9168216E-04  -3.3155784E+01   1.5700864E-01   3.1345025E+00  -2.3369803E+01   3.8496465E+00   7.5709469E+00   3.2558329E+01  -2.1312467E+00   2.5228042E-01   2.8210668E+00   1.9511517E+01   5.3949702E+01   3.7310810E-03   8.1113956E-04  -2.5168202E-03  -2.6022614E-03  -2.3640534E-04   8.6961773E-04   1.0414321E-04   9.5420976E-04
 -9.9596277E-08   7.2690466E-07  -4.7578755E-08  -1.0997036E-06   1.5864080E-06  -1.7676500E-06   8.0272862E-07  -2.5145855E-03  -3.1199751E-05   1.4314401E-04   5.0990415E-04   2.8101931E-03   1.8129118E-03   5.3206067E-03  -9.0161625E-04  -1.4101862E-04   6.3429803E-04   1.3335647E-03   3.7310810E-03   1.4769861E-03   2.7644084E-04   1.3211675E-04  -3.3830845E-04  -8.5974539E-05  -3.9569789E-05  -1.0297166E-07  -1.6571476E-07
  3.0450381E-08  -3.3194627E-07  -2.5077042E-08  -4.1032811E-06  -8.9767862E-06  -1.7010082E-06  -3.1767324E-07   1.6456599E-03   5.5837644E-05  -4.9130262E-04   1.5096366E-03   3.1948111E-03  -2.8780742E-04  -3.4124282E-03   6.5927080E-04   2.1728014E-04   2.5412196E-04   9.7013696E-04   8.1113956E-04   2.7644084E-04   8.7130183E-04   5.0248454E-05   7.4898523E-04   6.8783444E-05  -6.9385496E-04  -1.5142890E-07   1.4498966E-07
 -2.0717218E-07   2.0907179E-07  -3.7828773E-08  -9.0497863E-06  -1.5314427E-05   4.5716734E-06   2.1661287E-06   2.9464084E-03  -6.4082377E-05   6.2660194E-04  -8.0252497E-03   4.3247769E-03   8.2077559E-03   8.5988822E-04  -2.8358387E-03   1.4464901E-03   9.7646932E-04  -6.2847145E-04  -2.5168202E-03   1.3211675E-04   5.0248454E-05   7.2431556E-03  -2.6315266E-04   7.2146332E-04   4.7728729E-03  -8.3972535E-07  -1.3496196E-07
 -2.1127339E-07   1.3602525E-06  -1.6891229E-07  -7.0326462E-06  -1.5362757E-05  -6.2504029E-06  -2.7942909E-06   4.6318011E-03   4.9130706E-05  -3.3612811E-04   3.0827970E-03   4.0544144E-03   2.7229214E-03  -4.4823933E-03   6.6845842E-04  -1.3945329E-03  -6.0725437E-04  -2.0126291E-04  -2.6022614E-03  -3.3830845E-04   7.4898523E-04  -2.6315266E-04   2.8378915E-03   5.5137460E-04  -9.8479369E-04  -5.7122887E-08   4.9704544E-07
 -6.1818992E-07   3.8222637E-06  -7.1432005E-07  -1.3822485E-05  -2.1998046E-05  -7.0641744E-06  -1.3426151E-06  -4.5632368E-03   6.5007572E-06   8.1313807E-04  -3.5513616E-03   3.5480866E-04   6.9000926E-03   1.4857236E-02  -1.0363614E-03   4.1928296E-05  -3.0423996E-04  -5.3473091E-05  -2.3640534E-04  -8.5974539E-05   6.8783444E-05   7.2146332E-04   5.5137460E-04   6.4446333E-03   7.8541826E-03  -1.5827322E-07  -3.6307065E-07
 -2.1944551E-06   1.1367474E-05  -2.0563835E-06  -5.8775276E-05  -8.6052025E-05  -1.5422739E-05   6.6137722E-06   6.0245500E-03  -1.2917107E-03   2.1140721E-03   3.5342387E-02  -2.1045979E-02  -1.7276242E-02  -4.0381945E-03   1.6902346E-04   2.1642153E-03   2.0010010E-03   5.8415065E-04   8.6961773E-04  -3.9569789E-05  -6.9385496E-04   4.7728729E-03  -9.8479369E-04   7.8541826E-03   7.1987806E-02  -7.1507073E-07  -3.2407390E-06
  2.7896929E-09  -3.0403797E-09   2.1464287E-10  -1.4382574E-08   9.5667574E-08  -1.1164541E-07  -1.3516468E-08  -2.1094179E-04   5.4967458E-06   1.2503625E-04   3.7114153E-03   9.0154509E-05   4.9765325E-04   4.9740310E-04  -8.3979140E-05   1.7768574E-04  -1.6715225E-04   1.0952340E-05   1.0414321E-04  -1.0297166E-07  -1.5142890E-07  -8.3972535E-07  -5.7122887E-08  -1.5827322E-07  -7.1507073E-07   3.7913996E-07  -1.3152360E-09
 -1.4143106E-09   9.9264712E-09   7.9834898E-10  -8.2447132E-08  -1.8533595E-07  -8.2775057E-08  -1.6401532E-08   6.6966413E-04  -2.9665279E-07  -5.6354113E-05   6.3010969E-04   1.1307428E-04  -3.9636250E-04  -1.3135702E-03   2.1234138E-05  -1.3667280E-05  -3.9431161E-05   4.0858404E-04   9.5420976E-04  -1.6571476E-07   1.4498966E-07  -1.3496196E-07   4.9704544E-07  -3.6307065E-07  -3.2407390E-06  -1.3152360E-09   3.8548711E-07
