# omegabh2 omegach2 theta tau Alens logA ns calPlanck aps100 aps143 aps217 acib217 asz143 psr xi aksz dust100 dust143 dust217 dust143x217 cal0 cal2 calTE calEE bm_1_1
    0.2812407E-07   -0.1629079E-06    0.2514191E-07    0.2257697E-06    0.2681392E-05    0.1397433E-06    0.4543775E-06    0.1648465E-08   -0.5071799E-03   -0.2912304E-03    0.9947479E-04   -0.1485960E-03    0.2875421E-04    0.4680456E-06    0.1401202E-05   -0.4830912E-04    0.2345500E-06   -0.3866135E-08    0.1344211E-05   -0.6690300E-07    0.3500246E-08   -0.1187892E-07   -0.1258989E-06   -0.1937933E-06   -0.1900829E-05
   -0.1629079E-06    0.2300332E-05   -0.2278795E-06   -0.3138141E-05   -0.3302751E-04   -0.1131488E-05   -0.5625147E-05   -0.7792442E-07    0.2623641E-02    0.1672367E-02   -0.5596371E-03    0.8511279E-03   -0.1648822E-03   -0.1081381E-05   -0.4916751E-05    0.2836641E-03   -0.3591491E-05   -0.2253495E-06   -0.6338388E-05    0.1565846E-05   -0.4016603E-07    0.1131085E-06    0.6739673E-06   -0.3531879E-06    0.1111007E-04
    0.2514191E-07   -0.2278795E-06    0.1021310E-06    0.4484191E-06    0.4177608E-05    0.4922925E-06    0.6687459E-06    0.1158751E-07   -0.2994653E-03   -0.2282817E-03    0.2671776E-04   -0.9065191E-04    0.1606687E-04   -0.2237576E-06   -0.3967175E-06   -0.2431274E-04    0.4205661E-06   -0.2462887E-07    0.7987454E-06   -0.4538511E-06    0.4688773E-08   -0.8248302E-08   -0.1334839E-06    0.1166549E-07   -0.3560334E-05
    0.2257697E-06   -0.3138141E-05    0.4484191E-06    0.4061084E-03   -0.7666038E-03    0.7987663E-03    0.1747400E-04   -0.1413311E-05   -0.2407970E-01   -0.9162259E-02    0.5904496E-02   -0.5807684E-02    0.8434498E-03    0.3653991E-04    0.9679418E-04   -0.1047016E-02    0.9302308E-05   -0.3601282E-04    0.1201499E-04   -0.8394032E-04   -0.1384839E-06   -0.7893871E-06   -0.3720002E-05   -0.3574274E-05   -0.2528557E-03
    0.2681392E-05   -0.3302751E-04    0.4177608E-05   -0.7666038E-03    0.2753148E-02   -0.1621047E-02    0.7382613E-04   -0.7073435E-05   -0.3688731E-01   -0.2392158E-01    0.1560067E-02   -0.1049011E-01    0.2415239E-02   -0.4674167E-04   -0.8633623E-04   -0.4469848E-02    0.7302291E-04    0.1744331E-03    0.7432313E-04    0.7576625E-04   -0.8261760E-07   -0.1681153E-05   -0.2189720E-04    0.1046661E-05    0.2911761E-03
    0.1397433E-06   -0.1131488E-05    0.4922925E-06    0.7987663E-03   -0.1621047E-02    0.1610454E-02    0.2018995E-04    0.9348576E-05   -0.3376950E-01   -0.1194275E-01    0.1591753E-01   -0.9169244E-02    0.1485341E-02    0.1016625E-03    0.2211086E-03   -0.2455845E-02    0.4568525E-05   -0.1379865E-03    0.3421848E-04   -0.1790569E-03    0.1824970E-06   -0.1313421E-05   -0.5230297E-05   -0.5661746E-05   -0.4421985E-03
    0.4543775E-06   -0.5625147E-05    0.6687459E-06    0.1747400E-04    0.7382613E-04    0.2018995E-04    0.2380925E-04    0.4219319E-07   -0.2660499E-01   -0.8924136E-02    0.1057791E-01   -0.7538992E-02    0.1197604E-02    0.5477886E-04    0.6707373E-04   -0.2887257E-02    0.3174128E-04   -0.1454074E-06    0.5436093E-04   -0.2159438E-04   -0.2070087E-06   -0.8485839E-06   -0.2212310E-05   -0.2249934E-05   -0.4721424E-04
    0.1648465E-08   -0.7792442E-07    0.1158751E-07   -0.1413311E-05   -0.7073435E-05    0.9348576E-05    0.4219319E-07    0.6173981E-05    0.4338515E-02    0.9206662E-03    0.5660624E-03    0.1071536E-02    0.8673886E-05    0.2285252E-05   -0.3794462E-06    0.1913635E-04    0.4057306E-05   -0.1927651E-05    0.3523724E-05   -0.6061186E-05    0.2228358E-07   -0.1101094E-07    0.1278598E-06    0.8723605E-07    0.1860684E-04
   -0.5071799E-03    0.2623641E-02   -0.2994653E-03   -0.2407970E-01   -0.3688731E-01   -0.3376950E-01   -0.2660499E-01    0.4338515E-02    0.4896227E+03    0.5973162E+02   -0.6036297E+02    0.3151795E+02   -0.2202358E+02   -0.8659389E+00   -0.5528672E-01    0.8891214E+01   -0.6211656E-01    0.3722178E-01    0.8558586E-03   -0.2071527E+00    0.5542559E-02    0.8430112E-02    0.2163519E-02    0.6461797E-02    0.1041235E+01
   -0.2912304E-03    0.1672367E-02   -0.2282817E-03   -0.9162259E-02   -0.2392158E-01   -0.1194275E-01   -0.8924136E-02    0.9206662E-03    0.5973162E+02    0.5604278E+02    0.1073503E+02    0.5347191E+01   -0.1940280E+01    0.2240908E+00    0.7750077E+00   -0.6805353E+01   -0.4210022E-01   -0.1643397E+00   -0.6396567E-01    0.1374723E+00    0.3338201E-03   -0.6283331E-03    0.2453697E-02    0.3761788E-02   -0.5883281E-01
    0.9947479E-04   -0.5596371E-03    0.2671776E-04    0.5904496E-02    0.1560067E-02    0.1591753E-01    0.1057791E-01    0.5660624E-03   -0.6036297E+02    0.1073503E+02    0.1700807E+03   -0.7771171E+02    0.4818126E+01    0.5150846E+00    0.4087564E+00   -0.8989026E+01   -0.2547695E-01   -0.4138651E-01    0.6155426E+00   -0.4828864E-01    0.1433686E-02   -0.1136009E-01    0.1883532E-02    0.2342236E-02    0.3179794E-01
   -0.1485960E-03    0.8511279E-03   -0.9065191E-04   -0.5807684E-02   -0.1049011E-01   -0.9169244E-02   -0.7538992E-02    0.1071536E-02    0.3151795E+02    0.5347191E+01   -0.7771171E+02    0.4598141E+02    0.4923556E+00   -0.8098161E-01   -0.3107794E+00   -0.1848762E+01    0.3499425E-02    0.3193861E-01   -0.4816383E+00   -0.3447719E-01   -0.3881883E-03    0.4835883E-02   -0.1123112E-04    0.2182608E-03   -0.3015677E-01
    0.2875421E-04   -0.1648822E-03    0.1606687E-04    0.8434498E-03    0.2415239E-02    0.1485341E-02    0.1197604E-02    0.8673886E-05   -0.2202358E+02   -0.1940280E+01    0.4818126E+01    0.4923556E+00    0.3689706E+01    0.1416074E+00   -0.8312344E-01   -0.3063956E+01   -0.5906835E-02   -0.2206796E-01   -0.4681344E-01    0.6024039E-01    0.4312419E-03   -0.1069673E-02   -0.5251449E-04   -0.1810832E-03    0.9916275E-02
    0.4680456E-06   -0.1081381E-05   -0.2237576E-06    0.3653991E-04   -0.4674167E-04    0.1016625E-03    0.5477886E-04    0.2285252E-05   -0.8659389E+00    0.2240908E+00    0.5150846E+00   -0.8098161E-01    0.1416074E+00    0.1271444E-01    0.1458802E-01   -0.1664584E+00   -0.2902392E-03   -0.4124940E-03   -0.1697502E-02    0.6778726E-03    0.2027231E-04   -0.4571567E-04    0.2303995E-04    0.1363834E-04    0.9086681E-04
    0.1401202E-05   -0.4916751E-05   -0.3967175E-06    0.9679418E-04   -0.8633623E-04    0.2211086E-03    0.6707373E-04   -0.3794462E-06   -0.5528672E-01    0.7750077E+00    0.4087564E+00   -0.3107794E+00   -0.8312344E-01    0.1458802E-01    0.7973115E-01    0.8258862E-01    0.4764068E-04   -0.6083443E-04   -0.2812143E-03    0.1099081E-02    0.1039261E-04   -0.2921182E-04    0.1985292E-04    0.1964515E-04   -0.1163469E-02
   -0.4830912E-04    0.2836641E-03   -0.2431274E-04   -0.1047016E-02   -0.4469848E-02   -0.2455845E-02   -0.2887257E-02    0.1913635E-04    0.8891214E+01   -0.6805353E+01   -0.8989026E+01   -0.1848762E+01   -0.3063956E+01   -0.1664584E+00    0.8258862E-01    0.7114253E+01    0.6862856E-02    0.2037660E-01    0.5028278E-01   -0.6063994E-01   -0.3735083E-03    0.7659581E-03   -0.3912454E-03   -0.3462673E-03    0.5436615E-02
    0.2345500E-06   -0.3591491E-05    0.4205661E-06    0.9302308E-05    0.7302291E-04    0.4568525E-05    0.3174128E-04    0.4057306E-05   -0.6211656E-01   -0.4210022E-01   -0.2547695E-01    0.3499425E-02   -0.5906835E-02   -0.2902392E-03    0.4764068E-04    0.6862856E-02    0.3661957E-01    0.3788858E-02   -0.3747398E-03    0.1020516E-03    0.4056904E-04   -0.7357131E-05   -0.8710577E-05   -0.1072922E-04   -0.8841092E-03
   -0.3866135E-08   -0.2253495E-06   -0.2462887E-07   -0.3601282E-04    0.1744331E-03   -0.1379865E-03   -0.1454074E-06   -0.1927651E-05    0.3722178E-01   -0.1643397E+00   -0.4138651E-01    0.3193861E-01   -0.2206796E-01   -0.4124940E-03   -0.6083443E-04    0.2037660E-01    0.3788858E-02    0.3371351E-01   -0.2916411E-02    0.2643208E-02   -0.6152750E-04   -0.6702296E-04   -0.5000788E-04   -0.5263227E-04    0.1218045E-02
    0.1344211E-05   -0.6338388E-05    0.7987454E-06    0.1201499E-04    0.7432313E-04    0.3421848E-04    0.5436093E-04    0.3523724E-05    0.8558586E-03   -0.6396567E-01    0.6155426E+00   -0.4816383E+00   -0.4681344E-01   -0.1697502E-02   -0.2812143E-03    0.5028278E-01   -0.3747398E-03   -0.2916411E-02    0.1360383E-01    0.1149849E-01    0.1185906E-05    0.6917778E-04    0.1983740E-04    0.3085738E-05    0.6673275E-03
   -0.6690300E-07    0.1565846E-05   -0.4538511E-06   -0.8394032E-04    0.7576625E-04   -0.1790569E-03   -0.2159438E-04   -0.6061186E-05   -0.2071527E+00    0.1374723E+00   -0.4828864E-01   -0.3447719E-01    0.6024039E-01    0.6778726E-03    0.1099081E-02   -0.6063994E-01    0.1020516E-03    0.2643208E-02    0.1149849E-01    0.3170689E-01    0.5593168E-05    0.8765536E-04   -0.3739220E-05    0.2345792E-05   -0.2255647E-04
    0.3500246E-08   -0.4016603E-07    0.4688773E-08   -0.1384839E-06   -0.8261760E-07    0.1824970E-06   -0.2070087E-06    0.2228358E-07    0.5542559E-02    0.3338201E-03    0.1433686E-02   -0.3881883E-03    0.4312419E-03    0.2027231E-04    0.1039261E-04   -0.3735083E-03    0.4056904E-04   -0.6152750E-04    0.1185906E-05    0.5593168E-05    0.9424278E-06   -0.7240898E-07    0.1600774E-06    0.4681952E-06   -0.7932188E-04
   -0.1187892E-07    0.1131085E-06   -0.8248302E-08   -0.7893871E-06   -0.1681153E-05   -0.1313421E-05   -0.8485839E-06   -0.1101094E-07    0.8430112E-02   -0.6283331E-03   -0.1136009E-01    0.4835883E-02   -0.1069673E-02   -0.4571567E-04   -0.2921182E-04    0.7659581E-03   -0.7357131E-05   -0.6702296E-04    0.6917778E-04    0.8765536E-04   -0.7240898E-07    0.3161903E-05    0.4682085E-06    0.1593815E-06   -0.1083086E-05
   -0.1258989E-06    0.6739673E-06   -0.1334839E-06   -0.3720002E-05   -0.2189720E-04   -0.5230297E-05   -0.2212310E-05    0.1278598E-06    0.2163519E-02    0.2453697E-02    0.1883532E-02   -0.1123112E-04   -0.5251449E-04    0.2303995E-04    0.1985292E-04   -0.3912454E-03   -0.8710577E-05   -0.5000788E-04    0.1983740E-04   -0.3739220E-05    0.1600774E-06    0.4682085E-06    0.1936063E-04    0.5841533E-05    0.2019998E-04
   -0.1937933E-06   -0.3531879E-06    0.1166549E-07   -0.3574274E-05    0.1046661E-05   -0.5661746E-05   -0.2249934E-05    0.8723605E-07    0.6461797E-02    0.3761788E-02    0.2342236E-02    0.2182608E-03   -0.1810832E-03    0.1363834E-04    0.1964515E-04   -0.3462673E-03   -0.1072922E-04   -0.5263227E-04    0.3085738E-05    0.2345792E-05    0.4681952E-06    0.1593815E-06    0.5841533E-05    0.1751964E-04    0.3414926E-04
   -0.1900829E-05    0.1111007E-04   -0.3560334E-05   -0.2528557E-03    0.2911761E-03   -0.4421985E-03   -0.4721424E-04    0.1860684E-04    0.1041235E+01   -0.5883281E-01    0.3179794E-01   -0.3015677E-01    0.9916275E-02    0.9086681E-04   -0.1163469E-02    0.5436615E-02   -0.8841092E-03    0.1218045E-02    0.6673275E-03   -0.2255647E-04   -0.7932188E-04   -0.1083086E-05    0.2019998E-04    0.3414926E-04    0.9978367E+00
