# omegabh2 omegach2 theta tau logA ns
    0.6870498E-07   -0.9963417E-07    0.2300901E-07    0.6274770E-05    0.1367156E-04    0.2081274E-05
   -0.9963417E-07    0.1913536E-05   -0.2469825E-07   -0.1859620E-04   -0.3381314E-04   -0.6487510E-05
    0.2300901E-07   -0.2469825E-07    0.2351278E-06    0.1002633E-05    0.2094685E-05    0.4788107E-06
    0.6274770E-05   -0.1859620E-04    0.1002633E-05    0.2767731E-02    0.5805553E-02    0.3746184E-03
    0.1367156E-04   -0.3381314E-04    0.2094685E-05    0.5805553E-02    0.1224140E-01    0.8013626E-03
    0.2081274E-05   -0.6487510E-05    0.4788107E-06    0.3746184E-03    0.8013626E-03    0.1562304E-03
