# omegabh2 omegach2 theta tau mnu logA ns calPlanck alpha_JLA beta_JLA acib217 xi asz143 aps100 aps143 aps143217 aps217 aksz kgal100 kgal143 kgal143217 kgal217 cal0 cal2
    0.4138947E-07   -0.1039152E-06    0.2789047E-07    0.1161266E-05    0.2434596E-05    0.2219149E-05    0.3932721E-06    0.2134812E-07    0.8815584E-08    0.4370545E-06   -0.1809440E-03    0.2967624E-05    0.4716642E-04   -0.7175684E-03   -0.4572861E-03   -0.1208503E-03    0.3419922E-04   -0.6375015E-04   -0.4440263E-06    0.5771621E-05   -0.1763033E-04    0.2227249E-04    0.2324985E-08   -0.1589520E-07
   -0.1039152E-06    0.1946164E-05   -0.1156561E-06   -0.1582296E-04   -0.3892868E-04   -0.2738936E-04   -0.4753446E-05   -0.2624774E-06   -0.5756669E-07   -0.3593396E-05    0.5213751E-03   -0.1142655E-04   -0.1236574E-03    0.2166396E-02    0.1277890E-02    0.3084672E-03   -0.9086437E-04    0.1098487E-03    0.2802631E-04    0.1740358E-04    0.7206346E-04   -0.5126977E-04    0.1327844E-08    0.6434594E-07
    0.2789047E-07   -0.1156561E-06    0.1716122E-06    0.1928802E-05    0.2859851E-05    0.3847016E-05    0.5230801E-06    0.3288688E-07   -0.1096672E-07    0.8154054E-06   -0.2064592E-04    0.8888639E-06    0.9723188E-05   -0.5407732E-04   -0.1468531E-03   -0.5525090E-04   -0.6133771E-04   -0.2782830E-04   -0.5861345E-05    0.9538366E-06   -0.4203024E-05    0.4973551E-05    0.5536870E-08   -0.1884016E-08
    0.1161266E-05   -0.1582296E-04    0.1928802E-05    0.2829643E-03    0.7198300E-03    0.5200017E-03    0.4895641E-04   -0.2281539E-05    0.1148658E-05    0.3922660E-04   -0.9927290E-02    0.1301673E-03    0.2327354E-02   -0.3914106E-01   -0.1926993E-01   -0.3319892E-02    0.3876873E-02   -0.2659440E-02   -0.7492732E-03   -0.6934444E-04   -0.1137713E-02   -0.1165529E-03   -0.1837957E-06   -0.1546904E-05
    0.2434596E-05   -0.3892868E-04    0.2859851E-05    0.7198300E-03    0.4889086E-02    0.1358349E-02    0.1091352E-03    0.1113492E-04   -0.2956849E-05   -0.5139203E-04   -0.1991602E-01    0.2419244E-03    0.7370995E-02   -0.7747913E-01   -0.3533468E-01    0.4838173E-02    0.2483273E-01   -0.7771758E-02   -0.2328469E-02   -0.9357958E-03   -0.1439084E-02    0.2458952E-02    0.3153389E-06   -0.2740316E-05
    0.2219149E-05   -0.2738936E-04    0.3847016E-05    0.5200017E-03    0.1358349E-02    0.9858743E-03    0.8524641E-04    0.7093489E-05    0.1733107E-05    0.6924768E-04   -0.1827422E-01    0.2789652E-03    0.4302312E-02   -0.6738045E-01   -0.3396898E-01   -0.3633643E-02    0.1234518E-01   -0.5746320E-02   -0.1610891E-02   -0.5048981E-03   -0.2432440E-02    0.1160438E-02   -0.1240441E-06   -0.2959776E-05
    0.3932721E-06   -0.4753446E-05    0.5230801E-06    0.4895641E-04    0.1091352E-03    0.8524641E-04    0.2344427E-04    0.5631420E-06   -0.2211167E-06    0.1514946E-04   -0.6384803E-02    0.1208109E-03    0.1609971E-02   -0.3164796E-01   -0.9530908E-02    0.2223022E-02    0.6774318E-02   -0.2978461E-02    0.1680281E-03   -0.1700686E-03   -0.4330090E-03    0.1101190E-02   -0.2328616E-06   -0.6388346E-06
    0.2134812E-07   -0.2624774E-06    0.3288688E-07   -0.2281539E-05    0.1113492E-04    0.7093489E-05    0.5631420E-06    0.6130069E-05   -0.2905575E-06   -0.9659524E-06    0.9736680E-03   -0.8667934E-05   -0.1935047E-04    0.3502376E-02    0.3498722E-03   -0.9769034E-04    0.6989926E-03    0.6149948E-04    0.1427006E-04    0.4847076E-04   -0.1058734E-05    0.6214725E-03   -0.2126417E-07   -0.8291150E-08
    0.8815584E-08   -0.5756669E-07   -0.1096672E-07    0.1148658E-05   -0.2956849E-05    0.1733107E-05   -0.2211167E-06   -0.2905575E-06    0.4362038E-04   -0.3294983E-04   -0.5340833E-03    0.2136505E-04   -0.4994575E-04   -0.1465547E-03    0.1755291E-03    0.4875213E-03    0.6507752E-03    0.2593511E-04    0.1631805E-03   -0.8045520E-04    0.2265156E-04    0.3437832E-03    0.5787925E-07    0.4316450E-07
    0.4370545E-06   -0.3593396E-05    0.8154054E-06    0.3922660E-04   -0.5139203E-04    0.6924768E-04    0.1514946E-04   -0.9659524E-06   -0.3294983E-04    0.6482427E-02   -0.2318554E-02    0.1304768E-03    0.1006103E-02   -0.1775171E-01   -0.1251887E-01   -0.2955295E-02   -0.1940746E-02   -0.7918928E-03    0.2388396E-03    0.6342563E-03    0.9791019E-03   -0.1910852E-02    0.6696518E-06   -0.1714838E-06
   -0.1809440E-03    0.5213751E-03   -0.2064592E-04   -0.9927290E-02   -0.1991602E-01   -0.1827422E-01   -0.6384803E-02    0.9736680E-03   -0.5340833E-03   -0.2318554E-02    0.4852013E+02   -0.4959212E+00   -0.1422809E+01    0.4433948E+02    0.1704811E+01   -0.2022585E+02   -0.6502159E+02    0.6039520E-01   -0.2036157E+00    0.3646148E+00   -0.3100704E+01   -0.2526844E+02   -0.1057102E-03    0.4270735E-02
    0.2967624E-05   -0.1142655E-04    0.8888639E-06    0.1301673E-03    0.2419244E-03    0.2789652E-03    0.1208109E-03   -0.8667934E-05    0.2136505E-04    0.1304768E-03   -0.4959212E+00    0.8238317E-01   -0.8440064E-01   -0.3353516E+00    0.9493905E+00    0.1713594E+01    0.7350294E+00    0.8092945E-01   -0.1998668E-02   -0.5744876E-03    0.8650278E-01    0.1028621E+00    0.8218396E-05   -0.1596100E-04
    0.4716642E-04   -0.1236574E-03    0.9723188E-05    0.2327354E-02    0.7370995E-02    0.4302312E-02    0.1609971E-02   -0.1935047E-04   -0.4994575E-04    0.1006103E-02   -0.1422809E+01   -0.8440064E-01    0.3904736E+01   -0.3004363E+02   -0.3919447E+01    0.7886888E+01    0.6739266E+01   -0.2937866E+01   -0.1737483E+00    0.6966973E-01    0.2399501E+01    0.1854181E+01    0.1966319E-03   -0.4196983E-03
   -0.7175684E-03    0.2166396E-02   -0.5407732E-04   -0.3914106E-01   -0.7747913E-01   -0.6738045E-01   -0.3164796E-01    0.3502376E-02   -0.1465547E-03   -0.1775171E-01    0.4433948E+02   -0.3353516E+00   -0.3004363E+02    0.7284378E+03    0.7478035E+02   -0.5575910E+02   -0.7168260E+02    0.1425598E+02   -0.1367910E+01   -0.5005617E-01   -0.1362041E+02   -0.2159550E+02    0.4627959E-02    0.4411840E-02
   -0.4572861E-03    0.1277890E-02   -0.1468531E-03   -0.1926993E-01   -0.3533468E-01   -0.3396898E-01   -0.9530908E-02    0.3498722E-03    0.1755291E-03   -0.1251887E-01    0.1704811E+01    0.9493905E+00   -0.3919447E+01    0.7478035E+02    0.6174359E+02    0.4309453E+02    0.1786383E+02   -0.4765156E+01   -0.4491308E+00   -0.1323655E+01    0.3457170E+01    0.3177380E+01    0.3088204E-03    0.3210531E-03
   -0.1208503E-03    0.3084672E-03   -0.5525090E-04   -0.3319892E-02    0.4838173E-02   -0.3633643E-02    0.2223022E-02   -0.9769034E-04    0.4875213E-03   -0.2955295E-02   -0.2022585E+02    0.1713594E+01    0.7886888E+01   -0.5575910E+02    0.4309453E+02    0.9351760E+02    0.6681465E+02   -0.1282319E+02   -0.6314971E+00   -0.7422249E+00    0.4367152E+01    0.5373071E+01    0.8670932E-03   -0.2565145E-02
    0.3419922E-04   -0.9086437E-04   -0.6133771E-04    0.3876873E-02    0.2483273E-01    0.1234518E-01    0.6774318E-02    0.6989926E-03    0.6507752E-03   -0.1940746E-02   -0.6502159E+02    0.7350294E+00    0.6739266E+01   -0.7168260E+02    0.1786383E+02    0.6681465E+02    0.1253556E+03   -0.1075903E+02   -0.2070109E+00   -0.8979362E+00    0.7678054E+00    0.2202788E+02    0.6128037E-03   -0.7502796E-02
   -0.6375015E-04    0.1098487E-03   -0.2782830E-04   -0.2659440E-02   -0.7771758E-02   -0.5746320E-02   -0.2978461E-02    0.6149948E-04    0.2593511E-04   -0.7918928E-03    0.6039520E-01    0.8092945E-01   -0.2937866E+01    0.1425598E+02   -0.4765156E+01   -0.1282319E+02   -0.1075903E+02    0.6479869E+01    0.1114732E+00   -0.3153957E-01   -0.1972949E+01   -0.1255256E+01   -0.1668200E-03    0.2254509E-03
   -0.4440263E-06    0.2802631E-04   -0.5861345E-05   -0.7492732E-03   -0.2328469E-02   -0.1610891E-02    0.1680281E-03    0.1427006E-04    0.1631805E-03    0.2388396E-03   -0.2036157E+00   -0.1998668E-02   -0.1737483E+00   -0.1367910E+01   -0.4491308E+00   -0.6314971E+00   -0.2070109E+00    0.1114732E+00    0.3247053E+01    0.7337240E+00    0.3557528E+00    0.5912598E+00    0.4021260E-03   -0.1050017E-05
    0.5771621E-05    0.1740358E-04    0.9538366E-06   -0.6934444E-04   -0.9357958E-03   -0.5048981E-03   -0.1700686E-03    0.4847076E-04   -0.8045520E-04    0.6342563E-03    0.3646148E+00   -0.5744876E-03    0.6966973E-01   -0.5005617E-01   -0.1323655E+01   -0.7422249E+00   -0.8979362E+00   -0.3153957E-01    0.7337240E+00    0.3096658E+01    0.2338900E+01    0.1299846E+01   -0.4146970E-03   -0.2061642E-03
   -0.1763033E-04    0.7206346E-04   -0.4203024E-05   -0.1137713E-02   -0.1439084E-02   -0.2432440E-02   -0.4330090E-03   -0.1058734E-05    0.2265156E-04    0.9791019E-03   -0.3100704E+01    0.8650278E-01    0.2399501E+01   -0.1362041E+02    0.3457170E+01    0.4367152E+01    0.7678054E+00   -0.1972949E+01    0.3557528E+00    0.2338900E+01    0.1748347E+02    0.2667480E+02   -0.3542473E-04    0.2388550E-02
    0.2227249E-04   -0.5126977E-04    0.4973551E-05   -0.1165529E-03    0.2458952E-02    0.1160438E-02    0.1101190E-02    0.6214725E-03    0.3437832E-03   -0.1910852E-02   -0.2526844E+02    0.1028621E+00    0.1854181E+01   -0.2159550E+02    0.3177380E+01    0.5373071E+01    0.2202788E+02   -0.1255256E+01    0.5912598E+00    0.1299846E+01    0.2667480E+02    0.6125525E+02   -0.2426771E-04    0.4309913E-02
    0.2324985E-08    0.1327844E-08    0.5536870E-08   -0.1837957E-06    0.3153389E-06   -0.1240441E-06   -0.2328616E-06   -0.2126417E-07    0.5787925E-07    0.6696518E-06   -0.1057102E-03    0.8218396E-05    0.1966319E-03    0.4627959E-02    0.3088204E-03    0.8670932E-03    0.6128037E-03   -0.1668200E-03    0.4021260E-03   -0.4146970E-03   -0.3542473E-04   -0.2426771E-04    0.5457021E-06    0.1867567E-07
   -0.1589520E-07    0.6434594E-07   -0.1884016E-08   -0.1546904E-05   -0.2740316E-05   -0.2959776E-05   -0.6388346E-06   -0.8291150E-08    0.4316450E-07   -0.1714838E-06    0.4270735E-02   -0.1596100E-04   -0.4196983E-03    0.4411840E-02    0.3210531E-03   -0.2565145E-02   -0.7502796E-02    0.2254509E-03   -0.1050017E-05   -0.2061642E-03    0.2388550E-02    0.4309913E-02    0.1867567E-07    0.2043800E-05
