# omegabh2 omegach2 theta tau mnu logA ns calPlanck alpha_JLA beta_JLA acib217 xi asz143 aps100 aps143 aps143217 aps217 aksz kgal100 kgal143 kgal143217 kgal217 galfEE100 galfEE100143 galfEE100217 galfEE143 galfEE143217 galfEE217 galfTE100 galfTE100143 galfTE100217 galfTE143 galfTE143217 galfTE217 cal0 cal2
    0.2087516E-07   -0.7923206E-07    0.1242738E-07    0.7357780E-06    0.1670281E-05    0.1343339E-05    0.2381920E-06   -0.2820778E-08   -0.1122014E-07   -0.3232194E-07   -0.1112364E-03    0.2665444E-05    0.3123225E-04   -0.5033587E-03   -0.1806488E-03    0.3125902E-04    0.8381500E-04   -0.5280238E-04   -0.4579544E-05   -0.6996772E-06   -0.3985139E-05    0.2031239E-04    0.7433396E-07    0.2400240E-07   -0.1355491E-07    0.1305265E-07    0.6366093E-07    0.8168637E-07   -0.5004603E-06   -0.1464822E-06    0.6411231E-07    0.1822368E-07   -0.2680811E-06   -0.8662196E-06    0.3124322E-08   -0.1059689E-07
   -0.7923206E-07    0.1274053E-05   -0.7111877E-07   -0.1031813E-04   -0.2480918E-04   -0.1749000E-04   -0.3383775E-05   -0.2344539E-07   -0.1390237E-06   -0.6461389E-06    0.4513538E-03   -0.1240163E-04   -0.1318896E-03    0.2301210E-02    0.7204541E-03   -0.5065415E-04   -0.2324846E-03    0.2346019E-03    0.5841986E-04   -0.2231905E-04   -0.3611498E-04   -0.1206203E-03   -0.9336336E-06   -0.3060992E-06    0.3480617E-07   -0.2319941E-06   -0.2026623E-07    0.1443525E-06    0.2157740E-05   -0.1640591E-07   -0.2595009E-05   -0.9374323E-06    0.7894702E-06    0.3140732E-05    0.2328484E-07    0.4195360E-07
    0.1242738E-07   -0.7111877E-07    0.8715329E-07    0.1011738E-05    0.8973592E-06    0.1958372E-05    0.3102153E-06    0.1707420E-07   -0.2685446E-08    0.3954574E-06   -0.3007398E-04   -0.2384764E-05   -0.8332950E-06   -0.1431936E-03   -0.6342313E-04   -0.5606052E-04    0.2606905E-04   -0.1776836E-04   -0.1167359E-04   -0.6286663E-05   -0.3926099E-04   -0.2549031E-04    0.4806036E-08    0.1328013E-07    0.6568124E-08    0.2179340E-07   -0.1958565E-07    0.3092983E-06   -0.1054101E-05   -0.3414278E-06   -0.2911446E-07    0.2518174E-06   -0.6772196E-06   -0.9286096E-06   -0.2481058E-08   -0.1066028E-07
    0.7357780E-06   -0.1031813E-04    0.1011738E-05    0.2192129E-03    0.4890652E-03    0.4026729E-03    0.3426244E-04   -0.3946923E-05    0.9607005E-06    0.6821697E-05   -0.9021325E-02    0.2280229E-03    0.2162029E-02   -0.4629630E-01   -0.1135308E-01    0.4404269E-02    0.7254329E-02   -0.3220745E-02   -0.7544145E-03   -0.6808725E-04   -0.1031816E-02   -0.8067768E-03    0.8190746E-05    0.2848055E-05   -0.1083501E-05    0.1575419E-05   -0.1565056E-05    0.5474939E-05   -0.3616771E-04   -0.5832787E-05    0.1238263E-04    0.1126226E-04   -0.6337061E-05   -0.1930166E-04   -0.3075691E-06   -0.1263871E-05
    0.1670281E-05   -0.2480918E-04    0.8973592E-06    0.4890652E-03    0.3605404E-02    0.9225185E-03    0.6981030E-04    0.4772637E-05   -0.4009103E-05   -0.7730488E-05   -0.6658007E-02    0.2142577E-03    0.4975378E-02   -0.7055662E-01   -0.1834498E-01    0.9590388E-02    0.1118855E-01   -0.7713622E-02   -0.2256014E-02   -0.2566572E-02   -0.1684078E-02    0.1908380E-02    0.3528542E-04    0.6570784E-05    0.5626755E-06    0.7176938E-05    0.1185912E-04    0.7608650E-05   -0.2175955E-03   -0.9747435E-04    0.1422082E-03    0.1808479E-05    0.1553842E-03    0.4451939E-03    0.7485828E-06    0.3932096E-06
    0.1343339E-05   -0.1749000E-04    0.1958372E-05    0.4026729E-03    0.9225185E-03    0.7678467E-03    0.5827965E-04    0.3619344E-05    0.1672882E-05    0.1322215E-04   -0.1731060E-01    0.4579314E-03    0.4114064E-02   -0.8161977E-01   -0.1892675E-01    0.1197243E-01    0.2034042E-01   -0.6699658E-02   -0.1406954E-02   -0.4142421E-03   -0.2364918E-02   -0.2394659E-04    0.1688811E-04    0.5328582E-05   -0.2009113E-05    0.4440466E-05   -0.3083150E-05    0.1586457E-04   -0.6879689E-04   -0.1008924E-04   -0.1201945E-04    0.2465582E-04   -0.2001970E-04   -0.4914148E-04   -0.4081922E-06   -0.2503007E-05
    0.2381920E-06   -0.3383775E-05    0.3102153E-06    0.3426244E-04    0.6981030E-04    0.5827965E-04    0.1807130E-04   -0.1412087E-06    0.7842012E-06   -0.2049895E-05   -0.6015724E-02    0.1508487E-03    0.1092996E-02   -0.2483714E-01   -0.5213367E-02    0.3891271E-02    0.7236741E-02   -0.2684049E-02   -0.6410930E-05   -0.1737795E-03   -0.5142604E-03    0.8339533E-03    0.4237053E-05    0.1508887E-05    0.2792481E-07    0.1428983E-05   -0.3395715E-06    0.6939211E-06   -0.1161630E-04   -0.1929375E-05    0.4705570E-05    0.2834273E-05   -0.5292188E-05   -0.1586032E-04   -0.1823396E-06   -0.6447143E-06
   -0.2820778E-08   -0.2344539E-07    0.1707420E-07   -0.3946923E-05    0.4772637E-05    0.3619344E-05   -0.1412087E-06    0.5786038E-05    0.1424941E-06    0.7873072E-06    0.6479472E-03   -0.3129331E-05    0.2059127E-04    0.3821921E-02    0.7517469E-03    0.5110137E-03    0.1396529E-02    0.4963413E-04    0.7003302E-04    0.1054738E-03    0.3442466E-04    0.7398410E-03    0.1765855E-05    0.3496523E-06    0.9042139E-07    0.1009314E-05   -0.7571280E-07    0.1433103E-05   -0.1621260E-05    0.3407689E-06   -0.1628980E-04    0.2048261E-05   -0.3771323E-05   -0.1099111E-04   -0.2265386E-07   -0.1523544E-07
   -0.1122014E-07   -0.1390237E-06   -0.2685446E-08    0.9607005E-06   -0.4009103E-05    0.1672882E-05    0.7842012E-06    0.1424941E-06    0.4314575E-04   -0.4036463E-04   -0.5514023E-03    0.1016206E-04   -0.1362598E-03    0.2551255E-02   -0.8289440E-05   -0.6431267E-04    0.3167141E-03    0.1475075E-03    0.6971247E-04   -0.8878969E-04   -0.4528462E-03   -0.1252067E-03   -0.1489460E-05    0.1527128E-06    0.2173963E-06    0.2666643E-06   -0.8750615E-06   -0.8562593E-05    0.6041414E-05    0.1714024E-05   -0.2116965E-05    0.1684868E-05    0.1803057E-05   -0.1280601E-04    0.4812221E-07   -0.1803286E-06
   -0.3232194E-07   -0.6461389E-06    0.3954574E-06    0.6821697E-05   -0.7730488E-05    0.1322215E-04   -0.2049895E-05    0.7873072E-06   -0.4036463E-04    0.6267834E-02    0.8279708E-02    0.5263499E-03   -0.2267424E-02    0.2832210E-01    0.1439919E-01    0.9985552E-02   -0.1004956E-01    0.2431406E-02   -0.3066046E-02    0.1018697E-02   -0.3549456E-02   -0.1057446E-01   -0.1553163E-05   -0.5240346E-06   -0.6029209E-05   -0.9622233E-06    0.1198760E-04    0.1197026E-03   -0.5499963E-04   -0.1232329E-04   -0.8623954E-04    0.7396644E-04    0.4793300E-04   -0.3148529E-03   -0.1959784E-06    0.7107497E-06
   -0.1112364E-03    0.4513538E-03   -0.3007398E-04   -0.9021325E-02   -0.6658007E-02   -0.1731060E-01   -0.6015724E-02    0.6479472E-03   -0.5514023E-03    0.8279708E-02    0.4889658E+02   -0.4891286E+00   -0.1525889E+01    0.4198480E+02   -0.5744391E+00   -0.2223356E+02   -0.6746435E+02    0.4899104E+00   -0.2444194E+00    0.3512160E+00   -0.2867320E+01   -0.2458351E+02   -0.1566758E-02   -0.9990775E-04    0.3048661E-03   -0.4144316E-03   -0.2883487E-02   -0.2615215E-02   -0.7964130E-02   -0.1020485E-02    0.4067956E-03   -0.2517430E-02   -0.1445442E-02    0.5356839E-02   -0.1273895E-03    0.4600880E-02
    0.2665444E-05   -0.1240163E-04   -0.2384764E-05    0.2280229E-03    0.2142577E-03    0.4579314E-03    0.1508487E-03   -0.3129331E-05    0.1016206E-04    0.5263499E-03   -0.4891286E+00    0.8172927E-01   -0.5571769E-01   -0.6370824E+00    0.9702802E+00    0.1822902E+01    0.7609636E+00    0.6522987E-01   -0.1260430E-02    0.9960123E-03    0.9698041E-01    0.8706516E-01    0.3473162E-04    0.8930886E-05   -0.1548654E-04    0.4387978E-04   -0.2631804E-04    0.1858299E-03   -0.2315160E-03    0.1050648E-03   -0.4023653E-03    0.6800525E-04   -0.2986684E-03   -0.9368504E-03    0.9301850E-05   -0.2573313E-04
    0.3123225E-04   -0.1318896E-03   -0.8332950E-06    0.2162029E-02    0.4975378E-02    0.4114064E-02    0.1092996E-02    0.2059127E-04   -0.1362598E-03   -0.2267424E-02   -0.1525889E+01   -0.5571769E-01    0.3649356E+01   -0.2822774E+02   -0.3119878E+01    0.7995545E+01    0.6633729E+01   -0.2646259E+01   -0.1970694E+00   -0.4793728E-01    0.2336678E+01    0.2037828E+01    0.2345863E-04    0.2901011E-04    0.4804423E-03    0.6865632E-04    0.3210832E-03   -0.2708790E-02    0.9554783E-03    0.7606511E-03    0.1820480E-02   -0.5032688E-04   -0.3017699E-04    0.3913700E-02    0.1995462E-03   -0.3515926E-03
   -0.5033587E-03    0.2301210E-02   -0.1431936E-03   -0.4629630E-01   -0.7055662E-01   -0.8161977E-01   -0.2483714E-01    0.3821921E-02    0.2551255E-02    0.2832210E-01    0.4198480E+02   -0.6370824E+00   -0.2822774E+02    0.6958254E+03    0.5810127E+02   -0.6732145E+02   -0.7433087E+02    0.1332558E+02   -0.1400996E+00    0.9005002E+00   -0.1099985E+02   -0.1638474E+02   -0.1413505E-02   -0.7943008E-03   -0.2304639E-02   -0.1387789E-02   -0.3103750E-02    0.2337213E-01    0.2327956E-01   -0.1633860E-01    0.2197391E-01   -0.3911820E-02   -0.1930455E-01    0.4057243E-01    0.4206481E-02    0.4739387E-02
   -0.1806488E-03    0.7204541E-03   -0.6342313E-04   -0.1135308E-01   -0.1834498E-01   -0.1892675E-01   -0.5213367E-02    0.7517469E-03   -0.8289440E-05    0.1439919E-01   -0.5744391E+00    0.9702802E+00   -0.3119878E+01    0.5810127E+02    0.5613499E+02    0.4157791E+02    0.1790507E+02   -0.5019110E+01   -0.5190794E+00   -0.1069934E+01    0.4279426E+01    0.4461916E+01   -0.7549626E-03   -0.3322777E-03   -0.9386461E-03    0.1569908E-03   -0.1373676E-02    0.5566285E-02   -0.3767740E-03    0.1694151E-02   -0.5114562E-03    0.3301567E-03    0.1944599E-02    0.3030057E-01    0.1662159E-03    0.7906799E-04
    0.3125902E-04   -0.5065415E-04   -0.5606052E-04    0.4404269E-02    0.9590388E-02    0.1197243E-01    0.3891271E-02    0.5110137E-03   -0.6431267E-04    0.9985552E-02   -0.2223356E+02    0.1822902E+01    0.7995545E+01   -0.6732145E+02    0.4157791E+02    0.9378064E+02    0.6669408E+02   -0.1212151E+02   -0.7750984E+00   -0.8697778E+00    0.4592873E+01    0.6039512E+01    0.2601948E-03    0.4922261E-04    0.1459814E-03    0.1167245E-02    0.6087979E-03    0.1159457E-02    0.1258878E-03    0.3807290E-02    0.1063732E-01    0.2002832E-02   -0.3424417E-03    0.3213177E-01    0.7623405E-03   -0.2796122E-02
    0.8381500E-04   -0.2324846E-03    0.2606905E-04    0.7254329E-02    0.1118855E-01    0.2034042E-01    0.7236741E-02    0.1396529E-02    0.3167141E-03   -0.1004956E-01   -0.6746435E+02    0.7609636E+00    0.6633729E+01   -0.7433087E+02    0.1790507E+02    0.6669408E+02    0.1275591E+03   -0.1047118E+02   -0.1812876E+00   -0.8139197E+00    0.5712450E+00    0.2255229E+02    0.2570300E-02    0.3616740E-03   -0.2177167E-03    0.9541228E-03    0.3322784E-02    0.2417888E-02    0.9720981E-02    0.1534542E-03   -0.1177152E-02    0.2989293E-02    0.8693052E-02    0.2727819E-01    0.4858210E-03   -0.7952722E-02
   -0.5280238E-04    0.2346019E-03   -0.1776836E-04   -0.3220745E-02   -0.7713622E-02   -0.6699658E-02   -0.2684049E-02    0.4963413E-04    0.1475075E-03    0.2431406E-02    0.4899104E+00    0.6522987E-01   -0.2646259E+01    0.1332558E+02   -0.5019110E+01   -0.1212151E+02   -0.1047118E+02    0.6059040E+01    0.1633938E+00   -0.5256777E-02   -0.2097855E+01   -0.1809770E+01   -0.3075884E-03   -0.1485943E-03   -0.1130965E-04   -0.1710468E-03    0.1194382E-03    0.4453876E-03    0.1820479E-02   -0.1506026E-04   -0.3665732E-02   -0.3666340E-03    0.1246454E-02   -0.1140352E-01   -0.1197892E-03    0.1969408E-03
   -0.4579544E-05    0.5841986E-04   -0.1167359E-04   -0.7544145E-03   -0.2256014E-02   -0.1406954E-02   -0.6410930E-05    0.7003302E-04    0.6971247E-04   -0.3066046E-02   -0.2444194E+00   -0.1260430E-02   -0.1970694E+00   -0.1400996E+00   -0.5190794E+00   -0.7750984E+00   -0.1812876E+00    0.1633938E+00    0.3060911E+01    0.7423039E+00    0.3191718E+00    0.5580211E+00   -0.2748284E-03   -0.2304798E-03   -0.4291407E-03    0.6190172E-04   -0.4523858E-03    0.3346802E-03   -0.2432865E-02   -0.2024368E-03   -0.4083711E-03   -0.8067406E-03    0.8450354E-03   -0.5640467E-02    0.4242547E-03   -0.3144412E-04
   -0.6996772E-06   -0.2231905E-04   -0.6286663E-05   -0.6808725E-04   -0.2566572E-02   -0.4142421E-03   -0.1737795E-03    0.1054738E-03   -0.8878969E-04    0.1018697E-02    0.3512160E+00    0.9960123E-03   -0.4793728E-01    0.9005002E+00   -0.1069934E+01   -0.8697778E+00   -0.8139197E+00   -0.5256777E-02    0.7423039E+00    0.3014399E+01    0.2164116E+01    0.1104378E+01   -0.1965319E-03   -0.7505007E-04   -0.7660151E-04    0.3727937E-04   -0.9002849E-03    0.9957191E-03    0.1997182E-02   -0.3691239E-03   -0.6955590E-02    0.1956794E-02   -0.9616289E-03   -0.4353046E-02   -0.4131759E-03   -0.2348562E-03
   -0.3985139E-05   -0.3611498E-04   -0.3926099E-04   -0.1031816E-02   -0.1684078E-02   -0.2364918E-02   -0.5142604E-03    0.3442466E-04   -0.4528462E-03   -0.3549456E-02   -0.2867320E+01    0.9698041E-01    0.2336678E+01   -0.1099985E+02    0.4279426E+01    0.4592873E+01    0.5712450E+00   -0.2097855E+01    0.3191718E+00    0.2164116E+01    0.1741272E+02    0.2638383E+02   -0.1353633E-03   -0.2058732E-03    0.1231938E-03   -0.2851771E-03    0.1992837E-02   -0.2498203E-02    0.7456911E-02    0.4386793E-02   -0.1693004E-01    0.2975104E-02   -0.7166554E-02   -0.6424428E-02   -0.6682508E-05    0.2350962E-02
    0.2031239E-04   -0.1206203E-03   -0.2549031E-04   -0.8067768E-03    0.1908380E-02   -0.2394659E-04    0.8339533E-03    0.7398410E-03   -0.1252067E-03   -0.1057446E-01   -0.2458351E+02    0.8706516E-01    0.2037828E+01   -0.1638474E+02    0.4461916E+01    0.6039512E+01    0.2255229E+02   -0.1809770E+01    0.5580211E+00    0.1104378E+01    0.2638383E+02    0.5966215E+02    0.1074360E-02   -0.3859605E-03   -0.9054323E-03   -0.4123428E-03    0.5136435E-02    0.9825802E-04    0.1241119E-01    0.5332973E-02   -0.1822745E-01    0.4842803E-02   -0.1286698E-01   -0.1456239E-01    0.8066557E-04    0.4003594E-02
    0.7433396E-07   -0.9336336E-06    0.4806036E-08    0.8190746E-05    0.3528542E-04    0.1688811E-04    0.4237053E-05    0.1765855E-05   -0.1489460E-05   -0.1553163E-05   -0.1566758E-02    0.3473162E-04    0.2345863E-04   -0.1413505E-02   -0.7549626E-03    0.2601948E-03    0.2570300E-02   -0.3075884E-03   -0.2748284E-03   -0.1965319E-03   -0.1353633E-03    0.1074360E-02    0.1217928E-03    0.1064917E-04    0.1272419E-06    0.2911965E-05   -0.3063718E-05    0.5906229E-05   -0.3350158E-04   -0.1272448E-04   -0.3507270E-04    0.2577284E-05   -0.1657981E-04   -0.4095589E-04   -0.5914143E-07   -0.1409123E-07
    0.2400240E-07   -0.3060992E-06    0.1328013E-07    0.2848055E-05    0.6570784E-05    0.5328582E-05    0.1508887E-05    0.3496523E-06    0.1527128E-06   -0.5240346E-06   -0.9990775E-04    0.8930886E-05    0.2901011E-04   -0.7943008E-03   -0.3322777E-03    0.4922261E-04    0.3616740E-03   -0.1485943E-03   -0.2304798E-03   -0.7505007E-04   -0.2058732E-03   -0.3859605E-03    0.1064917E-04    0.1428104E-04   -0.2688063E-06    0.6698991E-05   -0.4228350E-06    0.1168667E-05   -0.8244788E-05   -0.3201920E-05   -0.1018650E-04   -0.1564616E-05   -0.1692103E-05    0.6352915E-05   -0.6568703E-07   -0.1890661E-07
   -0.1355491E-07    0.3480617E-07    0.6568124E-08   -0.1083501E-05    0.5626755E-06   -0.2009113E-05    0.2792481E-07    0.9042139E-07    0.2173963E-06   -0.6029209E-05    0.3048661E-03   -0.1548654E-04    0.4804423E-03   -0.2304639E-02   -0.9386461E-03    0.1459814E-03   -0.2177167E-03   -0.1130965E-04   -0.4291407E-03   -0.7660151E-04    0.1231938E-03   -0.9054323E-03    0.1272419E-06   -0.2688063E-06    0.2223474E-03   -0.1726673E-05   -0.2497193E-05   -0.1130628E-04    0.2412995E-05   -0.2870181E-05   -0.1585136E-04    0.1527596E-05    0.3195674E-05    0.2216230E-04    0.1128379E-06   -0.1562513E-06
    0.1305265E-07   -0.2319941E-06    0.2179340E-07    0.1575419E-05    0.7176938E-05    0.4440466E-05    0.1428983E-05    0.1009314E-05    0.2666643E-06   -0.9622233E-06   -0.4144316E-03    0.4387978E-04    0.6865632E-04   -0.1387789E-02    0.1569908E-03    0.1167245E-02    0.9541228E-03   -0.1710468E-03    0.6190172E-04    0.3727937E-04   -0.2851771E-03   -0.4123428E-03    0.2911965E-05    0.6698991E-05   -0.1726673E-05    0.3038719E-04   -0.2794397E-05    0.1244204E-04   -0.1291562E-04   -0.4699890E-05   -0.1245895E-04    0.2193376E-05   -0.8733870E-05   -0.1633117E-04   -0.2868351E-07   -0.1278408E-06
    0.6366093E-07   -0.2026623E-07   -0.1958565E-07   -0.1565056E-05    0.1185912E-04   -0.3083150E-05   -0.3395715E-06   -0.7571280E-07   -0.8750615E-06    0.1198760E-04   -0.2883487E-02   -0.2631804E-04    0.3210832E-03   -0.3103750E-02   -0.1373676E-02    0.6087979E-03    0.3322784E-02    0.1194382E-03   -0.4523858E-03   -0.9002849E-03    0.1992837E-02    0.5136435E-02   -0.3063718E-05   -0.4228350E-06   -0.2497193E-05   -0.2794397E-05    0.3957618E-03   -0.1482205E-04   -0.2427397E-04   -0.1062740E-04    0.2411791E-04    0.8266267E-05   -0.1614582E-04    0.5222825E-04    0.1160260E-06    0.7183236E-06
    0.8168637E-07    0.1443525E-06    0.3092983E-06    0.5474939E-05    0.7608650E-05    0.1586457E-04    0.6939211E-06    0.1433103E-05   -0.8562593E-05    0.1197026E-03   -0.2615215E-02    0.1858299E-03   -0.2708790E-02    0.2337213E-01    0.5566285E-02    0.1159457E-02    0.2417888E-02    0.4453876E-03    0.3346802E-03    0.9957191E-03   -0.2498203E-02    0.9825802E-04    0.5906229E-05    0.1168667E-05   -0.1130628E-04    0.1244204E-04   -0.1482205E-04    0.3397630E-02    0.3460941E-04    0.1809195E-04   -0.1280071E-03    0.2194817E-05    0.5132802E-04    0.8772980E-04   -0.4041661E-06    0.3028177E-06
   -0.5004603E-06    0.2157740E-05   -0.1054101E-05   -0.3616771E-04   -0.2175955E-03   -0.6879689E-04   -0.1161630E-04   -0.1621260E-05    0.6041414E-05   -0.5499963E-04   -0.7964130E-02   -0.2315160E-03    0.9554783E-03    0.2327956E-01   -0.3767740E-03    0.1258878E-03    0.9720981E-02    0.1820479E-02   -0.2432865E-02    0.1997182E-02    0.7456911E-02    0.1241119E-01   -0.3350158E-04   -0.8244788E-05    0.2412995E-05   -0.1291562E-04   -0.2427397E-04    0.3460941E-04    0.5791543E-02    0.1825288E-02    0.1752675E-02   -0.6359596E-03   -0.1128235E-03   -0.1601942E-04    0.3175979E-05   -0.2091967E-06
   -0.1464822E-06   -0.1640591E-07   -0.3414278E-06   -0.5832787E-05   -0.9747435E-04   -0.1008924E-04   -0.1929375E-05    0.3407689E-06    0.1714024E-05   -0.1232329E-04   -0.1020485E-02    0.1050648E-03    0.7606511E-03   -0.1633860E-01    0.1694151E-02    0.3807290E-02    0.1534542E-03   -0.1506026E-04   -0.2024368E-03   -0.3691239E-03    0.4386793E-02    0.5332973E-02   -0.1272448E-04   -0.3201920E-05   -0.2870181E-05   -0.4699890E-05   -0.1062740E-04    0.1809195E-04    0.1825288E-02    0.1224378E-02    0.6855533E-03    0.2204780E-03   -0.5809286E-05   -0.3076320E-03    0.6467138E-07    0.3458912E-06
    0.6411231E-07   -0.2595009E-05   -0.2911446E-07    0.1238263E-04    0.1422082E-03   -0.1201945E-04    0.4705570E-05   -0.1628980E-04   -0.2116965E-05   -0.8623954E-04    0.4067956E-03   -0.4023653E-03    0.1820480E-02    0.2197391E-01   -0.5114562E-03    0.1063732E-01   -0.1177152E-02   -0.3665732E-02   -0.4083711E-03   -0.6955590E-02   -0.1693004E-01   -0.1822745E-01   -0.3507270E-04   -0.1018650E-04   -0.1585136E-04   -0.1245895E-04    0.2411791E-04   -0.1280071E-03    0.1752675E-02    0.6855533E-03    0.3363763E-01   -0.6658884E-03    0.1532993E-02    0.1174207E-01    0.5668044E-06   -0.4019546E-06
    0.1822368E-07   -0.9374323E-06    0.2518174E-06    0.1126226E-04    0.1808479E-05    0.2465582E-04    0.2834273E-05    0.2048261E-05    0.1684868E-05    0.7396644E-04   -0.2517430E-02    0.6800525E-04   -0.5032688E-04   -0.3911820E-02    0.3301567E-03    0.2002832E-02    0.2989293E-02   -0.3666340E-03   -0.8067406E-03    0.1956794E-02    0.2975104E-02    0.4842803E-02    0.2577284E-05   -0.1564616E-05    0.1527596E-05    0.2193376E-05    0.8266267E-05    0.2194817E-05   -0.6359596E-03    0.2204780E-03   -0.6658884E-03    0.1371305E-02    0.1046686E-03   -0.6079443E-03   -0.7877920E-06    0.1045819E-06
   -0.2680811E-06    0.7894702E-06   -0.6772196E-06   -0.6337061E-05    0.1553842E-03   -0.2001970E-04   -0.5292188E-05   -0.3771323E-05    0.1803057E-05    0.4793300E-04   -0.1445442E-02   -0.2986684E-03   -0.3017699E-04   -0.1930455E-01    0.1944599E-02   -0.3424417E-03    0.8693052E-02    0.1246454E-02    0.8450354E-03   -0.9616289E-03   -0.7166554E-02   -0.1286698E-01   -0.1657981E-04   -0.1692103E-05    0.3195674E-05   -0.8733870E-05   -0.1614582E-04    0.5132802E-04   -0.1128235E-03   -0.5809286E-05    0.1532993E-02    0.1046686E-03    0.5073377E-02    0.4122509E-02   -0.2247935E-06   -0.1050898E-05
   -0.8662196E-06    0.3140732E-05   -0.9286096E-06   -0.1930166E-04    0.4451939E-03   -0.4914148E-04   -0.1586032E-04   -0.1099111E-04   -0.1280601E-04   -0.3148529E-03    0.5356839E-02   -0.9368504E-03    0.3913700E-02    0.4057243E-01    0.3030057E-01    0.3213177E-01    0.2727819E-01   -0.1140352E-01   -0.5640467E-02   -0.4353046E-02   -0.6424428E-02   -0.1456239E-01   -0.4095589E-04    0.6352915E-05    0.2216230E-04   -0.1633117E-04    0.5222825E-04    0.8772980E-04   -0.1601942E-04   -0.3076320E-03    0.1174207E-01   -0.6079443E-03    0.4122509E-02    0.3598935E-01   -0.9591243E-06   -0.1194938E-05
    0.3124322E-08    0.2328484E-07   -0.2481058E-08   -0.3075691E-06    0.7485828E-06   -0.4081922E-06   -0.1823396E-06   -0.2265386E-07    0.4812221E-07   -0.1959784E-06   -0.1273895E-03    0.9301850E-05    0.1995462E-03    0.4206481E-02    0.1662159E-03    0.7623405E-03    0.4858210E-03   -0.1197892E-03    0.4242547E-03   -0.4131759E-03   -0.6682508E-05    0.8066557E-04   -0.5914143E-07   -0.6568703E-07    0.1128379E-06   -0.2868351E-07    0.1160260E-06   -0.4041661E-06    0.3175979E-05    0.6467138E-07    0.5668044E-06   -0.7877920E-06   -0.2247935E-06   -0.9591243E-06    0.5239088E-06    0.3588935E-07
   -0.1059689E-07    0.4195360E-07   -0.1066028E-07   -0.1263871E-05    0.3932096E-06   -0.2503007E-05   -0.6447143E-06   -0.1523544E-07   -0.1803286E-06    0.7107497E-06    0.4600880E-02   -0.2573313E-04   -0.3515926E-03    0.4739387E-02    0.7906799E-04   -0.2796122E-02   -0.7952722E-02    0.1969408E-03   -0.3144412E-04   -0.2348562E-03    0.2350962E-02    0.4003594E-02   -0.1409123E-07   -0.1890661E-07   -0.1562513E-06   -0.1278408E-06    0.7183236E-06    0.3028177E-06   -0.2091967E-06    0.3458912E-06   -0.4019546E-06    0.1045819E-06   -0.1050898E-05   -0.1194938E-05    0.3588935E-07    0.2035173E-05
