# omegabh2 omegach2 theta tau logA ns nrun r calPlanck BBdust BBsync BBalphadust BBbetadust BBalphasync BBbetasync BBdustsynccorr acib217 xi asz143 aps100 aps143 aps143217 aps217 aksz kgal100 kgal143 kgal143217 kgal217 galfTE100 galfTE100143 galfTE100217 galfTE143 galfTE143217 galfTE217 cal0 cal2
  2.3858314E-08  -1.1473791E-07   1.7889085E-08   3.3785614E-07   5.6563475E-07   2.4916409E-07  -2.6634914E-07   2.6299995E-07   1.2719469E-08  -5.2531385E-07   1.2195543E-06   5.1954695E-07  -1.9074056E-07   9.5548065E-08  -2.7083719E-07  -1.0610751E-07  -3.0060927E-05   7.1980539E-07   1.0392489E-05  -1.6904943E-04  -1.3917946E-04  -5.8463989E-05  -2.4443447E-05  -1.5649835E-05   1.8636496E-06  -4.1090701E-06  -1.0527131E-05  -1.2605084E-05  -8.1408095E-08  -7.2037335E-08  -1.1424405E-07  -2.8844544E-07  -5.4360421E-07  -2.3604733E-06   3.3583143E-09  -1.2244247E-09
 -1.1473791E-07   1.9414052E-06  -1.6112874E-07  -2.7849055E-06  -9.2360861E-07  -4.6566887E-06  -1.0366711E-06  -2.4580207E-06  -1.3833905E-07   7.0249960E-07   1.5014978E-06  -1.0834711E-05   2.6379284E-06   5.1674570E-07   2.5477747E-06  -4.9379501E-06   2.6027250E-04  -3.4220484E-06  -1.4371120E-04   2.1386157E-03   1.5032732E-03   6.5996207E-04   3.9671778E-04   1.4632568E-04  -3.6486444E-05  -1.4271471E-05   3.5075213E-06  -5.0468024E-05   3.6867084E-07   2.7484254E-07   4.8174794E-07   1.6614678E-06   2.1794283E-06   1.5947909E-05   3.0114449E-09   6.4229275E-09
  1.7889085E-08  -1.6112874E-07   9.9068972E-08   3.1246098E-07   3.5235631E-07   5.0989189E-07   6.1722280E-08   1.9616218E-07   2.0465694E-08   6.8986984E-08  -1.5304247E-06   1.2783001E-06  -3.8093775E-07  -5.2895528E-07   5.2261714E-08  -1.0839377E-07  -2.7743360E-06   3.0671609E-07   1.4152479E-05  -1.9667324E-04  -1.3010513E-04  -4.6681612E-05  -4.0707990E-05  -1.2892561E-05   1.4305374E-06  -2.0639339E-07  -4.6145315E-06  -1.6365777E-05   4.4813625E-08  -5.1453109E-09  -3.7010223E-07  -1.5399550E-07  -4.3323506E-07  -2.3688953E-06  -7.9183741E-10  -4.1447847E-10
  3.3785614E-07  -2.7849055E-06   3.1246098E-07   6.9116951E-05   1.3328567E-04   7.6291195E-06  -1.1653505E-05   2.2049485E-06  -4.7019155E-07  -6.9757026E-05  -3.8508027E-05  -1.4450322E-05   1.0818555E-05  -9.4429004E-06  -5.0868587E-06  -3.0822239E-05  -5.9018787E-04   8.5076234E-06   4.6678950E-05  -4.6654450E-03  -1.7182096E-03  -7.2780830E-04   1.4279160E-04  -3.5987753E-04   8.5231475E-05  -1.5270208E-04  -3.7894773E-04  -5.2581701E-04  -1.3983145E-06   8.3180114E-07  -1.1117589E-06  -3.1639672E-06  -9.0495513E-06  -3.8915025E-05   1.1364342E-08  -6.4958145E-08
  5.6563475E-07  -9.2360861E-07   3.5235631E-07   1.3328567E-04   2.9839607E-04   1.2425373E-06  -3.5826422E-05  -1.6945176E-09   1.1140663E-05  -1.4184720E-04  -4.8182484E-05  -8.9386726E-05   3.6668536E-05  -1.2206853E-05   7.6617641E-06  -8.7323981E-05   4.5986355E-04   2.7468918E-05  -6.2970316E-04   3.9709033E-03   4.4464048E-03   3.0689882E-03   6.3970360E-03  -5.4388857E-04  -9.9974841E-05  -8.3326189E-04  -1.0847218E-03   1.1384065E-04  -1.1243096E-06   7.6033516E-07  -3.8570631E-06  -6.2037289E-06  -1.3462701E-05  -2.5970702E-05   1.8501898E-07  -1.1908393E-07
  2.4916409E-07  -4.6566887E-06   5.0989189E-07   7.6291195E-06   1.2425373E-06   2.1564079E-05   9.9527177E-06   7.0204388E-06   4.4948694E-07  -1.2113589E-05  -1.6375900E-05   2.9109179E-05  -6.0633398E-06  -4.3193622E-06  -3.8330187E-06   7.0840113E-06  -5.5498792E-03   1.0913185E-04   1.5028916E-03  -3.1001132E-02  -1.0602512E-02   6.9052956E-04   4.9027118E-03  -3.0517533E-03   2.5705691E-04  -3.6399815E-04  -3.2401572E-04   1.6009150E-03  -1.3418269E-06   4.0808161E-07  -8.1038207E-07  -2.4497688E-06  -2.4963703E-06  -2.9096604E-05  -1.0585104E-07  -1.0203430E-07
 -2.6634914E-07  -1.0366711E-06   6.1722280E-08  -1.1653505E-05  -3.5826422E-05   9.9527177E-06   4.8313149E-05  -2.1577084E-05   3.5155329E-07   1.5948470E-05   2.9267334E-05   1.5791360E-05  -2.2621556E-05  -2.0930388E-05   5.3646295E-06   5.8381916E-05  -7.0169785E-03   1.2917934E-04   1.9857202E-03  -3.3248036E-02  -1.5472228E-02  -1.4918033E-03   4.0257189E-03  -3.5463910E-03  -4.4503567E-04  -5.2667840E-04  -4.3172497E-04   1.8605328E-03   8.0979049E-07  -2.9093509E-07   5.7217637E-06   3.7592448E-06   1.2619861E-05   3.0676767E-05  -1.1024792E-07  -1.4058867E-07
  2.6299995E-07  -2.4580207E-06   1.9616218E-07   2.2049485E-06  -1.6945176E-09   7.0204388E-06  -2.1577084E-05   3.8265002E-04  -5.4227612E-07  -4.9984925E-04  -1.0229746E-03  -5.0334292E-05   3.0843805E-04   3.4417754E-05  -1.1556298E-04  -9.2869209E-04   1.8560718E-03  -2.3287363E-05  -2.3808576E-04   7.4793144E-03   3.7475148E-03   1.0483080E-03  -1.4157580E-03   6.5564293E-04   2.1884287E-04   5.2474232E-04   8.6656376E-04   3.6441945E-04   6.4452013E-06  -7.1700598E-07   6.7884493E-06  -5.5750369E-06  -2.3393732E-07  -6.8628490E-07  -1.4391028E-08   1.2381047E-10
  1.2719469E-08  -1.3833905E-07   2.0465694E-08  -4.7019155E-07   1.1140663E-05   4.4948694E-07   3.5155329E-07  -5.4227612E-07   6.1782166E-06  -1.1482816E-06   3.2322395E-06  -1.4430968E-05   2.3740286E-06  -3.7485809E-07   6.4611163E-06  -1.9370745E-06   5.0266727E-04   4.2864876E-06   2.0753597E-05   2.6598087E-03   4.1474603E-04   4.4330846E-04   1.4255703E-03  -5.4085102E-05   2.3355258E-05  -9.4448980E-06   5.7038451E-05   9.3412704E-04   7.4646125E-07  -4.1297086E-07  -5.0405665E-07  -1.1664422E-06   1.5236710E-06   1.4194721E-05  -8.6450151E-09  -1.1966031E-08
 -5.2531385E-07   7.0249960E-07   6.8986984E-08  -6.9757026E-05  -1.4184720E-04  -1.2113589E-05   1.5948470E-05  -4.9984925E-04  -1.1482816E-06   1.0610898E+00   3.0703325E-02  -1.1797952E-01   4.3941402E-02   1.1774000E-04   2.3780462E-03  -9.8298428E-03  -1.8824461E-02   5.2116648E-04  -1.1256901E-02   1.4729159E-01   4.0963578E-02   2.2808433E-03  -4.5104217E-04   1.1556377E-02   9.3644709E-03  -5.2102554E-03   4.1728669E-03   3.0695883E-02  -7.7045831E-05   1.2582850E-04  -2.7711956E-04   1.0733254E-04   1.7984067E-04  -1.0356401E-03  -4.0821937E-06   2.9175801E-06
  1.2195543E-06   1.5014978E-06  -1.5304247E-06  -3.8508027E-05  -4.8182484E-05  -1.6375900E-05   2.9267334E-05  -1.0229746E-03   3.2322395E-06   3.0703325E-02   1.1237806E+00  -2.6950722E-03  -2.2067099E-03   1.7546272E-02  -4.0578585E-02   4.4046239E-02  -7.8898370E-02   4.4024433E-03  -1.4668288E-03  -1.9108226E-01   5.8945198E-02   1.2126782E-01   1.2699120E-01  -2.6538731E-03   1.8408887E-02  -3.4753123E-03   1.5216195E-03   2.4675246E-02  -3.5275020E-05  -2.9429757E-04  -1.1995172E-04   1.3939396E-04   4.2453981E-04  -1.1410005E-03   5.6090444E-06  -4.9312004E-07
  5.1954695E-07  -1.0834711E-05   1.2783001E-06  -1.4450322E-05  -8.9386726E-05   2.9109179E-05   1.5791360E-05  -5.0334292E-05  -1.4430968E-05  -1.1797952E-01  -2.6950722E-03   5.9292104E-02  -5.0794292E-04   4.6992874E-04   3.3511878E-04  -4.1327747E-04   5.9453856E-03  -4.7697757E-04   1.8008579E-03  -5.4166114E-02  -1.9068091E-02  -1.7439964E-02  -1.8396798E-02  -2.9407773E-03  -1.1458954E-03   1.6798986E-03  -3.6747978E-03  -1.2188644E-02   1.4851931E-05  -3.9718245E-05  -1.8261464E-05  -6.7410559E-05  -6.9289881E-05   4.7506173E-04  -2.5204169E-07  -1.3983146E-07
 -1.9074056E-07   2.6379284E-06  -3.8093775E-07   1.0818555E-05   3.6668536E-05  -6.0633398E-06  -2.2621556E-05   3.0843805E-04   2.3740286E-06   4.3941402E-02  -2.2067099E-03  -5.0794292E-04   9.2019131E-03  -2.5368647E-04  -1.6543944E-03   7.7594637E-04   1.6604479E-03  -1.2076464E-04  -1.1808841E-03   2.1769444E-02   1.2129467E-02   4.8419579E-03   4.5758280E-03   1.6582938E-04  -4.9871329E-04  -1.7430799E-04  -3.4578472E-04   4.2796247E-04  -2.8512138E-06  -1.4705210E-05   1.0366907E-05  -2.4737583E-05  -1.4150632E-05  -5.0967257E-05  -4.3238890E-07   1.3434186E-07
  9.5548065E-08   5.1674570E-07  -5.2895528E-07  -9.4429004E-06  -1.2206853E-05  -4.3193622E-06  -2.0930388E-05   3.4417754E-05  -3.7485809E-07   1.1774000E-04   1.7546272E-02   4.6992874E-04  -2.5368647E-04   8.1882426E-02   6.9098062E-05   3.0324911E-04  -5.7972755E-04  -3.8901289E-04  -1.0884180E-03   1.1578407E-02  -2.4198016E-03  -5.2178190E-03   6.1086973E-03   8.1809955E-04  -8.7278222E-04   5.5322500E-04  -3.7107236E-03  -5.1341125E-03   4.7382767E-05   4.4866457E-06   1.0035765E-04   2.9735653E-05   1.0741288E-04   1.5744374E-04  -4.3931435E-07   1.8054048E-09
 -2.7083719E-07   2.5477747E-06   5.2261714E-08  -5.0868587E-06   7.6617641E-06  -3.8330187E-06   5.3646295E-06  -1.1556298E-04   6.4611163E-06   2.3780462E-03  -4.0578585E-02   3.3511878E-04  -1.6543944E-03   6.9098062E-05   7.5200602E-02  -5.1341960E-03   5.3789480E-03  -2.7839392E-04   2.0402235E-03   3.7041416E-02   3.9011361E-03   5.7178641E-03   2.1661587E-03  -3.1673927E-03  -4.7570009E-03   8.3039902E-04   4.3940874E-04  -1.4949967E-03  -1.7251229E-05  -1.1013188E-05   4.2327658E-05  -6.1136634E-05  -8.7047708E-05  -1.1251319E-04   7.2140186E-08   4.9995787E-07
 -1.0610751E-07  -4.9379501E-06  -1.0839377E-07  -3.0822239E-05  -8.7323981E-05   7.0840113E-06   5.8381916E-05  -9.2869209E-04  -1.9370745E-06  -9.8298428E-03   4.4046239E-02  -4.1327747E-04   7.7594637E-04   3.0324911E-04  -5.1341960E-03   8.0461925E-02   1.3544606E-03   1.4418909E-04   4.1595956E-03  -1.4567859E-02  -1.6635414E-02   3.9740214E-03  -1.0134701E-02  -1.5892739E-03   8.4872771E-04  -6.9717606E-04  -2.4508049E-04  -1.6732890E-03  -5.6821429E-05  -5.1302856E-06   1.2862355E-05   5.0648522E-05  -7.0895975E-05  -5.1588295E-04   1.8397123E-06  -1.4147961E-07
 -3.0060927E-05   2.6027250E-04  -2.7743360E-06  -5.9018787E-04   4.5986355E-04  -5.5498792E-03  -7.0169785E-03   1.8560718E-03   5.0266727E-04  -1.8824461E-02  -7.8898370E-02   5.9453856E-03   1.6604479E-03  -5.7972755E-04   5.3789480E-03   1.3544606E-03   4.5309906E+01  -4.0252097E-01  -1.0036083E+00   3.9214894E+01   3.8046269E+00  -1.2604877E+01  -5.4988139E+01   1.7267045E-01   2.9186345E-01   5.9214902E-01  -5.7590031E+00  -3.3490083E+01   1.2558609E-03   6.9830942E-04   1.9661323E-03  -1.9340551E-03  -3.9942440E-03  -5.8768384E-03  -1.6724705E-04   7.4418873E-04
  7.1980539E-07  -3.4220484E-06   3.0671609E-07   8.5076234E-06   2.7468918E-05   1.0913185E-04   1.2917934E-04  -2.3287363E-05   4.2864876E-06   5.2116648E-04   4.4024433E-03  -4.7697757E-04  -1.2076464E-04  -3.8901289E-04  -2.7839392E-04   1.4418909E-04  -4.0252097E-01   8.1441296E-02  -4.2316043E-02  -5.9575629E-01   8.5193925E-01   1.6201815E+00   6.1291848E-01   4.5476849E-02  -8.7095831E-03   9.3253508E-03   1.0433324E-01   1.5006377E-01  -4.9763286E-05   9.6487556E-06  -1.5679539E-04   3.6236233E-05   1.6703049E-04  -1.3704697E-04   2.9196778E-06  -8.6808137E-07
  1.0392489E-05  -1.4371120E-04   1.4152479E-05   4.6678950E-05  -6.2970316E-04   1.5028916E-03   1.9857202E-03  -2.3808576E-04   2.0753597E-05  -1.1256901E-02  -1.4668288E-03   1.8008579E-03  -1.1808841E-03  -1.0884180E-03   2.0402235E-03   4.1595956E-03  -1.0036083E+00  -4.2316043E-02   4.0268899E+00  -3.1809402E+01  -3.6462445E+00   7.9814178E+00   5.6975473E+00  -3.1052415E+00  -2.2735751E-01   1.5942421E-01   2.7089991E+00   3.3695722E+00   3.9897667E-04   1.2436018E-04   1.2107755E-03   3.6066171E-04  -1.9819019E-04   1.0578982E-03   1.0606661E-04  -5.2639339E-05
 -1.6904943E-04   2.1386157E-03  -1.9667324E-04  -4.6654450E-03   3.9709033E-03  -3.1001132E-02  -3.3248036E-02   7.4793144E-03   2.6598087E-03   1.4729159E-01  -1.9108226E-01  -5.4166114E-02   2.1769444E-02   1.1578407E-02   3.7041416E-02  -1.4567859E-02   3.9214894E+01  -5.9575629E-01  -3.1809402E+01   7.9946978E+02   7.7857691E+01  -5.4677438E+01  -6.2912158E+01   1.7301617E+01  -5.9742587E+00   5.6064651E+00  -1.2463639E+01  -2.5631352E+01   4.2089559E-03  -5.2210782E-03  -3.0733357E-03  -7.2335602E-04  -1.4310922E-02   2.1580065E-02   3.7883635E-03   5.6427732E-04
 -1.3917946E-04   1.5032732E-03  -1.3010513E-04  -1.7182096E-03   4.4464048E-03  -1.0602512E-02  -1.5472228E-02   3.7475148E-03   4.1474603E-04   4.0963578E-02   5.8945198E-02  -1.9068091E-02   1.2129467E-02  -2.4198016E-03   3.9011361E-03  -1.6635414E-02   3.8046269E+00   8.5193925E-01  -3.6462445E+00   7.7857691E+01   6.5813271E+01   4.0428877E+01   1.4453665E+01  -4.1838495E+00  -2.7325142E-01  -1.1147664E+00   3.7560053E+00   4.0487888E+00   2.1215143E-04   5.5285313E-04  -3.0761211E-03   3.3672768E-03   1.0841411E-04   2.0376231E-02   1.0727067E-04   1.5693179E-04
 -5.8463989E-05   6.5996207E-04  -4.6681612E-05  -7.2780830E-04   3.0689882E-03   6.9052956E-04  -1.4918033E-03   1.0483080E-03   4.4330846E-04   2.2808433E-03   1.2126782E-01  -1.7439964E-02   4.8419579E-03  -5.2178190E-03   5.7178641E-03   3.9740214E-03  -1.2604877E+01   1.6201815E+00   7.9814178E+00  -5.4677438E+01   4.0428877E+01   8.5075722E+01   5.3747965E+01  -1.2625787E+01  -9.0652102E-01  -5.4050843E-01   5.3187236E+00   8.7259104E+00  -2.1064191E-04   5.5437959E-04   1.8897285E-03   5.5296302E-03   4.4014916E-03   1.1414393E-02   4.0966398E-04  -3.6960828E-04
 -2.4443447E-05   3.9671778E-04  -4.0707990E-05   1.4279160E-04   6.3970360E-03   4.9027118E-03   4.0257189E-03  -1.4157580E-03   1.4255703E-03  -4.5104217E-04   1.2699120E-01  -1.8396798E-02   4.5758280E-03   6.1086973E-03   2.1661587E-03  -1.0134701E-02  -5.4988139E+01   6.1291848E-01   5.6975473E+00  -6.2912158E+01   1.4453665E+01   5.3747965E+01   1.0428376E+02  -1.0178916E+01  -7.7916452E-01  -1.1954291E+00   5.7051465E+00   3.3538633E+01  -4.0397993E-04  -8.1156589E-04  -6.3786561E-04   6.1430277E-03   9.1192539E-03   2.1419369E-02   4.4044258E-04  -1.3819587E-03
 -1.5649835E-05   1.4632568E-04  -1.2892561E-05  -3.5987753E-04  -5.4388857E-04  -3.0517533E-03  -3.5463910E-03   6.5564293E-04  -5.4085102E-05   1.1556377E-02  -2.6538731E-03  -2.9407773E-03   1.6582938E-04   8.1809955E-04  -3.1673927E-03  -1.5892739E-03   1.7267045E-01   4.5476849E-02  -3.1052415E+00   1.7301617E+01  -4.1838495E+00  -1.2625787E+01  -1.0178916E+01   6.6514239E+00   1.7823970E-01  -1.6974712E-01  -2.2180204E+00  -2.5281757E+00  -5.6362052E-05   8.8192408E-05  -2.4037815E-03  -8.1978249E-04  -2.2104857E-04  -6.0036759E-03  -7.2760277E-05   2.9207350E-05
  1.8636496E-06  -3.6486444E-05   1.4305374E-06   8.5231475E-05  -9.9974841E-05   2.5705691E-04  -4.4503567E-04   2.1884287E-04   2.3355258E-05   9.3644709E-03   1.8408887E-02  -1.1458954E-03  -4.9871329E-04  -8.7278222E-04  -4.7570009E-03   8.4872771E-04   2.9186345E-01  -8.7095831E-03  -2.2735751E-01  -5.9742587E+00  -2.7325142E-01  -9.0652102E-01  -7.7916452E-01   1.7823970E-01   3.3237282E+00   5.7630386E-01   1.8761477E-01   7.8349789E-02  -8.7965105E-04   2.1634606E-04  -6.9709326E-04  -7.4928413E-04  -1.5735891E-03  -3.5939242E-03   1.7380029E-04  -1.5299697E-06
 -4.1090701E-06  -1.4271471E-05  -2.0639339E-07  -1.5270208E-04  -8.3326189E-04  -3.6399815E-04  -5.2667840E-04   5.2474232E-04  -9.4448980E-06  -5.2102554E-03  -3.4753123E-03   1.6798986E-03  -1.7430799E-04   5.5322500E-04   8.3039902E-04  -6.9717606E-04   5.9214902E-01   9.3253508E-03   1.5942421E-01   5.6064651E+00  -1.1147664E+00  -5.4050843E-01  -1.1954291E+00  -1.6974712E-01   5.7630386E-01   3.1481302E+00   2.7048408E+00   2.6837015E+00   2.1211903E-04  -2.3304022E-04   9.0158625E-04  -4.9158959E-04  -7.0580593E-04   2.0790215E-03  -1.7643113E-04  -4.0117263E-05
 -1.0527131E-05   3.5075213E-06  -4.6145315E-06  -3.7894773E-04  -1.0847218E-03  -3.2401572E-04  -4.3172497E-04   8.6656376E-04   5.7038451E-05   4.1728669E-03   1.5216195E-03  -3.6747978E-03  -3.4578472E-04  -3.7107236E-03   4.3940874E-04  -2.4508049E-04  -5.7590031E+00   1.0433324E-01   2.7089991E+00  -1.2463639E+01   3.7560053E+00   5.3187236E+00   5.7051465E+00  -2.2180204E+00   1.8761477E-01   2.7048408E+00   1.0814102E+01   1.9245340E+01   4.5072280E-04  -5.1588313E-04  -4.5723460E-04  -2.3045170E-04  -1.4159309E-03   1.1193835E-02  -2.4354157E-05   3.9020685E-04
 -1.2605084E-05  -5.0468024E-05  -1.6365777E-05  -5.2581701E-04   1.1384065E-04   1.6009150E-03   1.8605328E-03   3.6441945E-04   9.3412704E-04   3.0695883E-02   2.4675246E-02  -1.2188644E-02   4.2796247E-04  -5.1341125E-03  -1.4949967E-03  -1.6732890E-03  -3.3490083E+01   1.5006377E-01   3.3695722E+00  -2.5631352E+01   4.0487888E+00   8.7259104E+00   3.3538633E+01  -2.5281757E+00   7.8349789E-02   2.6837015E+00   1.9245340E+01   5.3589051E+01  -4.5089643E-04  -1.6004496E-03  -9.5380842E-04   8.0835638E-04  -2.1325234E-03   2.3465643E-02   4.4330128E-05   8.8742994E-04
 -8.1408095E-08   3.6867084E-07   4.4813625E-08  -1.3983145E-06  -1.1243096E-06  -1.3418269E-06   8.0979049E-07   6.4452013E-06   7.4646125E-07  -7.7045831E-05  -3.5275020E-05   1.4851931E-05  -2.8512138E-06   4.7382767E-05  -1.7251229E-05  -5.6821429E-05   1.2558609E-03  -4.9763286E-05   3.9897667E-04   4.2089559E-03   2.1215143E-04  -2.1064191E-04  -4.0397993E-04  -5.6362052E-05  -8.7965105E-04   2.1211903E-04   4.5072280E-04  -4.5089643E-04   1.4620165E-03   2.7949634E-04   8.2514219E-05  -3.6152590E-04  -8.6542556E-05  -1.2305086E-04   3.2346291E-08  -1.0300400E-07
 -7.2037335E-08   2.7484254E-07  -5.1453109E-09   8.3180114E-07   7.6033516E-07   4.0808161E-07  -2.9093509E-07  -7.1700598E-07  -4.1297086E-07   1.2582850E-04  -2.9429757E-04  -3.9718245E-05  -1.4705210E-05   4.4866457E-06  -1.1013188E-05  -5.1302856E-06   6.9830942E-04   9.6487556E-06   1.2436018E-04  -5.2210782E-03   5.5285313E-04   5.5437959E-04  -8.1156589E-04   8.8192408E-05   2.1634606E-04  -2.3304022E-04  -5.1588313E-04  -1.6004496E-03   2.7949634E-04   8.7280899E-04   2.4390706E-05   7.3786358E-04   5.4231893E-05  -7.5343130E-04  -1.9687745E-07  -1.1185310E-07
 -1.1424405E-07   4.8174794E-07  -3.7010223E-07  -1.1117589E-06  -3.8570631E-06  -8.1038207E-07   5.7217637E-06   6.7884493E-06  -5.0405665E-07  -2.7711956E-04  -1.1995172E-04  -1.8261464E-05   1.0366907E-05   1.0035765E-04   4.2327658E-05   1.2862355E-05   1.9661323E-03  -1.5679539E-04   1.2107755E-03  -3.0733357E-03  -3.0761211E-03   1.8897285E-03  -6.3786561E-04  -2.4037815E-03  -6.9709326E-04   9.0158625E-04  -4.5723460E-04  -9.5380842E-04   8.2514219E-05   2.4390706E-05   7.1813478E-03  -3.1176973E-04   6.6158836E-04   4.4804005E-03  -5.0474334E-07  -1.6790996E-07
 -2.8844544E-07   1.6614678E-06  -1.5399550E-07  -3.1639672E-06  -6.2037289E-06  -2.4497688E-06   3.7592448E-06  -5.5750369E-06  -1.1664422E-06   1.0733254E-04   1.3939396E-04  -6.7410559E-05  -2.4737583E-05   2.9735653E-05  -6.1136634E-05   5.0648522E-05  -1.9340551E-03   3.6236233E-05   3.6066171E-04  -7.2335602E-04   3.3672768E-03   5.5296302E-03   6.1430277E-03  -8.1978249E-04  -7.4928413E-04  -4.9158959E-04  -2.3045170E-04   8.0835638E-04  -3.6152590E-04   7.3786358E-04  -3.1176973E-04   2.9012398E-03   5.1773700E-04  -9.0412156E-04  -1.7048232E-07   1.1989181E-07
 -5.4360421E-07   2.1794283E-06  -4.3323506E-07  -9.0495513E-06  -1.3462701E-05  -2.4963703E-06   1.2619861E-05  -2.3393732E-07   1.5236710E-06   1.7984067E-04   4.2453981E-04  -6.9289881E-05  -1.4150632E-05   1.0741288E-04  -8.7047708E-05  -7.0895975E-05  -3.9942440E-03   1.6703049E-04  -1.9819019E-04  -1.4310922E-02   1.0841411E-04   4.4014916E-03   9.1192539E-03  -2.2104857E-04  -1.5735891E-03  -7.0580593E-04  -1.4159309E-03  -2.1325234E-03  -8.6542556E-05   5.4231893E-05   6.6158836E-04   5.1773700E-04   6.4277170E-03   7.9437359E-03  -4.0987036E-07  -2.6862497E-07
 -2.3604733E-06   1.5947909E-05  -2.3688953E-06  -3.8915025E-05  -2.5970702E-05  -2.9096604E-05   3.0676767E-05  -6.8628490E-07   1.4194721E-05  -1.0356401E-03  -1.1410005E-03   4.7506173E-04  -5.0967257E-05   1.5744374E-04  -1.1251319E-04  -5.1588295E-04  -5.8768384E-03  -1.3704697E-04   1.0578982E-03   2.1580065E-02   2.0376231E-02   1.1414393E-02   2.1419369E-02  -6.0036759E-03  -3.5939242E-03   2.0790215E-03   1.1193835E-02   2.3465643E-02  -1.2305086E-04  -7.5343130E-04   4.4804005E-03  -9.0412156E-04   7.9437359E-03   7.1983284E-02  -5.4456978E-08  -1.4281020E-06
  3.3583143E-09   3.0114449E-09  -7.9183741E-10   1.1364342E-08   1.8501898E-07  -1.0585104E-07  -1.1024792E-07  -1.4391028E-08  -8.6450151E-09  -4.0821937E-06   5.6090444E-06  -2.5204169E-07  -4.3238890E-07  -4.3931435E-07   7.2140186E-08   1.8397123E-06  -1.6724705E-04   2.9196778E-06   1.0606661E-04   3.7883635E-03   1.0727067E-04   4.0966398E-04   4.4044258E-04  -7.2760277E-05   1.7380029E-04  -1.7643113E-04  -2.4354157E-05   4.4330128E-05   3.2346291E-08  -1.9687745E-07  -5.0474334E-07  -1.7048232E-07  -4.0987036E-07  -5.4456978E-08   3.7408487E-07  -8.9680032E-10
 -1.2244247E-09   6.4229275E-09  -4.1447847E-10  -6.4958145E-08  -1.1908393E-07  -1.0203430E-07  -1.4058867E-07   1.2381047E-10  -1.1966031E-08   2.9175801E-06  -4.9312004E-07  -1.3983146E-07   1.3434186E-07   1.8054048E-09   4.9995787E-07  -1.4147961E-07   7.4418873E-04  -8.6808137E-07  -5.2639339E-05   5.6427732E-04   1.5693179E-04  -3.6960828E-04  -1.3819587E-03   2.9207350E-05  -1.5299697E-06  -4.0117263E-05   3.9020685E-04   8.8742994E-04  -1.0300400E-07  -1.1185310E-07  -1.6790996E-07   1.1989181E-07  -2.6862497E-07  -1.4281020E-06  -8.9680032E-10   3.8699087E-07
