# omegabh2 omegach2 theta tau logA ns calPlanck galfTE100 galfTE100143 galfTE100217 galfTE143 galfTE143217 galfTE217 cal0
    0.6433658E-07   -0.2762694E-06    0.4607501E-07    0.1663550E-05    0.3296051E-05    0.1861338E-05   -0.4043892E-08   -0.8076918E-06   -0.3540209E-06   -0.2328069E-06   -0.1612146E-06   -0.4433122E-06   -0.2310255E-05    0.3109416E-09
   -0.2762694E-06    0.4638989E-05   -0.4105529E-06   -0.3299281E-04   -0.5696162E-04   -0.1570324E-04    0.2095447E-07    0.6843071E-05    0.2795177E-05   -0.5724412E-05    0.1632531E-05    0.3243677E-05    0.1664615E-04   -0.2553130E-07
    0.4607501E-07   -0.4105529E-06    0.2593218E-06    0.4554333E-05    0.8797467E-05    0.1823493E-05    0.2523093E-07   -0.1251022E-05   -0.4363706E-06   -0.7482005E-06   -0.2965096E-07   -0.6040474E-06   -0.2307087E-05    0.7106808E-09
    0.1663550E-05   -0.3299281E-04    0.4554333E-05    0.4409491E-03    0.7768422E-03    0.1056714E-03   -0.5801638E-05   -0.5613405E-04   -0.2282358E-04    0.6044242E-04   -0.1558545E-04   -0.3303020E-04   -0.1468031E-03   -0.3794083E-07
    0.3296051E-05   -0.5696162E-04    0.8797467E-05    0.7768422E-03    0.1421109E-02    0.2018260E-03    0.6177178E-06   -0.1072803E-03   -0.4279906E-04    0.9405453E-04   -0.2317928E-04   -0.5382429E-04   -0.2211619E-03    0.3128346E-07
    0.1861338E-05   -0.1570324E-04    0.1823493E-05    0.1056714E-03    0.2018260E-03    0.1416194E-03   -0.5120416E-07   -0.5399590E-04   -0.2081752E-04    0.1594159E-04   -0.4597093E-05    0.1278778E-05   -0.1069900E-04   -0.4205886E-07
   -0.4043892E-08    0.2095447E-07    0.2523093E-07   -0.5801638E-05    0.6177178E-06   -0.5120416E-07    0.6190859E-05   -0.1213097E-05   -0.2100139E-06   -0.1909283E-06    0.9096052E-07   -0.1112707E-05    0.2341701E-05    0.1155538E-07
   -0.8076918E-06    0.6843071E-05   -0.1251022E-05   -0.5613405E-04   -0.1072803E-03   -0.5399590E-04   -0.1213097E-05    0.5959180E-02    0.1861700E-02    0.1715236E-02   -0.6860614E-03   -0.8394880E-04    0.1002759E-03   -0.6619728E-06
   -0.3540209E-06    0.2795177E-05   -0.4363706E-06   -0.2282358E-04   -0.4279906E-04   -0.2081752E-04   -0.2100139E-06    0.1861700E-02    0.1244439E-02    0.8154714E-03    0.2072101E-03    0.1235784E-04   -0.9820384E-04   -0.1940968E-06
   -0.2328069E-06   -0.5724412E-05   -0.7482005E-06    0.6044242E-04    0.9405453E-04    0.1594159E-04   -0.1909283E-06    0.1715236E-02    0.8154714E-03    0.3390094E-01   -0.6037002E-03    0.1603167E-02    0.1099547E-01    0.1614682E-06
   -0.1612146E-06    0.1632531E-05   -0.2965096E-07   -0.1558545E-04   -0.2317928E-04   -0.4597093E-05    0.9096052E-07   -0.6860614E-03    0.2072101E-03   -0.6037002E-03    0.1383568E-02    0.1753922E-03   -0.3813772E-03    0.4137745E-06
   -0.4433122E-06    0.3243677E-05   -0.6040474E-06   -0.3303020E-04   -0.5382429E-04    0.1278778E-05   -0.1112707E-05   -0.8394880E-04    0.1235784E-04    0.1603167E-02    0.1753922E-03    0.5115037E-02    0.4205972E-02    0.2407541E-06
   -0.2310255E-05    0.1664615E-04   -0.2307087E-05   -0.1468031E-03   -0.2211619E-03   -0.1069900E-04    0.2341701E-05    0.1002759E-03   -0.9820384E-04    0.1099547E-01   -0.3813772E-03    0.4205972E-02    0.3683456E-01   -0.3289803E-06
    0.3109416E-09   -0.2553130E-07    0.7106808E-09   -0.3794083E-07    0.3128346E-07   -0.4205886E-07    0.1155538E-07   -0.6619728E-06   -0.1940968E-06    0.1614682E-06    0.4137745E-06    0.2407541E-06   -0.3289803E-06    0.9974418E-06
