# omegabh2 omegach2 theta tau omegak logA ns calPlanck acib217 xi asz143 aps100 aps143 aps143217 aps217 aksz kgal100 kgal143 kgal143217 kgal217 galfTE100 galfTE100143 galfTE100217 galfTE143 galfTE143217 galfTE217 cal0 cal2
  2.9295041E-08  -1.7429838E-07   2.5839310E-08   1.3024812E-07  -1.3001421E-06  -6.9043360E-08   4.8308264E-07  -8.8456159E-09  -1.3662067E-04   3.1919510E-06   2.4174901E-05  -6.3170133E-04  -3.8538494E-04  -1.4700905E-04  -2.5463447E-05  -4.2979900E-05  -3.0244905E-06  -1.2085520E-05  -2.5242756E-05   1.9193444E-06  -6.0802676E-08  -7.5109529E-08  -2.1516369E-07  -4.4826964E-07  -3.7001795E-07  -3.0449977E-06   2.8811508E-09  -2.8476222E-09
 -1.7429838E-07   2.2407913E-06  -2.2978994E-07  -1.3425217E-06   1.0742491E-05   2.6443245E-06  -5.6614240E-06   7.9337849E-08   6.7797693E-04  -2.1625759E-05  -1.3739177E-04   3.4999693E-03   2.1656470E-03   8.9633769E-04   4.7890762E-04   1.9646488E-04  -2.0132539E-05   3.2853757E-05   8.6054553E-05  -5.2759135E-05   6.5458164E-07   7.8337100E-07   2.4539895E-06   3.6598799E-06   3.2657770E-06   2.0378018E-05  -8.2829868E-09   2.3148731E-08
  2.5839310E-08  -2.2978994E-07   1.0639617E-07   1.3878014E-07  -1.5587014E-06  -1.9612369E-07   7.2183870E-07  -2.0064895E-08  -1.0246334E-04   3.8825287E-06   1.6106647E-05  -4.6130575E-04  -2.7645285E-04  -1.1804527E-04  -5.8834207E-05  -1.3330792E-05  -3.9615588E-06  -7.2013797E-06  -1.7189208E-05  -5.4954460E-06  -1.1473747E-07  -1.6039426E-07  -4.5309638E-07  -3.9397673E-07  -3.6088215E-07  -2.6966368E-06  -9.3759043E-10  -2.3312434E-09
  1.3024812E-07  -1.3425217E-06   1.3878014E-07   6.7355848E-05   4.1909058E-05   1.3113797E-04   5.5630600E-06   3.4077050E-08  -9.5356337E-04   3.0172598E-05   1.9278147E-04  -6.6453899E-03  -2.3858261E-03  -2.0237652E-04   7.2776126E-04  -4.1756282E-04   1.7048504E-04  -1.8369268E-04  -5.5348845E-04  -6.0779351E-04  -4.6537759E-06  -4.5461664E-06   6.6579337E-06   3.2765868E-06  -7.3278624E-06  -4.5035695E-05   7.8146431E-08  -1.2118265E-08
 -1.3001421E-06   1.0742491E-05  -1.5587014E-06   4.1909058E-05   2.9565200E-04   1.1251827E-04  -3.1498591E-05   4.3664469E-06   1.2051072E-02  -2.4918672E-04  -1.6844300E-03   5.8539902E-02   2.8326159E-02   1.0981802E-02   1.1599186E-03   3.7825698E-03   8.1002316E-04   1.7370470E-03   2.3200010E-03  -3.2047227E-04  -2.3180496E-06   5.1883071E-06   3.5644366E-05   3.5502876E-05   4.4855990E-06   1.3960349E-04  -2.9712391E-08   2.1796177E-07
 -6.9043360E-08   2.6443245E-06  -1.9612369E-07   1.3113797E-04   1.1251827E-04   2.9656825E-04  -4.0012818E-06   1.2887854E-05  -3.5230281E-04   7.9489380E-05  -2.0898003E-04  -1.4713689E-03   1.2148393E-03   3.2855112E-03   7.2728838E-03  -6.8974590E-04   7.9713014E-05  -7.3413909E-04  -1.5432592E-03  -3.9876280E-04  -1.0264310E-05  -1.0437975E-05   1.7958178E-05   1.1118523E-05  -2.5549558E-06  -1.6345317E-05   2.8633822E-07  -1.0375669E-08
  4.8308264E-07  -5.6614240E-06   7.2183870E-07   5.5630600E-06  -3.1498591E-05  -4.0012818E-06   2.3178782E-05  -3.5923228E-07  -5.5585901E-03   1.4616031E-04   9.2172004E-04  -2.8325927E-02  -1.1447200E-02  -1.7502956E-03   2.3723781E-03  -1.9143511E-03   2.7208640E-04  -5.0731471E-04  -8.3947102E-04   6.9685635E-04  -5.3941875E-07  -2.8807640E-06  -5.0757683E-06  -1.1235800E-05  -1.0202148E-05  -5.2459687E-05  -6.1740600E-08  -1.1616915E-07
 -8.8456159E-09   7.9337849E-08  -2.0064895E-08   3.4077050E-08   4.3664469E-06   1.2887854E-05  -3.5923228E-07   6.2714907E-06   9.2538797E-04   9.1632297E-06  -9.4598716E-05   4.6799967E-03   9.4781200E-04   3.3977850E-04   9.8559049E-04   1.1900668E-04   4.7941491E-05   1.0758188E-04   6.4730230E-05   6.3386527E-04  -1.0169430E-06  -1.1704007E-06  -9.6268643E-07  -1.1046365E-06   1.2195730E-06   1.5588269E-05   3.4526226E-09  -3.8757728E-09
 -1.3662067E-04   6.7797693E-04  -1.0246334E-04  -9.5356337E-04   1.2051072E-02  -3.5230281E-04  -5.5585901E-03   9.2538797E-04   4.3642947E+01  -3.6049792E-01  -6.7842043E-01   3.3760618E+01   3.9883528E+00  -9.9694767E+00  -5.2279541E+01  -3.9281964E-01   2.9014407E-01   8.3894256E-01  -4.9617524E+00  -3.1709128E+01  -1.3985310E-04   1.7029133E-03  -6.0715485E-03   3.0768105E-04   3.5476293E-03   1.6901667E-02  -2.7561759E-04   7.6412720E-04
  3.1919510E-06  -2.1625759E-05   3.8825287E-06   3.0172598E-05  -2.4918672E-04   7.9489380E-05   1.4616031E-04   9.1632297E-06  -3.6049792E-01   7.7551211E-02  -1.6213023E-02  -7.0823263E-01   8.3523434E-01   1.6768771E+00   6.2864882E-01   2.0727246E-02  -9.0391562E-03   4.0848451E-03   1.0151387E-01   1.0658419E-01  -7.7708474E-05  -6.7070515E-05   3.9872373E-04  -4.4566893E-06   2.7981457E-04   5.7755704E-04   8.1437282E-06  -2.7046779E-06
  2.4174901E-05  -1.3739177E-04   1.6106647E-05   1.9278147E-04  -1.6844300E-03  -2.0898003E-04   9.2172004E-04  -9.4598716E-05  -6.7842043E-01  -1.6213023E-02   3.3952284E+00  -2.8174634E+01  -3.7817955E+00   6.2285129E+00   3.5964440E+00  -1.8722447E+00  -1.5742952E-01   8.4297638E-02   2.2572860E+00   2.6729958E+00   6.1671393E-04  -9.6626200E-05   6.7984463E-04  -1.2931819E-03  -3.0732413E-04  -1.2666920E-02   1.1355757E-04  -4.6330610E-05
 -6.3170133E-04   3.4999693E-03  -4.6130575E-04  -6.6453899E-03   5.8539902E-02  -1.4713689E-03  -2.8325927E-02   4.6799967E-03   3.3760618E+01  -7.0823263E-01  -2.8174634E+01   7.7794702E+02   7.9074591E+01  -4.3733069E+01  -4.6821754E+01   9.6730872E+00  -6.3459585E+00   6.5472146E+00  -8.5211201E+00  -1.7176751E+01  -1.4804107E-05   3.4977561E-03  -2.3071727E-02   2.8550245E-02   1.1757059E-02   1.7038062E-01   3.6634440E-03   5.9374885E-04
 -3.8538494E-04   2.1656470E-03  -2.7645285E-04  -2.3858261E-03   2.8326159E-02   1.2148393E-03  -1.1447200E-02   9.4781200E-04   3.9883528E+00   8.3523434E-01  -3.7817955E+00   7.9074591E+01   6.1906538E+01   3.7723255E+01   1.1643264E+01  -3.0820386E+00  -3.3557947E-01  -1.1536585E+00   3.1895003E+00   3.3267571E+00  -5.4816315E-03   1.0384455E-04   1.0703624E-03   1.0156767E-02   1.1324925E-02   7.4653543E-02   9.9414090E-05   1.7437113E-04
 -1.4700905E-04   8.9633769E-04  -1.1804527E-04  -2.0237652E-04   1.0981802E-02   3.2855112E-03  -1.7502956E-03   3.3977850E-04  -9.9694767E+00   1.6768771E+00   6.2285129E+00  -4.3733069E+01   3.7723255E+01   7.8479266E+01   4.4246902E+01  -8.0826280E+00  -8.1659405E-01  -9.4334220E-01   3.3195325E+00   4.4668668E+00  -3.1070435E-03  -7.2755597E-04   1.2910660E-02   5.3866663E-03   1.4654609E-02   2.5298729E-02   5.0739605E-04  -3.7177584E-04
 -2.5463447E-05   4.7890762E-04  -5.8834207E-05   7.2776126E-04   1.1599186E-03   7.2728838E-03   2.3723781E-03   9.8559049E-04  -5.2279541E+01   6.2864882E-01   3.5964440E+00  -4.6821754E+01   1.1643264E+01   4.4246902E+01   9.4211235E+01  -5.6926994E+00  -6.7895794E-01  -1.5931919E+00   3.3433295E+00   2.9347289E+01   2.4886706E-04  -1.6292626E-03   1.2071642E-02   5.9814153E-03   6.4292733E-03   9.0118458E-03   5.4333700E-04  -1.3835686E-03
 -4.2979900E-05   1.9646488E-04  -1.3330792E-05  -4.1756282E-04   3.7825698E-03  -6.8974590E-04  -1.9143511E-03   1.1900668E-04  -3.9281964E-01   2.0727246E-02  -1.8722447E+00   9.6730872E+00  -3.0820386E+00  -8.0826280E+00  -5.6926994E+00   4.0665147E+00   5.4087750E-02  -1.1604619E-01  -1.3592897E+00  -1.2708100E+00  -2.6068553E-04   8.4285843E-04  -6.6896731E-04   2.2860794E-03  -1.3373071E-03  -4.2953147E-04  -6.8610762E-05   7.4359002E-06
 -3.0244905E-06  -2.0132539E-05  -3.9615588E-06   1.7048504E-04   8.1002316E-04   7.9713014E-05   2.7208640E-04   4.7941491E-05   2.9014407E-01  -9.0391562E-03  -1.5742952E-01  -6.3459585E+00  -3.3557947E-01  -8.1659405E-01  -6.7895794E-01   5.4087750E-02   3.2968764E+00   5.6213458E-01   2.2597995E-01   7.2397810E-02  -1.5280373E-03   5.2046668E-04  -3.2714856E-03  -4.5192596E-04   2.4671994E-04  -1.7383074E-05   1.8215864E-04  -2.9460749E-06
 -1.2085520E-05   3.2853757E-05  -7.2013797E-06  -1.8369268E-04   1.7370470E-03  -7.3413909E-04  -5.0731471E-04   1.0758188E-04   8.3894256E-01   4.0848451E-03   8.4297638E-02   6.5472146E+00  -1.1536585E+00  -9.4334220E-01  -1.5931919E+00  -1.1604619E-01   5.6213458E-01   3.2274113E+00   2.7206576E+00   2.5764144E+00   2.6439623E-04  -5.1706140E-04   3.4365527E-04  -3.1143476E-04  -6.3867507E-04   3.4996464E-03  -1.7610194E-04  -2.8958487E-05
 -2.5242756E-05   8.6054553E-05  -1.7189208E-05  -5.5348845E-04   2.3200010E-03  -1.5432592E-03  -8.3947102E-04   6.4730230E-05  -4.9617524E+00   1.0151387E-01   2.2572860E+00  -8.5211201E+00   3.1895003E+00   3.3195325E+00   3.3433295E+00  -1.3592897E+00   2.2597995E-01   2.7206576E+00   1.0451758E+01   1.8465549E+01   1.4656782E-03  -9.4332767E-04   1.7836854E-03  -1.9558123E-03  -3.2554396E-03   4.2031850E-03  -1.3617615E-05   4.0446195E-04
  1.9193444E-06  -5.2759135E-05  -5.4954460E-06  -6.0779351E-04  -3.2047227E-04  -3.9876280E-04   6.9685635E-04   6.3386527E-04  -3.1709128E+01   1.0658419E-01   2.6729958E+00  -1.7176751E+01   3.3267571E+00   4.4668668E+00   2.9347289E+01  -1.2708100E+00   7.2397810E-02   2.5764144E+00   1.8465549E+01   5.1860400E+01   1.5254882E-03  -2.8937684E-03   5.7162286E-03  -4.0472143E-03  -9.1466975E-03   8.7590049E-03   1.1792716E-04   8.9293602E-04
 -6.0802676E-08   6.5458164E-07  -1.1473747E-07  -4.6537759E-06  -2.3180496E-06  -1.0264310E-05  -5.3941875E-07  -1.0169430E-06  -1.3985310E-04  -7.7708474E-05   6.1671393E-04  -1.4804107E-05  -5.4816315E-03  -3.1070435E-03   2.4886706E-04  -2.6068553E-04  -1.5280373E-03   2.6439623E-04   1.4656782E-03   1.5254882E-03   1.4487215E-03   2.9787955E-04   1.1574509E-04  -3.3143725E-04  -7.3525419E-05  -9.6504231E-05  -1.5267019E-07  -1.8479084E-07
 -7.5109529E-08   7.8337100E-07  -1.6039426E-07  -4.5461664E-06   5.1883071E-06  -1.0437975E-05  -2.8807640E-06  -1.1704007E-06   1.7029133E-03  -6.7070515E-05  -9.6626200E-05   3.4977561E-03   1.0384455E-04  -7.2755597E-04  -1.6292626E-03   8.4285843E-04   5.2046668E-04  -5.1706140E-04  -9.4332767E-04  -2.8937684E-03   2.9787955E-04   8.7691884E-04  -1.8789095E-05   6.9926162E-04   2.2346444E-05  -7.2105688E-04   5.6033845E-08  -7.1870119E-08
 -2.1516369E-07   2.4539895E-06  -4.5309638E-07   6.6579337E-06   3.5644366E-05   1.7958178E-05  -5.0757683E-06  -9.6268643E-07  -6.0715485E-03   3.9872373E-04   6.7984463E-04  -2.3071727E-02   1.0703624E-03   1.2910660E-02   1.2071642E-02  -6.6896731E-04  -3.2714856E-03   3.4365527E-04   1.7836854E-03   5.7162286E-03   1.1574509E-04  -1.8789095E-05   7.2811977E-03  -3.6371730E-04   6.2255335E-04   4.4680450E-03   1.0771818E-07   3.2896512E-07
 -4.4826964E-07   3.6598799E-06  -3.9397673E-07   3.2765868E-06   3.5502876E-05   1.1118523E-05  -1.1235800E-05  -1.1046365E-06   3.0768105E-04  -4.4566893E-06  -1.2931819E-03   2.8550245E-02   1.0156767E-02   5.3866663E-03   5.9814153E-03   2.2860794E-03  -4.5192596E-04  -3.1143476E-04  -1.9558123E-03  -4.0472143E-03  -3.3143725E-04   6.9926162E-04  -3.6371730E-04   2.8465267E-03   5.5691013E-04  -7.9425489E-04   1.9297099E-07  -1.4011872E-07
 -3.7001795E-07   3.2657770E-06  -3.6088215E-07  -7.3278624E-06   4.4855990E-06  -2.5549558E-06  -1.0202148E-05   1.2195730E-06   3.5476293E-03   2.7981457E-04  -3.0732413E-04   1.1757059E-02   1.1324925E-02   1.4654609E-02   6.4292733E-03  -1.3373071E-03   2.4671994E-04  -6.3867507E-04  -3.2554396E-03  -9.1466975E-03  -7.3525419E-05   2.2346444E-05   6.2255335E-04   5.5691013E-04   6.2109416E-03   7.7367654E-03   7.5011557E-07  -5.0851699E-07
 -3.0449977E-06   2.0378018E-05  -2.6966368E-06  -4.5035695E-05   1.3960349E-04  -1.6345317E-05  -5.2459687E-05   1.5588269E-05   1.6901667E-02   5.7755704E-04  -1.2666920E-02   1.7038062E-01   7.4653543E-02   2.5298729E-02   9.0118458E-03  -4.2953147E-04  -1.7383074E-05   3.4996464E-03   4.2031850E-03   8.7590049E-03  -9.6504231E-05  -7.2105688E-04   4.4680450E-03  -7.9425489E-04   7.7367654E-03   7.0885094E-02   1.3394131E-06   1.5536773E-06
  2.8811508E-09  -8.2829868E-09  -9.3759043E-10   7.8146431E-08  -2.9712391E-08   2.8633822E-07  -6.1740600E-08   3.4526226E-09  -2.7561759E-04   8.1437282E-06   1.1355757E-04   3.6634440E-03   9.9414090E-05   5.0739605E-04   5.4333700E-04  -6.8610762E-05   1.8215864E-04  -1.7610194E-04  -1.3617615E-05   1.1792716E-04  -1.5267019E-07   5.6033845E-08   1.0771818E-07   1.9297099E-07   7.5011557E-07   1.3394131E-06   3.7356554E-07  -5.0465559E-09
 -2.8476222E-09   2.3148731E-08  -2.3312434E-09  -1.2118265E-08   2.1796177E-07  -1.0375669E-08  -1.1616915E-07  -3.8757728E-09   7.6412720E-04  -2.7046779E-06  -4.6330610E-05   5.9374885E-04   1.7437113E-04  -3.7177584E-04  -1.3835686E-03   7.4359002E-06  -2.9460749E-06  -2.8958487E-05   4.0446195E-04   8.9293602E-04  -1.8479084E-07  -7.1870119E-08   3.2896512E-07  -1.4011872E-07  -5.0851699E-07   1.5536773E-06  -5.0465559E-09   3.8655212E-07
