# omegabh2 omegach2 theta tau meffsterile nnu logA ns calPlanck aps100 aps143 aps217 acib217 asz143 psr cibr xi aksz dust100 dust143 dust217 dust143x217 cal0 cal2 calTE calEE
  2.4203817E-08   8.1071056E-08   2.7945851E-09   2.7259813E-07  -2.7112667E-06   5.9255678E-06   7.5709510E-07   3.9410762E-07   2.7746047E-08  -1.4985890E-04  -1.6074373E-04   2.6269846E-05  -6.3147623E-05   9.1157420E-06   4.1716367E-07  -1.0671873E-06   6.5722846E-07  -1.4685635E-05  -2.8366856E-07   2.9074293E-07   6.0297142E-07   2.0371677E-07   6.5465729E-10  -3.0174627E-10  -5.7005916E-08  -1.9028870E-07
  8.1071056E-08   1.0045210E-05  -4.6074561E-07  -8.2992973E-07  -4.8146311E-04   2.3856306E-04   9.3924271E-06   8.2579594E-06  -3.7118572E-07   5.7849247E-03   2.7241080E-03  -2.7221412E-03   2.1338256E-03  -1.7175812E-04  -1.8930536E-05   3.8341223E-05  -1.6420735E-05   7.1956451E-04   2.7903010E-06   1.6870472E-05  -9.0757010E-06   7.4441886E-06  -5.6209838E-08   1.2808946E-07   1.5108530E-06   2.9571532E-06
  2.7945851E-09  -4.6074561E-07   1.1797800E-07   1.3225576E-07   1.0910899E-05  -1.7920600E-05  -4.0011802E-07  -4.5004265E-07   3.1955724E-08  -4.2368714E-04  -3.2327835E-04   8.3958063E-05  -1.4220607E-04   1.5619313E-06   1.1912477E-06  -3.5185702E-06   1.5112033E-06  -8.6627027E-06  -5.1339065E-07  -8.3184071E-07   2.8855057E-07  -9.7964584E-07   1.3146642E-09  -8.9594920E-09  -1.7101166E-07  -2.5164676E-07
  2.7259813E-07  -8.2992973E-07   1.3225576E-07   5.4976233E-05  -2.9839717E-05   6.9882404E-05   1.0302133E-04   1.1210735E-05  -8.7962663E-07  -6.8379847E-03  -4.4267387E-03  -4.0769663E-04  -1.3308126E-03   2.4111113E-04  -5.1244840E-06  -2.4176904E-05  -1.7097142E-05  -2.5550021E-04  -5.9765218E-06   4.2479068E-05   1.1138593E-05   1.7422402E-05  -2.8908382E-07  -1.1683974E-07  -3.0121959E-06  -2.1266504E-06
 -2.7112667E-06  -4.8146311E-04   1.0910899E-05  -2.9839717E-05   3.7629218E-02  -5.3271340E-03  -2.9107026E-04  -3.7788057E-04   2.2259927E-05  -9.5561226E-02   2.0707534E-02   1.2530357E-01  -4.6444984E-02   5.8115915E-03   6.8198481E-04  -4.9139627E-04   2.7543853E-04  -2.8333854E-02   4.8149023E-05  -5.9481900E-04   3.3220317E-04  -2.2156579E-05   1.6110826E-06  -1.1981040E-06  -4.4065884E-05  -1.0419649E-04
  5.9255678E-06   2.3856306E-04  -1.7920600E-05   6.9882404E-05  -5.3271340E-03   1.0883145E-02   5.5373104E-04   3.9042744E-04   1.8625636E-06   2.7233654E-01   1.4743276E-01  -7.5518466E-02   8.5333672E-02  -5.0102479E-03  -6.2380466E-04   1.8714025E-03  -5.5997626E-04   1.8806074E-02   2.8300199E-04   5.2711399E-04  -2.1697464E-04   3.3763220E-04  -5.0045749E-07   7.1501004E-06   7.0102774E-05   1.3833182E-04
  7.5709510E-07   9.3924271E-06  -4.0011802E-07   1.0302133E-04  -2.9107026E-04   5.5373104E-04   2.3935557E-04   3.1138235E-05   1.0233522E-05   4.9760419E-03  -5.2154507E-04   1.6464955E-03   9.0049033E-04   2.4347433E-04  -1.9603313E-05  -2.8288274E-06  -3.0325300E-05  -1.4858190E-04  -1.5907761E-05   4.9827214E-05   2.7509865E-05   4.1691732E-05  -1.3804199E-07  -2.9397732E-08  -3.8911811E-06   2.0551417E-06
  3.9410762E-07   8.2579594E-06  -4.5004265E-07   1.1210735E-05  -3.7788057E-04   3.9042744E-04   3.1138235E-05   3.0493106E-05   9.8339447E-08  -1.1992726E-02  -2.0724919E-03   6.3311526E-03  -3.4070595E-03   3.3957404E-04   4.0705078E-05  -5.4705648E-05   4.7543935E-05  -1.3901271E-03   1.2739602E-05  -1.9293943E-05   2.8361125E-05   6.9041109E-06  -2.5922528E-07  -7.6824427E-08   2.4208897E-06   2.1712668E-06
  2.7746047E-08  -3.7118572E-07   3.1955724E-08  -8.7962663E-07   2.2259927E-05   1.8625636E-06   1.0233522E-05   9.8339447E-08   6.2943662E-06   4.7227220E-03   6.3910877E-04   5.4087188E-04   1.0259736E-03  -4.8125030E-05  -4.3330577E-06   8.5318403E-06   4.1761222E-07   1.4317119E-04   2.2510318E-06   1.4858871E-05   2.0892833E-06   2.0222044E-07  -3.7662077E-08  -4.9193638E-08  -3.3796828E-07  -2.6290118E-07
 -1.4985890E-04   5.7849247E-03  -4.2368714E-04  -6.8379847E-03  -9.5561226E-02   2.7233654E-01   4.9760419E-03  -1.1992726E-02   4.7227220E-03   6.1272377E+02   5.8745213E+01  -5.6406840E+01   3.2479555E+01  -2.4658924E+01  -8.5323967E-01  -4.8937567E-02  -2.8853448E-01   1.1779532E+01  -1.9252578E-01   3.3072191E-01  -2.7562455E-01  -2.3420384E-01   6.7562245E-03   2.6759778E-03   2.5928145E-03   1.0398422E-02
 -1.6074373E-04   2.7241080E-03  -3.2327835E-04  -4.4267387E-03   2.0707534E-02   1.4743276E-01  -5.2154507E-04  -2.0724919E-03   6.3910877E-04   5.8745213E+01   6.8647170E+01   9.4973090E+00   6.9895681E+00  -1.2774552E-01   7.0605642E-04   4.6135394E-01   8.9153027E-01  -8.4638955E+00  -5.9163466E-02  -2.1765881E-01   5.8097035E-02   7.5814875E-02   7.8505611E-04   8.1624224E-04   3.2656771E-03   7.1857843E-03
  2.6269846E-05  -2.7221412E-03   8.3958063E-05  -4.0769663E-04   1.2530357E-01  -7.5518466E-02   1.6464955E-03   6.3311526E-03   5.4087188E-04  -5.6406840E+01   9.4973090E+00   1.7718623E+02  -8.4377762E+01   2.8684370E+00   3.4348888E-01  -1.0683199E+00   3.4173516E-01  -7.7712026E+00  -5.7309137E-02  -2.9752943E-01   5.7153499E-01   3.0166177E-02   1.6650253E-03  -7.9649360E-03   2.2342743E-03   1.5392200E-03
 -6.3147623E-05   2.1338256E-03  -1.4220607E-04  -1.3308126E-03  -4.6444984E-02   8.5333672E-02   9.0049033E-04  -3.4070595E-03   1.0259736E-03   3.2479555E+01   6.9895681E+00  -8.4377762E+01   5.2997865E+01   1.4752130E+00  -5.3610925E-02   7.3952530E-01  -2.6186444E-01  -2.3651947E+00   3.0054010E-02   1.8570085E-01  -4.5868931E-01  -1.2429859E-01  -5.8134302E-04   3.3427992E-03  -2.4220541E-04   1.4704394E-03
  9.1157420E-06  -1.7175812E-04   1.5619313E-06   2.4111113E-04   5.8115915E-03  -5.0102479E-03   2.4347433E-04   3.3957404E-04  -4.8125030E-05  -2.4658924E+01  -1.2774552E-01   2.8684370E+00   1.4752130E+00   4.1952378E+00   1.0051581E-01   1.4304743E-01  -3.0041987E-02  -3.4938328E+00  -6.7092666E-03  -6.3797365E-03   1.0404132E-02   5.5646047E-02   4.3150877E-04  -2.2079574E-04   4.8757098E-06  -1.5908066E-04
  4.1716367E-07  -1.8930536E-05   1.1912477E-06  -5.1244840E-06   6.8198481E-04  -6.2380466E-04  -1.9603313E-05   4.0705078E-05  -4.3330577E-06  -8.5323967E-01   7.0605642E-04   3.4348888E-01  -5.3610925E-02   1.0051581E-01   1.5954726E-02  -1.6445056E-02   1.2115150E-02  -1.0493737E-01  -5.6928910E-04  -1.5944121E-03  -2.3030169E-03   5.5343701E-03   1.5786810E-05  -3.4082994E-05   6.7025105E-06   3.5619448E-06
 -1.0671873E-06   3.8341223E-05  -3.5185702E-06  -2.4176904E-05  -4.9139627E-04   1.8714025E-03  -2.8288274E-06  -5.4705648E-05   8.5318403E-06  -4.8937567E-02   4.6135394E-01  -1.0683199E+00   7.3952530E-01   1.4304743E-01  -1.6445056E-02   6.6885159E-02   3.7780039E-03  -1.4590542E-01   1.0427626E-03   7.3899247E-03  -4.1547793E-04  -1.7774894E-02  -8.4511455E-06   9.9854749E-05   7.9665738E-06   2.6950610E-05
  6.5722846E-07  -1.6420735E-05   1.5112033E-06  -1.7097142E-05   2.7543853E-04  -5.5997626E-04  -3.0325300E-05   4.7543935E-05   4.1761222E-07  -2.8853448E-01   8.9153027E-01   3.4173516E-01  -2.6186444E-01  -3.0041987E-02   1.2115150E-02   3.7780039E-03   8.1953909E-02   2.8412716E-02  -1.1149451E-03  -3.4817885E-05   1.6000094E-03   1.5208686E-03   1.1683792E-05  -2.2660756E-06   1.0938926E-05   1.8675306E-05
 -1.4685635E-05   7.1956451E-04  -8.6627027E-06  -2.5550021E-04  -2.8333854E-02   1.8806074E-02  -1.4858190E-04  -1.3901271E-03   1.4317119E-04   1.1779532E+01  -8.4638955E+00  -7.7712026E+00  -2.3651947E+00  -3.4938328E+00  -1.0493737E-01  -1.4590542E-01   2.8412716E-02   7.4321562E+00   1.3455873E-02   1.7408011E-03  -8.5409499E-03  -5.5649113E-02  -3.2845536E-04   3.3164795E-05  -2.9721027E-04  -3.2684504E-05
 -2.8366856E-07   2.7903010E-06  -5.1339065E-07  -5.9765218E-06   4.8149023E-05   2.8300199E-04  -1.5907761E-05   1.2739602E-05   2.2510318E-06  -1.9252578E-01  -5.9163466E-02  -5.7309137E-02   3.0054010E-02  -6.7092666E-03  -5.6928910E-04   1.0427626E-03  -1.1149451E-03   1.3455873E-02   3.8212967E-02   3.3685686E-03  -3.5289435E-04  -3.0420795E-05   3.2965145E-05  -3.8925990E-06   2.5815142E-06  -1.6482000E-06
  2.9074293E-07   1.6870472E-05  -8.3184071E-07   4.2479068E-05  -5.9481900E-04   5.2711399E-04   4.9827214E-05  -1.9293943E-05   1.4858871E-05   3.3072191E-01  -2.1765881E-01  -2.9752943E-01   1.8570085E-01  -6.3797365E-03  -1.5944121E-03   7.3899247E-03  -3.4817885E-05   1.7408011E-03   3.3685686E-03   3.0512821E-02  -9.6482583E-04   5.0856271E-03  -7.8630437E-05  -4.0086682E-05  -7.7235355E-05  -7.4750932E-05
  6.0297142E-07  -9.0757010E-06   2.8855057E-07   1.1138593E-05   3.3220317E-04  -2.1697464E-04   2.7509865E-05   2.8361125E-05   2.0892833E-06  -2.7562455E-01   5.8097035E-02   5.7153499E-01  -4.5868931E-01   1.0404132E-02  -2.3030169E-03  -4.1547793E-04   1.6000094E-03  -8.5409499E-03  -3.5289435E-04  -9.6482583E-04   1.0662140E-02   8.4718408E-03   3.7786189E-06   5.9911942E-05   8.6758599E-06  -2.2191561E-06
  2.0371677E-07   7.4441886E-06  -9.7964584E-07   1.7422402E-05  -2.2156579E-05   3.3763220E-04   4.1691732E-05   6.9041109E-06   2.0222044E-07  -2.3420384E-01   7.5814875E-02   3.0166177E-02  -1.2429859E-01   5.5646047E-02   5.5343701E-03  -1.7774894E-02   1.5208686E-03  -5.5649113E-02  -3.0420795E-05   5.0856271E-03   8.4718408E-03   2.6297226E-02  -3.8043313E-06   5.4965279E-05  -1.9426769E-05  -4.4972353E-06
  6.5465729E-10  -5.6209838E-08   1.3146642E-09  -2.8908382E-07   1.6110826E-06  -5.0045749E-07  -1.3804199E-07  -2.5922528E-07  -3.7662077E-08   6.7562245E-03   7.8505611E-04   1.6650253E-03  -5.8134302E-04   4.3150877E-04   1.5786810E-05  -8.4511455E-06   1.1683792E-05  -3.2845536E-04   3.2965145E-05  -7.8630437E-05   3.7786189E-06  -3.8043313E-06   1.1034229E-06   2.6993635E-08   3.7372616E-07   6.3751246E-07
 -3.0174627E-10   1.2808946E-07  -8.9594920E-09  -1.1683974E-07  -1.1981040E-06   7.1501004E-06  -2.9397732E-08  -7.6824427E-08  -4.9193638E-08   2.6759778E-03   8.1624224E-04  -7.9649360E-03   3.3427992E-03  -2.2079574E-04  -3.4082994E-05   9.9854749E-05  -2.2660756E-06   3.3164795E-05  -3.8925990E-06  -4.0086682E-05   5.9911942E-05   5.4965279E-05   2.6993635E-08   2.4810653E-06   3.3178897E-07   3.1295117E-07
 -5.7005916E-08   1.5108530E-06  -1.7101166E-07  -3.0121959E-06  -4.4065884E-05   7.0102774E-05  -3.8911811E-06   2.4208897E-06  -3.3796828E-07   2.5928145E-03   3.2656771E-03   2.2342743E-03  -2.4220541E-04   4.8757098E-06   6.7025105E-06   7.9665738E-06   1.0938926E-05  -2.9721027E-04   2.5815142E-06  -7.7235355E-05   8.6758599E-06  -1.9426769E-05   3.7372616E-07   3.3178897E-07   2.4403220E-05   9.0966428E-06
 -1.9028870E-07   2.9571532E-06  -2.5164676E-07  -2.1266504E-06  -1.0419649E-04   1.3833182E-04   2.0551417E-06   2.1712668E-06  -2.6290118E-07   1.0398422E-02   7.1857843E-03   1.5392200E-03   1.4704394E-03  -1.5908066E-04   3.5619448E-06   2.6950610E-05   1.8675306E-05  -3.2684504E-05  -1.6482000E-06  -7.4750932E-05  -2.2191561E-06  -4.4972353E-06   6.3751246E-07   3.1295117E-07   9.0966428E-06   2.5835629E-05
