# omegabh2 omegach2 theta tau ns logA aps100 aps143 aps217 acib143 acib217 asz143 psr cibr ncib cal0 cal2 xi aksz bm_1_1 bm_1_2 bm_1_3 bm_1_4 bm_1_5 bm_2_1 bm_2_2 bm_2_3 bm_2_4 bm_2_5 bm_3_1 bm_3_2 bm_3_3 bm_3_4 bm_3_5 bm_4_1 bm_4_2 bm_4_3 bm_4_4 bm_4_5
    0.10502E-06   -0.66906E-06    0.12165E-06    0.71593E-05    0.21909E-05    0.12903E-04   -0.28353E-02   -0.85409E-03   -0.12797E-03   -0.29301E-03   -0.38235E-03    0.24176E-04    0.64987E-06   -0.82518E-05   -0.23846E-05    0.19237E-09   -0.13822E-07    0.40954E-05   -0.92795E-04   -0.20595E-04   -0.11074E-04    0.33908E-05    0.18383E-05   -0.45907E-05   -0.14836E-06   -0.25700E-05   -0.19950E-05    0.51546E-05    0.38118E-05   -0.58002E-05   -0.23787E-05    0.33467E-05    0.48539E-05   -0.40526E-06   -0.33195E-05   -0.33747E-05   -0.14487E-05    0.90245E-06    0.58217E-05
   -0.66906E-06    0.95189E-05   -0.11159E-05   -0.69522E-04   -0.25631E-04   -0.11632E-03    0.18289E-01    0.55197E-02    0.16164E-02    0.16676E-02    0.20769E-02   -0.10759E-03   -0.43509E-05    0.46068E-04    0.95082E-05   -0.98800E-08    0.71926E-07   -0.22252E-04    0.54430E-03    0.20692E-03   -0.49793E-06   -0.75589E-04    0.12303E-04    0.74304E-05    0.32368E-04   -0.97959E-06   -0.12716E-05   -0.83772E-04   -0.31229E-04    0.80680E-04    0.34050E-04   -0.20919E-04   -0.32263E-04   -0.20580E-04    0.79131E-04    0.24989E-04    0.28361E-05   -0.34880E-05   -0.58719E-04
    0.12165E-06   -0.11159E-05    0.46319E-06    0.10281E-04    0.36468E-05    0.18234E-04   -0.27255E-02   -0.86130E-03   -0.24324E-03   -0.25151E-03   -0.33432E-03    0.22066E-04    0.67370E-06   -0.69209E-05   -0.21604E-05    0.22416E-08   -0.19793E-07    0.43515E-05   -0.62127E-04   -0.25854E-04    0.32749E-05    0.97161E-05    0.42496E-05   -0.25525E-05   -0.76345E-05   -0.46049E-06   -0.63827E-05    0.66851E-05    0.76351E-05   -0.12699E-04    0.18474E-05    0.45269E-05    0.50996E-05    0.24533E-05   -0.11558E-04   -0.11002E-04   -0.55274E-06    0.85873E-06    0.45207E-05
    0.71593E-05   -0.69522E-04    0.10281E-04    0.15265E-02    0.25797E-03    0.28880E-02   -0.39368E+00   -0.66031E-01    0.20093E-01   -0.39253E-01   -0.47664E-01   -0.12184E-02    0.17324E-03   -0.15611E-02   -0.75170E-04    0.44015E-07   -0.19466E-05    0.29775E-03   -0.14835E-01   -0.23468E-02   -0.12388E-03    0.54810E-03   -0.29119E-03   -0.42182E-03    0.18110E-03    0.37935E-03    0.30726E-03    0.10960E-03    0.14829E-03   -0.88824E-03   -0.78098E-03    0.25488E-03    0.28954E-03    0.19946E-03   -0.58780E-03    0.16018E-03    0.31952E-03   -0.26448E-03   -0.47109E-04
    0.21909E-05   -0.25631E-04    0.36468E-05    0.25797E-03    0.94674E-04    0.45444E-03   -0.12857E+00   -0.14543E-01    0.11571E-01   -0.14028E-01   -0.16055E-01   -0.15732E-03    0.69402E-04   -0.46535E-03   -0.29383E-04   -0.57970E-07   -0.31259E-06    0.14700E-03   -0.48548E-02   -0.40730E-03    0.94266E-05    0.88593E-04    0.96648E-05    0.18316E-04    0.24739E-03    0.13932E-03   -0.68882E-04    0.16480E-03    0.91154E-05   -0.35385E-03   -0.16600E-03    0.78957E-05    0.64931E-04    0.13956E-04   -0.69329E-04    0.29698E-04    0.62963E-04    0.75272E-04    0.63009E-04
    0.12903E-04   -0.11632E-03    0.18234E-04    0.28880E-02    0.45444E-03    0.55078E-02   -0.76327E+00   -0.11208E+00    0.52709E-01   -0.78897E-01   -0.93858E-01   -0.38917E-02    0.37081E-03   -0.32032E-02   -0.86307E-04    0.15413E-06   -0.35302E-05    0.57392E-03   -0.29863E-01   -0.35257E-02   -0.67401E-04    0.87634E-03   -0.51443E-03   -0.81705E-03    0.73311E-03    0.82267E-03    0.57134E-03   -0.47964E-04    0.22129E-03   -0.16095E-02   -0.14854E-02    0.42994E-03    0.48319E-03    0.28494E-03   -0.78117E-03    0.43204E-03    0.71259E-03   -0.52412E-03   -0.27384E-03
   -0.28353E-02    0.18289E-01   -0.27255E-02   -0.39368E+00   -0.12857E+00   -0.76327E+00    0.27423E+04    0.71465E+02   -0.15942E+03    0.12137E+03    0.11467E+03   -0.72290E+02   -0.11177E+01    0.59039E+00    0.13273E+01    0.10488E-02   -0.39368E-03   -0.42932E+00   -0.15304E+02    0.10376E+02   -0.10518E+02    0.73866E+00   -0.15667E+00   -0.17677E+00   -0.10101E+01   -0.50791E+01   -0.40977E+00    0.80247E+00   -0.98587E+00    0.21280E+01   -0.47848E+00   -0.21170E+00   -0.66151E+00   -0.38681E+01    0.12673E+01   -0.16780E+01   -0.28052E+01   -0.51186E+00    0.36595E+01
   -0.85409E-03    0.55197E-02   -0.86130E-03   -0.66031E-01   -0.14543E-01   -0.11208E+00    0.71465E+02    0.18190E+03    0.54044E+02   -0.30480E+02   -0.79093E+01   -0.83764E+01   -0.24200E+00   -0.12389E+00   -0.13399E+00    0.11781E-03    0.32353E-02    0.11343E+01   -0.12485E+02    0.10822E+01    0.51158E+00   -0.13108E-01   -0.65498E-02   -0.26702E-01   -0.17648E+01   -0.81121E+00   -0.16628E+00   -0.45278E+00   -0.16829E+00    0.10505E+01   -0.12590E+00    0.47812E+00   -0.25118E+00    0.22059E+00   -0.48332E+00   -0.67138E+00   -0.35952E+00    0.18089E+00   -0.40111E+00
   -0.12797E-03    0.16164E-02   -0.24324E-03    0.20093E-01    0.11571E-01    0.52709E-01   -0.15942E+03    0.54044E+02    0.20114E+03   -0.31823E+02   -0.68937E+02    0.44923E+01   -0.31522E-01   -0.93071E+00   -0.97911E+00    0.17316E-03   -0.40024E-02    0.23803E+00   -0.10961E+02    0.14802E+01    0.11489E+01   -0.32355E+00    0.57233E-01    0.13703E+00    0.10132E+01    0.30758E+00   -0.17757E+00   -0.36906E+00    0.51344E+00   -0.12694E+01    0.48116E+00   -0.35021E+00    0.55225E+00    0.33404E+00   -0.42929E-01    0.23684E-01    0.33657E+00    0.31180E-01   -0.43389E+00
   -0.29301E-03    0.16676E-02   -0.25151E-03   -0.39253E-01   -0.14028E-01   -0.78897E-01    0.12137E+03   -0.30480E+02   -0.31823E+02    0.25541E+02    0.17562E+02   -0.23939E+01    0.68215E-02    0.24703E+00    0.20526E+00   -0.76164E-04   -0.98309E-03    0.54753E-01   -0.61099E+00   -0.89261E+00   -0.54356E+00   -0.29251E-02   -0.66640E-01    0.19587E-01    0.74999E+00    0.17249E+00    0.36229E-02    0.20925E+00    0.30676E-03   -0.28369E+00   -0.77262E-01   -0.21768E+00    0.28306E-01   -0.72809E-01    0.35237E+00    0.19503E+00   -0.35953E-01   -0.68443E-01    0.25589E+00
   -0.38235E-03    0.20769E-02   -0.33432E-03   -0.47664E-01   -0.16055E-01   -0.93858E-01    0.11467E+03   -0.79093E+01   -0.68937E+02    0.17562E+02    0.33437E+02   -0.24499E+01    0.61324E-01    0.41301E+00    0.50120E+00   -0.58006E-04    0.17040E-02   -0.14938E+00   -0.89286E+00   -0.55182E+00   -0.49514E+00    0.96300E-01   -0.35690E-01   -0.29730E-01   -0.39481E+00   -0.11502E+00    0.24639E-01    0.26102E+00   -0.24590E+00    0.49317E+00   -0.36282E+00    0.72664E-01   -0.30039E+00   -0.19602E+00    0.27916E-01   -0.65375E-01   -0.16088E+00    0.82691E-02    0.27162E+00
    0.24176E-04   -0.10759E-03    0.22066E-04   -0.12184E-02   -0.15732E-03   -0.38917E-02   -0.72290E+02   -0.83764E+01    0.44923E+01   -0.23939E+01   -0.24499E+01    0.76802E+01    0.51546E-01    0.26040E+00   -0.14033E+00    0.60817E-05   -0.84521E-04   -0.23751E-01    0.92825E-01    0.20001E+00    0.10270E+00   -0.10114E-01   -0.14869E-01   -0.22312E-01   -0.54387E-01    0.40254E-01   -0.27422E-01   -0.43256E-01   -0.24324E-01   -0.43950E-01    0.63423E-01    0.28207E-01   -0.36704E-01    0.10951E-01   -0.66241E-01   -0.12273E-01    0.24578E-01    0.15404E-01   -0.28976E-01
    0.64987E-06   -0.43509E-05    0.67370E-06    0.17324E-03    0.69402E-04    0.37081E-03   -0.11177E+01   -0.24200E+00   -0.31522E-01    0.68215E-02    0.61324E-01    0.51546E-01    0.77916E-02   -0.65074E-02    0.74715E-02    0.50807E-06   -0.23216E-04    0.37270E-02   -0.18082E-01    0.93560E-02    0.54601E-02    0.58094E-04    0.75784E-03    0.10631E-02    0.70290E-02   -0.95460E-03   -0.12358E-02   -0.20275E-02   -0.68203E-03   -0.10609E-01   -0.13292E-02   -0.15661E-02   -0.16266E-02   -0.14631E-02   -0.10298E-02   -0.10365E-02   -0.46448E-02   -0.52616E-02   -0.19071E-02
   -0.82518E-05    0.46068E-04   -0.69209E-05   -0.15611E-02   -0.46535E-03   -0.32032E-02    0.59039E+00   -0.12389E+00   -0.93071E+00    0.24703E+00    0.41301E+00    0.26040E+00   -0.65074E-02    0.45999E-01   -0.12557E-01   -0.21534E-05    0.85683E-04    0.19661E-02   -0.15376E-01   -0.18647E-01   -0.10391E-01    0.29258E-02    0.46156E-03   -0.64361E-03   -0.24601E-01   -0.52883E-02    0.61529E-02    0.16482E-02   -0.18904E-02    0.32556E-01    0.33263E-02    0.91764E-02    0.21166E-02    0.25058E-02    0.18279E-02    0.17317E-02    0.35260E-02    0.35864E-02    0.15649E-02
   -0.23846E-05    0.95082E-05   -0.21604E-05   -0.75170E-04   -0.29383E-04   -0.86307E-04    0.13273E+01   -0.13399E+00   -0.97911E+00    0.20526E+00    0.50120E+00   -0.14033E+00    0.74715E-02   -0.12557E-01    0.21059E-01    0.62243E-07   -0.17698E-04   -0.17989E-02   -0.97693E-02    0.68049E-02   -0.61990E-02   -0.51080E-03   -0.15692E-02   -0.42495E-03    0.56474E-02    0.32200E-02   -0.63988E-02    0.10153E-01   -0.96850E-02   -0.14431E-01   -0.19321E-01   -0.12785E-02   -0.13009E-01   -0.94963E-02   -0.50135E-02   -0.34339E-02   -0.34328E-02    0.29951E-02    0.11280E-01
    0.19237E-09   -0.98800E-08    0.22416E-08    0.44015E-07   -0.57970E-07    0.15413E-06    0.10488E-02    0.11781E-03    0.17316E-03   -0.76164E-04   -0.58006E-04    0.60817E-05    0.50807E-06   -0.21534E-05    0.62243E-07    0.15767E-06    0.37801E-08   -0.17270E-05   -0.55047E-05   -0.25456E-04   -0.17393E-04   -0.34869E-05   -0.19620E-05    0.44887E-05    0.59064E-05   -0.90089E-07   -0.20497E-05    0.20270E-05    0.27480E-05    0.34205E-06   -0.46721E-06   -0.29760E-05   -0.16190E-05    0.61947E-06    0.52940E-05   -0.15749E-06   -0.82265E-06    0.14727E-05    0.10776E-05
   -0.13822E-07    0.71926E-07   -0.19793E-07   -0.19466E-05   -0.31259E-06   -0.35302E-05   -0.39368E-03    0.32353E-02   -0.40024E-02   -0.98309E-03    0.17040E-02   -0.84521E-04   -0.23216E-04    0.85683E-04   -0.17698E-04    0.37801E-08    0.16177E-05   -0.33113E-05   -0.53151E-04    0.78864E-04    0.29250E-04   -0.17019E-05   -0.18743E-04   -0.10323E-04    0.21088E-03    0.75408E-05    0.99397E-05    0.23329E-04    0.21790E-04   -0.20153E-03   -0.45422E-05   -0.24226E-04   -0.15236E-05   -0.72711E-05    0.18994E-04    0.40542E-04   -0.27018E-04   -0.33305E-04    0.26377E-04
    0.40954E-05   -0.22252E-04    0.43515E-05    0.29775E-03    0.14700E-03    0.57392E-03   -0.42932E+00    0.11343E+01    0.23803E+00    0.54753E-01   -0.14938E+00   -0.23751E-01    0.37270E-02    0.19661E-02   -0.17989E-02   -0.17270E-05   -0.33113E-05    0.82798E-01    0.98884E-03    0.11810E-02   -0.49364E-02   -0.15172E-02   -0.44401E-02    0.26491E-02    0.39683E-03   -0.19284E-02   -0.15030E-02   -0.83459E-03   -0.92354E-03   -0.89977E-03   -0.55264E-02   -0.67640E-04   -0.15675E-02    0.11561E-02    0.61206E-03   -0.31477E-02   -0.13372E-02   -0.83515E-03    0.17749E-02
   -0.92795E-04    0.54430E-03   -0.62127E-04   -0.14835E-01   -0.48548E-02   -0.29863E-01   -0.15304E+02   -0.12485E+02   -0.10961E+02   -0.61099E+00   -0.89286E+00    0.92825E-01   -0.18082E-01   -0.15376E-01   -0.97693E-02   -0.55047E-05   -0.53151E-04    0.98884E-03    0.81799E+01    0.25067E-01    0.10479E-01    0.15647E-01    0.52371E-02   -0.13669E-02    0.35950E-01    0.23117E-01    0.29630E-01    0.18500E-01    0.73201E-02   -0.12487E-01    0.34374E-01   -0.68748E-02   -0.10051E-01   -0.20801E-01    0.76360E-02    0.37601E-01    0.24555E-01   -0.13753E-01    0.32609E-01
   -0.20595E-04    0.20692E-03   -0.25854E-04   -0.23468E-02   -0.40730E-03   -0.35257E-02    0.10376E+02    0.10822E+01    0.14802E+01   -0.89261E+00   -0.55182E+00    0.20001E+00    0.93560E-02   -0.18647E-01    0.68049E-02   -0.25456E-04    0.78864E-04    0.11810E-02    0.25067E-01    0.71408E+00   -0.11866E+00   -0.17231E-02    0.16172E-01    0.92163E-02    0.17972E+00   -0.50339E-01   -0.32116E-01   -0.24120E-01   -0.60564E-01    0.26309E-01    0.22081E-01   -0.18446E-01   -0.48716E-01   -0.13101E+00    0.15804E+00    0.31830E-01   -0.10221E-01    0.15404E-01    0.64752E-01
   -0.11074E-04   -0.49793E-06    0.32749E-05   -0.12388E-03    0.94266E-05   -0.67401E-04   -0.10518E+02    0.51158E+00    0.11489E+01   -0.54356E+00   -0.49514E+00    0.10270E+00    0.54601E-02   -0.10391E-01   -0.61990E-02   -0.17393E-04    0.29250E-04   -0.49364E-02    0.10479E-01   -0.11866E+00    0.93588E+00   -0.20003E-02   -0.71610E-03    0.19944E-02   -0.13851E+00    0.19129E+00    0.51312E-01   -0.31010E-01    0.48592E-01   -0.14142E+00    0.19450E-01    0.30290E-01    0.19975E-01    0.17287E+00   -0.22599E+00    0.32409E-01    0.11052E+00    0.77997E-02   -0.22323E+00
    0.33908E-05   -0.75589E-04    0.97161E-05    0.54810E-03    0.88593E-04    0.87634E-03    0.73866E+00   -0.13108E-01   -0.32355E+00   -0.29251E-02    0.96300E-01   -0.10114E-01    0.58094E-04    0.29258E-02   -0.51080E-03   -0.34869E-05   -0.17019E-05   -0.15172E-02    0.15647E-01   -0.17231E-02   -0.20003E-02    0.10103E+01   -0.69743E-02    0.34735E-02   -0.52624E-01   -0.37376E-01    0.18069E+00   -0.13680E-01    0.80698E-01   -0.53249E-02    0.45190E-01   -0.88306E-02   -0.15756E-01    0.10512E+00   -0.62019E-01    0.34569E-01    0.10377E-01   -0.18714E+00    0.99997E-01
    0.18383E-05    0.12303E-04    0.42496E-05   -0.29119E-03    0.96648E-05   -0.51443E-03   -0.15667E+00   -0.65498E-02    0.57233E-01   -0.66640E-01   -0.35690E-01   -0.14869E-01    0.75784E-03    0.46156E-03   -0.15692E-02   -0.19620E-05   -0.18743E-04   -0.44401E-02    0.52371E-02    0.16172E-01   -0.71610E-03   -0.69743E-02    0.99610E+00    0.21014E-02    0.60970E-01   -0.78072E-01    0.72255E-01   -0.94088E-01    0.36975E-01    0.74309E-01    0.10736E+00    0.43435E-01    0.13502E+00   -0.99116E-01    0.91909E-01    0.48903E-01   -0.74607E-02   -0.10628E+00    0.46936E-01
   -0.45907E-05    0.74304E-05   -0.25525E-05   -0.42182E-03    0.18316E-04   -0.81705E-03   -0.17677E+00   -0.26702E-01    0.13703E+00    0.19587E-01   -0.29730E-01   -0.22312E-01    0.10631E-02   -0.64361E-03   -0.42495E-03    0.44887E-05   -0.10323E-04    0.26491E-02   -0.13669E-02    0.92163E-02    0.19944E-02    0.34735E-02    0.21014E-02    0.10030E+01    0.26108E-01    0.42746E-01   -0.43199E-01    0.38695E-01    0.77627E-01    0.68283E-01   -0.71977E-01   -0.68570E-01    0.58140E-01    0.51045E-01    0.89821E-01   -0.76816E-01    0.85880E-01   -0.21795E-01   -0.49694E-02
   -0.14836E-06    0.32368E-04   -0.76345E-05    0.18110E-03    0.24739E-03    0.73311E-03   -0.10101E+01   -0.17648E+01    0.10132E+01    0.74999E+00   -0.39481E+00   -0.54387E-01    0.70290E-02   -0.24601E-01    0.56474E-02    0.59064E-05    0.21088E-03    0.39683E-03    0.35950E-01    0.17972E+00   -0.13851E+00   -0.52624E-01    0.60970E-01    0.26108E-01    0.86077E+00   -0.67638E-02   -0.13022E-01   -0.24647E-01   -0.19604E-01    0.22065E-01    0.12078E+00   -0.11026E+00    0.13989E-01   -0.66648E-01    0.64950E+00    0.24672E+00   -0.61166E-01   -0.39567E-01    0.70210E-01
   -0.25700E-05   -0.97959E-06   -0.46049E-06    0.37935E-03    0.13932E-03    0.82267E-03   -0.50791E+01   -0.81121E+00    0.30758E+00    0.17249E+00   -0.11502E+00    0.40254E-01   -0.95460E-03   -0.52883E-02    0.32200E-02   -0.90089E-07    0.75408E-05   -0.19284E-02    0.23117E-01   -0.50339E-01    0.19129E+00   -0.37376E-01   -0.78072E-01    0.42746E-01   -0.67638E-02    0.98885E+00    0.15292E-01    0.69841E-02    0.88861E-02    0.38169E-01   -0.57774E-02   -0.61067E-01   -0.27383E-01    0.13899E+00   -0.82344E-01    0.25402E+00    0.77549E+00    0.27906E+00   -0.18444E+00
   -0.19950E-05   -0.12716E-05   -0.63827E-05    0.30726E-03   -0.68882E-04    0.57134E-03   -0.40977E+00   -0.16628E+00   -0.17757E+00    0.36229E-02    0.24639E-01   -0.27422E-01   -0.12358E-02    0.61529E-02   -0.63988E-02   -0.20497E-05    0.99397E-05   -0.15030E-02    0.29630E-01   -0.32116E-01    0.51312E-01    0.18069E+00    0.72255E-01   -0.43199E-01   -0.13022E-01    0.15292E-01    0.98342E+00    0.12982E-02    0.76434E-02    0.85509E-01   -0.28294E-01    0.13583E+00    0.15942E+00   -0.13181E+00   -0.19441E+00    0.62201E+00    0.15624E+00   -0.60534E+00    0.18872E+00
    0.51546E-05   -0.83772E-04    0.66851E-05    0.10960E-03    0.16480E-03   -0.47964E-04    0.80247E+00   -0.45278E+00   -0.36906E+00    0.20925E+00    0.26102E+00   -0.43256E-01   -0.20275E-02    0.16482E-02    0.10153E-01    0.20270E-05    0.23329E-04   -0.83459E-03    0.18500E-01   -0.24120E-01   -0.31010E-01   -0.13680E-01   -0.94088E-01    0.38695E-01   -0.24647E-01    0.69841E-02    0.12982E-02    0.10040E+01   -0.15157E-01   -0.20385E-01   -0.93975E-01   -0.15331E+00   -0.26126E-01   -0.80044E-01   -0.88394E-01    0.84356E-01   -0.48217E-01    0.31188E+00    0.68422E+00
    0.38118E-05   -0.31229E-04    0.76351E-05    0.14829E-03    0.91154E-05    0.22129E-03   -0.98587E+00   -0.16829E+00    0.51344E+00    0.30676E-03   -0.24590E+00   -0.24324E-01   -0.68203E-03   -0.18904E-02   -0.96850E-02    0.27480E-05    0.21790E-04   -0.92354E-03    0.73201E-02   -0.60564E-01    0.48592E-01    0.80698E-01    0.36975E-01    0.77627E-01   -0.19604E-01    0.88861E-02    0.76434E-02   -0.15157E-01    0.10035E+01   -0.59286E-01    0.85263E-01    0.37669E-01    0.15331E+00    0.13851E-01    0.11220E+00   -0.56426E+00    0.40311E+00   -0.35261E+00    0.20979E+00
   -0.58002E-05    0.80680E-04   -0.12699E-04   -0.88824E-03   -0.35385E-03   -0.16095E-02    0.21280E+01    0.10505E+01   -0.12694E+01   -0.28369E+00    0.49317E+00   -0.43950E-01   -0.10609E-01    0.32556E-01   -0.14431E-01    0.34205E-06   -0.20153E-03   -0.89977E-03   -0.12487E-01    0.26309E-01   -0.14142E+00   -0.53249E-02    0.74309E-01    0.68283E-01    0.22065E-01    0.38169E-01    0.85509E-01   -0.20385E-01   -0.59286E-01    0.91623E+00    0.12814E-02   -0.29960E-01   -0.35034E-02   -0.10462E-01    0.59625E+00    0.16911E+00    0.12032E+00    0.49754E-01   -0.77633E-01
   -0.23787E-05    0.34050E-04    0.18474E-05   -0.78098E-03   -0.16600E-03   -0.14854E-02   -0.47848E+00   -0.12590E+00    0.48116E+00   -0.77262E-01   -0.36282E+00    0.63423E-01   -0.13292E-02    0.33263E-02   -0.19321E-01   -0.46721E-06   -0.45422E-05   -0.55264E-02    0.34374E-01    0.22081E-01    0.19450E-01    0.45190E-01    0.10736E+00   -0.71977E-01    0.12078E+00   -0.57774E-02   -0.28294E-01   -0.93975E-01    0.85263E-01    0.12814E-02    0.98094E+00    0.50069E-02   -0.65722E-02    0.88131E-05    0.93361E-01    0.16765E+00   -0.78098E-03    0.13391E+00    0.15469E+00
    0.33467E-05   -0.20919E-04    0.45269E-05    0.25488E-03    0.78957E-05    0.42994E-03   -0.21170E+00    0.47812E+00   -0.35021E+00   -0.21768E+00    0.72664E-01    0.28207E-01   -0.15661E-02    0.91764E-02   -0.12785E-02   -0.29760E-05   -0.24226E-04   -0.67640E-04   -0.68748E-02   -0.18446E-01    0.30290E-01   -0.88306E-02    0.43435E-01   -0.68570E-01   -0.11026E+00   -0.61067E-01    0.13583E+00   -0.15331E+00    0.37669E-01   -0.29960E-01    0.50069E-02    0.99472E+00    0.11253E-01    0.18204E-01   -0.13803E+00    0.34045E-01    0.15662E+00    0.20940E-01   -0.66423E-01
    0.48539E-05   -0.32263E-04    0.50996E-05    0.28954E-03    0.64931E-04    0.48319E-03   -0.66151E+00   -0.25118E+00    0.55225E+00    0.28306E-01   -0.30039E+00   -0.36704E-01   -0.16266E-02    0.21166E-02   -0.13009E-01   -0.16190E-05   -0.15236E-05   -0.15675E-02   -0.10051E-01   -0.48716E-01    0.19975E-01   -0.15756E-01    0.13502E+00    0.58140E-01    0.13989E-01   -0.27383E-01    0.15942E+00   -0.26126E-01    0.15331E+00   -0.35034E-02   -0.65722E-02    0.11253E-01    0.99814E+00   -0.44615E-02   -0.99923E-02    0.32689E-01    0.12035E+00   -0.26884E+00    0.12442E+00
   -0.40526E-06   -0.20580E-04    0.24533E-05    0.19946E-03    0.13956E-04    0.28494E-03   -0.38681E+01    0.22059E+00    0.33404E+00   -0.72809E-01   -0.19602E+00    0.10951E-01   -0.14631E-02    0.25058E-02   -0.94963E-02    0.61947E-06   -0.72711E-05    0.11561E-02   -0.20801E-01   -0.13101E+00    0.17287E+00    0.10512E+00   -0.99116E-01    0.51045E-01   -0.66648E-01    0.13899E+00   -0.13181E+00   -0.80044E-01    0.13851E-01   -0.10462E-01    0.88131E-05    0.18204E-01   -0.44615E-02    0.97240E+00   -0.46862E-01   -0.53593E-01    0.27494E-01    0.17747E+00   -0.91159E-01
   -0.33195E-05    0.79131E-04   -0.11558E-04   -0.58780E-03   -0.69329E-04   -0.78117E-03    0.12673E+01   -0.48332E+00   -0.42929E-01    0.35237E+00    0.27916E-01   -0.66241E-01   -0.10298E-02    0.18279E-02   -0.50135E-02    0.52940E-05    0.18994E-04    0.61206E-03    0.76360E-02    0.15804E+00   -0.22599E+00   -0.62019E-01    0.91909E-01    0.89821E-01    0.64950E+00   -0.82344E-01   -0.19441E+00   -0.88394E-01    0.11220E+00    0.59625E+00    0.93361E-01   -0.13803E+00   -0.99923E-02   -0.46862E-01    0.96705E+00   -0.13253E-01   -0.25873E-03    0.87663E-02   -0.24175E-01
   -0.33747E-05    0.24989E-04   -0.11002E-04    0.16018E-03    0.29698E-04    0.43204E-03   -0.16780E+01   -0.67138E+00    0.23684E-01    0.19503E+00   -0.65375E-01   -0.12273E-01   -0.10365E-02    0.17317E-02   -0.34339E-02   -0.15749E-06    0.40542E-04   -0.31477E-02    0.37601E-01    0.31830E-01    0.32409E-01    0.34569E-01    0.48903E-01   -0.76816E-01    0.24672E+00    0.25402E+00    0.62201E+00    0.84356E-01   -0.56426E+00    0.16911E+00    0.16765E+00    0.34045E-01    0.32689E-01   -0.53593E-01   -0.13253E-01    0.98728E+00   -0.26964E-02    0.16628E-01    0.55888E-02
   -0.14487E-05    0.28361E-05   -0.55274E-06    0.31952E-03    0.62963E-04    0.71259E-03   -0.28052E+01   -0.35952E+00    0.33657E+00   -0.35953E-01   -0.16088E+00    0.24578E-01   -0.46448E-02    0.35260E-02   -0.34328E-02   -0.82265E-06   -0.27018E-04   -0.13372E-02    0.24555E-01   -0.10221E-01    0.11052E+00    0.10377E-01   -0.74607E-02    0.85880E-01   -0.61166E-01    0.77549E+00    0.15624E+00   -0.48217E-01    0.40311E+00    0.12032E+00   -0.78098E-03    0.15662E+00    0.12035E+00    0.27494E-01   -0.25873E-03   -0.26964E-02    0.10078E+01   -0.26035E-01    0.37593E-02
    0.90245E-06   -0.34880E-05    0.85873E-06   -0.26448E-03    0.75272E-04   -0.52412E-03   -0.51186E+00    0.18089E+00    0.31180E-01   -0.68443E-01    0.82691E-02    0.15404E-01   -0.52616E-02    0.35864E-02    0.29951E-02    0.14727E-05   -0.33305E-04   -0.83515E-03   -0.13753E-01    0.15404E-01    0.77997E-02   -0.18714E+00   -0.10628E+00   -0.21795E-01   -0.39567E-01    0.27906E+00   -0.60534E+00    0.31188E+00   -0.35261E+00    0.49754E-01    0.13391E+00    0.20940E-01   -0.26884E+00    0.17747E+00    0.87663E-02    0.16628E-01   -0.26035E-01    0.97327E+00   -0.23572E-02
    0.58217E-05   -0.58719E-04    0.45207E-05   -0.47109E-04    0.63009E-04   -0.27384E-03    0.36595E+01   -0.40111E+00   -0.43389E+00    0.25589E+00    0.27162E+00   -0.28976E-01   -0.19071E-02    0.15649E-02    0.11280E-01    0.10776E-05    0.26377E-04    0.17749E-02    0.32609E-01    0.64752E-01   -0.22323E+00    0.99997E-01    0.46936E-01   -0.49694E-02    0.70210E-01   -0.18444E+00    0.18872E+00    0.68422E+00    0.20979E+00   -0.77633E-01    0.15469E+00   -0.66423E-01    0.12442E+00   -0.91159E-01   -0.24175E-01    0.55888E-02    0.37593E-02   -0.23572E-02    0.98804E+00
