# omegabh2 omegach2 theta tau Alens ns logA aps100 aps143 aps217 acib143 acib217 asz143 psr cibr cal0 cal2 xi aksz bm_1_1
    0.77981E-07   -0.22558E-06    0.61129E-07    0.24831E-06    0.13440E-04    0.82879E-06    0.19374E-06   -0.94958E-03   -0.42457E-03   -0.24080E-03   -0.17271E-03   -0.23719E-03   -0.81127E-05   -0.35408E-07   -0.53530E-05   -0.61947E-09   -0.80218E-09    0.15999E-05   -0.47861E-04   -0.19802E-04
   -0.22558E-06    0.33146E-05   -0.23030E-06   -0.27011E-05   -0.65984E-04   -0.79971E-05    0.23681E-05    0.31674E-02    0.10654E-02    0.82474E-03    0.45674E-03    0.60089E-03    0.39232E-04    0.39950E-06    0.17682E-04   -0.87969E-08   -0.26799E-09   -0.46724E-06    0.13437E-03    0.10134E-03
    0.61129E-07   -0.23030E-06    0.34127E-06    0.36897E-06    0.10719E-04    0.10981E-05    0.56746E-06    0.55361E-03   -0.24945E-03   -0.31951E-03    0.51575E-04   -0.98868E-05   -0.13109E-04    0.79694E-08   -0.56508E-05    0.20142E-08    0.56514E-08    0.21805E-05   -0.19597E-04   -0.31131E-05
    0.24831E-06   -0.27011E-05    0.36897E-06    0.21015E-03   -0.44727E-03    0.12476E-04    0.41218E-03   -0.10384E-01    0.10131E-02    0.56324E-02   -0.30005E-02   -0.36217E-02   -0.23525E-05    0.66463E-05   -0.11728E-03    0.24917E-07    0.63408E-07   -0.34757E-04   -0.58203E-03   -0.23681E-03
    0.13440E-04   -0.65984E-04    0.10719E-04   -0.44727E-03    0.11538E-01    0.22481E-03   -0.99948E-03   -0.31086E+00   -0.69028E-01   -0.30311E-01   -0.50168E-01   -0.76581E-01   -0.51878E-02   -0.33554E-04   -0.21126E-02   -0.10667E-05    0.49333E-06    0.77848E-03   -0.15364E-01   -0.64283E-02
    0.82879E-06   -0.79971E-05    0.10981E-05    0.12476E-04    0.22481E-03    0.37773E-04    0.52540E-05   -0.17949E-01    0.17884E-02    0.70659E-02   -0.57686E-02   -0.89532E-02   -0.67402E-03    0.22201E-05   -0.26575E-03   -0.82644E-07    0.13700E-06    0.56824E-04   -0.19311E-02   -0.53930E-03
    0.19374E-06    0.23681E-05    0.56746E-06    0.41218E-03   -0.99948E-03    0.52540E-05    0.83343E-03   -0.53437E-02    0.12379E-01    0.21896E-01   -0.74957E-02   -0.10236E-01   -0.44787E-03    0.16901E-04   -0.35992E-03    0.12235E-06    0.41479E-06   -0.20361E-04   -0.18083E-02    0.10621E-03
   -0.94958E-03    0.31674E-02    0.55361E-03   -0.10384E-01   -0.31086E+00   -0.17949E-01   -0.53437E-02    0.27127E+04    0.17925E+03    0.75912E+02    0.10725E+03   -0.12907E+02   -0.27369E+02    0.38623E-01   -0.51113E+01    0.90242E-03    0.48951E-02    0.27147E+01   -0.43307E+01    0.10700E+02
   -0.42457E-03    0.10654E-02   -0.24945E-03    0.10131E-02   -0.69028E-01    0.17884E-02    0.12379E-01    0.17925E+03    0.14674E+03    0.10083E+03   -0.26577E+02   -0.33398E+02   -0.44739E+01    0.29804E-01   -0.12176E+01    0.69014E-04    0.76677E-03    0.47970E+00   -0.51523E+01    0.26765E-01
   -0.24080E-03    0.82474E-03   -0.31951E-03    0.56324E-02   -0.30311E-01    0.70659E-02    0.21896E-01    0.75912E+02    0.10083E+03    0.18400E+03   -0.23989E+02   -0.69690E+02   -0.30177E+01    0.39666E-01   -0.17243E+01    0.73097E-04   -0.37331E-02    0.39004E+00   -0.55856E+01    0.21030E+00
   -0.17271E-03    0.45674E-03    0.51575E-04   -0.30005E-02   -0.50168E-01   -0.57686E-02   -0.74957E-02    0.10725E+03   -0.26577E+02   -0.23989E+02    0.28896E+02    0.14261E+02   -0.11636E+01   -0.62631E-02   -0.28798E-01   -0.85399E-04   -0.25150E-03    0.26378E+00   -0.25068E+00   -0.63461E+00
   -0.23719E-03    0.60089E-03   -0.98868E-05   -0.36217E-02   -0.76581E-01   -0.89532E-02   -0.10236E-01   -0.12907E+02   -0.33398E+02   -0.69690E+02    0.14261E+02    0.37037E+02    0.16756E+01   -0.17141E-01    0.93469E+00   -0.19012E-04    0.21170E-02   -0.20148E+00   -0.20614E+00   -0.42219E-01
   -0.81127E-05    0.39232E-04   -0.13109E-04   -0.23525E-05   -0.51878E-02   -0.67402E-03   -0.44787E-03   -0.27369E+02   -0.44739E+01   -0.30177E+01   -0.11636E+01    0.16756E+01    0.66175E+00   -0.14336E-02    0.14628E+00   -0.23316E-06   -0.15467E-03   -0.64083E-01   -0.98777E-02    0.98632E-01
   -0.35408E-07    0.39950E-06    0.79694E-08    0.66463E-05   -0.33554E-04    0.22201E-05    0.16901E-04    0.38623E-01    0.29804E-01    0.39666E-01   -0.62631E-02   -0.17141E-01   -0.14336E-02    0.18700E-03   -0.58380E-03    0.78646E-07   -0.60996E-06    0.12325E-03   -0.12626E-02   -0.41516E-03
   -0.53530E-05    0.17682E-04   -0.56508E-05   -0.11728E-03   -0.21126E-02   -0.26575E-03   -0.35992E-03   -0.51113E+01   -0.12176E+01   -0.17243E+01   -0.28798E-01    0.93469E+00    0.14628E+00   -0.58380E-03    0.53247E-01   -0.31571E-06    0.18053E-04   -0.11563E-01   -0.11202E-01    0.20657E-01
   -0.61947E-09   -0.87969E-08    0.20142E-08    0.24917E-07   -0.10667E-05   -0.82644E-07    0.12235E-06    0.90242E-03    0.69014E-04    0.73097E-04   -0.85399E-04   -0.19012E-04   -0.23316E-06    0.78646E-07   -0.31571E-06    0.16587E-06    0.44737E-08    0.56276E-06    0.32354E-05   -0.39392E-04
   -0.80218E-09   -0.26799E-09    0.56514E-08    0.63408E-07    0.49333E-06    0.13700E-06    0.41479E-06    0.48951E-02    0.76677E-03   -0.37331E-02   -0.25150E-03    0.21170E-02   -0.15467E-03   -0.60996E-06    0.18053E-04    0.44737E-08    0.95466E-06   -0.24219E-06   -0.13134E-04    0.11245E-04
    0.15999E-05   -0.46724E-06    0.21805E-05   -0.34757E-04    0.77848E-03    0.56824E-04   -0.20361E-04    0.27147E+01    0.47970E+00    0.39004E+00    0.26378E+00   -0.20148E+00   -0.64083E-01    0.12325E-03   -0.11563E-01    0.56276E-06   -0.24219E-06    0.30509E-01    0.12918E-02   -0.12404E-01
   -0.47861E-04    0.13437E-03   -0.19597E-04   -0.58203E-03   -0.15364E-01   -0.19311E-02   -0.18083E-02   -0.43307E+01   -0.51523E+01   -0.55856E+01   -0.25068E+00   -0.20614E+00   -0.98777E-02   -0.12626E-02   -0.11202E-01    0.32354E-05   -0.13134E-04    0.12918E-02    0.18292E+01    0.13150E-01
   -0.19802E-04    0.10134E-03   -0.31131E-05   -0.23681E-03   -0.64283E-02   -0.53930E-03    0.10621E-03    0.10700E+02    0.26765E-01    0.21030E+00   -0.63461E+00   -0.42219E-01    0.98632E-01   -0.41516E-03    0.20657E-01   -0.39392E-04    0.11245E-04   -0.12404E-01    0.13150E-01    0.61268E+00
