# omegabh2 omegach2 theta tau Alens ns logA aps100 aps143 aps217 acib143 acib217 asz143 psr cibr ncib cal0 cal2 xi aksz bm_1_1 bm_1_2 bm_1_3 bm_1_4 bm_1_5 bm_2_1 bm_2_2 bm_2_3 bm_2_4 bm_2_5 bm_3_1 bm_3_2 bm_3_3 bm_3_4 bm_3_5 bm_4_1 bm_4_2 bm_4_3 bm_4_4 bm_4_5
    0.13414E-06   -0.83309E-06    0.15037E-06    0.21220E-05    0.26360E-04    0.25307E-05    0.25860E-05   -0.30155E-02   -0.13024E-02   -0.33275E-03   -0.25102E-03   -0.40020E-03    0.48167E-04    0.16632E-07   -0.82227E-05   -0.47856E-05   -0.10433E-08   -0.16704E-07    0.60481E-05   -0.11029E-03   -0.27405E-04   -0.10580E-04    0.27247E-05    0.53981E-05    0.16001E-05   -0.25610E-05   -0.12150E-04   -0.26482E-05    0.14562E-05    0.39740E-05   -0.10271E-04   -0.13763E-04   -0.13707E-05    0.40001E-05   -0.51703E-05   -0.49954E-05   -0.12446E-04   -0.51093E-05   -0.97658E-05   -0.24274E-05
   -0.83309E-06    0.10074E-04   -0.12280E-05   -0.23454E-04   -0.21436E-03   -0.26065E-04   -0.23830E-04    0.16503E-01    0.78270E-02    0.22975E-02    0.12023E-02    0.23342E-02   -0.12281E-03    0.80958E-05    0.43242E-04    0.36053E-04    0.15570E-07    0.11287E-06   -0.28520E-04    0.53422E-03    0.25514E-03   -0.14095E-04   -0.22865E-04   -0.23413E-04   -0.12550E-04    0.39473E-04    0.19828E-04   -0.40787E-04   -0.39294E-04   -0.20229E-04    0.11533E-03    0.23187E-05   -0.34245E-04   -0.24523E-04   -0.72701E-05    0.11028E-03    0.67256E-05    0.11914E-04    0.43440E-04    0.50127E-05
    0.15037E-06   -0.12280E-05    0.47344E-06    0.39717E-05    0.30547E-04    0.38707E-05    0.55018E-05   -0.24802E-02   -0.13104E-02   -0.34603E-03   -0.23894E-03   -0.36764E-03    0.80509E-04   -0.26234E-06   -0.55498E-05   -0.53604E-05   -0.13770E-08   -0.18118E-07    0.29284E-05   -0.10334E-03   -0.25170E-04   -0.17596E-04   -0.99712E-05    0.86632E-05    0.26360E-05   -0.12152E-04   -0.26140E-04   -0.12033E-04    0.21592E-05    0.63923E-06   -0.13617E-04   -0.61608E-05    0.10882E-04    0.31603E-05   -0.39969E-06   -0.11613E-04   -0.20300E-04   -0.16577E-04   -0.35468E-06    0.37792E-06
    0.21220E-05   -0.23454E-04    0.39717E-05    0.12991E-02   -0.26902E-02    0.10192E-03    0.25337E-02   -0.10179E+00   -0.19510E-01    0.13010E-02   -0.11718E-01   -0.14169E-01    0.33032E-03   -0.40132E-04   -0.87819E-06   -0.21725E-03   -0.41049E-07    0.41743E-06    0.21146E-03   -0.49175E-02   -0.74899E-03   -0.19284E-03    0.10972E-03   -0.10638E-06   -0.10303E-02   -0.11672E-03   -0.31437E-03    0.36236E-03    0.13309E-02    0.34914E-03    0.31979E-03   -0.12187E-02    0.12344E-02   -0.60219E-03    0.12233E-03    0.13744E-03   -0.38908E-03    0.37418E-03   -0.40630E-03    0.90708E-03
    0.26360E-04   -0.21436E-03    0.30547E-04   -0.26902E-02    0.22871E-01    0.55378E-03   -0.57940E-02   -0.69301E+00   -0.27895E+00   -0.68280E-01   -0.60621E-01   -0.88843E-01    0.19019E-02    0.30322E-03   -0.36287E-02   -0.41052E-03    0.21546E-06   -0.67755E-05    0.16844E-02   -0.31062E-01   -0.57536E-02    0.20527E-03    0.75258E-03    0.10278E-02    0.52298E-02   -0.13994E-02   -0.94505E-03   -0.11412E-02   -0.41438E-02   -0.41704E-03   -0.49562E-02   -0.12479E-02   -0.45773E-02    0.33967E-02   -0.70926E-03   -0.36137E-02   -0.25559E-02   -0.99057E-03   -0.14018E-02   -0.40755E-02
    0.25307E-05   -0.26065E-04    0.38707E-05    0.10192E-03    0.55378E-03    0.89752E-04    0.14361E-03   -0.96981E-01   -0.23517E-01    0.11696E-02   -0.95736E-02   -0.12260E-01    0.56760E-03    0.60473E-05   -0.28476E-03   -0.11377E-03   -0.38920E-07   -0.48103E-07    0.12018E-03   -0.48453E-02   -0.58874E-03    0.57468E-04   -0.18977E-03    0.63230E-04    0.15817E-03    0.80229E-04   -0.18701E-05   -0.92121E-04    0.25270E-03    0.36865E-05   -0.22506E-03   -0.97252E-04   -0.54197E-04    0.22992E-04   -0.35485E-04   -0.58863E-04   -0.83209E-04   -0.91529E-05    0.37197E-04    0.59824E-04
    0.25860E-05   -0.23830E-04    0.55018E-05    0.25337E-02   -0.57940E-02    0.14361E-03    0.49988E-02   -0.18698E+00   -0.15817E-01    0.13397E-01   -0.24596E-01   -0.25595E-01   -0.28162E-03   -0.49933E-04    0.78603E-05   -0.34347E-03    0.35360E-07    0.15194E-05    0.40714E-03   -0.10359E-01   -0.32315E-03   -0.28674E-03    0.11700E-03   -0.32060E-04   -0.19933E-02    0.11116E-03   -0.53529E-03    0.56927E-03    0.25259E-02    0.58499E-03    0.99498E-03   -0.24415E-02    0.23380E-02   -0.12952E-02    0.13020E-03    0.78992E-03   -0.72521E-03    0.87072E-03   -0.69219E-03    0.17892E-02
   -0.30155E-02    0.16503E-01   -0.24802E-02   -0.10179E+00   -0.69301E+00   -0.96981E-01   -0.18698E+00    0.24865E+04    0.81696E+02   -0.10363E+03    0.97033E+02    0.87005E+02   -0.69534E+02   -0.80864E+00   -0.48156E+00    0.15912E+01    0.76164E-03   -0.25724E-02   -0.33420E+00   -0.80522E+01    0.11386E+02   -0.90484E+01    0.76153E+00    0.25953E+00   -0.21143E+01    0.47464E+00   -0.53551E+01    0.24607E+00   -0.19603E+01    0.10780E-01    0.33458E+00    0.12502E+01    0.66538E+00   -0.51189E+00   -0.38218E+01    0.11321E+01   -0.11222E+01   -0.31470E+01   -0.17505E+01    0.24038E+01
   -0.13024E-02    0.78270E-02   -0.13104E-02   -0.19510E-01   -0.27895E+00   -0.23517E-01   -0.15817E-01    0.81696E+02    0.16584E+03    0.43392E+02   -0.23192E+02   -0.83027E+00   -0.72274E+01   -0.30781E+00    0.17413E+00   -0.10900E+00    0.24759E-03    0.35788E-02    0.89866E+00   -0.12804E+02    0.99003E+00    0.46691E+00    0.30691E+00    0.16315E+00    0.16685E+00   -0.12729E+01   -0.59289E-01   -0.49703E+00   -0.14713E-01    0.85615E-01    0.11220E+01    0.11451E+00    0.31586E+00   -0.13902E+00   -0.10424E+00   -0.31460E-01   -0.65613E+00    0.32053E+00    0.42241E+00   -0.27655E-01
   -0.33275E-03    0.22975E-02   -0.34603E-03    0.13010E-02   -0.68280E-01    0.11696E-02    0.13397E-01   -0.10363E+03    0.43392E+02    0.16930E+03   -0.20116E+02   -0.52974E+02    0.58790E+01   -0.89865E-01   -0.55793E+00   -0.96039E+00    0.11759E-03   -0.31117E-02    0.23364E+00   -0.11035E+02    0.96126E+00    0.84806E+00   -0.37414E+00    0.39891E-02    0.63123E+00    0.81321E+00    0.41709E+00   -0.74527E+00    0.14985E+00    0.40069E+00   -0.10556E+01    0.66415E+00   -0.38117E+00    0.19782E+00    0.42599E+00    0.26699E-01   -0.17751E+00    0.28081E+00    0.81388E+00   -0.59738E-01
   -0.25102E-03    0.12023E-02   -0.23894E-03   -0.11718E-01   -0.60621E-01   -0.95736E-02   -0.24596E-01    0.97033E+02   -0.23192E+02   -0.20116E+02    0.19823E+02    0.11514E+02   -0.30038E+01    0.42891E-01    0.36498E-01    0.22083E+00   -0.14975E-03   -0.13376E-02    0.69603E-01    0.42432E+00   -0.66741E+00   -0.48948E+00   -0.31085E-01   -0.39374E-01   -0.17972E+00    0.82302E+00    0.17569E-01    0.26293E+00   -0.60968E-01    0.31068E-01   -0.48396E+00   -0.19958E-02    0.25794E-01    0.89043E-02   -0.34488E-01    0.21802E+00    0.33619E+00   -0.14886E+00   -0.27786E+00    0.14496E+00
   -0.40020E-03    0.23342E-02   -0.36764E-03   -0.14169E-01   -0.88843E-01   -0.12260E-01   -0.25595E-01    0.87005E+02   -0.83027E+00   -0.52974E+02    0.11514E+02    0.25663E+02   -0.28959E+01    0.78129E-01    0.25675E+00    0.48649E+00   -0.40743E-04    0.13780E-02   -0.15611E+00   -0.36819E+00   -0.25075E+00   -0.40032E+00    0.10642E+00   -0.36668E-01   -0.25454E+00   -0.23455E+00   -0.12248E+00    0.22211E+00    0.76978E-01   -0.21026E+00    0.37527E+00   -0.35310E+00    0.16990E+00   -0.25342E+00   -0.21874E+00    0.20566E-01    0.72304E-01   -0.11913E+00   -0.18914E+00    0.19375E+00
    0.48167E-04   -0.12281E-03    0.80509E-04    0.33032E-03    0.19019E-02    0.56760E-03   -0.28162E-03   -0.69534E+02   -0.72274E+01    0.58790E+01   -0.30038E+01   -0.28959E+01    0.74499E+01    0.62396E-01    0.24104E+00   -0.13044E+00    0.56996E-04   -0.19736E-03   -0.19652E-01   -0.19045E+00    0.27196E+00    0.10358E+00    0.40774E-01    0.20960E-01    0.46900E-01   -0.11319E+00    0.54350E-01   -0.96089E-01    0.74221E-01   -0.69213E-01   -0.67427E-01   -0.18934E-01    0.18123E-02   -0.34848E-01    0.51511E-01   -0.12621E+00   -0.45959E-01    0.21726E-01    0.13240E+00    0.49057E-01
    0.16632E-07    0.80958E-05   -0.26234E-06   -0.40132E-04    0.30322E-03    0.60473E-05   -0.49933E-04   -0.80864E+00   -0.30781E+00   -0.89865E-01    0.42891E-01    0.78129E-01    0.62396E-01    0.78524E-02   -0.61798E-02    0.72010E-02   -0.21034E-07   -0.24812E-04    0.41974E-02   -0.56661E-02    0.82324E-02    0.16116E-02   -0.73918E-03   -0.18790E-02   -0.84055E-03    0.61388E-02   -0.22513E-03    0.10622E-02   -0.21097E-03   -0.11116E-02   -0.93529E-02   -0.28728E-02   -0.25211E-02   -0.29478E-02    0.56719E-03   -0.15214E-02    0.13943E-03   -0.38044E-02   -0.61026E-02   -0.61576E-03
   -0.82227E-05    0.43242E-04   -0.55498E-05   -0.87819E-06   -0.36287E-02   -0.28476E-03    0.78603E-05   -0.48156E+00    0.17413E+00   -0.55793E+00    0.36498E-01    0.25675E+00    0.24104E+00   -0.61798E-02    0.50152E-01   -0.12413E-01    0.53551E-05    0.92319E-04    0.45045E-03   -0.58280E-01   -0.51269E-02    0.72814E-03    0.25114E-02    0.43187E-02    0.54838E-02   -0.25555E-01    0.56624E-02   -0.10860E-01    0.16634E-01   -0.17272E-02    0.31736E-01    0.38889E-02    0.11783E-01    0.23550E-03    0.18459E-02    0.30069E-02   -0.56051E-02    0.14479E-01    0.24562E-01    0.80620E-02
   -0.47856E-05    0.36053E-04   -0.53604E-05   -0.21725E-03   -0.41052E-03   -0.11377E-03   -0.34347E-03    0.15912E+01   -0.10900E+00   -0.96039E+00    0.22083E+00    0.48649E+00   -0.13044E+00    0.72010E-02   -0.12413E-01    0.20663E-01   -0.10342E-05   -0.18251E-04   -0.17117E-02    0.12053E-02    0.66235E-02   -0.11343E-01   -0.27145E-02   -0.50100E-02   -0.65251E-02    0.78184E-02    0.19652E-02   -0.15620E-02    0.54074E-02   -0.91497E-02   -0.10843E-01   -0.17402E-01   -0.18623E-02   -0.14421E-01   -0.12067E-01   -0.16167E-02   -0.83264E-03   -0.33515E-02   -0.26258E-02    0.99063E-02
   -0.10433E-08    0.15570E-07   -0.13770E-08   -0.41049E-07    0.21546E-06   -0.38920E-07    0.35360E-07    0.76164E-03    0.24759E-03    0.11759E-03   -0.14975E-03   -0.40743E-04    0.56996E-04   -0.21034E-07    0.53551E-05   -0.10342E-05    0.15896E-06    0.22645E-07   -0.13871E-05   -0.32714E-04   -0.14207E-04   -0.28421E-05    0.47853E-05    0.18870E-05    0.31145E-05    0.33081E-05    0.81593E-05   -0.70687E-05    0.37630E-05   -0.10959E-05    0.47580E-05    0.28081E-05    0.10173E-04   -0.58424E-05    0.10570E-04    0.57146E-05    0.69504E-06    0.65994E-05    0.15777E-04    0.47525E-05
   -0.16704E-07    0.11287E-06   -0.18118E-07    0.41743E-06   -0.67755E-05   -0.48103E-07    0.15194E-05   -0.25724E-02    0.35788E-02   -0.31117E-02   -0.13376E-02    0.13780E-02   -0.19736E-03   -0.24812E-04    0.92319E-04   -0.18251E-04    0.22645E-07    0.16354E-05   -0.68237E-05   -0.14305E-03    0.98062E-04    0.74648E-04   -0.21086E-04   -0.33896E-05    0.31818E-04    0.22148E-03    0.29836E-04    0.35056E-05    0.45129E-04    0.16961E-04   -0.21637E-03   -0.25280E-04   -0.35823E-04   -0.82361E-06   -0.30076E-04    0.16794E-04    0.39333E-04    0.13972E-05   -0.36233E-04    0.31831E-04
    0.60481E-05   -0.28520E-04    0.29284E-05    0.21146E-03    0.16844E-02    0.12018E-03    0.40714E-03   -0.33420E+00    0.89866E+00    0.23364E+00    0.69603E-01   -0.15611E+00   -0.19652E-01    0.41974E-02    0.45045E-03   -0.17117E-02   -0.13871E-05   -0.68237E-05    0.84149E-01    0.11858E-01    0.36189E-02   -0.62077E-03    0.71134E-02   -0.58144E-02   -0.18226E-02    0.42970E-02   -0.10427E-02    0.20080E-02    0.61636E-02   -0.95081E-03   -0.59987E-02   -0.10378E-01   -0.26660E-02   -0.18593E-02   -0.58744E-03   -0.11166E-03   -0.24742E-02   -0.13371E-02   -0.67006E-02    0.29842E-03
   -0.11029E-03    0.53422E-03   -0.10334E-03   -0.49175E-02   -0.31062E-01   -0.48453E-02   -0.10359E-01   -0.80522E+01   -0.12804E+02   -0.11035E+02    0.42432E+00   -0.36819E+00   -0.19045E+00   -0.56661E-02   -0.58280E-01    0.12053E-02   -0.32714E-04   -0.14305E-03    0.11858E-01    0.76037E+01   -0.16950E-01   -0.37056E-01    0.46077E-01   -0.93821E-02   -0.86393E-01    0.56258E-02    0.47067E-02    0.64563E-01   -0.79860E-01   -0.37306E-02   -0.14919E-01   -0.82610E-02   -0.62690E-01    0.35739E-01   -0.30369E-01   -0.18860E-01    0.47179E-01   -0.28913E-01   -0.84501E-01   -0.90847E-01
   -0.27405E-04    0.25514E-03   -0.25170E-04   -0.74899E-03   -0.57536E-02   -0.58874E-03   -0.32315E-03    0.11386E+02    0.99003E+00    0.96126E+00   -0.66741E+00   -0.25075E+00    0.27196E+00    0.82324E-02   -0.51269E-02    0.66235E-02   -0.14207E-04    0.98062E-04    0.36189E-02   -0.16950E-01    0.69619E+00   -0.12587E+00   -0.19964E-01    0.19578E-01    0.15418E-01    0.16529E+00   -0.38947E-01   -0.56293E-01   -0.16476E-01   -0.70064E-01    0.37256E-01    0.36779E-01   -0.41462E-01   -0.45680E-01   -0.13963E+00    0.15813E+00    0.25117E-01   -0.93407E-02    0.33988E-01    0.63265E-01
   -0.10580E-04   -0.14095E-04   -0.17596E-04   -0.19284E-03    0.20527E-03    0.57468E-04   -0.28674E-03   -0.90484E+01    0.46691E+00    0.84806E+00   -0.48948E+00   -0.40032E+00    0.10358E+00    0.16116E-02    0.72814E-03   -0.11343E-01   -0.28421E-05    0.74648E-04   -0.62077E-03   -0.37056E-01   -0.12587E+00    0.92507E+00   -0.69661E-02    0.11669E-01    0.41239E-01   -0.16612E+00    0.18584E+00    0.54196E-01   -0.48061E-02    0.46197E-01   -0.12255E+00    0.16792E-01    0.16804E-01    0.31754E-01    0.17630E+00   -0.23508E+00    0.27798E-01    0.10976E+00    0.17940E-01   -0.20515E+00
    0.27247E-05   -0.22865E-04   -0.99712E-05    0.10972E-03    0.75258E-03   -0.18977E-03    0.11700E-03    0.76153E+00    0.30691E+00   -0.37414E+00   -0.31085E-01    0.10642E+00    0.40774E-01   -0.73918E-03    0.25114E-02   -0.27145E-02    0.47853E-05   -0.21086E-04    0.71134E-02    0.46077E-01   -0.19964E-01   -0.69661E-02    0.10034E+01   -0.14089E-03   -0.13187E-01   -0.69373E-01   -0.12979E-01    0.17868E+00   -0.11650E-01    0.92925E-01    0.45557E-02    0.39826E-01   -0.24544E-01   -0.12132E-02    0.13257E+00   -0.69493E-01    0.30030E-01    0.21900E-01   -0.18212E+00    0.99679E-01
    0.53981E-05   -0.23413E-04    0.86632E-05   -0.10638E-06    0.10278E-02    0.63230E-04   -0.32060E-04    0.25953E+00    0.16315E+00    0.39891E-02   -0.39374E-01   -0.36668E-01    0.20960E-01   -0.18790E-02    0.43187E-02   -0.50100E-02    0.18870E-05   -0.33896E-05   -0.58144E-02   -0.93821E-02    0.19578E-01    0.11669E-01   -0.14089E-03    0.97840E+00    0.11741E-01    0.61070E-01   -0.90176E-01    0.69219E-01   -0.11161E+00    0.53731E-01    0.79934E-01    0.12291E+00    0.52099E-01    0.13821E+00   -0.10724E+00    0.10148E+00    0.32803E-01    0.11081E-02   -0.11699E+00    0.41382E-01
    0.16001E-05   -0.12550E-04    0.26360E-05   -0.10303E-02    0.52298E-02    0.15817E-03   -0.19933E-02   -0.21143E+01    0.16685E+00    0.63123E+00   -0.17972E+00   -0.25454E+00    0.46900E-01   -0.84055E-03    0.54838E-02   -0.65251E-02    0.31145E-05    0.31818E-04   -0.18226E-02   -0.86393E-01    0.15418E-01    0.41239E-01   -0.13187E-01    0.11741E-01    0.10307E+01    0.38037E-01    0.65192E-01   -0.61941E-01    0.38547E-01    0.72453E-01    0.64202E-01   -0.64923E-01   -0.82250E-01    0.48490E-01    0.75982E-01    0.96335E-01   -0.76298E-01    0.10369E+00    0.18514E-01    0.44560E-04
   -0.25610E-05    0.39473E-04   -0.12152E-04   -0.11672E-03   -0.13994E-02    0.80229E-04    0.11116E-03    0.47464E+00   -0.12729E+01    0.81321E+00    0.82302E+00   -0.23455E+00   -0.11319E+00    0.61388E-02   -0.25555E-01    0.78184E-02    0.33081E-05    0.22148E-03    0.42970E-02    0.56258E-02    0.16529E+00   -0.16612E+00   -0.69373E-01    0.61070E-01    0.38037E-01    0.85503E+00    0.36296E-03    0.18346E-01   -0.37687E-01   -0.28808E-01    0.19179E-01    0.12777E+00   -0.97651E-01    0.13986E-01   -0.79523E-01    0.63579E+00    0.26551E+00   -0.47434E-01   -0.63543E-01    0.69531E-01
   -0.12150E-04    0.19828E-04   -0.26140E-04   -0.31437E-03   -0.94505E-03   -0.18701E-05   -0.53529E-03   -0.53551E+01   -0.59289E-01    0.41709E+00    0.17569E-01   -0.12248E+00    0.54350E-01   -0.22513E-03    0.56624E-02    0.19652E-02    0.81593E-05    0.29836E-04   -0.10427E-02    0.47067E-02   -0.38947E-01    0.18584E+00   -0.12979E-01   -0.90176E-01    0.65192E-01    0.36296E-03    0.97568E+00    0.36575E-01    0.51200E-02    0.14288E-02    0.58517E-01    0.16641E-01   -0.63432E-01   -0.32067E-02    0.14545E+00   -0.67434E-01    0.27456E+00    0.76672E+00    0.26201E+00   -0.17662E+00
   -0.26482E-05   -0.40787E-04   -0.12033E-04    0.36236E-03   -0.11412E-02   -0.92121E-04    0.56927E-03    0.24607E+00   -0.49703E+00   -0.74527E+00    0.26293E+00    0.22211E+00   -0.96089E-01    0.10622E-02   -0.10860E-01   -0.15620E-02   -0.70687E-05    0.35056E-05    0.20080E-02    0.64563E-01   -0.56293E-01    0.54196E-01    0.17868E+00    0.69219E-01   -0.61941E-01    0.18346E-01    0.36575E-01    0.10304E+01   -0.12927E-01   -0.67566E-02    0.79269E-01   -0.48095E-01    0.14885E+00    0.20530E+00   -0.14895E+00   -0.19317E+00    0.67255E+00    0.17162E+00   -0.63751E+00    0.17383E+00
    0.14562E-05   -0.39294E-04    0.21592E-05    0.13309E-02   -0.41438E-02    0.25270E-03    0.25259E-02   -0.19603E+01   -0.14713E-01    0.14985E+00   -0.60968E-01    0.76978E-01    0.74221E-01   -0.21097E-03    0.16634E-01    0.54074E-02    0.37630E-05    0.45129E-04    0.61636E-02   -0.79860E-01   -0.16476E-01   -0.48061E-02   -0.11650E-01   -0.11161E+00    0.38547E-01   -0.37687E-01    0.51200E-02   -0.12927E-01    0.94346E+00   -0.91693E-02   -0.23491E-01   -0.88840E-01   -0.13315E+00   -0.62331E-01   -0.76199E-01   -0.91377E-01    0.63903E-01   -0.49675E-01    0.30111E+00    0.62361E+00
    0.39740E-05   -0.20229E-04    0.63923E-06    0.34914E-03   -0.41704E-03    0.36865E-05    0.58499E-03    0.10780E-01    0.85615E-01    0.40069E+00    0.31068E-01   -0.21026E+00   -0.69213E-01   -0.11116E-02   -0.17272E-02   -0.91497E-02   -0.10959E-05    0.16961E-04   -0.95081E-03   -0.37306E-02   -0.70064E-01    0.46197E-01    0.92925E-01    0.53731E-01    0.72453E-01   -0.28808E-01    0.14288E-02   -0.67566E-02   -0.91693E-02    0.10028E+01   -0.52462E-01    0.92526E-01    0.38330E-01    0.13080E+00    0.31293E-01    0.11067E+00   -0.56458E+00    0.37284E+00   -0.33524E+00    0.19084E+00
   -0.10271E-04    0.11533E-03   -0.13617E-04    0.31979E-03   -0.49562E-02   -0.22506E-03    0.99498E-03    0.33458E+00    0.11220E+01   -0.10556E+01   -0.48396E+00    0.37527E+00   -0.67427E-01   -0.93529E-02    0.31736E-01   -0.10843E-01    0.47580E-05   -0.21637E-03   -0.59987E-02   -0.14919E-01    0.37256E-01   -0.12255E+00    0.45557E-02    0.79934E-01    0.64202E-01    0.19179E-01    0.58517E-01    0.79269E-01   -0.23491E-01   -0.52462E-01    0.93208E+00    0.12672E-01   -0.12316E-01    0.19270E-01    0.64655E-02    0.60498E+00    0.17198E+00    0.14180E+00    0.59524E-01   -0.87198E-01
   -0.13763E-04    0.23187E-05   -0.61608E-05   -0.12187E-02   -0.12479E-02   -0.97252E-04   -0.24415E-02    0.12502E+01    0.11451E+00    0.66415E+00   -0.19958E-02   -0.35310E+00   -0.18934E-01   -0.28728E-02    0.38889E-02   -0.17402E-01    0.28081E-05   -0.25280E-04   -0.10378E-01   -0.82610E-02    0.36779E-01    0.16792E-01    0.39826E-01    0.12291E+00   -0.64923E-01    0.12777E+00    0.16641E-01   -0.48095E-01   -0.88840E-01    0.92526E-01    0.12672E-01    0.10006E+01   -0.10654E-01   -0.17346E-01    0.16169E-01    0.10686E+00    0.17236E+00   -0.15505E-02    0.16526E+00    0.15018E+00
   -0.13707E-05   -0.34245E-04    0.10882E-04    0.12344E-02   -0.45773E-02   -0.54197E-04    0.23380E-02    0.66538E+00    0.31586E+00   -0.38117E+00    0.25794E-01    0.16990E+00    0.18123E-02   -0.25211E-02    0.11783E-01   -0.18623E-02    0.10173E-04   -0.35823E-04   -0.26660E-02   -0.62690E-01   -0.41462E-01    0.16804E-01   -0.24544E-01    0.52099E-01   -0.82250E-01   -0.97651E-01   -0.63432E-01    0.14885E+00   -0.13315E+00    0.38330E-01   -0.12316E-01   -0.10654E-01    0.97590E+00   -0.81521E-04   -0.25812E-02   -0.11782E+00    0.38758E-01    0.15934E+00    0.36194E-02   -0.59941E-01
    0.40001E-05   -0.24523E-04    0.31603E-05   -0.60219E-03    0.33967E-02    0.22992E-04   -0.12952E-02   -0.51189E+00   -0.13902E+00    0.19782E+00    0.89043E-02   -0.25342E+00   -0.34848E-01   -0.29478E-02    0.23550E-03   -0.14421E-01   -0.58424E-05   -0.82361E-06   -0.18593E-02    0.35739E-01   -0.45680E-01    0.31754E-01   -0.12132E-02    0.13821E+00    0.48490E-01    0.13986E-01   -0.32067E-02    0.20530E+00   -0.62331E-01    0.13080E+00    0.19270E-01   -0.17346E-01   -0.81521E-04    0.97516E+00    0.84306E-02   -0.10938E-01    0.79922E-01    0.12737E+00   -0.28948E+00    0.81545E-01
   -0.51703E-05   -0.72701E-05   -0.39969E-06    0.12233E-03   -0.70926E-03   -0.35485E-04    0.13020E-03   -0.38218E+01   -0.10424E+00    0.42599E+00   -0.34488E-01   -0.21874E+00    0.51511E-01    0.56719E-03    0.18459E-02   -0.12067E-01    0.10570E-04   -0.30076E-04   -0.58744E-03   -0.30369E-01   -0.13963E+00    0.17630E+00    0.13257E+00   -0.10724E+00    0.75982E-01   -0.79523E-01    0.14545E+00   -0.14895E+00   -0.76199E-01    0.31293E-01    0.64655E-02    0.16169E-01   -0.25812E-02    0.84306E-02    0.10208E+01   -0.38916E-01   -0.71800E-01    0.43437E-01    0.18798E+00   -0.78029E-01
   -0.49954E-05    0.11028E-03   -0.11613E-04    0.13744E-03   -0.36137E-02   -0.58863E-04    0.78992E-03    0.11321E+01   -0.31460E-01    0.26699E-01    0.21802E+00    0.20566E-01   -0.12621E+00   -0.15214E-02    0.30069E-02   -0.16167E-02    0.57146E-05    0.16794E-04   -0.11166E-03   -0.18860E-01    0.15813E+00   -0.23508E+00   -0.69493E-01    0.10148E+00    0.96335E-01    0.63579E+00   -0.67434E-01   -0.19317E+00   -0.91377E-01    0.11067E+00    0.60498E+00    0.10686E+00   -0.11782E+00   -0.10938E-01   -0.38916E-01    0.96169E+00   -0.10420E-01    0.16681E-01    0.12969E-01   -0.30016E-01
   -0.12446E-04    0.67256E-05   -0.20300E-04   -0.38908E-03   -0.25559E-02   -0.83209E-04   -0.72521E-03   -0.11222E+01   -0.65613E+00   -0.17751E+00    0.33619E+00    0.72304E-01   -0.45959E-01    0.13943E-03   -0.56051E-02   -0.83264E-03    0.69504E-06    0.39333E-04   -0.24742E-02    0.47179E-01    0.25117E-01    0.27798E-01    0.30030E-01    0.32803E-01   -0.76298E-01    0.26551E+00    0.27456E+00    0.67255E+00    0.63903E-01   -0.56458E+00    0.17198E+00    0.17236E+00    0.38758E-01    0.79922E-01   -0.71800E-01   -0.10420E-01    0.10259E+01    0.28908E-01   -0.23334E-01    0.66704E-02
   -0.51093E-05    0.11914E-04   -0.16577E-04    0.37418E-03   -0.99057E-03   -0.91529E-05    0.87072E-03   -0.31470E+01    0.32053E+00    0.28081E+00   -0.14886E+00   -0.11913E+00    0.21726E-01   -0.38044E-02    0.14479E-01   -0.33515E-02    0.65994E-05    0.13972E-05   -0.13371E-02   -0.28913E-01   -0.93407E-02    0.10976E+00    0.21900E-01    0.11081E-02    0.10369E+00   -0.47434E-01    0.76672E+00    0.17162E+00   -0.49675E-01    0.37284E+00    0.14180E+00   -0.15505E-02    0.15934E+00    0.12737E+00    0.43437E-01    0.16681E-01    0.28908E-01    0.98318E+00   -0.31990E-01   -0.74027E-02
   -0.97658E-05    0.43440E-04   -0.35468E-06   -0.40630E-03   -0.14018E-02    0.37197E-04   -0.69219E-03   -0.17505E+01    0.42241E+00    0.81388E+00   -0.27786E+00   -0.18914E+00    0.13240E+00   -0.61026E-02    0.24562E-01   -0.26258E-02    0.15777E-04   -0.36233E-04   -0.67006E-02   -0.84501E-01    0.33988E-01    0.17940E-01   -0.18212E+00   -0.11699E+00    0.18514E-01   -0.63543E-01    0.26201E+00   -0.63751E+00    0.30111E+00   -0.33524E+00    0.59524E-01    0.16526E+00    0.36194E-02   -0.28948E+00    0.18798E+00    0.12969E-01   -0.23334E-01   -0.31990E-01    0.98943E+00    0.91072E-02
   -0.24274E-05    0.50127E-05    0.37792E-06    0.90708E-03   -0.40755E-02    0.59824E-04    0.17892E-02    0.24038E+01   -0.27655E-01   -0.59738E-01    0.14496E+00    0.19375E+00    0.49057E-01   -0.61576E-03    0.80620E-02    0.99063E-02    0.47525E-05    0.31831E-04    0.29842E-03   -0.90847E-01    0.63265E-01   -0.20515E+00    0.99679E-01    0.41382E-01    0.44560E-04    0.69531E-01   -0.17662E+00    0.17383E+00    0.62361E+00    0.19084E+00   -0.87198E-01    0.15018E+00   -0.59941E-01    0.81545E-01   -0.78029E-01   -0.30016E-01    0.66704E-02   -0.74027E-02    0.91072E-02    0.92644E+00
