# omegabh2 omegach2 theta tau omegak mnu ns logA aps100 aps143 aps217 acib143 acib217 asz143 psr cibr cal0 cal2 xi aksz bm_1_1
9.258000E-08 -5.484200E-07 1.087400E-07 1.040400E-06 -8.934500E-07 -1.734400E-05 1.528400E-06 1.041300E-06 -6.974300E-04 -6.055000E-04 -3.035100E-04 -1.450900E-04 -2.454800E-04 -2.180645E-05 -6.074100E-08 -5.430900E-06 4.508400E-09 -8.256000E-09 1.179400E-06 -7.239095E-05 -3.195000E-05
-5.484200E-07 8.242900E-06 -9.184400E-07 -1.057100E-05 9.573700E-06 1.013600E-04 -1.891500E-05 -2.228300E-06 2.786200E-03 5.019700E-03 3.726300E-03 1.005200E-04 5.501800E-04 7.713886E-05 7.941700E-07 2.879900E-05 -6.087300E-08 -3.239900E-09 -1.091500E-05 1.013058E-04 2.094900E-04
1.087400E-07 -9.184400E-07 4.552000E-07 1.280200E-06 -1.680900E-06 -3.041500E-05 2.720800E-06 9.095600E-07 -2.988200E-04 -5.605200E-04 -1.821100E-04 -8.409500E-05 -2.678200E-04 -4.988799E-05 1.001600E-07 -7.024500E-06 7.199100E-09 -1.504500E-08 1.992700E-06 -3.426912E-05 -3.029000E-05
1.040400E-06 -1.057100E-05 1.280200E-06 2.035400E-04 -8.258800E-06 7.877100E-05 3.657000E-05 3.816700E-04 -2.333600E-02 -3.969900E-03 -4.355500E-05 -3.967800E-03 -6.993100E-03 -2.964839E-03 3.566600E-06 -2.140900E-04 -2.528700E-08 -6.037000E-08 3.525300E-05 -2.942496E-03 -8.591900E-04
-8.934500E-07 9.573700E-06 -1.680900E-06 -8.258800E-06 2.352000E-05 5.672600E-04 -2.448400E-05 2.631400E-06 9.006200E-03 5.711600E-03 3.093300E-03 1.504300E-03 2.707300E-03 7.196878E-04 -9.996900E-08 7.633200E-05 -9.045600E-08 5.135600E-08 -1.683200E-05 5.981052E-04 3.724000E-04
-1.734400E-05 1.013600E-04 -3.041500E-05 7.877100E-05 5.672600E-04 2.714400E-02 -3.490100E-04 2.582900E-04 3.271000E-01 4.455100E-02 -1.230900E-03 7.269000E-02 1.014200E-01 2.625714E-02 -1.290500E-05 1.944900E-03 -1.662600E-06 3.189200E-06 -2.773300E-04 2.300927E-02 8.500100E-03
1.528400E-06 -1.891500E-05 2.720800E-06 3.657000E-05 -2.448400E-05 -3.490100E-04 6.355100E-05 2.876900E-05 -1.818800E-02 -2.435700E-03 5.400000E-03 -6.248100E-03 -1.084500E-02 -3.636471E-03 2.371400E-06 -3.369600E-04 3.934800E-08 1.445700E-07 5.041700E-05 -3.806629E-03 -7.962600E-04
1.041300E-06 -2.228300E-06 9.095600E-07 3.816700E-04 2.631400E-06 2.582900E-04 2.876900E-05 7.634000E-04 -3.227900E-02 1.271800E-02 1.941400E-02 -1.057100E-02 -1.805200E-02 -8.474052E-03 1.256900E-05 -5.215700E-04 -1.372200E-07 7.931700E-08 7.716300E-05 -7.370946E-03 -1.003900E-03
-6.974300E-04 2.786200E-03 -2.988200E-04 -2.333600E-02 9.006200E-03 3.271000E-01 -1.818800E-02 -3.227900E-02 2.725800E+03 1.990300E+02 1.090900E+02 9.748300E+01 -2.909300E+01 -1.350266E+02 4.818000E-02 -5.362400E+00 4.680700E-04 3.957700E-03 2.321300E+00 -7.774730E+00 1.172900E+01
-6.055000E-04 5.019700E-03 -5.605200E-04 -3.969900E-03 5.711600E-03 4.455100E-02 -2.435700E-03 1.271800E-02 1.990300E+02 1.758500E+02 1.291100E+02 -3.485100E+01 -4.668000E+01 -2.621158E+01 3.616900E-02 -1.333800E+00 -6.254500E-05 6.223800E-04 4.390700E-01 -1.111484E+01 -6.278300E-02
-3.035100E-04 3.726300E-03 -1.821100E-04 -4.355500E-05 3.093300E-03 -1.230900E-03 5.400000E-03 1.941400E-02 1.090900E+02 1.291100E+02 2.192800E+02 -3.230800E+01 -8.623300E+01 -1.952308E+01 5.267200E-02 -2.011600E+00 1.128000E-05 -4.067800E-03 4.336200E-01 -1.159247E+01 3.326500E-01
-1.450900E-04 1.005200E-04 -8.409500E-05 -3.967800E-03 1.504300E-03 7.269000E-02 -6.248100E-03 -1.057100E-02 9.748300E+01 -3.485100E+01 -3.230800E+01 3.159500E+01 1.903600E+01 -3.946628E+00 -7.578900E-03 -1.271800E-02 -9.311900E-05 -2.550000E-04 2.295200E-01 -1.416820E+00 -5.978100E-01
-2.454800E-04 5.501800E-04 -2.678200E-04 -6.993100E-03 2.707300E-03 1.014200E-01 -1.084500E-02 -1.805200E-02 -2.909300E+01 -4.668000E+01 -8.623300E+01 1.903600E+01 4.574900E+01 1.049365E+01 -2.124000E-02 1.040200E+00 -1.143400E-05 2.255400E-03 -2.146700E-01 -1.515061E+00 -1.055800E-01
-2.180645E-05 7.713886E-05 -4.988799E-05 -2.964839E-03 7.196878E-04 2.625714E-02 -3.636471E-03 -8.474052E-03 -1.350266E+02 -2.621158E+01 -1.952308E+01 -3.946628E+00 1.049365E+01 1.613885E+01 -7.696621E-03 7.142203E-01 6.771472E-05 -6.851566E-04 -2.612285E-01 -4.072662E-01 4.543970E-01
-6.074100E-08 7.941700E-07 1.001600E-07 3.566600E-06 -9.996900E-08 -1.290500E-05 2.371400E-06 1.256900E-05 4.818000E-02 3.616900E-02 5.267200E-02 -7.578900E-03 -2.124000E-02 -7.696621E-03 1.891100E-04 -6.089500E-04 1.435300E-09 -7.013700E-07 1.588600E-04 -3.507134E-03 4.912900E-06
-5.430900E-06 2.879900E-05 -7.024500E-06 -2.140900E-04 7.633200E-05 1.944900E-03 -3.369600E-04 -5.215700E-04 -5.362400E+00 -1.333800E+00 -2.011600E+00 -1.271800E-02 1.040200E+00 7.142203E-01 -6.089500E-04 5.467800E-02 1.247400E-06 2.650500E-05 -1.035300E-02 3.593938E-03 1.618600E-02
4.508400E-09 -6.087300E-08 7.199100E-09 -2.528700E-08 -9.045600E-08 -1.662600E-06 3.934800E-08 -1.372200E-07 4.680700E-04 -6.254500E-05 1.128000E-05 -9.311900E-05 -1.143400E-05 6.771472E-05 1.435300E-09 1.247400E-06 1.517300E-07 1.730600E-09 -1.547000E-06 6.139233E-06 -3.344000E-05
-8.256000E-09 -3.239900E-09 -1.504500E-08 -6.037000E-08 5.135600E-08 3.189200E-06 1.445700E-07 7.931700E-08 3.957700E-03 6.223800E-04 -4.067800E-03 -2.550000E-04 2.255400E-03 -6.851566E-04 -7.013700E-07 2.650500E-05 1.730600E-09 9.407100E-07 -4.919100E-06 4.372707E-06 -7.470300E-07
1.179400E-06 -1.091500E-05 1.992700E-06 3.525300E-05 -1.683200E-05 -2.773300E-04 5.041700E-05 7.716300E-05 2.321300E+00 4.390700E-01 4.336200E-01 2.295200E-01 -2.146700E-01 -2.612285E-01 1.588600E-04 -1.035300E-02 -1.547000E-06 -4.919100E-06 2.447600E-02 2.225847E-02 -9.089900E-03
-7.239095E-05 1.013058E-04 -3.426912E-05 -2.942496E-03 5.981052E-04 2.300927E-02 -3.806629E-03 -7.370946E-03 -7.774730E+00 -1.111484E+01 -1.159247E+01 -1.416820E+00 -1.515061E+00 -4.072662E-01 -3.507134E-03 3.593938E-03 6.139233E-06 4.372707E-06 2.225847E-02 8.702579E+00 9.843630E-02
-3.195000E-05 2.094900E-04 -3.029000E-05 -8.591900E-04 3.724000E-04 8.500100E-03 -7.962600E-04 -1.003900E-03 1.172900E+01 -6.278300E-02 3.326500E-01 -5.978100E-01 -1.055800E-01 4.543970E-01 4.912900E-06 1.618600E-02 -3.344000E-05 -7.470300E-07 -9.089900E-03 9.843630E-02 6.174600E-01
