# omegabh2 omegach2 theta tau Alens logA ns calPlanck aps100 asz143 aksz dust100 amp_143 amp_217 amp_143x217 n_143 n_217 n_143x217 cal0 cal2
  8.4067793E-08  -5.0548604E-07   8.9123704E-08   3.0512189E-07   1.8661110E-05  -4.1166898E-07   1.5322367E-06  -1.0760987E-08  -1.9103863E-03   1.2806814E-04  -2.1146722E-04  -3.8252103E-07  -3.0330066E-04  -1.8237536E-04  -1.8625118E-04  -8.5508079E-06   2.0407444E-05  -1.1360670E-06   8.3448648E-09  -1.6915014E-08
 -5.0548604E-07   6.3090999E-06  -7.5175176E-07  -3.2328592E-06  -1.5238823E-04   8.1188370E-06  -1.6092763E-05   9.1232190E-08   9.4635329E-03  -6.9376941E-04   1.0658441E-03  -4.1580970E-07   1.6721697E-03   1.0689398E-03   1.0637550E-03   5.9483768E-05  -1.2349186E-04   9.2323425E-06  -9.9332365E-08   1.4993460E-07
  8.9123704E-08  -7.5175176E-07   2.7939371E-07   4.2018861E-07   2.3248710E-05  -6.2795886E-07   2.2809024E-06  -1.8189150E-09  -1.5769719E-03   1.0810803E-04  -1.8326937E-04  -5.2555333E-07  -2.5907625E-04  -1.5351059E-04  -1.5917102E-04  -7.4862944E-06   1.3480814E-05  -6.6084781E-06   1.2821266E-08  -1.1206650E-08
  3.0512189E-07  -3.2328592E-06   4.2018861E-07   7.4114982E-05  -1.0598080E-04   1.4113617E-04   1.0581519E-05   3.8702215E-07  -9.2884215E-03   5.9064801E-04  -1.0184071E-03  -5.2071888E-07  -1.2843982E-03  -9.0504220E-04  -8.2067917E-04  -2.8515644E-05   1.7661676E-04   2.0408143E-05   8.0277974E-09  -1.0057817E-07
  1.8661110E-05  -1.5238823E-04   2.3248710E-05  -1.0598080E-04   9.6574556E-03  -5.7055738E-04   4.4721440E-04  -2.0799683E-05  -5.7727995E-01   3.6504198E-02  -6.4569795E-02  -6.9952293E-05  -8.4080328E-02  -4.9768936E-02  -5.0972349E-02  -1.4670832E-03   6.3841889E-03   6.4622366E-04   3.3754559E-06  -6.7864998E-06
 -4.1166898E-07   8.1188370E-06  -6.2795886E-07   1.4113617E-04  -5.7055738E-04   3.3146770E-04  -1.6936837E-05   1.3692769E-05   3.4378720E-03   1.8192422E-04  -1.0073844E-03  -3.0172706E-05   6.6669516E-04   8.6703271E-04   6.5644014E-04   3.5681045E-04   1.2766301E-04   2.7933070E-04   4.3706640E-07   4.7718841E-07
  1.5322367E-06  -1.6092763E-05   2.2809024E-06   1.0581519E-05   4.4721440E-04  -1.6936837E-05   5.3130405E-05  -8.9015737E-08  -5.5394858E-02   3.3014634E-03  -5.7787478E-03   2.0952001E-05  -7.3655671E-03  -4.0175038E-03  -4.2193871E-03  -1.1171508E-04   6.0109405E-04   1.5370703E-04  -3.3337446E-08  -3.7647654E-07
 -1.0760987E-08   9.1232190E-08  -1.8189150E-09   3.8702215E-07  -2.0799683E-05   1.3692769E-05  -8.9015737E-08   6.3621544E-06   3.8336556E-03   1.8246148E-05  -7.4704960E-06  -6.6224696E-06   1.8210621E-04   1.4425917E-04   8.6784677E-05  -3.0934581E-06   9.4156929E-06   2.0225067E-05  -1.6536090E-08   1.6768522E-08
 -1.9103863E-03   9.4635329E-03  -1.5769719E-03  -9.2884215E-03  -5.7727995E-01   3.4378720E-03  -5.5394858E-02   3.8336556E-03   7.4634547E+02  -3.5140196E+01   1.9514410E+01  -1.5855886E-01   3.6970915E+01   4.9420008E+00   6.3500188E+00  -3.0083733E+00  -1.8764598E+00  -1.6655541E+00   4.0392385E-03  -3.2089986E-04
  1.2806814E-04  -6.9376941E-04   1.0810803E-04   5.9064801E-04   3.6504198E-02   1.8192422E-04   3.3014634E-03   1.8246148E-05  -3.5140196E+01   4.5706318E+00  -3.2864509E+00  -7.5057013E-03  -2.4089247E+00   8.9628992E-01   1.0715782E+00   2.0178892E-01   2.1200897E-01   6.0431800E-02   6.2329948E-04  -4.2796604E-04
 -2.1146722E-04   1.0658441E-03  -1.8326937E-04  -1.0184071E-03  -6.4569795E-02  -1.0073844E-03  -5.7787478E-03  -7.4704960E-06   1.9514410E+01  -3.2864509E+00   6.3916584E+00   1.2276102E-03   3.4083756E-01  -1.9587412E+00  -2.0700887E+00  -1.7203230E-01  -2.8599427E-01  -1.9249407E-01  -4.3222919E-04   4.6442041E-04
 -3.8252103E-07  -4.1580970E-07  -5.2555333E-07  -5.2071888E-07  -6.9952293E-05  -3.0172706E-05   2.0952001E-05  -6.6224696E-06  -1.5855886E-01  -7.5057013E-03   1.2276102E-03   3.7448033E-02   4.8217429E-03  -2.1704628E-03  -1.1703461E-03  -3.2779283E-03   8.9000717E-04  -6.8771248E-04   3.9792474E-05  -4.8933323E-07
 -3.0330066E-04   1.6721697E-03  -2.5907625E-04  -1.2843982E-03  -8.4080328E-02   6.6669516E-04  -7.3655671E-03   1.8210621E-04   3.6970915E+01  -2.4089247E+00   3.4083756E-01   4.8217429E-03   5.0975519E+00   1.8275497E+00   2.2884738E+00  -1.2251989E-01  -1.7846774E-01  -1.4508143E-01  -4.4376769E-04  -2.5446992E-04
 -1.8237536E-04   1.0689398E-03  -1.5351059E-04  -9.0504220E-04  -4.9768936E-02   8.6703271E-04  -4.0175038E-03   1.4425917E-04   4.9420008E+00   8.9628992E-01  -1.9587412E+00  -2.1704628E-03   1.8275497E+00   3.5413043E+00   2.9483679E+00   1.6875219E-01  -4.9071862E-01  -1.8319340E-01   1.8738793E-04   9.4269226E-04
 -1.8625118E-04   1.0637550E-03  -1.5917102E-04  -8.2067917E-04  -5.0972349E-02   6.5644014E-04  -4.2193871E-03   8.6784677E-05   6.3500188E+00   1.0715782E+00  -2.0700887E+00  -1.1703461E-03   2.2884738E+00   2.9483679E+00   3.1306386E+00   3.4203362E-02  -2.7894218E-01  -1.3349665E-01   7.9370545E-05   1.7259659E-04
 -8.5508079E-06   5.9483768E-05  -7.4862944E-06  -2.8515644E-05  -1.4670832E-03   3.5681045E-04  -1.1171508E-04  -3.0934581E-06  -3.0083733E+00   2.0178892E-01  -1.7203230E-01  -3.2779283E-03  -1.2251989E-01   1.6875219E-01   3.4203362E-02   2.7662343E-01  -7.4518343E-02   8.4965119E-02   2.1899527E-04   2.4170350E-04
  2.0407444E-05  -1.2349186E-04   1.3480814E-05   1.7661676E-04   6.3841889E-03   1.2766301E-04   6.0109405E-04   9.4156929E-06  -1.8764598E+00   2.1200897E-01  -2.8599427E-01   8.9000717E-04  -1.7846774E-01  -4.9071862E-01  -2.7894218E-01  -7.4518343E-02   3.7025097E-01   1.3810416E-01  -1.6886086E-05  -5.7236779E-04
 -1.1360670E-06   9.2323425E-06  -6.6084781E-06   2.0408143E-05   6.4622366E-04   2.7933070E-04   1.5370703E-04   2.0225067E-05  -1.6655541E+00   6.0431800E-02  -1.9249407E-01  -6.8771248E-04  -1.4508143E-01  -1.8319340E-01  -1.3349665E-01   8.4965119E-02   1.3810416E-01   3.8127702E-01   7.8917266E-05  -7.2805360E-05
  8.3448648E-09  -9.9332365E-08   1.2821266E-08   8.0277974E-09   3.3754559E-06   4.3706640E-07  -3.3337446E-08  -1.6536090E-08   4.0392385E-03   6.2329948E-04  -4.3222919E-04   3.9792474E-05  -4.4376769E-04   1.8738793E-04   7.9370545E-05   2.1899527E-04  -1.6886086E-05   7.8917266E-05   1.1158356E-06   1.6160533E-07
 -1.6915014E-08   1.4993460E-07  -1.1206650E-08  -1.0057817E-07  -6.7864998E-06   4.7718841E-07  -3.7647654E-07   1.6768522E-08  -3.2089986E-04  -4.2796604E-04   4.6442041E-04  -4.8933323E-07  -2.5446992E-04   9.4269226E-04   1.7259659E-04   2.4170350E-04  -5.7236779E-04  -7.2805360E-05   1.6160533E-07   1.9178121E-06
