# omegabh2 omegach2 theta tau nnu ns logA aps100 aps143 aps217 acib143 acib217 asz143 psr cibr ncib cal0 cal2 xi aksz bm_1_1 bm_1_2 bm_1_3 bm_1_4 bm_1_5 bm_2_1 bm_2_2 bm_2_3 bm_2_4 bm_2_5 bm_3_1 bm_3_2 bm_3_3 bm_3_4 bm_3_5 bm_4_1 bm_4_2 bm_4_3 bm_4_4 bm_4_5 a_ps_act_148 a_ps_act_217 a_ps_spt_95 a_ps_spt_150 a_ps_spt_220 r_ps_spt_95x150 r_ps_spt_95x220 r_ps_150x220 act_dust_s act_dust_e cal_acts_148 cal_acts_217 cal_acte_148 cal_acte_217 cal_spt_95 cal_spt_150 cal_spt_220
    0.16714E-06    0.82421E-06   -0.41640E-07    0.25788E-05    0.10903E-03    0.56415E-05    0.73778E-05    0.70502E-03    0.35856E-03    0.30141E-03    0.70204E-05   -0.27897E-04    0.25864E-05    0.12078E-05    0.69746E-06   -0.12111E-05    0.11443E-08   -0.23490E-08    0.25984E-05    0.26631E-04    0.75267E-05   -0.94372E-05   -0.16919E-04   -0.76681E-05    0.13409E-04   -0.15464E-05    0.21336E-05   -0.65070E-05   -0.52793E-05   -0.10463E-05    0.13544E-04   -0.56413E-05   -0.18888E-04    0.16051E-04    0.23136E-05    0.97556E-05   -0.38189E-05   -0.37465E-05   -0.26905E-05   -0.70197E-05   -0.36018E-05   -0.21859E-04   -0.21231E-04   -0.68032E-05   -0.29121E-04    0.13676E-05    0.18263E-05    0.19242E-06   -0.13285E-06    0.83460E-07   -0.16694E-06   -0.21983E-06   -0.16218E-06   -0.14845E-06   -0.32638E-06   -0.30078E-06   -0.17001E-06
    0.82421E-06    0.23722E-04   -0.22228E-05    0.93074E-05    0.14198E-02    0.43277E-04    0.75543E-04    0.20759E-01    0.18132E-01    0.14497E-01    0.11465E-03   -0.71721E-03   -0.12261E-03    0.33771E-04    0.21091E-04   -0.23214E-04    0.11939E-07    0.62606E-07    0.95543E-04    0.70301E-03    0.46412E-03    0.10913E-03   -0.32297E-03   -0.25420E-03    0.12073E-03   -0.55691E-04    0.12696E-03   -0.16285E-03   -0.11869E-03    0.56729E-04    0.20482E-04   -0.16119E-04   -0.93784E-04   -0.77993E-04   -0.18450E-03    0.16178E-04   -0.13953E-03    0.81551E-04    0.99879E-04   -0.14181E-03   -0.10988E-03   -0.20271E-02   -0.49037E-03   -0.44580E-03   -0.22031E-02    0.23923E-04    0.36199E-04    0.43290E-06    0.26283E-04    0.15117E-04   -0.82543E-05   -0.10232E-04   -0.88076E-05   -0.10152E-04   -0.15064E-04   -0.16656E-04   -0.11620E-04
   -0.41640E-07   -0.22228E-05    0.52561E-06   -0.43693E-06   -0.13198E-03   -0.34224E-05   -0.59617E-05   -0.19874E-02   -0.18536E-02   -0.15830E-02   -0.15247E-04    0.10270E-03    0.26353E-04   -0.26034E-05   -0.10491E-05    0.23357E-05   -0.10578E-08    0.97130E-08   -0.99525E-05   -0.84931E-04   -0.55222E-04    0.13460E-05    0.22422E-04    0.28300E-04   -0.27177E-04    0.78747E-05   -0.57911E-05    0.18209E-04    0.13208E-04   -0.22315E-04   -0.21179E-04    0.17874E-04    0.28199E-06    0.83499E-05    0.34582E-04   -0.17154E-04    0.30840E-04   -0.19374E-04   -0.30862E-05    0.75187E-05    0.18632E-04    0.18801E-03    0.27104E-04    0.48690E-04    0.25049E-03   -0.15456E-05   -0.30591E-05   -0.22240E-06   -0.23958E-05   -0.44965E-05    0.92586E-06    0.10341E-05    0.85738E-06    0.10641E-05    0.14202E-05    0.17048E-05    0.15036E-05
    0.25788E-05    0.93074E-05   -0.43693E-06    0.21553E-03    0.18483E-02    0.11461E-03    0.45187E-03   -0.20840E-02   -0.18754E-07    0.13495E-02    0.13949E-03    0.56440E-03    0.87383E-04   -0.39013E-05    0.27214E-05    0.20627E-05    0.30524E-08    0.10690E-06   -0.46071E-04   -0.99673E-03   -0.77006E-04   -0.45392E-03    0.13235E-03   -0.42117E-04    0.61623E-03   -0.18934E-03   -0.61963E-04   -0.72137E-03   -0.33599E-03    0.81086E-04    0.33584E-03   -0.35023E-03   -0.20205E-03   -0.46801E-03    0.16177E-03    0.35415E-03   -0.75188E-03   -0.10389E-03    0.11579E-03   -0.40570E-03    0.15153E-03   -0.51612E-04   -0.14290E-03   -0.12426E-04   -0.58676E-03    0.19380E-04    0.11560E-04   -0.74032E-05   -0.95224E-05    0.34556E-05   -0.37054E-05   -0.24769E-05   -0.26002E-06    0.26560E-06   -0.22404E-05   -0.15115E-05   -0.21502E-05
    0.10903E-03    0.14198E-02   -0.13198E-03    0.18483E-02    0.12532E+00    0.52801E-02    0.71683E-02    0.15542E+01    0.12655E+01    0.98743E+00    0.85312E-02   -0.45591E-01   -0.15714E-01    0.28175E-02    0.15148E-02   -0.16852E-02    0.28678E-06    0.58011E-05    0.87526E-02    0.77275E-01    0.33074E-01    0.68607E-02   -0.19668E-01   -0.17135E-01    0.17552E-01   -0.33228E-02    0.13379E-01   -0.99106E-02   -0.13526E-01    0.19992E-02    0.28392E-02   -0.31095E-02   -0.77779E-02    0.63289E-02   -0.12847E-01    0.19532E-02   -0.75284E-02    0.10596E-01    0.20843E-02   -0.14705E-01   -0.11515E-01   -0.14628E+00   -0.41756E-01   -0.31861E-01   -0.15782E+00    0.19153E-02    0.29302E-02    0.19814E-03    0.16812E-02    0.13050E-02   -0.59267E-03   -0.69405E-03   -0.61146E-03   -0.67019E-03   -0.11180E-02   -0.11695E-02   -0.74466E-03
    0.56415E-05    0.43277E-04   -0.34224E-05    0.11461E-03    0.52801E-02    0.27536E-03    0.33407E-03    0.30988E-01    0.31787E-01    0.26818E-01    0.27333E-03   -0.72943E-03   -0.34195E-03    0.86374E-04    0.42451E-04   -0.38821E-04   -0.80994E-07    0.47556E-06    0.24151E-03    0.23493E-02    0.97762E-03   -0.20067E-04   -0.72171E-03   -0.63093E-03    0.81131E-03    0.13781E-03    0.71345E-03   -0.27808E-03   -0.63243E-03   -0.21201E-03    0.23808E-03   -0.26783E-03   -0.37467E-03    0.41670E-03   -0.37838E-03    0.29176E-03   -0.83195E-05    0.52183E-03   -0.37313E-04   -0.67899E-03   -0.41481E-03   -0.45580E-02   -0.14232E-02   -0.99824E-03   -0.51000E-02    0.64058E-04    0.84790E-04    0.89375E-05    0.67402E-04    0.46700E-04   -0.16639E-04   -0.19838E-04   -0.16476E-04   -0.18450E-04   -0.34814E-04   -0.35041E-04   -0.20776E-04
    0.73778E-05    0.75543E-04   -0.59617E-05    0.45187E-03    0.71683E-02    0.33407E-03    0.10887E-02    0.33705E-01    0.40507E-01    0.36211E-01    0.46612E-03   -0.29990E-03   -0.20011E-04    0.71593E-04    0.52840E-04   -0.41268E-04    0.12322E-06    0.72220E-06    0.76337E-04   -0.51493E-03    0.13563E-02   -0.51837E-03   -0.54266E-03   -0.60135E-03    0.15659E-02   -0.56376E-04    0.30317E-03   -0.17220E-02   -0.88500E-03    0.24050E-03    0.74976E-03   -0.59900E-03   -0.70454E-03   -0.10629E-02   -0.24202E-03    0.10477E-02   -0.15547E-02    0.79981E-04    0.45981E-03   -0.10253E-02   -0.29396E-04   -0.50503E-02   -0.14202E-02   -0.11365E-02   -0.65720E-02    0.82324E-04    0.95115E-04   -0.11820E-04    0.35328E-04    0.42483E-04   -0.26360E-04   -0.29051E-04   -0.20883E-04   -0.23567E-04   -0.39874E-04   -0.42372E-04   -0.32527E-04
    0.70502E-03    0.20759E-01   -0.19874E-02   -0.20840E-02    0.15542E+01    0.30988E-01    0.33705E-01    0.15924E+04    0.92670E+02    0.33469E+02    0.31235E+00   -0.20299E+01   -0.10502E+02   -0.13989E-01   -0.40996E-01   -0.10469E+00    0.11476E-02   -0.37168E-02    0.95196E+00    0.88793E+01    0.16060E+02   -0.67354E+01   -0.90320E+00   -0.14303E+00    0.13463E+00   -0.31968E+01   -0.60790E+01   -0.31281E+01   -0.13774E+01    0.64157E-01    0.73410E+00    0.88344E-01   -0.10379E+00   -0.75733E+00   -0.31862E+01   -0.26885E+00   -0.50510E+01   -0.31958E+01    0.14926E+00    0.14403E+01    0.49339E+00   -0.12352E+01    0.42255E+01   -0.83455E+00   -0.16347E+01   -0.45252E-01   -0.31444E+00   -0.79233E-01    0.16084E+00    0.17732E+00   -0.24783E-01    0.67892E-02   -0.30189E-01   -0.73009E-03   -0.73069E-01   -0.41673E-01   -0.28940E-02
    0.35856E-03    0.18132E-01   -0.18536E-02   -0.18754E-07    0.12655E+01    0.31787E-01    0.40507E-01    0.92670E+02    0.76371E+02    0.25853E+02    0.21918E+00    0.12950E+00   -0.18531E+01    0.71372E-01    0.47487E-01   -0.35808E-01   -0.23436E-04   -0.78429E-03    0.25060E+00    0.11277E+01    0.31867E+00    0.17727E+00   -0.70310E-01   -0.30613E+00    0.13815E+00    0.37087E+00   -0.38949E-01   -0.40648E+00   -0.38453E+00    0.19499E+00   -0.23891E+00    0.70958E-01    0.39592E-01   -0.15263E+00   -0.26900E+00    0.26157E+00   -0.29988E+00   -0.13246E+00    0.61267E-01   -0.28781E+00    0.21495E+00   -0.35208E+01    0.34312E+00   -0.54579E+00   -0.30718E+01    0.30875E-01   -0.93383E-02   -0.29041E-01    0.34800E-01    0.61481E-01   -0.17502E-01   -0.13218E-01   -0.18243E-01   -0.14649E-01   -0.35455E-01   -0.30824E-01   -0.14460E-01
    0.30141E-03    0.14497E-01   -0.15830E-02    0.13495E-02    0.98743E+00    0.26818E-01    0.36211E-01    0.33469E+02    0.25853E+02    0.97868E+02   -0.10276E+01   -0.33762E+02   -0.16466E+00   -0.30180E+00   -0.37618E-01   -0.45662E+00    0.13036E-05    0.10810E-03    0.17865E+00    0.18937E+01    0.29548E+00    0.15629E+00   -0.42444E+00   -0.59592E+00    0.12344E+00    0.22819E+00    0.35217E+00   -0.62608E+00   -0.35029E+00    0.54559E-02    0.27706E+00    0.58451E+00   -0.43949E+00   -0.47079E+00    0.44477E+00    0.43919E+00   -0.62302E-01    0.92700E-01    0.78345E+00   -0.50637E+00    0.24119E+00    0.15846E+02   -0.74072E+00    0.46739E+00    0.71274E+01   -0.31709E-01   -0.64785E-01    0.36523E-02    0.67686E-01    0.54963E-01   -0.10057E-01   -0.32635E-01   -0.95213E-02   -0.35648E-01   -0.11380E-01   -0.16324E-01   -0.57593E-01
    0.70204E-05    0.11465E-03   -0.15247E-04    0.13949E-03    0.85312E-02    0.27333E-03    0.46612E-03    0.31235E+00    0.21918E+00   -0.10276E+01    0.62715E+00    0.10741E+01    0.51928E+00    0.24290E-02   -0.17180E-02   -0.38049E-02   -0.16006E-07    0.92860E-04    0.12364E-01   -0.82038E+00   -0.11666E-01   -0.36505E-01   -0.49867E-02    0.10190E-01    0.10231E-01   -0.36632E-01   -0.18387E-01   -0.33802E-02    0.51157E-01    0.83555E-02   -0.30245E-02   -0.15469E-01   -0.77980E-02   -0.81349E-02    0.31168E-02   -0.27431E-01   -0.20591E-01   -0.70900E-02    0.15755E-01    0.72737E-01    0.59719E-01   -0.85134E-01   -0.22267E+00   -0.15889E-01    0.40885E-01    0.47451E-01    0.46633E-01   -0.41517E-02    0.26144E-02    0.55347E-03    0.16017E-03    0.38481E-03    0.22986E-03    0.48393E-03   -0.76985E-03    0.54293E-03    0.20869E-02
   -0.27897E-04   -0.71721E-03    0.10270E-03    0.56440E-03   -0.45591E-01   -0.72943E-03   -0.29990E-03   -0.20299E+01    0.12950E+00   -0.33762E+02    0.10741E+01    0.21592E+02    0.20629E+01    0.20244E+00    0.36090E-01    0.29561E+00    0.32694E-04    0.36786E-04   -0.42320E+00   -0.44766E+01    0.13732E+00   -0.79993E-01    0.14285E+00    0.89327E-01   -0.12491E+00   -0.14156E+00   -0.24243E-01    0.22967E+00    0.39155E+00   -0.22967E+00   -0.44463E+00   -0.53736E+00    0.36272E+00    0.37481E-01   -0.31902E+00   -0.48424E+00    0.59146E-01    0.37256E-01   -0.13398E+00    0.46835E+00   -0.46764E+00   -0.11914E+02   -0.21756E+00   -0.82010E+00   -0.75267E+01    0.46265E-01    0.59585E-01   -0.10580E-01   -0.15202E-01   -0.65640E-02   -0.97371E-03    0.71227E-02   -0.16876E-02    0.82931E-02   -0.24295E-02   -0.38099E-02    0.20760E-01
    0.25864E-05   -0.12261E-03    0.26353E-04    0.87383E-04   -0.15714E-01   -0.34195E-03   -0.20011E-04   -0.10502E+02   -0.18531E+01   -0.16466E+00    0.51928E+00    0.20629E+01    0.18782E+01    0.18426E-01    0.21484E-01    0.19408E-01    0.18703E-04   -0.10634E-03   -0.18536E+00   -0.22954E+01    0.35663E-01   -0.52725E-02   -0.13330E-01   -0.67123E-01   -0.51643E-01    0.76785E-02    0.41109E-01    0.33676E-02    0.10663E+00   -0.11236E+00   -0.13890E+00   -0.12902E-01    0.27397E-01   -0.74006E-01    0.35149E-01   -0.11578E+00    0.67236E-01   -0.24563E-01    0.79776E-01    0.10020E+00   -0.79658E-01   -0.89880E+00   -0.74923E+00   -0.10530E+00   -0.10196E+01    0.41982E-01    0.67301E-01   -0.16294E-02   -0.10806E-02    0.61877E-03    0.59085E-03   -0.24976E-02    0.52923E-03   -0.23425E-02    0.35301E-02    0.41565E-03   -0.59587E-03
    0.12078E-05    0.33771E-04   -0.26034E-05   -0.39013E-05    0.28175E-02    0.86374E-04    0.71593E-04   -0.13989E-01    0.71372E-01   -0.30180E+00    0.24290E-02    0.20244E+00    0.18426E-01    0.40125E-02    0.18164E-03    0.29247E-02    0.11290E-06   -0.10779E-05   -0.11806E-02   -0.16630E-01    0.23605E-02    0.22289E-02    0.83048E-03    0.34524E-03   -0.16176E-02   -0.45910E-03   -0.19694E-02    0.35358E-02    0.13346E-02   -0.24868E-03   -0.57125E-02   -0.25463E-03    0.32106E-02    0.42578E-02   -0.31098E-02   -0.47379E-02    0.11800E-02   -0.13269E-02   -0.50259E-02    0.59950E-03   -0.18556E-02   -0.14661E+00   -0.10689E-01   -0.47834E-02   -0.97384E-01    0.44370E-03    0.16223E-02    0.33704E-03   -0.36377E-04    0.25646E-05   -0.42861E-04   -0.27742E-04   -0.53827E-04    0.49138E-05   -0.25475E-04   -0.94082E-04    0.16071E-03
    0.69746E-06    0.21091E-04   -0.10491E-05    0.27214E-05    0.15148E-02    0.42451E-04    0.52840E-04   -0.40996E-01    0.47487E-01   -0.37618E-01   -0.17180E-02    0.36090E-01    0.21484E-01    0.18164E-03    0.27793E-02   -0.13186E-03    0.11216E-06    0.45933E-05   -0.46205E-03   -0.15123E-01    0.13136E-02    0.25852E-03   -0.13329E-02   -0.31641E-02    0.43100E-03   -0.14505E-02    0.13156E-04   -0.12336E-02    0.22663E-03   -0.10298E-02    0.88002E-03   -0.84734E-03    0.19885E-02   -0.12707E-02   -0.31384E-03   -0.41929E-03   -0.61033E-03    0.79805E-04    0.20309E-02   -0.25620E-03    0.58059E-02   -0.82097E-02   -0.13598E-01    0.28384E-02    0.21287E-02    0.31579E-03    0.16274E-02   -0.40825E-03   -0.22030E-03   -0.69903E-04    0.82806E-08    0.14244E-04   -0.11230E-04    0.14608E-04    0.34414E-04   -0.19364E-04    0.85709E-04
   -0.12111E-05   -0.23214E-04    0.23357E-05    0.20627E-05   -0.16852E-02   -0.38821E-04   -0.41268E-04   -0.10469E+00   -0.35808E-01   -0.45662E+00   -0.38049E-02    0.29561E+00    0.19408E-01    0.29247E-02   -0.13186E-03    0.54352E-02    0.65502E-06   -0.94569E-05   -0.72484E-02   -0.42462E-01    0.47334E-02   -0.26342E-02    0.22048E-02    0.11700E-02   -0.26289E-02   -0.49482E-03    0.29085E-02    0.17225E-02    0.76323E-02   -0.55243E-02   -0.11769E-01   -0.12327E-01    0.61483E-02   -0.17998E-02   -0.87624E-02   -0.96224E-02    0.50072E-03    0.45282E-02    0.89052E-03    0.98319E-02   -0.11054E-01   -0.19741E+00    0.12507E-02   -0.12785E-01   -0.13834E+00   -0.76759E-03   -0.42233E-03    0.23982E-03   -0.20259E-03   -0.27003E-04   -0.72454E-05    0.53340E-04   -0.22694E-04    0.71511E-04    0.24166E-04   -0.64905E-04    0.19670E-03
    0.11443E-08    0.11939E-07   -0.10578E-08    0.30524E-08    0.28678E-06   -0.80994E-07    0.12322E-06    0.11476E-02   -0.23436E-04    0.13036E-05   -0.16006E-07    0.32694E-04    0.18703E-04    0.11290E-06    0.11216E-06    0.65502E-06    0.16376E-06    0.56593E-08   -0.44347E-05   -0.26184E-04   -0.32268E-04   -0.84711E-05    0.22261E-05    0.38199E-05   -0.45099E-05    0.18438E-04    0.30256E-05    0.60676E-05   -0.25972E-05   -0.78084E-06    0.66959E-05   -0.29441E-05    0.89259E-06   -0.21976E-06   -0.52040E-06    0.15728E-04    0.11797E-04    0.15277E-05   -0.24759E-05   -0.30557E-05   -0.66429E-05   -0.19322E-04   -0.65055E-05   -0.60871E-05   -0.27640E-04   -0.24227E-06   -0.20978E-06    0.75064E-07   -0.12807E-05    0.95019E-06    0.28739E-07   -0.25894E-07   -0.27950E-07    0.61999E-08    0.16582E-06    0.47477E-07   -0.19295E-06
   -0.23490E-08    0.62606E-07    0.97130E-08    0.10690E-06    0.58011E-05    0.47556E-06    0.72220E-06   -0.37168E-02   -0.78429E-03    0.10810E-03    0.92860E-04    0.36786E-04   -0.10634E-03   -0.10779E-05    0.45933E-05   -0.94569E-05    0.56593E-08    0.11451E-05    0.26539E-04    0.80839E-04    0.67919E-04    0.36694E-04   -0.12530E-04    0.60540E-05   -0.47000E-05    0.44562E-03    0.32693E-04    0.33046E-04   -0.26990E-04    0.57132E-04   -0.31163E-03    0.26420E-04   -0.87483E-04    0.84452E-04   -0.15170E-04    0.11983E-03    0.94435E-04   -0.32992E-04   -0.13233E-03    0.80241E-05    0.39259E-04    0.29138E-03    0.42769E-04    0.24870E-04    0.40098E-03    0.70345E-05    0.51323E-05   -0.26688E-05    0.37658E-05   -0.27632E-05    0.49880E-07    0.98207E-06    0.26611E-06    0.88081E-06   -0.63087E-06    0.58484E-06    0.18348E-05
    0.25984E-05    0.95543E-04   -0.99525E-05   -0.46071E-04    0.87526E-02    0.24151E-03    0.76337E-04    0.95196E+00    0.25060E+00    0.17865E+00    0.12364E-01   -0.42320E+00   -0.18536E+00   -0.11806E-02   -0.46205E-03   -0.72484E-02   -0.44347E-05    0.26539E-04    0.67798E-01    0.38585E+00   -0.83544E-02   -0.35325E-02   -0.22127E-02    0.15677E-01    0.17989E-01   -0.14299E-01   -0.83009E-02   -0.69105E-02   -0.12358E-01    0.37530E-01    0.19415E-01    0.40440E-02   -0.13313E-01    0.15500E-01   -0.17044E-01    0.11740E-01   -0.28566E-01    0.78839E-02   -0.14910E-01   -0.86618E-02    0.67058E-01    0.19186E+00   -0.66484E-02    0.60043E-01    0.21927E+00    0.57603E-02    0.99210E-02    0.11145E-02    0.96678E-03   -0.18484E-03    0.29460E-04    0.17415E-03    0.23434E-04    0.24310E-03   -0.32708E-03    0.21242E-03    0.49120E-03
    0.26631E-04    0.70301E-03   -0.84931E-04   -0.99673E-03    0.77275E-01    0.23493E-02   -0.51493E-03    0.88793E+01    0.11277E+01    0.18937E+01   -0.82038E+00   -0.44766E+01   -0.22954E+01   -0.16630E-01   -0.15123E-01   -0.42462E-01   -0.26184E-04    0.80839E-04    0.38585E+00    0.45603E+01    0.12873E-01    0.21450E-01   -0.95655E-02    0.76460E-01    0.95320E-01    0.93023E-02   -0.35343E-01   -0.16201E-01   -0.17868E+00    0.21886E+00    0.12563E+00    0.61417E-01   -0.53081E-01    0.14933E+00   -0.11181E+00    0.14044E+00   -0.11819E+00    0.63492E-01   -0.13431E+00   -0.14872E+00    0.98585E-01    0.13838E+01    0.27247E+00    0.24982E+00    0.15989E+01   -0.38052E-01   -0.20405E-01    0.17627E-01    0.45652E-03   -0.11700E-01    0.15077E-03    0.18775E-02    0.19053E-03    0.21866E-02   -0.78801E-03    0.11045E-02    0.13218E-02
    0.75267E-05    0.46412E-03   -0.55222E-04   -0.77006E-04    0.33074E-01    0.97762E-03    0.13563E-02    0.16060E+02    0.31867E+00    0.29548E+00   -0.11666E-01    0.13732E+00    0.35663E-01    0.23605E-02    0.13136E-02    0.47334E-02   -0.32268E-04    0.67919E-04   -0.83544E-02    0.12873E-01    0.64131E+00   -0.11494E+00   -0.37772E-01   -0.25893E-02   -0.45829E-02    0.19121E+00   -0.53367E-01   -0.28578E-01   -0.38472E-01   -0.38403E-01    0.23784E-01    0.43207E-01   -0.55341E-02   -0.34584E-01   -0.15011E+00    0.16887E+00    0.24303E-01    0.41548E-02    0.81373E-03    0.55046E-01   -0.14167E-01   -0.21256E+00   -0.34510E-01   -0.23057E-01   -0.23094E+00   -0.87244E-03    0.17533E-02    0.68089E-03    0.19824E-02    0.28149E-02   -0.92085E-04   -0.16938E-03   -0.16624E-03   -0.41777E-03   -0.42511E-03   -0.39731E-03   -0.32594E-04
   -0.94372E-05    0.10913E-03    0.13460E-05   -0.45392E-03    0.68607E-02   -0.20067E-04   -0.51837E-03   -0.67354E+01    0.17727E+00    0.15629E+00   -0.36505E-01   -0.79993E-01   -0.52725E-02    0.22289E-02    0.25852E-03   -0.26342E-02   -0.84711E-05    0.36694E-04   -0.35325E-02    0.21450E-01   -0.11494E+00    0.90420E+00    0.12079E-01    0.45158E-01   -0.12262E-02   -0.86185E-01    0.29007E+00    0.10584E+00    0.79077E-03   -0.15248E-01   -0.62261E-01    0.62808E-01    0.75502E-01    0.24675E-01    0.10488E+00   -0.17365E+00    0.16585E+00    0.18814E+00    0.55800E-01   -0.20848E+00   -0.14954E-01    0.36109E-01   -0.83529E-02   -0.16135E-01   -0.53830E-01   -0.32630E-02   -0.19251E-02    0.36841E-03   -0.20824E-02    0.33737E-04   -0.26489E-03   -0.10993E-03   -0.22902E-03   -0.23715E-03   -0.45171E-03   -0.37525E-03   -0.80551E-03
   -0.16919E-04   -0.32297E-03    0.22422E-04    0.13235E-03   -0.19668E-01   -0.72171E-03   -0.54266E-03   -0.90320E+00   -0.70310E-01   -0.42444E+00   -0.49867E-02    0.14285E+00   -0.13330E-01    0.83048E-03   -0.13329E-02    0.22048E-02    0.22261E-05   -0.12530E-04   -0.22127E-02   -0.95655E-02   -0.37772E-01    0.12079E-01    0.89559E+00    0.21004E-01    0.57896E-01   -0.45367E-01   -0.51376E-01    0.21012E+00   -0.22004E-01    0.13756E+00   -0.31768E-01   -0.62613E-01    0.28084E-01   -0.16423E-01    0.83191E-01   -0.65135E-01   -0.13037E-01    0.32024E-01   -0.26022E+00    0.69880E-01   -0.60567E-02   -0.58101E-01    0.16216E-01    0.36466E-02   -0.57004E-01   -0.68461E-03   -0.13772E-02    0.62138E-05   -0.41330E-02   -0.38451E-03    0.69363E-06    0.27568E-03   -0.43975E-04    0.26117E-03   -0.19337E-03    0.16932E-04    0.14497E-03
   -0.76681E-05   -0.25420E-03    0.28300E-04   -0.42117E-04   -0.17135E-01   -0.63093E-03   -0.60135E-03   -0.14303E+00   -0.30613E+00   -0.59592E+00    0.10190E-01    0.89327E-01   -0.67123E-01    0.34524E-03   -0.31641E-02    0.11700E-02    0.38199E-05    0.60540E-05    0.15677E-01    0.76460E-01   -0.25893E-02    0.45158E-01    0.21004E-01    0.97158E+00   -0.21012E-01    0.61817E-01   -0.13338E+00   -0.58499E-02   -0.51835E-01    0.18651E-02    0.42933E-01    0.80633E-01   -0.18024E-01    0.97396E-01   -0.64477E-01    0.90025E-01    0.92840E-03   -0.10098E+00   -0.68317E-01    0.48125E-01    0.18099E-01   -0.33643E-02    0.42378E-02    0.13906E-01    0.19210E-01    0.21812E-02    0.14375E-02    0.38182E-03   -0.17525E-02   -0.13815E-02    0.25694E-03    0.62746E-03    0.23901E-03    0.18202E-03    0.70859E-04    0.34457E-03    0.60887E-03
    0.13409E-04    0.12073E-03   -0.27177E-04    0.61623E-03    0.17552E-01    0.81131E-03    0.15659E-02    0.13463E+00    0.13815E+00    0.12344E+00    0.10231E-01   -0.12491E+00   -0.51643E-01   -0.16176E-02    0.43100E-03   -0.26289E-02   -0.45099E-05   -0.47000E-05    0.17989E-01    0.95320E-01   -0.45829E-02   -0.12262E-02    0.57896E-01   -0.21012E-01    0.87121E+00   -0.69333E-02    0.51126E-04   -0.44290E-01   -0.76767E-02    0.84593E-01    0.54331E-01   -0.14899E+00   -0.69172E-01    0.46252E-01    0.14488E+00    0.63499E-01   -0.11727E+00    0.35924E-01   -0.55360E-01   -0.44992E-01    0.26826E-01    0.77460E-01   -0.30184E-02    0.19046E-01    0.40982E-01    0.23936E-02    0.33000E-02   -0.27665E-03   -0.64812E-03   -0.19174E-03   -0.79739E-04   -0.32789E-04   -0.78439E-04    0.22071E-04   -0.15622E-03    0.18772E-04    0.85624E-04
   -0.15464E-05   -0.55691E-04    0.78747E-05   -0.18934E-03   -0.33228E-02    0.13781E-03   -0.56376E-04   -0.31968E+01    0.37087E+00    0.22819E+00   -0.36632E-01   -0.14156E+00    0.76785E-02   -0.45910E-03   -0.14505E-02   -0.49482E-03    0.18438E-04    0.44562E-03   -0.14299E-01    0.93023E-02    0.19121E+00   -0.86185E-01   -0.45367E-01    0.61817E-01   -0.69333E-02    0.85803E+00   -0.88665E-01    0.73938E-01   -0.51617E-01   -0.38597E-01    0.88965E-01    0.11531E+00   -0.88768E-01    0.17563E-01   -0.12256E+00    0.67954E+00    0.28912E+00   -0.10516E+00   -0.13084E+00    0.67325E-01   -0.16116E-01    0.65702E-01    0.22490E-01    0.22973E-02    0.78699E-01   -0.32077E-02   -0.41018E-02    0.84622E-03   -0.79767E-03    0.90295E-03    0.21617E-03    0.22317E-03    0.22540E-03   -0.17274E-03    0.65733E-03    0.44334E-03    0.45549E-03
    0.21336E-05    0.12696E-03   -0.57911E-05   -0.61963E-04    0.13379E-01    0.71345E-03    0.30317E-03   -0.60790E+01   -0.38949E-01    0.35217E+00   -0.18387E-01   -0.24243E-01    0.41109E-01   -0.19694E-02    0.13156E-04    0.29085E-02    0.30256E-05    0.32693E-04   -0.83009E-02   -0.35343E-01   -0.53367E-01    0.29007E+00   -0.51376E-01   -0.13338E+00    0.51126E-04   -0.88665E-01    0.11000E+01    0.47135E-01   -0.11630E+00   -0.15060E-01   -0.12860E-01    0.48322E-01    0.16998E-01    0.94054E-02    0.65439E-01   -0.19893E+00    0.30371E+00    0.86846E+00    0.28232E+00   -0.31890E+00   -0.10720E-01   -0.38994E-01   -0.25610E-01   -0.22622E-01   -0.33445E-01   -0.12705E-02   -0.83924E-03    0.10643E-03    0.34717E-02   -0.32757E-02    0.54434E-04   -0.30353E-03   -0.27351E-05   -0.30130E-03    0.35372E-05   -0.29318E-03   -0.57669E-03
   -0.65070E-05   -0.16285E-03    0.18209E-04   -0.72137E-03   -0.99106E-02   -0.27808E-03   -0.17220E-02   -0.31281E+01   -0.40648E+00   -0.62608E+00   -0.33802E-02    0.22967E+00    0.33676E-02    0.35358E-02   -0.12336E-02    0.17225E-02    0.60676E-05    0.33046E-04   -0.69105E-02   -0.16201E-01   -0.28578E-01    0.10584E+00    0.21012E+00   -0.58499E-02   -0.44290E-01    0.73938E-01    0.47135E-01    0.93578E+00    0.31037E-01   -0.15723E-01    0.97359E-01   -0.64220E-01    0.12438E+00    0.16638E+00   -0.12934E+00   -0.12202E+00    0.64273E+00    0.15103E+00   -0.54919E+00    0.15741E+00   -0.28770E-01   -0.95966E-01    0.60703E-02   -0.11540E-01   -0.36125E-01   -0.12323E-02   -0.32498E-02    0.21038E-03   -0.18054E-02    0.11222E-02    0.27812E-04    0.32867E-03   -0.48987E-04    0.24530E-03    0.88771E-04   -0.46029E-04    0.15335E-03
   -0.52793E-05   -0.11869E-03    0.13208E-04   -0.33599E-03   -0.13526E-01   -0.63243E-03   -0.88500E-03   -0.13774E+01   -0.38453E+00   -0.35029E+00    0.51157E-01    0.39155E+00    0.10663E+00    0.13346E-02    0.22663E-03    0.76323E-02   -0.25972E-05   -0.26990E-04   -0.12358E-01   -0.17868E+00   -0.38472E-01    0.79077E-03   -0.22004E-01   -0.51835E-01   -0.76767E-02   -0.51617E-01   -0.11630E+00    0.31037E-01    0.91576E+00    0.63904E-01   -0.39183E-02   -0.71237E-01   -0.12015E+00   -0.37644E-01   -0.57704E-01   -0.73948E-01    0.18425E-01   -0.11592E+00    0.20882E+00    0.63285E+00   -0.10060E-02   -0.23562E+00   -0.48739E-01   -0.70442E-02   -0.17826E+00    0.49691E-02    0.61164E-02   -0.21940E-03    0.18586E-02    0.21934E-02    0.10885E-03   -0.20275E-04    0.16274E-03    0.13182E-04   -0.28822E-03    0.18402E-03   -0.45640E-04
   -0.10463E-05    0.56729E-04   -0.22315E-04    0.81086E-04    0.19992E-02   -0.21201E-03    0.24050E-03    0.64157E-01    0.19499E+00    0.54559E-02    0.83555E-02   -0.22967E+00   -0.11236E+00   -0.24868E-03   -0.10298E-02   -0.55243E-02   -0.78084E-06    0.57132E-04    0.37530E-01    0.21886E+00   -0.38403E-01   -0.15248E-01    0.13756E+00    0.18651E-02    0.84593E-01   -0.38597E-01   -0.15060E-01   -0.15723E-01    0.63904E-01    0.95903E+00   -0.37695E-01    0.12386E-01   -0.33125E-01    0.66693E-01   -0.43410E-01    0.10968E+00   -0.56833E+00    0.33580E+00   -0.30268E+00    0.24381E+00    0.49957E-01    0.91690E-01    0.51481E-02    0.33381E-01    0.12331E+00    0.36425E-02    0.56242E-02    0.35898E-03    0.19766E-02   -0.13570E-02   -0.65108E-04    0.38381E-04    0.25046E-04    0.21523E-03   -0.26220E-03    0.14973E-03    0.65724E-03
    0.13544E-04    0.20482E-04   -0.21179E-04    0.33584E-03    0.28392E-02    0.23808E-03    0.74976E-03    0.73410E+00   -0.23891E+00    0.27706E+00   -0.30245E-02   -0.44463E+00   -0.13890E+00   -0.57125E-02    0.88002E-03   -0.11769E-01    0.66959E-05   -0.31163E-03    0.19415E-01    0.12563E+00    0.23784E-01   -0.62261E-01   -0.31768E-01    0.42933E-01    0.54331E-01    0.88965E-01   -0.12860E-01    0.97359E-01   -0.39183E-02   -0.37695E-01    0.81399E+00    0.29298E-01   -0.62069E-01   -0.20565E-01   -0.11160E-01    0.58026E+00    0.17631E+00    0.42426E-01    0.11976E-01   -0.64456E-01    0.32154E-01    0.40488E+00    0.77080E-01    0.28279E-01    0.40608E+00   -0.10103E-02   -0.52066E-02   -0.15173E-02   -0.23593E-02    0.49165E-04    0.21512E-03    0.54963E-03    0.14719E-03    0.41218E-03    0.32131E-04    0.28668E-03    0.30031E-03
   -0.56413E-05   -0.16119E-04    0.17874E-04   -0.35023E-03   -0.31095E-02   -0.26783E-03   -0.59900E-03    0.88344E-01    0.70958E-01    0.58451E+00   -0.15469E-01   -0.53736E+00   -0.12902E-01   -0.25463E-03   -0.84734E-03   -0.12327E-01   -0.29441E-05    0.26420E-04    0.40440E-02    0.61417E-01    0.43207E-01    0.62808E-01   -0.62613E-01    0.80633E-01   -0.14899E+00    0.11531E+00    0.48322E-01   -0.64220E-01   -0.71237E-01    0.12386E-01    0.29298E-01    0.92050E+00    0.32799E-01   -0.46131E-01   -0.78180E-01    0.96346E-01    0.19837E+00    0.45357E-02    0.20914E+00    0.10767E+00    0.26829E-01    0.40826E+00   -0.10538E-01    0.27708E-01    0.25678E+00   -0.11725E-02    0.77154E-05    0.35827E-04   -0.44780E-02   -0.19654E-02   -0.72160E-05   -0.40416E-04    0.94131E-04   -0.18565E-03   -0.28457E-03    0.20218E-03   -0.43207E-03
   -0.18888E-04   -0.93784E-04    0.28199E-06   -0.20205E-03   -0.77779E-02   -0.37467E-03   -0.70454E-03   -0.10379E+00    0.39592E-01   -0.43949E+00   -0.77980E-02    0.36272E+00    0.27397E-01    0.32106E-02    0.19885E-02    0.61483E-02    0.89259E-06   -0.87483E-04   -0.13313E-01   -0.53081E-01   -0.55341E-02    0.75502E-01    0.28084E-01   -0.18024E-01   -0.69172E-01   -0.88768E-01    0.16998E-01    0.12438E+00   -0.12015E+00   -0.33125E-01   -0.62069E-01    0.32799E-01    0.97004E+00    0.86312E-02   -0.15950E-02   -0.16298E+00    0.98751E-01    0.19206E+00    0.85837E-01   -0.57560E-01   -0.10913E-01   -0.19400E+00    0.19325E-01   -0.18866E-01   -0.17635E+00   -0.22729E-02   -0.95562E-03   -0.23969E-03   -0.29871E-02    0.12016E-02   -0.88879E-04    0.24680E-03   -0.12194E-03    0.23344E-03   -0.30034E-03   -0.32051E-03    0.37904E-03
    0.16051E-04   -0.77993E-04    0.83499E-05   -0.46801E-03    0.63289E-02    0.41670E-03   -0.10629E-02   -0.75733E+00   -0.15263E+00   -0.47079E+00   -0.81349E-02    0.37481E-01   -0.74006E-01    0.42578E-02   -0.12707E-02   -0.17998E-02   -0.21976E-06    0.84452E-04    0.15500E-01    0.14933E+00   -0.34584E-01    0.24675E-01   -0.16423E-01    0.97396E-01    0.46252E-01    0.17563E-01    0.94054E-02    0.16638E+00   -0.37644E-01    0.66693E-01   -0.20565E-01   -0.46131E-01    0.86312E-02    0.98795E+00   -0.18292E-01   -0.36423E-01    0.89403E-01    0.10302E+00   -0.25562E+00    0.70948E-01    0.38677E-02    0.57173E-02   -0.14672E-01    0.73125E-02    0.10267E-01    0.59745E-03    0.20666E-02    0.92994E-03    0.71252E-03    0.18236E-03   -0.13120E-03    0.31384E-03    0.35271E-04    0.27504E-03   -0.82125E-04   -0.96226E-05   -0.27161E-04
    0.23136E-05   -0.18450E-03    0.34582E-04    0.16177E-03   -0.12847E-01   -0.37838E-03   -0.24202E-03   -0.31862E+01   -0.26900E+00    0.44477E+00    0.31168E-02   -0.31902E+00    0.35149E-01   -0.31098E-02   -0.31384E-03   -0.87624E-02   -0.52040E-06   -0.15170E-04   -0.17044E-01   -0.11181E+00   -0.15011E+00    0.10488E+00    0.83191E-01   -0.64477E-01    0.14488E+00   -0.12256E+00    0.65439E-01   -0.12934E+00   -0.57704E-01   -0.43410E-01   -0.11160E-01   -0.78180E-01   -0.15950E-02   -0.18292E-01    0.10163E+01   -0.95457E-01   -0.48903E-01   -0.75494E-01    0.18025E+00   -0.11755E+00   -0.13427E-01    0.31615E+00   -0.26069E-02    0.54893E-02    0.24042E+00   -0.13455E-02   -0.41569E-02   -0.91993E-03    0.20529E-02   -0.59857E-04   -0.30151E-04   -0.13958E-03    0.25011E-04    0.61788E-04   -0.12116E-03    0.24763E-03   -0.19050E-03
    0.97556E-05    0.16178E-04   -0.17154E-04    0.35415E-03    0.19532E-02    0.29176E-03    0.10477E-02   -0.26885E+00    0.26157E+00    0.43919E+00   -0.27431E-01   -0.48424E+00   -0.11578E+00   -0.47379E-02   -0.41929E-03   -0.96224E-02    0.15728E-04    0.11983E-03    0.11740E-01    0.14044E+00    0.16887E+00   -0.17365E+00   -0.65135E-01    0.90025E-01    0.63499E-01    0.67954E+00   -0.19893E+00   -0.12202E+00   -0.73948E-01    0.10968E+00    0.58026E+00    0.96346E-01   -0.16298E+00   -0.36423E-01   -0.95457E-01    0.97324E+00    0.11598E-01   -0.10481E+00   -0.85723E-01    0.12811E-01    0.25245E-01    0.35210E+00    0.72970E-01    0.30545E-01    0.35411E+00   -0.21921E-02   -0.49602E-02   -0.37003E-03   -0.18738E-02    0.84232E-03    0.27577E-03    0.50365E-03    0.26975E-03    0.14829E-03    0.47796E-03    0.56278E-03    0.66723E-03
   -0.38189E-05   -0.13953E-03    0.30840E-04   -0.75188E-03   -0.75284E-02   -0.83195E-05   -0.15547E-02   -0.50510E+01   -0.29988E+00   -0.62302E-01   -0.20591E-01    0.59146E-01    0.67236E-01    0.11800E-02   -0.61033E-03    0.50072E-03    0.11797E-04    0.94435E-04   -0.28566E-01   -0.11819E+00    0.24303E-01    0.16585E+00   -0.13037E-01    0.92840E-03   -0.11727E+00    0.28912E+00    0.30371E+00    0.64273E+00    0.18425E-01   -0.56833E+00    0.17631E+00    0.19837E+00    0.98751E-01    0.89403E-01   -0.48903E-01    0.11598E-01    0.10384E+01    0.46358E-01    0.31775E-02   -0.78890E-01   -0.42939E-01    0.36020E-01    0.43256E-03   -0.20268E-01    0.35191E-01   -0.39138E-02   -0.65169E-02    0.27887E-04   -0.20718E-02   -0.97824E-03    0.15166E-03    0.17503E-03    0.63046E-04   -0.53024E-04    0.27735E-03    0.38719E-04   -0.33728E-03
   -0.37465E-05    0.81551E-04   -0.19374E-04   -0.10389E-03    0.10596E-01    0.52183E-03    0.79981E-04   -0.31958E+01   -0.13246E+00    0.92700E-01   -0.70900E-02    0.37256E-01   -0.24563E-01   -0.13269E-02    0.79805E-04    0.45282E-02    0.15277E-05   -0.32992E-04    0.78839E-02    0.63492E-01    0.41548E-02    0.18814E+00    0.32024E-01   -0.10098E+00    0.35924E-01   -0.10516E+00    0.86846E+00    0.15103E+00   -0.11592E+00    0.33580E+00    0.42426E-01    0.45357E-02    0.19206E+00    0.10302E+00   -0.75494E-01   -0.10481E+00    0.46358E-01    0.10443E+01    0.16616E-01   -0.11144E+00    0.91582E-02   -0.10081E+00   -0.65822E-02   -0.12907E-01   -0.88959E-01    0.16834E-03    0.99558E-03   -0.11364E-03    0.34643E-02   -0.10298E-02    0.74429E-04   -0.83916E-04    0.35177E-04   -0.68374E-04   -0.14062E-04   -0.28919E-03   -0.13856E-03
   -0.26905E-05    0.99879E-04   -0.30862E-05    0.11579E-03    0.20843E-02   -0.37313E-04    0.45981E-03    0.14926E+00    0.61267E-01    0.78345E+00    0.15755E-01   -0.13398E+00    0.79776E-01   -0.50259E-02    0.20309E-02    0.89052E-03   -0.24759E-05   -0.13233E-03   -0.14910E-01   -0.13431E+00    0.81373E-03    0.55800E-01   -0.26022E+00   -0.68317E-01   -0.55360E-01   -0.13084E+00    0.28232E+00   -0.54919E+00    0.20882E+00   -0.30268E+00    0.11976E-01    0.20914E+00    0.85837E-01   -0.25562E+00    0.18025E+00   -0.85723E-01    0.31775E-02    0.16616E-01    0.90065E+00   -0.50357E-01    0.44176E-02    0.72203E-01   -0.19356E-01   -0.10110E-01    0.13201E-01    0.26535E-03    0.68296E-03   -0.81401E-03    0.86895E-03   -0.18998E-02    0.36964E-04   -0.39143E-03    0.67345E-04   -0.28812E-03   -0.17738E-03   -0.52898E-04   -0.58381E-03
   -0.70197E-05   -0.14181E-03    0.75187E-05   -0.40570E-03   -0.14705E-01   -0.67899E-03   -0.10253E-02    0.14403E+01   -0.28781E+00   -0.50637E+00    0.72737E-01    0.46835E+00    0.10020E+00    0.59950E-03   -0.25620E-03    0.98319E-02   -0.30557E-05    0.80241E-05   -0.86618E-02   -0.14872E+00    0.55046E-01   -0.20848E+00    0.69880E-01    0.48125E-01   -0.44992E-01    0.67325E-01   -0.31890E+00    0.15741E+00    0.63285E+00    0.24381E+00   -0.64456E-01    0.10767E+00   -0.57560E-01    0.70948E-01   -0.11755E+00    0.12811E-01   -0.78890E-01   -0.11144E+00   -0.50357E-01    0.93069E+00    0.43296E-02   -0.28847E+00   -0.64321E-01   -0.56460E-02   -0.22943E+00    0.68406E-02    0.81959E-02   -0.99584E-04   -0.13546E-02    0.32570E-02    0.96035E-04    0.18911E-03    0.22998E-03    0.13581E-03   -0.20843E-03    0.24812E-03    0.26856E-03
   -0.36018E-05   -0.10988E-03    0.18632E-04    0.15153E-03   -0.11515E-01   -0.41481E-03   -0.29396E-04    0.49339E+00    0.21495E+00    0.24119E+00    0.59719E-01   -0.46764E+00   -0.79658E-01   -0.18556E-02    0.58059E-02   -0.11054E-01   -0.66429E-05    0.39259E-04    0.67058E-01    0.98585E-01   -0.14167E-01   -0.14954E-01   -0.60567E-02    0.18099E-01    0.26826E-01   -0.16116E-01   -0.10720E-01   -0.28770E-01   -0.10060E-02    0.49957E-01    0.32154E-01    0.26829E-01   -0.10913E-01    0.38677E-02   -0.13427E-01    0.25245E-01   -0.42939E-01    0.91582E-02    0.44176E-02    0.43296E-02    0.34954E+00    0.26986E+00    0.10340E-01    0.16044E+00    0.55086E+00    0.13592E-01    0.16878E-01   -0.47318E-02   -0.16846E-02   -0.58338E-03    0.77987E-03   -0.24556E-04    0.81540E-03    0.10793E-03   -0.44582E-03    0.25329E-03    0.13599E-02
   -0.21859E-04   -0.20271E-02    0.18801E-03   -0.51612E-04   -0.14628E+00   -0.45580E-02   -0.50503E-02   -0.12352E+01   -0.35208E+01    0.15846E+02   -0.85134E-01   -0.11914E+02   -0.89880E+00   -0.14661E+00   -0.82097E-02   -0.19741E+00   -0.19322E-04    0.29138E-03    0.19186E+00    0.13838E+01   -0.21256E+00    0.36109E-01   -0.58101E-01   -0.33643E-02    0.77460E-01    0.65702E-01   -0.38994E-01   -0.95966E-01   -0.23562E+00    0.91690E-01    0.40488E+00    0.40826E+00   -0.19400E+00    0.57173E-02    0.31615E+00    0.35210E+00    0.36020E-01   -0.10081E+00    0.72203E-01   -0.28847E+00    0.26986E+00    0.16207E+02    0.28463E+00    0.48803E+00    0.59963E+01   -0.35336E-02   -0.37740E-01   -0.11340E-01    0.14073E-01    0.87160E-02    0.27112E-02    0.21927E-01    0.31253E-02    0.14630E-01    0.20517E-02    0.57395E-02   -0.66852E-02
   -0.21231E-04   -0.49037E-03    0.27104E-04   -0.14290E-03   -0.41756E-01   -0.14232E-02   -0.14202E-02    0.42255E+01    0.34312E+00   -0.74072E+00   -0.22267E+00   -0.21756E+00   -0.74923E+00   -0.10689E-01   -0.13598E-01    0.12507E-02   -0.65055E-05    0.42769E-04   -0.66484E-02    0.27247E+00   -0.34510E-01   -0.83529E-02    0.16216E-01    0.42378E-02   -0.30184E-02    0.22490E-01   -0.25610E-01    0.60703E-02   -0.48739E-01    0.51481E-02    0.77080E-01   -0.10538E-01    0.19325E-01   -0.14672E-01   -0.26069E-02    0.72970E-01    0.43256E-03   -0.65822E-02   -0.19356E-01   -0.64321E-01    0.10340E-01    0.28463E+00    0.22321E+01    0.35500E-02    0.31798E+00   -0.95707E-01   -0.11155E+00   -0.41233E-02   -0.21834E-02    0.65468E-02   -0.56819E-03    0.13030E-02   -0.32152E-03    0.11685E-02    0.10688E-02    0.36622E-03    0.17326E-03
   -0.68032E-05   -0.44580E-03    0.48690E-04   -0.12426E-04   -0.31861E-01   -0.99824E-03   -0.11365E-02   -0.83455E+00   -0.54579E+00    0.46739E+00   -0.15889E-01   -0.82010E+00   -0.10530E+00   -0.47834E-02    0.28384E-02   -0.12785E-01   -0.60871E-05    0.24870E-04    0.60043E-01    0.24982E+00   -0.23057E-01   -0.16135E-01    0.36466E-02    0.13906E-01    0.19046E-01    0.22973E-02   -0.22622E-01   -0.11540E-01   -0.70442E-02    0.33381E-01    0.28279E-01    0.27708E-01   -0.18866E-01    0.73125E-02    0.54893E-02    0.30545E-01   -0.20268E-01   -0.12907E-01   -0.10110E-01   -0.56460E-02    0.16044E+00    0.48803E+00    0.35500E-02    0.25094E+00    0.43033E+00    0.73043E-02    0.14495E-01   -0.17329E-03    0.29462E-03    0.11449E-02    0.39542E-03   -0.40709E-04    0.33579E-03    0.35081E-04    0.64007E-03    0.72176E-03    0.21469E-03
   -0.29121E-04   -0.22031E-02    0.25049E-03   -0.58676E-03   -0.15782E+00   -0.51000E-02   -0.65720E-02   -0.16347E+01   -0.30718E+01    0.71274E+01    0.40885E-01   -0.75267E+01   -0.10196E+01   -0.97384E-01    0.21287E-02   -0.13834E+00   -0.27640E-04    0.40098E-03    0.21927E+00    0.15989E+01   -0.23094E+00   -0.53830E-01   -0.57004E-01    0.19210E-01    0.40982E-01    0.78699E-01   -0.33445E-01   -0.36125E-01   -0.17826E+00    0.12331E+00    0.40608E+00    0.25678E+00   -0.17635E+00    0.10267E-01    0.24042E+00    0.35411E+00    0.35191E-01   -0.88959E-01    0.13201E-01   -0.22943E+00    0.55086E+00    0.59963E+01    0.31798E+00    0.43033E+00    0.16497E+02    0.39105E-02   -0.45347E-01   -0.23723E-01   -0.10964E-01   -0.34573E-01    0.27143E-02    0.22815E-02    0.31309E-02    0.25721E-02    0.23007E-02    0.70378E-02    0.30541E-01
    0.13676E-05    0.23923E-04   -0.15456E-05    0.19380E-04    0.19153E-02    0.64058E-04    0.82324E-04   -0.45252E-01    0.30875E-01   -0.31709E-01    0.47451E-01    0.46265E-01    0.41982E-01    0.44370E-03    0.31579E-03   -0.76759E-03   -0.24227E-06    0.70345E-05    0.57603E-02   -0.38052E-01   -0.87244E-03   -0.32630E-02   -0.68461E-03    0.21812E-02    0.23936E-02   -0.32077E-02   -0.12705E-02   -0.12323E-02    0.49691E-02    0.36425E-02   -0.10103E-02   -0.11725E-02   -0.22729E-02    0.59745E-03   -0.13455E-02   -0.21921E-02   -0.39138E-02    0.16834E-03    0.26535E-03    0.68406E-02    0.13592E-01   -0.35336E-02   -0.95707E-01    0.73043E-02    0.39105E-02    0.87128E-02    0.82827E-02   -0.18010E-03    0.24355E-03   -0.14015E-03    0.35334E-04   -0.98419E-05    0.25613E-04   -0.21565E-05   -0.10167E-03    0.32183E-04    0.14783E-03
