# omegabh2 omegach2 theta tau logA ns calPlanck acib217 xi asz143 aps100 aps143 aps143217 aps217 aksz kgal100 kgal143 kgal143217 kgal217 cal0 cal2
    0.6776882E-07   -0.4421805E-06    0.7455831E-07    0.3935854E-05    0.6918309E-05    0.1286010E-05   -0.3916040E-08   -0.2847826E-03    0.5006442E-05    0.8072479E-04   -0.1304855E-02   -0.7244182E-03   -0.1839779E-03    0.1582981E-04   -0.1167637E-03   -0.8132825E-05    0.8227321E-05   -0.1890164E-04    0.3823031E-04    0.1662879E-08   -0.2784036E-07
   -0.4421805E-06    0.6330602E-05   -0.7393931E-06   -0.5181839E-04   -0.8823086E-04   -0.1639556E-04    0.1684338E-06    0.2024206E-02   -0.2777462E-04   -0.4666589E-03    0.8592067E-02    0.4940960E-02    0.1679165E-02   -0.1507306E-04    0.7380388E-03    0.8649272E-04    0.5148133E-04    0.2939166E-03   -0.1241675E-05   -0.2653880E-07    0.2418014E-06
    0.7455831E-07   -0.7393931E-06    0.2593239E-06    0.7536512E-05    0.1346028E-04    0.2249230E-05   -0.1173815E-07   -0.2696821E-03    0.5756685E-05    0.6124226E-04   -0.1315931E-02   -0.6738505E-03   -0.1799938E-03   -0.1886195E-04   -0.1018364E-03   -0.6153196E-05    0.9563014E-05   -0.4723893E-04   -0.1828406E-04   -0.1989969E-08   -0.3285482E-07
    0.3935854E-05   -0.5181839E-04    0.7536512E-05    0.5808003E-03    0.1020277E-02    0.1457512E-03   -0.7230286E-05   -0.2102988E-01    0.2489992E-03    0.4922443E-02   -0.9736218E-01   -0.4931968E-01   -0.1620778E-01    0.2721016E-04   -0.7454725E-02   -0.5102474E-03    0.6870174E-04   -0.2856447E-02   -0.2968905E-03   -0.2328415E-06   -0.2501917E-05
    0.6918309E-05   -0.8823086E-04    0.1346028E-04    0.1020277E-02    0.1824611E-02    0.2493071E-03   -0.1564874E-05   -0.3728373E-01    0.5003978E-03    0.8828890E-02   -0.1686183E+00   -0.8435450E-01   -0.2411669E-01    0.6191390E-02   -0.1399948E-01   -0.1146032E-02   -0.3388479E-03   -0.5585481E-02    0.6419371E-03   -0.2587411E-06   -0.4598152E-05
    0.1286010E-05   -0.1639556E-04    0.2249230E-05    0.1457512E-03    0.2493071E-03    0.5477183E-04   -0.4291422E-06   -0.1025221E-01    0.1853313E-03    0.2502920E-02   -0.4878143E-01   -0.1859369E-01   -0.6639926E-03    0.6770148E-02   -0.4712135E-02    0.6964586E-04   -0.1251617E-03   -0.9955749E-03    0.8938766E-03   -0.1822547E-06   -0.1090717E-05
   -0.3916040E-08    0.1684338E-06   -0.1173815E-07   -0.7230286E-05   -0.1564874E-05   -0.4291422E-06    0.6196686E-05    0.8336830E-03    0.6048907E-05    0.7185846E-05    0.4059638E-02    0.9720072E-03    0.8633320E-03    0.1307890E-02    0.3255213E-04   -0.3654786E-04   -0.4308892E-04   -0.1012944E-03    0.5030535E-03    0.9957575E-08   -0.5155521E-07
   -0.2847826E-03    0.2024206E-02   -0.2696821E-03   -0.2102988E-01   -0.3728373E-01   -0.1025221E-01    0.8336830E-03    0.4924066E+02   -0.5050313E+00   -0.1616730E+01    0.4625853E+02    0.2258070E+01   -0.2039229E+02   -0.6598726E+02    0.3196209E+00   -0.2112695E+00    0.2031701E+00   -0.3111222E+01   -0.2505505E+02   -0.3728692E-04    0.4487149E-02
    0.5006442E-05   -0.2777462E-04    0.5756685E-05    0.2489992E-03    0.5003978E-03    0.1853313E-03    0.6048907E-05   -0.5050313E+00    0.8244351E-01   -0.7218649E-01   -0.5729285E+00    0.9057027E+00    0.1716036E+01    0.7447003E+00    0.7115597E-01   -0.6597152E-02    0.7959055E-02    0.9767831E-01    0.1291368E+00    0.1729882E-05   -0.1846483E-04
    0.8072479E-04   -0.4666589E-03    0.6124226E-04    0.4922443E-02    0.8828890E-02    0.2502920E-02    0.7185846E-05   -0.1616730E+01   -0.7218649E-01    0.3868902E+01   -0.3007358E+02   -0.4022381E+01    0.7940273E+01    0.6803217E+01   -0.3011176E+01   -0.1314075E+00    0.5278904E-01    0.2421489E+01    0.2032334E+01    0.2074988E-03   -0.3826012E-03
   -0.1304855E-02    0.8592067E-02   -0.1315931E-02   -0.9736218E-01   -0.1686183E+00   -0.4878143E-01    0.4059638E-02    0.4625853E+02   -0.5729285E+00   -0.3007358E+02    0.7449280E+03    0.7344398E+02   -0.6018057E+02   -0.7317819E+02    0.1612938E+02   -0.6341570E+00    0.6118594E+00   -0.1180404E+02   -0.1908424E+02    0.4881709E-02    0.4503046E-02
   -0.7244182E-03    0.4940960E-02   -0.6738505E-03   -0.4931968E-01   -0.8435450E-01   -0.1859369E-01    0.9720072E-03    0.2258070E+01    0.9057027E+00   -0.4022381E+01    0.7344398E+02    0.6256882E+02    0.4261291E+02    0.1794661E+02   -0.4182181E+01   -0.3421655E+00   -0.9729797E+00    0.4374296E+01    0.4357791E+01    0.1641482E-03    0.3926298E-03
   -0.1839779E-03    0.1679165E-02   -0.1799938E-03   -0.1620778E-01   -0.2411669E-01   -0.6639926E-03    0.8633320E-03   -0.2039229E+02    0.1716036E+01    0.7940273E+01   -0.6018057E+02    0.4261291E+02    0.9325363E+02    0.6713330E+02   -0.1276904E+02   -0.4697895E+00   -0.3266483E+00    0.5215499E+01    0.6783941E+01    0.6968759E-03   -0.2502999E-02
    0.1582981E-04   -0.1507306E-04   -0.1886195E-04    0.2721016E-04    0.6191390E-02    0.6770148E-02    0.1307890E-02   -0.6598726E+02    0.7447003E+00    0.6803217E+01   -0.7317819E+02    0.1794661E+02    0.6713330E+02    0.1270573E+03   -0.1074858E+02    0.5307835E-02   -0.4748282E+00    0.1130151E+01    0.2242490E+02    0.4817266E-03   -0.7747301E-02
   -0.1167637E-03    0.7380388E-03   -0.1018364E-03   -0.7454725E-02   -0.1399948E-01   -0.4712135E-02    0.3255213E-04    0.3196209E+00    0.7115597E-01   -0.3011176E+01    0.1612938E+02   -0.4182181E+01   -0.1276904E+02   -0.1074858E+02    0.6717660E+01    0.5588820E-01   -0.1419337E+00   -0.2201092E+01   -0.1575252E+01   -0.1404729E-03    0.2217266E-03
   -0.8132825E-05    0.8649272E-04   -0.6153196E-05   -0.5102474E-03   -0.1146032E-02    0.6964586E-04   -0.3654786E-04   -0.2112695E+00   -0.6597152E-02   -0.1314075E+00   -0.6341570E+00   -0.3421655E+00   -0.4697895E+00    0.5307835E-02    0.5588820E-01    0.3201157E+01    0.7356254E+00    0.3275206E+00    0.5304437E+00    0.4226543E-03   -0.2019267E-04
    0.8227321E-05    0.5148133E-04    0.9563014E-05    0.6870174E-04   -0.3388479E-03   -0.1251617E-03   -0.4308892E-04    0.2031701E+00    0.7959055E-02    0.5278904E-01    0.6118594E+00   -0.9729797E+00   -0.3266483E+00   -0.4748282E+00   -0.1419337E+00    0.7356254E+00    0.3131665E+01    0.2387454E+01    0.1456894E+01   -0.4102346E-03   -0.1934480E-03
   -0.1890164E-04    0.2939166E-03   -0.4723893E-04   -0.2856447E-02   -0.5585481E-02   -0.9955749E-03   -0.1012944E-03   -0.3111222E+01    0.9767831E-01    0.2421489E+01   -0.1180404E+02    0.4374296E+01    0.5215499E+01    0.1130151E+01   -0.2201092E+01    0.3275206E+00    0.2387454E+01    0.1787389E+02    0.2719323E+02   -0.7446374E-04    0.2435727E-02
    0.3823031E-04   -0.1241675E-05   -0.1828406E-04   -0.2968905E-03    0.6419371E-03    0.8938766E-03    0.5030535E-03   -0.2505505E+02    0.1291368E+00    0.2032334E+01   -0.1908424E+02    0.4357791E+01    0.6783941E+01    0.2242490E+02   -0.1575252E+01    0.5304437E+00    0.1456894E+01    0.2719323E+02    0.6122520E+02   -0.1145931E-03    0.4257113E-02
    0.1662879E-08   -0.2653880E-07   -0.1989969E-08   -0.2328415E-06   -0.2587411E-06   -0.1822547E-06    0.9957575E-08   -0.3728692E-04    0.1729882E-05    0.2074988E-03    0.4881709E-02    0.1641482E-03    0.6968759E-03    0.4817266E-03   -0.1404729E-03    0.4226543E-03   -0.4102346E-03   -0.7446374E-04   -0.1145931E-03    0.5550526E-06    0.2964436E-08
   -0.2784036E-07    0.2418014E-06   -0.3285482E-07   -0.2501917E-05   -0.4598152E-05   -0.1090717E-05   -0.5155521E-07    0.4487149E-02   -0.1846483E-04   -0.3826012E-03    0.4503046E-02    0.3926298E-03   -0.2502999E-02   -0.7747301E-02    0.2217266E-03   -0.2019267E-04   -0.1934480E-03    0.2435727E-02    0.4257113E-02    0.2964436E-08    0.2074002E-05
