# omegabh2 omegach2 theta tau logA ns nrun r calPlanck aps100 aps143 aps217 acib217 asz143 psr cibr xi aksz dust100 dust143 dust217 dust143x217 cal0 cal2
  5.7670447E-08  -2.2539311E-07   4.7801486E-08   6.5605962E-07   1.1279277E-06   5.6548682E-07  -8.1998102E-07   2.8041943E-06   2.8427183E-08  -2.2528031E-04  -3.1034847E-04  -1.0933507E-04  -5.2096596E-05   1.8287323E-05  -2.9363958E-07  -5.4880863E-07  -6.2858846E-07  -1.2911687E-05   9.6611019E-07   7.3992020E-07   4.7588746E-07   3.9735961E-07   4.8699392E-09  -2.1441668E-09
 -2.2539311E-07   4.4224644E-06  -4.3376949E-07  -4.3292290E-06   1.6289305E-06  -1.0056312E-05  -1.0678529E-06  -1.3507588E-05  -2.5149295E-07   1.2261758E-03   2.1710393E-03   5.6573862E-04   5.2760562E-04  -8.8225375E-05   2.0695279E-06   8.0193871E-06  -1.2521203E-06   3.6465204E-05   8.5221453E-07   5.0888647E-07  -3.5325950E-06   7.4180160E-07  -6.5821671E-08   1.7600346E-08
  4.7801486E-08  -4.3376949E-07   2.1938958E-07   6.0614988E-07   4.7330818E-07   1.1954597E-06  -1.7638982E-07   2.0185837E-06   2.8494403E-08  -5.0452942E-05  -1.9053429E-04  -1.9170297E-04   1.9290306E-05   1.3487159E-05  -4.6335420E-07   8.1438383E-07   1.2333957E-07   4.7975653E-06   1.5200888E-06   1.2914475E-06   1.4847138E-07   1.7407745E-07   6.9622515E-09   3.4837984E-09
  6.5605962E-07  -4.3292290E-06   6.0614988E-07   7.1322313E-05   1.3656784E-04   1.1332118E-05  -1.7825318E-05   4.0062791E-05  -1.5582764E-08  -1.9005673E-03  -2.6351874E-03  -4.7157959E-04  -9.6901529E-04  -6.6170876E-05  -6.3989100E-06  -3.7666852E-05  -8.1364813E-06  -3.5205779E-05   4.4721206E-06  -4.0395217E-06   4.9986765E-06   1.3531873E-05   8.8900731E-08  -1.1373690E-07
  1.1279277E-06   1.6289305E-06   4.7330818E-07   1.3656784E-04   3.1816411E-04  -4.0480338E-06  -5.4161747E-05   7.9266265E-05   1.2018431E-05   1.1416326E-02   5.4045905E-03   4.8230812E-03   8.6831225E-04  -4.7204971E-04   3.4468418E-06  -5.9587996E-05   1.0855267E-05  -3.4443653E-04   3.8008940E-06  -8.7366294E-05   1.2057548E-05   2.3521930E-05   7.7251920E-07   5.7333354E-10
  5.6548682E-07  -1.0056312E-05   1.1954597E-06   1.1332118E-05  -4.0480338E-06   3.5807272E-05   1.0261849E-05   3.7844505E-05   7.1638651E-07  -3.3663973E-02  -1.4928372E-02   9.7593147E-03  -9.1405241E-03   1.0170639E-03   7.1422836E-05  -1.4945735E-04   7.4987307E-05  -2.5513026E-03   1.4157449E-05  -3.5732400E-05   5.0006426E-05  -9.0308338E-06  -2.9200431E-07  -4.7478142E-07
 -8.1998102E-07  -1.0678529E-06  -1.7638982E-07  -1.7825318E-05  -5.4161747E-05   1.0261849E-05   7.1226453E-05  -1.7233495E-04  -8.4047123E-08  -4.0818222E-02  -1.8838045E-02   1.5559635E-02  -1.3046199E-02   1.3806113E-03   1.0936952E-04  -2.1821079E-04   1.2311692E-04  -3.4205105E-03  -5.3232982E-05  -6.9026996E-05   5.4940143E-05  -3.3672348E-05  -1.7950249E-07  -1.0118006E-06
  2.8041943E-06  -1.3507588E-05   2.0185837E-06   4.0062791E-05   7.9266265E-05   3.7844505E-05  -1.7233495E-04   2.5177821E-03   1.3563651E-06   6.0312749E-02   2.5819952E-02  -2.9171752E-02   2.1384534E-02  -1.7628836E-03  -1.4999562E-04   4.0982171E-04  -1.3760034E-04   5.6874945E-03  -5.3480622E-06   1.4275616E-04  -6.6197307E-05   3.5995197E-05   3.3402406E-07   2.3951814E-06
  2.8427183E-08  -2.5149295E-07   2.8494403E-08  -1.5582764E-08   1.2018431E-05   7.1638651E-07  -8.4047123E-08   1.3563651E-06   6.2656493E-06   2.1329940E-03   4.8472479E-04   1.2037579E-03   5.9455265E-04   5.4835943E-05   2.5246611E-06   2.3917212E-06   7.4999530E-06  -7.7578331E-05  -6.3239553E-07   9.2055377E-07   5.5873082E-06  -5.2048754E-07   6.8953763E-09  -1.2513397E-08
 -2.2528031E-04   1.2261758E-03  -5.0452942E-05  -1.9005673E-03   1.1416326E-02  -3.3663973E-02  -4.0818222E-02   6.0312749E-02   2.1329940E-03   6.3936819E+02   7.5807252E+01  -6.6124731E+01   4.0201985E+01  -2.5509449E+01  -8.8107738E-01   1.2246820E-01  -2.7757008E-01   1.3411373E+01  -1.5170463E-01   3.0675781E-01  -2.7829246E-01  -2.1359521E-01   7.0426789E-03   3.7020487E-03
 -3.1034847E-04   2.1710393E-03  -1.9053429E-04  -2.6351874E-03   5.4045905E-03  -1.4928372E-02  -1.8838045E-02   2.5819952E-02   4.8472479E-04   7.5807252E+01   7.4168923E+01   3.4595785E+00   1.1553925E+01  -1.0475498E+00  -2.3758187E-02   5.0872538E-01   8.3008579E-01  -6.6878925E+00  -2.6734209E-02  -2.1382532E-01   2.5087002E-02   6.1479141E-02   9.2353159E-04   1.0719466E-03
 -1.0933507E-04   5.6573862E-04  -1.9170297E-04  -4.7157959E-04   4.8230812E-03   9.7593147E-03   1.5559635E-02  -2.9171752E-02   1.2037579E-03  -6.6124731E+01   3.4595785E+00   1.8160416E+02  -8.8201190E+01   2.2573747E+00   3.7963369E-01  -1.1168186E+00   3.4855312E-01  -7.3671560E+00  -1.6424709E-02  -3.1227443E-01   5.7282455E-01   1.7691070E-02   1.6214138E-03  -8.0563805E-03
 -5.2096596E-05   5.2760562E-04   1.9290306E-05  -9.6901529E-04   8.6831225E-04  -9.1405241E-03  -1.3046199E-02   2.1384534E-02   5.9455265E-04   4.0201985E+01   1.1553925E+01  -8.8201190E+01   5.6205436E+01   1.7221356E+00  -8.1785166E-02   7.8815000E-01  -2.7758090E-01  -2.3293150E+00   6.6610311E-03   1.9182660E-01  -4.6662623E-01  -1.3069330E-01  -4.9412011E-04   3.4432180E-03
  1.8287323E-05  -8.8225375E-05   1.3487159E-05  -6.6170876E-05  -4.7204971E-04   1.0170639E-03   1.3806113E-03  -1.7628836E-03   5.4835943E-05  -2.5509449E+01  -1.0475498E+00   2.2573747E+00   1.7221356E+00   4.2623686E+00   9.6475261E-02   1.4340705E-01  -4.4311118E-02  -3.5970920E+00  -9.5498475E-03  -2.3656243E-03   6.9838136E-03   4.9328203E-02   4.1059228E-04  -2.2323215E-04
 -2.9363958E-07   2.0695279E-06  -4.6335420E-07  -6.3989100E-06   3.4468418E-06   7.1422836E-05   1.0936952E-04  -1.4999562E-04   2.5246611E-06  -8.8107738E-01  -2.3758187E-02   3.7963369E-01  -8.1785166E-02   9.6475261E-02   1.5650379E-02  -1.6258269E-02   1.2178043E-02  -1.0410598E-01  -2.5891791E-04  -1.6558010E-03  -2.2230762E-03   5.2537225E-03   1.7250427E-05  -3.7480565E-05
 -5.4880863E-07   8.0193871E-06   8.1438383E-07  -3.7666852E-05  -5.9587996E-05  -1.4945735E-04  -2.1821079E-04   4.0982171E-04   2.3917212E-06   1.2246820E-01   5.0872538E-01  -1.1168186E+00   7.8815000E-01   1.4340705E-01  -1.6258269E-02   6.4462075E-02   2.9088089E-03  -1.4650213E-01   1.7630049E-04   7.2898679E-03  -8.2126547E-04  -1.7676664E-02  -7.3586399E-06   9.8410126E-05
 -6.2858846E-07  -1.2521203E-06   1.2333957E-07  -8.1364813E-06   1.0855267E-05   7.4987307E-05   1.2311692E-04  -1.3760034E-04   7.4999530E-06  -2.7757008E-01   8.3008579E-01   3.4855312E-01  -2.7758090E-01  -4.4311118E-02   1.2178043E-02   2.9088089E-03   8.2083303E-02   4.3325085E-02   1.1291059E-05  -5.0476194E-04   1.2437724E-03   1.2203418E-03   1.5287204E-05  -3.8709035E-06
 -1.2911687E-05   3.6465204E-05   4.7975653E-06  -3.5205779E-05  -3.4443653E-04  -2.5513026E-03  -3.4205105E-03   5.6874945E-03  -7.7578331E-05   1.3411373E+01  -6.6878925E+00  -7.3671560E+00  -2.3293150E+00  -3.5970920E+00  -1.0410598E-01  -1.4650213E-01   4.3325085E-02   7.5287234E+00   7.9161467E-03   2.5814466E-04  -4.2822126E-03  -4.1997131E-02  -3.3660726E-04   8.1252101E-05
  9.6611019E-07   8.5221453E-07   1.5200888E-06   4.4721206E-06   3.8008940E-06   1.4157449E-05  -5.3232982E-05  -5.3480622E-06  -6.3239553E-07  -1.5170463E-01  -2.6734209E-02  -1.6424709E-02   6.6610311E-03  -9.5498475E-03  -2.5891791E-04   1.7630049E-04   1.1291059E-05   7.9161467E-03   3.8721920E-02   3.2297925E-03  -1.8064582E-04   3.5014673E-04   3.3943615E-05  -4.7918799E-06
  7.3992020E-07   5.0888647E-07   1.2914475E-06  -4.0395217E-06  -8.7366294E-05  -3.5732400E-05  -6.9026996E-05   1.4275616E-04   9.2055377E-07   3.0675781E-01  -2.1382532E-01  -3.1227443E-01   1.9182660E-01  -2.3656243E-03  -1.6558010E-03   7.2898679E-03  -5.0476194E-04   2.5814466E-04   3.2297925E-03   3.1128190E-02  -8.9709738E-04   5.3215252E-03  -8.1166753E-05  -4.1902869E-05
  4.7588746E-07  -3.5325950E-06   1.4847138E-07   4.9986765E-06   1.2057548E-05   5.0006426E-05   5.4940143E-05  -6.6197307E-05   5.5873082E-06  -2.7829246E-01   2.5087002E-02   5.7282455E-01  -4.6662623E-01   6.9838136E-03  -2.2230762E-03  -8.2126547E-04   1.2437724E-03  -4.2822126E-03  -1.8064582E-04  -8.9709738E-04   1.0614899E-02   8.5769001E-03   3.5063256E-06   6.0881217E-05
  3.9735961E-07   7.4180160E-07   1.7407745E-07   1.3531873E-05   2.3521930E-05  -9.0308338E-06  -3.3672348E-05   3.5995197E-05  -5.2048754E-07  -2.1359521E-01   6.1479141E-02   1.7691070E-02  -1.3069330E-01   4.9328203E-02   5.2537225E-03  -1.7676664E-02   1.2203418E-03  -4.1997131E-02   3.5014673E-04   5.3215252E-03   8.5769001E-03   2.6579378E-02  -4.3086257E-06   5.6462372E-05
  4.8699392E-09  -6.5821671E-08   6.9622515E-09   8.8900731E-08   7.7251920E-07  -2.9200431E-07  -1.7950249E-07   3.3402406E-07   6.8953763E-09   7.0426789E-03   9.2353159E-04   1.6214138E-03  -4.9412011E-04   4.1059228E-04   1.7250427E-05  -7.3586399E-06   1.5287204E-05  -3.3660726E-04   3.3943615E-05  -8.1166753E-05   3.5063256E-06  -4.3086257E-06   1.1146854E-06   5.7028365E-08
 -2.1441668E-09   1.7600346E-08   3.4837984E-09  -1.1373690E-07   5.7333354E-10  -4.7478142E-07  -1.0118006E-06   2.3951814E-06  -1.2513397E-08   3.7020487E-03   1.0719466E-03  -8.0563805E-03   3.4432180E-03  -2.2323215E-04  -3.7480565E-05   9.8410126E-05  -3.8709035E-06   8.1252101E-05  -4.7918799E-06  -4.1902869E-05   6.0881217E-05   5.6462372E-05   5.7028365E-08   2.4968169E-06
