# omegabh2 omegach2 theta tau logA ns aps100 aps143 aps217 acib143 acib217 asz143 psr cibr ncib xi aksz cal0 cal2 bm_1_1
    0.4695364E-07   -0.1053913E-06    0.3068450E-07    0.1384185E-05    0.2627917E-05    0.4613166E-06   -0.1108149E-02   -0.3789521E-03    0.3299522E-03   -0.1615817E-03   -0.3532848E-03    0.3933685E-04    0.2469218E-05   -0.1928470E-05   -0.4294428E-05    0.1086021E-05   -0.5483089E-04   -0.3422712E-08   -0.6713059E-08   -0.3274592E-05
   -0.1053913E-06    0.1815076E-05   -0.1159117E-06   -0.1383331E-04   -0.2325861E-04   -0.4419354E-05    0.2623739E-02    0.7693421E-03   -0.7177266E-03    0.2263916E-03    0.7501993E-03    0.1501883E-03   -0.4429333E-05    0.1529512E-04    0.4767565E-05    0.7175945E-07    0.5476623E-04   -0.3117327E-07    0.1231549E-06    0.4063238E-04
    0.3068450E-07   -0.1159117E-06    0.1822171E-06    0.2403792E-05    0.4776966E-05    0.5494034E-06   -0.9890297E-04   -0.3105275E-03    0.4413158E-04   -0.2677348E-04   -0.1055223E-03    0.3990901E-05    0.1683831E-05   -0.5160051E-05    0.6032321E-06   -0.3776747E-05   -0.1315763E-04    0.6364448E-08   -0.2268032E-08   -0.2638145E-05
    0.1384185E-05   -0.1383331E-04    0.2403792E-05    0.2987582E-03    0.5581092E-03    0.4827397E-04   -0.5148227E-01   -0.2434733E-01    0.2248716E-01   -0.4695627E-02   -0.1832863E-01   -0.3582363E-04    0.1151652E-03   -0.2854824E-03   -0.1331595E-03   -0.1524258E-03   -0.1527945E-02    0.9350000E-07   -0.3189910E-05   -0.8696755E-03
    0.2627917E-05   -0.2325861E-04    0.4776966E-05    0.5581092E-03    0.1055398E-02    0.8552626E-04   -0.1067606E+00   -0.3979984E-01    0.5138245E-01   -0.1320430E-01   -0.3755409E-01   -0.5391446E-03    0.2458927E-03   -0.6173069E-03   -0.2269575E-03   -0.3076379E-03   -0.4274665E-02    0.4048266E-06   -0.4588609E-05   -0.1156005E-02
    0.4613166E-06   -0.4419354E-05    0.5494034E-06    0.4827397E-04    0.8552626E-04    0.2589777E-04   -0.3149340E-01   -0.4431572E-03    0.1672360E-01   -0.6270161E-02   -0.1062853E-01   -0.1110746E-02    0.8074876E-04   -0.1990126E-03   -0.5942931E-04    0.6282474E-04   -0.2734757E-02    0.7292078E-07    0.2502227E-06    0.1152278E-03
   -0.1108149E-02    0.2623739E-02   -0.9890297E-04   -0.5148227E-01   -0.1067606E+00   -0.3149340E-01    0.2354506E+04    0.5226992E+02   -0.6319553E+02    0.7629423E+02    0.6085609E+02   -0.4904161E+02   -0.8512049E+00   -0.7085552E+00    0.4478512E+00    0.3197004E+00   -0.1620929E+02    0.2429919E-02   -0.4249459E-02    0.1082045E+02
   -0.3789521E-03    0.7693421E-03   -0.3105275E-03   -0.2434733E-01   -0.3979984E-01   -0.4431572E-03    0.5226992E+02    0.1277643E+03    0.3825646E+02   -0.2487988E+02   -0.3498418E+01   -0.6672694E+01   -0.6970084E-01   -0.2714706E-01    0.1145459E+00    0.1211413E+01   -0.1162875E+02    0.7170907E-03    0.1592076E-02    0.4382600E+00
    0.3299522E-03   -0.7177266E-03    0.4413158E-04    0.2248716E-01    0.5138245E-01    0.1672360E-01   -0.6319553E+02    0.3825646E+02    0.3094857E+03   -0.3609004E+02   -0.1444102E+03   -0.1859843E+01    0.2284532E+00   -0.1435853E+01   -0.1636211E+01    0.5931624E+00   -0.6117237E+01   -0.1910114E-03   -0.4402217E-02    0.4791045E+00
   -0.1615817E-03    0.2263916E-03   -0.2677348E-04   -0.4695627E-02   -0.1320430E-01   -0.6270161E-02    0.7629423E+02   -0.2487988E+02   -0.3609004E+02    0.2713541E+02    0.2041383E+02   -0.1447937E+01   -0.4813755E-01    0.8856071E-01    0.1794258E+00    0.1920825E+00   -0.1109033E+01   -0.4133429E-03   -0.1348614E-02   -0.3341856E+00
   -0.3532848E-03    0.7501993E-03   -0.1055223E-03   -0.1832863E-01   -0.3755409E-01   -0.1062853E-01    0.6085609E+02   -0.3498418E+01   -0.1444102E+03    0.2041383E+02    0.7905114E+02    0.8598101E+00   -0.6654401E-01    0.6901441E+00    0.1016007E+01   -0.3184522E+00   -0.3078596E+01    0.2707793E-03    0.1382566E-02   -0.7470287E-01
    0.3933685E-04    0.1501883E-03    0.3990901E-05   -0.3582363E-04   -0.5391446E-03   -0.1110746E-02   -0.4904161E+02   -0.6672694E+01   -0.1859843E+01   -0.1447937E+01    0.8598101E+00    0.6725748E+01    0.5937136E-01    0.2549975E+00   -0.1121476E-01   -0.6267410E-01   -0.3340826E+00    0.4889741E-04   -0.5291592E-03    0.1217113E+00
    0.2469218E-05   -0.4429333E-05    0.1683831E-05    0.1151652E-03    0.2458927E-03    0.8074876E-04   -0.8512049E+00   -0.6970084E-01    0.2284532E+00   -0.4813755E-01   -0.6654401E-01    0.5937136E-01    0.1648265E-01   -0.9859546E-02    0.4428667E-02    0.6908855E-02    0.8376902E-04    0.8349810E-05   -0.3419294E-04    0.3481509E-02
   -0.1928470E-05    0.1529512E-04   -0.5160051E-05   -0.2854824E-03   -0.6173069E-03   -0.1990126E-03   -0.7085552E+00   -0.2714706E-01   -0.1435853E+01    0.8856071E-01    0.6901441E+00    0.2549975E+00   -0.9859546E-02    0.4686154E-01   -0.2300383E-02    0.4182980E-02   -0.7112186E-01   -0.9637352E-05    0.8793642E-04    0.8621042E-03
   -0.4294428E-05    0.4767565E-05    0.6032321E-06   -0.1331595E-03   -0.2269575E-03   -0.5942931E-04    0.4478512E+00    0.1145459E+00   -0.1636211E+01    0.1794258E+00    0.1016007E+01   -0.1121476E-01    0.4428667E-02   -0.2300383E-02    0.2390604E-01   -0.2058121E-02   -0.1605707E-01    0.1256999E-04   -0.7527908E-04    0.7713269E-02
    0.1086021E-05    0.7175945E-07   -0.3776747E-05   -0.1524258E-03   -0.3076379E-03    0.6282474E-04    0.3197004E+00    0.1211413E+01    0.5931624E+00    0.1920825E+00   -0.3184522E+00   -0.6267410E-01    0.6908855E-02    0.4182980E-02   -0.2058121E-02    0.8264669E-01    0.3516850E-01   -0.6615602E-05   -0.2914849E-04    0.5226235E-03
   -0.5483089E-04    0.5476623E-04   -0.1315763E-04   -0.1527945E-02   -0.4274665E-02   -0.2734757E-02   -0.1620929E+02   -0.1162875E+02   -0.6117237E+01   -0.1109033E+01   -0.3078596E+01   -0.3340826E+00    0.8376902E-04   -0.7112186E-01   -0.1605707E-01    0.3516850E-01    0.7819075E+01   -0.3450192E-04   -0.4680882E-04   -0.4536926E-02
   -0.3422712E-08   -0.3117327E-07    0.6364448E-08    0.9350000E-07    0.4048266E-06    0.7292078E-07    0.2429919E-02    0.7170907E-03   -0.1910114E-03   -0.4133429E-03    0.2707793E-03    0.4889741E-04    0.8349810E-05   -0.9637352E-05    0.1256999E-04   -0.6615602E-05   -0.3450192E-04    0.8431593E-06   -0.2307854E-07   -0.8302902E-04
   -0.6713059E-08    0.1231549E-06   -0.2268032E-08   -0.3189910E-05   -0.4588609E-05    0.2502227E-06   -0.4249459E-02    0.1592076E-02   -0.4402217E-02   -0.1348614E-02    0.1382566E-02   -0.5291592E-03   -0.3419294E-04    0.8793642E-04   -0.7527908E-04   -0.2914849E-04   -0.4680882E-04   -0.2307854E-07    0.5705431E-05    0.2188833E-03
   -0.3274592E-05    0.4063238E-04   -0.2638145E-05   -0.8696755E-03   -0.1156005E-02    0.1152278E-03    0.1082045E+02    0.4382600E+00    0.4791045E+00   -0.3341856E+00   -0.7470287E-01    0.1217113E+00    0.3481509E-02    0.8621042E-03    0.7713269E-02    0.5226235E-03   -0.4536926E-02   -0.8302902E-04    0.2188833E-03    0.2529620E+00
