# omegabh2 omegach2 theta tau ns logA aps100 aps143 aps217 acib143 acib217 asz143 psr cibr cal0 cal2 xi aksz bm_1_1
    0.59469E-07   -0.14859E-06    0.43827E-07    0.71840E-06    0.54436E-06    0.12406E-05   -0.72395E-03   -0.38855E-03   -0.19372E-03   -0.76243E-04   -0.15831E-03   -0.64408E-05   -0.12350E-06   -0.54795E-05    0.73190E-09   -0.33598E-08    0.12971E-05   -0.23490E-04   -0.20497E-04
   -0.14859E-06    0.29882E-05   -0.17868E-06   -0.47092E-05   -0.67054E-05   -0.20164E-05    0.32652E-03    0.11225E-02    0.12509E-02   -0.48601E-04    0.24127E-04    0.11253E-04    0.16030E-06    0.46568E-05   -0.77764E-08    0.21411E-07   -0.51334E-05   -0.19747E-04    0.74673E-04
    0.43827E-07   -0.17868E-06    0.31814E-06    0.75735E-06    0.88689E-06    0.14237E-05    0.48187E-03   -0.19935E-03   -0.92109E-04    0.66042E-04   -0.31132E-04   -0.95352E-05   -0.25810E-06   -0.39683E-05    0.39303E-08   -0.89020E-08    0.18083E-05   -0.98941E-05   -0.44688E-05
    0.71840E-06   -0.47092E-05    0.75735E-06    0.19825E-03    0.22515E-04    0.38461E-03    0.13324E-02   -0.17958E-02    0.76126E-02   -0.32758E-02   -0.89459E-02   -0.64401E-03    0.62514E-05   -0.29973E-03   -0.13605E-06    0.13207E-08    0.83237E-04   -0.91784E-03   -0.55482E-03
    0.54436E-06   -0.67054E-05    0.88689E-06    0.22515E-04    0.33352E-04    0.27035E-04   -0.14745E-01    0.45676E-02    0.10524E-01   -0.45177E-02   -0.87712E-02   -0.62494E-03    0.28195E-05   -0.25118E-03   -0.11579E-06   -0.10681E-06    0.29890E-04   -0.16247E-02   -0.49369E-03
    0.12406E-05   -0.20164E-05    0.14237E-05    0.38461E-03    0.27035E-04    0.77083E-03    0.15296E-01    0.87342E-02    0.29320E-01   -0.90465E-02   -0.22798E-01   -0.18740E-02    0.15156E-04   -0.75704E-03   -0.22155E-06    0.28655E-06    0.20058E-03   -0.28115E-02   -0.59272E-03
   -0.72395E-03    0.32652E-03    0.48187E-03    0.13324E-02   -0.14745E-01    0.15296E-01    0.27641E+04    0.22152E+03    0.14504E+03    0.10045E+03   -0.42257E+02   -0.29402E+02    0.56782E-01   -0.56123E+01    0.71041E-03    0.34066E-02    0.30346E+01   -0.58413E+01    0.11346E+02
   -0.38855E-03    0.11225E-02   -0.19935E-03   -0.17958E-02    0.45676E-02    0.87342E-02    0.22152E+03    0.17796E+03    0.13467E+03   -0.34602E+02   -0.48629E+02   -0.53799E+01    0.34054E-01   -0.13706E+01   -0.10039E-03    0.21818E-03    0.49059E+00   -0.60658E+01    0.37754E+00
   -0.19372E-03    0.12509E-02   -0.92109E-04    0.76126E-02    0.10524E-01    0.29320E-01    0.14504E+03    0.13467E+03    0.22660E+03   -0.30963E+02   -0.89041E+02   -0.45537E+01    0.45989E-01   -0.20158E+01   -0.26818E-04   -0.45959E-02    0.54352E+00   -0.62946E+01    0.16574E+00
   -0.76243E-04   -0.48601E-04    0.66042E-04   -0.32758E-02   -0.45177E-02   -0.90465E-02    0.10045E+03   -0.34602E+02   -0.30963E+02    0.30212E+02    0.16858E+02   -0.97121E+00   -0.62167E-02   -0.39607E-01   -0.42304E-04   -0.34970E-03    0.23572E+00   -0.39423E+00   -0.63185E+00
   -0.15831E-03    0.24127E-04   -0.31132E-04   -0.89459E-02   -0.87712E-02   -0.22798E-01   -0.42257E+02   -0.48629E+02   -0.89041E+02    0.16858E+02    0.45486E+02    0.23841E+01   -0.18491E-01    0.10613E+01    0.21160E-05    0.23855E-02   -0.26939E+00   -0.28140E+00    0.33632E-01
   -0.64408E-05    0.11253E-04   -0.95352E-05   -0.64401E-03   -0.62494E-03   -0.18740E-02   -0.29402E+02   -0.53799E+01   -0.45537E+01   -0.97121E+00    0.23841E+01    0.71833E+00   -0.15892E-02    0.15686E+00    0.15149E-04   -0.12245E-03   -0.62769E-01   -0.35832E-01    0.77401E-01
   -0.12350E-06    0.16030E-06   -0.25810E-06    0.62514E-05    0.28195E-05    0.15156E-04    0.56782E-01    0.34054E-01    0.45989E-01   -0.62167E-02   -0.18491E-01   -0.15892E-02    0.18611E-03   -0.53805E-03    0.68193E-07   -0.50885E-06    0.18324E-03   -0.14629E-02   -0.13524E-03
   -0.54795E-05    0.46568E-05   -0.39683E-05   -0.29973E-03   -0.25118E-03   -0.75704E-03   -0.56123E+01   -0.13706E+01   -0.20158E+01   -0.39607E-01    0.10613E+01    0.15686E+00   -0.53805E-03    0.54183E-01    0.44429E-05    0.26140E-04   -0.12494E-01   -0.11571E-01    0.13415E-01
    0.73190E-09   -0.77764E-08    0.39303E-08   -0.13605E-06   -0.11579E-06   -0.22155E-06    0.71041E-03   -0.10039E-03   -0.26818E-04   -0.42304E-04    0.21160E-05    0.15149E-04    0.68193E-07    0.44429E-05    0.15856E-06    0.52768E-08    0.13822E-05    0.10329E-04   -0.26466E-04
   -0.33598E-08    0.21411E-07   -0.89020E-08    0.13207E-08   -0.10681E-06    0.28655E-06    0.34066E-02    0.21818E-03   -0.45959E-02   -0.34970E-03    0.23855E-02   -0.12245E-03   -0.50885E-06    0.26140E-04    0.52768E-08    0.96353E-06   -0.78198E-05    0.67540E-04    0.29482E-04
    0.12971E-05   -0.51334E-05    0.18083E-05    0.83237E-04    0.29890E-04    0.20058E-03    0.30346E+01    0.49059E+00    0.54352E+00    0.23572E+00   -0.26939E+00   -0.62769E-01    0.18324E-03   -0.12494E-01    0.13822E-05   -0.78198E-05    0.27848E-01    0.46563E-02   -0.61111E-02
   -0.23490E-04   -0.19747E-04   -0.98941E-05   -0.91784E-03   -0.16247E-02   -0.28115E-02   -0.58413E+01   -0.60658E+01   -0.62946E+01   -0.39423E+00   -0.28140E+00   -0.35832E-01   -0.14629E-02   -0.11571E-01    0.10329E-04    0.67540E-04    0.46563E-02    0.19996E+01   -0.20233E-01
   -0.20497E-04    0.74673E-04   -0.44688E-05   -0.55482E-03   -0.49369E-03   -0.59272E-03    0.11346E+02    0.37754E+00    0.16574E+00   -0.63185E+00    0.33632E-01    0.77401E-01   -0.13524E-03    0.13415E-01   -0.26466E-04    0.29482E-04   -0.61111E-02   -0.20233E-01    0.59169E+00
