# omegabh2 omegach2 theta tau Alens logA ns acib217 acibsz143 asz143 aps100 aps143 aps143217 aps217 aksz kgal100 t1gal143 t1gal143217 t1gal217 calib_100T calib_217T
    0.8330991E-07   -0.3970864E-06    0.7793531E-07    0.5579758E-06    0.1493368E-04    0.4916050E-06    0.1220083E-05   -0.5324528E-03   -0.2118929E-03   -0.1798325E-04   -0.8992441E-03   -0.3509797E-03    0.1736725E-03    0.3754095E-03   -0.1448575E-03    0.4271149E-03   -0.2207496E-03   -0.3815566E-03   -0.4881157E-03   -0.5552745E-07    0.4140630E-07
   -0.3970864E-06    0.5271449E-05   -0.6082906E-06   -0.6054543E-05   -0.1150110E-03   -0.1834017E-05   -0.1311514E-04    0.2426294E-02    0.8783387E-03    0.8597590E-05    0.1399932E-02    0.9886502E-03   -0.1452074E-02   -0.2534314E-02    0.6066134E-03    0.5428008E-02    0.6275063E-02    0.6973569E-02    0.7466886E-02   -0.5730652E-07   -0.2021875E-06
    0.7793531E-07   -0.6082906E-06    0.2640016E-06    0.8708010E-06    0.1728307E-04    0.8210915E-06    0.1893724E-05   -0.5061894E-03   -0.2017152E-03   -0.3889085E-04   -0.3434267E-03   -0.7192118E-04    0.3521796E-03    0.5352762E-03   -0.7741903E-04   -0.2482501E-03   -0.8419403E-03   -0.1035779E-02   -0.1168819E-02   -0.4323234E-07    0.4984617E-07
    0.5579758E-06   -0.6054543E-05    0.8708010E-06    0.1847732E-03   -0.2680324E-03    0.3563098E-03    0.2414214E-04   -0.6702516E-02   -0.3721913E-02   -0.9532835E-03    0.1269125E-02    0.2781900E-02    0.8415809E-02    0.8217094E-02   -0.2099749E-02   -0.7350330E-02   -0.9807711E-02   -0.1050291E-01   -0.1023089E-01    0.1321430E-06    0.3441457E-07
    0.1493368E-04   -0.1150110E-03    0.1728307E-04   -0.2680324E-03    0.9036552E-02   -0.6786795E-03    0.3300513E-03   -0.1325756E+00   -0.4487647E-01   -0.9097492E-02   -0.1043251E+00   -0.1467576E-01    0.9544257E-01    0.1671792E+00   -0.3440235E-01   -0.2203744E+00   -0.3513601E+00   -0.4023155E+00   -0.4363937E+00   -0.5299050E-05    0.1379098E-04
    0.4916050E-06   -0.1834017E-05    0.8210915E-06    0.3563098E-03   -0.6786795E-03    0.7219010E-03    0.2184187E-04   -0.9581034E-02   -0.7068795E-02   -0.3202916E-02    0.2976312E-01    0.2274676E-01    0.2828468E-01    0.2386328E-01   -0.4243797E-02   -0.2773576E-01   -0.5665789E-01   -0.5727595E-01   -0.5642304E-01   -0.2474658E-05   -0.3519446E-06
    0.1220083E-05   -0.1311514E-04    0.1893724E-05    0.2414214E-04    0.3300513E-03    0.2184187E-04    0.4802185E-04   -0.1589815E-01   -0.5950200E-02   -0.1672660E-02   -0.1303079E-01    0.2716741E-02    0.1449079E-01    0.2039268E-01   -0.4611439E-02   -0.1503818E-01   -0.2077070E-01   -0.2533440E-01   -0.2656358E-01    0.4586057E-06    0.1070422E-05
   -0.5324528E-03    0.2426294E-02   -0.5061894E-03   -0.6702516E-02   -0.1325756E+00   -0.9581034E-02   -0.1589815E-01    0.6274763E+02    0.2051813E+02    0.3430197E+00    0.2803614E+02   -0.1246726E+02   -0.5347387E+02   -0.7777339E+02   -0.2302501E+01   -0.6482966E+01   -0.1089829E+02   -0.1229372E+02   -0.1566351E+02    0.2701893E-03   -0.3608952E-02
   -0.2118929E-03    0.8783387E-03   -0.2017152E-03   -0.3721913E-02   -0.4487647E-01   -0.7068795E-02   -0.5950200E-02    0.2051813E+02    0.1461120E+02    0.1946096E+01   -0.9994368E+01   -0.1827137E+02   -0.3511365E+02   -0.2171008E+02   -0.8457607E+00   -0.4366505E+01   -0.6237548E+01   -0.1133383E+02   -0.1234853E+02    0.1383028E-03   -0.2022253E-03
   -0.1798325E-04    0.8597590E-05   -0.3889085E-04   -0.9532835E-03   -0.9097492E-02   -0.3202916E-02   -0.1672660E-02    0.3430197E+00    0.1946096E+01    0.5884531E+01   -0.4006212E+02   -0.1672510E+02   -0.4190878E+01   -0.3276757E+00   -0.1711648E+00   -0.1508194E+01    0.6007084E+00    0.4867263E+01    0.5694180E+01   -0.1236928E-03    0.1164496E-03
   -0.8992441E-03    0.1399932E-02   -0.3434267E-03    0.1269125E-02   -0.1043251E+00    0.2976312E-01   -0.1303079E-01    0.2803614E+02   -0.9994368E+01   -0.4006212E+02    0.7890995E+03    0.1841854E+03    0.6863459E+02    0.6754941E+01   -0.1208514E+02   -0.7148352E+02   -0.5634550E+02   -0.6661197E+02   -0.6713883E+02   -0.4175727E-02   -0.4126103E-02
   -0.3509797E-03    0.9886502E-03   -0.7192118E-04    0.2781900E-02   -0.1467576E-01    0.2274676E-01    0.2716741E-02   -0.1246726E+02   -0.1827137E+02   -0.1672510E+02    0.1841854E+03    0.1198123E+03    0.8570197E+02    0.4788573E+02   -0.1074859E+02   -0.2073625E+02   -0.4088356E+02   -0.3833256E+02   -0.3703036E+02   -0.1336183E-02   -0.8713042E-03
    0.1736725E-03   -0.1452074E-02    0.3521796E-03    0.8415809E-02    0.9544257E-01    0.2828468E-01    0.1449079E-01   -0.5347387E+02   -0.3511365E+02   -0.4190878E+01    0.6863459E+02    0.8570197E+02    0.1294159E+03    0.9914397E+02   -0.9272438E+01   -0.1685335E+02   -0.3098875E+02   -0.2503548E+02   -0.2649615E+02   -0.1980215E-02    0.1930219E-02
    0.3754095E-03   -0.2534314E-02    0.5352762E-03    0.8217094E-02    0.1671792E+00    0.2386328E-01    0.2039268E-01   -0.7777339E+02   -0.2171008E+02   -0.3276757E+00    0.6754941E+01    0.4788573E+02    0.9914397E+02    0.1434773E+03   -0.8603398E+01   -0.1931810E+02   -0.3355462E+02   -0.4444526E+02   -0.4938698E+02   -0.1958430E-02    0.6555832E-02
   -0.1448575E-03    0.6066134E-03   -0.7741903E-04   -0.2099749E-02   -0.3440235E-01   -0.4243797E-02   -0.4611439E-02   -0.2302501E+01   -0.8457607E+00   -0.1711648E+00   -0.1208514E+02   -0.1074859E+02   -0.9272438E+01   -0.8603398E+01    0.8255400E+01   -0.1894922E+01   -0.2145840E+01   -0.2452991E+01   -0.2456423E+01    0.3136546E-04    0.1341113E-03
    0.4271149E-03    0.5428008E-02   -0.2482501E-03   -0.7350330E-02   -0.2203744E+00   -0.2773576E-01   -0.1503818E-01   -0.6482966E+01   -0.4366505E+01   -0.1508194E+01   -0.7148352E+02   -0.2073625E+02   -0.1685335E+02   -0.1931810E+02   -0.1894922E+01    0.2197511E+03    0.1421171E+03    0.1407372E+03    0.1401068E+03   -0.1224764E-01    0.1170442E-03
   -0.2207496E-03    0.6275063E-02   -0.8419403E-03   -0.9807711E-02   -0.3513601E+00   -0.5665789E-01   -0.2077070E-01   -0.1089829E+02   -0.6237548E+01    0.6007084E+00   -0.5634550E+02   -0.4088356E+02   -0.3098875E+02   -0.3355462E+02   -0.2145840E+01    0.1421171E+03    0.2555581E+03    0.2608245E+03    0.2631839E+03    0.8699599E-02   -0.1078182E-03
   -0.3815566E-03    0.6973569E-02   -0.1035779E-02   -0.1050291E-01   -0.4023155E+00   -0.5727595E-01   -0.2533440E-01   -0.1229372E+02   -0.1133383E+02    0.4867263E+01   -0.6661197E+02   -0.3833256E+02   -0.2503548E+02   -0.4444526E+02   -0.2452991E+01    0.1407372E+03    0.2608245E+03    0.3051097E+03    0.3335411E+03    0.8541311E-02   -0.5682846E-02
   -0.4881157E-03    0.7466886E-02   -0.1168819E-02   -0.1023089E-01   -0.4363937E+00   -0.5642304E-01   -0.2656358E-01   -0.1566351E+02   -0.1234853E+02    0.5694180E+01   -0.6713883E+02   -0.3703036E+02   -0.2649615E+02   -0.4938698E+02   -0.2456423E+01    0.1401068E+03    0.2631839E+03    0.3335411E+03    0.3881201E+03    0.8565394E-02   -0.1063221E-01
   -0.5552745E-07   -0.5730652E-07   -0.4323234E-07    0.1321430E-06   -0.5299050E-05   -0.2474658E-05    0.4586057E-06    0.2701893E-03    0.1383028E-03   -0.1236928E-03   -0.4175727E-02   -0.1336183E-02   -0.1980215E-02   -0.1958430E-02    0.3136546E-04   -0.1224764E-01    0.8699599E-02    0.8541311E-02    0.8565394E-02    0.2912690E-05   -0.5098221E-08
    0.4140630E-07   -0.2021875E-06    0.4984617E-07    0.3441457E-07    0.1379098E-04   -0.3519446E-06    0.1070422E-05   -0.3608952E-02   -0.2022253E-03    0.1164496E-03   -0.4126103E-02   -0.8713042E-03    0.1930219E-02    0.6555832E-02    0.1341113E-03    0.1170442E-03   -0.1078182E-03   -0.5682846E-02   -0.1063221E-01   -0.5098221E-08    0.1474923E-05
