# omegabh2 omegach2 theta tau Alens ns logA r aps100 aps143 aps217 acib143 acib217 asz143 psr cibr ncib cal0 cal2 xi aksz bm_1_1
    0.1329676E-06   -0.7607575E-06    0.1446416E-06    0.6914414E-06    0.2794389E-04    0.2263522E-05   -0.1660159E-06    0.1863034E-05   -0.2313436E-02   -0.1263680E-02   -0.4414978E-03   -0.1106452E-03   -0.3402254E-03    0.3208556E-04   -0.2587613E-06   -0.7411139E-05   -0.2269600E-05    0.4370600E-08   -0.2048628E-07    0.2420214E-05   -0.8938426E-04   -0.2634704E-04
   -0.7607575E-06    0.9035445E-05   -0.1154953E-05   -0.7297053E-05   -0.2176329E-03   -0.2293742E-04    0.6377728E-05   -0.2585119E-04    0.1570982E-01    0.6881688E-02    0.3320670E-02    0.2694702E-03    0.1462297E-02    0.3014148E-05    0.2580296E-05    0.4564578E-04    0.1096922E-04   -0.4632299E-07    0.1729133E-06   -0.1532056E-04    0.3880014E-03    0.2582212E-03
    0.1446416E-06   -0.1154953E-05    0.4810302E-06    0.1056056E-05    0.3519588E-04    0.3534162E-05   -0.2155469E-06    0.3459870E-05   -0.2032300E-02   -0.1115356E-02   -0.4261970E-03   -0.8531840E-04   -0.2988316E-03    0.2236162E-04   -0.1156827E-06   -0.8986301E-05   -0.1929383E-05    0.2647384E-08   -0.2777773E-07    0.1625117E-05   -0.5186670E-04   -0.3480372E-04
    0.6914414E-06   -0.7297053E-05    0.1056056E-05    0.1586486E-03   -0.1732896E-03    0.2711848E-04    0.2977112E-03   -0.1156298E-04   -0.2218340E-01   -0.1060349E-01   -0.3018189E-02   -0.7929376E-04   -0.1722453E-02    0.4050720E-04    0.1009175E-04   -0.9487134E-04   -0.5493962E-06    0.3395032E-07   -0.8579373E-08   -0.1018152E-04   -0.1576892E-02   -0.2911739E-03
    0.2794389E-04   -0.2176329E-03    0.3519588E-04   -0.1732896E-03    0.1658712E-01    0.6048640E-03   -0.7988768E-03    0.2781860E-03   -0.9078503E+00   -0.2816927E+00   -0.5160322E-01   -0.4443229E-01   -0.1098137E+00   -0.1335547E-02   -0.6914961E-04   -0.2392951E-02   -0.6390435E-03    0.1696729E-05   -0.6876335E-05    0.1192319E-02   -0.3048973E-01   -0.8937527E-02
    0.2263522E-05   -0.2293742E-04    0.3534162E-05    0.2711848E-04    0.6048640E-03    0.7767002E-04    0.1003592E-06    0.8967511E-04   -0.7899532E-01   -0.2494479E-01   -0.2208428E-02   -0.4089551E-02   -0.9918316E-02    0.2098950E-03    0.4873041E-05   -0.2822890E-03   -0.5308204E-04    0.6162833E-07   -0.1439496E-06    0.6878265E-04   -0.3746809E-02   -0.5673323E-03
   -0.1660159E-06    0.6377728E-05   -0.2155469E-06    0.2977112E-03   -0.7988768E-03    0.1003592E-06    0.6127511E-03   -0.9456913E-04   -0.1445283E-01   -0.4374517E-02    0.7540200E-02   -0.1623699E-02   -0.3060897E-02   -0.3606191E-03    0.3725509E-04   -0.1963442E-03    0.2842694E-04   -0.1266873E-07    0.1031777E-05   -0.2012929E-04   -0.3574754E-02    0.5316545E-03
    0.1863034E-05   -0.2585119E-04    0.3459870E-05   -0.1156298E-04    0.2781860E-03    0.8967511E-04   -0.9456913E-04    0.1399781E-02   -0.2914390E-01   -0.2643181E-01   -0.3182578E-02    0.4647454E-02   -0.5360830E-02   -0.7351459E-03    0.4311182E-04   -0.3214204E-03    0.2338907E-04    0.2777620E-07   -0.1065828E-05    0.2718947E-03   -0.2777454E-02   -0.1022486E-02
   -0.2313436E-02    0.1570982E-01   -0.2032300E-02   -0.2218340E-01   -0.9078503E+00   -0.7899532E-01   -0.1445283E-01   -0.2914390E-01    0.3359910E+04    0.1168792E+03   -0.1050080E+03    0.6519387E+02    0.8389850E+02   -0.6322562E+02   -0.6276976E+00   -0.4546192E+00    0.9819026E+00    0.6868005E-03   -0.1894078E-02    0.4000480E+00   -0.8069919E+01    0.1672797E+02
   -0.1263680E-02    0.6881688E-02   -0.1115356E-02   -0.1060349E-01   -0.2816927E+00   -0.2494479E-01   -0.4374517E-02   -0.2643181E-01    0.1168792E+03    0.1467565E+03    0.8976079E+01   -0.2389732E+02    0.1212688E+02   -0.5678475E+01   -0.1997997E+00    0.2173676E+00    0.1065060E+00    0.1835872E-04    0.8740894E-03    0.9208333E+00   -0.8975086E+01    0.3812064E+00
   -0.4414978E-03    0.3320670E-02   -0.4261970E-03   -0.3018189E-02   -0.5160322E-01   -0.2208428E-02    0.7540200E-02   -0.3182578E-02   -0.1050080E+03    0.8976079E+01    0.2172966E+03   -0.8101364E+01   -0.8239940E+02    0.5725533E+01   -0.1891687E-01   -0.1086859E+01   -0.8952491E+00   -0.1126479E-03   -0.2335209E-02    0.5117904E+00   -0.8390100E+01    0.6700248E+00
   -0.1106452E-03    0.2694702E-03   -0.8531840E-04   -0.7929376E-04   -0.4443229E-01   -0.4089551E-02   -0.1623699E-02    0.4647454E-02    0.6519387E+02   -0.2389732E+02   -0.8101364E+01    0.2346748E+02    0.6914127E+01   -0.3046578E+01    0.4176003E-01   -0.2623917E-01    0.1114906E+00   -0.4676520E-05   -0.6215314E-03    0.1818888E+00   -0.4772079E+00   -0.2686092E+00
   -0.3402254E-03    0.1462297E-02   -0.2988316E-03   -0.1722453E-02   -0.1098137E+00   -0.9918316E-02   -0.3060897E-02   -0.5360830E-02    0.8389850E+02    0.1212688E+02   -0.8239940E+02    0.6914127E+01    0.4245710E+02   -0.2449655E+01    0.4993047E-01    0.5266456E+00    0.5360588E+00    0.3561184E-04    0.1175035E-02   -0.2428520E+00   -0.7005252E+00   -0.1602346E+00
    0.3208556E-04    0.3014148E-05    0.2236162E-04    0.4050720E-04   -0.1335547E-02    0.2098950E-03   -0.3606191E-03   -0.7351459E-03   -0.6322562E+02   -0.5678475E+01    0.5725533E+01   -0.3046578E+01   -0.2449655E+01    0.7121182E+01    0.5223195E-01    0.2180348E+00   -0.3497839E-01   -0.2600378E-06   -0.1430292E-03   -0.4288007E-01   -0.1419005E+00    0.2249136E+00
   -0.2587613E-06    0.2580296E-05   -0.1156827E-06    0.1009175E-04   -0.6914961E-04    0.4873041E-05    0.3725509E-04    0.4311182E-04   -0.6276976E+00   -0.1997997E+00   -0.1891687E-01    0.4176003E-01    0.4993047E-01    0.5223195E-01    0.6053586E-02   -0.3514838E-02    0.3777964E-02    0.4822411E-07   -0.6187498E-05    0.3752200E-02   -0.8140489E-02    0.2095810E-02
   -0.7411139E-05    0.4564578E-04   -0.8986301E-05   -0.9487134E-04   -0.2392951E-02   -0.2822890E-03   -0.1963442E-03   -0.3214204E-03   -0.4546192E+00    0.2173676E+00   -0.1086859E+01   -0.2623917E-01    0.5266456E+00    0.2180348E+00   -0.3514838E-02    0.4642168E-01   -0.3201641E-02   -0.5673520E-06    0.2981331E-04    0.2557633E-02   -0.2149327E-01    0.1293301E-02
   -0.2269600E-05    0.1096922E-04   -0.1929383E-05   -0.5493962E-06   -0.6390435E-03   -0.5308204E-04    0.2842694E-04    0.2338907E-04    0.9819026E+00    0.1065060E+00   -0.8952491E+00    0.1114906E+00    0.5360588E+00   -0.3497839E-01    0.3777964E-02   -0.3201641E-02    0.1533690E-01    0.6561661E-06    0.2102764E-05   -0.4799590E-03   -0.6498812E-02    0.4641766E-02
    0.4370600E-08   -0.4632299E-07    0.2647384E-08    0.3395032E-07    0.1696729E-05    0.6162833E-07   -0.1266873E-07    0.2777620E-07    0.6868005E-03    0.1835872E-04   -0.1126479E-03   -0.4676520E-05    0.3561184E-04   -0.2600378E-06    0.4822411E-07   -0.5673520E-06    0.6561661E-06    0.1598322E-06    0.4700027E-08    0.9017044E-06    0.8670298E-05   -0.1980114E-04
   -0.2048628E-07    0.1729133E-06   -0.2777773E-07   -0.8579373E-08   -0.6876335E-05   -0.1439496E-06    0.1031777E-05   -0.1065828E-05   -0.1894078E-02    0.8740894E-03   -0.2335209E-02   -0.6215314E-03    0.1175035E-02   -0.1430292E-03   -0.6187498E-05    0.2981331E-04    0.2102764E-05    0.4700027E-08    0.1845430E-05   -0.1089260E-04    0.2532473E-04    0.1136082E-03
    0.2420214E-05   -0.1532056E-04    0.1625117E-05   -0.1018152E-04    0.1192319E-02    0.6878265E-04   -0.2012929E-04    0.2718947E-03    0.4000480E+00    0.9208333E+00    0.5117904E+00    0.1818888E+00   -0.2428520E+00   -0.4288007E-01    0.3752200E-02    0.2557633E-02   -0.4799590E-03    0.9017044E-06   -0.1089260E-04    0.8228276E-01    0.1144912E-01    0.3915087E-02
   -0.8938426E-04    0.3880014E-03   -0.5186670E-04   -0.1576892E-02   -0.3048973E-01   -0.3746809E-02   -0.3574754E-02   -0.2777454E-02   -0.8069919E+01   -0.8975086E+01   -0.8390100E+01   -0.4772079E+00   -0.7005252E+00   -0.1419005E+00   -0.8140489E-02   -0.2149327E-01   -0.6498812E-02    0.8670298E-05    0.2532473E-04    0.1144912E-01    0.6328552E+01    0.1419106E-01
   -0.2634704E-04    0.2582212E-03   -0.3480372E-04   -0.2911739E-03   -0.8937527E-02   -0.5673323E-03    0.5316545E-03   -0.1022486E-02    0.1672797E+02    0.3812064E+00    0.6700248E+00   -0.2686092E+00   -0.1602346E+00    0.2249136E+00    0.2095810E-02    0.1293301E-02    0.4641766E-02   -0.1980114E-04    0.1136082E-03    0.3915087E-02    0.1419106E-01    0.3151198E+00
