# omegam omegab H0 mnu A ns
  5.3234755E-03   3.3495330E-04  -5.3064838E-01   6.0069088E-03  -1.5284543E-02  -1.3112221E-03
  3.3495330E-04   1.3010420E-04  -4.8200422E-03  -2.3617228E-05  -1.4093265E-03  -5.6695468E-06
 -5.3064838E-01  -4.8200422E-03   1.0318403E+02   1.0510467E-01  -4.5253305E-01  -1.7152141E-02
  6.0069088E-03  -2.3617228E-05   1.0510467E-01   7.3165386E-02  -1.0954527E-02   2.9952817E-04
 -1.5284543E-02  -1.4093265E-03  -4.5253305E-01  -1.0954527E-02   1.9399990E-01   1.9708805E-02
 -1.3112221E-03  -5.6695468E-06  -1.7152141E-02   2.9952817E-04   1.9708805E-02   3.2623724E-03
