# omegabh2 omegach2 theta tau ns nrun logA r aps100 aps143 aps217 acib143 acib217 asz143 psr cibr ncib cal0 cal2 xi aksz bm_1_1 bm_1_2 bm_1_3 bm_1_4 bm_1_5 bm_2_1 bm_2_2 bm_2_3 bm_2_4 bm_2_5 bm_3_1 bm_3_2 bm_3_3 bm_3_4 bm_3_5 bm_4_1 bm_4_2 bm_4_3 bm_4_4 bm_4_5
    0.26792E-06   -0.11270E-05    0.23012E-06    0.24006E-04    0.46760E-05   -0.69088E-05    0.46609E-04    0.36201E-05   -0.18985E-02   -0.79848E-03   -0.32884E-03   -0.20183E-03   -0.27032E-03    0.18728E-04   -0.41174E-06   -0.41074E-05   -0.26872E-05    0.14789E-08   -0.28451E-08    0.56309E-05   -0.45816E-04   -0.81672E-05   -0.20543E-04   -0.21705E-05   -0.51056E-05    0.50449E-05    0.50818E-05   -0.48474E-05    0.92718E-05   -0.80115E-05    0.78909E-05   -0.10172E-04    0.31475E-05    0.68224E-05    0.11141E-04   -0.77287E-05   -0.36896E-05    0.10588E-05    0.36681E-05   -0.96949E-05    0.56974E-05
   -0.11270E-05    0.92112E-05   -0.12535E-05   -0.11747E-03   -0.30590E-04    0.25397E-04   -0.21632E-03   -0.13135E-04    0.96901E-02    0.48663E-02    0.19430E-02    0.70736E-03    0.12067E-02   -0.74346E-04    0.13887E-05    0.24054E-04    0.92452E-05   -0.11606E-07    0.89401E-07   -0.11907E-04    0.26675E-03    0.16214E-03    0.37829E-04    0.99065E-05   -0.14070E-04   -0.14769E-04   -0.49034E-06    0.71468E-05   -0.40431E-04    0.31032E-04    0.29322E-05    0.34438E-04    0.18484E-04   -0.34220E-04   -0.55266E-04    0.21856E-04    0.30389E-04   -0.17095E-04   -0.89440E-05    0.43578E-04    0.12337E-04
    0.23012E-06   -0.12535E-05    0.51083E-06    0.21528E-04    0.50531E-05   -0.53481E-05    0.41192E-04    0.22414E-05   -0.12820E-02   -0.71054E-03   -0.25724E-03   -0.11340E-03   -0.18806E-03    0.32807E-04   -0.63756E-07   -0.20584E-05   -0.28084E-05    0.40676E-08   -0.16308E-07    0.19434E-05   -0.34498E-04   -0.15992E-04   -0.10917E-04    0.43204E-07    0.59865E-05    0.96471E-05   -0.45787E-06   -0.11625E-04    0.12957E-04   -0.13393E-04    0.94377E-05   -0.42671E-05    0.27566E-05    0.47908E-05    0.11077E-04   -0.54113E-05   -0.33415E-05   -0.95884E-06   -0.29384E-06   -0.19246E-04    0.34136E-05
    0.24006E-04   -0.11747E-03    0.21528E-04    0.31587E-02    0.51992E-03   -0.76196E-03    0.61451E-02   -0.11907E-03   -0.22899E+00   -0.65443E-01   -0.13490E-01   -0.22446E-01   -0.29521E-01   -0.31291E-02    0.11220E-03   -0.93757E-03   -0.24095E-04   -0.63283E-07   -0.15937E-05    0.53091E-03   -0.70232E-02   -0.97117E-03   -0.11042E-02   -0.54640E-03   -0.41527E-03    0.79895E-03    0.11315E-02    0.26590E-03    0.61363E-03   -0.57197E-03    0.73068E-03   -0.85634E-03    0.26003E-03    0.35908E-03    0.80543E-03   -0.27157E-03    0.16605E-03    0.35040E-03    0.53201E-03   -0.53688E-03    0.36891E-03
    0.46760E-05   -0.30590E-04    0.50531E-05    0.51992E-03    0.13741E-03   -0.10279E-03    0.97981E-03    0.39447E-04   -0.11990E+00   -0.16115E-01    0.12114E-01   -0.13653E-01   -0.16800E-01   -0.37023E-03    0.68441E-04   -0.47638E-03   -0.36860E-04   -0.25708E-07   -0.61684E-06    0.18712E-03   -0.44200E-02   -0.30875E-03   -0.24261E-03   -0.48826E-04   -0.31373E-04    0.84739E-04    0.43043E-03    0.11170E-03    0.22151E-03   -0.70385E-04    0.90463E-04   -0.30966E-03   -0.43518E-04    0.12525E-03    0.24463E-03   -0.12029E-03    0.54754E-04    0.19911E-03    0.17116E-03   -0.14012E-03    0.13486E-03
   -0.69088E-05    0.25397E-04   -0.53481E-05   -0.76196E-03   -0.10279E-03    0.29640E-03   -0.15125E-02   -0.31119E-03   -0.31340E-01    0.18783E-02    0.16869E-01   -0.50707E-02   -0.70607E-02    0.88512E-03    0.42930E-04   -0.19682E-03   -0.25991E-04    0.31507E-07   -0.44125E-06   -0.48721E-04   -0.32985E-02   -0.31513E-03    0.24221E-03   -0.12832E-03    0.17746E-03   -0.19530E-03   -0.71793E-05   -0.61813E-04   -0.22167E-03    0.31449E-03   -0.13457E-03   -0.82053E-04   -0.27225E-03   -0.23220E-03   -0.16029E-03    0.11671E-03    0.11405E-05   -0.16993E-03   -0.20537E-03    0.73741E-04    0.51747E-04
    0.46609E-04   -0.21632E-03    0.41192E-04    0.61451E-02    0.97981E-03   -0.15125E-02    0.11999E-01   -0.22084E-03   -0.44566E+00   -0.10994E+00   -0.15940E-01   -0.46754E-01   -0.58097E-01   -0.77435E-02    0.25004E-03   -0.19502E-02    0.17022E-04   -0.68720E-07   -0.25992E-05    0.10750E-02   -0.14245E-01   -0.73715E-03   -0.19759E-02   -0.10244E-02   -0.85874E-03    0.16052E-02    0.25650E-02    0.63781E-03    0.10981E-02   -0.11567E-02    0.14251E-02   -0.16221E-02    0.71790E-03    0.67264E-03    0.14384E-02   -0.59175E-03    0.62327E-03    0.77019E-03    0.11499E-02   -0.89117E-03    0.79881E-03
    0.36201E-05   -0.13135E-04    0.22414E-05   -0.11907E-03    0.39447E-04   -0.31119E-03   -0.22084E-03    0.48587E-02    0.10805E+00    0.13986E-01   -0.34586E-01    0.24685E-01    0.29950E-01    0.14819E-02   -0.18817E-03    0.75530E-03    0.39901E-04   -0.34737E-07    0.14759E-05   -0.35688E-03    0.83263E-02    0.54027E-03   -0.43573E-03    0.97129E-03    0.65627E-03   -0.14513E-02    0.64586E-03    0.48824E-03    0.14953E-04   -0.15326E-02   -0.21261E-03    0.58867E-03    0.16897E-03   -0.73711E-03   -0.90679E-03   -0.60122E-03    0.89975E-03    0.36918E-03    0.25261E-03   -0.56174E-03   -0.14344E-02
   -0.18985E-02    0.96901E-02   -0.12820E-02   -0.22899E+00   -0.11990E+00   -0.31340E-01   -0.44566E+00    0.10805E+00    0.27257E+04    0.54873E+02   -0.16048E+03    0.12319E+03    0.11508E+03   -0.71292E+02   -0.11599E+01    0.54497E+00    0.12167E+01    0.70483E-03    0.26517E-03   -0.53497E+00   -0.14441E+02    0.10576E+02   -0.94453E+01   -0.80954E+00    0.97066E+00   -0.33544E+00   -0.68750E+00   -0.46784E+01   -0.61725E+00   -0.47761E+00   -0.17076E+01    0.17148E+01    0.46714E+00   -0.13796E-01   -0.63647E+00   -0.43722E+01    0.11343E+01   -0.10370E+01   -0.27123E+01   -0.48018E+00    0.20396E+01
   -0.79848E-03    0.48663E-02   -0.71054E-03   -0.65443E-01   -0.16115E-01    0.18783E-02   -0.10994E+00    0.13986E-01    0.54873E+02    0.19042E+03    0.62753E+02   -0.34300E+02   -0.11263E+02   -0.84888E+01   -0.27564E+00   -0.17919E+00   -0.15193E+00    0.21955E-03    0.30738E-02    0.11565E+01   -0.12571E+02    0.13083E+01    0.70813E+00    0.26172E+00    0.15616E+00   -0.26584E+00   -0.17630E+01   -0.63626E+00   -0.12981E+00   -0.38028E+00   -0.37491E+00    0.12232E+01    0.18041E+00    0.66078E+00   -0.13920E+00   -0.23910E-01   -0.45796E+00   -0.40736E+00   -0.11313E+00    0.45546E+00   -0.22120E+00
   -0.32884E-03    0.19430E-02   -0.25724E-03   -0.13490E-01    0.12114E-01    0.16869E-01   -0.15940E-01   -0.34586E-01   -0.16048E+03    0.62753E+02    0.21417E+03   -0.35530E+02   -0.75111E+02    0.36352E+01   -0.33397E-01   -0.96537E+00   -0.10250E+01    0.20763E-03   -0.41722E-02    0.42564E+00   -0.11316E+02    0.14437E+01    0.90875E+00   -0.11682E+00   -0.21221E+00    0.87245E-01    0.11347E+01    0.34620E+00   -0.37264E+00   -0.53876E-01    0.31970E+00   -0.12839E+01    0.92246E+00   -0.31360E+00    0.54325E+00    0.34168E+00   -0.44264E-02    0.22381E+00    0.23741E+00    0.55320E+00   -0.45218E-01
   -0.20183E-03    0.70736E-03   -0.11340E-03   -0.22446E-01   -0.13653E-01   -0.50707E-02   -0.46754E-01    0.24685E-01    0.12319E+03   -0.34300E+02   -0.35530E+02    0.27184E+02    0.19284E+02   -0.22172E+01    0.12983E-01    0.25606E+00    0.21163E+00   -0.12628E-03   -0.94811E-03   -0.57035E-02   -0.53331E+00   -0.97507E+00   -0.52924E+00   -0.81080E-01   -0.17802E-01    0.65855E-01    0.75238E+00    0.16531E+00    0.19650E-01    0.52528E-01    0.58493E-01   -0.25911E+00   -0.11830E+00   -0.19084E+00    0.19549E-01   -0.19695E-01    0.38454E+00    0.17135E+00   -0.28132E-01   -0.20612E+00    0.73533E-01
   -0.27032E-03    0.12067E-02   -0.18806E-03   -0.29521E-01   -0.16800E-01   -0.70607E-02   -0.58097E-01    0.29950E-01    0.11508E+03   -0.11263E+02   -0.75111E+02    0.19284E+02    0.36488E+02   -0.21101E+01    0.59773E-01    0.43638E+00    0.52331E+00   -0.81348E-04    0.18176E-02   -0.25199E+00   -0.77013E+00   -0.54691E+00   -0.40244E+00    0.82302E-01    0.60478E-01   -0.21632E-01   -0.43576E+00   -0.11363E+00    0.89572E-01    0.10677E+00   -0.21048E+00    0.50428E+00   -0.50272E+00    0.11890E+00   -0.33243E+00   -0.22456E+00    0.83788E-02   -0.10296E+00   -0.95499E-01   -0.15132E+00    0.13042E+00
    0.18728E-04   -0.74346E-04    0.32807E-04   -0.31291E-02   -0.37023E-03    0.88512E-03   -0.77435E-02    0.14819E-02   -0.71292E+02   -0.84888E+01    0.36352E+01   -0.22172E+01   -0.21101E+01    0.77931E+01    0.48868E-01    0.26154E+00   -0.13606E+00    0.33571E-04   -0.15749E-04   -0.30189E-01   -0.12303E-01    0.19029E+00    0.76284E-01    0.32903E-01   -0.36985E-01    0.20324E-01   -0.26146E-02   -0.12578E-02   -0.48279E-01    0.31151E-01    0.13694E-01   -0.82080E-01    0.26330E-01   -0.77358E-01   -0.14315E-01    0.14406E-01   -0.42421E-01   -0.40359E-01   -0.29865E-01    0.87794E-02    0.29686E-01
   -0.41174E-06    0.13887E-05   -0.63756E-07    0.11220E-03    0.68441E-04    0.42930E-04    0.25004E-03   -0.18817E-03   -0.11599E+01   -0.27564E+00   -0.33397E-01    0.12983E-01    0.59773E-01    0.48868E-01    0.84950E-02   -0.69995E-02    0.78442E-02    0.11310E-06   -0.27596E-04    0.35792E-02   -0.14863E-01    0.92857E-02    0.32881E-02    0.24651E-02   -0.22384E-02    0.10177E-04    0.71531E-02   -0.78069E-04    0.77962E-04   -0.19428E-02   -0.80785E-03   -0.12281E-01   -0.15369E-02   -0.13425E-02   -0.29429E-02   -0.11565E-02   -0.24732E-02   -0.33643E-03   -0.37221E-02   -0.57103E-02   -0.63064E-03
   -0.41074E-05    0.24054E-04   -0.20584E-05   -0.93757E-03   -0.47638E-03   -0.19682E-03   -0.19502E-02    0.75530E-03    0.54497E+00   -0.17919E+00   -0.96537E+00    0.25606E+00    0.43638E+00    0.26154E+00   -0.69995E-02    0.47062E-01   -0.12417E-01   -0.34170E-07    0.90233E-04    0.13570E-02   -0.19897E-02   -0.19329E-01   -0.61008E-02    0.34430E-03    0.78502E-03   -0.38052E-02   -0.28352E-01   -0.64128E-02    0.45357E-02   -0.14585E-02   -0.12898E-02    0.29655E-01   -0.95300E-03    0.76157E-02    0.30718E-02    0.61475E-02   -0.27260E-02   -0.94722E-03    0.27158E-02    0.54421E-02   -0.26996E-02
   -0.26872E-05    0.92452E-05   -0.28084E-05   -0.24095E-04   -0.36860E-04   -0.25991E-04    0.17022E-04    0.39901E-04    0.12167E+01   -0.15193E+00   -0.10250E+01    0.21163E+00    0.52331E+00   -0.13606E+00    0.78442E-02   -0.12417E-01    0.21234E-01   -0.93723E-06   -0.19865E-04   -0.29793E-02   -0.95538E-02    0.78694E-02   -0.73097E-02    0.18297E-02   -0.18688E-02   -0.55594E-03    0.35209E-02    0.51219E-02   -0.23816E-02    0.53030E-02   -0.10508E-01   -0.13569E-01   -0.19051E-01    0.22285E-02   -0.14969E-01   -0.96688E-02   -0.68954E-02   -0.15977E-02   -0.42837E-04   -0.16699E-03    0.96554E-02
    0.14789E-08   -0.11606E-07    0.40676E-08   -0.63283E-07   -0.25708E-07    0.31507E-07   -0.68720E-07   -0.34737E-07    0.70483E-03    0.21955E-03    0.20763E-03   -0.12628E-03   -0.81348E-04    0.33571E-04    0.11310E-06   -0.34170E-07   -0.93723E-06    0.15376E-06    0.70753E-08    0.91784E-07    0.50666E-05   -0.22495E-04   -0.10203E-04   -0.35086E-05    0.10328E-04    0.11464E-05    0.83380E-05   -0.16066E-05    0.89788E-06    0.79032E-05   -0.10305E-05    0.63633E-05    0.47649E-05   -0.40711E-05    0.68264E-05   -0.26336E-05    0.99948E-05    0.43365E-05   -0.21036E-05    0.25609E-06    0.75890E-05
   -0.28451E-08    0.89401E-07   -0.16308E-07   -0.15937E-05   -0.61684E-06   -0.44125E-06   -0.25992E-05    0.14759E-05    0.26517E-03    0.30738E-02   -0.41722E-02   -0.94811E-03    0.18176E-02   -0.15749E-04   -0.27596E-04    0.90233E-04   -0.19865E-04    0.70753E-08    0.16412E-05   -0.11488E-04   -0.36152E-04    0.11007E-03    0.44726E-04   -0.25740E-04   -0.12032E-04   -0.78378E-05    0.22436E-03   -0.21323E-05    0.53100E-05    0.36510E-04    0.31059E-04   -0.18995E-03    0.20810E-04   -0.42354E-04    0.47107E-05   -0.18320E-04    0.40080E-04    0.34131E-04   -0.18760E-04   -0.27416E-04    0.44914E-04
    0.56309E-05   -0.11907E-04    0.19434E-05    0.53091E-03    0.18712E-03   -0.48721E-04    0.10750E-02   -0.35688E-03   -0.53497E+00    0.11565E+01    0.42564E+00   -0.57035E-02   -0.25199E+00   -0.30189E-01    0.35792E-02    0.13570E-02   -0.29793E-02    0.91784E-07   -0.11488E-04    0.83394E-01    0.21573E-01    0.33439E-02   -0.25762E-02    0.18128E-02   -0.26078E-02   -0.44951E-02   -0.34567E-04    0.89764E-03    0.41260E-02   -0.40988E-02    0.47972E-03    0.39656E-03    0.14335E-02    0.58431E-02    0.53332E-02    0.75582E-02   -0.11793E-02    0.26624E-02    0.39413E-02    0.61358E-03    0.54013E-03
   -0.45816E-04    0.26675E-03   -0.34498E-04   -0.70232E-02   -0.44200E-02   -0.32985E-02   -0.14245E-01    0.83263E-02   -0.14441E+02   -0.12571E+02   -0.11316E+02   -0.53331E+00   -0.77013E+00   -0.12303E-01   -0.14863E-01   -0.19897E-02   -0.95538E-02    0.50666E-05   -0.36152E-04    0.21573E-01    0.82777E+01    0.92646E-02    0.63042E-02   -0.27613E-01   -0.58082E-02   -0.17134E-01   -0.62897E-01    0.15082E-01    0.29344E-01   -0.28191E-01   -0.32225E-01   -0.58133E-02   -0.20995E-01   -0.75619E-02   -0.57855E-02    0.48905E-01   -0.64505E-01    0.25673E-01   -0.12254E-01   -0.14488E-01   -0.70811E-01
   -0.81672E-05    0.16214E-03   -0.15992E-04   -0.97117E-03   -0.30875E-03   -0.31513E-03   -0.73715E-03    0.54027E-03    0.10576E+02    0.13083E+01    0.14437E+01   -0.97507E+00   -0.54691E+00    0.19029E+00    0.92857E-02   -0.19329E-01    0.78694E-02   -0.22495E-04    0.11007E-03    0.33439E-02    0.92646E-02    0.73034E+00   -0.12638E+00   -0.13387E-01    0.57099E-02    0.13650E-01    0.19297E+00   -0.53890E-01   -0.50876E-01   -0.10756E-02   -0.82152E-01    0.16621E-01    0.56310E-01   -0.34318E-01   -0.53609E-01   -0.12898E+00    0.16008E+00    0.42567E-01   -0.29992E-01    0.50063E-01    0.86707E-01
   -0.20543E-04    0.37829E-04   -0.10917E-04   -0.11042E-02   -0.24261E-03    0.24221E-03   -0.19759E-02   -0.43573E-03   -0.94453E+01    0.70813E+00    0.90875E+00   -0.52924E+00   -0.40244E+00    0.76284E-01    0.32881E-02   -0.61008E-02   -0.73097E-02   -0.10203E-04    0.44726E-04   -0.25762E-02    0.63042E-02   -0.12638E+00    0.91497E+00   -0.18329E-01   -0.90150E-02    0.32344E-02   -0.15376E+00    0.19871E+00    0.61974E-01   -0.22572E-02    0.49350E-01   -0.12835E+00    0.19220E-01    0.11193E-01    0.27331E-01    0.15463E+00   -0.23375E+00    0.41570E-01    0.11772E+00    0.21705E-01   -0.19847E+00
   -0.21705E-05    0.99065E-05    0.43204E-07   -0.54640E-03   -0.48826E-04   -0.12832E-03   -0.10244E-02    0.97129E-03   -0.80954E+00    0.26172E+00   -0.11682E+00   -0.81080E-01    0.82302E-01    0.32903E-01    0.24651E-02    0.34430E-03    0.18297E-02   -0.35086E-05   -0.25740E-04    0.18128E-02   -0.27613E-01   -0.13387E-01   -0.18329E-01    0.10226E+01   -0.21234E-02    0.13896E-01   -0.57818E-01   -0.25414E-01    0.16783E+00   -0.13966E-01    0.73767E-01    0.16294E-01    0.26625E-01   -0.14434E-01   -0.21842E-01    0.11386E+00   -0.51134E-01    0.31258E-01    0.12198E-01   -0.17107E+00    0.91921E-01
   -0.51056E-05   -0.14070E-04    0.59865E-05   -0.41527E-03   -0.31373E-04    0.17746E-03   -0.85874E-03    0.65627E-03    0.97066E+00    0.15616E+00   -0.21221E+00   -0.17802E-01    0.60478E-01   -0.36985E-01   -0.22384E-02    0.78502E-03   -0.18688E-02    0.10328E-04   -0.12032E-04   -0.26078E-02   -0.58082E-02    0.57099E-02   -0.90150E-02   -0.21234E-02    0.98406E+00   -0.61932E-02    0.46408E-01   -0.96814E-01    0.78006E-01   -0.80262E-01    0.39418E-01    0.64158E-01    0.94706E-01    0.56878E-01    0.14562E+00   -0.11121E+00    0.73565E-01    0.44531E-01   -0.20437E-01   -0.11781E+00    0.60649E-01
    0.50449E-05   -0.14769E-04    0.96471E-05    0.79895E-03    0.84739E-04   -0.19530E-03    0.16052E-02   -0.14513E-02   -0.33544E+00   -0.26584E+00    0.87245E-01    0.65855E-01   -0.21632E-01    0.20324E-01    0.10177E-04   -0.38052E-02   -0.55594E-03    0.11464E-05   -0.78378E-05   -0.44951E-02   -0.17134E-01    0.13650E-01    0.32344E-02    0.13896E-01   -0.61932E-02    0.98245E+00    0.46942E-01    0.38878E-01   -0.62987E-01    0.52088E-01    0.81553E-01    0.71591E-01   -0.82654E-01   -0.89132E-01    0.61973E-01    0.54958E-01    0.11251E+00   -0.86302E-01    0.81226E-01   -0.13996E-01   -0.20580E-02
    0.50818E-05   -0.49034E-06   -0.45787E-06    0.11315E-02    0.43043E-03   -0.71793E-05    0.25650E-02    0.64586E-03   -0.68750E+00   -0.17630E+01    0.11347E+01    0.75238E+00   -0.43576E+00   -0.26146E-02    0.71531E-02   -0.28352E-01    0.35209E-02    0.83380E-05    0.22436E-03   -0.34567E-04   -0.62897E-01    0.19297E+00   -0.15376E+00   -0.57818E-01    0.46408E-01    0.46942E-01    0.87922E+00   -0.22970E-01   -0.22616E-01   -0.18308E-01   -0.89401E-02    0.21942E-01    0.14752E+00   -0.11196E+00    0.12726E-01   -0.80709E-01    0.66929E+00    0.23825E+00   -0.64767E-01   -0.46400E-01    0.81871E-01
   -0.48474E-05    0.71468E-05   -0.11625E-04    0.26590E-03    0.11170E-03   -0.61813E-04    0.63781E-03    0.48824E-03   -0.46784E+01   -0.63626E+00    0.34620E+00    0.16531E+00   -0.11363E+00   -0.12578E-02   -0.78069E-04   -0.64128E-02    0.51219E-02   -0.16066E-05   -0.21323E-05    0.89764E-03    0.15082E-01   -0.53890E-01    0.19871E+00   -0.25414E-01   -0.96814E-01    0.38878E-01   -0.22970E-01    0.98777E+00    0.97584E-02    0.59649E-02    0.82079E-02    0.37812E-01    0.10628E-01   -0.61073E-01   -0.13027E-01    0.15266E+00   -0.95354E-01    0.25594E+00    0.77012E+00    0.29886E+00   -0.18478E+00
    0.92718E-05   -0.40431E-04    0.12957E-04    0.61363E-03    0.22151E-03   -0.22167E-03    0.10981E-02    0.14953E-04   -0.61725E+00   -0.12981E+00   -0.37264E+00    0.19650E-01    0.89572E-01   -0.48279E-01    0.77962E-04    0.45357E-02   -0.23816E-02    0.89788E-06    0.53100E-05    0.41260E-02    0.29344E-01   -0.50876E-01    0.61974E-01    0.16783E+00    0.78006E-01   -0.62987E-01   -0.22616E-01    0.97584E-02    0.99226E+00   -0.20558E-01   -0.32951E-02    0.68675E-01   -0.29830E-01    0.14543E+00    0.13609E+00   -0.12365E+00   -0.21808E+00    0.63191E+00    0.14582E+00   -0.60162E+00    0.17775E+00
   -0.80115E-05    0.31032E-04   -0.13393E-04   -0.57197E-03   -0.70385E-04    0.31449E-03   -0.11567E-02   -0.15326E-02   -0.47761E+00   -0.38028E+00   -0.53876E-01    0.52528E-01    0.10677E+00    0.31151E-01   -0.19428E-02   -0.14585E-02    0.53030E-02    0.79032E-05    0.36510E-04   -0.40988E-02   -0.28191E-01   -0.10756E-02   -0.22572E-02   -0.13966E-01   -0.80262E-01    0.52088E-01   -0.18308E-01    0.59649E-02   -0.20558E-01    0.97138E+00   -0.39748E-02   -0.13744E-01   -0.64114E-01   -0.15861E+00   -0.13174E-01   -0.97933E-01   -0.68531E-01    0.65280E-01   -0.47156E-01    0.30291E+00    0.64735E+00
    0.78909E-05    0.29322E-05    0.94377E-05    0.73068E-03    0.90463E-04   -0.13457E-03    0.14251E-02   -0.21261E-03   -0.17076E+01   -0.37491E+00    0.31970E+00    0.58493E-01   -0.21048E+00    0.13694E-01   -0.80785E-03   -0.12898E-02   -0.10508E-01   -0.10305E-05    0.31059E-04    0.47972E-03   -0.32225E-01   -0.82152E-01    0.49350E-01    0.73767E-01    0.39418E-01    0.81553E-01   -0.89401E-02    0.82079E-02   -0.32951E-02   -0.39748E-02    0.10006E+01   -0.67626E-01    0.93690E-01    0.30719E-01    0.16794E+00    0.18273E-01    0.11334E+00   -0.55752E+00    0.39779E+00   -0.34232E+00    0.20948E+00
   -0.10172E-04    0.34438E-04   -0.42671E-05   -0.85634E-03   -0.30966E-03   -0.82053E-04   -0.16221E-02    0.58867E-03    0.17148E+01    0.12232E+01   -0.12839E+01   -0.25911E+00    0.50428E+00   -0.82080E-01   -0.12281E-01    0.29655E-01   -0.13569E-01    0.63633E-05   -0.18995E-03    0.39656E-03   -0.58133E-02    0.16621E-01   -0.12835E+00    0.16294E-01    0.64158E-01    0.71591E-01    0.21942E-01    0.37812E-01    0.68675E-01   -0.13744E-01   -0.67626E-01    0.89962E+00   -0.18399E-01   -0.15461E-01    0.46691E-02   -0.18225E-01    0.58849E+00    0.15833E+00    0.11158E+00    0.56499E-01   -0.81344E-01
    0.31475E-05    0.18484E-04    0.27566E-05    0.26003E-03   -0.43518E-04   -0.27225E-03    0.71790E-03    0.16897E-03    0.46714E+00    0.18041E+00    0.92246E+00   -0.11830E+00   -0.50272E+00    0.26330E-01   -0.15369E-02   -0.95300E-03   -0.19051E-01    0.47649E-05    0.20810E-04    0.14335E-02   -0.20995E-01    0.56310E-01    0.19220E-01    0.26625E-01    0.94706E-01   -0.82654E-01    0.14752E+00    0.10628E-01   -0.29830E-01   -0.64114E-01    0.93690E-01   -0.18399E-01    0.98712E+00   -0.21798E-01    0.29606E-02   -0.35635E-01    0.99614E-01    0.17194E+00    0.90531E-02    0.12912E+00    0.17764E+00
    0.68224E-05   -0.34220E-04    0.47908E-05    0.35908E-03    0.12525E-03   -0.23220E-03    0.67264E-03   -0.73711E-03   -0.13796E-01    0.66078E+00   -0.31360E+00   -0.19084E+00    0.11890E+00   -0.77358E-01   -0.13425E-02    0.76157E-02    0.22285E-02   -0.40711E-05   -0.42354E-04    0.58431E-02   -0.75619E-02   -0.34318E-01    0.11193E-01   -0.14434E-01    0.56878E-01   -0.89132E-01   -0.11196E+00   -0.61073E-01    0.14543E+00   -0.15861E+00    0.30719E-01   -0.15461E-01   -0.21798E-01    0.98748E+00    0.15199E-01    0.23748E-01   -0.13438E+00    0.43139E-01    0.16583E+00    0.24327E-01   -0.66465E-01
    0.11141E-04   -0.55266E-04    0.11077E-04    0.80543E-03    0.24463E-03   -0.16029E-03    0.14384E-02   -0.90679E-03   -0.63647E+00   -0.13920E+00    0.54325E+00    0.19549E-01   -0.33243E+00   -0.14315E-01   -0.29429E-02    0.30718E-02   -0.14969E-01    0.68264E-05    0.47107E-05    0.53332E-02   -0.57855E-02   -0.53609E-01    0.27331E-01   -0.21842E-01    0.14562E+00    0.61973E-01    0.12726E-01   -0.13027E-01    0.13609E+00   -0.13174E-01    0.16794E+00    0.46691E-02    0.29606E-02    0.15199E-01    0.97031E+00    0.61766E-02   -0.13261E-02    0.21873E-01    0.12646E+00   -0.24453E+00    0.11686E+00
   -0.77287E-05    0.21856E-04   -0.54113E-05   -0.27157E-03   -0.12029E-03    0.11671E-03   -0.59175E-03   -0.60122E-03   -0.43722E+01   -0.23910E-01    0.34168E+00   -0.19695E-01   -0.22456E+00    0.14406E-01   -0.11565E-02    0.61475E-02   -0.96688E-02   -0.26336E-05   -0.18320E-04    0.75582E-02    0.48905E-01   -0.12898E+00    0.15463E+00    0.11386E+00   -0.11121E+00    0.54958E-01   -0.80709E-01    0.15266E+00   -0.12365E+00   -0.97933E-01    0.18273E-01   -0.18225E-01   -0.35635E-01    0.23748E-01    0.61766E-02    0.98617E+00   -0.65056E-01   -0.58257E-01    0.51927E-01    0.17357E+00   -0.90278E-01
   -0.36896E-05    0.30389E-04   -0.33415E-05    0.16605E-03    0.54754E-04    0.11405E-05    0.62327E-03    0.89975E-03    0.11343E+01   -0.45796E+00   -0.44264E-02    0.38454E+00    0.83788E-02   -0.42421E-01   -0.24732E-02   -0.27260E-02   -0.68954E-02    0.99948E-05    0.40080E-04   -0.11793E-02   -0.64505E-01    0.16008E+00   -0.23375E+00   -0.51134E-01    0.73565E-01    0.11251E+00    0.66929E+00   -0.95354E-01   -0.21808E+00   -0.68531E-01    0.11334E+00    0.58849E+00    0.99614E-01   -0.13438E+00   -0.13261E-02   -0.65056E-01    0.98471E+00   -0.27671E-01   -0.11130E-01    0.92781E-02   -0.14469E-01
    0.10588E-05   -0.17095E-04   -0.95884E-06    0.35040E-03    0.19911E-03   -0.16993E-03    0.77019E-03    0.36918E-03   -0.10370E+01   -0.40736E+00    0.22381E+00    0.17135E+00   -0.10296E+00   -0.40359E-01   -0.33643E-03   -0.94722E-03   -0.15977E-02    0.43365E-05    0.34131E-04    0.26624E-02    0.25673E-01    0.42567E-01    0.41570E-01    0.31258E-01    0.44531E-01   -0.86302E-01    0.23825E+00    0.25594E+00    0.63191E+00    0.65280E-01   -0.55752E+00    0.15833E+00    0.17194E+00    0.43139E-01    0.21873E-01   -0.58257E-01   -0.27671E-01    0.98544E+00    0.40113E-02    0.97223E-02    0.29851E-02
    0.36681E-05   -0.89440E-05   -0.29384E-06    0.53201E-03    0.17116E-03   -0.20537E-03    0.11499E-02    0.25261E-03   -0.27123E+01   -0.11313E+00    0.23741E+00   -0.28132E-01   -0.95499E-01   -0.29865E-01   -0.37221E-02    0.27158E-02   -0.42837E-04   -0.21036E-05   -0.18760E-04    0.39413E-02   -0.12254E-01   -0.29992E-01    0.11772E+00    0.12198E-01   -0.20437E-01    0.81226E-01   -0.64767E-01    0.77012E+00    0.14582E+00   -0.47156E-01    0.39779E+00    0.11158E+00    0.90531E-02    0.16583E+00    0.12646E+00    0.51927E-01   -0.11130E-01    0.40113E-02    0.99351E+00    0.33742E-02    0.11745E-02
   -0.96949E-05    0.43578E-04   -0.19246E-04   -0.53688E-03   -0.14012E-03    0.73741E-04   -0.89117E-03   -0.56174E-03   -0.48018E+00    0.45546E+00    0.55320E+00   -0.20612E+00   -0.15132E+00    0.87794E-02   -0.57103E-02    0.54421E-02   -0.16699E-03    0.25609E-06   -0.27416E-04    0.61358E-03   -0.14488E-01    0.50063E-01    0.21705E-01   -0.17107E+00   -0.11781E+00   -0.13996E-01   -0.46400E-01    0.29886E+00   -0.60162E+00    0.30291E+00   -0.34232E+00    0.56499E-01    0.12912E+00    0.24327E-01   -0.24453E+00    0.17357E+00    0.92781E-02    0.97223E-02    0.33742E-02    0.96709E+00   -0.53701E-02
    0.56974E-05    0.12337E-04    0.34136E-05    0.36891E-03    0.13486E-03    0.51747E-04    0.79881E-03   -0.14344E-02    0.20396E+01   -0.22120E+00   -0.45218E-01    0.73533E-01    0.13042E+00    0.29686E-01   -0.63064E-03   -0.26996E-02    0.96554E-02    0.75890E-05    0.44914E-04    0.54013E-03   -0.70811E-01    0.86707E-01   -0.19847E+00    0.91921E-01    0.60649E-01   -0.20580E-02    0.81871E-01   -0.18478E+00    0.17775E+00    0.64735E+00    0.20948E+00   -0.81344E-01    0.17764E+00   -0.66465E-01    0.11686E+00   -0.90278E-01   -0.14469E-01    0.29851E-02    0.11745E-02   -0.53701E-02    0.95834E+00
