# omegabh2 omegach2 theta tau logA ns acib217 acibsz143 asz143 aps100 aps143 aps143217 aps217 aksz kgal100 t1gal143 t1gal143217 t1gal217 calib_100T calib_217T
    0.5645437E-07   -0.1884127E-06    0.4549747E-07    0.1131285E-05    0.1889607E-05    0.6198985E-06   -0.3063753E-03   -0.1481572E-03    0.1013725E-04   -0.8471947E-03   -0.3950090E-03   -0.2527971E-04    0.7199639E-05   -0.7070193E-04    0.8577118E-03    0.4481964E-03    0.4453798E-03    0.4336619E-03   -0.5090534E-07    0.8978543E-08
   -0.1884127E-06    0.3369040E-05   -0.2917609E-06   -0.1469968E-04   -0.2276245E-04   -0.8026398E-05    0.9618256E-03    0.3268407E-03    0.8330618E-05   -0.1287580E-02   -0.3960701E-03   -0.1107169E-02   -0.1608134E-02    0.9210215E-04    0.4271437E-02    0.5809353E-02    0.5943256E-02    0.6123031E-02    0.9106234E-07   -0.7752574E-07
    0.4549747E-07   -0.2917609E-06    0.2196874E-06    0.2090781E-05    0.3920179E-05    0.9861026E-06   -0.7742026E-04    0.1592729E-04    0.3933221E-04   -0.2724193E-03   -0.1330081E-03    0.2691600E-04    0.1840935E-03   -0.4997527E-04   -0.2001163E-03   -0.8413622E-03   -0.8759376E-03   -0.9109963E-03   -0.6680628E-07    0.1277900E-07
    0.1131285E-05   -0.1469968E-04    0.2090781E-05    0.1656512E-03    0.2957510E-03    0.4363366E-04   -0.1006626E-01   -0.4708447E-02   -0.5296790E-03   -0.1444923E-01   -0.5476990E-02    0.3130101E-02    0.4726584E-02   -0.6732517E-03   -0.6616041E-02   -0.3105820E-02   -0.3489507E-02   -0.4520324E-02    0.9869310E-06    0.5371948E-06
    0.1889607E-05   -0.2276245E-04    0.3920179E-05    0.2957510E-03    0.5495519E-03    0.6915282E-04   -0.1592104E-01   -0.8475868E-02   -0.1691297E-02   -0.7085847E-02    0.3760230E-02    0.1677461E-01    0.1686107E-01   -0.1757759E-02   -0.3195477E-01   -0.5014502E-01   -0.5080727E-01   -0.5291164E-01   -0.6026880E-06    0.7393481E-06
    0.6198985E-06   -0.8026398E-05    0.9861026E-06    0.4363366E-04    0.6915282E-04    0.3352298E-04   -0.1104461E-01   -0.4864721E-02   -0.1445118E-02   -0.7519133E-02    0.5421795E-02    0.1357160E-01    0.1548923E-01   -0.3015809E-02   -0.8279094E-02   -0.1360261E-01   -0.1551764E-01   -0.1546965E-01    0.1538589E-06    0.4986242E-06
   -0.3063753E-03    0.9618256E-03   -0.7742026E-04   -0.1006626E-01   -0.1592104E-01   -0.1104461E-01    0.6504455E+02    0.2370816E+02    0.8491900E+00    0.2228788E+02   -0.1578689E+02   -0.5947475E+02   -0.7832332E+02   -0.3467569E+01   -0.1649741E+02   -0.2734000E+02   -0.3089350E+02   -0.3429287E+02   -0.1231775E-03   -0.3407657E-02
   -0.1481572E-03    0.3268407E-03    0.1592729E-04   -0.4708447E-02   -0.8475868E-02   -0.4864721E-02    0.2370816E+02    0.1744347E+02    0.2232521E+01   -0.1115815E+02   -0.2059657E+02   -0.4089543E+02   -0.2403341E+02   -0.1387516E+01   -0.8678706E+01   -0.1414792E+02   -0.2056818E+02   -0.2164030E+02   -0.1600978E-03   -0.1610843E-03
    0.1013725E-04    0.8330618E-05    0.3933221E-04   -0.5296790E-03   -0.1691297E-02   -0.1445118E-02    0.8491900E+00    0.2232521E+01    0.5438476E+01   -0.3632740E+02   -0.1582153E+02   -0.4978068E+01   -0.9275992E+00   -0.4565474E-01   -0.2799223E+01   -0.1971386E+01    0.1511856E+01    0.1858238E+01   -0.2426992E-03    0.2038257E-03
   -0.8471947E-03   -0.1287580E-02   -0.2724193E-03   -0.1444923E-01   -0.7085847E-02   -0.7519133E-02    0.2228788E+02   -0.1115815E+02   -0.3632740E+02    0.7531592E+03    0.1830738E+03    0.7694046E+02    0.1803807E+02   -0.1475701E+02   -0.7890018E+02   -0.6056566E+02   -0.6484374E+02   -0.6354478E+02   -0.3351190E-02   -0.3836757E-02
   -0.3950090E-03   -0.3960701E-03   -0.1330081E-03   -0.5476990E-02    0.3760230E-02    0.5421795E-02   -0.1578689E+02   -0.2059657E+02   -0.1582153E+02    0.1830738E+03    0.1229702E+03    0.9519871E+02    0.5543886E+02   -0.1083722E+02   -0.2580331E+02   -0.4672322E+02   -0.4204590E+02   -0.3989489E+02   -0.1192548E-02   -0.1022936E-02
   -0.2527971E-04   -0.1107169E-02    0.2691600E-04    0.3130101E-02    0.1677461E-01    0.1357160E-01   -0.5947475E+02   -0.4089543E+02   -0.4978068E+01    0.7694046E+02    0.9519871E+02    0.1451092E+03    0.1071235E+03   -0.7742227E+01   -0.1521150E+02   -0.2663791E+02   -0.1807726E+02   -0.1945565E+02   -0.1618452E-02    0.1790654E-02
    0.7199639E-05   -0.1608134E-02    0.1840935E-03    0.4726584E-02    0.1686107E-01    0.1548923E-01   -0.7832332E+02   -0.2403341E+02   -0.9275992E+00    0.1803807E+02    0.5543886E+02    0.1071235E+03    0.1460393E+03   -0.6790446E+01   -0.1494341E+02   -0.2796350E+02   -0.3641751E+02   -0.4095040E+02   -0.1935297E-02    0.6201001E-02
   -0.7070193E-04    0.9210215E-04   -0.4997527E-04   -0.6732517E-03   -0.1757759E-02   -0.3015809E-02   -0.3467569E+01   -0.1387516E+01   -0.4565474E-01   -0.1475701E+02   -0.1083722E+02   -0.7742227E+01   -0.6790446E+01    0.8141427E+01   -0.4070585E+01   -0.5005766E+01   -0.5774847E+01   -0.6321592E+01    0.8145144E-04    0.2909037E-03
    0.8577118E-03    0.4271437E-02   -0.2001163E-03   -0.6616041E-02   -0.3195477E-01   -0.8279094E-02   -0.1649741E+02   -0.8678706E+01   -0.2799223E+01   -0.7890018E+02   -0.2580331E+02   -0.1521150E+02   -0.1494341E+02   -0.4070585E+01    0.2402248E+03    0.1695846E+03    0.1699058E+03    0.1711854E+03   -0.1224326E-01   -0.6034900E-04
    0.4481964E-03    0.5809353E-02   -0.8413622E-03   -0.3105820E-02   -0.5014502E-01   -0.1360261E-01   -0.2734000E+02   -0.1414792E+02   -0.1971386E+01   -0.6056566E+02   -0.4672322E+02   -0.2663791E+02   -0.2796350E+02   -0.5005766E+01    0.1695846E+03    0.3040560E+03    0.3088958E+03    0.3112791E+03    0.1003992E-01    0.4774815E-03
    0.4453798E-03    0.5943256E-02   -0.8759376E-03   -0.3489507E-02   -0.5080727E-01   -0.1551764E-01   -0.3089350E+02   -0.2056818E+02    0.1511856E+01   -0.6484374E+02   -0.4204590E+02   -0.1807726E+02   -0.3641751E+02   -0.5774847E+01    0.1699058E+03    0.3088958E+03    0.3520101E+03    0.3797101E+03    0.9735870E-02   -0.4845809E-02
    0.4336619E-03    0.6123031E-02   -0.9109963E-03   -0.4520324E-02   -0.5291164E-01   -0.1546965E-01   -0.3429287E+02   -0.2164030E+02    0.1858238E+01   -0.6354478E+02   -0.3989489E+02   -0.1945565E+02   -0.4095040E+02   -0.6321592E+01    0.1711854E+03    0.3112791E+03    0.3797101E+03    0.4332909E+03    0.9691395E-02   -0.9729866E-02
   -0.5090534E-07    0.9106234E-07   -0.6680628E-07    0.9869310E-06   -0.6026880E-06    0.1538589E-06   -0.1231775E-03   -0.1600978E-03   -0.2426992E-03   -0.3351190E-02   -0.1192548E-02   -0.1618452E-02   -0.1935297E-02    0.8145144E-04   -0.1224326E-01    0.1003992E-01    0.9735870E-02    0.9691395E-02    0.3053239E-05    0.3299275E-07
    0.8978543E-08   -0.7752574E-07    0.1277900E-07    0.5371948E-06    0.7393481E-06    0.4986242E-06   -0.3407657E-02   -0.1610843E-03    0.2038257E-03   -0.3836757E-02   -0.1022936E-02    0.1790654E-02    0.6201001E-02    0.2909037E-03   -0.6034900E-04    0.4774815E-03   -0.4845809E-02   -0.9729866E-02    0.3299275E-07    0.1440674E-05
