# omegabh2 omegach2 theta tau ns logA r asz
    0.48139E-06   -0.22861E-05    0.11988E-05    0.31920E-05    0.13174E-04    0.37132E-05    0.45874E-04    0.18924E-04
   -0.22861E-05    0.30678E-04   -0.44670E-05   -0.23027E-04   -0.83101E-04    0.36965E-04   -0.34472E-03   -0.23479E-03
    0.11988E-05   -0.44670E-05    0.62136E-05    0.74544E-05    0.32655E-04    0.14913E-04    0.97170E-04    0.91436E-05
    0.31920E-05   -0.23027E-04    0.74544E-05    0.20610E-03    0.10633E-03    0.37000E-03    0.18279E-03    0.43175E-04
    0.13174E-04   -0.83101E-04    0.32655E-04    0.10633E-03    0.43066E-03    0.91767E-04    0.15978E-02   -0.51064E-04
    0.37132E-05    0.36965E-04    0.14913E-04    0.37000E-03    0.91767E-04    0.95205E-03   -0.28059E-03   -0.13887E-02
    0.45874E-04   -0.34472E-03    0.97170E-04    0.18279E-03    0.15978E-02   -0.28059E-03    0.10399E-01    0.12014E-02
    0.18924E-04   -0.23479E-03    0.91436E-05    0.43175E-04   -0.51064E-04   -0.13887E-02    0.12014E-02    0.32429E+00
