# omegabh2 omegach2 theta tau mnu ns logA asz
    0.20160E-06    0.79101E-07    0.50338E-06    0.14323E-05    0.11120E-04    0.38651E-05    0.51278E-05    0.86545E-05
    0.79101E-07    0.10359E-04    0.17045E-05   -0.56251E-05   -0.34247E-03   -0.49584E-05    0.28692E-04   -0.12283E-03
    0.50338E-06    0.17045E-05    0.46211E-05    0.29045E-05    0.77239E-04    0.96940E-05    0.19023E-04   -0.83228E-05
    0.14323E-05   -0.56251E-05    0.29045E-05    0.18456E-03    0.34177E-03    0.51246E-04    0.36706E-03   -0.36223E-03
    0.11120E-04   -0.34247E-03    0.77239E-04    0.34177E-03    0.27958E-01    0.46003E-03   -0.48782E-03    0.56651E-02
    0.38651E-05   -0.49584E-05    0.96940E-05    0.51246E-04    0.46003E-03    0.11887E-03    0.14247E-03   -0.54592E-03
    0.51278E-05    0.28692E-04    0.19023E-04    0.36706E-03   -0.48782E-03    0.14247E-03    0.93296E-03   -0.20584E-02
    0.86545E-05   -0.12283E-03   -0.83228E-05   -0.36223E-03    0.56651E-02   -0.54592E-03   -0.20584E-02    0.33169E+00
