# omegabh2 omegach2 theta tau nnu logA ns acib217 acibsz143 asz143 aps100 aps143 aps143217 aps217 aksz kgal100 t1gal143 t1gal143217 t1gal217 galfEE100 galfEE100143 galfEE100217 galfEE143 galfEE143217 galfEE217 galfTE100 galfTE100143 galfTE100217 galfTE143 galfTE143217 galfTE217 calib_100T calib_217T
    0.6181202E-07    0.4186814E-06   -0.3795123E-07    0.1088832E-05    0.4034489E-04    0.3177601E-05    0.1872652E-05    0.1095784E-03    0.4217764E-04    0.3713443E-04   -0.4734277E-03   -0.2326986E-03   -0.2275908E-03   -0.2607873E-03    0.2748316E-04    0.8195463E-03    0.5675451E-03    0.6009297E-03    0.6089347E-03    0.3519304E-06    0.3929209E-06    0.4054040E-06    0.4173653E-06    0.4648302E-06    0.5545400E-06   -0.2867707E-05   -0.3666113E-05   -0.5242158E-05   -0.5526554E-05   -0.8580972E-05   -0.1451093E-04   -0.4445708E-07   -0.1038562E-07
    0.4186814E-06    0.1083943E-04   -0.1086114E-05    0.9847998E-06    0.6397943E-03    0.2549222E-04    0.1843740E-04    0.5600289E-02    0.2863811E-02    0.7009834E-03   -0.3947556E-02   -0.3005512E-02   -0.7119218E-02   -0.7180643E-02    0.1578455E-02    0.1114171E-01    0.1100497E-01    0.1133959E-01    0.1167918E-01    0.1185539E-05    0.1198536E-05    0.7831840E-06    0.7437419E-06    0.9834710E-06    0.2045674E-05   -0.2389614E-05   -0.1181695E-04   -0.2346390E-04   -0.8587833E-05   -0.1615589E-04   -0.2526886E-04   -0.2602742E-06   -0.2565999E-06
   -0.3795123E-07   -0.1086114E-05    0.1895981E-06   -0.5872011E-07   -0.6582703E-04   -0.2404575E-05   -0.1853710E-05   -0.4945017E-03   -0.2643728E-03   -0.7454361E-04    0.3320961E-03    0.2860936E-03    0.6755492E-03    0.6563927E-03   -0.1752334E-03   -0.1082326E-02   -0.1103175E-02   -0.1184586E-02   -0.1250951E-02   -0.1139151E-06   -0.1663122E-06   -0.1031616E-06   -0.1387407E-06   -0.1247735E-06   -0.1842655E-06   -0.2753254E-06    0.4581495E-06    0.1384567E-05    0.8919876E-07    0.2532771E-06   -0.6515550E-06    0.2493893E-07    0.2915532E-07
    0.1088832E-05    0.9847998E-06   -0.5872011E-07    0.1785440E-03    0.5370678E-03    0.3610170E-03    0.4745923E-04   -0.1219901E-01   -0.4572112E-02   -0.1305736E-02   -0.5993017E-02    0.6100530E-02    0.1271709E-01    0.1686347E-01   -0.2233008E-02   -0.8505653E-02   -0.9562049E-02   -0.1171682E-01   -0.1255702E-01    0.9242359E-05    0.1058824E-04    0.7885492E-05    0.1099214E-04    0.1117110E-04    0.1156145E-04   -0.1101892E-03   -0.7913666E-04   -0.1047278E-03   -0.1165372E-03   -0.1748477E-03   -0.2912996E-03    0.4065124E-06    0.8640756E-06
    0.4034489E-04    0.6397943E-03   -0.6582703E-04    0.5370678E-03    0.4608146E-01    0.2436193E-02    0.1681359E-02    0.3430743E+00    0.1757591E+00    0.5369184E-01   -0.3739671E+00   -0.2786173E+00   -0.4990375E+00   -0.5022599E+00    0.9937382E-01    0.7871722E+00    0.8143990E+00    0.8438929E+00    0.8653989E+00    0.2186524E-03    0.2340561E-03    0.2182713E-03    0.2226637E-03    0.2436140E-03    0.3045791E-03   -0.1263053E-02   -0.1820590E-02   -0.2965725E-02   -0.2133043E-02   -0.3563526E-02   -0.6015027E-02   -0.1402545E-04   -0.1656660E-04
    0.3177601E-05    0.2549222E-04   -0.2404575E-05    0.3610170E-03    0.2436193E-02    0.7884970E-03    0.1324954E-03   -0.1455863E-01   -0.4689549E-02   -0.1869804E-02   -0.9189743E-02    0.1416244E-01    0.1916182E-01    0.2586267E-01   -0.2030000E-02   -0.8843098E-03   -0.1374507E-01   -0.1687132E-01   -0.1769485E-01    0.1875312E-04    0.2134888E-04    0.1409545E-04    0.2113525E-04    0.2162778E-04    0.2472779E-04   -0.2182751E-03   -0.1712406E-03   -0.2436149E-03   -0.2532621E-03   -0.3878576E-03   -0.6385713E-03   -0.8623481E-06    0.1136442E-05
    0.1872652E-05    0.1843740E-04   -0.1853710E-05    0.4745923E-04    0.1681359E-02    0.1324954E-03    0.8624330E-04    0.1611501E-02    0.1319140E-02    0.4332857E-03   -0.1929107E-01   -0.4367865E-02   -0.4717117E-02   -0.4040307E-02    0.5354633E-03    0.2502598E-01    0.2468032E-01    0.2428886E-01    0.2513179E-01    0.1669439E-04    0.1854616E-04    0.1810156E-04    0.1860466E-04    0.1972999E-04    0.2036581E-04   -0.9186099E-04   -0.1030716E-03   -0.1523299E-03   -0.1304319E-03   -0.2057575E-03   -0.3434638E-03   -0.2024485E-06   -0.1376357E-06
    0.1095784E-03    0.5600289E-02   -0.4945017E-03   -0.1219901E-01    0.3430743E+00   -0.1455863E-01    0.1611501E-02    0.7050363E+02    0.2741097E+02    0.1834191E+01    0.4214764E+01   -0.2814765E+02   -0.7508554E+02   -0.9052676E+02   -0.2536872E+01    0.4263909E+01   -0.3866179E+01   -0.7587249E+01   -0.1126028E+02   -0.1834940E-02   -0.1452306E-02   -0.2644600E-02   -0.1003322E-02   -0.2065906E-02    0.2366698E-02   -0.1164199E-01    0.2824432E-02    0.1069278E-01    0.2104209E-01    0.7344604E-02   -0.6592366E-01   -0.5594265E-04   -0.3474020E-02
    0.4217764E-04    0.2863811E-02   -0.2643728E-03   -0.4572112E-02    0.1757591E+00   -0.4689549E-02    0.1319140E-02    0.2741097E+02    0.2005935E+02    0.3116909E+01   -0.2016965E+02   -0.2821814E+02   -0.5000161E+02   -0.3070287E+02   -0.1230651E+01   -0.1167847E+01   -0.4134262E+01   -0.1046134E+02   -0.1118538E+02   -0.7619053E-03   -0.8531627E-03   -0.1351565E-02   -0.4921938E-03   -0.8599436E-03    0.1205760E-02   -0.1128223E-01    0.6224344E-02    0.8198677E-02    0.2184779E-01    0.1482309E-01   -0.5728975E-02   -0.1862125E-05   -0.2921640E-03
    0.3713443E-04    0.7009834E-03   -0.7454361E-04   -0.1305736E-02    0.5369184E-01   -0.1869804E-02    0.4332857E-03    0.1834191E+01    0.3116909E+01    0.6587735E+01   -0.4399496E+02   -0.1946404E+02   -0.6740231E+01   -0.1665522E+01   -0.1919502E+00   -0.2717671E+01   -0.1362506E+01    0.2600379E+01    0.3224295E+01    0.2081426E-03    0.8020503E-04    0.2180916E-03   -0.1752876E-03    0.8436982E-03    0.1228661E-02   -0.8058445E-02   -0.4735442E-02   -0.1468433E-01   -0.4295985E-02   -0.1468239E-01   -0.2754081E-01   -0.2367371E-03    0.1349798E-03
   -0.4734277E-03   -0.3947556E-02    0.3320961E-03   -0.5993017E-02   -0.3739671E+00   -0.9189743E-02   -0.1929107E-01    0.4214764E+01   -0.2016965E+02   -0.4399496E+02    0.7737039E+03    0.1896337E+03    0.8009971E+02    0.2162482E+02   -0.1309410E+02   -0.5028731E+02   -0.3630084E+01   -0.1374341E+02   -0.1311415E+02   -0.8660877E-02   -0.1026953E-01   -0.1607943E-01   -0.9075998E-02   -0.1917697E-01   -0.2166957E-01    0.9207073E-01    0.6728022E-01    0.1874728E+00    0.4283549E-01    0.1631441E+00    0.3080311E+00    0.4215154E-03   -0.2913715E-02
   -0.2326986E-03   -0.3005512E-02    0.2860936E-03    0.6100530E-02   -0.2786173E+00    0.1416244E-01   -0.4367865E-02   -0.2814765E+02   -0.2821814E+02   -0.1946404E+02    0.1896337E+03    0.1274253E+03    0.1021846E+03    0.5800400E+02   -0.1060700E+02   -0.3532397E+01   -0.1122790E+02   -0.7165616E+01   -0.5675942E+01   -0.1943471E-02   -0.1981389E-02   -0.2899238E-02   -0.3021448E-02   -0.5547260E-02   -0.7528042E-02    0.3786834E-01    0.3847526E-01    0.6809182E-01    0.3428210E-01    0.8369121E-01    0.1895531E+00    0.2224821E-04   -0.4912725E-03
   -0.2275908E-03   -0.7119218E-02    0.6755492E-03    0.1271709E-01   -0.4990375E+00    0.1916182E-01   -0.4717117E-02   -0.7508554E+02   -0.5000161E+02   -0.6740231E+01    0.8009971E+02    0.1021846E+03    0.1622864E+03    0.1193748E+03   -0.8269707E+01   -0.9646054E+01   -0.9861456E+01   -0.5678043E+00   -0.2037922E+01    0.3740026E-03    0.8207532E-04    0.5702949E-03   -0.1788590E-02   -0.1211488E-02   -0.6478090E-02    0.3550925E-01    0.1617813E-01    0.3404878E-01   -0.1994095E-01    0.2336610E-01    0.1247701E+00   -0.5278934E-03    0.2337837E-02
   -0.2607873E-03   -0.7180643E-02    0.6563927E-03    0.1686347E-01   -0.5022599E+00    0.2586267E-01   -0.4040307E-02   -0.9052676E+02   -0.3070287E+02   -0.1665522E+01    0.2162482E+02    0.5800400E+02    0.1193748E+03    0.1554337E+03   -0.8138734E+01   -0.1753421E+02   -0.1563813E+02   -0.2271993E+02   -0.2586891E+02    0.8298777E-03    0.1760624E-04    0.4566705E-03   -0.1345801E-02   -0.9492429E-03   -0.7065753E-02    0.2563913E-01    0.3001426E-01    0.4434088E-01    0.8596431E-02    0.4894976E-01    0.1780422E+00   -0.4370202E-03    0.6385365E-02
    0.2748316E-04    0.1578455E-02   -0.1752334E-03   -0.2233008E-02    0.9937382E-01   -0.2030000E-02    0.5354633E-03   -0.2536872E+01   -0.1230651E+01   -0.1919502E+00   -0.1309410E+02   -0.1060700E+02   -0.8269707E+01   -0.8138734E+01    0.7938786E+01    0.8313913E+00   -0.2698032E+00   -0.7699847E+00   -0.9992569E+00    0.5467392E-04   -0.1698068E-03    0.9947504E-04   -0.1624222E-03    0.3937538E-04    0.1179147E-03    0.3461204E-02    0.1563165E-03   -0.5471821E-02   -0.5522433E-03   -0.6543227E-02   -0.1457859E-01   -0.6528677E-04    0.1323785E-03
    0.8195463E-03    0.1114171E-01   -0.1082326E-02   -0.8505653E-02    0.7871722E+00   -0.8843098E-03    0.2502598E-01    0.4263909E+01   -0.1167847E+01   -0.2717671E+01   -0.5028731E+02   -0.3532397E+01   -0.9646054E+01   -0.1753421E+02    0.8313913E+00    0.1741971E+03    0.7236627E+02    0.6936406E+02    0.6641097E+02    0.3368779E-02    0.3404660E-02    0.5694726E-02    0.3643128E-02    0.6125877E-02    0.4963178E-02   -0.1441937E-01   -0.1069879E+00   -0.1272405E+00   -0.6923176E-01   -0.8437153E-01   -0.1517858E+00   -0.1348228E-01   -0.2304024E-03
    0.5675451E-03    0.1100497E-01   -0.1103175E-02   -0.9562049E-02    0.8143990E+00   -0.1374507E-01    0.2468032E-01   -0.3866179E+01   -0.4134262E+01   -0.1362506E+01   -0.3630084E+01   -0.1122790E+02   -0.9861456E+01   -0.1563813E+02   -0.2698032E+00    0.7236627E+02    0.1290780E+03    0.1299457E+03    0.1287634E+03    0.5459462E-02    0.5757243E-02    0.9229565E-02    0.6454052E-02    0.7337598E-02    0.5566336E-02   -0.2242804E-01   -0.1180301E+00   -0.1583968E+00   -0.9998016E-01   -0.1139846E+00   -0.1695483E+00    0.3597094E-02    0.5787596E-04
    0.6009297E-03    0.1133959E-01   -0.1184586E-02   -0.1171682E-01    0.8438929E+00   -0.1687132E-01    0.2428886E-01   -0.7587249E+01   -0.1046134E+02    0.2600379E+01   -0.1374341E+02   -0.7165616E+01   -0.5678043E+00   -0.2271993E+02   -0.7699847E+00    0.6936406E+02    0.1299457E+03    0.1675692E+03    0.1900343E+03    0.5203317E-02    0.5702373E-02    0.8770088E-02    0.6501991E-02    0.8504123E-02    0.5868976E-02   -0.2020025E-01   -0.1173442E+00   -0.1839515E+00   -0.1021588E+00   -0.1295119E+00   -0.1559443E+00    0.3275072E-02   -0.4947749E-02
    0.6089347E-03    0.1167918E-01   -0.1250951E-02   -0.1255702E-01    0.8653989E+00   -0.1769485E-01    0.2513179E-01   -0.1126028E+02   -0.1118538E+02    0.3224295E+01   -0.1311415E+02   -0.5675942E+01   -0.2037922E+01   -0.2586891E+02   -0.9992569E+00    0.6641097E+02    0.1287634E+03    0.1900343E+03    0.2363783E+03    0.4771898E-02    0.5508061E-02    0.8265575E-02    0.6628324E-02    0.9420546E-02    0.6296400E-02   -0.2146019E-01   -0.1092707E+00   -0.1785694E+00   -0.9143323E-01   -0.1130205E+00   -0.9416000E-01    0.3281192E-02   -0.9338644E-02
    0.3519304E-06    0.1185539E-05   -0.1139151E-06    0.9242359E-05    0.2186524E-03    0.1875312E-04    0.1669439E-04   -0.1834940E-02   -0.7619053E-03    0.2081426E-03   -0.8660877E-02   -0.1943471E-02    0.3740026E-03    0.8298777E-03    0.5467392E-04    0.3368779E-02    0.5459462E-02    0.5203317E-02    0.4771898E-02    0.7218555E-04    0.2592721E-04    0.3118428E-04    0.1448780E-04    0.1629647E-04    0.2273247E-04   -0.1141547E-03   -0.9609807E-04   -0.8798715E-04   -0.5873887E-04   -0.5227523E-04   -0.6438468E-04    0.3968330E-06    0.1673746E-06
    0.3929209E-06    0.1198536E-05   -0.1663122E-06    0.1058824E-04    0.2340561E-03    0.2134888E-04    0.1854616E-04   -0.1452306E-02   -0.8531627E-03    0.8020503E-04   -0.1026953E-01   -0.1981389E-02    0.8207532E-04    0.1760624E-04   -0.1698068E-03    0.3404660E-02    0.5757243E-02    0.5702373E-02    0.5508061E-02    0.2592721E-04    0.4328870E-04    0.3959443E-04    0.3135839E-04    0.3331023E-04    0.3225908E-04   -0.8464369E-04   -0.1112843E-03   -0.1108963E-03   -0.1238685E-03   -0.1312009E-03   -0.1627697E-03    0.4382241E-06    0.2536763E-07
    0.4054040E-06    0.7831840E-06   -0.1031616E-06    0.7885492E-05    0.2182713E-03    0.1409545E-04    0.1810156E-04   -0.2644600E-02   -0.1351565E-02    0.2180916E-03   -0.1607943E-01   -0.2899238E-02    0.5702949E-03    0.4566705E-03    0.9947504E-04    0.5694726E-02    0.9229565E-02    0.8770088E-02    0.8265575E-02    0.3118428E-04    0.3959443E-04    0.1177901E-03    0.2575611E-04    0.6097977E-04    0.1120699E-03   -0.6769363E-04   -0.1036304E-03   -0.1219825E-03   -0.1081108E-03   -0.2217438E-03   -0.4587431E-03    0.6049326E-06    0.1683626E-06
    0.4173653E-06    0.7437419E-06   -0.1387407E-06    0.1099214E-04    0.2226637E-03    0.2113525E-04    0.1860466E-04   -0.1003322E-02   -0.4921938E-03   -0.1752876E-03   -0.9075998E-02   -0.3021448E-02   -0.1788590E-02   -0.1345801E-02   -0.1624222E-03    0.3643128E-02    0.6454052E-02    0.6501991E-02    0.6628324E-02    0.1448780E-04    0.3135839E-04    0.2575611E-04    0.8913633E-04    0.5721880E-04    0.4162451E-04   -0.5814281E-04   -0.9488433E-04   -0.7928373E-04   -0.1728261E-03   -0.1534242E-03   -0.1686893E-03    0.3747480E-06   -0.1131941E-06
    0.4648302E-06    0.9834710E-06   -0.1247735E-06    0.1117110E-04    0.2436140E-03    0.2162778E-04    0.1972999E-04   -0.2065906E-02   -0.8599436E-03    0.8436982E-03   -0.1917697E-01   -0.5547260E-02   -0.1211488E-02   -0.9492429E-03    0.3937538E-04    0.6125877E-02    0.7337598E-02    0.8504123E-02    0.9420546E-02    0.1629647E-04    0.3331023E-04    0.6097977E-04    0.5721880E-04    0.1281021E-03    0.1596774E-03   -0.7101933E-04   -0.1026919E-03   -0.1325613E-03   -0.1588965E-03   -0.2318645E-03   -0.4503606E-03    0.1462200E-06   -0.1207936E-06
    0.5545400E-06    0.2045674E-05   -0.1842655E-06    0.1156145E-04    0.3045791E-03    0.2472779E-04    0.2036581E-04    0.2366698E-02    0.1205760E-02    0.1228661E-02   -0.2166957E-01   -0.7528042E-02   -0.6478090E-02   -0.7065753E-02    0.1179147E-03    0.4963178E-02    0.5566336E-02    0.5868976E-02    0.6296400E-02    0.2273247E-04    0.3225908E-04    0.1120699E-03    0.4162451E-04    0.1596774E-03    0.6534012E-03   -0.1123696E-03   -0.1108389E-03   -0.1567253E-03   -0.1345360E-03   -0.2839981E-03   -0.5346843E-03    0.3373088E-06   -0.1288449E-06
   -0.2867707E-05   -0.2389614E-05   -0.2753254E-06   -0.1101892E-03   -0.1263053E-02   -0.2182751E-03   -0.9186099E-04   -0.1164199E-01   -0.1128223E-01   -0.8058445E-02    0.9207073E-01    0.3786834E-01    0.3550925E-01    0.2563913E-01    0.3461204E-02   -0.1441937E-01   -0.2242804E-01   -0.2020025E-01   -0.2146019E-01   -0.1141547E-03   -0.8464369E-04   -0.6769363E-04   -0.5814281E-04   -0.7101933E-04   -0.1123696E-03    0.1288160E-01    0.8287000E-02    0.9412307E-02    0.2199699E-02    0.2515726E-02    0.3307198E-02   -0.2951112E-05    0.9843199E-06
   -0.3666113E-05   -0.1181695E-04    0.4581495E-06   -0.7913666E-04   -0.1820590E-02   -0.1712406E-03   -0.1030716E-03    0.2824432E-02    0.6224344E-02   -0.4735442E-02    0.6728022E-01    0.3847526E-01    0.1617813E-01    0.3001426E-01    0.1563165E-03   -0.1069879E+00   -0.1180301E+00   -0.1173442E+00   -0.1092707E+00   -0.9609807E-04   -0.1112843E-03   -0.1036304E-03   -0.9488433E-04   -0.1026919E-03   -0.1108389E-03    0.8287000E-02    0.1178838E-01    0.1328228E-01    0.8053282E-02    0.7983321E-02    0.7571967E-02    0.1578452E-05    0.5894153E-07
   -0.5242158E-05   -0.2346390E-04    0.1384567E-05   -0.1047278E-03   -0.2965725E-02   -0.2436149E-03   -0.1523299E-03    0.1069278E-01    0.8198677E-02   -0.1468433E-01    0.1874728E+00    0.6809182E-01    0.3404878E-01    0.4434088E-01   -0.5471821E-02   -0.1272405E+00   -0.1583968E+00   -0.1839515E+00   -0.1785694E+00   -0.8798715E-04   -0.1108963E-03   -0.1219825E-03   -0.7928373E-04   -0.1325613E-03   -0.1567253E-03    0.9412307E-02    0.1328228E-01    0.2584663E-01    0.4570501E-02    0.1178865E-01    0.2295586E-01   -0.5403039E-06   -0.5260835E-06
   -0.5526554E-05   -0.8587833E-05    0.8919876E-07   -0.1165372E-03   -0.2133043E-02   -0.2532621E-03   -0.1304319E-03    0.2104209E-01    0.2184779E-01   -0.4295985E-02    0.4283549E-01    0.3428210E-01   -0.1994095E-01    0.8596431E-02   -0.5522433E-03   -0.6923176E-01   -0.9998016E-01   -0.1021588E+00   -0.9143323E-01   -0.5873887E-04   -0.1238685E-03   -0.1081108E-03   -0.1728261E-03   -0.1588965E-03   -0.1345360E-03    0.2199699E-02    0.8053282E-02    0.4570501E-02    0.2080366E-01    0.1867085E-01    0.1260412E-01   -0.7168091E-06    0.1570372E-06
   -0.8580972E-05   -0.1615589E-04    0.2532771E-06   -0.1748477E-03   -0.3563526E-02   -0.3878576E-03   -0.2057575E-03    0.7344604E-02    0.1482309E-01   -0.1468239E-01    0.1631441E+00    0.8369121E-01    0.2336610E-01    0.4894976E-01   -0.6543227E-02   -0.8437153E-01   -0.1139846E+00   -0.1295119E+00   -0.1130205E+00   -0.5227523E-04   -0.1312009E-03   -0.2217438E-03   -0.1534242E-03   -0.2318645E-03   -0.2839981E-03    0.2515726E-02    0.7983321E-02    0.1178865E-01    0.1867085E-01    0.2861138E-01    0.4048043E-01   -0.1514765E-05   -0.8518532E-06
   -0.1451093E-04   -0.2526886E-04   -0.6515550E-06   -0.2912996E-03   -0.6015027E-02   -0.6385713E-03   -0.3434638E-03   -0.6592366E-01   -0.5728975E-02   -0.2754081E-01    0.3080311E+00    0.1895531E+00    0.1247701E+00    0.1780422E+00   -0.1457859E-01   -0.1517858E+00   -0.1695483E+00   -0.1559443E+00   -0.9416000E-01   -0.6438468E-04   -0.1627697E-03   -0.4587431E-03   -0.1686893E-03   -0.4503606E-03   -0.5346843E-03    0.3307198E-02    0.7571967E-02    0.2295586E-01    0.1260412E-01    0.4048043E-01    0.1042997E+00   -0.6847845E-06   -0.3249399E-05
   -0.4445708E-07   -0.2602742E-06    0.2493893E-07    0.4065124E-06   -0.1402545E-04   -0.8623481E-06   -0.2024485E-06   -0.5594265E-04   -0.1862125E-05   -0.2367371E-03    0.4215154E-03    0.2224821E-04   -0.5278934E-03   -0.4370202E-03   -0.6528677E-04   -0.1348228E-01    0.3597094E-02    0.3275072E-02    0.3281192E-02    0.3968330E-06    0.4382241E-06    0.6049326E-06    0.3747480E-06    0.1462200E-06    0.3373088E-06   -0.2951112E-05    0.1578452E-05   -0.5403039E-06   -0.7168091E-06   -0.1514765E-05   -0.6847845E-06    0.2363646E-05    0.1503148E-07
   -0.1038562E-07   -0.2565999E-06    0.2915532E-07    0.8640756E-06   -0.1656660E-04    0.1136442E-05   -0.1376357E-06   -0.3474020E-02   -0.2921640E-03    0.1349798E-03   -0.2913715E-02   -0.4912725E-03    0.2337837E-02    0.6385365E-02    0.1323785E-03   -0.2304024E-03    0.5787596E-04   -0.4947749E-02   -0.9338644E-02    0.1673746E-06    0.2536763E-07    0.1683626E-06   -0.1131941E-06   -0.1207936E-06   -0.1288449E-06    0.9843199E-06    0.5894153E-07   -0.5260835E-06    0.1570372E-06   -0.8518532E-06   -0.3249399E-05    0.1503148E-07    0.1325959E-05
