# omegabh2 omegach2 theta tau w logA ns calPlanck alpha_JLA beta_JLA acib217 xi asz143 aps100 aps143 aps143217 aps217 aksz kgal100 kgal143 kgal143217 kgal217 cal0 cal2
    0.4571818E-07   -0.1404655E-06    0.3638425E-07    0.1415643E-05    0.3418639E-05    0.2667165E-05    0.4753753E-06    0.2507109E-07   -0.1122224E-07   -0.1482384E-06   -0.1747239E-03    0.2183637E-05    0.4674973E-04   -0.6854033E-03   -0.5006262E-03   -0.1694532E-03   -0.1307745E-04   -0.7341775E-04    0.3797790E-05   -0.4968776E-06   -0.1212757E-04    0.5001472E-04    0.9217316E-08   -0.1113502E-07
   -0.1404655E-06    0.2739185E-05   -0.2318354E-06   -0.1082703E-04   -0.5444432E-04   -0.1545824E-04   -0.6284025E-05   -0.2026432E-06    0.3037095E-06    0.4743272E-05    0.2603813E-03   -0.9738000E-05   -0.5287499E-04    0.1154188E-02    0.1414071E-02    0.8808370E-03    0.5947449E-03   -0.3802928E-05   -0.8330457E-04   -0.2779664E-05   -0.5115924E-04   -0.1898753E-03   -0.3876182E-07   -0.1561560E-07
    0.3638425E-07   -0.2318354E-06    0.2050354E-06    0.1599062E-05    0.7694810E-05    0.3042971E-05    0.7919784E-06    0.7776736E-07    0.3305677E-08   -0.9041584E-06   -0.3026450E-04   -0.5284389E-06    0.1958387E-04   -0.3852172E-03   -0.2018877E-03   -0.9519540E-04   -0.5392047E-04   -0.3413706E-04    0.4506414E-05   -0.7629933E-06    0.1752352E-04    0.5734583E-04    0.8349059E-08    0.2180532E-08
    0.1415643E-05   -0.1082703E-04    0.1599062E-05    0.3454083E-03    0.2322622E-03    0.6647185E-03    0.4120916E-04   -0.3652614E-06   -0.1941756E-05    0.5130720E-05   -0.1456646E-01    0.1682403E-03    0.2722722E-02   -0.5526207E-01   -0.2796497E-01   -0.6143751E-02    0.7837744E-02   -0.5400098E-02   -0.1110723E-03   -0.9104048E-03   -0.1359399E-02    0.4108135E-02    0.4599988E-06   -0.8898855E-06
    0.3418639E-05   -0.5444432E-04    0.7694810E-05    0.2322622E-03    0.2226383E-02    0.3478696E-03    0.1342234E-03    0.4396395E-05   -0.1690640E-04   -0.2812206E-03   -0.9122397E-02    0.3654989E-03    0.2473449E-02   -0.4629569E-01   -0.2991982E-01   -0.8390349E-02   -0.2475039E-02   -0.3310365E-02    0.5263359E-03   -0.4779994E-03    0.2729157E-02    0.8033707E-02    0.1074296E-05    0.1411162E-05
    0.2667165E-05   -0.1545824E-04    0.3042971E-05    0.6647185E-03    0.3478696E-03    0.1319343E-02    0.6659985E-04    0.1071235E-04   -0.3087230E-05    0.1757742E-04   -0.2885204E-01    0.4004761E-03    0.5333405E-02   -0.1017533E+00   -0.5073938E-01   -0.6277143E-02    0.2314609E-01   -0.1192194E-01   -0.6538704E-03   -0.2433685E-02   -0.3245572E-02    0.9149628E-02    0.1154970E-05   -0.1941791E-05
    0.4753753E-06   -0.6284025E-05    0.7919784E-06    0.4120916E-04    0.1342234E-03    0.6659985E-04    0.2614471E-04    0.6703583E-06   -0.9238378E-06   -0.1122080E-04   -0.5626931E-02    0.9894618E-04    0.1496282E-02   -0.3006543E-01   -0.9988187E-02    0.4600668E-03    0.4860811E-02   -0.2812759E-02    0.4917191E-03   -0.1563991E-03   -0.1516748E-04    0.1839425E-02   -0.6915131E-07   -0.3437098E-06
    0.2507109E-07   -0.2026432E-06    0.7776736E-07   -0.3652614E-06    0.4396395E-05    0.1071235E-04    0.6703583E-06    0.5871649E-05    0.1332343E-09   -0.2667926E-05    0.7716389E-03    0.1519726E-04   -0.1654037E-05    0.3579158E-02    0.6629533E-03    0.7504794E-03    0.1199713E-02   -0.1335771E-03   -0.1777894E-04   -0.7668845E-04   -0.2548835E-04    0.5426637E-03    0.3038744E-07   -0.1913425E-07
   -0.1122224E-07    0.3037095E-06    0.3305677E-08   -0.1941756E-05   -0.1690640E-04   -0.3087230E-05   -0.9238378E-06    0.1332343E-09    0.4479445E-04   -0.3023111E-04   -0.2314574E-03   -0.1656364E-04   -0.1045948E-04    0.2054938E-03    0.1044484E-02    0.4249731E-03    0.1135489E-02   -0.2103728E-03   -0.1121867E-03   -0.2136442E-04   -0.2505256E-03   -0.5249981E-03   -0.2921537E-07   -0.1986391E-06
   -0.1482384E-06    0.4743272E-05   -0.9041584E-06    0.5130720E-05   -0.2812206E-03    0.1757742E-04   -0.1122080E-04   -0.2667926E-05   -0.3023111E-04    0.6409866E-02    0.1274806E-01    0.7907373E-04   -0.1332410E-02   -0.2882983E-01   -0.7128788E-02   -0.1011001E-01   -0.2259934E-01    0.1999720E-02    0.1152287E-02    0.4639762E-03   -0.7429901E-03   -0.5806916E-02   -0.1374627E-05    0.1651600E-05
   -0.1747239E-03    0.2603813E-03   -0.3026450E-04   -0.1456646E-01   -0.9122397E-02   -0.2885204E-01   -0.5626931E-02    0.7716389E-03   -0.2314574E-03    0.1274806E-01    0.4911328E+02   -0.4584703E+00   -0.1401160E+01    0.4291113E+02    0.1648948E+01   -0.1997551E+02   -0.6603629E+02    0.3486067E+00   -0.3246191E+00    0.9134354E-01   -0.3165101E+01   -0.2574699E+02   -0.1651134E-03    0.4321441E-02
    0.2183637E-05   -0.9738000E-05   -0.5284389E-06    0.1682403E-03    0.3654989E-03    0.4004761E-03    0.9894618E-04    0.1519726E-04   -0.1656364E-04    0.7907373E-04   -0.4584703E+00    0.8263625E-01   -0.6840867E-01   -0.4210112E+00    0.9761142E+00    0.1784134E+01    0.7267417E+00    0.7402514E-01   -0.1945559E-02    0.1567889E-01    0.1125179E+00    0.1061206E+00    0.9711800E-05   -0.1559765E-04
    0.4674973E-04   -0.5287499E-04    0.1958387E-04    0.2722722E-02    0.2473449E-02    0.5333405E-02    0.1496282E-02   -0.1654037E-05   -0.1045948E-04   -0.1332410E-02   -0.1401160E+01   -0.6840867E-01    0.3777092E+01   -0.2914198E+02   -0.3744681E+01    0.7884271E+01    0.6696666E+01   -0.2899811E+01   -0.2067925E+00    0.1146851E+00    0.2318157E+01    0.1809244E+01    0.1771653E-03   -0.3541554E-03
   -0.6854033E-03    0.1154188E-02   -0.3852172E-03   -0.5526207E-01   -0.4629569E-01   -0.1017533E+00   -0.3006543E-01    0.3579158E-02    0.2054938E-03   -0.2882983E-01    0.4291113E+02   -0.4210112E+00   -0.2914198E+02    0.7281372E+03    0.7047135E+02   -0.5678588E+02   -0.7182208E+02    0.1475590E+02   -0.7184575E+00   -0.8044222E+00   -0.1373838E+02   -0.2093885E+02    0.4988065E-02    0.3791919E-02
   -0.5006262E-03    0.1414071E-02   -0.2018877E-03   -0.2796497E-01   -0.2991982E-01   -0.5073938E-01   -0.9988187E-02    0.6629533E-03    0.1044484E-02   -0.7128788E-02    0.1648948E+01    0.9761142E+00   -0.3744681E+01    0.7047135E+02    0.6120675E+02    0.4324909E+02    0.1735105E+02   -0.4087128E+01   -0.6131464E+00   -0.8732014E+00    0.4184854E+01    0.3564470E+01    0.2096788E-03    0.1019651E-03
   -0.1694532E-03    0.8808370E-03   -0.9519540E-04   -0.6143751E-02   -0.8390349E-02   -0.6277143E-02    0.4600668E-03    0.7504794E-03    0.4249731E-03   -0.1011001E-01   -0.1997551E+02    0.1784134E+01    0.7884271E+01   -0.5678588E+02    0.4324909E+02    0.9435965E+02    0.6625598E+02   -0.1222062E+02   -0.8757260E+00    0.2039239E+00    0.5224789E+01    0.5788504E+01    0.7454067E-03   -0.2599374E-02
   -0.1307745E-04    0.5947449E-03   -0.5392047E-04    0.7837744E-02   -0.2475039E-02    0.2314609E-01    0.4860811E-02    0.1199713E-02    0.1135489E-02   -0.2259934E-01   -0.6603629E+02    0.7267417E+00    0.6696666E+01   -0.7182208E+02    0.1735105E+02    0.6625598E+02    0.1260929E+03   -0.1047679E+02   -0.2486037E+00    0.3994328E-02    0.1357947E+01    0.2289049E+02    0.5584404E-03   -0.7662194E-02
   -0.7341775E-04   -0.3802928E-05   -0.3413706E-04   -0.5400098E-02   -0.3310365E-02   -0.1192194E-01   -0.2812759E-02   -0.1335771E-03   -0.2103728E-03    0.1999720E-02    0.3486067E+00    0.7402514E-01   -0.2899811E+01    0.1475590E+02   -0.4087128E+01   -0.1222062E+02   -0.1047679E+02    0.6328094E+01    0.1644504E+00   -0.1529888E+00   -0.2126229E+01   -0.1673114E+01   -0.1422762E-03    0.2061847E-03
    0.3797790E-05   -0.8330457E-04    0.4506414E-05   -0.1110723E-03    0.5263359E-03   -0.6538704E-03    0.4917191E-03   -0.1777894E-04   -0.1121867E-03    0.1152287E-02   -0.3246191E+00   -0.1945559E-02   -0.2067925E+00   -0.7184575E+00   -0.6131464E+00   -0.8757260E+00   -0.2486037E+00    0.1644504E+00    0.3164749E+01    0.6839967E+00    0.1743200E+00    0.4764909E+00    0.4265587E-03   -0.1654727E-04
   -0.4968776E-06   -0.2779664E-05   -0.7629933E-06   -0.9104048E-03   -0.4779994E-03   -0.2433685E-02   -0.1563991E-03   -0.7668845E-04   -0.2136442E-04    0.4639762E-03    0.9134354E-01    0.1567889E-01    0.1146851E+00   -0.8044222E+00   -0.8732014E+00    0.2039239E+00    0.3994328E-02   -0.1529888E+00    0.6839967E+00    0.3152912E+01    0.2305312E+01    0.1224312E+01   -0.4067898E-03   -0.2539684E-03
   -0.1212757E-04   -0.5115924E-04    0.1752352E-04   -0.1359399E-02    0.2729157E-02   -0.3245572E-02   -0.1516748E-04   -0.2548835E-04   -0.2505256E-03   -0.7429901E-03   -0.3165101E+01    0.1125179E+00    0.2318157E+01   -0.1373838E+02    0.4184854E+01    0.5224789E+01    0.1357947E+01   -0.2126229E+01    0.1743200E+00    0.2305312E+01    0.1732047E+02    0.2645495E+02   -0.6833897E-04    0.2417672E-02
    0.5001472E-04   -0.1898753E-03    0.5734583E-04    0.4108135E-02    0.8033707E-02    0.9149628E-02    0.1839425E-02    0.5426637E-03   -0.5249981E-03   -0.5806916E-02   -0.2574699E+02    0.1061206E+00    0.1809244E+01   -0.2093885E+02    0.3564470E+01    0.5788504E+01    0.2289049E+02   -0.1673114E+01    0.4764909E+00    0.1224312E+01    0.2645495E+02    0.6124746E+02   -0.4696251E-04    0.4305162E-02
    0.9217316E-08   -0.3876182E-07    0.8349059E-08    0.4599988E-06    0.1074296E-05    0.1154970E-05   -0.6915131E-07    0.3038744E-07   -0.2921537E-07   -0.1374627E-05   -0.1651134E-03    0.9711800E-05    0.1771653E-03    0.4988065E-02    0.2096788E-03    0.7454067E-03    0.5584404E-03   -0.1422762E-03    0.4265587E-03   -0.4067898E-03   -0.6833897E-04   -0.4696251E-04    0.5488936E-06    0.5088190E-08
   -0.1113502E-07   -0.1561560E-07    0.2180532E-08   -0.8898855E-06    0.1411162E-05   -0.1941791E-05   -0.3437098E-06   -0.1913425E-07   -0.1986391E-06    0.1651600E-05    0.4321441E-02   -0.1559765E-04   -0.3541554E-03    0.3791919E-02    0.1019651E-03   -0.2599374E-02   -0.7662194E-02    0.2061847E-03   -0.1654727E-04   -0.2539684E-03    0.2417672E-02    0.4305162E-02    0.5088190E-08    0.2053194E-05
