# omegabh2 omegach2 theta tau ns logA r aps100 aps143 aps217 acib143 acib217 asz143 psr cibr ncib cal0 cal2 xi aksz bm_1_1 bm_1_2 bm_1_3 bm_1_4 bm_1_5 bm_2_1 bm_2_2 bm_2_3 bm_2_4 bm_2_5 bm_3_1 bm_3_2 bm_3_3 bm_3_4 bm_3_5 bm_4_1 bm_4_2 bm_4_3 bm_4_4 bm_4_5 a_ps_act_148 a_ps_act_217 a_ps_spt_95 a_ps_spt_150 a_ps_spt_220 r_ps_spt_95x150 r_ps_spt_95x220 r_ps_150x220 act_dust_s act_dust_e cal_acts_148 cal_acts_217 cal_acte_148 cal_acte_217 cal_spt_95 cal_spt_150 cal_spt_220
    0.72567E-07   -0.40467E-06    0.78349E-07    0.96740E-06    0.11027E-05    0.11130E-05    0.47220E-06   -0.61229E-03   -0.74818E-03   -0.62843E-03    0.13782E-05    0.23179E-04    0.17034E-04   -0.15455E-05   -0.49690E-06    0.61468E-06    0.10828E-08    0.15897E-08   -0.32660E-05   -0.40222E-04   -0.17038E-04   -0.98395E-05   -0.48702E-05   -0.60539E-06   -0.14879E-05    0.14333E-06   -0.88799E-06    0.26536E-05    0.21384E-05    0.36883E-06   -0.11885E-05   -0.37387E-05    0.78470E-06    0.17131E-06   -0.26638E-05   -0.91252E-06    0.10452E-06   -0.13593E-05   -0.31488E-05    0.23600E-05    0.10151E-04    0.98864E-04    0.21532E-04    0.21027E-04    0.96801E-04   -0.33881E-06   -0.48831E-06   -0.43051E-07   -0.71064E-06   -0.25525E-06    0.41534E-06    0.47694E-06    0.41436E-06    0.44710E-06    0.72797E-06    0.75821E-06    0.45255E-06
   -0.40467E-06    0.73428E-05   -0.74565E-06   -0.11118E-04   -0.16990E-04   -0.44464E-05   -0.13976E-04    0.40635E-02    0.33671E-02    0.34584E-02   -0.24119E-04   -0.25776E-03   -0.95875E-04    0.59833E-05    0.22046E-05   -0.44511E-05   -0.17628E-08    0.66857E-07    0.14164E-04    0.45719E-04    0.15594E-03    0.15907E-04    0.56679E-05   -0.16927E-04    0.31883E-04    0.53633E-04   -0.37937E-05   -0.38313E-04   -0.33402E-04   -0.13725E-05   -0.21125E-04    0.73718E-05    0.20951E-04   -0.10318E-05   -0.18970E-04    0.34460E-04   -0.13305E-04    0.18429E-04    0.25363E-04   -0.16602E-04   -0.23961E-04   -0.42487E-03   -0.41717E-04   -0.66453E-04   -0.37422E-03    0.71779E-06    0.12762E-05   -0.22367E-06    0.31852E-05    0.72500E-06   -0.22775E-05   -0.25733E-05   -0.20530E-05   -0.24607E-05   -0.36422E-05   -0.36921E-05   -0.25379E-05
    0.78349E-07   -0.74565E-06    0.39274E-06    0.15241E-05    0.22490E-05    0.15791E-05    0.10412E-05   -0.43224E-03   -0.43987E-03   -0.38976E-03    0.50803E-06   -0.68988E-05    0.20614E-04   -0.12452E-05    0.95540E-07   -0.85614E-07   -0.46303E-09   -0.38920E-08   -0.20336E-05   -0.21495E-04   -0.11559E-04   -0.24413E-05    0.49001E-05    0.35579E-07   -0.12942E-04   -0.13272E-05   -0.27476E-05    0.85214E-05    0.61761E-05    0.64861E-05    0.61767E-06    0.31598E-05    0.35569E-07   -0.16626E-05   -0.86289E-05   -0.10529E-05    0.18152E-05   -0.38241E-05   -0.77667E-05    0.75069E-05    0.76559E-05    0.74789E-04   -0.25869E-05    0.10981E-04    0.79905E-04    0.45372E-08   -0.12513E-06   -0.65698E-07   -0.15148E-07   -0.21185E-06    0.37221E-06    0.24137E-06    0.36567E-06    0.32184E-06    0.47249E-06    0.54225E-06    0.39203E-06
    0.96740E-06   -0.11118E-04    0.15241E-05    0.17107E-03    0.34657E-04    0.31426E-03   -0.18345E-04   -0.24006E-01   -0.16826E-01   -0.14241E-01   -0.68297E-05    0.14775E-02    0.37826E-03   -0.28408E-04   -0.45062E-05    0.29826E-04   -0.17657E-07    0.58402E-07   -0.12791E-03   -0.15970E-02   -0.33279E-03   -0.22103E-03   -0.76844E-04    0.16706E-03   -0.88280E-04    0.10368E-03    0.24232E-03   -0.43753E-04    0.12173E-03   -0.42312E-04    0.58790E-04   -0.11331E-03   -0.70945E-04    0.82528E-04   -0.78026E-04    0.10007E-03    0.46202E-04    0.15748E-03    0.15043E-03    0.90011E-04    0.22534E-03    0.14806E-02    0.86885E-03    0.42257E-03    0.15798E-02   -0.22610E-04   -0.31959E-04   -0.45859E-05   -0.11075E-04    0.17281E-04    0.76267E-05    0.93571E-05    0.90863E-05    0.95757E-05    0.14556E-04    0.16698E-04    0.92589E-05
    0.11027E-05   -0.16990E-04    0.22490E-05    0.34657E-04    0.55712E-04    0.24842E-04    0.49487E-04   -0.39306E-01   -0.21671E-01   -0.15994E-01    0.22463E-04    0.11058E-02    0.78761E-03   -0.38638E-04   -0.13344E-04    0.27026E-04   -0.82541E-07    0.14158E-06   -0.16941E-03   -0.12489E-02   -0.54183E-03   -0.25933E-03   -0.85099E-04    0.95095E-04   -0.78229E-04    0.19544E-03    0.13636E-03    0.10791E-03    0.11815E-03   -0.24517E-04    0.83089E-04   -0.72972E-04   -0.73222E-04    0.78907E-05    0.77418E-05    0.15571E-03    0.17293E-03    0.19448E-04   -0.39536E-04    0.82132E-04    0.15164E-03    0.18940E-02    0.27347E-03    0.32849E-03    0.16012E-02   -0.12142E-04   -0.19589E-04    0.43420E-06   -0.68302E-05   -0.43019E-06    0.10553E-04    0.10099E-04    0.10448E-04    0.97936E-05    0.17736E-04    0.16060E-04    0.10352E-04
    0.11130E-05   -0.44464E-05    0.15791E-05    0.31426E-03    0.24842E-04    0.62180E-03   -0.77654E-04   -0.47969E-01   -0.28741E-01   -0.21985E-01   -0.14740E-03    0.27501E-02    0.57732E-03   -0.45522E-04   -0.68068E-05    0.60263E-04    0.36266E-07    0.59238E-06   -0.26893E-03   -0.34172E-02    0.13015E-03   -0.32697E-03   -0.11907E-03    0.28756E-03   -0.10081E-03    0.70816E-03    0.53847E-03   -0.18093E-03    0.14612E-03   -0.16835E-03    0.10891E-03   -0.14496E-03   -0.13601E-03    0.10802E-03   -0.30157E-03    0.57040E-03    0.21606E-03    0.39684E-03    0.38720E-03    0.16265E-03    0.41678E-03    0.18915E-02    0.17861E-02    0.69894E-03    0.21443E-02   -0.53072E-04   -0.77209E-04   -0.10823E-04   -0.16952E-04    0.34703E-04    0.10913E-04    0.13194E-04    0.14317E-04    0.14041E-04    0.21154E-04    0.25250E-04    0.12621E-04
    0.47220E-06   -0.13976E-04    0.10412E-05   -0.18345E-04    0.49487E-04   -0.77654E-04    0.15666E-02   -0.12605E-01   -0.17347E-01   -0.13459E-01   -0.32299E-03    0.12171E-02   -0.19017E-03   -0.26210E-04   -0.41509E-04    0.56553E-04   -0.17029E-06    0.12457E-06   -0.28087E-04    0.59498E-03   -0.18501E-03   -0.34934E-03   -0.75704E-03    0.90498E-04   -0.40662E-03    0.18473E-03    0.30687E-03   -0.12290E-03    0.20687E-03    0.18118E-03   -0.77852E-04   -0.38809E-03    0.14787E-03    0.15058E-04   -0.22317E-03    0.12602E-03   -0.14586E-03    0.28783E-03   -0.39746E-04   -0.36500E-04   -0.20098E-03    0.73361E-04    0.42056E-03    0.16976E-03   -0.11376E-02   -0.50167E-04   -0.67053E-04    0.14286E-04    0.66264E-04   -0.30921E-04    0.87991E-05    0.98841E-05    0.33859E-05    0.59380E-05    0.11052E-04    0.12776E-04    0.63174E-05
   -0.61229E-03    0.40635E-02   -0.43224E-03   -0.24006E-01   -0.39306E-01   -0.47969E-01   -0.12605E-01    0.15949E+04    0.84700E+02    0.19543E+02   -0.50021E-01   -0.10445E+01   -0.11093E+02   -0.48360E-01   -0.95917E-01   -0.50939E-01    0.12000E-02   -0.31748E-02    0.95113E+00    0.73483E+01    0.16315E+02   -0.68115E+01    0.87890E-01   -0.15686E+00   -0.22326E+00   -0.21433E+01   -0.51344E+01   -0.13845E+01   -0.14046E+00   -0.12333E+01    0.24374E+00    0.45111E+00    0.70431E-01   -0.76303E+00   -0.38269E+01   -0.69649E+00   -0.23520E+01   -0.29061E+01    0.15169E+00    0.24879E+01    0.35452E+00   -0.66092E+00    0.52506E+01   -0.47334E+00    0.23440E+01   -0.74173E-01   -0.38045E+00   -0.74869E-01   -0.24187E-01    0.76878E-01   -0.25934E-01    0.40172E-02   -0.26218E-01    0.67992E-02   -0.73711E-01   -0.31183E-01   -0.10229E-02
   -0.74818E-03    0.33671E-02   -0.43987E-03   -0.16826E-01   -0.21671E-01   -0.28741E-01   -0.17347E-01    0.84700E+02    0.65009E+02    0.16563E+02    0.23021E+00    0.42612E+00   -0.19318E+01    0.37886E-01    0.26052E-01   -0.24071E-01    0.23113E-04   -0.10060E-02    0.21941E+00    0.43751E+00   -0.92861E-01   -0.94349E-01    0.44781E-01    0.19915E-01    0.14403E-01    0.18503E+00   -0.23506E+00   -0.17601E+00   -0.13441E+00    0.97773E-01   -0.11412E+00    0.14539E+00   -0.17540E-01    0.30686E-01    0.37912E-01    0.14759E+00   -0.18696E+00   -0.21572E+00   -0.36252E-01    0.77555E-01    0.26673E+00   -0.16998E+01    0.91922E+00   -0.26553E+00   -0.10628E+01    0.74896E-02   -0.40681E-01   -0.31076E-01    0.18672E-02    0.22535E-01   -0.13386E-01   -0.76760E-02   -0.13230E-01   -0.67487E-02   -0.27897E-01   -0.17995E-01   -0.71478E-02
   -0.62843E-03    0.34584E-02   -0.38976E-03   -0.14241E-01   -0.15994E-01   -0.21985E-01   -0.13459E-01    0.19543E+02    0.16563E+02    0.95788E+02   -0.11046E+01   -0.34016E+02    0.40751E+00   -0.35563E+00   -0.38819E-01   -0.44380E+00   -0.99081E-05   -0.28827E-04    0.11579E-01    0.88968E+00   -0.25324E-01    0.20726E+00   -0.27803E-01   -0.54353E-02    0.14250E+00    0.25670E-01    0.78825E-02   -0.13589E-01   -0.15247E+00    0.16874E+00    0.18188E+00    0.23317E+00   -0.17584E+00    0.31742E+00    0.18383E+00    0.16207E+00   -0.95984E-02    0.97996E-01   -0.61590E-02   -0.24670E+00    0.15822E+00    0.17568E+02   -0.88161E+00    0.53328E+00    0.82784E+01   -0.44444E-01   -0.71260E-01    0.17310E-02    0.35459E-01    0.47821E-01   -0.64157E-02   -0.27152E-01   -0.50271E-02   -0.31029E-01   -0.76510E-02   -0.96592E-02   -0.56967E-01
    0.13782E-05   -0.24119E-04    0.50803E-06   -0.68297E-05    0.22463E-04   -0.14740E-03   -0.32299E-03   -0.50021E-01    0.23021E+00   -0.11046E+01    0.65760E+00    0.12041E+01    0.55149E+00    0.29462E-02   -0.36207E-02   -0.23944E-02   -0.56695E-05    0.71911E-04    0.48841E-02   -0.93380E+00   -0.92020E-02   -0.13064E-01   -0.25072E-03    0.76709E-04    0.53040E-02   -0.23903E-01    0.81842E-02    0.84708E-03    0.10409E-01    0.12800E-02    0.12664E-01   -0.16795E-01    0.18529E-01   -0.15723E-01   -0.60391E-02   -0.10221E-01   -0.75372E-02    0.24945E-01    0.56959E-02    0.13980E-01    0.54204E-01   -0.20284E+00   -0.21271E+00   -0.23522E-01   -0.21873E-01    0.48591E-01    0.45854E-01   -0.42584E-02   -0.22186E-02    0.32144E-04    0.90899E-04    0.19092E-03    0.12405E-03    0.23887E-03   -0.79398E-03    0.52932E-03    0.19015E-02
    0.23179E-04   -0.25776E-03   -0.68988E-05    0.14775E-02    0.11058E-02    0.27501E-02    0.12171E-02   -0.10445E+01    0.42612E+00   -0.34016E+02    0.12041E+01    0.21264E+02    0.19356E+01    0.21587E+00    0.27456E-01    0.28086E+00    0.11515E-06    0.23985E-04   -0.34948E+00   -0.43000E+01    0.21319E+00   -0.18333E+00   -0.98222E-02   -0.35625E-01   -0.24668E-01    0.22597E-01    0.52927E-01   -0.10369E+00    0.25742E+00   -0.18744E+00   -0.16839E+00   -0.39352E+00    0.72822E-01   -0.30814E+00   -0.22752E+00   -0.96414E-01   -0.70411E-01    0.20294E-01    0.12090E+00    0.31592E+00   -0.36369E+00   -0.11798E+02   -0.12551E+00   -0.74243E+00   -0.75287E+01    0.57648E-01    0.62772E-01   -0.10399E-01   -0.96873E-02   -0.14534E-01   -0.12488E-02    0.59035E-02   -0.19258E-02    0.80453E-02   -0.11556E-02   -0.31388E-02    0.20952E-01
    0.17034E-04   -0.95875E-04    0.20614E-04    0.37826E-03    0.78761E-03    0.57732E-03   -0.19017E-03   -0.11093E+02   -0.19318E+01    0.40751E+00    0.55149E+00    0.19356E+01    0.19738E+01    0.18490E-01    0.21991E-01    0.15262E-01   -0.35802E-05   -0.13520E-03   -0.18719E+00   -0.23819E+01    0.52619E-01    0.40180E-03   -0.93322E-02    0.47340E-02    0.50728E-02    0.32379E-01    0.84278E-02   -0.17886E-01    0.34860E-02   -0.73967E-02   -0.60862E-01   -0.19167E-01    0.18079E-01   -0.17701E-01   -0.23097E-01   -0.11357E-01   -0.13743E-01    0.34287E-02   -0.92623E-02    0.17995E-01   -0.81678E-01   -0.80623E+00   -0.80559E+00   -0.10946E+00   -0.11245E+01    0.44333E-01    0.70484E-01   -0.19865E-02   -0.22046E-02    0.59301E-03    0.40038E-03   -0.27479E-02    0.43449E-03   -0.26556E-02    0.37914E-02    0.31047E-03   -0.14709E-02
   -0.15455E-05    0.59833E-05   -0.12452E-05   -0.28408E-04   -0.38638E-04   -0.45522E-04   -0.26210E-04   -0.48360E-01    0.37886E-01   -0.35563E+00    0.29462E-02    0.21587E+00    0.18490E-01    0.45088E-02   -0.58526E-04    0.30504E-02    0.17396E-06   -0.25075E-05   -0.11373E-02   -0.20438E-01    0.13963E-02    0.13820E-02    0.90972E-03    0.31111E-03   -0.23373E-03    0.14539E-02   -0.28462E-02    0.91463E-03   -0.20860E-02    0.86677E-03   -0.11994E-02    0.15801E-02    0.28503E-03    0.26301E-03   -0.44978E-03    0.74295E-03   -0.39758E-03   -0.28008E-02   -0.39368E-02   -0.16447E-02   -0.14246E-02   -0.14847E+00   -0.80635E-02   -0.35800E-02   -0.10262E+00    0.40657E-03    0.14810E-02    0.35951E-03   -0.10307E-03    0.12667E-03   -0.33579E-04   -0.10513E-04   -0.44114E-04    0.25488E-04    0.14828E-04   -0.60649E-04    0.17263E-03
   -0.49690E-06    0.22046E-05    0.95540E-07   -0.45062E-05   -0.13344E-04   -0.68068E-05   -0.41509E-04   -0.95917E-01    0.26052E-01   -0.38819E-01   -0.36207E-02    0.27456E-01    0.21991E-01   -0.58526E-04    0.29611E-02   -0.20206E-03    0.42159E-07    0.35984E-05   -0.60706E-03   -0.13690E-01    0.58157E-03   -0.33421E-03   -0.62641E-04    0.15585E-03    0.29145E-04   -0.18522E-02   -0.50466E-03   -0.82154E-03    0.12941E-02   -0.39786E-03    0.74202E-03   -0.10835E-02    0.90863E-04   -0.23914E-03   -0.49271E-03   -0.75064E-03   -0.85578E-03   -0.10642E-03    0.11555E-02    0.10439E-02    0.62066E-02    0.50470E-03   -0.13804E-01    0.35051E-02    0.73402E-02    0.13880E-03    0.15322E-02   -0.42596E-03    0.38807E-05   -0.27659E-03    0.27549E-05    0.31468E-04   -0.18823E-06    0.28887E-04    0.64126E-04    0.63858E-06    0.10467E-03
    0.61468E-06   -0.44511E-05   -0.85614E-07    0.29826E-04    0.27026E-04    0.60263E-04    0.56553E-04   -0.50939E-01   -0.24071E-01   -0.44380E+00   -0.23944E-02    0.28086E+00    0.15262E-01    0.30504E-02   -0.20206E-03    0.50734E-02    0.14773E-06   -0.82015E-05   -0.53806E-02   -0.33577E-01    0.60375E-02   -0.56563E-02   -0.13818E-02   -0.15543E-02   -0.75032E-03    0.26921E-02    0.39095E-02   -0.38123E-02    0.81960E-02   -0.58094E-02   -0.69688E-02   -0.10934E-01    0.72204E-03   -0.72909E-02   -0.60749E-02   -0.30215E-02   -0.86097E-03    0.31601E-02    0.66630E-02    0.99386E-02   -0.92269E-02   -0.18951E+00    0.22904E-02   -0.11115E-01   -0.13575E+00   -0.57166E-03   -0.25910E-03    0.25349E-03   -0.38075E-04   -0.12918E-03   -0.13588E-04    0.34108E-04   -0.25439E-04    0.69222E-04    0.46249E-04   -0.56980E-04    0.19021E-03
    0.10828E-08   -0.17628E-08   -0.46303E-09   -0.17657E-07   -0.82541E-07    0.36266E-07   -0.17029E-06    0.12000E-02    0.23113E-04   -0.99081E-05   -0.56695E-05    0.11515E-06   -0.35802E-05    0.17396E-06    0.42159E-07    0.14773E-06    0.15811E-06    0.28895E-08   -0.60176E-06    0.39700E-05   -0.29533E-04   -0.14174E-04    0.18383E-05   -0.46727E-06    0.17235E-05    0.92073E-05    0.61563E-06    0.23847E-05    0.49064E-05    0.10470E-05    0.39694E-05    0.49681E-05   -0.21085E-05    0.16618E-05    0.31233E-07    0.88142E-05    0.50005E-05   -0.34159E-06   -0.12195E-05    0.51513E-05    0.20064E-05   -0.77771E-05    0.36764E-05    0.13097E-05   -0.41091E-05   -0.23209E-06   -0.37728E-06   -0.24759E-07    0.12722E-08    0.15973E-06   -0.45240E-07    0.22795E-07    0.19328E-07    0.37394E-08    0.57132E-08   -0.44615E-07   -0.39158E-09
    0.15897E-08    0.66857E-07   -0.38920E-08    0.58402E-07    0.14158E-06    0.59238E-06    0.12457E-06   -0.31748E-02   -0.10060E-02   -0.28827E-04    0.71911E-04    0.23985E-04   -0.13520E-03   -0.25075E-05    0.35984E-05   -0.82015E-05    0.28895E-08    0.11531E-05    0.25390E-04    0.86282E-04    0.78430E-04    0.54444E-04   -0.12313E-04   -0.26383E-04   -0.15628E-05    0.39985E-03    0.48228E-04   -0.33016E-05   -0.56684E-05    0.35908E-04   -0.37803E-03    0.26827E-04   -0.89348E-04    0.19611E-04    0.12117E-04    0.44058E-04    0.73080E-04   -0.44567E-04   -0.79478E-04    0.19255E-05    0.53784E-04    0.24432E-03    0.52603E-04    0.32983E-04    0.39236E-03    0.53095E-05    0.22291E-05   -0.27706E-05    0.16235E-05    0.58654E-06    0.33224E-06    0.10555E-05    0.31814E-06    0.10450E-05   -0.37370E-06    0.50493E-06    0.14855E-05
   -0.32660E-05    0.14164E-04   -0.20336E-05   -0.12791E-03   -0.16941E-03   -0.26893E-03   -0.28087E-04    0.95113E+00    0.21941E+00    0.11579E-01    0.48841E-02   -0.34948E+00   -0.18719E+00   -0.11373E-02   -0.60706E-03   -0.53806E-02   -0.60176E-06    0.25390E-04    0.64858E-01    0.36662E+00   -0.10084E-01   -0.33937E-03    0.32981E-02    0.17742E-03   -0.79625E-03   -0.92076E-02    0.66995E-03    0.37125E-02    0.22747E-03    0.25302E-02    0.85313E-02    0.17990E-02   -0.19961E-02    0.19685E-02    0.50570E-02   -0.21424E-02    0.14569E-02    0.33947E-02    0.59206E-03   -0.17753E-02    0.61762E-01    0.14280E+00    0.73468E-02    0.57761E-01    0.20502E+00    0.44845E-02    0.85735E-02    0.11514E-02   -0.25226E-04    0.27375E-03    0.41287E-04    0.24533E-03    0.42966E-04    0.24091E-03   -0.26372E-03    0.25047E-03    0.53154E-03
   -0.40222E-04    0.45719E-04   -0.21495E-04   -0.15970E-02   -0.12489E-02   -0.34172E-02    0.59498E-03    0.73483E+01    0.43751E+00    0.88968E+00   -0.93380E+00   -0.43000E+01   -0.23819E+01   -0.20438E-01   -0.13690E-01   -0.33577E-01    0.39700E-05    0.86282E-04    0.36662E+00    0.45919E+01   -0.68530E-01    0.71669E-02    0.15182E-01   -0.35368E-03   -0.12913E-01   -0.22810E-01   -0.48064E-02    0.27618E-01   -0.98876E-02    0.19617E-01    0.37230E-01    0.41242E-01   -0.38304E-01    0.43287E-01    0.44586E-01    0.12960E-02    0.21636E-01   -0.49743E-02   -0.10602E-02   -0.20933E-01    0.89645E-01    0.13970E+01    0.35158E+00    0.25770E+00    0.17388E+01   -0.49169E-01   -0.31556E-01    0.17516E-01    0.16795E-02   -0.57104E-02    0.80709E-03    0.28311E-02    0.72593E-03    0.27890E-02   -0.96465E-04    0.16968E-02    0.21537E-02
   -0.17038E-04    0.15594E-03   -0.11559E-04   -0.33279E-03   -0.54183E-03    0.13015E-03   -0.18501E-03    0.16315E+02   -0.92861E-01   -0.25324E-01   -0.92020E-02    0.21319E+00    0.52619E-01    0.13963E-02    0.58157E-03    0.60375E-02   -0.29533E-04    0.78430E-04   -0.10084E-01   -0.68530E-01    0.65544E+00   -0.14963E+00   -0.52947E-02    0.34032E-02    0.40314E-02    0.19989E+00   -0.52507E-01   -0.43825E-01   -0.63603E-02   -0.67144E-01    0.19027E-01    0.37901E-01   -0.33152E-01   -0.39628E-01   -0.13443E+00    0.16902E+00    0.37359E-01   -0.22176E-01    0.27237E-01    0.80132E-01   -0.12613E-01   -0.19017E+00   -0.24857E-01   -0.12602E-01   -0.20380E+00   -0.35233E-03    0.66340E-03    0.28439E-03   -0.16575E-02    0.10528E-03    0.20465E-04   -0.25801E-03   -0.34030E-04   -0.69524E-04   -0.30497E-04   -0.16230E-03   -0.18037E-03
   -0.98395E-05    0.15907E-04   -0.24413E-05   -0.22103E-03   -0.25933E-03   -0.32697E-03   -0.34934E-03   -0.68115E+01   -0.94349E-01    0.20726E+00   -0.13064E-01   -0.18333E+00    0.40180E-03    0.13820E-02   -0.33421E-03   -0.56563E-02   -0.14174E-04    0.54444E-04   -0.33937E-03    0.71669E-02   -0.14963E+00    0.91960E+00    0.29495E-02   -0.45371E-02    0.35409E-02   -0.14788E+00    0.18335E+00    0.68872E-01   -0.53677E-02    0.32091E-01   -0.12388E+00    0.92021E-02    0.10542E-01    0.79319E-02    0.16360E+00   -0.22911E+00    0.53043E-01    0.93880E-01    0.10738E-01   -0.20889E+00    0.16776E-02    0.11544E+00   -0.75450E-02    0.37989E-03    0.10217E+00   -0.89360E-03   -0.14689E-02   -0.22689E-04    0.22792E-02   -0.34519E-03   -0.12818E-03   -0.17228E-03   -0.52448E-04   -0.17168E-03   -0.50746E-04   -0.16033E-03   -0.22836E-03
   -0.48702E-05    0.56679E-05    0.49001E-05   -0.76844E-04   -0.85099E-04   -0.11907E-03   -0.75704E-03    0.87890E-01    0.44781E-01   -0.27803E-01   -0.25072E-03   -0.98222E-02   -0.93322E-02    0.90972E-03   -0.62641E-04   -0.13818E-02    0.18383E-05   -0.12313E-04    0.32981E-02    0.15182E-01   -0.52947E-02    0.29495E-02    0.99620E+00   -0.10175E-01   -0.26820E-02   -0.38958E-01   -0.29891E-01    0.16165E+00   -0.16383E-01    0.81290E-01   -0.13587E-02    0.33316E-01   -0.25139E-01   -0.10271E-01    0.10744E+00   -0.45103E-01    0.25616E-01    0.69574E-02   -0.18056E+00    0.92075E-01    0.56678E-03    0.22340E-01   -0.43599E-03    0.20131E-02    0.34797E-01    0.38862E-03    0.33929E-03    0.35245E-04    0.56136E-03    0.64895E-03   -0.89876E-04   -0.92509E-04   -0.91466E-04    0.15447E-04   -0.13406E-03   -0.96807E-04   -0.62191E-04
   -0.60539E-06   -0.16927E-04    0.35579E-07    0.16706E-03    0.95095E-04    0.28756E-03    0.90498E-04   -0.15686E+00    0.19915E-01   -0.54353E-02    0.76709E-04   -0.35625E-01    0.47340E-02    0.31111E-03    0.15585E-03   -0.15543E-02   -0.46727E-06   -0.26383E-04    0.17742E-03   -0.35368E-03    0.34032E-02   -0.45371E-02   -0.10175E-01    0.98449E+00   -0.91917E-02    0.59798E-01   -0.87685E-01    0.85649E-01   -0.95021E-01    0.44017E-01    0.84117E-01    0.11474E+00    0.49958E-01    0.14880E+00   -0.11235E+00    0.96117E-01    0.52851E-01   -0.73168E-02   -0.11981E+00    0.47410E-01   -0.14975E-02    0.21778E-01    0.95446E-02    0.89064E-02    0.72315E-02   -0.24380E-03    0.36188E-03   -0.75019E-04    0.11196E-02   -0.14591E-02   -0.25135E-04   -0.58825E-04    0.34906E-04    0.81050E-05    0.20927E-03   -0.82472E-05   -0.36177E-04
   -0.14879E-05    0.31883E-04   -0.12942E-04   -0.88280E-04   -0.78229E-04   -0.10081E-03   -0.40662E-03   -0.22326E+00    0.14403E-01    0.14250E+00    0.53040E-02   -0.24668E-01    0.50728E-02   -0.23373E-03    0.29145E-04   -0.75032E-03    0.17235E-05   -0.15628E-05   -0.79625E-03   -0.12913E-01    0.40314E-02    0.35409E-02   -0.26820E-02   -0.91917E-02    0.10050E+01    0.30878E-01    0.40995E-01   -0.39144E-01    0.45621E-01    0.79208E-01    0.65402E-01   -0.77015E-01   -0.86175E-01    0.49793E-01    0.57705E-01    0.90232E-01   -0.75655E-01    0.80082E-01   -0.23873E-01    0.17667E-02    0.29221E-02    0.32086E-01   -0.50701E-03   -0.34491E-03    0.20882E-01    0.10714E-02    0.60936E-03   -0.17563E-03   -0.76127E-03    0.11384E-02    0.10101E-04   -0.62154E-04   -0.33704E-06    0.14395E-04    0.12687E-03    0.84090E-04   -0.10490E-03
    0.14333E-06    0.53633E-04   -0.13272E-05    0.10368E-03    0.19544E-03    0.70816E-03    0.18473E-03   -0.21433E+01    0.18503E+00    0.25670E-01   -0.23903E-01    0.22597E-01    0.32379E-01    0.14539E-02   -0.18522E-02    0.26921E-02    0.92073E-05    0.39985E-03   -0.92076E-02   -0.22810E-01    0.19989E+00   -0.14788E+00   -0.38958E-01    0.59798E-01    0.30878E-01    0.78571E+00   -0.21762E-01   -0.65203E-02   -0.24381E-01   -0.35481E-01    0.77081E-01    0.11567E+00   -0.83038E-01    0.39022E-02   -0.70637E-01    0.62963E+00    0.23438E+00   -0.51398E-01   -0.33704E-01    0.80438E-01   -0.96016E-02   -0.41566E-01   -0.11967E-01    0.30047E-02   -0.53928E-01   -0.17564E-02   -0.80229E-03    0.93207E-03   -0.81149E-03    0.17678E-02    0.34930E-03   -0.73383E-04    0.28537E-03    0.10654E-03    0.56291E-03    0.31381E-03    0.86677E-05
   -0.88799E-06   -0.37937E-05   -0.27476E-05    0.24232E-03    0.13636E-03    0.53847E-03    0.30687E-03   -0.51344E+01   -0.23506E+00    0.78825E-02    0.81842E-02    0.52927E-01    0.84278E-02   -0.28462E-02   -0.50466E-03    0.39095E-02    0.61563E-06    0.48228E-04    0.66995E-03   -0.48064E-02   -0.52507E-01    0.18335E+00   -0.29891E-01   -0.87685E-01    0.40995E-01   -0.21762E-01    0.10013E+01    0.11536E-01   -0.13397E-01   -0.53516E-02    0.51144E-01   -0.13186E-01   -0.49467E-01   -0.23755E-01    0.15288E+00   -0.87861E-01    0.26004E+00    0.78524E+00    0.29483E+00   -0.20572E+00   -0.31350E-02   -0.53239E-01   -0.88582E-02   -0.43298E-02   -0.84759E-01    0.10736E-02    0.15647E-02    0.19968E-03    0.47239E-03    0.17943E-03    0.16149E-03   -0.62825E-04    0.14218E-03    0.16334E-04    0.10261E-03    0.16943E-03    0.74238E-04
    0.26536E-05   -0.38313E-04    0.85214E-05   -0.43753E-04    0.10791E-03   -0.18093E-03   -0.12290E-03   -0.13845E+01   -0.17601E+00   -0.13589E-01    0.84708E-03   -0.10369E+00   -0.17886E-01    0.91463E-03   -0.82154E-03   -0.38123E-02    0.23847E-05   -0.33016E-05    0.37125E-02    0.27618E-01   -0.43825E-01    0.68872E-01    0.16165E+00    0.85649E-01   -0.39144E-01   -0.65203E-02    0.11536E-01    0.97654E+00    0.36398E-02   -0.86793E-02    0.74470E-01   -0.38973E-01    0.13624E+00    0.15722E+00   -0.13995E+00   -0.19856E+00    0.62693E+00    0.14407E+00   -0.59840E+00    0.17910E+00    0.83094E-02    0.12088E+00    0.15909E-01    0.12791E-01    0.13358E+00   -0.53536E-04   -0.62124E-03    0.61818E-04    0.17096E-03    0.12432E-02    0.81838E-04    0.89914E-04    0.54760E-04    0.10117E-03   -0.44695E-04    0.72185E-04    0.16194E-03
    0.21384E-05   -0.33402E-04    0.61761E-05    0.12173E-03    0.11815E-03    0.14612E-03    0.20687E-03   -0.14046E+00   -0.13441E+00   -0.15247E+00    0.10409E-01    0.25742E+00    0.34860E-02   -0.20860E-02    0.12941E-02    0.81960E-02    0.49064E-05   -0.56684E-05    0.22747E-03   -0.98876E-02   -0.63603E-02   -0.53677E-02   -0.16383E-01   -0.95021E-01    0.45621E-01   -0.24381E-01   -0.13397E-01    0.36398E-02    0.98058E+00    0.58077E-02   -0.45146E-01   -0.95765E-01   -0.14433E+00   -0.27702E-01   -0.92260E-01   -0.98892E-01    0.64021E-01   -0.53619E-01    0.29496E+00    0.67621E+00   -0.67027E-02   -0.21232E+00   -0.45523E-02   -0.11649E-01   -0.22073E+00    0.12748E-02    0.20204E-02   -0.32987E-04    0.89325E-03    0.28630E-03   -0.36374E-04    0.12693E-03    0.56239E-04    0.57207E-04   -0.70506E-05    0.33054E-04   -0.12170E-03
    0.36883E-06   -0.13725E-05    0.64861E-05   -0.42312E-04   -0.24517E-04   -0.16835E-03    0.18118E-03   -0.12333E+01    0.97773E-01    0.16874E+00    0.12800E-02   -0.18744E+00   -0.73967E-02    0.86677E-03   -0.39786E-03   -0.58094E-02    0.10470E-05    0.35908E-04    0.25302E-02    0.19617E-01   -0.67144E-01    0.32091E-01    0.81290E-01    0.44017E-01    0.79208E-01   -0.35481E-01   -0.53516E-02   -0.86793E-02    0.58077E-02    0.10101E+01   -0.59776E-01    0.78258E-01    0.28861E-01    0.14728E+00    0.93375E-02    0.10499E+00   -0.58267E+00    0.37987E+00   -0.33987E+00    0.22987E+00    0.45900E-02    0.12842E+00    0.85885E-03    0.52680E-02    0.91706E-01    0.54684E-04    0.24510E-03    0.34930E-04    0.46609E-03   -0.22938E-03   -0.10290E-03    0.91111E-05   -0.29256E-04   -0.67474E-04    0.90279E-04    0.19091E-05   -0.25495E-03
   -0.11885E-05   -0.21125E-04    0.61767E-06    0.58790E-04    0.83089E-04    0.10891E-03   -0.77852E-04    0.24374E+00   -0.11412E+00    0.18188E+00    0.12664E-01   -0.16839E+00   -0.60862E-01   -0.11994E-02    0.74202E-03   -0.69688E-02    0.39694E-05   -0.37803E-03    0.85313E-02    0.37230E-01    0.19027E-01   -0.12388E+00   -0.13587E-02    0.84117E-01    0.65402E-01    0.77081E-01    0.51144E-01    0.74470E-01   -0.45146E-01   -0.59776E-01    0.85219E+00    0.65775E-02   -0.12522E-01    0.11880E-01   -0.13107E-01    0.59769E+00    0.17180E+00    0.11574E+00    0.33410E-01   -0.95658E-01    0.18044E-01    0.24127E+00    0.38526E-01    0.15676E-01    0.21491E+00    0.76526E-03   -0.16299E-02   -0.10003E-02   -0.15905E-02   -0.45975E-03    0.10166E-03    0.29168E-03    0.11167E-03    0.34395E-03   -0.16100E-03    0.86021E-04    0.47133E-03
   -0.37387E-05    0.73718E-05    0.31598E-05   -0.11331E-03   -0.72972E-04   -0.14496E-03   -0.38809E-03    0.45111E+00    0.14539E+00    0.23317E+00   -0.16795E-01   -0.39352E+00   -0.19167E-01    0.15801E-02   -0.10835E-02   -0.10934E-01    0.49681E-05    0.26827E-04    0.17990E-02    0.41242E-01    0.37901E-01    0.92021E-02    0.33316E-01    0.11474E+00   -0.77015E-01    0.11567E+00   -0.13186E-01   -0.38973E-01   -0.95765E-01    0.78258E-01    0.65775E-02    0.96882E+00    0.71774E-02   -0.74894E-02   -0.17243E-01    0.95535E-01    0.16133E+00   -0.13026E-01    0.13120E+00    0.15694E+00    0.39805E-02    0.29470E+00    0.71902E-02    0.14548E-01    0.22578E+00   -0.12846E-02   -0.19415E-02    0.98357E-04    0.54396E-03   -0.60092E-04   -0.11221E-04    0.71871E-04    0.16820E-04   -0.13078E-03   -0.16416E-03    0.35432E-05   -0.22891E-03
    0.78470E-06    0.20951E-04    0.35569E-07   -0.70945E-04   -0.73222E-04   -0.13601E-03    0.14787E-03    0.70431E-01   -0.17540E-01   -0.17584E+00    0.18529E-01    0.72822E-01    0.18079E-01    0.28503E-03    0.90863E-04    0.72204E-03   -0.21085E-05   -0.89348E-04   -0.19961E-02   -0.38304E-01   -0.33152E-01    0.10542E-01   -0.25139E-01    0.49958E-01   -0.86175E-01   -0.83038E-01   -0.49467E-01    0.13624E+00   -0.14433E+00    0.28861E-01   -0.12522E-01    0.71774E-02    0.99036E+00    0.66403E-02    0.43373E-02   -0.10905E+00    0.52703E-01    0.16142E+00    0.30422E-01   -0.70906E-01   -0.61044E-02   -0.34222E-01    0.31738E-02   -0.18581E-02    0.17881E-01    0.58627E-03    0.15206E-03   -0.28691E-03   -0.19840E-03   -0.48240E-03   -0.74093E-04    0.40792E-04   -0.44865E-04   -0.59997E-04    0.20913E-03   -0.80276E-04    0.11527E-03
    0.17131E-06   -0.10318E-05   -0.16626E-05    0.82528E-04    0.78907E-05    0.10802E-03    0.15058E-04   -0.76303E+00    0.30686E-01    0.31742E+00   -0.15723E-01   -0.30814E+00   -0.17701E-01    0.26301E-03   -0.23914E-03   -0.72909E-02    0.16618E-05    0.19611E-04    0.19685E-02    0.43287E-01   -0.39628E-01    0.79319E-02   -0.10271E-01    0.14880E+00    0.49793E-01    0.39022E-02   -0.23755E-01    0.15722E+00   -0.27702E-01    0.14728E+00    0.11880E-01   -0.74894E-02    0.66403E-02    0.98263E+00   -0.30722E-02   -0.80970E-02    0.34316E-01    0.11735E+00   -0.25819E+00    0.12772E+00    0.62329E-02    0.24049E+00    0.16588E-01    0.15924E-01    0.11839E+00   -0.10903E-02   -0.13045E-02   -0.27330E-04    0.11092E-02   -0.36267E-02    0.71361E-04   -0.62482E-04    0.13467E-04   -0.49757E-04    0.35449E-04    0.92986E-04   -0.54810E-03
   -0.26638E-05   -0.18970E-04   -0.86289E-05   -0.78026E-04    0.77418E-05   -0.30157E-03   -0.22317E-03   -0.38269E+01    0.37912E-01    0.18383E+00   -0.60391E-02   -0.22752E+00   -0.23097E-01   -0.44978E-03   -0.49271E-03   -0.60749E-02    0.31233E-07    0.12117E-04    0.50570E-02    0.44586E-01   -0.13443E+00    0.16360E+00    0.10744E+00   -0.11235E+00    0.57705E-01   -0.70637E-01    0.15288E+00   -0.13995E+00   -0.92260E-01    0.93375E-02   -0.13107E-01   -0.17243E-01    0.43373E-02   -0.30722E-02    0.99823E+00   -0.50050E-01   -0.61587E-01    0.35587E-01    0.17865E+00   -0.89242E-01    0.34933E-02    0.15194E+00   -0.22580E-02    0.19857E-02    0.12858E+00   -0.42324E-04   -0.11892E-02   -0.68895E-04   -0.15376E-02   -0.95182E-04   -0.16400E-05   -0.80691E-04   -0.46703E-04   -0.12201E-03    0.89141E-04   -0.43413E-04   -0.75971E-04
   -0.91252E-06    0.34460E-04   -0.10529E-05    0.10007E-03    0.15571E-03    0.57040E-03    0.12602E-03   -0.69649E+00    0.14759E+00    0.16207E+00   -0.10221E-01   -0.96414E-01   -0.11357E-01    0.74295E-03   -0.75064E-03   -0.30215E-02    0.88142E-05    0.44058E-04   -0.21424E-02    0.12960E-02    0.16902E+00   -0.22911E+00   -0.45103E-01    0.96117E-01    0.90232E-01    0.62963E+00   -0.87861E-01   -0.19856E+00   -0.98892E-01    0.10499E+00    0.59769E+00    0.95535E-01   -0.10905E+00   -0.80970E-02   -0.50050E-01    0.95627E+00   -0.24237E-01    0.76297E-03    0.25564E-02   -0.22191E-01    0.44400E-02    0.12296E+00    0.13387E-01    0.10536E-01    0.94667E-01   -0.89920E-03   -0.16513E-02    0.10646E-04   -0.16290E-02    0.66490E-03    0.27254E-03    0.11333E-03    0.24768E-03    0.27050E-03    0.33248E-03    0.25871E-03    0.25400E-03
    0.10452E-06   -0.13305E-04    0.18152E-05    0.46202E-04    0.17293E-03    0.21606E-03   -0.14586E-03   -0.23520E+01   -0.18696E+00   -0.95984E-02   -0.75372E-02   -0.70411E-01   -0.13743E-01   -0.39758E-03   -0.85578E-03   -0.86097E-03    0.50005E-05    0.73080E-04    0.14569E-02    0.21636E-01    0.37359E-01    0.53043E-01    0.25616E-01    0.52851E-01   -0.75655E-01    0.23438E+00    0.26004E+00    0.62693E+00    0.64021E-01   -0.58267E+00    0.17180E+00    0.16133E+00    0.52703E-01    0.34316E-01   -0.61587E-01   -0.24237E-01    0.99512E+00    0.10058E-01    0.12766E-01   -0.14337E-01    0.19856E-02    0.81234E-01    0.10271E-01    0.11051E-01    0.72464E-01   -0.45182E-03   -0.89384E-03    0.20065E-03   -0.72481E-03    0.13092E-02    0.24426E-03    0.83738E-04    0.18739E-03    0.13678E-03    0.43553E-04    0.17892E-03    0.23877E-03
   -0.13593E-05    0.18429E-04   -0.38241E-05    0.15748E-03    0.19448E-04    0.39684E-03    0.28783E-03   -0.29061E+01   -0.21572E+00    0.97996E-01    0.24945E-01    0.20294E-01    0.34287E-02   -0.28008E-02   -0.10642E-03    0.31601E-02   -0.34159E-06   -0.44567E-04    0.33947E-02   -0.49743E-02   -0.22176E-01    0.93880E-01    0.69574E-02   -0.73168E-02    0.80082E-01   -0.51398E-01    0.78524E+00    0.14407E+00   -0.53619E-01    0.37987E+00    0.11574E+00   -0.13026E-01    0.16142E+00    0.11735E+00    0.35587E-01    0.76297E-03    0.10058E-01    0.99499E+00   -0.29231E-02   -0.11760E-01    0.15931E-02   -0.24637E-01    0.21200E-02   -0.30924E-02   -0.62076E-01    0.19744E-02    0.20626E-02   -0.18491E-03    0.10718E-02   -0.77344E-03    0.11432E-03   -0.33125E-04    0.97922E-04   -0.45530E-05    0.67600E-04    0.11301E-03   -0.43019E-04
   -0.31488E-05    0.25363E-04   -0.77667E-05    0.15043E-03   -0.39536E-04    0.38720E-03   -0.39746E-04    0.15169E+00   -0.36252E-01   -0.61590E-02    0.56959E-02    0.12090E+00   -0.92623E-02   -0.39368E-02    0.11555E-02    0.66630E-02   -0.12195E-05   -0.79478E-04    0.59206E-03   -0.10602E-02    0.27237E-01    0.10738E-01   -0.18056E+00   -0.11981E+00   -0.23873E-01   -0.33704E-01    0.29483E+00   -0.59840E+00    0.29496E+00   -0.33987E+00    0.33410E-01    0.13120E+00    0.30422E-01   -0.25819E+00    0.17865E+00    0.25564E-02    0.12766E-01   -0.29231E-02    0.96315E+00   -0.16870E-02   -0.96235E-02   -0.14306E+00    0.94613E-03   -0.13007E-01   -0.15309E+00    0.54170E-03    0.69485E-03   -0.26993E-03    0.10584E-03   -0.66409E-03    0.24041E-04    0.26308E-04    0.30320E-04   -0.12862E-04   -0.17176E-04   -0.42651E-04   -0.33269E-04
    0.23600E-05   -0.16602E-04    0.75069E-05    0.90011E-04    0.82132E-04    0.16265E-03   -0.36500E-04    0.24879E+01    0.77555E-01   -0.24670E+00    0.13980E-01    0.31592E+00    0.17995E-01   -0.16447E-02    0.10439E-02    0.99386E-02    0.51513E-05    0.19255E-05   -0.17753E-02   -0.20933E-01    0.80132E-01   -0.20889E+00    0.92075E-01    0.47410E-01    0.17667E-02    0.80438E-01   -0.20572E+00    0.17910E+00    0.67621E+00    0.22987E+00   -0.95658E-01    0.15694E+00   -0.70906E-01    0.12772E+00   -0.89242E-01   -0.22191E-01   -0.14337E-01   -0.11760E-01   -0.16870E-02    0.10020E+01   -0.10452E-01   -0.28192E+00    0.48104E-02   -0.13143E-01   -0.24909E+00    0.10980E-02    0.24834E-02    0.96999E-04    0.95845E-03   -0.40444E-03   -0.17083E-04    0.85896E-04   -0.58335E-05    0.30683E-04    0.19635E-04   -0.46574E-04   -0.20970E-03
    0.10151E-04   -0.23961E-04    0.76559E-05    0.22534E-03    0.15164E-03    0.41678E-03   -0.20098E-03    0.35452E+00    0.26673E+00    0.15822E+00    0.54204E-01   -0.36369E+00   -0.81678E-01   -0.14246E-02    0.62066E-02   -0.92269E-02    0.20064E-05    0.53784E-04    0.61762E-01    0.89645E-01   -0.12613E-01    0.16776E-02    0.56678E-03   -0.14975E-02    0.29221E-02   -0.96016E-02   -0.31350E-02    0.83094E-02   -0.67027E-02    0.45900E-02    0.18044E-01    0.39805E-02   -0.61044E-02    0.62329E-02    0.34933E-02    0.44400E-02    0.19856E-02    0.15931E-02   -0.96235E-02   -0.10452E-01    0.33743E+00    0.20151E+00    0.28533E-01    0.15127E+00    0.52259E+00    0.11806E-01    0.15636E-01   -0.45530E-02   -0.23237E-02   -0.13248E-02    0.64824E-03   -0.37489E-04    0.72837E-03    0.12773E-04   -0.54000E-03    0.17614E-03    0.14212E-02
    0.98864E-04   -0.42487E-03    0.74789E-04    0.14806E-02    0.18940E-02    0.18915E-02    0.73361E-04   -0.66092E+00   -0.16998E+01    0.17568E+02   -0.20284E+00   -0.11798E+02   -0.80623E+00   -0.14847E+00    0.50470E-03   -0.18951E+00   -0.77771E-05    0.24432E-03    0.14280E+00    0.13970E+01   -0.19017E+00    0.11544E+00    0.22340E-01    0.21778E-01    0.32086E-01   -0.41566E-01   -0.53239E-01    0.12088E+00   -0.21232E+00    0.12842E+00    0.24127E+00    0.29470E+00   -0.34222E-01    0.24049E+00    0.15194E+00    0.12296E+00    0.81234E-01   -0.24637E-01   -0.14306E+00   -0.28192E+00    0.20151E+00    0.15891E+02    0.20161E+00    0.41144E+00    0.55552E+01   -0.10032E-01   -0.38023E-01   -0.10696E-01    0.70851E-02    0.11909E-01    0.21043E-02    0.21320E-01    0.23879E-02    0.13701E-01   -0.30827E-03    0.37576E-02   -0.85003E-02
    0.21532E-04   -0.41717E-04   -0.25869E-05    0.86885E-03    0.27347E-03    0.17861E-02    0.42056E-03    0.52506E+01    0.91922E+00   -0.88161E+00   -0.21271E+00   -0.12551E+00   -0.80559E+00   -0.80635E-02   -0.13804E-01    0.22904E-02    0.36764E-05    0.52603E-04    0.73468E-02    0.35158E+00   -0.24857E-01   -0.75450E-02   -0.43599E-03    0.95446E-02   -0.50701E-03   -0.11967E-01   -0.88582E-02    0.15909E-01   -0.45523E-02    0.85885E-03    0.38526E-01    0.71902E-02    0.31738E-02    0.16588E-01   -0.22580E-02    0.13387E-01    0.10271E-01    0.21200E-02    0.94613E-03    0.48104E-02    0.28533E-01    0.20161E+00    0.22658E+01    0.69323E-03    0.28665E+00   -0.92757E-01   -0.10760E+00   -0.41136E-02    0.22024E-02    0.12980E-02   -0.43112E-03    0.14834E-02   -0.46588E-03    0.14334E-02    0.27940E-03    0.41735E-04    0.68670E-03
    0.21027E-04   -0.66453E-04    0.10981E-04    0.42257E-03    0.32849E-03    0.69894E-03    0.16976E-03   -0.47334E+00   -0.26553E+00    0.53328E+00   -0.23522E-01   -0.74243E+00   -0.10946E+00   -0.35800E-02    0.35051E-02   -0.11115E-01    0.13097E-05    0.32983E-04    0.57761E-01    0.25770E+00   -0.12602E-01    0.37989E-03    0.20131E-02    0.89064E-02   -0.34491E-03    0.30047E-02   -0.43298E-02    0.12791E-01   -0.11649E-01    0.52680E-02    0.15676E-01    0.14548E-01   -0.18581E-02    0.15924E-01    0.19857E-02    0.10536E-01    0.11051E-01   -0.30924E-02   -0.13007E-01   -0.13143E-01    0.15127E+00    0.41144E+00    0.69323E-03    0.24279E+00    0.38587E+00    0.63687E-02    0.14272E-01   -0.53045E-04   -0.81819E-04    0.30703E-02    0.22176E-03   -0.29825E-04    0.18325E-03   -0.84766E-04    0.30802E-03    0.34340E-03    0.12936E-03
    0.96801E-04   -0.37422E-03    0.79905E-04    0.15798E-02    0.16012E-02    0.21443E-02   -0.11376E-02    0.23440E+01   -0.10628E+01    0.82784E+01   -0.21873E-01   -0.75287E+01   -0.11245E+01   -0.10262E+00    0.73402E-02   -0.13575E+00   -0.41091E-05    0.39236E-03    0.20502E+00    0.17388E+01   -0.20380E+00    0.10217E+00    0.34797E-01    0.72315E-02    0.20882E-01   -0.53928E-01   -0.84759E-01    0.13358E+00   -0.22073E+00    0.91706E-01    0.21491E+00    0.22578E+00    0.17881E-01    0.11839E+00    0.12858E+00    0.94667E-01    0.72464E-01   -0.62076E-01   -0.15309E+00   -0.24909E+00    0.52259E+00    0.55552E+01    0.28665E+00    0.38587E+00    0.16853E+02    0.26457E-02   -0.52299E-01   -0.25208E-01   -0.20617E-02   -0.29765E-02    0.22092E-02    0.20763E-02    0.23777E-02    0.13107E-02    0.48293E-03    0.59061E-02    0.30549E-01
   -0.33881E-06    0.71779E-06    0.45372E-08   -0.22610E-04   -0.12142E-04   -0.53072E-04   -0.50167E-04   -0.74173E-01    0.74896E-02   -0.44444E-01    0.48591E-01    0.57648E-01    0.44333E-01    0.40657E-03    0.13880E-03   -0.57166E-03   -0.23209E-06    0.53095E-05    0.44845E-02   -0.49169E-01   -0.35233E-03   -0.89360E-03    0.38862E-03   -0.24380E-03    0.10714E-02   -0.17564E-02    0.10736E-02   -0.53536E-04    0.12748E-02    0.54684E-04    0.76526E-03   -0.12846E-02    0.58627E-03   -0.10903E-02   -0.42324E-04   -0.89920E-03   -0.45182E-03    0.19744E-02    0.54170E-03    0.10980E-02    0.11806E-01   -0.10032E-01   -0.92757E-01    0.63687E-02    0.26457E-02    0.84867E-02    0.78442E-02   -0.18781E-03   -0.18095E-03   -0.25052E-04    0.17481E-04   -0.22558E-04    0.17628E-04   -0.22899E-04   -0.78559E-04    0.39333E-04    0.12544E-03
