# omegam omegab H0 A ns DES_b1 DES_b2 DES_b3 DES_b4 DES_b5 DES_m1 DES_m2 DES_m3 DES_m4 DES_AIA DES_alphaIA DES_DzL1 DES_DzL2 DES_DzL3 DES_DzL4 DES_DzL5 DES_DzS1 DES_DzS2 DES_DzS3 DES_DzS4
  7.9226021E-04   4.9682422E-05  -1.4519948E-01  -2.4426518E-03  -6.5790791E-04   1.6793430E-03   1.7488758E-03   1.6702002E-03   1.9571120E-03   1.9875175E-03  -2.0472993E-06  -1.8320660E-05  -6.7965083E-05  -6.4135971E-05  -7.2710195E-04  -7.0326284E-03   3.3512268E-06   5.6197540E-06   5.1768420E-06  -1.1611370E-05  -1.6321876E-05   6.9347034E-07  -1.4432131E-05  -3.1310142E-05  -4.7810907E-05
  4.9682422E-05   1.0873508E-04   5.0984835E-02  -1.3801886E-03   1.7763996E-05   1.4626572E-04   1.4393567E-04   1.4907249E-04   1.7344753E-04   1.7911977E-04  -4.0116701E-06  -1.8428122E-06  -1.3989140E-06  -2.4473569E-06  -4.8543022E-05  -3.4619878E-04   1.3227109E-06   1.0752499E-06   6.1472454E-07  -3.2748541E-06  -3.3714622E-06  -4.9846664E-07  -4.7240907E-07  -3.4148859E-06  -2.4654951E-06
 -1.4519948E-01   5.0984835E-02   9.4002027E+01  -2.2896505E+00  -8.1298325E-02  -3.1441762E-01  -3.3687142E-01  -3.2094420E-01  -3.6679239E-01  -3.5791606E-01  -1.7184819E-03   3.6962226E-03   8.0327046E-03   7.8150689E-03   1.4899552E-01   1.1185290E+00  -1.1896087E-04  -5.1330570E-04  -8.7342740E-04   1.5179956E-03   2.5953145E-03  -9.0145526E-04   2.4439582E-03   3.4618839E-03   6.1921220E-03
 -2.4426518E-03  -1.3801886E-03  -2.2896505E+00   1.6212471E-01   1.7832977E-02  -5.0222681E-03  -5.4951432E-03  -4.9023128E-03  -6.3518704E-03  -7.1268654E-03   2.7606920E-05  -1.4274858E-05   3.8675336E-04   3.1277592E-04   1.6081992E-03   1.9824146E-02  -2.1155885E-06  -3.1777750E-05   7.9788674E-06   2.0179077E-05   1.2125374E-05   4.2565923E-05   7.2596619E-05   1.0534378E-04   1.4822109E-04
 -6.5790791E-04   1.7763996E-05  -8.1298325E-02   1.7832977E-02   3.1066486E-03  -1.4163245E-03  -1.5823717E-03  -1.4241586E-03  -1.6668455E-03  -1.5848701E-03  -6.0124018E-06  -2.0568096E-06   5.1695469E-05   3.7071568E-05   7.2119649E-04   4.7159382E-03  -2.1128638E-06  -5.9435540E-06  -7.2303513E-07   2.7005279E-07   3.2657764E-06   5.0758952E-06   1.1521141E-05   8.9165060E-06   5.0195571E-06
  1.6793430E-03   1.4626572E-04  -3.1441762E-01  -5.0222681E-03  -1.4163245E-03   9.2849536E-03   4.2487198E-03   4.0963276E-03   4.7437613E-03   4.7738338E-03  -1.9458202E-05  -9.5482494E-06  -3.4986550E-05  -8.7665006E-05  -2.0986705E-03  -1.2023060E-03   1.3541631E-04   1.4240249E-05   1.1472310E-05  -2.8029045E-05  -2.7436255E-05   1.6316558E-05  -1.7639785E-05  -4.1229155E-05  -5.2471584E-05
  1.7488758E-03   1.4393567E-04  -3.3687142E-01  -5.4951432E-03  -1.5823717E-03   4.2487198E-03   7.0933234E-03   4.3718921E-03   5.1021743E-03   5.0664341E-03  -1.7102591E-05  -1.9136810E-05  -6.4951527E-05  -5.3951502E-05  -2.0484035E-03  -8.6452818E-03   7.5008739E-06   7.5392700E-05   3.7551842E-06  -1.4180908E-05  -3.0866076E-05   1.9493640E-06  -1.5892549E-05  -2.6087814E-05  -2.2298723E-05
  1.6702002E-03   1.4907249E-04  -3.2094420E-01  -4.9023128E-03  -1.4241586E-03   4.0963276E-03   4.3718921E-03   5.8230323E-03   4.8800870E-03   4.8916978E-03  -4.0403442E-07  -2.0069376E-05  -6.2826314E-05  -6.9196960E-05  -1.6670738E-03  -1.0064690E-02   5.3333062E-06   1.2690453E-05   6.2798646E-05  -2.2619116E-05  -3.5775418E-05  -3.9138963E-06  -2.3407989E-05  -2.4222034E-05  -2.4325785E-05
  1.9571120E-03   1.7344753E-04  -3.6679239E-01  -6.3518704E-03  -1.6668455E-03   4.7437613E-03   5.1021743E-03   4.8800870E-03   7.9482175E-03   5.7230368E-03  -7.3571090E-06  -4.2914407E-05  -1.0278209E-04  -9.0519072E-05  -2.2178837E-03  -1.6923938E-02   8.9950162E-07   1.4110711E-05   5.8703748E-06   7.7451582E-05  -3.5555629E-05  -8.2838675E-08  -2.7692880E-05  -2.4878126E-05  -6.4118404E-06
  1.9875175E-03   1.7911977E-04  -3.5791606E-01  -7.1268654E-03  -1.5848701E-03   4.7738338E-03   5.0664341E-03   4.8916978E-03   5.7230368E-03   1.0888806E-02   2.1207522E-06  -2.8407008E-05  -9.9433868E-05  -1.0471582E-04  -2.1277098E-03  -1.8237685E-02   5.1100357E-06   8.5891419E-06   2.4502671E-06  -3.8256681E-05   8.9303472E-05   2.2723190E-06  -3.0030980E-05  -4.8153870E-05  -4.9433360E-05
 -2.0472993E-06  -4.0116701E-06  -1.7184819E-03   2.7606920E-05  -6.0124018E-06  -1.9458202E-05  -1.7102591E-05  -4.0403442E-07  -7.3571090E-06   2.1207522E-06   5.1837393E-04   7.5419573E-06   1.4973006E-06   7.5776542E-07   7.6324174E-05  -2.5745096E-03   1.8955200E-06  -1.4039593E-07  -1.4580716E-06   3.2596930E-07   1.6448544E-06  -1.7283983E-05   2.7372913E-06   1.6034956E-06   2.0196241E-06
 -1.8320660E-05  -1.8428122E-06   3.6962226E-03  -1.4274858E-05  -2.0568096E-06  -9.5482494E-06  -1.9136810E-05  -2.0069376E-05  -4.2914407E-05  -2.8407008E-05   7.5419573E-06   5.1142145E-04   8.9381101E-06   5.4423717E-06   2.6171064E-04  -2.1709492E-03   1.3879993E-06   2.4829826E-06   4.0976860E-07   2.5602875E-06   9.8767279E-07   1.1740908E-05  -2.2570634E-05   1.6788416E-06   7.3964276E-06
 -6.7965083E-05  -1.3989140E-06   8.0327046E-03   3.8675336E-04   5.1695469E-05  -3.4986550E-05  -6.4951527E-05  -6.2826314E-05  -1.0278209E-04  -9.9433868E-05   1.4973006E-06   8.9381101E-06   4.4767561E-04   3.2713077E-05  -4.4771676E-05   2.8586258E-03  -7.8944619E-07   2.8737354E-06   2.7073010E-06   4.2148961E-06   3.9868906E-06   2.2964121E-06   9.1166392E-06  -2.8146376E-05   2.5296533E-05
 -6.4135971E-05  -2.4473569E-06   7.8150689E-03   3.1277592E-04   3.7071568E-05  -8.7665006E-05  -5.3951502E-05  -6.9196960E-05  -9.0519072E-05  -1.0471582E-04   7.5776542E-07   5.4423717E-06   3.2713077E-05   4.6623285E-04  -1.2381010E-04   1.4581969E-03  -2.3970634E-06  -1.8680632E-06   2.1785569E-07   2.7237708E-06   4.8817337E-06  -1.0415712E-06   5.1640632E-06   1.3745399E-05  -6.0114002E-05
 -7.2710195E-04  -4.8543022E-05   1.4899552E-01   1.6081992E-03   7.2119649E-04  -2.0986705E-03  -2.0484035E-03  -1.6670738E-03  -2.2178837E-03  -2.1277098E-03   7.6324174E-05   2.6171064E-04  -4.4771676E-05  -1.2381010E-04   3.5247616E-02   1.3163244E-01  -7.6252237E-05  -8.9786533E-05   3.2454369E-05  -1.8313212E-04  -2.9916422E-05   2.1147268E-04   3.0343111E-04   1.9955234E-04  -2.6927313E-05
 -7.0326284E-03  -3.4619878E-04   1.1185290E+00   1.9824146E-02   4.7159382E-03  -1.2023060E-03  -8.6452818E-03  -1.0064690E-02  -1.6923938E-02  -1.8237685E-02  -2.5745096E-03  -2.1709492E-03   2.8586258E-03   1.4581969E-03   1.3163244E-01   6.2818714E+00   1.3640532E-03   1.0331502E-03   2.9908786E-04  -1.1251179E-03  -3.3075781E-04  -9.2509158E-03  -1.3859540E-03   1.8415176E-03   1.8985607E-03
  3.3512268E-06   1.3227109E-06  -1.1896087E-04  -2.1155885E-06  -2.1128638E-06   1.3541631E-04   7.5008739E-06   5.3333062E-06   8.9950162E-07   5.1100357E-06   1.8955200E-06   1.3879993E-06  -7.8944619E-07  -2.3970634E-06  -7.6252237E-05   1.3640532E-03   5.8810387E-05   1.3631873E-06   2.9064821E-07   7.1312894E-08  -3.9404016E-07   7.2969095E-06   3.7276629E-07   7.2380654E-07  -6.1265646E-07
  5.6197540E-06   1.0752499E-06  -5.1330570E-04  -3.1777750E-05  -5.9435540E-06   1.4240249E-05   7.5392700E-05   1.2690453E-05   1.4110711E-05   8.5891419E-06  -1.4039593E-07   2.4829826E-06   2.8737354E-06  -1.8680632E-06  -8.9786533E-05   1.0331502E-03   1.3631873E-06   4.5619932E-05   7.7833546E-07   6.4957998E-07   7.6416183E-07   1.1042169E-06   4.6145360E-06   7.8544513E-07   9.7784600E-07
  5.1768420E-06   6.1472454E-07  -8.7342740E-04   7.9788674E-06  -7.2303513E-07   1.1472310E-05   3.7551842E-06   6.2798646E-05   5.8703748E-06   2.4502671E-06  -1.4580716E-06   4.0976860E-07   2.7073010E-06   2.1785569E-07   3.2454369E-05   2.9908786E-04   2.9064821E-07   7.7833546E-07   4.3848442E-05   1.3617780E-06  -6.6722508E-07  -2.7160064E-06   5.3444336E-06   4.6239404E-06   1.9548425E-06
 -1.1611370E-05  -3.2748541E-06   1.5179956E-03   2.0179077E-05   2.7005279E-07  -2.8029045E-05  -1.4180908E-05  -2.2619116E-05   7.7451582E-05  -3.8256681E-05   3.2596930E-07   2.5602875E-06   4.2148961E-06   2.7237708E-06  -1.8313212E-04  -1.1251179E-03   7.1312894E-08   6.4957998E-07   1.3617780E-06   8.4385563E-05   1.4327592E-06  -4.4291819E-07   1.4449301E-07   8.5432341E-06   1.1704987E-05
 -1.6321876E-05  -3.3714622E-06   2.5953145E-03   1.2125374E-05   3.2657764E-06  -2.7436255E-05  -3.0866076E-05  -3.5775418E-05  -3.5555629E-05   8.9303472E-05   1.6448544E-06   9.8767279E-07   3.9868906E-06   4.8817337E-06  -2.9916422E-05  -3.3075781E-04  -3.9404016E-07   7.6416183E-07  -6.6722508E-07   1.4327592E-06   9.5157756E-05   6.8697560E-07   4.9822504E-07   5.4509860E-07   1.0572682E-05
  6.9347034E-07  -4.9846664E-07  -9.0145526E-04   4.2565923E-05   5.0758952E-06   1.6316558E-05   1.9493640E-06  -3.9138963E-06  -8.2838675E-08   2.2723190E-06  -1.7283983E-05   1.1740908E-05   2.2964121E-06  -1.0415712E-06   2.1147268E-04  -9.2509158E-03   7.2969095E-06   1.1042169E-06  -2.7160064E-06  -4.4291819E-07   6.8697560E-07   2.1332827E-04   1.3986567E-05  -6.4060573E-07   1.9897577E-06
 -1.4432131E-05  -4.7240907E-07   2.4439582E-03   7.2596619E-05   1.1521141E-05  -1.7639785E-05  -1.5892549E-05  -2.3407989E-05  -2.7692880E-05  -3.0030980E-05   2.7372913E-06  -2.2570634E-05   9.1166392E-06   5.1640632E-06   3.0343111E-04  -1.3859540E-03   3.7276629E-07   4.6145360E-06   5.3444336E-06   1.4449301E-07   4.9822504E-07   1.3986567E-05   1.2168989E-04   3.9717660E-06   3.6288103E-06
 -3.1310142E-05  -3.4148859E-06   3.4618839E-03   1.0534378E-04   8.9165060E-06  -4.1229155E-05  -2.6087814E-05  -2.4222034E-05  -2.4878126E-05  -4.8153870E-05   1.6034956E-06   1.6788416E-06  -2.8146376E-05   1.3745399E-05   1.9955234E-04   1.8415176E-03   7.2380654E-07   7.8544513E-07   4.6239404E-06   8.5432341E-06   5.4509860E-07  -6.4060573E-07   3.9717660E-06   9.4797987E-05   1.9042096E-05
 -4.7810907E-05  -2.4654951E-06   6.1921220E-03   1.4822109E-04   5.0195571E-06  -5.2471584E-05  -2.2298723E-05  -2.4325785E-05  -6.4118404E-06  -4.9433360E-05   2.0196241E-06   7.3964276E-06   2.5296533E-05  -6.0114002E-05  -2.6927313E-05   1.8985607E-03  -6.1265646E-07   9.7784600E-07   1.9548425E-06   1.1704987E-05   1.0572682E-05   1.9897577E-06   3.6288103E-06   1.9042096E-05   3.4817144E-04
