# omegabh2 omegach2 theta tau ns nrun logA aps100 aps143 aps217 acib143 acib217 asz143 psr cibr ncib cal0 cal2 xi aksz bm_1_1 a_ps_act_148 a_ps_act_217 a_ps_spt_95 a_ps_spt_150 a_ps_spt_220 r_ps_spt_95x150 r_ps_spt_95x220 r_ps_150x220 act_dust_s act_dust_e cal_acts_148 cal_acts_217 cal_acte_148 cal_acte_217 cal_spt_95 cal_spt_150 cal_spt_220
    0.85112E-07   -0.36335E-06    0.82250E-07    0.16431E-05    0.88539E-06   -0.86461E-06    0.27975E-05    0.24049E-03   -0.47697E-03   -0.45659E-03    0.53617E-05    0.43809E-04    0.11913E-04   -0.59875E-06   -0.27802E-06    0.56688E-06    0.17819E-08   -0.65503E-08   -0.15812E-05   -0.35658E-04   -0.28143E-05    0.83334E-05    0.58121E-04    0.16050E-04    0.17852E-04    0.70612E-04    0.13873E-06   -0.13807E-06   -0.13895E-06   -0.37576E-06   -0.33778E-06    0.26168E-06    0.34650E-06    0.24885E-06    0.31965E-06    0.55261E-06    0.55301E-06    0.46483E-06
   -0.36335E-06    0.72737E-05   -0.74515E-06   -0.10734E-04   -0.16364E-04   -0.35992E-05   -0.29334E-05    0.94482E-02    0.41634E-02    0.35924E-02   -0.48083E-04   -0.20189E-03   -0.10577E-03    0.41341E-05    0.26974E-05   -0.63113E-06   -0.31254E-07    0.11692E-06    0.11958E-04    0.90638E-04    0.19154E-03   -0.45525E-04   -0.47077E-03   -0.57865E-04   -0.87359E-04   -0.46100E-03   -0.16897E-05   -0.54283E-06   -0.40090E-06    0.85011E-05   -0.11574E-06   -0.22110E-05   -0.26698E-05   -0.21807E-05   -0.25499E-05   -0.44558E-05   -0.40360E-05   -0.35251E-05
    0.82250E-07   -0.74515E-06    0.40226E-06    0.16598E-05    0.21346E-05    0.35475E-07    0.18787E-05   -0.28395E-03   -0.41708E-03   -0.43004E-03    0.95549E-05    0.40316E-04    0.11994E-04   -0.35527E-06   -0.22146E-06    0.18923E-06    0.33145E-08   -0.52010E-08   -0.34464E-06   -0.18204E-04   -0.13756E-04    0.79182E-05    0.55898E-04    0.87178E-05    0.13386E-04    0.70005E-04    0.52321E-06    0.24152E-06   -0.81753E-07   -0.75951E-06   -0.66487E-06    0.28527E-06    0.28731E-06    0.25730E-06    0.32503E-06    0.52933E-06    0.50832E-06    0.44551E-06
    0.16431E-05   -0.10734E-04    0.16598E-05    0.23791E-03    0.30137E-04   -0.50895E-04    0.46038E-03    0.11493E-02   -0.30559E-02   -0.46603E-02    0.72484E-04    0.13769E-02    0.49542E-04    0.60108E-05   -0.11244E-04    0.19614E-04    0.74854E-07    0.36835E-07   -0.17690E-04   -0.11675E-02   -0.30958E-04    0.23784E-03    0.74884E-04    0.66954E-03    0.34129E-03    0.10445E-02   -0.47187E-05   -0.12437E-04   -0.48234E-05    0.39171E-05   -0.34942E-04    0.17699E-05    0.44142E-05    0.21021E-05    0.40058E-05    0.57740E-05    0.81212E-05    0.62755E-05
    0.88539E-06   -0.16364E-04    0.21346E-05    0.30137E-04    0.53800E-04    0.17299E-04    0.13630E-04   -0.53520E-01   -0.25194E-01   -0.18319E-01    0.16035E-03    0.20532E-02    0.97277E-03   -0.38944E-04   -0.10677E-04    0.41916E-04    0.33354E-07    0.21306E-06   -0.16936E-03   -0.16844E-02   -0.45353E-03    0.19084E-03    0.13956E-02    0.35551E-03    0.38696E-03    0.11247E-02   -0.37581E-05   -0.10463E-04   -0.68290E-07   -0.25650E-04   -0.61773E-05    0.11785E-04    0.11696E-04    0.11859E-04    0.11075E-04    0.21407E-04    0.18429E-04    0.12848E-04
   -0.86461E-06   -0.35992E-05    0.35475E-07   -0.50895E-04    0.17299E-04    0.72989E-04   -0.13076E-03   -0.56097E-01   -0.21718E-01   -0.15412E-01    0.61826E-04    0.15782E-02    0.80868E-03   -0.40442E-04   -0.45437E-05    0.34634E-04    0.33887E-08   -0.78582E-07   -0.15849E-03   -0.13369E-02   -0.70898E-03    0.89414E-04    0.11178E-02    0.20321E-03    0.23755E-03    0.52804E-03   -0.94553E-05   -0.14750E-04    0.11803E-05   -0.28056E-04    0.16114E-05    0.95223E-05    0.87654E-05    0.10496E-04    0.90732E-05    0.17306E-04    0.13798E-04    0.90038E-05
    0.27975E-05   -0.29334E-05    0.18787E-05    0.46038E-03    0.13630E-04   -0.13076E-03    0.94972E-03    0.38145E-01    0.62698E-02    0.16055E-02   -0.78434E-06    0.27224E-02   -0.11685E-03    0.28977E-04   -0.17553E-04    0.49778E-04    0.11190E-06    0.10148E-05   -0.34785E-04   -0.23159E-02    0.11400E-02    0.34512E-03   -0.16516E-02    0.11934E-02    0.40049E-03    0.37410E-03   -0.16095E-04   -0.32162E-04   -0.11533E-04    0.39059E-04   -0.71051E-04   -0.24446E-05    0.83463E-06   -0.21114E-05    0.26918E-06   -0.17596E-05    0.42833E-05    0.16963E-05
    0.24049E-03    0.94482E-02   -0.28395E-03    0.11493E-02   -0.53520E-01   -0.56097E-01    0.38145E-01    0.28124E+04    0.94213E+02    0.24649E+02    0.26512E+00    0.54839E+01   -0.10051E+02   -0.29941E-01   -0.77286E-01    0.14741E+00    0.52755E-03   -0.39861E-02    0.82051E+00    0.65712E+01    0.19899E+02    0.29566E-02   -0.77271E+01    0.49804E+01   -0.10116E+01   -0.25115E+01   -0.50802E-01   -0.35171E+00   -0.71935E-01    0.40526E-01   -0.13173E-02   -0.28970E-01   -0.14883E-02   -0.28534E-01    0.20996E-03   -0.67245E-01   -0.34066E-01   -0.32880E-03
   -0.47697E-03    0.41634E-02   -0.41708E-03   -0.30559E-02   -0.25194E-01   -0.21718E-01    0.62698E-02    0.94213E+02    0.72034E+02    0.21920E+02    0.10746E-01   -0.11527E+01   -0.23346E+01    0.45033E-01    0.79951E-02   -0.49368E-01   -0.14581E-04   -0.60478E-03    0.23001E+00    0.11238E+01    0.15386E+00    0.21405E+00   -0.12246E+01    0.93891E+00   -0.28219E+00   -0.47968E+00   -0.37720E-02   -0.62652E-01   -0.27789E-01    0.28852E-01    0.14702E-01   -0.15357E-01   -0.10128E-01   -0.15849E-01   -0.96662E-02   -0.29657E-01   -0.22328E-01   -0.11130E-01
   -0.45659E-03    0.35924E-02   -0.43004E-03   -0.46603E-02   -0.18319E-01   -0.15412E-01    0.16055E-02    0.24649E+02    0.21920E+02    0.97993E+02   -0.95223E+00   -0.35723E+02    0.70167E+00   -0.33685E+00   -0.21941E-01   -0.41560E+00    0.93647E-05    0.45211E-04    0.25273E-01    0.40970E+00    0.16975E+00    0.33623E+00    0.20124E+02   -0.10642E+01    0.67685E+00    0.11171E+02   -0.30075E-01   -0.66787E-01   -0.23270E-02    0.29990E-01    0.32663E-01   -0.86488E-02   -0.29442E-01   -0.78923E-02   -0.33330E-01   -0.13232E-01   -0.13301E-01   -0.58651E-01
    0.53617E-05   -0.48083E-04    0.95549E-05    0.72484E-04    0.16035E-03    0.61826E-04   -0.78434E-06    0.26512E+00    0.10746E-01   -0.95223E+00    0.67246E+00    0.11725E+01    0.52422E+00    0.39163E-03   -0.20564E-02   -0.34446E-04   -0.13260E-05    0.13161E-04    0.57493E-02   -0.87892E+00    0.78322E-02    0.28674E-01   -0.23308E+00   -0.15207E+00   -0.58518E-01   -0.12230E+00    0.47925E-01    0.46891E-01   -0.55213E-02   -0.11507E-02   -0.19927E-02    0.12198E-03    0.30901E-03    0.12255E-03    0.28077E-03   -0.45035E-03    0.57966E-03    0.17805E-02
    0.43809E-04   -0.20189E-03    0.40316E-04    0.13769E-02    0.20532E-02    0.15782E-02    0.27224E-02    0.54839E+01   -0.11527E+01   -0.35723E+02    0.11725E+01    0.24162E+02    0.16748E+01    0.19203E+00    0.16636E-01    0.32186E+00    0.53654E-05   -0.31902E-04   -0.37952E+00   -0.40322E+01    0.17814E+00   -0.57015E+00   -0.15369E+02    0.19082E+00   -0.97877E+00   -0.11066E+02    0.46522E-01    0.58920E-01   -0.89079E-02   -0.87816E-02   -0.57341E-02   -0.30988E-03    0.63870E-02   -0.98397E-03    0.89768E-02    0.12138E-02   -0.18585E-02    0.20842E-01
    0.11913E-04   -0.10577E-03    0.11994E-04    0.49542E-04    0.97277E-03    0.80868E-03   -0.11685E-03   -0.10051E+02   -0.23346E+01    0.70167E+00    0.52422E+00    0.16748E+01    0.18453E+01    0.13095E-01    0.16259E-01    0.15230E-01    0.35808E-05   -0.65995E-04   -0.19485E+00   -0.22682E+01    0.50489E-01   -0.11804E+00   -0.75786E+00   -0.67807E+00   -0.13340E+00   -0.12944E+01    0.38645E-01    0.63060E-01   -0.24194E-02   -0.15248E-02    0.18345E-03    0.61882E-03   -0.26476E-02    0.56865E-03   -0.25534E-02    0.36921E-02    0.50530E-03   -0.23059E-02
   -0.59875E-06    0.41341E-05   -0.35527E-06    0.60108E-05   -0.38944E-04   -0.40442E-04    0.28977E-04   -0.29941E-01    0.45033E-01   -0.33685E+00    0.39163E-03    0.19203E+00    0.13095E-01    0.44844E-02   -0.10408E-03    0.18570E-02   -0.50178E-07    0.75098E-06   -0.90403E-03   -0.11039E-01    0.45537E-04   -0.69142E-03   -0.13619E+00   -0.64566E-02   -0.23402E-02   -0.93575E-01    0.21704E-03    0.13945E-02    0.39359E-03    0.90878E-04    0.16358E-03   -0.32729E-04   -0.44137E-05   -0.42502E-04    0.31358E-04    0.10692E-04   -0.54054E-04    0.17548E-03
   -0.27802E-06    0.26974E-05   -0.22146E-06   -0.11244E-04   -0.10677E-04   -0.45437E-05   -0.17553E-04   -0.77286E-01    0.79951E-02   -0.21941E-01   -0.20564E-02    0.16636E-01    0.16259E-01   -0.10408E-03    0.21982E-02   -0.16873E-03    0.43445E-07    0.35174E-06   -0.28298E-03   -0.90186E-02    0.22695E-03    0.54611E-02    0.28013E-02   -0.98030E-02    0.31504E-02    0.42049E-02    0.11866E-03    0.13057E-02   -0.39988E-03   -0.20163E-03   -0.11630E-03    0.31089E-05    0.25874E-04    0.80076E-05    0.24393E-04    0.52582E-04    0.25219E-05    0.64420E-04
    0.56688E-06   -0.63113E-06    0.18923E-06    0.19614E-04    0.41916E-04    0.34634E-04    0.49778E-04    0.14741E+00   -0.49368E-01   -0.41560E+00   -0.34446E-04    0.32186E+00    0.15230E-01    0.18570E-02   -0.16873E-03    0.65484E-02   -0.53986E-08   -0.62425E-05   -0.50298E-02   -0.30087E-01    0.59366E-02   -0.11457E-01   -0.25781E+00    0.29031E-02   -0.14109E-01   -0.20692E+00   -0.35159E-03    0.26809E-03    0.32832E-03   -0.62815E-04   -0.23822E-04    0.10095E-04    0.18883E-04   -0.18409E-05    0.57347E-04    0.92381E-04   -0.20498E-04    0.14988E-03
    0.17819E-08   -0.31254E-07    0.33145E-08    0.74854E-07    0.33354E-07    0.33887E-08    0.11190E-06    0.52755E-03   -0.14581E-04    0.93647E-05   -0.13260E-05    0.53654E-05    0.35808E-05   -0.50178E-07    0.43445E-07   -0.53986E-08    0.15798E-06    0.10259E-07   -0.56122E-06   -0.78668E-05   -0.20474E-04   -0.96453E-06    0.34665E-05    0.15339E-05   -0.18224E-05   -0.13140E-04   -0.21253E-06   -0.65357E-06   -0.44157E-07   -0.25820E-06   -0.51382E-06    0.68029E-08    0.20898E-07    0.61003E-08    0.27354E-07    0.36976E-07    0.20686E-07   -0.26283E-08
   -0.65503E-08    0.11692E-06   -0.52010E-08    0.36835E-07    0.21306E-06   -0.78582E-07    0.10148E-05   -0.39861E-02   -0.60478E-03    0.45211E-04    0.13161E-04   -0.31902E-04   -0.65995E-04    0.75098E-06    0.35174E-06   -0.62425E-05    0.10259E-07    0.18172E-05    0.11907E-04    0.51732E-04    0.10989E-03    0.30929E-04    0.23835E-03    0.42836E-04    0.27081E-04    0.27489E-03   -0.13482E-06   -0.16597E-05   -0.92707E-06    0.26776E-05   -0.11797E-05    0.55957E-06    0.89088E-06    0.55851E-06    0.75371E-06    0.27501E-07    0.56554E-06    0.90563E-06
   -0.15812E-05    0.11958E-04   -0.34464E-06   -0.17690E-04   -0.16936E-03   -0.15849E-03   -0.34785E-04    0.82051E+00    0.23001E+00    0.25273E-01    0.57493E-02   -0.37952E+00   -0.19485E+00   -0.90403E-03   -0.28298E-03   -0.50298E-02   -0.56122E-06    0.11907E-04    0.67856E-01    0.38561E+00   -0.72985E-02    0.63769E-01    0.17316E+00    0.89008E-02    0.58609E-01    0.24639E+00    0.45671E-02    0.91186E-02    0.12206E-02    0.14962E-04   -0.29701E-03    0.65415E-05    0.25939E-03    0.46982E-05    0.24463E-03   -0.28652E-03    0.21222E-03    0.57714E-03
   -0.35658E-04    0.90638E-04   -0.18204E-04   -0.11675E-02   -0.16844E-02   -0.13369E-02   -0.23159E-02    0.65712E+01    0.11238E+01    0.40970E+00   -0.87892E+00   -0.40322E+01   -0.22682E+01   -0.11039E-01   -0.90186E-02   -0.30087E-01   -0.78668E-05    0.51732E-04    0.38561E+00    0.45297E+01   -0.58099E-01    0.14611E+00    0.13869E+01    0.20920E+00    0.30091E+00    0.20072E+01   -0.40776E-01   -0.18790E-01    0.19474E-01   -0.45156E-02   -0.58907E-02    0.32640E-03    0.27658E-02    0.43715E-03    0.27651E-02   -0.62084E-03    0.14309E-02    0.32529E-02
   -0.28143E-05    0.19154E-03   -0.13756E-04   -0.30958E-04   -0.45353E-03   -0.70898E-03    0.11400E-02    0.19899E+02    0.15386E+00    0.16975E+00    0.78322E-02    0.17814E+00    0.50489E-01    0.45537E-04    0.22695E-03    0.59366E-02   -0.20474E-04    0.10989E-03   -0.72985E-02   -0.58099E-01    0.31674E+00   -0.73753E-02   -0.18034E+00   -0.17640E-01   -0.12605E-01   -0.18118E+00    0.53951E-03    0.15956E-02    0.21632E-03    0.52119E-03   -0.65606E-03    0.14193E-03   -0.12250E-03    0.10584E-03   -0.10570E-03    0.13745E-03   -0.16393E-04   -0.15232E-03
    0.83334E-05   -0.45525E-04    0.79182E-05    0.23784E-03    0.19084E-03    0.89414E-04    0.34512E-03    0.29566E-02    0.21405E+00    0.33623E+00    0.28674E-01   -0.57015E+00   -0.11804E+00   -0.69142E-03    0.54611E-02   -0.11457E-01   -0.96453E-06    0.30929E-04    0.63769E-01    0.14611E+00   -0.73753E-02    0.34957E+00    0.35190E+00    0.46139E-01    0.16026E+00    0.65380E+00    0.94509E-02    0.13366E-01   -0.46258E-02   -0.20606E-02   -0.25143E-02    0.64914E-03    0.14707E-04    0.77106E-03   -0.13128E-04   -0.46395E-03    0.14465E-03    0.13129E-02
    0.58121E-04   -0.47077E-03    0.55898E-04    0.74884E-04    0.13956E-02    0.11178E-02   -0.16516E-02   -0.77271E+01   -0.12246E+01    0.20124E+02   -0.23308E+00   -0.15369E+02   -0.75786E+00   -0.13619E+00    0.28013E-02   -0.25781E+00    0.34665E-05    0.23835E-03    0.17316E+00    0.13869E+01   -0.18034E+00    0.35190E+00    0.19842E+02    0.37370E-01    0.62095E+00    0.92179E+01   -0.73599E-02   -0.46587E-01   -0.15290E-01    0.73193E-02    0.12256E-01    0.15193E-02    0.21700E-01    0.22826E-02    0.13472E-01   -0.12323E-02    0.31527E-02   -0.81073E-02
    0.16050E-04   -0.57865E-04    0.87178E-05    0.66954E-03    0.35551E-03    0.20321E-03    0.11934E-02    0.49804E+01    0.93891E+00   -0.10642E+01   -0.15207E+00    0.19082E+00   -0.67807E+00   -0.64566E-02   -0.98030E-02    0.29031E-02    0.15339E-05    0.42836E-04    0.89008E-02    0.20920E+00   -0.17640E-01    0.46139E-01    0.37370E-01    0.21040E+01    0.12556E-01    0.26625E+00   -0.82713E-01   -0.98741E-01   -0.44263E-02    0.34111E-02    0.17959E-02   -0.31077E-03    0.14184E-02   -0.36491E-03    0.12642E-02    0.32837E-03    0.17262E-04    0.93783E-03
    0.17852E-04   -0.87359E-04    0.13386E-04    0.34129E-03    0.38696E-03    0.23755E-03    0.40049E-03   -0.10116E+01   -0.28219E+00    0.67685E+00   -0.58518E-01   -0.97877E+00   -0.13340E+00   -0.23402E-02    0.31504E-02   -0.14109E-01   -0.18224E-05    0.27081E-04    0.58609E-01    0.30091E+00   -0.12605E-01    0.16026E+00    0.62095E+00    0.12556E-01    0.25772E+00    0.56050E+00    0.33145E-02    0.11688E-01    0.35957E-03    0.62093E-04    0.19049E-02    0.17549E-03   -0.93480E-06    0.20349E-03   -0.92198E-04    0.43382E-03    0.33340E-03    0.43417E-04
    0.70612E-04   -0.46100E-03    0.70005E-04    0.10445E-02    0.11247E-02    0.52804E-03    0.37410E-03   -0.25115E+01   -0.47968E+00    0.11171E+02   -0.12230E+00   -0.11066E+02   -0.12944E+01   -0.93575E-01    0.42049E-02   -0.20692E+00   -0.13140E-04    0.27489E-03    0.24639E+00    0.20072E+01   -0.18118E+00    0.65380E+00    0.92179E+01    0.26625E+00    0.56050E+00    0.19867E+02   -0.40208E-02   -0.75271E-01   -0.28170E-01   -0.12322E-01   -0.12367E-01    0.15832E-02    0.27330E-02    0.21768E-02    0.16118E-02   -0.64087E-03    0.52198E-02    0.29410E-01
    0.13873E-06   -0.16897E-05    0.52321E-06   -0.47187E-05   -0.37581E-05   -0.94553E-05   -0.16095E-04   -0.50802E-01   -0.37720E-02   -0.30075E-01    0.47925E-01    0.46522E-01    0.38645E-01    0.21704E-03    0.11866E-03   -0.35159E-03   -0.21253E-06   -0.13482E-06    0.45671E-02   -0.40776E-01    0.53951E-03    0.94509E-02   -0.73599E-02   -0.82713E-01    0.33145E-02   -0.40208E-02    0.80277E-02    0.76140E-02   -0.24721E-03   -0.13995E-03   -0.10011E-03    0.13553E-04   -0.14587E-04    0.11607E-04   -0.14536E-04   -0.62328E-04    0.38952E-04    0.11021E-03
   -0.13807E-06   -0.54283E-06    0.24152E-06   -0.12437E-04   -0.10463E-04   -0.14750E-04   -0.32162E-04   -0.35171E+00   -0.62652E-01   -0.66787E-01    0.46891E-01    0.58920E-01    0.63060E-01    0.13945E-02    0.13057E-02    0.26809E-03   -0.65357E-06   -0.16597E-05    0.91186E-02   -0.18790E-01    0.15956E-02    0.13366E-01   -0.46587E-01   -0.98741E-01    0.11688E-01   -0.75271E-01    0.76140E-02    0.14089E-01    0.46920E-03   -0.18198E-03    0.58803E-04    0.34306E-04   -0.71733E-04    0.30472E-04   -0.55092E-04    0.82202E-04    0.88976E-04   -0.71215E-04
   -0.13895E-06   -0.40090E-06   -0.81753E-07   -0.48234E-05   -0.68290E-07    0.11803E-05   -0.11533E-04   -0.71935E-01   -0.27789E-01   -0.23270E-02   -0.55213E-02   -0.89079E-02   -0.24194E-02    0.39359E-03   -0.39988E-03    0.32832E-03   -0.44157E-07   -0.92707E-06    0.12206E-02    0.19474E-01    0.21632E-03   -0.46258E-02   -0.15290E-01   -0.44263E-02    0.35957E-03   -0.28170E-01   -0.24721E-03    0.46920E-03    0.55172E-03    0.74843E-04    0.92438E-04    0.36080E-05   -0.23969E-04    0.42070E-05   -0.18141E-04    0.46368E-04    0.16302E-04   -0.79481E-04
   -0.37576E-06    0.85011E-05   -0.75951E-06    0.39171E-05   -0.25650E-04   -0.28056E-04    0.39059E-04    0.40526E-01    0.28852E-01    0.29990E-01   -0.11507E-02   -0.87816E-02   -0.15248E-02    0.90878E-04   -0.20163E-03   -0.62815E-04   -0.25820E-06    0.26776E-05    0.14962E-04   -0.45156E-02    0.52119E-03   -0.20606E-02    0.73193E-02    0.34111E-02    0.62093E-04   -0.12322E-01   -0.13995E-03   -0.18198E-03    0.74843E-04    0.36059E-01    0.20287E-03    0.14035E-03    0.84480E-04   -0.33300E-04   -0.30843E-04   -0.30995E-04   -0.23274E-04   -0.66813E-04
   -0.33778E-06   -0.11574E-06   -0.66487E-06   -0.34942E-04   -0.61773E-05    0.16114E-05   -0.71051E-04   -0.13173E-02    0.14702E-01    0.32663E-01   -0.19927E-02   -0.57341E-02    0.18345E-03    0.16358E-03   -0.11630E-03   -0.23822E-04   -0.51382E-06   -0.11797E-05   -0.29701E-03   -0.58907E-02   -0.65606E-03   -0.25143E-02    0.12256E-01    0.17959E-02    0.19049E-02   -0.12367E-01   -0.10011E-03    0.58803E-04    0.92438E-04    0.20287E-03    0.39546E-01   -0.40833E-04    0.28003E-05    0.16232E-03    0.10686E-03    0.12210E-04   -0.39229E-04   -0.91123E-04
    0.26168E-06   -0.22110E-05    0.28527E-06    0.17699E-05    0.11785E-04    0.95223E-05   -0.24446E-05   -0.28970E-01   -0.15357E-01   -0.86488E-02    0.12198E-03   -0.30988E-03    0.61882E-03   -0.32729E-04    0.31089E-05    0.10095E-04    0.68029E-08    0.55957E-06    0.65415E-05    0.32640E-03    0.14193E-03    0.64914E-03    0.15193E-02   -0.31077E-03    0.17549E-03    0.15832E-02    0.13553E-04    0.34306E-04    0.36080E-05    0.14035E-03   -0.40833E-04    0.54397E-04    0.89133E-05    0.12294E-04    0.77575E-05    0.13993E-04    0.11397E-04    0.83922E-05
    0.34650E-06   -0.26698E-05    0.28731E-06    0.44142E-05    0.11696E-04    0.87654E-05    0.83463E-06   -0.14883E-02   -0.10128E-01   -0.29442E-01    0.30901E-03    0.63870E-02   -0.26476E-02   -0.44137E-05    0.25874E-04    0.18883E-04    0.20898E-07    0.89088E-06    0.25939E-03    0.27658E-02   -0.12250E-03    0.14707E-04    0.21700E-01    0.14184E-02   -0.93480E-06    0.27330E-02   -0.14587E-04   -0.71733E-04   -0.23969E-04    0.84480E-04    0.28003E-05    0.89133E-05    0.18042E-03    0.10082E-04    0.67218E-04    0.44799E-05    0.11657E-04    0.32407E-04
    0.24885E-06   -0.21807E-05    0.25730E-06    0.21021E-05    0.11859E-04    0.10496E-04   -0.21114E-05   -0.28534E-01   -0.15849E-01   -0.78923E-02    0.12255E-03   -0.98397E-03    0.56865E-03   -0.42502E-04    0.80076E-05   -0.18409E-05    0.61003E-08    0.55851E-06    0.46982E-05    0.43715E-03    0.10584E-03    0.77106E-03    0.22826E-02   -0.36491E-03    0.20349E-03    0.21768E-02    0.11607E-04    0.30472E-04    0.42070E-05   -0.33300E-04    0.16232E-03    0.12294E-04    0.10082E-04    0.53120E-04    0.98283E-05    0.13832E-04    0.11862E-04    0.79246E-05
    0.31965E-06   -0.25499E-05    0.32503E-06    0.40058E-05    0.11075E-04    0.90732E-05    0.26918E-06    0.20996E-03   -0.96662E-02   -0.33330E-01    0.28077E-03    0.89768E-02   -0.25534E-02    0.31358E-04    0.24393E-04    0.57347E-04    0.27354E-07    0.75371E-06    0.24463E-03    0.27651E-02   -0.10570E-03   -0.13128E-04    0.13472E-01    0.12642E-02   -0.92198E-04    0.16118E-02   -0.14536E-04   -0.55092E-04   -0.18141E-04   -0.30843E-04    0.10686E-03    0.77575E-05    0.67218E-04    0.98283E-05    0.10781E-03    0.34593E-05    0.11113E-04    0.32850E-04
    0.55261E-06   -0.44558E-05    0.52933E-06    0.57740E-05    0.21407E-04    0.17306E-04   -0.17596E-05   -0.67245E-01   -0.29657E-01   -0.13232E-01   -0.45035E-03    0.12138E-02    0.36921E-02    0.10692E-04    0.52582E-04    0.92381E-04    0.36976E-07    0.27501E-07   -0.28652E-03   -0.62084E-03    0.13745E-03   -0.46395E-03   -0.12323E-02    0.32837E-03    0.43382E-03   -0.64087E-03   -0.62328E-04    0.82202E-04    0.46368E-04   -0.30995E-04    0.12210E-04    0.13993E-04    0.44799E-05    0.13832E-04    0.34593E-05    0.38104E-03    0.34804E-04    0.84613E-05
    0.55301E-06   -0.40360E-05    0.50832E-06    0.81212E-05    0.18429E-04    0.13798E-04    0.42833E-05   -0.34066E-01   -0.22328E-01   -0.13301E-01    0.57966E-03   -0.18585E-02    0.50530E-03   -0.54054E-04    0.25219E-05   -0.20498E-04    0.20686E-07    0.56554E-06    0.21222E-03    0.14309E-02   -0.16393E-04    0.14465E-03    0.31527E-02    0.17262E-04    0.33340E-03    0.52198E-02    0.38952E-04    0.88976E-04    0.16302E-04   -0.23274E-04   -0.39229E-04    0.11397E-04    0.11657E-04    0.11862E-04    0.11113E-04    0.34804E-04    0.94755E-04    0.29782E-04
    0.46483E-06   -0.35251E-05    0.44551E-06    0.62755E-05    0.12848E-04    0.90038E-05    0.16963E-05   -0.32880E-03   -0.11130E-01   -0.58651E-01    0.17805E-02    0.20842E-01   -0.23059E-02    0.17548E-03    0.64420E-04    0.14988E-03   -0.26283E-08    0.90563E-06    0.57714E-03    0.32529E-02   -0.15232E-03    0.13129E-02   -0.81073E-02    0.93783E-03    0.43417E-04    0.29410E-01    0.11021E-03   -0.71215E-04   -0.79481E-04   -0.66813E-04   -0.91123E-04    0.83922E-05    0.32407E-04    0.79246E-05    0.32850E-04    0.84613E-05    0.29782E-04    0.52865E-03
