# omegabh2 omegach2 theta tau nnu ns logA aps100 aps143 aps217 acib143 acib217 asz143 psr cibr ncib cal0 cal2 xi aksz bm_1_1 bm_1_2 bm_1_3 bm_1_4 bm_1_5 bm_2_1 bm_2_2 bm_2_3 bm_2_4 bm_2_5 bm_3_1 bm_3_2 bm_3_3 bm_3_4 bm_3_5 bm_4_1 bm_4_2 bm_4_3 bm_4_4 bm_4_5
    0.19531E-06    0.11443E-05   -0.51543E-07    0.29653E-05    0.14296E-03    0.68753E-05    0.86940E-05    0.26992E-02    0.62554E-04   -0.51070E-03    0.34991E-03    0.39999E-03    0.51837E-04   -0.25179E-05    0.13702E-04   -0.77877E-06    0.10095E-08    0.25440E-07   -0.22160E-05    0.11130E-03   -0.48026E-05   -0.13102E-04   -0.22289E-05   -0.72452E-06    0.42100E-05    0.20193E-05   -0.13109E-04    0.45039E-05    0.17824E-05   -0.21861E-05    0.12663E-04   -0.99247E-06    0.36661E-05    0.41706E-05   -0.38168E-05    0.98007E-05    0.19297E-05   -0.71145E-05   -0.41379E-05    0.27115E-05
    0.11443E-05    0.32065E-04   -0.28477E-05    0.13162E-04    0.21042E-02    0.63430E-04    0.99385E-04    0.69229E-01    0.14800E-01   -0.28453E-02    0.73784E-02    0.99349E-02    0.19182E-03   -0.31038E-04    0.24756E-03    0.25592E-04   -0.51775E-07    0.59039E-06   -0.89151E-04    0.20017E-02    0.30870E-03    0.58139E-05   -0.26264E-04    0.18607E-05    0.50968E-04   -0.29282E-04   -0.38924E-04    0.44647E-04    0.31846E-04   -0.15563E-03    0.18689E-03    0.20806E-05    0.25464E-04   -0.69249E-04   -0.16655E-04    0.68836E-04    0.10790E-03   -0.23733E-04    0.74269E-04    0.28336E-04
   -0.51543E-07   -0.28477E-05    0.57312E-06   -0.59897E-06   -0.17923E-03   -0.46321E-05   -0.74007E-05   -0.62352E-02   -0.14056E-02    0.21779E-03   -0.68280E-03   -0.92574E-03    0.19992E-05    0.23269E-05   -0.22571E-04   -0.30973E-05    0.60321E-08   -0.50675E-07    0.10745E-04   -0.15181E-03   -0.18891E-04   -0.42831E-05   -0.31013E-05   -0.44389E-05   -0.69146E-05    0.98366E-05    0.14760E-06    0.90353E-06   -0.50425E-06    0.10183E-04   -0.12740E-04   -0.39316E-05    0.61860E-05    0.14356E-05   -0.62332E-05    0.12354E-06   -0.32016E-05    0.15487E-05   -0.31193E-05    0.28454E-06
    0.29653E-05    0.13162E-04   -0.59897E-06    0.22364E-03    0.22719E-02    0.13088E-03    0.47553E-03    0.75311E-02    0.84710E-03   -0.42391E-02    0.26194E-02    0.30726E-02   -0.53793E-05    0.13505E-04    0.51723E-04    0.51773E-04   -0.28481E-08    0.11243E-06    0.21274E-04    0.52143E-03   -0.30295E-03   -0.14869E-03    0.42561E-04   -0.36894E-03    0.89646E-04    0.23728E-04   -0.72990E-04   -0.15804E-03    0.87596E-04   -0.97600E-04    0.33647E-04   -0.27231E-04    0.35875E-04   -0.68031E-04    0.10846E-03    0.70165E-04   -0.59390E-04   -0.16234E-03    0.56816E-04   -0.13556E-03
    0.14296E-03    0.21042E-02   -0.17923E-03    0.22719E-02    0.18553E+00    0.71769E-02    0.93182E-02    0.56749E+01    0.94498E+00   -0.48404E+00    0.64984E+00    0.83897E+00    0.34204E-01   -0.33310E-02    0.22810E-01    0.99356E-03   -0.26123E-05    0.51526E-04   -0.72202E-02    0.17639E+00    0.12031E-01   -0.27175E-02   -0.49023E-03    0.14806E-02    0.64155E-02   -0.24888E-02   -0.63147E-02    0.44285E-02    0.10614E-02   -0.84131E-02    0.18308E-01    0.91455E-03    0.35566E-02   -0.26331E-02    0.18961E-03    0.83931E-02    0.68469E-02   -0.34349E-02    0.27085E-02   -0.30286E-03
    0.68753E-05    0.63430E-04   -0.46321E-05    0.13088E-03    0.71769E-02    0.33943E-03    0.40531E-03    0.14074E+00    0.31751E-01   -0.87897E-02    0.16470E-01    0.22471E-01    0.10350E-02   -0.70968E-04    0.62216E-03    0.48149E-04   -0.80234E-07    0.17535E-05   -0.15506E-03    0.42254E-02    0.30844E-03   -0.19823E-03    0.53473E-04    0.56891E-04    0.27850E-03    0.25122E-03   -0.19577E-03    0.11500E-03   -0.46842E-04   -0.14037E-03    0.62179E-03    0.10122E-04    0.18149E-03   -0.13105E-03   -0.66594E-04    0.56293E-03    0.23532E-03   -0.78773E-04   -0.23571E-06   -0.10483E-03
    0.86940E-05    0.99385E-04   -0.74007E-05    0.47553E-03    0.93182E-02    0.40531E-03    0.11835E-02    0.14639E+00    0.45307E-01   -0.41746E-02    0.16614E-01    0.24449E-01   -0.92593E-03   -0.22116E-05    0.48350E-03    0.21783E-03   -0.40810E-07    0.17273E-05   -0.11311E-03    0.44170E-02    0.84951E-03   -0.93680E-04    0.37022E-04   -0.74818E-03    0.23377E-03    0.30964E-03   -0.14417E-03   -0.25826E-03    0.22479E-03   -0.58736E-03    0.44503E-03   -0.64409E-04    0.16485E-03   -0.38144E-03    0.47204E-04    0.51061E-03    0.19080E-03   -0.28490E-03    0.32138E-03   -0.19517E-03
    0.26992E-02    0.69229E-01   -0.62352E-02    0.75311E-02    0.56749E+01    0.14074E+00    0.14639E+00    0.29606E+04    0.47658E+02   -0.18552E+03    0.14734E+03    0.13676E+03   -0.69504E+02   -0.13258E+01    0.10958E+01    0.94418E+00    0.81475E-03    0.72152E-03   -0.68960E+00   -0.12957E+02    0.99729E+01   -0.10303E+02    0.15550E-01    0.89734E-01    0.35420E+00   -0.87081E+00   -0.45378E+01    0.53715E+00    0.95596E+00   -0.21590E+01    0.25765E+01   -0.13531E+00   -0.34951E+00    0.33277E+00   -0.24535E+01    0.10775E+01    0.64802E-01   -0.25777E+01    0.78945E-01    0.38309E+01
    0.62554E-04    0.14800E-01   -0.14056E-02    0.84710E-03    0.94498E+00    0.31751E-01    0.45307E-01    0.47658E+02    0.20971E+03    0.66265E+02   -0.36424E+02   -0.11867E+02   -0.86794E+01   -0.20395E+00   -0.11550E+00   -0.16062E+00    0.14480E-03    0.38227E-02    0.13772E+01   -0.12007E+02    0.14542E+01    0.72624E+00   -0.81973E-02    0.28902E+00    0.24711E-02   -0.18223E+01   -0.45259E+00   -0.13911E+00   -0.12379E+00   -0.37230E+00    0.12520E+01   -0.13984E+00    0.59648E+00   -0.45874E+00   -0.29002E+00   -0.48429E+00   -0.43107E+00   -0.45951E-01    0.43397E+00   -0.19644E+00
   -0.51070E-03   -0.28453E-02    0.21779E-03   -0.42391E-02   -0.48404E+00   -0.87897E-02   -0.41746E-02   -0.18552E+03    0.66265E+02    0.22165E+03   -0.39378E+02   -0.80001E+02    0.25834E+01    0.19251E-01   -0.96553E+00   -0.96680E+00    0.84922E-04   -0.45719E-02    0.42379E+00   -0.10729E+02    0.16975E+01    0.11588E+01    0.18042E-01    0.79759E-01    0.11620E-01    0.12858E+01    0.54776E+00   -0.19734E+00   -0.43827E+00    0.55529E+00   -0.13816E+01    0.57549E+00   -0.71282E-01    0.32242E+00    0.12027E+00    0.66382E-01    0.16085E+00    0.45427E+00    0.15643E-01   -0.52851E+00
    0.34991E-03    0.73784E-02   -0.68280E-03    0.26194E-02    0.64984E+00    0.16470E-01    0.16614E-01    0.14734E+03   -0.36424E+02   -0.39378E+02    0.30217E+02    0.22372E+02   -0.18848E+01   -0.18093E-01    0.29108E+00    0.18928E+00   -0.12194E-03   -0.89259E-03   -0.99353E-02   -0.56085E+00   -0.10482E+01   -0.60407E+00   -0.10767E+00    0.55520E-02    0.74490E-01    0.77819E+00    0.10464E+00    0.11381E+00    0.16637E+00   -0.80160E-01   -0.21414E+00    0.19138E-02   -0.18908E+00    0.11674E+00    0.13099E+00    0.37369E+00    0.33537E+00   -0.66101E-01   -0.46913E-01    0.27302E+00
    0.39999E-03    0.99349E-02   -0.92574E-03    0.30726E-02    0.83897E+00    0.22471E-01    0.24449E-01    0.13676E+03   -0.11867E+02   -0.80001E+02    0.22372E+02    0.40411E+02   -0.15838E+01    0.31395E-01    0.47333E+00    0.49651E+00   -0.60711E-04    0.20816E-02   -0.24963E+00   -0.72605E+00   -0.64327E+00   -0.55311E+00   -0.51633E-01   -0.24485E-01    0.39601E-01   -0.48080E+00   -0.15770E+00    0.78405E-01    0.31220E+00   -0.35075E+00    0.58062E+00   -0.40884E+00    0.38608E-01   -0.26476E+00   -0.92305E-01   -0.84712E-02   -0.18162E-01   -0.14815E+00    0.84175E-01    0.34669E+00
    0.51837E-04    0.19182E-03    0.19992E-05   -0.53793E-05    0.34204E-01    0.10350E-02   -0.92593E-03   -0.69504E+02   -0.86794E+01    0.25834E+01   -0.18848E+01   -0.15838E+01    0.78970E+01    0.40949E-01    0.26773E+00   -0.13695E+00    0.11027E-04    0.51620E-05   -0.48253E-01   -0.71132E-01    0.15504E+00    0.70557E-01    0.19258E-01   -0.88140E-02    0.20088E-01   -0.91656E-01    0.14240E-02   -0.69128E-01   -0.62099E-01   -0.53420E-03   -0.11062E-01    0.36622E-01   -0.89219E-02   -0.23323E-02    0.60428E-01   -0.56231E-01   -0.68933E-01    0.52701E-03    0.29591E-01   -0.60921E-01
   -0.25179E-05   -0.31038E-04    0.23269E-05    0.13505E-04   -0.33310E-02   -0.70968E-04   -0.22116E-05   -0.13258E+01   -0.20395E+00    0.19251E-01   -0.18093E-01    0.31395E-01    0.40949E-01    0.77509E-02   -0.70935E-02    0.75656E-02    0.88714E-06   -0.29285E-04    0.38850E-02   -0.15648E-01    0.95297E-02    0.58997E-02    0.12922E-02   -0.46129E-05   -0.24331E-03    0.68841E-02    0.16845E-04   -0.78934E-03   -0.24438E-02    0.48526E-03   -0.12009E-01   -0.64848E-03   -0.17322E-02   -0.32324E-02   -0.14842E-02   -0.20497E-02   -0.13585E-02   -0.38220E-02   -0.54901E-02   -0.19080E-02
    0.13702E-04    0.24756E-03   -0.22571E-04    0.51723E-04    0.22810E-01    0.62216E-03    0.48350E-03    0.10958E+01   -0.11550E+00   -0.96553E+00    0.29108E+00    0.47333E+00    0.26773E+00   -0.70935E-02    0.41580E-01   -0.12298E-01   -0.18856E-05    0.90955E-04   -0.24985E-02   -0.16498E-01   -0.19387E-01   -0.95558E-02   -0.36216E-03    0.26042E-02    0.42749E-03   -0.26407E-01   -0.68085E-02    0.28330E-02    0.24932E-02   -0.33637E-02    0.33323E-01    0.11021E-03    0.62372E-02    0.32888E-02    0.26717E-02    0.13486E-02    0.62688E-05    0.94983E-03    0.77619E-02   -0.21384E-02
   -0.77877E-06    0.25592E-04   -0.30973E-05    0.51773E-04    0.99356E-03    0.48149E-04    0.21783E-03    0.94418E+00   -0.16062E+00   -0.96680E+00    0.18928E+00    0.49651E+00   -0.13695E+00    0.75656E-02   -0.12298E-01    0.20780E-01    0.74599E-06   -0.22974E-04   -0.17834E-02    0.11238E-02    0.95210E-02   -0.59962E-02   -0.10663E-02   -0.18664E-02   -0.10606E-02    0.61661E-02    0.48639E-02   -0.48033E-02    0.99605E-02   -0.91793E-02   -0.15992E-01   -0.18133E-01   -0.11313E-02   -0.14726E-01   -0.98634E-02   -0.59364E-02   -0.29467E-02   -0.95576E-03    0.27927E-02    0.13560E-01
    0.10095E-08   -0.51775E-07    0.60321E-08   -0.28481E-08   -0.26123E-05   -0.80234E-07   -0.40810E-07    0.81475E-03    0.14480E-03    0.84922E-04   -0.12194E-03   -0.60711E-04    0.11027E-04    0.88714E-06   -0.18856E-05    0.74599E-06    0.15802E-06    0.54632E-08    0.99477E-06    0.10384E-04   -0.20054E-04   -0.15926E-04    0.70662E-06   -0.11882E-05   -0.18214E-05    0.42152E-05   -0.26880E-05   -0.80948E-06    0.62703E-05    0.15585E-05    0.57785E-06   -0.50139E-05   -0.31828E-06   -0.34937E-05   -0.54925E-05    0.43196E-05   -0.21145E-05   -0.19967E-05   -0.13713E-05    0.66169E-05
    0.25440E-07    0.59039E-06   -0.50675E-07    0.11243E-06    0.51526E-04    0.17535E-05    0.17273E-05    0.72152E-03    0.38227E-02   -0.45719E-02   -0.89259E-03    0.20816E-02    0.51620E-05   -0.29285E-04    0.90955E-04   -0.22974E-04    0.54632E-08    0.17102E-05   -0.11415E-04   -0.60851E-04    0.66312E-04    0.18612E-04   -0.40684E-04   -0.11435E-04   -0.59688E-05    0.18773E-03   -0.49535E-05    0.73892E-05    0.39506E-04    0.80831E-05   -0.18793E-03   -0.18706E-04   -0.24817E-04    0.46040E-05   -0.41698E-04    0.11625E-04    0.31858E-04   -0.27967E-04   -0.32342E-04    0.22875E-04
   -0.22160E-05   -0.89151E-04    0.10745E-04    0.21274E-04   -0.72202E-02   -0.15506E-03   -0.11311E-03   -0.68960E+00    0.13772E+01    0.42379E+00   -0.99353E-02   -0.24963E+00   -0.48253E-01    0.38850E-02   -0.24985E-02   -0.17834E-02    0.99477E-06   -0.11415E-04    0.82236E-01   -0.16801E-02    0.26968E-03    0.18422E-02   -0.21764E-02    0.38116E-02    0.84756E-03    0.33987E-03   -0.27482E-02   -0.15156E-02   -0.29407E-02   -0.12910E-02   -0.44214E-02    0.11726E-03    0.25278E-02   -0.12541E-02   -0.31259E-04   -0.24172E-02   -0.73369E-03   -0.20357E-02    0.51127E-03   -0.56972E-03
    0.11130E-03    0.20017E-02   -0.15181E-03    0.52143E-03    0.17639E+00    0.42254E-02    0.44170E-02   -0.12957E+02   -0.12007E+02   -0.10729E+02   -0.56085E+00   -0.72605E+00   -0.71132E-01   -0.15648E-01   -0.16498E-01    0.11238E-02    0.10384E-04   -0.60851E-04   -0.16801E-02    0.82344E+01    0.58801E-01    0.94653E-02    0.34479E-01    0.25642E-01    0.15706E-02   -0.66656E-02   -0.38206E-01    0.15775E-01    0.32518E-02    0.21732E-01   -0.39413E-01    0.15160E-02   -0.27380E-01   -0.80300E-02   -0.49168E-01   -0.25925E-01   -0.15181E-01   -0.37325E-01   -0.42768E-01    0.55931E-02
   -0.48026E-05    0.30870E-03   -0.18891E-04   -0.30295E-03    0.12031E-01    0.30844E-03    0.84951E-03    0.99729E+01    0.14542E+01    0.16975E+01   -0.10482E+01   -0.64327E+00    0.15504E+00    0.95297E-02   -0.19387E-01    0.95210E-02   -0.20054E-04    0.66312E-04    0.26968E-03    0.58801E-01    0.71604E+00   -0.11230E+00    0.13736E-01    0.26099E-02   -0.54711E-02    0.16612E+00   -0.29636E-01   -0.41060E-01   -0.20719E-01   -0.61828E-01    0.15758E-01    0.23813E-01   -0.23245E-01   -0.52618E-01   -0.12264E+00    0.14225E+00    0.24452E-01    0.51944E-02    0.22591E-01    0.60683E-01
   -0.13102E-04    0.58139E-05   -0.42831E-05   -0.14869E-03   -0.27175E-02   -0.19823E-03   -0.93680E-04   -0.10303E+02    0.72624E+00    0.11588E+01   -0.60407E+00   -0.55311E+00    0.70557E-01    0.58997E-02   -0.95558E-02   -0.59962E-02   -0.15926E-04    0.18612E-04    0.18422E-02    0.94653E-02   -0.11230E+00    0.92998E+00   -0.18853E-01   -0.22198E-02   -0.10526E-01   -0.14960E+00    0.18742E+00    0.72683E-01   -0.19853E-01    0.45312E-01   -0.12658E+00    0.26746E-01    0.33687E-01    0.12124E-01    0.16005E+00   -0.23147E+00    0.48980E-01    0.10667E+00    0.76402E-02   -0.21839E+00
   -0.22289E-05   -0.26264E-04   -0.31013E-05    0.42561E-04   -0.49023E-03    0.53473E-04    0.37022E-04    0.15550E-01   -0.81973E-02    0.18042E-01   -0.10767E+00   -0.51633E-01    0.19258E-01    0.12922E-02   -0.36216E-03   -0.10663E-02    0.70662E-06   -0.40684E-04   -0.21764E-02    0.34479E-01    0.13736E-01   -0.18853E-01    0.10052E+01   -0.97100E-02    0.94874E-02   -0.50421E-01   -0.26758E-01    0.17102E+00   -0.11686E-01    0.80159E-01    0.62001E-02    0.29831E-01   -0.14801E-01   -0.71956E-02    0.10367E+00   -0.50453E-01    0.28225E-01    0.19584E-01   -0.18545E+00    0.92171E-01
   -0.72452E-06    0.18607E-05   -0.44389E-05   -0.36894E-03    0.14806E-02    0.56891E-04   -0.74818E-03    0.89734E-01    0.28902E+00    0.79759E-01    0.55520E-02   -0.24485E-01   -0.88140E-02   -0.46129E-05    0.26042E-02   -0.18664E-02   -0.11882E-05   -0.11435E-04    0.38116E-02    0.25642E-01    0.26099E-02   -0.22198E-02   -0.97100E-02    0.10125E+01   -0.19608E-02    0.64009E-01   -0.74919E-01    0.77168E-01   -0.82630E-01    0.43428E-01    0.68449E-01    0.10419E+00    0.50213E-01    0.13973E+00   -0.10822E+00    0.88802E-01    0.52485E-01    0.41087E-02   -0.11191E+00    0.49426E-01
    0.42100E-05    0.50968E-04   -0.69146E-05    0.89646E-04    0.64155E-02    0.27850E-03    0.23377E-03    0.35420E+00    0.24711E-02    0.11620E-01    0.74490E-01    0.39601E-01    0.20088E-01   -0.24331E-03    0.42749E-03   -0.10606E-02   -0.18214E-05   -0.59688E-05    0.84756E-03    0.15706E-02   -0.54711E-02   -0.10526E-01    0.94874E-02   -0.19608E-02    0.99061E+00    0.22877E-01    0.35169E-01   -0.37626E-01    0.48514E-01    0.72055E-01    0.62877E-01   -0.79443E-01   -0.87589E-01    0.58690E-01    0.53274E-01    0.80596E-01   -0.69947E-01    0.74424E-01   -0.26107E-01    0.20895E-02
    0.20193E-05   -0.29282E-04    0.98366E-05    0.23728E-04   -0.24888E-02    0.25122E-03    0.30964E-03   -0.87081E+00   -0.18223E+01    0.12858E+01    0.77819E+00   -0.48080E+00   -0.91656E-01    0.68841E-02   -0.26407E-01    0.61661E-02    0.42152E-05    0.18773E-03    0.33987E-03   -0.66656E-02    0.16612E+00   -0.14960E+00   -0.50421E-01    0.64009E-01    0.22877E-01    0.87112E+00   -0.80654E-02   -0.16251E-01   -0.20231E-01   -0.13480E-02    0.57452E-02    0.12204E+00   -0.10374E+00    0.16177E-01   -0.61787E-01    0.65110E+00    0.23328E+00   -0.53148E-01   -0.48677E-01    0.77035E-01
   -0.13109E-04   -0.38924E-04    0.14760E-06   -0.72990E-04   -0.63147E-02   -0.19577E-03   -0.14417E-03   -0.45378E+01   -0.45259E+00    0.54776E+00    0.10464E+00   -0.15770E+00    0.14240E-02    0.16845E-04   -0.68085E-02    0.48639E-02   -0.26880E-05   -0.49535E-05   -0.27482E-02   -0.38206E-01   -0.29636E-01    0.18742E+00   -0.26758E-01   -0.74919E-01    0.35169E-01   -0.80654E-02    0.97498E+00    0.11967E-01   -0.17118E-02   -0.52129E-02    0.34591E-01   -0.26968E-02   -0.64185E-01   -0.28928E-01    0.14503E+00   -0.86687E-01    0.25859E+00    0.76211E+00    0.28468E+00   -0.18669E+00
    0.45039E-05    0.44647E-04    0.90353E-06   -0.15804E-03    0.44285E-02    0.11500E-03   -0.25826E-03    0.53715E+00   -0.13911E+00   -0.19734E+00    0.11381E+00    0.78405E-01   -0.69128E-01   -0.78934E-03    0.28330E-02   -0.48033E-02   -0.80948E-06    0.73892E-05   -0.15156E-02    0.15775E-01   -0.41060E-01    0.72683E-01    0.17102E+00    0.77168E-01   -0.37626E-01   -0.16251E-01    0.11967E-01    0.99248E+00    0.23897E-02    0.10443E-01    0.74869E-01   -0.37609E-01    0.12345E+00    0.16179E+00   -0.14291E+00   -0.20422E+00    0.62237E+00    0.15607E+00   -0.62337E+00    0.17679E+00
    0.17824E-05    0.31846E-04   -0.50425E-06    0.87596E-04    0.10614E-02   -0.46842E-04    0.22479E-03    0.95596E+00   -0.12379E+00   -0.43827E+00    0.16637E+00    0.31220E+00   -0.62099E-01   -0.24438E-02    0.24932E-02    0.99605E-02    0.62703E-05    0.39506E-04   -0.29407E-02    0.32518E-02   -0.20719E-01   -0.19853E-01   -0.11686E-01   -0.82630E-01    0.48514E-01   -0.20231E-01   -0.17118E-02    0.23897E-02    0.99361E+00    0.20199E-01   -0.17326E-01   -0.94972E-01   -0.15185E+00   -0.24616E-01   -0.10024E+00   -0.74951E-01    0.60244E-01   -0.42613E-01    0.28753E+00    0.68519E+00
   -0.21861E-05   -0.15563E-03    0.10183E-04   -0.97600E-04   -0.84131E-02   -0.14037E-03   -0.58736E-03   -0.21590E+01   -0.37230E+00    0.55529E+00   -0.80160E-01   -0.35075E+00   -0.53420E-03    0.48526E-03   -0.33637E-02   -0.91793E-02    0.15585E-05    0.80831E-05   -0.12910E-02    0.21732E-01   -0.61828E-01    0.45312E-01    0.80159E-01    0.43428E-01    0.72055E-01   -0.13480E-02   -0.52129E-02    0.10443E-01    0.20199E-01    0.98469E+00   -0.66260E-01    0.90426E-01    0.27719E-01    0.16745E+00    0.26952E-02    0.11581E+00   -0.54451E+00    0.37727E+00   -0.34853E+00    0.23642E+00
    0.12663E-04    0.18689E-03   -0.12740E-04    0.33647E-04    0.18308E-01    0.62179E-03    0.44503E-03    0.25765E+01    0.12520E+01   -0.13816E+01   -0.21414E+00    0.58062E+00   -0.11062E-01   -0.12009E-01    0.33323E-01   -0.15992E-01    0.57785E-06   -0.18793E-03   -0.44214E-02   -0.39413E-01    0.15758E-01   -0.12658E+00    0.62001E-02    0.68449E-01    0.62877E-01    0.57452E-02    0.34591E-01    0.74869E-01   -0.17326E-01   -0.66260E-01    0.91190E+00   -0.11379E-02   -0.33375E-01    0.49059E-02    0.30340E-02    0.58284E+00    0.16178E+00    0.11544E+00    0.51208E-01   -0.74453E-01
   -0.99247E-06    0.20806E-05   -0.39316E-05   -0.27231E-04    0.91455E-03    0.10122E-04   -0.64409E-04   -0.13531E+00   -0.13984E+00    0.57549E+00    0.19138E-02   -0.40884E+00    0.36622E-01   -0.64848E-03    0.11021E-03   -0.18133E-01   -0.50139E-05   -0.18706E-04    0.11726E-03    0.15160E-02    0.23813E-01    0.26746E-01    0.29831E-01    0.10419E+00   -0.79443E-01    0.12204E+00   -0.26968E-02   -0.37609E-01   -0.94972E-01    0.90426E-01   -0.11379E-02    0.99469E+00   -0.56601E-02    0.40395E-02   -0.39961E-02    0.95534E-01    0.16125E+00   -0.48025E-02    0.13633E+00    0.15830E+00
    0.36661E-05    0.25464E-04    0.61860E-05    0.35875E-04    0.35566E-02    0.18149E-03    0.16485E-03   -0.34951E+00    0.59648E+00   -0.71282E-01   -0.18908E+00    0.38608E-01   -0.89219E-02   -0.17322E-02    0.62372E-02   -0.11313E-02   -0.31828E-06   -0.24817E-04    0.25278E-02   -0.27380E-01   -0.23245E-01    0.33687E-01   -0.14801E-01    0.50213E-01   -0.87589E-01   -0.10374E+00   -0.64185E-01    0.12345E+00   -0.15185E+00    0.27719E-01   -0.33375E-01   -0.56601E-02    0.99339E+00   -0.25628E-02    0.27061E-02   -0.13381E+00    0.33071E-01    0.14778E+00    0.32714E-01   -0.75410E-01
    0.41706E-05   -0.69249E-04    0.14356E-05   -0.68031E-04   -0.26331E-02   -0.13105E-03   -0.38144E-03    0.33277E+00   -0.45874E+00    0.32242E+00    0.11674E+00   -0.26476E+00   -0.23323E-02   -0.32324E-02    0.32888E-02   -0.14726E-01   -0.34937E-05    0.46040E-05   -0.12541E-02   -0.80300E-02   -0.52618E-01    0.12124E-01   -0.71956E-02    0.13973E+00    0.58690E-01    0.16177E-01   -0.28928E-01    0.16179E+00   -0.24616E-01    0.16745E+00    0.49059E-02    0.40395E-02   -0.25628E-02    0.99834E+00   -0.38999E-02   -0.12507E-03    0.28075E-01    0.12060E+00   -0.28567E+00    0.13317E+00
   -0.38168E-05   -0.16655E-04   -0.62332E-05    0.10846E-03    0.18961E-03   -0.66594E-04    0.47204E-04   -0.24535E+01   -0.29002E+00    0.12027E+00    0.13099E+00   -0.92305E-01    0.60428E-01   -0.14842E-02    0.26717E-02   -0.98634E-02   -0.54925E-05   -0.41698E-04   -0.31259E-04   -0.49168E-01   -0.12264E+00    0.16005E+00    0.10367E+00   -0.10822E+00    0.53274E-01   -0.61787E-01    0.14503E+00   -0.14291E+00   -0.10024E+00    0.26952E-02    0.30340E-02   -0.39961E-02    0.27061E-02   -0.38999E-02    0.99465E+00   -0.34534E-01   -0.50486E-01    0.22196E-01    0.18722E+00   -0.97804E-01
    0.98007E-05    0.68836E-04    0.12354E-06    0.70165E-04    0.83931E-02    0.56293E-03    0.51061E-03    0.10775E+01   -0.48429E+00    0.66382E-01    0.37369E+00   -0.84712E-02   -0.56231E-01   -0.20497E-02    0.13486E-02   -0.59364E-02    0.43196E-05    0.11625E-04   -0.24172E-02   -0.25925E-01    0.14225E+00   -0.23147E+00   -0.50453E-01    0.88802E-01    0.80596E-01    0.65110E+00   -0.86687E-01   -0.20422E+00   -0.74951E-01    0.11581E+00    0.58284E+00    0.95534E-01   -0.13381E+00   -0.12507E-03   -0.34534E-01    0.96246E+00   -0.22775E-01   -0.23571E-02    0.76789E-02   -0.94256E-02
    0.19297E-05    0.10790E-03   -0.32016E-05   -0.59390E-04    0.68469E-02    0.23532E-03    0.19080E-03    0.64802E-01   -0.43107E+00    0.16085E+00    0.33537E+00   -0.18162E-01   -0.68933E-01   -0.13585E-02    0.62688E-05   -0.29467E-02   -0.21145E-05    0.31858E-04   -0.73369E-03   -0.15181E-01    0.24452E-01    0.48980E-01    0.28225E-01    0.52485E-01   -0.69947E-01    0.23328E+00    0.25859E+00    0.62237E+00    0.60244E-01   -0.54451E+00    0.16178E+00    0.16125E+00    0.33071E-01    0.28075E-01   -0.50486E-01   -0.22775E-01    0.96886E+00    0.14455E-01    0.32178E-03   -0.15500E-01
   -0.71145E-05   -0.23733E-04    0.15487E-05   -0.16234E-03   -0.34349E-02   -0.78773E-04   -0.28490E-03   -0.25777E+01   -0.45951E-01    0.45427E+00   -0.66101E-01   -0.14815E+00    0.52701E-03   -0.38220E-02    0.94983E-03   -0.95576E-03   -0.19967E-05   -0.27967E-04   -0.20357E-02   -0.37325E-01    0.51944E-02    0.10667E+00    0.19584E-01    0.41087E-02    0.74424E-01   -0.53148E-01    0.76211E+00    0.15607E+00   -0.42613E-01    0.37727E+00    0.11544E+00   -0.48025E-02    0.14778E+00    0.12060E+00    0.22196E-01   -0.23571E-02    0.14455E-01    0.98804E+00   -0.21086E-01    0.51074E-02
   -0.41379E-05    0.74269E-04   -0.31193E-05    0.56816E-04    0.27085E-02   -0.23571E-06    0.32138E-03    0.78945E-01    0.43397E+00    0.15643E-01   -0.46913E-01    0.84175E-01    0.29591E-01   -0.54901E-02    0.77619E-02    0.27927E-02   -0.13713E-05   -0.32342E-04    0.51127E-03   -0.42768E-01    0.22591E-01    0.76402E-02   -0.18545E+00   -0.11191E+00   -0.26107E-01   -0.48677E-01    0.28468E+00   -0.62337E+00    0.28753E+00   -0.34853E+00    0.51208E-01    0.13633E+00    0.32714E-01   -0.28567E+00    0.18722E+00    0.76789E-02    0.32178E-03   -0.21086E-01    0.98858E+00   -0.10300E-01
    0.27115E-05    0.28336E-04    0.28454E-06   -0.13556E-03   -0.30286E-03   -0.10483E-03   -0.19517E-03    0.38309E+01   -0.19644E+00   -0.52851E+00    0.27302E+00    0.34669E+00   -0.60921E-01   -0.19080E-02   -0.21384E-02    0.13560E-01    0.66169E-05    0.22875E-04   -0.56972E-03    0.55931E-02    0.60683E-01   -0.21839E+00    0.92171E-01    0.49426E-01    0.20895E-02    0.77035E-01   -0.18669E+00    0.17679E+00    0.68519E+00    0.23642E+00   -0.74453E-01    0.15830E+00   -0.75410E-01    0.13317E+00   -0.97804E-01   -0.94256E-02   -0.15500E-01    0.51074E-02   -0.10300E-01    0.99552E+00
