# omegabh2 omegach2 theta tau omegak ns logA aps100 aps143 aps217 acib143 acib217 asz143 psr cibr ncib cal0 cal2 xi aksz bm_1_1 bm_1_2 bm_1_3 bm_1_4 bm_1_5 bm_2_1 bm_2_2 bm_2_3 bm_2_4 bm_2_5 bm_3_1 bm_3_2 bm_3_3 bm_3_4 bm_3_5 bm_4_1 bm_4_2 bm_4_3 bm_4_4 bm_4_5 a_ps_act_148 a_ps_act_217 a_ps_spt_95 a_ps_spt_150 a_ps_spt_220 r_ps_spt_95x150 r_ps_spt_95x220 r_ps_150x220 act_dust_s act_dust_e cal_acts_148 cal_acts_217 cal_acte_148 cal_acte_217 cal_spt_95 cal_spt_150 cal_spt_220
    0.80147E-07   -0.42911E-06    0.84875E-07    0.84295E-06   -0.47307E-06    0.11330E-05    0.84009E-06   -0.56207E-03   -0.73792E-03   -0.66935E-03    0.38699E-05    0.24960E-04    0.25390E-04   -0.15069E-05   -0.51605E-07    0.38623E-06    0.49448E-08    0.71686E-08   -0.48629E-05   -0.60740E-04   -0.14669E-04   -0.10636E-04   -0.13452E-05   -0.30737E-05    0.51823E-06    0.12536E-04   -0.35452E-05    0.21983E-05   -0.10040E-04    0.55361E-05    0.19384E-05   -0.97415E-06   -0.10204E-05    0.80327E-05    0.21534E-05    0.12539E-04   -0.20089E-05    0.14501E-05   -0.14451E-04   -0.40133E-05    0.13961E-04    0.12201E-03    0.27236E-04    0.26040E-04    0.12376E-03   -0.49525E-06   -0.61231E-06   -0.15065E-06   -0.25377E-06   -0.41510E-06    0.38679E-06    0.52242E-06    0.44326E-06    0.48255E-06    0.78540E-06    0.77658E-06    0.58410E-06
   -0.42911E-06    0.71276E-05   -0.79976E-06   -0.91156E-05    0.66989E-05   -0.16209E-04   -0.14259E-05    0.27008E-02    0.32143E-02    0.39225E-02   -0.74485E-04   -0.39447E-03   -0.12433E-03    0.66242E-05   -0.11816E-05   -0.49086E-05   -0.41401E-07    0.78273E-08    0.64621E-05    0.19920E-03    0.62314E-04    0.29575E-04    0.41342E-04    0.10865E-04   -0.45158E-04   -0.87853E-04   -0.93111E-04    0.15852E-06    0.11748E-03    0.44584E-04   -0.84582E-04    0.28443E-04    0.11614E-04   -0.43616E-04   -0.29183E-05   -0.11004E-03   -0.61405E-04   -0.68868E-04   -0.15237E-05    0.92304E-04   -0.64438E-04   -0.50392E-03   -0.15734E-03   -0.12062E-03   -0.32572E-03   -0.63432E-06   -0.51104E-05    0.12086E-06    0.60752E-05   -0.37378E-05   -0.22020E-05   -0.27993E-05   -0.22989E-05   -0.29159E-05   -0.33580E-05   -0.41815E-05   -0.26777E-05
    0.84875E-07   -0.79976E-06    0.40554E-06    0.11275E-05   -0.97316E-06    0.22797E-05    0.75829E-06   -0.26955E-03   -0.37517E-03   -0.53084E-03    0.72445E-05    0.93340E-04    0.39023E-04    0.17762E-06    0.63846E-06    0.10772E-05    0.69177E-08   -0.52286E-08   -0.57132E-05   -0.74328E-04   -0.54657E-05   -0.53312E-05    0.20711E-05   -0.98969E-05    0.72807E-05    0.29653E-05    0.35151E-05    0.52680E-05   -0.20377E-04   -0.74975E-05    0.77204E-05   -0.10156E-05    0.21307E-05    0.99030E-06    0.65537E-05    0.54420E-05    0.54459E-05    0.10611E-04   -0.55814E-05   -0.12180E-04    0.16044E-04    0.63549E-04    0.25669E-04    0.19677E-04    0.30200E-04   -0.22227E-06    0.13455E-06   -0.24005E-06   -0.59740E-06   -0.40293E-06    0.19164E-06    0.42519E-06    0.27401E-06    0.32726E-06    0.40151E-06    0.48686E-06    0.26357E-06
    0.84295E-06   -0.91156E-05    0.11275E-05    0.17166E-03   -0.72950E-05    0.30542E-04    0.31933E-03   -0.25539E-01   -0.17299E-01   -0.12943E-01    0.43462E-03    0.19779E-02    0.90768E-03   -0.32341E-04   -0.25906E-04    0.30384E-04   -0.52642E-07    0.44958E-06   -0.14963E-03   -0.26949E-02   -0.68366E-04   -0.41546E-03    0.17225E-03    0.16043E-03    0.53114E-03    0.56318E-03    0.14771E-03   -0.15532E-03   -0.31393E-03   -0.33694E-04    0.10778E-03   -0.74992E-04   -0.85765E-04    0.37926E-04   -0.59883E-04    0.52226E-03    0.11341E-03    0.22486E-03   -0.30914E-04   -0.28361E-03    0.13756E-03    0.18442E-02    0.10512E-02    0.37733E-03    0.95411E-03   -0.30375E-05   -0.14613E-04   -0.73005E-05    0.36041E-04    0.52178E-04    0.64212E-05    0.95010E-05    0.72081E-05    0.11439E-04    0.10002E-04    0.16293E-04    0.36721E-05
   -0.47307E-06    0.66989E-05   -0.97316E-06   -0.72950E-05    0.10952E-04   -0.15531E-04    0.74599E-06    0.46155E-02    0.32720E-02    0.42233E-02   -0.71926E-04   -0.30584E-03   -0.15234E-03    0.63174E-05   -0.99996E-06   -0.28884E-05   -0.55248E-07    0.10242E-07    0.49093E-05    0.30002E-03    0.74283E-04    0.58917E-04    0.10031E-03    0.37798E-05   -0.30298E-04   -0.12443E-03   -0.28228E-04   -0.89665E-05    0.11795E-03    0.30188E-04   -0.11731E-03   -0.37509E-04    0.22339E-04   -0.57208E-04    0.40580E-04   -0.16969E-03   -0.63635E-04   -0.25219E-04    0.41100E-04    0.91468E-04   -0.90169E-04   -0.72422E-03   -0.11697E-03   -0.15032E-03   -0.69190E-03   -0.42313E-05   -0.89239E-05    0.47851E-06    0.13255E-04    0.30819E-06   -0.21894E-05   -0.31040E-05   -0.25485E-05   -0.27816E-05   -0.42456E-05   -0.42043E-05   -0.36488E-05
    0.11330E-05   -0.16209E-04    0.22797E-05    0.30542E-04   -0.15531E-04    0.52878E-04    0.18804E-04   -0.32363E-01   -0.19484E-01   -0.16807E-01    0.11737E-03    0.17612E-02    0.82032E-03   -0.29201E-04   -0.98068E-06    0.33138E-04    0.19869E-08    0.32984E-06   -0.12255E-03   -0.14844E-02   -0.40959E-03   -0.37927E-03   -0.18465E-03   -0.64079E-04    0.14920E-03    0.55134E-03    0.26046E-03   -0.27581E-04   -0.27422E-03   -0.10412E-03    0.95080E-04   -0.99237E-04    0.19658E-04    0.11619E-03    0.53311E-04    0.45021E-03    0.21347E-03    0.19221E-03   -0.47791E-04   -0.15622E-03    0.23018E-03    0.20474E-02    0.45538E-03    0.44796E-03    0.10734E-02   -0.66521E-05    0.47431E-05    0.19399E-06   -0.14580E-04    0.90885E-05    0.95381E-05    0.10526E-04    0.98299E-05    0.11818E-04    0.15832E-04    0.16834E-04    0.98387E-05
    0.84009E-06   -0.14259E-05    0.75829E-06    0.31933E-03    0.74599E-06    0.18804E-04    0.63670E-03   -0.54798E-01   -0.30171E-01   -0.18147E-01    0.65920E-03    0.36234E-02    0.17004E-02   -0.49547E-04   -0.56917E-04    0.62040E-04   -0.12822E-06    0.12151E-05   -0.33790E-03   -0.53879E-02    0.45336E-03   -0.61065E-03    0.40607E-03    0.31524E-03    0.98026E-03    0.12691E-02    0.14185E-03   -0.34537E-03   -0.29611E-03   -0.20880E-04    0.31346E-04   -0.27986E-04   -0.22538E-03   -0.96218E-04   -0.11548E-03    0.10395E-02    0.21036E-03    0.32438E-03    0.19451E-04   -0.30301E-03    0.11234E-03    0.21457E-02    0.17830E-02    0.48519E-03    0.90752E-03   -0.12050E-04   -0.51675E-04   -0.14999E-04    0.93929E-04    0.91661E-04    0.86222E-05    0.12660E-04    0.96442E-05    0.15342E-04    0.13864E-04    0.23008E-04    0.17734E-05
   -0.56207E-03    0.27008E-02   -0.26955E-03   -0.25539E-01    0.46155E-02   -0.32363E-01   -0.54798E-01    0.15272E+04    0.81488E+02    0.22702E+02    0.61307E+00   -0.29679E+01   -0.91455E+01   -0.84013E-01   -0.83506E-01   -0.94583E-01    0.17042E-02   -0.33362E-02    0.78798E+00    0.59159E+01    0.15787E+02   -0.70992E+01    0.69403E+00    0.37050E+00   -0.58641E+00   -0.21692E+01   -0.51311E+01   -0.46018E+00   -0.92817E+00   -0.83645E+00    0.16359E+00    0.15167E+00    0.20710E+00   -0.12755E+01   -0.39474E+01   -0.71880E+00   -0.25904E+01   -0.26359E+01   -0.11738E+01    0.23505E+01    0.64926E+00    0.32840E+01    0.45065E+01   -0.51390E+00    0.46524E+01   -0.52053E-01   -0.29795E+00   -0.74173E-01    0.13085E+00   -0.61013E-01   -0.23696E-01    0.42443E-02   -0.21393E-01    0.10124E-01   -0.58598E-01   -0.24848E-01    0.15654E-03
   -0.73792E-03    0.32143E-02   -0.37517E-03   -0.17299E-01    0.32720E-02   -0.19484E-01   -0.30171E-01    0.81488E+02    0.63771E+02    0.18384E+02    0.11753E+00   -0.90341E+00   -0.19235E+01    0.21967E-01    0.12832E-01   -0.35218E-01   -0.37388E-04   -0.99845E-03    0.14245E+00    0.47322E+00   -0.99320E-02   -0.27131E+00    0.13663E+00    0.72595E-01   -0.11404E+00    0.24670E+00   -0.26716E+00    0.43479E-01   -0.18393E+00    0.13018E+00   -0.64168E-01    0.14052E+00    0.20706E+00    0.31125E-01   -0.21781E+00    0.17612E+00   -0.40788E-01   -0.22034E+00   -0.14422E+00    0.72798E-01    0.31003E+00   -0.12296E+01    0.12480E+01   -0.24505E+00   -0.81144E+00   -0.14898E-01   -0.71853E-01   -0.28264E-01    0.11858E-01    0.15644E-01   -0.11485E-01   -0.89345E-02   -0.12200E-01   -0.80337E-02   -0.27141E-01   -0.18777E-01   -0.10971E-01
   -0.66935E-03    0.39225E-02   -0.53084E-03   -0.12943E-01    0.42233E-02   -0.16807E-01   -0.18147E-01    0.22702E+02    0.18384E+02    0.95472E+02   -0.10364E+01   -0.34588E+02    0.22031E+00   -0.37173E+00   -0.47102E-01   -0.45569E+00    0.10212E-03   -0.39973E-03    0.19530E-01    0.70819E+00   -0.11431E+00    0.38411E+00    0.12637E+00   -0.22680E-02   -0.87089E-01   -0.14169E+00   -0.28026E-01    0.36886E-02    0.11601E+00    0.27452E+00   -0.56594E-02    0.31036E+00   -0.10623E+00    0.32316E+00    0.28419E+00   -0.10035E+00   -0.44230E-01    0.65925E-01    0.10489E+00   -0.22614E-01    0.21235E+00    0.18059E+02   -0.73824E+00    0.63138E+00    0.91254E+01   -0.40109E-01   -0.87198E-01   -0.24073E-02    0.15083E-01    0.16340E-01   -0.67910E-02   -0.24691E-01   -0.66811E-02   -0.32784E-01   -0.11520E-01   -0.10350E-01   -0.59719E-01
    0.38699E-05   -0.74485E-04    0.72445E-05    0.43462E-03   -0.71926E-04    0.11737E-03    0.65920E-03    0.61307E+00    0.11753E+00   -0.10364E+01    0.63596E+00    0.11293E+01    0.52961E+00    0.18680E-02   -0.28029E-02   -0.23927E-02   -0.53503E-05    0.75352E-04    0.84123E-02   -0.88409E+00    0.12864E-01   -0.20766E-01    0.20577E-03   -0.79746E-02    0.54023E-04   -0.66115E-02    0.10170E-02   -0.37381E-01    0.73339E-02   -0.16958E-01    0.28008E-01   -0.31810E-01   -0.16579E-02   -0.21375E-01   -0.88706E-02    0.21299E-01   -0.25189E-01    0.58026E-02    0.34625E-01    0.62801E-02    0.53548E-01   -0.12563E+00   -0.21429E+00   -0.21141E-01   -0.16149E+00    0.47363E-01    0.44431E-01   -0.39275E-02   -0.14475E-02   -0.42475E-03    0.19293E-03    0.29284E-03    0.12557E-03    0.53336E-03   -0.60130E-03    0.73953E-03    0.14145E-02
    0.24960E-04   -0.39447E-03    0.93340E-04    0.19779E-02   -0.30584E-03    0.17612E-02    0.36234E-02   -0.29679E+01   -0.90341E+00   -0.34588E+02    0.11293E+01    0.21560E+02    0.19008E+01    0.22221E+00    0.30607E-01    0.28776E+00   -0.32426E-04    0.11800E-03   -0.34939E+00   -0.41859E+01    0.25387E+00   -0.20553E+00   -0.82543E-01   -0.18050E-01    0.30106E-01    0.52321E-01    0.44372E-01   -0.53712E-01    0.18649E+00   -0.26461E+00   -0.75981E-01   -0.46675E+00    0.36128E-01   -0.30201E+00   -0.28891E+00   -0.36400E-01    0.24852E-02   -0.24046E-01    0.12605E+00    0.23448E+00   -0.39717E+00   -0.11909E+02   -0.23271E-01   -0.76819E+00   -0.80521E+01    0.50193E-01    0.54857E-01   -0.86684E-02    0.45908E-02    0.28258E-03   -0.30539E-03    0.54627E-02   -0.11926E-02    0.91034E-02   -0.33897E-03   -0.27568E-02    0.20661E-01
    0.25390E-04   -0.12433E-03    0.39023E-04    0.90768E-03   -0.15234E-03    0.82032E-03    0.17004E-02   -0.91455E+01   -0.19235E+01    0.22031E+00    0.52961E+00    0.19008E+01    0.18925E+01    0.18870E-01    0.21795E-01    0.15699E-01    0.13140E-04   -0.15513E-03   -0.16941E+00   -0.23191E+01    0.75571E-01   -0.55488E-03   -0.40339E-02    0.24135E-02   -0.68667E-02    0.42747E-01   -0.18704E-01   -0.44477E-01   -0.31927E-01   -0.24028E-01   -0.35777E-01   -0.37840E-01   -0.41998E-02   -0.50544E-02   -0.84072E-02    0.21712E-01   -0.33659E-01   -0.23832E-01   -0.27108E-02   -0.57284E-02   -0.76762E-01   -0.67130E+00   -0.77262E+00   -0.84064E-01   -0.12302E+01    0.43822E-01    0.68413E-01   -0.15556E-02    0.22079E-02    0.25002E-02    0.67636E-03   -0.23235E-02    0.38522E-03   -0.23828E-02    0.33796E-02    0.52274E-03   -0.23932E-02
   -0.15069E-05    0.66242E-05    0.17762E-06   -0.32341E-04    0.63174E-05   -0.29201E-04   -0.49547E-04   -0.84013E-01    0.21967E-01   -0.37173E+00    0.18680E-02    0.22221E+00    0.18870E-01    0.46090E-02   -0.39323E-04    0.31989E-02   -0.61825E-07   -0.30140E-05   -0.12782E-02   -0.20342E-01    0.13518E-02    0.14428E-02   -0.37912E-03    0.10892E-02   -0.15236E-03    0.38610E-03   -0.39570E-02    0.10481E-02   -0.20372E-02    0.43407E-03   -0.94723E-03    0.94591E-03    0.59577E-03   -0.23051E-03   -0.22122E-02    0.84177E-04   -0.77213E-03   -0.34909E-02   -0.36145E-02   -0.20651E-02   -0.16457E-02   -0.15660E+00   -0.70140E-02   -0.38600E-02   -0.10839E+00    0.36959E-03    0.14744E-02    0.37213E-03    0.11254E-03    0.11254E-03   -0.21547E-04   -0.30446E-04   -0.34782E-04    0.18977E-04    0.30484E-04   -0.64731E-04    0.16919E-03
   -0.51605E-07   -0.11816E-05    0.63846E-06   -0.25906E-04   -0.99996E-06   -0.98068E-06   -0.56917E-04   -0.83506E-01    0.12832E-01   -0.47102E-01   -0.28029E-02    0.30607E-01    0.21795E-01   -0.39323E-04    0.28230E-02   -0.17215E-03    0.32098E-06    0.32504E-05   -0.77423E-03   -0.15994E-01   -0.88332E-04   -0.11135E-02    0.53365E-03    0.51343E-03    0.18078E-03   -0.27321E-02    0.16496E-03    0.39999E-04   -0.10117E-02   -0.11883E-02    0.27843E-02   -0.16285E-02   -0.49891E-03   -0.11415E-04    0.31952E-04   -0.29792E-03   -0.14071E-03    0.16504E-04    0.30390E-03   -0.10760E-02    0.61381E-02    0.31679E-02   -0.11775E-01    0.36161E-02    0.86098E-02    0.76443E-04    0.14326E-02   -0.41779E-03   -0.23072E-04    0.11266E-04    0.83557E-05    0.35679E-04    0.51689E-05    0.35809E-04    0.73086E-04   -0.82699E-06    0.87496E-04
    0.38623E-06   -0.49086E-05    0.10772E-05    0.30384E-04   -0.28884E-05    0.33138E-04    0.62040E-04   -0.94583E-01   -0.35218E-01   -0.45569E+00   -0.23927E-02    0.28776E+00    0.15699E-01    0.31989E-02   -0.17215E-03    0.51614E-02   -0.29829E-06   -0.74216E-05   -0.53908E-02   -0.33501E-01    0.66213E-02   -0.53825E-02   -0.24548E-02   -0.12202E-02    0.56875E-03    0.30762E-02    0.42006E-02   -0.17884E-02    0.80725E-02   -0.62019E-02   -0.64520E-02   -0.11261E-01    0.96915E-03   -0.72497E-02   -0.66109E-02   -0.30743E-02    0.10429E-02    0.33280E-02    0.58570E-02    0.98135E-02   -0.98629E-02   -0.19468E+00    0.31830E-02   -0.11362E-01   -0.13921E+00   -0.57431E-03   -0.24833E-03    0.26806E-03    0.14378E-03   -0.38716E-04   -0.30021E-05    0.26595E-04   -0.15812E-04    0.73211E-04    0.34507E-04   -0.55386E-04    0.20381E-03
    0.49448E-08   -0.41401E-07    0.69177E-08   -0.52642E-07   -0.55248E-07    0.19869E-08   -0.12822E-06    0.17042E-02   -0.37388E-04    0.10212E-03   -0.53503E-05   -0.32426E-04    0.13140E-04   -0.61825E-07    0.32098E-06   -0.29829E-06    0.16166E-06   -0.52279E-08   -0.12021E-05   -0.54131E-05   -0.21281E-04   -0.12320E-04   -0.65154E-05    0.11345E-04   -0.83405E-06    0.64566E-05   -0.66951E-05   -0.56977E-05   -0.35064E-05    0.10632E-06    0.45605E-05   -0.74482E-05   -0.10950E-04    0.32585E-05    0.61856E-05    0.10590E-04   -0.60434E-05   -0.98907E-05   -0.38671E-05   -0.40222E-05    0.35243E-06    0.14400E-04   -0.13528E-05    0.30886E-05    0.21176E-04    0.18125E-07    0.60416E-06    0.21120E-06   -0.48009E-06    0.15161E-05    0.30651E-08   -0.13357E-06    0.41362E-07   -0.64246E-07    0.83222E-07    0.14749E-06   -0.13044E-06
    0.71686E-08    0.78273E-08   -0.52286E-08    0.44958E-06    0.10242E-07    0.32984E-06    0.12151E-05   -0.33362E-02   -0.99845E-03   -0.39973E-03    0.75352E-04    0.11800E-03   -0.15513E-03   -0.30140E-05    0.32504E-05   -0.74216E-05   -0.52279E-08    0.11407E-05    0.18272E-04    0.57342E-04    0.45307E-04    0.45071E-04   -0.29750E-04   -0.27674E-04   -0.57009E-06    0.40381E-03    0.31570E-04   -0.21352E-04   -0.81501E-05    0.73199E-04   -0.37431E-03    0.33302E-04   -0.92243E-04    0.41096E-04    0.18870E-04    0.60252E-04    0.44953E-04   -0.57712E-04   -0.73719E-04    0.12318E-05    0.35780E-04    0.24938E-03    0.11365E-03    0.28483E-04    0.40487E-03    0.23871E-05   -0.11477E-05   -0.31520E-05    0.10759E-05    0.13715E-05    0.31486E-06    0.10944E-05    0.21611E-06    0.10792E-05   -0.10259E-06    0.65105E-06    0.20760E-05
   -0.48629E-05    0.64621E-05   -0.57132E-05   -0.14963E-03    0.49093E-05   -0.12255E-03   -0.33790E-03    0.78798E+00    0.14245E+00    0.19530E-01    0.84123E-02   -0.34939E+00   -0.16941E+00   -0.12782E-02   -0.77423E-03   -0.53908E-02   -0.12021E-05    0.18272E-04    0.59878E-01    0.35058E+00   -0.66562E-02   -0.18267E-02    0.45592E-02   -0.69316E-03   -0.22580E-04   -0.10797E-01    0.60678E-02   -0.34222E-03    0.38291E-02   -0.73715E-03    0.13616E-01    0.66372E-02   -0.72764E-03   -0.39089E-02    0.80523E-03    0.31927E-03    0.15740E-02    0.66153E-02    0.61247E-02    0.10171E-02    0.59726E-01    0.12891E+00    0.12353E-03    0.56123E-01    0.20150E+00    0.45962E-02    0.91730E-02    0.11514E-02   -0.17571E-03   -0.24843E-03    0.24720E-04    0.16194E-03    0.49479E-04    0.21382E-03   -0.14301E-03    0.24069E-03    0.52588E-03
   -0.60740E-04    0.19920E-03   -0.74328E-04   -0.26949E-02    0.30002E-03   -0.14844E-02   -0.53879E-02    0.59159E+01    0.47322E+00    0.70819E+00   -0.88409E+00   -0.41859E+01   -0.23191E+01   -0.20342E-01   -0.15994E-01   -0.33501E-01   -0.54131E-05    0.57342E-04    0.35058E+00    0.45360E+01   -0.73357E-01    0.27255E-01    0.15850E-01    0.20191E-01    0.11413E-01   -0.58403E-01    0.37431E-01    0.30756E-01    0.34416E-01    0.31530E-01    0.34925E-01    0.79206E-01   -0.20190E-02   -0.27910E-02    0.15861E-01   -0.32015E-01    0.33024E-01    0.34567E-01    0.19446E-01    0.39657E-02    0.87660E-01    0.11262E+01    0.33895E+00    0.23070E+00    0.19193E+01   -0.47168E-01   -0.26931E-01    0.16863E-01   -0.89254E-02   -0.81532E-02    0.37599E-03    0.23737E-02    0.91837E-03    0.24474E-02    0.11263E-03    0.14920E-02    0.35274E-02
   -0.14669E-04    0.62314E-04   -0.54657E-05   -0.68366E-04    0.74283E-04   -0.40959E-03    0.45336E-03    0.15787E+02   -0.99320E-02   -0.11431E+00    0.12864E-01    0.25387E+00    0.75571E-01    0.13518E-02   -0.88332E-04    0.66213E-02   -0.21281E-04    0.45307E-04   -0.66562E-02   -0.73357E-01    0.64649E+00   -0.14087E+00   -0.96676E-02    0.12771E-01    0.37685E-02    0.19910E+00   -0.51013E-01   -0.42985E-01    0.15544E-02   -0.77936E-01    0.20224E-01    0.38511E-01   -0.31265E-01   -0.52534E-01   -0.11302E+00    0.16743E+00    0.42510E-01   -0.27686E-01    0.36933E-01    0.84413E-01   -0.14391E-01   -0.21355E+00   -0.24253E-01   -0.15443E-01   -0.21516E+00    0.18504E-03    0.33681E-02    0.55452E-03    0.48842E-02   -0.12730E-02    0.50301E-04   -0.28611E-03   -0.52054E-04   -0.12576E-03    0.21682E-03   -0.79983E-04   -0.19060E-03
   -0.10636E-04    0.29575E-04   -0.53312E-05   -0.41546E-03    0.58917E-04   -0.37927E-03   -0.61065E-03   -0.70992E+01   -0.27131E+00    0.38411E+00   -0.20766E-01   -0.20553E+00   -0.55488E-03    0.14428E-02   -0.11135E-02   -0.53825E-02   -0.12320E-04    0.45071E-04   -0.18267E-02    0.27255E-01   -0.14087E+00    0.89066E+00   -0.84315E-02    0.32204E-02   -0.58564E-02   -0.13944E+00    0.18458E+00    0.38121E-01   -0.88669E-02    0.39107E-01   -0.97528E-01    0.22011E-01    0.12939E-01    0.27359E-01    0.17637E+00   -0.19848E+00    0.37424E-01    0.95543E-01    0.43625E-01   -0.19894E+00   -0.19810E-02    0.60183E-01   -0.23537E-01   -0.69795E-02    0.11807E+00    0.52497E-04   -0.12354E-02    0.26937E-03   -0.37119E-03   -0.43833E-03    0.29752E-05   -0.31339E-03   -0.79773E-04   -0.33152E-03    0.81911E-05   -0.25462E-03   -0.20994E-03
   -0.13452E-05    0.41342E-04    0.20711E-05    0.17225E-03    0.10031E-03   -0.18465E-03    0.40607E-03    0.69403E+00    0.13663E+00    0.12637E+00    0.20577E-03   -0.82543E-01   -0.40339E-02   -0.37912E-03    0.53365E-03   -0.24548E-02   -0.65154E-05   -0.29750E-04    0.45592E-02    0.15850E-01   -0.96676E-02   -0.84315E-02    0.97808E+00   -0.18302E-01    0.12883E-01   -0.64058E-01   -0.20787E-01    0.14180E+00   -0.13384E-01    0.83691E-01   -0.17020E-01   -0.32342E-02   -0.25222E-01    0.51067E-02    0.13044E+00   -0.68815E-01   -0.58880E-02    0.23504E-01   -0.17744E+00    0.77018E-01    0.64396E-02    0.66881E-01   -0.20259E-01    0.53227E-02    0.31910E-01    0.13116E-02    0.12507E-02   -0.39660E-03    0.37632E-02   -0.25069E-02   -0.36671E-04   -0.86735E-04   -0.11045E-03   -0.10235E-03    0.46901E-03   -0.73620E-04   -0.30188E-03
   -0.30737E-05    0.10865E-04   -0.98969E-05    0.16043E-03    0.37798E-05   -0.64079E-04    0.31524E-03    0.37050E+00    0.72595E-01   -0.22680E-02   -0.79746E-02   -0.18050E-01    0.24135E-02    0.10892E-02    0.51343E-03   -0.12202E-02    0.11345E-04   -0.27674E-04   -0.69316E-03    0.20191E-01    0.12771E-01    0.32204E-02   -0.18302E-01    0.10003E+01   -0.10709E-01    0.71669E-01   -0.95126E-01    0.74208E-01   -0.90708E-01    0.73350E-01    0.10513E+00    0.11394E+00    0.68319E-01    0.15879E+00   -0.13165E+00    0.12431E+00    0.39431E-01    0.54671E-02   -0.10837E+00    0.63069E-01   -0.68245E-02    0.70378E-01   -0.10171E-01    0.20808E-02    0.70619E-01   -0.84706E-03    0.21245E-02    0.32688E-03   -0.33112E-02    0.51707E-02   -0.10946E-03    0.47625E-04    0.37148E-04    0.26215E-03   -0.54788E-03   -0.90962E-04   -0.11717E-03
    0.51823E-06   -0.45158E-04    0.72807E-05    0.53114E-03   -0.30298E-04    0.14920E-03    0.98026E-03   -0.58641E+00   -0.11404E+00   -0.87089E-01    0.54023E-04    0.30106E-01   -0.68667E-02   -0.15236E-03    0.18078E-03    0.56875E-03   -0.83405E-06   -0.57009E-06   -0.22580E-04    0.11413E-01    0.37685E-02   -0.58564E-02    0.12883E-01   -0.10709E-01    0.10092E+01    0.36879E-01    0.35724E-01   -0.16439E-01    0.60617E-01    0.95580E-01    0.66602E-01   -0.92529E-01   -0.58998E-01    0.74783E-01    0.34528E-01    0.92426E-01   -0.69791E-01    0.92262E-01   -0.37397E-01    0.16508E-01    0.16375E-02    0.28990E-01    0.41832E-01   -0.14676E-02   -0.87664E-01   -0.56246E-03   -0.79743E-03   -0.15495E-03    0.79606E-04   -0.23296E-03    0.50793E-04   -0.16916E-03    0.10036E-03    0.22445E-03    0.28312E-03    0.87891E-04   -0.54405E-03
    0.12536E-04   -0.87853E-04    0.29653E-05    0.56318E-03   -0.12443E-03    0.55134E-03    0.12691E-02   -0.21692E+01    0.24670E+00   -0.14169E+00   -0.66115E-02    0.52321E-01    0.42747E-01    0.38610E-03   -0.27321E-02    0.30762E-02    0.64566E-05    0.40381E-03   -0.10797E-01   -0.58403E-01    0.19910E+00   -0.13944E+00   -0.64058E-01    0.71669E-01    0.36879E-01    0.80563E+00   -0.47585E-01   -0.14108E-01    0.88369E-02   -0.15944E-02    0.60644E-01    0.13267E+00   -0.77044E-01    0.26023E-01   -0.77855E-01    0.63988E+00    0.21840E+00   -0.57167E-01   -0.29162E-01    0.11998E+00   -0.16532E-01   -0.29851E-01    0.22159E-01    0.24541E-02   -0.38892E-01   -0.22841E-02   -0.88407E-03    0.89999E-03    0.59707E-02    0.18742E-02    0.38857E-03   -0.99123E-04    0.31327E-03    0.59405E-04    0.45633E-03    0.53100E-03    0.26698E-03
   -0.35452E-05   -0.93111E-04    0.35151E-05    0.14771E-03   -0.28228E-04    0.26046E-03    0.14185E-03   -0.51311E+01   -0.26716E+00   -0.28026E-01    0.10170E-02    0.44372E-01   -0.18704E-01   -0.39570E-02    0.16496E-03    0.42006E-02   -0.66951E-05    0.31570E-04    0.60678E-02    0.37431E-01   -0.51013E-01    0.18458E+00   -0.20787E-01   -0.95126E-01    0.35724E-01   -0.47585E-01    0.99519E+00    0.19374E-01    0.19092E-01    0.91970E-02    0.30569E-01   -0.51937E-02   -0.51903E-01   -0.10245E-01    0.15140E+00   -0.12331E+00    0.25945E+00    0.77193E+00    0.29696E+00   -0.17430E+00    0.13268E-01   -0.13887E+00    0.19309E-01    0.25875E-02   -0.59199E-01   -0.99645E-04    0.65221E-03    0.79827E-04   -0.74666E-03    0.64784E-03    0.71544E-04   -0.19001E-03    0.12206E-03    0.23656E-04    0.13272E-03    0.27795E-04    0.20993E-04
    0.21983E-05    0.15852E-06    0.52680E-05   -0.15532E-03   -0.89665E-05   -0.27581E-04   -0.34537E-03   -0.46018E+00    0.43479E-01    0.36886E-02   -0.37381E-01   -0.53712E-01   -0.44477E-01    0.10481E-02    0.39999E-04   -0.17884E-02   -0.56977E-05   -0.21352E-04   -0.34222E-03    0.30756E-01   -0.42985E-01    0.38121E-01    0.14180E+00    0.74208E-01   -0.16439E-01   -0.14108E-01    0.19374E-01    0.10031E+01    0.16498E-01   -0.15055E-01    0.91838E-01   -0.61917E-01    0.15236E+00    0.15583E+00   -0.16599E+00   -0.20182E+00    0.64837E+00    0.15924E+00   -0.60176E+00    0.19784E+00   -0.51744E-02    0.72446E-01    0.59021E-01   -0.12836E-02    0.76124E-01   -0.44319E-02   -0.66443E-02   -0.13707E-03   -0.43179E-03    0.15956E-02   -0.17585E-03    0.29704E-03   -0.24789E-04    0.25467E-03   -0.41038E-04   -0.89346E-05    0.42916E-03
   -0.10040E-04    0.11748E-03   -0.20377E-04   -0.31393E-03    0.11795E-03   -0.27422E-03   -0.29611E-03   -0.92817E+00   -0.18393E+00    0.11601E+00    0.73339E-02    0.18649E+00   -0.31927E-01   -0.20372E-02   -0.10117E-02    0.80725E-02   -0.35064E-05   -0.81501E-05    0.38291E-02    0.34416E-01    0.15544E-02   -0.88669E-02   -0.13384E-01   -0.90708E-01    0.60617E-01    0.88369E-02    0.19092E-01    0.16498E-01    0.98736E+00   -0.16844E-01   -0.56427E-02   -0.66386E-01   -0.15372E+00   -0.21590E-01   -0.11279E+00   -0.57908E-01    0.11013E+00   -0.36911E-01    0.30745E+00    0.67673E+00   -0.10147E-01   -0.28295E+00   -0.49407E-02   -0.12128E-01   -0.14054E+00    0.18511E-02    0.34775E-03    0.11893E-03   -0.19499E-02   -0.28352E-02   -0.74824E-04   -0.33950E-03   -0.17182E-03   -0.24521E-03   -0.19561E-03   -0.17770E-04    0.24786E-03
    0.55361E-05    0.44584E-04   -0.74975E-05   -0.33694E-04    0.30188E-04   -0.10412E-03   -0.20880E-04   -0.83645E+00    0.13018E+00    0.27452E+00   -0.16958E-01   -0.26461E+00   -0.24028E-01    0.43407E-03   -0.11883E-02   -0.62019E-02    0.10632E-06    0.73199E-04   -0.73715E-03    0.31530E-01   -0.77936E-01    0.39107E-01    0.83691E-01    0.73350E-01    0.95580E-01   -0.15944E-02    0.91970E-02   -0.15055E-01   -0.16844E-01    0.98113E+00   -0.68484E-01    0.82998E-01    0.27051E-01    0.19049E+00    0.17422E-01    0.11974E+00   -0.55682E+00    0.38597E+00   -0.34700E+00    0.21967E+00    0.62420E-02    0.19005E+00   -0.22791E-01    0.12929E-01    0.13601E+00    0.89923E-04    0.72119E-03   -0.12226E-03    0.21344E-02    0.74739E-03    0.55436E-04    0.86559E-04    0.30736E-04   -0.14775E-03   -0.26078E-03    0.43981E-04   -0.58255E-03
    0.19384E-05   -0.84582E-04    0.77204E-05    0.10778E-03   -0.11731E-03    0.95080E-04    0.31346E-04    0.16359E+00   -0.64168E-01   -0.56594E-02    0.28008E-01   -0.75981E-01   -0.35777E-01   -0.94723E-03    0.27843E-02   -0.64520E-02    0.45605E-05   -0.37431E-03    0.13616E-01    0.34925E-01    0.20224E-01   -0.97528E-01   -0.17020E-01    0.10513E+00    0.66602E-01    0.60644E-01    0.30569E-01    0.91838E-01   -0.56427E-02   -0.68484E-01    0.83135E+00   -0.11357E-01   -0.23081E-01    0.21334E-01   -0.39856E-01    0.56626E+00    0.17628E+00    0.96374E-01    0.23789E-01   -0.66669E-01    0.36950E-01    0.14787E+00    0.25549E-01    0.14812E-01    0.14213E+00    0.22819E-02    0.13992E-02   -0.13629E-02   -0.20779E-02    0.70845E-04   -0.81026E-04    0.17429E-03    0.65413E-04    0.41396E-03   -0.38990E-04    0.43922E-04    0.39634E-03
   -0.97415E-06    0.28443E-04   -0.10156E-05   -0.74992E-04   -0.37509E-04   -0.99237E-04   -0.27986E-04    0.15167E+00    0.14052E+00    0.31036E+00   -0.31810E-01   -0.46675E+00   -0.37840E-01    0.94591E-03   -0.16285E-02   -0.11261E-01   -0.74482E-05    0.33302E-04    0.66372E-02    0.79206E-01    0.38511E-01    0.22011E-01   -0.32342E-02    0.11394E+00   -0.92529E-01    0.13267E+00   -0.51937E-02   -0.61917E-01   -0.66386E-01    0.82998E-01   -0.11357E-01    0.98198E+00    0.13978E-01    0.10917E-01   -0.96932E-02    0.98255E-01    0.15522E+00   -0.96022E-03    0.16362E+00    0.17981E+00    0.10613E-01    0.36748E+00    0.56748E-04    0.25051E-01    0.25401E+00   -0.16347E-02   -0.22439E-02    0.40386E-03    0.22351E-02    0.24357E-02    0.48884E-04    0.12179E-03    0.51930E-06   -0.62468E-05    0.15400E-03    0.11379E-03   -0.38640E-03
   -0.10204E-05    0.11614E-04    0.21307E-05   -0.85765E-04    0.22339E-04    0.19658E-04   -0.22538E-03    0.20710E+00    0.20706E+00   -0.10623E+00   -0.16579E-02    0.36128E-01   -0.41998E-02    0.59577E-03   -0.49891E-03    0.96915E-03   -0.10950E-04   -0.92243E-04   -0.72764E-03   -0.20190E-02   -0.31265E-01    0.12939E-01   -0.25222E-01    0.68319E-01   -0.58998E-01   -0.77044E-01   -0.51903E-01    0.15236E+00   -0.15372E+00    0.27051E-01   -0.23081E-01    0.13978E-01    0.99556E+00   -0.15515E-01    0.78091E-02   -0.11668E+00    0.66676E-01    0.16220E+00    0.16944E-01   -0.68371E-01   -0.89872E-02   -0.76304E-01    0.49935E-03   -0.80445E-02   -0.35335E-01   -0.11831E-05    0.28229E-03    0.25646E-03    0.32643E-02    0.13263E-02   -0.80576E-04   -0.36071E-04   -0.12774E-03   -0.30110E-04   -0.36601E-03    0.36811E-04   -0.60907E-03
    0.80327E-05   -0.43616E-04    0.99030E-06    0.37926E-04   -0.57208E-04    0.11619E-03   -0.96218E-04   -0.12755E+01    0.31125E-01    0.32316E+00   -0.21375E-01   -0.30201E+00   -0.50544E-02   -0.23051E-03   -0.11415E-04   -0.72497E-02    0.32585E-05    0.41096E-04   -0.39089E-02   -0.27910E-02   -0.52534E-01    0.27359E-01    0.51067E-02    0.15879E+00    0.74783E-01    0.26023E-01   -0.10245E-01    0.15583E+00   -0.21590E-01    0.19049E+00    0.21334E-01    0.10917E-01   -0.15515E-01    0.99869E+00   -0.15938E-01    0.22598E-01    0.20445E-01    0.14300E+00   -0.28078E+00    0.13638E+00    0.35759E-02    0.26497E+00    0.91224E-02    0.10462E-01    0.19802E+00   -0.22681E-02   -0.42084E-02   -0.60499E-03    0.47360E-02   -0.11986E-02   -0.48517E-04    0.13314E-03    0.92288E-04   -0.66465E-04    0.29690E-03   -0.12798E-03   -0.66659E-03
    0.21534E-05   -0.29183E-05    0.65537E-05   -0.59883E-04    0.40580E-04    0.53311E-04   -0.11548E-03   -0.39474E+01   -0.21781E+00    0.28419E+00   -0.88706E-02   -0.28891E+00   -0.84072E-02   -0.22122E-02    0.31952E-04   -0.66109E-02    0.61856E-05    0.18870E-04    0.80523E-03    0.15861E-01   -0.11302E+00    0.17637E+00    0.13044E+00   -0.13165E+00    0.34528E-01   -0.77855E-01    0.15140E+00   -0.16599E+00   -0.11279E+00    0.17422E-01   -0.39856E-01   -0.96932E-02    0.78091E-02   -0.15938E-01    0.98838E+00   -0.66736E-01   -0.79697E-01    0.30673E-01    0.19181E+00   -0.11872E+00    0.92248E-02    0.24235E+00   -0.37029E-01    0.10467E-01    0.17094E+00    0.10711E-02    0.10891E-03   -0.90850E-04    0.50192E-03   -0.70684E-03    0.17516E-03    0.14395E-03    0.38907E-04   -0.40511E-04    0.26752E-03    0.19350E-04   -0.34675E-03
    0.12539E-04   -0.11004E-03    0.54420E-05    0.52226E-03   -0.16969E-03    0.45021E-03    0.10395E-02   -0.71880E+00    0.17612E+00   -0.10035E+00    0.21299E-01   -0.36400E-01    0.21712E-01    0.84177E-04   -0.29792E-03   -0.30743E-02    0.10590E-04    0.60252E-04    0.31927E-03   -0.32015E-01    0.16743E+00   -0.19848E+00   -0.68815E-01    0.12431E+00    0.92426E-01    0.63988E+00   -0.12331E+00   -0.20182E+00   -0.57908E-01    0.11974E+00    0.56626E+00    0.98255E-01   -0.11668E+00    0.22598E-01   -0.66736E-01    0.94676E+00   -0.37787E-01   -0.20939E-01   -0.35946E-02    0.17403E-01    0.14481E-01    0.10585E+00    0.14387E-01    0.14287E-01    0.79826E-01    0.93689E-03    0.21171E-02   -0.25559E-03    0.36388E-02    0.10004E-02    0.29150E-03    0.10590E-04    0.28433E-03    0.23811E-03    0.30753E-03    0.43731E-03    0.32216E-03
   -0.20089E-05   -0.61405E-04    0.54459E-05    0.11341E-03   -0.63635E-04    0.21347E-03    0.21036E-03   -0.25904E+01   -0.40788E-01   -0.44230E-01   -0.25189E-01    0.24852E-02   -0.33659E-01   -0.77213E-03   -0.14071E-03    0.10429E-02   -0.60434E-05    0.44953E-04    0.15740E-02    0.33024E-01    0.42510E-01    0.37424E-01   -0.58880E-02    0.39431E-01   -0.69791E-01    0.21840E+00    0.25945E+00    0.64837E+00    0.11013E+00   -0.55682E+00    0.17628E+00    0.15522E+00    0.66676E-01    0.20445E-01   -0.79697E-01   -0.37787E-01    0.99757E+00    0.21380E-01    0.27146E-01    0.28063E-01   -0.53342E-02   -0.10287E-01    0.60411E-01   -0.12095E-02    0.18617E-01   -0.39114E-02   -0.55910E-02    0.22975E-03   -0.39378E-03    0.22697E-02   -0.41212E-04    0.12951E-03    0.68622E-04    0.31218E-03    0.21033E-03    0.10492E-03    0.53784E-03
    0.14501E-05   -0.68868E-04    0.10611E-04    0.22486E-03   -0.25219E-04    0.19221E-03    0.32438E-03   -0.26359E+01   -0.22034E+00    0.65925E-01    0.58026E-02   -0.24046E-01   -0.23832E-01   -0.34909E-02    0.16504E-04    0.33280E-02   -0.98907E-05   -0.57712E-04    0.66153E-02    0.34567E-01   -0.27686E-01    0.95543E-01    0.23504E-01    0.54671E-02    0.92262E-01   -0.57167E-01    0.77193E+00    0.15924E+00   -0.36911E-01    0.38597E+00    0.96374E-01   -0.96022E-03    0.16220E+00    0.14300E+00    0.30673E-01   -0.20939E-01    0.21380E-01    0.97859E+00   -0.20350E-01    0.22042E-01    0.12941E-01   -0.72953E-01    0.24411E-01   -0.37700E-03   -0.39294E-01    0.93872E-04    0.58822E-03   -0.22373E-03    0.14936E-02    0.14581E-02    0.25896E-04   -0.81818E-04    0.13787E-03    0.22101E-04    0.30544E-04    0.10245E-03   -0.33870E-03
   -0.14451E-04   -0.15237E-05   -0.55814E-05   -0.30914E-04    0.41100E-04   -0.47791E-04    0.19451E-04   -0.11738E+01   -0.14422E+00    0.10489E+00    0.34625E-01    0.12605E+00   -0.27108E-02   -0.36145E-02    0.30390E-03    0.58570E-02   -0.38671E-05   -0.73719E-04    0.61247E-02    0.19446E-01    0.36933E-01    0.43625E-01   -0.17744E+00   -0.10837E+00   -0.37397E-01   -0.29162E-01    0.29696E+00   -0.60176E+00    0.30745E+00   -0.34700E+00    0.23789E-01    0.16362E+00    0.16944E-01   -0.28078E+00    0.19181E+00   -0.35946E-02    0.27146E-01   -0.20350E-01    0.98260E+00   -0.92989E-02   -0.11492E-02   -0.19415E+00   -0.34499E-01   -0.97007E-02   -0.16465E+00    0.40262E-02    0.47280E-02    0.82910E-04   -0.28720E-02   -0.10065E-02   -0.10311E-04   -0.37586E-03   -0.11261E-03   -0.18177E-03   -0.18835E-03   -0.10844E-03   -0.28475E-03
   -0.40133E-05    0.92304E-04   -0.12180E-04   -0.28361E-03    0.91468E-04   -0.15622E-03   -0.30301E-03    0.23505E+01    0.72798E-01   -0.22614E-01    0.62801E-02    0.23448E+00   -0.57284E-02   -0.20651E-02   -0.10760E-02    0.98135E-02   -0.40222E-05    0.12318E-05    0.10171E-02    0.39657E-02    0.84413E-01   -0.19894E+00    0.77018E-01    0.63069E-01    0.16508E-01    0.11998E+00   -0.17430E+00    0.19784E+00    0.67673E+00    0.21967E+00   -0.66669E-01    0.17981E+00   -0.68371E-01    0.13638E+00   -0.11872E+00    0.17403E-01    0.28063E-01    0.22042E-01   -0.92989E-02    0.99963E+00   -0.16973E-01   -0.22886E+00    0.19971E-03   -0.76231E-02   -0.17703E+00    0.70747E-03    0.60630E-03    0.25044E-03    0.17100E-02   -0.14918E-02   -0.60138E-04    0.10105E-04   -0.71352E-04    0.17857E-04   -0.69747E-04    0.46272E-04    0.25068E-04
    0.13961E-04   -0.64438E-04    0.16044E-04    0.13756E-03   -0.90169E-04    0.23018E-03    0.11234E-03    0.64926E+00    0.31003E+00    0.21235E+00    0.53548E-01   -0.39717E+00   -0.76762E-01   -0.16457E-02    0.61381E-02   -0.98629E-02    0.35243E-06    0.35780E-04    0.59726E-01    0.87660E-01   -0.14391E-01   -0.19810E-02    0.64396E-02   -0.68245E-02    0.16375E-02   -0.16532E-01    0.13268E-01   -0.51744E-02   -0.10147E-01    0.62420E-02    0.36950E-01    0.10613E-01   -0.89872E-02    0.35759E-02    0.92248E-02    0.14481E-01   -0.53342E-02    0.12941E-01   -0.11492E-02   -0.16973E-01    0.33859E+00    0.23839E+00    0.36346E-01    0.15403E+00    0.52424E+00    0.11489E-01    0.15796E-01   -0.45728E-02   -0.14265E-02   -0.32685E-02    0.59088E-03   -0.33302E-04    0.65021E-03   -0.39791E-04   -0.47815E-03    0.22972E-03    0.15650E-02
    0.12201E-03   -0.50392E-03    0.63549E-04    0.18442E-02   -0.72422E-03    0.20474E-02    0.21457E-02    0.32840E+01   -0.12296E+01    0.18059E+02   -0.12563E+00   -0.11909E+02   -0.67130E+00   -0.15660E+00    0.31679E-02   -0.19468E+00    0.14400E-04    0.24938E-03    0.12891E+00    0.11262E+01   -0.21355E+00    0.60183E-01    0.66881E-01    0.70378E-01    0.28990E-01   -0.29851E-01   -0.13887E+00    0.72446E-01   -0.28295E+00    0.19005E+00    0.14787E+00    0.36748E+00   -0.76304E-01    0.26497E+00    0.24235E+00    0.10585E+00   -0.10287E-01   -0.72953E-01   -0.19415E+00   -0.22886E+00    0.23839E+00    0.16192E+02    0.74372E-01    0.41389E+00    0.58930E+01   -0.38776E-02   -0.32729E-01   -0.13394E-01   -0.19320E-03    0.16347E-01    0.18305E-02    0.22315E-01    0.19868E-02    0.13820E-01    0.10589E-02    0.34136E-02   -0.88762E-02
    0.27236E-04   -0.15734E-03    0.25669E-04    0.10512E-02   -0.11697E-03    0.45538E-03    0.17830E-02    0.45065E+01    0.12480E+01   -0.73824E+00   -0.21429E+00   -0.23271E-01   -0.77262E+00   -0.70140E-02   -0.11775E-01    0.31830E-02   -0.13528E-05    0.11365E-03    0.12353E-03    0.33895E+00   -0.24253E-01   -0.23537E-01   -0.20259E-01   -0.10171E-01    0.41832E-01    0.22159E-01    0.19309E-01    0.59021E-01   -0.49407E-02   -0.22791E-01    0.25549E-01    0.56748E-04    0.49935E-03    0.91224E-02   -0.37029E-01    0.14387E-01    0.60411E-01    0.24411E-01   -0.34499E-01    0.19971E-03    0.36346E-01    0.74372E-01    0.22348E+01   -0.62046E-02    0.28933E+00   -0.92448E-01   -0.10889E+00   -0.45664E-02    0.96912E-03   -0.25351E-02   -0.81608E-03    0.11513E-02   -0.34801E-03    0.12448E-02    0.43310E-05   -0.30702E-04    0.13473E-02
    0.26040E-04   -0.12062E-03    0.19677E-04    0.37733E-03   -0.15032E-03    0.44796E-03    0.48519E-03   -0.51390E+00   -0.24505E+00    0.63138E+00   -0.21141E-01   -0.76819E+00   -0.84064E-01   -0.38600E-02    0.36161E-02   -0.11362E-01    0.30886E-05    0.28483E-04    0.56123E-01    0.23070E+00   -0.15443E-01   -0.69795E-02    0.53227E-02    0.20808E-02   -0.14676E-02    0.24541E-02    0.25875E-02   -0.12836E-02   -0.12128E-01    0.12929E-01    0.14812E-01    0.25051E-01   -0.80445E-02    0.10462E-01    0.10467E-01    0.14287E-01   -0.12095E-02   -0.37700E-03   -0.97007E-02   -0.76231E-02    0.15403E+00    0.41389E+00   -0.62046E-02    0.24828E+00    0.37270E+00    0.70858E-02    0.15824E-01    0.50512E-04    0.18348E-02    0.18788E-02    0.15381E-03   -0.20347E-03    0.16543E-03   -0.20562E-03    0.59085E-03    0.39303E-03    0.33563E-04
    0.12376E-03   -0.32572E-03    0.30200E-04    0.95411E-03   -0.69190E-03    0.10734E-02    0.90752E-03    0.46524E+01   -0.81144E+00    0.91254E+01   -0.16149E+00   -0.80521E+01   -0.12302E+01   -0.10839E+00    0.86098E-02   -0.13921E+00    0.21176E-04    0.40487E-03    0.20150E+00    0.19193E+01   -0.21516E+00    0.11807E+00    0.31910E-01    0.70619E-01   -0.87664E-01   -0.38892E-01   -0.59199E-01    0.76124E-01   -0.14054E+00    0.13601E+00    0.14213E+00    0.25401E+00   -0.35335E-01    0.19802E+00    0.17094E+00    0.79826E-01    0.18617E-01   -0.39294E-01   -0.16465E+00   -0.17703E+00    0.52424E+00    0.58930E+01    0.28933E+00    0.37270E+00    0.16899E+02   -0.89862E-02   -0.64688E-01   -0.24262E-01   -0.10074E-01   -0.20535E-01    0.18020E-02    0.22302E-02    0.16031E-02    0.11323E-02    0.21349E-03    0.55766E-02    0.31115E-01
   -0.49525E-06   -0.63432E-06   -0.22227E-06   -0.30375E-05   -0.42313E-05   -0.66521E-05   -0.12050E-04   -0.52053E-01   -0.14898E-01   -0.40109E-01    0.47363E-01    0.50193E-01    0.43822E-01    0.36959E-03    0.76443E-04   -0.57431E-03    0.18125E-07    0.23871E-05    0.45962E-02   -0.47168E-01    0.18504E-03    0.52497E-04    0.13116E-02   -0.84706E-03   -0.56246E-03   -0.22841E-02   -0.99645E-04   -0.44319E-02    0.18511E-02    0.89923E-04    0.22819E-02   -0.16347E-02   -0.11831E-05   -0.22681E-02    0.10711E-02    0.93689E-03   -0.39114E-02    0.93872E-04    0.40262E-02    0.70747E-03    0.11489E-01   -0.38776E-02   -0.92448E-01    0.70858E-02   -0.89862E-02    0.83992E-02    0.78535E-02   -0.14314E-03    0.99776E-05   -0.23224E-04    0.29356E-04   -0.24224E-04    0.74806E-05   -0.10690E-04   -0.47974E-04    0.44561E-04    0.66827E-04
