# omegabh2 omegach2 theta tau logA ns nrun calPlanck aps100 aps143 aps217 acib217 asz143 psr cibr xi aksz dust100 dust143 dust217 dust143x217 cal0 cal2
  5.4777157E-08  -2.2399972E-07   4.7261640E-08   6.1531154E-07   1.0032717E-06   5.4878169E-07  -6.3020144E-07   2.3510772E-08  -2.8904148E-04  -3.5739251E-04  -8.6284598E-05  -8.2765250E-05   2.7664485E-05   2.4882012E-07  -1.5187960E-06   1.5809447E-07  -1.9298553E-05   1.4946309E-06   1.2465607E-06   6.9313865E-07   7.5745406E-07   6.9229794E-09  -6.6857420E-09
 -2.2399972E-07   4.4814424E-06  -4.4805058E-07  -4.1755075E-06   2.5516666E-06  -1.0399772E-05  -2.1202328E-06  -1.2957871E-07   2.2132870E-03   2.4971248E-03  -1.7408965E-05   8.6646087E-04  -1.6418884E-04  -4.0208398E-06   1.6336136E-05  -1.0657652E-06   1.6856120E-04  -2.3261402E-06  -8.4273603E-07  -3.3036794E-06  -5.3362631E-07  -4.8383464E-08   8.8209707E-08
  4.7261640E-08  -4.4805058E-07   2.2866272E-07   6.7126599E-07   5.4294974E-07   1.2512764E-06  -3.8080013E-08   2.6160183E-08  -2.7276726E-04  -2.1724440E-04  -2.3962292E-05  -7.4914955E-05   2.5192996E-05  -3.7352540E-07  -6.2769616E-07  -3.2632442E-07  -1.4489841E-05   8.1165174E-07   2.8259357E-07   8.6885024E-07   5.4754534E-07   4.3354457E-09  -4.4312077E-09
  6.1531154E-07  -4.1755075E-06   6.7126599E-07   7.1661521E-05   1.3665536E-04   1.1202913E-05  -1.5868819E-05  -2.2687409E-07  -4.2241689E-03  -2.1269026E-03   5.1163214E-05  -1.4188320E-03  -1.2328321E-04   4.7972122E-06  -5.2260450E-05   2.9457483E-05  -2.1275779E-04   1.8487609E-05  -3.7475409E-06   5.4955447E-06   1.3102544E-05  -2.5363595E-08  -2.3168239E-07
  1.0032717E-06   2.5516666E-06   5.4294974E-07   1.3665536E-04   3.1930467E-04  -5.8100438E-06  -5.0011724E-05   1.1924449E-05   8.4131103E-03   5.5783217E-03   5.7849720E-03  -4.9129018E-04  -8.0585668E-04   1.0717031E-05  -9.7413088E-05   5.8005318E-05  -4.3438124E-04   4.8854472E-05  -8.8586587E-05   2.7252140E-05   2.1992012E-05   5.7416795E-07  -1.3851890E-07
  5.4878169E-07  -1.0399772E-05   1.2512764E-06   1.1202913E-05  -5.8100438E-06   3.7041462E-05   1.3902940E-05   7.2023074E-07  -3.4849665E-02  -1.5595489E-02   1.1339723E-02  -9.9118833E-03   1.1928021E-03   9.1441110E-05  -1.7782917E-04   9.0351681E-05  -2.9943726E-03   1.4259249E-05  -2.4421350E-05   4.6133517E-05  -5.3891967E-06  -3.1257703E-07  -7.4088579E-07
 -6.3020144E-07  -2.1202328E-06  -3.8080013E-08  -1.5868819E-05  -5.0011724E-05   1.3902940E-05   5.8253299E-05   2.3419500E-07  -3.7593820E-02  -1.6598126E-02   1.4163783E-02  -1.1536144E-02   1.1505565E-03   1.0469783E-04  -2.1033344E-04   8.3856430E-05  -3.1239767E-03  -7.3596199E-05  -6.3180118E-05   4.5215379E-05  -2.4741039E-05  -3.6202962E-07  -9.4050482E-07
  2.3510772E-08  -1.2957871E-07   2.6160183E-08  -2.2687409E-07   1.1924449E-05   7.2023074E-07   2.3419500E-07   6.3183946E-06   2.3376327E-03  -1.1408880E-04   1.6633204E-03   1.9191470E-04   1.0037932E-05   3.7396609E-06  -1.2297419E-05  -7.8047773E-06  -7.3251966E-05   8.1297652E-06   4.2943820E-07   9.0190844E-06   4.0111705E-07  -1.9003195E-09  -5.6110200E-08
 -2.8904148E-04   2.2132870E-03  -2.7276726E-04  -4.2241689E-03   8.4131103E-03  -3.4849665E-02  -3.7593820E-02   2.3376327E-03   6.3898550E+02   7.2174404E+01  -7.1526749E+01   4.2603282E+01  -2.5889390E+01  -9.1492415E-01   1.1212239E-01  -4.1953226E-01   1.2925427E+01  -1.3933492E-01   3.4790945E-01  -3.0555460E-01  -2.3282578E-01   6.7364031E-03   3.8328223E-03
 -3.5739251E-04   2.4971248E-03  -2.1724440E-04  -2.1269026E-03   5.5783217E-03  -1.5595489E-02  -1.6598126E-02  -1.1408880E-04   7.2174404E+01   7.3413039E+01   4.7872109E+00   1.0804518E+01  -9.6678339E-01  -3.6010085E-02   5.0513470E-01   8.0275828E-01  -6.8601776E+00  -1.5205569E-02  -2.2021594E-01   2.2609071E-02   4.6536243E-02   8.8597007E-04   9.6193417E-04
 -8.6284598E-05  -1.7408965E-05  -2.3962292E-05   5.1163214E-05   5.7849720E-03   1.1339723E-02   1.4163783E-02   1.6633204E-03  -7.1526749E+01   4.7872109E+00   1.8609627E+02  -9.0506535E+01   2.7475558E+00   3.8276925E-01  -1.1303232E+00   3.6718487E-01  -7.6475740E+00  -8.2096944E-02  -3.1918554E-01   6.0214104E-01   2.6547570E-02   1.5921155E-03  -8.3512860E-03
 -8.2765250E-05   8.6646087E-04  -7.4914955E-05  -1.4188320E-03  -4.9129018E-04  -9.9118833E-03  -1.1536144E-02   1.9191470E-04   4.2603282E+01   1.0804518E+01  -9.0506535E+01   5.7150323E+01   1.3879360E+00  -8.4329831E-02   7.8470430E-01  -2.8532585E-01  -2.0698963E+00   3.7945961E-02   1.8361518E-01  -4.8222557E-01  -1.3726389E-01  -5.0943483E-04   3.6188032E-03
  2.7664485E-05  -1.6418884E-04   2.5192996E-05  -1.2328321E-04  -8.0585668E-04   1.1928021E-03   1.1505565E-03   1.0037932E-05  -2.5889390E+01  -9.6678339E-01   2.7475558E+00   1.3879360E+00   4.2723902E+00   9.9423294E-02   1.3827315E-01  -3.8279839E-02  -3.5152504E+00  -7.0653285E-03  -1.0324389E-02   1.0613703E-02   5.3136681E-02   4.4012900E-04  -2.0205127E-04
  2.4882012E-07  -4.0208398E-06  -3.7352540E-07   4.7972122E-06   1.0717031E-05   9.1441110E-05   1.0469783E-04   3.7396609E-06  -9.1492415E-01  -3.6010085E-02   3.8276925E-01  -8.4329831E-02   9.9423294E-02   1.6139916E-02  -1.6832427E-02   1.2661553E-02  -1.0696884E-01  -1.4763836E-04  -1.3705500E-03  -2.2552525E-03   5.5551742E-03   1.5202664E-05  -3.7884190E-05
 -1.5187960E-06   1.6336136E-05  -6.2769616E-07  -5.2260450E-05  -9.7413088E-05  -1.7782917E-04  -2.1033344E-04  -1.2297419E-05   1.1212239E-01   5.0513470E-01  -1.1303232E+00   7.8470430E-01   1.3827315E-01  -1.6832427E-02   6.5174258E-02   2.2126094E-03  -1.3112251E-01   5.1866535E-04   6.3390392E-03  -8.6776033E-04  -1.8106031E-02  -6.3771875E-06   9.9694111E-05
  1.5809447E-07  -1.0657652E-06  -3.2632442E-07   2.9457483E-05   5.8005318E-05   9.0351681E-05   8.3856430E-05  -7.8047773E-06  -4.1953226E-01   8.0275828E-01   3.6718487E-01  -2.8532585E-01  -3.8279839E-02   1.2661553E-02   2.2126094E-03   8.2259004E-02   3.8388291E-02   5.6936217E-04   3.0739038E-04   9.8995171E-04   1.1848137E-03   9.5817416E-06  -1.2258506E-05
 -1.9298553E-05   1.6856120E-04  -1.4489841E-05  -2.1275779E-04  -4.3438124E-04  -2.9943726E-03  -3.1239767E-03  -7.3251966E-05   1.2925427E+01  -6.8601776E+00  -7.6475740E+00  -2.0698963E+00  -3.5152504E+00  -1.0696884E-01  -1.3112251E-01   3.8388291E-02   7.4896860E+00   4.9677938E-03   2.9591157E-03  -5.0220352E-03  -4.5410806E-02  -3.4754793E-04   9.1485640E-05
  1.4946309E-06  -2.3261402E-06   8.1165174E-07   1.8487609E-05   4.8854472E-05   1.4259249E-05  -7.3596199E-05   8.1297652E-06  -1.3933492E-01  -1.5205569E-02  -8.2096944E-02   3.7945961E-02  -7.0653285E-03  -1.4763836E-04   5.1866535E-04   5.6936217E-04   4.9677938E-03   3.8207798E-02   3.3535334E-03  -8.0515978E-05   8.8930342E-04   3.4215114E-05  -6.8724553E-07
  1.2465607E-06  -8.4273603E-07   2.8259357E-07  -3.7475409E-06  -8.8586587E-05  -2.4421350E-05  -6.3180118E-05   4.2943820E-07   3.4790945E-01  -2.2021594E-01  -3.1918554E-01   1.8361518E-01  -1.0324389E-02  -1.3705500E-03   6.3390392E-03   3.0739038E-04   2.9591157E-03   3.3535334E-03   3.0609165E-02  -7.8377572E-04   5.5323148E-03  -7.8526286E-05  -3.9118421E-05
  6.9313865E-07  -3.3036794E-06   8.6885024E-07   5.4955447E-06   2.7252140E-05   4.6133517E-05   4.5215379E-05   9.0190844E-06  -3.0555460E-01   2.2609071E-02   6.0214104E-01  -4.8222557E-01   1.0613703E-02  -2.2552525E-03  -8.6776033E-04   9.8995171E-04  -5.0220352E-03  -8.0515978E-05  -7.8377572E-04   1.0836395E-02   8.7088471E-03   5.1689565E-06   5.8368027E-05
  7.5745406E-07  -5.3362631E-07   5.4754534E-07   1.3102544E-05   2.1992012E-05  -5.3891967E-06  -2.4741039E-05   4.0111705E-07  -2.3282578E-01   4.6536243E-02   2.6547570E-02  -1.3726389E-01   5.3136681E-02   5.5551742E-03  -1.8106031E-02   1.1848137E-03  -4.5410806E-02   8.8930342E-04   5.5323148E-03   8.7088471E-03   2.6934922E-02  -5.6286479E-07   5.6467904E-05
  6.9229794E-09  -4.8383464E-08   4.3354457E-09  -2.5363595E-08   5.7416795E-07  -3.1257703E-07  -3.6202962E-07  -1.9003195E-09   6.7364031E-03   8.8597007E-04   1.5921155E-03  -5.0943483E-04   4.4012900E-04   1.5202664E-05  -6.3771875E-06   9.5817416E-06  -3.4754793E-04   3.4215114E-05  -7.8526286E-05   5.1689565E-06  -5.6286479E-07   1.0991157E-06   5.9495869E-08
 -6.6857420E-09   8.8209707E-08  -4.4312077E-09  -2.3168239E-07  -1.3851890E-07  -7.4088579E-07  -9.4050482E-07  -5.6110200E-08   3.8328223E-03   9.6193417E-04  -8.3512860E-03   3.6188032E-03  -2.0205127E-04  -3.7884190E-05   9.9694111E-05  -1.2258506E-05   9.1485640E-05  -6.8724553E-07  -3.9118421E-05   5.8368027E-05   5.6467904E-05   5.9495869E-08   2.4743987E-06
