# omegabh2 omegach2 theta tau logA ns nrun r acib217 acibsz143 asz143 aps100 aps143 aps143217 aps217 aksz kgal100 t1gal143 t1gal143217 t1gal217 calib_100T calib_217T
    0.7258618E-07   -0.2147963E-06    0.5287076E-07    0.1591281E-05    0.2969685E-05    0.5719019E-06   -0.1243202E-05    0.4505673E-05   -0.1456649E-03   -0.8085917E-04    0.2339871E-04   -0.5825065E-03   -0.3761765E-03   -0.1596270E-03   -0.1759292E-03   -0.1738441E-04    0.1112585E-02    0.6925373E-03    0.7175026E-03    0.7010894E-03   -0.7249511E-07    0.5321187E-08
   -0.2147963E-06    0.4261133E-05   -0.4020277E-06   -0.8270734E-05   -0.6835689E-05   -0.1000201E-04    0.1392341E-06   -0.2406461E-04    0.2700932E-03    0.9118444E-04   -0.1924993E-03    0.6869467E-03    0.1061197E-02    0.2044583E-03    0.4975970E-04    0.1786961E-03    0.2640109E-02    0.2573798E-02    0.2553902E-02    0.2559568E-02   -0.6269697E-07   -0.1838982E-08
    0.5287076E-07   -0.4020277E-06    0.2423857E-06    0.1494525E-05    0.2316855E-05    0.1267362E-05   -0.5168789E-06    0.3999011E-05   -0.2455128E-04   -0.4014469E-04    0.3815963E-04   -0.3686014E-03   -0.2902578E-03   -0.1235222E-03   -0.1825009E-03   -0.3298997E-05    0.5175023E-03    0.1772014E-03    0.3013010E-03    0.3728982E-03   -0.4967548E-07   -0.2027810E-07
    0.1591281E-05   -0.8270734E-05    0.1494525E-05    0.2320088E-03    0.4581644E-03    0.2602953E-04   -0.4973464E-04    0.5655352E-04   -0.4380022E-02   -0.2975306E-02   -0.2548128E-03    0.6254133E-02    0.4807150E-02    0.8071327E-02    0.5533794E-02   -0.8749581E-03   -0.9718852E-02   -0.1275517E-01   -0.1239721E-01   -0.1348195E-01   -0.1884620E-06    0.4882580E-06
    0.2969685E-05   -0.6835689E-05    0.2316855E-05    0.4581644E-03    0.9452098E-03    0.2468993E-04   -0.1164197E-03    0.7295257E-04   -0.3439745E-02   -0.4508964E-02   -0.1537776E-02    0.3935266E-01    0.2557873E-01    0.2476088E-01    0.1645695E-01   -0.7647781E-03   -0.3485915E-01   -0.6705704E-01   -0.6530081E-01   -0.6709528E-01   -0.3344876E-05    0.5565085E-06
    0.5719019E-06   -0.1000201E-04    0.1267362E-05    0.2602953E-04    0.2468993E-04    0.4135978E-04    0.8078201E-05    0.9525824E-04   -0.1465236E-01   -0.6960994E-02   -0.1243728E-02   -0.1578926E-01    0.4227967E-02    0.1665422E-01    0.1741760E-01   -0.3613067E-02   -0.4933260E-02   -0.6240442E-02   -0.7170067E-02   -0.6453134E-02    0.6522061E-06    0.4775567E-06
   -0.1243202E-05    0.1392341E-06   -0.5168789E-06   -0.4973464E-04   -0.1164197E-03    0.8078201E-05    0.8632206E-04   -0.2690538E-03   -0.1599775E-01   -0.7593049E-02   -0.1373983E-02   -0.1284069E-01    0.4503067E-02    0.1878656E-01    0.2034936E-01   -0.3974582E-02   -0.1408508E-01   -0.1189729E-01   -0.1520630E-01   -0.1620766E-01    0.1403894E-05    0.8238151E-06
    0.4505673E-05   -0.2406461E-04    0.3999011E-05    0.5655352E-04    0.7295257E-04    0.9525824E-04   -0.2690538E-03    0.3973745E-02    0.2357596E-01    0.1453281E-01   -0.7992799E-03   -0.1075334E-01   -0.1971182E-01   -0.4553974E-01   -0.4158094E-01    0.1467698E-02    0.6747171E-01    0.9755957E-01    0.1020497E+00    0.1109424E+00    0.1496304E-05   -0.2260876E-05
   -0.1456649E-03    0.2700932E-03   -0.2455128E-04   -0.4380022E-02   -0.3439745E-02   -0.1465236E-01   -0.1599775E-01    0.2357596E-01    0.7707393E+02    0.3049114E+02    0.1438572E+01    0.2350464E+02   -0.2330192E+02   -0.7648447E+02   -0.9197399E+02   -0.2291622E+01   -0.1405712E+02   -0.2658366E+02   -0.3201799E+02   -0.3629998E+02   -0.3243790E-03   -0.3683305E-02
   -0.8085917E-04    0.9118444E-04   -0.4014469E-04   -0.2975306E-02   -0.4508964E-02   -0.6960994E-02   -0.7593049E-02    0.1453281E-01    0.3049114E+02    0.2133699E+02    0.2617909E+01   -0.1047619E+02   -0.2440752E+02   -0.4996959E+02   -0.3107641E+02   -0.1244548E+01   -0.7715666E+01   -0.1364279E+02   -0.2139690E+02   -0.2314168E+02   -0.1694156E-03   -0.2758647E-03
    0.2339871E-04   -0.1924993E-03    0.3815963E-04   -0.2548128E-03   -0.1537776E-02   -0.1243728E-02   -0.1373983E-02   -0.7992799E-03    0.1438572E+01    0.2617909E+01    0.5384199E+01   -0.3488938E+02   -0.1585906E+02   -0.5608664E+01   -0.1236623E+01   -0.1591746E+00   -0.1847160E+01   -0.7539989E+00    0.2242565E+01    0.2420760E+01   -0.2264574E-03    0.2170854E-03
   -0.5825065E-03    0.6869467E-03   -0.3686014E-03    0.6254133E-02    0.3935266E-01   -0.1578926E-01   -0.1284069E-01   -0.1075334E-01    0.2350464E+02   -0.1047619E+02   -0.3488938E+02    0.7354183E+03    0.1663166E+03    0.6299138E+02    0.4828509E+01   -0.9301044E+01   -0.8415789E+02   -0.5114559E+02   -0.5124380E+02   -0.4601477E+02   -0.2085001E-02   -0.4684084E-02
   -0.3761765E-03    0.1061197E-02   -0.2902578E-03    0.4807150E-02    0.2557873E-01    0.4227967E-02    0.4503067E-02   -0.1971182E-01   -0.2330192E+02   -0.2440752E+02   -0.1585906E+02    0.1663166E+03    0.1211173E+03    0.9868344E+02    0.5798563E+02   -0.9384460E+01   -0.2407131E+02   -0.4054990E+02   -0.3159902E+02   -0.2696003E+02   -0.7619270E-03   -0.1102377E-02
   -0.1596270E-03    0.2044583E-03   -0.1235222E-03    0.8071327E-02    0.2476088E-01    0.1665422E-01    0.1878656E-01   -0.4553974E-01   -0.7648447E+02   -0.4996959E+02   -0.5608664E+01    0.6299138E+02    0.9868344E+02    0.1615114E+03    0.1204370E+03   -0.7369235E+01   -0.1274189E+02   -0.1828021E+02   -0.4791655E+01   -0.3192007E+01   -0.1103059E-02    0.1929267E-02
   -0.1759292E-03    0.4975970E-04   -0.1825009E-03    0.5533794E-02    0.1645695E-01    0.1741760E-01    0.2034936E-01   -0.4158094E-01   -0.9197399E+02   -0.3107641E+02   -0.1236623E+01    0.4828509E+01    0.5798563E+02    0.1204370E+03    0.1572705E+03   -0.7751756E+01   -0.1337619E+02   -0.1925062E+02   -0.2430704E+02   -0.2672378E+02   -0.1158329E-02    0.6397113E-02
   -0.1738441E-04    0.1786961E-03   -0.3298997E-05   -0.8749581E-03   -0.7647781E-03   -0.3613067E-02   -0.3974582E-02    0.1467698E-02   -0.2291622E+01   -0.1244548E+01   -0.1591746E+00   -0.9301044E+01   -0.9384460E+01   -0.7369235E+01   -0.7751756E+01    0.7960905E+01   -0.3027177E+01   -0.5011244E+01   -0.5665374E+01   -0.6338124E+01   -0.1398698E-03    0.2244856E-03
    0.1112585E-02    0.2640109E-02    0.5175023E-03   -0.9718852E-02   -0.3485915E-01   -0.4933260E-02   -0.1408508E-01    0.6747171E-01   -0.1405712E+02   -0.7715666E+01   -0.1847160E+01   -0.8415789E+02   -0.2407131E+02   -0.1274189E+02   -0.1337619E+02   -0.3027177E+01    0.2371239E+03    0.1520126E+03    0.1495677E+03    0.1480445E+03   -0.1351705E-01    0.4235299E-03
    0.6925373E-03    0.2573798E-02    0.1772014E-03   -0.1275517E-01   -0.6705704E-01   -0.6240442E-02   -0.1189729E-01    0.9755957E-01   -0.2658366E+02   -0.1364279E+02   -0.7539989E+00   -0.5114559E+02   -0.4054990E+02   -0.1828021E+02   -0.1925062E+02   -0.5011244E+01    0.1520126E+03    0.2733440E+03    0.2759640E+03    0.2754342E+03    0.8699560E-02    0.8764354E-03
    0.7175026E-03    0.2553902E-02    0.3013010E-03   -0.1239721E-01   -0.6530081E-01   -0.7170067E-02   -0.1520630E-01    0.1020497E+00   -0.3201799E+02   -0.2139690E+02    0.2242565E+01   -0.5124380E+02   -0.3159902E+02   -0.4791655E+01   -0.2430704E+02   -0.5665374E+01    0.1495677E+03    0.2759640E+03    0.3175004E+03    0.3430339E+03    0.8444411E-02   -0.4561413E-02
    0.7010894E-03    0.2559568E-02    0.3728982E-03   -0.1348195E-01   -0.6709528E-01   -0.6453134E-02   -0.1620766E-01    0.1109424E+00   -0.3629998E+02   -0.2314168E+02    0.2420760E+01   -0.4601477E+02   -0.2696003E+02   -0.3192007E+01   -0.2672378E+02   -0.6338124E+01    0.1480445E+03    0.2754342E+03    0.3430339E+03    0.3949175E+03    0.8316731E-02   -0.9549181E-02
   -0.7249511E-07   -0.6269697E-07   -0.4967548E-07   -0.1884620E-06   -0.3344876E-05    0.6522061E-06    0.1403894E-05    0.1496304E-05   -0.3243790E-03   -0.1694156E-03   -0.2264574E-03   -0.2085001E-02   -0.7619270E-03   -0.1103059E-02   -0.1158329E-02   -0.1398698E-03   -0.1351705E-01    0.8699560E-02    0.8444411E-02    0.8316731E-02    0.3030536E-05    0.4690464E-07
    0.5321187E-08   -0.1838982E-08   -0.2027810E-07    0.4882580E-06    0.5565085E-06    0.4775567E-06    0.8238151E-06   -0.2260876E-05   -0.3683305E-02   -0.2758647E-03    0.2170854E-03   -0.4684084E-02   -0.1102377E-02    0.1929267E-02    0.6397113E-02    0.2244856E-03    0.4235299E-03    0.8764354E-03   -0.4561413E-02   -0.9549181E-02    0.4690464E-07    0.1483059E-05
