# omegabh2 omegach2 theta tau ns logA r aps100 aps143 aps217 acib143 acib217 asz143 psr cibr ncib cal0 cal2 xi aksz bm_1_1 bm_1_2 bm_1_3 bm_1_4 bm_1_5 bm_2_1 bm_2_2 bm_2_3 bm_2_4 bm_2_5 bm_3_1 bm_3_2 bm_3_3 bm_3_4 bm_3_5 bm_4_1 bm_4_2 bm_4_3 bm_4_4 bm_4_5 a_ps_act_148 a_ps_act_217 a_ps_spt_95 a_ps_spt_150 a_ps_spt_220 r_ps_spt_95x150 r_ps_spt_95x220 r_ps_150x220 act_dust_s act_dust_e cal_acts_148 cal_acts_217 cal_acte_148 cal_acte_217 cal_spt_95 cal_spt_150 cal_spt_220
    0.73142E-07   -0.39899E-06    0.78789E-07    0.96699E-06    0.11103E-05    0.11241E-05    0.50515E-06   -0.63657E-03   -0.77953E-03   -0.63675E-03   -0.10101E-06    0.33146E-04    0.22465E-04   -0.15406E-05   -0.45734E-06    0.87588E-06    0.15050E-08   -0.24934E-08   -0.46654E-05   -0.47539E-04   -0.16992E-04   -0.69852E-05   -0.65267E-05   -0.24114E-06    0.73157E-06   -0.82718E-06    0.19507E-05    0.21363E-05    0.26184E-05    0.21451E-05    0.16064E-05   -0.26313E-05   -0.16249E-05   -0.21378E-05   -0.59532E-05    0.44345E-06   -0.66756E-06    0.24741E-05   -0.13990E-05    0.51340E-06    0.71077E-05    0.95607E-04    0.20713E-04    0.19173E-04    0.88971E-04   -0.55324E-06   -0.76124E-06    0.15787E-07   -0.96532E-06   -0.86989E-07    0.41192E-06    0.46911E-06    0.42853E-06    0.44823E-06    0.73559E-06    0.78092E-06    0.43341E-06
   -0.39899E-06    0.72980E-05   -0.75286E-06   -0.11207E-04   -0.16901E-04   -0.46941E-05   -0.13792E-04    0.36356E-02    0.35217E-02    0.34441E-02   -0.10863E-04   -0.29770E-03   -0.88159E-04    0.53026E-05    0.13386E-05   -0.54732E-05   -0.16525E-07    0.78225E-07    0.12426E-04    0.10211E-04    0.15413E-03   -0.11276E-04    0.40668E-04   -0.39634E-05    0.22126E-05    0.45476E-04    0.18899E-04   -0.17442E-04   -0.42939E-04   -0.34689E-04   -0.33416E-04    0.30868E-05    0.24442E-04   -0.10179E-04    0.26968E-04    0.40419E-05    0.31234E-04    0.91910E-05    0.40836E-04   -0.25381E-04   -0.17414E-04   -0.39514E-03   -0.27729E-04   -0.58430E-04   -0.36843E-03    0.97314E-06    0.58506E-06   -0.55996E-06    0.62809E-05    0.14380E-05   -0.22850E-05   -0.26090E-05   -0.20681E-05   -0.24514E-05   -0.34236E-05   -0.36740E-05   -0.25359E-05
    0.78789E-07   -0.75286E-06    0.39677E-06    0.15263E-05    0.22619E-05    0.15753E-05    0.12279E-05   -0.42621E-03   -0.45925E-03   -0.43986E-03    0.47532E-05    0.31760E-04    0.26130E-04   -0.72472E-06   -0.93945E-07    0.38338E-06    0.33452E-08   -0.18415E-08   -0.27336E-05   -0.32169E-04   -0.12253E-04    0.80654E-05    0.36752E-05   -0.55913E-05   -0.96566E-05   -0.16291E-05   -0.10495E-05    0.57063E-05    0.86119E-05    0.12399E-04   -0.54974E-06    0.10501E-04    0.72817E-07    0.30363E-05   -0.11602E-04   -0.70158E-06   -0.23115E-05    0.17177E-05   -0.66516E-05    0.70060E-05    0.54924E-05    0.70904E-04    0.52450E-05    0.76522E-05    0.74194E-04   -0.11893E-06   -0.28943E-06   -0.12728E-07    0.23061E-06    0.20446E-06    0.37263E-06    0.29380E-06    0.35529E-06    0.36771E-06    0.46057E-06    0.56983E-06    0.44801E-06
    0.96699E-06   -0.11207E-04    0.15263E-05    0.17160E-03    0.34870E-04    0.31513E-03   -0.16530E-04   -0.23011E-01   -0.18151E-01   -0.14322E-01   -0.13860E-03    0.13052E-02    0.22763E-03   -0.29784E-04   -0.36709E-05    0.32307E-04   -0.10501E-09    0.29160E-07   -0.10828E-03   -0.13033E-02   -0.34732E-03   -0.18855E-03   -0.24847E-03    0.84600E-04   -0.55999E-04    0.78543E-04    0.19633E-03   -0.74577E-04    0.14631E-03   -0.92528E-05    0.80166E-04   -0.20679E-03   -0.58053E-04   -0.14690E-05   -0.25165E-03    0.12200E-03   -0.45624E-04    0.15677E-03    0.16414E-03    0.10526E-04    0.19576E-03    0.15414E-02    0.80118E-03    0.43230E-03    0.16083E-02   -0.29382E-04   -0.38836E-04   -0.28033E-05   -0.20406E-04    0.26755E-04    0.76390E-05    0.98507E-05    0.91681E-05    0.10324E-04    0.12906E-04    0.15909E-04    0.10392E-04
    0.11103E-05   -0.16901E-04    0.22619E-05    0.34870E-04    0.55278E-04    0.25404E-04    0.51135E-04   -0.38913E-01   -0.21828E-01   -0.15519E-01   -0.11260E-04    0.10898E-02    0.80013E-03   -0.38429E-04   -0.10719E-04    0.28181E-04   -0.53467E-07    0.10529E-06   -0.16820E-03   -0.12193E-02   -0.59497E-03   -0.16692E-03   -0.19109E-03    0.45139E-04    0.21911E-04    0.18804E-03    0.97089E-04    0.41012E-04    0.13870E-03    0.32082E-04    0.86779E-04   -0.63831E-04   -0.61407E-04   -0.58166E-05   -0.79998E-04    0.18965E-03    0.58013E-04    0.61745E-04   -0.31931E-04    0.88217E-04    0.12532E-03    0.18480E-02    0.23801E-03    0.30893E-03    0.15814E-02   -0.13511E-04   -0.19112E-04    0.11954E-05   -0.17417E-04    0.41436E-05    0.10473E-04    0.98949E-05    0.10433E-04    0.94547E-05    0.17181E-04    0.16039E-04    0.95826E-05
    0.11241E-05   -0.46941E-05    0.15753E-05    0.31513E-03    0.25404E-04    0.62305E-03   -0.74294E-04   -0.45458E-01   -0.30782E-01   -0.22459E-01   -0.38419E-03    0.25578E-02    0.30286E-03   -0.46639E-04   -0.83971E-05    0.66469E-04    0.36822E-07    0.54103E-06   -0.24364E-03   -0.29456E-02    0.12712E-03   -0.30237E-03   -0.37352E-03    0.15660E-03   -0.11299E-03    0.64194E-03    0.52030E-03   -0.16616E-03    0.17053E-03   -0.15853E-03    0.13851E-03   -0.32613E-03   -0.96610E-04   -0.79970E-04   -0.54324E-03    0.54790E-03    0.15962E-03    0.39874E-03    0.44546E-03   -0.36008E-04    0.34471E-03    0.19355E-02    0.16974E-02    0.71328E-03    0.21071E-02   -0.68254E-04   -0.96076E-04   -0.76844E-05   -0.26192E-04    0.54591E-04    0.10817E-04    0.14166E-04    0.14324E-04    0.15717E-04    0.18173E-04    0.23772E-04    0.15235E-04
    0.50515E-06   -0.13792E-04    0.12279E-05   -0.16530E-04    0.51135E-04   -0.74294E-04    0.15823E-02   -0.18788E-01   -0.18595E-01   -0.11368E-01   -0.59123E-03    0.24079E-02    0.28473E-03   -0.28389E-04   -0.35931E-04    0.86838E-04   -0.12507E-06    0.14562E-06   -0.20652E-03   -0.30923E-03   -0.38281E-03   -0.35218E-03   -0.10374E-03   -0.54062E-03   -0.56351E-03    0.28015E-03   -0.94207E-04    0.26795E-03    0.36429E-03   -0.15055E-03   -0.29068E-03   -0.40336E-03    0.77238E-03   -0.22339E-03   -0.37181E-03   -0.42185E-04    0.10429E-03    0.20617E-04   -0.14312E-03    0.33407E-03   -0.53306E-03   -0.13203E-02    0.75129E-03   -0.31791E-04   -0.10919E-02   -0.93654E-04   -0.11250E-03    0.13964E-04    0.32758E-04   -0.82230E-04    0.82776E-05    0.65876E-05    0.36988E-05    0.31148E-05    0.15495E-04    0.11968E-04    0.71030E-05
   -0.63657E-03    0.36356E-02   -0.42621E-03   -0.23011E-01   -0.38913E-01   -0.45458E-01   -0.18788E-01    0.15960E+04    0.85338E+02    0.21573E+02   -0.56654E+00   -0.20651E+01   -0.11985E+02   -0.41898E-01   -0.10688E+00   -0.43926E-01    0.13166E-02   -0.26566E-02    0.10369E+01    0.90484E+01    0.16366E+02   -0.71112E+01    0.64726E+00   -0.34918E-01   -0.50279E+00   -0.15752E+01   -0.46938E+01   -0.97038E+00   -0.23113E+00   -0.79706E+00    0.39775E+00    0.24844E+00    0.21161E-01   -0.84788E+00   -0.34067E+01   -0.20969E+00   -0.21680E+01   -0.25034E+01   -0.30103E+00    0.26246E+01    0.44390E+00   -0.76048E+00    0.53922E+01   -0.27334E+00    0.28586E+01   -0.10069E+00   -0.38596E+00   -0.67342E-01   -0.13370E-01    0.93356E-01   -0.25173E-01    0.56584E-02   -0.25243E-01    0.68330E-02   -0.78211E-01   -0.30637E-01    0.45396E-02
   -0.77953E-03    0.35217E-02   -0.45925E-03   -0.18151E-01   -0.21828E-01   -0.30782E-01   -0.18595E-01    0.85338E+02    0.64796E+02    0.16575E+02    0.23682E+00    0.26598E+00   -0.19976E+01    0.35941E-01    0.24530E-01   -0.27111E-01    0.46384E-04   -0.89356E-03    0.22073E+00    0.45438E+00   -0.13066E-01   -0.21197E+00    0.10439E+00    0.79193E-01   -0.37069E-01    0.22066E+00   -0.28419E+00   -0.18931E+00   -0.12203E+00    0.11238E+00   -0.15760E+00    0.12667E+00   -0.10062E-01    0.13402E+00    0.77191E-01    0.15428E+00   -0.20322E+00   -0.27880E+00   -0.96497E-01    0.13336E+00    0.33113E+00   -0.15712E+01    0.98504E+00   -0.22738E+00   -0.81042E+00    0.89903E-02   -0.40809E-01   -0.32688E-01    0.21348E-01    0.15021E-01   -0.13086E-01   -0.73988E-02   -0.13417E-01   -0.70949E-02   -0.28501E-01   -0.19178E-01   -0.59337E-02
   -0.63675E-03    0.34441E-02   -0.43986E-03   -0.14322E-01   -0.15519E-01   -0.22459E-01   -0.11368E-01    0.21573E+02    0.16575E+02    0.95242E+02   -0.10964E+01   -0.34089E+02    0.27465E+00   -0.35482E+00   -0.40482E-01   -0.44420E+00   -0.54973E-04    0.69473E-05    0.53137E-01    0.11028E+01   -0.51925E-01    0.73078E-01    0.76959E-01   -0.43394E-01    0.82404E-01    0.23865E-01   -0.29566E-01   -0.11039E+00   -0.58610E-01    0.16474E+00    0.13987E+00    0.22135E+00   -0.15281E+00    0.29734E+00    0.20540E+00    0.16408E+00   -0.96229E-01    0.64462E-01   -0.97986E-02   -0.13332E+00    0.20310E+00    0.17390E+02   -0.84079E+00    0.57643E+00    0.83441E+01   -0.40291E-01   -0.65134E-01    0.24128E-02    0.38300E-01    0.27181E-01   -0.62673E-02   -0.27835E-01   -0.54468E-02   -0.31334E-01   -0.65388E-02   -0.91452E-02   -0.56168E-01
   -0.10101E-06   -0.10863E-04    0.47532E-05   -0.13860E-03   -0.11260E-04   -0.38419E-03   -0.59123E-03   -0.56654E+00    0.23682E+00   -0.10964E+01    0.65546E+00    0.11763E+01    0.55445E+00    0.27528E-02   -0.35746E-02   -0.27715E-02   -0.50667E-05    0.70511E-04    0.38900E-02   -0.93399E+00   -0.95197E-02   -0.10706E-01   -0.83716E-02    0.23627E-02    0.14082E-01   -0.24197E-01    0.19843E-02   -0.50001E-04    0.12673E-01    0.58343E-02    0.46806E-02   -0.18611E-01    0.21235E-01   -0.84709E-02   -0.36815E-02   -0.14986E-01   -0.10765E-01    0.19885E-01    0.53276E-02    0.16171E-01    0.52591E-01   -0.17170E+00   -0.20487E+00   -0.25542E-01   -0.20912E-01    0.47943E-01    0.45159E-01   -0.42686E-02   -0.17225E-02    0.71415E-03    0.11840E-03    0.18487E-03    0.84271E-04    0.25413E-03   -0.84621E-03    0.48409E-03    0.18764E-02
    0.33146E-04   -0.29770E-03    0.31760E-04    0.13052E-02    0.10898E-02    0.25578E-02    0.24079E-02   -0.20651E+01    0.26598E+00   -0.34089E+02    0.11763E+01    0.21462E+02    0.19890E+01    0.21907E+00    0.28099E-01    0.28468E+00    0.18639E-04    0.34984E-04   -0.37563E+00   -0.44112E+01    0.23281E+00   -0.73517E-01   -0.77216E-01    0.70335E-03    0.35603E-02    0.41429E-01    0.61346E-01   -0.74800E-02    0.24357E+00   -0.13021E+00   -0.17291E+00   -0.42802E+00    0.10442E+00   -0.26770E+00   -0.24186E+00   -0.10164E+00   -0.40940E-01    0.61763E-01    0.57723E-01    0.29861E+00   -0.38320E+00   -0.11809E+02   -0.97860E-01   -0.76431E+00   -0.76542E+01    0.52547E-01    0.58303E-01   -0.10342E-01   -0.80138E-02   -0.13170E-01   -0.11355E-02    0.62830E-02   -0.17377E-02    0.83092E-02   -0.13931E-02   -0.35162E-02    0.20551E-01
    0.22465E-04   -0.88159E-04    0.26130E-04    0.22763E-03    0.80013E-03    0.30286E-03    0.28473E-03   -0.11985E+02   -0.19976E+01    0.27465E+00    0.55445E+00    0.19890E+01    0.19906E+01    0.19246E-01    0.22204E-01    0.16170E-01   -0.24037E-05   -0.13702E-03   -0.18875E+00   -0.24061E+01    0.43627E-01    0.22355E-01   -0.24889E-01    0.78429E-02    0.16338E-01    0.19226E-01    0.41940E-02   -0.84341E-02    0.17621E-01    0.11424E-01   -0.77235E-01   -0.36910E-01    0.39021E-01   -0.11789E-01   -0.24069E-01   -0.30227E-01   -0.29649E-01    0.13717E-01   -0.21295E-01    0.28455E-01   -0.83700E-01   -0.81166E+00   -0.79768E+00   -0.11136E+00   -0.11628E+01    0.44074E-01    0.70518E-01   -0.18181E-02   -0.16462E-02   -0.17945E-02    0.44914E-03   -0.27233E-02    0.41924E-03   -0.25685E-02    0.38571E-02    0.29701E-03   -0.16025E-02
   -0.15406E-05    0.53026E-05   -0.72472E-06   -0.29784E-04   -0.38429E-04   -0.46639E-04   -0.28389E-04   -0.41898E-01    0.35941E-01   -0.35482E+00    0.27528E-02    0.21907E+00    0.19246E-01    0.45556E-02   -0.54283E-04    0.31112E-02    0.41431E-06   -0.22199E-05   -0.14637E-02   -0.21814E-01    0.16397E-02    0.26086E-02    0.37682E-03    0.75269E-03   -0.83613E-03    0.16567E-02   -0.30415E-02    0.25709E-02   -0.23337E-02    0.12356E-02   -0.14670E-02    0.11284E-02    0.65541E-03    0.53203E-03   -0.39876E-03    0.38383E-03    0.29077E-03   -0.25430E-02   -0.49157E-02   -0.16108E-02   -0.15207E-02   -0.14965E+00   -0.78826E-02   -0.38761E-02   -0.10452E+00    0.36075E-03    0.14433E-02    0.35669E-03   -0.61997E-04    0.10907E-03   -0.33023E-04   -0.69225E-05   -0.42874E-04    0.25570E-04    0.16612E-04   -0.67387E-04    0.16496E-03
   -0.45734E-06    0.13386E-05   -0.93945E-07   -0.36709E-05   -0.10719E-04   -0.83971E-05   -0.35931E-04   -0.10688E+00    0.24530E-01   -0.40482E-01   -0.35746E-02    0.28099E-01    0.22204E-01   -0.54283E-04    0.29518E-02   -0.17910E-03    0.51597E-07    0.31327E-05   -0.61474E-03   -0.13802E-01    0.22594E-03   -0.28369E-03   -0.27645E-03    0.24439E-04    0.22955E-03   -0.24326E-02   -0.66244E-03   -0.11366E-02    0.13742E-02   -0.57880E-03    0.33538E-03   -0.14187E-02    0.83760E-04   -0.14526E-05   -0.47084E-03   -0.13467E-02   -0.13672E-02   -0.29129E-03    0.12042E-02    0.11096E-02    0.60656E-02    0.38805E-03   -0.14367E-01    0.34660E-02    0.57868E-02    0.16459E-03    0.15700E-02   -0.41397E-03   -0.29134E-05   -0.26272E-03    0.31527E-05    0.32527E-04    0.20619E-05    0.30760E-04    0.68323E-04   -0.13022E-05    0.87852E-04
    0.87588E-06   -0.54732E-05    0.38338E-06    0.32307E-04    0.28181E-04    0.66469E-04    0.86838E-04   -0.43926E-01   -0.27111E-01   -0.44420E+00   -0.27715E-02    0.28468E+00    0.16170E-01    0.31112E-02   -0.17910E-03    0.51385E-02    0.35464E-06   -0.78547E-05   -0.57385E-02   -0.35448E-01    0.62986E-02   -0.40910E-02   -0.21483E-02   -0.11754E-02   -0.54874E-03    0.29096E-02    0.42894E-02   -0.24085E-02    0.78615E-02   -0.49823E-02   -0.65383E-02   -0.11521E-01    0.10164E-02   -0.70889E-02   -0.65203E-02   -0.27746E-02   -0.50729E-03    0.40810E-02    0.55818E-02    0.94698E-02   -0.93898E-02   -0.19041E+00    0.25202E-02   -0.11277E-01   -0.13686E+00   -0.63429E-03   -0.30261E-03    0.25294E-03   -0.20959E-04   -0.15848E-03   -0.14014E-04    0.40520E-04   -0.22024E-04    0.73195E-04    0.46632E-04   -0.59980E-04    0.18825E-03
    0.15050E-08   -0.16525E-07    0.33452E-08   -0.10501E-09   -0.53467E-07    0.36822E-07   -0.12507E-06    0.13166E-02    0.46384E-04   -0.54973E-04   -0.50667E-05    0.18639E-04   -0.24037E-05    0.41431E-06    0.51597E-07    0.35464E-06    0.15855E-06    0.12110E-08   -0.17658E-05    0.12260E-05   -0.28250E-04   -0.15212E-04    0.19335E-05    0.26565E-05   -0.22032E-05    0.14705E-04   -0.10241E-05    0.30481E-05    0.46537E-05    0.38258E-05    0.70861E-05    0.80801E-05   -0.83608E-07    0.22715E-05    0.10646E-05    0.15021E-04    0.68146E-05   -0.40463E-06   -0.15816E-05    0.70905E-05    0.19668E-06   -0.42762E-05    0.52726E-05   -0.14754E-05   -0.50541E-05   -0.36842E-06   -0.59453E-06   -0.54386E-07    0.50627E-06   -0.42536E-06   -0.37464E-07    0.57610E-07    0.14842E-07    0.44896E-07   -0.24256E-07   -0.39708E-07    0.70863E-07
   -0.24934E-08    0.78225E-07   -0.18415E-08    0.29160E-07    0.10529E-06    0.54103E-06    0.14562E-06   -0.26566E-02   -0.89356E-03    0.69473E-05    0.70511E-04    0.34984E-04   -0.13702E-03   -0.22199E-05    0.31327E-05   -0.78547E-05    0.12110E-08    0.11562E-05    0.23255E-04    0.84141E-04    0.85426E-04    0.51479E-04   -0.62672E-05   -0.27103E-04   -0.24761E-07    0.40888E-03    0.43917E-04   -0.22034E-05   -0.74147E-05    0.37361E-04   -0.38116E-03    0.25047E-04   -0.77799E-04    0.24176E-04    0.21204E-04    0.47030E-04    0.77946E-04   -0.45325E-04   -0.75846E-04    0.51376E-05    0.47526E-04    0.21898E-03    0.64605E-04    0.26951E-04    0.36469E-03    0.46665E-05    0.12126E-05   -0.27105E-05    0.11658E-05    0.69987E-06    0.30411E-06    0.95460E-06    0.27236E-06    0.96283E-06   -0.47185E-06    0.37288E-06    0.13352E-05
   -0.46654E-05    0.12426E-04   -0.27336E-05   -0.10828E-03   -0.16820E-03   -0.24364E-03   -0.20652E-03    0.10369E+01    0.22073E+00    0.53137E-01    0.38900E-02   -0.37563E+00   -0.18875E+00   -0.14637E-02   -0.61474E-03   -0.57385E-02   -0.17658E-05    0.23255E-04    0.65086E-01    0.37310E+00   -0.10003E-01   -0.51782E-02    0.49929E-02   -0.16873E-02   -0.26702E-02   -0.90789E-02   -0.11798E-02   -0.74029E-03   -0.21186E-02   -0.37334E-02    0.98192E-02    0.39454E-02   -0.57784E-02    0.14818E-04    0.69669E-02   -0.93113E-03    0.22016E-02   -0.15387E-02    0.47069E-02   -0.33602E-02    0.61721E-01    0.15396E+00    0.50868E-02    0.58130E-01    0.21329E+00    0.44823E-02    0.85888E-02    0.11431E-02   -0.11448E-03    0.78253E-03    0.29847E-04    0.23411E-03    0.40620E-04    0.22323E-03   -0.24924E-03    0.24651E-03    0.49105E-03
   -0.47539E-04    0.10211E-04   -0.32169E-04   -0.13033E-02   -0.12193E-02   -0.29456E-02   -0.30923E-03    0.90484E+01    0.45438E+00    0.11028E+01   -0.93399E+00   -0.44112E+01   -0.24061E+01   -0.21814E-01   -0.13802E-01   -0.35448E-01    0.12260E-05    0.84141E-04    0.37310E+00    0.46489E+01   -0.60453E-01   -0.32774E-01    0.41854E-01   -0.15970E-01   -0.35749E-01   -0.12233E-01   -0.51600E-02    0.45495E-02   -0.28405E-01   -0.17570E-01    0.65443E-01    0.63085E-01   -0.73140E-01    0.25753E-01    0.42609E-01    0.28075E-01    0.36706E-01   -0.28402E-01    0.18300E-01   -0.31969E-01    0.96678E-01    0.14341E+01    0.33338E+00    0.26598E+00    0.18040E+01   -0.48044E-01   -0.30493E-01    0.17380E-01   -0.56299E-04   -0.32953E-02    0.67913E-03    0.28777E-02    0.74673E-03    0.26967E-02    0.89395E-05    0.18358E-02    0.22415E-02
   -0.16992E-04    0.15413E-03   -0.12253E-04   -0.34732E-03   -0.59497E-03    0.12712E-03   -0.38281E-03    0.16366E+02   -0.13066E-01   -0.51925E-01   -0.95197E-02    0.23281E+00    0.43627E-01    0.16397E-02    0.22594E-03    0.62986E-02   -0.28250E-04    0.85426E-04   -0.10003E-01   -0.60453E-01    0.65677E+00   -0.14540E+00    0.36840E-02    0.59834E-02   -0.38502E-02    0.20097E+00   -0.45771E-01   -0.33558E-01   -0.45456E-02   -0.56635E-01    0.15464E-01    0.34503E-01   -0.24745E-01   -0.45123E-01   -0.12495E+00    0.16582E+00    0.39613E-01   -0.14202E-01    0.20192E-01    0.84744E-01   -0.13732E-01   -0.21345E+00   -0.21217E-01   -0.12870E-01   -0.18728E+00   -0.47083E-03    0.40605E-03    0.28138E-03   -0.17736E-02    0.36093E-03   -0.88797E-06   -0.28774E-03   -0.34981E-04   -0.90675E-04   -0.10790E-03   -0.22467E-03   -0.40549E-04
   -0.69852E-05   -0.11276E-04    0.80654E-05   -0.18855E-03   -0.16692E-03   -0.30237E-03   -0.35218E-03   -0.71112E+01   -0.21197E+00    0.73078E-01   -0.10706E-01   -0.73517E-01    0.22355E-01    0.26086E-02   -0.28369E-03   -0.40910E-02   -0.15212E-04    0.51479E-04   -0.51782E-02   -0.32774E-01   -0.14540E+00    0.92282E+00   -0.41495E-02    0.90803E-02    0.11093E-01   -0.14493E+00    0.17381E+00    0.75575E-01   -0.13283E-01    0.47991E-01   -0.11598E+00    0.16550E-01    0.26984E-01    0.14790E-01    0.15106E+00   -0.21921E+00    0.46022E-01    0.10021E+00   -0.18842E-03   -0.21134E+00   -0.37264E-02    0.56051E-01    0.98492E-03   -0.60404E-02    0.79161E-01   -0.14940E-02   -0.20290E-02    0.67190E-04    0.10712E-02   -0.21120E-03   -0.10007E-03   -0.16288E-03   -0.25114E-04   -0.14496E-03   -0.10317E-03   -0.15640E-03    0.35820E-04
   -0.65267E-05    0.40668E-04    0.36752E-05   -0.24847E-03   -0.19109E-03   -0.37352E-03   -0.10374E-03    0.64726E+00    0.10439E+00    0.76959E-01   -0.83716E-02   -0.77216E-01   -0.24889E-01    0.37682E-03   -0.27645E-03   -0.21483E-02    0.19335E-05   -0.62672E-05    0.49929E-02    0.41854E-01    0.36840E-02   -0.41495E-02    0.99118E+00   -0.72098E-02    0.29700E-02   -0.36362E-01   -0.38585E-01    0.15367E+00   -0.20037E-01    0.61490E-01   -0.45762E-02    0.29643E-01   -0.18710E-01   -0.15045E-01    0.11527E+00   -0.46660E-01    0.31194E-01   -0.87314E-02   -0.17074E+00    0.87877E-01    0.11105E-02    0.38822E-01    0.11831E-01    0.48351E-02    0.46934E-01   -0.66308E-03   -0.34134E-03    0.53090E-04    0.11989E-02    0.12776E-03   -0.73425E-04   -0.14187E-03   -0.12373E-03   -0.48206E-04   -0.11049E-03   -0.10291E-03   -0.25859E-03
   -0.24114E-06   -0.39634E-05   -0.55913E-05    0.84600E-04    0.45139E-04    0.15660E-03   -0.54062E-03   -0.34918E-01    0.79193E-01   -0.43394E-01    0.23627E-02    0.70335E-03    0.78429E-02    0.75269E-03    0.24439E-04   -0.11754E-02    0.26565E-05   -0.27103E-04   -0.16873E-02   -0.15970E-01    0.59834E-02    0.90803E-02   -0.72098E-02    0.98305E+00   -0.17611E-02    0.63379E-01   -0.90811E-01    0.96268E-01   -0.98963E-01    0.53405E-01    0.85064E-01    0.11130E+00    0.55524E-01    0.15153E+00   -0.11530E+00    0.98656E-01    0.56096E-01   -0.97704E-02   -0.13392E+00    0.39595E-01    0.21673E-03    0.12988E-02    0.29335E-02    0.52380E-02    0.85038E-02    0.11926E-03    0.39002E-03   -0.14439E-03    0.24338E-02   -0.16324E-02    0.16313E-04   -0.37526E-04    0.51985E-04   -0.24784E-04   -0.20102E-04   -0.11936E-04   -0.68685E-04
    0.73157E-06    0.22126E-05   -0.96566E-05   -0.55999E-04    0.21911E-04   -0.11299E-03   -0.56351E-03   -0.50279E+00   -0.37069E-01    0.82404E-01    0.14082E-01    0.35603E-02    0.16338E-01   -0.83613E-03    0.22955E-03   -0.54874E-03   -0.22032E-05   -0.24761E-07   -0.26702E-02   -0.35749E-01   -0.38502E-02    0.11093E-01    0.29700E-02   -0.17611E-02    0.99431E+00    0.31173E-01    0.51390E-01   -0.46335E-01    0.44611E-01    0.67168E-01    0.70832E-01   -0.75274E-01   -0.81374E-01    0.45338E-01    0.59361E-01    0.92287E-01   -0.69797E-01    0.80630E-01   -0.84337E-02   -0.48611E-02    0.23340E-02    0.28117E-01    0.78458E-02   -0.58603E-03    0.31751E-01    0.80231E-03    0.29091E-03   -0.32172E-03    0.10519E-02    0.65769E-03    0.37147E-04   -0.28391E-04    0.47530E-04    0.47943E-04    0.22905E-03    0.12175E-03   -0.37724E-04
   -0.82718E-06    0.45476E-04   -0.16291E-05    0.78543E-04    0.18804E-03    0.64194E-03    0.28015E-03   -0.15752E+01    0.22066E+00    0.23865E-01   -0.24197E-01    0.41429E-01    0.19226E-01    0.16567E-02   -0.24326E-02    0.29096E-02    0.14705E-04    0.40888E-03   -0.90789E-02   -0.12233E-01    0.20097E+00   -0.14493E+00   -0.36362E-01    0.63379E-01    0.31173E-01    0.78903E+00   -0.26986E-01    0.90192E-03   -0.14918E-01   -0.36958E-01    0.81856E-01    0.11104E+00   -0.80797E-01    0.45022E-02   -0.72651E-01    0.63287E+00    0.24116E+00   -0.55506E-01   -0.39189E-01    0.83701E-01   -0.12508E-01   -0.53668E-01   -0.60783E-02   -0.92109E-03   -0.49733E-01   -0.20397E-02   -0.16933E-02    0.90891E-03    0.26685E-03    0.17235E-02    0.33798E-03   -0.37245E-04    0.24802E-03    0.13587E-03    0.27953E-03    0.23926E-03    0.78259E-04
    0.19507E-05    0.18899E-04   -0.10495E-05    0.19633E-03    0.97089E-04    0.52030E-03   -0.94207E-04   -0.46938E+01   -0.28419E+00   -0.29566E-01    0.19843E-02    0.61346E-01    0.41940E-02   -0.30415E-02   -0.66244E-03    0.42894E-02   -0.10241E-05    0.43917E-04   -0.11798E-02   -0.51600E-02   -0.45771E-01    0.17381E+00   -0.38585E-01   -0.90811E-01    0.51390E-01   -0.26986E-01    0.99949E+00    0.43465E-02   -0.12402E-01   -0.49566E-02    0.46583E-01   -0.13490E-01   -0.59047E-01   -0.18985E-01    0.14656E+00   -0.91934E-01    0.24994E+00    0.78209E+00    0.29766E+00   -0.20711E+00   -0.80618E-02   -0.48249E-01    0.25054E-02   -0.59076E-02   -0.72974E-01    0.79756E-04   -0.27201E-04    0.30055E-03    0.12240E-02    0.69269E-03    0.16483E-03   -0.13394E-04    0.14532E-03    0.75786E-04    0.31439E-03    0.17904E-03    0.21564E-03
    0.21363E-05   -0.17442E-04    0.57063E-05   -0.74577E-04    0.41012E-04   -0.16616E-03    0.26795E-03   -0.97038E+00   -0.18931E+00   -0.11039E+00   -0.50001E-04   -0.74800E-02   -0.84341E-02    0.25709E-02   -0.11366E-02   -0.24085E-02    0.30481E-05   -0.22034E-05   -0.74029E-03    0.45495E-02   -0.33558E-01    0.75575E-01    0.15367E+00    0.96268E-01   -0.46335E-01    0.90192E-03    0.43465E-02    0.98624E+00    0.51491E-02   -0.66469E-02    0.73140E-01   -0.37851E-01    0.14066E+00    0.15166E+00   -0.15099E+00   -0.19423E+00    0.63120E+00    0.14390E+00   -0.61344E+00    0.17536E+00    0.40777E-02    0.44522E-01    0.13953E-01    0.67394E-02    0.87886E-01   -0.22903E-03   -0.93782E-03    0.72715E-04   -0.45480E-03    0.81111E-03    0.37586E-04    0.47047E-04    0.34026E-04    0.97698E-04   -0.75644E-05    0.19559E-04    0.20534E-03
    0.26184E-05   -0.42939E-04    0.86119E-05    0.14631E-03    0.13870E-03    0.17053E-03    0.36429E-03   -0.23113E+00   -0.12203E+00   -0.58610E-01    0.12673E-01    0.24357E+00    0.17621E-01   -0.23337E-02    0.13742E-02    0.78615E-02    0.46537E-05   -0.74147E-05   -0.21186E-02   -0.28405E-01   -0.45456E-02   -0.13283E-01   -0.20037E-01   -0.98963E-01    0.44611E-01   -0.14918E-01   -0.12402E-01    0.51491E-02    0.96807E+00   -0.13669E-02   -0.35775E-01   -0.95640E-01   -0.14814E+00   -0.24166E-01   -0.95785E-01   -0.86104E-01    0.70397E-01   -0.55213E-01    0.28634E+00    0.66583E+00   -0.94581E-02   -0.17889E+00   -0.18856E-02   -0.13183E-01   -0.21205E+00    0.12225E-02    0.19570E-02   -0.14552E-03    0.77577E-03   -0.82812E-03   -0.56604E-04    0.16228E-03    0.24157E-04    0.59311E-04    0.11296E-03    0.18805E-04   -0.21699E-03
    0.21451E-05   -0.34689E-04    0.12399E-04   -0.92528E-05    0.32082E-04   -0.15853E-03   -0.15055E-03   -0.79706E+00    0.11238E+00    0.16474E+00    0.58343E-02   -0.13021E+00    0.11424E-01    0.12356E-02   -0.57880E-03   -0.49823E-02    0.38258E-05    0.37361E-04   -0.37334E-02   -0.17570E-01   -0.56635E-01    0.47991E-01    0.61490E-01    0.53405E-01    0.67168E-01   -0.36958E-01   -0.49566E-02   -0.66469E-02   -0.13669E-02    0.10270E+01   -0.66096E-01    0.79774E-01    0.37753E-01    0.15518E+00   -0.19600E-02    0.10277E+00   -0.59318E+00    0.39330E+00   -0.35097E+00    0.22737E+00   -0.53563E-02    0.12429E+00   -0.28756E-02   -0.26037E-02    0.70219E-01    0.84737E-04   -0.34476E-03    0.11988E-04   -0.17265E-02   -0.28036E-02   -0.10287E-03    0.24664E-04   -0.46283E-04   -0.56083E-04   -0.11146E-03   -0.63045E-05   -0.19670E-03
    0.16064E-05   -0.33416E-04   -0.54974E-06    0.80166E-04    0.86779E-04    0.13851E-03   -0.29068E-03    0.39775E+00   -0.15760E+00    0.13987E+00    0.46806E-02   -0.17291E+00   -0.77235E-01   -0.14670E-02    0.33538E-03   -0.65383E-02    0.70861E-05   -0.38116E-03    0.98192E-02    0.65443E-01    0.15464E-01   -0.11598E+00   -0.45762E-02    0.85064E-01    0.70832E-01    0.81856E-01    0.46583E-01    0.73140E-01   -0.35775E-01   -0.66096E-01    0.85071E+00    0.92051E-02   -0.26262E-01    0.12068E-01   -0.24481E-01    0.60029E+00    0.17370E+00    0.10895E+00    0.32982E-01   -0.93067E-01    0.14190E-01    0.23933E+00    0.39790E-01    0.14189E-01    0.22618E+00    0.61689E-04   -0.24320E-02   -0.84849E-03   -0.17069E-02    0.85231E-03    0.10385E-03    0.41113E-03    0.13250E-03    0.41691E-03   -0.27281E-03    0.19516E-03    0.65292E-03
   -0.26313E-05    0.30868E-05    0.10501E-04   -0.20679E-03   -0.63831E-04   -0.32613E-03   -0.40336E-03    0.24844E+00    0.12667E+00    0.22135E+00   -0.18611E-01   -0.42802E+00   -0.36910E-01    0.11284E-02   -0.14187E-02   -0.11521E-01    0.80801E-05    0.25047E-04    0.39454E-02    0.63085E-01    0.34503E-01    0.16550E-01    0.29643E-01    0.11130E+00   -0.75274E-01    0.11104E+00   -0.13490E-01   -0.37851E-01   -0.95640E-01    0.79774E-01    0.92051E-02    0.95947E+00    0.14587E-01   -0.15666E-02   -0.15059E-01    0.94333E-01    0.15711E+00   -0.62076E-02    0.12823E+00    0.15193E+00    0.61462E-02    0.32812E+00    0.10187E-01    0.14151E-01    0.24886E+00   -0.15006E-02   -0.28607E-02    0.85582E-04    0.19440E-03   -0.50985E-03    0.43551E-04    0.10335E-03    0.40147E-04   -0.34007E-04   -0.17700E-03    0.34828E-04   -0.78828E-04
   -0.16249E-05    0.24442E-04    0.72817E-07   -0.58053E-04   -0.61407E-04   -0.96610E-04    0.77238E-03    0.21161E-01   -0.10062E-01   -0.15281E+00    0.21235E-01    0.10442E+00    0.39021E-01    0.65541E-03    0.83760E-04    0.10164E-02   -0.83608E-07   -0.77799E-04   -0.57784E-02   -0.73140E-01   -0.24745E-01    0.26984E-01   -0.18710E-01    0.55524E-01   -0.81374E-01   -0.80797E-01   -0.59047E-01    0.14066E+00   -0.14814E+00    0.37753E-01   -0.26262E-01    0.14587E-01    0.97873E+00    0.11559E-03    0.14750E-02   -0.11482E+00    0.48452E-01    0.15597E+00    0.20352E-01   -0.72083E-01   -0.94693E-02   -0.61722E-01   -0.79797E-02   -0.79462E-02    0.70465E-03    0.84404E-03    0.24413E-04   -0.34234E-03    0.16430E-03   -0.92031E-03   -0.56395E-04   -0.27351E-04   -0.46357E-04   -0.11292E-03    0.11083E-03   -0.77571E-04    0.20731E-03
   -0.21378E-05   -0.10179E-04    0.30363E-05   -0.14690E-05   -0.58166E-05   -0.79970E-04   -0.22339E-03   -0.84788E+00    0.13402E+00    0.29734E+00   -0.84709E-02   -0.26770E+00   -0.11789E-01    0.53203E-03   -0.14526E-05   -0.70889E-02    0.22715E-05    0.24176E-04    0.14818E-04    0.25753E-01   -0.45123E-01    0.14790E-01   -0.15045E-01    0.15153E+00    0.45338E-01    0.45022E-02   -0.18985E-01    0.15166E+00   -0.24166E-01    0.15518E+00    0.12068E-01   -0.15666E-02    0.11559E-03    0.96901E+00   -0.12211E-01   -0.55224E-02    0.29982E-01    0.12057E+00   -0.25625E+00    0.12457E+00    0.31288E-02    0.23876E+00    0.14886E-01    0.10072E-01    0.12773E+00   -0.75585E-03   -0.14389E-02   -0.26090E-03    0.88986E-03   -0.27583E-02    0.20799E-04    0.27752E-04   -0.62767E-04    0.77005E-05   -0.13222E-03    0.80895E-04   -0.34821E-03
   -0.59532E-05    0.26968E-04   -0.11602E-04   -0.25165E-03   -0.79998E-04   -0.54324E-03   -0.37181E-03   -0.34067E+01    0.77191E-01    0.20540E+00   -0.36815E-02   -0.24186E+00   -0.24069E-01   -0.39876E-03   -0.47084E-03   -0.65203E-02    0.10646E-05    0.21204E-04    0.69669E-02    0.42609E-01   -0.12495E+00    0.15106E+00    0.11527E+00   -0.11530E+00    0.59361E-01   -0.72651E-01    0.14656E+00   -0.15099E+00   -0.95785E-01   -0.19600E-02   -0.24481E-01   -0.15059E-01    0.14750E-02   -0.12211E-01    0.10072E+01   -0.59976E-01   -0.58639E-01    0.16345E-01    0.19658E+00   -0.95637E-01    0.70420E-02    0.16983E+00   -0.48778E-02    0.55412E-02    0.14589E+00    0.23484E-03   -0.80153E-03   -0.14063E-03   -0.10627E-02    0.14651E-02    0.15760E-05   -0.60555E-04   -0.78388E-04   -0.99654E-04   -0.17179E-03   -0.75562E-04   -0.16185E-03
    0.44345E-06    0.40419E-05   -0.70158E-06    0.12200E-03    0.18965E-03    0.54790E-03   -0.42185E-04   -0.20969E+00    0.15428E+00    0.16408E+00   -0.14986E-01   -0.10164E+00   -0.30227E-01    0.38383E-03   -0.13467E-02   -0.27746E-02    0.15021E-04    0.47030E-04   -0.93113E-03    0.28075E-01    0.16582E+00   -0.21921E+00   -0.46660E-01    0.98656E-01    0.92287E-01    0.63287E+00   -0.91934E-01   -0.19423E+00   -0.86104E-01    0.10277E+00    0.60029E+00    0.94333E-01   -0.11482E+00   -0.55224E-02   -0.59976E-01    0.95897E+00   -0.20092E-01   -0.27888E-02   -0.13301E-02   -0.15855E-01   -0.50603E-03    0.12628E+00    0.17254E-01    0.72182E-02    0.10815E+00   -0.14871E-02   -0.26484E-02    0.10593E-03   -0.11242E-02    0.10662E-02    0.27606E-03    0.21466E-03    0.23834E-03    0.32479E-03   -0.75719E-05    0.28604E-03    0.40751E-03
   -0.66756E-06    0.31234E-04   -0.23115E-05   -0.45624E-04    0.58013E-04    0.15962E-03    0.10429E-03   -0.21680E+01   -0.20322E+00   -0.96229E-01   -0.10765E-01   -0.40940E-01   -0.29649E-01    0.29077E-03   -0.13672E-02   -0.50729E-03    0.68146E-05    0.77946E-04    0.22016E-02    0.36706E-01    0.39613E-01    0.46022E-01    0.31194E-01    0.56096E-01   -0.69797E-01    0.24116E+00    0.24994E+00    0.63120E+00    0.70397E-01   -0.59318E+00    0.17370E+00    0.15711E+00    0.48452E-01    0.29982E-01   -0.58639E-01   -0.20092E-01    0.10038E+01   -0.25344E-02    0.10393E-01   -0.17028E-01    0.29737E-02    0.50711E-01    0.15184E-01    0.94007E-02    0.71995E-01   -0.76165E-03   -0.16871E-02    0.17968E-03    0.28857E-03    0.28473E-02    0.22546E-03    0.11690E-03    0.17318E-03    0.21317E-03    0.10245E-03    0.14283E-03    0.32020E-03
    0.24741E-05    0.91910E-05    0.17177E-05    0.15677E-03    0.61745E-04    0.39874E-03    0.20617E-04   -0.25034E+01   -0.27880E+00    0.64462E-01    0.19885E-01    0.61763E-01    0.13717E-01   -0.25430E-02   -0.29129E-03    0.40810E-02   -0.40463E-06   -0.45325E-04   -0.15387E-02   -0.28402E-01   -0.14202E-01    0.10021E+00   -0.87314E-02   -0.97704E-02    0.80630E-01   -0.55506E-01    0.78209E+00    0.14390E+00   -0.55213E-01    0.39330E+00    0.10895E+00   -0.62076E-02    0.15597E+00    0.12057E+00    0.16345E-01   -0.27888E-02   -0.25344E-02    0.99991E+00   -0.13279E-01   -0.14257E-01   -0.70435E-02   -0.36715E-01    0.74723E-02   -0.81084E-02   -0.72094E-01    0.10296E-02    0.53315E-03   -0.47191E-04    0.26949E-03   -0.14859E-02    0.11148E-03    0.25314E-05    0.11022E-03    0.36444E-04    0.19122E-03    0.14687E-03    0.16266E-03
   -0.13990E-05    0.40836E-04   -0.66516E-05    0.16414E-03   -0.31931E-04    0.44546E-03   -0.14312E-03   -0.30103E+00   -0.96497E-01   -0.97986E-02    0.53276E-02    0.57723E-01   -0.21295E-01   -0.49157E-02    0.12042E-02    0.55818E-02   -0.15816E-05   -0.75846E-04    0.47069E-02    0.18300E-01    0.20192E-01   -0.18842E-03   -0.17074E+00   -0.13392E+00   -0.84337E-02   -0.39189E-01    0.29766E+00   -0.61344E+00    0.28634E+00   -0.35097E+00    0.32982E-01    0.12823E+00    0.20352E-01   -0.25625E+00    0.19658E+00   -0.13301E-02    0.10393E-01   -0.13279E-01    0.97988E+00   -0.13426E-01   -0.32295E-02   -0.79458E-01    0.37533E-02   -0.65840E-02   -0.98216E-01    0.58364E-03    0.43249E-03   -0.30989E-03    0.10217E-02    0.11397E-02    0.68093E-04    0.13150E-03    0.65599E-04    0.57914E-04    0.11820E-03    0.32961E-04    0.53799E-05
    0.51340E-06   -0.25381E-04    0.70060E-05    0.10526E-04    0.88217E-04   -0.36008E-04    0.33407E-03    0.26246E+01    0.13336E+00   -0.13332E+00    0.16171E-01    0.29861E+00    0.28455E-01   -0.16108E-02    0.11096E-02    0.94698E-02    0.70905E-05    0.51376E-05   -0.33602E-02   -0.31969E-01    0.84744E-01   -0.21134E+00    0.87877E-01    0.39595E-01   -0.48611E-02    0.83701E-01   -0.20711E+00    0.17536E+00    0.66583E+00    0.22737E+00   -0.93067E-01    0.15193E+00   -0.72083E-01    0.12457E+00   -0.95637E-01   -0.15855E-01   -0.17028E-01   -0.14257E-01   -0.13426E-01    0.98601E+00   -0.10784E-01   -0.24497E+00   -0.87587E-03   -0.14404E-01   -0.23997E+00    0.13223E-02    0.28528E-02   -0.97125E-05    0.68882E-03   -0.29078E-02   -0.39243E-04    0.99127E-04   -0.53312E-04    0.30484E-04    0.46329E-04   -0.66329E-04   -0.22177E-03
    0.71077E-05   -0.17414E-04    0.54924E-05    0.19576E-03    0.12532E-03    0.34471E-03   -0.53306E-03    0.44390E+00    0.33113E+00    0.20310E+00    0.52591E-01   -0.38320E+00   -0.83700E-01   -0.15207E-02    0.60656E-02   -0.93898E-02    0.19668E-06    0.47526E-04    0.61721E-01    0.96678E-01   -0.13732E-01   -0.37264E-02    0.11105E-02    0.21673E-03    0.23340E-02   -0.12508E-01   -0.80618E-02    0.40777E-02   -0.94581E-02   -0.53563E-02    0.14190E-01    0.61462E-02   -0.94693E-02    0.31288E-02    0.70420E-02   -0.50603E-03    0.29737E-02   -0.70435E-02   -0.32295E-02   -0.10784E-01    0.33426E+00    0.20431E+00    0.22366E-01    0.14961E+00    0.51464E+00    0.11823E-01    0.15576E-01   -0.44730E-02   -0.22997E-02   -0.40365E-06    0.62238E-03   -0.67933E-04    0.71130E-03   -0.43532E-06   -0.53604E-03    0.98277E-04    0.12316E-02
    0.95607E-04   -0.39514E-03    0.70904E-04    0.15414E-02    0.18480E-02    0.19355E-02   -0.13203E-02   -0.76048E+00   -0.15712E+01    0.17390E+02   -0.17170E+00   -0.11809E+02   -0.81166E+00   -0.14965E+00    0.38805E-03   -0.19041E+00   -0.42762E-05    0.21898E-03    0.15396E+00    0.14341E+01   -0.21345E+00    0.56051E-01    0.38822E-01    0.12988E-02    0.28117E-01   -0.53668E-01   -0.48249E-01    0.44522E-01   -0.17889E+00    0.12429E+00    0.23933E+00    0.32812E+00   -0.61722E-01    0.23876E+00    0.16983E+00    0.12628E+00    0.50711E-01   -0.36715E-01   -0.79458E-01   -0.24497E+00    0.20431E+00    0.15893E+02    0.15132E+00    0.41626E+00    0.56299E+01   -0.53773E-02   -0.33570E-01   -0.10648E-01    0.49207E-02    0.14220E-01    0.20380E-02    0.21233E-01    0.22814E-02    0.13727E-01   -0.50642E-03    0.38513E-02   -0.75864E-02
    0.20713E-04   -0.27729E-04    0.52450E-05    0.80118E-03    0.23801E-03    0.16974E-02    0.75129E-03    0.53922E+01    0.98504E+00   -0.84079E+00   -0.20487E+00   -0.97860E-01   -0.79768E+00   -0.78826E-02   -0.14367E-01    0.25202E-02    0.52726E-05    0.64605E-04    0.50868E-02    0.33338E+00   -0.21217E-01    0.98492E-03    0.11831E-01    0.29335E-02    0.78458E-02   -0.60783E-02    0.25054E-02    0.13953E-01   -0.18856E-02   -0.28756E-02    0.39790E-01    0.10187E-01   -0.79797E-02    0.14886E-01   -0.48778E-02    0.17254E-01    0.15184E-01    0.74723E-02    0.37533E-02   -0.87587E-03    0.22366E-01    0.15132E+00    0.22455E+01   -0.43361E-02    0.26276E+00   -0.91633E-01   -0.10701E+00   -0.40592E-02    0.14211E-02    0.70145E-03   -0.41485E-03    0.13179E-02   -0.51388E-03    0.13232E-02    0.15085E-03    0.20490E-04    0.82573E-03
    0.19173E-04   -0.58430E-04    0.76522E-05    0.43230E-03    0.30893E-03    0.71328E-03   -0.31791E-04   -0.27334E+00   -0.22738E+00    0.57643E+00   -0.25542E-01   -0.76431E+00   -0.11136E+00   -0.38761E-02    0.34660E-02   -0.11277E-01   -0.14754E-05    0.26951E-04    0.58130E-01    0.26598E+00   -0.12870E-01   -0.60404E-02    0.48351E-02    0.52380E-02   -0.58603E-03   -0.92109E-03   -0.59076E-02    0.67394E-02   -0.13183E-01   -0.26037E-02    0.14189E-01    0.14151E-01   -0.79462E-02    0.10072E-01    0.55412E-02    0.72182E-02    0.94007E-02   -0.81084E-02   -0.65840E-02   -0.14404E-01    0.14961E+00    0.41626E+00   -0.43361E-02    0.24114E+00    0.38347E+00    0.63824E-02    0.14372E-01   -0.63736E-05    0.18187E-03    0.38617E-02    0.19601E-03   -0.62871E-04    0.17385E-03   -0.11680E-03    0.36215E-03    0.31256E-03    0.89549E-05
    0.88971E-04   -0.36843E-03    0.74194E-04    0.16083E-02    0.15814E-02    0.21071E-02   -0.10919E-02    0.28586E+01   -0.81042E+00    0.83441E+01   -0.20912E-01   -0.76542E+01   -0.11628E+01   -0.10452E+00    0.57868E-02   -0.13686E+00   -0.50541E-05    0.36469E-03    0.21329E+00    0.18040E+01   -0.18728E+00    0.79161E-01    0.46934E-01    0.85038E-02    0.31751E-01   -0.49733E-01   -0.72974E-01    0.87886E-01   -0.21205E+00    0.70219E-01    0.22618E+00    0.24886E+00    0.70465E-03    0.12773E+00    0.14589E+00    0.10815E+00    0.71995E-01   -0.72094E-01   -0.98216E-01   -0.23997E+00    0.51464E+00    0.56299E+01    0.26276E+00    0.38347E+00    0.16763E+02    0.39973E-02   -0.51706E-01   -0.24766E-01   -0.64200E-02    0.28071E-02    0.21080E-02    0.19922E-02    0.23844E-02    0.13677E-02   -0.17808E-03    0.59007E-02    0.30363E-01
   -0.55324E-06    0.97314E-06   -0.11893E-06   -0.29382E-04   -0.13511E-04   -0.68254E-04   -0.93654E-04   -0.10069E+00    0.89903E-02   -0.40291E-01    0.47943E-01    0.52547E-01    0.44074E-01    0.36075E-03    0.16459E-03   -0.63429E-03   -0.36842E-06    0.46665E-05    0.44823E-02   -0.48044E-01   -0.47083E-03   -0.14940E-02   -0.66308E-03    0.11926E-03    0.80231E-03   -0.20397E-02    0.79756E-04   -0.22903E-03    0.12225E-02    0.84737E-04    0.61689E-04   -0.15006E-02    0.84404E-03   -0.75585E-03    0.23484E-03   -0.14871E-02   -0.76165E-03    0.10296E-02    0.58364E-03    0.13223E-02    0.11823E-01   -0.53773E-02   -0.91633E-01    0.63824E-02    0.39973E-02    0.83915E-02    0.77666E-02   -0.19127E-03   -0.10990E-03    0.16056E-03    0.16639E-04   -0.19602E-04    0.15949E-04   -0.20089E-04   -0.77227E-04    0.34925E-04    0.11414E-03
