# omegabh2 omegach2 theta tau nnu logA ns acib217 acibsz143 asz143 aps100 aps143 aps143217 aps217 aksz kgal100 t1gal143 t1gal143217 t1gal217 calib_100T calib_217T
    0.1278810E-06    0.7198933E-06   -0.3389688E-07    0.2729045E-05    0.7797932E-04    0.7306015E-05    0.3730115E-05    0.1491947E-03    0.5809290E-04   -0.5863695E-05   -0.8769512E-04   -0.2610195E-03   -0.4598972E-03   -0.4678554E-03    0.9450628E-04    0.1655556E-02    0.1038433E-02    0.1018141E-02    0.9861328E-03   -0.1113646E-06   -0.6697974E-08
    0.7198933E-06    0.1748265E-04   -0.1480332E-05    0.2410174E-05    0.1121309E-02    0.4536554E-04    0.3360589E-04    0.9599195E-02    0.3566741E-02    0.4340163E-03    0.9305994E-02    0.1043002E-02   -0.6936518E-02   -0.1079368E-01    0.2269871E-02    0.1434156E-01    0.1522230E-01    0.1644611E-01    0.1643076E-01   -0.5998904E-06   -0.4642636E-06
   -0.3389688E-07   -0.1480332E-05    0.3006623E-06    0.1046239E-05   -0.9535012E-04   -0.1178825E-05   -0.2516613E-05   -0.8814584E-03   -0.3257302E-03   -0.7458185E-04   -0.9134085E-03   -0.1078727E-03    0.5056499E-03    0.9101294E-03   -0.2210217E-03   -0.8696801E-03   -0.1087768E-02   -0.1264044E-02   -0.1305766E-02    0.3489304E-07    0.4850334E-07
    0.2729045E-05    0.2410174E-05    0.1046239E-05    0.2102692E-03    0.1617274E-02    0.4279357E-03    0.1118373E-03    0.4004033E-02   -0.9142069E-05   -0.3064928E-02    0.3568566E-01    0.3326825E-02   -0.7717919E-02   -0.1106369E-01    0.2061593E-02   -0.1214427E-02    0.8923888E-02    0.6911943E-02    0.5532594E-02    0.1085863E-05   -0.2848306E-06
    0.7797932E-04    0.1121309E-02   -0.9535012E-04    0.1617274E-02    0.9179595E-01    0.5963461E-02    0.3488382E-02    0.7171888E+00    0.2743702E+00    0.8736457E-02    0.1012263E+01    0.1391954E+00   -0.5378222E+00   -0.7725330E+00    0.1750943E+00    0.7876806E+00    0.6666291E+00    0.7514486E+00    0.7530246E+00   -0.6012640E-04   -0.3752709E-04
    0.7306015E-05    0.4536554E-04   -0.1178825E-05    0.4279357E-03    0.5963461E-02    0.9822520E-03    0.3079858E-03    0.3309991E-01    0.8746025E-02   -0.5611200E-02    0.1204012E+00    0.2554302E-01   -0.1718041E-01   -0.3534093E-01    0.8575504E-02   -0.7633531E-03   -0.5778424E-02   -0.7176571E-02   -0.1005538E-01   -0.1864759E-05   -0.1868922E-05
    0.3730115E-05    0.3360589E-04   -0.2516613E-05    0.1118373E-03    0.3488382E-02    0.3079858E-03    0.1686049E-03    0.1631075E-01    0.5657156E-02   -0.1692910E-02    0.3063052E-01    0.1010415E-01   -0.9301335E-02   -0.1453034E-01    0.3735844E-02    0.2215059E-01    0.9371536E-02    0.1059243E-01    0.1084321E-01   -0.2234851E-05   -0.1112959E-05
    0.1491947E-03    0.9599195E-02   -0.8814584E-03    0.4004033E-02    0.7171888E+00    0.3309991E-01    0.1631075E-01    0.7274333E+02    0.2772278E+02    0.9569146E+00    0.2732101E+02   -0.1335186E+02   -0.6572196E+02   -0.8399846E+02   -0.1675781E+01   -0.1116701E+02   -0.2989617E+02   -0.3235041E+02   -0.3454171E+02   -0.8693409E-03   -0.4007269E-02
    0.5809290E-04    0.3566741E-02   -0.3257302E-03   -0.9142069E-05    0.2743702E+00    0.8746025E-02    0.5657156E-02    0.2772278E+02    0.1986404E+02    0.2259143E+01   -0.6813208E+01   -0.1996127E+02   -0.4468956E+02   -0.2604345E+02   -0.1320435E+01   -0.8515179E+01   -0.1570825E+02   -0.2252970E+02   -0.2365760E+02   -0.2032572E-03   -0.3002386E-03
   -0.5863695E-05    0.4340163E-03   -0.7458185E-04   -0.3064928E-02    0.8736457E-02   -0.5611200E-02   -0.1692910E-02    0.9569146E+00    0.2259143E+01    0.5089829E+01   -0.3367074E+02   -0.1433672E+02   -0.4080824E+01   -0.2379756E+00   -0.3363044E+00   -0.3277105E+01   -0.2254606E+01    0.3782264E+00    0.4558730E+00   -0.1453496E-03    0.2677294E-03
   -0.8769512E-04    0.9305994E-02   -0.9134085E-03    0.3568566E-01    0.1012263E+01    0.1204012E+00    0.3063052E-01    0.2732101E+02   -0.6813208E+01   -0.3367074E+02    0.7620581E+03    0.1777100E+03    0.6958198E+02    0.1139633E+02   -0.9456706E+01   -0.8718627E+02   -0.6542262E+02   -0.6221798E+02   -0.5226189E+02   -0.3760115E-02   -0.5523869E-02
   -0.2610195E-03    0.1043002E-02   -0.1078727E-03    0.3326825E-02    0.1391954E+00    0.2554302E-01    0.1010415E-01   -0.1335186E+02   -0.1996127E+02   -0.1433672E+02    0.1777100E+03    0.1175218E+03    0.9296270E+02    0.5004840E+02   -0.9654853E+01   -0.2877029E+02   -0.4837883E+02   -0.4107696E+02   -0.3719520E+02   -0.1495351E-02   -0.1486267E-02
   -0.4598972E-03   -0.6936518E-02    0.5056499E-03   -0.7717919E-02   -0.5378222E+00   -0.1718041E-01   -0.9301335E-02   -0.6572196E+02   -0.4468956E+02   -0.4080824E+01    0.6958198E+02    0.9296270E+02    0.1548363E+03    0.1126275E+03   -0.8874487E+01   -0.2694754E+02   -0.3125392E+02   -0.2190135E+02   -0.2233633E+02   -0.9906898E-03    0.1932700E-02
   -0.4678554E-03   -0.1079368E-01    0.9101294E-03   -0.1106369E-01   -0.7725330E+00   -0.3534093E-01   -0.1453034E-01   -0.8399846E+02   -0.2604345E+02   -0.2379756E+00    0.1139633E+02    0.5004840E+02    0.1126275E+03    0.1533231E+03   -0.1011733E+02   -0.3229913E+02   -0.3289223E+02   -0.4372634E+02   -0.4910921E+02   -0.3144933E-03    0.6871481E-02
    0.9450628E-04    0.2269871E-02   -0.2210217E-03    0.2061593E-02    0.1750943E+00    0.8575504E-02    0.3735844E-02   -0.1675781E+01   -0.1320435E+01   -0.3363044E+00   -0.9456706E+01   -0.9654853E+01   -0.8874487E+01   -0.1011733E+02    0.8026969E+01   -0.2590330E+00    0.9729217E-01    0.3652952E+00   -0.2260391E-01    0.2886426E-04    0.9823522E-04
    0.1655556E-02    0.1434156E-01   -0.8696801E-03   -0.1214427E-02    0.7876806E+00   -0.7633531E-03    0.2215059E-01   -0.1116701E+02   -0.8515179E+01   -0.3277105E+01   -0.8718627E+02   -0.2877029E+02   -0.2694754E+02   -0.3229913E+02   -0.2590330E+00    0.2822586E+03    0.1978951E+03    0.1961977E+03    0.1914061E+03   -0.1497872E-01    0.7244878E-03
    0.1038433E-02    0.1522230E-01   -0.1087768E-02    0.8923888E-02    0.6666291E+00   -0.5778424E-02    0.9371536E-02   -0.2989617E+02   -0.1570825E+02   -0.2254606E+01   -0.6542262E+02   -0.4837883E+02   -0.3125392E+02   -0.3289223E+02    0.9729217E-01    0.1978951E+03    0.3283604E+03    0.3320789E+03    0.3301190E+03    0.8257719E-02    0.1357015E-02
    0.1018141E-02    0.1644611E-01   -0.1264044E-02    0.6911943E-02    0.7514486E+00   -0.7176571E-02    0.1059243E-01   -0.3235041E+02   -0.2252970E+02    0.3782264E+00   -0.6221798E+02   -0.4107696E+02   -0.2190135E+02   -0.4372634E+02    0.3652952E+00    0.1961977E+03    0.3320789E+03    0.3737422E+03    0.3972715E+03    0.7989892E-02   -0.4200538E-02
    0.9861328E-03    0.1643076E-01   -0.1305766E-02    0.5532594E-02    0.7530246E+00   -0.1005538E-01    0.1084321E-01   -0.3454171E+02   -0.2365760E+02    0.4558730E+00   -0.5226189E+02   -0.3719520E+02   -0.2233633E+02   -0.4910921E+02   -0.2260391E-01    0.1914061E+03    0.3301190E+03    0.3972715E+03    0.4469647E+03    0.8173394E-02   -0.9353159E-02
   -0.1113646E-06   -0.5998904E-06    0.3489304E-07    0.1085863E-05   -0.6012640E-04   -0.1864759E-05   -0.2234851E-05   -0.8693409E-03   -0.2032572E-03   -0.1453496E-03   -0.3760115E-02   -0.1495351E-02   -0.9906898E-03   -0.3144933E-03    0.2886426E-04   -0.1497872E-01    0.8257719E-02    0.7989892E-02    0.8173394E-02    0.3210125E-05    0.2618863E-07
   -0.6697974E-08   -0.4642636E-06    0.4850334E-07   -0.2848306E-06   -0.3752709E-04   -0.1868922E-05   -0.1112959E-05   -0.4007269E-02   -0.3002386E-03    0.2677294E-03   -0.5523869E-02   -0.1486267E-02    0.1932700E-02    0.6871481E-02    0.9823522E-04    0.7244878E-03    0.1357015E-02   -0.4200538E-02   -0.9353159E-02    0.2618863E-07    0.1556026E-05
