# omegabh2 omegach2 theta tau omegak ns nrun logA r aps100 aps143 aps217 acib143 acib217 asz143 psr cibr ncib cal0 cal2 xi aksz bm_1_1 bm_1_2 bm_1_3 bm_1_4 bm_1_5 bm_2_1 bm_2_2 bm_2_3 bm_2_4 bm_2_5 bm_3_1 bm_3_2 bm_3_3 bm_3_4 bm_3_5 bm_4_1 bm_4_2 bm_4_3 bm_4_4 bm_4_5
    0.12146E-06   -0.58851E-06    0.11510E-06    0.21012E-05   -0.16780E-05    0.16370E-05   -0.15977E-05    0.33631E-05    0.10888E-04   -0.97224E-03   -0.83317E-03   -0.33146E-03   -0.40471E-04   -0.14014E-03    0.32339E-04    0.20810E-07   -0.16163E-05   -0.15202E-05    0.12035E-08   -0.22830E-07   -0.12212E-05   -0.10631E-04   -0.10949E-04   -0.12990E-04   -0.67456E-06    0.13642E-06   -0.33588E-05    0.18651E-05   -0.20397E-05    0.39486E-05   -0.53849E-05   -0.30047E-06   -0.61710E-06    0.69330E-06   -0.42298E-05    0.71845E-06   -0.58753E-07   -0.19783E-06    0.48859E-05   -0.24930E-05   -0.53482E-05   -0.47778E-05
   -0.58851E-06    0.86145E-05   -0.91562E-06   -0.11918E-04    0.16591E-04   -0.22112E-04   -0.10431E-05   -0.31517E-05   -0.66280E-04    0.11631E-01    0.58164E-02    0.12583E-02    0.83943E-03    0.18438E-02   -0.47703E-04   -0.27235E-05    0.46944E-04    0.11290E-04   -0.71674E-08    0.29842E-06   -0.59484E-05    0.23975E-03    0.21173E-03    0.29766E-04   -0.34146E-04    0.10069E-04    0.81132E-05    0.15565E-04   -0.26485E-04   -0.51916E-04    0.51679E-04    0.73408E-05   -0.21705E-05    0.37589E-04    0.33821E-04   -0.68865E-04   -0.78520E-04    0.26877E-04   -0.46413E-04    0.52789E-05    0.52798E-04    0.69415E-04
    0.11510E-06   -0.91562E-06    0.43524E-06    0.19031E-05   -0.23985E-05    0.29523E-05   -0.48224E-06    0.21643E-05    0.96707E-05   -0.17865E-02   -0.70375E-03   -0.17328E-03   -0.12932E-03   -0.21840E-03    0.14730E-04    0.93996E-06   -0.44635E-05   -0.39128E-06    0.35767E-08   -0.32736E-07   -0.16766E-05   -0.52446E-04   -0.19327E-04    0.35750E-06    0.27341E-05   -0.92871E-07    0.35063E-05    0.46117E-05   -0.30327E-05    0.96599E-05   -0.72317E-05    0.45414E-05    0.57962E-05   -0.34246E-05    0.38614E-05    0.25523E-05   -0.92047E-06    0.54119E-05    0.69478E-05   -0.20056E-05   -0.74008E-05   -0.11085E-04
    0.21012E-05   -0.11918E-04    0.19031E-05    0.24856E-03   -0.21358E-05    0.35204E-04   -0.63614E-04    0.48055E-03    0.14956E-03   -0.64102E-02   -0.11542E-01   -0.92178E-02    0.10541E-02    0.11842E-02    0.37930E-03    0.36498E-05    0.30110E-04    0.29298E-04   -0.68143E-07   -0.45575E-06   -0.10302E-03    0.65795E-03   -0.20878E-03    0.27554E-04   -0.21379E-03   -0.92666E-04    0.21068E-04   -0.11126E-03   -0.43517E-04    0.68810E-07    0.78235E-04   -0.23547E-03    0.19375E-03   -0.83093E-05    0.69839E-04   -0.10538E-03    0.98077E-04   -0.21532E-04    0.23065E-03   -0.83173E-04    0.12096E-03   -0.20156E-03
   -0.16780E-05    0.16591E-04   -0.23985E-05   -0.21358E-05    0.14141E-03   -0.49653E-04   -0.64038E-05    0.31768E-04   -0.29035E-03    0.66002E-01    0.18750E-01   -0.10393E-02    0.65164E-02    0.93089E-02    0.23648E-03   -0.58362E-04    0.31443E-03   -0.15674E-04   -0.17929E-07    0.11577E-05   -0.19019E-04    0.18154E-02    0.24403E-03    0.13099E-03   -0.26100E-03   -0.15096E-03   -0.36490E-04    0.31246E-04   -0.51919E-04   -0.15851E-03    0.15564E-03   -0.15368E-03    0.18453E-03   -0.61589E-04    0.15005E-03   -0.16493E-03   -0.21991E-03    0.16329E-03   -0.32407E-04   -0.41839E-05    0.21560E-03   -0.82063E-04
    0.16370E-05   -0.22112E-04    0.29523E-05    0.35204E-04   -0.49653E-04    0.83088E-04    0.19466E-04    0.14550E-04    0.20217E-03   -0.11804E+00   -0.11833E-01    0.16199E-01   -0.13596E-01   -0.16903E-01   -0.11163E-02    0.89725E-04   -0.53404E-03    0.53885E-05   -0.65426E-07   -0.11704E-05    0.93185E-04   -0.39303E-02   -0.38297E-03   -0.87390E-04   -0.14002E-04   -0.12299E-03    0.32513E-06    0.23423E-03    0.27485E-03    0.94498E-04   -0.17633E-03   -0.41705E-04   -0.22523E-03   -0.72540E-04   -0.10733E-03    0.98370E-04    0.13510E-03   -0.37961E-04    0.22465E-03    0.75779E-04   -0.47299E-04   -0.23231E-03
   -0.15977E-05   -0.10431E-05   -0.48224E-06   -0.63614E-04   -0.64038E-05    0.19466E-04    0.13374E-03   -0.15649E-03   -0.47655E-03   -0.94425E-01   -0.75546E-02    0.21515E-01   -0.13664E-01   -0.17726E-01   -0.94792E-03    0.61139E-04   -0.48251E-03   -0.55270E-04   -0.15299E-07   -0.77202E-06    0.15069E-03   -0.45428E-02   -0.45233E-03   -0.29812E-04    0.11832E-03    0.95397E-04    0.10942E-03    0.54309E-04    0.26462E-03   -0.23019E-04   -0.13861E-03    0.31771E-03   -0.23671E-03    0.11163E-03    0.26232E-04    0.34269E-03    0.17076E-03   -0.84384E-04   -0.11331E-03    0.27198E-03   -0.50719E-04   -0.52328E-04
    0.33631E-05   -0.31517E-05    0.21643E-05    0.48055E-03    0.31768E-04    0.14550E-04   -0.15649E-03    0.99149E-03    0.22128E-03    0.36097E-02    0.67355E-03   -0.90309E-02    0.10535E-02    0.56675E-02   -0.36587E-03    0.31308E-04    0.71928E-04    0.14536E-03   -0.62061E-07    0.79954E-07   -0.22321E-03    0.13322E-02    0.89867E-03    0.38657E-03   -0.46114E-03   -0.22350E-03    0.10371E-04    0.14093E-04   -0.12374E-03   -0.18163E-03    0.23464E-03   -0.55009E-03    0.35487E-03    0.63285E-04    0.19302E-03   -0.50687E-03   -0.14548E-03    0.14717E-03    0.40929E-03   -0.14024E-03    0.43926E-03   -0.26815E-03
    0.10888E-04   -0.66280E-04    0.96707E-05    0.14956E-03   -0.29035E-03    0.20217E-03   -0.47655E-03    0.22128E-03    0.72083E-02   -0.26981E-02   -0.33703E-01   -0.43122E-01    0.15671E-01    0.17162E-01    0.69614E-03    0.15584E-03    0.66833E-04    0.29343E-03   -0.24161E-06   -0.18830E-05   -0.87932E-04    0.89538E-02   -0.14550E-03   -0.61939E-03    0.86265E-03   -0.56425E-03   -0.11120E-02    0.26426E-03    0.60768E-03    0.21409E-03   -0.29695E-03   -0.48070E-03   -0.15909E-03    0.15371E-03   -0.12212E-02   -0.53001E-03    0.14603E-03    0.27807E-04    0.54333E-03   -0.21788E-03   -0.10395E-02   -0.48941E-03
   -0.97224E-03    0.11631E-01   -0.17865E-02   -0.64102E-02    0.66002E-01   -0.11804E+00   -0.94425E-01    0.36097E-02   -0.26981E-02    0.28582E+04    0.48086E+02   -0.19012E+03    0.13542E+03    0.12966E+03   -0.69540E+02   -0.12823E+01    0.10721E+01    0.10961E+01    0.74729E-03    0.23486E-02   -0.58987E+00   -0.13170E+02    0.99037E+01   -0.10864E+02   -0.57936E+00    0.62639E+00   -0.10211E+00   -0.14593E+00   -0.52450E+01   -0.71708E+00    0.98259E+00   -0.34320E+00    0.15548E+01   -0.92233E-01   -0.41046E+00   -0.21371E-01   -0.39472E+01    0.16623E+01   -0.19748E+01   -0.26398E+01   -0.94656E+00    0.36451E+01
   -0.83317E-03    0.58164E-02   -0.70375E-03   -0.11542E-01    0.18750E-01   -0.11833E-01   -0.75546E-02    0.67355E-03   -0.33703E-01    0.48086E+02    0.20753E+03    0.65803E+02   -0.36124E+02   -0.12288E+02   -0.91782E+01   -0.24057E+00   -0.23681E+00   -0.14202E+00    0.96681E-04    0.34487E-02    0.13422E+01   -0.12802E+02    0.14850E+01    0.85485E+00    0.20099E+00   -0.64107E-01    0.40214E-01   -0.18381E+01   -0.52869E+00   -0.29139E+00    0.40786E-01   -0.34785E+00    0.11332E+01   -0.54160E-01    0.24151E+00   -0.25963E+00   -0.11413E+00   -0.55807E+00   -0.51087E+00   -0.18160E+00    0.65048E+00   -0.63409E-01
   -0.33146E-03    0.12583E-02   -0.17328E-03   -0.92178E-02   -0.10393E-02    0.16199E-01    0.21515E-01   -0.90309E-02   -0.43122E-01   -0.19012E+03    0.65803E+02    0.22605E+03   -0.40786E+02   -0.81876E+02    0.25662E+01   -0.29813E-01   -0.11038E+01   -0.10379E+01    0.97333E-04   -0.48774E-02    0.29712E+00   -0.10085E+02    0.13107E+01    0.13594E+01   -0.13643E+00   -0.35020E+00    0.12635E+00    0.92716E+00    0.34849E+00   -0.61832E+00   -0.10654E+00    0.21264E+00   -0.15814E+01    0.53979E+00   -0.23543E+00    0.38831E+00    0.30113E+00   -0.29291E+00   -0.33161E-01    0.92814E-01    0.65447E+00   -0.49317E+00
   -0.40471E-04    0.83943E-03   -0.12932E-03    0.10541E-02    0.65164E-02   -0.13596E-01   -0.13664E-01    0.10535E-02    0.15671E-01    0.13542E+03   -0.36124E+02   -0.40786E+02    0.28806E+02    0.21789E+02   -0.14458E+01   -0.60932E-02    0.35643E+00    0.19983E+00   -0.80010E-04   -0.67324E-03    0.31599E-01   -0.53666E+00   -0.97616E+00   -0.65055E+00   -0.14696E+00    0.10587E-01    0.48975E-01    0.85240E+00    0.11235E+00    0.63151E-01    0.18349E+00    0.43630E-01   -0.18072E+00   -0.80459E-01   -0.20243E+00    0.91911E-03    0.19820E-01    0.49666E+00    0.22443E+00   -0.32573E-01   -0.19574E+00    0.24561E+00
   -0.14014E-03    0.18438E-02   -0.21840E-03    0.11842E-02    0.93089E-02   -0.16903E-01   -0.17726E-01    0.56675E-02    0.17162E-01    0.12966E+03   -0.12288E+02   -0.81876E+02    0.21789E+02    0.40132E+02   -0.15852E+01    0.53021E-01    0.51325E+00    0.53193E+00   -0.33969E-04    0.22033E-02   -0.18370E+00   -0.11637E+01   -0.46215E+00   -0.55768E+00    0.26956E-01    0.50076E-01    0.71217E-02   -0.30982E+00   -0.16045E+00    0.17428E+00    0.22172E+00   -0.19320E+00    0.64355E+00   -0.44272E+00    0.41421E-01   -0.34564E+00   -0.18669E+00    0.17520E+00   -0.32941E-01   -0.88406E-01   -0.18366E+00    0.34714E+00
    0.32339E-04   -0.47703E-04    0.14730E-04    0.37930E-03    0.23648E-03   -0.11163E-02   -0.94792E-03   -0.36587E-03    0.69614E-03   -0.69540E+02   -0.91782E+01    0.25662E+01   -0.14458E+01   -0.15852E+01    0.78952E+01    0.45779E-01    0.27514E+00   -0.14189E+00    0.17241E-04   -0.22320E-04   -0.21011E-01   -0.44008E-01    0.15898E+00    0.12683E+00   -0.69751E-03    0.33064E-01    0.30668E-01   -0.24526E-01    0.25226E-01   -0.21423E-01   -0.50950E-01   -0.35035E-01    0.18463E-03    0.41767E-01    0.26109E-01   -0.33385E-01    0.25518E-01   -0.19374E-01    0.74919E-02    0.87973E-03    0.26391E-01   -0.37936E-01
    0.20810E-07   -0.27235E-05    0.93996E-06    0.36498E-05   -0.58362E-04    0.89725E-04    0.61139E-04    0.31308E-04    0.15584E-03   -0.12823E+01   -0.24057E+00   -0.29813E-01   -0.60932E-02    0.53021E-01    0.45779E-01    0.80019E-02   -0.66344E-02    0.77782E-02    0.11441E-05   -0.27225E-04    0.34621E-02   -0.14251E-01    0.96627E-02    0.60964E-02    0.23194E-02   -0.24690E-02   -0.72374E-03    0.70832E-02    0.11810E-04   -0.23506E-03   -0.31996E-02   -0.19737E-02   -0.10909E-01   -0.11017E-02   -0.30413E-02   -0.36918E-02   -0.33698E-04   -0.18029E-02    0.60504E-03   -0.49259E-02   -0.47460E-02   -0.24528E-02
   -0.16163E-05    0.46944E-04   -0.44635E-05    0.30110E-04    0.31443E-03   -0.53404E-03   -0.48251E-03    0.71928E-04    0.66833E-04    0.10721E+01   -0.23681E+00   -0.11038E+01    0.35643E+00    0.51325E+00    0.27514E+00   -0.66344E-02    0.42646E-01   -0.12013E-01   -0.20534E-05    0.92623E-04    0.10631E-02   -0.26829E-01   -0.17582E-01   -0.93074E-02   -0.27413E-02    0.69474E-02    0.34705E-02   -0.17807E-01   -0.45601E-02    0.35069E-02    0.24810E-02    0.27091E-02    0.33984E-01    0.78390E-03    0.38833E-02    0.49791E-02    0.18068E-03    0.90722E-02   -0.97161E-03    0.48863E-02    0.20517E-02    0.99383E-03
   -0.15202E-05    0.11290E-04   -0.39128E-06    0.29298E-04   -0.15674E-04    0.53885E-05   -0.55270E-04    0.14536E-03    0.29343E-03    0.10961E+01   -0.14202E+00   -0.10379E+01    0.19983E+00    0.53193E+00   -0.14189E+00    0.77782E-02   -0.12013E-01    0.21796E-01    0.10332E-05   -0.19262E-04   -0.19673E-02   -0.73146E-02    0.11181E-01   -0.65840E-02    0.77716E-03   -0.47932E-02   -0.22128E-02    0.62890E-02    0.35563E-02   -0.25722E-02    0.73281E-02   -0.10354E-01   -0.12556E-01   -0.17796E-01   -0.22012E-02   -0.16003E-01   -0.93223E-02   -0.41208E-02   -0.10657E-02   -0.17036E-02    0.40941E-03    0.12158E-01
    0.12035E-08   -0.71674E-08    0.35767E-08   -0.68143E-07   -0.17929E-07   -0.65426E-07   -0.15299E-07   -0.62061E-07   -0.24161E-06    0.74729E-03    0.96681E-04    0.97333E-04   -0.80010E-04   -0.33969E-04    0.17241E-04    0.11441E-05   -0.20534E-05    0.10332E-05    0.15868E-06   -0.38479E-08   -0.52149E-06    0.20393E-04   -0.21202E-04   -0.14862E-04    0.39830E-05    0.73570E-05   -0.24466E-05    0.73841E-05   -0.61778E-05    0.72785E-05    0.25506E-05   -0.21551E-05    0.91446E-05    0.13020E-05    0.25913E-05    0.74171E-06   -0.67422E-06    0.98115E-05    0.71157E-05   -0.48100E-05   -0.55556E-05    0.68510E-05
   -0.22830E-07    0.29842E-06   -0.32736E-07   -0.45575E-06    0.11577E-05   -0.11704E-05   -0.77202E-06    0.79954E-07   -0.18830E-05    0.23486E-02    0.34487E-02   -0.48774E-02   -0.67324E-03    0.22033E-02   -0.22320E-04   -0.27225E-04    0.92623E-04   -0.19262E-04   -0.38479E-08    0.17209E-05   -0.33928E-05   -0.93493E-04    0.99500E-04    0.28939E-04   -0.12439E-04   -0.11318E-05    0.66633E-05    0.19213E-03    0.60754E-05    0.22026E-04    0.22959E-04    0.19585E-04   -0.20569E-03   -0.24591E-04   -0.45279E-04    0.10778E-04   -0.28494E-04   -0.22467E-06    0.35634E-04   -0.16955E-04   -0.46047E-04    0.32018E-04
   -0.12212E-05   -0.59484E-05   -0.16766E-05   -0.10302E-03   -0.19019E-04    0.93185E-04    0.15069E-03   -0.22321E-03   -0.87932E-04   -0.58987E+00    0.13422E+01    0.29712E+00    0.31599E-01   -0.18370E+00   -0.21011E-01    0.34621E-02    0.10631E-02   -0.19673E-02   -0.52149E-06   -0.33928E-05    0.81956E-01    0.20932E-01    0.10899E-02   -0.79829E-03    0.16913E-02   -0.24932E-02   -0.58147E-03    0.22172E-02    0.50106E-02   -0.20669E-02    0.31046E-02   -0.30741E-02    0.18798E-03   -0.91128E-03   -0.93034E-02    0.55308E-03   -0.31278E-02    0.12957E-02    0.25544E-02    0.58396E-03    0.20877E-02    0.23564E-03
   -0.10631E-04    0.23975E-03   -0.52446E-04    0.65795E-03    0.18154E-02   -0.39303E-02   -0.45428E-02    0.13322E-02    0.89538E-02   -0.13170E+02   -0.12802E+02   -0.10085E+02   -0.53666E+00   -0.11637E+01   -0.44008E-01   -0.14251E-01   -0.26829E-01   -0.73146E-02    0.20393E-04   -0.93493E-04    0.20932E-01    0.82263E+01    0.49436E-01   -0.22982E-01    0.18668E-01    0.51094E-01   -0.72861E-01    0.51638E-02   -0.67941E-02    0.35241E-01    0.13159E-01   -0.22883E-01   -0.28657E-01   -0.66861E-02    0.14880E-02    0.13731E-01   -0.36043E-01   -0.24144E-01    0.29541E-01   -0.19597E-03   -0.32629E-01    0.13264E-01
   -0.10949E-04    0.21173E-03   -0.19327E-04   -0.20878E-03    0.24403E-03   -0.38297E-03   -0.45233E-03    0.89867E-03   -0.14550E-03    0.99037E+01    0.14850E+01    0.13107E+01   -0.97616E+00   -0.46215E+00    0.15898E+00    0.96627E-02   -0.17582E-01    0.11181E-01   -0.21202E-04    0.99500E-04    0.10899E-02    0.49436E-01    0.70515E+00   -0.11130E+00   -0.31957E-02   -0.44969E-03   -0.18656E-02    0.15977E+00   -0.39932E-01   -0.59379E-01   -0.99162E-02   -0.75085E-01   -0.21707E-03    0.27710E-01   -0.28961E-01   -0.55159E-01   -0.13998E+00    0.12810E+00    0.19128E-01   -0.18211E-01    0.46486E-01    0.70551E-01
   -0.12990E-04    0.29766E-04    0.35750E-06    0.27554E-04    0.13099E-03   -0.87390E-04   -0.29812E-04    0.38657E-03   -0.61939E-03   -0.10864E+02    0.85485E+00    0.13594E+01   -0.65055E+00   -0.55768E+00    0.12683E+00    0.60964E-02   -0.93074E-02   -0.65840E-02   -0.14862E-04    0.28939E-04   -0.79829E-03   -0.22982E-01   -0.11130E+00    0.93983E+00    0.69580E-02   -0.13626E-01    0.66017E-02   -0.15283E+00    0.19917E+00    0.62834E-01   -0.27734E-01    0.52152E-01   -0.13491E+00    0.11933E-01    0.24107E-01    0.67530E-02    0.16924E+00   -0.23541E+00    0.33912E-01    0.11880E+00    0.84955E-02   -0.21332E+00
   -0.67456E-06   -0.34146E-04    0.27341E-05   -0.21379E-03   -0.26100E-03   -0.14002E-04    0.11832E-03   -0.46114E-03    0.86265E-03   -0.57936E+00    0.20099E+00   -0.13643E+00   -0.14696E+00    0.26956E-01   -0.69751E-03    0.23194E-02   -0.27413E-02    0.77716E-03    0.39830E-05   -0.12439E-04    0.16913E-02    0.18668E-01   -0.31957E-02    0.69580E-02    0.97878E+00   -0.12444E-01   -0.97315E-02   -0.58331E-01   -0.30495E-01    0.17012E+00   -0.27354E-01    0.65666E-01   -0.75267E-02    0.25415E-01   -0.98312E-02   -0.66805E-02    0.10629E+00   -0.68263E-01    0.31369E-01    0.90370E-02   -0.18170E+00    0.75281E-01
    0.13642E-06    0.10069E-04   -0.92871E-07   -0.92666E-04   -0.15096E-03   -0.12299E-03    0.95397E-04   -0.22350E-03   -0.56425E-03    0.62639E+00   -0.64107E-01   -0.35020E+00    0.10587E-01    0.50076E-01    0.33064E-01   -0.24690E-02    0.69474E-02   -0.47932E-02    0.73570E-05   -0.11318E-05   -0.24932E-02    0.51094E-01   -0.44969E-03   -0.13626E-01   -0.12444E-01    0.10033E+01   -0.12733E-01    0.57020E-01   -0.74198E-01    0.59733E-01   -0.84661E-01    0.52123E-01    0.82347E-01    0.11175E+00    0.55859E-01    0.15936E+00   -0.95074E-01    0.96933E-01    0.39885E-01    0.10273E-02   -0.99021E-01    0.49213E-01
   -0.33588E-05    0.81132E-05    0.35063E-05    0.21068E-04   -0.36490E-04    0.32513E-06    0.10942E-03    0.10371E-04   -0.11120E-02   -0.10211E+00    0.40214E-01    0.12635E+00    0.48975E-01    0.71217E-02    0.30668E-01   -0.72374E-03    0.34705E-02   -0.22128E-02   -0.24466E-05    0.66633E-05   -0.58147E-03   -0.72861E-01   -0.18656E-02    0.66017E-02   -0.97315E-02   -0.12733E-01    0.10122E+01    0.31572E-01    0.46654E-01   -0.43356E-01    0.59184E-01    0.10553E+00    0.63937E-01   -0.64256E-01   -0.87716E-01    0.71782E-01    0.57494E-01    0.92366E-01   -0.84463E-01    0.85913E-01   -0.21875E-01    0.22266E-01
    0.18651E-05    0.15565E-04    0.46117E-05   -0.11126E-03    0.31246E-04    0.23423E-03    0.54309E-04    0.14093E-04    0.26426E-03   -0.14593E+00   -0.18381E+01    0.92716E+00    0.85240E+00   -0.30982E+00   -0.24526E-01    0.70832E-02   -0.17807E-01    0.62890E-02    0.73841E-05    0.19213E-03    0.22172E-02    0.51638E-02    0.15977E+00   -0.15283E+00   -0.58331E-01    0.57020E-01    0.31572E-01    0.84829E+00   -0.75027E-02   -0.55656E-02   -0.12789E-01   -0.31186E-01    0.86990E-02    0.12792E+00   -0.12255E+00    0.15652E-01   -0.52841E-01    0.62751E+00    0.25519E+00   -0.68946E-01   -0.40942E-01    0.82037E-01
   -0.20397E-05   -0.26485E-04   -0.30327E-05   -0.43517E-04   -0.51919E-04    0.27485E-03    0.26462E-03   -0.12374E-03    0.60768E-03   -0.52450E+01   -0.52869E+00    0.34849E+00    0.11235E+00   -0.16045E+00    0.25226E-01    0.11810E-04   -0.45601E-02    0.35563E-02   -0.61778E-05    0.60754E-05    0.50106E-02   -0.67941E-02   -0.39932E-01    0.19917E+00   -0.30495E-01   -0.74198E-01    0.46654E-01   -0.75027E-02    0.97769E+00   -0.41949E-02   -0.18908E-01    0.55750E-02    0.37140E-01    0.78718E-02   -0.55304E-01   -0.17199E-01    0.15002E+00   -0.78193E-01    0.24491E+00    0.76218E+00    0.29292E+00   -0.20166E+00
    0.39486E-05   -0.51916E-04    0.96599E-05    0.68810E-07   -0.15851E-03    0.94498E-04   -0.23019E-04   -0.18163E-03    0.21409E-03   -0.71708E+00   -0.29139E+00   -0.61832E+00    0.63151E-01    0.17428E+00   -0.21423E-01   -0.23506E-03    0.35069E-02   -0.25722E-02    0.72785E-05    0.22026E-04   -0.20669E-02    0.35241E-01   -0.59379E-01    0.62834E-01    0.17012E+00    0.59733E-01   -0.43356E-01   -0.55656E-02   -0.41949E-02    0.96750E+00   -0.12224E-02   -0.15523E-01    0.60113E-01   -0.57621E-01    0.15334E+00    0.15177E+00   -0.13987E+00   -0.20459E+00    0.61645E+00    0.13039E+00   -0.59358E+00    0.17311E+00
   -0.53849E-05    0.51679E-04   -0.72317E-05    0.78235E-04    0.15564E-03   -0.17633E-03   -0.13861E-03    0.23464E-03   -0.29695E-03    0.98259E+00    0.40786E-01   -0.10654E+00    0.18349E+00    0.22172E+00   -0.50950E-01   -0.31996E-02    0.24810E-02    0.73281E-02    0.25506E-05    0.22959E-04    0.31046E-02    0.13159E-01   -0.99162E-02   -0.27734E-01   -0.27354E-01   -0.84661E-01    0.59184E-01   -0.12789E-01   -0.18908E-01   -0.12224E-02    0.99405E+00    0.98885E-03   -0.87338E-02   -0.86287E-01   -0.14455E+00   -0.16792E-01   -0.97263E-01   -0.65191E-01    0.70136E-01   -0.54597E-01    0.30373E+00    0.67919E+00
   -0.30047E-06    0.73408E-05    0.45414E-05   -0.23547E-03   -0.15368E-03   -0.41705E-04    0.31771E-03   -0.55009E-03   -0.48070E-03   -0.34320E+00   -0.34785E+00    0.21264E+00    0.43630E-01   -0.19320E+00   -0.35035E-01   -0.19737E-02    0.27091E-02   -0.10354E-01   -0.21551E-05    0.19585E-04   -0.30741E-02   -0.22883E-01   -0.75085E-01    0.52152E-01    0.65666E-01    0.52123E-01    0.10553E+00   -0.31186E-01    0.55750E-02   -0.15523E-01    0.98885E-03    0.98104E+00   -0.70817E-01    0.81042E-01    0.20578E-01    0.16124E+00    0.20358E-01    0.94981E-01   -0.56409E+00    0.38718E+00   -0.32674E+00    0.21656E+00
   -0.61710E-06   -0.21705E-05    0.57962E-05    0.19375E-03    0.18453E-03   -0.22523E-03   -0.23671E-03    0.35487E-03   -0.15909E-03    0.15548E+01    0.11332E+01   -0.15814E+01   -0.18072E+00    0.64355E+00    0.18463E-03   -0.10909E-01    0.33984E-01   -0.12556E-01    0.91446E-05   -0.20569E-03    0.18798E-03   -0.28657E-01   -0.21707E-03   -0.13491E+00   -0.75267E-02    0.82347E-01    0.63937E-01    0.86990E-02    0.37140E-01    0.60113E-01   -0.87338E-02   -0.70817E-01    0.89978E+00    0.35660E-02   -0.15242E-01    0.91085E-02   -0.13732E-01    0.58091E+00    0.15278E+00    0.11309E+00    0.62734E-01   -0.74562E-01
    0.69330E-06    0.37589E-04   -0.34246E-05   -0.83093E-05   -0.61589E-04   -0.72540E-04    0.11163E-03    0.63285E-04    0.15371E-03   -0.92233E-01   -0.54160E-01    0.53979E+00   -0.80459E-01   -0.44272E+00    0.41767E-01   -0.11017E-02    0.78390E-03   -0.17796E-01    0.13020E-05   -0.24591E-04   -0.91128E-03   -0.66861E-02    0.27710E-01    0.11933E-01    0.25415E-01    0.11175E+00   -0.64256E-01    0.12792E+00    0.78718E-02   -0.57621E-01   -0.86287E-01    0.81042E-01    0.35660E-02    0.99104E+00    0.13651E-02   -0.38972E-02    0.14917E-01    0.10439E+00    0.16046E+00    0.64820E-03    0.15928E+00    0.16594E+00
   -0.42298E-05    0.33821E-04    0.38614E-05    0.69839E-04    0.15005E-03   -0.10733E-03    0.26232E-04    0.19302E-03   -0.12212E-02   -0.41046E+00    0.24151E+00   -0.23543E+00   -0.20243E+00    0.41421E-01    0.26109E-01   -0.30413E-02    0.38833E-02   -0.22012E-02    0.25913E-05   -0.45279E-04   -0.93034E-02    0.14880E-02   -0.28961E-01    0.24107E-01   -0.98312E-02    0.55859E-01   -0.87716E-01   -0.12255E+00   -0.55304E-01    0.15334E+00   -0.14455E+00    0.20578E-01   -0.15242E-01    0.13651E-02    0.10169E+01    0.92198E-02   -0.14662E-02   -0.14463E+00    0.52404E-01    0.16642E+00    0.23713E-01   -0.50961E-01
    0.71845E-06   -0.68865E-04    0.25523E-05   -0.10538E-03   -0.16493E-03    0.98370E-04    0.34269E-03   -0.50687E-03   -0.53001E-03   -0.21371E-01   -0.25963E+00    0.38831E+00    0.91911E-03   -0.34564E+00   -0.33385E-01   -0.36918E-02    0.49791E-02   -0.16003E-01    0.74171E-06    0.10778E-04    0.55308E-03    0.13731E-01   -0.55159E-01    0.67530E-02   -0.66805E-02    0.15936E+00    0.71782E-01    0.15652E-01   -0.17199E-01    0.15177E+00   -0.16792E-01    0.16124E+00    0.91085E-02   -0.38972E-02    0.92198E-02    0.98315E+00   -0.39174E-02    0.74881E-03    0.29403E-01    0.12894E+00   -0.25939E+00    0.12602E+00
   -0.58753E-07   -0.78520E-04   -0.92047E-06    0.98077E-04   -0.21991E-03    0.13510E-03    0.17076E-03   -0.14548E-03    0.14603E-03   -0.39472E+01   -0.11413E+00    0.30113E+00    0.19820E-01   -0.18669E+00    0.25518E-01   -0.33698E-04    0.18068E-03   -0.93223E-02   -0.67422E-06   -0.28494E-04   -0.31278E-02   -0.36043E-01   -0.13998E+00    0.16924E+00    0.10629E+00   -0.95074E-01    0.57494E-01   -0.52841E-01    0.15002E+00   -0.13987E+00   -0.97263E-01    0.20358E-01   -0.13732E-01    0.14917E-01   -0.14662E-02   -0.39174E-02    0.10003E+01   -0.38787E-01   -0.47096E-01    0.25006E-01    0.18487E+00   -0.10233E+00
   -0.19783E-06    0.26877E-04    0.54119E-05   -0.21532E-04    0.16329E-03   -0.37961E-04   -0.84384E-04    0.14717E-03    0.27807E-04    0.16623E+01   -0.55807E+00   -0.29291E+00    0.49666E+00    0.17520E+00   -0.19374E-01   -0.18029E-02    0.90722E-02   -0.41208E-02    0.98115E-05   -0.22467E-06    0.12957E-02   -0.24144E-01    0.12810E+00   -0.23541E+00   -0.68263E-01    0.96933E-01    0.92366E-01    0.62751E+00   -0.78193E-01   -0.20459E+00   -0.65191E-01    0.94981E-01    0.58091E+00    0.10439E+00   -0.14463E+00    0.74881E-03   -0.38787E-01    0.93993E+00   -0.14040E-01   -0.73730E-02    0.18718E-01   -0.77737E-02
    0.48859E-05   -0.46413E-04    0.69478E-05    0.23065E-03   -0.32407E-04    0.22465E-03   -0.11331E-03    0.40929E-03    0.54333E-03   -0.19748E+01   -0.51087E+00   -0.33161E-01    0.22443E+00   -0.32941E-01    0.74919E-02    0.60504E-03   -0.97161E-03   -0.10657E-02    0.71157E-05    0.35634E-04    0.25544E-02    0.29541E-01    0.19128E-01    0.33912E-01    0.31369E-01    0.39885E-01   -0.84463E-01    0.25519E+00    0.24491E+00    0.61645E+00    0.70136E-01   -0.56409E+00    0.15278E+00    0.16046E+00    0.52404E-01    0.29403E-01   -0.47096E-01   -0.14040E-01    0.97797E+00   -0.10021E-01    0.12909E-01   -0.73466E-02
   -0.24930E-05    0.52789E-05   -0.20056E-05   -0.83173E-04   -0.41839E-05    0.75779E-04    0.27198E-03   -0.14024E-03   -0.21788E-03   -0.26398E+01   -0.18160E+00    0.92814E-01   -0.32573E-01   -0.88406E-01    0.87973E-03   -0.49259E-02    0.48863E-02   -0.17036E-02   -0.48100E-05   -0.16955E-04    0.58396E-03   -0.19597E-03   -0.18211E-01    0.11880E+00    0.90370E-02    0.10273E-02    0.85913E-01   -0.68946E-01    0.76218E+00    0.13039E+00   -0.54597E-01    0.38718E+00    0.11309E+00    0.64820E-03    0.16642E+00    0.12894E+00    0.25006E-01   -0.73730E-02   -0.10021E-01    0.98570E+00   -0.16767E-02   -0.13932E-02
   -0.53482E-05    0.52798E-04   -0.74008E-05    0.12096E-03    0.21560E-03   -0.47299E-04   -0.50719E-04    0.43926E-03   -0.10395E-02   -0.94656E+00    0.65048E+00    0.65447E+00   -0.19574E+00   -0.18366E+00    0.26391E-01   -0.47460E-02    0.20517E-02    0.40941E-03   -0.55556E-05   -0.46047E-04    0.20877E-02   -0.32629E-01    0.46486E-01    0.84955E-02   -0.18170E+00   -0.99021E-01   -0.21875E-01   -0.40942E-01    0.29292E+00   -0.59358E+00    0.30373E+00   -0.32674E+00    0.62734E-01    0.15928E+00    0.23713E-01   -0.25939E+00    0.18487E+00    0.18718E-01    0.12909E-01   -0.16767E-02    0.95892E+00    0.85440E-02
   -0.47778E-05    0.69415E-04   -0.11085E-04   -0.20156E-03   -0.82063E-04   -0.23231E-03   -0.52328E-04   -0.26815E-03   -0.48941E-03    0.36451E+01   -0.63409E-01   -0.49317E+00    0.24561E+00    0.34714E+00   -0.37936E-01   -0.24528E-02    0.99383E-03    0.12158E-01    0.68510E-05    0.32018E-04    0.23564E-03    0.13264E-01    0.70551E-01   -0.21332E+00    0.75281E-01    0.49213E-01    0.22266E-01    0.82037E-01   -0.20166E+00    0.17311E+00    0.67919E+00    0.21656E+00   -0.74562E-01    0.16594E+00   -0.50961E-01    0.12602E+00   -0.10233E+00   -0.77737E-02   -0.73466E-02   -0.13932E-02    0.85440E-02    0.98854E+00
