# omegam omegab H0 mnu A ns
  9.2401085E-04  -1.7982335E-04  -9.4189997E-02   3.3511797E-03  -4.6096699E-03  -6.3459695E-04
 -1.7982335E-04   1.0164029E-04   7.3780214E-02   2.7523281E-05  -1.0990361E-03   6.6398509E-06
 -9.4189997E-02   7.3780214E-02   6.5303895E+01   2.0409496E-01  -1.7414601E+00  -9.2774845E-02
  3.3511797E-03   2.7523281E-05   2.0409496E-01   6.2969419E-02   4.4966257E-03   2.1908561E-03
 -4.6096699E-03  -1.0990361E-03  -1.7414601E+00   4.4966257E-03   1.6917743E-01   1.8360305E-02
 -6.3459695E-04   6.6398509E-06  -9.2774845E-02   2.1908561E-03   1.8360305E-02   3.1906069E-03
