# omegabh2 omegach2 theta tau Alens ns logA asz
    0.21392E-06    0.25371E-06    0.53573E-06    0.10823E-05    0.68361E-04    0.39127E-05    0.51614E-05    0.14442E-04
    0.25371E-06    0.60103E-05    0.24666E-05   -0.26092E-05    0.72850E-04    0.11944E-05    0.19841E-04   -0.53844E-04
    0.53573E-06    0.24666E-05    0.42440E-05    0.58663E-06    0.11834E-03    0.97677E-05    0.17305E-04   -0.11203E-04
    0.10823E-05   -0.26092E-05    0.58663E-06    0.16307E-03   -0.25924E-04    0.35219E-04    0.33046E-03   -0.26273E-03
    0.68361E-04    0.72850E-04    0.11834E-03   -0.25924E-04    0.29324E+00    0.97528E-03    0.61591E-03    0.62786E-03
    0.39127E-05    0.11944E-05    0.97677E-05    0.35219E-04    0.97528E-03    0.11214E-03    0.13295E-03   -0.33159E-03
    0.51614E-05    0.19841E-04    0.17305E-04    0.33046E-03    0.61591E-03    0.13295E-03    0.82240E-03   -0.13781E-02
    0.14442E-04   -0.53844E-04   -0.11203E-04   -0.26273E-03    0.62786E-03   -0.33159E-03   -0.13781E-02    0.32568E+00
