# omegabh2 omegach2 theta tau ns logA Aphiphi aps100 aps143 aps217 acib143 acib217 asz143 psr cibr ncib cal0 cal2 xi aksz bm_1_1 a_ps_act_148 a_ps_act_217 a_ps_spt_95 a_ps_spt_150 a_ps_spt_220 r_ps_spt_95x150 r_ps_spt_95x220 r_ps_150x220 act_dust_s act_dust_e cal_acts_148 cal_acts_217 cal_acte_148 cal_acte_217 cal_spt_95 cal_spt_150 cal_spt_220
    0.69449E-07   -0.33726E-06    0.71683E-07    0.94289E-06    0.92016E-06    0.12206E-05    0.30822E-05   -0.23589E-03   -0.70608E-03   -0.62032E-03    0.47188E-05    0.64894E-04    0.17910E-04   -0.13785E-05   -0.43660E-06    0.12638E-05    0.22857E-08   -0.45996E-08   -0.39411E-05   -0.39027E-04   -0.76191E-05    0.76606E-05    0.46299E-04    0.15473E-04    0.17778E-04    0.54849E-04   -0.92734E-07   -0.43516E-06   -0.22478E-07   -0.69900E-06   -0.36885E-06    0.37630E-06    0.39381E-06    0.38263E-06    0.38500E-06    0.69329E-06    0.67074E-06    0.47727E-06
   -0.33726E-06    0.62991E-05   -0.63789E-06   -0.11003E-04   -0.13738E-04   -0.66799E-05   -0.70857E-04    0.59135E-02    0.25715E-02    0.25445E-02   -0.73901E-05   -0.18728E-03   -0.30469E-04    0.24556E-05    0.78793E-06   -0.15848E-05   -0.24447E-07    0.11437E-06    0.79106E-05   -0.15226E-03    0.13650E-03    0.99828E-05   -0.16008E-03    0.63062E-06   -0.31384E-04   -0.17378E-03    0.17384E-05    0.16859E-05   -0.90260E-06    0.26507E-05    0.39740E-05   -0.14102E-05   -0.13745E-05   -0.12914E-05   -0.17942E-05   -0.20619E-05   -0.24320E-05   -0.14036E-05
    0.71683E-07   -0.63789E-06    0.37755E-06    0.14853E-05    0.18754E-05    0.17744E-05    0.78986E-05   -0.19957E-03   -0.37368E-03   -0.36987E-03   -0.22020E-05    0.22514E-04    0.34970E-05   -0.67360E-06   -0.18515E-06    0.43291E-06    0.33219E-08   -0.54873E-08   -0.21892E-05    0.75704E-05   -0.87066E-05    0.52449E-06    0.29312E-04    0.81975E-05    0.50708E-05    0.14162E-04   -0.75266E-06   -0.10006E-05    0.12795E-06   -0.10120E-05    0.98771E-07    0.27022E-06    0.18302E-06    0.18372E-06    0.21307E-06    0.35816E-06    0.43301E-06    0.19129E-06
    0.94289E-06   -0.11003E-04    0.14853E-05    0.17080E-03    0.33699E-04    0.31352E-03   -0.14482E-03   -0.31052E-01   -0.15270E-01   -0.14085E-01    0.17746E-03    0.30037E-02    0.62123E-03   -0.25302E-04   -0.15073E-04    0.53351E-04   -0.56930E-08   -0.87119E-07   -0.17083E-03   -0.21887E-02   -0.36291E-03    0.16773E-03   -0.14154E-03    0.48783E-03    0.38886E-03    0.95385E-03   -0.30444E-05   -0.27992E-04   -0.48914E-05   -0.31880E-04   -0.21220E-06    0.74661E-05    0.73898E-05    0.73883E-05    0.84913E-05    0.14600E-04    0.13987E-04    0.89203E-05
    0.92016E-06   -0.13738E-04    0.18754E-05    0.33699E-04    0.45381E-04    0.31767E-04    0.13844E-03   -0.38747E-01   -0.18508E-01   -0.13592E-01    0.74615E-04    0.17377E-02    0.69554E-03   -0.35754E-04   -0.78307E-05    0.39225E-04    0.75879E-08    0.19573E-06   -0.14233E-03   -0.96020E-03   -0.21228E-03    0.49280E-04    0.58386E-03    0.13003E-03    0.20069E-03    0.32806E-03   -0.50760E-05   -0.12366E-04    0.12357E-05   -0.13568E-04   -0.50139E-05    0.90024E-05    0.70896E-05    0.80402E-05    0.81085E-05    0.13442E-04    0.13034E-04    0.66377E-05
    0.12206E-05   -0.66799E-05    0.17744E-05    0.31352E-03    0.31767E-04    0.61526E-03   -0.47565E-03   -0.49637E-01   -0.28295E-01   -0.24226E-01    0.33003E-03    0.64715E-02    0.14455E-02   -0.50938E-04   -0.30710E-04    0.12674E-03   -0.17906E-07    0.76773E-06   -0.38835E-03   -0.52876E-02    0.15500E-03    0.37985E-03   -0.10284E-02    0.10521E-02    0.71766E-03    0.99829E-03   -0.73840E-05   -0.59221E-04   -0.11824E-04   -0.55662E-04    0.11881E-04    0.13801E-04    0.13034E-04    0.14020E-04    0.13819E-04    0.27453E-04    0.24123E-04    0.15830E-04
    0.30822E-05   -0.70857E-04    0.78986E-05   -0.14482E-03    0.13844E-03   -0.47565E-03    0.28767E-02   -0.14770E-01    0.88823E-02   -0.42358E-02   -0.31563E-03   -0.57788E-02   -0.24773E-02    0.58057E-04   -0.31672E-06   -0.15453E-03    0.24519E-06   -0.34120E-05    0.48901E-03    0.87089E-02   -0.32065E-02   -0.19372E-03    0.34002E-02   -0.62675E-03   -0.23604E-03    0.30049E-02   -0.12926E-04    0.22856E-05    0.21964E-04   -0.48899E-04   -0.32896E-05    0.12984E-05   -0.15842E-05   -0.48886E-05    0.71975E-05   -0.87696E-05    0.25523E-05   -0.30971E-05
   -0.23589E-03    0.59135E-02   -0.19957E-03   -0.31052E-01   -0.38747E-01   -0.49637E-01   -0.14770E-01    0.27977E+04    0.74111E+02    0.68864E+01   -0.47223E+00    0.53294E+01   -0.11086E+02   -0.81460E-01   -0.52292E-01    0.16003E+00    0.66766E-03   -0.45810E-02    0.83446E+00    0.80780E+01    0.19344E+02    0.23682E+00   -0.66353E+01    0.55559E+01   -0.54406E+00   -0.96985E+00   -0.10092E+00   -0.36643E+00   -0.64787E-01    0.10590E+00    0.63571E-01   -0.17243E-01    0.55378E-02   -0.16524E-01    0.10232E-01   -0.57037E-01   -0.23253E-01    0.96797E-02
   -0.70608E-03    0.25715E-02   -0.37368E-03   -0.15270E-01   -0.18508E-01   -0.28295E-01    0.88823E-02    0.74111E+02    0.64574E+02    0.16376E+02    0.89192E-01   -0.21951E+00   -0.20901E+01    0.42816E-01    0.12273E-01   -0.35655E-01    0.20125E-04   -0.77057E-03    0.17242E+00    0.50404E+00   -0.14733E+00    0.26026E+00   -0.10979E+01    0.11701E+01   -0.18569E+00   -0.62424E+00   -0.71625E-02   -0.65440E-01   -0.29676E-01    0.18000E-01    0.16089E-01   -0.12747E-01   -0.63737E-02   -0.12873E-01   -0.69098E-02   -0.24771E-01   -0.18328E-01   -0.76653E-02
   -0.62032E-03    0.25445E-02   -0.36987E-03   -0.14085E-01   -0.13592E-01   -0.24226E-01   -0.42358E-02    0.68864E+01    0.16376E+02    0.94507E+02   -0.10351E+01   -0.36113E+02    0.79648E+00   -0.36015E+00   -0.20715E-01   -0.41460E+00    0.32676E-04   -0.56445E-04   -0.11401E-01    0.23882E+00   -0.62947E-01    0.31468E+00    0.20835E+02   -0.89148E+00    0.72190E+00    0.12247E+02   -0.43985E-01   -0.79083E-01   -0.34358E-02    0.33883E-01    0.27974E-01   -0.65222E-02   -0.27249E-01   -0.54872E-02   -0.30421E-01   -0.70068E-02   -0.10200E-01   -0.55688E-01
    0.47188E-05   -0.73901E-05   -0.22020E-05    0.17746E-03    0.74615E-04    0.33003E-03   -0.31563E-03   -0.47223E+00    0.89192E-01   -0.10351E+01    0.67976E+00    0.13318E+01    0.53258E+00    0.26518E-03   -0.25689E-02    0.28810E-02    0.18496E-05    0.18095E-04    0.45523E-02   -0.93095E+00    0.21301E-02    0.49785E-03   -0.35165E+00   -0.15886E+00   -0.83758E-01   -0.27986E+00    0.47313E-01    0.45156E-01   -0.51911E-02   -0.20877E-02   -0.17947E-02    0.12200E-03    0.29825E-03    0.12086E-03    0.29300E-03   -0.72998E-03    0.47162E-03    0.17707E-02
    0.64894E-04   -0.18728E-03    0.22514E-04    0.30037E-02    0.17377E-02    0.64715E-02   -0.57788E-02    0.53294E+01   -0.21951E+00   -0.36113E+02    0.13318E+01    0.25288E+02    0.18994E+01    0.21072E+00    0.19024E-01    0.33334E+00    0.25678E-05    0.47881E-04   -0.35030E+00   -0.42805E+01    0.19998E+00   -0.57318E+00   -0.16243E+02    0.72225E-02   -0.10181E+01   -0.11899E+02    0.61911E-01    0.78975E-01   -0.85892E-02   -0.11326E-01   -0.69566E-02   -0.42157E-03    0.59209E-02   -0.11851E-02    0.83336E-02    0.29331E-03   -0.18710E-02    0.21246E-01
    0.17910E-04   -0.30469E-04    0.34970E-05    0.62123E-03    0.69554E-03    0.14455E-02   -0.24773E-02   -0.11086E+02   -0.20901E+01    0.79648E+00    0.53258E+00    0.18994E+01    0.19130E+01    0.15927E-01    0.16283E-01    0.19734E-01    0.32078E-05   -0.57895E-04   -0.18371E+00   -0.23267E+01    0.49706E-01   -0.15266E+00   -0.10035E+01   -0.71419E+00   -0.16411E+00   -0.14802E+01    0.39100E-01    0.63007E-01   -0.18722E-02   -0.19846E-02   -0.30002E-03    0.53463E-03   -0.30045E-02    0.49075E-03   -0.28293E-02    0.38648E-02    0.34951E-03   -0.23584E-02
   -0.13785E-05    0.24556E-05   -0.67360E-06   -0.25302E-04   -0.35754E-04   -0.50938E-04    0.58057E-04   -0.81460E-01    0.42816E-01   -0.36015E+00    0.26518E-03    0.21072E+00    0.15927E-01    0.51430E-02   -0.14278E-03    0.20525E-02   -0.18998E-06    0.10297E-05   -0.84972E-03   -0.14406E-01   -0.64672E-03   -0.85750E-03   -0.15033E+00   -0.80451E-02   -0.25071E-02   -0.10506E+00    0.24022E-03    0.14713E-02    0.43965E-03   -0.57051E-04    0.93573E-04   -0.33496E-04   -0.91402E-05   -0.43231E-04    0.26794E-04    0.16255E-04   -0.53535E-04    0.18043E-03
   -0.43660E-06    0.78793E-06   -0.18515E-06   -0.15073E-04   -0.78307E-05   -0.30710E-04   -0.31672E-06   -0.52292E-01    0.12273E-01   -0.20715E-01   -0.25689E-02    0.19024E-01    0.16283E-01   -0.14278E-03    0.22549E-02   -0.12957E-03   -0.80492E-07    0.30690E-06   -0.15524E-03   -0.94430E-02    0.43610E-03    0.53429E-02    0.14485E-02   -0.95856E-02    0.31461E-02    0.33894E-02    0.77067E-04    0.12195E-02   -0.42445E-03   -0.11998E-04   -0.87573E-04   -0.95538E-06    0.24057E-04    0.15157E-05    0.24616E-04    0.58263E-04    0.13960E-05    0.62967E-04
    0.12638E-05   -0.15848E-05    0.43291E-06    0.53351E-04    0.39225E-04    0.12674E-03   -0.15453E-03    0.16003E+00   -0.35655E-01   -0.41460E+00    0.28810E-02    0.33334E+00    0.19734E-01    0.20525E-02   -0.12957E-03    0.66196E-02   -0.71824E-08   -0.44377E-05   -0.47240E-02   -0.34455E-01    0.67248E-02   -0.10829E-01   -0.26693E+00   -0.47565E-03   -0.14338E-01   -0.21336E+00   -0.58770E-04    0.62794E-03    0.31543E-03   -0.11438E-03   -0.24762E-04    0.13334E-04    0.66084E-05   -0.11665E-05    0.45309E-04    0.86638E-04   -0.19079E-04    0.15736E-03
    0.22857E-08   -0.24447E-07    0.33219E-08   -0.56930E-08    0.75879E-08   -0.17906E-07    0.24519E-06    0.66766E-03    0.20125E-04    0.32676E-04    0.18496E-05    0.25678E-05    0.32078E-05   -0.18998E-06   -0.80492E-07   -0.71824E-08    0.16000E-06    0.26081E-08   -0.95352E-06   -0.88112E-05   -0.19748E-04   -0.61546E-06    0.13079E-05   -0.21305E-06   -0.46480E-06    0.76885E-05    0.19828E-07   -0.27349E-06   -0.48374E-07   -0.31100E-06   -0.36341E-06    0.69625E-08   -0.23411E-08    0.53766E-08   -0.36511E-08   -0.15212E-07    0.82793E-09    0.84866E-07
   -0.45996E-08    0.11437E-06   -0.54873E-08   -0.87119E-07    0.19573E-06    0.76773E-06   -0.34120E-05   -0.45810E-02   -0.77057E-03   -0.56445E-04    0.18095E-04    0.47881E-04   -0.57895E-04    0.10297E-05    0.30690E-06   -0.44377E-05    0.26081E-08    0.18209E-05    0.86337E-05    0.29039E-04    0.10825E-03    0.28968E-04    0.19576E-03    0.41804E-04    0.21138E-04    0.28253E-03    0.36715E-06   -0.20177E-05   -0.96922E-06    0.11183E-06   -0.12925E-05    0.45981E-06    0.84765E-06    0.55431E-06    0.96089E-06    0.18697E-06    0.62262E-06    0.12227E-05
   -0.39411E-05    0.79106E-05   -0.21892E-05   -0.17083E-03   -0.14233E-03   -0.38835E-03    0.48901E-03    0.83446E+00    0.17242E+00   -0.11401E-01    0.45523E-02   -0.35030E+00   -0.18371E+00   -0.84972E-03   -0.15524E-03   -0.47240E-02   -0.95352E-06    0.86337E-05    0.60240E-01    0.35597E+00   -0.65392E-02    0.60074E-01    0.16772E+00    0.50744E-02    0.54985E-01    0.22793E+00    0.41472E-02    0.83769E-02    0.11341E-02   -0.21586E-03   -0.93819E-04    0.17362E-04    0.26876E-03    0.19087E-04    0.26838E-03   -0.30192E-03    0.18815E-03    0.54459E-03
   -0.39027E-04   -0.15226E-03    0.75704E-05   -0.21887E-02   -0.96020E-03   -0.52876E-02    0.87089E-02    0.80780E+01    0.50404E+00    0.23882E+00   -0.93095E+00   -0.42805E+01   -0.23267E+01   -0.14406E-01   -0.94430E-02   -0.34455E-01   -0.88112E-05    0.29039E-04    0.35597E+00    0.45260E+01   -0.51493E-01    0.16574E+00    0.17082E+01    0.26089E+00    0.32409E+00    0.22312E+01   -0.45876E-01   -0.27181E-01    0.18482E-01   -0.36339E-02   -0.75717E-02    0.41349E-03    0.31216E-02    0.57128E-03    0.30398E-02   -0.72551E-03    0.15384E-02    0.30010E-02
   -0.76191E-05    0.13650E-03   -0.87066E-05   -0.36291E-03   -0.21228E-03    0.15500E-03   -0.32065E-02    0.19344E+02   -0.14733E+00   -0.62947E-01    0.21301E-02    0.19998E+00    0.49706E-01   -0.64672E-03    0.43610E-03    0.67248E-02   -0.19748E-04    0.10825E-03   -0.65392E-02   -0.51493E-01    0.30920E+00   -0.81392E-02   -0.16838E+00   -0.13364E-01   -0.80882E-02   -0.17816E+00    0.23428E-03    0.15009E-02    0.37866E-03    0.51221E-03    0.10749E-02    0.26691E-03    0.60128E-04    0.26232E-03    0.95971E-04    0.36508E-03    0.20508E-03    0.28337E-04
    0.76606E-05    0.99828E-05    0.52449E-06    0.16773E-03    0.49280E-04    0.37985E-03   -0.19372E-03    0.23682E+00    0.26026E+00    0.31468E+00    0.49785E-03   -0.57318E+00   -0.15266E+00   -0.85750E-03    0.53429E-02   -0.10829E-01   -0.61546E-06    0.28968E-04    0.60074E-01    0.16574E+00   -0.81392E-02    0.34069E+00    0.33397E+00    0.60926E-01    0.15439E+00    0.64331E+00    0.70469E-02    0.10073E-01   -0.44162E-02   -0.15157E-02   -0.19858E-02    0.61347E-03    0.26758E-04    0.68525E-03    0.22575E-04   -0.56755E-03    0.32401E-05    0.13724E-02
    0.46299E-04   -0.16008E-03    0.29312E-04   -0.14154E-03    0.58386E-03   -0.10284E-02    0.34002E-02   -0.66353E+01   -0.10979E+01    0.20835E+02   -0.35165E+00   -0.16243E+02   -0.10035E+01   -0.15033E+00    0.14485E-02   -0.26693E+00    0.13079E-05    0.19576E-03    0.16772E+00    0.17082E+01   -0.16838E+00    0.33397E+00    0.20421E+02    0.18656E+00    0.62968E+00    0.96676E+01   -0.17981E-01   -0.61266E-01   -0.14674E-01    0.12885E-01    0.14074E-01    0.13954E-02    0.21732E-01    0.18886E-02    0.13594E-01   -0.88483E-03    0.26426E-02   -0.90726E-02
    0.15473E-04    0.63062E-06    0.81975E-05    0.48783E-03    0.13003E-03    0.10521E-02   -0.62675E-03    0.55559E+01    0.11701E+01   -0.89148E+00   -0.15886E+00    0.72225E-02   -0.71419E+00   -0.80451E-02   -0.95856E-02   -0.47565E-03   -0.21305E-06    0.41804E-04    0.50744E-02    0.26089E+00   -0.13364E-01    0.60926E-01    0.18656E+00    0.21598E+01    0.21575E-01    0.36583E+00   -0.83627E-01   -0.97753E-01   -0.47410E-02    0.35860E-02    0.26560E-02   -0.33809E-03    0.13745E-02   -0.43120E-03    0.12925E-02    0.36507E-03   -0.93162E-04    0.99743E-03
    0.17778E-04   -0.31384E-04    0.50708E-05    0.38886E-03    0.20069E-03    0.71766E-03   -0.23604E-03   -0.54406E+00   -0.18569E+00    0.72190E+00   -0.83758E-01   -0.10181E+01   -0.16411E+00   -0.25071E-02    0.31461E-02   -0.14338E-01   -0.46480E-06    0.21138E-04    0.54985E-01    0.32409E+00   -0.80882E-02    0.15439E+00    0.62968E+00    0.21575E-01    0.25734E+00    0.57906E+00    0.14593E-02    0.86131E-02    0.42620E-03    0.11582E-02    0.21309E-02    0.15295E-03   -0.58643E-04    0.12010E-03   -0.89113E-04    0.32810E-03    0.16769E-03   -0.57029E-04
    0.54849E-04   -0.17378E-03    0.14162E-04    0.95385E-03    0.32806E-03    0.99829E-03    0.30049E-02   -0.96985E+00   -0.62424E+00    0.12247E+02   -0.27986E+00   -0.11899E+02   -0.14802E+01   -0.10506E+00    0.33894E-02   -0.21336E+00    0.76885E-05    0.28253E-03    0.22793E+00    0.22312E+01   -0.17816E+00    0.64331E+00    0.96676E+01    0.36583E+00    0.57906E+00    0.20232E+02   -0.17420E-01   -0.88134E-01   -0.27478E-01   -0.39872E-02   -0.79218E-02    0.13647E-02    0.27554E-02    0.18138E-02    0.12169E-02   -0.55230E-03    0.46391E-02    0.28347E-01
   -0.92734E-07    0.17384E-05   -0.75266E-06   -0.30444E-05   -0.50760E-05   -0.73840E-05   -0.12926E-04   -0.10092E+00   -0.71625E-02   -0.43985E-01    0.47313E-01    0.61911E-01    0.39100E-01    0.24022E-03    0.77067E-04   -0.58770E-04    0.19828E-07    0.36715E-06    0.41472E-02   -0.45876E-01    0.23428E-03    0.70469E-02   -0.17981E-01   -0.83627E-01    0.14593E-02   -0.17420E-01    0.78037E-02    0.72458E-02   -0.21640E-03   -0.19538E-03   -0.92665E-04    0.15624E-04   -0.90044E-05    0.13373E-04   -0.89011E-05   -0.80178E-04    0.29249E-04    0.10618E-03
   -0.43516E-06    0.16859E-05   -0.10006E-05   -0.27992E-04   -0.12366E-04   -0.59221E-04    0.22856E-05   -0.36643E+00   -0.65440E-01   -0.79083E-01    0.45156E-01    0.78975E-01    0.63007E-01    0.14713E-02    0.12195E-02    0.62794E-03   -0.27349E-06   -0.20177E-05    0.83769E-02   -0.27181E-01    0.15009E-02    0.10073E-01   -0.61266E-01   -0.97753E-01    0.86131E-02   -0.88134E-01    0.72458E-02    0.13211E-01    0.46205E-03   -0.24271E-03    0.14675E-04    0.30441E-04   -0.72538E-04    0.27147E-04   -0.51814E-04    0.51648E-04    0.78486E-04   -0.62342E-04
   -0.22478E-07   -0.90260E-06    0.12795E-06   -0.48914E-05    0.12357E-05   -0.11824E-04    0.21964E-04   -0.64787E-01   -0.29676E-01   -0.34358E-02   -0.51911E-02   -0.85892E-02   -0.18722E-02    0.43965E-03   -0.42445E-03    0.31543E-03   -0.48374E-07   -0.96922E-06    0.11341E-02    0.18482E-01    0.37866E-03   -0.44162E-02   -0.14674E-01   -0.47410E-02    0.42620E-03   -0.27478E-01   -0.21640E-03    0.46205E-03    0.54655E-03    0.21238E-05    0.59898E-04    0.49211E-05   -0.24272E-04    0.67127E-05   -0.17801E-04    0.46749E-04    0.16937E-04   -0.82384E-04
   -0.69900E-06    0.26507E-05   -0.10120E-05   -0.31880E-04   -0.13568E-04   -0.55662E-04   -0.48899E-04    0.10590E+00    0.18000E-01    0.33883E-01   -0.20877E-02   -0.11326E-01   -0.19846E-02   -0.57051E-04   -0.11998E-04   -0.11438E-03   -0.31100E-06    0.11183E-06   -0.21586E-03   -0.36339E-02    0.51221E-03   -0.15157E-02    0.12885E-01    0.35860E-02    0.11582E-02   -0.39872E-02   -0.19538E-03   -0.24271E-03    0.21238E-05    0.35810E-01   -0.21606E-04    0.14130E-03    0.88992E-04   -0.34318E-04   -0.10724E-04    0.75564E-05   -0.26001E-04   -0.54591E-04
   -0.36885E-06    0.39740E-05    0.98771E-07   -0.21220E-06   -0.50139E-05    0.11881E-04   -0.32896E-05    0.63571E-01    0.16089E-01    0.27974E-01   -0.17947E-02   -0.69566E-02   -0.30002E-03    0.93573E-04   -0.87573E-04   -0.24762E-04   -0.36341E-06   -0.12925E-05   -0.93819E-04   -0.75717E-02    0.10749E-02   -0.19858E-02    0.14074E-01    0.26560E-02    0.21309E-02   -0.79218E-02   -0.92665E-04    0.14675E-04    0.59898E-04   -0.21606E-04    0.39021E-01   -0.38494E-04    0.13786E-04    0.15623E-03    0.92139E-04   -0.10582E-04   -0.27217E-04   -0.53847E-04
    0.37630E-06   -0.14102E-05    0.27022E-06    0.74661E-05    0.90024E-05    0.13801E-04    0.12984E-05   -0.17243E-01   -0.12747E-01   -0.65222E-02    0.12200E-03   -0.42157E-03    0.53463E-03   -0.33496E-04   -0.95538E-06    0.13334E-04    0.69625E-08    0.45981E-06    0.17362E-04    0.41349E-03    0.26691E-03    0.61347E-03    0.13954E-02   -0.33809E-03    0.15295E-03    0.13647E-02    0.15624E-04    0.30441E-04    0.49211E-05    0.14130E-03   -0.38494E-04    0.53349E-04    0.75310E-05    0.10916E-04    0.70975E-05    0.11989E-04    0.93317E-05    0.77463E-05
    0.39381E-06   -0.13745E-05    0.18302E-06    0.73898E-05    0.70896E-05    0.13034E-04   -0.15842E-05    0.55378E-02   -0.63737E-02   -0.27249E-01    0.29825E-03    0.59209E-02   -0.30045E-02   -0.91402E-05    0.24057E-04    0.66084E-05   -0.23411E-08    0.84765E-06    0.26876E-03    0.31216E-02    0.60128E-04    0.26758E-04    0.21732E-01    0.13745E-02   -0.58643E-04    0.27554E-02   -0.90044E-05   -0.72538E-04   -0.24272E-04    0.88992E-04    0.13786E-04    0.75310E-05    0.17827E-03    0.78936E-05    0.65368E-04   -0.24360E-05    0.93926E-05    0.29207E-04
    0.38263E-06   -0.12914E-05    0.18372E-06    0.73883E-05    0.80402E-05    0.14020E-04   -0.48886E-05   -0.16524E-01   -0.12873E-01   -0.54872E-02    0.12086E-03   -0.11851E-02    0.49075E-03   -0.43231E-04    0.15157E-05   -0.11665E-05    0.53766E-08    0.55431E-06    0.19087E-04    0.57128E-03    0.26232E-03    0.68525E-03    0.18886E-02   -0.43120E-03    0.12010E-03    0.18138E-02    0.13373E-04    0.27147E-04    0.67127E-05   -0.34318E-04    0.15623E-03    0.10916E-04    0.78936E-05    0.52068E-04    0.81171E-05    0.11165E-04    0.99915E-05    0.74175E-05
    0.38500E-06   -0.17942E-05    0.21307E-06    0.84913E-05    0.81085E-05    0.13819E-04    0.71975E-05    0.10232E-01   -0.69098E-02   -0.30421E-01    0.29300E-03    0.83336E-02   -0.28293E-02    0.26794E-04    0.24616E-04    0.45309E-04   -0.36511E-08    0.96089E-06    0.26838E-03    0.30398E-02    0.95971E-04    0.22575E-04    0.13594E-01    0.12925E-02   -0.89113E-04    0.12169E-02   -0.89011E-05   -0.51814E-04   -0.17801E-04   -0.10724E-04    0.92139E-04    0.70975E-05    0.65368E-04    0.81171E-05    0.10538E-03    0.88084E-06    0.93008E-05    0.30237E-04
    0.69329E-06   -0.20619E-05    0.35816E-06    0.14600E-04    0.13442E-04    0.27453E-04   -0.87696E-05   -0.57037E-01   -0.24771E-01   -0.70068E-02   -0.72998E-03    0.29331E-03    0.38648E-02    0.16255E-04    0.58263E-04    0.86638E-04   -0.15212E-07    0.18697E-06   -0.30192E-03   -0.72551E-03    0.36508E-03   -0.56755E-03   -0.88483E-03    0.36507E-03    0.32810E-03   -0.55230E-03   -0.80178E-04    0.51648E-04    0.46749E-04    0.75564E-05   -0.10582E-04    0.11989E-04   -0.24360E-05    0.11165E-04    0.88084E-06    0.38647E-03    0.30938E-04    0.27171E-05
    0.67074E-06   -0.24320E-05    0.43301E-06    0.13987E-04    0.13034E-04    0.24123E-04    0.25523E-05   -0.23253E-01   -0.18328E-01   -0.10200E-01    0.47162E-03   -0.18710E-02    0.34951E-03   -0.53535E-04    0.13960E-05   -0.19079E-04    0.82793E-09    0.62262E-06    0.18815E-03    0.15384E-02    0.20508E-03    0.32401E-05    0.26426E-02   -0.93162E-04    0.16769E-03    0.46391E-02    0.29249E-04    0.78486E-04    0.16937E-04   -0.26001E-04   -0.27217E-04    0.93317E-05    0.93926E-05    0.99915E-05    0.93008E-05    0.30938E-04    0.91059E-04    0.26557E-04
    0.47727E-06   -0.14036E-05    0.19129E-06    0.89203E-05    0.66377E-05    0.15830E-04   -0.30971E-05    0.96797E-02   -0.76653E-02   -0.55688E-01    0.17707E-02    0.21246E-01   -0.23584E-02    0.18043E-03    0.62967E-04    0.15736E-03    0.84866E-07    0.12227E-05    0.54459E-03    0.30010E-02    0.28337E-04    0.13724E-02   -0.90726E-02    0.99743E-03   -0.57029E-04    0.28347E-01    0.10618E-03   -0.62342E-04   -0.82384E-04   -0.54591E-04   -0.53847E-04    0.77463E-05    0.29207E-04    0.74175E-05    0.30237E-04    0.27171E-05    0.26557E-04    0.53819E-03
