# omegabh2 omegach2 theta tau nnu yhe ns logA aps100 aps143 aps217 acib143 acib217 asz143 psr cibr ncib cal0 cal2 xi aksz bm_1_1 bm_1_2 bm_1_3 bm_1_4 bm_1_5 bm_2_1 bm_2_2 bm_2_3 bm_2_4 bm_2_5 bm_3_1 bm_3_2 bm_3_3 bm_3_4 bm_3_5 bm_4_1 bm_4_2 bm_4_3 bm_4_4 bm_4_5 a_ps_act_148 a_ps_act_217 a_ps_spt_95 a_ps_spt_150 a_ps_spt_220 r_ps_spt_95x150 r_ps_spt_95x220 r_ps_150x220 act_dust_s act_dust_e cal_acts_148 cal_acts_217 cal_acte_148 cal_acte_217 cal_spt_95 cal_spt_150 cal_spt_220
    0.17079E-06    0.93681E-06   -0.70961E-07    0.29160E-05    0.11794E-03    0.99048E-06    0.59602E-05    0.83412E-05    0.10697E-02    0.35295E-03    0.25251E-03    0.47106E-06   -0.38857E-04   -0.16327E-05    0.48354E-06    0.54324E-06   -0.82670E-06    0.62351E-08    0.64227E-08    0.31676E-05    0.35577E-04    0.14327E-04   -0.10216E-05   -0.74598E-05   -0.67936E-05   -0.94172E-05    0.90143E-05   -0.55213E-05   -0.52613E-05   -0.12970E-04   -0.51773E-05    0.16365E-05   -0.11042E-05    0.33382E-05   -0.75184E-05    0.13066E-05    0.95501E-05   -0.15913E-05   -0.74654E-05    0.23785E-05   -0.76153E-05   -0.37855E-05   -0.32653E-04   -0.16535E-04   -0.74772E-05   -0.13943E-04    0.18423E-06    0.11473E-05    0.14179E-06   -0.92079E-06   -0.31911E-06   -0.74767E-07   -0.18042E-06   -0.17127E-06   -0.20011E-06   -0.33843E-06   -0.26706E-06   -0.17909E-06
    0.93681E-06    0.97400E-04   -0.21773E-04    0.15176E-04    0.66321E-02   -0.29348E-03    0.77867E-04    0.17321E-03    0.30396E-01   -0.41059E-02   -0.27448E-02   -0.22251E-03   -0.18381E-03   -0.13554E-03   -0.15151E-04   -0.26368E-05    0.66913E-05    0.20358E-07    0.29808E-07   -0.49712E-04   -0.92454E-03    0.88411E-03    0.77143E-04   -0.19171E-03   -0.11981E-03   -0.24748E-03    0.22796E-03   -0.29002E-03   -0.15969E-03   -0.12570E-03   -0.14766E-03    0.38911E-04   -0.92733E-04   -0.45512E-04   -0.21551E-03   -0.21287E-03    0.25613E-03   -0.94167E-04   -0.24140E-03    0.58440E-04   -0.29436E-04    0.24127E-03    0.11288E-02    0.55549E-03    0.38927E-03    0.19075E-02   -0.13295E-04   -0.22320E-04   -0.60729E-05   -0.64422E-05    0.92012E-05    0.19910E-05    0.46710E-05    0.29965E-05    0.34493E-05    0.63448E-05    0.80802E-05    0.36693E-05
   -0.70961E-07   -0.21773E-04    0.57142E-05   -0.94045E-06   -0.15091E-02    0.80445E-04   -0.12531E-04   -0.29867E-04   -0.46981E-02    0.38886E-02    0.33363E-02    0.60320E-04   -0.17549E-03   -0.11729E-05    0.78350E-05    0.39143E-05   -0.67187E-05    0.33615E-09    0.29258E-08    0.29742E-04    0.40065E-03   -0.14804E-03    0.11137E-04    0.56545E-04    0.13583E-04    0.55519E-04   -0.49774E-04    0.67746E-04    0.23562E-04    0.20641E-04    0.31333E-04   -0.49581E-05    0.42925E-04    0.17323E-04    0.36736E-04    0.54418E-04   -0.52682E-04    0.22018E-04    0.60672E-04    0.54614E-05   -0.51499E-05   -0.78685E-04   -0.57550E-03   -0.24642E-03   -0.17203E-03   -0.71130E-03    0.65541E-05    0.11840E-04    0.16050E-05    0.29139E-05   -0.32087E-05   -0.17415E-05   -0.30202E-05   -0.22426E-05   -0.25099E-05   -0.42442E-05   -0.47613E-05   -0.27390E-05
    0.29160E-05    0.15176E-04   -0.94045E-06    0.22367E-03    0.23543E-02    0.19987E-04    0.13165E-03    0.48446E-03   -0.27844E-02    0.37868E-02    0.48427E-02   -0.30589E-04   -0.58710E-03    0.23999E-03    0.28803E-05    0.12700E-04   -0.11756E-04    0.12431E-06    0.26475E-06   -0.30666E-04   -0.28717E-03   -0.10539E-04    0.16581E-03    0.13587E-03   -0.33213E-03   -0.32716E-03    0.11950E-03   -0.28388E-03    0.14252E-03    0.10002E-03   -0.19063E-03   -0.11097E-03   -0.23930E-03   -0.58631E-04   -0.66234E-05    0.20305E-03   -0.36100E-04    0.14301E-03   -0.38140E-03   -0.31274E-04    0.41425E-04   -0.44652E-04   -0.15615E-03   -0.34086E-04   -0.92096E-04   -0.11491E-03   -0.83594E-05    0.16791E-05    0.97851E-06   -0.10113E-04    0.22970E-04   -0.17986E-05   -0.26607E-05   -0.25741E-05   -0.23704E-05   -0.29181E-05   -0.29995E-05    0.13180E-05
    0.11794E-03    0.66321E-02   -0.15091E-02    0.23543E-02    0.49301E+00   -0.20257E-01    0.77856E-02    0.14328E-01    0.25087E+01   -0.21883E+00   -0.20709E+00   -0.14127E-01   -0.22447E-01   -0.14781E-01   -0.10247E-02   -0.99740E-04    0.19520E-03    0.39090E-05    0.23040E-05   -0.12518E-02   -0.37315E-01    0.60241E-01    0.73842E-02   -0.15404E-01   -0.11572E-01   -0.19847E-01    0.16802E-01   -0.22783E-01   -0.11296E-01   -0.13410E-01   -0.11740E-01    0.15390E-02   -0.61662E-02   -0.29613E-02   -0.16556E-01   -0.13950E-01    0.18018E-01   -0.65081E-02   -0.21215E-01    0.32832E-02   -0.63470E-02    0.15899E-01    0.83459E-01    0.37028E-01    0.25899E-01    0.13488E+00   -0.87982E-03   -0.12543E-02   -0.38414E-03   -0.98027E-03    0.69130E-03    0.14224E-03    0.35666E-03    0.19411E-03    0.26472E-03    0.38666E-03    0.53503E-03    0.24774E-03
    0.99048E-06   -0.29348E-03    0.80445E-04    0.19987E-04   -0.20257E-01    0.13266E-02   -0.63617E-04   -0.27118E-03   -0.30125E-01    0.10447E+00    0.90476E-01    0.80065E-03   -0.64550E-02   -0.57509E-03    0.18107E-03    0.11547E-03   -0.17589E-03    0.59895E-07   -0.89398E-07    0.70222E-03    0.90389E-02   -0.12362E-02    0.68645E-03    0.86418E-03    0.41878E-03    0.44964E-03   -0.66791E-03    0.98270E-03    0.14279E-03    0.38448E-03    0.28796E-03    0.37013E-03    0.89966E-03    0.33185E-03    0.50605E-03    0.88090E-03   -0.40995E-03    0.39938E-03    0.94426E-03    0.29222E-03   -0.19681E-03   -0.17447E-02   -0.13161E-01   -0.59696E-02   -0.39426E-02   -0.15632E-01    0.14966E-03    0.27601E-03    0.29216E-04    0.39374E-04   -0.21196E-04   -0.48319E-04   -0.73655E-04   -0.59703E-04   -0.65570E-04   -0.11065E-03   -0.11593E-03   -0.73082E-04
    0.59602E-05    0.77867E-04   -0.12531E-04    0.13165E-03    0.77856E-02   -0.63617E-04    0.30812E-03    0.42138E-03    0.52925E-01    0.27311E-01    0.23943E-01   -0.15909E-03   -0.32045E-02   -0.53357E-03    0.25473E-04    0.35277E-04   -0.56642E-04    0.13184E-06    0.27298E-06    0.20431E-03    0.25886E-02    0.11618E-02    0.36893E-03   -0.21411E-03   -0.33299E-03   -0.46290E-03    0.56984E-03   -0.24819E-03   -0.29035E-03   -0.37257E-03   -0.28863E-03    0.28868E-03    0.78273E-04   -0.66892E-04   -0.24955E-03   -0.97845E-04    0.68426E-03    0.68677E-04   -0.27277E-03    0.17562E-03   -0.38107E-03   -0.20753E-03   -0.21204E-02   -0.10397E-02   -0.74317E-03   -0.17361E-02    0.16874E-04    0.58133E-04    0.17186E-05   -0.28458E-04    0.11799E-04   -0.11096E-04   -0.15749E-04   -0.15290E-04   -0.15268E-04   -0.28862E-04   -0.26675E-04   -0.20432E-04
    0.83412E-05    0.17321E-03   -0.29867E-04    0.48446E-03    0.14328E-01   -0.27118E-03    0.42138E-03    0.12964E-02    0.45593E-01    0.23777E-01    0.27333E-01   -0.45818E-03   -0.33437E-02    0.15765E-03    0.13260E-04    0.47928E-04   -0.47302E-04    0.38911E-06    0.80766E-06   -0.49487E-04   -0.64908E-03    0.21931E-02    0.78761E-03   -0.30888E-04   -0.69016E-03   -0.10692E-02    0.94801E-03   -0.80170E-03   -0.25431E-04   -0.84297E-04   -0.67599E-03   -0.28666E-04   -0.41435E-03   -0.16521E-03   -0.45651E-03    0.48185E-04    0.66649E-03    0.30665E-03   -0.89749E-03    0.13833E-03   -0.79320E-04   -0.34181E-04   -0.15857E-02   -0.42398E-03   -0.37622E-03   -0.37939E-03   -0.16960E-04    0.11176E-04   -0.41385E-05   -0.23570E-04    0.70587E-04   -0.11299E-04   -0.15726E-04   -0.14060E-04   -0.15782E-04   -0.20739E-04   -0.18666E-04   -0.95669E-05
    0.10697E-02    0.30396E-01   -0.46981E-02   -0.27844E-02    0.25087E+01   -0.30125E-01    0.52925E-01    0.45593E-01    0.16330E+04    0.89032E+02    0.34000E+02    0.29954E+00   -0.79137E+01   -0.11224E+02   -0.67459E-01   -0.70656E-01   -0.18251E+00    0.17028E-02   -0.24517E-02    0.16195E+01    0.10668E+02    0.16880E+02   -0.64109E+01   -0.39581E+00   -0.61850E-01   -0.81809E+00   -0.21609E+01   -0.54361E+01   -0.11261E+01   -0.91212E+00   -0.13554E+01    0.39447E+00    0.95848E+00    0.76669E+00   -0.14881E+01   -0.37784E+01   -0.57484E+00   -0.23889E+01   -0.31767E+01   -0.20210E+00    0.19785E+01    0.74674E+00    0.18835E+01    0.35992E+01   -0.28978E+00    0.65738E+01    0.18066E-01   -0.23123E+00   -0.60136E-01    0.22974E-01    0.21819E-02   -0.26968E-01    0.59843E-02   -0.26893E-01    0.18328E-02   -0.70248E-01   -0.34216E-01    0.25772E-02
    0.35295E-03   -0.41059E-02    0.38886E-02    0.37868E-02   -0.21883E+00    0.10447E+00    0.27311E-01    0.23777E-01    0.89032E+02    0.80701E+02    0.33057E+02    0.29084E+00   -0.16214E+01   -0.19694E+01    0.52859E-01    0.53738E-01   -0.69786E-01    0.84510E-04   -0.91546E-03    0.36284E+00    0.20088E+01    0.10179E+00    0.27196E+00    0.92229E-01    0.61214E-01   -0.19295E+00    0.14831E+00   -0.19234E+00   -0.44396E-01   -0.82452E-01   -0.11974E+00   -0.72254E-01    0.36868E+00    0.24553E-01   -0.18136E+00    0.15143E+00    0.70190E-01    0.84608E-01   -0.30654E+00   -0.16938E-01   -0.41473E-01    0.11949E+00   -0.30373E+01   -0.28584E+00   -0.74376E+00   -0.26518E+01    0.49136E-01    0.23272E-01   -0.28557E-01    0.12187E-01   -0.37674E-02   -0.20658E-01   -0.17971E-01   -0.21695E-01   -0.16379E-01   -0.43914E-01   -0.36890E-01   -0.18623E-01
    0.25251E-03   -0.27448E-02    0.33363E-02    0.48427E-02   -0.20709E+00    0.90476E-01    0.23943E-01    0.27333E-01    0.34000E+02    0.33057E+02    0.11000E+03   -0.10633E+01   -0.35013E+02    0.16383E+00   -0.32254E+00   -0.19313E-01   -0.47250E+00    0.89015E-04   -0.64075E-04    0.17345E+00    0.22946E+01    0.28323E+00    0.45500E+00    0.78318E-01    0.14784E+00   -0.87011E-01   -0.11838E+00    0.14378E+00   -0.32084E+00   -0.10205E+00    0.16053E+00    0.14948E+00    0.46595E+00    0.60674E-01    0.18107E+00    0.32803E+00    0.79262E-01   -0.12624E+00    0.19261E+00    0.36250E+00   -0.25550E+00   -0.44848E-01    0.15560E+02   -0.16851E+01    0.38721E-01    0.68986E+01   -0.21615E-01   -0.45349E-01    0.22216E-02    0.16162E-01    0.48349E-01   -0.14723E-01   -0.38924E-01   -0.14724E-01   -0.39104E-01   -0.21558E-01   -0.26495E-01   -0.65887E-01
    0.47106E-06   -0.22251E-03    0.60320E-04   -0.30589E-04   -0.14127E-01    0.80065E-03   -0.15909E-03   -0.45818E-03    0.29954E+00    0.29084E+00   -0.10633E+01    0.63245E+00    0.11228E+01    0.52308E+00    0.34834E-02   -0.20106E-02   -0.33937E-02   -0.31339E-05    0.64654E-04    0.79623E-02   -0.83699E+00   -0.44350E-02   -0.13442E-01   -0.23940E-02   -0.87700E-02    0.46006E-02   -0.20016E-01    0.68697E-02    0.10468E-01    0.17284E-01   -0.15107E-01    0.41811E-01   -0.36308E-01    0.10994E-01   -0.13354E-01    0.92754E-02    0.70080E-02    0.96098E-02    0.11901E-01    0.86468E-02    0.85780E-02    0.73166E-01   -0.16322E+00   -0.21972E+00   -0.19246E-02   -0.38155E-01    0.48250E-01    0.47303E-01   -0.40805E-02   -0.21097E-02   -0.33122E-02    0.77568E-04    0.19902E-03    0.11250E-03    0.30158E-03   -0.73394E-03    0.56178E-03    0.18979E-02
   -0.38857E-04   -0.18381E-03   -0.17549E-03   -0.58710E-03   -0.22447E-01   -0.64550E-02   -0.32045E-02   -0.33437E-02   -0.79137E+01   -0.16214E+01   -0.35013E+02    0.11228E+01    0.20459E+02    0.17163E+01    0.19775E+00    0.25788E-01    0.27142E+00   -0.30135E-04    0.47798E-04   -0.37503E+00   -0.40499E+01    0.43331E-01   -0.17405E+00   -0.33827E-01   -0.30816E-01   -0.21242E-01    0.32985E-01   -0.31176E-01    0.10378E+00    0.19889E+00   -0.18087E+00   -0.11603E+00   -0.46666E+00   -0.72924E-01   -0.23998E+00   -0.25039E+00   -0.95514E-01    0.46624E-01   -0.74404E-01   -0.95677E-01    0.22196E+00   -0.30497E+00   -0.10956E+02    0.11738E+00   -0.64016E+00   -0.71601E+01    0.47622E-01    0.56582E-01   -0.89325E-02   -0.32223E-02   -0.17763E-01    0.66281E-04    0.76448E-02   -0.29654E-03    0.89963E-02   -0.11405E-03   -0.60107E-03    0.21130E-01
   -0.16327E-05   -0.13554E-03   -0.11729E-05    0.23999E-03   -0.14781E-01   -0.57509E-03   -0.53357E-03    0.15765E-03   -0.11224E+02   -0.19694E+01    0.16383E+00    0.52308E+00    0.17163E+01    0.17847E+01    0.16019E-01    0.20707E-01    0.12210E-01   -0.19247E-05   -0.10734E-03   -0.18362E+00   -0.21528E+01    0.39894E-01    0.78808E-03    0.21334E-03   -0.54233E-03    0.76804E-02    0.33596E-01    0.37657E-03    0.82789E-02   -0.23923E-01   -0.13355E-01   -0.33639E-01   -0.36814E-01   -0.15689E-01   -0.25798E-01   -0.14106E-01    0.16659E-03    0.10130E-01   -0.18963E-01   -0.22422E-01   -0.15954E-01   -0.56327E-01   -0.68648E+00   -0.70125E+00   -0.75402E-01   -0.10199E+01    0.41459E-01    0.66275E-01   -0.12903E-02   -0.45026E-02   -0.25591E-02    0.45728E-03   -0.25368E-02    0.57111E-03   -0.23552E-02    0.35200E-02    0.77989E-03   -0.15250E-02
    0.48354E-06   -0.15151E-04    0.78350E-05    0.28803E-05   -0.10247E-02    0.18107E-03    0.25473E-04    0.13260E-04   -0.67459E-01    0.52859E-01   -0.32254E+00    0.34834E-02    0.19775E+00    0.16019E-01    0.40019E-02   -0.10418E-04    0.27596E-02   -0.14722E-06   -0.30659E-05   -0.96438E-03   -0.15369E-01    0.13204E-03    0.17796E-02    0.10628E-03    0.57247E-03   -0.60321E-03    0.12186E-02   -0.45829E-02    0.29080E-02   -0.21227E-02    0.27837E-03    0.58844E-04    0.95118E-03   -0.17531E-02    0.72760E-05   -0.87773E-03    0.86796E-03    0.10878E-02   -0.45080E-02   -0.52232E-02   -0.24315E-02   -0.10808E-02   -0.13807E+00   -0.83574E-02   -0.41109E-02   -0.96216E-01    0.47182E-03    0.16179E-02    0.34744E-03   -0.71481E-05    0.55407E-04   -0.35827E-04   -0.11604E-04   -0.42193E-04    0.10139E-04   -0.30658E-04   -0.75212E-04    0.14542E-03
    0.54324E-06   -0.26368E-05    0.39143E-05    0.12700E-04   -0.99740E-04    0.11547E-03    0.35277E-04    0.47928E-04   -0.70656E-01    0.53738E-01   -0.19313E-01   -0.20106E-02    0.25788E-01    0.20707E-01   -0.10418E-04    0.29479E-02   -0.30715E-03    0.23757E-06    0.44839E-05   -0.52762E-03   -0.11735E-01    0.99331E-03   -0.84890E-03    0.36289E-03    0.18535E-03   -0.33013E-03   -0.24545E-02   -0.59997E-03    0.11141E-02    0.78162E-03   -0.10106E-02    0.85194E-03   -0.71031E-03    0.15924E-02   -0.24037E-03   -0.43988E-03   -0.17699E-02    0.73682E-03   -0.17669E-03    0.46590E-03    0.74906E-03    0.57642E-02   -0.39486E-03   -0.12441E-01    0.23772E-02    0.48221E-02    0.17247E-03    0.15893E-02   -0.41043E-03   -0.12332E-03   -0.20188E-03   -0.68002E-05    0.16784E-04   -0.10094E-04    0.21859E-04    0.40450E-04   -0.18145E-04    0.60576E-04
   -0.82670E-06    0.66913E-05   -0.67187E-05   -0.11756E-04    0.19520E-03   -0.17589E-03   -0.56642E-04   -0.47302E-04   -0.18251E+00   -0.69786E-01   -0.47250E+00   -0.33937E-02    0.27142E+00    0.12210E-01    0.27596E-02   -0.30715E-03    0.50009E-02   -0.46319E-06   -0.77067E-05   -0.57501E-02   -0.31893E-01    0.31872E-02   -0.56135E-02   -0.18543E-02   -0.14030E-02    0.64538E-04    0.28306E-02    0.29239E-02   -0.19420E-02    0.70037E-02   -0.49115E-02   -0.70249E-02   -0.11535E-01   -0.17538E-02   -0.63376E-02   -0.66092E-02   -0.30944E-02   -0.52965E-03    0.24540E-02    0.36466E-02    0.88365E-02   -0.84670E-02   -0.17801E+00    0.63618E-02   -0.95448E-02   -0.12846E+00   -0.71742E-03   -0.38829E-03    0.27823E-03   -0.56918E-04   -0.86463E-04    0.85154E-05    0.63853E-04    0.76230E-05    0.87087E-04    0.66120E-04   -0.75569E-05    0.20872E-03
    0.62351E-08    0.20358E-07    0.33615E-09    0.12431E-06    0.39090E-05    0.59895E-07    0.13184E-06    0.38911E-06    0.17028E-02    0.84510E-04    0.89015E-04   -0.31339E-05   -0.30135E-04   -0.19247E-05   -0.14722E-06    0.23757E-06   -0.46319E-06    0.15752E-06   -0.36283E-08    0.55375E-06    0.75303E-05   -0.25071E-04   -0.17599E-04    0.44754E-06    0.26516E-05    0.89876E-05    0.75548E-05   -0.23749E-05    0.38302E-05   -0.10078E-06    0.21287E-05    0.89310E-05    0.47499E-05    0.61065E-05   -0.15492E-05   -0.47899E-05    0.10800E-04    0.48192E-05   -0.14536E-05   -0.12839E-05    0.29936E-05    0.95126E-06   -0.45446E-05    0.93700E-05    0.12712E-05    0.11641E-04   -0.78796E-06   -0.74520E-06   -0.24408E-08    0.10430E-05   -0.42575E-06   -0.47645E-07   -0.89096E-07   -0.34657E-07   -0.34046E-07   -0.33824E-07   -0.36818E-07   -0.28823E-07
    0.64227E-08    0.29808E-07    0.29258E-08    0.26475E-06    0.23040E-05   -0.89398E-07    0.27298E-06    0.80766E-06   -0.24517E-02   -0.91546E-03   -0.64075E-04    0.64654E-04    0.47798E-04   -0.10734E-03   -0.30659E-05    0.44839E-05   -0.77067E-05   -0.36283E-08    0.11043E-05    0.20223E-04    0.43339E-04    0.80722E-04    0.41885E-04    0.25267E-05   -0.24743E-04   -0.16805E-04    0.39540E-03    0.37793E-04    0.16453E-04   -0.21332E-05    0.41530E-04   -0.35748E-03    0.18654E-04   -0.61536E-04    0.34566E-04    0.13777E-05    0.51876E-04    0.79912E-04   -0.45579E-04   -0.90821E-04    0.11752E-04    0.41447E-04    0.29894E-03    0.69635E-04    0.26780E-04    0.40888E-03    0.34909E-05   -0.52331E-06   -0.29121E-05    0.45808E-06    0.32404E-05    0.27527E-06    0.11166E-05    0.30518E-06    0.11295E-05   -0.15125E-06    0.58573E-06    0.14148E-05
    0.31676E-05   -0.49712E-04    0.29742E-04   -0.30666E-04   -0.12518E-02    0.70222E-03    0.20431E-03   -0.49487E-04    0.16195E+01    0.36284E+00    0.17345E+00    0.79623E-02   -0.37503E+00   -0.18362E+00   -0.96438E-03   -0.52762E-03   -0.57501E-02    0.55375E-06    0.20223E-04    0.70956E-01    0.37939E+00   -0.18321E-02   -0.49768E-02    0.15333E-03   -0.60966E-02   -0.26710E-02   -0.94740E-02   -0.11141E-02   -0.70776E-03    0.71394E-02   -0.30174E-02    0.12362E-01    0.17868E-02    0.59690E-02    0.95518E-03    0.63487E-02    0.53792E-03   -0.48619E-04    0.51275E-02    0.90066E-02    0.52925E-02    0.63762E-01    0.14337E+00   -0.63713E-02    0.56739E-01    0.19549E+00    0.53852E-02    0.10016E-01    0.11346E-02   -0.55698E-04    0.30896E-03   -0.29400E-04    0.16806E-03   -0.31327E-04    0.17389E-03   -0.42869E-03    0.93105E-04    0.45050E-03
    0.35577E-04   -0.92454E-03    0.40065E-03   -0.28717E-03   -0.37315E-01    0.90389E-02    0.25886E-02   -0.64908E-03    0.10668E+02    0.20088E+01    0.22946E+01   -0.83699E+00   -0.40499E+01   -0.21528E+01   -0.15369E-01   -0.11735E-01   -0.31893E-01    0.75303E-05    0.43339E-04    0.37939E+00    0.43547E+01   -0.13894E-01   -0.52559E-02   -0.37305E-02   -0.29326E-01   -0.30012E-02   -0.33299E-01    0.14702E-01   -0.33873E-01    0.32527E-01    0.90172E-02    0.28332E-01    0.69131E-01    0.40270E-01    0.35502E-01    0.34950E-01   -0.53667E-03   -0.16531E-01    0.44706E-01    0.63249E-01    0.22561E-01    0.60477E-01    0.10530E+01    0.17174E+00    0.18192E+00    0.14588E+01   -0.39213E-01   -0.18099E-01    0.16473E-01   -0.33454E-02   -0.30515E-02   -0.47855E-04    0.17886E-02   -0.16656E-03    0.15226E-02   -0.16953E-02   -0.16715E-03    0.11291E-02
    0.14327E-04    0.88411E-03   -0.14804E-03   -0.10539E-04    0.60241E-01   -0.12362E-02    0.11618E-02    0.21931E-02    0.16880E+02    0.10179E+00    0.28323E+00   -0.44350E-02    0.43331E-01    0.39894E-01    0.13204E-03    0.99331E-03    0.31872E-02   -0.25071E-04    0.80722E-04   -0.18321E-02   -0.13894E-01    0.67210E+00   -0.14018E+00   -0.13275E-01    0.21139E-01    0.76043E-02    0.20192E+00   -0.64770E-01   -0.34669E-01   -0.18285E-01   -0.62912E-01    0.30009E-01    0.37294E-01   -0.34398E-01   -0.46580E-01   -0.13302E+00    0.17869E+00    0.36460E-01   -0.28763E-01    0.18594E-01    0.67105E-01   -0.14415E-02   -0.14693E+00   -0.57194E-01   -0.14718E-01   -0.14794E+00    0.98375E-03    0.30909E-02    0.44561E-03   -0.35441E-02   -0.10934E-02   -0.41315E-04   -0.33762E-03   -0.36656E-04   -0.33306E-03    0.69263E-04   -0.20136E-03   -0.42598E-03
   -0.10216E-05    0.77143E-04    0.11137E-04    0.16581E-03    0.73842E-02    0.68645E-03    0.36893E-03    0.78761E-03   -0.64109E+01    0.27196E+00    0.45500E+00   -0.13442E-01   -0.17405E+00    0.78808E-03    0.17796E-02   -0.84890E-03   -0.56135E-02   -0.17599E-04    0.41885E-04   -0.49768E-02   -0.52559E-02   -0.14018E+00    0.90265E+00    0.38105E-02   -0.62032E-02   -0.44744E-02   -0.15048E+00    0.18103E+00    0.68953E-01   -0.27114E-01    0.13966E-01   -0.13977E+00    0.28379E-01    0.34087E-01   -0.20681E-02    0.16121E+00   -0.24268E+00    0.59658E-01    0.88399E-01    0.16265E-01   -0.22268E+00   -0.13166E-01    0.92234E-01    0.46743E-02   -0.12858E-01    0.41048E-01   -0.23057E-02   -0.31764E-02    0.24835E-04    0.33163E-02    0.31042E-02   -0.13203E-03   -0.30162E-03   -0.27838E-03   -0.24681E-03   -0.44094E-03   -0.46020E-03   -0.45331E-03
   -0.74598E-05   -0.19171E-03    0.56545E-04    0.13587E-03   -0.15404E-01    0.86418E-03   -0.21411E-03   -0.30888E-04   -0.39581E+00    0.92229E-01    0.78318E-01   -0.23940E-02   -0.33827E-01    0.21334E-03    0.10628E-03    0.36289E-03   -0.18543E-02    0.44754E-06    0.25267E-05    0.15333E-03   -0.37305E-02   -0.13275E-01    0.38105E-02    0.99478E+00    0.11261E-01    0.18551E-01   -0.29714E-01   -0.34248E-01    0.18961E+00   -0.11330E-01    0.80782E-01   -0.39423E-02    0.32179E-01   -0.55681E-02   -0.31536E-01    0.96918E-01   -0.46560E-01    0.41290E-01    0.14723E-01   -0.19233E+00    0.99236E-01   -0.41282E-03    0.42878E-01   -0.99712E-02   -0.54332E-02   -0.29795E-01   -0.24412E-03   -0.84470E-03   -0.25516E-03   -0.82275E-03   -0.15544E-02   -0.79411E-04   -0.35859E-04   -0.17266E-03   -0.27354E-03   -0.38016E-03   -0.21035E-03   -0.32363E-03
   -0.67936E-05   -0.11981E-03    0.13583E-04   -0.33213E-03   -0.11572E-01    0.41878E-03   -0.33299E-03   -0.69016E-03   -0.61850E-01    0.61214E-01    0.14784E+00   -0.87700E-02   -0.30816E-01   -0.54233E-03    0.57247E-03    0.18535E-03   -0.14030E-02    0.26516E-05   -0.24743E-04   -0.60966E-02   -0.29326E-01    0.21139E-01   -0.62032E-02    0.11261E-01    0.10033E+01   -0.47052E-02    0.67730E-01   -0.75743E-01    0.76298E-01   -0.11180E+00    0.48979E-01    0.81595E-01    0.12810E+00    0.44629E-01    0.15648E+00   -0.97723E-01    0.10236E+00    0.48616E-01    0.77936E-02   -0.11326E+00    0.43705E-01    0.20539E-02    0.22842E-01   -0.23233E-02    0.50583E-02    0.70604E-01   -0.81216E-03   -0.32939E-02   -0.42346E-03    0.24041E-02    0.50547E-02    0.17087E-04    0.16946E-03    0.40196E-04   -0.60612E-04   -0.17116E-03   -0.15722E-03   -0.94910E-04
   -0.94172E-05   -0.24748E-03    0.55519E-04   -0.32716E-03   -0.19847E-01    0.44964E-03   -0.46290E-03   -0.10692E-02   -0.81809E+00   -0.19295E+00   -0.87011E-01    0.46006E-02   -0.21242E-01    0.76804E-02   -0.60321E-03   -0.33013E-03    0.64538E-04    0.89876E-05   -0.16805E-04   -0.26710E-02   -0.30012E-02    0.76043E-02   -0.44744E-02    0.18551E-01   -0.47052E-02    0.99829E+00    0.33221E-01    0.43737E-01   -0.25057E-01    0.56628E-01    0.69291E-01    0.64535E-01   -0.75852E-01   -0.71851E-01    0.55875E-01    0.46030E-01    0.84625E-01   -0.53428E-01    0.90184E-01   -0.23942E-01    0.95251E-02    0.29697E-02    0.17689E-01    0.62173E-02    0.19842E-03    0.46618E-01   -0.33602E-03   -0.89329E-04   -0.26522E-03   -0.25045E-02   -0.13047E-02    0.17042E-03   -0.95935E-04    0.61265E-04    0.48435E-04    0.25593E-03    0.71073E-04    0.31499E-03
    0.90143E-05    0.22796E-03   -0.49774E-04    0.11950E-03    0.16802E-01   -0.66791E-03    0.56984E-03    0.94801E-03   -0.21609E+01    0.14831E+00   -0.11838E+00   -0.20016E-01    0.32985E-01    0.33596E-01    0.12186E-02   -0.24545E-02    0.28306E-02    0.75548E-05    0.39540E-03   -0.94740E-02   -0.33299E-01    0.20192E+00   -0.15048E+00   -0.29714E-01    0.67730E-01    0.33221E-01    0.79011E+00   -0.28828E-01    0.75366E-02   -0.26226E-01   -0.20223E-01    0.98830E-01    0.10493E+00   -0.93185E-01    0.66090E-02   -0.69083E-01    0.64732E+00    0.23444E+00   -0.48124E-01   -0.46450E-01    0.80843E-01   -0.80398E-02   -0.80641E-02   -0.60767E-02    0.23351E-03   -0.17093E-01   -0.15783E-02   -0.17617E-02    0.97235E-03   -0.11978E-02   -0.26864E-03    0.40392E-03    0.14706E-03    0.30889E-03    0.75708E-04    0.59959E-03    0.36045E-03    0.14904E-03
   -0.55213E-05   -0.29002E-03    0.67746E-04   -0.28388E-03   -0.22783E-01    0.98270E-03   -0.24819E-03   -0.80170E-03   -0.54361E+01   -0.19234E+00    0.14378E+00    0.68697E-02   -0.31176E-01    0.37657E-03   -0.45829E-02   -0.59997E-03    0.29239E-02   -0.23749E-05    0.37793E-04   -0.11141E-02    0.14702E-01   -0.64770E-01    0.18103E+00   -0.34248E-01   -0.75743E-01    0.43737E-01   -0.28828E-01    0.97999E+00    0.67058E-02   -0.64715E-02   -0.32839E-02    0.56938E-01   -0.82298E-02   -0.50166E-01   -0.38267E-01    0.16532E+00   -0.85468E-01    0.25077E+00    0.76492E+00    0.29708E+00   -0.19431E+00    0.24654E-02   -0.27498E-01   -0.67910E-02   -0.21039E-02   -0.51773E-02    0.21496E-03    0.12796E-02    0.89148E-04    0.13346E-02   -0.10223E-02   -0.24232E-04   -0.11337E-03    0.18883E-03   -0.89439E-04    0.27001E-03    0.16349E-03    0.15133E-03
   -0.52613E-05   -0.15969E-03    0.23562E-04    0.14252E-03   -0.11296E-01    0.14279E-03   -0.29035E-03   -0.25431E-04   -0.11261E+01   -0.44396E-01   -0.32084E+00    0.10468E-01    0.10378E+00    0.82789E-02    0.29080E-02    0.11141E-02   -0.19420E-02    0.38302E-05    0.16453E-04   -0.70776E-03   -0.33873E-01   -0.34669E-01    0.68953E-01    0.18961E+00    0.76298E-01   -0.25057E-01    0.75366E-02    0.67058E-02    0.10112E+01   -0.17649E-01   -0.58441E-02    0.78372E-01   -0.37840E-01    0.13878E+00    0.14226E+00   -0.13849E+00   -0.19276E+00    0.64918E+00    0.13846E+00   -0.62785E+00    0.17333E+00    0.39287E-02   -0.10477E-02   -0.11479E-02    0.43207E-02    0.46814E-01    0.72350E-03    0.69508E-03   -0.36054E-03   -0.15257E-02    0.82262E-03   -0.54291E-04   -0.22380E-04   -0.13336E-03    0.66032E-04   -0.23808E-03    0.11982E-03   -0.21383E-04
   -0.12970E-04   -0.12570E-03    0.20641E-04    0.10002E-03   -0.13410E-01    0.38448E-03   -0.37257E-03   -0.84297E-04   -0.91212E+00   -0.82452E-01   -0.10205E+00    0.17284E-01    0.19889E+00   -0.23923E-01   -0.21227E-02    0.78162E-03    0.70037E-02   -0.10078E-06   -0.21332E-05    0.71394E-02    0.32527E-01   -0.18285E-01   -0.27114E-01   -0.11330E-01   -0.11180E+00    0.56628E-01   -0.26226E-01   -0.64715E-02   -0.17649E-01    0.97173E+00   -0.56821E-02   -0.27993E-01   -0.99282E-01   -0.16566E+00   -0.27349E-01   -0.83029E-01   -0.84222E-01    0.58296E-01   -0.53351E-01    0.30101E+00    0.65135E+00    0.94318E-02   -0.16469E+00   -0.17912E-01   -0.60658E-02   -0.10648E+00    0.38353E-02    0.39548E-02   -0.31535E-03   -0.14817E-02    0.10091E-02   -0.33205E-04   -0.94363E-04   -0.48145E-05    0.16375E-03   -0.21275E-03    0.11264E-03    0.49250E-03
   -0.51773E-05   -0.14766E-03    0.31333E-04   -0.19063E-03   -0.11740E-01    0.28796E-03   -0.28863E-03   -0.67599E-03   -0.13554E+01   -0.11974E+00    0.16053E+00   -0.15107E-01   -0.18087E+00   -0.13355E-01    0.27837E-03   -0.10106E-02   -0.49115E-02    0.21287E-05    0.41530E-04   -0.30174E-02    0.90172E-02   -0.62912E-01    0.13966E-01    0.80782E-01    0.48979E-01    0.69291E-01   -0.20223E-01   -0.32839E-02   -0.58441E-02   -0.56821E-02    0.98036E+00   -0.44762E-01    0.73569E-01    0.20020E-01    0.14661E+00    0.68364E-02    0.12079E+00   -0.56239E+00    0.38026E+00   -0.33733E+00    0.22345E+00   -0.10934E-02    0.14911E+00   -0.11791E-01    0.87189E-03    0.71275E-01   -0.43418E-03   -0.80311E-03   -0.98934E-05    0.67646E-03    0.86714E-03    0.93468E-04   -0.47569E-05   -0.50105E-04    0.13931E-03    0.10195E-03    0.37758E-04   -0.31174E-03
    0.16365E-05    0.38911E-04   -0.49581E-05   -0.11097E-03    0.15390E-02    0.37013E-03    0.28868E-03   -0.28666E-04    0.39447E+00   -0.72254E-01    0.14948E+00    0.41811E-01   -0.11603E+00   -0.33639E-01    0.58844E-04    0.85194E-03   -0.70249E-02    0.89310E-05   -0.35748E-03    0.12362E-01    0.28332E-01    0.30009E-01   -0.13977E+00   -0.39423E-02    0.81595E-01    0.64535E-01    0.98830E-01    0.56938E-01    0.78372E-01   -0.27993E-01   -0.44762E-01    0.87820E+00    0.41370E-03   -0.37882E-01    0.19744E-01   -0.50584E-02    0.62998E+00    0.18024E+00    0.12537E+00    0.29198E-01   -0.87911E-01    0.26023E-01    0.19534E+00   -0.18072E-01    0.15266E-01    0.19361E+00    0.43474E-02    0.34955E-02   -0.12179E-02   -0.26066E-02   -0.35499E-02    0.14316E-03    0.35061E-03    0.34430E-04    0.20504E-03   -0.26584E-03    0.12419E-03    0.45350E-03
   -0.11042E-05   -0.92733E-04    0.42925E-04   -0.23930E-03   -0.61662E-02    0.89966E-03    0.78273E-04   -0.41435E-03    0.95848E+00    0.36868E+00    0.46595E+00   -0.36308E-01   -0.46666E+00   -0.36814E-01    0.95118E-03   -0.71031E-03   -0.11535E-01    0.47499E-05    0.18654E-04    0.17868E-02    0.69131E-01    0.37294E-01    0.28379E-01    0.32179E-01    0.12810E+00   -0.75852E-01    0.10493E+00   -0.82298E-02   -0.37840E-01   -0.99282E-01    0.73569E-01    0.41370E-03    0.94865E+00   -0.44418E-02   -0.23858E-01   -0.54114E-02    0.82971E-01    0.15438E+00   -0.10659E-01    0.13200E+00    0.13814E+00    0.22104E-02    0.31192E+00    0.36348E-02    0.12321E-01    0.22586E+00   -0.26403E-02   -0.33915E-02    0.32327E-03    0.42340E-02    0.39853E-02   -0.11151E-03    0.30411E-04   -0.12990E-03   -0.93267E-04   -0.88732E-04   -0.22392E-03   -0.86708E-03
    0.33382E-05   -0.45512E-04    0.17323E-04   -0.58631E-04   -0.29613E-02    0.33185E-03   -0.66892E-04   -0.16521E-03    0.76669E+00    0.24553E-01    0.60674E-01    0.10994E-01   -0.72924E-01   -0.15689E-01   -0.17531E-02    0.15924E-02   -0.17538E-02    0.61065E-05   -0.61536E-04    0.59690E-02    0.40270E-01   -0.34398E-01    0.34087E-01   -0.55681E-02    0.44629E-01   -0.71851E-01   -0.93185E-01   -0.50166E-01    0.13878E+00   -0.16566E+00    0.20020E-01   -0.37882E-01   -0.44418E-02    0.10074E+01    0.21927E-01    0.18393E-01   -0.13410E+00    0.45802E-01    0.16709E+00    0.24555E-01   -0.81122E-01    0.91913E-02    0.18959E-01   -0.31614E-02    0.88341E-02    0.44482E-01    0.56900E-03    0.12795E-02   -0.39123E-03    0.26133E-02    0.79455E-03   -0.19245E-04   -0.12058E-03   -0.36754E-04    0.22578E-04   -0.91524E-04   -0.14867E-04   -0.16121E-03
   -0.75184E-05   -0.21551E-03    0.36736E-04   -0.66234E-05   -0.16556E-01    0.50605E-03   -0.24955E-03   -0.45651E-03   -0.14881E+01   -0.18136E+00    0.18107E+00   -0.13354E-01   -0.23998E+00   -0.25798E-01    0.72760E-05   -0.24037E-03   -0.63376E-02   -0.15492E-05    0.34566E-04    0.95518E-03    0.35502E-01   -0.46580E-01   -0.20681E-02   -0.31536E-01    0.15648E+00    0.55875E-01    0.66090E-02   -0.38267E-01    0.14226E+00   -0.27349E-01    0.14661E+00    0.19744E-01   -0.23858E-01    0.21927E-01    0.97895E+00   -0.50186E-03    0.32603E-02    0.21531E-01    0.11024E+00   -0.24909E+00    0.12361E+00   -0.67428E-02    0.17620E+00   -0.30148E-02    0.39905E-02    0.12861E+00   -0.83470E-03   -0.24039E-02   -0.12793E-04   -0.33773E-02    0.14942E-03    0.32294E-05   -0.11612E-03   -0.23725E-04   -0.87165E-04   -0.17071E-04    0.21861E-04   -0.13028E-03
    0.13066E-05   -0.21287E-03    0.54418E-04    0.20305E-03   -0.13950E-01    0.88090E-03   -0.97845E-04    0.48185E-04   -0.37784E+01    0.15143E+00    0.32803E+00    0.92754E-02   -0.25039E+00   -0.14106E-01   -0.87773E-03   -0.43988E-03   -0.66092E-02   -0.47899E-05    0.13777E-05    0.63487E-02    0.34950E-01   -0.13302E+00    0.16121E+00    0.96918E-01   -0.97723E-01    0.46030E-01   -0.69083E-01    0.16532E+00   -0.13849E+00   -0.83029E-01    0.68364E-02   -0.50584E-02   -0.54114E-02    0.18393E-01   -0.50186E-03    0.96892E+00   -0.48367E-01   -0.42966E-01    0.44257E-01    0.18843E+00   -0.96436E-01    0.14800E-01    0.16147E+00   -0.12208E-01    0.12379E-01    0.13190E+00    0.83732E-03    0.82625E-03   -0.87927E-04    0.14712E-02   -0.21538E-02   -0.67838E-04   -0.17421E-03   -0.40475E-04   -0.19484E-03   -0.48927E-03   -0.23061E-04   -0.21886E-03
    0.95501E-05    0.25613E-03   -0.52682E-04   -0.36100E-04    0.18018E-01   -0.40995E-03    0.68426E-03    0.66649E-03   -0.57484E+00    0.70190E-01    0.79262E-01    0.70080E-02   -0.95514E-01    0.16659E-03    0.86796E-03   -0.17699E-02   -0.30944E-02    0.10800E-04    0.51876E-04    0.53792E-03   -0.53667E-03    0.17869E+00   -0.24268E+00   -0.46560E-01    0.10236E+00    0.84625E-01    0.64732E+00   -0.85468E-01   -0.19276E+00   -0.84222E-01    0.12079E+00    0.62998E+00    0.82971E-01   -0.13410E+00    0.32603E-02   -0.48367E-01    0.99070E+00   -0.20365E-01    0.13654E-01   -0.26345E-02   -0.14535E-01    0.86062E-02    0.14486E+00   -0.15715E-01    0.90841E-02    0.11264E+00    0.12763E-02    0.44620E-03    0.39660E-04   -0.21322E-02   -0.27399E-02    0.43585E-03    0.36788E-03    0.25955E-03    0.20822E-03    0.32627E-03    0.29185E-03    0.36810E-03
   -0.15913E-05   -0.94167E-04    0.22018E-04    0.14301E-03   -0.65081E-02    0.39938E-03    0.68677E-04    0.30665E-03   -0.23889E+01    0.84608E-01   -0.12624E+00    0.96098E-02    0.46624E-01    0.10130E-01    0.10878E-02    0.73682E-03   -0.52965E-03    0.48192E-05    0.79912E-04   -0.48619E-04   -0.16531E-01    0.36460E-01    0.59658E-01    0.41290E-01    0.48616E-01   -0.53428E-01    0.23444E+00    0.25077E+00    0.64918E+00    0.58296E-01   -0.56239E+00    0.18024E+00    0.15438E+00    0.45802E-01    0.21531E-01   -0.42966E-01   -0.20365E-01    0.99836E+00    0.44706E-03   -0.64051E-02   -0.20031E-01    0.67454E-02    0.80181E-02   -0.29590E-02    0.55078E-02    0.64374E-01    0.73905E-03    0.48557E-03   -0.20059E-03   -0.77014E-03    0.60167E-03   -0.23740E-04    0.36576E-05    0.27108E-04   -0.46406E-04   -0.22323E-04    0.18813E-03    0.73558E-04
   -0.74654E-05   -0.24140E-03    0.60672E-04   -0.38140E-03   -0.21215E-01    0.94426E-03   -0.27277E-03   -0.89749E-03   -0.31767E+01   -0.30654E+00    0.19261E+00    0.11901E-01   -0.74404E-01   -0.18963E-01   -0.45080E-02   -0.17669E-03    0.24540E-02   -0.14536E-05   -0.45579E-04    0.51275E-02    0.44706E-01   -0.28763E-01    0.88399E-01    0.14723E-01    0.77936E-02    0.90184E-01   -0.48124E-01    0.76492E+00    0.13846E+00   -0.53351E-01    0.38026E+00    0.12537E+00   -0.10659E-01    0.16709E+00    0.11024E+00    0.44257E-01    0.13654E-01    0.44706E-03    0.98469E+00   -0.40218E-02    0.93571E-03    0.76367E-02   -0.14907E-01   -0.13979E-01    0.27686E-03   -0.32719E-02    0.11924E-02    0.28180E-02   -0.50246E-04   -0.25696E-03   -0.12689E-02    0.46297E-04   -0.12942E-03    0.11132E-03   -0.65973E-05    0.66797E-04    0.15403E-03   -0.10142E-03
    0.23785E-05    0.58440E-04    0.54614E-05   -0.31274E-04    0.32832E-02    0.29222E-03    0.17562E-03    0.13833E-03   -0.20210E+00   -0.16938E-01    0.36250E+00    0.86468E-02   -0.95677E-01   -0.22422E-01   -0.52232E-02    0.46590E-03    0.36466E-02   -0.12839E-05   -0.90821E-04    0.90066E-02    0.63249E-01    0.18594E-01    0.16265E-01   -0.19233E+00   -0.11326E+00   -0.23942E-01   -0.46450E-01    0.29708E+00   -0.62785E+00    0.30101E+00   -0.33733E+00    0.29198E-01    0.13200E+00    0.24555E-01   -0.24909E+00    0.18843E+00   -0.26345E-02   -0.64051E-02   -0.40218E-02    0.98166E+00   -0.16104E-01    0.12226E-01   -0.15505E-01   -0.77805E-02    0.36841E-02   -0.24182E-01    0.16054E-02    0.25955E-02   -0.11468E-03   -0.20294E-03    0.63346E-03   -0.53503E-04   -0.44851E-04    0.12692E-03   -0.49399E-04    0.93349E-04    0.30127E-04    0.40345E-04
   -0.76153E-05   -0.29436E-04   -0.51499E-05    0.41425E-04   -0.63470E-02   -0.19681E-03   -0.38107E-03   -0.79320E-04    0.19785E+01   -0.41473E-01   -0.25550E+00    0.85780E-02    0.22196E+00   -0.15954E-01   -0.24315E-02    0.74906E-03    0.88365E-02    0.29936E-05    0.11752E-04    0.52925E-02    0.22561E-01    0.67105E-01   -0.22268E+00    0.99236E-01    0.43705E-01    0.95251E-02    0.80843E-01   -0.19431E+00    0.17333E+00    0.65135E+00    0.22345E+00   -0.87911E-01    0.13814E+00   -0.81122E-01    0.12361E+00   -0.96436E-01   -0.14535E-01   -0.20031E-01    0.93571E-03   -0.16104E-01    0.97034E+00    0.41451E-02   -0.22343E+00    0.25920E-03   -0.27180E-02   -0.15728E+00    0.20536E-02    0.32256E-02    0.27238E-03   -0.29823E-02    0.13924E-02    0.51789E-04   -0.62973E-04    0.33305E-04    0.12665E-03   -0.59952E-04    0.15543E-03    0.83221E-04
   -0.37855E-05    0.24127E-03   -0.78685E-04   -0.44652E-04    0.15899E-01   -0.17447E-02   -0.20753E-03   -0.34181E-04    0.74674E+00    0.11949E+00   -0.44848E-01    0.73166E-01   -0.30497E+00   -0.56327E-01   -0.10808E-02    0.57642E-02   -0.84670E-02    0.95126E-06    0.41447E-04    0.63762E-01    0.60477E-01   -0.14415E-02   -0.13166E-01   -0.41282E-03    0.20539E-02    0.29697E-02   -0.80398E-02    0.24654E-02    0.39287E-02    0.94318E-02   -0.10934E-02    0.26023E-01    0.22104E-02    0.91913E-02   -0.67428E-02    0.14800E-01    0.86062E-02    0.67454E-02    0.76367E-02    0.12226E-01    0.41451E-02    0.34581E+00    0.20898E+00    0.12628E-01    0.15795E+00    0.55176E+00    0.14165E-01    0.18093E-01   -0.46150E-02   -0.18870E-02   -0.30493E-03    0.69634E-03    0.12404E-03    0.84196E-03    0.18873E-03   -0.31727E-03    0.36857E-03    0.17484E-02
   -0.32653E-04    0.11288E-02   -0.57550E-03   -0.15615E-03    0.83459E-01   -0.13161E-01   -0.21204E-02   -0.15857E-02    0.18835E+01   -0.30373E+01    0.15560E+02   -0.16322E+00   -0.10956E+02   -0.68648E+00   -0.13807E+00   -0.39486E-03   -0.17801E+00   -0.45446E-05    0.29894E-03    0.14337E+00    0.10530E+01   -0.14693E+00    0.92234E-01    0.42878E-01    0.22842E-01    0.17689E-01   -0.80641E-02   -0.27498E-01   -0.10477E-02   -0.16469E+00    0.14911E+00    0.19534E+00    0.31192E+00    0.18959E-01    0.17620E+00    0.16147E+00    0.14486E+00    0.80181E-02   -0.14907E-01   -0.15505E-01   -0.22343E+00    0.20898E+00    0.15586E+02    0.27085E+00    0.44529E+00    0.57467E+01   -0.10530E-01   -0.43988E-01   -0.12617E-01    0.12627E-01    0.16641E-01    0.24670E-02    0.21679E-01    0.27613E-02    0.14589E-01    0.30678E-02    0.50889E-02   -0.53436E-02
   -0.16535E-04    0.55549E-03   -0.24642E-03   -0.34086E-04    0.37028E-01   -0.59696E-02   -0.10397E-02   -0.42398E-03    0.35992E+01   -0.28584E+00   -0.16851E+01   -0.21972E+00    0.11738E+00   -0.70125E+00   -0.83574E-02   -0.12441E-01    0.63618E-02    0.93700E-05    0.69635E-04   -0.63713E-02    0.17174E+00   -0.57194E-01    0.46743E-02   -0.99712E-02   -0.23233E-02    0.62173E-02   -0.60767E-02   -0.67910E-02   -0.11479E-02   -0.17912E-01   -0.11791E-01   -0.18072E-01    0.36348E-02   -0.31614E-02   -0.30148E-02   -0.12208E-01   -0.15715E-01   -0.29590E-02   -0.13979E-01   -0.77805E-02    0.25920E-03    0.12628E-01    0.27085E+00    0.22134E+01    0.80749E-02    0.32977E+00   -0.94386E-01   -0.11132E+00   -0.44533E-02    0.85488E-02    0.48715E-02    0.15158E-03    0.21977E-02    0.20352E-04    0.19983E-02    0.18363E-02    0.93105E-03    0.16325E-02
   -0.74772E-05    0.38927E-03   -0.17203E-03   -0.92096E-04    0.25899E-01   -0.39426E-02   -0.74317E-03   -0.37622E-03   -0.28978E+00   -0.74376E+00    0.38721E-01   -0.19246E-02   -0.64016E+00   -0.75402E-01   -0.41109E-02    0.23772E-02   -0.95448E-02    0.12712E-05    0.26780E-04    0.56739E-01    0.18192E+00   -0.14718E-01   -0.12858E-01   -0.54332E-02    0.50583E-02    0.19842E-03    0.23351E-03   -0.21039E-02    0.43207E-02   -0.60658E-02    0.87189E-03    0.15266E-01    0.12321E-01    0.88341E-02    0.39905E-02    0.12379E-01    0.90841E-02    0.55078E-02    0.27686E-03    0.36841E-02   -0.27180E-02    0.15795E+00    0.44529E+00    0.80749E-02    0.25473E+00    0.43232E+00    0.79220E-02    0.15328E-01   -0.14050E-03    0.68448E-03    0.27789E-02    0.42937E-03    0.29216E-03    0.50763E-03    0.23280E-03    0.93565E-03    0.94154E-03    0.50575E-03
