# omegabh2 omegach2 theta tau Alens ns logA aps100 aps143 aps217 acib143 acib217 asz143 psr cibr cal0 cal2 xi aksz bm_1_1
1.130000E-07 -6.959100E-07 1.196200E-07 4.055400E-07 2.257300E-05 1.939400E-06 -5.738300E-07 -2.200680E-03 -3.542220E-04 3.728790E-04 -2.440700E-04 -5.075400E-04 -1.133300E-05 1.104500E-06 -1.019900E-05 -1.651500E-09 -3.111300E-08 4.452000E-06 -8.567700E-05 -2.238500E-05
-6.959100E-07 8.901300E-06 -1.046800E-06 -7.571100E-06 -1.858600E-04 -2.255200E-05 5.346000E-06 2.338650E-02 2.006910E-03 -1.673910E-03 1.347600E-03 2.741200E-03 5.370300E-05 -3.447800E-06 5.197300E-05 4.967800E-08 1.373100E-07 -2.462300E-05 5.823500E-04 2.184500E-04
1.196200E-07 -1.046800E-06 3.986000E-07 5.562400E-07 2.986000E-05 3.085300E-06 -1.001600E-06 -4.073400E-03 -2.814390E-04 1.450530E-04 -2.023900E-04 -3.878500E-04 -5.083200E-06 1.007500E-06 -9.691000E-06 2.093000E-09 -2.681700E-08 6.886400E-06 -5.261400E-05 -4.112000E-05
4.055400E-07 -7.571100E-06 5.562400E-07 1.834900E-04 -2.683400E-04 2.386300E-05 3.475500E-04 -1.406430E-02 3.088440E-03 9.873900E-03 -1.233700E-03 -6.192200E-03 -1.091400E-03 -1.895100E-05 -3.029100E-04 9.812200E-08 -4.750600E-08 -5.604000E-05 -9.377900E-04 -5.335200E-04
2.257300E-05 -1.858600E-04 2.986000E-05 -2.683400E-04 1.125600E-02 5.500500E-04 -9.261100E-04 -6.709770E-01 -1.505880E-02 1.488870E-01 -6.317300E-02 -1.469600E-01 -4.843200E-03 2.117200E-04 -3.072900E-03 -1.973000E-06 -9.012700E-06 2.929000E-03 -3.017600E-02 -6.692100E-03
1.939400E-06 -2.255200E-05 3.085300E-06 2.386300E-05 5.500500E-04 7.424800E-05 -5.805900E-06 -7.621380E-02 1.182510E-03 1.856970E-02 -7.970500E-03 -1.481800E-02 -6.211400E-04 2.670100E-05 -3.079900E-04 -2.180200E-07 -5.307000E-07 1.837200E-04 -3.327500E-03 -7.481800E-04
-5.738300E-07 5.346000E-06 -1.001600E-06 3.475500E-04 -9.261100E-04 -5.805900E-06 7.095300E-04 5.139360E-02 1.613610E-02 2.465730E-02 -1.517600E-03 -1.029000E-02 -2.461700E-03 -3.694700E-05 -6.347000E-04 3.723500E-07 2.503200E-07 -1.197300E-04 -1.266300E-03 -3.440900E-04
-2.200680E-03 2.338650E-02 -4.073400E-03 -1.406430E-02 -6.709770E-01 -7.621380E-02 5.139360E-02 2.645379E+03 8.858970E+01 2.381643E+01 6.261570E+01 1.758780E+00 -1.884420E+01 2.831220E-03 -3.723570E+00 1.598310E-04 6.698880E-03 7.095510E-01 -2.688660E+00 1.123920E+01
-3.542220E-04 2.006910E-03 -2.814390E-04 3.088440E-03 -1.505880E-02 1.182510E-03 1.613610E-02 8.858970E+01 9.955710E+01 5.473008E+01 -1.786230E+01 -1.870560E+01 -2.120040E+00 4.838490E-03 -5.966460E-01 1.157310E-05 1.104210E-03 1.190610E+00 -4.119300E+00 2.313360E-01
3.728790E-04 -1.673910E-03 1.450530E-04 9.873900E-03 1.488870E-01 1.856970E-02 2.465730E-02 2.381643E+01 5.473008E+01 1.700919E+02 -1.790190E+01 -7.198740E+01 -1.763460E+00 1.329480E-01 -1.528200E+00 -1.374930E-04 -6.432120E-03 6.586380E-01 -6.133320E+00 1.304370E-01
-2.440700E-04 1.347600E-03 -2.023900E-04 -1.233700E-03 -6.317300E-02 -7.970500E-03 -1.517600E-03 6.261570E+01 -1.786230E+01 -1.790190E+01 2.913500E+01 1.082900E+01 -1.017000E+00 1.265800E-03 -2.904000E-02 2.529200E-05 -2.687600E-04 4.578900E-01 2.372000E-01 -4.146300E-01
-5.075400E-04 2.741200E-03 -3.878500E-04 -6.192200E-03 -1.469600E-01 -1.481800E-02 -1.029000E-02 1.758780E+00 -1.870560E+01 -7.198740E+01 1.082900E+01 3.814200E+01 1.266300E+00 -6.147600E-02 8.497000E-01 5.630200E-05 3.217100E-03 -4.021300E-01 3.728700E-01 6.313000E-02
-1.133300E-05 5.370300E-05 -5.083200E-06 -1.091400E-03 -4.843200E-03 -6.211400E-04 -2.461700E-03 -1.884420E+01 -2.120040E+00 -1.763460E+00 -1.017000E+00 1.266300E+00 6.082400E-01 -1.131400E-03 1.392000E-01 -6.324700E-06 -1.490200E-04 -3.513200E-02 -7.434900E-02 9.056700E-02
1.104500E-06 -3.447800E-06 1.007500E-06 -1.895100E-05 2.117200E-04 2.670100E-05 -3.694700E-05 2.831220E-03 4.838490E-03 1.329480E-01 1.265800E-03 -6.147600E-02 -1.131400E-03 1.647800E-03 -2.013300E-03 -3.679300E-07 -3.756400E-06 1.946900E-03 -5.068100E-03 1.900300E-04
-1.019900E-05 5.197300E-05 -9.691000E-06 -3.029100E-04 -3.072900E-03 -3.079900E-04 -6.347000E-04 -3.723570E+00 -5.966460E-01 -1.528200E+00 -2.904000E-02 8.497000E-01 1.392000E-01 -2.013300E-03 5.245000E-02 -5.702500E-07 2.611400E-05 -4.029700E-03 -6.237100E-03 2.013800E-02
-1.651500E-09 4.967800E-08 2.093000E-09 9.812200E-08 -1.973000E-06 -2.180200E-07 3.723500E-07 1.598310E-04 1.157310E-05 -1.374930E-04 2.529200E-05 5.630200E-05 -6.324700E-06 -3.679300E-07 -5.702500E-07 1.604300E-07 1.783900E-09 -1.234700E-06 2.315700E-05 -2.191400E-05
-3.111300E-08 1.373100E-07 -2.681700E-08 -4.750600E-08 -9.012700E-06 -5.307000E-07 2.503200E-07 6.698880E-03 1.104210E-03 -6.432120E-03 -2.687600E-04 3.217100E-03 -1.490200E-04 -3.756400E-06 2.611400E-05 1.783900E-09 8.746200E-07 -1.924000E-05 6.729500E-05 -1.856600E-06
4.452000E-06 -2.462300E-05 6.886400E-06 -5.604000E-05 2.929000E-03 1.837200E-04 -1.197300E-04 7.095510E-01 1.190610E+00 6.586380E-01 4.578900E-01 -4.021300E-01 -3.513200E-02 1.946900E-03 -4.029700E-03 -1.234700E-06 -1.924000E-05 7.912700E-02 1.422200E-02 -5.100500E-03
-8.567700E-05 5.823500E-04 -5.261400E-05 -9.377900E-04 -3.017600E-02 -3.327500E-03 -1.266300E-03 -2.688660E+00 -4.119300E+00 -6.133320E+00 2.372000E-01 3.728700E-01 -7.434900E-02 -5.068100E-03 -6.237100E-03 2.315700E-05 6.729500E-05 1.422200E-02 1.812600E+00 -1.937500E-02
-2.238500E-05 2.184500E-04 -4.112000E-05 -5.335200E-04 -6.692100E-03 -7.481800E-04 -3.440900E-04 1.123920E+01 2.313360E-01 1.304370E-01 -4.146300E-01 6.313000E-02 9.056700E-02 1.900300E-04 2.013800E-02 -2.191400E-05 -1.856600E-06 -5.100500E-03 -1.937500E-02 1.597700E-01
