# omegabh2 omegach2 theta tau logA ns r calPlanck BBdust BBsync BBalphadust BBbetadust BBalphasync BBbetasync BBdustsynccorr acib217 xi asz143 aps100 aps143 aps143217 aps217 aksz kgal100 kgal143 kgal143217 kgal217 galfTE100 galfTE100143 galfTE100217 galfTE143 galfTE143217 galfTE217 cal0 cal2
  2.0715713E-08  -9.3285878E-08   1.5488652E-08   3.1202229E-07   5.2628020E-07   2.3529839E-07   9.5324340E-08   1.9625102E-08  -4.5486688E-08  -8.2515366E-07   6.4968525E-07  -1.9368071E-07   2.4065287E-07   3.5234426E-07  -2.4114951E-07  -7.8423623E-05   1.4950219E-06   1.8984823E-05  -3.3816209E-04  -2.0719505E-04  -6.2398159E-05   1.5784409E-05  -3.4371890E-05  -9.1346038E-07  -7.8970161E-06  -1.0065775E-05   1.2828388E-05  -6.0820221E-08  -6.2350937E-08  -1.2472616E-07  -2.5567391E-07  -4.9582042E-07  -2.3567397E-06   3.0015093E-09  -1.4623340E-09
 -9.3285878E-08   1.4122507E-06  -1.1292082E-07  -3.8286427E-06  -4.9267976E-06  -3.2676539E-06  -1.7483414E-06  -2.6151236E-07   9.0840766E-07   1.7788673E-05  -6.3192579E-06   1.0870618E-06   1.5778862E-06  -1.3121914E-06   1.0580041E-06   1.9736105E-04  -2.3010596E-06  -7.8575427E-05   1.1034736E-03   9.2649225E-04   4.1733618E-04   1.1818304E-04   1.1450886E-04   4.5886514E-06   1.8371601E-05   2.9385150E-05  -3.1086451E-05   1.5397393E-07   2.0987214E-07  -3.7631848E-08   1.4919201E-06   2.3684653E-06   1.2430870E-05  -9.7745326E-09   3.2707593E-09
  1.5488652E-08  -1.1292082E-07   9.5309345E-08   3.9530121E-07   7.0385153E-07   3.8968982E-07   7.9904150E-08   3.9817035E-08  -4.6425272E-07  -1.4734843E-06   4.8203427E-07  -3.9368385E-09   9.3769691E-08   3.2792178E-07  -7.3251058E-07  -1.8193568E-05   3.4131591E-07   7.1578538E-06  -1.2362592E-04  -7.1449475E-05  -2.6200390E-05   6.0393214E-06  -1.6720546E-05   3.7315754E-06  -1.7048885E-06   1.7273835E-06   1.4271647E-05  -7.7071083E-08  -6.9174506E-08  -2.0774440E-07  -2.9647663E-07  -2.8141167E-07  -1.3632071E-06   1.4035695E-09  -1.4043488E-11
  3.1202229E-07  -3.8286427E-06   3.9530121E-07   5.4194923E-05   9.6934201E-05   1.1233223E-05   9.3297636E-07  -9.7689906E-07  -3.0277808E-05  -1.1674527E-05  -1.5339558E-05   2.5554332E-06  -1.0181649E-05  -1.3433902E-05  -2.3134562E-05  -1.7318268E-03   1.4219798E-07   5.8181791E-04  -9.8561719E-03  -5.5391981E-03  -2.2593912E-03  -4.6057371E-04  -8.6494192E-04  -9.1554203E-06  -1.3193119E-04  -1.8230409E-04   1.2392730E-04   3.8804813E-07   5.9946389E-07   4.1844114E-06  -4.4425364E-06  -9.5833289E-06  -3.4934461E-05  -1.9303510E-08  -3.3984958E-08
  5.2628020E-07  -4.9267976E-06   7.0385153E-07   9.6934201E-05   2.0342365E-04   1.4876663E-05  -5.2452309E-06   9.5672164E-06  -6.8970883E-05  -3.8862642E-06  -6.5706685E-05   1.1926042E-05  -8.3717754E-06  -3.2389614E-05  -4.4531073E-05  -3.3087444E-03   4.3179603E-05   1.0043917E-03  -1.3840160E-02  -8.0673176E-03  -1.2493756E-03   4.9142107E-03  -2.2326948E-03  -2.6089596E-04  -6.2330036E-04  -6.6878211E-04   1.6839211E-03  -3.0256281E-07   2.4485772E-06   8.4853549E-06  -6.1448392E-06  -1.5688456E-05  -3.2650747E-05   9.1879010E-08  -1.0987593E-07
  2.3529839E-07  -3.2676539E-06   3.8968982E-07   1.1233223E-05   1.4876663E-05   1.6499448E-05   8.2979758E-06   7.0585099E-07  -1.1429696E-06  -4.8755352E-05   6.7906187E-06  -1.3261440E-06  -8.1497613E-07   6.5720841E-07  -1.8829619E-05  -4.2678453E-03   8.8681133E-05   9.5132319E-04  -2.2567895E-02  -6.6888165E-03   1.2467207E-03   4.6658719E-03  -2.2113425E-03   2.4708307E-04  -3.4802159E-04  -3.3292286E-04   1.2633100E-03   1.4083421E-08   2.4096055E-07  -9.7727479E-07  -4.2982193E-06  -5.5725948E-06  -2.8454326E-05  -6.8615742E-08  -5.7461632E-08
  9.5324340E-08  -1.7483414E-06   7.9904150E-08   9.3297636E-07  -5.2452309E-06   8.2979758E-06   3.3826266E-04  -9.2175020E-07  -5.3168107E-04  -9.9934900E-04  -5.3765967E-05   2.9608791E-04  -4.5425682E-05  -1.0554656E-04  -8.2739938E-04  -2.1581715E-03   4.3725428E-05   5.6942195E-04  -9.5558941E-03  -3.4096290E-03   7.6515064E-04   1.9969715E-03  -9.5081754E-04  -5.4409050E-04  -1.6028660E-04   1.1448680E-04   1.1840184E-03   4.8832801E-06   3.7372824E-06  -1.3881121E-05   1.5296828E-05  -1.9923246E-06  -3.3486106E-05  -7.9609465E-08   1.1298232E-07
  1.9625102E-08  -2.6151236E-07   3.9817035E-08  -9.7689906E-07   9.5672164E-06   7.0585099E-07  -9.2175020E-07   6.0659118E-06  -3.9127875E-06  -6.8037696E-06  -9.9687172E-06   2.3079311E-06   2.8431321E-06  -3.0186526E-06  -1.3806615E-07   6.2550508E-04   2.7150426E-06   2.0953150E-05   3.6309825E-03   4.4608654E-04   3.6619305E-04   1.2844407E-03  -1.9407948E-05   1.5266074E-05   6.6604658E-05   7.3267510E-05   8.3241636E-04  -3.3101253E-07   7.5167852E-07   4.6611298E-07   8.1306759E-08  -2.7614402E-07   8.7883902E-06   2.8032805E-09  -1.5412473E-08
 -4.5486688E-08   9.0840766E-07  -4.6425272E-07  -3.0277808E-05  -6.8970883E-05  -1.1429696E-06  -5.3168107E-04  -3.9127875E-06   1.0697086E+00   2.6958702E-02  -1.1974608E-01   4.4662279E-02  -1.1975035E-03   7.2008135E-03  -9.3375885E-03   2.4283618E-02   1.8539193E-03  -1.2975422E-03   1.2183940E-01   6.6972476E-02   5.0616419E-02  -1.1201385E-02  -5.3724100E-03  -2.2621787E-03   2.5504757E-03   1.0293642E-02  -7.6241579E-03  -6.8621762E-05   1.7726596E-04   7.3604078E-05  -1.3496000E-04   1.2998412E-04   1.5993178E-03   1.8365283E-06   2.2226202E-06
 -8.2515366E-07   1.7788673E-05  -1.4734843E-06  -1.1674527E-05  -3.8862642E-06  -4.8755352E-05  -9.9934900E-04  -6.8037696E-06   2.6958702E-02   1.1487230E+00  -2.7862561E-03  -1.6223890E-03   1.6897366E-02  -4.0584549E-02   4.0939099E-02   2.6682732E-02   1.0347853E-03  -8.3153913E-03  -8.1705657E-04  -1.0288166E-02  -1.9451331E-02  -6.3893243E-02   3.0410698E-02  -3.5495369E-03   2.0466772E-04  -1.4095415E-02  -4.2679924E-02  -1.2715212E-04  -7.1587342E-05   5.4517920E-04   4.1228952E-05   2.1038846E-04   1.5404752E-03  -9.3211560E-07   1.0571038E-07
  6.4968525E-07  -6.3192579E-06   4.8203427E-07  -1.5339558E-05  -6.5706685E-05   6.7906187E-06  -5.3765967E-05  -9.9687172E-06  -1.1974608E-01  -2.7862561E-03   6.0126250E-02  -6.6215061E-04   7.2565267E-04  -3.7982886E-04  -4.5434151E-04  -2.3088111E-03  -9.2979930E-06   2.0217100E-03  -2.8486758E-02  -6.5432129E-03   2.6628285E-03   4.8312394E-03   3.5589245E-04   2.7294061E-03   3.1110830E-03   3.0110765E-03  -8.5930337E-04   3.6519138E-05  -4.9854896E-05  -1.3747793E-04  -7.7878965E-05  -8.9799573E-05  -5.5287508E-04   1.5594990E-07  -5.4998610E-07
 -1.9368071E-07   1.0870618E-06  -3.9368385E-09   2.5554332E-06   1.1926042E-05  -1.3261440E-06   2.9608791E-04   2.3079311E-06   4.4662279E-02  -1.6223890E-03  -6.6215061E-04   9.1912877E-03   2.7683491E-05  -1.4376568E-03   9.1330125E-04   1.6347546E-03   1.8238445E-04  -3.8951613E-04   6.3132855E-03   3.3010681E-03   3.3297179E-03   3.1847067E-04   3.1332281E-05  -1.1947857E-03  -5.9365145E-04   3.8555134E-04  -4.3500307E-04  -1.5132171E-05   2.5583431E-06  -3.8108760E-06   5.2303823E-05   2.0745760E-05   1.4821382E-04  -1.7935743E-07   5.0637688E-07
  2.4065287E-07   1.5778862E-06   9.3769691E-08  -1.0181649E-05  -8.3717754E-06  -8.1497613E-07  -4.5425682E-05   2.8431321E-06  -1.1975035E-03   1.6897366E-02   7.2565267E-04   2.7683491E-05   8.1987675E-02  -1.9637338E-04   1.1571542E-03   9.7865360E-04   5.1195174E-04   2.9492816E-03   1.4309718E-02  -7.6964760E-03   1.1382381E-02  -3.8752492E-03   1.2175888E-04  -1.4738084E-03  -7.1365379E-04   2.7058624E-03   2.1829657E-03  -5.7092686E-05   4.6043628E-05   5.1942788E-05   5.0712152E-05  -5.1836724E-05  -1.8029490E-04   9.6154558E-07   1.1487377E-06
  3.5234426E-07  -1.3121914E-06   3.2792178E-07  -1.3433902E-05  -3.2389614E-05   6.5720841E-07  -1.0554656E-04  -3.0186526E-06   7.2008135E-03  -4.0584549E-02  -3.7982886E-04  -1.4376568E-03  -1.9637338E-04   7.5885425E-02  -4.4067916E-03   5.4546779E-03   2.6219755E-04   3.1081049E-03   1.5765367E-03   6.5897869E-03   1.0422429E-02  -3.6011877E-03  -2.9047856E-03  -3.0535224E-04  -5.0968649E-03   1.7575251E-03  -8.8379029E-04   1.9248609E-05   3.2202152E-05  -4.4025541E-05   1.0152502E-05  -1.0128336E-04   2.6118034E-04   1.9339837E-06   4.5089172E-07
 -2.4114951E-07   1.0580041E-06  -7.3251058E-07  -2.3134562E-05  -4.4531073E-05  -1.8829619E-05  -8.2739938E-04  -1.3806615E-07  -9.3375885E-03   4.0939099E-02  -4.5434151E-04   9.1330125E-04   1.1571542E-03  -4.4067916E-03   8.1368308E-02   2.9799965E-02  -1.1579464E-04  -4.8322479E-03   7.9949381E-03   1.5454123E-02  -1.1924276E-02  -4.0660258E-02   7.9661736E-03  -4.9941091E-05  -1.5003386E-04  -3.7596603E-03  -2.4836613E-02   1.9538145E-06  -5.8907074E-05   2.0147140E-04  -8.1982153E-05   5.1912497E-05  -3.4187081E-04  -1.0650970E-06   2.0482931E-07
 -7.8423623E-05   1.9736105E-04  -1.8193568E-05  -1.7318268E-03  -3.3087444E-03  -4.2678453E-03  -2.1581715E-03   6.2550508E-04   2.4283618E-02   2.6682732E-02  -2.3088111E-03   1.6347546E-03   9.7865360E-04   5.4546779E-03   2.9799965E-02   4.4674003E+01  -3.8666492E-01  -7.9062747E-01   3.4978389E+01   1.7628750E+00  -1.2870160E+01  -5.5142462E+01  -3.1760827E-01   1.9130647E-01   4.3605554E-01  -5.8660710E+00  -3.3393187E+01   7.9788828E-04   1.2875198E-04  -1.1484096E-03  -8.7897533E-04   1.2751849E-04   4.7581099E-03  -1.9871625E-04   7.2815027E-04
  1.4950219E-06  -2.3010596E-06   3.4131591E-07   1.4219798E-07   4.3179603E-05   8.8681133E-05   4.3725428E-05   2.7150426E-06   1.8539193E-03   1.0347853E-03  -9.2979930E-06   1.8238445E-04   5.1195174E-04   2.6219755E-04  -1.1579464E-04  -3.8666492E-01   8.1661408E-02  -4.2880311E-02  -5.4486469E-01   9.3661987E-01   1.7140622E+00   6.3531537E-01   4.4287997E-02  -5.4246531E-03   9.1660443E-03   1.0416714E-01   1.3697967E-01  -5.4214907E-05  -4.0606783E-05  -4.2906077E-05  -2.3448880E-05  -1.2426303E-04  -2.5146245E-04   3.8551283E-06  -1.8117412E-06
  1.8984823E-05  -7.8575427E-05   7.1578538E-06   5.8181791E-04   1.0043917E-03   9.5132319E-04   5.6942195E-04   2.0953150E-05  -1.2975422E-03  -8.3153913E-03   2.0217100E-03  -3.8951613E-04   2.9492816E-03   3.1081049E-03  -4.8322479E-03  -7.9062747E-01  -4.2880311E-02   3.7909103E+00  -2.9475129E+01  -3.2028665E+00   7.4903565E+00   5.1783690E+00  -2.6655236E+00  -1.8509017E-01   1.5382906E-01   2.6044421E+00   3.2347273E+00   1.9954215E-04  -2.0912121E-04   5.8800229E-04  -5.9064906E-04   4.1813146E-04  -3.9890907E-03   1.0560982E-04  -4.0090305E-05
 -3.3816209E-04   1.1034736E-03  -1.2362592E-04  -9.8561719E-03  -1.3840160E-02  -2.2567895E-02  -9.5558941E-03   3.6309825E-03   1.2183940E-01  -8.1705657E-04  -2.8486758E-02   6.3132855E-03   1.4309718E-02   1.5765367E-03   7.9949381E-03   3.4978389E+01  -5.4486469E-01  -2.9475129E+01   7.6912486E+02   6.7548542E+01  -5.3576963E+01  -5.8684702E+01   1.2884054E+01  -6.2693955E+00   5.3551965E+00  -1.1793613E+01  -2.3611016E+01  -5.5567513E-03  -3.3746642E-03   3.7600273E-03   6.9189676E-03   2.1596218E-02   4.7272303E-02   3.7893576E-03   5.0789291E-04
 -2.0719505E-04   9.2649225E-04  -7.1449475E-05  -5.5391981E-03  -8.0673176E-03  -6.6888165E-03  -3.4096290E-03   4.4608654E-04   6.6972476E-02  -1.0288166E-02  -6.5432129E-03   3.3010681E-03  -7.6964760E-03   6.5897869E-03   1.5454123E-02   1.7628750E+00   9.3661987E-01  -3.2028665E+00   6.7548542E+01   6.1373272E+01   4.0630434E+01   1.4809059E+01  -4.9774775E+00  -3.2549818E-01  -1.3119346E+00   3.4168359E+00   4.1372343E+00   3.7932129E-04   2.8187301E-04  -1.9480696E-04  -1.0663887E-03   4.5700164E-03   2.3100151E-02   7.5922081E-05   1.1138552E-04
 -6.2398159E-05   4.1733618E-04  -2.6200390E-05  -2.2593912E-03  -1.2493756E-03   1.2467207E-03   7.6515064E-04   3.6619305E-04   5.0616419E-02  -1.9451331E-02   2.6628285E-03   3.3297179E-03   1.1382381E-02   1.0422429E-02  -1.1924276E-02  -1.2870160E+01   1.7140622E+00   7.4903565E+00  -5.3576963E+01   4.0630434E+01   8.5259428E+01   5.2242822E+01  -1.1601131E+01  -6.6903917E-01  -6.4665711E-01   4.8608355E+00   8.0006849E+00   3.9445597E-04  -6.5981862E-04   2.8803305E-03  -1.0749267E-03   4.2281841E-03   2.3738788E-03   4.0561246E-04  -3.9589026E-04
  1.5784409E-05   1.1818304E-04   6.0393214E-06  -4.6057371E-04   4.9142107E-03   4.6658719E-03   1.9969715E-03   1.2844407E-03  -1.1201385E-02  -6.3893243E-02   4.8312394E-03   3.1847067E-04  -3.8752492E-03  -3.6011877E-03  -4.0660258E-02  -5.5142462E+01   6.3531537E-01   5.1783690E+00  -5.8684702E+01   1.4809059E+01   5.2242822E+01   1.0321110E+02  -8.8359641E+00  -5.5363038E-01  -1.0403885E+00   5.5413875E+00   3.3452679E+01  -1.5442399E-04  -3.0631670E-05   5.1244916E-03   1.0069445E-03   4.8591469E-03  -5.1164813E-04   4.5214078E-04  -1.3776567E-03
 -3.4371890E-05   1.1450886E-04  -1.6720546E-05  -8.6494192E-04  -2.2326948E-03  -2.2113425E-03  -9.5081754E-04  -1.9407948E-05  -5.3724100E-03   3.0410698E-02   3.5589245E-04   3.1332281E-05   1.2175888E-04  -2.9047856E-03   7.9661736E-03  -3.1760827E-01   4.4287997E-02  -2.6655236E+00   1.2884054E+01  -4.9774775E+00  -1.1601131E+01  -8.8359641E+00   5.7591008E+00   9.6373065E-02  -2.2073100E-01  -2.0905603E+00  -2.2684254E+00  -3.9958577E-04  -2.1721574E-05   1.7039870E-05   1.2616537E-03  -4.3175686E-04   4.7965385E-03  -7.3801137E-05   4.4511612E-06
 -9.1346038E-07   4.5886514E-06   3.7315754E-06  -9.1554203E-06  -2.6089596E-04   2.4708307E-04  -5.4409050E-04   1.5266074E-05  -2.2621787E-03  -3.5495369E-03   2.7294061E-03  -1.1947857E-03  -1.4738084E-03  -3.0535224E-04  -4.9941091E-05   1.9130647E-01  -5.4246531E-03  -1.8509017E-01  -6.2693955E+00  -3.2549818E-01  -6.6903917E-01  -5.5363038E-01   9.6373065E-02   3.3086658E+00   5.4779107E-01   1.4722171E-01   6.8944256E-02  -5.7011237E-04   3.1522768E-04  -9.9937592E-05  -2.2986475E-04  -7.5143942E-04  -2.6287605E-03   1.6867307E-04  -6.3132160E-06
 -7.8970161E-06   1.8371601E-05  -1.7048885E-06  -1.3193119E-04  -6.2330036E-04  -3.4802159E-04  -1.6028660E-04   6.6604658E-05   2.5504757E-03   2.0466772E-04   3.1110830E-03  -5.9365145E-04  -7.1365379E-04  -5.0968649E-03  -1.5003386E-04   4.3605554E-01   9.1660443E-03   1.5382906E-01   5.3551965E+00  -1.3119346E+00  -6.4665711E-01  -1.0403885E+00  -2.2073100E-01   5.4779107E-01   3.1636133E+00   2.7180324E+00   2.8036207E+00   4.1361841E-05  -1.4621243E-04  -5.3341839E-04   2.8233474E-04   2.3646755E-04  -2.0250545E-03  -1.8963656E-04  -3.7092276E-05
 -1.0065775E-05   2.9385150E-05   1.7273835E-06  -1.8230409E-04  -6.6878211E-04  -3.3292286E-04   1.1448680E-04   7.3267510E-05   1.0293642E-02  -1.4095415E-02   3.0110765E-03   3.8555134E-04   2.7058624E-03   1.7575251E-03  -3.7596603E-03  -5.8660710E+00   1.0416714E-01   2.6044421E+00  -1.1793613E+01   3.4168359E+00   4.8608355E+00   5.5413875E+00  -2.0905603E+00   1.4722171E-01   2.7180324E+00   1.0770972E+01   1.9329999E+01   1.5351803E-04   3.4462415E-05  -1.3228346E-03  -5.6341878E-04   5.3132703E-04  -4.4078660E-04  -3.7047604E-05   4.1064126E-04
  1.2828388E-05  -3.1086451E-05   1.4271647E-05   1.2392730E-04   1.6839211E-03   1.2633100E-03   1.1840184E-03   8.3241636E-04  -7.6241579E-03  -4.2679924E-02  -8.5930337E-04  -4.3500307E-04   2.1829657E-03  -8.8379029E-04  -2.4836613E-02  -3.3393187E+01   1.3697967E-01   3.2347273E+00  -2.3611016E+01   4.1372343E+00   8.0006849E+00   3.3452679E+01  -2.2684254E+00   6.8944256E-02   2.8036207E+00   1.9329999E+01   5.3742739E+01  -9.7726658E-05   6.6842837E-04  -5.1495117E-04   6.2557446E-04   3.4056413E-04   2.5154976E-03   4.6664289E-05   9.1959229E-04
 -6.0820221E-08   1.5397393E-07  -7.7071083E-08   3.8804813E-07  -3.0256281E-07   1.4083421E-08   4.8832801E-06  -3.3101253E-07  -6.8621762E-05  -1.2715212E-04   3.6519138E-05  -1.5132171E-05  -5.7092686E-05   1.9248609E-05   1.9538145E-06   7.9788828E-04  -5.4214907E-05   1.9954215E-04  -5.5567513E-03   3.7932129E-04   3.9445597E-04  -1.5442399E-04  -3.9958577E-04  -5.7011237E-04   4.1361841E-05   1.5351803E-04  -9.7726658E-05   1.4509164E-03   2.7519955E-04   9.6448687E-05  -3.7410671E-04  -9.9929915E-05  -1.4549331E-04  -8.3088731E-08   9.7193604E-08
 -6.2350937E-08   2.0987214E-07  -6.9174506E-08   5.9946389E-07   2.4485772E-06   2.4096055E-07   3.7372824E-06   7.5167852E-07   1.7726596E-04  -7.1587342E-05  -4.9854896E-05   2.5583431E-06   4.6043628E-05   3.2202152E-05  -5.8907074E-05   1.2875198E-04  -4.0606783E-05  -2.0912121E-04  -3.3746642E-03   2.8187301E-04  -6.5981862E-04  -3.0631670E-05  -2.1721574E-05   3.1522768E-04  -1.4621243E-04   3.4462415E-05   6.6842837E-04   2.7519955E-04   8.6425930E-04   3.8136940E-05   7.3443932E-04   4.9934856E-05  -7.8738286E-04  -1.2262949E-07   5.8809035E-08
 -1.2472616E-07  -3.7631848E-08  -2.0774440E-07   4.1844114E-06   8.4853549E-06  -9.7727479E-07  -1.3881121E-05   4.6611298E-07   7.3604078E-05   5.4517920E-04  -1.3747793E-04  -3.8108760E-06   5.1942788E-05  -4.4025541E-05   2.0147140E-04  -1.1484096E-03  -4.2906077E-05   5.8800229E-04   3.7600273E-03  -1.9480696E-04   2.8803305E-03   5.1244916E-03   1.7039870E-05  -9.9937592E-05  -5.3341839E-04  -1.3228346E-03  -5.1495117E-04   9.6448687E-05   3.8136940E-05   7.2032930E-03  -3.2136627E-04   6.4382077E-04   4.5105154E-03   1.7902645E-08  -8.1579795E-09
 -2.5567391E-07   1.4919201E-06  -2.9647663E-07  -4.4425364E-06  -6.1448392E-06  -4.2982193E-06   1.5296828E-05   8.1306759E-08  -1.3496000E-04   4.1228952E-05  -7.7878965E-05   5.2303823E-05   5.0712152E-05   1.0152502E-05  -8.1982153E-05  -8.7897533E-04  -2.3448880E-05  -5.9064906E-04   6.9189676E-03  -1.0663887E-03  -1.0749267E-03   1.0069445E-03   1.2616537E-03  -2.2986475E-04   2.8233474E-04  -5.6341878E-04   6.2557446E-04  -3.7410671E-04   7.3443932E-04  -3.2136627E-04   2.9147697E-03   5.1470767E-04  -1.0781225E-03   4.1100133E-08   8.3737880E-09
 -4.9582042E-07   2.3684653E-06  -2.8141167E-07  -9.5833289E-06  -1.5688456E-05  -5.5725948E-06  -1.9923246E-06  -2.7614402E-07   1.2998412E-04   2.1038846E-04  -8.9799573E-05   2.0745760E-05  -5.1836724E-05  -1.0128336E-04   5.1912497E-05   1.2751849E-04  -1.2426303E-04   4.1813146E-04   2.1596218E-02   4.5700164E-03   4.2281841E-03   4.8591469E-03  -4.3175686E-04  -7.5143942E-04   2.3646755E-04   5.3132703E-04   3.4056413E-04  -9.9929915E-05   4.9934856E-05   6.4382077E-04   5.1470767E-04   6.3660635E-03   7.8695914E-03   8.9503267E-08  -2.0706277E-07
 -2.3567397E-06   1.2430870E-05  -1.3632071E-06  -3.4934461E-05  -3.2650747E-05  -2.8454326E-05  -3.3486106E-05   8.7883902E-06   1.5993178E-03   1.5404752E-03  -5.5287508E-04   1.4821382E-04  -1.8029490E-04   2.6118034E-04  -3.4187081E-04   4.7581099E-03  -2.5146245E-04  -3.9890907E-03   4.7272303E-02   2.3100151E-02   2.3738788E-03  -5.1164813E-04   4.7965385E-03  -2.6287605E-03  -2.0250545E-03  -4.4078660E-04   2.5154976E-03  -1.4549331E-04  -7.8738286E-04   4.5105154E-03  -1.0781225E-03   7.8695914E-03   7.2105209E-02  -1.0420201E-06  -6.1868928E-07
  3.0015093E-09  -9.7745326E-09   1.4035695E-09  -1.9303510E-08   9.1879010E-08  -6.8615742E-08  -7.9609465E-08   2.8032805E-09   1.8365283E-06  -9.3211560E-07   1.5594990E-07  -1.7935743E-07   9.6154558E-07   1.9339837E-06  -1.0650970E-06  -1.9871625E-04   3.8551283E-06   1.0560982E-04   3.7893576E-03   7.5922081E-05   4.0561246E-04   4.5214078E-04  -7.3801137E-05   1.6867307E-04  -1.8963656E-04  -3.7047604E-05   4.6664289E-05  -8.3088731E-08  -1.2262949E-07   1.7902645E-08   4.1100133E-08   8.9503267E-08  -1.0420201E-06   3.7757767E-07  -2.1543716E-09
 -1.4623340E-09   3.2707593E-09  -1.4043488E-11  -3.3984958E-08  -1.0987593E-07  -5.7461632E-08   1.1298232E-07  -1.5412473E-08   2.2226202E-06   1.0571038E-07  -5.4998610E-07   5.0637688E-07   1.1487377E-06   4.5089172E-07   2.0482931E-07   7.2815027E-04  -1.8117412E-06  -4.0090305E-05   5.0789291E-04   1.1138552E-04  -3.9589026E-04  -1.3776567E-03   4.4511612E-06  -6.3132160E-06  -3.7092276E-05   4.1064126E-04   9.1959229E-04   9.7193604E-08   5.8809035E-08  -8.1579795E-09   8.3737880E-09  -2.0706277E-07  -6.1868928E-07  -2.1543716E-09   3.8408570E-07
