# omegabh2 omegach2 theta tau logA ns r aps100 aps143 aps217 acib143 acib217 asz143 psr cibr ncib xi aksz cal0 cal2 bm_1_1
    0.5321755E-07   -0.2640936E-06    0.5028349E-07    0.9788019E-06    0.1465680E-05    0.7695719E-06    0.3746584E-06   -0.5382247E-03   -0.3040443E-03    0.2953073E-03   -0.1273298E-03   -0.3181353E-03    0.1779301E-04    0.1943955E-05   -0.2847704E-05   -0.3145438E-05    0.4543009E-05   -0.7410274E-04    0.5465200E-08   -0.1590441E-07   -0.4755312E-05
   -0.2640936E-06    0.4608430E-05   -0.4656903E-06   -0.9245722E-05   -0.7217822E-05   -0.1029408E-04   -0.1020016E-04    0.1007835E-01    0.1457699E-02   -0.4107610E-03    0.2621650E-03    0.1033336E-02   -0.2389232E-03   -0.7420558E-05    0.1137059E-04    0.1576558E-04   -0.1840919E-04    0.1717235E-04   -0.5412179E-07    0.2788880E-06    0.1516091E-03
    0.5028349E-07   -0.4656903E-06    0.2541217E-06    0.1124317E-05    0.1303211E-05    0.1345367E-05    0.1373153E-05   -0.1264138E-02   -0.1702136E-03    0.1746819E-03   -0.5761720E-04   -0.2255645E-03    0.5954865E-04    0.4799231E-06    0.4332672E-05   -0.4652374E-05    0.4308577E-05    0.2830584E-05    0.1213287E-08   -0.3487649E-07   -0.1679220E-04
    0.9788019E-06   -0.9245722E-05    0.1124317E-05    0.1863409E-03    0.3506436E-03    0.3082355E-04   -0.5443000E-04   -0.4300885E-01   -0.9001992E-02    0.1274064E-01   -0.4570661E-02   -0.1010461E-01    0.5622519E-04    0.7741989E-04   -0.9369543E-04   -0.8192384E-04    0.1069659E-03   -0.3018017E-02    0.7602941E-07    0.2153808E-06   -0.3754036E-03
    0.1465680E-05   -0.7217822E-05    0.1303211E-05    0.3506436E-03    0.6921004E-03    0.3606689E-04   -0.1423628E-03   -0.6359247E-01   -0.7639614E-02    0.3417441E-01   -0.1191123E-01   -0.2131374E-01   -0.1444970E-02    0.1553547E-03   -0.2330722E-03   -0.1237009E-03    0.2332531E-03   -0.7788933E-02    0.2584099E-06    0.2579567E-05    0.1117831E-03
    0.7695719E-06   -0.1029408E-04    0.1345367E-05    0.3082355E-04    0.3606689E-04    0.3769407E-04    0.4214983E-04   -0.3954097E-01   -0.2718635E-02    0.1517972E-01   -0.4828873E-02   -0.1031292E-01   -0.2668229E-03    0.6289208E-04   -0.1814709E-03   -0.9089229E-04    0.1277128E-03   -0.2927219E-02    0.9207123E-08    0.1195987E-06   -0.1195814E-03
    0.3746584E-06   -0.1020016E-04    0.1373153E-05   -0.5443000E-04   -0.1423628E-03    0.4214983E-04    0.1405847E-02   -0.5813246E-01   -0.7217376E-02    0.1499733E-01   -0.1961470E-02   -0.9703970E-02    0.8005340E-03    0.3115143E-03   -0.1915169E-03   -0.7114572E-04    0.3194216E-03   -0.8803649E-03    0.1178945E-05   -0.3257627E-05   -0.1144111E-02
   -0.5382247E-03    0.1007835E-01   -0.1264138E-02   -0.4300885E-01   -0.6359247E-01   -0.3954097E-01   -0.5813246E-01    0.2334557E+04    0.7239018E+02   -0.9165071E+02    0.6015189E+02    0.6980358E+02   -0.5286093E+02   -0.6288339E+00   -0.1212924E+01    0.6437762E+00    0.2967114E+00   -0.1543524E+02    0.1984145E-02    0.3228374E-02    0.1136260E+02
   -0.3040443E-03    0.1457699E-02   -0.1702136E-03   -0.9001992E-02   -0.7639614E-02   -0.2718635E-02   -0.7217376E-02    0.7239018E+02    0.1144457E+03    0.3305888E+02   -0.1762338E+02   -0.1410531E+01   -0.7009921E+01   -0.1677945E+00    0.8510297E-01    0.6698431E-01    0.1120581E+01   -0.1253649E+02    0.2752584E-03    0.1754996E-02    0.3680245E+00
    0.2953073E-03   -0.4107610E-03    0.1746819E-03    0.1274064E-01    0.3417441E-01    0.1517972E-01    0.1499733E-01   -0.9165071E+02    0.3305888E+02    0.3002785E+03   -0.3183555E+02   -0.1377925E+03    0.1203533E+01    0.1854960E-01   -0.1351950E+01   -0.1740439E+01    0.4266907E+00   -0.9428394E+01    0.4350607E-03   -0.1955091E-02    0.4855455E+00
   -0.1273298E-03    0.2621650E-03   -0.5761720E-04   -0.4570661E-02   -0.1191123E-01   -0.4828873E-02   -0.1961470E-02    0.6015189E+02   -0.1762338E+02   -0.3183555E+02    0.2162610E+02    0.1875633E+02   -0.1581257E+01    0.2439785E-01    0.1023026E-01    0.2204127E+00    0.1473397E+00   -0.1053142E+01   -0.2718476E-03   -0.1538500E-02   -0.2799654E+00
   -0.3181353E-03    0.1033336E-02   -0.2255645E-03   -0.1010461E-01   -0.2131374E-01   -0.1031292E-01   -0.9703970E-02    0.6980358E+02   -0.1410531E+01   -0.1377925E+03    0.1875633E+02    0.7516474E+02   -0.1534613E+00    0.5603574E-01    0.6186059E+00    0.1058507E+01   -0.2424839E+00   -0.1844936E+01   -0.1688525E-03    0.2872402E-03   -0.9690580E-01
    0.1779301E-04   -0.2389232E-03    0.5954865E-04    0.5622519E-04   -0.1444970E-02   -0.2668229E-03    0.8005340E-03   -0.5286093E+02   -0.7009921E+01    0.1203533E+01   -0.1581257E+01   -0.1534613E+00    0.6830702E+01    0.6493332E-01    0.2434171E+00   -0.4814173E-02   -0.9310970E-01   -0.2522120E+00    0.1904877E-04   -0.8817692E-03    0.1281592E+00
    0.1943955E-05   -0.7420558E-05    0.4799231E-06    0.7741989E-04    0.1553547E-03    0.6289208E-04    0.3115143E-03   -0.6288339E+00   -0.1677945E+00    0.1854960E-01    0.2439785E-01    0.5603574E-01    0.6493332E-01    0.1373327E-01   -0.8340662E-02    0.4932418E-02    0.6166383E-02   -0.2295208E-01    0.8613467E-06   -0.2299976E-04    0.4232836E-02
   -0.2847704E-05    0.1137059E-04    0.4332672E-05   -0.9369543E-04   -0.2330722E-03   -0.1814709E-03   -0.1915169E-03   -0.1212924E+01    0.8510297E-01   -0.1351950E+01    0.1023026E-01    0.6186059E+00    0.2434171E+00   -0.8340662E-02    0.5235105E-01   -0.1662232E-02    0.6942811E-02   -0.2635088E-01   -0.5088203E-05    0.7584354E-04   -0.7023941E-04
   -0.3145438E-05    0.1576558E-04   -0.4652374E-05   -0.8192384E-04   -0.1237009E-03   -0.9089229E-04   -0.7114572E-04    0.6437762E+00    0.6698431E-01   -0.1740439E+01    0.2204127E+00    0.1058507E+01   -0.4814173E-02    0.4932418E-02   -0.1662232E-02    0.2506958E-01   -0.2019257E-02   -0.2053082E-01    0.2403449E-05   -0.8507640E-04    0.6488107E-02
    0.4543009E-05   -0.1840919E-04    0.4308577E-05    0.1069659E-03    0.2332531E-03    0.1277128E-03    0.3194216E-03    0.2967114E+00    0.1120581E+01    0.4266907E+00    0.1473397E+00   -0.2424839E+00   -0.9310970E-01    0.6166383E-02    0.6942811E-02   -0.2019257E-02    0.8126123E-01   -0.7656182E-02   -0.3887511E-05    0.1490193E-04    0.5547713E-02
   -0.7410274E-04    0.1717235E-04    0.2830584E-05   -0.3018017E-02   -0.7788933E-02   -0.2927219E-02   -0.8803649E-03   -0.1543524E+02   -0.1253649E+02   -0.9428394E+01   -0.1053142E+01   -0.1844936E+01   -0.2522120E+00   -0.2295208E-01   -0.2635088E-01   -0.2053082E-01   -0.7656182E-02    0.7926823E+01    0.2212228E-04    0.5422655E-04   -0.3094232E-01
    0.5465200E-08   -0.5412179E-07    0.1213287E-08    0.7602941E-07    0.2584099E-06    0.9207123E-08    0.1178945E-05    0.1984145E-02    0.2752584E-03    0.4350607E-03   -0.2718476E-03   -0.1688525E-03    0.1904877E-04    0.8613467E-06   -0.5088203E-05    0.2403449E-05   -0.3887511E-05    0.2212228E-04    0.8368094E-06    0.5376854E-07   -0.1000842E-03
   -0.1590441E-07    0.2788880E-06   -0.3487649E-07    0.2153808E-06    0.2579567E-05    0.1195987E-06   -0.3257627E-05    0.3228374E-02    0.1754996E-02   -0.1955091E-02   -0.1538500E-02    0.2872402E-03   -0.8817692E-03   -0.2299976E-04    0.7584354E-04   -0.8507640E-04    0.1490193E-04    0.5422655E-04    0.5376854E-07    0.5596620E-05    0.2474424E-03
   -0.4755312E-05    0.1516091E-03   -0.1679220E-04   -0.3754036E-03    0.1117831E-03   -0.1195814E-03   -0.1144111E-02    0.1136260E+02    0.3680245E+00    0.4855455E+00   -0.2799654E+00   -0.9690580E-01    0.1281592E+00    0.4232836E-02   -0.7023941E-04    0.6488107E-02    0.5547713E-02   -0.3094232E-01   -0.1000842E-03    0.2474424E-03    0.2555452E+00
