# omegabh2 omegach2 theta tau omegak logA ns acib217 acibsz143 asz143 aps100 aps143 aps143217 aps217 aksz kgal100 t1gal143 t1gal143217 t1gal217 galfEE100 galfEE100143 galfEE100217 galfEE143 galfEE143217 galfEE217 galfTE100 galfTE100143 galfTE100217 galfTE143 galfTE143217 galfTE217 calib_100T calib_217T
    0.2470761E-07   -0.1415101E-06    0.1929575E-07    0.4309659E-06   -0.1498655E-06    0.6252464E-06    0.4003612E-06   -0.1083381E-03   -0.6454054E-04   -0.1617730E-04   -0.4138061E-03   -0.4081207E-04    0.5396899E-04    0.2850931E-04   -0.2214344E-04    0.5146657E-04   -0.2123416E-03   -0.1996073E-03   -0.1957302E-03    0.1007994E-06    0.2869509E-06    0.4146864E-06    0.4719195E-06    0.4853774E-06    0.6448668E-06   -0.2399279E-05   -0.2737424E-05   -0.3407220E-05   -0.3755242E-05   -0.5846441E-05   -0.9318279E-05   -0.1424692E-07   -0.9144266E-09
   -0.1415101E-06    0.1993310E-05   -0.1990255E-06   -0.5421221E-05    0.2017496E-05   -0.5918980E-05   -0.5028655E-05    0.5470989E-03    0.3110877E-03    0.7421619E-04    0.5561844E-02    0.1068550E-02    0.4266265E-03    0.3459038E-03   -0.1304654E-04   -0.5107214E-03   -0.1190305E-03    0.1872555E-03    0.5111319E-03   -0.1507147E-05   -0.3140948E-05   -0.4121430E-05   -0.4374355E-05   -0.4868805E-05   -0.7557247E-05    0.9518947E-05    0.1670146E-04    0.3509712E-04    0.3170867E-04    0.6256418E-04    0.9031426E-04   -0.1224485E-06   -0.5456121E-07
    0.1929575E-07   -0.1990255E-06    0.9337868E-07    0.8638095E-06   -0.2553916E-06    0.1312503E-05    0.5447433E-06   -0.8862948E-04   -0.2532823E-04   -0.4369964E-04   -0.5790135E-04    0.1269223E-04   -0.1012498E-04    0.3518549E-04    0.3149569E-04   -0.3742506E-04   -0.1510460E-04    0.2565207E-05    0.5247285E-04    0.6650560E-07    0.3138613E-06    0.3619901E-06    0.3393925E-06    0.4748981E-06    0.8069720E-06   -0.1339002E-05   -0.4119791E-05   -0.5067823E-05   -0.6721706E-05   -0.1007634E-04   -0.1734362E-04    0.2337491E-07   -0.1069688E-07
    0.4309659E-06   -0.5421221E-05    0.8638095E-06    0.9735024E-04   -0.1925716E-05    0.1791056E-03    0.1951509E-04   -0.5902826E-02   -0.1991859E-02    0.3175722E-03   -0.3308277E-02   -0.2088300E-02    0.7452401E-02    0.9104985E-02   -0.1802050E-02   -0.2378742E-02   -0.1503713E-02   -0.6187647E-02   -0.9452071E-02    0.9310627E-05    0.8873467E-05    0.1089458E-04    0.3950800E-05    0.8451673E-05    0.2791478E-04   -0.2520681E-04   -0.1177089E-03   -0.1855409E-03   -0.1209893E-03   -0.1880806E-03   -0.2508333E-03    0.5730092E-06    0.1078674E-05
   -0.1498655E-06    0.2017496E-05   -0.2553916E-06   -0.1925716E-05    0.4160395E-05    0.1051348E-05   -0.5532180E-05    0.8424812E-03    0.6393882E-03    0.1857775E-03    0.7516395E-02    0.1357654E-03   -0.1920490E-03    0.6605878E-03    0.8857938E-04   -0.2249966E-03   -0.2647344E-03   -0.6802062E-03   -0.9996715E-03   -0.1563079E-05   -0.3009843E-05   -0.4574027E-05   -0.4924257E-05   -0.5350457E-05   -0.6856666E-05    0.3208217E-05    0.1420967E-04    0.3229521E-04    0.2770448E-04    0.5571796E-04    0.7508966E-04   -0.2104862E-06    0.8687954E-07
    0.6252464E-06   -0.5918980E-05    0.1312503E-05    0.1791056E-03    0.1051348E-05    0.3465157E-03    0.2704089E-04   -0.1346138E-01   -0.4884740E-02    0.1139157E-04    0.1439870E-01    0.5578785E-02    0.2436839E-01    0.2655504E-01   -0.4140092E-02   -0.1532897E-01   -0.2340724E-01   -0.3197223E-01   -0.3749655E-01    0.1246169E-04    0.8335542E-05    0.1080710E-04   -0.3376951E-05    0.3812327E-05    0.3353859E-04   -0.2273857E-04   -0.1826423E-03   -0.2741024E-03   -0.1471362E-03   -0.2008570E-03   -0.2853592E-03   -0.1768685E-06    0.2095670E-05
    0.4003612E-06   -0.5028655E-05    0.5447433E-06    0.1951509E-04   -0.5532180E-05    0.2704089E-04    0.2573253E-04   -0.1217242E-01   -0.6046419E-02   -0.2084544E-02   -0.1275934E-01    0.8564203E-02    0.1723648E-01    0.1697613E-01   -0.2395758E-02   -0.4318076E-02   -0.1030545E-01   -0.1365640E-01   -0.1526909E-01    0.9013741E-05    0.1174593E-04    0.1675914E-04    0.1520166E-04    0.1645253E-04    0.2645416E-04   -0.5938072E-04   -0.4355783E-04   -0.1128405E-03   -0.4241856E-04   -0.1227396E-03   -0.2053347E-03    0.2691390E-06    0.7395638E-06
   -0.1083381E-03    0.5470989E-03   -0.8862948E-04   -0.5902826E-02    0.8424812E-03   -0.1346138E-01   -0.1217242E-01    0.6227264E+02    0.2529484E+02    0.2373928E+01    0.8290263E+00   -0.3058227E+02   -0.7073230E+02   -0.8082766E+02   -0.2602317E+01    0.2429613E+01   -0.4584912E+01   -0.9644201E+01   -0.1368611E+02   -0.3080523E-02   -0.1261656E-02   -0.1914053E-02   -0.3197566E-02   -0.2733628E-02    0.2126306E-02    0.4607430E-04    0.4794055E-01    0.8960751E-01    0.6828303E-01    0.5537995E-01    0.1159645E-01   -0.1830885E-03   -0.2728608E-02
   -0.6454054E-04    0.3110877E-03   -0.2532823E-04   -0.1991859E-02    0.6393882E-03   -0.4884740E-02   -0.6046419E-02    0.2529484E+02    0.2006114E+02    0.3288199E+01   -0.1982732E+02   -0.3092707E+02   -0.4965324E+02   -0.2682378E+02   -0.1844041E+01   -0.2079846E+00   -0.4437365E+01   -0.1214224E+02   -0.1374908E+02   -0.1056552E-02   -0.6673682E-03   -0.3917456E-02   -0.7264802E-03   -0.1406576E-02   -0.1582274E-02   -0.1573491E-01    0.7854585E-02    0.3206970E-01    0.1191157E-01    0.2307969E-01    0.5378693E-01   -0.2331088E-03   -0.4403462E-04
   -0.1617730E-04    0.7421619E-04   -0.4369964E-04    0.3175722E-03    0.1857775E-03    0.1139157E-04   -0.2084544E-02    0.2373928E+01    0.3288199E+01    0.6246595E+01   -0.3871570E+02   -0.1863602E+02   -0.7145836E+01   -0.1801790E+01   -0.6875315E+00   -0.3079651E+01   -0.9759378E+00    0.2698798E+01    0.2959402E+01    0.5663123E-03   -0.1176644E-02   -0.2497113E-02   -0.2432664E-02   -0.1491638E-02   -0.4152709E-02   -0.5753884E-02    0.2162089E-03   -0.1869176E-01    0.8310158E-02    0.4793071E-02    0.5866115E-03   -0.2329635E-03    0.1202833E-03
   -0.4138061E-03    0.5561844E-02   -0.5790135E-04   -0.3308277E-02    0.7516395E-02    0.1439870E-01   -0.1275934E-01    0.8290263E+00   -0.1982732E+02   -0.3871570E+02    0.7373537E+03    0.1684257E+03    0.7546070E+02    0.1768420E+02   -0.9315477E+01   -0.3118638E+02    0.9684893E+01    0.4194382E+01    0.1126060E+02   -0.2239128E-02   -0.5789684E-02    0.1355114E-02   -0.1478045E-01   -0.6102418E-02    0.3196222E-01    0.1123031E+00    0.4260638E-01    0.1953206E+00    0.9005933E-01    0.1795005E+00    0.8323341E-01   -0.1978736E-02   -0.3297929E-02
   -0.4081207E-04    0.1068550E-02    0.1269223E-04   -0.2088300E-02    0.1357654E-03    0.5578785E-02    0.8564203E-02   -0.3058227E+02   -0.3092707E+02   -0.1863602E+02    0.1684257E+03    0.1322699E+03    0.1091467E+03    0.5850076E+02   -0.9320585E+01    0.1847413E-01   -0.6261562E+01    0.1356982E+01    0.5209217E+01    0.2371330E-02   -0.1033412E-04    0.9434073E-02    0.2229403E-02    0.1994638E-02    0.9823572E-02    0.8317643E-01    0.4268233E-01    0.9843055E-01    0.8725521E-01    0.1253611E+00    0.1537150E+00    0.3871006E-03   -0.7960938E-03
    0.5396899E-04    0.4266265E-03   -0.1012498E-04    0.7452401E-02   -0.1920490E-03    0.2436839E-01    0.1723648E-01   -0.7073230E+02   -0.4965324E+02   -0.7145836E+01    0.7546070E+02    0.1091467E+03    0.1609980E+03    0.1109582E+03   -0.7347431E+01   -0.9650743E+01   -0.6126776E+01    0.7973324E+01    0.9946900E+01    0.7331929E-02    0.7485613E-03    0.9355879E-02    0.8585480E-03    0.1076595E-02   -0.1170976E-02    0.3583449E-01   -0.3131542E-02   -0.5640413E-01    0.5626875E-01    0.6897338E-01    0.3751940E-01   -0.1093417E-04    0.1481377E-02
    0.2850931E-04    0.3459038E-03    0.3518549E-04    0.9104985E-02    0.6605878E-03    0.2655504E-01    0.1697613E-01   -0.8082766E+02   -0.2682378E+02   -0.1801790E+01    0.1768420E+02    0.5850076E+02    0.1109582E+03    0.1430546E+03   -0.8416355E+01   -0.1014057E+02   -0.1062473E+02   -0.1407795E+02   -0.1464304E+02    0.8034713E-02    0.1154249E-02    0.1156067E-03    0.4277781E-02    0.2202978E-02   -0.3246554E-02   -0.2482684E-01   -0.4750040E-01   -0.9911073E-01   -0.9610990E-02    0.2528511E-01    0.9559099E-01   -0.5357204E-03    0.5163064E-02
   -0.2214344E-04   -0.1304654E-04    0.3149569E-04   -0.1802050E-02    0.8857938E-04   -0.4140092E-02   -0.2395758E-02   -0.2602317E+01   -0.1844041E+01   -0.6875315E+00   -0.9315477E+01   -0.9320585E+01   -0.7347431E+01   -0.8416355E+01    0.7934848E+01   -0.3172343E+01   -0.4473601E+01   -0.5812730E+01   -0.7149952E+01   -0.3035320E-02   -0.1185124E-02   -0.1723659E-02   -0.1725635E-02   -0.1426566E-02   -0.3531382E-02    0.2343823E-01    0.3452925E-02   -0.2244224E-02   -0.3203244E-01   -0.3594839E-01   -0.3644342E-01    0.3822441E-04    0.3474993E-03
    0.5146657E-04   -0.5107214E-03   -0.3742506E-04   -0.2378742E-02   -0.2249966E-03   -0.1532897E-01   -0.4318076E-02    0.2429613E+01   -0.2079846E+00   -0.3079651E+01   -0.3118638E+02    0.1847413E-01   -0.9650743E+01   -0.1014057E+02   -0.3172343E+01    0.1591156E+03    0.6546308E+02    0.6210459E+02    0.6014596E+02    0.1907933E-02    0.3130475E-02    0.2114614E-02    0.3845519E-02    0.3626563E-02    0.2201200E-01   -0.5497367E-01   -0.8214200E-01    0.3645514E-01    0.2343140E-01    0.7858688E-01    0.1728976E+00   -0.1295212E-01   -0.3579926E-03
   -0.2123416E-03   -0.1190305E-03   -0.1510460E-04   -0.1503713E-02   -0.2647344E-03   -0.2340724E-01   -0.1030545E-01   -0.4584912E+01   -0.4437365E+01   -0.9759378E+00    0.9684893E+01   -0.6261562E+01   -0.6126776E+01   -0.1062473E+02   -0.4473601E+01    0.6546308E+02    0.1300484E+03    0.1356950E+03    0.1389694E+03    0.1931474E-02    0.1955685E-02    0.6883810E-03   -0.1635505E-02   -0.1753904E-03    0.1575120E-01   -0.3506613E-01   -0.1078967E+00   -0.2678220E-01   -0.1429515E+00   -0.1288942E+00   -0.4489128E-01    0.4073016E-02   -0.9861325E-03
   -0.1996073E-03    0.1872555E-03    0.2565207E-05   -0.6187647E-02   -0.6802062E-03   -0.3197223E-01   -0.1365640E-01   -0.9644201E+01   -0.1214224E+02    0.2698798E+01    0.4194382E+01    0.1356982E+01    0.7973324E+01   -0.1407795E+02   -0.5812730E+01    0.6210459E+02    0.1356950E+03    0.1773963E+03    0.2037714E+03    0.5006798E-03   -0.1939303E-02   -0.1502253E-02   -0.5092580E-02   -0.1499926E-02    0.8272979E-02   -0.1890047E-01   -0.1163326E+00   -0.6536141E-01   -0.1167944E+00   -0.1245166E+00   -0.8584242E-01    0.4259779E-02   -0.5916409E-02
   -0.1957302E-03    0.5111319E-03    0.5247285E-04   -0.9452071E-02   -0.9996715E-03   -0.3749655E-01   -0.1526909E-01   -0.1368611E+02   -0.1374908E+02    0.2959402E+01    0.1126060E+02    0.5209217E+01    0.9946900E+01   -0.1464304E+02   -0.7149952E+01    0.6014596E+02    0.1389694E+03    0.2037714E+03    0.2534203E+03   -0.2877471E-03   -0.3503822E-02   -0.2383600E-02   -0.4562145E-02   -0.1124035E-02    0.3537275E-03   -0.1983876E-01   -0.1341955E+00   -0.8153338E-01   -0.1055280E+00   -0.1063459E+00   -0.3236384E-01    0.4599244E-02   -0.1036932E-01
    0.1007994E-06   -0.1507147E-05    0.6650560E-07    0.9310627E-05   -0.1563079E-05    0.1246169E-04    0.9013741E-05   -0.3080523E-02   -0.1056552E-02    0.5663123E-03   -0.2239128E-02    0.2371330E-02    0.7331929E-02    0.8034713E-02   -0.3035320E-02    0.1907933E-02    0.1931474E-02    0.5006798E-03   -0.2877471E-03    0.7163144E-04    0.2746960E-04    0.3561694E-04    0.1616402E-04    0.2073877E-04    0.2959303E-04   -0.1194403E-03   -0.8012633E-04   -0.9394912E-04   -0.8184743E-04   -0.1104828E-03   -0.1813161E-03    0.3453008E-06    0.4732379E-06
    0.2869509E-06   -0.3140948E-05    0.3138613E-06    0.8873467E-05   -0.3009843E-05    0.8335542E-05    0.1174593E-04   -0.1261656E-02   -0.6673682E-03   -0.1176644E-02   -0.5789684E-02   -0.1033412E-04    0.7485613E-03    0.1154249E-02   -0.1185124E-02    0.3130475E-02    0.1955685E-02   -0.1939303E-02   -0.3503822E-02    0.2746960E-04    0.4708015E-04    0.4463332E-04    0.3769545E-04    0.3857177E-04    0.4155220E-04   -0.1205608E-03   -0.1141323E-03   -0.9535605E-04   -0.1370802E-03   -0.1700700E-03   -0.1695836E-03    0.6788505E-06    0.3054819E-06
    0.4146864E-06   -0.4121430E-05    0.3619901E-06    0.1089458E-04   -0.4574027E-05    0.1080710E-04    0.1675914E-04   -0.1914053E-02   -0.3917456E-02   -0.2497113E-02    0.1355114E-02    0.9434073E-02    0.9355879E-02    0.1156067E-03   -0.1723659E-02    0.2114614E-02    0.6883810E-03   -0.1502253E-02   -0.2383600E-02    0.3561694E-04    0.4463332E-04    0.1267039E-03    0.3639324E-04    0.6742023E-04    0.1134165E-03   -0.1173554E-03   -0.1018219E-03   -0.3280068E-04   -0.1651461E-03   -0.2804008E-03   -0.3997986E-03    0.2349805E-06   -0.1408082E-06
    0.4719195E-06   -0.4374355E-05    0.3393925E-06    0.3950800E-05   -0.4924257E-05   -0.3376951E-05    0.1520166E-04   -0.3197566E-02   -0.7264802E-03   -0.2432664E-02   -0.1478045E-01    0.2229403E-02    0.8585480E-03    0.4277781E-02   -0.1725635E-02    0.3845519E-02   -0.1635505E-02   -0.5092580E-02   -0.4562145E-02    0.1616402E-04    0.3769545E-04    0.3639324E-04    0.1000028E-03    0.6858819E-04    0.5608164E-04   -0.1910944E-04   -0.5244318E-04   -0.1394068E-04   -0.2229624E-03   -0.2265210E-03   -0.1981558E-03    0.1090857E-05    0.1071234E-06
    0.4853774E-06   -0.4868805E-05    0.4748981E-06    0.8451673E-05   -0.5350457E-05    0.3812327E-05    0.1645253E-04   -0.2733628E-02   -0.1406576E-02   -0.1491638E-02   -0.6102418E-02    0.1994638E-02    0.1076595E-02    0.2202978E-02   -0.1426566E-02    0.3626563E-02   -0.1753904E-03   -0.1499926E-02   -0.1124035E-02    0.2073877E-04    0.3857177E-04    0.6742023E-04    0.6858819E-04    0.1290129E-03    0.1585051E-03   -0.7987357E-04   -0.1061929E-03   -0.1037439E-03   -0.2501806E-03   -0.3810526E-03   -0.4753586E-03    0.5577377E-06    0.1867842E-07
    0.6448668E-06   -0.7557247E-05    0.8069720E-06    0.2791478E-04   -0.6856666E-05    0.3353859E-04    0.2645416E-04    0.2126306E-02   -0.1582274E-02   -0.4152709E-02    0.3196222E-01    0.9823572E-02   -0.1170976E-02   -0.3246554E-02   -0.3531382E-02    0.2201200E-01    0.1575120E-01    0.8272979E-02    0.3537275E-03    0.2959303E-04    0.4155220E-04    0.1134165E-03    0.5608164E-04    0.1585051E-03    0.6360816E-03   -0.1795025E-03   -0.2217789E-03   -0.1984661E-03   -0.2017961E-03   -0.4463541E-03   -0.6938548E-03   -0.7065470E-06    0.8510227E-06
   -0.2399279E-05    0.9518947E-05   -0.1339002E-05   -0.2520681E-04    0.3208217E-05   -0.2273857E-04   -0.5938072E-04    0.4607430E-04   -0.1573491E-01   -0.5753884E-02    0.1123031E+00    0.8317643E-01    0.3583449E-01   -0.2482684E-01    0.2343823E-01   -0.5497367E-01   -0.3506613E-01   -0.1890047E-01   -0.1983876E-01   -0.1194403E-03   -0.1205608E-03   -0.1173554E-03   -0.1910944E-04   -0.7987357E-04   -0.1795025E-03    0.1194136E-01    0.7369430E-02    0.9352450E-02    0.1194885E-02    0.2310184E-02    0.4139703E-02    0.4715473E-05    0.1126839E-05
   -0.2737424E-05    0.1670146E-04   -0.4119791E-05   -0.1177089E-03    0.1420967E-04   -0.1826423E-03   -0.4355783E-04    0.4794055E-01    0.7854585E-02    0.2162089E-03    0.4260638E-01    0.4268233E-01   -0.3131542E-02   -0.4750040E-01    0.3452925E-02   -0.8214200E-01   -0.1078967E+00   -0.1163326E+00   -0.1341955E+00   -0.8012633E-04   -0.1141323E-03   -0.1018219E-03   -0.5244318E-04   -0.1061929E-03   -0.2217789E-03    0.7369430E-02    0.1075926E-01    0.1276275E-01    0.7607010E-02    0.8087404E-02    0.8799337E-02    0.2286480E-05    0.1097100E-05
   -0.3407220E-05    0.3509712E-04   -0.5067823E-05   -0.1855409E-03    0.3229521E-04   -0.2741024E-03   -0.1128405E-03    0.8960751E-01    0.3206970E-01   -0.1869176E-01    0.1953206E+00    0.9843055E-01   -0.5640413E-01   -0.9911073E-01   -0.2244224E-02    0.3645514E-01   -0.2678220E-01   -0.6536141E-01   -0.8153338E-01   -0.9394912E-04   -0.9535605E-04   -0.3280068E-04   -0.1394068E-04   -0.1037439E-03   -0.1984661E-03    0.9352450E-02    0.1276275E-01    0.2726237E-01    0.3157342E-02    0.1188624E-01    0.2691899E-01   -0.5682814E-05    0.1830489E-05
   -0.3755242E-05    0.3170867E-04   -0.6721706E-05   -0.1209893E-03    0.2770448E-04   -0.1471362E-03   -0.4241856E-04    0.6828303E-01    0.1191157E-01    0.8310158E-02    0.9005933E-01    0.8725521E-01    0.5626875E-01   -0.9610990E-02   -0.3203244E-01    0.2343140E-01   -0.1429515E+00   -0.1167944E+00   -0.1055280E+00   -0.8184743E-04   -0.1370802E-03   -0.1651461E-03   -0.2229624E-03   -0.2501806E-03   -0.2017961E-03    0.1194885E-02    0.7607010E-02    0.3157342E-02    0.2289272E-01    0.2027139E-01    0.1215631E-01   -0.1432926E-04   -0.7825295E-05
   -0.5846441E-05    0.6256418E-04   -0.1007634E-04   -0.1880806E-03    0.5571796E-04   -0.2008570E-03   -0.1227396E-03    0.5537995E-01    0.2307969E-01    0.4793071E-02    0.1795005E+00    0.1253611E+00    0.6897338E-01    0.2528511E-01   -0.3594839E-01    0.7858688E-01   -0.1288942E+00   -0.1245166E+00   -0.1063459E+00   -0.1104828E-03   -0.1700700E-03   -0.2804008E-03   -0.2265210E-03   -0.3810526E-03   -0.4463541E-03    0.2310184E-02    0.8087404E-02    0.1188624E-01    0.2027139E-01    0.2991261E-01    0.3967307E-01   -0.2283027E-04   -0.2186802E-05
   -0.9318279E-05    0.9031426E-04   -0.1734362E-04   -0.2508333E-03    0.7508966E-04   -0.2853592E-03   -0.2053347E-03    0.1159645E-01    0.5378693E-01    0.5866115E-03    0.8323341E-01    0.1537150E+00    0.3751940E-01    0.9559099E-01   -0.3644342E-01    0.1728976E+00   -0.4489128E-01   -0.8584242E-01   -0.3236384E-01   -0.1813161E-03   -0.1695836E-03   -0.3997986E-03   -0.1981558E-03   -0.4753586E-03   -0.6938548E-03    0.4139703E-02    0.8799337E-02    0.2691899E-01    0.1215631E-01    0.3967307E-01    0.1006652E+00   -0.3074639E-04    0.8280856E-05
   -0.1424692E-07   -0.1224485E-06    0.2337491E-07    0.5730092E-06   -0.2104862E-06   -0.1768685E-06    0.2691390E-06   -0.1830885E-03   -0.2331088E-03   -0.2329635E-03   -0.1978736E-02    0.3871006E-03   -0.1093417E-04   -0.5357204E-03    0.3822441E-04   -0.1295212E-01    0.4073016E-02    0.4259779E-02    0.4599244E-02    0.3453008E-06    0.6788505E-06    0.2349805E-06    0.1090857E-05    0.5577377E-06   -0.7065470E-06    0.4715473E-05    0.2286480E-05   -0.5682814E-05   -0.1432926E-04   -0.2283027E-04   -0.3074639E-04    0.2463743E-05   -0.5116269E-07
   -0.9144266E-09   -0.5456121E-07   -0.1069688E-07    0.1078674E-05    0.8687954E-07    0.2095670E-05    0.7395638E-06   -0.2728608E-02   -0.4403462E-04    0.1202833E-03   -0.3297929E-02   -0.7960938E-03    0.1481377E-02    0.5163064E-02    0.3474993E-03   -0.3579926E-03   -0.9861325E-03   -0.5916409E-02   -0.1036932E-01    0.4732379E-06    0.3054819E-06   -0.1408082E-06    0.1071234E-06    0.1867842E-07    0.8510227E-06    0.1126839E-05    0.1097100E-05    0.1830489E-05   -0.7825295E-05   -0.2186802E-05    0.8280856E-05   -0.5116269E-07    0.1287458E-05
