# omegabh2 omegach2 theta tau nnu ns logA aps100 aps143 aps217 acib143 acib217 asz143 psr cibr cal0 cal2 xi aksz bm_1_1 a_ps_act_148 a_ps_act_217 a_ps_spt_95 a_ps_spt_150 a_ps_spt_220 r_ps_spt_95x150 r_ps_spt_95x220 r_ps_150x220 cal_acts_148 cal_acts_217 cal_acte_148 cal_acte_217 cal_spt_95 cal_spt_150 cal_spt_220
1.609000E-07 7.851500E-07 -1.783700E-08 3.047100E-06 1.033500E-04 5.487100E-06 8.270100E-06 1.258200E-03 1.857780E-04 2.183580E-04 -1.152100E-05 -1.138200E-05 4.104900E-09 4.765300E-07 -4.265300E-08 8.443800E-09 3.028800E-09 -1.647800E-06 9.563100E-06 8.775900E-06 -9.376800E-06 -8.108700E-05 -7.768800E-06 -1.122100E-05 -8.728800E-06 -1.439000E-06 -1.358100E-06 2.347400E-08 -2.011100E-07 -5.195400E-07 -2.285400E-07 -2.217600E-07 6.056000E-08 -3.206400E-07 -1.281600E-07
7.851500E-07 2.096900E-05 -1.879300E-06 9.842300E-06 1.260900E-03 4.009300E-05 7.138700E-05 6.698340E-02 1.212480E-02 9.522000E-03 -3.327700E-04 -1.990100E-04 -5.997000E-05 4.203900E-05 7.573800E-06 -1.641400E-08 -2.093300E-08 -2.095000E-06 3.466700E-04 5.550300E-04 -3.579400E-04 -2.554200E-03 -2.246500E-04 -3.334000E-04 -1.906300E-03 -2.714000E-05 -2.579600E-05 5.094200E-06 -1.440900E-05 -1.094500E-05 -1.483500E-05 -9.920900E-06 -1.330100E-05 -1.395200E-05 -8.709000E-06
-1.783700E-08 -1.879300E-06 4.468400E-07 -3.468300E-10 -1.038100E-04 -2.479500E-06 -4.371400E-06 -6.888330E-03 -1.253160E-03 -1.061820E-03 3.144400E-05 5.307600E-05 4.031900E-06 -3.005700E-06 -1.152800E-06 1.249400E-08 1.504500E-08 1.908900E-06 -2.536400E-05 -5.921600E-05 3.426300E-05 2.317800E-04 2.380100E-05 4.324900E-05 1.755200E-04 3.209600E-06 3.602100E-06 -4.481400E-07 1.287500E-06 9.758500E-07 1.388200E-06 9.971800E-07 1.545200E-06 1.442100E-06 5.400500E-07
3.047100E-06 9.842300E-06 -3.468300E-10 2.331700E-04 2.015500E-03 1.256300E-04 4.911200E-04 -2.123640E-02 4.911570E-06 2.257920E-03 -2.028000E-04 -1.065400E-03 -9.190500E-05 -9.052900E-06 -1.293000E-05 2.889200E-07 -3.178200E-07 -1.993600E-05 4.076400E-05 -3.527700E-04 2.318400E-04 3.904100E-04 1.958700E-04 -1.978700E-04 2.093600E-03 -4.345900E-05 -4.533000E-05 -1.180600E-05 -1.639100E-06 -9.545000E-06 -2.900200E-07 -9.139600E-07 1.975700E-06 -1.831800E-06 -5.873500E-06
1.033500E-04 1.260900E-03 -1.038100E-04 2.015500E-03 1.133800E-01 4.976500E-03 7.230400E-03 3.887910E+00 8.359020E-01 6.499350E-01 -2.585800E-02 -1.133100E-02 -6.586300E-03 3.015300E-03 3.554800E-04 3.713900E-06 2.720400E-06 1.764600E-04 3.590100E-02 3.047300E-02 -2.693900E-02 -1.955400E-01 -1.345400E-02 -2.737100E-02 -1.275100E-01 -2.163100E-03 -2.070600E-03 4.136100E-04 -9.990300E-04 -8.575400E-04 -1.013300E-03 -6.504900E-04 -9.714000E-04 -1.047700E-03 -6.719700E-04
5.487100E-06 4.009300E-05 -2.479500E-06 1.256300E-04 4.976500E-03 2.665600E-04 3.523400E-04 7.437600E-02 2.117880E-02 1.916010E-02 -9.497200E-04 -2.780800E-04 -1.707900E-04 9.489500E-05 4.916100E-06 2.017500E-07 3.242400E-07 -3.568200E-05 1.112000E-03 6.169800E-04 -9.378400E-04 -6.489900E-03 -5.385400E-04 -9.361300E-04 -4.097800E-03 -8.401100E-05 -7.309800E-05 1.504800E-05 -3.184600E-05 -3.091600E-05 -3.171200E-05 -2.096900E-05 -3.065200E-05 -3.467100E-05 -2.792900E-05
8.270100E-06 7.138700E-05 -4.371400E-06 4.911200E-04 7.230400E-03 3.523400E-04 1.165700E-03 1.335690E-01 2.879730E-02 2.843010E-02 -1.151400E-03 -2.628800E-03 -2.959200E-04 8.310500E-05 -9.163200E-06 5.972000E-07 -6.453700E-07 -5.439300E-05 7.461800E-04 8.996400E-04 -3.778800E-04 -5.903900E-03 -3.690500E-05 -1.214500E-03 -3.195100E-04 -1.525600E-04 -1.565900E-04 -1.388200E-05 -4.018000E-05 -4.915000E-05 -3.760900E-05 -2.797100E-05 -2.752700E-05 -3.863900E-05 -3.351200E-05
1.258200E-03 6.698340E-02 -6.888330E-03 -2.123640E-02 3.887910E+00 7.437600E-02 1.335690E-01 2.219643E+03 9.992160E+01 2.763072E+01 -3.863250E+00 2.040660E+00 -2.694870E+00 1.319490E-01 3.931470E-03 -1.666890E-04 1.544670E-03 1.238310E-01 6.390180E+00 1.518210E+01 -1.685610E+00 -9.696600E+00 2.085300E+00 -8.373240E-01 -3.301920E+00 -3.383460E-01 -5.439150E-01 -3.428820E-02 -1.030320E-01 -3.276720E-02 -9.914400E-02 -6.301170E-03 -7.441380E-02 -7.106670E-02 2.040570E-02
1.857780E-04 1.212480E-02 -1.253160E-03 4.911570E-06 8.359020E-01 2.117880E-02 2.879730E-02 9.992160E+01 4.322079E+01 1.132056E+01 -3.338010E-01 8.045640E-01 -6.978960E-01 7.381530E-03 -9.578700E-03 1.541610E-05 -3.553560E-04 8.444520E-02 9.752400E-01 2.750130E-01 -2.120940E-02 -2.734740E+00 1.558350E+00 -2.513970E-01 -2.220660E+00 -3.951630E-02 -1.429470E-01 -1.981620E-02 -2.447010E-02 -6.304950E-03 -2.348100E-02 -5.553450E-03 -3.236490E-02 -2.362230E-02 -6.772860E-03
2.183580E-04 9.522000E-03 -1.061820E-03 2.257920E-03 6.499350E-01 1.916010E-02 2.843010E-02 2.763072E+01 1.132056E+01 5.027508E+01 -8.063100E-01 -1.389960E+01 4.450770E-01 -1.340370E-01 -3.341340E-03 3.283380E-05 -2.249910E-03 -1.246140E-01 -7.164540E-01 2.861730E-01 -3.254670E-01 -1.544490E-01 -1.128420E+00 -1.756980E-01 -5.577750E-01 -3.160710E-02 -2.268720E-02 1.966050E-02 -1.224360E-02 -4.541670E-02 -1.194210E-02 -4.363650E-02 3.211560E-04 -1.098360E-02 -4.211190E-02
-1.152100E-05 -3.327700E-04 3.144400E-05 -2.028000E-04 -2.585800E-02 -9.497200E-04 -1.151400E-03 -3.863250E+00 -3.338010E-01 -8.063100E-01 6.444800E-01 1.191200E+00 1.131800E-01 -8.770800E-04 -2.158700E-03 -5.961300E-06 -1.094800E-05 4.691800E-03 -4.866700E-01 -1.507100E-02 -8.997800E-02 -1.531100E-01 -1.130000E-01 -1.851900E-01 -2.117100E-01 4.351000E-02 3.850400E-02 -5.795200E-03 1.076500E-03 2.603300E-04 8.170500E-04 4.546700E-04 -1.761200E-04 6.119700E-04 9.553300E-04
-1.138200E-05 -1.990100E-04 5.307600E-05 -1.065400E-03 -1.133100E-02 -2.780800E-04 -2.628800E-03 2.040660E+00 8.045640E-01 -1.389960E+01 1.191200E+00 8.364700E+00 1.571000E-01 8.269900E-02 2.093900E-02 -2.514300E-05 1.029800E-03 -2.733600E-02 -1.096300E+00 1.469800E-02 -1.405500E-01 -1.895600E+00 6.087500E-02 -3.760100E-01 -1.404500E+00 7.063600E-02 6.007400E-02 -2.508900E-02 -4.220600E-04 1.075500E-02 -1.282600E-03 1.022000E-02 -3.457300E-03 -6.127800E-04 1.170600E-02
4.104900E-09 -5.997000E-05 4.031900E-06 -9.190500E-05 -6.586300E-03 -1.707900E-04 -2.959200E-04 -2.694870E+00 -6.978960E-01 4.450770E-01 1.131800E-01 1.571000E-01 9.203600E-02 1.549300E-03 4.745800E-03 -4.727700E-06 -5.312200E-05 -1.397500E-02 -2.358400E-01 5.798700E-03 -2.882100E-02 -1.394000E-01 -1.749300E-01 -3.994400E-02 -1.674500E-01 9.540800E-03 1.704300E-02 -8.558400E-04 6.026200E-04 -1.198400E-03 5.110500E-04 -1.235400E-03 1.470700E-03 4.086800E-04 -7.623100E-04
4.765300E-07 4.203900E-05 -3.005700E-06 -9.052900E-06 3.015300E-03 9.489500E-05 8.310500E-05 1.319490E-01 7.381530E-03 -1.340370E-01 -8.770800E-04 8.269900E-02 1.549300E-03 3.150200E-03 -1.246400E-04 2.927900E-07 1.472100E-05 8.013600E-04 -1.194700E-03 1.734900E-03 1.757500E-03 -5.484800E-02 -7.503200E-03 1.552300E-03 -3.319100E-02 3.159900E-04 1.171100E-03 2.745500E-04 -5.711900E-05 3.355600E-06 -8.287400E-05 1.199100E-05 -1.940400E-05 -4.510400E-05 8.820700E-05
-4.265300E-08 7.573800E-06 -1.152800E-06 -1.293000E-05 3.554800E-04 4.916100E-06 -9.163200E-06 3.931470E-03 -9.578700E-03 -3.341340E-03 -2.158700E-03 2.093900E-02 4.745800E-03 -1.246400E-04 2.043500E-03 -6.266200E-07 2.956100E-08 -2.316200E-04 -8.625700E-03 1.360600E-03 3.706800E-03 -8.922800E-04 -1.116600E-02 2.015700E-03 -1.598900E-02 9.019500E-05 1.242200E-03 -4.887200E-04 1.637200E-05 1.599000E-05 6.209600E-06 -1.276400E-05 8.969900E-05 7.416800E-07 4.466000E-06
8.443800E-09 -1.641400E-08 1.249400E-08 2.889200E-07 3.713900E-06 2.017500E-07 5.972000E-07 -1.666890E-04 1.541610E-05 3.283380E-05 -5.961300E-06 -2.514300E-05 -4.727700E-06 2.927900E-07 -6.266200E-07 1.657600E-07 1.650300E-09 1.479500E-06 1.750900E-05 -2.406400E-05 -1.939800E-07 -1.989100E-05 2.217700E-05 5.438800E-06 5.269000E-06 -1.131100E-06 -1.852800E-06 1.879000E-07 -6.455400E-08 7.855800E-09 -7.328800E-08 1.010500E-08 -2.662800E-07 4.049700E-08 4.267200E-07
3.028800E-09 -2.093300E-08 1.504500E-08 -3.178200E-07 2.720400E-06 3.242400E-07 -6.453700E-07 1.544670E-03 -3.553560E-04 -2.249910E-03 -1.094800E-05 1.029800E-03 -5.312200E-05 1.472100E-05 2.956100E-08 1.650300E-09 5.375400E-07 9.594700E-06 8.670900E-05 1.111600E-05 3.562500E-05 -2.181400E-04 1.340800E-04 2.026000E-05 -9.167000E-06 -2.266500E-06 -6.476400E-06 -1.546400E-06 -5.397900E-07 2.403200E-06 -5.717300E-07 2.381400E-06 -5.570800E-07 -8.656900E-08 2.500700E-06
-1.647800E-06 -2.095000E-06 1.908900E-06 -1.993600E-05 1.764600E-04 -3.568200E-05 -5.439300E-05 1.238310E-01 8.444520E-02 -1.246140E-01 4.691800E-03 -2.733600E-02 -1.397500E-02 8.013600E-04 -2.316200E-04 1.479500E-06 9.594700E-06 1.233100E-02 5.610500E-02 -1.887000E-03 1.747400E-02 -6.688800E-04 8.719000E-03 1.574600E-02 1.132400E-02 1.570900E-03 3.075400E-03 6.341400E-04 5.470300E-06 1.907900E-04 -2.057800E-05 1.938900E-04 -1.741200E-04 1.429500E-05 2.339100E-04
9.563100E-06 3.466700E-04 -2.536400E-05 4.076400E-05 3.590100E-02 1.112000E-03 7.461800E-04 6.390180E+00 9.752400E-01 -7.164540E-01 -4.866700E-01 -1.096300E+00 -2.358400E-01 -1.194700E-03 -8.625700E-03 1.750900E-05 8.670900E-05 5.610500E-02 9.358900E-01 -1.416000E-03 5.440300E-02 4.906900E-01 2.184600E-01 1.383700E-01 4.667100E-01 -3.191600E-02 -3.267600E-02 9.672400E-03 -3.320100E-04 3.234300E-03 -1.872500E-04 3.303700E-03 -2.367800E-03 -3.248000E-04 1.710000E-03
8.775900E-06 5.550300E-04 -5.921600E-05 -3.527700E-04 3.047300E-02 6.169800E-04 8.996400E-04 1.518210E+01 2.750130E-01 2.861730E-01 -1.507100E-02 1.469800E-02 5.798700E-03 1.734900E-03 1.360600E-03 -2.406400E-05 1.111600E-05 -1.887000E-03 -1.416000E-03 1.541200E-01 -1.176100E-02 -1.020000E-01 -4.734100E-02 -8.538700E-03 -6.564100E-02 -6.966500E-04 1.132600E-03 4.839700E-05 -4.376100E-04 -5.140100E-04 -4.784000E-04 -3.325800E-04 1.497400E-05 -3.874400E-04 -1.191300E-05
-9.376800E-06 -3.579400E-04 3.426300E-05 2.318400E-04 -2.693900E-02 -9.378400E-04 -3.778800E-04 -1.685610E+00 -2.120940E-02 -3.254670E-01 -8.997800E-02 -1.405500E-01 -2.882100E-02 1.757500E-03 3.706800E-03 -1.939800E-07 3.562500E-05 1.747400E-02 5.440300E-02 -1.176100E-02 3.189700E-01 -1.127400E-01 8.194500E-02 1.298200E-01 3.443500E-01 -1.818100E-03 -3.274600E-03 -4.359200E-03 1.944600E-03 -2.845100E-04 1.940900E-03 -4.126800E-04 5.712000E-04 3.902300E-05 1.344400E-03
-8.108700E-05 -2.554200E-03 2.317800E-04 3.904100E-04 -1.955400E-01 -6.489900E-03 -5.903900E-03 -9.696600E+00 -2.734740E+00 -1.544490E-01 -1.531100E-01 -1.895600E+00 -1.394000E-01 -5.484800E-02 -8.922800E-04 -1.989100E-05 -2.181400E-04 -6.688800E-04 4.906900E-01 -1.020000E-01 -1.127400E-01 1.550100E+01 3.772800E-01 7.445700E-02 1.076800E+00 -2.927800E-02 -3.825700E-02 -2.682400E-03 3.822100E-03 5.365200E-02 3.019200E-03 4.387100E-02 2.318700E-03 4.037100E-03 3.467700E-04
-7.768800E-06 -2.246500E-04 2.380100E-05 1.958700E-04 -1.345400E-02 -5.385400E-04 -3.690500E-05 2.085300E+00 1.558350E+00 -1.128420E+00 -1.130000E-01 6.087500E-02 -1.749300E-01 -7.503200E-03 -1.116600E-02 2.217700E-05 1.340800E-04 8.719000E-03 2.184600E-01 -4.734100E-02 8.194500E-02 3.772800E-01 1.962400E+00 8.273100E-02 4.680900E-01 -7.697700E-02 -9.568300E-02 -3.440100E-03 -1.995800E-03 2.241400E-03 -1.589800E-03 2.269700E-03 -1.324600E-03 -6.751600E-04 2.407800E-03
-1.122100E-05 -3.334000E-04 4.324900E-05 -1.978700E-04 -2.737100E-02 -9.361300E-04 -1.214500E-03 -8.373240E-01 -2.513970E-01 -1.756980E-01 -1.851900E-01 -3.760100E-01 -3.994400E-02 1.552300E-03 2.015700E-03 5.438800E-06 2.026000E-05 1.574600E-02 1.383700E-01 -8.538700E-03 1.298200E-01 7.445700E-02 8.273100E-02 2.429000E-01 1.510800E-01 -9.146100E-03 -3.721300E-03 1.052100E-03 -7.154000E-05 -3.707000E-05 1.184300E-04 -1.364900E-04 8.421000E-04 5.760000E-05 5.080900E-05
-8.728800E-06 -1.906300E-03 1.755200E-04 2.093600E-03 -1.275100E-01 -4.097800E-03 -3.195100E-04 -3.301920E+00 -2.220660E+00 -5.577750E-01 -2.117100E-01 -1.404500E+00 -1.674500E-01 -3.319100E-02 -1.598900E-02 5.269000E-06 -9.167000E-06 1.132400E-02 4.667100E-01 -6.564100E-02 3.443500E-01 1.076800E+00 4.680900E-01 1.510800E-01 1.225100E+01 -2.359600E-02 -8.500000E-02 -1.363200E-02 3.784800E-03 8.164000E-04 3.207300E-03 2.190400E-03 3.192000E-03 3.726500E-03 3.032800E-02
-1.439000E-06 -2.714000E-05 3.209600E-06 -4.345900E-05 -2.163100E-03 -8.401100E-05 -1.525600E-04 -3.383460E-01 -3.951630E-02 -3.160710E-02 4.351000E-02 7.063600E-02 9.540800E-03 3.159900E-04 9.019500E-05 -1.131100E-06 -2.266500E-06 1.570900E-03 -3.191600E-02 -6.966500E-04 -1.818100E-03 -2.927800E-02 -7.697700E-02 -9.146100E-03 -2.359600E-02 7.661600E-03 6.601600E-03 -3.295200E-04 7.813300E-05 -5.132700E-05 7.155200E-05 -4.605900E-05 -1.737700E-05 4.785700E-05 1.093100E-05
-1.358100E-06 -2.579600E-05 3.602100E-06 -4.533000E-05 -2.070600E-03 -7.309800E-05 -1.565900E-04 -5.439150E-01 -1.429470E-01 -2.268720E-02 3.850400E-02 6.007400E-02 1.704300E-02 1.171100E-03 1.242200E-03 -1.852800E-06 -6.476400E-06 3.075400E-03 -3.267600E-02 1.132600E-03 -3.274600E-03 -3.825700E-02 -9.568300E-02 -3.721300E-03 -8.500000E-02 6.601600E-03 1.227100E-02 2.581400E-04 1.261100E-04 -1.325400E-04 1.361100E-04 -1.263100E-04 1.433900E-04 1.114300E-04 -2.584500E-04
2.347400E-08 5.094200E-06 -4.481400E-07 -1.180600E-05 4.136100E-04 1.504800E-05 -1.388200E-05 -3.428820E-02 -1.981620E-02 1.966050E-02 -5.795200E-03 -2.508900E-02 -8.558400E-04 2.745500E-04 -4.887200E-04 1.879000E-07 -1.546400E-06 6.341400E-04 9.672400E-03 4.839700E-05 -4.359200E-03 -2.682400E-03 -3.440100E-03 1.052100E-03 -1.363200E-02 -3.295200E-04 2.581400E-04 5.835100E-04 -9.337200E-07 -1.807400E-05 5.902500E-06 -1.947000E-05 1.924800E-05 1.982200E-05 -8.048900E-05
-2.011100E-07 -1.440900E-05 1.287500E-06 -1.639100E-06 -9.990300E-04 -3.184600E-05 -4.018000E-05 -1.030320E-01 -2.447010E-02 -1.224360E-02 1.076500E-03 -4.220600E-04 6.026200E-04 -5.711900E-05 1.637200E-05 -6.455400E-08 -5.397900E-07 5.470300E-06 -3.320100E-04 -4.376100E-04 1.944600E-03 3.822100E-03 -1.995800E-03 -7.154000E-05 3.784800E-03 7.813300E-05 1.261100E-04 -9.337200E-07 1.593400E-04 1.380500E-05 5.867400E-05 1.703000E-05 3.450000E-05 2.546200E-05 2.049500E-05
-5.195400E-07 -1.094500E-05 9.758500E-07 -9.545000E-06 -8.575400E-04 -3.091600E-05 -4.915000E-05 -3.276720E-02 -6.304950E-03 -4.541670E-02 2.603300E-04 1.075500E-02 -1.198400E-03 3.355600E-06 1.599000E-05 7.855800E-09 2.403200E-06 1.907900E-04 3.234300E-03 -5.140100E-04 -2.845100E-04 5.365200E-02 2.241400E-03 -3.707000E-05 8.164000E-04 -5.132700E-05 -1.325400E-04 -1.807400E-05 1.380500E-05 3.634600E-04 1.672400E-05 2.058100E-04 4.646100E-06 1.503200E-05 2.455100E-05
-2.285400E-07 -1.483500E-05 1.388200E-06 -2.900200E-07 -1.013300E-03 -3.171200E-05 -3.760900E-05 -9.914400E-02 -2.348100E-02 -1.194210E-02 8.170500E-04 -1.282600E-03 5.110500E-04 -8.287400E-05 6.209600E-06 -7.328800E-08 -5.717300E-07 -2.057800E-05 -1.872500E-04 -4.784000E-04 1.940900E-03 3.019200E-03 -1.589800E-03 1.184300E-04 3.207300E-03 7.155200E-05 1.361100E-04 5.902500E-06 5.867400E-05 1.672400E-05 1.221900E-04 6.215500E-06 3.229400E-05 2.651500E-05 1.248500E-05
-2.217600E-07 -9.920900E-06 9.971800E-07 -9.139600E-07 -6.504900E-04 -2.096900E-05 -2.797100E-05 -6.301170E-03 -5.553450E-03 -4.363650E-02 4.546700E-04 1.022000E-02 -1.235400E-03 1.199100E-05 -1.276400E-05 1.010500E-08 2.381400E-06 1.938900E-04 3.303700E-03 -3.325800E-04 -4.126800E-04 4.387100E-02 2.269700E-03 -1.364900E-04 2.190400E-03 -4.605900E-05 -1.263100E-04 -1.947000E-05 1.703000E-05 2.058100E-04 6.215500E-06 2.449800E-04 -1.240600E-05 1.045700E-05 4.846100E-05
6.056000E-08 -1.330100E-05 1.545200E-06 1.975700E-06 -9.714000E-04 -3.065200E-05 -2.752700E-05 -7.441380E-02 -3.236490E-02 3.211560E-04 -1.761200E-04 -3.457300E-03 1.470700E-03 -1.940400E-05 8.969900E-05 -2.662800E-07 -5.570800E-07 -1.741200E-04 -2.367800E-03 1.497400E-05 5.712000E-04 2.318700E-03 -1.324600E-03 8.421000E-04 3.192000E-03 -1.737700E-05 1.433900E-04 1.924800E-05 3.450000E-05 4.646100E-06 3.229400E-05 -1.240600E-05 3.966100E-04 4.000800E-05 -1.326000E-06
-3.206400E-07 -1.395200E-05 1.442100E-06 -1.831800E-06 -1.047700E-03 -3.467100E-05 -3.863900E-05 -7.106670E-02 -2.362230E-02 -1.098360E-02 6.119700E-04 -6.127800E-04 4.086800E-04 -4.510400E-05 7.416800E-07 4.049700E-08 -8.656900E-08 1.429500E-05 -3.248000E-04 -3.874400E-04 3.902300E-05 4.037100E-03 -6.751600E-04 5.760000E-05 3.726500E-03 4.785700E-05 1.114300E-04 1.982200E-05 2.546200E-05 1.503200E-05 2.651500E-05 1.045700E-05 4.000800E-05 9.890800E-05 2.656200E-05
-1.281600E-07 -8.709000E-06 5.400500E-07 -5.873500E-06 -6.719700E-04 -2.792900E-05 -3.351200E-05 2.040570E-02 -6.772860E-03 -4.211190E-02 9.553300E-04 1.170600E-02 -7.623100E-04 8.820700E-05 4.466000E-06 4.267200E-07 2.500700E-06 2.339100E-04 1.710000E-03 -1.191300E-05 1.344400E-03 3.467700E-04 2.407800E-03 5.080900E-05 3.032800E-02 1.093100E-05 -2.584500E-04 -8.048900E-05 2.049500E-05 2.455100E-05 1.248500E-05 4.846100E-05 -1.326000E-06 2.656200E-05 4.975100E-04
