# omegabh2 omegach2 theta tau mnu logA ns calPlanck acib217 xi asz143 aps100 aps143 aps143217 aps217 aksz kgal100 kgal143 kgal143217 kgal217 galfTE100 galfTE100143 galfTE100217 galfTE143 galfTE143217 galfTE217 cal0 cal2
  2.3419016E-08  -1.2735763E-07   2.1160872E-08   2.7942793E-07  -3.1967608E-06   3.7937729E-07   3.1619636E-07   1.3350083E-08  -7.4475567E-05   1.7563717E-06   1.4631503E-05  -3.4744683E-04  -2.1578227E-04  -7.7302516E-05  -6.9416660E-06  -3.2439681E-05  -1.7557638E-07  -7.6455826E-06  -1.8592067E-05  -7.7080585E-06  -1.8929158E-07  -6.8361786E-08  -2.6311372E-08  -2.8571308E-07  -6.3909768E-07  -3.2563928E-06   2.8209061E-09  -1.8305682E-09
 -1.2735763E-07   1.9860425E-06  -1.8288529E-07  -3.0059672E-06   2.2435819E-05  -1.4903952E-06  -4.6534575E-06  -7.8981831E-08   1.9126058E-04  -7.3027606E-06  -4.0998538E-05   1.0729685E-03   1.0212357E-03   5.5567318E-04   3.8153012E-04   8.5571531E-05  -3.5866160E-05  -4.0295841E-05   3.7254506E-05   3.8589215E-05   7.9315321E-07   1.3789817E-07   1.2625959E-06   1.2002530E-06   3.3322132E-06   2.3406408E-05   2.3961470E-09   7.1205236E-10
  2.1160872E-08  -1.8288529E-07   1.0331876E-07   3.8856313E-07  -6.7720726E-06   3.9992417E-07   5.5727420E-07  -2.6105399E-08  -3.4431943E-05   2.7495372E-06   1.0797994E-05  -1.6088341E-04  -6.8442588E-05   1.2619790E-05  -8.1533317E-06  -2.8521350E-05   1.1157093E-05   1.0094414E-06  -1.8866344E-06  -8.8913759E-06  -1.2358234E-07  -1.1163378E-07   1.3506037E-08  -2.8272851E-07  -6.3221416E-07  -3.8401403E-06   3.5121524E-09  -1.6991666E-09
  2.7942793E-07  -3.0059672E-06   3.8856313E-07   6.2780545E-05   1.3072039E-05   1.1852602E-04   9.2713927E-06  -2.5312992E-08  -2.1946521E-03   3.5245071E-05   1.7296431E-04  -6.3253942E-03  -4.3226654E-03  -1.7458104E-03   5.6369445E-04  -8.5372449E-04  -3.4406980E-05  -1.4806113E-04  -3.3431331E-04   3.4709569E-04  -5.5809517E-06   1.3444679E-06   1.7962413E-06   7.1831663E-06  -1.0415898E-05  -7.9835741E-05   1.9419726E-08  -7.9926330E-08
 -3.1967608E-06   2.2435819E-05  -6.7720726E-06   1.3072039E-05   6.9536173E-03   6.5046095E-05  -6.6098589E-05   7.1282415E-06   1.9415221E-02  -4.4984180E-04  -4.3640692E-03   1.0684451E-01   4.5485534E-02   4.4449101E-03  -1.0313589E-02   9.9644013E-03   7.5317516E-05   3.2836617E-03   7.5561079E-03   7.5655548E-03   4.5866092E-05  -4.7497187E-06   3.0890103E-05   1.5256531E-05   1.9657846E-05   3.0796512E-04  -7.0998901E-07   1.0211896E-06
  3.7937729E-07  -1.4903952E-06   3.9992417E-07   1.1852602E-04   6.5046095E-05   2.6143911E-04   6.3917385E-06   1.2033409E-05  -4.3110827E-03   1.1015252E-04   2.2546217E-04  -9.4992167E-03  -5.6250439E-03   6.7985086E-04   8.0989085E-03  -2.3231780E-03  -5.6342917E-04  -1.0590708E-03  -1.4505183E-03   1.7528859E-03  -9.7882505E-06   3.5046176E-06  -1.7433661E-06   1.6451792E-05  -2.1569168E-05  -9.2569513E-05   1.7343871E-07  -1.7309647E-07
  3.1619636E-07  -4.6534575E-06   5.5727420E-07   9.2713927E-06  -6.6098589E-05   6.3917385E-06   1.9513897E-05   1.1459642E-07  -3.8605725E-03   1.0541188E-04   7.9418118E-04  -2.0733604E-02  -6.5042746E-03   9.3926584E-04   3.5404605E-03  -2.0629275E-03   3.1180441E-04  -2.2506817E-04  -3.8799514E-04   7.7877926E-04  -2.0588913E-06  -1.0779263E-06  -2.5894880E-06  -3.1941942E-06  -8.2576968E-06  -4.8607668E-05  -1.0226195E-07  -5.5541070E-08
  1.3350083E-08  -7.8981831E-08  -2.6105399E-08  -2.5312992E-08   7.1282415E-06   1.2033409E-05   1.1459642E-07   6.0824591E-06   7.2035027E-04   6.9615732E-06  -1.2349067E-05   2.9440714E-03   4.1211559E-04   5.9472320E-04   1.3362577E-03   1.0044305E-05  -5.6046463E-05  -3.5348962E-05  -1.2457912E-04   5.5955403E-04   1.4887411E-08   2.8935298E-07  -4.0391102E-06   1.1951241E-10  -3.8272132E-06   1.0710373E-05  -1.2764746E-08   5.4427501E-09
 -7.4475567E-05   1.9126058E-04  -3.4431943E-05  -2.1946521E-03   1.9415221E-02  -4.3110827E-03  -3.8605725E-03   7.2035027E-04   4.3941422E+01  -3.8653075E-01  -7.7334676E-01   3.2695491E+01   1.3634538E+00  -1.2872258E+01  -5.4430307E+01  -1.2784651E-01   1.0833722E-01   3.0191082E-01  -6.0787758E+00  -3.3377343E+01  -2.8332345E-04   1.1643336E-03   2.9185467E-04  -4.7199669E-05  -8.9313419E-03   1.8599880E-02  -1.9585267E-04   6.4264751E-04
  1.7563717E-06  -7.3027606E-06   2.7495372E-06   3.5245071E-05  -4.4984180E-04   1.1015252E-04   1.0541188E-04   6.9615732E-06  -3.8653075E-01   8.1815403E-02  -4.2435079E-02  -6.6445353E-01   9.5081330E-01   1.7033057E+00   6.1555117E-01   4.7195735E-02   6.0129293E-03   1.0448674E-02   1.2086149E-01   1.6315340E-01   1.3844357E-04   1.1022968E-04   1.4452296E-04   9.4672837E-05  -1.1149370E-04  -9.8473707E-04   3.9988696E-06   3.4900968E-07
  1.4631503E-05  -4.0998538E-05   1.0797994E-05   1.7296431E-04  -4.3640692E-03   2.2546217E-04   7.9418118E-04  -1.2349067E-05  -7.7334676E-01  -4.2435079E-02   3.8480553E+00  -2.9300478E+01  -3.0300004E+00   7.7597900E+00   5.3730937E+00  -2.7589870E+00  -2.5995923E-01   2.1064614E-01   2.7108604E+00   3.3114486E+00  -1.6428559E-03  -8.6907741E-04  -2.2447903E-03   3.4289899E-04   6.5754549E-04  -2.0291153E-03   1.0435271E-04  -4.4122191E-05
 -3.4744683E-04   1.0729685E-03  -1.6088341E-04  -6.3253942E-03   1.0684451E-01  -9.4992167E-03  -2.0733604E-02   2.9440714E-03   3.2695491E+01  -6.6445353E-01  -2.9300478E+01   7.5810744E+02   6.5929641E+01  -5.4542798E+01  -5.6407336E+01   1.3183977E+01  -6.0335006E+00   4.5531246E+00  -1.2424986E+01  -2.1855228E+01   2.7703561E-02   1.5732200E-02   1.3273182E-02   1.7755410E-02   6.7424819E-03   8.4978172E-02   3.7158728E-03   5.7362042E-04
 -2.1578227E-04   1.0212357E-03  -6.8442588E-05  -4.3226654E-03   4.5485534E-02  -5.6250439E-03  -6.5042746E-03   4.1211559E-04   1.3634538E+00   9.5081330E-01  -3.0300004E+00   6.5929641E+01   6.1068908E+01   4.1022550E+01   1.5530343E+01  -5.1207593E+00  -2.8371338E-01  -1.3524570E+00   3.7824254E+00   4.8408472E+00   5.1563904E-03   4.6188426E-03   7.0834042E-03   5.1612105E-03   1.2360609E-02   1.7003576E-02   1.1340004E-04   1.6854689E-04
 -7.7302516E-05   5.5567318E-04   1.2619790E-05  -1.7458104E-03   4.4449101E-03   6.7985086E-04   9.3926584E-04   5.9472320E-04  -1.2872258E+01   1.7033057E+00   7.7597900E+00  -5.4542798E+01   4.1022550E+01   8.6068058E+01   5.3113993E+01  -1.2047329E+01  -6.9141344E-01  -5.3056963E-01   5.4284704E+00   8.8151575E+00   1.6903712E-03   1.1236421E-03  -3.0342468E-03   5.7207049E-03   1.2631961E-02  -1.3651082E-02   4.4668964E-04  -3.1608746E-04
 -6.9416660E-06   3.8153012E-04  -8.1533317E-06   5.6369445E-04  -1.0313589E-02   8.0989085E-03   3.5404605E-03   1.3362577E-03  -5.4430307E+01   6.1555117E-01   5.3730937E+00  -5.6407336E+01   1.5530343E+01   5.3113993E+01   1.0363916E+02  -9.5474442E+00  -5.7380317E-01  -9.1892193E-01   5.9563294E+00   3.3914457E+01   7.0187836E-04  -2.5396857E-03  -5.6230842E-03   1.9572306E-04   1.9697857E-02  -7.8286336E-03   4.6528652E-04  -1.2165642E-03
 -3.2439681E-05   8.5571531E-05  -2.8521350E-05  -8.5372449E-04   9.9644013E-03  -2.3231780E-03  -2.0629275E-03   1.0044305E-05  -1.2784651E-01   4.7195735E-02  -2.7589870E+00   1.3183977E+01  -5.1207593E+00  -1.2047329E+01  -9.5474442E+00   5.9282540E+00   1.9878988E-01  -2.0526106E-01  -2.1455299E+00  -2.3849478E+00   7.9053703E-04   5.3370606E-04   1.3581935E-03   3.0563198E-04  -3.2503228E-03  -4.2558392E-03  -7.1684355E-05   1.1782288E-05
 -1.7557638E-07  -3.5866160E-05   1.1157093E-05  -3.4406980E-05   7.5317516E-05  -5.6342917E-04   3.1180441E-04  -5.6046463E-05   1.0833722E-01   6.0129293E-03  -2.5995923E-01  -6.0335006E+00  -2.8371338E-01  -6.9141344E-01  -5.7380317E-01   1.9878988E-01   3.3458857E+00   5.6533512E-01   1.6343916E-01   1.1095463E-01  -8.6861124E-04   5.7031333E-04   4.5096064E-03  -1.0361815E-03  -1.8165195E-03  -5.7571655E-03   1.7446142E-04  -1.6509937E-06
 -7.6455826E-06  -4.0295841E-05   1.0094414E-06  -1.4806113E-04   3.2836617E-03  -1.0590708E-03  -2.2506817E-04  -3.5348962E-05   3.0191082E-01   1.0448674E-02   2.1064614E-01   4.5531246E+00  -1.3524570E+00  -5.3056963E-01  -9.1892193E-01  -2.0526106E-01   5.6533512E-01   3.1565790E+00   2.7835271E+00   2.9617089E+00  -9.5693536E-05  -3.9669086E-04   4.4857403E-04  -5.3811145E-04  -1.2873474E-03   1.0967322E-03  -1.8759109E-04  -4.3550454E-05
 -1.8592067E-05   3.7254506E-05  -1.8866344E-06  -3.3431331E-04   7.5561079E-03  -1.4505183E-03  -3.8799514E-04  -1.2457912E-04  -6.0787758E+00   1.2086149E-01   2.7108604E+00  -1.2424986E+01   3.7824254E+00   5.4284704E+00   5.9563294E+00  -2.1455299E+00   1.6343916E-01   2.7835271E+00   1.1056895E+01   1.9732223E+01  -3.0800679E-05  -6.2795685E-04  -1.1848688E-03   4.1158980E-04   7.7710194E-04   1.5532256E-03  -3.2378143E-05   4.1277098E-04
 -7.7080585E-06   3.8589215E-05  -8.8913759E-06   3.4709569E-04   7.5655548E-03   1.7528859E-03   7.7877926E-04   5.5955403E-04  -3.3377343E+01   1.6315340E-01   3.3114486E+00  -2.1855228E+01   4.8408472E+00   8.8151575E+00   3.3914457E+01  -2.3849478E+00   1.1095463E-01   2.9617089E+00   1.9732223E+01   5.4173877E+01   5.4475248E-04  -1.6891929E-03  -2.6318471E-03   2.0654233E-03   7.0775351E-03  -1.5593598E-03   5.7363622E-05   9.5427443E-04
 -1.8929158E-07   7.9315321E-07  -1.2358234E-07  -5.5809517E-06   4.5866092E-05  -9.7882505E-06  -2.0588913E-06   1.4887411E-08  -2.8332345E-04   1.3844357E-04  -1.6428559E-03   2.7703561E-02   5.1563904E-03   1.6903712E-03   7.0187836E-04   7.9053703E-04  -8.6861124E-04  -9.5693536E-05  -3.0800679E-05   5.4475248E-04   1.4160779E-03   2.7513705E-04   1.4576094E-04  -3.4036456E-04  -8.0658706E-05  -7.7170957E-05   2.1652907E-07  -1.2066091E-08
 -6.8361786E-08   1.3789817E-07  -1.1163378E-07   1.3444679E-06  -4.7497187E-06   3.5046176E-06  -1.0779263E-06   2.8935298E-07   1.1643336E-03   1.1022968E-04  -8.6907741E-04   1.5732200E-02   4.6188426E-03   1.1236421E-03  -2.5396857E-03   5.3370606E-04   5.7031333E-04  -3.9669086E-04  -6.2795685E-04  -1.6891929E-03   2.7513705E-04   8.6393899E-04   4.8295779E-05   7.2954611E-04   5.6628465E-05  -6.7687818E-04  -4.7659555E-09  -1.4353155E-07
 -2.6311372E-08   1.2625959E-06   1.3506037E-08   1.7962413E-06   3.0890103E-05  -1.7433661E-06  -2.5894880E-06  -4.0391102E-06   2.9185467E-04   1.4452296E-04  -2.2447903E-03   1.3273182E-02   7.0834042E-03  -3.0342468E-03  -5.6230842E-03   1.3581935E-03   4.5096064E-03   4.4857403E-04  -1.1848688E-03  -2.6318471E-03   1.4576094E-04   4.8295779E-05   7.2212850E-03  -2.1652308E-04   6.6982977E-04   4.1718857E-03   8.0392662E-09  -1.4162559E-07
 -2.8571308E-07   1.2002530E-06  -2.8272851E-07   7.1831663E-06   1.5256531E-05   1.6451792E-05  -3.1941942E-06   1.1951241E-10  -4.7199669E-05   9.4672837E-05   3.4289899E-04   1.7755410E-02   5.1612105E-03   5.7207049E-03   1.9572306E-04   3.0563198E-04  -1.0361815E-03  -5.3811145E-04   4.1158980E-04   2.0654233E-03  -3.4036456E-04   7.2954611E-04  -2.1652308E-04   2.8901525E-03   5.4176199E-04  -8.3261356E-04   1.6904573E-07   2.5299035E-07
 -6.3909768E-07   3.3322132E-06  -6.3221416E-07  -1.0415898E-05   1.9657846E-05  -2.1569168E-05  -8.2576968E-06  -3.8272132E-06  -8.9313419E-03  -1.1149370E-04   6.5754549E-04   6.7424819E-03   1.2360609E-02   1.2631961E-02   1.9697857E-02  -3.2503228E-03  -1.8165195E-03  -1.2873474E-03   7.7710194E-04   7.0775351E-03  -8.0658706E-05   5.6628465E-05   6.6982977E-04   5.4176199E-04   6.3325837E-03   7.7536618E-03   2.5687551E-09  -4.9077074E-07
 -3.2563928E-06   2.3406408E-05  -3.8401403E-06  -7.9835741E-05   3.0796512E-04  -9.2569513E-05  -4.8607668E-05   1.0710373E-05   1.8599880E-02  -9.8473707E-04  -2.0291153E-03   8.4978172E-02   1.7003576E-02  -1.3651082E-02  -7.8286336E-03  -4.2558392E-03  -5.7571655E-03   1.0967322E-03   1.5532256E-03  -1.5593598E-03  -7.7170957E-05  -6.7687818E-04   4.1718857E-03  -8.3261356E-04   7.7536618E-03   7.1883100E-02  -8.6205621E-07   1.4876608E-07
  2.8209061E-09   2.3961470E-09   3.5121524E-09   1.9419726E-08  -7.0998901E-07   1.7343871E-07  -1.0226195E-07  -1.2764746E-08  -1.9585267E-04   3.9988696E-06   1.0435271E-04   3.7158728E-03   1.1340004E-04   4.4668964E-04   4.6528652E-04  -7.1684355E-05   1.7446142E-04  -1.8759109E-04  -3.2378143E-05   5.7363622E-05   2.1652907E-07  -4.7659555E-09   8.0392662E-09   1.6904573E-07   2.5687551E-09  -8.6205621E-07   3.7479436E-07   2.1110324E-09
 -1.8305682E-09   7.1205236E-10  -1.6991666E-09  -7.9926330E-08   1.0211896E-06  -1.7309647E-07  -5.5541070E-08   5.4427501E-09   6.4264751E-04   3.4900968E-07  -4.4122191E-05   5.7362042E-04   1.6854689E-04  -3.1608746E-04  -1.2165642E-03   1.1782288E-05  -1.6509937E-06  -4.3550454E-05   4.1277098E-04   9.5427443E-04  -1.2066091E-08  -1.4353155E-07  -1.4162559E-07   2.5299035E-07  -4.9077074E-07   1.4876608E-07   2.1110324E-09   3.8344529E-07
