# omegabh2 omegach2 theta tau Alens ns logA asz
    0.28613E-06   -0.77070E-06    0.78561E-06    0.23072E-05    0.93789E-04    0.61191E-05    0.47403E-05    0.15636E-04
   -0.77070E-06    0.20379E-04   -0.15087E-05   -0.17498E-04   -0.22097E-03   -0.29476E-04    0.30768E-04   -0.23847E-03
    0.78561E-06   -0.15087E-05    0.52012E-05    0.53021E-05    0.20476E-03    0.17724E-04    0.15266E-04   -0.18961E-04
    0.23072E-05   -0.17498E-04    0.53021E-05    0.18984E-03    0.29602E-03    0.72844E-04    0.34355E-03   -0.21563E-04
    0.93789E-04   -0.22097E-03    0.20476E-03    0.29602E-03    0.33375E+00    0.16998E-02    0.44382E-03   -0.32520E-02
    0.61191E-05   -0.29476E-04    0.17724E-04    0.72844E-04    0.16998E-02    0.17868E-03    0.12207E-03   -0.16401E-03
    0.47403E-05    0.30768E-04    0.15266E-04    0.34355E-03    0.44382E-03    0.12207E-03    0.88352E-03   -0.15117E-02
    0.15636E-04   -0.23847E-03   -0.18961E-04   -0.21563E-04   -0.32520E-02   -0.16401E-03   -0.15117E-02    0.32876E+00
