# omegabh2 omegach2 theta tau w ns logA asz
    0.23681E-06   -0.64455E-06    0.61146E-06    0.18553E-05    0.24060E-04    0.50764E-05    0.38287E-05    0.12458E-04
   -0.64455E-06    0.20683E-04   -0.83344E-06   -0.17294E-04   -0.32372E-03   -0.28411E-04    0.32768E-04   -0.72492E-04
    0.61146E-06   -0.83344E-06    0.46916E-05    0.41386E-05    0.88810E-04    0.13854E-04    0.14180E-04   -0.58550E-04
    0.18553E-05   -0.17294E-04    0.41386E-05    0.17864E-03    0.33799E-03    0.63948E-04    0.31736E-03   -0.43941E-03
    0.24060E-04   -0.32372E-03    0.88810E-04    0.33799E-03    0.12512E-01    0.75106E-03   -0.19033E-03    0.21151E-02
    0.50764E-05   -0.28411E-04    0.13854E-04    0.63948E-04    0.75106E-03    0.15981E-03    0.10081E-03   -0.66620E-03
    0.38287E-05    0.32768E-04    0.14180E-04    0.31736E-03   -0.19033E-03    0.10081E-03    0.82814E-03   -0.19568E-02
    0.12458E-04   -0.72492E-04   -0.58550E-04   -0.43941E-03    0.21151E-02   -0.66620E-03   -0.19568E-02    0.34025E+00
