# omegabh2 omegach2 theta logA ns DES_b1 DES_b2 DES_b3 DES_b4 DES_b5 DES_m1 DES_m2 DES_m3 DES_m4 DES_AIA DES_alphaIA DES_DzL1 DES_DzL2 DES_DzL3 DES_DzL4 DES_DzL5 DES_DzS1 DES_DzS2 DES_DzS3 DES_DzS4
  2.5445199E-07   4.9579107E-07   6.3374346E-07  -3.4590702E-06  -2.0818078E-07  -1.0749657E-07   6.0446884E-07   1.4940911E-07   6.9096693E-07   1.0138043E-06   1.5909401E-08  -1.2962956E-07   6.7020637E-09  -7.5420119E-08  -9.0869809E-07  -6.3515188E-06  -8.0057076E-09  -1.3895396E-08  -1.8967226E-08   7.1010787E-09   3.2241364E-08   4.3062238E-08  -4.5606669E-08   6.2331914E-08   1.9509728E-07
  4.9579107E-07   5.5485522E-05   8.2771937E-05  -1.0219324E-03  -5.6008127E-05   3.2538442E-04   3.5768976E-04   3.6952743E-04   4.7157820E-04   5.7600725E-04  -2.8945692E-06  -1.6566874E-07   3.8194509E-06  -2.0330037E-06  -5.9186295E-05  -3.8303934E-04   3.4492658E-08  -2.2609749E-06  -1.3648574E-06  -2.1718385E-06  -1.4395746E-06   1.1004480E-06   2.1162963E-07   9.9124732E-07   5.9731040E-06
  6.3374346E-07   8.2771937E-05   1.2820625E-04  -1.4872347E-03  -8.2486696E-05   4.4288152E-04   4.8786199E-04   5.0748366E-04   6.4974033E-04   8.0412050E-04  -3.8706075E-06   4.0140143E-07   5.7431254E-06  -2.9435193E-06  -7.6443374E-05  -5.4565547E-04   8.3930654E-08  -3.3517789E-06  -1.9392416E-06  -2.6820956E-06  -1.5308668E-06   2.1248793E-06   1.7230879E-07   1.3079288E-06   8.0272368E-06
 -3.4590702E-06  -1.0219324E-03  -1.4872347E-03   2.2515379E-02   8.7665312E-04  -8.3058777E-03  -9.4655868E-03  -9.7870557E-03  -1.2415851E-02  -1.4477130E-02   4.1766926E-05  -5.9710119E-05  -5.1457570E-04  -2.8144882E-04   2.4106371E-03  -1.3856241E-02  -1.3373071E-05   2.5873251E-05   2.9862495E-05   2.7715252E-05   3.8566765E-05   3.7897602E-06  -5.1038852E-05  -1.4382743E-04  -3.9677904E-04
 -2.0818078E-07  -5.6008127E-05  -8.2486696E-05   8.7665312E-04   3.8800355E-04  -2.3172769E-04  -2.4719193E-04  -2.4029904E-04  -2.6151832E-04  -2.4184597E-04   4.3258186E-06   9.5099665E-06   3.0754347E-06   9.2870543E-06   6.1385393E-05   3.9079533E-04  -1.5191071E-06   7.0684084E-07   4.7384964E-07  -1.3946535E-06  -1.1115238E-06  -1.8964868E-06  -1.8484487E-06  -5.1973301E-07  -2.4813692E-06
 -1.0749657E-07   3.2538442E-04   4.4288152E-04  -8.3058777E-03  -2.3172769E-04   8.3120658E-03   3.9321877E-03   4.0386956E-03   5.2259465E-03   5.8686695E-03  -3.1141480E-05   6.3121191E-05   3.6691155E-04   2.1060549E-04  -1.4380006E-03   2.0362652E-02   1.4162678E-04   1.0385983E-05   3.0507853E-06   8.5626147E-06  -2.1127626E-05  -1.0062408E-05   3.4777641E-05   1.0140529E-04   2.3921310E-04
  6.0446884E-07   3.5768976E-04   4.8786199E-04  -9.4655868E-03  -2.4719193E-04   3.9321877E-03   7.0717556E-03   4.7866044E-03   6.0374458E-03   6.7901242E-03  -1.9382649E-05   4.1156663E-05   4.0262931E-04   2.5701720E-04  -1.7012395E-03   1.6631643E-02   1.1588510E-05   6.3458718E-05  -1.2831239E-05   3.0962820E-06  -2.6125897E-05  -2.0347199E-05   4.2883348E-05   1.1698534E-04   2.8124379E-04
  1.4940911E-07   3.6952743E-04   5.0748366E-04  -9.7870557E-03  -2.4029904E-04   4.0386956E-03   4.7866044E-03   6.6204047E-03   6.2553442E-03   7.0601882E-03   4.0597840E-07   3.7106493E-05   3.7391959E-04   2.5736571E-04  -1.6984979E-03   1.2999102E-02   8.5388146E-06  -9.0543810E-07   4.1878581E-05  -4.4739194E-06  -2.3561810E-05  -1.2181855E-05   4.3043304E-05   1.2404929E-04   2.7514955E-04
  6.9096693E-07   4.7157820E-04   6.4974033E-04  -1.2415851E-02  -2.6151832E-04   5.2259465E-03   6.0374458E-03   6.2553442E-03   1.0134793E-02   8.9143756E-03  -7.7751604E-06   4.9369225E-05   4.5854860E-04   3.1082317E-04  -2.2525926E-03   1.2873010E-02   1.6682737E-05  -3.8788798E-06  -1.7096209E-05   1.0289029E-04  -3.3987027E-05  -1.4446282E-05   5.1224049E-05   1.4853855E-04   3.6084705E-04
  1.0138043E-06   5.7600725E-04   8.0412050E-04  -1.4477130E-02  -2.4184597E-04   5.8686695E-03   6.7901242E-03   7.0601882E-03   8.9143756E-03   1.5173259E-02  -1.5878677E-05   6.4822671E-05   4.6482552E-04   3.0103579E-04  -1.9290208E-03   1.4128230E-02   9.7349056E-06  -4.6502814E-06  -1.5811049E-05  -1.6722395E-05   9.1823436E-05  -1.4681350E-05   5.2571934E-05   1.4348790E-04   3.5397682E-04
  1.5909401E-08  -2.8945692E-06  -3.8706075E-06   4.1766926E-05   4.3258186E-06  -3.1141480E-05  -1.9382649E-05   4.0597840E-07  -7.7751604E-06  -1.5878677E-05   5.1855049E-04   9.0350301E-06   4.4102498E-06   2.8861088E-07   6.1942253E-05  -3.6899227E-03  -1.2930932E-06  -8.1125747E-07   2.2931786E-06  -1.7215970E-06   1.4040630E-07  -2.9937259E-05   5.5222714E-06   2.4919231E-06   5.4929328E-06
 -1.2962956E-07  -1.6566874E-07   4.0140143E-07  -5.9710119E-05   9.5099665E-06   6.3121191E-05   4.1156663E-05   3.7106493E-05   4.9369225E-05   6.4822671E-05   9.0350301E-06   4.9299891E-04   1.7546536E-05   1.4584167E-05   1.9807985E-04  -2.4152454E-03   3.2536701E-07  -7.9779972E-07  -2.5593706E-06   1.3277986E-06  -3.1916457E-07   1.9123474E-05  -3.1393009E-05   3.3377174E-06   3.9248793E-06
  6.7020637E-09   3.8194509E-06   5.7431254E-06  -5.1457570E-04   3.0754347E-06   3.6691155E-04   4.0262931E-04   3.7391959E-04   4.5854860E-04   4.6482552E-04   4.4102498E-06   1.7546536E-05   4.4522532E-04   4.9800734E-05  -1.4313235E-04   3.5461258E-03   1.7084350E-06   6.6823898E-07   1.5101785E-06   1.2313977E-07  -1.0191361E-06   5.0672782E-06   1.7031185E-05  -3.0257096E-05   4.5792431E-05
 -7.5420119E-08  -2.0330037E-06  -2.9435193E-06  -2.8144882E-04   9.2870543E-06   2.1060549E-04   2.5701720E-04   2.5736571E-04   3.1082317E-04   3.0103579E-04   2.8861088E-07   1.4584167E-05   4.9800734E-05   4.5754155E-04  -1.6975058E-04   2.2198927E-03   1.5274270E-07   5.6680797E-07  -1.1126645E-06   2.2515574E-06  -4.0999515E-06   6.1828791E-06   1.1727457E-05   1.7184071E-05  -6.6922032E-05
 -9.0869809E-07  -5.9186295E-05  -7.6443374E-05   2.4106371E-03   6.1385393E-05  -1.4380006E-03  -1.7012395E-03  -1.6984979E-03  -2.2525926E-03  -1.9290208E-03   6.1942253E-05   1.9807985E-04  -1.4313235E-04  -1.6975058E-04   3.4180463E-02   1.1819074E-01  -4.0261101E-05  -6.4544573E-05   3.2534843E-05  -2.1261620E-04  -4.7631074E-05   2.9941373E-04   2.5688121E-04   1.6095952E-04  -1.4615395E-04
 -6.3515188E-06  -3.8303934E-04  -5.4565547E-04  -1.3856241E-02   3.9079533E-04   2.0362652E-02   1.6631643E-02   1.2999102E-02   1.2873010E-02   1.4128230E-02  -3.6899227E-03  -2.4152454E-03   3.5461258E-03   2.2198927E-03   1.1819074E-01   5.5529553E+00   8.4604431E-04   5.1153455E-04   3.3362264E-05  -8.7307024E-04  -1.2037084E-03  -1.0677189E-02  -2.3664947E-03   2.3718800E-03   2.2548514E-03
 -8.0057076E-09   3.4492658E-08   8.3930654E-08  -1.3373071E-05  -1.5191071E-06   1.4162678E-04   1.1588510E-05   8.5388146E-06   1.6682737E-05   9.7349056E-06  -1.2930932E-06   3.2536701E-07   1.7084350E-06   1.5274270E-07  -4.0261101E-05   8.4604431E-04   5.6187809E-05  -2.9597331E-07   3.7878187E-07   1.4044567E-06  -5.3932098E-07   3.7995958E-06   3.4801180E-07   2.3268187E-06   4.3387554E-06
 -1.3895396E-08  -2.2609749E-06  -3.3517789E-06   2.5873251E-05   7.0684084E-07   1.0385983E-05   6.3458718E-05  -9.0543810E-07  -3.8788798E-06  -4.6502814E-06  -8.1125747E-07  -7.9779972E-07   6.6823898E-07   5.6680797E-07  -6.4544573E-05   5.1153455E-04  -2.9597331E-07   4.3919343E-05  -2.3279340E-07   3.4921688E-07  -4.3072965E-07   2.5730983E-07   2.6795719E-06   1.0930436E-06   7.5874959E-07
 -1.8967226E-08  -1.3648574E-06  -1.9392416E-06   2.9862495E-05   4.7384964E-07   3.0507853E-06  -1.2831239E-05   4.1878581E-05  -1.7096209E-05  -1.5811049E-05   2.2931786E-06  -2.5593706E-06   1.5101785E-06  -1.1126645E-06   3.2534843E-05   3.3362264E-05   3.7878187E-07  -2.3279340E-07   4.2920192E-05   1.3578197E-06   1.5383452E-07  -4.3053835E-07   6.2174894E-06   3.9024322E-06   6.7852321E-07
  7.1010787E-09  -2.1718385E-06  -2.6820956E-06   2.7715252E-05  -1.3946535E-06   8.5626147E-06   3.0962820E-06  -4.4739194E-06   1.0289029E-04  -1.6722395E-05  -1.7215970E-06   1.3277986E-06   1.2313977E-07   2.2515574E-06  -2.1261620E-04  -8.7307024E-04   1.4044567E-06   3.4921688E-07   1.3578197E-06   8.3711886E-05   4.6484123E-08   1.8124264E-06   3.7218568E-07   7.7255921E-06   1.1587039E-05
  3.2241364E-08  -1.4395746E-06  -1.5308668E-06   3.8566765E-05  -1.1115238E-06  -2.1127626E-05  -2.6125897E-05  -2.3561810E-05  -3.3987027E-05   9.1823436E-05   1.4040630E-07  -3.1916457E-07  -1.0191361E-06  -4.0999515E-06  -4.7631074E-05  -1.2037084E-03  -5.3932098E-07  -4.3072965E-07   1.5383452E-07   4.6484123E-08   9.6112667E-05   7.9188649E-07   2.3908616E-07  -1.0180909E-06   5.4881501E-06
  4.3062238E-08   1.1004480E-06   2.1248793E-06   3.7897602E-06  -1.8964868E-06  -1.0062408E-05  -2.0347199E-05  -1.2181855E-05  -1.4446282E-05  -1.4681350E-05  -2.9937259E-05   1.9123474E-05   5.0672782E-06   6.1828791E-06   2.9941373E-04  -1.0677189E-02   3.7995958E-06   2.5730983E-07  -4.3053835E-07   1.8124264E-06   7.9188649E-07   1.9695564E-04   1.8999705E-05   2.3021304E-06  -9.6876408E-07
 -4.5606669E-08   2.1162963E-07   1.7230879E-07  -5.1038852E-05  -1.8484487E-06   3.4777641E-05   4.2883348E-05   4.3043304E-05   5.1224049E-05   5.2571934E-05   5.5222714E-06  -3.1393009E-05   1.7031185E-05   1.1727457E-05   2.5688121E-04  -2.3664947E-03   3.4801180E-07   2.6795719E-06   6.2174894E-06   3.7218568E-07   2.3908616E-07   1.8999705E-05   1.1737878E-04   6.3845228E-06   7.2201648E-06
  6.2331914E-08   9.9124732E-07   1.3079288E-06  -1.4382743E-04  -5.1973301E-07   1.0140529E-04   1.1698534E-04   1.2404929E-04   1.4853855E-04   1.4348790E-04   2.4919231E-06   3.3377174E-06  -3.0257096E-05   1.7184071E-05   1.6095952E-04   2.3718800E-03   2.3268187E-06   1.0930436E-06   3.9024322E-06   7.7255921E-06  -1.0180909E-06   2.3021304E-06   6.3845228E-06   9.5754018E-05   2.4018302E-05
  1.9509728E-07   5.9731040E-06   8.0272368E-06  -3.9677904E-04  -2.4813692E-06   2.3921310E-04   2.8124379E-04   2.7514955E-04   3.6084705E-04   3.5397682E-04   5.4929328E-06   3.9248793E-06   4.5792431E-05  -6.6922032E-05  -1.4615395E-04   2.2548514E-03   4.3387554E-06   7.5874959E-07   6.7852321E-07   1.1587039E-05   5.4881501E-06  -9.6876408E-07   7.2201648E-06   2.4018302E-05   3.5203662E-04
