# omegabh2 omegach2 theta tau nnu logA ns calPlanck acib217 xi asz143 aps100 aps143 aps143217 aps217 aksz kgal100 kgal143 kgal143217 kgal217 galfEE100 galfEE100143 galfEE100217 galfEE143 galfEE143217 galfEE217 galfTE100 galfTE100143 galfTE100217 galfTE143 galfTE143217 galfTE217 cal0 cal2
    0.3680999E-07    0.3107206E-06   -0.3100698E-07    0.1008231E-05    0.2395061E-04    0.2909869E-05    0.1020280E-05    0.1469950E-07    0.3676417E-04   -0.1261353E-05   -0.5399227E-05    0.9089563E-04    0.1427903E-04   -0.3165014E-04   -0.3182694E-04    0.9018463E-05    0.5123309E-05    0.5599857E-05   -0.4622646E-05   -0.1477808E-04    0.1346503E-06    0.4895774E-07   -0.4376832E-07    0.4897773E-07    0.4913315E-07   -0.7286148E-07   -0.3685343E-06   -0.1388068E-06   -0.6781148E-06   -0.1721492E-06   -0.2685503E-06   -0.8228596E-06   -0.2148085E-08    0.4500112E-08
    0.3107206E-06    0.9709461E-05   -0.1005197E-05    0.2763263E-05    0.5368528E-03    0.2982647E-04    0.1559441E-04    0.3913783E-07    0.3028695E-02   -0.7211780E-04   -0.6025169E-03    0.1036797E-01    0.5411457E-02    0.5583507E-03   -0.1360634E-02    0.1183339E-02    0.1594816E-03    0.1896188E-03    0.4850402E-03   -0.6296602E-04    0.5129548E-06    0.3429795E-06   -0.3878412E-06    0.3987785E-06   -0.5773835E-07   -0.2941341E-05    0.3115619E-05    0.1704915E-05   -0.1088950E-04   -0.1641202E-05    0.2395841E-05    0.1152068E-04   -0.1436834E-06    0.3292319E-06
   -0.3100698E-07   -0.1005197E-05    0.1900448E-06   -0.3363012E-06   -0.5858977E-04   -0.3105823E-05   -0.1738915E-05   -0.1457695E-08   -0.2780187E-03    0.7524969E-05    0.5817576E-04   -0.1155841E-02   -0.5557536E-03   -0.8758080E-04    0.7329654E-04   -0.1106580E-03   -0.1403805E-04   -0.2046469E-04   -0.3419662E-04    0.8573165E-05   -0.8951070E-07   -0.6313696E-07    0.2770312E-07   -0.4047607E-07    0.1504974E-07    0.2562955E-06   -0.4955616E-06   -0.1817643E-06    0.6112179E-06    0.2317723E-06   -0.4103137E-06   -0.1705866E-05    0.1540197E-07   -0.3022882E-07
    0.1008231E-05    0.2763263E-05   -0.3363012E-06    0.2822966E-03    0.5238512E-03    0.5684290E-03    0.4270496E-04   -0.1873227E-05   -0.9612704E-02    0.1001555E-03    0.2019301E-02   -0.3083427E-01   -0.1180401E-01    0.1439984E-02    0.1039445E-01   -0.3896746E-02   -0.8033302E-03   -0.6500110E-03   -0.1623335E-02   -0.1051866E-03    0.5171336E-05    0.2312448E-05   -0.4149841E-06    0.2143236E-05    0.1154786E-05    0.1486297E-05   -0.4442977E-04   -0.1527136E-04   -0.2714738E-05   -0.6364086E-05    0.5600906E-06   -0.3238650E-04    0.5444280E-07   -0.1118183E-05
    0.2395061E-04    0.5368528E-03   -0.5858977E-04    0.5238512E-03    0.3358846E-01    0.2398789E-02    0.1149627E-02    0.5131668E-05    0.1813110E+00   -0.4560894E-02   -0.3225142E-01    0.5818251E+00    0.2845923E+00    0.9898055E-02   -0.9924735E-01    0.6756663E-01    0.1067199E-01    0.1400201E-01    0.2746669E-01   -0.1019400E-01    0.7151158E-04    0.3767566E-04   -0.3867424E-04    0.3963624E-04    0.2121308E-04   -0.2008053E-03    0.4022314E-04    0.2961089E-04   -0.7495426E-03   -0.1284991E-03    0.4178615E-04    0.3470096E-03   -0.8685352E-05    0.1922679E-04
    0.2909869E-05    0.2982647E-04   -0.3105823E-05    0.5684290E-03    0.2398789E-02    0.1233788E-02    0.1232921E-03    0.8701269E-05   -0.1260047E-01    0.7648010E-04    0.2602330E-02   -0.3101891E-01   -0.8091079E-02    0.7824923E-02    0.2464102E-01   -0.5805391E-02   -0.1487943E-02   -0.1500508E-02   -0.2796443E-02    0.9840959E-03    0.1446009E-04    0.5729663E-05   -0.2382854E-05    0.6309667E-05    0.2050520E-05   -0.4817734E-05   -0.6982167E-04   -0.2188146E-04   -0.3964832E-04   -0.1726082E-04    0.6075516E-05   -0.4039497E-04    0.3989922E-07   -0.1648363E-05
    0.1020280E-05    0.1559441E-04   -0.1738915E-05    0.4270496E-04    0.1149627E-02    0.1232921E-03    0.5591735E-04    0.3771036E-06    0.1767862E-02   -0.6173810E-04    0.7142295E-04   -0.3986132E-02    0.3292764E-02    0.2603745E-02    0.2024507E-02   -0.2087545E-03    0.6070485E-03    0.4847470E-03    0.5597284E-03    0.5950860E-04    0.6985650E-05    0.3092654E-05   -0.1902998E-05    0.3300282E-05    0.2468224E-05   -0.1132473E-04   -0.4745879E-05   -0.2341473E-05   -0.2224186E-04   -0.7211842E-05    0.1896749E-05    0.6619209E-05   -0.4556698E-06    0.2561630E-06
    0.1469950E-07    0.3913783E-07   -0.1457695E-08   -0.1873227E-05    0.5131668E-05    0.8701269E-05    0.3771036E-06    0.6106513E-05    0.4600031E-03   -0.1758817E-06    0.2361742E-04    0.3316864E-02    0.7373944E-03    0.6437727E-03    0.1883404E-02   -0.1039472E-03   -0.3421861E-04   -0.8206489E-04   -0.1365093E-03    0.5958437E-03    0.1875174E-05    0.3164308E-06   -0.9639606E-07    0.7248112E-06    0.4527374E-07   -0.9653456E-06    0.6070316E-05    0.2424094E-05   -0.1177970E-05    0.3140239E-07    0.2870656E-06    0.2564031E-05    0.2051046E-07   -0.7281296E-07
    0.3676417E-04    0.3028695E-02   -0.2780187E-03   -0.9612704E-02    0.1813110E+00   -0.1260047E-01    0.1767862E-02    0.4600031E-03    0.4940581E+02   -0.5076064E+00   -0.1803010E+01    0.4694021E+02    0.1667448E+01   -0.2129229E+02   -0.6649753E+02    0.5498944E+00    0.2042753E-01    0.3821903E+00   -0.3409976E+01   -0.2564372E+02   -0.6954515E-03   -0.1113226E-03   -0.3290297E-03    0.1365446E-03   -0.8153325E-03   -0.2675816E-03    0.3045156E-02    0.2336069E-02   -0.1003002E-01   -0.7075412E-03   -0.3369273E-02    0.2809870E-02   -0.2001370E-03    0.4428089E-02
   -0.1261353E-05   -0.7211780E-04    0.7524969E-05    0.1001555E-03   -0.4560894E-02    0.7648010E-04   -0.6173810E-04   -0.1758817E-06   -0.5076064E+00    0.8085696E-01   -0.5215194E-01   -0.6854396E+00    0.9236088E+00    0.1781483E+01    0.7734133E+00    0.5243530E-01   -0.1970014E-01    0.3652466E-02    0.1039593E+00    0.1134069E+00   -0.3008457E-04   -0.1280610E-04    0.3081837E-04   -0.4975857E-05   -0.4166030E-04    0.3830674E-03   -0.4039823E-04   -0.1272965E-03    0.2160129E-03   -0.1072211E-03    0.1977750E-03    0.3990669E-03    0.5909825E-05   -0.2224740E-04
   -0.5399227E-05   -0.6025169E-03    0.5817576E-04    0.2019301E-02   -0.3225142E-01    0.2602330E-02    0.7142295E-04    0.2361742E-04   -0.1803010E+01   -0.5215194E-01    0.3612333E+01   -0.2861264E+02   -0.3726296E+01    0.7681539E+01    0.6631808E+01   -0.2543860E+01   -0.1846209E+00    0.6692174E-01    0.2329424E+01    0.1996070E+01    0.2399719E-03    0.9668566E-04    0.4246011E-03    0.8630040E-04    0.1130276E-03   -0.9402626E-03    0.4538876E-03    0.5458236E-03    0.5416734E-03    0.2250156E-05    0.6483048E-03   -0.2620413E-03    0.1863586E-03   -0.3821599E-03
    0.9089563E-04    0.1036797E-01   -0.1155841E-02   -0.3083427E-01    0.5818251E+00   -0.3101891E-01   -0.3986132E-02    0.3316864E-02    0.4694021E+02   -0.6854396E+00   -0.2861264E+02    0.7160689E+03    0.6581125E+02   -0.6315109E+02   -0.7504328E+02    0.1323334E+02    0.2741193E+00    0.3895705E+00   -0.1314360E+02   -0.2145434E+02   -0.5112025E-02   -0.6605775E-03   -0.1180404E-02    0.9788251E-03    0.1155990E-02   -0.5265943E-02    0.4085475E-01   -0.6653435E-02   -0.4489713E-01    0.4915019E-02   -0.8034061E-02   -0.7126154E-02    0.4116949E-02    0.4615219E-02
    0.1427903E-04    0.5411457E-02   -0.5557536E-03   -0.1180401E-01    0.2845923E+00   -0.8091079E-02    0.3292764E-02    0.7373944E-03    0.1667448E+01    0.9236088E+00   -0.3726296E+01    0.6581125E+02    0.5908253E+02    0.4087249E+02    0.1616590E+02   -0.3981170E+01   -0.4604315E+00   -0.8162532E+00    0.4187251E+01    0.3935726E+01   -0.2355962E-02   -0.4377121E-03   -0.6377476E-03    0.2676333E-03   -0.8836412E-03    0.2332619E-02    0.3288799E-02    0.1439829E-02   -0.1201672E-01    0.5664780E-04   -0.3317420E-02    0.2000261E-01   -0.5174028E-04    0.3467997E-03
   -0.3165014E-04    0.5583507E-03   -0.8758080E-04    0.1439984E-02    0.9898055E-02    0.7824923E-02    0.2603745E-02    0.6437727E-03   -0.2129229E+02    0.1781483E+01    0.7681539E+01   -0.6315109E+02    0.4087249E+02    0.9180594E+02    0.6505183E+02   -0.1139954E+02   -0.9303944E+00   -0.2704330E+00    0.4938503E+01    0.6280883E+01   -0.7285505E-03   -0.6962615E-04    0.1249698E-02    0.8545938E-04   -0.4667144E-03    0.6806562E-02    0.5084887E-02   -0.6837735E-03   -0.6763769E-02   -0.2035635E-02    0.4854071E-02    0.2182148E-01    0.5957891E-03   -0.2471174E-02
   -0.3182694E-04   -0.1360634E-02    0.7329654E-04    0.1039445E-01   -0.9924735E-01    0.2464102E-01    0.2024507E-02    0.1883404E-02   -0.6649753E+02    0.7734133E+00    0.6631808E+01   -0.7504328E+02    0.1616590E+02    0.6505183E+02    0.1248722E+03   -0.9879700E+01   -0.3346479E+00   -0.5859107E+00    0.1151395E+01    0.2291363E+02    0.1442590E-02    0.3542789E-03    0.6502743E-03    0.1304097E-03    0.1867041E-02   -0.2236278E-02    0.2859165E-02   -0.1600911E-02    0.4167941E-02    0.1817365E-02    0.4550203E-02    0.7282612E-02    0.5614827E-03   -0.7526481E-02
    0.9018463E-05    0.1183339E-02   -0.1106580E-03   -0.3896746E-02    0.6756663E-01   -0.5805391E-02   -0.2087545E-03   -0.1039472E-03    0.5498944E+00    0.5243530E-01   -0.2543860E+01    0.1323334E+02   -0.3981170E+01   -0.1139954E+02   -0.9879700E+01    0.5856436E+01    0.1031438E+00   -0.8420604E-01   -0.1793724E+01   -0.1368950E+01   -0.2933535E-03   -0.2007896E-03   -0.9638064E-04   -0.2658656E-03   -0.3401657E-03    0.1357923E-02   -0.9264456E-03   -0.1359007E-03   -0.1287793E-02    0.4267666E-03    0.1271480E-02    0.2172707E-02   -0.1186755E-03    0.1753776E-03
    0.5123309E-05    0.1594816E-03   -0.1403805E-04   -0.8033302E-03    0.1067199E-01   -0.1487943E-02    0.6070485E-03   -0.3421861E-04    0.2042753E-01   -0.1970014E-01   -0.1846209E+00    0.2741193E+00   -0.4604315E+00   -0.9303944E+00   -0.3346479E+00    0.1031438E+00    0.3140424E+01    0.7898254E+00    0.2698936E+00    0.3489784E+00   -0.1023725E-03    0.5586103E-04   -0.4183868E-03    0.9009978E-04   -0.1763908E-03    0.1354443E-03   -0.3592835E-02   -0.2246952E-03   -0.2055155E-02   -0.4246057E-03   -0.1181495E-02   -0.2931968E-02    0.4224829E-03   -0.1302353E-04
    0.5599857E-05    0.1896188E-03   -0.2046469E-04   -0.6500110E-03    0.1400201E-01   -0.1500508E-02    0.4847470E-03   -0.8206489E-04    0.3821903E+00    0.3652466E-02    0.6692174E-01    0.3895705E+00   -0.8162532E+00   -0.2704330E+00   -0.5859107E+00   -0.8420604E-01    0.7898254E+00    0.3096602E+01    0.2369380E+01    0.1282023E+01    0.1691684E-03    0.3222722E-04   -0.6952739E-04   -0.8011606E-04    0.3915352E-03   -0.7013794E-03    0.3730975E-02   -0.4415739E-03   -0.6509330E-03   -0.2433851E-03   -0.3532718E-03   -0.3157737E-02   -0.4096526E-03   -0.1885339E-03
   -0.4622646E-05    0.4850402E-03   -0.3419662E-04   -0.1623335E-02    0.2746669E-01   -0.2796443E-02    0.5597284E-03   -0.1365093E-03   -0.3409976E+01    0.1039593E+00    0.2329424E+01   -0.1314360E+02    0.4187251E+01    0.4938503E+01    0.1151395E+01   -0.1793724E+01    0.2698936E+00    0.2369380E+01    0.1787038E+02    0.2738008E+02   -0.3199845E-03   -0.5169891E-04   -0.2211277E-05   -0.6735804E-04    0.2223716E-04   -0.6639322E-03    0.3968876E-02    0.2181186E-02   -0.8852643E-03   -0.1617175E-02   -0.1468026E-02    0.5116047E-03   -0.1278241E-03    0.2420347E-02
   -0.1477808E-04   -0.6296602E-04    0.8573165E-05   -0.1051866E-03   -0.1019400E-01    0.9840959E-03    0.5950860E-04    0.5958437E-03   -0.2564372E+02    0.1134069E+00    0.1996070E+01   -0.2145434E+02    0.3935726E+01    0.6280883E+01    0.2291363E+02   -0.1368950E+01    0.3489784E+00    0.1282023E+01    0.2738008E+02    0.6226618E+02   -0.5500790E-04    0.9174732E-04   -0.2002490E-03   -0.3487949E-04   -0.1502258E-03    0.7832014E-03    0.3026562E-02    0.2636543E-02    0.3970581E-02   -0.1899622E-02   -0.1777308E-02   -0.4168063E-02   -0.1272812E-03    0.4285670E-02
    0.1346503E-06    0.5129548E-06   -0.8951070E-07    0.5171336E-05    0.7151158E-04    0.1446009E-04    0.6985650E-05    0.1875174E-05   -0.6954515E-03   -0.3008457E-04    0.2399719E-03   -0.5112025E-02   -0.2355962E-02   -0.7285505E-03    0.1442590E-02   -0.2933535E-03   -0.1023725E-03    0.1691684E-03   -0.3199845E-03   -0.5500790E-04    0.1276300E-03    0.1100557E-04   -0.1998988E-05    0.3712508E-05    0.7191991E-06    0.8778948E-05   -0.1460815E-04   -0.1446365E-05   -0.1370695E-04    0.3148038E-06    0.1138871E-04   -0.3631592E-05   -0.1176701E-06   -0.1099804E-06
    0.4895774E-07    0.3429795E-06   -0.6313696E-07    0.2312448E-05    0.3767566E-04    0.5729663E-05    0.3092654E-05    0.3164308E-06   -0.1113226E-03   -0.1280610E-04    0.9668566E-04   -0.6605775E-03   -0.4377121E-03   -0.6962615E-04    0.3542789E-03   -0.2007896E-03    0.5586103E-04    0.3222722E-04   -0.5169891E-04    0.9174732E-04    0.1100557E-04    0.1411671E-04    0.3279991E-06    0.6445124E-05   -0.6949953E-06    0.4271328E-06    0.9183672E-07   -0.1427262E-05    0.1284190E-05   -0.2940807E-05    0.2092754E-05    0.6279508E-05   -0.5580078E-07   -0.3456369E-08
   -0.4376832E-07   -0.3878412E-06    0.2770312E-07   -0.4149841E-06   -0.3867424E-04   -0.2382854E-05   -0.1902998E-05   -0.9639606E-07   -0.3290297E-03    0.3081837E-04    0.4246011E-03   -0.1180404E-02   -0.6377476E-03    0.1249698E-02    0.6502743E-03   -0.9638064E-04   -0.4183868E-03   -0.6952739E-04   -0.2211277E-05   -0.2002490E-03   -0.1998988E-05    0.3279991E-06    0.2283641E-03    0.1309231E-06   -0.2581180E-05    0.4785060E-05   -0.8773294E-06    0.3211674E-05   -0.3564025E-04    0.3954008E-05   -0.1405480E-06   -0.1072302E-04   -0.5333603E-07    0.9641973E-08
    0.4897773E-07    0.3987785E-06   -0.4047607E-07    0.2143236E-05    0.3963624E-04    0.6309667E-05    0.3300282E-05    0.7248112E-06    0.1365446E-03   -0.4975857E-05    0.8630040E-04    0.9788251E-03    0.2676333E-03    0.8545938E-04    0.1304097E-03   -0.2658656E-03    0.9009978E-04   -0.8011606E-04   -0.6735804E-04   -0.3487949E-04    0.3712508E-05    0.6445124E-05    0.1309231E-06    0.3043409E-04   -0.1586121E-05    0.2492147E-05    0.4156546E-05    0.3013647E-05    0.9652052E-05   -0.2572598E-05   -0.1845389E-05    0.4209508E-06   -0.4273887E-07   -0.5406657E-08
    0.4913315E-07   -0.5773835E-07    0.1504974E-07    0.1154786E-05    0.2121308E-04    0.2050520E-05    0.2468224E-05    0.4527374E-07   -0.8153325E-03   -0.4166030E-04    0.1130276E-03    0.1155990E-02   -0.8836412E-03   -0.4667144E-03    0.1867041E-02   -0.3401657E-03   -0.1763908E-03    0.3915352E-03    0.2223716E-04   -0.1502258E-03    0.7191991E-06   -0.6949953E-06   -0.2581180E-05   -0.1586121E-05    0.3991940E-03   -0.9894676E-06    0.1467685E-04    0.9335897E-05   -0.2536878E-04    0.3693507E-05    0.7962381E-05   -0.2243831E-04   -0.2137081E-07   -0.2487489E-06
   -0.7286148E-07   -0.2941341E-05    0.2562955E-06    0.1486297E-05   -0.2008053E-03   -0.4817734E-05   -0.1132473E-04   -0.9653456E-06   -0.2675816E-03    0.3830674E-03   -0.9402626E-03   -0.5265943E-02    0.2332619E-02    0.6806562E-02   -0.2236278E-02    0.1357923E-02    0.1354443E-03   -0.7013794E-03   -0.6639322E-03    0.7832014E-03    0.8778948E-05    0.4271328E-06    0.4785060E-05    0.2492147E-05   -0.9894676E-06    0.3570061E-02   -0.2106113E-04    0.1492760E-05    0.6069479E-04    0.5298293E-05   -0.1163276E-05    0.2392339E-04    0.3001158E-06    0.6372905E-06
   -0.3685343E-06    0.3115619E-05   -0.4955616E-06   -0.4442977E-04    0.4022314E-04   -0.6982167E-04   -0.4745879E-05    0.6070316E-05    0.3045156E-02   -0.4039823E-04    0.4538876E-03    0.4085475E-01    0.3288799E-02    0.5084887E-02    0.2859165E-02   -0.9264456E-03   -0.3592835E-02    0.3730975E-02    0.3968876E-02    0.3026562E-02   -0.1460815E-04    0.9183672E-07   -0.8773294E-06    0.4156546E-05    0.1467685E-04   -0.2106113E-04    0.5823240E-02    0.1836453E-02    0.1720356E-02   -0.7110317E-03   -0.1250348E-03   -0.7463619E-04    0.2261245E-05   -0.5595908E-06
   -0.1388068E-06    0.1704915E-05   -0.1817643E-06   -0.1527136E-04    0.2961089E-04   -0.2188146E-04   -0.2341473E-05    0.2424094E-05    0.2336069E-02   -0.1272965E-03    0.5458236E-03   -0.6653435E-02    0.1439829E-02   -0.6837735E-03   -0.1600911E-02   -0.1359007E-03   -0.2246952E-03   -0.4415739E-03    0.2181186E-02    0.2636543E-02   -0.1446365E-05   -0.1427262E-05    0.3211674E-05    0.3013647E-05    0.9335897E-05    0.1492760E-05    0.1836453E-02    0.1250065E-02    0.7582323E-03    0.2030740E-03   -0.8729692E-05   -0.2330489E-03   -0.3707870E-07   -0.1417332E-07
   -0.6781148E-06   -0.1088950E-04    0.6112179E-06   -0.2714738E-05   -0.7495426E-03   -0.3964832E-04   -0.2224186E-04   -0.1177970E-05   -0.1003002E-01    0.2160129E-03    0.5416734E-03   -0.4489713E-01   -0.1201672E-01   -0.6763769E-02    0.4167941E-02   -0.1287793E-02   -0.2055155E-02   -0.6509330E-03   -0.8852643E-03    0.3970581E-02   -0.1370695E-04    0.1284190E-05   -0.3564025E-04    0.9652052E-05   -0.2536878E-04    0.6069479E-04    0.1720356E-02    0.7582323E-03    0.3299852E-01   -0.5939975E-03    0.1372282E-02    0.1048006E-01   -0.2505825E-05   -0.1781536E-06
   -0.1721492E-06   -0.1641202E-05    0.2317723E-06   -0.6364086E-05   -0.1284991E-03   -0.1726082E-04   -0.7211842E-05    0.3140239E-07   -0.7075412E-03   -0.1072211E-03    0.2250156E-05    0.4915019E-02    0.5664780E-04   -0.2035635E-02    0.1817365E-02    0.4267666E-03   -0.4246057E-03   -0.2433851E-03   -0.1617175E-02   -0.1899622E-02    0.3148038E-06   -0.2940807E-05    0.3954008E-05   -0.2572598E-05    0.3693507E-05    0.5298293E-05   -0.7110317E-03    0.2030740E-03   -0.5939975E-03    0.1391540E-02    0.1698226E-03   -0.3928690E-03   -0.1871303E-06   -0.6312171E-06
   -0.2685503E-06    0.2395841E-05   -0.4103137E-06    0.5600906E-06    0.4178615E-04    0.6075516E-05    0.1896749E-05    0.2870656E-06   -0.3369273E-02    0.1977750E-03    0.6483048E-03   -0.8034061E-02   -0.3317420E-02    0.4854071E-02    0.4550203E-02    0.1271480E-02   -0.1181495E-02   -0.3532718E-03   -0.1468026E-02   -0.1777308E-02    0.1138871E-04    0.2092754E-05   -0.1405480E-06   -0.1845389E-05    0.7962381E-05   -0.1163276E-05   -0.1250348E-03   -0.8729692E-05    0.1372282E-02    0.1698226E-03    0.5025171E-02    0.3919230E-02    0.4712554E-06   -0.1698126E-06
   -0.8228596E-06    0.1152068E-04   -0.1705866E-05   -0.3238650E-04    0.3470096E-03   -0.4039497E-04    0.6619209E-05    0.2564031E-05    0.2809870E-02    0.3990669E-03   -0.2620413E-03   -0.7126154E-02    0.2000261E-01    0.2182148E-01    0.7282612E-02    0.2172707E-02   -0.2931968E-02   -0.3157737E-02    0.5116047E-03   -0.4168063E-02   -0.3631592E-05    0.6279508E-05   -0.1072302E-04    0.4209508E-06   -0.2243831E-04    0.2392339E-04   -0.7463619E-04   -0.2330489E-03    0.1048006E-01   -0.3928690E-03    0.3919230E-02    0.3487568E-01    0.6485102E-06    0.6510116E-06
   -0.2148085E-08   -0.1436834E-06    0.1540197E-07    0.5444280E-07   -0.8685352E-05    0.3989922E-07   -0.4556698E-06    0.2051046E-07   -0.2001370E-03    0.5909825E-05    0.1863586E-03    0.4116949E-02   -0.5174028E-04    0.5957891E-03    0.5614827E-03   -0.1186755E-03    0.4224829E-03   -0.4096526E-03   -0.1278241E-03   -0.1272812E-03   -0.1176701E-06   -0.5580078E-07   -0.5333603E-07   -0.4273887E-07   -0.2137081E-07    0.3001158E-06    0.2261245E-05   -0.3707870E-07   -0.2505825E-05   -0.1871303E-06    0.4712554E-06    0.6485102E-06    0.5245253E-06   -0.3285640E-08
    0.4500112E-08    0.3292319E-06   -0.3022882E-07   -0.1118183E-05    0.1922679E-04   -0.1648363E-05    0.2561630E-06   -0.7281296E-07    0.4428089E-02   -0.2224740E-04   -0.3821599E-03    0.4615219E-02    0.3467997E-03   -0.2471174E-02   -0.7526481E-02    0.1753776E-03   -0.1302353E-04   -0.1885339E-03    0.2420347E-02    0.4285670E-02   -0.1099804E-06   -0.3456369E-08    0.9641973E-08   -0.5406657E-08   -0.2487489E-06    0.6372905E-06   -0.5595908E-06   -0.1417332E-07   -0.1781536E-06   -0.6312171E-06   -0.1698126E-06    0.6510116E-06   -0.3285640E-08    0.2040767E-05
