# omegabh2 omegach2 theta tau w logA ns calPlanck acib217 xi asz143 aps100 aps143 aps143217 aps217 aksz kgal100 kgal143 kgal143217 kgal217 galfEE100 galfEE100143 galfEE100217 galfEE143 galfEE143217 galfEE217 galfTE100 galfTE100143 galfTE100217 galfTE143 galfTE143217 galfTE217 cal0 cal2
    0.2401359E-07   -0.1214528E-06    0.1783747E-07    0.8410430E-06    0.3889382E-05    0.1497182E-05    0.3260002E-06    0.1345615E-07   -0.1112391E-03    0.2027296E-05    0.2451169E-04   -0.4210563E-03   -0.2324262E-03   -0.4886405E-04    0.4162819E-04   -0.4257561E-04   -0.3490883E-05   -0.5495977E-05   -0.1444516E-04    0.1604659E-04    0.6936501E-07    0.2618261E-07    0.8161731E-08    0.4440880E-07    0.1317420E-07    0.1977541E-07   -0.5026498E-06   -0.1398336E-06   -0.2732408E-06   -0.4696561E-08   -0.3105504E-06   -0.1263966E-05    0.3891934E-08   -0.8590560E-08
   -0.1214528E-06    0.1856857E-05   -0.1463787E-06   -0.8975141E-05   -0.5467279E-04   -0.1367320E-04   -0.4594740E-05   -0.1500245E-06    0.2815382E-03   -0.3325896E-05   -0.1293509E-03    0.2023800E-02    0.1263332E-02    0.6456790E-03    0.3234296E-03    0.1230284E-03    0.6544998E-05   -0.2163128E-04   -0.3726793E-04   -0.9421799E-04   -0.1171658E-05   -0.4001707E-06    0.1414994E-06   -0.4778091E-06    0.1661967E-06    0.1132651E-05    0.2224543E-05    0.2421388E-06   -0.8382105E-06   -0.2509511E-06    0.1296929E-05    0.6533185E-05    0.1460041E-07    0.3050750E-07
    0.1783747E-07   -0.1463787E-06    0.1002343E-06    0.1006920E-05    0.5762841E-05    0.1773361E-05    0.5038139E-06    0.1342351E-07   -0.2124535E-04   -0.9963276E-06    0.7486583E-05   -0.1063965E-03   -0.1220559E-03   -0.9150374E-04   -0.3961500E-04   -0.1525367E-04   -0.3038573E-05    0.2152415E-05   -0.2466615E-05    0.5276299E-05    0.9562890E-07    0.3061540E-07    0.2424394E-07    0.5181574E-07   -0.9658695E-07   -0.2304763E-06   -0.6095661E-06   -0.1474203E-06    0.3888562E-07    0.6153967E-07   -0.1335169E-06   -0.6832510E-06   -0.2969935E-09   -0.3986187E-08
    0.8410430E-06   -0.8975141E-05    0.1006920E-05    0.2925315E-03    0.3031064E-03    0.5602213E-03    0.3349630E-04   -0.1357804E-05   -0.1238992E-01    0.3143970E-03    0.1685037E-02   -0.4336850E-01   -0.1562741E-01    0.9264634E-03    0.8377484E-02   -0.4241608E-02   -0.8508911E-03   -0.8890230E-03   -0.1565401E-02    0.1411824E-02    0.6656064E-05    0.1526743E-05    0.2260880E-05    0.1321424E-05    0.1327753E-05   -0.2117590E-04   -0.6853308E-05   -0.3570244E-05    0.2754632E-04    0.6462937E-05    0.3487529E-06   -0.2791859E-04    0.9646005E-07   -0.1267018E-05
    0.3889382E-05   -0.5467279E-04    0.5762841E-05    0.3031064E-03    0.3924438E-02    0.4835981E-03    0.1380671E-03    0.5507117E-05   -0.7817001E-02   -0.7352705E-04    0.3936645E-02   -0.5801253E-01   -0.4175365E-01   -0.2232567E-01   -0.9449800E-02   -0.3445809E-02    0.1229382E-02    0.1945148E-02   -0.2213984E-02   -0.2960565E-02    0.3068777E-04    0.1333099E-04    0.3466905E-06    0.1464654E-04    0.4453081E-06   -0.5446996E-04   -0.9563622E-04   -0.1003006E-04    0.1324898E-03    0.8904632E-05   -0.4358730E-04   -0.1939486E-03   -0.3601487E-06   -0.1452734E-05
    0.1497182E-05   -0.1367320E-04    0.1773361E-05    0.5602213E-03    0.4835981E-03    0.1108357E-02    0.5432005E-04    0.9073237E-05   -0.2403929E-01    0.6473868E-03    0.3320499E-02   -0.8015814E-01   -0.2730572E-01    0.6164619E-02    0.2284288E-01   -0.9034530E-02   -0.1887889E-02   -0.2468102E-02   -0.3828857E-02    0.3822186E-02    0.1199273E-04    0.2167704E-05    0.4284135E-05    0.2167956E-05    0.3059130E-05   -0.4018794E-04   -0.8924727E-05   -0.6264023E-05    0.5707878E-04    0.1049833E-04    0.7300525E-06   -0.1759876E-04    0.4608652E-06   -0.2575965E-05
    0.3260002E-06   -0.4594740E-05    0.5038139E-06    0.3349630E-04    0.1380671E-03    0.5432005E-04    0.2092499E-04    0.1938311E-06   -0.4998309E-02    0.1145066E-03    0.1157009E-02   -0.2528359E-01   -0.7177522E-02    0.1859811E-02    0.5326429E-02   -0.2480631E-02    0.1315375E-03   -0.1248397E-03   -0.4633285E-03    0.5646898E-03    0.5331493E-05    0.1950477E-05   -0.3308430E-06    0.2400591E-05   -0.8058615E-06   -0.4847616E-05   -0.5625681E-05   -0.1594084E-05    0.1814489E-05    0.3640614E-06   -0.3259536E-05   -0.1481725E-04   -0.2139368E-06   -0.4747063E-06
    0.1345615E-07   -0.1500245E-06    0.1342351E-07   -0.1357804E-05    0.5507117E-05    0.9073237E-05    0.1938311E-06    0.6058870E-05    0.9858456E-03   -0.9824757E-05    0.9710093E-04    0.2115993E-02    0.2660759E-03    0.2866457E-03    0.8593604E-03   -0.1694062E-04    0.1251158E-04   -0.2686995E-04   -0.8072058E-04    0.4751815E-03    0.1235052E-05    0.2508309E-06   -0.4878464E-06    0.5808053E-06    0.1301679E-06    0.2194991E-07    0.1437773E-05    0.6592834E-06    0.2541513E-05   -0.7761044E-06   -0.1201238E-05    0.1089378E-04   -0.1039784E-07   -0.1167876E-07
   -0.1112391E-03    0.2815382E-03   -0.2124535E-04   -0.1238992E-01   -0.7817001E-02   -0.2403929E-01   -0.4998309E-02    0.9858456E-03    0.4933279E+02   -0.4832751E+00   -0.1593572E+01    0.4243524E+02    0.1464945E+00   -0.2181074E+02   -0.6762113E+02    0.2521474E+00   -0.8098157E-01    0.5164647E+00   -0.2812999E+01   -0.2481189E+02   -0.9356376E-03   -0.3426425E-03   -0.1245231E-03   -0.1137205E-03    0.1411366E-02    0.1609894E-02    0.4862696E-02    0.3538664E-02    0.2729179E-01   -0.1421595E-02   -0.4842158E-03   -0.7620989E-03   -0.1758723E-03    0.4595874E-02
    0.2027296E-05   -0.3325896E-05   -0.9963276E-06    0.3143970E-03   -0.7352705E-04    0.6473868E-03    0.1145066E-03   -0.9824757E-05   -0.4832751E+00    0.8096808E-01   -0.6126481E-01   -0.5632133E+00    0.9739910E+00    0.1795732E+01    0.7453134E+00    0.5694583E-01   -0.2139618E-02    0.9834401E-02    0.1208311E+00    0.1381615E+00    0.3599730E-04    0.1263757E-04    0.5035258E-05   -0.2350361E-04    0.1237560E-04    0.7158499E-04   -0.3314221E-03   -0.7608545E-04    0.4083261E-03   -0.4104907E-04    0.3572159E-05    0.9199265E-03    0.5065009E-05   -0.1627571E-04
    0.2451169E-04   -0.1293509E-03    0.7486583E-05    0.1685037E-02    0.3936645E-02    0.3320499E-02    0.1157009E-02    0.9710093E-04   -0.1593572E+01   -0.6126481E-01    0.3566937E+01   -0.2815006E+02   -0.3341942E+01    0.7560742E+01    0.6572925E+01   -0.2477537E+01   -0.2125147E+00    0.4673506E-01    0.2263931E+01    0.1906401E+01    0.2522434E-03    0.8603604E-04   -0.1543325E-03    0.1857406E-03    0.5023286E-03   -0.6458725E-03   -0.7543410E-03   -0.6141900E-03    0.1926496E-02    0.5910429E-04   -0.8898238E-03    0.5951290E-03    0.1762974E-03   -0.3840906E-03
   -0.4210563E-03    0.2023800E-02   -0.1063965E-03   -0.4336850E-01   -0.5801253E-01   -0.8015814E-01   -0.2528359E-01    0.2115993E-02    0.4243524E+02   -0.5632133E+00   -0.2815006E+02    0.7146201E+03    0.6300187E+02   -0.6112147E+02   -0.7228257E+02    0.1235250E+02   -0.3226004E+00    0.1161434E-01   -0.1185010E+02   -0.1729918E+02   -0.3270526E-02   -0.2008456E-02    0.9337549E-03   -0.2854392E-02   -0.4221371E-02    0.6343157E-02    0.4696271E-01   -0.7483985E-03    0.2300262E-01    0.4497163E-02   -0.2628209E-02   -0.6058019E-01    0.4427283E-02    0.4573081E-02
   -0.2324262E-03    0.1263332E-02   -0.1220559E-03   -0.1562741E-01   -0.4175365E-01   -0.2730572E-01   -0.7177522E-02    0.2660759E-03    0.1464945E+00    0.9739910E+00   -0.3341942E+01    0.6300187E+02    0.5677439E+02    0.4140944E+02    0.1689981E+02   -0.4778406E+01   -0.3421318E+00   -0.7732671E+00    0.4422959E+01    0.4743107E+01   -0.1521646E-02   -0.3768822E-03    0.4423238E-03   -0.1505538E-02    0.5946538E-03    0.4922797E-02   -0.1787080E-02    0.1604361E-02    0.8038544E-02    0.7321929E-03   -0.1041271E-02    0.2891265E-01    0.1435720E-03    0.2182423E-03
   -0.4886405E-04    0.6456790E-03   -0.9150374E-04    0.9264634E-03   -0.2232567E-01    0.6164619E-02    0.1859811E-02    0.2866457E-03   -0.2181074E+02    0.1795732E+01    0.7560742E+01   -0.6112147E+02    0.4140944E+02    0.9208933E+02    0.6566417E+02   -0.1155362E+02   -0.7459467E+00   -0.3604472E+00    0.4764067E+01    0.6360359E+01    0.6944141E-03    0.2233903E-03   -0.2275203E-03   -0.8071676E-03    0.1410100E-02   -0.4687260E-03   -0.1274346E-01   -0.5477347E-02    0.1170053E-01   -0.3335919E-03   -0.4189742E-03    0.3905728E-01    0.6741005E-03   -0.2696900E-02
    0.4162819E-04    0.3234296E-03   -0.3961500E-04    0.8377484E-02   -0.9449800E-02    0.2284288E-01    0.5326429E-02    0.8593604E-03   -0.6762113E+02    0.7453134E+00    0.6572925E+01   -0.7228257E+02    0.1689981E+02    0.6566417E+02    0.1273882E+03   -0.9795882E+01   -0.4304224E+00   -0.9231064E+00    0.2997212E+00    0.2207776E+02    0.1396104E-02    0.4579746E-03   -0.4970198E-03   -0.8146683E-04   -0.4005287E-03   -0.2153196E-02   -0.8501491E-02   -0.6005274E-02   -0.3190852E-01    0.1951382E-02    0.4287818E-02    0.2904868E-01    0.5766305E-03   -0.8018450E-02
   -0.4257561E-04    0.1230284E-03   -0.1525367E-04   -0.4241608E-02   -0.3445809E-02   -0.9034530E-02   -0.2480631E-02   -0.1694062E-04    0.2521474E+00    0.5694583E-01   -0.2477537E+01    0.1235250E+02   -0.4778406E+01   -0.1155362E+02   -0.9795882E+01    0.5718899E+01    0.1707672E+00   -0.4909024E-01   -0.1867841E+01   -0.1398407E+01   -0.4547202E-03   -0.1864693E-03   -0.2072373E-03   -0.2247227E-03   -0.4008818E-03    0.9372023E-03    0.8086110E-03    0.1073000E-02   -0.1542583E-02    0.1010999E-03    0.6297022E-03   -0.4196898E-02   -0.1129870E-03    0.1765909E-03
   -0.3490883E-05    0.6544998E-05   -0.3038573E-05   -0.8508911E-03    0.1229382E-02   -0.1887889E-02    0.1315375E-03    0.1251158E-04   -0.8098157E-01   -0.2139618E-02   -0.2125147E+00   -0.3226004E+00   -0.3421318E+00   -0.7459467E+00   -0.4304224E+00    0.1707672E+00    0.3159619E+01    0.7721702E+00    0.3392173E+00    0.5366647E+00   -0.1671051E-03    0.8622380E-04   -0.1603656E-03    0.2116864E-03   -0.1799193E-04   -0.8730737E-03   -0.5045770E-02   -0.4697811E-03    0.6229602E-03   -0.8750112E-04   -0.3209685E-03   -0.8336221E-03    0.4244555E-03    0.1116288E-04
   -0.5495977E-05   -0.2163128E-04    0.2152415E-05   -0.8890230E-03    0.1945148E-02   -0.2468102E-02   -0.1248397E-03   -0.2686995E-04    0.5164647E+00    0.9834401E-02    0.4673506E-01    0.1161434E-01   -0.7732671E+00   -0.3604472E+00   -0.9231064E+00   -0.4909024E-01    0.7721702E+00    0.3101556E+01    0.2498828E+01    0.1461324E+01    0.4132777E-04    0.4086128E-04   -0.2032604E-03    0.2450947E-04   -0.2807328E-03    0.1029594E-02    0.4062148E-02   -0.4013796E-04    0.1082134E-02   -0.1011420E-03   -0.6184820E-03   -0.3253525E-02   -0.4206787E-03   -0.1427377E-03
   -0.1444516E-04   -0.3726793E-04   -0.2466615E-05   -0.1565401E-02   -0.2213984E-02   -0.3828857E-02   -0.4633285E-03   -0.8072058E-04   -0.2812999E+01    0.1208311E+00    0.2263931E+01   -0.1185010E+02    0.4422959E+01    0.4764067E+01    0.2997212E+00   -0.1867841E+01    0.3392173E+00    0.2498828E+01    0.1780179E+02    0.2697814E+02    0.1784811E-03    0.7745944E-04    0.1935915E-03   -0.2574636E-03    0.1866155E-04    0.4592420E-03    0.6075227E-02    0.1328252E-02   -0.2147659E-02    0.7519188E-03   -0.4825416E-02    0.1861178E-02   -0.1070665E-03    0.2507288E-02
    0.1604659E-04   -0.9421799E-04    0.5276299E-05    0.1411824E-02   -0.2960565E-02    0.3822186E-02    0.5646898E-03    0.4751815E-03   -0.2481189E+02    0.1381615E+00    0.1906401E+01   -0.1729918E+02    0.4743107E+01    0.6360359E+01    0.2207776E+02   -0.1398407E+01    0.5366647E+00    0.1461324E+01    0.2697814E+02    0.6095722E+02    0.1088675E-02    0.2622694E-03    0.7601775E-03   -0.2624011E-03   -0.1379159E-02   -0.1924530E-02    0.5603379E-02    0.1038956E-03   -0.1607094E-01    0.1613894E-02   -0.8354115E-02   -0.3461433E-02   -0.6092934E-04    0.4300625E-02
    0.6936501E-07   -0.1171658E-05    0.9562890E-07    0.6656064E-05    0.3068777E-04    0.1199273E-04    0.5331493E-05    0.1235052E-05   -0.9356376E-03    0.3599730E-04    0.2522434E-03   -0.3270526E-02   -0.1521646E-02    0.6944141E-03    0.1396104E-02   -0.4547202E-03   -0.1671051E-03    0.4132777E-04    0.1784811E-03    0.1088675E-02    0.1237147E-03    0.1045051E-04    0.1631389E-05    0.2514142E-05    0.1554124E-05    0.3040790E-05   -0.1577737E-04   -0.5152897E-05    0.2771824E-05   -0.2024407E-06    0.1294036E-05   -0.6069582E-05   -0.5162937E-07    0.3898195E-07
    0.2618261E-07   -0.4001707E-06    0.3061540E-07    0.1526743E-05    0.1333099E-04    0.2167704E-05    0.1950477E-05    0.2508309E-06   -0.3426425E-03    0.1263757E-04    0.8603604E-04   -0.2008456E-02   -0.3768822E-03    0.2233903E-03    0.4579746E-03   -0.1864693E-03    0.8622380E-04    0.4086128E-04    0.7745944E-04    0.2622694E-03    0.1045051E-04    0.1393118E-04   -0.3017768E-06    0.6196506E-05   -0.2040101E-06   -0.1612015E-06   -0.1555200E-05   -0.1349950E-05   -0.4866968E-05   -0.6328178E-06    0.2240721E-05    0.3524431E-05   -0.2737419E-07   -0.3418096E-07
    0.8161731E-08    0.1414994E-06    0.2424394E-07    0.2260880E-05    0.3466905E-06    0.4284135E-05   -0.3308430E-06   -0.4878464E-06   -0.1245231E-03    0.5035258E-05   -0.1543325E-03    0.9337549E-03    0.4423238E-03   -0.2275203E-03   -0.4970198E-03   -0.2072373E-03   -0.1603656E-03   -0.2032604E-03    0.1935915E-03    0.7601775E-03    0.1631389E-05   -0.3017768E-06    0.2228742E-03    0.9102941E-08   -0.5278346E-05    0.9008100E-05   -0.1239429E-04   -0.3953894E-05   -0.1260315E-04    0.1227688E-05    0.2390754E-05   -0.1995598E-04   -0.7106123E-07    0.1484407E-06
    0.4440880E-07   -0.4778091E-06    0.5181574E-07    0.1321424E-05    0.1464654E-04    0.2167956E-05    0.2400591E-05    0.5808053E-06   -0.1137205E-03   -0.2350361E-04    0.1857406E-03   -0.2854392E-02   -0.1505538E-02   -0.8071676E-03   -0.8146683E-04   -0.2247227E-03    0.2116864E-03    0.2450947E-04   -0.2574636E-03   -0.2624011E-03    0.2514142E-05    0.6196506E-05    0.9102941E-08    0.3025207E-04   -0.6018768E-06    0.2780998E-05    0.5989464E-06    0.8332965E-08   -0.1127220E-04   -0.1014561E-05    0.1697968E-06    0.5872148E-05   -0.1649604E-07   -0.9364735E-07
    0.1317420E-07    0.1661967E-06   -0.9658695E-07    0.1327753E-05    0.4453081E-06    0.3059130E-05   -0.8058615E-06    0.1301679E-06    0.1411366E-02    0.1237560E-04    0.5023286E-03   -0.4221371E-02    0.5946538E-03    0.1410100E-02   -0.4005287E-03   -0.4008818E-03   -0.1799193E-04   -0.2807328E-03    0.1866155E-04   -0.1379159E-02    0.1554124E-05   -0.2040101E-06   -0.5278346E-05   -0.6018768E-06    0.3867955E-03    0.7976071E-05    0.2452024E-05   -0.2258350E-05    0.1308492E-04   -0.8799282E-05    0.1366279E-04   -0.1555750E-04    0.7467022E-07    0.1887627E-06
    0.1977541E-07    0.1132651E-05   -0.2304763E-06   -0.2117590E-04   -0.5446996E-04   -0.4018794E-04   -0.4847616E-05    0.2194991E-07    0.1609894E-02    0.7158499E-04   -0.6458725E-03    0.6343157E-02    0.4922797E-02   -0.4687260E-03   -0.2153196E-02    0.9372023E-03   -0.8730737E-03    0.1029594E-02    0.4592420E-03   -0.1924530E-02    0.3040790E-05   -0.1612015E-06    0.9008100E-05    0.2780998E-05    0.7976071E-05    0.3477167E-02    0.7693556E-06   -0.2013048E-05   -0.9291864E-04    0.1807711E-04   -0.5105050E-04   -0.9322171E-05   -0.3742242E-06   -0.1926983E-07
   -0.5026498E-06    0.2224543E-05   -0.6095661E-06   -0.6853308E-05   -0.9563622E-04   -0.8924727E-05   -0.5625681E-05    0.1437773E-05    0.4862696E-02   -0.3314221E-03   -0.7543410E-03    0.4696271E-01   -0.1787080E-02   -0.1274346E-01   -0.8501491E-02    0.8086110E-03   -0.5045770E-02    0.4062148E-02    0.6075227E-02    0.5603379E-02   -0.1577737E-04   -0.1555200E-05   -0.1239429E-04    0.5989464E-06    0.2452024E-05    0.7693556E-06    0.5733690E-02    0.1801941E-02    0.1829298E-02   -0.6917699E-03   -0.1445452E-03    0.4991053E-04    0.1618061E-05    0.3658309E-06
   -0.1398336E-06    0.2421388E-06   -0.1474203E-06   -0.3570244E-05   -0.1003006E-04   -0.6264023E-05   -0.1594084E-05    0.6592834E-06    0.3538664E-02   -0.7608545E-04   -0.6141900E-03   -0.7483985E-03    0.1604361E-02   -0.5477347E-02   -0.6005274E-02    0.1073000E-02   -0.4697811E-03   -0.4013796E-04    0.1328252E-02    0.1038956E-03   -0.5152897E-05   -0.1349950E-05   -0.3953894E-05    0.8332965E-08   -0.2258350E-05   -0.2013048E-05    0.1801941E-02    0.1218409E-02    0.8117719E-03    0.1995724E-03   -0.7161421E-05   -0.1698808E-03   -0.3251943E-06    0.3275578E-06
   -0.2732408E-06   -0.8382105E-06    0.3888562E-07    0.2754632E-04    0.1324898E-03    0.5707878E-04    0.1814489E-05    0.2541513E-05    0.2729179E-01    0.4083261E-03    0.1926496E-02    0.2300262E-01    0.8038544E-02    0.1170053E-01   -0.3190852E-01   -0.1542583E-02    0.6229602E-03    0.1082134E-02   -0.2147659E-02   -0.1607094E-01    0.2771824E-05   -0.4866968E-05   -0.1260315E-04   -0.1127220E-04    0.1308492E-04   -0.9291864E-04    0.1829298E-02    0.8117719E-03    0.3255057E-01   -0.6014047E-03    0.1509128E-02    0.1073721E-01   -0.7636492E-06    0.4041228E-05
   -0.4696561E-08   -0.2509511E-06    0.6153967E-07    0.6462937E-05    0.8904632E-05    0.1049833E-04    0.3640614E-06   -0.7761044E-06   -0.1421595E-02   -0.4104907E-04    0.5910429E-04    0.4497163E-02    0.7321929E-03   -0.3335919E-03    0.1951382E-02    0.1010999E-03   -0.8750112E-04   -0.1011420E-03    0.7519188E-03    0.1613894E-02   -0.2024407E-06   -0.6328178E-06    0.1227688E-05   -0.1014561E-05   -0.8799282E-05    0.1807711E-04   -0.6917699E-03    0.1995724E-03   -0.6014047E-03    0.1374226E-02    0.1871362E-03   -0.4264096E-03    0.3228785E-07    0.3410648E-06
   -0.3105504E-06    0.1296929E-05   -0.1335169E-06    0.3487529E-06   -0.4358730E-04    0.7300525E-06   -0.3259536E-05   -0.1201238E-05   -0.4842158E-03    0.3572159E-05   -0.8898238E-03   -0.2628209E-02   -0.1041271E-02   -0.4189742E-03    0.4287818E-02    0.6297022E-03   -0.3209685E-03   -0.6184820E-03   -0.4825416E-02   -0.8354115E-02    0.1294036E-05    0.2240721E-05    0.2390754E-05    0.1697968E-06    0.1366279E-04   -0.5105050E-04   -0.1445452E-03   -0.7161421E-05    0.1509128E-02    0.1871362E-03    0.5104760E-02    0.3970111E-02   -0.2069613E-07   -0.9494639E-06
   -0.1263966E-05    0.6533185E-05   -0.6832510E-06   -0.2791859E-04   -0.1939486E-03   -0.1759876E-04   -0.1481725E-04    0.1089378E-04   -0.7620989E-03    0.9199265E-03    0.5951290E-03   -0.6058019E-01    0.2891265E-01    0.3905728E-01    0.2904868E-01   -0.4196898E-02   -0.8336221E-03   -0.3253525E-02    0.1861178E-02   -0.3461433E-02   -0.6069582E-05    0.3524431E-05   -0.1995598E-04    0.5872148E-05   -0.1555750E-04   -0.9322171E-05    0.4991053E-04   -0.1698808E-03    0.1073721E-01   -0.4264096E-03    0.3970111E-02    0.3513450E-01   -0.3366053E-06    0.5309459E-06
    0.3891934E-08    0.1460041E-07   -0.2969935E-09    0.9646005E-07   -0.3601487E-06    0.4608652E-06   -0.2139368E-06   -0.1039784E-07   -0.1758723E-03    0.5065009E-05    0.1762974E-03    0.4427283E-02    0.1435720E-03    0.6741005E-03    0.5766305E-03   -0.1129870E-03    0.4244555E-03   -0.4206787E-03   -0.1070665E-03   -0.6092934E-04   -0.5162937E-07   -0.2737419E-07   -0.7106123E-07   -0.1649604E-07    0.7467022E-07   -0.3742242E-06    0.1618061E-05   -0.3251943E-06   -0.7636492E-06    0.3228785E-07   -0.2069613E-07   -0.3366053E-06    0.5223046E-06    0.4670776E-08
   -0.8590560E-08    0.3050750E-07   -0.3986187E-08   -0.1267018E-05   -0.1452734E-05   -0.2575965E-05   -0.4747063E-06   -0.1167876E-07    0.4595874E-02   -0.1627571E-04   -0.3840906E-03    0.4573081E-02    0.2182423E-03   -0.2696900E-02   -0.8018450E-02    0.1765909E-03    0.1116288E-04   -0.1427377E-03    0.2507288E-02    0.4300625E-02    0.3898195E-07   -0.3418096E-07    0.1484407E-06   -0.9364735E-07    0.1887627E-06   -0.1926983E-07    0.3658309E-06    0.3275578E-06    0.4041228E-05    0.3410648E-06   -0.9494639E-06    0.5309459E-06    0.4670776E-08    0.2098382E-05
