# omegabh2 omegach2 theta tau logA ns calPlanck
  5.3835700E-08  -4.8011846E-08   1.5926995E-08   3.4449234E-07   1.2577889E-06   1.1986855E-06   5.3503803E-09
 -4.8011846E-08   1.4701502E-06  -2.6113142E-09  -1.0064023E-06   2.0809190E-06  -3.3976016E-06  -2.4387727E-08
  1.5926995E-08  -2.6113142E-09   2.1992038E-07   9.0356659E-08   3.8037441E-07   4.3846449E-07  -1.2918372E-08
  3.4449234E-07  -1.0064023E-06   9.0356659E-08   7.0651675E-05   1.5056796E-04   1.9473574E-05   1.6686975E-07
  1.2577889E-06   2.0809190E-06   3.8037441E-07   1.5056796E-04   4.0180643E-04   5.6265114E-05   1.2590173E-05
  1.1986855E-06  -3.3976016E-06   4.3846449E-07   1.9473574E-05   5.6265114E-05   1.0337890E-04  -3.9376872E-09
  5.3503803E-09  -2.4387727E-08  -1.2918372E-08   1.6686975E-07   1.2590173E-05  -3.9376872E-09   6.0551875E-06
