# omegabh2 omegach2 theta tau Alens ns logA asz
    0.37156E-06   -0.32887E-06    0.10635E-05    0.28048E-05    0.18899E-03    0.70696E-05    0.77869E-05    0.56681E-04
   -0.32887E-06    0.31193E-04    0.87008E-06   -0.18460E-04   -0.42396E-03   -0.23330E-04    0.80698E-04   -0.35513E-03
    0.10635E-05    0.87008E-06    0.76869E-05    0.58545E-05    0.47499E-03    0.21436E-04    0.28875E-04    0.10205E-03
    0.28048E-05   -0.18460E-04    0.58545E-05    0.22600E-03    0.58057E-03    0.88063E-04    0.41785E-03    0.13575E-03
    0.18899E-03   -0.42396E-03    0.47499E-03    0.58057E-03    0.78360E+00    0.30689E-02    0.89911E-03   -0.14573E-01
    0.70696E-05   -0.23330E-04    0.21436E-04    0.88063E-04    0.30689E-02    0.20333E-03    0.19538E-03   -0.28093E-03
    0.77869E-05    0.80698E-04    0.28875E-04    0.41785E-03    0.89911E-03    0.19538E-03    0.13052E-02   -0.28971E-02
    0.56681E-04   -0.35513E-03    0.10205E-03    0.13575E-03   -0.14573E-01   -0.28093E-03   -0.28971E-02    0.33199E+00
