# omegabh2 omegach2 theta tau logA ns calPlanck calEE
    0.7685506E-06   -0.2418621E-05    0.2079486E-06    0.3030950E-05    0.9358300E-05    0.5662926E-05    0.1323169E-07   -0.1084040E-06
   -0.2418621E-05    0.1127972E-04   -0.7612720E-06   -0.3261898E-04   -0.6626546E-04   -0.2731168E-04   -0.1902178E-06   -0.3178014E-05
    0.2079486E-06   -0.7612720E-06    0.4895075E-06    0.4486526E-05    0.1001994E-04    0.2390412E-05    0.5277934E-07    0.6729753E-06
    0.3030950E-05   -0.3261898E-04    0.4486526E-05    0.4747045E-03    0.7882414E-03    0.8255675E-04   -0.1821425E-05   -0.7149088E-04
    0.9358300E-05   -0.6626546E-04    0.1001994E-04    0.7882414E-03    0.1405864E-02    0.1755408E-03    0.8414405E-05   -0.7534531E-04
    0.5662926E-05   -0.2731168E-04    0.2390412E-05    0.8255675E-04    0.1755408E-03    0.1337007E-03    0.1720859E-05    0.8226987E-05
    0.1323169E-07   -0.1902178E-06    0.5277934E-07   -0.1821425E-05    0.8414405E-05    0.1720859E-05    0.6611503E-05   -0.6316986E-06
   -0.1084040E-06   -0.3178014E-05    0.6729753E-06   -0.7149088E-04   -0.7534531E-04    0.8226987E-05   -0.6316986E-06    0.8490554E-04
