# omegabh2 omegach2 theta tau logA ns calPlanck acib217 xi asz143 aps100 aps143 aps143217 aps217 aksz kgal100 kgal143 kgal143217 kgal217 galfEE100 galfEE100143 galfEE100217 galfEE143 galfEE143217 galfEE217 galfTE100 galfTE100143 galfTE100217 galfTE143 galfTE143217 galfTE217 cal0 cal2
    0.1908359E-07   -0.7562284E-07    0.1071781E-07    0.5604287E-06    0.1059257E-05    0.1959924E-06    0.1944540E-07   -0.1091058E-03    0.2357674E-05    0.2372672E-04   -0.3477780E-03   -0.1755055E-03    0.7996272E-05    0.8517487E-04   -0.3893849E-04   -0.4135044E-05   -0.1033525E-04   -0.1743054E-04    0.1290005E-04    0.3223689E-07    0.1459110E-07   -0.6328051E-07    0.1778355E-07    0.4689538E-07   -0.5955194E-07   -0.4187543E-06   -0.1466572E-06   -0.2886500E-07   -0.4967963E-08   -0.1921512E-06   -0.9150102E-06    0.8388123E-08   -0.9541475E-08
   -0.7562284E-07    0.1299582E-05   -0.8157307E-07   -0.4948713E-05   -0.6977375E-05   -0.3049030E-05   -0.1298743E-06    0.1995633E-03   -0.6529579E-05   -0.4001185E-04    0.1109471E-02    0.5898812E-03    0.2566798E-03    0.8903047E-04    0.5970824E-04    0.1786534E-04    0.3655781E-04    0.1191637E-04   -0.1081416E-03   -0.6580191E-06   -0.2211541E-06    0.3983734E-06   -0.3237649E-06   -0.4643943E-07    0.3113175E-07    0.1218786E-05    0.1216518E-05    0.2707589E-05    0.3341291E-06    0.1051562E-05    0.6695829E-05   -0.5295459E-08   -0.1226909E-07
    0.1071781E-07   -0.8157307E-07    0.9262440E-07    0.3556147E-06    0.5916106E-06    0.2996329E-06   -0.2002021E-08   -0.7651948E-07   -0.3391885E-06   -0.2884659E-06   -0.2247108E-04   -0.3636890E-04   -0.2113491E-04   -0.1384561E-04    0.2571320E-05   -0.2982954E-05    0.7883340E-05   -0.2813894E-04   -0.4791479E-04    0.5098519E-07   -0.9990035E-08    0.1066800E-07   -0.8283500E-09    0.9277773E-07   -0.4733545E-06   -0.1835701E-06   -0.1966160E-06    0.2933008E-06    0.6821529E-08   -0.6040947E-07   -0.4540538E-06   -0.2892468E-08   -0.7966126E-08
    0.5604287E-06   -0.4948713E-05    0.3556147E-06    0.2341955E-03    0.4521996E-03    0.2001970E-04   -0.2281031E-05   -0.1055209E-01    0.2078714E-03    0.1704087E-02   -0.3599795E-01   -0.1024783E-01    0.3964703E-02    0.1060248E-01   -0.4230083E-02   -0.4364304E-03   -0.1232243E-02   -0.2022127E-02    0.1634432E-02    0.4709070E-05    0.2580094E-06   -0.6584340E-05    0.7070106E-06    0.8626568E-06   -0.1011786E-04   -0.2522317E-04   -0.5575775E-05   -0.5560860E-04    0.1585696E-05   -0.1709005E-04   -0.9938030E-04    0.1985784E-06   -0.1041229E-05
    0.1059257E-05   -0.6977375E-05    0.5916106E-06    0.4521996E-03    0.9080626E-03    0.3144741E-04    0.7763017E-05   -0.2186056E-01    0.5325109E-03    0.3238138E-02   -0.6530628E-01   -0.1697531E-01    0.1326006E-01    0.2928869E-01   -0.9303113E-02   -0.1066388E-02   -0.3083916E-02   -0.5128935E-02    0.3621583E-02    0.1071944E-04    0.4505454E-06   -0.1351011E-04    0.1921107E-05   -0.1006338E-05   -0.2514882E-04   -0.4840543E-04   -0.9363524E-05   -0.9124960E-04    0.4875467E-05   -0.3461938E-04   -0.1667624E-03    0.7085485E-06   -0.2442792E-05
    0.1959924E-06   -0.3049030E-05    0.2996329E-06    0.2001970E-04    0.3144741E-04    0.1685427E-04    0.2626753E-06   -0.5230114E-02    0.1391262E-03    0.9250012E-03   -0.2435306E-01   -0.5046407E-02    0.3539467E-02    0.6713331E-02   -0.2452027E-02    0.1484079E-03   -0.2445299E-03   -0.6158146E-03    0.8844349E-03    0.4661254E-05    0.1539652E-05   -0.7722224E-06    0.1897955E-05    0.1310073E-05   -0.1813116E-05    0.1411738E-05   -0.6093075E-06   -0.8971276E-06   -0.2335469E-05   -0.2698761E-05   -0.2576781E-04   -0.1560493E-06   -0.3636608E-06
    0.1944540E-07   -0.1298743E-06   -0.2002021E-08   -0.2281031E-05    0.7763017E-05    0.2626753E-06    0.6103222E-05    0.3909320E-03    0.3407731E-04   -0.4895177E-04    0.3220743E-02    0.7849366E-03    0.1055451E-02    0.1967513E-02   -0.7305248E-04   -0.4649939E-04   -0.1280432E-03   -0.3739113E-03    0.9753673E-04    0.1886091E-05    0.3667786E-06   -0.4379857E-06    0.8019611E-06   -0.1194136E-05   -0.1772169E-05    0.9073611E-06   -0.4102306E-06    0.9362355E-05    0.2469677E-06   -0.4734709E-06    0.7823162E-05    0.4661257E-07   -0.1278385E-06
   -0.1091058E-03    0.1995633E-03   -0.7651948E-07   -0.1055209E-01   -0.2186056E-01   -0.5230114E-02    0.3909320E-03    0.4913682E+02   -0.5473362E+00   -0.1169006E+01    0.3928878E+02   -0.1005198E+01   -0.2237949E+02   -0.6679521E+02    0.3267797E+00   -0.4021902E+00    0.1155894E+00   -0.3334700E+01   -0.2592849E+02   -0.2082706E-02   -0.1812874E-03    0.1241345E-03   -0.6137318E-03   -0.4089720E-03    0.6431712E-02   -0.1183160E-01   -0.5992320E-03    0.2292612E-01    0.4796316E-02    0.2153909E-02    0.1711335E-01   -0.1723579E-03    0.4378211E-02
    0.2357674E-05   -0.6529579E-05   -0.3391885E-06    0.2078714E-03    0.5325109E-03    0.1391262E-03    0.3407731E-04   -0.5473362E+00    0.8119902E-01   -0.6545358E-01   -0.4835659E+00    0.9537475E+00    0.1823171E+01    0.8707418E+00    0.4652656E-01   -0.9263561E-02    0.1258925E-01    0.9654361E-01    0.1268993E+00   -0.1175059E-05   -0.6990956E-05   -0.2687110E-04    0.5948365E-04   -0.1940217E-04    0.1331917E-03    0.3930282E-03    0.9629852E-04   -0.1252422E-03   -0.4750451E-04    0.2953110E-03    0.8095670E-03    0.5484054E-05   -0.2762604E-04
    0.2372672E-04   -0.4001185E-04   -0.2884659E-06    0.1704087E-02    0.3238138E-02    0.9250012E-03   -0.4895177E-04   -0.1169006E+01   -0.6545358E-01    0.3477818E+01   -0.2703456E+02   -0.3286418E+01    0.6926927E+01    0.5594771E+01   -0.2395497E+01   -0.1881327E+00    0.1010269E+00    0.2313453E+01    0.1850775E+01    0.4197562E-03   -0.3323097E-04   -0.2178926E-03   -0.2626341E-04   -0.2716862E-03    0.7549730E-03   -0.3628977E-02   -0.6366462E-03   -0.3801498E-02    0.8183517E-04   -0.3624920E-03   -0.7711625E-02    0.1671394E-03   -0.3292500E-03
   -0.3477780E-03    0.1109471E-02   -0.2247108E-04   -0.3599795E-01   -0.6530628E-01   -0.2435306E-01    0.3220743E-02    0.3928878E+02   -0.4835659E+00   -0.2703456E+02    0.6959987E+03    0.6126313E+02   -0.5757259E+02   -0.6755848E+02    0.1318733E+02   -0.2724240E+00   -0.1343372E+01   -0.1290805E+02   -0.1888927E+02   -0.1125670E-01   -0.1161241E-02    0.4525595E-02   -0.2605544E-02    0.3027155E-02   -0.2462516E-01    0.8398415E-01    0.1706498E-01    0.1758878E+00    0.5342787E-02    0.1278025E-01    0.1367961E+00    0.4771986E-02    0.4074336E-02
   -0.1755055E-03    0.5898812E-03   -0.3636890E-04   -0.1024783E-01   -0.1697531E-01   -0.5046407E-02    0.7849366E-03   -0.1005198E+01    0.9537475E+00   -0.3286418E+01    0.6126313E+02    0.5545599E+02    0.4095893E+02    0.1836713E+02   -0.4938032E+01   -0.5830986E+00   -0.8948951E+00    0.4056120E+01    0.4513897E+01   -0.3599020E-02   -0.1219551E-02    0.1387862E-03   -0.3424461E-03    0.6370878E-03    0.7718873E-02    0.6024283E-02    0.4168880E-02    0.1738258E-01    0.1876424E-03    0.3714354E-02    0.2955558E-01    0.1030701E-03   -0.4645635E-04
    0.7996272E-05    0.2566798E-03   -0.2113491E-04    0.3964703E-02    0.1326006E-01    0.3539467E-02    0.1055451E-02   -0.2237949E+02    0.1823171E+01    0.6926927E+01   -0.5757259E+02    0.4095893E+02    0.9054566E+02    0.6522403E+02   -0.1149333E+02   -0.7672956E+00   -0.1108264E+00    0.4407532E+01    0.6395921E+01   -0.4446472E-03   -0.9477870E-03   -0.1811185E-02    0.5698527E-03    0.5376476E-03    0.8415028E-02    0.4820258E-02    0.2638434E-02    0.2722289E-02   -0.3786705E-02    0.2192606E-02    0.5686572E-02    0.5939955E-03   -0.2721251E-02
    0.8517487E-04    0.8903047E-04   -0.1384561E-04    0.1060248E-01    0.2928869E-01    0.6713331E-02    0.1967513E-02   -0.6679521E+02    0.8707418E+00    0.5594771E+01   -0.6755848E+02    0.1836713E+02    0.6522403E+02    0.1245260E+03   -0.9705774E+01    0.1128118E+00   -0.3758438E+00    0.7310517E+00    0.2298392E+02    0.3245259E-02   -0.4035597E-04   -0.5200479E-03    0.8101683E-03    0.1214652E-02   -0.1387142E-02    0.1531201E-01    0.3737268E-02   -0.1472697E-01   -0.6714198E-02   -0.4810792E-02   -0.1037004E-01    0.5333946E-03   -0.7681515E-02
   -0.3893849E-04    0.5970824E-04    0.2571320E-05   -0.4230083E-02   -0.9303113E-02   -0.2452027E-02   -0.7305248E-04    0.3267797E+00    0.4652656E-01   -0.2395497E+01    0.1318733E+02   -0.4938032E+01   -0.1149333E+02   -0.9705774E+01    0.5702283E+01    0.9379393E-01   -0.7315351E-01   -0.1853130E+01   -0.1454901E+01   -0.4197267E-03    0.2171101E-04    0.4334278E-03    0.1496162E-04   -0.5842880E-03   -0.1779062E-02    0.2415395E-02   -0.7492507E-03   -0.3192611E-02    0.2521038E-03    0.2318685E-02    0.7798749E-02   -0.1102713E-03    0.1628577E-03
   -0.4135044E-05    0.1786534E-04   -0.2982954E-05   -0.4364304E-03   -0.1066388E-02    0.1484079E-03   -0.4649939E-04   -0.4021902E+00   -0.9263561E-02   -0.1881327E+00   -0.2724240E+00   -0.5830986E+00   -0.7672956E+00    0.1128118E+00    0.9379393E-01    0.3148856E+01    0.7277152E+00    0.2300995E+00    0.5336206E+00   -0.3863924E-03   -0.1540140E-03   -0.1501303E-02   -0.3315923E-04   -0.9829652E-04    0.1575464E-02   -0.5098332E-02    0.1787385E-04    0.9486639E-02    0.1745735E-02   -0.1249830E-02   -0.1261804E-02    0.4324620E-03   -0.2490995E-04
   -0.1033525E-04    0.3655781E-04    0.7883340E-05   -0.1232243E-02   -0.3083916E-02   -0.2445299E-03   -0.1280432E-03    0.1155894E+00    0.1258925E-01    0.1010269E+00   -0.1343372E+01   -0.8948951E+00   -0.1108264E+00   -0.3758438E+00   -0.7315351E-01    0.7277152E+00    0.3126405E+01    0.2391632E+01    0.1350304E+01   -0.5465434E-04   -0.9864262E-04   -0.5324444E-04   -0.1200211E-03   -0.1201671E-03    0.2855321E-03    0.2195942E-02   -0.1075423E-02    0.2067343E-02   -0.1905446E-03   -0.1542497E-03   -0.3565494E-02   -0.4484510E-03   -0.2725291E-03
   -0.1743054E-04    0.1191637E-04   -0.2813894E-04   -0.2022127E-02   -0.5128935E-02   -0.6158146E-03   -0.3739113E-03   -0.3334700E+01    0.9654361E-01    0.2313453E+01   -0.1290805E+02    0.4056120E+01    0.4407532E+01    0.7310517E+00   -0.1853130E+01    0.2300995E+00    0.2391632E+01    0.1752212E+02    0.2679808E+02   -0.9457385E-04   -0.3959553E-03   -0.2137171E-03   -0.2226764E-03   -0.3968192E-03    0.2753794E-02    0.2935481E-02    0.6197594E-03   -0.3268460E-02   -0.7737491E-03   -0.5427774E-03   -0.2169441E-02   -0.1198084E-03    0.2329998E-02
    0.1290005E-04   -0.1081416E-03   -0.4791479E-04    0.1634432E-02    0.3621583E-02    0.8844349E-03    0.9753673E-04   -0.2592849E+02    0.1268993E+00    0.1850775E+01   -0.1888927E+02    0.4513897E+01    0.6395921E+01    0.2298392E+02   -0.1454901E+01    0.5336206E+00    0.1350304E+01    0.2679808E+02    0.6156044E+02    0.8437711E-03   -0.4928248E-03   -0.1069953E-02   -0.2129340E-03    0.1619322E-04   -0.6333666E-03    0.1319794E-01    0.1809191E-02   -0.3922946E-02   -0.6275758E-02   -0.3531434E-02   -0.1018312E-01   -0.4652393E-04    0.4182109E-02
    0.3223689E-07   -0.6580191E-06    0.5098519E-07    0.4709070E-05    0.1071944E-04    0.4661254E-05    0.1886091E-05   -0.2082706E-02   -0.1175059E-05    0.4197562E-03   -0.1125670E-01   -0.3599020E-02   -0.4446472E-03    0.3245259E-02   -0.4197267E-03   -0.3863924E-03   -0.5465434E-04   -0.9457385E-04    0.8437711E-03    0.1235490E-03    0.1007030E-04   -0.8805409E-06    0.2460402E-05   -0.9087354E-06    0.7664166E-05   -0.2155111E-04   -0.8484874E-05   -0.1423650E-05    0.5733174E-05   -0.4216947E-05   -0.5974785E-05   -0.3105487E-06   -0.2970347E-06
    0.1459110E-07   -0.2211541E-06   -0.9990035E-08    0.2580094E-06    0.4505454E-06    0.1539652E-05    0.3667786E-06   -0.1812874E-03   -0.6990956E-05   -0.3323097E-04   -0.1161241E-02   -0.1219551E-02   -0.9477870E-03   -0.4035597E-04    0.2171101E-04   -0.1540140E-03   -0.9864262E-04   -0.3959553E-03   -0.4928248E-03    0.1007030E-04    0.1400556E-04    0.1829844E-07    0.6138339E-05    0.6398321E-06    0.1982636E-05    0.1892736E-05   -0.5575007E-06    0.1729621E-05    0.1239104E-05    0.7766569E-06    0.3686325E-05   -0.7479867E-08   -0.2324698E-07
   -0.6328051E-07    0.3983734E-06    0.1066800E-07   -0.6584340E-05   -0.1351011E-04   -0.7722224E-06   -0.4379857E-06    0.1241345E-03   -0.2687110E-04   -0.2178926E-03    0.4525595E-02    0.1387862E-03   -0.1811185E-02   -0.5200479E-03    0.4334278E-03   -0.1501303E-02   -0.5324444E-04   -0.2137171E-03   -0.1069953E-02   -0.8805409E-06    0.1829844E-07    0.2292117E-03   -0.6295960E-06   -0.8664933E-05    0.1113755E-04   -0.3940069E-05   -0.2729266E-05   -0.3842368E-06    0.6066132E-05    0.7237501E-05   -0.2791074E-04   -0.2626775E-06   -0.1149461E-06
    0.1778355E-07   -0.3237649E-06   -0.8283500E-09    0.7070106E-06    0.1921107E-05    0.1897955E-05    0.8019611E-06   -0.6137318E-03    0.5948365E-04   -0.2626341E-04   -0.2605544E-02   -0.3424461E-03    0.5698527E-03    0.8101683E-03    0.1496162E-04   -0.3315923E-04   -0.1200211E-03   -0.2226764E-03   -0.2129340E-03    0.2460402E-05    0.6138339E-05   -0.6295960E-06    0.3025013E-04    0.1918401E-05    0.2794451E-05   -0.5220656E-05   -0.3465278E-07   -0.8544143E-05   -0.1828553E-05    0.7969471E-06   -0.1477242E-04    0.1004845E-07   -0.2794202E-07
    0.4689538E-07   -0.4643943E-07    0.9277773E-07    0.8626568E-06   -0.1006338E-05    0.1310073E-05   -0.1194136E-05   -0.4089720E-03   -0.1940217E-04   -0.2716862E-03    0.3027155E-02    0.6370878E-03    0.5376476E-03    0.1214652E-02   -0.5842880E-03   -0.9829652E-04   -0.1201671E-03   -0.3968192E-03    0.1619322E-04   -0.9087354E-06    0.6398321E-06   -0.8664933E-05    0.1918401E-05    0.3833783E-03   -0.2791865E-04    0.2457514E-05   -0.5306622E-05    0.7135107E-05   -0.1232827E-04   -0.1352931E-04    0.6344311E-06   -0.7234903E-07    0.2373927E-06
   -0.5955194E-07    0.3113175E-07   -0.4733545E-06   -0.1011786E-04   -0.2514882E-04   -0.1813116E-05   -0.1772169E-05    0.6431712E-02    0.1331917E-03    0.7549730E-03   -0.2462516E-01    0.7718873E-02    0.8415028E-02   -0.1387142E-02   -0.1779062E-02    0.1575464E-02    0.2855321E-03    0.2753794E-02   -0.6333666E-03    0.7664166E-05    0.1982636E-05    0.1113755E-04    0.2794451E-05   -0.2791865E-04    0.3590589E-02   -0.1766690E-04   -0.1730123E-05    0.2477363E-03   -0.1777409E-04   -0.4546948E-05    0.1357843E-03    0.1688525E-06    0.1495972E-05
   -0.4187543E-06    0.1218786E-05   -0.1835701E-06   -0.2522317E-04   -0.4840543E-04    0.1411738E-05    0.9073611E-06   -0.1183160E-01    0.3930282E-03   -0.3628977E-02    0.8398415E-01    0.6024283E-02    0.4820258E-02    0.1531201E-01    0.2415395E-02   -0.5098332E-02    0.2195942E-02    0.2935481E-02    0.1319794E-01   -0.2155111E-04    0.1892736E-05   -0.3940069E-05   -0.5220656E-05    0.2457514E-05   -0.1766690E-04    0.5860818E-02    0.1816529E-02    0.1567825E-02   -0.7262206E-03   -0.9151013E-04    0.2201928E-03    0.1252015E-05    0.7335675E-06
   -0.1466572E-06    0.1216518E-05   -0.1966160E-06   -0.5575775E-05   -0.9363524E-05   -0.6093075E-06   -0.4102306E-06   -0.5992320E-03    0.9629852E-04   -0.6366462E-03    0.1706498E-01    0.4168880E-02    0.2638434E-02    0.3737268E-02   -0.7492507E-03    0.1787385E-04   -0.1075423E-02    0.6197594E-03    0.1809191E-02   -0.8484874E-05   -0.5575007E-06   -0.2729266E-05   -0.3465278E-07   -0.5306622E-05   -0.1730123E-05    0.1816529E-02    0.1216885E-02    0.7194728E-03    0.1987634E-03    0.3561033E-04   -0.8895207E-04    0.7629669E-07    0.4984535E-06
   -0.2886500E-07    0.2707589E-05    0.2933008E-06   -0.5560860E-04   -0.9124960E-04   -0.8971276E-06    0.9362355E-05    0.2292612E-01   -0.1252422E-03   -0.3801498E-02    0.1758878E+00    0.1738258E-01    0.2722289E-02   -0.1472697E-01   -0.3192611E-02    0.9486639E-02    0.2067343E-02   -0.3268460E-02   -0.3922946E-02   -0.1423650E-05    0.1729621E-05   -0.3842368E-06   -0.8544143E-05    0.7135107E-05    0.2477363E-03    0.1567825E-02    0.7194728E-03    0.3314143E-01   -0.5226626E-03    0.1586721E-02    0.1168926E-01    0.3243489E-06    0.2774366E-05
   -0.4967963E-08    0.3341291E-06    0.6821529E-08    0.1585696E-05    0.4875467E-05   -0.2335469E-05    0.2469677E-06    0.4796316E-02   -0.4750451E-04    0.8183517E-04    0.5342787E-02    0.1876424E-03   -0.3786705E-02   -0.6714198E-02    0.2521038E-03    0.1745735E-02   -0.1905446E-03   -0.7737491E-03   -0.6275758E-02    0.5733174E-05    0.1239104E-05    0.6066132E-05   -0.1828553E-05   -0.1232827E-04   -0.1777409E-04   -0.7262206E-03    0.1987634E-03   -0.5226626E-03    0.1434009E-02    0.1468317E-03   -0.3978704E-03    0.4003115E-06   -0.5058046E-06
   -0.1921512E-06    0.1051562E-05   -0.6040947E-07   -0.1709005E-04   -0.3461938E-04   -0.2698761E-05   -0.4734709E-06    0.2153909E-02    0.2953110E-03   -0.3624920E-03    0.1278025E-01    0.3714354E-02    0.2192606E-02   -0.4810792E-02    0.2318685E-02   -0.1249830E-02   -0.1542497E-03   -0.5427774E-03   -0.3531434E-02   -0.4216947E-05    0.7766569E-06    0.7237501E-05    0.7969471E-06   -0.1352931E-04   -0.4546948E-05   -0.9151013E-04    0.3561033E-04    0.1586721E-02    0.1468317E-03    0.5238851E-02    0.4191034E-02   -0.5690090E-06   -0.6243238E-06
   -0.9150102E-06    0.6695829E-05   -0.4540538E-06   -0.9938030E-04   -0.1667624E-03   -0.2576781E-04    0.7823162E-05    0.1711335E-01    0.8095670E-03   -0.7711625E-02    0.1367961E+00    0.2955558E-01    0.5686572E-02   -0.1037004E-01    0.7798749E-02   -0.1261804E-02   -0.3565494E-02   -0.2169441E-02   -0.1018312E-01   -0.5974785E-05    0.3686325E-05   -0.2791074E-04   -0.1477242E-04    0.6344311E-06    0.1357843E-03    0.2201928E-03   -0.8895207E-04    0.1168926E-01   -0.3978704E-03    0.4191034E-02    0.3670589E-01   -0.6488794E-06    0.2169409E-05
    0.8388123E-08   -0.5295459E-08   -0.2892468E-08    0.1985784E-06    0.7085485E-06   -0.1560493E-06    0.4661257E-07   -0.1723579E-03    0.5484054E-05    0.1671394E-03    0.4771986E-02    0.1030701E-03    0.5939955E-03    0.5333946E-03   -0.1102713E-03    0.4324620E-03   -0.4484510E-03   -0.1198084E-03   -0.4652393E-04   -0.3105487E-06   -0.7479867E-08   -0.2626775E-06    0.1004845E-07   -0.7234903E-07    0.1688525E-06    0.1252015E-05    0.7629669E-07    0.3243489E-06    0.4003115E-06   -0.5690090E-06   -0.6488794E-06    0.5413490E-06    0.2135162E-07
   -0.9541475E-08   -0.1226909E-07   -0.7966126E-08   -0.1041229E-05   -0.2442792E-05   -0.3636608E-06   -0.1278385E-06    0.4378211E-02   -0.2762604E-04   -0.3292500E-03    0.4074336E-02   -0.4645635E-04   -0.2721251E-02   -0.7681515E-02    0.1628577E-03   -0.2490995E-04   -0.2725291E-03    0.2329998E-02    0.4182109E-02   -0.2970347E-06   -0.2324698E-07   -0.1149461E-06   -0.2794202E-07    0.2373927E-06    0.1495972E-05    0.7335675E-06    0.4984535E-06    0.2774366E-05   -0.5058046E-06   -0.6243238E-06    0.2169409E-05    0.2135162E-07    0.2054928E-05
