# omegabh2 omegach2 theta tau w logA ns calPlanck aps100 aps143 aps217 acib217 asz143 psr cibr xi aksz dust100 dust143 dust217 dust143x217 cal0 cal2 calTE calEE
  2.4258582E-08  -1.0331597E-07   1.6872741E-08   2.4492829E-07  -2.4353223E-06   3.0037838E-07   3.0958879E-07  -1.5691932E-09  -3.5050870E-04  -2.8398374E-04   3.3085640E-05  -1.0647403E-04   1.5714211E-05   1.1719926E-06  -2.6523006E-06   1.3309296E-06  -2.7700263E-05   3.4261292E-07   5.9356419E-08   3.4119467E-07   7.6280863E-08   4.1000423E-09  -1.0288891E-08  -8.9983657E-08  -2.5831274E-07
 -1.0331597E-07   1.8266944E-06  -1.5610962E-07  -2.0221116E-06   6.9919301E-06   2.1899007E-07  -4.0861993E-06  -4.8264951E-08   2.7002373E-04   7.2131886E-04   3.4989088E-04   1.0703551E-04  -1.4127906E-05  -1.7364918E-06   6.7330066E-06  -5.2260422E-06   1.4079259E-05   2.9779742E-06  -1.4238654E-06   7.5691519E-07  -2.2943886E-06  -2.6379387E-08   4.1959736E-08  -3.8363223E-07  -7.6368582E-07
  1.6872741E-08  -1.5610962E-07   9.9388764E-08   2.9287053E-07  -2.5402996E-06   3.2165353E-07   4.7188622E-07   7.8238017E-09   8.6144381E-05  -4.4747913E-05  -7.1147256E-05  -2.2496175E-06  -3.1176500E-06  -1.6868087E-07  -1.3007483E-07   1.5443227E-06  -5.2753468E-07  -6.3017908E-07   5.5592901E-07   1.9855733E-07   4.2362081E-07   1.2498623E-09   8.9640323E-10  -4.7528843E-08   4.8504983E-08
  2.4492829E-07  -2.0221116E-06   2.9287053E-07   5.9116118E-05   2.2714890E-05   1.1271034E-04   7.6397680E-06  -3.8766175E-07  -1.2926362E-02  -5.7774137E-03   2.2587427E-03  -3.2395721E-03   1.5757372E-04   2.2556327E-05  -5.5102109E-05   4.6071967E-05  -5.4219349E-04  -1.7208815E-05  -1.4849449E-05   2.0236107E-05   6.7007889E-06  -1.0099001E-07  -1.8312367E-07  -4.1242562E-06  -2.6526246E-06
 -2.4353223E-06   6.9919301E-06  -2.5402996E-06   2.2714890E-05   8.4424325E-02   8.2214496E-05  -1.1052136E-05   2.0319441E-05   1.3603427E-01   4.0236228E-02  -3.1436871E-02   2.4609676E-02  -9.2206533E-03  -7.7694976E-05  -1.4141429E-03  -1.0073032E-03   2.7219926E-02  -1.3919308E-03  -4.1888143E-04  -3.1151955E-04   2.0051929E-04  -7.1907822E-06   4.4134846E-06   1.0872017E-04   4.2360419E-05
  3.0037838E-07   2.1899007E-07   3.2165353E-07   1.1271034E-04   8.2214496E-05   2.5295817E-04   4.5542875E-06   1.1475955E-05  -2.1909078E-02  -8.1348222E-03   1.4453649E-02  -7.8565900E-03   4.3793649E-04   8.2967319E-05  -1.6602628E-04   1.3322064E-04  -2.3478318E-03  -2.9839602E-05  -1.2571115E-04   6.3422668E-05  -5.6980275E-06   3.9610886E-07  -4.6108330E-07  -9.4453286E-06  -4.4117158E-06
  3.0958879E-07  -4.0861993E-06   4.7188622E-07   7.6397680E-06  -1.1052136E-05   4.5542875E-06   1.9376547E-05   3.7675944E-07  -2.2290946E-02  -7.7086169E-03   7.8183834E-03  -5.8496943E-03   5.9809018E-04   6.4482750E-05  -1.1311761E-04   6.5767633E-05  -1.9552878E-03   3.4103799E-06  -2.0674865E-05   2.4977846E-05  -6.4724508E-06  -2.9041097E-07  -5.0873145E-07   1.3961273E-07  -2.1078446E-06
 -1.5691932E-09  -4.8264951E-08   7.8238017E-09  -3.8766175E-07   2.0319441E-05   1.1475955E-05   3.7675944E-07   6.1567549E-06   2.2624318E-03   5.4887380E-04   1.8550816E-03   3.9236365E-04   6.5119852E-05   7.1388611E-06  -6.0828867E-06   9.2676760E-06  -1.6666652E-04   5.9821068E-06   1.2014136E-06   4.7301794E-06  -4.3297829E-07   7.7569179E-09  -1.0548525E-07  -3.2509623E-07   1.4731286E-07
 -3.5050870E-04   2.7002373E-04   8.6144381E-05  -1.2926362E-02   1.3603427E-01  -2.1909078E-02  -2.2290946E-02   2.2624318E-03   6.1005197E+02   5.6148450E+01  -6.2832882E+01   3.4051321E+01  -2.5109679E+01  -8.3750513E-01  -1.8962127E-01  -2.5042373E-01   1.1159907E+01  -1.7542847E-01   3.5312145E-01  -2.9620497E-01  -1.5845180E-01   6.5774651E-03   3.1614125E-03  -2.5337303E-04   5.2465288E-03
 -2.8398374E-04   7.2131886E-04  -4.4747913E-05  -5.7774137E-03   4.0236228E-02  -8.1348222E-03  -7.7086169E-03   5.4887380E-04   5.6148450E+01   6.6022169E+01   8.6885888E+00   6.5980349E+00  -2.1515113E-01  -2.0447893E-02   4.6388704E-01   9.1927292E-01  -8.2336042E+00  -3.5120083E-02  -2.4481600E-01   4.9677031E-02   5.8840331E-02   8.9690510E-04   7.3474222E-04   2.3548371E-03   5.0898840E-03
  3.3085640E-05   3.4989088E-04  -7.1147256E-05   2.2587427E-03  -3.1436871E-02   1.4453649E-02   7.8183834E-03   1.8550816E-03  -6.2832882E+01   8.6885888E+00   1.7264986E+02  -8.0627040E+01   3.5122291E+00   3.3977550E-01  -9.8929097E-01   3.1888530E-01  -8.3363583E+00  -4.3958675E-02  -2.5783044E-01   5.3989110E-01  -8.6924085E-03   1.6003337E-03  -7.8169276E-03   2.5407847E-03   3.0508603E-03
 -1.0647403E-04   1.0703551E-04  -2.2496175E-06  -3.2395721E-03   2.4609676E-02  -7.8565900E-03  -5.8496943E-03   3.9236365E-04   3.4051321E+01   6.5980349E+00  -8.0627040E+01   5.0146582E+01   1.2300180E+00  -4.2596059E-02   6.9663679E-01  -2.3766184E-01  -2.1897306E+00   2.7324237E-02   1.5222676E-01  -4.4332819E-01  -1.1878921E-01  -4.6361343E-04   3.0149691E-03  -6.0209067E-04   1.1926187E-04
  1.5714211E-05  -1.4127906E-05  -3.1176500E-06   1.5757372E-04  -9.2206533E-03   4.3793649E-04   5.9809018E-04   6.5119852E-05  -2.5109679E+01  -2.1515113E-01   3.5122291E+00   1.2300180E+00   4.3762369E+00   1.0335060E-01   1.5664179E-01  -3.6960369E-02  -3.5641773E+00  -8.7250958E-04  -5.8059743E-03   1.4143872E-02   5.3853615E-02   4.7530664E-04  -3.0395191E-04  -8.5882237E-05  -2.9649096E-04
  1.1719926E-06  -1.7364918E-06  -1.6868087E-07   2.2556327E-05  -7.7694976E-05   8.2967319E-05   6.4482750E-05   7.1388611E-06  -8.3750513E-01  -2.0447893E-02   3.3977550E-01  -4.2596059E-02   1.0335060E-01   1.6224774E-02  -1.6375328E-02   1.1572774E-02  -1.0356571E-01  -2.3118689E-04  -1.2635525E-03  -2.6308405E-03   5.1241899E-03   1.9053125E-05  -3.9713810E-05   2.5137315E-05   1.8661612E-06
 -2.6523006E-06   6.7330066E-06  -1.3007483E-07  -5.5102109E-05  -1.4141429E-03  -1.6602628E-04  -1.1311761E-04  -6.0828867E-06  -1.8962127E-01   4.6388704E-01  -9.8929097E-01   6.9663679E-01   1.5664179E-01  -1.6375328E-02   6.8343658E-02   4.3229557E-03  -1.6046871E-01   7.4015699E-04   6.7301676E-03   9.3008282E-06  -1.7768860E-02  -9.5894364E-06   9.0524833E-05  -3.6019735E-05  -1.6542762E-06
  1.3309296E-06  -5.2260422E-06   1.5443227E-06   4.6071967E-05  -1.0073032E-03   1.3322064E-04   6.5767633E-05   9.2676760E-06  -2.5042373E-01   9.1927292E-01   3.1888530E-01  -2.3766184E-01  -3.6960369E-02   1.1572774E-02   4.3229557E-03   8.1848440E-02   3.6946803E-02  -9.5432875E-04  -5.3848073E-04   1.2009230E-03   1.1657543E-03   1.4391226E-05  -5.1178103E-06   4.2119030E-05   2.1318955E-05
 -2.7700263E-05   1.4079259E-05  -5.2753468E-07  -5.4219349E-04   2.7219926E-02  -2.3478318E-03  -1.9552878E-03  -1.6666652E-04   1.1159907E+01  -8.2336042E+00  -8.3363583E+00  -2.1897306E+00  -3.5641773E+00  -1.0356571E-01  -1.6046871E-01   3.6946803E-02   7.3743935E+00  -2.8615084E-03   3.0362026E-03  -5.6176702E-03  -4.2922427E-02  -4.1674165E-04   1.9334655E-04  -1.7607124E-04  -1.1061654E-04
  3.4261292E-07   2.9779742E-06  -6.3017908E-07  -1.7208815E-05  -1.3919308E-03  -2.9839602E-05   3.4103799E-06   5.9821068E-06  -1.7542847E-01  -3.5120083E-02  -4.3958675E-02   2.7324237E-02  -8.7250958E-04  -2.3118689E-04   7.4015699E-04  -9.5432875E-04  -2.8615084E-03   3.8963488E-02   2.5724988E-03  -1.7007460E-04   1.9817249E-04   3.8049991E-05  -1.2199622E-06  -2.7130660E-05  -3.2791911E-05
  5.9356419E-08  -1.4238654E-06   5.5592901E-07  -1.4849449E-05  -4.1888143E-04  -1.2571115E-04  -2.0674865E-05   1.2014136E-06   3.5312145E-01  -2.4481600E-01  -2.5783044E-01   1.5222676E-01  -5.8059743E-03  -1.2635525E-03   6.7301676E-03  -5.3848073E-04   3.0362026E-03   2.5724988E-03   3.1144352E-02  -7.4166268E-04   5.2516306E-03  -7.9802347E-05  -4.6328106E-05  -7.7718034E-05  -8.6024364E-05
  3.4119467E-07   7.5691519E-07   1.9855733E-07   2.0236107E-05  -3.1151955E-04   6.3422668E-05   2.4977846E-05   4.7301794E-06  -2.9620497E-01   4.9677031E-02   5.3989110E-01  -4.4332819E-01   1.4143872E-02  -2.6308405E-03   9.3008282E-06   1.2009230E-03  -5.6176702E-03  -1.7007460E-04  -7.4166268E-04   1.0699895E-02   8.5780715E-03   3.5553469E-06   6.3856855E-05   2.0443068E-06   4.9408597E-07
  7.6280863E-08  -2.2943886E-06   4.2362081E-07   6.7007889E-06   2.0051929E-04  -5.6980275E-06  -6.4724508E-06  -4.3297829E-07  -1.5845180E-01   5.8840331E-02  -8.6924085E-03  -1.1878921E-01   5.3853615E-02   5.1241899E-03  -1.7768860E-02   1.1657543E-03  -4.2922427E-02   1.9817249E-04   5.2516306E-03   8.5780715E-03   2.6492760E-02  -1.1105607E-06   5.9904041E-05  -7.4805984E-06  -1.4277915E-05
  4.1000423E-09  -2.6379387E-08   1.2498623E-09  -1.0099001E-07  -7.1907822E-06   3.9610886E-07  -2.9041097E-07   7.7569179E-09   6.5774651E-03   8.9690510E-04   1.6003337E-03  -4.6361343E-04   4.7530664E-04   1.9053125E-05  -9.5894364E-06   1.4391226E-05  -4.1674165E-04   3.8049991E-05  -7.9802347E-05   3.5553469E-06  -1.1105607E-06   1.1068287E-06   4.4721131E-08   3.1663906E-07   5.9486217E-07
 -1.0288891E-08   4.1959736E-08   8.9640323E-10  -1.8312367E-07   4.4134846E-06  -4.6108330E-07  -5.0873145E-07  -1.0548525E-07   3.1614125E-03   7.3474222E-04  -7.8169276E-03   3.0149691E-03  -3.0395191E-04  -3.9713810E-05   9.0524833E-05  -5.1178103E-06   1.9334655E-04  -1.2199622E-06  -4.6328106E-05   6.3856855E-05   5.9904041E-05   4.4721131E-08   2.4870547E-06   2.5892887E-07   2.4245303E-07
 -8.9983657E-08  -3.8363223E-07  -4.7528843E-08  -4.1242562E-06   1.0872017E-04  -9.4453286E-06   1.3961273E-07  -3.2509623E-07  -2.5337303E-04   2.3548371E-03   2.5407847E-03  -6.0209067E-04  -8.5882237E-05   2.5137315E-05  -3.6019735E-05   4.2119030E-05  -1.7607124E-04  -2.7130660E-05  -7.7718034E-05   2.0443068E-06  -7.4805984E-06   3.1663906E-07   2.5892887E-07   2.4155182E-05   8.3310824E-06
 -2.5831274E-07  -7.6368582E-07   4.8504983E-08  -2.6526246E-06   4.2360419E-05  -4.4117158E-06  -2.1078446E-06   1.4731286E-07   5.2465288E-03   5.0898840E-03   3.0508603E-03   1.1926187E-04  -2.9649096E-04   1.8661612E-06  -1.6542762E-06   2.1318955E-05  -1.1061654E-04  -3.2791911E-05  -8.6024364E-05   4.9408597E-07  -1.4277915E-05   5.9486217E-07   2.4245303E-07   8.3310824E-06   2.4563965E-05
