# omegabh2 omegach2 theta tau nnu ns logA aps100 aps143 aps217 acib143 acib217 asz143 psr cibr ncib cal0 cal2 xi aksz bm_1_1
    0.91297E-07    0.19293E-06    0.16635E-07    0.13123E-05    0.34864E-04    0.20138E-05    0.31652E-05    0.11934E-03   -0.42661E-03   -0.14954E-03    0.24969E-04   -0.46196E-04    0.24275E-04   -0.81807E-07   -0.32123E-06   -0.33692E-06    0.13261E-08   -0.76884E-08   -0.24938E-06   -0.10546E-04   -0.70650E-06
    0.19293E-06    0.23511E-04   -0.21134E-05   -0.42971E-05    0.11120E-02    0.18944E-04    0.43331E-04    0.43234E-01    0.12295E-01   -0.20268E-02    0.30046E-02    0.68365E-02    0.25806E-03   -0.12127E-04    0.11757E-03    0.84018E-05   -0.84323E-08    0.33155E-06   -0.44665E-04    0.11973E-02    0.41001E-03
    0.16635E-07   -0.21134E-05    0.51320E-06    0.76218E-06   -0.10188E-03   -0.12961E-05   -0.28571E-05   -0.40190E-02   -0.13473E-02    0.13225E-03   -0.22482E-03   -0.63570E-03   -0.24914E-04    0.83110E-06   -0.12789E-04   -0.75824E-06    0.32136E-08   -0.31349E-07    0.32004E-05   -0.10158E-03   -0.37811E-04
    0.13123E-05   -0.42971E-05    0.76218E-06    0.20570E-03    0.50679E-03    0.55479E-04    0.39950E-03   -0.53977E-01   -0.78197E-02    0.48916E-02   -0.29745E-02   -0.57543E-02    0.11016E-03    0.28061E-04   -0.17227E-03    0.25476E-04    0.21247E-07   -0.18336E-06    0.77428E-04   -0.14196E-02   -0.28758E-03
    0.34864E-04    0.11120E-02   -0.10188E-03    0.50679E-03    0.72614E-01    0.21128E-02    0.34372E-02    0.24346E+01    0.58722E+00   -0.30340E+00    0.21149E+00    0.45953E+00    0.25385E-01   -0.10472E-02    0.85351E-02    0.35096E-03    0.44254E-08    0.18136E-04   -0.32272E-02    0.75085E-01    0.17564E-01
    0.20138E-05    0.18944E-04   -0.12961E-05    0.55479E-04    0.21128E-02    0.11035E-03    0.15072E-03    0.99892E-02    0.92964E-02    0.73660E-02   -0.38187E-03    0.17261E-02    0.18692E-03    0.26982E-04   -0.26244E-04    0.35779E-04   -0.44518E-07    0.43394E-06   -0.29059E-04   -0.69807E-03    0.48265E-03
    0.31652E-05    0.43331E-04   -0.28571E-05    0.39950E-03    0.34372E-02    0.15072E-03    0.89940E-03   -0.19547E-01    0.17820E-01    0.20711E-01   -0.40516E-02   -0.26464E-02   -0.35150E-03    0.82163E-04   -0.28797E-03    0.11508E-03    0.77431E-07    0.92451E-06    0.10107E-03   -0.18682E-02    0.10128E-02
    0.11934E-03    0.43234E-01   -0.40190E-02   -0.53977E-01    0.24346E+01    0.99892E-02   -0.19547E-01    0.36496E+04    0.12366E+03   -0.16540E+03    0.82439E+02    0.11961E+03   -0.61246E+02   -0.10081E+01    0.46626E+00    0.43592E+00    0.99622E-03    0.26562E-03   -0.21556E+00   -0.15791E+02    0.17298E+02
   -0.42661E-03    0.12295E-01   -0.13473E-02   -0.78197E-02    0.58722E+00    0.92964E-02    0.17820E-01    0.12366E+03    0.20137E+03    0.36848E+02   -0.38056E+02    0.14900E+01   -0.85913E+01   -0.61311E-01    0.87561E-01    0.66202E-01   -0.23097E-04    0.10992E-02    0.12970E+01   -0.12312E+02    0.69096E+00
   -0.14954E-03   -0.20268E-02    0.13225E-03    0.48916E-02   -0.30340E+00    0.73660E-02    0.20711E-01   -0.16540E+03    0.36848E+02    0.32758E+03   -0.35766E+02   -0.13892E+03   -0.65473E+00    0.14078E+00   -0.19482E+01   -0.91233E+00   -0.14763E-03   -0.34360E-02    0.61726E+00   -0.94804E+01    0.12228E+01
    0.24969E-04    0.30046E-02   -0.22482E-03   -0.29745E-02    0.21149E+00   -0.38187E-03   -0.40516E-02    0.82439E+02   -0.38056E+02   -0.35766E+02    0.31814E+02    0.20079E+02   -0.10025E+01   -0.43390E-01    0.20548E+00    0.57936E-01    0.72740E-05   -0.19797E-03    0.80059E-01   -0.57857E+00   -0.49401E+00
   -0.46196E-04    0.68365E-02   -0.63570E-03   -0.57543E-02    0.45953E+00    0.17261E-02   -0.26464E-02    0.11961E+03    0.14900E+01   -0.13892E+03    0.20079E+02    0.72688E+02    0.58947E+00   -0.11177E-01    0.92156E+00    0.57294E+00    0.73185E-04    0.17824E-02   -0.34257E+00   -0.15170E+01   -0.33090E+00
    0.24275E-04    0.25806E-03   -0.24914E-04    0.11016E-03    0.25385E-01    0.18692E-03   -0.35150E-03   -0.61246E+02   -0.85913E+01   -0.65473E+00   -0.10025E+01    0.58947E+00    0.77304E+01    0.32349E-01    0.27234E+00   -0.35271E-01   -0.11040E-04   -0.11278E-03   -0.55739E-01   -0.16659E+00    0.16040E+00
   -0.81807E-07   -0.12127E-04    0.83110E-06    0.28061E-04   -0.10472E-02    0.26982E-04    0.82163E-04   -0.10081E+01   -0.61311E-01    0.14078E+00   -0.43390E-01   -0.11177E-01    0.32349E-01    0.70024E-02   -0.66918E-02    0.52242E-02    0.19780E-06   -0.10237E-04    0.39336E-02   -0.15388E-01    0.52583E-02
   -0.32123E-06    0.11757E-03   -0.12789E-04   -0.17227E-03    0.85351E-02   -0.26244E-04   -0.28797E-03    0.46626E+00    0.87561E-01   -0.19482E+01    0.20548E+00    0.92156E+00    0.27234E+00   -0.66918E-02    0.46735E-01   -0.55051E-02    0.22943E-06    0.44051E-04    0.65054E-03   -0.20803E-01   -0.75915E-02
   -0.33692E-06    0.84018E-05   -0.75824E-06    0.25476E-04    0.35096E-03    0.35779E-04    0.11508E-03    0.43592E+00    0.66202E-01   -0.91233E+00    0.57936E-01    0.57294E+00   -0.35271E-01    0.52242E-02   -0.55051E-02    0.16146E-01    0.36312E-06   -0.22751E-05   -0.17799E-02   -0.85122E-02    0.95365E-02
    0.13261E-08   -0.84323E-08    0.32136E-08    0.21247E-07    0.44254E-08   -0.44518E-07    0.77431E-07    0.99622E-03   -0.23097E-04   -0.14763E-03    0.72740E-05    0.73185E-04   -0.11040E-04    0.19780E-06    0.22943E-06    0.36312E-06    0.15940E-06    0.83095E-08   -0.74072E-06    0.77489E-05   -0.19082E-04
   -0.76884E-08    0.33155E-06   -0.31349E-07   -0.18336E-06    0.18136E-04    0.43394E-06    0.92451E-06    0.26562E-03    0.10992E-02   -0.34360E-02   -0.19797E-03    0.17824E-02   -0.11278E-03   -0.10237E-04    0.44051E-04   -0.22751E-05    0.83095E-08    0.19043E-05   -0.56132E-05   -0.16883E-04    0.10225E-03
   -0.24938E-06   -0.44665E-04    0.32004E-05    0.77428E-04   -0.32272E-02   -0.29059E-04    0.10107E-03   -0.21556E+00    0.12970E+01    0.61726E+00    0.80059E-01   -0.34257E+00   -0.55739E-01    0.39336E-02    0.65054E-03   -0.17799E-02   -0.74072E-06   -0.56132E-05    0.80733E-01    0.11565E-01    0.10004E-02
   -0.10546E-04    0.11973E-02   -0.10158E-03   -0.14196E-02    0.75085E-01   -0.69807E-03   -0.18682E-02   -0.15791E+02   -0.12312E+02   -0.94804E+01   -0.57857E+00   -0.15170E+01   -0.16659E+00   -0.15388E-01   -0.20803E-01   -0.85122E-02    0.77489E-05   -0.16883E-04    0.11565E-01    0.80954E+01   -0.36277E-01
   -0.70650E-06    0.41001E-03   -0.37811E-04   -0.28758E-03    0.17564E-01    0.48265E-03    0.10128E-02    0.17298E+02    0.69096E+00    0.12228E+01   -0.49401E+00   -0.33090E+00    0.16040E+00    0.52583E-02   -0.75915E-02    0.95365E-02   -0.19082E-04    0.10225E-03    0.10004E-02   -0.36277E-01    0.33171E+00
