# omegabh2 omegach2 theta tau mnu logA ns calPlanck aps100 aps143 aps217 acib217 asz143 psr xi aksz dust100 dust143 dust217 dust143x217 cal0 cal2 bm_1_1
    0.6830830E-07   -0.3564288E-06    0.7995540E-07    0.1378449E-05   -0.2872160E-04    0.2217197E-05    0.1151920E-05    0.2412604E-07   -0.1217439E-02   -0.7799190E-03    0.1448723E-03   -0.3255851E-03    0.6415411E-04    0.4930915E-08    0.2492053E-05   -0.1106276E-03   -0.2920509E-06    0.1941770E-06    0.2014594E-05   -0.1505775E-05    0.3710859E-08   -0.4022982E-07    0.1396375E-05
   -0.3564288E-06    0.5178491E-05   -0.6471460E-06   -0.1557476E-04    0.1620201E-03   -0.1994514E-04   -0.1289654E-04   -0.1850382E-06    0.4185590E-02    0.3735468E-02    0.5341719E-03    0.9973272E-03   -0.2169496E-03    0.7213530E-05   -0.5683204E-05    0.3151321E-03    0.2856889E-06   -0.3511472E-05   -0.3428437E-05    0.1092723E-04   -0.3475092E-07    0.1339987E-06   -0.2676508E-04
    0.7995540E-07   -0.6471460E-06    0.2746081E-06    0.1805068E-05   -0.4936933E-04    0.2585188E-05    0.2037657E-05    0.4151115E-07   -0.9153181E-03   -0.7805306E-03   -0.8987538E-04   -0.2296630E-03    0.3990991E-04   -0.1865595E-05    0.1997996E-06   -0.6744156E-04   -0.1640222E-05    0.1094043E-05    0.1861402E-05   -0.1327868E-05    0.1124212E-08   -0.1998784E-07   -0.2035104E-05
    0.1378449E-05   -0.1557476E-04    0.1805068E-05    0.3877195E-03    0.6665373E-03    0.7333844E-03    0.5210827E-04   -0.1995953E-06   -0.5496840E-01   -0.2475599E-01    0.1989496E-01   -0.1785340E-01    0.2465949E-02    0.7185702E-04    0.2197266E-03   -0.5202903E-02   -0.2587780E-04   -0.5750706E-04    0.1012201E-03   -0.1094585E-03   -0.1691090E-06   -0.2606827E-05   -0.3056496E-03
   -0.2872160E-04    0.1620201E-03   -0.4936933E-04    0.6665373E-03    0.4964160E-01    0.1446813E-02   -0.6202658E-03   -0.3953648E-05    0.5582303E+00    0.3605608E+00   -0.1665921E-01    0.1365564E+00   -0.2801269E-01    0.5319122E-03   -0.6126351E-03    0.5205635E-01    0.1301167E-03   -0.1241951E-03   -0.4735664E-03    0.8440941E-03   -0.2582456E-05    0.2409263E-04   -0.4689449E-03
    0.2217197E-05   -0.1994514E-04    0.2585188E-05    0.7333844E-03    0.1446813E-02    0.1437589E-02    0.7575572E-04    0.1184632E-04   -0.9899038E-01   -0.4177963E-01    0.4865304E-01   -0.3503893E-01    0.4786829E-02    0.1839564E-03    0.4803794E-03   -0.1113559E-01   -0.6423816E-04   -0.1659294E-03    0.2372475E-03   -0.2068837E-03    0.5078673E-07   -0.5096463E-05   -0.6274183E-03
    0.1151920E-05   -0.1289654E-04    0.2037657E-05    0.5210827E-04   -0.6202658E-03    0.7575572E-04    0.4524497E-04    0.4473774E-06   -0.3585671E-01   -0.1737829E-01    0.8799754E-02   -0.9546682E-02    0.1483025E-02    0.2894085E-04    0.8591109E-04   -0.3535692E-02    0.2138296E-04    0.9355394E-05    0.6162330E-04   -0.5293033E-04   -0.2840657E-06   -0.1038414E-05    0.7578991E-04
    0.2412604E-07   -0.1850382E-06    0.4151115E-07   -0.1995953E-06   -0.3953648E-05    0.1184632E-04    0.4473774E-06    0.6265004E-05    0.2534196E-02    0.3010141E-03    0.1517617E-02    0.4664738E-03    0.2546417E-04    0.2282387E-06    0.1475850E-05   -0.5782476E-04    0.2913617E-05    0.9231645E-05    0.1090704E-04   -0.1561359E-05   -0.2763808E-07   -0.3495560E-07    0.3347805E-04
   -0.1217439E-02    0.4185590E-02   -0.9153181E-03   -0.5496840E-01    0.5582303E+00   -0.9899038E-01   -0.3585671E-01    0.2534196E-02    0.5085190E+03    0.7139635E+02   -0.6201181E+02    0.3645420E+02   -0.2198521E+02   -0.8140291E+00   -0.8393679E-01    0.9256699E+01   -0.5283218E-01    0.5630882E-01   -0.5660023E-01   -0.1436373E+00    0.5769244E-02    0.8437034E-02    0.1289668E+01
   -0.7799190E-03    0.3735468E-02   -0.7805306E-03   -0.2475599E-01    0.3605608E+00   -0.4177963E-01   -0.1737829E-01    0.3010141E-03    0.7139635E+02    0.6123678E+02    0.9464064E+01    0.7658243E+01   -0.2525645E+01    0.1960946E+00    0.7189559E+00   -0.5666577E+01   -0.1452060E-01   -0.1562367E+00   -0.7495386E-01    0.1513815E+00    0.3403832E-03   -0.3525161E-03    0.3683910E-01
    0.1448723E-03    0.5341719E-03   -0.8987538E-04    0.1989496E-01   -0.1665921E-01    0.4865304E-01    0.8799754E-02    0.1517617E-02   -0.6201181E+02    0.9464064E+01    0.1716960E+03   -0.7874826E+02    0.4577362E+01    0.4749454E+00    0.4016480E+00   -0.9267670E+01   -0.5271686E-02   -0.4253727E-01    0.6162500E+00   -0.1021383E+00    0.1302864E-02   -0.1146769E-01    0.8114763E-01
   -0.3255851E-03    0.9973272E-03   -0.2296630E-03   -0.1785340E-01    0.1365564E+00   -0.3503893E-01   -0.9546682E-02    0.4664738E-03    0.3645420E+02    0.7658243E+01   -0.7874826E+02    0.4696864E+02    0.2465423E+00   -0.7974889E-01   -0.3305221E+00   -0.1161440E+01    0.8169187E-02    0.3711515E-01   -0.4760446E+00    0.2618809E-02   -0.3126055E-03    0.5126696E-02   -0.6660621E-01
    0.6415411E-04   -0.2169496E-03    0.3990991E-04    0.2465949E-02   -0.2801269E-01    0.4786829E-02    0.1483025E-02    0.2546417E-04   -0.2198521E+02   -0.2525645E+01    0.4577362E+01    0.2465423E+00    0.3501875E+01    0.1288124E+00   -0.8593410E-01   -0.2878468E+01    0.7367236E-03   -0.1864291E-01   -0.4123032E-01    0.5583811E-01    0.3974067E-03   -0.9757332E-03    0.7261532E-02
    0.4930915E-08    0.7213530E-05   -0.1865595E-05    0.7185702E-04    0.5319122E-03    0.1839564E-03    0.2894085E-04    0.2282387E-06   -0.8140291E+00    0.1960946E+00    0.4749454E+00   -0.7974889E-01    0.1288124E+00    0.1151544E-01    0.1370603E-01   -0.1503300E+00    0.9453417E-04   -0.1482978E-03   -0.1363984E-02    0.4985204E-03    0.1832095E-04   -0.3861063E-04    0.9875517E-04
    0.2492053E-05   -0.5683204E-05    0.1997996E-06    0.2197266E-03   -0.6126351E-03    0.4803794E-03    0.8591109E-04    0.1475850E-05   -0.8393679E-01    0.7189559E+00    0.4016480E+00   -0.3305221E+00   -0.8593410E-01    0.1370603E-01    0.8090651E-01    0.8228947E-01   -0.3245458E-04   -0.3243700E-03    0.1992887E-03    0.8441119E-03    0.9723213E-05   -0.2887706E-04   -0.1870049E-02
   -0.1106276E-03    0.3151321E-03   -0.6744156E-04   -0.5202903E-02    0.5205635E-01   -0.1113559E-01   -0.3535692E-02   -0.5782476E-04    0.9256699E+01   -0.5666577E+01   -0.9267670E+01   -0.1161440E+01   -0.2878468E+01   -0.1503300E+00    0.8228947E-01    0.7021122E+01   -0.4788082E-02    0.1857724E-01    0.4104989E-01   -0.5446589E-01   -0.3554126E-03    0.7154324E-03   -0.4933667E-02
   -0.2920509E-06    0.2856889E-06   -0.1640222E-05   -0.2587780E-04    0.1301167E-03   -0.6423816E-04    0.2138296E-04    0.2913617E-05   -0.5283218E-01   -0.1452060E-01   -0.5271686E-02    0.8169187E-02    0.7367236E-03    0.9453417E-04   -0.3245458E-04   -0.4788082E-02    0.3713375E-01    0.3329663E-02   -0.4065378E-03    0.3870353E-03    0.4175310E-04   -0.7185536E-05    0.1033559E-02
    0.1941770E-06   -0.3511472E-05    0.1094043E-05   -0.5750706E-04   -0.1241951E-03   -0.1659294E-03    0.9355394E-05    0.9231645E-05    0.5630882E-01   -0.1562367E+00   -0.4253727E-01    0.3711515E-01   -0.1864291E-01   -0.1482978E-03   -0.3243700E-03    0.1857724E-01    0.3329663E-02    0.3354776E-01   -0.2828645E-02    0.2919880E-02   -0.6069220E-04   -0.6458193E-04   -0.3767020E-04
    0.2014594E-05   -0.3428437E-05    0.1861402E-05    0.1012201E-03   -0.4735664E-03    0.2372475E-03    0.6162330E-04    0.1090704E-04   -0.5660023E-01   -0.7495386E-01    0.6162500E+00   -0.4760446E+00   -0.4123032E-01   -0.1363984E-02    0.1992887E-03    0.4104989E-01   -0.4065378E-03   -0.2828645E-02    0.1333284E-01    0.1113517E-01    0.7843778E-06    0.6524497E-04    0.1228747E-02
   -0.1505775E-05    0.1092723E-04   -0.1327868E-05   -0.1094585E-03    0.8440941E-03   -0.2068837E-03   -0.5293033E-04   -0.1561359E-05   -0.1436373E+00    0.1513815E+00   -0.1021383E+00    0.2618809E-02    0.5583811E-01    0.4985204E-03    0.8441119E-03   -0.5446589E-01    0.3870353E-03    0.2919880E-02    0.1113517E-01    0.3158726E-01    0.5152868E-05    0.9034021E-04    0.1745025E-02
    0.3710859E-08   -0.3475092E-07    0.1124212E-08   -0.1691090E-06   -0.2582456E-05    0.5078673E-07   -0.2840657E-06   -0.2763808E-07    0.5769244E-02    0.3403832E-03    0.1302864E-02   -0.3126055E-03    0.3974067E-03    0.1832095E-04    0.9723213E-05   -0.3554126E-03    0.4175310E-04   -0.6069220E-04    0.7843778E-06    0.5152868E-05    0.9457591E-06   -0.3974959E-07   -0.8295279E-04
   -0.4022982E-07    0.1339987E-06   -0.1998784E-07   -0.2606827E-05    0.2409263E-04   -0.5096463E-05   -0.1038414E-05   -0.3495560E-07    0.8437034E-02   -0.3525161E-03   -0.1146769E-01    0.5126696E-02   -0.9757332E-03   -0.3861063E-04   -0.2887706E-04    0.7154324E-03   -0.7185536E-05   -0.6458193E-04    0.6524497E-04    0.9034021E-04   -0.3974959E-07    0.3127587E-05   -0.1478419E-04
    0.1396375E-05   -0.2676508E-04   -0.2035104E-05   -0.3056496E-03   -0.4689449E-03   -0.6274183E-03    0.7578991E-04    0.3347805E-04    0.1289668E+01    0.3683910E-01    0.8114763E-01   -0.6660621E-01    0.7261532E-02    0.9875517E-04   -0.1870049E-02   -0.4933667E-02    0.1033559E-02   -0.3767020E-04    0.1228747E-02    0.1745025E-02   -0.8295279E-04   -0.1478419E-04    0.9909460E+00
