# omegabh2 omegach2 theta tau ns logA r aps100 aps143 aps217 acib143 acib217 asz143 psr cibr cal0 cal2 xi aksz bm_1_1
7.653200E-08 -4.273400E-07 7.980300E-08 1.118100E-06 1.175500E-06 1.378400E-06 6.073400E-07 -3.542300E-04 -5.143800E-04 -3.291600E-04 -1.081600E-04 -1.489400E-04 -1.362256E-05 -2.070100E-08 -1.994200E-06 1.395200E-09 7.090100E-10 -9.340600E-08 -4.911222E-05 -1.801200E-05
-4.273400E-07 7.503200E-06 -7.668700E-07 -1.162700E-05 -1.676800E-05 -5.321500E-06 -1.093500E-05 2.703300E-03 3.037800E-03 3.275800E-03 9.188400E-05 -1.365800E-04 -1.116845E-04 2.048400E-07 -7.224100E-06 -1.633000E-08 -2.190600E-08 1.790400E-06 -1.003842E-05 1.490200E-04
7.980300E-08 -7.668700E-07 3.946000E-07 1.675100E-06 2.213000E-06 1.856900E-06 1.232100E-06 2.398400E-04 -3.979700E-04 -4.299000E-04 4.897500E-06 1.423900E-05 -3.160612E-06 -3.401300E-08 2.043100E-06 2.800600E-09 4.722700E-09 2.663400E-09 -1.891219E-05 -1.011200E-05
1.118100E-06 -1.162700E-05 1.675100E-06 2.006500E-04 3.793500E-05 3.729800E-04 -2.418300E-05 -1.890800E-02 -6.792500E-03 -1.864400E-04 -4.204500E-03 -7.561300E-03 -2.163524E-03 -1.745900E-07 -2.008800E-04 -1.035300E-07 -2.468200E-07 7.015500E-06 -1.587281E-03 -5.738200E-04
1.175500E-06 -1.676800E-05 2.213000E-06 3.793500E-05 5.684400E-05 3.414500E-05 5.175700E-05 -2.311000E-02 -3.747000E-04 5.997900E-03 -6.281500E-03 -8.905400E-03 -2.105684E-03 2.590800E-06 -1.630600E-04 -5.564700E-08 1.259400E-07 1.797600E-06 -3.180693E-03 -5.129400E-04
1.378400E-06 -5.321500E-06 1.856900E-06 3.729800E-04 3.414500E-05 7.393600E-04 -8.161300E-05 -1.736200E-02 4.137700E-03 2.031500E-02 -1.092100E-02 -2.134200E-02 -7.839542E-03 3.410400E-06 -6.199300E-04 -2.032900E-07 -3.203600E-07 6.724100E-05 -4.905873E-03 -4.582600E-04
6.073400E-07 -1.093500E-05 1.232100E-06 -2.418300E-05 5.175700E-05 -8.161300E-05 1.448500E-03 -5.436700E-02 -5.639200E-03 8.144400E-03 -8.487400E-03 -1.088300E-02 -3.614266E-04 1.365100E-08 -4.135100E-05 -1.402300E-07 -1.421200E-07 -8.142200E-05 -1.201764E-03 -7.671400E-04
-3.542300E-04 2.703300E-03 2.398400E-04 -1.890800E-02 -2.311000E-02 -1.736200E-02 -5.436700E-02 2.720100E+03 1.930000E+02 1.120800E+02 1.002300E+02 -2.870800E+01 -1.331801E+02 4.814500E-02 -5.405500E+00 7.292200E-04 4.243800E-03 2.279200E+00 -1.045044E+01 1.139700E+01
-5.143800E-04 3.037800E-03 -3.979700E-04 -6.792500E-03 -3.747000E-04 4.137700E-03 -5.639200E-03 1.930000E+02 1.698700E+02 1.297800E+02 -3.310800E+01 -4.624400E+01 -2.501066E+01 3.684900E-02 -1.382100E+00 5.061800E-05 4.700200E-04 3.955800E-01 -1.222252E+01 4.716000E-01
-3.291600E-04 3.275800E-03 -4.299000E-04 -1.864400E-04 5.997900E-03 2.031500E-02 8.144400E-03 1.120800E+02 1.297800E+02 2.253400E+02 -3.239700E+01 -8.814900E+01 -2.057100E+01 4.820400E-02 -2.064600E+00 -2.673000E-05 -4.112200E-03 3.894000E-01 -1.279394E+01 7.797100E-01
-1.081600E-04 9.188400E-05 4.897500E-06 -4.204500E-03 -6.281500E-03 -1.092100E-02 -8.487400E-03 1.002300E+02 -3.310800E+01 -3.239700E+01 3.029100E+01 1.822400E+01 -4.463781E+00 -9.432500E-03 -6.570200E-03 -2.666100E-05 -2.330000E-04 1.993100E-01 -6.842305E-01 -8.480800E-01
-1.489400E-04 -1.365800E-04 1.423900E-05 -7.561300E-03 -8.905400E-03 -2.134200E-02 -1.088300E-02 -2.870800E+01 -4.624400E+01 -8.814900E+01 1.822400E+01 4.582700E+01 1.087493E+01 -2.015500E-02 1.067200E+00 1.388600E-05 2.230400E-03 -1.901500E-01 -9.151665E-01 -2.963200E-01
-1.362256E-05 -1.116845E-04 -3.160612E-06 -2.163524E-03 -2.105684E-03 -7.839542E-03 -3.614266E-04 -1.331801E+02 -2.501066E+01 -2.057100E+01 -4.463781E+00 1.087493E+01 1.598382E+01 -6.822790E-03 7.470729E-01 2.771321E-05 -6.367649E-04 -2.430853E-01 -3.610180E-01 4.565121E-01
-2.070100E-08 2.048400E-07 -3.401300E-08 -1.745900E-07 2.590800E-06 3.410400E-06 1.365100E-08 4.814500E-02 3.684900E-02 4.820400E-02 -9.432500E-03 -2.015500E-02 -6.822790E-03 1.914700E-04 -5.236800E-04 -1.933300E-08 -5.761400E-07 1.028900E-04 -2.844172E-03 2.944000E-04
-1.994200E-06 -7.224100E-06 2.043100E-06 -2.008800E-04 -1.630600E-04 -6.199300E-04 -4.135100E-05 -5.405500E+00 -1.382100E+00 -2.064600E+00 -6.570200E-03 1.067200E+00 7.470729E-01 -5.236800E-04 5.566000E-02 1.164500E-06 2.071000E-05 -9.439200E-03 -2.936736E-02 1.801100E-02
1.395200E-09 -1.633000E-08 2.800600E-09 -1.035300E-07 -5.564700E-08 -2.032900E-07 -1.402300E-07 7.292200E-04 5.061800E-05 -2.673000E-05 -2.666100E-05 1.388600E-05 2.771321E-05 -1.933300E-08 1.164500E-06 1.640800E-07 3.443300E-09 3.941700E-07 1.375681E-05 -3.871200E-05
7.090100E-10 -2.190600E-08 4.722700E-09 -2.468200E-07 1.259400E-07 -3.203600E-07 -1.421200E-07 4.243800E-03 4.700200E-04 -4.112200E-03 -2.330000E-04 2.230400E-03 -6.367649E-04 -5.761400E-07 2.071000E-05 3.443300E-09 9.264100E-07 -1.636400E-06 9.313137E-06 -2.765000E-06
-9.340600E-08 1.790400E-06 2.663400E-09 7.015500E-06 1.797600E-06 6.724100E-05 -8.142200E-05 2.279200E+00 3.955800E-01 3.894000E-01 1.993100E-01 -1.901500E-01 -2.430853E-01 1.028900E-04 -9.439200E-03 3.941700E-07 -1.636400E-06 2.053500E-02 1.578827E-02 -4.561200E-03
-4.911222E-05 -1.003842E-05 -1.891219E-05 -1.587281E-03 -3.180693E-03 -4.905873E-03 -1.201764E-03 -1.045044E+01 -1.222252E+01 -1.279394E+01 -6.842305E-01 -9.151665E-01 -3.610180E-01 -2.844172E-03 -2.936736E-02 1.375681E-05 9.313137E-06 1.578827E-02 8.320508E+00 -4.166393E-02
-1.801200E-05 1.490200E-04 -1.011200E-05 -5.738200E-04 -5.129400E-04 -4.582600E-04 -7.671400E-04 1.139700E+01 4.716000E-01 7.797100E-01 -8.480800E-01 -2.963200E-01 4.565121E-01 2.944000E-04 1.801100E-02 -3.871200E-05 -2.765000E-06 -4.561200E-03 -4.166393E-02 6.220100E-01
