# omegabh2 omegach2 theta tau nnu ns logA alpha_SNLS beta_SNLS aps100 aps143 aps217 acib143 acib217 asz143 psr cibr ncib cal0 cal2 xi aksz bm_1_1 bm_1_2 bm_1_3 bm_1_4 bm_1_5 bm_2_1 bm_2_2 bm_2_3 bm_2_4 bm_2_5 bm_3_1 bm_3_2 bm_3_3 bm_3_4 bm_3_5 bm_4_1 bm_4_2 bm_4_3 bm_4_4 bm_4_5
    0.17779E-06    0.11324E-05   -0.42498E-07    0.25562E-05    0.13016E-03    0.58553E-05    0.76352E-05    0.84328E-06    0.12678E-05    0.26253E-02   -0.78512E-04   -0.46978E-03    0.33059E-03    0.34448E-03    0.84433E-04   -0.27303E-05    0.13543E-04   -0.28331E-05    0.81531E-09    0.20780E-07   -0.30386E-05    0.10660E-03   -0.70924E-05   -0.13686E-04   -0.58898E-06   -0.93618E-06    0.63544E-05   -0.87033E-05   -0.22134E-05    0.17013E-05    0.82732E-05   -0.11676E-04    0.10628E-04   -0.32558E-05   -0.50045E-05    0.47596E-05    0.10610E-04   -0.17386E-05    0.51034E-05   -0.70285E-05    0.51165E-05   -0.89826E-07
    0.11324E-05    0.33687E-04   -0.28922E-05    0.11072E-04    0.21617E-02    0.58967E-04    0.94879E-04   -0.40659E-05    0.19746E-04    0.68068E-01    0.16833E-01   -0.14485E-02    0.67121E-02    0.91074E-02    0.85705E-03   -0.49863E-04    0.28190E-03   -0.32258E-04   -0.82837E-08    0.76324E-06   -0.56496E-04    0.23346E-02    0.35788E-03   -0.14034E-03   -0.65684E-04   -0.62603E-06    0.21180E-03   -0.80436E-04    0.23276E-04    0.74387E-04    0.78241E-04   -0.18674E-03    0.36434E-03   -0.78777E-04   -0.31069E-04   -0.31231E-04   -0.99540E-04    0.13041E-03    0.13736E-03    0.34886E-04    0.10427E-03   -0.21776E-04
   -0.42498E-07   -0.28922E-05    0.58933E-06   -0.45205E-06   -0.17317E-03   -0.38399E-05   -0.69417E-05    0.63913E-06   -0.17177E-05   -0.54976E-02   -0.16527E-02   -0.13937E-03   -0.45971E-03   -0.67696E-03   -0.61217E-04    0.37783E-05   -0.22653E-04    0.34776E-05   -0.34792E-09   -0.60232E-07    0.75462E-05   -0.19164E-03   -0.38954E-04    0.85182E-05    0.38656E-05   -0.11307E-04   -0.14374E-04    0.13163E-04    0.55707E-06   -0.87592E-05   -0.72133E-05    0.94074E-05   -0.39385E-04   -0.12698E-05   -0.19122E-05    0.20196E-06    0.16175E-04   -0.11871E-04   -0.12122E-04   -0.43913E-05   -0.69703E-05    0.33591E-05
    0.25562E-05    0.11072E-04   -0.45205E-06    0.22633E-03    0.19512E-02    0.11345E-03    0.47425E-03    0.45153E-06    0.37294E-04   -0.11583E-01    0.73341E-04    0.35893E-02   -0.16907E-02   -0.98677E-03    0.16781E-04    0.41594E-04   -0.69468E-04    0.49503E-04    0.47327E-07   -0.47505E-06   -0.24308E-04    0.37757E-03   -0.85310E-06   -0.58257E-03   -0.15420E-05    0.14894E-03    0.16849E-03   -0.52198E-04    0.62067E-04   -0.34454E-03   -0.40147E-04   -0.32697E-03    0.27931E-03   -0.12112E-03   -0.27249E-03   -0.13720E-03   -0.43298E-04    0.19916E-03   -0.79460E-04   -0.19023E-03    0.18657E-03   -0.25329E-03
    0.13016E-03    0.21617E-02   -0.17317E-03    0.19512E-02    0.17884E+00    0.62622E-02    0.85081E-02    0.33183E-03    0.16617E-02    0.53904E+01    0.97477E+00   -0.35548E+00    0.57466E+00    0.74271E+00    0.79128E-01   -0.39516E-02    0.22734E-01   -0.22166E-02    0.10564E-05    0.51152E-04   -0.55350E-02    0.19555E+00    0.15323E-01   -0.97361E-02   -0.21727E-02    0.16148E-02    0.16152E-01   -0.10986E-01   -0.22484E-02    0.21188E-02    0.60578E-02   -0.15079E-01    0.28310E-01   -0.64402E-02   -0.12250E-02    0.29278E-02   -0.27720E-04    0.76800E-02    0.67495E-02   -0.30797E-02    0.86551E-02   -0.20210E-02
    0.58553E-05    0.58967E-04   -0.38399E-05    0.11345E-03    0.62622E-02    0.27979E-03    0.35095E-03    0.30355E-04    0.58642E-04    0.11627E+00    0.27567E-01   -0.27590E-02    0.11793E-01    0.16225E-01    0.12881E-02   -0.49094E-04    0.42425E-03    0.74198E-05    0.48963E-07    0.11225E-05   -0.99879E-04    0.45074E-02    0.55523E-03   -0.37228E-03    0.63502E-04    0.67686E-05    0.44690E-03   -0.15924E-03   -0.85125E-04   -0.19109E-03    0.27410E-03   -0.60687E-03    0.70114E-03   -0.12095E-03   -0.26257E-03    0.12091E-03    0.16709E-03    0.29242E-03    0.15707E-03   -0.29932E-03    0.43862E-03    0.53385E-05
    0.76352E-05    0.94879E-04   -0.69417E-05    0.47425E-03    0.85081E-02    0.35095E-03    0.11592E-02   -0.10009E-04    0.11996E-03    0.93544E-01    0.46915E-01    0.16173E-01    0.50766E-02    0.13199E-01    0.37368E-03    0.38171E-04    0.25815E-03    0.10824E-03    0.22063E-06    0.90497E-06   -0.14762E-03    0.42510E-02    0.16471E-02   -0.10659E-02   -0.14217E-03    0.24842E-03    0.83401E-03    0.31246E-04    0.34203E-03   -0.61256E-03    0.14862E-03   -0.98470E-03    0.11160E-02   -0.42669E-03   -0.64644E-03   -0.47509E-03   -0.37250E-03    0.77107E-03    0.13291E-03   -0.16088E-03    0.65484E-03   -0.49751E-03
    0.84328E-06   -0.40659E-05    0.63913E-06    0.45153E-06    0.33183E-03    0.30355E-04   -0.10009E-04    0.11747E-01   -0.68208E-03    0.27149E-02   -0.41073E-01   -0.29974E-01    0.16142E-01    0.12450E-01    0.44336E-02    0.40363E-05    0.33604E-03   -0.13968E-05   -0.76040E-07   -0.69768E-06    0.13607E-03    0.30986E-03   -0.19236E-02    0.86055E-03    0.14307E-02   -0.11020E-02   -0.29425E-04   -0.80007E-03    0.12715E-02   -0.19024E-02   -0.84562E-03   -0.27957E-03    0.90051E-03    0.82920E-05   -0.57967E-03   -0.15342E-02    0.24234E-02    0.14530E-03   -0.27845E-03   -0.30554E-03    0.23509E-02   -0.19166E-02
    0.12678E-05    0.19746E-04   -0.17177E-05    0.37294E-04    0.16617E-02    0.58642E-04    0.11996E-03   -0.68208E-03    0.12297E-01    0.14690E-01   -0.10994E-01   -0.54192E-02    0.34836E-02    0.45930E-02    0.56410E-02    0.15318E-03    0.16333E-03    0.57850E-06    0.39697E-06    0.40771E-06    0.16202E-04    0.34805E-02    0.68236E-03   -0.15014E-02    0.54436E-03    0.11079E-02    0.51758E-03   -0.42441E-03   -0.12858E-03    0.25837E-03    0.27859E-03    0.29141E-02   -0.34766E-03    0.25857E-04    0.66962E-04   -0.33168E-03   -0.19390E-02   -0.27557E-03   -0.13209E-02    0.14806E-02   -0.93843E-03    0.10539E-02
    0.26253E-02    0.68068E-01   -0.54976E-02   -0.11583E-01    0.53904E+01    0.11627E+00    0.93544E-01    0.27149E-02    0.14690E-01    0.28700E+04    0.49710E+02   -0.17965E+03    0.13613E+03    0.12913E+03   -0.63474E+02   -0.14653E+01    0.15632E+01    0.52529E+00    0.52586E-03    0.24149E-02   -0.56363E+00   -0.10236E+02    0.89717E+01   -0.10509E+02   -0.33983E+00    0.69231E+00    0.12585E+01   -0.57853E+00   -0.50546E+01    0.54057E+00   -0.65274E+00   -0.10493E+01    0.39584E+01    0.62197E+00    0.58346E+00    0.19841E+01   -0.40373E+01    0.26498E+01   -0.84543E+00   -0.21274E+01   -0.15648E+01    0.29796E+01
   -0.78512E-04    0.16833E-01   -0.16527E-02    0.73341E-04    0.97477E+00    0.27567E-01    0.46915E-01   -0.41073E-01   -0.10994E-01    0.49710E+02    0.22569E+03    0.76781E+02   -0.39902E+02   -0.16083E+02   -0.87780E+01   -0.14737E+00   -0.24878E+00   -0.16369E+00    0.42576E-03    0.33634E-02    0.15947E+01   -0.11687E+02    0.21036E+01    0.65523E+00    0.32291E-01    0.15288E+00    0.35374E-01   -0.22814E+01   -0.62340E+00    0.14141E+00    0.88549E-01   -0.29406E+00    0.11559E+01    0.18396E+00    0.45132E+00   -0.25506E+00   -0.14399E+00   -0.94649E+00   -0.44078E+00   -0.23832E-01    0.39370E+00    0.29721E+00
   -0.46978E-03   -0.14485E-02   -0.13937E-03    0.35893E-02   -0.35548E+00   -0.27590E-02    0.16173E-01   -0.29974E-01   -0.54192E-02   -0.17965E+03    0.76781E+02    0.22851E+03   -0.41023E+02   -0.82441E+02    0.13781E+01    0.43309E-01   -0.10857E+01   -0.89250E+00    0.29960E-03   -0.50271E-02    0.46404E+00   -0.10398E+02    0.19717E+01    0.11584E+01    0.32790E+00   -0.14085E+00   -0.17437E+00    0.11109E+01    0.60278E+00   -0.48053E+00   -0.59257E-01    0.61449E+00   -0.16013E+01    0.52394E+00   -0.59447E+00    0.11721E+00    0.28150E+00   -0.12805E+00   -0.16646E+00    0.51032E+00    0.21794E+00   -0.30050E+00
    0.33059E-03    0.67121E-02   -0.45971E-03   -0.16907E-02    0.57466E+00    0.11793E-01    0.50766E-02    0.16142E-01    0.34836E-02    0.13613E+03   -0.39902E+02   -0.41023E+02    0.29536E+02    0.22419E+02   -0.85051E+00   -0.35616E-01    0.38208E+00    0.14566E+00   -0.17550E-03   -0.64814E-03   -0.51949E-01   -0.34226E+00   -0.11905E+01   -0.69200E+00   -0.14270E+00    0.29207E-01    0.16640E+00    0.85226E+00    0.82934E-01    0.89478E-01    0.31377E-01   -0.20987E-01   -0.15251E-01   -0.11863E+00   -0.73525E-01    0.14560E+00   -0.83050E-01    0.59349E+00    0.28585E+00   -0.46378E-01   -0.20881E+00    0.10896E+00
    0.34448E-03    0.91074E-02   -0.67696E-03   -0.98677E-03    0.74271E+00    0.16225E-01    0.13199E-01    0.12450E-01    0.45930E-02    0.12913E+03   -0.16083E+02   -0.82441E+02    0.22419E+02    0.41132E+02   -0.75123E+00    0.33036E-01    0.51115E+00    0.46932E+00   -0.89164E-04    0.22587E-02   -0.27227E+00   -0.76765E+00   -0.67947E+00   -0.56939E+00   -0.13718E+00    0.39613E-02    0.15729E+00   -0.38826E+00   -0.22543E+00    0.15946E+00    0.16123E+00   -0.35453E+00    0.71257E+00   -0.41410E+00    0.23263E+00   -0.13033E+00   -0.22988E+00    0.13049E+00    0.72684E-01   -0.17774E+00   -0.33570E-01    0.27808E+00
    0.84433E-04    0.85705E-03   -0.61217E-04    0.16781E-04    0.79128E-01    0.12881E-02    0.37368E-03    0.44336E-02    0.56410E-02   -0.63474E+02   -0.87780E+01    0.13781E+01   -0.85051E+00   -0.75123E+00    0.79667E+01    0.37360E-01    0.26852E+00   -0.13393E+00   -0.24052E-04    0.36569E-04   -0.55659E-01   -0.13722E+00    0.12672E+00    0.55216E-01   -0.28395E-01    0.39260E-02   -0.71984E-01   -0.54746E-01   -0.21450E-01   -0.44490E-01   -0.34730E-01   -0.49266E-01   -0.90327E-02   -0.94184E-02   -0.55708E-02   -0.65198E-01    0.59367E-01   -0.45774E-01   -0.80341E-02   -0.30535E-01    0.48636E-01   -0.66944E-01
   -0.27303E-05   -0.49863E-04    0.37783E-05    0.41594E-04   -0.39516E-02   -0.49094E-04    0.38171E-04    0.40363E-05    0.15318E-03   -0.14653E+01   -0.14737E+00    0.43309E-01   -0.35616E-01    0.33036E-01    0.37360E-01    0.81526E-02   -0.74396E-02    0.80549E-02    0.23497E-05   -0.26963E-04    0.32256E-02   -0.24693E-01    0.13221E-01    0.64754E-02    0.23733E-02   -0.30485E-02   -0.62331E-03    0.70967E-02    0.73807E-03   -0.40758E-02   -0.17028E-02   -0.14470E-02   -0.11956E-01   -0.55318E-03   -0.32840E-02   -0.43506E-02    0.24279E-03   -0.15754E-02   -0.20927E-02   -0.38696E-02   -0.19135E-02   -0.25101E-02
    0.13543E-04    0.28190E-03   -0.22653E-04   -0.69468E-04    0.22734E-01    0.42425E-03    0.25815E-03    0.33604E-03    0.16333E-03    0.15632E+01   -0.24878E+00   -0.10857E+01    0.38208E+00    0.51115E+00    0.26852E+00   -0.74396E-02    0.38133E-01   -0.12510E-01   -0.57746E-05    0.83583E-04   -0.18979E-02    0.34138E-02   -0.26737E-01   -0.12333E-01   -0.66071E-02    0.52618E-02   -0.27622E-02   -0.23633E-01   -0.92320E-02    0.74782E-02    0.72710E-03   -0.12694E-02    0.31100E-01    0.17534E-02    0.88859E-02    0.36801E-02    0.23886E-02    0.13111E-02    0.26024E-02    0.21775E-03    0.27590E-02   -0.44513E-03
   -0.28331E-05   -0.32258E-04    0.34776E-05    0.49503E-04   -0.22166E-02    0.74198E-05    0.10824E-03   -0.13968E-05    0.57850E-06    0.52529E+00   -0.16369E+00   -0.89250E+00    0.14566E+00    0.46932E+00   -0.13393E+00    0.80549E-02   -0.12510E-01    0.20581E-01    0.27918E-05   -0.21486E-04   -0.23084E-02   -0.11709E-01    0.13979E-01   -0.39082E-02    0.59973E-03   -0.53297E-02    0.11302E-02    0.69186E-02    0.54943E-02   -0.76426E-02    0.80371E-02   -0.95616E-02   -0.15329E-01   -0.15876E-01   -0.66703E-03   -0.13041E-01   -0.84575E-02   -0.45620E-02   -0.37480E-02   -0.23874E-03    0.51395E-02    0.12709E-01
    0.81531E-09   -0.82837E-08   -0.34792E-09    0.47327E-07    0.10564E-05    0.48963E-07    0.22063E-06   -0.76040E-07    0.39697E-06    0.52586E-03    0.42576E-03    0.29960E-03   -0.17550E-03   -0.89164E-04   -0.24052E-04    0.23497E-05   -0.57746E-05    0.27918E-05    0.16204E-06    0.13989E-08    0.25992E-05    0.49033E-06   -0.18120E-04   -0.20190E-05   -0.67597E-05    0.52135E-05    0.16383E-05    0.65534E-05   -0.64349E-05    0.10281E-05    0.32182E-05    0.12734E-05    0.30692E-05   -0.11804E-04    0.12640E-05    0.12910E-04   -0.11050E-04    0.76296E-05   -0.19856E-05   -0.42994E-05   -0.78797E-05    0.15387E-05
    0.20780E-07    0.76324E-06   -0.60232E-07   -0.47505E-06    0.51152E-04    0.11225E-05    0.90497E-06   -0.69768E-06    0.40771E-06    0.24149E-02    0.33634E-02   -0.50271E-02   -0.64814E-03    0.22587E-02    0.36569E-04   -0.26963E-04    0.83583E-04   -0.21486E-04    0.13989E-08    0.17178E-05   -0.70195E-05   -0.43052E-04    0.89349E-04    0.32472E-04   -0.32259E-04    0.69532E-06   -0.63777E-05    0.20657E-03   -0.12174E-06    0.37148E-04    0.25965E-04    0.57459E-05   -0.19330E-03    0.94622E-06   -0.11694E-04    0.34657E-05   -0.34369E-04    0.12334E-04    0.63541E-04   -0.30790E-04   -0.33177E-04    0.42290E-04
   -0.30386E-05   -0.56496E-04    0.75462E-05   -0.24308E-04   -0.55350E-02   -0.99879E-04   -0.14762E-03    0.13607E-03    0.16202E-04   -0.56363E+00    0.15947E+01    0.46404E+00   -0.51949E-01   -0.27227E+00   -0.55659E-01    0.32256E-02   -0.18979E-02   -0.23084E-02    0.25992E-05   -0.70195E-05    0.82306E-01    0.22878E-01    0.32819E-02   -0.25248E-02   -0.25291E-02    0.36561E-02    0.52434E-02   -0.53296E-02   -0.62169E-03    0.44229E-02    0.64866E-02   -0.11958E-03    0.29081E-02    0.50259E-02   -0.23302E-03   -0.43246E-02   -0.41983E-02   -0.34919E-02    0.30829E-02   -0.84173E-03    0.22067E-02    0.49444E-02
    0.10660E-03    0.23346E-02   -0.19164E-03    0.37757E-03    0.19555E+00    0.45074E-02    0.42510E-02    0.30986E-03    0.34805E-02   -0.10236E+02   -0.11687E+02   -0.10398E+02   -0.34226E+00   -0.76765E+00   -0.13722E+00   -0.24693E-01    0.34138E-02   -0.11709E-01    0.49033E-06   -0.43052E-04    0.22878E-01    0.82386E+01   -0.44650E-01   -0.17079E-01    0.68958E-02   -0.62148E-03    0.34476E-01   -0.15872E-01    0.16555E-01    0.32594E-01   -0.98736E-03   -0.14132E-01    0.19580E-01   -0.52506E-01    0.29795E-01    0.27525E-01   -0.35519E-02   -0.10193E-01    0.14832E-01    0.13547E-01    0.20811E-02   -0.45911E-01
   -0.70924E-05    0.35788E-03   -0.38954E-04   -0.85310E-06    0.15323E-01    0.55523E-03    0.16471E-02   -0.19236E-02    0.68236E-03    0.89717E+01    0.21036E+01    0.19717E+01   -0.11905E+01   -0.67947E+00    0.12672E+00    0.13221E-01   -0.26737E-01    0.13979E-01   -0.18120E-04    0.89349E-04    0.32819E-02   -0.44650E-01    0.74347E+00   -0.10972E+00    0.10627E-01    0.34928E-02    0.91773E-03    0.17894E+00   -0.40494E-01   -0.69670E-01   -0.17936E-01   -0.70285E-01    0.10915E-01    0.41840E-01   -0.38840E-01   -0.64937E-01   -0.11508E+00    0.15554E+00    0.97745E-02   -0.11737E-01    0.44861E-01    0.74784E-01
   -0.13686E-04   -0.14034E-03    0.85182E-05   -0.58257E-03   -0.97361E-02   -0.37228E-03   -0.10659E-02    0.86055E-03   -0.15014E-02   -0.10509E+02    0.65523E+00    0.11584E+01   -0.69200E+00   -0.56939E+00    0.55216E-01    0.64754E-02   -0.12333E-01   -0.39082E-02   -0.20190E-05    0.32472E-04   -0.25248E-02   -0.17079E-01   -0.10972E+00    0.91564E+00   -0.95711E-02   -0.37972E-02    0.14212E-01   -0.14919E+00    0.18178E+00    0.44401E-01   -0.11964E-01    0.59237E-01   -0.13740E+00    0.93769E-02    0.31985E-01   -0.34432E-03    0.16281E+00   -0.22720E+00    0.16519E-01    0.10171E+00    0.11829E-01   -0.21185E+00
   -0.58898E-06   -0.65684E-04    0.38656E-05   -0.15420E-05   -0.21727E-02    0.63502E-04   -0.14217E-03    0.14307E-02    0.54436E-03   -0.33983E+00    0.32291E-01    0.32790E+00   -0.14270E+00   -0.13718E+00   -0.28395E-01    0.23733E-02   -0.66071E-02    0.59973E-03   -0.67597E-05   -0.32259E-04   -0.25291E-02    0.68958E-02    0.10627E-01   -0.95711E-02    0.98987E+00   -0.84087E-02   -0.29336E-01   -0.24834E-01   -0.25802E-01    0.15512E+00   -0.12244E-01    0.90660E-01   -0.33366E-02    0.39769E-01   -0.28057E-01   -0.27152E-01    0.86425E-01   -0.34270E-01    0.28765E-01    0.92269E-02   -0.17913E+00    0.81235E-01
   -0.93618E-06   -0.62603E-06   -0.11307E-04    0.14894E-03    0.16148E-02    0.67686E-05    0.24842E-03   -0.11020E-02    0.11079E-02    0.69231E+00    0.15288E+00   -0.14085E+00    0.29207E-01    0.39613E-02    0.39260E-02   -0.30485E-02    0.52618E-02   -0.53297E-02    0.52135E-05    0.69532E-06    0.36561E-02   -0.62148E-03    0.34928E-02   -0.37972E-02   -0.84087E-02    0.98754E+00   -0.40270E-02    0.65111E-01   -0.10313E+00    0.85176E-01   -0.99837E-01    0.48853E-01    0.93003E-01    0.99039E-01    0.58025E-01    0.13618E+00   -0.10380E+00    0.10693E+00    0.51833E-01   -0.19119E-01   -0.11964E+00    0.44485E-01
    0.63544E-05    0.21180E-03   -0.14374E-04    0.16849E-03    0.16152E-01    0.44690E-03    0.83401E-03   -0.29425E-04    0.51758E-03    0.12585E+01    0.35374E-01   -0.17437E+00    0.16640E+00    0.15729E+00   -0.71984E-01   -0.62331E-03   -0.27622E-02    0.11302E-02    0.16383E-05   -0.63777E-05    0.52434E-02    0.34476E-01    0.91773E-03    0.14212E-01   -0.29336E-01   -0.40270E-02    0.10261E+01    0.38850E-01    0.47335E-01   -0.50613E-01    0.55791E-01    0.71120E-01    0.85035E-01   -0.64342E-01   -0.78828E-01    0.52482E-01    0.38122E-01    0.10878E+00   -0.71958E-01    0.85114E-01    0.72057E-04   -0.37488E-04
   -0.87033E-05   -0.80436E-04    0.13163E-04   -0.52198E-04   -0.10986E-01   -0.15924E-03    0.31246E-04   -0.80007E-03   -0.42441E-03   -0.57853E+00   -0.22814E+01    0.11109E+01    0.85226E+00   -0.38826E+00   -0.54746E-01    0.70967E-02   -0.23633E-01    0.69186E-02    0.65534E-05    0.20657E-03   -0.53296E-02   -0.15872E-01    0.17894E+00   -0.14919E+00   -0.24834E-01    0.65111E-01    0.38850E-01    0.91831E+00   -0.11336E-01   -0.82134E-02   -0.24278E-01   -0.22177E-02    0.21580E-01    0.13612E+00   -0.11926E+00    0.10690E-01   -0.69461E-01    0.69564E+00    0.25043E+00   -0.56003E-01   -0.61133E-01    0.87454E-01
   -0.22134E-05    0.23276E-04    0.55707E-06    0.62067E-04   -0.22484E-02   -0.85125E-04    0.34203E-03    0.12715E-02   -0.12858E-03   -0.50546E+01   -0.62340E+00    0.60278E+00    0.82934E-01   -0.22543E+00   -0.21450E-01    0.73807E-03   -0.92320E-02    0.54943E-02   -0.64349E-05   -0.12174E-06   -0.62169E-03    0.16555E-01   -0.40494E-01    0.18178E+00   -0.25802E-01   -0.10313E+00    0.47335E-01   -0.11336E-01    0.97066E+00   -0.21868E-01    0.20152E-02    0.82347E-02    0.27603E-01   -0.15791E-01   -0.56946E-01   -0.32653E-01    0.14828E+00   -0.80753E-01    0.22112E+00    0.75352E+00    0.29366E+00   -0.19688E+00
    0.17013E-05    0.74387E-04   -0.87592E-05   -0.34454E-03    0.21188E-02   -0.19109E-03   -0.61256E-03   -0.19024E-02    0.25837E-03    0.54057E+00    0.14141E+00   -0.48053E+00    0.89478E-01    0.15946E+00   -0.44490E-01   -0.40758E-02    0.74782E-02   -0.76426E-02    0.10281E-05    0.37148E-04    0.44229E-02    0.32594E-01   -0.69670E-01    0.44401E-01    0.15512E+00    0.85176E-01   -0.50613E-01   -0.82134E-02   -0.21868E-01    0.97891E+00   -0.21539E-02   -0.70430E-02    0.80256E-01   -0.50745E-01    0.15208E+00    0.17091E+00   -0.15744E+00   -0.19175E+00    0.61598E+00    0.12193E+00   -0.61368E+00    0.17924E+00
    0.82732E-05    0.78241E-04   -0.72133E-05   -0.40147E-04    0.60578E-02    0.27410E-03    0.14862E-03   -0.84562E-03    0.27859E-03   -0.65274E+00    0.88549E-01   -0.59257E-01    0.31377E-01    0.16123E+00   -0.34730E-01   -0.17028E-02    0.72710E-03    0.80371E-02    0.32182E-05    0.25965E-04    0.64866E-02   -0.98736E-03   -0.17936E-01   -0.11964E-01   -0.12244E-01   -0.99837E-01    0.55791E-01   -0.24278E-01    0.20152E-02   -0.21539E-02    0.10045E+01    0.11751E-01   -0.16153E-01   -0.84221E-01   -0.15294E+00   -0.27814E-01   -0.84884E-01   -0.79368E-01    0.66075E-01   -0.36461E-01    0.30700E+00    0.68207E+00
   -0.11676E-04   -0.18674E-03    0.94074E-05   -0.32697E-03   -0.15079E-01   -0.60687E-03   -0.98470E-03   -0.27957E-03    0.29141E-02   -0.10493E+01   -0.29406E+00    0.61449E+00   -0.20987E-01   -0.35453E+00   -0.49266E-01   -0.14470E-02   -0.12694E-02   -0.95616E-02    0.12734E-05    0.57459E-05   -0.11958E-03   -0.14132E-01   -0.70285E-01    0.59237E-01    0.90660E-01    0.48853E-01    0.71120E-01   -0.22177E-02    0.82347E-02   -0.70430E-02    0.11751E-01    0.99924E+00   -0.71965E-01    0.89538E-01    0.38595E-01    0.14835E+00    0.18358E-01    0.11454E+00   -0.55432E+00    0.38782E+00   -0.32761E+00    0.21776E+00
    0.10628E-04    0.36434E-03   -0.39385E-04    0.27931E-03    0.28310E-01    0.70114E-03    0.11160E-02    0.90051E-03   -0.34766E-03    0.39584E+01    0.11559E+01   -0.16013E+01   -0.15251E-01    0.71257E+00   -0.90327E-02   -0.11956E-01    0.31100E-01   -0.15329E-01    0.30692E-05   -0.19330E-03    0.29081E-02    0.19580E-01    0.10915E-01   -0.13740E+00   -0.33366E-02    0.93003E-01    0.85035E-01    0.21580E-01    0.27603E-01    0.80256E-01   -0.16153E-01   -0.71965E-01    0.91553E+00   -0.91858E-03   -0.21088E-01    0.13102E-01   -0.11234E-01    0.59596E+00    0.17056E+00    0.10914E+00    0.46981E-01   -0.76548E-01
   -0.32558E-05   -0.78777E-04   -0.12698E-05   -0.12112E-03   -0.64402E-02   -0.12095E-03   -0.42669E-03    0.82920E-05    0.25857E-04    0.62197E+00    0.18396E+00    0.52394E+00   -0.11863E+00   -0.41410E+00   -0.94184E-02   -0.55318E-03    0.17534E-02   -0.15876E-01   -0.11804E-04    0.94622E-06    0.50259E-02   -0.52506E-01    0.41840E-01    0.93769E-02    0.39769E-01    0.99039E-01   -0.64342E-01    0.13612E+00   -0.15791E-01   -0.50745E-01   -0.84221E-01    0.89538E-01   -0.91858E-03    0.98320E+00   -0.14339E-01   -0.14838E-02   -0.23849E-01    0.11079E+00    0.15360E+00   -0.12699E-01    0.13117E+00    0.16503E+00
   -0.50045E-05   -0.31069E-04   -0.19122E-05   -0.27249E-03   -0.12250E-02   -0.26257E-03   -0.64644E-03   -0.57967E-03    0.66962E-04    0.58346E+00    0.45132E+00   -0.59447E+00   -0.73525E-01    0.23263E+00   -0.55708E-02   -0.32840E-02    0.88859E-02   -0.66703E-03    0.12640E-05   -0.11694E-04   -0.23302E-03    0.29795E-01   -0.38840E-01    0.31985E-01   -0.28057E-01    0.58025E-01   -0.78828E-01   -0.11926E+00   -0.56946E-01    0.15208E+00   -0.15294E+00    0.38595E-01   -0.21088E-01   -0.14339E-01    0.98400E+00    0.12676E-01    0.24045E-02   -0.14272E+00    0.40691E-01    0.16109E+00    0.85782E-02   -0.62112E-01
    0.47596E-05   -0.31231E-04    0.20196E-06   -0.13720E-03    0.29278E-02    0.12091E-03   -0.47509E-03   -0.15342E-02   -0.33168E-03    0.19841E+01   -0.25506E+00    0.11721E+00    0.14560E+00   -0.13033E+00   -0.65198E-01   -0.43506E-02    0.36801E-02   -0.13041E-01    0.12910E-04    0.34657E-05   -0.43246E-02    0.27525E-01   -0.64937E-01   -0.34432E-03   -0.27152E-01    0.13618E+00    0.52482E-01    0.10690E-01   -0.32653E-01    0.17091E+00   -0.27814E-01    0.14835E+00    0.13102E-01   -0.14838E-02    0.12676E-01    0.99464E+00   -0.10572E-01   -0.49479E-02    0.44022E-01    0.11134E+00   -0.27272E+00    0.12970E+00
    0.10610E-04   -0.99540E-04    0.16175E-04   -0.43298E-04   -0.27720E-04    0.16709E-03   -0.37250E-03    0.24234E-02   -0.19390E-02   -0.40373E+01   -0.14399E+00    0.28150E+00   -0.83050E-01   -0.22988E+00    0.59367E-01    0.24279E-03    0.23886E-02   -0.84575E-02   -0.11050E-04   -0.34369E-04   -0.41983E-02   -0.35519E-02   -0.11508E+00    0.16281E+00    0.86425E-01   -0.10380E+00    0.38122E-01   -0.69461E-01    0.14828E+00   -0.15744E+00   -0.84884E-01    0.18358E-01   -0.11234E-01   -0.23849E-01    0.24045E-02   -0.10572E-01    0.98917E+00   -0.43012E-01   -0.75000E-01    0.25862E-01    0.19463E+00   -0.10078E+00
   -0.17386E-05    0.13041E-03   -0.11871E-04    0.19916E-03    0.76800E-02    0.29242E-03    0.77107E-03    0.14530E-03   -0.27557E-03    0.26498E+01   -0.94649E+00   -0.12805E+00    0.59349E+00    0.13049E+00   -0.45774E-01   -0.15754E-02    0.13111E-02   -0.45620E-02    0.76296E-05    0.12334E-04   -0.34919E-02   -0.10193E-01    0.15554E+00   -0.22720E+00   -0.34270E-01    0.10693E+00    0.10878E+00    0.69564E+00   -0.80753E-01   -0.19175E+00   -0.79368E-01    0.11454E+00    0.59596E+00    0.11079E+00   -0.14272E+00   -0.49479E-02   -0.43012E-01    0.10008E+01    0.18768E-02    0.20135E-02   -0.16014E-02   -0.93851E-02
    0.51034E-05    0.13736E-03   -0.12122E-04   -0.79460E-04    0.67495E-02    0.15707E-03    0.13291E-03   -0.27845E-03   -0.13209E-02   -0.84543E+00   -0.44078E+00   -0.16646E+00    0.28585E+00    0.72684E-01   -0.80341E-02   -0.20927E-02    0.26024E-02   -0.37480E-02   -0.19856E-05    0.63541E-04    0.30829E-02    0.14832E-01    0.97745E-02    0.16519E-01    0.28765E-01    0.51833E-01   -0.71958E-01    0.25043E+00    0.22112E+00    0.61598E+00    0.66075E-01   -0.55432E+00    0.17056E+00    0.15360E+00    0.40691E-01    0.44022E-01   -0.75000E-01    0.18768E-02    0.95614E+00   -0.14245E-01   -0.14855E-01    0.54843E-02
   -0.70285E-05    0.34886E-04   -0.43913E-05   -0.19023E-03   -0.30797E-02   -0.29932E-03   -0.16088E-03   -0.30554E-03    0.14806E-02   -0.21274E+01   -0.23832E-01    0.51032E+00   -0.46378E-01   -0.17774E+00   -0.30535E-01   -0.38696E-02    0.21775E-03   -0.23874E-03   -0.42994E-05   -0.30790E-04   -0.84173E-03    0.13547E-01   -0.11737E-01    0.10171E+00    0.92269E-02   -0.19119E-01    0.85114E-01   -0.56003E-01    0.75352E+00    0.12193E+00   -0.36461E-01    0.38782E+00    0.10914E+00   -0.12699E-01    0.16109E+00    0.11134E+00    0.25862E-01    0.20135E-02   -0.14245E-01    0.96638E+00    0.50513E-03   -0.51333E-02
    0.51165E-05    0.10427E-03   -0.69703E-05    0.18657E-03    0.86551E-02    0.43862E-03    0.65484E-03    0.23509E-02   -0.93843E-03   -0.15648E+01    0.39370E+00    0.21794E+00   -0.20881E+00   -0.33570E-01    0.48636E-01   -0.19135E-02    0.27590E-02    0.51395E-02   -0.78797E-05   -0.33177E-04    0.22067E-02    0.20811E-02    0.44861E-01    0.11829E-01   -0.17913E+00   -0.11964E+00    0.72057E-04   -0.61133E-01    0.29366E+00   -0.61368E+00    0.30700E+00   -0.32761E+00    0.46981E-01    0.13117E+00    0.85782E-02   -0.27272E+00    0.19463E+00   -0.16014E-02   -0.14855E-01    0.50513E-03    0.96525E+00    0.78236E-02
   -0.89826E-07   -0.21776E-04    0.33591E-05   -0.25329E-03   -0.20210E-02    0.53385E-05   -0.49751E-03   -0.19166E-02    0.10539E-02    0.29796E+01    0.29721E+00   -0.30050E+00    0.10896E+00    0.27808E+00   -0.66944E-01   -0.25101E-02   -0.44513E-03    0.12709E-01    0.15387E-05    0.42290E-04    0.49444E-02   -0.45911E-01    0.74784E-01   -0.21185E+00    0.81235E-01    0.44485E-01   -0.37488E-04    0.87454E-01   -0.19688E+00    0.17924E+00    0.68207E+00    0.21776E+00   -0.76548E-01    0.16503E+00   -0.62112E-01    0.12970E+00   -0.10078E+00   -0.93851E-02    0.54843E-02   -0.51333E-02    0.78236E-02    0.99119E+00
