# omegabh2 omegach2 theta tau w ns logA aps100 aps143 aps217 acib143 acib217 asz143 psr cibr cal0 cal2 xi aksz bm_1_1
    0.72153E-07   -0.35799E-06    0.73562E-07    0.10531E-05   -0.14389E-05    0.95344E-06    0.14230E-05   -0.61158E-04   -0.29854E-04   -0.41897E-05   -0.10897E-04   -0.14862E-03   -0.79306E-06    0.40176E-06   -0.37025E-05   -0.13259E-08   -0.16605E-07    0.47363E-05   -0.45950E-04   -0.76064E-05
   -0.35799E-06    0.65813E-05   -0.61623E-06   -0.13287E-04   -0.25613E-04   -0.14225E-04   -0.10548E-04    0.14629E-02    0.35431E-03    0.14475E-03   -0.75928E-03    0.14375E-03   -0.87401E-04    0.18792E-05   -0.31876E-05    0.53558E-07    0.21512E-06    0.26578E-05   -0.44256E-05    0.12283E-03
    0.73562E-07   -0.61623E-06    0.32102E-06    0.12466E-05   -0.55249E-05    0.18832E-05    0.12786E-05   -0.17057E-03   -0.38348E-04   -0.16609E-04    0.32955E-05   -0.69119E-04    0.61400E-05   -0.54696E-06   -0.50563E-05   -0.42709E-08   -0.17889E-07   -0.21700E-05   -0.17164E-04   -0.15931E-04
    0.10531E-05   -0.13287E-04    0.12466E-05    0.19217E-03    0.77011E-04    0.40952E-04    0.35072E-03   -0.36993E-02   -0.77916E-03    0.18692E-02    0.14011E-02   -0.11928E-01   -0.49683E-03    0.41247E-04   -0.33666E-03   -0.16594E-06   -0.14126E-05    0.17108E-03   -0.15724E-02   -0.38327E-03
   -0.14389E-05   -0.25613E-04   -0.55249E-05    0.77011E-04    0.10719E+00    0.88295E-04    0.70375E-04    0.40496E-01   -0.12584E-01   -0.17700E-01    0.20027E-01    0.45542E-01   -0.56527E-02    0.26537E-03    0.73713E-03    0.76650E-07    0.22186E-04   -0.13372E-02    0.19683E-01    0.93499E-03
    0.95344E-06   -0.14225E-04    0.18832E-05    0.40952E-04    0.88295E-04    0.48559E-04    0.46147E-04   -0.43757E-02    0.38248E-03    0.17661E-02   -0.27085E-02   -0.99586E-02   -0.48044E-03    0.26665E-04   -0.25968E-03   -0.16504E-06   -0.63638E-06    0.15766E-03   -0.20658E-02   -0.37938E-03
    0.14230E-05   -0.10548E-04    0.12786E-05    0.35072E-03    0.70375E-04    0.46147E-04    0.68038E-03   -0.67330E-03    0.24177E-03    0.53652E-02   -0.20149E-02   -0.28727E-01   -0.17160E-02    0.10161E-03   -0.88049E-03   -0.24556E-06   -0.21465E-05    0.41820E-03   -0.41075E-02   -0.18527E-03
   -0.61158E-04    0.14629E-02   -0.17057E-03   -0.36993E-02    0.40496E-01   -0.43757E-02   -0.67330E-03    0.32362E+02    0.15324E+01    0.98563E+00    0.41031E+01   -0.30004E+01   -0.21670E+01    0.10697E-01   -0.43259E+00   -0.10117E-03    0.63367E-03    0.14554E+00   -0.60370E+00    0.13421E+01
   -0.29854E-04    0.35431E-03   -0.38348E-04   -0.77916E-03   -0.12584E-01    0.38248E-03    0.24177E-03    0.15324E+01    0.14227E+01    0.83630E+00   -0.24506E+01   -0.29203E+01   -0.34342E+00    0.50984E-02   -0.94901E-01   -0.21811E-04    0.13753E-03    0.15321E+00   -0.54074E+00    0.59110E-01
   -0.41897E-05    0.14475E-03   -0.16609E-04    0.18692E-02   -0.17700E-01    0.17661E-02    0.53652E-02    0.98563E+00    0.83630E+00    0.22294E+01   -0.23485E+01   -0.86979E+01   -0.27190E+00    0.20396E-01   -0.19791E+00   -0.30033E-04   -0.69924E-03    0.87244E-01   -0.65193E+00    0.86186E-01
   -0.10897E-04   -0.75928E-03    0.32955E-05    0.14011E-02    0.20027E-01   -0.27085E-02   -0.20149E-02    0.41031E+01   -0.24506E+01   -0.23485E+01    0.28764E+02    0.13089E+02   -0.61982E+00   -0.73871E-02    0.13942E+00    0.70443E-04   -0.42478E-03    0.34201E+00   -0.53179E+00   -0.49667E+00
   -0.14862E-03    0.14375E-03   -0.69119E-04   -0.11928E-01    0.45542E-01   -0.99586E-02   -0.28727E-01   -0.30004E+01   -0.29203E+01   -0.86979E+01    0.13089E+02    0.42365E+02    0.15579E+01   -0.92485E-01    0.98332E+00    0.13146E-03    0.32059E-02   -0.49265E+00   -0.43846E+00   -0.31023E+00
   -0.79306E-06   -0.87401E-04    0.61400E-05   -0.49683E-03   -0.56527E-02   -0.48044E-03   -0.17160E-02   -0.21670E+01   -0.34342E+00   -0.27190E+00   -0.61982E+00    0.15579E+01    0.60507E+00   -0.42379E-02    0.13638E+00    0.61471E-05   -0.16843E-03   -0.40670E-01   -0.30467E-01    0.50753E-01
    0.40176E-06    0.18792E-05   -0.54696E-06    0.41247E-04    0.26537E-03    0.26665E-04    0.10161E-03    0.10697E-01    0.50984E-02    0.20396E-01   -0.73871E-02   -0.92485E-01   -0.42379E-02    0.21333E-02   -0.30278E-02   -0.84377E-06   -0.47575E-05    0.29571E-02   -0.64741E-02    0.11170E-02
   -0.37025E-05   -0.31876E-05   -0.50563E-05   -0.33666E-03    0.73713E-03   -0.25968E-03   -0.88049E-03   -0.43259E+00   -0.94901E-01   -0.19791E+00    0.13942E+00    0.98332E+00    0.13638E+00   -0.30278E-02    0.50856E-01    0.37960E-05    0.22720E-04   -0.42532E-02   -0.37334E-02    0.45865E-02
   -0.13259E-08    0.53558E-07   -0.42709E-08   -0.16594E-06    0.76650E-07   -0.16504E-06   -0.24556E-06   -0.10117E-03   -0.21811E-04   -0.30033E-04    0.70443E-04    0.13146E-03    0.61471E-05   -0.84377E-06    0.37960E-05    0.15461E-06    0.69288E-08   -0.23324E-05    0.14256E-04   -0.30155E-04
   -0.16605E-07    0.21512E-06   -0.17889E-07   -0.14126E-05    0.22186E-04   -0.63638E-06   -0.21465E-05    0.63367E-03    0.13753E-03   -0.69924E-03   -0.42478E-03    0.32059E-02   -0.16843E-03   -0.47575E-05    0.22720E-04    0.69288E-08    0.94932E-06   -0.24342E-04   -0.78043E-06   -0.18353E-04
    0.47363E-05    0.26578E-05   -0.21700E-05    0.17108E-03   -0.13372E-02    0.15766E-03    0.41820E-03    0.14554E+00    0.15321E+00    0.87244E-01    0.34201E+00   -0.49265E+00   -0.40670E-01    0.29571E-02   -0.42532E-02   -0.23324E-05   -0.24342E-04    0.78420E-01    0.10853E-01    0.35595E-02
   -0.45950E-04   -0.44256E-05   -0.17164E-04   -0.15724E-02    0.19683E-01   -0.20658E-02   -0.41075E-02   -0.60370E+00   -0.54074E+00   -0.65193E+00   -0.53179E+00   -0.43846E+00   -0.30467E-01   -0.64741E-02   -0.37334E-02    0.14256E-04   -0.78043E-06    0.10853E-01    0.20387E+01   -0.27426E-01
   -0.76064E-05    0.12283E-03   -0.15931E-04   -0.38327E-03    0.93499E-03   -0.37938E-03   -0.18527E-03    0.13421E+01    0.59110E-01    0.86186E-01   -0.49667E+00   -0.31023E+00    0.50753E-01    0.11170E-02    0.45865E-02   -0.30155E-04   -0.18353E-04    0.35595E-02   -0.27426E-01    0.15496E+00
