# omegabh2 omegach2 theta tau ns logA aps100 aps143 aps217 acib143 acib217 asz143 psr cibr ncib cal0 cal2 xi aksz bm_1_1 bm_1_2 bm_1_3 bm_1_4 bm_1_5 bm_2_1 bm_2_2 bm_2_3 bm_2_4 bm_2_5 bm_3_1 bm_3_2 bm_3_3 bm_3_4 bm_3_5 bm_4_1 bm_4_2 bm_4_3 bm_4_4 bm_4_5 a_ps_act_148 a_ps_act_217 a_ps_spt_95 a_ps_spt_150 a_ps_spt_220 r_ps_spt_95x150 r_ps_spt_95x220 r_ps_150x220 act_dust_s act_dust_e cal_acts_148 cal_acts_217 cal_acte_148 cal_acte_217 cal_spt_95 cal_spt_150 cal_spt_220
    0.58938E-07   -0.14111E-06    0.45666E-07    0.52793E-06    0.50926E-06    0.85877E-06   -0.65809E-03   -0.66192E-03   -0.46348E-03    0.18657E-05    0.71804E-05    0.25019E-04   -0.12765E-05   -0.25529E-06    0.19858E-06    0.26267E-09    0.43643E-08   -0.41877E-05   -0.53308E-04   -0.18736E-04   -0.54134E-05    0.72373E-05    0.39607E-05   -0.56646E-06    0.30441E-05   -0.22614E-06    0.60024E-05   -0.16639E-05    0.29229E-05   -0.46244E-05    0.19613E-05   -0.21822E-05    0.49003E-05   -0.51571E-05   -0.16670E-05    0.26084E-05    0.17674E-06   -0.75097E-05    0.13536E-05    0.71541E-05    0.83176E-04    0.17389E-04    0.20731E-04    0.10065E-03   -0.41515E-06   -0.44958E-06    0.27479E-07   -0.13773E-06   -0.88494E-06    0.31969E-06    0.25082E-06    0.32443E-06    0.32085E-06    0.69701E-06    0.68920E-06    0.50366E-06
   -0.14111E-06    0.29952E-05   -0.16381E-06   -0.37396E-05   -0.66783E-05   -0.46972E-07    0.88799E-03    0.13596E-02    0.11357E-02    0.23941E-04    0.17384E-04   -0.22403E-05    0.81138E-06    0.83322E-06   -0.10192E-05   -0.10206E-07   -0.54270E-08   -0.40221E-05   -0.67029E-04    0.61070E-04    0.17293E-04    0.46923E-05    0.12558E-04    0.37102E-04    0.16407E-04    0.12984E-04   -0.12275E-04   -0.14692E-04   -0.18188E-05    0.30102E-04    0.34453E-04   -0.27187E-04   -0.28334E-04   -0.94089E-05    0.35153E-04    0.59232E-05    0.22220E-04    0.18219E-04   -0.91363E-05   -0.23669E-05   -0.87285E-04   -0.20080E-04   -0.39339E-04   -0.20009E-03    0.29378E-05    0.17446E-05   -0.10203E-05   -0.31069E-05   -0.36575E-05   -0.70194E-06   -0.72512E-06   -0.53551E-06   -0.61943E-06   -0.17829E-05   -0.12890E-05   -0.18507E-05
    0.45666E-07   -0.16381E-06    0.33254E-06    0.79714E-06    0.92966E-06    0.15333E-05    0.70261E-04   -0.22611E-03   -0.97698E-04    0.24249E-05   -0.25037E-04    0.29394E-05   -0.53884E-06   -0.65979E-06   -0.38586E-06    0.44524E-08   -0.66862E-09   -0.49990E-06   -0.11300E-04   -0.42726E-05   -0.13719E-05    0.10788E-04    0.33915E-05    0.57412E-06    0.90186E-05   -0.32793E-05    0.10736E-04   -0.34379E-05    0.41355E-05    0.85213E-05    0.10599E-04    0.39309E-06    0.28168E-05    0.17992E-05    0.10598E-04    0.91195E-05   -0.26827E-05   -0.76185E-05    0.68967E-05    0.39640E-05    0.14428E-04    0.16791E-04    0.39820E-05    0.96718E-04    0.12043E-06   -0.18398E-06    0.66173E-07   -0.18752E-06    0.10683E-05    0.21150E-06   -0.78028E-07    0.20019E-06    0.64298E-07    0.31062E-06    0.31254E-06    0.22822E-06
    0.52793E-06   -0.37396E-05    0.79714E-06    0.15881E-03    0.19637E-04    0.30672E-03   -0.29562E-01   -0.13808E-01   -0.11673E-01   -0.10054E-03    0.20166E-02    0.51865E-03   -0.10496E-04   -0.14973E-04    0.48042E-04   -0.91056E-07    0.39104E-06   -0.12507E-03   -0.19494E-02   -0.39566E-03   -0.36023E-03   -0.86798E-04    0.17762E-03   -0.23072E-03    0.24579E-03    0.54939E-04   -0.91244E-04    0.13419E-03    0.22390E-04   -0.36836E-04   -0.28704E-03    0.39851E-03   -0.62588E-04   -0.80128E-04    0.17869E-03   -0.66738E-04    0.88415E-04    0.43776E-04    0.23013E-03    0.26403E-03    0.12945E-02    0.57463E-03    0.44861E-03    0.10088E-02   -0.20749E-04   -0.39826E-04   -0.46278E-05   -0.27271E-06   -0.94008E-05    0.63346E-05    0.70409E-05    0.70785E-05    0.83822E-05    0.12094E-04    0.13825E-04    0.11234E-04
    0.50926E-06   -0.66783E-05    0.92966E-06    0.19637E-04    0.30690E-04    0.19760E-04   -0.34054E-01   -0.16898E-01   -0.11006E-01   -0.22009E-04    0.77544E-03    0.51490E-03   -0.30192E-04   -0.12808E-04    0.20432E-04   -0.66277E-07    0.34511E-06   -0.13251E-03   -0.10629E-02   -0.38856E-03   -0.28046E-03    0.78245E-05    0.43265E-04   -0.87913E-04    0.24621E-03    0.16021E-04    0.19059E-04    0.61519E-04   -0.56797E-04    0.32240E-04   -0.58027E-04    0.56918E-04    0.33001E-04   -0.55268E-05    0.18380E-03    0.97774E-04   -0.25331E-04    0.40452E-05    0.12350E-03    0.86960E-04    0.13115E-02    0.22175E-03    0.22012E-03    0.11176E-02   -0.16127E-04   -0.29431E-04   -0.10070E-06    0.70499E-05   -0.26259E-05    0.67293E-05    0.67391E-05    0.65775E-05    0.64032E-05    0.11900E-04    0.10414E-04    0.77655E-05
    0.85877E-06   -0.46972E-07    0.15333E-05    0.30672E-03    0.19760E-04    0.61576E-03   -0.67125E-01   -0.27441E-01   -0.21908E-01   -0.24910E-03    0.42033E-02    0.11346E-02   -0.20804E-04   -0.29027E-04    0.10219E-03   -0.12999E-06    0.10571E-05   -0.29277E-03   -0.43149E-02   -0.27963E-03   -0.56967E-03   -0.17562E-03    0.37748E-03   -0.32644E-03    0.91964E-03    0.26403E-03   -0.21124E-03    0.22564E-03    0.22455E-04    0.81609E-06   -0.39996E-03    0.66756E-03   -0.21535E-03   -0.26400E-03    0.71264E-03    0.37113E-04    0.32454E-03    0.17722E-03    0.45860E-03    0.54075E-03    0.24499E-02    0.12216E-02    0.82738E-03    0.14908E-02   -0.44657E-04   -0.84428E-04   -0.10987E-04    0.36478E-05   -0.26629E-04    0.12051E-04    0.12833E-04    0.14061E-04    0.15878E-04    0.23473E-04    0.25957E-04    0.18835E-04
   -0.65809E-03    0.88799E-03    0.70261E-04   -0.29562E-01   -0.34054E-01   -0.67125E-01    0.16211E+04    0.85134E+02    0.20267E+02    0.29216E+00   -0.54029E+00   -0.11865E+02   -0.28927E-01   -0.97418E-01   -0.52787E-01    0.10903E-02   -0.29669E-02    0.11171E+01    0.93124E+01    0.16765E+02   -0.68383E+01   -0.97275E+00   -0.28157E+00   -0.17605E+00   -0.20605E+01   -0.43377E+01   -0.48043E+00   -0.15707E+01   -0.13598E+01    0.41061E+00    0.28475E+00    0.23163E+00   -0.35104E+00   -0.34133E+01   -0.76298E+00   -0.16378E+01   -0.21962E+01   -0.96897E+00    0.16966E+01    0.35687E+00   -0.22335E+01    0.38006E+01   -0.68475E+00    0.31580E+01    0.38713E-01   -0.27993E+00   -0.62314E-01    0.29631E-01    0.36189E-01   -0.25259E-01    0.73525E-02   -0.23032E-01    0.35320E-02   -0.62515E-01   -0.30009E-01    0.18243E-02
   -0.66192E-03    0.13596E-02   -0.22611E-03   -0.13808E-01   -0.16898E-01   -0.27441E-01    0.85134E+02    0.63190E+02    0.15679E+02    0.17961E+00    0.72971E+00   -0.19774E+01    0.37946E-01    0.15165E-01   -0.10319E-01   -0.16627E-04   -0.10502E-02    0.17844E+00    0.49881E+00    0.10046E+00   -0.14927E+00   -0.63275E-01   -0.15417E-01    0.33596E-01    0.20297E+00   -0.23561E+00   -0.30380E-01   -0.17964E+00    0.74187E-02   -0.16098E+00   -0.33773E-01    0.31034E-01   -0.14849E+00    0.11869E-01    0.89042E-01   -0.78629E-01   -0.26052E+00   -0.15500E+00    0.13059E-01    0.24712E+00   -0.27339E+01    0.91355E+00   -0.22429E+00   -0.10287E+01    0.19628E-01   -0.39924E-01   -0.30156E-01   -0.93081E-02    0.46594E-01   -0.11974E-01   -0.97991E-02   -0.11966E-01   -0.75677E-02   -0.28105E-01   -0.20658E-01   -0.10276E-01
   -0.46348E-03    0.11357E-02   -0.97698E-04   -0.11673E-01   -0.11006E-01   -0.21908E-01    0.20267E+02    0.15679E+02    0.93817E+02   -0.10260E+01   -0.33659E+02    0.35485E+00   -0.36219E+00   -0.41302E-01   -0.44134E+00    0.78389E-05   -0.73571E-04    0.27389E-01    0.84104E+00    0.15838E+00    0.49373E-01   -0.87385E-01    0.75147E-01   -0.89786E-01    0.13986E+00    0.11909E+00   -0.18505E-01   -0.23134E+00    0.19717E+00    0.20895E+00    0.16149E+00   -0.34021E-01    0.18941E+00   -0.20588E-01    0.27375E+00    0.73499E-02    0.19622E+00   -0.11032E+00   -0.32844E+00    0.20874E+00    0.16871E+02   -0.61326E+00    0.60296E+00    0.93739E+01   -0.47607E-01   -0.86861E-01    0.33832E-03   -0.11410E-01    0.10510E+00   -0.50545E-02   -0.28288E-01   -0.47422E-02   -0.30458E-01   -0.42010E-02   -0.85377E-02   -0.54861E-01
    0.18657E-05    0.23941E-04    0.24249E-05   -0.10054E-03   -0.22009E-04   -0.24910E-03    0.29216E+00    0.17961E+00   -0.10260E+01    0.65836E+00    0.11611E+01    0.55805E+00    0.21127E-02   -0.25512E-02   -0.33665E-02   -0.46224E-06    0.72475E-04    0.14769E-03   -0.94369E+00   -0.15172E-01   -0.10667E-01    0.21243E-01    0.30902E-02    0.41481E-03   -0.35256E-01   -0.18054E-01    0.13068E-01    0.74922E-02    0.59944E-04    0.15848E-01   -0.48902E-02   -0.71797E-03   -0.12716E-01   -0.63573E-02   -0.14450E-01   -0.10985E-01   -0.86568E-03   -0.12774E-01    0.27251E-01    0.51688E-01   -0.87533E-01   -0.20727E+00   -0.13718E-01   -0.34088E-01    0.47592E-01    0.45317E-01   -0.45065E-02    0.65938E-03   -0.25489E-02    0.13232E-03    0.51280E-03    0.89844E-04    0.45718E-03   -0.92603E-03    0.49232E-03    0.17190E-02
    0.71804E-05    0.17384E-04   -0.25037E-04    0.20166E-02    0.77544E-03    0.42033E-02   -0.54029E+00    0.72971E+00   -0.33659E+02    0.11611E+01    0.20803E+02    0.18836E+01    0.21411E+00    0.29114E-01    0.27494E+00   -0.20520E-04   -0.88296E-04   -0.35853E+00   -0.41917E+01    0.12897E+00   -0.12279E+00    0.13754E-01   -0.38851E-01    0.33689E-01   -0.80087E-01   -0.43462E-01   -0.63699E-01    0.24704E+00   -0.22334E+00   -0.15257E+00   -0.38215E+00   -0.30548E-02   -0.29635E+00   -0.10809E+00   -0.16595E+00   -0.86709E-01   -0.63358E-01    0.10811E+00    0.32352E+00   -0.34730E+00   -0.11338E+02   -0.18473E+00   -0.70162E+00   -0.77352E+01    0.59037E-01    0.67718E-01   -0.10556E-01   -0.18331E-02   -0.35631E-01   -0.10536E-02    0.64823E-02   -0.17720E-02    0.82194E-02   -0.24719E-02   -0.27923E-02    0.19405E-01
    0.25019E-04   -0.22403E-05    0.29394E-05    0.51865E-03    0.51490E-03    0.11346E-02   -0.11865E+02   -0.19774E+01    0.35485E+00    0.55805E+00    0.18836E+01    0.19981E+01    0.18308E-01    0.23654E-01    0.13645E-01   -0.91898E-05   -0.15190E-03   -0.19558E+00   -0.24166E+01    0.38821E-01    0.20948E-01    0.62272E-01    0.52750E-02    0.15795E-01    0.28373E-01   -0.27240E-02    0.15394E-02   -0.92876E-02   -0.14496E-01   -0.54386E-01   -0.12549E-01   -0.22349E-01   -0.34741E-01   -0.15937E-01   -0.10540E-01   -0.89880E-02   -0.12408E-01   -0.39851E-01    0.10015E-01   -0.89559E-01   -0.70014E+00   -0.82401E+00   -0.92987E-01   -0.11804E+01    0.43875E-01    0.70186E-01   -0.18862E-02   -0.44102E-02    0.51217E-04    0.51737E-03   -0.24294E-02    0.29591E-03   -0.23692E-02    0.33276E-02    0.52081E-03   -0.13840E-02
   -0.12765E-05    0.81138E-06   -0.53884E-06   -0.10496E-04   -0.30192E-04   -0.20804E-04   -0.28927E-01    0.37946E-01   -0.36219E+00    0.21127E-02    0.21411E+00    0.18308E-01    0.45062E-02   -0.37098E-04    0.30737E-02    0.36823E-07   -0.34723E-05   -0.11592E-02   -0.19207E-01    0.10090E-02    0.15693E-02    0.10687E-02    0.12868E-03   -0.27754E-03    0.43599E-05   -0.32283E-02    0.41508E-03   -0.11389E-02   -0.20477E-03   -0.19514E-02    0.14972E-02   -0.48001E-03   -0.58675E-03    0.11627E-02   -0.10220E-02   -0.41080E-03   -0.41228E-02   -0.19285E-02   -0.13212E-02   -0.12539E-02   -0.14673E+00   -0.10081E-01   -0.33893E-02   -0.10643E+00    0.48297E-03    0.16746E-02    0.37353E-03   -0.11806E-03   -0.24740E-03   -0.28546E-04   -0.61890E-05   -0.44357E-04    0.25019E-04   -0.39808E-05   -0.53560E-04    0.13276E-03
   -0.25529E-06    0.83322E-06   -0.65979E-06   -0.14973E-04   -0.12808E-04   -0.29027E-04   -0.97418E-01    0.15165E-01   -0.41302E-01   -0.25512E-02    0.29114E-01    0.23654E-01   -0.37098E-04    0.29431E-02   -0.22071E-03   -0.18773E-06    0.42624E-05   -0.10586E-02   -0.16804E-01    0.17759E-02    0.95664E-03    0.92964E-03   -0.14910E-03    0.28471E-03   -0.11267E-02   -0.67564E-03    0.10881E-02    0.16720E-03   -0.12994E-02    0.90387E-03   -0.12253E-02    0.67967E-03    0.18676E-03    0.16615E-03   -0.69635E-03    0.87991E-03    0.18480E-03   -0.13901E-03    0.20869E-03    0.58223E-02    0.26063E-03   -0.14739E-01    0.32045E-02    0.27812E-02    0.21960E-03    0.15379E-02   -0.42326E-03   -0.22629E-03    0.98718E-04    0.13195E-05    0.25220E-04   -0.23090E-05    0.31767E-04    0.53985E-04   -0.22714E-05    0.10129E-03
    0.19858E-06   -0.10192E-05   -0.38586E-06    0.48042E-04    0.20432E-04    0.10219E-03   -0.52787E-01   -0.10319E-01   -0.44134E+00   -0.33665E-02    0.27494E+00    0.13645E-01    0.30737E-02   -0.22071E-03    0.50331E-02   -0.39603E-06   -0.10666E-04   -0.51656E-02   -0.30626E-01    0.49692E-02   -0.49585E-02   -0.17839E-02   -0.18691E-02    0.78715E-03    0.19653E-02    0.34132E-02   -0.46956E-02    0.80837E-02   -0.59042E-02   -0.61492E-02   -0.11215E-01   -0.10571E-03   -0.78237E-02   -0.48709E-02   -0.27559E-02   -0.18335E-02    0.27859E-02    0.74111E-02    0.94514E-02   -0.86154E-02   -0.18751E+00    0.16972E-02   -0.10550E-01   -0.13737E+00   -0.55298E-03   -0.18879E-03    0.27053E-03    0.42562E-04   -0.41320E-03   -0.12979E-04    0.33737E-04   -0.21996E-04    0.63897E-04    0.27060E-04   -0.47348E-04    0.18626E-03
    0.26267E-09   -0.10206E-07    0.44524E-08   -0.91056E-07   -0.66277E-07   -0.12999E-06    0.10903E-02   -0.16627E-04    0.78389E-05   -0.46224E-06   -0.20520E-04   -0.91898E-05    0.36823E-07   -0.18773E-06   -0.39603E-06    0.15198E-06    0.20300E-07    0.24053E-05    0.23317E-04   -0.27967E-04   -0.95807E-05   -0.10264E-04   -0.43284E-06    0.50596E-05    0.15869E-04    0.51360E-05    0.58012E-05    0.21107E-05    0.46653E-05    0.13167E-05    0.97670E-05    0.68804E-06    0.86272E-05   -0.36020E-05    0.10853E-04    0.91596E-05    0.30180E-05   -0.30219E-05    0.53443E-05    0.29931E-05    0.15954E-04   -0.81373E-05   -0.11610E-05   -0.13801E-04    0.34096E-06    0.44004E-06    0.33063E-07   -0.37205E-06    0.12699E-05   -0.14572E-07    0.12899E-06   -0.29025E-07    0.14918E-07   -0.83769E-07   -0.38722E-07   -0.69449E-07
    0.43643E-08   -0.54270E-08   -0.66862E-09    0.39104E-06    0.34511E-06    0.10571E-05   -0.29669E-02   -0.10502E-02   -0.73571E-04    0.72475E-04   -0.88296E-04   -0.15190E-03   -0.34723E-05    0.42624E-05   -0.10666E-04    0.20300E-07    0.11502E-05    0.31667E-04    0.13068E-03    0.58209E-04    0.62401E-04   -0.15758E-05   -0.31946E-04   -0.21226E-04    0.39130E-03    0.33665E-04    0.52001E-05    0.23942E-05    0.46756E-04   -0.38162E-03    0.61294E-04   -0.76448E-04    0.43745E-04    0.17578E-04    0.34966E-04    0.77126E-04   -0.55614E-04   -0.84442E-04    0.17166E-04    0.72021E-04    0.40750E-03    0.73259E-04    0.43343E-04    0.50373E-03    0.52239E-05    0.18253E-05   -0.31643E-05   -0.11737E-05   -0.59907E-06    0.35296E-06    0.12985E-05    0.40487E-06    0.12390E-05    0.32626E-06    0.77512E-06    0.15516E-05
   -0.41877E-05   -0.40221E-05   -0.49990E-06   -0.12507E-03   -0.13251E-03   -0.29277E-03    0.11171E+01    0.17844E+00    0.27389E-01    0.14769E-03   -0.35853E+00   -0.19558E+00   -0.11592E-02   -0.10586E-02   -0.51656E-02    0.24053E-05    0.31667E-04    0.66987E-01    0.37703E+00   -0.45404E-02   -0.54021E-02   -0.87929E-02   -0.11721E-02   -0.58721E-02   -0.32756E-02   -0.59228E-03   -0.32892E-02    0.21998E-02    0.39530E-02    0.94084E-02    0.25705E-02    0.75413E-03    0.42691E-02    0.99109E-03    0.39299E-02   -0.16813E-03    0.10748E-02    0.94208E-02   -0.20693E-03    0.61370E-01    0.14830E+00    0.11993E-01    0.57258E-01    0.20866E+00    0.40892E-02    0.81844E-02    0.12851E-02    0.78805E-03    0.64688E-03    0.10846E-04    0.25735E-03    0.41982E-04    0.28165E-03   -0.24735E-03    0.20700E-03    0.49867E-03
   -0.53308E-04   -0.67029E-04   -0.11300E-04   -0.19494E-02   -0.10629E-02   -0.43149E-02    0.93124E+01    0.49881E+00    0.84104E+00   -0.94369E+00   -0.41917E+01   -0.24166E+01   -0.19207E-01   -0.16804E-01   -0.30626E-01    0.23317E-04    0.13068E-03    0.37703E+00    0.46055E+01   -0.13037E-01   -0.98651E-02   -0.80869E-01   -0.30665E-01   -0.63215E-02    0.29067E-01    0.22705E-01   -0.10634E-01   -0.85005E-02    0.41636E-01    0.51038E-01   -0.17489E-02   -0.55542E-02    0.56127E-01    0.25770E-01    0.54764E-01    0.88964E-02    0.25974E-01    0.33540E-01   -0.43336E-01    0.92655E-01    0.12230E+01    0.40307E+00    0.22871E+00    0.17530E+01   -0.50293E-01   -0.33636E-01    0.17919E-01   -0.52699E-03   -0.12053E-02    0.44179E-03    0.25667E-02    0.70785E-03    0.23766E-02   -0.30937E-03    0.13191E-02    0.16675E-02
   -0.18736E-04    0.61070E-04   -0.42726E-05   -0.39566E-03   -0.38856E-03   -0.27963E-03    0.16765E+02    0.10046E+00    0.15838E+00   -0.15172E-01    0.12897E+00    0.38821E-01    0.10090E-02    0.17759E-02    0.49692E-02   -0.27967E-04    0.58209E-04   -0.45404E-02   -0.13037E-01    0.65111E+00   -0.14538E+00   -0.22658E-01    0.23779E-02    0.12986E-01    0.18877E+00   -0.45425E-01   -0.35254E-01   -0.83294E-02   -0.64285E-01    0.35419E-01    0.30831E-01   -0.28507E-01   -0.38316E-01   -0.11350E+00    0.16887E+00    0.40761E-01   -0.89452E-02    0.23075E-01    0.74998E-01   -0.58157E-02   -0.13095E+00   -0.50761E-01   -0.13968E-01   -0.10587E+00    0.79699E-03    0.29933E-02    0.35234E-03    0.23873E-03   -0.16106E-03   -0.54262E-04   -0.15000E-03    0.83567E-05   -0.12591E-03    0.49000E-03   -0.10343E-03   -0.43215E-05
   -0.54134E-05    0.17293E-04   -0.13719E-05   -0.36023E-03   -0.28046E-03   -0.56967E-03   -0.68383E+01   -0.14927E+00    0.49373E-01   -0.10667E-01   -0.12279E+00    0.20948E-01    0.15693E-02    0.95664E-03   -0.49585E-02   -0.95807E-05    0.62401E-04   -0.54021E-02   -0.98651E-02   -0.14538E+00    0.91537E+00    0.30356E-02   -0.21348E-01    0.21926E-01   -0.14856E+00    0.20529E+00    0.68414E-01   -0.12328E-01    0.20881E-01   -0.12887E+00   -0.16513E-02    0.33702E-01    0.16056E-01    0.17436E+00   -0.23503E+00    0.58045E-01    0.11252E+00    0.11869E-01   -0.22126E+00   -0.58372E-02    0.87416E-01    0.55463E-03   -0.53259E-02    0.87738E-01   -0.10421E-02    0.19696E-03    0.37490E-04   -0.42822E-02    0.84443E-03   -0.10260E-03   -0.13427E-03   -0.87106E-04   -0.16660E-03   -0.13371E-03    0.16446E-04   -0.19126E-03
    0.72373E-05    0.46923E-05    0.10788E-04   -0.86798E-04    0.78245E-05   -0.17562E-03   -0.97275E+00   -0.63275E-01   -0.87385E-01    0.21243E-01    0.13754E-01    0.62272E-01    0.10687E-02    0.92964E-03   -0.17839E-02   -0.10264E-04   -0.15758E-05   -0.87929E-02   -0.80869E-01   -0.22658E-01    0.30356E-02    0.99754E+00   -0.49476E-02   -0.10393E-01   -0.31746E-01   -0.13742E-01    0.16852E+00   -0.43021E-01    0.83716E-01   -0.30752E-01    0.46985E-01   -0.13885E-01   -0.19244E-01    0.11322E+00   -0.60227E-01    0.30702E-01    0.26387E-01   -0.19223E+00    0.74214E-01    0.13129E-02    0.61399E-01    0.18006E-02    0.17215E-02   -0.10041E-01    0.58824E-03    0.94959E-03   -0.61484E-04    0.14039E-02   -0.17652E-02    0.43783E-04   -0.10067E-03   -0.67507E-04   -0.19133E-03    0.16701E-03    0.88770E-04    0.38195E-04
    0.39607E-05    0.12558E-04    0.33915E-05    0.17762E-03    0.43265E-04    0.37748E-03   -0.28157E+00   -0.15417E-01    0.75147E-01    0.30902E-02   -0.38851E-01    0.52750E-02    0.12868E-03   -0.14910E-03   -0.18691E-02   -0.43284E-06   -0.31946E-04   -0.11721E-02   -0.30665E-01    0.23779E-02   -0.21348E-01   -0.49476E-02    0.10171E+01    0.26396E-02    0.57129E-01   -0.10640E+00    0.77182E-01   -0.92813E-01    0.71616E-01    0.83685E-01    0.11567E+00    0.45023E-01    0.14810E+00   -0.10646E+00    0.10403E+00    0.23128E-01   -0.11347E-01   -0.13813E+00    0.64919E-01    0.50415E-02    0.10571E-02   -0.29981E-01    0.28132E-02    0.11566E-01    0.12674E-02   -0.73675E-03   -0.36091E-03    0.87484E-03   -0.20849E-02    0.98540E-04   -0.18514E-03   -0.35224E-04    0.26756E-04   -0.13122E-03    0.83907E-04   -0.17621E-03
   -0.56646E-06    0.37102E-04    0.57412E-06   -0.23072E-03   -0.87913E-04   -0.32644E-03   -0.17605E+00    0.33596E-01   -0.89786E-01    0.41481E-03    0.33689E-01    0.15795E-01   -0.27754E-03    0.28471E-03    0.78715E-03    0.50596E-05   -0.21226E-04   -0.58721E-02   -0.63215E-02    0.12986E-01    0.21926E-01   -0.10393E-01    0.26396E-02    0.10345E+01    0.53630E-01    0.36376E-01   -0.26624E-01    0.73283E-01    0.62028E-01    0.65867E-01   -0.72613E-01   -0.77344E-01    0.50977E-01    0.44630E-01    0.10220E+00   -0.55308E-01    0.86843E-01   -0.25914E-01    0.23128E-01   -0.11329E-01   -0.46749E-01   -0.50080E-02   -0.55736E-02   -0.29356E-01   -0.14777E-03   -0.16273E-02   -0.15075E-04    0.17448E-02   -0.21885E-02    0.11534E-03   -0.21863E-03    0.80025E-04   -0.25019E-04   -0.27847E-03    0.12555E-03    0.14118E-03
    0.30441E-05    0.16407E-04    0.90186E-05    0.24579E-03    0.24621E-03    0.91964E-03   -0.20605E+01    0.20297E+00    0.13986E+00   -0.35256E-01   -0.80087E-01    0.28373E-01    0.43599E-05   -0.11267E-02    0.19653E-02    0.15869E-04    0.39130E-03   -0.32756E-02    0.29067E-01    0.18877E+00   -0.14856E+00   -0.31746E-01    0.57129E-01    0.53630E-01    0.79005E+00   -0.35084E-01   -0.14198E-02    0.46785E-02    0.61220E-02    0.76841E-01    0.11081E+00   -0.85122E-01   -0.62255E-02   -0.76012E-01    0.63810E+00    0.21114E+00   -0.48046E-01   -0.43516E-01    0.11527E+00   -0.46997E-04    0.43206E-01   -0.16226E-01    0.10738E-01    0.82572E-03   -0.20419E-02   -0.87043E-03    0.86018E-03    0.15218E-02   -0.27813E-02    0.31971E-03    0.25429E-04    0.34648E-03    0.10735E-03    0.99500E-03    0.26711E-03    0.91215E-04
   -0.22614E-06    0.12984E-04   -0.32793E-05    0.54939E-04    0.16021E-04    0.26403E-03   -0.43377E+01   -0.23561E+00    0.11909E+00   -0.18054E-01   -0.43462E-01   -0.27240E-02   -0.32283E-02   -0.67564E-03    0.34132E-02    0.51360E-05    0.33665E-04   -0.59228E-03    0.22705E-01   -0.45425E-01    0.20529E+00   -0.13742E-01   -0.10640E+00    0.36376E-01   -0.35084E-01    0.99984E+00    0.55799E-02    0.56000E-02   -0.16173E-01    0.54927E-01   -0.30469E-02   -0.73950E-01   -0.23610E-01    0.14302E+00   -0.95647E-01    0.26498E+00    0.76999E+00    0.30555E+00   -0.21444E+00   -0.13052E-01   -0.10595E+00   -0.16932E-02    0.42980E-02   -0.91726E-01   -0.10615E-02    0.18958E-04    0.69818E-03    0.98581E-03    0.23723E-02    0.33741E-04   -0.18383E-03    0.53688E-04   -0.32638E-03    0.27664E-03    0.39386E-04    0.96270E-05
    0.60024E-05   -0.12275E-04    0.10736E-04   -0.91244E-04    0.19059E-04   -0.21124E-03   -0.48043E+00   -0.30380E-01   -0.18505E-01    0.13068E-01   -0.63699E-01    0.15394E-02    0.41508E-03    0.10881E-02   -0.46956E-02    0.58012E-05    0.52001E-05   -0.32892E-02   -0.10634E-01   -0.35254E-01    0.68414E-01    0.16852E+00    0.77182E-01   -0.26624E-01   -0.14198E-02    0.55799E-02    0.98942E+00    0.83717E-02   -0.97595E-02    0.85051E-01   -0.46204E-01    0.13504E+00    0.14267E+00   -0.13332E+00   -0.19031E+00    0.63359E+00    0.13387E+00   -0.60372E+00    0.18315E+00   -0.49762E-02    0.20148E+00    0.17675E-01   -0.52871E-02    0.17119E+00   -0.45338E-03   -0.29698E-03   -0.49141E-03   -0.10787E-02    0.94445E-03    0.10253E-04    0.29133E-03   -0.94917E-04    0.28939E-03    0.10431E-04    0.25901E-03    0.22078E-03
   -0.16639E-05   -0.14692E-04   -0.34379E-05    0.13419E-03    0.61519E-04    0.22564E-03   -0.15707E+01   -0.17964E+00   -0.23134E+00    0.74922E-02    0.24704E+00   -0.92876E-02   -0.11389E-02    0.16720E-03    0.80837E-02    0.21107E-05    0.23942E-05    0.21998E-02   -0.85005E-02   -0.83294E-02   -0.12328E-01   -0.43021E-01   -0.92813E-01    0.73283E-01    0.46785E-02    0.56000E-02    0.83717E-02    0.10017E+01    0.21779E-01   -0.10706E-01   -0.10354E+00   -0.12749E+00   -0.22634E-01   -0.10195E+00   -0.54803E-01    0.73117E-01   -0.25634E-01    0.28844E+00    0.67156E+00    0.90794E-02   -0.18852E+00    0.15168E-01   -0.11005E-01   -0.19108E+00    0.15731E-02    0.81324E-03   -0.57102E-03    0.11572E-02   -0.17138E-02   -0.73991E-04   -0.49919E-04   -0.14390E-04    0.12473E-03   -0.17483E-03   -0.76466E-04    0.40782E-03
    0.29229E-05   -0.18188E-05    0.41355E-05    0.22390E-04   -0.56797E-04    0.22455E-04   -0.13598E+01    0.74187E-02    0.19717E+00    0.59944E-04   -0.22334E+00   -0.14496E-01   -0.20477E-03   -0.12994E-02   -0.59042E-02    0.46653E-05    0.46756E-04    0.39530E-02    0.41636E-01   -0.64285E-01    0.20881E-01    0.83716E-01    0.71616E-01    0.62028E-01    0.61220E-02   -0.16173E-01   -0.97595E-02    0.21779E-01    0.97978E+00   -0.54276E-01    0.86835E-01    0.40968E-01    0.14752E+00    0.21265E-01    0.13443E+00   -0.55468E+00    0.36787E+00   -0.32700E+00    0.23573E+00    0.24568E-02    0.23426E+00    0.13199E-01    0.53999E-02    0.64857E-01   -0.86295E-03   -0.12674E-02    0.33176E-04    0.68002E-03    0.28135E-03    0.69056E-04   -0.74459E-04    0.18999E-04    0.28142E-03   -0.40378E-03   -0.61473E-04   -0.49488E-03
   -0.46244E-05    0.30102E-04    0.85213E-05   -0.36836E-04    0.32240E-04    0.81609E-06    0.41061E+00   -0.16098E+00    0.20895E+00    0.15848E-01   -0.15257E+00   -0.54386E-01   -0.19514E-02    0.90387E-03   -0.61492E-02    0.13167E-05   -0.38162E-03    0.94084E-02    0.51038E-01    0.35419E-01   -0.12887E+00   -0.30752E-01    0.83685E-01    0.65867E-01    0.76841E-01    0.54927E-01    0.85051E-01   -0.10706E-01   -0.54276E-01    0.86634E+00   -0.53428E-02   -0.36036E-01   -0.14507E-01   -0.19468E-01    0.60201E+00    0.17967E+00    0.12482E+00    0.45373E-01   -0.72381E-01    0.12078E-01    0.23679E+00    0.12980E-01    0.14785E-01    0.19877E+00    0.13531E-02   -0.68280E-03   -0.10826E-02    0.33771E-02   -0.82119E-03    0.70972E-04    0.40581E-03    0.71921E-04    0.30346E-03   -0.22038E-03    0.16454E-04    0.31133E-03
    0.19613E-05    0.34453E-04    0.10599E-04   -0.28704E-03   -0.58027E-04   -0.39996E-03    0.28475E+00   -0.33773E-01    0.16149E+00   -0.48902E-02   -0.38215E+00   -0.12549E-01    0.14972E-02   -0.12253E-02   -0.11215E-01    0.97670E-05    0.61294E-04    0.25705E-02   -0.17489E-02    0.30831E-01   -0.16513E-02    0.46985E-01    0.11567E+00   -0.72613E-01    0.11081E+00   -0.30469E-02   -0.46204E-01   -0.10354E+00    0.86835E-01   -0.53428E-02    0.97108E+00    0.54261E-02   -0.91545E-02   -0.84070E-02    0.87702E-01    0.14836E+00   -0.19157E-02    0.13293E+00    0.15333E+00    0.16949E-01    0.31531E+00   -0.13833E-01    0.23966E-01    0.29289E+00    0.89579E-03    0.41260E-04   -0.29164E-03    0.23411E-02   -0.39337E-02    0.16129E-05   -0.35095E-05    0.19446E-04   -0.22785E-03    0.13054E-03   -0.24292E-04   -0.52075E-04
   -0.21822E-05   -0.27187E-04    0.39309E-06    0.39851E-03    0.56918E-04    0.66756E-03    0.23163E+00    0.31034E-01   -0.34021E-01   -0.71797E-03   -0.30548E-02   -0.22349E-01   -0.48001E-03    0.67967E-03   -0.10571E-03    0.68804E-06   -0.76448E-04    0.75413E-03   -0.55542E-02   -0.28507E-01    0.33702E-01   -0.13885E-01    0.45023E-01   -0.77344E-01   -0.85122E-01   -0.73950E-01    0.13504E+00   -0.12749E+00    0.40968E-01   -0.36036E-01    0.54261E-02    0.10103E+01    0.12397E-01    0.18080E-01   -0.12236E+00    0.33812E-01    0.15099E+00    0.27333E-01   -0.27193E-01    0.92967E-02   -0.84521E-01    0.35509E-01   -0.16673E-02    0.81172E-01   -0.55650E-03   -0.30155E-02   -0.53135E-03   -0.23990E-02    0.19087E-02   -0.10957E-03   -0.30409E-03   -0.11290E-04   -0.11122E-03   -0.29546E-04    0.84913E-05    0.27158E-03
    0.49003E-05   -0.28334E-04    0.28168E-05   -0.62588E-04    0.33001E-04   -0.21535E-03   -0.35104E+00   -0.14849E+00    0.18941E+00   -0.12716E-01   -0.29635E+00   -0.34741E-01   -0.58675E-03    0.18676E-03   -0.78237E-02    0.86272E-05    0.43745E-04    0.42691E-02    0.56127E-01   -0.38316E-01    0.16056E-01   -0.19244E-01    0.14810E+00    0.50977E-01   -0.62255E-02   -0.23610E-01    0.14267E+00   -0.22634E-01    0.14752E+00   -0.14507E-01   -0.91545E-02    0.12397E-01    0.98990E+00   -0.14224E-01   -0.28306E-01    0.16303E-01    0.11940E+00   -0.25988E+00    0.11802E+00    0.99977E-02    0.27934E+00    0.13004E-01    0.15305E-01    0.19019E+00   -0.10791E-02   -0.15658E-02   -0.30708E-03   -0.17803E-02    0.21122E-02   -0.22448E-04    0.27975E-03    0.89963E-04    0.25974E-03   -0.18937E-03    0.20415E-03   -0.27922E-03
   -0.51571E-05   -0.94089E-05    0.17992E-05   -0.80128E-04   -0.55268E-05   -0.26400E-03   -0.34133E+01    0.11869E-01   -0.20588E-01   -0.63573E-02   -0.10809E+00   -0.15937E-01    0.11627E-02    0.16615E-03   -0.48709E-02   -0.36020E-05    0.17578E-04    0.99109E-03    0.25770E-01   -0.11350E+00    0.17436E+00    0.11322E+00   -0.10646E+00    0.44630E-01   -0.76012E-01    0.14302E+00   -0.13332E+00   -0.10195E+00    0.21265E-01   -0.19468E-01   -0.84070E-02    0.18080E-01   -0.14224E-01    0.97642E+00   -0.59535E-01   -0.62010E-01    0.34780E-01    0.18166E+00   -0.10345E+00    0.14936E-01    0.96399E-01    0.60515E-02   -0.12599E-02    0.12864E+00   -0.21714E-04   -0.15425E-02   -0.40640E-03    0.34373E-02    0.24325E-02   -0.57764E-04   -0.12616E-03    0.31864E-04   -0.98931E-04   -0.50288E-03   -0.20914E-03    0.31393E-03
   -0.16670E-05    0.35153E-04    0.10598E-04    0.17869E-03    0.18380E-03    0.71264E-03   -0.76298E+00    0.89042E-01    0.27375E+00   -0.14450E-01   -0.16595E+00   -0.10540E-01   -0.10220E-02   -0.69635E-03   -0.27559E-02    0.10853E-04    0.34966E-04    0.39299E-02    0.54764E-01    0.16887E+00   -0.23503E+00   -0.60227E-01    0.10403E+00    0.10220E+00    0.63810E+00   -0.95647E-01   -0.19031E+00   -0.54803E-01    0.13443E+00    0.60201E+00    0.87702E-01   -0.12236E+00   -0.28306E-01   -0.59535E-01    0.96576E+00   -0.33046E-01    0.10520E-01    0.53679E-02    0.20773E-01    0.84539E-02    0.18734E+00   -0.69820E-02    0.18676E-01    0.10019E+00   -0.61657E-03   -0.11653E-02    0.16984E-04    0.37259E-02   -0.29909E-02    0.30458E-03    0.24939E-03    0.33166E-03    0.30158E-03    0.52333E-03    0.13501E-03    0.82016E-04
    0.26084E-05    0.59232E-05    0.91195E-05   -0.66738E-04    0.97774E-04    0.37113E-04   -0.16378E+01   -0.78629E-01    0.73499E-02   -0.10985E-01   -0.86709E-01   -0.89880E-02   -0.41080E-03    0.87991E-03   -0.18335E-02    0.91596E-05    0.77126E-04   -0.16813E-03    0.88964E-02    0.40761E-01    0.58045E-01    0.30702E-01    0.23128E-01   -0.55308E-01    0.21114E+00    0.26498E+00    0.63359E+00    0.73117E-01   -0.55468E+00    0.17967E+00    0.14836E+00    0.33812E-01    0.16303E-01   -0.62010E-01   -0.33046E-01    0.97498E+00    0.12376E-01    0.58968E-02   -0.99853E-02    0.12826E-02    0.84124E-01   -0.24170E-02    0.57901E-02    0.15497E+00   -0.69575E-04    0.14003E-03   -0.13101E-03    0.81283E-04   -0.35881E-03    0.43977E-04    0.16203E-03    0.16720E-04   -0.10015E-03    0.51689E-03    0.26122E-03    0.56036E-03
    0.17674E-06    0.22220E-04   -0.26827E-05    0.88415E-04   -0.25331E-04    0.32454E-03   -0.21962E+01   -0.26052E+00    0.19622E+00   -0.86568E-03   -0.63358E-01   -0.12408E-01   -0.41228E-02    0.18480E-03    0.27859E-02    0.30180E-05   -0.55614E-04    0.10748E-02    0.25974E-01   -0.89452E-02    0.11252E+00    0.26387E-01   -0.11347E-01    0.86843E-01   -0.48046E-01    0.76999E+00    0.13387E+00   -0.25634E-01    0.36787E+00    0.12482E+00   -0.19157E-02    0.15099E+00    0.11940E+00    0.34780E-01    0.10520E-01    0.12376E-01    0.98111E+00    0.95290E-02   -0.33407E-02   -0.95499E-02   -0.48786E-01    0.15709E-01    0.18544E-02   -0.42188E-01   -0.63205E-03   -0.65604E-03    0.22788E-04    0.74833E-03    0.72498E-03    0.72401E-05   -0.21983E-03    0.87221E-04   -0.16870E-03   -0.66600E-04    0.10937E-03   -0.48107E-04
   -0.75097E-05    0.18219E-04   -0.76185E-05    0.43776E-04    0.40452E-05    0.17722E-03   -0.96897E+00   -0.15500E+00   -0.11032E+00   -0.12774E-01    0.10811E+00   -0.39851E-01   -0.19285E-02   -0.13901E-03    0.74111E-02   -0.30219E-05   -0.84442E-04    0.94208E-02    0.33540E-01    0.23075E-01    0.11869E-01   -0.19223E+00   -0.13813E+00   -0.25914E-01   -0.43516E-01    0.30555E+00   -0.60372E+00    0.28844E+00   -0.32700E+00    0.45373E-01    0.13293E+00    0.27333E-01   -0.25988E+00    0.18166E+00    0.53679E-02    0.58968E-02    0.95290E-02    0.96460E+00   -0.13201E-01    0.18694E-01   -0.27423E+00    0.35001E-02    0.72917E-02   -0.13942E+00    0.13747E-02    0.64073E-03   -0.30245E-04    0.44370E-03   -0.57480E-03   -0.93120E-04   -0.29159E-03    0.47160E-04   -0.35625E-03   -0.33359E-04   -0.21191E-03    0.39923E-03
    0.13536E-05   -0.91363E-05    0.68967E-05    0.23013E-03    0.12350E-03    0.45860E-03    0.16966E+01    0.13059E-01   -0.32844E+00    0.27251E-01    0.32352E+00    0.10015E-01   -0.13212E-02    0.20869E-03    0.94514E-02    0.53443E-05    0.17166E-04   -0.20693E-03   -0.43336E-01    0.74998E-01   -0.22126E+00    0.74214E-01    0.64919E-01    0.23128E-01    0.11527E+00   -0.21444E+00    0.18315E+00    0.67156E+00    0.23573E+00   -0.72381E-01    0.15333E+00   -0.27193E-01    0.11802E+00   -0.10345E+00    0.20773E-01   -0.99853E-02   -0.33407E-02   -0.13201E-01    0.99237E+00    0.13811E-01   -0.18403E+00    0.27783E-01   -0.12258E-01   -0.18675E+00    0.17058E-02    0.15033E-02   -0.68892E-03    0.32045E-02   -0.36998E-02   -0.91917E-04    0.88073E-04    0.24520E-04    0.31872E-03   -0.15003E-03    0.36045E-04    0.48098E-03
    0.71541E-05   -0.23669E-05    0.39640E-05    0.26403E-03    0.86960E-04    0.54075E-03    0.35687E+00    0.24712E+00    0.20874E+00    0.51688E-01   -0.34730E+00   -0.89559E-01   -0.12539E-02    0.58223E-02   -0.86154E-02    0.29931E-05    0.72021E-04    0.61370E-01    0.92655E-01   -0.58157E-02   -0.58372E-02    0.13129E-02    0.50415E-02   -0.11329E-01   -0.46997E-04   -0.13052E-01   -0.49762E-02    0.90794E-02    0.24568E-02    0.12078E-01    0.16949E-01    0.92967E-02    0.99977E-02    0.14936E-01    0.84539E-02    0.12826E-02   -0.95499E-02    0.18694E-01    0.13811E-01    0.34534E+00    0.19292E+00    0.21268E-01    0.15225E+00    0.52693E+00    0.12440E-01    0.15699E-01   -0.47988E-02   -0.23100E-02   -0.12819E-02    0.55797E-03   -0.30755E-04    0.71227E-03    0.11656E-03   -0.64271E-03    0.19445E-03    0.16982E-02
    0.83176E-04   -0.87285E-04    0.14428E-04    0.12945E-02    0.13115E-02    0.24499E-02   -0.22335E+01   -0.27339E+01    0.16871E+02   -0.87533E-01   -0.11338E+02   -0.70014E+00   -0.14673E+00    0.26063E-03   -0.18751E+00    0.15954E-04    0.40750E-03    0.14830E+00    0.12230E+01   -0.13095E+00    0.87416E-01    0.61399E-01    0.10571E-02   -0.46749E-01    0.43206E-01   -0.10595E+00    0.20148E+00   -0.18852E+00    0.23426E+00    0.23679E+00    0.31531E+00   -0.84521E-01    0.27934E+00    0.96399E-01    0.18734E+00    0.84124E-01   -0.48786E-01   -0.27423E+00   -0.18403E+00    0.19292E+00    0.15749E+02    0.11149E+00    0.38310E+00    0.56644E+01   -0.12939E-02   -0.26921E-01   -0.10804E-01    0.19698E-01    0.21158E-01    0.17672E-02    0.20845E-01    0.22506E-02    0.14299E-01    0.20189E-02    0.35166E-02   -0.78653E-02
    0.17389E-04   -0.20080E-04    0.16791E-04    0.57463E-03    0.22175E-03    0.12216E-02    0.38006E+01    0.91355E+00   -0.61326E+00   -0.20727E+00   -0.18473E+00   -0.82401E+00   -0.10081E-01   -0.14739E-01    0.16972E-02   -0.81373E-05    0.73259E-04    0.11993E-01    0.40307E+00   -0.50761E-01    0.55463E-03    0.18006E-02   -0.29981E-01   -0.50080E-02   -0.16226E-01   -0.16932E-02    0.17675E-01    0.15168E-01    0.13199E-01    0.12980E-01   -0.13833E-01    0.35509E-01    0.13004E-01    0.60515E-02   -0.69820E-02   -0.24170E-02    0.15709E-01    0.35001E-02    0.27783E-01    0.21268E-01    0.11149E+00    0.22108E+01   -0.67906E-02    0.27980E+00   -0.88695E-01   -0.10472E+00   -0.39292E-02   -0.32306E-03   -0.36291E-02   -0.53712E-03    0.10503E-02   -0.42610E-03    0.11425E-02    0.47383E-03   -0.54230E-04    0.75962E-03
    0.20731E-04   -0.39339E-04    0.39820E-05    0.44861E-03    0.22012E-03    0.82738E-03   -0.68475E+00   -0.22429E+00    0.60296E+00   -0.13718E-01   -0.70162E+00   -0.92987E-01   -0.33893E-02    0.32045E-02   -0.10550E-01   -0.11610E-05    0.43343E-04    0.57258E-01    0.22871E+00   -0.13968E-01   -0.53259E-02    0.17215E-02    0.28132E-02   -0.55736E-02    0.10738E-01    0.42980E-02   -0.52871E-02   -0.11005E-01    0.53999E-02    0.14785E-01    0.23966E-01   -0.16673E-02    0.15305E-01   -0.12599E-02    0.18676E-01    0.57901E-02    0.18544E-02    0.72917E-02   -0.12258E-01    0.15225E+00    0.38310E+00   -0.67906E-02    0.24285E+00    0.38517E+00    0.69616E-02    0.15063E-01    0.11695E-04    0.86398E-03    0.20138E-02    0.18262E-03   -0.84195E-04    0.19652E-03   -0.10150E-03    0.40383E-03    0.30520E-03    0.44422E-03
    0.10065E-03   -0.20009E-03    0.96718E-04    0.10088E-02    0.11176E-02    0.14908E-02    0.31580E+01   -0.10287E+01    0.93739E+01   -0.34088E-01   -0.77352E+01   -0.11804E+01   -0.10643E+00    0.27812E-02   -0.13737E+00   -0.13801E-04    0.50373E-03    0.20866E+00    0.17530E+01   -0.10587E+00    0.87738E-01   -0.10041E-01    0.11566E-01   -0.29356E-01    0.82572E-03   -0.91726E-01    0.17119E+00   -0.19108E+00    0.64857E-01    0.19877E+00    0.29289E+00    0.81172E-01    0.19019E+00    0.12864E+00    0.10019E+00    0.15497E+00   -0.42188E-01   -0.13942E+00   -0.18675E+00    0.52693E+00    0.56644E+01    0.27980E+00    0.38517E+00    0.16745E+02    0.27682E-02   -0.53347E-01   -0.25156E-01   -0.14324E-01   -0.61433E-03    0.19416E-02    0.24795E-02    0.24238E-02    0.10849E-02    0.14744E-02    0.53900E-02    0.29457E-01
   -0.41515E-06    0.29378E-05    0.12043E-06   -0.20749E-04   -0.16127E-04   -0.44657E-04    0.38713E-01    0.19628E-01   -0.47607E-01    0.47592E-01    0.59037E-01    0.43875E-01    0.48297E-03    0.21960E-03   -0.55298E-03    0.34096E-06    0.52239E-05    0.40892E-02   -0.50293E-01    0.79699E-03   -0.10421E-02    0.58824E-03    0.12674E-02   -0.14777E-03   -0.20419E-02   -0.10615E-02   -0.45338E-03    0.15731E-02   -0.86295E-03    0.13531E-02    0.89579E-03   -0.55650E-03   -0.10791E-02   -0.21714E-04   -0.61657E-03   -0.69575E-04   -0.63205E-03    0.13747E-02    0.17058E-02    0.12440E-01   -0.12939E-02   -0.88695E-01    0.69616E-02    0.27682E-02    0.82336E-02    0.76458E-02   -0.22341E-03    0.15987E-03    0.21791E-04    0.18378E-04    0.39607E-05    0.14739E-04    0.73291E-05   -0.92617E-04    0.30576E-04    0.11108E-03
   -0.44958E-06    0.17446E-05   -0.18398E-06   -0.39826E-04   -0.29431E-04   -0.84428E-04   -0.27993E+00   -0.39924E-01   -0.86861E-01    0.45317E-01    0.67718E-01    0.70186E-01    0.16746E-02    0.15379E-02   -0.18879E-03    0.44004E-06    0.18253E-05    0.81844E-02   -0.33636E-01    0.29933E-02    0.19696E-03    0.94959E-03   -0.73675E-03   -0.16273E-02   -0.87043E-03    0.18958E-04   -0.29698E-03    0.81324E-03   -0.12674E-02   -0.68280E-03    0.41260E-04   -0.30155E-02   -0.15658E-02   -0.15425E-02   -0.11653E-02    0.14003E-03   -0.65604E-03    0.64073E-03    0.15033E-02    0.15699E-01   -0.26921E-01   -0.10472E+00    0.15063E-01   -0.53347E-01    0.76458E-02    0.13574E-01    0.45038E-03    0.84840E-04    0.26952E-03    0.40191E-04   -0.29149E-04    0.22942E-04   -0.22829E-04    0.81814E-05    0.96266E-04   -0.22437E-04
    0.27479E-07   -0.10203E-05    0.66173E-07   -0.46278E-05   -0.10070E-06   -0.10987E-04   -0.62314E-01   -0.30156E-01    0.33832E-03   -0.45065E-02   -0.10556E-01   -0.18862E-02    0.37353E-03   -0.42326E-03    0.27053E-03    0.33063E-07   -0.31643E-05    0.12851E-02    0.17919E-01    0.35234E-03    0.37490E-04   -0.61484E-04   -0.36091E-03   -0.15075E-04    0.86018E-03    0.69818E-03   -0.49141E-03   -0.57102E-03    0.33176E-04   -0.10826E-02   -0.29164E-03   -0.53135E-03   -0.30708E-03   -0.40640E-03    0.16984E-04   -0.13101E-03    0.22788E-04   -0.30245E-04   -0.68892E-03   -0.47988E-02   -0.10804E-01   -0.39292E-02    0.11695E-04   -0.25156E-01   -0.22341E-03    0.45038E-03    0.49731E-03    0.83699E-04    0.11774E-03    0.32852E-05   -0.17119E-04    0.38341E-05   -0.17423E-04    0.49849E-04    0.17180E-04   -0.83329E-04
