# omegabh2 omegach2 theta tau logA ns calPlanck aps100 aps143 aps217 acib217 asz143 psr cibr xi aksz dust100 dust143 dust217 dust143x217 cal0 cal2 calTE calEE
  2.3546856E-08  -8.6750406E-08   1.5406125E-08   3.2833584E-07   5.7803239E-07   2.7213522E-07   2.8169140E-08  -3.9871217E-04  -2.7222191E-04   8.2498602E-05  -1.1657031E-04   2.2064729E-05   9.1813194E-07  -1.7595856E-06   7.4392363E-07  -4.0672570E-05  -1.6184666E-07  -7.0564172E-07   7.0996914E-07  -2.6094454E-07   4.2512905E-09  -4.7749098E-09  -1.0093844E-07  -2.3586226E-07
 -8.6750406E-08   1.4534036E-06  -1.2608191E-07  -3.7595915E-06  -4.9726637E-06  -3.2942652E-06  -3.5263189E-07   7.8703066E-04   7.6260988E-04  -2.7512574E-04   2.6319763E-04  -6.1889706E-05  -2.2864716E-06   4.1276972E-06   2.8051058E-06   1.4813045E-04   3.7665575E-06   8.1389511E-06   1.4031992E-07   6.6324688E-06  -5.0598804E-08   2.8313084E-08  -9.2555080E-08  -6.8662859E-07
  1.5406125E-08  -1.2608191E-07   9.9152418E-08   3.8748679E-07   6.4152532E-07   4.1244380E-07   3.1180356E-08  -4.0827521E-05  -6.7905321E-05   3.1668505E-06  -9.7844846E-06   2.0874973E-06  -2.9590399E-07   2.2213854E-07  -1.3802175E-07  -1.1547935E-05   2.5877413E-07  -2.9639490E-07  -6.0237370E-08  -8.6029166E-07   1.1801399E-10  -1.4886739E-09  -3.7849261E-08   4.1356098E-08
  3.2833584E-07  -3.7595915E-06   3.8748679E-07   5.5753711E-05   1.0031632E-04   1.1849451E-05  -7.4165069E-07  -1.0795611E-02  -5.1335359E-03   4.6187646E-04  -2.0236056E-03   3.8723161E-04   1.2132666E-05  -2.1218297E-05  -7.2048445E-06  -9.7492662E-04  -7.9550907E-08  -4.3535022E-06   9.0310366E-06  -1.5372984E-05  -1.9200443E-07  -1.5236350E-07  -3.2100785E-06  -1.9561135E-06
  5.7803239E-07  -4.9726637E-06   6.4152532E-07   1.0031632E-04   2.1141820E-04   1.6003838E-05   1.0358616E-05  -1.1766059E-02  -6.9023190E-03   8.4075218E-03  -4.9625717E-03   5.2072162E-04   4.4362903E-05  -9.0166667E-05   4.6112259E-05  -2.4270779E-03  -1.0418382E-05  -7.7650925E-05   3.7910853E-05  -4.3705284E-05   1.2437969E-07  -4.1395197E-07  -6.6724695E-06  -3.0404312E-06
  2.7213522E-07  -3.2942652E-06   4.1244380E-07   1.1849451E-05   1.6003838E-05   1.7508435E-05   7.6435864E-07  -2.3354462E-02  -7.9554048E-03   8.9373753E-03  -6.1278889E-03   6.3374977E-04   6.3818982E-05  -1.1545780E-04   4.0626378E-05  -2.0822395E-03   9.8272937E-06  -3.5035977E-05   2.8827062E-05  -1.5774717E-05  -2.6525059E-07  -4.0108855E-07  -4.6641863E-07  -2.3169009E-06
  2.8169140E-08  -3.5263189E-07   3.1180356E-08  -7.4165069E-07   1.0358616E-05   7.6435864E-07   6.3166813E-06   4.4606938E-03   4.2529581E-04   1.4766273E-03   3.7808607E-04  -7.1329797E-05  -2.8325248E-07  -4.6198694E-06   4.8304860E-06   4.6149721E-05  -5.2740823E-07   4.3982908E-06   4.9450575E-06  -5.3751645E-06  -1.4052380E-08  -1.0609252E-07  -3.5874283E-07  -6.7422109E-08
 -3.9871217E-04   7.8703066E-04  -4.0827521E-05  -1.0795611E-02  -1.1766059E-02  -2.3354462E-02   4.4606938E-03   6.0045770E+02   5.7706185E+01  -5.5499038E+01   2.9299300E+01  -2.5287011E+01  -8.5135640E-01  -1.4550714E-01  -2.3051482E-01   1.1582007E+01  -1.5722664E-01   2.9566846E-01  -2.3226672E-01  -1.9312782E-01   6.1146062E-03   2.9330637E-03   3.6352433E-03   7.2456399E-03
 -2.7222191E-04   7.6260988E-04  -6.7905321E-05  -5.1335359E-03  -6.9023190E-03  -7.9554048E-03   4.2529581E-04   5.7706185E+01   6.7138013E+01   8.9965086E+00   6.5040137E+00  -2.5489716E-01  -1.8503399E-02   4.5761089E-01   8.9275038E-01  -8.4059811E+00  -3.0180538E-02  -2.2903921E-01   5.2122763E-02   6.1787075E-02   8.0601551E-04   6.1324698E-04   2.2032740E-03   5.1804847E-03
  8.2498602E-05  -2.7512574E-04   3.1668505E-06   4.6187646E-04   8.4075218E-03   8.9373753E-03   1.4766273E-03  -5.5499038E+01   8.9965086E+00   1.7348547E+02  -8.1849754E+01   2.5968964E+00   3.1340450E-01  -1.0211619E+00   2.9009997E-01  -7.3035279E+00  -6.4405426E-02  -2.5937088E-01   5.5449317E-01  -1.3418395E-02   1.5660364E-03  -7.5664690E-03   2.7564647E-03   3.1955863E-03
 -1.1657031E-04   2.6319763E-04  -9.7844846E-06  -2.0236056E-03  -4.9625717E-03  -6.1278889E-03   3.7808607E-04   2.9299300E+01   6.5040137E+00  -8.1849754E+01   5.1159634E+01   1.7374542E+00  -2.2698947E-02   7.1254506E-01  -2.2466586E-01  -2.7050577E+00   3.2971296E-02   1.5423264E-01  -4.5545171E-01  -1.1932569E-01  -4.9188922E-04   2.9397608E-03  -8.8716973E-04   8.8208177E-05
  2.2064729E-05  -6.1889706E-05   2.0874973E-06   3.8723161E-04   5.2072162E-04   6.3374977E-04  -7.1329797E-05  -2.5287011E+01  -2.5489716E-01   2.5968964E+00   1.7374542E+00   4.3707515E+00   1.0349619E-01   1.6152322E-01  -3.6591387E-02  -3.5551902E+00  -3.4088737E-03  -3.6337930E-03   8.0103913E-03   5.0593680E-02   4.7225249E-04  -2.3547811E-04  -1.9805024E-04  -2.7253195E-04
  9.1813194E-07  -2.2864716E-06  -2.9590399E-07   1.2132666E-05   4.4362903E-05   6.3818982E-05  -2.8325248E-07  -8.5135640E-01  -1.8503399E-02   3.1340450E-01  -2.2698947E-02   1.0349619E-01   1.6565614E-02  -1.6543392E-02   1.1688042E-02  -1.0459119E-01  -7.0870691E-05  -1.3456280E-03  -3.0643713E-03   4.9615521E-03   1.8115963E-05  -4.0735503E-05   1.8921030E-05   4.1097956E-06
 -1.7595856E-06   4.1276972E-06   2.2213854E-07  -2.1218297E-05  -9.0166667E-05  -1.1545780E-04  -4.6198694E-06  -1.4550714E-01   4.5761089E-01  -1.0211619E+00   7.1254506E-01   1.6152322E-01  -1.6543392E-02   6.8659494E-02   4.4378629E-03  -1.6423176E-01   7.4251221E-04   7.2285748E-03   1.0622862E-04  -1.7571820E-02  -5.1709980E-06   9.9628020E-05  -4.5945615E-05  -9.4244626E-06
  7.4392363E-07   2.8051058E-06  -1.3802175E-07  -7.2048445E-06   4.6112259E-05   4.0626378E-05   4.8304860E-06  -2.3051482E-01   8.9275038E-01   2.9009997E-01  -2.2466586E-01  -3.6591387E-02   1.1688042E-02   4.4378629E-03   8.2697053E-02   3.5493166E-02   2.6189302E-05   2.3243983E-04   8.7314138E-04   9.6081997E-04   1.7007621E-05  -7.1250025E-06   1.9545729E-05   1.6544497E-05
 -4.0672570E-05   1.4813045E-04  -1.1547935E-05  -9.7492662E-04  -2.4270779E-03  -2.0822395E-03   4.6149721E-05   1.1582007E+01  -8.4059811E+00  -7.3035279E+00  -2.7050577E+00  -3.5551902E+00  -1.0459119E-01  -1.6423176E-01   3.5493166E-02   7.3471513E+00  -5.6488265E-04  -3.9684103E-03  -4.3593070E-03  -4.6838321E-02  -3.4602390E-04   5.7141131E-05  -2.1911913E-04  -2.4059985E-04
 -1.6184666E-07   3.7665575E-06   2.5877413E-07  -7.9550907E-08  -1.0418382E-05   9.8272937E-06  -5.2740823E-07  -1.5722664E-01  -3.0180538E-02  -6.4405426E-02   3.2971296E-02  -3.4088737E-03  -7.0870691E-05   7.4251221E-04   2.6189302E-05  -5.6488265E-04   3.8550841E-02   3.4116828E-03  -2.7689631E-04   4.7198215E-04   3.6541380E-05  -4.3477850E-06  -1.5580861E-05  -2.4596976E-05
 -7.0564172E-07   8.1389511E-06  -2.9639490E-07  -4.3535022E-06  -7.7650925E-05  -3.5035977E-05   4.3982908E-06   2.9566846E-01  -2.2903921E-01  -2.5937088E-01   1.5423264E-01  -3.6337930E-03  -1.3456280E-03   7.2285748E-03   2.3243983E-04  -3.9684103E-03   3.4116828E-03   3.0687180E-02  -3.9559312E-04   5.4268181E-03  -7.8631543E-05  -3.8589672E-05  -7.9937184E-05  -9.9645920E-05
  7.0996914E-07   1.4031992E-07  -6.0237370E-08   9.0310366E-06   3.7910853E-05   2.8827062E-05   4.9450575E-06  -2.3226672E-01   5.2122763E-02   5.5449317E-01  -4.5545171E-01   8.0103913E-03  -3.0643713E-03   1.0622862E-04   8.7314138E-04  -4.3593070E-03  -2.7689631E-04  -3.9559312E-04   1.1067109E-02   8.7720265E-03   2.3834065E-06   6.7362443E-05   2.6848014E-06  -6.1547813E-06
 -2.6094454E-07   6.6324688E-06  -8.6029166E-07  -1.5372984E-05  -4.3705284E-05  -1.5774717E-05  -5.3751645E-06  -1.9312782E-01   6.1787075E-02  -1.3418395E-02  -1.1932569E-01   5.0593680E-02   4.9615521E-03  -1.7571820E-02   9.6081997E-04  -4.6838321E-02   4.7198215E-04   5.4268181E-03   8.7720265E-03   2.6596655E-02  -4.2412989E-06   6.0846417E-05  -1.4183601E-05  -2.3582740E-05
  4.2512905E-09  -5.0598804E-08   1.1801399E-10  -1.9200443E-07   1.2437969E-07  -2.6525059E-07  -1.4052380E-08   6.1146062E-03   8.0601551E-04   1.5660364E-03  -4.9188922E-04   4.7225249E-04   1.8115963E-05  -5.1709980E-06   1.7007621E-05  -3.4602390E-04   3.6541380E-05  -7.8631543E-05   2.3834065E-06  -4.2412989E-06   1.1095059E-06   3.6071641E-08   4.2912089E-07   6.7128871E-07
 -4.7749098E-09   2.8313084E-08  -1.4886739E-09  -1.5236350E-07  -4.1395197E-07  -4.0108855E-07  -1.0609252E-07   2.9330637E-03   6.1324698E-04  -7.5664690E-03   2.9397608E-03  -2.3547811E-04  -4.0735503E-05   9.9628020E-05  -7.1250025E-06   5.7141131E-05  -4.3477850E-06  -3.8589672E-05   6.7362443E-05   6.0846417E-05   3.6071641E-08   2.5050936E-06   2.3604464E-07   1.5141940E-07
 -1.0093844E-07  -9.2555080E-08  -3.7849261E-08  -3.2100785E-06  -6.6724695E-06  -4.6641863E-07  -3.5874283E-07   3.6352433E-03   2.2032740E-03   2.7564647E-03  -8.8716973E-04  -1.9805024E-04   1.8921030E-05  -4.5945615E-05   1.9545729E-05  -2.1911913E-04  -1.5580861E-05  -7.9937184E-05   2.6848014E-06  -1.4183601E-05   4.2912089E-07   2.3604464E-07   2.4173631E-05   8.3510305E-06
 -2.3586226E-07  -6.8662859E-07   4.1356098E-08  -1.9561135E-06  -3.0404312E-06  -2.3169009E-06  -6.7422109E-08   7.2456399E-03   5.1804847E-03   3.1955863E-03   8.8208177E-05  -2.7253195E-04   4.1097956E-06  -9.4244626E-06   1.6544497E-05  -2.4059985E-04  -2.4596976E-05  -9.9645920E-05  -6.1547813E-06  -2.3582740E-05   6.7128871E-07   1.5141940E-07   8.3510305E-06   2.3836571E-05
