# omegabh2 omegach2 theta tau omegak ns nrun logA r aps100 aps143 aps217 acib143 acib217 asz143 psr cibr ncib cal0 cal2 xi aksz bm_1_1 bm_1_2 bm_1_3 bm_1_4 bm_1_5 bm_2_1 bm_2_2 bm_2_3 bm_2_4 bm_2_5 bm_3_1 bm_3_2 bm_3_3 bm_3_4 bm_3_5 bm_4_1 bm_4_2 bm_4_3 bm_4_4 bm_4_5
    0.11033E-06   -0.51200E-06    0.98144E-07    0.20464E-05   -0.59567E-06    0.14057E-05   -0.15290E-05    0.34112E-05    0.85561E-05   -0.94636E-03   -0.61281E-03   -0.26718E-03   -0.80222E-04   -0.14051E-03    0.48798E-04   -0.33400E-06   -0.60676E-06   -0.22452E-05   -0.10122E-08    0.12250E-08    0.73361E-06   -0.63486E-05   -0.47320E-05   -0.51545E-05    0.94384E-06    0.42372E-05    0.14216E-05   -0.20859E-05   -0.81154E-05   -0.35586E-05    0.52107E-05    0.13890E-05   -0.87683E-05   -0.93910E-05   -0.27168E-05   -0.48114E-05   -0.85409E-06   -0.52607E-05   -0.85140E-05   -0.80034E-05   -0.18936E-05    0.28032E-05
   -0.51200E-06    0.78864E-05   -0.84213E-06   -0.13131E-04    0.75886E-05   -0.19737E-04    0.34394E-06   -0.77660E-05   -0.54893E-04    0.98416E-02    0.36618E-02    0.16624E-02    0.12273E-02    0.12549E-02   -0.17718E-03    0.21036E-05    0.18524E-04    0.13394E-04   -0.24183E-08   -0.42074E-07    0.37600E-06    0.21050E-03    0.97978E-04   -0.21552E-04   -0.17388E-04    0.40334E-05   -0.79742E-04    0.12593E-04    0.78326E-04    0.50914E-04   -0.65366E-04   -0.21548E-04   -0.16219E-04    0.57412E-05    0.32126E-04    0.40016E-04    0.31917E-04   -0.29172E-04    0.79716E-04    0.69006E-04   -0.19812E-04   -0.63834E-04
    0.98144E-07   -0.84213E-06    0.40318E-06    0.18826E-05   -0.10746E-05    0.25631E-05   -0.58177E-06    0.22593E-05    0.82017E-05   -0.11544E-02   -0.41687E-03   -0.18528E-03   -0.12781E-03   -0.17141E-03    0.65168E-05   -0.13073E-05   -0.19341E-05   -0.33318E-05   -0.80829E-09    0.67606E-08   -0.13267E-05   -0.59103E-05   -0.15135E-04    0.39734E-05    0.68173E-05    0.11120E-04    0.41016E-05   -0.41876E-05    0.24483E-05   -0.83462E-05    0.91229E-05   -0.93713E-05   -0.37189E-05   -0.92899E-07    0.14452E-05    0.72638E-05    0.35307E-05   -0.56711E-05    0.55839E-07   -0.44494E-05    0.13943E-04    0.22885E-05
    0.20464E-05   -0.13131E-04    0.18826E-05    0.22786E-03   -0.13532E-04    0.37668E-04   -0.59258E-04    0.43631E-03    0.13564E-03   -0.13143E-01   -0.74996E-02   -0.56293E-02   -0.14677E-02   -0.18860E-02    0.11628E-03   -0.30164E-04   -0.33148E-04   -0.28402E-04   -0.16381E-07   -0.29094E-06    0.75735E-04    0.57002E-03   -0.27709E-03    0.27173E-04    0.53590E-05   -0.26995E-03    0.18296E-03   -0.53946E-03   -0.10217E-03   -0.15133E-03    0.25805E-04   -0.13391E-04    0.95547E-04   -0.65038E-03   -0.45828E-03   -0.46859E-03    0.28440E-03   -0.26134E-03   -0.40213E-03   -0.24050E-03   -0.34166E-04   -0.21942E-03
   -0.59567E-06    0.75886E-05   -0.10746E-05   -0.13532E-04    0.11980E-04   -0.19595E-04    0.13471E-05   -0.10035E-04   -0.59925E-04    0.11038E-01    0.33079E-02    0.16000E-02    0.14160E-02    0.15468E-02   -0.76132E-04   -0.44302E-06    0.26914E-04    0.10456E-04   -0.13164E-07   -0.10518E-07   -0.22167E-04    0.15438E-03    0.10118E-03   -0.26954E-04   -0.84263E-04   -0.10321E-04   -0.61592E-04    0.31622E-05   -0.29320E-05    0.32853E-04   -0.50128E-04   -0.65569E-05    0.11508E-04    0.43790E-04    0.69471E-04   -0.30517E-05   -0.38331E-04   -0.35305E-05    0.44782E-04    0.41536E-05   -0.92120E-05   -0.21982E-04
    0.14057E-05   -0.19737E-04    0.25631E-05    0.37668E-04   -0.19595E-04    0.76788E-04    0.19644E-04    0.25480E-04    0.14495E-03   -0.11793E+00   -0.71274E-02    0.16010E-01   -0.15274E-01   -0.16511E-01   -0.52598E-03    0.90618E-04   -0.42804E-03    0.12024E-05    0.11961E-07   -0.27057E-06    0.11750E-03   -0.38074E-02   -0.51037E-04    0.48396E-04   -0.21197E-03   -0.17167E-03    0.15338E-03    0.27492E-03   -0.16090E-03   -0.21878E-03    0.10711E-03   -0.30572E-04   -0.23324E-03   -0.41490E-04   -0.17625E-03   -0.11469E-03   -0.53649E-04    0.11955E-03   -0.14337E-03   -0.21307E-03    0.96087E-04    0.59657E-04
   -0.15290E-05    0.34394E-06   -0.58177E-06   -0.59258E-04    0.13471E-05    0.19644E-04    0.12884E-03   -0.14198E-03   -0.41971E-03   -0.11442E+00   -0.21037E-02    0.26738E-01   -0.16264E-01   -0.19514E-01   -0.18301E-02    0.11272E-03   -0.53388E-03    0.38013E-05   -0.47880E-08   -0.67534E-06    0.16836E-03   -0.44940E-02   -0.27140E-03    0.24191E-03   -0.26631E-03   -0.30408E-03    0.13285E-03    0.43767E-03    0.38372E-03    0.39062E-04    0.29737E-05   -0.81422E-04   -0.29365E-03    0.59083E-03   -0.21457E-03    0.11841E-04   -0.29928E-04    0.45045E-04    0.41275E-03    0.17697E-03    0.16656E-03   -0.12092E-03
    0.34112E-05   -0.77660E-05    0.22593E-05    0.43631E-03   -0.10035E-04    0.25480E-04   -0.14198E-03    0.89060E-03    0.21311E-03   -0.12115E-01    0.37565E-02   -0.12874E-02   -0.23935E-02   -0.13634E-02   -0.12875E-02   -0.19737E-04   -0.13666E-03    0.44921E-04    0.38640E-07   -0.43012E-06    0.18329E-03    0.79017E-03    0.52018E-03    0.22986E-03   -0.22865E-04   -0.55945E-03    0.14056E-03   -0.86318E-03    0.54471E-04   -0.23859E-03   -0.24860E-03   -0.18575E-03    0.11224E-03   -0.13553E-02   -0.90746E-03   -0.93946E-03    0.60421E-03   -0.46903E-03   -0.60591E-03   -0.27164E-03   -0.15323E-03   -0.67853E-03
    0.85561E-05   -0.54893E-04    0.82017E-05    0.13564E-03   -0.59925E-04    0.14495E-03   -0.41971E-03    0.21311E-03    0.54536E-02    0.81241E-02   -0.17256E-02   -0.42981E-01    0.15200E-01    0.28051E-01    0.97191E-02   -0.15951E-03    0.90222E-03    0.80893E-04   -0.13193E-06    0.28262E-05   -0.58743E-03    0.69921E-02    0.14422E-02   -0.37774E-03   -0.43453E-03    0.83940E-03    0.90684E-03    0.38983E-03   -0.67726E-03   -0.16985E-02    0.44377E-03    0.18284E-02    0.13476E-02   -0.29670E-02   -0.42135E-03    0.76003E-03   -0.81262E-03    0.19719E-02   -0.26570E-02    0.26808E-03    0.37264E-03    0.48183E-03
   -0.94636E-03    0.98416E-02   -0.11544E-02   -0.13143E-01    0.11038E-01   -0.11793E+00   -0.11442E+00   -0.12115E-01    0.81241E-02    0.28167E+04    0.37724E+02   -0.19769E+03    0.13537E+03    0.12756E+03   -0.66332E+02   -0.15119E+01    0.12613E+01    0.71133E+00    0.52398E-03    0.12568E-02   -0.72352E+00   -0.12085E+02    0.95874E+01   -0.10399E+02    0.19832E+01    0.91387E+00   -0.66303E+00   -0.14102E+01   -0.46827E+01    0.69135E+00   -0.42580E+00   -0.25301E+00    0.24223E+01   -0.51732E+00    0.83452E+00   -0.66338E+00   -0.35169E+01    0.79889E+00   -0.10276E+01   -0.19378E+01   -0.88266E+00    0.34346E+01
   -0.61281E-03    0.36618E-02   -0.41687E-03   -0.74996E-02    0.33079E-02   -0.71274E-02   -0.21037E-02    0.37565E-02   -0.17256E-02    0.37724E+02    0.20861E+03    0.66116E+02   -0.36770E+02   -0.13514E+02   -0.87563E+01   -0.18128E+00   -0.21476E+00   -0.13747E+00    0.28365E-03    0.32285E-02    0.15221E+01   -0.13618E+02    0.17413E+01    0.84279E+00    0.57385E-02   -0.21152E+00   -0.40972E+00   -0.20356E+01   -0.62899E+00   -0.37589E+00   -0.92596E+00   -0.30689E+00    0.10450E+01    0.55526E+00    0.16167E+00   -0.19126E+00   -0.11747E+00   -0.65501E+00   -0.69111E+00   -0.14589E+00    0.14236E+00   -0.80292E+00
   -0.26718E-03    0.16624E-02   -0.18528E-03   -0.56293E-02    0.16000E-02    0.16010E-01    0.26738E-01   -0.12874E-02   -0.42981E-01   -0.19769E+03    0.66116E+02    0.22406E+03   -0.41584E+02   -0.80879E+02    0.36436E+01    0.72999E-01   -0.10172E+01   -0.95827E+00    0.18329E-03   -0.47274E-02    0.43264E+00   -0.11307E+02    0.14799E+01    0.10822E+01   -0.18470E+00   -0.48233E+00   -0.44114E-01    0.93479E+00    0.36849E+00   -0.56762E+00   -0.25911E+00    0.41264E+00   -0.14445E+01    0.12797E+01   -0.53390E+00    0.60170E+00    0.36927E+00   -0.85992E-01   -0.19888E+00    0.34964E+00    0.43576E-01   -0.40593E+00
   -0.80222E-04    0.12273E-02   -0.12781E-03   -0.14677E-02    0.14160E-02   -0.15274E-01   -0.16264E-01   -0.23935E-02    0.15200E-01    0.13537E+03   -0.36770E+02   -0.41584E+02    0.29114E+02    0.22133E+02   -0.17406E+01   -0.34272E-01    0.32489E+00    0.18405E+00   -0.14413E-03   -0.66599E-03   -0.14986E-01   -0.16907E+00   -0.10686E+01   -0.63018E+00    0.14062E+00    0.17729E+00    0.65214E-01    0.79539E+00    0.21492E+00    0.19411E+00    0.21615E+00    0.64521E-01   -0.12414E+00   -0.32295E+00    0.61425E-01   -0.63569E-01    0.38867E-01    0.43168E+00    0.30512E+00    0.76949E-01   -0.69953E-01    0.34207E+00
   -0.14051E-03    0.12549E-02   -0.17141E-03   -0.18860E-02    0.15468E-02   -0.16511E-01   -0.19514E-01   -0.13634E-02    0.28051E-01    0.12756E+03   -0.13514E+02   -0.80879E+02    0.22133E+02    0.39469E+02   -0.18378E+01    0.13474E-01    0.46521E+00    0.48887E+00   -0.65784E-04    0.20606E-02   -0.24971E+00   -0.70569E+00   -0.57162E+00   -0.48058E+00    0.14826E+00    0.18420E+00    0.97959E-02   -0.38516E+00   -0.85622E-01    0.17871E+00    0.13958E+00   -0.20305E+00    0.62180E+00   -0.74485E+00    0.21880E+00   -0.42528E+00   -0.15700E+00    0.62023E-01    0.19198E-01   -0.10232E+00    0.25303E-01    0.20945E+00
    0.48798E-04   -0.17718E-03    0.65168E-05    0.11628E-03   -0.76132E-04   -0.52598E-03   -0.18301E-02   -0.12875E-02    0.97191E-02   -0.66332E+02   -0.87563E+01    0.36436E+01   -0.17406E+01   -0.18378E+01    0.79440E+01    0.47952E-01    0.25268E+00   -0.13464E+00    0.37743E-05   -0.89412E-04   -0.49971E-01   -0.58387E-01    0.13638E+00    0.48849E-01    0.48883E-01    0.72199E-01    0.11276E-01   -0.33947E-02   -0.35134E-01   -0.59613E-01    0.87322E-01   -0.31927E-01   -0.46681E-01    0.30551E-01   -0.39682E-02    0.68752E-02   -0.43974E-01   -0.25705E-01   -0.10719E-01   -0.82429E-01    0.68317E-01    0.43153E-01
   -0.33400E-06    0.21036E-05   -0.13073E-05   -0.30164E-04   -0.44302E-06    0.90618E-04    0.11272E-03   -0.19737E-04   -0.15951E-03   -0.15119E+01   -0.18128E+00    0.72999E-01   -0.34272E-01    0.13474E-01    0.47952E-01    0.82269E-02   -0.71568E-02    0.75900E-02    0.15480E-05   -0.28964E-04    0.32620E-02   -0.20546E-01    0.10956E-01    0.71598E-02   -0.14800E-02   -0.12677E-02    0.42945E-03    0.68177E-02   -0.91574E-03   -0.24729E-02   -0.34135E-02   -0.14725E-02   -0.11758E-01   -0.32858E-02   -0.30031E-02   -0.41904E-02    0.74911E-03   -0.17872E-02   -0.17511E-02   -0.57863E-02   -0.39199E-02   -0.50309E-02
   -0.60676E-06    0.18524E-04   -0.19341E-05   -0.33148E-04    0.26914E-04   -0.42804E-03   -0.53388E-03   -0.13666E-03    0.90222E-03    0.12613E+01   -0.21476E+00   -0.10172E+01    0.32489E+00    0.46521E+00    0.25268E+00   -0.71568E-02    0.37417E-01   -0.11969E-01   -0.41908E-05    0.79124E-04   -0.42701E-03   -0.16689E-01   -0.21725E-01   -0.89762E-02    0.69523E-02    0.95411E-02   -0.19212E-02   -0.21274E-01   -0.28107E-02    0.46906E-02    0.79135E-02    0.10250E-02    0.30097E-01    0.26562E-02    0.72875E-02    0.39180E-02   -0.11998E-02    0.20534E-02    0.31232E-02    0.31756E-02    0.96970E-02    0.45723E-02
   -0.22452E-05    0.13394E-04   -0.33318E-05   -0.28402E-04    0.10456E-04    0.12024E-05    0.38013E-05    0.44921E-04    0.80893E-04    0.71133E+00   -0.13747E+00   -0.95827E+00    0.18405E+00    0.48887E+00   -0.13464E+00    0.75900E-02   -0.11969E-01    0.20703E-01    0.13967E-05   -0.18911E-04   -0.21005E-02   -0.64512E-02    0.12621E-01   -0.37917E-02   -0.38954E-02   -0.44128E-02    0.39901E-04    0.55470E-02    0.44795E-02   -0.43715E-02    0.17272E-02   -0.92002E-02   -0.13397E-01   -0.23759E-01   -0.23088E-02   -0.16934E-01   -0.47630E-02   -0.47679E-02   -0.33024E-02   -0.17003E-02    0.10814E-02    0.53852E-02
   -0.10122E-08   -0.24183E-08   -0.80829E-09   -0.16381E-07   -0.13164E-07    0.11961E-07   -0.47880E-08    0.38640E-07   -0.13193E-06    0.52398E-03    0.28365E-03    0.18329E-03   -0.14413E-03   -0.65784E-04    0.37743E-05    0.15480E-05   -0.41908E-05    0.13967E-05    0.15706E-06    0.14167E-07    0.15395E-05    0.20622E-04   -0.23395E-04   -0.13144E-04   -0.15315E-05    0.21457E-05   -0.53435E-05    0.10447E-04   -0.42617E-07    0.40475E-05    0.72085E-05   -0.42723E-05    0.10094E-05    0.10850E-05   -0.27452E-05    0.14824E-05   -0.70549E-06    0.64659E-05    0.86598E-05   -0.33194E-05   -0.22043E-05    0.47198E-05
    0.12250E-08   -0.42074E-07    0.67606E-08   -0.29094E-06   -0.10518E-07   -0.27057E-06   -0.67534E-06   -0.43012E-06    0.28262E-05    0.12568E-02    0.32285E-02   -0.47274E-02   -0.66599E-03    0.20606E-02   -0.89412E-04   -0.28964E-04    0.79124E-04   -0.18911E-04    0.14167E-07    0.16420E-05   -0.45640E-05   -0.13679E-03    0.71381E-04    0.32250E-04   -0.62628E-05   -0.22293E-04   -0.19294E-04    0.18427E-03    0.99252E-05    0.17210E-04    0.30209E-04    0.23596E-04   -0.20560E-03   -0.19332E-04   -0.20419E-04   -0.20724E-04   -0.22387E-04   -0.57038E-05    0.34319E-04   -0.28129E-04   -0.32489E-04    0.37398E-04
    0.73361E-06    0.37600E-06   -0.13267E-05    0.75735E-04   -0.22167E-04    0.11750E-03    0.16836E-03    0.18329E-03   -0.58743E-03   -0.72352E+00    0.15221E+01    0.43264E+00   -0.14986E-01   -0.24971E+00   -0.49971E-01    0.32620E-02   -0.42701E-03   -0.21005E-02    0.15395E-05   -0.45640E-05    0.83523E-01    0.44925E-02    0.83410E-02    0.28790E-02   -0.40148E-03    0.78776E-02   -0.26557E-02    0.40913E-02   -0.82267E-03   -0.21768E-02   -0.10787E-02   -0.55522E-02   -0.39884E-02    0.33656E-02   -0.35733E-02   -0.67602E-02   -0.20191E-02   -0.25927E-04    0.33934E-02   -0.45426E-02    0.22858E-02   -0.34670E-02
   -0.63486E-05    0.21050E-03   -0.59103E-05    0.57002E-03    0.15438E-03   -0.38074E-02   -0.44940E-02    0.79017E-03    0.69921E-02   -0.12085E+02   -0.13618E+02   -0.11307E+02   -0.16907E+00   -0.70569E+00   -0.58387E-01   -0.20546E-01   -0.16689E-01   -0.64512E-02    0.20622E-04   -0.13679E-03    0.44925E-02    0.82933E+01    0.21587E-01   -0.91548E-02   -0.23369E-01    0.63167E-01    0.65067E-01    0.14806E-01    0.98372E-02   -0.35165E-01    0.77949E-01    0.21847E-01   -0.64386E-02    0.35172E-01    0.60002E-02    0.59255E-01   -0.40999E-01    0.14882E-01   -0.21197E-01    0.26754E-01    0.35509E-01    0.84215E-01
   -0.47320E-05    0.97978E-04   -0.15135E-04   -0.27709E-03    0.10118E-03   -0.51037E-04   -0.27140E-03    0.52018E-03    0.14422E-02    0.95874E+01    0.17413E+01    0.14799E+01   -0.10686E+01   -0.57162E+00    0.13638E+00    0.10956E-01   -0.21725E-01    0.12621E-01   -0.23395E-04    0.71381E-04    0.83410E-02    0.21587E-01    0.72814E+00   -0.11462E+00    0.12596E-01   -0.30083E-02    0.39912E-02    0.15994E+00   -0.65326E-01   -0.46768E-01   -0.42593E-01   -0.73722E-01    0.57664E-02    0.34590E-01   -0.46353E-01   -0.62239E-01   -0.13070E+00    0.13459E+00    0.15018E-01   -0.34434E-01    0.11996E-01    0.64960E-01
   -0.51545E-05   -0.21552E-04    0.39734E-05    0.27173E-04   -0.26954E-04    0.48396E-04    0.24191E-03    0.22986E-03   -0.37774E-03   -0.10399E+02    0.84279E+00    0.10822E+01   -0.63018E+00   -0.48058E+00    0.48849E-01    0.71598E-02   -0.89762E-02   -0.37917E-02   -0.13144E-04    0.32250E-04    0.28790E-02   -0.91548E-02   -0.11462E+00    0.94193E+00   -0.24338E-01    0.12022E-01    0.12508E-01   -0.15495E+00    0.21590E+00    0.44212E-01   -0.29007E-01    0.37973E-01   -0.12029E+00   -0.18569E-02    0.21596E-01    0.20906E-01    0.18436E+00   -0.22472E+00    0.30890E-01    0.12457E+00    0.16353E-01   -0.23927E+00
    0.94384E-06   -0.17388E-04    0.68173E-05    0.53590E-05   -0.84263E-04   -0.21197E-03   -0.26631E-03   -0.22865E-04   -0.43453E-03    0.19832E+01    0.57385E-02   -0.18470E+00    0.14062E+00    0.14826E+00    0.48883E-01   -0.14800E-02    0.69523E-02   -0.38954E-02   -0.15315E-05   -0.62628E-05   -0.40148E-03   -0.23369E-01    0.12596E-01   -0.24338E-01    0.98343E+00    0.14143E-01   -0.21760E-02   -0.45155E-01   -0.36450E-01    0.16769E+00   -0.22567E-01    0.68181E-01    0.11133E-01    0.32297E-01    0.32141E-02    0.99518E-02    0.89925E-01   -0.44387E-01    0.32957E-01    0.10781E-01   -0.17648E+00    0.90631E-01
    0.42372E-05    0.40334E-05    0.11120E-04   -0.26995E-03   -0.10321E-04   -0.17167E-03   -0.30408E-03   -0.55945E-03    0.83940E-03    0.91387E+00   -0.21152E+00   -0.48233E+00    0.17729E+00    0.18420E+00    0.72199E-01   -0.12677E-02    0.95411E-02   -0.44128E-02    0.21457E-05   -0.22293E-04    0.78776E-02    0.63167E-01   -0.30083E-02    0.12022E-01    0.14143E-01    0.10253E+01   -0.60164E-02    0.54674E-01   -0.83967E-01    0.84233E-01   -0.11144E+00    0.56297E-01    0.87064E-01    0.14121E+00    0.48669E-01    0.17741E+00   -0.10049E+00    0.95276E-01    0.52481E-01   -0.25190E-03   -0.12123E+00    0.57766E-01
    0.14216E-05   -0.79742E-04    0.41016E-05    0.18296E-03   -0.61592E-04    0.15338E-03    0.13285E-03    0.14056E-03    0.90684E-03   -0.66303E+00   -0.40972E+00   -0.44114E-01    0.65214E-01    0.97959E-02    0.11276E-01    0.42945E-03   -0.19212E-02    0.39901E-04   -0.53435E-05   -0.19294E-04   -0.26557E-02    0.65067E-01    0.39912E-02    0.12508E-01   -0.21760E-02   -0.60164E-02    0.10032E+01    0.26075E-01    0.64798E-01   -0.43496E-01    0.53995E-01    0.89065E-01    0.67926E-01   -0.67541E-01   -0.72211E-01    0.53660E-01    0.49013E-01    0.86076E-01   -0.72470E-01    0.93415E-01   -0.49862E-02    0.32624E-02
   -0.20859E-05    0.12593E-04   -0.41876E-05   -0.53946E-03    0.31622E-05    0.27492E-03    0.43767E-03   -0.86318E-03    0.38983E-03   -0.14102E+01   -0.20356E+01    0.93479E+00    0.79539E+00   -0.38516E+00   -0.33947E-02    0.68177E-02   -0.21274E-01    0.55470E-02    0.10447E-04    0.18427E-03    0.40913E-02    0.14806E-01    0.15994E+00   -0.15495E+00   -0.45155E-01    0.54674E-01    0.26075E-01    0.83461E+00   -0.14610E-01   -0.29595E-02   -0.30581E-01   -0.24244E-01    0.34106E-01    0.13516E+00   -0.94139E-01    0.40292E-02   -0.56635E-01    0.63796E+00    0.24044E+00   -0.59968E-01   -0.49703E-01    0.83106E-01
   -0.81154E-05    0.78326E-04    0.24483E-05   -0.10217E-03   -0.29320E-05   -0.16090E-03    0.38372E-03    0.54471E-04   -0.67726E-03   -0.46827E+01   -0.62899E+00    0.36849E+00    0.21492E+00   -0.85622E-01   -0.35134E-01   -0.91574E-03   -0.28107E-02    0.44795E-02   -0.42617E-07    0.99252E-05   -0.82267E-03    0.98372E-02   -0.65326E-01    0.21590E+00   -0.36450E-01   -0.83967E-01    0.64798E-01   -0.14610E-01    0.99757E+00   -0.21843E-01   -0.13040E-01    0.13815E-01    0.40820E-01   -0.13591E-01   -0.75332E-01   -0.20160E-01    0.19050E+00   -0.74163E-01    0.22286E+00    0.77416E+00    0.28941E+00   -0.21304E+00
   -0.35586E-05    0.50914E-04   -0.83462E-05   -0.15133E-03    0.32853E-04   -0.21878E-03    0.39062E-04   -0.23859E-03   -0.16985E-02    0.69135E+00   -0.37589E+00   -0.56762E+00    0.19411E+00    0.17871E+00   -0.59613E-01   -0.24729E-02    0.46906E-02   -0.43715E-02    0.40475E-05    0.17210E-04   -0.21768E-02   -0.35165E-01   -0.46768E-01    0.44212E-01    0.16769E+00    0.84233E-01   -0.43496E-01   -0.29595E-02   -0.21843E-01    0.95269E+00    0.76336E-02   -0.70993E-02    0.82777E-01   -0.53758E-01    0.12391E+00    0.16896E+00   -0.15189E+00   -0.18052E+00    0.60432E+00    0.11775E+00   -0.59504E+00    0.17568E+00
    0.52107E-05   -0.65366E-04    0.91229E-05    0.25805E-04   -0.50128E-04    0.10711E-03    0.29737E-05   -0.24860E-03    0.44377E-03   -0.42580E+00   -0.92596E+00   -0.25911E+00    0.21615E+00    0.13958E+00    0.87322E-01   -0.34135E-02    0.79135E-02    0.17272E-02    0.72085E-05    0.30209E-04   -0.10787E-02    0.77949E-01   -0.42593E-01   -0.29007E-01   -0.22567E-01   -0.11144E+00    0.53995E-01   -0.30581E-01   -0.13040E-01    0.76336E-02    0.99208E+00   -0.18793E-01   -0.18588E-01   -0.92999E-01   -0.15736E+00   -0.40206E-01   -0.11033E+00   -0.90550E-01    0.82355E-01   -0.64571E-01    0.30455E+00    0.65535E+00
    0.13890E-05   -0.21548E-04   -0.93713E-05   -0.13391E-04   -0.65569E-05   -0.30572E-04   -0.81422E-04   -0.18575E-03    0.18284E-02   -0.25301E+00   -0.30689E+00    0.41264E+00    0.64521E-01   -0.20305E+00   -0.31927E-01   -0.14725E-02    0.10250E-02   -0.92002E-02   -0.42723E-05    0.23596E-04   -0.55522E-02    0.21847E-01   -0.73722E-01    0.37973E-01    0.68181E-01    0.56297E-01    0.89065E-01   -0.24244E-01    0.13815E-01   -0.70993E-02   -0.18793E-01    0.98805E+00   -0.65813E-01    0.78185E-01    0.52141E-01    0.15797E+00    0.26841E-02    0.10625E+00   -0.57009E+00    0.40517E+00   -0.34539E+00    0.20335E+00
   -0.87683E-05   -0.16219E-04   -0.37189E-05    0.95547E-04    0.11508E-04   -0.23324E-03   -0.29365E-03    0.11224E-03    0.13476E-02    0.24223E+01    0.10450E+01   -0.14445E+01   -0.12414E+00    0.62180E+00   -0.46681E-01   -0.11758E-01    0.30097E-01   -0.13397E-01    0.10094E-05   -0.20560E-03   -0.39884E-02   -0.64386E-02    0.57664E-02   -0.12029E+00    0.11133E-01    0.87064E-01    0.67926E-01    0.34106E-01    0.40820E-01    0.82777E-01   -0.18588E-01   -0.65813E-01    0.89879E+00    0.33882E-02   -0.62635E-02    0.18793E-01   -0.22342E-01    0.59068E+00    0.18085E+00    0.11942E+00    0.54833E-01   -0.83362E-01
   -0.93910E-05    0.57412E-05   -0.92899E-07   -0.65038E-03    0.43790E-04   -0.41490E-04    0.59083E-03   -0.13553E-02   -0.29670E-02   -0.51732E+00    0.55526E+00    0.12797E+01   -0.32295E+00   -0.74485E+00    0.30551E-01   -0.32858E-02    0.26562E-02   -0.23759E-01    0.10850E-05   -0.19332E-04    0.33656E-02    0.35172E-01    0.34590E-01   -0.18569E-02    0.32297E-01    0.14121E+00   -0.67541E-01    0.13516E+00   -0.13591E-01   -0.53758E-01   -0.92999E-01    0.78185E-01    0.33882E-02    0.98904E+00    0.27407E-03    0.20725E-01   -0.28154E-01    0.11209E+00    0.15574E+00   -0.27808E-02    0.13806E+00    0.15793E+00
   -0.27168E-05    0.32126E-04    0.14452E-05   -0.45828E-03    0.69471E-04   -0.17625E-03   -0.21457E-03   -0.90746E-03   -0.42135E-03    0.83452E+00    0.16167E+00   -0.53390E+00    0.61425E-01    0.21880E+00   -0.39682E-02   -0.30031E-02    0.72875E-02   -0.23088E-02   -0.27452E-05   -0.20419E-04   -0.35733E-02    0.60002E-02   -0.46353E-01    0.21596E-01    0.32141E-02    0.48669E-01   -0.72211E-01   -0.94139E-01   -0.75332E-01    0.12391E+00   -0.15736E+00    0.52141E-01   -0.62635E-02    0.27407E-03    0.97520E+00    0.54233E-02    0.35978E-02   -0.10182E+00    0.18045E-01    0.15266E+00    0.10667E-01   -0.69256E-01
   -0.48114E-05    0.40016E-04    0.72638E-05   -0.46859E-03   -0.30517E-05   -0.11469E-03    0.11841E-04   -0.93946E-03    0.76003E-03   -0.66338E+00   -0.19126E+00    0.60170E+00   -0.63569E-01   -0.42528E+00    0.68752E-02   -0.41904E-02    0.39180E-02   -0.16934E-01    0.14824E-05   -0.20724E-04   -0.67602E-02    0.59255E-01   -0.62239E-01    0.20906E-01    0.99518E-02    0.17741E+00    0.53660E-01    0.40292E-02   -0.20160E-01    0.16896E+00   -0.40206E-01    0.15797E+00    0.18793E-01    0.20725E-01    0.54233E-02    0.97881E+00   -0.65508E-02   -0.23107E-02    0.33827E-01    0.12839E+00   -0.27835E+00    0.11840E+00
   -0.85409E-06    0.31917E-04    0.35307E-05    0.28440E-03   -0.38331E-04   -0.53649E-04   -0.29928E-04    0.60421E-03   -0.81262E-03   -0.35169E+01   -0.11747E+00    0.36927E+00    0.38867E-01   -0.15700E+00   -0.43974E-01    0.74911E-03   -0.11998E-02   -0.47630E-02   -0.70549E-06   -0.22387E-04   -0.20191E-02   -0.40999E-01   -0.13070E+00    0.18436E+00    0.89925E-01   -0.10049E+00    0.49013E-01   -0.56635E-01    0.19050E+00   -0.15189E+00   -0.11033E+00    0.26841E-02   -0.22342E-01   -0.28154E-01    0.35978E-02   -0.65508E-02    0.99984E+00   -0.46748E-01   -0.55209E-01    0.55574E-01    0.18789E+00   -0.12274E+00
   -0.52607E-05   -0.29172E-04   -0.56711E-05   -0.26134E-03   -0.35305E-05    0.11955E-03    0.45045E-04   -0.46903E-03    0.19719E-02    0.79889E+00   -0.65501E+00   -0.85992E-01    0.43168E+00    0.62023E-01   -0.25705E-01   -0.17872E-02    0.20534E-02   -0.47679E-02    0.64659E-05   -0.57038E-05   -0.25927E-04    0.14882E-01    0.13459E+00   -0.22472E+00   -0.44387E-01    0.95276E-01    0.86076E-01    0.63796E+00   -0.74163E-01   -0.18052E+00   -0.90550E-01    0.10625E+00    0.59068E+00    0.11209E+00   -0.10182E+00   -0.23107E-02   -0.46748E-01    0.94953E+00   -0.26532E-02    0.12078E-01    0.38843E-02   -0.12769E-01
   -0.85140E-05    0.79716E-04    0.55839E-07   -0.40213E-03    0.44782E-04   -0.14337E-03    0.41275E-03   -0.60591E-03   -0.26570E-02   -0.10276E+01   -0.69111E+00   -0.19888E+00    0.30512E+00    0.19198E-01   -0.10719E-01   -0.17511E-02    0.31232E-02   -0.33024E-02    0.86598E-05    0.34319E-04    0.33934E-02   -0.21197E-01    0.15018E-01    0.30890E-01    0.32957E-01    0.52481E-01   -0.72470E-01    0.24044E+00    0.22286E+00    0.60432E+00    0.82355E-01   -0.57009E+00    0.18085E+00    0.15574E+00    0.18045E-01    0.33827E-01   -0.55209E-01   -0.26532E-02    0.96862E+00   -0.30031E-01    0.17415E-01   -0.37389E-02
   -0.80034E-05    0.69006E-04   -0.44494E-05   -0.24050E-03    0.41536E-05   -0.21307E-03    0.17697E-03   -0.27164E-03    0.26808E-03   -0.19378E+01   -0.14589E+00    0.34964E+00    0.76949E-01   -0.10232E+00   -0.82429E-01   -0.57863E-02    0.31756E-02   -0.17003E-02   -0.33194E-05   -0.28129E-04   -0.45426E-02    0.26754E-01   -0.34434E-01    0.12457E+00    0.10781E-01   -0.25190E-03    0.93415E-01   -0.59968E-01    0.77416E+00    0.11775E+00   -0.64571E-01    0.40517E+00    0.11942E+00   -0.27808E-02    0.15266E+00    0.12839E+00    0.55574E-01    0.12078E-01   -0.30031E-01    0.99452E+00   -0.18233E-01   -0.24826E-01
   -0.18936E-05   -0.19812E-04    0.13943E-04   -0.34166E-04   -0.92120E-05    0.96087E-04    0.16656E-03   -0.15323E-03    0.37264E-03   -0.88266E+00    0.14236E+00    0.43576E-01   -0.69953E-01    0.25303E-01    0.68317E-01   -0.39199E-02    0.96970E-02    0.10814E-02   -0.22043E-05   -0.32489E-04    0.22858E-02    0.35509E-01    0.11996E-01    0.16353E-01   -0.17648E+00   -0.12123E+00   -0.49862E-02   -0.49703E-01    0.28941E+00   -0.59504E+00    0.30455E+00   -0.34539E+00    0.54833E-01    0.13806E+00    0.10667E-01   -0.27835E+00    0.18789E+00    0.38843E-02    0.17415E-01   -0.18233E-01    0.96080E+00   -0.91534E-02
    0.28032E-05   -0.63834E-04    0.22885E-05   -0.21942E-03   -0.21982E-04    0.59657E-04   -0.12092E-03   -0.67853E-03    0.48183E-03    0.34346E+01   -0.80292E+00   -0.40593E+00    0.34207E+00    0.20945E+00    0.43153E-01   -0.50309E-02    0.45723E-02    0.53852E-02    0.47198E-05    0.37398E-04   -0.34670E-02    0.84215E-01    0.64960E-01   -0.23927E+00    0.90631E-01    0.57766E-01    0.32624E-02    0.83106E-01   -0.21304E+00    0.17568E+00    0.65535E+00    0.20335E+00   -0.83362E-01    0.15793E+00   -0.69256E-01    0.11840E+00   -0.12274E+00   -0.12769E-01   -0.37389E-02   -0.24826E-01   -0.91534E-02    0.95663E+00
