# omegabh2 omegach2 theta tau ns nt logA r aps100 aps143 aps217 acib143 acib217 asz143 psr cibr ncib cal0 cal2 xi aksz bm_1_1 a_ps_act_148 a_ps_act_217 a_ps_spt_95 a_ps_spt_150 a_ps_spt_220 r_ps_spt_95x150 r_ps_spt_95x220 r_ps_150x220 act_dust_s act_dust_e cal_acts_148 cal_acts_217 cal_acte_148 cal_acte_217 cal_spt_95 cal_spt_150 cal_spt_220
    0.7426990E-07   -0.3734241E-06    0.7874544E-07    0.8788785E-06    0.1007001E-05   -0.2168099E-05    0.9871054E-06    0.2333317E-05   -0.4575086E-03   -0.7060288E-03   -0.6212796E-03    0.6055435E-05    0.6369461E-04    0.1960191E-04   -0.1475887E-05   -0.2733632E-06    0.1162033E-05    0.3126235E-09   -0.8739607E-08   -0.3490294E-05   -0.5134442E-04   -0.1415239E-04    0.7465241E-05    0.6492862E-04    0.1783332E-04    0.2058156E-04    0.8321657E-04   -0.8798555E-07   -0.1974422E-06   -0.1528899E-06   -0.1170217E-05   -0.9193235E-06    0.3545452E-06    0.3816050E-06    0.3729086E-06    0.4160897E-06    0.6522199E-06    0.7259238E-06    0.4716076E-06
   -0.3734241E-06    0.6525002E-05   -0.6784419E-06   -0.1084111E-04   -0.1437458E-04    0.8033856E-04   -0.5899702E-05    0.9347887E-05    0.5671488E-02    0.2567540E-02    0.2314125E-02   -0.3143099E-04   -0.2160071E-04   -0.4373395E-05    0.5314034E-05    0.2250070E-05    0.1548487E-05   -0.1013770E-07    0.3584309E-07   -0.8100011E-05   -0.4245610E-04    0.1409133E-03   -0.7394576E-05   -0.4379212E-03   -0.4290882E-04   -0.5814908E-04   -0.5431493E-03   -0.5617133E-06    0.1005463E-07   -0.1408964E-06    0.8846796E-05    0.1478949E-05   -0.1353386E-05   -0.1768944E-05   -0.1605549E-05   -0.1950181E-05   -0.1896532E-05   -0.3166289E-05   -0.2131041E-05
    0.7874544E-07   -0.6784419E-06    0.3863261E-06    0.1578168E-05    0.2059209E-05   -0.6451893E-05    0.1838265E-05    0.2186954E-05   -0.7480889E-03   -0.4596587E-03   -0.3584863E-03    0.4450808E-05   -0.3622600E-06    0.8378797E-05   -0.1232527E-05   -0.2063867E-06    0.1737948E-06   -0.1078152E-09   -0.2479291E-08   -0.5428303E-06   -0.4234183E-05   -0.1855283E-04    0.6630026E-05    0.9092091E-04   -0.2184667E-06    0.1181259E-04    0.1274978E-03    0.2712523E-06   -0.6716776E-07   -0.2203173E-06   -0.1964355E-05   -0.6242137E-06    0.2956420E-06    0.3825799E-06    0.2441483E-06    0.3946442E-06    0.4546660E-06    0.5515147E-06    0.3964213E-06
    0.8788785E-06   -0.1084111E-04    0.1578168E-05    0.1654387E-03    0.3202126E-04   -0.4728485E-04    0.3033429E-03   -0.9918893E-04   -0.3459344E-01   -0.1296630E-01   -0.1199708E-01    0.1290672E-03    0.2422360E-02    0.4651295E-03   -0.2120057E-04   -0.6359882E-05    0.3918246E-04   -0.1003727E-07    0.1488797E-06   -0.9006324E-04   -0.1904703E-02   -0.4237880E-03    0.1211550E-03    0.6591554E-03    0.7451779E-03    0.3349155E-03    0.9769617E-03   -0.1646937E-04   -0.2687526E-04   -0.8402798E-05    0.8326354E-05    0.4926735E-05    0.5772941E-05    0.7175372E-05    0.7459208E-05    0.8667926E-05    0.7957165E-05    0.1135143E-04    0.6745023E-05
    0.1007001E-05   -0.1437458E-04    0.2059209E-05    0.3202126E-04    0.4719310E-04   -0.2715008E-03    0.2726490E-04   -0.9676291E-04   -0.4100238E-01   -0.1858526E-01   -0.1407440E-01    0.1089158E-03    0.1778758E-02    0.6349919E-03   -0.3744466E-04   -0.7228588E-05    0.3775115E-04   -0.4274549E-07    0.3489779E-06   -0.9608797E-04   -0.1148282E-02   -0.2281777E-03    0.1041091E-03    0.9129454E-03    0.2724038E-03    0.2840625E-03    0.1305817E-02   -0.3131759E-05   -0.7495470E-05   -0.1359980E-05   -0.2359061E-04   -0.3268868E-05    0.8356319E-05    0.8138205E-05    0.9314167E-05    0.8896513E-05    0.1441856E-04    0.1436632E-04    0.8890194E-05
   -0.2168099E-05    0.8033856E-04   -0.6451893E-05   -0.4728485E-04   -0.2715008E-03    0.7235921E-01    0.1170928E-03    0.8293551E-01    0.2967916E+00    0.1096795E+00    0.9613204E-01    0.2758073E-02   -0.3120513E-01   -0.6971317E-02   -0.3399863E-03   -0.8384572E-04   -0.5014586E-03   -0.1671842E-05   -0.6043708E-05    0.2005522E-02    0.1446964E-01    0.1475915E-03   -0.4037892E-03    0.1169453E-01   -0.2366414E-02    0.5717810E-03   -0.6824888E-02    0.1216146E-03    0.3292287E-03   -0.1426768E-04   -0.1781833E-03   -0.3073448E-03   -0.4721211E-04   -0.2816003E-04   -0.3625910E-04   -0.3891928E-04   -0.1047844E-03   -0.5387212E-04   -0.1763854E-03
    0.9871054E-06   -0.5899702E-05    0.1838265E-05    0.3033429E-03    0.2726490E-04    0.1170928E-03    0.5967257E-03   -0.1795031E-03   -0.5880539E-01   -0.2347542E-01   -0.2036327E-01    0.2128507E-03    0.5593847E-02    0.1166960E-02   -0.3970782E-04   -0.1271173E-04    0.1033682E-03   -0.5632607E-08    0.1083293E-05   -0.2700270E-03   -0.4523921E-02    0.2018892E-04    0.2008564E-03    0.1231892E-03    0.1436884E-02    0.5126271E-03    0.3847432E-03   -0.3663553E-04   -0.6468232E-04   -0.1836989E-04    0.3901181E-04    0.1458180E-04    0.1061823E-04    0.1150457E-04    0.1312605E-04    0.1412238E-04    0.1354744E-04    0.1707149E-04    0.9410793E-05
    0.2333317E-05    0.9347887E-05    0.2186954E-05   -0.9918893E-04   -0.9676291E-04    0.8293551E-01   -0.1795031E-03    0.1507629E+00    0.1466829E+00    0.7993887E-01    0.9001853E-01    0.1845940E-02   -0.5037553E-01   -0.6602048E-02   -0.4729710E-03   -0.1627523E-03   -0.8083245E-03   -0.2794605E-05   -0.9951525E-05    0.1506352E-02    0.1751441E-01   -0.3509397E-02   -0.2574382E-02    0.4397784E-01    0.8965122E-03   -0.1760639E-03    0.1936173E-02    0.6003485E-05   -0.4250088E-04    0.6029030E-04   -0.2423505E-03   -0.6136435E-03   -0.3194196E-04    0.6663928E-04   -0.1459624E-04    0.1430222E-04   -0.6528841E-04   -0.1715728E-04   -0.2077999E-03
   -0.4575086E-03    0.5671488E-02   -0.7480889E-03   -0.3459344E-01   -0.4100238E-01    0.2967916E+00   -0.5880539E-01    0.1466829E+00    0.2766030E+04    0.8136217E+02    0.1501472E+02   -0.1957485E+00    0.5908094E+01   -0.9604982E+01   -0.1224688E-01   -0.3368315E-01    0.1333136E+00    0.3413046E-03   -0.3025398E-02    0.6643602E+00    0.5817591E+01    0.1914359E+02    0.7034916E+00   -0.5178027E+01    0.5767647E+01   -0.8652292E+00   -0.2094221E+01   -0.1218831E+00   -0.3704880E+00   -0.7581398E-01   -0.8841760E-02    0.9280957E-01   -0.2389522E-01    0.8914798E-02   -0.2332337E-01    0.5012541E-02   -0.6284371E-01   -0.2837594E-01    0.1460662E-01
   -0.7060288E-03    0.2567540E-02   -0.4596587E-03   -0.1296630E-01   -0.1858526E-01    0.1096795E+00   -0.2347542E-01    0.7993887E-01    0.8136217E+02    0.6444103E+02    0.1675963E+02    0.4458040E-02   -0.5078864E+00   -0.2079324E+01    0.4119958E-01    0.1304305E-01   -0.3578687E-01    0.1533209E-04   -0.5602681E-03    0.1813704E+00    0.8215924E+00   -0.5349420E-01    0.3053584E+00   -0.9645483E+00    0.9992440E+00   -0.1820163E+00   -0.1149408E+01   -0.1951362E-02   -0.5587994E-01   -0.2681219E-01    0.9602951E-02    0.3380468E-01   -0.1245175E-01   -0.5872978E-02   -0.1302563E-01   -0.6420363E-02   -0.2433961E-01   -0.1834825E-01   -0.8597826E-02
   -0.6212796E-03    0.2314125E-02   -0.3584863E-03   -0.1199708E-01   -0.1407440E-01    0.9613204E-01   -0.2036327E-01    0.9001853E-01    0.1501472E+02    0.1675963E+02    0.9551265E+02   -0.9927319E+00   -0.3607496E+02    0.9233296E+00   -0.3561221E+00   -0.1640077E-01   -0.4164512E+00    0.7486695E-05   -0.1057586E-04    0.1142807E-01    0.2954086E+00   -0.1650643E-01    0.3531057E+00    0.2118406E+02   -0.1077000E+01    0.7223538E+00    0.1127471E+02   -0.3407162E-01   -0.6510441E-01   -0.2606689E-02    0.3175035E-01    0.5062769E-01   -0.6025043E-02   -0.2658778E-01   -0.6293723E-02   -0.2987052E-01   -0.8997691E-02   -0.1103193E-01   -0.5392109E-01
    0.6055435E-05   -0.3143099E-04    0.4450808E-05    0.1290672E-03    0.1089158E-03    0.2758073E-02    0.2128507E-03    0.1845940E-02   -0.1957485E+00    0.4458040E-02   -0.9927319E+00    0.6992335E+00    0.1323813E+01    0.5588338E+00    0.1892964E-03   -0.2075564E-02    0.2642358E-02   -0.2504441E-05    0.3570801E-04    0.4804498E-02   -0.9438645E+00    0.1069945E-01    0.6980369E-02   -0.3701756E+00   -0.1589356E+00   -0.8391127E-01   -0.2306355E+00    0.4906090E-01    0.4659941E-01   -0.5367317E-02   -0.1949200E-02    0.3600550E-03    0.1293673E-03    0.2313273E-03    0.1412192E-03    0.2676428E-03    0.2099494E-05    0.5555230E-03    0.1684520E-02
    0.6369461E-04   -0.2160071E-04   -0.3622600E-06    0.2422360E-02    0.1778758E-02   -0.3120513E-01    0.5593847E-02   -0.5037553E-01    0.5908094E+01   -0.5078864E+00   -0.3607496E+02    0.1323813E+01    0.2513019E+02    0.1936229E+01    0.2063388E+00    0.1913858E-01    0.3299859E+00    0.2353846E-04    0.7840749E-04   -0.3788508E+00   -0.4486787E+01    0.2243785E+00   -0.5831123E+00   -0.1619008E+02    0.4729881E-01   -0.1046369E+01   -0.1147992E+02    0.5950078E-01    0.7026271E-01   -0.1022295E-01   -0.1143011E-01   -0.1274158E-01   -0.3184756E-03    0.5238952E-02   -0.1168134E-02    0.7940090E-02    0.8468191E-03   -0.1868845E-02    0.1931349E-01
    0.1960191E-04   -0.4373395E-05    0.8378797E-05    0.4651295E-03    0.6349919E-03   -0.6971317E-02    0.1166960E-02   -0.6602048E-02   -0.9604982E+01   -0.2079324E+01    0.9233296E+00    0.5588338E+00    0.1936229E+01    0.1991821E+01    0.1503827E-01    0.1833232E-01    0.1919907E-01    0.3315152E-05   -0.5334503E-04   -0.1951500E+00   -0.2439332E+01    0.6377782E-01   -0.1546466E+00   -0.9830468E+00   -0.7523770E+00   -0.1714842E+00   -0.1447317E+01    0.4119187E-01    0.6536571E-01   -0.2815649E-02   -0.1870806E-02    0.4606765E-03    0.5683070E-03   -0.3040024E-02    0.4261500E-03   -0.2879964E-02    0.4035814E-02    0.3374673E-03   -0.2809889E-02
   -0.1475887E-05    0.5314034E-05   -0.1232527E-05   -0.2120057E-04   -0.3744466E-04   -0.3399863E-03   -0.3970782E-04   -0.4729710E-03   -0.1224688E-01    0.4119958E-01   -0.3561221E+00    0.1892964E-03    0.2063388E+00    0.1503827E-01    0.5044495E-02   -0.1860077E-03    0.1963237E-02    0.2054923E-06    0.6606258E-06   -0.1233827E-02   -0.1588715E-01   -0.3211611E-03   -0.1071514E-02   -0.1453978E+00   -0.7480757E-02   -0.3003638E-02   -0.1009137E+00    0.2440047E-03    0.1302548E-02    0.4193872E-03   -0.9085201E-04   -0.9022049E-05   -0.3163550E-04   -0.8635567E-05   -0.4650839E-04    0.2383471E-04    0.7006384E-05   -0.5643623E-04    0.1409242E-03
   -0.2733632E-06    0.2250070E-05   -0.2063867E-06   -0.6359882E-05   -0.7228588E-05   -0.8384572E-04   -0.1271173E-04   -0.1627523E-03   -0.3368315E-01    0.1304305E-01   -0.1640077E-01   -0.2075564E-02    0.1913858E-01    0.1833232E-01   -0.1860077E-03    0.2322024E-02   -0.8915634E-04    0.5211936E-07   -0.4054145E-06   -0.3099207E-03   -0.1101066E-01    0.3880948E-03    0.5789326E-02    0.1656050E-02   -0.1172399E-01    0.3342481E-02    0.9309777E-03    0.1736237E-03    0.1400898E-02   -0.4359907E-03   -0.1114701E-03   -0.9655162E-04    0.2856882E-05    0.2775944E-04    0.5276878E-05    0.2217699E-04    0.5482924E-04    0.6412486E-05    0.6220403E-04
    0.1162033E-05    0.1548487E-05    0.1737948E-06    0.3918246E-04    0.3775115E-04   -0.5014586E-03    0.1033682E-03   -0.8083245E-03    0.1333136E+00   -0.3578687E-01   -0.4164512E+00    0.2642358E-02    0.3299859E+00    0.1919907E-01    0.1963237E-02   -0.8915634E-04    0.6526432E-02    0.5652879E-06   -0.4358560E-05   -0.4880281E-02   -0.3613306E-01    0.6664581E-02   -0.1072674E-01   -0.2647854E+00    0.6389898E-03   -0.1422454E-01   -0.2049758E+00   -0.1421818E-03    0.4869690E-03    0.2750975E-03   -0.1378036E-03   -0.8236679E-04    0.1178425E-04   -0.9790949E-06   -0.9623821E-06    0.4238013E-04    0.8025828E-04   -0.2533203E-04    0.1429427E-03
    0.3126235E-09   -0.1013770E-07   -0.1078152E-09   -0.1003727E-07   -0.4274549E-07   -0.1671842E-05   -0.5632607E-08   -0.2794605E-05    0.3413046E-03    0.1533209E-04    0.7486695E-05   -0.2504441E-05    0.2353846E-04    0.3315152E-05    0.2054923E-06    0.5211936E-07    0.5652879E-06    0.1553458E-06   -0.3636598E-08   -0.5938478E-06   -0.2053863E-05   -0.1979740E-04   -0.2235834E-05   -0.1247488E-04    0.3850202E-06   -0.3975176E-06   -0.3903643E-04   -0.4259579E-06   -0.1698728E-07    0.2467456E-07    0.5403333E-06   -0.1842206E-06    0.2677763E-07    0.3340393E-07   -0.4317578E-07    0.2551715E-07   -0.1137264E-06   -0.7367611E-07   -0.6908621E-07
   -0.8739607E-08    0.3584309E-07   -0.2479291E-08    0.1488797E-06    0.3489779E-06   -0.6043708E-05    0.1083293E-05   -0.9951525E-05   -0.3025398E-02   -0.5602681E-03   -0.1057586E-04    0.3570801E-04    0.7840749E-04   -0.5334503E-04    0.6606258E-06   -0.4054145E-06   -0.4358560E-05   -0.3636598E-08    0.1818674E-05    0.6011152E-05    0.1716189E-05    0.1218208E-03    0.3134391E-04    0.1832182E-03    0.4293220E-04    0.1842057E-04    0.1884552E-03    0.1845430E-05   -0.1169376E-05   -0.1197942E-05    0.3606242E-06   -0.9026861E-06    0.6090239E-06    0.7161980E-06    0.5251010E-06    0.9200311E-06    0.1838056E-06    0.5473669E-06    0.1131482E-05
   -0.3490294E-05   -0.8100011E-05   -0.5428303E-06   -0.9006324E-04   -0.9608797E-04    0.2005522E-02   -0.2700270E-03    0.1506352E-02    0.6643602E+00    0.1813704E+00    0.1142807E-01    0.4804498E-02   -0.3788508E+00   -0.1951500E+00   -0.1233827E-02   -0.3099207E-03   -0.4880281E-02   -0.5938478E-06    0.6011152E-05    0.6305476E-01    0.3733092E+00   -0.8725716E-02    0.6507403E-01    0.1823576E+00    0.1459831E-01    0.6003715E-01    0.2387874E+00    0.4271593E-02    0.8420874E-02    0.1132548E-02   -0.3832606E-03    0.2750043E-03    0.1009160E-04    0.2721846E-03    0.3677919E-04    0.2684682E-03   -0.1888074E-03    0.1863514E-03    0.5808610E-03
   -0.5134442E-04   -0.4245610E-04   -0.4234183E-05   -0.1904703E-02   -0.1148282E-02    0.1446964E-01   -0.4523921E-02    0.1751441E-01    0.5817591E+01    0.8215924E+00    0.2954086E+00   -0.9438645E+00   -0.4486787E+01   -0.2439332E+01   -0.1588715E-01   -0.1101066E-01   -0.3613306E-01   -0.2053863E-05    0.1716189E-05    0.3733092E+00    0.4690582E+01   -0.8255123E-01    0.1961623E+00    0.1773917E+01    0.3255703E+00    0.3625639E+00    0.2296988E+01   -0.4732212E-01   -0.2820888E-01    0.1912630E-01   -0.1929565E-02   -0.7346030E-02    0.3717229E-03    0.3183837E-02    0.5894558E-03    0.2959075E-02   -0.8671560E-03    0.1473124E-02    0.3748829E-02
   -0.1415239E-04    0.1409133E-03   -0.1855283E-04   -0.4237880E-03   -0.2281777E-03    0.1475915E-03    0.2018892E-04   -0.3509397E-02    0.1914359E+02   -0.5349420E-01   -0.1650643E-01    0.1069945E-01    0.2243785E+00    0.6377782E-01   -0.3211611E-03    0.3880948E-03    0.6664581E-02   -0.1979740E-04    0.1218208E-03   -0.8725716E-02   -0.8255123E-01    0.3058785E+00   -0.6557059E-02   -0.1652451E+00   -0.1212571E-01   -0.1335340E-01   -0.1744388E+00    0.4861172E-03    0.1280883E-02    0.9885038E-04   -0.4526220E-03    0.1451546E-02    0.2293451E-03    0.3683477E-04    0.2217355E-03    0.3193068E-04    0.2744566E-03    0.1136529E-03    0.1170566E-03
    0.7465241E-05   -0.7394576E-05    0.6630026E-05    0.1211550E-03    0.1041091E-03   -0.4037892E-03    0.2008564E-03   -0.2574382E-02    0.7034916E+00    0.3053584E+00    0.3531057E+00    0.6980369E-02   -0.5831123E+00   -0.1546466E+00   -0.1071514E-02    0.5789326E-02   -0.1072674E-01   -0.2235834E-05    0.3134391E-04    0.6507403E-01    0.1961623E+00   -0.6557059E-02    0.3477274E+00    0.3302144E+00    0.5353817E-01    0.1593396E+00    0.6452600E+00    0.8367914E-02    0.1199033E-01   -0.4579101E-02   -0.2008787E-02   -0.2688557E-02    0.5856553E-03    0.8921247E-05    0.7328889E-03    0.1207196E-06   -0.4400237E-03    0.1095506E-04    0.1248776E-02
    0.6492862E-04   -0.4379212E-03    0.9092091E-04    0.6591554E-03    0.9129454E-03    0.1169453E-01    0.1231892E-03    0.4397784E-01   -0.5178027E+01   -0.9645483E+00    0.2118406E+02   -0.3701756E+00   -0.1619008E+02   -0.9830468E+00   -0.1453978E+00    0.1656050E-02   -0.2647854E+00   -0.1247488E-04    0.1832182E-03    0.1823576E+00    0.1773917E+01   -0.1652451E+00    0.3302144E+00    0.2042371E+02    0.1088598E+00    0.6437453E+00    0.9281770E+01   -0.1710843E-01   -0.5332366E-01   -0.1331020E-01    0.1056226E-01    0.1932985E-01    0.1201322E-02    0.2199073E-01    0.2004588E-02    0.1424891E-01   -0.1768945E-02    0.2962684E-02   -0.8148871E-02
    0.1783332E-04   -0.4290882E-04   -0.2184667E-06    0.7451779E-03    0.2724038E-03   -0.2366414E-02    0.1436884E-02    0.8965122E-03    0.5767647E+01    0.9992440E+00   -0.1077000E+01   -0.1589356E+00    0.4729881E-01   -0.7523770E+00   -0.7480757E-02   -0.1172399E-01    0.6389898E-03    0.3850202E-06    0.4293220E-04    0.1459831E-01    0.3255703E+00   -0.1212571E-01    0.5353817E-01    0.1088598E+00    0.2140148E+01    0.1217332E-01    0.3131955E+00   -0.8340637E-01   -0.9824945E-01   -0.3988201E-02    0.3495568E-03    0.3801082E-02   -0.5523733E-03    0.1260345E-02   -0.3497956E-03    0.1288185E-02    0.3749011E-03    0.3142050E-03    0.1436604E-02
    0.2058156E-04   -0.5814908E-04    0.1181259E-04    0.3349155E-03    0.2840625E-03    0.5717810E-03    0.5126271E-03   -0.1760639E-03   -0.8652292E+00   -0.1820163E+00    0.7223538E+00   -0.8391127E-01   -0.1046369E+01   -0.1714842E+00   -0.3003638E-02    0.3342481E-02   -0.1422454E-01   -0.3975176E-06    0.1842057E-04    0.6003715E-01    0.3625639E+00   -0.1335340E-01    0.1593396E+00    0.6437453E+00    0.1217332E-01    0.2649255E+00    0.5926293E+00    0.1927449E-02    0.1027326E-01    0.4879878E-03    0.1594430E-02    0.2490460E-02    0.1433632E-03   -0.4341256E-04    0.1696648E-03   -0.7657350E-04    0.4485853E-03    0.2152874E-03    0.5246708E-04
    0.8321657E-04   -0.5431493E-03    0.1274978E-03    0.9769617E-03    0.1305817E-02   -0.6824888E-02    0.3847432E-03    0.1936173E-02   -0.2094221E+01   -0.1149408E+01    0.1127471E+02   -0.2306355E+00   -0.1147992E+02   -0.1447317E+01   -0.1009137E+00    0.9309777E-03   -0.2049758E+00   -0.3903643E-04    0.1884552E-03    0.2387874E+00    0.2296988E+01   -0.1744388E+00    0.6452600E+00    0.9281770E+01    0.3131955E+00    0.5926293E+00    0.1991017E+02   -0.1183730E-01   -0.8039863E-01   -0.2598894E-01   -0.2456093E-02   -0.9668332E-02    0.1384672E-02    0.2792825E-02    0.1839182E-02    0.1090953E-02    0.5802676E-03    0.5182354E-02    0.2945739E-01
   -0.8798555E-07   -0.5617133E-06    0.2712523E-06   -0.1646937E-04   -0.3131759E-05    0.1216146E-03   -0.3663553E-04    0.6003485E-05   -0.1218831E+00   -0.1951362E-02   -0.3407162E-01    0.4906090E-01    0.5950078E-01    0.4119187E-01    0.2440047E-03    0.1736237E-03   -0.1421818E-03   -0.4259579E-06    0.1845430E-05    0.4271593E-02   -0.4732212E-01    0.4861172E-03    0.8367914E-02   -0.1710843E-01   -0.8340637E-01    0.1927449E-02   -0.1183730E-01    0.8017776E-02    0.7434257E-02   -0.2606984E-03   -0.1716972E-03    0.4908310E-04    0.2048721E-04   -0.1331437E-04    0.1627404E-04   -0.5712873E-05   -0.2912802E-04    0.2210375E-04    0.8792284E-04
   -0.1974422E-06    0.1005463E-07   -0.6716776E-07   -0.2687526E-04   -0.7495470E-05    0.3292287E-03   -0.6468232E-04   -0.4250088E-04   -0.3704880E+00   -0.5587994E-01   -0.6510441E-01    0.4659941E-01    0.7026271E-01    0.6536571E-01    0.1302548E-02    0.1400898E-02    0.4869690E-03   -0.1698728E-07   -0.1169376E-05    0.8420874E-02   -0.2820888E-01    0.1280883E-02    0.1199033E-01   -0.5332366E-01   -0.9824945E-01    0.1027326E-01   -0.8039863E-01    0.7434257E-02    0.1354814E-01    0.3954453E-03   -0.1306108E-03    0.2769199E-03    0.3586212E-04   -0.7433429E-04    0.3418902E-04   -0.4956280E-04    0.1153140E-03    0.7126636E-04   -0.1114094E-03
   -0.1528899E-06   -0.1408964E-06   -0.2203173E-06   -0.8402798E-05   -0.1359980E-05   -0.1426768E-04   -0.1836989E-04    0.6029030E-04   -0.7581398E-01   -0.2681219E-01   -0.2606689E-02   -0.5367317E-02   -0.1022295E-01   -0.2815649E-02    0.4193872E-03   -0.4359907E-03    0.2750975E-03    0.2467456E-07   -0.1197942E-05    0.1132548E-02    0.1912630E-01    0.9885038E-04   -0.4579101E-02   -0.1331020E-01   -0.3988201E-02    0.4879878E-03   -0.2598894E-01   -0.2606984E-03    0.3954453E-03    0.5473274E-03    0.5605395E-04    0.8851744E-04    0.2806564E-05   -0.2282727E-04    0.6476224E-05   -0.1818396E-04    0.3832173E-04    0.1288785E-04   -0.7844322E-04
   -0.1170217E-05    0.8846796E-05   -0.1964355E-05    0.8326354E-05   -0.2359061E-04   -0.1781833E-03    0.3901181E-04   -0.2423505E-03   -0.8841760E-02    0.9602951E-02    0.3175035E-01   -0.1949200E-02   -0.1143011E-01   -0.1870806E-02   -0.9085201E-04   -0.1114701E-03   -0.1378036E-03    0.5403333E-06    0.3606242E-06   -0.3832606E-03   -0.1929565E-02   -0.4526220E-03   -0.2008787E-02    0.1056226E-01    0.3495568E-03    0.1594430E-02   -0.2456093E-02   -0.1716972E-03   -0.1306108E-03    0.5605395E-04    0.3618443E-01   -0.3892339E-03    0.1310484E-03    0.8651443E-04   -0.2589946E-04   -0.1025875E-04   -0.6591947E-04   -0.7384788E-05   -0.5316539E-04
   -0.9193235E-06    0.1478949E-05   -0.6242137E-06    0.4926735E-05   -0.3268868E-05   -0.3073448E-03    0.1458180E-04   -0.6136435E-03    0.9280957E-01    0.3380468E-01    0.5062769E-01    0.3600550E-03   -0.1274158E-01    0.4606765E-03   -0.9022049E-05   -0.9655162E-04   -0.8236679E-04   -0.1842206E-06   -0.9026861E-06    0.2750043E-03   -0.7346030E-02    0.1451546E-02   -0.2688557E-02    0.1932985E-01    0.3801082E-02    0.2490460E-02   -0.9668332E-02    0.4908310E-04    0.2769199E-03    0.8851744E-04   -0.3892339E-03    0.3895795E-01   -0.2053608E-04    0.9993102E-05    0.1461540E-03    0.1262027E-03    0.5236950E-05    0.1455511E-04   -0.4112033E-04
    0.3545452E-06   -0.1353386E-05    0.2956420E-06    0.5772941E-05    0.8356319E-05   -0.4721211E-04    0.1061823E-04   -0.3194196E-04   -0.2389522E-01   -0.1245175E-01   -0.6025043E-02    0.1293673E-03   -0.3184756E-03    0.5683070E-03   -0.3163550E-04    0.2856882E-05    0.1178425E-04    0.2677763E-07    0.6090239E-06    0.1009160E-04    0.3717229E-03    0.2293451E-03    0.5856553E-03    0.1201322E-02   -0.5523733E-03    0.1433632E-03    0.1384672E-02    0.2048721E-04    0.3586212E-04    0.2806564E-05    0.1310484E-03   -0.2053608E-04    0.5292804E-04    0.6835777E-05    0.1124419E-04    0.6559315E-05    0.1083449E-04    0.9393805E-05    0.6615650E-05
    0.3816050E-06   -0.1768944E-05    0.3825799E-06    0.7175372E-05    0.8138205E-05   -0.2816003E-04    0.1150457E-04    0.6663928E-04    0.8914798E-02   -0.5872978E-02   -0.2658778E-01    0.2313273E-03    0.5238952E-02   -0.3040024E-02   -0.8635567E-05    0.2775944E-04   -0.9790949E-06    0.3340393E-07    0.7161980E-06    0.2721846E-03    0.3183837E-02    0.3683477E-04    0.8921247E-05    0.2199073E-01    0.1260345E-02   -0.4341256E-04    0.2792825E-02   -0.1331437E-04   -0.7433429E-04   -0.2282727E-04    0.8651443E-04    0.9993102E-05    0.6835777E-05    0.1781558E-03    0.8380771E-05    0.6658464E-04   -0.2778305E-05    0.9336633E-05    0.2898476E-04
    0.3729086E-06   -0.1605549E-05    0.2441483E-06    0.7459208E-05    0.9314167E-05   -0.3625910E-04    0.1312605E-04   -0.1459624E-04   -0.2332337E-01   -0.1302563E-01   -0.6293723E-02    0.1412192E-03   -0.1168134E-02    0.4261500E-03   -0.4650839E-04    0.5276878E-05   -0.9623821E-06   -0.4317578E-07    0.5251010E-06    0.3677919E-04    0.5894558E-03    0.2217355E-03    0.7328889E-03    0.2004588E-02   -0.3497956E-03    0.1696648E-03    0.1839182E-02    0.1627404E-04    0.3418902E-04    0.6476224E-05   -0.2589946E-04    0.1461540E-03    0.1124419E-04    0.8380771E-05    0.5179743E-04    0.8951452E-05    0.1156087E-04    0.9980713E-05    0.4799322E-05
    0.4160897E-06   -0.1950181E-05    0.3946442E-06    0.8667926E-05    0.8896513E-05   -0.3891928E-04    0.1412238E-04    0.1430222E-04    0.5012541E-02   -0.6420363E-02   -0.2987052E-01    0.2676428E-03    0.7940090E-02   -0.2879964E-02    0.2383471E-04    0.2217699E-04    0.4238013E-04    0.2551715E-07    0.9200311E-06    0.2684682E-03    0.2959075E-02    0.3193068E-04    0.1207196E-06    0.1424891E-01    0.1288185E-02   -0.7657350E-04    0.1090953E-02   -0.5712873E-05   -0.4956280E-04   -0.1818396E-04   -0.1025875E-04    0.1262027E-03    0.6559315E-05    0.6658464E-04    0.8951452E-05    0.1070814E-03   -0.8165094E-07    0.9432099E-05    0.3111521E-04
    0.6522199E-06   -0.1896532E-05    0.4546660E-06    0.7957165E-05    0.1441856E-04   -0.1047844E-03    0.1354744E-04   -0.6528841E-04   -0.6284371E-01   -0.2433961E-01   -0.8997691E-02    0.2099494E-05    0.8468191E-03    0.4035814E-02    0.7006384E-05    0.5482924E-04    0.8025828E-04   -0.1137264E-06    0.1838056E-06   -0.1888074E-03   -0.8671560E-03    0.2744566E-03   -0.4400237E-03   -0.1768945E-02    0.3749011E-03    0.4485853E-03    0.5802676E-03   -0.2912802E-04    0.1153140E-03    0.3832173E-04   -0.6591947E-04    0.5236950E-05    0.1083449E-04   -0.2778305E-05    0.1156087E-04   -0.8165094E-07    0.3764421E-03    0.3180703E-04    0.1040236E-04
    0.7259238E-06   -0.3166289E-05    0.5515147E-06    0.1135143E-04    0.1436632E-04   -0.5387212E-04    0.1707149E-04   -0.1715728E-04   -0.2837594E-01   -0.1834825E-01   -0.1103193E-01    0.5555230E-03   -0.1868845E-02    0.3374673E-03   -0.5643623E-04    0.6412486E-05   -0.2533203E-04   -0.7367611E-07    0.5473669E-06    0.1863514E-03    0.1473124E-02    0.1136529E-03    0.1095506E-04    0.2962684E-02    0.3142050E-03    0.2152874E-03    0.5182354E-02    0.2210375E-04    0.7126636E-04    0.1288785E-04   -0.7384788E-05    0.1455511E-04    0.9393805E-05    0.9336633E-05    0.9980713E-05    0.9432099E-05    0.3180703E-04    0.9149137E-04    0.2796655E-04
    0.4716076E-06   -0.2131041E-05    0.3964213E-06    0.6745023E-05    0.8890194E-05   -0.1763854E-03    0.9410793E-05   -0.2077999E-03    0.1460662E-01   -0.8597826E-02   -0.5392109E-01    0.1684520E-02    0.1931349E-01   -0.2809889E-02    0.1409242E-03    0.6220403E-04    0.1429427E-03   -0.6908621E-07    0.1131482E-05    0.5808610E-03    0.3748829E-02    0.1170566E-03    0.1248776E-02   -0.8148871E-02    0.1436604E-02    0.5246708E-04    0.2945739E-01    0.8792284E-04   -0.1114094E-03   -0.7844322E-04   -0.5316539E-04   -0.4112033E-04    0.6615650E-05    0.2898476E-04    0.4799322E-05    0.3111521E-04    0.1040236E-04    0.2796655E-04    0.5306961E-03
