# omegabh2 omegach2 theta tau logA ns nrun aps100 aps143 aps217 acib143 acib217 asz143 psr cibr ncib xi aksz cal0 cal2 calTE calEE bm_1_1
    0.2974434E-07   -0.1071841E-06    0.2042959E-07    0.7949707E-06    0.1505619E-05    0.2646137E-06   -0.3337396E-06   -0.6972122E-04   -0.7705400E-04    0.5744495E-04   -0.7746127E-04   -0.1184826E-03    0.8463335E-05   -0.2114131E-06    0.7047057E-06   -0.1637312E-05    0.1181782E-05   -0.6216259E-06    0.5922910E-08    0.1187473E-07   -0.1017096E-06   -0.2391840E-06    0.5068118E-05
   -0.1071841E-06    0.1884946E-05   -0.1706474E-06   -0.5163193E-05   -0.5537865E-05   -0.4371078E-05   -0.8150895E-06    0.2492867E-02    0.3823642E-03   -0.1619844E-03    0.3522256E-03    0.7071711E-03    0.7787839E-04    0.1161240E-06    0.1132807E-05    0.1512575E-04   -0.5785238E-05    0.6050249E-04   -0.4705044E-07    0.4930423E-07   -0.5057401E-07   -0.4891269E-06    0.6835362E-04
    0.2042959E-07   -0.1706474E-06    0.1037957E-06    0.6673536E-06    0.1015388E-05    0.5225624E-06   -0.1385179E-07   -0.4826854E-03    0.9601209E-04   -0.1226122E-03   -0.7560208E-04   -0.3567155E-05    0.8906016E-05   -0.9854415E-06    0.2600305E-05   -0.8243083E-07    0.5725085E-06    0.9392348E-05    0.8746607E-08   -0.1896439E-07   -0.3024643E-07    0.2641963E-07   -0.3682089E-05
    0.7949707E-06   -0.5163193E-05    0.6673536E-06    0.1919105E-03    0.3791685E-03    0.1666168E-04   -0.2684004E-04    0.1049417E-01    0.8310968E-02    0.7429194E-02   -0.4432593E-02   -0.5420868E-02   -0.1864791E-02   -0.7597172E-04   -0.8040179E-04   -0.3922203E-04   -0.2615328E-04   -0.1263367E-02    0.9774328E-07    0.1817554E-05   -0.1068281E-04   -0.4936774E-05    0.2473445E-03
    0.1505619E-05   -0.5537865E-05    0.1015388E-05    0.3791685E-03    0.7710271E-03    0.1911946E-04   -0.6856049E-04    0.3544456E-01    0.2474913E-01    0.1824103E-01   -0.9280589E-02   -0.8909067E-02   -0.4134422E-02   -0.1585145E-03   -0.1937349E-03    0.5628430E-07   -0.3479388E-04   -0.3122028E-02    0.3410026E-06    0.5340926E-05   -0.1961358E-04   -0.7136570E-05    0.1271898E-02
    0.2646137E-06   -0.4371078E-05    0.5225624E-06    0.1666168E-04    0.1911946E-04    0.2482191E-04    0.1118421E-04   -0.2365428E-01   -0.2649215E-02    0.1380132E-01   -0.4749405E-02   -0.9450408E-02   -0.1133227E-02    0.2085601E-04   -0.1482726E-03   -0.9636640E-04    0.3805399E-04   -0.3514731E-02   -0.9572935E-07    0.5646349E-06   -0.4627131E-06   -0.2141233E-05   -0.6320425E-05
   -0.3337396E-06   -0.8150895E-06   -0.1385179E-07   -0.2684004E-04   -0.6856049E-04    0.1118421E-04    0.4848378E-04   -0.3441641E-01   -0.1025452E-01    0.1427017E-01   -0.4170566E-02   -0.1065249E-01   -0.1047173E-03    0.6239199E-04   -0.1407580E-03   -0.1336626E-03   -0.1812150E-05   -0.3487156E-02    0.4187312E-07   -0.6586352E-06    0.2484644E-05    0.8510351E-06   -0.5052236E-03
   -0.6972122E-04    0.2492867E-02   -0.4826854E-03    0.1049417E-01    0.3544456E-01   -0.2365428E-01   -0.3441641E-01    0.2421661E+04    0.9639102E+02   -0.8713776E+02    0.5578325E+02    0.6486172E+02   -0.5877236E+02   -0.1036303E+01   -0.1483403E+01    0.5365861E+00    0.1436823E+00   -0.1319440E+02    0.3372807E-02    0.3140689E-02   -0.4215030E-03   -0.2991868E-02    0.1169175E+02
   -0.7705400E-04    0.3823642E-03    0.9601209E-04    0.8310968E-02    0.2474913E-01   -0.2649215E-02   -0.1025452E-01    0.9639102E+02    0.1086766E+03    0.1013969E+02   -0.1384766E+02    0.9329443E+01   -0.7286218E+01   -0.1793761E+00    0.1591674E+00    0.1630636E+00    0.1056012E+01   -0.1204337E+02    0.2180261E-03    0.8824433E-03    0.4276909E-02    0.4761260E-02    0.1384125E+00
    0.5744495E-04   -0.1619844E-03   -0.1226122E-03    0.7429194E-02    0.1824103E-01    0.1380132E-01    0.1427017E-01   -0.8713776E+02    0.1013969E+02    0.2891399E+03   -0.2576865E+02   -0.1369531E+03    0.1505178E+01   -0.3249189E-01   -0.1341268E+01   -0.1794977E+01    0.4264478E+00   -0.7754439E+01   -0.5115073E-03   -0.1420324E-02    0.1142693E-02    0.5635458E-02    0.3836299E+00
   -0.7746127E-04    0.3522256E-03   -0.7560208E-04   -0.4432593E-02   -0.9280589E-02   -0.4749405E-02   -0.4170566E-02    0.5578325E+02   -0.1384766E+02   -0.2576865E+02    0.2048903E+02    0.1658146E+02   -0.1463479E+01    0.3423519E-01   -0.8278246E-01    0.2233529E+00    0.1578848E+00   -0.1144178E+01   -0.7213803E-04   -0.1163387E-02   -0.5885765E-03   -0.6621479E-03   -0.1758229E+00
   -0.1184826E-03    0.7071711E-03   -0.3567155E-05   -0.5420868E-02   -0.8909067E-02   -0.9450408E-02   -0.1065249E-01    0.6486172E+02    0.9329443E+01   -0.1369531E+03    0.1658146E+02    0.7675211E+02    0.2474323E-01    0.7291102E-01    0.6241018E+00    0.1110268E+01   -0.2074981E+00   -0.2527218E+01    0.4500251E-03    0.3753074E-04    0.1230821E-02   -0.4802934E-03   -0.7863564E-01
    0.8463335E-05    0.7787839E-04    0.8906016E-05   -0.1864791E-02   -0.4134422E-02   -0.1133227E-02   -0.1047173E-03   -0.5877236E+02   -0.7286218E+01    0.1505178E+01   -0.1463479E+01    0.2474323E-01    0.6980763E+01    0.8604259E-01    0.2658621E+00    0.1625946E-02   -0.7384057E-01   -0.2907676E+00    0.9735338E-04   -0.7860817E-03   -0.2094158E-03   -0.4164689E-03    0.1186493E+00
   -0.2114131E-06    0.1161240E-06   -0.9854415E-06   -0.7597172E-04   -0.1585145E-03    0.2085601E-04    0.6239199E-04   -0.1036303E+01   -0.1793761E+00   -0.3249189E-01    0.3423519E-01    0.7291102E-01    0.8604259E-01    0.1293714E-01   -0.7079113E-02    0.5148790E-02    0.7666736E-02   -0.1919574E-01    0.2948098E-05   -0.3245314E-04    0.1904846E-04   -0.5472298E-05    0.8138426E-03
    0.7047057E-06    0.1132807E-05    0.2600305E-05   -0.8040179E-04   -0.1937349E-03   -0.1482726E-03   -0.1407580E-03   -0.1483403E+01    0.1591674E+00   -0.1341268E+01   -0.8278246E-01    0.6241018E+00    0.2658621E+00   -0.7079113E-02    0.5641800E-01   -0.8969852E-03    0.2863361E-02   -0.1619275E-01    0.4514767E-05    0.4874088E-04   -0.6614865E-04   -0.4001911E-04   -0.2308787E-03
   -0.1637312E-05    0.1512575E-04   -0.8243083E-07   -0.3922203E-04    0.5628430E-07   -0.9636640E-04   -0.1336626E-03    0.5365861E+00    0.1630636E+00   -0.1794977E+01    0.2233529E+00    0.1110268E+01    0.1625946E-02    0.5148790E-02   -0.8969852E-03    0.2570475E-01   -0.4829215E-03   -0.3186199E-01    0.1168837E-04   -0.8052683E-04    0.4187963E-04    0.1056097E-04    0.4414061E-02
    0.1181782E-05   -0.5785238E-05    0.5725085E-06   -0.2615328E-04   -0.3479388E-04    0.3805399E-04   -0.1812150E-05    0.1436823E+00    0.1056012E+01    0.4264478E+00    0.1578848E+00   -0.2074981E+00   -0.7384057E-01    0.7666736E-02    0.2863361E-02   -0.4829215E-03    0.8186361E-01    0.7998077E-02   -0.1908077E-05   -0.1932282E-04   -0.1072124E-04   -0.3592813E-04   -0.2117394E-02
   -0.6216259E-06    0.6050249E-04    0.9392348E-05   -0.1263367E-02   -0.3122028E-02   -0.3514731E-02   -0.3487156E-02   -0.1319440E+02   -0.1204337E+02   -0.7754439E+01   -0.1144178E+01   -0.2527218E+01   -0.2907676E+00   -0.1919574E-01   -0.1619275E-01   -0.3186199E-01    0.7998077E-02    0.8250351E+01   -0.6703371E-04    0.8997492E-05   -0.1313268E-02   -0.8071222E-03   -0.3040747E-03
    0.5922910E-08   -0.4705044E-07    0.8746607E-08    0.9774328E-07    0.3410026E-06   -0.9572935E-07    0.4187312E-07    0.3372807E-02    0.2180261E-03   -0.5115073E-03   -0.7213803E-04    0.4500251E-03    0.9735338E-04    0.2948098E-05    0.4514767E-05    0.1168837E-04   -0.1908077E-05   -0.6703371E-04    0.7859830E-06   -0.2524027E-07    0.2405536E-06    0.1821514E-06   -0.8285311E-04
    0.1187473E-07    0.4930423E-07   -0.1896439E-07    0.1817554E-05    0.5340926E-05    0.5646349E-06   -0.6586352E-06    0.3140689E-02    0.8824433E-03   -0.1420324E-02   -0.1163387E-02    0.3753074E-04   -0.7860817E-03   -0.3245314E-04    0.4874088E-04   -0.8052683E-04   -0.1932282E-04    0.8997492E-05   -0.2524027E-07    0.5231534E-05    0.9836903E-06    0.9369290E-06    0.2474093E-03
   -0.1017096E-06   -0.5057401E-07   -0.3024643E-07   -0.1068281E-04   -0.1961358E-04   -0.4627131E-06    0.2484644E-05   -0.4215030E-03    0.4276909E-02    0.1142693E-02   -0.5885765E-03    0.1230821E-02   -0.2094158E-03    0.1904846E-04   -0.6614865E-04    0.4187963E-04   -0.1072124E-04   -0.1313268E-02    0.2405536E-06    0.9836903E-06    0.2299229E-04    0.8193951E-05    0.2316506E-03
   -0.2391840E-06   -0.4891269E-06    0.2641963E-07   -0.4936774E-05   -0.7136570E-05   -0.2141233E-05    0.8510351E-06   -0.2991868E-02    0.4761260E-02    0.5635458E-02   -0.6621479E-03   -0.4802934E-03   -0.4164689E-03   -0.5472298E-05   -0.4001911E-04    0.1056097E-04   -0.3592813E-04   -0.8071222E-03    0.1821514E-06    0.9369290E-06    0.8193951E-05    0.2161063E-04    0.2355414E-03
    0.5068118E-05    0.6835362E-04   -0.3682089E-05    0.2473445E-03    0.1271898E-02   -0.6320425E-05   -0.5052236E-03    0.1169175E+02    0.1384125E+00    0.3836299E+00   -0.1758229E+00   -0.7863564E-01    0.1186493E+00    0.8138426E-03   -0.2308787E-03    0.4414061E-02   -0.2117394E-02   -0.3040747E-03   -0.8285311E-04    0.2474093E-03    0.2316506E-03    0.2355414E-03    0.2516568E+00
