# omegabh2 omegach2 theta tau ns logA r asz
    0.50149E-06   -0.23278E-05    0.11975E-05    0.32069E-05    0.13560E-04    0.36989E-05    0.47209E-04    0.19971E-04
   -0.23278E-05    0.31202E-04   -0.40831E-05   -0.21838E-04   -0.82602E-04    0.42372E-04   -0.35035E-03   -0.29861E-03
    0.11975E-05   -0.40831E-05    0.60731E-05    0.69210E-05    0.31757E-04    0.14670E-04    0.92796E-04    0.70187E-05
    0.32069E-05   -0.21838E-04    0.69210E-05    0.20841E-03    0.10185E-03    0.37535E-03    0.13815E-03    0.56477E-04
    0.13560E-04   -0.82602E-04    0.31757E-04    0.10185E-03    0.43476E-03    0.82942E-04    0.16241E-02    0.14204E-04
    0.36989E-05    0.42372E-04    0.14670E-04    0.37535E-03    0.82942E-04    0.97776E-03   -0.40221E-03   -0.15931E-02
    0.47209E-04   -0.35035E-03    0.92796E-04    0.13815E-03    0.16241E-02   -0.40221E-03    0.10667E-01    0.14933E-02
    0.19971E-04   -0.29861E-03    0.70187E-05    0.56477E-04    0.14204E-04   -0.15931E-02    0.14933E-02    0.33237E+00
