# omegabh2 omegach2 theta mnu logA ns DES_b1 DES_b2 DES_b3 DES_b4 DES_b5 DES_m1 DES_m2 DES_m3 DES_m4 DES_AIA DES_alphaIA DES_DzL1 DES_DzL2 DES_DzL3 DES_DzL4 DES_DzL5 DES_DzS1 DES_DzS2 DES_DzS3 DES_DzS4
  2.4407096E-07   6.6012000E-07   5.6563081E-07   9.9406023E-06  -2.4970994E-06  -3.9954101E-08   8.0400281E-08  -2.5174002E-08   3.4595720E-07  -2.6598608E-08   4.4683157E-07  -5.1127666E-08  -4.6763480E-08  -5.9143302E-08  -1.4119908E-07   8.6806920E-07   3.7063319E-06   3.7471069E-10  -6.2512726E-09   8.1008939E-09  -3.3192815E-08  -2.8438467E-09  -1.1802891E-07  -3.0929769E-08  -2.6650506E-08   8.9611027E-09
  6.6012000E-07   5.7539046E-04   1.1406233E-03   1.4482347E-02  -1.8851597E-03  -8.9868001E-05  -1.3838408E-04  -1.4484844E-04  -1.7616080E-04  -2.1851969E-04  -2.0527370E-04   5.4819011E-07  -6.2973023E-06   1.4127361E-06  -3.2995680E-07  -1.4622774E-06   4.2867565E-04   3.3621355E-07  -1.2546547E-06  -1.6749621E-07  -4.8658630E-06   6.6791506E-06  -6.4570926E-07  -5.8107405E-08  -2.2882317E-06  -3.5106213E-06
  5.6563081E-07   1.1406233E-03   2.3629710E-03   2.8545241E-02  -3.4514408E-03  -1.1761035E-04  -6.8160743E-04  -6.7578273E-04  -7.0694184E-04  -8.5276854E-04  -8.5009495E-04   2.6680168E-06  -6.3916910E-06   5.1384917E-05   3.1223799E-05   7.1169302E-05   3.8690174E-03   3.3961169E-06   4.5312693E-07   4.0751363E-07  -6.0511314E-06   1.8183540E-05   9.3371105E-07   4.5407744E-06   6.7060557E-06   1.3830498E-05
  9.9406023E-06   1.4482347E-02   2.8545241E-02   4.3732505E-01  -3.9804862E-02   3.5031693E-06   1.0454800E-02   1.1022969E-02   8.9119467E-03   9.4545341E-03   8.1749059E-03  -2.8378261E-05  -5.8418589E-05  -2.2812081E-04  -3.8151796E-05  -5.6561087E-03  -2.2719082E-02  -1.0076736E-06  -7.1903685E-05  -1.1540534E-05  -1.7331075E-04   1.5028242E-04  -7.3439707E-05   1.7244090E-05  -4.3249554E-05   3.4534586E-05
 -2.4970994E-06  -1.8851597E-03  -3.4514408E-03  -3.9804862E-02   8.8965047E-03   8.9287993E-04   2.0184673E-04   2.5621814E-04   2.9703209E-04   2.9169705E-04  -2.4991296E-05  -1.7471632E-06   3.8943374E-05   5.5587187E-05   4.4678441E-05  -1.1815248E-04   1.7478446E-03   4.4202965E-06   6.6442048E-06   3.6784350E-06   2.0570426E-05  -9.3397264E-06   1.9516245E-06   1.4632011E-05   2.9144574E-05   4.1238598E-05
 -3.9954101E-08  -8.9868001E-05  -1.1761035E-04   3.5031693E-06   8.9287993E-04   4.0052134E-04  -7.8737689E-06  -2.6570474E-07   4.2574795E-06   2.3090503E-06   1.8056591E-05  -4.0899408E-06   5.2361596E-06   3.1037715E-06  -1.0872531E-06   6.2292290E-05  -1.0483707E-05   1.4122664E-07   7.5613600E-07   5.1725451E-07  -6.7185955E-07  -4.6631081E-08   3.8961682E-06   7.4827907E-07   2.7115130E-06   5.0379660E-07
  8.0400281E-08  -1.3838408E-04  -6.8160743E-04   1.0454800E-02   2.0184673E-04  -7.8737689E-06   1.1108106E-02   5.9532823E-03   5.5494977E-03   6.4589899E-03   6.2579303E-03  -2.9027917E-05   1.0601154E-05  -2.1789611E-04  -1.1923438E-04  -2.2478247E-03  -1.4548096E-02   1.1905054E-04  -1.3366103E-05  -6.4006732E-07  -1.6719330E-05  -1.8482145E-05  -1.7588680E-05  -1.6588984E-05  -4.5974252E-05  -5.5971865E-05
 -2.5174002E-08  -1.4484844E-04  -6.7578273E-04   1.1022969E-02   2.5621814E-04  -2.6570474E-07   5.9532823E-03   8.7536899E-03   5.7171287E-03   6.6149239E-03   6.3971186E-03  -1.1691556E-05  -2.7812782E-06  -2.5454400E-04  -1.1559767E-04  -2.1586030E-03  -2.1981414E-02  -1.4766150E-05   4.5970175E-05  -9.3816062E-06  -1.7377685E-05  -2.0753694E-05  -3.0948616E-05  -2.0161694E-05  -3.8150267E-05  -4.4627239E-05
  3.4595720E-07  -1.7616080E-04  -7.0694184E-04   8.9119467E-03   2.9703209E-04   4.2574795E-06   5.5494977E-03   5.7171287E-03   7.0849844E-03   6.1877464E-03   5.9499822E-03  -1.0999254E-05   1.4905182E-07  -2.4481950E-04  -1.1917188E-04  -1.7638158E-03  -2.0679562E-02  -1.1308061E-05  -1.9119572E-05   4.7225212E-05  -2.0733411E-05  -2.0802461E-05  -3.0843783E-05  -2.6584641E-05  -3.4225256E-05  -3.4243731E-05
 -2.6598608E-08  -2.1851969E-04  -8.5276854E-04   9.4545341E-03   2.9169705E-04   2.3090503E-06   6.4589899E-03   6.6149239E-03   6.1877464E-03   9.4315371E-03   6.9411065E-03  -1.7789793E-05  -3.9106964E-06  -3.0094285E-04  -1.4461101E-04  -2.2899360E-03  -2.7720890E-02  -1.3505540E-05  -2.3887122E-05  -1.2533776E-05   7.5818883E-05  -2.6015403E-05  -2.0362951E-05  -3.0520300E-05  -4.8393429E-05  -3.6213982E-05
  4.4683157E-07  -2.0527370E-04  -8.5009495E-04   8.1749059E-03  -2.4991296E-05   1.8056591E-05   6.2579303E-03   6.3971186E-03   5.9499822E-03   6.9411065E-03   1.2052341E-02  -1.7572037E-05  -1.3019508E-05  -3.3011504E-04  -1.8113136E-04  -1.9872190E-03  -2.9200867E-02  -1.6233134E-05  -2.7722084E-05  -1.5265813E-05  -3.2081294E-05   9.6402949E-05  -1.4964317E-05  -2.6024953E-05  -6.7629206E-05  -7.9908986E-05
 -5.1127666E-08   5.4819011E-07   2.6680168E-06  -2.8378261E-05  -1.7471632E-06  -4.0899408E-06  -2.9027917E-05  -1.1691556E-05  -1.0999254E-05  -1.7789793E-05  -1.7572037E-05   5.2542569E-04   5.1656485E-06   8.3035302E-06   9.2387120E-06   1.0894533E-04  -3.9098076E-03   1.7199349E-06  -5.1562661E-07  -5.6025679E-07  -1.1866921E-06   1.3999229E-06  -2.8945296E-05   7.8214193E-06  -1.3501473E-06  -2.9488960E-06
 -4.6763480E-08  -6.2973023E-06  -6.3916910E-06  -5.8418589E-05   3.8943374E-05   5.2361596E-06   1.0601154E-05  -2.7812782E-06   1.4905182E-07  -3.9106964E-06  -1.3019508E-05   5.1656485E-06   4.9462174E-04   1.2630721E-05   3.6797601E-06   2.4364340E-04  -2.3852295E-03  -1.8588866E-07   2.0580929E-06   8.3912676E-07   5.1340337E-07   3.6997171E-07   1.7289137E-05  -3.1899025E-05   3.2606619E-06   5.5182392E-06
 -5.9143302E-08   1.4127361E-06   5.1384917E-05  -2.2812081E-04   5.5587187E-05   3.1037715E-06  -2.1789611E-04  -2.5454400E-04  -2.4481950E-04  -3.0094285E-04  -3.3011504E-04   8.3035302E-06   1.2630721E-05   4.2799252E-04   4.5791009E-05   1.9512653E-05   3.1791695E-03   1.0159097E-06   9.7238294E-07   7.2902224E-07   4.0914568E-06   4.3130207E-06   4.5081587E-06   1.5360247E-05  -3.3550738E-05   3.3225476E-05
 -1.4119908E-07  -3.2995680E-07   3.1223799E-05  -3.8151796E-05   4.4678441E-05  -1.0872531E-06  -1.1923438E-04  -1.1559767E-04  -1.1917188E-04  -1.4461101E-04  -1.8113136E-04   9.2387120E-06   3.6797601E-06   4.5791009E-05   4.4363086E-04  -1.0326523E-04   1.9051523E-03   1.1914779E-06  -1.7139284E-06   9.0726392E-07   1.2737666E-06   8.6221425E-07   5.6029525E-06   9.0420261E-06   1.2691936E-05  -7.5265424E-05
  8.6806920E-07  -1.4622774E-06   7.1169302E-05  -5.6561087E-03  -1.1815248E-04   6.2292290E-05  -2.2478247E-03  -2.1586030E-03  -1.7638158E-03  -2.2899360E-03  -1.9872190E-03   1.0894533E-04   2.4364340E-04   1.9512653E-05  -1.0326523E-04   3.3777890E-02   1.2643659E-01  -4.8714669E-05  -5.4293705E-05   2.7002154E-05  -1.9267278E-04  -5.1532072E-05   2.8268478E-04   2.5754765E-04   2.2643561E-04  -7.8334733E-05
  3.7063319E-06   4.2867565E-04   3.8690174E-03  -2.2719082E-02   1.7478446E-03  -1.0483707E-05  -1.4548096E-02  -2.1981414E-02  -2.0679562E-02  -2.7720890E-02  -2.9200867E-02  -3.9098076E-03  -2.3852295E-03   3.1791695E-03   1.9051523E-03   1.2643659E-01   5.6256215E+00   1.3616119E-03   6.0044028E-04   6.1907352E-05  -9.2615685E-04  -5.5937792E-04  -1.0080706E-02  -2.5831497E-03   2.8534706E-03   2.1772964E-03
  3.7471069E-10   3.3621355E-07   3.3961169E-06  -1.0076736E-06   4.4202965E-06   1.4122664E-07   1.1905054E-04  -1.4766150E-05  -1.1308061E-05  -1.3505540E-05  -1.6233134E-05   1.7199349E-06  -1.8588866E-07   1.0159097E-06   1.1914779E-06  -4.8714669E-05   1.3616119E-03   5.6575787E-05   4.2660066E-08   4.3935294E-07   6.4150859E-07  -2.6441860E-07   2.7476859E-06   1.3926739E-07   2.5468358E-06   2.0922281E-06
 -6.2512726E-09  -1.2546547E-06   4.5312693E-07  -7.1903685E-05   6.6442048E-06   7.5613600E-07  -1.3366103E-05   4.5970175E-05  -1.9119572E-05  -2.3887122E-05  -2.7722084E-05  -5.1562661E-07   2.0580929E-06   9.7238294E-07  -1.7139284E-06  -5.4293705E-05   6.0044028E-04   4.2660066E-08   4.4358900E-05   1.5592314E-07   1.0642436E-06  -4.5756327E-07   4.0759199E-07   3.3695276E-06   2.1096050E-06   1.5573472E-06
  8.1008939E-09  -1.6749621E-07   4.0751363E-07  -1.1540534E-05   3.6784350E-06   5.1725451E-07  -6.4006732E-07  -9.3816062E-06   4.7225212E-05  -1.2533776E-05  -1.5265813E-05  -5.6025679E-07   8.3912676E-07   7.2902224E-07   9.0726392E-07   2.7002154E-05   6.1907352E-05   4.3935294E-07   1.5592314E-07   4.3847113E-05   4.0726624E-07  -2.4095194E-07  -6.2989612E-07   4.2561981E-06   4.4739016E-06  -1.2167227E-07
 -3.3192815E-08  -4.8658630E-06  -6.0511314E-06  -1.7331075E-04   2.0570426E-05  -6.7185955E-07  -1.6719330E-05  -1.7377685E-05  -2.0733411E-05   7.5818883E-05  -3.2081294E-05  -1.1866921E-06   5.1340337E-07   4.0914568E-06   1.2737666E-06  -1.9267278E-04  -9.2615685E-04   6.4150859E-07   1.0642436E-06   4.0726624E-07   8.4048966E-05   2.1224875E-06   1.7309570E-06   1.4378503E-06   6.5738067E-06   8.6471545E-06
 -2.8438467E-09   6.6791506E-06   1.8183540E-05   1.5028242E-04  -9.3397264E-06  -4.6631081E-08  -1.8482145E-05  -2.0753694E-05  -2.0802461E-05  -2.6015403E-05   9.6402949E-05   1.3999229E-06   3.6997171E-07   4.3130207E-06   8.6221425E-07  -5.1532072E-05  -5.5937792E-04  -2.6441860E-07  -4.5756327E-07  -2.4095194E-07   2.1224875E-06   9.5030760E-05   6.5362997E-07  -8.4190471E-07  -5.8509276E-07   7.9746674E-06
 -1.1802891E-07  -6.4570926E-07   9.3371105E-07  -7.3439707E-05   1.9516245E-06   3.8961682E-06  -1.7588680E-05  -3.0948616E-05  -3.0843783E-05  -2.0362951E-05  -1.4964317E-05  -2.8945296E-05   1.7289137E-05   4.5081587E-06   5.6029525E-06   2.8268478E-04  -1.0080706E-02   2.7476859E-06   4.0759199E-07  -6.2989612E-07   1.7309570E-06   6.5362997E-07   1.9699089E-04   2.0706096E-05   1.6309755E-06   1.4791644E-06
 -3.0929769E-08  -5.8107405E-08   4.5407744E-06   1.7244090E-05   1.4632011E-05   7.4827907E-07  -1.6588984E-05  -2.0161694E-05  -2.6584641E-05  -3.0520300E-05  -2.6024953E-05   7.8214193E-06  -3.1899025E-05   1.5360247E-05   9.0420261E-06   2.5754765E-04  -2.5831497E-03   1.3926739E-07   3.3695276E-06   4.2561981E-06   1.4378503E-06  -8.4190471E-07   2.0706096E-05   1.1850539E-04   6.2398933E-06   4.5738667E-06
 -2.6650506E-08  -2.2882317E-06   6.7060557E-06  -4.3249554E-05   2.9144574E-05   2.7115130E-06  -4.5974252E-05  -3.8150267E-05  -3.4225256E-05  -4.8393429E-05  -6.7629206E-05  -1.3501473E-06   3.2606619E-06  -3.3550738E-05   1.2691936E-05   2.2643561E-04   2.8534706E-03   2.5468358E-06   2.1096050E-06   4.4739016E-06   6.5738067E-06  -5.8509276E-07   1.6309755E-06   6.2398933E-06   9.4750585E-05   1.7411109E-05
  8.9611027E-09  -3.5106213E-06   1.3830498E-05   3.4534586E-05   4.1238598E-05   5.0379660E-07  -5.5971865E-05  -4.4627239E-05  -3.4243731E-05  -3.6213982E-05  -7.9908986E-05  -2.9488960E-06   5.5182392E-06   3.3225476E-05  -7.5265424E-05  -7.8334733E-05   2.1772964E-03   2.0922281E-06   1.5573472E-06  -1.2167227E-07   8.6471545E-06   7.9746674E-06   1.4791644E-06   4.5738667E-06   1.7411109E-05   3.3977681E-04
