# omegabh2 omegach2 theta meffsterile nnu logA ns
    0.7805919E-06    0.1088405E-05   -0.1609034E-06    0.1002944E-05   -0.2530931E-04   -0.5586504E-05   -0.7615451E-07
    0.1088405E-05    0.1606734E-02    0.8043107E-03    0.2682559E-01    0.4264515E-01   -0.2211070E-02   -0.1153494E-03
   -0.1609034E-06    0.8043107E-03    0.3742785E-02    0.2585996E-01   -0.3971626E-01   -0.1053712E-02   -0.8784179E-04
    0.1002944E-05    0.2682559E-01    0.2585996E-01    0.7065700E+00    0.3142661E+00   -0.4487390E-01    0.2788525E-03
   -0.2530931E-04    0.4264515E-01   -0.3971626E-01    0.3142661E+00    0.3502506E+01    0.8602822E-01    0.8705789E-03
   -0.5586504E-05   -0.2211070E-02   -0.1053712E-02   -0.4487390E-01    0.8602822E-01    0.2380197E-01    0.9679104E-03
   -0.7615451E-07   -0.1153494E-03   -0.8784179E-04    0.2788525E-03    0.8705789E-03    0.9679104E-03    0.4102614E-03
