# omegabh2 omegach2 theta tau logA ns calPlanck acib217 xi asz143 aps100 aps143 aps143217 aps217 aksz kgal100 kgal143 kgal143217 kgal217 galfEE100 galfEE100143 galfEE100217 galfEE143 galfEE143217 galfEE217 galfTE100 galfTE100143 galfTE100217 galfTE143 galfTE143217 galfTE217 cal0 cal2
    0.2397426E-07   -0.1293696E-06    0.2035337E-07    0.9241396E-06    0.1647284E-05    0.3456570E-06    0.8679118E-08   -0.1200999E-03    0.1443633E-05    0.2728790E-04   -0.4728868E-03   -0.2580767E-03   -0.6320988E-04    0.5207896E-04   -0.4766621E-04   -0.4823862E-05   -0.1077218E-04   -0.2197796E-04    0.6692387E-05    0.6282864E-07    0.2967710E-07    0.1914847E-07    0.3928415E-07    0.1460126E-07    0.1427286E-08   -0.5369468E-06   -0.2127594E-06   -0.2096270E-06   -0.1149454E-06   -0.5786152E-06   -0.1927045E-05    0.4736885E-08   -0.1134463E-07
   -0.1293696E-06    0.1870648E-05   -0.1661495E-06   -0.1265105E-04   -0.2101878E-04   -0.4820884E-05   -0.8403836E-07    0.6392411E-03   -0.4390364E-05   -0.1897989E-03    0.3231742E-02    0.1613920E-02    0.5499722E-03   -0.1317551E-03    0.2699795E-03    0.1810580E-04    0.5139678E-04    0.6898894E-04   -0.2666622E-04   -0.9952403E-06   -0.3468341E-06    0.1676785E-06   -0.4764281E-06    0.1120780E-06   -0.3867796E-06    0.4582818E-05    0.1481650E-05    0.3680715E-06    0.1192531E-06    0.2770752E-05    0.1277596E-04   -0.1218550E-07    0.8155121E-07
    0.2035337E-07   -0.1661495E-06    0.9838075E-07    0.1611656E-05    0.2946075E-05    0.5447414E-06    0.9046478E-08   -0.5185856E-04    0.1438613E-05    0.6445865E-06   -0.2134522E-03   -0.1595300E-03   -0.9556622E-04   -0.2764953E-04   -0.1746609E-04   -0.4753518E-05   -0.1029639E-04   -0.2171485E-04   -0.8428802E-05    0.6226302E-07    0.8755765E-08    0.1591202E-08    0.2751891E-07   -0.3021861E-07   -0.6171254E-07   -0.4561216E-06   -0.2301504E-06    0.5190231E-06   -0.1471390E-06   -0.9587486E-06   -0.2329664E-05    0.8971838E-10   -0.2949395E-08
    0.9241396E-06   -0.1265105E-04    0.1611656E-05    0.1906270E-03    0.3416899E-03    0.3835015E-04   -0.3406354E-05   -0.6693486E-02    0.3391212E-04    0.1543581E-02   -0.3429893E-01   -0.1708708E-01   -0.6783436E-02   -0.2247746E-03   -0.2050118E-02   -0.1489815E-03    0.4325127E-04   -0.1262924E-02   -0.9635091E-03    0.6450679E-05    0.2073441E-05   -0.2220372E-05    0.3026384E-05   -0.2564168E-05    0.7876907E-05   -0.3605191E-04   -0.1183629E-04   -0.6023525E-05   -0.8757280E-05   -0.3171667E-04   -0.1379995E-03   -0.2148960E-06   -0.9257793E-06
    0.1647284E-05   -0.2101878E-04    0.2946075E-05    0.3416899E-03    0.6424953E-03    0.6382102E-04    0.5434398E-05   -0.1200165E-01    0.1126185E-03    0.2755861E-02   -0.5676818E-01   -0.2837254E-01   -0.8725896E-02    0.5459972E-02   -0.4405091E-02   -0.5002088E-03   -0.1666461E-03   -0.2731323E-02   -0.5172103E-03    0.1245138E-04    0.3463032E-05   -0.4786588E-05    0.5960932E-05   -0.5778452E-05    0.9596799E-05   -0.6174182E-04   -0.2191965E-04   -0.2751091E-04   -0.1501261E-04   -0.6037703E-04   -0.2500406E-03   -0.2663930E-06   -0.1815361E-05
    0.3456570E-06   -0.4820884E-05    0.5447414E-06    0.3835015E-04    0.6382102E-04    0.2197338E-04    0.2548749E-06   -0.5573036E-02    0.1060453E-03    0.1358105E-02   -0.2786447E-01   -0.8126511E-02    0.1714357E-02    0.5836079E-02   -0.2766367E-02    0.1551786E-03   -0.2855752E-03   -0.4434248E-03    0.7845651E-03    0.5297524E-05    0.1869941E-05    0.2124773E-06    0.2467480E-05   -0.1147696E-06   -0.7132570E-07   -0.7676684E-05   -0.2870139E-05    0.7027155E-05   -0.1268386E-05   -0.7714484E-05   -0.3602412E-04   -0.1197297E-06   -0.4928488E-06
    0.8679118E-08   -0.8403836E-07    0.9046478E-08   -0.3406354E-05    0.5434398E-05    0.2548749E-06    0.6212224E-05    0.8169636E-03    0.1790743E-05    0.3655526E-04    0.3155899E-02    0.7165092E-03    0.5621691E-03    0.1305054E-02   -0.4886156E-04   -0.6844039E-05    0.7405251E-04    0.5430785E-04    0.6683229E-03    0.1627554E-05    0.3103992E-06   -0.4743473E-06    0.7494667E-06   -0.1011212E-06   -0.2065431E-05    0.1721658E-05    0.8070853E-09   -0.7567471E-05    0.1084375E-05   -0.7673436E-06   -0.1390745E-05   -0.1615117E-07   -0.4848246E-07
   -0.1200999E-03    0.6392411E-03   -0.5185856E-04   -0.6693486E-02   -0.1200165E-01   -0.5573036E-02    0.8169636E-03    0.4805686E+02   -0.4415019E+00   -0.1344428E+01    0.3864555E+02    0.3809670E+00   -0.2005363E+02   -0.6502167E+02    0.7275836E-02   -0.2556237E+00    0.3447904E+00   -0.3109374E+01   -0.2528753E+02   -0.6116429E-03   -0.2761527E-03    0.5968451E-04   -0.7350587E-04    0.1446599E-02   -0.2320727E-02    0.5787837E-02    0.5634090E-02    0.4614243E-02   -0.8239534E-03   -0.6198389E-02    0.8645935E-02   -0.1614473E-03    0.4289661E-02
    0.1443633E-05   -0.4390364E-05    0.1438613E-05    0.3391212E-04    0.1126185E-03    0.1060453E-03    0.1790743E-05   -0.4415019E+00    0.8118352E-01   -0.8893606E-01   -0.1736879E+00    0.9704146E+00    0.1732697E+01    0.6890472E+00    0.8758084E-01   -0.7324131E-02    0.3350257E-02    0.6121376E-01    0.5575705E-01    0.4261513E-04   -0.1108154E-05    0.1369418E-05    0.6157026E-05   -0.5319793E-04   -0.1289943E-03   -0.3479593E-04   -0.8528834E-04    0.3667066E-04   -0.7909373E-04    0.5731000E-04    0.4941523E-03    0.7075901E-05   -0.1369798E-04
    0.2728790E-04   -0.1897989E-03    0.6445865E-06    0.1543581E-02    0.2755861E-02    0.1358105E-02    0.3655526E-04   -0.1344428E+01   -0.8893606E-01    0.3720566E+01   -0.2862949E+02   -0.3881401E+01    0.7117744E+01    0.6282479E+01   -0.2657076E+01   -0.2055681E+00    0.5988967E-01    0.2423688E+01    0.2003600E+01    0.9370870E-04    0.1539929E-03    0.1829557E-03    0.3642667E-03    0.8944505E-03   -0.4365681E-03    0.1140720E-02    0.1099065E-02    0.1978527E-02    0.2435456E-03    0.1408891E-03   -0.1442360E-02    0.2035173E-03   -0.3439111E-03
   -0.4728868E-03    0.3231742E-02   -0.2134522E-03   -0.3429893E-01   -0.5676818E-01   -0.2786447E-01    0.3155899E-02    0.3864555E+02   -0.1736879E+00   -0.2862949E+02    0.7079214E+03    0.6906898E+02   -0.5120275E+02   -0.6528091E+02    0.1290788E+02   -0.1731889E+00    0.2629031E-01   -0.1209766E+02   -0.1711042E+02   -0.3650698E-02   -0.1770009E-02   -0.2850891E-02   -0.3158782E-02   -0.5770170E-02    0.7569950E-02    0.4464931E-01    0.4086845E-02    0.1875080E-02    0.1431474E-02   -0.1097452E-01    0.5605962E-01    0.4385133E-02    0.4270937E-02
   -0.2580767E-03    0.1613920E-02   -0.1595300E-03   -0.1708708E-01   -0.2837254E-01   -0.8126511E-02    0.7165092E-03    0.3809670E+00    0.9704146E+00   -0.3881401E+01    0.6906898E+02    0.5769936E+02    0.4133400E+02    0.1765793E+02   -0.4613786E+01   -0.3065733E+00   -0.9754183E+00    0.3267266E+01    0.3547869E+01   -0.1320648E-02   -0.5841454E-03   -0.1376615E-02   -0.9913630E-03   -0.2652531E-02    0.3370000E-02    0.5400932E-02    0.1175892E-02    0.2693645E-02   -0.2002950E-02    0.7385018E-02    0.4359239E-01    0.1622810E-03    0.2313941E-03
   -0.6320988E-04    0.5499722E-03   -0.9556622E-04   -0.6783436E-02   -0.8725896E-02    0.1714357E-02    0.5621691E-03   -0.2005363E+02    0.1732697E+01    0.7117744E+01   -0.5120275E+02    0.4133400E+02    0.9072665E+02    0.6435795E+02   -0.1159815E+02   -0.6879537E+00   -0.4118784E+00    0.3830830E+01    0.5066176E+01   -0.2393335E-03   -0.7470455E-04   -0.1969599E-03    0.8148737E-03   -0.9302885E-03    0.1065086E-02    0.5173929E-02    0.1836455E-03    0.1735443E-01   -0.2986454E-02    0.8444311E-02    0.3148896E-01    0.7809346E-03   -0.2359743E-02
    0.5207896E-04   -0.1317551E-03   -0.2764953E-04   -0.2247746E-03    0.5459972E-02    0.5836079E-02    0.1305054E-02   -0.6502167E+02    0.6890472E+00    0.6282479E+01   -0.6528091E+02    0.1765793E+02    0.6435795E+02    0.1240002E+03   -0.1000956E+02   -0.9312006E-01   -0.5758961E+00    0.9016146E+00    0.2267739E+02    0.9359476E-04    0.4855428E-04   -0.9068869E-03    0.3991469E-03   -0.1921602E-02    0.5590531E-02    0.8650233E-03   -0.5063278E-02   -0.3862317E-02    0.1535938E-02    0.1437872E-01    0.9659083E-02    0.5776737E-03   -0.7405442E-02
   -0.4766621E-04    0.2699795E-03   -0.1746609E-04   -0.2050118E-02   -0.4405091E-02   -0.2766367E-02   -0.4886156E-04    0.7275836E-02    0.8758084E-01   -0.2657076E+01    0.1290788E+02   -0.4613786E+01   -0.1159815E+02   -0.1000956E+02    0.6021721E+01    0.1220761E+00   -0.6181179E-01   -0.1967856E+01   -0.1451633E+01   -0.2235755E-03   -0.2276011E-03    0.1270709E-03   -0.4540195E-03   -0.2224040E-03   -0.5465582E-03   -0.2022895E-02   -0.9828879E-03   -0.5592284E-02    0.4642212E-03   -0.2881462E-03   -0.4537593E-02   -0.1361645E-03    0.1331348E-03
   -0.4823862E-05    0.1810580E-04   -0.4753518E-05   -0.1489815E-03   -0.5002088E-03    0.1551786E-03   -0.6844039E-05   -0.2556237E+00   -0.7324131E-02   -0.2055681E+00   -0.1731889E+00   -0.3065733E+00   -0.6879537E+00   -0.9312006E-01    0.1220761E+00    0.3145934E+01    0.7360992E+00    0.2891013E+00    0.5915943E+00   -0.1393504E-03    0.1243316E-03   -0.1188683E-03    0.7835920E-04    0.1411463E-03    0.3985926E-03   -0.3217183E-02    0.1239224E-03    0.1767050E-02    0.6658275E-04   -0.7157524E-03    0.2335655E-02    0.4452685E-03   -0.5299613E-05
   -0.1077218E-04    0.5139678E-04   -0.1029639E-04    0.4325127E-04   -0.1666461E-03   -0.2855752E-03    0.7405251E-04    0.3447904E+00    0.3350257E-02    0.5988967E-01    0.2629031E-01   -0.9754183E+00   -0.4118784E+00   -0.5758961E+00   -0.6181179E-01    0.7360992E+00    0.3041262E+01    0.2312604E+01    0.1284523E+01   -0.1420895E-03    0.4547547E-04    0.1418253E-03   -0.8942045E-04    0.2095486E-03   -0.1187054E-03    0.4218487E-02    0.3880939E-03    0.6532897E-03    0.3023718E-03    0.3021801E-02    0.1690496E-02   -0.4010878E-03   -0.2042581E-03
   -0.2197796E-04    0.6898894E-04   -0.2171485E-04   -0.1262924E-02   -0.2731323E-02   -0.4434248E-03    0.5430785E-04   -0.3109374E+01    0.6121376E-01    0.2423688E+01   -0.1209766E+02    0.3267266E+01    0.3830830E+01    0.9016146E+00   -0.1967856E+01    0.2891013E+00    0.2312604E+01    0.1764863E+02    0.2720887E+02    0.1250109E-03    0.2413369E-03    0.1386310E-03   -0.2471411E-03    0.1060948E-02   -0.1513247E-02    0.7164169E-02    0.3539036E-02   -0.6500196E-02    0.4050611E-03    0.6894135E-02    0.1542375E-01   -0.5736113E-04    0.2459772E-02
    0.6692387E-05   -0.2666622E-04   -0.8428802E-05   -0.9635091E-03   -0.5172103E-03    0.7845651E-03    0.6683229E-03   -0.2528753E+02    0.5575705E-01    0.2003600E+01   -0.1711042E+02    0.3547869E+01    0.5066176E+01    0.2267739E+02   -0.1451633E+01    0.5915943E+00    0.1284523E+01    0.2720887E+02    0.6234082E+02    0.7690956E-03    0.4014880E-03   -0.1313987E-03   -0.3408404E-03    0.7903715E-03    0.2132586E-03    0.5735998E-02    0.2674820E-02   -0.5636721E-02    0.1471129E-02    0.1042690E-01    0.1387238E-01   -0.2851218E-04    0.4377985E-02
    0.6282864E-07   -0.9952403E-06    0.6226302E-07    0.6450679E-05    0.1245138E-04    0.5297524E-05    0.1627554E-05   -0.6116429E-03    0.4261513E-04    0.9370870E-04   -0.3650698E-02   -0.1320648E-02   -0.2393335E-03    0.9359476E-04   -0.2235755E-03   -0.1393504E-03   -0.1420895E-03    0.1250109E-03    0.7690956E-03    0.1243387E-03    0.9890043E-05    0.3251192E-05    0.2023677E-05    0.3247577E-05    0.6272873E-05    0.3407409E-05   -0.2445722E-05   -0.2548855E-05   -0.9065114E-06   -0.1198953E-04   -0.1376971E-04   -0.6562544E-07    0.1066368E-06
    0.2967710E-07   -0.3468341E-06    0.8755765E-08    0.2073441E-05    0.3463032E-05    0.1869941E-05    0.3103992E-06   -0.2761527E-03   -0.1108154E-05    0.1539929E-03   -0.1770009E-02   -0.5841454E-03   -0.7470455E-04    0.4855428E-04   -0.2276011E-03    0.1243316E-03    0.4547547E-04    0.2413369E-03    0.4014880E-03    0.9890043E-05    0.1377742E-04    0.6821111E-06    0.6116112E-05   -0.3784621E-06    0.3344467E-05   -0.2934705E-05   -0.1330336E-05   -0.3210580E-05    0.5156863E-06   -0.2817259E-05   -0.1574134E-04   -0.9712243E-08   -0.6296554E-08
    0.1914847E-07    0.1676785E-06    0.1591202E-08   -0.2220372E-05   -0.4786588E-05    0.2124773E-06   -0.4743473E-06    0.5968451E-04    0.1369418E-05    0.1829557E-03   -0.2850891E-02   -0.1376615E-02   -0.1969599E-03   -0.9068869E-03    0.1270709E-03   -0.1188683E-03    0.1418253E-03    0.1386310E-03   -0.1313987E-03    0.3251192E-05    0.6821111E-06    0.2229348E-03    0.5294702E-06   -0.9192293E-06   -0.1903278E-05    0.2293469E-05   -0.3954931E-05   -0.2681564E-04   -0.2924216E-05    0.1060561E-04   -0.8618442E-07    0.1235281E-07   -0.1179468E-06
    0.3928415E-07   -0.4764281E-06    0.2751891E-07    0.3026384E-05    0.5960932E-05    0.2467480E-05    0.7494667E-06   -0.7350587E-04    0.6157026E-05    0.3642667E-03   -0.3158782E-02   -0.9913630E-03    0.8148737E-03    0.3991469E-03   -0.4540195E-03    0.7835920E-04   -0.8942045E-04   -0.2471411E-03   -0.3408404E-03    0.2023677E-05    0.6116112E-05    0.5294702E-06    0.3030070E-04    0.8742022E-06   -0.1215889E-05    0.4657631E-05    0.1460655E-05    0.7312631E-06   -0.3260931E-05   -0.2028659E-05   -0.1260372E-04   -0.6342494E-08   -0.8426432E-07
    0.1460126E-07    0.1120780E-06   -0.3021861E-07   -0.2564168E-05   -0.5778452E-05   -0.1147696E-06   -0.1011212E-06    0.1446599E-02   -0.5319793E-04    0.8944505E-03   -0.5770170E-02   -0.2652531E-02   -0.9302885E-03   -0.1921602E-02   -0.2224040E-03    0.1411463E-03    0.2095486E-03    0.1060948E-02    0.7903715E-03    0.3247577E-05   -0.3784621E-06   -0.9192293E-06    0.8742022E-06    0.3921217E-03    0.1671366E-04   -0.9440808E-05   -0.9386616E-05   -0.5830575E-04   -0.4603499E-05    0.6964751E-05    0.1005550E-04    0.3284193E-07    0.1687933E-06
    0.1427286E-08   -0.3867796E-06   -0.6171254E-07    0.7876907E-05    0.9596799E-05   -0.7132570E-07   -0.2065431E-05   -0.2320727E-02   -0.1289943E-03   -0.4365681E-03    0.7569950E-02    0.3370000E-02    0.1065086E-02    0.5590531E-02   -0.5465582E-03    0.3985926E-03   -0.1187054E-03   -0.1513247E-02    0.2132586E-03    0.6272873E-05    0.3344467E-05   -0.1903278E-05   -0.1215889E-05    0.1671366E-04    0.3563115E-02   -0.1139100E-04   -0.2573075E-04   -0.4232206E-04   -0.2424378E-04   -0.2400601E-04    0.6587302E-04   -0.8656484E-07    0.1493073E-07
   -0.5369468E-06    0.4582818E-05   -0.4561216E-06   -0.3605191E-04   -0.6174182E-04   -0.7676684E-05    0.1721658E-05    0.5787837E-02   -0.3479593E-04    0.1140720E-02    0.4464931E-01    0.5400932E-02    0.5173929E-02    0.8650233E-03   -0.2022895E-02   -0.3217183E-02    0.4218487E-02    0.7164169E-02    0.5735998E-02    0.3407409E-05   -0.2934705E-05    0.2293469E-05    0.4657631E-05   -0.9440808E-05   -0.1139100E-04    0.5883448E-02    0.1845350E-02    0.1751457E-02   -0.7438200E-03   -0.1538203E-03   -0.2875574E-04    0.2290678E-05    0.1114550E-05
   -0.2127594E-06    0.1481650E-05   -0.2301504E-06   -0.1183629E-04   -0.2191965E-04   -0.2870139E-05    0.8070853E-09    0.5634090E-02   -0.8528834E-04    0.1099065E-02    0.4086845E-02    0.1175892E-02    0.1836455E-03   -0.5063278E-02   -0.9828879E-03    0.1239224E-03    0.3880939E-03    0.3539036E-02    0.2674820E-02   -0.2445722E-05   -0.1330336E-05   -0.3954931E-05    0.1460655E-05   -0.9386616E-05   -0.2573075E-04    0.1845350E-02    0.1227302E-02    0.8410960E-03    0.1847404E-03   -0.1528730E-04   -0.2064514E-03   -0.3350857E-07    0.9183868E-06
   -0.2096270E-06    0.3680715E-06    0.5190231E-06   -0.6023525E-05   -0.2751091E-04    0.7027155E-05   -0.7567471E-05    0.4614243E-02    0.3667066E-04    0.1978527E-02    0.1875080E-02    0.2693645E-02    0.1735443E-01   -0.3862317E-02   -0.5592284E-02    0.1767050E-02    0.6532897E-03   -0.6500196E-02   -0.5636721E-02   -0.2548855E-05   -0.3210580E-05   -0.2681564E-04    0.7312631E-06   -0.5830575E-04   -0.4232206E-04    0.1751457E-02    0.8410960E-03    0.3312955E-01   -0.5135971E-03    0.1329803E-02    0.1062110E-01    0.1116755E-06    0.2167214E-05
   -0.1149454E-06    0.1192531E-06   -0.1471390E-06   -0.8757280E-05   -0.1501261E-04   -0.1268386E-05    0.1084375E-05   -0.8239534E-03   -0.7909373E-04    0.2435456E-03    0.1431474E-02   -0.2002950E-02   -0.2986454E-02    0.1535938E-02    0.4642212E-03    0.6658275E-04    0.3023718E-03    0.4050611E-03    0.1471129E-02   -0.9065114E-06    0.5156863E-06   -0.2924216E-05   -0.3260931E-05   -0.4603499E-05   -0.2424378E-04   -0.7438200E-03    0.1847404E-03   -0.5135971E-03    0.1397700E-02    0.1913189E-03   -0.3207386E-03   -0.2533795E-06   -0.1293288E-06
   -0.5786152E-06    0.2770752E-05   -0.9587486E-06   -0.3171667E-04   -0.6037703E-04   -0.7714484E-05   -0.7673436E-06   -0.6198389E-02    0.5731000E-04    0.1408891E-03   -0.1097452E-01    0.7385018E-02    0.8444311E-02    0.1437872E-01   -0.2881462E-03   -0.7157524E-03    0.3021801E-02    0.6894135E-02    0.1042690E-01   -0.1198953E-04   -0.2817259E-05    0.1060561E-04   -0.2028659E-05    0.6964751E-05   -0.2400601E-04   -0.1538203E-03   -0.1528730E-04    0.1329803E-02    0.1913189E-03    0.5009177E-02    0.3855806E-02   -0.7738258E-06    0.5984673E-06
   -0.1927045E-05    0.1277596E-04   -0.2329664E-05   -0.1379995E-03   -0.2500406E-03   -0.3602412E-04   -0.1390745E-05    0.8645935E-02    0.4941523E-03   -0.1442360E-02    0.5605962E-01    0.4359239E-01    0.3148896E-01    0.9659083E-02   -0.4537593E-02    0.2335655E-02    0.1690496E-02    0.1542375E-01    0.1387238E-01   -0.1376971E-04   -0.1574134E-04   -0.8618442E-07   -0.1260372E-04    0.1005550E-04    0.6587302E-04   -0.2875574E-04   -0.2064514E-03    0.1062110E-01   -0.3207386E-03    0.3855806E-02    0.3566690E-01    0.9075014E-06    0.1272442E-05
    0.4736885E-08   -0.1218550E-07    0.8971838E-10   -0.2148960E-06   -0.2663930E-06   -0.1197297E-06   -0.1615117E-07   -0.1614473E-03    0.7075901E-05    0.2035173E-03    0.4385133E-02    0.1622810E-03    0.7809346E-03    0.5776737E-03   -0.1361645E-03    0.4452685E-03   -0.4010878E-03   -0.5736113E-04   -0.2851218E-04   -0.6562544E-07   -0.9712243E-08    0.1235281E-07   -0.6342494E-08    0.3284193E-07   -0.8656484E-07    0.2290678E-05   -0.3350857E-07    0.1116755E-06   -0.2533795E-06   -0.7738258E-06    0.9075014E-06    0.5312082E-06    0.1200878E-07
   -0.1134463E-07    0.8155121E-07   -0.2949395E-08   -0.9257793E-06   -0.1815361E-05   -0.4928488E-06   -0.4848246E-07    0.4289661E-02   -0.1369798E-04   -0.3439111E-03    0.4270937E-02    0.2313941E-03   -0.2359743E-02   -0.7405442E-02    0.1331348E-03   -0.5299613E-05   -0.2042581E-03    0.2459772E-02    0.4377985E-02    0.1066368E-06   -0.6296554E-08   -0.1179468E-06   -0.8426432E-07    0.1687933E-06    0.1493073E-07    0.1114550E-05    0.9183868E-06    0.2167214E-05   -0.1293288E-06    0.5984673E-06    0.1272442E-05    0.1200878E-07    0.2067347E-05
