# omegabh2 omegach2 theta tau mnu nnu logA ns calPlanck acib217 xi asz143 aps100 aps143 aps143217 aps217 aksz kgal100 kgal143 kgal143217 kgal217 cal0 cal2
    0.1842929E-06    0.7451162E-06   -0.4098593E-08    0.4725347E-05   -0.4655922E-04    0.1102659E-03    0.1200000E-04    0.6470692E-05    0.3687724E-07    0.8648403E-04   -0.4793285E-06   -0.1639902E-04    0.3405797E-03    0.1192122E-04   -0.9749332E-04   -0.1594379E-03    0.4554909E-04    0.2135586E-04    0.1371377E-04    0.2903173E-05   -0.2228357E-04    0.3354563E-08    0.1070302E-07
    0.7451162E-06    0.1651898E-04   -0.1452618E-05    0.1662854E-04   -0.4408228E-05    0.1087634E-02    0.7604807E-04    0.3847074E-04    0.5809028E-07    0.5688229E-02   -0.8160485E-04   -0.1395352E-02    0.2326028E-01    0.1139016E-01    0.2337781E-02   -0.2184411E-02    0.2239821E-02    0.3342958E-03    0.1396622E-03    0.4787821E-03   -0.8000579E-03   -0.4308033E-07    0.6451793E-06
   -0.4098593E-08   -0.1452618E-05    0.3309984E-06   -0.6253869E-06   -0.3670572E-04   -0.7967119E-04   -0.4621386E-05   -0.1808435E-05   -0.2007129E-07   -0.5834610E-03    0.8229774E-05    0.1500552E-03   -0.2501338E-02   -0.1277560E-02   -0.3254737E-03    0.1408669E-03   -0.2274140E-03   -0.2737408E-04   -0.1303597E-04   -0.5792796E-04    0.6652180E-04    0.7638725E-08   -0.6631017E-07
    0.4725347E-05    0.1662854E-04   -0.6253869E-06    0.4719215E-03    0.1218622E-03    0.3215280E-02    0.9890677E-03    0.2052753E-03   -0.9137587E-06   -0.1831446E-02    0.6093370E-04    0.8732156E-03   -0.1229363E-01   -0.1900825E-02    0.3209140E-02    0.4137217E-02   -0.1440623E-02    0.1644905E-03    0.1810017E-03   -0.1077268E-02   -0.2585679E-02   -0.3958043E-08   -0.5250851E-06
   -0.4655922E-04   -0.4408228E-05   -0.3670572E-04    0.1218622E-03    0.5468182E-01   -0.1658389E-01   -0.1157131E-03   -0.1470321E-02    0.5754518E-05    0.1134831E+00   -0.2050053E-02   -0.1739088E-01    0.4338894E+00    0.2424995E+00    0.1019709E+00    0.8608141E-02    0.3714429E-01    0.2622894E-02    0.6207484E-02    0.1309378E-01   -0.1781646E-01   -0.1312063E-05    0.1116125E-04
    0.1102659E-03    0.1087634E-02   -0.7967119E-04    0.3215280E-02   -0.1658389E-01    0.1071400E+00    0.9462437E-02    0.5135108E-02    0.1736982E-04    0.4200013E+00   -0.5577981E-02   -0.9701407E-01    0.1630245E+01    0.7505847E+00    0.1061371E+00   -0.2263427E+00    0.1676474E+00    0.2853742E-01    0.1294754E-01    0.2963957E-01   -0.7990532E-01   -0.1989172E-05    0.4482925E-04
    0.1200000E-04    0.7604807E-04   -0.4621386E-05    0.9890677E-03   -0.1157131E-03    0.9462437E-02    0.2212537E-02    0.5256572E-03    0.1104003E-04    0.1017466E-01   -0.2516582E-04   -0.1706450E-02    0.3715101E-01    0.2591501E-01    0.1501214E-01    0.8749887E-02    0.1814561E-02    0.8910273E-03    0.1404912E-03   -0.1433394E-02   -0.5562695E-02    0.1203859E-06    0.4416480E-06
    0.6470692E-05    0.3847074E-04   -0.1808435E-05    0.2052753E-03   -0.1470321E-02    0.5135108E-02    0.5256572E-03    0.2945076E-03    0.1152876E-05    0.1031733E-01   -0.9212235E-04   -0.2195042E-02    0.3229367E-01    0.1876838E-01    0.4657829E-02   -0.3784031E-02    0.3579274E-02    0.1471160E-02    0.4555282E-03    0.4913476E-03   -0.2751214E-02   -0.2420392E-06    0.1080473E-05
    0.3687724E-07    0.5809028E-07   -0.2007129E-07   -0.9137587E-06    0.5754518E-05    0.1736982E-04    0.1104003E-04    0.1152876E-05    0.6276926E-05    0.8398257E-03    0.1995344E-06    0.1748215E-04    0.2783624E-02    0.4884275E-03    0.4008767E-03    0.1188408E-02    0.6288375E-05   -0.1056475E-04   -0.1445298E-05   -0.1451899E-04    0.6397354E-03   -0.2069877E-07   -0.1582709E-07
    0.8648403E-04    0.5688229E-02   -0.5834610E-03   -0.1831446E-02    0.1134831E+00    0.4200013E+00    0.1017466E-01    0.1031733E-01    0.8398257E-03    0.5252378E+02   -0.5074490E+00   -0.2095071E+01    0.5415101E+02    0.6430775E+01   -0.1947701E+02   -0.6840824E+02    0.1376458E+01    0.3562571E-02    0.4370198E+00   -0.2840775E+01   -0.2609362E+02   -0.1849930E-03    0.4773670E-02
   -0.4793285E-06   -0.8160485E-04    0.8229774E-05    0.6093370E-04   -0.2050053E-02   -0.5577981E-02   -0.2516582E-04   -0.9212235E-04    0.1995344E-06   -0.5074490E+00    0.8160441E-01   -0.6767107E-01   -0.5418002E+00    0.8502832E+00    0.1658375E+01    0.7204341E+00    0.5980448E-01   -0.5283540E-02    0.6970447E-02    0.7590478E-01    0.8894342E-01    0.6487355E-05   -0.2665917E-04
   -0.1639902E-04   -0.1395352E-02    0.1500552E-03    0.8732156E-03   -0.1739088E-01   -0.9701407E-01   -0.1706450E-02   -0.2195042E-02    0.1748215E-04   -0.2095071E+01   -0.6767107E-01    0.3943132E+01   -0.3139536E+02   -0.4877728E+01    0.7574723E+01    0.7013295E+01   -0.3106607E+01   -0.2421443E+00    0.6539627E-01    0.2389595E+01    0.2049511E+01    0.1906560E-03   -0.4504529E-03
    0.3405797E-03    0.2326028E-01   -0.2501338E-02   -0.1229363E-01    0.4338894E+00    0.1630245E+01    0.3715101E-01    0.3229367E-01    0.2783624E-02    0.5415101E+02   -0.5418002E+00   -0.3139536E+02    0.7572376E+03    0.8846283E+02   -0.5319476E+02   -0.7728174E+02    0.1847216E+02    0.3802391E+00    0.2934180E+00   -0.1203679E+02   -0.2163636E+02    0.4763986E-02    0.5614800E-02
    0.1192122E-04    0.1139016E-01   -0.1277560E-02   -0.1900825E-02    0.2424995E+00    0.7505847E+00    0.2591501E-01    0.1876838E-01    0.4884275E-03    0.6430775E+01    0.8502832E+00   -0.4877728E+01    0.8846283E+02    0.6850204E+02    0.4285520E+02    0.1514730E+02   -0.2753373E+01   -0.2841129E-01   -0.8717715E+00    0.4185866E+01    0.2703165E+01    0.2174435E-03    0.7834618E-03
   -0.9749332E-04    0.2337781E-02   -0.3254737E-03    0.3209140E-02    0.1019709E+00    0.1061371E+00    0.1501214E-01    0.4657829E-02    0.4008767E-03   -0.1947701E+02    0.1658375E+01    0.7574723E+01   -0.5319476E+02    0.4285520E+02    0.9076351E+02    0.6562410E+02   -0.1226027E+02   -0.6368935E+00   -0.3705601E+00    0.4498860E+01    0.5246929E+01    0.7874908E-03   -0.2571771E-02
   -0.1594379E-03   -0.2184411E-02    0.1408669E-03    0.4137217E-02    0.8608141E-02   -0.2263427E+00    0.8749887E-02   -0.3784031E-02    0.1188408E-02   -0.6840824E+02    0.7204341E+00    0.7013295E+01   -0.7728174E+02    0.1514730E+02    0.6562410E+02    0.1288152E+03   -0.1145639E+02   -0.3619195E+00   -0.7688827E+00    0.7578073E+00    0.2282594E+02    0.6543372E-03   -0.7955981E-02
    0.4554909E-04    0.2239821E-02   -0.2274140E-03   -0.1440623E-02    0.3714429E-01    0.1676474E+00    0.1814561E-02    0.3579274E-02    0.6288375E-05    0.1376458E+01    0.5980448E-01   -0.3106607E+01    0.1847216E+02   -0.2753373E+01   -0.1226027E+02   -0.1145639E+02    0.6950138E+01    0.2011724E+00   -0.4766822E-01   -0.2016487E+01   -0.1709376E+01   -0.1529011E-03    0.3097793E-03
    0.2135586E-04    0.3342958E-03   -0.2737408E-04    0.1644905E-03    0.2622894E-02    0.2853742E-01    0.8910273E-03    0.1471160E-02   -0.1056475E-04    0.3562571E-02   -0.5283540E-02   -0.2421443E+00    0.3802391E+00   -0.2841129E-01   -0.6368935E+00   -0.3619195E+00    0.2011724E+00    0.3223810E+01    0.7321288E+00    0.3078191E+00    0.4682896E+00    0.4247629E-03    0.1421270E-04
    0.1371377E-04    0.1396622E-03   -0.1303597E-04    0.1810017E-03    0.6207484E-02    0.1294754E-01    0.1404912E-03    0.4555282E-03   -0.1445298E-05    0.4370198E+00    0.6970447E-02    0.6539627E-01    0.2934180E+00   -0.8717715E+00   -0.3705601E+00   -0.7688827E+00   -0.4766822E-01    0.7321288E+00    0.3153076E+01    0.2427642E+01    0.1293270E+01   -0.4109079E-03   -0.2130116E-03
    0.2903173E-05    0.4787821E-03   -0.5792796E-04   -0.1077268E-02    0.1309378E-01    0.2963957E-01   -0.1433394E-02    0.4913476E-03   -0.1451899E-04   -0.2840775E+01    0.7590478E-01    0.2389595E+01   -0.1203679E+02    0.4185866E+01    0.4498860E+01    0.7578073E+00   -0.2016487E+01    0.3078191E+00    0.2427642E+01    0.1790412E+02    0.2733825E+02   -0.8121558E-04    0.2508987E-02
   -0.2228357E-04   -0.8000579E-03    0.6652180E-04   -0.2585679E-02   -0.1781646E-01   -0.7990532E-01   -0.5562695E-02   -0.2751214E-02    0.6397354E-03   -0.2609362E+02    0.8894342E-01    0.2049511E+01   -0.2163636E+02    0.2703165E+01    0.5246929E+01    0.2282594E+02   -0.1709376E+01    0.4682896E+00    0.1293270E+01    0.2733825E+02    0.6286225E+02   -0.4926501E-04    0.4427523E-02
    0.3354563E-08   -0.4308033E-07    0.7638725E-08   -0.3958043E-08   -0.1312063E-05   -0.1989172E-05    0.1203859E-06   -0.2420392E-06   -0.2069877E-07   -0.1849930E-03    0.6487355E-05    0.1906560E-03    0.4763986E-02    0.2174435E-03    0.7874908E-03    0.6543372E-03   -0.1529011E-03    0.4247629E-03   -0.4109079E-03   -0.8121558E-04   -0.4926501E-04    0.5528815E-06    0.2536140E-08
    0.1070302E-07    0.6451793E-06   -0.6631017E-07   -0.5250851E-06    0.1116125E-04    0.4482925E-04    0.4416480E-06    0.1080473E-05   -0.1582709E-07    0.4773670E-02   -0.2665917E-04   -0.4504529E-03    0.5614800E-02    0.7834618E-03   -0.2571771E-02   -0.7955981E-02    0.3097793E-03    0.1421270E-04   -0.2130116E-03    0.2508987E-02    0.4427523E-02    0.2536140E-08    0.2135141E-05
