# omegabh2 omegach2 theta tau logA ns calPlanck acib217 xi asz143 aps100 aps143 aps143217 aps217 aksz kgal100 kgal143 kgal143217 kgal217 galfTE100 galfTE100143 galfTE100217 galfTE143 galfTE143217 galfTE217 cal0 cal2 DES_m1 DES_m2 DES_m3 DES_m4 DES_AIA DES_alphaIA DES_DzS1 DES_DzS2 DES_DzS3 DES_DzS4
  1.9035009E-08  -7.3425865E-08   1.3988268E-08   2.6508254E-07   4.8038483E-07   2.0119545E-07   2.4247527E-08  -5.4732408E-05   1.1906897E-06   1.7337457E-05  -3.3117051E-04  -1.9132106E-04  -7.1366577E-05  -1.6260681E-05  -2.9824654E-05   6.8147806E-07  -7.9009706E-06  -7.0502527E-06   7.1145430E-06  -8.5669836E-08  -1.0595613E-07  -1.4345923E-07  -2.6861022E-07  -5.5750123E-07  -1.6933476E-06   1.6017875E-09  -1.4190667E-10  -3.3967601E-08   2.1215859E-08   3.1884667E-07   1.9582290E-07  -6.7083686E-06   7.5981105E-06  -7.5826969E-08   3.0546647E-08   1.0827487E-07   2.1127557E-07
 -7.3425865E-08   1.2431627E-06  -9.9728263E-08  -2.8527482E-06  -3.1894498E-06  -2.9998874E-06  -2.5669486E-07   9.6815465E-05   1.5867679E-06  -4.8074064E-05   8.5258089E-04   7.6699964E-04   5.0934157E-04   2.5079361E-04   4.7782410E-05  -3.1275457E-05  -1.4187343E-05   5.8759037E-06  -2.7142378E-05  -5.6292998E-09   2.6000232E-07   1.9685888E-07   3.1834260E-07   2.2003165E-06   8.0209176E-06   2.6741055E-09   7.2453072E-09   2.6164623E-07  -2.2455089E-07  -5.0404633E-06  -2.8588159E-06   1.0910961E-04  -6.9458759E-05   7.1478202E-07  -5.8759407E-07  -1.7908595E-06  -3.2264273E-06
  1.3988268E-08  -9.9728263E-08   8.8629300E-08   3.2967796E-07   5.4725811E-07   3.6685140E-07   2.6667946E-08   2.0828688E-05  -1.7619017E-07   7.1302651E-06  -1.6277004E-04  -6.9193680E-05  -4.7949927E-05  -8.2265646E-05  -5.2921985E-06   7.8142746E-06   6.1713660E-06   7.4422457E-06   9.1273825E-06  -3.3866986E-08  -1.3876236E-07  -1.8853024E-07  -2.3598632E-07  -5.6489737E-07  -7.9865473E-07  -5.2607610E-10   2.0587519E-09  -6.1241814E-08   2.9689544E-08   5.0491806E-07   1.5626255E-07  -9.0312056E-06   5.6779491E-06   9.0913501E-09   8.6162423E-08   1.4330359E-07   4.0245000E-07
  2.6508254E-07  -2.8527482E-06   3.2967796E-07   6.0014524E-05   1.1286878E-04   9.4300890E-06  -1.8683312E-07  -1.7871922E-03  -8.7574530E-06   4.4765642E-04  -7.8452567E-03  -4.7862864E-03  -1.9071155E-03   2.0857183E-04  -9.9425846E-04   1.5255625E-06  -2.9658624E-04  -3.7096563E-04   1.2136606E-04  -3.5035030E-06  -1.6744435E-06  -5.2236178E-06   1.0890706E-06  -8.3790507E-06  -4.3652570E-05   3.1622857E-08  -6.9893666E-08  -1.3895101E-06  -1.7221980E-06  -3.8303735E-06  -5.6721391E-06   6.3065860E-05   7.5097580E-05  -5.8822487E-07  -9.6863111E-07  -9.2298218E-07  -2.1253768E-06
  4.8038483E-07  -3.1894498E-06   5.4725811E-07   1.1286878E-04   2.4422297E-04   1.1311278E-05   1.1209745E-05  -3.3372193E-03   2.5685280E-05   8.6888389E-04  -1.3140255E-02  -7.6794147E-03  -3.2007926E-04   6.1467684E-03  -2.6397182E-03  -4.0823829E-04  -1.3172012E-03  -1.6068272E-03   9.6099395E-04  -7.7487020E-06  -5.2925722E-06  -1.2104672E-05   3.6279779E-06  -1.5154786E-05  -6.9568137E-05   1.9824520E-07  -1.6214978E-07  -2.0683239E-06  -4.2318609E-06  -2.0992737E-05  -1.8870470E-05   3.5674036E-04  -1.6937333E-04   9.6628657E-07  -3.6896292E-06  -5.8204497E-06  -1.2442801E-05
  2.0119545E-07  -2.9998874E-06   3.6685140E-07   9.4300890E-06   1.1311278E-05   1.6278373E-05   6.0219141E-07  -3.8154183E-03   7.2552255E-05   9.6348486E-04  -2.3276032E-02  -6.7264397E-03   8.6603577E-04   3.9075960E-03  -2.1211064E-03   3.9913620E-04  -2.7804655E-04  -1.7668736E-04   1.3577252E-03  -1.7212293E-06  -2.2274363E-06  -2.1208817E-06  -1.0153960E-06  -3.4484803E-06  -2.0299408E-05  -1.0844418E-07  -5.2797613E-08  -8.1463926E-07  -5.2399136E-07   1.0582911E-05   5.6960119E-06  -2.3345519E-04   1.9976632E-04  -1.5736788E-06   5.6841691E-07   3.6972015E-06   6.8863956E-06
  2.4247527E-08  -2.5669486E-07   2.6667946E-08  -1.8683312E-07   1.1209745E-05   6.0219141E-07   6.0360832E-06   8.1920656E-04  -5.4955746E-06   3.3339985E-05   2.6083225E-03   7.1233713E-05   2.4706692E-04   1.0321140E-03  -7.6836546E-06   5.4806876E-06  -5.9714364E-05  -1.8382085E-04   4.2800746E-04   1.8986104E-07  -8.0600744E-07  -6.4482530E-07   9.6929672E-07  -1.6173083E-06   8.2954916E-07  -7.7247665E-09  -1.4879229E-08   6.1163016E-08  -5.8864134E-08  -6.9502797E-07  -4.4266658E-07  -1.8823594E-05  -7.8839177E-05   2.8135561E-07  -2.4118684E-07   2.1533816E-07  -9.9395859E-08
 -5.4732408E-05   9.6815465E-05   2.0828688E-05  -1.7871922E-03  -3.3372193E-03  -3.8154183E-03   8.1920656E-04   4.4569166E+01  -3.6400259E-01  -9.6266813E-01   3.6665318E+01   1.9289538E+00  -1.2983721E+01  -5.4944084E+01  -1.7451878E-01   2.7973533E-01   6.0460261E-01  -6.1575945E+00  -3.4022286E+01   3.0530635E-03   4.9426134E-03   3.5071486E-03   3.9875164E-03  -4.4910246E-04   7.1467746E-03  -2.1209000E-04   6.7931787E-04   1.6602926E-04  -1.6296300E-04  -1.1730145E-04  -6.7040118E-04   5.2630149E-03   2.9400794E-02  -1.5098597E-04  -2.9149001E-04   5.6390405E-04   1.2207960E-03
  1.1906897E-06   1.5867679E-06  -1.7619017E-07  -8.7574530E-06   2.5685280E-05   7.2552255E-05  -5.4955746E-06  -3.6400259E-01   8.2123124E-02  -3.5028124E-02  -6.0204713E-01   9.1756445E-01   1.7281122E+00   6.1294764E-01   4.1928871E-02  -7.4104816E-03   3.7273953E-03   1.0682069E-01   1.2208849E-01   7.3473608E-05  -6.2126114E-05   1.5998902E-04   4.9441536E-05   8.1410822E-05   1.5344479E-04   4.8967371E-06  -1.3889464E-06   8.5933845E-05   3.1703146E-05  -5.5026598E-05  -2.7555146E-05  -1.1551062E-03   7.0588884E-04  -2.1993810E-06  -1.9795242E-05   1.1927630E-05  -1.3234649E-05
  1.7337457E-05  -4.8074064E-05   7.1302651E-06   4.4765642E-04   8.6888389E-04   9.6348486E-04   3.3339985E-05  -9.6266813E-01  -3.5028124E-02   3.8611183E+00  -3.1114332E+01  -3.2034122E+00   7.8049737E+00   5.6351856E+00  -2.7672995E+00  -1.9333577E-01   1.7670025E-01   2.7041513E+00   3.3996201E+00  -1.5712249E-03  -6.4542267E-04   2.1316504E-03  -1.8470417E-03   3.2082096E-03   9.9431475E-03   1.1034242E-04  -4.0459437E-05  -1.7776846E-04  -5.4646325E-04  -9.1495366E-05  -3.0385046E-04  -5.8594108E-03   2.3064029E-02  -5.3879690E-04  -1.2914414E-04   2.5205442E-04  -2.0738450E-04
 -3.3117051E-04   8.5258089E-04  -1.6277004E-04  -7.8452567E-03  -1.3140255E-02  -2.3276032E-02   2.6083225E-03   3.6665318E+01  -6.0204713E-01  -3.1114332E+01   7.9593857E+02   7.0559210E+01  -5.5260446E+01  -6.2261866E+01   1.4217183E+01  -6.2675709E+00   5.5592762E+00  -1.3909235E+01  -2.6785245E+01   2.2512276E-02   7.7422294E-03   5.8514323E-04   2.6235622E-02  -2.5459601E-02  -5.4774018E-02   3.7641215E-03   4.9969235E-04   1.2024376E-04   1.0464879E-02  -2.8387582E-03  -6.3922512E-03   1.9931827E-01   3.4960009E-02   6.7761749E-03   1.3502250E-03  -1.0992859E-03   3.1873818E-03
 -1.9132106E-04   7.6699964E-04  -6.9193680E-05  -4.7862864E-03  -7.6794147E-03  -6.7264397E-03   7.1233713E-05   1.9289538E+00   9.1756445E-01  -3.2034122E+00   7.0559210E+01   6.1251070E+01   4.0407507E+01   1.4964325E+01  -5.0668607E+00  -4.9539329E-01  -1.2622448E+00   3.4065674E+00   3.8465273E+00   4.8175669E-03   8.7307339E-04   2.5609548E-03   2.4569149E-03   5.3116700E-03   4.3106145E-02   6.2341949E-05   8.1305271E-05   1.5624576E-03   1.6432556E-03  -3.5367206E-03  -1.4160459E-03   5.7169813E-02  -3.5406650E-02   2.2281899E-03   2.2666717E-04  -4.7728552E-05  -2.6911187E-04
 -7.1366577E-05   5.0934157E-04  -4.7949927E-05  -1.9071155E-03  -3.2007926E-04   8.6603577E-04   2.4706692E-04  -1.2983721E+01   1.7281122E+00   7.8049737E+00  -5.5260446E+01   4.0407507E+01   8.6614020E+01   5.3637993E+01  -1.1995182E+01  -9.0095159E-01  -6.2022670E-01   5.1433933E+00   8.2903683E+00  -2.4728028E-03  -2.3522281E-03   8.5755292E-03   6.9159982E-04   1.8201790E-02   3.8494084E-02   4.5393611E-04  -3.8435341E-04   1.9706937E-03   2.7731639E-04  -4.8955657E-03  -2.6340663E-03   9.0698002E-03   3.6452948E-02   2.7885329E-04  -1.0644841E-03   6.9938474E-04  -1.5281391E-03
 -1.6260681E-05   2.5079361E-04  -8.2265646E-05   2.0857183E-04   6.1467684E-03   3.9075960E-03   1.0321140E-03  -5.4944084E+01   6.1294764E-01   5.6351856E+00  -6.2261866E+01   1.4964325E+01   5.3637993E+01   1.0393422E+02  -9.3917197E+00  -8.3622449E-01  -1.1370577E+00   6.1384676E+00   3.4502170E+01  -6.5766842E-03  -8.3296266E-03   1.5767119E-03  -2.2438606E-03   1.2891969E-02   1.5144668E-02   4.7685571E-04  -1.3020293E-03   1.1759657E-03   4.4895655E-04  -3.1822497E-03  -3.8518264E-04   1.8525463E-02  -1.2555296E-01   1.0597508E-03  -3.7023589E-04  -4.7036361E-04  -2.1028728E-03
 -2.9824654E-05   4.7782410E-05  -5.2921985E-06  -9.9425846E-04  -2.6397182E-03  -2.1211064E-03  -7.6836546E-06  -1.7451878E-01   4.1928871E-02  -2.7672995E+00   1.4217183E+01  -5.0668607E+00  -1.1995182E+01  -9.3917197E+00   5.9002561E+00   1.2721634E-01  -2.2182148E-01  -2.2056782E+00  -2.4724760E+00   1.7856929E-03   1.3999776E-03  -1.1785282E-03   1.3639459E-03  -2.4661876E-03  -9.1955590E-03  -6.7047444E-05   6.1725684E-06   4.8388398E-04   9.3645250E-04   7.2186839E-04   3.5169341E-04  -5.0598787E-03  -5.7773761E-02   2.0474984E-04   1.5182881E-04  -2.7849473E-04   3.7797330E-04
  6.8147806E-07  -3.1275457E-05   7.8142746E-06   1.5255625E-06  -4.0823829E-04   3.9913620E-04   5.4806876E-06   2.7973533E-01  -7.4104816E-03  -1.9333577E-01  -6.2675709E+00  -4.9539329E-01  -9.0095159E-01  -8.3622449E-01   1.2721634E-01   3.2823397E+00   5.1696096E-01   1.3879420E-01   1.5895512E-02  -9.2091608E-04   7.1843890E-05  -9.4150093E-04   3.7182251E-04  -3.2892884E-03  -2.8824419E-03   1.6978836E-04  -5.9989846E-06   4.1233643E-04   6.3862133E-04  -3.9554061E-06   1.3924817E-04  -6.2319170E-03  -8.3109612E-03  -1.2996312E-04  -1.3586476E-04   2.2293748E-04  -1.7019217E-04
 -7.9009706E-06  -1.4187343E-05   6.1713660E-06  -2.9658624E-04  -1.3172012E-03  -2.7804655E-04  -5.9714364E-05   6.0460261E-01   3.7273953E-03   1.7670025E-01   5.5592762E+00  -1.2622448E+00  -6.2022670E-01  -1.1370577E+00  -2.2182148E-01   5.1696096E-01   3.1292098E+00   2.6441414E+00   2.5482308E+00  -8.0263826E-05  -1.8225427E-04   8.6845896E-04   3.1223015E-04  -1.3746483E-03  -3.0442499E-03  -1.7650827E-04  -4.2940100E-05  -4.1056061E-04   4.1180289E-05   2.9885884E-04  -8.4133879E-05  -8.9436398E-03  -4.5556297E-03   7.8174210E-05   7.1679379E-05   1.2845537E-04   3.4831119E-04
 -7.0502527E-06   5.8759037E-06   7.4422457E-06  -3.7096563E-04  -1.6068272E-03  -1.7668736E-04  -1.8382085E-04  -6.1575945E+00   1.0682069E-01   2.7041513E+00  -1.3909235E+01   3.4065674E+00   5.1433933E+00   6.1384676E+00  -2.2056782E+00   1.3879420E-01   2.6441414E+00   1.0840519E+01   1.9419675E+01  -1.6066682E-04  -6.5979667E-04   2.7206529E-03  -2.2082118E-03  -1.2137781E-04   2.0824631E-02  -3.8711359E-05   4.0539410E-04  -7.6593241E-04  -4.1669000E-04   4.1478186E-04  -4.3968357E-04  -1.2118616E-02  -1.1633431E-02  -9.9458688E-05   4.6089061E-04   1.4199587E-04   1.1920138E-04
  7.1145430E-06  -2.7142378E-05   9.1273825E-06   1.2136606E-04   9.6099395E-04   1.3577252E-03   4.2800746E-04  -3.4022286E+01   1.2208849E-01   3.3996201E+00  -2.6785245E+01   3.8465273E+00   8.2903683E+00   3.4502170E+01  -2.4724760E+00   1.5895512E-02   2.5482308E+00   1.9419675E+01   5.4172601E+01  -1.4757765E-03  -2.9628850E-03  -2.4142770E-03  -4.8358436E-03  -9.0607108E-04   2.3313918E-02   4.3029601E-05   9.1961018E-04  -2.0527976E-03  -7.3069001E-04   4.2620758E-04  -5.3891604E-04  -1.3114502E-02   6.0593288E-04   1.8058768E-05   1.2053147E-03  -1.8588858E-04  -6.3663845E-04
 -8.5669836E-08  -5.6292998E-09  -3.3866986E-08  -3.5035030E-06  -7.7487020E-06  -1.7212293E-06   1.8986104E-07   3.0530635E-03   7.3473608E-05  -1.5712249E-03   2.2512276E-02   4.8175669E-03  -2.4728028E-03  -6.5766842E-03   1.7856929E-03  -9.2091608E-04  -8.0263826E-05  -1.6066682E-04  -1.4757765E-03   1.4462059E-03   2.9117327E-04   1.0348188E-04  -3.6542461E-04  -9.9220395E-05  -1.0151600E-04   6.0744870E-08   3.5234342E-07  -2.4987123E-06   4.4854174E-06   1.1456439E-05   5.8675874E-06  -2.0125940E-04  -4.0476137E-04  -5.4081972E-07  -1.0455961E-06   2.3758440E-06  -5.5505922E-06
 -1.0595613E-07   2.6000232E-07  -1.3876236E-07  -1.6744435E-06  -5.2925722E-06  -2.2274363E-06  -8.0600744E-07   4.9426134E-03  -6.2126114E-05  -6.4542267E-04   7.7422294E-03   8.7307339E-04  -2.3522281E-03  -8.3296266E-03   1.3999776E-03   7.1843890E-05  -1.8225427E-04  -6.5979667E-04  -2.9628850E-03   2.9117327E-04   8.8202680E-04   8.0581542E-06   7.4924565E-04   4.2613254E-05  -6.6634214E-04  -1.5472563E-07   2.6198175E-07   6.1447342E-07  -2.3756399E-06   5.6047395E-07  -1.6890509E-07   1.2925768E-04   4.0636775E-04  -1.3666649E-06   2.0118412E-06  -2.1083596E-06   3.0872906E-06
 -1.4345923E-07   1.9685888E-07  -1.8853024E-07  -5.2236178E-06  -1.2104672E-05  -2.1208817E-06  -6.4482530E-07   3.5071486E-03   1.5998902E-04   2.1316504E-03   5.8514323E-04   2.5609548E-03   8.5755292E-03   1.5767119E-03  -1.1785282E-03  -9.4150093E-04   8.6845896E-04   2.7206529E-03  -2.4142770E-03   1.0348188E-04   8.0581542E-06   7.1130607E-03  -3.5031224E-04   6.4625217E-04   4.4237153E-03   1.9521417E-07  -6.5568197E-07   1.3070843E-05   7.0260467E-06   6.6977123E-06  -1.7651505E-07  -1.4671875E-04  -6.9775999E-04   1.0462121E-05  -6.7233253E-06   6.8633553E-06   3.4759122E-07
 -2.6861022E-07   3.1834260E-07  -2.3598632E-07   1.0890706E-06   3.6279779E-06  -1.0153960E-06   9.6929672E-07   3.9875164E-03   4.9441536E-05  -1.8470417E-03   2.6235622E-02   2.4569149E-03   6.9159982E-04  -2.2438606E-03   1.3639459E-03   3.7182251E-04   3.1223015E-04  -2.2082118E-03  -4.8358436E-03  -3.6542461E-04   7.4924565E-04  -3.5031224E-04   2.9335903E-03   5.1051595E-04  -9.4106202E-04  -2.4030190E-07   1.5183933E-07  -1.4810958E-06  -9.4892645E-06   6.6097071E-06   4.8299616E-06   2.3009151E-04   2.6537569E-04   7.7669068E-06   3.5896461E-06  -8.7774343E-06  -3.5160232E-06
 -5.5750123E-07   2.2003165E-06  -5.6489737E-07  -8.3790507E-06  -1.5154786E-05  -3.4484803E-06  -1.6173083E-06  -4.4910246E-04   8.1410822E-05   3.2082096E-03  -2.5459601E-02   5.3116700E-03   1.8201790E-02   1.2891969E-02  -2.4661876E-03  -3.2892884E-03  -1.3746483E-03  -1.2137781E-04  -9.0607108E-04  -9.9220395E-05   4.2613254E-05   6.4625217E-04   5.1051595E-04   6.4845386E-03   7.9424959E-03   4.5825529E-07   6.4821796E-07  -2.6689501E-05  -2.2195201E-06  -6.2213126E-06   3.0996247E-06   5.1887197E-05   5.8895436E-04  -6.8299456E-06  -5.5586033E-06  -8.7871905E-06  -1.8651872E-05
 -1.6933476E-06   8.0209176E-06  -7.9865473E-07  -4.3652570E-05  -6.9568137E-05  -2.0299408E-05   8.2954916E-07   7.1467746E-03   1.5344479E-04   9.9431475E-03  -5.4774018E-02   4.3106145E-02   3.8494084E-02   1.5144668E-02  -9.1955590E-03  -2.8824419E-03  -3.0442499E-03   2.0824631E-02   2.3313918E-02  -1.0151600E-04  -6.6634214E-04   4.4237153E-03  -9.4106202E-04   7.9424959E-03   7.1538742E-02   1.6747741E-06   9.0806875E-07  -1.1488919E-05   1.9004483E-05  -2.9297412E-05   7.6527287E-06  -1.2121846E-03  -2.1382730E-03   7.1520938E-06  -4.1899718E-05  -2.3267950E-06  -6.1862892E-05
  1.6017875E-09   2.6741055E-09  -5.2607610E-10   3.1622857E-08   1.9824520E-07  -1.0844418E-07  -7.7247665E-09  -2.1209000E-04   4.8967371E-06   1.1034242E-04   3.7641215E-03   6.2341949E-05   4.5393611E-04   4.7685571E-04  -6.7047444E-05   1.6978836E-04  -1.7650827E-04  -3.8711359E-05   4.3029601E-05   6.0744870E-08  -1.5472563E-07   1.9521417E-07  -2.4030190E-07   4.5825529E-07   1.6747741E-06   3.7891120E-07  -2.3239475E-09   1.3049851E-07   1.0759982E-07  -6.5333374E-08  -9.2564185E-08   4.5299643E-07   7.5202668E-06   6.6090789E-08  -4.2691032E-08   3.8215176E-08   4.6711934E-08
 -1.4190667E-10   7.2453072E-09   2.0587519E-09  -6.9893666E-08  -1.6214978E-07  -5.2797613E-08  -1.4879229E-08   6.7931787E-04  -1.3889464E-06  -4.0459437E-05   4.9969235E-04   8.1305271E-05  -3.8435341E-04  -1.3020293E-03   6.1725684E-06  -5.9989846E-06  -4.2940100E-05   4.0539410E-04   9.1961018E-04   3.5234342E-07   2.6198175E-07  -6.5568197E-07   1.5183933E-07   6.4821796E-07   9.0806875E-07  -2.3239475E-09   3.7962126E-07  -5.3271737E-08   1.6961940E-07  -5.7301547E-08  -1.1665686E-08   9.6430369E-07   6.3862956E-06   4.5158415E-08   9.4534171E-08   3.5885328E-08   1.3869244E-07
 -3.3967601E-08   2.6164623E-07  -6.1241814E-08  -1.3895101E-06  -2.0683239E-06  -8.1463926E-07   6.1163016E-08   1.6602926E-04   8.5933845E-05  -1.7776846E-04   1.2024376E-04   1.5624576E-03   1.9706937E-03   1.1759657E-03   4.8388398E-04   4.1233643E-04  -4.1056061E-04  -7.6593241E-04  -2.0527976E-03  -2.4987123E-06   6.1447342E-07   1.3070843E-05  -1.4810958E-06  -2.6689501E-05  -1.1488919E-05   1.3049851E-07  -5.3271737E-08   5.1441468E-04   6.2336372E-06   8.2322821E-06   9.5471220E-06   3.1667495E-04  -2.3076959E-03  -2.7676781E-05   6.2519822E-06   4.2035198E-08   3.0313708E-06
  2.1215859E-08  -2.2455089E-07   2.9689544E-08  -1.7221980E-06  -4.2318609E-06  -5.2399136E-07  -5.8864134E-08  -1.6296300E-04   3.1703146E-05  -5.4646325E-04   1.0464879E-02   1.6432556E-03   2.7731639E-04   4.4895655E-04   9.3645250E-04   6.3862133E-04   4.1180289E-05  -4.1669000E-04  -7.3069001E-04   4.4854174E-06  -2.3756399E-06   7.0260467E-06  -9.4892645E-06  -2.2195201E-06   1.9004483E-05   1.0759982E-07   1.6961940E-07   6.2336372E-06   4.9941822E-04   4.8171875E-06   7.0929403E-06   6.8990039E-04  -1.6151711E-03   2.2697975E-05  -3.2337034E-05   4.5725886E-06   4.5534743E-06
  3.1884667E-07  -5.0404633E-06   5.0491806E-07  -3.8303735E-06  -2.0992737E-05   1.0582911E-05  -6.9502797E-07  -1.1730145E-04  -5.5026598E-05  -9.1495366E-05  -2.8387582E-03  -3.5367206E-03  -4.8955657E-03  -3.1822497E-03   7.2186839E-04  -3.9554061E-06   2.9885884E-04   4.1478186E-04   4.2620758E-04   1.1456439E-05   5.6047395E-07   6.6977123E-06   6.6097071E-06  -6.2213126E-06  -2.9297412E-05  -6.5333374E-08  -5.7301547E-08   8.2322821E-06   4.8171875E-06   4.0683183E-04   2.9123314E-05  -2.1035535E-04  -3.8832749E-04   1.2174445E-05   1.1288420E-05  -4.1243852E-05   2.4093736E-05
  1.9582290E-07  -2.8588159E-06   1.5626255E-07  -5.6721391E-06  -1.8870470E-05   5.6960119E-06  -4.4266658E-07  -6.7040118E-04  -2.7555146E-05  -3.0385046E-04  -6.3922512E-03  -1.4160459E-03  -2.6340663E-03  -3.8518264E-04   3.5169341E-04   1.3924817E-04  -8.4133879E-05  -4.3968357E-04  -5.3891604E-04   5.8675874E-06  -1.6890509E-07  -1.7651505E-07   4.8299616E-06   3.0996247E-06   7.6527287E-06  -9.2564185E-08  -1.1665686E-08   9.5471220E-06   7.0929403E-06   2.9123314E-05   4.4120789E-04   6.3478409E-04   2.3886529E-03   6.2301294E-06   9.8077346E-06   1.6710876E-06  -8.4026674E-05
 -6.7083686E-06   1.0910961E-04  -9.0312056E-06   6.3065860E-05   3.5674036E-04  -2.3345519E-04  -1.8823594E-05   5.2630149E-03  -1.1551062E-03  -5.8594108E-03   1.9931827E-01   5.7169813E-02   9.0698002E-03   1.8525463E-02  -5.0598787E-03  -6.2319170E-03  -8.9436398E-03  -1.2118616E-02  -1.3114502E-02  -2.0125940E-04   1.2925768E-04  -1.4671875E-04   2.3009151E-04   5.1887197E-05  -1.2121846E-03   4.5299643E-07   9.6430369E-07   3.1667495E-04   6.8990039E-04  -2.1035535E-04   6.3478409E-04   2.5271397E-01   5.5385425E-01   1.2904396E-03   9.6272881E-04  -1.3671995E-04  -9.5313854E-04
  7.5981105E-06  -6.9458759E-05   5.6779491E-06   7.5097580E-05  -1.6937333E-04   1.9976632E-04  -7.8839177E-05   2.9400794E-02   7.0588884E-04   2.3064029E-02   3.4960009E-02  -3.5406650E-02   3.6452948E-02  -1.2555296E-01  -5.7773761E-02  -8.3109612E-03  -4.5556297E-03  -1.1633431E-02   6.0593288E-04  -4.0476137E-04   4.0636775E-04  -6.9775999E-04   2.6537569E-04   5.8895436E-04  -2.1382730E-03   7.5202668E-06   6.3862956E-06  -2.3076959E-03  -1.6151711E-03  -3.8832749E-04   2.3886529E-03   5.5385425E-01   4.1380176E+00  -6.5709763E-03  -4.6038885E-04   5.4452644E-04  -1.3375211E-03
 -7.5826969E-08   7.1478202E-07   9.0913501E-09  -5.8822487E-07   9.6628657E-07  -1.5736788E-06   2.8135561E-07  -1.5098597E-04  -2.1993810E-06  -5.3879690E-04   6.7761749E-03   2.2281899E-03   2.7885329E-04   1.0597508E-03   2.0474984E-04  -1.2996312E-04   7.8174210E-05  -9.9458688E-05   1.8058768E-05  -5.4081972E-07  -1.3666649E-06   1.0462121E-05   7.7669068E-06  -6.8299456E-06   7.1520938E-06   6.6090789E-08   4.5158415E-08  -2.7676781E-05   2.2697975E-05   1.2174445E-05   6.2301294E-06   1.2904396E-03  -6.5709763E-03   2.1233674E-04   2.4935326E-05   2.4393906E-06   2.5057971E-06
  3.0546647E-08  -5.8759407E-07   8.6162423E-08  -9.6863111E-07  -3.6896292E-06   5.6841691E-07  -2.4118684E-07  -2.9149001E-04  -1.9795242E-05  -1.2914414E-04   1.3502250E-03   2.2666717E-04  -1.0644841E-03  -3.7023589E-04   1.5182881E-04  -1.3586476E-04   7.1679379E-05   4.6089061E-04   1.2053147E-03  -1.0455961E-06   2.0118412E-06  -6.7233253E-06   3.5896461E-06  -5.5586033E-06  -4.1899718E-05  -4.2691032E-08   9.4534171E-08   6.2519822E-06  -3.2337034E-05   1.1288420E-05   9.8077346E-06   9.6272881E-04  -4.6038885E-04   2.4935326E-05   1.3456801E-04   6.3407319E-06   4.5433036E-06
  1.0827487E-07  -1.7908595E-06   1.4330359E-07  -9.2298218E-07  -5.8204497E-06   3.6972015E-06   2.1533816E-07   5.6390405E-04   1.1927630E-05   2.5205442E-04  -1.0992859E-03  -4.7728552E-05   6.9938474E-04  -4.7036361E-04  -2.7849473E-04   2.2293748E-04   1.2845537E-04   1.4199587E-04  -1.8588858E-04   2.3758440E-06  -2.1083596E-06   6.8633553E-06  -8.7774343E-06  -8.7871905E-06  -2.3267950E-06   3.8215176E-08   3.5885328E-08   4.2035198E-08   4.5725886E-06  -4.1243852E-05   1.6710876E-06  -1.3671995E-04   5.4452644E-04   2.4393906E-06   6.3407319E-06   1.0610342E-04   1.0657255E-05
  2.1127557E-07  -3.2264273E-06   4.0245000E-07  -2.1253768E-06  -1.2442801E-05   6.8863956E-06  -9.9395859E-08   1.2207960E-03  -1.3234649E-05  -2.0738450E-04   3.1873818E-03  -2.6911187E-04  -1.5281391E-03  -2.1028728E-03   3.7797330E-04  -1.7019217E-04   3.4831119E-04   1.1920138E-04  -6.3663845E-04  -5.5505922E-06   3.0872906E-06   3.4759122E-07  -3.5160232E-06  -1.8651872E-05  -6.1862892E-05   4.6711934E-08   1.3869244E-07   3.0313708E-06   4.5534743E-06   2.4093736E-05  -8.4026674E-05  -9.5313854E-04  -1.3375211E-03   2.5057971E-06   4.5433036E-06   1.0657255E-05   4.0355500E-04
