# omegabh2 omegach2 theta tau meffsterile nnu logA ns calPlanck aps100 aps143 aps217 acib217 asz143 psr xi aksz dust100 dust143 dust217 dust143x217 cal0 cal2 calTE calEE bm_1_1
    0.3072629E-07   -0.3359313E-07    0.4395365E-08    0.1418314E-05    0.1144061E-04    0.8402283E-05    0.2860428E-05    0.4992298E-06    0.1960640E-08   -0.3335948E-03   -0.1846426E-03    0.6851277E-04   -0.1009655E-03    0.1502939E-04    0.2449388E-06    0.1878815E-05   -0.6552146E-05   -0.3117454E-06   -0.6465785E-06    0.8425245E-06    0.3151048E-06   -0.2164548E-09   -0.3571224E-08   -0.1361723E-06   -0.1566483E-06   -0.5954281E-05
   -0.3359313E-07    0.8745112E-05   -0.6388938E-06   -0.5294298E-05   -0.2502753E-03    0.2589412E-03    0.3333671E-05    0.7819395E-05   -0.5042698E-07    0.1116869E-01    0.4175307E-02   -0.2369904E-02    0.2240492E-02   -0.5079142E-03   -0.1664840E-04   -0.1509224E-04    0.1059939E-02    0.4742121E-04   -0.2907031E-04   -0.1771018E-04   -0.3978377E-05    0.2643264E-06    0.1727316E-06    0.2947529E-05    0.3417361E-05    0.6787609E-04
    0.4395365E-08   -0.6388938E-06    0.1450832E-06    0.7201846E-06   -0.7831321E-05   -0.2540198E-04    0.2795664E-06   -0.1857745E-06    0.9184881E-08   -0.1190516E-02   -0.4295891E-03    0.1109692E-03   -0.2282002E-03    0.2751703E-04    0.9617042E-06    0.6290495E-05   -0.9149774E-04   -0.3138899E-05    0.3136879E-05    0.2257695E-05    0.1663558E-05   -0.3152541E-07   -0.1434067E-07   -0.2905157E-06   -0.1792084E-06   -0.4093922E-05
    0.1418314E-05   -0.5294298E-05    0.7201846E-06    0.3252487E-03    0.5167881E-03    0.3240321E-03    0.6276227E-03    0.4194609E-04   -0.4112893E-05   -0.6202710E-01   -0.2379831E-01    0.1484322E-01   -0.1510485E-01    0.1822705E-02    0.2334081E-04    0.1813359E-03   -0.2888109E-02   -0.4786051E-04   -0.1205531E-05    0.1127143E-03   -0.4095588E-04   -0.2279181E-06   -0.6044784E-06   -0.2301337E-04   -0.8168248E-05   -0.5152029E-03
    0.1144061E-04   -0.2502753E-03   -0.7831321E-05    0.5167881E-03    0.9905007E-01    0.1394286E-01    0.1199668E-02   -0.1043794E-02   -0.6771666E-04    0.5693239E+00    0.4522244E+00    0.1928887E+00    0.6740094E-01   -0.1970136E-01    0.8455906E-03   -0.3859571E-02    0.3805516E-01    0.4044265E-02    0.5097919E-03    0.7908216E-03    0.3514570E-02   -0.2336603E-05    0.2582159E-04   -0.5442214E-04   -0.1139184E-03   -0.2870821E-02
    0.8402283E-05    0.2589412E-03   -0.2540198E-04    0.3240321E-03    0.1394286E-01    0.1757699E-01    0.1202312E-02    0.4056340E-03   -0.3799717E-05    0.6270854E+00    0.2713329E+00   -0.6308394E-01    0.1035723E+00   -0.3356621E-01   -0.7662776E-03   -0.7507277E-03    0.6476512E-01    0.2235696E-02   -0.1226686E-02   -0.5113539E-03    0.2153688E-03    0.8606301E-05    0.1546761E-04    0.1216072E-03    0.1866237E-03   -0.9223900E-03
    0.2860428E-05    0.3333671E-05    0.2795664E-06    0.6276227E-03    0.1199668E-02    0.1202312E-02    0.1268138E-02    0.8821033E-04    0.4550454E-05   -0.9631913E-01   -0.3477161E-01    0.3490993E-01   -0.2643177E-01    0.2802308E-02    0.6673506E-04    0.3645663E-03   -0.4906655E-02   -0.1302605E-04   -0.8440626E-04    0.2535476E-03   -0.5195478E-04    0.4772055E-06   -0.6882358E-06   -0.4076647E-04   -0.8173291E-05   -0.1019913E-02
    0.4992298E-06    0.7819395E-05   -0.1857745E-06    0.4194609E-04   -0.1043794E-02    0.4056340E-03    0.8821033E-04    0.5289114E-04    0.1468841E-05   -0.1140464E-01   -0.6918574E-02    0.3574016E-02   -0.4209647E-02   -0.2760624E-03   -0.2243249E-04    0.1199205E-03   -0.3988240E-03   -0.1590789E-04   -0.4885598E-04    0.1640363E-04   -0.8978997E-04   -0.6524246E-07   -0.2416020E-06    0.2595822E-05    0.6561956E-05   -0.8680756E-04
    0.1960640E-08   -0.5042698E-07    0.9184881E-08   -0.4112893E-05   -0.6771666E-04   -0.3799717E-05    0.4550454E-05    0.1468841E-05    0.6606372E-05    0.1376821E-02    0.1944955E-03    0.1563568E-02    0.5411662E-03    0.4639643E-04    0.3183044E-05   -0.9473686E-05   -0.1727095E-03   -0.1459944E-04    0.4510908E-05    0.1604237E-04    0.2757990E-05    0.1016349E-08    0.5614638E-07   -0.9909099E-07    0.5292671E-06   -0.4627828E-04
   -0.3335948E-03    0.1116869E-01   -0.1190516E-02   -0.6202710E-01    0.5693239E+00    0.6270854E+00   -0.9631913E-01   -0.1140464E-01    0.1376821E-02    0.5130640E+03    0.6828297E+02   -0.5848360E+02    0.3365273E+02   -0.2085309E+02   -0.7129013E+00   -0.6742576E-01    0.9073925E+01    0.2960532E-02   -0.9615550E-01    0.2461262E-01   -0.1717741E+00    0.6507989E-02    0.9018861E-02    0.1374951E-01    0.1445475E-01    0.1290484E+01
   -0.1846426E-03    0.4175307E-02   -0.4295891E-03   -0.2379831E-01    0.4522244E+00    0.2713329E+00   -0.3477161E-01   -0.6918574E-02    0.1944955E-03    0.6828297E+02    0.5822156E+02    0.9170445E+01    0.6696302E+01   -0.2486618E+01    0.1784062E+00    0.6650112E+00   -0.5070942E+01    0.4738372E-01   -0.1581149E+00   -0.6744348E-01    0.1341804E+00    0.5274739E-03   -0.7494924E-03    0.4853736E-02    0.7513546E-02   -0.7628118E-01
    0.6851277E-04   -0.2369904E-02    0.1109692E-03    0.1484322E-01    0.1928887E+00   -0.6308394E-01    0.3490993E-01    0.3574016E-02    0.1563568E-02   -0.5848360E+02    0.9170445E+01    0.1693075E+03   -0.7832709E+02    0.4289543E+01    0.4391114E+00    0.5020867E+00   -0.7915944E+01   -0.2118359E-01   -0.1127327E-01    0.5991839E+00   -0.1516035E+00    0.1655239E-02   -0.1158413E-01   -0.1120924E-02   -0.1549067E-02    0.3362701E+00
   -0.1009655E-03    0.2240492E-02   -0.2282002E-03   -0.1510485E-01    0.6740094E-01    0.1035723E+00   -0.2643177E-01   -0.4209647E-02    0.5411662E-03    0.3365273E+02    0.6696302E+01   -0.7832709E+02    0.4636544E+02    0.1790225E+00   -0.9060482E-01   -0.4278269E+00   -0.1352664E+01    0.2715327E-01    0.2308063E-01   -0.4608830E+00    0.1932984E-01   -0.5747704E-03    0.5164077E-02    0.1853253E-02    0.2897647E-02   -0.7337729E-01
    0.1502939E-04   -0.5079142E-03    0.2751703E-04    0.1822705E-02   -0.1970136E-01   -0.3356621E-01    0.2802308E-02   -0.2760624E-03    0.4639643E-04   -0.2085309E+02   -0.2486618E+01    0.4289543E+01    0.1790225E+00    0.3313844E+01    0.1116379E+00   -0.9861245E-01   -0.2708135E+01    0.5207326E-02   -0.2043680E-01   -0.3911014E-01    0.5661205E-01    0.3615790E-03   -0.9414125E-03   -0.8348297E-03   -0.9818405E-03    0.1017127E+00
    0.2449388E-06   -0.1664840E-04    0.9617042E-06    0.2334081E-04    0.8455906E-03   -0.7662776E-03    0.6673506E-04   -0.2243249E-04    0.3183044E-05   -0.7129013E+00    0.1784062E+00    0.4391114E+00   -0.9060482E-01    0.1116379E+00    0.9849956E-02    0.1261447E-01   -0.1311658E+00    0.1543093E-03   -0.7821003E-04   -0.8292557E-03    0.6399394E-03    0.1563777E-04   -0.3561041E-04   -0.1232800E-04   -0.1020264E-04    0.3323540E-02
    0.1878815E-05   -0.1509224E-04    0.6290495E-05    0.1813359E-03   -0.3859571E-02   -0.7507277E-03    0.3645663E-03    0.1199205E-03   -0.9473686E-05   -0.6742576E-01    0.6650112E+00    0.5020867E+00   -0.4278269E+00   -0.9861245E-01    0.1261447E-01    0.8367860E-01    0.9802862E-01   -0.7504592E-03   -0.8607746E-03    0.1925816E-02    0.1201742E-02    0.1364532E-04   -0.3684660E-04   -0.1101557E-04    0.3458850E-04   -0.5145200E-02
   -0.6552146E-05    0.1059939E-02   -0.9149774E-04   -0.2888109E-02    0.3805516E-01    0.6476512E-01   -0.4906655E-02   -0.3988240E-03   -0.1727095E-03    0.9073925E+01   -0.5070942E+01   -0.7915944E+01   -0.1352664E+01   -0.2708135E+01   -0.1311658E+00    0.9802862E-01    0.6617376E+01   -0.1423299E-02    0.7692082E-02    0.3578526E-01   -0.6017086E-01   -0.2918709E-03    0.5654847E-03    0.7298779E-03    0.4132451E-03   -0.6498391E-01
   -0.3117454E-06    0.4742121E-04   -0.3138899E-05   -0.4786051E-04    0.4044265E-02    0.2235696E-02   -0.1302605E-04   -0.1590789E-04   -0.1459944E-04    0.2960532E-02    0.4738372E-01   -0.2118359E-01    0.2715327E-01    0.5207326E-02    0.1543093E-03   -0.7504592E-03   -0.1423299E-02    0.3655924E-01    0.2315435E-02   -0.6316310E-03    0.8371828E-03    0.4369619E-04   -0.8257030E-05   -0.2917402E-04   -0.1718880E-04   -0.9841204E-02
   -0.6465785E-06   -0.2907031E-04    0.3136879E-05   -0.1205531E-05    0.5097919E-03   -0.1226686E-02   -0.8440626E-04   -0.4885598E-04    0.4510908E-05   -0.9615550E-01   -0.1581149E+00   -0.1127327E-01    0.2308063E-01   -0.2043680E-01   -0.7821003E-04   -0.8607746E-03    0.7692082E-02    0.2315435E-02    0.3176548E-01   -0.2212972E-02    0.2986240E-02   -0.5671720E-04   -0.5506162E-04   -0.5714106E-04   -0.3724679E-04   -0.7619777E-02
    0.8425245E-06   -0.1771018E-04    0.2257695E-05    0.1127143E-03    0.7908216E-03   -0.5113539E-03    0.2535476E-03    0.1640363E-04    0.1604237E-04    0.2461262E-01   -0.6744348E-01    0.5991839E+00   -0.4608830E+00   -0.3911014E-01   -0.8292557E-03    0.1925816E-02    0.3578526E-01   -0.6316310E-03   -0.2212972E-02    0.1301721E-01    0.1080648E-01    0.3926792E-05    0.6527837E-04    0.9877775E-05   -0.2448699E-05   -0.1820653E-02
    0.3151048E-06   -0.3978377E-05    0.1663558E-05   -0.4095588E-04    0.3514570E-02    0.2153688E-03   -0.5195478E-04   -0.8978997E-04    0.2757990E-05   -0.1717741E+00    0.1341804E+00   -0.1516035E+00    0.1932984E-01    0.5661205E-01    0.6399394E-03    0.1201742E-02   -0.6017086E-01    0.8371828E-03    0.2986240E-02    0.1080648E-01    0.3128423E-01    0.8308971E-05    0.8916286E-04   -0.2088453E-04    0.1482937E-04   -0.4278365E-02
   -0.2164548E-09    0.2643264E-06   -0.3152541E-07   -0.2279181E-06   -0.2336603E-05    0.8606301E-05    0.4772055E-06   -0.6524246E-07    0.1016349E-08    0.6507989E-02    0.5274739E-03    0.1655239E-02   -0.5747704E-03    0.3615790E-03    0.1563777E-04    0.1364532E-04   -0.2918709E-03    0.4369619E-04   -0.5671720E-04    0.3926792E-05    0.8308971E-05    0.9001795E-06   -0.8245582E-07    0.4843934E-07    0.2412556E-06   -0.2822798E-04
   -0.3571224E-08    0.1727316E-06   -0.1434067E-07   -0.6044784E-06    0.2582159E-04    0.1546761E-04   -0.6882358E-06   -0.2416020E-06    0.5614638E-07    0.9018861E-02   -0.7494924E-03   -0.1158413E-01    0.5164077E-02   -0.9414125E-03   -0.3561041E-04   -0.3684660E-04    0.5654847E-03   -0.8257030E-05   -0.5506162E-04    0.6527837E-04    0.8916286E-04   -0.8245582E-07    0.3136424E-05    0.8847367E-06    0.7777297E-06   -0.5860150E-04
   -0.1361723E-06    0.2947529E-05   -0.2905157E-06   -0.2301337E-04   -0.5442214E-04    0.1216072E-03   -0.4076647E-04    0.2595822E-05   -0.9909099E-07    0.1374951E-01    0.4853736E-02   -0.1120924E-02    0.1853253E-02   -0.8348297E-03   -0.1232800E-04   -0.1101557E-04    0.7298779E-03   -0.2917402E-04   -0.5714106E-04    0.9877775E-05   -0.2088453E-04    0.4843934E-07    0.8847367E-06    0.2196285E-04    0.8637706E-05    0.2926897E-04
   -0.1566483E-06    0.3417361E-05   -0.1792084E-06   -0.8168248E-05   -0.1139184E-03    0.1866237E-03   -0.8173291E-05    0.6561956E-05    0.5292671E-06    0.1445475E-01    0.7513546E-02   -0.1549067E-02    0.2897647E-02   -0.9818405E-03   -0.1020264E-04    0.3458850E-04    0.4132451E-03   -0.1718880E-04   -0.3724679E-04   -0.2448699E-05    0.1482937E-04    0.2412556E-06    0.7777297E-06    0.8637706E-05    0.2060278E-04   -0.1910172E-03
   -0.5954281E-05    0.6787609E-04   -0.4093922E-05   -0.5152029E-03   -0.2870821E-02   -0.9223900E-03   -0.1019913E-02   -0.8680756E-04   -0.4627828E-04    0.1290484E+01   -0.7628118E-01    0.3362701E+00   -0.7337729E-01    0.1017127E+00    0.3323540E-02   -0.5145200E-02   -0.6498391E-01   -0.9841204E-02   -0.7619777E-02   -0.1820653E-02   -0.4278365E-02   -0.2822798E-04   -0.5860150E-04    0.2926897E-04   -0.1910172E-03    0.9438203E+00
