# omegabh2 omegach2 theta tau Alens ns logA asz
    0.26828E-06   -0.65103E-06    0.74769E-06    0.21179E-05    0.95173E-04    0.56726E-05    0.46870E-05    0.10186E-04
   -0.65103E-06    0.20120E-04   -0.96575E-06   -0.16856E-04   -0.20900E-03   -0.26784E-04    0.32095E-04   -0.21873E-03
    0.74769E-06   -0.96575E-06    0.52087E-05    0.52870E-05    0.23468E-03    0.16606E-04    0.17082E-04   -0.85570E-05
    0.21179E-05   -0.16856E-04    0.52870E-05    0.19868E-03    0.25351E-03    0.72243E-04    0.36180E-03    0.51265E-04
    0.95173E-04   -0.20900E-03    0.23468E-03    0.25351E-03    0.34777E+00    0.16275E-02    0.42059E-03   -0.50736E-03
    0.56726E-05   -0.26784E-04    0.16606E-04    0.72243E-04    0.16275E-02    0.16989E-03    0.12902E-03   -0.30108E-03
    0.46870E-05    0.32095E-04    0.17082E-04    0.36180E-03    0.42059E-03    0.12902E-03    0.92592E-03   -0.14320E-02
    0.10186E-04   -0.21873E-03   -0.85570E-05    0.51265E-04   -0.50736E-03   -0.30108E-03   -0.14320E-02    0.33306E+00
