# omegabh2 omegach2 theta tau ns logA aps100 aps143 aps217 acib143 acib217 asz143 psr cibr cal0 cal2 xi aksz bm_1_1 a_ps_act_148 a_ps_act_217 a_ps_spt_95 a_ps_spt_150 a_ps_spt_220 r_ps_spt_95x150 r_ps_spt_95x220 r_ps_150x220 act_dust_s act_dust_e cal_acts_148 cal_acts_217 cal_acte_148 cal_acte_217 cal_spt_95 cal_spt_150 cal_spt_220
7.957900E-08 -3.906000E-07 7.497500E-08 1.128500E-06 1.166100E-06 1.481800E-06 -1.157200E-03 -1.058100E-03 -6.910100E-04 -4.348500E-06 -5.584300E-05 3.881403E-05 -1.708300E-07 -3.943900E-08 -7.251100E-09 -1.198900E-08 -5.590100E-07 -1.972511E-05 -2.159500E-05 2.403200E-05 1.267100E-04 7.519300E-06 2.613300E-05 1.799600E-04 -6.003600E-07 2.057700E-07 1.307100E-07 -1.619500E-06 -1.120000E-06 1.091100E-06 4.855800E-07 9.476100E-07 4.379200E-07 1.017000E-06 1.015600E-06 3.113900E-07
-3.906000E-07 6.244300E-06 -5.956900E-07 -1.183800E-05 -1.479000E-05 -8.830300E-06 6.983000E-03 4.684400E-03 2.735200E-03 1.490000E-05 3.166500E-04 -2.403228E-04 9.249000E-07 -4.526400E-08 4.417100E-08 9.672100E-08 4.223200E-06 2.690311E-05 1.447900E-04 -7.442400E-05 -5.907100E-04 6.173200E-05 -6.575400E-05 -7.593800E-04 7.688700E-07 -5.334600E-06 -2.070300E-06 6.495400E-06 -2.650100E-06 -5.731000E-06 -2.561700E-06 -4.572900E-06 -1.730100E-06 -4.742600E-06 -4.996200E-06 8.061600E-07
7.497500E-08 -5.956900E-07 3.764500E-07 1.527100E-06 1.871300E-06 2.017700E-06 -7.627600E-04 -5.516900E-04 -3.914100E-04 -3.661700E-06 -5.243100E-05 3.498346E-05 -2.898300E-07 -8.667200E-08 -2.590400E-09 -2.654300E-08 -8.347300E-07 -1.304098E-05 -7.398200E-06 1.421100E-05 6.334800E-05 -1.707800E-05 9.956300E-06 9.025000E-05 4.983700E-07 2.185800E-06 2.286000E-07 -4.759600E-07 -2.945000E-07 6.687900E-07 2.120400E-07 5.741000E-07 2.267800E-07 3.926400E-07 5.502600E-07 6.981000E-08
1.128500E-06 -1.183800E-05 1.527100E-06 2.260400E-04 3.926800E-05 4.219600E-04 -4.082600E-02 -2.613900E-02 -1.674200E-02 -3.626800E-04 -1.470400E-03 3.487220E-04 -7.659100E-06 4.484700E-06 -3.774200E-07 -6.039300E-08 -9.505500E-06 -5.870592E-05 -8.586900E-04 7.450200E-04 4.328300E-03 -7.250200E-06 7.952500E-04 2.911800E-03 -2.130100E-05 -4.656400E-06 6.085000E-06 7.038100E-05 2.994800E-05 2.744800E-05 1.544600E-05 2.728100E-05 1.561500E-05 2.647400E-05 2.324700E-05 -5.367200E-06
1.166100E-06 -1.479000E-05 1.871300E-06 3.926800E-05 5.083200E-05 4.005900E-05 -4.363300E-02 -2.580500E-02 -1.527900E-02 -1.595200E-04 -1.439500E-03 8.757496E-04 -4.937700E-06 4.448500E-07 -2.047200E-07 -1.253700E-07 -1.555300E-05 -2.981578E-04 -6.594700E-04 4.654300E-04 3.127400E-03 1.564800E-06 4.285700E-04 3.321100E-03 -1.327500E-05 1.009100E-05 6.409700E-06 -3.897800E-05 -1.978200E-06 2.370700E-05 1.121300E-05 2.066500E-05 8.420100E-06 2.218400E-05 2.217000E-05 -1.774000E-07
1.481800E-06 -8.830300E-06 2.017700E-06 4.219600E-04 4.005900E-05 8.245800E-04 -7.388600E-02 -4.460600E-02 -2.885000E-02 -6.442100E-04 -2.092000E-03 2.064342E-04 -1.408700E-05 7.277100E-06 -5.881000E-07 2.303000E-07 -1.167500E-05 -2.875233E-04 -1.067500E-03 1.342000E-03 7.278700E-03 2.297500E-04 1.465800E-03 4.173900E-03 -4.170000E-05 -1.794600E-05 6.963700E-06 1.624500E-04 4.809100E-05 4.164100E-05 2.526100E-05 4.369700E-05 2.787400E-05 4.249300E-05 3.528100E-05 -6.968900E-06
-1.157200E-03 6.983000E-03 -7.627600E-04 -4.082600E-02 -4.363300E-02 -7.388600E-02 1.509600E+03 9.304600E+01 2.175400E+01 -1.055700E+00 4.590800E+00 -1.181255E+01 1.132900E-02 -1.801900E-01 1.191900E-03 5.458100E-04 3.580500E-02 6.848270E+00 1.569900E+01 -2.566400E-01 -5.601200E+00 4.255800E+00 -4.548800E-02 -4.795400E+00 -9.984200E-02 -5.513500E-01 -1.495800E-02 3.370700E-01 2.274600E-01 -5.301900E-02 1.084400E-02 -4.633300E-02 9.385900E-03 -7.397700E-02 -5.667800E-02 5.727400E-03
-1.058100E-03 4.684400E-03 -5.516900E-04 -2.613900E-02 -2.580500E-02 -4.460600E-02 9.304600E+01 6.874000E+01 2.123300E+01 9.070400E-02 1.614900E+00 -2.666624E+00 9.951200E-03 -2.099200E-02 6.060900E-05 -7.735900E-04 1.984300E-02 3.975917E-01 1.024700E-01 -2.376200E-01 -3.501400E+00 9.708700E-01 -2.743800E-01 -2.989800E+00 4.715800E-03 -7.187200E-02 -2.039600E-02 6.794400E-02 6.426500E-02 -3.284000E-02 -1.224800E-02 -3.084900E-02 -8.935100E-03 -3.728200E-02 -2.756500E-02 -8.576200E-03
-6.910100E-04 2.735200E-03 -3.914100E-04 -1.674200E-02 -1.527900E-02 -2.885000E-02 2.175400E+01 2.123300E+01 3.589800E+01 -5.050100E-01 -4.156400E+00 1.587908E+00 -8.395600E-03 -1.573600E-02 9.802500E-05 -5.639800E-04 -9.067500E-03 -1.267299E+00 2.646000E-01 6.939300E-03 -2.958000E+00 -1.098000E+00 5.981200E-02 -2.931800E+00 1.096000E-02 7.600700E-02 2.358900E-02 4.673800E-02 2.456400E-02 -1.457100E-02 -3.007000E-02 -1.489800E-02 -2.900600E-02 -5.804200E-03 -1.563100E-02 -2.206800E-02
-4.348500E-06 1.490000E-05 -3.661700E-06 -3.626800E-04 -1.595200E-04 -6.442100E-04 -1.055700E+00 9.070400E-02 -5.050100E-01 4.406200E-01 8.528500E-01 2.655593E-01 -3.704500E-04 -1.008600E-02 1.472700E-05 3.636800E-05 4.877100E-03 -5.345242E-01 -8.973200E-03 -1.383900E-01 -1.567900E-01 -7.268000E-02 -1.710400E-01 -2.039500E-01 2.797300E-02 2.272000E-02 -2.193300E-03 -7.110200E-04 -2.744600E-03 8.557600E-07 6.429900E-04 1.225800E-04 5.624200E-04 -6.264500E-04 -1.601400E-05 9.264500E-04
-5.584300E-05 3.166500E-04 -5.243100E-05 -1.470400E-03 -1.439500E-03 -2.092000E-03 4.590800E+00 1.614900E+00 -4.156400E+00 8.528500E-01 3.734800E+00 -6.215616E-02 5.407300E-03 6.686200E-03 1.947100E-05 5.548100E-04 1.958800E-03 -8.321884E-01 -1.694100E-03 -2.947500E-01 -3.871800E-01 2.224600E-01 -3.644500E-01 -6.477500E-01 4.085900E-02 1.800300E-02 -1.686800E-02 -4.859900E-03 -1.205400E-02 -1.885500E-03 7.526000E-03 -1.003400E-03 8.000400E-03 -4.179100E-03 -1.021600E-03 6.349500E-03
3.881403E-05 -2.403228E-04 3.498346E-05 3.487220E-04 8.757496E-04 2.064342E-04 -1.181255E+01 -2.666624E+00 1.587908E+00 2.655593E-01 -6.215616E-02 1.413081E+00 -4.281293E-04 1.761475E-02 1.431990E-05 -2.608496E-04 -6.648695E-03 -1.119506E+00 1.004666E-02 -1.055743E-01 -1.231133E-01 -7.428045E-01 -1.081354E-01 -4.606558E-01 3.049057E-02 7.234286E-02 2.248461E-04 -8.247681E-03 -8.300917E-03 2.604612E-03 -3.200898E-03 2.074893E-03 -3.672345E-03 5.192150E-03 1.541147E-03 -1.972787E-03
-1.708300E-07 9.249000E-07 -2.898300E-07 -7.659100E-06 -4.937700E-06 -1.408700E-05 1.132900E-02 9.951200E-03 -8.395600E-03 -3.704500E-04 5.407300E-03 -4.281293E-04 3.113500E-04 1.033200E-05 -2.432200E-07 7.772300E-07 5.709200E-06 3.924904E-04 1.026400E-04 1.818100E-04 -3.207200E-03 -2.854000E-04 1.660800E-04 3.007900E-04 4.913800E-06 2.666000E-05 8.029900E-06 -5.652700E-06 -4.853400E-05 -3.992900E-06 9.388400E-06 -5.228000E-06 9.436300E-06 -8.151300E-06 -1.970200E-06 1.860700E-05
-3.943900E-08 -4.526400E-08 -8.667200E-08 4.484700E-06 4.448500E-07 7.277100E-06 -1.801900E-01 -2.099200E-02 -1.573600E-02 -1.008600E-02 6.686200E-03 1.761475E-02 1.033200E-05 2.162900E-03 -7.469000E-07 -3.733000E-07 3.504700E-06 -2.347208E-03 7.135200E-04 3.403200E-03 5.603900E-03 -1.222000E-02 4.431300E-03 -9.527700E-03 -4.037800E-04 1.209800E-03 -3.030100E-04 -2.118500E-04 -3.783300E-04 3.812500E-05 3.679900E-05 1.568900E-05 3.461700E-05 1.140200E-04 2.240800E-05 1.874200E-05
-7.251100E-09 4.417100E-08 -2.590400E-09 -3.774200E-07 -2.047200E-07 -5.881000E-07 1.191900E-03 6.060900E-05 9.802500E-05 1.472700E-05 1.947100E-05 1.431990E-05 -2.432200E-07 -7.469000E-07 1.529900E-07 6.110000E-09 3.532800E-08 -2.188205E-05 -2.905600E-05 -1.087100E-05 -6.745900E-05 -4.594100E-06 -2.741300E-06 -4.501900E-05 6.669200E-07 3.571000E-07 1.419200E-07 3.511500E-07 2.431700E-07 -1.322000E-07 -2.257400E-07 4.264500E-08 -2.496900E-07 9.912300E-08 -2.653000E-07 -2.186100E-07
-1.198900E-08 9.672100E-08 -2.654300E-08 -6.039300E-08 -1.253700E-07 2.303000E-07 5.458100E-04 -7.735900E-04 -5.639800E-04 3.636800E-05 5.548100E-04 -2.608496E-04 7.772300E-07 -3.733000E-07 6.110000E-09 6.423100E-07 1.937000E-06 1.216492E-04 1.730100E-05 8.130600E-07 1.497000E-05 1.840000E-04 -7.285800E-06 -7.192200E-05 -3.350100E-06 -1.012200E-05 -1.862300E-06 1.399300E-06 -1.808900E-06 -2.251000E-07 1.651200E-06 -3.985700E-08 2.014500E-06 -9.353600E-07 -1.751200E-07 1.447600E-06
-5.590100E-07 4.223200E-06 -8.347300E-07 -9.505500E-06 -1.555300E-05 -1.167500E-05 3.580500E-02 1.984300E-02 -9.067500E-03 4.877100E-03 1.958800E-03 -6.648695E-03 5.709200E-06 3.504700E-06 3.532800E-08 1.937000E-06 1.386200E-03 9.556271E-03 3.706600E-05 2.669700E-03 -4.532500E-03 4.502100E-04 1.405500E-03 3.760900E-03 5.845000E-04 9.387000E-04 3.074700E-05 1.413100E-04 1.256200E-05 -9.443200E-07 -3.298300E-06 -1.798500E-05 9.392800E-06 -3.110400E-05 -4.774500E-06 5.898000E-05
-1.972511E-05 2.690311E-05 -1.304098E-05 -5.870592E-05 -2.981578E-04 -2.875233E-04 6.848270E+00 3.975917E-01 -1.267299E+00 -5.345242E-01 -8.321884E-01 -1.119506E+00 3.924904E-04 -2.347208E-03 -2.188205E-05 1.216492E-04 9.556271E-03 1.729176E+00 -6.361385E-03 8.152801E-02 3.659967E-01 3.037733E-01 1.291983E-01 7.304918E-01 -3.885205E-02 -5.698835E-02 5.635481E-03 -7.297512E-04 8.118861E-03 6.696260E-04 2.793982E-03 7.127607E-04 3.191183E-03 -8.970240E-04 2.120325E-04 2.254645E-03
-2.159500E-05 1.447900E-04 -7.398200E-06 -8.586900E-04 -6.594700E-04 -1.067500E-03 1.569900E+01 1.024700E-01 2.646000E-01 -8.973200E-03 -1.694100E-03 1.004666E-02 1.026400E-04 7.135200E-04 -2.905600E-05 1.730100E-05 3.706600E-05 -6.361385E-03 5.630000E-01 -6.046600E-03 -5.954200E-02 -4.568100E-02 -1.083400E-02 -6.487300E-02 9.700900E-04 2.907100E-03 2.824700E-04 6.003000E-03 4.977700E-04 -1.933700E-04 -4.071000E-05 -3.140300E-04 -2.302600E-04 -2.185500E-04 -4.426600E-04 -1.888500E-04
2.403200E-05 -7.442400E-05 1.421100E-05 7.450200E-04 4.654300E-04 1.342000E-03 -2.566400E-01 -2.376200E-01 6.939300E-03 -1.383900E-01 -2.947500E-01 -1.055743E-01 1.818100E-04 3.403200E-03 -1.087100E-05 8.130600E-07 2.669700E-03 8.152801E-02 -6.046600E-03 3.039800E-01 -1.610100E-01 8.805100E-02 1.070200E-01 3.283500E-01 -6.887100E-03 -7.700600E-03 -2.757600E-03 -1.649600E-03 -6.363200E-04 2.206000E-03 -8.659300E-04 2.047900E-03 -8.433800E-04 1.269000E-04 -1.231900E-05 3.532000E-04
1.267100E-04 -5.907100E-04 6.334800E-05 4.328300E-03 3.127400E-03 7.278700E-03 -5.601200E+00 -3.501400E+00 -2.958000E+00 -1.567900E-01 -3.871800E-01 -1.231133E-01 -3.207200E-03 5.603900E-03 -6.745900E-05 1.497000E-05 -4.532500E-03 3.659967E-01 -5.954200E-02 -1.610100E-01 1.392800E+01 1.336100E-02 8.078700E-02 8.046500E-01 -9.489600E-03 -1.840800E-02 -4.405300E-03 5.166200E-03 -2.334300E-02 1.519800E-03 5.197500E-02 7.323500E-04 3.970200E-02 1.963500E-03 3.729600E-03 3.363900E-03
7.519300E-06 6.173200E-05 -1.707800E-05 -7.250200E-06 1.564800E-06 2.297500E-04 4.255800E+00 9.708700E-01 -1.098000E+00 -7.268000E-02 2.224600E-01 -7.428045E-01 -2.854000E-04 -1.222000E-02 -4.594100E-06 1.840000E-04 4.502100E-04 3.037733E-01 -4.568100E-02 8.805100E-02 1.336100E-02 2.198800E+00 7.384700E-02 2.242000E-01 -9.147300E-02 -1.117500E-01 -2.014500E-03 7.845100E-03 -6.420900E-03 -1.584800E-03 1.183400E-03 -1.432000E-03 1.791200E-03 -8.179600E-05 2.609200E-05 1.364000E-03
2.613300E-05 -6.575400E-05 9.956300E-06 7.952500E-04 4.285700E-04 1.465800E-03 -4.548800E-02 -2.743800E-01 5.981200E-02 -1.710400E-01 -3.644500E-01 -1.081354E-01 1.660800E-04 4.431300E-03 -2.741300E-06 -7.285800E-06 1.405500E-03 1.291983E-01 -1.083400E-02 1.070200E-01 8.078700E-02 7.384700E-02 2.175700E-01 1.805300E-01 -8.572200E-03 -6.087200E-03 2.545400E-05 2.016600E-03 -1.456700E-03 4.706000E-05 -4.202600E-04 -9.906600E-05 -4.291200E-04 4.849900E-04 3.080800E-05 -3.493300E-04
1.799600E-04 -7.593800E-04 9.025000E-05 2.911800E-03 3.321100E-03 4.173900E-03 -4.795400E+00 -2.989800E+00 -2.931800E+00 -2.039500E-01 -6.477500E-01 -4.606558E-01 3.007900E-04 -9.527700E-03 -4.501900E-05 -7.192200E-05 3.760900E-03 7.304918E-01 -6.487300E-02 3.283500E-01 8.046500E-01 2.242000E-01 1.805300E-01 1.181500E+01 -1.636500E-02 -6.203400E-02 -9.918900E-03 -1.851600E-02 -1.298400E-02 4.870000E-03 2.384800E-03 5.317500E-03 1.742000E-03 4.929400E-03 6.126400E-03 2.676600E-02
-6.003600E-07 7.688700E-07 4.983700E-07 -2.130100E-05 -1.327500E-05 -4.170000E-05 -9.984200E-02 4.715800E-03 1.096000E-02 2.797300E-02 4.085900E-02 3.049057E-02 4.913800E-06 -4.037800E-04 6.669200E-07 -3.350100E-06 5.845000E-04 -3.885205E-02 9.700900E-04 -6.887100E-03 -9.489600E-03 -9.147300E-02 -8.572200E-03 -1.636500E-02 7.539300E-03 6.360100E-03 -1.424600E-04 1.579800E-04 7.779200E-05 3.726200E-05 1.265200E-05 2.929200E-05 -2.527500E-05 -9.481700E-05 -3.519300E-05 1.737400E-06
2.057700E-07 -5.334600E-06 2.185800E-06 -4.656400E-06 1.009100E-05 -1.794600E-05 -5.513500E-01 -7.187200E-02 7.600700E-02 2.272000E-02 1.800300E-02 7.234286E-02 2.666000E-05 1.209800E-03 3.571000E-07 -1.012200E-05 9.387000E-04 -5.698835E-02 2.907100E-03 -7.700600E-03 -1.840800E-02 -1.117500E-01 -6.087200E-03 -6.203400E-02 6.360100E-03 1.271800E-02 1.359600E-04 3.512300E-05 -7.140500E-05 1.086200E-04 -1.449700E-04 7.882900E-05 -1.626800E-04 5.551500E-05 2.024600E-05 -2.386500E-04
1.307100E-07 -2.070300E-06 2.286000E-07 6.085000E-06 6.409700E-06 6.963700E-06 -1.495800E-02 -2.039600E-02 2.358900E-02 -2.193300E-03 -1.686800E-02 2.248461E-04 8.029900E-06 -3.030100E-04 1.419200E-07 -1.862300E-06 3.074700E-05 5.635481E-03 2.824700E-04 -2.757600E-03 -4.405300E-03 -2.014500E-03 2.545400E-05 -9.918900E-03 -1.424600E-04 1.359600E-04 3.403500E-04 4.777100E-05 1.406600E-04 4.209100E-06 -4.885800E-05 6.067300E-06 -4.366500E-05 2.953100E-05 9.994800E-06 -6.539600E-05
-1.619500E-06 6.495400E-06 -4.759600E-07 7.038100E-05 -3.897800E-05 1.624500E-04 3.370700E-01 6.794400E-02 4.673800E-02 -7.110200E-04 -4.859900E-03 -8.247681E-03 -5.652700E-06 -2.118500E-04 3.511500E-07 1.399300E-06 1.413100E-04 -7.297512E-04 6.003000E-03 -1.649600E-03 5.166200E-03 7.845100E-03 2.016600E-03 -1.851600E-02 1.579800E-04 3.512300E-05 4.777100E-05 4.020800E-02 -7.408700E-04 2.464400E-04 5.463300E-05 -1.515800E-04 -1.582000E-05 -4.581100E-05 -5.834500E-05 2.428000E-05
-1.120000E-06 -2.650100E-06 -2.945000E-07 2.994800E-05 -1.978200E-06 4.809100E-05 2.274600E-01 6.426500E-02 2.456400E-02 -2.744600E-03 -1.205400E-02 -8.300917E-03 -4.853400E-05 -3.783300E-04 2.431700E-07 -1.808900E-06 1.256200E-05 8.118861E-03 4.977700E-04 -6.363200E-04 -2.334300E-02 -6.420900E-03 -1.456700E-03 -1.298400E-02 7.779200E-05 -7.140500E-05 1.406600E-04 -7.408700E-04 3.903000E-02 -1.035600E-04 -9.405100E-05 3.034500E-04 1.878300E-05 -1.417700E-04 -4.854800E-05 -3.566900E-05
1.091100E-06 -5.731000E-06 6.687900E-07 2.744800E-05 2.370700E-05 4.164100E-05 -5.301900E-02 -3.284000E-02 -1.457100E-02 8.557600E-07 -1.885500E-03 2.604612E-03 -3.992900E-06 3.812500E-05 -1.322000E-07 -2.251000E-07 -9.443200E-07 6.696260E-04 -1.933700E-04 2.206000E-03 1.519800E-03 -1.584800E-03 4.706000E-05 4.870000E-03 3.726200E-05 1.086200E-04 4.209100E-06 2.464400E-04 -1.035600E-04 1.651900E-04 2.293600E-06 6.080700E-05 8.608500E-06 4.076900E-05 2.337800E-05 1.262000E-05
4.855800E-07 -2.561700E-06 2.120400E-07 1.544600E-05 1.121300E-05 2.526100E-05 1.084400E-02 -1.224800E-02 -3.007000E-02 6.429900E-04 7.526000E-03 -3.200898E-03 9.388400E-06 3.679900E-05 -2.257400E-07 1.651200E-06 -3.298300E-06 2.793982E-03 -4.071000E-05 -8.659300E-04 5.197500E-02 1.183400E-03 -4.202600E-04 2.384800E-03 1.265200E-05 -1.449700E-04 -4.885800E-05 5.463300E-05 -9.405100E-05 2.293600E-06 3.532100E-04 7.900400E-06 1.831600E-04 -2.169000E-06 1.389300E-05 2.902100E-05
9.476100E-07 -4.572900E-06 5.741000E-07 2.728100E-05 2.066500E-05 4.369700E-05 -4.633300E-02 -3.084900E-02 -1.489800E-02 1.225800E-04 -1.003400E-03 2.074893E-03 -5.228000E-06 1.568900E-05 4.264500E-08 -3.985700E-08 -1.798500E-05 7.127607E-04 -3.140300E-04 2.047900E-03 7.323500E-04 -1.432000E-03 -9.906600E-05 5.317500E-03 2.929200E-05 7.882900E-05 6.067300E-06 -1.515800E-04 3.034500E-04 6.080700E-05 7.900400E-06 1.247300E-04 8.339900E-06 3.501300E-05 2.126400E-05 1.648800E-05
4.379200E-07 -1.730100E-06 2.267800E-07 1.561500E-05 8.420100E-06 2.787400E-05 9.385900E-03 -8.935100E-03 -2.900600E-02 5.624200E-04 8.000400E-03 -3.672345E-03 9.436300E-06 3.461700E-05 -2.496900E-07 2.014500E-06 9.392800E-06 3.191183E-03 -2.302600E-04 -8.433800E-04 3.970200E-02 1.791200E-03 -4.291200E-04 1.742000E-03 -2.527500E-05 -1.626800E-04 -4.366500E-05 -1.582000E-05 1.878300E-05 8.608500E-06 1.831600E-04 8.339900E-06 2.179300E-04 -4.855200E-06 1.343300E-05 3.406400E-05
1.017000E-06 -4.742600E-06 3.926400E-07 2.647400E-05 2.218400E-05 4.249300E-05 -7.397700E-02 -3.728200E-02 -5.804200E-03 -6.264500E-04 -4.179100E-03 5.192150E-03 -8.151300E-06 1.140200E-04 9.912300E-08 -9.353600E-07 -3.110400E-05 -8.970240E-04 -2.185500E-04 1.269000E-04 1.963500E-03 -8.179600E-05 4.849900E-04 4.929400E-03 -9.481700E-05 5.551500E-05 2.953100E-05 -4.581100E-05 -1.417700E-04 4.076900E-05 -2.169000E-06 3.501300E-05 -4.855200E-06 4.132300E-04 4.222500E-05 2.176900E-06
1.015600E-06 -4.996200E-06 5.502600E-07 2.324700E-05 2.217000E-05 3.528100E-05 -5.667800E-02 -2.756500E-02 -1.563100E-02 -1.601400E-05 -1.021600E-03 1.541147E-03 -1.970200E-06 2.240800E-05 -2.653000E-07 -1.751200E-07 -4.774500E-06 2.120325E-04 -4.426600E-04 -1.231900E-05 3.729600E-03 2.609200E-05 3.080800E-05 6.126400E-03 -3.519300E-05 2.024600E-05 9.994800E-06 -5.834500E-05 -4.854800E-05 2.337800E-05 1.389300E-05 2.126400E-05 1.343300E-05 4.222500E-05 9.825200E-05 2.050000E-05
3.113900E-07 8.061600E-07 6.981000E-08 -5.367200E-06 -1.774000E-07 -6.968900E-06 5.727400E-03 -8.576200E-03 -2.206800E-02 9.264500E-04 6.349500E-03 -1.972787E-03 1.860700E-05 1.874200E-05 -2.186100E-07 1.447600E-06 5.898000E-05 2.254645E-03 -1.888500E-04 3.532000E-04 3.363900E-03 1.364000E-03 -3.493300E-04 2.676600E-02 1.737400E-06 -2.386500E-04 -6.539600E-05 2.428000E-05 -3.566900E-05 1.262000E-05 2.902100E-05 1.648800E-05 3.406400E-05 2.176900E-06 2.050000E-05 4.671200E-04
