# omegabh2 omegach2 theta tau w logA ns calPlanck alpha_JLA beta_JLA acib217 xi asz143 aps100 aps143 aps143217 aps217 aksz kgal100 kgal143 kgal143217 kgal217 galfEE100 galfEE100143 galfEE100217 galfEE143 galfEE143217 galfEE217 galfTE100 galfTE100143 galfTE100217 galfTE143 galfTE143217 galfTE217 cal0 cal2
    0.2349441E-07   -0.1108452E-06    0.1803888E-07    0.8292589E-06    0.2368992E-05    0.1505774E-05    0.2956364E-06    0.1023919E-07   -0.1274408E-07   -0.1716115E-06   -0.1234530E-03    0.2925050E-05    0.3119590E-04   -0.5573563E-03   -0.2360141E-03   -0.3331140E-05    0.7434917E-04   -0.4700478E-04   -0.1879511E-05   -0.8391230E-05   -0.9790955E-05    0.2375314E-04    0.1007079E-06    0.2128048E-07   -0.1638524E-07    0.3587968E-07    0.3388181E-07    0.5714490E-07   -0.5117621E-06   -0.1966724E-06   -0.5343159E-06    0.4943760E-08   -0.1493223E-06   -0.1089185E-05    0.6577148E-08   -0.8028320E-08
   -0.1108452E-06    0.1720360E-05   -0.1387669E-06   -0.7734810E-05   -0.3381841E-04   -0.1148529E-04   -0.4259396E-05   -0.1080923E-06    0.1911288E-07    0.3831255E-05    0.2660112E-03   -0.9012330E-05   -0.1775339E-03    0.3099590E-02    0.1142511E-02    0.2116677E-03    0.8674924E-04    0.1750220E-03   -0.1186298E-04    0.1657741E-04    0.7031590E-04    0.1701553E-03   -0.1173277E-05   -0.4459188E-06   -0.1147440E-06   -0.5229295E-06    0.2225494E-06    0.1525304E-05    0.3303599E-05    0.1281782E-05    0.1325267E-05   -0.1454970E-07   -0.9079976E-06   -0.1170855E-05   -0.2159915E-08    0.5474000E-07
    0.1803888E-07   -0.1387669E-06    0.1019284E-06    0.8527182E-06    0.4286136E-05    0.1439751E-05    0.4801764E-06   -0.1180390E-07   -0.1985812E-07   -0.7804961E-06   -0.8782720E-05    0.1164897E-05    0.1375441E-04   -0.2920468E-03   -0.1012427E-03   -0.3017382E-04   -0.4694134E-04   -0.1807838E-04   -0.1383850E-05   -0.4227154E-06   -0.1036959E-05   -0.2078563E-05    0.1121646E-06    0.2562415E-07   -0.7542110E-07    0.3952226E-07    0.2470941E-07    0.8948548E-07   -0.5615696E-06   -0.2619734E-06    0.5355673E-06   -0.1051901E-06   -0.9058374E-07   -0.4907020E-06    0.8404452E-09    0.3776423E-08
    0.8292589E-06   -0.7734810E-05    0.8527182E-06    0.2875152E-03    0.1765057E-03    0.5546338E-03    0.3152944E-04   -0.1165296E-05   -0.1495871E-05   -0.3230123E-04   -0.1754510E-01    0.3539796E-03    0.2680915E-02   -0.5437497E-01   -0.1831204E-01    0.6422414E-02    0.1878540E-01   -0.5113060E-02   -0.2910861E-03   -0.1367302E-02   -0.3468988E-02    0.3575335E-03    0.8064147E-05    0.1255019E-05   -0.9944655E-06    0.1643122E-05    0.2867441E-05   -0.3009040E-04   -0.2617950E-04   -0.9847421E-05    0.3010815E-04    0.6095324E-05    0.4645832E-04    0.9484685E-04    0.2450995E-06   -0.1936258E-05
    0.2368992E-05   -0.3381841E-04    0.4286136E-05    0.1765057E-03    0.1829645E-02    0.2775777E-03    0.8769209E-04    0.3944306E-05   -0.1228617E-04   -0.2389240E-03    0.1644153E-02    0.2099559E-03    0.4649107E-02   -0.6767344E-01   -0.2353926E-01   -0.5603315E-02   -0.9569012E-02   -0.4939249E-02    0.1025425E-02    0.9172620E-03    0.1992395E-02   -0.2400178E-02    0.3079364E-04    0.7406646E-05    0.1756763E-05    0.8692313E-05    0.7693350E-05   -0.5390899E-04   -0.8085819E-04   -0.1719220E-04   -0.1278098E-03    0.3252083E-04    0.4763619E-04   -0.2890753E-04   -0.2875730E-06    0.1639101E-06
    0.1505774E-05   -0.1148529E-04    0.1439751E-05    0.5546338E-03    0.2775777E-03    0.1106668E-02    0.5143043E-04    0.1001640E-04   -0.3546732E-05   -0.5316713E-04   -0.3487293E-01    0.7742692E-03    0.4971382E-02   -0.9976386E-01   -0.3177199E-01    0.1739666E-01    0.4358890E-01   -0.1080667E-01   -0.6833095E-03   -0.3445839E-02   -0.7003256E-02    0.3502882E-02    0.1466237E-04    0.1489012E-05   -0.2244905E-05    0.2814317E-05    0.8593229E-05   -0.5436959E-04   -0.4371449E-04   -0.1419330E-04    0.4643463E-04    0.1226413E-04    0.9686635E-04    0.1867727E-03    0.7498293E-06   -0.3693094E-05
    0.2956364E-06   -0.4259396E-05    0.4801764E-06    0.3152944E-04    0.8769209E-04    0.5143043E-04    0.2042009E-04    0.2155122E-06   -0.3906824E-06   -0.9372893E-05   -0.5628333E-02    0.1464505E-03    0.1189986E-02   -0.2721028E-01   -0.6501966E-02    0.3438507E-02    0.6916672E-02   -0.2615072E-02    0.3463228E-03   -0.4250304E-03   -0.9786448E-03   -0.1081937E-04    0.5952782E-05    0.2134299E-05    0.8819342E-06    0.2576671E-05   -0.6412238E-06   -0.8976801E-06   -0.9681937E-05   -0.3780996E-05   -0.1349388E-05   -0.6342542E-06    0.2677840E-05    0.9470228E-05   -0.6043947E-07   -0.6267060E-06
    0.1023919E-07   -0.1080923E-06   -0.1180390E-07   -0.1165296E-05    0.3944306E-05    0.1001640E-04    0.2155122E-06    0.6206737E-05   -0.3754779E-06    0.1537502E-05    0.8705140E-03    0.1323090E-04   -0.3503888E-04    0.2704471E-02    0.9137023E-03    0.7911682E-03    0.1018509E-02   -0.9962155E-04    0.7098619E-04   -0.1134866E-03   -0.3311803E-04    0.7499049E-03    0.1103616E-05    0.2431390E-06   -0.4959153E-07    0.6488681E-06    0.1217296E-05    0.5809804E-06    0.1779952E-05    0.1772071E-05   -0.8602245E-05   -0.2798512E-06    0.2583686E-05    0.4462497E-06    0.1213952E-07    0.3290847E-07
   -0.1274408E-07    0.1911288E-07   -0.1985812E-07   -0.1495871E-05   -0.1228617E-04   -0.3546732E-05   -0.3906824E-06   -0.3754779E-06    0.4268045E-04   -0.2172102E-04   -0.1802318E-03    0.2071745E-04   -0.9215570E-04    0.1957599E-02    0.8547812E-03    0.9080511E-03    0.2998408E-03   -0.4643054E-04   -0.1572659E-03    0.1294200E-03    0.3578639E-03    0.7909815E-03   -0.1381634E-05   -0.5129065E-06   -0.3038018E-05   -0.6022348E-06   -0.3453338E-06    0.2327229E-05    0.1424985E-04    0.7459027E-05   -0.4535936E-05   -0.2454295E-06    0.3656904E-05   -0.3750652E-05   -0.1702634E-07    0.1348841E-06
   -0.1716115E-06    0.3831255E-05   -0.7804961E-06   -0.3230123E-04   -0.2389240E-03   -0.5316713E-04   -0.9372893E-05    0.1537502E-05   -0.2172102E-04    0.6723444E-02    0.4750099E-02    0.4899869E-03   -0.1282134E-02   -0.3644105E-02    0.1309266E-01    0.1308463E-01   -0.7298268E-02    0.5178101E-03    0.1496870E-02   -0.1684447E-02    0.8286615E-03    0.5138121E-02   -0.7773948E-05   -0.7006285E-05   -0.7569877E-05   -0.1526425E-05   -0.1791098E-04    0.2706176E-04   -0.1007898E-03   -0.3019882E-04   -0.1397652E-03    0.5163877E-04    0.1208479E-04   -0.3767406E-03   -0.2556661E-06    0.1988386E-05
   -0.1234530E-03    0.2660112E-03   -0.8782720E-05   -0.1754510E-01    0.1644153E-02   -0.3487293E-01   -0.5628333E-02    0.8705140E-03   -0.1802318E-03    0.4750099E-02    0.4928796E+02   -0.4786821E+00   -0.1468910E+01    0.4775028E+02    0.1592385E+01   -0.2082411E+02   -0.6689780E+02    0.3163948E+00   -0.2606294E+00    0.6196093E+00   -0.2861618E+01   -0.2548240E+02   -0.2157461E-02   -0.4282109E-03   -0.1204739E-03   -0.1403679E-03    0.4311924E-03   -0.4321236E-03    0.5366089E-02    0.5249678E-02    0.4814263E-02   -0.1083236E-02   -0.3100294E-02   -0.2301898E-01   -0.1586551E-03    0.4300270E-02
    0.2925050E-05   -0.9012330E-05    0.1164897E-05    0.3539796E-03    0.2099559E-03    0.7742692E-03    0.1464505E-03    0.1323090E-04    0.2071745E-04    0.4899869E-03   -0.4786821E+00    0.8271104E-01   -0.7183026E-01   -0.4717519E+00    0.9594824E+00    0.1810770E+01    0.7148796E+00    0.7187094E-01   -0.3242444E-02   -0.3507752E-02    0.9906778E-01    0.1231702E+00    0.6964440E-04    0.1608585E-04   -0.3791263E-04    0.2824151E-04    0.6580524E-04    0.4484771E-03    0.3995839E-04   -0.7312421E-04    0.6689122E-03   -0.3413854E-03    0.1260772E-04    0.1495061E-03    0.1352548E-04   -0.1288020E-04
    0.3119590E-04   -0.1775339E-03    0.1375441E-04    0.2680915E-02    0.4649107E-02    0.4971382E-02    0.1189986E-02   -0.3503888E-04   -0.9215570E-04   -0.1282134E-02   -0.1468910E+01   -0.7183026E-01    0.3767012E+01   -0.2948303E+02   -0.3955937E+01    0.7484986E+01    0.6428969E+01   -0.2600234E+01   -0.1662991E+00    0.7019706E-02    0.2404725E+01    0.2038846E+01    0.5197259E-03    0.1976252E-03    0.4901649E-03    0.8693706E-04    0.4215352E-03   -0.1542808E-02   -0.4504223E-02   -0.1741867E-02    0.3077280E-02    0.9231515E-03   -0.3311396E-02    0.3125123E-03    0.2213537E-03   -0.3249429E-03
   -0.5573563E-03    0.3099590E-02   -0.2920468E-03   -0.5437497E-01   -0.6767344E-01   -0.9976386E-01   -0.2721028E-01    0.2704471E-02    0.1957599E-02   -0.3644105E-02    0.4775028E+02   -0.4717519E+00   -0.2948303E+02    0.7332395E+03    0.6841337E+02   -0.6062667E+02   -0.8032165E+02    0.1322013E+02   -0.1335874E+01    0.1146711E+01   -0.1299103E+02   -0.2289102E+02   -0.7041578E-02   -0.3119153E-02   -0.1609361E-02   -0.3790433E-02   -0.2319418E-02    0.4382925E-01    0.1004278E+00    0.1609924E-01    0.1647906E-01   -0.1111742E-02    0.1974858E-01    0.1328881E-01    0.3952252E-02    0.4298768E-02
   -0.2360141E-03    0.1142511E-02   -0.1012427E-03   -0.1831204E-01   -0.2353926E-01   -0.3177199E-01   -0.6501966E-02    0.9137023E-03    0.8547812E-03    0.1309266E-01    0.1592385E+01    0.9594824E+00   -0.3955937E+01    0.6841337E+02    0.5589513E+02    0.3882864E+02    0.1307234E+02   -0.3991530E+01   -0.5743327E+00   -0.9789607E+00    0.4072473E+01    0.4311565E+01   -0.1353053E-02   -0.8379591E-03   -0.1233327E-02    0.1763983E-03    0.2696733E-02    0.9646082E-03    0.3060220E-02   -0.4806354E-03   -0.5996418E-03   -0.5168896E-02   -0.3714933E-02   -0.2354435E-02    0.1601746E-03    0.4400286E-03
   -0.3331140E-05    0.2116677E-03   -0.3017382E-04    0.6422414E-02   -0.5603315E-02    0.1739666E-01    0.3438507E-02    0.7911682E-03    0.9080511E-03    0.1308463E-01   -0.2082411E+02    0.1810770E+01    0.7484986E+01   -0.6062667E+02    0.3882864E+02    0.9069715E+02    0.6231455E+02   -0.1111689E+02   -0.7218243E+00   -0.7113152E+00    0.5022582E+01    0.7177575E+01    0.2702761E-02    0.5099282E-03    0.1429908E-02    0.1253219E-02    0.3842568E-02    0.1757326E-03   -0.1212448E-01   -0.9543734E-02    0.4667410E-01   -0.6036643E-02   -0.1045614E-01    0.2477324E-01    0.9083153E-03   -0.2209910E-02
    0.7434917E-04    0.8674924E-04   -0.4694134E-04    0.1878540E-01   -0.9569012E-02    0.4358890E-01    0.6916672E-02    0.1018509E-02    0.2998408E-03   -0.7298268E-02   -0.6689780E+02    0.7148796E+00    0.6428969E+01   -0.8032165E+02    0.1307234E+02    0.6231455E+02    0.1238750E+03   -0.9550713E+01   -0.1180703E+00   -0.9287876E+00    0.7029126E+00    0.2328083E+02    0.3795648E-02    0.6319427E-03    0.2526705E-02    0.5817799E-03    0.5539396E-03   -0.4369231E-02   -0.1170792E-01   -0.1002488E-01    0.2240719E-01    0.2540654E-02    0.1327786E-02    0.4935345E-01    0.5301966E-03   -0.7443843E-02
   -0.4700478E-04    0.1750220E-03   -0.1807838E-04   -0.5113060E-02   -0.4939249E-02   -0.1080667E-01   -0.2615072E-02   -0.9962155E-04   -0.4643054E-04    0.5178101E-03    0.3163948E+00    0.7187094E-01   -0.2600234E+01    0.1322013E+02   -0.3991530E+01   -0.1111689E+02   -0.9550713E+01    0.5665959E+01    0.1207216E+00    0.1723128E-01   -0.1981614E+01   -0.1700199E+01   -0.7350803E-03   -0.1580898E-03   -0.9076383E-03   -0.3366501E-03   -0.7609512E-03    0.4302267E-03    0.4214435E-02    0.2425448E-02   -0.4542617E-02   -0.9910134E-04    0.1392432E-02   -0.4714810E-02   -0.1526414E-03    0.1413189E-03
   -0.1879511E-05   -0.1186298E-04   -0.1383850E-05   -0.2910861E-03    0.1025425E-02   -0.6833095E-03    0.3463228E-03    0.7098619E-04   -0.1572659E-03    0.1496870E-02   -0.2606294E+00   -0.3242444E-02   -0.1662991E+00   -0.1335874E+01   -0.5743327E+00   -0.7218243E+00   -0.1180703E+00    0.1207216E+00    0.3119377E+01    0.7228459E+00    0.2968463E+00    0.5292776E+00    0.3779753E-03    0.1277289E-03    0.2430278E-03    0.3881008E-04   -0.5574204E-04   -0.1967766E-03   -0.4934033E-02   -0.5321186E-03   -0.6949684E-02   -0.4230024E-03   -0.2447549E-03   -0.2747568E-02    0.4315452E-03   -0.1042997E-04
   -0.8391230E-05    0.1657741E-04   -0.4227154E-06   -0.1367302E-02    0.9172620E-03   -0.3445839E-02   -0.4250304E-03   -0.1134866E-03    0.1294200E-03   -0.1684447E-02    0.6196093E+00   -0.3507752E-02    0.7019706E-02    0.1146711E+01   -0.9789607E+00   -0.7113152E+00   -0.9287876E+00    0.1723128E-01    0.7228459E+00    0.3093953E+01    0.2205417E+01    0.9300005E+00   -0.4839580E-04    0.3773597E-05    0.3909753E-03    0.1441280E-03    0.4000679E-03    0.2182110E-02    0.3068880E-02   -0.1642154E-04    0.2592354E-03   -0.5813015E-03   -0.9264000E-04   -0.8289516E-03   -0.4327934E-03   -0.1927163E-03
   -0.9790955E-05    0.7031590E-04   -0.1036959E-05   -0.3468988E-02    0.1992395E-02   -0.7003256E-02   -0.9786448E-03   -0.3311803E-04    0.3578639E-03    0.8286615E-03   -0.2861618E+01    0.9906778E-01    0.2404725E+01   -0.1299103E+02    0.4072473E+01    0.5022582E+01    0.7029126E+00   -0.1981614E+01    0.2968463E+00    0.2205417E+01    0.1769929E+02    0.2737581E+02   -0.6886342E-03   -0.6412525E-04   -0.3624444E-03    0.1221503E-03    0.9428474E-03    0.8529901E-02    0.1260411E-02   -0.9325332E-03   -0.2916518E-01   -0.4092665E-03   -0.1840456E-02   -0.7095073E-02   -0.6232796E-04    0.2607585E-02
    0.2375314E-04    0.1701553E-03   -0.2078563E-05    0.3575335E-03   -0.2400178E-02    0.3502882E-02   -0.1081937E-04    0.7499049E-03    0.7909815E-03    0.5138121E-02   -0.2548240E+02    0.1231702E+00    0.2038846E+01   -0.2289102E+02    0.4311565E+01    0.7177575E+01    0.2328083E+02   -0.1700199E+01    0.5292776E+00    0.9300005E+00    0.2737581E+02    0.6332686E+02   -0.3695430E-03    0.7657149E-05   -0.1107221E-02    0.5243071E-03    0.7470354E-03    0.1284656E-01   -0.6308353E-03   -0.2541837E-02   -0.4883716E-01    0.1373677E-02    0.7962192E-03    0.3837292E-02   -0.3659309E-04    0.4670098E-02
    0.1007079E-06   -0.1173277E-05    0.1121646E-06    0.8064147E-05    0.3079364E-04    0.1466237E-04    0.5952782E-05    0.1103616E-05   -0.1381634E-05   -0.7773948E-05   -0.2157461E-02    0.6964440E-04    0.5197259E-03   -0.7041578E-02   -0.1353053E-02    0.2702761E-02    0.3795648E-02   -0.7350803E-03    0.3779753E-03   -0.4839580E-04   -0.6886342E-03   -0.3695430E-03    0.1222035E-03    0.1107394E-04    0.2406554E-05    0.4869757E-05   -0.7284135E-06   -0.1731083E-04   -0.1357479E-04   -0.7775347E-05   -0.1123055E-04   -0.4338358E-05    0.1168359E-04    0.5501619E-05    0.1934887E-06   -0.2850889E-06
    0.2128048E-07   -0.4459188E-06    0.2562415E-07    0.1255019E-05    0.7406646E-05    0.1489012E-05    0.2134299E-05    0.2431390E-06   -0.5129065E-06   -0.7006285E-05   -0.4282109E-03    0.1608585E-04    0.1976252E-03   -0.3119153E-02   -0.8379591E-03    0.5099282E-03    0.6319427E-03   -0.1580898E-03    0.1277289E-03    0.3773597E-05   -0.6412525E-04    0.7657149E-05    0.1107394E-04    0.1358293E-04   -0.4129442E-06    0.6178834E-05   -0.1009062E-05   -0.7827268E-05    0.2690505E-05    0.2747945E-07   -0.2932755E-06    0.1356803E-05   -0.7053466E-05   -0.5824785E-05    0.3077141E-07   -0.1893260E-07
   -0.1638524E-07   -0.1147440E-06   -0.7542110E-07   -0.9944655E-06    0.1756763E-05   -0.2244905E-05    0.8819342E-06   -0.4959153E-07   -0.3038018E-05   -0.7569877E-05   -0.1204739E-03   -0.3791263E-04    0.4901649E-03   -0.1609361E-02   -0.1233327E-02    0.1429908E-02    0.2526705E-02   -0.9076383E-03    0.2430278E-03    0.3909753E-03   -0.3624444E-03   -0.1107221E-02    0.2406554E-05   -0.4129442E-06    0.2268034E-03    0.6870868E-06    0.2092233E-05   -0.4189633E-05    0.2897058E-04    0.1322251E-04   -0.2265611E-05    0.1059292E-05   -0.1163338E-04   -0.2144337E-04    0.4825135E-07   -0.3082327E-06
    0.3587968E-07   -0.5229295E-06    0.3952226E-07    0.1643122E-05    0.8692313E-05    0.2814317E-05    0.2576671E-05    0.6488681E-06   -0.6022348E-06   -0.1526425E-05   -0.1403679E-03    0.2824151E-04    0.8693706E-04   -0.3790433E-02    0.1763983E-03    0.1253219E-02    0.5817799E-03   -0.3366501E-03    0.3881008E-04    0.1441280E-03    0.1221503E-03    0.5243071E-03    0.4869757E-05    0.6178834E-05    0.6870868E-06    0.2971355E-04    0.6503830E-07   -0.5056236E-05    0.2971487E-05   -0.1602497E-05   -0.8400970E-05    0.1996123E-07   -0.5505535E-05   -0.2994569E-05   -0.7396913E-07    0.1259835E-06
    0.3388181E-07    0.2225494E-06    0.2470941E-07    0.2867441E-05    0.7693350E-05    0.8593229E-05   -0.6412238E-06    0.1217296E-05   -0.3453338E-06   -0.1791098E-04    0.4311924E-03    0.6580524E-04    0.4215352E-03   -0.2319418E-02    0.2696733E-02    0.3842568E-02    0.5539396E-03   -0.7609512E-03   -0.5574204E-04    0.4000679E-03    0.9428474E-03    0.7470354E-03   -0.7284135E-06   -0.1009062E-05    0.2092233E-05    0.6503830E-07    0.3923241E-03   -0.3622598E-04   -0.3360725E-04   -0.6696072E-05    0.3007791E-04    0.1557064E-04    0.1609397E-04    0.5880271E-04   -0.2291137E-06   -0.1904134E-06
    0.5714490E-07    0.1525304E-05    0.8948548E-07   -0.3009040E-04   -0.5390899E-04   -0.5436959E-04   -0.8976801E-06    0.5809804E-06    0.2327229E-05    0.2706176E-04   -0.4321236E-03    0.4484771E-03   -0.1542808E-02    0.4382925E-01    0.9646082E-03    0.1757326E-03   -0.4369231E-02    0.4302267E-03   -0.1967766E-03    0.2182110E-02    0.8529901E-02    0.1284656E-01   -0.1731083E-04   -0.7827268E-05   -0.4189633E-05   -0.5056236E-05   -0.3622598E-04    0.3476091E-02   -0.1873113E-04    0.3291090E-04   -0.1647363E-03    0.4965315E-04   -0.5523505E-05    0.3326828E-04   -0.4559088E-06    0.2078332E-05
   -0.5117621E-06    0.3303599E-05   -0.5615696E-06   -0.2617950E-04   -0.8085819E-04   -0.4371449E-04   -0.9681937E-05    0.1779952E-05    0.1424985E-04   -0.1007898E-03    0.5366089E-02    0.3995839E-04   -0.4504223E-02    0.1004278E+00    0.3060220E-02   -0.1212448E-01   -0.1170792E-01    0.4214435E-02   -0.4934033E-02    0.3068880E-02    0.1260411E-02   -0.6308353E-03   -0.1357479E-04    0.2690505E-05    0.2897058E-04    0.2971487E-05   -0.3360725E-04   -0.1873113E-04    0.5829725E-02    0.1810366E-02    0.1826048E-02   -0.7105024E-03   -0.1658999E-03    0.1290887E-03    0.1867331E-05    0.9086130E-06
   -0.1966724E-06    0.1281782E-05   -0.2619734E-06   -0.9847421E-05   -0.1719220E-04   -0.1419330E-04   -0.3780996E-05    0.1772071E-05    0.7459027E-05   -0.3019882E-04    0.5249678E-02   -0.7312421E-04   -0.1741867E-02    0.1609924E-01   -0.4806354E-03   -0.9543734E-02   -0.1002488E-01    0.2425448E-02   -0.5321186E-03   -0.1642154E-04   -0.9325332E-03   -0.2541837E-02   -0.7775347E-05    0.2747945E-07    0.1322251E-04   -0.1602497E-05   -0.6696072E-05    0.3291090E-04    0.1810366E-02    0.1205982E-02    0.7479238E-03    0.2053915E-03   -0.1012880E-04   -0.1988712E-03   -0.2982491E-06    0.8738580E-06
   -0.5343159E-06    0.1325267E-05    0.5355673E-06    0.3010815E-04   -0.1278098E-03    0.4643463E-04   -0.1349388E-05   -0.8602245E-05   -0.4535936E-05   -0.1397652E-03    0.4814263E-02    0.6689122E-03    0.3077280E-02    0.1647906E-01   -0.5996418E-03    0.4667410E-01    0.2240719E-01   -0.4542617E-02   -0.6949684E-02    0.2592354E-03   -0.2916518E-01   -0.4883716E-01   -0.1123055E-04   -0.2932755E-06   -0.2265611E-05   -0.8400970E-05    0.3007791E-04   -0.1647363E-03    0.1826048E-02    0.7479238E-03    0.3284716E-01   -0.6472251E-03    0.1870242E-02    0.1120386E-01   -0.2229580E-05   -0.5075825E-05
    0.4943760E-08   -0.1454970E-07   -0.1051901E-06    0.6095324E-05    0.3252083E-04    0.1226413E-04   -0.6342542E-06   -0.2798512E-06   -0.2454295E-06    0.5163877E-04   -0.1083236E-02   -0.3413854E-03    0.9231515E-03   -0.1111742E-02   -0.5168896E-02   -0.6036643E-02    0.2540654E-02   -0.9910134E-04   -0.4230024E-03   -0.5813015E-03   -0.4092665E-03    0.1373677E-02   -0.4338358E-05    0.1356803E-05    0.1059292E-05    0.1996123E-07    0.1557064E-04    0.4965315E-04   -0.7105024E-03    0.2053915E-03   -0.6472251E-03    0.1415843E-02    0.1472252E-03   -0.5251904E-03    0.4227457E-06    0.1507028E-06
   -0.1493223E-06   -0.9079976E-06   -0.9058374E-07    0.4645832E-04    0.4763619E-04    0.9686635E-04    0.2677840E-05    0.2583686E-05    0.3656904E-05    0.1208479E-04   -0.3100294E-02    0.1260772E-04   -0.3311396E-02    0.1974858E-01   -0.3714933E-02   -0.1045614E-01    0.1327786E-02    0.1392432E-02   -0.2447549E-03   -0.9264000E-04   -0.1840456E-02    0.7962192E-03    0.1168359E-04   -0.7053466E-05   -0.1163338E-04   -0.5505535E-05    0.1609397E-04   -0.5523505E-05   -0.1658999E-03   -0.1012880E-04    0.1870242E-02    0.1472252E-03    0.5176380E-02    0.4155110E-02    0.6681692E-07   -0.6840944E-06
   -0.1089185E-05   -0.1170855E-05   -0.4907020E-06    0.9484685E-04   -0.2890753E-04    0.1867727E-03    0.9470228E-05    0.4462497E-06   -0.3750652E-05   -0.3767406E-03   -0.2301898E-01    0.1495061E-03    0.3125123E-03    0.1328881E-01   -0.2354435E-02    0.2477324E-01    0.4935345E-01   -0.4714810E-02   -0.2747568E-02   -0.8289516E-03   -0.7095073E-02    0.3837292E-02    0.5501619E-05   -0.5824785E-05   -0.2144337E-04   -0.2994569E-05    0.5880271E-04    0.3326828E-04    0.1290887E-03   -0.1988712E-03    0.1120386E-01   -0.5251904E-03    0.4155110E-02    0.3595108E-01   -0.8024174E-06   -0.4209680E-05
    0.6577148E-08   -0.2159915E-08    0.8404452E-09    0.2450995E-06   -0.2875730E-06    0.7498293E-06   -0.6043947E-07    0.1213952E-07   -0.1702634E-07   -0.2556661E-06   -0.1586551E-03    0.1352548E-04    0.2213537E-03    0.3952252E-02    0.1601746E-03    0.9083153E-03    0.5301966E-03   -0.1526414E-03    0.4315452E-03   -0.4327934E-03   -0.6232796E-04   -0.3659309E-04    0.1934887E-06    0.3077141E-07    0.4825135E-07   -0.7396913E-07   -0.2291137E-06   -0.4559088E-06    0.1867331E-05   -0.2982491E-06   -0.2229580E-05    0.4227457E-06    0.6681692E-07   -0.8024174E-06    0.5320530E-06    0.1252799E-07
   -0.8028320E-08    0.5474000E-07    0.3776423E-08   -0.1936258E-05    0.1639101E-06   -0.3693094E-05   -0.6267060E-06    0.3290847E-07    0.1348841E-06    0.1988386E-05    0.4300270E-02   -0.1288020E-04   -0.3249429E-03    0.4298768E-02    0.4400286E-03   -0.2209910E-02   -0.7443843E-02    0.1413189E-03   -0.1042997E-04   -0.1927163E-03    0.2607585E-02    0.4670098E-02   -0.2850889E-06   -0.1893260E-07   -0.3082327E-06    0.1259835E-06   -0.1904134E-06    0.2078332E-05    0.9086130E-06    0.8738580E-06   -0.5075825E-05    0.1507028E-06   -0.6840944E-06   -0.4209680E-05    0.1252799E-07    0.2083964E-05
