# omegabh2 omegach2 theta tau mnu nnu logA ns acib217 acibsz143 asz143 aps100 aps143 aps143217 aps217 aksz kgal100 t1gal143 t1gal143217 t1gal217 galfEE100 galfEE100143 galfEE100217 galfEE143 galfEE143217 galfEE217 galfTE100 galfTE100143 galfTE100217 galfTE143 galfTE143217 galfTE217 calib_100T calib_217T
    0.5968451E-07    0.3888118E-06   -0.3120980E-07    0.9680695E-06   -0.1545293E-05    0.3821485E-04    0.2841602E-05    0.1788159E-05    0.1249619E-03    0.5317831E-04    0.3353324E-04   -0.5408260E-03   -0.2709687E-03   -0.2875319E-03   -0.2973216E-03    0.4131414E-04    0.8254126E-03    0.5972672E-03    0.6137906E-03    0.5958242E-03    0.3621854E-06    0.3477185E-06    0.5231954E-06    0.3752538E-06    0.4297016E-06    0.5156388E-06   -0.2295050E-05   -0.4045777E-05   -0.4922981E-05   -0.6573706E-05   -0.9118228E-05   -0.1467219E-04   -0.3772480E-07   -0.1601477E-08
    0.3888118E-06    0.1125666E-04   -0.1064015E-05    0.2599326E-05    0.6708927E-04    0.6453285E-03    0.2920924E-04    0.1788813E-04    0.6144727E-02    0.2999135E-02    0.5865483E-03   -0.1206071E-02   -0.2254473E-02   -0.7087074E-02   -0.7328571E-02    0.1284480E-02    0.1222580E-01    0.1255327E-01    0.1313930E-01    0.1334735E-01    0.1590876E-05    0.9344636E-06    0.7237569E-06    0.8721821E-06    0.1067953E-05    0.2055908E-06    0.1446502E-05   -0.7316686E-05   -0.1386375E-04   -0.1420426E-05   -0.5356557E-05   -0.1202295E-04   -0.3030723E-06   -0.2594576E-06
   -0.3120980E-07   -0.1064015E-05    0.1898026E-06   -0.5137960E-06   -0.1372907E-04   -0.6355744E-04   -0.3167189E-05   -0.1693772E-05   -0.6119347E-03   -0.3029064E-03   -0.4730482E-04   -0.7482165E-05    0.1828946E-03    0.7023756E-03    0.7534449E-03   -0.1298961E-03   -0.1188481E-02   -0.1352089E-02   -0.1394523E-02   -0.1418075E-02   -0.2351355E-06   -0.1855419E-06   -0.1245963E-06   -0.1384296E-06   -0.1273252E-06   -0.3432624E-08   -0.5374672E-06    0.4311407E-06    0.1805641E-05   -0.5260844E-06    0.1182263E-06    0.5323999E-06    0.1801586E-07    0.2195521E-07
    0.9680695E-06    0.2599326E-05   -0.5137960E-06    0.1789424E-03    0.3676930E-03    0.5900630E-03    0.3622136E-03    0.4078468E-04   -0.5639850E-02   -0.3026512E-02   -0.2506375E-03   -0.1031809E-01    0.2193528E-02    0.6968553E-02    0.6074288E-02   -0.8386049E-03    0.2252720E-02    0.2864880E-03    0.2656829E-02    0.4618225E-02    0.7793580E-05    0.1025230E-04    0.1147676E-04    0.1099309E-04    0.1050401E-04    0.1056081E-04   -0.7753267E-04   -0.7234962E-04   -0.6150757E-04   -0.1503600E-03   -0.2080830E-03   -0.3509790E-03    0.1070764E-06   -0.1940559E-06
   -0.1545293E-05    0.6708927E-04   -0.1372907E-04    0.3676930E-03    0.1710714E-01    0.3613022E-02    0.7862101E-03    0.2084379E-04    0.1001698E+00    0.4004520E-01    0.8884157E-02   -0.1115209E-01   -0.3946407E-01   -0.1159405E+00   -0.1486904E+00    0.2414023E-01    0.1930992E+00    0.2132334E+00    0.2507657E+00    0.2716105E+00    0.5069607E-04    0.3476805E-04    0.2414177E-04    0.1821494E-04    0.4038557E-05   -0.2962763E-04   -0.4161709E-04   -0.1014522E-04   -0.7694684E-04   -0.1917349E-04    0.1501397E-03    0.5456932E-03   -0.3215000E-05   -0.1002420E-04
    0.3821485E-04    0.6453285E-03   -0.6355744E-04    0.5900630E-03    0.3613022E-02    0.4574304E-01    0.2511449E-02    0.1641182E-02    0.3705911E+00    0.1814682E+00    0.4749063E-01   -0.2914434E+00   -0.2571088E+00   -0.5151638E+00   -0.5242187E+00    0.9291076E-01    0.8723038E+00    0.9302480E+00    0.9700075E+00    0.9738268E+00    0.2611940E-03    0.2361304E-03    0.2691300E-03    0.2355655E-03    0.2447870E-03    0.2141821E-03   -0.8429387E-03   -0.1662990E-02   -0.2292409E-02   -0.2256105E-02   -0.3357324E-02   -0.5700764E-02   -0.1504767E-04   -0.1326113E-04
    0.2841602E-05    0.2920924E-04   -0.3167189E-05    0.3622136E-03    0.7862101E-03    0.2511449E-02    0.7927687E-03    0.1166215E-03   -0.9241032E-03   -0.1545915E-02   -0.1727810E-03   -0.1042178E-01    0.9118144E-02    0.9458253E-02    0.5804856E-02   -0.2882565E-03    0.2037605E-01    0.6187744E-02    0.1215636E-01    0.1667116E-01    0.1554016E-04    0.1899234E-04    0.2202689E-04    0.2046905E-04    0.2036863E-04    0.1959390E-04   -0.1488902E-03   -0.1556402E-03   -0.1445648E-03   -0.2999433E-03   -0.4266367E-03   -0.7284497E-03   -0.1541271E-05   -0.9486025E-06
    0.1788159E-05    0.1788813E-04   -0.1693772E-05    0.4078468E-04    0.2084379E-04    0.1641182E-02    0.1166215E-03    0.8420717E-04    0.2216285E-02    0.9474137E-03    0.4059616E-03   -0.2081920E-01   -0.4307426E-02   -0.4794063E-02   -0.4967075E-02    0.1014712E-02    0.2707434E-01    0.2737464E-01    0.2757464E-01    0.2752957E-01    0.1853665E-04    0.1844757E-04    0.2150523E-04    0.1863788E-04    0.1848874E-04    0.1935487E-04   -0.6591805E-04   -0.9703103E-04   -0.1248011E-03   -0.1470665E-03   -0.2197649E-03   -0.3744733E-03   -0.1391836E-06    0.1921308E-07
    0.1249619E-03    0.6144727E-02   -0.6119347E-03   -0.5639850E-02    0.1001698E+00    0.3705911E+00   -0.9241032E-03    0.2216285E-02    0.6948025E+02    0.2755138E+02    0.1424867E+01    0.6798372E+01   -0.2746136E+02   -0.7538373E+02   -0.8893245E+02   -0.2487077E+01    0.4421021E+01   -0.4908978E+00   -0.6265220E+01   -0.1133384E+02    0.8221021E-03   -0.1155438E-02   -0.7088630E-03   -0.8569241E-03    0.3542593E-03    0.1845861E-02    0.7839356E-03    0.3255771E-02   -0.6837281E-02    0.1013656E-02   -0.2270178E-01   -0.9342534E-01    0.2304764E-03   -0.3060444E-02
    0.5317831E-04    0.2999135E-02   -0.3029064E-03   -0.3026512E-02    0.4004520E-01    0.1814682E+00   -0.1545915E-02    0.9474137E-03    0.2755138E+02    0.1998105E+02    0.2827681E+01   -0.1837935E+02   -0.2760229E+02   -0.5023344E+02   -0.3116688E+02   -0.1122236E+01    0.1366179E+00   -0.2226791E+01   -0.9242122E+01   -0.1058011E+02    0.6160616E-03    0.4137250E-04    0.5461667E-03   -0.1926860E-03    0.5140608E-03    0.1874955E-02    0.1030646E-01    0.3300049E-02    0.1330189E-01   -0.7014967E-02    0.2095090E-02    0.1101661E-01    0.7360223E-04   -0.2347542E-03
    0.3353324E-04    0.5865483E-03   -0.4730482E-04   -0.2506375E-03    0.8884157E-02    0.4749063E-01   -0.1727810E-03    0.4059616E-03    0.1424867E+01    0.2827681E+01    0.6444518E+01   -0.4500602E+02   -0.1940716E+02   -0.6337079E+01   -0.1608629E+01    0.3724308E-01   -0.2918675E+01   -0.1177093E+01    0.2696538E+01    0.3254284E+01    0.5891956E-03    0.5757305E-03    0.8435043E-03    0.3789403E-03    0.5086270E-03    0.6232961E-03   -0.6885410E-02   -0.7956092E-02   -0.1273694E-01   -0.7687496E-02   -0.9279853E-02   -0.6364735E-02   -0.1416837E-03    0.1664066E-03
   -0.5408260E-03   -0.1206071E-02   -0.7482165E-05   -0.1031809E-01   -0.1115209E-01   -0.2914434E+00   -0.1042178E-01   -0.2081920E-01    0.6798372E+01   -0.1837935E+02   -0.4500602E+02    0.7836417E+03    0.1922618E+03    0.7712391E+02    0.2088257E+02   -0.1415388E+02   -0.4489966E+02   -0.1753143E+01   -0.1240894E+02   -0.1092257E+02   -0.1072496E-01   -0.1373142E-01   -0.2006701E-01   -0.1238512E-01   -0.1596661E-01   -0.1843288E-01    0.7305511E-01    0.1061989E+00    0.1644044E+00    0.1496197E+00    0.1923417E+00    0.2595520E+00   -0.7078697E-03   -0.3052901E-02
   -0.2709687E-03   -0.2254473E-02    0.1828946E-03    0.2193528E-02   -0.3946407E-01   -0.2571088E+00    0.9118144E-02   -0.4307426E-02   -0.2746136E+02   -0.2760229E+02   -0.1940716E+02    0.1922618E+03    0.1294085E+03    0.1036927E+03    0.6012151E+02   -0.1202891E+02   -0.2670469E+01   -0.1298369E+02   -0.8338106E+01   -0.5964625E+01   -0.4947178E-02   -0.4814396E-02   -0.6295377E-02   -0.4107016E-02   -0.5489150E-02   -0.2840769E-02    0.1744509E-01    0.5617114E-01    0.5899220E-01    0.9589706E-01    0.9957661E-01    0.1190667E+00   -0.3568624E-03   -0.6433509E-03
   -0.2875319E-03   -0.7087074E-02    0.7023756E-03    0.6968553E-02   -0.1159405E+00   -0.5151638E+00    0.9458253E-02   -0.4794063E-02   -0.7538373E+02   -0.5023344E+02   -0.6337079E+01    0.7712391E+02    0.1036927E+03    0.1660475E+03    0.1223963E+03   -0.9553557E+01   -0.1219457E+02   -0.1593642E+02   -0.4814071E+01   -0.4694449E+01   -0.3770371E-02   -0.2292661E-02   -0.3542096E-02   -0.1820756E-02   -0.4055694E-02   -0.2380523E-02   -0.1633525E-01    0.1984333E-01    0.1674506E-01    0.6309102E-01    0.6644520E-01    0.9937457E-01   -0.9226332E-03    0.2109013E-02
   -0.2973216E-03   -0.7328571E-02    0.7534449E-03    0.6074288E-02   -0.1486904E+00   -0.5242187E+00    0.5804856E-02   -0.4967075E-02   -0.8893245E+02   -0.3116688E+02   -0.1608629E+01    0.2088257E+02    0.6012151E+02    0.1223963E+03    0.1548732E+03   -0.9214222E+01   -0.1555225E+02   -0.2025155E+02   -0.2502638E+02   -0.2647161E+02   -0.3184738E-02   -0.8010502E-03   -0.7999444E-03   -0.1097807E-02   -0.2697209E-02   -0.1912468E-03    0.1096700E-01    0.2251362E-01    0.5074582E-01    0.4459788E-01    0.9390955E-01    0.2120798E+00   -0.1119601E-02    0.5775497E-02
    0.4131414E-04    0.1284480E-02   -0.1298961E-03   -0.8386049E-03    0.2414023E-01    0.9291076E-01   -0.2882565E-03    0.1014712E-02   -0.2487077E+01   -0.1122236E+01    0.3724308E-01   -0.1415388E+02   -0.1202891E+02   -0.9553557E+01   -0.9214222E+01    0.8166142E+01    0.9481321E-01   -0.1822334E+00   -0.2309185E+00   -0.1845205E+00   -0.5745646E-05    0.1523067E-03    0.1252324E-03    0.1104326E-03    0.2613464E-03   -0.2369504E-02   -0.2756974E-02   -0.6798328E-02   -0.8554344E-02   -0.8475665E-02   -0.9347173E-02   -0.9572118E-02   -0.2073032E-04    0.1021915E-03
    0.8254126E-03    0.1222580E-01   -0.1188481E-02    0.2252720E-02    0.1930992E+00    0.8723038E+00    0.2037605E-01    0.2707434E-01    0.4421021E+01    0.1366179E+00   -0.2918675E+01   -0.4489966E+02   -0.2670469E+01   -0.1219457E+02   -0.1555225E+02    0.9481321E-01    0.1810603E+03    0.8363160E+02    0.8057865E+02    0.7737436E+02    0.4181304E-02    0.3620847E-02    0.2505964E-02    0.4254838E-02    0.4615838E-02    0.1247559E-02   -0.3961305E-01   -0.8431957E-01   -0.1031917E+00   -0.6919857E-01   -0.8444161E-01   -0.1714944E+00   -0.1344256E-01   -0.9713320E-04
    0.5972672E-03    0.1255327E-01   -0.1352089E-02    0.2864880E-03    0.2132334E+00    0.9302480E+00    0.6187744E-02    0.2737464E-01   -0.4908978E+00   -0.2226791E+01   -0.1177093E+01   -0.1753143E+01   -0.1298369E+02   -0.1593642E+02   -0.2025155E+02   -0.1822334E+00    0.8363160E+02    0.1409257E+03    0.1430853E+03    0.1417093E+03    0.8814138E-02    0.8216472E-02    0.4470302E-02    0.7220391E-02    0.6714041E-02    0.2195010E-02   -0.8976389E-02   -0.6389333E-01   -0.9134374E-01   -0.9699386E-01   -0.1158500E+00   -0.1848684E+00    0.3284647E-02   -0.6160793E-04
    0.6137906E-03    0.1313930E-01   -0.1394523E-02    0.2656829E-02    0.2507657E+00    0.9700075E+00    0.1215636E-01    0.2757464E-01   -0.6265220E+01   -0.9242122E+01    0.2696538E+01   -0.1240894E+02   -0.8338106E+01   -0.4814071E+01   -0.2502638E+02   -0.2309185E+00    0.8057865E+02    0.1430853E+03    0.1818585E+03    0.2039103E+03    0.8359972E-02    0.7468129E-02    0.2793257E-02    0.6812124E-02    0.4389906E-02   -0.2043792E-02   -0.1307326E-01   -0.5636755E-01   -0.1092400E+00   -0.7403958E-01   -0.1064193E+00   -0.1645943E+00    0.3146378E-02   -0.4850182E-02
    0.5958242E-03    0.1334735E-01   -0.1418075E-02    0.4618225E-02    0.2716105E+00    0.9738268E+00    0.1667116E-01    0.2752957E-01   -0.1133384E+02   -0.1058011E+02    0.3254284E+01   -0.1092257E+02   -0.5964625E+01   -0.4694449E+01   -0.2647161E+02   -0.1845205E+00    0.7737436E+02    0.1417093E+03    0.2039103E+03    0.2495160E+03    0.7928652E-02    0.7031821E-02    0.1491677E-02    0.6813874E-02    0.2596786E-02   -0.4236673E-02   -0.6223236E-02   -0.4350065E-01   -0.9157118E-01   -0.5748332E-01   -0.7510036E-01   -0.8906808E-01    0.3215776E-02   -0.9104280E-02
    0.3621854E-06    0.1590876E-05   -0.2351355E-06    0.7793580E-05    0.5069607E-04    0.2611940E-03    0.1554016E-04    0.1853665E-04    0.8221021E-03    0.6160616E-03    0.5891956E-03   -0.1072496E-01   -0.4947178E-02   -0.3770371E-02   -0.3184738E-02   -0.5745646E-05    0.4181304E-02    0.8814138E-02    0.8359972E-02    0.7928652E-02    0.7198947E-04    0.2643309E-04    0.3287606E-04    0.1457989E-04    0.1510898E-04    0.1584253E-04   -0.1129635E-03   -0.8094730E-04   -0.8437106E-04   -0.5539857E-04   -0.7409576E-04   -0.1458415E-03    0.6197615E-06    0.2343674E-07
    0.3477185E-06    0.9344636E-06   -0.1855419E-06    0.1025230E-04    0.3476805E-04    0.2361304E-03    0.1899234E-04    0.1844757E-04   -0.1155438E-02    0.4137250E-04    0.5757305E-03   -0.1373142E-01   -0.4814396E-02   -0.2292661E-02   -0.8010502E-03    0.1523067E-03    0.3620847E-02    0.8216472E-02    0.7468129E-02    0.7031821E-02    0.2643309E-04    0.4305867E-04    0.3991068E-04    0.3194354E-04    0.3247939E-04    0.3147666E-04   -0.5914743E-04   -0.9591490E-04   -0.8457816E-04   -0.1294238E-03   -0.1361682E-03   -0.1720168E-03    0.6323505E-06    0.2351372E-06
    0.5231954E-06    0.7237569E-06   -0.1245963E-06    0.1147676E-04    0.2414177E-04    0.2691300E-03    0.2202689E-04    0.2150523E-04   -0.7088630E-03    0.5461667E-03    0.8435043E-03   -0.2006701E-01   -0.6295377E-02   -0.3542096E-02   -0.7999444E-03    0.1252324E-03    0.2505964E-02    0.4470302E-02    0.2793257E-02    0.1491677E-02    0.3287606E-04    0.3991068E-04    0.1260258E-03    0.2806400E-04    0.6458615E-04    0.1207340E-03   -0.8969091E-04   -0.1316241E-03   -0.1930625E-03   -0.1127090E-03   -0.2497512E-03   -0.5382936E-03    0.5740121E-06    0.3364648E-06
    0.3752538E-06    0.8721821E-06   -0.1384296E-06    0.1099309E-04    0.1821494E-04    0.2355655E-03    0.2046905E-04    0.1863788E-04   -0.8569241E-03   -0.1926860E-03    0.3789403E-03   -0.1238512E-01   -0.4107016E-02   -0.1820756E-02   -0.1097807E-02    0.1104326E-03    0.4254838E-02    0.7220391E-02    0.6812124E-02    0.6813874E-02    0.1457989E-04    0.3194354E-04    0.2806400E-04    0.8808976E-04    0.5801263E-04    0.4093881E-04   -0.1370789E-04   -0.8134725E-04   -0.6495526E-04   -0.2014398E-03   -0.1995537E-03   -0.2657094E-03    0.3669629E-06    0.1555741E-06
    0.4297016E-06    0.1067953E-05   -0.1273252E-06    0.1050401E-04    0.4038557E-05    0.2447870E-03    0.2036863E-04    0.1848874E-04    0.3542593E-03    0.5140608E-03    0.5086270E-03   -0.1596661E-01   -0.5489150E-02   -0.4055694E-02   -0.2697209E-02    0.2613464E-03    0.4615838E-02    0.6714041E-02    0.4389906E-02    0.2596786E-02    0.1510898E-04    0.3247939E-04    0.6458615E-04    0.5801263E-04    0.1296583E-03    0.1616060E-03    0.2856546E-05   -0.6871662E-04   -0.9097106E-04   -0.1736051E-03   -0.2377104E-03   -0.4665520E-03    0.4094076E-06    0.4974526E-06
    0.5156388E-06    0.2055908E-06   -0.3432624E-08    0.1056081E-04   -0.2962763E-04    0.2141821E-03    0.1959390E-04    0.1935487E-04    0.1845861E-02    0.1874955E-02    0.6232961E-03   -0.1843288E-01   -0.2840769E-02   -0.2380523E-02   -0.1912468E-03   -0.2369504E-02    0.1247559E-02    0.2195010E-02   -0.2043792E-02   -0.4236673E-02    0.1584253E-04    0.3147666E-04    0.1207340E-03    0.4093881E-04    0.1616060E-03    0.6530225E-03    0.8195066E-05   -0.7492119E-04   -0.1806218E-03   -0.1404866E-03   -0.3437414E-03   -0.6138803E-03    0.9184569E-06    0.6765460E-06
   -0.2295050E-05    0.1446502E-05   -0.5374672E-06   -0.7753267E-04   -0.4161709E-04   -0.8429387E-03   -0.1488902E-03   -0.6591805E-04    0.7839356E-03    0.1030646E-01   -0.6885410E-02    0.7305511E-01    0.1744509E-01   -0.1633525E-01    0.1096700E-01   -0.2756974E-02   -0.3961305E-01   -0.8976389E-02   -0.1307326E-01   -0.6223236E-02   -0.1129635E-03   -0.5914743E-04   -0.8969091E-04   -0.1370789E-04    0.2856546E-05    0.8195066E-05    0.1338019E-01    0.8518277E-02    0.9696723E-02    0.1866550E-02    0.2189122E-02    0.3352554E-02    0.4562587E-05   -0.7646814E-06
   -0.4045777E-05   -0.7316686E-05    0.4311407E-06   -0.7234962E-04   -0.1014522E-04   -0.1662990E-02   -0.1556402E-03   -0.9703103E-04    0.3255771E-02    0.3300049E-02   -0.7956092E-02    0.1061989E+00    0.5617114E-01    0.1984333E-01    0.2251362E-01   -0.6798328E-02   -0.8431957E-01   -0.6389333E-01   -0.5636755E-01   -0.4350065E-01   -0.8094730E-04   -0.9591490E-04   -0.1316241E-03   -0.8134725E-04   -0.6871662E-04   -0.7492119E-04    0.8518277E-02    0.1212003E-01    0.1359435E-01    0.8546630E-02    0.8380683E-02    0.8010154E-02    0.4824017E-05   -0.3046632E-05
   -0.4922981E-05   -0.1386375E-04    0.1805641E-05   -0.6150757E-04   -0.7694684E-04   -0.2292409E-02   -0.1445648E-03   -0.1248011E-03   -0.6837281E-02    0.1330189E-01   -0.1273694E-01    0.1644044E+00    0.5899220E-01    0.1674506E-01    0.5074582E-01   -0.8554344E-02   -0.1031917E+00   -0.9134374E-01   -0.1092400E+00   -0.9157118E-01   -0.8437106E-04   -0.8457816E-04   -0.1930625E-03   -0.6495526E-04   -0.9097106E-04   -0.1806218E-03    0.9696723E-02    0.1359435E-01    0.2584863E-01    0.5066975E-02    0.1210882E-01    0.2311665E-01    0.4612807E-05   -0.2432509E-05
   -0.6573706E-05   -0.1420426E-05   -0.5260844E-06   -0.1503600E-03   -0.1917349E-04   -0.2256105E-02   -0.2999433E-03   -0.1470665E-03    0.1013656E-02   -0.7014967E-02   -0.7687496E-02    0.1496197E+00    0.9589706E-01    0.6309102E-01    0.4459788E-01   -0.8475665E-02   -0.6919857E-01   -0.9699386E-01   -0.7403958E-01   -0.5748332E-01   -0.5539857E-04   -0.1294238E-03   -0.1127090E-03   -0.2014398E-03   -0.1736051E-03   -0.1404866E-03    0.1866550E-02    0.8546630E-02    0.5066975E-02    0.2257266E-01    0.2059732E-01    0.1487798E-01   -0.2243488E-05   -0.4428130E-05
   -0.9118228E-05   -0.5356557E-05    0.1182263E-06   -0.2080830E-03    0.1501397E-03   -0.3357324E-02   -0.4266367E-03   -0.2197649E-03   -0.2270178E-01    0.2095090E-02   -0.9279853E-02    0.1923417E+00    0.9957661E-01    0.6644520E-01    0.9390955E-01   -0.9347173E-02   -0.8444161E-01   -0.1158500E+00   -0.1064193E+00   -0.7510036E-01   -0.7409576E-04   -0.1361682E-03   -0.2497512E-03   -0.1995537E-03   -0.2377104E-03   -0.3437414E-03    0.2189122E-02    0.8380683E-02    0.1210882E-01    0.2059732E-01    0.3093190E-01    0.4285987E-01   -0.2598009E-05   -0.4087425E-05
   -0.1467219E-04   -0.1202295E-04    0.5323999E-06   -0.3509790E-03    0.5456932E-03   -0.5700764E-02   -0.7284497E-03   -0.3744733E-03   -0.9342534E-01    0.1101661E-01   -0.6364735E-02    0.2595520E+00    0.1190667E+00    0.9937457E-01    0.2120798E+00   -0.9572118E-02   -0.1714944E+00   -0.1848684E+00   -0.1645943E+00   -0.8906808E-01   -0.1458415E-03   -0.1720168E-03   -0.5382936E-03   -0.2657094E-03   -0.4665520E-03   -0.6138803E-03    0.3352554E-02    0.8010154E-02    0.2311665E-01    0.1487798E-01    0.4285987E-01    0.1046970E+00   -0.7391381E-06   -0.1817863E-05
   -0.3772480E-07   -0.3030723E-06    0.1801586E-07    0.1070764E-06   -0.3215000E-05   -0.1504767E-04   -0.1541271E-05   -0.1391836E-06    0.2304764E-03    0.7360223E-04   -0.1416837E-03   -0.7078697E-03   -0.3568624E-03   -0.9226332E-03   -0.1119601E-02   -0.2073032E-04   -0.1344256E-01    0.3284647E-02    0.3146378E-02    0.3215776E-02    0.6197615E-06    0.6323505E-06    0.5740121E-06    0.3669629E-06    0.4094076E-06    0.9184569E-06    0.4562587E-05    0.4824017E-05    0.4612807E-05   -0.2243488E-05   -0.2598009E-05   -0.7391381E-06    0.2370222E-05   -0.1446575E-07
   -0.1601477E-08   -0.2594576E-06    0.2195521E-07   -0.1940559E-06   -0.1002420E-04   -0.1326113E-04   -0.9486025E-06    0.1921308E-07   -0.3060444E-02   -0.2347542E-03    0.1664066E-03   -0.3052901E-02   -0.6433509E-03    0.2109013E-02    0.5775497E-02    0.1021915E-03   -0.9713320E-04   -0.6160793E-04   -0.4850182E-02   -0.9104280E-02    0.2343674E-07    0.2351372E-06    0.3364648E-06    0.1555741E-06    0.4974526E-06    0.6765460E-06   -0.7646814E-06   -0.3046632E-05   -0.2432509E-05   -0.4428130E-05   -0.4087425E-05   -0.1817863E-05   -0.1446575E-07    0.1260256E-05
