# omegabh2 omegach2 theta tau w wa ns logA aps100 aps143 aps217 acib143 acib217 asz143 psr cibr ncib cal0 cal2 xi aksz bm_1_1
    0.79614E-07   -0.41691E-06    0.82282E-07    0.11075E-05    0.11055E-04   -0.27313E-04    0.11801E-05    0.13847E-05   -0.94745E-03   -0.70637E-03   -0.64095E-04   -0.85676E-04   -0.26098E-03    0.20348E-04   -0.44630E-06   -0.33718E-05   -0.16528E-05    0.78019E-09   -0.70784E-08    0.15276E-05   -0.47797E-04   -0.99910E-05
   -0.41691E-06    0.70435E-05   -0.70344E-06   -0.12004E-04   -0.12201E-03    0.19540E-03   -0.15154E-04   -0.70779E-05    0.80281E-02    0.39695E-02    0.20922E-02   -0.28885E-03    0.38334E-03   -0.22054E-03    0.73682E-05   -0.11741E-04    0.14711E-04   -0.26158E-08    0.11893E-06    0.33752E-05   -0.13784E-04    0.15777E-03
    0.82282E-07   -0.70344E-06    0.38752E-06    0.16054E-05    0.16860E-04   -0.33165E-04    0.20571E-05    0.18688E-05   -0.74381E-03   -0.54323E-03   -0.31667E-03    0.64440E-05   -0.46822E-04    0.26743E-04   -0.78092E-06    0.25698E-05   -0.80000E-06   -0.39907E-09   -0.16229E-08    0.58429E-06   -0.29250E-05   -0.12428E-04
    0.11075E-05   -0.12004E-04    0.16054E-05    0.17097E-03    0.20101E-03   -0.24260E-03    0.37604E-04    0.31283E-03   -0.40342E-01   -0.10866E-01    0.26445E-02   -0.30134E-02   -0.65178E-02    0.54759E-04    0.86607E-05   -0.15581E-03   -0.22753E-04    0.16663E-07   -0.20323E-06    0.71885E-04   -0.21621E-02   -0.30006E-03
    0.11055E-04   -0.12201E-03    0.16860E-04    0.20101E-03    0.40777E-01   -0.14534E+00    0.28739E-03    0.13489E-03   -0.30921E+00   -0.99364E-01    0.46054E-01   -0.23595E-01   -0.62274E-01    0.86377E-02   -0.14252E-03   -0.44094E-03   -0.53124E-03   -0.61588E-06    0.68548E-06    0.68049E-03   -0.70866E-02   -0.15027E-02
   -0.27313E-04    0.19540E-03   -0.33165E-04   -0.24260E-03   -0.14534E+00    0.65228E+00   -0.47279E-03   -0.16371E-03    0.11134E+01    0.13910E+00   -0.30753E+00    0.15408E+00    0.24975E+00   -0.27779E-01    0.22725E-03    0.19460E-02    0.15548E-02    0.19830E-05   -0.57837E-05   -0.34812E-02    0.51973E-01   -0.21546E-03
    0.11801E-05   -0.15154E-04    0.20571E-05    0.37604E-04    0.28739E-03   -0.47279E-03    0.52879E-04    0.38642E-04   -0.56992E-01   -0.12133E-01    0.97963E-02   -0.44926E-02   -0.96291E-02    0.88426E-04    0.28702E-04   -0.21281E-03   -0.23286E-04   -0.38760E-07    0.57805E-07    0.43796E-04   -0.30869E-02   -0.13015E-03
    0.13847E-05   -0.70779E-05    0.18688E-05    0.31283E-03    0.13489E-03   -0.16371E-03    0.38642E-04    0.61675E-03   -0.69605E-01   -0.78996E-02    0.21745E-01   -0.10513E-01   -0.16957E-01   -0.10982E-02    0.63344E-04   -0.49215E-03    0.10396E-04    0.84668E-07    0.50735E-06    0.19141E-03   -0.60778E-02    0.40669E-03
   -0.94745E-03    0.80281E-02   -0.74381E-03   -0.40342E-01   -0.30921E+00    0.11134E+01   -0.56992E-01   -0.69605E-01    0.35610E+04    0.11872E+03   -0.13362E+03    0.72713E+02    0.97805E+02   -0.67678E+02   -0.77541E+00   -0.52378E+00    0.80785E+00    0.64053E-03   -0.12685E-02    0.21046E+00   -0.16395E+02    0.16559E+02
   -0.70637E-03    0.39695E-02   -0.54323E-03   -0.10866E-01   -0.99364E-01    0.13910E+00   -0.12133E-01   -0.78996E-02    0.11872E+03    0.17297E+03    0.24690E+02   -0.33791E+02    0.43448E+01   -0.78093E+01   -0.14073E+00    0.52209E-01    0.56052E-01    0.45824E-04    0.99216E-03    0.10482E+01   -0.12418E+02    0.40614E+00
   -0.64095E-04    0.20922E-02   -0.31667E-03    0.26445E-02    0.46054E-01   -0.30753E+00    0.97963E-02    0.21745E-01   -0.13362E+03    0.24690E+02    0.27391E+03   -0.22614E+02   -0.11032E+03    0.31466E+01    0.69507E-01   -0.16077E+01   -0.89978E+00   -0.42895E-04   -0.27770E-02    0.50135E+00   -0.10455E+02    0.10170E+01
   -0.85676E-04   -0.28885E-03    0.64440E-05   -0.30134E-02   -0.23595E-01    0.15408E+00   -0.44926E-02   -0.10513E-01    0.72713E+02   -0.33791E+02   -0.22614E+02    0.28926E+02    0.13480E+02   -0.23249E+01    0.13266E-02    0.62051E-01    0.89240E-01    0.97064E-05   -0.42708E-03    0.15046E+00   -0.77578E+00   -0.45113E+00
   -0.26098E-03    0.38334E-03   -0.46822E-04   -0.65178E-02   -0.62274E-01    0.24975E+00   -0.96291E-02   -0.16957E-01    0.97805E+02    0.43448E+01   -0.11032E+03    0.13480E+02    0.56259E+02   -0.13840E+01    0.16771E-01    0.72389E+00    0.54998E+00    0.26414E-04    0.13628E-02   -0.26884E+00   -0.14577E+01   -0.33436E+00
    0.20348E-04   -0.22054E-03    0.26743E-04    0.54759E-04    0.86377E-02   -0.27779E-01    0.88426E-04   -0.10982E-02   -0.67678E+02   -0.78093E+01    0.31466E+01   -0.23249E+01   -0.13840E+01    0.75859E+01    0.43601E-01    0.26691E+00   -0.38111E-01    0.39447E-05   -0.12338E-03   -0.59401E-01   -0.11671E+00    0.17964E+00
   -0.44630E-06    0.73682E-05   -0.78092E-06    0.86607E-05   -0.14252E-03    0.22725E-03    0.28702E-04    0.63344E-04   -0.77541E+00   -0.14073E+00    0.69507E-01    0.13266E-02    0.16771E-01    0.43601E-01    0.63016E-02   -0.54249E-02    0.44124E-02    0.11455E-06   -0.59399E-05    0.36988E-02   -0.13572E-01    0.41518E-02
   -0.33718E-05   -0.11741E-04    0.25698E-05   -0.15581E-03   -0.44094E-03    0.19460E-02   -0.21281E-03   -0.49215E-03   -0.52378E+00    0.52209E-01   -0.16077E+01    0.62051E-01    0.72389E+00    0.26691E+00   -0.54249E-02    0.51400E-01   -0.52219E-02   -0.27148E-06    0.38207E-04    0.15739E-03   -0.30190E-01   -0.67741E-02
   -0.16528E-05    0.14711E-04   -0.80000E-06   -0.22753E-04   -0.53124E-03    0.15548E-02   -0.23286E-04    0.10396E-04    0.80785E+00    0.56052E-01   -0.89978E+00    0.89240E-01    0.54998E+00   -0.38111E-01    0.44124E-02   -0.52219E-02    0.15652E-01    0.58409E-06   -0.15820E-07   -0.15600E-02   -0.62081E-02    0.72536E-02
    0.78019E-09   -0.26158E-08   -0.39907E-09    0.16663E-07   -0.61588E-06    0.19830E-05   -0.38760E-07    0.84668E-07    0.64053E-03    0.45824E-04   -0.42895E-04    0.97064E-05    0.26414E-04    0.39447E-05    0.11455E-06   -0.27148E-06    0.58409E-06    0.15821E-06    0.96169E-08    0.13450E-05   -0.86854E-05   -0.17103E-04
   -0.70784E-08    0.11893E-06   -0.16229E-08   -0.20323E-06    0.68548E-06   -0.57837E-05    0.57805E-07    0.50735E-06   -0.12685E-02    0.99216E-03   -0.27770E-02   -0.42708E-03    0.13628E-02   -0.12338E-03   -0.59399E-05    0.38207E-04   -0.15820E-07    0.96169E-08    0.18983E-05   -0.60598E-05   -0.77741E-04    0.10747E-03
    0.15276E-05    0.33752E-05    0.58429E-06    0.71885E-04    0.68049E-03   -0.34812E-02    0.43796E-04    0.19141E-03    0.21046E+00    0.10482E+01    0.50135E+00    0.15046E+00   -0.26884E+00   -0.59401E-01    0.36988E-02    0.15739E-03   -0.15600E-02    0.13450E-05   -0.60598E-05    0.81104E-01    0.18141E-01    0.16741E-02
   -0.47797E-04   -0.13784E-04   -0.29250E-05   -0.21621E-02   -0.70866E-02    0.51973E-01   -0.30869E-02   -0.60778E-02   -0.16395E+02   -0.12418E+02   -0.10455E+02   -0.77578E+00   -0.14577E+01   -0.11671E+00   -0.13572E-01   -0.30190E-01   -0.62081E-02   -0.86854E-05   -0.77741E-04    0.18141E-01    0.80653E+01   -0.45015E-01
   -0.99910E-05    0.15777E-03   -0.12428E-04   -0.30006E-03   -0.15027E-02   -0.21546E-03   -0.13015E-03    0.40669E-03    0.16559E+02    0.40614E+00    0.10170E+01   -0.45113E+00   -0.33436E+00    0.17964E+00    0.41518E-02   -0.67741E-02    0.72536E-02   -0.17103E-04    0.10747E-03    0.16741E-02   -0.45015E-01    0.31669E+00
