# omegabh2 omegach2 theta tau nnu ns logA aps100 aps143 aps217 acib143 acib217 asz143 psr cibr cal0 cal2 xi aksz bm_1_1 a_ps_act_148 a_ps_act_217 a_ps_spt_95 a_ps_spt_150 a_ps_spt_220 r_ps_spt_95x150 r_ps_spt_95x220 r_ps_150x220 act_dust_s act_dust_e cal_acts_148 cal_acts_217 cal_acte_148 cal_acte_217 cal_spt_95 cal_spt_150 cal_spt_220
    0.96362E-07    0.22747E-06    0.95315E-08    0.16314E-05    0.39096E-04    0.22542E-05    0.39545E-05   -0.77952E-04   -0.33912E-03   -0.22391E-03    0.93100E-06   -0.59446E-05    0.25731E-05    0.13054E-07    0.33554E-06   -0.18871E-08   -0.53174E-09    0.47324E-06   -0.78398E-07   -0.54345E-05    0.77680E-05    0.59327E-04   -0.63219E-05    0.85348E-05    0.38784E-04    0.49948E-06    0.11086E-05    0.10756E-06    0.10808E-05   -0.21131E-06    0.33277E-06    0.32005E-06    0.38977E-06    0.21103E-06    0.36193E-06    0.37180E-06    0.20348E-06
    0.22747E-06    0.20613E-04   -0.19545E-05   -0.24343E-05    0.94803E-03    0.17973E-04    0.42356E-04    0.19617E-01    0.14688E-01    0.11282E-01    0.59520E-04    0.52045E-03   -0.47095E-04    0.23953E-05    0.21887E-05   -0.83972E-07   -0.38497E-07    0.42411E-05    0.13580E-04    0.32128E-03   -0.36657E-03   -0.15354E-02   -0.19458E-03   -0.45593E-03   -0.18826E-02    0.92875E-05    0.94439E-05    0.69179E-06    0.32657E-04   -0.21794E-04   -0.13510E-04   -0.50369E-05   -0.13584E-04   -0.71330E-05   -0.16621E-04   -0.14146E-04   -0.10022E-04
    0.95315E-08   -0.19545E-05    0.50758E-06    0.11836E-05   -0.92327E-04   -0.13744E-05   -0.17868E-05   -0.10167E-02   -0.14583E-02   -0.10197E-02   -0.94446E-05   -0.79136E-04    0.47553E-05   -0.16206E-06   -0.52018E-06    0.62553E-08   -0.54252E-08   -0.52506E-06   -0.89585E-05   -0.16889E-04    0.41772E-04    0.73288E-04    0.41807E-05    0.56507E-04    0.12466E-03   -0.17993E-06   -0.79804E-06    0.24582E-06    0.62939E-06    0.14646E-05    0.15522E-05    0.34662E-07    0.13322E-05    0.29702E-06    0.18268E-05    0.15806E-05    0.98616E-06
    0.16314E-05   -0.24343E-05    0.11836E-05    0.24823E-03    0.71190E-03    0.66057E-04    0.48896E-03   -0.49653E-01   -0.17843E-01   -0.91615E-02   -0.24089E-03   -0.89805E-03    0.12697E-03    0.48313E-05    0.13768E-04   -0.96218E-07   -0.10634E-06    0.97731E-05   -0.15681E-03   -0.75017E-03    0.38888E-03    0.10459E-02   -0.20266E-03    0.58520E-03    0.10334E-02   -0.23344E-04    0.15363E-04    0.12679E-04    0.29853E-04   -0.58326E-04    0.12465E-04    0.83224E-05    0.11987E-04    0.78233E-05    0.20590E-04    0.12015E-04   -0.12047E-05
    0.39096E-04    0.94803E-03   -0.92327E-04    0.71190E-03    0.63997E-01    0.21624E-02    0.36143E-02    0.87965E+00    0.76666E+00    0.58511E+00    0.41214E-02    0.28207E-01   -0.22272E-02    0.21830E-03    0.91620E-04   -0.42080E-05   -0.31476E-05    0.45756E-03    0.70014E-02    0.14431E-01   -0.23623E-01   -0.80852E-01   -0.14742E-01   -0.25964E-01   -0.10661E+00    0.62553E-03    0.79755E-03    0.11790E-03    0.13779E-02   -0.66667E-03   -0.72794E-03   -0.25194E-03   -0.69036E-03   -0.34396E-03   -0.86800E-03   -0.72316E-03   -0.47115E-03
    0.22542E-05    0.17973E-04   -0.13744E-05    0.66057E-04    0.21624E-02    0.11929E-03    0.17024E-03   -0.15234E-01    0.51550E-02    0.64037E-02    0.17105E-03    0.25551E-03    0.39842E-04    0.39066E-05   -0.22273E-05   -0.17986E-06    0.75068E-08    0.16473E-04    0.15475E-03   -0.11890E-03   -0.54141E-03   -0.98095E-03   -0.55929E-03   -0.45820E-03   -0.14152E-02    0.24190E-04    0.36934E-04    0.80850E-05    0.24076E-04   -0.26156E-05   -0.10939E-04   -0.42592E-05   -0.92110E-05   -0.47434E-05   -0.91296E-05   -0.73940E-05   -0.45463E-05
    0.39545E-05    0.42356E-04   -0.17868E-05    0.48896E-03    0.36143E-02    0.17024E-03    0.10777E-02   -0.59290E-01   -0.52054E-02    0.63294E-02   -0.40066E-03   -0.71024E-03    0.15676E-03    0.15046E-04    0.34734E-04   -0.30769E-06   -0.16654E-06    0.28056E-04   -0.30269E-03   -0.31368E-03    0.41880E-04   -0.15850E-02   -0.84204E-03    0.19591E-03   -0.25330E-02   -0.24559E-04    0.52477E-04    0.26383E-04    0.13967E-03   -0.16166E-03   -0.45480E-05    0.41955E-05   -0.59259E-05   -0.13569E-05    0.44719E-05   -0.77727E-05   -0.25089E-04
   -0.77952E-04    0.19617E-01   -0.10167E-02   -0.49653E-01    0.87965E+00   -0.15234E-01   -0.59290E-01    0.15934E+04    0.90725E+02    0.34231E+02    0.66325E-01    0.55459E+01   -0.20558E+01    0.23128E-01   -0.19399E+00    0.10823E-02    0.43702E-03    0.51741E-01    0.24523E+01    0.16632E+02   -0.33077E+00   -0.19865E+01    0.46223E+01   -0.88688E+00   -0.46097E+01   -0.10233E+00   -0.41507E+00   -0.82520E-02    0.93066E-01    0.18831E+00   -0.52059E-01    0.26561E-01   -0.42885E-01    0.21623E-02   -0.11466E+00   -0.46171E-01    0.12569E-01
   -0.33912E-03    0.14688E-01   -0.14583E-02   -0.17843E-01    0.76666E+00    0.51550E-02   -0.52054E-02    0.90725E+02    0.73845E+02    0.25868E+02    0.34358E-01    0.13265E+01   -0.51246E+00    0.10064E-01   -0.17759E-01   -0.10760E-03   -0.11294E-02    0.18219E-01    0.38464E+00    0.56085E-02   -0.51904E+00   -0.27865E+01    0.10504E+01   -0.61901E+00   -0.36503E+01   -0.82659E-02   -0.74396E-01   -0.13410E-01    0.17518E-01    0.82319E-02   -0.33553E-01   -0.70868E-02   -0.32173E-01   -0.92448E-02   -0.43038E-01   -0.29770E-01   -0.16402E-01
   -0.22391E-03    0.11282E-01   -0.10197E-02   -0.91615E-02    0.58511E+00    0.64037E-02    0.63294E-02    0.34231E+02    0.25868E+02    0.40895E+02   -0.52527E+00   -0.39580E+01    0.35170E+00   -0.29685E-02   -0.75984E-02   -0.53703E-05   -0.44324E-03   -0.15558E-01   -0.69401E+00    0.49438E+00   -0.13999E+00   -0.37266E+01   -0.10618E+01   -0.10325E+00   -0.33981E+01    0.11965E-02    0.68203E-01    0.21992E-01    0.50685E-02    0.24917E-01   -0.20293E-01   -0.32018E-01   -0.19374E-01   -0.32097E-01   -0.16364E-01   -0.20968E-01   -0.27932E-01
    0.93100E-06    0.59520E-04   -0.94446E-05   -0.24089E-03    0.41214E-02    0.17105E-03   -0.40066E-03    0.66325E-01    0.34358E-01   -0.52527E+00    0.42271E+00    0.80783E+00    0.55034E-01   -0.36031E-03   -0.95521E-02   -0.33393E-05   -0.47410E-06    0.42550E-02   -0.26490E+00   -0.29571E-02   -0.12811E+00   -0.39423E-01   -0.46243E-01   -0.16170E+00   -0.21724E+00    0.25730E-01    0.20844E-01   -0.24165E-02    0.16929E-02    0.14098E-02    0.88097E-04    0.12966E-02    0.25803E-03    0.83444E-03   -0.44205E-03    0.20374E-03    0.45191E-03
   -0.59446E-05    0.52045E-03   -0.79136E-04   -0.89805E-03    0.28207E-01    0.25551E-03   -0.71024E-03    0.55459E+01    0.13265E+01   -0.39580E+01    0.80783E+00    0.36069E+01   -0.48864E-03    0.44248E-02    0.88163E-02   -0.17660E-05    0.40694E-03   -0.30841E-03   -0.42524E+00   -0.15928E-01   -0.29183E+00    0.87020E-01    0.20965E+00   -0.36029E+00   -0.77728E+00    0.40612E-01    0.20640E-01   -0.18089E-01    0.13431E-01   -0.14308E-01   -0.18350E-02    0.10168E-01   -0.16123E-02    0.83917E-02   -0.38746E-02   -0.45310E-03    0.42746E-02
    0.25731E-05   -0.47095E-04    0.47553E-05    0.12697E-03   -0.22272E-02    0.39842E-04    0.15676E-03   -0.20558E+01   -0.51246E+00    0.35170E+00    0.55034E-01   -0.48864E-03    0.61868E-01    0.17725E-04    0.42329E-02    0.16132E-06   -0.55728E-04   -0.14439E-02   -0.12168E+00    0.11837E-01   -0.17318E-01   -0.62010E-01   -0.14324E+00   -0.17320E-01   -0.10509E+00    0.60618E-02    0.15363E-01   -0.19905E-03    0.26042E-03    0.17613E-03    0.45960E-03   -0.86070E-03    0.45610E-03   -0.80183E-03    0.12144E-02    0.24035E-03   -0.56477E-03
    0.13054E-07    0.23953E-05   -0.16206E-06    0.48313E-05    0.21830E-03    0.39066E-05    0.15046E-04    0.23128E-01    0.10064E-01   -0.29685E-02   -0.36031E-03    0.44248E-02    0.17725E-04    0.26566E-03    0.18969E-04    0.17961E-07    0.45116E-06    0.14307E-04    0.85480E-04    0.25603E-03   -0.10836E-03   -0.10067E-02   -0.19476E-03   -0.97254E-04   -0.20635E-02    0.67467E-05    0.31641E-04    0.14525E-04    0.29520E-05   -0.13130E-03   -0.80884E-05    0.79473E-05   -0.10573E-04    0.94019E-05   -0.57748E-06   -0.56877E-05   -0.30076E-05
    0.33554E-06    0.21887E-05   -0.52018E-06    0.13768E-04    0.91620E-04   -0.22273E-05    0.34734E-04   -0.19399E+00   -0.17759E-01   -0.75984E-02   -0.95521E-02    0.88163E-02    0.42329E-02    0.18969E-04    0.22497E-02    0.21280E-06   -0.16795E-05    0.12327E-04   -0.23214E-02    0.86809E-03    0.29941E-02    0.28143E-02   -0.13391E-01    0.42475E-02   -0.12526E-01   -0.29100E-03    0.15102E-02   -0.32334E-03    0.10660E-03   -0.36408E-03    0.26199E-04    0.13121E-04    0.14040E-04    0.24009E-04    0.12651E-03    0.54041E-05   -0.51280E-05
   -0.18871E-08   -0.83972E-07    0.62553E-08   -0.96218E-07   -0.42080E-05   -0.17986E-06   -0.30769E-06    0.10823E-02   -0.10760E-03   -0.53703E-05   -0.33393E-05   -0.17660E-05    0.16132E-06    0.17961E-07    0.21280E-06    0.15720E-06    0.85094E-08    0.21663E-06   -0.18515E-05   -0.39426E-04    0.51909E-05    0.15439E-04    0.17843E-04    0.79664E-05    0.20648E-04   -0.14066E-05   -0.83137E-06   -0.13898E-06   -0.25990E-06    0.79918E-08    0.17210E-08    0.16707E-06   -0.11993E-06    0.41700E-07    0.23201E-07   -0.56276E-07   -0.19140E-06
   -0.53174E-09   -0.38497E-07   -0.54252E-08   -0.10634E-06   -0.31476E-05    0.75068E-08   -0.16654E-06    0.43702E-03   -0.11294E-02   -0.44324E-03   -0.47410E-06    0.40694E-03   -0.55728E-04    0.45116E-06   -0.16795E-05    0.85094E-08    0.62661E-06    0.54080E-06    0.73593E-04    0.23757E-04    0.10669E-04    0.10477E-03    0.16781E-03    0.56620E-05    0.45281E-04   -0.35895E-05   -0.13728E-04   -0.15565E-05    0.20699E-05   -0.14397E-06   -0.45990E-06    0.21749E-05   -0.35151E-06    0.19364E-05   -0.13937E-05    0.58689E-07    0.13989E-05
    0.47324E-06    0.42411E-05   -0.52506E-06    0.97731E-05    0.45756E-03    0.16473E-04    0.28056E-04    0.51741E-01    0.18219E-01   -0.15558E-01    0.42550E-02   -0.30841E-03   -0.14439E-02    0.14307E-04    0.12327E-04    0.21663E-06    0.54080E-06    0.14575E-02    0.53824E-02   -0.25716E-03    0.25458E-02    0.50503E-02    0.17215E-02    0.17889E-02    0.80584E-02    0.48182E-03    0.84352E-03    0.60245E-04    0.89847E-05   -0.58926E-04   -0.70241E-05    0.28487E-04   -0.97973E-06    0.34083E-04   -0.32021E-04    0.17518E-05    0.58735E-04
   -0.78398E-07    0.13580E-04   -0.89585E-05   -0.15681E-03    0.70014E-02    0.15475E-03   -0.30269E-03    0.24523E+01    0.38464E+00   -0.69401E+00   -0.26490E+00   -0.42524E+00   -0.12168E+00    0.85480E-04   -0.23214E-02   -0.18515E-05    0.73593E-04    0.53824E-02    0.44570E+00   -0.18469E-01    0.26161E-01    0.18473E+00    0.14792E+00    0.51540E-01    0.44545E+00   -0.20238E-01   -0.29182E-01    0.32636E-02   -0.56325E-02   -0.18697E-02    0.17452E-03    0.13267E-02    0.11532E-03    0.15323E-02   -0.78604E-03   -0.53459E-04    0.18492E-02
   -0.54345E-05    0.32128E-03   -0.16889E-04   -0.75017E-03    0.14431E-01   -0.11890E-03   -0.31368E-03    0.16632E+02    0.56085E-02    0.49438E+00   -0.29571E-02   -0.15928E-01    0.11837E-01    0.25603E-03    0.86809E-03   -0.39426E-04    0.23757E-04   -0.25716E-03   -0.18469E-01    0.62136E+00    0.99338E-02   -0.13222E+00   -0.56338E-01   -0.81643E-02   -0.83140E-01    0.17844E-02    0.30301E-02    0.24645E-03   -0.19871E-03    0.20418E-02   -0.72351E-04   -0.68461E-03    0.14871E-03   -0.72106E-03   -0.87624E-03   -0.24464E-03   -0.83420E-04
    0.77680E-05   -0.36657E-03    0.41772E-04    0.38888E-03   -0.23623E-01   -0.54141E-03    0.41880E-04   -0.33077E+00   -0.51904E+00   -0.13999E+00   -0.12811E+00   -0.29183E+00   -0.17318E-01   -0.10836E-03    0.29941E-02    0.51909E-05    0.10669E-04    0.25458E-02    0.26161E-01    0.99338E-02    0.30961E+00   -0.12306E+00    0.79339E-01    0.12189E+00    0.36479E+00   -0.55395E-02   -0.81710E-02   -0.26532E-02   -0.18596E-02   -0.34224E-02    0.24399E-02   -0.88750E-03    0.23869E-02   -0.69688E-03    0.17314E-03    0.31448E-03    0.34278E-03
    0.59327E-04   -0.15354E-02    0.73288E-04    0.10459E-02   -0.80852E-01   -0.98095E-03   -0.15850E-02   -0.19865E+01   -0.27865E+01   -0.37266E+01   -0.39423E-01    0.87020E-01   -0.62010E-01   -0.10067E-02    0.28143E-02    0.15439E-04    0.10477E-03    0.50503E-02    0.18473E+00   -0.13222E+00   -0.12306E+00    0.12996E+02    0.30561E-01    0.86659E-01    0.79196E+00   -0.52666E-02   -0.15138E-01   -0.54561E-02    0.21426E-01    0.34862E-01    0.27454E-02    0.48548E-01    0.30416E-02    0.38219E-01    0.13179E-02    0.35259E-02    0.43967E-02
   -0.63219E-05   -0.19458E-03    0.41807E-05   -0.20266E-03   -0.14742E-01   -0.55929E-03   -0.84204E-03    0.46223E+01    0.10504E+01   -0.10618E+01   -0.46243E-01    0.20965E+00   -0.14324E+00   -0.19476E-03   -0.13391E-01    0.17843E-04    0.16781E-03    0.17215E-02    0.14792E+00   -0.56338E-01    0.79339E-01    0.30561E-01    0.19597E+01    0.51048E-01    0.24502E+00   -0.80207E-01   -0.10607E+00   -0.12229E-02    0.22711E-02    0.50564E-02   -0.12709E-02    0.16842E-02   -0.11922E-02    0.17572E-02   -0.10919E-02    0.13571E-03    0.15867E-02
    0.85348E-05   -0.45593E-03    0.56507E-04    0.58520E-03   -0.25964E-01   -0.45820E-03    0.19591E-03   -0.88688E+00   -0.61901E+00   -0.10325E+00   -0.16170E+00   -0.36029E+00   -0.17320E-01   -0.97254E-04    0.42475E-02    0.79664E-05    0.56620E-05    0.17889E-02    0.51540E-01   -0.81643E-02    0.12189E+00    0.86659E-01    0.51048E-01    0.21963E+00    0.15109E+00   -0.74889E-02   -0.45869E-02    0.12349E-03    0.47284E-03   -0.19801E-02    0.24275E-03   -0.53052E-03    0.16207E-03   -0.45219E-03    0.63147E-03    0.26539E-03   -0.15498E-03
    0.38784E-04   -0.18826E-02    0.12466E-03    0.10334E-02   -0.10661E+00   -0.14152E-02   -0.25330E-02   -0.46097E+01   -0.36503E+01   -0.33981E+01   -0.21724E+00   -0.77728E+00   -0.10509E+00   -0.20635E-02   -0.12526E-01    0.20648E-04    0.45281E-04    0.80584E-02    0.44545E+00   -0.83140E-01    0.36479E+00    0.79196E+00    0.24502E+00    0.15109E+00    0.11986E+02   -0.28996E-01   -0.67067E-01   -0.89385E-02   -0.12284E-01    0.10649E-01    0.64584E-02    0.21373E-02    0.54472E-02    0.20320E-02    0.42322E-02    0.63093E-02    0.30081E-01
    0.49948E-06    0.92875E-05   -0.17993E-06   -0.23344E-04    0.62553E-03    0.24190E-04   -0.24559E-04   -0.10233E+00   -0.82659E-02    0.11965E-02    0.25730E-01    0.40612E-01    0.60618E-02    0.67467E-05   -0.29100E-03   -0.14066E-05   -0.35895E-05    0.48182E-03   -0.20238E-01    0.17844E-02   -0.55395E-02   -0.52666E-02   -0.80207E-01   -0.74889E-02   -0.28996E-01    0.69298E-02    0.59665E-02   -0.17967E-03   -0.20923E-03   -0.42507E-04    0.43924E-05    0.11898E-04    0.36586E-04   -0.15354E-04   -0.21281E-04   -0.62426E-05   -0.53860E-04
    0.11086E-05    0.94439E-05   -0.79804E-06    0.15363E-04    0.79755E-03    0.36934E-04    0.52477E-04   -0.41507E+00   -0.74396E-01    0.68203E-01    0.20844E-01    0.20640E-01    0.15363E-01    0.31641E-04    0.15102E-02   -0.83137E-06   -0.13728E-04    0.84352E-03   -0.29182E-01    0.30301E-02   -0.81710E-02   -0.15138E-01   -0.10607E+00   -0.45869E-02   -0.67067E-01    0.59665E-02    0.12526E-01    0.44619E-04   -0.24182E-04   -0.32011E-03    0.60003E-04   -0.15505E-03    0.94492E-04   -0.14320E-03    0.13433E-03    0.27410E-04   -0.29192E-03
    0.10756E-06    0.69179E-06    0.24582E-06    0.12679E-04    0.11790E-03    0.80850E-05    0.26383E-04   -0.82520E-02   -0.13410E-01    0.21992E-01   -0.24165E-02   -0.18089E-01   -0.19905E-03    0.14525E-04   -0.32334E-03   -0.13898E-06   -0.15565E-05    0.60245E-04    0.32636E-02    0.24645E-03   -0.26532E-02   -0.54561E-02   -0.12229E-02    0.12349E-03   -0.89385E-02   -0.17967E-03    0.44619E-04    0.35226E-03   -0.72347E-04    0.11679E-03   -0.14719E-05   -0.57633E-04    0.15108E-05   -0.44594E-04    0.24359E-04    0.64085E-05   -0.57884E-04
    0.10808E-05    0.32657E-04    0.62939E-06    0.29853E-04    0.13779E-02    0.24076E-04    0.13967E-03    0.93066E-01    0.17518E-01    0.50685E-02    0.16929E-02    0.13431E-01    0.26042E-03    0.29520E-05    0.10660E-03   -0.25990E-06    0.20699E-05    0.89847E-05   -0.56325E-02   -0.19871E-03   -0.18596E-02    0.21426E-01    0.22711E-02    0.47284E-03   -0.12284E-01   -0.20923E-03   -0.24182E-04   -0.72347E-04    0.40268E-01    0.11967E-02    0.25470E-03    0.14603E-03   -0.11478E-03    0.71089E-04    0.74701E-05    0.22384E-04    0.90790E-05
   -0.21131E-06   -0.21794E-04    0.14646E-05   -0.58326E-04   -0.66667E-03   -0.26156E-05   -0.16166E-03    0.18831E+00    0.82319E-02    0.24917E-01    0.14098E-02   -0.14308E-01    0.17613E-03   -0.13130E-03   -0.36408E-03    0.79918E-08   -0.14397E-06   -0.58926E-04   -0.18697E-02    0.20418E-02   -0.34224E-02    0.34862E-01    0.50564E-02   -0.19801E-02    0.10649E-01   -0.42507E-04   -0.32011E-03    0.11679E-03    0.11967E-02    0.40885E-01   -0.42149E-04    0.93970E-04    0.32701E-03    0.15896E-03   -0.10494E-03   -0.12996E-04    0.85035E-04
    0.33277E-06   -0.13510E-04    0.15522E-05    0.12465E-04   -0.72794E-03   -0.10939E-04   -0.45480E-05   -0.52059E-01   -0.33553E-01   -0.20293E-01    0.88097E-04   -0.18350E-02    0.45960E-03   -0.80884E-05    0.26199E-04    0.17210E-08   -0.45990E-06   -0.70241E-05    0.17452E-03   -0.72351E-04    0.24399E-02    0.27454E-02   -0.12709E-02    0.24275E-03    0.64584E-02    0.43924E-05    0.60003E-04   -0.14719E-05    0.25470E-03   -0.42149E-04    0.16227E-03    0.73773E-05    0.62272E-04    0.13837E-04    0.38420E-04    0.24231E-04    0.22335E-04
    0.32005E-06   -0.50369E-05    0.34662E-07    0.83224E-05   -0.25194E-03   -0.42592E-05    0.41955E-05    0.26561E-01   -0.70868E-02   -0.32018E-01    0.12966E-02    0.10168E-01   -0.86070E-03    0.79473E-05    0.13121E-04    0.16707E-06    0.21749E-05    0.28487E-04    0.13267E-02   -0.68461E-03   -0.88750E-03    0.48548E-01    0.16842E-02   -0.53052E-03    0.21373E-02    0.11898E-04   -0.15505E-03   -0.57633E-04    0.14603E-03    0.93970E-04    0.73773E-05    0.35112E-03    0.11812E-04    0.17893E-03   -0.15872E-04    0.16418E-04    0.34984E-04
    0.38977E-06   -0.13584E-04    0.13322E-05    0.11987E-04   -0.69036E-03   -0.92110E-05   -0.59259E-05   -0.42885E-01   -0.32173E-01   -0.19374E-01    0.25803E-03   -0.16123E-02    0.45610E-03   -0.10573E-04    0.14040E-04   -0.11993E-06   -0.35151E-06   -0.97973E-06    0.11532E-03    0.14871E-03    0.23869E-02    0.30416E-02   -0.11922E-02    0.16207E-03    0.54472E-02    0.36586E-04    0.94492E-04    0.15108E-05   -0.11478E-03    0.32701E-03    0.62272E-04    0.11812E-04    0.13337E-03    0.13670E-04    0.40065E-04    0.26646E-04    0.20300E-04
    0.21103E-06   -0.71330E-05    0.29702E-06    0.78233E-05   -0.34396E-03   -0.47434E-05   -0.13569E-05    0.21623E-02   -0.92448E-02   -0.32097E-01    0.83444E-03    0.83917E-02   -0.80183E-03    0.94019E-05    0.24009E-04    0.41700E-07    0.19364E-05    0.34083E-04    0.15323E-02   -0.72106E-03   -0.69688E-03    0.38219E-01    0.17572E-02   -0.45219E-03    0.20320E-02   -0.15354E-04   -0.14320E-03   -0.44594E-04    0.71089E-04    0.15896E-03    0.13837E-04    0.17893E-03    0.13670E-04    0.21163E-03   -0.76463E-06    0.14787E-04    0.36474E-04
    0.36193E-06   -0.16621E-04    0.18268E-05    0.20590E-04   -0.86800E-03   -0.91296E-05    0.44719E-05   -0.11466E+00   -0.43038E-01   -0.16364E-01   -0.44205E-03   -0.38746E-02    0.12144E-02   -0.57748E-06    0.12651E-03    0.23201E-07   -0.13937E-05   -0.32021E-04   -0.78604E-03   -0.87624E-03    0.17314E-03    0.13179E-02   -0.10919E-02    0.63147E-03    0.42322E-02   -0.21281E-04    0.13433E-03    0.24359E-04    0.74701E-05   -0.10494E-03    0.38420E-04   -0.15872E-04    0.40065E-04   -0.76463E-06    0.42395E-03    0.47457E-04    0.16810E-04
    0.37180E-06   -0.14146E-04    0.15806E-05    0.12015E-04   -0.72316E-03   -0.73940E-05   -0.77727E-05   -0.46171E-01   -0.29770E-01   -0.20968E-01    0.20374E-03   -0.45310E-03    0.24035E-03   -0.56877E-05    0.54041E-05   -0.56276E-07    0.58689E-07    0.17518E-05   -0.53459E-04   -0.24464E-03    0.31448E-03    0.35259E-02    0.13571E-03    0.26539E-03    0.63093E-02   -0.62426E-05    0.27410E-04    0.64085E-05    0.22384E-04   -0.12996E-04    0.24231E-04    0.16418E-04    0.26646E-04    0.14787E-04    0.47457E-04    0.10013E-03    0.35482E-04
    0.20348E-06   -0.10022E-04    0.98616E-06   -0.12047E-05   -0.47115E-03   -0.45463E-05   -0.25089E-04    0.12569E-01   -0.16402E-01   -0.27932E-01    0.45191E-03    0.42746E-02   -0.56477E-03   -0.30076E-05   -0.51280E-05   -0.19140E-06    0.13989E-05    0.58735E-04    0.18492E-02   -0.83420E-04    0.34278E-03    0.43967E-02    0.15867E-02   -0.15498E-03    0.30081E-01   -0.53860E-04   -0.29192E-03   -0.57884E-04    0.90790E-05    0.85035E-04    0.22335E-04    0.34984E-04    0.20300E-04    0.36474E-04    0.16810E-04    0.35482E-04    0.46044E-03
