# omegabh2 omegach2 theta tau omegak logA ns calPlanck acib217 xi asz143 aps100 aps143 aps143217 aps217 aksz kgal100 kgal143 kgal143217 kgal217 galfEE100 galfEE100143 galfEE100217 galfEE143 galfEE143217 galfEE217 galfTE100 galfTE100143 galfTE100217 galfTE143 galfTE143217 galfTE217 cal0 cal2
    0.2884448E-07   -0.1635076E-06    0.2583596E-07    0.2374107E-06   -0.1097430E-05    0.1860021E-06    0.4343687E-06   -0.7520368E-08   -0.1920708E-03    0.3029258E-05    0.2581778E-04   -0.5996490E-03   -0.3127640E-03   -0.7603596E-04    0.9079731E-04   -0.4974257E-04   -0.1260836E-05   -0.7783841E-05   -0.3689235E-04   -0.9190470E-05    0.1013714E-06    0.4193041E-07    0.6572042E-07    0.5132535E-07   -0.1751316E-07    0.2371514E-06   -0.6106514E-06   -0.2184561E-06    0.2363715E-06   -0.6658685E-07   -0.1714827E-06   -0.1910133E-05    0.4014242E-08   -0.2650826E-07
   -0.1635076E-06    0.2264975E-05   -0.2143915E-06   -0.5285198E-05    0.7988808E-05   -0.5263461E-05   -0.5613882E-05    0.2180930E-07    0.9646814E-03   -0.2034498E-04   -0.1121851E-03    0.3221081E-02    0.1850858E-02    0.6623590E-03   -0.1543322E-03    0.1648135E-03    0.1291123E-04    0.5317935E-04    0.2419703E-03    0.1096111E-03   -0.9789580E-06   -0.5196492E-06   -0.2906754E-06   -0.4115502E-06   -0.3400104E-06   -0.2483089E-05    0.3783252E-05    0.1292805E-05   -0.6688827E-05    0.9741582E-06   -0.1937524E-08    0.1228112E-04   -0.4554579E-08    0.1373284E-06
    0.2583596E-07   -0.2143915E-06    0.1105543E-06    0.2794986E-06   -0.1265773E-05    0.1881231E-06    0.6352699E-06    0.6051502E-08   -0.6510418E-04   -0.3334790E-06    0.1328883E-04   -0.2566316E-03   -0.2111167E-03   -0.1230492E-03   -0.4155894E-04   -0.3222022E-04    0.8800456E-05    0.6137499E-05   -0.2679428E-04   -0.9990041E-05    0.6794730E-08    0.7567590E-08   -0.2795617E-07    0.2930269E-07    0.1966733E-07   -0.2128794E-06   -0.1107306E-05   -0.4591048E-06    0.3654747E-06   -0.1620921E-06    0.2650117E-08   -0.1574009E-05    0.2123396E-08   -0.1077815E-07
    0.2374107E-06   -0.5285198E-05    0.2794986E-06    0.4225361E-03    0.2300847E-03    0.8311299E-03    0.1951145E-04    0.1006183E-05   -0.3364588E-02   -0.4511983E-04    0.1436261E-02   -0.1603801E-01   -0.2499201E-02    0.3188344E-02    0.7062164E-02   -0.2645610E-02   -0.1355202E-02    0.3015276E-03    0.7377617E-03    0.2663525E-02    0.4931066E-05    0.1868560E-05    0.6846665E-06    0.6012877E-06    0.1568040E-05    0.7873254E-05   -0.1271783E-04    0.2290724E-05    0.3326665E-04   -0.3635196E-05   -0.1260899E-04    0.3120214E-04   -0.1194138E-06   -0.1171852E-07
   -0.1097430E-05    0.7988808E-05   -0.1265773E-05    0.2300847E-03    0.3651563E-03    0.4820926E-03   -0.2290369E-04    0.4744927E-05    0.1485694E-01   -0.4174987E-03   -0.1376482E-02    0.5119087E-01    0.2342180E-01    0.3858454E-02   -0.5817524E-02    0.2689711E-02   -0.3773053E-03    0.1228024E-02    0.5343404E-02    0.6537438E-02   -0.7815963E-05   -0.2866775E-05   -0.2747447E-05   -0.2123523E-05   -0.4269737E-05    0.6020572E-05    0.2184118E-04    0.1223287E-04   -0.3128557E-04    0.7184163E-05   -0.2755794E-04    0.2866383E-04   -0.2074146E-06    0.2669701E-05
    0.1860021E-06   -0.5263461E-05    0.1881231E-06    0.8311299E-03    0.4820926E-03    0.1672960E-02    0.2353529E-04    0.1319197E-04   -0.5290608E-02   -0.8284517E-04    0.2529000E-02   -0.2167977E-01    0.2140249E-02    0.1162206E-01    0.2038351E-01   -0.5815026E-02   -0.3055574E-02    0.2425610E-03    0.1840782E-02    0.7602858E-02    0.6733457E-05    0.2509648E-05    0.1123204E-05    0.8856033E-06    0.1784813E-05    0.1011720E-04   -0.8412455E-05    0.1059195E-04    0.3828098E-04   -0.2985871E-05   -0.3850778E-04    0.8906653E-04   -0.1453954E-06    0.1045673E-06
    0.4343687E-06   -0.5613882E-05    0.6352699E-06    0.1951145E-04   -0.2290369E-04    0.2353529E-04    0.2350141E-04   -0.3132019E-06   -0.6669658E-02    0.1577772E-03    0.1033917E-02   -0.2848204E-01   -0.9656584E-02    0.5545894E-03    0.5357150E-02   -0.2160317E-02    0.1135335E-03   -0.3172857E-03   -0.1353001E-02   -0.2368565E-03    0.4852364E-05    0.2113196E-05    0.1554689E-05    0.2343961E-05    0.1614835E-05    0.8624693E-05   -0.1368563E-04   -0.5502952E-05    0.1610547E-04   -0.1180694E-05    0.1333708E-05   -0.2175348E-04   -0.1255247E-06   -0.6965951E-06
   -0.7520368E-08    0.2180930E-07    0.6051502E-08    0.1006183E-05    0.4744927E-05    0.1319197E-04   -0.3132019E-06    0.5492944E-05    0.6714219E-03   -0.5272814E-05   -0.7475464E-04    0.3422834E-02    0.1296832E-02    0.6465159E-03    0.1436949E-02   -0.2730767E-04   -0.1054672E-03   -0.1824588E-04    0.6611273E-04    0.8246340E-03    0.9058634E-07    0.2158574E-06    0.3980704E-06    0.4408593E-06    0.1908851E-06    0.3201627E-06    0.4346435E-05    0.1959449E-05   -0.5526741E-05    0.1424253E-05   -0.5992026E-05    0.1159144E-05   -0.3939970E-07   -0.3591089E-07
   -0.1920708E-03    0.9646814E-03   -0.6510418E-04   -0.3364588E-02    0.1485694E-01   -0.5290608E-02   -0.6669658E-02    0.6714219E-03    0.4882550E+02   -0.5182059E+00   -0.1591843E+01    0.4093097E+02    0.1017791E+01   -0.2064073E+02   -0.6627899E+02    0.5623714E+00   -0.3874130E+00    0.3031350E+00   -0.3227938E+01   -0.2502726E+02   -0.1918302E-02   -0.4993642E-03   -0.8301785E-03   -0.5225970E-03    0.1498431E-02    0.4417896E-02   -0.3776755E-02   -0.1082301E-02    0.1090206E-01   -0.4196048E-02   -0.1597897E-02    0.2675381E-01   -0.2618523E-03    0.4424401E-02
    0.3029258E-05   -0.2034498E-04   -0.3334790E-06   -0.4511983E-04   -0.4174987E-03   -0.8284517E-04    0.1577772E-03   -0.5272814E-05   -0.5182059E+00    0.8049781E-01   -0.4770115E-01   -0.6442421E+00    0.9255376E+00    0.1835688E+01    0.8302269E+00    0.4655298E-01   -0.1860038E-01    0.2645933E-04    0.7901277E-01    0.7926923E-01    0.4765620E-04    0.1103599E-04   -0.6450163E-05    0.3508724E-04   -0.3211489E-05   -0.3706347E-04    0.2730612E-03    0.1972773E-03    0.2031473E-03    0.5537564E-04   -0.3440746E-03   -0.6753843E-03    0.7444508E-05   -0.2483844E-04
    0.2581778E-04   -0.1121851E-03    0.1328883E-04    0.1436261E-02   -0.1376482E-02    0.2529000E-02    0.1033917E-02   -0.7475464E-04   -0.1591843E+01   -0.4770115E-01    0.3497608E+01   -0.2721613E+02   -0.3705674E+01    0.7127754E+01    0.5807264E+01   -0.2115173E+01   -0.1494805E+00    0.4106674E-01    0.2310402E+01    0.1791101E+01    0.2339477E-03    0.1920672E-03   -0.1675818E-03    0.1786592E-03    0.3303543E-04    0.1697102E-03   -0.9430085E-03   -0.9777782E-03    0.5330711E-02   -0.1247298E-02    0.3098012E-02   -0.2686481E-02    0.2068060E-03   -0.3689181E-03
   -0.5996490E-03    0.3221081E-02   -0.2566316E-03   -0.1603801E-01    0.5119087E-01   -0.2167977E-01   -0.2848204E-01    0.3422834E-02    0.4093097E+02   -0.6442421E+00   -0.2721613E+02    0.7006648E+03    0.6734908E+02   -0.5594503E+02   -0.6625067E+02    0.1117471E+02    0.4885726E+00    0.7500308E+00   -0.1024015E+02   -0.1302014E+02   -0.4030761E-02   -0.4188746E-02   -0.1718420E-02   -0.4082038E-02    0.2785472E-02    0.1458501E-01    0.4945677E-01    0.8971586E-02   -0.7681485E-01    0.1233473E-01   -0.4116759E-01    0.1259215E-01    0.4284253E-02    0.4454024E-02
   -0.3127640E-03    0.1850858E-02   -0.2111167E-03   -0.2499201E-02    0.2342180E-01    0.2140249E-02   -0.9656584E-02    0.1296832E-02    0.1017791E+01    0.9255376E+00   -0.3705674E+01    0.6734908E+02    0.5587736E+02    0.3964229E+02    0.1597270E+02   -0.3399151E+01   -0.2681351E+00   -0.9808432E+00    0.3592413E+01    0.4480870E+01   -0.1908145E-02   -0.1257273E-02   -0.1312839E-02   -0.7468560E-03   -0.2564854E-02   -0.2412249E-02    0.1341894E-01    0.9425911E-02   -0.2643697E-02    0.6784369E-02    0.4044998E-03    0.9388291E-02    0.1807422E-03    0.5442155E-03
   -0.7603596E-04    0.6623590E-03   -0.1230492E-03    0.3188344E-02    0.3858454E-02    0.1162206E-01    0.5545894E-03    0.6465159E-03   -0.2064073E+02    0.1835688E+01    0.7127754E+01   -0.5594503E+02    0.3964229E+02    0.9040646E+02    0.6203342E+02   -0.9482628E+01   -0.6177896E+00   -0.5436073E+00    0.3727453E+01    0.4599474E+01    0.6651505E-03   -0.1774986E-03   -0.1359656E-02    0.4198627E-03   -0.2777781E-02   -0.5185763E-03    0.8318762E-02    0.4127594E-02    0.1936110E-01    0.7240494E-03    0.5310702E-02   -0.1275777E-01    0.7933567E-03   -0.2367520E-02
    0.9079731E-04   -0.1543322E-03   -0.4155894E-04    0.7062164E-02   -0.5817524E-02    0.2038351E-01    0.5357150E-02    0.1436949E-02   -0.6627899E+02    0.8302269E+00    0.5807264E+01   -0.6625067E+02    0.1597270E+02    0.6203342E+02    0.1224688E+03   -0.8246824E+01    0.2143939E+00   -0.6175698E+00    0.6279431E+00    0.2230342E+02    0.1367094E-02    0.2921902E-03   -0.2236566E-03    0.7328481E-03   -0.4980552E-02   -0.8775653E-02    0.3613887E-02   -0.1013347E-03   -0.4191629E-02    0.6902574E-02    0.7313157E-02   -0.2881911E-01    0.6633916E-03   -0.7489908E-02
   -0.4974257E-04    0.1648135E-03   -0.3222022E-04   -0.2645610E-02    0.2689711E-02   -0.5815026E-02   -0.2160317E-02   -0.2730767E-04    0.5623714E+00    0.4655298E-01   -0.2115173E+01    0.1117471E+02   -0.3399151E+01   -0.9482628E+01   -0.8246824E+01    0.4625686E+01    0.2499381E-01   -0.9260891E-02   -0.1492874E+01   -0.1119490E+01   -0.5708178E-03   -0.1359404E-03    0.1302793E-03   -0.3046012E-03    0.5623627E-03   -0.1738068E-02    0.2415284E-02    0.1422737E-02   -0.2441457E-02   -0.1497360E-04   -0.3153980E-02    0.1120538E-02   -0.1112856E-03    0.1529338E-03
   -0.1260836E-05    0.1291123E-04    0.8800456E-05   -0.1355202E-02   -0.3773053E-03   -0.3055574E-02    0.1135335E-03   -0.1054672E-03   -0.3874130E+00   -0.1860038E-01   -0.1494805E+00    0.4885726E+00   -0.2681351E+00   -0.6177896E+00    0.2143939E+00    0.2499381E-01    0.3161413E+01    0.6935042E+00    0.3353900E+00    0.7863833E+00    0.1027362E-03    0.5392848E-04   -0.3092111E-04    0.1252419E-03    0.1663980E-03    0.1811708E-02   -0.4766613E-02   -0.7725900E-03    0.3613120E-02   -0.6995337E-03    0.3828043E-02   -0.1366661E-02    0.4660220E-03    0.1807455E-04
   -0.7783841E-05    0.5317935E-04    0.6137499E-05    0.3015276E-03    0.1228024E-02    0.2425610E-03   -0.3172857E-03   -0.1824588E-04    0.3031350E+00    0.2645933E-04    0.4106674E-01    0.7500308E+00   -0.9808432E+00   -0.5436073E+00   -0.6175698E+00   -0.9260891E-02    0.6935042E+00    0.3015780E+01    0.2335075E+01    0.1333604E+01    0.3260159E-03    0.1439492E-03   -0.3645199E-03    0.1204905E-04    0.2484876E-03    0.2230273E-03    0.4642635E-02    0.7753405E-03    0.4602949E-03   -0.3999815E-03    0.1700190E-02    0.3026351E-02   -0.4067121E-03   -0.1972180E-03
   -0.3689235E-04    0.2419703E-03   -0.2679428E-04    0.7377617E-03    0.5343404E-02    0.1840782E-02   -0.1353001E-02    0.6611273E-04   -0.3227938E+01    0.7901277E-01    0.2310402E+01   -0.1024015E+02    0.3592413E+01    0.3727453E+01    0.6279431E+00   -0.1492874E+01    0.3353900E+00    0.2335075E+01    0.1787944E+02    0.2727626E+02    0.5646917E-03    0.1587332E-03    0.4598568E-04    0.4569342E-04    0.6279011E-03   -0.7931885E-03    0.8611556E-02    0.2453055E-02   -0.2443619E-03    0.4517017E-03    0.1505274E-02   -0.1061470E-01   -0.5022234E-04    0.2470922E-02
   -0.9190470E-05    0.1096111E-03   -0.9990041E-05    0.2663525E-02    0.6537438E-02    0.7602858E-02   -0.2368565E-03    0.8246340E-03   -0.2502726E+02    0.7926923E-01    0.1791101E+01   -0.1302014E+02    0.4480870E+01    0.4599474E+01    0.2230342E+02   -0.1119490E+01    0.7863833E+00    0.1333604E+01    0.2727626E+02    0.6187159E+02    0.1991665E-02   -0.4142693E-05    0.7076281E-03   -0.1638564E-03   -0.3850446E-04   -0.6209435E-03    0.1505569E-01    0.4966044E-02   -0.4135297E-02    0.2851452E-02   -0.3290101E-03   -0.2306616E-01    0.2915734E-04    0.4360066E-02
    0.1013714E-06   -0.9789580E-06    0.6794730E-08    0.4931066E-05   -0.7815963E-05    0.6733457E-05    0.4852364E-05    0.9058634E-07   -0.1918302E-02    0.4765620E-04    0.2339477E-03   -0.4030761E-02   -0.1908145E-02    0.6651505E-03    0.1367094E-02   -0.5708178E-03    0.1027362E-03    0.3260159E-03    0.5646917E-03    0.1991665E-02    0.1255107E-03    0.1031108E-04    0.2762373E-05    0.3365032E-05    0.3350018E-05   -0.1587157E-05   -0.1529774E-04   -0.5479700E-05    0.1275201E-04    0.7944159E-05    0.1837957E-05    0.3946950E-05   -0.4061049E-07    0.8513348E-07
    0.4193041E-07   -0.5196492E-06    0.7567590E-08    0.1868560E-05   -0.2866775E-05    0.2509648E-05    0.2113196E-05    0.2158574E-06   -0.4993642E-03    0.1103599E-04    0.1920672E-03   -0.4188746E-02   -0.1257273E-02   -0.1774986E-03    0.2921902E-03   -0.1359404E-03    0.5392848E-04    0.1439492E-03    0.1587332E-03   -0.4142693E-05    0.1031108E-04    0.1374633E-04    0.2219365E-05    0.5802321E-05    0.3301439E-06   -0.4732670E-05   -0.1916209E-05   -0.1565273E-05    0.1091626E-04   -0.2293560E-05   -0.1353664E-05    0.5976628E-05   -0.5289968E-07   -0.1108351E-06
    0.6572042E-07   -0.2906754E-06   -0.2795617E-07    0.6846665E-06   -0.2747447E-05    0.1123204E-05    0.1554689E-05    0.3980704E-06   -0.8301785E-03   -0.6450163E-05   -0.1675818E-03   -0.1718420E-02   -0.1312839E-02   -0.1359656E-02   -0.2236566E-03    0.1302793E-03   -0.3092111E-04   -0.3645199E-03    0.4598568E-04    0.7076281E-03    0.2762373E-05    0.2219365E-05    0.2285149E-03    0.2378889E-05   -0.6747228E-06   -0.2197653E-04   -0.1056216E-04    0.1093595E-06    0.4231727E-04   -0.6259071E-05   -0.1571519E-04    0.3560760E-04   -0.1855787E-06   -0.3856971E-07
    0.5132535E-07   -0.4115502E-06    0.2930269E-07    0.6012877E-06   -0.2123523E-05    0.8856033E-06    0.2343961E-05    0.4408593E-06   -0.5225970E-03    0.3508724E-04    0.1786592E-03   -0.4082038E-02   -0.7468560E-03    0.4198627E-03    0.7328481E-03   -0.3046012E-03    0.1252419E-03    0.1204905E-04    0.4569342E-04   -0.1638564E-03    0.3365032E-05    0.5802321E-05    0.2378889E-05    0.2993717E-04   -0.9337913E-06   -0.8135426E-05   -0.4726333E-05   -0.2904925E-05   -0.9387977E-05   -0.5135854E-06    0.1586996E-05   -0.3634278E-05    0.3052204E-07   -0.8262753E-07
   -0.1751316E-07   -0.3400104E-06    0.1966733E-07    0.1568040E-05   -0.4269737E-05    0.1784813E-05    0.1614835E-05    0.1908851E-06    0.1498431E-02   -0.3211489E-05    0.3303543E-04    0.2785472E-02   -0.2564854E-02   -0.2777781E-02   -0.4980552E-02    0.5623627E-03    0.1663980E-03    0.2484876E-03    0.6279011E-03   -0.3850446E-04    0.3350018E-05    0.3301439E-06   -0.6747228E-06   -0.9337913E-06    0.3985796E-03    0.4008294E-04   -0.1073337E-04    0.1393584E-05   -0.9962380E-04    0.1742928E-04    0.4642983E-04   -0.1475728E-04    0.1289713E-06    0.2395408E-06
    0.2371514E-06   -0.2483089E-05   -0.2128794E-06    0.7873254E-05    0.6020572E-05    0.1011720E-04    0.8624693E-05    0.3201627E-06    0.4417896E-02   -0.3706347E-04    0.1697102E-03    0.1458501E-01   -0.2412249E-02   -0.5185763E-03   -0.8775653E-02   -0.1738068E-02    0.1811708E-02    0.2230273E-03   -0.7931885E-03   -0.6209435E-03   -0.1587157E-05   -0.4732670E-05   -0.2197653E-04   -0.8135426E-05    0.4008294E-04    0.3397461E-02   -0.4474579E-04   -0.2932418E-04   -0.4086819E-04    0.1230427E-04   -0.9183374E-05   -0.1879080E-03    0.5126806E-06    0.1649635E-05
   -0.6106514E-06    0.3783252E-05   -0.1107306E-05   -0.1271783E-04    0.2184118E-04   -0.8412455E-05   -0.1368563E-04    0.4346435E-05   -0.3776755E-02    0.2730612E-03   -0.9430085E-03    0.4945677E-01    0.1341894E-01    0.8318762E-02    0.3613887E-02    0.2415284E-02   -0.4766613E-02    0.4642635E-02    0.8611556E-02    0.1505569E-01   -0.1529774E-04   -0.1916209E-05   -0.1056216E-04   -0.4726333E-05   -0.1073337E-04   -0.4474579E-04    0.5655009E-02    0.1831785E-02    0.1726899E-02   -0.6298623E-03   -0.2001495E-04   -0.1040551E-03    0.1893180E-05   -0.4180299E-06
   -0.2184561E-06    0.1292805E-05   -0.4591048E-06    0.2290724E-05    0.1223287E-04    0.1059195E-04   -0.5502952E-05    0.1959449E-05   -0.1082301E-02    0.1972773E-03   -0.9777782E-03    0.8971586E-02    0.9425911E-02    0.4127594E-02   -0.1013347E-03    0.1422737E-02   -0.7725900E-03    0.7753405E-03    0.2453055E-02    0.4966044E-02   -0.5479700E-05   -0.1565273E-05    0.1093595E-06   -0.2904925E-05    0.1393584E-05   -0.2932418E-04    0.1831785E-02    0.1243638E-02    0.8797239E-03    0.2115989E-03    0.3557489E-04   -0.2164155E-03   -0.5159922E-06   -0.4909346E-06
    0.2363715E-06   -0.6688827E-05    0.3654747E-06    0.3326665E-04   -0.3128557E-04    0.3828098E-04    0.1610547E-04   -0.5526741E-05    0.1090206E-01    0.2031473E-03    0.5330711E-02   -0.7681485E-01   -0.2643697E-02    0.1936110E-01   -0.4191629E-02   -0.2441457E-02    0.3613120E-02    0.4602949E-03   -0.2443619E-03   -0.4135297E-02    0.1275201E-04    0.1091626E-04    0.4231727E-04   -0.9387977E-05   -0.9962380E-04   -0.4086819E-04    0.1726899E-02    0.8797239E-03    0.3382861E-01   -0.6452678E-03    0.1428679E-02    0.1106457E-01   -0.3993124E-06    0.3065775E-05
   -0.6658685E-07    0.9741582E-06   -0.1620921E-06   -0.3635196E-05    0.7184163E-05   -0.2985871E-05   -0.1180694E-05    0.1424253E-05   -0.4196048E-02    0.5537564E-04   -0.1247298E-02    0.1233473E-01    0.6784369E-02    0.7240494E-03    0.6902574E-02   -0.1497360E-04   -0.6995337E-03   -0.3999815E-03    0.4517017E-03    0.2851452E-02    0.7944159E-05   -0.2293560E-05   -0.6259071E-05   -0.5135854E-06    0.1742928E-04    0.1230427E-04   -0.6298623E-03    0.2115989E-03   -0.6452678E-03    0.1361559E-02    0.1189848E-03   -0.3892172E-03   -0.1193836E-06   -0.6357136E-06
   -0.1714827E-06   -0.1937524E-08    0.2650117E-08   -0.1260899E-04   -0.2755794E-04   -0.3850778E-04    0.1333708E-05   -0.5992026E-05   -0.1597897E-02   -0.3440746E-03    0.3098012E-02   -0.4116759E-01    0.4044998E-03    0.5310702E-02    0.7313157E-02   -0.3153980E-02    0.3828043E-02    0.1700190E-02    0.1505274E-02   -0.3290101E-03    0.1837957E-05   -0.1353664E-05   -0.1571519E-04    0.1586996E-05    0.4642983E-04   -0.9183374E-05   -0.2001495E-04    0.3557489E-04    0.1428679E-02    0.1189848E-03    0.5102800E-02    0.3803666E-02    0.2603340E-06   -0.9997477E-07
   -0.1910133E-05    0.1228112E-04   -0.1574009E-05    0.3120214E-04    0.2866383E-04    0.8906653E-04   -0.2175348E-04    0.1159144E-05    0.2675381E-01   -0.6753843E-03   -0.2686481E-02    0.1259215E-01    0.9388291E-02   -0.1275777E-01   -0.2881911E-01    0.1120538E-02   -0.1366661E-02    0.3026351E-02   -0.1061470E-01   -0.2306616E-01    0.3946950E-05    0.5976628E-05    0.3560760E-04   -0.3634278E-05   -0.1475728E-04   -0.1879080E-03   -0.1040551E-03   -0.2164155E-03    0.1106457E-01   -0.3892172E-03    0.3803666E-02    0.3574970E-01   -0.7791787E-06    0.2617994E-05
    0.4014242E-08   -0.4554579E-08    0.2123396E-08   -0.1194138E-06   -0.2074146E-06   -0.1453954E-06   -0.1255247E-06   -0.3939970E-07   -0.2618523E-03    0.7444508E-05    0.2068060E-03    0.4284253E-02    0.1807422E-03    0.7933567E-03    0.6633916E-03   -0.1112856E-03    0.4660220E-03   -0.4067121E-03   -0.5022234E-04    0.2915734E-04   -0.4061049E-07   -0.5289968E-07   -0.1855787E-06    0.3052204E-07    0.1289713E-06    0.5126806E-06    0.1893180E-05   -0.5159922E-06   -0.3993124E-06   -0.1193836E-06    0.2603340E-06   -0.7791787E-06    0.5261122E-06    0.4293168E-08
   -0.2650826E-07    0.1373284E-06   -0.1077815E-07   -0.1171852E-07    0.2669701E-05    0.1045673E-06   -0.6965951E-06   -0.3591089E-07    0.4424401E-02   -0.2483844E-04   -0.3689181E-03    0.4454024E-02    0.5442155E-03   -0.2367520E-02   -0.7489908E-02    0.1529338E-03    0.1807455E-04   -0.1972180E-03    0.2470922E-02    0.4360066E-02    0.8513348E-07   -0.1108351E-06   -0.3856971E-07   -0.8262753E-07    0.2395408E-06    0.1649635E-05   -0.4180299E-06   -0.4909346E-06    0.3065775E-05   -0.6357136E-06   -0.9997477E-07    0.2617994E-05    0.4293168E-08    0.2072989E-05
