# omegabh2 omegach2 theta tau logA ns acib217 acibsz143 asz143 aps100 aps143 aps143217 aps217 aksz kgal100 t1gal143 t1gal143217 t1gal217 galfEE100 galfEE100143 galfEE100217 galfEE143 galfEE143217 galfEE217 galfTE100 galfTE100143 galfTE100217 galfTE143 galfTE143217 galfTE217 calib_100T calib_217T
    0.2020195E-07   -0.6345185E-07    0.1300510E-07    0.4093133E-06    0.8042384E-06    0.1807268E-06   -0.1192087E-03   -0.7654969E-04   -0.1851857E-04   -0.2027406E-04    0.2253042E-04    0.1360910E-03    0.9653626E-04   -0.3060063E-04    0.8897241E-04   -0.1741832E-03   -0.1875242E-03   -0.2003225E-03    0.8678891E-07    0.8935337E-07    0.1194161E-06    0.7849835E-07    0.9649706E-07    0.1495281E-06   -0.1070491E-05   -0.1634586E-05   -0.2163813E-05   -0.2988807E-05   -0.4042194E-05   -0.6538247E-05   -0.2740668E-07    0.1980353E-08
   -0.6345185E-07    0.9864470E-06   -0.5514156E-07   -0.4552973E-05   -0.6747185E-05   -0.2462574E-05    0.4272960E-03    0.1239537E-03   -0.3974624E-05    0.9139327E-03    0.3759925E-03   -0.4039285E-04   -0.3160183E-03    0.1122379E-03    0.2975093E-03    0.2554972E-04    0.1740542E-03    0.2411260E-03   -0.9842924E-06   -0.1166377E-05   -0.1208445E-05   -0.1074937E-05   -0.1294840E-05   -0.1037712E-05    0.6166656E-05    0.6453704E-05    0.6351604E-05    0.1359543E-04    0.1535674E-04    0.2046480E-04   -0.5966119E-07   -0.3274870E-07
    0.1300510E-07   -0.5514156E-07    0.8180286E-07    0.6157693E-06    0.1221345E-05    0.2348816E-06   -0.3962448E-04   -0.4928707E-04   -0.1437195E-04    0.5130162E-04    0.1002498E-03    0.1388482E-03    0.5759715E-04   -0.2721099E-04   -0.1739797E-04   -0.4114661E-04   -0.3071466E-04   -0.2944124E-04    0.4515394E-07    0.3376195E-07    0.6803602E-08   -0.4178707E-08   -0.7539650E-07    0.3494245E-08   -0.6419959E-06   -0.1022782E-05   -0.1449121E-05   -0.1305501E-05   -0.1909787E-05   -0.3519338E-05   -0.3656351E-08   -0.3827420E-08
    0.4093133E-06   -0.4552973E-05    0.6157693E-06    0.1070507E-03    0.2024122E-03    0.1760513E-04   -0.6258347E-02   -0.2599014E-02   -0.7959421E-03   -0.4858585E-02   -0.1133609E-02    0.4501022E-02    0.6157685E-02   -0.1222191E-02   -0.3995526E-02   -0.2281729E-02   -0.5117524E-02   -0.6371058E-02    0.5302366E-05    0.6087423E-05    0.5687603E-05    0.5889190E-05    0.5952504E-05    0.5347686E-05   -0.6791839E-04   -0.6912067E-04   -0.6748592E-04   -0.1065382E-03   -0.1196171E-03   -0.1228515E-03    0.6435880E-06    0.5417584E-06
    0.8042384E-06   -0.6747185E-05    0.1221345E-05    0.2024122E-03    0.3941505E-03    0.2860854E-04   -0.1265595E-01   -0.6287603E-02   -0.2560449E-02    0.4597567E-02    0.6663896E-02    0.1659116E-01    0.1729418E-01   -0.3057661E-02   -0.1493405E-01   -0.2191795E-01   -0.2722424E-01   -0.2977580E-01    0.6215353E-05    0.7468285E-05    0.5946548E-05    0.7084234E-05    0.6097955E-05    0.5159377E-05   -0.1254929E-03   -0.1234672E-03   -0.1187600E-03   -0.1813729E-03   -0.2100054E-03   -0.2194428E-03    0.1015043E-06    0.9386117E-06
    0.1807268E-06   -0.2462574E-05    0.2348816E-06    0.1760513E-04    0.2860854E-04    0.1806548E-04   -0.9081017E-02   -0.4284217E-02   -0.1556711E-02   -0.4445109E-02    0.6452641E-02    0.1234923E-01    0.1311039E-01   -0.2675649E-02   -0.2463926E-02   -0.4543357E-02   -0.6137227E-02   -0.6162179E-02    0.6234017E-05    0.7150367E-05    0.7497822E-05    0.6552020E-05    0.7357444E-05    0.4863036E-05   -0.1491939E-04   -0.8733803E-05   -0.1162697E-05   -0.2936212E-04   -0.1774840E-04   -0.2618141E-04    0.2528100E-06    0.3878333E-06
   -0.1192087E-03    0.4272960E-03   -0.3962448E-04   -0.6258347E-02   -0.1265595E-01   -0.9081017E-02    0.6541622E+02    0.2441529E+02    0.9080904E+00    0.1365276E+02   -0.2183514E+02   -0.6507680E+02   -0.8109001E+02   -0.4148851E+01   -0.4612351E+01   -0.1169615E+02   -0.1817880E+02   -0.2415498E+02   -0.1980566E-02   -0.1903391E-02   -0.3204176E-02   -0.2130187E-02   -0.5600854E-03   -0.5004876E-03    0.3622634E-03    0.9056212E-02   -0.2867726E-02    0.1055440E-01   -0.1656853E-01   -0.8741491E-01    0.1395830E-03   -0.2855021E-02
   -0.7654969E-04    0.1239537E-03   -0.4928707E-04   -0.2599014E-02   -0.6287603E-02   -0.4284217E-02    0.2441529E+02    0.1774781E+02    0.2398412E+01   -0.1467709E+02   -0.2355041E+02   -0.4357328E+02   -0.2643322E+02   -0.1604933E+01   -0.4290893E+01   -0.7113268E+01   -0.1432381E+02   -0.1620978E+02   -0.8517344E-03   -0.6266298E-03   -0.1461838E-02   -0.8028329E-03   -0.6819536E-03   -0.1009800E-02    0.1062757E-02    0.5241467E-02    0.1271766E-01    0.3319160E-02    0.3285704E-02   -0.6817332E-02    0.1292847E-03   -0.2476958E-04
   -0.1851857E-04   -0.3974624E-05   -0.1437195E-04   -0.7959421E-03   -0.2560449E-02   -0.1556711E-02    0.9080904E+00    0.2398412E+01    0.6004381E+01   -0.4117709E+02   -0.1721546E+02   -0.4927965E+01   -0.4856252E+00   -0.2920887E+00   -0.3470765E+01   -0.1017465E+01    0.2812565E+01    0.3399305E+01   -0.4556607E-03   -0.2325265E-03   -0.5012787E-03    0.1426971E-03   -0.4898173E-03   -0.4484048E-03    0.2681248E-02    0.6190540E-03   -0.2923116E-02   -0.2630027E-02   -0.6524704E-03    0.6962584E-02   -0.4060758E-04    0.1558307E-03
   -0.2027406E-04    0.9139327E-03    0.5130162E-04   -0.4858585E-02    0.4597567E-02   -0.4445109E-02    0.1365276E+02   -0.1467709E+02   -0.4117709E+02    0.7368531E+03    0.1733195E+03    0.6396454E+02    0.8401327E+01   -0.1297276E+02   -0.3475498E+02   -0.5157322E+01   -0.1586048E+02   -0.1585165E+02   -0.6162005E-02   -0.5554635E-02   -0.5310510E-02   -0.7621207E-02   -0.1009754E-01   -0.1846252E-01    0.2007904E-01    0.4329583E-01    0.6903618E-01    0.6835512E-01    0.7973451E-01    0.1073320E+00   -0.1901988E-02   -0.3157492E-02
    0.2253042E-04    0.3759925E-03    0.1002498E-03   -0.1133609E-02    0.6663896E-02    0.6452641E-02   -0.2183514E+02   -0.2355041E+02   -0.1721546E+02    0.1733195E+03    0.1181837E+03    0.9173330E+02    0.5138011E+02   -0.1139881E+02    0.2560667E+01   -0.7427789E+01   -0.2123512E+01    0.8487291E+00   -0.1318088E-02   -0.1634894E-02   -0.1101626E-02   -0.2446552E-02   -0.1673415E-02   -0.3621557E-02    0.1224426E-01    0.2839121E-01    0.3797301E-01    0.5091307E-01    0.6952348E-01    0.1083722E+00   -0.4658181E-03   -0.9123696E-03
    0.1360910E-03   -0.4039285E-04    0.1388482E-03    0.4501022E-02    0.1659116E-01    0.1234923E-01   -0.6507680E+02   -0.4357328E+02   -0.4927965E+01    0.6396454E+02    0.9173330E+02    0.1453673E+03    0.1062665E+03   -0.8289469E+01    0.1589395E+01    0.1368585E+01    0.1365553E+02    0.1533020E+02   -0.3042252E-04   -0.1457265E-03    0.9306826E-03    0.1072504E-02   -0.3084019E-03   -0.2210724E-02    0.1174707E-01    0.1668425E-01    0.2518819E-01    0.3802984E-01    0.7887304E-01    0.1681441E+00   -0.7748249E-03    0.1407378E-02
    0.9653626E-04   -0.3160183E-03    0.5759715E-04    0.6157685E-02    0.1729418E-01    0.1311039E-01   -0.8109001E+02   -0.2643322E+02   -0.4856252E+00    0.8401327E+01    0.5138011E+02    0.1062665E+03    0.1404515E+03   -0.7010624E+01   -0.3271117E+01   -0.2259438E+01   -0.5309289E+01   -0.5752104E+01    0.8699302E-03    0.1107348E-02    0.1489628E-02    0.2387480E-02   -0.9857888E-03   -0.3853226E-02    0.1771729E-01    0.1345490E-01    0.5836689E-01    0.2513763E-01    0.9651650E-01    0.2295111E+00   -0.6185659E-03    0.5360336E-02
   -0.3060063E-04    0.1122379E-03   -0.2721099E-04   -0.1222191E-02   -0.3057661E-02   -0.2675649E-02   -0.4148851E+01   -0.1604933E+01   -0.2920887E+00   -0.1297276E+02   -0.1139881E+02   -0.8289469E+01   -0.7010624E+01    0.8309940E+01   -0.2366463E+01   -0.3495513E+01   -0.4078112E+01   -0.4171477E+01   -0.1518359E-03   -0.5525915E-03   -0.1642778E-03   -0.5923956E-03   -0.7512054E-03    0.1858732E-03   -0.4024206E-02   -0.5328595E-02   -0.6901403E-02   -0.8821630E-02   -0.1502593E-01   -0.1925924E-01   -0.4085302E-04    0.2304252E-03
    0.8897241E-04    0.2975093E-03   -0.1739797E-04   -0.3995526E-02   -0.1493405E-01   -0.2463926E-02   -0.4612351E+01   -0.4290893E+01   -0.3470765E+01   -0.3475498E+02    0.2560667E+01    0.1589395E+01   -0.3271117E+01   -0.2366463E+01    0.1589655E+03    0.6007423E+02    0.5828034E+02    0.5769419E+02   -0.3045263E-02   -0.1004257E-02   -0.8165120E-03    0.4061334E-03    0.2883425E-02    0.6214735E-02   -0.1244492E-01   -0.6957508E-01   -0.7671943E-01   -0.4587398E-01   -0.6022901E-01   -0.4614125E-01   -0.1311457E-01   -0.1205541E-03
   -0.1741832E-03    0.2554972E-04   -0.4114661E-04   -0.2281729E-02   -0.2191795E-01   -0.4543357E-02   -0.1169615E+02   -0.7113268E+01   -0.1017465E+01   -0.5157322E+01   -0.7427789E+01    0.1368585E+01   -0.2259438E+01   -0.3495513E+01    0.6007423E+02    0.1143498E+03    0.1166669E+03    0.1168405E+03    0.2921122E-02    0.2068939E-02    0.4728876E-02    0.2366447E-02    0.4831726E-02    0.1197389E-01    0.1320939E-01   -0.2810219E-01   -0.6342199E-01   -0.1766197E-01   -0.5339344E-01   -0.7253567E-01    0.3548313E-02    0.1863625E-03
   -0.1875242E-03    0.1740542E-03   -0.3071466E-04   -0.5117524E-02   -0.2722424E-01   -0.6137227E-02   -0.1817880E+02   -0.1432381E+02    0.2812565E+01   -0.1586048E+02   -0.2123512E+01    0.1365553E+02   -0.5309289E+01   -0.4078112E+01    0.5828034E+02    0.1166669E+03    0.1557911E+03    0.1799491E+03    0.2471439E-02    0.9194936E-03    0.3147165E-02    0.1210929E-02    0.3775212E-02    0.1048792E-01    0.1197469E-01   -0.2202982E-01   -0.8053638E-01   -0.2002597E-01   -0.5750495E-01   -0.2112466E-01    0.3191727E-02   -0.4635682E-02
   -0.2003225E-03    0.2411260E-03   -0.2944124E-04   -0.6371058E-02   -0.2977580E-01   -0.6162179E-02   -0.2415498E+02   -0.1620978E+02    0.3399305E+01   -0.1585165E+02    0.8487291E+00    0.1533020E+02   -0.5752104E+01   -0.4171477E+01    0.5769419E+02    0.1168405E+03    0.1799491E+03    0.2280565E+03    0.3087378E-02    0.6977924E-03    0.2043063E-02    0.1180761E-02    0.3801824E-02    0.8379146E-02    0.7536542E-02   -0.1425073E-01   -0.7169965E-01   -0.1134653E-01   -0.3096878E-01    0.7397795E-01    0.3086791E-02   -0.8863175E-02
    0.8678891E-07   -0.9842924E-06    0.4515394E-07    0.5302366E-05    0.6215353E-05    0.6234017E-05   -0.1980566E-02   -0.8517344E-03   -0.4556607E-03   -0.6162005E-02   -0.1318088E-02   -0.3042252E-04    0.8699302E-03   -0.1518359E-03   -0.3045263E-02    0.2921122E-02    0.2471439E-02    0.3087378E-02    0.6704960E-04    0.2336735E-04    0.2763492E-04    0.1094747E-04    0.1418948E-04    0.1582908E-04   -0.6138580E-04   -0.4772790E-04   -0.3614476E-04   -0.3777921E-04   -0.3131280E-05    0.2268851E-05    0.9910486E-06   -0.1510345E-06
    0.8935337E-07   -0.1166377E-05    0.3376195E-07    0.6087423E-05    0.7468285E-05    0.7150367E-05   -0.1903391E-02   -0.6266298E-03   -0.2325265E-03   -0.5554635E-02   -0.1634894E-02   -0.1457265E-03    0.1107348E-02   -0.5525915E-03   -0.1004257E-02    0.2068939E-02    0.9194936E-03    0.6977924E-03    0.2336735E-04    0.4155378E-04    0.3639089E-04    0.3014565E-04    0.3092507E-04    0.2799698E-04   -0.5723094E-04   -0.9042600E-04   -0.8022141E-04   -0.9659388E-04   -0.8353455E-04   -0.7825088E-04    0.6136387E-06    0.1263965E-06
    0.1194161E-06   -0.1208445E-05    0.6803602E-08    0.5687603E-05    0.5946548E-05    0.7497822E-05   -0.3204176E-02   -0.1461838E-02   -0.5012787E-03   -0.5310510E-02   -0.1101626E-02    0.9306826E-03    0.1489628E-02   -0.1642778E-03   -0.8165120E-03    0.4728876E-02    0.3147165E-02    0.2043063E-02    0.2763492E-04    0.3639089E-04    0.1123200E-03    0.2401009E-04    0.5854987E-04    0.1080309E-03   -0.6351692E-04   -0.9249327E-04   -0.9568914E-04   -0.9855747E-04   -0.1795025E-03   -0.3851829E-03    0.9145629E-06    0.2630109E-06
    0.7849835E-07   -0.1074937E-05   -0.4178707E-08    0.5889190E-05    0.7084234E-05    0.6552020E-05   -0.2130187E-02   -0.8028329E-03    0.1426971E-03   -0.7621207E-02   -0.2446552E-02    0.1072504E-02    0.2387480E-02   -0.5923956E-03    0.4061334E-03    0.2366447E-02    0.1210929E-02    0.1180761E-02    0.1094747E-04    0.3014565E-04    0.2401009E-04    0.8683994E-04    0.5532269E-04    0.3337690E-04   -0.9681066E-05   -0.7211721E-04   -0.2094643E-04   -0.1625738E-03   -0.1037871E-03   -0.4375836E-04    0.3738752E-06    0.8328188E-07
    0.9649706E-07   -0.1294840E-05   -0.7539650E-07    0.5952504E-05    0.6097955E-05    0.7357444E-05   -0.5600854E-03   -0.6819536E-03   -0.4898173E-03   -0.1009754E-01   -0.1673415E-02   -0.3084019E-03   -0.9857888E-03   -0.7512054E-03    0.2883425E-02    0.4831726E-02    0.3775212E-02    0.3801824E-02    0.1418948E-04    0.3092507E-04    0.5854987E-04    0.5532269E-04    0.1269490E-03    0.1553638E-03   -0.4141639E-04   -0.8799354E-04   -0.9591270E-04   -0.1543640E-03   -0.1981777E-03   -0.3591270E-03    0.5178827E-06   -0.6660609E-07
    0.1495281E-06   -0.1037712E-05    0.3494245E-08    0.5347686E-05    0.5159377E-05    0.4863036E-05   -0.5004876E-03   -0.1009800E-02   -0.4484048E-03   -0.1846252E-01   -0.3621557E-02   -0.2210724E-02   -0.3853226E-02    0.1858732E-03    0.6214735E-02    0.1197389E-01    0.1048792E-01    0.8379146E-02    0.1582908E-04    0.2799698E-04    0.1080309E-03    0.3337690E-04    0.1553638E-03    0.6434428E-03   -0.6012859E-04   -0.1142840E-03   -0.1941820E-03   -0.1301471E-03   -0.3387396E-03   -0.5994947E-03    0.8077997E-06    0.3772762E-06
   -0.1070491E-05    0.6166656E-05   -0.6419959E-06   -0.6791839E-04   -0.1254929E-03   -0.1491939E-04    0.3622634E-03    0.1062757E-02    0.2681248E-02    0.2007904E-01    0.1224426E-01    0.1174707E-01    0.1771729E-01   -0.4024206E-02   -0.1244492E-01    0.1320939E-01    0.1197469E-01    0.7536542E-02   -0.6138580E-04   -0.5723094E-04   -0.6351692E-04   -0.9681066E-05   -0.4141639E-04   -0.6012859E-04    0.1234919E-01    0.7870664E-02    0.8647932E-02    0.1466647E-02    0.1837988E-02    0.2556338E-02    0.2043311E-05    0.6674893E-06
   -0.1634586E-05    0.6453704E-05   -0.1022782E-05   -0.6912067E-04   -0.1234672E-03   -0.8733803E-05    0.9056212E-02    0.5241467E-02    0.6190540E-03    0.4329583E-01    0.2839121E-01    0.1668425E-01    0.1345490E-01   -0.5328595E-02   -0.6957508E-01   -0.2810219E-01   -0.2202982E-01   -0.1425073E-01   -0.4772790E-04   -0.9042600E-04   -0.9249327E-04   -0.7211721E-04   -0.8799354E-04   -0.1142840E-03    0.7870664E-02    0.1142524E-01    0.1265558E-01    0.7505225E-02    0.7502084E-02    0.7148971E-02    0.5688323E-05   -0.2386536E-05
   -0.2163813E-05    0.6351604E-05   -0.1449121E-05   -0.6748592E-04   -0.1187600E-03   -0.1162697E-05   -0.2867726E-02    0.1271766E-01   -0.2923116E-02    0.6903618E-01    0.3797301E-01    0.2518819E-01    0.5836689E-01   -0.6901403E-02   -0.7671943E-01   -0.6342199E-01   -0.8053638E-01   -0.7169965E-01   -0.3614476E-04   -0.8022141E-04   -0.9568914E-04   -0.2094643E-04   -0.9591270E-04   -0.1941820E-03    0.8647932E-02    0.1265558E-01    0.2490944E-01    0.4157409E-02    0.1160060E-01    0.2298339E-01    0.3464032E-05   -0.1122310E-05
   -0.2988807E-05    0.1359543E-04   -0.1305501E-05   -0.1065382E-03   -0.1813729E-03   -0.2936212E-04    0.1055440E-01    0.3319160E-02   -0.2630027E-02    0.6835512E-01    0.5091307E-01    0.3802984E-01    0.2513763E-01   -0.8821630E-02   -0.4587398E-01   -0.1766197E-01   -0.2002597E-01   -0.1134653E-01   -0.3777921E-04   -0.9659388E-04   -0.9855747E-04   -0.1625738E-03   -0.1543640E-03   -0.1301471E-03    0.1466647E-02    0.7505225E-02    0.4157409E-02    0.2049531E-01    0.1852168E-01    0.1263964E-01    0.2464991E-05   -0.1859642E-05
   -0.4042194E-05    0.1535674E-04   -0.1909787E-05   -0.1196171E-03   -0.2100054E-03   -0.1774840E-04   -0.1656853E-01    0.3285704E-02   -0.6524704E-03    0.7973451E-01    0.6952348E-01    0.7887304E-01    0.9651650E-01   -0.1502593E-01   -0.6022901E-01   -0.5339344E-01   -0.5750495E-01   -0.3096878E-01   -0.3131280E-05   -0.8353455E-04   -0.1795025E-03   -0.1037871E-03   -0.1981777E-03   -0.3387396E-03    0.1837988E-02    0.7502084E-02    0.1160060E-01    0.1852168E-01    0.2860632E-01    0.4035217E-01    0.2079146E-05   -0.2185609E-05
   -0.6538247E-05    0.2046480E-04   -0.3519338E-05   -0.1228515E-03   -0.2194428E-03   -0.2618141E-04   -0.8741491E-01   -0.6817332E-02    0.6962584E-02    0.1073320E+00    0.1083722E+00    0.1681441E+00    0.2295111E+00   -0.1925924E-01   -0.4614125E-01   -0.7253567E-01   -0.2112466E-01    0.7397795E-01    0.2268851E-05   -0.7825088E-04   -0.3851829E-03   -0.4375836E-04   -0.3591270E-03   -0.5994947E-03    0.2556338E-02    0.7148971E-02    0.2298339E-01    0.1263964E-01    0.4035217E-01    0.1026879E+00   -0.2686912E-06   -0.6640721E-05
   -0.2740668E-07   -0.5966119E-07   -0.3656351E-08    0.6435880E-06    0.1015043E-06    0.2528100E-06    0.1395830E-03    0.1292847E-03   -0.4060758E-04   -0.1901988E-02   -0.4658181E-03   -0.7748249E-03   -0.6185659E-03   -0.4085302E-04   -0.1311457E-01    0.3548313E-02    0.3191727E-02    0.3086791E-02    0.9910486E-06    0.6136387E-06    0.9145629E-06    0.3738752E-06    0.5178827E-06    0.8077997E-06    0.2043311E-05    0.5688323E-05    0.3464032E-05    0.2464991E-05    0.2079146E-05   -0.2686912E-06    0.2355903E-05    0.2400097E-07
    0.1980353E-08   -0.3274870E-07   -0.3827420E-08    0.5417584E-06    0.9386117E-06    0.3878333E-06   -0.2855021E-02   -0.2476958E-04    0.1558307E-03   -0.3157492E-02   -0.9123696E-03    0.1407378E-02    0.5360336E-02    0.2304252E-03   -0.1205541E-03    0.1863625E-03   -0.4635682E-02   -0.8863175E-02   -0.1510345E-06    0.1263965E-06    0.2630109E-06    0.8328188E-07   -0.6660609E-07    0.3772762E-06    0.6674893E-06   -0.2386536E-05   -0.1122310E-05   -0.1859642E-05   -0.2185609E-05   -0.6640721E-05    0.2400097E-07    0.1249435E-05
