# omegabh2 omegach2 theta tau w wa logA ns alpha_JLA beta_JLA acib217 acibsz143 asz143 aps100 aps143 aps143217 aps217 aksz kgal100 t1gal143 t1gal143217 t1gal217 calib_100T calib_217T
    0.4760620E-07   -0.1167566E-06    0.3752028E-07    0.8522052E-06   -0.2627544E-06    0.9773288E-05    0.1497284E-05    0.4384515E-06    0.6910028E-07   -0.3481096E-06   -0.2716296E-03   -0.9847484E-04    0.2303959E-04   -0.1132239E-02   -0.4935456E-03   -0.1392806E-03   -0.2766036E-04   -0.5563638E-04    0.8175725E-03    0.4737833E-03    0.4279699E-03    0.3891151E-03   -0.4546810E-07    0.1820086E-07
   -0.1167566E-06    0.2516692E-05   -0.1861340E-06   -0.1257417E-04    0.8632379E-05   -0.1808838E-03   -0.2018601E-04   -0.5880306E-05   -0.2626346E-06    0.3977468E-05    0.2294837E-03   -0.2185119E-03   -0.2178548E-03    0.1446990E-02    0.7710822E-03    0.1085940E-03   -0.8225320E-03    0.1831720E-03    0.4668441E-02    0.4523599E-02    0.4764433E-02    0.4872569E-02   -0.9641116E-07   -0.8922080E-07
    0.3752028E-07   -0.1861340E-06    0.1929104E-06    0.1784927E-05   -0.1675365E-05    0.2281538E-04    0.3526299E-05    0.7104047E-06    0.1329561E-06   -0.5781117E-06   -0.5052449E-04    0.6386182E-04    0.4527794E-04   -0.4970861E-03   -0.3370216E-03   -0.2189412E-03    0.3676034E-04   -0.3617710E-04    0.7506693E-04   -0.6883513E-03   -0.6995706E-03   -0.6717699E-03   -0.7918557E-07    0.1066604E-07
    0.8522052E-06   -0.1257417E-04    0.1784927E-05    0.1603249E-03   -0.1231835E-03    0.1242380E-02    0.2908045E-03    0.3873821E-04    0.4951433E-05   -0.4076026E-04   -0.6363044E-02   -0.6414877E-03    0.1109990E-02   -0.2609261E-01   -0.1168674E-01   -0.2529372E-02    0.5185598E-02   -0.2230282E-02   -0.1879342E-01   -0.7008467E-02   -0.1187602E-01   -0.1449170E-01    0.1973302E-05    0.1173330E-05
   -0.2627544E-06    0.8632379E-05   -0.1675365E-05   -0.1231835E-03    0.1044866E-01   -0.3018306E-01   -0.2399466E-03   -0.3510365E-04   -0.4787151E-04   -0.1212532E-02   -0.8955005E-02   -0.6110227E-02    0.4652554E-02   -0.1269971E+00   -0.1477467E-01    0.3949374E-02   -0.1596422E-01    0.8501378E-02    0.7127547E-01    0.4262394E-01    0.5632027E-01    0.6404219E-01   -0.2891005E-05   -0.9021986E-06
    0.9773288E-05   -0.1808838E-03    0.2281538E-04    0.1242380E-02   -0.3018306E-01    0.1087387E+00    0.2176492E-02    0.4814474E-03    0.1167362E-03    0.2811613E-02    0.1763157E-01    0.2341568E-01   -0.5178869E-02    0.3783030E+00   -0.8361558E-02   -0.1917333E-01    0.8534750E-01   -0.3433321E-01   -0.4003597E+00   -0.4217699E+00   -0.4692777E+00   -0.4941289E+00   -0.1021391E-05    0.4485755E-05
    0.1497284E-05   -0.2018601E-04    0.3526299E-05    0.2908045E-03   -0.2399466E-03    0.2176492E-02    0.5481602E-03    0.6400128E-04    0.8713980E-05   -0.6390433E-04   -0.1151051E-01   -0.1686364E-02    0.4688521E-03   -0.1785147E-01   -0.5283997E-02    0.8296550E-02    0.2147635E-01   -0.4224324E-02   -0.5649834E-01   -0.6239922E-01   -0.7280854E-01   -0.7836962E-01    0.8203153E-06    0.2157353E-05
    0.4384515E-06   -0.5880306E-05    0.7104047E-06    0.3873821E-04   -0.3510365E-04    0.4814474E-03    0.6400128E-04    0.2889871E-04    0.1610285E-05   -0.1637107E-04   -0.1094913E-01   -0.4053829E-02   -0.7763241E-03   -0.1631266E-01    0.3002065E-02    0.1142811E-01    0.1510781E-01   -0.3186865E-02   -0.1131296E-01   -0.1143442E-01   -0.1289430E-01   -0.1245462E-01    0.7773816E-06    0.6292865E-06
    0.6910028E-07   -0.2626346E-06    0.1329561E-06    0.4951433E-05   -0.4787151E-04    0.1167362E-03    0.8713980E-05    0.1610285E-05    0.4412631E-04   -0.1618209E-04    0.1408806E-02    0.1274649E-02   -0.7288346E-03   -0.5273750E-02   -0.7843599E-03   -0.4835588E-02   -0.2808291E-02    0.6528368E-03    0.1428480E-02   -0.4044761E-03   -0.1488927E-02   -0.2050576E-02    0.1129176E-06    0.8807613E-07
   -0.3481096E-06    0.3977468E-05   -0.5781117E-06   -0.4076026E-04   -0.1212532E-02    0.2811613E-02   -0.6390433E-04   -0.1637107E-04   -0.1618209E-04    0.7071666E-02   -0.4509303E-02   -0.8636715E-02   -0.1565007E-02   -0.3132837E-01   -0.1496552E-01    0.1902757E-02    0.2038387E-02    0.3373924E-02   -0.1856683E-01    0.2040323E-02    0.1525620E-01    0.1314844E-01    0.2620004E-05   -0.8586741E-06
   -0.2716296E-03    0.2294837E-03   -0.5052449E-04   -0.6363044E-02   -0.8955005E-02    0.1763157E-01   -0.1151051E-01   -0.1094913E-01    0.1408806E-02   -0.4509303E-02    0.7114072E+02    0.2665015E+02    0.8806297E+00    0.2089384E+02   -0.1983489E+02   -0.6837408E+02   -0.8636588E+02   -0.3112939E+01   -0.1351888E+02   -0.2401235E+02   -0.2895338E+02   -0.3352371E+02   -0.3010870E-04   -0.3616938E-02
   -0.9847484E-04   -0.2185119E-03    0.6386182E-04   -0.6414877E-03   -0.6110227E-02    0.2341568E-01   -0.1686364E-02   -0.4053829E-02    0.1274649E-02   -0.8636715E-02    0.2665015E+02    0.1956112E+02    0.2043420E+01   -0.9219340E+01   -0.2273315E+02   -0.4609737E+02   -0.2675480E+02   -0.1770729E+01   -0.6188605E+01   -0.1358390E+02   -0.2135329E+02   -0.2271724E+02   -0.3262003E-03   -0.2606735E-03
    0.2303959E-04   -0.2178548E-03    0.4527794E-04    0.1109990E-02    0.4652554E-02   -0.5178869E-02    0.4688521E-03   -0.7763241E-03   -0.7288346E-03   -0.1565007E-02    0.8806297E+00    0.2043420E+01    0.5302556E+01   -0.3612933E+02   -0.1602706E+02   -0.5126032E+01   -0.1618260E+01   -0.3940813E+00    0.4952545E+00    0.1990903E+01    0.5174516E+01    0.5488898E+01   -0.1927536E-03    0.1640090E-03
   -0.1132239E-02    0.1446990E-02   -0.4970861E-03   -0.2609261E-01   -0.1269971E+00    0.3783030E+00   -0.1785147E-01   -0.1631266E-01   -0.5273750E-02   -0.3132837E-01    0.2089384E+02   -0.9219340E+01   -0.3612933E+02    0.7597525E+03    0.1824620E+03    0.7577047E+02    0.2550085E+02   -0.8054708E+01   -0.1178852E+03   -0.1011538E+03   -0.1134225E+03   -0.1181203E+03   -0.3492929E-02   -0.1806645E-02
   -0.4935456E-03    0.7710822E-03   -0.3370216E-03   -0.1168674E-01   -0.1477467E-01   -0.8361558E-02   -0.5283997E-02    0.3002065E-02   -0.7843599E-03   -0.1496552E-01   -0.1983489E+02   -0.2273315E+02   -0.1602706E+02    0.1824620E+03    0.1262890E+03    0.1003364E+03    0.5884969E+02   -0.8328524E+01   -0.3834217E+02   -0.5564508E+02   -0.4938158E+02   -0.4652452E+02   -0.7450219E-03   -0.7910623E-03
   -0.1392806E-03    0.1085940E-03   -0.2189412E-03   -0.2529372E-02    0.3949374E-02   -0.1917333E-01    0.8296550E-02    0.1142811E-01   -0.4835588E-02    0.1902757E-02   -0.6837408E+02   -0.4609737E+02   -0.5126032E+01    0.7577047E+02    0.1003364E+03    0.1563440E+03    0.1140615E+03   -0.5925003E+01   -0.2280130E+02   -0.2616386E+02   -0.1456169E+02   -0.1446940E+02   -0.8920341E-03    0.2122460E-02
   -0.2766036E-04   -0.8225320E-03    0.3676034E-04    0.5185598E-02   -0.1596422E-01    0.8534750E-01    0.2147635E-01    0.1510781E-01   -0.2808291E-02    0.2038387E-02   -0.8636588E+02   -0.2675480E+02   -0.1618260E+01    0.2550085E+02    0.5884969E+02    0.1140615E+03    0.1547837E+03   -0.6237478E+01   -0.2235913E+02   -0.3177131E+02   -0.3943587E+02   -0.4201858E+02   -0.1638290E-02    0.6589549E-02
   -0.5563638E-04    0.1831720E-03   -0.3617710E-04   -0.2230282E-02    0.8501378E-02   -0.3433321E-01   -0.4224324E-02   -0.3186865E-02    0.6528368E-03    0.3373924E-02   -0.3112939E+01   -0.1770729E+01   -0.3940813E+00   -0.8054708E+01   -0.8328524E+01   -0.5925003E+01   -0.6237478E+01    0.7436487E+01   -0.1962655E+01   -0.5884759E+01   -0.5740932E+01   -0.5743108E+01   -0.3069945E-03    0.1087437E-03
    0.8175725E-03    0.4668441E-02    0.7506693E-04   -0.1879342E-01    0.7127547E-01   -0.4003597E+00   -0.5649834E-01   -0.1131296E-01    0.1428480E-02   -0.1856683E-01   -0.1351888E+02   -0.6188605E+01    0.4952545E+00   -0.1178852E+03   -0.3834217E+02   -0.2280130E+02   -0.2235913E+02   -0.1962655E+01    0.2459694E+03    0.1693777E+03    0.1685830E+03    0.1678813E+03   -0.1267710E-01    0.3579670E-03
    0.4737833E-03    0.4523599E-02   -0.6883513E-03   -0.7008467E-02    0.4262394E-01   -0.4217699E+00   -0.6239922E-01   -0.1143442E-01   -0.4044761E-03    0.2040323E-02   -0.2401235E+02   -0.1358390E+02    0.1990903E+01   -0.1011538E+03   -0.5564508E+02   -0.2616386E+02   -0.3177131E+02   -0.5884759E+01    0.1693777E+03    0.3056991E+03    0.3103856E+03    0.3096261E+03    0.1061662E-01    0.6847193E-03
    0.4279699E-03    0.4764433E-02   -0.6995706E-03   -0.1187602E-01    0.5632027E-01   -0.4692777E+00   -0.7280854E-01   -0.1289430E-01   -0.1488927E-02    0.1525620E-01   -0.2895338E+02   -0.2135329E+02    0.5174516E+01   -0.1134225E+03   -0.4938158E+02   -0.1456169E+02   -0.3943587E+02   -0.5740932E+01    0.1685830E+03    0.3103856E+03    0.3526043E+03    0.3770143E+03    0.1060696E-01   -0.4653485E-02
    0.3891151E-03    0.4872569E-02   -0.6717699E-03   -0.1449170E-01    0.6404219E-01   -0.4941289E+00   -0.7836962E-01   -0.1245462E-01   -0.2050576E-02    0.1314844E-01   -0.3352371E+02   -0.2271724E+02    0.5488898E+01   -0.1181203E+03   -0.4652452E+02   -0.1446940E+02   -0.4201858E+02   -0.5743108E+01    0.1678813E+03    0.3096261E+03    0.3770143E+03    0.4279434E+03    0.1055874E-01   -0.9625025E-02
   -0.4546810E-07   -0.9641116E-07   -0.7918557E-07    0.1973302E-05   -0.2891005E-05   -0.1021391E-05    0.8203153E-06    0.7773816E-06    0.1129176E-06    0.2620004E-05   -0.3010870E-04   -0.3262003E-03   -0.1927536E-03   -0.3492929E-02   -0.7450219E-03   -0.8920341E-03   -0.1638290E-02   -0.3069945E-03   -0.1267710E-01    0.1061662E-01    0.1060696E-01    0.1055874E-01    0.3192752E-05   -0.2303125E-07
    0.1820086E-07   -0.8922080E-07    0.1066604E-07    0.1173330E-05   -0.9021986E-06    0.4485755E-05    0.2157353E-05    0.6292865E-06    0.8807613E-07   -0.8586741E-06   -0.3616938E-02   -0.2606735E-03    0.1640090E-03   -0.1806645E-02   -0.7910623E-03    0.2122460E-02    0.6589549E-02    0.1087437E-03    0.3579670E-03    0.6847193E-03   -0.4653485E-02   -0.9625025E-02   -0.2303125E-07    0.1482311E-05
