# omegabh2 omegach2 theta tau ns nrun logA r aps100 aps143 aps217 acib143 acib217 asz143 psr cibr cal0 cal2 xi aksz bm_1_1
    0.36373E-06   -0.19955E-05    0.35515E-06    0.34640E-04    0.70492E-05   -0.88770E-05    0.66203E-04    0.10572E-04   -0.18189E-02   -0.73263E-03   -0.44317E-03   -0.35843E-03   -0.49578E-03   -0.22735E-04   -0.51792E-06   -0.97780E-05   -0.23503E-08    0.46583E-08    0.26870E-05   -0.62417E-04   -0.29177E-04
   -0.19955E-05    0.16333E-04   -0.23171E-05   -0.21184E-03   -0.51655E-04    0.45107E-04   -0.39178E-03   -0.60475E-04    0.11116E-01    0.44314E-02    0.27810E-02    0.18898E-02    0.30762E-02    0.19903E-03    0.31895E-05    0.74437E-04    0.18829E-07   -0.37560E-07   -0.23002E-04    0.35714E-03    0.31546E-03
    0.35515E-06   -0.23171E-05    0.67344E-06    0.34706E-04    0.81546E-05   -0.79661E-05    0.65532E-04    0.97571E-05   -0.15978E-02   -0.83830E-03   -0.45826E-03   -0.23838E-03   -0.43567E-03   -0.23938E-04   -0.37266E-06   -0.96337E-05   -0.39842E-08    0.61026E-08    0.37248E-05   -0.53609E-04   -0.33740E-04
    0.34640E-04   -0.21184E-03    0.34706E-04    0.44460E-02    0.78259E-03   -0.97745E-03    0.85409E-02    0.53057E-03   -0.15460E+00   -0.22151E-01    0.12465E-01   -0.44315E-01   -0.73723E-01   -0.48899E-02   -0.30145E-04   -0.17882E-02   -0.33012E-06   -0.35791E-06    0.48169E-03   -0.92838E-02   -0.37838E-02
    0.70492E-05   -0.51655E-04    0.81546E-05    0.78259E-03    0.19413E-03   -0.15765E-03    0.14645E-02    0.19535E-03   -0.55143E-01   -0.49294E-02    0.10212E-01   -0.14070E-01   -0.23505E-01   -0.15104E-02   -0.63980E-05   -0.58255E-03   -0.14736E-06    0.12898E-06    0.13005E-03   -0.33151E-02   -0.14168E-02
   -0.88770E-05    0.45107E-04   -0.79661E-05   -0.97745E-03   -0.15765E-03    0.32753E-03   -0.19050E-02   -0.54312E-03    0.15173E-01    0.46345E-02    0.10866E-01    0.19919E-02    0.68186E-03    0.16153E-03    0.92861E-05    0.59454E-05    0.59472E-07   -0.33773E-06   -0.33128E-04   -0.44043E-03   -0.45336E-03
    0.66203E-04   -0.39178E-03    0.65532E-04    0.85409E-02    0.14645E-02   -0.19050E-02    0.16456E-01    0.10103E-02   -0.27281E+00   -0.25545E-01    0.39749E-01   -0.86792E-01   -0.14445E+00   -0.98361E-02   -0.51786E-04   -0.35374E-02   -0.56373E-06   -0.49467E-06    0.93211E-03   -0.18250E-01   -0.63462E-02
    0.10572E-04   -0.60475E-04    0.97571E-05    0.53057E-03    0.19535E-03   -0.54312E-03    0.10103E-02    0.62889E-02   -0.68358E-01   -0.10795E-01   -0.30181E-01    0.11055E-01    0.25722E-01    0.18089E-02   -0.84810E-05    0.66637E-03   -0.60985E-07    0.13077E-05   -0.29783E-05    0.62688E-02    0.21747E-02
   -0.18189E-02    0.11116E-01   -0.15978E-02   -0.15460E+00   -0.55143E-01    0.15173E-01   -0.27281E+00   -0.68358E-01    0.27412E+04    0.22245E+03    0.11363E+03    0.88303E+02   -0.22413E+02   -0.27049E+02    0.60305E-01   -0.46426E+01    0.10061E-02    0.61921E-02    0.18890E+01   -0.46261E+01    0.12145E+02
   -0.73263E-03    0.44314E-02   -0.83830E-03   -0.22151E-01   -0.49294E-02    0.46345E-02   -0.25545E-01   -0.10795E-01    0.22245E+03    0.17428E+03    0.13464E+03   -0.34149E+02   -0.49170E+02   -0.55650E+01    0.30800E-01   -0.15545E+01    0.55271E-04    0.21974E-03    0.37635E+00   -0.53691E+01    0.33248E+00
   -0.44317E-03    0.27810E-02   -0.45826E-03    0.12465E-01    0.10212E-01    0.10866E-01    0.39749E-01   -0.30181E-01    0.11363E+03    0.13464E+03    0.22897E+03   -0.35678E+02   -0.92819E+02   -0.46134E+01    0.40708E-01   -0.22137E+01    0.51873E-04   -0.46164E-02    0.36707E+00   -0.59092E+01    0.10695E+00
   -0.35843E-03    0.18898E-02   -0.23838E-03   -0.44315E-01   -0.14070E-01    0.19919E-02   -0.86792E-01    0.11055E-01    0.88303E+02   -0.34149E+02   -0.35678E+02    0.29915E+02    0.21128E+02   -0.49171E+00   -0.48751E-02    0.19772E+00   -0.37248E-04   -0.26252E-04    0.16707E+00   -0.10774E+00   -0.56682E+00
   -0.49578E-03    0.30762E-02   -0.43567E-03   -0.73723E-01   -0.23505E-01    0.68186E-03   -0.14445E+00    0.25722E-01   -0.22413E+02   -0.49170E+02   -0.92819E+02    0.21128E+02    0.50463E+02    0.25671E+01   -0.16479E-01    0.11989E+01   -0.78432E-06    0.24603E-02   -0.19205E+00   -0.14406E+00    0.21386E+00
   -0.22735E-04    0.19903E-03   -0.23938E-04   -0.48899E-02   -0.15104E-02    0.16153E-03   -0.98361E-02    0.18089E-02   -0.27049E+02   -0.55650E+01   -0.46134E+01   -0.49171E+00    0.25671E+01    0.69839E+00   -0.16435E-02    0.15102E+00    0.48946E-05   -0.15550E-03   -0.46451E-01   -0.33931E-01    0.11001E+00
   -0.51792E-06    0.31895E-05   -0.37266E-06   -0.30145E-04   -0.63980E-05    0.92861E-05   -0.51786E-04   -0.84810E-05    0.60305E-01    0.30800E-01    0.40708E-01   -0.48751E-02   -0.16479E-01   -0.16435E-02    0.18111E-03   -0.59950E-03    0.95754E-07   -0.21111E-06    0.16912E-03   -0.10010E-02   -0.34721E-04
   -0.97780E-05    0.74437E-04   -0.96337E-05   -0.17882E-02   -0.58255E-03    0.59454E-05   -0.35374E-02    0.66637E-03   -0.46426E+01   -0.15545E+01   -0.22137E+01    0.19772E+00    0.11989E+01    0.15102E+00   -0.59950E-03    0.50406E-01    0.69105E-06    0.20364E-04   -0.82594E-02   -0.48899E-02    0.24206E-01
   -0.23503E-08    0.18829E-07   -0.39842E-08   -0.33012E-06   -0.14736E-06    0.59472E-07   -0.56373E-06   -0.60985E-07    0.10061E-02    0.55271E-04    0.51873E-04   -0.37248E-04   -0.78432E-06    0.48946E-05    0.95754E-07    0.69105E-06    0.15579E-06    0.49936E-08   -0.86473E-06   -0.77583E-05   -0.30953E-04
    0.46583E-08   -0.37560E-07    0.61026E-08   -0.35791E-06    0.12898E-06   -0.33773E-06   -0.49467E-06    0.13077E-05    0.61921E-02    0.21974E-03   -0.46164E-02   -0.26252E-04    0.24603E-02   -0.15550E-03   -0.21111E-06    0.20364E-04    0.49936E-08    0.99179E-06    0.14736E-05    0.38473E-04    0.23492E-04
    0.26870E-05   -0.23002E-04    0.37248E-05    0.48169E-03    0.13005E-03   -0.33128E-04    0.93211E-03   -0.29783E-05    0.18890E+01    0.37635E+00    0.36707E+00    0.16707E+00   -0.19205E+00   -0.46451E-01    0.16912E-03   -0.82594E-02   -0.86473E-06    0.14736E-05    0.19237E-01    0.62327E-02   -0.95807E-02
   -0.62417E-04    0.35714E-03   -0.53609E-04   -0.92838E-02   -0.33151E-02   -0.44043E-03   -0.18250E-01    0.62688E-02   -0.46261E+01   -0.53691E+01   -0.59092E+01   -0.10774E+00   -0.14406E+00   -0.33931E-01   -0.10010E-02   -0.48899E-02   -0.77583E-05    0.38473E-04    0.62327E-02    0.19979E+01    0.78149E-02
   -0.29177E-04    0.31546E-03   -0.33740E-04   -0.37838E-02   -0.14168E-02   -0.45336E-03   -0.63462E-02    0.21747E-02    0.12145E+02    0.33248E+00    0.10695E+00   -0.56682E+00    0.21386E+00    0.11001E+00   -0.34721E-04    0.24206E-01   -0.30953E-04    0.23492E-04   -0.95807E-02    0.78149E-02    0.63042E+00
