# omegabh2 omegach2 theta tau yhe ns logA aps100 aps143 aps217 acib143 acib217 asz143 psr cibr cal0 cal2 xi aksz bm_1_1 a_ps_act_148 a_ps_act_217 a_ps_spt_95 a_ps_spt_150 a_ps_spt_220 r_ps_spt_95x150 r_ps_spt_95x220 r_ps_150x220 cal_acts_148 cal_acts_217 cal_acte_148 cal_acte_217 cal_spt_95 cal_spt_150 cal_spt_220
    0.48863E-07   -0.15010E-06    0.39266E-07    0.46147E-06    0.20885E-07    0.46217E-06    0.63894E-06    0.16812E-05   -0.48645E-04   -0.24349E-04    0.22245E-05   -0.28902E-04    0.42883E-05   -0.33094E-06   -0.61529E-06   -0.70335E-09    0.89910E-08   -0.60995E-06   -0.17577E-04   -0.39447E-05    0.11062E-04    0.10737E-03    0.39663E-05    0.22917E-04    0.43051E-04    0.75210E-06    0.95470E-06    0.37829E-06    0.43515E-06    0.35817E-06    0.28363E-06    0.38281E-06    0.11204E-05    0.59338E-06    0.32235E-06
   -0.15010E-06    0.30851E-05   -0.19024E-06   -0.63342E-05   -0.64164E-07   -0.66855E-05   -0.49052E-05    0.33824E-03    0.11898E-03    0.12676E-03   -0.30350E-04   -0.22980E-03   -0.27828E-04   -0.21289E-05   -0.87483E-06    0.37903E-07    0.80156E-08    0.46346E-06    0.59458E-04    0.15647E-04    0.15026E-05   -0.10191E-03    0.95671E-04   -0.55047E-05   -0.83982E-04   -0.81231E-05   -0.88337E-05   -0.12612E-05   -0.63368E-06   -0.83327E-06   -0.89504E-06   -0.16325E-05   -0.34724E-05   -0.12023E-05   -0.87722E-06
    0.39266E-07   -0.19024E-06    0.24959E-06    0.10995E-05    0.16790E-07    0.88830E-06    0.19205E-05   -0.17519E-03   -0.67645E-05   -0.13957E-04    0.27138E-06   -0.23612E-05    0.20031E-05   -0.10855E-06   -0.33155E-06   -0.21717E-08   -0.51782E-08   -0.17318E-05   -0.23204E-05   -0.82304E-05   -0.84898E-05    0.19953E-03    0.73242E-04   -0.67490E-05    0.16829E-03   -0.39052E-05   -0.14260E-05    0.17987E-06    0.31256E-06    0.10858E-05    0.22851E-06    0.68050E-06    0.97956E-06    0.33586E-06    0.86863E-06
    0.46147E-06   -0.63342E-05    0.10995E-05    0.16150E-03    0.19692E-06    0.24104E-04    0.30258E-03   -0.51420E-02   -0.15615E-02   -0.29248E-03    0.54362E-04   -0.18786E-03    0.50071E-03    0.67993E-05    0.41859E-04   -0.29277E-06   -0.45892E-06   -0.55715E-04   -0.11459E-02   -0.28279E-03    0.51010E-03    0.28716E-02   -0.22322E-02    0.20993E-03    0.10893E-02    0.41044E-04    0.15099E-03   -0.94891E-05    0.13482E-04    0.64192E-05    0.12710E-04    0.63932E-05    0.99508E-07   -0.17156E-06    0.16781E-04
    0.20885E-07   -0.64164E-07    0.16790E-07    0.19692E-06    0.89267E-08    0.19737E-06    0.27254E-06    0.58736E-06   -0.20793E-04   -0.10423E-04    0.97994E-06   -0.12285E-04    0.18308E-05   -0.14244E-06   -0.26185E-06   -0.30441E-09    0.38561E-08   -0.25777E-06   -0.75073E-05   -0.16909E-05    0.47227E-05    0.45975E-04    0.16855E-05    0.97812E-05    0.18396E-04    0.32553E-06    0.41007E-06    0.16056E-06    0.18591E-06    0.15335E-06    0.12121E-06    0.16378E-06    0.47849E-06    0.25359E-06    0.13780E-06
    0.46217E-06   -0.66855E-05    0.88830E-06    0.24104E-04    0.19737E-06    0.26705E-04    0.27920E-04   -0.46974E-02   -0.11927E-02   -0.52868E-03   -0.17966E-03   -0.49425E-03    0.13580E-03   -0.18262E-04   -0.76086E-05   -0.14420E-06    0.21543E-07   -0.67749E-04   -0.36547E-03   -0.26333E-03    0.74065E-04    0.17265E-02   -0.32208E-03    0.71281E-04    0.14251E-02   -0.65752E-05    0.14879E-05    0.53033E-05    0.82117E-05    0.58975E-05    0.71495E-05    0.63143E-05    0.18701E-04    0.76402E-05    0.60778E-05
    0.63894E-06   -0.49052E-05    0.19205E-05    0.30258E-03    0.27254E-06    0.27920E-04    0.58862E-03   -0.75004E-02   -0.28631E-02   -0.34406E-03    0.31182E-03   -0.49631E-03    0.10066E-02    0.15063E-04    0.80320E-04   -0.40363E-06   -0.84562E-06   -0.99512E-04   -0.24360E-02   -0.30690E-03    0.10486E-02    0.54753E-02   -0.41590E-02    0.42729E-03    0.22295E-02    0.83985E-04    0.29224E-03   -0.24880E-04    0.25521E-04    0.82144E-05    0.21795E-04    0.94186E-05   -0.81711E-05   -0.16132E-05    0.35320E-04
    0.16812E-05    0.33824E-03   -0.17519E-03   -0.51420E-02    0.58736E-06   -0.46974E-02   -0.75004E-02    0.26110E+02    0.55906E+00    0.27990E-01   -0.31610E+00   -0.42446E-01   -0.23164E+00    0.29310E-02   -0.21522E-01   -0.73403E-04    0.21931E-03    0.17935E-01    0.20701E+00    0.15983E+01   -0.96651E-02    0.66274E+00    0.52125E+00    0.36310E+00   -0.93621E+00    0.79553E-02   -0.12626E-01    0.68972E-02   -0.11427E-01    0.65507E-02   -0.60332E-02    0.14995E-02   -0.92956E-02   -0.21364E-02   -0.73163E-02
   -0.48645E-04    0.11898E-03   -0.67645E-05   -0.15615E-02   -0.20793E-04   -0.11927E-02   -0.28631E-02    0.55906E+00    0.40501E+00    0.75166E-01   -0.37567E-02    0.89149E-01   -0.64507E-01   -0.59339E-02    0.94432E-03   -0.33321E-05   -0.45001E-04    0.54127E-02    0.52344E-01    0.18984E-02    0.27425E-01   -0.15101E+00    0.19006E+00    0.33125E-02    0.24521E-01   -0.15447E-02   -0.11347E-01   -0.38109E-02   -0.18307E-02    0.87432E-04   -0.13872E-02   -0.12705E-03   -0.23662E-02   -0.14707E-02   -0.63485E-03
   -0.24349E-04    0.12676E-03   -0.13957E-04   -0.29248E-03   -0.10423E-04   -0.52868E-03   -0.34406E-03    0.27990E-01    0.75166E-01    0.51873E+00   -0.55015E-01   -0.14618E+01    0.40089E-01   -0.17292E-01   -0.16842E-02   -0.26558E-05   -0.23071E-03   -0.75308E-02   -0.99200E-01    0.14585E-01   -0.47241E-02   -0.18665E+00   -0.12481E+00    0.10954E-01    0.18136E+00   -0.37557E-03   -0.17095E-02    0.22747E-02    0.53064E-03   -0.55248E-02    0.34238E-04   -0.48852E-02    0.34956E-03   -0.13034E-03   -0.39149E-02
    0.22245E-05   -0.30350E-04    0.27138E-06    0.54362E-04    0.97994E-06   -0.17966E-03    0.31182E-03   -0.31610E+00   -0.37567E-02   -0.55015E-01    0.68660E+00    0.11735E+01    0.12325E+00   -0.11299E-02   -0.28662E-02   -0.59224E-05   -0.48505E-04    0.95505E-02   -0.49306E+00   -0.82367E-02   -0.12075E+00   -0.69547E-01   -0.10944E+00   -0.18538E+00   -0.34602E+00    0.42293E-01    0.38408E-01   -0.59111E-02   -0.37477E-04   -0.21562E-03    0.26608E-03    0.41121E-03    0.26961E-03   -0.28002E-03    0.11712E-02
   -0.28902E-04   -0.22980E-03   -0.23612E-05   -0.18786E-03   -0.12285E-04   -0.49425E-03   -0.49631E-03   -0.42446E-01    0.89149E-01   -0.14618E+01    0.11735E+01    0.78526E+01    0.16609E+00    0.77874E-01    0.11411E-01   -0.29481E-04    0.91627E-03   -0.13531E-01   -0.91075E+00   -0.75406E-02   -0.21319E+00   -0.59642E+00    0.92847E-01   -0.39273E+00   -0.23139E+01    0.60215E-01    0.66371E-01   -0.19411E-01   -0.41048E-02    0.14222E-01   -0.19250E-02    0.13087E-01   -0.22856E-02   -0.33022E-02    0.11251E-01
    0.42883E-05   -0.27828E-04    0.20031E-05    0.50071E-03    0.18308E-05    0.13580E-03    0.10066E-02   -0.23164E+00   -0.64507E-01    0.40089E-01    0.12325E+00    0.16609E+00    0.86828E-01    0.36012E-02    0.18758E-02   -0.29380E-05   -0.57281E-04   -0.83570E-02   -0.21484E+00    0.85297E-02   -0.45595E-01   -0.19116E+00   -0.18920E+00   -0.43390E-01   -0.26683E+00    0.92464E-02    0.17133E-01    0.62171E-03    0.42496E-03   -0.16281E-02    0.17749E-03   -0.13023E-02    0.11495E-02    0.69134E-04   -0.83948E-03
   -0.33094E-06   -0.21289E-05   -0.10855E-06    0.67993E-05   -0.14244E-06   -0.18262E-04    0.15063E-04    0.29310E-02   -0.59339E-02   -0.17292E-01   -0.11299E-02    0.77874E-01    0.36012E-02    0.30633E-02   -0.18595E-03    0.71217E-06    0.11157E-04    0.30086E-03   -0.50688E-02    0.18320E-02    0.11978E-02   -0.35295E-01   -0.35199E-02    0.28988E-02   -0.52378E-01   -0.81191E-04    0.12786E-02    0.36814E-03   -0.48221E-04    0.24773E-05   -0.66545E-04    0.55878E-04    0.52432E-04   -0.35205E-04    0.73816E-04
   -0.61529E-06   -0.87483E-06   -0.33155E-06    0.41859E-04   -0.26185E-06   -0.76086E-05    0.80320E-04   -0.21522E-01    0.94432E-03   -0.16842E-02   -0.28662E-02    0.11411E-01    0.18758E-02   -0.18595E-03    0.14962E-02   -0.11292E-05    0.18376E-07    0.40037E-03    0.84179E-04   -0.33190E-03    0.29572E-02   -0.49995E-02   -0.62843E-02    0.15895E-02   -0.19761E-01   -0.66805E-04    0.10037E-02   -0.30039E-03    0.13725E-04   -0.73327E-05   -0.24028E-05   -0.42948E-07    0.17216E-04   -0.23981E-04   -0.17525E-04
   -0.70335E-09    0.37903E-07   -0.21717E-08   -0.29277E-06   -0.30441E-09   -0.14420E-06   -0.40363E-06   -0.73403E-04   -0.33321E-05   -0.26558E-05   -0.59224E-05   -0.29481E-04   -0.29380E-05    0.71217E-06   -0.11292E-05    0.15718E-06   -0.14213E-07    0.11528E-05    0.13118E-04   -0.26058E-04    0.20019E-04    0.44132E-04   -0.22784E-04    0.14626E-04    0.11557E-03    0.92389E-06   -0.14819E-05    0.51930E-06    0.24645E-06   -0.22169E-06    0.27035E-06    0.14116E-06    0.45175E-06    0.13989E-07    0.91250E-06
    0.89910E-08    0.80156E-08   -0.51782E-08   -0.45892E-06    0.38561E-08    0.21543E-07   -0.84562E-06    0.21931E-03   -0.45001E-04   -0.23071E-03   -0.48505E-04    0.91627E-03   -0.57281E-04    0.11157E-04    0.18376E-07   -0.14213E-07    0.51889E-06    0.41133E-05    0.11622E-03    0.12466E-04    0.17340E-04    0.14584E-03    0.11475E-03    0.22122E-04   -0.10905E-03   -0.15457E-05   -0.37684E-05   -0.11054E-05   -0.55048E-06    0.42286E-05   -0.35328E-06    0.33193E-05    0.34228E-06   -0.12212E-06    0.26146E-05
   -0.60995E-06    0.46346E-06   -0.17318E-05   -0.55715E-04   -0.25777E-06   -0.67749E-04   -0.99512E-04    0.17935E-01    0.54127E-02   -0.75308E-02    0.95505E-02   -0.13531E-01   -0.83570E-02    0.30086E-03    0.40037E-03    0.11528E-05    0.41133E-05    0.85055E-02    0.35052E-01    0.32178E-03    0.16356E-01    0.15422E-01    0.17564E-01    0.13110E-01    0.16824E-01    0.10444E-02    0.30378E-02    0.76138E-04   -0.73433E-04    0.12675E-03   -0.27152E-04    0.16855E-03   -0.43076E-04   -0.66851E-05    0.24998E-03
   -0.17577E-04    0.59458E-04   -0.23204E-05   -0.11459E-02   -0.75073E-05   -0.36547E-03   -0.24360E-02    0.20701E+00    0.52344E-01   -0.99200E-01   -0.49306E+00   -0.91075E+00   -0.21484E+00   -0.50688E-02    0.84179E-04    0.13118E-04    0.11622E-03    0.35052E-01    0.81427E+00   -0.24354E-01    0.10857E+00    0.51401E+00    0.33983E+00    0.13226E+00    0.78523E+00   -0.36188E-01   -0.36576E-01    0.37380E-02   -0.79571E-04    0.43338E-02    0.47141E-03    0.31091E-02   -0.12893E-02    0.87133E-03    0.21995E-02
   -0.39447E-05    0.15647E-04   -0.82304E-05   -0.28279E-03   -0.16909E-05   -0.26333E-03   -0.30690E-03    0.15983E+01    0.18984E-02    0.14585E-01   -0.82367E-02   -0.75406E-02    0.85297E-02    0.18320E-02   -0.33190E-03   -0.26058E-04    0.12466E-04    0.32178E-03   -0.24354E-01    0.14415E+00   -0.13197E-01   -0.66166E-01   -0.26490E-01    0.19168E-01   -0.11724E+00    0.19717E-02    0.46307E-02    0.10555E-02   -0.64432E-03   -0.25337E-03   -0.35000E-03   -0.52590E-03   -0.86402E-04    0.52376E-04   -0.74141E-03
    0.11062E-04    0.15026E-05   -0.84898E-05    0.51010E-03    0.47227E-05    0.74065E-04    0.10486E-02   -0.96651E-02    0.27425E-01   -0.47241E-02   -0.12075E+00   -0.21319E+00   -0.45595E-01    0.11978E-02    0.29572E-02    0.20019E-04    0.17340E-04    0.16356E-01    0.10857E+00   -0.13197E-01    0.32467E+00   -0.58258E-01    0.11412E+00    0.13177E+00    0.34650E+00   -0.27087E-02   -0.45061E-02   -0.42273E-02    0.16657E-02   -0.59064E-03    0.21484E-02    0.33735E-03   -0.93193E-03   -0.16723E-04    0.18636E-02
    0.10737E-03   -0.10191E-03    0.19953E-03    0.28716E-02    0.45975E-04    0.17265E-02    0.54753E-02    0.66274E+00   -0.15101E+00   -0.18665E+00   -0.69547E-01   -0.59642E+00   -0.19116E+00   -0.35295E-01   -0.49995E-02    0.44132E-04    0.14584E-03    0.15422E-01    0.51401E+00   -0.66166E-01   -0.58258E-01    0.14275E+02    0.67462E+00    0.92807E-01    0.13525E+01   -0.20346E-01   -0.67841E-01   -0.57255E-02    0.11736E-02    0.54301E-01    0.23395E-02    0.40994E-01    0.40988E-02    0.14382E-02    0.93014E-02
    0.39663E-05    0.95671E-04    0.73242E-04   -0.22322E-02    0.16855E-05   -0.32208E-03   -0.41590E-02    0.52125E+00    0.19006E+00   -0.12481E+00   -0.10944E+00    0.92847E-01   -0.18920E+00   -0.35199E-02   -0.62843E-02   -0.22784E-04    0.11475E-03    0.17564E-01    0.33983E+00   -0.26490E-01    0.11412E+00    0.67462E+00    0.19470E+01    0.10509E+00    0.41350E+00   -0.72226E-01   -0.88517E-01   -0.35701E-02   -0.15565E-02    0.47404E-02   -0.70156E-03    0.45070E-02    0.72284E-03    0.54664E-03    0.40277E-02
    0.22917E-04   -0.55047E-05   -0.67490E-05    0.20993E-03    0.97812E-05    0.71281E-04    0.42729E-03    0.36310E+00    0.33125E-02    0.10954E-01   -0.18538E+00   -0.39273E+00   -0.43390E-01    0.28988E-02    0.15895E-02    0.14626E-04    0.22122E-04    0.13110E-01    0.13226E+00    0.19168E-01    0.13177E+00    0.92807E-01    0.10509E+00    0.24107E+00    0.54514E-01   -0.69141E-02   -0.46158E-02    0.86485E-03   -0.29807E-03   -0.39681E-03   -0.24071E-03    0.45377E-05    0.56282E-03    0.24170E-03    0.66640E-04
    0.43051E-04   -0.83982E-04    0.16829E-03    0.10893E-02    0.18396E-04    0.14251E-02    0.22295E-02   -0.93621E+00    0.24521E-01    0.18136E+00   -0.34602E+00   -0.23139E+01   -0.26683E+00   -0.52378E-01   -0.19761E-01    0.11557E-03   -0.10905E-03    0.16824E-01    0.78523E+00   -0.11724E+00    0.34650E+00    0.13525E+01    0.41350E+00    0.54514E-01    0.13885E+02   -0.27516E-01   -0.12320E+00   -0.19285E-01    0.34520E-02    0.37221E-02    0.30139E-02    0.10217E-02   -0.73872E-03    0.72638E-02    0.33004E-01
    0.75210E-06   -0.81231E-05   -0.39052E-05    0.41044E-04    0.32553E-06   -0.65752E-05    0.83985E-04    0.79553E-02   -0.15447E-02   -0.37557E-03    0.42293E-01    0.60215E-01    0.92464E-02   -0.81191E-04   -0.66805E-04    0.92389E-06   -0.15457E-05    0.10444E-02   -0.36188E-01    0.19717E-02   -0.27087E-02   -0.20346E-01   -0.72226E-01   -0.69141E-02   -0.27516E-01    0.72072E-02    0.59292E-02   -0.41328E-03   -0.19819E-04   -0.19206E-03   -0.28655E-04   -0.73414E-04   -0.15827E-03   -0.27631E-04   -0.11577E-04
    0.95470E-06   -0.88337E-05   -0.14260E-05    0.15099E-03    0.41007E-06    0.14879E-05    0.29224E-03   -0.12626E-01   -0.11347E-01   -0.17095E-02    0.38408E-01    0.66371E-01    0.17133E-01    0.12786E-02    0.10037E-02   -0.14819E-05   -0.37684E-05    0.30378E-02   -0.36576E-01    0.46307E-02   -0.45061E-02   -0.67841E-01   -0.88517E-01   -0.46158E-02   -0.12320E+00    0.59292E-02    0.12643E-01    0.29314E-03    0.88147E-05   -0.33456E-03   -0.10367E-03   -0.23904E-03    0.55738E-04   -0.70203E-04   -0.31203E-03
    0.37829E-06   -0.12612E-05    0.17987E-06   -0.94891E-05    0.16056E-06    0.53033E-05   -0.24880E-04    0.68972E-02   -0.38109E-02    0.22747E-02   -0.59111E-02   -0.19411E-01    0.62171E-03    0.36814E-03   -0.30039E-03    0.51930E-06   -0.11054E-05    0.76138E-04    0.37380E-02    0.10555E-02   -0.42273E-02   -0.57255E-02   -0.35701E-02    0.86485E-03   -0.19285E-01   -0.41328E-03    0.29314E-03    0.51837E-03   -0.68960E-05   -0.35712E-04   -0.21247E-04   -0.42839E-04    0.66382E-04    0.12440E-04   -0.77421E-04
    0.43515E-06   -0.63368E-06    0.31256E-06    0.13482E-04    0.18591E-06    0.82117E-05    0.25521E-04   -0.11427E-01   -0.18307E-02    0.53064E-03   -0.37477E-04   -0.41048E-02    0.42496E-03   -0.48221E-04    0.13725E-04    0.24645E-06   -0.55048E-06   -0.73433E-04   -0.79571E-04   -0.64432E-03    0.16657E-02    0.11736E-02   -0.15565E-02   -0.29807E-03    0.34520E-02   -0.19819E-04    0.88147E-05   -0.68960E-05    0.13442E-03   -0.11569E-04    0.46531E-04   -0.12470E-05    0.13309E-04    0.16554E-04    0.34761E-05
    0.35817E-06   -0.83327E-06    0.10858E-05    0.64192E-05    0.15335E-06    0.58975E-05    0.82144E-05    0.65507E-02    0.87432E-04   -0.55248E-02   -0.21562E-03    0.14222E-01   -0.16281E-02    0.24773E-05   -0.73327E-05   -0.22169E-06    0.42286E-05    0.12675E-03    0.43338E-02   -0.25337E-03   -0.59064E-03    0.54301E-01    0.47404E-02   -0.39681E-03    0.37221E-02   -0.19206E-03   -0.33456E-03   -0.35712E-04   -0.11569E-04    0.38499E-03    0.13358E-04    0.20190E-03   -0.81801E-05   -0.53161E-05    0.63543E-04
    0.28363E-06   -0.89504E-06    0.22851E-06    0.12710E-04    0.12121E-06    0.71495E-05    0.21795E-04   -0.60332E-02   -0.13872E-02    0.34238E-04    0.26608E-03   -0.19250E-02    0.17749E-03   -0.66545E-04   -0.24028E-05    0.27035E-06   -0.35328E-06   -0.27152E-04    0.47141E-03   -0.35000E-03    0.21484E-02    0.23395E-02   -0.70156E-03   -0.24071E-03    0.30139E-02   -0.28655E-04   -0.10367E-03   -0.21247E-04    0.46531E-04    0.13358E-04    0.10442E-03    0.43465E-05    0.56393E-05    0.13678E-04    0.11000E-04
    0.38281E-06   -0.16325E-05    0.68050E-06    0.63932E-05    0.16378E-06    0.63143E-05    0.94186E-05    0.14995E-02   -0.12705E-03   -0.48852E-02    0.41121E-03    0.13087E-01   -0.13023E-02    0.55878E-04   -0.42948E-07    0.14116E-06    0.33193E-05    0.16855E-03    0.31091E-02   -0.52590E-03    0.33735E-03    0.40994E-01    0.45070E-02    0.45377E-05    0.10217E-02   -0.73414E-04   -0.23904E-03   -0.42839E-04   -0.12470E-05    0.20190E-03    0.43465E-05    0.23507E-03   -0.13414E-04   -0.20881E-05    0.70729E-04
    0.11204E-05   -0.34724E-05    0.97956E-06    0.99508E-07    0.47849E-06    0.18701E-04   -0.81711E-05   -0.92956E-02   -0.23662E-02    0.34956E-03    0.26961E-03   -0.22856E-02    0.11495E-02    0.52432E-04    0.17216E-04    0.45175E-06    0.34228E-06   -0.43076E-04   -0.12893E-02   -0.86402E-04   -0.93193E-03    0.40988E-02    0.72284E-03    0.56282E-03   -0.73872E-03   -0.15827E-03    0.55738E-04    0.66382E-04    0.13309E-04   -0.81801E-05    0.56393E-05   -0.13414E-04    0.40400E-03    0.47574E-04    0.89510E-05
    0.59338E-06   -0.12023E-05    0.33586E-06   -0.17156E-06    0.25359E-06    0.76402E-05   -0.16132E-05   -0.21364E-02   -0.14707E-02   -0.13034E-03   -0.28002E-03   -0.33022E-02    0.69134E-04   -0.35205E-04   -0.23981E-04    0.13989E-07   -0.12212E-06   -0.66851E-05    0.87133E-03    0.52376E-04   -0.16723E-04    0.14382E-02    0.54664E-03    0.24170E-03    0.72638E-02   -0.27631E-04   -0.70203E-04    0.12440E-04    0.16554E-04   -0.53161E-05    0.13678E-04   -0.20881E-05    0.47574E-04    0.92651E-04    0.32045E-04
    0.32235E-06   -0.87722E-06    0.86863E-06    0.16781E-04    0.13780E-06    0.60778E-05    0.35320E-04   -0.73163E-02   -0.63485E-03   -0.39149E-02    0.11712E-02    0.11251E-01   -0.83948E-03    0.73816E-04   -0.17525E-04    0.91250E-06    0.26146E-05    0.24998E-03    0.21995E-02   -0.74141E-03    0.18636E-02    0.93014E-02    0.40277E-02    0.66640E-04    0.33004E-01   -0.11577E-04   -0.31203E-03   -0.77421E-04    0.34761E-05    0.63543E-04    0.11000E-04    0.70729E-04    0.89510E-05    0.32045E-04    0.51846E-03
