# omegabh2 omegach2 theta tau mnu logA ns calPlanck acib217 xi asz143 aps100 aps143 aps143217 aps217 aksz kgal100 kgal143 kgal143217 kgal217 cal0 cal2
    0.4180258E-07   -0.1070473E-06    0.2717128E-07    0.1066127E-05    0.2436712E-05    0.2035214E-05    0.3934994E-06    0.3027169E-07   -0.1855805E-03    0.3524095E-05    0.4776892E-04   -0.7580527E-03   -0.4393855E-03   -0.1036253E-03    0.4573457E-04   -0.6461263E-04   -0.1399482E-05    0.1245455E-05   -0.1654274E-04    0.3274417E-04    0.4484862E-08   -0.1681020E-07
   -0.1070473E-06    0.1985475E-05   -0.9627474E-07   -0.1574315E-04   -0.4490470E-04   -0.2704524E-04   -0.4805904E-05   -0.2471257E-06    0.5246850E-03   -0.1398779E-04   -0.1018972E-03    0.2235396E-02    0.1192270E-02    0.2397634E-03   -0.2280212E-03    0.1801096E-03    0.3188374E-05   -0.5226830E-05    0.6073750E-04   -0.6970953E-04   -0.1836381E-07    0.6289577E-07
    0.2717128E-07   -0.9627474E-07    0.1676146E-06    0.1870770E-05    0.2742036E-05    0.3758868E-05    0.5017860E-06    0.3401903E-07   -0.6723417E-04    0.3032416E-05    0.3005797E-05   -0.2022172E-03   -0.1172463E-03   -0.2532753E-04    0.6615628E-05   -0.2018479E-04   -0.4947836E-05   -0.6381608E-05   -0.1873229E-04    0.4055004E-05    0.3206735E-08   -0.7423649E-08
    0.1066127E-05   -0.1574315E-04    0.1870770E-05    0.2877308E-03    0.7810973E-03    0.5298907E-03    0.4803414E-04   -0.1376233E-05   -0.8174148E-02    0.1808857E-03    0.1465550E-02   -0.3376033E-01   -0.1623450E-01   -0.3514838E-02    0.2785855E-02   -0.2237370E-02   -0.3000995E-04    0.3921240E-03   -0.9530704E-03    0.2304371E-04   -0.9379542E-07   -0.1143756E-05
    0.2436712E-05   -0.4490470E-04    0.2742036E-05    0.7810973E-03    0.5412244E-02    0.1471215E-02    0.1202357E-03    0.1565230E-04   -0.1816519E-01    0.4875862E-03    0.3313995E-02   -0.6971636E-01   -0.2585084E-01    0.1706991E-02    0.1802743E-01   -0.5578935E-02   -0.9330191E-03   -0.3668302E-03   -0.1955905E-02    0.5702100E-02    0.2759956E-06   -0.2027806E-05
    0.2035214E-05   -0.2704524E-04    0.3758868E-05    0.5298907E-03    0.1471215E-02    0.1007301E-02    0.8321738E-04    0.9120294E-05   -0.1492388E-01    0.3755803E-03    0.2713242E-02   -0.5679674E-01   -0.2808067E-01   -0.3747357E-02    0.1029698E-01   -0.4952576E-02   -0.3347940E-03    0.3873907E-03   -0.2095869E-02    0.1407568E-02    0.1055298E-07   -0.2231727E-05
    0.3934994E-06   -0.4805904E-05    0.5017860E-06    0.4803414E-04    0.1202357E-03    0.8321738E-04    0.2361016E-04    0.6642255E-06   -0.6307759E-02    0.1469958E-03    0.1499790E-02   -0.3129460E-01   -0.8504533E-02    0.2940055E-02    0.7341563E-02   -0.3163373E-02    0.1868846E-03   -0.7864185E-04   -0.4132431E-03    0.1027173E-02   -0.2029905E-06   -0.6236643E-06
    0.3027169E-07   -0.2471257E-06    0.3401903E-07   -0.1376233E-05    0.1565230E-04    0.9120294E-05    0.6642255E-06    0.6260136E-05    0.9717912E-03   -0.4129608E-06   -0.1230659E-04    0.3461801E-02    0.3941384E-03    0.1672698E-03    0.8213189E-03   -0.6116631E-05   -0.1109286E-04    0.8902901E-04    0.3540211E-05    0.6107027E-03   -0.2339524E-07   -0.1829154E-07
   -0.1855805E-03    0.5246850E-03   -0.6723417E-04   -0.8174148E-02   -0.1816519E-01   -0.1492388E-01   -0.6307759E-02    0.9717912E-03    0.4875464E+02   -0.4690323E+00   -0.1494457E+01    0.4250040E+02    0.9922217E+00   -0.2038098E+02   -0.6593456E+02    0.3502058E+00   -0.2768505E+00    0.2919446E+00   -0.3363088E+01   -0.2538525E+02   -0.1958148E-03    0.4382553E-02
    0.3524095E-05   -0.1398779E-04    0.3032416E-05    0.1808857E-03    0.4875862E-03    0.3755803E-03    0.1469958E-03   -0.4129608E-06   -0.4690323E+00    0.8137979E-01   -0.8196058E-01   -0.3537083E+00    0.9153496E+00    0.1670238E+01    0.6864041E+00    0.7489257E-01   -0.5767817E-02    0.1275124E-01    0.9508684E-01    0.1175207E+00    0.4159546E-05   -0.1323483E-04
    0.4776892E-04   -0.1018972E-03    0.3005797E-05    0.1465550E-02    0.3313995E-02    0.2713242E-02    0.1499790E-02   -0.1230659E-04   -0.1494457E+01   -0.8196058E-01    0.3897424E+01   -0.3024199E+02   -0.3666696E+01    0.7912300E+01    0.6876850E+01   -0.2997947E+01   -0.1942767E+00    0.6618521E-01    0.2635854E+01    0.2258662E+01    0.1891354E-03   -0.3490297E-03
   -0.7580527E-03    0.2235396E-02   -0.2022172E-03   -0.3376033E-01   -0.6971636E-01   -0.5679674E-01   -0.3129460E-01    0.3461801E-02    0.4250040E+02   -0.3537083E+00   -0.3024199E+02    0.7307174E+03    0.6932690E+02   -0.5904265E+02   -0.7237794E+02    0.1533788E+02   -0.3792078E+00    0.3411134E+00   -0.1450388E+02   -0.2144665E+02    0.4697738E-02    0.4235949E-02
   -0.4393855E-03    0.1192270E-02   -0.1172463E-03   -0.1623450E-01   -0.2585084E-01   -0.2808067E-01   -0.8504533E-02    0.3941384E-03    0.9922217E+00    0.9153496E+00   -0.3666696E+01    0.6932690E+02    0.5920053E+02    0.4157405E+02    0.1771389E+02   -0.4901960E+01   -0.4484176E+00   -0.9160237E+00    0.4089561E+01    0.4208024E+01    0.1458380E-03    0.2489425E-03
   -0.1036253E-03    0.2397634E-03   -0.2532753E-04   -0.3514838E-02    0.1706991E-02   -0.3747357E-02    0.2940055E-02    0.1672698E-03   -0.2038098E+02    0.1670238E+01    0.7912300E+01   -0.5904265E+02    0.4157405E+02    0.9122205E+02    0.6600057E+02   -0.1304329E+02   -0.7572893E+00   -0.2693522E+00    0.5437824E+01    0.7089959E+01    0.6796320E-03   -0.2418486E-02
    0.4573457E-04   -0.2280212E-03    0.6615628E-05    0.2785855E-02    0.1802743E-01    0.1029698E-01    0.7341563E-02    0.8213189E-03   -0.6593456E+02    0.6864041E+00    0.6876850E+01   -0.7237794E+02    0.1771389E+02    0.6600057E+02    0.1268615E+03   -0.1120597E+02   -0.1817928E+00   -0.6352529E+00    0.1526569E+01    0.2280407E+02    0.6471455E-03   -0.7694414E-02
   -0.6461263E-04    0.1801096E-03   -0.2018479E-04   -0.2237370E-02   -0.5578935E-02   -0.4952576E-02   -0.3163373E-02   -0.6116631E-05    0.3502058E+00    0.7489257E-01   -0.2997947E+01    0.1533788E+02   -0.4901960E+01   -0.1304329E+02   -0.1120597E+02    0.6675907E+01    0.1568193E+00   -0.9381045E-01   -0.2345310E+01   -0.1814509E+01   -0.1364780E-03    0.2018336E-03
   -0.1399482E-05    0.3188374E-05   -0.4947836E-05   -0.3000995E-04   -0.9330191E-03   -0.3347940E-03    0.1868846E-03   -0.1109286E-04   -0.2768505E+00   -0.5767817E-02   -0.1942767E+00   -0.3792078E+00   -0.4484176E+00   -0.7572893E+00   -0.1817928E+00    0.1568193E+00    0.3235773E+01    0.7892737E+00    0.4158751E+00    0.7452788E+00    0.4228586E-03    0.5451348E-05
    0.1245455E-05   -0.5226830E-05   -0.6381608E-05    0.3921240E-03   -0.3668302E-03    0.3873907E-03   -0.7864185E-04    0.8902901E-04    0.2919446E+00    0.1275124E-01    0.6618521E-01    0.3411134E+00   -0.9160237E+00   -0.2693522E+00   -0.6352529E+00   -0.9381045E-01    0.7892737E+00    0.3164093E+01    0.2490392E+01    0.1516550E+01   -0.3941252E-03   -0.2090779E-03
   -0.1654274E-04    0.6073750E-04   -0.1873229E-04   -0.9530704E-03   -0.1955905E-02   -0.2095869E-02   -0.4132431E-03    0.3540211E-05   -0.3363088E+01    0.9508684E-01    0.2635854E+01   -0.1450388E+02    0.4089561E+01    0.5437824E+01    0.1526569E+01   -0.2345310E+01    0.4158751E+00    0.2490392E+01    0.1842909E+02    0.2812943E+02   -0.5151610E-04    0.2507202E-02
    0.3274417E-04   -0.6970953E-04    0.4055004E-05    0.2304371E-04    0.5702100E-02    0.1407568E-02    0.1027173E-02    0.6107027E-03   -0.2538525E+02    0.1175207E+00    0.2258662E+01   -0.2144665E+02    0.4208024E+01    0.7089959E+01    0.2280407E+02   -0.1814509E+01    0.7452788E+00    0.1516550E+01    0.2812943E+02    0.6314649E+02   -0.1224341E-04    0.4469781E-02
    0.4484862E-08   -0.1836381E-07    0.3206735E-08   -0.9379542E-07    0.2759956E-06    0.1055298E-07   -0.2029905E-06   -0.2339524E-07   -0.1958148E-03    0.4159546E-05    0.1891354E-03    0.4697738E-02    0.1458380E-03    0.6796320E-03    0.6471455E-03   -0.1364780E-03    0.4228586E-03   -0.3941252E-03   -0.5151610E-04   -0.1224341E-04    0.5487333E-06    0.9628931E-08
   -0.1681020E-07    0.6289577E-07   -0.7423649E-08   -0.1143756E-05   -0.2027806E-05   -0.2231727E-05   -0.6236643E-06   -0.1829154E-07    0.4382553E-02   -0.1323483E-04   -0.3490297E-03    0.4235949E-02    0.2489425E-03   -0.2418486E-02   -0.7694414E-02    0.2018336E-03    0.5451348E-05   -0.2090779E-03    0.2507202E-02    0.4469781E-02    0.9628931E-08    0.2080341E-05
