# omegabh2 omegach2 theta tau mnu logA ns aps100 aps143 aps217 acib143 acib217 asz143 psr cibr ncib xi aksz cal0 cal2 calTE calEE bm_1_1
    0.2404614E-07   -0.7521734E-07    0.1395316E-07    0.5862060E-06    0.6192749E-06    0.1057881E-05    0.2542462E-06   -0.2019167E-04   -0.1479965E-03    0.3885521E-04   -0.4559641E-04   -0.9408080E-04   -0.6584371E-05    0.1652375E-06   -0.2747191E-05   -0.1008511E-05   -0.4327491E-06   -0.5094940E-04    0.5240680E-08   -0.3182850E-08   -0.7619308E-07   -0.2575761E-06   -0.7913071E-06
   -0.7521734E-07    0.1384678E-05   -0.7950249E-07   -0.4951351E-05   -0.1965642E-04   -0.6501060E-05   -0.3048129E-05    0.1649497E-02    0.5384738E-03    0.3526174E-03    0.3824992E-06    0.9903936E-04    0.6372689E-04    0.2889477E-05    0.3615399E-05    0.1501806E-05    0.1213032E-04    0.4104503E-04   -0.2273294E-07    0.1790184E-06   -0.1936956E-06   -0.5062581E-06    0.4515516E-04
    0.1395316E-07   -0.7950249E-07    0.9120691E-07    0.5185110E-06   -0.2534567E-06    0.9174794E-06    0.3106955E-06    0.1133377E-03   -0.1330193E-03   -0.1592283E-03    0.3044797E-04    0.5933280E-04    0.1340892E-04    0.6276567E-06   -0.7690641E-06    0.6112777E-06   -0.1468455E-05   -0.9989570E-05    0.1691683E-09    0.7310459E-08   -0.4071246E-07   -0.7879161E-08    0.4635192E-06
    0.5862060E-06   -0.4951351E-05    0.5185110E-06    0.1812917E-03    0.1163635E-03    0.3501579E-03    0.1935203E-04   -0.8645273E-02   -0.3950933E-02    0.1198385E-01   -0.2288382E-02   -0.7938482E-02   -0.2363994E-02    0.3185775E-04   -0.2633901E-03   -0.4656051E-04    0.9186025E-04   -0.3161843E-02   -0.2457791E-06   -0.1386208E-05   -0.1061108E-04   -0.5175760E-05   -0.3103752E-03
    0.6192749E-06   -0.1965642E-04   -0.2534567E-06    0.1163635E-03    0.3315213E-02    0.1708050E-03    0.3628831E-04   -0.9386828E-01   -0.1340079E-01   -0.2048554E-02    0.1095004E-02   -0.1354337E-03    0.3466946E-02    0.2681415E-04    0.6047509E-03   -0.1209120E-03   -0.4375266E-03    0.2083098E-02   -0.7830783E-06   -0.2931249E-05    0.8963612E-05    0.1070858E-04   -0.1716248E-02
    0.1057881E-05   -0.6501060E-05    0.9174794E-06    0.3501579E-03    0.1708050E-03    0.6900636E-03    0.3034838E-04   -0.1092677E-01   -0.2159049E-02    0.2976394E-01   -0.6379121E-02   -0.1651210E-01   -0.5240849E-02    0.6571617E-04   -0.5660387E-03   -0.6363678E-04    0.2389489E-03   -0.7979413E-02   -0.3123165E-06   -0.9092457E-06   -0.1970585E-04   -0.7664470E-05   -0.2294658E-04
    0.2542462E-06   -0.3048129E-05    0.3106955E-06    0.1935203E-04    0.3628831E-04    0.3034838E-04    0.1810188E-04   -0.1295686E-01   -0.2779755E-02    0.9034840E-02   -0.2459363E-02   -0.5745544E-02   -0.1078525E-02    0.1702356E-04   -0.1608708E-03   -0.4195303E-04   -0.6635899E-05   -0.2293568E-02   -0.1845451E-06    0.1875530E-06   -0.9417555E-06   -0.2402947E-05    0.6175348E-04
   -0.2019167E-04    0.1649497E-02    0.1133377E-03   -0.8645273E-02   -0.9386828E-01   -0.1092677E-01   -0.1295686E-01    0.2364295E+04    0.8391315E+02   -0.9257482E+02    0.4708618E+02    0.5982633E+02   -0.5522388E+02   -0.6514624E+00   -0.1703053E+01    0.6600077E+00    0.6983802E+00   -0.1111544E+02    0.2962034E-02    0.3692151E-02   -0.9205304E-04    0.4346987E-02    0.1173070E+02
   -0.1479965E-03    0.5384738E-03   -0.1330193E-03   -0.3950933E-02   -0.1340079E-01   -0.2159049E-02   -0.2779755E-02    0.8391315E+02    0.1071824E+03    0.2080840E+02   -0.1475116E+02    0.3724747E+01   -0.7486269E+01   -0.2212695E+00    0.2298603E+00    0.9421991E-01    0.9766011E+00   -0.1302444E+02    0.3792274E-03   -0.4664042E-03    0.3392084E-02    0.5542297E-02   -0.2358241E+00
    0.3885521E-04    0.3526174E-03   -0.1592283E-03    0.1198385E-01   -0.2048554E-02    0.2976394E-01    0.9034840E-02   -0.9257482E+02    0.2080840E+02    0.2623440E+03   -0.2042842E+02   -0.1174178E+03    0.2685225E+01   -0.1508487E+00   -0.9664322E+00   -0.1669700E+01    0.4129949E+00   -0.1023387E+02   -0.1486024E-03   -0.2550083E-02    0.1601363E-02    0.1729720E-02   -0.1580828E+00
   -0.4559641E-04    0.3824992E-06    0.3044797E-04   -0.2288382E-02    0.1095004E-02   -0.6379121E-02   -0.2459363E-02    0.4708618E+02   -0.1475116E+02   -0.2042842E+02    0.1636124E+02    0.1174215E+02   -0.1454123E+01    0.5186551E-01   -0.1005416E+00    0.1704967E+00    0.1511044E+00   -0.3481745E+00   -0.1208363E-03   -0.6320682E-03   -0.8337972E-03   -0.3776118E-03   -0.8245779E-01
   -0.9408080E-04    0.9903936E-04    0.5933280E-04   -0.7938482E-02   -0.1354337E-03   -0.1651210E-01   -0.5745544E-02    0.5982633E+02    0.3724747E+01   -0.1174178E+03    0.1174215E+02    0.6333494E+02   -0.6674365E+00    0.1363272E+00    0.4722169E+00    0.9979403E+00   -0.2021699E+00   -0.1363831E+01    0.1165966E-03    0.6784776E-03    0.4207015E-03    0.1695385E-02    0.1797063E+00
   -0.6584371E-05    0.6372689E-04    0.1340892E-04   -0.2363994E-02    0.3466946E-02   -0.5240849E-02   -0.1078525E-02   -0.5522388E+02   -0.7486269E+01    0.2685225E+01   -0.1454123E+01   -0.6674365E+00    0.6738172E+01    0.8400399E-01    0.2407967E+00   -0.1081454E-01   -0.7946266E-01   -0.2462642E+00    0.4157338E-04   -0.6607260E-03    0.1239622E-03   -0.1334652E-03    0.1493233E+00
    0.1652375E-06    0.2889477E-05    0.6276567E-06    0.3185775E-04    0.2681415E-04    0.6571617E-04    0.1702356E-04   -0.6514624E+00   -0.2212695E+00   -0.1508487E+00    0.5186551E-01    0.1363272E+00    0.8400399E-01    0.1280895E-01   -0.7257882E-02    0.5537499E-02    0.7354575E-02   -0.1395600E-01   -0.5544374E-06   -0.1930045E-04    0.6613056E-07   -0.1255864E-04    0.3713976E-02
   -0.2747191E-05    0.3615399E-05   -0.7690641E-06   -0.2633901E-03    0.6047509E-03   -0.5660387E-03   -0.1608708E-03   -0.1703053E+01    0.2298603E+00   -0.9664322E+00   -0.1005416E+00    0.4722169E+00    0.2407967E+00   -0.7257882E-02    0.5825055E-01   -0.1515129E-02    0.3132764E-02   -0.4155043E-01   -0.2163796E-05    0.3093774E-04   -0.7054668E-05    0.2087035E-04   -0.2567447E-03
   -0.1008511E-05    0.1501806E-05    0.6112777E-06   -0.4656051E-04   -0.1209120E-03   -0.6363678E-04   -0.4195303E-04    0.6600077E+00    0.9421991E-01   -0.1669700E+01    0.1704967E+00    0.9979403E+00   -0.1081454E-01    0.5537499E-02   -0.1515129E-02    0.2476301E-01   -0.1718236E-03   -0.1940945E-01    0.3089500E-05   -0.6452073E-04    0.3127617E-04    0.5380627E-04    0.9614771E-02
   -0.4327491E-06    0.1213032E-04   -0.1468455E-05    0.9186025E-04   -0.4375266E-03    0.2389489E-03   -0.6635899E-05    0.6983802E+00    0.9766011E+00    0.4129949E+00    0.1511044E+00   -0.2021699E+00   -0.7946266E-01    0.7354575E-02    0.3132764E-02   -0.1718236E-03    0.8082244E-01    0.1265869E-01    0.6526869E-06   -0.1773924E-04    0.1687008E-06   -0.2557164E-05    0.3556412E-02
   -0.5094940E-04    0.4104503E-04   -0.9989570E-05   -0.3161843E-02    0.2083098E-02   -0.7979413E-02   -0.2293568E-02   -0.1111544E+02   -0.1302444E+02   -0.1023387E+02   -0.3481745E+00   -0.1363831E+01   -0.2462642E+00   -0.1395600E-01   -0.4155043E-01   -0.1940945E-01    0.1265869E-01    0.7778790E+01   -0.4089824E-06    0.2991408E-03   -0.8141553E-04   -0.3343942E-03    0.3217460E-01
    0.5240680E-08   -0.2273294E-07    0.1691683E-09   -0.2457791E-06   -0.7830783E-06   -0.3123165E-06   -0.1845451E-06    0.2962034E-02    0.3792274E-03   -0.1486024E-03   -0.1208363E-03    0.1165966E-03    0.4157338E-04   -0.5544374E-06   -0.2163796E-05    0.3089500E-05    0.6526869E-06   -0.4089824E-06    0.8285522E-06    0.4057101E-07    0.1129241E-06    0.1034976E-06   -0.9963474E-04
   -0.3182850E-08    0.1790184E-06    0.7310459E-08   -0.1386208E-05   -0.2931249E-05   -0.9092457E-06    0.1875530E-06    0.3692151E-02   -0.4664042E-03   -0.2550083E-02   -0.6320682E-03    0.6784776E-03   -0.6607260E-03   -0.1930045E-04    0.3093774E-04   -0.6452073E-04   -0.1773924E-04    0.2991408E-03    0.4057101E-07    0.5341216E-05    0.8672245E-06    0.8629218E-06    0.2683397E-03
   -0.7619308E-07   -0.1936956E-06   -0.4071246E-07   -0.1061108E-04    0.8963612E-05   -0.1970585E-04   -0.9417555E-06   -0.9205304E-04    0.3392084E-02    0.1601363E-02   -0.8337972E-03    0.4207015E-03    0.1239622E-03    0.6613056E-07   -0.7054668E-05    0.3127617E-04    0.1687008E-06   -0.8141553E-04    0.1129241E-06    0.8672245E-06    0.2226107E-04    0.7448336E-05    0.3026272E-03
   -0.2575761E-06   -0.5062581E-06   -0.7879161E-08   -0.5175760E-05    0.1070858E-04   -0.7664470E-05   -0.2402947E-05    0.4346987E-02    0.5542297E-02    0.1729720E-02   -0.3776118E-03    0.1695385E-02   -0.1334652E-03   -0.1255864E-04    0.2087035E-04    0.5380627E-04   -0.2557164E-05   -0.3343942E-03    0.1034976E-06    0.8629218E-06    0.7448336E-05    0.2186727E-04    0.3830938E-03
   -0.7913071E-06    0.4515516E-04    0.4635192E-06   -0.3103752E-03   -0.1716248E-02   -0.2294658E-04    0.6175348E-04    0.1173070E+02   -0.2358241E+00   -0.1580828E+00   -0.8245779E-01    0.1797063E+00    0.1493233E+00    0.3713976E-02   -0.2567447E-03    0.9614771E-02    0.3556412E-02    0.3217460E-01   -0.9963474E-04    0.2683397E-03    0.3026272E-03    0.3830938E-03    0.2587479E+00
