# omegabh2 omegach2 theta tau w ns logA aps100 aps143 aps217 acib143 acib217 asz143 psr cibr ncib cal0 cal2 xi aksz bm_1_1 bm_1_2 bm_1_3 bm_1_4 bm_1_5 bm_2_1 bm_2_2 bm_2_3 bm_2_4 bm_2_5 bm_3_1 bm_3_2 bm_3_3 bm_3_4 bm_3_5 bm_4_1 bm_4_2 bm_4_3 bm_4_4 bm_4_5 a_ps_act_148 a_ps_act_217 a_ps_spt_95 a_ps_spt_150 a_ps_spt_220 r_ps_spt_95x150 r_ps_spt_95x220 r_ps_150x220 act_dust_s act_dust_e cal_acts_148 cal_acts_217 cal_acte_148 cal_acte_217 cal_spt_95 cal_spt_150 cal_spt_220
    0.72804E-07   -0.37466E-06    0.69900E-07    0.88431E-06   -0.12616E-05    0.10377E-05    0.10099E-05   -0.64947E-03   -0.74953E-03   -0.69437E-03    0.28961E-05    0.66855E-04    0.17930E-04   -0.11716E-05   -0.17149E-06    0.12104E-05    0.62231E-10   -0.26370E-08   -0.40894E-05   -0.54010E-04   -0.19184E-04   -0.17899E-04    0.77015E-05    0.47219E-05    0.35766E-05    0.15407E-05   -0.29328E-05    0.67183E-05    0.79373E-06   -0.20134E-05    0.34533E-05   -0.10506E-04    0.25962E-05   -0.57515E-05    0.50776E-06    0.19560E-05    0.30393E-05   -0.71888E-06   -0.44871E-05    0.50398E-05    0.10788E-04    0.79136E-04    0.22468E-04    0.23015E-04    0.90288E-04   -0.24277E-06   -0.53434E-06   -0.20547E-06   -0.11960E-05   -0.15879E-06    0.38145E-06    0.46114E-06    0.39633E-06    0.45444E-06    0.72779E-06    0.74334E-06    0.56187E-06
   -0.37466E-06    0.67441E-05   -0.64314E-06   -0.10666E-04   -0.45078E-04   -0.15195E-04   -0.50656E-05    0.32944E-02    0.31120E-02    0.32912E-02    0.13413E-05   -0.35557E-03   -0.67725E-04    0.16502E-05   -0.32233E-07   -0.61434E-05   -0.15807E-07    0.77194E-07    0.12365E-04    0.26135E-04    0.15669E-03    0.17484E-04   -0.43054E-04    0.73420E-05   -0.21699E-04    0.55683E-04    0.14593E-04   -0.29573E-04    0.56616E-05    0.42998E-04   -0.28772E-04    0.64473E-04   -0.16333E-04    0.41117E-04   -0.59589E-04    0.35290E-04   -0.23583E-04    0.44406E-04   -0.53370E-05    0.29355E-04   -0.22288E-04   -0.33103E-03   -0.27375E-04   -0.85840E-04   -0.36504E-03    0.12479E-06   -0.19400E-05   -0.85313E-07    0.20184E-05    0.52434E-05   -0.17097E-05   -0.23990E-05   -0.18286E-05   -0.23447E-05   -0.33480E-05   -0.32018E-05   -0.24688E-05
    0.69900E-07   -0.64314E-06    0.38602E-06    0.13881E-05    0.81993E-05    0.20170E-05    0.15818E-05   -0.63900E-03   -0.42864E-03   -0.40760E-03    0.95305E-05    0.47922E-04    0.20859E-04   -0.93715E-06    0.11627E-06    0.44484E-06    0.29553E-08    0.73516E-08   -0.33343E-05   -0.43507E-04   -0.13536E-04    0.33497E-05    0.16123E-05   -0.20781E-05    0.97422E-05    0.59230E-06    0.56380E-05   -0.14601E-05    0.41261E-05    0.79205E-05   -0.47194E-05   -0.84103E-05   -0.39518E-05   -0.97795E-05    0.98759E-05   -0.19718E-05   -0.50447E-05    0.71940E-05    0.15510E-05   -0.77755E-07    0.52431E-05    0.38870E-04    0.45667E-05    0.11084E-04    0.92934E-04    0.69508E-06   -0.33273E-07   -0.41379E-06   -0.15556E-05   -0.27361E-05    0.21172E-06    0.20536E-06    0.22669E-06    0.20835E-06    0.47772E-06    0.43626E-06    0.38292E-06
    0.88431E-06   -0.10666E-04    0.13881E-05    0.16296E-03    0.22243E-03    0.32088E-04    0.29921E-03   -0.22704E-01   -0.16336E-01   -0.13597E-01   -0.68150E-04    0.22912E-02    0.29021E-03   -0.10306E-04   -0.10360E-04    0.44149E-04   -0.11406E-06   -0.53930E-07   -0.12425E-03   -0.14663E-02   -0.35384E-03   -0.16339E-03    0.26810E-03    0.12391E-03    0.97697E-04    0.34546E-04    0.21580E-03   -0.56415E-04    0.30601E-03   -0.14064E-03    0.24102E-03   -0.30757E-03   -0.73091E-04   -0.75687E-04    0.19725E-04    0.13445E-03    0.12111E-03    0.81245E-04    0.23623E-03    0.11829E-03    0.24647E-03    0.11735E-02    0.51382E-03    0.45545E-03    0.12164E-02   -0.12213E-04   -0.33632E-04   -0.58543E-05    0.16866E-05   -0.18372E-04    0.64876E-05    0.10592E-04    0.82731E-05    0.98434E-05    0.16017E-04    0.13672E-04    0.99740E-05
   -0.12616E-05   -0.45078E-04    0.81993E-05    0.22243E-03    0.96545E-01    0.14844E-03    0.29559E-03    0.18911E+00    0.47561E-01    0.67651E-02    0.70152E-02    0.89794E-02    0.25036E-02    0.76632E-04    0.88257E-04   -0.17270E-03   -0.26131E-06    0.29217E-05    0.12314E-02    0.62044E-02   -0.40758E-04   -0.14516E-02    0.42216E-02    0.27080E-02   -0.30602E-02    0.78983E-05   -0.51245E-03    0.49241E-02   -0.63665E-02   -0.55811E-03   -0.20889E-02    0.82796E-02    0.15224E-04    0.78095E-03   -0.52686E-03   -0.22187E-02    0.33529E-02    0.16797E-02   -0.61240E-02    0.33838E-03   -0.26697E-02    0.55350E-02   -0.10768E-01   -0.27501E-02   -0.60679E-02    0.81417E-03    0.75181E-03    0.12308E-04   -0.25393E-03   -0.40586E-04   -0.11333E-04    0.18817E-04   -0.13747E-04    0.42183E-04   -0.26871E-04   -0.45711E-04   -0.48922E-05
    0.10377E-05   -0.15195E-04    0.20170E-05    0.32088E-04    0.14844E-03    0.50994E-04    0.24788E-04   -0.38672E-01   -0.21984E-01   -0.16172E-01   -0.78748E-05    0.16576E-02    0.76344E-03   -0.30894E-04   -0.54756E-05    0.34854E-04   -0.23212E-07    0.13223E-06   -0.15202E-03   -0.13695E-02   -0.50827E-03   -0.27264E-03    0.36494E-04   -0.14663E-04    0.26884E-04    0.21748E-03    0.15314E-03    0.15445E-03   -0.48017E-04   -0.18012E-03    0.20860E-03   -0.23339E-03    0.51139E-04   -0.58780E-04    0.10104E-03    0.21296E-03    0.29131E-03    0.43332E-04    0.28662E-04   -0.55300E-04    0.16227E-03    0.16424E-02    0.22208E-03    0.37915E-03    0.16099E-02   -0.84536E-05   -0.13568E-04   -0.25516E-05   -0.85061E-05   -0.16357E-04    0.98704E-05    0.10230E-04    0.10014E-04    0.96664E-05    0.16574E-04    0.14719E-04    0.10611E-04
    0.10099E-05   -0.50656E-05    0.15818E-05    0.29921E-03    0.29559E-03    0.24788E-04    0.59003E-03   -0.49734E-01   -0.28644E-01   -0.21155E-01   -0.18874E-03    0.42383E-02    0.53424E-03   -0.22565E-04   -0.23092E-04    0.87699E-04   -0.21939E-06    0.40454E-06   -0.27605E-03   -0.33200E-02    0.11057E-03   -0.16430E-03    0.36801E-03    0.28340E-03    0.16849E-03    0.57393E-03    0.58104E-03   -0.20442E-03    0.63505E-03   -0.29051E-03    0.42660E-03   -0.44079E-03   -0.27449E-03   -0.17850E-03   -0.16600E-03    0.61083E-03    0.36592E-03    0.31044E-03    0.53502E-03    0.29066E-03    0.47542E-03    0.14118E-02    0.11154E-02    0.70785E-03    0.13305E-02   -0.33340E-04   -0.86968E-04   -0.13566E-04    0.95852E-05   -0.24061E-04    0.10086E-04    0.15980E-04    0.13440E-04    0.14644E-04    0.25515E-04    0.20553E-04    0.14036E-04
   -0.64947E-03    0.32944E-02   -0.63900E-03   -0.22704E-01    0.18911E+00   -0.38672E-01   -0.49734E-01    0.16510E+04    0.86860E+02    0.23234E+02    0.13076E+00   -0.36064E+01   -0.12325E+02   -0.59876E-01   -0.13868E+00   -0.10650E+00    0.16842E-02   -0.25088E-02    0.11233E+01    0.94966E+01    0.15778E+02   -0.74607E+01    0.65441E+00   -0.27600E+00   -0.16826E+00   -0.20439E+01   -0.51114E+01   -0.14072E+01   -0.12109E+01   -0.12905E+01    0.12328E+00    0.34762E+00    0.83724E-01   -0.40464E+00   -0.27467E+01   -0.56706E+00   -0.26333E+01   -0.28881E+01   -0.40600E+00    0.20691E+01    0.47148E-02    0.11746E+01    0.59232E+01   -0.42637E+00    0.41236E+01   -0.88791E-01   -0.40353E+00   -0.61711E-01    0.92076E-01    0.21467E+00   -0.24505E-01    0.12377E-01   -0.28146E-01    0.75832E-02   -0.70702E-01   -0.32444E-01   -0.46674E-02
   -0.74953E-03    0.31120E-02   -0.42864E-03   -0.16336E-01    0.47561E-01   -0.21984E-01   -0.28644E-01    0.86860E+02    0.65925E+02    0.19577E+02    0.16289E+00   -0.94074E+00   -0.20549E+01    0.24481E-01    0.17671E-01   -0.43534E-01   -0.18320E-04   -0.83909E-03    0.19507E+00    0.65212E+00   -0.10207E+00   -0.93543E-01   -0.58047E-01   -0.18028E-01    0.69549E-01    0.21120E+00   -0.32524E+00   -0.26258E+00   -0.58607E-01    0.19985E+00   -0.31748E+00    0.28563E+00   -0.56638E-01    0.30125E-01    0.10355E+00    0.95602E-01   -0.34040E+00   -0.31348E+00   -0.14086E+00    0.17512E+00    0.27409E+00   -0.10988E+01    0.11229E+01   -0.22464E+00   -0.60028E+00   -0.37750E-02   -0.61241E-01   -0.29340E-01    0.20761E-01    0.26008E-01   -0.13411E-01   -0.83944E-02   -0.14003E-01   -0.76211E-02   -0.27318E-01   -0.19267E-01   -0.84788E-02
   -0.69437E-03    0.32912E-02   -0.40760E-03   -0.13597E-01    0.67651E-02   -0.16172E-01   -0.21155E-01    0.23234E+02    0.19577E+02    0.96237E+02   -0.93176E+00   -0.34008E+02    0.39994E+00   -0.35400E+00   -0.54580E-01   -0.45339E+00   -0.47371E-04   -0.35899E-04    0.18609E-01    0.70316E+00   -0.72037E-01    0.32261E+00   -0.28638E+00   -0.13157E+00    0.50754E-01    0.10347E+00    0.57203E-01   -0.51055E-01   -0.76043E-01    0.17142E+00    0.39839E-01    0.29212E+00   -0.30938E+00    0.23945E+00    0.43470E+00    0.11763E+00    0.41768E-01   -0.66232E-01    0.11189E-01   -0.34771E+00    0.15567E+00    0.17664E+02   -0.80730E+00    0.47029E+00    0.89824E+01   -0.40318E-01   -0.84911E-01    0.13513E-02    0.24461E-01    0.44931E-01   -0.74366E-02   -0.27791E-01   -0.51704E-02   -0.31625E-01   -0.11450E-01   -0.10622E-01   -0.51669E-01
    0.28961E-05    0.13413E-05    0.95305E-05   -0.68150E-04    0.70152E-02   -0.78748E-05   -0.18874E-03    0.13076E+00    0.16289E+00   -0.93176E+00    0.64104E+00    0.11015E+01    0.53694E+00    0.21161E-02   -0.33302E-02   -0.31523E-02    0.76143E-05    0.63612E-04    0.38649E-02   -0.89525E+00   -0.51574E-02   -0.23615E-01    0.52769E-02    0.51537E-02   -0.53019E-02   -0.23726E-01   -0.15994E-02   -0.94087E-02    0.10899E-01    0.25855E-02    0.25539E-01   -0.26433E-01   -0.90303E-02   -0.53382E-02    0.59641E-02    0.13995E-02   -0.11980E-01    0.65178E-02    0.12964E-01    0.14429E-01    0.49992E-01   -0.12653E+00   -0.19642E+00   -0.20228E-01   -0.34415E-01    0.47091E-01    0.44449E-01   -0.39481E-02   -0.11695E-02   -0.11237E-02    0.19445E-03    0.30297E-03    0.13837E-03    0.30290E-03   -0.81135E-03    0.66381E-03    0.16752E-02
    0.66855E-04   -0.35557E-03    0.47922E-04    0.22912E-02    0.89794E-02    0.16576E-02    0.42383E-02   -0.36064E+01   -0.94074E+00   -0.34008E+02    0.11015E+01    0.20975E+02    0.19344E+01    0.21164E+00    0.34422E-01    0.28160E+00    0.58562E-04    0.90661E-06   -0.35586E+00   -0.41777E+01    0.26516E+00   -0.27954E+00    0.15333E+00   -0.16119E-01    0.32106E-01    0.15061E-01    0.20687E-02   -0.10753E+00    0.24290E+00   -0.15271E+00   -0.14058E+00   -0.36608E+00    0.72166E-01   -0.24195E+00   -0.29203E+00   -0.72809E-01   -0.10215E+00    0.42735E-01    0.10940E+00    0.38733E+00   -0.34661E+00   -0.11750E+02   -0.99062E-01   -0.69682E+00   -0.77673E+01    0.51481E-01    0.65359E-01   -0.94473E-02   -0.15064E-01   -0.16590E-01   -0.34887E-03    0.54571E-02   -0.17252E-02    0.82178E-02    0.89003E-03   -0.22070E-02    0.17045E-01
    0.17930E-04   -0.67725E-04    0.20859E-04    0.29021E-03    0.25036E-02    0.76344E-03    0.53424E-03   -0.12325E+02   -0.20549E+01    0.39994E+00    0.53694E+00    0.19344E+01    0.19815E+01    0.18511E-01    0.23651E-01    0.16123E-01    0.11708E-04   -0.12523E-03   -0.19000E+00   -0.23645E+01    0.75569E-01   -0.65456E-02    0.26576E-01    0.54972E-02   -0.38358E-02    0.49314E-01    0.37067E-02   -0.11451E-01   -0.67013E-02   -0.17312E-01   -0.59849E-01   -0.34939E-01   -0.20067E-01   -0.27102E-01   -0.17165E-02   -0.24882E-02    0.24899E-02   -0.17541E-01   -0.15504E-01    0.88153E-02   -0.76100E-01   -0.75627E+00   -0.80772E+00   -0.10299E+00   -0.11566E+01    0.43653E-01    0.70585E-01   -0.15408E-02   -0.54458E-02   -0.15774E-02    0.63447E-03   -0.27277E-02    0.52275E-03   -0.24304E-02    0.39735E-02    0.57205E-03   -0.16920E-02
   -0.11716E-05    0.16502E-05   -0.93715E-06   -0.10306E-04    0.76632E-04   -0.30894E-04   -0.22565E-04   -0.59876E-01    0.24481E-01   -0.35400E+00    0.21161E-02    0.21164E+00    0.18511E-01    0.44750E-02   -0.77516E-05    0.30420E-02    0.76808E-06   -0.37775E-05   -0.10349E-02   -0.16905E-01    0.19283E-02    0.21275E-04    0.28831E-02    0.52716E-03    0.42977E-03    0.66975E-03   -0.37868E-02    0.90059E-04   -0.16414E-02    0.20644E-02   -0.12470E-02    0.18833E-02    0.55857E-03    0.62799E-03   -0.15942E-02    0.67895E-03   -0.22885E-02   -0.23561E-02   -0.39746E-02   -0.69447E-03   -0.19480E-02   -0.14902E+00   -0.95104E-02   -0.35353E-02   -0.10639E+00    0.40670E-03    0.16442E-02    0.39841E-03   -0.15299E-03   -0.14499E-04   -0.23672E-04   -0.26252E-04   -0.47466E-04    0.26348E-04    0.61295E-04   -0.45796E-04    0.11918E-03
   -0.17149E-06   -0.32233E-07    0.11627E-06   -0.10360E-04    0.88257E-04   -0.54756E-05   -0.23092E-04   -0.13868E+00    0.17671E-01   -0.54580E-01   -0.33302E-02    0.34422E-01    0.23651E-01   -0.77516E-05    0.30983E-02   -0.13139E-03   -0.41398E-06    0.49885E-05   -0.92278E-03   -0.15585E-01    0.75422E-03   -0.15361E-03    0.43127E-03    0.14210E-02    0.22720E-03   -0.14039E-02   -0.74427E-03    0.21351E-03    0.13345E-03   -0.95617E-03    0.34176E-03   -0.79773E-03    0.12241E-02   -0.45124E-03   -0.34626E-03   -0.96013E-03   -0.60688E-04    0.20267E-04    0.41884E-03    0.10454E-02    0.64600E-02   -0.10456E-02   -0.13390E-01    0.37165E-02    0.51481E-02    0.17054E-03    0.16335E-02   -0.43708E-03   -0.22406E-03   -0.15434E-03    0.45836E-05    0.34360E-04    0.30539E-05    0.40169E-04    0.79015E-04    0.26949E-05    0.10018E-03
    0.12104E-05   -0.61434E-05    0.44484E-06    0.44149E-04   -0.17270E-03    0.34854E-04    0.87699E-04   -0.10650E+00   -0.43534E-01   -0.45339E+00   -0.31523E-02    0.28160E+00    0.16123E-01    0.30420E-02   -0.13139E-03    0.51361E-02    0.96418E-06   -0.85969E-05   -0.53898E-02   -0.34065E-01    0.68400E-02   -0.70332E-02    0.13232E-02   -0.13899E-02    0.81229E-03    0.26834E-02    0.34706E-02   -0.35679E-02    0.77816E-02   -0.52748E-02   -0.68709E-02   -0.10428E-01    0.94751E-03   -0.63996E-02   -0.73904E-02   -0.28837E-02   -0.11244E-02    0.39494E-02    0.60655E-02    0.10871E-01   -0.85238E-02   -0.19317E+00    0.22714E-02   -0.10468E-01   -0.13765E+00   -0.61074E-03   -0.20324E-03    0.25296E-03   -0.18821E-03   -0.16853E-03   -0.23542E-05    0.21090E-04   -0.23880E-04    0.65795E-04    0.70344E-04   -0.46485E-04    0.14016E-03
    0.62231E-10   -0.15807E-07    0.29553E-08   -0.11406E-06   -0.26131E-06   -0.23212E-07   -0.21939E-06    0.16842E-02   -0.18320E-04   -0.47371E-04    0.76143E-05    0.58562E-04    0.11708E-04    0.76808E-06   -0.41398E-06    0.96418E-06    0.15539E-06   -0.20561E-08    0.95448E-07   -0.13675E-04   -0.21766E-04   -0.17250E-04    0.21762E-06   -0.51824E-05    0.28858E-05    0.26092E-05    0.52727E-05   -0.23777E-05   -0.26128E-06    0.30794E-05   -0.41597E-05   -0.51325E-05    0.47728E-05    0.48964E-05    0.30918E-05   -0.83835E-06   -0.19858E-05    0.58756E-05    0.24572E-05    0.21235E-05   -0.11505E-05   -0.46181E-04   -0.55741E-05   -0.19918E-05   -0.23733E-04    0.62544E-06    0.86153E-06    0.12507E-06    0.87425E-06   -0.43255E-06   -0.19728E-07   -0.41716E-07   -0.10727E-07   -0.68442E-07   -0.11453E-06   -0.35707E-07   -0.12550E-07
   -0.26370E-08    0.77194E-07    0.73516E-08   -0.53930E-07    0.29217E-05    0.13223E-06    0.40454E-06   -0.25088E-02   -0.83909E-03   -0.35899E-04    0.63612E-04    0.90661E-06   -0.12523E-03   -0.37775E-05    0.49885E-05   -0.85969E-05   -0.20561E-08    0.10992E-05    0.20598E-04    0.80790E-04    0.84278E-04    0.57988E-04   -0.22691E-04   -0.32150E-04   -0.84568E-05    0.38281E-03    0.59609E-04   -0.58512E-05   -0.50755E-05    0.56786E-04   -0.35501E-03    0.52911E-04   -0.90020E-04    0.25742E-04    0.32747E-05    0.48493E-04    0.68750E-04   -0.31806E-04   -0.65630E-04    0.46876E-05    0.43795E-04    0.30453E-03    0.52919E-04    0.25893E-04    0.37125E-03    0.47622E-05    0.17047E-05   -0.29403E-05   -0.20558E-06    0.17971E-05    0.33242E-06    0.13126E-05    0.35356E-06    0.11475E-05   -0.60689E-06    0.47115E-06    0.13996E-05
   -0.40894E-05    0.12365E-04   -0.33343E-05   -0.12425E-03    0.12314E-02   -0.15202E-03   -0.27605E-03    0.11233E+01    0.19507E+00    0.18609E-01    0.38649E-02   -0.35586E+00   -0.19000E+00   -0.10349E-02   -0.92278E-03   -0.53898E-02    0.95448E-07    0.20598E-04    0.65094E-01    0.36924E+00   -0.16609E-01   -0.49786E-03   -0.53325E-02    0.37276E-02   -0.86371E-03   -0.13083E-01    0.48963E-03   -0.17047E-02   -0.22784E-02    0.65639E-02    0.94462E-02    0.23296E-02   -0.13408E-02    0.55588E-02    0.40741E-02   -0.20067E-02   -0.58712E-02    0.51089E-02    0.37326E-02   -0.20009E-02    0.58512E-01    0.14434E+00    0.10022E-01    0.57181E-01    0.19969E+00    0.44583E-02    0.84027E-02    0.11953E-02    0.32302E-03    0.62896E-03    0.24776E-04    0.25096E-03    0.46629E-05    0.23417E-03   -0.22726E-03    0.23840E-03    0.48203E-03
   -0.54010E-04    0.26135E-04   -0.43507E-04   -0.14663E-02    0.62044E-02   -0.13695E-02   -0.33200E-02    0.94966E+01    0.65212E+00    0.70316E+00   -0.89525E+00   -0.41777E+01   -0.23645E+01   -0.16905E-01   -0.15585E-01   -0.34065E-01   -0.13675E-04    0.80790E-04    0.36924E+00    0.45631E+01   -0.10037E+00    0.50939E-01   -0.15740E-01    0.32263E-02    0.22651E-02   -0.51599E-01   -0.60524E-02    0.29207E-01   -0.19719E-01    0.57651E-01    0.37155E-01    0.47819E-01    0.23805E-01    0.63591E-01    0.94342E-02   -0.10149E-01   -0.18001E-01    0.31717E-01   -0.16177E-01   -0.28807E-01    0.68279E-01    0.12845E+01    0.32594E+00    0.23852E+00    0.17236E+01   -0.45587E-01   -0.27990E-01    0.17271E-01    0.23387E-03   -0.28063E-02    0.26358E-03    0.29145E-02    0.43925E-03    0.25336E-02   -0.34404E-03    0.14329E-02    0.23577E-02
   -0.19184E-04    0.15669E-03   -0.13536E-04   -0.35384E-03   -0.40758E-04   -0.50827E-03    0.11057E-03    0.15778E+02   -0.10207E+00   -0.72037E-01   -0.51574E-02    0.26516E+00    0.75569E-01    0.19283E-02    0.75422E-03    0.68400E-02   -0.21766E-04    0.84278E-04   -0.16609E-01   -0.10037E+00    0.66526E+00   -0.14536E+00   -0.48487E-02    0.12948E-01    0.10775E-01    0.21092E+00   -0.64775E-01   -0.40400E-01   -0.15836E-01   -0.80230E-01    0.20575E-01    0.32269E-01   -0.45608E-01   -0.78839E-02   -0.11536E+00    0.17545E+00    0.48721E-01   -0.34768E-01    0.23325E-01    0.78359E-01   -0.15538E-01   -0.20739E+00   -0.20322E-01   -0.19962E-01   -0.22066E+00   -0.11737E-02    0.43692E-03    0.34212E-03    0.28923E-04    0.23287E-02    0.95340E-04   -0.12581E-03    0.73222E-06   -0.89517E-04    0.29414E-03   -0.19433E-03   -0.38594E-03
   -0.17899E-04    0.17484E-04    0.33497E-05   -0.16339E-03   -0.14516E-02   -0.27264E-03   -0.16430E-03   -0.74607E+01   -0.93543E-01    0.32261E+00   -0.23615E-01   -0.27954E+00   -0.65456E-02    0.21275E-04   -0.15361E-03   -0.70332E-02   -0.17250E-04    0.57988E-04   -0.49786E-03    0.50939E-01   -0.14536E+00    0.95050E+00   -0.18469E-01    0.17673E-01   -0.17318E-02   -0.14817E+00    0.18824E+00    0.48044E-01   -0.58465E-02    0.70718E-01   -0.11331E+00    0.25575E-01    0.12361E-01   -0.39426E-02    0.17133E+00   -0.21114E+00    0.19439E-01    0.11121E+00    0.13980E-01   -0.20942E+00   -0.70637E-02    0.15575E+00   -0.13126E-01   -0.36625E-02    0.94037E-01   -0.16785E-02   -0.10346E-02    0.28540E-03    0.96386E-03    0.20451E-02   -0.10885E-03   -0.27430E-03   -0.13414E-03   -0.20026E-03   -0.13603E-03   -0.25217E-03   -0.27800E-03
    0.77015E-05   -0.43054E-04    0.16123E-05    0.26810E-03    0.42216E-02    0.36494E-04    0.36801E-03    0.65441E+00   -0.58047E-01   -0.28638E+00    0.52769E-02    0.15333E+00    0.26576E-01    0.28831E-02    0.43127E-03    0.13232E-02    0.21762E-06   -0.22691E-04   -0.53325E-02   -0.15740E-01   -0.48487E-02   -0.18469E-01    0.10095E+01   -0.14875E-01   -0.94408E-02   -0.41047E-01   -0.40760E-01    0.15660E+00   -0.24940E-02    0.84731E-01   -0.37862E-02    0.49778E-01   -0.78347E-02   -0.37438E-01    0.12499E+00   -0.45468E-01    0.16044E-01    0.98568E-02   -0.16854E+00    0.12405E+00   -0.11283E-01   -0.87440E-01   -0.17430E-01   -0.13289E-02   -0.87077E-01    0.93117E-03    0.26260E-02    0.45414E-03   -0.25385E-02   -0.28506E-02   -0.72646E-04    0.39010E-04   -0.12630E-03    0.23817E-04    0.26834E-03    0.75926E-04   -0.60589E-04
    0.47219E-05    0.73420E-05   -0.20781E-05    0.12391E-03    0.27080E-02   -0.14663E-04    0.28340E-03   -0.27600E+00   -0.18028E-01   -0.13157E+00    0.51537E-02   -0.16119E-01    0.54972E-02    0.52716E-03    0.14210E-02   -0.13899E-02   -0.51824E-05   -0.32150E-04    0.37276E-02    0.32263E-02    0.12948E-01    0.17673E-01   -0.14875E-01    0.10037E+01   -0.25973E-01    0.58895E-01   -0.98886E-01    0.60130E-01   -0.91677E-01    0.22546E-01    0.83143E-01    0.11514E+00    0.59799E-01    0.14491E+00   -0.90053E-01    0.98669E-01    0.46829E-01   -0.18890E-01   -0.10832E+00    0.53680E-01    0.10631E-01    0.22086E-01    0.14219E-01    0.14055E-01    0.49854E-01    0.24875E-03    0.11069E-02   -0.23276E-03   -0.23151E-03   -0.23213E-03    0.36118E-04    0.41952E-04   -0.33984E-05   -0.44949E-05    0.11706E-03    0.18842E-03   -0.14937E-03
    0.35766E-05   -0.21699E-04    0.97422E-05    0.97697E-04   -0.30602E-02    0.26884E-04    0.16849E-03   -0.16826E+00    0.69549E-01    0.50754E-01   -0.53019E-02    0.32106E-01   -0.38358E-02    0.42977E-03    0.22720E-03    0.81229E-03    0.28858E-05   -0.84568E-05   -0.86371E-03    0.22651E-02    0.10775E-01   -0.17318E-02   -0.94408E-02   -0.25973E-01    0.10045E+01    0.23596E-01    0.41265E-01   -0.44096E-01    0.52558E-01    0.74931E-01    0.66059E-01   -0.10312E+00   -0.74523E-01    0.85926E-01    0.45504E-01    0.85765E-01   -0.83050E-01    0.91638E-01   -0.21254E-01    0.11641E-01   -0.16763E-02   -0.18991E-01    0.42146E-02   -0.11471E-02   -0.15889E-02   -0.47744E-03   -0.77093E-03   -0.49633E-04    0.16129E-02    0.60113E-03    0.36089E-04   -0.59318E-04    0.53318E-05    0.93306E-05    0.37496E-03   -0.27361E-04   -0.10095E-04
    0.15407E-05    0.55683E-04    0.59230E-06    0.34546E-04    0.78983E-05    0.21748E-03    0.57393E-03   -0.20439E+01    0.21120E+00    0.10347E+00   -0.23726E-01    0.15061E-01    0.49314E-01    0.66975E-03   -0.14039E-02    0.26834E-02    0.26092E-05    0.38281E-03   -0.13083E-01   -0.51599E-01    0.21092E+00   -0.14817E+00   -0.41047E-01    0.58895E-01    0.23596E-01    0.77282E+00   -0.32919E-01    0.51964E-02   -0.35611E-01   -0.39422E-01    0.81973E-01    0.12218E+00   -0.94447E-01    0.21109E-01   -0.76482E-01    0.62089E+00    0.24155E+00   -0.64469E-01   -0.48328E-01    0.72088E-01   -0.27550E-02    0.14634E-01   -0.10556E-01    0.99088E-03   -0.43395E-01   -0.17587E-02   -0.14875E-02    0.81711E-03   -0.75092E-03    0.83389E-03    0.35464E-03    0.18886E-03    0.37030E-03    0.13936E-03    0.47086E-03    0.26561E-03   -0.63257E-04
   -0.29328E-05    0.14593E-04    0.56380E-05    0.21580E-03   -0.51245E-03    0.15314E-03    0.58104E-03   -0.51114E+01   -0.32524E+00    0.57203E-01   -0.15994E-02    0.20687E-02    0.37067E-02   -0.37868E-02   -0.74427E-03    0.34706E-02    0.52727E-05    0.59609E-04    0.48963E-03   -0.60524E-02   -0.64775E-01    0.18824E+00   -0.40760E-01   -0.98886E-01    0.41265E-01   -0.32919E-01    0.98625E+00    0.70417E-02   -0.67944E-02    0.62899E-02    0.42261E-01   -0.23416E-01   -0.70894E-01   -0.42802E-01    0.14835E+00   -0.96251E-01    0.24071E+00    0.76406E+00    0.28280E+00   -0.20752E+00   -0.16150E-02   -0.25049E-01    0.12565E-01   -0.44493E-02   -0.41019E-01   -0.90210E-03   -0.10894E-02    0.19633E-03    0.12358E-02    0.84069E-03    0.14506E-03    0.44311E-04    0.18400E-03    0.35841E-04    0.30299E-03    0.58315E-04   -0.74338E-04
    0.67183E-05   -0.29573E-04   -0.14601E-05   -0.56415E-04    0.49241E-02    0.15445E-03   -0.20442E-03   -0.14072E+01   -0.26258E+00   -0.51055E-01   -0.94087E-02   -0.10753E+00   -0.11451E-01    0.90059E-04    0.21351E-03   -0.35679E-02   -0.23777E-05   -0.58512E-05   -0.17047E-02    0.29207E-01   -0.40400E-01    0.48044E-01    0.15660E+00    0.60130E-01   -0.44096E-01    0.51964E-02    0.70417E-02    0.96932E+00    0.12806E-01   -0.28117E-01    0.86927E-01   -0.66332E-01    0.14247E+00    0.13458E+00   -0.13189E+00   -0.18154E+00    0.62759E+00    0.13748E+00   -0.59108E+00    0.17622E+00    0.33681E-02    0.15195E+00    0.63493E-03    0.10552E-01    0.11764E+00   -0.39806E-03   -0.47388E-03    0.99502E-05   -0.85948E-03   -0.52340E-03    0.80459E-04    0.25887E-03    0.14259E-03    0.19308E-03    0.29866E-03    0.16921E-03   -0.56911E-05
    0.79373E-06    0.56616E-05    0.41261E-05    0.30601E-03   -0.63665E-02   -0.48017E-04    0.63505E-03   -0.12109E+01   -0.58607E-01   -0.76043E-01    0.10899E-01    0.24290E+00   -0.67013E-02   -0.16414E-02    0.13345E-03    0.77816E-02   -0.26128E-06   -0.50755E-05   -0.22784E-02   -0.19719E-01   -0.15836E-01   -0.58465E-02   -0.24940E-02   -0.91677E-01    0.52558E-01   -0.35611E-01   -0.67944E-02    0.12806E-01    0.98573E+00    0.20130E-01   -0.26612E-01   -0.86576E-01   -0.15679E+00    0.16318E-01   -0.93548E-01   -0.94694E-01    0.63940E-01   -0.40019E-01    0.28401E+00    0.68322E+00   -0.83414E-02   -0.19646E+00    0.32737E-01   -0.18404E-01   -0.13653E+00   -0.31991E-03   -0.95437E-03   -0.75387E-04   -0.21119E-02   -0.14331E-02   -0.39528E-04   -0.59478E-04   -0.46590E-06    0.78816E-04   -0.22534E-04   -0.35618E-04   -0.63895E-05
   -0.20134E-05    0.42998E-04    0.79205E-05   -0.14064E-03   -0.55811E-03   -0.18012E-03   -0.29051E-03   -0.12905E+01    0.19985E+00    0.17142E+00    0.25855E-02   -0.15271E+00   -0.17312E-01    0.20644E-02   -0.95617E-03   -0.52748E-02    0.30794E-05    0.56786E-04    0.65639E-02    0.57651E-01   -0.80230E-01    0.70718E-01    0.84731E-01    0.22546E-01    0.74931E-01   -0.39422E-01    0.62899E-02   -0.28117E-01    0.20130E-01    0.99531E+00   -0.74178E-01    0.94530E-01    0.81416E-02    0.15343E+00    0.21435E-01    0.94459E-01   -0.58528E+00    0.37934E+00   -0.32364E+00    0.22973E+00   -0.75209E-02    0.12109E+00   -0.22333E-01    0.55966E-02    0.95251E-01    0.17115E-02    0.18862E-02    0.45533E-03    0.15394E-02   -0.50297E-03   -0.65377E-04    0.52869E-04   -0.53684E-04   -0.23993E-04    0.15548E-03   -0.24854E-04    0.14781E-03
    0.34533E-05   -0.28772E-04   -0.47194E-05    0.24102E-03   -0.20889E-02    0.20860E-03    0.42660E-03    0.12328E+00   -0.31748E+00    0.39839E-01    0.25539E-01   -0.14058E+00   -0.59849E-01   -0.12470E-02    0.34176E-03   -0.68709E-02   -0.41597E-05   -0.35501E-03    0.94462E-02    0.37155E-01    0.20575E-01   -0.11331E+00   -0.37862E-02    0.83143E-01    0.66059E-01    0.81973E-01    0.42261E-01    0.86927E-01   -0.26612E-01   -0.74178E-01    0.84262E+00   -0.26163E-01   -0.24993E-01    0.19081E-01    0.54852E-02    0.58938E+00    0.18407E+00    0.95983E-01    0.20503E-01   -0.99266E-01    0.21500E-01    0.24518E+00    0.40148E-01    0.18776E-01    0.22574E+00    0.10303E-02   -0.62357E-03   -0.89997E-03    0.95809E-03   -0.74334E-03    0.10512E-03    0.39355E-03    0.17870E-03    0.33386E-03    0.10788E-03    0.22471E-03    0.40509E-03
   -0.10506E-04    0.64473E-04   -0.84103E-05   -0.30757E-03    0.82796E-02   -0.23339E-03   -0.44079E-03    0.34762E+00    0.28563E+00    0.29212E+00   -0.26433E-01   -0.36608E+00   -0.34939E-01    0.18833E-02   -0.79773E-03   -0.10428E-01   -0.51325E-05    0.52911E-04    0.23296E-02    0.47819E-01    0.32269E-01    0.25575E-01    0.49778E-01    0.11514E+00   -0.10312E+00    0.12218E+00   -0.23416E-01   -0.66332E-01   -0.86576E-01    0.94530E-01   -0.26163E-01    0.98643E+00   -0.21891E-03   -0.17497E-01    0.15000E-03    0.89805E-01    0.13081E+00   -0.22560E-01    0.14131E+00    0.16531E+00    0.83861E-02    0.29814E+00    0.15549E-02    0.14347E-01    0.20289E+00   -0.15639E-02   -0.24745E-02   -0.94236E-04   -0.18780E-02   -0.80691E-04   -0.10497E-03    0.95888E-04   -0.85653E-04   -0.53951E-04   -0.24421E-03   -0.97935E-04   -0.17150E-03
    0.25962E-05   -0.16333E-04   -0.39518E-05   -0.73091E-04    0.15224E-04    0.51139E-04   -0.27449E-03    0.83724E-01   -0.56638E-01   -0.30938E+00   -0.90303E-02    0.72166E-01   -0.20067E-01    0.55857E-03    0.12241E-02    0.94751E-03    0.47728E-05   -0.90020E-04   -0.13408E-02    0.23805E-01   -0.45608E-01    0.12361E-01   -0.78347E-02    0.59799E-01   -0.74523E-01   -0.94447E-01   -0.70894E-01    0.14247E+00   -0.15679E+00    0.81416E-02   -0.24993E-01   -0.21891E-03    0.98199E+00    0.29425E-02   -0.46420E-02   -0.12946E+00    0.59680E-01    0.13974E+00    0.20689E-01   -0.77836E-01    0.41087E-02   -0.56226E-01    0.25986E-01   -0.19112E-02    0.35978E-01   -0.13487E-02   -0.20869E-02   -0.47530E-03   -0.25300E-03    0.11169E-02    0.17198E-04    0.35380E-04    0.28588E-04    0.77316E-04   -0.24201E-03    0.79902E-04    0.52138E-03
   -0.57515E-05    0.41117E-04   -0.97795E-05   -0.75687E-04    0.78095E-03   -0.58780E-04   -0.17850E-03   -0.40464E+00    0.30125E-01    0.23945E+00   -0.53382E-02   -0.24195E+00   -0.27102E-01    0.62799E-03   -0.45124E-03   -0.63996E-02    0.48964E-05    0.25742E-04    0.55588E-02    0.63591E-01   -0.78839E-02   -0.39426E-02   -0.37438E-01    0.14491E+00    0.85926E-01    0.21109E-01   -0.42802E-01    0.13458E+00    0.16318E-01    0.15343E+00    0.19081E-01   -0.17497E-01    0.29425E-02    0.98906E+00   -0.23994E-01    0.16518E-01    0.17055E-01    0.10371E+00   -0.25012E+00    0.16112E+00    0.22269E-02    0.15774E+00    0.47081E-02    0.86203E-02    0.14215E+00    0.32772E-04    0.30000E-03    0.95077E-04    0.12852E-02   -0.24035E-02    0.25216E-04   -0.17936E-03   -0.12726E-03   -0.12962E-03   -0.15405E-03    0.41362E-04    0.67514E-04
    0.50776E-06   -0.59589E-04    0.98759E-05    0.19725E-04   -0.52686E-03    0.10104E-03   -0.16600E-03   -0.27467E+01    0.10355E+00    0.43470E+00    0.59641E-02   -0.29203E+00   -0.17165E-02   -0.15942E-02   -0.34626E-03   -0.73904E-02    0.30918E-05    0.32747E-05    0.40741E-02    0.94342E-02   -0.11536E+00    0.17133E+00    0.12499E+00   -0.90053E-01    0.45504E-01   -0.76482E-01    0.14835E+00   -0.13189E+00   -0.93548E-01    0.21435E-01    0.54852E-02    0.15000E-03   -0.46420E-02   -0.23994E-01    0.98948E+00   -0.43591E-01   -0.57645E-01    0.29969E-01    0.17719E+00   -0.89461E-01    0.14851E-01    0.21777E+00   -0.40198E-02    0.13782E-01    0.14130E+00    0.96690E-03    0.14247E-02   -0.29571E-03   -0.94914E-03   -0.11043E-02    0.13741E-05   -0.13882E-03   -0.39529E-04   -0.16577E-03    0.76996E-04   -0.41773E-04    0.80073E-04
    0.19560E-05    0.35290E-04   -0.19718E-05    0.13445E-03   -0.22187E-02    0.21296E-03    0.61083E-03   -0.56706E+00    0.95602E-01    0.11763E+00    0.13995E-02   -0.72809E-01   -0.24882E-02    0.67895E-03   -0.96013E-03   -0.28837E-02   -0.83835E-06    0.48493E-04   -0.20067E-02   -0.10149E-01    0.17545E+00   -0.21114E+00   -0.45468E-01    0.98669E-01    0.85765E-01    0.62089E+00   -0.96251E-01   -0.18154E+00   -0.94694E-01    0.94459E-01    0.58938E+00    0.89805E-01   -0.12946E+00    0.16518E-01   -0.43591E-01    0.93820E+00   -0.87177E-02   -0.17662E-01   -0.15474E-01   -0.28860E-01    0.97523E-02    0.15346E+00    0.11151E-01    0.12429E-01    0.10297E+00   -0.15323E-03   -0.83779E-03    0.10845E-03    0.63299E-03    0.26814E-03    0.29082E-03    0.36117E-03    0.32664E-03    0.27510E-03    0.37783E-03    0.28892E-03    0.27536E-03
    0.30393E-05   -0.23583E-04   -0.50447E-05    0.12111E-03    0.33529E-02    0.29131E-03    0.36592E-03   -0.26333E+01   -0.34040E+00    0.41768E-01   -0.11980E-01   -0.10215E+00    0.24899E-02   -0.22885E-02   -0.60688E-04   -0.11244E-02   -0.19858E-05    0.68750E-04   -0.58712E-02   -0.18001E-01    0.48721E-01    0.19439E-01    0.16044E-01    0.46829E-01   -0.83050E-01    0.24155E+00    0.24071E+00    0.62759E+00    0.63940E-01   -0.58528E+00    0.18407E+00    0.13081E+00    0.59680E-01    0.17055E-01   -0.57645E-01   -0.87177E-02    0.98747E+00   -0.50175E-02    0.52432E-02   -0.18260E-01    0.12017E-01    0.13424E+00    0.20545E-01    0.81962E-02    0.84085E-01   -0.17587E-02   -0.25247E-02   -0.20321E-03   -0.20493E-02   -0.23138E-03    0.20276E-03    0.17958E-03    0.28040E-03    0.17615E-03    0.14871E-03    0.21990E-03   -0.16799E-03
   -0.71888E-06    0.44406E-04    0.71940E-05    0.81245E-04    0.16797E-02    0.43332E-04    0.31044E-03   -0.28881E+01   -0.31348E+00   -0.66232E-01    0.65178E-02    0.42735E-01   -0.17541E-01   -0.23561E-02    0.20267E-04    0.39494E-02    0.58756E-05   -0.31806E-04    0.51089E-02    0.31717E-01   -0.34768E-01    0.11121E+00    0.98568E-02   -0.18890E-01    0.91638E-01   -0.64469E-01    0.76406E+00    0.13748E+00   -0.40019E-01    0.37934E+00    0.95983E-01   -0.22560E-01    0.13974E+00    0.10371E+00    0.29969E-01   -0.17662E-01   -0.50175E-02    0.96560E+00   -0.13334E-01   -0.11135E-01   -0.26941E-02   -0.51285E-01    0.15234E-01   -0.18671E-02   -0.31180E-01    0.13952E-03    0.17498E-03    0.53972E-04    0.21883E-02    0.44056E-03    0.11607E-03    0.15393E-03    0.12510E-03    0.78374E-04    0.30643E-03    0.71303E-04    0.15690E-03
   -0.44871E-05   -0.53370E-05    0.15510E-05    0.23623E-03   -0.61240E-02    0.28662E-04    0.53502E-03   -0.40600E+00   -0.14086E+00    0.11189E-01    0.12964E-01    0.10940E+00   -0.15504E-01   -0.39746E-02    0.41884E-03    0.60655E-02    0.24572E-05   -0.65630E-04    0.37326E-02   -0.16177E-01    0.23325E-01    0.13980E-01   -0.16854E+00   -0.10832E+00   -0.21254E-01   -0.48328E-01    0.28280E+00   -0.59108E+00    0.28401E+00   -0.32364E+00    0.20503E-01    0.14131E+00    0.20689E-01   -0.25012E+00    0.17719E+00   -0.15474E-01    0.52432E-02   -0.13334E-01    0.95121E+00   -0.45509E-02    0.82246E-02   -0.13709E+00    0.35462E-01   -0.11847E-01   -0.90665E-01   -0.44268E-03   -0.12363E-02   -0.56903E-03   -0.90594E-03   -0.69829E-03   -0.22203E-04   -0.14016E-03    0.10907E-04   -0.42764E-04   -0.30177E-03   -0.60870E-04   -0.40222E-04
    0.50398E-05    0.29355E-04   -0.77755E-07    0.11829E-03    0.33838E-03   -0.55300E-04    0.29066E-03    0.20691E+01    0.17512E+00   -0.34771E+00    0.14429E-01    0.38733E+00    0.88153E-02   -0.69447E-03    0.10454E-02    0.10871E-01    0.21235E-05    0.46876E-05   -0.20009E-02   -0.28807E-01    0.78359E-01   -0.20942E+00    0.12405E+00    0.53680E-01    0.11641E-01    0.72088E-01   -0.20752E+00    0.17622E+00    0.68322E+00    0.22973E+00   -0.99266E-01    0.16531E+00   -0.77836E-01    0.16112E+00   -0.89461E-01   -0.28860E-01   -0.18260E-01   -0.11135E-01   -0.45509E-02    0.10145E+01   -0.49267E-02   -0.28795E+00    0.12595E-01   -0.15676E-01   -0.20520E+00    0.94919E-03    0.14648E-02   -0.71513E-04   -0.33699E-02   -0.25555E-02   -0.17939E-04    0.98554E-04   -0.22239E-04    0.13576E-03    0.11911E-04    0.35236E-05    0.16673E-03
    0.10788E-04   -0.22288E-04    0.52431E-05    0.24647E-03   -0.26697E-02    0.16227E-03    0.47542E-03    0.47148E-02    0.27409E+00    0.15567E+00    0.49992E-01   -0.34661E+00   -0.76100E-01   -0.19480E-02    0.64600E-02   -0.85238E-02   -0.11505E-05    0.43795E-04    0.58512E-01    0.68279E-01   -0.15538E-01   -0.70637E-02   -0.11283E-01    0.10631E-01   -0.16763E-02   -0.27550E-02   -0.16150E-02    0.33681E-02   -0.83414E-02   -0.75209E-02    0.21500E-01    0.83861E-02    0.41087E-02    0.22269E-02    0.14851E-01    0.97523E-02    0.12017E-01   -0.26941E-02    0.82246E-02   -0.49267E-02    0.33534E+00    0.21267E+00    0.30274E-01    0.14896E+00    0.51067E+00    0.11746E-01    0.14723E-01   -0.47805E-02   -0.19310E-02   -0.12008E-02    0.64953E-03    0.49890E-04    0.72131E-03    0.92729E-04   -0.33170E-03    0.10821E-03    0.15693E-02
    0.79136E-04   -0.33103E-03    0.38870E-04    0.11735E-02    0.55350E-02    0.16424E-02    0.14118E-02    0.11746E+01   -0.10988E+01    0.17664E+02   -0.12653E+00   -0.11750E+02   -0.75627E+00   -0.14902E+00   -0.10456E-02   -0.19317E+00   -0.46181E-04    0.30453E-03    0.14434E+00    0.12845E+01   -0.20739E+00    0.15575E+00   -0.87440E-01    0.22086E-01   -0.18991E-01    0.14634E-01   -0.25049E-01    0.15195E+00   -0.19646E+00    0.12109E+00    0.24518E+00    0.29814E+00   -0.56226E-01    0.15774E+00    0.21777E+00    0.15346E+00    0.13424E+00   -0.51285E-01   -0.13709E+00   -0.28795E+00    0.21267E+00    0.16204E+02    0.12813E+00    0.39737E+00    0.58943E+01   -0.27696E-02   -0.35338E-01   -0.12336E-01    0.20466E-01    0.18159E-01    0.19305E-02    0.22447E-01    0.28052E-02    0.14106E-01   -0.14011E-02    0.35514E-02   -0.65380E-02
    0.22468E-04   -0.27375E-04    0.45667E-05    0.51382E-03   -0.10768E-01    0.22208E-03    0.11154E-02    0.59232E+01    0.11229E+01   -0.80730E+00   -0.19642E+00   -0.99062E-01   -0.80772E+00   -0.95104E-02   -0.13390E-01    0.22714E-02   -0.55741E-05    0.52919E-04    0.10022E-01    0.32594E+00   -0.20322E-01   -0.13126E-01   -0.17430E-01    0.14219E-01    0.42146E-02   -0.10556E-01    0.12565E-01    0.63493E-03    0.32737E-01   -0.22333E-01    0.40148E-01    0.15549E-02    0.25986E-01    0.47081E-02   -0.40198E-02    0.11151E-01    0.20545E-01    0.15234E-01    0.35462E-01    0.12595E-01    0.30274E-01    0.12813E+00    0.22557E+01    0.48157E-02    0.22690E+00   -0.92062E-01   -0.10672E+00   -0.46914E-02    0.32776E-02    0.44686E-02   -0.52974E-03    0.10947E-02   -0.39171E-03    0.12232E-02   -0.54721E-04   -0.11279E-03    0.73475E-03
    0.23015E-04   -0.85840E-04    0.11084E-04    0.45545E-03   -0.27501E-02    0.37915E-03    0.70785E-03   -0.42637E+00   -0.22464E+00    0.47029E+00   -0.20228E-01   -0.69682E+00   -0.10299E+00   -0.35353E-02    0.37165E-02   -0.10468E-01   -0.19918E-05    0.25893E-04    0.57181E-01    0.23852E+00   -0.19962E-01   -0.36625E-02   -0.13289E-02    0.14055E-01   -0.11471E-02    0.99088E-03   -0.44493E-02    0.10552E-01   -0.18404E-01    0.55966E-02    0.18776E-01    0.14347E-01   -0.19112E-02    0.86203E-02    0.13782E-01    0.12429E-01    0.81962E-02   -0.18671E-02   -0.11847E-01   -0.15676E-01    0.14896E+00    0.39737E+00    0.48157E-02    0.23768E+00    0.36429E+00    0.64557E-02    0.14198E-01   -0.13930E-03    0.48018E-03    0.29371E-02    0.20771E-03   -0.91971E-05    0.18541E-03    0.26402E-05    0.55069E-03    0.31198E-03    0.20528E-03
    0.90288E-04   -0.36504E-03    0.92934E-04    0.12164E-02   -0.60679E-02    0.16099E-02    0.13305E-02    0.41236E+01   -0.60028E+00    0.89824E+01   -0.34415E-01   -0.77673E+01   -0.11566E+01   -0.10639E+00    0.51481E-02   -0.13765E+00   -0.23733E-04    0.37125E-03    0.19969E+00    0.17236E+01   -0.22066E+00    0.94037E-01   -0.87077E-01    0.49854E-01   -0.15889E-02   -0.43395E-01   -0.41019E-01    0.11764E+00   -0.13653E+00    0.95251E-01    0.22574E+00    0.20289E+00    0.35978E-01    0.14215E+00    0.14130E+00    0.10297E+00    0.84085E-01   -0.31180E-01   -0.90665E-01   -0.20520E+00    0.51067E+00    0.58943E+01    0.22690E+00    0.36429E+00    0.16958E+02    0.31741E-02   -0.56137E-01   -0.25586E-01    0.37806E-02   -0.87973E-02    0.21041E-02    0.31802E-02    0.21756E-02    0.14787E-02   -0.10238E-02    0.49527E-02    0.31908E-01
   -0.24277E-06    0.12479E-06    0.69508E-06   -0.12213E-04    0.81417E-03   -0.84536E-05   -0.33340E-04   -0.88791E-01   -0.37750E-02   -0.40318E-01    0.47091E-01    0.51481E-01    0.43653E-01    0.40670E-03    0.17054E-03   -0.61074E-03    0.62544E-06    0.47622E-05    0.44583E-02   -0.45587E-01   -0.11737E-02   -0.16785E-02    0.93117E-03    0.24875E-03   -0.47744E-03   -0.17587E-02   -0.90210E-03   -0.39806E-03   -0.31991E-03    0.17115E-02    0.10303E-02   -0.15639E-02   -0.13487E-02    0.32772E-04    0.96690E-03   -0.15323E-03   -0.17587E-02    0.13952E-03   -0.44268E-03    0.94919E-03    0.11746E-01   -0.27696E-02   -0.92062E-01    0.64557E-02    0.31741E-02    0.83879E-02    0.77524E-02   -0.14842E-03   -0.88557E-04   -0.10980E-03    0.27375E-04   -0.40665E-06    0.15277E-04   -0.66231E-05   -0.57359E-04    0.47758E-04    0.11446E-03
