# omegabh2 omegach2 theta tau logA ns acib217 acibsz143 asz143 aps100 aps143 aps143217 aps217 aksz kgal100 t1gal143 t1gal143217 t1gal217 galfEE100 galfEE100143 galfEE100217 galfEE143 galfEE143217 galfEE217 galfTE100 galfTE100143 galfTE100217 galfTE143 galfTE143217 galfTE217 calib_100T calib_217T
    0.2369104E-07   -0.1216586E-06    0.1651890E-07    0.5492344E-06    0.9376514E-06    0.3232831E-06   -0.1277894E-03   -0.7962735E-04   -0.1667620E-04   -0.1778798E-03   -0.1411259E-04    0.1212263E-03    0.9253067E-04   -0.5132916E-04    0.1828759E-03   -0.1008027E-03   -0.1133616E-03   -0.1217079E-03    0.1272709E-06    0.1481191E-06    0.2244937E-06    0.1183437E-06    0.2258240E-06    0.2870152E-06   -0.1451839E-05   -0.1686975E-05   -0.1838528E-05   -0.3285373E-05   -0.4616079E-05   -0.7425698E-05   -0.3137655E-07    0.2716958E-08
   -0.1216586E-06    0.1873159E-05   -0.1366454E-06   -0.6238490E-05   -0.7891743E-05   -0.4630950E-05    0.4953416E-03    0.2263710E-03   -0.6163432E-04    0.1528210E-02    0.8824829E-03    0.6246425E-04   -0.8079830E-05    0.2438517E-03   -0.1278554E-03   -0.5062519E-03   -0.3735577E-03   -0.2678545E-03   -0.1577010E-05   -0.1954675E-05   -0.2333373E-05   -0.1569626E-05   -0.2189656E-05   -0.2345445E-05    0.1242951E-04    0.1143745E-04    0.1063500E-04    0.2451777E-04    0.2996884E-04    0.4082400E-04   -0.6050378E-07   -0.4233197E-07
    0.1651890E-07   -0.1366454E-06    0.9579961E-07    0.6547031E-06    0.1055810E-05    0.4570502E-06   -0.6096640E-04   -0.1501078E-04   -0.1568147E-04   -0.2030193E-03   -0.1000415E-03   -0.8521722E-04   -0.2688817E-04    0.1960321E-04    0.8835523E-04    0.5444739E-04    0.1647188E-04    0.4418688E-05    0.1383661E-06    0.1106843E-06    0.1794091E-06    0.8294018E-07    0.1700034E-06    0.1793986E-06   -0.1404034E-05   -0.1043706E-05   -0.1459133E-05   -0.2997546E-05   -0.5105821E-05   -0.7987789E-05   -0.1821202E-08    0.7479809E-08
    0.5492344E-06   -0.6238490E-05    0.6547031E-06    0.1643336E-03    0.3159788E-03    0.2365721E-04   -0.8236160E-02   -0.5067635E-02   -0.2164916E-02   -0.3132486E-02    0.6732493E-02    0.1292639E-01    0.1022222E-01   -0.2883382E-02   -0.1001064E-01   -0.1068812E-01   -0.1388122E-01   -0.1546206E-01    0.7020248E-05    0.6692905E-05    0.8964580E-05    0.5147993E-05    0.4538644E-05    0.7616540E-05   -0.7488544E-04   -0.3512228E-04   -0.5204127E-04   -0.4192747E-04   -0.1011673E-03   -0.2522597E-03    0.7433484E-06    0.4859641E-06
    0.9376514E-06   -0.7891743E-05    0.1055810E-05    0.3159788E-03    0.6245308E-03    0.3514630E-04   -0.1787840E-01   -0.1123387E-01   -0.5507617E-02    0.8198884E-02    0.2352009E-01    0.3402797E-01    0.2751137E-01   -0.6116504E-02   -0.2599183E-01   -0.3709036E-01   -0.4310109E-01   -0.4582842E-01    0.8744928E-05    0.6487471E-05    0.9815606E-05    0.3866649E-05    0.8540102E-06    0.6081852E-05   -0.1209446E-03   -0.3998000E-04   -0.8004741E-04   -0.2333201E-04   -0.1355569E-03   -0.4178840E-03    0.3487245E-06    0.8653251E-06
    0.3232831E-06   -0.4630950E-05    0.4570502E-06    0.2365721E-04    0.3514630E-04    0.2269835E-04   -0.9015576E-02   -0.4236441E-02   -0.1241399E-02   -0.8194809E-02    0.4773065E-02    0.1166402E-01    0.1225117E-01   -0.2993728E-02   -0.1347620E-02   -0.2821057E-02   -0.4272150E-02   -0.4128419E-02    0.8225452E-05    0.8180768E-05    0.9932223E-05    0.8152971E-05    0.1010094E-04    0.1293024E-04   -0.3454167E-04   -0.2285587E-04   -0.2012179E-04   -0.3518425E-04   -0.5268704E-04   -0.1126277E-03    0.3359075E-06    0.4313463E-06
   -0.1277894E-03    0.4953416E-03   -0.6096640E-04   -0.8236160E-02   -0.1787840E-01   -0.9015576E-02    0.6350966E+02    0.2320482E+02    0.1299345E+01    0.9826004E+01   -0.2411458E+02   -0.6545408E+02   -0.8343929E+02   -0.2902505E+01   -0.3147129E+01   -0.7196993E+01   -0.1067521E+02   -0.1421645E+02   -0.1773868E-02   -0.1167286E-02   -0.2272747E-02    0.4888040E-03    0.3894092E-03   -0.1532353E-02   -0.9297576E-02   -0.1818847E-02    0.2327324E-02   -0.1380441E-01   -0.1829419E-01   -0.2740308E-01    0.3113199E-03   -0.3304671E-02
   -0.7962735E-04    0.2263710E-03   -0.1501078E-04   -0.5067635E-02   -0.1123387E-01   -0.4236441E-02    0.2320482E+02    0.1718873E+02    0.2739664E+01   -0.1709868E+02   -0.2501270E+02   -0.4316814E+02   -0.2610714E+02   -0.1355268E+01   -0.3483934E+01   -0.5213862E+01   -0.1104032E+02   -0.1186751E+02    0.4863837E-04    0.7900751E-04   -0.5463191E-04    0.8512522E-03    0.6458629E-03    0.2631705E-03   -0.6131893E-02   -0.3900842E-02    0.7703434E-02   -0.1249980E-01    0.6126910E-03    0.1210421E-01    0.1324463E-03   -0.2020423E-03
   -0.1667620E-04   -0.6163432E-04   -0.1568147E-04   -0.2164916E-02   -0.5507617E-02   -0.1241399E-02    0.1299345E+01    0.2739664E+01    0.6420516E+01   -0.4352952E+02   -0.1885041E+02   -0.5498713E+01   -0.5916669E+00   -0.3814263E+00   -0.3621634E+01   -0.1692547E+01    0.1988157E+01    0.2391253E+01    0.3891686E-04    0.3209195E-03   -0.4001398E-03   -0.1028058E-03   -0.5932248E-03    0.5957357E-03    0.4735893E-02   -0.1126461E-02    0.7702531E-03   -0.8404069E-02   -0.2980896E-02    0.1596196E-01   -0.1216979E-03    0.1702750E-03
   -0.1778798E-03    0.1528210E-02   -0.2030193E-03   -0.3132486E-02    0.8198884E-02   -0.8194809E-02    0.9826004E+01   -0.1709868E+02   -0.4352952E+02    0.7435095E+03    0.1780988E+03    0.6061296E+02    0.3409966E+01   -0.8386687E+01   -0.3816234E+02    0.3361568E+01   -0.3889221E+01   -0.6751238E+00   -0.8271728E-02   -0.6593419E-02    0.1207329E-02   -0.7353007E-02   -0.2429609E-02   -0.5086191E-02   -0.5536841E-03    0.5149110E-01    0.1126525E-01    0.1458658E+00    0.1148992E+00    0.9202184E-01   -0.8315780E-03   -0.3530929E-02
   -0.1411259E-04    0.8824829E-03   -0.1000415E-03    0.6732493E-02    0.2352009E-01    0.4773065E-02   -0.2411458E+02   -0.2501270E+02   -0.1885041E+02    0.1780988E+03    0.1236834E+03    0.9377115E+02    0.5198632E+02   -0.1062131E+02    0.3232326E+01   -0.4612277E+01    0.8245339E+00    0.4098258E+01   -0.2333562E-02   -0.3085011E-02   -0.1404040E-02   -0.2700451E-02   -0.1898800E-02   -0.3972382E-02   -0.5227497E-02    0.4554071E-01    0.2448315E-01    0.1078562E+00    0.8782472E-01    0.5240638E-01   -0.1128723E-03   -0.8370053E-03
    0.1212263E-03    0.6246425E-04   -0.8521722E-04    0.1292639E-01    0.3402797E-01    0.1166402E-01   -0.6545408E+02   -0.4316814E+02   -0.5498713E+01    0.6061296E+02    0.9377115E+02    0.1459691E+03    0.1085154E+03   -0.8396689E+01   -0.6369884E+00   -0.1207980E+01    0.8227968E+01    0.7843712E+01   -0.3939349E-03   -0.1616978E-02   -0.6452007E-03   -0.2462020E-02   -0.2789301E-02   -0.1192952E-02    0.1515890E-01    0.3921403E-01    0.2178023E-01    0.8142416E-01    0.6802851E-01    0.5092326E-01   -0.5009074E-03    0.1967518E-02
    0.9253067E-04   -0.8079830E-05   -0.2688817E-04    0.1022222E-01    0.2751137E-01    0.1225117E-01   -0.8343929E+02   -0.2610714E+02   -0.5916669E+00    0.3409966E+01    0.5198632E+02    0.1085154E+03    0.1476598E+03   -0.7902923E+01   -0.4865103E+01   -0.4268592E+01   -0.9941138E+01   -0.1209213E+02    0.2585594E-02    0.4462728E-04    0.2892334E-02   -0.9256049E-03   -0.5698559E-03    0.2624367E-02    0.1467651E-01    0.2754290E-01    0.3139082E-01    0.5910106E-01    0.8053327E-01    0.9998251E-01   -0.5555240E-03    0.5998873E-02
   -0.5132916E-04    0.2438517E-03    0.1960321E-04   -0.2883382E-02   -0.6116504E-02   -0.2993728E-02   -0.2902505E+01   -0.1355268E+01   -0.3814263E+00   -0.8386687E+01   -0.1062131E+02   -0.8396689E+01   -0.7902923E+01    0.8043090E+01   -0.1727738E+01   -0.3267354E+01   -0.4341067E+01   -0.5101864E+01   -0.8489057E-03   -0.7888262E-03   -0.1192999E-02   -0.1071411E-02   -0.1328717E-02   -0.1721381E-02    0.6444801E-02   -0.1742574E-02    0.1566207E-02   -0.7905983E-02   -0.4703210E-02    0.1011095E-01   -0.1199242E-03    0.2591464E-03
    0.1828759E-03   -0.1278554E-03    0.8835523E-04   -0.1001064E-01   -0.2599183E-01   -0.1347620E-02   -0.3147129E+01   -0.3483934E+01   -0.3621634E+01   -0.3816234E+02    0.3232326E+01   -0.6369884E+00   -0.4865103E+01   -0.1727738E+01    0.1443757E+03    0.4898238E+02    0.4696399E+02    0.4622211E+02    0.1113420E-02    0.1728514E-02    0.3446630E-02    0.1892673E-02    0.7274794E-02    0.3932425E-02   -0.1970368E-01   -0.5908247E-01   -0.4343236E-01   -0.9723823E-01   -0.1009274E+00   -0.1437480E+00   -0.1205314E-01   -0.1733937E-03
   -0.1008027E-03   -0.5062519E-03    0.5444739E-04   -0.1068812E-01   -0.3709036E-01   -0.2821057E-02   -0.7196993E+01   -0.5213862E+01   -0.1692547E+01    0.3361568E+01   -0.4612277E+01   -0.1207980E+01   -0.4268592E+01   -0.3267354E+01    0.4898238E+02    0.9580472E+02    0.9642609E+02    0.9534969E+02   -0.1001226E-02    0.3147897E-02    0.4593797E-02    0.2400256E-02    0.4731320E-02    0.1913344E-02    0.1122029E-01   -0.3782706E-01   -0.5309008E-01   -0.6534530E-01   -0.7565340E-01   -0.8928232E-01    0.3199192E-02    0.1535221E-03
   -0.1133616E-03   -0.3735577E-03    0.1647188E-04   -0.1388122E-01   -0.4310109E-01   -0.4272150E-02   -0.1067521E+02   -0.1104032E+02    0.1988157E+01   -0.3889221E+01    0.8245339E+00    0.8227968E+01   -0.9941138E+01   -0.4341067E+01    0.4696399E+02    0.9642609E+02    0.1335994E+03    0.1563347E+03   -0.7909086E-03    0.2901153E-02    0.2123525E-02    0.3989387E-03    0.1139137E-02   -0.2119488E-02    0.1515017E-01   -0.3304116E-01   -0.6465144E-01   -0.4075589E-01   -0.5235708E-01   -0.1803463E-01    0.2753837E-02   -0.4855634E-02
   -0.1217079E-03   -0.2678545E-03    0.4418688E-05   -0.1546206E-01   -0.4582842E-01   -0.4128419E-02   -0.1421645E+02   -0.1186751E+02    0.2391253E+01   -0.6751238E+00    0.4098258E+01    0.7843712E+01   -0.1209213E+02   -0.5101864E+01    0.4622211E+02    0.9534969E+02    0.1563347E+03    0.2028101E+03    0.2168728E-03    0.2935068E-02    0.1153245E-02    0.1332918E-03   -0.6817527E-03   -0.4156727E-02    0.1367694E-01   -0.3148341E-01   -0.6026613E-01   -0.2627310E-01   -0.2265857E-01    0.4828589E-01    0.2533760E-02   -0.9254542E-02
    0.1272709E-06   -0.1577010E-05    0.1383661E-06    0.7020248E-05    0.8744928E-05    0.8225452E-05   -0.1773868E-02    0.4863837E-04    0.3891686E-04   -0.8271728E-02   -0.2333562E-02   -0.3939349E-03    0.2585594E-02   -0.8489057E-03    0.1113420E-02   -0.1001226E-02   -0.7909086E-03    0.2168728E-03    0.6759616E-04    0.2236763E-04    0.2689215E-04    0.1077647E-04    0.1404770E-04    0.1222003E-04   -0.8606091E-04   -0.4683746E-04   -0.5732889E-04    0.2332077E-04    0.2039301E-04   -0.4726493E-04    0.8493695E-07   -0.5532910E-07
    0.1481191E-06   -0.1954675E-05    0.1106843E-06    0.6692905E-05    0.6487471E-05    0.8180768E-05   -0.1167286E-02    0.7900751E-04    0.3209195E-03   -0.6593419E-02   -0.3085011E-02   -0.1616978E-02    0.4462728E-04   -0.7888262E-03    0.1728514E-02    0.3147897E-02    0.2901153E-02    0.2935068E-02    0.2236763E-04    0.4045693E-04    0.3595750E-04    0.3056268E-04    0.3049633E-04    0.2791028E-04   -0.4326982E-04   -0.7943009E-04   -0.7109763E-04   -0.9579693E-04   -0.9926492E-04   -0.1243978E-03    0.3362709E-06    0.1535873E-06
    0.2244937E-06   -0.2333373E-05    0.1794091E-06    0.8964580E-05    0.9815606E-05    0.9932223E-05   -0.2272747E-02   -0.5463191E-04   -0.4001398E-03    0.1207329E-02   -0.1404040E-02   -0.6452007E-03    0.2892334E-02   -0.1192999E-02    0.3446630E-02    0.4593797E-02    0.2123525E-02    0.1153245E-02    0.2689215E-04    0.3595750E-04    0.1176321E-03    0.2617021E-04    0.6255277E-04    0.1100155E-03   -0.7184160E-04   -0.9406629E-04   -0.1225137E-03   -0.6414296E-04   -0.1598730E-03   -0.3942673E-03    0.2733202E-06    0.4019253E-06
    0.1183437E-06   -0.1569626E-05    0.8294018E-07    0.5147993E-05    0.3866649E-05    0.8152971E-05    0.4888040E-03    0.8512522E-03   -0.1028058E-03   -0.7353007E-02   -0.2700451E-02   -0.2462020E-02   -0.9256049E-03   -0.1071411E-02    0.1892673E-02    0.2400256E-02    0.3989387E-03    0.1332918E-03    0.1077647E-04    0.3056268E-04    0.2617021E-04    0.8804551E-04    0.5698336E-04    0.4259623E-04   -0.3955022E-04   -0.8696287E-04   -0.4894542E-04   -0.1934236E-03   -0.1573234E-03   -0.1283701E-03    0.3941702E-06    0.1106371E-06
    0.2258240E-06   -0.2189656E-05    0.1700034E-06    0.4538644E-05    0.8540102E-06    0.1010094E-04    0.3894092E-03    0.6458629E-03   -0.5932248E-03   -0.2429609E-02   -0.1898800E-02   -0.2789301E-02   -0.5698559E-03   -0.1328717E-02    0.7274794E-02    0.4731320E-02    0.1139137E-02   -0.6817527E-03    0.1404770E-04    0.3049633E-04    0.6255277E-04    0.5698336E-04    0.1295983E-03    0.1654327E-03   -0.3988718E-04   -0.8628232E-04   -0.9946622E-04   -0.1751036E-03   -0.2351159E-03   -0.4532356E-03   -0.1426889E-08    0.3677172E-06
    0.2870152E-06   -0.2345445E-05    0.1793986E-06    0.7616540E-05    0.6081852E-05    0.1293024E-04   -0.1532353E-02    0.2631705E-03    0.5957357E-03   -0.5086191E-02   -0.3972382E-02   -0.1192952E-02    0.2624367E-02   -0.1721381E-02    0.3932425E-02    0.1913344E-02   -0.2119488E-02   -0.4156727E-02    0.1222003E-04    0.2791028E-04    0.1100155E-03    0.4259623E-04    0.1654327E-03    0.6633675E-03   -0.7637500E-04   -0.6633883E-04   -0.1922479E-03   -0.1784696E-03   -0.4286278E-03   -0.7457691E-03    0.8386693E-07    0.4796543E-06
   -0.1451839E-05    0.1242951E-04   -0.1404034E-05   -0.7488544E-04   -0.1209446E-03   -0.3454167E-04   -0.9297576E-02   -0.6131893E-02    0.4735893E-02   -0.5536841E-03   -0.5227497E-02    0.1515890E-01    0.1467651E-01    0.6444801E-02   -0.1970368E-01    0.1122029E-01    0.1515017E-01    0.1367694E-01   -0.8606091E-04   -0.4326982E-04   -0.7184160E-04   -0.3955022E-04   -0.3988718E-04   -0.7637500E-04    0.1375892E-01    0.8842169E-02    0.1026739E-01    0.1833434E-02    0.2478461E-02    0.4243490E-02    0.2289932E-05    0.2504298E-07
   -0.1686975E-05    0.1143745E-04   -0.1043706E-05   -0.3512228E-04   -0.3998000E-04   -0.2285587E-04   -0.1818847E-02   -0.3900842E-02   -0.1126461E-02    0.5149110E-01    0.4554071E-01    0.3921403E-01    0.2754290E-01   -0.1742574E-02   -0.5908247E-01   -0.3782706E-01   -0.3304116E-01   -0.3148341E-01   -0.4683746E-04   -0.7943009E-04   -0.9406629E-04   -0.8696287E-04   -0.8628232E-04   -0.6633883E-04    0.8842169E-02    0.1235677E-01    0.1391165E-01    0.8481179E-02    0.8283895E-02    0.7976806E-02    0.4827750E-05    0.6392711E-07
   -0.1838528E-05    0.1063500E-04   -0.1459133E-05   -0.5204127E-04   -0.8004741E-04   -0.2012179E-04    0.2327324E-02    0.7703434E-02    0.7702531E-03    0.1126525E-01    0.2448315E-01    0.2178023E-01    0.3139082E-01    0.1566207E-02   -0.4343236E-01   -0.5309008E-01   -0.6465144E-01   -0.6026613E-01   -0.5732889E-04   -0.7109763E-04   -0.1225137E-03   -0.4894542E-04   -0.9946622E-04   -0.1922479E-03    0.1026739E-01    0.1391165E-01    0.2666464E-01    0.4470147E-02    0.1176174E-01    0.2328122E-01    0.3268174E-05    0.5788922E-06
   -0.3285373E-05    0.2451777E-04   -0.2997546E-05   -0.4192747E-04   -0.2333201E-04   -0.3518425E-04   -0.1380441E-01   -0.1249980E-01   -0.8404069E-02    0.1458658E+00    0.1078562E+00    0.8142416E-01    0.5910106E-01   -0.7905983E-02   -0.9723823E-01   -0.6534530E-01   -0.4075589E-01   -0.2627310E-01    0.2332077E-04   -0.9579693E-04   -0.6414296E-04   -0.1934236E-03   -0.1751036E-03   -0.1784696E-03    0.1833434E-02    0.8481179E-02    0.4470147E-02    0.2274788E-01    0.2024064E-01    0.1311799E-01    0.4561318E-05   -0.1581250E-05
   -0.4616079E-05    0.2996884E-04   -0.5105821E-05   -0.1011673E-03   -0.1355569E-03   -0.5268704E-04   -0.1829419E-01    0.6126910E-03   -0.2980896E-02    0.1148992E+00    0.8782472E-01    0.6802851E-01    0.8053327E-01   -0.4703210E-02   -0.1009274E+00   -0.7565340E-01   -0.5235708E-01   -0.2265857E-01    0.2039301E-04   -0.9926492E-04   -0.1598730E-03   -0.1573234E-03   -0.2351159E-03   -0.4286278E-03    0.2478461E-02    0.8283895E-02    0.1176174E-01    0.2024064E-01    0.3014381E-01    0.4091451E-01    0.5839478E-05   -0.1626939E-05
   -0.7425698E-05    0.4082400E-04   -0.7987789E-05   -0.2522597E-03   -0.4178840E-03   -0.1126277E-03   -0.2740308E-01    0.1210421E-01    0.1596196E-01    0.9202184E-01    0.5240638E-01    0.5092326E-01    0.9998251E-01    0.1011095E-01   -0.1437480E+00   -0.8928232E-01   -0.1803463E-01    0.4828589E-01   -0.4726493E-04   -0.1243978E-03   -0.3942673E-03   -0.1283701E-03   -0.4532356E-03   -0.7457691E-03    0.4243490E-02    0.7976806E-02    0.2328122E-01    0.1311799E-01    0.4091451E-01    0.1025064E+00    0.9817746E-05   -0.5868797E-05
   -0.3137655E-07   -0.6050378E-07   -0.1821202E-08    0.7433484E-06    0.3487245E-06    0.3359075E-06    0.3113199E-03    0.1324463E-03   -0.1216979E-03   -0.8315780E-03   -0.1128723E-03   -0.5009074E-03   -0.5555240E-03   -0.1199242E-03   -0.1205314E-01    0.3199192E-02    0.2753837E-02    0.2533760E-02    0.8493695E-07    0.3362709E-06    0.2733202E-06    0.3941702E-06   -0.1426889E-08    0.8386693E-07    0.2289932E-05    0.4827750E-05    0.3268174E-05    0.4561318E-05    0.5839478E-05    0.9817746E-05    0.2162618E-05    0.3269110E-07
    0.2716958E-08   -0.4233197E-07    0.7479809E-08    0.4859641E-06    0.8653251E-06    0.4313463E-06   -0.3304671E-02   -0.2020423E-03    0.1702750E-03   -0.3530929E-02   -0.8370053E-03    0.1967518E-02    0.5998873E-02    0.2591464E-03   -0.1733937E-03    0.1535221E-03   -0.4855634E-02   -0.9254542E-02   -0.5532910E-07    0.1535873E-06    0.4019253E-06    0.1106371E-06    0.3677172E-06    0.4796543E-06    0.2504298E-07    0.6392711E-07    0.5788922E-06   -0.1581250E-05   -0.1626939E-05   -0.5868797E-05    0.3269110E-07    0.1328051E-05
