# omegabh2 omegach2 theta tau Alens logA ns calPlanck aps100 aps143 aps217 acib217 asz143 psr cibr xi aksz dust100 dust143 dust217 dust143x217 cal0 cal2 calTE calEE
  3.7215522E-08  -1.9400911E-07   2.9827719E-08   1.2155769E-07   7.6127020E-06  -1.2607742E-07   5.9856072E-07  -5.3071200E-09  -8.1933948E-04  -4.6275311E-04   1.5460208E-04  -2.2174038E-04   3.0649139E-05   2.0061280E-06  -3.6340712E-06   1.9668367E-06  -6.9337809E-05   2.1916145E-07  -1.1339153E-06   5.9184905E-07  -1.5647171E-06   4.1440806E-09  -1.7688683E-08  -3.0464840E-07  -3.2535546E-07
 -1.9400911E-07   2.4142741E-06  -2.3930858E-07  -1.6766999E-06  -5.7673066E-05   1.9277432E-06  -6.2141415E-06  -7.5114437E-08   3.6957238E-03   2.2453469E-03  -9.0636874E-04   1.1208774E-03  -1.4554151E-04  -8.3701618E-06   1.6638740E-05  -8.8186792E-06   3.9808311E-04  -8.8644033E-07   7.1381129E-06  -1.9455991E-06   9.9831118E-06  -3.7690574E-08   1.0401377E-07   1.3226105E-06  -1.6120814E-08
  2.9827719E-08  -2.3930858E-07   1.1181248E-07   1.3244358E-07   7.5567847E-06  -1.6882762E-07   7.6975933E-07   3.5917940E-09  -4.5401252E-04  -2.9076364E-04   4.4261560E-05  -9.8909412E-05   1.3714241E-05   1.0794128E-06  -1.8232758E-06   1.0513801E-06  -4.9129675E-05  -4.9613768E-07  -1.4195060E-07  -4.2823760E-07  -2.0808040E-06   1.1315536E-09  -1.6039337E-08  -2.2775035E-07  -5.2416827E-08
  1.2155769E-07  -1.6766999E-06   1.3244358E-07   6.6257116E-05  -1.0237262E-04   1.2875817E-04   6.1376400E-06   3.1780771E-07  -4.6728969E-03  -2.4309815E-03   1.3746153E-03  -1.4313876E-03  -8.6802689E-05   1.2749064E-05  -5.3582890E-05   1.2940115E-05  -4.9624744E-04  -9.4900469E-06  -4.6140479E-06   6.5904762E-07  -5.0432409E-06  -5.5409146E-08  -1.6378569E-07  -1.1467738E-06  -6.1985140E-07
  7.6127020E-06  -5.7673066E-05   7.5567847E-06  -1.0237262E-04   5.1272164E-03  -3.4582892E-04   1.8161485E-04  -1.3330373E-05  -2.8055265E-01  -1.2785965E-01   7.7270944E-02  -7.9644867E-02   7.8462216E-03   7.6852256E-04  -1.3242075E-03   1.0169868E-03  -2.3718706E-02  -2.1708113E-05  -6.0928195E-04   1.4801466E-04  -6.3244742E-04   1.1980920E-06  -8.0471671E-06  -1.4835411E-04  -5.9982837E-05
 -1.2607742E-07   1.9277432E-06  -1.6882762E-07   1.2875817E-04  -3.4582892E-04   2.9014997E-04  -3.0312883E-06   1.2840390E-05   6.7520087E-03   2.5759402E-03   8.9500873E-03  -1.7882205E-03  -5.6296143E-04   2.6980469E-05  -1.2668966E-04   3.6052649E-05  -1.1144359E-03  -4.4186100E-05  -7.9510001E-05   1.9617989E-05  -8.0007515E-06   4.7232867E-07  -2.3509884E-07   7.1131619E-07   1.6440972E-06
  5.9856072E-07  -6.2141415E-06   7.6975933E-07   6.1376400E-06   1.8161485E-04  -3.0312883E-06   2.6228832E-05   1.9177025E-07  -3.1556903E-02  -1.2436580E-02   1.0101357E-02  -8.2174169E-03   8.9148362E-04   8.2928890E-05  -1.3593754E-04   8.4733802E-05  -2.8345317E-03   8.1220659E-06  -4.4554062E-05   2.9022109E-05  -4.5072868E-05  -2.7509537E-07  -5.8399219E-07  -5.1272037E-06  -4.6147048E-06
 -5.3071200E-09  -7.5114437E-08   3.5917940E-09   3.1780771E-07  -1.3330373E-05   1.2840390E-05   1.9177025E-07   6.1984904E-06   4.5504316E-03   8.6906723E-04   1.4786049E-03   5.0305098E-04  -5.0833189E-05  -4.1693704E-06   7.9290328E-07  -7.6436285E-06  -3.5539883E-06  -3.0883268E-06   5.3938360E-06   5.5947525E-06  -2.0916166E-06   4.3421199E-09  -7.2773015E-08   1.8256484E-08   3.0145687E-07
 -8.1933948E-04   3.6957238E-03  -4.5401252E-04  -4.6728969E-03  -2.8055265E-01   6.7520087E-03  -3.1556903E-02   4.5504316E-03   6.1947188E+02   6.2693746E+01  -5.3701880E+01   3.1327690E+01  -2.6069485E+01  -8.8665621E-01  -2.8616635E-01  -3.9565690E-01   1.2155072E+01  -8.1046580E-02   2.9268194E-01  -2.6249609E-01  -1.5123146E-01   6.7185691E-03   2.6545274E-03   1.0798056E-02   1.2511573E-02
 -4.6275311E-04   2.2453469E-03  -2.9076364E-04  -2.4309815E-03  -1.2785965E-01   2.5759402E-03  -1.2436580E-02   8.6906723E-04   6.2693746E+01   6.6987094E+01   8.6071940E+00   6.8218073E+00  -7.0783962E-01  -7.3384636E-02   4.4236724E-01   8.5333955E-01  -7.2056158E+00  -9.8292054E-03  -2.1375149E-01   5.7949442E-02   9.3797029E-02   9.2531952E-04   8.5845109E-04   6.2017308E-03   7.3611582E-03
  1.5460208E-04  -9.0636874E-04   4.4261560E-05   1.3746153E-03   7.7270944E-02   8.9500873E-03   1.0101357E-02   1.4786049E-03  -5.3701880E+01   8.6071940E+00   1.7068680E+02  -8.1412073E+01   2.7262177E+00   3.1222686E-01  -1.0385092E+00   3.9138824E-01  -7.2495749E+00  -3.7749721E-02  -2.6743073E-01   5.6070413E-01  -5.1287999E-02   1.7727111E-03  -7.4297951E-03   2.4432698E-04   1.9978280E-03
 -2.2174038E-04   1.1208774E-03  -9.8909412E-05  -1.4313876E-03  -7.9644867E-02  -1.7882205E-03  -8.2174169E-03   5.0305098E-04   3.1327690E+01   6.8218073E+00  -8.1412073E+01   5.0851760E+01   1.2287210E+00  -3.8783350E-02   7.1432638E-01  -2.6457750E-01  -1.9857427E+00   1.7468175E-02   1.6690276E-01  -4.4912185E-01  -7.9041260E-02  -6.1444611E-04   3.0040236E-03   1.7534146E-03   1.1083504E-03
  3.0649139E-05  -1.4554151E-04   1.3714241E-05  -8.6802689E-05   7.8462216E-03  -5.6296143E-04   8.9148362E-04  -5.0833189E-05  -2.6069485E+01  -7.0783962E-01   2.7262177E+00   1.2287210E+00   4.2578796E+00   1.0544881E-01   1.5426225E-01  -1.9362931E-02  -3.3143394E+00  -7.3984202E-03  -5.5953844E-03   1.3584400E-02   5.7485087E-02   4.3273146E-04  -2.4895409E-04  -4.2197248E-04  -4.1898899E-04
  2.0061280E-06  -8.3701618E-06   1.0794128E-06   1.2749064E-05   7.6852256E-04   2.6980469E-05   8.2928890E-05  -4.1693704E-06  -8.8665621E-01  -7.3384636E-02   3.1222686E-01  -3.8783350E-02   1.0544881E-01   1.7598908E-02  -1.7698472E-02   1.2466917E-02  -9.9293632E-02  -6.0551438E-04  -1.0355513E-03  -2.9442342E-03   5.1235910E-03   1.8473661E-05  -3.9703666E-05  -1.7773591E-05  -1.0134002E-05
 -3.6340712E-06   1.6638740E-05  -1.8232758E-06  -5.3582890E-05  -1.3242075E-03  -1.2668966E-04  -1.3593754E-04   7.9290328E-07  -2.8616635E-01   4.4236724E-01  -1.0385092E+00   7.1432638E-01   1.5426225E-01  -1.7698472E-02   7.1435836E-02   3.6952225E-03  -1.4904927E-01   1.3553147E-03   7.2682052E-03   7.9396665E-05  -1.6961594E-02  -1.2187184E-05   9.8494046E-05   3.0176406E-05   1.9014354E-05
  1.9668367E-06  -8.8186792E-06   1.0513801E-06   1.2940115E-05   1.0169868E-03   3.6052649E-05   8.4733802E-05  -7.6436285E-06  -3.9565690E-01   8.5333955E-01   3.9138824E-01  -2.6457750E-01  -1.9362931E-02   1.2466917E-02   3.6952225E-03   8.2118769E-02   2.0522689E-02  -1.2278588E-04   1.5402085E-04   6.6227050E-04   9.3200583E-04   1.6173281E-05  -1.3981858E-05  -1.8950981E-05   1.4739227E-05
 -6.9337809E-05   3.9808311E-04  -4.9129675E-05  -4.9624744E-04  -2.3718706E-02  -1.1144359E-03  -2.8345317E-03  -3.5539883E-06   1.2155072E+01  -7.2056158E+00  -7.2495749E+00  -1.9857427E+00  -3.3143394E+00  -9.9293632E-02  -1.4904927E-01   2.0522689E-02   6.9592133E+00   4.7492384E-03   4.3048550E-03  -7.6038868E-03  -4.4833233E-02  -3.5649088E-04   9.4746938E-05   3.7627512E-04  -5.7631589E-05
  2.1916145E-07  -8.8644033E-07  -4.9613768E-07  -9.4900469E-06  -2.1708113E-05  -4.4186100E-05   8.1220659E-06  -3.0883268E-06  -8.1046580E-02  -9.8292054E-03  -3.7749721E-02   1.7468175E-02  -7.3984202E-03  -6.0551438E-04   1.3553147E-03  -1.2278588E-04   4.7492384E-03   3.8287955E-02   2.8676391E-03  -1.4139034E-04  -6.4275382E-05   3.5974087E-05  -8.5870762E-07  -1.1016056E-05  -2.2104062E-05
 -1.1339153E-06   7.1381129E-06  -1.4195060E-07  -4.6140479E-06  -6.0928195E-04  -7.9510001E-05  -4.4554062E-05   5.3938360E-06   2.9268194E-01  -2.1375149E-01  -2.6743073E-01   1.6690276E-01  -5.5953844E-03  -1.0355513E-03   7.2682052E-03   1.5402085E-04   4.3048550E-03   2.8676391E-03   3.0463429E-02  -9.0943745E-04   5.0546647E-03  -8.1854014E-05  -4.4530600E-05  -6.1606646E-05  -6.5495806E-05
  5.9184905E-07  -1.9455991E-06  -4.2823760E-07   6.5904762E-07   1.4801466E-04   1.9617989E-05   2.9022109E-05   5.5947525E-06  -2.6249609E-01   5.7949442E-02   5.6070413E-01  -4.4912185E-01   1.3584400E-02  -2.9442342E-03   7.9396665E-05   6.6227050E-04  -7.6038868E-03  -1.4139034E-04  -9.0943745E-04   1.0732995E-02   8.1586885E-03   4.4595090E-06   6.2203972E-05  -2.5059158E-06  -7.5955073E-07
 -1.5647171E-06   9.9831118E-06  -2.0808040E-06  -5.0432409E-06  -6.3244742E-04  -8.0007515E-06  -4.5072868E-05  -2.0916166E-06  -1.5123146E-01   9.3797029E-02  -5.1287999E-02  -7.9041260E-02   5.7485087E-02   5.1235910E-03  -1.6961594E-02   9.3200583E-04  -4.4833233E-02  -6.4275382E-05   5.0546647E-03   8.1586885E-03   2.5775877E-02  -2.3487646E-06   5.7445375E-05  -6.4800967E-06  -2.0833236E-06
  4.1440806E-09  -3.7690574E-08   1.1315536E-09  -5.5409146E-08   1.1980920E-06   4.7232867E-07  -2.7509537E-07   4.3421199E-09   6.7185691E-03   9.2531952E-04   1.7727111E-03  -6.1444611E-04   4.3273146E-04   1.8473661E-05  -1.2187184E-05   1.6173281E-05  -3.5649088E-04   3.5974087E-05  -8.1854014E-05   4.4595090E-06  -2.3487646E-06   1.1157288E-06   3.9941883E-08   3.6768319E-07   6.1788457E-07
 -1.7688683E-08   1.0401377E-07  -1.6039337E-08  -1.6378569E-07  -8.0471671E-06  -2.3509884E-07  -5.8399219E-07  -7.2773015E-08   2.6545274E-03   8.5845109E-04  -7.4297951E-03   3.0040236E-03  -2.4895409E-04  -3.9703666E-05   9.8494046E-05  -1.3981858E-05   9.4746938E-05  -8.5870762E-07  -4.4530600E-05   6.2203972E-05   5.7445375E-05   3.9941883E-08   2.4250439E-06   4.4471375E-07   2.3343384E-07
 -3.0464840E-07   1.3226105E-06  -2.2775035E-07  -1.1467738E-06  -1.4835411E-04   7.1131619E-07  -5.1272037E-06   1.8256484E-08   1.0798056E-02   6.2017308E-03   2.4432698E-04   1.7534146E-03  -4.2197248E-04  -1.7773591E-05   3.0176406E-05  -1.8950981E-05   3.7627512E-04  -1.1016056E-05  -6.1606646E-05  -2.5059158E-06  -6.4800967E-06   3.6768319E-07   4.4471375E-07   2.8115067E-05   9.7750525E-06
 -3.2535546E-07  -1.6120814E-08  -5.2416827E-08  -6.1985140E-07  -5.9982837E-05   1.6440972E-06  -4.6147048E-06   3.0145687E-07   1.2511573E-02   7.3611582E-03   1.9978280E-03   1.1083504E-03  -4.1898899E-04  -1.0134002E-05   1.9014354E-05   1.4739227E-05  -5.7631589E-05  -2.2104062E-05  -6.5495806E-05  -7.5955073E-07  -2.0833236E-06   6.1788457E-07   2.3343384E-07   9.7750525E-06   2.4432709E-05
