# omegabh2 omegach2 theta tau logA ns aps100 aps143 aps217 acib143 acib217 asz143 psr cibr ncib xi aksz cal0 cal2 bm_1_1
    0.5239388E-07   -0.1209020E-06    0.3643195E-07    0.2924286E-05    0.5681681E-05    0.5744036E-06   -0.4449874E-03   -0.3251875E-03    0.2963470E-03   -0.1748699E-03   -0.3440130E-03   -0.1211145E-04    0.1159189E-05   -0.5169738E-05   -0.3460355E-05    0.3151486E-05   -0.8880197E-04    0.6864966E-08   -0.6863874E-08   -0.3480857E-05
   -0.1209020E-06    0.1967815E-05   -0.1245890E-06   -0.1633500E-04   -0.2775742E-04   -0.5020541E-05    0.2834962E-02    0.8989512E-03   -0.4173974E-03    0.3059110E-03    0.6951226E-03    0.6574592E-04   -0.3046819E-05    0.1708994E-04    0.4576485E-05   -0.6276205E-05    0.1815251E-03   -0.2724720E-07    0.1080968E-06    0.4352164E-04
    0.3643195E-07   -0.1245890E-06    0.2025892E-06    0.2648021E-05    0.5164682E-05    0.7067802E-06    0.7181586E-04   -0.1005708E-03    0.1092367E-04    0.4796927E-05   -0.4050321E-04   -0.1637322E-04   -0.3179596E-06   -0.4833695E-06   -0.1593882E-05    0.7807437E-06   -0.9996487E-04    0.6141136E-08   -0.2408165E-07   -0.9945160E-05
    0.2924286E-05   -0.1633500E-04    0.2648021E-05    0.8901553E-03    0.1740233E-02    0.9689973E-04   -0.1333679E+00   -0.1781532E-01    0.6486186E-01   -0.2317779E-01   -0.4569565E-01   -0.4517992E-02    0.2710289E-03   -0.8995043E-03   -0.3429334E-03    0.5199997E-03   -0.1820902E-01    0.4935387E-06   -0.2065784E-06   -0.7018829E-03
    0.5681681E-05   -0.2775742E-04    0.5164682E-05    0.1740233E-02    0.3419692E-02    0.1805923E-03   -0.2603248E+00   -0.2829499E-01    0.1367080E+00   -0.4812965E-01   -0.9230970E-01   -0.9632246E-02    0.5527067E-03   -0.1827156E-02   -0.6636142E-03    0.1082838E-02   -0.3780291E-01    0.1140173E-05    0.1475840E-05   -0.7620190E-03
    0.5744036E-06   -0.5020541E-05    0.7067802E-06    0.9689973E-04    0.1805923E-03    0.3093823E-04   -0.3186339E-01   -0.2738737E-02    0.1813563E-01   -0.6245263E-02   -0.1148522E-01   -0.1281533E-02    0.4996867E-04   -0.2098235E-03   -0.9904419E-04    0.1048131E-03   -0.4500029E-02   -0.1015136E-06    0.6546637E-06    0.2981684E-04
   -0.4449874E-03    0.2834962E-02    0.7181586E-04   -0.1333679E+00   -0.2603248E+00   -0.3186339E-01    0.2402529E+04    0.8226694E+02   -0.1116880E+03    0.6138877E+02    0.7364525E+02   -0.5651197E+02   -0.9107912E+00   -0.1121212E+01    0.6653737E+00    0.1232603E+00   -0.1238673E+02    0.2526179E-02   -0.3053112E-02    0.1098553E+02
   -0.3251875E-03    0.8989512E-03   -0.1005708E-03   -0.1781532E-01   -0.2829499E-01   -0.2738737E-02    0.8226694E+02    0.1058011E+03    0.2803465E+02   -0.1548851E+02   -0.6077108E+00   -0.6474271E+01   -0.1508578E+00    0.3986126E-01    0.5371654E-01    0.1004580E+01   -0.1153356E+02    0.5749143E-03    0.7180522E-03    0.2110965E+00
    0.2963470E-03   -0.4173974E-03    0.1092367E-04    0.6486186E-01    0.1367080E+00    0.1813563E-01   -0.1116880E+03    0.2803465E+02    0.2788990E+03   -0.2698440E+02   -0.1276587E+03    0.1633847E+01    0.1183769E+00   -0.1362092E+01   -0.1601465E+01    0.6510904E+00   -0.1115886E+02    0.2356036E-03   -0.1973097E-02    0.2465606E+00
   -0.1748699E-03    0.3059110E-03    0.4796927E-05   -0.2317779E-01   -0.4812965E-01   -0.6245263E-02    0.6138877E+02   -0.1548851E+02   -0.2698440E+02    0.2156981E+02    0.1722941E+02   -0.1649597E+01    0.2209501E-02   -0.2225017E-02    0.2143534E+00    0.1183430E+00   -0.9129942E+00   -0.1708669E-03   -0.1426921E-02   -0.2646614E+00
   -0.3440130E-03    0.6951226E-03   -0.4050321E-04   -0.4569565E-01   -0.9230970E-01   -0.1148522E-01    0.7364525E+02   -0.6077108E+00   -0.1276587E+03    0.1722941E+02    0.7073127E+02    0.1231071E+00    0.1458254E-01    0.6301980E+00    0.1004043E+01   -0.3609236E+00   -0.1014994E+01    0.3216601E-05    0.3229918E-03    0.1982963E-01
   -0.1211145E-04    0.6574592E-04   -0.1637322E-04   -0.4517992E-02   -0.9632246E-02   -0.1281533E-02   -0.5651197E+02   -0.6474271E+01    0.1633847E+01   -0.1649597E+01    0.1231071E+00    0.6957216E+01    0.7782385E-01    0.2468456E+00    0.6548710E-02   -0.6251844E-01   -0.2608669E+00    0.5076899E-05   -0.6843408E-03    0.1582385E+00
    0.1159189E-05   -0.3046819E-05   -0.3179596E-06    0.2710289E-03    0.5527067E-03    0.4996867E-04   -0.9107912E+00   -0.1508578E+00    0.1183769E+00    0.2209501E-02    0.1458254E-01    0.7782385E-01    0.1368202E-01   -0.7436166E-02    0.4551221E-02    0.7132867E-02   -0.2621456E-01    0.2163809E-05   -0.2603412E-04    0.2814549E-02
   -0.5169738E-05    0.1708994E-04   -0.4833695E-06   -0.8995043E-03   -0.1827156E-02   -0.2098235E-03   -0.1121212E+01    0.3986126E-01   -0.1362092E+01   -0.2225017E-02    0.6301980E+00    0.2468456E+00   -0.7436166E-02    0.5217922E-01   -0.1527307E-02    0.3542103E-02   -0.1086831E-01   -0.6257906E-05    0.8650145E-04    0.4834651E-02
   -0.3460355E-05    0.4576485E-05   -0.1593882E-05   -0.3429334E-03   -0.6636142E-03   -0.9904419E-04    0.6653737E+00    0.5371654E-01   -0.1601465E+01    0.2143534E+00    0.1004043E+01    0.6548710E-02    0.4551221E-02   -0.1527307E-02    0.2445127E-01   -0.2296607E-02   -0.1440607E-01    0.3473584E-05   -0.8197080E-04    0.8046251E-02
    0.3151486E-05   -0.6276205E-05    0.7807437E-06    0.5199997E-03    0.1082838E-02    0.1048131E-03    0.1232603E+00    0.1004580E+01    0.6510904E+00    0.1183430E+00   -0.3609236E+00   -0.6251844E-01    0.7132867E-02    0.3542103E-02   -0.2296607E-02    0.8055892E-01    0.1477781E-02    0.1200157E-05   -0.2079718E-04    0.3209276E-02
   -0.8880197E-04    0.1815251E-03   -0.9996487E-04   -0.1820902E-01   -0.3780291E-01   -0.4500029E-02   -0.1238673E+02   -0.1153356E+02   -0.1115886E+02   -0.9129942E+00   -0.1014994E+01   -0.2608669E+00   -0.2621456E-01   -0.1086831E-01   -0.1440607E-01    0.1477781E-02    0.8355661E+01   -0.2460131E-04   -0.1174934E-03   -0.3767240E-01
    0.6864966E-08   -0.2724720E-07    0.6141136E-08    0.4935387E-06    0.1140173E-05   -0.1015136E-06    0.2526179E-02    0.5749143E-03    0.2356036E-03   -0.1708669E-03    0.3216601E-05    0.5076899E-05    0.2163809E-05   -0.6257906E-05    0.3473584E-05    0.1200157E-05   -0.2460131E-04    0.8619128E-06    0.6814827E-07   -0.1110193E-03
   -0.6863874E-08    0.1080968E-06   -0.2408165E-07   -0.2065784E-06    0.1475840E-05    0.6546637E-06   -0.3053112E-02    0.7180522E-03   -0.1973097E-02   -0.1426921E-02    0.3229918E-03   -0.6843408E-03   -0.2603412E-04    0.8650145E-04   -0.8197080E-04   -0.2079718E-04   -0.1174934E-03    0.6814827E-07    0.5710373E-05    0.2250071E-03
   -0.3480857E-05    0.4352164E-04   -0.9945160E-05   -0.7018829E-03   -0.7620190E-03    0.2981684E-04    0.1098553E+02    0.2110965E+00    0.2465606E+00   -0.2646614E+00    0.1982963E-01    0.1582385E+00    0.2814549E-02    0.4834651E-02    0.8046251E-02    0.3209276E-02   -0.3767240E-01   -0.1110193E-03    0.2250071E-03    0.2610490E+00
