# omegabh2 omegach2 theta tau alpha1 logA ns calPlanck galfTE100 galfTE100143 galfTE100217 galfTE143 galfTE143217 galfTE217 cal0
    0.6083883E-07   -0.1232178E-06    0.1113760E-07    0.1307208E-05   -0.3561754E-07    0.3123862E-05    0.1121493E-05    0.1068948E-07   -0.7581318E-06   -0.3836003E-06   -0.8215919E-06   -0.1683904E-06   -0.6552024E-06   -0.2453255E-05    0.2244087E-09
   -0.1232178E-06    0.9811088E-05   -0.1955057E-05   -0.3779780E-05   -0.3301444E-05    0.2522213E-04   -0.3400586E-04   -0.2255234E-06    0.2242284E-04    0.8264955E-05   -0.3186892E-05    0.1735915E-05   -0.1302817E-05    0.1409216E-04   -0.1116855E-07
    0.1113760E-07   -0.1955057E-05    0.7058866E-06   -0.4678557E-06    0.9183174E-06   -0.7952538E-05    0.8033430E-05    0.1084214E-08   -0.4966822E-05   -0.1851152E-05    0.1409522E-05   -0.3189518E-06    0.9754983E-06    0.1529198E-06   -0.1456563E-08
    0.1307208E-05   -0.3779780E-05   -0.4678557E-06    0.4455126E-03   -0.2384694E-05    0.9317347E-03    0.6816277E-04   -0.1612632E-05   -0.2800518E-04   -0.1345255E-04   -0.3418296E-04   -0.5724309E-05    0.1786513E-04    0.1447157E-04    0.2132999E-06
   -0.3561754E-07   -0.3301444E-05    0.9183174E-06   -0.2384694E-05    0.2078384E-05   -0.1756433E-04    0.1403425E-04    0.8203261E-07   -0.8888205E-05   -0.2834208E-05    0.3314551E-05    0.1479636E-07    0.1593372E-05    0.3257072E-05    0.2940983E-08
    0.3123862E-05    0.2522213E-04   -0.7952538E-05    0.9317347E-03   -0.1756433E-04    0.2135597E-02    0.5040742E-04    0.9242887E-05    0.1781954E-04    0.1012824E-05   -0.1025040E-03   -0.9405236E-05    0.2878522E-04    0.8911084E-04    0.6129704E-06
    0.1121493E-05   -0.3400586E-04    0.8033430E-05    0.6816277E-04    0.1403425E-04    0.5040742E-04    0.2136128E-03    0.1497048E-05   -0.1108995E-03   -0.4171292E-04   -0.9977637E-06   -0.1102738E-04    0.1815125E-04    0.2291162E-04   -0.3291603E-07
    0.1068948E-07   -0.2255234E-06    0.1084214E-08   -0.1612632E-05    0.8203261E-07    0.9242887E-05    0.1497048E-05    0.6236279E-05   -0.7588845E-06    0.5860580E-06   -0.3361432E-05    0.3977945E-06   -0.3095734E-05   -0.5538324E-05    0.2551800E-07
   -0.7581318E-06    0.2242284E-04   -0.4966822E-05   -0.2800518E-04   -0.8888205E-05    0.1781954E-04   -0.1108995E-03   -0.7588845E-06    0.5805117E-02    0.1814778E-02    0.1681335E-02   -0.6607389E-03   -0.9328587E-04   -0.1164615E-04    0.4945271E-06
   -0.3836003E-06    0.8264955E-05   -0.1851152E-05   -0.1345255E-04   -0.2834208E-05    0.1012824E-05   -0.4171292E-04    0.5860580E-06    0.1814778E-02    0.1227868E-02    0.7657926E-03    0.2221163E-03    0.1169988E-04   -0.1799101E-03    0.4066232E-06
   -0.8215919E-06   -0.3186892E-05    0.1409522E-05   -0.3418296E-04    0.3314551E-05   -0.1025040E-03   -0.9977637E-06   -0.3361432E-05    0.1681335E-02    0.7657926E-03    0.3354448E-01   -0.5875105E-03    0.1592159E-02    0.1109905E-01    0.3093522E-05
   -0.1683904E-06    0.1735915E-05   -0.3189518E-06   -0.5724309E-05    0.1479636E-07   -0.9405236E-05   -0.1102738E-04    0.3977945E-06   -0.6607389E-03    0.2221163E-03   -0.5875105E-03    0.1392216E-02    0.1699526E-03   -0.3576450E-03    0.2399144E-06
   -0.6552024E-06   -0.1302817E-05    0.9754983E-06    0.1786513E-04    0.1593372E-05    0.2878522E-04    0.1815125E-04   -0.3095734E-05   -0.9328587E-04    0.1169988E-04    0.1592159E-02    0.1699526E-03    0.5166060E-02    0.4129860E-02   -0.4258004E-06
   -0.2453255E-05    0.1409216E-04    0.1529198E-06    0.1447157E-04    0.3257072E-05    0.8911084E-04    0.2291162E-04   -0.5538324E-05   -0.1164615E-04   -0.1799101E-03    0.1109905E-01   -0.3576450E-03    0.4129860E-02    0.3585853E-01   -0.8006251E-06
    0.2244087E-09   -0.1116855E-07   -0.1456563E-08    0.2132999E-06    0.2940983E-08    0.6129704E-06   -0.3291603E-07    0.2551800E-07    0.4945271E-06    0.4066232E-06    0.3093522E-05    0.2399144E-06   -0.4258004E-06   -0.8006251E-06    0.9803971E-06
