# omegabh2 omegach2 theta tau meffsterile nnu logA ns calPlanck aps100 aps143 aps217 acib217 asz143 psr xi aksz dust100 dust143 dust217 dust143x217 cal0 cal2 bm_1_1
    0.5778566E-07    0.2694794E-06    0.1679255E-09    0.2089955E-05    0.2457760E-05    0.2325152E-04    0.4711930E-05    0.1302209E-05    0.1018077E-07   -0.3280301E-03   -0.2024173E-03    0.4393611E-04   -0.8833582E-04    0.1961961E-04    0.3045094E-06    0.6899384E-06   -0.2737443E-04    0.9281181E-06    0.1923654E-06    0.1226213E-05    0.4553554E-06    0.1805567E-08    0.8205125E-09   -0.1286809E-05
    0.2694794E-06    0.1416706E-04   -0.8778089E-06    0.1302444E-04   -0.3356082E-03    0.5780421E-03    0.4860934E-04    0.2087960E-04    0.2158215E-07    0.1402349E-01    0.6863931E-02   -0.4046017E-02    0.4239814E-02   -0.5993843E-03   -0.7563258E-05   -0.4178227E-04    0.1214607E-02    0.1410491E-04    0.1480649E-06   -0.2652378E-04    0.2167086E-04    0.4585134E-07    0.5287262E-06    0.2891183E-04
    0.1679255E-09   -0.8778089E-06    0.2342162E-06    0.7517561E-07    0.1200080E-04   -0.4488326E-04   -0.1275783E-05   -0.1372048E-05    0.1313224E-07   -0.1253800E-02   -0.6482729E-03    0.3133078E-03   -0.3690509E-03    0.4934854E-04    0.2599794E-06    0.2575783E-05   -0.1032796E-03   -0.1134372E-05    0.1370176E-06    0.2940886E-05   -0.1518304E-05   -0.5721506E-08   -0.3405470E-07   -0.4050203E-05
    0.2089955E-05    0.1302444E-04    0.7517561E-07    0.2918946E-03    0.2653110E-03    0.1506391E-02    0.5837285E-03    0.9712237E-04   -0.3986123E-05   -0.5932233E-02   -0.4798403E-04   -0.2867091E-02    0.1255951E-02    0.4485410E-03    0.1575279E-04   -0.4576847E-04   -0.1748499E-03    0.2512830E-04    0.5635016E-04   -0.1355026E-04    0.3575245E-04   -0.3998418E-06    0.2134586E-06   -0.4627438E-04
    0.2457760E-05   -0.3356082E-03    0.1200080E-04    0.2653110E-03    0.3024191E-01   -0.2260637E-02    0.2842193E-03   -0.2135649E-03    0.2337237E-06   -0.1203447E+00   -0.9302311E-02    0.8275209E-01   -0.3308308E-01    0.7243300E-02    0.5400651E-03    0.5995443E-03   -0.1675238E-01   -0.3264341E-03   -0.2332690E-03    0.3308455E-03    0.4770118E-04   -0.1052515E-05   -0.7107818E-06   -0.5662357E-03
    0.2325152E-04    0.5780421E-03   -0.4488326E-04    0.1506391E-02   -0.2260637E-02    0.3489479E-01    0.4052222E-02    0.1407649E-02    0.2651948E-05    0.7192157E+00    0.3661304E+00   -0.1908837E+00    0.2173660E+00   -0.2963100E-01   -0.1648109E-03   -0.1756151E-02    0.5985376E-01    0.7443171E-03   -0.7525402E-04   -0.1297302E-02    0.1207810E-02    0.2829539E-05    0.2900931E-04    0.8889821E-03
    0.4711930E-05    0.4860934E-04   -0.1275783E-05    0.5837285E-03    0.2842193E-03    0.4052222E-02    0.1238996E-02    0.2249880E-03    0.4491130E-05    0.2107460E-01    0.1501277E-01   -0.6075189E-02    0.1017757E-01   -0.1054551E-04    0.4606370E-04   -0.1353654E-03    0.8328757E-03    0.5959502E-04    0.4776361E-04   -0.4678262E-04    0.9230880E-04   -0.2216077E-06    0.1361646E-05   -0.6540246E-04
    0.1302209E-05    0.2087960E-04   -0.1372048E-05    0.9712237E-04   -0.2135649E-03    0.1407649E-02    0.2249880E-03    0.7904917E-04    0.1875417E-06    0.2043617E-02    0.5725284E-02    0.2276697E-02    0.1314659E-02   -0.2718130E-03    0.3267990E-04    0.2039846E-04   -0.1980344E-03    0.6671161E-04    0.7678961E-05    0.3753931E-05    0.2254701E-04   -0.2620812E-06    0.4474666E-06    0.5774277E-04
    0.1018077E-07    0.2158215E-07    0.1313224E-07   -0.3986123E-05    0.2337237E-06    0.2651948E-05    0.4491130E-05    0.1875417E-06    0.6251877E-05    0.3909634E-02    0.7609153E-03    0.1011297E-02    0.8655727E-03    0.1961009E-04    0.9969932E-06   -0.6267132E-06   -0.2077062E-04    0.2403561E-05    0.1294241E-05    0.4032273E-05   -0.7627633E-05    0.3717415E-08   -0.3967236E-07   -0.4751127E-05
   -0.3280301E-03    0.1402349E-01   -0.1253800E-02   -0.5932233E-02   -0.1203447E+00    0.7192157E+00    0.2107460E-01    0.2043617E-02    0.3909634E-02    0.5065067E+03    0.7175977E+02   -0.6164082E+02    0.3814985E+02   -0.2073913E+02   -0.7133591E+00   -0.3611576E-01    0.9043292E+01   -0.1002128E+00    0.5769651E-01   -0.1043145E+00   -0.1366581E+00    0.5955199E-02    0.7942824E-02    0.1220097E+01
   -0.2024173E-03    0.6863931E-02   -0.6482729E-03   -0.4798403E-04   -0.9302311E-02    0.3661304E+00    0.1501277E-01    0.5725284E-02    0.7609153E-03    0.7175977E+02    0.6010368E+02    0.9149091E+01    0.7689143E+01   -0.2461417E+01    0.2034130E+00    0.7088797E+00   -0.5459890E+01   -0.2836941E-01   -0.1640296E+00   -0.7417812E-01    0.1424209E+00    0.4195907E-03   -0.3220858E-03   -0.2520399E-01
    0.4393611E-04   -0.4046017E-02    0.3133078E-03   -0.2867091E-02    0.8275209E-01   -0.1908837E+00   -0.6075189E-02    0.2276697E-02    0.1011297E-02   -0.6164082E+02    0.9149091E+01    0.1703827E+03   -0.7894771E+02    0.4311832E+01    0.4505903E+00    0.4430701E+00   -0.9073874E+01   -0.5944384E-02   -0.6285494E-01    0.6250755E+00   -0.9581297E-01    0.1237385E-02   -0.1128707E-01    0.6817239E-02
   -0.8833582E-04    0.4239814E-02   -0.3690509E-03    0.1255951E-02   -0.3308308E-01    0.2173660E+00    0.1017757E-01    0.1314659E-02    0.8655727E-03    0.3814985E+02    0.7689143E+01   -0.7894771E+02    0.4731795E+02    0.2306377E+00   -0.7383098E-01   -0.3466897E+00   -0.9785318E+00    0.1993243E-02    0.4584889E-01   -0.4834213E+00   -0.1200235E-01   -0.2896470E-03    0.5064024E-02   -0.1937796E-01
    0.1961961E-04   -0.5993843E-03    0.4934854E-04    0.4485410E-03    0.7243300E-02   -0.2963100E-01   -0.1054551E-04   -0.2718130E-03    0.1961009E-04   -0.2073913E+02   -0.2461417E+01    0.4311832E+01    0.2306377E+00    0.3343394E+01    0.1184134E+00   -0.8517460E-01   -0.2735385E+01   -0.3449599E-02   -0.1744579E-01   -0.3992928E-01    0.5155157E-01    0.3805643E-03   -0.9530764E-03    0.1447469E-01
    0.3045094E-06   -0.7563258E-05    0.2599794E-06    0.1575279E-04    0.5400651E-03   -0.1648109E-03    0.4606370E-04    0.3267990E-04    0.9969932E-06   -0.7133591E+00    0.2034130E+00    0.4505903E+00   -0.7383098E-01    0.1184134E+00    0.1062492E-01    0.1319665E-01   -0.1420094E+00   -0.1245838E-03   -0.1689311E-03   -0.1284311E-02    0.3537726E-03    0.1697322E-04   -0.3560083E-04    0.2050542E-03
    0.6899384E-06   -0.4178227E-04    0.2575783E-05   -0.4576847E-04    0.5995443E-03   -0.1756151E-02   -0.1353654E-03    0.2039846E-04   -0.6267132E-06   -0.3611576E-01    0.7088797E+00    0.4430701E+00   -0.3466897E+00   -0.8517460E-01    0.1319665E-01    0.7971119E-01    0.7693319E-01   -0.2953585E-04    0.5936438E-04    0.4835506E-03    0.9355929E-03    0.7716000E-05   -0.3093782E-04    0.4885569E-03
   -0.2737443E-04    0.1214607E-02   -0.1032796E-03   -0.1748499E-03   -0.1675238E-01    0.5985376E-01    0.8328757E-03   -0.1980344E-03   -0.2077062E-04    0.9043292E+01   -0.5459890E+01   -0.9073874E+01   -0.9785318E+00   -0.2735385E+01   -0.1420094E+00    0.7693319E-01    0.6688586E+01   -0.2022175E-02    0.1349738E-01    0.3773865E-01   -0.4965992E-01   -0.3028668E-03    0.7011278E-03   -0.1208575E-01
    0.9281181E-06    0.1410491E-04   -0.1134372E-05    0.2512830E-04   -0.3264341E-03    0.7443171E-03    0.5959502E-04    0.6671161E-04    0.2403561E-05   -0.1002128E+00   -0.2836941E-01   -0.5944384E-02    0.1993243E-02   -0.3449599E-02   -0.1245838E-03   -0.2953585E-04   -0.2022175E-02    0.3686720E-01    0.3624769E-02   -0.1937691E-03    0.1909569E-03    0.3966183E-04   -0.5971611E-05   -0.6774415E-03
    0.1923654E-06    0.1480649E-06    0.1370176E-06    0.5635016E-04   -0.2332690E-03   -0.7525402E-04    0.4776361E-04    0.7678961E-05    0.1294241E-05    0.5769651E-01   -0.1640296E+00   -0.6285494E-01    0.4584889E-01   -0.1744579E-01   -0.1689311E-03    0.5936438E-04    0.1349738E-01    0.3624769E-02    0.3317843E-01   -0.2829369E-02    0.2972535E-02   -0.5928164E-04   -0.6143755E-04    0.5415894E-03
    0.1226213E-05   -0.2652378E-04    0.2940886E-05   -0.1355026E-04    0.3308455E-03   -0.1297302E-02   -0.4678262E-04    0.3753931E-05    0.4032273E-05   -0.1043145E+00   -0.7417812E-01    0.6250755E+00   -0.4834213E+00   -0.3992928E-01   -0.1284311E-02    0.4835506E-03    0.3773865E-01   -0.1937691E-03   -0.2829369E-02    0.1341024E-01    0.1139600E-01   -0.5874362E-07    0.6616854E-04    0.5267443E-03
    0.4553554E-06    0.2167086E-04   -0.1518304E-05    0.3575245E-04    0.4770118E-04    0.1207810E-02    0.9230880E-04    0.2254701E-04   -0.7627633E-05   -0.1366581E+00    0.1424209E+00   -0.9581297E-01   -0.1200235E-01    0.5155157E-01    0.3537726E-03    0.9355929E-03   -0.4965992E-01    0.1909569E-03    0.2972535E-02    0.1139600E-01    0.3162356E-01    0.4261068E-05    0.9238374E-04    0.1709043E-02
    0.1805567E-08    0.4585134E-07   -0.5721506E-08   -0.3998418E-06   -0.1052515E-05    0.2829539E-05   -0.2216077E-06   -0.2620812E-06    0.3717415E-08    0.5955199E-02    0.4195907E-03    0.1237385E-02   -0.2896470E-03    0.3805643E-03    0.1697322E-04    0.7716000E-05   -0.3028668E-03    0.3966183E-04   -0.5928164E-04   -0.5874362E-07    0.4261068E-05    0.9266943E-06   -0.6727203E-07   -0.7393580E-04
    0.8205125E-09    0.5287262E-06   -0.3405470E-07    0.2134586E-06   -0.7107818E-06    0.2900931E-04    0.1361646E-05    0.4474666E-06   -0.3967236E-07    0.7942824E-02   -0.3220858E-03   -0.1128707E-01    0.5064024E-02   -0.9530764E-03   -0.3560083E-04   -0.3093782E-04    0.7011278E-03   -0.5971611E-05   -0.6143755E-04    0.6616854E-04    0.9238374E-04   -0.6727203E-07    0.3143988E-05   -0.7914687E-05
   -0.1286809E-05    0.2891183E-04   -0.4050203E-05   -0.4627438E-04   -0.5662357E-03    0.8889821E-03   -0.6540246E-04    0.5774277E-04   -0.4751127E-05    0.1220097E+01   -0.2520399E-01    0.6817239E-02   -0.1937796E-01    0.1447469E-01    0.2050542E-03    0.4885569E-03   -0.1208575E-01   -0.6774415E-03    0.5415894E-03    0.5267443E-03    0.1709043E-02   -0.7393580E-04   -0.7914687E-05    0.1004318E+01
