# omegabh2 omegach2 theta tau logA ns calPlanck galfEE100 galfEE100143 galfEE100217 galfEE143 galfEE143217 galfEE217
    0.1645772E-05   -0.5114106E-05    0.4063635E-06    0.3549816E-05    0.1404242E-04    0.1199689E-04    0.7558372E-07   -0.2759825E-06   -0.8338819E-07    0.1577855E-06   -0.1356602E-06    0.4154549E-06    0.1280143E-05
   -0.5114106E-05    0.2150681E-04   -0.1567174E-05   -0.2033844E-04   -0.3961416E-04   -0.4818934E-04   -0.4238904E-07   -0.3599679E-05   -0.1409126E-05   -0.2773302E-06   -0.1290625E-05   -0.1869466E-05   -0.4610903E-05
    0.4063635E-06   -0.1567174E-05    0.8067671E-06    0.1091016E-05    0.1835777E-05    0.4131901E-05   -0.3112305E-07    0.9025917E-07    0.7305439E-07   -0.1620884E-07    0.5573462E-07    0.1586948E-06   -0.2371789E-06
    0.3549816E-05   -0.2033844E-04    0.1091016E-05    0.4843817E-03    0.9532468E-03    0.8153219E-04   -0.4895398E-06    0.1691445E-04    0.5080688E-05   -0.2377477E-05    0.5404092E-05   -0.1345988E-05   -0.1990676E-05
    0.1404242E-04   -0.3961416E-04    0.1835777E-05    0.9532468E-03    0.2044164E-02    0.1809997E-03    0.1280200E-04    0.1554122E-04    0.3297948E-05   -0.2066012E-05    0.4793907E-05   -0.4493334E-05   -0.1451171E-04
    0.1199689E-04   -0.4818934E-04    0.4131901E-05    0.8153219E-04    0.1809997E-03    0.1831528E-03   -0.1196524E-06    0.2553620E-04    0.9261399E-05    0.8221841E-06    0.9361132E-05    0.2390047E-05    0.1712292E-05
    0.7558372E-07   -0.4238904E-07   -0.3112305E-07   -0.4895398E-06    0.1280200E-04   -0.1196524E-06    0.6170951E-05    0.9046642E-06    0.1356040E-06    0.6948978E-06    0.7074535E-06    0.2714749E-06   -0.1233293E-05
   -0.2759825E-06   -0.3599679E-05    0.9025917E-07    0.1691445E-04    0.1554122E-04    0.2553620E-04    0.9046642E-06    0.1385206E-03    0.1391604E-04   -0.2294848E-06    0.5889585E-05   -0.7028424E-06   -0.2227684E-05
   -0.8338819E-07   -0.1409126E-05    0.7305439E-07    0.5080688E-05    0.3297948E-05    0.9261399E-05    0.1356040E-06    0.1391604E-04    0.1537911E-04   -0.8607914E-06    0.7953765E-05   -0.5596597E-06   -0.1788271E-05
    0.1577855E-06   -0.2773302E-06   -0.1620884E-07   -0.2377477E-05   -0.2066012E-05    0.8221841E-06    0.6948978E-06   -0.2294848E-06   -0.8607914E-06    0.2266354E-03   -0.4820414E-06    0.3786289E-06   -0.1165866E-04
   -0.1356602E-06   -0.1290625E-05    0.5573462E-07    0.5404092E-05    0.4793907E-05    0.9361132E-05    0.7074535E-06    0.5889585E-05    0.7953765E-05   -0.4820414E-06    0.3164296E-04   -0.7058024E-06   -0.1912159E-05
    0.4154549E-06   -0.1869466E-05    0.1586948E-06   -0.1345988E-05   -0.4493334E-05    0.2390047E-05    0.2714749E-06   -0.7028424E-06   -0.5596597E-06    0.3786289E-06   -0.7058024E-06    0.3981812E-03   -0.1675308E-05
    0.1280143E-05   -0.4610903E-05   -0.2371789E-06   -0.1990676E-05   -0.1451171E-04    0.1712292E-05   -0.1233293E-05   -0.2227684E-05   -0.1788271E-05   -0.1165866E-04   -0.1912159E-05   -0.1675308E-05    0.3509680E-02
