# omegabh2 omegach2 theta tau nnu logA ns acib217 acibsz143 asz143 aps100 aps143 aps143217 aps217 aksz kgal100 t1gal143 t1gal143217 t1gal217 galfEE100 galfEE100143 galfEE100217 galfEE143 galfEE143217 galfEE217 galfTE100 galfTE100143 galfTE100217 galfTE143 galfTE143217 galfTE217 calib_100T calib_217T
    0.6601599E-07    0.4512869E-06   -0.4209798E-07    0.1218317E-05    0.4316370E-04    0.3511383E-05    0.1962701E-05    0.1048423E-03    0.4221915E-05    0.5080320E-04   -0.6498725E-03   -0.2812877E-03   -0.1978652E-03   -0.3289715E-03    0.5650120E-04    0.9649798E-03    0.7106629E-03    0.7972243E-03    0.7872443E-03    0.3267919E-06    0.3679571E-06    0.3180655E-06    0.3287533E-06    0.3431363E-06    0.3144547E-06   -0.2332017E-05   -0.2663729E-05   -0.5595084E-05   -0.5039845E-05   -0.8046364E-05   -0.1467367E-04   -0.5028995E-07   -0.1151758E-07
    0.4512869E-06    0.1000671E-04   -0.1032104E-05   -0.1571963E-05    0.6150297E-03    0.1888016E-04    0.1728676E-04    0.6576338E-02    0.2621353E-02    0.5884788E-03   -0.2148129E-02   -0.3628658E-02   -0.7691725E-02   -0.9229594E-02    0.1725967E-02    0.1179007E-01    0.1283855E-01    0.1327519E-01    0.1301062E-01    0.1257410E-05    0.2570337E-06   -0.1656903E-05    0.1015384E-05   -0.8284909E-06   -0.1413881E-05   -0.1558021E-04   -0.1678857E-04   -0.3930374E-04   -0.2429585E-04   -0.4390618E-04   -0.6190530E-04   -0.1764719E-06   -0.3299039E-06
   -0.4209798E-07   -0.1032104E-05    0.1842338E-06    0.4082731E-06   -0.6534957E-04   -0.1355093E-05   -0.1766969E-05   -0.5665098E-03   -0.2459271E-03   -0.5660052E-04   -0.2233298E-03    0.3742845E-03    0.7862987E-03    0.8373385E-03   -0.1874655E-03   -0.1228580E-02   -0.1589507E-02   -0.1663217E-02   -0.1666958E-02   -0.2004005E-06   -0.1728934E-06    0.5485158E-07   -0.2141984E-06    0.7045707E-07    0.2515345E-06    0.1348516E-05    0.2004321E-05    0.4997075E-05    0.2123399E-05    0.3666499E-05    0.3489291E-05    0.1365835E-07    0.3340173E-07
    0.1218317E-05   -0.1571963E-05    0.4082731E-06    0.1381579E-03    0.5577850E-03    0.2704915E-03    0.5199707E-04   -0.7490299E-02   -0.1502082E-02    0.1251927E-02   -0.3883600E-01   -0.9259465E-02   -0.1048176E-02    0.4747829E-02    0.1930991E-03    0.4067691E-02    0.2782682E-02    0.3751599E-02    0.3250789E-02    0.1272164E-04    0.1620611E-04    0.9348834E-05    0.1124066E-04    0.1300292E-04    0.1557807E-04   -0.7118398E-04   -0.8197962E-04   -0.9645653E-04   -0.7350425E-04   -0.9897919E-04   -0.2437256E-03   -0.6012148E-07    0.6177139E-06
    0.4316370E-04    0.6150297E-03   -0.6534957E-04    0.5577850E-03    0.4569216E-01    0.2440074E-02    0.1644790E-02    0.3595485E+00    0.1470623E+00    0.5225853E-01   -0.3726038E+00   -0.3425454E+00   -0.5203184E+00   -0.5995197E+00    0.1195447E+00    0.8747658E+00    0.9533318E+00    0.1011408E+01    0.1007665E+01    0.1931926E-03    0.1933683E-03    0.5894949E-04    0.2209539E-03    0.1136501E-03    0.2973198E-04   -0.1708651E-02   -0.1787034E-02   -0.3938162E-02   -0.2747496E-02   -0.4676140E-02   -0.7736923E-02   -0.1368282E-04   -0.2006100E-04
    0.3511383E-05    0.1888016E-04   -0.1355093E-05    0.2704915E-03    0.2440074E-02    0.5857208E-03    0.1397601E-03   -0.1686750E-02    0.1725975E-02    0.3538951E-02   -0.7515393E-01   -0.1929253E-01   -0.1148722E-01   -0.4634206E-02    0.3491531E-02    0.2273343E-01    0.1136190E-01    0.1525456E-01    0.1401389E-01    0.2597184E-04    0.3010218E-04    0.1077776E-04    0.2180832E-04    0.2156676E-04    0.2404657E-04   -0.1659836E-03   -0.1812479E-03   -0.2630662E-03   -0.2008883E-03   -0.2982026E-03   -0.6201277E-03   -0.1551762E-05    0.4071132E-06
    0.1962701E-05    0.1728676E-04   -0.1766969E-05    0.5199707E-04    0.1644790E-02    0.1397601E-03    0.8479432E-04    0.1173794E-02    0.7388660E-03    0.8487387E-03   -0.2792591E-01   -0.9697957E-02   -0.7573427E-02   -0.6917622E-02    0.1662263E-02    0.2647783E-01    0.2620915E-01    0.2779051E-01    0.2881889E-01    0.1527190E-04    0.1878824E-04    0.1346357E-04    0.1653452E-04    0.1525547E-04    0.5961217E-05   -0.1030143E-03   -0.9152529E-04   -0.1799981E-03   -0.1353231E-03   -0.2082912E-03   -0.3558751E-03   -0.3175148E-06   -0.2749159E-06
    0.1048423E-03    0.6576338E-02   -0.5665098E-03   -0.7490299E-02    0.3595485E+00   -0.1686750E-02    0.1173794E-02    0.7018548E+02    0.2704351E+02    0.2803203E+01   -0.2879811E+01   -0.2902757E+02   -0.7215492E+02   -0.8872444E+02   -0.2824994E+01    0.7198821E+01   -0.6770743E+01   -0.1007556E+02   -0.1466548E+02   -0.2493622E-02   -0.2821253E-02   -0.5635443E-02    0.5528426E-02   -0.3569190E-04   -0.1494297E-02   -0.3694612E-02    0.1401077E-01    0.4350960E-01    0.2894609E-01    0.3718579E-01   -0.5073123E-01   -0.8180089E-03   -0.3128006E-02
    0.4221915E-05    0.2621353E-02   -0.2459271E-03   -0.1502082E-02    0.1470623E+00    0.1725975E-02    0.7388660E-03    0.2704351E+02    0.1922666E+02    0.2950092E+01   -0.1669066E+02   -0.2565601E+02   -0.4689515E+02   -0.2968406E+02   -0.1439337E+01   -0.3425266E+01   -0.7886230E+01   -0.1416705E+02   -0.1557358E+02   -0.8180587E-03   -0.9699492E-03   -0.1722774E-02    0.2607320E-02    0.1476322E-02   -0.1500713E-03   -0.1728977E-01   -0.4848761E-03    0.1559135E-01    0.1778173E-01    0.2562951E-01   -0.3862492E-02   -0.1699448E-03   -0.1458112E-03
    0.5080320E-04    0.5884788E-03   -0.5660052E-04    0.1251927E-02    0.5225853E-01    0.3538951E-02    0.8487387E-03    0.2803203E+01    0.2950092E+01    0.6198747E+01   -0.3953993E+02   -0.1763022E+02   -0.5550605E+01   -0.1947762E+01   -0.4109130E+00   -0.3451562E+01   -0.3521444E+01    0.9476199E-01    0.2917913E+00    0.6921371E-03    0.1028375E-02    0.1632196E-02    0.4662599E-03    0.1907303E-02    0.1687799E-02   -0.8410838E-02   -0.2095011E-01   -0.4072050E-01   -0.2889355E-01   -0.4009143E-01   -0.7051582E-01   -0.4257830E-03    0.9751122E-04
   -0.6498725E-03   -0.2148129E-02   -0.2233298E-03   -0.3883600E-01   -0.3726038E+00   -0.7515393E-01   -0.2792591E-01   -0.2879811E+01   -0.1669066E+02   -0.3953993E+02    0.7417325E+03    0.1791329E+03    0.7247420E+02    0.3034329E+02   -0.1381531E+02   -0.3701029E+02    0.7588249E+01    0.4174884E+01    0.1252524E+02   -0.2263925E-01   -0.1929017E-01   -0.3393514E-01   -0.1870480E-01   -0.2087216E-01   -0.8757680E-02    0.2010830E+00    0.2899083E+00    0.4187079E+00    0.2271443E+00    0.3035051E+00    0.5313972E+00    0.6694648E-03   -0.3734797E-02
   -0.2812877E-03   -0.3628658E-02    0.3742845E-03   -0.9259465E-02   -0.3425454E+00   -0.1929253E-01   -0.9697957E-02   -0.2902757E+02   -0.2565601E+02   -0.1763022E+02    0.1791329E+03    0.1190909E+03    0.9470587E+02    0.5790457E+02   -0.1014623E+02   -0.6663183E+01   -0.9281167E+01   -0.3710220E+01    0.5979268E+00   -0.5697322E-02   -0.7610459E-02   -0.1014551E-01   -0.1087977E-01   -0.9887163E-02   -0.7412539E-02    0.5439051E-01    0.1155974E+00    0.1626234E+00    0.1338467E+00    0.1826075E+00    0.3549509E+00    0.7796455E-03   -0.8633695E-03
   -0.1978652E-03   -0.7691725E-02    0.7862987E-03   -0.1048176E-02   -0.5203184E+00   -0.1148722E-01   -0.7573427E-02   -0.7215492E+02   -0.4689515E+02   -0.5550605E+01    0.7247420E+02    0.9470587E+02    0.1533020E+03    0.1153862E+03   -0.7965553E+01   -0.1083396E+02   -0.6876782E+01    0.2957233E+01    0.3573738E+01    0.5088774E-04   -0.1491771E-02    0.7533904E-03   -0.1139322E-01   -0.5287596E-02   -0.3646589E-02    0.4167791E-01    0.3343143E-01    0.1693699E-01    0.7168604E-02    0.3059432E-01    0.1608215E+00    0.2065007E-04    0.1704551E-02
   -0.3289715E-03   -0.9229594E-02    0.8373385E-03    0.4747829E-02   -0.5995197E+00   -0.4634206E-02   -0.6917622E-02   -0.8872444E+02   -0.2968406E+02   -0.1947762E+01    0.3034329E+02    0.5790457E+02    0.1153862E+03    0.1523688E+03   -0.7966201E+01   -0.2843654E+02   -0.1760138E+02   -0.2381710E+02   -0.2500534E+02    0.1167327E-02    0.1028559E-02    0.4768371E-02   -0.1024992E-01   -0.6368641E-03   -0.3379907E-02    0.1352900E-01    0.1814127E-01   -0.8854682E-03    0.2633301E-01    0.4427496E-01    0.1700742E+00    0.6794445E-03    0.5589089E-02
    0.5650120E-04    0.1725967E-02   -0.1874655E-03    0.1930991E-03    0.1195447E+00    0.3491531E-02    0.1662263E-02   -0.2824994E+01   -0.1439337E+01   -0.4109130E+00   -0.1381531E+02   -0.1014623E+02   -0.7965553E+01   -0.7966201E+01    0.7795876E+01    0.2696824E+01    0.1197554E+01    0.2940871E+00   -0.4123356E+00    0.3411172E-03    0.1264376E-03   -0.5298309E-03    0.1589184E-03   -0.1231998E-02    0.1803489E-02   -0.2112891E-02   -0.8847748E-02   -0.1584909E-01   -0.1316200E-01   -0.2894087E-01   -0.3449619E-01   -0.9016432E-04    0.2293349E-03
    0.9649798E-03    0.1179007E-01   -0.1228580E-02    0.4067691E-02    0.8747658E+00    0.2273343E-01    0.2647783E-01    0.7198821E+01   -0.3425266E+01   -0.3451562E+01   -0.3701029E+02   -0.6663183E+01   -0.1083396E+02   -0.2843654E+02    0.2696824E+01    0.1786248E+03    0.9104083E+02    0.8819559E+02    0.8440222E+02    0.2929739E-02    0.1770391E-02    0.4936597E-02    0.6472136E-02    0.6235097E-02    0.1777569E-01    0.6659554E-01   -0.7236323E-01   -0.4158475E-01   -0.1440907E+00   -0.1041866E+00   -0.1499529E-01   -0.1264734E-01   -0.5437564E-03
    0.7106629E-03    0.1283855E-01   -0.1589507E-02    0.2782682E-02    0.9533318E+00    0.1136190E-01    0.2620915E-01   -0.6770743E+01   -0.7886230E+01   -0.3521444E+01    0.7588249E+01   -0.9281167E+01   -0.6876782E+01   -0.1760138E+02    0.1197554E+01    0.9104083E+02    0.1565858E+03    0.1568637E+03    0.1551914E+03    0.5454581E-02    0.3397316E-02    0.8865622E-02    0.4554690E-02   -0.6775794E-03    0.3214893E-02   -0.7243904E-02   -0.1195230E+00   -0.1711622E+00   -0.1156563E+00   -0.1699727E+00   -0.2912462E+00    0.4015396E-02   -0.6976440E-04
    0.7972243E-03    0.1327519E-01   -0.1663217E-02    0.3751599E-02    0.1011408E+01    0.1525456E-01    0.2779051E-01   -0.1007556E+02   -0.1416705E+02    0.9476199E-01    0.4174884E+01   -0.3710220E+01    0.2957233E+01   -0.2381710E+02    0.2940871E+00    0.8819559E+02    0.1568637E+03    0.1932824E+03    0.2145148E+03    0.5966059E-02    0.4240294E-02    0.7749125E-02    0.6156376E-02    0.9335615E-03    0.3438182E-02    0.4486161E-02   -0.1048921E+00   -0.1924390E+00   -0.1220143E+00   -0.1788040E+00   -0.2429362E+00    0.3484924E-02   -0.4988324E-02
    0.7872443E-03    0.1301062E-01   -0.1666958E-02    0.3250789E-02    0.1007665E+01    0.1401389E-01    0.2881889E-01   -0.1466548E+02   -0.1557358E+02    0.2917913E+00    0.1252524E+02    0.5979268E+00    0.3573738E+01   -0.2500534E+02   -0.4123356E+00    0.8440222E+02    0.1551914E+03    0.2145148E+03    0.2583605E+03    0.6832786E-02    0.3933885E-02    0.6302028E-02    0.7247412E-02    0.9948764E-03    0.1862856E-02   -0.1940237E-04   -0.8168662E-01   -0.1646889E+00   -0.1025402E+00   -0.1294369E+00   -0.1008536E+00    0.3414787E-02   -0.9093258E-02
    0.3267919E-06    0.1257410E-05   -0.2004005E-06    0.1272164E-04    0.1931926E-03    0.2597184E-04    0.1527190E-04   -0.2493622E-02   -0.8180587E-03    0.6921371E-03   -0.2263925E-01   -0.5697322E-02    0.5088774E-04    0.1167327E-02    0.3411172E-03    0.2929739E-02    0.5454581E-02    0.5966059E-02    0.6832786E-02    0.7334485E-04    0.2657713E-04    0.3510693E-04    0.1046160E-04    0.1299559E-04    0.1584256E-04   -0.1376035E-03   -0.1368122E-03   -0.1407111E-03   -0.9817832E-04   -0.1208707E-03   -0.2394354E-03    0.4410588E-06   -0.3696283E-07
    0.3679571E-06    0.2570337E-06   -0.1728934E-06    0.1620611E-04    0.1933683E-03    0.3010218E-04    0.1878824E-04   -0.2821253E-02   -0.9699492E-03    0.1028375E-02   -0.1929017E-01   -0.7610459E-02   -0.1491771E-02    0.1028559E-02    0.1264376E-03    0.1770391E-02    0.3397316E-02    0.4240294E-02    0.3933885E-02    0.2657713E-04    0.4629301E-04    0.4168298E-04    0.3127918E-04    0.3210525E-04    0.2937980E-04   -0.1065467E-03   -0.1061769E-03   -0.1062076E-03   -0.1135746E-03   -0.1105005E-03   -0.1723885E-03    0.2617894E-06    0.1468546E-06
    0.3180655E-06   -0.1656903E-05    0.5485158E-07    0.9348834E-05    0.5894949E-04    0.1077776E-04    0.1346357E-04   -0.5635443E-02   -0.1722774E-02    0.1632196E-02   -0.3393514E-01   -0.1014551E-01    0.7533904E-03    0.4768371E-02   -0.5298309E-03    0.4936597E-02    0.8865622E-02    0.7749125E-02    0.6302028E-02    0.3510693E-04    0.4168298E-04    0.1216646E-03    0.2061929E-04    0.5733480E-04    0.1191404E-03   -0.6790173E-04   -0.7019777E-04   -0.4688951E-04   -0.1243162E-03   -0.1953449E-03   -0.5034402E-03    0.5624361E-06    0.6520010E-06
    0.3287533E-06    0.1015384E-05   -0.2141984E-06    0.1124066E-04    0.2209539E-03    0.2180832E-04    0.1653452E-04    0.5528426E-02    0.2607320E-02    0.4662599E-03   -0.1870480E-01   -0.1087977E-01   -0.1139322E-01   -0.1024992E-01    0.1589184E-03    0.6472136E-02    0.4554690E-02    0.6156376E-02    0.7247412E-02    0.1046160E-04    0.3127918E-04    0.2061929E-04    0.8796763E-04    0.5238191E-04    0.2407541E-04   -0.1092406E-03   -0.1141901E-03   -0.8169270E-04   -0.1618177E-03   -0.1062730E-03   -0.3120285E-04   -0.1707879E-06   -0.7419422E-06
    0.3431363E-06   -0.8284909E-06    0.7045707E-07    0.1300292E-04    0.1136501E-03    0.2156676E-04    0.1525547E-04   -0.3569190E-04    0.1476322E-02    0.1907303E-02   -0.2087216E-01   -0.9887163E-02   -0.5287596E-02   -0.6368641E-03   -0.1231998E-02    0.6235097E-02   -0.6775794E-03    0.9335615E-03    0.9948764E-03    0.1299559E-04    0.3210525E-04    0.5733480E-04    0.5238191E-04    0.1175773E-03    0.1449082E-03   -0.7793403E-04   -0.5775069E-04   -0.3146849E-04   -0.1372405E-03   -0.1368579E-03   -0.2726756E-03   -0.8233282E-06    0.1815933E-06
    0.3144547E-06   -0.1413881E-05    0.2515345E-06    0.1557807E-04    0.2973198E-04    0.2404657E-04    0.5961217E-05   -0.1494297E-02   -0.1500713E-03    0.1687799E-02   -0.8757680E-02   -0.7412539E-02   -0.3646589E-02   -0.3379907E-02    0.1803489E-02    0.1777569E-01    0.3214893E-02    0.3438182E-02    0.1862856E-02    0.1584256E-04    0.2937980E-04    0.1191404E-03    0.2407541E-04    0.1449082E-03    0.6333895E-03    0.1143253E-03    0.8385444E-04    0.1333636E-03   -0.2308313E-03   -0.2949750E-03   -0.5239106E-03   -0.1917432E-05    0.7371434E-06
   -0.2332017E-05   -0.1558021E-04    0.1348516E-05   -0.7118398E-04   -0.1708651E-02   -0.1659836E-03   -0.1030143E-03   -0.3694612E-02   -0.1728977E-01   -0.8410838E-02    0.2010830E+00    0.5439051E-01    0.4167791E-01    0.1352900E-01   -0.2112891E-02    0.6659554E-01   -0.7243904E-02    0.4486161E-02   -0.1940237E-04   -0.1376035E-03   -0.1065467E-03   -0.6790173E-04   -0.1092406E-03   -0.7793403E-04    0.1143253E-03    0.1238233E-01    0.7829790E-02    0.8438808E-02    0.2417640E-02    0.2548306E-02    0.2287162E-02   -0.1301734E-04   -0.2894888E-07
   -0.2663729E-05   -0.1678857E-04    0.2004321E-05   -0.8197962E-04   -0.1787034E-02   -0.1812479E-03   -0.9152529E-04    0.1401077E-01   -0.4848761E-03   -0.2095011E-01    0.2899083E+00    0.1155974E+00    0.3343143E-01    0.1814127E-01   -0.8847748E-02   -0.7236323E-01   -0.1195230E+00   -0.1048921E+00   -0.8168662E-01   -0.1368122E-03   -0.1061769E-03   -0.7019777E-04   -0.1141901E-03   -0.5775069E-04    0.8385444E-04    0.7829790E-02    0.1107289E-01    0.1267943E-01    0.7900093E-02    0.8414855E-02    0.8342586E-02    0.2605281E-06   -0.5824962E-05
   -0.5595084E-05   -0.3930374E-04    0.4997075E-05   -0.9645653E-04   -0.3938162E-02   -0.2630662E-03   -0.1799981E-03    0.4350960E-01    0.1559135E-01   -0.4072050E-01    0.4187079E+00    0.1626234E+00    0.1693699E-01   -0.8854682E-03   -0.1584909E-01   -0.4158475E-01   -0.1711622E+00   -0.1924390E+00   -0.1646889E+00   -0.1407111E-03   -0.1062076E-03   -0.4688951E-04   -0.8169270E-04   -0.3146849E-04    0.1333636E-03    0.8438808E-02    0.1267943E-01    0.2563226E-01    0.5015948E-02    0.1292258E-01    0.2469570E-01   -0.4231041E-05   -0.8630117E-05
   -0.5039845E-05   -0.2429585E-04    0.2123399E-05   -0.7350425E-04   -0.2747496E-02   -0.2008883E-03   -0.1353231E-03    0.2894609E-01    0.1778173E-01   -0.2889355E-01    0.2271443E+00    0.1338467E+00    0.7168604E-02    0.2633301E-01   -0.1316200E-01   -0.1440907E+00   -0.1156563E+00   -0.1220143E+00   -0.1025402E+00   -0.9817832E-04   -0.1135746E-03   -0.1243162E-03   -0.1618177E-03   -0.1372405E-03   -0.2308313E-03    0.2417640E-02    0.7900093E-02    0.5015948E-02    0.2025068E-01    0.1884489E-01    0.1364787E-01    0.1255010E-04   -0.2801496E-05
   -0.8046364E-05   -0.4390618E-04    0.3666499E-05   -0.9897919E-04   -0.4676140E-02   -0.2982026E-03   -0.2082912E-03    0.3718579E-01    0.2562951E-01   -0.4009143E-01    0.3035051E+00    0.1826075E+00    0.3059432E-01    0.4427496E-01   -0.2894087E-01   -0.1041866E+00   -0.1699727E+00   -0.1788040E+00   -0.1294369E+00   -0.1208707E-03   -0.1105005E-03   -0.1953449E-03   -0.1062730E-03   -0.1368579E-03   -0.2949750E-03    0.2548306E-02    0.8414855E-02    0.1292258E-01    0.1884489E-01    0.2933412E-01    0.4236908E-01    0.2563979E-05   -0.8665815E-05
   -0.1467367E-04   -0.6190530E-04    0.3489291E-05   -0.2437256E-03   -0.7736923E-02   -0.6201277E-03   -0.3558751E-03   -0.5073123E-01   -0.3862492E-02   -0.7051582E-01    0.5313972E+00    0.3549509E+00    0.1608215E+00    0.1700742E+00   -0.3449619E-01   -0.1499529E-01   -0.2912462E+00   -0.2429362E+00   -0.1008536E+00   -0.2394354E-03   -0.1723885E-03   -0.5034402E-03   -0.3120285E-04   -0.2726756E-03   -0.5239106E-03    0.2287162E-02    0.8342586E-02    0.2469570E-01    0.1364787E-01    0.4236908E-01    0.1088007E+00   -0.1969144E-04   -0.2063970E-04
   -0.5028995E-07   -0.1764719E-06    0.1365835E-07   -0.6012148E-07   -0.1368282E-04   -0.1551762E-05   -0.3175148E-06   -0.8180089E-03   -0.1699448E-03   -0.4257830E-03    0.6694648E-03    0.7796455E-03    0.2065007E-04    0.6794445E-03   -0.9016432E-04   -0.1264734E-01    0.4015396E-02    0.3484924E-02    0.3414787E-02    0.4410588E-06    0.2617894E-06    0.5624361E-06   -0.1707879E-06   -0.8233282E-06   -0.1917432E-05   -0.1301734E-04    0.2605281E-06   -0.4231041E-05    0.1255010E-04    0.2563979E-05   -0.1969144E-04    0.2355981E-05    0.7961494E-07
   -0.1151758E-07   -0.3299039E-06    0.3340173E-07    0.6177139E-06   -0.2006100E-04    0.4071132E-06   -0.2749159E-06   -0.3128006E-02   -0.1458112E-03    0.9751122E-04   -0.3734797E-02   -0.8633695E-03    0.1704551E-02    0.5589089E-02    0.2293349E-03   -0.5437564E-03   -0.6976440E-04   -0.4988324E-02   -0.9093258E-02   -0.3696283E-07    0.1468546E-06    0.6520010E-06   -0.7419422E-06    0.1815933E-06    0.7371434E-06   -0.2894888E-07   -0.5824962E-05   -0.8630117E-05   -0.2801496E-05   -0.8665815E-05   -0.2063970E-04    0.7961494E-07    0.1232334E-05
