# omegabh2 omegach2 theta tau yhe ns nrun logA aps100 aps143 aps217 acib143 acib217 asz143 psr cibr cal0 cal2 xi aksz bm_1_1 a_ps_act_148 a_ps_act_217 a_ps_spt_95 a_ps_spt_150 a_ps_spt_220 r_ps_spt_95x150 r_ps_spt_95x220 r_ps_150x220 cal_acts_148 cal_acts_217 cal_acte_148 cal_acte_217 cal_spt_95 cal_spt_150 cal_spt_220
    0.63694E-07   -0.13142E-06    0.40469E-07    0.14058E-05    0.27114E-07    0.30101E-06   -0.11042E-05    0.29562E-05    0.12864E-04   -0.37430E-04   -0.16819E-04   -0.53957E-05   -0.89783E-05    0.23759E-05   -0.75299E-06    0.51002E-06    0.44510E-08    0.48899E-08   -0.11125E-05   -0.12251E-04    0.13942E-05    0.77479E-05    0.77340E-04   -0.34581E-04    0.79287E-05    0.77247E-04    0.62794E-07    0.21341E-06   -0.81143E-07    0.18767E-06    0.10087E-06    0.32144E-06    0.96105E-07    0.19100E-06    0.27517E-06    0.73640E-06
   -0.13142E-06    0.30179E-05   -0.98427E-07   -0.61815E-05   -0.55885E-07   -0.65117E-05    0.43380E-07   -0.48691E-05    0.70655E-03    0.12339E-03    0.12490E-03   -0.28233E-04   -0.34076E-03   -0.36510E-04   -0.92512E-06   -0.60490E-05   -0.31164E-08   -0.45200E-07   -0.21708E-05    0.10445E-03    0.58302E-04   -0.44864E-04   -0.17628E-03    0.17818E-03   -0.61905E-04   -0.14993E-03   -0.10390E-04   -0.18477E-04    0.17457E-05    0.91268E-07   -0.28634E-05   -0.49851E-06   -0.48324E-06   -0.29472E-05   -0.34525E-06   -0.23419E-05
    0.40469E-07   -0.98427E-07    0.23795E-06    0.13394E-05    0.17230E-07    0.50737E-06   -0.35209E-06    0.27657E-05   -0.85290E-04    0.46511E-05   -0.22214E-04    0.41174E-05    0.60877E-04   -0.95650E-06   -0.52556E-06    0.24190E-05   -0.12426E-07    0.16696E-07    0.95069E-06    0.26863E-05   -0.40071E-05   -0.73006E-05    0.78382E-04   -0.22404E-04    0.59046E-05    0.83543E-04    0.97977E-07   -0.18068E-06   -0.52286E-06   -0.20697E-06    0.26851E-06    0.20344E-06    0.49416E-06   -0.23909E-06    0.13046E-06    0.92867E-06
    0.14058E-05   -0.61815E-05    0.13394E-05    0.23894E-03    0.59822E-06    0.18163E-04   -0.63890E-04    0.47870E-03    0.35095E-02    0.20915E-04   -0.74870E-03    0.33057E-03    0.25383E-02   -0.40695E-04    0.18445E-04    0.13021E-04    0.47274E-06    0.38052E-06   -0.36939E-04   -0.75970E-03    0.64067E-04   -0.48558E-03    0.55972E-03   -0.26721E-02    0.10680E-03   -0.27515E-02    0.18171E-03    0.17432E-03    0.86005E-05   -0.47728E-05   -0.47031E-05   -0.10378E-04    0.29159E-05   -0.13473E-04    0.22528E-05   -0.29426E-04
    0.27114E-07   -0.55885E-07    0.17230E-07    0.59822E-06    0.11543E-07    0.12781E-06   -0.47003E-06    0.12581E-05    0.56105E-05   -0.15912E-04   -0.71988E-05   -0.22861E-05   -0.37586E-05    0.99627E-06   -0.31710E-06    0.21514E-06    0.18946E-08    0.20713E-08   -0.46726E-06   -0.51674E-05    0.59713E-06    0.33053E-05    0.32728E-04   -0.14757E-04    0.33780E-05    0.32898E-04    0.30615E-07    0.95130E-07   -0.33730E-07    0.79792E-07    0.42306E-07    0.13685E-06    0.40660E-07    0.80375E-07    0.11747E-06    0.31487E-06
    0.30101E-06   -0.65117E-05    0.50737E-06    0.18163E-04    0.12781E-06    0.27845E-04    0.64551E-05    0.14254E-04   -0.61757E-02   -0.11042E-02   -0.77608E-03   -0.21444E-04    0.28218E-03    0.16629E-03   -0.21778E-04    0.60673E-05   -0.29046E-07   -0.46666E-07   -0.37359E-04   -0.66756E-03   -0.39385E-03    0.17747E-03    0.13572E-02    0.22246E-03    0.38175E-03    0.12238E-02   -0.16996E-04   -0.91522E-05    0.90254E-06    0.30019E-05    0.63870E-05    0.63004E-05    0.37018E-05    0.13972E-04    0.90184E-05    0.22544E-05
   -0.11042E-05    0.43380E-07   -0.35209E-06   -0.63890E-04   -0.47003E-06    0.64551E-05    0.80971E-04   -0.15142E-03   -0.10416E-01   -0.14677E-02   -0.10801E-02    0.23491E-04    0.66770E-06    0.10465E-03   -0.22853E-04   -0.17315E-04    0.12574E-06    0.55501E-07    0.37436E-05   -0.51871E-04   -0.81884E-03    0.26032E-03    0.17626E-02    0.10903E-02    0.72800E-04    0.28330E-02   -0.50359E-04   -0.67172E-04    0.12329E-04    0.23102E-04    0.10193E-04    0.15105E-04    0.99414E-05    0.18650E-04    0.11247E-04    0.10757E-04
    0.29562E-05   -0.48691E-05    0.27657E-05    0.47870E-03    0.12581E-05    0.14254E-04   -0.15142E-03    0.99034E-03    0.13044E-01    0.31771E-03   -0.90927E-03    0.55335E-03    0.40735E-02   -0.11944E-03    0.36772E-04    0.24534E-04    0.10188E-05    0.79722E-06   -0.94644E-04   -0.13879E-02    0.77802E-03   -0.10600E-02    0.56813E-03   -0.53889E-02    0.95559E-04   -0.65390E-02    0.34722E-03    0.32910E-03    0.15008E-04   -0.13160E-04   -0.19342E-04   -0.23160E-04    0.12081E-06   -0.36659E-04   -0.34046E-06   -0.67193E-04
    0.12864E-04    0.70655E-03   -0.85290E-04    0.35095E-02    0.56105E-05   -0.61757E-02   -0.10416E-01    0.13044E-01    0.25033E+02    0.65848E+00    0.18162E+00    0.72090E-01    0.16141E+00   -0.19939E+00   -0.18612E-02   -0.70999E-02    0.43211E-04    0.89731E-04    0.35121E-01    0.40714E+00    0.15697E+01    0.21495E-01    0.83817E+00   -0.47164E-01   -0.46242E-01    0.81514E-01    0.26675E-01    0.28382E-02   -0.60354E-02   -0.58416E-02    0.55213E-02   -0.56875E-02    0.44688E-02   -0.82822E-02   -0.15196E-02   -0.42526E-02
   -0.37430E-04    0.12339E-03    0.46511E-05    0.20915E-04   -0.15912E-04   -0.11042E-02   -0.14677E-02    0.31771E-03    0.65848E+00    0.46415E+00    0.82093E-01    0.55296E-02    0.14355E+00   -0.68360E-01    0.73477E-03   -0.21433E-02   -0.35206E-04   -0.59824E-04    0.10083E-01    0.76009E-01   -0.59167E-02    0.28877E-01   -0.18984E+00    0.91306E-01    0.48748E-02   -0.11387E+00    0.41466E-02   -0.30438E-02   -0.29698E-02   -0.20660E-02    0.66733E-04   -0.22593E-02    0.17170E-03   -0.25351E-02   -0.18652E-02   -0.24963E-03
   -0.16819E-04    0.12490E-03   -0.22214E-04   -0.74870E-03   -0.71988E-05   -0.77608E-03   -0.10801E-02   -0.90927E-03    0.18162E+00    0.82093E-01    0.58875E+00   -0.42541E-01   -0.16030E+01    0.57500E-01   -0.19752E-01    0.49392E-03   -0.26453E-04   -0.26970E-03   -0.96843E-02   -0.11100E+00    0.29062E-01   -0.55994E-02    0.79189E-01   -0.12980E+00    0.11290E-01   -0.45549E-01   -0.13719E-02    0.56796E-02    0.10000E-02   -0.58854E-03   -0.39120E-02   -0.47338E-03   -0.41578E-02   -0.17191E-04   -0.50130E-03   -0.50984E-02
   -0.53957E-05   -0.28233E-04    0.41174E-05    0.33057E-03   -0.22861E-05   -0.21444E-04    0.23491E-04    0.55335E-03    0.72090E-01    0.55296E-02   -0.42541E-01    0.60022E+00    0.96710E+00    0.85206E-01   -0.97614E-03   -0.34922E-03   -0.12409E-04   -0.21127E-05    0.14472E-01   -0.37155E+00    0.64866E-02   -0.86544E-01   -0.34709E+00   -0.85961E-01   -0.17767E+00   -0.16372E+00    0.40555E-01    0.39086E-01   -0.31658E-02    0.15473E-02    0.31670E-04    0.13170E-03   -0.28744E-03   -0.75263E-03    0.32583E-03    0.88788E-03
   -0.89783E-05   -0.34076E-03    0.60877E-04    0.25383E-02   -0.37586E-05    0.28218E-03    0.66770E-06    0.40735E-02    0.16141E+00    0.14355E+00   -0.16030E+01    0.96710E+00    0.84728E+01    0.10525E+00    0.96986E-01    0.25024E-01    0.46406E-04    0.11184E-02   -0.16956E-01   -0.85928E+00   -0.23183E-01   -0.12808E+00   -0.19883E+01    0.22029E-01   -0.30270E+00   -0.12683E+01    0.63510E-01    0.53145E-01   -0.19415E-01   -0.11326E-03    0.95658E-02   -0.37176E-02    0.10718E-01   -0.24221E-02   -0.30012E-02    0.17806E-01
    0.23759E-05   -0.36510E-04   -0.95650E-06   -0.40695E-04    0.99627E-06    0.16629E-03    0.10465E-03   -0.11944E-03   -0.19939E+00   -0.68360E-01    0.57500E-01    0.85206E-01    0.10525E+00    0.81172E-01    0.87183E-03    0.63840E-02   -0.44130E-06   -0.41065E-04   -0.10474E-01   -0.20053E+00    0.11710E-01   -0.15558E-01   -0.17798E+00   -0.13934E+00   -0.26463E-01   -0.22111E+00    0.57950E-02    0.14865E-01   -0.66347E-03    0.70713E-03   -0.12982E-02    0.46048E-03   -0.13027E-02    0.81001E-03    0.10936E-03   -0.99612E-03
   -0.75299E-06   -0.92512E-06   -0.52556E-06    0.18445E-04   -0.31710E-06   -0.21778E-04   -0.22853E-04    0.36772E-04   -0.18612E-02    0.73477E-03   -0.19752E-01   -0.97614E-03    0.96986E-01    0.87183E-03    0.32676E-02   -0.21433E-03    0.30946E-06    0.14389E-04    0.68340E-03   -0.15530E-02    0.27315E-03    0.34792E-02   -0.41160E-01   -0.61760E-02    0.48399E-02   -0.40856E-01    0.36656E-03    0.10135E-02    0.17986E-03   -0.62435E-04    0.71096E-04   -0.78300E-04    0.69834E-04   -0.79210E-04   -0.62871E-04    0.17190E-03
    0.51002E-06   -0.60490E-05    0.24190E-05    0.13021E-04    0.21514E-06    0.60673E-05   -0.17315E-04    0.24534E-04   -0.70999E-02   -0.21433E-02    0.49392E-03   -0.34922E-03    0.25024E-01    0.63840E-02   -0.21433E-03    0.25369E-02    0.20688E-06    0.83545E-06   -0.12493E-03   -0.11631E-01    0.13598E-02    0.53962E-02   -0.49674E-02   -0.14588E-01    0.29231E-02   -0.47121E-02    0.39888E-03    0.18727E-02   -0.54597E-03    0.50229E-04   -0.52937E-04    0.24636E-04   -0.20501E-04    0.97514E-04    0.94217E-05    0.40458E-04
    0.44510E-08   -0.31164E-08   -0.12426E-07    0.47274E-06    0.18946E-08   -0.29046E-07    0.12574E-06    0.10188E-05    0.43211E-04   -0.35206E-04   -0.26453E-04   -0.12409E-04    0.46406E-04   -0.44130E-06    0.30946E-06    0.20688E-06    0.17725E-06    0.31252E-07   -0.36919E-07    0.15660E-05   -0.10451E-04   -0.26916E-04    0.15646E-03   -0.51436E-04   -0.81562E-05    0.85547E-04    0.10860E-05    0.23589E-07    0.56590E-06   -0.12414E-06    0.10231E-05   -0.78329E-07    0.67228E-06   -0.64005E-06    0.10424E-07    0.55509E-06
    0.48899E-08   -0.45200E-07    0.16696E-07    0.38052E-06    0.20713E-08   -0.46666E-07    0.55501E-07    0.79722E-06    0.89731E-04   -0.59824E-04   -0.26970E-03   -0.21127E-05    0.11184E-02   -0.41065E-04    0.14389E-04    0.83545E-06    0.31252E-07    0.47053E-06    0.27526E-05    0.57292E-04   -0.36367E-05    0.13397E-04   -0.42039E-04    0.88239E-04    0.13670E-04    0.13780E-03   -0.93009E-06   -0.71435E-05   -0.21929E-05   -0.29760E-06    0.26393E-05   -0.28019E-06    0.26535E-05    0.20790E-07   -0.46265E-06    0.41975E-05
   -0.11125E-05   -0.21708E-05    0.95069E-06   -0.36939E-04   -0.46726E-06   -0.37359E-04    0.37436E-05   -0.94644E-04    0.35121E-01    0.10083E-01   -0.96843E-02    0.14472E-01   -0.16956E-01   -0.10474E-01    0.68340E-03   -0.12493E-03   -0.36919E-07    0.27526E-05    0.97107E-02    0.43574E-01   -0.30101E-03    0.16775E-01    0.28602E-01    0.44734E-02    0.12312E-01    0.53341E-01    0.22821E-02    0.36405E-02    0.33613E-03   -0.13044E-04    0.36485E-03    0.50639E-04    0.19422E-03   -0.17204E-03    0.11581E-03    0.40449E-03
   -0.12251E-04    0.10445E-03    0.26863E-05   -0.75970E-03   -0.51674E-05   -0.66756E-03   -0.51871E-04   -0.13879E-02    0.40714E+00    0.76009E-01   -0.11100E+00   -0.37155E+00   -0.85928E+00   -0.20053E+00   -0.15530E-02   -0.11631E-01    0.15660E-05    0.57292E-04    0.43574E-01    0.78921E+00   -0.12005E-01    0.33369E-01    0.67413E+00    0.17045E+00    0.99205E-01    0.63424E+00   -0.21835E-01   -0.27725E-01    0.67004E-02   -0.95495E-03    0.42547E-02    0.73478E-03    0.35292E-02   -0.10799E-02    0.74335E-03    0.28638E-02
    0.13942E-05    0.58302E-04   -0.40071E-05    0.64067E-04    0.59713E-06   -0.39385E-03   -0.81884E-03    0.77802E-03    0.15697E+01   -0.59167E-02    0.29062E-01    0.64866E-02   -0.23183E-01    0.11710E-01    0.27315E-03    0.13598E-02   -0.10451E-04   -0.36367E-05   -0.30101E-03   -0.12005E-01    0.14685E+00   -0.37912E-03    0.18887E-01   -0.20262E-01    0.21783E-02   -0.87062E-01    0.10025E-02    0.45600E-02   -0.20627E-03   -0.21867E-03   -0.15937E-03   -0.14546E-03   -0.15010E-03   -0.11084E-03    0.44969E-04   -0.83784E-03
    0.77479E-05   -0.44864E-04   -0.73006E-05   -0.48558E-03    0.33053E-05    0.17747E-03    0.26032E-03   -0.10600E-02    0.21495E-01    0.28877E-01   -0.55994E-02   -0.86544E-01   -0.12808E+00   -0.15558E-01    0.34792E-02    0.53962E-02   -0.26916E-04    0.13397E-04    0.16775E-01    0.33369E-01   -0.37912E-03    0.35267E+00   -0.11824E+00    0.98440E-01    0.13267E+00    0.27087E+00   -0.13072E-02   -0.30150E-02   -0.50611E-02    0.20643E-02   -0.10641E-03    0.19912E-02   -0.54186E-03    0.55272E-03   -0.16162E-03    0.10698E-02
    0.77340E-04   -0.17628E-03    0.78382E-04    0.55972E-03    0.32728E-04    0.13572E-02    0.17626E-02    0.56813E-03    0.83817E+00   -0.18984E+00    0.79189E-01   -0.34709E+00   -0.19883E+01   -0.17798E+00   -0.41160E-01   -0.49674E-02    0.15646E-03   -0.42039E-04    0.28602E-01    0.67413E+00    0.18887E-01   -0.11824E+00    0.14345E+02   -0.35864E+00    0.41306E-01    0.13923E+01   -0.28387E-02   -0.31974E-01   -0.27337E-03    0.19723E-02    0.50269E-01    0.34729E-03    0.40822E-01   -0.36567E-02    0.56097E-02    0.38846E-02
   -0.34581E-04    0.17818E-03   -0.22404E-04   -0.26721E-02   -0.14757E-04    0.22246E-03    0.10903E-02   -0.53889E-02   -0.47164E-01    0.91306E-01   -0.12980E+00   -0.85961E-01    0.22029E-01   -0.13934E+00   -0.61760E-02   -0.14588E-01   -0.51436E-04    0.88239E-04    0.44734E-02    0.17045E+00   -0.20262E-01    0.98440E-01   -0.35864E+00    0.18794E+01    0.62362E-01    0.70238E+00   -0.71008E-01   -0.90888E-01   -0.33450E-02   -0.17510E-02   -0.12357E-03   -0.15406E-02    0.59272E-04    0.51618E-02   -0.15910E-03    0.22521E-02
    0.79287E-05   -0.61905E-04    0.59046E-05    0.10680E-03    0.33780E-05    0.38175E-03    0.72800E-04    0.95559E-04   -0.46242E-01    0.48748E-02    0.11290E-01   -0.17767E+00   -0.30270E+00   -0.26463E-01    0.48399E-02    0.29231E-02   -0.81562E-05    0.13670E-04    0.12312E-01    0.99205E-01    0.21783E-02    0.13267E+00    0.41306E-01    0.62362E-01    0.23405E+00    0.15927E+00   -0.94604E-02   -0.25346E-02   -0.16431E-03   -0.61801E-03   -0.46859E-04   -0.21006E-03   -0.15385E-03    0.30211E-03    0.94669E-05    0.26566E-03
    0.77247E-04   -0.14993E-03    0.83543E-04   -0.27515E-02    0.32898E-04    0.12238E-02    0.28330E-02   -0.65390E-02    0.81514E-01   -0.11387E+00   -0.45549E-01   -0.16372E+00   -0.12683E+01   -0.22111E+00   -0.40856E-01   -0.47121E-02    0.85547E-04    0.13780E-03    0.53341E-01    0.63424E+00   -0.87062E-01    0.27087E+00    0.13923E+01    0.70238E+00    0.15927E+00    0.10472E+02   -0.33987E-01   -0.77466E-01   -0.13616E-01   -0.67108E-03    0.48946E-02    0.31616E-02    0.53561E-02    0.83053E-02    0.37580E-02    0.33963E-01
    0.62794E-07   -0.10390E-04    0.97977E-07    0.18171E-03    0.30615E-07   -0.16996E-04   -0.50359E-04    0.34722E-03    0.26675E-01    0.41466E-02   -0.13719E-02    0.40555E-01    0.63510E-01    0.57950E-02    0.36656E-03    0.39888E-03    0.10860E-05   -0.93009E-06    0.22821E-02   -0.21835E-01    0.10025E-02   -0.13072E-02   -0.28387E-02   -0.71008E-01   -0.94604E-02   -0.33987E-01    0.73346E-02    0.63966E-02   -0.24100E-03    0.13237E-03    0.10737E-03   -0.12169E-05    0.83161E-04   -0.25943E-03   -0.20964E-04    0.54171E-04
    0.21341E-06   -0.18477E-04   -0.18068E-06    0.17432E-03    0.95130E-07   -0.91522E-05   -0.67172E-04    0.32910E-03    0.28382E-02   -0.30438E-02    0.56796E-02    0.39086E-01    0.53145E-01    0.14865E-01    0.10135E-02    0.18727E-02    0.23589E-07   -0.71435E-05    0.36405E-02   -0.27725E-01    0.45600E-02   -0.30150E-02   -0.31974E-01   -0.90888E-01   -0.25346E-02   -0.77466E-01    0.63966E-02    0.12924E-01    0.22332E-03    0.60025E-04   -0.20727E-04    0.70448E-04   -0.10481E-03   -0.26130E-03    0.68840E-04   -0.17863E-03
   -0.81143E-07    0.17457E-05   -0.52286E-06    0.86005E-05   -0.33730E-07    0.90254E-06    0.12329E-04    0.15008E-04   -0.60354E-02   -0.29698E-02    0.10000E-02   -0.31658E-02   -0.19415E-01   -0.66347E-03    0.17986E-03   -0.54597E-03    0.56590E-06   -0.21929E-05    0.33613E-03    0.67004E-02   -0.20627E-03   -0.50611E-02   -0.27337E-03   -0.33450E-02   -0.16431E-03   -0.13616E-01   -0.24100E-03    0.22332E-03    0.48305E-03   -0.27328E-04    0.69911E-05    0.17134E-04   -0.25060E-04   -0.10768E-04    0.27531E-04   -0.85767E-04
    0.18767E-06    0.91268E-07   -0.20697E-06   -0.47728E-05    0.79792E-07    0.30019E-05    0.23102E-04   -0.13160E-04   -0.58416E-02   -0.20660E-02   -0.58854E-03    0.15473E-02   -0.11326E-03    0.70713E-03   -0.62435E-04    0.50229E-04   -0.12414E-06   -0.29760E-06   -0.13044E-04   -0.95495E-03   -0.21867E-03    0.20643E-02    0.19723E-02   -0.17510E-02   -0.61801E-03   -0.67108E-03    0.13237E-03    0.60025E-04   -0.27328E-04    0.14474E-03    0.17006E-05    0.57371E-04    0.76802E-06    0.11017E-04    0.20834E-04    0.78667E-06
    0.10087E-06   -0.28634E-05    0.26851E-06   -0.47031E-05    0.42306E-07    0.63870E-05    0.10193E-04   -0.19342E-04    0.55213E-02    0.66733E-04   -0.39120E-02    0.31670E-04    0.95658E-02   -0.12982E-02    0.71096E-04   -0.52937E-04    0.10231E-05    0.26393E-05    0.36485E-03    0.42547E-02   -0.15937E-03   -0.10641E-03    0.50269E-01   -0.12357E-03   -0.46859E-04    0.48946E-02    0.10737E-03   -0.20727E-04    0.69911E-05    0.17006E-05    0.37317E-03    0.48027E-05    0.19174E-03   -0.26985E-04    0.14875E-04    0.59895E-04
    0.32144E-06   -0.49851E-06    0.20344E-06   -0.10378E-04    0.13685E-06    0.63004E-05    0.15105E-04   -0.23160E-04   -0.56875E-02   -0.22593E-02   -0.47338E-03    0.13170E-03   -0.37176E-02    0.46048E-03   -0.78300E-04    0.24636E-04   -0.78329E-07   -0.28019E-06    0.50639E-04    0.73478E-03   -0.14546E-03    0.19912E-02    0.34729E-03   -0.15406E-02   -0.21006E-03    0.31616E-02   -0.12169E-05    0.70448E-04    0.17134E-04    0.57371E-04    0.48027E-05    0.11701E-03   -0.66673E-05    0.30428E-04    0.21330E-04    0.37295E-05
    0.96105E-07   -0.48324E-06    0.49416E-06    0.29159E-05    0.40660E-07    0.37018E-05    0.99414E-05    0.12081E-06    0.44688E-02    0.17170E-03   -0.41578E-02   -0.28744E-03    0.10718E-01   -0.13027E-02    0.69834E-04   -0.20501E-04    0.67228E-06    0.26535E-05    0.19422E-03    0.35292E-02   -0.15010E-03   -0.54186E-03    0.40822E-01    0.59272E-04   -0.15385E-03    0.53561E-02    0.83161E-04   -0.10481E-03   -0.25060E-04    0.76802E-06    0.19174E-03   -0.66673E-05    0.22868E-03   -0.16789E-04    0.15799E-04    0.73777E-04
    0.19100E-06   -0.29472E-05   -0.23909E-06   -0.13473E-04    0.80375E-07    0.13972E-04    0.18650E-04   -0.36659E-04   -0.82822E-02   -0.25351E-02   -0.17191E-04   -0.75263E-03   -0.24221E-02    0.81001E-03   -0.79210E-04    0.97514E-04   -0.64005E-06    0.20790E-07   -0.17204E-03   -0.10799E-02   -0.11084E-03    0.55272E-03   -0.36567E-02    0.51618E-02    0.30211E-03    0.83053E-02   -0.25943E-03   -0.26130E-03   -0.10768E-04    0.11017E-04   -0.26985E-04    0.30428E-04   -0.16789E-04    0.39443E-03    0.17733E-04    0.19733E-04
    0.27517E-06   -0.34525E-06    0.13046E-06    0.22528E-05    0.11747E-06    0.90184E-05    0.11247E-04   -0.34046E-06   -0.15196E-02   -0.18652E-02   -0.50130E-03    0.32583E-03   -0.30012E-02    0.10936E-03   -0.62871E-04    0.94217E-05    0.10424E-07   -0.46265E-06    0.11581E-03    0.74335E-03    0.44969E-04   -0.16162E-03    0.56097E-02   -0.15910E-03    0.94669E-05    0.37580E-02   -0.20964E-04    0.68840E-04    0.27531E-04    0.20834E-04    0.14875E-04    0.21330E-04    0.15799E-04    0.17733E-04    0.90314E-04    0.33000E-04
    0.73640E-06   -0.23419E-05    0.92867E-06   -0.29426E-04    0.31487E-06    0.22544E-05    0.10757E-04   -0.67193E-04   -0.42526E-02   -0.24963E-03   -0.50984E-02    0.88788E-03    0.17806E-01   -0.99612E-03    0.17190E-03    0.40458E-04    0.55509E-06    0.41975E-05    0.40449E-03    0.28638E-02   -0.83784E-03    0.10698E-02    0.38846E-02    0.22521E-02    0.26566E-03    0.33963E-01    0.54171E-04   -0.17863E-03   -0.85767E-04    0.78667E-06    0.59895E-04    0.37295E-05    0.73777E-04    0.19733E-04    0.33000E-04    0.56226E-03
