# omegabh2 omegach2 theta tau logA ns calPlanck acib217 xi asz143 aps100 aps143 aps143217 aps217 aksz kgal100 kgal143 kgal143217 kgal217 cal0 cal2
  4.1738893E-08  -1.2970120E-07   3.4293794E-08   4.6083329E-07   8.0581760E-07   4.4198247E-07   4.1859500E-08  -1.6351061E-04   1.9648329E-06   4.6174690E-05  -7.8670547E-04  -4.7088133E-04  -1.6274693E-04  -1.0293143E-05  -6.3192374E-05   7.1990220E-06  -5.5481970E-06  -5.5593294E-06   5.4765600E-05   3.1249001E-09  -3.2946952E-09
 -1.2970120E-07   2.3794179E-06  -2.2452993E-07  -6.0086931E-06  -7.7593832E-06  -5.2899884E-06  -5.6323929E-07   3.0596787E-04  -1.8831006E-06  -1.3136698E-04   2.0547967E-03   1.2365891E-03   5.4673866E-04   8.4253292E-05   1.7373107E-04   6.4991658E-06   6.1696402E-05   2.8491670E-05  -1.4107436E-04  -3.3427364E-08   7.2413370E-09
  3.4293794E-08  -2.2452993E-07   2.0812544E-07   8.1627563E-07   1.4882140E-06   8.0246259E-07   7.3956207E-08  -7.2099350E-05   2.7036897E-06   1.9494430E-05  -2.7094810E-04  -1.8642286E-04  -1.9375851E-05   4.3298788E-05  -2.7612381E-05   3.5126205E-06  -8.1746194E-06  -1.8064206E-05  -5.5041764E-06   8.7790413E-09  -2.6720110E-09
  4.6083329E-07  -6.0086931E-06   8.1627563E-07   6.2224354E-05   1.1021571E-04   1.6109188E-05   2.1343494E-07  -1.5017262E-03   2.5505153E-06   7.6383872E-04  -1.3057507E-02  -7.4604092E-03  -3.5322512E-03  -1.9905912E-03  -5.9751383E-04   1.8394553E-04   3.5023958E-05   1.4106669E-04   7.0515289E-04  -1.7119361E-08  -6.4892743E-08
  8.0581760E-07  -7.7593832E-06   1.4882140E-06   1.1021571E-04   2.2674913E-04   2.1374833E-05   1.1188150E-05  -3.3933806E-03   4.5694231E-05   1.2177913E-03  -1.8379153E-02  -1.1456102E-02  -3.8108522E-03   2.4154464E-03  -1.5936663E-03  -6.8335792E-06  -3.1850882E-04  -9.7554584E-05   3.0858321E-03   9.1746382E-08  -1.3128656E-07
  4.4198247E-07  -5.2899884E-06   8.0246259E-07   1.6109188E-05   2.1374833E-05   2.3030606E-05   1.4704569E-06  -5.0847294E-03   1.0154916E-04   1.3847248E-03  -2.9501873E-02  -9.3711589E-03   1.0587698E-03   5.1395910E-03  -2.8546000E-03   4.3003639E-04  -3.9224694E-04  -3.8619401E-04   1.5005380E-03  -3.7858145E-08  -1.0117884E-07
  4.1859500E-08  -5.6323929E-07   7.3956207E-08   2.1343494E-07   1.1188150E-05   1.4704569E-06   6.0429153E-06   3.3129668E-04   2.9041565E-06  -1.0251157E-06   3.3307046E-03   2.2136834E-04   1.1306749E-04   1.3730530E-03   6.5119673E-06  -5.3763337E-06   5.0362738E-05   6.0878699E-05   1.0717045E-03   3.4160628E-09   3.0153052E-09
 -1.6351061E-04   3.0596787E-04  -7.2099350E-05  -1.5017262E-03  -3.3933806E-03  -5.0847294E-03   3.3129668E-04   4.5050194E+01  -3.6257944E-01  -9.8936012E-01   3.7635021E+01   3.0989510E+00  -1.2601648E+01  -5.5379048E+01   5.1558782E-02  -4.7131886E-02   4.3841848E-01  -5.9650943E+00  -3.3813552E+01  -1.9768468E-04   7.1918334E-04
  1.9648329E-06  -1.8831006E-06   2.7036897E-06   2.5505153E-06   4.5694231E-05   1.0154916E-04   2.9041565E-06  -3.6257944E-01   8.1119342E-02  -5.7696721E-02  -4.4003183E-01   8.6002243E-01   1.5670276E+00   5.5956086E-01   5.6480829E-02  -2.5535901E-03   1.2069021E-02   9.3720467E-02   1.1849431E-01   1.7378965E-06  -1.7857866E-06
  4.6174690E-05  -1.3136698E-04   1.9494430E-05   7.6383872E-04   1.2177913E-03   1.3847248E-03  -1.0251157E-06  -9.8936012E-01  -5.7696721E-02   4.0462378E+00  -3.1959368E+01  -3.4352043E+00   8.0989827E+00   5.8568615E+00  -3.0508160E+00  -2.0047838E-01   1.8010473E-01   2.7433367E+00   3.4417302E+00   1.0896861E-04  -5.6330488E-05
 -7.8670547E-04   2.0547967E-03  -2.7094810E-04  -1.3057507E-02  -1.8379153E-02  -2.9501873E-02   3.3307046E-03   3.7635021E+01  -4.4003183E-01  -3.1959368E+01   8.0194076E+02   7.4049988E+01  -5.5088981E+01  -6.1998784E+01   1.5826896E+01  -6.5864320E+00   5.7018827E+00  -1.3154899E+01  -2.6219704E+01   3.7949715E-03   6.4213915E-04
 -4.7088133E-04   1.2365891E-03  -1.8642286E-04  -7.4604092E-03  -1.1456102E-02  -9.3711589E-03   2.2136834E-04   3.0989510E+00   8.6002243E-01  -3.4352043E+00   7.4049988E+01   6.3690602E+01   4.0282805E+01   1.5493876E+01  -5.0456896E+00  -5.1184458E-01  -1.3507805E+00   3.2621953E+00   3.4522314E+00   6.2131302E-05   1.2917611E-04
 -1.6274693E-04   5.4673866E-04  -1.9375851E-05  -3.5322512E-03  -3.8108522E-03   1.0587698E-03   1.1306749E-04  -1.2601648E+01   1.5670276E+00   8.0989827E+00  -5.5088981E+01   4.0282805E+01   8.5268595E+01   5.4823828E+01  -1.3017859E+01  -7.9915786E-01  -5.8453016E-01   5.0376403E+00   8.1927215E+00   4.2125842E-04  -4.5221409E-04
 -1.0293143E-05   8.4253292E-05   4.3298788E-05  -1.9905912E-03   2.4154464E-03   5.1395910E-03   1.3730530E-03  -5.5379048E+01   5.5956086E-01   5.8568615E+00  -6.1998784E+01   1.5493876E+01   5.4823828E+01   1.0619013E+02  -1.0451368E+01  -4.6543247E-01  -1.1190732E+00   5.8643439E+00   3.4194669E+01   4.8856086E-04  -1.3514958E-03
 -6.3192374E-05   1.7373107E-04  -2.7612381E-05  -5.9751383E-04  -1.5936663E-03  -2.8546000E-03   6.5119673E-06   5.1558782E-02   5.6480829E-02  -3.0508160E+00   1.5826896E+01  -5.0456896E+00  -1.3017859E+01  -1.0451368E+01   6.5311573E+00   1.0709312E-01  -2.0561832E-01  -2.2347897E+00  -2.4879722E+00  -9.5170344E-05   3.1317448E-05
  7.1990220E-06   6.4991658E-06   3.5126205E-06   1.8394553E-04  -6.8335792E-06   4.3003639E-04  -5.3763337E-06  -4.7131886E-02  -2.5535901E-03  -2.0047838E-01  -6.5864320E+00  -5.1184458E-01  -7.9915786E-01  -4.6543247E-01   1.0709312E-01   3.3638750E+00   5.3936397E-01   1.3442351E-01   2.1328028E-01   1.6850888E-04  -3.4715078E-06
 -5.5481970E-06   6.1696402E-05  -8.1746194E-06   3.5023958E-05  -3.1850882E-04  -3.9224694E-04   5.0362738E-05   4.3841848E-01   1.2069021E-02   1.8010473E-01   5.7018827E+00  -1.3507805E+00  -5.8453016E-01  -1.1190732E+00  -2.0561832E-01   5.3936397E-01   3.2523288E+00   2.8355080E+00   2.9282476E+00  -1.8370879E-04  -4.6473332E-05
 -5.5593294E-06   2.8491670E-05  -1.8064206E-05   1.4106669E-04  -9.7554584E-05  -3.8619401E-04   6.0878699E-05  -5.9650943E+00   9.3720467E-02   2.7433367E+00  -1.3154899E+01   3.2621953E+00   5.0376403E+00   5.8643439E+00  -2.2347897E+00   1.3442351E-01   2.8355080E+00   1.1017916E+01   1.9636920E+01  -3.7027896E-05   4.0066167E-04
  5.4765600E-05  -1.4107436E-04  -5.5041764E-06   7.0515289E-04   3.0858321E-03   1.5005380E-03   1.0717045E-03  -3.3813552E+01   1.1849431E-01   3.4417302E+00  -2.6219704E+01   3.4522314E+00   8.1927215E+00   3.4194669E+01  -2.4879722E+00   2.1328028E-01   2.9282476E+00   1.9636920E+01   5.4305699E+01   4.5612359E-05   9.2108327E-04
  3.1249001E-09  -3.3427364E-08   8.7790413E-09  -1.7119361E-08   9.1746382E-08  -3.7858145E-08   3.4160628E-09  -1.9768468E-04   1.7378965E-06   1.0896861E-04   3.7949715E-03   6.2131302E-05   4.2125842E-04   4.8856086E-04  -9.5170344E-05   1.6850888E-04  -1.8370879E-04  -3.7027896E-05   4.5612359E-05   3.8027728E-07  -1.8067969E-09
 -3.2946952E-09   7.2413370E-09  -2.6720110E-09  -6.4892743E-08  -1.3128656E-07  -1.0117884E-07   3.0153052E-09   7.1918334E-04  -1.7857866E-06  -5.6330488E-05   6.4213915E-04   1.2917611E-04  -4.5221409E-04  -1.3514958E-03   3.1317448E-05  -3.4715078E-06  -4.6473332E-05   4.0066167E-04   9.2108327E-04  -1.8067969E-09   3.9298236E-07
