# omegabh2 omegach2 theta tau yhe ns nrun logA r aps100 aps143 aps217 acib143 acib217 asz143 psr cibr cal0 cal2 xi aksz bm_1_1
7.726400E-08 -1.350900E-07 4.319300E-08 1.507400E-06 3.273600E-08 3.398500E-07 -1.447600E-06 3.178800E-06 3.360600E-06 1.530270E-03 -5.406030E-04 -2.344680E-04 5.950600E-05 9.507700E-06 7.417100E-06 1.351300E-06 2.323800E-06 6.424000E-09 -5.180900E-09 -1.100300E-06 2.589000E-06 1.369200E-05
-1.350900E-07 3.068500E-06 -2.058200E-07 -6.039000E-06 -5.717700E-08 -7.345300E-06 -1.259700E-07 -4.343700E-06 -6.422200E-06 4.240980E-03 -2.217150E-05 2.333880E-04 -2.250600E-04 -9.370800E-05 -2.028100E-05 2.825100E-06 5.639300E-06 1.619200E-08 3.300800E-08 -1.191300E-05 1.790300E-04 3.896400E-05
4.319300E-08 -2.058200E-07 2.722200E-07 1.399400E-06 1.832100E-08 9.732200E-07 -3.116600E-07 2.613800E-06 5.140400E-07 -7.681500E-04 -2.949390E-04 -2.777310E-04 -6.811100E-05 1.003200E-04 6.381300E-06 8.817200E-07 4.413600E-06 1.894300E-09 1.189000E-08 -6.502600E-06 -1.805600E-05 -5.322100E-06
1.507400E-06 -6.039000E-06 1.399400E-06 2.490300E-04 6.380800E-07 2.359700E-05 -6.526900E-05 4.962300E-04 7.091700E-05 1.176210E-01 -2.818980E-03 1.062090E-02 8.247200E-03 -2.847600E-03 -1.113200E-03 7.017900E-05 -5.097400E-04 -1.124600E-07 -1.090300E-06 -3.881700E-05 -1.096700E-03 3.201400E-04
3.273600E-08 -5.717700E-08 1.832100E-08 6.380800E-07 1.387100E-08 1.435000E-07 -6.126900E-07 1.345800E-06 1.417700E-06 6.465150E-04 -2.288070E-04 -9.990000E-05 2.475900E-05 3.962500E-06 3.127000E-06 5.727800E-07 9.843900E-07 2.743500E-09 -2.129500E-09 -4.619500E-07 1.205300E-06 5.792600E-06
3.398500E-07 -7.345300E-06 9.732200E-07 2.359700E-05 1.435000E-07 3.644500E-05 1.021400E-05 2.417000E-05 3.719300E-05 -2.585790E-02 6.405210E-03 1.892340E-02 -4.423600E-03 -9.913200E-03 -5.937900E-04 1.921500E-05 -2.765700E-04 -1.793100E-07 -5.407600E-07 3.457500E-05 -2.724700E-03 -3.235400E-04
-1.447600E-06 -1.259700E-07 -3.116600E-07 -6.526900E-05 -6.126900E-07 1.021400E-05 1.008100E-04 -1.539400E-04 -2.955800E-04 -8.939520E-02 5.667300E-03 2.030850E-02 -1.011000E-02 -1.582700E-02 -7.969800E-04 -1.466800E-05 -3.735400E-04 -2.104000E-07 -3.747700E-07 6.705400E-05 -1.556300E-03 -8.442900E-04
3.178800E-06 -4.343700E-06 2.613800E-06 4.962300E-04 1.345800E-06 2.417000E-05 -1.539400E-04 1.021100E-03 1.697500E-04 2.962980E-01 2.483550E-03 2.776230E-02 1.446900E-02 -7.633000E-03 -2.757700E-03 1.715300E-04 -1.076200E-03 -3.363500E-08 -1.686500E-06 -8.490100E-05 -2.077300E-03 1.181500E-03
3.360600E-06 -6.422200E-06 5.140400E-07 7.091700E-05 1.417700E-06 3.719300E-05 -2.955800E-04 1.697500E-04 4.913000E-03 2.208870E-01 7.167330E-02 3.812220E-02 1.266200E-02 1.764100E-02 3.627400E-03 -2.169900E-04 9.069100E-04 -1.234500E-06 5.293400E-07 1.205200E-03 -6.493500E-03 2.378200E-03
1.530270E-03 4.240980E-03 -7.681500E-04 1.176210E-01 6.465150E-04 -2.585790E-02 -8.939520E-02 2.962980E-01 2.208870E-01 2.669598E+03 1.182276E+02 5.593617E+01 3.808080E+01 -2.091060E+01 -1.776600E+01 3.451050E-03 -3.943800E+00 8.659530E-04 4.714380E-03 4.569750E-01 -2.558880E+00 1.294740E+01
-5.406030E-04 -2.217150E-05 -2.949390E-04 -2.818980E-03 -2.288070E-04 6.405210E-03 5.667300E-03 2.483550E-03 7.167330E-02 1.182276E+02 1.286442E+02 6.859647E+01 -2.263950E+01 -2.578770E+01 -3.309390E+00 2.052360E-02 -7.062480E-01 1.041210E-04 1.072350E-03 1.358280E+00 -4.863060E+00 3.197520E-01
-2.344680E-04 2.333880E-04 -2.777310E-04 1.062090E-02 -9.990000E-05 1.892340E-02 2.030850E-02 2.776230E-02 3.812220E-02 5.593617E+01 6.859647E+01 1.759482E+02 -2.253060E+01 -7.688340E+01 -3.416760E+00 1.603800E-01 -1.665180E+00 1.296810E-04 -6.143580E-03 5.715270E-01 -6.542820E+00 -2.360160E-02
5.950600E-05 -2.250600E-04 -6.811100E-05 8.247200E-03 2.475900E-05 -4.423600E-03 -1.011000E-02 1.446900E-02 1.266200E-02 3.808080E+01 -2.263950E+01 -2.253060E+01 3.142100E+01 1.565200E+01 -4.134200E-01 -1.986600E-02 1.833800E-02 -1.774600E-04 -5.778700E-04 3.410700E-01 -5.199600E-01 -5.016800E-01
9.507700E-06 -9.370800E-05 1.003200E-04 -2.847600E-03 3.962500E-06 -9.913200E-03 -1.582700E-02 -7.633000E-03 1.764100E-02 -2.091060E+01 -2.578770E+01 -7.688340E+01 1.565200E+01 4.274100E+01 1.969900E+00 -9.899000E-02 9.071200E-01 -6.341200E-05 3.073000E-03 -3.525600E-01 -6.698900E-02 -6.074800E-02
7.417100E-06 -2.028100E-05 6.381300E-06 -1.113200E-03 3.127000E-06 -5.937900E-04 -7.969800E-04 -2.757700E-03 3.627400E-03 -1.776600E+01 -3.309390E+00 -3.416760E+00 -4.134200E-01 1.969900E+00 6.071400E-01 -4.426800E-03 1.437000E-01 1.131000E-05 -9.528000E-05 -1.724100E-02 3.506200E-02 6.159700E-02
1.351300E-06 2.825100E-06 8.817200E-07 7.017900E-05 5.727800E-07 1.921500E-05 -1.466800E-05 1.715300E-04 -2.169900E-04 3.451050E-03 2.052360E-02 1.603800E-01 -1.986600E-02 -9.899000E-02 -4.426800E-03 2.470200E-03 -2.527100E-03 -1.509800E-06 -6.921300E-06 2.185200E-03 -3.792000E-04 3.000200E-04
2.323800E-06 5.639300E-06 4.413600E-06 -5.097400E-04 9.843900E-07 -2.765700E-04 -3.735400E-04 -1.076200E-03 9.069100E-04 -3.943800E+00 -7.062480E-01 -1.665180E+00 1.833800E-02 9.071200E-01 1.437000E-01 -2.527100E-03 5.144000E-02 5.324100E-06 2.939200E-05 4.302200E-04 1.492200E-02 1.363800E-02
6.424000E-09 1.619200E-08 1.894300E-09 -1.124600E-07 2.743500E-09 -1.793100E-07 -2.104000E-07 -3.363500E-08 -1.234500E-06 8.659530E-04 1.041210E-04 1.296810E-04 -1.774600E-04 -6.341200E-05 1.131000E-05 -1.509800E-06 5.324100E-06 1.571400E-07 -1.193900E-08 -4.732500E-06 1.203700E-05 -8.188900E-06
-5.180900E-09 3.300800E-08 1.189000E-08 -1.090300E-06 -2.129500E-09 -5.407600E-07 -3.747700E-07 -1.686500E-06 5.293400E-07 4.714380E-03 1.072350E-03 -6.143580E-03 -5.778700E-04 3.073000E-03 -9.528000E-05 -6.921300E-06 2.939200E-05 -1.193900E-08 8.559400E-07 -4.179900E-05 2.871300E-05 1.234100E-05
-1.100300E-06 -1.191300E-05 -6.502600E-06 -3.881700E-05 -4.619500E-07 3.457500E-05 6.705400E-05 -8.490100E-05 1.205200E-03 4.569750E-01 1.358280E+00 5.715270E-01 3.410700E-01 -3.525600E-01 -1.724100E-02 2.185200E-03 4.302200E-04 -4.732500E-06 -4.179900E-05 6.905900E-02 2.955100E-02 1.848900E-03
2.589000E-06 1.790300E-04 -1.805600E-05 -1.096700E-03 1.205300E-06 -2.724700E-03 -1.556300E-03 -2.077300E-03 -6.493500E-03 -2.558880E+00 -4.863060E+00 -6.542820E+00 -5.199600E-01 -6.698900E-02 3.506200E-02 -3.792000E-04 1.492200E-02 1.203700E-05 2.871300E-05 2.955100E-02 2.006100E+00 3.932500E-02
1.369200E-05 3.896400E-05 -5.322100E-06 3.201400E-04 5.792600E-06 -3.235400E-04 -8.442900E-04 1.181500E-03 2.378200E-03 1.294740E+01 3.197520E-01 -2.360160E-02 -5.016800E-01 -6.074800E-02 6.159700E-02 3.000200E-04 1.363800E-02 -8.188900E-06 1.234100E-05 1.848900E-03 3.932500E-02 1.629200E-01
