# omegabh2 omegach2 theta tau Alens logA ns calPlanck galfTE100 galfTE100143 galfTE100217 galfTE143 galfTE143217 galfTE217 cal0
    0.9972391E-07   -0.3794646E-06    0.4870266E-07    0.1064358E-05    0.4136692E-04    0.3760179E-05    0.3662313E-05   -0.9067732E-08   -0.1631753E-05   -0.6039179E-06    0.4241977E-07   -0.6507008E-07   -0.4208664E-06    0.5597550E-07    0.6454968E-08
   -0.3794646E-06    0.4642087E-05   -0.3698976E-06   -0.6841706E-05   -0.2098328E-03   -0.1105481E-04   -0.1903014E-04    0.1287797E-06    0.1119335E-04    0.3140373E-05   -0.5298725E-05   -0.1740766E-05    0.2399681E-05    0.7141079E-06   -0.3430553E-07
    0.4870266E-07   -0.3698976E-06    0.2619486E-06    0.1088171E-05    0.1739683E-04    0.2289154E-05    0.2071804E-05   -0.4194911E-07   -0.2112444E-05   -0.9504198E-06   -0.2536991E-05    0.2105453E-06   -0.4892694E-06   -0.6732702E-06    0.1179244E-07
    0.1064358E-05   -0.6841706E-05    0.1088171E-05    0.4425890E-03   -0.5122008E-03    0.9080806E-03    0.6836207E-04    0.2301357E-06   -0.2171107E-04   -0.1296212E-04   -0.1105282E-03   -0.2151605E-04    0.1759876E-04   -0.5145587E-04   -0.6447492E-06
    0.4136692E-04   -0.2098328E-03    0.1739683E-04   -0.5122008E-03    0.4425710E-01    0.2635648E-03    0.2230458E-02   -0.1681809E-04   -0.1034711E-02   -0.1373088E-03    0.1816170E-02    0.2915502E-03   -0.1745579E-03    0.3642395E-02    0.9119851E-05
    0.3760179E-05   -0.1105481E-04    0.2289154E-05    0.9080806E-03    0.2635648E-03    0.2013796E-02    0.2234399E-03    0.1337420E-04   -0.3315259E-04   -0.2372750E-04   -0.2446217E-03   -0.4545440E-04    0.5858029E-04    0.9774265E-05   -0.9774493E-06
    0.3662313E-05   -0.1903014E-04    0.2071804E-05    0.6836207E-04    0.2230458E-02    0.2234399E-03    0.2273480E-03   -0.1275674E-05   -0.7467467E-04   -0.2446889E-04    0.2503093E-04    0.2644180E-05    0.4970859E-05    0.1142938E-03    0.1667021E-06
   -0.9067732E-08    0.1287797E-06   -0.4194911E-07    0.2301357E-06   -0.1681809E-04    0.1337420E-04   -0.1275674E-05    0.6226150E-05    0.3915579E-07    0.2613735E-07   -0.8006426E-05    0.1229676E-05   -0.2607768E-05   -0.8901931E-06   -0.8029177E-08
   -0.1631753E-05    0.1119335E-04   -0.2112444E-05   -0.2171107E-04   -0.1034711E-02   -0.3315259E-04   -0.7467467E-04    0.3915579E-07    0.5750106E-02    0.1800806E-02    0.1412554E-02   -0.7046552E-03   -0.3197309E-04   -0.2309919E-03   -0.1444633E-05
   -0.6039179E-06    0.3140373E-05   -0.9504198E-06   -0.1296212E-04   -0.1373088E-03   -0.2372750E-04   -0.2446889E-04    0.2613735E-07    0.1800806E-02    0.1216722E-02    0.6359273E-03    0.2002582E-03    0.2946936E-04   -0.2604499E-03   -0.6765568E-06
    0.4241977E-07   -0.5298725E-05   -0.2536991E-05   -0.1105282E-03    0.1816170E-02   -0.2446217E-03    0.2503093E-04   -0.8006426E-05    0.1412554E-02    0.6359273E-03    0.3306490E-01   -0.5011891E-03    0.1604102E-02    0.1108669E-01   -0.9664678E-06
   -0.6507008E-07   -0.1740766E-05    0.2105453E-06   -0.2151605E-04    0.2915502E-03   -0.4545440E-04    0.2644180E-05    0.1229676E-05   -0.7046552E-03    0.2002582E-03   -0.5011891E-03    0.1376572E-02    0.1415474E-03   -0.2822888E-03    0.7486427E-06
   -0.4208664E-06    0.2399681E-05   -0.4892694E-06    0.1759876E-04   -0.1745579E-03    0.5858029E-04    0.4970859E-05   -0.2607768E-05   -0.3197309E-04    0.2946936E-04    0.1604102E-02    0.1415474E-03    0.5089491E-02    0.3959358E-02    0.6343500E-06
    0.5597550E-07    0.7141079E-06   -0.6732702E-06   -0.5145587E-04    0.3642395E-02    0.9774265E-05    0.1142938E-03   -0.8901931E-06   -0.2309919E-03   -0.2604499E-03    0.1108669E-01   -0.2822888E-03    0.3959358E-02    0.3673247E-01    0.2594810E-05
    0.6454968E-08   -0.3430553E-07    0.1179244E-07   -0.6447492E-06    0.9119851E-05   -0.9774493E-06    0.1667021E-06   -0.8029177E-08   -0.1444633E-05   -0.6765568E-06   -0.9664678E-06    0.7486427E-06    0.6343500E-06    0.2594810E-05    0.9696392E-06
