# omegabh2 omegach2 theta tau logA ns r calPlanck aps100 aps143 aps217 acib217 asz143 psr xi aksz dust100 dust143 dust217 dust143x217 cal0 cal2 bm_1_1
    0.5153749E-07   -0.2702359E-06    0.4938455E-07    0.1603962E-05    0.2719553E-05    0.8181827E-06    0.2881915E-07    0.2486943E-07   -0.9163097E-03   -0.5749682E-03    0.1230067E-03   -0.2481341E-03    0.5149505E-04    0.5319600E-06    0.1836427E-05   -0.7381258E-04    0.5430526E-07    0.4340790E-06    0.1739601E-05   -0.9170224E-06    0.4750007E-08   -0.2799442E-07    0.5294812E-06
   -0.2702359E-06    0.4658572E-05   -0.4665284E-06   -0.1638800E-04   -0.2198551E-04   -0.1115323E-04   -0.7022026E-05   -0.1825842E-06    0.2638858E-02    0.2412155E-02    0.7037764E-04    0.9017909E-03   -0.1613742E-03    0.1817880E-05   -0.1357399E-04    0.2004755E-03    0.6311670E-06   -0.4644802E-05   -0.4624490E-05    0.5284696E-05   -0.6478352E-07    0.1387240E-06    0.1876780E-04
    0.4938455E-07   -0.4665284E-06    0.2269756E-06    0.2315564E-05    0.3740594E-05    0.1399250E-05    0.5798919E-06    0.2114294E-07   -0.3424390E-03   -0.3657330E-03   -0.1584286E-03   -0.5134102E-04    0.2399555E-04   -0.8511965E-06    0.5579753E-07   -0.1688244E-04   -0.6001141E-06    0.4486763E-06   -0.2745458E-06   -0.1298159E-05    0.5423630E-08   -0.1511207E-07   -0.1448337E-05
    0.1603962E-05   -0.1638800E-04    0.2315564E-05    0.3494418E-03    0.6584227E-03    0.5577733E-04   -0.5239918E-04   -0.1953874E-06   -0.5658199E-01   -0.2781023E-01    0.1784260E-01   -0.1779203E-01    0.3018959E-02    0.6930916E-04    0.1465874E-03   -0.5515985E-02   -0.4743440E-04    0.1817016E-04    0.8679246E-04   -0.8347207E-04    0.3165859E-07   -0.2896764E-05   -0.1788664E-04
    0.2719553E-05   -0.2198551E-04    0.3740594E-05    0.6584227E-03    0.1290103E-02    0.8406853E-04   -0.1293519E-03    0.1171848E-04   -0.1021290E+00   -0.4872096E-01    0.4292579E-01   -0.3423493E-01    0.5941357E-02    0.1705706E-03    0.3046842E-03   -0.1186352E-01   -0.1155452E-03   -0.3782680E-04    0.2016985E-03   -0.1527617E-03    0.4901765E-06   -0.5559624E-05   -0.4021822E-04
    0.8181827E-06   -0.1115323E-04    0.1399250E-05    0.5577733E-04    0.8406853E-04    0.3890044E-04    0.2753632E-04    0.5626761E-06   -0.3121785E-01   -0.1302599E-01    0.9643047E-02   -0.8373814E-02    0.1394890E-02    0.5310649E-04    0.1035442E-03   -0.3141494E-02    0.1861915E-04    0.1062097E-04    0.5110028E-04   -0.4257905E-04   -0.2224142E-06   -0.9915880E-06   -0.2088211E-04
    0.2881915E-07   -0.7022026E-05    0.5798919E-06   -0.5239918E-04   -0.1293519E-03    0.2753632E-04    0.1226527E-02   -0.8169116E-06   -0.1561729E-01   -0.7430093E-02    0.5301332E-02   -0.4227139E-02    0.9620473E-03    0.3508944E-04   -0.6298227E-04   -0.5417010E-03   -0.1052855E-03   -0.1735494E-04    0.6038238E-04   -0.6746688E-05   -0.1956012E-06    0.2067295E-06   -0.1155771E-03
    0.2486943E-07   -0.1825842E-06    0.2114294E-07   -0.1953874E-06    0.1171848E-04    0.5626761E-06   -0.8169116E-06    0.6224524E-05    0.2796549E-02    0.3963479E-03    0.1338875E-02    0.4890530E-03    0.3624285E-04    0.1189768E-05    0.6130738E-05   -0.8052131E-04   -0.3550547E-05   -0.6841756E-06    0.1117152E-04    0.2554644E-05    0.1918574E-07   -0.2525913E-07   -0.3209100E-04
   -0.9163097E-03    0.2638858E-02   -0.3424390E-03   -0.5658199E-01   -0.1021290E+00   -0.3121785E-01   -0.1561729E-01    0.2796549E-02    0.5073408E+03    0.6584089E+02   -0.6431047E+02    0.3524991E+02   -0.2236828E+02   -0.8743868E+00   -0.4301706E-01    0.9973534E+01   -0.5274143E-01    0.3399746E-01   -0.5057063E-01   -0.2014414E+00    0.5703094E-02    0.8375551E-02    0.1180676E+01
   -0.5749682E-03    0.2412155E-02   -0.3657330E-03   -0.2781023E-01   -0.4872096E-01   -0.1302599E-01   -0.7430093E-02    0.3963479E-03    0.6584089E+02    0.5978911E+02    0.9111064E+01    0.7342659E+01   -0.2212909E+01    0.2100039E+00    0.7756628E+00   -0.6254702E+01   -0.1334651E-01   -0.1746451E+00   -0.8141742E-01    0.1426171E+00    0.3695118E-03   -0.4319293E-03   -0.1010784E+00
    0.1230067E-03    0.7037764E-04   -0.1584286E-03    0.1784260E-01    0.4292579E-01    0.9643047E-02    0.5301332E-02    0.1338875E-02   -0.6431047E+02    0.9111064E+01    0.1676728E+03   -0.7625422E+02    0.5017085E+01    0.5033982E+00    0.4141242E+00   -0.9508965E+01    0.4549177E-02   -0.6069736E-01    0.5959876E+00   -0.6946458E-01    0.1480740E-02   -0.1113628E-01    0.9610163E-01
   -0.2481341E-03    0.9017909E-03   -0.5134102E-04   -0.1779203E-01   -0.3423493E-01   -0.8373814E-02   -0.4227139E-02    0.4890530E-03    0.3524991E+02    0.7342659E+01   -0.7625422E+02    0.4536055E+02    0.1831226E+00   -0.7834384E-01   -0.3037840E+00   -0.1359694E+01    0.1747841E-02    0.4194396E-01   -0.4684847E+00   -0.1990989E-01   -0.3839035E-03    0.4911011E-02   -0.6964633E-01
    0.5149505E-04   -0.1613742E-03    0.2399555E-04    0.3018959E-02    0.5941357E-02    0.1394890E-02    0.9620473E-03    0.3624285E-04   -0.2236828E+02   -0.2212909E+01    0.5017085E+01    0.1831226E+00    0.3610722E+01    0.1411697E+00   -0.7050457E-01   -0.2968433E+01   -0.4329561E-02   -0.1631019E-01   -0.4335142E-01    0.5923357E-01    0.4126208E-03   -0.1024126E-02    0.3202949E-01
    0.5319600E-06    0.1817880E-05   -0.8511965E-06    0.6930916E-04    0.1705706E-03    0.5310649E-04    0.3508944E-04    0.1189768E-05   -0.8743868E+00    0.2100039E+00    0.5033982E+00   -0.7834384E-01    0.1411697E+00    0.1253441E-01    0.1479898E-01   -0.1641387E+00   -0.1909652E-03   -0.3154132E-03   -0.1715035E-02    0.6410352E-03    0.1983168E-04   -0.4191086E-04    0.2024285E-02
    0.1836427E-05   -0.1357399E-04    0.5579753E-07    0.1465874E-03    0.3046842E-03    0.1035442E-03   -0.6298227E-04    0.6130738E-05   -0.4301706E-01    0.7756628E+00    0.4141242E+00   -0.3037840E+00   -0.7050457E-01    0.1479898E-01    0.8098590E-01    0.6715397E-01   -0.1172656E-03   -0.6361404E-03   -0.6369867E-03    0.1185192E-02    0.1174551E-04   -0.3692051E-04    0.6230715E-03
   -0.7381258E-04    0.2004755E-03   -0.1688244E-04   -0.5515985E-02   -0.1186352E-01   -0.3141494E-02   -0.5417010E-03   -0.8052131E-04    0.9973534E+01   -0.6254702E+01   -0.9508965E+01   -0.1359694E+01   -0.2968433E+01   -0.1641387E+00    0.6715397E-01    0.7111943E+01   -0.6140574E-03    0.1654286E-01    0.4613147E-01   -0.5434111E-01   -0.3605766E-03    0.7260988E-03   -0.7265144E-02
    0.5430526E-07    0.6311670E-06   -0.6001141E-06   -0.4743440E-04   -0.1155452E-03    0.1861915E-04   -0.1052855E-03   -0.3550547E-05   -0.5274143E-01   -0.1334651E-01    0.4549177E-02    0.1747841E-02   -0.4329561E-02   -0.1909652E-03   -0.1172656E-03   -0.6140574E-03    0.3729602E-01    0.3273997E-02   -0.4065484E-03    0.4781874E-04    0.4036477E-04   -0.6793511E-05    0.6845695E-04
    0.4340790E-06   -0.4644802E-05    0.4486763E-06    0.1817016E-04   -0.3782680E-04    0.1062097E-04   -0.1735494E-04   -0.6841756E-06    0.3399746E-01   -0.1746451E+00   -0.6069736E-01    0.4194396E-01   -0.1631019E-01   -0.3154132E-03   -0.6361404E-03    0.1654286E-01    0.3273997E-02    0.3310231E-01   -0.2923952E-02    0.2690585E-02   -0.5883032E-04   -0.6399857E-04   -0.7001482E-03
    0.1739601E-05   -0.4624490E-05   -0.2745458E-06    0.8679246E-04    0.2016985E-03    0.5110028E-04    0.6038238E-04    0.1117152E-04   -0.5057063E-01   -0.8141742E-01    0.5959876E+00   -0.4684847E+00   -0.4335142E-01   -0.1715035E-02   -0.6369867E-03    0.4613147E-01   -0.4065484E-03   -0.2923952E-02    0.1344700E-01    0.1138852E-01    0.3248594E-06    0.6794153E-04    0.4423929E-03
   -0.9170224E-06    0.5284696E-05   -0.1298159E-05   -0.8347207E-04   -0.1527617E-03   -0.4257905E-04   -0.6746688E-05    0.2554644E-05   -0.2014414E+00    0.1426171E+00   -0.6946458E-01   -0.1990989E-01    0.5923357E-01    0.6410352E-03    0.1185192E-02   -0.5434111E-01    0.4781874E-04    0.2690585E-02    0.1138852E-01    0.3187133E-01    0.5970463E-05    0.8770897E-04    0.1934939E-03
    0.4750007E-08   -0.6478352E-07    0.5423630E-08    0.3165859E-07    0.4901765E-06   -0.2224142E-06   -0.1956012E-06    0.1918574E-07    0.5703094E-02    0.3695118E-03    0.1480740E-02   -0.3839035E-03    0.4126208E-03    0.1983168E-04    0.1174551E-04   -0.3605766E-03    0.4036477E-04   -0.5883032E-04    0.3248594E-06    0.5970463E-05    0.9325100E-06   -0.7596724E-07   -0.5969741E-04
   -0.2799442E-07    0.1387240E-06   -0.1511207E-07   -0.2896764E-05   -0.5559624E-05   -0.9915880E-06    0.2067295E-06   -0.2525913E-07    0.8375551E-02   -0.4319293E-03   -0.1113628E-01    0.4911011E-02   -0.1024126E-02   -0.4191086E-04   -0.3692051E-04    0.7260988E-03   -0.6793511E-05   -0.6399857E-04    0.6794153E-04    0.8770897E-04   -0.7596724E-07    0.3123855E-05   -0.7757247E-05
    0.5294812E-06    0.1876780E-04   -0.1448337E-05   -0.1788664E-04   -0.4021822E-04   -0.2088211E-04   -0.1155771E-03   -0.3209100E-04    0.1180676E+01   -0.1010784E+00    0.9610163E-01   -0.6964633E-01    0.3202949E-01    0.2024285E-02    0.6230715E-03   -0.7265144E-02    0.6845695E-04   -0.7001482E-03    0.4423929E-03    0.1934939E-03   -0.5969741E-04   -0.7757247E-05    0.9959735E+00
