# omegabh2 omegach2 theta tau w logA ns calPlanck alpha_JLA beta_JLA acib217 xi asz143 aps100 aps143 aps143217 aps217 aksz kgal100 kgal143 kgal143217 kgal217 galfEE100 galfEE100143 galfEE100217 galfEE143 galfEE143217 galfEE217 galfTE100 galfTE100143 galfTE100217 galfTE143 galfTE143217 galfTE217 cal0 cal2
    0.2230215E-07   -0.1055645E-06    0.1568909E-07    0.8237477E-06    0.2348201E-05    0.1507531E-05    0.2807446E-06    0.1365708E-07   -0.9374134E-08   -0.4254623E-06   -0.1043760E-03    0.2385096E-05    0.2371436E-04   -0.3889178E-03   -0.2204635E-03   -0.3667000E-04    0.4035343E-04   -0.4145549E-04   -0.5567334E-05   -0.5345900E-05   -0.1076970E-04    0.1550259E-04    0.8264147E-07    0.2059858E-07    0.1740067E-07    0.3020373E-07    0.2140914E-07    0.2927132E-07   -0.4325834E-06   -0.1410817E-06   -0.2066462E-06   -0.1132452E-06   -0.4543182E-06   -0.1585049E-05    0.5303150E-08   -0.7100825E-08
   -0.1055645E-06    0.1638098E-05   -0.1132040E-06   -0.8363558E-05   -0.3171908E-04   -0.1285649E-04   -0.4055986E-05   -0.6021288E-07    0.1827791E-06    0.4872882E-05    0.2590929E-03   -0.1117851E-04   -0.1031745E-03    0.1619910E-02    0.1006919E-02    0.3103563E-03    0.2052505E-03    0.1669357E-03    0.3026513E-04    0.7234430E-05    0.1227121E-04    0.5534205E-04   -0.1149547E-05   -0.3736256E-06   -0.1997028E-06   -0.4603415E-06    0.9871578E-08    0.3774948E-06    0.1930941E-05    0.4313399E-06   -0.6767464E-06    0.7662102E-06    0.1406770E-05    0.6977129E-05    0.4093738E-08    0.3779970E-07
    0.1568909E-07   -0.1132040E-06    0.9316401E-07    0.9182662E-06    0.3615526E-05    0.1660400E-05    0.4248298E-06    0.9036846E-08   -0.1229164E-07   -0.6346033E-06   -0.1451828E-04    0.1857426E-06    0.1099206E-04   -0.2036012E-03   -0.1110295E-03   -0.5070391E-04   -0.3101393E-04   -0.1241531E-04   -0.7547917E-05   -0.4579456E-05   -0.1066203E-04   -0.2410268E-04    0.1166000E-06    0.3513268E-07    0.1261896E-07    0.4474738E-07   -0.5338645E-07   -0.1435196E-07   -0.2985768E-06   -0.2273112E-07    0.1135140E-06    0.3449154E-07    0.2476141E-07   -0.1396651E-05   -0.8784388E-09   -0.3863484E-08
    0.8237477E-06   -0.8363558E-05    0.9182662E-06    0.2860020E-03    0.1947870E-03    0.5481538E-03    0.3088506E-04   -0.2070220E-05   -0.1522087E-05   -0.2903673E-04   -0.1069615E-01    0.1842174E-03    0.2394178E-02   -0.4170270E-01   -0.1567897E-01    0.2135666E-02    0.9516245E-02   -0.5623017E-02   -0.6291244E-03   -0.1315695E-02   -0.2615893E-02   -0.5148702E-03    0.5688439E-05    0.2161182E-05    0.2300937E-06    0.1896570E-05   -0.5081959E-06   -0.7320582E-05   -0.3321292E-04   -0.8415889E-05    0.5400299E-04   -0.6500137E-05   -0.1465434E-04   -0.2354749E-04    0.2801130E-06   -0.1082225E-05
    0.2348201E-05   -0.3171908E-04    0.3615526E-05    0.1947870E-03    0.1799121E-02    0.3178977E-03    0.8182454E-04    0.1590547E-05   -0.1569069E-04   -0.3145262E-03   -0.7747230E-02    0.1168532E-03    0.2309773E-02   -0.2290718E-01   -0.2029478E-01   -0.7655246E-02   -0.4856714E-03   -0.4609466E-02   -0.1060916E-02   -0.8793293E-03    0.1227793E-02    0.3558648E-02    0.2800637E-04    0.6845507E-05    0.5565406E-05    0.6150265E-05   -0.1212646E-04    0.3718500E-05   -0.3524652E-04   -0.9822027E-05    0.5720375E-04   -0.2688108E-04   -0.2660788E-04   -0.1321780E-03    0.2243284E-06   -0.2623103E-06
    0.1507531E-05   -0.1285649E-04    0.1660400E-05    0.5481538E-03    0.3178977E-03    0.1088102E-02    0.5080491E-04    0.9031341E-05   -0.2510070E-05   -0.4558802E-04   -0.2117533E-01    0.4302707E-03    0.4629056E-02   -0.7705856E-01   -0.2761314E-01    0.8650734E-02    0.2598348E-01   -0.1177983E-01   -0.1500799E-02   -0.3309578E-02   -0.5839193E-02    0.5265568E-03    0.1089115E-04    0.3558958E-05    0.1345901E-05    0.3490504E-05   -0.3364175E-06   -0.1796802E-04   -0.6298547E-04   -0.1520129E-04    0.9625328E-04   -0.1146900E-04   -0.2866939E-04   -0.1455440E-04    0.8300405E-06   -0.2097363E-05
    0.2807446E-06   -0.4055986E-05    0.4248298E-06    0.3088506E-04    0.8182454E-04    0.5080491E-04    0.1998045E-04    0.4326532E-06   -0.5900061E-06   -0.1321717E-04   -0.4992874E-02    0.1202574E-03    0.1076758E-02   -0.2272779E-01   -0.6439329E-02    0.2360340E-02    0.5784181E-02   -0.2619007E-02    0.1053391E-03   -0.2364026E-03   -0.6267087E-03    0.4072444E-03    0.6086262E-05    0.1836839E-05    0.6206806E-06    0.2264390E-05   -0.1781587E-06   -0.1632652E-05   -0.6409589E-05   -0.2026197E-05    0.1240818E-04   -0.1062867E-05   -0.6502180E-05   -0.1708137E-04   -0.1509518E-06   -0.4898692E-06
    0.1365708E-07   -0.6021288E-07    0.9036846E-08   -0.2070220E-05    0.1590547E-05    0.9031341E-05    0.4326532E-06    0.6603296E-05    0.1395553E-07    0.8563158E-06    0.6993223E-03    0.1461327E-04    0.2175059E-04    0.2615312E-02    0.4976285E-03    0.6958739E-03    0.1548428E-02   -0.8885817E-04   -0.5232326E-04   -0.8004931E-04   -0.1030467E-03    0.6226963E-03    0.1728984E-05    0.2637325E-06    0.3936857E-06    0.6607358E-06    0.3569236E-06   -0.1272825E-05   -0.8999489E-07    0.8839255E-07   -0.4495392E-05   -0.1829179E-06   -0.3040964E-06    0.1060835E-04    0.2231319E-08    0.2195964E-07
   -0.9374134E-08    0.1827791E-06   -0.1229164E-07   -0.1522087E-05   -0.1569069E-04   -0.2510070E-05   -0.5900061E-06    0.1395553E-07    0.4344496E-04   -0.2655446E-04   -0.7087687E-04    0.2992127E-04   -0.3051660E-04    0.3907561E-03    0.4504074E-03    0.6053091E-03    0.6900128E-03    0.2255162E-04    0.1814452E-04    0.3759196E-04   -0.7068849E-04   -0.4478368E-03   -0.3710136E-06    0.2600712E-06   -0.8020059E-06    0.4387434E-06   -0.1000920E-05    0.3126751E-05   -0.2782361E-06    0.5072486E-06   -0.1689700E-04    0.1430861E-05   -0.4119246E-05   -0.8612524E-05    0.1801120E-07   -0.6029811E-07
   -0.4254623E-06    0.4872882E-05   -0.6346033E-06   -0.2903673E-04   -0.3145262E-03   -0.4558802E-04   -0.1321717E-04    0.8563158E-06   -0.2655446E-04    0.6537471E-02    0.1307792E-02    0.6838145E-04   -0.2232255E-03    0.1506492E-01    0.1217078E-01    0.1110579E-01    0.5193171E-02   -0.5208636E-03    0.3848420E-03   -0.5875352E-03   -0.1583076E-02   -0.2841421E-02   -0.2029616E-05   -0.5111348E-05    0.7305568E-05   -0.2161951E-05    0.4765367E-05    0.1591704E-04   -0.2572355E-04    0.4615588E-05    0.2067514E-04    0.2020165E-04    0.5481698E-04   -0.1022233E-03    0.3518533E-06   -0.6964559E-06
   -0.1043760E-03    0.2590929E-03   -0.1451828E-04   -0.1069615E-01   -0.7747230E-02   -0.2117533E-01   -0.4992874E-02    0.6993223E-03   -0.7087687E-04    0.1307792E-02    0.4834371E+02   -0.4560749E+00   -0.1389324E+01    0.4083312E+02    0.5565461E+00   -0.2009195E+02   -0.6545074E+02    0.5183507E-01   -0.2572063E+00    0.3711873E+00   -0.3268234E+01   -0.2562891E+02   -0.1617197E-02    0.7455750E-04   -0.2797617E-03   -0.1703792E-04    0.1078092E-02    0.4225369E-02   -0.1557467E-02    0.2006678E-02   -0.5467028E-02   -0.1764185E-02   -0.2027290E-02    0.9256410E-02   -0.1516762E-03    0.4319341E-02
    0.2385096E-05   -0.1117851E-04    0.1857426E-06    0.1842174E-03    0.1168532E-03    0.4302707E-03    0.1202574E-03    0.1461327E-04    0.2992127E-04    0.6838145E-04   -0.4560749E+00    0.8200191E-01   -0.6779178E-01   -0.3922067E+00    0.9819154E+00    0.1811394E+01    0.7212308E+00    0.6329430E-01   -0.2953078E-02    0.7519504E-02    0.9181985E-01    0.7973000E-01    0.4157913E-04   -0.7347423E-07    0.5412091E-04    0.2094008E-04    0.3189305E-04    0.2171048E-03    0.3405951E-03    0.8521089E-04   -0.1597056E-03   -0.2850626E-04    0.7977533E-04   -0.2091503E-03    0.1148972E-04   -0.2054259E-04
    0.2371436E-04   -0.1031745E-03    0.1099206E-04    0.2394178E-02    0.2309773E-02    0.4629056E-02    0.1076758E-02    0.2175059E-04   -0.3051660E-04   -0.2232255E-03   -0.1389324E+01   -0.6779178E-01    0.3632704E+01   -0.2817125E+02   -0.3759353E+01    0.7194568E+01    0.6079302E+01   -0.2458495E+01   -0.2293271E+00    0.5065024E-01    0.2396706E+01    0.2017616E+01    0.3238642E-03    0.1475482E-03   -0.1479255E-03    0.8720301E-04   -0.1586790E-04   -0.7871835E-03   -0.6756929E-03    0.1964983E-03    0.1875179E-02   -0.5690032E-03   -0.9718564E-03   -0.1563296E-02    0.1844000E-03   -0.3369898E-03
   -0.3889178E-03    0.1619910E-02   -0.2036012E-03   -0.4170270E-01   -0.2290718E-01   -0.7705856E-01   -0.2272779E-01    0.2615312E-02    0.3907561E-03    0.1506492E-01    0.4083312E+02   -0.3922067E+00   -0.2817125E+02    0.7030046E+03    0.6551570E+02   -0.5517095E+02   -0.6825324E+02    0.1177425E+02    0.4104898E+00    0.1083240E+00   -0.1259475E+02   -0.1934180E+02   -0.5355175E-02   -0.1328031E-02    0.3782216E-02   -0.2478276E-02   -0.1238782E-02    0.2562895E-02    0.3955812E-01   -0.8265296E-02   -0.8203360E-02    0.4798340E-02   -0.1889791E-02    0.1291691E-01    0.4377774E-02    0.4138323E-02
   -0.2204635E-03    0.1006919E-02   -0.1110295E-03   -0.1567897E-01   -0.2029478E-01   -0.2761314E-01   -0.6439329E-02    0.4976285E-03    0.4504074E-03    0.1217078E-01    0.5565461E+00    0.9819154E+00   -0.3759353E+01    0.6551570E+02    0.5659734E+02    0.4092630E+02    0.1619610E+02   -0.4424551E+01   -0.3259521E+00   -0.9001055E+00    0.3539551E+01    0.3291946E+01   -0.1269019E-02   -0.5532672E-03    0.3648019E-04   -0.5248497E-03    0.3159496E-03    0.1193940E-02    0.1382697E-01    0.5901187E-02   -0.7739413E-02   -0.2851744E-03    0.8004546E-02    0.2596926E-01    0.1793266E-03    0.1720930E-03
   -0.3667000E-04    0.3103563E-03   -0.5070391E-04    0.2135666E-02   -0.7655246E-02    0.8650734E-02    0.2360340E-02    0.6958739E-03    0.6053091E-03    0.1110579E-01   -0.2009195E+02    0.1811394E+01    0.7194568E+01   -0.5517095E+02    0.4092630E+02    0.9097247E+02    0.6267360E+02   -0.1116446E+02   -0.6966235E+00   -0.3178780E+00    0.4401632E+01    0.5248823E+01    0.1489318E-02    0.5311665E-04    0.8184128E-03    0.2278080E-03    0.1005336E-03   -0.6439052E-03    0.1191469E-01    0.4230630E-02    0.4497773E-02   -0.2402987E-02    0.4288239E-02    0.1066755E-01    0.7735835E-03   -0.2516135E-02
    0.4035343E-04    0.2052505E-03   -0.3101393E-04    0.9516245E-02   -0.4856714E-03    0.2598348E-01    0.5784181E-02    0.1548428E-02    0.6900128E-03    0.5193171E-02   -0.6545074E+02    0.7212308E+00    0.6079302E+01   -0.6825324E+02    0.1619610E+02    0.6267360E+02    0.1230929E+03   -0.9378856E+01   -0.1198680E+00   -0.6400924E+00    0.7225662E+00    0.2250834E+02    0.2944850E-02   -0.8028780E-04    0.3983700E-03    0.5339053E-04   -0.1417742E-02   -0.9651717E-02    0.6722415E-02   -0.1097626E-02    0.1008999E-01    0.7975428E-04    0.5624293E-02    0.9689292E-02    0.5313982E-03   -0.7567176E-02
   -0.4145549E-04    0.1669357E-03   -0.1241531E-04   -0.5623017E-02   -0.4609466E-02   -0.1177983E-01   -0.2619007E-02   -0.8885817E-04    0.2255162E-04   -0.5208636E-03    0.5183507E-01    0.6329430E-01   -0.2458495E+01    0.1177425E+02   -0.4424551E+01   -0.1116446E+02   -0.9378856E+01    0.5680716E+01    0.1428288E+00   -0.4791387E-01   -0.1745589E+01   -0.1191674E+01   -0.8423977E-03   -0.2545893E-03   -0.5832085E-04   -0.1308409E-03   -0.1197875E-03    0.1858975E-02    0.1038874E-03   -0.5121550E-03   -0.3048832E-02    0.8088295E-03    0.4173314E-02    0.9109699E-03   -0.1254595E-03    0.1495518E-03
   -0.5567334E-05    0.3026513E-04   -0.7547917E-05   -0.6291244E-03   -0.1060916E-02   -0.1500799E-02    0.1053391E-03   -0.5232326E-04    0.1814452E-04    0.3848420E-03   -0.2572063E+00   -0.2953078E-02   -0.2293271E+00    0.4104898E+00   -0.3259521E+00   -0.6966235E+00   -0.1198680E+00    0.1428288E+00    0.3142744E+01    0.7476031E+00    0.2508898E+00    0.5113434E+00   -0.7712919E-04   -0.2411688E-04    0.1422159E-03   -0.5787990E-05    0.1032965E-03    0.6870793E-03   -0.2878275E-02   -0.1908678E-03    0.2367730E-02   -0.2079179E-03   -0.1427628E-02    0.7394554E-03    0.4293340E-03   -0.1849155E-04
   -0.5345900E-05    0.7234430E-05   -0.4579456E-05   -0.1315695E-02   -0.8793293E-03   -0.3309578E-02   -0.2364026E-03   -0.8004931E-04    0.3759196E-04   -0.5875352E-03    0.3711873E+00    0.7519504E-02    0.5065024E-01    0.1083240E+00   -0.9001055E+00   -0.3178780E+00   -0.6400924E+00   -0.4791387E-01    0.7476031E+00    0.3107158E+01    0.2318127E+01    0.1251342E+01    0.1120179E-03   -0.2826736E-04   -0.5155498E-04   -0.1568668E-03   -0.3731762E-04    0.2732352E-03    0.3351102E-02   -0.1193295E-03   -0.2801580E-02   -0.2059712E-03   -0.5540580E-03   -0.2621840E-02   -0.4338168E-03   -0.2133660E-03
   -0.1076970E-04    0.1227121E-04   -0.1066203E-04   -0.2615893E-02    0.1227793E-02   -0.5839193E-02   -0.6267087E-03   -0.1030467E-03   -0.7068849E-04   -0.1583076E-02   -0.3268234E+01    0.9181985E-01    0.2396706E+01   -0.1259475E+02    0.3539551E+01    0.4401632E+01    0.7225662E+00   -0.1745589E+01    0.2508898E+00    0.2318127E+01    0.1773650E+02    0.2736702E+02   -0.2939981E-03   -0.1182465E-03   -0.1873811E-04   -0.2138245E-03    0.2571929E-03    0.1859978E-02    0.1027082E-01    0.3974986E-02   -0.4668169E-02   -0.2541141E-03   -0.3428213E-02   -0.2868928E-02   -0.7067535E-04    0.2476532E-02
    0.1550259E-04    0.5534205E-04   -0.2410268E-04   -0.5148702E-03    0.3558648E-02    0.5265568E-03    0.4072444E-03    0.6226963E-03   -0.4478368E-03   -0.2841421E-02   -0.2562891E+02    0.7973000E-01    0.2017616E+01   -0.1934180E+02    0.3291946E+01    0.5248823E+01    0.2250834E+02   -0.1191674E+01    0.5113434E+00    0.1251342E+01    0.2736702E+02    0.6293317E+02    0.3424363E-03   -0.2033126E-03    0.2655007E-03   -0.1385998E-03   -0.2265537E-03    0.5075876E-03    0.1247297E-01    0.4160738E-02    0.3459086E-02    0.1569168E-02   -0.5266807E-02   -0.6834125E-02   -0.6901251E-04    0.4470207E-02
    0.8264147E-07   -0.1149547E-05    0.1166000E-06    0.5688439E-05    0.2800637E-04    0.1089115E-04    0.6086262E-05    0.1728984E-05   -0.3710136E-06   -0.2029616E-05   -0.1617197E-02    0.4157913E-04    0.3238642E-03   -0.5355175E-02   -0.1269019E-02    0.1489318E-02    0.2944850E-02   -0.8423977E-03   -0.7712919E-04    0.1120179E-03   -0.2939981E-03    0.3424363E-03    0.1236340E-03    0.1111826E-04    0.1041600E-05    0.3223880E-05    0.9604031E-07   -0.7132065E-06   -0.2219552E-04   -0.8619607E-05    0.4327809E-05   -0.3586364E-05   -0.3850113E-05    0.2258040E-04   -0.1171100E-06   -0.2129555E-06
    0.2059858E-07   -0.3736256E-06    0.3513268E-07    0.2161182E-05    0.6845507E-05    0.3558958E-05    0.1836839E-05    0.2637325E-06    0.2600712E-06   -0.5111348E-05    0.7455750E-04   -0.7347423E-07    0.1475482E-03   -0.1328031E-02   -0.5532672E-03    0.5311665E-04   -0.8028780E-04   -0.2545893E-03   -0.2411688E-04   -0.2826736E-04   -0.1182465E-03   -0.2033126E-03    0.1111826E-04    0.1395849E-04   -0.3881744E-06    0.6150489E-05    0.3783102E-06   -0.3038603E-05   -0.1967798E-05   -0.1395817E-05   -0.6219090E-05   -0.5553657E-06   -0.2696756E-05   -0.5013501E-05   -0.1769972E-07   -0.2310029E-07
    0.1740067E-07   -0.1997028E-06    0.1261896E-07    0.2300937E-06    0.5565406E-05    0.1345901E-05    0.6206806E-06    0.3936857E-06   -0.8020059E-06    0.7305568E-05   -0.2797617E-03    0.5412091E-04   -0.1479255E-03    0.3782216E-02    0.3648019E-04    0.8184128E-03    0.3983700E-03   -0.5832085E-04    0.1422159E-03   -0.5155498E-04   -0.1873811E-04    0.2655007E-03    0.1041600E-05   -0.3881744E-06    0.2263113E-03   -0.4813120E-06    0.2517838E-05    0.6093097E-05    0.2450788E-05   -0.2723107E-05    0.1581285E-04   -0.1234314E-05   -0.5741797E-05   -0.2421251E-04    0.6959943E-07    0.1844676E-06
    0.3020373E-07   -0.4603415E-06    0.4474738E-07    0.1896570E-05    0.6150265E-05    0.3490504E-05    0.2264390E-05    0.6607358E-06    0.4387434E-06   -0.2161951E-05   -0.1703792E-04    0.2094008E-04    0.8720301E-04   -0.2478276E-02   -0.5248497E-03    0.2278080E-03    0.5339053E-04   -0.1308409E-03   -0.5787990E-05   -0.1568668E-03   -0.2138245E-03   -0.1385998E-03    0.3223880E-05    0.6150489E-05   -0.4813120E-06    0.2999850E-04   -0.1143292E-06    0.1399683E-05   -0.1676069E-05    0.2513633E-06    0.1417764E-06   -0.1398623E-05    0.1717759E-05   -0.6607545E-05   -0.6294375E-08    0.2805874E-07
    0.2140914E-07    0.9871578E-08   -0.5338645E-07   -0.5081959E-06   -0.1212646E-04   -0.3364175E-06   -0.1781587E-06    0.3569236E-06   -0.1000920E-05    0.4765367E-05    0.1078092E-02    0.3189305E-04   -0.1586790E-04   -0.1238782E-02    0.3159496E-03    0.1005336E-03   -0.1417742E-02   -0.1197875E-03    0.1032965E-03   -0.3731762E-04    0.2571929E-03   -0.2265537E-03    0.9604031E-07    0.3783102E-06    0.2517838E-05   -0.1143292E-06    0.3918271E-03    0.2161089E-05    0.5808596E-05    0.2929237E-06   -0.1795254E-04   -0.4327986E-06   -0.1334244E-05   -0.1287968E-04    0.5016707E-07    0.1344838E-06
    0.2927132E-07    0.3774948E-06   -0.1435196E-07   -0.7320582E-05    0.3718500E-05   -0.1796802E-04   -0.1632652E-05   -0.1272825E-05    0.3126751E-05    0.1591704E-04    0.4225369E-02    0.2171048E-03   -0.7871835E-03    0.2562895E-02    0.1193940E-02   -0.6439052E-03   -0.9651717E-02    0.1858975E-02    0.6870793E-03    0.2732352E-03    0.1859978E-02    0.5075876E-03   -0.7132065E-06   -0.3038603E-05    0.6093097E-05    0.1399683E-05    0.2161089E-05    0.3499672E-02   -0.6686376E-05    0.9865504E-05    0.8886917E-04    0.1225095E-04    0.9754588E-05    0.8696326E-04   -0.1377557E-07    0.1146598E-05
   -0.4325834E-06    0.1930941E-05   -0.2985768E-06   -0.3321292E-04   -0.3524652E-04   -0.6298547E-04   -0.6409589E-05   -0.8999489E-07   -0.2782361E-06   -0.2572355E-04   -0.1557467E-02    0.3405951E-03   -0.6756929E-03    0.3955812E-01    0.1382697E-01    0.1191469E-01    0.6722415E-02    0.1038874E-03   -0.2878275E-02    0.3351102E-02    0.1027082E-01    0.1247297E-01   -0.2219552E-04   -0.1967798E-05    0.2450788E-05   -0.1676069E-05    0.5808596E-05   -0.6686376E-05    0.5866488E-02    0.1847379E-02    0.1759412E-02   -0.7537817E-03   -0.1309379E-03    0.1143999E-03    0.1990125E-05    0.6431349E-06
   -0.1410817E-06    0.4313399E-06   -0.2273112E-07   -0.8415889E-05   -0.9822027E-05   -0.1520129E-04   -0.2026197E-05    0.8839255E-07    0.5072486E-06    0.4615588E-05    0.2006678E-02    0.8521089E-04    0.1964983E-03   -0.8265296E-02    0.5901187E-02    0.4230630E-02   -0.1097626E-02   -0.5121550E-03   -0.1908678E-03   -0.1193295E-03    0.3974986E-02    0.4160738E-02   -0.8619607E-05   -0.1395817E-05   -0.2723107E-05    0.2513633E-06    0.2929237E-06    0.9865504E-05    0.1847379E-02    0.1232376E-02    0.7933716E-03    0.1782932E-03   -0.2458524E-05   -0.1478928E-03    0.7820510E-08    0.3742584E-06
   -0.2066462E-06   -0.6767464E-06    0.1135140E-06    0.5400299E-04    0.5720375E-04    0.9625328E-04    0.1240818E-04   -0.4495392E-05   -0.1689700E-04    0.2067514E-04   -0.5467028E-02   -0.1597056E-03    0.1875179E-02   -0.8203360E-02   -0.7739413E-02    0.4497773E-02    0.1008999E-01   -0.3048832E-02    0.2367730E-02   -0.2801580E-02   -0.4668169E-02    0.3459086E-02    0.4327809E-05   -0.6219090E-05    0.1581285E-04    0.1417764E-06   -0.1795254E-04    0.8886917E-04    0.1759412E-02    0.7933716E-03    0.3337063E-01   -0.6511019E-03    0.1388167E-02    0.1116853E-01    0.1247542E-06    0.2587520E-05
   -0.1132452E-06    0.7662102E-06    0.3449154E-07   -0.6500137E-05   -0.2688108E-04   -0.1146900E-04   -0.1062867E-05   -0.1829179E-06    0.1430861E-05    0.2020165E-04   -0.1764185E-02   -0.2850626E-04   -0.5690032E-03    0.4798340E-02   -0.2851744E-03   -0.2402987E-02    0.7975428E-04    0.8088295E-03   -0.2079179E-03   -0.2059712E-03   -0.2541141E-03    0.1569168E-02   -0.3586364E-05   -0.5553657E-06   -0.1234314E-05   -0.1398623E-05   -0.4327986E-06    0.1225095E-04   -0.7537817E-03    0.1782932E-03   -0.6511019E-03    0.1412671E-02    0.1651425E-03   -0.4481920E-03   -0.6359998E-07   -0.1720526E-06
   -0.4543182E-06    0.1406770E-05    0.2476141E-07   -0.1465434E-04   -0.2660788E-04   -0.2866939E-04   -0.6502180E-05   -0.3040964E-06   -0.4119246E-05    0.5481698E-04   -0.2027290E-02    0.7977533E-04   -0.9718564E-03   -0.1889791E-02    0.8004546E-02    0.4288239E-02    0.5624293E-02    0.4173314E-02   -0.1427628E-02   -0.5540580E-03   -0.3428213E-02   -0.5266807E-02   -0.3850113E-05   -0.2696756E-05   -0.5741797E-05    0.1717759E-05   -0.1334244E-05    0.9754588E-05   -0.1309379E-03   -0.2458524E-05    0.1388167E-02    0.1651425E-03    0.5113648E-02    0.3906756E-02   -0.9099249E-06   -0.1151185E-05
   -0.1585049E-05    0.6977129E-05   -0.1396651E-05   -0.2354749E-04   -0.1321780E-03   -0.1455440E-04   -0.1708137E-04    0.1060835E-04   -0.8612524E-05   -0.1022233E-03    0.9256410E-02   -0.2091503E-03   -0.1563296E-02    0.1291691E-01    0.2596926E-01    0.1066755E-01    0.9689292E-02    0.9109699E-03    0.7394554E-03   -0.2621840E-02   -0.2868928E-02   -0.6834125E-02    0.2258040E-04   -0.5013501E-05   -0.2421251E-04   -0.6607545E-05   -0.1287968E-04    0.8696326E-04    0.1143999E-03   -0.1478928E-03    0.1116853E-01   -0.4481920E-03    0.3906756E-02    0.3586411E-01    0.3027697E-06    0.1557546E-05
    0.5303150E-08    0.4093738E-08   -0.8784388E-09    0.2801130E-06    0.2243284E-06    0.8300405E-06   -0.1509518E-06    0.2231319E-08    0.1801120E-07    0.3518533E-06   -0.1516762E-03    0.1148972E-04    0.1844000E-03    0.4377774E-02    0.1793266E-03    0.7735835E-03    0.5313982E-03   -0.1254595E-03    0.4293340E-03   -0.4338168E-03   -0.7067535E-04   -0.6901251E-04   -0.1171100E-06   -0.1769972E-07    0.6959943E-07   -0.6294375E-08    0.5016707E-07   -0.1377557E-07    0.1990125E-05    0.7820510E-08    0.1247542E-06   -0.6359998E-07   -0.9099249E-06    0.3027697E-06    0.5389733E-06    0.1181238E-07
   -0.7100825E-08    0.3779970E-07   -0.3863484E-08   -0.1082225E-05   -0.2623103E-06   -0.2097363E-05   -0.4898692E-06    0.2195964E-07   -0.6029811E-07   -0.6964559E-06    0.4319341E-02   -0.2054259E-04   -0.3369898E-03    0.4138323E-02    0.1720930E-03   -0.2516135E-02   -0.7567176E-02    0.1495518E-03   -0.1849155E-04   -0.2133660E-03    0.2476532E-02    0.4470207E-02   -0.2129555E-06   -0.2310029E-07    0.1844676E-06    0.2805874E-07    0.1344838E-06    0.1146598E-05    0.6431349E-06    0.3742584E-06    0.2587520E-05   -0.1720526E-06   -0.1151185E-05    0.1557546E-05    0.1181238E-07    0.2068277E-05
