# omegabh2 omegach2 theta tau nnu logA ns aps100 aps143 aps217 acib143 acib217 asz143 psr cibr ncib xi aksz cal0 cal2 calTE calEE bm_1_1
    0.4950685E-07    0.2973770E-06   -0.2736739E-07    0.1014642E-05    0.3129189E-04    0.2864683E-05    0.1548287E-05    0.3611494E-03   -0.1057633E-03   -0.1554291E-03    0.4946675E-04    0.1131471E-03    0.3370717E-04    0.1307977E-05    0.1348028E-05    0.1315046E-05   -0.2608683E-05    0.4354305E-05   -0.4463023E-08   -0.7813745E-08    0.8697858E-07    0.1009762E-06    0.2570847E-05
    0.2973770E-06    0.1139022E-04   -0.1159923E-05    0.2183329E-06    0.6453116E-03    0.2900348E-04    0.1868498E-04    0.1111457E-01    0.4284323E-02   -0.3195504E-02    0.1789567E-02    0.4801710E-02    0.6351847E-03   -0.1035888E-04    0.1005607E-03    0.5640021E-04   -0.4707429E-04    0.9148550E-03   -0.2053506E-06   -0.1015533E-07    0.3003527E-05    0.6224145E-05    0.1469205E-03
   -0.2736739E-07   -0.1159923E-05    0.2036166E-06   -0.2734686E-06   -0.6896200E-04   -0.3378582E-05   -0.1979166E-05   -0.1608820E-02   -0.4145890E-03    0.3508345E-03   -0.2067152E-03   -0.5074468E-03   -0.5217357E-04   -0.1433570E-06   -0.9257040E-05   -0.6414820E-05    0.3047053E-05   -0.1083958E-03    0.1516692E-07   -0.1570581E-08   -0.3581040E-06   -0.7143089E-06   -0.1147909E-04
    0.1014642E-05    0.2183329E-06   -0.2734686E-06    0.1876959E-03    0.4623258E-03    0.3765951E-03    0.4142116E-04   -0.2020360E-01   -0.1403731E-02    0.7430916E-02   -0.3521574E-02   -0.5238079E-02   -0.8229067E-03    0.6291985E-04   -0.1402369E-03    0.1563798E-05    0.9801353E-04   -0.2621616E-02    0.1960439E-07    0.5244861E-06   -0.5396658E-05   -0.5644744E-06   -0.4770348E-04
    0.3129189E-04    0.6453116E-03   -0.6896200E-04    0.4623258E-03    0.4550980E-01    0.2562560E-02    0.1660843E-02    0.7505671E+00    0.2289421E+00   -0.3340842E+00    0.1324370E+00    0.3634426E+00    0.4925322E-01   -0.7760915E-04    0.6699540E-02    0.4204363E-02   -0.2864283E-02    0.5580057E-01   -0.1146314E-04   -0.2352744E-05    0.2317448E-03    0.4711839E-03    0.7635808E-02
    0.2864683E-05    0.2900348E-04   -0.3378582E-05    0.3765951E-03    0.2562560E-02    0.8335008E-03    0.1302485E-03   -0.1170930E-01    0.1153650E-01    0.1091856E-01   -0.4621323E-02    0.4094346E-03   -0.7609283E-03    0.1086347E-03   -0.7496820E-04    0.1646993E-03    0.9873121E-04   -0.4098767E-02   -0.1631822E-06    0.2664900E-05   -0.8501140E-06    0.1870688E-04    0.7456833E-03
    0.1548287E-05    0.1868498E-04   -0.1979166E-05    0.4142116E-04    0.1660843E-02    0.1302485E-03    0.8362921E-04    0.1102740E-02    0.6060084E-02   -0.4941999E-03    0.1337738E-02    0.5991920E-02    0.1332439E-02    0.5752591E-04    0.9220013E-04    0.9894201E-04   -0.3452103E-04   -0.7693923E-03   -0.6191151E-06    0.5637690E-06    0.8458480E-05    0.1552847E-04    0.3611086E-03
    0.3611494E-03    0.1111457E-01   -0.1608820E-02   -0.2020360E-01    0.7505671E+00   -0.1170930E-01    0.1102740E-02    0.2417592E+04    0.9646561E+02   -0.1164000E+03    0.5317232E+02    0.7384480E+02   -0.5678255E+02   -0.1037459E+01   -0.1186595E+01    0.5497128E+00   -0.8521985E-02   -0.1068054E+02    0.3887246E-02    0.1590494E-02    0.3885606E-02    0.1664811E-01    0.1017826E+02
   -0.1057633E-03    0.4284323E-02   -0.4145890E-03   -0.1403731E-02    0.2289421E+00    0.1153650E-01    0.6060084E-02    0.9646561E+02    0.1072122E+03    0.1865144E+02   -0.1220965E+02    0.4665164E+01   -0.8014241E+01   -0.2035258E+00    0.1133698E+00    0.5230497E-01    0.1015883E+01   -0.1159487E+02    0.1776336E-03    0.1596254E-02    0.5699070E-02    0.8892047E-02    0.3528718E-02
   -0.1554291E-03   -0.3195504E-02    0.3508345E-03    0.7430916E-02   -0.3340842E+00    0.1091856E-01   -0.4941999E-03   -0.1164000E+03    0.1865144E+02    0.2887514E+03   -0.2524641E+02   -0.1354945E+03    0.1765032E+01   -0.6294246E-02   -0.1417376E+01   -0.1770807E+01    0.4834590E+00   -0.9230262E+01   -0.6529728E-03   -0.2129288E-02   -0.1519274E-02   -0.2526996E-02    0.1170089E+00
    0.4946675E-04    0.1789567E-02   -0.2067152E-03   -0.3521574E-02    0.1324370E+00   -0.4621323E-02    0.1337738E-02    0.5317232E+02   -0.1220965E+02   -0.2524641E+02    0.1788072E+02    0.1600818E+02   -0.1079681E+01   -0.1919611E-02    0.1112164E-01    0.1809310E+00    0.1070795E+00   -0.1254491E+01   -0.1281850E-03   -0.9196049E-03    0.2338596E-03    0.5991918E-03   -0.2083213E+00
    0.1131471E-03    0.4801710E-02   -0.5074468E-03   -0.5238079E-02    0.3634426E+00    0.4094346E-03    0.5991920E-02    0.7384480E+02    0.4665164E+01   -0.1354945E+03    0.1600818E+02    0.7602695E+02    0.1487418E+00    0.5491967E-01    0.6977106E+00    0.1080358E+01   -0.2862660E+00   -0.1731139E+01    0.4219203E-03    0.3332374E-03    0.3406010E-02    0.5170382E-02   -0.6432241E-02
    0.3370717E-04    0.6351847E-03   -0.5217357E-04   -0.8229067E-03    0.4925322E-01   -0.7609283E-03    0.1332439E-02   -0.5678255E+02   -0.8014241E+01    0.1765032E+01   -0.1079681E+01    0.1487418E+00    0.6842686E+01    0.8417452E-01    0.2629550E+00    0.7191037E-02   -0.7895576E-01   -0.3639440E+00   -0.6056967E-05   -0.8474053E-03    0.5844404E-04   -0.1121305E-03    0.1564503E+00
    0.1307977E-05   -0.1035888E-04   -0.1433570E-06    0.6291985E-04   -0.7760915E-04    0.1086347E-03    0.5752591E-04   -0.1037459E+01   -0.2035258E+00   -0.6294246E-02   -0.1919611E-02    0.5491967E-01    0.8417452E-01    0.1218954E-01   -0.6307387E-02    0.4402929E-02    0.6267127E-02   -0.1555612E-01    0.1633556E-05   -0.1862050E-04    0.5931069E-05   -0.5706445E-05    0.1522294E-02
    0.1348028E-05    0.1005607E-03   -0.9257040E-05   -0.1402369E-03    0.6699540E-02   -0.7496820E-04    0.9220013E-04   -0.1186595E+01    0.1133698E+00   -0.1417376E+01    0.1112164E-01    0.6977106E+00    0.2629550E+00   -0.6307387E-02    0.5525848E-01    0.2764167E-03    0.3467286E-02   -0.2840212E-01    0.5294991E-05    0.6121306E-04    0.5227213E-04    0.5856412E-04    0.7848964E-02
    0.1315046E-05    0.5640021E-04   -0.6414820E-05    0.1563798E-05    0.4204363E-02    0.1646993E-03    0.9894201E-04    0.5497128E+00    0.5230497E-01   -0.1770807E+01    0.1809310E+00    0.1080358E+01    0.7191037E-02    0.4402929E-02    0.2764167E-03    0.2476186E-01   -0.3370819E-02   -0.9850360E-02    0.6864576E-05   -0.8077584E-04    0.5077694E-04    0.9128730E-04    0.5509649E-02
   -0.2608683E-05   -0.4707429E-04    0.3047053E-05    0.9801353E-04   -0.2864283E-02    0.9873121E-04   -0.3452103E-04   -0.8521985E-02    0.1015883E+01    0.4834590E+00    0.1070795E+00   -0.2862660E+00   -0.7895576E-01    0.6267127E-02    0.3467286E-02   -0.3370819E-02    0.7789818E-01   -0.1860691E-02   -0.8374418E-05    0.1389882E-04   -0.4417019E-05    0.1339829E-04    0.6129126E-03
    0.4354305E-05    0.9148550E-03   -0.1083958E-03   -0.2621616E-02    0.5580057E-01   -0.4098767E-02   -0.7693923E-03   -0.1068054E+02   -0.1159487E+02   -0.9230262E+01   -0.1254491E+01   -0.1731139E+01   -0.3639440E+00   -0.1555612E-01   -0.2840212E-01   -0.9850360E-02   -0.1860691E-02    0.7834547E+01   -0.7578904E-04    0.9259516E-04   -0.5465151E-03    0.3860729E-03    0.4107025E-01
   -0.4463023E-08   -0.2053506E-06    0.1516692E-07    0.1960439E-07   -0.1146314E-04   -0.1631822E-06   -0.6191151E-06    0.3887246E-02    0.1776336E-03   -0.6529728E-03   -0.1281850E-03    0.4219203E-03   -0.6056967E-05    0.1633556E-05    0.5294991E-05    0.6864576E-05   -0.8374418E-05   -0.7578904E-04    0.8927600E-06    0.2113928E-07    0.2347705E-06    0.1530385E-06   -0.1013855E-03
   -0.7813745E-08   -0.1015533E-07   -0.1570581E-08    0.5244861E-06   -0.2352744E-05    0.2664900E-05    0.5637690E-06    0.1590494E-02    0.1596254E-02   -0.2129288E-02   -0.9196049E-03    0.3332374E-03   -0.8474053E-03   -0.1862050E-04    0.6121306E-04   -0.8077584E-04    0.1389882E-04    0.9259516E-04    0.2113928E-07    0.5799811E-05    0.1464783E-05    0.1200680E-05    0.2711560E-03
    0.8697858E-07    0.3003527E-05   -0.3581040E-06   -0.5396658E-05    0.2317448E-03   -0.8501140E-06    0.8458480E-05    0.3885606E-02    0.5699070E-02   -0.1519274E-02    0.2338596E-03    0.3406010E-02    0.5844404E-04    0.5931069E-05    0.5227213E-04    0.5077694E-04   -0.4417019E-05   -0.5465151E-03    0.2347705E-06    0.1464783E-05    0.2277925E-04    0.1037347E-04    0.3738302E-03
    0.1009762E-06    0.6224145E-05   -0.7143089E-06   -0.5644744E-06    0.4711839E-03    0.1870688E-04    0.1552847E-04    0.1664811E-01    0.8892047E-02   -0.2526996E-02    0.5991918E-03    0.5170382E-02   -0.1121305E-03   -0.5706445E-05    0.5856412E-04    0.9128730E-04    0.1339829E-04    0.3860729E-03    0.1530385E-06    0.1200680E-05    0.1037347E-04    0.2562027E-04    0.4703282E-03
    0.2570847E-05    0.1469205E-03   -0.1147909E-04   -0.4770348E-04    0.7635808E-02    0.7456833E-03    0.3611086E-03    0.1017826E+02    0.3528718E-02    0.1170089E+00   -0.2083213E+00   -0.6432241E-02    0.1564503E+00    0.1522294E-02    0.7848964E-02    0.5509649E-02    0.6129126E-03    0.4107025E-01   -0.1013855E-03    0.2711560E-03    0.3738302E-03    0.4703282E-03    0.2417168E+00
