# omegabh2 omegach2 theta tau mnu ns logA aps100 aps143 aps217 acib143 acib217 asz143 psr cibr ncib cal0 cal2 xi aksz bm_1_1
    0.13009E-06   -0.79773E-06    0.16143E-06    0.52224E-05   -0.59350E-04    0.27667E-05    0.89625E-05   -0.26977E-02   -0.12588E-02   -0.13933E-04   -0.18445E-03   -0.53437E-03    0.60707E-06    0.64234E-06   -0.12335E-04   -0.15781E-05    0.51363E-08   -0.14531E-07    0.35191E-05   -0.14932E-03   -0.21057E-04
   -0.79773E-06    0.10515E-04   -0.13171E-05   -0.70590E-04    0.23529E-03   -0.28845E-04   -0.11653E-03    0.26096E-01    0.80196E-02    0.78385E-03    0.11063E-02    0.31532E-02    0.88600E-04   -0.38704E-05    0.80262E-04    0.99302E-05   -0.38555E-07    0.99242E-07   -0.20899E-04    0.82783E-03    0.27510E-03
    0.16143E-06   -0.13171E-05    0.53199E-06    0.71382E-05   -0.10004E-03    0.45884E-05    0.11937E-04   -0.38745E-02   -0.13942E-02    0.59837E-04   -0.20193E-03   -0.63363E-03    0.45400E-05    0.98764E-06   -0.14888E-04   -0.20819E-05    0.76248E-08   -0.15118E-07    0.50722E-05   -0.13174E-03   -0.30290E-04
    0.52224E-05   -0.70590E-04    0.71382E-05    0.17124E-02    0.50454E-02    0.23288E-03    0.32099E-02   -0.38097E+00   -0.70083E-01    0.47242E-01   -0.24035E-01   -0.54205E-01   -0.24388E-02    0.16964E-03   -0.13882E-02   -0.73921E-04    0.63619E-07   -0.18026E-05    0.41912E-03   -0.14910E-01   -0.31547E-02
   -0.59350E-04    0.23529E-03   -0.10004E-03    0.50454E-02    0.15053E+00   -0.14416E-02    0.98069E-02    0.69781E+00    0.57592E+00    0.67287E-01    0.59878E-01    0.21940E+00    0.69526E-02    0.71557E-04    0.50131E-02    0.74555E-03   -0.24163E-05    0.50119E-05   -0.10237E-02    0.59121E-01   -0.30841E-03
    0.27667E-05   -0.28845E-04    0.45884E-05    0.23288E-03   -0.14416E-02    0.10884E-03    0.40140E-03   -0.12414E+00   -0.28607E-01    0.15867E-01   -0.95664E-02   -0.21022E-01   -0.82526E-03    0.59887E-04   -0.54448E-03   -0.21748E-04    0.74867E-07   -0.18820E-06    0.15171E-03   -0.60475E-02   -0.59723E-03
    0.89625E-05   -0.11653E-03    0.11937E-04    0.32099E-02    0.98069E-02    0.40140E-03    0.60617E-02   -0.70624E+00   -0.11849E+00    0.10772E+00   -0.48898E-01   -0.10639E+00   -0.54774E-02    0.36199E-03   -0.27619E-02   -0.10993E-03    0.11837E-06   -0.27204E-05    0.84167E-03   -0.29821E-01   -0.50056E-02
   -0.26977E-02    0.26096E-01   -0.38745E-02   -0.38097E+00    0.69781E+00   -0.12414E+00   -0.70624E+00    0.37008E+04    0.14973E+03   -0.14441E+03    0.74433E+02    0.11203E+03   -0.66541E+02   -0.91176E+00    0.21930E+00    0.73546E+00    0.54124E-03   -0.10812E-03   -0.12811E+00   -0.15076E+02    0.17737E+02
   -0.12588E-02    0.80196E-02   -0.13942E-02   -0.70083E-01    0.57592E+00   -0.28607E-01   -0.11849E+00    0.14973E+03    0.18811E+03    0.27790E+02   -0.34085E+02    0.64279E+01   -0.85137E+01   -0.13487E+00    0.16603E+00    0.45730E-01    0.71964E-04    0.12035E-02    0.11166E+01   -0.12104E+02    0.59976E+00
   -0.13933E-04    0.78385E-03    0.59837E-04    0.47242E-01    0.67287E-01    0.15867E-01    0.10772E+00   -0.14441E+03    0.27790E+02    0.28397E+03   -0.23611E+02   -0.11465E+03    0.19992E+01    0.60023E-01   -0.16956E+01   -0.93270E+00    0.35826E-04   -0.30917E-02    0.56604E+00   -0.11743E+02    0.84798E+00
   -0.18445E-03    0.11063E-02   -0.20193E-03   -0.24035E-01    0.59878E-01   -0.95664E-02   -0.48898E-01    0.74433E+02   -0.34085E+02   -0.23611E+02    0.29292E+02    0.14306E+02   -0.17826E+01   -0.83419E-02    0.97190E-01    0.85763E-01   -0.47293E-04   -0.39201E-03    0.12011E+00   -0.57384E+00   -0.36247E+00
   -0.53437E-03    0.31532E-02   -0.63363E-03   -0.54205E-01    0.21940E+00   -0.21022E-01   -0.10639E+00    0.11203E+03    0.64279E+01   -0.11465E+03    0.14306E+02    0.59394E+02   -0.85936E+00    0.11655E-01    0.80925E+00    0.55880E+00   -0.17388E-04    0.15541E-02   -0.30949E+00   -0.35504E+00   -0.19880E+00
    0.60707E-06    0.88600E-04    0.45400E-05   -0.24388E-02    0.69526E-02   -0.82526E-03   -0.54774E-02   -0.66541E+02   -0.85137E+01    0.19992E+01   -0.17826E+01   -0.85936E+00    0.75661E+01    0.42496E-01    0.25592E+00   -0.32046E-01    0.10458E-04   -0.17236E-03   -0.55223E-01    0.73097E-01    0.17179E+00
    0.64234E-06   -0.38704E-05    0.98764E-06    0.16964E-03    0.71557E-04    0.59887E-04    0.36199E-03   -0.91176E+00   -0.13487E+00    0.60023E-01   -0.83419E-02    0.11655E-01    0.42496E-01    0.62752E-02   -0.55488E-02    0.44586E-02    0.39308E-06   -0.59289E-05    0.37813E-02   -0.10222E-01    0.36118E-02
   -0.12335E-04    0.80262E-04   -0.14888E-04   -0.13882E-02    0.50131E-02   -0.54448E-03   -0.27619E-02    0.21930E+00    0.16603E+00   -0.16956E+01    0.97190E-01    0.80925E+00    0.25592E+00   -0.55488E-02    0.51971E-01   -0.46777E-02   -0.51028E-06    0.38832E-04    0.40468E-03   -0.10854E-02   -0.33782E-02
   -0.15781E-05    0.99302E-05   -0.20819E-05   -0.73921E-04    0.74555E-03   -0.21748E-04   -0.10993E-03    0.73546E+00    0.45730E-01   -0.93270E+00    0.85763E-01    0.55880E+00   -0.32046E-01    0.44586E-02   -0.46777E-02    0.15605E-01   -0.15239E-06    0.10621E-05   -0.17900E-02   -0.65272E-03    0.73330E-02
    0.51363E-08   -0.38555E-07    0.76248E-08    0.63619E-07   -0.24163E-05    0.74867E-07    0.11837E-06    0.54124E-03    0.71964E-04    0.35826E-04   -0.47293E-04   -0.17388E-04    0.10458E-04    0.39308E-06   -0.51028E-06   -0.15239E-06    0.16061E-06    0.87152E-08    0.16700E-06   -0.85912E-05   -0.16605E-04
   -0.14531E-07    0.99242E-07   -0.15118E-07   -0.18026E-05    0.50119E-05   -0.18820E-06   -0.27204E-05   -0.10812E-03    0.12035E-02   -0.30917E-02   -0.39201E-03    0.15541E-02   -0.17236E-03   -0.59289E-05    0.38832E-04    0.10621E-05    0.87152E-08    0.19146E-05   -0.54289E-06   -0.14793E-04    0.11339E-03
    0.35191E-05   -0.20899E-04    0.50722E-05    0.41912E-03   -0.10237E-02    0.15171E-03    0.84167E-03   -0.12811E+00    0.11166E+01    0.56604E+00    0.12011E+00   -0.30949E+00   -0.55223E-01    0.37813E-02    0.40468E-03   -0.17900E-02    0.16700E-06   -0.54289E-06    0.82396E-01    0.54579E-02    0.30772E-02
   -0.14932E-03    0.82783E-03   -0.13174E-03   -0.14910E-01    0.59121E-01   -0.60475E-02   -0.29821E-01   -0.15076E+02   -0.12104E+02   -0.11743E+02   -0.57384E+00   -0.35504E+00    0.73097E-01   -0.10222E-01   -0.10854E-02   -0.65272E-03   -0.85912E-05   -0.14793E-04    0.54579E-02    0.82221E+01   -0.10788E-01
   -0.21057E-04    0.27510E-03   -0.30290E-04   -0.31547E-02   -0.30841E-03   -0.59723E-03   -0.50056E-02    0.17737E+02    0.59976E+00    0.84798E+00   -0.36247E+00   -0.19880E+00    0.17179E+00    0.36118E-02   -0.33782E-02    0.73330E-02   -0.16605E-04    0.11339E-03    0.30772E-02   -0.10788E-01    0.32264E+00
