# omegabh2 omegach2 theta tau omegak ns logA aps100 aps143 aps217 acib143 acib217 asz143 psr cibr ncib cal0 cal2 xi aksz bm_1_1
    0.11357E-06   -0.66375E-06    0.12531E-06    0.43919E-05   -0.32327E-05    0.20008E-05    0.74179E-05   -0.20538E-02   -0.10776E-02   -0.25281E-03   -0.13178E-03   -0.35598E-03    0.15485E-04    0.39509E-06   -0.75681E-05   -0.11812E-05    0.30842E-08   -0.20720E-07    0.39498E-05   -0.10311E-03   -0.19892E-04
   -0.66375E-06    0.85667E-05   -0.10473E-05   -0.47576E-04    0.16493E-04   -0.21514E-04   -0.74987E-04    0.18183E-01    0.61244E-02    0.24582E-02    0.60924E-03    0.16264E-02   -0.53230E-04   -0.94149E-06    0.33739E-04    0.54212E-05   -0.28800E-07    0.19555E-06   -0.22177E-04    0.44028E-03    0.23008E-03
    0.12531E-06   -0.10473E-05    0.45449E-06    0.67634E-05   -0.31303E-05    0.32464E-05    0.11458E-04   -0.22949E-02   -0.95386E-03   -0.30308E-03   -0.13046E-03   -0.27945E-03    0.18447E-04    0.75550E-06   -0.62533E-05   -0.69645E-07    0.19610E-08   -0.17657E-07    0.49516E-05   -0.87991E-04   -0.20991E-04
    0.43919E-05   -0.47576E-04    0.67634E-05    0.14039E-02    0.69130E-03    0.16885E-03    0.26858E-02   -0.18081E+00   -0.50568E-01    0.64487E-02   -0.11143E-01   -0.25318E-01   -0.49499E-03    0.54541E-04   -0.53847E-03   -0.52894E-04   -0.91093E-07   -0.13068E-05    0.31367E-03   -0.86189E-02   -0.14792E-02
   -0.32327E-05    0.16493E-04   -0.31303E-05    0.69130E-03    0.15711E-02   -0.33426E-04    0.14017E-02    0.11600E+00    0.39353E-01    0.70844E-02    0.66870E-02    0.16332E-01    0.11854E-02   -0.24253E-04    0.52585E-03    0.15921E-04   -0.19235E-06    0.11725E-05   -0.14864E-03    0.63271E-02    0.89393E-03
    0.20008E-05   -0.21514E-04    0.32464E-05    0.16885E-03   -0.33426E-04    0.74995E-04    0.28649E-03   -0.83132E-01   -0.20564E-01    0.54290E-02   -0.57473E-02   -0.12240E-01   -0.23245E-03    0.37254E-04   -0.32416E-03   -0.15526E-04    0.35573E-07   -0.26212E-06    0.13536E-03   -0.43623E-02   -0.41358E-03
    0.74179E-05   -0.74987E-04    0.11458E-04    0.26858E-02    0.14017E-02    0.28649E-03    0.51836E-02   -0.32345E+00   -0.83400E-01    0.28564E-01   -0.23849E-01   -0.51161E-01   -0.18035E-02    0.13066E-03   -0.11624E-02   -0.80551E-04   -0.19451E-06   -0.15463E-05    0.62483E-03   -0.18037E-01   -0.17913E-02
   -0.20538E-02    0.18183E-01   -0.22949E-02   -0.18081E+00    0.11600E+00   -0.83132E-01   -0.32345E+00    0.35106E+04    0.12958E+03   -0.10622E+03    0.63802E+02    0.89286E+02   -0.64796E+02   -0.77430E+00   -0.13609E+00    0.81381E+00    0.31839E-03   -0.26687E-03   -0.14074E+00   -0.15481E+02    0.17374E+02
   -0.10776E-02    0.61244E-02   -0.95386E-03   -0.50568E-01    0.39353E-01   -0.20564E-01   -0.83400E-01    0.12958E+03    0.16659E+03    0.22918E+02   -0.29817E+02    0.70046E+01   -0.72166E+01   -0.16848E+00    0.81226E-01    0.49094E-01    0.36194E-04    0.12373E-02    0.10228E+01   -0.11662E+02    0.48719E+00
   -0.25281E-03    0.24582E-02   -0.30308E-03    0.64487E-02    0.70844E-02    0.54290E-02    0.28564E-01   -0.10622E+03    0.22918E+02    0.25498E+03   -0.16321E+02   -0.99785E+02    0.38016E+01    0.28476E-01   -0.14928E+01   -0.92272E+00    0.11173E-03   -0.27199E-02    0.52471E+00   -0.10782E+02    0.94379E+00
   -0.13178E-03    0.60924E-03   -0.13046E-03   -0.11143E-01    0.66870E-02   -0.57473E-02   -0.23849E-01    0.63802E+02   -0.29817E+02   -0.16321E+02    0.26908E+02    0.10843E+02   -0.24532E+01    0.18295E-01    0.61091E-01    0.10639E+00   -0.11614E-04   -0.46990E-03    0.13267E+00   -0.65600E+00   -0.38154E+00
   -0.35598E-03    0.16264E-02   -0.27945E-03   -0.25318E-01    0.16332E-01   -0.12240E-01   -0.51161E-01    0.89286E+02    0.70046E+01   -0.99785E+02    0.10843E+02    0.51294E+02   -0.16766E+01    0.30812E-01    0.68963E+00    0.55472E+00   -0.43964E-04    0.13727E-02   -0.28440E+00   -0.68314E+00   -0.26986E+00
    0.15485E-04   -0.53230E-04    0.18447E-04   -0.49499E-03    0.11854E-02   -0.23245E-03   -0.18035E-02   -0.64796E+02   -0.72166E+01    0.38016E+01   -0.24532E+01   -0.16766E+01    0.74220E+01    0.47147E-01    0.24164E+00   -0.37833E-01    0.22038E-05   -0.21421E-03   -0.46805E-01    0.63190E-01    0.18914E+00
    0.39509E-06   -0.94149E-06    0.75550E-06    0.54541E-04   -0.24253E-04    0.37254E-04    0.13066E-03   -0.77430E+00   -0.16848E+00    0.28476E-01    0.18295E-01    0.30812E-01    0.47147E-01    0.64291E-02   -0.47928E-02    0.42859E-02   -0.21931E-07   -0.74083E-05    0.39135E-02   -0.12819E-01    0.32075E-02
   -0.75681E-05    0.33739E-04   -0.62533E-05   -0.53847E-03    0.52585E-03   -0.32416E-03   -0.11624E-02   -0.13609E+00    0.81226E-01   -0.14928E+01    0.61091E-01    0.68963E+00    0.24164E+00   -0.47928E-02    0.49772E-01   -0.41179E-02   -0.17038E-05    0.32004E-04    0.12287E-02    0.50336E-03   -0.37926E-02
   -0.11812E-05    0.54212E-05   -0.69645E-07   -0.52894E-04    0.15921E-04   -0.15526E-04   -0.80551E-04    0.81381E+00    0.49094E-01   -0.92272E+00    0.10639E+00    0.55472E+00   -0.37833E-01    0.42859E-02   -0.41179E-02    0.15627E-01   -0.52945E-06    0.79798E-06   -0.13252E-02   -0.90838E-02    0.56559E-02
    0.30842E-08   -0.28800E-07    0.19610E-08   -0.91093E-07   -0.19235E-06    0.35573E-07   -0.19451E-06    0.31839E-03    0.36194E-04    0.11173E-03   -0.11614E-04   -0.43964E-04    0.22038E-05   -0.21931E-07   -0.17038E-05   -0.52945E-06    0.15720E-06    0.29685E-08    0.80950E-06   -0.20391E-04   -0.19297E-04
   -0.20720E-07    0.19555E-06   -0.17657E-07   -0.13068E-05    0.11725E-05   -0.26212E-06   -0.15463E-05   -0.26687E-03    0.12373E-02   -0.27199E-02   -0.46990E-03    0.13727E-02   -0.21421E-03   -0.74083E-05    0.32004E-04    0.79798E-06    0.29685E-08    0.18818E-05   -0.93342E-05   -0.11565E-04    0.10710E-03
    0.39498E-05   -0.22177E-04    0.49516E-05    0.31367E-03   -0.14864E-03    0.13536E-03    0.62483E-03   -0.14074E+00    0.10228E+01    0.52471E+00    0.13267E+00   -0.28440E+00   -0.46805E-01    0.39135E-02    0.12287E-02   -0.13252E-02    0.80950E-06   -0.93342E-05    0.83172E-01    0.65318E-02    0.26376E-02
   -0.10311E-03    0.44028E-03   -0.87991E-04   -0.86189E-02    0.63271E-02   -0.43623E-02   -0.18037E-01   -0.15481E+02   -0.11662E+02   -0.10782E+02   -0.65600E+00   -0.68314E+00    0.63190E-01   -0.12819E-01    0.50336E-03   -0.90838E-02   -0.20391E-04   -0.11565E-04    0.65318E-02    0.77281E+01   -0.34897E-01
   -0.19892E-04    0.23008E-03   -0.20991E-04   -0.14792E-02    0.89393E-03   -0.41358E-03   -0.17913E-02    0.17374E+02    0.48719E+00    0.94379E+00   -0.38154E+00   -0.26986E+00    0.18914E+00    0.32075E-02   -0.37926E-02    0.56559E-02   -0.19297E-04    0.10710E-03    0.26376E-02   -0.34897E-01    0.32404E+00
