# omegabh2 omegach2 theta tau mnu nnu logA ns calPlanck acib217 xi asz143 aps100 aps143 aps143217 aps217 aksz kgal100 kgal143 kgal143217 kgal217 galfEE100 galfEE100143 galfEE100217 galfEE143 galfEE143217 galfEE217 galfTE100 galfTE100143 galfTE100217 galfTE143 galfTE143217 galfTE217 cal0 cal2
    0.6088822E-07    0.3013126E-06   -0.2451581E-07    0.1148669E-05   -0.8263890E-05    0.3520348E-04    0.3249986E-05    0.1903801E-05    0.5119768E-08    0.6224691E-04   -0.1472331E-05   -0.4129967E-06    0.8987161E-04   -0.4033640E-04   -0.7265104E-04   -0.1118956E-03    0.1780879E-04    0.1461497E-04    0.8048631E-05    0.1388977E-05   -0.3450004E-04    0.2465616E-06    0.8876713E-07   -0.8857114E-08    0.1015951E-06   -0.4406885E-07   -0.1324724E-06   -0.5033518E-06   -0.2213885E-06   -0.3596561E-06   -0.1504692E-06   -0.5984153E-06   -0.1832694E-05    0.1566208E-08    0.1373632E-08
    0.3013126E-06    0.9226857E-05   -0.1025860E-05    0.4485430E-05    0.1116134E-03    0.5268326E-03    0.3189814E-04    0.1582729E-04   -0.7095167E-07    0.3575143E-02   -0.6977405E-04   -0.6380151E-03    0.1306660E-01    0.5879289E-02    0.6948593E-03   -0.2075658E-02    0.1317694E-02    0.2186032E-03    0.2751365E-03    0.5531865E-03   -0.2953487E-03    0.8243525E-06    0.2538243E-06    0.8388236E-07    0.2049742E-06   -0.1226444E-05   -0.3395556E-05    0.2996673E-06   -0.8240044E-07   -0.8562940E-05   -0.1290123E-06   -0.3061858E-06    0.6454206E-05   -0.7685071E-07    0.3619687E-06
   -0.2451581E-07   -0.1025860E-05    0.2080678E-06   -0.1197864E-05   -0.2567021E-04   -0.5998300E-04   -0.4827332E-05   -0.1731988E-05   -0.7041488E-08   -0.4338245E-03    0.8922162E-05    0.7072054E-04   -0.1533815E-02   -0.6704207E-03   -0.7427981E-04    0.2505651E-03   -0.1472650E-03   -0.3386094E-04   -0.3256555E-04   -0.6896741E-04    0.2420674E-04   -0.9284375E-07   -0.4843376E-07    0.2113828E-08   -0.4169233E-07    0.6307697E-07    0.1311982E-06    0.3773490E-07   -0.3440156E-07    0.9491168E-06    0.8373213E-08   -0.3870210E-07   -0.1027308E-05    0.7694504E-08   -0.4768991E-07
    0.1148669E-05    0.4485430E-05   -0.1197864E-05    0.3059093E-03    0.1639272E-02    0.9638434E-03    0.6105278E-03    0.6495111E-04   -0.2446430E-05   -0.1719865E-03    0.4796982E-04    0.1376787E-03   -0.3220921E-02    0.8420865E-04    0.1577826E-02    0.7420498E-03   -0.1461698E-03    0.3553398E-03    0.1350695E-03    0.1629290E-03   -0.1040132E-02    0.8578240E-05    0.3889545E-05    0.6524048E-07    0.4308153E-05   -0.1811800E-05   -0.2785506E-05   -0.3068362E-04   -0.1218853E-04    0.1324416E-04   -0.6037826E-05    0.1133004E-04   -0.2741895E-04   -0.4214652E-07   -0.6100769E-07
   -0.8263890E-05    0.1116134E-03   -0.2567021E-04    0.1639272E-02    0.2720083E-01    0.2649143E-02    0.3484967E-02   -0.1286787E-03    0.2371711E-04    0.3979150E-01    0.2754202E-04   -0.1025808E-01    0.2470824E+00    0.1426449E+00    0.8431775E-01    0.4137226E-01    0.1132482E-01    0.1191274E-03   -0.6226312E-03    0.1251149E-01    0.1712876E-01   -0.1315991E-04   -0.4326159E-05    0.2143936E-04   -0.6573324E-05    0.6258494E-05    0.3245152E-04   -0.1458713E-03   -0.6956563E-04   -0.1884641E-03   -0.3832368E-05    0.2755576E-03    0.6735251E-03    0.2010243E-05    0.9076777E-05
    0.3520348E-04    0.5268326E-03   -0.5998300E-04    0.9638434E-03    0.2649143E-02    0.3959292E-01    0.3280588E-02    0.1624812E-02   -0.1433507E-05    0.2206917E+00   -0.4354512E-02   -0.3491307E-01    0.7160168E+00    0.2926749E+00   -0.2036616E-02   -0.1660647E+00    0.7950055E-01    0.1776916E-01    0.1771562E-01    0.2804208E-01   -0.3585826E-01    0.1560471E-03    0.5713569E-04    0.4039108E-05    0.5948456E-04   -0.9035562E-04   -0.2224439E-03   -0.1563994E-03   -0.7383038E-04   -0.4464279E-03   -0.5348893E-04   -0.2221814E-03   -0.3316154E-03   -0.4762238E-05    0.1941790E-04
    0.3249986E-05    0.3189814E-04   -0.4827332E-05    0.6105278E-03    0.3484967E-02    0.3280588E-02    0.1304027E-02    0.1706254E-03    0.7114199E-05    0.8373794E-02   -0.1953849E-04   -0.1190640E-02    0.3023673E-01    0.1640436E-01    0.8327463E-02    0.2068333E-02    0.2139156E-02    0.1097237E-02    0.4335010E-03    0.1141676E-02   -0.1614805E-02    0.2163163E-04    0.8835244E-05    0.8188421E-07    0.1031905E-04   -0.7535770E-05   -0.1254855E-04   -0.6205885E-04   -0.2466717E-04   -0.3279999E-05   -0.1172894E-04    0.1721394E-04   -0.5341193E-04   -0.2414598E-07    0.6138683E-06
    0.1903801E-05    0.1582729E-04   -0.1731988E-05    0.6495111E-04   -0.1286787E-03    0.1624812E-02    0.1706254E-03    0.9178762E-04   -0.4261976E-07    0.3145508E-02   -0.5313461E-04   -0.5590610E-04   -0.6363534E-03    0.2755479E-02    0.1314583E-02   -0.1231183E-02    0.3550608E-03    0.9439427E-03    0.4648538E-03    0.4590327E-03   -0.1031239E-02    0.1230813E-04    0.4753171E-05   -0.3945571E-06    0.5120123E-05   -0.3078971E-05   -0.8544388E-05   -0.1172377E-04   -0.3981432E-05   -0.3079473E-05   -0.3118811E-05   -0.1359518E-04   -0.3748618E-04   -0.3293414E-06    0.2062018E-06
    0.5119768E-08   -0.7095167E-07   -0.7041488E-08   -0.2446430E-05    0.2371711E-04   -0.1433507E-05    0.7114199E-05   -0.4261976E-07    0.6076101E-05    0.6807760E-03    0.9373445E-05    0.1159534E-04    0.3252083E-02    0.7458756E-03    0.7793450E-03    0.1404263E-02   -0.2287271E-04    0.1056656E-04   -0.3261219E-04   -0.5730579E-04    0.6080793E-03    0.1446567E-05    0.3026804E-06   -0.1401439E-07    0.7013758E-06   -0.2275055E-06    0.1075729E-05    0.5153419E-06    0.8608783E-06   -0.1847976E-05    0.8633729E-06   -0.6216587E-06   -0.2040138E-05    0.1425342E-07   -0.2946902E-07
    0.6224691E-04    0.3575143E-02   -0.4338245E-03   -0.1719865E-03    0.3979150E-01    0.2206917E+00    0.8373794E-02    0.3145508E-02    0.6807760E-03    0.5010395E+02   -0.4836829E+00   -0.1582650E+01    0.4424544E+02    0.2000106E+01   -0.2024887E+02   -0.6689504E+02    0.3337658E+00   -0.1627605E+00    0.5051640E+00   -0.2946246E+01   -0.2549936E+02   -0.2909977E-03   -0.3192689E-04    0.1277364E-02    0.3932492E-04   -0.1495579E-02   -0.2672715E-02   -0.7494119E-03    0.1894129E-02    0.1479223E-01   -0.5203466E-03    0.5563700E-03    0.1189082E-01   -0.2314255E-03    0.4531386E-02
   -0.1472331E-05   -0.6977405E-04    0.8922162E-05    0.4796982E-04    0.2754202E-04   -0.4354512E-02   -0.1953849E-04   -0.5313461E-04    0.9373445E-05   -0.4836829E+00    0.8194837E-01   -0.7276443E-01   -0.4460201E+00    0.9524842E+00    0.1754989E+01    0.7220383E+00    0.7092306E-01   -0.4268726E-02   -0.2771411E-03    0.8664303E-01    0.9738112E-01    0.1307647E-04    0.2138605E-05   -0.2897315E-04   -0.5830469E-05   -0.1878121E-04    0.3221568E-04   -0.1000391E-03   -0.2892321E-04    0.1403062E-04   -0.4918210E-04    0.1147870E-03    0.2972162E-04    0.8728177E-05   -0.1855702E-04
   -0.4129967E-06   -0.6380151E-03    0.7072054E-04    0.1376787E-03   -0.1025808E-01   -0.3491307E-01   -0.1190640E-02   -0.5590610E-04    0.1159534E-04   -0.1582650E+01   -0.7276443E-01    0.3786518E+01   -0.2968786E+02   -0.3839448E+01    0.7719130E+01    0.6647364E+01   -0.2804283E+01   -0.2306682E+00    0.4579131E-01    0.2430491E+01    0.2079375E+01    0.1388012E-03    0.1323297E-03   -0.2375746E-03    0.1138653E-03    0.3356356E-03    0.4070508E-03   -0.2925972E-03   -0.2708442E-03   -0.4334388E-03   -0.4212596E-03   -0.1193904E-02   -0.3244745E-02    0.2000475E-03   -0.3580117E-03
    0.8987161E-04    0.1306660E-01   -0.1533815E-02   -0.3220921E-02    0.2470824E+00    0.7160168E+00    0.3023673E-01   -0.6363534E-03    0.3252083E-02    0.4424544E+02   -0.4460201E+00   -0.2968786E+02    0.7264045E+03    0.7164498E+02   -0.5803575E+02   -0.7137563E+02    0.1467235E+02    0.3622704E+00    0.1914387E+00   -0.1319975E+02   -0.2038777E+02   -0.1870483E-02   -0.2289622E-02    0.3726863E-02   -0.2785984E-02   -0.3979494E-02   -0.1530094E-01    0.4996124E-01    0.1559451E-02   -0.2242772E-01    0.1159893E-02    0.1504841E-01    0.8028292E-02    0.4373874E-02    0.4282538E-02
   -0.4033640E-04    0.5879289E-02   -0.6704207E-03    0.8420865E-04    0.1426449E+00    0.2926749E+00    0.1640436E-01    0.2755479E-02    0.7458756E-03    0.2000106E+01    0.9524842E+00   -0.3839448E+01    0.7164498E+02    0.6028213E+02    0.4214253E+02    0.1650701E+02   -0.4029963E+01   -0.2835360E+00   -0.7934558E+00    0.4126146E+01    0.3658950E+01   -0.6638523E-03   -0.5703260E-03   -0.2012414E-03   -0.8418369E-03   -0.1247629E-02   -0.4340736E-02   -0.2564701E-02   -0.1591007E-02   -0.1624728E-01   -0.4324795E-03    0.1959753E-02    0.1519894E-01    0.1353815E-03    0.3417519E-03
   -0.7265104E-04    0.6948593E-03   -0.7427981E-04    0.1577826E-02    0.8431775E-01   -0.2036616E-02    0.8327463E-02    0.1314583E-02    0.7793450E-03   -0.2024887E+02    0.1754989E+01    0.7719130E+01   -0.5803575E+02    0.4214253E+02    0.9276041E+02    0.6494039E+02   -0.1194226E+02   -0.6740562E+00   -0.4112595E+00    0.4804708E+01    0.5926110E+01    0.5058953E-03    0.1482342E-03   -0.1796288E-02   -0.1698344E-03    0.3017212E-03    0.1341904E-03   -0.4956300E-02   -0.3537548E-02   -0.9995997E-02   -0.3605241E-02    0.1199521E-02    0.6714382E-03    0.8070694E-03   -0.2458984E-02
   -0.1118956E-03   -0.2075658E-02    0.2505651E-03    0.7420498E-03    0.4137226E-01   -0.1660647E+00    0.2068333E-02   -0.1231183E-02    0.1404263E-02   -0.6689504E+02    0.7220383E+00    0.6647364E+01   -0.7137563E+02    0.1650701E+02    0.6494039E+02    0.1258640E+03   -0.1018123E+02   -0.2274840E+00   -0.6343277E+00    0.8947577E+00    0.2265204E+02    0.1145418E-02    0.1473656E-03   -0.2398709E-02    0.1575433E-03    0.2033835E-02    0.2878153E-02   -0.5659635E-03   -0.3473991E-02   -0.2863975E-01    0.6201949E-03    0.2304891E-02   -0.1345087E-01    0.6629899E-03   -0.7777964E-02
    0.1780879E-04    0.1317694E-02   -0.1472650E-03   -0.1461698E-03    0.1132482E-01    0.7950055E-01    0.2139156E-02    0.3550608E-03   -0.2287271E-04    0.3337658E+00    0.7092306E-01   -0.2804283E+01    0.1467235E+02   -0.4029963E+01   -0.1194226E+02   -0.1018123E+02    0.6286730E+01    0.1847120E+00   -0.7609968E-01   -0.2038837E+01   -0.1547730E+01   -0.3168101E-03   -0.2072823E-03    0.1268668E-03   -0.1770671E-03   -0.5830298E-03    0.2918720E-03    0.3601589E-03    0.4649201E-03   -0.1136791E-02    0.5625883E-03    0.4045041E-03    0.7562043E-03   -0.1412036E-03    0.1801408E-03
    0.1461497E-04    0.2186032E-03   -0.3386094E-04    0.3553398E-03    0.1191274E-03    0.1776916E-01    0.1097237E-02    0.9439427E-03    0.1056656E-04   -0.1627605E+00   -0.4268726E-02   -0.2306682E+00    0.3622704E+00   -0.2835360E+00   -0.6740562E+00   -0.2274840E+00    0.1847120E+00    0.3202051E+01    0.7651301E+00    0.2679429E+00    0.4788176E+00    0.4094037E-04    0.5901437E-04   -0.1576561E-03    0.3971598E-04    0.1000436E-03   -0.3129488E-03   -0.3931592E-02    0.8872434E-04    0.3797057E-02   -0.2900858E-03    0.1408746E-02    0.3560208E-02    0.4419182E-03   -0.1375674E-04
    0.8048631E-05    0.2751365E-03   -0.3256555E-04    0.1350695E-03   -0.6226312E-03    0.1771562E-01    0.4335010E-03    0.4648538E-03   -0.3261219E-04    0.5051640E+00   -0.2771411E-03    0.4579131E-01    0.1914387E+00   -0.7934558E+00   -0.4112595E+00   -0.6343277E+00   -0.7609968E-01    0.7651301E+00    0.3115520E+01    0.2349048E+01    0.1158416E+01    0.5656067E-04   -0.6761189E-06    0.6906782E-04   -0.5395750E-05   -0.2383332E-03    0.9981136E-03    0.4139431E-02    0.1427129E-03    0.3712001E-02   -0.4377445E-03   -0.6469337E-03    0.2387913E-02   -0.4303971E-03   -0.1887892E-03
    0.1388977E-05    0.5531865E-03   -0.6896741E-04    0.1629290E-03    0.1251149E-01    0.2804208E-01    0.1141676E-02    0.4590327E-03   -0.5730579E-04   -0.2946246E+01    0.8664303E-01    0.2430491E+01   -0.1319975E+02    0.4126146E+01    0.4804708E+01    0.8947577E+00   -0.2038837E+01    0.2679429E+00    0.2349048E+01    0.1779357E+02    0.2718107E+02   -0.1507039E-03    0.4504406E-04   -0.9228119E-05   -0.1631843E-04    0.3386426E-03    0.3533084E-03    0.2499171E-02   -0.3476866E-03   -0.5754870E-02    0.7711976E-04   -0.3070607E-02    0.2680244E-03   -0.1085237E-03    0.2526535E-02
   -0.3450004E-04   -0.2953487E-03    0.2420674E-04   -0.1040132E-02    0.1712876E-01   -0.3585826E-01   -0.1614805E-02   -0.1031239E-02    0.6080793E-03   -0.2549936E+02    0.9738112E-01    0.2079375E+01   -0.2038777E+02    0.3658950E+01    0.5926110E+01    0.2265204E+02   -0.1547730E+01    0.4788176E+00    0.1158416E+01    0.2718107E+02    0.6222346E+02   -0.5065245E-04    0.1119232E-03   -0.1490260E-03   -0.7416799E-04    0.1506700E-02    0.1097307E-02    0.1605894E-02   -0.1381975E-02   -0.1218316E-01    0.1651984E-02   -0.4613403E-02   -0.3224179E-02   -0.4811442E-04    0.4426607E-02
    0.2465616E-06    0.8243525E-06   -0.9284375E-07    0.8578240E-05   -0.1315991E-04    0.1560471E-03    0.2163163E-04    0.1230813E-04    0.1446567E-05   -0.2909977E-03    0.1307647E-04    0.1388012E-03   -0.1870483E-02   -0.6638523E-03    0.5058953E-03    0.1145418E-02   -0.3168101E-03    0.4094037E-04    0.5656067E-04   -0.1507039E-03   -0.5065245E-04    0.1265501E-03    0.1099291E-04   -0.4478302E-06    0.2881195E-05   -0.1071358E-05    0.1865607E-05   -0.1277451E-04   -0.4028856E-05   -0.6059698E-05    0.3129194E-05    0.6678044E-05   -0.5724315E-05   -0.5805993E-07   -0.6494111E-07
    0.8876713E-07    0.2538243E-06   -0.4843376E-07    0.3889545E-05   -0.4326159E-05    0.5713569E-04    0.8835244E-05    0.4753171E-05    0.3026804E-06   -0.3192689E-04    0.2138605E-05    0.1323297E-03   -0.2289622E-02   -0.5703260E-03    0.1482342E-03    0.1473656E-03   -0.2072823E-03    0.5901437E-04   -0.6761189E-06    0.4504406E-04    0.1119232E-03    0.1099291E-04    0.1411886E-04   -0.1828994E-06    0.6331899E-05   -0.3000566E-06   -0.8254435E-07   -0.2704967E-05   -0.3839009E-06    0.2423191E-05    0.1429332E-06    0.3231887E-06   -0.5410329E-05   -0.3330005E-07    0.2359561E-07
   -0.8857114E-08    0.8388236E-07    0.2113828E-08    0.6524048E-07    0.2143936E-04    0.4039108E-05    0.8188421E-07   -0.3945571E-06   -0.1401439E-07    0.1277364E-02   -0.2897315E-04   -0.2375746E-03    0.3726863E-02   -0.2012414E-03   -0.1796288E-02   -0.2398709E-02    0.1268668E-03   -0.1576561E-03    0.6906782E-04   -0.9228119E-05   -0.1490260E-03   -0.4478302E-06   -0.1828994E-06    0.2240899E-03   -0.2364169E-06    0.2995488E-05    0.1777344E-05    0.2717950E-05    0.1217308E-05   -0.5473219E-05   -0.1457117E-05   -0.1134081E-04   -0.2146044E-04   -0.1983933E-07    0.1519943E-06
    0.1015951E-06    0.2049742E-06   -0.4169233E-07    0.4308153E-05   -0.6573324E-05    0.5948456E-04    0.1031905E-04    0.5120123E-05    0.7013758E-06    0.3932492E-04   -0.5830469E-05    0.1138653E-03   -0.2785984E-02   -0.8418369E-03   -0.1698344E-03    0.1575433E-03   -0.1770671E-03    0.3971598E-04   -0.5395750E-05   -0.1631843E-04   -0.7416799E-04    0.2881195E-05    0.6331899E-05   -0.2364169E-06    0.3011294E-04    0.6371193E-06    0.6197995E-06   -0.6558098E-06   -0.5656853E-06    0.5482805E-05   -0.2377713E-05    0.1738608E-05    0.6725581E-05   -0.7474764E-07   -0.1845931E-07
   -0.4406885E-07   -0.1226444E-05    0.6307697E-07   -0.1811800E-05    0.6258494E-05   -0.9035562E-04   -0.7535770E-05   -0.3078971E-05   -0.2275055E-06   -0.1495579E-02   -0.1878121E-04    0.3356356E-03   -0.3979494E-02   -0.1247629E-02    0.3017212E-03    0.2033835E-02   -0.5830298E-03    0.1000436E-03   -0.2383332E-03    0.3386426E-03    0.1506700E-02   -0.1071358E-05   -0.3000566E-06    0.2995488E-05    0.6371193E-06    0.3957962E-03    0.5474241E-05    0.2497720E-05    0.2005531E-05   -0.4855084E-06   -0.1824195E-06    0.4845300E-05    0.8247839E-05    0.8678656E-07    0.1359609E-06
   -0.1324724E-06   -0.3395556E-05    0.1311982E-06   -0.2785506E-05    0.3245152E-04   -0.2224439E-03   -0.1254855E-04   -0.8544388E-05    0.1075729E-05   -0.2672715E-02    0.3221568E-04    0.4070508E-03   -0.1530094E-01   -0.4340736E-02    0.1341904E-03    0.2878153E-02    0.2918720E-03   -0.3129488E-03    0.9981136E-03    0.3533084E-03    0.1097307E-02    0.1865607E-05   -0.8254435E-07    0.1777344E-05    0.6197995E-06    0.5474241E-05    0.3484600E-02   -0.4942666E-04   -0.2386002E-04   -0.6813315E-04   -0.3616888E-05    0.5863921E-05    0.3450768E-04   -0.4245467E-06   -0.3718570E-06
   -0.5033518E-06    0.2996673E-06    0.3773490E-07   -0.3068362E-04   -0.1458713E-03   -0.1563994E-03   -0.6205885E-04   -0.1172377E-04    0.5153419E-06   -0.7494119E-03   -0.1000391E-03   -0.2925972E-03    0.4996124E-01   -0.2564701E-02   -0.4956300E-02   -0.5659635E-03    0.3601589E-03   -0.3931592E-02    0.4139431E-02    0.2499171E-02    0.1605894E-02   -0.1277451E-04   -0.2704967E-05    0.2717950E-05   -0.6558098E-06    0.2497720E-05   -0.4942666E-04    0.5778520E-02    0.1823648E-02    0.1676876E-02   -0.7008989E-03   -0.1292415E-03   -0.1020885E-03    0.1307312E-05   -0.2074502E-06
   -0.2213885E-06   -0.8240044E-07   -0.3440156E-07   -0.1218853E-04   -0.6956563E-04   -0.7383038E-04   -0.2466717E-04   -0.3981432E-05    0.8608783E-06    0.1894129E-02   -0.2892321E-04   -0.2708442E-03    0.1559451E-02   -0.1591007E-02   -0.3537548E-02   -0.3473991E-02    0.4649201E-03    0.8872434E-04    0.1427129E-03   -0.3476866E-03   -0.1381975E-02   -0.4028856E-05   -0.3839009E-06    0.1217308E-05   -0.5656853E-06    0.2005531E-05   -0.2386002E-04    0.1823648E-02    0.1224525E-02    0.7751932E-03    0.1973083E-03    0.3223011E-05   -0.2372811E-03   -0.2086199E-06    0.1126482E-06
   -0.3596561E-06   -0.8562940E-05    0.9491168E-06    0.1324416E-04   -0.1884641E-03   -0.4464279E-03   -0.3279999E-05   -0.3079473E-05   -0.1847976E-05    0.1479223E-01    0.1403062E-04   -0.4334388E-03   -0.2242772E-01   -0.1624728E-01   -0.9995997E-02   -0.2863975E-01   -0.1136791E-02    0.3797057E-02    0.3712001E-02   -0.5754870E-02   -0.1218316E-01   -0.6059698E-05    0.2423191E-05   -0.5473219E-05    0.5482805E-05   -0.4855084E-06   -0.6813315E-04    0.1676876E-02    0.7751932E-03    0.3328024E-01   -0.6249944E-03    0.1464294E-02    0.1086461E-01   -0.2186434E-05    0.2009516E-05
   -0.1504692E-06   -0.1290123E-06    0.8373213E-08   -0.6037826E-05   -0.3832368E-05   -0.5348893E-04   -0.1172894E-04   -0.3118811E-05    0.8633729E-06   -0.5203466E-03   -0.4918210E-04   -0.4212596E-03    0.1159893E-02   -0.4324795E-03   -0.3605241E-02    0.6201949E-03    0.5625883E-03   -0.2900858E-03   -0.4377445E-03    0.7711976E-04    0.1651984E-02    0.3129194E-05    0.1429332E-06   -0.1457117E-05   -0.2377713E-05   -0.1824195E-06   -0.3616888E-05   -0.7008989E-03    0.1973083E-03   -0.6249944E-03    0.1371617E-02    0.1762045E-03   -0.3891131E-03   -0.1616474E-07    0.3335290E-06
   -0.5984153E-06   -0.3061858E-06   -0.3870210E-07    0.1133004E-04    0.2755576E-03   -0.2221814E-03    0.1721394E-04   -0.1359518E-04   -0.6216587E-06    0.5563700E-03    0.1147870E-03   -0.1193904E-02    0.1504841E-01    0.1959753E-02    0.1199521E-02    0.2304891E-02    0.4045041E-03    0.1408746E-02   -0.6469337E-03   -0.3070607E-02   -0.4613403E-02    0.6678044E-05    0.3231887E-06   -0.1134081E-04    0.1738608E-05    0.4845300E-05    0.5863921E-05   -0.1292415E-03    0.3223011E-05    0.1464294E-02    0.1762045E-03    0.5110680E-02    0.3985425E-02    0.4954492E-06    0.3482520E-06
   -0.1832694E-05    0.6454206E-05   -0.1027308E-05   -0.2741895E-04    0.6735251E-03   -0.3316154E-03   -0.5341193E-04   -0.3748618E-04   -0.2040138E-05    0.1189082E-01    0.2972162E-04   -0.3244745E-02    0.8028292E-02    0.1519894E-01    0.6714382E-03   -0.1345087E-01    0.7562043E-03    0.3560208E-02    0.2387913E-02    0.2680244E-03   -0.3224179E-02   -0.5724315E-05   -0.5410329E-05   -0.2146044E-04    0.6725581E-05    0.8247839E-05    0.3450768E-04   -0.1020885E-03   -0.2372811E-03    0.1086461E-01   -0.3891131E-03    0.3985425E-02    0.3580057E-01    0.1139100E-06    0.1282907E-05
    0.1566208E-08   -0.7685071E-07    0.7694504E-08   -0.4214652E-07    0.2010243E-05   -0.4762238E-05   -0.2414598E-07   -0.3293414E-06    0.1425342E-07   -0.2314255E-03    0.8728177E-05    0.2000475E-03    0.4373874E-02    0.1353815E-03    0.8070694E-03    0.6629899E-03   -0.1412036E-03    0.4419182E-03   -0.4303971E-03   -0.1085237E-03   -0.4811442E-04   -0.5805993E-07   -0.3330005E-07   -0.1983933E-07   -0.7474764E-07    0.8678656E-07   -0.4245467E-06    0.1307312E-05   -0.2086199E-06   -0.2186434E-05   -0.1616474E-07    0.4954492E-06    0.1139100E-06    0.5391212E-06   -0.5103772E-09
    0.1373632E-08    0.3619687E-06   -0.4768991E-07   -0.6100769E-07    0.9076777E-05    0.1941790E-04    0.6138683E-06    0.2062018E-06   -0.2946902E-07    0.4531386E-02   -0.1855702E-04   -0.3580117E-03    0.4282538E-02    0.3417519E-03   -0.2458984E-02   -0.7777964E-02    0.1801408E-03   -0.1375674E-04   -0.1887892E-03    0.2526535E-02    0.4426607E-02   -0.6494111E-07    0.2359561E-07    0.1519943E-06   -0.1845931E-07    0.1359609E-06   -0.3718570E-06   -0.2074502E-06    0.1126482E-06    0.2009516E-05    0.3335290E-06    0.3482520E-06    0.1282907E-05   -0.5103772E-09    0.2090010E-05
