# omegabh2 omegach2 theta tau omegak ns nrun logA r aps100 aps143 aps217 acib143 acib217 asz143 psr cibr ncib cal0 cal2 xi aksz bm_1_1 bm_1_2 bm_1_3 bm_1_4 bm_1_5 bm_2_1 bm_2_2 bm_2_3 bm_2_4 bm_2_5 bm_3_1 bm_3_2 bm_3_3 bm_3_4 bm_3_5 bm_4_1 bm_4_2 bm_4_3 bm_4_4 bm_4_5
    0.17581E-06   -0.88855E-06    0.17597E-06    0.15591E-05   -0.77380E-05    0.27075E-05   -0.28047E-05    0.18804E-05    0.28405E-04   -0.19368E-02   -0.10736E-02   -0.43545E-03   -0.94828E-04   -0.20501E-03    0.62605E-04    0.13899E-06   -0.26475E-05   -0.23847E-05    0.85920E-09   -0.19013E-07    0.18867E-06   -0.57758E-04   -0.19038E-04   -0.60492E-05   -0.32690E-05    0.23402E-05   -0.39617E-05    0.62689E-05   -0.93160E-05   -0.68258E-05   -0.19952E-05    0.16373E-05    0.71762E-05   -0.74410E-06   -0.11564E-04    0.52578E-05    0.64105E-05    0.11845E-04   -0.51091E-05   -0.11043E-04    0.35971E-06    0.19613E-05
   -0.88855E-06    0.10034E-04   -0.12747E-05   -0.79366E-05    0.53563E-04   -0.27084E-04    0.75291E-05    0.61111E-05   -0.17393E-03    0.13241E-01    0.82986E-02    0.34009E-02    0.34100E-03    0.13712E-02   -0.41409E-03   -0.18986E-05    0.18623E-04    0.16719E-04   -0.15276E-07    0.21886E-06   -0.26773E-04    0.46810E-03    0.24586E-03    0.17976E-04   -0.43535E-05   -0.14008E-04    0.29167E-04    0.13135E-04    0.11593E-03    0.67055E-04   -0.42106E-05   -0.11209E-04    0.33783E-05   -0.19275E-04    0.40175E-04   -0.25552E-04   -0.36745E-04   -0.16006E-04    0.75122E-04    0.11730E-03    0.49596E-05    0.28499E-04
    0.17597E-06   -0.12747E-05    0.51643E-06    0.13786E-05   -0.87653E-05    0.41237E-05   -0.15891E-05    0.51832E-06    0.27342E-04   -0.22785E-02   -0.14664E-02   -0.71155E-03   -0.45688E-04   -0.16598E-03    0.76357E-04   -0.87724E-06    0.10998E-05   -0.27704E-05    0.24517E-09   -0.17990E-07    0.22472E-05   -0.51753E-04   -0.30098E-04   -0.39971E-05   -0.16572E-05    0.10279E-04   -0.54179E-05    0.44690E-06   -0.45603E-05   -0.62270E-05   -0.39471E-05   -0.78200E-06   -0.28176E-05   -0.91344E-05   -0.14375E-04    0.19628E-05    0.18915E-04   -0.97066E-06   -0.37069E-05   -0.10295E-04    0.46877E-05   -0.46951E-05
    0.15591E-05   -0.79366E-05    0.13786E-05    0.21462E-03    0.85327E-04    0.22851E-04   -0.53151E-04    0.42019E-03    0.81485E-04    0.76098E-02   -0.54465E-02   -0.68514E-02    0.31462E-02    0.26527E-02    0.78865E-03   -0.98580E-05    0.41434E-04    0.12658E-04    0.23643E-07    0.13058E-06   -0.46099E-04   -0.39339E-03   -0.20458E-03    0.82696E-05   -0.39125E-03    0.75218E-04   -0.62848E-04   -0.19801E-03   -0.16396E-04   -0.12971E-03    0.23601E-03    0.25216E-04   -0.13110E-03   -0.12958E-03   -0.21728E-03   -0.37150E-03    0.44760E-04   -0.17535E-03   -0.26936E-03   -0.85693E-04    0.64885E-04    0.18272E-03
   -0.77380E-05    0.53563E-04   -0.87653E-05    0.85327E-04    0.11251E-02   -0.17878E-03    0.72073E-04    0.26713E-03   -0.18331E-02    0.23064E+00    0.73573E-01    0.87277E-02    0.17901E-01    0.26673E-01   -0.70380E-03   -0.19012E-03    0.79706E-03   -0.20506E-04   -0.18122E-07    0.30092E-05   -0.24824E-03    0.99493E-02    0.17965E-02    0.17256E-03   -0.35096E-03    0.44050E-03   -0.37406E-04   -0.82496E-03    0.20963E-03    0.45858E-03    0.51562E-03    0.21651E-03    0.20748E-03   -0.26711E-03    0.61662E-03   -0.99971E-05   -0.50006E-03   -0.55208E-03   -0.69325E-04    0.55728E-03   -0.24451E-03    0.28283E-03
    0.27075E-05   -0.27084E-04    0.41237E-05    0.22851E-04   -0.17878E-03    0.99942E-04   -0.79221E-05   -0.16094E-04    0.53355E-03   -0.11689E+00   -0.26301E-01    0.58711E-02   -0.10613E-01   -0.14728E-01    0.10620E-02    0.80335E-04   -0.33818E-03   -0.59751E-04   -0.24728E-07   -0.68755E-06    0.18310E-03   -0.48701E-02   -0.49692E-03   -0.18133E-03    0.65347E-04    0.50962E-04   -0.11742E-03    0.47920E-03   -0.15688E-03   -0.53763E-04    0.33643E-04   -0.31113E-04   -0.25620E-04    0.22663E-04   -0.85884E-04    0.55267E-04   -0.16253E-04    0.33159E-03    0.13546E-03   -0.26969E-03    0.53769E-04   -0.39414E-04
   -0.28047E-05    0.75291E-05   -0.15891E-05   -0.53151E-04    0.72073E-04   -0.79221E-05    0.16819E-03   -0.12331E-03   -0.10072E-02   -0.10038E+00   -0.60121E-02    0.14867E-01   -0.13329E-01   -0.14216E-01    0.78662E-03    0.80734E-04   -0.26321E-03   -0.59527E-04    0.78103E-07   -0.70908E-06    0.25851E-03   -0.36118E-02   -0.48495E-03   -0.17253E-03    0.53739E-03   -0.12908E-03   -0.10909E-03    0.18492E-03    0.19784E-03    0.41525E-03   -0.15894E-03    0.95770E-05   -0.14349E-03   -0.37712E-03    0.42779E-03    0.16586E-03    0.13737E-03   -0.11137E-03    0.39138E-03    0.89261E-04   -0.12985E-03   -0.13087E-03
    0.18804E-05    0.61111E-05    0.51832E-06    0.42019E-03    0.26713E-03   -0.16094E-04   -0.12331E-03    0.88630E-03   -0.46918E-04    0.36249E-01    0.16900E-01    0.18818E-02    0.42824E-02    0.67328E-02   -0.68562E-03   -0.16142E-05   -0.41576E-04    0.10940E-03    0.98409E-07    0.11012E-05   -0.17765E-03   -0.48973E-03    0.98414E-03    0.36736E-03   -0.85516E-03    0.14293E-03   -0.67017E-04   -0.56417E-04    0.33522E-03   -0.23405E-03    0.29461E-03   -0.38793E-04   -0.21935E-03   -0.14163E-03   -0.44528E-03   -0.89538E-03   -0.96514E-04   -0.10474E-03   -0.32468E-03    0.19389E-03    0.16677E-03    0.30117E-03
    0.28405E-04   -0.17393E-03    0.27342E-04    0.81485E-04   -0.18331E-02    0.53355E-03   -0.10072E-02   -0.46918E-04    0.14129E-01   -0.28805E-01   -0.10882E+00   -0.48455E-01    0.23439E-01   -0.10743E-02   -0.21527E-02   -0.25864E-04   -0.85032E-03    0.15528E-03   -0.10201E-05   -0.22424E-05   -0.56466E-03    0.31507E-02   -0.14500E-02    0.20968E-03   -0.19649E-02    0.79604E-03   -0.70145E-03    0.49230E-03   -0.29431E-02   -0.27192E-02    0.12846E-02    0.10284E-02   -0.57847E-03    0.32710E-02   -0.30684E-02    0.59642E-03   -0.14707E-02    0.11888E-02   -0.28911E-02   -0.20605E-02    0.32796E-03    0.21502E-02
   -0.19368E-02    0.13241E-01   -0.22785E-02    0.76098E-02    0.23064E+00   -0.11689E+00   -0.10038E+00    0.36249E-01   -0.28805E-01    0.27655E+04    0.67171E+02   -0.16978E+03    0.12903E+03    0.12219E+03   -0.71986E+02   -0.12817E+01    0.78956E+00    0.12431E+01    0.43534E-03    0.53307E-03   -0.82971E+00   -0.11541E+02    0.10363E+02   -0.97223E+01   -0.93448E+00    0.78703E+00    0.42961E+00   -0.13278E+01   -0.55791E+01   -0.73703E+00    0.92548E+00   -0.35698E+00    0.17803E+01    0.25122E+00   -0.15545E+01   -0.25747E+00   -0.26125E+01    0.10549E+01   -0.24249E+01   -0.27048E+01   -0.94961E+00    0.41295E+01
   -0.10736E-02    0.82986E-02   -0.14664E-02   -0.54465E-02    0.73573E-01   -0.26301E-01   -0.60121E-02    0.16900E-01   -0.10882E+00    0.67171E+02    0.18964E+03    0.60982E+02   -0.30398E+02   -0.83941E+01   -0.78412E+01   -0.24693E+00   -0.73101E-01   -0.17510E+00    0.24187E-04    0.35361E-02    0.11280E+01   -0.12078E+02    0.15175E+01    0.46771E+00    0.25141E+00    0.88114E-01   -0.20515E+00   -0.18077E+01   -0.73592E+00   -0.32616E+00   -0.43813E+00   -0.10447E+00    0.99511E+00    0.21211E+00    0.75808E+00   -0.20046E+00   -0.86481E-01   -0.55154E+00   -0.64648E+00   -0.27915E+00    0.35943E+00   -0.41857E+00
   -0.43545E-03    0.34009E-02   -0.71155E-03   -0.68514E-02    0.87277E-02    0.58711E-02    0.14867E-01    0.18818E-02   -0.48455E-01   -0.16978E+03    0.60982E+02    0.21461E+03   -0.34843E+02   -0.73998E+02    0.42321E+01   -0.31528E-02   -0.96867E+00   -0.10417E+01    0.13770E-03   -0.39981E-02    0.31699E+00   -0.11713E+02    0.16448E+01    0.11534E+01    0.27916E-01    0.43356E-01   -0.24129E-01    0.13248E+01    0.48423E+00   -0.14123E+00   -0.88124E+00    0.38623E+00   -0.14280E+01    0.84168E+00    0.73618E-01    0.71769E+00    0.20411E+00    0.26571E-01    0.38132E+00    0.36790E+00   -0.33196E-01   -0.78849E+00
   -0.94828E-04    0.34100E-03   -0.45688E-04    0.31462E-02    0.17901E-01   -0.10613E-01   -0.13329E-01    0.42824E-02    0.23439E-01    0.12903E+03   -0.30398E+02   -0.34843E+02    0.26508E+02    0.19163E+02   -0.27478E+01   -0.89977E-03    0.21986E+00    0.23343E+00   -0.80776E-04   -0.10492E-02    0.67747E-02   -0.16759E+00   -0.97103E+00   -0.54793E+00   -0.17587E+00    0.40840E-01    0.15304E+00    0.61420E+00    0.13969E+00   -0.41394E-01    0.26835E+00    0.68899E-01   -0.25817E+00   -0.30039E-01   -0.36256E+00    0.33191E-01    0.27661E-01    0.29962E+00    0.60741E-01    0.48418E-01   -0.98010E-01    0.33301E+00
   -0.20501E-03    0.13712E-02   -0.16598E-03    0.26527E-02    0.26673E-01   -0.14728E-01   -0.14216E-01    0.67328E-02   -0.10743E-02    0.12219E+03   -0.83941E+01   -0.73998E+02    0.19163E+02    0.36039E+02   -0.25958E+01    0.43303E-01    0.43277E+00    0.53368E+00   -0.70630E-04    0.17281E-02   -0.20839E+00   -0.24144E+00   -0.55523E+00   -0.53564E+00   -0.88641E-01   -0.26916E-01    0.61328E-01   -0.54846E+00   -0.17521E+00   -0.53151E-01    0.45231E+00   -0.20404E+00    0.56904E+00   -0.41477E+00   -0.28622E-01   -0.41724E+00   -0.20688E+00   -0.42237E-02   -0.22516E+00   -0.12276E+00    0.95376E-01    0.41452E+00
    0.62605E-04   -0.41409E-03    0.76357E-04    0.78865E-03   -0.70380E-03    0.10620E-02    0.78662E-03   -0.68562E-03   -0.21527E-02   -0.71986E+02   -0.78412E+01    0.42321E+01   -0.27478E+01   -0.25958E+01    0.75767E+01    0.49625E-01    0.25487E+00   -0.13572E+00    0.44037E-04   -0.74651E-04   -0.17861E-01   -0.12349E-01    0.13585E+00    0.75899E-01    0.27340E-01   -0.51984E-01   -0.22534E-01   -0.45007E-01    0.23483E-01   -0.33705E-01   -0.83753E-01   -0.48118E-01   -0.77436E-01   -0.12190E-01    0.56452E-01   -0.41942E-01    0.30037E-02   -0.83862E-01   -0.15175E-01   -0.21999E-01    0.18791E-01   -0.66057E-01
    0.13899E-06   -0.18986E-05   -0.87724E-06   -0.98580E-05   -0.19012E-03    0.80335E-04    0.80734E-04   -0.16142E-05   -0.25864E-04   -0.12817E+01   -0.24693E+00   -0.31528E-02   -0.89977E-03    0.43303E-01    0.49625E-01    0.84225E-02   -0.73442E-02    0.76766E-02    0.87125E-06   -0.30696E-04    0.44335E-02   -0.24060E-01    0.78369E-02    0.61302E-02    0.21790E-02   -0.12641E-03   -0.25143E-02    0.77403E-02    0.78593E-03    0.97649E-03   -0.29587E-02   -0.11513E-02   -0.94776E-02   -0.67875E-03   -0.19323E-03   -0.24655E-02   -0.45059E-02   -0.57008E-03    0.17811E-02   -0.33295E-02   -0.56045E-02   -0.33642E-02
   -0.26475E-05    0.18623E-04    0.10998E-05    0.41434E-04    0.79706E-03   -0.33818E-03   -0.26321E-03   -0.41576E-04   -0.85032E-03    0.78956E+00   -0.73101E-01   -0.96867E+00    0.21986E+00    0.43277E+00    0.25487E+00   -0.73442E-02    0.47677E-01   -0.12073E-01   -0.37244E-05    0.92492E-04   -0.18368E-02   -0.10342E-01   -0.18131E-01   -0.14779E-01    0.18035E-02   -0.13709E-02    0.46542E-03   -0.26141E-01   -0.10100E-01    0.63334E-03    0.11410E-01   -0.85568E-02    0.33777E-01   -0.96545E-02    0.57704E-02   -0.47972E-02    0.64641E-02    0.13774E-02   -0.79957E-03   -0.68160E-02    0.14363E-01    0.64937E-02
   -0.23847E-05    0.16719E-04   -0.27704E-05    0.12658E-04   -0.20506E-04   -0.59751E-04   -0.59527E-04    0.10940E-03    0.15528E-03    0.12431E+01   -0.17510E+00   -0.10417E+01    0.23343E+00    0.53368E+00   -0.13572E+00    0.76766E-02   -0.12073E-01    0.21459E-01   -0.40046E-06   -0.23963E-04   -0.18681E-02   -0.76131E-02    0.71740E-02   -0.63934E-02   -0.15655E-02   -0.23456E-02   -0.50908E-03    0.52374E-02    0.62021E-02   -0.49451E-02    0.13104E-01   -0.85652E-02   -0.85907E-02   -0.16050E-01   -0.20906E-02   -0.16730E-01   -0.14455E-01   -0.18312E-02   -0.18495E-02    0.14046E-02    0.41745E-02    0.12976E-01
    0.85920E-09   -0.15276E-07    0.24517E-09    0.23643E-07   -0.18122E-07   -0.24728E-07    0.78103E-07    0.98409E-07   -0.10201E-05    0.43534E-03    0.24187E-04    0.13770E-03   -0.80776E-04   -0.70630E-04    0.44037E-04    0.87125E-06   -0.37244E-05   -0.40046E-06    0.15452E-06   -0.23656E-08    0.53248E-06    0.75190E-05   -0.20198E-04   -0.11643E-04   -0.61955E-05   -0.76010E-05   -0.27996E-05    0.12991E-04    0.10896E-06    0.16216E-05   -0.61118E-05    0.23648E-06    0.25424E-05    0.14591E-05   -0.24584E-05    0.12579E-04    0.11853E-05    0.11694E-04    0.43546E-05   -0.21974E-06   -0.72049E-05   -0.29908E-05
   -0.19013E-07    0.21886E-06   -0.17990E-07    0.13058E-06    0.30092E-05   -0.68755E-06   -0.70908E-06    0.11012E-05   -0.22424E-05    0.53307E-03    0.35361E-02   -0.39981E-02   -0.10492E-02    0.17281E-02   -0.74651E-04   -0.30696E-04    0.92492E-04   -0.23963E-04   -0.23656E-08    0.16791E-05   -0.11100E-04    0.45231E-04    0.11047E-03    0.15117E-05    0.30997E-05   -0.44368E-04   -0.16417E-04    0.18705E-03   -0.36152E-04   -0.84213E-05    0.37356E-04    0.66206E-05   -0.20332E-03   -0.10387E-04   -0.22931E-04   -0.21711E-04   -0.18628E-04    0.52182E-05    0.20013E-04   -0.68463E-04   -0.14715E-04    0.45037E-04
    0.18867E-06   -0.26773E-04    0.22472E-05   -0.46099E-04   -0.24824E-03    0.18310E-03    0.25851E-03   -0.17765E-03   -0.56466E-03   -0.82971E+00    0.11280E+01    0.31699E+00    0.67747E-02   -0.20839E+00   -0.17861E-01    0.44335E-02   -0.18368E-02   -0.18681E-02    0.53248E-06   -0.11100E-04    0.83554E-01    0.60218E-02   -0.17532E-02    0.90237E-04    0.46114E-02   -0.13923E-02   -0.70356E-02    0.16198E-02    0.36094E-03   -0.76399E-03    0.12200E-02    0.55677E-03   -0.52708E-02   -0.21630E-02   -0.61946E-03    0.36827E-02   -0.37007E-02   -0.27316E-02    0.38133E-03   -0.10814E-03   -0.43749E-03    0.10999E-02
   -0.57758E-04    0.46810E-03   -0.51753E-04   -0.39339E-03    0.99493E-02   -0.48701E-02   -0.36118E-02   -0.48973E-03    0.31507E-02   -0.11541E+02   -0.12078E+02   -0.11713E+02   -0.16759E+00   -0.24144E+00   -0.12349E-01   -0.24060E-01   -0.10342E-01   -0.76131E-02    0.75190E-05    0.45231E-04    0.60218E-02    0.80709E+01    0.89215E-02    0.22341E-01   -0.69470E-01   -0.26698E-01   -0.53533E-02   -0.30700E-01    0.12553E-01    0.58242E-02    0.10748E+00    0.19624E-03   -0.62655E-01   -0.76523E-01   -0.63898E-01   -0.17021E-01    0.41010E-02   -0.64726E-01   -0.26707E-01   -0.94849E-02    0.26142E-02    0.72173E-01
   -0.19038E-04    0.24586E-03   -0.30098E-04   -0.20458E-03    0.17965E-02   -0.49692E-03   -0.48495E-03    0.98414E-03   -0.14500E-02    0.10363E+02    0.15175E+01    0.16448E+01   -0.97103E+00   -0.55523E+00    0.13585E+00    0.78369E-02   -0.18131E-01    0.71740E-02   -0.20198E-04    0.11047E-03   -0.17532E-02    0.89215E-02    0.71649E+00   -0.12103E+00    0.21682E-01    0.12610E-01   -0.28926E-02    0.18267E+00   -0.48283E-01   -0.51240E-01   -0.35122E-01   -0.61465E-01    0.15570E-01    0.42884E-01   -0.16277E-01   -0.65682E-01   -0.14067E+00    0.15789E+00    0.24887E-01   -0.14386E-01    0.24694E-01    0.59569E-01
   -0.60492E-05    0.17976E-04   -0.39971E-05    0.82696E-05    0.17256E-03   -0.18133E-03   -0.17253E-03    0.36736E-03    0.20968E-03   -0.97223E+01    0.46771E+00    0.11534E+01   -0.54793E+00   -0.53564E+00    0.75899E-01    0.61302E-02   -0.14779E-01   -0.63934E-02   -0.11643E-04    0.15117E-05    0.90237E-04    0.22341E-01   -0.12103E+00    0.91992E+00   -0.55121E-02    0.23903E-02   -0.60617E-02   -0.16321E+00    0.19253E+00    0.58091E-01   -0.34238E-01    0.17499E-01   -0.12234E+00    0.21836E-01    0.35884E-01    0.23020E-01    0.15287E+00   -0.23710E+00    0.49290E-01    0.10399E+00    0.10831E-01   -0.23862E+00
   -0.32690E-05   -0.43535E-05   -0.16572E-05   -0.39125E-03   -0.35096E-03    0.65347E-04    0.53739E-03   -0.85516E-03   -0.19649E-02   -0.93448E+00    0.25141E+00    0.27916E-01   -0.17587E+00   -0.88641E-01    0.27340E-01    0.21790E-02    0.18035E-02   -0.15655E-02   -0.61955E-05    0.30997E-05    0.46114E-02   -0.69470E-01    0.21682E-01   -0.55121E-02    0.98449E+00   -0.76212E-03    0.18308E-01   -0.25329E-01   -0.35245E-01    0.16152E+00   -0.78074E-02    0.68280E-01   -0.12684E-01    0.69004E-01   -0.33808E-01   -0.30632E-02    0.87142E-01   -0.45201E-01    0.44590E-01    0.35669E-03   -0.17152E+00    0.10409E+00
    0.23402E-05   -0.14008E-04    0.10279E-04    0.75218E-04    0.44050E-03    0.50962E-04   -0.12908E-03    0.14293E-03    0.79604E-03    0.78703E+00    0.88114E-01    0.43356E-01    0.40840E-01   -0.26916E-01   -0.51984E-01   -0.12641E-03   -0.13709E-02   -0.23456E-02   -0.76010E-05   -0.44368E-04   -0.13923E-02   -0.26698E-01    0.12610E-01    0.23903E-02   -0.76212E-03    0.99736E+00   -0.16649E-02    0.45991E-01   -0.83904E-01    0.92071E-01   -0.10232E+00    0.55789E-01    0.69244E-01    0.13096E+00    0.54579E-01    0.15933E+00   -0.97543E-01    0.75753E-01    0.51861E-01    0.21253E-02   -0.13092E+00    0.50497E-01
   -0.39617E-05    0.29167E-04   -0.54179E-05   -0.62848E-04   -0.37406E-04   -0.11742E-03   -0.10909E-03   -0.67017E-04   -0.70145E-03    0.42961E+00   -0.20515E+00   -0.24129E-01    0.15304E+00    0.61328E-01   -0.22534E-01   -0.25143E-02    0.46542E-03   -0.50908E-03   -0.27996E-05   -0.16417E-04   -0.70356E-02   -0.53533E-02   -0.28926E-02   -0.60617E-02    0.18308E-01   -0.16649E-02    0.99348E+00    0.37781E-01    0.43304E-01   -0.53149E-01    0.39242E-01    0.92996E-01    0.63238E-01   -0.66947E-01   -0.82149E-01    0.45004E-01    0.61639E-01    0.10007E+00   -0.88964E-01    0.84484E-01   -0.30118E-01    0.33426E-03
    0.62689E-05    0.13135E-04    0.44690E-06   -0.19801E-03   -0.82496E-03    0.47920E-03    0.18492E-03   -0.56417E-04    0.49230E-03   -0.13278E+01   -0.18077E+01    0.13248E+01    0.61420E+00   -0.54846E+00   -0.45007E-01    0.77403E-02   -0.26141E-01    0.52374E-02    0.12991E-04    0.18705E-03    0.16198E-02   -0.30700E-01    0.18267E+00   -0.16321E+00   -0.25329E-01    0.45991E-01    0.37781E-01    0.85759E+00   -0.95995E-02   -0.10659E-01   -0.33234E-01   -0.24765E-01    0.29780E-01    0.13481E+00   -0.11934E+00    0.15098E-01   -0.65988E-01    0.65378E+00    0.24463E+00   -0.56703E-01   -0.54184E-01    0.84906E-01
   -0.93160E-05    0.11593E-03   -0.45603E-05   -0.16396E-04    0.20963E-03   -0.15688E-03    0.19784E-03    0.33522E-03   -0.29431E-02   -0.55791E+01   -0.73592E+00    0.48423E+00    0.13969E+00   -0.17521E+00    0.23483E-01    0.78593E-03   -0.10100E-01    0.62021E-02    0.10896E-06   -0.36152E-04    0.36094E-03    0.12553E-01   -0.48283E-01    0.19253E+00   -0.35245E-01   -0.83904E-01    0.43304E-01   -0.95995E-02    0.10056E+01    0.12770E-02   -0.52021E-02   -0.13753E-01    0.46158E-01   -0.28009E-02   -0.57159E-01   -0.22648E-01    0.13503E+00   -0.81190E-01    0.26170E+00    0.78670E+00    0.30290E+00   -0.19349E+00
   -0.68258E-05    0.67055E-04   -0.62270E-05   -0.12971E-03    0.45858E-03   -0.53763E-04    0.41525E-03   -0.23405E-03   -0.27192E-02   -0.73703E+00   -0.32616E+00   -0.14123E+00   -0.41394E-01   -0.53151E-01   -0.33705E-01    0.97649E-03    0.63334E-03   -0.49451E-02    0.16216E-05   -0.84213E-05   -0.76399E-03    0.58242E-02   -0.51240E-01    0.58091E-01    0.16152E+00    0.92071E-01   -0.53149E-01   -0.10659E-01    0.12770E-02    0.97693E+00   -0.21911E-02   -0.99672E-02    0.63903E-01   -0.60883E-01    0.14306E+00    0.16923E+00   -0.13930E+00   -0.20731E+00    0.62286E+00    0.13296E+00   -0.60584E+00    0.17247E+00
   -0.19952E-05   -0.42106E-05   -0.39471E-05    0.23601E-03    0.51562E-03    0.33643E-04   -0.15894E-03    0.29461E-03    0.12846E-02    0.92548E+00   -0.43813E+00   -0.88124E+00    0.26835E+00    0.45231E+00   -0.83753E-01   -0.29587E-02    0.11410E-01    0.13104E-01   -0.61118E-05    0.37356E-04    0.12200E-02    0.10748E+00   -0.35122E-01   -0.34238E-01   -0.78074E-02   -0.10232E+00    0.39242E-01   -0.33234E-01   -0.52021E-02   -0.21911E-02    0.99560E+00   -0.15113E-01    0.27085E-02   -0.10890E+00   -0.14563E+00   -0.44308E-01   -0.10213E+00   -0.75903E-01    0.73808E-01   -0.56915E-01    0.30865E+00    0.67014E+00
    0.16373E-05   -0.11209E-04   -0.78200E-06    0.25216E-04    0.21651E-03   -0.31113E-04    0.95770E-05   -0.38793E-04    0.10284E-02   -0.35698E+00   -0.10447E+00    0.38623E+00    0.68899E-01   -0.20404E+00   -0.48118E-01   -0.11513E-02   -0.85568E-02   -0.85652E-02    0.23648E-06    0.66206E-05    0.55677E-03    0.19624E-03   -0.61465E-01    0.17499E-01    0.68280E-01    0.55789E-01    0.92996E-01   -0.24765E-01   -0.13753E-01   -0.99672E-02   -0.15113E-01    0.99767E+00   -0.69480E-01    0.89598E-01    0.18063E-01    0.19395E+00    0.19478E-01    0.10524E+00   -0.57356E+00    0.38740E+00   -0.35489E+00    0.21600E+00
    0.71762E-05    0.33783E-05   -0.28176E-05   -0.13110E-03    0.20748E-03   -0.25620E-04   -0.14349E-03   -0.21935E-03   -0.57847E-03    0.17803E+01    0.99511E+00   -0.14280E+01   -0.25817E+00    0.56904E+00   -0.77436E-01   -0.94776E-02    0.33777E-01   -0.85907E-02    0.25424E-05   -0.20332E-03   -0.52708E-02   -0.62655E-01    0.15570E-01   -0.12234E+00   -0.12684E-01    0.69244E-01    0.63238E-01    0.29780E-01    0.46158E-01    0.63903E-01    0.27085E-02   -0.69480E-01    0.90281E+00   -0.20594E-01   -0.86747E-02   -0.17611E-01    0.10633E-01    0.59504E+00    0.16074E+00    0.12081E+00    0.73260E-01   -0.65645E-01
   -0.74410E-06   -0.19275E-04   -0.91344E-05   -0.12958E-03   -0.26711E-03    0.22663E-04   -0.37712E-03   -0.14163E-03    0.32710E-02    0.25122E+00    0.21211E+00    0.84168E+00   -0.30039E-01   -0.41477E+00   -0.12190E-01   -0.67875E-03   -0.96545E-02   -0.16050E-01    0.14591E-05   -0.10387E-04   -0.21630E-02   -0.76523E-01    0.42884E-01    0.21836E-01    0.69004E-01    0.13096E+00   -0.66947E-01    0.13481E+00   -0.28009E-02   -0.60883E-01   -0.10890E+00    0.89598E-01   -0.20594E-01    0.10051E+01   -0.23229E-02   -0.16899E-01   -0.54887E-02    0.98980E-01    0.14583E+00    0.74524E-02    0.13764E+00    0.14766E+00
   -0.11564E-04    0.40175E-04   -0.14375E-04   -0.21728E-03    0.61662E-03   -0.85884E-04    0.42779E-03   -0.44528E-03   -0.30684E-02   -0.15545E+01    0.75808E+00    0.73618E-01   -0.36256E+00   -0.28622E-01    0.56452E-01   -0.19323E-03    0.57704E-02   -0.20906E-02   -0.24584E-05   -0.22931E-04   -0.61946E-03   -0.63898E-01   -0.16277E-01    0.35884E-01   -0.33808E-01    0.54579E-01   -0.82149E-01   -0.11934E+00   -0.57159E-01    0.14306E+00   -0.14563E+00    0.18063E-01   -0.86747E-02   -0.23229E-02    0.10054E+01    0.16769E-01   -0.10997E-02   -0.13697E+00    0.51929E-01    0.16229E+00    0.35610E-01   -0.70807E-01
    0.52578E-05   -0.25552E-04    0.19628E-05   -0.37150E-03   -0.99971E-05    0.55267E-04    0.16586E-03   -0.89538E-03    0.59642E-03   -0.25747E+00   -0.20046E+00    0.71769E+00    0.33191E-01   -0.41724E+00   -0.41942E-01   -0.24655E-02   -0.47972E-02   -0.16730E-01    0.12579E-04   -0.21711E-04    0.36827E-02   -0.17021E-01   -0.65682E-01    0.23020E-01   -0.30632E-02    0.15933E+00    0.45004E-01    0.15098E-01   -0.22648E-01    0.16923E+00   -0.44308E-01    0.19395E+00   -0.17611E-01   -0.16899E-01    0.16769E-01    0.10132E+01    0.62208E-02   -0.16048E-01    0.19946E-01    0.13762E+00   -0.29381E+00    0.11628E+00
    0.64105E-05   -0.36745E-04    0.18915E-04    0.44760E-04   -0.50006E-03   -0.16253E-04    0.13737E-03   -0.96514E-04   -0.14707E-02   -0.26125E+01   -0.86481E-01    0.20411E+00    0.27661E-01   -0.20688E+00    0.30037E-02   -0.45059E-02    0.64641E-02   -0.14455E-01    0.11853E-05   -0.18628E-04   -0.37007E-02    0.41010E-02   -0.14067E+00    0.15287E+00    0.87142E-01   -0.97543E-01    0.61639E-01   -0.65988E-01    0.13503E+00   -0.13930E+00   -0.10213E+00    0.19478E-01    0.10633E-01   -0.54887E-02   -0.10997E-02    0.62208E-02    0.97093E+00   -0.28016E-01   -0.62784E-01    0.35208E-01    0.16891E+00   -0.10732E+00
    0.11845E-04   -0.16006E-04   -0.97066E-06   -0.17535E-03   -0.55208E-03    0.33159E-03   -0.11137E-03   -0.10474E-03    0.11888E-02    0.10549E+01   -0.55154E+00    0.26571E-01    0.29962E+00   -0.42237E-02   -0.83862E-01   -0.57008E-03    0.13774E-02   -0.18312E-02    0.11694E-04    0.52182E-05   -0.27316E-02   -0.64726E-01    0.15789E+00   -0.23710E+00   -0.45201E-01    0.75753E-01    0.10007E+00    0.65378E+00   -0.81190E-01   -0.20731E+00   -0.75903E-01    0.10524E+00    0.59504E+00    0.98980E-01   -0.13697E+00   -0.16048E-01   -0.28016E-01    0.97256E+00   -0.20844E-01    0.38660E-02    0.11693E-01   -0.48813E-03
   -0.51091E-05    0.75122E-04   -0.37069E-05   -0.26936E-03   -0.69325E-04    0.13546E-03    0.39138E-03   -0.32468E-03   -0.28911E-02   -0.24249E+01   -0.64648E+00    0.38132E+00    0.60741E-01   -0.22516E+00   -0.15175E-01    0.17811E-02   -0.79957E-03   -0.18495E-02    0.43546E-05    0.20013E-04    0.38133E-03   -0.26707E-01    0.24887E-01    0.49290E-01    0.44590E-01    0.51861E-01   -0.88964E-01    0.24463E+00    0.26170E+00    0.62286E+00    0.73808E-01   -0.57356E+00    0.16074E+00    0.14583E+00    0.51929E-01    0.19946E-01   -0.62784E-01   -0.20844E-01    0.98500E+00    0.13488E-02    0.15094E-01   -0.31197E-02
   -0.11043E-04    0.11730E-03   -0.10295E-04   -0.85693E-04    0.55728E-03   -0.26969E-03    0.89261E-04    0.19389E-03   -0.20605E-02   -0.27048E+01   -0.27915E+00    0.36790E+00    0.48418E-01   -0.12276E+00   -0.21999E-01   -0.33295E-02   -0.68160E-02    0.14046E-02   -0.21974E-06   -0.68463E-04   -0.10814E-03   -0.94849E-02   -0.14386E-01    0.10399E+00    0.35669E-03    0.21253E-02    0.84484E-01   -0.56703E-01    0.78670E+00    0.13296E+00   -0.56915E-01    0.38740E+00    0.12081E+00    0.74524E-02    0.16229E+00    0.13762E+00    0.35208E-01    0.38660E-02    0.13488E-02    0.10209E+01   -0.27557E-02   -0.33960E-02
    0.35971E-06    0.49596E-05    0.46877E-05    0.64885E-04   -0.24451E-03    0.53769E-04   -0.12985E-03    0.16677E-03    0.32796E-03   -0.94961E+00    0.35943E+00   -0.33196E-01   -0.98010E-01    0.95376E-01    0.18791E-01   -0.56045E-02    0.14363E-01    0.41745E-02   -0.72049E-05   -0.14715E-04   -0.43749E-03    0.26142E-02    0.24694E-01    0.10831E-01   -0.17152E+00   -0.13092E+00   -0.30118E-01   -0.54184E-01    0.30290E+00   -0.60584E+00    0.30865E+00   -0.35489E+00    0.73260E-01    0.13764E+00    0.35610E-01   -0.29381E+00    0.16891E+00    0.11693E-01    0.15094E-01   -0.27557E-02    0.99097E+00    0.35281E-02
    0.19613E-05    0.28499E-04   -0.46951E-05    0.18272E-03    0.28283E-03   -0.39414E-04   -0.13087E-03    0.30117E-03    0.21502E-02    0.41295E+01   -0.41857E+00   -0.78849E+00    0.33301E+00    0.41452E+00   -0.66057E-01   -0.33642E-02    0.64937E-02    0.12976E-01   -0.29908E-05    0.45037E-04    0.10999E-02    0.72173E-01    0.59569E-01   -0.23862E+00    0.10409E+00    0.50497E-01    0.33426E-03    0.84906E-01   -0.19349E+00    0.17247E+00    0.67014E+00    0.21600E+00   -0.65645E-01    0.14766E+00   -0.70807E-01    0.11628E+00   -0.10732E+00   -0.48813E-03   -0.31197E-02   -0.33960E-02    0.35281E-02    0.97742E+00
