# omegabh2 omegach2 theta tau mnu ns logA aps100 aps143 aps217 acib143 acib217 asz143 psr cibr ncib cal0 cal2 xi aksz bm_1_1 bm_1_2 bm_1_3 bm_1_4 bm_1_5 bm_2_1 bm_2_2 bm_2_3 bm_2_4 bm_2_5 bm_3_1 bm_3_2 bm_3_3 bm_3_4 bm_3_5 bm_4_1 bm_4_2 bm_4_3 bm_4_4 bm_4_5 a_ps_act_148 a_ps_act_217 a_ps_spt_95 a_ps_spt_150 a_ps_spt_220 r_ps_spt_95x150 r_ps_spt_95x220 r_ps_150x220 act_dust_s act_dust_e cal_acts_148 cal_acts_217 cal_acte_148 cal_acte_217 cal_spt_95 cal_spt_150 cal_spt_220
    0.65328E-07   -0.26657E-06    0.59102E-07    0.89985E-06   -0.55281E-06    0.83966E-06    0.13002E-05   -0.36067E-03   -0.67698E-03   -0.62260E-03    0.11770E-05    0.50348E-04    0.19146E-04   -0.17600E-05   -0.33146E-06    0.10936E-05    0.15276E-08    0.80408E-10   -0.59521E-05   -0.56005E-04   -0.14648E-04   -0.65812E-05    0.23082E-05   -0.41411E-05    0.44922E-06   -0.77564E-06   -0.56814E-06   -0.15450E-05    0.37040E-05   -0.33931E-06   -0.11872E-04   -0.81663E-05   -0.10232E-05    0.18269E-05   -0.78991E-05   -0.75233E-05   -0.47549E-05   -0.37372E-05   -0.31757E-05    0.23295E-05    0.11149E-04    0.68436E-04    0.19874E-04    0.19510E-04    0.11075E-03   -0.57586E-06   -0.11643E-05   -0.25940E-06    0.28692E-06    0.41829E-06    0.37422E-06    0.41866E-06    0.36596E-06    0.40216E-06    0.67600E-06    0.71219E-06    0.62789E-06
   -0.26657E-06    0.50817E-05   -0.47397E-06   -0.81153E-05   -0.27655E-05   -0.12010E-04   -0.36862E-05    0.57689E-03    0.20476E-02    0.17278E-02    0.39234E-04    0.70490E-04   -0.18825E-04    0.84668E-05    0.26682E-05   -0.27298E-05   -0.61768E-08    0.60124E-07    0.94470E-05   -0.69693E-04    0.12326E-03   -0.13660E-04   -0.15019E-04    0.28839E-04    0.69856E-04    0.78016E-04    0.24090E-04   -0.14470E-04    0.22685E-04   -0.28287E-04    0.96940E-04    0.67626E-04   -0.41397E-04    0.87449E-05   -0.51425E-04    0.11549E-03    0.58514E-04    0.17446E-04    0.46603E-04    0.53401E-04    0.54005E-05   -0.37145E-03   -0.49451E-04   -0.54959E-04   -0.44555E-03    0.55185E-05    0.74631E-05   -0.87334E-06   -0.69549E-05   -0.51570E-05   -0.14384E-05   -0.19777E-05   -0.12622E-05   -0.12529E-05   -0.27143E-05   -0.30977E-05   -0.17814E-05
    0.59102E-07   -0.47397E-06    0.33824E-06    0.13573E-05   -0.24957E-05    0.15678E-05    0.18740E-05    0.74235E-03   -0.21280E-03   -0.35522E-03   -0.46861E-05    0.75492E-04    0.61603E-05   -0.17576E-06   -0.46020E-08    0.16508E-05    0.53851E-08    0.64639E-08   -0.47643E-05   -0.84985E-05    0.18990E-05    0.37527E-05   -0.10613E-05    0.42087E-05    0.10316E-04    0.32994E-05    0.26910E-05   -0.24051E-05    0.62308E-05    0.50462E-05   -0.15505E-04   -0.14381E-04   -0.74819E-06   -0.31785E-05   -0.12031E-04   -0.53559E-05   -0.11213E-04    0.15069E-05   -0.12372E-05    0.11306E-04    0.97892E-06    0.13438E-04   -0.33330E-05   -0.12551E-05    0.54548E-04   -0.51933E-06   -0.75027E-06   -0.17176E-06    0.10878E-06   -0.95585E-06    0.20600E-06    0.28142E-06    0.13960E-06    0.36279E-06    0.66958E-06    0.50775E-06    0.33200E-06
    0.89985E-06   -0.81153E-05    0.13573E-05    0.19221E-03    0.50860E-04    0.31913E-04    0.36287E-03   -0.13452E-01   -0.17057E-01   -0.13998E-01   -0.79967E-04    0.28703E-03    0.23605E-03   -0.59137E-04   -0.32250E-05    0.12286E-04    0.42287E-08    0.19602E-06   -0.90066E-04   -0.15829E-02   -0.45002E-03    0.14643E-03    0.50713E-04   -0.27203E-03   -0.36645E-03   -0.23535E-04   -0.15013E-03   -0.60821E-04    0.16799E-04   -0.12049E-03   -0.29673E-03   -0.68739E-04   -0.37871E-03    0.15299E-03    0.18108E-03   -0.18686E-03   -0.10038E-03   -0.32238E-03   -0.81358E-04   -0.77977E-04    0.35035E-03    0.27334E-02    0.41434E-03    0.54258E-03    0.21113E-02   -0.79964E-05   -0.13115E-04   -0.65766E-05    0.66295E-04    0.69254E-04    0.89910E-05    0.11197E-04    0.10845E-04    0.12437E-04    0.90952E-05    0.16418E-04    0.10279E-04
   -0.55281E-06   -0.27655E-05   -0.24957E-05    0.50860E-04    0.37270E-02    0.33276E-05    0.78881E-04    0.45838E-01    0.18624E-01    0.14400E-01    0.77619E-04   -0.55569E-02   -0.16275E-03   -0.20484E-04    0.70720E-04   -0.11397E-03    0.44631E-06   -0.64239E-06    0.31743E-03    0.36190E-02    0.11606E-03   -0.34891E-03   -0.14120E-03    0.56736E-03    0.45523E-03   -0.91102E-03   -0.10317E-03    0.41767E-03   -0.48741E-03   -0.39668E-03    0.43517E-03    0.45698E-03    0.99144E-03   -0.17029E-03    0.97510E-03   -0.55436E-03    0.45524E-03   -0.19436E-03    0.10223E-03   -0.15233E-02   -0.36475E-03    0.31065E-02    0.11049E-02   -0.39637E-03   -0.41547E-02   -0.44766E-04    0.81976E-04    0.19888E-04   -0.91579E-04    0.21037E-04   -0.56107E-05   -0.95476E-05   -0.37983E-05    0.23164E-05   -0.26105E-04   -0.53688E-05   -0.22850E-04
    0.83966E-06   -0.12010E-04    0.15678E-05    0.31913E-04    0.33276E-05    0.44751E-04    0.31068E-04   -0.28698E-01   -0.18690E-01   -0.13688E-01   -0.81173E-04    0.84714E-03    0.73424E-03   -0.43998E-04   -0.13995E-04    0.29051E-04   -0.12785E-06    0.87981E-07   -0.18506E-03   -0.13321E-02   -0.33915E-03   -0.19523E-03   -0.21363E-04   -0.72882E-04   -0.12758E-03    0.20744E-03   -0.68031E-04    0.19074E-04   -0.48622E-04   -0.55173E-04   -0.13364E-03   -0.25402E-03    0.76498E-04    0.55398E-05    0.10298E-05    0.76395E-04   -0.15855E-04   -0.58974E-04   -0.14076E-03   -0.66926E-04    0.55232E-04    0.15467E-02    0.29618E-03    0.28035E-03    0.16180E-02   -0.22804E-04   -0.35391E-04   -0.13563E-05    0.10288E-04    0.17879E-04    0.78123E-05    0.87719E-05    0.85406E-05    0.73956E-05    0.16134E-04    0.15486E-04    0.75033E-05
    0.13002E-05   -0.36862E-05    0.18740E-05    0.36287E-03    0.78881E-04    0.31068E-04    0.71960E-03   -0.37807E-01   -0.32633E-01   -0.25719E-01   -0.12069E-03    0.11883E-02    0.48780E-03   -0.10149E-03   -0.15293E-05    0.30840E-04    0.86997E-07    0.87817E-06   -0.19405E-03   -0.35987E-02   -0.22579E-03    0.34534E-03    0.74213E-04   -0.47825E-03   -0.51547E-03    0.48628E-03   -0.52154E-04   -0.17080E-03    0.99884E-04   -0.34606E-03   -0.35501E-03    0.40115E-04   -0.94491E-03    0.31878E-03    0.98647E-04    0.14049E-03    0.93378E-04   -0.47597E-03   -0.21953E-04    0.41896E-05    0.74575E-03    0.44882E-02    0.77118E-03    0.97271E-03    0.30074E-02   -0.82396E-05   -0.16474E-04   -0.14967E-04    0.11888E-03    0.12009E-03    0.16459E-04    0.17869E-04    0.19675E-04    0.22796E-04    0.12911E-04    0.26337E-04    0.15547E-04
   -0.36067E-03    0.57689E-03    0.74235E-03   -0.13452E-01    0.45838E-01   -0.28698E-01   -0.37807E-01    0.16564E+04    0.95511E+02    0.16690E+02   -0.29010E+00   -0.37786E+01   -0.12596E+02   -0.97022E-01   -0.89512E-01   -0.87004E-01    0.12555E-02   -0.28364E-02    0.11437E+01    0.10087E+02    0.16285E+02   -0.75135E+01    0.40908E-01    0.62695E+00   -0.40929E+00   -0.20205E+01   -0.49371E+01   -0.16679E+01    0.21395E+00   -0.69149E+00   -0.95329E+00    0.12829E+00   -0.15722E+01   -0.13385E+01   -0.24076E+01   -0.11821E+01   -0.32218E+01   -0.25516E+01    0.37838E+00    0.33713E+01    0.48878E+00    0.86470E+00    0.54897E+01   -0.64785E+00    0.78929E+01   -0.83421E-01   -0.43234E+00   -0.93693E-01   -0.12743E+00    0.64498E-01   -0.34267E-01    0.55687E-02   -0.17369E-01    0.55427E-02   -0.51617E-01   -0.34941E-01    0.96228E-02
   -0.67698E-03    0.20476E-02   -0.21280E-03   -0.17057E-01    0.18624E-01   -0.18690E-01   -0.32633E-01    0.95511E+02    0.64876E+02    0.17134E+02    0.49992E-01    0.13257E+00   -0.22762E+01    0.40906E-01    0.85994E-02   -0.19725E-01    0.13289E-03   -0.98027E-03    0.19239E+00    0.95749E+00   -0.67345E-01   -0.11935E+00   -0.19865E+00    0.10483E+00    0.94969E-01    0.21178E+00   -0.14373E+00   -0.14975E+00   -0.10252E+00    0.11594E+00   -0.22497E+00    0.36090E+00   -0.14972E+00    0.24986E-01    0.60222E-01    0.65480E-01   -0.10269E+00   -0.15817E+00    0.11822E+00    0.26422E+00    0.25432E+00   -0.17721E+01    0.10100E+01   -0.28979E+00   -0.13289E+01    0.58088E-02   -0.63612E-01   -0.27567E-01   -0.42605E-01   -0.16868E-01   -0.12789E-01   -0.78712E-02   -0.13488E-01   -0.78227E-02   -0.21784E-01   -0.19640E-01   -0.10972E-01
   -0.62260E-03    0.17278E-02   -0.35522E-03   -0.13998E-01    0.14400E-01   -0.13688E-01   -0.25719E-01    0.16690E+02    0.17134E+02    0.95421E+02   -0.11698E+01   -0.34529E+02    0.10717E-01   -0.35388E+00   -0.41479E-01   -0.45653E+00    0.17573E-04    0.24201E-03    0.93743E-01    0.16507E+01    0.50398E-01    0.20101E+00    0.78099E-01   -0.99983E-02    0.98987E-01    0.76100E-01    0.56897E-02    0.19582E+00    0.11293E+00    0.60476E-01    0.13062E+00    0.20074E+00   -0.51611E-01    0.19024E+00    0.49820E+00    0.97862E-01    0.17261E+00    0.33667E-01   -0.23397E-01   -0.36303E-01    0.12162E+00    0.17437E+02   -0.83131E+00    0.61456E+00    0.90347E+01   -0.44689E-01   -0.82858E-01    0.70580E-02    0.40423E-01    0.12525E-01   -0.65559E-02   -0.25961E-01   -0.43341E-02   -0.31413E-01   -0.40695E-02   -0.10124E-01   -0.56632E-01
    0.11770E-05    0.39234E-04   -0.46861E-05   -0.79967E-04    0.77619E-04   -0.81173E-04   -0.12069E-03   -0.29010E+00    0.49992E-01   -0.11698E+01    0.64151E+00    0.12430E+01    0.55748E+00    0.35842E-02   -0.29789E-02   -0.11766E-02    0.55082E-06    0.68064E-04    0.10830E-02   -0.93619E+00   -0.13694E-02   -0.32537E-01   -0.88106E-02   -0.21377E-01    0.32544E-02   -0.18436E-01    0.15880E-01    0.41976E-02   -0.12832E-01   -0.31863E-01    0.33725E-01   -0.29702E-01    0.38367E-02   -0.19001E-01   -0.18422E-02    0.25838E-02    0.10424E-01    0.16487E-01    0.15033E-01    0.35286E-03    0.49715E-01   -0.25560E+00   -0.19507E+00   -0.25098E-01   -0.10005E+00    0.46323E-01    0.44479E-01   -0.41260E-02    0.30483E-03   -0.26705E-02    0.18913E-03    0.21469E-03    0.17154E-03    0.27167E-03   -0.84839E-03    0.61999E-03    0.16820E-02
    0.50348E-04    0.70490E-04    0.75492E-04    0.28703E-03   -0.55569E-02    0.84714E-03    0.11883E-02   -0.37786E+01    0.13257E+00   -0.34529E+02    0.12430E+01    0.21628E+02    0.20178E+01    0.21837E+00    0.28315E-01    0.28925E+00    0.46348E-04   -0.20235E-03   -0.36524E+00   -0.43842E+01    0.87580E-01   -0.22348E+00   -0.91308E-01   -0.91245E-01   -0.74697E-02   -0.46954E-01    0.70863E-01   -0.12952E+00    0.15546E+00   -0.20274E+00   -0.71071E-01   -0.42202E+00   -0.16832E-01   -0.28074E+00   -0.33955E+00   -0.83720E-01   -0.84559E-01    0.35920E-01    0.18187E+00    0.24678E+00   -0.31619E+00   -0.11929E+02   -0.13948E+00   -0.74508E+00   -0.77991E+01    0.62763E-01    0.78690E-01   -0.11739E-01   -0.16111E-01   -0.11897E-01   -0.64902E-03    0.45460E-02   -0.16972E-02    0.85200E-02   -0.29941E-02   -0.25537E-02    0.22613E-01
    0.19146E-04   -0.18825E-04    0.61603E-05    0.23605E-03   -0.16275E-03    0.73424E-03    0.48780E-03   -0.12596E+02   -0.22762E+01    0.10717E-01    0.55748E+00    0.20178E+01    0.20112E+01    0.20009E-01    0.24702E-01    0.16367E-01    0.98634E-05   -0.12526E-03   -0.18547E+00   -0.24087E+01    0.61801E-01   -0.47272E-02   -0.73191E-02   -0.46091E-01    0.11467E-01    0.56197E-01    0.21493E-01   -0.65293E-02   -0.69315E-02   -0.50381E-01   -0.39609E-01   -0.52014E-01   -0.97681E-02   -0.37259E-01   -0.34038E-01    0.12056E-01    0.10172E-01   -0.48134E-02   -0.23769E-02    0.47195E-02   -0.57293E-01   -0.90590E+00   -0.81730E+00   -0.91011E-01   -0.12132E+01    0.46253E-01    0.74819E-01   -0.23688E-02   -0.13725E-02   -0.17431E-02    0.57167E-03   -0.29350E-02    0.56909E-03   -0.26795E-02    0.31568E-02    0.66824E-03   -0.85953E-03
   -0.17600E-05    0.84668E-05   -0.17576E-06   -0.59137E-04   -0.20484E-04   -0.43998E-04   -0.10149E-03   -0.97022E-01    0.40906E-01   -0.35388E+00    0.35842E-02    0.21837E+00    0.20009E-01    0.45616E-02   -0.13860E-04    0.31091E-02    0.39545E-06   -0.40255E-05   -0.11453E-02   -0.21397E-01    0.78613E-03    0.13350E-02    0.92981E-04    0.15844E-02   -0.84940E-03    0.15382E-02   -0.29821E-02    0.87342E-03   -0.20445E-02    0.86626E-03   -0.76356E-03    0.29884E-02   -0.48350E-03    0.31601E-03   -0.18646E-02    0.88283E-03    0.28904E-03   -0.27364E-02   -0.22686E-02   -0.10486E-02   -0.55441E-03   -0.15119E+00   -0.78866E-02   -0.43492E-02   -0.10762E+00    0.45686E-03    0.17607E-02    0.33451E-03   -0.11325E-03    0.35475E-04   -0.39394E-04   -0.23442E-04   -0.45656E-04    0.25526E-04   -0.10524E-04   -0.69192E-04    0.18719E-03
   -0.33146E-06    0.26682E-05   -0.46020E-08   -0.32250E-05    0.70720E-04   -0.13995E-04   -0.15293E-05   -0.89512E-01    0.85994E-02   -0.41479E-01   -0.29789E-02    0.28315E-01    0.24702E-01   -0.13860E-04    0.31797E-02   -0.29689E-03    0.42424E-06    0.57173E-05   -0.69055E-03   -0.17028E-01    0.11585E-02    0.22844E-03   -0.63020E-04   -0.14008E-02    0.81850E-03   -0.11694E-02   -0.88234E-04   -0.12510E-03   -0.22590E-04    0.60565E-03    0.59588E-03   -0.78761E-03    0.57826E-03    0.96191E-03   -0.48450E-03   -0.42903E-03   -0.84304E-03    0.95225E-03    0.26774E-03    0.15898E-03    0.68237E-02    0.43693E-02   -0.15462E-01    0.42605E-02    0.52309E-02    0.28485E-03    0.17457E-02   -0.45418E-03   -0.15607E-03   -0.26994E-04   -0.34675E-05    0.32496E-04    0.54694E-05    0.27432E-04    0.72162E-04    0.25173E-05    0.83747E-04
    0.10936E-05   -0.27298E-05    0.16508E-05    0.12286E-04   -0.11397E-03    0.29051E-04    0.30840E-04   -0.87004E-01   -0.19725E-01   -0.45653E+00   -0.11766E-02    0.28925E+00    0.16367E-01    0.31091E-02   -0.29689E-03    0.52853E-02    0.44339E-06   -0.12236E-04   -0.55725E-02   -0.34815E-01    0.39928E-02   -0.59954E-02   -0.23790E-02   -0.57866E-03   -0.20640E-03    0.18322E-02    0.44103E-02   -0.51179E-02    0.80275E-02   -0.54195E-02   -0.62912E-02   -0.11748E-01   -0.91179E-03   -0.71226E-02   -0.78828E-02   -0.29377E-02   -0.17768E-02    0.33951E-02    0.79205E-02    0.97745E-02   -0.83488E-02   -0.19447E+00    0.14460E-02   -0.11134E-01   -0.13953E+00   -0.42357E-03    0.63414E-06    0.24791E-03   -0.27409E-03    0.12582E-04   -0.34201E-05    0.94199E-05   -0.24280E-04    0.75197E-04    0.31670E-04   -0.51323E-04    0.25162E-03
    0.15276E-08   -0.61768E-08    0.53851E-08    0.42287E-08    0.44631E-06   -0.12785E-06    0.86997E-07    0.12555E-02    0.13289E-03    0.17573E-04    0.55082E-06    0.46348E-04    0.98634E-05    0.39545E-06    0.42424E-06    0.44339E-06    0.15900E-06   -0.10659E-07   -0.25721E-05   -0.20724E-04   -0.32962E-04   -0.13092E-04    0.10823E-04    0.41624E-05    0.94210E-05    0.12238E-04    0.11691E-04    0.93425E-05    0.14754E-04    0.67465E-05    0.14743E-04   -0.19767E-05   -0.23525E-06    0.48809E-05    0.87280E-05    0.15115E-04    0.11840E-04    0.96212E-05    0.10418E-05    0.80264E-05   -0.25086E-05   -0.13515E-04   -0.89337E-06   -0.36937E-05    0.15435E-04    0.27291E-06    0.21490E-06   -0.97375E-07   -0.97401E-06    0.11701E-06    0.26200E-07    0.39745E-07    0.28246E-07   -0.54726E-07    0.14639E-06   -0.43544E-07    0.80222E-07
    0.80408E-10    0.60124E-07    0.64639E-08    0.19602E-06   -0.64239E-06    0.87981E-07    0.87817E-06   -0.28364E-02   -0.98027E-03    0.24201E-03    0.68064E-04   -0.20235E-03   -0.12526E-03   -0.40255E-05    0.57173E-05   -0.12236E-04   -0.10659E-07    0.11131E-05    0.34321E-04    0.11475E-03    0.96176E-04    0.54472E-04   -0.54115E-05   -0.17564E-04    0.33697E-05    0.39246E-03    0.33929E-04    0.21157E-04   -0.33356E-04    0.30190E-04   -0.34448E-03    0.20724E-04   -0.86257E-04    0.56620E-04    0.23846E-06    0.54712E-04    0.90065E-04   -0.47680E-04   -0.10039E-03   -0.44160E-05    0.67220E-04    0.36519E-03    0.62628E-04    0.34962E-04    0.57539E-03    0.43056E-05    0.22145E-05   -0.25470E-05    0.29865E-05    0.15104E-05    0.32950E-06    0.73333E-06    0.42148E-06    0.97165E-06    0.31039E-06    0.57918E-06    0.84067E-06
   -0.59521E-05    0.94470E-05   -0.47643E-05   -0.90066E-04    0.31743E-03   -0.18506E-03   -0.19405E-03    0.11437E+01    0.19239E+00    0.93743E-01    0.10830E-02   -0.36524E+00   -0.18547E+00   -0.11453E-02   -0.69055E-03   -0.55725E-02   -0.25721E-05    0.34321E-04    0.63596E-01    0.35948E+00   -0.23506E-02    0.40422E-02    0.42530E-02    0.84924E-02   -0.60556E-02   -0.23903E-02    0.38393E-02    0.74682E-02   -0.26856E-02    0.10439E-02    0.51528E-02    0.84582E-02    0.44399E-02    0.41095E-02    0.91470E-02   -0.14447E-02    0.97104E-02    0.40970E-02    0.99839E-03   -0.29949E-02    0.55676E-01    0.15303E+00    0.78546E-02    0.53011E-01    0.18531E+00    0.38239E-02    0.76578E-02    0.12749E-02    0.70107E-03    0.13226E-02   -0.11897E-05    0.31299E-03    0.27784E-04    0.21887E-03   -0.10637E-03    0.17670E-03    0.33553E-03
   -0.56005E-04   -0.69693E-04   -0.84985E-05   -0.15829E-02    0.36190E-02   -0.13321E-02   -0.35987E-02    0.10087E+02    0.95749E+00    0.16507E+01   -0.93619E+00   -0.43842E+01   -0.24087E+01   -0.21397E-01   -0.17028E-01   -0.34815E-01   -0.20724E-04    0.11475E-03    0.35948E+00    0.45667E+01   -0.41061E-01    0.39282E-01    0.30895E-01    0.86499E-01   -0.18390E-01   -0.23759E-01   -0.82371E-02    0.41617E-02    0.12541E-02    0.88077E-01   -0.64084E-02    0.74072E-01    0.17667E-01    0.40903E-01    0.59808E-01   -0.14639E-01   -0.15493E-01    0.21908E-01   -0.15314E-01   -0.14319E-01    0.44401E-01    0.15827E+01    0.35954E+00    0.21886E+00    0.16702E+01   -0.51757E-01   -0.38228E-01    0.18001E-01    0.38961E-04    0.55607E-02    0.34725E-03    0.37087E-02    0.35099E-03    0.28660E-02    0.86190E-03    0.10858E-02    0.11263E-02
   -0.14648E-04    0.12326E-03    0.18990E-05   -0.45002E-03    0.11606E-03   -0.33915E-03   -0.22579E-03    0.16285E+02   -0.67345E-01    0.50398E-01   -0.13694E-02    0.87580E-01    0.61801E-01    0.78613E-03    0.11585E-02    0.39928E-02   -0.32962E-04    0.96176E-04   -0.23506E-02   -0.41061E-01    0.66206E+00   -0.15172E+00   -0.67236E-02    0.21925E-01    0.62168E-02    0.20268E+00   -0.36684E-01   -0.45805E-01   -0.61942E-02   -0.56503E-01    0.67382E-02    0.31853E-01   -0.46527E-01   -0.52693E-01   -0.11335E+00    0.16458E+00    0.30669E-01   -0.65287E-02    0.28179E-01    0.83875E-01    0.52699E-02   -0.85885E-01   -0.41119E-01   -0.10114E-01   -0.76251E-01    0.38038E-03    0.32378E-02    0.36756E-03   -0.18334E-02   -0.13935E-02   -0.87975E-04   -0.21245E-03    0.22824E-03   -0.14054E-03    0.44026E-03   -0.15074E-03   -0.12763E-03
   -0.65812E-05   -0.13660E-04    0.37527E-05    0.14643E-03   -0.34891E-03   -0.19523E-03    0.34534E-03   -0.75135E+01   -0.11935E+00    0.20101E+00   -0.32537E-01   -0.22348E+00   -0.47272E-02    0.13350E-02    0.22844E-03   -0.59954E-02   -0.13092E-04    0.54472E-04    0.40422E-02    0.39282E-01   -0.15172E+00    0.90072E+00   -0.21103E-02   -0.19231E-01    0.27491E-02   -0.14516E+00    0.19037E+00    0.89238E-01   -0.23703E-01    0.49381E-01   -0.11190E+00    0.33106E-01    0.37043E-01    0.27713E-01    0.14827E+00   -0.21946E+00    0.54617E-01    0.11743E+00   -0.15031E-01   -0.20635E+00   -0.20112E-02    0.64720E-01   -0.23579E-01    0.14802E-01    0.31809E-01   -0.87671E-03    0.10876E-02    0.49116E-03    0.16219E-02    0.72869E-03   -0.89566E-04   -0.22947E-03   -0.16781E-04   -0.36591E-03    0.91600E-05   -0.82366E-04   -0.23658E-03
    0.23082E-05   -0.15019E-04   -0.10613E-05    0.50713E-04   -0.14120E-03   -0.21363E-04    0.74213E-04    0.40908E-01   -0.19865E+00    0.78099E-01   -0.88106E-02   -0.91308E-01   -0.73191E-02    0.92981E-04   -0.63020E-04   -0.23790E-02    0.10823E-04   -0.54115E-05    0.42530E-02    0.30895E-01   -0.67236E-02   -0.21103E-02    0.98042E+00    0.12325E-01    0.27425E-01   -0.50434E-01   -0.47919E-01    0.18525E+00   -0.25002E-01    0.90570E-01   -0.19537E-01    0.34644E-01   -0.41613E-01   -0.32968E-02    0.96980E-01   -0.69346E-01    0.30203E-01   -0.99197E-02   -0.20285E+00    0.90881E-01    0.96302E-02    0.54413E-01   -0.21028E-01    0.93898E-02    0.87974E-01   -0.23730E-03   -0.11693E-03    0.38442E-03   -0.18319E-03    0.10253E-02    0.16677E-03    0.58811E-04    0.24021E-03    0.11139E-03   -0.13194E-03    0.17448E-03   -0.10824E-03
   -0.41411E-05    0.28839E-04    0.42087E-05   -0.27203E-03    0.56736E-03   -0.72882E-04   -0.47825E-03    0.62695E+00    0.10483E+00   -0.99983E-02   -0.21377E-01   -0.91245E-01   -0.46091E-01    0.15844E-02   -0.14008E-02   -0.57866E-03    0.41624E-05   -0.17564E-04    0.84924E-02    0.86499E-01    0.21925E-01   -0.19231E-01    0.12325E-01    0.96677E+00   -0.15498E-01    0.61562E-01   -0.77171E-01    0.55505E-01   -0.10071E+00    0.50053E-01    0.49305E-01    0.12736E+00    0.68606E-01    0.14438E+00   -0.11937E+00    0.82460E-01    0.28997E-01    0.59640E-02   -0.10529E+00    0.67326E-01    0.11808E-01   -0.55270E-01    0.14946E-01   -0.10497E-02    0.10097E+00   -0.17948E-02   -0.17056E-02    0.67457E-03    0.21659E-02   -0.38303E-03    0.16283E-04   -0.28189E-03    0.14805E-03   -0.13800E-03    0.42337E-03    0.14816E-03    0.22692E-03
    0.44922E-06    0.69856E-04    0.10316E-04   -0.36645E-03    0.45523E-03   -0.12758E-03   -0.51547E-03   -0.40929E+00    0.94969E-01    0.98987E-01    0.32544E-02   -0.74697E-02    0.11467E-01   -0.84940E-03    0.81850E-03   -0.20640E-03    0.94210E-05    0.33697E-05   -0.60556E-02   -0.18390E-01    0.62168E-02    0.27491E-02    0.27425E-01   -0.15498E-01    0.10111E+01    0.43086E-01    0.47719E-01   -0.17554E-01    0.58323E-01    0.87123E-01    0.82361E-01   -0.86395E-01   -0.97049E-01    0.69904E-01    0.41252E-01    0.10703E+00   -0.66043E-01    0.10740E+00   -0.44874E-01    0.12094E-01   -0.94331E-02    0.52650E-01    0.11900E-01    0.10707E-03   -0.37216E-01    0.60874E-03   -0.93441E-03   -0.55674E-04    0.45251E-02    0.40512E-02    0.22716E-03   -0.98811E-04    0.68648E-04    0.49379E-04    0.55290E-03    0.45044E-04   -0.32529E-03
   -0.77564E-06    0.78016E-04    0.32994E-05   -0.23535E-04   -0.91102E-03    0.20744E-03    0.48628E-03   -0.20205E+01    0.21178E+00    0.76100E-01   -0.18436E-01   -0.46954E-01    0.56197E-01    0.15382E-02   -0.11694E-02    0.18322E-02    0.12238E-04    0.39246E-03   -0.23903E-02   -0.23759E-01    0.20268E+00   -0.14516E+00   -0.50434E-01    0.61562E-01    0.43086E-01    0.79025E+00   -0.17962E-01   -0.15226E-02   -0.72827E-02   -0.38128E-01    0.10227E+00    0.10816E+00   -0.87461E-01    0.22821E-01   -0.71937E-01    0.64679E+00    0.24524E+00   -0.48492E-01   -0.32751E-01    0.93551E-01    0.53240E-02   -0.12987E-01   -0.36355E-01    0.66730E-02    0.96950E-01   -0.99491E-03    0.90114E-03    0.14381E-02   -0.31169E-02    0.25532E-02    0.38172E-03   -0.18216E-03    0.24848E-03   -0.85417E-04    0.11843E-02    0.24896E-03   -0.48983E-04
   -0.56814E-06    0.24090E-04    0.26910E-05   -0.15013E-03   -0.10317E-03   -0.68031E-04   -0.52154E-04   -0.49371E+01   -0.14373E+00    0.56897E-02    0.15880E-01    0.70863E-01    0.21493E-01   -0.29821E-02   -0.88234E-04    0.44103E-02    0.11691E-04    0.33929E-04    0.38393E-02   -0.82371E-02   -0.36684E-01    0.19037E+00   -0.47919E-01   -0.77171E-01    0.47719E-01   -0.17962E-01    0.99385E+00   -0.13494E-01   -0.15994E-01    0.11475E-01    0.51545E-01    0.83221E-03   -0.62243E-01    0.57187E-02    0.14677E+00   -0.74621E-01    0.23699E+00    0.78392E+00    0.29455E+00   -0.19852E+00    0.12497E-01   -0.13795E+00   -0.18116E-01    0.22494E-02   -0.10235E+00    0.17090E-02    0.41006E-02    0.16696E-03   -0.22403E-02   -0.33456E-02    0.16921E-03   -0.31695E-03    0.87158E-04   -0.25820E-03    0.18902E-03    0.16075E-03   -0.24359E-03
   -0.15450E-05   -0.14470E-04   -0.24051E-05   -0.60821E-04    0.41767E-03    0.19074E-04   -0.17080E-03   -0.16679E+01   -0.14975E+00    0.19582E+00    0.41976E-02   -0.12952E+00   -0.65293E-02    0.87342E-03   -0.12510E-03   -0.51179E-02    0.93425E-05    0.21157E-04    0.74682E-02    0.41617E-02   -0.45805E-01    0.89238E-01    0.18525E+00    0.55505E-01   -0.17554E-01   -0.15226E-02   -0.13494E-01    0.98733E+00    0.93993E-02   -0.19147E-01    0.82026E-01   -0.60847E-01    0.12900E+00    0.14638E+00   -0.11853E+00   -0.19282E+00    0.63438E+00    0.10690E+00   -0.59714E+00    0.17834E+00    0.10096E-01    0.12986E+00   -0.16751E-01    0.70354E-02    0.11388E+00    0.24352E-02    0.13523E-02   -0.12886E-03   -0.30257E-02    0.36504E-02   -0.27327E-04    0.18553E-03    0.90966E-04    0.42409E-04   -0.18815E-03    0.22523E-03   -0.30894E-03
    0.37040E-05    0.22685E-04    0.62308E-05    0.16799E-04   -0.48741E-03   -0.48622E-04    0.99884E-04    0.21395E+00   -0.10252E+00    0.11293E+00   -0.12832E-01    0.15546E+00   -0.69315E-02   -0.20445E-02   -0.22590E-04    0.80275E-02    0.14754E-04   -0.33356E-04   -0.26856E-02    0.12541E-02   -0.61942E-02   -0.23703E-01   -0.25002E-01   -0.10071E+00    0.58323E-01   -0.72827E-02   -0.15994E-01    0.93993E-02    0.10197E+01   -0.97578E-02   -0.18714E-01   -0.11251E+00   -0.14066E+00   -0.26914E-01   -0.76707E-01   -0.74105E-01    0.85117E-01   -0.63267E-01    0.30088E+00    0.68864E+00   -0.48302E-03   -0.90345E-01   -0.35193E-01    0.50993E-02   -0.18861E+00    0.24288E-02    0.15833E-02    0.33395E-03    0.37299E-02    0.10227E-02    0.38690E-04    0.61894E-04    0.25771E-04    0.43838E-04    0.23556E-03    0.88032E-04    0.11726E-04
   -0.33931E-06   -0.28287E-04    0.50462E-05   -0.12049E-03   -0.39668E-03   -0.55173E-04   -0.34606E-03   -0.69149E+00    0.11594E+00    0.60476E-01   -0.31863E-01   -0.20274E+00   -0.50381E-01    0.86626E-03    0.60565E-03   -0.54195E-02    0.67465E-05    0.30190E-04    0.10439E-02    0.88077E-01   -0.56503E-01    0.49381E-01    0.90570E-01    0.50053E-01    0.87123E-01   -0.38128E-01    0.11475E-01   -0.19147E-01   -0.97578E-02    0.98802E+00   -0.60347E-01    0.88247E-01    0.38351E-01    0.16499E+00    0.35572E-01    0.10268E+00   -0.57926E+00    0.39493E+00   -0.33768E+00    0.21147E+00   -0.36310E-02    0.16538E+00    0.41641E-01    0.34375E-02    0.56462E-01   -0.22798E-02   -0.36452E-02    0.87980E-04    0.36953E-02   -0.37163E-03   -0.16613E-03    0.70378E-04    0.87325E-04   -0.21450E-04   -0.34706E-03   -0.20938E-04    0.24910E-03
   -0.11872E-04    0.96940E-04   -0.15505E-04   -0.29673E-03    0.43517E-03   -0.13364E-03   -0.35501E-03   -0.95329E+00   -0.22497E+00    0.13062E+00    0.33725E-01   -0.71071E-01   -0.39609E-01   -0.76356E-03    0.59588E-03   -0.62912E-02    0.14743E-04   -0.34448E-03    0.51528E-02   -0.64084E-02    0.67382E-02   -0.11190E+00   -0.19537E-01    0.49305E-01    0.82361E-01    0.10227E+00    0.51545E-01    0.82026E-01   -0.18714E-01   -0.60347E-01    0.86136E+00    0.70332E-03   -0.18549E-01    0.36786E-02    0.92805E-02    0.61883E+00    0.18566E+00    0.11850E+00    0.37209E-01   -0.92463E-01    0.11468E-01    0.20182E+00    0.68422E-02    0.11076E-01    0.25685E+00    0.16852E-02    0.25501E-03   -0.13412E-02   -0.14363E-02   -0.53195E-03   -0.60989E-04    0.18704E-03    0.99410E-04    0.46393E-03   -0.37879E-03    0.21770E-04    0.23042E-03
   -0.81663E-05    0.67626E-04   -0.14381E-04   -0.68739E-04    0.45698E-03   -0.25402E-03    0.40115E-04    0.12829E+00    0.36090E+00    0.20074E+00   -0.29702E-01   -0.42202E+00   -0.52014E-01    0.29884E-02   -0.78761E-03   -0.11748E-01   -0.19767E-05    0.20724E-04    0.84582E-02    0.74072E-01    0.31853E-01    0.33106E-01    0.34644E-01    0.12736E+00   -0.86395E-01    0.10816E+00    0.83221E-03   -0.60847E-01   -0.11251E+00    0.88247E-01    0.70332E-03    0.10141E+01    0.32000E-01   -0.11389E-01    0.19090E-01    0.90587E-01    0.15512E+00    0.11779E-01    0.15468E+00    0.13641E+00    0.22972E-01    0.29307E+00    0.13869E-01    0.96584E-02    0.22099E+00   -0.20156E-02   -0.31668E-02    0.10772E-03    0.25942E-02    0.53434E-05   -0.22669E-04    0.24658E-03   -0.16207E-03   -0.12973E-03   -0.50355E-03    0.20206E-04   -0.84765E-04
   -0.10232E-05   -0.41397E-04   -0.74819E-06   -0.37871E-03    0.99144E-03    0.76498E-04   -0.94491E-03   -0.15722E+01   -0.14972E+00   -0.51611E-01    0.38367E-02   -0.16832E-01   -0.97681E-02   -0.48350E-03    0.57826E-03   -0.91179E-03   -0.23525E-06   -0.86257E-04    0.44399E-02    0.17667E-01   -0.46527E-01    0.37043E-01   -0.41613E-01    0.68606E-01   -0.97049E-01   -0.87461E-01   -0.62243E-01    0.12900E+00   -0.14066E+00    0.38351E-01   -0.18549E-01    0.32000E-01    0.10094E+01    0.17761E-01    0.32539E-02   -0.11332E+00    0.42429E-01    0.15597E+00    0.29767E-01   -0.54683E-01    0.37315E-03    0.49396E-01    0.14766E-01    0.29453E-02   -0.32320E-01   -0.65917E-03   -0.17210E-03   -0.24696E-03   -0.24954E-02    0.13797E-03   -0.22220E-03    0.49705E-03   -0.11815E-03    0.10671E-03   -0.13391E-03    0.48093E-05   -0.42175E-03
    0.18269E-05    0.87449E-05   -0.31785E-05    0.15299E-03   -0.17029E-03    0.55398E-05    0.31878E-03   -0.13385E+01    0.24986E-01    0.19024E+00   -0.19001E-01   -0.28074E+00   -0.37259E-01    0.31601E-03    0.96191E-03   -0.71226E-02    0.48809E-05    0.56620E-04    0.41095E-02    0.40903E-01   -0.52693E-01    0.27713E-01   -0.32968E-02    0.14438E+00    0.69904E-01    0.22821E-01    0.57187E-02    0.14638E+00   -0.26914E-01    0.16499E+00    0.36786E-02   -0.11389E-01    0.17761E-01    0.97612E+00    0.17419E-01    0.34457E-02    0.21841E-01    0.14312E+00   -0.24940E+00    0.13202E+00    0.12920E-01    0.19196E+00    0.28253E-01    0.13042E-01    0.19705E+00   -0.11922E-02   -0.19256E-02   -0.29141E-03   -0.21103E-02    0.36176E-02   -0.30399E-04   -0.26886E-03    0.26167E-03   -0.13103E-03   -0.81595E-04    0.44535E-04    0.41638E-04
   -0.78991E-05   -0.51425E-04   -0.12031E-04    0.18108E-03    0.97510E-03    0.10298E-05    0.98647E-04   -0.24076E+01    0.60222E-01    0.49820E+00   -0.18422E-02   -0.33955E+00   -0.34038E-01   -0.18646E-02   -0.48450E-03   -0.78828E-02    0.87280E-05    0.23846E-06    0.91470E-02    0.59808E-01   -0.11335E+00    0.14827E+00    0.96980E-01   -0.11937E+00    0.41252E-01   -0.71937E-01    0.14677E+00   -0.11853E+00   -0.76707E-01    0.35572E-01    0.92805E-02    0.19090E-01    0.32539E-02    0.17419E-01    0.94677E+00   -0.36653E-01   -0.54592E-01    0.52959E-01    0.15424E+00   -0.77601E-01    0.11438E-01    0.25767E+00   -0.41440E-02    0.94591E-02    0.17895E+00    0.46077E-03   -0.33581E-04    0.11698E-03   -0.28244E-02    0.34126E-02   -0.33901E-04   -0.13350E-04   -0.15745E-04   -0.89552E-04    0.27728E-03   -0.23132E-04    0.84760E-04
   -0.75233E-05    0.11549E-03   -0.53559E-05   -0.18686E-03   -0.55436E-03    0.76395E-04    0.14049E-03   -0.11821E+01    0.65480E-01    0.97862E-01    0.25838E-02   -0.83720E-01    0.12056E-01    0.88283E-03   -0.42903E-03   -0.29377E-02    0.15115E-04    0.54712E-04   -0.14447E-02   -0.14639E-01    0.16458E+00   -0.21946E+00   -0.69346E-01    0.82460E-01    0.10703E+00    0.64679E+00   -0.74621E-01   -0.19282E+00   -0.74105E-01    0.10268E+00    0.61883E+00    0.90587E-01   -0.11332E+00    0.34457E-02   -0.36653E-01    0.97901E+00   -0.90235E-02    0.16933E-01    0.49935E-02   -0.14838E-01    0.44207E-02    0.12875E+00   -0.91887E-02    0.99368E-02    0.24074E+00   -0.86028E-03   -0.62099E-03    0.20533E-03   -0.13471E-02    0.11413E-02    0.21276E-03   -0.10478E-04    0.23651E-03    0.25366E-03    0.58527E-03    0.11654E-03    0.26520E-03
   -0.47549E-05    0.58514E-04   -0.11213E-04   -0.10038E-03    0.45524E-03   -0.15855E-04    0.93378E-04   -0.32218E+01   -0.10269E+00    0.17261E+00    0.10424E-01   -0.84559E-01    0.10172E-01    0.28904E-03   -0.84304E-03   -0.17768E-02    0.11840E-04    0.90065E-04    0.97104E-02   -0.15493E-01    0.30669E-01    0.54617E-01    0.30203E-01    0.28997E-01   -0.66043E-01    0.24524E+00    0.23699E+00    0.63438E+00    0.85117E-01   -0.57926E+00    0.18566E+00    0.15512E+00    0.42429E-01    0.21841E-01   -0.54592E-01   -0.90235E-02    0.10031E+01   -0.16917E-01    0.21550E-01    0.29588E-02    0.23914E-01    0.44832E-01   -0.44103E-01    0.11845E-01    0.10327E+00    0.27958E-02    0.35730E-02    0.23993E-03   -0.54297E-02    0.22679E-02    0.18523E-03    0.29319E-04    0.73554E-04   -0.28379E-04    0.37866E-03    0.26798E-03   -0.44437E-03
   -0.37372E-05    0.17446E-04    0.15069E-05   -0.32238E-03   -0.19436E-03   -0.58974E-04   -0.47597E-03   -0.25516E+01   -0.15817E+00    0.33667E-01    0.16487E-01    0.35920E-01   -0.48134E-02   -0.27364E-02    0.95225E-03    0.33951E-02    0.96212E-05   -0.47680E-04    0.40970E-02    0.21908E-01   -0.65287E-02    0.11743E+00   -0.99197E-02    0.59640E-02    0.10740E+00   -0.48492E-01    0.78392E+00    0.10690E+00   -0.63267E-01    0.39493E+00    0.11850E+00    0.11779E-01    0.15597E+00    0.14312E+00    0.52959E-01    0.16933E-01   -0.16917E-01    0.99768E+00    0.79782E-02   -0.17161E-01    0.88406E-02   -0.85100E-01    0.15604E-01   -0.43349E-02   -0.98643E-01    0.13881E-02    0.21826E-02   -0.45477E-03   -0.26571E-02   -0.38230E-02    0.28681E-04   -0.19660E-03    0.14719E-03   -0.13895E-03   -0.17541E-03    0.13887E-03    0.39296E-04
   -0.31757E-05    0.46603E-04   -0.12372E-05   -0.81358E-04    0.10223E-03   -0.14076E-03   -0.21953E-04    0.37838E+00    0.11822E+00   -0.23397E-01    0.15033E-01    0.18187E+00   -0.23769E-02   -0.22686E-02    0.26774E-03    0.79205E-02    0.10418E-05   -0.10039E-03    0.99839E-03   -0.15314E-01    0.28179E-01   -0.15031E-01   -0.20285E+00   -0.10529E+00   -0.44874E-01   -0.32751E-01    0.29455E+00   -0.59714E+00    0.30088E+00   -0.33768E+00    0.37209E-01    0.15468E+00    0.29767E-01   -0.24940E+00    0.15424E+00    0.49935E-02    0.21550E-01    0.79782E-02    0.96020E+00    0.52514E-02    0.10883E-01   -0.16573E+00    0.35002E-02   -0.14673E-02   -0.19485E+00    0.56184E-03    0.20641E-02   -0.22826E-03   -0.18761E-02   -0.55847E-02    0.87006E-06   -0.14878E-03   -0.14846E-03   -0.50400E-06    0.10113E-03   -0.14990E-03    0.21144E-03
    0.23295E-05    0.53401E-04    0.11306E-04   -0.77977E-04   -0.15233E-02   -0.66926E-04    0.41896E-05    0.33713E+01    0.26422E+00   -0.36303E-01    0.35286E-03    0.24678E+00    0.47195E-02   -0.10486E-02    0.15898E-03    0.97745E-02    0.80264E-05   -0.44160E-05   -0.29949E-02   -0.14319E-01    0.83875E-01   -0.20635E+00    0.90881E-01    0.67326E-01    0.12094E-01    0.93551E-01   -0.19852E+00    0.17834E+00    0.68864E+00    0.21147E+00   -0.92463E-01    0.13641E+00   -0.54683E-01    0.13202E+00   -0.77601E-01   -0.14838E-01    0.29588E-02   -0.17161E-01    0.52514E-02    0.99061E+00    0.37389E-02   -0.13441E+00   -0.26704E-01   -0.76755E-02   -0.21231E+00    0.33578E-02    0.22709E-02    0.44401E-03    0.19121E-03    0.58597E-03    0.37460E-04    0.14969E-03    0.38066E-04    0.14974E-03   -0.77158E-04    0.13402E-03    0.55076E-03
    0.11149E-04    0.54005E-05    0.97892E-06    0.35035E-03   -0.36475E-03    0.55232E-04    0.74575E-03    0.48878E+00    0.25432E+00    0.12162E+00    0.49715E-01   -0.31619E+00   -0.57293E-01   -0.55441E-03    0.68237E-02   -0.83488E-02   -0.25086E-05    0.67220E-04    0.55676E-01    0.44401E-01    0.52699E-02   -0.20112E-02    0.96302E-02    0.11808E-01   -0.94331E-02    0.53240E-02    0.12497E-01    0.10096E-01   -0.48302E-03   -0.36310E-02    0.11468E-01    0.22972E-01    0.37315E-03    0.12920E-01    0.11438E-01    0.44207E-02    0.23914E-01    0.88406E-02    0.10883E-01    0.37389E-02    0.33301E+00    0.14644E+00    0.20695E-01    0.14555E+00    0.46766E+00    0.11800E-01    0.15012E-01   -0.45751E-02    0.49146E-04   -0.48901E-02    0.53874E-03    0.34194E-04    0.76799E-03   -0.81751E-04   -0.18266E-03    0.15388E-03    0.88636E-03
    0.68436E-04   -0.37145E-03    0.13438E-04    0.27334E-02    0.31065E-02    0.15467E-02    0.44882E-02    0.86470E+00   -0.17721E+01    0.17437E+02   -0.25560E+00   -0.11929E+02   -0.90590E+00   -0.15119E+00    0.43693E-02   -0.19447E+00   -0.13515E-04    0.36519E-03    0.15303E+00    0.15827E+01   -0.85885E-01    0.64720E-01    0.54413E-01   -0.55270E-01    0.52650E-01   -0.12987E-01   -0.13795E+00    0.12986E+00   -0.90345E-01    0.16538E+00    0.20182E+00    0.29307E+00    0.49396E-01    0.19196E+00    0.25767E+00    0.12875E+00    0.44832E-01   -0.85100E-01   -0.16573E+00   -0.13441E+00    0.14644E+00    0.15737E+02    0.82307E-01    0.40472E+00    0.56938E+01   -0.87702E-02   -0.44296E-01   -0.95976E-02    0.17847E-01    0.37115E-02    0.17474E-02    0.21869E-01    0.18257E-02    0.13884E-01    0.18021E-02    0.38477E-02   -0.85702E-02
    0.19874E-04   -0.49451E-04   -0.33330E-05    0.41434E-03    0.11049E-02    0.29618E-03    0.77118E-03    0.54897E+01    0.10100E+01   -0.83131E+00   -0.19507E+00   -0.13948E+00   -0.81730E+00   -0.78866E-02   -0.15462E-01    0.14460E-02   -0.89337E-06    0.62628E-04    0.78546E-02    0.35954E+00   -0.41119E-01   -0.23579E-01   -0.21028E-01    0.14946E-01    0.11900E-01   -0.36355E-01   -0.18116E-01   -0.16751E-01   -0.35193E-01    0.41641E-01    0.68422E-02    0.13869E-01    0.14766E-01    0.28253E-01   -0.41440E-02   -0.91887E-02   -0.44103E-01    0.15604E-01    0.35002E-02   -0.26704E-01    0.20695E-01    0.82307E-01    0.22584E+01   -0.10705E-02    0.42426E+00   -0.91904E-01   -0.10683E+00   -0.38942E-02    0.76506E-02    0.20074E-02   -0.63613E-03    0.10698E-02   -0.35395E-03    0.78386E-03   -0.26085E-05   -0.30247E-03    0.38031E-03
    0.19510E-04   -0.54959E-04   -0.12551E-05    0.54258E-03   -0.39637E-03    0.28035E-03    0.97271E-03   -0.64785E+00   -0.28979E+00    0.61456E+00   -0.25098E-01   -0.74508E+00   -0.91011E-01   -0.43492E-02    0.42605E-02   -0.11134E-01   -0.36937E-05    0.34962E-04    0.53011E-01    0.21886E+00   -0.10114E-01    0.14802E-01    0.93898E-02   -0.10497E-02    0.10707E-03    0.66730E-02    0.22494E-02    0.70354E-02    0.50993E-02    0.34375E-02    0.11076E-01    0.96584E-02    0.29453E-02    0.13042E-01    0.94591E-02    0.99368E-02    0.11845E-01   -0.43349E-02   -0.14673E-02   -0.76755E-02    0.14555E+00    0.40472E+00   -0.10705E-02    0.23477E+00    0.35792E+00    0.56609E-02    0.12696E-01   -0.28442E-03    0.76036E-03    0.18913E-02    0.13743E-03   -0.51816E-04    0.18250E-03   -0.17705E-03    0.44246E-03    0.21746E-03   -0.18242E-03
    0.11075E-03   -0.44555E-03    0.54548E-04    0.21113E-02   -0.41547E-02    0.16180E-02    0.30074E-02    0.78929E+01   -0.13289E+01    0.90347E+01   -0.10005E+00   -0.77991E+01   -0.12132E+01   -0.10762E+00    0.52309E-02   -0.13953E+00    0.15435E-04    0.57539E-03    0.18531E+00    0.16702E+01   -0.76251E-01    0.31809E-01    0.87974E-01    0.10097E+00   -0.37216E-01    0.96950E-01   -0.10235E+00    0.11388E+00   -0.18861E+00    0.56462E-01    0.25685E+00    0.22099E+00   -0.32320E-01    0.19705E+00    0.17895E+00    0.24074E+00    0.10327E+00   -0.98643E-01   -0.19485E+00   -0.21231E+00    0.46766E+00    0.56938E+01    0.42426E+00    0.35792E+00    0.16779E+02   -0.14416E-01   -0.78591E-01   -0.24180E-01    0.94186E-02    0.44588E-02    0.22179E-02    0.35195E-02    0.21320E-02    0.16589E-02    0.11521E-02    0.52691E-02    0.28653E-01
   -0.57586E-06    0.55185E-05   -0.51933E-06   -0.79964E-05   -0.44766E-04   -0.22804E-04   -0.82396E-05   -0.83421E-01    0.58088E-02   -0.44689E-01    0.46323E-01    0.62763E-01    0.46253E-01    0.45686E-03    0.28485E-03   -0.42357E-03    0.27291E-06    0.43056E-05    0.38239E-02   -0.51757E-01    0.38038E-03   -0.87671E-03   -0.23730E-03   -0.17948E-02    0.60874E-03   -0.99491E-03    0.17090E-02    0.24352E-02    0.24288E-02   -0.22798E-02    0.16852E-02   -0.20156E-02   -0.65917E-03   -0.11922E-02    0.46077E-03   -0.86028E-03    0.27958E-02    0.13881E-02    0.56184E-03    0.33578E-02    0.11800E-01   -0.87702E-02   -0.91904E-01    0.56609E-02   -0.14416E-01    0.82458E-02    0.76515E-02   -0.20700E-03   -0.42640E-03   -0.19100E-03    0.29710E-04   -0.13399E-04    0.16458E-04    0.49117E-06   -0.48964E-04    0.37339E-04    0.75616E-04
