# omegabh2 omegach2 theta tau omegak logA ns calPlanck alpha_JLA beta_JLA acib217 xi asz143 aps100 aps143 aps143217 aps217 aksz kgal100 kgal143 kgal143217 kgal217 cal0 cal2
    0.5933858E-07   -0.3285184E-06    0.5960545E-07    0.1992544E-05   -0.3789416E-06    0.3348715E-05    0.9522420E-06    0.1072013E-07    0.1161883E-07    0.2726937E-06   -0.2554644E-03    0.4082283E-05    0.6817118E-04   -0.1111766E-02   -0.6384396E-03   -0.1928542E-03    0.4347366E-05   -0.9375308E-04   -0.2902754E-05    0.2205131E-05   -0.7350067E-05    0.6622407E-04    0.4103290E-08   -0.2098437E-07
   -0.3285184E-06    0.5081093E-05   -0.5564119E-06   -0.1764759E-04    0.5038489E-05   -0.2345746E-04   -0.1215776E-04   -0.3625353E-07   -0.2868084E-06   -0.5277397E-05    0.1122967E-02   -0.2538881E-04   -0.2857232E-03    0.5017270E-02    0.3130755E-02    0.1115532E-02    0.3212553E-03    0.3925568E-03   -0.8964519E-05   -0.3450612E-05    0.9482823E-04   -0.8133428E-04   -0.2936189E-07    0.1192841E-06
    0.5960545E-07   -0.5564119E-06    0.2436494E-06    0.2782858E-05   -0.7134428E-06    0.4460840E-05    0.1636960E-05   -0.1241805E-08    0.2848354E-07    0.2737088E-06   -0.1386010E-03    0.2942498E-05    0.4698406E-04   -0.7319760E-03   -0.4582168E-03   -0.1894120E-03   -0.1053948E-03   -0.6652689E-04   -0.5064407E-05   -0.1758654E-05    0.8294255E-06    0.5053692E-04    0.3070697E-08   -0.1102623E-07
    0.1992544E-05   -0.1764759E-04    0.2782858E-05    0.3741973E-03   -0.1708195E-04    0.7027423E-03    0.6089973E-04   -0.1925190E-05    0.1492947E-05    0.6620292E-06   -0.1758733E-01    0.3444757E-03    0.3881216E-02   -0.7471342E-01   -0.3148243E-01   -0.2675501E-02    0.9820936E-02   -0.6772825E-02   -0.8484045E-03   -0.9076286E-03   -0.2910779E-02   -0.1438507E-03   -0.4288864E-08   -0.2028824E-05
   -0.3789416E-06    0.5038489E-05   -0.7134428E-06   -0.1708195E-04    0.7069647E-05   -0.2263472E-04   -0.1244268E-04    0.1972619E-07   -0.2080778E-06   -0.2230729E-05    0.1304681E-02   -0.3168943E-04   -0.3155362E-03    0.5761302E-02    0.3755291E-02    0.1334764E-02    0.4244039E-03    0.4789425E-03   -0.4785760E-04   -0.4810563E-05    0.1872360E-03   -0.4096237E-04   -0.4462848E-07    0.1340890E-06
    0.3348715E-05   -0.2345746E-04    0.4460840E-05    0.7027423E-03   -0.2263472E-04    0.1370552E-02    0.9177257E-04    0.8504853E-05    0.1747818E-05   -0.8336961E-05   -0.3304586E-01    0.6945354E-03    0.7268533E-02   -0.1335099E+00   -0.5441068E-01    0.4248456E-03    0.2647484E-01   -0.1356779E-01   -0.2000415E-02   -0.2400634E-02   -0.5733659E-02    0.1552120E-02    0.1974589E-06   -0.3845434E-05
    0.9522420E-06   -0.1215776E-04    0.1636960E-05    0.6089973E-04   -0.1244268E-04    0.9177257E-04    0.4107615E-04    0.2463880E-06    0.6765369E-06    0.1391333E-04   -0.8069519E-02    0.1736905E-03    0.1930816E-02   -0.3847245E-01   -0.1386893E-01    0.4940823E-03    0.6046487E-02   -0.3677082E-02    0.2375560E-03   -0.8974950E-04   -0.7439808E-03    0.9334997E-03   -0.1224043E-06   -0.8498099E-06
    0.1072013E-07   -0.3625353E-07   -0.1241805E-08   -0.1925190E-05    0.1972619E-07    0.8504853E-05    0.2463880E-06    0.6199035E-05   -0.2036632E-06    0.2225772E-05    0.6920978E-03    0.6633159E-05    0.5265959E-04    0.3035117E-02    0.3802877E-03    0.4557512E-03    0.1244318E-02   -0.2943505E-04   -0.2298195E-04   -0.3576247E-04    0.9895162E-04    0.8225116E-03    0.1505838E-07    0.3005546E-08
    0.1161883E-07   -0.2868084E-06    0.2848354E-07    0.1492947E-05   -0.2080778E-06    0.1747818E-05    0.6765369E-06   -0.2036632E-06    0.4316639E-04   -0.3423578E-04    0.1462286E-05   -0.1269836E-04    0.4512246E-04   -0.9598934E-03   -0.8891353E-03   -0.7088477E-03   -0.5311318E-03    0.1198982E-03   -0.2814311E-05    0.1606058E-03    0.2715769E-03    0.5424857E-03   -0.3241700E-07    0.3406555E-07
    0.2726937E-06   -0.5277397E-05    0.2737088E-06    0.6620292E-06   -0.2230729E-05   -0.8336961E-05    0.1391333E-04    0.2225772E-05   -0.3423578E-04    0.6540047E-02    0.9067458E-03    0.3066896E-04   -0.1974253E-02    0.9254077E-03   -0.6694778E-02   -0.9699205E-02   -0.9724916E-02    0.3864523E-02    0.1365758E-02   -0.2049171E-02   -0.5854027E-02   -0.7160982E-02    0.1896139E-06   -0.4866713E-06
   -0.2554644E-03    0.1122967E-02   -0.1386010E-03   -0.1758733E-01    0.1304681E-02   -0.3304586E-01   -0.8069519E-02    0.6920978E-03    0.1462286E-05    0.9067458E-03    0.4918469E+02   -0.4669733E+00   -0.1608509E+01    0.4626456E+02    0.2899331E+01   -0.1959912E+02   -0.6594473E+02    0.4297446E+00   -0.1955067E+00    0.1987553E+00   -0.2495128E+01   -0.2422893E+02   -0.1037966E-03    0.4684341E-02
    0.4082283E-05   -0.2538881E-04    0.2942498E-05    0.3444757E-03   -0.3168943E-04    0.6945354E-03    0.1736905E-03    0.6633159E-05   -0.1269836E-04    0.3066896E-04   -0.4669733E+00    0.8151050E-01   -0.6422983E-01   -0.5007480E+00    0.9152580E+00    0.1733179E+01    0.7102289E+00    0.6356740E-01   -0.4837929E-02    0.8057861E-02    0.8335489E-01    0.8156072E-01    0.5839044E-05   -0.2198613E-04
    0.6817118E-04   -0.2857232E-03    0.4698406E-04    0.3881216E-02   -0.3155362E-03    0.7268533E-02    0.1930816E-02    0.5265959E-04    0.4512246E-04   -0.1974253E-02   -0.1608509E+01   -0.6422983E-01    0.3762546E+01   -0.3017234E+02   -0.4100088E+01    0.7551930E+01    0.6499173E+01   -0.2751257E+01   -0.1684110E+00    0.4425770E-01    0.2469321E+01    0.2159049E+01    0.1918491E-03   -0.3523441E-03
   -0.1111766E-02    0.5017270E-02   -0.7319760E-03   -0.7471342E-01    0.5761302E-02   -0.1335099E+00   -0.3847245E-01    0.3035117E-02   -0.9598934E-03    0.9254077E-03    0.4626456E+02   -0.5007480E+00   -0.3017234E+02    0.7435850E+03    0.7424927E+02   -0.5833019E+02   -0.7412241E+02    0.1497215E+02   -0.1313426E+01   -0.2440899E+00   -0.1429043E+02   -0.2222281E+02    0.4796129E-02    0.4668699E-02
   -0.6384396E-03    0.3130755E-02   -0.4582168E-03   -0.3148243E-01    0.3755291E-02   -0.5441068E-01   -0.1386893E-01    0.3802877E-03   -0.8891353E-03   -0.6694778E-02    0.2899331E+01    0.9152580E+00   -0.4100088E+01    0.7424927E+02    0.6133575E+02    0.4154694E+02    0.1609354E+02   -0.4045832E+01   -0.4669853E+00   -0.9855337E+00    0.3697085E+01    0.3062893E+01    0.1555818E-03    0.4491946E-03
   -0.1928542E-03    0.1115532E-02   -0.1894120E-03   -0.2675501E-02    0.1334764E-02    0.4248456E-03    0.4940823E-03    0.4557512E-03   -0.7088477E-03   -0.9699205E-02   -0.1959912E+02    0.1733179E+01    0.7551930E+01   -0.5833019E+02    0.4154694E+02    0.9122164E+02    0.6431633E+02   -0.1187435E+02   -0.6218255E+00   -0.3934981E+00    0.4457123E+01    0.5540458E+01    0.6986666E-03   -0.2433668E-02
    0.4347366E-05    0.3212553E-03   -0.1053948E-03    0.9820936E-02    0.4244039E-03    0.2647484E-01    0.6046487E-02    0.1244318E-02   -0.5311318E-03   -0.9724916E-02   -0.6594473E+02    0.7102289E+00    0.6499173E+01   -0.7412241E+02    0.1609354E+02    0.6431633E+02    0.1254015E+03   -0.1022513E+02   -0.2198584E+00   -0.5370383E+00    0.1835108E+00    0.2126570E+02    0.4801101E-03   -0.7874597E-02
   -0.9375308E-04    0.3925568E-03   -0.6652689E-04   -0.6772825E-02    0.4789425E-03   -0.1356779E-01   -0.3677082E-02   -0.2943505E-04    0.1198982E-03    0.3864523E-02    0.4297446E+00    0.6356740E-01   -0.2751257E+01    0.1497215E+02   -0.4045832E+01   -0.1187435E+02   -0.1022513E+02    0.6215364E+01    0.1028131E+00   -0.7561845E-01   -0.2088375E+01   -0.1710567E+01   -0.1345123E-03    0.1573410E-03
   -0.2902754E-05   -0.8964519E-05   -0.5064407E-05   -0.8484045E-03   -0.4785760E-04   -0.2000415E-02    0.2375560E-03   -0.2298195E-04   -0.2814311E-05    0.1365758E-02   -0.1955067E+00   -0.4837929E-02   -0.1684110E+00   -0.1313426E+01   -0.4669853E+00   -0.6218255E+00   -0.2198584E+00    0.1028131E+00    0.3197109E+01    0.7492937E+00    0.3732635E+00    0.6601977E+00    0.4028979E-03   -0.2753333E-06
    0.2205131E-05   -0.3450612E-05   -0.1758654E-05   -0.9076286E-03   -0.4810563E-05   -0.2400634E-02   -0.8974950E-04   -0.3576247E-04    0.1606058E-03   -0.2049171E-02    0.1987553E+00    0.8057861E-02    0.4425770E-01   -0.2440899E+00   -0.9855337E+00   -0.3934981E+00   -0.5370383E+00   -0.7561845E-01    0.7492937E+00    0.3124238E+01    0.2476511E+01    0.1580407E+01   -0.4106096E-03   -0.1607853E-03
   -0.7350067E-05    0.9482823E-04    0.8294255E-06   -0.2910779E-02    0.1872360E-03   -0.5733659E-02   -0.7439808E-03    0.9895162E-04    0.2715769E-03   -0.5854027E-02   -0.2495128E+01    0.8335489E-01    0.2469321E+01   -0.1429043E+02    0.3697085E+01    0.4457123E+01    0.1835108E+00   -0.2088375E+01    0.3732635E+00    0.2476511E+01    0.1808146E+02    0.2725127E+02   -0.7042464E-04    0.2562862E-02
    0.6622407E-04   -0.8133428E-04    0.5053692E-04   -0.1438507E-03   -0.4096237E-04    0.1552120E-02    0.9334997E-03    0.8225116E-03    0.5424857E-03   -0.7160982E-02   -0.2422893E+02    0.8156072E-01    0.2159049E+01   -0.2222281E+02    0.3062893E+01    0.5540458E+01    0.2126570E+02   -0.1710567E+01    0.6601977E+00    0.1580407E+01    0.2725127E+02    0.6115337E+02   -0.4784114E-04    0.4343410E-02
    0.4103290E-08   -0.2936189E-07    0.3070697E-08   -0.4288864E-08   -0.4462848E-07    0.1974589E-06   -0.1224043E-06    0.1505838E-07   -0.3241700E-07    0.1896139E-06   -0.1037966E-03    0.5839044E-05    0.1918491E-03    0.4796129E-02    0.1555818E-03    0.6986666E-03    0.4801101E-03   -0.1345123E-03    0.4028979E-03   -0.4106096E-03   -0.7042464E-04   -0.4784114E-04    0.5371669E-06    0.9692592E-08
   -0.2098437E-07    0.1192841E-06   -0.1102623E-07   -0.2028824E-05    0.1340890E-06   -0.3845434E-05   -0.8498099E-06    0.3005546E-08    0.3406555E-07   -0.4866713E-06    0.4684341E-02   -0.2198613E-04   -0.3523441E-03    0.4668699E-02    0.4491946E-03   -0.2433668E-02   -0.7874597E-02    0.1573410E-03   -0.2753333E-06   -0.1607853E-03    0.2562862E-02    0.4343410E-02    0.9692592E-08    0.2099689E-05
