# omegabh2 omegach2 theta tau omegak ns nrun logA r aps100 aps143 aps217 acib143 acib217 asz143 psr cibr ncib cal0 cal2 xi aksz bm_1_1 bm_1_2 bm_1_3 bm_1_4 bm_1_5 bm_2_1 bm_2_2 bm_2_3 bm_2_4 bm_2_5 bm_3_1 bm_3_2 bm_3_3 bm_3_4 bm_3_5 bm_4_1 bm_4_2 bm_4_3 bm_4_4 bm_4_5
    0.12459E-06   -0.52021E-06    0.91633E-07    0.24079E-05   -0.57740E-06    0.13598E-05   -0.19395E-05    0.42831E-05    0.50281E-05    0.61920E-03   -0.22178E-02   -0.12844E-02    0.29939E-03    0.22180E-03    0.62898E-04    0.77445E-05   -0.12190E-04    0.76938E-05    0.14974E-07   -0.46097E-09   -0.46101E-05   -0.79253E-05    0.11978E-04    0.11554E-04    0.17277E-04    0.34149E-05    0.22204E-04    0.39084E-04    0.50606E-04    0.56659E-05   -0.83437E-04    0.64588E-04   -0.23783E-05    0.51033E-04   -0.22152E-04   -0.15366E-04    0.98160E-04    0.37946E-04   -0.13904E-04    0.77425E-04   -0.64490E-04   -0.55120E-04
   -0.52021E-06    0.73407E-05   -0.98210E-06   -0.17780E-04    0.69661E-05   -0.18327E-04    0.66434E-06   -0.17392E-04   -0.29365E-04    0.23950E-01    0.20816E-01    0.78008E-02   -0.13451E-02    0.11951E-02   -0.15016E-02   -0.32007E-04    0.64977E-04   -0.61677E-05    0.61952E-07    0.32504E-06   -0.20466E-04   -0.22414E-02   -0.79121E-04   -0.36020E-03    0.12333E-03    0.16562E-03   -0.91180E-04   -0.56535E-03   -0.49498E-03    0.18801E-03    0.34902E-03    0.88361E-04    0.25102E-04    0.11481E-03    0.11553E-03    0.28525E-03   -0.54498E-03   -0.44848E-03   -0.36508E-05   -0.55727E-03    0.10588E-03    0.28992E-03
    0.91633E-07   -0.98210E-06    0.35885E-06    0.29597E-05   -0.11242E-05    0.28812E-05    0.37802E-06    0.36079E-05    0.31969E-05   -0.55218E-02   -0.42821E-02   -0.72106E-03    0.15587E-03   -0.51530E-03    0.31599E-03    0.26470E-05   -0.10881E-04   -0.57819E-05    0.15974E-07   -0.13971E-06   -0.18626E-04    0.47799E-03   -0.57695E-05    0.45239E-04   -0.37333E-04   -0.11074E-03    0.68930E-04    0.77298E-04    0.38801E-04   -0.71940E-04   -0.31083E-04   -0.49291E-04    0.50893E-05    0.11357E-04   -0.16984E-04   -0.67770E-04    0.53341E-04    0.69782E-04    0.58709E-05    0.34385E-04    0.57691E-04   -0.55261E-04
    0.24079E-05   -0.17780E-04    0.29597E-05    0.24579E-03   -0.14931E-04    0.47128E-04   -0.70976E-04    0.46561E-03    0.27588E-04   -0.35570E-01   -0.65236E-01   -0.13581E-01    0.71832E-02   -0.15997E-03    0.63883E-02    0.59573E-04   -0.28617E-03    0.47940E-04    0.50030E-06   -0.48913E-06   -0.84535E-03    0.14964E-02    0.62489E-03    0.58692E-04    0.10909E-02    0.11915E-02    0.13385E-02    0.25865E-02    0.76790E-03    0.12692E-02   -0.15834E-02   -0.52876E-03    0.13544E-02   -0.45829E-03   -0.37136E-02   -0.14281E-03    0.27694E-02    0.28437E-02    0.74769E-03    0.12867E-02   -0.31069E-02    0.22789E-04
   -0.57740E-06    0.69661E-05   -0.11242E-05   -0.14931E-04    0.11085E-04   -0.18235E-04    0.40909E-06   -0.12500E-04   -0.41688E-04    0.93039E-02    0.22532E-01    0.74604E-02   -0.16748E-02    0.11225E-02   -0.11708E-02   -0.24158E-04    0.71696E-04   -0.26145E-04    0.20945E-06    0.34366E-06    0.58294E-04   -0.19897E-02   -0.80922E-04   -0.11693E-03    0.18085E-03    0.13740E-03   -0.26858E-03   -0.62907E-03   -0.32389E-03    0.34384E-03    0.50394E-03    0.84836E-04    0.45665E-04    0.20709E-03    0.27271E-03    0.47029E-03   -0.55871E-03   -0.52340E-03    0.99775E-04   -0.29831E-03   -0.50381E-04    0.48166E-03
    0.13598E-05   -0.18327E-04    0.28812E-05    0.47128E-04   -0.18235E-04    0.71392E-04    0.13722E-04    0.43686E-04    0.18439E-03   -0.14810E+00   -0.36319E-01    0.46782E-02   -0.66806E-02   -0.14826E-01    0.15767E-02    0.83338E-04   -0.20829E-03   -0.10138E-03   -0.31232E-06   -0.75019E-06    0.16358E-03    0.20021E-02   -0.22823E-03    0.41081E-03   -0.28384E-03    0.10312E-03    0.79835E-03    0.94168E-03    0.13754E-02    0.33124E-03    0.34776E-04   -0.27146E-03    0.13877E-03   -0.94735E-03    0.58959E-03   -0.78358E-03    0.85693E-03    0.55503E-03    0.71974E-03    0.12376E-02    0.46602E-04   -0.10155E-02
   -0.19395E-05    0.66434E-06    0.37802E-06   -0.70976E-04    0.40909E-06    0.13722E-04    0.13021E-03   -0.17001E-03   -0.28064E-03   -0.12723E+00    0.74051E-02    0.18473E-01   -0.13610E-01   -0.14555E-01   -0.14098E-02    0.16379E-04   -0.33183E-06   -0.70253E-04   -0.65542E-06   -0.87267E-06    0.13935E-03   -0.12532E-02    0.30576E-03   -0.22764E-03   -0.84906E-03   -0.96730E-03    0.12114E-03   -0.69230E-03   -0.30054E-03   -0.51020E-03    0.18115E-02   -0.41824E-03    0.22981E-03   -0.13164E-02    0.23003E-02    0.54225E-03   -0.28655E-02   -0.44913E-03   -0.27556E-03    0.53281E-04    0.16814E-02    0.44333E-03
    0.42831E-05   -0.17392E-04    0.36079E-05    0.46561E-03   -0.12500E-04    0.43686E-04   -0.17001E-03    0.94152E-03    0.30949E-04   -0.17695E-01   -0.78559E-01   -0.32774E-02    0.85685E-02    0.10681E-02    0.76212E-02    0.15462E-03   -0.66854E-03    0.21566E-03    0.14458E-05   -0.32930E-06   -0.17262E-02   -0.24477E-02    0.18907E-02   -0.18207E-03    0.28520E-02    0.33263E-02    0.23598E-02    0.41414E-02    0.23900E-03    0.26424E-02   -0.33767E-02   -0.17063E-03    0.29615E-02    0.24040E-03   -0.75693E-02    0.37545E-03    0.46047E-02    0.52994E-02    0.89354E-03    0.11844E-02   -0.65511E-02    0.11695E-03
    0.50281E-05   -0.29365E-04    0.31969E-05    0.27588E-04   -0.41688E-04    0.18439E-03   -0.28064E-03    0.30949E-04    0.58677E-02   -0.31541E+00    0.22252E+00    0.47985E+00   -0.91044E-01   -0.17196E+00   -0.16701E-01   -0.48062E-03   -0.55271E-03   -0.24038E-02   -0.42290E-05   -0.11102E-05   -0.20362E-02   -0.65214E-02    0.29154E-04    0.13673E-01   -0.39877E-02    0.89584E-02    0.48494E-03   -0.66680E-02    0.94384E-02   -0.14714E-02    0.23598E-01   -0.38565E-02   -0.56206E-02   -0.58254E-02    0.46720E-02   -0.47001E-02    0.67702E-02   -0.12337E-01    0.71571E-02   -0.49403E-02    0.17363E-01    0.52762E-02
    0.61920E-03    0.23950E-01   -0.55218E-02   -0.35570E-01    0.93039E-02   -0.14810E+00   -0.12723E+00   -0.17695E-01   -0.31541E+00    0.31016E+04   -0.11662E+03   -0.22848E+03    0.15447E+03    0.16167E+03   -0.40340E+02   -0.78628E+00   -0.60030E-01    0.21835E+01    0.52888E-02   -0.74948E-02   -0.38582E+01   -0.38870E+02    0.10702E+02   -0.12690E+02   -0.23829E+01   -0.17736E+01    0.76393E+01   -0.14069E+01   -0.81718E+01    0.15032E+01   -0.44681E+01    0.11283E+02    0.52161E+01   -0.17382E+01   -0.49498E+01   -0.25139E+01   -0.13135E+01    0.58614E+01   -0.10511E+02    0.55967E+01   -0.13133E+02    0.90731E+01
   -0.22178E-02    0.20816E-01   -0.42821E-02   -0.65236E-01    0.22532E-01   -0.36319E-01    0.74051E-02   -0.78559E-01    0.22252E+00   -0.11662E+03    0.28987E+03    0.14999E+03   -0.59420E+02   -0.38333E+02   -0.92703E+01   -0.39655E+00    0.90802E+00   -0.87395E+00   -0.13946E-02    0.69431E-02    0.89057E+00   -0.17127E+02   -0.29004E+00    0.71053E+00   -0.91970E+00    0.50006E+01   -0.22392E+01   -0.43693E+01   -0.20721E+01   -0.72435E+00    0.26748E+01   -0.32376E+01    0.95808E+00   -0.39823E+00    0.59151E+01   -0.37393E+00   -0.17249E+01   -0.32460E+01    0.97120E+00   -0.50355E+01    0.45800E+01   -0.12155E+01
   -0.12844E-02    0.78008E-02   -0.72106E-03   -0.13581E-01    0.74604E-02    0.46782E-02    0.18473E-01   -0.32774E-02    0.47985E+00   -0.22848E+03    0.14999E+03    0.28308E+03   -0.57717E+02   -0.94514E+02   -0.16775E+01   -0.92705E-01   -0.46833E+00   -0.13357E+01   -0.75887E-03   -0.35534E-02   -0.53274E+00   -0.13959E+02    0.51373E+00    0.22451E+01   -0.51655E+00    0.49505E+01   -0.94572E+00   -0.14831E+01   -0.16124E+01   -0.42480E+00    0.32901E+01   -0.25952E+01   -0.13961E+01    0.13016E+01    0.33417E+01    0.60850E+00   -0.29328E+00   -0.25694E+01    0.15135E+01   -0.41602E+01    0.32600E+01    0.99389E-01
    0.29939E-03   -0.13451E-02    0.15587E-03    0.71832E-02   -0.16748E-02   -0.66806E-02   -0.13610E-01    0.85685E-02   -0.91044E-01    0.15447E+03   -0.59420E+02   -0.57717E+02    0.29313E+02    0.26479E+02    0.15997E+01    0.42063E-01    0.36071E-01    0.35506E+00    0.38736E-03   -0.13235E-02   -0.91941E-01   -0.10524E+01   -0.29589E+00   -0.13673E+01    0.51657E+00   -0.13742E+01    0.93718E+00    0.78376E+00    0.89964E-01    0.26271E+00   -0.50774E+00    0.12742E+01   -0.30045E+00   -0.13680E+00   -0.21589E+01    0.22750E+00    0.51793E+00    0.62964E+00   -0.68315E+00    0.11695E+01   -0.15485E+01    0.93801E+00
    0.22180E-03    0.11951E-02   -0.51530E-03   -0.15997E-03    0.11225E-02   -0.14826E-01   -0.14555E-01    0.10681E-02   -0.17196E+00    0.16167E+03   -0.38333E+02   -0.94514E+02    0.26479E+02    0.43506E+02    0.71417E+00    0.61354E-01    0.27942E+00    0.61313E+00    0.37076E-03    0.19508E-02   -0.78787E-01   -0.26085E+01   -0.29815E+00   -0.12066E+01    0.25273E+00   -0.17005E+01    0.48396E+00   -0.71933E-01    0.20247E+00    0.45719E+00   -0.13704E+01    0.10558E+01    0.24753E+00   -0.75570E+00   -0.15726E+01    0.85737E-01    0.36425E+00    0.31638E+00   -0.75637E+00    0.12166E+01   -0.17128E+01    0.13427E+00
    0.62898E-04   -0.15016E-02    0.31599E-03    0.63883E-02   -0.11708E-02    0.15767E-02   -0.14098E-02    0.76212E-02   -0.16701E-01   -0.40340E+02   -0.92703E+01   -0.16775E+01    0.15997E+01    0.71417E+00    0.52314E+01    0.37219E-01    0.10827E+00   -0.55809E-01    0.11856E-03   -0.50205E-03   -0.25771E-01   -0.22168E+00   -0.38773E+00   -0.51175E-01   -0.14644E+00   -0.30327E+00   -0.41645E-01   -0.55253E-01    0.20390E+00   -0.21616E-01   -0.26539E+00   -0.37025E+00   -0.19303E+00    0.11205E+00   -0.40312E+00    0.15860E-01    0.31138E+00   -0.17843E+00    0.73316E-01    0.10235E+00   -0.10829E+00    0.48759E-01
    0.77445E-05   -0.32007E-04    0.26470E-05    0.59573E-04   -0.24158E-04    0.83338E-04    0.16379E-04    0.15462E-03   -0.48062E-03   -0.78628E+00   -0.39655E+00   -0.92705E-01    0.42063E-01    0.61354E-01    0.37219E-01    0.97805E-02   -0.10724E-01    0.94559E-02    0.67835E-05   -0.53830E-04    0.74128E-02   -0.80396E-02    0.24088E-01    0.12228E-01    0.11916E-01    0.27261E-02    0.22942E-02    0.77521E-02   -0.12090E-01    0.10678E-01   -0.26512E-01    0.87479E-02    0.46645E-02    0.65038E-03   -0.13142E-01    0.11399E-01    0.94970E-02    0.12675E-01   -0.76798E-02   -0.73711E-02   -0.32357E-01   -0.10030E-01
   -0.12190E-04    0.64977E-04   -0.10881E-04   -0.28617E-03    0.71696E-04   -0.20829E-03   -0.33183E-06   -0.66854E-03   -0.55271E-03   -0.60030E-01    0.90802E+00   -0.46833E+00    0.36071E-01    0.27942E+00    0.10827E+00   -0.10724E-01    0.40064E-01   -0.12556E-01   -0.26380E-04    0.12860E-03   -0.83030E-02   -0.12202E+00   -0.33078E-01   -0.27624E-01   -0.17577E-01    0.21840E-01   -0.19378E-01   -0.45008E-01    0.33328E-01   -0.33470E-01    0.33065E-01   -0.55746E-01    0.32522E-01   -0.22510E-01    0.22500E-01   -0.24118E-01   -0.31279E-01   -0.20570E-01    0.18310E-01    0.22058E-02    0.81305E-01   -0.19470E-01
    0.76938E-05   -0.61677E-05   -0.57819E-05    0.47940E-04   -0.26145E-04   -0.10138E-03   -0.70253E-04    0.21566E-03   -0.24038E-02    0.21835E+01   -0.87395E+00   -0.13357E+01    0.35506E+00    0.61313E+00   -0.55809E-01    0.94559E-02   -0.12556E-01    0.22229E-01    0.66599E-05   -0.34417E-04    0.32099E-02   -0.55062E-03    0.39579E-01   -0.35645E-02    0.12447E-01   -0.30010E-01    0.18702E-01    0.14847E-01   -0.12489E-01    0.12545E-01   -0.35589E-01    0.37145E-01    0.12734E-02   -0.20008E-01   -0.30378E-01   -0.24261E-02   -0.49945E-02    0.21235E-01   -0.28742E-01    0.13243E-01   -0.50317E-01    0.41886E-02
    0.14974E-07    0.61952E-07    0.15974E-07    0.50030E-06    0.20945E-06   -0.31232E-06   -0.65542E-06    0.14458E-05   -0.42290E-05    0.52888E-02   -0.13946E-02   -0.75887E-03    0.38736E-03    0.37076E-03    0.11856E-03    0.67835E-05   -0.26380E-04    0.66599E-05    0.20869E-06   -0.68677E-07    0.11240E-04   -0.46389E-04   -0.35759E-04   -0.77547E-04   -0.67065E-04   -0.59731E-04    0.61455E-04    0.34153E-04   -0.27242E-04    0.92501E-04   -0.18701E-04    0.72869E-04    0.21177E-04    0.12953E-03   -0.89103E-04    0.74829E-04    0.43774E-04    0.37333E-04    0.35311E-04    0.52412E-04   -0.13679E-03    0.84427E-04
   -0.46097E-09    0.32504E-06   -0.13971E-06   -0.48913E-06    0.34366E-06   -0.75019E-06   -0.87267E-06   -0.32930E-06   -0.11102E-05   -0.74948E-02    0.69431E-02   -0.35534E-02   -0.13235E-02    0.19508E-02   -0.50205E-03   -0.53830E-04    0.12860E-03   -0.34417E-04   -0.68677E-07    0.19958E-05   -0.31320E-04   -0.42630E-03   -0.15217E-03    0.25599E-03   -0.92748E-04    0.11521E-03   -0.41539E-03    0.10077E-03    0.19652E-03    0.15275E-04    0.22644E-04   -0.10889E-03   -0.13635E-03   -0.12809E-03    0.21300E-03   -0.45928E-04    0.50933E-04   -0.10251E-03    0.26648E-03   -0.27213E-04    0.23659E-03   -0.21368E-03
   -0.46101E-05   -0.20466E-04   -0.18626E-04   -0.84535E-03    0.58294E-04    0.16358E-03    0.13935E-03   -0.17262E-02   -0.20362E-02   -0.38582E+01    0.89057E+00   -0.53274E+00   -0.91941E-01   -0.78787E-01   -0.25771E-01    0.74128E-02   -0.83030E-02    0.32099E-02    0.11240E-04   -0.31320E-04    0.82164E-01    0.23736E+00   -0.18425E-02   -0.74392E-02    0.45218E-01   -0.11506E-01   -0.35189E-01   -0.16761E-01   -0.19122E-01    0.52345E-01    0.14217E-01   -0.88498E-02   -0.31569E-02    0.63884E-02    0.18684E-01    0.39770E-01   -0.13764E-01   -0.29220E-01    0.32996E-01   -0.17698E-01   -0.20255E-01    0.33001E-01
   -0.79253E-05   -0.22414E-02    0.47799E-03    0.14964E-02   -0.19897E-02    0.20021E-02   -0.12532E-02   -0.24477E-02   -0.65214E-02   -0.38870E+02   -0.17127E+02   -0.13959E+02   -0.10524E+01   -0.26085E+01   -0.22168E+00   -0.80396E-02   -0.12202E+00   -0.55062E-03   -0.46389E-04   -0.42630E-03    0.23736E+00    0.95516E+01    0.29168E+00    0.57514E+00   -0.41516E-01   -0.40141E+00   -0.26777E+00    0.68390E+00    0.13663E+00   -0.24399E+00    0.35060E+00   -0.26286E+00    0.11984E-03   -0.15137E-01   -0.17803E-01   -0.24215E+00   -0.15891E+00    0.46155E+00    0.28003E+00   -0.58266E-01    0.51361E+00    0.24506E+00
    0.11978E-04   -0.79121E-04   -0.57695E-05    0.62489E-03   -0.80922E-04   -0.22823E-03    0.30576E-03    0.18907E-02    0.29154E-04    0.10702E+02   -0.29004E+00    0.51373E+00   -0.29589E+00   -0.29815E+00   -0.38773E+00    0.24088E-01   -0.33078E-01    0.39579E-01   -0.35759E-04   -0.15217E-03   -0.18425E-02    0.29168E+00    0.64860E+00    0.16061E-01    0.59014E-01    0.16359E+00   -0.82998E-01    0.13793E+00   -0.80102E-01    0.76400E-02   -0.42309E-01   -0.25319E-01    0.12078E+00    0.62965E-01   -0.16061E-01   -0.96654E-01   -0.27877E+00    0.19642E+00    0.18191E-01   -0.44841E-01   -0.17310E-01    0.89463E-01
    0.11554E-04   -0.36020E-03    0.45239E-04    0.58692E-04   -0.11693E-03    0.41081E-03   -0.22764E-03   -0.18207E-03    0.13673E-01   -0.12690E+02    0.71053E+00    0.22451E+01   -0.13673E+01   -0.12066E+01   -0.51175E-01    0.12228E-01   -0.27624E-01   -0.35645E-02   -0.77547E-04    0.25599E-03   -0.74392E-02    0.57514E+00    0.16061E-01    0.98466E+00    0.32777E-03    0.43919E-01   -0.22340E+00    0.84754E-01    0.18198E+00   -0.28602E-01    0.55482E-02    0.70753E-01   -0.13161E+00   -0.27182E+00    0.25267E+00    0.86115E-01    0.23883E+00   -0.39581E-01    0.28057E-02    0.71322E-01    0.41259E-01   -0.24660E+00
    0.17277E-04    0.12333E-03   -0.37333E-04    0.10909E-02    0.18085E-03   -0.28384E-03   -0.84906E-03    0.28520E-02   -0.39877E-02   -0.23829E+01   -0.91970E+00   -0.51655E+00    0.51657E+00    0.25273E+00   -0.14644E+00    0.11916E-01   -0.17577E-01    0.12447E-01   -0.67065E-04   -0.92748E-04    0.45218E-01   -0.41516E-01    0.59014E-01    0.32777E-03    0.67436E+00    0.56583E-01   -0.45346E-01    0.12474E-01    0.30568E-01    0.11256E+00   -0.22997E-01    0.10348E-01   -0.61832E-01    0.12158E+00   -0.15387E+00    0.75935E-01   -0.14936E-01   -0.57667E-01    0.88448E-01    0.38632E-02   -0.80161E-01    0.13036E+00
    0.34149E-05    0.16562E-03   -0.11074E-03    0.11915E-02    0.13740E-03    0.10312E-03   -0.96730E-03    0.33263E-02    0.89584E-02   -0.17736E+01    0.50006E+01    0.49505E+01   -0.13742E+01   -0.17005E+01   -0.30327E+00    0.27261E-02    0.21840E-01   -0.30010E-01   -0.59731E-04    0.11521E-03   -0.11506E-01   -0.40141E+00    0.16359E+00    0.43919E-01    0.56583E-01    0.10247E+01   -0.30689E-01    0.38328E-01   -0.12844E+00    0.12990E+00   -0.45282E-01   -0.60740E-01    0.28381E+00   -0.63807E-02   -0.90674E-01    0.24185E+00   -0.11947E+00    0.18256E+00    0.14025E+00   -0.17686E+00   -0.12122E+00   -0.78912E-01
    0.22204E-04   -0.91180E-04    0.68930E-04    0.13385E-02   -0.26858E-03    0.79835E-03    0.12114E-03    0.23598E-02    0.48494E-03    0.76393E+01   -0.22392E+01   -0.94572E+00    0.93718E+00    0.48396E+00   -0.41645E-01    0.22942E-02   -0.19378E-01    0.18702E-01    0.61455E-04   -0.41539E-03   -0.35189E-01   -0.26777E+00   -0.82998E-01   -0.22340E+00   -0.45346E-01   -0.30689E-01    0.90257E+00   -0.23310E-01    0.77872E-02    0.11812E-01   -0.56078E-01    0.17450E+00    0.16855E+00   -0.74681E-01   -0.20060E+00    0.10387E-01    0.60617E-01    0.13487E+00   -0.14187E+00    0.11223E+00   -0.16332E+00   -0.31795E-02
    0.39084E-04   -0.56535E-03    0.77298E-04    0.25865E-02   -0.62907E-03    0.94168E-03   -0.69230E-03    0.41414E-02   -0.66680E-02   -0.14069E+01   -0.43693E+01   -0.14831E+01    0.78376E+00   -0.71933E-01   -0.55253E-01    0.77521E-02   -0.45008E-01    0.14847E-01    0.34153E-04    0.10077E-03   -0.16761E-01    0.68390E+00    0.13793E+00    0.84754E-01    0.12474E-01    0.38328E-01   -0.23310E-01    0.75577E+00    0.26250E-01   -0.12906E+00   -0.15907E+00    0.12086E+00    0.93837E-01    0.17287E+00   -0.19128E+00   -0.60052E-01    0.98259E-01    0.67580E+00    0.78093E-01    0.50177E-01   -0.35427E-01   -0.47736E-01
    0.50606E-04   -0.49498E-03    0.38801E-04    0.76790E-03   -0.32389E-03    0.13754E-02   -0.30054E-03    0.23900E-03    0.94384E-02   -0.81718E+01   -0.20721E+01   -0.16124E+01    0.89964E-01    0.20247E+00    0.20390E+00   -0.12090E-01    0.33328E-01   -0.12489E-01   -0.27242E-04    0.19652E-03   -0.19122E-01    0.13663E+00   -0.80102E-01    0.18198E+00    0.30568E-01   -0.12844E+00    0.77872E-02    0.26250E-01    0.92397E+00    0.37685E-01    0.13524E+00   -0.23249E+00   -0.48665E-01   -0.94330E-01   -0.42746E-01   -0.46280E-01    0.16393E+00   -0.15303E+00    0.38115E+00    0.59587E+00    0.31644E+00   -0.12047E+00
    0.56659E-05    0.18801E-03   -0.71940E-04    0.12692E-02    0.34384E-03    0.33124E-03   -0.51020E-03    0.26424E-02   -0.14714E-02    0.15032E+01   -0.72435E+00   -0.42480E+00    0.26271E+00    0.45719E+00   -0.21616E-01    0.10678E-01   -0.33470E-01    0.12545E-01    0.92501E-04    0.15275E-04    0.52345E-01   -0.24399E+00    0.76400E-02   -0.28602E-01    0.11256E+00    0.12990E+00    0.11812E-01   -0.12906E+00    0.37685E-01    0.87801E+00    0.37465E-01   -0.39388E-01   -0.58862E-01   -0.43233E-01   -0.57573E-01    0.38794E+00   -0.10068E+00   -0.35364E+00    0.54018E+00    0.99128E-01   -0.61503E+00    0.27043E+00
   -0.83437E-04    0.34902E-03   -0.31083E-04   -0.15834E-02    0.50394E-03    0.34776E-04    0.18115E-02   -0.33767E-02    0.23598E-01   -0.44681E+01    0.26748E+01    0.32901E+01   -0.50774E+00   -0.13704E+01   -0.26539E+00   -0.26512E-01    0.33065E-01   -0.35589E-01   -0.18701E-04    0.22644E-04    0.14217E-01    0.35060E+00   -0.42309E-01    0.55482E-02   -0.22997E-01   -0.45282E-01   -0.56078E-01   -0.15907E+00    0.13524E+00    0.37465E-01    0.95546E+00   -0.14673E+00   -0.52962E-01   -0.15515E+00    0.13394E+00    0.11158E+00   -0.28981E+00   -0.27019E+00    0.22509E+00    0.16540E-01    0.45229E+00    0.56683E+00
    0.64588E-04    0.88361E-04   -0.49291E-04   -0.52876E-03    0.84836E-04   -0.27146E-03   -0.41824E-03   -0.17063E-03   -0.38565E-02    0.11283E+02   -0.32376E+01   -0.25952E+01    0.12742E+01    0.10558E+01   -0.37025E+00    0.87479E-02   -0.55746E-01    0.37145E-01    0.72869E-04   -0.10889E-03   -0.88498E-02   -0.26286E+00   -0.25319E-01    0.70753E-01    0.10348E-01   -0.60740E-01    0.17450E+00    0.12086E+00   -0.23249E+00   -0.39388E-01   -0.14673E+00    0.10611E+01   -0.96822E-01    0.13272E-01   -0.57786E-01    0.33368E-01    0.13468E-01    0.23614E+00   -0.67239E+00    0.28438E+00   -0.50276E+00    0.14214E+00
   -0.23783E-05    0.25102E-04    0.50893E-05    0.13544E-02    0.45665E-04    0.13877E-03    0.22981E-03    0.29615E-02   -0.56206E-02    0.52161E+01    0.95808E+00   -0.13961E+01   -0.30045E+00    0.24753E+00   -0.19303E+00    0.46645E-02    0.32522E-01    0.12734E-02    0.21177E-04   -0.13635E-03   -0.31569E-02    0.11984E-03    0.12078E+00   -0.13161E+00   -0.61832E-01    0.28381E+00    0.16855E+00    0.93837E-01   -0.48665E-01   -0.58862E-01   -0.52962E-01   -0.96822E-01    0.68412E+00   -0.52960E-01   -0.11893E+00   -0.75664E-01   -0.67676E-01    0.53409E+00    0.61495E-01   -0.45518E-01    0.38565E-01   -0.16064E+00
    0.51033E-04    0.11481E-03    0.11357E-04   -0.45829E-03    0.20709E-03   -0.94735E-03   -0.13164E-02    0.24040E-03   -0.58254E-02   -0.17382E+01   -0.39823E+00    0.13016E+01   -0.13680E+00   -0.75570E+00    0.11205E+00    0.65038E-03   -0.22510E-01   -0.20008E-01    0.12953E-03   -0.12809E-03    0.63884E-02   -0.15137E-01    0.62965E-01   -0.27182E+00    0.12158E+00   -0.63807E-02   -0.74681E-01    0.17287E+00   -0.94330E-01   -0.43233E-01   -0.15515E+00    0.13272E-01   -0.52960E-01    0.96713E+00   -0.86581E-01   -0.31356E-01   -0.12135E+00    0.10476E+00    0.17224E+00   -0.28076E-01    0.12766E+00    0.17388E+00
   -0.22152E-04    0.11553E-03   -0.16984E-04   -0.37136E-02    0.27271E-03    0.58959E-03    0.23003E-02   -0.75693E-02    0.46720E-02   -0.49498E+01    0.59151E+01    0.33417E+01   -0.21589E+01   -0.15726E+01   -0.40312E+00   -0.13142E-01    0.22500E-01   -0.30378E-01   -0.89103E-04    0.21300E-03    0.18684E-01   -0.17803E-01   -0.16061E-01    0.25267E+00   -0.15387E+00   -0.90674E-01   -0.20060E+00   -0.19128E+00   -0.42746E-01   -0.57573E-01    0.13394E+00   -0.57786E-01   -0.11893E+00   -0.86581E-01    0.10996E+01   -0.39091E-01   -0.98839E-01   -0.25458E+00   -0.61798E-02    0.33473E-02    0.31271E+00   -0.11837E+00
   -0.15366E-04    0.28525E-03   -0.67770E-04   -0.14281E-03    0.47029E-03   -0.78358E-03    0.54225E-03    0.37545E-03   -0.47001E-02   -0.25139E+01   -0.37393E+00    0.60850E+00    0.22750E+00    0.85737E-01    0.15860E-01    0.11399E-01   -0.24118E-01   -0.24261E-02    0.74829E-04   -0.45928E-04    0.39770E-01   -0.24215E+00   -0.96654E-01    0.86115E-01    0.75935E-01    0.24185E+00    0.10387E-01   -0.60052E-01   -0.46280E-01    0.38794E+00    0.11158E+00    0.33368E-01   -0.75664E-01   -0.31356E-01   -0.39091E-01    0.89780E+00   -0.58399E-01   -0.17910E+00    0.19125E+00    0.55141E-01   -0.41368E+00    0.21896E+00
    0.98160E-04   -0.54498E-03    0.53341E-04    0.27694E-02   -0.55871E-03    0.85693E-03   -0.28655E-02    0.46047E-02    0.67702E-02   -0.13135E+01   -0.17249E+01   -0.29328E+00    0.51793E+00    0.36425E+00    0.31138E+00    0.94970E-02   -0.31279E-01   -0.49945E-02    0.43774E-04    0.50933E-04   -0.13764E-01   -0.15891E+00   -0.27877E+00    0.23883E+00   -0.14936E-01   -0.11947E+00    0.60617E-01    0.98259E-01    0.16393E+00   -0.10068E+00   -0.28981E+00    0.13468E-01   -0.67676E-01   -0.12135E+00   -0.98839E-01   -0.58399E-01    0.96701E+00    0.47244E-01   -0.51475E-01    0.46601E-01   -0.25692E-02   -0.29862E+00
    0.37946E-04   -0.44848E-03    0.69782E-04    0.28437E-02   -0.52340E-03    0.55503E-03   -0.44913E-03    0.52994E-02   -0.12337E-01    0.58614E+01   -0.32460E+01   -0.25694E+01    0.62964E+00    0.31638E+00   -0.17843E+00    0.12675E-01   -0.20570E-01    0.21235E-01    0.37333E-04   -0.10251E-03   -0.29220E-01    0.46155E+00    0.19642E+00   -0.39581E-01   -0.57667E-01    0.18256E+00    0.13487E+00    0.67580E+00   -0.15303E+00   -0.35364E+00   -0.27019E+00    0.23614E+00    0.53409E+00    0.10476E+00   -0.25458E+00   -0.17910E+00    0.47244E-01    0.10218E+01   -0.22555E+00   -0.88199E-02   -0.54836E-01   -0.19985E+00
   -0.13904E-04   -0.36508E-05    0.58709E-05    0.74769E-03    0.99775E-04    0.71974E-03   -0.27556E-03    0.89354E-03    0.71571E-02   -0.10511E+02    0.97120E+00    0.15135E+01   -0.68315E+00   -0.75637E+00    0.73316E-01   -0.76798E-02    0.18310E-01   -0.28742E-01    0.35311E-04    0.26648E-03    0.32996E-01    0.28003E+00    0.18191E-01    0.28057E-02    0.88448E-01    0.14025E+00   -0.14187E+00    0.78093E-01    0.38115E+00    0.54018E+00    0.22509E+00   -0.67239E+00    0.61495E-01    0.17224E+00   -0.61798E-02    0.19125E+00   -0.51475E-01   -0.22555E+00    0.10042E+01   -0.88782E-02    0.19102E+00    0.10460E+00
    0.77425E-04   -0.55727E-03    0.34385E-04    0.12867E-02   -0.29831E-03    0.12376E-02    0.53281E-04    0.11844E-02   -0.49403E-02    0.55967E+01   -0.50355E+01   -0.41602E+01    0.11695E+01    0.12166E+01    0.10235E+00   -0.73711E-02    0.22058E-02    0.13243E-01    0.52412E-04   -0.27213E-04   -0.17698E-01   -0.58266E-01   -0.44841E-01    0.71322E-01    0.38632E-02   -0.17686E+00    0.11223E+00    0.50177E-01    0.59587E+00    0.99128E-01    0.16540E-01    0.28438E+00   -0.45518E-01   -0.28076E-01    0.33473E-02    0.55141E-01    0.46601E-01   -0.88199E-02   -0.88782E-02    0.78452E+00   -0.11226E+00    0.93013E-01
   -0.64490E-04    0.10588E-03    0.57691E-04   -0.31069E-02   -0.50381E-04    0.46602E-04    0.16814E-02   -0.65511E-02    0.17363E-01   -0.13133E+02    0.45800E+01    0.32600E+01   -0.15485E+01   -0.17128E+01   -0.10829E+00   -0.32357E-01    0.81305E-01   -0.50317E-01   -0.13679E-03    0.23659E-03   -0.20255E-01    0.51361E+00   -0.17310E-01    0.41259E-01   -0.80161E-01   -0.12122E+00   -0.16332E+00   -0.35427E-01    0.31644E+00   -0.61503E+00    0.45229E+00   -0.50276E+00    0.38565E-01    0.12766E+00    0.31271E+00   -0.41368E+00   -0.25692E-02   -0.54836E-01    0.19102E+00   -0.11226E+00    0.12751E+01   -0.43830E-01
   -0.55120E-04    0.28992E-03   -0.55261E-04    0.22789E-04    0.48166E-03   -0.10155E-02    0.44333E-03    0.11695E-03    0.52762E-02    0.90731E+01   -0.12155E+01    0.99389E-01    0.93801E+00    0.13427E+00    0.48759E-01   -0.10030E-01   -0.19470E-01    0.41886E-02    0.84427E-04   -0.21368E-03    0.33001E-01    0.24506E+00    0.89463E-01   -0.24660E+00    0.13036E+00   -0.78912E-01   -0.31795E-02   -0.47736E-01   -0.12047E+00    0.27043E+00    0.56683E+00    0.14214E+00   -0.16064E+00    0.17388E+00   -0.11837E+00    0.21896E+00   -0.29862E+00   -0.19985E+00    0.10460E+00    0.93013E-01   -0.43830E-01    0.90307E+00
