# omegabh2 omegach2 theta tau yhe logA ns calPlanck acib217 xi asz143 aps100 aps143 aps143217 aps217 aksz kgal100 kgal143 kgal143217 kgal217 cal0 cal2
    0.1165854E-06   -0.4964971E-06    0.2571667E-06    0.4072051E-05    0.5270806E-05    0.8490465E-05    0.3466376E-05    0.4332716E-07    0.1928416E-03   -0.3378503E-05   -0.2772097E-04    0.6934880E-03    0.2922124E-03    0.8523290E-04   -0.5073232E-04    0.6601998E-04    0.2344571E-04    0.1799683E-04    0.5658233E-05   -0.5235850E-04   -0.1740656E-08    0.1581364E-07
   -0.4964971E-06    0.5561937E-05   -0.1215841E-05   -0.2655812E-04   -0.1833510E-04   -0.4519163E-04   -0.2061540E-04   -0.3581823E-06   -0.5143060E-03    0.1282104E-04    0.7801494E-04   -0.1924789E-02   -0.3307767E-03    0.2266597E-03    0.3407439E-03   -0.2860882E-03   -0.8975452E-04   -0.3159197E-04    0.8363834E-04    0.2909504E-03   -0.7190040E-08   -0.2525865E-07
    0.2571667E-06   -0.1215841E-05    0.9055838E-06    0.9607675E-05    0.1770015E-04    0.2109811E-04    0.1029478E-04    0.6335051E-07    0.1332443E-02   -0.2196838E-04   -0.2621086E-03    0.4998671E-02    0.2571155E-02    0.6757493E-03   -0.3388508E-03    0.4726256E-03    0.7908922E-04    0.3562350E-04    0.7140402E-04   -0.3180068E-03   -0.1771099E-07    0.1174637E-06
    0.4072051E-05   -0.2655812E-04    0.9607675E-05    0.4474768E-03    0.1755997E-03    0.8759347E-03    0.1526881E-03    0.7971105E-07   -0.4297219E-02    0.4463102E-04    0.1109513E-02   -0.2239088E-01   -0.2887588E-02    0.4620079E-02    0.9527879E-02   -0.1838515E-02    0.2916675E-03    0.1192137E-04   -0.9866427E-03   -0.1283548E-02   -0.1815841E-06   -0.8928219E-06
    0.5270806E-05   -0.1833510E-04    0.1770015E-04    0.1755997E-03    0.4627563E-03    0.4267225E-03    0.2291413E-03    0.1057162E-05    0.3801033E-01   -0.5860959E-03   -0.7584389E-02    0.1433503E+00    0.7888657E-01    0.2381884E-01   -0.6141367E-02    0.1293954E-01    0.2242533E-02    0.9772551E-03    0.2689422E-02   -0.8218698E-02   -0.5971792E-06    0.3491302E-05
    0.8490465E-05   -0.4519163E-04    0.2109811E-04    0.8759347E-03    0.4267225E-03    0.1779363E-02    0.3151100E-03    0.1190391E-04   -0.1097134E-02    0.3846120E-04    0.6670697E-03   -0.9613178E-02    0.1540392E-01    0.2015057E-01    0.2588784E-01   -0.2237740E-02    0.5946242E-03   -0.6664157E-03   -0.1690856E-02   -0.2359763E-02   -0.1570846E-06   -0.1093877E-05
    0.3466376E-05   -0.2061540E-04    0.1029478E-04    0.1526881E-03    0.2291413E-03    0.3151100E-03    0.1532415E-03    0.1563000E-05    0.1151041E-01   -0.1620848E-03   -0.1902467E-02    0.3580116E-01    0.2596821E-01    0.1216916E-01    0.2983958E-02    0.3025110E-02    0.1330755E-02    0.3549731E-03    0.5882123E-03   -0.3013938E-02   -0.4487127E-06    0.9992128E-06
    0.4332716E-07   -0.3581823E-06    0.6335051E-07    0.7971105E-07    0.1057162E-05    0.1190391E-04    0.1563000E-05    0.6150297E-05    0.6083451E-03    0.9102591E-05    0.6007361E-04    0.2744407E-02    0.7739130E-03    0.1020621E-02    0.1770730E-02   -0.1404123E-03   -0.5008724E-04   -0.1772094E-03   -0.9800044E-04    0.6407667E-03    0.4507019E-07   -0.5060898E-08
    0.1928416E-03   -0.5143060E-03    0.1332443E-02   -0.4297219E-02    0.3801033E-01   -0.1097134E-02    0.1151041E-01    0.6083451E-03    0.5247219E+02   -0.5327924E+00   -0.2148274E+01    0.5557031E+02    0.7991334E+01   -0.1815597E+02   -0.6682912E+02    0.1547588E+01   -0.1323006E+00    0.3678249E+00   -0.2933153E+01   -0.2604653E+02   -0.2036998E-03    0.4729725E-02
   -0.3378503E-05    0.1282104E-04   -0.2196838E-04    0.4463102E-04   -0.5860959E-03    0.3846120E-04   -0.1620848E-03    0.9102591E-05   -0.5327924E+00    0.8208671E-01   -0.6084851E-01   -0.6145247E+00    0.8355504E+00    0.1669756E+01    0.7395318E+00    0.4879720E-01    0.1292328E-02    0.2904818E-02    0.8622875E-01    0.1185838E+00    0.9907769E-05   -0.2584450E-04
   -0.2772097E-04    0.7801494E-04   -0.2621086E-03    0.1109513E-02   -0.7584389E-02    0.6670697E-03   -0.1902467E-02    0.6007361E-04   -0.2148274E+01   -0.6084851E-01    0.3868859E+01   -0.3149877E+02   -0.5109388E+01    0.7333208E+01    0.6794581E+01   -0.3086803E+01   -0.2537781E+00    0.9891068E-01    0.2367050E+01    0.2103030E+01    0.1834442E-03   -0.4440315E-03
    0.6934880E-03   -0.1924789E-02    0.4998671E-02   -0.2239088E-01    0.1433503E+00   -0.9613178E-02    0.3580116E-01    0.2744407E-02    0.5557031E+02   -0.6145247E+00   -0.3149877E+02    0.7680426E+03    0.9576762E+02   -0.4872863E+02   -0.7224481E+02    0.1863745E+02    0.2467790E+00   -0.2688402E+00   -0.1259198E+02   -0.2350232E+02    0.4868428E-02    0.5606033E-02
    0.2922124E-03   -0.3307767E-03    0.2571155E-02   -0.2887588E-02    0.7888657E-01    0.1540392E-01    0.2596821E-01    0.7739130E-03    0.7991334E+01    0.8355504E+00   -0.5109388E+01    0.9576762E+02    0.7514893E+02    0.4662727E+02    0.1714393E+02   -0.2186938E+01    0.7551975E-01   -0.1170410E+01    0.4413158E+01    0.2365927E+01    0.1665684E-03    0.7941923E-03
    0.8523290E-04    0.2266597E-03    0.6757493E-03    0.4620079E-02    0.2381884E-01    0.2015057E-01    0.1216916E-01    0.1020621E-02   -0.1815597E+02    0.1669756E+01    0.7333208E+01   -0.4872863E+02    0.4662727E+02    0.9287228E+02    0.6591310E+02   -0.1198223E+02   -0.3891315E+00   -0.4971003E+00    0.4704374E+01    0.5235819E+01    0.7974901E-03   -0.2488598E-02
   -0.5073232E-04    0.3407439E-03   -0.3388508E-03    0.9527879E-02   -0.6141367E-02    0.2588784E-01    0.2983958E-02    0.1770730E-02   -0.6682912E+02    0.7395318E+00    0.6794581E+01   -0.7224481E+02    0.1714393E+02    0.6591310E+02    0.1273123E+03   -0.1109058E+02   -0.1498114E+00   -0.7842996E+00    0.9242121E+00    0.2234112E+02    0.6603521E-03   -0.7846482E-02
    0.6601998E-04   -0.2860882E-03    0.4726256E-03   -0.1838515E-02    0.1293954E-01   -0.2237740E-02    0.3025110E-02   -0.1404123E-03    0.1547588E+01    0.4879720E-01   -0.3086803E+01    0.1863745E+02   -0.2186938E+01   -0.1198223E+02   -0.1109058E+02    0.6827022E+01    0.2263940E+00   -0.5479121E-01   -0.2007660E+01   -0.1812336E+01   -0.1555282E-03    0.3360641E-03
    0.2344571E-04   -0.8975452E-04    0.7908922E-04    0.2916675E-03    0.2242533E-02    0.5946242E-03    0.1330755E-02   -0.5008724E-04   -0.1323006E+00    0.1292328E-02   -0.2537781E+00    0.2467790E+00    0.7551975E-01   -0.3891315E+00   -0.1498114E+00    0.2263940E+00    0.3264674E+01    0.7388921E+00    0.2712791E+00    0.5217318E+00    0.4202470E-03    0.8774473E-05
    0.1799683E-04   -0.3159197E-04    0.3562350E-04    0.1192137E-04    0.9772551E-03   -0.6664157E-03    0.3549731E-03   -0.1772094E-03    0.3678249E+00    0.2904818E-02    0.9891068E-01   -0.2688402E+00   -0.1170410E+01   -0.4971003E+00   -0.7842996E+00   -0.5479121E-01    0.7388921E+00    0.3101659E+01    0.2388101E+01    0.1332142E+01   -0.4006623E-03   -0.1852547E-03
    0.5658233E-05    0.8363834E-04    0.7140402E-04   -0.9866427E-03    0.2689422E-02   -0.1690856E-02    0.5882123E-03   -0.9800044E-04   -0.2933153E+01    0.8622875E-01    0.2367050E+01   -0.1259198E+02    0.4413158E+01    0.4704374E+01    0.9242121E+00   -0.2007660E+01    0.2712791E+00    0.2388101E+01    0.1780688E+02    0.2717260E+02   -0.9088477E-04    0.2479926E-02
   -0.5235850E-04    0.2909504E-03   -0.3180068E-03   -0.1283548E-02   -0.8218698E-02   -0.2359763E-02   -0.3013938E-02    0.6407667E-03   -0.2604653E+02    0.1185838E+00    0.2103030E+01   -0.2350232E+02    0.2365927E+01    0.5235819E+01    0.2234112E+02   -0.1812336E+01    0.5217318E+00    0.1332142E+01    0.2717260E+02    0.6223738E+02   -0.4435672E-04    0.4369497E-02
   -0.1740656E-08   -0.7190040E-08   -0.1771099E-07   -0.1815841E-06   -0.5971792E-06   -0.1570846E-06   -0.4487127E-06    0.4507019E-07   -0.2036998E-03    0.9907769E-05    0.1834442E-03    0.4868428E-02    0.1665684E-03    0.7974901E-03    0.6603521E-03   -0.1555282E-03    0.4202470E-03   -0.4006623E-03   -0.9088477E-04   -0.4435672E-04    0.5570250E-06    0.6176916E-08
    0.1581364E-07   -0.2525865E-07    0.1174637E-06   -0.8928219E-06    0.3491302E-05   -0.1093877E-05    0.9992128E-06   -0.5060898E-08    0.4729725E-02   -0.2584450E-04   -0.4440315E-03    0.5606033E-02    0.7941923E-03   -0.2488598E-02   -0.7846482E-02    0.3360641E-03    0.8774473E-05   -0.1852547E-03    0.2479926E-02    0.4369497E-02    0.6176916E-08    0.2108458E-05
