# omegabh2 omegach2 theta tau mnu nnu logA ns aps100 aps143 aps217 acib143 acib217 asz143 psr cibr ncib xi aksz cal0 cal2 calTE calEE bm_1_1
    0.5424292E-07    0.2710307E-06   -0.2228843E-07    0.1053587E-05   -0.3763773E-05    0.3032231E-04    0.2914110E-05    0.1502537E-05    0.5759819E-03   -0.1209611E-03   -0.1040988E-03    0.7084661E-04    0.5455169E-04    0.3888069E-04   -0.4622661E-06    0.3902625E-06   -0.8770300E-06   -0.3452037E-06    0.1019357E-05    0.5676193E-09    0.3046007E-07    0.3595061E-07    0.4876062E-07    0.7873944E-05
    0.2710307E-06    0.1362994E-04   -0.1406760E-05    0.1981212E-05    0.1231354E-03    0.7586671E-03    0.3712445E-04    0.1953780E-04    0.3698528E-01    0.7414886E-02   -0.4820429E-02    0.2354976E-02    0.6423400E-02    0.3591540E-03   -0.1780450E-04    0.8938331E-04    0.6271088E-04   -0.4590246E-04    0.1846025E-02   -0.2401976E-06    0.6018814E-06    0.3535601E-05    0.8158063E-05    0.3381689E-03
   -0.2228843E-07   -0.1406760E-05    0.2409339E-06   -0.3443998E-06   -0.2296185E-04   -0.8120495E-04   -0.3989290E-05   -0.2039950E-05   -0.4152916E-02   -0.7221249E-03    0.6574485E-03   -0.2325004E-03   -0.7065122E-03   -0.4775454E-04    0.2867010E-05   -0.1240610E-04   -0.6384665E-05    0.5899953E-05   -0.2404498E-03    0.2195615E-07   -0.1420623E-07   -0.5131047E-06   -0.8319517E-06   -0.3655939E-04
    0.1053587E-05    0.1981212E-05   -0.3443998E-06    0.2021434E-03    0.3800848E-03    0.5736648E-03    0.4098367E-03    0.4476071E-04   -0.3473588E-01    0.7001070E-02    0.1923944E-01   -0.6519825E-02   -0.8530971E-02   -0.1489452E-02    0.2165083E-04   -0.1693231E-03   -0.1370686E-03    0.5414412E-04   -0.3459004E-02    0.8697606E-07    0.1637812E-05   -0.5158200E-05    0.2283659E-05   -0.5701117E-04
   -0.3763773E-05    0.1231354E-03   -0.2296185E-04    0.3800848E-03    0.2219528E-01    0.5643807E-02    0.9507618E-03   -0.1200961E-04    0.1670105E+00    0.6526969E-01   -0.2091193E+00    0.4238415E-01    0.1310119E+00    0.5725635E-02   -0.1283964E-02    0.3309487E-02    0.2377233E-03   -0.2127998E-02    0.5567022E-01   -0.3759463E-06   -0.7470390E-05    0.1020299E-03    0.3713175E-04   -0.1602979E-02
    0.3032231E-04    0.7586671E-03   -0.8120495E-04    0.5736648E-03    0.5643807E-02    0.5113513E-01    0.3019256E-02    0.1686476E-02    0.1996680E+01    0.3768379E+00   -0.3514732E+00    0.1552063E+00    0.4002958E+00    0.3516223E-01   -0.1559249E-02    0.5826627E-02    0.3631439E-02   -0.3472274E-02    0.1108047E+00   -0.1412014E-04    0.3377927E-04    0.2393443E-03    0.5686467E-03    0.1828180E-01
    0.2914110E-05    0.3712445E-04   -0.3989290E-05    0.4098367E-03    0.9507618E-03    0.3019256E-02    0.9192005E-03    0.1385478E-03    0.2707528E-01    0.3814966E-01    0.3334034E-01   -0.9713209E-02   -0.3267493E-02   -0.2831162E-02    0.1199652E-04   -0.1931697E-03   -0.8460365E-04    0.5554411E-04   -0.4400083E-02   -0.1592120E-06    0.6223006E-05    0.2415603E-06    0.2895856E-04    0.1318819E-02
    0.1502537E-05    0.1953780E-04   -0.2039950E-05    0.4476071E-04   -0.1200961E-04    0.1686476E-02    0.1385478E-03    0.8205691E-04    0.3003273E-01    0.8636883E-02    0.2585260E-02    0.1029142E-02    0.3991849E-02    0.9825313E-03   -0.2213410E-04    0.5409342E-04    0.3456277E-04   -0.9418196E-04    0.2505510E-03   -0.5683475E-06    0.1593158E-05    0.6421595E-05    0.1634674E-04    0.6814439E-03
    0.5759819E-03    0.3698528E-01   -0.4152916E-02   -0.3473588E-01    0.1670105E+00    0.1996680E+01    0.2707528E-01    0.3003273E-01    0.2404989E+04    0.1085752E+03   -0.9291281E+02    0.5558735E+02    0.7799558E+02   -0.4828594E+02   -0.5997198E+00   -0.1162586E+01    0.6248057E+00    0.6748773E+00   -0.1170347E+02    0.3814532E-02    0.8533516E-02    0.2162885E-01    0.2966467E-01    0.1289205E+02
   -0.1209611E-03    0.7414886E-02   -0.7221249E-03    0.7001070E-02    0.6526969E-01    0.3768379E+00    0.3814966E-01    0.8636883E-02    0.1085752E+03    0.1079317E+03    0.2214625E+02   -0.1300464E+02    0.5795233E+01   -0.7664690E+01   -0.1287665E+00   -0.1630354E-01    0.1839317E+00    0.9695154E+00   -0.1123180E+02    0.3141156E-03    0.9995828E-03    0.5270030E-02    0.1099323E-01    0.5790353E+00
   -0.1040988E-03   -0.4820429E-02    0.6574485E-03    0.1923944E-01   -0.2091193E+00   -0.3514732E+00    0.3334034E-01    0.2585260E-02   -0.9291281E+02    0.2214625E+02    0.3022564E+03   -0.2549286E+02   -0.1397881E+03    0.1353705E+01    0.4159470E-01   -0.1332339E+01   -0.1785237E+01    0.6284442E+00   -0.1152987E+02    0.4319620E-04   -0.2365144E-02   -0.1065566E-02   -0.2171333E-02    0.9543537E-01
    0.7084661E-04    0.2354976E-02   -0.2325004E-03   -0.6519825E-02    0.4238415E-01    0.1552063E+00   -0.9713209E-02    0.1029142E-02    0.5558735E+02   -0.1300464E+02   -0.2549286E+02    0.1967159E+02    0.1658762E+02   -0.7401947E+00    0.6125032E-02    0.3426874E-01    0.1860040E+00    0.1513419E+00   -0.1228522E+01   -0.6301021E-04   -0.9769947E-03    0.2149046E-03    0.8984759E-03   -0.2533923E+00
    0.5455169E-04    0.6423400E-02   -0.7065122E-03   -0.8530971E-02    0.1310119E+00    0.4002958E+00   -0.3267493E-02    0.3991849E-02    0.7799558E+02    0.5795233E+01   -0.1397881E+03    0.1658762E+02    0.7802606E+02    0.1352146E+00    0.4502282E-01    0.6195342E+00    0.1104043E+01   -0.3218101E+00   -0.7408322E+00    0.5461029E-04    0.5513683E-03    0.3031432E-02    0.5898840E-02    0.1732484E+00
    0.3888069E-04    0.3591540E-03   -0.4775454E-04   -0.1489452E-02    0.5725635E-02    0.3516223E-01   -0.2831162E-02    0.9825313E-03   -0.4828594E+02   -0.7664690E+01    0.1353705E+01   -0.7401947E+00    0.1352146E+00    0.6274117E+01    0.5944137E-01    0.2417706E+00   -0.3013025E-02   -0.8209385E-01   -0.2956531E+00    0.5545085E-04   -0.5912212E-03   -0.4310985E-03   -0.2016025E-03    0.1387978E+00
   -0.4622661E-06   -0.1780450E-04    0.2867010E-05    0.2165083E-04   -0.1283964E-02   -0.1559249E-02    0.1199652E-04   -0.2213410E-04   -0.5997198E+00   -0.1287665E+00    0.4159470E-01    0.6125032E-02    0.4502282E-01    0.5944137E-01    0.1179702E-01   -0.8206400E-02    0.4215339E-02    0.5943244E-02   -0.3046828E-01    0.1522621E-05   -0.2428183E-04   -0.2901012E-04   -0.2043806E-04    0.1939560E-02
    0.3902625E-06    0.8938331E-04   -0.1240610E-04   -0.1693231E-03    0.3309487E-02    0.5826627E-02   -0.1931697E-03    0.5409342E-04   -0.1162586E+01   -0.1630354E-01   -0.1332339E+01    0.3426874E-01    0.6195342E+00    0.2417706E+00   -0.8206400E-02    0.5358638E-01   -0.1256442E-02    0.4221938E-03    0.2586992E-02   -0.5252518E-06    0.7777332E-04   -0.2383705E-04    0.6684651E-04    0.4427519E-02
   -0.8770300E-06    0.6271088E-04   -0.6384665E-05   -0.1370686E-03    0.2377233E-03    0.3631439E-02   -0.8460365E-04    0.3456277E-04    0.6248057E+00    0.1839317E+00   -0.1785237E+01    0.1860040E+00    0.1104043E+01   -0.3013025E-02    0.4215339E-02   -0.1256442E-02    0.2537356E-01   -0.2419575E-02   -0.1532449E-01   -0.3405864E-06   -0.7835668E-04    0.5530426E-04    0.1025665E-03    0.9233896E-02
   -0.3452037E-06   -0.4590246E-04    0.5899953E-05    0.5414412E-04   -0.2127998E-02   -0.3472274E-02    0.5554411E-04   -0.9418196E-04    0.6748773E+00    0.9695154E+00    0.6284442E+00    0.1513419E+00   -0.3218101E+00   -0.8209385E-01    0.5943244E-02    0.4221938E-03   -0.2419575E-02    0.7719651E-01   -0.1411548E-01   -0.3321615E-05   -0.1960056E-04   -0.5933424E-04   -0.2263683E-04    0.3849118E-02
    0.1019357E-05    0.1846025E-02   -0.2404498E-03   -0.3459004E-02    0.5567022E-01    0.1108047E+00   -0.4400083E-02    0.2505510E-03   -0.1170347E+02   -0.1123180E+02   -0.1152987E+02   -0.1228522E+01   -0.7408322E+00   -0.2956531E+00   -0.3046828E-01    0.2586992E-02   -0.1532449E-01   -0.1411548E-01    0.8445962E+01   -0.1826936E-03    0.2076919E-03    0.6383482E-03    0.8543787E-03   -0.2868275E-01
    0.5676193E-09   -0.2401976E-06    0.2195615E-07    0.8697606E-07   -0.3759463E-06   -0.1412014E-04   -0.1592120E-06   -0.5683475E-06    0.3814532E-02    0.3141156E-03    0.4319620E-04   -0.6301021E-04    0.5461029E-04    0.5545085E-04    0.1522621E-05   -0.5252518E-06   -0.3405864E-06   -0.3321615E-05   -0.1826936E-03    0.8728700E-06    0.2370813E-07   -0.4494056E-07   -0.2632005E-06   -0.9038287E-04
    0.3046007E-07    0.6018814E-06   -0.1420623E-07    0.1637812E-05   -0.7470390E-05    0.3377927E-04    0.6223006E-05    0.1593158E-05    0.8533516E-02    0.9995828E-03   -0.2365144E-02   -0.9769947E-03    0.5513683E-03   -0.5912212E-03   -0.2428183E-04    0.7777332E-04   -0.7835668E-04   -0.1960056E-04    0.2076919E-03    0.2370813E-07    0.5489834E-05    0.8246192E-06    0.9228219E-06    0.3336740E-03
    0.3595061E-07    0.3535601E-05   -0.5131047E-06   -0.5158200E-05    0.1020299E-03    0.2393443E-03    0.2415603E-06    0.6421595E-05    0.2162885E-01    0.5270030E-02   -0.1065566E-02    0.2149046E-03    0.3031432E-02   -0.4310985E-03   -0.2901012E-04   -0.2383705E-04    0.5530426E-04   -0.5933424E-04    0.6383482E-03   -0.4494056E-07    0.8246192E-06    0.2319128E-04    0.9504100E-05    0.4308563E-03
    0.4876062E-07    0.8158063E-05   -0.8319517E-06    0.2283659E-05    0.3713175E-04    0.5686467E-03    0.2895856E-04    0.1634674E-04    0.2966467E-01    0.1099323E-01   -0.2171333E-02    0.8984759E-03    0.5898840E-02   -0.2016025E-03   -0.2043806E-04    0.6684651E-04    0.1025665E-03   -0.2263683E-04    0.8543787E-03   -0.2632005E-06    0.9228219E-06    0.9504100E-05    0.2749767E-04    0.6226373E-03
    0.7873944E-05    0.3381689E-03   -0.3655939E-04   -0.5701117E-04   -0.1602979E-02    0.1828180E-01    0.1318819E-02    0.6814439E-03    0.1289205E+02    0.5790353E+00    0.9543537E-01   -0.2533923E+00    0.1732484E+00    0.1387978E+00    0.1939560E-02    0.4427519E-02    0.9233896E-02    0.3849118E-02   -0.2868275E-01   -0.9038287E-04    0.3336740E-03    0.4308563E-03    0.6226373E-03    0.2783460E+00
