# omegabh2 omegach2 theta tau mnu nnu logA ns calPlanck aps100 aps143 aps217 acib217 asz143 psr xi aksz dust100 dust143 dust217 dust143x217 cal0 cal2 calTE calEE bm_1_1
    0.5782496E-07    0.3271717E-06   -0.3323297E-07    0.9665508E-06   -0.8094640E-05    0.3554694E-04    0.3046974E-05    0.1861595E-05    0.4930016E-08    0.2107275E-03    0.5217751E-04   -0.1525144E-03    0.9304439E-04   -0.6408908E-05   -0.4009615E-06   -0.4725202E-06    0.2646604E-04    0.1869574E-05    0.5308806E-06   -0.6573760E-06    0.2421909E-06    0.1967825E-08    0.1203853E-07    0.5366094E-07    0.1762541E-06    0.1329749E-05
    0.3271717E-06    0.9946353E-05   -0.1217740E-05    0.2772178E-05    0.8730737E-04    0.5938050E-03    0.3215668E-04    0.1804140E-04   -0.3420326E-06    0.1539169E-01    0.7944108E-02   -0.3871809E-02    0.4363448E-02   -0.8131831E-03   -0.1813180E-04   -0.3770317E-04    0.1637190E-02    0.2331609E-04   -0.2222360E-06   -0.2980488E-04    0.1700175E-04   -0.4630549E-08    0.5078157E-06    0.3256943E-05    0.6044586E-05   -0.4650968E-05
   -0.3323297E-07   -0.1217740E-05    0.2304608E-06   -0.8834723E-06   -0.2166576E-04   -0.7412193E-04   -0.4895165E-05   -0.2196375E-05    0.4943328E-07   -0.1854956E-02   -0.1002983E-02    0.3855169E-03   -0.5078401E-03    0.9576013E-04    0.2089223E-05    0.5111496E-05   -0.2001371E-03   -0.3282257E-05    0.3023867E-07    0.3430090E-05   -0.2556292E-05    0.1569111E-08   -0.5531254E-07   -0.4845059E-06   -0.7548395E-06    0.2632908E-05
    0.9665508E-06    0.2772178E-05   -0.8834723E-06    0.2694014E-03    0.1343485E-02    0.7222612E-03    0.5356229E-03    0.5186253E-04   -0.2870023E-05   -0.1116361E-01   -0.2476812E-02    0.3364593E-03   -0.1428510E-02    0.1858595E-03    0.2014953E-04    0.5160611E-04    0.3210767E-03    0.2191460E-04    0.1680230E-04   -0.1196242E-04   -0.5075061E-04   -0.3462693E-06   -0.3992428E-06   -0.5758163E-05    0.8899573E-06   -0.2351115E-03
   -0.8094640E-05    0.8730737E-04   -0.2166576E-04    0.1343485E-02    0.2254604E-01    0.1011305E-02    0.2830476E-02   -0.1845235E-03    0.1209276E-04    0.1248419E+00    0.1009167E+00    0.1058425E-01    0.2842513E-01   -0.7121746E-02    0.1121275E-03   -0.4754311E-04    0.1442156E-01   -0.2874840E-04   -0.6174750E-03   -0.4195792E-04    0.1508265E-03    0.9449140E-06    0.3090230E-05    0.2160301E-04   -0.3458916E-04   -0.2774508E-02
    0.3554694E-04    0.5938050E-03   -0.7412193E-04    0.7222612E-03    0.1011305E-02    0.4422612E-01    0.3122484E-02    0.1735996E-02   -0.1142718E-04    0.9487435E+00    0.4665585E+00   -0.2685713E+00    0.2787072E+00   -0.4947859E-01   -0.1262067E-02   -0.2328798E-02    0.1013774E+00    0.1844021E-02    0.7707380E-04   -0.2000308E-02    0.8360711E-03   -0.1384477E-07    0.3196693E-04    0.2080602E-03    0.4747661E-03    0.6242022E-03
    0.3046974E-05    0.3215668E-04   -0.4895165E-05    0.5356229E-03    0.2830476E-02    0.3122484E-02    0.1165991E-02    0.1570113E-03    0.5924295E-05    0.2521633E-01    0.1792051E-01   -0.4330947E-02    0.9020551E-02   -0.1651648E-02    0.1212642E-04    0.4844605E-04    0.4140303E-02    0.1068480E-03   -0.1639352E-04   -0.7246456E-04   -0.5310973E-04   -0.2062074E-06    0.5621028E-06   -0.2602653E-05    0.2114390E-04   -0.3917606E-03
    0.1861595E-05    0.1804140E-04   -0.2196375E-05    0.5186253E-04   -0.1845235E-03    0.1735996E-02    0.1570113E-03    0.9206748E-04    0.1439816E-07    0.1033203E-01    0.8893412E-02   -0.2177581E-02    0.4559386E-02   -0.8239075E-03    0.3395213E-05   -0.1504701E-04    0.1199513E-02    0.1050218E-03    0.9787885E-05   -0.3670153E-04   -0.3824983E-05   -0.3136394E-06    0.6075167E-06    0.6198438E-05    0.1626243E-04    0.8138159E-04
    0.4930016E-08   -0.3420326E-06    0.4943328E-07   -0.2870023E-05    0.1209276E-04   -0.1142718E-04    0.5924295E-05    0.1439816E-07    0.6249582E-05    0.2843762E-02    0.2517471E-03    0.8201472E-03    0.7055023E-03    0.2365112E-05   -0.2915053E-05    0.5221794E-05    0.1046829E-04    0.4522139E-05    0.2670839E-05    0.1015462E-04    0.2714006E-05    0.5068773E-08   -0.1309654E-08   -0.2360995E-06   -0.1582861E-06    0.2488229E-04
    0.2107275E-03    0.1539169E-01   -0.1854956E-02   -0.1116361E-01    0.1248419E+00    0.9487435E+00    0.2521633E-01    0.1033203E-01    0.2843762E-02    0.5193876E+03    0.6982231E+02   -0.6564261E+02    0.3668320E+02   -0.2378083E+02   -0.1003979E+01   -0.1956357E+00    0.1153871E+02   -0.4075858E-01    0.2321718E-01   -0.5980329E-01   -0.1954415E+00    0.5472008E-02    0.8508115E-02    0.8006010E-02    0.1768381E-01    0.9727722E+00
    0.5217751E-04    0.7944108E-02   -0.1002983E-02   -0.2476812E-02    0.1009167E+00    0.4665585E+00    0.1792051E-01    0.8893412E-02    0.2517471E-03    0.6982231E+02    0.6173559E+02    0.9302180E+01    0.7545215E+01   -0.2650692E+01    0.2026811E+00    0.7770572E+00   -0.5552201E+01    0.7079997E-02   -0.1643531E+00   -0.8577559E-01    0.1389670E+00    0.3517310E-03   -0.4581419E-03    0.4340179E-02    0.8928066E-02    0.4762991E-01
   -0.1525144E-03   -0.3871809E-02    0.3855169E-03    0.3364593E-03    0.1058425E-01   -0.2685713E+00   -0.4330947E-02   -0.2177581E-02    0.8201472E-03   -0.6564261E+02    0.9302180E+01    0.1716692E+03   -0.7860946E+02    0.5113126E+01    0.5385779E+00    0.4237412E+00   -0.9468382E+01    0.6236807E-02   -0.5407469E-01    0.6111094E+00   -0.9489577E-01    0.1519023E-02   -0.1164759E-01    0.1033039E-03   -0.9092349E-03   -0.2492531E-02
    0.9304439E-04    0.4363448E-02   -0.5078401E-03   -0.1428510E-02    0.2842513E-01    0.2787072E+00    0.9020551E-02    0.4559386E-02    0.7055023E-03    0.3668320E+02    0.7545215E+01   -0.7860946E+02    0.4684807E+02    0.1580721E+00   -0.9546733E-01   -0.3252126E+00   -0.1211674E+01    0.9705138E-02    0.4292159E-01   -0.4781487E+00   -0.3774852E-02   -0.4095384E-03    0.5122665E-02    0.1473838E-02    0.3504246E-02    0.2838765E-01
   -0.6408908E-05   -0.8131831E-03    0.9576013E-04    0.1858595E-03   -0.7121746E-02   -0.4947859E-01   -0.1651648E-02   -0.8239075E-03    0.2365112E-05   -0.2378083E+02   -0.2650692E+01    0.5113126E+01    0.1580721E+00    0.3791045E+01    0.1521135E+00   -0.7247237E-01   -0.3146360E+01   -0.5266435E-02   -0.1615486E-01   -0.4380107E-01    0.5988983E-01    0.4401274E-03   -0.1064241E-02   -0.2628780E-03   -0.7400311E-03    0.3492942E-01
   -0.4009615E-06   -0.1813180E-04    0.2089223E-05    0.2014953E-04    0.1121275E-03   -0.1262067E-02    0.1212642E-04    0.3395213E-05   -0.2915053E-05   -0.1003979E+01    0.2026811E+00    0.5385779E+00   -0.9546733E-01    0.1521135E+00    0.1385195E-01    0.1576936E-01   -0.1710040E+00    0.2410720E-04   -0.2652712E-03   -0.1689279E-02    0.7336601E-03    0.2172475E-04   -0.4650970E-04    0.9709551E-05   -0.3506175E-05    0.1892912E-02
   -0.4725202E-06   -0.3770317E-04    0.5111496E-05    0.5160611E-04   -0.4754311E-04   -0.2328798E-02    0.4844605E-04   -0.1504701E-04    0.5221794E-05   -0.1956357E+00    0.7770572E+00    0.4237412E+00   -0.3252126E+00   -0.7247237E-01    0.1576936E-01    0.8171903E-01    0.7417462E-01   -0.1125169E-03   -0.4394262E-03   -0.4061377E-03    0.1470887E-02    0.1058154E-04   -0.3607108E-04   -0.2105545E-04   -0.2423187E-04    0.3445692E-02
    0.2646604E-04    0.1637190E-02   -0.2001371E-03    0.3210767E-03    0.1442156E-01    0.1013774E+00    0.4140303E-02    0.1199513E-02    0.1046829E-04    0.1153871E+02   -0.5552201E+01   -0.9468382E+01   -0.1211674E+01   -0.3146360E+01   -0.1710040E+00    0.7417462E-01    0.7199785E+01   -0.5510624E-02    0.8718921E-02    0.4582410E-01   -0.5741633E-01   -0.3526647E-03    0.8185583E-03    0.1250042E-03    0.8673594E-03   -0.3514404E-01
    0.1869574E-05    0.2331609E-04   -0.3282257E-05    0.2191460E-04   -0.2874840E-04    0.1844021E-02    0.1068480E-03    0.1050218E-03    0.4522139E-05   -0.4075858E-01    0.7079997E-02    0.6236807E-02    0.9705138E-02   -0.5266435E-02    0.2410720E-04   -0.1125169E-03   -0.5510624E-02    0.3708202E-01    0.3699629E-02   -0.2487551E-03    0.4326110E-03    0.3943301E-04   -0.5693156E-05    0.4259080E-05    0.4137651E-05    0.5630091E-03
    0.5308806E-06   -0.2222360E-06    0.3023867E-07    0.1680230E-04   -0.6174750E-03    0.7707380E-04   -0.1639352E-04    0.9787885E-05    0.2670839E-05    0.2321718E-01   -0.1643531E+00   -0.5407469E-01    0.4292159E-01   -0.1615486E-01   -0.2652712E-03   -0.4394262E-03    0.8718921E-02    0.3699629E-02    0.3332953E-01   -0.2786806E-02    0.3097948E-02   -0.6033536E-04   -0.6369413E-04   -0.5388494E-04   -0.5390212E-04   -0.1336211E-02
   -0.6573760E-06   -0.2980488E-04    0.3430090E-05   -0.1196242E-04   -0.4195792E-04   -0.2000308E-02   -0.7246456E-04   -0.3670153E-04    0.1015462E-04   -0.5980329E-01   -0.8577559E-01    0.6111094E+00   -0.4781487E+00   -0.4380107E-01   -0.1689279E-02   -0.4061377E-03    0.4582410E-01   -0.2487551E-03   -0.2786806E-02    0.1336866E-01    0.1114416E-01    0.6764278E-06    0.6572102E-04    0.6345906E-05   -0.2572975E-04   -0.1173829E-02
    0.2421909E-06    0.1700175E-04   -0.2556292E-05   -0.5075061E-04    0.1508265E-03    0.8360711E-03   -0.5310973E-04   -0.3824983E-05    0.2714006E-05   -0.1954415E+00    0.1389670E+00   -0.9489577E-01   -0.3774852E-02    0.5988983E-01    0.7336601E-03    0.1470887E-02   -0.5741633E-01    0.4326110E-03    0.3097948E-02    0.1114416E-01    0.3193662E-01    0.5154573E-05    0.8921085E-04   -0.6562917E-05    0.4210181E-05    0.4559724E-03
    0.1967825E-08   -0.4630549E-08    0.1569111E-08   -0.3462693E-06    0.9449140E-06   -0.1384477E-07   -0.2062074E-06   -0.3136394E-06    0.5068773E-08    0.5472008E-02    0.3517310E-03    0.1519023E-02   -0.4095384E-03    0.4401274E-03    0.2172475E-04    0.1058154E-04   -0.3526647E-03    0.3943301E-04   -0.6033536E-04    0.6764278E-06    0.5154573E-05    0.9411877E-06   -0.8122948E-07    0.2229905E-06    0.4368430E-06   -0.7804818E-04
    0.1203853E-07    0.5078157E-06   -0.5531254E-07   -0.3992428E-06    0.3090230E-05    0.3196693E-04    0.5621028E-06    0.6075167E-06   -0.1309654E-08    0.8508115E-02   -0.4581419E-03   -0.1164759E-01    0.5122665E-02   -0.1064241E-02   -0.4650970E-04   -0.3607108E-04    0.8185583E-03   -0.5693156E-05   -0.6369413E-04    0.6572102E-04    0.8921085E-04   -0.8122948E-07    0.3173971E-05    0.6139448E-06    0.4770179E-06   -0.1428109E-04
    0.5366094E-07    0.3256943E-05   -0.4845059E-06   -0.5758163E-05    0.2160301E-04    0.2080602E-03   -0.2602653E-05    0.6198438E-05   -0.2360995E-06    0.8006010E-02    0.4340179E-02    0.1033039E-03    0.1473838E-02   -0.2628780E-03    0.9709551E-05   -0.2105545E-04    0.1250042E-03    0.4259080E-05   -0.5388494E-04    0.6345906E-05   -0.6562917E-05    0.2229905E-06    0.6139448E-06    0.2039325E-04    0.7979614E-05   -0.8397395E-05
    0.1762541E-06    0.6044586E-05   -0.7548395E-06    0.8899573E-06   -0.3458916E-04    0.4747661E-03    0.2114390E-04    0.1626243E-04   -0.1582861E-06    0.1768381E-01    0.8928066E-02   -0.9092349E-03    0.3504246E-02   -0.7400311E-03   -0.3506175E-05   -0.2423187E-04    0.8673594E-03    0.4137651E-05   -0.5390212E-04   -0.2572975E-04    0.4210181E-05    0.4368430E-06    0.4770179E-06    0.7979614E-05    0.2290989E-04    0.4169129E-05
    0.1329749E-05   -0.4650968E-05    0.2632908E-05   -0.2351115E-03   -0.2774508E-02    0.6242022E-03   -0.3917606E-03    0.8138159E-04    0.2488229E-04    0.9727722E+00    0.4762991E-01   -0.2492531E-02    0.2838765E-01    0.3492942E-01    0.1892912E-02    0.3445692E-02   -0.3514404E-01    0.5630091E-03   -0.1336211E-02   -0.1173829E-02    0.4559724E-03   -0.7804818E-04   -0.1428109E-04   -0.8397395E-05    0.4169129E-05    0.9919670E+00
