# omegabh2 omegach2 theta tau logA ns calPlanck acib217 xi asz143 aps100 aps143 aps143217 aps217 aksz kgal100 kgal143 kgal143217 kgal217 galfEE100 galfEE100143 galfEE100217 galfEE143 galfEE143217 galfEE217 galfTE100 galfTE100143 galfTE100217 galfTE143 galfTE143217 galfTE217 cal0 cal2
    0.2411407E-07   -0.1352369E-06    0.2066829E-07    0.9205376E-06    0.1619089E-05    0.3597548E-06    0.1595637E-07   -0.5599934E-04    0.4884398E-06    0.3283917E-04   -0.4837070E-03   -0.2425331E-03   -0.5707881E-04   -0.1225353E-04   -0.4931396E-04    0.8326469E-05   -0.4130728E-05   -0.1725645E-04   -0.1564706E-04    0.3862081E-07    0.6194070E-08    0.2621310E-09    0.7217440E-08    0.4250548E-07    0.1510086E-06   -0.4577954E-06   -0.2364543E-06   -0.3510176E-06   -0.1069749E-06   -0.3029920E-06   -0.8409188E-06    0.6541504E-08   -0.4608275E-08
   -0.1352369E-06    0.1787175E-05   -0.1704153E-06   -0.1185253E-04   -0.1940385E-04   -0.4525215E-05    0.2898137E-07    0.1265803E-03    0.1593867E-05   -0.1807191E-03    0.2726755E-02    0.1396474E-02    0.4823994E-03    0.3376243E-03    0.3185983E-03   -0.1934375E-04   -0.3297754E-04    0.6149306E-04    0.1638712E-03   -0.7399203E-06   -0.2882575E-06    0.1069947E-06   -0.2493664E-06   -0.3970452E-07    0.1889918E-05    0.2914083E-05    0.1306323E-05    0.1650615E-05    0.1803166E-06    0.8797789E-06    0.9470913E-05    0.8403004E-08    0.1431631E-07
    0.2066829E-07   -0.1704153E-06    0.9681924E-07    0.1667110E-05    0.3120272E-05    0.5450776E-06    0.5212413E-07   -0.2457495E-04    0.1719340E-05    0.5156852E-05    0.2366872E-04   -0.1091197E-03   -0.2091830E-04   -0.5401355E-05   -0.2846715E-04    0.5374241E-05   -0.4355007E-05   -0.2970220E-04   -0.2385841E-04   -0.2261627E-07   -0.5101646E-08   -0.8047622E-07   -0.1514837E-07   -0.6845888E-07   -0.6994978E-07   -0.1315129E-05   -0.5596663E-06   -0.1017260E-05   -0.1894712E-06   -0.2787130E-06   -0.6140626E-06    0.1854553E-08   -0.4819573E-08
    0.9205376E-06   -0.1185253E-04    0.1667110E-05    0.1789285E-03    0.3181118E-03    0.3471896E-04   -0.4622986E-05   -0.2217835E-02   -0.3607977E-04    0.1941732E-02   -0.2637803E-01   -0.1452763E-01   -0.5570340E-02   -0.4580137E-02   -0.2272104E-02    0.2988594E-03    0.1066436E-03   -0.9670145E-03   -0.1966913E-02    0.4692945E-05    0.2588978E-05    0.5313775E-06    0.9642379E-06   -0.4026898E-05   -0.1591312E-04   -0.1329526E-04   -0.1108635E-04    0.4438337E-04   -0.5996871E-05   -0.9561483E-05   -0.1946509E-04    0.3949830E-07   -0.2075956E-06
    0.1619089E-05   -0.1940385E-04    0.3120272E-05    0.3181118E-03    0.5952753E-03    0.5857643E-04    0.3097867E-05   -0.5483718E-02   -0.7969367E-05    0.3552609E-02   -0.4272905E-01   -0.2506980E-01   -0.6979875E-02   -0.1292161E-02   -0.5017746E-02    0.3137606E-03   -0.4906944E-03   -0.2210482E-02   -0.1205765E-02    0.9572966E-05    0.5111801E-05   -0.4367231E-06    0.2667134E-05   -0.7162015E-05   -0.2095380E-04   -0.2613428E-04   -0.1839396E-04    0.6541266E-04   -0.8208723E-05   -0.1192817E-04   -0.3067549E-04    0.3693056E-06   -0.5387615E-06
    0.3597548E-06   -0.4525215E-05    0.5450776E-06    0.3471896E-04    0.5857643E-04    0.2004666E-04    0.7405880E-06   -0.4771420E-02    0.1055978E-03    0.1393434E-02   -0.2433229E-01   -0.6760095E-02    0.2861309E-02    0.6085051E-02   -0.2722031E-02    0.1824723E-03   -0.2217636E-03   -0.4303892E-03    0.6090607E-03    0.5287056E-05    0.1547712E-05   -0.4244310E-06    0.1454382E-05    0.1614701E-05   -0.5291947E-05   -0.9124581E-05   -0.1475669E-05   -0.3040399E-05    0.1000666E-05    0.1070291E-05   -0.3185947E-04   -0.8569223E-07   -0.4205778E-06
    0.1595637E-07    0.2898137E-07    0.5212413E-07   -0.4622986E-05    0.3097867E-05    0.7405880E-06    0.6085371E-05    0.1389003E-03    0.1328485E-04    0.1442996E-04    0.2465398E-02    0.7873962E-05    0.4278674E-03    0.1770375E-02   -0.1130402E-03   -0.1880889E-04   -0.2493719E-04    0.6785520E-05    0.1106961E-02    0.1799635E-05    0.5609055E-06   -0.6613940E-06    0.8687762E-06    0.7559645E-06    0.2090224E-05   -0.1823595E-05    0.1255741E-05   -0.8245365E-05    0.1932378E-05    0.2071737E-05   -0.4809227E-05    0.5071247E-08   -0.4354968E-07
   -0.5599934E-04    0.1265803E-03   -0.2457495E-04   -0.2217835E-02   -0.5483718E-02   -0.4771420E-02    0.1389003E-03    0.4783679E+02   -0.4522033E+00   -0.1276279E+01    0.3464801E+02   -0.1153341E+01   -0.2027590E+02   -0.6491024E+02   -0.1377659E+00   -0.3915838E+00    0.5638057E+00   -0.3246544E+01   -0.2544794E+02   -0.2235283E-02   -0.1159201E-02   -0.6908071E-03   -0.1092060E-02   -0.3459685E-02   -0.4063041E-02   -0.6954466E-02   -0.1428819E-02    0.1245672E-01   -0.4070273E-02   -0.8115234E-02   -0.4716025E-02   -0.3424910E-03    0.4321301E-02
    0.4884398E-06    0.1593867E-05    0.1719340E-05   -0.3607977E-04   -0.7969367E-05    0.1055978E-03    0.1328485E-04   -0.4522033E+00    0.7854193E-01   -0.6827655E-01   -0.3768634E+00    0.9579537E+00    0.1708478E+01    0.6666753E+00    0.8643534E-01   -0.3013067E-02    0.9173377E-02    0.1110243E+00    0.1177841E+00    0.6631350E-04    0.2756476E-04    0.4616993E-04    0.6060278E-05    0.2594531E-03   -0.3401197E-03   -0.3295367E-04    0.3398371E-03   -0.9949861E-03    0.3344245E-03    0.5608355E-03    0.1059009E-02    0.7539947E-05   -0.1439252E-04
    0.3283917E-04   -0.1807191E-03    0.5156852E-05    0.1941732E-02    0.3552609E-02    0.1393434E-02    0.1442996E-04   -0.1276279E+01   -0.6827655E-01    0.3708343E+01   -0.2716115E+02   -0.3661123E+01    0.7342263E+01    0.6351469E+01   -0.2760686E+01   -0.2300644E+00    0.6652839E-01    0.2274759E+01    0.1673916E+01    0.1253173E-03    0.1541370E-03    0.1319174E-04    0.1186560E-03   -0.1476231E-03   -0.1849232E-02    0.4189737E-03   -0.6133140E-03    0.6654766E-02   -0.8022513E-03    0.2856615E-02    0.6601482E-02    0.2419381E-03   -0.4121287E-03
   -0.4837070E-03    0.2726755E-02    0.2366872E-04   -0.2637803E-01   -0.4272905E-01   -0.2433229E-01    0.2465398E-02    0.3464801E+02   -0.3768634E+00   -0.2716115E+02    0.6701909E+03    0.6184055E+02   -0.4981871E+02   -0.5930508E+02    0.1189064E+02   -0.4348731E+00   -0.1132555E+00   -0.1226532E+02   -0.1568872E+02   -0.3965501E-03   -0.3510015E-02    0.5362725E-02   -0.4245778E-04    0.4200931E-02    0.3292426E-01    0.3472172E-01    0.4447978E-03   -0.4486749E-01    0.6660064E-02   -0.4058097E-01   -0.2974755E-01    0.3933254E-02    0.3728964E-02
   -0.2425331E-03    0.1396474E-02   -0.1091197E-03   -0.1452763E-01   -0.2506980E-01   -0.6760095E-02    0.7873962E-05   -0.1153341E+01    0.9579537E+00   -0.3661123E+01    0.6184055E+02    0.5636862E+02    0.4134971E+02    0.1940074E+02   -0.5038088E+01   -0.7630115E+00   -0.1028030E+01    0.3626595E+01    0.4118228E+01   -0.1455074E-02    0.4190819E-03   -0.7788314E-03    0.5748656E-03    0.2255304E-02   -0.1570436E-01    0.6458763E-02    0.1199379E-01   -0.1218736E-01    0.4453927E-02   -0.5149398E-02    0.4247497E-01   -0.2037188E-05    0.3475570E-04
   -0.5707881E-04    0.4823994E-03   -0.2091830E-04   -0.5570340E-02   -0.6979875E-02    0.2861309E-02    0.4278674E-03   -0.2027590E+02    0.1708478E+01    0.7342263E+01   -0.4981871E+02    0.4134971E+02    0.8919004E+02    0.6416587E+02   -0.1196452E+02   -0.9988408E+00   -0.5016284E+00    0.3992348E+01    0.4433805E+01    0.1862894E-02    0.1088988E-02    0.7103760E-03    0.1409082E-02    0.5263302E-02   -0.2412286E-01    0.7395143E-02    0.1091170E-01   -0.1880605E-02    0.3947757E-02    0.1320364E-01    0.6619940E-01    0.8635229E-03   -0.2814647E-02
   -0.1225353E-04    0.3376243E-03   -0.5401355E-05   -0.4580137E-02   -0.1292161E-02    0.6085051E-02    0.1770375E-02   -0.6491024E+02    0.6666753E+00    0.6351469E+01   -0.5930508E+02    0.1940074E+02    0.6416587E+02    0.1248310E+03   -0.1044011E+02   -0.2650875E+00   -0.1076548E+01    0.4133918E+00    0.2166400E+02    0.3802530E-02    0.1886531E-02    0.3902764E-03    0.2915127E-02    0.4525351E-02   -0.2171497E-02    0.9411895E-02    0.5971040E-02   -0.6939698E-02    0.3565650E-02    0.8539059E-02    0.2197147E-01    0.8886525E-03   -0.7793625E-02
   -0.4931396E-04    0.3185983E-03   -0.2846715E-04   -0.2272104E-02   -0.5017746E-02   -0.2722031E-02   -0.1130402E-03   -0.1377659E+00    0.8643534E-01   -0.2760686E+01    0.1189064E+02   -0.5038088E+01   -0.1196452E+02   -0.1044011E+02    0.6287502E+01    0.2855523E+00    0.3458549E-01   -0.2026950E+01   -0.1352091E+01   -0.2186749E-03   -0.1761055E-03    0.2413926E-04   -0.5103941E-03    0.5450656E-03    0.3160006E-02   -0.1813305E-02   -0.1651362E-02   -0.5195086E-02    0.1201956E-02    0.1848125E-02   -0.2482159E-03   -0.1753624E-03    0.1860393E-03
    0.8326469E-05   -0.1934375E-04    0.5374241E-05    0.2988594E-03    0.3137606E-03    0.1824723E-03   -0.1880889E-04   -0.3915838E+00   -0.3013067E-02   -0.2300644E+00   -0.4348731E+00   -0.7630115E+00   -0.9988408E+00   -0.2650875E+00    0.2855523E+00    0.3118842E+01    0.7897443E+00    0.2675183E+00    0.4908475E+00   -0.2452755E-03   -0.9314925E-05   -0.2575492E-03    0.1979695E-03   -0.1526278E-04   -0.6277842E-03   -0.2783168E-02    0.1741903E-02   -0.5987584E-03   -0.3456168E-04   -0.1633381E-02    0.3986025E-02    0.4346213E-03   -0.4140386E-04
   -0.4130728E-05   -0.3297754E-04   -0.4355007E-05    0.1066436E-03   -0.4906944E-03   -0.2217636E-03   -0.2493719E-04    0.5638057E+00    0.9173377E-02    0.6652839E-01   -0.1132555E+00   -0.1028030E+01   -0.5016284E+00   -0.1076548E+01    0.3458549E-01    0.7897443E+00    0.3106189E+01    0.2363813E+01    0.1125266E+01    0.2693192E-04    0.1760461E-04    0.4305405E-03   -0.1724531E-03    0.3238980E-03    0.8316647E-03    0.1409329E-02    0.4441746E-03   -0.3707785E-02    0.2117537E-03    0.1031866E-02    0.3153746E-02   -0.3928479E-03   -0.2013954E-03
   -0.1725645E-04    0.6149306E-04   -0.2970220E-04   -0.9670145E-03   -0.2210482E-02   -0.4303892E-03    0.6785520E-05   -0.3246544E+01    0.1110243E+00    0.2274759E+01   -0.1226532E+02    0.3626595E+01    0.3992348E+01    0.4133918E+00   -0.2026950E+01    0.2675183E+00    0.2363813E+01    0.1819991E+02    0.2798992E+02   -0.1362454E-03    0.4167760E-03    0.1289931E-02   -0.2892309E-03    0.8057053E-03    0.5788622E-02    0.1027879E-01    0.2774024E-02    0.1922342E-01    0.5781128E-03   -0.5310935E-02    0.2173305E-01   -0.1016578E-03    0.2528488E-02
   -0.1564706E-04    0.1638712E-03   -0.2385841E-04   -0.1966913E-02   -0.1205765E-02    0.6090607E-03    0.1106961E-02   -0.2544794E+02    0.1177841E+00    0.1673916E+01   -0.1568872E+02    0.4118228E+01    0.4433805E+01    0.2166400E+02   -0.1352091E+01    0.4908475E+00    0.1125266E+01    0.2798992E+02    0.6342535E+02    0.1725596E-02    0.7163506E-03    0.2233009E-02   -0.1704586E-03    0.2042968E-02    0.1512329E-01    0.2098877E-01    0.3558877E-02    0.3852203E-01    0.1678626E-02   -0.9559701E-02    0.3596384E-01   -0.5949047E-04    0.4423504E-02
    0.3862081E-07   -0.7399203E-06   -0.2261627E-07    0.4692945E-05    0.9572966E-05    0.5287056E-05    0.1799635E-05   -0.2235283E-02    0.6631350E-04    0.1253173E-03   -0.3965501E-03   -0.1455074E-02    0.1862894E-02    0.3802530E-02   -0.2186749E-03   -0.2452755E-03    0.2693192E-04   -0.1362454E-03    0.1725596E-02    0.1212555E-03    0.9627787E-05    0.5466373E-06    0.1474558E-05   -0.2550327E-05    0.5202380E-05   -0.1829806E-04    0.4775562E-05   -0.1288035E-04    0.1021797E-04   -0.1324185E-04   -0.1778757E-04   -0.2638663E-06    0.1085738E-06
    0.6194070E-08   -0.2882575E-06   -0.5101646E-08    0.2588978E-05    0.5111801E-05    0.1547712E-05    0.5609055E-06   -0.1159201E-02    0.2756476E-04    0.1541370E-03   -0.3510015E-02    0.4190819E-03    0.1088988E-02    0.1886531E-02   -0.1761055E-03   -0.9314925E-05    0.1760461E-04    0.4167760E-03    0.7163506E-03    0.9627787E-05    0.1403504E-04   -0.1879945E-06    0.6378853E-05    0.1995935E-05   -0.4478263E-05   -0.4145330E-05    0.3946472E-05    0.1680770E-05    0.5997946E-06    0.3208733E-05    0.1165398E-04   -0.1037774E-06   -0.1568359E-06
    0.2621310E-09    0.1069947E-06   -0.8047622E-07    0.5313775E-06   -0.4367231E-06   -0.4244310E-06   -0.6613940E-06   -0.6908071E-03    0.4616993E-04    0.1319174E-04    0.5362725E-02   -0.7788314E-03    0.7103760E-03    0.3902764E-03    0.2413926E-04   -0.2575492E-03    0.4305405E-03    0.1289931E-02    0.2233009E-02    0.5466373E-06   -0.1879945E-06    0.2246724E-03   -0.1953328E-05   -0.2532567E-05   -0.1134511E-04    0.4692001E-05    0.4762124E-05    0.1850061E-04    0.1133245E-04   -0.3005584E-04   -0.8547810E-04    0.1701978E-06    0.1749227E-06
    0.7217440E-08   -0.2493664E-06   -0.1514837E-07    0.9642379E-06    0.2667134E-05    0.1454382E-05    0.8687762E-06   -0.1092060E-02    0.6060278E-05    0.1186560E-03   -0.4245778E-04    0.5748656E-03    0.1409082E-02    0.2915127E-02   -0.5103941E-03    0.1979695E-03   -0.1724531E-03   -0.2892309E-03   -0.1704586E-03    0.1474558E-05    0.6378853E-05   -0.1953328E-05    0.3066643E-04   -0.1626967E-08   -0.2425696E-06   -0.5751253E-05    0.1893362E-05   -0.5149832E-05   -0.7970701E-06   -0.8256007E-05   -0.4126034E-05   -0.9528835E-08   -0.1751076E-06
    0.4250548E-07   -0.3970452E-07   -0.6845888E-07   -0.4026898E-05   -0.7162015E-05    0.1614701E-05    0.7559645E-06   -0.3459685E-02    0.2594531E-03   -0.1476231E-03    0.4200931E-02    0.2255304E-02    0.5263302E-02    0.4525351E-02    0.5450656E-03   -0.1526278E-04    0.3238980E-03    0.8057053E-03    0.2042968E-02   -0.2550327E-05    0.1995935E-05   -0.2532567E-05   -0.1626967E-08    0.4001230E-03    0.6354344E-05   -0.4155905E-04   -0.1482953E-04    0.7841396E-04   -0.9233846E-05    0.1870362E-04    0.5569890E-04    0.2823049E-06   -0.3905379E-06
    0.1510086E-06    0.1889918E-05   -0.6994978E-07   -0.1591312E-04   -0.2095380E-04   -0.5291947E-05    0.2090224E-05   -0.4063041E-02   -0.3401197E-03   -0.1849232E-02    0.3292426E-01   -0.1570436E-01   -0.2412286E-01   -0.2171497E-02    0.3160006E-02   -0.6277842E-03    0.8316647E-03    0.5788622E-02    0.1512329E-01    0.5202380E-05   -0.4478263E-05   -0.1134511E-04   -0.2425696E-06    0.6354344E-05    0.3599988E-02   -0.5145806E-04   -0.5883782E-04   -0.2310126E-03   -0.2037618E-04    0.3832549E-04    0.6512650E-04   -0.2469345E-06    0.3078041E-05
   -0.4577954E-06    0.2914083E-05   -0.1315129E-05   -0.1329526E-04   -0.2613428E-04   -0.9124581E-05   -0.1823595E-05   -0.6954466E-02   -0.3295367E-04    0.4189737E-03    0.3472172E-01    0.6458763E-02    0.7395143E-02    0.9411895E-02   -0.1813305E-02   -0.2783168E-02    0.1409329E-02    0.1027879E-01    0.2098877E-01   -0.1829806E-04   -0.4145330E-05    0.4692001E-05   -0.5751253E-05   -0.4155905E-04   -0.5145806E-04    0.5696607E-02    0.1791164E-02    0.1861976E-02   -0.6652487E-03   -0.2164348E-03    0.2015436E-03    0.1782746E-05    0.2970888E-05
   -0.2364543E-06    0.1306323E-05   -0.5596663E-06   -0.1108635E-04   -0.1839396E-04   -0.1475669E-05    0.1255741E-05   -0.1428819E-02    0.3398371E-03   -0.6133140E-03    0.4447978E-03    0.1199379E-01    0.1091170E-01    0.5971040E-02   -0.1651362E-02    0.1741903E-02    0.4441746E-03    0.2774024E-02    0.3558877E-02    0.4775562E-05    0.3946472E-05    0.4762124E-05    0.1893362E-05   -0.1482953E-04   -0.5883782E-04    0.1791164E-02    0.1206529E-02    0.9100059E-03    0.1938902E-03    0.3947897E-04   -0.1436629E-04   -0.3552096E-06    0.8459013E-06
   -0.3510176E-06    0.1650615E-05   -0.1017260E-05    0.4438337E-04    0.6541266E-04   -0.3040399E-05   -0.8245365E-05    0.1245672E-01   -0.9949861E-03    0.6654766E-02   -0.4486749E-01   -0.1218736E-01   -0.1880605E-02   -0.6939698E-02   -0.5195086E-02   -0.5987584E-03   -0.3707785E-02    0.1922342E-01    0.3852203E-01   -0.1288035E-04    0.1680770E-05    0.1850061E-04   -0.5149832E-05    0.7841396E-04   -0.2310126E-03    0.1861976E-02    0.9100059E-03    0.3378479E-01   -0.6968013E-03    0.1248125E-02    0.1154770E-01   -0.1145406E-05    0.6553610E-05
   -0.1069749E-06    0.1803166E-06   -0.1894712E-06   -0.5996871E-05   -0.8208723E-05    0.1000666E-05    0.1932378E-05   -0.4070273E-02    0.3344245E-03   -0.8022513E-03    0.6660064E-02    0.4453927E-02    0.3947757E-02    0.3565650E-02    0.1201956E-02   -0.3456168E-04    0.2117537E-03    0.5781128E-03    0.1678626E-02    0.1021797E-04    0.5997946E-06    0.1133245E-04   -0.7970701E-06   -0.9233846E-05   -0.2037618E-04   -0.6652487E-03    0.1938902E-03   -0.6968013E-03    0.1355337E-02    0.2610928E-03   -0.5533974E-03   -0.3273553E-06   -0.2267849E-06
   -0.3029920E-06    0.8797789E-06   -0.2787130E-06   -0.9561483E-05   -0.1192817E-04    0.1070291E-05    0.2071737E-05   -0.8115234E-02    0.5608355E-03    0.2856615E-02   -0.4058097E-01   -0.5149398E-02    0.1320364E-01    0.8539059E-02    0.1848125E-02   -0.1633381E-02    0.1031866E-02   -0.5310935E-02   -0.9559701E-02   -0.1324185E-04    0.3208733E-05   -0.3005584E-04   -0.8256007E-05    0.1870362E-04    0.3832549E-04   -0.2164348E-03    0.3947897E-04    0.1248125E-02    0.2610928E-03    0.5001628E-02    0.3538619E-02   -0.1159157E-05   -0.3724113E-05
   -0.8409188E-06    0.9470913E-05   -0.6140626E-06   -0.1946509E-04   -0.3067549E-04   -0.3185947E-04   -0.4809227E-05   -0.4716025E-02    0.1059009E-02    0.6601482E-02   -0.2974755E-01    0.4247497E-01    0.6619940E-01    0.2197147E-01   -0.2482159E-03    0.3986025E-02    0.3153746E-02    0.2173305E-01    0.3596384E-01   -0.1778757E-04    0.1165398E-04   -0.8547810E-04   -0.4126034E-05    0.5569890E-04    0.6512650E-04    0.2015436E-03   -0.1436629E-04    0.1154770E-01   -0.5533974E-03    0.3538619E-02    0.3527331E-01    0.1792481E-05    0.3931017E-05
    0.6541504E-08    0.8403004E-08    0.1854553E-08    0.3949830E-07    0.3693056E-06   -0.8569223E-07    0.5071247E-08   -0.3424910E-03    0.7539947E-05    0.2419381E-03    0.3933254E-02   -0.2037188E-05    0.8635229E-03    0.8886525E-03   -0.1753624E-03    0.4346213E-03   -0.3928479E-03   -0.1016578E-03   -0.5949047E-04   -0.2638663E-06   -0.1037774E-06    0.1701978E-06   -0.9528835E-08    0.2823049E-06   -0.2469345E-06    0.1782746E-05   -0.3552096E-06   -0.1145406E-05   -0.3273553E-06   -0.1159157E-05    0.1792481E-05    0.5352880E-06   -0.3534248E-07
   -0.4608275E-08    0.1431631E-07   -0.4819573E-08   -0.2075956E-06   -0.5387615E-06   -0.4205778E-06   -0.4354968E-07    0.4321301E-02   -0.1439252E-04   -0.4121287E-03    0.3728964E-02    0.3475570E-04   -0.2814647E-02   -0.7793625E-02    0.1860393E-03   -0.4140386E-04   -0.2013954E-03    0.2528488E-02    0.4423504E-02    0.1085738E-06   -0.1568359E-06    0.1749227E-06   -0.1751076E-06   -0.3905379E-06    0.3078041E-05    0.2970888E-05    0.8459013E-06    0.6553610E-05   -0.2267849E-06   -0.3724113E-05    0.3931017E-05   -0.3534248E-07    0.2062673E-05
