# omegabh2 omegach2 theta tau mnu nnu logA ns acib217 acibsz143 asz143 aps100 aps143 aps143217 aps217 aksz kgal100 t1gal143 t1gal143217 t1gal217 galfEE100 galfEE100143 galfEE100217 galfEE143 galfEE143217 galfEE217 galfTE100 galfTE100143 galfTE100217 galfTE143 galfTE143217 galfTE217 calib_100T calib_217T
    0.7229989E-07    0.3887915E-06   -0.2530976E-07    0.8882544E-06   -0.1882500E-04    0.4289132E-04    0.2781865E-05    0.2239302E-05    0.5999438E-04    0.2310014E-04    0.2334101E-04   -0.4907751E-03   -0.2595335E-03   -0.2395055E-03   -0.2440013E-03    0.2009125E-04    0.8467110E-03    0.6250851E-03    0.6204412E-03    0.5968521E-03    0.4276323E-06    0.4303347E-06    0.5681251E-06    0.4662055E-06    0.4959763E-06    0.6185820E-06   -0.2634770E-05   -0.4638242E-05   -0.5868424E-05   -0.8160398E-05   -0.1132094E-04   -0.1824284E-04   -0.4011381E-07    0.1280713E-08
    0.3887915E-06    0.1137048E-04   -0.1119824E-05    0.2698305E-05    0.9946201E-04    0.6561810E-03    0.2977032E-04    0.1836759E-04    0.6367027E-02    0.3201664E-02    0.6252769E-03   -0.1505269E-02   -0.2770761E-02   -0.7807167E-02   -0.7883053E-02    0.1398452E-02    0.1168569E-01    0.1277590E-01    0.1351219E-01    0.1396555E-01    0.1385162E-05    0.1079773E-05    0.5294029E-06    0.1223619E-05    0.5963145E-06   -0.2676413E-06    0.9719782E-06   -0.8799124E-05   -0.1373046E-04   -0.3720541E-05   -0.9203627E-05   -0.1384857E-04   -0.2331420E-06   -0.3166522E-06
   -0.2530976E-07   -0.1119824E-05    0.2020573E-06   -0.5905649E-06   -0.2990328E-04   -0.6483488E-04   -0.3393751E-05   -0.1558602E-05   -0.6861984E-03   -0.3546786E-03   -0.6729375E-04   -0.1622262E-04    0.2687172E-03    0.8451587E-03    0.8626419E-03   -0.1640417E-03   -0.1197777E-02   -0.1409685E-02   -0.1509834E-02   -0.1582389E-02   -0.1295374E-06   -0.1552699E-06   -0.8485820E-07   -0.1331855E-06   -0.4913704E-07    0.2503129E-07   -0.3626946E-07    0.9151145E-06    0.1372259E-05   -0.9127913E-06   -0.1013334E-05   -0.2022782E-05    0.1793459E-07    0.3546656E-07
    0.8882544E-06    0.2698305E-05   -0.5905649E-06    0.1884458E-03    0.5777461E-03    0.5742393E-03    0.3809534E-03    0.3881252E-04   -0.3960304E-02   -0.2107806E-02   -0.5916725E-03   -0.6836974E-02    0.2921491E-02    0.5506050E-02    0.5129968E-02   -0.7641374E-03    0.3124313E-02   -0.1523887E-02   -0.8307626E-03    0.2280996E-03    0.9362613E-05    0.9198940E-05    0.1150214E-04    0.9013747E-05    0.9170595E-05    0.1278952E-04   -0.7549874E-04   -0.7455841E-04   -0.5592630E-04   -0.1588848E-03   -0.2085927E-03   -0.3320785E-03   -0.2213716E-06   -0.1150565E-06
   -0.1882500E-04    0.9946201E-04   -0.2990328E-04    0.5777461E-03    0.4919530E-01   -0.3296960E-03    0.1122993E-02   -0.5691377E-03    0.2459183E+00    0.1208005E+00    0.3137534E-01   -0.1464443E-01   -0.9471280E-01   -0.2711831E+00   -0.2849105E+00    0.5881430E-01    0.2412459E+00    0.2433949E+00    0.3118695E+00    0.3553925E+00   -0.5647663E-04   -0.6727444E-04   -0.8798169E-04   -0.6310229E-04   -0.7359277E-04   -0.7529827E-04    0.1719223E-03    0.5163881E-03    0.9984972E-03    0.1461311E-02    0.2405000E-02    0.4572078E-02   -0.8428955E-05   -0.2009854E-04
    0.4289132E-04    0.6561810E-03   -0.6483488E-04    0.5742393E-03   -0.3296960E-03    0.4825112E-01    0.2541809E-02    0.1827993E-02    0.3669200E+00    0.1855571E+00    0.4556126E-01   -0.2832981E+00   -0.2804782E+00   -0.5435022E+00   -0.5387464E+00    0.9133139E-01    0.8688981E+00    0.9523154E+00    0.9891541E+00    0.1002825E+01    0.2725762E-03    0.2586139E-03    0.2668319E-03    0.2762855E-03    0.2405928E-03    0.2182343E-03   -0.9995277E-03   -0.2041284E-02   -0.2625639E-02   -0.3069786E-02   -0.4391326E-02   -0.7030449E-02   -0.1385674E-04   -0.1556761E-04
    0.2781865E-05    0.2977032E-04   -0.3393751E-05    0.3809534E-03    0.1122993E-02    0.2541809E-02    0.8315147E-03    0.1173071E-03    0.2278796E-02    0.4172138E-03   -0.8267551E-03   -0.4968285E-02    0.9544128E-02    0.5401766E-02    0.3092623E-02   -0.3715915E-06    0.2092509E-01    0.3399125E-02    0.6140829E-02    0.9152543E-02    0.1924005E-04    0.1803289E-04    0.2193207E-04    0.1784870E-04    0.1702923E-04    0.2329181E-04   -0.1452507E-03   -0.1623571E-03   -0.1401099E-03   -0.3205891E-03   -0.4364814E-03   -0.6973388E-03   -0.2020484E-05   -0.8314221E-06
    0.2239302E-05    0.1836759E-04   -0.1558602E-05    0.3881252E-04   -0.5691377E-03    0.1827993E-02    0.1173071E-03    0.1003440E-03    0.8796317E-03    0.4874088E-03    0.9725294E-04   -0.1989195E-01   -0.4901773E-02   -0.4873921E-02   -0.4480818E-02    0.4061969E-03    0.2837298E-01    0.2869830E-01    0.2834100E-01    0.2839693E-01    0.2043582E-04    0.2033792E-04    0.2256171E-04    0.2121567E-04    0.2050987E-04    0.2142360E-04   -0.7502422E-04   -0.1193914E-03   -0.1491493E-03   -0.2056491E-03   -0.2884499E-03   -0.4691561E-03   -0.2123990E-06    0.1719233E-07
    0.5999438E-04    0.6367027E-02   -0.6861984E-03   -0.3960304E-02    0.2459183E+00    0.3669200E+00    0.2278796E-02    0.8796317E-03    0.7104341E+02    0.2837990E+02    0.1786913E+01    0.5003085E+01   -0.2835876E+02   -0.7688662E+02   -0.9024253E+02   -0.2509474E+01    0.4682475E+01   -0.1423755E+01   -0.6727319E+01   -0.1162156E+02   -0.6938133E-03   -0.9547703E-03   -0.8951951E-03   -0.5740495E-03   -0.1054116E-02   -0.1979621E-03    0.4233621E-02   -0.6835978E-02   -0.1435192E-01   -0.7114504E-02   -0.2258716E-01   -0.9655846E-01    0.1268989E-03   -0.3151551E-02
    0.2310014E-04    0.3201664E-02   -0.3546786E-03   -0.2107806E-02    0.1208005E+00    0.1855571E+00    0.4172138E-03    0.4874088E-03    0.2837990E+02    0.2052417E+02    0.2876544E+01   -0.1855632E+02   -0.2762423E+02   -0.5108245E+02   -0.3159360E+02   -0.1147763E+01   -0.1537626E+00   -0.2761309E+01   -0.9874895E+01   -0.1139184E+02   -0.2173004E-03   -0.7031170E-04    0.1829290E-03    0.7714703E-04    0.6694105E-04    0.1426416E-02    0.3533502E-02   -0.3389283E-02    0.8686749E-02   -0.4551975E-02    0.6255517E-02    0.9666455E-02    0.8003250E-04   -0.1988412E-03
    0.2334101E-04    0.6252769E-03   -0.6729375E-04   -0.5916725E-03    0.3137534E-01    0.4556126E-01   -0.8267551E-03    0.9725294E-04    0.1786913E+01    0.2876544E+01    0.6192966E+01   -0.4185681E+02   -0.1846939E+02   -0.6487251E+01   -0.2046393E+01    0.4407838E-03   -0.2849833E+01   -0.1071148E+01    0.2739411E+01    0.3221854E+01    0.1511707E-03    0.9821330E-04    0.2989620E-03    0.3899083E-03    0.5766071E-03    0.8209686E-03   -0.5437945E-02   -0.5282058E-02   -0.8307224E-02   -0.7418909E-02   -0.9811621E-02   -0.1000879E-01   -0.1475807E-03    0.1582963E-03
   -0.4907751E-03   -0.1505269E-02   -0.1622262E-04   -0.6836974E-02   -0.1464443E-01   -0.2832981E+00   -0.4968285E-02   -0.1989195E-01    0.5003085E+01   -0.1855632E+02   -0.4185681E+02    0.7489676E+03    0.1823857E+03    0.7794329E+02    0.2249755E+02   -0.1375619E+02   -0.3876004E+02   -0.1391238E+01   -0.1141810E+02   -0.1015758E+02   -0.8702230E-02   -0.1076080E-01   -0.1438658E-01   -0.1261296E-01   -0.1749556E-01   -0.2332959E-01    0.7125926E-01    0.7971742E-01    0.1335880E+00    0.1215729E+00    0.1478965E+00    0.1763320E+00   -0.1343391E-02   -0.2960999E-02
   -0.2595335E-03   -0.2770761E-02    0.2687172E-03    0.2921491E-02   -0.9471280E-01   -0.2804782E+00    0.9544128E-02   -0.4901773E-02   -0.2835876E+02   -0.2762423E+02   -0.1846939E+02    0.1823857E+03    0.1262129E+03    0.1034787E+03    0.6074943E+02   -0.1176651E+02   -0.3914070E+01   -0.1412769E+02   -0.8899072E+01   -0.5818781E+01   -0.3331009E-02   -0.3716426E-02   -0.4531901E-02   -0.3928407E-02   -0.4869585E-02   -0.5205901E-02    0.2970908E-01    0.6479677E-01    0.6144853E-01    0.1038488E+00    0.1123508E+00    0.1563275E+00   -0.3728296E-03   -0.7485749E-03
   -0.2395055E-03   -0.7807167E-02    0.8451587E-03    0.5506050E-02   -0.2711831E+00   -0.5435022E+00    0.5401766E-02   -0.4873921E-02   -0.7688662E+02   -0.5108245E+02   -0.6487251E+01    0.7794329E+02    0.1034787E+03    0.1664814E+03    0.1224484E+03   -0.9210222E+01   -0.1238242E+02   -0.1482837E+02   -0.3359811E+01   -0.2675704E+01   -0.1459575E-02   -0.2345541E-02   -0.2766748E-02   -0.2459905E-02   -0.2192075E-02   -0.3281557E-02   -0.4877533E-03    0.4308677E-01    0.3124259E-01    0.7106981E-01    0.6998514E-01    0.1220189E+00   -0.8723463E-03    0.1968717E-02
   -0.2440013E-03   -0.7883053E-02    0.8626419E-03    0.5129968E-02   -0.2849105E+00   -0.5387464E+00    0.3092623E-02   -0.4480818E-02   -0.9024253E+02   -0.3159360E+02   -0.2046393E+01    0.2249755E+02    0.6074943E+02    0.1224484E+03    0.1555381E+03   -0.8987161E+01   -0.1746256E+02   -0.1916852E+02   -0.2447602E+02   -0.2607563E+02   -0.8513445E-03   -0.1175654E-02   -0.7803843E-03   -0.1475912E-02   -0.2517111E-03    0.7470301E-03   -0.9475710E-03    0.3566867E-01    0.6210848E-01    0.6170935E-01    0.1052762E+00    0.2419902E+00   -0.7875323E-03    0.5854948E-02
    0.2009125E-04    0.1398452E-02   -0.1640417E-03   -0.7641374E-03    0.5881430E-01    0.9133139E-01   -0.3715915E-06    0.4061969E-03   -0.2509474E+01   -0.1147763E+01    0.4407838E-03   -0.1375619E+02   -0.1176651E+02   -0.9210222E+01   -0.8987161E+01    0.8186397E+01    0.4072654E-01   -0.1661076E+00   -0.3628366E+00   -0.4055190E+00   -0.2134665E-03   -0.2675278E-03   -0.5302963E-03   -0.3488346E-03   -0.5899029E-03   -0.2478344E-02    0.1347240E-02   -0.2957246E-02   -0.5180768E-02   -0.4532229E-02   -0.5708022E-02   -0.4437153E-02   -0.6875732E-05    0.1224013E-03
    0.8467110E-03    0.1168569E-01   -0.1197777E-02    0.3124313E-02    0.2412459E+00    0.8688981E+00    0.2092509E-01    0.2837298E-01    0.4682475E+01   -0.1537626E+00   -0.2849833E+01   -0.3876004E+02   -0.3914070E+01   -0.1238242E+02   -0.1746256E+02    0.4072654E-01    0.1782714E+03    0.8346218E+02    0.8127849E+02    0.7951779E+02    0.5404608E-02    0.5891081E-02    0.5698669E-02    0.7522170E-02    0.7786263E-02    0.8354530E-02   -0.4185828E-01   -0.1148721E+00   -0.1156970E+00   -0.1284664E+00   -0.1528403E+00   -0.2359487E+00   -0.1320917E-01   -0.4267570E-03
    0.6250851E-03    0.1277590E-01   -0.1409685E-02   -0.1523887E-02    0.2433949E+00    0.9523154E+00    0.3399125E-02    0.2869830E-01   -0.1423755E+01   -0.2761309E+01   -0.1071148E+01   -0.1391238E+01   -0.1412769E+02   -0.1482837E+02   -0.1916852E+02   -0.1661076E+00    0.8346218E+02    0.1413096E+03    0.1433514E+03    0.1424935E+03    0.8532878E-02    0.8956768E-02    0.7288072E-02    0.9023196E-02    0.7821224E-02    0.6005916E-02   -0.2392822E-01   -0.9488667E-01   -0.1080113E+00   -0.1551828E+00   -0.1907044E+00   -0.2819226E+00    0.3336292E-02   -0.1659717E-03
    0.6204412E-03    0.1351219E-01   -0.1509834E-02   -0.8307626E-03    0.3118695E+00    0.9891541E+00    0.6140829E-02    0.2834100E-01   -0.6727319E+01   -0.9874895E+01    0.2739411E+01   -0.1141810E+02   -0.8899072E+01   -0.3359811E+01   -0.2447602E+02   -0.3628366E+00    0.8127849E+02    0.1433514E+03    0.1828028E+03    0.2062990E+03    0.7401491E-02    0.7860896E-02    0.5293229E-02    0.8675640E-02    0.6167863E-02    0.2934669E-02   -0.2138581E-01   -0.8286421E-01   -0.1165737E+00   -0.1308466E+00   -0.1802875E+00   -0.2625254E+00    0.3070050E-02   -0.5172775E-02
    0.5968521E-03    0.1396555E-01   -0.1582389E-02    0.2280996E-03    0.3553925E+00    0.1002825E+01    0.9152543E-02    0.2839693E-01   -0.1162156E+02   -0.1139184E+02    0.3221854E+01   -0.1015758E+02   -0.5818781E+01   -0.2675704E+01   -0.2607563E+02   -0.4055190E+00    0.7951779E+02    0.1424935E+03    0.2062990E+03    0.2541663E+03    0.6566111E-02    0.7242853E-02    0.3922978E-02    0.8612103E-02    0.5104529E-02    0.1463858E-02   -0.1418655E-01   -0.6817257E-01   -0.9578501E-01   -0.1070153E+00   -0.1459597E+00   -0.1931115E+00    0.3011294E-02   -0.9605517E-02
    0.4276323E-06    0.1385162E-05   -0.1295374E-06    0.9362613E-05   -0.5647663E-04    0.2725762E-03    0.1924005E-04    0.2043582E-04   -0.6938133E-03   -0.2173004E-03    0.1511707E-03   -0.8702230E-02   -0.3331009E-02   -0.1459575E-02   -0.8513445E-03   -0.2134665E-03    0.5404608E-02    0.8532878E-02    0.7401491E-02    0.6566111E-02    0.7282776E-04    0.2612451E-04    0.3273782E-04    0.1504339E-04    0.1607169E-04    0.1636947E-04   -0.1130022E-03   -0.8857392E-04   -0.8698030E-04   -0.7497475E-04   -0.7345581E-04   -0.1272739E-03    0.4834146E-06    0.1702930E-06
    0.4303347E-06    0.1079773E-05   -0.1552699E-06    0.9198940E-05   -0.6727444E-04    0.2586139E-03    0.1803289E-04    0.2033792E-04   -0.9547703E-03   -0.7031170E-04    0.9821330E-04   -0.1076080E-01   -0.3716426E-02   -0.2345541E-02   -0.1175654E-02   -0.2675278E-03    0.5891081E-02    0.8956768E-02    0.7860896E-02    0.7242853E-02    0.2612451E-04    0.4279006E-04    0.3949177E-04    0.3239597E-04    0.3228488E-04    0.3083545E-04   -0.7017629E-04   -0.1096833E-03   -0.1006794E-03   -0.1440735E-03   -0.1495801E-03   -0.1871486E-03    0.4721165E-06    0.2188620E-06
    0.5681251E-06    0.5294029E-06   -0.8485820E-07    0.1150214E-04   -0.8798169E-04    0.2668319E-03    0.2193207E-04    0.2256171E-04   -0.8951951E-03    0.1829290E-03    0.2989620E-03   -0.1438658E-01   -0.4531901E-02   -0.2766748E-02   -0.7803843E-03   -0.5302963E-03    0.5698669E-02    0.7288072E-02    0.5293229E-02    0.3922978E-02    0.3273782E-04    0.3949177E-04    0.1246185E-03    0.2841140E-04    0.6495920E-04    0.1201523E-03   -0.9351294E-04   -0.1407251E-03   -0.1782282E-03   -0.1410422E-03   -0.2597993E-03   -0.5274308E-03    0.4551655E-06    0.3329458E-06
    0.4662055E-06    0.1223619E-05   -0.1331855E-06    0.9013747E-05   -0.6310229E-04    0.2762855E-03    0.1784870E-04    0.2121567E-04   -0.5740495E-03    0.7714703E-04    0.3899083E-03   -0.1261296E-01   -0.3928407E-02   -0.2459905E-02   -0.1475912E-02   -0.3488346E-03    0.7522170E-02    0.9023196E-02    0.8675640E-02    0.8612103E-02    0.1504339E-04    0.3239597E-04    0.2841140E-04    0.8904274E-04    0.5904310E-04    0.4559748E-04   -0.3923622E-04   -0.9431071E-04   -0.7194156E-04   -0.2294176E-03   -0.2259342E-03   -0.2711259E-03    0.2840227E-06    0.1281403E-06
    0.4959763E-06    0.5963145E-06   -0.4913704E-07    0.9170595E-05   -0.7359277E-04    0.2405928E-03    0.1702923E-04    0.2050987E-04   -0.1054116E-02    0.6694105E-04    0.5766071E-03   -0.1749556E-01   -0.4869585E-02   -0.2192075E-02   -0.2517111E-03   -0.5899029E-03    0.7786263E-02    0.7821224E-02    0.6167863E-02    0.5104529E-02    0.1607169E-04    0.3228488E-04    0.6495920E-04    0.5904310E-04    0.1304331E-03    0.1644063E-03   -0.4039763E-04   -0.9982981E-04   -0.1139065E-03   -0.2150277E-03   -0.2715889E-03   -0.4748358E-03    0.2013663E-06    0.3643825E-06
    0.6185820E-06   -0.2676413E-06    0.2503129E-07    0.1278952E-04   -0.7529827E-04    0.2182343E-03    0.2329181E-04    0.2142360E-04   -0.1979621E-03    0.1426416E-02    0.8209686E-03   -0.2332959E-01   -0.5205901E-02   -0.3281557E-02    0.7470301E-03   -0.2478344E-02    0.8354530E-02    0.6005916E-02    0.2934669E-02    0.1463858E-02    0.1636947E-04    0.3083545E-04    0.1201523E-03    0.4559748E-04    0.1644063E-03    0.6578222E-03   -0.4608942E-04   -0.1319460E-03   -0.1798957E-03   -0.2265306E-03   -0.3872208E-03   -0.6328332E-03    0.2371416E-06    0.6053669E-06
   -0.2634770E-05    0.9719782E-06   -0.3626946E-07   -0.7549874E-04    0.1719223E-03   -0.9995277E-03   -0.1452507E-03   -0.7502422E-04    0.4233621E-02    0.3533502E-02   -0.5437945E-02    0.7125926E-01    0.2970908E-01   -0.4877533E-03   -0.9475710E-03    0.1347240E-02   -0.4185828E-01   -0.2392822E-01   -0.2138581E-01   -0.1418655E-01   -0.1130022E-03   -0.7017629E-04   -0.9351294E-04   -0.3923622E-04   -0.4039763E-04   -0.4608942E-04    0.1345246E-01    0.8723899E-02    0.9956623E-02    0.2105685E-02    0.2528662E-02    0.3723236E-02    0.2978882E-05   -0.8880095E-06
   -0.4638242E-05   -0.8799124E-05    0.9151145E-06   -0.7455841E-04    0.5163881E-03   -0.2041284E-02   -0.1623571E-03   -0.1193914E-03   -0.6835978E-02   -0.3389283E-02   -0.5282058E-02    0.7971742E-01    0.6479677E-01    0.4308677E-01    0.3566867E-01   -0.2957246E-02   -0.1148721E+00   -0.9488667E-01   -0.8286421E-01   -0.6817257E-01   -0.8857392E-04   -0.1096833E-03   -0.1407251E-03   -0.9431071E-04   -0.9982981E-04   -0.1319460E-03    0.8723899E-02    0.1250114E-01    0.1400962E-01    0.8907281E-02    0.8799874E-02    0.8558738E-02    0.5919341E-05   -0.2095569E-05
   -0.5868424E-05   -0.1373046E-04    0.1372259E-05   -0.5592630E-04    0.9984972E-03   -0.2625639E-02   -0.1401099E-03   -0.1491493E-03   -0.1435192E-01    0.8686749E-02   -0.8307224E-02    0.1335880E+00    0.6144853E-01    0.3124259E-01    0.6210848E-01   -0.5180768E-02   -0.1156970E+00   -0.1080113E+00   -0.1165737E+00   -0.9578501E-01   -0.8698030E-04   -0.1006794E-03   -0.1782282E-03   -0.7194156E-04   -0.1139065E-03   -0.1798957E-03    0.9956623E-02    0.1400962E-01    0.2643185E-01    0.5448395E-02    0.1271552E-01    0.2419276E-01    0.4558499E-05   -0.1369124E-05
   -0.8160398E-05   -0.3720541E-05   -0.9127913E-06   -0.1588848E-03    0.1461311E-02   -0.3069786E-02   -0.3205891E-03   -0.2056491E-03   -0.7114504E-02   -0.4551975E-02   -0.7418909E-02    0.1215729E+00    0.1038488E+00    0.7106981E-01    0.6170935E-01   -0.4532229E-02   -0.1284664E+00   -0.1551828E+00   -0.1308466E+00   -0.1070153E+00   -0.7497475E-04   -0.1440735E-03   -0.1410422E-03   -0.2294176E-03   -0.2150277E-03   -0.2265306E-03    0.2105685E-02    0.8907281E-02    0.5448395E-02    0.2298063E-01    0.2100584E-01    0.1534475E-01    0.4979040E-06   -0.3876589E-05
   -0.1132094E-04   -0.9203627E-05   -0.1013334E-05   -0.2085927E-03    0.2405000E-02   -0.4391326E-02   -0.4364814E-03   -0.2884499E-03   -0.2258716E-01    0.6255517E-02   -0.9811621E-02    0.1478965E+00    0.1123508E+00    0.6998514E-01    0.1052762E+00   -0.5708022E-02   -0.1528403E+00   -0.1907044E+00   -0.1802875E+00   -0.1459597E+00   -0.7345581E-04   -0.1495801E-03   -0.2597993E-03   -0.2259342E-03   -0.2715889E-03   -0.3872208E-03    0.2528662E-02    0.8799874E-02    0.1271552E-01    0.2100584E-01    0.3143349E-01    0.4390876E-01   -0.9421427E-07   -0.3113750E-05
   -0.1824284E-04   -0.1384857E-04   -0.2022782E-05   -0.3320785E-03    0.4572078E-02   -0.7030449E-02   -0.6973388E-03   -0.4691561E-03   -0.9655846E-01    0.9666455E-02   -0.1000879E-01    0.1763320E+00    0.1563275E+00    0.1220189E+00    0.2419902E+00   -0.4437153E-02   -0.2359487E+00   -0.2819226E+00   -0.2625254E+00   -0.1931115E+00   -0.1272739E-03   -0.1871486E-03   -0.5274308E-03   -0.2711259E-03   -0.4748358E-03   -0.6328332E-03    0.3723236E-02    0.8558738E-02    0.2419276E-01    0.1534475E-01    0.4390876E-01    0.1076789E+00    0.7029931E-07    0.4407798E-06
   -0.4011381E-07   -0.2331420E-06    0.1793459E-07   -0.2213716E-06   -0.8428955E-05   -0.1385674E-04   -0.2020484E-05   -0.2123990E-06    0.1268989E-03    0.8003250E-04   -0.1475807E-03   -0.1343391E-02   -0.3728296E-03   -0.8723463E-03   -0.7875323E-03   -0.6875732E-05   -0.1320917E-01    0.3336292E-02    0.3070050E-02    0.3011294E-02    0.4834146E-06    0.4721165E-06    0.4551655E-06    0.2840227E-06    0.2013663E-06    0.2371416E-06    0.2978882E-05    0.5919341E-05    0.4558499E-05    0.4979040E-06   -0.9421427E-07    0.7029931E-07    0.2354351E-05    0.1715194E-07
    0.1280713E-08   -0.3166522E-06    0.3546656E-07   -0.1150565E-06   -0.2009854E-04   -0.1556761E-04   -0.8314221E-06    0.1719233E-07   -0.3151551E-02   -0.1988412E-03    0.1582963E-03   -0.2960999E-02   -0.7485749E-03    0.1968717E-02    0.5854948E-02    0.1224013E-03   -0.4267570E-03   -0.1659717E-03   -0.5172775E-02   -0.9605517E-02    0.1702930E-06    0.2188620E-06    0.3329458E-06    0.1281403E-06    0.3643825E-06    0.6053669E-06   -0.8880095E-06   -0.2095569E-05   -0.1369124E-05   -0.3876589E-05   -0.3113750E-05    0.4407798E-06    0.1715194E-07    0.1307227E-05
