# omegabh2 omegach2 theta tau logA ns calPlanck galfTE100 galfTE100143 galfTE100217 galfTE143 galfTE143217 galfTE217 cal0
    0.6789017E-07   -0.3232089E-06    0.5518469E-07    0.2166098E-05    0.4174473E-05    0.2018792E-05    0.5763599E-08   -0.6932979E-06   -0.2982774E-06   -0.1509787E-05   -0.1738238E-06   -0.4736983E-06   -0.3839183E-05   -0.1796247E-08
   -0.3232089E-06    0.4951203E-05   -0.4057641E-06   -0.3509014E-04   -0.6077068E-04   -0.1749439E-04   -0.2675314E-06    0.6050438E-05    0.1985710E-05    0.3231340E-05    0.4193042E-06    0.2219042E-05    0.2407870E-04    0.2282943E-07
    0.5518469E-07   -0.4057641E-06    0.2591953E-06    0.3971870E-05    0.7828874E-05    0.2066108E-05    0.3115916E-07   -0.1640429E-06   -0.1404630E-06   -0.2407341E-05   -0.2780723E-06   -0.5801707E-06   -0.1640008E-05    0.6066247E-08
    0.2166098E-05   -0.3509014E-04    0.3971870E-05    0.4357867E-03    0.7662911E-03    0.1199188E-03   -0.4774022E-05   -0.5226385E-04   -0.1480374E-04   -0.9162878E-05    0.7206691E-05   -0.2633842E-04   -0.2149118E-03   -0.3954535E-06
    0.4174473E-05   -0.6077068E-04    0.7828874E-05    0.7662911E-03    0.1400510E-02    0.2225350E-03    0.2669058E-05   -0.9601495E-04   -0.2587250E-04   -0.4076618E-04    0.1541379E-04   -0.4470425E-04   -0.3776350E-03   -0.4519555E-06
    0.2018792E-05   -0.1749439E-04    0.2066108E-05    0.1199188E-03    0.2225350E-03    0.1527470E-03   -0.1661461E-06   -0.3266127E-04   -0.1390656E-04   -0.3800965E-04   -0.5071838E-05    0.4773838E-05   -0.4602190E-04   -0.3576045E-06
    0.5763599E-08   -0.2675314E-06    0.3115916E-07   -0.4774022E-05    0.2669058E-05   -0.1661461E-06    0.6509541E-05   -0.1778435E-05   -0.4269054E-06    0.3091619E-05   -0.7077422E-06   -0.1092703E-05   -0.1232361E-04    0.2081899E-07
   -0.6932979E-06    0.6050438E-05   -0.1640429E-06   -0.5226385E-04   -0.9601495E-04   -0.3266127E-04   -0.1778435E-05    0.5947495E-02    0.1832952E-02    0.1643795E-02   -0.7459807E-03   -0.1585879E-03   -0.2400601E-03   -0.3405137E-07
   -0.2982774E-06    0.1985710E-05   -0.1404630E-06   -0.1480374E-04   -0.2587250E-04   -0.1390656E-04   -0.4269054E-06    0.1832952E-02    0.1250521E-02    0.7432965E-03    0.2123401E-03    0.1297298E-05   -0.2353615E-03   -0.3369591E-06
   -0.1509787E-05    0.3231340E-05   -0.2407341E-05   -0.9162878E-05   -0.4076618E-04   -0.3800965E-04    0.3091619E-05    0.1643795E-02    0.7432965E-03    0.3313571E-01   -0.6036985E-03    0.1613107E-02    0.1088002E-01    0.2868540E-05
   -0.1738238E-06    0.4193042E-06   -0.2780723E-06    0.7206691E-05    0.1541379E-04   -0.5071838E-05   -0.7077422E-06   -0.7459807E-03    0.2123401E-03   -0.6036985E-03    0.1433015E-02    0.2484154E-03   -0.3678948E-03    0.2396342E-06
   -0.4736983E-06    0.2219042E-05   -0.5801707E-06   -0.2633842E-04   -0.4470425E-04    0.4773838E-05   -0.1092703E-05   -0.1585879E-03    0.1297298E-05    0.1613107E-02    0.2484154E-03    0.5312551E-02    0.4292465E-02   -0.6537747E-06
   -0.3839183E-05    0.2407870E-04   -0.1640008E-05   -0.2149118E-03   -0.3776350E-03   -0.4602190E-04   -0.1232361E-04   -0.2400601E-03   -0.2353615E-03    0.1088002E-01   -0.3678948E-03    0.4292465E-02    0.3578341E-01   -0.8863739E-06
   -0.1796247E-08    0.2282943E-07    0.6066247E-08   -0.3954535E-06   -0.4519555E-06   -0.3576045E-06    0.2081899E-07   -0.3405137E-07   -0.3369591E-06    0.2868540E-05    0.2396342E-06   -0.6537747E-06   -0.8863739E-06    0.9958263E-06
