# omegabh2 omegach2 theta tau logA ns calPlanck aps100 aps143 aps217 acib217 asz143 psr cibr xi aksz dust100 dust143 dust217 dust143x217 cal0 cal2
  4.6144670E-08  -2.3586403E-07   4.3998871E-08   3.9568380E-07   3.8849929E-07   6.7477900E-07   2.6820030E-08  -6.4362728E-04  -5.2876756E-04   8.8131899E-05  -2.1484188E-04   2.7699014E-05   6.7107319E-07  -3.5094935E-06   7.9697966E-07  -4.5155014E-05   3.1493799E-07   4.2010701E-07   8.8274535E-07  -4.7168952E-07   3.7936677E-09  -1.8976325E-08
 -2.3586403E-07   4.6313551E-06  -4.4793743E-07  -4.2228074E-06   2.0884286E-06  -1.0483515E-05  -2.6928619E-07   1.0044193E-03   2.1579101E-03   5.3984179E-04   4.2179765E-04  -5.7142058E-05   3.0891349E-06   1.0342736E-05   6.1827103E-06   3.8186761E-05  -7.9268073E-06  -7.3178542E-06  -1.8521380E-06  -1.1385819E-06  -4.0178964E-08   1.6874355E-08
  4.3998871E-08  -4.4793743E-07   2.3272525E-07   5.4058178E-07   2.8055126E-07   1.2796271E-06   3.1374845E-08   2.8907485E-05  -2.4265974E-04  -5.8534910E-06  -9.0388220E-05   8.3776226E-07  -1.0022172E-06  -1.1886049E-06  -1.8441137E-06  -5.7546608E-06   9.3493036E-07   1.0324628E-06   6.7365309E-07  -3.3756728E-07   6.4367070E-09   3.2287951E-10
  3.9568380E-07  -4.2228074E-06   5.4058178E-07   6.3610186E-05   1.1671621E-04   1.3044179E-05  -3.2395506E-07  -1.1594591E-02  -7.3207319E-03   2.6530496E-03  -3.6391379E-03   3.5908345E-04   1.6948840E-05  -5.4773435E-05   2.3972695E-05  -8.0911187E-04   1.1345788E-05  -1.8834191E-05   1.0366080E-05  -2.3591394E-05   3.2923320E-08  -2.7822879E-07
  3.8849929E-07   2.0884286E-06   2.8055126E-07   1.1671621E-04   2.6653156E-04   5.8033411E-07   1.1566215E-05  -1.4588529E-02  -8.0758017E-03   1.6268000E-02  -8.7080966E-03   6.5567810E-04   7.6176173E-05  -1.4725758E-04   1.1771287E-04  -2.5253974E-03  -3.1984369E-05  -1.5511779E-04   4.6959675E-05  -6.3951667E-05   7.0560677E-07  -7.1635288E-07
  6.7477900E-07  -1.0483515E-05   1.2796271E-06   1.3044179E-05   5.8033411E-07   3.5647209E-05   6.9415651E-07  -2.7246330E-02  -1.2798731E-02   8.6752496E-03  -7.5142170E-03   7.9697255E-04   5.8867542E-05  -1.3694231E-04   3.5799467E-05  -2.2103167E-03   3.7900640E-05  -1.3863982E-05   3.5540188E-05  -9.6723753E-06  -2.6411867E-07  -4.0321525E-07
  2.6820030E-08  -2.6928619E-07   3.1374845E-08  -3.2395506E-07   1.1566215E-05   6.9415651E-07   6.3546895E-06   3.2113510E-03   4.4342871E-04   1.9238473E-03   1.5248797E-04   2.0981165E-05   3.2975770E-06  -2.8195317E-06   6.7901023E-06  -2.1356420E-05  -5.5191287E-06  -1.4428967E-06   9.4000189E-06   8.9460128E-07   2.4378097E-08  -7.2049338E-08
 -6.4362728E-04   1.0044193E-03   2.8907485E-05  -1.1594591E-02  -1.4588529E-02  -2.7246330E-02   3.2113510E-03   6.0977024E+02   6.3644752E+01  -6.0235371E+01   3.2623206E+01  -2.4820652E+01  -7.9985335E-01  -3.9247609E-02  -1.3690036E-01   1.1505194E+01  -2.1956333E-01   2.3397648E-01  -2.2473509E-01  -1.7337556E-01   6.8252089E-03   3.4317678E-03
 -5.2876756E-04   2.1579101E-03  -2.4265974E-04  -7.3207319E-03  -8.0758017E-03  -1.2798731E-02   4.4342871E-04   6.3644752E+01   6.9708782E+01   8.7055982E+00   7.6057796E+00  -7.2818206E-01  -2.0706459E-03   4.3916809E-01   8.4871819E-01  -7.7800553E+00  -5.2169996E-02  -2.4036533E-01   5.3228914E-02   6.4727403E-02   8.7593472E-04   9.2397458E-04
  8.8131899E-05   5.3984179E-04  -5.8534910E-06   2.6530496E-03   1.6268000E-02   8.6752496E-03   1.9238473E-03  -6.0235371E+01   8.7055982E+00   1.8243318E+02  -8.6885071E+01   2.3089549E+00   3.6801436E-01  -1.0986768E+00   3.7912484E-01  -7.1724367E+00  -1.0922147E-02  -3.3151339E-01   5.6385311E-01   2.7872408E-03   1.8446010E-03  -8.0510888E-03
 -2.1484188E-04   4.2179765E-04  -9.0388220E-05  -3.6391379E-03  -8.7080966E-03  -7.5142170E-03   1.5248797E-04   3.2623206E+01   7.6057796E+00  -8.6885071E+01   5.4430187E+01   1.8282520E+00  -5.4684893E-02   7.4528696E-01  -2.7449753E-01  -2.8301280E+00  -4.4122305E-03   1.9703153E-01  -4.5708633E-01  -1.1633614E-01  -6.6151959E-04   3.3745652E-03
  2.7699014E-05  -5.7142058E-05   8.3776226E-07   3.5908345E-04   6.5567810E-04   7.9697255E-04   2.0981165E-05  -2.4820652E+01  -7.2818206E-01   2.3089549E+00   1.8282520E+00   4.2492911E+00   9.6040449E-02   1.4199959E-01  -4.6482816E-02  -3.5092382E+00  -1.5768459E-03  -9.6283076E-04   6.1407672E-03   5.0953857E-02   4.3888116E-04  -2.2054530E-04
  6.7107319E-07   3.0891349E-06  -1.0022172E-06   1.6948840E-05   7.6176173E-05   5.8867542E-05   3.2975770E-06  -7.9985335E-01  -2.0706459E-03   3.6801436E-01  -5.4684893E-02   9.6040449E-02   1.6025021E-02  -1.6720889E-02   1.1908394E-02  -1.0349273E-01  -5.4468027E-04  -1.3068824E-03  -2.6520723E-03   5.2980560E-03   1.6960522E-05  -3.8118897E-05
 -3.5094935E-06   1.0342736E-05  -1.1886049E-06  -5.4773435E-05  -1.4725758E-04  -1.3694231E-04  -2.8195317E-06  -3.9247609E-02   4.3916809E-01  -1.0986768E+00   7.4528696E-01   1.4199959E-01  -1.6720889E-02   6.4762345E-02   2.9407402E-03  -1.4801647E-01   1.0449938E-03   7.4298585E-03  -2.1670953E-04  -1.7522034E-02  -8.8743602E-06   9.7259196E-05
  7.9697966E-07   6.1827103E-06  -1.8441137E-06   2.3972695E-05   1.1771287E-04   3.5799467E-05   6.7901023E-06  -1.3690036E-01   8.4871819E-01   3.7912484E-01  -2.7449753E-01  -4.6482816E-02   1.1908394E-02   2.9407402E-03   8.1472181E-02   4.4237562E-02  -8.3701491E-04   2.3601310E-04   1.1113257E-03   7.3816417E-04   1.5294679E-05  -8.7010036E-06
 -4.5155014E-05   3.8186761E-05  -5.7546608E-06  -8.0911187E-04  -2.5253974E-03  -2.2103167E-03  -2.1356420E-05   1.1505194E+01  -7.7800553E+00  -7.1724367E+00  -2.8301280E+00  -3.5092382E+00  -1.0349273E-01  -1.4801647E-01   4.4237562E-02   7.4371002E+00   3.1856122E-03  -4.2246183E-03  -7.7434058E-04  -4.2976675E-02  -3.6209120E-04   4.4542708E-05
  3.1493799E-07  -7.9268073E-06   9.3493036E-07   1.1345788E-05  -3.1984369E-05   3.7900640E-05  -5.5191287E-06  -2.1956333E-01  -5.2169996E-02  -1.0922147E-02  -4.4122305E-03  -1.5768459E-03  -5.4468027E-04   1.0449938E-03  -8.3701491E-04   3.1856122E-03   3.8077681E-02   3.4385817E-03   1.3802701E-04   2.2260812E-04   3.3211348E-05  -3.8216181E-06
  4.2010701E-07  -7.3178542E-06   1.0324628E-06  -1.8834191E-05  -1.5511779E-04  -1.3863982E-05  -1.4428967E-06   2.3397648E-01  -2.4036533E-01  -3.3151339E-01   1.9703153E-01  -9.6283076E-04  -1.3068824E-03   7.4298585E-03   2.3601310E-04  -4.2246183E-03   3.4385817E-03   3.1213981E-02  -9.8419413E-04   5.1906803E-03  -8.0946043E-05  -4.1051572E-05
  8.8274535E-07  -1.8521380E-06   6.7365309E-07   1.0366080E-05   4.6959675E-05   3.5540188E-05   9.4000189E-06  -2.2473509E-01   5.3228914E-02   5.6385311E-01  -4.5708633E-01   6.1407672E-03  -2.6520723E-03  -2.1670953E-04   1.1113257E-03  -7.7434058E-04   1.3802701E-04  -9.8419413E-04   1.0638823E-02   8.3657587E-03   4.8416376E-06   6.1062647E-05
 -4.7168952E-07  -1.1385819E-06  -3.3756728E-07  -2.3591394E-05  -6.3951667E-05  -9.6723753E-06   8.9460128E-07  -1.7337556E-01   6.4727403E-02   2.7872408E-03  -1.1633614E-01   5.0953857E-02   5.2980560E-03  -1.7522034E-02   7.3816417E-04  -4.2976675E-02   2.2260812E-04   5.1906803E-03   8.3657587E-03   2.6288104E-02  -3.6518492E-06   5.6142482E-05
  3.7936677E-09  -4.0178964E-08   6.4367070E-09   3.2923320E-08   7.0560677E-07  -2.6411867E-07   2.4378097E-08   6.8252089E-03   8.7593472E-04   1.8446010E-03  -6.6151959E-04   4.3888116E-04   1.6960522E-05  -8.8743602E-06   1.5294679E-05  -3.6209120E-04   3.3211348E-05  -8.0946043E-05   4.8416376E-06  -3.6518492E-06   1.1070104E-06   3.8839499E-08
 -1.8976325E-08   1.6874355E-08   3.2287951E-10  -2.7822879E-07  -7.1635288E-07  -4.0321525E-07  -7.2049338E-08   3.4317678E-03   9.2397458E-04  -8.0510888E-03   3.3745652E-03  -2.2054530E-04  -3.8118897E-05   9.7259196E-05  -8.7010036E-06   4.4542708E-05  -3.8216181E-06  -4.1051572E-05   6.1062647E-05   5.6142482E-05   3.8839499E-08   2.4591239E-06
