# omegabh2 omegach2 theta tau logA ns nrun calPlanck acib217 xi asz143 aps100 aps143 aps143217 aps217 aksz kgal100 kgal143 kgal143217 kgal217 galfEE100 galfEE100143 galfEE100217 galfEE143 galfEE143217 galfEE217 galfTE100 galfTE100143 galfTE100217 galfTE143 galfTE143217 galfTE217 cal0 cal2
    0.2734409E-07   -0.1386763E-06    0.1942735E-07    0.1200999E-05    0.2225712E-05    0.3165876E-06   -0.3336068E-06   -0.1432838E-08   -0.6144323E-04    0.1936121E-05    0.1451160E-04   -0.2356636E-03   -0.1406798E-03   -0.2254122E-04    0.9212048E-05   -0.2591032E-04   -0.1214516E-05   -0.7453642E-05   -0.2152778E-04   -0.1991449E-04    0.1370460E-06    0.5057885E-07    0.3843930E-08    0.6152544E-07    0.9635498E-08    0.1341972E-06   -0.4895375E-06   -0.2270241E-06    0.1216197E-06   -0.1062888E-06   -0.5565093E-06   -0.1524117E-05    0.4452076E-08   -0.5658571E-08
   -0.1386763E-06    0.2141450E-05   -0.1773869E-06   -0.1036181E-04   -0.1557196E-04   -0.5337776E-05   -0.2275746E-06   -0.4013151E-07    0.5694273E-03   -0.1954760E-04   -0.1252845E-03    0.2243828E-02    0.1388984E-02    0.2432220E-03   -0.7345289E-04    0.2050850E-03   -0.4841271E-05   -0.1873774E-04    0.1504058E-03    0.2483601E-03   -0.1039546E-05   -0.4168811E-06    0.2484035E-06   -0.4368969E-06   -0.2554896E-06   -0.6575895E-06    0.3443803E-05    0.1768543E-05    0.2589909E-05    0.7976519E-06    0.3085697E-05    0.9559772E-05   -0.8059866E-08    0.8560840E-07
    0.1942735E-07   -0.1773869E-06    0.9941151E-07    0.9652610E-06    0.1638227E-05    0.5465852E-06   -0.2680572E-07    0.2550833E-07   -0.1793684E-05    0.1025070E-05    0.6890867E-07    0.2443253E-04   -0.7545908E-04   -0.5248464E-04   -0.5874108E-04   -0.3431625E-05   -0.1212022E-05    0.1104992E-05   -0.1300561E-04   -0.2918995E-04    0.9628451E-07    0.2626484E-07    0.8434784E-08    0.4978510E-07    0.3134735E-07    0.1648337E-07    0.8577470E-07    0.4177722E-08   -0.3775067E-06   -0.5791396E-07   -0.5522582E-06   -0.1805976E-05    0.4275609E-10   -0.4618672E-08
    0.1200999E-05   -0.1036181E-04    0.9652610E-06    0.3215457E-03    0.6206300E-03    0.3261489E-04   -0.3844016E-04   -0.3105123E-05   -0.9432741E-02    0.2548973E-03    0.9057409E-03   -0.3007239E-01   -0.5888429E-02    0.5181716E-02    0.1093063E-01   -0.3738328E-02    0.2401471E-04   -0.7860755E-03   -0.3219085E-02   -0.3080334E-02    0.7920361E-05    0.3556557E-05    0.9738907E-06    0.5912233E-05    0.7538910E-06   -0.1404736E-05   -0.3665776E-04   -0.1428770E-04   -0.2934372E-04   -0.4670970E-05   -0.4678348E-04   -0.4667311E-04    0.6738402E-07   -0.1449485E-05
    0.2225712E-05   -0.1557196E-04    0.1638227E-05    0.6206300E-03    0.1239043E-02    0.4956749E-04   -0.8735955E-04    0.6092207E-05   -0.1566405E-01    0.4803877E-03    0.1248130E-02   -0.4441932E-01   -0.4159373E-02    0.1378002E-01    0.2552230E-01   -0.7274075E-02   -0.7083382E-04   -0.2136554E-02   -0.6358786E-02   -0.4379637E-02    0.1664136E-04    0.6874632E-05    0.2437890E-05    0.1218947E-04    0.2805515E-06   -0.8883492E-05   -0.6633455E-04   -0.2363233E-04   -0.5909877E-04   -0.8317065E-05   -0.8947072E-04   -0.9296156E-04    0.3682124E-06   -0.2605888E-05
    0.3165876E-06   -0.5337776E-05    0.5465852E-06    0.3261489E-04    0.4956749E-04    0.2443242E-04    0.6859060E-05    0.3239082E-06   -0.6835543E-02    0.1921985E-03    0.1392710E-02   -0.3042055E-01   -0.9199994E-02    0.3182341E-02    0.7443049E-02   -0.3259143E-02    0.1213232E-03   -0.1293519E-03   -0.9065402E-03    0.1157554E-03    0.4388120E-05    0.1697828E-05   -0.4177248E-06    0.2069053E-05    0.1334115E-05    0.2121227E-05   -0.8201334E-05   -0.3643638E-05   -0.1282478E-04   -0.2209726E-06   -0.2705306E-05   -0.1392834E-04   -0.1738357E-06   -0.6737090E-06
   -0.3336068E-06   -0.2275746E-06   -0.2680572E-07   -0.3844016E-04   -0.8735955E-04    0.6859060E-05    0.4915427E-04    0.4984796E-06   -0.7268072E-02    0.1375515E-03    0.1742483E-02   -0.2758746E-01   -0.1341862E-01   -0.3745584E-03    0.5309817E-02   -0.2893723E-02   -0.4541255E-03    0.2007964E-03   -0.9716263E-04    0.2096069E-02   -0.6377424E-05   -0.2395789E-05    0.6820954E-06   -0.2787368E-05    0.8752326E-06    0.1848002E-05    0.8769548E-05    0.4728842E-05   -0.8011489E-06    0.1541311E-05    0.2819708E-05    0.1969669E-04   -0.4795366E-07   -0.5586324E-06
   -0.1432838E-08   -0.4013151E-07    0.2550833E-07   -0.3105123E-05    0.6092207E-05    0.3239082E-06    0.4984796E-06    0.6283066E-05    0.9818415E-03    0.2892857E-05    0.1835310E-04    0.3364046E-02    0.4413191E-03    0.3233786E-03    0.8244235E-03   -0.2963871E-04    0.6482145E-05    0.2435056E-04    0.5349245E-04    0.7127113E-03    0.1476096E-05    0.2959187E-06   -0.1057680E-06    0.6409521E-06    0.1369527E-06   -0.1556933E-05    0.3540244E-06    0.7706060E-06   -0.2753673E-05   -0.3996947E-06    0.3151282E-07   -0.6362325E-05   -0.1166347E-08    0.1956562E-07
   -0.6144323E-04    0.5694273E-03   -0.1793684E-05   -0.9432741E-02   -0.1566405E-01   -0.6835543E-02   -0.7268072E-02    0.9818415E-03    0.4887491E+02   -0.4879051E+00   -0.1489971E+01    0.4501466E+02    0.2547342E+01   -0.1974885E+02   -0.6520875E+02    0.5578761E+00   -0.1175949E+00    0.2523655E+00   -0.2803951E+01   -0.2462531E+02    0.5933631E-03    0.1533705E-03    0.4613901E-03    0.1123787E-03    0.4143062E-03    0.1916001E-02   -0.8378769E-02   -0.1431885E-02   -0.5045215E-02   -0.9775300E-03   -0.2572749E-02   -0.8877507E-02   -0.1262240E-03    0.4515265E-02
    0.1936121E-05   -0.1954760E-04    0.1025070E-05    0.2548973E-03    0.4803877E-03    0.1921985E-03    0.1375515E-03    0.2892857E-05   -0.4879051E+00    0.8053910E-01   -0.6300998E-01   -0.5982263E+00    0.8729640E+00    0.1706399E+01    0.7186285E+00    0.5472099E-01   -0.7192842E-02    0.9020863E-02    0.9057233E-01    0.9368452E-01   -0.6371495E-04   -0.4453886E-05    0.5928390E-05   -0.6240233E-05   -0.1780147E-04   -0.1013944E-03    0.2838457E-03    0.4664720E-05    0.1300181E-04   -0.5338484E-04   -0.2988623E-03   -0.1891941E-03    0.6070931E-05   -0.2238518E-04
    0.1451160E-04   -0.1252845E-03    0.6890867E-07    0.9057409E-03    0.1248130E-02    0.1392710E-02    0.1742483E-02    0.1835310E-04   -0.1489971E+01   -0.6300998E-01    0.3742793E+01   -0.2962575E+02   -0.3979556E+01    0.7622917E+01    0.6438495E+01   -0.2787411E+01   -0.1761179E+00    0.1018956E+00    0.2415819E+01    0.1968300E+01    0.7253838E-04    0.1210751E-03    0.1134247E-03    0.6594124E-04   -0.1012367E-03   -0.1450954E-02   -0.1882466E-02   -0.3089180E-03    0.2912477E-02   -0.2915258E-03    0.6917659E-03    0.3199060E-02    0.2066419E-03   -0.3436815E-03
   -0.2356636E-03    0.2243828E-02    0.2443253E-04   -0.3007239E-01   -0.4441932E-01   -0.3042055E-01   -0.2758746E-01    0.3364046E-02    0.4501466E+02   -0.5982263E+00   -0.2962575E+02    0.7363537E+03    0.7289545E+02   -0.5928095E+02   -0.7355742E+02    0.1525688E+02   -0.1665315E+00   -0.3421016E+00   -0.1300617E+02   -0.1927957E+02   -0.1584064E-02   -0.1049538E-02   -0.3702749E-02   -0.1311344E-02   -0.1942894E-02    0.1091826E-01    0.7181638E-01    0.5157562E-02    0.3476825E-01   -0.6924082E-02   -0.1223366E-01   -0.3348194E-01    0.4311324E-02    0.4370237E-02
   -0.1406798E-03    0.1388984E-02   -0.7545908E-04   -0.5888429E-02   -0.4159373E-02   -0.9199994E-02   -0.1341862E-01    0.4413191E-03    0.2547342E+01    0.8729640E+00   -0.3979556E+01    0.7289545E+02    0.5985266E+02    0.3992979E+02    0.1488470E+02   -0.3960448E+01   -0.2345801E+00   -0.8800717E+00    0.3777447E+01    0.3205425E+01   -0.3823058E-03   -0.1987942E-03   -0.8706511E-03   -0.4576020E-03   -0.2144531E-03   -0.2538933E-02    0.4583264E-02    0.2469546E-02   -0.5045909E-02    0.4686932E-03    0.3996649E-02    0.3729571E-02    0.1468103E-03    0.1875399E-03
   -0.2254122E-04    0.2432220E-03   -0.5248464E-04    0.5181716E-02    0.1378002E-01    0.3182341E-02   -0.3745584E-03    0.3233786E-03   -0.1974885E+02    0.1706399E+01    0.7622917E+01   -0.5928095E+02    0.3992979E+02    0.8978092E+02    0.6301667E+02   -0.1217563E+02   -0.6069768E+00   -0.1562374E+00    0.4496562E+01    0.5201524E+01   -0.1130589E-02    0.4004093E-04   -0.2657473E-03   -0.4558359E-03   -0.1052694E-02   -0.6740898E-02    0.5357145E-02    0.8819908E-03    0.8172132E-02   -0.8382060E-03    0.1724110E-02    0.1076062E-01    0.7560171E-03   -0.2583857E-02
    0.9212048E-05   -0.7345289E-04   -0.5874108E-04    0.1093063E-01    0.2552230E-01    0.7443049E-02    0.5309817E-02    0.8244235E-03   -0.6520875E+02    0.7186285E+00    0.6438495E+01   -0.7355742E+02    0.1488470E+02    0.6301667E+02    0.1227880E+03   -0.1049973E+02   -0.2009225E+00   -0.4497900E+00    0.3381603E+00    0.2100312E+02   -0.5715553E-03   -0.1931602E-03   -0.7989889E-03   -0.2077485E-03   -0.1034589E-02   -0.6069366E-02    0.1039147E-01    0.2836020E-02    0.5660209E-02    0.4868176E-03    0.9830641E-02    0.1934558E-01    0.5406614E-03   -0.7798031E-02
   -0.2591032E-04    0.2050850E-03   -0.3431625E-05   -0.3738328E-02   -0.7274075E-02   -0.3259143E-02   -0.2893723E-02   -0.2963871E-04    0.5578761E+00    0.5472099E-01   -0.2787411E+01    0.1525688E+02   -0.3960448E+01   -0.1217563E+02   -0.1049973E+02    0.6330269E+01    0.1355573E+00   -0.8072814E-01   -0.1925228E+01   -0.1425888E+01   -0.2159111E-03   -0.1065110E-03   -0.5088704E-04    0.4286813E-05   -0.4663853E-04    0.4506364E-03    0.1472515E-02   -0.4522135E-03    0.3047932E-02   -0.8411112E-03   -0.2039230E-02   -0.4714307E-02   -0.1320239E-03    0.2110721E-03
   -0.1214516E-05   -0.4841271E-05   -0.1212022E-05    0.2401471E-04   -0.7083382E-04    0.1213232E-03   -0.4541255E-03    0.6482145E-05   -0.1175949E+00   -0.7192842E-02   -0.1761179E+00   -0.1665315E+00   -0.2345801E+00   -0.6069768E+00   -0.2009225E+00    0.1355573E+00    0.3099956E+01    0.7054226E+00    0.3451707E+00    0.5890000E+00    0.2927772E-03    0.3889875E-04   -0.2440916E-03    0.2414293E-04    0.7071933E-04    0.3063963E-03   -0.4012043E-02    0.3253268E-03   -0.7416194E-03   -0.4925861E-04   -0.5914213E-03   -0.4388373E-02    0.4255430E-03    0.4307689E-05
   -0.7453642E-05   -0.1873774E-04    0.1104992E-05   -0.7860755E-03   -0.2136554E-02   -0.1293519E-03    0.2007964E-03    0.2435056E-04    0.2523655E+00    0.9020863E-02    0.1018956E+00   -0.3421016E+00   -0.8800717E+00   -0.1562374E+00   -0.4497900E+00   -0.8072814E-01    0.7054226E+00    0.3021111E+01    0.2415437E+01    0.1460444E+01    0.1950086E-03   -0.7969007E-04    0.5823609E-04   -0.2030386E-04    0.2673786E-03    0.3170040E-03    0.3738490E-02    0.1799121E-03    0.1505643E-02   -0.4552098E-03   -0.1033655E-02    0.3400645E-03   -0.4183663E-03   -0.1868968E-03
   -0.2152778E-04    0.1504058E-03   -0.1300561E-04   -0.3219085E-02   -0.6358786E-02   -0.9065402E-03   -0.9716263E-04    0.5349245E-04   -0.2803951E+01    0.9057233E-01    0.2415819E+01   -0.1300617E+02    0.3777447E+01    0.4496562E+01    0.3381603E+00   -0.1925228E+01    0.3451707E+00    0.2415437E+01    0.1780521E+02    0.2710459E+02    0.2176336E-03    0.5512213E-04    0.2323784E-03    0.1060025E-03    0.5208292E-03    0.4924228E-04    0.4172881E-02    0.2040063E-02    0.3747743E-02   -0.7659009E-03   -0.3925156E-03    0.8366367E-03   -0.9598181E-04    0.2472048E-02
   -0.1991449E-04    0.2483601E-03   -0.2918995E-04   -0.3080334E-02   -0.4379637E-02    0.1157554E-03    0.2096069E-02    0.7127113E-03   -0.2462531E+02    0.9368452E-01    0.1968300E+01   -0.1927957E+02    0.3205425E+01    0.5201524E+01    0.2100312E+02   -0.1425888E+01    0.5890000E+00    0.1460444E+01    0.2710459E+02    0.6165000E+02    0.4716036E-03    0.4193843E-04    0.4615701E-04    0.6700066E-04    0.8059141E-03    0.1220604E-02    0.9860213E-02    0.4522476E-02    0.1189575E-01    0.7703184E-03   -0.2109092E-03    0.5426041E-02   -0.1009654E-03    0.4340398E-02
    0.1370460E-06   -0.1039546E-05    0.9628451E-07    0.7920361E-05    0.1664136E-04    0.4388120E-05   -0.6377424E-05    0.1476096E-05    0.5933631E-03   -0.6371495E-04    0.7253838E-04   -0.1584064E-02   -0.3823058E-03   -0.1130589E-02   -0.5715553E-03   -0.2159111E-03    0.2927772E-03    0.1950086E-03    0.2176336E-03    0.4716036E-03    0.1256732E-03    0.1122131E-04   -0.2140020E-05    0.3448446E-05    0.3840396E-06    0.9759695E-06   -0.2312381E-04   -0.9050662E-05    0.5795889E-05   -0.3323170E-05   -0.1107873E-04    0.1019624E-04   -0.1480987E-06   -0.1176966E-07
    0.5057885E-07   -0.4168811E-06    0.2626484E-07    0.3556557E-05    0.6874632E-05    0.1697828E-05   -0.2395789E-05    0.2959187E-06    0.1533705E-03   -0.4453886E-05    0.1210751E-03   -0.1049538E-02   -0.1987942E-03    0.4004093E-04   -0.1931602E-03   -0.1065110E-03    0.3889875E-04   -0.7969007E-04    0.5512213E-04    0.4193843E-04    0.1122131E-04    0.1400393E-04   -0.6212910E-06    0.6346234E-05   -0.4634129E-06   -0.5330030E-06   -0.6776627E-05   -0.4064401E-05   -0.5561594E-05    0.2966742E-06   -0.2323043E-05   -0.9487554E-05   -0.2577012E-07   -0.7839559E-08
    0.3843930E-08    0.2484035E-06    0.8434784E-08    0.9738907E-06    0.2437890E-05   -0.4177248E-06    0.6820954E-06   -0.1057680E-06    0.4613901E-03    0.5928390E-05    0.1134247E-03   -0.3702749E-02   -0.8706511E-03   -0.2657473E-03   -0.7989889E-03   -0.5088704E-04   -0.2440916E-03    0.5823609E-04    0.2323784E-03    0.4615701E-04   -0.2140020E-05   -0.6212910E-06    0.2245147E-03   -0.1104573E-05    0.2739983E-06    0.1541468E-05   -0.1447721E-04   -0.5948825E-05   -0.1168351E-04    0.2866151E-05    0.7755375E-05   -0.3941838E-04   -0.4231659E-08    0.2694030E-06
    0.6152544E-07   -0.4368969E-06    0.4978510E-07    0.5912233E-05    0.1218947E-04    0.2069053E-05   -0.2787368E-05    0.6409521E-06    0.1123787E-03   -0.6240233E-05    0.6594124E-04   -0.1311344E-02   -0.4576020E-03   -0.4558359E-03   -0.2077485E-03    0.4286813E-05    0.2414293E-04   -0.2030386E-04    0.1060025E-03    0.6700066E-04    0.3448446E-05    0.6346234E-05   -0.1104573E-05    0.2966381E-04    0.3689708E-06   -0.3114930E-05   -0.9459610E-06   -0.6343254E-06    0.4879429E-05   -0.9664065E-06   -0.2097323E-06   -0.1105384E-04   -0.4713161E-07   -0.2149061E-07
    0.9635498E-08   -0.2554896E-06    0.3134735E-07    0.7538910E-06    0.2805515E-06    0.1334115E-05    0.8752326E-06    0.1369527E-06    0.4143062E-03   -0.1780147E-04   -0.1012367E-03   -0.1942894E-02   -0.2144531E-03   -0.1052694E-02   -0.1034589E-02   -0.4663853E-04    0.7071933E-04    0.2673786E-03    0.5208292E-03    0.8059141E-03    0.3840396E-06   -0.4634129E-06    0.2739983E-06    0.3689708E-06    0.3895360E-03   -0.3017368E-05   -0.1097020E-04   -0.7057525E-05   -0.6065949E-04   -0.3622730E-05   -0.1164025E-04   -0.5204023E-04   -0.6908584E-07    0.1520309E-06
    0.1341972E-06   -0.6575895E-06    0.1648337E-07   -0.1404736E-05   -0.8883492E-05    0.2121227E-05    0.1848002E-05   -0.1556933E-05    0.1916001E-02   -0.1013944E-03   -0.1450954E-02    0.1091826E-01   -0.2538933E-02   -0.6740898E-02   -0.6069366E-02    0.4506364E-03    0.3063963E-03    0.3170040E-03    0.4924228E-04    0.1220604E-02    0.9759695E-06   -0.5330030E-06    0.1541468E-05   -0.3114930E-05   -0.3017368E-05    0.3467666E-02    0.3095108E-04   -0.2720827E-05   -0.7768391E-04    0.4773716E-05   -0.7267808E-04   -0.1789549E-03   -0.3475389E-06    0.4733469E-06
   -0.4895375E-06    0.3443803E-05    0.8577470E-07   -0.3665776E-04   -0.6633455E-04   -0.8201334E-05    0.8769548E-05    0.3540244E-06   -0.8378769E-02    0.2838457E-03   -0.1882466E-02    0.7181638E-01    0.4583264E-02    0.5357145E-02    0.1039147E-01    0.1472515E-02   -0.4012043E-02    0.3738490E-02    0.4172881E-02    0.9860213E-02   -0.2312381E-04   -0.6776627E-05   -0.1447721E-04   -0.9459610E-06   -0.1097020E-04    0.3095108E-04    0.5731450E-02    0.1788641E-02    0.1638484E-02   -0.7036105E-03   -0.1037550E-03   -0.4541408E-05    0.2350101E-05    0.2983274E-06
   -0.2270241E-06    0.1768543E-05    0.4177722E-08   -0.1428770E-04   -0.2363233E-04   -0.3643638E-05    0.4728842E-05    0.7706060E-06   -0.1431885E-02    0.4664720E-05   -0.3089180E-03    0.5157562E-02    0.2469546E-02    0.8819908E-03    0.2836020E-02   -0.4522135E-03    0.3253268E-03    0.1799121E-03    0.2040063E-02    0.4522476E-02   -0.9050662E-05   -0.4064401E-05   -0.5948825E-05   -0.6343254E-06   -0.7057525E-05   -0.2720827E-05    0.1788641E-02    0.1201564E-02    0.7416624E-03    0.2063923E-03    0.1429141E-05   -0.2525680E-03   -0.1984304E-07    0.3042133E-06
    0.1216197E-06    0.2589909E-05   -0.3775067E-06   -0.2934372E-04   -0.5909877E-04   -0.1282478E-04   -0.8011489E-06   -0.2753673E-05   -0.5045215E-02    0.1300181E-04    0.2912477E-02    0.3476825E-01   -0.5045909E-02    0.8172132E-02    0.5660209E-02    0.3047932E-02   -0.7416194E-03    0.1505643E-02    0.3747743E-02    0.1189575E-01    0.5795889E-05   -0.5561594E-05   -0.1168351E-04    0.4879429E-05   -0.6065949E-04   -0.7768391E-04    0.1638484E-02    0.7416624E-03    0.3307596E-01   -0.6339560E-03    0.1532569E-02    0.1098173E-01    0.8072413E-06    0.2087965E-05
   -0.1062888E-06    0.7976519E-06   -0.5791396E-07   -0.4670970E-05   -0.8317065E-05   -0.2209726E-06    0.1541311E-05   -0.3996947E-06   -0.9775300E-03   -0.5338484E-04   -0.2915258E-03   -0.6924082E-02    0.4686932E-03   -0.8382060E-03    0.4868176E-03   -0.8411112E-03   -0.4925861E-04   -0.4552098E-03   -0.7659009E-03    0.7703184E-03   -0.3323170E-05    0.2966742E-06    0.2866151E-05   -0.9664065E-06   -0.3622730E-05    0.4773716E-05   -0.7036105E-03    0.2063923E-03   -0.6339560E-03    0.1402045E-02    0.1363382E-03   -0.5218594E-03   -0.3863830E-06   -0.1989806E-06
   -0.5565093E-06    0.3085697E-05   -0.5522582E-06   -0.4678348E-04   -0.8947072E-04   -0.2705306E-05    0.2819708E-05    0.3151282E-07   -0.2572749E-02   -0.2988623E-03    0.6917659E-03   -0.1223366E-01    0.3996649E-02    0.1724110E-02    0.9830641E-02   -0.2039230E-02   -0.5914213E-03   -0.1033655E-02   -0.3925156E-03   -0.2109092E-03   -0.1107873E-04   -0.2323043E-05    0.7755375E-05   -0.2097323E-06   -0.1164025E-04   -0.7267808E-04   -0.1037550E-03    0.1429141E-05    0.1532569E-02    0.1363382E-03    0.5119273E-02    0.4030081E-02   -0.6039145E-06   -0.5736556E-06
   -0.1524117E-05    0.9559772E-05   -0.1805976E-05   -0.4667311E-04   -0.9296156E-04   -0.1392834E-04    0.1969669E-04   -0.6362325E-05   -0.8877507E-02   -0.1891941E-03    0.3199060E-02   -0.3348194E-01    0.3729571E-02    0.1076062E-01    0.1934558E-01   -0.4714307E-02   -0.4388373E-02    0.3400645E-03    0.8366367E-03    0.5426041E-02    0.1019624E-04   -0.9487554E-05   -0.3941838E-04   -0.1105384E-04   -0.5204023E-04   -0.1789549E-03   -0.4541408E-05   -0.2525680E-03    0.1098173E-01   -0.5218594E-03    0.4030081E-02    0.3589953E-01   -0.5515849E-06   -0.2719700E-05
    0.4452076E-08   -0.8059866E-08    0.4275609E-10    0.6738402E-07    0.3682124E-06   -0.1738357E-06   -0.4795366E-07   -0.1166347E-08   -0.1262240E-03    0.6070931E-05    0.2066419E-03    0.4311324E-02    0.1468103E-03    0.7560171E-03    0.5406614E-03   -0.1320239E-03    0.4255430E-03   -0.4183663E-03   -0.9598181E-04   -0.1009654E-03   -0.1480987E-06   -0.2577012E-07   -0.4231659E-08   -0.4713161E-07   -0.6908584E-07   -0.3475389E-06    0.2350101E-05   -0.1984304E-07    0.8072413E-06   -0.3863830E-06   -0.6039145E-06   -0.5515849E-06    0.5279801E-06    0.4468807E-08
   -0.5658571E-08    0.8560840E-07   -0.4618672E-08   -0.1449485E-05   -0.2605888E-05   -0.6737090E-06   -0.5586324E-06    0.1956562E-07    0.4515265E-02   -0.2238518E-04   -0.3436815E-03    0.4370237E-02    0.1875399E-03   -0.2583857E-02   -0.7798031E-02    0.2110721E-03    0.4307689E-05   -0.1868968E-03    0.2472048E-02    0.4340398E-02   -0.1176966E-07   -0.7839559E-08    0.2694030E-06   -0.2149061E-07    0.1520309E-06    0.4733469E-06    0.2983274E-06    0.3042133E-06    0.2087965E-05   -0.1989806E-06   -0.5736556E-06   -0.2719700E-05    0.4468807E-08    0.2083549E-05
