# omegabh2 omegach2 theta tau Alens logA ns aps100 aps143 aps217 acib143 acib217 asz143 psr cibr ncib xi aksz cal0 cal2 calTE calEE bm_1_1
    0.3283113E-07   -0.1798255E-06    0.2311763E-07    0.1470686E-06    0.5641209E-05   -0.2797417E-07    0.4894793E-06   -0.4520253E-03   -0.2826160E-03    0.1775548E-03   -0.6393994E-04   -0.1966817E-03   -0.2666165E-06    0.1750285E-06   -0.2313886E-05   -0.2433097E-05    0.4689159E-06   -0.5706316E-04    0.7697333E-08   -0.1395630E-07   -0.1828403E-06   -0.2236783E-06   -0.1165369E-05
   -0.1798255E-06    0.2458539E-05   -0.2079590E-06   -0.1043777E-05   -0.5018954E-04    0.3521706E-05   -0.5926886E-05    0.2622804E-02    0.1285750E-02   -0.8950195E-03    0.3506755E-03    0.1026026E-02    0.8096458E-04    0.3492051E-06    0.2347980E-04    0.7215093E-05   -0.3044747E-05    0.3349840E-03   -0.1441706E-08    0.2460769E-06    0.8772048E-06   -0.2180803E-06    0.2836570E-04
    0.2311763E-07   -0.2079590E-06    0.1018304E-06    0.1223824E-06    0.5472411E-05   -0.1427619E-06    0.6310501E-06   -0.5427958E-03   -0.1637529E-03    0.1968199E-04   -0.5199750E-05   -0.4856940E-04    0.1146670E-04    0.3571608E-06   -0.4189349E-05    0.1504632E-06    0.1665988E-06   -0.2767972E-04    0.9528364E-08   -0.1062880E-07   -0.1175459E-06    0.1065099E-07   -0.4664161E-05
    0.1470686E-06   -0.1043777E-05    0.1223824E-06    0.1638955E-03   -0.2878629E-03    0.3240783E-03    0.8866622E-05    0.2014003E-02   -0.1623478E-02    0.3117749E-02   -0.3436323E-03   -0.2884268E-02   -0.1075683E-02   -0.2656523E-04   -0.4575814E-04   -0.2167394E-04    0.6378791E-04   -0.7681011E-03    0.7520939E-08    0.6555146E-06   -0.6491110E-07   -0.1803505E-05   -0.7287973E-04
    0.5641209E-05   -0.5018954E-04    0.5472411E-05   -0.2878629E-03    0.4651989E-02   -0.6709208E-03    0.1417883E-03   -0.1512347E+00   -0.3177463E-01    0.7492614E-01   -0.2335685E-01   -0.5130458E-01   -0.4137672E-02    0.1045542E-03   -0.9505949E-03   -0.4750862E-03    0.3408247E-03   -0.2894073E-01   -0.1354456E-06   -0.3361904E-05   -0.9387344E-04   -0.2315972E-04   -0.4411074E-03
   -0.2797417E-07    0.3521706E-05   -0.1427619E-06    0.3240783E-03   -0.6709208E-03    0.6604127E-03    0.3540678E-05    0.3750631E-02    0.3736360E-02    0.8995953E-02   -0.2024889E-02   -0.4707649E-02   -0.2403115E-02   -0.5402067E-04   -0.6817246E-04   -0.1266681E-04    0.1606437E-03   -0.2579676E-02    0.2285042E-06    0.3634773E-05    0.3230802E-05   -0.5017455E-06    0.4541135E-03
    0.4894793E-06   -0.5926886E-05    0.6310501E-06    0.8866622E-05    0.1417883E-03    0.3540678E-05    0.2647507E-04   -0.1347293E-01   -0.2678038E-02    0.1339768E-01   -0.3402252E-02   -0.7534134E-02   -0.1056674E-02    0.1445764E-04   -0.1533016E-03   -0.5286202E-04    0.6325198E-04   -0.3930428E-02   -0.2295752E-06    0.1448378E-06   -0.3372558E-05   -0.2321551E-05    0.1472478E-03
   -0.4520253E-03    0.2622804E-02   -0.5427958E-03    0.2014003E-02   -0.1512347E+00    0.3750631E-02   -0.1347293E-01    0.2465728E+04    0.1107075E+03   -0.8557690E+02    0.4449006E+02    0.6070868E+02   -0.5809371E+02   -0.7377784E+00   -0.8734478E+00    0.6020570E+00    0.8106091E+00   -0.1465450E+02    0.4339003E-02   -0.5953478E-03   -0.1026393E-02   -0.1655764E-02    0.1081574E+02
   -0.2826160E-03    0.1285750E-02   -0.1637529E-03   -0.1623478E-02   -0.3177463E-01    0.3736360E-02   -0.2678038E-02    0.1107075E+03    0.1030174E+03    0.1918888E+02   -0.1293614E+02    0.4604144E+01   -0.8369479E+01   -0.1906372E+00    0.8204901E-01    0.7927221E-01    0.9705449E+00   -0.1223635E+02   -0.4307406E-04    0.2044270E-02    0.4807624E-02    0.4779430E-02    0.1548534E+00
    0.1775548E-03   -0.8950195E-03    0.1968199E-04    0.3117749E-02    0.7492614E-01    0.8995953E-02    0.1339768E-01   -0.8557690E+02    0.1918888E+02    0.2715852E+03   -0.2094690E+02   -0.1237027E+03    0.2040247E+01   -0.6295045E-01   -0.1268360E+01   -0.1750704E+01    0.5888440E+00   -0.8129017E+01   -0.2299411E-03   -0.3302030E-02    0.7258546E-04   -0.1638906E-02    0.4004575E-01
   -0.6393994E-04    0.3506755E-03   -0.5199750E-05   -0.3436323E-03   -0.2335685E-01   -0.2024889E-02   -0.3402252E-02    0.4449006E+02   -0.1293614E+02   -0.2094690E+02    0.1630640E+02    0.1229279E+02   -0.1536274E+01    0.2909240E-01   -0.8697539E-01    0.1923186E+00    0.1608772E+00   -0.3237625E+00   -0.8763924E-04   -0.1286228E-02   -0.6651058E-03   -0.6635170E-03   -0.2259689E+00
   -0.1966817E-03    0.1026026E-02   -0.4856940E-04   -0.2884268E-02   -0.5130458E-01   -0.4707649E-02   -0.7534134E-02    0.6070868E+02    0.4604144E+01   -0.1237027E+03    0.1229279E+02    0.6758384E+02   -0.3981633E+00    0.1032196E+00    0.5934124E+00    0.1068432E+01   -0.2757770E+00   -0.2380354E+01    0.4619630E-04    0.9930067E-03    0.1181198E-02    0.2699940E-02    0.1274236E+00
   -0.2666165E-06    0.8096458E-04    0.1146670E-04   -0.1075683E-02   -0.4137672E-02   -0.2403115E-02   -0.1056674E-02   -0.5809371E+02   -0.8369479E+01    0.2040247E+01   -0.1536274E+01   -0.3981633E+00    0.6670009E+01    0.8824200E-01    0.2289240E+00    0.1284208E-01   -0.9829901E-01   -0.2323148E-01    0.1912353E-04   -0.6974990E-03   -0.3840422E-04    0.6937059E-04    0.1583057E+00
    0.1750285E-06    0.3492051E-06    0.3571608E-06   -0.2656523E-04    0.1045542E-03   -0.5402067E-04    0.1445764E-04   -0.7377784E+00   -0.1906372E+00   -0.6295045E-01    0.2909240E-01    0.1032196E+00    0.8824200E-01    0.1261391E-01   -0.5448740E-02    0.5504549E-02    0.7101208E-02   -0.2336219E-01    0.1043160E-06   -0.2907362E-04   -0.5962411E-05    0.1908967E-04    0.2159537E-02
   -0.2313886E-05    0.2347980E-04   -0.4189349E-05   -0.4575814E-04   -0.9505949E-03   -0.6817246E-04   -0.1533016E-03   -0.8734478E+00    0.8204901E-01   -0.1268360E+01   -0.8697539E-01    0.5934124E+00    0.2289240E+00   -0.5448740E-02    0.5962803E-01    0.2496388E-03    0.1171622E-02   -0.4575714E-01   -0.2012366E-05    0.7012116E-04   -0.2920320E-04    0.2862488E-04    0.8500676E-02
   -0.2433097E-05    0.7215093E-05    0.1504632E-06   -0.2167394E-04   -0.4750862E-03   -0.1266681E-04   -0.5286202E-04    0.6020570E+00    0.7927221E-01   -0.1750704E+01    0.1923186E+00    0.1068432E+01    0.1284208E-01    0.5504549E-02    0.2496388E-03    0.2686368E-01   -0.6271615E-03   -0.4412935E-01    0.1076141E-05   -0.8314076E-04    0.2683906E-04    0.7201373E-04    0.9396311E-02
    0.4689159E-06   -0.3044747E-05    0.1665988E-06    0.6378791E-04    0.3408247E-03    0.1606437E-03    0.6325198E-04    0.8106091E+00    0.9705449E+00    0.5888440E+00    0.1608772E+00   -0.2757770E+00   -0.9829901E-01    0.7101208E-02    0.1171622E-02   -0.6271615E-03    0.8243889E-01   -0.7859618E-02   -0.3114969E-05   -0.2740575E-04    0.1796923E-05   -0.1802366E-04    0.1663360E-02
   -0.5706316E-04    0.3349840E-03   -0.2767972E-04   -0.7681011E-03   -0.2894073E-01   -0.2579676E-02   -0.3930428E-02   -0.1465450E+02   -0.1223635E+02   -0.8129017E+01   -0.3237625E+00   -0.2380354E+01   -0.2323148E-01   -0.2336219E-01   -0.4575714E-01   -0.4412935E-01   -0.7859618E-02    0.7623870E+01    0.9298427E-04   -0.7959124E-04    0.4090571E-03   -0.4173872E-03   -0.8765600E-01
    0.7697333E-08   -0.1441706E-08    0.9528364E-08    0.7520939E-08   -0.1354456E-06    0.2285042E-06   -0.2295752E-06    0.4339003E-02   -0.4307406E-04   -0.2299411E-03   -0.8763924E-04    0.4619630E-04    0.1912353E-04    0.1043160E-06   -0.2012366E-05    0.1076141E-05   -0.3114969E-05    0.9298427E-04    0.8531140E-06    0.2940433E-07    0.5004873E-07    0.2018746E-06   -0.9239378E-04
   -0.1395630E-07    0.2460769E-06   -0.1062880E-07    0.6555146E-06   -0.3361904E-05    0.3634773E-05    0.1448378E-06   -0.5953478E-03    0.2044270E-02   -0.3302030E-02   -0.1286228E-02    0.9930067E-03   -0.6974990E-03   -0.2907362E-04    0.7012116E-04   -0.8314076E-04   -0.2740575E-04   -0.7959124E-04    0.2940433E-07    0.5714881E-05    0.9045423E-06    0.1137842E-05    0.2680813E-03
   -0.1828403E-06    0.8772048E-06   -0.1175459E-06   -0.6491110E-07   -0.9387344E-04    0.3230802E-05   -0.3372558E-05   -0.1026393E-02    0.4807624E-02    0.7258546E-04   -0.6651058E-03    0.1181198E-02   -0.3840422E-04   -0.5962411E-05   -0.2920320E-04    0.2683906E-04    0.1796923E-05    0.4090571E-03    0.5004873E-07    0.9045423E-06    0.2317861E-04    0.7410292E-05    0.2764598E-03
   -0.2236783E-06   -0.2180803E-06    0.1065099E-07   -0.1803505E-05   -0.2315972E-04   -0.5017455E-06   -0.2321551E-05   -0.1655764E-02    0.4779430E-02   -0.1638906E-02   -0.6635170E-03    0.2699940E-02    0.6937059E-04    0.1908967E-04    0.2862488E-04    0.7201373E-04   -0.1802366E-04   -0.4173872E-03    0.2018746E-06    0.1137842E-05    0.7410292E-05    0.2037618E-04    0.3378684E-03
   -0.1165369E-05    0.2836570E-04   -0.4664161E-05   -0.7287973E-04   -0.4411074E-03    0.4541135E-03    0.1472478E-03    0.1081574E+02    0.1548534E+00    0.4004575E-01   -0.2259689E+00    0.1274236E+00    0.1583057E+00    0.2159537E-02    0.8500676E-02    0.9396311E-02    0.1663360E-02   -0.8765600E-01   -0.9239378E-04    0.2680813E-03    0.2764598E-03    0.3378684E-03    0.2521698E+00
