# omegabh2 omegach2 theta tau mnu nnu logA ns aps100 aps143 aps217 acib143 acib217 asz143 psr cibr ncib xi aksz cal0 cal2 bm_1_1
    0.6206435E-07    0.2759323E-06   -0.1171099E-07    0.1072061E-05    0.6449748E-05    0.2695280E-04    0.2973673E-05    0.1277673E-05    0.7537075E-03   -0.3471685E-04    0.4144725E-04   -0.2096211E-04   -0.6605087E-04   -0.1712321E-04    0.2106846E-06    0.3476969E-06   -0.1165942E-06    0.9694856E-06    0.2806044E-04   -0.8636235E-09    0.3534749E-07    0.1246348E-04
    0.2759323E-06    0.1810981E-04   -0.1774238E-05   -0.3388838E-05    0.9386215E-05    0.9723531E-03    0.3577793E-04    0.2315403E-04    0.3291931E-01    0.8772055E-02   -0.1461435E-01    0.3517889E-02    0.1248971E-01    0.1338622E-02   -0.7737305E-04    0.2618711E-03    0.1154902E-03   -0.6415428E-04    0.2111445E-02   -0.3053280E-06    0.5063702E-06    0.3699812E-03
   -0.1171099E-07   -0.1774238E-05    0.3607397E-06    0.1237946E-06   -0.2359475E-05   -0.1018387E-03   -0.3705451E-05   -0.2392508E-05   -0.3196252E-02   -0.6711680E-03    0.1266377E-02   -0.4269824E-03   -0.1150341E-02   -0.1583858E-03    0.5784481E-05   -0.2512407E-04   -0.1059232E-04    0.5353486E-05   -0.2987874E-03    0.2679659E-07   -0.3590005E-07   -0.4022502E-04
    0.1072061E-05   -0.3388838E-05    0.1237946E-06    0.2054254E-03    0.3433261E-03    0.2966631E-03    0.4047882E-03    0.4210071E-04   -0.4049041E-01    0.1366989E-01    0.1882802E-01   -0.7688629E-02   -0.1164298E-01   -0.2961068E-02    0.1507562E-03   -0.1739384E-03   -0.5153590E-05    0.3620589E-03   -0.3599165E-02    0.1767426E-06    0.9525812E-06    0.9276103E-04
    0.6449748E-05    0.9386215E-05   -0.2359475E-05    0.3433261E-03    0.7165796E-02    0.5301164E-02    0.7073570E-03    0.3007962E-03    0.1666748E+00    0.5929490E-01    0.2059900E-01    0.2045200E-01    0.1349797E-01   -0.3454208E-02    0.5833899E-04    0.3101939E-03   -0.6393835E-04    0.2189948E-03    0.1159838E-01   -0.1821542E-05    0.9303666E-07    0.4759710E-03
    0.2695280E-04    0.9723531E-03   -0.1018387E-03    0.2966631E-03    0.5301164E-02    0.6118938E-01    0.2884856E-02    0.1804004E-02    0.1944089E+01    0.4992813E+00   -0.8271135E+00    0.2097961E+00    0.7065220E+00    0.7061188E-01   -0.4358380E-02    0.1517999E-01    0.6164817E-02   -0.3928274E-02    0.1363852E+00   -0.1658154E-04    0.3169649E-04    0.2061673E-01
    0.2973673E-05    0.3577793E-04   -0.3705451E-05    0.4047882E-03    0.7073570E-03    0.2884856E-02    0.9045258E-03    0.1393647E-03   -0.1023346E-01    0.5530923E-01    0.1053046E-01   -0.1112535E-01    0.3685420E-02   -0.3967014E-02    0.1487535E-03    0.1742868E-03    0.3002310E-03    0.5836391E-03   -0.3727380E-02   -0.4478066E-07    0.4610907E-05    0.1478277E-02
    0.1277673E-05    0.2315403E-04   -0.2392508E-05    0.4210071E-04    0.3007962E-03    0.1804004E-02    0.1393647E-03    0.7949100E-04    0.3564988E-01    0.1702339E-01   -0.6130282E-02    0.2517947E-03    0.1003462E-01    0.4337946E-03   -0.1998754E-04    0.2518066E-03    0.1268015E-03   -0.3031585E-04    0.1029726E-02   -0.6461759E-06    0.1903327E-05    0.8707166E-03
    0.7537075E-03    0.3291931E-01   -0.3196252E-02   -0.4049041E-01    0.1666748E+00    0.1944089E+01   -0.1023346E-01    0.3564988E-01    0.2570081E+04    0.7663780E+02   -0.1158023E+03    0.7526880E+02    0.8161293E+02   -0.4398590E+02   -0.1033404E+01   -0.6755546E-01    0.1596879E+00    0.4983127E-01   -0.1632898E+02    0.3499341E-02    0.3803321E-02    0.1232410E+02
   -0.3471685E-04    0.8772055E-02   -0.6711680E-03    0.1366989E-01    0.5929490E-01    0.4992813E+00    0.5530923E-01    0.1702339E-01    0.7663780E+02    0.1392425E+03    0.1896301E+02   -0.2623147E+02    0.6742629E+01   -0.6750251E+01    0.1392326E-02    0.2531457E+00    0.2730688E+00    0.1282338E+01   -0.1048127E+02   -0.1142809E-03    0.4458778E-03    0.7223254E+00
    0.4144725E-04   -0.1461435E-01    0.1266377E-02    0.1882802E-01    0.2059900E-01   -0.8271135E+00    0.1053046E-01   -0.6130282E-02   -0.1158023E+03    0.1896301E+02    0.3440145E+03   -0.3744344E+02   -0.1716152E+03   -0.4493013E+01    0.3810961E+00   -0.2064031E+01   -0.1776579E+01    0.6314248E+00   -0.4535352E+01    0.2797556E-03   -0.3652899E-02   -0.5680470E-01
   -0.2096211E-04    0.3517889E-02   -0.4269824E-03   -0.7688629E-02    0.2045200E-01    0.2097961E+00   -0.1112535E-01    0.2517947E-03    0.7526880E+02   -0.2623147E+02   -0.3744344E+02    0.2680916E+02    0.2216663E+02    0.2950688E+00   -0.7777295E-01    0.1392147E+00    0.1459365E+00    0.1039902E+00   -0.6935218E+00   -0.1752167E-03   -0.6953445E-03   -0.2164157E+00
   -0.6605087E-04    0.1248971E-01   -0.1150341E-02   -0.1164298E-01    0.1349797E-01    0.7065220E+00    0.3685420E-02    0.1003462E-01    0.8161293E+02    0.6742629E+01   -0.1716152E+03    0.2216663E+02    0.9889268E+02    0.3482465E+01   -0.1330370E+00    0.1091372E+01    0.1149157E+01   -0.3493306E+00   -0.3033400E+01   -0.1634104E-03    0.1218629E-02    0.3031397E+00
   -0.1712321E-04    0.1338622E-02   -0.1583858E-03   -0.2961068E-02   -0.3454208E-02    0.7061188E-01   -0.3967014E-02    0.4337946E-03   -0.4398590E+02   -0.6750251E+01   -0.4493013E+01    0.2950688E+00    0.3482465E+01    0.6425382E+01    0.3378330E-01    0.2716600E+00    0.1951357E-01   -0.6353199E-01   -0.2687424E+00    0.7203299E-04   -0.7099459E-03    0.1130585E+00
    0.2106846E-06   -0.7737305E-04    0.5784481E-05    0.1507562E-03    0.5833899E-04   -0.4358380E-02    0.1487535E-03   -0.1998754E-04   -0.1033404E+01    0.1392326E-02    0.3810961E+00   -0.7777295E-01   -0.1330370E+00    0.3378330E-01    0.1665429E-01   -0.1081395E-01    0.3914066E-02    0.7662594E-02   -0.4507532E-01    0.9053933E-05   -0.3883478E-04    0.1944710E-03
    0.3476969E-06    0.2618711E-03   -0.2512407E-04   -0.1739384E-03    0.3101939E-03    0.1517999E-01    0.1742868E-03    0.2518066E-03   -0.6755546E-01    0.2531457E+00   -0.2064031E+01    0.1392147E+00    0.1091372E+01    0.2716600E+00   -0.1081395E-01    0.5296362E-01    0.2860486E-02    0.4402167E-02   -0.3081609E-01   -0.9091558E-05    0.6863583E-04    0.9101292E-02
   -0.1165942E-06    0.1154902E-03   -0.1059232E-04   -0.5153590E-05   -0.6393835E-04    0.6164817E-02    0.3002310E-03    0.1268015E-03    0.1596879E+00    0.2730688E+00   -0.1776579E+01    0.1459365E+00    0.1149157E+01    0.1951357E-01    0.3914066E-02    0.2860486E-02    0.2395740E-01   -0.1964169E-02   -0.3915053E-01    0.4421869E-05   -0.6576474E-04    0.7578461E-02
    0.9694856E-06   -0.6415428E-04    0.5353486E-05    0.3620589E-03    0.2189948E-03   -0.3928274E-02    0.5836391E-03   -0.3031585E-04    0.4983127E-01    0.1282338E+01    0.6314248E+00    0.1039902E+00   -0.3493306E+00   -0.6353199E-01    0.7662594E-02    0.4402167E-02   -0.1964169E-02    0.8137894E-01   -0.7037855E-02   -0.4089887E-05   -0.3276207E-04   -0.1762250E-02
    0.2806044E-04    0.2111445E-02   -0.2987874E-03   -0.3599165E-02    0.1159838E-01    0.1363852E+00   -0.3727380E-02    0.1029726E-02   -0.1632898E+02   -0.1048127E+02   -0.4535352E+01   -0.6935218E+00   -0.3033400E+01   -0.2687424E+00   -0.4507532E-01   -0.3081609E-01   -0.3915053E-01   -0.7037855E-02    0.7760887E+01    0.3156624E-04   -0.1239144E-03   -0.1095077E+00
   -0.8636235E-09   -0.3053280E-06    0.2679659E-07    0.1767426E-06   -0.1821542E-05   -0.1658154E-04   -0.4478066E-07   -0.6461759E-06    0.3499341E-02   -0.1142809E-03    0.2797556E-03   -0.1752167E-03   -0.1634104E-03    0.7203299E-04    0.9053933E-05   -0.9091558E-05    0.4421869E-05   -0.4089887E-05    0.3156624E-04    0.8646647E-06    0.7516853E-07   -0.7646710E-04
    0.3534749E-07    0.5063702E-06   -0.3590005E-07    0.9525812E-06    0.9303666E-07    0.3169649E-04    0.4610907E-05    0.1903327E-05    0.3803321E-02    0.4458778E-03   -0.3652899E-02   -0.6953445E-03    0.1218629E-02   -0.7099459E-03   -0.3883478E-04    0.6863583E-04   -0.6576474E-04   -0.3276207E-04   -0.1239144E-03    0.7516853E-07    0.5709360E-05    0.2441964E-03
    0.1246348E-04    0.3699812E-03   -0.4022502E-04    0.9276103E-04    0.4759710E-03    0.2061673E-01    0.1478277E-02    0.8707166E-03    0.1232410E+02    0.7223254E+00   -0.5680470E-01   -0.2164157E+00    0.3031397E+00    0.1130585E+00    0.1944710E-03    0.9101292E-02    0.7578461E-02   -0.1762250E-02   -0.1095077E+00   -0.7646710E-04    0.2441964E-03    0.2443123E+00
