# omegabh2 omegach2 theta tau yhe logA ns calPlanck acib217 xi asz143 aps100 aps143 aps143217 aps217 aksz kgal100 kgal143 kgal143217 kgal217 cal0 cal2
    0.1117460E-06   -0.4898525E-06    0.2432923E-06    0.3761622E-05    0.5094559E-05    0.7765343E-05    0.3351106E-05    0.8328876E-08    0.1709357E-03   -0.4516614E-05   -0.3812475E-04    0.7319552E-03    0.2720593E-03    0.1418748E-04   -0.5900233E-04    0.6905748E-04    0.2478156E-04    0.1662798E-04    0.7738091E-05   -0.3508077E-04   -0.2424379E-08    0.1804024E-07
   -0.4898525E-06    0.5499289E-05   -0.1177450E-05   -0.2528872E-04   -0.1858240E-04   -0.4248856E-04   -0.2037186E-04   -0.1846815E-06   -0.5995697E-03    0.7223856E-05    0.1411296E-03   -0.2238090E-02   -0.7657449E-03    0.8736632E-04    0.3523982E-03   -0.3122473E-03   -0.1452329E-03   -0.8382176E-04    0.1206733E-04    0.3167146E-03    0.1284421E-08   -0.3067633E-07
    0.2432923E-06   -0.1177450E-05    0.8587442E-06    0.8651964E-05    0.1670278E-04    0.1885633E-04    0.9811473E-05   -0.2535492E-07    0.1232335E-02   -0.2405840E-04   -0.2889721E-03    0.4476211E-02    0.2161222E-02    0.2283094E-03   -0.5435760E-03    0.4851560E-03    0.8298580E-04    0.4645755E-04    0.7581031E-04   -0.2336156E-03   -0.2456489E-07    0.1208429E-06
    0.3761622E-05   -0.2528872E-04    0.8651964E-05    0.4309056E-03    0.1625939E-03    0.8388366E-03    0.1402110E-03   -0.1884353E-05   -0.4502625E-02    0.1219521E-03    0.4720036E-03   -0.1067256E-01   -0.7550544E-03    0.5309707E-02    0.8909088E-02   -0.1377681E-02    0.3362415E-03    0.3383416E-03   -0.1432016E-02   -0.2619882E-02   -0.1817467E-06   -0.8934913E-06
    0.5094559E-05   -0.1858240E-04    0.1670278E-04    0.1625939E-03    0.4404174E-03    0.3898414E-03    0.2215512E-03   -0.1138816E-05    0.3678604E-01   -0.7190056E-03   -0.8309548E-02    0.1342772E+00    0.6452981E-01    0.8225018E-02   -0.1550026E-01    0.1387807E-01    0.1927146E-02    0.1075353E-02    0.2301056E-02   -0.6751728E-02   -0.7139120E-06    0.3684589E-05
    0.7765343E-05   -0.4248856E-04    0.1885633E-04    0.8388366E-03    0.3898414E-03    0.1694702E-02    0.2852663E-03    0.7787537E-05   -0.1820703E-02    0.1464451E-03   -0.8320682E-03    0.1227771E-01    0.1500686E-01    0.1625197E-01    0.2129500E-01   -0.1024016E-02    0.5434216E-03    0.1662157E-03   -0.2521393E-02   -0.4248691E-02   -0.2649864E-06   -0.1038492E-05
    0.3351106E-05   -0.2037186E-04    0.9811473E-05    0.1402110E-03    0.2215512E-03    0.2852663E-03    0.1490522E-03   -0.2241032E-06    0.1061875E-01   -0.1908213E-03   -0.2435826E-02    0.3456974E-01    0.2349346E-01    0.7989867E-02    0.1224784E-02    0.3361226E-02    0.1362020E-02    0.4672869E-03    0.4170383E-03   -0.2701218E-02   -0.4947648E-06    0.1016410E-05
    0.8328876E-08   -0.1846815E-06   -0.2535492E-07   -0.1884353E-05   -0.1138816E-05    0.7787537E-05   -0.2241032E-06    0.6070563E-05    0.5548666E-03    0.7936796E-05   -0.1990502E-04    0.3239645E-02    0.6672104E-03    0.4668855E-03    0.1456526E-02   -0.4468153E-04   -0.2078915E-04   -0.3224171E-04    0.8502114E-04    0.8814085E-03    0.1313848E-07   -0.1402827E-07
    0.1709357E-03   -0.5995697E-03    0.1232335E-02   -0.4502625E-02    0.3678604E-01   -0.1820703E-02    0.1061875E-01    0.5548666E-03    0.5078810E+02   -0.5291964E+00   -0.2163327E+01    0.5556790E+02    0.6721436E+01   -0.1987308E+02   -0.6370314E+02    0.1518054E+01   -0.1190429E+00    0.4287475E+00   -0.2865684E+01   -0.2549150E+02   -0.1539835E-03    0.4573615E-02
   -0.4516614E-05    0.7223856E-05   -0.2405840E-04    0.1219521E-03   -0.7190056E-03    0.1464451E-03   -0.1908213E-03    0.7936796E-05   -0.5291964E+00    0.8198712E-01   -0.6761154E-01   -0.6665428E+00    0.7895880E+00    0.1625166E+01    0.7077638E+00    0.5509905E-01   -0.8160757E-02    0.1096330E-02    0.6996134E-01    0.9916379E-01    0.7901921E-05   -0.2028355E-04
   -0.3812475E-04    0.1411296E-03   -0.2889721E-03    0.4720036E-03   -0.8309548E-02   -0.8320682E-03   -0.2435826E-02   -0.1990502E-04   -0.2163327E+01   -0.6761154E-01    0.3731346E+01   -0.3020689E+02   -0.4630366E+01    0.6882157E+01    0.6380993E+01   -0.3021115E+01   -0.1727416E+00    0.8622006E-01    0.2467744E+01    0.2227757E+01    0.1923715E-03   -0.4347381E-03
    0.7319552E-03   -0.2238090E-02    0.4476211E-02   -0.1067256E-01    0.1342772E+00    0.1227771E-01    0.3456974E-01    0.3239645E-02    0.5556790E+02   -0.6665428E+00   -0.3020689E+02    0.7446024E+03    0.7921824E+02   -0.5589527E+02   -0.7611056E+02    0.1819569E+02   -0.2866290E+00   -0.1301571E+00   -0.1356581E+02   -0.2299561E+02    0.4828482E-02    0.5624458E-02
    0.2720593E-03   -0.7657449E-03    0.2161222E-02   -0.7550544E-03    0.6452981E-01    0.1500686E-01    0.2349346E-01    0.6672104E-03    0.6721436E+01    0.7895880E+00   -0.4630366E+01    0.7921824E+02    0.6180718E+02    0.3899584E+02    0.1314183E+02   -0.2423905E+01   -0.1510099E+00   -0.8932264E+00    0.4218049E+01    0.3035300E+01    0.1168524E-03    0.9256529E-03
    0.1418748E-04    0.8736632E-04    0.2283094E-03    0.5309707E-02    0.8225018E-02    0.1625197E-01    0.7989867E-02    0.4668855E-03   -0.1987308E+02    0.1625166E+01    0.6882157E+01   -0.5589527E+02    0.3899584E+02    0.8400803E+02    0.6025355E+02   -0.1169530E+02   -0.4149751E+00   -0.3973348E+00    0.4867111E+01    0.6355779E+01    0.7174874E-03   -0.2386807E-02
   -0.5900233E-04    0.3523982E-03   -0.5435760E-03    0.8909088E-02   -0.1550026E-01    0.2129500E-01    0.1224784E-02    0.1456526E-02   -0.6370314E+02    0.7077638E+00    0.6380993E+01   -0.7611056E+02    0.1314183E+02    0.6025355E+02    0.1146403E+03   -0.1092004E+02   -0.1121673E-01   -0.7505724E+00    0.1105302E+01    0.2220983E+02    0.5015513E-03   -0.7367858E-02
    0.6905748E-04   -0.3122473E-03    0.4851560E-03   -0.1377681E-02    0.1387807E-01   -0.1024016E-02    0.3361226E-02   -0.4468153E-04    0.1518054E+01    0.5509905E-01   -0.3021115E+01    0.1819569E+02   -0.2423905E+01   -0.1169530E+02   -0.1092004E+02    0.6992785E+01    0.1139392E+00   -0.5230415E-01   -0.2043062E+01   -0.1765420E+01   -0.1578113E-03    0.3224960E-03
    0.2478156E-04   -0.1452329E-03    0.8298580E-04    0.3362415E-03    0.1927146E-02    0.5434216E-03    0.1362020E-02   -0.2078915E-04   -0.1190429E+00   -0.8160757E-02   -0.1727416E+00   -0.2866290E+00   -0.1510099E+00   -0.4149751E+00   -0.1121673E-01    0.1139392E+00    0.3188292E+01    0.6767136E+00    0.2712898E+00    0.4878370E+00    0.4151953E-03    0.2738063E-05
    0.1662798E-04   -0.8382176E-04    0.4645755E-04    0.3383416E-03    0.1075353E-02    0.1662157E-03    0.4672869E-03   -0.3224171E-04    0.4287475E+00    0.1096330E-02    0.8622006E-01   -0.1301571E+00   -0.8932264E+00   -0.3973348E+00   -0.7505724E+00   -0.5230415E-01    0.6767136E+00    0.3079021E+01    0.2430683E+01    0.1446224E+01   -0.4134639E-03   -0.1865519E-03
    0.7738091E-05    0.1206733E-04    0.7581031E-04   -0.1432016E-02    0.2301056E-02   -0.2521393E-02    0.4170383E-03    0.8502114E-04   -0.2865684E+01    0.6996134E-01    0.2467744E+01   -0.1356581E+02    0.4218049E+01    0.4867111E+01    0.1105302E+01   -0.2043062E+01    0.2712898E+00    0.2430683E+01    0.1797063E+02    0.2731597E+02   -0.7852523E-04    0.2485882E-02
   -0.3508077E-04    0.3167146E-03   -0.2336156E-03   -0.2619882E-02   -0.6751728E-02   -0.4248691E-02   -0.2701218E-02    0.8814085E-03   -0.2549150E+02    0.9916379E-01    0.2227757E+01   -0.2299561E+02    0.3035300E+01    0.6355779E+01    0.2220983E+02   -0.1765420E+01    0.4878370E+00    0.1446224E+01    0.2731597E+02    0.6196940E+02   -0.4787130E-04    0.4300507E-02
   -0.2424379E-08    0.1284421E-08   -0.2456489E-07   -0.1817467E-06   -0.7139120E-06   -0.2649864E-06   -0.4947648E-06    0.1313848E-07   -0.1539835E-03    0.7901921E-05    0.1923715E-03    0.4828482E-02    0.1168524E-03    0.7174874E-03    0.5015513E-03   -0.1578113E-03    0.4151953E-03   -0.4134639E-03   -0.7852523E-04   -0.4787130E-04    0.5476235E-06    0.5885015E-08
    0.1804024E-07   -0.3067633E-07    0.1208429E-06   -0.8934913E-06    0.3684589E-05   -0.1038492E-05    0.1016410E-05   -0.1402827E-07    0.4573615E-02   -0.2028355E-04   -0.4347381E-03    0.5624458E-02    0.9256529E-03   -0.2386807E-02   -0.7367858E-02    0.3224960E-03    0.2738063E-05   -0.1865519E-03    0.2485882E-02    0.4300507E-02    0.5885015E-08    0.2081484E-05
