# omegabh2 omegach2 theta logA ns DES_b1 DES_b2 DES_b3 DES_b4 DES_b5 DES_m1 DES_m2 DES_m3 DES_m4 DES_AIA DES_alphaIA DES_DzL1 DES_DzL2 DES_DzL3 DES_DzL4 DES_DzL5 DES_DzS1 DES_DzS2 DES_DzS3 DES_DzS4
  2.4779185E-07   4.1950869E-07   5.0435613E-07  -1.7083409E-06   8.3371484E-08   9.1869419E-08   1.4630158E-08  -2.0661965E-07  -1.5190711E-07   2.4989720E-08  -3.1997305E-08   1.0708580E-08   4.9021875E-08   6.5312786E-08   1.1453289E-06   6.0660151E-06   5.0948108E-08   1.1690032E-08   5.7656528E-08  -7.9873063E-08  -1.9793212E-09  -6.5238780E-08   2.1430487E-08   3.7550171E-08   4.0883603E-08
  4.1950869E-07   2.8461775E-05   4.3274816E-05  -3.3026572E-04  -6.0887034E-05   6.0250989E-05   3.6060861E-05   3.6556707E-05   5.0749752E-05   8.2060582E-05  -8.5969811E-08  -5.1667480E-06  -2.0652126E-05  -1.4393416E-05   2.4763091E-05  -1.1336767E-03  -6.0699303E-07  -1.6674858E-06  -8.3889756E-07  -1.6393669E-06  -4.6306061E-07  -1.8532085E-07  -3.0074567E-06  -6.3194379E-06  -1.3269458E-05
  5.0435613E-07   4.3274816E-05   7.0039747E-05  -4.8825621E-04  -8.8210087E-05   6.3430061E-05   2.8594716E-05   3.2324017E-05   5.0071926E-05   9.6126268E-05  -2.1550549E-07  -7.4667907E-06  -2.7858778E-05  -1.9522975E-05   4.0512141E-05  -1.5132380E-03  -9.2110173E-07  -2.4586223E-06  -1.2206095E-06  -1.9867180E-06   7.4023235E-08  -3.1563396E-07  -4.5420604E-06  -8.9515384E-06  -1.8897243E-05
 -1.7083409E-06  -3.3026572E-04  -4.8825621E-04   4.5599820E-03   8.7796865E-04  -1.1849012E-03  -9.8394969E-04  -1.0195931E-03  -1.3015547E-03  -1.6365423E-03   1.5669219E-06   5.1346332E-05   1.5735001E-04   1.0942253E-04  -5.2262085E-05   9.7975732E-03   5.1726846E-06   1.6089688E-05   9.3669348E-06   1.8385729E-05   8.5239425E-06  -2.0743511E-06   2.1763644E-05   4.9066747E-05   9.5054332E-05
  8.3371484E-08  -6.0887034E-05  -8.8210087E-05   8.7796865E-04   3.9101398E-04  -2.4325714E-04  -2.2084615E-04  -2.0235744E-04  -2.5026372E-04  -2.2235690E-04   1.0249962E-06   8.5141669E-06   1.2292072E-05   1.1721782E-05   7.4827411E-05   7.5290135E-04  -1.5881671E-06   6.7394014E-07   8.4533248E-07  -3.3268584E-07   1.5363127E-06  -1.8373734E-06   2.6379519E-06   3.0792127E-06   1.7832097E-06
  9.1869419E-08   6.0250989E-05   6.3430061E-05  -1.1849012E-03  -2.4325714E-04   5.5549778E-03   4.6584166E-04   5.2386982E-04   6.1021593E-04   7.0211288E-04  -4.8040167E-06   3.6533230E-05   8.6303274E-05   4.7183666E-05  -4.2285869E-04   1.0432839E-02   1.3838730E-04   8.9735764E-06   1.4292454E-05   8.2462129E-06  -9.5989785E-06   7.7335516E-06   4.3843617E-06   1.7480117E-05   3.3236027E-05
  1.4630158E-08   3.6060861E-05   2.8594716E-05  -9.8394969E-04  -2.2084615E-04   4.6584166E-04   3.0938819E-03   5.5534911E-04   6.7633697E-04   7.0025584E-04  -8.0896067E-06   3.4233368E-06   6.2777063E-05   4.5912145E-05  -4.5960470E-04   1.6710608E-03  -3.0866198E-06   6.9019830E-05  -1.4925977E-06   6.1964388E-06  -3.8693170E-06  -8.4525820E-06   1.8299166E-05   1.5073587E-05   2.8475713E-05
 -2.0661965E-07   3.6556707E-05   3.2324017E-05  -1.0195931E-03  -2.0235744E-04   5.2386982E-04   5.5534911E-04   2.2779241E-03   7.3273065E-04   7.3527415E-04   5.8848165E-06   5.1882820E-06   3.9871485E-05   3.5143209E-05  -2.2582761E-04   1.2798101E-03   8.5894857E-07   1.6426416E-06   5.5259775E-05  -1.0817625E-06  -4.7485050E-06  -5.0513550E-06   9.6560424E-06   2.4395141E-05   3.7914361E-05
 -1.5190711E-07   5.0749752E-05   5.0071926E-05  -1.3015547E-03  -2.5026372E-04   6.1021593E-04   6.7633697E-04   7.3273065E-04   3.1467784E-03   9.3566518E-04  -9.8577175E-06   1.3871334E-06   3.7116873E-05   2.8072838E-05  -5.7138641E-04  -1.9275840E-03  -2.3604531E-06   5.3696744E-06  -2.5971913E-06   1.0305276E-04  -4.7492706E-06   7.4073965E-06   6.6241230E-06   1.5945620E-05   5.1866755E-05
  2.4989720E-08   8.2060582E-05   9.6126268E-05  -1.6365423E-03  -2.2235690E-04   7.0211288E-04   7.0025584E-04   7.3527415E-04   9.3566518E-04   6.2124474E-03  -1.2172920E-05  -1.7572413E-05  -6.4972729E-06   2.1227531E-05  -1.2903842E-04  -2.3017969E-03   5.9252332E-06  -5.8646854E-06  -8.4395453E-06  -4.8831628E-07   1.1244635E-04  -1.0075581E-05   8.2992036E-06  -2.6788396E-06  -7.5670097E-06
 -3.1997305E-08  -8.5969811E-08  -2.1550549E-07   1.5669219E-06   1.0249962E-06  -4.8040167E-06  -8.0896067E-06   5.8848165E-06  -9.8577175E-06  -1.2172920E-05   5.0429211E-04   7.8016916E-06   1.7092485E-06   2.6545461E-06   1.2123954E-04  -3.3881374E-03   6.0626101E-07  -8.4262892E-07   1.2533017E-06  -1.4701166E-06  -2.1059961E-06  -2.6058041E-05   5.3083101E-06   1.9661293E-06   4.8566590E-07
  1.0708580E-08  -5.1667480E-06  -7.4667907E-06   5.1346332E-05   8.5141669E-06   3.6533230E-05   3.4233368E-06   5.1882820E-06   1.3871334E-06  -1.7572413E-05   7.8016916E-06   4.9576103E-04   1.9752105E-05   4.1555429E-06   2.4876915E-04  -2.6017126E-03   1.3055418E-06   1.0187748E-06   5.9083582E-07   1.7017142E-07  -7.2434435E-07   1.5278337E-05  -3.1814270E-05   5.1956994E-06   6.9584762E-06
  4.9021875E-08  -2.0652126E-05  -2.7858778E-05   1.5735001E-04   1.2292072E-05   8.6303274E-05   6.2777063E-05   3.9871485E-05   3.7116873E-05  -6.4972729E-06   1.7092485E-06   1.9752105E-05   4.0224073E-04   3.8885648E-05   3.1337712E-05   2.2360298E-03   1.4511467E-07   2.8018719E-06   1.5108839E-06   4.4483028E-08  -8.9070408E-07   1.0997839E-05   1.1943853E-05  -3.4015690E-05   2.8789784E-05
  6.5312786E-08  -1.4393416E-05  -1.9522975E-05   1.0942253E-04   1.1721782E-05   4.7183666E-05   4.5912145E-05   3.5143209E-05   2.8072838E-05   2.1227531E-05   2.6545461E-06   4.1555429E-06   3.8885648E-05   4.3906871E-04  -7.1429872E-05   1.6457596E-03  -1.1669785E-06  -6.5290186E-07   1.5759144E-06   5.2033022E-07   1.2010740E-06  -3.3577257E-07   5.3596149E-06   1.4391310E-05  -8.2583104E-05
  1.1453289E-06   2.4763091E-05   4.0512141E-05  -5.2262085E-05   7.4827411E-05  -4.2285869E-04  -4.5960470E-04  -2.2582761E-04  -5.7138641E-04  -1.2903842E-04   1.2123954E-04   2.4876915E-04   3.1337712E-05  -7.1429872E-05   3.2607904E-02   1.2838088E-01  -3.1821312E-05  -6.4325799E-05   4.7333119E-05  -1.8934111E-04  -5.3763496E-05   2.8763500E-04   2.6687237E-04   2.0257704E-04  -8.6281286E-05
  6.0660151E-06  -1.1336767E-03  -1.5132380E-03   9.7975732E-03   7.5290135E-04   1.0432839E-02   1.6710608E-03   1.2798101E-03  -1.9275840E-03  -2.3017969E-03  -3.3881374E-03  -2.6017126E-03   2.2360298E-03   1.6457596E-03   1.2838088E-01   5.5449337E+00   1.1247693E-03   5.3582961E-04   3.7652259E-04  -1.1859726E-03  -4.8106276E-04  -1.0341734E-02  -2.7075578E-03   2.6160977E-03   1.9687127E-03
  5.0948108E-08  -6.0699303E-07  -9.2110173E-07   5.1726846E-06  -1.5881671E-06   1.3838730E-04  -3.0866198E-06   8.5894857E-07  -2.3604531E-06   5.9252332E-06   6.0626101E-07   1.3055418E-06   1.4511467E-07  -1.1669785E-06  -3.1821312E-05   1.1247693E-03   5.5870355E-05   5.4082889E-08   1.9541762E-07   7.0804753E-07   1.1551921E-06   4.4075430E-06  -4.7650915E-08   6.2823710E-07   2.8172186E-06
  1.1690032E-08  -1.6674858E-06  -2.4586223E-06   1.6089688E-05   6.7394014E-07   8.9735764E-06   6.9019830E-05   1.6426416E-06   5.3696744E-06  -5.8646854E-06  -8.4262892E-07   1.0187748E-06   2.8018719E-06  -6.5290186E-07  -6.4325799E-05   5.3582961E-04   5.4082889E-08   4.3652670E-05   8.2945584E-08   8.8386964E-07  -5.8249979E-07  -5.4897491E-07   3.3562100E-06   4.4548100E-07  -3.6297080E-07
  5.7656528E-08  -8.3889756E-07  -1.2206095E-06   9.3669348E-06   8.4533248E-07   1.4292454E-05  -1.4925977E-06   5.5259775E-05  -2.5971913E-06  -8.4395453E-06   1.2533017E-06   5.9083582E-07   1.5108839E-06   1.5759144E-06   4.7333119E-05   3.7652259E-04   1.9541762E-07   8.2945584E-08   4.4234551E-05   6.4351122E-07  -5.0294032E-07  -7.9881867E-07   4.2776965E-06   4.7993620E-06   4.1715304E-07
 -7.9873063E-08  -1.6393669E-06  -1.9867180E-06   1.8385729E-05  -3.3268584E-07   8.2462129E-06   6.1964388E-06  -1.0817625E-06   1.0305276E-04  -4.8831628E-07  -1.4701166E-06   1.7017142E-07   4.4483028E-08   5.2033022E-07  -1.8934111E-04  -1.1859726E-03   7.0804753E-07   8.8386964E-07   6.4351122E-07   8.2338502E-05   1.0740785E-06  -5.5118682E-07  -1.1753815E-06   6.9719877E-06   1.1875070E-05
 -1.9793212E-09  -4.6306061E-07   7.4023235E-08   8.5239425E-06   1.5363127E-06  -9.5989785E-06  -3.8693170E-06  -4.7485050E-06  -4.7492706E-06   1.1244635E-04  -2.1059961E-06  -7.2434435E-07  -8.9070408E-07   1.2010740E-06  -5.3763496E-05  -4.8106276E-04   1.1551921E-06  -5.8249979E-07  -5.0294032E-07   1.0740785E-06   9.2609123E-05  -3.5894866E-07  -1.1887375E-06  -7.5385793E-07   7.1402545E-06
 -6.5238780E-08  -1.8532085E-07  -3.1563396E-07  -2.0743511E-06  -1.8373734E-06   7.7335516E-06  -8.4525820E-06  -5.0513550E-06   7.4073965E-06  -1.0075581E-05  -2.6058041E-05   1.5278337E-05   1.0997839E-05  -3.3577257E-07   2.8763500E-04  -1.0341734E-02   4.4075430E-06  -5.4897491E-07  -7.9881867E-07  -5.5118682E-07  -3.5894866E-07   2.0036504E-04   2.0684657E-05  -1.0964181E-06   5.6442251E-06
  2.1430487E-08  -3.0074567E-06  -4.5420604E-06   2.1763644E-05   2.6379519E-06   4.3843617E-06   1.8299166E-05   9.6560424E-06   6.6241230E-06   8.2992036E-06   5.3083101E-06  -3.1814270E-05   1.1943853E-05   5.3596149E-06   2.6687237E-04  -2.7075578E-03  -4.7650915E-08   3.3562100E-06   4.2776965E-06  -1.1753815E-06  -1.1887375E-06   2.0684657E-05   1.1593915E-04   5.5986741E-06   6.3030967E-06
  3.7550171E-08  -6.3194379E-06  -8.9515384E-06   4.9066747E-05   3.0792127E-06   1.7480117E-05   1.5073587E-05   2.4395141E-05   1.5945620E-05  -2.6788396E-06   1.9661293E-06   5.1956994E-06  -3.4015690E-05   1.4391310E-05   2.0257704E-04   2.6160977E-03   6.2823710E-07   4.4548100E-07   4.7993620E-06   6.9719877E-06  -7.5385793E-07  -1.0964181E-06   5.5986741E-06   9.2214597E-05   1.6022507E-05
  4.0883603E-08  -1.3269458E-05  -1.8897243E-05   9.5054332E-05   1.7832097E-06   3.3236027E-05   2.8475713E-05   3.7914361E-05   5.1866755E-05  -7.5670097E-06   4.8566590E-07   6.9584762E-06   2.8789784E-05  -8.2583104E-05  -8.6281286E-05   1.9687127E-03   2.8172186E-06  -3.6297080E-07   4.1715304E-07   1.1875070E-05   7.1402545E-06   5.6442251E-06   6.3030967E-06   1.6022507E-05   3.3771370E-04
