# omegabh2 omegach2 theta tau yhe ns logA aps100 aps143 aps217 acib143 acib217 asz143 psr cibr cal0 cal2 xi aksz bm_1_1
1.447500E-07 -6.089700E-07 3.150000E-07 2.268300E-06 5.915300E-06 3.923000E-06 4.808400E-06 -4.800400E-04 -2.085600E-04 -4.069900E-04 1.605500E-04 3.414300E-04 1.413045E-04 6.225500E-08 8.111700E-06 1.118600E-09 1.386900E-08 -2.185600E-06 1.257508E-04 -3.632900E-06
-6.089700E-07 7.813200E-06 -1.390100E-06 -1.435600E-05 -1.649100E-05 -2.371700E-05 -1.442300E-05 4.727200E-03 2.772500E-03 3.899400E-03 -5.033500E-04 -1.504000E-03 -6.481314E-04 8.153100E-07 -3.732000E-05 -3.804100E-08 -7.929300E-08 2.487400E-05 -7.124933E-04 1.596300E-04
3.150000E-07 -1.390100E-06 1.252800E-06 5.687100E-06 2.118300E-05 1.200300E-05 1.404500E-05 3.852000E-04 5.543200E-04 -1.042100E-03 9.202800E-04 1.869400E-03 6.265494E-04 -4.797300E-08 4.205900E-05 3.110200E-09 3.497100E-08 -8.682600E-06 6.093157E-04 6.748700E-05
2.268300E-06 -1.435600E-05 5.687100E-06 2.366300E-04 1.060000E-04 8.937200E-05 4.672900E-04 1.477600E-03 1.038000E-02 1.104600E-02 -1.786100E-03 -3.580500E-03 -1.198472E-03 6.632800E-06 -1.469600E-04 -7.696900E-08 1.657600E-07 -4.442800E-07 -6.783270E-05 -4.031200E-04
5.915300E-06 -1.649100E-05 2.118300E-05 1.060000E-04 5.301000E-04 2.479000E-04 3.149300E-04 3.105600E-02 2.894700E-02 -1.010800E-02 2.508200E-02 4.569900E-02 1.322881E-02 6.540000E-06 9.621700E-04 -1.102500E-07 7.327900E-07 -1.414300E-04 1.337010E-02 2.083100E-03
3.923000E-06 -2.371700E-05 1.200300E-05 8.937200E-05 2.479000E-04 1.725500E-04 1.878400E-04 -3.423800E-03 1.891000E-02 6.444300E-03 3.947800E-03 8.639800E-03 1.977583E-03 3.952700E-06 1.790000E-04 -6.602300E-08 5.379100E-07 7.710600E-06 3.588384E-03 1.240200E-04
4.808400E-06 -1.442300E-05 1.404500E-05 4.672900E-04 3.149300E-04 1.878400E-04 9.918400E-04 3.900600E-02 4.696200E-02 4.376600E-02 -8.418800E-04 -5.678300E-03 -4.176788E-03 2.107900E-05 -3.299100E-04 -2.513800E-07 4.836100E-07 7.690400E-05 -1.031118E-04 5.076400E-04
-4.800400E-04 4.727200E-03 3.852000E-04 1.477600E-03 3.105600E-02 -3.423800E-03 3.900600E-02 2.653900E+03 2.357200E+02 1.562500E+02 7.942200E+01 -4.655600E+01 -1.347724E+02 7.570600E-02 -4.922700E+00 5.498600E-04 4.411600E-03 2.487400E+00 -1.285668E+01 1.199500E+01
-2.085600E-04 2.772500E-03 5.543200E-04 1.038000E-02 2.894700E-02 1.891000E-02 4.696200E-02 2.357200E+02 1.937800E+02 1.569300E+02 -3.511900E+01 -5.993400E+01 -3.175288E+01 4.282900E-02 -1.657900E+00 -1.650200E-05 -4.507400E-04 5.873700E-01 -1.191438E+01 1.471500E-01
-4.069900E-04 3.899400E-03 -1.042100E-03 1.104600E-02 -1.010800E-02 6.444300E-03 4.376600E-02 1.562500E+02 1.569300E+02 2.618600E+02 -3.820400E+01 -1.103700E+02 -2.970882E+01 5.606300E-02 -2.465300E+00 -7.605700E-05 -5.733500E-03 5.763800E-01 -1.280484E+01 3.199800E-01
1.605500E-04 -5.033500E-04 9.202800E-04 -1.786100E-03 2.508200E-02 3.947800E-03 -8.418800E-04 7.942200E+01 -3.511900E+01 -3.820400E+01 3.044000E+01 2.372100E+01 -1.082457E+00 -7.051000E-03 2.088100E-01 -6.114100E-05 9.774200E-05 1.659800E-01 -2.224613E-01 -4.447500E-01
3.414300E-04 -1.504000E-03 1.869400E-03 -3.580500E-03 4.569900E-02 8.639800E-03 -5.678300E-03 -4.655600E+01 -5.993400E+01 -1.103700E+02 2.372100E+01 6.142600E+01 1.670255E+01 -2.415700E-02 1.349300E+00 9.864700E-06 3.014500E-03 -3.001700E-01 5.908646E-01 1.747900E-01
1.413045E-04 -6.481314E-04 6.265494E-04 -1.198472E-03 1.322881E-02 1.977583E-03 -4.176788E-03 -1.347724E+02 -3.175288E+01 -2.970882E+01 -1.082457E+00 1.670255E+01 1.771124E+01 -1.063129E-02 7.646263E-01 6.656368E-05 -5.429552E-04 -3.025940E-01 3.689299E-01 4.728472E-01
6.225500E-08 8.153100E-07 -4.797300E-08 6.632800E-06 6.540000E-06 3.952700E-06 2.107900E-05 7.570600E-02 4.282900E-02 5.606300E-02 -7.051000E-03 -2.415700E-02 -1.063129E-02 1.696500E-04 -6.674100E-04 -3.548800E-08 -6.794600E-07 2.752100E-04 -2.172983E-03 8.265900E-05
8.111700E-06 -3.732000E-05 4.205900E-05 -1.469600E-04 9.621700E-04 1.790000E-04 -3.299100E-04 -4.922700E+00 -1.657900E+00 -2.465300E+00 2.088100E-01 1.349300E+00 7.646263E-01 -6.674100E-04 4.929400E-02 4.075200E-06 3.585300E-05 -1.119400E-02 1.555275E-02 2.031400E-02
1.118600E-09 -3.804100E-08 3.110200E-09 -7.696900E-08 -1.102500E-07 -6.602300E-08 -2.513800E-07 5.498600E-04 -1.650200E-05 -7.605700E-05 -6.114100E-05 9.864700E-06 6.656368E-05 -3.548800E-08 4.075200E-06 1.471300E-07 -3.386500E-09 -2.255600E-06 3.930047E-05 -3.290500E-05
1.386900E-08 -7.929300E-08 3.497100E-08 1.657600E-07 7.327900E-07 5.379100E-07 4.836100E-07 4.411600E-03 -4.507400E-04 -5.733500E-03 9.774200E-05 3.014500E-03 -5.429552E-04 -6.794600E-07 3.585300E-05 -3.386500E-09 1.008900E-06 2.240500E-06 6.487272E-05 1.129300E-05
-2.185600E-06 2.487400E-05 -8.682600E-06 -4.442800E-07 -1.414300E-04 7.710600E-06 7.690400E-05 2.487400E+00 5.873700E-01 5.763800E-01 1.659800E-01 -3.001700E-01 -3.025940E-01 2.752100E-04 -1.119400E-02 -2.255600E-06 2.240500E-06 2.470700E-02 -1.039222E-02 -5.012300E-03
1.257508E-04 -7.124933E-04 6.093157E-04 -6.783270E-05 1.337010E-02 3.588384E-03 -1.031118E-04 -1.285668E+01 -1.191438E+01 -1.280484E+01 -2.224613E-01 5.908646E-01 3.689299E-01 -2.172983E-03 1.555275E-02 3.930047E-05 6.487272E-05 -1.039222E-02 8.507947E+00 -2.176480E-04
-3.632900E-06 1.596300E-04 6.748700E-05 -4.031200E-04 2.083100E-03 1.240200E-04 5.076400E-04 1.199500E+01 1.471500E-01 3.199800E-01 -4.447500E-01 1.747900E-01 4.728472E-01 8.265900E-05 2.031400E-02 -3.290500E-05 1.129300E-05 -5.012300E-03 -2.176480E-04 6.138900E-01
