# omegabh2 omegach2 theta tau logA ns galfTE100 galfTE100143 galfTE100217 galfTE143 galfTE143217 galfTE217 calib_100TE calib_217TE
    0.5255846E-07   -0.9641380E-07    0.2290465E-07    0.3258597E-06    0.9011043E-06    0.1204714E-05   -0.3956262E-05   -0.5268242E-05   -0.5824383E-05   -0.9024053E-05   -0.1079205E-04   -0.1579941E-04    0.2814633E-07    0.2242236E-08
   -0.9641380E-07    0.1712038E-05   -0.5698361E-07   -0.1073707E-04   -0.1754557E-04   -0.5648211E-05    0.1787438E-04    0.2357837E-04    0.2321032E-04    0.3374336E-04    0.3588674E-04    0.4670471E-04   -0.1564714E-07    0.1102888E-06
    0.2290465E-07   -0.5698361E-07    0.1992385E-06    0.1928412E-05    0.4106598E-05    0.8335211E-06   -0.2452418E-05   -0.3315063E-05   -0.4376469E-05   -0.3088284E-05   -0.5095430E-05   -0.8486595E-05   -0.1123744E-07   -0.1821433E-07
    0.3258597E-06   -0.1073707E-04    0.1928412E-05    0.2739706E-03    0.5016807E-03    0.3172082E-04   -0.1103002E-03   -0.1524997E-03   -0.1529817E-03   -0.2339503E-03   -0.2494376E-03   -0.3304378E-03    0.4079897E-05    0.3990365E-05
    0.9011043E-06   -0.1754557E-04    0.4106598E-05    0.5016807E-03    0.9529222E-03    0.6816968E-04   -0.1827256E-03   -0.2237595E-03   -0.2105862E-03   -0.3110498E-03   -0.3298668E-03   -0.4861339E-03    0.3617480E-05    0.5129020E-05
    0.1204714E-05   -0.5648211E-05    0.8335211E-06    0.3172082E-04    0.6816968E-04    0.1005893E-03   -0.1928602E-03   -0.1699829E-03   -0.1508919E-03   -0.2549062E-03   -0.2441249E-03   -0.2495156E-03    0.2515115E-05   -0.1189203E-06
   -0.3956262E-05    0.1787438E-04   -0.2452418E-05   -0.1103002E-03   -0.1827256E-03   -0.1928602E-03    0.1614365E-01    0.1118915E-01    0.1201846E-01    0.5078016E-02    0.5154230E-02    0.5590958E-02    0.1886977E-04   -0.1865082E-04
   -0.5268242E-05    0.2357837E-04   -0.3315063E-05   -0.1524997E-03   -0.2237595E-03   -0.1699829E-03    0.1118915E-01    0.1609554E-01    0.1688732E-01    0.1404906E-01    0.1353401E-01    0.1242898E-01    0.2298293E-04   -0.6817792E-05
   -0.5824383E-05    0.2321032E-04   -0.4376469E-05   -0.1529817E-03   -0.2105862E-03   -0.1508919E-03    0.1201846E-01    0.1688732E-01    0.2983178E-01    0.8811744E-02    0.1651737E-01    0.2859308E-01    0.1609490E-04   -0.2373055E-04
   -0.9024053E-05    0.3374336E-04   -0.3088284E-05   -0.2339503E-03   -0.3110498E-03   -0.2549062E-03    0.5078016E-02    0.1404906E-01    0.8811744E-02    0.3328470E-01    0.3049189E-01    0.2258697E-01   -0.5678256E-04   -0.1721455E-05
   -0.1079205E-04    0.3588674E-04   -0.5095430E-05   -0.2494376E-03   -0.3298668E-03   -0.2441249E-03    0.5154230E-02    0.1353401E-01    0.1651737E-01    0.3049189E-01    0.4090557E-01    0.5257406E-01   -0.4353031E-04   -0.4750500E-05
   -0.1579941E-04    0.4670471E-04   -0.8486595E-05   -0.3304378E-03   -0.4861339E-03   -0.2495156E-03    0.5590958E-02    0.1242898E-01    0.2859308E-01    0.2258697E-01    0.5257406E-01    0.1203252E+00    0.1657098E-05    0.6650271E-04
    0.2814633E-07   -0.1564714E-07   -0.1123744E-07    0.4079897E-05    0.3617480E-05    0.2515115E-05    0.1886977E-04    0.2298293E-04    0.1609490E-04   -0.5678256E-04   -0.4353031E-04    0.1657098E-05    0.1826002E-04    0.2020021E-05
    0.2242236E-08    0.1102888E-06   -0.1821433E-07    0.3990365E-05    0.5129020E-05   -0.1189203E-06   -0.1865082E-04   -0.6817792E-05   -0.2373055E-04   -0.1721455E-05   -0.4750500E-05    0.6650271E-04    0.2020021E-05    0.1515230E-04
