# omegabh2 omegach2 theta tau mnu nnu logA ns acib217 acibsz143 asz143 aps100 aps143 aps143217 aps217 aksz kgal100 t1gal143 t1gal143217 t1gal217 calib_100T calib_217T
    0.1169374E-06    0.5929654E-06   -0.1823585E-07    0.1760071E-05   -0.4414100E-05    0.6750759E-04    0.4949646E-05    0.3273399E-05    0.1115610E-03    0.2976777E-04    0.4199437E-04   -0.3945544E-03   -0.3885995E-03   -0.3894126E-03   -0.4422782E-03    0.3706909E-04    0.1676158E-02    0.1294572E-02    0.1386800E-02    0.1414905E-02   -0.8844565E-07   -0.1632533E-07
    0.5929654E-06    0.1796086E-04   -0.1621853E-05    0.6975578E-05    0.5660889E-04    0.1083129E-02    0.5426307E-04    0.3069771E-04    0.9888583E-02    0.4581801E-02    0.6611835E-03    0.8495938E-02    0.7645490E-03   -0.7853177E-02   -0.9129646E-02    0.1478803E-02    0.1391902E-01    0.1407923E-01    0.1559458E-01    0.1642491E-01   -0.6318685E-06   -0.5419364E-06
   -0.1823585E-07   -0.1621853E-05    0.3533501E-06   -0.3569710E-06   -0.1623059E-04   -0.9672653E-04   -0.4161051E-05   -0.2317578E-05   -0.1014857E-02   -0.4848505E-03   -0.6099643E-04   -0.1197395E-02   -0.2394479E-03    0.6916643E-03    0.7922343E-03   -0.1491484E-03   -0.5291178E-03   -0.9122267E-03   -0.1085685E-02   -0.1187496E-02   -0.3352324E-08    0.5859612E-07
    0.1760071E-05    0.6975578E-05   -0.3569710E-06    0.2154853E-03    0.2527236E-03    0.1282015E-02    0.4477527E-03    0.8047654E-04    0.1179764E-02    0.5619480E-03   -0.1618210E-03   -0.9443686E-03    0.7431408E-03   -0.6734099E-03   -0.2508522E-03   -0.8409184E-03   -0.3394850E-02   -0.2819285E-02   -0.3941233E-02   -0.4355771E-02    0.2690297E-06    0.2680709E-07
   -0.4414100E-05    0.5660889E-04   -0.1623059E-04    0.2527236E-03    0.1833768E-01    0.3131275E-02    0.5172541E-03    0.8105005E-06    0.1185450E+00    0.5497390E-01    0.1720639E-01    0.8725179E-02   -0.5437467E-01   -0.1251084E+00   -0.1414275E+00    0.1832060E-01    0.1093855E+00    0.1901650E+00    0.2175319E+00    0.2363753E+00    0.4009779E-05   -0.9165469E-05
    0.6750759E-04    0.1083129E-02   -0.9672653E-04    0.1282015E-02    0.3131275E-02    0.8687780E-01    0.5027400E-02    0.3237990E-02    0.7292348E+00    0.3342318E+00    0.5925446E-01    0.6599486E+00   -0.1125356E-01   -0.6245453E+00   -0.7226637E+00    0.1261619E+00    0.8817779E+00    0.9134885E+00    0.1031576E+01    0.1080911E+01   -0.4304561E-04   -0.3883017E-04
    0.4949646E-05    0.5426307E-04   -0.4161051E-05    0.4477527E-03    0.5172541E-03    0.5027400E-02    0.1036454E-02    0.2296668E-03    0.2546356E-01    0.1160101E-01    0.4218680E-03    0.4210976E-01    0.1757730E-01   -0.6822084E-02   -0.9578580E-02    0.1392817E-02   -0.3793826E-02   -0.2870461E-01   -0.2795192E-01   -0.2686075E-01   -0.3531547E-05   -0.1280826E-05
    0.3273399E-05    0.3069771E-04   -0.2317578E-05    0.8047654E-04    0.8105005E-06    0.3237990E-02    0.2296668E-03    0.1579287E-03    0.1341116E-01    0.5750700E-02    0.9913902E-03    0.1193788E-01    0.3154208E-02   -0.8600967E-02   -0.1175530E-01    0.1972821E-02    0.2882090E-01    0.3009417E-01    0.3354235E-01    0.3540133E-01   -0.9443133E-06   -0.8864889E-06
    0.1115610E-03    0.9888583E-02   -0.1014857E-02    0.1179764E-02    0.1185450E+00    0.7292348E+00    0.2546356E-01    0.1341116E-01    0.7919699E+02    0.3174756E+02    0.1217771E+01    0.3117281E+02   -0.1959576E+02   -0.7684497E+02   -0.9223902E+02   -0.1985361E+01   -0.9633747E+01   -0.1964741E+02   -0.2533631E+02   -0.3006029E+02   -0.2004460E-03   -0.3633702E-02
    0.2976777E-04    0.4581801E-02   -0.4848505E-03    0.5619480E-03    0.5497390E-01    0.3342318E+00    0.1160101E-01    0.5750700E-02    0.3174756E+02    0.2238289E+02    0.2508743E+01   -0.6108069E+01   -0.2305854E+02   -0.5119097E+02   -0.3133740E+02   -0.9500825E+00   -0.7876139E+01   -0.1415454E+02   -0.2147024E+02   -0.2268900E+02   -0.2275285E-03   -0.3594749E-03
    0.4199437E-04    0.6611835E-03   -0.6099643E-04   -0.1618210E-03    0.1720639E-01    0.5925446E-01    0.4218680E-03    0.9913902E-03    0.1217771E+01    0.2508743E+01    0.5500844E+01   -0.3578424E+02   -0.1577056E+02   -0.5165138E+01   -0.8514850E+00   -0.7778814E-01   -0.2313197E+01   -0.1170995E+01    0.2563912E+01    0.3183649E+01   -0.2312409E-03    0.1333061E-03
   -0.3945544E-03    0.8495938E-02   -0.1197395E-02   -0.9443686E-03    0.8725179E-02    0.6599486E+00    0.4210976E-01    0.1193788E-01    0.3117281E+02   -0.6108069E+01   -0.3578424E+02    0.7598347E+03    0.1779151E+03    0.6525067E+02    0.7259657E+01   -0.1135652E+02   -0.8682609E+02   -0.5833848E+02   -0.6645813E+02   -0.6699840E+02   -0.2159146E-02   -0.3416251E-02
   -0.3885995E-03    0.7645490E-03   -0.2394479E-03    0.7431408E-03   -0.5437467E-01   -0.1125356E-01    0.1757730E-01    0.3154208E-02   -0.1959576E+02   -0.2305854E+02   -0.1577056E+02    0.1779151E+03    0.1204455E+03    0.9638319E+02    0.5378167E+02   -0.9386410E+01   -0.2523299E+02   -0.4022925E+02   -0.3417896E+02   -0.3143310E+02   -0.7425984E-03   -0.8753055E-03
   -0.3894126E-03   -0.7853177E-02    0.6916643E-03   -0.6734099E-03   -0.1251084E+00   -0.6245453E+00   -0.6822084E-02   -0.8600967E-02   -0.7684497E+02   -0.5119097E+02   -0.5165138E+01    0.6525067E+02    0.9638319E+02    0.1640996E+03    0.1199761E+03   -0.7634450E+01   -0.1849970E+02   -0.2258998E+02   -0.1146794E+02   -0.1183924E+02   -0.1003365E-02    0.2197057E-02
   -0.4422782E-03   -0.9129646E-02    0.7922343E-03   -0.2508522E-03   -0.1414275E+00   -0.7226637E+00   -0.9578580E-02   -0.1175530E-01   -0.9223902E+02   -0.3133740E+02   -0.8514850E+00    0.7259657E+01    0.5378167E+02    0.1199761E+03    0.1564363E+03   -0.7542289E+01   -0.2451151E+02   -0.3299116E+02   -0.3897903E+02   -0.4128525E+02   -0.1369819E-02    0.6343094E-02
    0.3706909E-04    0.1478803E-02   -0.1491484E-03   -0.8409184E-03    0.1832060E-01    0.1261619E+00    0.1392817E-02    0.1972821E-02   -0.1985361E+01   -0.9500825E+00   -0.7778814E-01   -0.1135652E+02   -0.9386410E+01   -0.7634450E+01   -0.7542289E+01    0.7801097E+01   -0.1115545E+01   -0.3766363E+01   -0.4128057E+01   -0.4409948E+01   -0.2357444E-03    0.1335736E-03
    0.1676158E-02    0.1391902E-01   -0.5291178E-03   -0.3394850E-02    0.1093855E+00    0.8817779E+00   -0.3793826E-02    0.2882090E-01   -0.9633747E+01   -0.7876139E+01   -0.2313197E+01   -0.8682609E+02   -0.2523299E+02   -0.1849970E+02   -0.2451151E+02   -0.1115545E+01    0.2637363E+03    0.1788184E+03    0.1784809E+03    0.1770099E+03   -0.1406793E-01   -0.5957656E-05
    0.1294572E-02    0.1407923E-01   -0.9122267E-03   -0.2819285E-02    0.1901650E+00    0.9134885E+00   -0.2870461E-01    0.3009417E-01   -0.1964741E+02   -0.1415454E+02   -0.1170995E+01   -0.5833848E+02   -0.4022925E+02   -0.2258998E+02   -0.3299116E+02   -0.3766363E+01    0.1788184E+03    0.3030746E+03    0.3087362E+03    0.3078623E+03    0.8702953E-02    0.3335965E-03
    0.1386800E-02    0.1559458E-01   -0.1085685E-02   -0.3941233E-02    0.2175319E+00    0.1031576E+01   -0.2795192E-01    0.3354235E-01   -0.2533631E+02   -0.2147024E+02    0.2563912E+01   -0.6645813E+02   -0.3417896E+02   -0.1146794E+02   -0.3897903E+02   -0.4128057E+01    0.1784809E+03    0.3087362E+03    0.3549344E+03    0.3808818E+03    0.8407158E-02   -0.5174536E-02
    0.1414905E-02    0.1642491E-01   -0.1187496E-02   -0.4355771E-02    0.2363753E+00    0.1080911E+01   -0.2686075E-01    0.3540133E-01   -0.3006029E+02   -0.2268900E+02    0.3183649E+01   -0.6699840E+02   -0.3143310E+02   -0.1183924E+02   -0.4128525E+02   -0.4409948E+01    0.1770099E+03    0.3078623E+03    0.3808818E+03    0.4336565E+03    0.8215493E-02   -0.1013872E-01
   -0.8844565E-07   -0.6318685E-06   -0.3352324E-08    0.2690297E-06    0.4009779E-05   -0.4304561E-04   -0.3531547E-05   -0.9443133E-06   -0.2004460E-03   -0.2275285E-03   -0.2312409E-03   -0.2159146E-02   -0.7425984E-03   -0.1003365E-02   -0.1369819E-02   -0.2357444E-03   -0.1406793E-01    0.8702953E-02    0.8407158E-02    0.8215493E-02    0.3134603E-05    0.4457533E-07
   -0.1632533E-07   -0.5419364E-06    0.5859612E-07    0.2680709E-07   -0.9165469E-05   -0.3883017E-04   -0.1280826E-05   -0.8864889E-06   -0.3633702E-02   -0.3594749E-03    0.1333061E-03   -0.3416251E-02   -0.8753055E-03    0.2197057E-02    0.6343094E-02    0.1335736E-03   -0.5957656E-05    0.3335965E-03   -0.5174536E-02   -0.1013872E-01    0.4457533E-07    0.1465753E-05
