# omegabh2 omegach2 theta tau mnu Alens ns logA aps100 aps143 aps217 acib143 acib217 asz143 psr cibr ncib cal0 cal2 xi aksz bm_1_1 bm_1_2 bm_1_3 bm_1_4 bm_1_5 bm_2_1 bm_2_2 bm_2_3 bm_2_4 bm_2_5 bm_3_1 bm_3_2 bm_3_3 bm_3_4 bm_3_5 bm_4_1 bm_4_2 bm_4_3 bm_4_4 bm_4_5
    0.10450E-06   -0.48006E-06    0.90475E-07    0.56610E-06    0.21850E-04    0.26590E-04    0.15079E-05    0.20775E-06   -0.18558E-02   -0.96102E-03   -0.23691E-03   -0.18481E-03   -0.29374E-03    0.41133E-04    0.36444E-07   -0.70480E-05   -0.32744E-05    0.33887E-08   -0.12270E-07    0.21867E-05   -0.96696E-04   -0.17424E-04   -0.90599E-05   -0.79409E-06   -0.74091E-05    0.99255E-05    0.72984E-05   -0.90765E-06    0.12749E-04    0.30794E-05    0.86901E-05   -0.62247E-05   -0.15120E-06   -0.80709E-05   -0.68195E-06   -0.97086E-05   -0.73795E-06    0.63480E-05   -0.79578E-06   -0.11300E-04    0.10110E-04
   -0.48006E-06    0.60503E-05   -0.56761E-06   -0.63796E-05   -0.26382E-03   -0.21303E-03   -0.14867E-04    0.19793E-05    0.83052E-02    0.50913E-02    0.23351E-02    0.37461E-03    0.97277E-03   -0.46454E-04   -0.10246E-05    0.35013E-04    0.74167E-05    0.11539E-07    0.12555E-06   -0.64822E-05    0.12041E-03    0.14529E-03    0.46357E-05   -0.30265E-04    0.13202E-04   -0.45293E-04   -0.49924E-04   -0.78892E-05   -0.30255E-04   -0.92609E-04   -0.12598E-04    0.23206E-04   -0.18933E-04    0.78059E-04    0.51316E-04    0.46970E-06   -0.98982E-05   -0.45687E-04    0.28158E-04   -0.82178E-05   -0.75933E-04
    0.90475E-07   -0.56761E-06    0.36395E-06    0.98617E-06    0.28232E-04    0.27665E-04    0.19434E-05    0.10059E-05   -0.19178E-02   -0.60848E-03   -0.18213E-03   -0.12766E-03   -0.18587E-03    0.21768E-04    0.25880E-08   -0.33148E-05   -0.19615E-05    0.47827E-08    0.49111E-08    0.29182E-05   -0.33937E-04   -0.30165E-04    0.64974E-05   -0.97921E-05   -0.18623E-04   -0.12536E-04    0.12688E-04    0.28042E-05    0.24877E-04    0.21670E-05    0.13282E-04   -0.14402E-04   -0.53757E-05    0.54163E-06    0.12833E-06   -0.23721E-04   -0.46837E-05    0.11622E-04    0.66705E-05   -0.23793E-04    0.12534E-04
    0.56610E-06   -0.63796E-05    0.98617E-06    0.18294E-03    0.27774E-03   -0.20268E-03    0.24852E-04    0.34873E-03   -0.22554E-01   -0.45270E-02   -0.18451E-02   -0.78864E-03   -0.19724E-02    0.34289E-03   -0.18970E-04   -0.28128E-04   -0.51208E-04    0.34928E-07    0.91851E-07    0.17656E-03   -0.21548E-02   -0.14149E-03   -0.23228E-04    0.27072E-03   -0.33797E-03   -0.40007E-03   -0.10875E-03    0.35208E-03    0.67450E-04    0.36039E-04   -0.27576E-03   -0.11521E-03    0.65807E-05   -0.29045E-03   -0.80204E-04    0.30387E-03   -0.26144E-03    0.28250E-03    0.78028E-04    0.13387E-03   -0.66686E-04
    0.21850E-04   -0.26382E-03    0.28232E-04    0.27774E-03    0.25042E-01    0.13583E-01    0.65239E-03   -0.12470E-03   -0.35696E+00   -0.23781E+00   -0.90752E-01   -0.22709E-01   -0.49966E-01   -0.13373E-02   -0.21329E-04   -0.24857E-02   -0.32510E-03    0.90194E-07   -0.65245E-05   -0.20181E-03   -0.70607E-02   -0.86150E-02    0.11951E-02    0.16170E-02    0.55027E-03    0.27242E-02    0.22511E-02   -0.23106E-02    0.12876E-02    0.34550E-02   -0.16002E-02   -0.20368E-02    0.32491E-02   -0.48722E-02   -0.14938E-02    0.45194E-03    0.48954E-04    0.22872E-02   -0.40335E-02   -0.15000E-02    0.44494E-02
    0.26590E-04   -0.21303E-03    0.27665E-04   -0.20268E-03    0.13583E-01    0.19451E-01    0.59670E-03   -0.87945E-03   -0.78435E+00   -0.29061E+00   -0.46146E-01   -0.79593E-01   -0.11164E+00   -0.14035E-02    0.20600E-03   -0.42611E-02   -0.60177E-03    0.11471E-05   -0.76742E-05   -0.14537E-03   -0.27888E-01   -0.74102E-02    0.70204E-03   -0.34599E-03    0.95326E-03    0.61767E-02    0.19265E-02    0.24831E-02    0.18073E-02    0.38479E-02    0.11367E-02   -0.27793E-02   -0.16873E-02   -0.50454E-02   -0.47535E-03   -0.70960E-03   -0.13465E-02    0.26269E-02   -0.16354E-03    0.10320E-02    0.13534E-02
    0.15079E-05   -0.14867E-04    0.19434E-05    0.24852E-04    0.65239E-03    0.59670E-03    0.55451E-04    0.12800E-04   -0.70380E-01   -0.17054E-01    0.31428E-02   -0.58631E-02   -0.89071E-02    0.42328E-04    0.22403E-04   -0.32299E-03   -0.44804E-04   -0.39998E-07   -0.26374E-06    0.18582E-04   -0.28376E-02   -0.41149E-03   -0.18991E-03   -0.90748E-04   -0.66074E-04    0.35121E-04    0.49364E-03    0.24823E-03    0.13688E-03    0.16988E-03    0.13511E-03   -0.12393E-03   -0.26962E-04   -0.36891E-03    0.67856E-04   -0.65598E-05    0.24880E-03    0.20700E-03    0.11263E-03   -0.15406E-03    0.18930E-03
    0.20775E-06    0.19793E-05    0.10059E-05    0.34873E-03   -0.12470E-03   -0.87945E-03    0.12800E-04    0.70728E-03   -0.46994E-01    0.78574E-02    0.92824E-02   -0.47290E-02   -0.50087E-02   -0.22137E-03   -0.31678E-04   -0.11027E-03   -0.81627E-04    0.19756E-06    0.87876E-06    0.37833E-03   -0.55790E-02    0.70359E-03    0.27256E-03    0.36732E-03   -0.66542E-03   -0.81803E-03   -0.68402E-04    0.79820E-03    0.20184E-04   -0.75164E-04   -0.55882E-03   -0.18945E-03   -0.86411E-04   -0.35526E-03   -0.13140E-03    0.36548E-03   -0.37529E-03    0.54400E-03    0.35611E-03    0.39373E-03   -0.32553E-03
   -0.18558E-02    0.83052E-02   -0.19178E-02   -0.22554E-01   -0.35696E+00   -0.78435E+00   -0.70380E-01   -0.46994E-01    0.25017E+04    0.72902E+02   -0.12205E+03    0.98707E+02    0.87123E+02   -0.72053E+02   -0.86891E+00   -0.40517E+00    0.14404E+01    0.21430E-03   -0.31233E-02    0.15900E+00   -0.12559E+02    0.10449E+02   -0.78931E+01    0.19264E+01   -0.29062E+00    0.13621E+01   -0.10461E+01   -0.43955E+01   -0.54264E-01    0.23725E+00    0.34327E-01    0.17194E+01    0.14683E+01    0.24831E+00   -0.20038E+00   -0.26643E+01    0.94156E+00   -0.15801E+01   -0.13163E+01   -0.52288E+00    0.36694E+01
   -0.96102E-03    0.50913E-02   -0.60848E-03   -0.45270E-02   -0.23781E+00   -0.29061E+00   -0.17054E-01    0.78574E-02    0.72902E+02    0.15477E+03    0.39452E+02   -0.22903E+02   -0.24705E+01   -0.58379E+01   -0.30398E+00    0.75529E-01   -0.14733E+00   -0.14869E-04    0.30483E-02    0.98198E+00   -0.10978E+02    0.76123E+00    0.65217E+00    0.20268E+00    0.11479E+00   -0.17900E+00   -0.17454E+01   -0.57316E+00   -0.11002E+00   -0.36422E-01   -0.20917E+00    0.92203E+00   -0.25107E+00    0.50369E+00    0.41345E-01    0.29732E+00   -0.63263E+00   -0.49573E+00   -0.10116E+00    0.33617E+00   -0.13025E+00
   -0.23691E-03    0.23351E-02   -0.18213E-03   -0.18451E-02   -0.90752E-01   -0.46146E-01    0.31428E-02    0.92824E-02   -0.12205E+03    0.39452E+02    0.17499E+03   -0.21985E+02   -0.58412E+02    0.49403E+01   -0.13737E+00   -0.72326E+00   -0.10034E+01    0.15377E-03   -0.32175E-02    0.28699E+00   -0.95890E+01    0.11602E+01    0.96341E+00   -0.27773E+00    0.21970E-01   -0.34461E+00    0.12038E+01    0.44209E+00   -0.42395E+00    0.50549E-02    0.94821E-01   -0.12090E+01    0.43227E+00   -0.46230E+00    0.62765E+00    0.29881E+00    0.95702E-01    0.24525E+00    0.11543E+00    0.34713E+00   -0.44318E+00
   -0.18481E-03    0.37461E-03   -0.12766E-03   -0.78864E-03   -0.22709E-01   -0.79593E-01   -0.58631E-02   -0.47290E-02    0.98707E+02   -0.22903E+02   -0.21985E+02    0.20682E+02    0.12821E+02   -0.31406E+01    0.57228E-01    0.72992E-01    0.23745E+00   -0.93215E-04   -0.13139E-02    0.81651E-01   -0.87933E+00   -0.70603E+00   -0.48674E+00    0.11109E+00    0.37877E-01    0.14127E+00    0.78765E+00    0.26868E+00    0.17149E-02    0.12074E+00    0.67587E-01   -0.30370E+00    0.19091E+00   -0.13825E+00   -0.15971E+00    0.36684E-01    0.38115E+00    0.18581E+00    0.10025E+00   -0.57290E-01    0.25696E+00
   -0.29374E-03    0.97277E-03   -0.18587E-03   -0.19724E-02   -0.49966E-01   -0.11164E+00   -0.89071E-02   -0.50087E-02    0.87123E+02   -0.24705E+01   -0.58412E+02    0.12821E+02    0.28373E+02   -0.25423E+01    0.11401E+00    0.30754E+00    0.52174E+00   -0.76715E-04    0.13461E-02   -0.14542E+00   -0.10599E+01   -0.48709E+00   -0.47699E+00    0.17208E+00    0.43760E-02    0.15071E+00   -0.42274E+00   -0.81679E-01    0.10010E+00    0.13900E+00   -0.97612E-01    0.48440E+00   -0.29351E+00    0.96332E-01   -0.36327E+00   -0.81722E-01    0.15874E-01   -0.13320E+00    0.16296E-01   -0.67504E-01    0.32832E+00
    0.41133E-04   -0.46454E-04    0.21768E-04    0.34289E-03   -0.13373E-02   -0.14035E-02    0.42328E-04   -0.22137E-03   -0.72053E+02   -0.58379E+01    0.49403E+01   -0.31406E+01   -0.25423E+01    0.73244E+01    0.61036E-01    0.26481E+00   -0.12456E+00    0.41907E-04   -0.95696E-04   -0.18666E-01   -0.12751E+00    0.18887E+00    0.25537E-01    0.28505E-01    0.47471E-01   -0.46837E-01   -0.59535E-01   -0.14815E-01   -0.77690E-02   -0.64145E-01   -0.41200E-01   -0.82546E-01   -0.38092E-01   -0.22080E-01   -0.22690E-01    0.26589E-01   -0.92879E-01   -0.37618E-01   -0.50893E-01   -0.43032E-01   -0.21361E-01
    0.36444E-07   -0.10246E-05    0.25880E-08   -0.18970E-04   -0.21329E-04    0.20600E-03    0.22403E-04   -0.31678E-04   -0.86891E+00   -0.30398E+00   -0.13737E+00    0.57228E-01    0.11401E+00    0.61036E-01    0.81993E-02   -0.50181E-02    0.78258E-02    0.96779E-06   -0.19404E-04    0.37138E-02   -0.17360E-01    0.54081E-02    0.17747E-02    0.21061E-02   -0.82766E-03   -0.13460E-02    0.89111E-02    0.25392E-02   -0.17821E-02   -0.18481E-02   -0.31018E-03   -0.11372E-01    0.15074E-03   -0.36783E-02   -0.51061E-02    0.22973E-02   -0.24710E-03   -0.95148E-04   -0.29786E-02   -0.44946E-02   -0.88782E-03
   -0.70480E-05    0.35013E-04   -0.33148E-05   -0.28128E-04   -0.24857E-02   -0.42611E-02   -0.32299E-03   -0.11027E-03   -0.40517E+00    0.75529E-01   -0.72326E+00    0.72992E-01    0.30754E+00    0.26481E+00   -0.50181E-02    0.48989E-01   -0.11424E-01   -0.39990E-05    0.76008E-04    0.19988E-02   -0.20382E-01   -0.15184E-01   -0.48642E-02    0.74968E-03    0.48598E-02   -0.98014E-03   -0.34851E-01   -0.96188E-02    0.13450E-01   -0.58564E-02   -0.94234E-03    0.30500E-01   -0.61162E-02    0.13002E-01    0.35215E-02   -0.85281E-02   -0.79932E-02   -0.44612E-03    0.28705E-02   -0.22967E-02   -0.20689E-02
   -0.32744E-05    0.74167E-05   -0.19615E-05   -0.51208E-04   -0.32510E-03   -0.60177E-03   -0.44804E-04   -0.81627E-04    0.14404E+01   -0.14733E+00   -0.10034E+01    0.23745E+00    0.52174E+00   -0.12456E+00    0.78258E-02   -0.11424E-01    0.20988E-01   -0.32625E-06   -0.14448E-04   -0.16401E-02   -0.13524E-01    0.27306E-02   -0.10186E-01    0.15585E-02   -0.24042E-02    0.99115E-03    0.77852E-02    0.63560E-02   -0.39655E-02    0.86318E-02   -0.78027E-02   -0.10559E-01   -0.15304E-01   -0.93480E-03   -0.16850E-01   -0.54916E-02   -0.13735E-02   -0.10006E-02    0.16421E-02    0.28277E-02    0.13331E-01
    0.33887E-08    0.11539E-07    0.47827E-08    0.34928E-07    0.90194E-07    0.11471E-05   -0.39998E-07    0.19756E-06    0.21430E-03   -0.14869E-04    0.15377E-03   -0.93215E-04   -0.76715E-04    0.41907E-04    0.96779E-06   -0.39990E-05   -0.32625E-06    0.15502E-06   -0.31607E-08   -0.34490E-05   -0.18256E-04   -0.28951E-04   -0.19247E-04   -0.42684E-05   -0.22120E-05   -0.34955E-05    0.20556E-04    0.11714E-04    0.45038E-05    0.63498E-05    0.51476E-05    0.55048E-05    0.11512E-04   -0.12018E-04   -0.60522E-05    0.35082E-05    0.18406E-04    0.87802E-05    0.72034E-05   -0.10159E-04    0.39141E-05
   -0.12270E-07    0.12555E-06    0.49111E-08    0.91851E-07   -0.65245E-05   -0.76742E-05   -0.26374E-06    0.87876E-06   -0.31233E-02    0.30483E-02   -0.32175E-02   -0.13139E-02    0.13461E-02   -0.95696E-04   -0.19404E-04    0.76008E-04   -0.14448E-04   -0.31607E-08    0.15743E-05   -0.52400E-05    0.10597E-04    0.77509E-04    0.71998E-04   -0.19590E-04    0.23464E-05   -0.11358E-04    0.20385E-03   -0.20881E-04    0.90541E-05    0.15704E-04    0.36316E-04   -0.22785E-03   -0.34866E-04   -0.30349E-04    0.18769E-04   -0.36822E-04    0.23211E-06    0.18790E-04   -0.36646E-04   -0.37276E-04    0.33454E-04
    0.21867E-05   -0.64822E-05    0.29182E-05    0.17656E-03   -0.20181E-03   -0.14537E-03    0.18582E-04    0.37833E-03    0.15900E+00    0.98198E+00    0.28699E+00    0.81651E-01   -0.14542E+00   -0.18666E-01    0.37138E-02    0.19988E-02   -0.16401E-02   -0.34490E-05   -0.52400E-05    0.81340E-01    0.11492E-01    0.68985E-02    0.95009E-02   -0.89452E-03    0.16556E-02   -0.67840E-02   -0.12590E-03    0.37435E-02    0.56201E-03    0.66389E-02   -0.25033E-02   -0.17822E-01    0.45496E-02    0.15152E-01   -0.51964E-02    0.35738E-03   -0.14771E-01    0.62318E-02    0.10445E-02    0.11876E-01    0.69539E-02
   -0.96696E-04    0.12041E-03   -0.33937E-04   -0.21548E-02   -0.70607E-02   -0.27888E-01   -0.28376E-02   -0.55790E-02   -0.12559E+02   -0.10978E+02   -0.95890E+01   -0.87933E+00   -0.10599E+01   -0.12751E+00   -0.17360E-01   -0.20382E-01   -0.13524E-01   -0.18256E-04    0.10597E-04    0.11492E-01    0.75047E+01    0.59973E-01    0.41237E-01   -0.11605E+00    0.52826E-01   -0.11393E+00   -0.58051E-02   -0.92687E-01   -0.16303E-01   -0.91997E-01   -0.89426E-01   -0.39832E-01   -0.15287E-01    0.14500E+00    0.25075E-01   -0.10184E+00   -0.40524E-01    0.26090E-01   -0.94550E-01    0.12690E-01   -0.74247E-01
   -0.17424E-04    0.14529E-03   -0.30165E-04   -0.14149E-03   -0.86150E-02   -0.74102E-02   -0.41149E-03    0.70359E-03    0.10449E+02    0.76123E+00    0.11602E+01   -0.70603E+00   -0.48709E+00    0.18887E+00    0.54081E-02   -0.15184E-01    0.27306E-02   -0.28951E-04    0.77509E-04    0.68985E-02    0.59973E-01    0.67025E+00   -0.87158E-01   -0.24330E-02    0.15301E-01    0.12913E-01    0.16052E+00   -0.58327E-01   -0.34111E-01   -0.72578E-02   -0.41260E-01    0.11169E-01    0.12229E-01   -0.16974E-01   -0.26206E-01   -0.11860E+00    0.13577E+00    0.15897E-01   -0.10317E-01    0.18992E-01    0.73385E-01
   -0.90599E-05    0.46357E-05    0.64974E-05   -0.23228E-04    0.11951E-02    0.70204E-03   -0.18991E-03    0.27256E-03   -0.78931E+01    0.65217E+00    0.96341E+00   -0.48674E+00   -0.47699E+00    0.25537E-01    0.17747E-02   -0.48642E-02   -0.10186E-01   -0.19247E-04    0.71998E-04    0.95009E-02    0.41237E-01   -0.87158E-01    0.94123E+00   -0.58018E-03   -0.95692E-02   -0.85964E-02   -0.13266E+00    0.17126E+00    0.46269E-01   -0.77882E-02    0.20327E-01   -0.12696E+00    0.14857E-01    0.43309E-01   -0.19135E-01    0.17731E+00   -0.21521E+00    0.44660E-01    0.93273E-01    0.34418E-01   -0.20921E+00
   -0.79409E-06   -0.30265E-04   -0.97921E-05    0.27072E-03    0.16170E-02   -0.34599E-03   -0.90748E-04    0.36732E-03    0.19264E+01    0.20268E+00   -0.27773E+00    0.11109E+00    0.17208E+00    0.28505E-01    0.21061E-02    0.74968E-03    0.15585E-02   -0.42684E-05   -0.19590E-04   -0.89452E-03   -0.11605E+00   -0.24330E-02   -0.58018E-03    0.10068E+01   -0.24442E-01   -0.62645E-02   -0.42043E-01    0.42299E-02    0.15463E+00   -0.12857E-01    0.98897E-01   -0.31211E-01    0.47935E-01   -0.49977E-01   -0.30611E-01    0.14337E+00   -0.64008E-01    0.16930E-01    0.30128E-01   -0.18930E+00    0.80478E-01
   -0.74091E-05    0.13202E-04   -0.18623E-04   -0.33797E-03    0.55027E-03    0.95326E-03   -0.66074E-04   -0.66542E-03   -0.29062E+00    0.11479E+00    0.21970E-01    0.37877E-01    0.43760E-02    0.47471E-01   -0.82766E-03    0.48598E-02   -0.24042E-02   -0.22120E-05    0.23464E-05    0.16556E-02    0.52826E-01    0.15301E-01   -0.95692E-02   -0.24442E-01    0.10241E+01   -0.19121E-01    0.58856E-01   -0.12717E+00    0.46524E-01   -0.78255E-01    0.90646E-02    0.41318E-01    0.83092E-01    0.56371E-01    0.12756E+00   -0.13602E+00    0.73350E-01    0.30679E-01   -0.51050E-01   -0.88872E-01    0.69095E-01
    0.99255E-05   -0.45293E-04   -0.12536E-04   -0.40007E-03    0.27242E-02    0.61767E-02    0.35121E-04   -0.81803E-03    0.13621E+01   -0.17900E+00   -0.34461E+00    0.14127E+00    0.15071E+00   -0.46837E-01   -0.13460E-02   -0.98014E-03    0.99115E-03   -0.34955E-05   -0.11358E-04   -0.67840E-02   -0.11393E+00    0.12913E-01   -0.85964E-02   -0.62645E-02   -0.19121E-01    0.10499E+01    0.22401E-01    0.44268E-01   -0.54836E-01    0.84596E-01    0.10233E+00    0.80551E-01   -0.62233E-01   -0.10063E+00    0.59104E-01    0.78254E-01    0.99760E-01   -0.93827E-01    0.84829E-01   -0.35384E-02    0.23295E-01
    0.72984E-05   -0.49924E-04    0.12688E-04   -0.10875E-03    0.22511E-02    0.19265E-02    0.49364E-03   -0.68402E-04   -0.10461E+01   -0.17454E+01    0.12038E+01    0.78765E+00   -0.42274E+00   -0.59535E-01    0.89111E-02   -0.34851E-01    0.77852E-02    0.20556E-04    0.20385E-03   -0.12590E-03   -0.58051E-02    0.16052E+00   -0.13266E+00   -0.42043E-01    0.58856E-01    0.22401E-01    0.86166E+00   -0.10036E-02   -0.89301E-02   -0.16294E-01    0.21829E-02    0.34401E-02    0.12738E+00   -0.12807E+00    0.14326E-01   -0.69301E-01    0.64162E+00    0.23136E+00   -0.46980E-01   -0.55444E-01    0.90066E-01
   -0.90765E-06   -0.78892E-05    0.28042E-05    0.35208E-03   -0.23106E-02    0.24831E-02    0.24823E-03    0.79820E-03   -0.43955E+01   -0.57316E+00    0.44209E+00    0.26868E+00   -0.81679E-01   -0.14815E-01    0.25392E-02   -0.96188E-02    0.63560E-02    0.11714E-04   -0.20881E-04    0.37435E-02   -0.92687E-01   -0.58327E-01    0.17126E+00    0.42299E-02   -0.12717E+00    0.44268E-01   -0.10036E-02    0.98665E+00   -0.18040E-01    0.30749E-01   -0.11600E-01    0.53159E-01    0.14939E-01   -0.10857E+00   -0.59830E-01    0.17425E+00   -0.57475E-01    0.23763E+00    0.76239E+00    0.28658E+00   -0.18533E+00
    0.12749E-04   -0.30255E-04    0.24877E-04    0.67450E-04    0.12876E-02    0.18073E-02    0.13688E-03    0.20184E-04   -0.54264E-01   -0.11002E+00   -0.42395E+00    0.17149E-02    0.10010E+00   -0.77690E-02   -0.17821E-02    0.13450E-01   -0.39655E-02    0.45038E-05    0.90541E-05    0.56201E-03   -0.16303E-01   -0.34111E-01    0.46269E-01    0.15463E+00    0.46524E-01   -0.54836E-01   -0.89301E-02   -0.18040E-01    0.94454E+00   -0.25715E-01   -0.46215E-02    0.97248E-01   -0.74780E-01    0.12126E+00    0.13482E+00   -0.17329E+00   -0.16692E+00    0.57728E+00    0.12530E+00   -0.62097E+00    0.15567E+00
    0.30794E-05   -0.92609E-04    0.21670E-05    0.36039E-04    0.34550E-02    0.38479E-02    0.16988E-03   -0.75164E-04    0.23725E+00   -0.36422E-01    0.50549E-02    0.12074E+00    0.13900E+00   -0.64145E-01   -0.18481E-02   -0.58564E-02    0.86318E-02    0.63498E-05    0.15704E-04    0.66389E-02   -0.91997E-01   -0.72578E-02   -0.77882E-02   -0.12857E-01   -0.78255E-01    0.84596E-01   -0.16294E-01    0.30749E-01   -0.25715E-01    0.93629E+00    0.26050E-01   -0.50574E-02   -0.81021E-01   -0.14443E+00   -0.22548E-01   -0.59845E-01   -0.59254E-01    0.61236E-01   -0.27357E-01    0.30833E+00    0.61060E+00
    0.86901E-05   -0.12598E-04    0.13282E-04   -0.27576E-03   -0.16002E-02    0.11367E-02    0.13511E-03   -0.55882E-03    0.34327E-01   -0.20917E+00    0.94821E-01    0.67587E-01   -0.97612E-01   -0.41200E-01   -0.31018E-03   -0.94234E-03   -0.78027E-02    0.51476E-05    0.36316E-04   -0.25033E-02   -0.89426E-01   -0.41260E-01    0.20327E-01    0.98897E-01    0.90646E-02    0.10233E+00    0.21829E-02   -0.11600E-01   -0.46215E-02    0.26050E-01    0.99614E+00   -0.60934E-01    0.10444E+00   -0.20648E-01    0.17096E+00    0.15000E-01    0.13331E+00   -0.56462E+00    0.36871E+00   -0.36889E+00    0.24643E+00
   -0.62247E-05    0.23206E-04   -0.14402E-04   -0.11521E-03   -0.20368E-02   -0.27793E-02   -0.12393E-03   -0.18945E-03    0.17194E+01    0.92203E+00   -0.12090E+01   -0.30370E+00    0.48440E+00   -0.82546E-01   -0.11372E-01    0.30500E-01   -0.10559E-01    0.55048E-05   -0.22785E-03   -0.17822E-01   -0.39832E-01    0.11169E-01   -0.12696E+00   -0.31211E-01    0.41318E-01    0.80551E-01    0.34401E-02    0.53159E-01    0.97248E-01   -0.50574E-02   -0.60934E-01    0.92500E+00   -0.19622E-01   -0.18904E-01    0.59725E-02   -0.21683E-01    0.58299E+00    0.17395E+00    0.14046E+00    0.48703E-01   -0.67882E-01
   -0.15120E-06   -0.18933E-04   -0.53757E-05    0.65807E-05    0.32491E-02   -0.16873E-02   -0.26962E-04   -0.86411E-04    0.14683E+01   -0.25107E+00    0.43227E+00    0.19091E+00   -0.29351E+00   -0.38092E-01    0.15074E-03   -0.61162E-02   -0.15304E-01    0.11512E-04   -0.34866E-04    0.45496E-02   -0.15287E-01    0.12229E-01    0.14857E-01    0.47935E-01    0.83092E-01   -0.62233E-01    0.12738E+00    0.14939E-01   -0.74780E-01   -0.81021E-01    0.10444E+00   -0.19622E-01    0.10120E+01   -0.37652E-01   -0.14955E-01    0.92533E-02    0.97696E-01    0.13677E+00    0.10849E-01    0.14508E+00    0.14764E+00
   -0.80709E-05    0.78059E-04    0.54163E-06   -0.29045E-03   -0.48722E-02   -0.50454E-02   -0.36891E-03   -0.35526E-03    0.24831E+00    0.50369E+00   -0.46230E+00   -0.13825E+00    0.96332E-01   -0.22080E-01   -0.36783E-02    0.13002E-01   -0.93480E-03   -0.12018E-04   -0.30349E-04    0.15152E-01    0.14500E+00   -0.16974E-01    0.43309E-01   -0.49977E-01    0.56371E-01   -0.10063E+00   -0.12807E+00   -0.10857E+00    0.12126E+00   -0.14443E+00   -0.20648E-01   -0.18904E-01   -0.37652E-01    0.10132E+01   -0.18151E-01   -0.66543E-01   -0.14546E+00    0.32012E-01    0.10859E+00    0.63697E-01   -0.57069E-01
   -0.68195E-06    0.51316E-04    0.12833E-06   -0.80204E-04   -0.14938E-02   -0.47535E-03    0.67856E-04   -0.13140E-03   -0.20038E+00    0.41345E-01    0.62765E+00   -0.15971E+00   -0.36327E+00   -0.22690E-01   -0.51061E-02    0.35215E-02   -0.16850E-01   -0.60522E-05    0.18769E-04   -0.51964E-02    0.25075E-01   -0.26206E-01   -0.19135E-01   -0.30611E-01    0.12756E+00    0.59104E-01    0.14326E-01   -0.59830E-01    0.13482E+00   -0.22548E-01    0.17096E+00    0.59725E-02   -0.14955E-01   -0.18151E-01    0.96758E+00   -0.33496E-01    0.12060E-01   -0.64564E-02    0.94183E-01   -0.28779E+00    0.13225E+00
   -0.97086E-05    0.46970E-06   -0.23721E-04    0.30387E-03    0.45194E-03   -0.70960E-03   -0.65598E-05    0.36548E-03   -0.26643E+01    0.29732E+00    0.29881E+00    0.36684E-01   -0.81722E-01    0.26589E-01    0.22973E-02   -0.85281E-02   -0.54916E-02    0.35082E-05   -0.36822E-04    0.35738E-03   -0.10184E+00   -0.11860E+00    0.17731E+00    0.14337E+00   -0.13602E+00    0.78254E-01   -0.69301E-01    0.17425E+00   -0.17329E+00   -0.59845E-01    0.15000E-01   -0.21683E-01    0.92533E-02   -0.66543E-01   -0.33496E-01    0.10555E+01   -0.43419E-01   -0.85671E-01    0.41818E-01    0.18973E+00   -0.96286E-01
   -0.73795E-06   -0.98982E-05   -0.46837E-05   -0.26144E-03    0.48954E-04   -0.13465E-02    0.24880E-03   -0.37529E-03    0.94156E+00   -0.63263E+00    0.95702E-01    0.38115E+00    0.15874E-01   -0.92879E-01   -0.24710E-03   -0.79932E-02   -0.13735E-02    0.18406E-04    0.23211E-06   -0.14771E-01   -0.40524E-01    0.13577E+00   -0.21521E+00   -0.64008E-01    0.73350E-01    0.99760E-01    0.64162E+00   -0.57475E-01   -0.16692E+00   -0.59254E-01    0.13331E+00    0.58299E+00    0.97696E-01   -0.14546E+00    0.12060E-01   -0.43419E-01    0.94597E+00   -0.50467E-02    0.33086E-01   -0.72915E-02    0.14863E-01
    0.63480E-05   -0.45687E-04    0.11622E-04    0.28250E-03    0.22872E-02    0.26269E-02    0.20700E-03    0.54400E-03   -0.15801E+01   -0.49573E+00    0.24525E+00    0.18581E+00   -0.13320E+00   -0.37618E-01   -0.95148E-04   -0.44612E-03   -0.10006E-02    0.87802E-05    0.18790E-04    0.62318E-02    0.26090E-01    0.15897E-01    0.44660E-01    0.16930E-01    0.30679E-01   -0.93827E-01    0.23136E+00    0.23763E+00    0.57728E+00    0.61236E-01   -0.56462E+00    0.17395E+00    0.13677E+00    0.32012E-01   -0.64564E-02   -0.85671E-01   -0.50467E-02    0.93639E+00   -0.11665E-01    0.23636E-01   -0.34318E-01
   -0.79578E-06    0.28158E-04    0.66705E-05    0.78028E-04   -0.40335E-02   -0.16354E-03    0.11263E-03    0.35611E-03   -0.13163E+01   -0.10116E+00    0.11543E+00    0.10025E+00    0.16296E-01   -0.50893E-01   -0.29786E-02    0.28705E-02    0.16421E-02    0.72034E-05   -0.36646E-04    0.10445E-02   -0.94550E-01   -0.10317E-01    0.93273E-01    0.30128E-01   -0.51050E-01    0.84829E-01   -0.46980E-01    0.76239E+00    0.12530E+00   -0.27357E-01    0.36871E+00    0.14046E+00    0.10849E-01    0.10859E+00    0.94183E-01    0.41818E-01    0.33086E-01   -0.11665E-01    0.97922E+00   -0.21714E-01    0.12691E-01
   -0.11300E-04   -0.82178E-05   -0.23793E-04    0.13387E-03   -0.15000E-02    0.10320E-02   -0.15406E-03    0.39373E-03   -0.52288E+00    0.33617E+00    0.34713E+00   -0.57290E-01   -0.67504E-01   -0.43032E-01   -0.44946E-02   -0.22967E-02    0.28277E-02   -0.10159E-04   -0.37276E-04    0.11876E-01    0.12690E-01    0.18992E-01    0.34418E-01   -0.18930E+00   -0.88872E-01   -0.35384E-02   -0.55444E-01    0.28658E+00   -0.62097E+00    0.30833E+00   -0.36889E+00    0.48703E-01    0.14508E+00    0.63697E-01   -0.28779E+00    0.18973E+00   -0.72915E-02    0.23636E-01   -0.21714E-01    0.10257E+01   -0.24621E-01
    0.10110E-04   -0.75933E-04    0.12534E-04   -0.66686E-04    0.44494E-02    0.13534E-02    0.18930E-03   -0.32553E-03    0.36694E+01   -0.13025E+00   -0.44318E+00    0.25696E+00    0.32832E+00   -0.21361E-01   -0.88782E-03   -0.20689E-02    0.13331E-01    0.39141E-05    0.33454E-04    0.69539E-02   -0.74247E-01    0.73385E-01   -0.20921E+00    0.80478E-01    0.69095E-01    0.23295E-01    0.90066E-01   -0.18533E+00    0.15567E+00    0.61060E+00    0.24643E+00   -0.67882E-01    0.14764E+00   -0.57069E-01    0.13225E+00   -0.96286E-01    0.14863E-01   -0.34318E-01    0.12691E-01   -0.24621E-01    0.92108E+00
