# omegabh2 omegach2 theta tau omegak ns nrun logA r aps100 aps143 aps217 acib143 acib217 asz143 psr cibr ncib cal0 cal2 xi aksz bm_1_1
    0.11143E-06   -0.55609E-06    0.10741E-06    0.21096E-05   -0.72404E-06    0.14673E-05   -0.13693E-05    0.33805E-05    0.80995E-05   -0.45287E-03   -0.70286E-03   -0.28406E-03   -0.30513E-04   -0.15529E-03    0.23606E-04   -0.75050E-06   -0.10028E-05   -0.16954E-05    0.21115E-08   -0.31733E-08   -0.44691E-06   -0.17395E-04   -0.58119E-05
   -0.55609E-06    0.84143E-05   -0.96001E-06   -0.12214E-04    0.78587E-05   -0.20614E-04   -0.13157E-05   -0.40681E-05   -0.57141E-04    0.16968E-01    0.57842E-02    0.98921E-03    0.44116E-03    0.19482E-02    0.10603E-04    0.27850E-05    0.27550E-04    0.13833E-04   -0.18583E-07    0.10738E-06   -0.11519E-05    0.28690E-03    0.22691E-03
    0.10741E-06   -0.96001E-06    0.43289E-06    0.19610E-05   -0.12111E-05    0.28399E-05   -0.24460E-06    0.20619E-05    0.85109E-05   -0.16145E-02   -0.65974E-03   -0.20969E-03   -0.89558E-04   -0.23971E-03    0.16517E-04   -0.78632E-06   -0.26790E-05   -0.22104E-05    0.41637E-08   -0.61445E-08    0.38362E-05   -0.29938E-05   -0.17515E-04
    0.21096E-05   -0.12214E-04    0.19610E-05    0.25169E-03   -0.89785E-05    0.35747E-04   -0.64756E-04    0.48836E-03    0.12325E-03   -0.59208E-02   -0.53562E-02   -0.23619E-02   -0.32652E-03   -0.17020E-02   -0.27043E-03    0.65116E-05   -0.34783E-04    0.21844E-05    0.41411E-07   -0.17230E-06    0.23898E-04   -0.32323E-03    0.35667E-04
   -0.72404E-06    0.78587E-05   -0.12111E-05   -0.89785E-05    0.23333E-04   -0.21079E-04   -0.18697E-05   -0.43627E-07   -0.73640E-04    0.22344E-01    0.81966E-02   -0.11798E-02    0.13363E-02    0.39653E-02    0.14996E-03   -0.74197E-05    0.74808E-04    0.17506E-04   -0.24705E-07    0.20379E-06    0.16724E-05    0.65961E-03    0.22784E-03
    0.14673E-05   -0.20614E-04    0.28399E-05    0.35747E-04   -0.21079E-04    0.75942E-04    0.18816E-04    0.17964E-04    0.16281E-03   -0.99702E-01   -0.16429E-01    0.21634E-01   -0.97028E-02   -0.19549E-01   -0.12106E-02    0.70565E-04   -0.42377E-03   -0.23976E-05   -0.41330E-07   -0.26313E-06    0.11417E-03   -0.41129E-02   -0.40200E-03
   -0.13693E-05   -0.13157E-05   -0.24460E-06   -0.64756E-04   -0.18697E-05    0.18816E-04    0.11677E-03   -0.15838E-03   -0.35903E-03   -0.97471E-01   -0.13402E-01    0.24224E-01   -0.85152E-02   -0.18356E-01   -0.12100E-02    0.75717E-04   -0.41126E-03    0.88930E-06   -0.17082E-07   -0.61533E-06    0.13759E-03   -0.45748E-02   -0.75287E-03
    0.33805E-05   -0.40681E-05    0.20619E-05    0.48836E-03   -0.43627E-07    0.17964E-04   -0.15838E-03    0.10108E-02    0.16819E-03    0.40901E-01    0.10885E-01    0.63700E-02   -0.21113E-02   -0.66314E-03   -0.12874E-02    0.51648E-04   -0.11209E-03    0.75486E-04    0.10585E-06    0.59891E-06    0.39132E-04   -0.41024E-03    0.14047E-02
    0.80995E-05   -0.57141E-04    0.85109E-05    0.12325E-03   -0.73640E-04    0.16281E-03   -0.35903E-03    0.16819E-03    0.51359E-02    0.35960E-01    0.24543E-02   -0.51622E-01    0.64492E-02    0.21352E-01    0.47734E-02   -0.16869E-03    0.73324E-03   -0.55956E-04   -0.68888E-06    0.21877E-05   -0.71403E-04    0.10327E-01    0.78632E-03
   -0.45287E-03    0.16968E-01   -0.16145E-02   -0.59208E-02    0.22344E-01   -0.99702E-01   -0.97471E-01    0.40901E-01    0.35960E-01    0.37027E+04    0.13315E+03   -0.17490E+03    0.84349E+02    0.12677E+03   -0.64557E+02   -0.97871E+00    0.30569E+00    0.58018E+00    0.69369E-03    0.31987E-03    0.37383E-01   -0.16336E+02    0.17187E+02
   -0.70286E-03    0.57842E-02   -0.65974E-03   -0.53562E-02    0.81966E-02   -0.16429E-01   -0.13402E-01    0.10885E-01    0.24543E-02    0.13315E+03    0.19932E+03    0.31493E+02   -0.37332E+02    0.24990E+01   -0.87161E+01   -0.86041E-01    0.13583E+00    0.62872E-01    0.18419E-04    0.12952E-02    0.13387E+01   -0.11991E+02    0.58832E+00
   -0.28406E-03    0.98921E-03   -0.20969E-03   -0.23619E-02   -0.11798E-02    0.21634E-01    0.24224E-01    0.63700E-02   -0.51622E-01   -0.17490E+03    0.31493E+02    0.32555E+03   -0.33770E+02   -0.13836E+03   -0.10391E+01    0.14449E+00   -0.19553E+01   -0.91491E+00   -0.61237E-04   -0.35186E-02    0.62352E+00   -0.10002E+02    0.82630E+00
   -0.30513E-04    0.44116E-03   -0.89558E-04   -0.32652E-03    0.13363E-02   -0.97028E-02   -0.85152E-02   -0.21113E-02    0.64492E-02    0.84349E+02   -0.37332E+02   -0.33770E+02    0.31599E+02    0.19263E+02   -0.11447E+01   -0.46580E-01    0.18724E+00    0.48865E-01   -0.13510E-04   -0.15614E-03    0.97454E-01   -0.69732E+00   -0.40324E+00
   -0.15529E-03    0.19482E-02   -0.23971E-03   -0.17020E-02    0.39653E-02   -0.19549E-01   -0.18356E-01   -0.66314E-03    0.21352E-01    0.12677E+03    0.24990E+01   -0.13836E+03    0.19263E+02    0.71903E+02    0.58643E+00   -0.22563E-01    0.92721E+00    0.56640E+00    0.40064E-04    0.17809E-02   -0.33535E+00   -0.10392E+01   -0.16673E+00
    0.23606E-04    0.10603E-04    0.16517E-04   -0.27043E-03    0.14996E-03   -0.12106E-02   -0.12100E-02   -0.12874E-02    0.47734E-02   -0.64557E+02   -0.87161E+01   -0.10391E+01   -0.11447E+01    0.58643E+00    0.78974E+01    0.30017E-01    0.28650E+00   -0.37488E-01    0.72970E-05   -0.12445E-03   -0.67161E-01    0.18243E-01    0.16204E+00
   -0.75050E-06    0.27850E-05   -0.78632E-06    0.65116E-05   -0.74197E-05    0.70565E-04    0.75717E-04    0.51648E-04   -0.16869E-03   -0.97871E+00   -0.86041E-01    0.14449E+00   -0.46580E-01   -0.22563E-01    0.30017E-01    0.74286E-02   -0.70499E-02    0.52132E-02    0.15791E-06   -0.85824E-05    0.40052E-02   -0.93862E-02    0.52309E-02
   -0.10028E-05    0.27550E-04   -0.26790E-05   -0.34783E-04    0.74808E-04   -0.42377E-03   -0.41126E-03   -0.11209E-03    0.73324E-03    0.30569E+00    0.13583E+00   -0.19553E+01    0.18724E+00    0.92721E+00    0.28650E+00   -0.70499E-02    0.48080E-01   -0.56098E-02    0.19642E-06    0.37582E-04   -0.76953E-04   -0.21386E-01   -0.63029E-02
   -0.16954E-05    0.13833E-04   -0.22104E-05    0.21844E-05    0.17506E-04   -0.23976E-05    0.88930E-06    0.75486E-04   -0.55956E-04    0.58018E+00    0.62872E-01   -0.91491E+00    0.48865E-01    0.56640E+00   -0.37488E-01    0.52132E-02   -0.56098E-02    0.16171E-01    0.55125E-06   -0.57710E-06   -0.19215E-02    0.15626E-02    0.98906E-02
    0.21115E-08   -0.18583E-07    0.41637E-08    0.41411E-07   -0.24705E-07   -0.41330E-07   -0.17082E-07    0.10585E-06   -0.68888E-06    0.69369E-03    0.18419E-04   -0.61237E-04   -0.13510E-04    0.40064E-04    0.72970E-05    0.15791E-06    0.19642E-06    0.55125E-06    0.15842E-06    0.47333E-08   -0.97800E-06    0.93840E-06   -0.16501E-04
   -0.31733E-08    0.10738E-06   -0.61445E-08   -0.17230E-06    0.20379E-06   -0.26313E-06   -0.61533E-06    0.59891E-06    0.21877E-05    0.31987E-03    0.12952E-02   -0.35186E-02   -0.15614E-03    0.17809E-02   -0.12445E-03   -0.85824E-05    0.37582E-04   -0.57710E-06    0.47333E-08    0.18819E-05   -0.18870E-05   -0.51139E-04    0.10306E-03
   -0.44691E-06   -0.11519E-05    0.38362E-05    0.23898E-04    0.16724E-05    0.11417E-03    0.13759E-03    0.39132E-04   -0.71403E-04    0.37383E-01    0.13387E+01    0.62352E+00    0.97454E-01   -0.33535E+00   -0.67161E-01    0.40052E-02   -0.76953E-04   -0.19215E-02   -0.97800E-06   -0.18870E-05    0.81898E-01    0.32595E-02    0.54897E-03
   -0.17395E-04    0.28690E-03   -0.29938E-05   -0.32323E-03    0.65961E-03   -0.41129E-02   -0.45748E-02   -0.41024E-03    0.10327E-01   -0.16336E+02   -0.11991E+02   -0.10002E+02   -0.69732E+00   -0.10392E+01    0.18243E-01   -0.93862E-02   -0.21386E-01    0.15626E-02    0.93840E-06   -0.51139E-04    0.32595E-02    0.80792E+01    0.13585E-01
   -0.58119E-05    0.22691E-03   -0.17515E-04    0.35667E-04    0.22784E-03   -0.40200E-03   -0.75287E-03    0.14047E-02    0.78632E-03    0.17187E+02    0.58832E+00    0.82630E+00   -0.40324E+00   -0.16673E+00    0.16204E+00    0.52309E-02   -0.63029E-02    0.98906E-02   -0.16501E-04    0.10306E-03    0.54897E-03    0.13585E-01    0.32058E+00
