# omegabh2 omegach2 theta tau ns nrun logA r aps100 aps143 aps217 acib143 acib217 asz143 psr cibr cal0 cal2 xi aksz bm_1_1
1.321300E-07 -3.205900E-07 8.256400E-08 1.142900E-05 1.424600E-06 -3.350900E-06 2.286600E-05 3.703300E-06 -9.214900E-04 -2.367600E-04 -1.057900E-04 -2.005100E-04 -1.899700E-04 1.640520E-05 -8.336600E-08 -1.355700E-06 -5.525700E-10 -8.941400E-10 -8.465600E-08 -5.949991E-05 1.345900E-06
-3.205900E-07 3.653300E-06 -2.931800E-07 -4.032700E-05 -1.038300E-05 6.469900E-06 -7.266400E-05 -1.231800E-05 2.003400E-03 3.314900E-04 2.039200E-04 5.827600E-04 8.240600E-04 3.170012E-04 1.410500E-07 2.392100E-05 -1.203000E-09 -1.343400E-08 -6.151100E-06 2.084533E-04 8.514200E-05
8.256400E-08 -2.931800E-07 3.530600E-07 6.809900E-06 1.502900E-06 -1.580300E-06 1.350500E-05 1.751600E-06 3.862500E-05 -1.360100E-04 -1.707700E-04 -1.848800E-05 1.524400E-06 6.692338E-06 7.350600E-08 4.926400E-07 -1.015800E-09 2.618200E-09 1.419000E-06 -3.206816E-05 4.259700E-06
1.142900E-05 -4.032700E-05 6.809900E-06 2.167200E-03 2.107300E-04 -4.300800E-04 4.304800E-03 -4.479200E-05 -3.862100E-02 3.226300E-02 5.221500E-02 -2.710100E-02 -4.501500E-02 -1.418657E-02 1.009000E-05 -1.068900E-03 7.366600E-08 -8.361100E-07 2.848700E-04 -1.181380E-02 -8.547800E-04
1.424600E-06 -1.038300E-05 1.502900E-06 2.107300E-04 5.722200E-05 -2.488700E-05 3.974900E-04 3.841000E-05 -2.697200E-02 8.487200E-03 1.973200E-02 -9.839100E-03 -1.627500E-02 -4.972013E-03 3.224100E-06 -4.105700E-04 -5.020900E-08 2.753400E-08 6.593700E-05 -5.201460E-03 -7.277100E-04
-3.350900E-06 6.469900E-06 -1.580300E-06 -4.300800E-04 -2.488700E-05 1.887600E-04 -8.802500E-04 -3.489600E-04 -2.603100E-03 -4.769700E-03 5.880700E-03 -1.885500E-03 -7.347200E-03 -2.632620E-03 -8.654600E-08 -2.123300E-04 2.671500E-09 -2.042200E-07 4.734900E-05 -2.507446E-03 -1.061100E-03
2.286600E-05 -7.266400E-05 1.350500E-05 4.304800E-03 3.974900E-04 -8.802500E-04 8.581500E-03 -5.902000E-05 -6.004000E-02 7.577700E-02 1.142500E-01 -5.508600E-02 -9.117000E-02 -2.953760E-02 2.284500E-05 -2.180800E-03 1.970000E-07 -1.419800E-06 5.639100E-04 -2.399867E-02 -9.129400E-04
3.703300E-06 -1.231800E-05 1.751600E-06 -4.479200E-05 3.841000E-05 -3.489600E-04 -5.902000E-05 5.252900E-03 -1.075000E-02 2.222500E-03 -2.224800E-02 1.795700E-02 3.514900E-02 1.009222E-02 -1.146800E-05 7.025800E-04 -1.205600E-07 1.521700E-06 -1.497600E-04 8.946380E-03 2.923500E-03
-9.214900E-04 2.003400E-03 3.862500E-05 -3.862100E-02 -2.697200E-02 -2.603100E-03 -6.004000E-02 -1.075000E-02 2.771500E+03 2.172900E+02 1.079800E+02 8.747200E+01 -2.102700E+01 -1.292618E+02 5.195100E-02 -4.510500E+00 6.809500E-04 5.882400E-03 1.728800E+00 -1.114569E+01 1.241900E+01
-2.367600E-04 3.314900E-04 -1.360100E-04 3.226300E-02 8.487200E-03 -4.769700E-03 7.577700E-02 2.222500E-03 2.172900E+02 1.762500E+02 1.373100E+02 -3.644800E+01 -5.140400E+01 -2.665281E+01 2.847700E-02 -1.563800E+00 4.739700E-05 1.604400E-04 3.450300E-01 -1.178582E+01 2.696100E-01
-1.057900E-04 2.039200E-04 -1.707700E-04 5.221500E-02 1.973200E-02 5.880700E-03 1.142500E-01 -2.224800E-02 1.079800E+02 1.373100E+02 2.322600E+02 -3.783800E+01 -9.553200E+01 -2.245104E+01 3.792800E-02 -2.217400E+00 8.521000E-05 -4.669300E-03 3.587500E-01 -1.307390E+01 3.026500E-02
-2.005100E-04 5.827600E-04 -1.848800E-05 -2.710100E-02 -9.839100E-03 -1.885500E-03 -5.508600E-02 1.795700E-02 8.747200E+01 -3.644800E+01 -3.783800E+01 3.024300E+01 2.176600E+01 -2.231962E+00 -4.942100E-03 2.121000E-01 -6.573000E-05 1.267500E-05 1.596800E-01 -1.424287E-01 -5.773500E-01
-1.899700E-04 8.240600E-04 1.524400E-06 -4.501500E-02 -1.627500E-02 -7.347200E-03 -9.117000E-02 3.514900E-02 -2.102700E+01 -5.140400E+01 -9.553200E+01 2.176600E+01 5.139100E+01 1.234011E+01 -1.576700E-02 1.193200E+00 -2.328800E-05 2.535000E-03 -1.803400E-01 -2.416117E-01 2.021000E-01
1.640520E-05 3.170012E-04 6.692338E-06 -1.418657E-02 -4.972013E-03 -2.632620E-03 -2.953760E-02 1.009222E-02 -1.292618E+02 -2.665281E+01 -2.245104E+01 -2.231962E+00 1.234011E+01 1.598175E+01 -7.298553E-03 7.126376E-01 3.892338E-05 -7.023262E-04 -2.050386E-01 -3.751056E-01 5.386388E-01
-8.336600E-08 1.410500E-07 7.350600E-08 1.009000E-05 3.224100E-06 -8.654600E-08 2.284500E-05 -1.146800E-05 5.195100E-02 2.847700E-02 3.792800E-02 -4.942100E-03 -1.576700E-02 -7.298553E-03 1.671500E-04 -5.322900E-04 1.020900E-07 -1.950200E-07 1.750100E-04 -2.323553E-03 -1.507500E-04
-1.355700E-06 2.392100E-05 4.926400E-07 -1.068900E-03 -4.105700E-04 -2.123300E-04 -2.180800E-03 7.025800E-04 -4.510500E+00 -1.563800E+00 -2.217400E+00 2.121000E-01 1.193200E+00 7.126376E-01 -5.322900E-04 4.903000E-02 9.939900E-07 2.184000E-05 -7.416200E-03 -1.105354E-02 2.476000E-02
-5.525700E-10 -1.203000E-09 -1.015800E-09 7.366600E-08 -5.020900E-08 2.671500E-09 1.970000E-07 -1.205600E-07 6.809500E-04 4.739700E-05 8.521000E-05 -6.573000E-05 -2.328800E-05 3.892338E-05 1.020900E-07 9.939900E-07 1.556700E-07 2.311600E-09 -8.716100E-07 -2.507035E-05 -2.873900E-05
-8.941400E-10 -1.343400E-08 2.618200E-09 -8.361100E-07 2.753400E-08 -2.042200E-07 -1.419800E-06 1.521700E-06 5.882400E-03 1.604400E-04 -4.669300E-03 1.267500E-05 2.535000E-03 -7.023262E-04 -1.950200E-07 2.184000E-05 2.311600E-09 9.748900E-07 4.321400E-07 4.944133E-05 1.333900E-05
-8.465600E-08 -6.151100E-06 1.419000E-06 2.848700E-04 6.593700E-05 4.734900E-05 5.639100E-04 -1.497600E-04 1.728800E+00 3.450300E-01 3.587500E-01 1.596800E-01 -1.803400E-01 -2.050386E-01 1.750100E-04 -7.416200E-03 -8.716100E-07 4.321400E-07 1.742000E-02 1.074911E-02 -8.604100E-03
-5.949991E-05 2.084533E-04 -3.206816E-05 -1.181380E-02 -5.201460E-03 -2.507446E-03 -2.399867E-02 8.946380E-03 -1.114569E+01 -1.178582E+01 -1.307390E+01 -1.424287E-01 -2.416117E-01 -3.751056E-01 -2.323553E-03 -1.105354E-02 -2.507035E-05 4.944133E-05 1.074911E-02 8.622188E+00 -4.401093E-03
1.345900E-06 8.514200E-05 4.259700E-06 -8.547800E-04 -7.277100E-04 -1.061100E-03 -9.129400E-04 2.923500E-03 1.241900E+01 2.696100E-01 3.026500E-02 -5.773500E-01 2.021000E-01 5.386388E-01 -1.507500E-04 2.476000E-02 -2.873900E-05 1.333900E-05 -8.604100E-03 -4.401093E-03 6.318000E-01
