# omegabh2 omegach2 theta tau logA ns acib217 acibsz143 asz143 aps100 aps143 aps143217 aps217 aksz kgal100 t1gal143 t1gal143217 t1gal217 galfEE100 galfEE100143 galfEE100217 galfEE143 galfEE143217 galfEE217 galfTE100 galfTE100143 galfTE100217 galfTE143 galfTE143217 galfTE217 calib_100T calib_217T
    0.2594418E-07   -0.1111214E-06    0.1709757E-07    0.6780525E-06    0.1234254E-05    0.2983301E-06   -0.1168123E-03   -0.6808066E-04   -0.1892540E-04   -0.6548667E-04   -0.1485176E-05    0.1062582E-03    0.8959323E-04   -0.4191999E-04    0.1392502E-03   -0.1860272E-03   -0.2121013E-03   -0.2260124E-03    0.1224576E-06    0.1000970E-06    0.1341047E-06    0.1320870E-06    0.1876149E-06    0.2794923E-06   -0.1731463E-05   -0.2156283E-05   -0.2887670E-05   -0.3170814E-05   -0.4972367E-05   -0.8252350E-05   -0.3152714E-07    0.3299467E-08
   -0.1111214E-06    0.1462142E-05   -0.1095499E-06   -0.8281406E-05   -0.1300092E-04   -0.3929654E-05    0.6490938E-03    0.3170172E-03    0.9363825E-04    0.8150190E-03    0.4021241E-03   -0.2414287E-03   -0.2928375E-03    0.1522597E-03    0.3037349E-03   -0.9504480E-04    0.3035963E-03    0.5337152E-03   -0.1474246E-05   -0.1486145E-05   -0.1606542E-05   -0.1832373E-05   -0.1726420E-05   -0.1688659E-05    0.1245770E-04    0.1208190E-04    0.1568928E-04    0.1647052E-04    0.2544801E-04    0.4314252E-04   -0.1025118E-06   -0.7065431E-07
    0.1709757E-07   -0.1095499E-06    0.8654818E-07    0.8897047E-06    0.1643726E-05    0.3839290E-06   -0.7023030E-04   -0.3781999E-04   -0.2095169E-04   -0.8576395E-05    0.3278283E-04    0.5788673E-04    0.4537360E-04   -0.1032988E-04    0.6025556E-04   -0.7420925E-04   -0.8051152E-04   -0.7139721E-04    0.5866000E-07    0.5823831E-07    0.6317918E-07    0.1052932E-06    0.8355617E-07    0.7007208E-07   -0.8496701E-06   -0.9848059E-06   -0.1365612E-05   -0.2074672E-05   -0.2984309E-05   -0.6063816E-05   -0.9494658E-08   -0.1498413E-08
    0.6780525E-06   -0.8281406E-05    0.8897047E-06    0.1268393E-03    0.2328682E-03    0.2822723E-04   -0.9320726E-02   -0.3619132E-02   -0.9511847E-03   -0.1110949E-01   -0.3027870E-03    0.6927909E-02    0.9997669E-02   -0.2243118E-02   -0.6004915E-02   -0.1841532E-02   -0.5532514E-02   -0.7215577E-02    0.9866939E-05    0.9076842E-05    0.1113257E-04    0.9772565E-05    0.1138301E-04    0.1166120E-04   -0.6586823E-04   -0.7442013E-04   -0.9613330E-04   -0.1093805E-03   -0.1841568E-03   -0.3016914E-03    0.1241943E-05    0.8207174E-06
    0.1234254E-05   -0.1300092E-04    0.1643726E-05    0.2328682E-03    0.4395084E-03    0.4612634E-04   -0.1874810E-01   -0.7681854E-02   -0.2288004E-02   -0.1011122E-01    0.7373709E-02    0.2059758E-01    0.2537175E-01   -0.5044280E-02   -0.1784865E-01   -0.2013126E-01   -0.2598616E-01   -0.2831027E-01    0.1436621E-04    0.1220220E-04    0.1604034E-04    0.1242795E-04    0.1593797E-04    0.1864690E-04   -0.1108794E-03   -0.1261251E-03   -0.1594409E-03   -0.1848179E-03   -0.3143489E-03   -0.5134666E-03    0.1156797E-05    0.1364288E-05
    0.2983301E-06   -0.3929654E-05    0.3839290E-06    0.2822723E-04    0.4612634E-04    0.2232191E-04   -0.9511531E-02   -0.4647552E-02   -0.1992678E-02   -0.3321542E-02    0.6515678E-02    0.1239694E-01    0.1255854E-01   -0.2715970E-02   -0.2653005E-02   -0.4096338E-02   -0.6337142E-02   -0.6313358E-02    0.7332366E-05    0.8203472E-05    0.8334487E-05    0.9818052E-05    0.1027406E-04    0.9847961E-05   -0.2790240E-04   -0.2247636E-04   -0.2190778E-04   -0.4096779E-04   -0.5514361E-04   -0.8545210E-04    0.4404187E-06    0.3865852E-06
   -0.1168123E-03    0.6490938E-03   -0.7023030E-04   -0.9320726E-02   -0.1874810E-01   -0.9511531E-02    0.6430423E+02    0.2375880E+02    0.1249810E+01    0.1183911E+02   -0.2157684E+02   -0.6438167E+02   -0.8093858E+02   -0.3625901E+01   -0.4650006E+01   -0.1195392E+02   -0.1701471E+02   -0.2256484E+02   -0.3270114E-02   -0.1972922E-02   -0.2027832E-02   -0.3302286E-02   -0.4094254E-02   -0.5331904E-02    0.1674996E-02   -0.5519198E-02   -0.1451613E-01   -0.5926797E-02   -0.5351224E-02   -0.2244257E-01    0.1650577E-03   -0.2911369E-02
   -0.6808066E-04    0.3170172E-03   -0.3781999E-04   -0.3619132E-02   -0.7681854E-02   -0.4647552E-02    0.2375880E+02    0.1771458E+02    0.2552920E+01   -0.1558411E+02   -0.2369039E+02   -0.4347338E+02   -0.2567940E+02   -0.1731667E+01   -0.3506221E+01   -0.7485841E+01   -0.1401294E+02   -0.1536848E+02   -0.1372276E-02   -0.8369731E-03   -0.7080077E-03   -0.1427380E-02   -0.1727046E-02   -0.3362269E-02   -0.1027263E-02   -0.1524487E-02   -0.3609601E-02    0.8220279E-02    0.1406602E-01    0.1414785E-01   -0.3180747E-04   -0.8406169E-04
   -0.1892540E-04    0.9363825E-04   -0.2095169E-04   -0.9511847E-03   -0.2288004E-02   -0.1992678E-02    0.1249810E+01    0.2552920E+01    0.5970801E+01   -0.3921460E+02   -0.1719632E+02   -0.5308622E+01   -0.9325302E+00   -0.2695586E+00   -0.3086022E+01   -0.1710660E+01    0.2072683E+01    0.2528386E+01   -0.2328728E-04   -0.5087028E-03   -0.2547368E-03   -0.5026171E-03   -0.3689431E-03    0.4037850E-04   -0.5806866E-02   -0.6055906E-02   -0.1358657E-01   -0.8897065E-03   -0.9987784E-02   -0.2002232E-01   -0.2481714E-03    0.1867026E-03
   -0.6548667E-04    0.8150190E-03   -0.8576395E-05   -0.1110949E-01   -0.1011122E-01   -0.3321542E-02    0.1183911E+02   -0.1558411E+02   -0.3921460E+02    0.7318986E+03    0.1695489E+03    0.6577151E+02    0.1112749E+02   -0.1263618E+02   -0.4389017E+02   -0.3191052E+01   -0.1109114E+02   -0.8943712E+01   -0.8501447E-02   -0.5031083E-02   -0.8544191E-02   -0.6901165E-02   -0.7525420E-02   -0.1267188E-01    0.4444765E-01    0.8450816E-01    0.8179888E-01    0.1305058E+00    0.1954913E+00    0.2811605E+00   -0.4793497E-03   -0.3578004E-02
   -0.1485176E-05    0.4021241E-03    0.3278283E-04   -0.3027870E-03    0.7373709E-02    0.6515678E-02   -0.2157684E+02   -0.2369039E+02   -0.1719632E+02    0.1695489E+03    0.1156927E+03    0.8965230E+02    0.4885065E+02   -0.1045068E+02    0.4856310E+00   -0.5052388E+01    0.5585809E+00    0.4105901E+01   -0.2041378E-02   -0.5345557E-03   -0.3778018E-03   -0.1217116E-03   -0.2433952E-03    0.2519419E-02    0.1516060E-01    0.3718872E-01    0.6423625E-01    0.1939535E-01    0.3794603E-01    0.9003101E-01    0.1315138E-03   -0.1094326E-02
    0.1062582E-03   -0.2414287E-03    0.5788673E-04    0.6927909E-02    0.2059758E-01    0.1239694E-01   -0.6438167E+02   -0.4347338E+02   -0.5308622E+01    0.6577151E+02    0.8965230E+02    0.1435668E+03    0.1039683E+03   -0.7394079E+01   -0.1657985E+00    0.3540334E+01    0.1446582E+02    0.1559044E+02    0.1162811E-02    0.5776124E-03    0.1174692E-02    0.2386237E-02    0.3043945E-02    0.9772811E-02    0.3337047E-02    0.2425636E-01    0.5153738E-01    0.3492829E-02    0.1231413E-02    0.2952907E-01   -0.4501059E-03    0.1492320E-02
    0.8959323E-04   -0.2928375E-03    0.4537360E-04    0.9997669E-02    0.2537175E-01    0.1255854E-01   -0.8093858E+02   -0.2567940E+02   -0.9325302E+00    0.1112749E+02    0.4885065E+02    0.1039683E+03    0.1400119E+03   -0.7137374E+01   -0.1767695E+01    0.8070486E+00   -0.3684240E+01   -0.3805043E+01    0.2152001E-02    0.9225598E-03    0.1676535E-02    0.3116848E-02    0.3964565E-02    0.6150046E-02    0.2755891E-02    0.2454255E-01    0.5050410E-01    0.3010898E-01    0.3838582E-01    0.7985573E-01   -0.6972945E-03    0.5383265E-02
   -0.4191999E-04    0.1522597E-03   -0.1032988E-04   -0.2243118E-02   -0.5044280E-02   -0.2715970E-02   -0.3625901E+01   -0.1731667E+01   -0.2695586E+00   -0.1263618E+02   -0.1045068E+02   -0.7394079E+01   -0.7137374E+01    0.8050202E+01   -0.2224780E+01   -0.3157229E+01   -0.3669297E+01   -0.4013238E+01   -0.1323070E-03   -0.4220282E-03   -0.8121930E-03   -0.1036195E-02   -0.1496046E-02   -0.1523970E-02    0.2489052E-02    0.4063061E-02   -0.1906937E-02    0.1310340E-01    0.1737694E-01    0.1877933E-01   -0.4064101E-05    0.2147793E-03
    0.1392502E-03    0.3037349E-03    0.6025556E-04   -0.6004915E-02   -0.1784865E-01   -0.2653005E-02   -0.4650006E+01   -0.3506221E+01   -0.3086022E+01   -0.4389017E+02    0.4856310E+00   -0.1657985E+00   -0.1767695E+01   -0.2224780E+01    0.1503409E+03    0.5594580E+02    0.5272720E+02    0.5061670E+02    0.2075461E-02   -0.2855078E-04    0.2893721E-02    0.2626282E-02    0.4629130E-02    0.6634198E-02   -0.1177514E-02   -0.5991895E-01   -0.3240703E-01   -0.4368636E-01   -0.5120458E-01   -0.7078255E-01   -0.1231070E-01    0.1874600E-03
   -0.1860272E-03   -0.9504480E-04   -0.7420925E-04   -0.1841532E-02   -0.2013126E-01   -0.4096338E-02   -0.1195392E+02   -0.7485841E+01   -0.1710660E+01   -0.3191052E+01   -0.5052388E+01    0.3540334E+01    0.8070486E+00   -0.3157229E+01    0.5594580E+02    0.1078754E+03    0.1072419E+03    0.1047918E+03    0.2698926E-02    0.2557936E-02    0.3696998E-02    0.4224135E-02    0.6443698E-02    0.2607606E-02    0.2846400E-01   -0.2176688E-01   -0.1812021E-01   -0.6126569E-01   -0.7778054E-01   -0.1080754E+00    0.3549831E-02    0.6381365E-03
   -0.2121013E-03    0.3035963E-03   -0.8051152E-04   -0.5532514E-02   -0.2598616E-01   -0.6337142E-02   -0.1701471E+02   -0.1401294E+02    0.2072683E+01   -0.1109114E+02    0.5585809E+00    0.1446582E+02   -0.3684240E+01   -0.3669297E+01    0.5272720E+02    0.1072419E+03    0.1431201E+03    0.1642674E+03    0.2796920E-02    0.1431462E-02    0.1887207E-02    0.3967365E-02    0.4997769E-02    0.1064408E-02    0.2346196E-01   -0.1964533E-01   -0.3035180E-01   -0.5722803E-01   -0.7929344E-01   -0.8717834E-01    0.3086467E-02   -0.4152047E-02
   -0.2260124E-03    0.5337152E-03   -0.7139721E-04   -0.7215577E-02   -0.2831027E-01   -0.6313358E-02   -0.2256484E+02   -0.1536848E+02    0.2528386E+01   -0.8943712E+01    0.4105901E+01    0.1559044E+02   -0.3805043E+01   -0.4013238E+01    0.5061670E+02    0.1047918E+03    0.1642674E+03    0.2093005E+03    0.3116377E-02    0.1424562E-02    0.1015228E-02    0.4225501E-02    0.4133997E-02    0.9454206E-03    0.1902263E-01   -0.1100180E-01   -0.1498824E-01   -0.3984532E-01   -0.4721225E-01   -0.1704287E-01    0.2898269E-02   -0.8389458E-02
    0.1224576E-06   -0.1474246E-05    0.5866000E-07    0.9866939E-05    0.1436621E-04    0.7332366E-05   -0.3270114E-02   -0.1372276E-02   -0.2328728E-04   -0.8501447E-02   -0.2041378E-02    0.1162811E-02    0.2152001E-02   -0.1323070E-03    0.2075461E-02    0.2698926E-02    0.2796920E-02    0.3116377E-02    0.6935693E-04    0.2436675E-04    0.2885825E-04    0.1207253E-04    0.1398026E-04    0.1324157E-04   -0.7227611E-04   -0.5802058E-04   -0.5044796E-04   -0.4317189E-04   -0.3429844E-04   -0.4829495E-04    0.2123793E-06    0.5010264E-07
    0.1000970E-06   -0.1486145E-05    0.5823831E-07    0.9076842E-05    0.1220220E-04    0.8203472E-05   -0.1972922E-02   -0.8369731E-03   -0.5087028E-03   -0.5031083E-02   -0.5345557E-03    0.5776124E-03    0.9225598E-03   -0.4220282E-03   -0.2855078E-04    0.2557936E-02    0.1431462E-02    0.1424562E-02    0.2436675E-04    0.4177027E-04    0.3724383E-04    0.3029267E-04    0.2980645E-04    0.2350616E-04   -0.4359920E-04   -0.7117699E-04   -0.6386738E-04   -0.8110544E-04   -0.8235416E-04   -0.1111340E-03    0.5939279E-06    0.4923730E-07
    0.1341047E-06   -0.1606542E-05    0.6317918E-07    0.1113257E-04    0.1604034E-04    0.8334487E-05   -0.2027832E-02   -0.7080077E-03   -0.2547368E-03   -0.8544191E-02   -0.3778018E-03    0.1174692E-02    0.1676535E-02   -0.8121930E-03    0.2893721E-02    0.3696998E-02    0.1887207E-02    0.1015228E-02    0.2885825E-04    0.3724383E-04    0.1175200E-03    0.2468395E-04    0.5845326E-04    0.1016897E-03   -0.4373442E-04   -0.7796089E-04   -0.8993415E-04   -0.8365277E-04   -0.1966836E-03   -0.4660683E-03    0.4051749E-06    0.2532516E-06
    0.1320870E-06   -0.1832373E-05    0.1052932E-06    0.9772565E-05    0.1242795E-04    0.9818052E-05   -0.3302286E-02   -0.1427380E-02   -0.5026171E-03   -0.6901165E-02   -0.1217116E-03    0.2386237E-02    0.3116848E-02   -0.1036195E-02    0.2626282E-02    0.4224135E-02    0.3967365E-02    0.4225501E-02    0.1207253E-04    0.3029267E-04    0.2468395E-04    0.8533221E-04    0.5451165E-04    0.3610082E-04   -0.3400795E-04   -0.7014228E-04   -0.5881221E-04   -0.1428520E-03   -0.1356837E-03   -0.1673747E-03    0.5150481E-06    0.5745355E-07
    0.1876149E-06   -0.1726420E-05    0.8355617E-07    0.1138301E-04    0.1593797E-04    0.1027406E-04   -0.4094254E-02   -0.1727046E-02   -0.3689431E-03   -0.7525420E-02   -0.2433952E-03    0.3043945E-02    0.3964565E-02   -0.1496046E-02    0.4629130E-02    0.6443698E-02    0.4997769E-02    0.4133997E-02    0.1398026E-04    0.2980645E-04    0.5845326E-04    0.5451165E-04    0.1249142E-03    0.1503157E-03   -0.8434415E-05   -0.5959277E-04   -0.7471525E-04   -0.1480599E-03   -0.2165262E-03   -0.4324859E-03    0.4167820E-06    0.3640718E-06
    0.2794923E-06   -0.1688659E-05    0.7007208E-07    0.1166120E-04    0.1864690E-04    0.9847961E-05   -0.5331904E-02   -0.3362269E-02    0.4037850E-04   -0.1267188E-01    0.2519419E-02    0.9772811E-02    0.6150046E-02   -0.1523970E-02    0.6634198E-02    0.2607606E-02    0.1064408E-02    0.9454206E-03    0.1324157E-04    0.2350616E-04    0.1016897E-03    0.3610082E-04    0.1503157E-03    0.6253709E-03   -0.6408721E-04   -0.8064854E-04   -0.9640398E-04   -0.1705468E-03   -0.3174714E-03   -0.6721826E-03   -0.2817376E-07    0.2520477E-06
   -0.1731463E-05    0.1245770E-04   -0.8496701E-06   -0.6586823E-04   -0.1108794E-03   -0.2790240E-04    0.1674996E-02   -0.1027263E-02   -0.5806866E-02    0.4444765E-01    0.1516060E-01    0.3337047E-02    0.2755891E-02    0.2489052E-02   -0.1177514E-02    0.2846400E-01    0.2346196E-01    0.1902263E-01   -0.7227611E-04   -0.4359920E-04   -0.4373442E-04   -0.3400795E-04   -0.8434415E-05   -0.6408721E-04    0.1188630E-01    0.7471878E-02    0.8396533E-02    0.1316420E-02    0.1513792E-02    0.2394099E-02    0.4459347E-05    0.9359765E-06
   -0.2156283E-05    0.1208190E-04   -0.9848059E-06   -0.7442013E-04   -0.1261251E-03   -0.2247636E-04   -0.5519198E-02   -0.1524487E-02   -0.6055906E-02    0.8450816E-01    0.3718872E-01    0.2425636E-01    0.2454255E-01    0.4063061E-02   -0.5991895E-01   -0.2176688E-01   -0.1964533E-01   -0.1100180E-01   -0.5802058E-04   -0.7117699E-04   -0.7796089E-04   -0.7014228E-04   -0.5959277E-04   -0.8064854E-04    0.7471878E-02    0.1085358E-01    0.1207807E-01    0.7012735E-02    0.6836524E-02    0.6487527E-02    0.6918080E-05   -0.6579536E-06
   -0.2887670E-05    0.1568928E-04   -0.1365612E-05   -0.9613330E-04   -0.1594409E-03   -0.2190778E-04   -0.1451613E-01   -0.3609601E-02   -0.1358657E-01    0.8179888E-01    0.6423625E-01    0.5153738E-01    0.5050410E-01   -0.1906937E-02   -0.3240703E-01   -0.1812021E-01   -0.3035180E-01   -0.1498824E-01   -0.5044796E-04   -0.6386738E-04   -0.8993415E-04   -0.5881221E-04   -0.7471525E-04   -0.9640398E-04    0.8396533E-02    0.1207807E-01    0.2413169E-01    0.3903329E-02    0.1105147E-01    0.2260179E-01    0.4568750E-05   -0.1340349E-05
   -0.3170814E-05    0.1647052E-04   -0.2074672E-05   -0.1093805E-03   -0.1848179E-03   -0.4096779E-04   -0.5926797E-02    0.8220279E-02   -0.8897065E-03    0.1305058E+00    0.1939535E-01    0.3492829E-02    0.3010898E-01    0.1310340E-01   -0.4368636E-01   -0.6126569E-01   -0.5722803E-01   -0.3984532E-01   -0.4317189E-04   -0.8110544E-04   -0.8365277E-04   -0.1428520E-03   -0.1480599E-03   -0.1705468E-03    0.1316420E-02    0.7012735E-02    0.3903329E-02    0.1896664E-01    0.1726217E-01    0.1220903E-01   -0.3283842E-05   -0.1686059E-05
   -0.4972367E-05    0.2544801E-04   -0.2984309E-05   -0.1841568E-03   -0.3143489E-03   -0.5514361E-04   -0.5351224E-02    0.1406602E-01   -0.9987784E-02    0.1954913E+00    0.3794603E-01    0.1231413E-02    0.3838582E-01    0.1737694E-01   -0.5120458E-01   -0.7778054E-01   -0.7929344E-01   -0.4721225E-01   -0.3429844E-04   -0.8235416E-04   -0.1966836E-03   -0.1356837E-03   -0.2165262E-03   -0.3174714E-03    0.1513792E-02    0.6836524E-02    0.1105147E-01    0.1726217E-01    0.2767417E-01    0.4075908E-01   -0.4472877E-05   -0.4129962E-05
   -0.8252350E-05    0.4314252E-04   -0.6063816E-05   -0.3016914E-03   -0.5134666E-03   -0.8545210E-04   -0.2244257E-01    0.1414785E-01   -0.2002232E-01    0.2811605E+00    0.9003101E-01    0.2952907E-01    0.7985573E-01    0.1877933E-01   -0.7078255E-01   -0.1080754E+00   -0.8717834E-01   -0.1704287E-01   -0.4829495E-04   -0.1111340E-03   -0.4660683E-03   -0.1673747E-03   -0.4324859E-03   -0.6721826E-03    0.2394099E-02    0.6487527E-02    0.2260179E-01    0.1220903E-01    0.4075908E-01    0.1060102E+00   -0.6493948E-05   -0.9351146E-05
   -0.3152714E-07   -0.1025118E-06   -0.9494658E-08    0.1241943E-05    0.1156797E-05    0.4404187E-06    0.1650577E-03   -0.3180747E-04   -0.2481714E-03   -0.4793497E-03    0.1315138E-03   -0.4501059E-03   -0.6972945E-03   -0.4064101E-05   -0.1231070E-01    0.3549831E-02    0.3086467E-02    0.2898269E-02    0.2123793E-06    0.5939279E-06    0.4051749E-06    0.5150481E-06    0.4167820E-06   -0.2817376E-07    0.4459347E-05    0.6918080E-05    0.4568750E-05   -0.3283842E-05   -0.4472877E-05   -0.6493948E-05    0.2243493E-05    0.2368694E-07
    0.3299467E-08   -0.7065431E-07   -0.1498413E-08    0.8207174E-06    0.1364288E-05    0.3865852E-06   -0.2911369E-02   -0.8406169E-04    0.1867026E-03   -0.3578004E-02   -0.1094326E-02    0.1492320E-02    0.5383265E-02    0.2147793E-03    0.1874600E-03    0.6381365E-03   -0.4152047E-02   -0.8389458E-02    0.5010264E-07    0.4923730E-07    0.2532516E-06    0.5745355E-07    0.3640718E-06    0.2520477E-06    0.9359765E-06   -0.6579536E-06   -0.1340349E-05   -0.1686059E-05   -0.4129962E-05   -0.9351146E-05    0.2368694E-07    0.1256498E-05
