# omegabh2 omegach2 theta tau meffsterile nnu ns logA aps100 aps143 aps217 acib143 acib217 asz143 psr cibr ncib cal0 cal2 xi aksz bm_1_1 bm_1_2 bm_1_3 bm_1_4 bm_1_5 bm_2_1 bm_2_2 bm_2_3 bm_2_4 bm_2_5 bm_3_1 bm_3_2 bm_3_3 bm_3_4 bm_3_5 bm_4_1 bm_4_2 bm_4_3 bm_4_4 bm_4_5 a_ps_act_148 a_ps_act_217 a_ps_spt_95 a_ps_spt_150 a_ps_spt_220 r_ps_spt_95x150 r_ps_spt_95x220 r_ps_150x220 act_dust_s act_dust_e cal_acts_148 cal_acts_217 cal_acte_148 cal_acte_217 cal_spt_95 cal_spt_150 cal_spt_220
    0.82957E-07    0.34536E-06    0.42768E-08    0.93772E-06    0.64541E-05    0.34616E-04    0.17593E-05    0.27774E-05    0.36093E-03   -0.23046E-03   -0.24683E-03   -0.20491E-05    0.35460E-04   -0.37463E-06   -0.28261E-06   -0.28088E-06    0.60125E-06   -0.23065E-08   -0.17791E-07   -0.52998E-05   -0.24844E-04    0.44455E-05   -0.16826E-04    0.20428E-05    0.40474E-05   -0.49039E-05   -0.42006E-05    0.54493E-06    0.12338E-04    0.52026E-05    0.54597E-05    0.19155E-04    0.36224E-05    0.82763E-06    0.79298E-06   -0.31070E-05    0.78674E-05    0.36778E-05    0.13200E-04   -0.80133E-05    0.10998E-04   -0.50792E-05    0.33142E-04    0.11417E-04   -0.18821E-05    0.23274E-04   -0.86550E-06   -0.22884E-05   -0.15866E-06   -0.24221E-06   -0.20147E-06    0.10274E-06    0.25807E-06    0.33588E-07    0.18774E-06    0.16092E-06    0.16648E-06    0.18227E-06
    0.34536E-06    0.19046E-04   -0.16799E-05    0.15871E-05   -0.95323E-04    0.95261E-03    0.27000E-04    0.46070E-04    0.96105E-02    0.12762E-01    0.12046E-01   -0.19249E-03   -0.17209E-02   -0.51351E-03    0.12013E-04    0.77085E-05   -0.27267E-04    0.23152E-07    0.15156E-07    0.66398E-04    0.94289E-03    0.42128E-03   -0.79244E-04   -0.20164E-03    0.13858E-03   -0.53718E-04    0.56009E-04   -0.14437E-03   -0.39492E-04   -0.33253E-04   -0.20292E-04    0.12752E-03    0.11782E-03    0.77879E-04   -0.14281E-03   -0.23627E-03    0.14088E-03    0.17740E-04   -0.10039E-03    0.20333E-04   -0.56009E-04   -0.11805E-03   -0.86638E-03   -0.90882E-04   -0.35181E-03   -0.88667E-03   -0.14109E-04   -0.22963E-04   -0.40996E-06    0.31797E-04    0.36121E-04   -0.55646E-05   -0.72239E-05   -0.73291E-05   -0.72730E-05   -0.10828E-04   -0.12859E-04   -0.11281E-04
    0.42768E-08   -0.16799E-05    0.46978E-06    0.42442E-07    0.10660E-04   -0.89459E-04   -0.22965E-05   -0.33659E-05   -0.12097E-02   -0.11707E-02   -0.13901E-02    0.11903E-04    0.25656E-03    0.34597E-04   -0.67774E-06   -0.38151E-06    0.40148E-05    0.28711E-08    0.73203E-08   -0.70647E-05   -0.10077E-03   -0.46916E-04    0.17757E-04    0.37238E-04   -0.68981E-05   -0.48785E-05    0.17124E-04    0.41095E-05    0.11147E-04   -0.40791E-05   -0.30591E-05   -0.12312E-04   -0.21316E-04   -0.16250E-04    0.22447E-04    0.35397E-04    0.16740E-05    0.10359E-04   -0.47441E-05   -0.19123E-04   -0.13016E-05    0.14995E-04    0.16617E-04    0.27723E-04    0.26561E-04    0.11080E-03    0.30040E-06   -0.84961E-07   -0.25214E-06    0.34138E-07   -0.52807E-06    0.54586E-06    0.78520E-06    0.66291E-06    0.85074E-06    0.13200E-05    0.12467E-05    0.14363E-05
    0.93772E-06    0.15871E-05    0.42442E-07    0.18916E-03    0.20321E-03    0.50290E-03    0.40209E-04    0.37819E-03   -0.56546E-03   -0.59483E-02   -0.66963E-02   -0.19563E-03    0.11826E-02    0.26643E-03    0.89815E-05   -0.78794E-05    0.36354E-04    0.47651E-07   -0.64903E-06   -0.10050E-03   -0.10490E-02   -0.21581E-03   -0.16722E-03    0.26319E-03    0.66354E-04   -0.31957E-04   -0.30274E-03    0.16548E-04   -0.20316E-04    0.57255E-03    0.68330E-03   -0.51717E-05    0.23574E-03    0.20470E-03    0.12365E-03   -0.35555E-03   -0.16667E-03   -0.36971E-03    0.21125E-03    0.17187E-03    0.67535E-03    0.17538E-03   -0.36681E-03   -0.24938E-03    0.23403E-03    0.34396E-03    0.99033E-05   -0.85687E-05    0.37825E-05    0.53459E-04   -0.54013E-05    0.36811E-05    0.51798E-05    0.20424E-05   -0.14921E-05    0.28701E-05    0.60299E-05    0.79222E-05
    0.64541E-05   -0.95323E-04    0.10660E-04    0.20321E-03    0.15968E-01    0.22508E-02    0.82242E-04    0.23522E-03    0.16471E+00    0.29754E-01    0.38279E-01    0.91470E-03   -0.10234E-01    0.14562E-03    0.47252E-04    0.16321E-03   -0.18367E-03   -0.12404E-05   -0.35694E-05    0.57750E-03    0.16789E-01    0.44145E-02   -0.40184E-02    0.34589E-02    0.18134E-02    0.11663E-02    0.18317E-03    0.31990E-02    0.28096E-02    0.22526E-02    0.21560E-02    0.40586E-02   -0.20721E-03   -0.82746E-03   -0.17551E-02    0.15325E-02    0.22516E-02    0.13843E-02    0.68315E-02   -0.10639E-02    0.32962E-02   -0.16777E-02   -0.19367E-02   -0.98008E-02   -0.31629E-02   -0.86343E-03    0.21532E-03    0.67350E-03    0.43919E-04   -0.18110E-03   -0.37123E-03    0.83104E-05   -0.65460E-06    0.10723E-05   -0.16365E-04   -0.67975E-04   -0.11304E-04   -0.13887E-04
    0.34616E-04    0.95261E-03   -0.89459E-04    0.50290E-03    0.22508E-02    0.61227E-01    0.21615E-02    0.31515E-02    0.70523E+00    0.74108E+00    0.71011E+00   -0.75024E-02   -0.10755E+00   -0.27297E-01    0.70467E-03    0.51589E-03   -0.17771E-02   -0.11043E-06   -0.27987E-05    0.45788E-02    0.67743E-01    0.24443E-01   -0.70330E-02   -0.76262E-02    0.84856E-02   -0.35440E-02    0.12100E-02   -0.74969E-02    0.20294E-02   -0.17522E-02   -0.10638E-02    0.11403E-01    0.70270E-02    0.61909E-02   -0.11111E-01   -0.12053E-01    0.83048E-02    0.32477E-02   -0.20579E-02   -0.63783E-03   -0.43686E-03   -0.83396E-02   -0.51705E-01   -0.15892E-01   -0.20907E-01   -0.61037E-01   -0.41294E-03   -0.27335E-03    0.65961E-04    0.90708E-03    0.14153E-02   -0.30901E-03   -0.41503E-03   -0.40938E-03   -0.41398E-03   -0.66056E-03   -0.72208E-03   -0.62758E-03
    0.17593E-05    0.27000E-04   -0.22965E-05    0.40209E-04    0.82242E-04    0.21615E-02    0.10788E-03    0.13623E-03   -0.23764E-02    0.89997E-02    0.13127E-01   -0.22658E-03   -0.19780E-02   -0.11414E-03    0.98341E-05    0.12583E-04   -0.24898E-04   -0.14536E-06    0.31468E-07   -0.18622E-04    0.87696E-03    0.59194E-03   -0.46067E-03   -0.95646E-04    0.23232E-03   -0.17008E-03    0.37952E-03   -0.28279E-03    0.27041E-03    0.41429E-04   -0.22846E-03    0.55866E-03    0.22520E-03    0.97316E-04   -0.34905E-03   -0.39038E-03    0.57046E-03    0.42322E-03   -0.80329E-04   -0.84598E-04    0.27447E-03   -0.29759E-03   -0.12810E-02   -0.66977E-03   -0.57232E-03   -0.20818E-02   -0.18525E-04   -0.75467E-05    0.51761E-05    0.80922E-06    0.34083E-04   -0.46584E-05   -0.77437E-05   -0.70201E-05   -0.86851E-05   -0.12045E-04   -0.15163E-04   -0.14785E-04
    0.27774E-05    0.46070E-04   -0.33659E-05    0.37819E-03    0.23522E-03    0.31515E-02    0.13623E-03    0.86051E-03    0.70740E-02    0.13859E-01    0.11194E-01   -0.88049E-03   -0.72965E-03   -0.54239E-03    0.43472E-04   -0.31003E-05    0.26635E-04    0.22333E-06   -0.92916E-06   -0.14290E-03   -0.54067E-03    0.95845E-03   -0.51676E-03   -0.34073E-04    0.57692E-03   -0.17876E-03    0.33218E-04   -0.17373E-03   -0.71923E-04    0.97893E-03    0.13365E-02    0.34377E-03    0.88496E-03    0.57665E-03   -0.93938E-04   -0.13121E-02    0.38433E-03   -0.47458E-03    0.30786E-03    0.35752E-03    0.12046E-02    0.48182E-04   -0.29478E-02   -0.43670E-03   -0.37367E-03   -0.14248E-02   -0.27974E-04   -0.10203E-03    0.29634E-05    0.18665E-03    0.68880E-04   -0.42780E-05   -0.60130E-05   -0.12098E-04   -0.18832E-04   -0.18193E-04   -0.17458E-04   -0.11248E-04
    0.36093E-03    0.96105E-02   -0.12097E-02   -0.56546E-03    0.16471E+00    0.70523E+00   -0.23764E-02    0.70740E-02    0.15295E+04    0.90505E+02    0.23457E+02    0.91132E+00    0.18019E+01   -0.82375E+01    0.41982E-01   -0.29863E-02   -0.40862E-01    0.21073E-02   -0.42335E-02    0.10352E+01    0.65467E+01    0.15263E+02   -0.74239E+01   -0.15530E+00    0.75272E+00   -0.65681E+00   -0.30066E+01   -0.42748E+01   -0.17340E+01    0.69772E+00   -0.40602E+00    0.12602E+01   -0.46509E+00    0.14087E+01   -0.26515E+01   -0.29560E+01   -0.51131E+00   -0.31910E+01   -0.21175E+01    0.96914E+00    0.29220E+01    0.62388E+00   -0.15710E+01    0.26577E+01   -0.33592E+00   -0.82340E+00    0.97610E-01   -0.63494E-01   -0.67370E-01    0.41320E-01   -0.10632E+00   -0.28939E-01    0.69146E-02   -0.30868E-01    0.35451E-02   -0.58427E-01   -0.32245E-01    0.16534E-03
   -0.23046E-03    0.12762E-01   -0.11707E-02   -0.59483E-02    0.29754E-01    0.74108E+00    0.89997E-02    0.13859E-01    0.90505E+02    0.74679E+02    0.28512E+02   -0.90136E-01   -0.24496E+01   -0.26515E+01    0.35876E-01    0.32685E-01   -0.66817E-01    0.99485E-04   -0.42813E-03    0.33748E+00    0.20388E+01    0.24010E+00    0.99313E-02    0.46510E+00    0.21302E+00    0.24017E+00    0.30195E+00   -0.34224E+00   -0.16992E+00   -0.29576E+00   -0.12057E+00   -0.22423E+00    0.18703E+00    0.74750E-01   -0.27927E+00   -0.20133E-01    0.15077E+00   -0.66871E-01   -0.48486E+00   -0.20268E+00   -0.95303E-01    0.38714E+00   -0.16286E+01    0.10602E+01   -0.32135E+00   -0.18126E+01   -0.10942E-01   -0.48602E-01   -0.30687E-01    0.32407E-01    0.16056E-01   -0.16485E-01   -0.12218E-01   -0.18144E-01   -0.11630E-01   -0.33379E-01   -0.26760E-01   -0.16016E-01
   -0.24683E-03    0.12046E-01   -0.13901E-02   -0.66963E-02    0.38279E-01    0.71011E+00    0.13127E-01    0.11194E-01    0.23457E+02    0.28512E+02    0.10671E+03   -0.14710E+01   -0.37022E+02   -0.48339E+00   -0.34891E+00   -0.20259E-01   -0.50132E+00    0.65429E-04    0.23914E-03    0.14450E+00    0.28783E+01    0.19735E+00   -0.38048E-01   -0.36579E+00   -0.17819E+00   -0.52128E-01    0.16500E+00   -0.26842E+00   -0.41811E+00   -0.42325E+00   -0.18938E+00    0.18525E+00    0.35234E-02   -0.23188E+00   -0.21577E+00   -0.49212E-01    0.36076E+00   -0.21851E+00   -0.28572E+00    0.13428E+00   -0.63711E+00    0.18958E+00    0.17128E+02   -0.67065E+00    0.48012E+00    0.80970E+01   -0.71759E-01   -0.90004E-01    0.71747E-03    0.19792E-01    0.70770E-01   -0.91300E-02   -0.33568E-01   -0.93758E-02   -0.35190E-01   -0.11871E-01   -0.19067E-01   -0.64572E-01
   -0.20491E-05   -0.19249E-03    0.11903E-04   -0.19563E-03    0.91470E-03   -0.75024E-02   -0.22658E-03   -0.88049E-03    0.91132E+00   -0.90136E-01   -0.14710E+01    0.63854E+00    0.12271E+01    0.52685E+00    0.56073E-02   -0.24433E-02   -0.14229E-02   -0.11309E-04    0.79186E-04    0.11297E-01   -0.81837E+00   -0.14351E-01    0.16108E-01    0.10505E-01    0.10082E-01    0.32500E-01   -0.27448E-01    0.24525E-01   -0.34445E-02    0.31129E-01   -0.37673E-02    0.80347E-02   -0.13496E-01   -0.20849E-01   -0.19730E-01    0.59109E-02   -0.19531E-01    0.13707E-02    0.13625E-01    0.26423E-01    0.19394E-01    0.61884E-01   -0.20294E+00   -0.19572E+00    0.37089E-03   -0.11513E+00    0.48516E-01    0.49038E-01   -0.32869E-02    0.47891E-03   -0.16440E-02    0.14771E-03    0.50727E-03    0.55709E-04    0.40192E-03   -0.39793E-03    0.78718E-03    0.19477E-02
    0.35460E-04   -0.17209E-02    0.25656E-03    0.11826E-02   -0.10234E-01   -0.10755E+00   -0.19780E-02   -0.72965E-03    0.18019E+01   -0.24496E+01   -0.37022E+02    0.12271E+01    0.22040E+02    0.19890E+01    0.21311E+00    0.20437E-01    0.30065E+00   -0.49268E-04    0.85209E-05   -0.39171E+00   -0.46296E+01    0.13008E+00    0.19819E-01    0.26565E+00    0.40195E-01    0.11525E+00   -0.32810E-01    0.12769E+00    0.16005E+00    0.34207E+00   -0.10613E+00   -0.20350E+00   -0.41105E+00    0.16830E+00   -0.19704E+00   -0.32930E-01   -0.23397E+00    0.77801E-01    0.15377E+00    0.40462E-01    0.48830E+00   -0.39759E+00   -0.11414E+02   -0.24579E-01   -0.73143E+00   -0.76275E+01    0.54249E-01    0.60544E-01   -0.84671E-02    0.59766E-02   -0.20512E-01   -0.11815E-02    0.86540E-02   -0.10618E-02    0.10151E-01   -0.83535E-04   -0.11354E-03    0.19755E-01
   -0.37463E-06   -0.51351E-03    0.34597E-04    0.26643E-03    0.14562E-03   -0.27297E-01   -0.11414E-03   -0.54239E-03   -0.82375E+01   -0.26515E+01   -0.48339E+00    0.52685E+00    0.19890E+01    0.19124E+01    0.19259E-01    0.22238E-01    0.15835E-01    0.31069E-05   -0.13610E-03   -0.20054E+00   -0.23079E+01    0.50407E-01    0.28548E-01    0.58088E-01   -0.22832E-01    0.10888E-01    0.33355E-01    0.11602E-01   -0.13673E-01   -0.18408E-01   -0.13363E-01   -0.61274E-01    0.24131E-01   -0.22630E-01   -0.49168E-01    0.30766E-01   -0.15380E-01    0.20265E-02   -0.54814E-02    0.26240E-02    0.19134E-01   -0.91841E-01   -0.61506E+00   -0.74520E+00   -0.95328E-01   -0.10798E+01    0.42321E-01    0.69293E-01   -0.91066E-03    0.28970E-03    0.11297E-01    0.54078E-03   -0.16545E-02    0.60417E-03   -0.17542E-02    0.49027E-02    0.11833E-02   -0.14376E-02
   -0.28261E-06    0.12013E-04   -0.67774E-06    0.89815E-05    0.47252E-04    0.70467E-03    0.98341E-05    0.43472E-04    0.41982E-01    0.35876E-01   -0.34891E+00    0.56073E-02    0.21311E+00    0.19259E-01    0.40184E-02   -0.74724E-04    0.30169E-02   -0.20378E-06   -0.36575E-05   -0.12458E-02   -0.23762E-01    0.12962E-02    0.96103E-03    0.41710E-02    0.24053E-02    0.11544E-02   -0.18784E-03   -0.12674E-02    0.25980E-02   -0.15271E-02    0.19563E-02   -0.45685E-03    0.32834E-03    0.18308E-02    0.13926E-02    0.12530E-02   -0.55987E-03    0.27868E-03   -0.40963E-03   -0.30966E-02   -0.57000E-03   -0.72790E-03   -0.13837E+00   -0.85151E-02   -0.39641E-02   -0.98364E-01    0.58470E-03    0.16323E-02    0.31251E-03    0.20953E-03    0.30359E-03   -0.26198E-04    0.19913E-04   -0.32875E-04    0.32986E-04    0.27302E-04   -0.38905E-04    0.15998E-03
   -0.28088E-06    0.77085E-05   -0.38151E-06   -0.78794E-05    0.16321E-03    0.51589E-03    0.12583E-04   -0.31003E-05   -0.29863E-02    0.32685E-01   -0.20259E-01   -0.24433E-02    0.20437E-01    0.22238E-01   -0.74724E-04    0.29442E-02   -0.41027E-03    0.44092E-06    0.48499E-05   -0.56266E-03   -0.13201E-01    0.21625E-02   -0.17535E-03   -0.20087E-04    0.44063E-03   -0.60386E-03   -0.16361E-02   -0.98100E-03   -0.11426E-02   -0.36900E-03   -0.87749E-03    0.10905E-02   -0.50612E-03    0.14310E-02   -0.17194E-03   -0.37395E-03   -0.28207E-03   -0.52118E-03   -0.82644E-03   -0.39824E-04   -0.73392E-03    0.63733E-02    0.41596E-02   -0.14664E-01    0.40573E-02    0.13763E-01    0.30310E-03    0.17321E-02   -0.42144E-03   -0.13330E-04    0.16664E-03   -0.57157E-05    0.92448E-05   -0.37455E-05    0.24003E-04    0.61049E-04   -0.78971E-05    0.84642E-04
    0.60125E-06   -0.27267E-04    0.40148E-05    0.36354E-04   -0.18367E-03   -0.17771E-02   -0.24898E-04    0.26635E-04   -0.40862E-01   -0.66817E-01   -0.50132E+00   -0.14229E-02    0.30065E+00    0.15835E-01    0.30169E-02   -0.41027E-03    0.55169E-02   -0.58405E-06   -0.94734E-05   -0.62511E-02   -0.41304E-01    0.43302E-02   -0.31364E-02    0.24366E-02   -0.10456E-02    0.34329E-03    0.16756E-02    0.35604E-02    0.16756E-02    0.92700E-02   -0.46787E-02   -0.71170E-02   -0.11481E-01    0.34115E-02   -0.62404E-02   -0.34380E-02   -0.51931E-02    0.17792E-02    0.50909E-02    0.46429E-02    0.13255E-01   -0.10404E-01   -0.19040E+00    0.36554E-02   -0.12151E-01   -0.14140E+00   -0.64121E-03   -0.38159E-03    0.27559E-03   -0.15957E-04   -0.44466E-03   -0.12934E-04    0.75088E-04   -0.10406E-04    0.10276E-03    0.58271E-04   -0.13700E-04    0.18632E-03
   -0.23065E-08    0.23152E-07    0.28711E-08    0.47651E-07   -0.12404E-05   -0.11043E-06   -0.14536E-06    0.22333E-06    0.21073E-02    0.99485E-04    0.65429E-04   -0.11309E-04   -0.49268E-04    0.31069E-05   -0.20378E-06    0.44092E-06   -0.58405E-06    0.15710E-06    0.45378E-08   -0.30731E-05    0.46187E-05   -0.64321E-05   -0.28166E-04   -0.10091E-05    0.17480E-05   -0.54416E-05    0.22325E-04   -0.13156E-04   -0.96226E-05   -0.16174E-05    0.68825E-05    0.81172E-05    0.14998E-04    0.36435E-05   -0.44825E-05   -0.92529E-05    0.28145E-04   -0.59673E-05   -0.13153E-04   -0.97276E-05    0.18649E-05   -0.49715E-05    0.22612E-04    0.94269E-06   -0.53822E-05   -0.10074E-04   -0.51337E-06    0.21898E-06    0.11177E-07    0.54563E-06    0.24945E-05   -0.37066E-07   -0.38840E-07   -0.23894E-07   -0.79821E-07    0.21399E-07   -0.51329E-07   -0.14864E-06
   -0.17791E-07    0.15156E-07    0.73203E-08   -0.64903E-06   -0.35694E-05   -0.27987E-05    0.31468E-07   -0.92916E-06   -0.42335E-02   -0.42813E-03    0.23914E-03    0.79186E-04    0.85209E-05   -0.13610E-03   -0.36575E-05    0.48499E-05   -0.94734E-05    0.45378E-08    0.12556E-05    0.20060E-04    0.38618E-04    0.63685E-04    0.45161E-04    0.90762E-05   -0.95259E-05    0.56365E-04    0.44429E-03    0.93780E-04   -0.22402E-04   -0.84855E-05    0.58775E-04   -0.44263E-03   -0.10716E-04   -0.12670E-03    0.72582E-04    0.24635E-04    0.38183E-04    0.60808E-04   -0.21243E-04   -0.93822E-04    0.29403E-06    0.68677E-04    0.22413E-03    0.11812E-03    0.34001E-04    0.43162E-03    0.29425E-05   -0.66040E-06   -0.39491E-05    0.29122E-05   -0.35828E-05    0.71445E-07    0.61036E-06    0.22095E-06    0.72520E-06   -0.94342E-06    0.10935E-06    0.15085E-05
   -0.52998E-05    0.66398E-04   -0.70647E-05   -0.10050E-03    0.57750E-03    0.45788E-02   -0.18622E-04   -0.14290E-03    0.10352E+01    0.33748E+00    0.14450E+00    0.11297E-01   -0.39171E+00   -0.20054E+00   -0.12458E-02   -0.56266E-03   -0.62511E-02   -0.30731E-05    0.20060E-04    0.74780E-01    0.41475E+00   -0.15387E-01   -0.26631E-02   -0.19434E-01    0.75405E-02   -0.26857E-02   -0.20204E-01   -0.22816E-02   -0.44378E-02    0.75236E-02    0.52345E-02    0.10531E-01   -0.97157E-02    0.29909E-02    0.72859E-02   -0.60133E-02   -0.66668E-02   -0.84590E-02   -0.51320E-02    0.68624E-02   -0.62040E-02    0.72229E-01    0.99733E-01   -0.13954E-01    0.63975E-01    0.19130E+00    0.64224E-02    0.11188E-01    0.11523E-02   -0.14667E-03   -0.11276E-02    0.49188E-04    0.68546E-04   -0.28273E-04    0.81297E-04   -0.42448E-03    0.82291E-04    0.70380E-03
   -0.24844E-04    0.94289E-03   -0.10077E-03   -0.10490E-02    0.16789E-01    0.67743E-01    0.87696E-03   -0.54067E-03    0.65467E+01    0.20388E+01    0.28783E+01   -0.81837E+00   -0.46296E+01   -0.23079E+01   -0.23762E-01   -0.13201E-01   -0.41304E-01    0.46187E-05    0.38618E-04    0.41475E+00    0.46779E+01   -0.55882E-01   -0.50820E-01   -0.14747E+00    0.54079E-01   -0.53301E-01   -0.10905E+00   -0.32565E-01    0.10160E-01    0.26545E-01    0.27367E-01    0.43271E-01   -0.18306E-01    0.47337E-01    0.67584E-01   -0.92278E-01   -0.49929E-01   -0.25058E-01   -0.10974E-01    0.78081E-02   -0.43217E-01    0.13952E+00    0.10240E+01    0.17971E+00    0.25773E+00    0.17097E+01   -0.35321E-01   -0.13353E-01    0.16632E-01   -0.74364E-02   -0.13388E-01    0.68617E-03    0.61248E-03    0.22152E-03    0.11432E-02   -0.19882E-02    0.15376E-03    0.34685E-02
    0.44455E-05    0.42128E-03   -0.46916E-04   -0.21581E-03    0.44145E-02    0.24443E-01    0.59194E-03    0.95845E-03    0.15263E+02    0.24010E+00    0.19735E+00   -0.14351E-01    0.13008E+00    0.50407E-01    0.12962E-02    0.21625E-02    0.43302E-02   -0.64321E-05    0.63685E-04   -0.15387E-01   -0.55882E-01    0.62621E+00   -0.15302E+00   -0.11046E-01    0.39912E-01    0.71968E-02    0.20221E+00   -0.45701E-01   -0.94967E-02   -0.56520E-02   -0.66563E-01    0.43138E-01    0.31439E-01   -0.21969E-01   -0.78303E-01   -0.12536E+00    0.17773E+00    0.66059E-01   -0.16892E-01    0.11595E-01    0.71529E-01   -0.11014E-01   -0.16799E+00   -0.27809E-01   -0.23510E-01   -0.16109E+00   -0.67533E-03    0.54110E-03   -0.13793E-03   -0.11650E-02   -0.22243E-02    0.53227E-04   -0.28932E-03   -0.15107E-03   -0.39497E-03   -0.25862E-03   -0.45406E-03   -0.64005E-03
   -0.16826E-04   -0.79244E-04    0.17757E-04   -0.16722E-03   -0.40184E-02   -0.70330E-02   -0.46067E-03   -0.51676E-03   -0.74239E+01    0.99313E-02   -0.38048E-01    0.16108E-01    0.19819E-01    0.28548E-01    0.96103E-03   -0.17535E-03   -0.31364E-02   -0.28166E-04    0.45161E-04   -0.26631E-02   -0.50820E-01   -0.15302E+00    0.91600E+00   -0.38446E-01   -0.58746E-02    0.14172E-01   -0.13362E+00    0.16243E+00    0.66224E-01   -0.22293E-01    0.29822E-01   -0.12026E+00   -0.35635E-01    0.55565E-01    0.27895E-01    0.14910E+00   -0.21340E+00    0.35763E-01    0.94430E-01    0.57693E-02   -0.21115E+00    0.32842E-03    0.17823E-02    0.13599E-01   -0.11200E-01    0.72742E-01   -0.25805E-03   -0.17595E-02   -0.52863E-03   -0.12621E-02    0.61104E-02   -0.83803E-04   -0.21696E-03   -0.14799E-03   -0.21618E-03   -0.24394E-03   -0.85580E-04    0.25858E-04
    0.20428E-05   -0.20164E-03    0.37238E-04    0.26319E-03    0.34589E-02   -0.76262E-02   -0.95646E-04   -0.34073E-04   -0.15530E+00    0.46510E+00   -0.36579E+00    0.10505E-01    0.26565E+00    0.58088E-01    0.41710E-02   -0.20087E-04    0.24366E-02   -0.10091E-05    0.90762E-05   -0.19434E-01   -0.14747E+00   -0.11046E-01   -0.38446E-01    0.10309E+01   -0.30643E-01    0.43827E-01    0.44071E-02   -0.31051E-01    0.14504E+00   -0.29135E-01    0.10804E+00   -0.39372E-01    0.56270E-01   -0.45854E-01    0.18424E-01    0.13916E+00   -0.27731E-01    0.64900E-02    0.93965E-02   -0.21396E+00    0.11946E+00   -0.82446E-02   -0.76624E-01    0.46679E-01   -0.18506E-01   -0.71937E-01   -0.21741E-02   -0.31816E-02   -0.73947E-03    0.56563E-02    0.58823E-02   -0.14539E-03    0.12565E-03    0.58026E-04    0.95706E-04    0.45218E-03    0.75383E-04    0.92222E-04
    0.40474E-05    0.13858E-03   -0.68981E-05    0.66354E-04    0.18134E-02    0.84856E-02    0.23232E-03    0.57692E-03    0.75272E+00    0.21302E+00   -0.17819E+00    0.10082E-01    0.40195E-01   -0.22832E-01    0.24053E-02    0.44063E-03   -0.10456E-02    0.17480E-05   -0.95259E-05    0.75405E-02    0.54079E-01    0.39912E-01   -0.58746E-02   -0.30643E-01    0.98046E+00   -0.28451E-01    0.77542E-01   -0.60386E-01    0.97836E-01   -0.85914E-01    0.41917E-01    0.96800E-01    0.94494E-01    0.37863E-01    0.13177E+00   -0.13292E+00    0.10918E+00    0.76401E-01    0.51437E-02   -0.95178E-01    0.26519E-01    0.12737E-01   -0.12931E-01   -0.25145E-01    0.16039E-01    0.61453E-01    0.28239E-02    0.32500E-02    0.13860E-03    0.36251E-02   -0.50426E-02    0.16386E-03    0.36136E-03    0.52050E-04    0.79984E-06   -0.51592E-04    0.10952E-03    0.10849E-02
   -0.49039E-05   -0.53718E-04   -0.48785E-05   -0.31957E-04    0.11663E-02   -0.35440E-02   -0.17008E-03   -0.17876E-03   -0.65681E+00    0.24017E+00   -0.52128E-01    0.32500E-01    0.11525E+00    0.10888E-01    0.11544E-02   -0.60386E-03    0.34329E-03   -0.54416E-05    0.56365E-04   -0.26857E-02   -0.53301E-01    0.71968E-02    0.14172E-01    0.43827E-01   -0.28451E-01    0.10287E+01    0.51320E-01    0.36869E-01   -0.52483E-01    0.65106E-01    0.11321E+00    0.31706E-01   -0.10895E+00   -0.11383E+00    0.82035E-01    0.82277E-01    0.95338E-01   -0.11493E+00    0.92774E-01   -0.47895E-01    0.13036E-01   -0.11805E-01   -0.75249E-03   -0.18259E-01   -0.11871E-02    0.63320E-01    0.22643E-02    0.15754E-02   -0.51519E-03   -0.35500E-03   -0.48478E-03   -0.21277E-03    0.32277E-03   -0.60656E-04   -0.77310E-05   -0.25231E-03   -0.30602E-04    0.68078E-03
   -0.42006E-05    0.56009E-04    0.17124E-04   -0.30274E-03    0.18317E-03    0.12100E-02    0.37952E-03    0.33218E-04   -0.30066E+01    0.30195E+00    0.16500E+00   -0.27448E-01   -0.32810E-01    0.33355E-01   -0.18784E-03   -0.16361E-02    0.16756E-02    0.22325E-04    0.44429E-03   -0.20204E-01   -0.10905E+00    0.20221E+00   -0.13362E+00    0.44071E-02    0.77542E-01    0.51320E-01    0.80988E+00   -0.30086E-01   -0.79132E-02   -0.34244E-01   -0.49746E-01    0.56769E-01    0.11355E+00   -0.11087E+00    0.87146E-02   -0.44421E-01    0.63417E+00    0.24475E+00   -0.64324E-01   -0.52810E-01    0.66772E-01   -0.42125E-02    0.41999E-01    0.65604E-01    0.37422E-02   -0.39750E-01   -0.54764E-02   -0.63734E-02   -0.10890E-03    0.42938E-02   -0.12460E-02    0.36203E-03   -0.64360E-04    0.24270E-03   -0.85134E-04    0.47708E-03    0.10874E-03   -0.45037E-03
    0.54493E-06   -0.14437E-03    0.41095E-05    0.16548E-04    0.31990E-02   -0.74969E-02   -0.28279E-03   -0.17373E-03   -0.42748E+01   -0.34224E+00   -0.26842E+00    0.24525E-01    0.12769E+00    0.11602E-01   -0.12674E-02   -0.98100E-03    0.35604E-02   -0.13156E-04    0.93780E-04   -0.22816E-02   -0.32565E-01   -0.45701E-01    0.16243E+00   -0.31051E-01   -0.60386E-01    0.36869E-01   -0.30086E-01    0.96576E+00    0.38021E-01    0.42790E-03    0.27478E-01    0.23546E-01   -0.29123E-01   -0.65005E-01   -0.54650E-02    0.10652E+00   -0.11094E+00    0.24414E+00    0.77718E+00    0.25828E+00   -0.19222E+00   -0.13295E-02   -0.12987E+00    0.19864E-02    0.17530E-02   -0.51117E-01    0.23058E-02    0.84179E-03    0.29883E-04   -0.80505E-03    0.10406E-02    0.13069E-03    0.15055E-03    0.34730E-04    0.19560E-04    0.16626E-03    0.48969E-03    0.11815E-04
    0.12338E-04   -0.39492E-04    0.11147E-04   -0.20316E-04    0.28096E-02    0.20294E-02    0.27041E-03   -0.71923E-04   -0.17340E+01   -0.16992E+00   -0.41811E+00   -0.34445E-02    0.16005E+00   -0.13673E-01    0.25980E-02   -0.11426E-02    0.16756E-02   -0.96226E-05   -0.22402E-04   -0.44378E-02    0.10160E-01   -0.94967E-02    0.66224E-01    0.14504E+00    0.97836E-01   -0.52483E-01   -0.79132E-02    0.38021E-01    0.10220E+01    0.31196E-01   -0.94028E-02    0.49400E-01   -0.63418E-01    0.12178E+00    0.13693E+00   -0.18045E+00   -0.23005E+00    0.65402E+00    0.17267E+00   -0.60903E+00    0.21472E+00   -0.41943E-02   -0.97311E-01   -0.17114E-01   -0.10594E-01    0.13757E-01   -0.40233E-03   -0.20087E-02    0.15123E-03    0.28855E-02   -0.34811E-02    0.15477E-03    0.20521E-03    0.94369E-04    0.44923E-04   -0.55149E-04   -0.17413E-03    0.55636E-03
    0.52026E-05   -0.33253E-04   -0.40791E-05    0.57255E-03    0.22526E-02   -0.17522E-02    0.41429E-04    0.97893E-03    0.69772E+00   -0.29576E+00   -0.42325E+00    0.31129E-01    0.34207E+00   -0.18408E-01   -0.15271E-02   -0.36900E-03    0.92700E-02   -0.16174E-05   -0.84855E-05    0.75236E-02    0.26545E-01   -0.56520E-02   -0.22293E-01   -0.29135E-01   -0.85914E-01    0.65106E-01   -0.34244E-01    0.42790E-03    0.31196E-01    0.97803E+00    0.14716E-01   -0.13963E-01   -0.12050E+00   -0.16238E+00   -0.23735E-01   -0.71753E-01   -0.89497E-01    0.73513E-01   -0.43497E-01    0.26940E+00    0.67226E+00   -0.24847E-02   -0.30039E+00    0.20707E-01   -0.22826E-02   -0.28125E+00    0.22657E-02    0.36441E-02    0.20760E-03   -0.52188E-02   -0.22250E-02    0.24490E-04    0.10543E-03    0.23145E-04    0.13005E-05    0.57030E-04    0.64377E-05    0.43429E-03
    0.54597E-05   -0.20292E-04   -0.30591E-05    0.68330E-03    0.21560E-02   -0.10638E-02   -0.22846E-03    0.13365E-02   -0.40602E+00   -0.12057E+00   -0.18938E+00   -0.37673E-02   -0.10613E+00   -0.13363E-01    0.19563E-02   -0.87749E-03   -0.46787E-02    0.68825E-05    0.58775E-04    0.52345E-02    0.27367E-01   -0.66563E-01    0.29822E-01    0.10804E+00    0.41917E-01    0.11321E+00   -0.49746E-01    0.27478E-01   -0.94028E-02    0.14716E-01    0.10703E+01   -0.81040E-01    0.68134E-01    0.15283E-01    0.18579E+00    0.49097E-02    0.86547E-01   -0.61288E+00    0.41160E+00   -0.36273E+00    0.21851E+00    0.79035E-02    0.19220E+00    0.15059E-01    0.44470E-02    0.17268E+00   -0.14068E-02   -0.29704E-02   -0.27178E-03   -0.28536E-02    0.41763E-02   -0.18419E-03    0.40971E-03   -0.47115E-04   -0.33578E-04   -0.76244E-03   -0.12066E-03   -0.41404E-03
    0.19155E-04    0.12752E-03   -0.12312E-04   -0.51717E-05    0.40586E-02    0.11403E-01    0.55866E-03    0.34377E-03    0.12602E+01   -0.22423E+00    0.18525E+00    0.80347E-02   -0.20350E+00   -0.61274E-01   -0.45685E-03    0.10905E-02   -0.71170E-02    0.81172E-05   -0.44263E-03    0.10531E-01    0.43271E-01    0.43138E-01   -0.12026E+00   -0.39372E-01    0.96800E-01    0.31706E-01    0.56769E-01    0.23546E-01    0.49400E-01   -0.13963E-01   -0.81040E-01    0.86869E+00    0.37845E-01   -0.25121E-01   -0.25145E-01   -0.25918E-01    0.59685E+00    0.16474E+00    0.91681E-01    0.75363E-01   -0.81123E-01    0.13323E-01    0.29212E+00    0.28682E-01    0.23938E-01    0.25139E+00    0.86831E-03   -0.13212E-02   -0.98471E-03    0.12875E-02    0.87041E-02    0.10042E-03    0.46852E-03    0.14321E-03    0.38996E-03   -0.50960E-03    0.19267E-03    0.37253E-06
    0.36224E-05    0.11782E-03   -0.21316E-04    0.23574E-03   -0.20721E-03    0.70270E-02    0.22520E-03    0.88496E-03   -0.46509E+00    0.18703E+00    0.35234E-02   -0.13496E-01   -0.41105E+00    0.24131E-01    0.32834E-03   -0.50612E-03   -0.11481E-01    0.14998E-04   -0.10716E-04   -0.97157E-02   -0.18306E-01    0.31439E-01   -0.35635E-01    0.56270E-01    0.94494E-01   -0.10895E+00    0.11355E+00   -0.29123E-01   -0.63418E-01   -0.12050E+00    0.68134E-01    0.37845E-01    0.10193E+01    0.28825E-02   -0.38226E-01   -0.40470E-01    0.12381E+00    0.15229E+00   -0.30920E-01    0.14439E+00    0.12813E+00    0.40833E-02    0.38993E+00    0.13349E-01    0.96094E-02    0.15019E+00   -0.16371E-02   -0.45959E-02   -0.65742E-03    0.13978E-02   -0.44861E-02    0.16874E-03    0.34023E-03    0.42275E-04   -0.82650E-04   -0.35775E-04   -0.63948E-04   -0.11820E-02
    0.82763E-06    0.77879E-04   -0.16250E-04    0.20470E-03   -0.82746E-03    0.61909E-02    0.97316E-04    0.57665E-03    0.14087E+01    0.74750E-01   -0.23188E+00   -0.20849E-01    0.16830E+00   -0.22630E-01    0.18308E-02    0.14310E-02    0.34115E-02    0.36435E-05   -0.12670E-03    0.29909E-02    0.47337E-01   -0.21969E-01    0.55565E-01   -0.45854E-01    0.37863E-01   -0.11383E+00   -0.11087E+00   -0.65005E-01    0.12178E+00   -0.16238E+00    0.15283E-01   -0.25121E-01    0.28825E-02    0.97029E+00   -0.20940E-01    0.59081E-02   -0.13432E+00    0.36352E-01    0.14118E+00    0.37968E-01   -0.77811E-01    0.12288E-02   -0.74297E-01   -0.27720E-01   -0.94890E-02   -0.10526E+00   -0.54881E-03   -0.63613E-03    0.17507E-03   -0.47286E-03   -0.32647E-02    0.24467E-04    0.89951E-04    0.17887E-03    0.17308E-03    0.40774E-03   -0.33361E-03   -0.37317E-03
    0.79298E-06   -0.14281E-03    0.22447E-04    0.12365E-03   -0.17551E-02   -0.11111E-01   -0.34905E-03   -0.93938E-04   -0.26515E+01   -0.27927E+00   -0.21577E+00   -0.19730E-01   -0.19704E+00   -0.49168E-01    0.13926E-02   -0.17194E-03   -0.62404E-02   -0.44825E-05    0.72582E-04    0.72859E-02    0.67584E-01   -0.78303E-01    0.27895E-01    0.18424E-01    0.13177E+00    0.82035E-01    0.87146E-02   -0.54650E-02    0.13693E+00   -0.23735E-01    0.18579E+00   -0.25145E-01   -0.38226E-01   -0.20940E-01    0.94208E+00    0.29071E-01   -0.17313E-01   -0.59962E-02    0.12166E+00   -0.26940E+00    0.11478E+00    0.19104E-01    0.19211E+00    0.44783E-02    0.20758E-01    0.19230E+00   -0.81698E-03   -0.18285E-02   -0.47254E-03   -0.25493E-02   -0.30855E-02    0.86723E-04    0.29340E-03    0.29258E-03    0.20359E-03   -0.61448E-04    0.37281E-03    0.75480E-04
   -0.31070E-05   -0.23627E-03    0.35397E-04   -0.35555E-03    0.15325E-02   -0.12053E-01   -0.39038E-03   -0.13121E-02   -0.29560E+01   -0.20133E-01   -0.49212E-01    0.59109E-02   -0.32930E-01    0.30766E-01    0.12530E-02   -0.37395E-03   -0.34380E-02   -0.92529E-05    0.24635E-04   -0.60133E-02   -0.92278E-01   -0.12536E+00    0.14910E+00    0.13916E+00   -0.13292E+00    0.82277E-01   -0.44421E-01    0.10652E+00   -0.18045E+00   -0.71753E-01    0.49097E-02   -0.25918E-01   -0.40470E-01    0.59081E-02    0.29071E-01    0.94411E+00   -0.27797E-01   -0.85862E-01   -0.30114E-02    0.17085E+00   -0.83126E-01   -0.35836E-02    0.15150E+00    0.26586E-02    0.56423E-03    0.11568E+00   -0.76176E-03   -0.30600E-02   -0.66015E-03   -0.17146E-03    0.15469E-02   -0.59322E-04   -0.73525E-04   -0.13685E-04    0.18719E-03   -0.25212E-03   -0.15067E-03    0.32329E-03
    0.78674E-05    0.14088E-03    0.16740E-05   -0.16667E-03    0.22516E-02    0.83048E-02    0.57046E-03    0.38433E-03   -0.51131E+00    0.15077E+00    0.36076E+00   -0.19531E-01   -0.23397E+00   -0.15380E-01   -0.55987E-03   -0.28207E-03   -0.51931E-02    0.28145E-04    0.38183E-04   -0.66668E-02   -0.49929E-01    0.17773E+00   -0.21340E+00   -0.27731E-01    0.10918E+00    0.95338E-01    0.63417E+00   -0.11094E+00   -0.23005E+00   -0.89497E-01    0.86547E-01    0.59685E+00    0.12381E+00   -0.13432E+00   -0.17313E-01   -0.27797E-01    0.96537E+00   -0.30254E-01   -0.27023E-01    0.18797E-01   -0.33285E-01    0.61211E-02    0.29464E+00    0.72275E-01    0.21417E-01    0.17503E+00   -0.40323E-02   -0.56797E-02   -0.79360E-03    0.30190E-02    0.71185E-02    0.25525E-03    0.25229E-03    0.23437E-03    0.18184E-03   -0.13904E-03    0.19008E-03   -0.55586E-03
    0.36778E-05    0.17740E-04    0.10359E-04   -0.36971E-03    0.13843E-02    0.32477E-02    0.42322E-03   -0.47458E-03   -0.31910E+01   -0.66871E-01   -0.21851E+00    0.13707E-02    0.77801E-01    0.20265E-02    0.27868E-03   -0.52118E-03    0.17792E-02   -0.59673E-05    0.60808E-04   -0.84590E-02   -0.25058E-01    0.66059E-01    0.35763E-01    0.64900E-02    0.76401E-01   -0.11493E+00    0.24475E+00    0.24414E+00    0.65402E+00    0.73513E-01   -0.61288E+00    0.16474E+00    0.15229E+00    0.36352E-01   -0.59962E-02   -0.85862E-01   -0.30254E-01    0.10224E+01    0.12337E-02    0.12313E-01    0.14069E-01    0.32730E-02   -0.77023E-01    0.30638E-02   -0.25776E-03   -0.49088E-01    0.84103E-04   -0.16120E-02   -0.11153E-03    0.50247E-02   -0.58405E-02    0.35137E-03    0.67328E-04    0.18343E-03    0.71179E-04    0.48228E-03    0.83643E-04    0.41512E-03
    0.13200E-04   -0.10039E-03   -0.47441E-05    0.21125E-03    0.68315E-02   -0.20579E-02   -0.80329E-04    0.30786E-03   -0.21175E+01   -0.48486E+00   -0.28572E+00    0.13625E-01    0.15377E+00   -0.54814E-02   -0.40963E-03   -0.82644E-03    0.50909E-02   -0.13153E-04   -0.21243E-04   -0.51320E-02   -0.10974E-01   -0.16892E-01    0.94430E-01    0.93965E-02    0.51437E-02    0.92774E-01   -0.64324E-01    0.77718E+00    0.17267E+00   -0.43497E-01    0.41160E+00    0.91681E-01   -0.30920E-01    0.14118E+00    0.12166E+00   -0.30114E-02   -0.27023E-01    0.12337E-02    0.10058E+01   -0.26446E-01   -0.10357E-01   -0.13130E-01   -0.10088E+00    0.16337E-01   -0.73061E-02   -0.54807E-01    0.71939E-04   -0.16772E-02   -0.15819E-03   -0.26619E-02   -0.50723E-03    0.71109E-04    0.33319E-03    0.82117E-04    0.40821E-04   -0.71412E-04    0.41014E-03   -0.39523E-03
   -0.80133E-05    0.20333E-04   -0.19123E-04    0.17187E-03   -0.10639E-02   -0.63783E-03   -0.84598E-04    0.35752E-03    0.96914E+00   -0.20268E+00    0.13428E+00    0.26423E-01    0.40462E-01    0.26240E-02   -0.30966E-02   -0.39824E-04    0.46429E-02   -0.97276E-05   -0.93822E-04    0.68624E-02    0.78081E-02    0.11595E-01    0.57693E-02   -0.21396E+00   -0.95178E-01   -0.47895E-01   -0.52810E-01    0.25828E+00   -0.60903E+00    0.26940E+00   -0.36273E+00    0.75363E-01    0.14439E+00    0.37968E-01   -0.26940E+00    0.17085E+00    0.18797E-01    0.12313E-01   -0.26446E-01    0.97116E+00   -0.30452E-01    0.42219E-05   -0.72060E-01    0.65348E-02    0.47298E-02   -0.20635E+00    0.31959E-02    0.31969E-02    0.26056E-03   -0.18233E-02   -0.97645E-03    0.68210E-04    0.10291E-04    0.19386E-04   -0.70531E-04    0.46994E-03    0.17474E-03   -0.42985E-03
    0.10998E-04   -0.56009E-04   -0.13016E-05    0.67535E-03    0.32962E-02   -0.43686E-03    0.27447E-03    0.12046E-02    0.29220E+01   -0.95303E-01   -0.63711E+00    0.19394E-01    0.48830E+00    0.19134E-01   -0.57000E-03   -0.73392E-03    0.13255E-01    0.18649E-05    0.29403E-06   -0.62040E-02   -0.43217E-01    0.71529E-01   -0.21115E+00    0.11946E+00    0.26519E-01    0.13036E-01    0.66772E-01   -0.19222E+00    0.21472E+00    0.67226E+00    0.21851E+00   -0.81123E-01    0.12813E+00   -0.77811E-01    0.11478E+00   -0.83126E-01   -0.33285E-01    0.14069E-01   -0.10357E-01   -0.30452E-01    0.97422E+00   -0.23322E-01   -0.38119E+00    0.28003E-01   -0.22403E-01   -0.34727E+00   -0.37039E-03   -0.11556E-03    0.19944E-03   -0.53380E-02   -0.90272E-02    0.44343E-04    0.19433E-03    0.51887E-04    0.78409E-04    0.36642E-04   -0.20815E-03    0.11378E-03
   -0.50792E-05   -0.11805E-03    0.14995E-04    0.17538E-03   -0.16777E-02   -0.83396E-02   -0.29759E-03    0.48182E-04    0.62388E+00    0.38714E+00    0.18958E+00    0.61884E-01   -0.39759E+00   -0.91841E-01   -0.72790E-03    0.63733E-02   -0.10404E-01   -0.49715E-05    0.68677E-04    0.72229E-01    0.13952E+00   -0.11014E-01    0.32842E-03   -0.82446E-02    0.12737E-01   -0.11805E-01   -0.42125E-02   -0.13295E-02   -0.41943E-02   -0.24847E-02    0.79035E-02    0.13323E-01    0.40833E-02    0.12288E-02    0.19104E-01   -0.35836E-02    0.61211E-02    0.32730E-02   -0.13130E-01    0.42219E-05   -0.23322E-01    0.35620E+00    0.21076E+00   -0.12859E-01    0.16703E+00    0.52021E+00    0.15876E-01    0.19625E-01   -0.46203E-02   -0.39297E-02   -0.47731E-02    0.63949E-03   -0.16775E-04    0.70110E-03   -0.79509E-04   -0.28401E-03   -0.81718E-04    0.15289E-02
    0.33142E-04   -0.86638E-03    0.16617E-04   -0.36681E-03   -0.19367E-02   -0.51705E-01   -0.12810E-02   -0.29478E-02   -0.15710E+01   -0.16286E+01    0.17128E+02   -0.20294E+00   -0.11414E+02   -0.61506E+00   -0.13837E+00    0.41596E-02   -0.19040E+00    0.22612E-04    0.22413E-03    0.99733E-01    0.10240E+01   -0.16799E+00    0.17823E-02   -0.76624E-01   -0.12931E-01   -0.75249E-03    0.41999E-01   -0.12987E+00   -0.97311E-01   -0.30039E+00    0.19220E+00    0.29212E+00    0.38993E+00   -0.74297E-01    0.19211E+00    0.15150E+00    0.29464E+00   -0.77023E-01   -0.10088E+00   -0.72060E-01   -0.38119E+00    0.21076E+00    0.15608E+02    0.36867E+00    0.37515E+00    0.58697E+01   -0.17949E-01   -0.55190E-01   -0.14505E-01   -0.44244E-02    0.26660E-01    0.24375E-02    0.20659E-01    0.26842E-02    0.13216E-01   -0.14950E-06    0.32735E-02   -0.67951E-02
    0.11417E-04   -0.90882E-04    0.27723E-04   -0.24938E-03   -0.98008E-02   -0.15892E-01   -0.66977E-03   -0.43670E-03    0.26577E+01    0.10602E+01   -0.67065E+00   -0.19572E+00   -0.24579E-01   -0.74520E+00   -0.85151E-02   -0.14664E-01    0.36554E-02    0.94269E-06    0.11812E-03   -0.13954E-01    0.17971E+00   -0.27809E-01    0.13599E-01    0.46679E-01   -0.25145E-01   -0.18259E-01    0.65604E-01    0.19864E-02   -0.17114E-01    0.20707E-01    0.15059E-01    0.28682E-01    0.13349E-01   -0.27720E-01    0.44783E-02    0.26586E-02    0.72275E-01    0.30638E-02    0.16337E-01    0.65348E-02    0.28003E-01   -0.12859E-01    0.36867E+00    0.21930E+01   -0.43612E-01    0.14914E+00   -0.92327E-01   -0.11303E+00   -0.51086E-02    0.56944E-02   -0.46699E-02   -0.68885E-03    0.16934E-02   -0.39591E-03    0.16782E-02   -0.11563E-03   -0.75342E-04   -0.80870E-03
   -0.18821E-05   -0.35181E-03    0.26561E-04    0.23403E-03   -0.31629E-02   -0.20907E-01   -0.57232E-03   -0.37367E-03   -0.33592E+00   -0.32135E+00    0.48012E+00    0.37089E-03   -0.73143E+00   -0.95328E-01   -0.39641E-02    0.40573E-02   -0.12151E-01   -0.53822E-05    0.34001E-04    0.63975E-01    0.25773E+00   -0.23510E-01   -0.11200E-01   -0.18506E-01    0.16039E-01   -0.11871E-02    0.37422E-02    0.17530E-02   -0.10594E-01   -0.22826E-02    0.44470E-02    0.23938E-01    0.96094E-02   -0.94890E-02    0.20758E-01    0.56423E-03    0.21417E-01   -0.25776E-03   -0.73061E-02    0.47298E-02   -0.22403E-01    0.16703E+00    0.37515E+00   -0.43612E-01    0.25400E+00    0.42601E+00    0.11043E-01    0.18599E-01   -0.41903E-03   -0.12996E-02    0.11867E-03    0.29263E-03   -0.15072E-03    0.25450E-03   -0.20177E-03    0.56528E-03    0.33433E-03    0.47815E-03
