# omegabh2 omegach2 theta tau ns logA r aps100 aps143 aps217 acib143 acib217 asz143 psr cibr ncib cal0 cal2 xi aksz bm_1_1
    0.1025736E-06   -0.6221522E-06    0.1189629E-06    0.5651469E-05    0.1926171E-05    0.9970966E-05    0.4070513E-06   -0.2130104E-02   -0.9027721E-03   -0.1250477E-03   -0.1455052E-03   -0.3745438E-03    0.1171186E-04   -0.6904465E-07   -0.7303946E-05   -0.2175575E-05    0.2672386E-08   -0.1390243E-07    0.4803866E-05   -0.8935332E-04   -0.1890561E-04
   -0.6221522E-06    0.8489167E-05   -0.1030646E-05   -0.5315643E-04   -0.2199700E-04   -0.8553261E-04   -0.1244963E-04    0.1852328E-01    0.5540240E-02    0.1343190E-02    0.5628415E-03    0.1902022E-02   -0.3864160E-04    0.6548789E-05    0.3437331E-04    0.1649787E-04   -0.1075562E-07    0.2059754E-06   -0.1087369E-04    0.4772168E-03    0.2640504E-03
    0.1189629E-06   -0.1030646E-05    0.4543349E-06    0.7921029E-05    0.3298071E-05    0.1367560E-04    0.1225000E-05   -0.2260854E-02   -0.8405870E-03   -0.2147983E-03   -0.1325490E-03   -0.3081197E-03    0.8773627E-05   -0.8014649E-06   -0.4525485E-05   -0.3246006E-05    0.1491925E-08   -0.3072449E-08   -0.6825957E-07   -0.7272171E-04   -0.2725325E-04
    0.5651469E-05   -0.5315643E-04    0.7921029E-05    0.1217466E-02    0.1881250E-03    0.2301417E-02   -0.1566811E-03   -0.2633647E+00   -0.6294964E-01    0.2068891E-01   -0.1486601E-01   -0.3901690E-01   -0.3015083E-02    0.4265860E-04   -0.1031411E-02   -0.1364056E-03    0.1862127E-07   -0.2162754E-05    0.4070134E-03   -0.1326888E-01   -0.2463810E-02
    0.1926171E-05   -0.2199700E-04    0.3298071E-05    0.1881250E-03    0.7875297E-04    0.3213256E-03    0.4085255E-04   -0.9596937E-01   -0.1896261E-01    0.1009346E-01   -0.6366653E-02   -0.1421556E-01   -0.1957160E-03    0.1897091E-04   -0.3562755E-03   -0.5110009E-04   -0.3885284E-08   -0.3450563E-06    0.1317408E-03   -0.4412834E-02   -0.6025446E-03
    0.9970966E-05   -0.8553261E-04    0.1367560E-04    0.2301417E-02    0.3213256E-03    0.4395355E-02   -0.3520133E-03   -0.4855929E+00   -0.1086126E+00    0.5483781E-01   -0.3120457E-01   -0.7769177E-01   -0.6793507E-02    0.1282021E-03   -0.2132538E-02   -0.2240999E-03    0.8297942E-07   -0.3187266E-05    0.8310493E-03   -0.2713060E-01   -0.3657182E-02
    0.4070513E-06   -0.1244963E-04    0.1225000E-05   -0.1566811E-03    0.4085255E-04   -0.3520133E-03    0.1191704E-02   -0.8088061E-02   -0.7986893E-02    0.6263174E-02    0.1299378E-02   -0.3154223E-02    0.2755283E-02    0.4923475E-04   -0.1862745E-04    0.9369881E-05   -0.2068777E-06   -0.3074807E-06   -0.6345973E-04   -0.6725606E-03   -0.4400060E-03
   -0.2130104E-02    0.1852328E-01   -0.2260854E-02   -0.2633647E+00   -0.9596937E-01   -0.4855929E+00   -0.8088061E-02    0.3533375E+04    0.1251776E+03   -0.1278856E+03    0.6673999E+02    0.9829078E+02   -0.6449265E+02   -0.7197602E+00   -0.6052560E-01    0.8485473E+00    0.9533197E-03   -0.1594546E-03   -0.4931036E-01   -0.1112534E+02    0.1733856E+02
   -0.9027721E-03    0.5540240E-02   -0.8405870E-03   -0.6294964E-01   -0.1896261E-01   -0.1086126E+00   -0.7986893E-02    0.1251776E+03    0.1704636E+03    0.1844982E+02   -0.3121524E+02    0.8756754E+01   -0.7193937E+01   -0.1506389E+00    0.9555344E-01    0.7930307E-01    0.4859319E-04    0.1208032E-02    0.9974824E+00   -0.1224643E+02    0.4525942E+00
   -0.1250477E-03    0.1343190E-02   -0.2147983E-03    0.2068891E-01    0.1009346E-01    0.5483781E-01    0.6263174E-02   -0.1278856E+03    0.1844982E+02    0.2570649E+03   -0.1747957E+02   -0.1024756E+03    0.3504656E+01    0.3043234E-01   -0.1567879E+01   -0.9207403E+00    0.1066182E-03   -0.2669370E-02    0.5385215E+00   -0.1086033E+02    0.8861634E+00
   -0.1455052E-03    0.5628415E-03   -0.1325490E-03   -0.1486601E-01   -0.6366653E-02   -0.3120457E-01    0.1299378E-02    0.6673999E+02   -0.3121524E+02   -0.1747957E+02    0.2686974E+02    0.1109158E+02   -0.2428424E+01    0.1597509E-01    0.8340572E-01    0.9706956E-01   -0.4512143E-04   -0.4626908E-03    0.1527976E+00   -0.3516290E+00   -0.3597349E+00
   -0.3745438E-03    0.1902022E-02   -0.3081197E-03   -0.3901690E-01   -0.1421556E-01   -0.7769177E-01   -0.3154223E-02    0.9829078E+02    0.8756754E+01   -0.1024756E+03    0.1109158E+02    0.5319562E+02   -0.1486248E+01    0.2996480E-01    0.7431976E+00    0.5596392E+00   -0.4887630E-04    0.1397380E-02   -0.2983368E+00   -0.8293720E+00   -0.2438771E+00
    0.1171186E-04   -0.3864160E-04    0.8773627E-05   -0.3015083E-02   -0.1957160E-03   -0.6793507E-02    0.2755283E-02   -0.6449265E+02   -0.7193937E+01    0.3504656E+01   -0.2428424E+01   -0.1486248E+01    0.7473243E+01    0.4349795E-01    0.2576150E+00   -0.3626650E-01   -0.2380651E-05   -0.1771783E-03   -0.5850563E-01   -0.1279558E+00    0.1949277E+00
   -0.6904465E-07    0.6548789E-05   -0.8014649E-06    0.4265860E-04    0.1897091E-04    0.1282021E-03    0.4923475E-04   -0.7197602E+00   -0.1506389E+00    0.3043234E-01    0.1597509E-01    0.2996480E-01    0.4349795E-01    0.5870449E-02   -0.4709020E-02    0.4152608E-02    0.4155789E-06   -0.5391847E-05    0.3504382E-02   -0.1575154E-01    0.3448589E-02
   -0.7303946E-05    0.3437331E-04   -0.4525485E-05   -0.1031411E-02   -0.3562755E-03   -0.2132538E-02   -0.1862745E-04   -0.6052560E-01    0.9555344E-01   -0.1567879E+01    0.8340572E-01    0.7431976E+00    0.2576150E+00   -0.4709020E-02    0.5023922E-01   -0.3900577E-02   -0.2951194E-05    0.3490155E-04   -0.5744012E-03   -0.1654136E-01   -0.2954533E-02
   -0.2175575E-05    0.1649787E-04   -0.3246006E-05   -0.1364056E-03   -0.5110009E-04   -0.2240999E-03    0.9369881E-05    0.8485473E+00    0.7930307E-01   -0.9207403E+00    0.9706956E-01    0.5596392E+00   -0.3626650E-01    0.4152608E-02   -0.3900577E-02    0.1546223E-01    0.5852263E-06    0.3312238E-05   -0.1584972E-02   -0.5963424E-02    0.6018509E-02
    0.2672386E-08   -0.1075562E-07    0.1491925E-08    0.1862127E-07   -0.3885284E-08    0.8297942E-07   -0.2068777E-06    0.9533197E-03    0.4859319E-04    0.1066182E-03   -0.4512143E-04   -0.4887630E-04   -0.2380651E-05    0.4155789E-06   -0.2951194E-05    0.5852263E-06    0.1540795E-06    0.1110895E-07    0.2797337E-06   -0.3443433E-05   -0.1324794E-04
   -0.1390243E-07    0.2059754E-06   -0.3072449E-08   -0.2162754E-05   -0.3450563E-06   -0.3187266E-05   -0.3074807E-06   -0.1594546E-03    0.1208032E-02   -0.2669370E-02   -0.4626908E-03    0.1397380E-02   -0.1771783E-03   -0.5391847E-05    0.3490155E-04    0.3312238E-05    0.1110895E-07    0.1868359E-05   -0.1324795E-04   -0.2351215E-04    0.1175651E-03
    0.4803866E-05   -0.1087369E-04   -0.6825957E-07    0.4070134E-03    0.1317408E-03    0.8310493E-03   -0.6345973E-04   -0.4931036E-01    0.9974824E+00    0.5385215E+00    0.1527976E+00   -0.2983368E+00   -0.5850563E-01    0.3504382E-02   -0.5744012E-03   -0.1584972E-02    0.2797337E-06   -0.1324795E-04    0.8211411E-01   -0.1534420E-02    0.1480773E-02
   -0.8935332E-04    0.4772168E-03   -0.7272171E-04   -0.1326888E-01   -0.4412834E-02   -0.2713060E-01   -0.6725606E-03   -0.1112534E+02   -0.1224643E+02   -0.1086033E+02   -0.3516290E+00   -0.8293720E+00   -0.1279558E+00   -0.1575154E-01   -0.1654136E-01   -0.5963424E-02   -0.3443433E-05   -0.2351215E-04   -0.1534420E-02    0.7890853E+01   -0.1049057E-01
   -0.1890561E-04    0.2640504E-03   -0.2725325E-04   -0.2463810E-02   -0.6025446E-03   -0.3657182E-02   -0.4400060E-03    0.1733856E+02    0.4525942E+00    0.8861634E+00   -0.3597349E+00   -0.2438771E+00    0.1949277E+00    0.3448589E-02   -0.2954533E-02    0.6018509E-02   -0.1324794E-04    0.1175651E-03    0.1480773E-02   -0.1049057E-01    0.3223009E+00
