# omegabh2 omegach2 theta tau yhe logA ns calPlanck calTE
    0.1079934E-06   -0.2712121E-06    0.3910851E-06    0.1851687E-05    0.9278522E-05    0.4710893E-05    0.3922786E-05    0.1162254E-07    0.4085331E-06
   -0.2712121E-06    0.3959824E-05   -0.9639608E-06   -0.9568138E-05   -0.1751629E-04   -0.1237164E-04   -0.1358476E-04    0.7126820E-08   -0.2058427E-05
    0.3910851E-06   -0.9639608E-06    0.2939027E-05    0.3415987E-05    0.6931875E-04    0.9778431E-05    0.1950712E-04   -0.1300907E-06    0.1579707E-05
    0.1851687E-05   -0.9568138E-05    0.3415987E-05    0.4848826E-03    0.6735077E-04    0.9967591E-03    0.1161710E-03   -0.1200743E-05   -0.3345971E-05
    0.9278522E-05   -0.1751629E-04    0.6931875E-04    0.6735077E-04    0.1781453E-02    0.2212507E-03    0.4754723E-03   -0.3014681E-05    0.3824121E-04
    0.4710893E-05   -0.1237164E-04    0.9778431E-05    0.9967591E-03    0.2212507E-03    0.2254033E-02    0.2788014E-03    0.1049265E-04    0.9660949E-04
    0.3922786E-05   -0.1358476E-04    0.1950712E-04    0.1161710E-03    0.4754723E-03    0.2788014E-03    0.2346925E-03    0.1331009E-06    0.2425478E-04
    0.1162254E-07    0.7126820E-08   -0.1300907E-06   -0.1200743E-05   -0.3014681E-05    0.1049265E-04    0.1331009E-06    0.6320630E-05   -0.2588057E-06
    0.4085331E-06   -0.2058427E-05    0.1579707E-05   -0.3345971E-05    0.3824121E-04    0.9660949E-04    0.2425478E-04   -0.2588057E-06    0.1012906E-03
