# omegabh2 omegach2 theta tau yhe logA ns acib217 acibsz143 asz143 aps100 aps143 aps143217 aps217 aksz kgal100 t1gal143 t1gal143217 t1gal217 calib_100T calib_217T
    0.1135379E-06   -0.2861985E-06    0.2330498E-06    0.2208199E-05    0.4965255E-05    0.5034235E-05    0.2762782E-05    0.3439179E-03    0.1497958E-03    0.4066733E-04   -0.3439270E-03   -0.1079587E-03   -0.2704560E-03   -0.2841942E-03   -0.7541274E-05    0.1526035E-02    0.9373475E-03    0.8851476E-03    0.7689475E-03   -0.9657598E-07    0.2814799E-08
   -0.2861985E-06    0.3284615E-05   -0.5619134E-06   -0.1408621E-04   -0.8053487E-05   -0.2396057E-04   -0.1056510E-04   -0.5536530E-03   -0.3427880E-03    0.4970826E-04   -0.2398528E-02   -0.1156729E-02   -0.6953945E-03   -0.1147732E-02    0.4217288E-03    0.1323805E-02    0.4223015E-02    0.4558156E-02    0.5049290E-02    0.3170623E-06   -0.2507831E-07
    0.2330498E-06   -0.5619134E-06    0.8126498E-06    0.5428795E-05    0.1669633E-04    0.1384259E-04    0.7941955E-05    0.2211791E-02    0.1037165E-02    0.1335033E-03    0.1425345E-02    0.7103692E-03   -0.1207364E-02   -0.1333513E-02    0.2847564E-03    0.2281016E-02    0.1372409E-02    0.1290646E-02    0.9933461E-03   -0.1752260E-06   -0.4379567E-07
    0.2208199E-05   -0.1408621E-04    0.5428795E-05    0.1701534E-03    0.8558385E-04    0.3251297E-03    0.7556000E-04    0.1996653E-02    0.2611809E-02    0.1292903E-02   -0.2417605E-01   -0.6977092E-02   -0.6329914E-02   -0.5276617E-04   -0.2805463E-02    0.2372268E-01    0.2574418E-01    0.2149304E-01    0.1681810E-01   -0.3147208E-07    0.8387748E-06
    0.4965255E-05   -0.8053487E-05    0.1669633E-04    0.8558385E-04    0.4545592E-03    0.2608255E-03    0.1903472E-03    0.6908339E-01    0.3226429E-01    0.3420427E-02    0.5809647E-01    0.2053864E-01   -0.4072855E-01   -0.4611704E-01    0.9335664E-02    0.4623145E-01    0.4240319E-01    0.4243502E-01    0.3686689E-01   -0.2743813E-05   -0.1965535E-05
    0.5034235E-05   -0.2396057E-04    0.1384259E-04    0.3251297E-03    0.2608255E-03    0.6641668E-03    0.1733599E-03    0.2010188E-01    0.1183518E-01    0.2266529E-02   -0.8157531E-02    0.6122586E-02   -0.8998334E-02   -0.2834839E-03   -0.2833563E-02    0.3184772E-01    0.1230573E-01    0.3630577E-02   -0.7238123E-02   -0.2689421E-05    0.1243550E-05
    0.2762782E-05   -0.1056510E-04    0.7941955E-05    0.7556000E-04    0.1903472E-03    0.1733599E-03    0.1112781E-03    0.1561442E-01    0.7553057E-02   -0.1820719E-03    0.1939852E-01    0.1807670E-01    0.2075843E-02    0.1948830E-02   -0.9355099E-03    0.1677658E-01    0.6751379E-02    0.5439579E-02    0.3336811E-02   -0.1486471E-05   -0.3408971E-06
    0.3439179E-03   -0.5536530E-03    0.2211791E-02    0.1996653E-02    0.6908339E-01    0.2010188E-01    0.1561442E-01    0.8115902E+02    0.3333111E+02    0.1814959E+01    0.2656441E+02   -0.1885924E+02   -0.7835857E+02   -0.9303268E+02   -0.1818843E+00   -0.8948457E+01   -0.2360482E+02   -0.2890977E+02   -0.3443536E+02   -0.5376367E-03   -0.3487166E-02
    0.1497958E-03   -0.3427880E-03    0.1037165E-02    0.2611809E-02    0.3226429E-01    0.1183518E-01    0.7553057E-02    0.3333111E+02    0.2241334E+02    0.2128274E+01   -0.1777103E+01   -0.1982861E+02   -0.5006616E+02   -0.3252435E+02   -0.2216583E+00   -0.6357587E+01   -0.1416668E+02   -0.2183144E+02   -0.2407500E+02   -0.2852616E-03   -0.3336717E-03
    0.4066733E-04    0.4970826E-04    0.1335033E-03    0.1292903E-02    0.3420427E-02    0.2266529E-02   -0.1820719E-03    0.1814959E+01    0.2128274E+01    0.5152646E+01   -0.3549031E+02   -0.1512391E+02   -0.4853889E+01   -0.2483886E+01   -0.1624195E+00   -0.6534155E+00    0.1692813E+01    0.4494113E+01    0.4340559E+01   -0.8318470E-04    0.1756153E-03
   -0.3439270E-03   -0.2398528E-02    0.1425345E-02   -0.2417605E-01    0.5809647E-01   -0.8157531E-02    0.1939852E-01    0.2656441E+02   -0.1777103E+01   -0.3549031E+02    0.7263641E+03    0.1832941E+03    0.6672460E+02    0.2974732E+02   -0.8751964E+01   -0.1113436E+03   -0.1112605E+03   -0.1176710E+03   -0.1168003E+03   -0.3060113E-02   -0.3019167E-02
   -0.1079587E-03   -0.1156729E-02    0.7103692E-03   -0.6977092E-02    0.2053864E-01    0.6122586E-02    0.1807670E-01   -0.1885924E+02   -0.1982861E+02   -0.1512391E+02    0.1832941E+03    0.1259254E+03    0.9798833E+02    0.6414522E+02   -0.9560875E+01   -0.3230093E+02   -0.6197605E+02   -0.5636216E+02   -0.5420991E+02   -0.2158000E-02   -0.5954387E-03
   -0.2704560E-03   -0.6953945E-03   -0.1207364E-02   -0.6329914E-02   -0.4072855E-01   -0.8998334E-02    0.2075843E-02   -0.7835857E+02   -0.5006616E+02   -0.4853889E+01    0.6672460E+02    0.9798833E+02    0.1658855E+03    0.1284809E+03   -0.9616231E+01   -0.2138689E+02   -0.3307329E+02   -0.2300221E+02   -0.2398638E+02   -0.1848454E-02    0.2537852E-02
   -0.2841942E-03   -0.1147732E-02   -0.1333513E-02   -0.5276617E-04   -0.4611704E-01   -0.2834839E-03    0.1948830E-02   -0.9303268E+02   -0.3252435E+02   -0.2483886E+01    0.2974732E+02    0.6414522E+02    0.1284809E+03    0.1648358E+03   -0.1000458E+02   -0.2467518E+02   -0.3948046E+02   -0.4778956E+02   -0.5216338E+02   -0.2036140E-02    0.6582538E-02
   -0.7541274E-05    0.4217288E-03    0.2847564E-03   -0.2805463E-02    0.9335664E-02   -0.2833563E-02   -0.9355099E-03   -0.1818843E+00   -0.2216583E+00   -0.1624195E+00   -0.8751964E+01   -0.9560875E+01   -0.9616231E+01   -0.1000458E+02    0.7992591E+01   -0.1879459E+01   -0.3083160E+01   -0.3222609E+01   -0.3118346E+01   -0.8145450E-04   -0.3064911E-04
    0.1526035E-02    0.1323805E-02    0.2281016E-02    0.2372268E-01    0.4623145E-01    0.3184772E-01    0.1677658E-01   -0.8948457E+01   -0.6357587E+01   -0.6534155E+00   -0.1113436E+03   -0.3230093E+02   -0.2138689E+02   -0.2467518E+02   -0.1879459E+01    0.2630895E+03    0.1801921E+03    0.1758342E+03    0.1714474E+03   -0.1402234E-01    0.7743195E-03
    0.9373475E-03    0.4223015E-02    0.1372409E-02    0.2574418E-01    0.4240319E-01    0.1230573E-01    0.6751379E-02   -0.2360482E+02   -0.1416668E+02    0.1692813E+01   -0.1112605E+03   -0.6197605E+02   -0.3307329E+02   -0.3948046E+02   -0.3083160E+01    0.1801921E+03    0.3242035E+03    0.3309451E+03    0.3338306E+03    0.1014691E-01    0.4628117E-04
    0.8851476E-03    0.4558156E-02    0.1290646E-02    0.2149304E-01    0.4243502E-01    0.3630577E-02    0.5439579E-02   -0.2890977E+02   -0.2183144E+02    0.4494113E+01   -0.1176710E+03   -0.5636216E+02   -0.2300221E+02   -0.4778956E+02   -0.3222609E+01    0.1758342E+03    0.3309451E+03    0.3759683E+03    0.4055393E+03    0.1061151E-01   -0.5630176E-02
    0.7689475E-03    0.5049290E-02    0.9933461E-03    0.1681810E-01    0.3686689E-01   -0.7238123E-02    0.3336811E-02   -0.3443536E+02   -0.2407500E+02    0.4340559E+01   -0.1168003E+03   -0.5420991E+02   -0.2398638E+02   -0.5216338E+02   -0.3118346E+01    0.1714474E+03    0.3338306E+03    0.4055393E+03    0.4626087E+03    0.1126886E-01   -0.1080722E-01
   -0.9657598E-07    0.3170623E-06   -0.1752260E-06   -0.3147208E-07   -0.2743813E-05   -0.2689421E-05   -0.1486471E-05   -0.5376367E-03   -0.2852616E-03   -0.8318470E-04   -0.3060113E-02   -0.2158000E-02   -0.1848454E-02   -0.2036140E-02   -0.8145450E-04   -0.1402234E-01    0.1014691E-01    0.1061151E-01    0.1126886E-01    0.3170483E-05   -0.9407358E-07
    0.2814799E-08   -0.2507831E-07   -0.4379567E-07    0.8387748E-06   -0.1965535E-05    0.1243550E-05   -0.3408971E-06   -0.3487166E-02   -0.3336717E-03    0.1756153E-03   -0.3019167E-02   -0.5954387E-03    0.2537852E-02    0.6582538E-02   -0.3064911E-04    0.7743195E-03    0.4628117E-04   -0.5630176E-02   -0.1080722E-01   -0.9407358E-07    0.1498107E-05
