# omegabh2 omegach2 theta tau logA ns aps100 aps143 aps217 acib143 acib217 asz143 psr cibr ncib xi aksz cal0 cal2 bm_1_1
    0.5019212E-07   -0.1759005E-06    0.4283577E-07    0.1018165E-05    0.1749625E-05    0.5718960E-06   -0.4964721E-03   -0.3366385E-03    0.4302940E-03   -0.1214006E-03   -0.3507008E-03    0.2960218E-04    0.1775686E-05   -0.2590936E-05   -0.5199256E-05    0.4205585E-05   -0.6018563E-04    0.1586164E-08    0.6194528E-08   -0.1497058E-05
   -0.1759005E-06    0.2963004E-05   -0.2740082E-06   -0.1256844E-04   -0.1822255E-04   -0.6913975E-05    0.4162258E-02    0.2300922E-03   -0.1927719E-02    0.3784347E-03    0.1337165E-02    0.7753440E-04    0.4656086E-05   -0.6221798E-05    0.2500396E-04   -0.2255821E-04    0.2461084E-03   -0.3836144E-07    0.7257703E-08    0.5645103E-04
    0.4283577E-07   -0.2740082E-06    0.2017460E-06    0.1940073E-05    0.3528848E-05    0.9272687E-06   -0.6689848E-05    0.9805176E-04    0.2634946E-03   -0.1060861E-03   -0.1643327E-03   -0.2722839E-04    0.5059960E-06   -0.3587971E-05   -0.2716183E-05    0.3833440E-05   -0.6984082E-04    0.7379798E-08    0.2964253E-07   -0.2720276E-06
    0.1018165E-05   -0.1256844E-04    0.1940073E-05    0.1440538E-03    0.2569125E-03    0.3545178E-04   -0.2368018E-01   -0.7968733E-02    0.6716036E-02   -0.2739670E-02   -0.7911094E-02    0.2080017E-03    0.2100849E-04   -0.7635971E-04   -0.1161283E-03    0.1935113E-04   -0.1060474E-02    0.1964447E-06   -0.1163030E-05   -0.4342598E-03
    0.1749625E-05   -0.1822255E-04    0.3528848E-05    0.2569125E-03    0.4744061E-03    0.5445727E-04   -0.3954073E-01   -0.8446523E-02    0.1612783E-01   -0.7661695E-02   -0.1487236E-01   -0.2766032E-03    0.7442927E-04   -0.2888322E-03   -0.1284565E-03    0.9756927E-05   -0.3126823E-02    0.5340299E-06   -0.1036777E-05   -0.2691548E-03
    0.5718960E-06   -0.6913975E-05    0.9272687E-06    0.3545178E-04    0.5445727E-04    0.3116118E-04   -0.3769990E-01    0.3641266E-03    0.2044974E-01   -0.6663703E-02   -0.1163088E-01   -0.4927947E-03    0.6491049E-04   -0.1332715E-03   -0.1203026E-03    0.1582381E-03   -0.2996003E-02   -0.1429614E-06    0.9663077E-06    0.1727826E-03
   -0.4964721E-03    0.4162258E-02   -0.6689848E-05   -0.2368018E-01   -0.3954073E-01   -0.3769990E-01    0.2432436E+04    0.7297624E+02   -0.9513719E+02    0.7104151E+02    0.7090034E+02   -0.5134187E+02   -0.9851013E+00   -0.1299998E+01    0.6399467E+00    0.1792998E+00   -0.1855799E+02    0.1524516E-02   -0.1995772E-02    0.1100690E+02
   -0.3366385E-03    0.2300922E-03    0.9805176E-04   -0.7968733E-02   -0.8446523E-02    0.3641266E-03    0.7297624E+02    0.1134435E+03    0.2703202E+02   -0.2012902E+02    0.3960022E+00   -0.6519319E+01   -0.1542050E+00   -0.1045281E+00    0.1532231E+00    0.1022830E+01   -0.1131701E+02    0.1502607E-03    0.1025923E-02    0.4843554E+00
    0.4302940E-03   -0.1927719E-02    0.2634946E-03    0.6716036E-02    0.1612783E-01    0.2044974E-01   -0.9513719E+02    0.2703202E+02    0.2884112E+03   -0.3304062E+02   -0.1312435E+03    0.2027624E+01    0.2826046E+00   -0.1173294E+01   -0.1538446E+01    0.5616499E+00   -0.8241539E+01   -0.9144537E-03   -0.3637515E-02    0.6922470E+00
   -0.1214006E-03    0.3784347E-03   -0.1060861E-03   -0.2739670E-02   -0.7661695E-02   -0.6663703E-02    0.7104151E+02   -0.2012902E+02   -0.3304062E+02    0.2451070E+02    0.1875191E+02   -0.1939453E+01   -0.4585636E-01    0.3109033E-01    0.1980521E+00    0.1593111E+00   -0.9691614E+00   -0.7040999E-04   -0.1555688E-02   -0.3423406E+00
   -0.3507008E-03    0.1337165E-02   -0.1643327E-03   -0.7911094E-02   -0.1487236E-01   -0.1163088E-01    0.7090034E+02    0.3960022E+00   -0.1312435E+03    0.1875191E+02    0.7081611E+02   -0.4920728E+00   -0.7299651E-01    0.5346182E+00    0.9642073E+00   -0.2709340E+00   -0.2047986E+01    0.4641790E-03    0.9064101E-03   -0.1737442E+00
    0.2960218E-04    0.7753440E-04   -0.2722839E-04    0.2080017E-03   -0.2766032E-03   -0.4927947E-03   -0.5134187E+02   -0.6519319E+01    0.2027624E+01   -0.1939453E+01   -0.4920728E+00    0.6634529E+01    0.6798966E-01    0.2681454E+00   -0.1726940E-01   -0.4514524E-01   -0.4124738E+00    0.7140542E-04   -0.3425105E-03    0.1393077E+00
    0.1775686E-05    0.4656086E-05    0.5059960E-06    0.2100849E-04    0.7442927E-04    0.6491049E-04   -0.9851013E+00   -0.1542050E+00    0.2826046E+00   -0.4585636E-01   -0.7299651E-01    0.6798966E-01    0.1581759E-01   -0.8802800E-02    0.3770687E-02    0.5229841E-02   -0.1237595E-01   -0.4300203E-06   -0.3194089E-04    0.4240816E-02
   -0.2590936E-05   -0.6221798E-05   -0.3587971E-05   -0.7635971E-04   -0.2888322E-03   -0.1332715E-03   -0.1299998E+01   -0.1045281E+00   -0.1173294E+01    0.3109033E-01    0.5346182E+00    0.2681454E+00   -0.8802800E-02    0.5008279E-01   -0.3176954E-02    0.7367757E-02   -0.2036923E-01    0.2029175E-05    0.7715897E-04   -0.4118618E-02
   -0.5199256E-05    0.2500396E-04   -0.2716183E-05   -0.1161283E-03   -0.1284565E-03   -0.1203026E-03    0.6399467E+00    0.1532231E+00   -0.1538446E+01    0.1980521E+00    0.9642073E+00   -0.1726940E-01    0.3770687E-02   -0.3176954E-02    0.2416021E-01   -0.1711085E-02   -0.2268472E-01    0.1029221E-04   -0.8492832E-04    0.7361981E-02
    0.4205585E-05   -0.2255821E-04    0.3833440E-05    0.1935113E-04    0.9756927E-05    0.1582381E-03    0.1792998E+00    0.1022830E+01    0.5616499E+00    0.1593111E+00   -0.2709340E+00   -0.4514524E-01    0.5229841E-02    0.7367757E-02   -0.1711085E-02    0.7854902E-01   -0.1046566E-01   -0.7586522E-05   -0.1432057E-04    0.4525634E-02
   -0.6018563E-04    0.2461084E-03   -0.6984082E-04   -0.1060474E-02   -0.3126823E-02   -0.2996003E-02   -0.1855799E+02   -0.1131701E+02   -0.8241539E+01   -0.9691614E+00   -0.2047986E+01   -0.4124738E+00   -0.1237595E-01   -0.2036923E-01   -0.2268472E-01   -0.1046566E-01    0.7215901E+01   -0.8410520E-06   -0.3181415E-04   -0.7192565E-01
    0.1586164E-08   -0.3836144E-07    0.7379798E-08    0.1964447E-06    0.5340299E-06   -0.1429614E-06    0.1524516E-02    0.1502607E-03   -0.9144537E-03   -0.7040999E-04    0.4641790E-03    0.7140542E-04   -0.4300203E-06    0.2029175E-05    0.1029221E-04   -0.7586522E-05   -0.8410520E-06    0.7985820E-06    0.6426017E-07   -0.1124251E-03
    0.6194528E-08    0.7257703E-08    0.2964253E-07   -0.1163030E-05   -0.1036777E-05    0.9663077E-06   -0.1995772E-02    0.1025923E-02   -0.3637515E-02   -0.1555688E-02    0.9064101E-03   -0.3425105E-03   -0.3194089E-04    0.7715897E-04   -0.8492832E-04   -0.1432057E-04   -0.3181415E-04    0.6426017E-07    0.5705228E-05    0.2188974E-03
   -0.1497058E-05    0.5645103E-04   -0.2720276E-06   -0.4342598E-03   -0.2691548E-03    0.1727826E-03    0.1100690E+02    0.4843554E+00    0.6922470E+00   -0.3423406E+00   -0.1737442E+00    0.1393077E+00    0.4240816E-02   -0.4118618E-02    0.7361981E-02    0.4525634E-02   -0.7192565E-01   -0.1124251E-03    0.2188974E-03    0.2510301E+00
