# omegabh2 omegach2 theta tau logA ns calPlanck acib217 xi asz143 aps100 aps143 aps143217 aps217 aksz kgal100 kgal143 kgal143217 kgal217 galfEE100 galfEE100143 galfEE100217 galfEE143 galfEE143217 galfEE217 galfTE100 galfTE100143 galfTE100217 galfTE143 galfTE143217 galfTE217 cal0 cal2
    0.2702862E-07   -0.1722320E-06    0.2642672E-07    0.1482634E-05    0.2652325E-05    0.4807020E-06    0.9819610E-08   -0.1432383E-03    0.3630086E-05    0.3565880E-04   -0.5734160E-03   -0.2615511E-03   -0.1016818E-04    0.8773010E-04   -0.6135855E-04   -0.4152586E-05   -0.6963069E-05   -0.1737535E-04    0.3866344E-06    0.1526479E-06    0.4848490E-07    0.1116725E-07    0.4110474E-07    0.6303870E-07   -0.2694622E-06   -0.4127554E-06   -0.1810593E-06    0.1297240E-06   -0.1862906E-07   -0.5880629E-06   -0.1931818E-05    0.6733081E-08   -0.1304908E-07
   -0.1722320E-06    0.2567780E-05   -0.2593355E-06   -0.2124733E-04   -0.3639000E-04   -0.6691444E-05   -0.4161312E-07    0.9401292E-03   -0.3663995E-04   -0.1957521E-03    0.3664439E-02    0.1860349E-02    0.1515941E-03   -0.3300840E-03    0.3041027E-03    0.2531064E-04    0.2586032E-04    0.1353382E-03    0.9479971E-04   -0.1560910E-05   -0.5268307E-06   -0.5077622E-07   -0.5365793E-06   -0.4842078E-06    0.2759431E-05    0.3287404E-05    0.1280666E-05    0.3534274E-05    0.1866645E-06    0.5680366E-05    0.1659219E-04   -0.3000269E-07    0.1039793E-06
    0.2642672E-07   -0.2593355E-06    0.1085199E-06    0.2729817E-05    0.4942693E-05    0.8225615E-06    0.8816367E-08   -0.1224379E-03    0.2138278E-05    0.2363020E-04   -0.4053440E-03   -0.2442684E-03   -0.5855770E-04    0.5076946E-04   -0.4209453E-04   -0.1221625E-04   -0.6221597E-05   -0.1523139E-04   -0.1429904E-05    0.2332121E-06    0.8214212E-07    0.3513844E-07    0.6880618E-07    0.7382579E-07   -0.3294387E-06   -0.6179358E-06   -0.3828358E-06    0.3136070E-06   -0.1579091E-06   -0.9854344E-06   -0.9616403E-06    0.3992799E-08   -0.1397675E-07
    0.1482634E-05   -0.2124733E-04    0.2729817E-05    0.3115908E-03    0.5573174E-03    0.6350789E-04   -0.5582314E-05   -0.1199888E-01    0.2688955E-03    0.2237674E-02   -0.4429007E-01   -0.2119992E-01   -0.3544164E-02    0.3981164E-02   -0.3654618E-02   -0.7434560E-03    0.1014810E-03   -0.1737512E-02   -0.1272805E-02    0.1194662E-04    0.5598536E-05    0.9820357E-06    0.5608518E-05    0.4332001E-05   -0.2073058E-04   -0.3165113E-04   -0.1572948E-04   -0.3995764E-04    0.1473874E-05   -0.5464295E-04   -0.1519852E-03   -0.1151348E-06   -0.1460898E-05
    0.2652325E-05   -0.3639000E-04    0.4942693E-05    0.5573174E-03    0.1025923E-02    0.1097906E-03    0.1192411E-05   -0.2207289E-01    0.4901047E-03    0.4080467E-02   -0.7834649E-01   -0.3645094E-01   -0.3872990E-02    0.1322047E-01   -0.7557373E-02   -0.1467811E-02   -0.2628371E-03   -0.3705934E-02   -0.8983028E-03    0.2330051E-04    0.9889599E-05    0.1439978E-05    0.9959573E-05    0.8603652E-05   -0.4176540E-04   -0.5678286E-04   -0.2917268E-04   -0.7289434E-04    0.4336063E-05   -0.1039605E-03   -0.2751548E-03   -0.1019591E-06   -0.2779791E-05
    0.4807020E-06   -0.6691444E-05    0.8225615E-06    0.6350789E-04    0.1097906E-03    0.2741299E-04    0.3407673E-06   -0.6769096E-02    0.1888556E-03    0.1395994E-02   -0.3122400E-01   -0.9330293E-02    0.2737139E-02    0.6914293E-02   -0.3021697E-02    0.3012161E-04   -0.1661294E-03   -0.7346279E-03    0.6361166E-03    0.6648610E-05    0.2547490E-05    0.1353378E-05    0.2600344E-05    0.2143133E-05   -0.6945876E-05   -0.9102999E-05   -0.4566433E-05   -0.7728250E-05    0.7712161E-07   -0.7930674E-05   -0.3147456E-04   -0.1134951E-06   -0.5692762E-06
    0.9819610E-08   -0.4161312E-07    0.8816367E-08   -0.5582314E-05    0.1192411E-05    0.3407673E-06    0.6152364E-05    0.6746674E-03   -0.4664088E-06   -0.1259514E-04    0.2183985E-02    0.4805667E-03    0.3065620E-03    0.1264628E-02   -0.5613844E-04    0.5045867E-04   -0.3885947E-05   -0.5238497E-04    0.6615487E-03    0.1926531E-05    0.1978830E-06   -0.6268093E-07    0.2487589E-06    0.7060573E-06   -0.2866463E-05    0.1422077E-06    0.1129992E-06    0.1172543E-05    0.1957560E-06   -0.2879344E-05   -0.2340204E-05   -0.2236980E-07   -0.5098413E-08
   -0.1432383E-03    0.9401292E-03   -0.1224379E-03   -0.1199888E-01   -0.2207289E-01   -0.6769096E-02    0.6746674E-03    0.4692451E+02   -0.4857797E+00   -0.1112219E+01    0.3782284E+02    0.1004715E-01   -0.1970287E+02   -0.6336729E+02    0.1480891E-01   -0.1424064E+00    0.4853233E+00   -0.2781252E+01   -0.2427769E+02   -0.4502777E-03   -0.6576837E-03   -0.4272755E-03   -0.4421676E-03    0.8440617E-03    0.3722325E-02    0.5749987E-03    0.4717548E-02   -0.1113576E-01    0.3045506E-02   -0.5165278E-02   -0.6471888E-02   -0.2069130E-03    0.4121419E-02
    0.3630086E-05   -0.3663995E-04    0.2138278E-05    0.2688955E-03    0.4901047E-03    0.1888556E-03   -0.4664088E-06   -0.4857797E+00    0.8229696E-01   -0.7188670E-01   -0.5310160E+00    0.9245860E+00    0.1755468E+01    0.7189617E+00    0.8332468E-01   -0.1189777E-03    0.6789859E-02    0.8925111E-01    0.1031110E+00   -0.9481829E-05    0.1307087E-04    0.3635098E-04    0.1446623E-05   -0.8495137E-04    0.5602794E-04   -0.9145896E-04   -0.4504371E-05   -0.3728145E-03   -0.1624886E-03   -0.2465159E-03   -0.3058429E-04    0.8806515E-05   -0.1377805E-04
    0.3565880E-04   -0.1957521E-03    0.2363020E-04    0.2237674E-02    0.4080467E-02    0.1395994E-02   -0.1259514E-04   -0.1112219E+01   -0.7188670E-01    0.3738971E+01   -0.2869091E+02   -0.3714499E+01    0.7516608E+01    0.5993352E+01   -0.2708683E+01   -0.2795194E+00    0.6682044E-01    0.2394413E+01    0.1891070E+01    0.2808511E-04    0.6533094E-04    0.2117049E-04    0.3211858E-05    0.2430451E-03   -0.8595007E-03   -0.2994376E-02   -0.1116172E-02   -0.3789898E-02   -0.3225566E-03    0.2245855E-02   -0.2154987E-02    0.1913024E-03   -0.3181713E-03
   -0.5734160E-03    0.3664439E-02   -0.4053440E-03   -0.4429007E-01   -0.7834649E-01   -0.3122400E-01    0.2183985E-02    0.3782284E+02   -0.5310160E+00   -0.2869091E+02    0.7149819E+03    0.6526828E+02   -0.6037358E+02   -0.6658360E+02    0.1411863E+02    0.7887410E+00    0.2688900E-02   -0.1209485E+02   -0.1626578E+02   -0.2065217E-02   -0.1404271E-02   -0.2964720E-02   -0.2035678E-02   -0.1649585E-02    0.1916143E-01    0.5564742E-01    0.5313232E-02    0.5191620E-01    0.1786412E-01   -0.6735156E-02   -0.1123742E-01    0.4597793E-02    0.4089933E-02
   -0.2615511E-03    0.1860349E-02   -0.2442684E-03   -0.2119992E-01   -0.3645094E-01   -0.9330293E-02    0.4805667E-03    0.1004715E-01    0.9245860E+00   -0.3714499E+01    0.6526828E+02    0.5660498E+02    0.3994270E+02    0.1704027E+02   -0.4287904E+01    0.6560298E-02   -0.9407991E+00    0.3764455E+01    0.4385453E+01   -0.1257159E-02   -0.1012801E-02   -0.7586143E-03   -0.1352922E-02   -0.8004873E-04    0.8975206E-03   -0.4048961E-02    0.2150384E-02   -0.1054199E-01    0.3021688E-03   -0.5893146E-02   -0.8793171E-02    0.2281541E-03    0.2502398E-03
   -0.1016818E-04    0.1515941E-03   -0.5855770E-04   -0.3544164E-02   -0.3872990E-02    0.2737139E-02    0.3065620E-03   -0.1970287E+02    0.1755468E+01    0.7516608E+01   -0.6037358E+02    0.3994270E+02    0.9075049E+02    0.6267498E+02   -0.1160983E+02   -0.6625827E+00   -0.3473579E+00    0.4405578E+01    0.5604238E+01   -0.7551474E-03   -0.4759277E-03    0.3222699E-03   -0.9122887E-03   -0.3407121E-03   -0.3465611E-02   -0.1709066E-01   -0.5795094E-02   -0.2322664E-01   -0.2036684E-03    0.1999666E-02   -0.1074735E-01    0.7684717E-03   -0.2276372E-02
    0.8773010E-04   -0.3300840E-03    0.5076946E-04    0.3981164E-02    0.1322047E-01    0.6914293E-02    0.1264628E-02   -0.6336729E+02    0.7189617E+00    0.5993352E+01   -0.6658360E+02    0.1704027E+02    0.6267498E+02    0.1206175E+03   -0.9825341E+01   -0.2497523E+00   -0.7165693E+00    0.5431823E+00    0.2145572E+02    0.1053821E-02    0.1746282E-03   -0.3440209E-03   -0.4845294E-04    0.1947856E-02   -0.1498276E-01   -0.7317571E-02   -0.9168685E-02    0.1098794E-02   -0.1956762E-02    0.9706432E-02    0.7539649E-02    0.6168208E-03   -0.7214068E-02
   -0.6135855E-04    0.3041027E-03   -0.4209453E-04   -0.3654618E-02   -0.7557373E-02   -0.3021697E-02   -0.5613844E-04    0.1480891E-01    0.8332468E-01   -0.2708683E+01    0.1411863E+02   -0.4287904E+01   -0.1160983E+02   -0.9825341E+01    0.6072070E+01    0.1564804E+00   -0.7953161E-01   -0.1970912E+01   -0.1476090E+01   -0.8943095E-03   -0.1092341E-03    0.2772091E-03    0.1795330E-04   -0.1460847E-02    0.2971520E-02    0.4658103E-02    0.2123596E-02    0.7321394E-02   -0.1085158E-02    0.5316082E-03    0.9544379E-02   -0.1375254E-03    0.1284940E-03
   -0.4152586E-05    0.2531064E-04   -0.1221625E-04   -0.7434560E-03   -0.1467811E-02    0.3012161E-04    0.5045867E-04   -0.1424064E+00   -0.1189777E-03   -0.2795194E+00    0.7887410E+00    0.6560298E-02   -0.6625827E+00   -0.2497523E+00    0.1564804E+00    0.3170909E+01    0.7469235E+00    0.2258072E+00    0.3994060E+00   -0.1017424E-03   -0.1559320E-04   -0.1502523E-03    0.1472304E-03   -0.1506575E-03   -0.1074655E-03   -0.5823504E-03    0.8122122E-03    0.3505945E-02    0.1178880E-04   -0.2635234E-02   -0.5144931E-03    0.4272965E-03   -0.2061658E-04
   -0.6963069E-05    0.2586032E-04   -0.6221597E-05    0.1014810E-03   -0.2628371E-03   -0.1661294E-03   -0.3885947E-05    0.4853233E+00    0.6789859E-02    0.6682044E-01    0.2688900E-02   -0.9407991E+00   -0.3473579E+00   -0.7165693E+00   -0.7953161E-01    0.7469235E+00    0.2989344E+01    0.2268223E+01    0.1112689E+01   -0.1076275E-03   -0.1014651E-03   -0.4167768E-03    0.2825633E-04   -0.6300886E-03   -0.1158154E-02    0.5056296E-02   -0.2467538E-03    0.1176082E-02   -0.1241660E-02   -0.1440272E-02    0.5445203E-02   -0.4089071E-03   -0.1719641E-03
   -0.1737535E-04    0.1353382E-03   -0.1523139E-04   -0.1737512E-02   -0.3705934E-02   -0.7346279E-03   -0.5238497E-04   -0.2781252E+01    0.8925111E-01    0.2394413E+01   -0.1209485E+02    0.3764455E+01    0.4405578E+01    0.5431823E+00   -0.1970912E+01    0.2258072E+00    0.2268223E+01    0.1756650E+02    0.2686006E+02   -0.2468309E-03    0.2849460E-03   -0.1131480E-02   -0.3163058E-03   -0.2620324E-03    0.3656310E-02    0.3175962E-02    0.7702530E-03   -0.2805916E-02   -0.1025896E-02   -0.1754786E-02    0.1078156E-03   -0.6910037E-04    0.2530281E-02
    0.3866344E-06    0.9479971E-04   -0.1429904E-05   -0.1272805E-02   -0.8983028E-03    0.6361166E-03    0.6615487E-03   -0.2427769E+02    0.1031110E+00    0.1891070E+01   -0.1626578E+02    0.4385453E+01    0.5604238E+01    0.2145572E+02   -0.1476090E+01    0.3994060E+00    0.1112689E+01    0.2686006E+02    0.6123587E+02    0.1338172E-03    0.7546246E-03   -0.2256258E-02   -0.5992862E-03   -0.6757463E-04    0.6145514E-02    0.3797648E-02   -0.1505770E-02    0.1587818E-01   -0.6700406E-03   -0.1403376E-02    0.5975179E-03   -0.4255991E-04    0.4508182E-02
    0.1526479E-06   -0.1560910E-05    0.2332121E-06    0.1194662E-04    0.2330051E-04    0.6648610E-05    0.1926531E-05   -0.4502777E-03   -0.9481829E-05    0.2808511E-04   -0.2065217E-02   -0.1257159E-02   -0.7551474E-03    0.1053821E-02   -0.8943095E-03   -0.1017424E-03   -0.1076275E-03   -0.2468309E-03    0.1338172E-03    0.1252286E-03    0.1105169E-04    0.2248890E-06    0.2221869E-05   -0.4002148E-05   -0.2434395E-06   -0.8950055E-05   -0.1280623E-05    0.1898620E-04   -0.5479608E-05   -0.1607518E-04   -0.2791626E-04    0.1767754E-07   -0.1605721E-07
    0.4848490E-07   -0.5268307E-06    0.8214212E-07    0.5598536E-05    0.9889599E-05    0.2547490E-05    0.1978830E-06   -0.6576837E-03    0.1307087E-04    0.6533094E-04   -0.1404271E-02   -0.1012801E-02   -0.4759277E-03    0.1746282E-03   -0.1092341E-03   -0.1559320E-04   -0.1014651E-03    0.2849460E-03    0.7546246E-03    0.1105169E-04    0.1406971E-04   -0.1210876E-05    0.6198245E-05   -0.1575681E-05    0.1289098E-05    0.1763034E-05    0.1450781E-07    0.2495681E-05   -0.1241850E-05   -0.6204451E-06   -0.4676640E-05    0.3053432E-07    0.2148091E-07
    0.1116725E-07   -0.5077622E-07    0.3513844E-07    0.9820357E-06    0.1439978E-05    0.1353378E-05   -0.6268093E-07   -0.4272755E-03    0.3635098E-04    0.2117049E-04   -0.2964720E-02   -0.7586143E-03    0.3222699E-03   -0.3440209E-03    0.2772091E-03   -0.1502523E-03   -0.4167768E-03   -0.1131480E-02   -0.2256258E-02    0.2248890E-06   -0.1210876E-05    0.2295085E-03   -0.1265033E-05   -0.3916923E-06    0.9169809E-06   -0.1914457E-05   -0.5443212E-05    0.2702170E-05   -0.4651307E-05   -0.2047990E-05   -0.4866283E-04   -0.4106123E-07   -0.5513744E-06
    0.4110474E-07   -0.5365793E-06    0.6880618E-07    0.5608518E-05    0.9959573E-05    0.2600344E-05    0.2487589E-06   -0.4421676E-03    0.1446623E-05    0.3211858E-05   -0.2035678E-02   -0.1352922E-02   -0.9122887E-03   -0.4845294E-04    0.1795330E-04    0.1472304E-03    0.2825633E-04   -0.3163058E-03   -0.5992862E-03    0.2221869E-05    0.6198245E-05   -0.1265033E-05    0.3010762E-04    0.3698027E-06    0.4282852E-05    0.2274050E-06   -0.2543254E-06    0.6945488E-05   -0.3868209E-06   -0.6722773E-05   -0.8215385E-05   -0.3119686E-07   -0.1905856E-06
    0.6303870E-07   -0.4842078E-06    0.7382579E-07    0.4332001E-05    0.8603652E-05    0.2143133E-05    0.7060573E-06    0.8440617E-03   -0.8495137E-04    0.2430451E-03   -0.1649585E-02   -0.8004873E-04   -0.3407121E-03    0.1947856E-02   -0.1460847E-02   -0.1506575E-03   -0.6300886E-03   -0.2620324E-03   -0.6757463E-04   -0.4002148E-05   -0.1575681E-05   -0.3916923E-06    0.3698027E-06    0.4007008E-03    0.8712188E-05    0.2953813E-04    0.1284334E-04   -0.1400751E-03    0.1137624E-04   -0.3622789E-05   -0.5608327E-04    0.7733202E-07    0.4395775E-06
   -0.2694622E-06    0.2759431E-05   -0.3294387E-06   -0.2073058E-04   -0.4176540E-04   -0.6945876E-05   -0.2866463E-05    0.3722325E-02    0.5602794E-04   -0.8595007E-03    0.1916143E-01    0.8975206E-03   -0.3465611E-02   -0.1498276E-01    0.2971520E-02   -0.1074655E-03   -0.1158154E-02    0.3656310E-02    0.6145514E-02   -0.2434395E-06    0.1289098E-05    0.9169809E-06    0.4282852E-05    0.8712188E-05    0.3390959E-02   -0.3152640E-05   -0.9481296E-05    0.2084866E-05   -0.8532640E-05   -0.2166445E-04    0.5335233E-04    0.5146796E-06    0.1445913E-05
   -0.4127554E-06    0.3287404E-05   -0.6179358E-06   -0.3165113E-04   -0.5678286E-04   -0.9102999E-05    0.1422077E-06    0.5749987E-03   -0.9145896E-04   -0.2994376E-02    0.5564742E-01   -0.4048961E-02   -0.1709066E-01   -0.7317571E-02    0.4658103E-02   -0.5823504E-03    0.5056296E-02    0.3175962E-02    0.3797648E-02   -0.8950055E-05    0.1763034E-05   -0.1914457E-05    0.2274050E-06    0.2953813E-04   -0.3152640E-05    0.5728691E-02    0.1810000E-02    0.1800422E-02   -0.6868595E-03   -0.1727796E-03   -0.2337341E-03    0.1689074E-05    0.3249725E-06
   -0.1810593E-06    0.1280666E-05   -0.3828358E-06   -0.1572948E-04   -0.2917268E-04   -0.4566433E-05    0.1129992E-06    0.4717548E-02   -0.4504371E-05   -0.1116172E-02    0.5313232E-02    0.2150384E-02   -0.5795094E-02   -0.9168685E-02    0.2123596E-02    0.8122122E-03   -0.2467538E-03    0.7702530E-03   -0.1505770E-02   -0.1280623E-05    0.1450781E-07   -0.5443212E-05   -0.2543254E-06    0.1284334E-04   -0.9481296E-05    0.1810000E-02    0.1237701E-02    0.8494670E-03    0.2085642E-03   -0.3617201E-04   -0.3288939E-03   -0.1076770E-06    0.4074599E-06
    0.1297240E-06    0.3534274E-05    0.3136070E-06   -0.3995764E-04   -0.7289434E-04   -0.7728250E-05    0.1172543E-05   -0.1113576E-01   -0.3728145E-03   -0.3789898E-02    0.5191620E-01   -0.1054199E-01   -0.2322664E-01    0.1098794E-02    0.7321394E-02    0.3505945E-02    0.1176082E-02   -0.2805916E-02    0.1587818E-01    0.1898620E-04    0.2495681E-05    0.2702170E-05    0.6945488E-05   -0.1400751E-03    0.2084866E-05    0.1800422E-02    0.8494670E-03    0.3365664E-01   -0.7043389E-03    0.1630633E-02    0.1104576E-01   -0.1867381E-05    0.2051787E-05
   -0.1862906E-07    0.1866645E-06   -0.1579091E-06    0.1473874E-05    0.4336063E-05    0.7712161E-07    0.1957560E-06    0.3045506E-02   -0.1624886E-03   -0.3225566E-03    0.1786412E-01    0.3021688E-03   -0.2036684E-03   -0.1956762E-02   -0.1085158E-02    0.1178880E-04   -0.1241660E-02   -0.1025896E-02   -0.6700406E-03   -0.5479608E-05   -0.1241850E-05   -0.4651307E-05   -0.3868209E-06    0.1137624E-04   -0.8532640E-05   -0.6868595E-03    0.2085642E-03   -0.7043389E-03    0.1366675E-02    0.1382945E-03   -0.4678754E-03    0.3719576E-06    0.6892246E-06
   -0.5880629E-06    0.5680366E-05   -0.9854344E-06   -0.5464295E-04   -0.1039605E-03   -0.7930674E-05   -0.2879344E-05   -0.5165278E-02   -0.2465159E-03    0.2245855E-02   -0.6735156E-02   -0.5893146E-02    0.1999666E-02    0.9706432E-02    0.5316082E-03   -0.2635234E-02   -0.1440272E-02   -0.1754786E-02   -0.1403376E-02   -0.1607518E-04   -0.6204451E-06   -0.2047990E-05   -0.6722773E-05   -0.3622789E-05   -0.2166445E-04   -0.1727796E-03   -0.3617201E-04    0.1630633E-02    0.1382945E-03    0.5242301E-02    0.4444073E-02    0.4361860E-06   -0.3560037E-06
   -0.1931818E-05    0.1659219E-04   -0.9616403E-06   -0.1519852E-03   -0.2751548E-03   -0.3147456E-04   -0.2340204E-05   -0.6471888E-02   -0.3058429E-04   -0.2154987E-02   -0.1123742E-01   -0.8793171E-02   -0.1074735E-01    0.7539649E-02    0.9544379E-02   -0.5144931E-03    0.5445203E-02    0.1078156E-03    0.5975179E-03   -0.2791626E-04   -0.4676640E-05   -0.4866283E-04   -0.8215385E-05   -0.5608327E-04    0.5335233E-04   -0.2337341E-03   -0.3288939E-03    0.1104576E-01   -0.4678754E-03    0.4444073E-02    0.3595719E-01   -0.2871515E-05   -0.4359526E-06
    0.6733081E-08   -0.3000269E-07    0.3992799E-08   -0.1151348E-06   -0.1019591E-06   -0.1134951E-06   -0.2236980E-07   -0.2069130E-03    0.8806515E-05    0.1913024E-03    0.4597793E-02    0.2281541E-03    0.7684717E-03    0.6168208E-03   -0.1375254E-03    0.4272965E-03   -0.4089071E-03   -0.6910037E-04   -0.4255991E-04    0.1767754E-07    0.3053432E-07   -0.4106123E-07   -0.3119686E-07    0.7733202E-07    0.5146796E-06    0.1689074E-05   -0.1076770E-06   -0.1867381E-05    0.3719576E-06    0.4361860E-06   -0.2871515E-05    0.5286719E-06   -0.4296745E-08
   -0.1304908E-07    0.1039793E-06   -0.1397675E-07   -0.1460898E-05   -0.2779791E-05   -0.5692762E-06   -0.5098413E-08    0.4121419E-02   -0.1377805E-04   -0.3181713E-03    0.4089933E-02    0.2502398E-03   -0.2276372E-02   -0.7214068E-02    0.1284940E-03   -0.2061658E-04   -0.1719641E-03    0.2530281E-02    0.4508182E-02   -0.1605721E-07    0.2148091E-07   -0.5513744E-06   -0.1905856E-06    0.4395775E-06    0.1445913E-05    0.3249725E-06    0.4074599E-06    0.2051787E-05    0.6892246E-06   -0.3560037E-06   -0.4359526E-06   -0.4296745E-08    0.2025002E-05
