# omegabh2 omegach2 theta tau logA ns acib217 acibsz143 asz143 aps100 aps143 aps143217 aps217 aksz kgal100 t1gal143 t1gal143217 t1gal217 galfEE100 galfEE100143 galfEE100217 galfEE143 galfEE143217 galfEE217 galfTE100 galfTE100143 galfTE100217 galfTE143 galfTE143217 galfTE217 calib_100T calib_217T
    0.2372527E-07   -0.1071106E-06    0.1812228E-07    0.6161621E-06    0.1119505E-05    0.2915665E-06   -0.1469146E-03   -0.8650862E-04   -0.1744613E-04   -0.6508624E-04    0.6135397E-05    0.1437557E-03    0.1141426E-03   -0.3299750E-04    0.8558059E-04   -0.1835340E-03   -0.1961711E-03   -0.2073205E-03    0.1257857E-06    0.1308861E-06    0.1641459E-06    0.1171622E-06    0.1471415E-06    0.2042947E-06   -0.1423389E-05   -0.2082838E-05   -0.2728745E-05   -0.3805874E-05   -0.5166321E-05   -0.8247552E-05   -0.2783708E-07    0.3030153E-08
   -0.1071106E-06    0.1535532E-05   -0.1177452E-06   -0.7282603E-05   -0.1096497E-04   -0.3841024E-05    0.6631495E-03    0.2080186E-03    0.2816149E-05    0.1503261E-02    0.5723432E-03   -0.2459574E-04   -0.3954346E-03    0.1366850E-03    0.3822046E-03    0.1451002E-03    0.3563104E-03    0.4607954E-03   -0.1543758E-05   -0.1739657E-05   -0.1787508E-05   -0.1655499E-05   -0.1867341E-05   -0.1616452E-05    0.1073991E-04    0.1248566E-04    0.1243935E-04    0.2395294E-04    0.2767294E-04    0.3805968E-04   -0.6858316E-07   -0.4903369E-07
    0.1812228E-07   -0.1177452E-06    0.8867863E-07    0.9273017E-06    0.1706662E-05    0.3974782E-06   -0.7354033E-04   -0.5917565E-04   -0.1389470E-04   -0.1747641E-04    0.7215887E-04    0.1368634E-03    0.7662852E-04   -0.2940558E-04   -0.5076167E-05   -0.7366828E-04   -0.6928290E-04   -0.7046606E-04    0.1078585E-06    0.1079373E-06    0.9338209E-07    0.6901793E-07    0.8486766E-08    0.7683852E-07   -0.1216156E-05   -0.1532816E-05   -0.1868733E-05   -0.2492333E-05   -0.3423066E-05   -0.5600489E-05   -0.7418564E-08   -0.2094210E-08
    0.6161621E-06   -0.7282603E-05    0.9273017E-06    0.1204523E-03    0.2230011E-03    0.2436935E-04   -0.7574356E-02   -0.2969166E-02   -0.6729299E-03   -0.8548664E-02   -0.2327524E-02    0.4418985E-02    0.6895696E-02   -0.1343117E-02   -0.4795940E-02   -0.2706296E-02   -0.5735413E-02   -0.7145136E-02    0.8165917E-05    0.8623993E-05    0.8394715E-05    0.8469138E-05    0.8521290E-05    0.8428260E-05   -0.8975245E-04   -0.9463421E-04   -0.9151754E-04   -0.1549435E-03   -0.1724657E-03   -0.1920436E-03    0.7262261E-06    0.6167320E-06
    0.1119505E-05   -0.1096497E-04    0.1706662E-05    0.2230011E-03    0.4257132E-03    0.3907598E-04   -0.1484295E-01   -0.6894327E-02   -0.2314461E-02   -0.1151915E-02    0.4762141E-02    0.1659534E-01    0.1870488E-01   -0.3237786E-02   -0.1638914E-01   -0.2256319E-01   -0.2806483E-01   -0.3075476E-01    0.1065820E-04    0.1123679E-04    0.1019406E-04    0.1078105E-04    0.9886702E-05    0.9860099E-05   -0.1568297E-03   -0.1608535E-03   -0.1559756E-03   -0.2558022E-03   -0.2912247E-03   -0.3260218E-03    0.2407659E-06    0.1035344E-05
    0.2915665E-06   -0.3841024E-05    0.3974782E-06    0.2436935E-04    0.3907598E-04    0.2145587E-04   -0.9676660E-02   -0.4499836E-02   -0.1639595E-02   -0.5228513E-02    0.6085008E-02    0.1223485E-01    0.1319625E-01   -0.2680826E-02   -0.2736187E-02   -0.4897648E-02   -0.6685506E-02   -0.6774052E-02    0.7499581E-05    0.8455393E-05    0.8852398E-05    0.8002857E-05    0.8706502E-05    0.6446252E-05   -0.2630547E-04   -0.2281448E-04   -0.1568016E-04   -0.5554177E-04   -0.4967615E-04   -0.6947668E-04    0.2526219E-06    0.4221055E-06
   -0.1469146E-03    0.6631495E-03   -0.7354033E-04   -0.7574356E-02   -0.1484295E-01   -0.9676660E-02    0.6562372E+02    0.2441945E+02    0.1006997E+01    0.1303819E+02   -0.2185044E+02   -0.6493848E+02   -0.8118171E+02   -0.4210307E+01   -0.3965812E+01   -0.1143844E+02   -0.1753889E+02   -0.2343346E+02   -0.1836925E-02   -0.1801413E-02   -0.3074404E-02   -0.2341504E-02   -0.1036746E-02   -0.1246147E-02    0.5521955E-02    0.9190913E-02    0.1763068E-02    0.1331728E-01   -0.5875700E-02   -0.6911019E-01    0.9336618E-04   -0.2910984E-02
   -0.8650862E-04    0.2080186E-03   -0.5917565E-04   -0.2969166E-02   -0.6894327E-02   -0.4499836E-02    0.2441945E+02    0.1781953E+02    0.2457920E+01   -0.1523344E+02   -0.2375200E+02   -0.4371067E+02   -0.2634788E+02   -0.1622292E+01   -0.4039576E+01   -0.6918002E+01   -0.1403947E+02   -0.1588341E+02   -0.9466770E-03   -0.6090081E-03   -0.1589618E-02   -0.9047446E-03   -0.8215389E-03   -0.9322119E-03    0.2361588E-02    0.4863940E-02    0.1484494E-01    0.5563509E-02    0.9495888E-02    0.5485791E-02    0.1242687E-03   -0.3395870E-04
   -0.1744613E-04    0.2816149E-05   -0.1389470E-04   -0.6729299E-03   -0.2314461E-02   -0.1639595E-02    0.1006997E+01    0.2457920E+01    0.6022407E+01   -0.4133277E+02   -0.1738451E+02   -0.5153479E+01   -0.6640937E+00   -0.2792458E+00   -0.3321032E+01   -0.8747107E+00    0.2950304E+01    0.3541282E+01   -0.5069197E-03   -0.2644883E-03   -0.3991069E-03    0.1752578E-03   -0.3588507E-03   -0.3665521E-03    0.1945075E-02   -0.9961444E-03   -0.3865624E-02   -0.2485290E-02   -0.4620310E-03    0.7516694E-02   -0.4567948E-04    0.1498668E-03
   -0.6508624E-04    0.1503261E-02   -0.1747641E-04   -0.8548664E-02   -0.1151915E-02   -0.5228513E-02    0.1303819E+02   -0.1523344E+02   -0.4133277E+02    0.7400022E+03    0.1751148E+03    0.6649344E+02    0.1027808E+02   -0.1312052E+02   -0.3519185E+02   -0.6324162E+01   -0.1755254E+02   -0.1813089E+02   -0.5266985E-02   -0.6198805E-02   -0.6458973E-02   -0.8923697E-02   -0.1084705E-01   -0.1969754E-01    0.2599404E-01    0.5776366E-01    0.7005575E-01    0.8246037E-01    0.8179231E-01    0.7907507E-01   -0.2018398E-02   -0.3024283E-02
    0.6135397E-05    0.5723432E-03    0.7215887E-04   -0.2327524E-02    0.4762141E-02    0.6085008E-02   -0.2185044E+02   -0.2375200E+02   -0.1738451E+02    0.1751148E+03    0.1189256E+03    0.9227500E+02    0.5134670E+02   -0.1129302E+02    0.2152298E+01   -0.7756913E+01   -0.2644653E+01    0.1849756E+00   -0.1084945E-02   -0.1953497E-02   -0.1279574E-02   -0.2553903E-02   -0.2210631E-02   -0.4587679E-02    0.1539300E-01    0.3443205E-01    0.4137351E-01    0.4958832E-01    0.6697796E-01    0.9861296E-01   -0.4784741E-03   -0.8792062E-03
    0.1437557E-03   -0.2459574E-04    0.1368634E-03    0.4418985E-02    0.1659534E-01    0.1223485E-01   -0.6493848E+02   -0.4371067E+02   -0.5153479E+01    0.6649344E+02    0.9227500E+02    0.1455032E+03    0.1058185E+03   -0.8129881E+01    0.1049689E+01    0.1035984E+01    0.1298064E+02    0.1453311E+02    0.3501509E-04   -0.4905703E-03    0.1222917E-02    0.1201138E-02   -0.2338663E-03   -0.2895452E-02    0.1063639E-01    0.1831655E-01    0.1950865E-01    0.3256923E-01    0.6378316E-01    0.1385670E+00   -0.7925534E-03    0.1426859E-02
    0.1141426E-03   -0.3954346E-03    0.7662852E-04    0.6895696E-02    0.1870488E-01    0.1319625E-01   -0.8118171E+02   -0.2634788E+02   -0.6640937E+00    0.1027808E+02    0.5134670E+02    0.1058185E+03    0.1403381E+03   -0.6828904E+01   -0.4078883E+01   -0.2437404E+01   -0.6094320E+01   -0.6654823E+01    0.4806001E-03    0.6269137E-03    0.1189557E-02    0.2415405E-02   -0.8914674E-03   -0.3640612E-02    0.1298833E-01    0.1364574E-01    0.5050632E-01    0.2116069E-01    0.8127556E-01    0.2036901E+00   -0.5722299E-03    0.5427001E-02
   -0.3299750E-04    0.1366850E-03   -0.2940558E-04   -0.1343117E-02   -0.3237786E-02   -0.2680826E-02   -0.4210307E+01   -0.1622292E+01   -0.2792458E+00   -0.1312052E+02   -0.1129302E+02   -0.8129881E+01   -0.6828904E+01    0.8270807E+01   -0.2347556E+01   -0.3537172E+01   -0.4106418E+01   -0.4190023E+01   -0.2021465E-03   -0.5782950E-03   -0.3111160E-03   -0.5871347E-03   -0.5986656E-03    0.3864976E-03   -0.3134300E-02   -0.4205540E-02   -0.6069216E-02   -0.6348568E-02   -0.1248832E-01   -0.1514960E-01   -0.3793610E-04    0.2316998E-03
    0.8558059E-04    0.3822046E-03   -0.5076167E-05   -0.4795940E-02   -0.1638914E-01   -0.2736187E-02   -0.3965812E+01   -0.4039576E+01   -0.3321032E+01   -0.3519185E+02    0.2152298E+01    0.1049689E+01   -0.4078883E+01   -0.2347556E+01    0.1588820E+03    0.5978180E+02    0.5829070E+02    0.5799878E+02   -0.3004129E-02   -0.9178703E-03   -0.7190249E-03    0.5213720E-03    0.2636050E-02    0.4333251E-02   -0.1253299E-01   -0.5929634E-01   -0.6015846E-01   -0.4531041E-01   -0.6070975E-01   -0.5340435E-01   -0.1314406E-01   -0.2282996E-03
   -0.1835340E-03    0.1451002E-03   -0.7366828E-04   -0.2706296E-02   -0.2256319E-01   -0.4897648E-02   -0.1143844E+02   -0.6918002E+01   -0.8747107E+00   -0.6324162E+01   -0.7756913E+01    0.1035984E+01   -0.2437404E+01   -0.3537172E+01    0.5978180E+02    0.1142616E+03    0.1166785E+03    0.1167431E+03    0.3124752E-02    0.2250788E-02    0.4683253E-02    0.2566654E-02    0.4741683E-02    0.1185797E-01    0.5082750E-02   -0.2424373E-01   -0.5364551E-01   -0.1220535E-01   -0.4597751E-01   -0.6185090E-01    0.3622665E-02    0.2152158E-03
   -0.1961711E-03    0.3563104E-03   -0.6928290E-04   -0.5735413E-02   -0.2806483E-01   -0.6685506E-02   -0.1753889E+02   -0.1403947E+02    0.2950304E+01   -0.1755254E+02   -0.2644653E+01    0.1298064E+02   -0.6094320E+01   -0.4106418E+01    0.5829070E+02    0.1166785E+03    0.1557822E+03    0.1797213E+03    0.2733248E-02    0.9646137E-03    0.2924317E-02    0.1268391E-02    0.3544059E-02    0.1037543E-01    0.6140374E-02   -0.1764954E-01   -0.7016191E-01   -0.1148252E-01   -0.4887677E-01   -0.1607729E-01    0.3244068E-02   -0.4602284E-02
   -0.2073205E-03    0.4607954E-03   -0.7046606E-04   -0.7145136E-02   -0.3075476E-01   -0.6774052E-02   -0.2343346E+02   -0.1588341E+02    0.3541282E+01   -0.1813089E+02    0.1849756E+00    0.1453311E+02   -0.6654823E+01   -0.4190023E+01    0.5799878E+02    0.1167431E+03    0.1797213E+03    0.2275437E+03    0.3161960E-02    0.5836988E-03    0.1558174E-02    0.9947666E-03    0.3382379E-02    0.8540586E-02    0.3941425E-02   -0.8935441E-02   -0.6021241E-01   -0.5138606E-04   -0.2086994E-01    0.7866103E-01    0.3085949E-02   -0.8812462E-02
    0.1257857E-06   -0.1543758E-05    0.1078585E-06    0.8165917E-05    0.1065820E-04    0.7499581E-05   -0.1836925E-02   -0.9466770E-03   -0.5069197E-03   -0.5266985E-02   -0.1084945E-02    0.3501509E-04    0.4806001E-03   -0.2021465E-03   -0.3004129E-02    0.3124752E-02    0.2733248E-02    0.3161960E-02    0.6798528E-04    0.2381521E-04    0.2819349E-04    0.1147425E-04    0.1456655E-04    0.1544564E-04   -0.6897850E-04   -0.5099418E-04   -0.3722458E-04   -0.4529271E-04   -0.1279707E-04   -0.1835051E-04    0.9696549E-06   -0.1249427E-06
    0.1308861E-06   -0.1739657E-05    0.1079373E-06    0.8623993E-05    0.1123679E-04    0.8455393E-05   -0.1801413E-02   -0.6090081E-03   -0.2644883E-03   -0.6198805E-02   -0.1953497E-02   -0.4905703E-03    0.6269137E-03   -0.5782950E-03   -0.9178703E-03    0.2250788E-02    0.9646137E-03    0.5836988E-03    0.2381521E-04    0.4221521E-04    0.3715674E-04    0.3097721E-04    0.3142901E-04    0.2889334E-04   -0.6665667E-04   -0.9756797E-04   -0.8446302E-04   -0.1073447E-03   -0.9475402E-04   -0.9628767E-04    0.6323567E-06    0.1500910E-06
    0.1641459E-06   -0.1787508E-05    0.9338209E-07    0.8394715E-05    0.1019406E-04    0.8852398E-05   -0.3074404E-02   -0.1589618E-02   -0.3991069E-03   -0.6458973E-02   -0.1279574E-02    0.1222917E-02    0.1189557E-02   -0.3111160E-03   -0.7190249E-03    0.4683253E-02    0.2924317E-02    0.1558174E-02    0.2819349E-04    0.3715674E-04    0.1139202E-03    0.2526691E-04    0.5938351E-04    0.1093173E-03   -0.7324553E-04   -0.9972520E-04   -0.9513011E-04   -0.1090811E-03   -0.1897834E-03   -0.4070100E-03    0.8852440E-06    0.2969007E-06
    0.1171622E-06   -0.1655499E-05    0.6901793E-07    0.8469138E-05    0.1078105E-04    0.8002857E-05   -0.2341504E-02   -0.9047446E-03    0.1752578E-03   -0.8923697E-02   -0.2553903E-02    0.1201138E-02    0.2415405E-02   -0.5871347E-03    0.5213720E-03    0.2566654E-02    0.1268391E-02    0.9947666E-03    0.1147425E-04    0.3097721E-04    0.2526691E-04    0.8770337E-04    0.5591537E-04    0.3536399E-04   -0.2445779E-04   -0.8062727E-04   -0.2956554E-04   -0.1755548E-03   -0.1206808E-03   -0.6970136E-04    0.4120498E-06    0.1514787E-06
    0.1471415E-06   -0.1867341E-05    0.8486766E-08    0.8521290E-05    0.9886702E-05    0.8706502E-05   -0.1036746E-02   -0.8215389E-03   -0.3588507E-03   -0.1084705E-01   -0.2210631E-02   -0.2338663E-03   -0.8914674E-03   -0.5986656E-03    0.2636050E-02    0.4741683E-02    0.3544059E-02    0.3382379E-02    0.1456655E-04    0.3142901E-04    0.5938351E-04    0.5591537E-04    0.1268399E-03    0.1556443E-03   -0.4908292E-04   -0.9053013E-04   -0.9579634E-04   -0.1630244E-03   -0.2098200E-03   -0.3818250E-03    0.4840288E-06    0.2271007E-07
    0.2042947E-06   -0.1616452E-05    0.7683852E-07    0.8428260E-05    0.9860099E-05    0.6446252E-05   -0.1246147E-02   -0.9322119E-03   -0.3665521E-03   -0.1969754E-01   -0.4587679E-02   -0.2895452E-02   -0.3640612E-02    0.3864976E-03    0.4333251E-02    0.1185797E-01    0.1037543E-01    0.8540586E-02    0.1544564E-04    0.2889334E-04    0.1093173E-03    0.3536399E-04    0.1556443E-03    0.6463301E-03   -0.7676505E-04   -0.1201525E-03   -0.1924520E-03   -0.1264045E-03   -0.3292395E-03   -0.6025914E-03    0.1018230E-05    0.4074473E-06
   -0.1423389E-05    0.1073991E-04   -0.1216156E-05   -0.8975245E-04   -0.1568297E-03   -0.2630547E-04    0.5521955E-02    0.2361588E-02    0.1945075E-02    0.2599404E-01    0.1539300E-01    0.1063639E-01    0.1298833E-01   -0.3134300E-02   -0.1253299E-01    0.5082750E-02    0.6140374E-02    0.3941425E-02   -0.6897850E-04   -0.6665667E-04   -0.7324553E-04   -0.2445779E-04   -0.4908292E-04   -0.7676505E-04    0.1238797E-01    0.7934835E-02    0.8667751E-02    0.1523404E-02    0.1791537E-02    0.2366597E-02    0.1204456E-05   -0.1191706E-06
   -0.2082838E-05    0.1248566E-04   -0.1532816E-05   -0.9463421E-04   -0.1608535E-03   -0.2281448E-04    0.9190913E-02    0.4863940E-02   -0.9961444E-03    0.5776366E-01    0.3443205E-01    0.1831655E-01    0.1364574E-01   -0.4205540E-02   -0.5929634E-01   -0.2424373E-01   -0.1764954E-01   -0.8935441E-02   -0.5099418E-04   -0.9756797E-04   -0.9972520E-04   -0.8062727E-04   -0.9053013E-04   -0.1201525E-03    0.7934835E-02    0.1153691E-01    0.1276165E-01    0.7629292E-02    0.7568820E-02    0.7156160E-02    0.4814482E-05   -0.2527079E-05
   -0.2728745E-05    0.1243935E-04   -0.1868733E-05   -0.9151754E-04   -0.1559756E-03   -0.1568016E-04    0.1763068E-02    0.1484494E-01   -0.3865624E-02    0.7005575E-01    0.4137351E-01    0.1950865E-01    0.5050632E-01   -0.6069216E-02   -0.6015846E-01   -0.5364551E-01   -0.7016191E-01   -0.6021241E-01   -0.3722458E-04   -0.8446302E-04   -0.9513011E-04   -0.2956554E-04   -0.9579634E-04   -0.1924520E-03    0.8667751E-02    0.1276165E-01    0.2510509E-01    0.4238426E-02    0.1169630E-01    0.2307013E-01    0.2750688E-05   -0.1148961E-05
   -0.3805874E-05    0.2395294E-04   -0.2492333E-05   -0.1549435E-03   -0.2558022E-03   -0.5554177E-04    0.1331728E-01    0.5563509E-02   -0.2485290E-02    0.8246037E-01    0.4958832E-01    0.3256923E-01    0.2116069E-01   -0.6348568E-02   -0.4531041E-01   -0.1220535E-01   -0.1148252E-01   -0.5138606E-04   -0.4529271E-04   -0.1073447E-03   -0.1090811E-03   -0.1755548E-03   -0.1630244E-03   -0.1264045E-03    0.1523404E-02    0.7629292E-02    0.4238426E-02    0.2065498E-01    0.1865848E-01    0.1281173E-01    0.2694373E-05   -0.2419130E-05
   -0.5166321E-05    0.2767294E-04   -0.3423066E-05   -0.1724657E-03   -0.2912247E-03   -0.4967615E-04   -0.5875700E-02    0.9495888E-02   -0.4620310E-03    0.8179231E-01    0.6697796E-01    0.6378316E-01    0.8127556E-01   -0.1248832E-01   -0.6070975E-01   -0.4597751E-01   -0.4887677E-01   -0.2086994E-01   -0.1279707E-04   -0.9475402E-04   -0.1897834E-03   -0.1206808E-03   -0.2098200E-03   -0.3292395E-03    0.1791537E-02    0.7568820E-02    0.1169630E-01    0.1865848E-01    0.2882763E-01    0.4064347E-01    0.3160984E-05   -0.2553663E-05
   -0.8247552E-05    0.3805968E-04   -0.5600489E-05   -0.1920436E-03   -0.3260218E-03   -0.6947668E-04   -0.6911019E-01    0.5485791E-02    0.7516694E-02    0.7907507E-01    0.9861296E-01    0.1385670E+00    0.2036901E+00   -0.1514960E-01   -0.5340435E-01   -0.6185090E-01   -0.1607729E-01    0.7866103E-01   -0.1835051E-04   -0.9628767E-04   -0.4070100E-03   -0.6970136E-04   -0.3818250E-03   -0.6025914E-03    0.2366597E-02    0.7156160E-02    0.2307013E-01    0.1281173E-01    0.4064347E-01    0.1029427E+00    0.2798771E-05   -0.6453590E-05
   -0.2783708E-07   -0.6858316E-07   -0.7418564E-08    0.7262261E-06    0.2407659E-06    0.2526219E-06    0.9336618E-04    0.1242687E-03   -0.4567948E-04   -0.2018398E-02   -0.4784741E-03   -0.7925534E-03   -0.5722299E-03   -0.3793610E-04   -0.1314406E-01    0.3622665E-02    0.3244068E-02    0.3085949E-02    0.9696549E-06    0.6323567E-06    0.8852440E-06    0.4120498E-06    0.4840288E-06    0.1018230E-05    0.1204456E-05    0.4814482E-05    0.2750688E-05    0.2694373E-05    0.3160984E-05    0.2798771E-05    0.2373563E-05    0.4134671E-07
    0.3030153E-08   -0.4903369E-07   -0.2094210E-08    0.6167320E-06    0.1035344E-05    0.4221055E-06   -0.2910984E-02   -0.3395870E-04    0.1498668E-03   -0.3024283E-02   -0.8792062E-03    0.1426859E-02    0.5427001E-02    0.2316998E-03   -0.2282996E-03    0.2152158E-03   -0.4602284E-02   -0.8812462E-02   -0.1249427E-06    0.1500910E-06    0.2969007E-06    0.1514787E-06    0.2271007E-07    0.4074473E-06   -0.1191706E-06   -0.2527079E-05   -0.1148961E-05   -0.2419130E-05   -0.2553663E-05   -0.6453590E-05    0.4134671E-07    0.1249957E-05
