# omegabh2 omegach2 theta tau mnu ns logA aps100 aps143 aps217 acib143 acib217 asz143 psr cibr ncib cal0 cal2 xi aksz bm_1_1 bm_1_2 bm_1_3 bm_1_4 bm_1_5 bm_2_1 bm_2_2 bm_2_3 bm_2_4 bm_2_5 bm_3_1 bm_3_2 bm_3_3 bm_3_4 bm_3_5 bm_4_1 bm_4_2 bm_4_3 bm_4_4 bm_4_5
    0.10699E-06   -0.59002E-06    0.13184E-06    0.10422E-05   -0.49181E-04    0.18669E-05    0.11292E-05   -0.23604E-02   -0.85471E-03   -0.72555E-04   -0.24846E-03   -0.35741E-03    0.57783E-04    0.74358E-06   -0.76512E-05   -0.23782E-05    0.16338E-08   -0.22696E-07    0.26092E-05   -0.86683E-04   -0.98243E-05   -0.12695E-04    0.53803E-05    0.86734E-06    0.22310E-05    0.19514E-05   -0.46433E-06    0.42359E-05    0.19145E-05    0.53151E-05   -0.70657E-05   -0.78934E-05   -0.13412E-05    0.51876E-05    0.95745E-06   -0.35425E-05   -0.11234E-05   -0.10427E-05   -0.77722E-05    0.28174E-05
   -0.59002E-06    0.83260E-05   -0.10735E-05   -0.10961E-04    0.29496E-03   -0.20274E-04   -0.34793E-05    0.73535E-02    0.49231E-02    0.19407E-02    0.54095E-03    0.11245E-02   -0.22478E-03    0.10703E-05    0.18428E-04    0.12497E-04   -0.51439E-08    0.12065E-06   -0.11841E-04    0.20738E-03    0.12983E-03    0.24887E-04   -0.96662E-04   -0.10612E-05   -0.23441E-04    0.22225E-04    0.22012E-04   -0.37872E-04   -0.36615E-04   -0.11310E-04    0.36333E-04    0.43346E-04    0.79828E-05    0.81529E-05   -0.14133E-04    0.48854E-04   -0.89498E-05    0.39052E-04    0.32091E-04    0.76016E-05
    0.13184E-06   -0.10735E-05    0.49162E-06    0.15396E-05   -0.83345E-04    0.33251E-05    0.13011E-05   -0.14043E-02   -0.94145E-03   -0.24597E-03   -0.12804E-03   -0.26509E-03    0.28379E-04   -0.17063E-06   -0.71449E-05   -0.18769E-05    0.82335E-09   -0.25294E-07   -0.83721E-06   -0.63180E-04   -0.16071E-04   -0.20511E-05    0.11421E-04    0.96031E-05    0.50310E-05   -0.50525E-05    0.23466E-05    0.13568E-05    0.66865E-05    0.14506E-04   -0.13352E-04   -0.10006E-04   -0.74189E-05    0.14972E-04   -0.18301E-05   -0.11403E-04   -0.92918E-05    0.34646E-05   -0.89481E-05    0.63286E-05
    0.10422E-05   -0.10961E-04    0.15396E-05    0.17013E-03   -0.63988E-04    0.35705E-04    0.31407E-03   -0.29592E-01   -0.13289E-01    0.68532E-03   -0.29390E-02   -0.49430E-02   -0.92272E-04    0.31940E-04   -0.21240E-03    0.10180E-04    0.55432E-07   -0.71643E-06   -0.14294E-04   -0.20561E-02   -0.31033E-03   -0.37893E-04   -0.15598E-03   -0.59905E-04    0.25479E-03   -0.44750E-04    0.82531E-04    0.51469E-04    0.12299E-03   -0.66837E-05   -0.20817E-03   -0.16644E-03    0.12269E-03   -0.82395E-05   -0.24890E-04   -0.19317E-03   -0.61013E-05    0.91130E-04    0.89586E-05    0.59812E-04
   -0.49181E-04    0.29496E-03   -0.83345E-04   -0.63988E-04    0.83616E-01   -0.11522E-02    0.10032E-03    0.15919E+01    0.36950E+00   -0.54049E-01    0.17274E+00    0.21305E+00   -0.17796E-01   -0.11520E-02    0.66850E-02   -0.81208E-04   -0.15094E-05    0.15269E-04   -0.21193E-02    0.70226E-01    0.26430E-02    0.30883E-02   -0.37654E-02    0.14497E-02   -0.26781E-02   -0.16576E-02   -0.59893E-02   -0.83470E-03   -0.72261E-02    0.10264E-02    0.35166E-02    0.34433E-02    0.39737E-02   -0.21688E-02   -0.26488E-02    0.24770E-02   -0.28504E-02   -0.19625E-02   -0.77724E-03   -0.24367E-02
    0.18669E-05   -0.20274E-04    0.33251E-05    0.35705E-04   -0.11522E-02    0.73300E-04    0.28800E-04   -0.86022E-01   -0.10209E-01    0.10009E-01   -0.10666E-01   -0.12253E-01    0.86272E-04    0.57371E-04   -0.34009E-03   -0.20103E-04   -0.52578E-07   -0.43088E-06    0.60401E-04   -0.35492E-02   -0.59611E-04   -0.25051E-04    0.15577E-03   -0.27303E-04    0.17292E-03    0.20073E-03    0.29254E-04    0.14519E-04    0.27413E-04   -0.23081E-04   -0.19441E-03   -0.21696E-03   -0.26324E-04    0.19929E-04   -0.31372E-04    0.16442E-04    0.24356E-04   -0.62114E-04   -0.96886E-04   -0.10030E-03
    0.11292E-05   -0.34793E-05    0.13011E-05    0.31407E-03    0.10032E-03    0.28800E-04    0.62733E-03   -0.76541E-01   -0.82838E-02    0.17008E-01   -0.10651E-01   -0.12539E-01   -0.18745E-02    0.11215E-03   -0.60877E-03    0.95180E-04    0.20545E-06   -0.10215E-05   -0.10155E-04   -0.56696E-02    0.36019E-03    0.19831E-03   -0.54383E-03   -0.69521E-04    0.41289E-03    0.28695E-03    0.39765E-03    0.30608E-05    0.16816E-03   -0.11122E-03   -0.40044E-03   -0.21202E-03    0.18822E-03    0.20049E-04   -0.12871E-03   -0.10291E-03    0.10405E-03    0.41122E-03    0.14962E-03    0.17591E-03
   -0.23604E-02    0.73535E-02   -0.14043E-02   -0.29592E-01    0.15919E+01   -0.86022E-01   -0.76541E-01    0.27331E+04    0.45079E+02   -0.15625E+03    0.12306E+03    0.11065E+03   -0.72599E+02   -0.10810E+01    0.32272E+00    0.12592E+01    0.82393E-03   -0.79583E-03   -0.29569E+00   -0.17001E+02    0.98178E+01   -0.10498E+02    0.50713E+00   -0.32773E+00   -0.26379E+00   -0.25901E+00   -0.51915E+01   -0.89131E+00    0.63944E+00   -0.87875E+00    0.14528E+01    0.46886E+00    0.73293E-01   -0.73654E+00   -0.34890E+01    0.13227E+01   -0.13080E+01   -0.28566E+01    0.43907E+00    0.30723E+01
   -0.85471E-03    0.49231E-02   -0.94145E-03   -0.13289E-01    0.36950E+00   -0.10209E-01   -0.82838E-02    0.45079E+02    0.19611E+03    0.63114E+02   -0.36839E+02   -0.12619E+02   -0.85198E+01   -0.23535E+00   -0.50915E-01   -0.19777E+00    0.32570E-04    0.36691E-02    0.12099E+01   -0.13032E+02    0.15205E+01    0.53407E+00    0.12271E+00    0.22673E+00   -0.29525E+00   -0.18127E+01   -0.87072E+00   -0.19073E+00   -0.39879E+00   -0.50758E+00    0.13031E+01    0.18745E+00    0.39664E+00   -0.23807E+00   -0.34919E+00   -0.37190E+00   -0.52730E+00   -0.34799E+00    0.29598E+00   -0.26315E+00
   -0.72555E-04    0.19407E-02   -0.24597E-03    0.68532E-03   -0.54049E-01    0.10009E-01    0.17008E-01   -0.15625E+03    0.63114E+02    0.20735E+03   -0.34690E+02   -0.72126E+02    0.34613E+01   -0.46088E-01   -0.86527E+00   -0.99933E+00    0.39226E-04   -0.40599E-02    0.22062E+00   -0.10799E+02    0.16283E+01    0.11494E+01   -0.29404E+00   -0.26117E-02   -0.15726E+00    0.11078E+01    0.39326E+00   -0.32609E+00   -0.27434E+00    0.19616E+00   -0.13283E+01    0.67292E+00   -0.36870E+00    0.47425E+00    0.34275E+00   -0.13923E-01    0.13225E+00    0.27716E+00    0.21031E+00   -0.43871E+00
   -0.24846E-03    0.54095E-03   -0.12804E-03   -0.29390E-02    0.17274E+00   -0.10666E-01   -0.10651E-01    0.12306E+03   -0.36839E+02   -0.34690E+02    0.27223E+02    0.18553E+02   -0.23429E+01    0.98887E-02    0.18650E+00    0.21580E+00   -0.62975E-04   -0.11013E-02    0.32371E-01   -0.63354E+00   -0.10942E+01   -0.60204E+00   -0.58208E-01   -0.10527E+00    0.46978E-01    0.77409E+00    0.18480E+00    0.58134E-01    0.20277E+00    0.17863E+00   -0.35206E+00   -0.59254E-01   -0.12447E+00    0.26771E-01    0.36019E-01    0.31471E+00    0.18494E+00    0.35589E-01   -0.11332E+00    0.27939E+00
   -0.35741E-03    0.11245E-02   -0.26509E-03   -0.49430E-02    0.21305E+00   -0.12253E-01   -0.12539E-01    0.11065E+03   -0.12619E+02   -0.72126E+02    0.18553E+02    0.34605E+02   -0.22614E+01    0.68602E-01    0.36312E+00    0.51779E+00   -0.66450E-05    0.17080E-02   -0.14692E+00   -0.11081E+01   -0.64410E+00   -0.55808E+00    0.78648E-01   -0.57695E-01    0.26683E-01   -0.39008E+00   -0.11755E+00    0.69164E-01    0.26210E+00   -0.16831E+00    0.51278E+00   -0.40655E+00    0.10550E+00   -0.30784E+00   -0.24945E+00    0.28661E-01   -0.58628E-01   -0.91806E-01    0.16800E-01    0.32667E+00
    0.57783E-04   -0.22478E-03    0.28379E-04   -0.92272E-04   -0.17796E-01    0.86272E-04   -0.18745E-02   -0.72599E+02   -0.85198E+01    0.34613E+01   -0.23429E+01   -0.22614E+01    0.79098E+01    0.44638E-01    0.25865E+00   -0.14188E+00    0.15687E-04   -0.66179E-04   -0.26196E-01   -0.50446E-01    0.18626E+00    0.10202E+00    0.10973E-01   -0.17803E-01    0.42023E-02   -0.73682E-01    0.60048E-01   -0.75284E-02   -0.21789E-01    0.15447E-01   -0.51240E-01    0.29614E-01    0.97030E-02   -0.14994E-01    0.26338E-01   -0.86530E-01   -0.23894E-01    0.41552E-01   -0.13121E-01   -0.86565E-02
    0.74358E-06    0.10703E-05   -0.17063E-06    0.31940E-04   -0.11520E-02    0.57371E-04    0.11215E-03   -0.10810E+01   -0.23535E+00   -0.46088E-01    0.98887E-02    0.68602E-01    0.44638E-01    0.78545E-02   -0.69792E-02    0.79382E-02    0.12467E-05   -0.25987E-04    0.37568E-02   -0.15498E-01    0.99175E-02    0.51107E-02    0.25345E-03   -0.16303E-02   -0.26969E-03    0.66152E-02    0.35385E-03   -0.11127E-02    0.77631E-03   -0.37626E-03   -0.10879E-01   -0.11292E-02   -0.17163E-02   -0.23694E-02   -0.10641E-02   -0.18704E-02   -0.34671E-03   -0.40071E-02   -0.32294E-02    0.10433E-03
   -0.76512E-05    0.18428E-04   -0.71449E-05   -0.21240E-03    0.66850E-02   -0.34009E-03   -0.60877E-03    0.32272E+00   -0.50915E-01   -0.86527E+00    0.18650E+00    0.36312E+00    0.25865E+00   -0.69792E-02    0.44645E-01   -0.13395E-01   -0.27080E-05    0.90256E-04    0.15513E-02   -0.27580E-01   -0.17049E-01   -0.89491E-02    0.55913E-02    0.30139E-02    0.11426E-02   -0.25385E-01   -0.46911E-02    0.51215E-02   -0.31670E-02   -0.43334E-02    0.32882E-01    0.18803E-02    0.64867E-02    0.65816E-03   -0.64417E-03    0.17433E-02    0.96387E-03    0.23530E-02    0.25273E-02   -0.38439E-02
   -0.23782E-05    0.12497E-04   -0.18769E-05    0.10180E-04   -0.81208E-04   -0.20103E-04    0.95180E-04    0.12592E+01   -0.19777E+00   -0.99933E+00    0.21580E+00    0.51779E+00   -0.14188E+00    0.79382E-02   -0.13395E-01    0.21782E-01    0.15605E-05   -0.21954E-04   -0.17448E-02   -0.74078E-02    0.76971E-02   -0.84176E-02   -0.13925E-02   -0.40952E-02   -0.61438E-03    0.60731E-02    0.42533E-02   -0.55981E-02    0.12102E-01   -0.96098E-02   -0.12511E-01   -0.18577E-01   -0.39131E-03   -0.14028E-01   -0.10516E-01   -0.41157E-02   -0.17123E-02   -0.15225E-02    0.58935E-02    0.14286E-01
    0.16338E-08   -0.51439E-08    0.82335E-09    0.55432E-07   -0.15094E-05   -0.52578E-07    0.20545E-06    0.82393E-03    0.32570E-04    0.39226E-04   -0.62975E-04   -0.66450E-05    0.15687E-04    0.12467E-05   -0.27080E-05    0.15605E-05    0.16017E-06    0.64175E-08    0.13888E-06   -0.92977E-05   -0.23991E-04   -0.64327E-05   -0.68012E-05    0.11919E-05    0.97878E-06    0.73742E-05    0.38738E-05    0.19173E-05    0.10013E-04    0.23048E-05    0.58594E-05   -0.44756E-05   -0.12857E-05    0.19714E-05    0.24072E-05    0.82837E-05    0.41466E-05    0.23926E-05    0.13839E-05    0.67736E-05
   -0.22696E-07    0.12065E-06   -0.25294E-07   -0.71643E-06    0.15269E-04   -0.43088E-06   -0.10215E-05   -0.79583E-03    0.36691E-02   -0.40599E-02   -0.11013E-02    0.17080E-02   -0.66179E-04   -0.25987E-04    0.90256E-04   -0.21954E-04    0.64175E-08    0.16861E-05    0.22130E-05   -0.62658E-04    0.83642E-04    0.40361E-04    0.31680E-05   -0.10715E-04   -0.12103E-04    0.20511E-03    0.15996E-05    0.17650E-04   -0.35779E-05    0.20989E-04   -0.20570E-03   -0.97405E-05   -0.38218E-04    0.14193E-04   -0.22940E-04    0.12931E-04    0.35776E-04   -0.20041E-04   -0.56206E-04    0.21909E-04
    0.26092E-05   -0.11841E-04   -0.83721E-06   -0.14294E-04   -0.21193E-02    0.60401E-04   -0.10155E-04   -0.29569E+00    0.12099E+01    0.22062E+00    0.32371E-01   -0.14692E+00   -0.26196E-01    0.37568E-02    0.15513E-02   -0.17448E-02    0.13888E-06    0.22130E-05    0.82645E-01    0.22248E-01    0.80547E-02   -0.12971E-03    0.21973E-02   -0.35920E-02   -0.37236E-03   -0.13377E-02   -0.22402E-02    0.35169E-02    0.40197E-02    0.23343E-02   -0.10023E-02    0.18153E-02    0.10867E-02   -0.51377E-03   -0.37812E-02   -0.21899E-02    0.11156E-02   -0.12144E-02   -0.23190E-02    0.29610E-02
   -0.86683E-04    0.20738E-03   -0.63180E-04   -0.20561E-02    0.70226E-01   -0.35492E-02   -0.56696E-02   -0.17001E+02   -0.13032E+02   -0.10799E+02   -0.63354E+00   -0.11081E+01   -0.50446E-01   -0.15498E-01   -0.27580E-01   -0.74078E-02   -0.92977E-05   -0.62658E-04    0.22248E-01    0.81707E+01   -0.83173E-02    0.10090E-01    0.27243E-01    0.84800E-02    0.46995E-02    0.39473E-01   -0.22774E-01    0.11329E-01    0.17596E-01    0.69754E-02   -0.21471E-01   -0.93571E-03   -0.26572E-01   -0.21559E-01    0.27666E-01    0.11958E-01    0.19401E-01   -0.29080E-01   -0.27956E-02    0.13203E-01
   -0.98243E-05    0.12983E-03   -0.16071E-04   -0.31033E-03    0.26430E-02   -0.59611E-04    0.36019E-03    0.98178E+01    0.15205E+01    0.16283E+01   -0.10942E+01   -0.64410E+00    0.18626E+00    0.99175E-02   -0.17049E-01    0.76971E-02   -0.23991E-04    0.83642E-04    0.80547E-02   -0.83173E-02    0.71870E+00   -0.12243E+00    0.70464E-02    0.10397E-01   -0.44668E-03    0.16843E+00   -0.53069E-01   -0.49508E-01   -0.45811E-02   -0.80356E-01    0.25263E-01    0.35542E-01   -0.32394E-01   -0.54484E-01   -0.12642E+00    0.14960E+00    0.31784E-01   -0.22120E-01    0.45125E-01    0.75597E-01
   -0.12695E-04    0.24887E-04   -0.20511E-05   -0.37893E-04    0.30883E-02   -0.25051E-04    0.19831E-03   -0.10498E+02    0.53407E+00    0.11494E+01   -0.60204E+00   -0.55808E+00    0.10202E+00    0.51107E-02   -0.89491E-02   -0.84176E-02   -0.64327E-05    0.40361E-04   -0.12971E-03    0.10090E-01   -0.12243E+00    0.94090E+00   -0.50376E-02    0.97142E-02    0.81052E-02   -0.13867E+00    0.19926E+00    0.65057E-01   -0.26296E-01    0.51561E-01   -0.13400E+00    0.22504E-01    0.31610E-01    0.11914E-01    0.17002E+00   -0.22445E+00    0.38958E-01    0.11914E+00    0.38464E-02   -0.21483E+00
    0.53803E-05   -0.96662E-04    0.11421E-04   -0.15598E-03   -0.37654E-02    0.15577E-03   -0.54383E-03    0.50713E+00    0.12271E+00   -0.29404E+00   -0.58208E-01    0.78648E-01    0.10973E-01    0.25345E-03    0.55913E-02   -0.13925E-02   -0.68012E-05    0.31680E-05    0.21973E-02    0.27243E-01    0.70464E-02   -0.50376E-02    0.10035E+01    0.11730E-01    0.13647E-01   -0.42590E-01   -0.33533E-01    0.16713E+00   -0.19223E-01    0.74057E-01   -0.31685E-02    0.39445E-01   -0.21514E-01   -0.15307E-01    0.10315E+00   -0.50896E-01    0.33930E-01    0.82532E-02   -0.18235E+00    0.88868E-01
    0.86734E-06   -0.10612E-05    0.96031E-05   -0.59905E-04    0.14497E-02   -0.27303E-04   -0.69521E-04   -0.32773E+00    0.22673E+00   -0.26117E-02   -0.10527E+00   -0.57695E-01   -0.17803E-01   -0.16303E-02    0.30139E-02   -0.40952E-02    0.11919E-05   -0.10715E-04   -0.35920E-02    0.84800E-02    0.10397E-01    0.97142E-02    0.11730E-01    0.99223E+00   -0.81761E-02    0.56324E-01   -0.80999E-01    0.75148E-01   -0.10548E+00    0.34903E-01    0.78298E-01    0.11290E+00    0.46071E-01    0.15833E+00   -0.10017E+00    0.89840E-01    0.51729E-01   -0.11978E-03   -0.11085E+00    0.41752E-01
    0.22310E-05   -0.23441E-04    0.50310E-05    0.25479E-03   -0.26781E-02    0.17292E-03    0.41289E-03   -0.26379E+00   -0.29525E+00   -0.15726E+00    0.46978E-01    0.26683E-01    0.42023E-02   -0.26969E-03    0.11426E-02   -0.61438E-03    0.97878E-06   -0.12103E-04   -0.37236E-03    0.46995E-02   -0.44668E-03    0.81052E-02    0.13647E-01   -0.81761E-02    0.98709E+00    0.31279E-01    0.54465E-01   -0.27256E-01    0.39378E-01    0.65986E-01    0.64552E-01   -0.75501E-01   -0.70366E-01    0.63689E-01    0.40981E-01    0.83453E-01   -0.57747E-01    0.93963E-01   -0.23539E-01   -0.66945E-02
    0.19514E-05    0.22225E-04   -0.50525E-05   -0.44750E-04   -0.16576E-02    0.20073E-03    0.28695E-03   -0.25901E+00   -0.18127E+01    0.11078E+01    0.77409E+00   -0.39008E+00   -0.73682E-01    0.66152E-02   -0.25385E-01    0.60731E-02    0.73742E-05    0.20511E-03   -0.13377E-02    0.39473E-01    0.16843E+00   -0.13867E+00   -0.42590E-01    0.56324E-01    0.31279E-01    0.86489E+00   -0.80360E-02   -0.43100E-02   -0.17981E-01   -0.29400E-02    0.23965E-01    0.12831E+00   -0.10510E+00    0.42333E-01   -0.51681E-01    0.65429E+00    0.24461E+00   -0.46321E-01   -0.52393E-01    0.93755E-01
   -0.46433E-06    0.22012E-04    0.23466E-05    0.82531E-04   -0.59893E-02    0.29254E-04    0.39765E-03   -0.51915E+01   -0.87072E+00    0.39326E+00    0.18480E+00   -0.11755E+00    0.60048E-01    0.35385E-03   -0.46911E-02    0.42533E-02    0.38738E-05    0.15996E-05   -0.22402E-02   -0.22774E-01   -0.53069E-01    0.19926E+00   -0.33533E-01   -0.80999E-01    0.54465E-01   -0.80360E-02    0.99370E+00    0.26665E-01    0.80382E-02    0.30302E-02    0.45201E-01   -0.60691E-02   -0.48345E-01   -0.16937E-01    0.14445E+00   -0.85719E-01    0.27344E+00    0.77475E+00    0.28657E+00   -0.18047E+00
    0.42359E-05   -0.37872E-04    0.13568E-05    0.51469E-04   -0.83470E-03    0.14519E-04    0.30608E-05   -0.89131E+00   -0.19073E+00   -0.32609E+00    0.58134E-01    0.69164E-01   -0.75284E-02   -0.11127E-02    0.51215E-02   -0.55981E-02    0.19173E-05    0.17650E-04    0.35169E-02    0.11329E-01   -0.49508E-01    0.65057E-01    0.16713E+00    0.75148E-01   -0.27256E-01   -0.43100E-02    0.26665E-01    0.10230E+01   -0.47461E-02   -0.13410E-01    0.85018E-01   -0.47715E-01    0.12514E+00    0.16145E+00   -0.14739E+00   -0.20259E+00    0.65955E+00    0.15923E+00   -0.62345E+00    0.18424E+00
    0.19145E-05   -0.36615E-04    0.66865E-05    0.12299E-03   -0.72261E-02    0.27413E-04    0.16816E-03    0.63944E+00   -0.39879E+00   -0.27434E+00    0.20277E+00    0.26210E+00   -0.21789E-01    0.77631E-03   -0.31670E-02    0.12102E-01    0.10013E-04   -0.35779E-05    0.40197E-02    0.17596E-01   -0.45811E-02   -0.26296E-01   -0.19223E-01   -0.10548E+00    0.39378E-01   -0.17981E-01    0.80382E-02   -0.47461E-02    0.97916E+00    0.10223E-02   -0.13594E-01   -0.89818E-01   -0.14352E+00   -0.37953E-01   -0.81516E-01   -0.75026E-01    0.77923E-01   -0.42271E-01    0.30892E+00    0.65945E+00
    0.53151E-05   -0.11310E-04    0.14506E-04   -0.66837E-05    0.10264E-02   -0.23081E-04   -0.11122E-03   -0.87875E+00   -0.50758E+00    0.19616E+00    0.17863E+00   -0.16831E+00    0.15447E-01   -0.37626E-03   -0.43334E-02   -0.96098E-02    0.23048E-05    0.20989E-04    0.23343E-02    0.69754E-02   -0.80356E-01    0.51561E-01    0.74057E-01    0.34903E-01    0.65986E-01   -0.29400E-02    0.30302E-02   -0.13410E-01    0.10223E-02    0.10125E+01   -0.86791E-01    0.83808E-01    0.20595E-01    0.15904E+00    0.18621E-01    0.11141E+00   -0.57742E+00    0.38748E+00   -0.34637E+00    0.22638E+00
   -0.70657E-05    0.36333E-04   -0.13352E-04   -0.20817E-03    0.35166E-02   -0.19441E-03   -0.40044E-03    0.14528E+01    0.13031E+01   -0.13283E+01   -0.35206E+00    0.51278E+00   -0.51240E-01   -0.10879E-01    0.32882E-01   -0.12511E-01    0.58594E-05   -0.20570E-03   -0.10023E-02   -0.21471E-01    0.25263E-01   -0.13400E+00   -0.31685E-02    0.78298E-01    0.64552E-01    0.23965E-01    0.45201E-01    0.85018E-01   -0.13594E-01   -0.86791E-01    0.92572E+00   -0.26171E-02   -0.23408E-01    0.30492E-02   -0.12994E-01    0.59934E+00    0.18580E+00    0.11662E+00    0.58145E-01   -0.75202E-01
   -0.78934E-05    0.43346E-04   -0.10006E-04   -0.16644E-03    0.34433E-02   -0.21696E-03   -0.21202E-03    0.46886E+00    0.18745E+00    0.67292E+00   -0.59254E-01   -0.40655E+00    0.29614E-01   -0.11292E-02    0.18803E-02   -0.18577E-01   -0.44756E-05   -0.97405E-05    0.18153E-02   -0.93571E-03    0.35542E-01    0.22504E-01    0.39445E-01    0.11290E+00   -0.75501E-01    0.12831E+00   -0.60691E-02   -0.47715E-01   -0.89818E-01    0.83808E-01   -0.26171E-02    0.99852E+00   -0.81526E-02   -0.12579E-01    0.26796E-02    0.10025E+00    0.16314E+00   -0.12445E-01    0.14462E+00    0.16155E+00
   -0.13412E-05    0.79828E-05   -0.74189E-05    0.12269E-03    0.39737E-02   -0.26324E-04    0.18822E-03    0.73293E-01    0.39664E+00   -0.36870E+00   -0.12447E+00    0.10550E+00    0.97030E-02   -0.17163E-02    0.64867E-02   -0.39131E-03   -0.12857E-05   -0.38218E-04    0.10867E-02   -0.26572E-01   -0.32394E-01    0.31610E-01   -0.21514E-01    0.46071E-01   -0.70366E-01   -0.10510E+00   -0.48345E-01    0.12514E+00   -0.14352E+00    0.20595E-01   -0.23408E-01   -0.81526E-02    0.10005E+01   -0.41808E-02    0.34038E-02   -0.13201E+00    0.41409E-01    0.15948E+00    0.44742E-01   -0.67687E-01
    0.51876E-05    0.81529E-05    0.14972E-04   -0.82395E-05   -0.21688E-02    0.19929E-04    0.20049E-04   -0.73654E+00   -0.23807E+00    0.47425E+00    0.26771E-01   -0.30784E+00   -0.14994E-01   -0.23694E-02    0.65816E-03   -0.14028E-01    0.19714E-05    0.14193E-04   -0.51377E-03   -0.21559E-01   -0.54484E-01    0.11914E-01   -0.15307E-01    0.15833E+00    0.63689E-01    0.42333E-01   -0.16937E-01    0.16145E+00   -0.37953E-01    0.15904E+00    0.30492E-02   -0.12579E-01   -0.41808E-02    0.98799E+00    0.16622E-02    0.15566E-01    0.38141E-01    0.12926E+00   -0.27926E+00    0.12069E+00
    0.95745E-06   -0.14133E-04   -0.18301E-05   -0.24890E-04   -0.26488E-02   -0.31372E-04   -0.12871E-03   -0.34890E+01   -0.34919E+00    0.34275E+00    0.36019E-01   -0.24945E+00    0.26338E-01   -0.10641E-02   -0.64417E-03   -0.10516E-01    0.24072E-05   -0.22940E-04   -0.37812E-02    0.27666E-01   -0.12642E+00    0.17002E+00    0.10315E+00   -0.10017E+00    0.40981E-01   -0.51681E-01    0.14445E+00   -0.14739E+00   -0.81516E-01    0.18621E-01   -0.12994E-01    0.26796E-02    0.34038E-02    0.16622E-02    0.10002E+01   -0.35533E-01   -0.51547E-01    0.19506E-01    0.18677E+00   -0.92376E-01
   -0.35425E-05    0.48854E-04   -0.11403E-04   -0.19317E-03    0.24770E-02    0.16442E-04   -0.10291E-03    0.13227E+01   -0.37190E+00   -0.13923E-01    0.31471E+00    0.28661E-01   -0.86530E-01   -0.18704E-02    0.17433E-02   -0.41157E-02    0.82837E-05    0.12931E-04   -0.21899E-02    0.11958E-01    0.14960E+00   -0.22445E+00   -0.50896E-01    0.89840E-01    0.83453E-01    0.65429E+00   -0.85719E-01   -0.20259E+00   -0.75026E-01    0.11141E+00    0.59934E+00    0.10025E+00   -0.13201E+00    0.15566E-01   -0.35533E-01    0.97534E+00   -0.17712E-01    0.28198E-02    0.79961E-02   -0.25188E-02
   -0.11234E-05   -0.89498E-05   -0.92918E-05   -0.61013E-05   -0.28504E-02    0.24356E-04    0.10405E-03   -0.13080E+01   -0.52730E+00    0.13225E+00    0.18494E+00   -0.58628E-01   -0.23894E-01   -0.34671E-03    0.96387E-03   -0.17123E-02    0.41466E-05    0.35776E-04    0.11156E-02    0.19401E-01    0.31784E-01    0.38958E-01    0.33930E-01    0.51729E-01   -0.57747E-01    0.24461E+00    0.27344E+00    0.65955E+00    0.77923E-01   -0.57742E+00    0.18580E+00    0.16314E+00    0.41409E-01    0.38141E-01   -0.51547E-01   -0.17712E-01    0.10244E+01    0.15098E-01    0.77590E-02    0.50956E-02
   -0.10427E-05    0.39052E-04    0.34646E-05    0.91130E-04   -0.19625E-02   -0.62114E-04    0.41122E-03   -0.28566E+01   -0.34799E+00    0.27716E+00    0.35589E-01   -0.91806E-01    0.41552E-01   -0.40071E-02    0.23530E-02   -0.15225E-02    0.23926E-05   -0.20041E-04   -0.12144E-02   -0.29080E-01   -0.22120E-01    0.11914E+00    0.82532E-02   -0.11978E-03    0.93963E-01   -0.46321E-01    0.77475E+00    0.15923E+00   -0.42271E-01    0.38748E+00    0.11662E+00   -0.12445E-01    0.15948E+00    0.12926E+00    0.19506E-01    0.28198E-02    0.15098E-01    0.99321E+00   -0.18689E-01    0.10782E-01
   -0.77722E-05    0.32091E-04   -0.89481E-05    0.89586E-05   -0.77724E-03   -0.96886E-04    0.14962E-03    0.43907E+00    0.29598E+00    0.21031E+00   -0.11332E+00    0.16800E-01   -0.13121E-01   -0.32294E-02    0.25273E-02    0.58935E-02    0.13839E-05   -0.56206E-04   -0.23190E-02   -0.27956E-02    0.45125E-01    0.38464E-02   -0.18235E+00   -0.11085E+00   -0.23539E-01   -0.52393E-01    0.28657E+00   -0.62345E+00    0.30892E+00   -0.34637E+00    0.58145E-01    0.14462E+00    0.44742E-01   -0.27926E+00    0.18677E+00    0.79961E-02    0.77590E-02   -0.18689E-01    0.99703E+00   -0.70236E-02
    0.28174E-05    0.76016E-05    0.63286E-05    0.59812E-04   -0.24367E-02   -0.10030E-03    0.17591E-03    0.30723E+01   -0.26315E+00   -0.43871E+00    0.27939E+00    0.32667E+00   -0.86565E-02    0.10433E-03   -0.38439E-02    0.14286E-01    0.67736E-05    0.21909E-04    0.29610E-02    0.13203E-01    0.75597E-01   -0.21483E+00    0.88868E-01    0.41752E-01   -0.66945E-02    0.93755E-01   -0.18047E+00    0.18424E+00    0.65945E+00    0.22638E+00   -0.75202E-01    0.16155E+00   -0.67687E-01    0.12069E+00   -0.92376E-01   -0.25188E-02    0.50956E-02    0.10782E-01   -0.70236E-02    0.97615E+00
