# omegabh2 omegach2 theta tau yhe ns logA aps100 aps143 aps217 acib143 acib217 asz143 psr cibr ncib cal0 cal2 xi aksz bm_1_1 bm_1_2 bm_1_3 bm_1_4 bm_1_5 bm_2_1 bm_2_2 bm_2_3 bm_2_4 bm_2_5 bm_3_1 bm_3_2 bm_3_3 bm_3_4 bm_3_5 bm_4_1 bm_4_2 bm_4_3 bm_4_4 bm_4_5 a_ps_act_148 a_ps_act_217 a_ps_spt_95 a_ps_spt_150 a_ps_spt_220 r_ps_spt_95x150 r_ps_spt_95x220 r_ps_150x220 act_dust_s act_dust_e cal_acts_148 cal_acts_217 cal_acte_148 cal_acte_217 cal_spt_95 cal_spt_150 cal_spt_220
    0.99637E-07   -0.14687E-06    0.18938E-06    0.12196E-05    0.41936E-05    0.22580E-05    0.33824E-05    0.64171E-03    0.24821E-03    0.25024E-03    0.43772E-05   -0.12908E-04    0.73016E-05    0.35966E-06    0.30483E-06   -0.41895E-06    0.17592E-08    0.64152E-08    0.19922E-06    0.11019E-04    0.11668E-04   -0.12884E-04   -0.40449E-05    0.61795E-05    0.36810E-05    0.16108E-04   -0.10084E-04   -0.34560E-06    0.42434E-05    0.11074E-05    0.46890E-05   -0.53147E-07   -0.45937E-05    0.95488E-06   -0.34413E-05    0.16444E-04   -0.23822E-06   -0.70373E-05   -0.49436E-05    0.78948E-05   -0.38084E-05   -0.23812E-04   -0.19233E-04   -0.98063E-05   -0.39537E-04    0.70425E-06    0.11819E-05    0.21726E-07    0.73809E-06    0.85809E-06   -0.79089E-07   -0.16750E-06   -0.13889E-06   -0.20505E-06   -0.36294E-06   -0.21228E-06   -0.20287E-06
   -0.14687E-06    0.31341E-05   -0.15243E-06   -0.48526E-05    0.14730E-06   -0.69299E-05   -0.19127E-05    0.15880E-02    0.15648E-02    0.11503E-02   -0.40607E-05   -0.69159E-04   -0.43077E-04    0.33000E-05    0.47130E-06   -0.18735E-05   -0.25156E-08    0.13704E-07    0.10337E-04    0.91307E-05    0.59559E-04    0.33401E-04   -0.82814E-05   -0.29222E-05    0.13381E-04    0.24788E-04   -0.53447E-06    0.67068E-05   -0.15555E-04    0.10337E-04   -0.79133E-05    0.20518E-04   -0.46264E-05   -0.10005E-04    0.40799E-04    0.14675E-04    0.69533E-06    0.45253E-05   -0.90121E-05    0.11185E-04    0.12090E-04   -0.17754E-03    0.21409E-05   -0.22261E-04   -0.16516E-03    0.93156E-06    0.65396E-06   -0.67719E-06   -0.22245E-05    0.62298E-06   -0.91046E-06   -0.79887E-06   -0.77036E-06   -0.93078E-06   -0.14311E-05   -0.16114E-05   -0.13532E-05
    0.18938E-06   -0.15243E-06    0.84947E-06    0.26857E-05    0.15282E-04    0.72911E-05    0.95873E-05    0.35449E-02    0.29754E-02    0.28393E-02    0.12615E-04   -0.30626E-03   -0.74702E-04    0.36508E-05    0.96027E-06   -0.60522E-05    0.42375E-08    0.18600E-07    0.22780E-04    0.25792E-03    0.76716E-04    0.65718E-05   -0.21079E-04    0.28977E-04    0.22042E-04    0.38757E-04   -0.16462E-04   -0.10677E-06    0.11114E-04   -0.55201E-05    0.30444E-04    0.33907E-04   -0.15776E-04    0.16807E-05   -0.79978E-05    0.48138E-04    0.18005E-04   -0.96829E-05    0.79413E-05    0.23819E-04   -0.31715E-04   -0.28286E-03   -0.10768E-03   -0.90456E-04   -0.30105E-03    0.32872E-05    0.55413E-05    0.39183E-06    0.42293E-05    0.16037E-05   -0.13314E-05   -0.18458E-05   -0.16296E-05   -0.18914E-05   -0.34749E-05   -0.28412E-05   -0.23236E-05
    0.12196E-05   -0.48526E-05    0.26857E-05    0.19051E-03    0.59536E-04    0.46553E-04    0.38417E-03   -0.11020E-01   -0.23326E-02   -0.21058E-02   -0.10329E-03    0.15668E-02    0.19741E-03    0.13672E-04   -0.57127E-05    0.36020E-04    0.92402E-07    0.27204E-06   -0.10904E-03   -0.11810E-02   -0.19684E-03   -0.32457E-03    0.91439E-04    0.31282E-04   -0.93882E-04    0.25015E-03    0.53303E-04   -0.14290E-03   -0.13779E-03    0.74760E-04    0.21822E-04   -0.44824E-04    0.10247E-03    0.71245E-04    0.30344E-04    0.24540E-03   -0.76362E-04    0.14536E-03   -0.81710E-04   -0.29310E-04    0.76497E-04   -0.10949E-02    0.46439E-03   -0.23970E-04   -0.71312E-03   -0.37320E-04   -0.43272E-04   -0.16151E-05   -0.96958E-05    0.18224E-04    0.16029E-05    0.98857E-06    0.16562E-05   -0.44891E-06    0.17208E-05   -0.14511E-06    0.34412E-05
    0.41936E-05    0.14730E-06    0.15282E-04    0.59536E-04    0.44000E-03    0.18520E-03    0.24150E-03    0.10029E+00    0.92543E-01    0.82841E-01    0.28479E-03   -0.62885E-02   -0.17486E-02    0.13165E-03    0.45717E-04   -0.13696E-03    0.48494E-07    0.37158E-06    0.55995E-03    0.68067E-02    0.21738E-02    0.11686E-03   -0.45727E-03    0.47744E-03    0.60525E-03    0.10886E-02   -0.53394E-03   -0.78803E-04    0.31339E-03   -0.17751E-03    0.48934E-03    0.83261E-03   -0.10940E-03   -0.20550E-03   -0.26427E-03    0.11404E-02    0.36679E-03   -0.44238E-03    0.22951E-03    0.72376E-03   -0.12816E-02   -0.10234E-01   -0.35145E-02   -0.29953E-02   -0.11630E-01    0.97397E-04    0.17132E-03    0.11468E-04    0.11672E-03    0.70618E-04   -0.43698E-04   -0.56230E-04   -0.49120E-04   -0.56353E-04   -0.10254E-03   -0.90318E-04   -0.73625E-04
    0.22580E-05   -0.69299E-05    0.72911E-05    0.46553E-04    0.18520E-03    0.10995E-03    0.12439E-03    0.63566E-02    0.21841E-01    0.23700E-01    0.39665E-04   -0.16678E-02   -0.99832E-04    0.27584E-04    0.13827E-04   -0.29184E-04   -0.38033E-07    0.42215E-06    0.73067E-04    0.16655E-02    0.58287E-03   -0.39640E-03   -0.19474E-03    0.36654E-03    0.30250E-03    0.86016E-03   -0.16603E-03   -0.58097E-04    0.23476E-03   -0.36922E-04    0.30239E-03    0.30501E-03   -0.10356E-03   -0.56751E-04   -0.23404E-03    0.84736E-03    0.24375E-03   -0.99951E-04    0.56459E-04    0.45042E-03   -0.49085E-03   -0.32957E-02   -0.12209E-02   -0.10740E-02   -0.38882E-02    0.21608E-04    0.46496E-04    0.52959E-05    0.48598E-04    0.21281E-04   -0.10856E-04   -0.18418E-04   -0.13954E-04   -0.18045E-04   -0.32071E-04   -0.26848E-04   -0.21997E-04
    0.33824E-05   -0.19127E-05    0.95873E-05    0.38417E-03    0.24150E-03    0.12439E-03    0.83371E-03   -0.85324E-04    0.21846E-01    0.20107E-01   -0.24219E-03    0.15155E-02   -0.12510E-03    0.68482E-04   -0.35599E-05    0.40854E-04    0.23801E-06    0.96143E-06   -0.10711E-03   -0.83164E-03    0.81070E-03   -0.43994E-03   -0.18353E-05    0.19082E-03    0.93689E-05    0.12501E-02    0.60592E-04   -0.29445E-03   -0.24879E-03    0.29455E-04    0.23002E-03    0.23575E-03    0.12506E-03    0.49228E-04    0.32535E-04    0.11504E-02    0.14359E-03    0.22480E-03   -0.74203E-04    0.15510E-03   -0.21636E-03   -0.53135E-02    0.12801E-03   -0.94661E-03   -0.51889E-02   -0.60255E-04   -0.61707E-04   -0.20750E-05    0.18343E-04    0.65920E-04   -0.10307E-04   -0.14471E-04   -0.11306E-04   -0.18232E-04   -0.27446E-04   -0.28588E-04   -0.17673E-04
    0.64171E-03    0.15880E-02    0.35449E-02   -0.11020E-01    0.10029E+00    0.63566E-02   -0.85324E-04    0.16426E+04    0.10185E+03    0.40779E+02    0.92313E+00   -0.26151E+00   -0.10341E+02   -0.35851E-01   -0.92635E-01   -0.83227E-01    0.14680E-02   -0.29107E-02    0.83624E+00    0.67700E+01    0.17119E+02   -0.60388E+01   -0.11035E+00    0.93520E+00   -0.11383E+01   -0.23570E+01   -0.49763E+01   -0.18546E+01   -0.12309E+01   -0.14630E+01   -0.13836E+00    0.11586E+01   -0.29382E+00   -0.85057E+00   -0.37543E+01   -0.98105E+00   -0.25681E+01   -0.30962E+01    0.30643E+00    0.18732E+01   -0.50095E+00   -0.55162E+00    0.37905E+01   -0.14244E+01    0.63990E+00    0.14920E-02   -0.33670E+00   -0.78293E-01   -0.26212E-02    0.31467E-01   -0.33053E-01   -0.46005E-02   -0.36077E-01    0.26052E-02   -0.10509E+00   -0.56180E-01   -0.15556E-01
    0.24821E-03    0.15648E-02    0.29754E-02   -0.23326E-02    0.92543E-01    0.21841E-01    0.21846E-01    0.10185E+03    0.81755E+02    0.33825E+02    0.37137E+00   -0.13275E+01   -0.22791E+01    0.53793E-01    0.23663E-01   -0.60088E-01    0.54066E-04   -0.74755E-03    0.34176E+00    0.18689E+01    0.43402E+00    0.10029E+00   -0.15346E+00    0.50448E-01    0.32113E-01    0.34993E+00   -0.18946E+00   -0.28764E+00   -0.60123E-01    0.73385E-02   -0.13972E+00    0.38843E+00   -0.92594E-01   -0.97434E-01    0.81083E-01    0.23131E+00   -0.56964E-01   -0.34183E+00    0.23432E+00    0.13805E+00    0.48653E-01   -0.36016E+01    0.22714E+00   -0.77962E+00   -0.32817E+01    0.29940E-01   -0.61611E-02   -0.28249E-01    0.43964E-01    0.41311E-01   -0.21589E-01   -0.18324E-01   -0.22178E-01   -0.17939E-01   -0.46511E-01   -0.37414E-01   -0.26979E-01
    0.25024E-03    0.11503E-02    0.28393E-02   -0.21058E-02    0.82841E-01    0.23700E-01    0.20107E-01    0.40779E+02    0.33825E+02    0.11280E+03   -0.84625E+00   -0.35688E+02    0.29513E+00   -0.32328E+00   -0.30802E-01   -0.49388E+00   -0.20022E-04   -0.44827E-04    0.12712E+00    0.18359E+01    0.46221E+00    0.35963E+00   -0.31156E+00    0.42467E-01    0.15530E+00   -0.68261E-01    0.56934E-01    0.29806E-01    0.22547E+00   -0.87345E-01    0.12113E+00    0.61231E+00   -0.88309E-01    0.35035E+00    0.75679E-01   -0.42853E-01    0.27270E+00    0.49244E-01    0.27015E+00    0.55418E-01    0.29841E-01    0.15950E+02   -0.17714E+01    0.38145E-01    0.63620E+01   -0.73811E-02   -0.41715E-01    0.42797E-03    0.46896E-01    0.52562E-01   -0.13908E-01   -0.38360E-01   -0.13842E-01   -0.41926E-01   -0.29038E-01   -0.26968E-01   -0.73937E-01
    0.43772E-05   -0.40607E-05    0.12615E-04   -0.10329E-03    0.28479E-03    0.39665E-04   -0.24219E-03    0.92313E+00    0.37137E+00   -0.84625E+00    0.64054E+00    0.99964E+00    0.49556E+00    0.14709E-02   -0.28837E-02   -0.47739E-02   -0.12443E-05    0.57202E-04    0.17817E-01   -0.79485E+00   -0.25176E-02   -0.27504E-01   -0.86469E-02    0.42238E-02   -0.70836E-02   -0.29917E-01   -0.22369E-02   -0.18985E-01    0.13557E-01   -0.18648E-01    0.17709E-01   -0.20359E-01   -0.48054E-02   -0.13117E-01    0.28188E-02   -0.10766E-01   -0.65850E-02   -0.59329E-02    0.37067E-01    0.15624E-01    0.79265E-01   -0.62174E-01   -0.19524E+00    0.68874E-03    0.91815E-02    0.48357E-01    0.47857E-01   -0.40666E-02   -0.53973E-03   -0.40011E-02    0.16497E-03    0.53600E-03    0.15476E-03    0.32932E-03   -0.85101E-03    0.70041E-03    0.18839E-02
   -0.12908E-04   -0.69159E-04   -0.30626E-03    0.15668E-02   -0.62885E-02   -0.16678E-02    0.15155E-02   -0.26151E+00   -0.13275E+01   -0.35688E+02    0.99964E+00    0.20851E+02    0.15179E+01    0.19655E+00    0.24468E-01    0.28661E+00    0.17417E-04    0.21521E-04   -0.34826E+00   -0.38270E+01    0.15720E+00   -0.19371E+00    0.72149E-01   -0.69656E-01   -0.67539E-01    0.23941E-01    0.62058E-01   -0.12633E+00    0.98434E-01   -0.61995E-01   -0.14935E+00   -0.47809E+00    0.27952E-01   -0.34417E+00   -0.21614E+00   -0.47558E-01   -0.17891E+00    0.60621E-01    0.52029E-01    0.23794E+00   -0.36660E+00   -0.11177E+02    0.30576E+00   -0.67692E+00   -0.71640E+01    0.33804E-01    0.48296E-01   -0.85569E-02   -0.75806E-02   -0.16233E-01   -0.25502E-03    0.83998E-02   -0.77636E-03    0.10405E-01    0.71264E-03   -0.52003E-03    0.21722E-01
    0.73016E-05   -0.43077E-04   -0.74702E-04    0.19741E-03   -0.17486E-02   -0.99832E-04   -0.12510E-03   -0.10341E+02   -0.22791E+01    0.29513E+00    0.49556E+00    0.15179E+01    0.17702E+01    0.11557E-01    0.19638E-01    0.11443E-01   -0.11027E-04   -0.13060E-03   -0.17617E+00   -0.21236E+01    0.53803E-01   -0.27244E-02   -0.24448E-02   -0.10198E-01   -0.64240E-02    0.33090E-01    0.44160E-01   -0.31898E-01    0.26611E-02   -0.16049E-01   -0.44804E-01   -0.49289E-02   -0.14814E-01   -0.23529E-01   -0.46143E-03   -0.20314E-02   -0.17823E-02    0.18449E-01    0.14193E-01    0.13956E-01   -0.44771E-01   -0.42372E+00   -0.69835E+00   -0.61518E-01   -0.92027E+00    0.39938E-01    0.65459E-01   -0.13682E-02   -0.85391E-03   -0.46918E-02    0.84105E-03   -0.18522E-02    0.77727E-03   -0.20775E-02    0.34177E-02    0.11967E-02   -0.11150E-02
    0.35966E-06    0.33000E-05    0.36508E-05    0.13672E-04    0.13165E-03    0.27584E-04    0.68482E-04   -0.35851E-01    0.53793E-01   -0.32328E+00    0.14709E-02    0.19655E+00    0.11557E-01    0.39374E-02   -0.60497E-04    0.28668E-02    0.93276E-07   -0.11525E-05   -0.37114E-03   -0.97243E-02    0.82131E-03    0.19169E-02    0.11204E-02   -0.48602E-03    0.76392E-03    0.22500E-02   -0.25813E-02    0.78875E-03   -0.33316E-02    0.20047E-02   -0.89375E-03    0.30190E-03   -0.28769E-03   -0.14665E-02    0.21362E-03    0.18171E-02   -0.12741E-02   -0.19399E-02   -0.39764E-02   -0.24098E-02   -0.13340E-02   -0.13968E+00   -0.59204E-02   -0.38316E-02   -0.95155E-01    0.27290E-03    0.14242E-02    0.35471E-03   -0.57095E-04    0.24384E-04   -0.41896E-04   -0.11598E-04   -0.53587E-04    0.23167E-04   -0.63349E-05   -0.74364E-04    0.14770E-03
    0.30483E-06    0.47130E-06    0.96027E-06   -0.57127E-05    0.45717E-04    0.13827E-04   -0.35599E-05   -0.92635E-01    0.23663E-01   -0.30802E-01   -0.28837E-02    0.24468E-01    0.19638E-01   -0.60497E-04    0.28642E-02   -0.26518E-03    0.41382E-06    0.44670E-05   -0.17143E-03   -0.10991E-01    0.52113E-03   -0.82184E-04    0.12058E-04   -0.68903E-04   -0.44064E-03   -0.17238E-02    0.71508E-04    0.54072E-03   -0.25041E-03   -0.13434E-02    0.12413E-02   -0.62321E-03    0.10305E-02   -0.44369E-03   -0.20256E-03   -0.73943E-03    0.34115E-03    0.66650E-03    0.34457E-03    0.36205E-03    0.70287E-02    0.12011E-02   -0.13106E-01    0.38276E-02    0.50612E-02    0.25529E-03    0.16568E-02   -0.41515E-03   -0.54519E-05   -0.20961E-04   -0.88049E-06    0.35847E-04    0.24975E-05    0.28796E-04    0.43213E-04   -0.64301E-05    0.82365E-04
   -0.41895E-06   -0.18735E-05   -0.60522E-05    0.36020E-04   -0.13696E-03   -0.29184E-04    0.40854E-04   -0.83227E-01   -0.60088E-01   -0.49388E+00   -0.47739E-02    0.28661E+00    0.11443E-01    0.28668E-02   -0.26518E-03    0.53258E-02   -0.29253E-08   -0.81998E-05   -0.59957E-02   -0.32839E-01    0.50604E-02   -0.50960E-02   -0.12451E-03   -0.18617E-02   -0.86068E-03    0.27107E-02    0.41607E-02   -0.37653E-02    0.65687E-02   -0.26153E-02   -0.67618E-02   -0.12714E-01    0.23717E-03   -0.75261E-02   -0.62745E-02   -0.21729E-02   -0.32465E-02    0.47929E-02    0.44187E-02    0.96246E-02   -0.99414E-02   -0.18689E+00    0.85152E-02   -0.10689E-01   -0.13075E+00   -0.91849E-03   -0.54900E-03    0.26949E-03   -0.67670E-04   -0.14573E-03    0.19954E-05    0.61968E-04   -0.88361E-05    0.10500E-03    0.82558E-04   -0.14098E-04    0.21293E-03
    0.17592E-08   -0.25156E-08    0.42375E-08    0.92402E-07    0.48494E-07   -0.38033E-07    0.23801E-06    0.14680E-02    0.54066E-04   -0.20022E-04   -0.12443E-05    0.17417E-04   -0.11027E-04    0.93276E-07    0.41382E-06   -0.29253E-08    0.15641E-06    0.14037E-08    0.73639E-06    0.78591E-05   -0.30581E-04   -0.11117E-04   -0.73742E-05    0.51202E-05   -0.36103E-09    0.37775E-05   -0.33787E-05    0.11697E-04    0.97954E-05    0.61672E-05    0.44605E-05   -0.60742E-05    0.12687E-05    0.87067E-05    0.67960E-06    0.30595E-05    0.64497E-05   -0.11044E-05   -0.53052E-05    0.94462E-05    0.34586E-07   -0.13578E-04    0.93089E-05    0.14347E-06   -0.17983E-04   -0.13119E-06   -0.27261E-06   -0.11345E-06    0.89567E-06   -0.14814E-05   -0.21905E-07    0.30623E-08   -0.12138E-07    0.57856E-07   -0.34120E-07    0.18201E-07   -0.21924E-07
    0.64152E-08    0.13704E-07    0.18600E-07    0.27204E-06    0.37158E-06    0.42215E-06    0.96143E-06   -0.29107E-02   -0.74755E-03   -0.44827E-04    0.57202E-04    0.21521E-04   -0.13060E-03   -0.11525E-05    0.44670E-05   -0.81998E-05    0.14037E-08    0.11015E-05    0.27667E-04    0.10694E-03    0.84754E-04    0.35064E-04   -0.19968E-04   -0.19040E-04    0.12312E-04    0.40297E-03    0.74989E-05    0.20388E-04   -0.52009E-05    0.37327E-04   -0.35920E-03    0.38028E-04   -0.62370E-04    0.35635E-04    0.46033E-05    0.56693E-04    0.86008E-04   -0.70422E-04   -0.93676E-04    0.11991E-04    0.45894E-04    0.29580E-03    0.77488E-04    0.28571E-04    0.34982E-03    0.33797E-05    0.17910E-05   -0.24769E-05   -0.30633E-06    0.81886E-06    0.26797E-06    0.12875E-05    0.27855E-06    0.11320E-05   -0.93629E-07    0.50579E-06    0.12432E-05
    0.19922E-06    0.10337E-04    0.22780E-04   -0.10904E-03    0.55995E-03    0.73067E-04   -0.10711E-03    0.83624E+00    0.34176E+00    0.12712E+00    0.17817E-01   -0.34826E+00   -0.17617E+00   -0.37114E-03   -0.17143E-03   -0.59957E-02    0.73639E-06    0.27667E-04    0.70672E-01    0.37115E+00   -0.13735E-01   -0.20337E-03   -0.52196E-02    0.13962E-02    0.25188E-02   -0.89894E-02   -0.78729E-02    0.80625E-02    0.24227E-02   -0.42216E-02    0.95137E-02   -0.27458E-02    0.24220E-02    0.53339E-02    0.45339E-02   -0.29281E-02    0.47738E-02   -0.44492E-02    0.13256E-02   -0.50715E-03    0.70226E-01    0.10690E+00   -0.15149E-01    0.60347E-01    0.18046E+00    0.65392E-02    0.11360E-01    0.10589E-02   -0.81655E-04    0.27918E-03   -0.44520E-04    0.96494E-04   -0.60475E-04    0.12148E-03   -0.33046E-03    0.57766E-04    0.42864E-03
    0.11019E-04    0.91307E-05    0.25792E-03   -0.11810E-02    0.68067E-02    0.16655E-02   -0.83164E-03    0.67700E+01    0.18689E+01    0.18359E+01   -0.79485E+00   -0.38270E+01   -0.21236E+01   -0.97243E-02   -0.10991E-01   -0.32839E-01    0.78591E-05    0.10694E-03    0.37115E+00    0.43273E+01   -0.61870E-01    0.46368E-01   -0.14543E-01    0.51869E-02    0.37885E-01   -0.11011E-01   -0.47562E-01    0.62546E-01    0.57620E-02    0.30959E-02    0.55022E-01    0.31996E-01   -0.35608E-02    0.35589E-01    0.80569E-02    0.17254E-01    0.32897E-01   -0.23028E-01   -0.28378E-01   -0.19076E-01    0.65734E-01    0.75811E+00    0.14445E+00    0.18815E+00    0.14052E+01   -0.34940E-01   -0.15402E-01    0.16513E-01   -0.37210E-02   -0.20813E-02   -0.41542E-03    0.89012E-03   -0.42708E-03    0.11525E-02   -0.10615E-02   -0.44861E-03    0.10026E-02
    0.11668E-04    0.59559E-04    0.76716E-04   -0.19684E-03    0.21738E-02    0.58287E-03    0.81070E-03    0.17119E+02    0.43402E+00    0.46221E+00   -0.25176E-02    0.15720E+00    0.53803E-01    0.82131E-03    0.52113E-03    0.50604E-02   -0.30581E-04    0.84754E-04   -0.13735E-01   -0.61870E-01    0.66874E+00   -0.14144E+00   -0.25827E-02    0.32741E-01   -0.17866E-02    0.20451E+00   -0.52223E-01   -0.45240E-01   -0.12820E-01   -0.73387E-01    0.13361E-01    0.64376E-01   -0.43819E-01   -0.52651E-01   -0.14440E+00    0.16794E+00    0.46782E-01   -0.32036E-01    0.33303E-01    0.88894E-01   -0.39329E-01   -0.14266E+00   -0.33528E-01   -0.36392E-01   -0.19790E+00   -0.31422E-03    0.20875E-03    0.35955E-03   -0.29805E-03    0.10017E-02   -0.19413E-03   -0.32859E-03   -0.28651E-03   -0.28420E-03   -0.45429E-03   -0.55393E-03   -0.74240E-03
   -0.12884E-04    0.33401E-04    0.65718E-05   -0.32457E-03    0.11686E-03   -0.39640E-03   -0.43994E-03   -0.60388E+01    0.10029E+00    0.35963E+00   -0.27504E-01   -0.19371E+00   -0.27244E-02    0.19169E-02   -0.82184E-04   -0.50960E-02   -0.11117E-04    0.35064E-04   -0.20337E-03    0.46368E-01   -0.14144E+00    0.92614E+00    0.15136E-01   -0.25794E-01    0.60981E-02   -0.15799E+00    0.19970E+00    0.68369E-01   -0.13999E-01    0.52847E-01   -0.12413E+00    0.35484E-02    0.45954E-01    0.82194E-02    0.18907E+00   -0.23467E+00    0.36639E-01    0.12596E+00    0.92074E-02   -0.20759E+00   -0.61246E-02    0.12413E+00    0.43633E-02   -0.89324E-03    0.99703E-01   -0.22960E-02   -0.15637E-02    0.51618E-03    0.32148E-03   -0.40958E-03   -0.16028E-03   -0.39368E-04   -0.27333E-03   -0.31616E-03   -0.18899E-03   -0.25338E-03   -0.39615E-04
   -0.40449E-05   -0.82814E-05   -0.21079E-04    0.91439E-04   -0.45727E-03   -0.19474E-03   -0.18353E-05   -0.11035E+00   -0.15346E+00   -0.31156E+00   -0.86469E-02    0.72149E-01   -0.24448E-02    0.11204E-02    0.12058E-04   -0.12451E-03   -0.73742E-05   -0.19968E-04   -0.52196E-02   -0.14543E-01   -0.25827E-02    0.15136E-01    0.97842E+00   -0.19959E-01   -0.20298E-02   -0.61962E-01   -0.36300E-01    0.18231E+00   -0.26408E-01    0.62016E-01   -0.22870E-02    0.27860E-01   -0.30529E-01   -0.20683E-01    0.10266E+00   -0.67536E-01    0.35174E-01   -0.65951E-03   -0.20406E+00    0.77959E-01    0.13551E-03   -0.15987E-01    0.12714E-01   -0.49980E-02    0.13323E-01   -0.16868E-02   -0.13717E-02   -0.19162E-03    0.10321E-02   -0.28523E-03   -0.38052E-04    0.13705E-04    0.23817E-04    0.18381E-03   -0.72912E-04    0.40308E-04    0.16400E-03
    0.61795E-05   -0.29222E-05    0.28977E-04    0.31282E-04    0.47744E-03    0.36654E-03    0.19082E-03    0.93520E+00    0.50448E-01    0.42467E-01    0.42238E-02   -0.69656E-01   -0.10198E-01   -0.48602E-03   -0.68903E-04   -0.18617E-02    0.51202E-05   -0.19040E-04    0.13962E-02    0.51869E-02    0.32741E-01   -0.25794E-01   -0.19959E-01    0.99689E+00    0.16721E-01    0.64464E-01   -0.80857E-01    0.63376E-01   -0.74960E-01    0.52084E-01    0.67504E-01    0.12732E+00    0.36774E-01    0.15019E+00   -0.10001E+00    0.92676E-01    0.44321E-01    0.26681E-03   -0.10462E+00    0.63469E-01   -0.24128E-02    0.15247E+00    0.23936E-01   -0.49108E-02   -0.21077E-02   -0.31549E-03    0.45985E-03   -0.17757E-03    0.33511E-02   -0.11315E-02    0.59410E-04    0.35219E-03   -0.14028E-03    0.15764E-03    0.13575E-03    0.43187E-04   -0.29309E-05
    0.36810E-05    0.13381E-04    0.22042E-04   -0.93882E-04    0.60525E-03    0.30250E-03    0.93689E-05   -0.11383E+01    0.32113E-01    0.15530E+00   -0.70836E-02   -0.67539E-01   -0.64240E-02    0.76392E-03   -0.44064E-03   -0.86068E-03   -0.36103E-09    0.12312E-04    0.25188E-02    0.37885E-01   -0.17866E-02    0.60981E-02   -0.20298E-02    0.16721E-01    0.97767E+00    0.43328E-01    0.42879E-01   -0.43495E-01    0.46886E-01    0.84253E-01    0.58026E-01   -0.86611E-01   -0.88951E-01    0.45093E-01    0.63847E-01    0.98267E-01   -0.81441E-01    0.78458E-01   -0.35841E-01   -0.83746E-02   -0.77424E-03    0.13660E-01    0.46788E-02   -0.29890E-02    0.35258E-01   -0.14099E-02    0.53947E-03    0.35970E-03    0.45205E-02    0.19601E-02   -0.32142E-04   -0.16590E-03   -0.54263E-04    0.46841E-04    0.81072E-04    0.22204E-03    0.22053E-03
    0.16108E-04    0.24788E-04    0.38757E-04    0.25015E-03    0.10886E-02    0.86016E-03    0.12501E-02   -0.23570E+01    0.34993E+00   -0.68261E-01   -0.29917E-01    0.23941E-01    0.33090E-01    0.22500E-02   -0.17238E-02    0.27107E-02    0.37775E-05    0.40297E-03   -0.89894E-02   -0.11011E-01    0.20451E+00   -0.15799E+00   -0.61962E-01    0.64464E-01    0.43328E-01    0.80216E+00   -0.31696E-01   -0.17252E-01   -0.30222E-01   -0.35510E-01    0.74947E-01    0.13367E+00   -0.10015E+00    0.11534E-01   -0.64133E-01    0.64345E+00    0.23711E+00   -0.73376E-01   -0.34174E-01    0.79288E-01   -0.19497E-01   -0.22820E-01    0.22052E-01   -0.48428E-02   -0.13108E+00   -0.35695E-02   -0.20877E-02    0.12998E-02    0.12576E-02    0.20682E-03    0.20569E-03    0.18107E-04    0.17133E-03   -0.16740E-04    0.59211E-03    0.40503E-03   -0.50473E-03
   -0.10084E-04   -0.53447E-06   -0.16462E-04    0.53303E-04   -0.53394E-03   -0.16603E-03    0.60592E-04   -0.49763E+01   -0.18946E+00    0.56934E-01   -0.22369E-02    0.62058E-01    0.44160E-01   -0.25813E-02    0.71508E-04    0.41607E-02   -0.33787E-05    0.74989E-05   -0.78729E-02   -0.47562E-01   -0.52223E-01    0.19970E+00   -0.36300E-01   -0.80857E-01    0.42879E-01   -0.31696E-01    0.10041E+01    0.73822E-03    0.14596E-01   -0.72039E-02    0.77769E-01   -0.86766E-02   -0.48935E-01   -0.40544E-03    0.15571E+00   -0.79249E-01    0.26453E+00    0.78350E+00    0.31669E+00   -0.19017E+00   -0.76405E-02   -0.85569E-01   -0.79871E-02   -0.54191E-02   -0.36663E-01   -0.50516E-03    0.14727E-03    0.19653E-03   -0.12589E-03   -0.41733E-02    0.12051E-03   -0.14909E-03    0.11427E-03   -0.16605E-03    0.60082E-03    0.40138E-03   -0.13831E-03
   -0.34560E-06    0.67068E-05   -0.10677E-06   -0.14290E-03   -0.78803E-04   -0.58097E-04   -0.29445E-03   -0.18546E+01   -0.28764E+00    0.29806E-01   -0.18985E-01   -0.12633E+00   -0.31898E-01    0.78875E-03    0.54072E-03   -0.37653E-02    0.11697E-04    0.20388E-04    0.80625E-02    0.62546E-01   -0.45240E-01    0.68369E-01    0.18231E+00    0.63376E-01   -0.43495E-01   -0.17252E-01    0.73822E-03    0.99427E+00    0.15463E-01   -0.11288E-01    0.61769E-01   -0.39290E-01    0.13461E+00    0.14794E+00   -0.12532E+00   -0.21715E+00    0.62867E+00    0.13363E+00   -0.61966E+00    0.19956E+00    0.11646E-01    0.13854E+00    0.22402E-01    0.17908E-01    0.10680E+00   -0.19638E-02   -0.16981E-02    0.58064E-04   -0.34589E-02    0.21658E-02    0.31606E-04    0.94581E-04    0.52618E-04    0.17131E-03    0.31993E-03   -0.22639E-04   -0.93175E-05
    0.42434E-05   -0.15555E-04    0.11114E-04   -0.13779E-03    0.31339E-03    0.23476E-03   -0.24879E-03   -0.12309E+01   -0.60123E-01    0.22547E+00    0.13557E-01    0.98434E-01    0.26611E-02   -0.33316E-02   -0.25041E-03    0.65687E-02    0.97954E-05   -0.52009E-05    0.24227E-02    0.57620E-02   -0.12820E-01   -0.13999E-01   -0.26408E-01   -0.74960E-01    0.46886E-01   -0.30222E-01    0.14596E-01    0.15463E-01    0.10050E+01   -0.10449E-01   -0.31051E-01   -0.82867E-01   -0.14443E+00   -0.14904E-01   -0.93484E-01   -0.10376E+00    0.92683E-01   -0.33099E-01    0.30679E+00    0.69818E+00   -0.32580E-02   -0.13289E+00   -0.10051E-02   -0.90814E-02   -0.15210E+00    0.14390E-02    0.22365E-02    0.26351E-03   -0.10949E-02    0.50162E-04   -0.57568E-05   -0.11816E-03   -0.62037E-04   -0.54781E-04   -0.17232E-03    0.56813E-04   -0.49633E-03
    0.11074E-05    0.10337E-04   -0.55201E-05    0.74760E-04   -0.17751E-03   -0.36922E-04    0.29455E-04   -0.14630E+01    0.73385E-02   -0.87345E-01   -0.18648E-01   -0.61995E-01   -0.16049E-01    0.20047E-02   -0.13434E-02   -0.26153E-02    0.61672E-05    0.37327E-04   -0.42216E-02    0.30959E-02   -0.73387E-01    0.52847E-01    0.62016E-01    0.52084E-01    0.84253E-01   -0.35510E-01   -0.72039E-02   -0.11288E-01   -0.10449E-01    0.98655E+00   -0.83699E-01    0.48836E-01    0.36576E-01    0.15732E+00    0.31056E-01    0.87084E-01   -0.58036E+00    0.37775E+00   -0.34755E+00    0.20758E+00   -0.50089E-02    0.71025E-01    0.22958E-01    0.16338E-02    0.22780E-01   -0.28595E-02   -0.30002E-02    0.26253E-03    0.18014E-02   -0.15856E-02   -0.78055E-06    0.12421E-03    0.53967E-05    0.20078E-03   -0.19048E-03   -0.13689E-03   -0.26247E-03
    0.46890E-05   -0.79133E-05    0.30444E-04    0.21822E-04    0.48934E-03    0.30239E-03    0.23002E-03   -0.13836E+00   -0.13972E+00    0.12113E+00    0.17709E-01   -0.14935E+00   -0.44804E-01   -0.89375E-03    0.12413E-02   -0.67618E-02    0.44605E-05   -0.35920E-03    0.95137E-02    0.55022E-01    0.13361E-01   -0.12413E+00   -0.22870E-02    0.67504E-01    0.58026E-01    0.74947E-01    0.77769E-01    0.61769E-01   -0.31051E-01   -0.83699E-01    0.82297E+00    0.29208E-01   -0.41402E-01   -0.13164E-01   -0.69665E-02    0.57186E+00    0.18695E+00    0.11081E+00    0.59149E-01   -0.90561E-01    0.18784E-01    0.19412E+00    0.22301E-01    0.11236E-01    0.19605E+00    0.81157E-03   -0.10420E-03   -0.98185E-03   -0.18117E-02    0.11208E-02    0.21849E-05    0.25075E-03    0.98220E-05    0.35704E-03   -0.12909E-03    0.12895E-03    0.56606E-03
   -0.53147E-07    0.20518E-04    0.33907E-04   -0.44824E-04    0.83261E-03    0.30501E-03    0.23575E-03    0.11586E+01    0.38843E+00    0.61231E+00   -0.20359E-01   -0.47809E+00   -0.49289E-02    0.30190E-03   -0.62321E-03   -0.12714E-01   -0.60742E-05    0.38028E-04   -0.27458E-02    0.31996E-01    0.64376E-01    0.35484E-02    0.27860E-01    0.12732E+00   -0.86611E-01    0.13367E+00   -0.86766E-02   -0.39290E-01   -0.82867E-01    0.48836E-01    0.29208E-01    0.10006E+01   -0.65712E-02   -0.17836E-01   -0.27135E-01    0.12021E+00    0.18687E+00   -0.20595E-01    0.14184E+00    0.15474E+00   -0.93810E-02    0.39504E+00   -0.28764E-01    0.29551E-02    0.18552E+00   -0.13349E-02   -0.17392E-02   -0.33374E-06   -0.10573E-03   -0.59127E-04   -0.14375E-04   -0.15981E-03   -0.64749E-04   -0.28794E-03   -0.45045E-03   -0.14375E-03   -0.10296E-02
   -0.45937E-05   -0.46264E-05   -0.15776E-04    0.10247E-03   -0.10940E-03   -0.10356E-03    0.12506E-03   -0.29382E+00   -0.92594E-01   -0.88309E-01   -0.48054E-02    0.27952E-01   -0.14814E-01   -0.28769E-03    0.10305E-02    0.23717E-03    0.12687E-05   -0.62370E-04    0.24220E-02   -0.35608E-02   -0.43819E-01    0.45954E-01   -0.30529E-01    0.36774E-01   -0.88951E-01   -0.10015E+00   -0.48935E-01    0.13461E+00   -0.14443E+00    0.36576E-01   -0.41402E-01   -0.65712E-02    0.10014E+01   -0.46496E-02    0.13770E-01   -0.13713E+00    0.32358E-01    0.16753E+00    0.16353E-01   -0.81918E-01    0.68648E-02    0.70538E-02   -0.14220E-01    0.68809E-03    0.71757E-03    0.53091E-03    0.12437E-02   -0.42911E-03    0.28858E-02    0.20125E-02   -0.83700E-04   -0.29424E-04   -0.23706E-04    0.25065E-04   -0.92404E-04   -0.18922E-03    0.25775E-03
    0.95488E-06   -0.10005E-04    0.16807E-05    0.71245E-04   -0.20550E-03   -0.56751E-04    0.49228E-04   -0.85057E+00   -0.97434E-01    0.35035E+00   -0.13117E-01   -0.34417E+00   -0.23529E-01   -0.14665E-02   -0.44369E-03   -0.75261E-02    0.87067E-05    0.35635E-04    0.53339E-02    0.35589E-01   -0.52651E-01    0.82194E-02   -0.20683E-01    0.15019E+00    0.45093E-01    0.11534E-01   -0.40544E-03    0.14794E+00   -0.14904E-01    0.15732E+00   -0.13164E-01   -0.17836E-01   -0.46496E-02    0.95953E+00    0.20474E-01   -0.17425E-01    0.24905E-01    0.14160E+00   -0.25485E+00    0.12922E+00    0.26244E-02    0.31107E+00    0.21827E-01    0.14882E-01    0.20148E+00   -0.61763E-03   -0.16928E-02   -0.18599E-03   -0.19838E-02    0.22518E-02    0.57394E-04    0.84679E-04   -0.89899E-05    0.14133E-03   -0.37827E-04   -0.12957E-04   -0.23672E-04
   -0.34413E-05    0.40799E-04   -0.79978E-05    0.30344E-04   -0.26427E-03   -0.23404E-03    0.32535E-04   -0.37543E+01    0.81083E-01    0.75679E-01    0.28188E-02   -0.21614E+00   -0.46143E-03    0.21362E-03   -0.20256E-03   -0.62745E-02    0.67960E-06    0.46033E-05    0.45339E-02    0.80569E-02   -0.14440E+00    0.18907E+00    0.10266E+00   -0.10001E+00    0.63847E-01   -0.64133E-01    0.15571E+00   -0.12532E+00   -0.93484E-01    0.31056E-01   -0.69665E-02   -0.27135E-01    0.13770E-01    0.20474E-01    0.98913E+00   -0.45529E-01   -0.50236E-01    0.48227E-01    0.17168E+00   -0.10756E+00    0.14958E-01    0.14599E+00    0.14788E-01    0.80464E-02    0.16026E+00   -0.50310E-03   -0.40722E-03   -0.22360E-03    0.26007E-03   -0.33716E-02    0.10461E-03   -0.17522E-03   -0.22589E-04   -0.10089E-03    0.68243E-04    0.14203E-03    0.30503E-03
    0.16444E-04    0.14675E-04    0.48138E-04    0.24540E-03    0.11404E-02    0.84736E-03    0.11504E-02   -0.98105E+00    0.23131E+00   -0.42853E-01   -0.10766E-01   -0.47558E-01   -0.20314E-02    0.18171E-02   -0.73943E-03   -0.21729E-02    0.30595E-05    0.56693E-04   -0.29281E-02    0.17254E-01    0.16794E+00   -0.23467E+00   -0.67536E-01    0.92676E-01    0.98267E-01    0.64345E+00   -0.79249E-01   -0.21715E+00   -0.10376E+00    0.87084E-01    0.57186E+00    0.12021E+00   -0.13713E+00   -0.17425E-01   -0.45529E-01    0.94924E+00   -0.13872E-01   -0.18404E-01    0.18669E-01   -0.29582E-01   -0.58040E-02    0.86215E-01    0.27406E-01    0.75643E-03    0.42126E-02   -0.21778E-02   -0.17320E-02    0.34624E-03    0.10032E-02    0.62828E-03    0.13604E-03    0.20678E-03    0.11492E-03    0.24452E-03    0.18400E-03    0.32377E-03    0.59359E-06
   -0.23822E-06    0.69533E-06    0.18005E-04   -0.76362E-04    0.36679E-03    0.24375E-03    0.14359E-03   -0.25681E+01   -0.56964E-01    0.27270E+00   -0.65850E-02   -0.17891E+00   -0.17823E-02   -0.12741E-02    0.34115E-03   -0.32465E-02    0.64497E-05    0.86008E-04    0.47738E-02    0.32897E-01    0.46782E-01    0.36639E-01    0.35174E-01    0.44321E-01   -0.81441E-01    0.23711E+00    0.26453E+00    0.62867E+00    0.92683E-01   -0.58036E+00    0.18695E+00    0.18687E+00    0.32358E-01    0.24905E-01   -0.50236E-01   -0.13872E-01    0.10043E+01    0.17163E-02    0.19687E-01    0.15073E-01    0.57542E-02    0.15774E+00    0.97482E-02    0.86036E-02    0.10707E+00   -0.63915E-03   -0.56280E-03    0.79224E-04   -0.33158E-02    0.10801E-02    0.10551E-03   -0.31610E-04    0.95031E-04   -0.72989E-04    0.49269E-03    0.29113E-03   -0.15098E-03
   -0.70373E-05    0.45253E-05   -0.96829E-05    0.14536E-03   -0.44238E-03   -0.99951E-04    0.22480E-03   -0.30962E+01   -0.34183E+00    0.49244E-01   -0.59329E-02    0.60621E-01    0.18449E-01   -0.19399E-02    0.66650E-03    0.47929E-02   -0.11044E-05   -0.70422E-04   -0.44492E-02   -0.23028E-01   -0.32036E-01    0.12596E+00   -0.65951E-03    0.26681E-03    0.78458E-01   -0.73376E-01    0.78350E+00    0.13363E+00   -0.33099E-01    0.37775E+00    0.11081E+00   -0.20595E-01    0.16753E+00    0.14160E+00    0.48227E-01   -0.18404E-01    0.17163E-02    0.99339E+00    0.47395E-02    0.29170E-02   -0.63900E-02   -0.74009E-01   -0.27551E-02   -0.14883E-02   -0.58358E-01   -0.70714E-03    0.92396E-04   -0.49583E-05    0.45204E-03   -0.32697E-02    0.62524E-04   -0.16328E-03    0.10227E-03    0.94673E-05    0.43939E-03    0.19354E-03   -0.24971E-03
   -0.49436E-05   -0.90121E-05    0.79413E-05   -0.81710E-04    0.22951E-03    0.56459E-04   -0.74203E-04    0.30643E+00    0.23432E+00    0.27015E+00    0.37067E-01    0.52029E-01    0.14193E-01   -0.39764E-02    0.34457E-03    0.44187E-02   -0.53052E-05   -0.93676E-04    0.13256E-02   -0.28378E-01    0.33303E-01    0.92074E-02   -0.20406E+00   -0.10462E+00   -0.35841E-01   -0.34174E-01    0.31669E+00   -0.61966E+00    0.30679E+00   -0.34755E+00    0.59149E-01    0.14184E+00    0.16353E-01   -0.25485E+00    0.17168E+00    0.18669E-01    0.19687E-01    0.47395E-02    0.99726E+00   -0.89761E-02    0.74653E-03   -0.11374E+00   -0.21865E-01   -0.16473E-01   -0.56458E-01    0.38990E-02    0.35460E-02   -0.40606E-03    0.98922E-03   -0.36648E-02   -0.19388E-04   -0.20887E-03   -0.73666E-04   -0.28040E-03   -0.14622E-03    0.12931E-03   -0.12369E-03
    0.78948E-05    0.11185E-04    0.23819E-04   -0.29310E-04    0.72376E-03    0.45042E-03    0.15510E-03    0.18732E+01    0.13805E+00    0.55418E-01    0.15624E-01    0.23794E+00    0.13956E-01   -0.24098E-02    0.36205E-03    0.96246E-02    0.94462E-05    0.11991E-04   -0.50715E-03   -0.19076E-01    0.88894E-01   -0.20759E+00    0.77959E-01    0.63469E-01   -0.83746E-02    0.79288E-01   -0.19017E+00    0.19956E+00    0.69818E+00    0.20758E+00   -0.90561E-01    0.15474E+00   -0.81918E-01    0.12922E+00   -0.10756E+00   -0.29582E-01    0.15073E-01    0.29170E-02   -0.89761E-02    0.10164E+01   -0.11057E-01   -0.20380E+00    0.93289E-02   -0.14191E-01   -0.25948E+00    0.75624E-03    0.21501E-02    0.19705E-03   -0.90462E-03    0.91453E-04    0.11917E-04   -0.89141E-04   -0.11904E-03    0.61346E-04   -0.13276E-03   -0.18661E-03   -0.68929E-03
   -0.38084E-05    0.12090E-04   -0.31715E-04    0.76497E-04   -0.12816E-02   -0.49085E-03   -0.21636E-03   -0.50095E+00    0.48653E-01    0.29841E-01    0.79265E-01   -0.36660E+00   -0.44771E-01   -0.13340E-02    0.70287E-02   -0.99414E-02    0.34586E-07    0.45894E-04    0.70226E-01    0.65734E-01   -0.39329E-01   -0.61246E-02    0.13551E-03   -0.24128E-02   -0.77424E-03   -0.19497E-01   -0.76405E-02    0.11646E-01   -0.32580E-02   -0.50089E-02    0.18784E-01   -0.93810E-02    0.68648E-02    0.26244E-02    0.14958E-01   -0.58040E-02    0.57542E-02   -0.63900E-02    0.74653E-03   -0.11057E-01    0.36128E+00    0.22466E+00   -0.81859E-02    0.17326E+00    0.53538E+00    0.15862E-01    0.20843E-01   -0.47633E-02   -0.42196E-02    0.11468E-02    0.76674E-03    0.57919E-04    0.85523E-03    0.11857E-03   -0.25985E-03    0.32579E-03    0.16679E-02
   -0.23812E-04   -0.17754E-03   -0.28286E-03   -0.10949E-02   -0.10234E-01   -0.32957E-02   -0.53135E-02   -0.55162E+00   -0.36016E+01    0.15950E+02   -0.62174E-01   -0.11177E+02   -0.42372E+00   -0.13968E+00    0.12011E-02   -0.18689E+00   -0.13578E-04    0.29580E-03    0.10690E+00    0.75811E+00   -0.14266E+00    0.12413E+00   -0.15987E-01    0.15247E+00    0.13660E-01   -0.22820E-01   -0.85569E-01    0.13854E+00   -0.13289E+00    0.71025E-01    0.19412E+00    0.39504E+00    0.70538E-02    0.31107E+00    0.14599E+00    0.86215E-01    0.15774E+00   -0.74009E-01   -0.11374E+00   -0.20380E+00    0.22466E+00    0.15832E+02    0.79566E-02    0.43329E+00    0.56546E+01    0.49602E-02   -0.32511E-01   -0.13237E-01    0.20389E-01    0.23843E-01    0.28643E-02    0.22074E-01    0.35442E-02    0.14016E-01    0.23658E-02    0.50589E-02   -0.57735E-02
   -0.19233E-04    0.21409E-05   -0.10768E-03    0.46439E-03   -0.35145E-02   -0.12209E-02    0.12801E-03    0.37905E+01    0.22714E+00   -0.17714E+01   -0.19524E+00    0.30576E+00   -0.69835E+00   -0.59204E-02   -0.13106E-01    0.85152E-02    0.93089E-05    0.77488E-04   -0.15149E-01    0.14445E+00   -0.33528E-01    0.43633E-02    0.12714E-01    0.23936E-01    0.46788E-02    0.22052E-01   -0.79871E-02    0.22402E-01   -0.10051E-02    0.22958E-01    0.22301E-01   -0.28764E-01   -0.14220E-01    0.21827E-01    0.14788E-01    0.27406E-01    0.97482E-02   -0.27551E-02   -0.21865E-01    0.93289E-02   -0.81859E-02    0.79566E-02    0.22303E+01   -0.17593E-01    0.24404E+00   -0.93530E-01   -0.11153E+00   -0.43547E-02    0.31067E-02   -0.18615E-03   -0.56792E-04    0.15269E-02   -0.89567E-04    0.15418E-02    0.19340E-02    0.61047E-03    0.16155E-02
   -0.98063E-05   -0.22261E-04   -0.90456E-04   -0.23970E-04   -0.29953E-02   -0.10740E-02   -0.94661E-03   -0.14244E+01   -0.77962E+00    0.38145E-01    0.68874E-03   -0.67692E+00   -0.61518E-01   -0.38316E-02    0.38276E-02   -0.10689E-01    0.14347E-06    0.28571E-04    0.60347E-01    0.18815E+00   -0.36392E-01   -0.89324E-03   -0.49980E-02   -0.49108E-02   -0.29890E-02   -0.48428E-02   -0.54191E-02    0.17908E-01   -0.90814E-02    0.16338E-02    0.11236E-01    0.29551E-02    0.68809E-03    0.14882E-01    0.80464E-02    0.75643E-03    0.86036E-02   -0.14883E-02   -0.16473E-01   -0.14191E-01    0.17326E+00    0.43329E+00   -0.17593E-01    0.26725E+00    0.43877E+00    0.92114E-02    0.17572E-01   -0.19541E-03   -0.21279E-03    0.37205E-02    0.48344E-03    0.16090E-03    0.45719E-03    0.14070E-03    0.10162E-02    0.86061E-03    0.65811E-03
   -0.39537E-04   -0.16516E-03   -0.30105E-03   -0.71312E-03   -0.11630E-01   -0.38882E-02   -0.51889E-02    0.63990E+00   -0.32817E+01    0.63620E+01    0.91815E-02   -0.71640E+01   -0.92027E+00   -0.95155E-01    0.50612E-02   -0.13075E+00   -0.17983E-04    0.34982E-03    0.18046E+00    0.14052E+01   -0.19790E+00    0.99703E-01    0.13323E-01   -0.21077E-02    0.35258E-01   -0.13108E+00   -0.36663E-01    0.10680E+00   -0.15210E+00    0.22780E-01    0.19605E+00    0.18552E+00    0.71757E-03    0.20148E+00    0.16026E+00    0.42126E-02    0.10707E+00   -0.58358E-01   -0.56458E-01   -0.25948E+00    0.53538E+00    0.56546E+01    0.24404E+00    0.43877E+00    0.16688E+02    0.29559E-02   -0.57228E-01   -0.24517E-01   -0.17538E-01    0.44371E-03    0.32824E-02    0.42756E-02    0.34532E-02    0.25464E-02    0.29575E-02    0.75595E-02    0.31953E-01
    0.70425E-06    0.93156E-06    0.32872E-05   -0.37320E-04    0.97397E-04    0.21608E-04   -0.60255E-04    0.14920E-02    0.29940E-01   -0.73811E-02    0.48357E-01    0.33804E-01    0.39938E-01    0.27290E-03    0.25529E-03   -0.91849E-03   -0.13119E-06    0.33797E-05    0.65392E-02   -0.34940E-01   -0.31422E-03   -0.22960E-02   -0.16868E-02   -0.31549E-03   -0.14099E-02   -0.35695E-02   -0.50516E-03   -0.19638E-02    0.14390E-02   -0.28595E-02    0.81157E-03   -0.13349E-02    0.53091E-03   -0.61763E-03   -0.50310E-03   -0.21778E-02   -0.63915E-03   -0.70714E-03    0.38990E-02    0.75624E-03    0.15862E-01    0.49602E-02   -0.93530E-01    0.92114E-02    0.29559E-02    0.87680E-02    0.85104E-02   -0.17525E-03    0.62913E-04   -0.13649E-04    0.14610E-04    0.29182E-05    0.12442E-04   -0.72776E-05   -0.13943E-03    0.26548E-04    0.89598E-04
