# omegabh2 omegach2 theta tau mnu logA ns aps100 aps143 aps217 acib143 acib217 asz143 psr cibr ncib xi aksz cal0 cal2 bm_1_1
    0.4449523E-07   -0.9297881E-07    0.2725132E-07    0.6702204E-06    0.1497436E-05    0.1279428E-05    0.3756256E-06   -0.3495714E-03   -0.3222348E-03    0.3272223E-03   -0.1273454E-03   -0.3330467E-03   -0.1129004E-04    0.1814049E-05   -0.3679933E-05   -0.2856505E-05    0.2430558E-05   -0.4488604E-04    0.6955934E-08   -0.6340732E-08    0.9980866E-06
   -0.9297881E-07    0.1793863E-05   -0.6308052E-07   -0.9804980E-05   -0.3992277E-04   -0.1532447E-04   -0.4176472E-05    0.4030399E-02    0.5258215E-03   -0.1430962E-02    0.2170211E-03    0.9364624E-03    0.3359056E-04   -0.4080075E-05    0.1644655E-04    0.6382702E-05   -0.8158279E-05    0.1883085E-03   -0.4459954E-07    0.4833709E-07    0.2555198E-04
    0.2725132E-07   -0.6308052E-07    0.1827546E-06    0.1150777E-05   -0.7190223E-07    0.2430663E-05    0.5000674E-06   -0.6364339E-03    0.2451746E-04    0.2063029E-03   -0.7295278E-04   -0.1132380E-03   -0.1508835E-04    0.2138083E-05   -0.1207856E-05    0.9093588E-06    0.3203594E-05   -0.5913518E-04    0.5611810E-08   -0.7827848E-10    0.7168686E-06
    0.6702204E-06   -0.9804980E-05    0.1150777E-05    0.1718553E-03    0.5743825E-03    0.3168980E-03    0.3027008E-04   -0.3725213E-01   -0.5337455E-02    0.1398434E-01   -0.3422240E-02   -0.9862448E-02   -0.5992672E-03    0.5218301E-04   -0.1643184E-03   -0.8197517E-04    0.4505848E-04   -0.1877403E-02   -0.4102024E-07   -0.1149560E-05   -0.4564423E-03
    0.1497436E-05   -0.3992277E-04   -0.7190223E-07    0.5743825E-03    0.6761608E-02    0.1047631E-02    0.9249079E-04   -0.1349459E+00    0.4480736E-02    0.4670717E-01   -0.6935329E-02   -0.2056367E-01    0.3165532E-03    0.2219329E-03   -0.8558453E-03   -0.2389283E-04    0.3400544E-03   -0.6961523E-02    0.2097032E-05    0.1031553E-05    0.2889893E-03
    0.1279428E-05   -0.1532447E-04    0.2430663E-05    0.3168980E-03    0.1047631E-02    0.5978350E-03    0.5034127E-04   -0.7149804E-01   -0.3808494E-02    0.3318485E-01   -0.9985573E-02   -0.2073041E-01   -0.1937775E-02    0.1298550E-03   -0.3682424E-03   -0.1270770E-03    0.1070491E-03   -0.4733168E-02    0.9931276E-07   -0.7463267E-06   -0.3393887E-03
    0.3756256E-06   -0.4176472E-05    0.5000674E-06    0.3027008E-04    0.9249079E-04    0.5034127E-04    0.2533706E-04   -0.2565310E-01    0.9888383E-03    0.2170292E-01   -0.6308521E-02   -0.1215864E-01   -0.1313675E-02    0.8011573E-04   -0.1991839E-03   -0.7258584E-04    0.8372965E-04   -0.3220092E-02   -0.1456683E-07    0.6935757E-06    0.1905225E-03
   -0.3495714E-03    0.4030399E-02   -0.6364339E-03   -0.3725213E-01   -0.1349459E+00   -0.7149804E-01   -0.2565310E-01    0.2483913E+04    0.6439693E+02   -0.1200463E+03    0.6868607E+02    0.8009155E+02   -0.5371565E+02   -0.9658100E+00   -0.1073429E+01    0.5902086E+00    0.3226254E+00   -0.1696735E+02    0.2522955E-02    0.5980481E-04    0.1147390E+02
   -0.3222348E-03    0.5258215E-03    0.2451746E-04   -0.5337455E-02    0.4480736E-02   -0.3808494E-02    0.9888383E-03    0.6439693E+02    0.1119236E+03    0.3057142E+02   -0.1941073E+02   -0.1454244E+01   -0.6492511E+01   -0.5490664E-01   -0.8990813E-02    0.1014828E+00    0.1091999E+01   -0.1123624E+02    0.3871020E-03    0.7869145E-03    0.2591551E+00
    0.3272223E-03   -0.1430962E-02    0.2063029E-03    0.1398434E-01    0.4670717E-01    0.3318485E-01    0.2170292E-01   -0.1200463E+03    0.3057142E+02    0.3290332E+03   -0.3648895E+02   -0.1553431E+03   -0.1246650E+01    0.2511597E+00   -0.1605383E+01   -0.1827707E+01    0.5317980E+00   -0.7421042E+01   -0.1036036E-03   -0.3606800E-02    0.2556188E+00
   -0.1273454E-03    0.2170211E-03   -0.7295278E-04   -0.3422240E-02   -0.6935329E-02   -0.9985573E-02   -0.6308521E-02    0.6868607E+02   -0.1941073E+02   -0.3648895E+02    0.2518401E+02    0.2170919E+02   -0.1035988E+01   -0.3045581E-01    0.6899747E-01    0.2301733E+00    0.1801791E+00   -0.1633515E+01   -0.2277540E-03   -0.1295694E-02   -0.2919801E+00
   -0.3330467E-03    0.9364624E-03   -0.1132380E-03   -0.9862448E-02   -0.2056367E-01   -0.2073041E-01   -0.1215864E-01    0.8009155E+02   -0.1454244E+01   -0.1553431E+03    0.2170919E+02    0.8557520E+02    0.1247872E+01   -0.5346479E-01    0.7678831E+00    0.1114325E+01   -0.2918937E+00   -0.2902612E+01    0.9446416E-04    0.1055739E-02   -0.1060380E-01
   -0.1129004E-04    0.3359056E-04   -0.1508835E-04   -0.5992672E-03    0.3165532E-03   -0.1937775E-02   -0.1313675E-02   -0.5371565E+02   -0.6492511E+01   -0.1246650E+01   -0.1035988E+01    0.1247872E+01    0.6598208E+01    0.6601365E-01    0.2535621E+00   -0.1958945E-02   -0.7159817E-01   -0.2736306E+00    0.4237004E-04   -0.4868276E-03    0.1204919E+00
    0.1814049E-05   -0.4080075E-05    0.2138083E-05    0.5218301E-04    0.2219329E-03    0.1298550E-03    0.8011573E-04   -0.9658100E+00   -0.5490664E-01    0.2511597E+00   -0.3045581E-01   -0.5346479E-01    0.6601365E-01    0.1725226E-01   -0.9945868E-02    0.4329201E-02    0.8628884E-02   -0.2281842E-01    0.3233339E-05   -0.3043571E-04    0.3922308E-02
   -0.3679933E-05    0.1644655E-04   -0.1207856E-05   -0.1643184E-03   -0.8558453E-03   -0.3682424E-03   -0.1991839E-03   -0.1073429E+01   -0.8990813E-02   -0.1605383E+01    0.6899747E-01    0.7678831E+00    0.2535621E+00   -0.9945868E-02    0.5019338E-01   -0.5475914E-03    0.2579016E-02   -0.3888795E-01    0.4501678E-06    0.9090955E-04    0.1071861E-02
   -0.2856505E-05    0.6382702E-05    0.9093588E-06   -0.8197517E-04   -0.2389283E-04   -0.1270770E-03   -0.7258584E-04    0.5902086E+00    0.1014828E+00   -0.1827707E+01    0.2301733E+00    0.1114325E+01   -0.1958945E-02    0.4329201E-02   -0.5475914E-03    0.2497774E-01   -0.1056916E-02   -0.3228996E-01    0.7244290E-05   -0.7605308E-04    0.6197247E-02
    0.2430558E-05   -0.8158279E-05    0.3203594E-05    0.4505848E-04    0.3400544E-03    0.1070491E-03    0.8372965E-04    0.3226254E+00    0.1091999E+01    0.5317980E+00    0.1801791E+00   -0.2918937E+00   -0.7159817E-01    0.8628884E-02    0.2579016E-02   -0.1056916E-02    0.8085883E-01    0.1744660E-01    0.2687512E-05   -0.2487340E-04    0.1164785E-02
   -0.4488604E-04    0.1883085E-03   -0.5913518E-04   -0.1877403E-02   -0.6961523E-02   -0.4733168E-02   -0.3220092E-02   -0.1696735E+02   -0.1123624E+02   -0.7421042E+01   -0.1633515E+01   -0.2902612E+01   -0.2736306E+00   -0.2281842E-01   -0.3888795E-01   -0.3228996E-01    0.1744660E-01    0.7786116E+01    0.2875088E-04    0.1988548E-04   -0.2898797E-01
    0.6955934E-08   -0.4459954E-07    0.5611810E-08   -0.4102024E-07    0.2097032E-05    0.9931276E-07   -0.1456683E-07    0.2522955E-02    0.3871020E-03   -0.1036036E-03   -0.2277540E-03    0.9446416E-04    0.4237004E-04    0.3233339E-05    0.4501678E-06    0.7244290E-05    0.2687512E-05    0.2875088E-04    0.8483738E-06    0.5766255E-07   -0.9102283E-04
   -0.6340732E-08    0.4833709E-07   -0.7827848E-10   -0.1149560E-05    0.1031553E-05   -0.7463267E-06    0.6935757E-06    0.5980481E-04    0.7869145E-03   -0.3606800E-02   -0.1295694E-02    0.1055739E-02   -0.4868276E-03   -0.3043571E-04    0.9090955E-04   -0.7605308E-04   -0.2487340E-04    0.1988548E-04    0.5766255E-07    0.5753255E-05    0.2648236E-03
    0.9980866E-06    0.2555198E-04    0.7168686E-06   -0.4564423E-03    0.2889893E-03   -0.3393887E-03    0.1905225E-03    0.1147390E+02    0.2591551E+00    0.2556188E+00   -0.2919801E+00   -0.1060380E-01    0.1204919E+00    0.3922308E-02    0.1071861E-02    0.6197247E-02    0.1164785E-02   -0.2898797E-01   -0.9102283E-04    0.2648236E-03    0.2574083E+00
