# omegabh2 omegach2 theta tau logA ns
    0.3843195E-06   -0.4061849E-06   -0.7933106E-07    0.4285100E-05    0.1347805E-04    0.4010211E-06
   -0.4061849E-06    0.2421372E-05    0.1712853E-06   -0.1686980E-04   -0.3145863E-04   -0.5486327E-05
   -0.7933106E-07    0.1712853E-06    0.5384958E-06   -0.4741926E-05   -0.1070057E-04    0.1702849E-06
    0.4285100E-05   -0.1686980E-04   -0.4741926E-05    0.4159318E-02    0.8385158E-02    0.1399471E-03
    0.1347805E-04   -0.3145863E-04   -0.1070057E-04    0.8385158E-02    0.1701362E-01    0.2805811E-03
    0.4010211E-06   -0.5486327E-05    0.1702849E-06    0.1399471E-03    0.2805811E-03    0.1029522E-03
