# omegabh2 omegach2 theta tau mnu nnu logA ns calPlanck aps100 aps143 aps217 acib217 asz143 psr cibr xi aksz dust100 dust143 dust217 dust143x217 cal0 cal2
  5.6040641E-08   4.4353647E-07  -2.9485246E-08   3.0928615E-07   2.3826362E-06   3.2597899E-05   1.9222336E-06   1.3471854E-06   1.7168093E-08   1.5491494E-04   3.4574852E-05  -8.9055502E-05   5.2174116E-05  -5.1012647E-07  -1.5659587E-07   8.6141308E-07  -2.5919490E-09   1.0224713E-05   1.0044308E-06   8.6312170E-07   8.3759515E-08   5.2100555E-07  -1.2794292E-10   8.1475245E-09
  4.4353647E-07   1.6436314E-05  -1.6389414E-06   5.6825449E-07   1.9639508E-05   9.3339729E-04   4.3143972E-05   2.6346114E-05  -1.1233886E-07   2.2538031E-02   1.4229131E-02  -3.8027984E-03   6.6465992E-03  -7.1588108E-04  -3.2767345E-05   1.1132009E-04  -3.7916834E-05   1.4707890E-03   3.3959676E-05   2.2062306E-05  -2.5652892E-05   1.3869235E-05  -1.6109260E-08   6.1969372E-07
 -2.9485246E-08  -1.6389414E-06   3.4973949E-07  -1.7781243E-08  -3.3101097E-06  -9.8965028E-05  -4.0272247E-06  -2.7263071E-06   2.0960919E-08  -2.6114674E-03  -1.5518562E-03   5.5036273E-04  -7.9286521E-04   8.1533505E-05   3.7732071E-06  -1.2556137E-05   4.0710642E-06  -1.6853627E-04  -3.8977940E-06  -2.1644358E-06   3.3673130E-06  -1.4377325E-06   2.9825170E-09  -7.2708375E-08
  3.0928615E-07   5.6825449E-07  -1.7781243E-08   6.3612330E-05   5.0519905E-05   1.4937236E-04   1.2916987E-04   1.1732301E-05   2.2421409E-08  -5.9109653E-03  -2.6499883E-03   2.1272613E-03  -2.0535282E-03   1.1802756E-04   2.0179982E-05  -3.0750141E-05   2.7852077E-05  -5.1343423E-04  -9.9776941E-06  -1.9137868E-05   8.7700157E-06  -1.1043267E-05   6.6945115E-08  -2.0697768E-07
  2.3826362E-06   1.9639508E-05  -3.3101097E-06   5.0519905E-05   3.1391179E-03   3.0692725E-03   1.5470048E-04   1.5296228E-04   2.3994846E-06   1.0356804E-01   4.9422622E-02  -3.2332586E-02   3.2853306E-02  -2.0852051E-03  -2.6720475E-04   7.8032842E-04  -2.4923205E-04   9.0185784E-03  -8.4277498E-05   8.0993047E-05  -1.1392732E-04  -4.1217026E-05   3.7760275E-07   3.5673615E-06
  3.2597899E-05   9.3339729E-04  -9.8965028E-05   1.4937236E-04   3.0692725E-03   5.9446611E-02   2.7032916E-03   1.9160100E-03  -2.5833539E-06   1.4430933E+00   8.8302320E-01  -2.6782838E-01   4.2476822E-01  -4.5962640E-02  -2.1732462E-03   7.0893154E-03  -1.9701074E-03   9.7958462E-02   2.0421919E-03   1.5389527E-03  -1.6507928E-03   9.3438662E-04  -6.7000457E-08   3.9044045E-05
  1.9222336E-06   4.3143972E-05  -4.0272247E-06   1.2916987E-04   1.5470048E-04   2.7032916E-03   3.9997203E-04   9.1352431E-05   1.2623440E-05   4.8015049E-02   3.2066954E-02   3.0051831E-03   1.1071862E-02  -1.5277338E-03  -1.0764929E-05   1.5633763E-04   9.5561752E-06   1.6042612E-03   4.5977488E-05  -8.2959211E-05  -2.0615226E-05   7.8053194E-07   6.9257939E-07   1.0841956E-06
  1.3471854E-06   2.6346114E-05  -2.7263071E-06   1.1732301E-05   1.5296228E-04   1.9160100E-03   9.1352431E-05   8.1181829E-05   4.0492833E-07   2.2023802E-02   2.0441478E-02   9.8903024E-04   6.7714902E-03  -9.5930287E-04  -9.8348654E-06   1.0502566E-04   1.5997124E-06   1.2314433E-03   8.1584441E-05   2.0358376E-05  -1.6314152E-05   2.5673433E-05  -3.2875890E-07   8.3063322E-07
  1.7168093E-08  -1.1233886E-07   2.0960919E-08   2.2421409E-08   2.3994846E-06  -2.5833539E-06   1.2623440E-05   4.0492833E-07   6.3639258E-06   1.8773670E-03   2.5987854E-04   1.5303403E-03   3.6574549E-04  -8.4247885E-06   1.2075669E-06  -6.0235600E-06   3.4879294E-06  -7.8274378E-05   2.2369333E-07  -3.7111277E-06   6.7754237E-06  -1.4497919E-06  -2.7805995E-08  -3.9300708E-08
  1.5491494E-04   2.2538031E-02  -2.6114674E-03  -5.9109653E-03   1.0356804E-01   1.4430933E+00   4.8015049E-02   2.2023802E-02   1.8773670E-03   6.5746753E+02   8.3372994E+01  -6.8293730E+01   4.4255918E+01  -2.6467203E+01  -8.9386381E-01   1.3923276E-01  -2.5909623E-01   1.4569776E+01  -1.7855049E-01   3.0538615E-01  -3.0466968E-01  -2.0138248E-01   6.8808653E-03   4.5527728E-03
  3.4574852E-05   1.4229131E-02  -1.5518562E-03  -2.6499883E-03   4.9422622E-02   8.8302320E-01   3.2066954E-02   2.0441478E-02   2.5987854E-04   8.3372994E+01   8.2250011E+01   5.3226674E+00   1.3269588E+01  -1.3618402E+00  -4.3274244E-02   5.7179828E-01   8.5849888E-01  -6.4833073E+00  -1.3449853E-03  -2.0915040E-01   2.8823836E-02   6.7891343E-02   8.4230864E-04   1.4381392E-03
 -8.9055502E-05  -3.8027984E-03   5.5036273E-04   2.1272613E-03  -3.2332586E-02  -2.6782838E-01   3.0051831E-03   9.8903024E-04   1.5303403E-03  -6.8293730E+01   5.3226674E+00   1.8321544E+02  -8.8842030E+01   2.6524437E+00   3.8555542E-01  -1.1065870E+00   3.7583000E-01  -8.0973532E+00  -2.3618635E-02  -2.6719565E-01   6.0121039E-01   4.5085967E-02   1.5953823E-03  -8.1508692E-03
  5.2174116E-05   6.6465992E-03  -7.9286521E-04  -2.0535282E-03   3.2853306E-02   4.2476822E-01   1.1071862E-02   6.7714902E-03   3.6574549E-04   4.4255918E+01   1.3269588E+01  -8.8842030E+01   5.7378489E+01   1.3623541E+00  -8.1868872E-02   7.8816956E-01  -2.8753470E-01  -1.7131058E+00   1.8225403E-02   1.7051237E-01  -4.8497447E-01  -1.3875523E-01  -5.4409599E-04   3.5804692E-03
 -5.1012647E-07  -7.1588108E-04   8.1533505E-05   1.1802756E-04  -2.0852051E-03  -4.5962640E-02  -1.5277338E-03  -9.5930287E-04  -8.4247885E-06  -2.6467203E+01  -1.3618402E+00   2.6524437E+00   1.3623541E+00   4.3183956E+00   1.0259913E-01   1.3635794E-01  -4.5415869E-02  -3.5815777E+00  -3.0722287E-03  -4.2763565E-03   8.7164999E-03   5.0612622E-02   4.3539743E-04  -2.7690344E-04
 -1.5659587E-07  -3.2767345E-05   3.7732071E-06   2.0179982E-05  -2.6720475E-04  -2.1732462E-03  -1.0764929E-05  -9.8348654E-06   1.2075669E-06  -8.9386381E-01  -4.3274244E-02   3.8555542E-01  -8.1868872E-02   1.0259913E-01   1.6548059E-02  -1.7021726E-02   1.1872579E-02  -1.0948633E-01  -8.9950795E-05  -1.4439232E-03  -2.2744596E-03   5.4838396E-03   1.8250303E-05  -3.9146374E-05
  8.6141308E-07   1.1132009E-04  -1.2556137E-05  -3.0750141E-05   7.8032842E-04   7.0893154E-03   1.5633763E-04   1.0502566E-04  -6.0235600E-06   1.3923276E-01   5.7179828E-01  -1.1065870E+00   7.8816956E-01   1.3635794E-01  -1.7021726E-02   6.5599509E-02   3.4008656E-03  -1.2999928E-01   3.7118212E-04   6.8498973E-03  -8.7936414E-04  -1.7688771E-02  -9.7830562E-06   9.7879423E-05
 -2.5919490E-09  -3.7916834E-05   4.0710642E-06   2.7852077E-05  -2.4923205E-04  -1.9701074E-03   9.5561752E-06   1.5997124E-06   3.4879294E-06  -2.5909623E-01   8.5849888E-01   3.7583000E-01  -2.8753470E-01  -4.5415869E-02   1.1872579E-02   3.4008656E-03   8.2668625E-02   4.0586479E-02  -3.4552264E-04  -3.0359591E-04   1.2518063E-03   9.5341034E-04   1.3637382E-05  -7.4364725E-06
  1.0224713E-05   1.4707890E-03  -1.6853627E-04  -5.1343423E-04   9.0185784E-03   9.7958462E-02   1.6042612E-03   1.2314433E-03  -7.8274378E-05   1.4569776E+01  -6.4833073E+00  -8.0973532E+00  -1.7131058E+00  -3.5815777E+00  -1.0948633E-01  -1.2999928E-01   4.0586479E-02   7.5729480E+00   3.2803454E-03   2.4668982E-03  -8.1215494E-03  -4.5958258E-02  -3.4201540E-04   1.6906726E-04
  1.0044308E-06   3.3959676E-05  -3.8977940E-06  -9.9776941E-06  -8.4277498E-05   2.0421919E-03   4.5977488E-05   8.1584441E-05   2.2369333E-07  -1.7855049E-01  -1.3449853E-03  -2.3618635E-02   1.8225403E-02  -3.0722287E-03  -8.9950795E-05   3.7118212E-04  -3.4552264E-04   3.2803454E-03   3.8544802E-02   3.0474245E-03  -2.7639634E-06   7.8998524E-04   3.3893184E-05  -3.4579856E-06
  8.6312170E-07   2.2062306E-05  -2.1644358E-06  -1.9137868E-05   8.0993047E-05   1.5389527E-03  -8.2959211E-05   2.0358376E-05  -3.7111277E-06   3.0538615E-01  -2.0915040E-01  -2.6719565E-01   1.7051237E-01  -4.2763565E-03  -1.4439232E-03   6.8498973E-03  -3.0359591E-04   2.4668982E-03   3.0474245E-03   3.0933441E-02  -7.8263046E-04   5.3589141E-03  -8.2076370E-05  -4.4748372E-05
  8.3759515E-08  -2.5652892E-05   3.3673130E-06   8.7700157E-06  -1.1392732E-04  -1.6507928E-03  -2.0615226E-05  -1.6314152E-05   6.7754237E-06  -3.0466968E-01   2.8823836E-02   6.0121039E-01  -4.8497447E-01   8.7164999E-03  -2.2744596E-03  -8.7936414E-04   1.2518063E-03  -8.1215494E-03  -2.7639634E-06  -7.8263046E-04   1.0862374E-02   8.6712495E-03   3.6440472E-06   5.8541712E-05
  5.2100555E-07   1.3869235E-05  -1.4377325E-06  -1.1043267E-05  -4.1217026E-05   9.3438662E-04   7.8053194E-07   2.5673433E-05  -1.4497919E-06  -2.0138248E-01   6.7891343E-02   4.5085967E-02  -1.3875523E-01   5.0612622E-02   5.4838396E-03  -1.7688771E-02   9.5341034E-04  -4.5958258E-02   7.8998524E-04   5.3589141E-03   8.6712495E-03   2.6353043E-02  -3.1422800E-06   5.5552931E-05
 -1.2794292E-10  -1.6109260E-08   2.9825170E-09   6.6945115E-08   3.7760275E-07  -6.7000457E-08   6.9257939E-07  -3.2875890E-07  -2.7805995E-08   6.8808653E-03   8.4230864E-04   1.5953823E-03  -5.4409599E-04   4.3539743E-04   1.8250303E-05  -9.7830562E-06   1.3637382E-05  -3.4201540E-04   3.3893184E-05  -8.2076370E-05   3.6440472E-06  -3.1422800E-06   1.1201463E-06   5.0296286E-08
  8.1475245E-09   6.1969372E-07  -7.2708375E-08  -2.0697768E-07   3.5673615E-06   3.9044045E-05   1.0841956E-06   8.3063322E-07  -3.9300708E-08   4.5527728E-03   1.4381392E-03  -8.1508692E-03   3.5804692E-03  -2.7690344E-04  -3.9146374E-05   9.7879423E-05  -7.4364725E-06   1.6906726E-04  -3.4579856E-06  -4.4748372E-05   5.8541712E-05   5.5552931E-05   5.0296286E-08   2.4757324E-06
