# omegabh2 omegach2 theta tau logA ns calPlanck aps100 aps143 aps217 acib217 asz143 psr cibr xi aksz dust100 dust143 dust217 dust143x217 cal0 cal2 calTE calEE
  2.5464103E-08  -1.1402356E-07   1.8839033E-08   2.4124200E-07   3.0842620E-07   3.2928648E-07   1.7262585E-08  -3.6857052E-04  -2.7504884E-04   9.3148272E-05  -1.2647009E-04   1.8124257E-05   7.8105370E-07  -2.3599601E-06   4.9816293E-07  -3.3305084E-05   4.6967833E-07  -1.6225209E-07   5.0133806E-07  -2.6313296E-07   3.9946722E-09  -1.1538507E-08  -8.9923339E-08  -2.5452003E-07
 -1.1402356E-07   1.9443818E-06  -1.7028375E-07  -2.3321986E-06  -2.7128124E-07  -4.5431402E-06  -1.3113862E-07   7.3649324E-04   1.0058754E-03  -1.5823138E-04   3.7662303E-04  -3.1591350E-05  -1.1613718E-06   1.0938593E-05   2.4927288E-06   6.4104722E-05  -4.0018592E-06   1.7230556E-06  -1.4980901E-06   1.6803039E-09  -2.5938568E-08   2.1369589E-08  -3.5503457E-07  -6.8784894E-07
  1.8839033E-08  -1.7028375E-07   1.0166912E-07   2.8834765E-07   2.7813408E-07   5.1935785E-07   1.4163545E-08   1.6260181E-05  -1.2086903E-04  -5.5805494E-05   6.0207641E-06   1.9232830E-06  -1.9563602E-07  -2.7940610E-07  -9.9977302E-07  -3.3845262E-06   1.0534490E-06   4.0702901E-07  -3.3576071E-07  -5.9305170E-07   2.5950108E-09   1.6208470E-10   3.8240734E-09   2.0668434E-08
  2.4124200E-07  -2.3321986E-06   2.8834765E-07   6.0337990E-05   1.1358805E-04   8.2377062E-06  -7.0208815E-07  -1.1737269E-02  -4.3546602E-03   1.8789283E-03  -2.5863665E-03   2.0827004E-04   3.2806565E-05  -6.8708782E-05   4.6120045E-05  -6.7517744E-04   1.0675117E-05  -1.4086795E-05  -3.2338705E-06  -1.4360537E-05  -8.6550913E-08  -2.6696836E-07  -4.6511693E-06  -2.7821780E-06
  3.0842620E-07  -2.7128124E-07   2.7813408E-07   1.1358805E-04   2.5223279E-04   4.6188371E-06   1.0931607E-05  -1.6079543E-02  -4.1679750E-03   1.1740962E-02  -5.8619842E-03   3.9232679E-04   8.7863755E-05  -1.7902360E-04   1.1807854E-04  -2.3296803E-03   2.1785828E-06  -1.1259163E-04   2.2528241E-05  -2.5600633E-05   4.3587981E-07  -5.1253790E-07  -1.0606498E-05  -5.0570435E-06
  3.2928648E-07  -4.5431402E-06   5.1935785E-07   8.2377062E-06   4.6188371E-06   2.0640083E-05   4.0419349E-07  -2.2297131E-02  -8.3221118E-03   8.1606721E-03  -6.0093591E-03   4.7215565E-04   5.5822431E-05  -1.1752981E-04   3.7264094E-05  -1.9418980E-03   2.3371673E-05  -3.2665551E-05   2.7854750E-05  -1.4517159E-05  -2.8578031E-07  -3.1473921E-07   3.8777366E-07  -2.0949061E-06
  1.7262585E-08  -1.3113862E-07   1.4163545E-08  -7.0208815E-07   1.0931607E-05   4.0419349E-07   6.2723134E-06   3.5065416E-03   7.5262071E-04   1.4043261E-03   4.3603043E-04  -2.9644113E-05  -2.6376703E-06  -4.1822663E-06  -4.8633522E-06  -6.9226345E-05   4.7399072E-06   3.9100861E-06   9.4445252E-06   5.1086353E-06   7.6421951E-10  -3.0105506E-08  -4.1004809E-07  -1.3009584E-07
 -3.6857052E-04   7.3649324E-04   1.6260181E-05  -1.1737269E-02  -1.6079543E-02  -2.2297131E-02   3.5065416E-03   6.1497659E+02   5.7473178E+01  -5.4858081E+01   2.9154048E+01  -2.4958473E+01  -8.5694840E-01  -5.9014240E-02  -2.4682831E-01   1.0515152E+01  -1.2788923E-01   3.4046597E-01  -2.1620935E-01  -2.1505788E-01   6.6672543E-03   2.6842696E-03   9.0254495E-04   7.3150067E-03
 -2.7504884E-04   1.0058754E-03  -1.2086903E-04  -4.3546602E-03  -4.1679750E-03  -8.3221118E-03   7.5262071E-04   5.7473178E+01   6.6075488E+01   8.6471643E+00   6.5546279E+00  -1.8463136E-01   4.4685996E-03   4.5427562E-01   9.0610107E-01  -8.3587296E+00  -4.6250270E-02  -2.3622845E-01   5.1113045E-02   6.0546602E-02   9.3141414E-04   6.6406853E-04   2.1443335E-03   5.1620152E-03
  9.3148272E-05  -1.5823138E-04  -5.5805494E-05   1.8789283E-03   1.1740962E-02   8.1606721E-03   1.4043261E-03  -5.4858081E+01   8.6471643E+00   1.7582882E+02  -8.3252010E+01   2.5248172E+00   3.2676018E-01  -1.0474733E+00   2.5993546E-01  -6.9920489E+00  -3.4117117E-02  -2.9066689E-01   5.5803909E-01  -8.7471233E-03   1.7385857E-03  -7.6824794E-03   2.5319908E-03   2.7721909E-03
 -1.2647009E-04   3.7662303E-04   6.0207641E-06  -2.5863665E-03  -5.8619842E-03  -6.0093591E-03   4.3603043E-04   2.9154048E+01   6.5546279E+00  -8.3252010E+01   5.2035468E+01   1.8258116E+00  -3.8498757E-02   7.3019455E-01  -2.2475886E-01  -3.0437597E+00   1.7409076E-02   1.7168905E-01  -4.5245428E-01  -1.1530469E-01  -5.3993345E-04   3.0787379E-03  -7.0063657E-04   1.6568727E-04
  1.8124257E-05  -3.1591350E-05   1.9232830E-06   2.0827004E-04   3.9232679E-04   4.7215565E-04  -2.9644113E-05  -2.4958473E+01  -1.8463136E-01   2.5248172E+00   1.8258116E+00   4.3209271E+00   1.0149803E-01   1.5022815E-01  -3.9187256E-02  -3.5542823E+00  -6.9119886E-03  -1.0343547E-02   6.7355325E-03   5.3680489E-02   4.7175047E-04  -2.2568835E-04  -9.9520272E-05  -2.1170010E-04
  7.8105370E-07  -1.1613718E-06  -1.9563602E-07   3.2806565E-05   8.7863755E-05   5.5822431E-05  -2.6376703E-06  -8.5694840E-01   4.4685996E-03   3.2676018E-01  -3.8498757E-02   1.0149803E-01   1.6012185E-02  -1.6189621E-02   1.1780331E-02  -1.0381414E-01  -2.8810695E-05  -1.4297559E-03  -2.4916212E-03   5.3651105E-03   1.7352760E-05  -3.5014250E-05   1.4838395E-05   1.0289436E-05
 -2.3599601E-06   1.0938593E-05  -2.7940610E-07  -6.8708782E-05  -1.7902360E-04  -1.1752981E-04  -4.1822663E-06  -5.9014240E-02   4.5427562E-01  -1.0474733E+00   7.3019455E-01   1.5022815E-01  -1.6189621E-02   6.6469720E-02   4.7041955E-03  -1.5792661E-01   8.3209931E-05   6.6238980E-03  -6.8488692E-04  -1.7889939E-02  -5.1559292E-06   9.3708982E-05  -2.6021682E-05  -1.0181278E-05
  4.9816293E-07   2.4927288E-06  -9.9977302E-07   4.6120045E-05   1.1807854E-04   3.7264094E-05  -4.8633522E-06  -2.4682831E-01   9.0610107E-01   2.5993546E-01  -2.2475886E-01  -3.9187256E-02   1.1780331E-02   4.7041955E-03   8.2841278E-02   4.9263886E-02  -1.3717315E-04  -1.0839615E-04   1.0959081E-03   1.1800016E-03   1.5184042E-05  -1.1158023E-07   2.8671982E-05   1.6013369E-05
 -3.3305084E-05   6.4104722E-05  -3.3845262E-06  -6.7517744E-04  -2.3296803E-03  -1.9418980E-03  -6.9226345E-05   1.0515152E+01  -8.3587296E+00  -6.9920489E+00  -3.0437597E+00  -3.5542823E+00  -1.0381414E-01  -1.5792661E-01   4.9263886E-02   7.4804986E+00   4.8145340E-03   3.5406056E-03  -1.9269385E-04  -4.7042400E-02  -4.2619406E-04   5.3455711E-05  -2.1484368E-04  -2.0554757E-04
  4.6967833E-07  -4.0018592E-06   1.0534490E-06   1.0675117E-05   2.1785828E-06   2.3371673E-05   4.7399072E-06  -1.2788923E-01  -4.6250270E-02  -3.4117117E-02   1.7409076E-02  -6.9119886E-03  -2.8810695E-05   8.3209931E-05  -1.3717315E-04   4.8145340E-03   3.7428772E-02   3.3034856E-03  -1.7251779E-04   5.1770455E-04   3.4551595E-05  -3.9380684E-06  -2.3932062E-05  -2.5530879E-05
 -1.6225209E-07   1.7230556E-06   4.0702901E-07  -1.4086795E-05  -1.1259163E-04  -3.2665551E-05   3.9100861E-06   3.4046597E-01  -2.3622845E-01  -2.9066689E-01   1.7168905E-01  -1.0343547E-02  -1.4297559E-03   6.6238980E-03  -1.0839615E-04   3.5406056E-03   3.3034856E-03   3.1149400E-02  -9.1717323E-04   5.2195623E-03  -8.1531814E-05  -4.4610460E-05  -7.0784600E-05  -9.1732034E-05
  5.0133806E-07  -1.4980901E-06  -3.3576071E-07  -3.2338705E-06   2.2528241E-05   2.7854750E-05   9.4445252E-06  -2.1620935E-01   5.1113045E-02   5.5803909E-01  -4.5245428E-01   6.7355325E-03  -2.4916212E-03  -6.8488692E-04   1.0959081E-03  -1.9269385E-04  -1.7251779E-04  -9.1717323E-04   1.0653168E-02   8.5894456E-03   4.3288127E-06   6.3191896E-05   7.2699896E-06   2.1755543E-06
 -2.6313296E-07   1.6803039E-09  -5.9305170E-07  -1.4360537E-05  -2.5600633E-05  -1.4517159E-05   5.1086353E-06  -2.1505788E-01   6.0546602E-02  -8.7471233E-03  -1.1530469E-01   5.3680489E-02   5.3651105E-03  -1.7889939E-02   1.1800016E-03  -4.7042400E-02   5.1770455E-04   5.2195623E-03   8.5894456E-03   2.6655585E-02  -3.1188136E-06   5.8461470E-05  -7.8517262E-06  -1.4538312E-06
  3.9946722E-09  -2.5938568E-08   2.5950108E-09  -8.6550913E-08   4.3587981E-07  -2.8578031E-07   7.6421951E-10   6.6672543E-03   9.3141414E-04   1.7385857E-03  -5.3993345E-04   4.7175047E-04   1.7352760E-05  -5.1559292E-06   1.5184042E-05  -4.2619406E-04   3.4551595E-05  -8.1531814E-05   4.3288127E-06  -3.1188136E-06   1.1170206E-06   4.3842518E-08   3.1633729E-07   6.5950177E-07
 -1.1538507E-08   2.1369589E-08   1.6208470E-10  -2.6696836E-07  -5.1253790E-07  -3.1473921E-07  -3.0105506E-08   2.6842696E-03   6.6406853E-04  -7.6824794E-03   3.0787379E-03  -2.2568835E-04  -3.5014250E-05   9.3708982E-05  -1.1158023E-07   5.3455711E-05  -3.9380684E-06  -4.4610460E-05   6.3191896E-05   5.8461470E-05   4.3842518E-08   2.4860796E-06   2.5604076E-07   2.8180885E-07
 -8.9923339E-08  -3.5503457E-07   3.8240734E-09  -4.6511693E-06  -1.0606498E-05   3.8777366E-07  -4.1004809E-07   9.0254495E-04   2.1443335E-03   2.5319908E-03  -7.0063657E-04  -9.9520272E-05   1.4838395E-05  -2.6021682E-05   2.8671982E-05  -2.1484368E-04  -2.3932062E-05  -7.0784600E-05   7.2699896E-06  -7.8517262E-06   3.1633729E-07   2.5604076E-07   2.4238322E-05   8.5480452E-06
 -2.5452003E-07  -6.8784894E-07   2.0668434E-08  -2.7821780E-06  -5.0570435E-06  -2.0949061E-06  -1.3009584E-07   7.3150067E-03   5.1620152E-03   2.7721909E-03   1.6568727E-04  -2.1170010E-04   1.0289436E-05  -1.0181278E-05   1.6013369E-05  -2.0554757E-04  -2.5530879E-05  -9.1732034E-05   2.1755543E-06  -1.4538312E-06   6.5950177E-07   2.8180885E-07   8.5480452E-06   2.4429181E-05
