# omegabh2 omegach2 theta mnu logA ns
    0.8071042E-06    0.3804286E-06   -0.2461704E-05   -0.1169883E-04    0.4510619E-05   -0.2266173E-08
    0.3804286E-06    0.2463662E-02    0.2359687E-02    0.3502900E-01   -0.1817418E-01   -0.6279828E-04
   -0.2461704E-05    0.2359687E-02    0.3382652E-02    0.4729169E-01   -0.9596310E-02   -0.6262606E-04
   -0.1169883E-04    0.3502900E-01    0.4729169E-01    0.1299375E+01   -0.7484485E-01    0.3920797E-03
    0.4510619E-05   -0.1817418E-01   -0.9596310E-02   -0.7484485E-01    0.2259449E+00    0.1229112E-03
   -0.2266173E-08   -0.6279828E-04   -0.6262606E-04    0.3920797E-03    0.1229112E-03    0.3999084E-03
