# omegabh2 omegach2 theta tau meffsterile nnu logA ns aps100 aps143 aps217 acib143 acib217 asz143 psr cibr ncib xi aksz cal0 cal2 calTE calEE bm_1_1
    0.4009526E-07    0.1414603E-06   -0.9090313E-08    0.1094888E-05    0.1211645E-06    0.1658971E-04    0.2486290E-05    0.9422918E-06    0.3879511E-03   -0.6921104E-04   -0.1355332E-03    0.1647939E-04    0.3610331E-04    0.1729789E-05   -0.2959080E-06    0.1591704E-05    0.1872229E-06    0.2094743E-05   -0.1515943E-04    0.6417329E-09    0.1059451E-07   -0.3134126E-07   -0.1115713E-06    0.1405315E-05
    0.1414603E-06    0.9336525E-05   -0.7824781E-06    0.1145961E-05    0.3158638E-05    0.3938743E-03    0.2058502E-04    0.8799766E-05    0.1573079E-01    0.2883759E-02   -0.4065535E-02    0.1633045E-02    0.3518756E-02   -0.5683774E-04   -0.2023116E-04    0.6538119E-04    0.1504158E-04   -0.8912122E-05    0.9936456E-03   -0.2696631E-07    0.1361800E-06    0.1250349E-05    0.3327139E-05    0.6483985E-04
   -0.9090313E-08   -0.7824781E-06    0.1607914E-06   -0.8547464E-07   -0.1406671E-04   -0.4017347E-04   -0.1796701E-05   -0.7944907E-06   -0.1181258E-02   -0.4387412E-03    0.2269772E-03   -0.6938565E-04   -0.2805452E-03    0.2170799E-04    0.9459099E-07   -0.1242119E-05   -0.3699199E-05    0.3300400E-06   -0.1018738E-03    0.8351068E-08    0.5687472E-08   -0.1508647E-06   -0.3730798E-06   -0.8262763E-05
    0.1094888E-05    0.1145961E-05   -0.8547464E-07    0.1976704E-03   -0.9790292E-05    0.4727733E-03    0.3916051E-03    0.4427466E-04   -0.3705628E-01   -0.4993857E-03    0.4944464E-02    0.2941840E-03   -0.4267161E-02   -0.7232633E-03    0.4024550E-04   -0.2067310E-03    0.1023351E-04    0.2570902E-03   -0.3468155E-02   -0.4365375E-06   -0.5796497E-07   -0.9898627E-05   -0.4836536E-05   -0.4448802E-03
    0.1211645E-06    0.3158638E-05   -0.1406671E-04   -0.9790292E-05    0.3531923E-01    0.7614982E-02    0.1961426E-03   -0.3490751E-03   -0.7722713E-01    0.1079364E+00   -0.3969003E-02    0.4190417E-01    0.6459036E-01    0.3930664E-02    0.5686003E-03   -0.7438233E-03    0.4940254E-03   -0.1389046E-02    0.5085140E-01   -0.8471062E-05   -0.1000724E-04    0.4372230E-04    0.2871766E-04   -0.1603016E-02
    0.1658971E-04    0.3938743E-03   -0.4017347E-04    0.4727733E-03    0.7614982E-02    0.2480639E-01    0.1755161E-02    0.7652701E-03    0.7457023E+00    0.1705674E+00   -0.2215174E+00    0.9732574E-01    0.1967061E+00   -0.7787565E-02   -0.9205912E-03    0.2264487E-02    0.1331013E-02   -0.1915893E-03    0.4595408E-01   -0.3799700E-05    0.3155176E-05    0.9988852E-04    0.2228387E-03    0.1843223E-02
    0.2486290E-05    0.2058502E-04   -0.1796701E-05    0.3916051E-03    0.1961426E-03    0.1755161E-02    0.8212589E-03    0.1009837E-03   -0.4417288E-01    0.9982172E-02    0.8704175E-02    0.1417014E-02   -0.3274507E-02   -0.2176650E-02    0.7237413E-04   -0.3618685E-03    0.7470239E-04    0.5124582E-03   -0.6164409E-02   -0.7596499E-06    0.1460231E-05   -0.1501377E-04    0.1755290E-05   -0.2449479E-03
    0.9422918E-06    0.8799766E-05   -0.7944907E-06    0.4427466E-04   -0.3490751E-03    0.7652701E-03    0.1009837E-03    0.5791869E-04    0.1541920E-02    0.3744725E-02    0.5287833E-02   -0.1201954E-02   -0.1492139E-02   -0.1224692E-02   -0.2417684E-05   -0.6405044E-04    0.2319071E-04    0.8072446E-04   -0.2146331E-02   -0.1458676E-06    0.5400194E-06    0.2554309E-05    0.5762334E-05    0.1297016E-03
    0.3879511E-03    0.1573079E-01   -0.1181258E-02   -0.3705628E-01   -0.7722713E-01    0.7457023E+00   -0.4417288E-01    0.1541920E-02    0.2420282E+04    0.1064605E+03   -0.1085118E+03    0.5374358E+02    0.7892034E+02   -0.5327889E+02   -0.8931526E+00   -0.6646812E+00    0.4774517E+00   -0.7708793E-01   -0.1935933E+02    0.1929168E-02   -0.1993874E-02   -0.2301760E-03    0.1031451E-01    0.1106702E+02
   -0.6921104E-04    0.2883759E-02   -0.4387412E-03   -0.4993857E-03    0.1079364E+00    0.1705674E+00    0.9982172E-02    0.3744725E-02    0.1064605E+03    0.1149349E+03    0.2286225E+02   -0.1673398E+02    0.3681371E+01   -0.7663766E+01   -0.1709516E+00    0.1787334E+00    0.9497931E-01    0.9267837E+00   -0.1195339E+02    0.2065012E-03    0.1117780E-02    0.4929682E-02    0.9304012E-02    0.2441156E+00
   -0.1355332E-03   -0.4065535E-02    0.2269772E-03    0.4944464E-02   -0.3969003E-02   -0.2215174E+00    0.8704175E-02    0.5287833E-02   -0.1085118E+03    0.2286225E+02    0.2981000E+03   -0.3042275E+02   -0.1394293E+03    0.1397376E+01    0.5612782E-01   -0.1381750E+01   -0.1714899E+01    0.3216832E+00   -0.8050888E+01   -0.2929106E-04   -0.2571763E-02    0.1915039E-02    0.2716999E-02    0.1820493E+00
    0.1647939E-04    0.1633045E-02   -0.6938565E-04    0.2941840E-03    0.4190417E-01    0.9732574E-01    0.1417014E-02   -0.1201954E-02    0.5374358E+02   -0.1673398E+02   -0.3042275E+02    0.2303845E+02    0.1859780E+02   -0.8753859E+00    0.3468184E-04   -0.3499255E-01    0.1903654E+00    0.2007181E+00   -0.1470059E+01   -0.3090834E-03   -0.1273822E-02   -0.5662120E-04   -0.1411735E-03   -0.2085224E+00
    0.3610331E-04    0.3518756E-02   -0.2805452E-03   -0.4267161E-02    0.6459036E-01    0.1967061E+00   -0.3274507E-02   -0.1492139E-02    0.7892034E+02    0.3681371E+01   -0.1394293E+03    0.1859780E+02    0.7732422E+02   -0.1842726E+00    0.2425475E-01    0.6462784E+00    0.1051123E+01   -0.1919033E+00   -0.2599659E+01   -0.3577832E-04    0.4127973E-03    0.1095821E-02    0.1858684E-02    0.7236454E-01
    0.1729789E-05   -0.5683774E-04    0.2170799E-04   -0.7232633E-03    0.3930664E-02   -0.7787565E-02   -0.2176650E-02   -0.1224692E-02   -0.5327889E+02   -0.7663766E+01    0.1397376E+01   -0.8753859E+00   -0.1842726E+00    0.6395383E+01    0.6827033E-01    0.2379466E+00   -0.2879485E-02   -0.4907735E-01   -0.2498138E+00    0.1630641E-03   -0.5528117E-03   -0.2235200E-03   -0.7165513E-03    0.1173383E+00
   -0.2959080E-06   -0.2023116E-04    0.9459099E-07    0.4024550E-04    0.5686003E-03   -0.9205912E-03    0.7237413E-04   -0.2417684E-05   -0.8931526E+00   -0.1709516E+00    0.5612782E-01    0.3468184E-04    0.2425475E-01    0.6827033E-01    0.1287262E-01   -0.8082054E-02    0.4533810E-02    0.7953844E-02   -0.1131389E-01    0.7039636E-05   -0.1874642E-04   -0.2376829E-05    0.4250463E-05    0.1334595E-02
    0.1591704E-05    0.6538119E-04   -0.1242119E-05   -0.2067310E-03   -0.7438233E-03    0.2264487E-02   -0.3618685E-03   -0.6405044E-04   -0.6646812E+00    0.1787334E+00   -0.1381750E+01   -0.3499255E-01    0.6462784E+00    0.2379466E+00   -0.8082054E-02    0.5697961E-01   -0.5478506E-03    0.4768819E-02   -0.3379177E-01    0.5701054E-05    0.7772021E-04   -0.1992356E-04   -0.1891765E-04    0.4393184E-02
    0.1872229E-06    0.1504158E-04   -0.3699199E-05    0.1023351E-04    0.4940254E-03    0.1331013E-02    0.7470239E-04    0.2319071E-04    0.4774517E+00    0.9497931E-01   -0.1714899E+01    0.1903654E+00    0.1051123E+01   -0.2879485E-02    0.4533810E-02   -0.5478506E-03    0.2465609E-01   -0.5771625E-03   -0.2883182E-01    0.2557307E-05   -0.8358564E-04    0.2342102E-04    0.6047542E-04    0.7717065E-02
    0.2094743E-05   -0.8912122E-05    0.3300400E-06    0.2570902E-03   -0.1389046E-02   -0.1915893E-03    0.5124582E-03    0.8072446E-04   -0.7708793E-01    0.9267837E+00    0.3216832E+00    0.2007181E+00   -0.1919033E+00   -0.4907735E-01    0.7953844E-02    0.4768819E-02   -0.5771625E-03    0.8106343E-01    0.3464965E-01    0.7445887E-05   -0.7083098E-06    0.8604144E-05    0.4026363E-04   -0.1783125E-02
   -0.1515943E-04    0.9936456E-03   -0.1018738E-03   -0.3468155E-02    0.5085140E-01    0.4595408E-01   -0.6164409E-02   -0.2146331E-02   -0.1935933E+02   -0.1195339E+02   -0.8050888E+01   -0.1470059E+01   -0.2599659E+01   -0.2498138E+00   -0.1131389E-01   -0.3379177E-01   -0.2883182E-01    0.3464965E-01    0.8024962E+01    0.2891546E-04    0.1937727E-03   -0.2692820E-03   -0.5598116E-03   -0.3483438E-01
    0.6417329E-09   -0.2696631E-07    0.8351068E-08   -0.4365375E-06   -0.8471062E-05   -0.3799700E-05   -0.7596499E-06   -0.1458676E-06    0.1929168E-02    0.2065012E-03   -0.2929106E-04   -0.3090834E-03   -0.3577832E-04    0.1630641E-03    0.7039636E-05    0.5701054E-05    0.2557307E-05    0.7445887E-05    0.2891546E-04    0.8507093E-06    0.6573241E-07    0.1331986E-06    0.2586846E-06   -0.8215519E-04
    0.1059451E-07    0.1361800E-06    0.5687472E-08   -0.5796497E-07   -0.1000724E-04    0.3155176E-05    0.1460231E-05    0.5400194E-06   -0.1993874E-02    0.1117780E-02   -0.2571763E-02   -0.1273822E-02    0.4127973E-03   -0.5528117E-03   -0.1874642E-04    0.7772021E-04   -0.8358564E-04   -0.7083098E-06    0.1937727E-03    0.6573241E-07    0.5531898E-05    0.1034444E-05    0.6263260E-06    0.2162860E-03
   -0.3134126E-07    0.1250349E-05   -0.1508647E-06   -0.9898627E-05    0.4372230E-04    0.9988852E-04   -0.1501377E-04    0.2554309E-05   -0.2301760E-03    0.4929682E-02    0.1915039E-02   -0.5662120E-04    0.1095821E-02   -0.2235200E-03   -0.2376829E-05   -0.1992356E-04    0.2342102E-04    0.8604144E-05   -0.2692820E-03    0.1331986E-06    0.1034444E-05    0.2436081E-04    0.1007034E-04    0.2981047E-03
   -0.1115713E-06    0.3327139E-05   -0.3730798E-06   -0.4836536E-05    0.2871766E-04    0.2228387E-03    0.1755290E-05    0.5762334E-05    0.1031451E-01    0.9304012E-02    0.2716999E-02   -0.1411735E-03    0.1858684E-02   -0.7165513E-03    0.4250463E-05   -0.1891765E-04    0.6047542E-04    0.4026363E-04   -0.5598116E-03    0.2586846E-06    0.6263260E-06    0.1007034E-04    0.2464968E-04    0.4322719E-03
    0.1405315E-05    0.6483985E-04   -0.8262763E-05   -0.4448802E-03   -0.1603016E-02    0.1843223E-02   -0.2449479E-03    0.1297016E-03    0.1106702E+02    0.2441156E+00    0.1820493E+00   -0.2085224E+00    0.7236454E-01    0.1173383E+00    0.1334595E-02    0.4393184E-02    0.7717065E-02   -0.1783125E-02   -0.3483438E-01   -0.8215519E-04    0.2162860E-03    0.2981047E-03    0.4322719E-03    0.2410687E+00
