# omegabh2 omegach2 theta tau alpha1 ns logA aps100 aps143 aps217 acib143 acib217 asz143 psr cibr ncib cal0 cal2 xi aksz bm_1_1 bm_1_2 bm_1_3 bm_1_4 bm_1_5 bm_2_1 bm_2_2 bm_2_3 bm_2_4 bm_2_5 bm_3_1 bm_3_2 bm_3_3 bm_3_4 bm_3_5 bm_4_1 bm_4_2 bm_4_3 bm_4_4 bm_4_5 a_ps_act_148 a_ps_act_217 a_ps_spt_95 a_ps_spt_150 a_ps_spt_220 r_ps_spt_95x150 r_ps_spt_95x220 r_ps_150x220 act_dust_s act_dust_e cal_acts_148 cal_acts_217 cal_acte_148 cal_acte_217 cal_spt_95 cal_spt_150 cal_spt_220
    0.73092E-07   -0.25421E-06    0.44504E-07    0.13991E-05   -0.23747E-06    0.60697E-06    0.24306E-05   -0.39091E-03   -0.69443E-03   -0.54830E-03    0.42333E-05    0.46324E-04    0.34560E-04   -0.10081E-05   -0.25456E-06    0.75206E-06    0.57991E-09   -0.18747E-08   -0.56993E-05   -0.75147E-04   -0.77286E-05   -0.75571E-05   -0.83085E-06    0.34608E-05   -0.14404E-05   -0.40070E-05   -0.13893E-04    0.12273E-04   -0.12946E-05    0.17060E-05   -0.65799E-05   -0.64999E-05    0.28571E-05   -0.20612E-05   -0.21621E-05   -0.74821E-05   -0.21269E-05   -0.87475E-05   -0.18575E-04    0.49323E-05    0.98368E-05    0.57074E-04    0.22926E-04    0.19738E-04    0.85071E-04   -0.11366E-05   -0.69385E-06   -0.10338E-06   -0.22300E-05   -0.53519E-06    0.30325E-06    0.27522E-06    0.39186E-06    0.25637E-06    0.82619E-06    0.68779E-06    0.41337E-06
   -0.25421E-06    0.62549E-05   -0.86431E-06   -0.71172E-05   -0.18672E-05   -0.17295E-04    0.24850E-05    0.33974E-02    0.28654E-02    0.17260E-02    0.74113E-05    0.26884E-03   -0.39484E-04    0.10153E-04    0.48372E-05    0.23120E-05    0.64364E-08    0.11790E-06    0.16416E-04   -0.95927E-04    0.13470E-03    0.45937E-04   -0.58233E-04   -0.38368E-05    0.17069E-04    0.10619E-03    0.48681E-04   -0.61393E-04    0.13977E-03   -0.48830E-06   -0.72372E-05    0.29219E-05   -0.13626E-03   -0.27518E-05   -0.81788E-04    0.76533E-04    0.17240E-04    0.84762E-05    0.88331E-04    0.54784E-04    0.49900E-05   -0.37460E-03   -0.11490E-03   -0.37162E-04   -0.79209E-03    0.92111E-05    0.94111E-05   -0.10918E-05    0.20277E-04    0.11639E-04   -0.17653E-05   -0.57976E-06   -0.15837E-05   -0.11072E-05   -0.28583E-05   -0.30083E-05   -0.18771E-05
    0.44504E-07   -0.86431E-06    0.46932E-06    0.13760E-06    0.81977E-06    0.35240E-05   -0.21139E-05   -0.17283E-03   -0.47671E-03   -0.40007E-03   -0.23625E-05    0.21861E-04    0.69625E-05   -0.87141E-06   -0.10461E-05    0.86435E-06   -0.60319E-08   -0.31218E-07   -0.49230E-05    0.18956E-04   -0.29254E-04   -0.89911E-05    0.10393E-04   -0.16104E-04   -0.11101E-04   -0.30550E-04   -0.13800E-04   -0.85061E-05   -0.29223E-04    0.83597E-06   -0.45210E-05   -0.16926E-05    0.28786E-04   -0.10148E-04    0.14277E-05   -0.22242E-04   -0.17996E-04   -0.68261E-05    0.24133E-05   -0.10888E-04   -0.75187E-05   -0.31247E-04    0.28464E-04   -0.60868E-05    0.77729E-04   -0.20316E-05   -0.20167E-05    0.63821E-06   -0.63122E-05    0.69587E-06    0.35366E-06    0.11967E-06    0.27826E-06    0.11113E-06    0.66513E-06    0.47343E-06    0.73500E-07
    0.13991E-05   -0.71172E-05    0.13760E-06    0.23497E-03   -0.13984E-04    0.17303E-04    0.45753E-03   -0.38330E-01   -0.19809E-01   -0.12023E-01   -0.11984E-03   -0.13741E-03    0.40127E-03   -0.42215E-04   -0.18711E-04    0.10157E-04    0.72297E-08    0.35157E-06   -0.18876E-03   -0.19398E-02   -0.19517E-03    0.12038E-03   -0.24259E-03    0.45166E-03    0.12896E-03    0.97135E-04   -0.16792E-03    0.51430E-03    0.11896E-03    0.27679E-03   -0.64555E-04   -0.11224E-03    0.14651E-03    0.41494E-04   -0.33136E-03   -0.29698E-04    0.83620E-04    0.19289E-04   -0.53303E-03    0.12950E-03    0.48667E-03    0.29410E-02    0.42434E-03    0.79734E-03    0.32803E-02   -0.17776E-04   -0.34269E-04   -0.44826E-05   -0.13332E-04   -0.11758E-04    0.10306E-04    0.10371E-04    0.10417E-04    0.92279E-05    0.10615E-04    0.11893E-04    0.13369E-04
   -0.23747E-06   -0.18672E-05    0.81977E-06   -0.13984E-04    0.85338E-05    0.12214E-04   -0.36920E-04   -0.36657E-02   -0.21515E-03    0.19907E-05   -0.74048E-04   -0.28858E-03   -0.17691E-03   -0.39839E-05   -0.42543E-05   -0.16375E-05   -0.29700E-07   -0.50355E-07    0.54058E-05    0.39937E-03   -0.15569E-03   -0.21579E-04    0.79916E-04   -0.19717E-04    0.38608E-04   -0.39428E-04    0.92757E-04   -0.41860E-04   -0.11854E-03    0.80696E-04    0.62690E-04    0.30331E-04    0.97785E-04    0.51861E-04    0.51657E-04    0.20028E-04   -0.31339E-04    0.11725E-03    0.55389E-04   -0.56609E-04   -0.47757E-04    0.32687E-04    0.49652E-04   -0.70015E-04    0.14561E-03   -0.40047E-05   -0.59822E-05    0.20723E-05    0.48524E-05   -0.83434E-05    0.54347E-06    0.13934E-06   -0.27260E-06    0.10151E-06   -0.60721E-06   -0.67821E-06   -0.17568E-06
    0.60697E-06   -0.17295E-04    0.35240E-05    0.17303E-04    0.12214E-04    0.71127E-04   -0.18514E-04   -0.44811E-01   -0.20953E-01   -0.14512E-01    0.18107E-04    0.95963E-03    0.62422E-03   -0.46776E-04   -0.25587E-04    0.26600E-04   -0.13927E-06   -0.56469E-07   -0.19769E-03   -0.97498E-03   -0.75088E-03   -0.24049E-03    0.76196E-04    0.11416E-03   -0.12205E-04   -0.22377E-04    0.93689E-04    0.63657E-04   -0.50594E-03    0.65445E-04    0.87516E-04    0.21387E-05    0.47739E-03    0.42751E-04    0.87044E-04    0.35176E-04    0.22432E-04    0.19976E-03   -0.15168E-03   -0.24091E-03   -0.23940E-04    0.99598E-03    0.78029E-03    0.12963E-03    0.18974E-02   -0.36425E-04   -0.52749E-04    0.29457E-05   -0.66822E-04   -0.59612E-04    0.11067E-04    0.68075E-05    0.98124E-05    0.59830E-05    0.13941E-04    0.14011E-04    0.92327E-05
    0.24306E-05    0.24850E-05   -0.21139E-05    0.45753E-03   -0.36920E-04   -0.18514E-04    0.94282E-03   -0.74555E-01   -0.35719E-01   -0.20572E-01   -0.25347E-03    0.60021E-03    0.95555E-03   -0.63791E-04   -0.30408E-04    0.35174E-04    0.11772E-06    0.13067E-05   -0.39438E-03   -0.47534E-02    0.50996E-03    0.36559E-03   -0.60985E-03    0.88653E-03    0.27949E-03    0.89860E-03   -0.22440E-03    0.91993E-03    0.67501E-03    0.50386E-03   -0.15151E-03   -0.22207E-03   -0.12007E-03    0.62436E-04   -0.10173E-02    0.44328E-03    0.34717E-03    0.46464E-04   -0.89661E-03    0.50592E-03    0.10323E-02    0.50113E-02    0.59188E-03    0.15327E-02    0.43464E-02   -0.19313E-04   -0.54227E-04   -0.12887E-04    0.26988E-04    0.21945E-04    0.16785E-04    0.19022E-04    0.18117E-04    0.15289E-04    0.16686E-04    0.18145E-04    0.20226E-04
   -0.39091E-03    0.33974E-02   -0.17283E-03   -0.38330E-01   -0.36657E-02   -0.44811E-01   -0.74555E-01    0.16252E+04    0.88961E+02    0.24153E+02   -0.52108E+00   -0.51531E+01   -0.11756E+02   -0.11339E+00   -0.19779E-01   -0.12985E+00    0.10121E-02   -0.29370E-02    0.80855E+00    0.87381E+01    0.17090E+02   -0.77992E+01   -0.27542E+00    0.13361E+00   -0.14074E+01   -0.21042E+01   -0.57174E+01   -0.51133E+00   -0.76181E+00   -0.14539E+01   -0.30386E+00    0.73922E+00    0.75911E+00   -0.16729E+01   -0.44187E+01   -0.12216E+01   -0.17816E+01   -0.30621E+01   -0.24410E+00    0.27959E+01    0.36149E-01    0.63655E+01    0.52807E+01   -0.31713E+00    0.11211E+02   -0.15890E+00   -0.40587E+00   -0.86024E-01    0.14519E-01    0.78701E-01   -0.22489E-01    0.14883E-01   -0.18650E-01    0.17346E-01   -0.58967E-01   -0.23501E-01    0.38156E-02
   -0.69443E-03    0.28654E-02   -0.47671E-03   -0.19809E-01   -0.21515E-03   -0.20953E-01   -0.35719E-01    0.88961E+02    0.63806E+02    0.16714E+02   -0.12734E+00   -0.97390E+00   -0.23928E+01    0.26179E-01    0.36812E-01   -0.38281E-01   -0.80534E-05   -0.11614E-02    0.21424E+00    0.11986E+01    0.62546E-02   -0.31279E+00    0.17872E+00   -0.17575E+00   -0.55452E-02    0.45889E-01   -0.99186E-01   -0.31308E+00   -0.17050E-01   -0.11297E+00    0.82366E-01    0.11695E+00   -0.14969E+00   -0.16623E+00    0.16406E+00    0.14727E+00   -0.13911E+00   -0.14396E+00    0.30841E+00    0.16819E+00    0.35651E+00    0.13596E+00    0.89453E+00   -0.72950E-01    0.23093E+00   -0.11432E-01   -0.61081E-01   -0.32087E-01    0.32531E-01    0.27710E-02   -0.13838E-01   -0.35766E-02   -0.12960E-01   -0.18405E-02   -0.22590E-01   -0.17646E-01   -0.66552E-02
   -0.54830E-03    0.17260E-02   -0.40007E-03   -0.12023E-01    0.19907E-05   -0.14512E-01   -0.20572E-01    0.24153E+02    0.16714E+02    0.94729E+02   -0.12292E+01   -0.34116E+02    0.36367E+00   -0.35388E+00   -0.43855E-01   -0.43687E+00    0.47615E-04   -0.50513E-03   -0.12402E-01    0.99411E+00    0.10874E+00    0.62776E-01    0.25624E+00   -0.23465E+00    0.25374E+00   -0.96209E-01   -0.64179E-01    0.90089E-01   -0.13316E+00   -0.65443E-01    0.66901E-01    0.11528E+00   -0.16326E+00   -0.14280E+00    0.59152E+00   -0.75054E-01    0.12483E+00   -0.52054E-01    0.17432E+00   -0.14294E+00    0.95225E-01    0.18193E+02   -0.80140E+00    0.44946E+00    0.84710E+01   -0.62772E-01   -0.11450E+00    0.43710E-02    0.15400E-01    0.51631E-01   -0.62633E-02   -0.25107E-01   -0.59281E-02   -0.30531E-01   -0.74343E-02   -0.10447E-01   -0.52389E-01
    0.42333E-05    0.74113E-05   -0.23625E-05   -0.11984E-03   -0.74048E-04    0.18107E-04   -0.25347E-03   -0.52108E+00   -0.12734E+00   -0.12292E+01    0.64755E+00    0.11746E+01    0.57126E+00    0.25911E-02   -0.24583E-02   -0.26271E-02   -0.21551E-05    0.74633E-04    0.36128E-02   -0.93417E+00   -0.71568E-02   -0.13920E-01   -0.47297E-02    0.12841E-01   -0.15081E-01   -0.55797E-02   -0.25075E-01   -0.11922E-01    0.10896E-01    0.13254E-01    0.11075E-01   -0.13256E-01    0.58229E-02    0.15426E-01   -0.16585E-01    0.12582E-01   -0.26163E-01   -0.49704E-02   -0.17409E-01    0.98407E-02    0.57411E-01   -0.15911E+00   -0.24086E+00   -0.15049E-01   -0.71495E-01    0.48331E-01    0.46589E-01   -0.37727E-02   -0.51532E-03   -0.71748E-02    0.23032E-03    0.27423E-03    0.20707E-03    0.28422E-03   -0.46086E-03    0.64842E-03    0.17147E-02
    0.46324E-04    0.26884E-03    0.21861E-04   -0.13741E-03   -0.28858E-03    0.95963E-03    0.60021E-03   -0.51531E+01   -0.97390E+00   -0.34116E+02    0.11746E+01    0.20949E+02    0.19317E+01    0.21174E+00    0.36282E-01    0.27272E+00   -0.52649E-05    0.20866E-03   -0.32933E+00   -0.42169E+01    0.13230E+00   -0.18184E+00   -0.55467E-01    0.12343E-01   -0.19541E+00    0.50341E-01    0.46728E-01   -0.22762E+00    0.30149E+00   -0.93609E-01   -0.17678E+00   -0.28879E+00   -0.58955E-01   -0.11590E+00   -0.35315E+00   -0.31629E-01   -0.17524E+00    0.97207E-02    0.11591E+00    0.29051E+00   -0.27740E+00   -0.11783E+02   -0.35854E-01   -0.64337E+00   -0.74843E+01    0.56398E-01    0.79721E-01   -0.10573E-01    0.17364E-02   -0.21506E-01   -0.26605E-03    0.53838E-02   -0.99945E-03    0.86744E-02   -0.25860E-03   -0.11656E-02    0.18635E-01
    0.34560E-04   -0.39484E-04    0.69625E-05    0.40127E-03   -0.17691E-03    0.62422E-03    0.95555E-03   -0.11756E+02   -0.23928E+01    0.36367E+00    0.57126E+00    0.19317E+01    0.20415E+01    0.17389E-01    0.24217E-01    0.13749E-01   -0.83677E-05   -0.13125E-03   -0.19017E+00   -0.25177E+01    0.63622E-01    0.12445E-01    0.25964E-03    0.67550E-02    0.20785E-03    0.46381E-01    0.11340E-02   -0.20947E-01   -0.11212E-01    0.67695E-02   -0.78311E-01    0.93328E-02   -0.27189E-01   -0.14374E-01    0.92214E-02   -0.81691E-02   -0.12164E-01   -0.25419E-01   -0.31046E-01   -0.74370E-02   -0.69468E-01   -0.71616E+00   -0.80724E+00   -0.96105E-01   -0.12033E+01    0.44610E-01    0.70458E-01   -0.18333E-02    0.44944E-03   -0.11032E-01    0.47826E-03   -0.25905E-02    0.58025E-03   -0.27708E-02    0.35354E-02    0.83288E-03   -0.13132E-02
   -0.10081E-05    0.10153E-04   -0.87141E-06   -0.42215E-04   -0.39839E-05   -0.46776E-04   -0.63791E-04   -0.11339E+00    0.26179E-01   -0.35388E+00    0.25911E-02    0.21174E+00    0.17389E-01    0.44849E-02    0.29227E-04    0.29664E-02    0.53463E-07   -0.15441E-05   -0.67732E-03   -0.17160E-01   -0.35777E-05    0.30944E-02    0.26448E-03    0.20105E-03   -0.25926E-02    0.62129E-03   -0.23079E-02    0.27307E-03   -0.13467E-02    0.12446E-02   -0.13164E-02    0.23301E-02   -0.12889E-02    0.12294E-02   -0.11461E-02    0.11724E-03   -0.69954E-03   -0.30687E-02   -0.28624E-02   -0.26654E-02   -0.43566E-03   -0.15103E+00   -0.78505E-02   -0.31833E-02   -0.97832E-01    0.38935E-03    0.16655E-02    0.37258E-03    0.22007E-03    0.34678E-03   -0.25344E-04   -0.36142E-04   -0.42494E-04    0.32726E-04    0.21735E-04   -0.41818E-04    0.14322E-03
   -0.25456E-06    0.48372E-05   -0.10461E-05   -0.18711E-04   -0.42543E-05   -0.25587E-04   -0.30408E-04   -0.19779E-01    0.36812E-01   -0.43855E-01   -0.24583E-02    0.36282E-01    0.24217E-01    0.29227E-04    0.32290E-02   -0.22596E-03   -0.34113E-06    0.49874E-05   -0.66237E-03   -0.18901E-01    0.16370E-02   -0.12200E-02   -0.94612E-03   -0.14356E-02   -0.23518E-03   -0.17805E-02    0.86678E-03   -0.14368E-02    0.76363E-03   -0.71275E-03    0.93895E-03    0.76501E-03   -0.34328E-03   -0.18574E-02    0.14145E-02   -0.39383E-03   -0.91576E-03    0.34780E-03    0.17511E-02    0.10024E-02    0.64335E-02    0.22248E-02   -0.14448E-01    0.41314E-02    0.63509E-02    0.19428E-03    0.17420E-02   -0.48785E-03   -0.22423E-03   -0.42406E-03   -0.17722E-04    0.54468E-04   -0.89149E-05    0.43214E-04    0.46765E-04    0.78575E-05    0.11746E-03
    0.75206E-06    0.23120E-05    0.86435E-06    0.10157E-04   -0.16375E-05    0.26600E-04    0.35174E-04   -0.12985E+00   -0.38281E-01   -0.43687E+00   -0.26271E-02    0.27272E+00    0.13749E-01    0.29664E-02   -0.22596E-03    0.49480E-02    0.47778E-07   -0.66744E-05   -0.48308E-02   -0.30884E-01    0.42476E-02   -0.49659E-02   -0.18185E-02   -0.46940E-03   -0.21651E-02    0.23318E-02    0.51801E-02   -0.52935E-02    0.87537E-02   -0.44485E-02   -0.67828E-02   -0.10348E-01   -0.14523E-02   -0.52310E-02   -0.83830E-02   -0.27782E-02   -0.19505E-02    0.44305E-02    0.72294E-02    0.94213E-02   -0.77413E-02   -0.19110E+00    0.63231E-02   -0.99671E-02   -0.13370E+00   -0.61208E-03   -0.13732E-03    0.25488E-03    0.75459E-04    0.12291E-03    0.42623E-05    0.18795E-04   -0.14398E-04    0.68237E-04    0.48624E-04   -0.31678E-04    0.15684E-03
    0.57991E-09    0.64364E-08   -0.60319E-08    0.72297E-08   -0.29700E-07   -0.13927E-06    0.11772E-06    0.10121E-02   -0.80534E-05    0.47615E-04   -0.21551E-05   -0.52649E-05   -0.83677E-05    0.53463E-07   -0.34113E-06    0.47778E-07    0.15858E-06   -0.43388E-09    0.36122E-06    0.10843E-04   -0.30752E-04   -0.17462E-04   -0.28585E-05    0.30496E-05   -0.14161E-04    0.13426E-05    0.98331E-06    0.13109E-04    0.16691E-04    0.77166E-05    0.14479E-04   -0.58342E-06    0.11884E-04    0.59442E-05   -0.46847E-05    0.66918E-05    0.10319E-04    0.29050E-05   -0.12144E-05    0.11705E-04   -0.32079E-05    0.30550E-04    0.11936E-04   -0.16172E-05   -0.24583E-05   -0.70291E-06   -0.84116E-06    0.54509E-07   -0.26243E-05    0.28169E-05   -0.48546E-07    0.62135E-07   -0.27847E-07    0.95264E-07   -0.10461E-06    0.24734E-07    0.89246E-07
   -0.18747E-08    0.11790E-06   -0.31218E-07    0.35157E-06   -0.50355E-07   -0.56469E-07    0.13067E-05   -0.29370E-02   -0.11614E-02   -0.50513E-03    0.74633E-04    0.20866E-03   -0.13125E-03   -0.15441E-05    0.49874E-05   -0.66744E-05   -0.43388E-09    0.11259E-05    0.23856E-04    0.60655E-04    0.84079E-04    0.39822E-04   -0.36985E-04   -0.27158E-04   -0.11010E-04    0.39725E-03    0.34960E-04   -0.96085E-05   -0.24397E-04    0.63281E-04   -0.35739E-03    0.17934E-04   -0.89246E-04    0.33995E-04   -0.67644E-05    0.68120E-04    0.38929E-04   -0.50204E-04   -0.11390E-03   -0.19536E-04    0.57841E-04    0.23797E-03    0.75193E-04    0.21804E-04    0.17988E-03    0.48994E-05    0.30624E-05   -0.31191E-05    0.72772E-06   -0.45633E-05    0.17610E-06    0.13240E-05    0.17308E-06    0.12356E-05   -0.60164E-06    0.50940E-06    0.11936E-05
   -0.56993E-05    0.16416E-04   -0.49230E-05   -0.18876E-03    0.54058E-05   -0.19769E-03   -0.39438E-03    0.80855E+00    0.21424E+00   -0.12402E-01    0.36128E-02   -0.32933E+00   -0.19017E+00   -0.67732E-03   -0.66237E-03   -0.48308E-02    0.36122E-06    0.23856E-04    0.65048E-01    0.37532E+00   -0.13812E-01    0.49039E-02   -0.58828E-03   -0.22658E-02   -0.13891E-02   -0.88871E-02    0.50212E-02    0.41171E-02   -0.11481E-02    0.10562E-02    0.10211E-01   -0.55778E-02    0.27227E-02    0.22136E-02    0.68594E-02   -0.12553E-02    0.85277E-03    0.73555E-02    0.30529E-02   -0.16570E-02    0.60390E-01    0.12456E+00   -0.10693E-02    0.55659E-01    0.19818E+00    0.47384E-02    0.87046E-02    0.11548E-02   -0.14898E-03    0.24363E-02    0.14738E-04    0.23743E-03   -0.37804E-04    0.26325E-03   -0.23483E-03    0.13249E-03    0.44134E-03
   -0.75147E-04   -0.95927E-04    0.18956E-04   -0.19398E-02    0.39937E-03   -0.97498E-03   -0.47534E-02    0.87381E+01    0.11986E+01    0.99411E+00   -0.93417E+00   -0.42169E+01   -0.25177E+01   -0.17160E-01   -0.18901E-01   -0.30884E-01    0.10843E-04    0.60655E-04    0.37532E+00    0.47662E+01   -0.82427E-01    0.27824E-01   -0.34920E-01   -0.25060E-01    0.38950E-01   -0.57924E-01    0.34516E-01    0.33676E-01   -0.51233E-02   -0.10997E-01    0.90015E-01   -0.22597E-01    0.12700E-01    0.13941E-01    0.47722E-01   -0.34394E-02    0.35943E-01    0.43350E-01    0.50903E-01   -0.17400E-01    0.61308E-01    0.11878E+01    0.39736E+00    0.22419E+00    0.18124E+01   -0.49340E-01   -0.35819E-01    0.16966E-01   -0.44692E-02    0.18541E-01    0.16504E-03    0.25525E-02    0.13388E-03    0.30282E-02   -0.68750E-03    0.54423E-03    0.22246E-02
   -0.77286E-05    0.13470E-03   -0.29254E-04   -0.19517E-03   -0.15569E-03   -0.75088E-03    0.50996E-03    0.17090E+02    0.62546E-02    0.10874E+00   -0.71568E-02    0.13230E+00    0.63622E-01   -0.35777E-05    0.16370E-02    0.42476E-02   -0.30752E-04    0.84079E-04   -0.13812E-01   -0.82427E-01    0.66531E+00   -0.15466E+00   -0.16302E-01    0.20381E-01    0.11634E-01    0.21037E+00   -0.63404E-01   -0.41511E-01   -0.25170E-01   -0.72519E-01    0.27260E-03    0.34307E-01   -0.24229E-01   -0.55011E-01   -0.14806E+00    0.16389E+00    0.39053E-01   -0.36201E-01    0.18968E-01    0.68596E-01   -0.84282E-02   -0.81625E-01   -0.18269E-01   -0.16730E-01   -0.91267E-01   -0.79658E-03    0.35377E-03   -0.13375E-03    0.17960E-02    0.23043E-02    0.86148E-04   -0.47659E-04    0.17106E-03   -0.11755E-03    0.61805E-03    0.16081E-03   -0.23097E-03
   -0.75571E-05    0.45937E-04   -0.89911E-05    0.12038E-03   -0.21579E-04   -0.24049E-03    0.36559E-03   -0.77992E+01   -0.31279E+00    0.62776E-01   -0.13920E-01   -0.18184E+00    0.12445E-01    0.30944E-02   -0.12200E-02   -0.49659E-02   -0.17462E-04    0.39822E-04    0.49039E-02    0.27824E-01   -0.15466E+00    0.87570E+00   -0.22933E-02    0.18738E-01    0.25777E-01   -0.14195E+00    0.19950E+00    0.77811E-01   -0.33793E-01    0.74030E-02   -0.10815E+00    0.11609E-01    0.22763E-01    0.26148E-01    0.18222E+00   -0.22211E+00    0.81554E-01    0.10149E+00    0.10977E-01   -0.23343E+00    0.22608E-02    0.66656E-01   -0.26149E-01    0.76302E-02    0.62920E-01   -0.58238E-03    0.14708E-02    0.97187E-03    0.52320E-02    0.21676E-02   -0.47894E-04   -0.20357E-03   -0.77599E-04   -0.16545E-03    0.16258E-03   -0.29027E-03   -0.65328E-04
   -0.83085E-06   -0.58233E-04    0.10393E-04   -0.24259E-03    0.79916E-04    0.76196E-04   -0.60985E-03   -0.27542E+00    0.17872E+00    0.25624E+00   -0.47297E-02   -0.55467E-01    0.25964E-03    0.26448E-03   -0.94612E-03   -0.18185E-02   -0.28585E-05   -0.36985E-04   -0.58828E-03   -0.34920E-01   -0.16302E-01   -0.22933E-02    0.97087E+00   -0.28962E-01    0.33328E-02   -0.46846E-01   -0.43294E-01    0.16237E+00   -0.11617E-02    0.63704E-01   -0.86508E-02    0.54980E-01    0.23038E-01   -0.11705E-01    0.10748E+00   -0.59755E-01    0.36347E-01    0.40165E-02   -0.17000E+00    0.97805E-01    0.58188E-02    0.10423E+00   -0.23598E-01    0.17343E-01    0.57276E-01    0.76470E-03   -0.39945E-03   -0.43359E-03   -0.43569E-02    0.42932E-02   -0.17290E-04    0.22554E-03   -0.22932E-03    0.14679E-03    0.16347E-04    0.44507E-04   -0.45151E-03
    0.34608E-05   -0.38368E-05   -0.16104E-04    0.45166E-03   -0.19717E-04    0.11416E-03    0.88653E-03    0.13361E+00   -0.17575E+00   -0.23465E+00    0.12841E-01    0.12343E-01    0.67550E-02    0.20105E-03   -0.14356E-02   -0.46940E-03    0.30496E-05   -0.27158E-04   -0.22658E-02   -0.25060E-01    0.20381E-01    0.18738E-01   -0.28962E-01    0.98434E+00    0.15896E-01    0.79018E-01   -0.65473E-01    0.65608E-01   -0.86346E-01    0.57914E-01    0.93656E-01    0.12503E+00    0.77309E-01    0.13886E+00   -0.11933E+00    0.11826E+00    0.53403E-01    0.13043E-01   -0.93435E-01    0.43787E-01   -0.10126E-03    0.13449E-01    0.13274E-02   -0.12171E-02   -0.52472E-01    0.28059E-03   -0.23139E-03    0.74894E-04    0.38198E-02   -0.74231E-02    0.67237E-04    0.51026E-03    0.13091E-03    0.84775E-05    0.44013E-03   -0.57246E-04    0.33980E-03
   -0.14404E-05    0.17069E-04   -0.11101E-04    0.12896E-03    0.38608E-04   -0.12205E-04    0.27949E-03   -0.14074E+01   -0.55452E-02    0.25374E+00   -0.15081E-01   -0.19541E+00    0.20785E-03   -0.25926E-02   -0.23518E-03   -0.21651E-02   -0.14161E-04   -0.11010E-04   -0.13891E-02    0.38950E-01    0.11634E-01    0.25777E-01    0.33328E-02    0.15896E-01    0.10308E+01    0.30935E-01    0.87445E-01   -0.56327E-01    0.49557E-01    0.70717E-01    0.60913E-01   -0.91079E-01   -0.82897E-01    0.72779E-01    0.63020E-01    0.87230E-01   -0.77311E-01    0.12605E+00   -0.15342E-01   -0.13892E-01    0.18780E-02    0.65197E-01    0.25381E-01    0.31595E-04    0.86398E-01   -0.12359E-02   -0.13876E-02    0.34857E-03    0.13222E-02   -0.75363E-02    0.55928E-04   -0.36217E-04   -0.48664E-04   -0.22035E-03    0.32960E-03   -0.20267E-03    0.27166E-03
   -0.40070E-05    0.10619E-03   -0.30550E-04    0.97135E-04   -0.39428E-04   -0.22377E-04    0.89860E-03   -0.21042E+01    0.45889E-01   -0.96209E-01   -0.55797E-02    0.50341E-01    0.46381E-01    0.62129E-03   -0.17805E-02    0.23318E-02    0.13426E-05    0.39725E-03   -0.88871E-02   -0.57924E-01    0.21037E+00   -0.14195E+00   -0.46846E-01    0.79018E-01    0.30935E-01    0.78007E+00   -0.23310E-01   -0.21445E-01   -0.20345E-01   -0.32820E-01    0.81980E-01    0.11475E+00   -0.76098E-01    0.15607E-01   -0.78829E-01    0.63322E+00    0.21863E+00   -0.47826E-01   -0.27092E-01    0.82827E-01   -0.19838E-02    0.23391E-01   -0.22219E-01   -0.59248E-02   -0.13348E+00    0.57712E-03    0.91940E-03    0.47766E-03    0.48271E-02   -0.34461E-02    0.12074E-03    0.12461E-03    0.33462E-03   -0.10490E-03    0.94270E-03    0.26241E-03   -0.11616E-03
   -0.13893E-04    0.48681E-04   -0.13800E-04   -0.16792E-03    0.92757E-04    0.93689E-04   -0.22440E-03   -0.57174E+01   -0.99186E-01   -0.64179E-01   -0.25075E-01    0.46728E-01    0.11340E-02   -0.23079E-02    0.86678E-03    0.51801E-02    0.98331E-06    0.34960E-04    0.50212E-02    0.34516E-01   -0.63404E-01    0.19950E+00   -0.43294E-01   -0.65473E-01    0.87445E-01   -0.23310E-01    0.97775E+00   -0.75092E-02   -0.94483E-03    0.22904E-03    0.38614E-01   -0.14550E-01   -0.69089E-01   -0.15810E-01    0.11388E+00   -0.88206E-01    0.23441E+00    0.77275E+00    0.28212E+00   -0.18886E+00    0.10875E-01   -0.19239E+00    0.40521E-01   -0.59617E-02   -0.20118E+00   -0.20401E-02   -0.26399E-03    0.35176E-03    0.38401E-03   -0.59963E-03    0.53150E-04   -0.31073E-03    0.75404E-04   -0.18215E-03   -0.66808E-04   -0.58534E-04    0.17292E-03
    0.12273E-04   -0.61393E-04   -0.85061E-05    0.51430E-03   -0.41860E-04    0.63657E-04    0.91993E-03   -0.51133E+00   -0.31308E+00    0.90089E-01   -0.11922E-01   -0.22762E+00   -0.20947E-01    0.27307E-03   -0.14368E-02   -0.52935E-02    0.13109E-04   -0.96085E-05    0.41171E-02    0.33676E-01   -0.41511E-01    0.77811E-01    0.16237E+00    0.65608E-01   -0.56327E-01   -0.21445E-01   -0.75092E-02    0.10052E+01   -0.55933E-02    0.46635E-02    0.63172E-01   -0.36218E-01    0.15663E+00    0.17252E+00   -0.11988E+00   -0.22272E+00    0.63667E+00    0.12323E+00   -0.62109E+00    0.17173E+00    0.12407E-01    0.22732E+00    0.31058E-01    0.14107E-01    0.17880E+00   -0.12956E-02   -0.12765E-02    0.41456E-03   -0.65523E-03   -0.10376E-03    0.16511E-03    0.51294E-03    0.11255E-03    0.52220E-04    0.66275E-03    0.17479E-03    0.13465E-03
   -0.12946E-05    0.13977E-03   -0.29223E-04    0.11896E-03   -0.11854E-03   -0.50594E-03    0.67501E-03   -0.76181E+00   -0.17050E-01   -0.13316E+00    0.10896E-01    0.30149E+00   -0.11212E-01   -0.13467E-02    0.76363E-03    0.87537E-02    0.16691E-04   -0.24397E-04   -0.11481E-02   -0.51233E-02   -0.25170E-01   -0.33793E-01   -0.11617E-02   -0.86346E-01    0.49557E-01   -0.20345E-01   -0.94483E-03   -0.55933E-02    0.10176E+01   -0.11958E-01    0.70650E-02   -0.94141E-01   -0.14731E+00   -0.36661E-01   -0.97758E-01   -0.63712E-01    0.77263E-01   -0.55706E-01    0.32000E+00    0.68923E+00    0.59717E-02   -0.21261E+00    0.28122E-01   -0.41078E-02   -0.11064E+00    0.51290E-03    0.14143E-02   -0.76750E-03   -0.15001E-02    0.55313E-02    0.41135E-04    0.20240E-03   -0.19510E-03    0.14152E-03   -0.41898E-03   -0.79534E-04    0.24230E-03
    0.17060E-05   -0.48830E-06    0.83597E-06    0.27679E-03    0.80696E-04    0.65445E-04    0.50386E-03   -0.14539E+01   -0.11297E+00   -0.65443E-01    0.13254E-01   -0.93609E-01    0.67695E-02    0.12446E-02   -0.71275E-03   -0.44485E-02    0.77166E-05    0.63281E-04    0.10562E-02   -0.10997E-01   -0.72519E-01    0.74030E-02    0.63704E-01    0.57914E-01    0.70717E-01   -0.32820E-01    0.22904E-03    0.46635E-02   -0.11958E-01    0.97827E+00   -0.88363E-01    0.77515E-01    0.63424E-01    0.15286E+00    0.18701E-02    0.79778E-01   -0.55868E+00    0.38554E+00   -0.35925E+00    0.21096E+00    0.10921E-01    0.11286E+00    0.29170E-02    0.17135E-01    0.14379E+00    0.21200E-02    0.19881E-02   -0.18251E-03    0.12444E-02   -0.32875E-02    0.17463E-03    0.11284E-03   -0.29876E-04    0.81419E-04   -0.27152E-03   -0.17568E-03    0.23669E-03
   -0.65799E-05   -0.72372E-05   -0.45210E-05   -0.64555E-04    0.62690E-04    0.87516E-04   -0.15151E-03   -0.30386E+00    0.82366E-01    0.66901E-01    0.11075E-01   -0.17678E+00   -0.78311E-01   -0.13164E-02    0.93895E-03   -0.67828E-02    0.14479E-04   -0.35739E-03    0.10211E-01    0.90015E-01    0.27260E-03   -0.10815E+00   -0.86508E-02    0.93656E-01    0.60913E-01    0.81980E-01    0.38614E-01    0.63172E-01    0.70650E-02   -0.88363E-01    0.82965E+00    0.21853E-01   -0.22560E-02   -0.98455E-02   -0.31419E-02    0.58028E+00    0.18893E+00    0.86566E-01    0.80964E-01   -0.58555E-01    0.59926E-02    0.24577E+00    0.30701E-01    0.10963E-01    0.32459E+00   -0.45224E-04   -0.23158E-02   -0.10486E-02    0.10223E-02    0.23567E-03   -0.38858E-04    0.48969E-03    0.12417E-03    0.17427E-03    0.38492E-04    0.48837E-04    0.66105E-03
   -0.64999E-05    0.29219E-05   -0.16926E-05   -0.11224E-03    0.30331E-04    0.21387E-05   -0.22207E-03    0.73922E+00    0.11695E+00    0.11528E+00   -0.13256E-01   -0.28879E+00    0.93328E-02    0.23301E-02    0.76501E-03   -0.10348E-01   -0.58342E-06    0.17934E-04   -0.55778E-02   -0.22597E-01    0.34307E-01    0.11609E-01    0.54980E-01    0.12503E+00   -0.91079E-01    0.11475E+00   -0.14550E-01   -0.36218E-01   -0.94141E-01    0.77515E-01    0.21853E-01    0.97511E+00    0.48955E-02    0.65063E-02    0.20102E-01    0.10593E+00    0.15901E+00   -0.16642E-01    0.12983E+00    0.16027E+00   -0.12552E-01    0.21884E+00   -0.31625E-01   -0.34850E-02    0.21031E+00   -0.57865E-03   -0.24251E-02   -0.33936E-03    0.18882E-02   -0.25973E-02   -0.19142E-03   -0.54870E-03    0.15576E-04   -0.16716E-03   -0.57213E-03    0.52469E-05    0.20224E-03
    0.28571E-05   -0.13626E-03    0.28786E-04    0.14651E-03    0.97785E-04    0.47739E-03   -0.12007E-03    0.75911E+00   -0.14969E+00   -0.16326E+00    0.58229E-02   -0.58955E-01   -0.27189E-01   -0.12889E-02   -0.34328E-03   -0.14523E-02    0.11884E-04   -0.89246E-04    0.27227E-02    0.12700E-01   -0.24229E-01    0.22763E-01    0.23038E-01    0.77309E-01   -0.82897E-01   -0.76098E-01   -0.69089E-01    0.15663E+00   -0.14731E+00    0.63424E-01   -0.22560E-02    0.48955E-02    0.10074E+01    0.21079E-01    0.22458E-02   -0.94778E-01    0.45015E-01    0.16276E+00   -0.29030E-02   -0.49801E-01    0.13168E-02    0.99662E-01    0.22805E-01    0.13598E-02    0.12962E+00   -0.15390E-03   -0.12434E-02    0.71411E-04   -0.26369E-02   -0.27414E-02    0.13185E-03    0.45786E-03   -0.27745E-04   -0.61233E-04   -0.10537E-03   -0.63876E-04    0.36415E-03
   -0.20612E-05   -0.27518E-05   -0.10148E-04    0.41494E-04    0.51861E-04    0.42751E-04    0.62436E-04   -0.16729E+01   -0.16623E+00   -0.14280E+00    0.15426E-01   -0.11590E+00   -0.14374E-01    0.12294E-02   -0.18574E-02   -0.52310E-02    0.59442E-05    0.33995E-04    0.22136E-02    0.13941E-01   -0.55011E-01    0.26148E-01   -0.11705E-01    0.13886E+00    0.72779E-01    0.15607E-01   -0.15810E-01    0.17252E+00   -0.36661E-01    0.15286E+00   -0.98455E-02    0.65063E-02    0.21079E-01    0.98713E+00   -0.92048E-02   -0.17419E-01    0.46951E-01    0.12056E+00   -0.27618E+00    0.12020E+00    0.21120E-01    0.15037E+00   -0.20449E-01    0.64559E-02    0.19962E+00    0.28535E-02    0.94624E-03   -0.13020E-03    0.76959E-03   -0.48127E-02    0.23455E-03    0.20428E-03    0.20631E-03    0.16938E-03   -0.44508E-03   -0.26673E-03    0.12283E-03
   -0.21621E-05   -0.81788E-04    0.14277E-05   -0.33136E-03    0.51657E-04    0.87044E-04   -0.10173E-02   -0.44187E+01    0.16406E+00    0.59152E+00   -0.16585E-01   -0.35315E+00    0.92214E-02   -0.11461E-02    0.14145E-02   -0.83830E-02   -0.46847E-05   -0.67644E-05    0.68594E-02    0.47722E-01   -0.14806E+00    0.18222E+00    0.10748E+00   -0.11933E+00    0.63020E-01   -0.78829E-01    0.11388E+00   -0.11988E+00   -0.97758E-01    0.18701E-02   -0.31419E-02    0.20102E-01    0.22458E-02   -0.92048E-02    0.10228E+01   -0.52286E-01   -0.46473E-01    0.27910E-02    0.15399E+00   -0.84295E-01    0.52856E-02    0.24605E+00   -0.21892E-01    0.12581E-01    0.14348E+00   -0.42520E-03    0.13292E-02   -0.84890E-04    0.10933E-02    0.20055E-02   -0.20136E-03   -0.23047E-03   -0.11838E-03   -0.47389E-04   -0.11519E-03    0.68531E-04   -0.38984E-03
   -0.74821E-05    0.76533E-04   -0.22242E-04   -0.29698E-04    0.20028E-04    0.35176E-04    0.44328E-03   -0.12216E+01    0.14727E+00   -0.75054E-01    0.12582E-01   -0.31629E-01   -0.81691E-02    0.11724E-03   -0.39383E-03   -0.27782E-02    0.66918E-05    0.68120E-04   -0.12553E-02   -0.34394E-02    0.16389E+00   -0.22211E+00   -0.59755E-01    0.11826E+00    0.87230E-01    0.63322E+00   -0.88206E-01   -0.22272E+00   -0.63712E-01    0.79778E-01    0.58028E+00    0.10593E+00   -0.94778E-01   -0.17419E-01   -0.52286E-01    0.94642E+00   -0.22582E-01   -0.65127E-02    0.44393E-01    0.23937E-02    0.80468E-03    0.16297E+00   -0.95052E-02    0.29472E-02    0.10724E+00    0.14863E-02   -0.56511E-04   -0.54486E-03    0.52207E-02   -0.30147E-02    0.56297E-04    0.35270E-03    0.31644E-03    0.76353E-04    0.54864E-03    0.16934E-03    0.33285E-03
   -0.21269E-05    0.17240E-04   -0.17996E-04    0.83620E-04   -0.31339E-04    0.22432E-04    0.34717E-03   -0.17816E+01   -0.13911E+00    0.12483E+00   -0.26163E-01   -0.17524E+00   -0.12164E-01   -0.69954E-03   -0.91576E-03   -0.19505E-02    0.10319E-04    0.38929E-04    0.85277E-03    0.35943E-01    0.39053E-01    0.81554E-01    0.36347E-01    0.53403E-01   -0.77311E-01    0.21863E+00    0.23441E+00    0.63667E+00    0.77263E-01   -0.55868E+00    0.18893E+00    0.15901E+00    0.45015E-01    0.46951E-01   -0.46473E-01   -0.22582E-01    0.98319E+00   -0.17491E-01    0.76183E-02   -0.39166E-02    0.21628E-02    0.11550E+00    0.18823E-01   -0.17380E-02    0.47743E-01   -0.27003E-02   -0.25807E-02    0.50380E-03   -0.47344E-03    0.99132E-03   -0.17711E-04    0.15501E-03    0.16080E-03   -0.12038E-03    0.69694E-03    0.27070E-03    0.12754E-03
   -0.87475E-05    0.84762E-05   -0.68261E-05    0.19289E-04    0.11725E-03    0.19976E-03    0.46464E-04   -0.30621E+01   -0.14396E+00   -0.52054E-01   -0.49704E-02    0.97207E-02   -0.25419E-01   -0.30687E-02    0.34780E-03    0.44305E-02    0.29050E-05   -0.50204E-04    0.73555E-02    0.43350E-01   -0.36201E-01    0.10149E+00    0.40165E-02    0.13043E-01    0.12605E+00   -0.47826E-01    0.77275E+00    0.12323E+00   -0.55706E-01    0.38554E+00    0.86566E-01   -0.16642E-01    0.16276E+00    0.12056E+00    0.27910E-02   -0.65127E-02   -0.17491E-01    0.99588E+00   -0.24052E-01   -0.14223E-02    0.14274E-01   -0.98827E-01    0.65781E-01   -0.45123E-02   -0.86368E-01   -0.92705E-03   -0.53044E-03    0.13437E-04   -0.13710E-03   -0.35797E-02    0.25492E-03    0.39986E-04    0.12462E-03   -0.40368E-04   -0.26110E-03   -0.15563E-03    0.72453E-04
   -0.18575E-04    0.88331E-04    0.24133E-05   -0.53303E-03    0.55389E-04   -0.15168E-03   -0.89661E-03   -0.24410E+00    0.30841E+00    0.17432E+00   -0.17409E-01    0.11591E+00   -0.31046E-01   -0.28624E-02    0.17511E-02    0.72294E-02   -0.12144E-05   -0.11390E-03    0.30529E-02    0.50903E-01    0.18968E-01    0.10977E-01   -0.17000E+00   -0.93435E-01   -0.15342E-01   -0.27092E-01    0.28212E+00   -0.62109E+00    0.32000E+00   -0.35925E+00    0.80964E-01    0.12983E+00   -0.29030E-02   -0.27618E+00    0.15399E+00    0.44393E-01    0.76183E-02   -0.24052E-01    0.98219E+00    0.12736E-01   -0.12206E-01   -0.24660E+00    0.19256E-01   -0.18172E-01   -0.16249E+00   -0.24400E-02   -0.17224E-02   -0.22278E-03   -0.21749E-02    0.33645E-02   -0.24412E-03   -0.56774E-03   -0.22152E-03   -0.30528E-03   -0.65514E-03   -0.11531E-03   -0.86362E-04
    0.49323E-05    0.54784E-04   -0.10888E-04    0.12950E-03   -0.56609E-04   -0.24091E-03    0.50592E-03    0.27959E+01    0.16819E+00   -0.14294E+00    0.98407E-02    0.29051E+00   -0.74370E-02   -0.26654E-02    0.10024E-02    0.94213E-02    0.11705E-04   -0.19536E-04   -0.16570E-02   -0.17400E-01    0.68596E-01   -0.23343E+00    0.97805E-01    0.43787E-01   -0.13892E-01    0.82827E-01   -0.18886E+00    0.17173E+00    0.68923E+00    0.21096E+00   -0.58555E-01    0.16027E+00   -0.49801E-01    0.12020E+00   -0.84295E-01    0.23937E-02   -0.39166E-02   -0.14223E-02    0.12736E-01    0.99770E+00    0.33805E-03   -0.21291E+00    0.30186E-01   -0.66055E-02   -0.89796E-01    0.70299E-03    0.13369E-02   -0.83033E-03   -0.21389E-03    0.17980E-02    0.20360E-03    0.25590E-03   -0.21989E-04    0.16294E-04   -0.10880E-03   -0.12305E-03    0.25968E-03
    0.98368E-05    0.49900E-05   -0.75187E-05    0.48667E-03   -0.47757E-04   -0.23940E-04    0.10323E-02    0.36149E-01    0.35651E+00    0.95225E-01    0.57411E-01   -0.27740E+00   -0.69468E-01   -0.43566E-03    0.64335E-02   -0.77413E-02   -0.32079E-05    0.57841E-04    0.60390E-01    0.61308E-01   -0.84282E-02    0.22608E-02    0.58188E-02   -0.10126E-03    0.18780E-02   -0.19838E-02    0.10875E-01    0.12407E-01    0.59717E-02    0.10921E-01    0.59926E-02   -0.12552E-01    0.13168E-02    0.21120E-01    0.52856E-02    0.80468E-03    0.21628E-02    0.14274E-01   -0.12206E-01    0.33805E-03    0.33025E+00    0.14781E+00    0.11890E-02    0.14925E+00    0.45872E+00    0.12591E-01    0.16870E-01   -0.45196E-02   -0.34031E-02   -0.35142E-02    0.55969E-03   -0.14661E-03    0.62865E-03   -0.61390E-04   -0.26617E-03    0.79131E-04    0.10490E-02
    0.57074E-04   -0.37460E-03   -0.31247E-04    0.29410E-02    0.32687E-04    0.99598E-03    0.50113E-02    0.63655E+01    0.13596E+00    0.18193E+02   -0.15911E+00   -0.11783E+02   -0.71616E+00   -0.15103E+00    0.22248E-02   -0.19110E+00    0.30550E-04    0.23797E-03    0.12456E+00    0.11878E+01   -0.81625E-01    0.66656E-01    0.10423E+00    0.13449E-01    0.65197E-01    0.23391E-01   -0.19239E+00    0.22732E+00   -0.21261E+00    0.11286E+00    0.24577E+00    0.21884E+00    0.99662E-01    0.15037E+00    0.24605E+00    0.16297E+00    0.11550E+00   -0.98827E-01   -0.24660E+00   -0.21291E+00    0.14781E+00    0.16264E+02   -0.21649E-01    0.34797E+00    0.56846E+01   -0.48552E-02   -0.45852E-01   -0.12400E-01    0.31640E-01   -0.24468E-02    0.13818E-02    0.21887E-01    0.22181E-02    0.13003E-01    0.39784E-03    0.23241E-02   -0.69434E-02
    0.22926E-04   -0.11490E-03    0.28464E-04    0.42434E-03    0.49652E-04    0.78029E-03    0.59188E-03    0.52807E+01    0.89453E+00   -0.80140E+00   -0.24086E+00   -0.35854E-01   -0.80724E+00   -0.78505E-02   -0.14448E-01    0.63231E-02    0.11936E-04    0.75193E-04   -0.10693E-02    0.39736E+00   -0.18269E-01   -0.26149E-01   -0.23598E-01    0.13274E-02    0.25381E-01   -0.22219E-01    0.40521E-01    0.31058E-01    0.28122E-01    0.29170E-02    0.30701E-01   -0.31625E-01    0.22805E-01   -0.20449E-01   -0.21892E-01   -0.95052E-02    0.18823E-01    0.65781E-01    0.19256E-01    0.30186E-01    0.11890E-02   -0.21649E-01    0.22518E+01   -0.12919E-02    0.35770E+00   -0.92866E-01   -0.10640E+00   -0.35832E-02   -0.81322E-03    0.22811E-02   -0.54292E-03    0.12337E-02   -0.66559E-03    0.95396E-03    0.28030E-03    0.24581E-03    0.10215E-02
    0.19738E-04   -0.37162E-04   -0.60868E-05    0.79734E-03   -0.70015E-04    0.12963E-03    0.15327E-02   -0.31713E+00   -0.72950E-01    0.44946E+00   -0.15049E-01   -0.64337E+00   -0.96105E-01   -0.31833E-02    0.41314E-02   -0.99671E-02   -0.16172E-05    0.21804E-04    0.55659E-01    0.22419E+00   -0.16730E-01    0.76302E-02    0.17343E-01   -0.12171E-02    0.31595E-04   -0.59248E-02   -0.59617E-02    0.14107E-01   -0.41078E-02    0.17135E-01    0.10963E-01   -0.34850E-02    0.13598E-02    0.64559E-02    0.12581E-01    0.29472E-02   -0.17380E-02   -0.45123E-02   -0.18172E-01   -0.66055E-02    0.14925E+00    0.34797E+00   -0.12919E-02    0.23219E+00    0.34624E+00    0.65225E-02    0.15092E-01   -0.41658E-03   -0.91469E-03    0.24995E-02    0.14838E-03   -0.81771E-04    0.61765E-04   -0.14293E-03    0.35682E-03    0.14811E-03    0.98439E-04
    0.85071E-04   -0.79209E-03    0.77729E-04    0.32803E-02    0.14561E-03    0.18974E-02    0.43464E-02    0.11211E+02    0.23093E+00    0.84710E+01   -0.71495E-01   -0.74843E+01   -0.12033E+01   -0.97832E-01    0.63509E-02   -0.13370E+00   -0.24583E-05    0.17988E-03    0.19818E+00    0.18124E+01   -0.91267E-01    0.62920E-01    0.57276E-01   -0.52472E-01    0.86398E-01   -0.13348E+00   -0.20118E+00    0.17880E+00   -0.11064E+00    0.14379E+00    0.32459E+00    0.21031E+00    0.12962E+00    0.19962E+00    0.14348E+00    0.10724E+00    0.47743E-01   -0.86368E-01   -0.16249E+00   -0.89796E-01    0.45872E+00    0.56846E+01    0.35770E+00    0.34624E+00    0.16395E+02   -0.62237E-02   -0.57428E-01   -0.24503E-01   -0.25047E-01    0.14832E-01    0.14263E-02    0.18835E-02    0.13333E-02    0.16591E-02   -0.62757E-03    0.42649E-02    0.29673E-01
   -0.11366E-05    0.92111E-05   -0.20316E-05   -0.17776E-04   -0.40047E-05   -0.36425E-04   -0.19313E-04   -0.15890E+00   -0.11432E-01   -0.62772E-01    0.48331E-01    0.56398E-01    0.44610E-01    0.38935E-03    0.19428E-03   -0.61208E-03   -0.70291E-06    0.48994E-05    0.47384E-02   -0.49340E-01   -0.79658E-03   -0.58238E-03    0.76470E-03    0.28059E-03   -0.12359E-02    0.57712E-03   -0.20401E-02   -0.12956E-02    0.51290E-03    0.21200E-02   -0.45224E-04   -0.57865E-03   -0.15390E-03    0.28535E-02   -0.42520E-03    0.14863E-02   -0.27003E-02   -0.92705E-03   -0.24400E-02    0.70299E-03    0.12591E-01   -0.48552E-02   -0.92866E-01    0.65225E-02   -0.62237E-02    0.83675E-02    0.77745E-02   -0.16194E-03    0.12784E-03   -0.26940E-03    0.22933E-04   -0.19304E-04    0.19213E-04   -0.73689E-05   -0.74510E-04    0.29271E-04    0.68723E-04
