# omegabh2 omegach2 theta tau meffsterile nnu logA ns calPlanck aps100 aps143 aps217 acib217 asz143 psr xi aksz dust100 dust143 dust217 dust143x217 cal0 cal2 calTE calEE bm_1_1
    0.3148807E-07   -0.3421823E-08    0.9760853E-08    0.1277997E-05    0.7607643E-06    0.7031241E-05    0.2527326E-05    0.6300584E-06    0.1108471E-07   -0.3074080E-03   -0.1991253E-03    0.6006644E-04   -0.9522732E-04    0.1555676E-04    0.1363873E-06    0.9341917E-06   -0.2534610E-04    0.2667058E-06    0.5802322E-07    0.8432372E-06   -0.3965998E-06    0.3465673E-08   -0.5647777E-08   -0.8926491E-07   -0.1459656E-06   -0.1651356E-05
   -0.3421823E-08    0.1011347E-04   -0.5493589E-06   -0.9042063E-06   -0.3210539E-03    0.2199610E-03    0.1113948E-04    0.3642041E-05    0.1737418E-06    0.9222529E-02    0.3976361E-02   -0.3308035E-02    0.2863955E-02   -0.4382917E-03   -0.1177287E-04   -0.2303177E-04    0.8108679E-03    0.1655117E-04    0.7788635E-05   -0.1761587E-04    0.1306463E-04   -0.1001334E-07    0.3653841E-06    0.1319052E-05    0.2055342E-05   -0.2227709E-04
    0.9760853E-08   -0.5493589E-06    0.1190254E-06    0.8778314E-06   -0.1164233E-05   -0.1784397E-04    0.7859731E-06    0.3321240E-07   -0.1710362E-07   -0.7884838E-03   -0.4088409E-03    0.1898934E-03   -0.2351975E-03    0.2896678E-04    0.2675161E-06    0.1506639E-05   -0.6105876E-04   -0.6642239E-06   -0.6944699E-06    0.1514766E-05   -0.2139860E-05    0.7500953E-09   -0.2308316E-07   -0.1757113E-06   -0.1820565E-06    0.2965085E-05
    0.1277997E-05   -0.9042063E-06    0.8778314E-06    0.2172969E-03   -0.1264479E-03    0.4905227E-03    0.4098763E-03    0.5472589E-04   -0.2999701E-05   -0.1924601E-01   -0.7462887E-02    0.1980855E-02   -0.4204297E-02    0.9464867E-03    0.1960037E-04    0.1463027E-04   -0.1138517E-02    0.1584274E-04    0.2581876E-04    0.2730705E-04    0.4940589E-05   -0.5305058E-07   -0.4288572E-06   -0.8483950E-05    0.1937805E-05   -0.7530371E-04
    0.7607643E-06   -0.3210539E-03   -0.1164233E-05   -0.1264479E-03    0.4789930E-01    0.3107057E-02   -0.1956541E-03   -0.3991068E-03   -0.2739368E-05    0.5366443E-01    0.1742480E+00    0.1295257E+00    0.3514470E-02    0.1655229E-02    0.1045617E-02   -0.5444866E-04    0.3506644E-03   -0.4185043E-03   -0.3616694E-03    0.1074366E-03    0.6297863E-03   -0.2499661E-05   -0.7968619E-06   -0.1977248E-04   -0.4549410E-04    0.7476043E-03
    0.7031241E-05    0.2199610E-03   -0.1784397E-04    0.4905227E-03    0.3107057E-02    0.1141316E-01    0.1368858E-02    0.3137752E-03    0.9858727E-05    0.3119850E+00    0.1663361E+00   -0.7738396E-01    0.9166530E-01   -0.1309657E-01   -0.1233466E-03   -0.5934828E-03    0.2764136E-01    0.5401558E-03    0.2395533E-03   -0.5033168E-03    0.7800481E-03    0.3263490E-06    0.1087740E-04    0.3714810E-04    0.1041032E-03   -0.8327845E-03
    0.2527326E-05    0.1113948E-04    0.7859731E-06    0.4098763E-03   -0.1956541E-03    0.1368858E-02    0.8213994E-03    0.1062899E-03    0.5669004E-05   -0.1610222E-01   -0.3930952E-02    0.5536063E-02   -0.3298322E-02    0.1286409E-02    0.5612720E-04    0.3622580E-04   -0.1736467E-02    0.4243373E-04    0.2901992E-05    0.4473651E-04    0.1803628E-04    0.3243424E-06   -0.2810321E-06   -0.1433352E-04    0.8714009E-05   -0.1770564E-03
    0.6300584E-06    0.3642041E-05    0.3321240E-07    0.5472589E-04   -0.3991068E-03    0.3137752E-03    0.1062899E-03    0.3813233E-04    0.5154073E-06   -0.1623222E-01   -0.5633569E-02    0.5613193E-02   -0.4323465E-02    0.5568320E-03    0.2510854E-04    0.6563931E-04   -0.1635475E-02    0.4846301E-04    0.1562939E-04    0.3675380E-04   -0.1951469E-05   -0.2199148E-06   -0.3790340E-06   -0.3488656E-06    0.1627842E-05   -0.5741442E-04
    0.1108471E-07    0.1737418E-06   -0.1710362E-07   -0.2999701E-05   -0.2739368E-05    0.9858727E-05    0.5669004E-05    0.5154073E-06    0.5769180E-05    0.3345852E-02    0.8329273E-03    0.7307279E-03    0.9219879E-03   -0.1406319E-04    0.1154960E-05    0.9617652E-05    0.3202494E-04    0.4207483E-05    0.1408391E-05    0.2197294E-05   -0.5753508E-05   -0.4191213E-08   -0.7457366E-08    0.1328048E-07    0.1527749E-06   -0.1463450E-05
   -0.3074080E-03    0.9222529E-02   -0.7884838E-03   -0.1924601E-01    0.5366443E-01    0.3119850E+00   -0.1610222E-01   -0.1623222E-01    0.3345852E-02    0.5027145E+03    0.6586913E+02   -0.5985349E+02    0.3336153E+02   -0.2164661E+02   -0.7931937E+00   -0.4853481E-01    0.8081198E+01   -0.1105049E+00    0.1359141E-01   -0.4061015E-01   -0.1745844E+00    0.5467827E-02    0.7835050E-02    0.3900458E-02    0.8563432E-02    0.1478234E+01
   -0.1991253E-03    0.3976361E-02   -0.4088409E-03   -0.7462887E-02    0.1742480E+00    0.1663361E+00   -0.3930952E-02   -0.5633569E-02    0.8329273E-03    0.6586913E+02    0.5767272E+02    0.9641375E+01    0.6487211E+01   -0.2267612E+01    0.2007317E+00    0.7279256E+00   -0.6091139E+01   -0.1579545E-01   -0.1671908E+00   -0.6558190E-01    0.1427166E+00    0.2778397E-03   -0.4571733E-03    0.2638069E-02    0.4755493E-02   -0.1073757E-01
    0.6006644E-04   -0.3308035E-02    0.1898934E-03    0.1980855E-02    0.1295257E+00   -0.7738396E-01    0.5536063E-02    0.5613193E-02    0.7307279E-03   -0.5985349E+02    0.9641375E+01    0.1701406E+03   -0.7812544E+02    0.4586137E+01    0.4627603E+00    0.3486858E+00   -0.8515847E+01    0.1391511E-01   -0.6889945E-01    0.6155654E+00   -0.8846327E-01    0.1476500E-02   -0.1129314E-01    0.5736814E-03    0.9351490E-03   -0.5521390E-01
   -0.9522732E-04    0.2863955E-02   -0.2351975E-03   -0.4204297E-02    0.3514470E-02    0.9166530E-01   -0.3298322E-02   -0.4323465E-02    0.9219879E-03    0.3336153E+02    0.6487211E+01   -0.7812544E+02    0.4642277E+02    0.3845493E+00   -0.7057821E-01   -0.2968915E+00   -0.1704993E+01   -0.7387413E-02    0.4683219E-01   -0.4765177E+00   -0.1200586E-01   -0.4255607E-03    0.4983310E-02    0.5880684E-03    0.1286271E-02   -0.1024619E-02
    0.1555676E-04   -0.4382917E-03    0.2896678E-04    0.9464867E-03    0.1655229E-02   -0.1309657E-01    0.1286409E-02    0.5568320E-03   -0.1406319E-04   -0.2164661E+02   -0.2267612E+01    0.4586137E+01    0.3845493E+00    0.3553840E+01    0.1299476E+00   -0.8741231E-01   -0.2842462E+01   -0.1532535E-02   -0.1794756E-01   -0.4286886E-01    0.5654970E-01    0.4249200E-03   -0.9718293E-03   -0.1295947E-03   -0.3208802E-03    0.4014381E-02
    0.1363873E-06   -0.1177287E-04    0.2675161E-06    0.1960037E-04    0.1045617E-02   -0.1233466E-03    0.5612720E-04    0.2510854E-04    0.1154960E-05   -0.7931937E+00    0.2007317E+00    0.4627603E+00   -0.7057821E-01    0.1299476E+00    0.1138735E-01    0.1319150E-01   -0.1466028E+00   -0.7920877E-04   -0.2978417E-03   -0.1438800E-02    0.5505510E-03    0.1894004E-04   -0.3736078E-04    0.1814805E-04    0.1237038E-04   -0.4976884E-03
    0.9341917E-06   -0.2303177E-04    0.1506639E-05    0.1463027E-04   -0.5444866E-04   -0.5934828E-03    0.3622580E-04    0.6563931E-04    0.9617652E-05   -0.4853481E-01    0.7279256E+00    0.3486858E+00   -0.2968915E+00   -0.8741231E-01    0.1319150E-01    0.8014787E-01    0.9470347E-01    0.9407146E-04    0.4002545E-03   -0.2469679E-04    0.1567685E-02    0.4225051E-05   -0.2762152E-04    0.1500550E-04    0.2002749E-04   -0.3242839E-03
   -0.2534610E-04    0.8108679E-03   -0.6105876E-04   -0.1138517E-02    0.3506644E-03    0.2764136E-01   -0.1736467E-02   -0.1635475E-02    0.3202494E-04    0.8081198E+01   -0.6091139E+01   -0.8515847E+01   -0.1704993E+01   -0.2842462E+01   -0.1466028E+00    0.9470347E-01    0.6765207E+01   -0.2489140E-02    0.1588804E-01    0.4577518E-01   -0.5008165E-01   -0.3401962E-03    0.6553994E-03   -0.1917468E-03    0.2632281E-04    0.2496162E-01
    0.2667058E-06    0.1655117E-04   -0.6642239E-06    0.1584274E-04   -0.4185043E-03    0.5401558E-03    0.4243373E-04    0.4846301E-04    0.4207483E-05   -0.1105049E+00   -0.1579545E-01    0.1391511E-01   -0.7387413E-02   -0.1532535E-02   -0.7920877E-04    0.9407146E-04   -0.2489140E-02    0.3680579E-01    0.3768015E-02   -0.2626837E-03    0.4621512E-03    0.4027352E-04   -0.1154583E-04   -0.4837133E-05   -0.1412191E-05    0.2203952E-02
    0.5802322E-07    0.7788635E-05   -0.6944699E-06    0.2581876E-04   -0.3616694E-03    0.2395533E-03    0.2901992E-05    0.1562939E-04    0.1408391E-05    0.1359141E-01   -0.1671908E+00   -0.6889945E-01    0.4683219E-01   -0.1794756E-01   -0.2978417E-03    0.4002545E-03    0.1588804E-01    0.3768015E-02    0.3331633E-01   -0.2901698E-02    0.3118405E-02   -0.6091449E-04   -0.6305697E-04   -0.4699084E-04   -0.4328144E-04    0.4610686E-03
    0.8432372E-06   -0.1761587E-04    0.1514766E-05    0.2730705E-04    0.1074366E-03   -0.5033168E-03    0.4473651E-04    0.3675380E-04    0.2197294E-05   -0.4061015E-01   -0.6558190E-01    0.6155654E+00   -0.4765177E+00   -0.4286886E-01   -0.1438800E-02   -0.2469679E-04    0.4577518E-01   -0.2626837E-03   -0.2901698E-02    0.1331097E-01    0.1131300E-01    0.1368804E-05    0.6548597E-04    0.1179004E-04   -0.7923550E-05   -0.1715394E-02
   -0.3965998E-06    0.1306463E-04   -0.2139860E-05    0.4940589E-05    0.6297863E-03    0.7800481E-03    0.1803628E-04   -0.1951469E-05   -0.5753508E-05   -0.1745844E+00    0.1427166E+00   -0.8846327E-01   -0.1200586E-01    0.5654970E-01    0.5505510E-03    0.1567685E-02   -0.5008165E-01    0.4621512E-03    0.3118405E-02    0.1131300E-01    0.3175121E-01    0.4190174E-05    0.9144310E-04   -0.1333724E-04    0.5547574E-05   -0.1597299E-02
    0.3465673E-08   -0.1001334E-07    0.7500953E-09   -0.5305058E-07   -0.2499661E-05    0.3263490E-06    0.3243424E-06   -0.2199148E-06   -0.4191213E-08    0.5467827E-02    0.2778397E-03    0.1476500E-02   -0.4255607E-03    0.4249200E-03    0.1894004E-04    0.4225051E-05   -0.3401962E-03    0.4027352E-04   -0.6091449E-04    0.1368804E-05    0.4190174E-05    0.9388953E-06   -0.7785662E-07    0.1852881E-06    0.4628475E-06   -0.8460417E-04
   -0.5647777E-08    0.3653841E-06   -0.2308316E-07   -0.4288572E-06   -0.7968619E-06    0.1087740E-04   -0.2810321E-06   -0.3790340E-06   -0.7457366E-08    0.7835050E-02   -0.4571733E-03   -0.1129314E-01    0.4983310E-02   -0.9718293E-03   -0.3736078E-04   -0.2762152E-04    0.6553994E-03   -0.1154583E-04   -0.6305697E-04    0.6548597E-04    0.9144310E-04   -0.7785662E-07    0.3088974E-05    0.5266950E-06    0.2367525E-06   -0.3675025E-04
   -0.8926491E-07    0.1319052E-05   -0.1757113E-06   -0.8483950E-05   -0.1977248E-04    0.3714810E-04   -0.1433352E-04   -0.3488656E-06    0.1328048E-07    0.3900458E-02    0.2638069E-02    0.5736814E-03    0.5880684E-03   -0.1295947E-03    0.1814805E-04    0.1500550E-04   -0.1917468E-03   -0.4837133E-05   -0.4699084E-04    0.1179004E-04   -0.1333724E-04    0.1852881E-06    0.5266950E-06    0.1968321E-04    0.6396712E-05    0.7945511E-05
   -0.1459656E-06    0.2055342E-05   -0.1820565E-06    0.1937805E-05   -0.4549410E-04    0.1041032E-03    0.8714009E-05    0.1627842E-05    0.1527749E-06    0.8563432E-02    0.4755493E-02    0.9351490E-03    0.1286271E-02   -0.3208802E-03    0.1237038E-04    0.2002749E-04    0.2632281E-04   -0.1412191E-05   -0.4328144E-04   -0.7923550E-05    0.5547574E-05    0.4628475E-06    0.2367525E-06    0.6396712E-05    0.1876355E-04    0.2511842E-04
   -0.1651356E-05   -0.2227709E-04    0.2965085E-05   -0.7530371E-04    0.7476043E-03   -0.8327845E-03   -0.1770564E-03   -0.5741442E-04   -0.1463450E-05    0.1478234E+01   -0.1073757E-01   -0.5521390E-01   -0.1024619E-02    0.4014381E-02   -0.4976884E-03   -0.3242839E-03    0.2496162E-01    0.2203952E-02    0.4610686E-03   -0.1715394E-02   -0.1597299E-02   -0.8460417E-04   -0.3675025E-04    0.7945511E-05    0.2511842E-04    0.9987171E+00
