# omegabh2 omegach2 theta tau ns logA aps100 aps143 aps217 acib143 acib217 asz143 psr cibr cal0 cal2 xi aksz bm_1_1 a_ps_act_148 a_ps_act_217 a_ps_spt_95 a_ps_spt_150 a_ps_spt_220 r_ps_spt_95x150 r_ps_spt_95x220 r_ps_150x220 act_dust_s act_dust_e cal_acts_148 cal_acts_217 cal_acte_148 cal_acte_217 cal_spt_95 cal_spt_150 cal_spt_220
7.747500E-08 -4.410600E-07 8.329900E-08 1.101300E-06 1.161800E-06 1.299500E-06 -9.515300E-04 -8.661200E-04 -6.289100E-04 1.933700E-07 -3.001600E-05 1.780467E-05 -2.434500E-07 -2.404600E-07 1.419600E-09 -1.426600E-09 -4.294000E-08 -1.244199E-05 -2.175200E-05 2.489600E-05 1.263200E-04 9.801400E-06 2.428100E-05 1.386500E-04 -2.979900E-08 -4.026700E-07 4.625300E-08 -1.136800E-07 -1.316900E-07 9.026200E-07 5.550400E-07 8.870000E-07 5.062500E-07 8.837900E-07 8.636600E-07 6.216100E-07
-4.410600E-07 7.307700E-06 -7.443900E-07 -1.281000E-05 -1.638400E-05 -8.174900E-06 6.089800E-03 3.752200E-03 2.974500E-03 -2.083200E-05 8.002000E-05 -9.856260E-05 9.159700E-07 8.842400E-07 -2.839000E-08 4.243400E-08 6.400700E-07 -7.707055E-06 1.703200E-04 -1.009700E-04 -5.899600E-04 -5.156100E-05 -8.136100E-05 -6.417400E-04 3.289200E-09 1.843500E-06 -3.701400E-08 1.183400E-06 -3.901800E-06 -4.496300E-06 -3.008500E-06 -4.423200E-06 -2.845600E-06 -3.591000E-06 -4.360100E-06 -2.913900E-06
8.329900E-08 -7.443900E-07 3.992900E-07 1.937100E-06 2.155100E-06 2.445900E-06 -4.092700E-04 -4.817900E-04 -4.441300E-04 -4.067500E-06 -2.878200E-05 4.678786E-06 -1.502300E-08 -4.569600E-08 2.452000E-09 -1.178400E-08 -2.001100E-07 1.112451E-05 -7.961500E-06 1.569800E-05 8.677000E-05 8.464800E-06 1.261600E-05 1.152000E-04 -3.478900E-07 -8.519900E-07 1.090100E-07 6.119300E-07 -4.955200E-07 6.412800E-07 4.583800E-07 6.468300E-07 3.711900E-07 7.015700E-07 6.346600E-07 5.243600E-07
1.101300E-06 -1.281000E-05 1.937100E-06 2.042000E-04 3.824500E-05 3.759700E-04 -2.257000E-02 -1.816600E-02 -1.293800E-02 -7.880000E-05 -6.709000E-04 1.256744E-04 -5.478000E-06 -1.039000E-05 5.415600E-10 1.355000E-07 -3.438900E-07 -3.127623E-04 -7.275400E-04 5.455100E-04 2.331900E-03 3.881000E-04 5.880900E-04 2.934600E-03 -7.455400E-06 -2.008800E-05 6.662000E-07 6.379400E-06 3.948400E-06 1.767900E-05 1.032700E-05 2.015600E-05 1.066300E-05 2.143300E-05 1.790300E-05 1.196300E-05
1.161800E-06 -1.638400E-05 2.155100E-06 3.824500E-05 5.203300E-05 3.404200E-05 -4.232400E-02 -2.177300E-02 -1.480500E-02 3.119800E-05 -6.162500E-04 5.231956E-04 -5.381700E-06 -4.013200E-06 -3.419200E-08 6.725600E-08 -5.114600E-06 -3.163620E-04 -7.141100E-04 4.527100E-04 2.713800E-03 2.661400E-04 4.229100E-04 2.586800E-03 -2.030200E-06 -5.447300E-06 1.361700E-06 -5.249500E-06 5.578600E-06 1.792700E-05 1.135400E-05 1.815000E-05 1.053600E-05 1.782300E-05 1.888000E-05 1.132200E-05
1.299500E-06 -8.174900E-06 2.445900E-06 3.759700E-04 3.404200E-05 7.342100E-04 -3.763800E-02 -3.049500E-02 -2.039500E-02 -2.183500E-04 -1.190200E-03 3.364586E-05 -9.334100E-06 -1.950700E-05 -6.387300E-09 5.023800E-07 -4.773300E-07 -7.578083E-04 -7.027100E-04 9.107200E-04 3.313800E-03 6.737700E-04 1.047700E-03 4.573300E-03 -1.505000E-05 -3.622200E-05 9.475200E-07 1.933900E-05 -1.448900E-06 2.566800E-05 1.337200E-05 3.060400E-05 1.475000E-05 3.535800E-05 2.648300E-05 1.803100E-05
-9.515300E-04 6.089800E-03 -4.092700E-04 -2.257000E-02 -4.232400E-02 -3.763800E-02 1.527500E+03 8.662800E+01 2.086100E+01 -4.766200E-01 4.941800E+00 -1.011380E+01 1.449400E-02 -1.502400E-01 9.103300E-04 -6.634700E-04 1.563600E-02 5.019624E+00 1.628800E+01 -2.274500E-01 -3.310900E+00 5.130700E+00 -3.491800E-01 -3.080700E+00 -1.308400E-01 -4.721500E-01 -2.535200E-02 -4.780600E-02 7.895500E-02 -5.096300E-02 7.193000E-03 -5.133800E-02 1.294100E-02 -5.571000E-02 -4.001300E-02 6.313100E-04
-8.661200E-04 3.752200E-03 -4.817900E-04 -1.816600E-02 -2.177300E-02 -3.049500E-02 8.662800E+01 6.295400E+01 1.941000E+01 -2.686100E-02 9.265100E-01 -2.344477E+00 8.460100E-03 -2.046600E-02 -1.517200E-05 -1.145900E-03 1.246700E-02 3.892610E-01 8.883800E-02 -1.396200E-01 -2.593900E+00 1.156800E+00 -2.438900E-01 -2.468300E+00 -1.545000E-02 -8.594300E-02 -1.522200E-02 1.807200E-02 3.450800E-02 -2.555500E-02 -8.680600E-03 -2.558500E-02 -7.973100E-03 -3.110400E-02 -2.281900E-02 -1.160000E-02
-6.289100E-04 2.974500E-03 -4.441300E-04 -1.293800E-02 -1.480500E-02 -2.039500E-02 2.086100E+01 1.941000E+01 3.526400E+01 -5.839100E-01 -4.257900E+00 1.618746E+00 -8.052100E-03 -1.091900E-02 2.552800E-05 -5.162600E-04 -1.542000E-02 -1.289083E+00 3.338100E-01 6.320500E-02 -2.825600E+00 -1.010600E+00 1.015900E-01 -2.567200E+00 -8.105500E-03 6.613200E-02 2.231700E-02 5.093100E-03 1.636000E-02 -1.251000E-02 -2.910100E-02 -1.351100E-02 -2.750800E-02 -4.510500E-03 -1.417800E-02 -2.253100E-02
1.933700E-07 -2.083200E-05 -4.067500E-06 -7.880000E-05 3.119800E-05 -2.183500E-04 -4.766200E-01 -2.686100E-02 -5.839100E-01 4.154500E-01 8.133400E-01 2.597034E-01 -2.351800E-04 -9.174300E-03 4.159200E-06 2.512200E-05 4.219900E-03 -5.203928E-01 -1.613500E-02 -1.253100E-01 -1.375500E-01 -4.969000E-02 -1.607200E-01 -1.712000E-01 2.632200E-02 2.047000E-02 -2.283200E-03 3.398800E-04 -3.299600E-03 2.023100E-04 6.186300E-04 3.247200E-04 6.431800E-04 -4.472800E-04 2.093600E-04 9.940800E-04
-3.001600E-05 8.002000E-05 -2.878200E-05 -6.709000E-04 -6.162500E-04 -1.190200E-03 4.941800E+00 9.265100E-01 -4.257900E+00 8.133400E-01 3.567000E+00 -4.489823E-03 4.680800E-03 8.126200E-03 2.981600E-06 4.621100E-04 1.085900E-03 -8.390998E-01 -3.462100E-02 -2.737800E-01 -2.213500E-01 2.101600E-01 -3.506300E-01 -5.733500E-01 4.207000E-02 1.935200E-02 -1.713600E-02 7.614300E-06 -6.983400E-03 -1.223100E-03 7.642300E-03 -6.056000E-04 7.659300E-03 -3.572500E-03 -2.092400E-04 5.805000E-03
1.780467E-05 -9.856260E-05 4.678786E-06 1.256744E-04 5.231956E-04 3.364586E-05 -1.011380E+01 -2.344477E+00 1.618746E+00 2.597034E-01 -4.489823E-03 1.376072E+00 -2.097291E-04 1.874277E-02 1.015985E-05 -2.281169E-04 -6.759003E-03 -1.106287E+00 2.973760E-02 -1.139242E-01 -2.903546E-01 -6.917750E-01 -1.048693E-01 -5.498614E-01 2.777795E-02 6.938853E-02 -6.104349E-05 -2.141222E-03 -4.966258E-03 2.095037E-03 -3.776610E-03 1.874852E-03 -3.692728E-03 5.026208E-03 1.151903E-03 -1.998637E-03
-2.434500E-07 9.159700E-07 -1.502300E-08 -5.478000E-06 -5.381700E-06 -9.334100E-06 1.449400E-02 8.460100E-03 -8.052100E-03 -2.351800E-04 4.680800E-03 -2.097291E-04 2.904100E-04 -5.249100E-07 7.840400E-08 3.384900E-07 1.641600E-05 2.088853E-04 -4.155200E-05 9.649500E-05 -2.589200E-03 4.311100E-05 6.304200E-05 -2.075200E-03 -2.306300E-06 2.826900E-05 9.375100E-06 -1.475600E-05 3.911600E-05 -6.038100E-06 2.006800E-06 -7.542900E-06 2.834200E-06 -6.709300E-06 -6.136700E-06 4.310700E-06
-2.404600E-07 8.842400E-07 -4.569600E-08 -1.039000E-05 -4.013200E-06 -1.950700E-05 -1.502400E-01 -2.046600E-02 -1.091900E-02 -9.174300E-03 8.126200E-03 1.874277E-02 -5.249100E-07 2.180400E-03 -4.848000E-08 -4.116300E-07 3.902200E-05 -3.211547E-03 1.161800E-03 2.637600E-03 2.548700E-03 -1.272300E-02 3.890500E-03 -1.434900E-02 -3.679500E-04 1.317200E-03 -3.007500E-04 -1.037800E-04 -2.576400E-05 2.399400E-05 3.043400E-05 1.985200E-05 2.434600E-05 1.139800E-04 1.578800E-05 -2.992900E-06
1.419600E-09 -2.839000E-08 2.452000E-09 5.415600E-10 -3.419200E-08 -6.387300E-09 9.103300E-04 -1.517200E-05 2.552800E-05 4.159200E-06 2.981600E-06 1.015985E-05 7.840400E-08 -4.848000E-08 1.544100E-07 4.588600E-09 1.685000E-07 -7.277354E-06 -3.044400E-05 -5.314500E-06 -1.465900E-05 -6.059200E-06 -1.044200E-06 -1.331100E-05 2.107900E-07 4.751100E-07 8.562200E-08 1.552100E-06 6.563400E-07 -4.415500E-08 -6.520500E-08 -2.222800E-08 -2.585800E-08 1.160500E-07 -5.413600E-08 -6.507900E-08
-1.426600E-09 4.243400E-08 -1.178400E-08 1.355000E-07 6.725600E-08 5.023800E-07 -6.634700E-04 -1.145900E-03 -5.162600E-04 2.512200E-05 4.621100E-04 -2.281169E-04 3.384900E-07 -4.116300E-07 4.588600E-09 6.286300E-07 1.363500E-06 1.144622E-04 8.105400E-06 3.651800E-06 7.845600E-05 1.403800E-04 -5.399400E-06 3.119400E-05 -1.683600E-06 -8.724400E-06 -1.801400E-06 1.256600E-06 -4.919500E-07 -1.724400E-07 1.924100E-06 -1.626700E-08 1.885800E-06 -7.365400E-07 1.010200E-07 1.272200E-06
-4.294000E-08 6.400700E-07 -2.001100E-07 -3.438900E-07 -5.114600E-06 -4.773300E-07 1.563600E-02 1.246700E-02 -1.542000E-02 4.219900E-03 1.085900E-03 -6.759003E-03 1.641600E-05 3.902200E-05 1.685000E-07 1.363500E-06 1.407600E-03 1.002567E-02 -7.262000E-04 3.237000E-03 -1.661800E-03 1.620800E-03 1.738400E-03 2.760800E-03 4.816900E-04 8.409400E-04 4.307000E-05 -3.007500E-05 -3.080400E-05 3.252400E-06 1.694100E-05 -5.537600E-07 1.908600E-05 -2.546800E-05 4.177000E-06 4.528200E-05
-1.244199E-05 -7.707055E-06 1.112451E-05 -3.127623E-04 -3.163620E-04 -7.578083E-04 5.019624E+00 3.892610E-01 -1.289083E+00 -5.203928E-01 -8.390998E-01 -1.106287E+00 2.088853E-04 -3.211547E-03 -7.277354E-06 1.144622E-04 1.002567E-02 1.734592E+00 -1.908806E-02 8.150744E-02 4.542818E-01 2.775470E-01 1.150216E-01 8.137373E-01 -3.847357E-02 -5.463724E-02 5.689990E-03 -3.150661E-03 6.102413E-04 6.717858E-04 3.380013E-03 6.313664E-04 3.169585E-03 -1.066868E-03 1.784833E-04 2.130815E-03
-2.175200E-05 1.703200E-04 -7.961500E-06 -7.275400E-04 -7.141100E-04 -7.027100E-04 1.628800E+01 8.883800E-02 3.338100E-01 -1.613500E-02 -3.462100E-02 2.973760E-02 -4.155200E-05 1.161800E-03 -3.044400E-05 8.105400E-06 -7.262000E-04 -1.908806E-02 5.932100E-01 -5.427800E-03 -5.047300E-02 -2.857400E-02 1.050100E-03 -3.596100E-02 -4.860300E-04 2.322300E-03 1.007700E-04 6.775400E-04 -4.617300E-04 -2.310700E-04 -4.570300E-04 -3.699200E-04 -3.561600E-04 1.005900E-04 -3.502300E-04 -2.790400E-04
2.489600E-05 -1.009700E-04 1.569800E-05 5.455100E-04 4.527100E-04 9.107200E-04 -2.274500E-01 -1.396200E-01 6.320500E-02 -1.253100E-01 -2.737800E-01 -1.139242E-01 9.649500E-05 2.637600E-03 -5.314500E-06 3.651800E-06 3.237000E-03 8.150744E-02 -5.427800E-03 2.935100E-01 -1.544200E-01 8.052700E-02 1.059500E-01 3.116600E-01 -6.142500E-03 -7.949100E-03 -2.651800E-03 -1.707500E-03 -6.096100E-04 2.051800E-03 -8.921100E-04 2.013600E-03 -7.064400E-04 -3.840100E-05 4.322600E-05 6.083800E-04
1.263200E-04 -5.899600E-04 8.677000E-05 2.331900E-03 2.713800E-03 3.313800E-03 -3.310900E+00 -2.593900E+00 -2.825600E+00 -1.375500E-01 -2.213500E-01 -2.903546E-01 -2.589200E-03 2.548700E-03 -1.465900E-05 7.845600E-05 -1.661800E-03 4.542818E-01 -5.047300E-02 -1.544200E-01 1.333700E+01 9.133700E-02 6.893400E-02 8.740000E-01 -8.678200E-03 -2.571700E-02 -4.409400E-03 1.587400E-02 1.700000E-02 1.604700E-03 5.015400E-02 1.585900E-03 3.846800E-02 1.544900E-03 2.523100E-03 2.921900E-03
9.801400E-06 -5.156100E-05 8.464800E-06 3.881000E-04 2.661400E-04 6.737700E-04 5.130700E+00 1.156800E+00 -1.010600E+00 -4.969000E-02 2.101600E-01 -6.917750E-01 4.311100E-05 -1.272300E-02 -6.059200E-06 1.403800E-04 1.620800E-03 2.775470E-01 -2.857400E-02 8.052700E-02 9.133700E-02 2.061800E+00 6.498100E-02 1.518900E-01 -8.313200E-02 -1.064200E-01 -1.679000E-03 4.763300E-03 -1.758500E-05 -1.266200E-03 1.762600E-03 -1.207700E-03 1.763400E-03 -2.930400E-04 1.095400E-04 1.244800E-03
2.428100E-05 -8.136100E-05 1.261600E-05 5.880900E-04 4.229100E-04 1.047700E-03 -3.491800E-01 -2.438900E-01 1.015900E-01 -1.607200E-01 -3.506300E-01 -1.048693E-01 6.304200E-05 3.890500E-03 -1.044200E-06 -5.399400E-06 1.738400E-03 1.150216E-01 1.050100E-03 1.059500E-01 6.893400E-02 6.498100E-02 2.150800E-01 1.167200E-01 -8.080000E-03 -5.537700E-03 1.369700E-04 7.518500E-04 1.222100E-03 -1.104600E-04 -4.321100E-04 -1.469000E-04 -4.124800E-04 3.093700E-04 -8.543500E-05 -2.208300E-04
1.386500E-04 -6.417400E-04 1.152000E-04 2.934600E-03 2.586800E-03 4.573300E-03 -3.080700E+00 -2.468300E+00 -2.567200E+00 -1.712000E-01 -5.733500E-01 -5.498614E-01 -2.075200E-03 -1.434900E-02 -1.331100E-05 3.119400E-05 2.760800E-03 8.137373E-01 -3.596100E-02 3.116600E-01 8.740000E-01 1.518900E-01 1.167200E-01 1.194200E+01 -1.529600E-02 -6.707100E-02 -1.121700E-02 2.165000E-03 -7.547900E-04 3.983400E-03 3.030500E-03 4.017900E-03 2.529600E-03 2.306600E-03 4.910100E-03 2.860300E-02
-2.979900E-08 3.289200E-09 -3.478900E-07 -7.455400E-06 -2.030200E-06 -1.505000E-05 -1.308400E-01 -1.545000E-02 -8.105500E-03 2.632200E-02 4.207000E-02 2.777795E-02 -2.306300E-06 -3.679500E-04 2.107900E-07 -1.683600E-06 4.816900E-04 -3.847357E-02 -4.860300E-04 -6.142500E-03 -8.678200E-03 -8.313200E-02 -8.080000E-03 -1.529600E-02 7.167400E-03 5.974600E-03 -1.628000E-04 -8.576500E-05 -7.384300E-05 2.146900E-05 -9.295900E-06 2.536000E-05 -1.080200E-05 -6.693400E-05 -1.772900E-05 1.965800E-05
-4.026700E-07 1.843500E-06 -8.519900E-07 -2.008800E-05 -5.447300E-06 -3.622200E-05 -4.721500E-01 -8.594300E-02 6.613200E-02 2.047000E-02 1.935200E-02 6.938853E-02 2.826900E-05 1.317200E-03 4.751100E-07 -8.724400E-06 8.409400E-04 -5.463724E-02 2.322300E-03 -7.949100E-03 -2.571700E-02 -1.064200E-01 -5.537700E-03 -6.707100E-02 5.974600E-03 1.221300E-02 1.097600E-04 5.044200E-05 -1.319000E-04 5.990400E-05 -1.621200E-04 6.511100E-05 -1.550400E-04 8.998600E-05 1.033700E-05 -2.892000E-04
4.625300E-08 -3.701400E-08 1.090100E-07 6.662000E-07 1.361700E-06 9.475200E-07 -2.535200E-02 -1.522200E-02 2.231700E-02 -2.283200E-03 -1.713600E-02 -6.104349E-05 9.375100E-06 -3.007500E-04 8.562200E-08 -1.801400E-06 4.307000E-05 5.689990E-03 1.007700E-04 -2.651800E-03 -4.409400E-03 -1.679000E-03 1.369700E-04 -1.121700E-02 -1.628000E-04 1.097600E-04 3.388100E-04 3.607400E-05 3.153100E-05 -3.355000E-07 -4.767000E-05 7.700400E-07 -4.364000E-05 2.527200E-05 5.543700E-06 -7.299100E-05
-1.136800E-07 1.183400E-06 6.119300E-07 6.379400E-06 -5.249500E-06 1.933900E-05 -4.780600E-02 1.807200E-02 5.093100E-03 3.398800E-04 7.614300E-06 -2.141222E-03 -1.475600E-05 -1.037800E-04 1.552100E-06 1.256600E-06 -3.007500E-05 -3.150661E-03 6.775400E-04 -1.707500E-03 1.587400E-02 4.763300E-03 7.518500E-04 2.165000E-03 -8.576500E-05 5.044200E-05 3.607400E-05 3.982900E-02 6.465900E-05 3.056000E-04 1.361800E-04 -6.489100E-05 5.201100E-05 1.690300E-05 -2.073100E-05 -7.089300E-05
-1.316900E-07 -3.901800E-06 -4.955200E-07 3.948400E-06 5.578600E-06 -1.448900E-06 7.895500E-02 3.450800E-02 1.636000E-02 -3.299600E-03 -6.983400E-03 -4.966258E-03 3.911600E-05 -2.576400E-05 6.563400E-07 -4.919500E-07 -3.080400E-05 6.102413E-04 -4.617300E-04 -6.096100E-04 1.700000E-02 -1.758500E-05 1.222100E-03 -7.547900E-04 -7.384300E-05 -1.319000E-04 3.153100E-05 6.465900E-05 3.967000E-02 -9.091400E-05 6.877500E-05 2.700400E-04 1.369600E-04 -7.405200E-05 -2.143100E-05 -1.240800E-05
9.026200E-07 -4.496300E-06 6.412800E-07 1.767900E-05 1.792700E-05 2.566800E-05 -5.096300E-02 -2.555500E-02 -1.251000E-02 2.023100E-04 -1.223100E-03 2.095037E-03 -6.038100E-06 2.399400E-05 -4.415500E-08 -1.724400E-07 3.252400E-06 6.717858E-04 -2.310700E-04 2.051800E-03 1.604700E-03 -1.266200E-03 -1.104600E-04 3.983400E-03 2.146900E-05 5.990400E-05 -3.355000E-07 3.056000E-04 -9.091400E-05 1.547100E-04 4.570700E-06 5.480600E-05 1.085200E-05 2.923800E-05 1.986500E-05 1.799100E-05
5.550400E-07 -3.008500E-06 4.583800E-07 1.032700E-05 1.135400E-05 1.337200E-05 7.193000E-03 -8.680600E-03 -2.910100E-02 6.186300E-04 7.642300E-03 -3.776610E-03 2.006800E-06 3.043400E-05 -6.520500E-08 1.924100E-06 1.694100E-05 3.380013E-03 -4.570300E-04 -8.921100E-04 5.015400E-02 1.762600E-03 -4.321100E-04 3.030500E-03 -9.295900E-06 -1.621200E-04 -4.767000E-05 1.361800E-04 6.877500E-05 4.570700E-06 3.457600E-04 1.313500E-05 1.758800E-04 -1.586200E-06 1.293000E-05 2.860100E-05
8.870000E-07 -4.423200E-06 6.468300E-07 2.015600E-05 1.815000E-05 3.060400E-05 -5.133800E-02 -2.558500E-02 -1.351100E-02 3.247200E-04 -6.056000E-04 1.874852E-03 -7.542900E-06 1.985200E-05 -2.222800E-08 -1.626700E-08 -5.537600E-07 6.313664E-04 -3.699200E-04 2.013600E-03 1.585900E-03 -1.207700E-03 -1.469000E-04 4.017900E-03 2.536000E-05 6.511100E-05 7.700400E-07 -6.489100E-05 2.700400E-04 5.480600E-05 1.313500E-05 1.234600E-04 9.970300E-06 2.796500E-05 1.971300E-05 1.960700E-05
5.062500E-07 -2.845600E-06 3.711900E-07 1.066300E-05 1.053600E-05 1.475000E-05 1.294100E-02 -7.973100E-03 -2.750800E-02 6.431800E-04 7.659300E-03 -3.692728E-03 2.834200E-06 2.434600E-05 -2.585800E-08 1.885800E-06 1.908600E-05 3.169585E-03 -3.561600E-04 -7.064400E-04 3.846800E-02 1.763400E-03 -4.124800E-04 2.529600E-03 -1.080200E-05 -1.550400E-04 -4.364000E-05 5.201100E-05 1.369600E-04 1.085200E-05 1.758800E-04 9.970300E-06 2.107400E-04 -5.539100E-06 1.107300E-05 3.043500E-05
8.837900E-07 -3.591000E-06 7.015700E-07 2.143300E-05 1.782300E-05 3.535800E-05 -5.571000E-02 -3.110400E-02 -4.510500E-03 -4.472800E-04 -3.572500E-03 5.026208E-03 -6.709300E-06 1.139800E-04 1.160500E-07 -7.365400E-07 -2.546800E-05 -1.066868E-03 1.005900E-04 -3.840100E-05 1.544900E-03 -2.930400E-04 3.093700E-04 2.306600E-03 -6.693400E-05 8.998600E-05 2.527200E-05 1.690300E-05 -7.405200E-05 2.923800E-05 -1.586200E-06 2.796500E-05 -5.539100E-06 4.022300E-04 3.612200E-05 9.813900E-06
8.636600E-07 -4.360100E-06 6.346600E-07 1.790300E-05 1.888000E-05 2.648300E-05 -4.001300E-02 -2.281900E-02 -1.417800E-02 2.093600E-04 -2.092400E-04 1.151903E-03 -6.136700E-06 1.578800E-05 -5.413600E-08 1.010200E-07 4.177000E-06 1.784833E-04 -3.502300E-04 4.322600E-05 2.523100E-03 1.095400E-04 -8.543500E-05 4.910100E-03 -1.772900E-05 1.033700E-05 5.543700E-06 -2.073100E-05 -2.143100E-05 1.986500E-05 1.293000E-05 1.971300E-05 1.107300E-05 3.612200E-05 9.286300E-05 2.899500E-05
6.216100E-07 -2.913900E-06 5.243600E-07 1.196300E-05 1.132200E-05 1.803100E-05 6.313100E-04 -1.160000E-02 -2.253100E-02 9.940800E-04 5.805000E-03 -1.998637E-03 4.310700E-06 -2.992900E-06 -6.507900E-08 1.272200E-06 4.528200E-05 2.130815E-03 -2.790400E-04 6.083800E-04 2.921900E-03 1.244800E-03 -2.208300E-04 2.860300E-02 1.965800E-05 -2.892000E-04 -7.299100E-05 -7.089300E-05 -1.240800E-05 1.799100E-05 2.860100E-05 1.960700E-05 3.043500E-05 9.813900E-06 2.899500E-05 4.840800E-04
