# omegabh2 omegach2 theta tau ns logA r asz
    0.19385E-06    0.12919E-06    0.46867E-06    0.11553E-05    0.40158E-05    0.48363E-05    0.80159E-05    0.13972E-05
    0.12919E-06    0.61350E-05    0.24295E-05   -0.14225E-05   -0.16033E-05    0.21790E-04   -0.13751E-04   -0.10557E-03
    0.46867E-06    0.24295E-05    0.41531E-05    0.13477E-05    0.86444E-05    0.18271E-04    0.64676E-05   -0.51883E-04
    0.11553E-05   -0.14225E-05    0.13477E-05    0.17350E-03    0.38206E-04    0.35729E-03    0.87304E-05   -0.11298E-03
    0.40158E-05   -0.16033E-05    0.86444E-05    0.38206E-04    0.12974E-03    0.13405E-03    0.33645E-03   -0.46078E-03
    0.48363E-05    0.21790E-04    0.18271E-04    0.35729E-03    0.13405E-03    0.88392E-03    0.80683E-04   -0.12499E-02
    0.80159E-05   -0.13751E-04    0.64676E-05    0.87304E-05    0.33645E-03    0.80683E-04    0.39720E-02   -0.11376E-02
    0.13972E-05   -0.10557E-03   -0.51883E-04   -0.11298E-03   -0.46078E-03   -0.12499E-02   -0.11376E-02    0.30858E+00
