# omegabh2 omegach2 theta tau nnu logA ns calPlanck aps100 aps143 aps217 acib217 asz143 psr xi aksz dust100 dust143 dust217 dust143x217 cal0 cal2 calTE calEE bm_1_1
    0.3632827E-07    0.1909588E-07    0.2590101E-08    0.1349144E-05    0.1189258E-04    0.2872393E-05    0.8355073E-06    0.2876312E-07   -0.1825699E-03   -0.1700579E-03    0.2057975E-04   -0.5968199E-04    0.1256449E-04    0.1546580E-06    0.7291689E-06   -0.2831597E-04    0.1839261E-06   -0.1354098E-06    0.4041966E-06   -0.8809017E-06    0.3201501E-08   -0.4364805E-08   -0.6760712E-07   -0.9440249E-07   -0.3034296E-05
    0.1909588E-07    0.5105672E-05   -0.4773744E-06   -0.6162076E-05    0.2199143E-03   -0.5667144E-06    0.2595136E-05   -0.1906937E-06    0.6875131E-02    0.3689317E-02   -0.1176767E-02    0.1731403E-02   -0.3673977E-03   -0.4604682E-05   -0.1269930E-04    0.6341932E-03    0.2396169E-06    0.4772127E-06   -0.1212938E-04    0.9097941E-05   -0.1761211E-07    0.1943458E-06    0.1122684E-05    0.2174895E-05   -0.3310945E-04
    0.2590101E-08   -0.4773744E-06    0.1245384E-06    0.7379090E-06   -0.2276651E-04    0.4968116E-06   -0.2459138E-06    0.3941548E-07   -0.6907322E-03   -0.3541543E-03    0.2480997E-03   -0.2513901E-03    0.3065071E-04    0.1311922E-06    0.8497597E-06   -0.6020428E-04    0.1824429E-08   -0.3878640E-06    0.2762473E-05    0.8947822E-07    0.1636232E-08   -0.1681435E-07   -0.1838680E-06   -0.2561112E-06    0.1970121E-05
    0.1349144E-05   -0.6162076E-05    0.7379090E-06    0.3397357E-03    0.3619491E-03    0.6629353E-03    0.5510333E-04   -0.8176860E-06   -0.4801118E-01   -0.1590409E-01    0.1682725E-01   -0.1420089E-01    0.1908058E-02    0.8512160E-04    0.2446391E-03   -0.5514917E-02   -0.2273774E-04   -0.1214323E-03    0.6945656E-04   -0.1324608E-03    0.1305917E-06   -0.1894034E-05   -0.1807686E-04   -0.4069161E-05   -0.1185209E-04
    0.1189258E-04    0.2199143E-03   -0.2276651E-04    0.3619491E-03    0.1671799E-01    0.1259185E-02    0.6045521E-03    0.5158296E-05    0.3726478E+00    0.1736266E+00   -0.1087230E+00    0.1119430E+00   -0.1900833E-01   -0.4216811E-03   -0.1033423E-02    0.3286652E-01    0.2456288E-05    0.7704678E-04   -0.8856164E-03    0.1435452E-03   -0.1532973E-05    0.1212425E-04    0.7022459E-04    0.1914208E-03   -0.8982998E-03
    0.2872393E-05   -0.5667144E-06    0.4968116E-06    0.6629353E-03    0.1259185E-02    0.1348685E-02    0.1166825E-03    0.1052879E-04   -0.7376422E-01   -0.2171416E-01    0.3590933E-01   -0.2403660E-01    0.3058432E-02    0.1741635E-03    0.5110062E-03   -0.1052319E-01   -0.2700525E-04   -0.3028303E-03    0.1425050E-03   -0.2460769E-03    0.7347331E-06   -0.3233595E-05   -0.3365656E-04   -0.6808291E-06   -0.1221069E-03
    0.8355073E-06    0.2595136E-05   -0.2459138E-06    0.5510333E-04    0.6045521E-03    0.1166825E-03    0.4542542E-04    0.1035899E-05   -0.1283200E-01   -0.2056022E-02    0.6168531E-02   -0.2826828E-02    0.3874957E-03    0.3431028E-04    0.4398919E-04   -0.1725891E-02    0.1669051E-04   -0.7842555E-05    0.1959344E-04   -0.3087214E-04   -0.3578567E-06   -0.2181573E-06    0.8234676E-06    0.4346444E-05    0.1875149E-04
    0.2876312E-07   -0.1906937E-06    0.3941548E-07   -0.8176860E-06    0.5158296E-05    0.1052879E-04    0.1035899E-05    0.6273025E-05    0.2935095E-02    0.3693206E-03    0.6723932E-03    0.8731202E-03   -0.1214239E-04   -0.3600954E-05    0.5381493E-05   -0.3279206E-04    0.1200990E-04   -0.2230199E-05    0.8605999E-05   -0.5762793E-06   -0.2966531E-08    0.3950584E-07   -0.1131531E-06    0.2354830E-06   -0.1426830E-04
   -0.1825699E-03    0.6875131E-02   -0.6907322E-03   -0.4801118E-01    0.3726478E+00   -0.7376422E-01   -0.1283200E-01    0.2935095E-02    0.4936520E+03    0.6282058E+02   -0.6296444E+02    0.3490314E+02   -0.2090291E+02   -0.7938301E+00   -0.1676484E+00    0.9274220E+01   -0.4476962E-01    0.4316703E-01   -0.8350260E-01   -0.1725439E+00    0.5827871E-02    0.7667581E-02    0.5053162E-02    0.1073050E-01    0.9472687E+00
   -0.1700579E-03    0.3689317E-02   -0.3541543E-03   -0.1590409E-01    0.1736266E+00   -0.2171416E-01   -0.2056022E-02    0.3693206E-03    0.6282058E+02    0.5531661E+02    0.8399913E+01    0.6263172E+01   -0.2362793E+01    0.1874298E+00    0.7183028E+00   -0.5571650E+01   -0.2658574E-01   -0.1510447E+00   -0.7579050E-01    0.1217657E+00    0.2789314E-03   -0.5738291E-03    0.3073940E-02    0.5725278E-02   -0.3981683E-01
    0.2057975E-04   -0.1176767E-02    0.2480997E-03    0.1682725E-01   -0.1087230E+00    0.3590933E-01    0.6168531E-02    0.6723932E-03   -0.6296444E+02    0.8399913E+01    0.1693801E+03   -0.7830295E+02    0.4479921E+01    0.4648250E+00    0.4815364E+00   -0.8646392E+01    0.1992657E-01   -0.2238590E-01    0.6033611E+00   -0.9863163E-01    0.1193733E-02   -0.1136301E-01    0.3391441E-03   -0.1671123E-02    0.2306689E+00
   -0.5968199E-04    0.1731403E-02   -0.2513901E-03   -0.1420089E-01    0.1119430E+00   -0.2403660E-01   -0.2826828E-02    0.8731202E-03    0.3490314E+02    0.6263172E+01   -0.7830295E+02    0.4665471E+02    0.3831053E+00   -0.8228168E-01   -0.3752994E+00   -0.1571464E+01   -0.3565610E-02    0.3206563E-01   -0.4707688E+00   -0.4401632E-02   -0.3018755E-03    0.5073528E-02    0.8019194E-03    0.2852349E-02   -0.1177151E+00
    0.1256449E-04   -0.3673977E-03    0.3065071E-04    0.1908058E-02   -0.1900833E-01    0.3058432E-02    0.3874957E-03   -0.1214239E-04   -0.2090291E+02   -0.2362793E+01    0.4479921E+01    0.3831053E+00    0.3425692E+01    0.1246062E+00   -0.8137746E-01   -0.2848330E+01   -0.8375469E-02   -0.1790135E-01   -0.4006824E-01    0.5406505E-01    0.3788642E-03   -0.8848352E-03   -0.2482533E-03   -0.4869383E-03    0.3695525E-01
    0.1546580E-06   -0.4604682E-05    0.1311922E-06    0.8512160E-04   -0.4216811E-03    0.1741635E-03    0.3431028E-04   -0.3600954E-05   -0.7938301E+00    0.1874298E+00    0.4648250E+00   -0.8228168E-01    0.1246062E+00    0.1105120E-01    0.1407541E-01   -0.1450623E+00   -0.2531973E-03   -0.1711939E-03   -0.1361902E-02    0.3782941E-03    0.1760713E-04   -0.3652045E-04    0.7962104E-05   -0.4751921E-05    0.6749310E-03
    0.7291689E-06   -0.1269930E-04    0.8497597E-06    0.2446391E-03   -0.1033423E-02    0.5110062E-03    0.4398919E-04    0.5381493E-05   -0.1676484E+00    0.7183028E+00    0.4815364E+00   -0.3752994E+00   -0.8137746E-01    0.1407541E-01    0.8155494E-01    0.8734405E-01   -0.7063832E-04   -0.4604057E-03   -0.3043343E-04    0.3341934E-04    0.1389147E-04   -0.4368040E-04   -0.7319806E-05   -0.2158158E-04   -0.9093153E-03
   -0.2831597E-04    0.6341932E-03   -0.6020428E-04   -0.5514917E-02    0.3286652E-01   -0.1052319E-01   -0.1725891E-02   -0.3279206E-04    0.9274220E+01   -0.5571650E+01   -0.8646392E+01   -0.1571464E+01   -0.2848330E+01   -0.1450623E+00    0.8734405E-01    0.6875216E+01   -0.9276832E-03    0.1379638E-01    0.4289928E-01   -0.5331278E-01   -0.3287665E-03    0.6244061E-03    0.2766028E-03    0.4230203E-03   -0.1587916E-01
    0.1839261E-06    0.2396169E-06    0.1824429E-08   -0.2273774E-04    0.2456288E-05   -0.2700525E-04    0.1669051E-04    0.1200990E-04   -0.4476962E-01   -0.2658574E-01    0.1992657E-01   -0.3565610E-02   -0.8375469E-02   -0.2531973E-03   -0.7063832E-04   -0.9276832E-03    0.3648230E-01    0.3549465E-02   -0.1288827E-03    0.1276118E-03    0.4020445E-04   -0.3907110E-05    0.1318031E-05   -0.1417732E-05    0.2870133E-02
   -0.1354098E-06    0.4772127E-06   -0.3878640E-06   -0.1214323E-03    0.7704678E-04   -0.3028303E-03   -0.7842555E-05   -0.2230199E-05    0.4316703E-01   -0.1510447E+00   -0.2238590E-01    0.3206563E-01   -0.1790135E-01   -0.1711939E-03   -0.4604057E-03    0.1379638E-01    0.3549465E-02    0.3336255E-01   -0.2820260E-02    0.2654031E-02   -0.5906432E-04   -0.6598613E-04   -0.4160770E-04   -0.4035933E-04   -0.4120258E-02
    0.4041966E-06   -0.1212938E-04    0.2762473E-05    0.6945656E-04   -0.8856164E-03    0.1425050E-03    0.1959344E-04    0.8605999E-05   -0.8350260E-01   -0.7579050E-01    0.6033611E+00   -0.4707688E+00   -0.4006824E-01   -0.1361902E-02   -0.3043343E-04    0.4289928E-01   -0.1288827E-03   -0.2820260E-02    0.1338371E-01    0.1151272E-01    0.1464888E-06    0.6900729E-04    0.8639026E-05   -0.1868859E-04   -0.1249601E-02
   -0.8809017E-06    0.9097941E-05    0.8947822E-07   -0.1324608E-03    0.1435452E-03   -0.2460769E-03   -0.3087214E-04   -0.5762793E-06   -0.1725439E+00    0.1217657E+00   -0.9863163E-01   -0.4401632E-02    0.5406505E-01    0.3782941E-03    0.3341934E-04   -0.5331278E-01    0.1276118E-03    0.2654031E-02    0.1151272E-01    0.3160255E-01    0.4863889E-05    0.9831569E-04   -0.1460515E-04    0.8737246E-05   -0.3260553E-02
    0.3201501E-08   -0.1761211E-07    0.1636232E-08    0.1305917E-06   -0.1532973E-05    0.7347331E-06   -0.3578567E-06   -0.2966531E-08    0.5827871E-02    0.2789314E-03    0.1193733E-02   -0.3018755E-03    0.3788642E-03    0.1760713E-04    0.1389147E-04   -0.3287665E-03    0.4020445E-04   -0.5906432E-04    0.1464888E-06    0.4863889E-05    0.9239338E-06   -0.3918823E-07    0.1001284E-06    0.3273938E-06   -0.5744834E-04
   -0.4364805E-08    0.1943458E-06   -0.1681435E-07   -0.1894034E-05    0.1212425E-04   -0.3233595E-05   -0.2181573E-06    0.3950584E-07    0.7667581E-02   -0.5738291E-03   -0.1136301E-01    0.5073528E-02   -0.8848352E-03   -0.3652045E-04   -0.4368040E-04    0.6244061E-03   -0.3907110E-05   -0.6598613E-04    0.6900729E-04    0.9831569E-04   -0.3918823E-07    0.3174998E-05    0.5225657E-06    0.4521349E-06   -0.4329307E-04
   -0.6760712E-07    0.1122684E-05   -0.1838680E-06   -0.1807686E-04    0.7022459E-04   -0.3365656E-04    0.8234676E-06   -0.1131531E-06    0.5053162E-02    0.3073940E-02    0.3391441E-03    0.8019194E-03   -0.2482533E-03    0.7962104E-05   -0.7319806E-05    0.2766028E-03    0.1318031E-05   -0.4160770E-04    0.8639026E-05   -0.1460515E-04    0.1001284E-06    0.5225657E-06    0.2033995E-04    0.6598003E-05    0.3898403E-04
   -0.9440249E-07    0.2174895E-05   -0.2561112E-06   -0.4069161E-05    0.1914208E-03   -0.6808291E-06    0.4346444E-05    0.2354830E-06    0.1073050E-01    0.5725278E-02   -0.1671123E-02    0.2852349E-02   -0.4869383E-03   -0.4751921E-05   -0.2158158E-04    0.4230203E-03   -0.1417732E-05   -0.4035933E-04   -0.1868859E-04    0.8737246E-05    0.3273938E-06    0.4521349E-06    0.6598003E-05    0.1948261E-04    0.3791707E-04
   -0.3034296E-05   -0.3310945E-04    0.1970121E-05   -0.1185209E-04   -0.8982998E-03   -0.1221069E-03    0.1875149E-04   -0.1426830E-04    0.9472687E+00   -0.3981683E-01    0.2306689E+00   -0.1177151E+00    0.3695525E-01    0.6749310E-03   -0.9093153E-03   -0.1587916E-01    0.2870133E-02   -0.4120258E-02   -0.1249601E-02   -0.3260553E-02   -0.5744834E-04   -0.4329307E-04    0.3898403E-04    0.3791707E-04    0.9854870E+00
