# omegabh2 omegach2 theta tau mnu nnu logA ns calPlanck acib217 xi asz143 aps100 aps143 aps143217 aps217 aksz kgal100 kgal143 kgal143217 kgal217 cal0 cal2
    0.8581861E-07   -0.1365872E-06    0.6162331E-07    0.2457213E-05   -0.1678384E-04    0.2195282E-04    0.4848361E-05    0.2009333E-05    0.3645842E-07   -0.1819533E-03    0.2748561E-05    0.5963853E-04   -0.8684346E-03   -0.5067747E-03   -0.1516629E-03   -0.4437125E-04   -0.5739598E-04   -0.3566727E-05   -0.9959334E-06    0.1185451E-04    0.7761634E-04    0.2680454E-08   -0.1330651E-07
   -0.1365872E-06    0.8648405E-05   -0.8346388E-06   -0.1549079E-04    0.6734807E-04    0.2540804E-03   -0.1185596E-04   -0.3309910E-05   -0.1294134E-06    0.2769901E-02   -0.4598162E-04   -0.6781947E-03    0.9931267E-02    0.5058131E-02    0.7095225E-03   -0.1142606E-02    0.1163241E-02    0.8066498E-04   -0.9151723E-04   -0.2009295E-03   -0.1105149E-02    0.1721679E-07    0.2745357E-06
    0.6162331E-07   -0.8346388E-06    0.2721985E-06    0.2324731E-05   -0.2688246E-04   -0.1403905E-04    0.3118803E-05    0.1330946E-05    0.3308694E-07   -0.3424168E-03    0.3238441E-05    0.1015133E-03   -0.1293670E-02   -0.6253666E-03   -0.7237751E-04    0.1391043E-03   -0.1391308E-03   -0.1976827E-04    0.1152002E-04    0.6802703E-04    0.1664144E-03    0.6919723E-08   -0.4388524E-07
    0.2457213E-05   -0.1549079E-04    0.2324731E-05    0.4504652E-03    0.1764097E-03    0.6928737E-03    0.8638628E-03    0.1033828E-03    0.7908359E-06   -0.1483404E-01    0.1538002E-04    0.4650672E-02   -0.7667700E-01   -0.2796999E-01   -0.1997364E-02    0.1200702E-01   -0.7820443E-02    0.8148849E-03   -0.5647606E-03   -0.1644499E-02    0.1648860E-02    0.1577465E-06   -0.1992421E-05
   -0.1678384E-04    0.6734807E-04   -0.2688246E-04    0.1764097E-03    0.2519174E-01   -0.1935929E-02    0.4238486E-03   -0.3606253E-03    0.2509137E-04    0.5809433E-01   -0.6082494E-03   -0.1295195E-01    0.2141724E+00    0.1608635E+00    0.6908786E-01    0.2728906E-01    0.2283744E-01    0.5315378E-02    0.3044263E-02    0.1157234E-01    0.1170901E-01   -0.1354602E-05    0.1223334E-04
    0.2195282E-04    0.2540804E-03   -0.1403905E-04    0.6928737E-03   -0.1935929E-02    0.2431115E-01    0.2007406E-02    0.1036252E-02    0.2235023E-04    0.1245092E+00   -0.2145606E-02   -0.3005191E-01    0.4681473E+00    0.1838308E+00   -0.1282219E-01   -0.9665407E-01    0.6357087E-01    0.6168897E-02    0.3470557E-03   -0.1286942E-01   -0.4884849E-01   -0.1362382E-06    0.9751301E-05
    0.4848361E-05   -0.1185596E-04    0.3118803E-05    0.8638628E-03    0.4238486E-03    0.2007406E-02    0.1724163E-02    0.2016450E-03    0.1325538E-04   -0.2336334E-01   -0.3278526E-04    0.7938880E-02   -0.1273448E+00   -0.4272133E-01    0.7073687E-03    0.2640761E-01   -0.1419110E-01    0.1528221E-02   -0.1724948E-02   -0.3901614E-02    0.2454473E-02    0.5353585E-06   -0.3544064E-05
    0.2009333E-05   -0.3309910E-05    0.1330946E-05    0.1033828E-03   -0.3606253E-03    0.1036252E-02    0.2016450E-03    0.9028359E-04    0.1725766E-05   -0.4853664E-02    0.7187942E-04    0.1264227E-02   -0.2191415E-01   -0.6760770E-02    0.1715909E-02    0.5099104E-02   -0.1881503E-02    0.3606803E-03    0.3065807E-04   -0.6426793E-03    0.6726744E-03   -0.1720884E-06   -0.6613972E-06
    0.3645842E-07   -0.1294134E-06    0.3308694E-07    0.7908359E-06    0.2509137E-04    0.2235023E-04    0.1325538E-04    0.1725766E-05    0.6009974E-05    0.9372338E-03   -0.1325470E-05    0.4558222E-04    0.3061954E-02    0.8180363E-03    0.6275010E-03    0.9108470E-03   -0.5602542E-04    0.1462684E-04    0.6306143E-04   -0.2153459E-05    0.5364747E-03   -0.3682781E-07   -0.5676276E-07
   -0.1819533E-03    0.2769901E-02   -0.3424168E-03   -0.1483404E-01    0.5809433E-01    0.1245092E+00   -0.2336334E-01   -0.4853664E-02    0.9372338E-03    0.5199837E+02   -0.3997367E+00   -0.2172520E+01    0.5218647E+02    0.5170024E+01   -0.1956082E+02   -0.6900980E+02    0.1373522E+01   -0.3581118E-01   -0.2966523E-01   -0.4209484E+01   -0.2774984E+02   -0.4125623E-04    0.4756193E-02
    0.2748561E-05   -0.4598162E-04    0.3238441E-05    0.1538002E-04   -0.6082494E-03   -0.2145606E-02   -0.3278526E-04    0.7187942E-04   -0.1325470E-05   -0.3997367E+00    0.8157358E-01   -0.8363715E-01   -0.2175101E+00    0.8501840E+00    0.1525112E+01    0.5341765E+00    0.7080923E-01    0.6117617E-03    0.1342299E-01    0.8669149E-01    0.9418045E-01    0.4173394E-05   -0.1063223E-04
    0.5963853E-04   -0.6781947E-03    0.1015133E-03    0.4650672E-02   -0.1295195E-01   -0.3005191E-01    0.7938880E-02    0.1264227E-02    0.4558222E-04   -0.2172520E+01   -0.8363715E-01    0.3942893E+01   -0.3165886E+02   -0.4126701E+01    0.8271763E+01    0.7766459E+01   -0.3236416E+01   -0.2462711E+00   -0.2848923E-01    0.2417549E+01    0.2276780E+01    0.1801897E-03   -0.4164865E-03
   -0.8684346E-03    0.9931267E-02   -0.1293670E-02   -0.7667700E-01    0.2141724E+00    0.4681473E+00   -0.1273448E+00   -0.2191415E-01    0.3061954E-02    0.5218647E+02   -0.2175101E+00   -0.3165886E+02    0.7420589E+03    0.7974244E+02   -0.5830580E+02   -0.8086891E+02    0.1869327E+02   -0.4024234E+00    0.4695613E+00   -0.1458582E+02   -0.2505271E+02    0.4482490E-02    0.5170281E-02
   -0.5067747E-03    0.5058131E-02   -0.6253666E-03   -0.2796999E-01    0.1608635E+00    0.1838308E+00   -0.4272133E-01   -0.6760770E-02    0.8180363E-03    0.5170024E+01    0.8501840E+00   -0.4126701E+01    0.7974244E+02    0.6404806E+02    0.4078075E+02    0.1475484E+02   -0.4191728E+01   -0.3249573E+00   -0.1185100E+01    0.3958612E+01    0.3487807E+01    0.1139721E-03    0.7586738E-03
   -0.1516629E-03    0.7095225E-03   -0.7237751E-04   -0.1997364E-02    0.6908786E-01   -0.1282219E-01    0.7073687E-03    0.1715909E-02    0.6275010E-03   -0.1956082E+02    0.1525112E+01    0.8271763E+01   -0.5830580E+02    0.4078075E+02    0.8964113E+02    0.6596994E+02   -0.1372772E+02   -0.8503573E+00   -0.5903345E+00    0.4493497E+01    0.6358560E+01    0.5541116E-03   -0.2492840E-02
   -0.4437125E-04   -0.1142606E-02    0.1391043E-03    0.1200702E-01    0.2728906E-01   -0.9665407E-01    0.2640761E-01    0.5099104E-02    0.9108470E-03   -0.6900980E+02    0.5341765E+00    0.7766459E+01   -0.8086891E+02    0.1475484E+02    0.6596994E+02    0.1309254E+03   -0.1256013E+02   -0.6067494E+00   -0.3556551E+00    0.2289044E+01    0.2521973E+02    0.3943361E-03   -0.8081200E-02
   -0.5739598E-04    0.1163241E-02   -0.1391308E-03   -0.7820443E-02    0.2283744E-01    0.6357087E-01   -0.1419110E-01   -0.1881503E-02   -0.5602542E-04    0.1373522E+01    0.7080923E-01   -0.3236416E+01    0.1869327E+02   -0.4191728E+01   -0.1372772E+02   -0.1256013E+02    0.7260580E+01    0.2503777E+00    0.7351119E-01   -0.2244122E+01   -0.2142647E+01   -0.1155843E-03    0.2540349E-03
   -0.3566727E-05    0.8066498E-04   -0.1976827E-04    0.8148849E-03    0.5315378E-02    0.6168897E-02    0.1528221E-02    0.3606803E-03    0.1462684E-04   -0.3581118E-01    0.6117617E-03   -0.2462711E+00   -0.4024234E+00   -0.3249573E+00   -0.8503573E+00   -0.6067494E+00    0.2503777E+00    0.3125097E+01    0.7814510E+00    0.3402599E+00    0.5024433E+00    0.3744486E-03    0.1175635E-04
   -0.9959334E-06   -0.9151723E-04    0.1152002E-04   -0.5647606E-03    0.3044263E-02    0.3470557E-03   -0.1724948E-02    0.3065807E-04    0.6306143E-04   -0.2966523E-01    0.1342299E-01   -0.2848923E-01    0.4695613E+00   -0.1185100E+01   -0.5903345E+00   -0.3556551E+00    0.7351119E-01    0.7814510E+00    0.3222234E+01    0.2360906E+01    0.1271787E+01   -0.4506311E-03   -0.2824224E-03
    0.1185451E-04   -0.2009295E-03    0.6802703E-04   -0.1644499E-02    0.1157234E-01   -0.1286942E-01   -0.3901614E-02   -0.6426793E-03   -0.2153459E-05   -0.4209484E+01    0.8669149E-01    0.2417549E+01   -0.1458582E+02    0.3958612E+01    0.4493497E+01    0.2289044E+01   -0.2244122E+01    0.3402599E+00    0.2360906E+01    0.1852644E+02    0.2883599E+02   -0.1147784E-03    0.2497808E-02
    0.7761634E-04   -0.1105149E-02    0.1664144E-03    0.1648860E-02    0.1170901E-01   -0.4884849E-01    0.2454473E-02    0.6726744E-03    0.5364747E-03   -0.2774984E+02    0.9418045E-01    0.2276780E+01   -0.2505271E+02    0.3487807E+01    0.6358560E+01    0.2521973E+02   -0.2142647E+01    0.5024433E+00    0.1271787E+01    0.2883599E+02    0.6552894E+02   -0.1051918E-03    0.4343192E-02
    0.2680454E-08    0.1721679E-07    0.6919723E-08    0.1577465E-06   -0.1354602E-05   -0.1362382E-06    0.5353585E-06   -0.1720884E-06   -0.3682781E-07   -0.4125623E-04    0.4173394E-05    0.1801897E-03    0.4482490E-02    0.1139721E-03    0.5541116E-03    0.3943361E-03   -0.1155843E-03    0.3744486E-03   -0.4506311E-03   -0.1147784E-03   -0.1051918E-03    0.5441977E-06    0.4218982E-07
   -0.1330651E-07    0.2745357E-06   -0.4388524E-07   -0.1992421E-05    0.1223334E-04    0.9751301E-05   -0.3544064E-05   -0.6613972E-06   -0.5676276E-07    0.4756193E-02   -0.1063223E-04   -0.4164865E-03    0.5170281E-02    0.7586738E-03   -0.2492840E-02   -0.8081200E-02    0.2540349E-03    0.1175635E-04   -0.2824224E-03    0.2497808E-02    0.4343192E-02    0.4218982E-07    0.2119168E-05
