# omegabh2 omegach2 theta tau yhe ns logA aps100 aps143 aps217 acib143 acib217 asz143 psr cibr ncib cal0 cal2 xi aksz bm_1_1 bm_1_2 bm_1_3 bm_1_4 bm_1_5 bm_2_1 bm_2_2 bm_2_3 bm_2_4 bm_2_5 bm_3_1 bm_3_2 bm_3_3 bm_3_4 bm_3_5 bm_4_1 bm_4_2 bm_4_3 bm_4_4 bm_4_5 a_ps_act_148 a_ps_act_217 a_ps_spt_95 a_ps_spt_150 a_ps_spt_220 r_ps_spt_95x150 r_ps_spt_95x220 r_ps_150x220 act_dust_s act_dust_e cal_acts_148 cal_acts_217 cal_acte_148 cal_acte_217 cal_spt_95 cal_spt_150 cal_spt_220
    0.14704E-06   -0.62757E-06    0.30766E-06    0.22871E-05    0.57587E-05    0.40298E-05    0.48107E-05    0.65808E-03    0.30142E-03    0.24888E-03    0.34847E-05   -0.31332E-04   -0.12310E-05    0.49861E-06    0.28771E-06   -0.85634E-06    0.89323E-09    0.46517E-09    0.27366E-05    0.45572E-04    0.74114E-05   -0.82885E-05   -0.21339E-06    0.31373E-05    0.11110E-05    0.53892E-05   -0.78524E-05    0.23346E-05   -0.32642E-06    0.28379E-05    0.65393E-05    0.52727E-05    0.29702E-05    0.27095E-06   -0.70818E-05    0.91307E-05   -0.34590E-07   -0.31596E-05   -0.53421E-05    0.18414E-05   -0.99529E-05   -0.30957E-04   -0.21981E-04   -0.14945E-04   -0.47361E-04    0.47627E-06    0.12459E-05    0.21862E-06    0.93176E-07    0.49925E-06   -0.11687E-06   -0.21023E-06   -0.17137E-06   -0.20166E-06   -0.33078E-06   -0.31223E-06   -0.20613E-06
   -0.62757E-06    0.79764E-05   -0.13669E-05   -0.15886E-04   -0.16496E-04   -0.25073E-04   -0.17299E-04    0.11993E-03    0.58238E-03    0.27187E-03    0.14589E-04    0.31508E-03    0.29214E-04    0.36440E-05   -0.93130E-06    0.48900E-05   -0.44265E-08   -0.25418E-10   -0.17432E-04   -0.35673E-03    0.59984E-04    0.49391E-05   -0.17644E-04   -0.51925E-04    0.12528E-04   -0.33174E-05    0.35987E-04   -0.37781E-04    0.45038E-04   -0.54563E-04   -0.54883E-04   -0.16734E-04   -0.73770E-05   -0.58797E-04    0.20857E-04   -0.46074E-04    0.14807E-04    0.28722E-05    0.68849E-04    0.77186E-05    0.31095E-04   -0.22494E-03    0.44116E-04    0.79525E-05   -0.11583E-03    0.29959E-05   -0.33577E-05   -0.18817E-05    0.48440E-05    0.12689E-06   -0.64135E-06   -0.25339E-06   -0.47496E-06   -0.49526E-06   -0.13370E-05   -0.63680E-06   -0.94276E-06
    0.30766E-06   -0.13669E-05    0.11351E-05    0.56139E-05    0.18783E-04    0.11594E-04    0.13499E-04    0.34064E-02    0.30385E-02    0.26290E-02    0.15901E-04   -0.29773E-03   -0.77886E-04    0.40306E-05    0.12681E-05   -0.67393E-05    0.50573E-08    0.24295E-08    0.26174E-04    0.31705E-03    0.59210E-04    0.93082E-05    0.26880E-05    0.10168E-04    0.11652E-04    0.44993E-05   -0.25191E-04    0.85450E-05   -0.14683E-04    0.50921E-05    0.18584E-04    0.40856E-04    0.35895E-05    0.11112E-04   -0.15250E-04    0.16755E-04    0.57673E-05   -0.11577E-04   -0.12413E-04   -0.33234E-05   -0.50355E-04   -0.27159E-03   -0.11309E-03   -0.10173E-03   -0.32184E-03    0.30358E-05    0.60647E-05    0.91268E-06    0.19091E-05    0.24509E-05   -0.13841E-05   -0.18341E-05   -0.16311E-05   -0.17433E-05   -0.32455E-05   -0.29722E-05   -0.19311E-05
    0.22871E-05   -0.15886E-04    0.56139E-05    0.21592E-03    0.10512E-03    0.91776E-04    0.42078E-03   -0.10796E-01    0.98965E-03    0.11515E-02    0.45288E-05    0.49759E-03    0.21896E-03    0.77197E-05   -0.14563E-05    0.10217E-04   -0.75563E-09   -0.40711E-07   -0.41679E-04   -0.44129E-03   -0.73119E-04   -0.17073E-03    0.10463E-04    0.25287E-04    0.11149E-03    0.80254E-04   -0.34216E-04   -0.67063E-04   -0.13402E-03    0.11688E-03    0.21574E-04    0.14318E-03    0.17790E-03   -0.14849E-04   -0.28179E-03    0.12925E-03   -0.10985E-03    0.93286E-04   -0.79268E-04   -0.30938E-04   -0.10799E-03   -0.84728E-03    0.17461E-03   -0.19462E-03   -0.11192E-02   -0.20128E-04   -0.93085E-05    0.33813E-06   -0.30145E-04    0.20041E-04   -0.15331E-05   -0.34755E-05   -0.24402E-05   -0.22127E-05   -0.13486E-05   -0.54554E-05   -0.66504E-06
    0.57587E-05   -0.16496E-04    0.18783E-04    0.10512E-03    0.48028E-03    0.24038E-03    0.30273E-03    0.92129E-01    0.92818E-01    0.77320E-01    0.38068E-03   -0.62115E-02   -0.17568E-02    0.15401E-03    0.41696E-04   -0.15203E-03    0.54628E-07   -0.15679E-06    0.64257E-03    0.76885E-02    0.16763E-02    0.43009E-03   -0.15934E-04    0.11685E-03    0.21608E-03    0.15902E-03   -0.61651E-03    0.79950E-05   -0.28812E-03    0.83807E-04    0.44498E-03    0.84455E-03    0.18762E-03    0.36132E-04   -0.19739E-03    0.48891E-03   -0.11757E-05   -0.35006E-03   -0.11610E-03   -0.18473E-03   -0.15138E-02   -0.10062E-01   -0.36741E-02   -0.30266E-02   -0.11597E-01    0.10552E-03    0.18102E-03    0.23620E-04    0.64651E-04    0.94207E-04   -0.44936E-04   -0.57651E-04   -0.49437E-04   -0.52870E-04   -0.96031E-04   -0.90974E-04   -0.64969E-04
    0.40298E-05   -0.25073E-04    0.11594E-04    0.91776E-04    0.24038E-03    0.17514E-03    0.18660E-03    0.78457E-02    0.23962E-01    0.22956E-01    0.38394E-04   -0.24742E-02   -0.33984E-03    0.37881E-04    0.15055E-04   -0.51618E-04   -0.23171E-07    0.23936E-06    0.18672E-03    0.29817E-02    0.38202E-03   -0.13208E-03    0.16526E-04    0.18046E-03    0.78919E-04    0.44915E-03   -0.22181E-03    0.97750E-04   -0.27196E-03    0.13985E-03    0.38790E-03    0.34402E-03    0.13404E-05    0.13079E-03   -0.19171E-03    0.62653E-03    0.96191E-04   -0.67958E-04   -0.21809E-03   -0.91016E-04   -0.63212E-03   -0.29870E-02   -0.14003E-02   -0.11426E-02   -0.39967E-02    0.21326E-04    0.60244E-04    0.13939E-04    0.17916E-04    0.32070E-04   -0.12116E-04   -0.18761E-04   -0.14740E-04   -0.16875E-04   -0.28419E-04   -0.29534E-04   -0.20545E-04
    0.48107E-05   -0.17299E-04    0.13499E-04    0.42078E-03    0.30273E-03    0.18660E-03    0.88522E-03   -0.57917E-02    0.25748E-01    0.22618E-01    0.67595E-04    0.36158E-03    0.82588E-04    0.62895E-04    0.10343E-05    0.15203E-05    0.53377E-07    0.16796E-06   -0.54202E-05    0.53669E-04    0.89422E-03   -0.13635E-03   -0.54612E-04   -0.21082E-04    0.34936E-03    0.55747E-03   -0.41535E-04   -0.22827E-03   -0.18867E-03    0.25575E-04    0.81573E-04    0.51723E-03    0.33149E-03   -0.20837E-03   -0.65035E-03    0.55049E-03    0.30826E-05    0.16414E-03    0.41963E-04   -0.56662E-04   -0.57158E-03   -0.50246E-02   -0.39643E-03   -0.12102E-02   -0.58711E-02   -0.17437E-04    0.42247E-05    0.21385E-05   -0.32760E-04    0.71068E-04   -0.15871E-04   -0.23057E-04   -0.18530E-04   -0.19638E-04   -0.31526E-04   -0.36487E-04   -0.21619E-04
    0.65808E-03    0.11993E-03    0.34064E-02   -0.10796E-01    0.92129E-01    0.78457E-02   -0.57917E-02    0.16099E+04    0.97676E+02    0.36322E+02    0.57777E+00   -0.91989E+00   -0.95208E+01   -0.44062E-02   -0.70818E-01   -0.75038E-01    0.13660E-02   -0.33058E-02    0.96501E+00    0.72888E+01    0.16522E+02   -0.64340E+01    0.52582E+00    0.23180E+00   -0.59653E+00   -0.22750E+01   -0.51218E+01   -0.75393E+00   -0.83440E+00   -0.13696E+01    0.31462E+00    0.71155E+00    0.33822E+00   -0.84468E+00   -0.34974E+01   -0.83270E+00   -0.21005E+01   -0.28869E+01   -0.52767E+00    0.24217E+01   -0.35524E-01   -0.36440E+01    0.44325E+01   -0.12074E+01    0.46536E+00   -0.45517E-01   -0.30739E+00   -0.67415E-01    0.65889E-01   -0.12464E-01   -0.32923E-01   -0.13236E-01   -0.33670E-01   -0.62080E-02   -0.82474E-01   -0.46408E-01   -0.71718E-02
    0.30142E-03    0.58238E-03    0.30385E-02    0.98965E-03    0.92818E-01    0.23962E-01    0.25748E-01    0.97676E+02    0.82698E+02    0.32880E+02    0.32720E+00   -0.10720E+01   -0.21630E+01    0.59974E-01    0.24231E-01   -0.57182E-01    0.18084E-04   -0.94387E-03    0.31332E+00    0.17700E+01    0.26796E+00    0.19387E-01   -0.84629E-01    0.38955E-01    0.79979E-02    0.24299E+00   -0.36954E+00   -0.25025E+00   -0.16158E+00    0.38839E-01   -0.17608E+00    0.35018E+00    0.69539E-02   -0.19599E-01    0.12426E+00    0.16721E+00   -0.19018E+00   -0.39343E+00    0.16043E-01    0.34077E-01   -0.12077E-01   -0.35500E+01    0.24730E+00   -0.79029E+00   -0.31267E+01    0.30689E-01   -0.13524E-01   -0.26584E-01    0.27732E-01    0.53604E-01   -0.21923E-01   -0.20074E-01   -0.22381E-01   -0.17208E-01   -0.44787E-01   -0.36877E-01   -0.21579E-01
    0.24888E-03    0.27187E-03    0.26290E-02    0.11515E-02    0.77320E-01    0.22956E-01    0.22618E-01    0.36322E+02    0.32880E+02    0.10962E+03   -0.94149E+00   -0.35442E+02    0.15865E+00   -0.32297E+00   -0.35866E-01   -0.48757E+00    0.36191E-04   -0.10970E-03    0.11736E+00    0.20014E+01    0.22087E+00    0.40243E+00   -0.77426E-01   -0.12058E+00    0.99641E-01    0.15730E-04   -0.12275E+00   -0.35796E-01   -0.78624E-01    0.28967E+00    0.10616E+00    0.51787E+00   -0.77658E-01    0.51942E+00    0.23461E+00    0.11701E+00   -0.74105E-01    0.54274E-01    0.10988E-01   -0.10637E+00   -0.24893E-01    0.16162E+02   -0.15437E+01    0.28264E-01    0.67536E+01   -0.17306E-01   -0.48253E-01    0.19804E-02    0.40948E-01    0.63506E-01   -0.13910E-01   -0.37592E-01   -0.14162E-01   -0.39696E-01   -0.26135E-01   -0.24896E-01   -0.67617E-01
    0.34847E-05    0.14589E-04    0.15901E-04    0.45288E-05    0.38068E-03    0.38394E-04    0.67595E-04    0.57777E+00    0.32720E+00   -0.94149E+00    0.63890E+00    0.10716E+01    0.50553E+00    0.25294E-02   -0.30859E-02   -0.37319E-02   -0.25534E-05    0.74247E-04    0.13223E-01   -0.81506E+00   -0.10650E-02   -0.15883E-01   -0.19548E-02   -0.37248E-02   -0.10208E-01   -0.27619E-01    0.10364E-02   -0.92723E-02    0.12867E-01   -0.19958E-01    0.10978E-01   -0.22046E-01    0.38039E-02   -0.11217E-01   -0.86144E-02   -0.14171E-01   -0.61832E-02    0.45564E-02    0.21804E-01    0.84279E-02    0.72639E-01   -0.12101E+00   -0.19449E+00   -0.20390E-02    0.10006E-01    0.47863E-01    0.47048E-01   -0.40420E-02   -0.99451E-03   -0.29721E-02    0.70772E-04    0.31021E-03    0.97434E-04    0.23322E-03   -0.67445E-03    0.58340E-03    0.22446E-02
   -0.31332E-04    0.31508E-03   -0.29773E-03    0.49759E-03   -0.62115E-02   -0.24742E-02    0.36158E-03   -0.91989E+00   -0.10720E+01   -0.35442E+02    0.10716E+01    0.21282E+02    0.16959E+01    0.20134E+00    0.25218E-01    0.29084E+00    0.52710E-05    0.35435E-04   -0.36922E+00   -0.41293E+01    0.16919E+00   -0.23435E+00   -0.13360E-01   -0.26064E-01   -0.60943E-01   -0.36274E-02    0.72508E-01   -0.73516E-01    0.26124E+00   -0.25354E+00   -0.18100E+00   -0.46629E+00    0.17678E-01   -0.38976E+00   -0.23686E+00   -0.14268E+00   -0.30427E-01   -0.13172E-01    0.13158E+00    0.30051E+00   -0.35978E+00   -0.11653E+02    0.15007E+00   -0.67952E+00   -0.72904E+01    0.41741E-01    0.47745E-01   -0.92659E-02   -0.11346E-01   -0.10969E-01   -0.31759E-03    0.72542E-02   -0.93380E-03    0.92553E-02    0.76228E-03   -0.13593E-02    0.21487E-01
   -0.12310E-05    0.29214E-04   -0.77886E-04    0.21896E-03   -0.17568E-02   -0.33984E-03    0.82588E-04   -0.95208E+01   -0.21630E+01    0.15865E+00    0.50553E+00    0.16959E+01    0.17732E+01    0.14042E-01    0.18642E-01    0.13898E-01    0.25378E-05   -0.11818E-03   -0.18099E+00   -0.21609E+01    0.41668E-01   -0.33298E-02   -0.94947E-02   -0.25871E-01   -0.12857E-01    0.30126E-01    0.20578E-01   -0.17769E-01    0.16652E-01   -0.27494E-01   -0.61107E-01   -0.32096E-01   -0.14080E-01   -0.28628E-01   -0.12504E-01   -0.18074E-01   -0.23728E-02   -0.13154E-02    0.63363E-02    0.20448E-01   -0.56444E-01   -0.57424E+00   -0.68830E+00   -0.69492E-01   -0.95626E+00    0.40124E-01    0.64646E-01   -0.14096E-02   -0.18021E-02   -0.47396E-03    0.67093E-03   -0.19680E-02    0.57480E-03   -0.20743E-02    0.37050E-02    0.90568E-03   -0.11098E-02
    0.49861E-06    0.36440E-05    0.40306E-05    0.77197E-05    0.15401E-03    0.37881E-04    0.62895E-04   -0.44062E-02    0.59974E-01   -0.32297E+00    0.25294E-02    0.20134E+00    0.14042E-01    0.40074E-02   -0.50614E-04    0.28955E-02    0.13020E-06   -0.18140E-05   -0.74724E-03   -0.13564E-01    0.17788E-02    0.12498E-02    0.29459E-03    0.45977E-03   -0.11215E-03    0.10548E-02   -0.24454E-02    0.75108E-03   -0.15667E-02   -0.23109E-04   -0.12039E-02    0.70827E-03    0.11589E-03   -0.93142E-03   -0.24326E-03    0.22235E-03    0.41253E-04   -0.28522E-02   -0.28411E-02   -0.18798E-02   -0.15697E-02   -0.14380E+00   -0.71601E-02   -0.41888E-02   -0.98262E-01    0.38843E-03    0.14491E-02    0.35357E-03    0.12492E-03    0.67249E-04   -0.40232E-04   -0.17218E-04   -0.50911E-04    0.16721E-04   -0.11771E-04   -0.83301E-04    0.13989E-03
    0.28771E-06   -0.93130E-06    0.12681E-05   -0.14563E-05    0.41696E-04    0.15055E-04    0.10343E-05   -0.70818E-01    0.24231E-01   -0.35866E-01   -0.30859E-02    0.25218E-01    0.18642E-01   -0.50614E-04    0.27401E-02   -0.23571E-03    0.15499E-06    0.38745E-05   -0.36318E-03   -0.10948E-01    0.23640E-03   -0.30884E-03    0.16427E-03   -0.83592E-03    0.85752E-04   -0.18876E-02   -0.34470E-03    0.40544E-03    0.18130E-03   -0.87846E-03    0.96665E-03   -0.34382E-03    0.64536E-03   -0.52323E-03   -0.16225E-03   -0.98922E-03    0.18412E-03    0.32524E-04    0.23421E-03    0.48742E-03    0.58682E-02    0.18331E-02   -0.11359E-01    0.34083E-02    0.37916E-02    0.13797E-03    0.14790E-02   -0.39090E-03   -0.11303E-03   -0.91961E-05   -0.45630E-05    0.36117E-04   -0.30314E-06    0.31912E-04    0.50370E-04   -0.71009E-05    0.64567E-04
   -0.85634E-06    0.48900E-05   -0.67393E-05    0.10217E-04   -0.15203E-03   -0.51618E-04    0.15203E-05   -0.75038E-01   -0.57182E-01   -0.48757E+00   -0.37319E-02    0.29084E+00    0.13898E-01    0.28955E-02   -0.23571E-03    0.53716E-02    0.16765E-07   -0.86397E-05   -0.60967E-02   -0.36181E-01    0.51226E-02   -0.62004E-02   -0.17954E-02   -0.10053E-02   -0.79884E-03    0.23491E-02    0.44587E-02   -0.34578E-02    0.88883E-02   -0.57660E-02   -0.71972E-02   -0.12190E-01    0.14000E-03   -0.89181E-02   -0.61961E-02   -0.35568E-02   -0.79950E-03    0.33333E-02    0.65893E-02    0.10470E-01   -0.94745E-02   -0.19289E+00    0.53817E-02   -0.10594E-01   -0.13223E+00   -0.75156E-03   -0.49681E-03    0.25912E-03   -0.12423E-03   -0.37847E-04    0.49305E-05    0.53175E-04   -0.70611E-05    0.91193E-04    0.75210E-04   -0.19301E-04    0.20256E-03
    0.89323E-09   -0.44265E-08    0.50573E-08   -0.75563E-09    0.54628E-07   -0.23171E-07    0.53377E-07    0.13660E-02    0.18084E-04    0.36191E-04   -0.25534E-05    0.52710E-05    0.25378E-05    0.13020E-06    0.15499E-06    0.16765E-07    0.15483E-06    0.58751E-08   -0.12651E-05   -0.21550E-05   -0.28922E-04   -0.13440E-04    0.85463E-07   -0.24273E-05    0.93014E-06    0.80914E-05    0.26310E-06    0.29191E-05    0.25391E-05    0.63432E-05    0.15738E-05   -0.36387E-05    0.35359E-05    0.34942E-05    0.42170E-05    0.73514E-05   -0.31795E-06    0.17891E-07   -0.51528E-05    0.37107E-05   -0.24405E-05   -0.25786E-04   -0.15895E-05   -0.19456E-05   -0.89771E-05   -0.27149E-06   -0.14449E-07   -0.35841E-08    0.51561E-06   -0.41284E-06   -0.45809E-07   -0.60923E-07   -0.13796E-07   -0.27618E-07   -0.68733E-07   -0.13121E-07    0.45419E-08
    0.46517E-09   -0.25418E-10    0.24295E-08   -0.40711E-07   -0.15679E-06    0.23936E-06    0.16796E-06   -0.33058E-02   -0.94387E-03   -0.10970E-03    0.74247E-04    0.35435E-04   -0.11818E-03   -0.18140E-05    0.38745E-05   -0.86397E-05    0.58751E-08    0.11461E-05    0.26568E-04    0.74160E-04    0.79015E-04    0.36969E-04   -0.30762E-05   -0.28155E-04   -0.15075E-05    0.41438E-03    0.33380E-04    0.43803E-05   -0.20367E-04    0.47277E-04   -0.36064E-03    0.31025E-04   -0.86736E-04    0.48230E-04    0.17416E-05    0.66849E-04    0.79012E-04   -0.56968E-04   -0.91463E-04   -0.35188E-05    0.54804E-04    0.26305E-03    0.77406E-04    0.34147E-04    0.36749E-03    0.45514E-05    0.17478E-05   -0.27713E-05   -0.42389E-06   -0.17643E-05    0.27009E-06    0.11287E-05    0.36148E-06    0.10650E-05   -0.17112E-06    0.55575E-06    0.18437E-05
    0.27366E-05   -0.17432E-04    0.26174E-04   -0.41679E-04    0.64257E-03    0.18672E-03   -0.54202E-05    0.96501E+00    0.31332E+00    0.11736E+00    0.13223E-01   -0.36922E+00   -0.18099E+00   -0.74724E-03   -0.36318E-03   -0.60967E-02   -0.12651E-05    0.26568E-04    0.69996E-01    0.38077E+00   -0.59696E-02    0.26347E-02    0.32899E-03    0.24232E-02    0.23893E-02   -0.10385E-01   -0.23216E-02    0.18745E-02   -0.13836E-02    0.38043E-02    0.91436E-02    0.46319E-02    0.40627E-02    0.79388E-02    0.31314E-02   -0.17525E-02   -0.91427E-03    0.22615E-02    0.39393E-03   -0.30410E-02    0.65617E-01    0.12972E+00   -0.97427E-02    0.57505E-01    0.18701E+00    0.59112E-02    0.10649E-01    0.11746E-02    0.52479E-03   -0.27734E-03   -0.41218E-04    0.12198E-03   -0.18271E-04    0.14810E-03   -0.36004E-03    0.99233E-04    0.44947E-03
    0.45572E-04   -0.35673E-03    0.31705E-03   -0.44129E-03    0.76885E-02    0.29817E-02    0.53669E-04    0.72888E+01    0.17700E+01    0.20014E+01   -0.81506E+00   -0.41293E+01   -0.21609E+01   -0.13564E-01   -0.10948E-01   -0.36181E-01   -0.21550E-05    0.74160E-04    0.38077E+00    0.44505E+01   -0.27627E-01    0.40423E-01    0.91882E-02    0.38009E-01    0.32536E-01   -0.24271E-01   -0.23664E-01    0.28134E-01   -0.28474E-01    0.52887E-01    0.54600E-01    0.77656E-01    0.12474E-01    0.60850E-01    0.31581E-01    0.18436E-01    0.92152E-02    0.38733E-02   -0.20310E-01   -0.34306E-01    0.65844E-01    0.10284E+01    0.14218E+00    0.19075E+00    0.14347E+01   -0.35935E-01   -0.14487E-01    0.17301E-01    0.97356E-04   -0.62021E-02   -0.17990E-03    0.14069E-02   -0.11205E-04    0.15078E-02   -0.15584E-02   -0.37239E-04    0.77865E-03
    0.74114E-05    0.59984E-04    0.59210E-04   -0.73119E-04    0.16763E-02    0.38202E-03    0.89422E-03    0.16522E+02    0.26796E+00    0.22087E+00   -0.10650E-02    0.16919E+00    0.41668E-01    0.17788E-02    0.23640E-03    0.51226E-02   -0.28922E-04    0.79015E-04   -0.59696E-02   -0.27627E-01    0.65730E+00   -0.14681E+00    0.50115E-02    0.17698E-01    0.55318E-03    0.19738E+00   -0.50422E-01   -0.37813E-01   -0.13872E-01   -0.70239E-01    0.27489E-01    0.38862E-01   -0.31817E-01   -0.46449E-01   -0.11451E+00    0.16989E+00    0.46028E-01   -0.26049E-01    0.27505E-01    0.76410E-01   -0.17762E-01   -0.21649E+00   -0.22720E-01   -0.25186E-01   -0.18374E+00    0.58958E-04    0.12485E-02    0.49153E-03   -0.12595E-03    0.11957E-03   -0.87764E-04   -0.46542E-03   -0.16326E-03   -0.30704E-03   -0.22413E-03   -0.36169E-03   -0.40278E-03
   -0.82885E-05    0.49391E-05    0.93082E-05   -0.17073E-03    0.43009E-03   -0.13208E-03   -0.13635E-03   -0.64340E+01    0.19387E-01    0.40243E+00   -0.15883E-01   -0.23435E+00   -0.33298E-02    0.12498E-02   -0.30884E-03   -0.62004E-02   -0.13440E-04    0.36969E-04    0.26347E-02    0.40423E-01   -0.14681E+00    0.90164E+00   -0.78219E-02    0.37062E-03    0.72149E-02   -0.15160E+00    0.18813E+00    0.55818E-01   -0.19149E-01    0.43727E-01   -0.11720E+00    0.13337E-01    0.24131E-01    0.21637E-01    0.17020E+00   -0.22247E+00    0.38491E-01    0.11003E+00    0.15487E-01   -0.21936E+00   -0.63014E-02    0.15145E+00   -0.23061E-01    0.12551E-02    0.73102E-01   -0.40454E-03    0.21752E-03    0.48122E-03   -0.15054E-04    0.49140E-03   -0.19826E-03   -0.14561E-03   -0.22771E-03   -0.26013E-03   -0.37914E-03   -0.31174E-03   -0.41109E-03
   -0.21339E-06   -0.17644E-04    0.26880E-05    0.10463E-04   -0.15934E-04    0.16526E-04   -0.54612E-04    0.52582E+00   -0.84629E-01   -0.77426E-01   -0.19548E-02   -0.13360E-01   -0.94947E-02    0.29459E-03    0.16427E-03   -0.17954E-02    0.85463E-07   -0.30762E-05    0.32899E-03    0.91882E-02    0.50115E-02   -0.78219E-02    0.99582E+00   -0.76706E-02    0.89509E-02   -0.45820E-01   -0.23688E-01    0.16984E+00   -0.36069E-01    0.70879E-01   -0.72846E-02    0.32620E-01   -0.27683E-01   -0.63222E-02    0.10104E+00   -0.55843E-01    0.32037E-01    0.12073E-01   -0.19463E+00    0.72537E-01   -0.27512E-04    0.11160E-01    0.58163E-02   -0.15486E-02    0.46881E-01   -0.53128E-03   -0.99419E-03   -0.17346E-03   -0.11266E-02   -0.52659E-03    0.23876E-04   -0.31988E-04    0.26548E-04    0.72855E-04    0.10803E-03   -0.27504E-04    0.11977E-03
    0.31373E-05   -0.51925E-04    0.10168E-04    0.25287E-04    0.11685E-03    0.18046E-03   -0.21082E-04    0.23180E+00    0.38955E-01   -0.12058E+00   -0.37248E-02   -0.26064E-01   -0.25871E-01    0.45977E-03   -0.83592E-03   -0.10053E-02   -0.24273E-05   -0.28155E-04    0.24232E-02    0.38009E-01    0.17698E-01    0.37062E-03   -0.76706E-02    0.10065E+01   -0.11013E-01    0.64089E-01   -0.83948E-01    0.72541E-01   -0.99956E-01    0.45200E-01    0.78119E-01    0.11255E+00    0.50031E-01    0.14262E+00   -0.10751E+00    0.98923E-01    0.44996E-01   -0.42422E-02   -0.11584E+00    0.42433E-01    0.60149E-03    0.56030E-01    0.70800E-03   -0.12204E-02    0.35468E-01   -0.22490E-03   -0.60088E-03    0.42066E-04    0.16876E-02    0.88888E-04   -0.18191E-04    0.15917E-03   -0.17919E-04    0.13111E-03    0.13208E-03    0.15734E-04    0.19380E-03
    0.11110E-05    0.12528E-04    0.11652E-04    0.11149E-03    0.21608E-03    0.78919E-04    0.34936E-03   -0.59653E+00    0.79979E-02    0.99641E-01   -0.10208E-01   -0.60943E-01   -0.12857E-01   -0.11215E-03    0.85752E-04   -0.79884E-03    0.93014E-06   -0.15075E-05    0.23893E-02    0.32536E-01    0.55318E-03    0.72149E-02    0.89509E-02   -0.11013E-01    0.10060E+01    0.38842E-01    0.51873E-01   -0.39386E-01    0.50131E-01    0.80737E-01    0.79292E-01   -0.77058E-01   -0.79356E-01    0.59380E-01    0.59114E-01    0.10484E+00   -0.72137E-01    0.92713E-01   -0.21728E-01   -0.13294E-02    0.25384E-02    0.51007E-01    0.90849E-02    0.14732E-02    0.37243E-01   -0.12093E-02   -0.42864E-03    0.12709E-03    0.71396E-03    0.31886E-03    0.36265E-04    0.21937E-04    0.10338E-04    0.28075E-04    0.67487E-04    0.84894E-04    0.23302E-03
    0.53892E-05   -0.33174E-05    0.44993E-05    0.80254E-04    0.15902E-03    0.44915E-03    0.55747E-03   -0.22750E+01    0.24299E+00    0.15730E-04   -0.27619E-01   -0.36274E-02    0.30126E-01    0.10548E-02   -0.18876E-02    0.23491E-02    0.80914E-05    0.41438E-03   -0.10385E-01   -0.24271E-01    0.19738E+00   -0.15160E+00   -0.45820E-01    0.64089E-01    0.38842E-01    0.79636E+00   -0.31221E-01   -0.12167E-01   -0.20791E-01   -0.32521E-01    0.83948E-01    0.10392E+00   -0.10117E+00    0.91583E-02   -0.62116E-01    0.64260E+00    0.23467E+00   -0.68981E-01   -0.30289E-01    0.81118E-01   -0.11715E-01   -0.10458E-01    0.12634E-01   -0.51608E-05   -0.29661E-01   -0.27914E-02   -0.27010E-02    0.93782E-03    0.10518E-02   -0.13600E-03    0.28016E-03    0.74006E-04    0.28393E-03    0.96243E-04    0.66847E-03    0.37517E-03    0.35873E-04
   -0.78524E-05    0.35987E-04   -0.25191E-04   -0.34216E-04   -0.61651E-03   -0.22181E-03   -0.41535E-04   -0.51218E+01   -0.36954E+00   -0.12275E+00    0.10364E-02    0.72508E-01    0.20578E-01   -0.24454E-02   -0.34470E-03    0.44587E-02    0.26310E-06    0.33380E-04   -0.23216E-02   -0.23664E-01   -0.50422E-01    0.18813E+00   -0.23688E-01   -0.83948E-01    0.51873E-01   -0.31221E-01    0.97896E+00    0.11014E-01    0.13038E-01   -0.36104E-03    0.49319E-01   -0.20628E-01   -0.43577E-01   -0.48581E-02    0.14747E+00   -0.94292E-01    0.24945E+00    0.76966E+00    0.29305E+00   -0.18216E+00    0.30647E-02   -0.89135E-01    0.77117E-03    0.40516E-02   -0.38255E-01    0.10620E-03    0.17320E-02    0.27239E-03   -0.13415E-03   -0.20410E-02    0.17202E-03   -0.18794E-04    0.19288E-03   -0.37445E-04    0.27591E-03    0.25922E-03    0.17058E-03
    0.23346E-05   -0.37781E-04    0.85450E-05   -0.67063E-04    0.79950E-05    0.97750E-04   -0.22827E-03   -0.75393E+00   -0.25025E+00   -0.35796E-01   -0.92723E-02   -0.73516E-01   -0.17769E-01    0.75108E-03    0.40544E-03   -0.34578E-02    0.29191E-05    0.43803E-05    0.18745E-02    0.28134E-01   -0.37813E-01    0.55818E-01    0.16984E+00    0.72541E-01   -0.39386E-01   -0.12167E-01    0.11014E-01    0.97491E+00    0.28506E-03   -0.84017E-02    0.79833E-01   -0.53320E-01    0.13332E+00    0.16347E+00   -0.13829E+00   -0.19794E+00    0.62018E+00    0.14440E+00   -0.60054E+00    0.18101E+00    0.20236E-02    0.91953E-01    0.13780E-01    0.79985E-02    0.74407E-01   -0.14593E-02   -0.14130E-02   -0.65149E-05   -0.39838E-03   -0.75440E-03    0.81081E-04    0.14082E-03    0.12363E-04    0.15573E-03    0.20119E-03   -0.30510E-04   -0.14031E-03
   -0.32642E-06    0.45038E-04   -0.14683E-04   -0.13402E-03   -0.28812E-03   -0.27196E-03   -0.18867E-03   -0.83440E+00   -0.16158E+00   -0.78624E-01    0.12867E-01    0.26124E+00    0.16652E-01   -0.15667E-02    0.18130E-03    0.88883E-02    0.25391E-05   -0.20367E-04   -0.13836E-02   -0.28474E-01   -0.13872E-01   -0.19149E-01   -0.36069E-01   -0.99956E-01    0.50131E-01   -0.20791E-01    0.13038E-01    0.28506E-03    0.99421E+00    0.38735E-03   -0.26099E-01   -0.83804E-01   -0.13831E+00   -0.19929E-01   -0.96913E-01   -0.85933E-01    0.76755E-01   -0.30997E-01    0.30694E+00    0.67382E+00   -0.75217E-02   -0.25428E+00    0.14397E-01   -0.90457E-02   -0.18159E+00    0.88330E-03    0.15263E-02    0.25190E-03   -0.19318E-02   -0.92881E-03   -0.87352E-05   -0.16605E-03    0.61188E-04   -0.41951E-04   -0.37079E-05    0.65463E-04    0.20488E-04
    0.28379E-05   -0.54563E-04    0.50921E-05    0.11688E-03    0.83807E-04    0.13985E-03    0.25575E-04   -0.13696E+01    0.38839E-01    0.28967E+00   -0.19958E-01   -0.25354E+00   -0.27494E-01   -0.23109E-04   -0.87846E-03   -0.57660E-02    0.63432E-05    0.47277E-04    0.38043E-02    0.52887E-01   -0.70239E-01    0.43727E-01    0.70879E-01    0.45200E-01    0.80737E-01   -0.32521E-01   -0.36104E-03   -0.84017E-02    0.38735E-03    0.99627E+00   -0.75185E-01    0.73745E-01    0.37527E-01    0.16103E+00    0.14005E-01    0.94807E-01   -0.57746E+00    0.38968E+00   -0.34778E+00    0.21947E+00    0.16203E-02    0.18347E+00    0.10003E-01    0.68069E-02    0.13463E+00   -0.22834E-02   -0.24876E-02    0.26121E-03    0.78626E-03    0.46056E-04   -0.31505E-04    0.41815E-04    0.30237E-04   -0.32550E-04    0.70101E-04   -0.31205E-04   -0.10913E-03
    0.65393E-05   -0.54883E-04    0.18584E-04    0.21574E-04    0.44498E-03    0.38790E-03    0.81573E-04    0.31462E+00   -0.17608E+00    0.10616E+00    0.10978E-01   -0.18100E+00   -0.61107E-01   -0.12039E-02    0.96665E-03   -0.71972E-02    0.15738E-05   -0.36064E-03    0.91436E-02    0.54600E-01    0.27489E-01   -0.11720E+00   -0.72846E-02    0.78119E-01    0.79292E-01    0.83948E-01    0.49319E-01    0.79833E-01   -0.26099E-01   -0.75185E-01    0.84193E+00    0.94466E-02   -0.22565E-01   -0.60142E-03   -0.56501E-02    0.59073E+00    0.18678E+00    0.10292E+00    0.41547E-01   -0.86346E-01    0.18060E-01    0.22930E+00    0.31868E-01    0.11128E-01    0.22337E+00    0.33769E-03   -0.13517E-02   -0.10879E-02    0.20138E-03   -0.11818E-02    0.63047E-04    0.32730E-03    0.82455E-04    0.30770E-03   -0.13661E-03    0.68933E-04    0.27403E-03
    0.52727E-05   -0.16734E-04    0.40856E-04    0.14318E-03    0.84455E-03    0.34402E-03    0.51723E-03    0.71155E+00    0.35018E+00    0.51787E+00   -0.22046E-01   -0.46629E+00   -0.32096E-01    0.70827E-03   -0.34382E-03   -0.12190E-01   -0.36387E-05    0.31025E-04    0.46319E-02    0.77656E-01    0.38862E-01    0.13337E-01    0.32620E-01    0.11255E+00   -0.77058E-01    0.10392E+00   -0.20628E-01   -0.53320E-01   -0.83804E-01    0.73745E-01    0.94466E-02    0.97182E+00    0.89082E-02   -0.10236E-01   -0.86368E-02    0.92386E-01    0.14765E+00   -0.19572E-01    0.14426E+00    0.16509E+00    0.33678E-02    0.36336E+00   -0.26313E-02    0.11572E-01    0.23108E+00   -0.13155E-02   -0.16865E-02   -0.94645E-05    0.15092E-02    0.41946E-03   -0.22985E-05   -0.59748E-04    0.48961E-06   -0.12280E-03   -0.17957E-03   -0.15767E-03   -0.45311E-03
    0.29702E-05   -0.73770E-05    0.35895E-05    0.17790E-03    0.18762E-03    0.13404E-05    0.33149E-03    0.33822E+00    0.69539E-02   -0.77658E-01    0.38039E-02    0.17678E-01   -0.14080E-01    0.11589E-03    0.64536E-03    0.14000E-03    0.35359E-05   -0.86736E-04    0.40627E-02    0.12474E-01   -0.31817E-01    0.24131E-01   -0.27683E-01    0.50031E-01   -0.79356E-01   -0.10117E+00   -0.43577E-01    0.13332E+00   -0.13831E+00    0.37527E-01   -0.22565E-01    0.89082E-02    0.97401E+00   -0.17080E-02   -0.12039E-01   -0.12722E+00    0.39906E-01    0.17025E+00    0.30198E-01   -0.61602E-01    0.23717E-02   -0.13345E-01   -0.85825E-02    0.45572E-02   -0.36363E-01    0.66045E-03    0.68777E-03   -0.29149E-03    0.22299E-02    0.15149E-02   -0.48928E-04   -0.41402E-04   -0.30894E-04   -0.47236E-04   -0.76959E-04   -0.17482E-03    0.15553E-04
    0.27095E-06   -0.58797E-04    0.11112E-04   -0.14849E-04    0.36132E-04    0.13079E-03   -0.20837E-03   -0.84468E+00   -0.19599E-01    0.51942E+00   -0.11217E-01   -0.38976E+00   -0.28628E-01   -0.93142E-03   -0.52323E-03   -0.89181E-02    0.34942E-05    0.48230E-04    0.79388E-02    0.60850E-01   -0.46449E-01    0.21637E-01   -0.63222E-02    0.14262E+00    0.59380E-01    0.91583E-02   -0.48581E-02    0.16347E+00   -0.19929E-01    0.16103E+00   -0.60142E-03   -0.10236E-01   -0.17080E-02    0.98759E+00    0.28442E-02   -0.12486E-01    0.32206E-01    0.13850E+00   -0.27475E+00    0.12537E+00    0.97789E-02    0.28631E+00    0.13698E-01    0.16298E-01    0.18890E+00   -0.75879E-03   -0.11708E-02   -0.15407E-04   -0.16761E-02   -0.20496E-02   -0.29864E-04   -0.46808E-04   -0.31650E-04    0.98880E-05   -0.16054E-03    0.40529E-04   -0.18915E-03
   -0.70818E-05    0.20857E-04   -0.15250E-04   -0.28179E-03   -0.19739E-03   -0.19171E-03   -0.65035E-03   -0.34974E+01    0.12426E+00    0.23461E+00   -0.86144E-02   -0.23686E+00   -0.12504E-01   -0.24326E-03   -0.16225E-03   -0.61961E-02    0.42170E-05    0.17416E-05    0.31314E-02    0.31581E-01   -0.11451E+00    0.17020E+00    0.10104E+00   -0.10751E+00    0.59114E-01   -0.62116E-01    0.14747E+00   -0.13829E+00   -0.96913E-01    0.14005E-01   -0.56501E-02   -0.86368E-02   -0.12039E-01    0.28442E-02    0.98026E+00   -0.38774E-01   -0.56669E-01    0.32953E-01    0.17156E+00   -0.10530E+00    0.64457E-02    0.17875E+00   -0.13511E-01    0.79998E-02    0.11142E+00    0.50403E-03   -0.16737E-03   -0.59346E-04    0.27516E-02   -0.34646E-03   -0.14717E-04   -0.14746E-04   -0.11474E-03   -0.15562E-03   -0.24408E-03   -0.29064E-04   -0.51073E-04
    0.91307E-05   -0.46074E-04    0.16755E-04    0.12925E-03    0.48891E-03    0.62653E-03    0.55049E-03   -0.83270E+00    0.16721E+00    0.11701E+00   -0.14171E-01   -0.14268E+00   -0.18074E-01    0.22235E-03   -0.98922E-03   -0.35568E-02    0.73514E-05    0.66849E-04   -0.17525E-02    0.18436E-01    0.16989E+00   -0.22247E+00   -0.55843E-01    0.98923E-01    0.10484E+00    0.64260E+00   -0.94292E-01   -0.19794E+00   -0.85933E-01    0.94807E-01    0.59073E+00    0.92386E-01   -0.12722E+00   -0.12486E-01   -0.38774E-01    0.95744E+00   -0.11597E-01   -0.18420E-01    0.91581E-02   -0.18175E-01    0.20635E-02    0.15969E+00    0.26927E-01    0.51945E-02    0.13324E+00   -0.19239E-02   -0.31977E-02   -0.53340E-05    0.10067E-02   -0.53441E-03    0.19831E-03    0.28026E-03    0.24598E-03    0.24794E-03    0.33320E-03    0.29696E-03    0.22460E-03
   -0.34590E-07    0.14807E-04    0.57673E-05   -0.10985E-03   -0.11757E-05    0.96191E-04    0.30826E-05   -0.21005E+01   -0.19018E+00   -0.74105E-01   -0.61832E-02   -0.30427E-01   -0.23728E-02    0.41253E-04    0.18412E-03   -0.79950E-03   -0.31795E-06    0.79012E-04   -0.91427E-03    0.92152E-02    0.46028E-01    0.38491E-01    0.32037E-01    0.44996E-01   -0.72137E-01    0.23467E+00    0.24945E+00    0.62018E+00    0.76755E-01   -0.57746E+00    0.18678E+00    0.14765E+00    0.39906E-01    0.32206E-01   -0.56669E-01   -0.11597E-01    0.98616E+00   -0.63010E-02    0.21657E-01   -0.18684E-02    0.32777E-02    0.34274E-01    0.14794E-01    0.85895E-02    0.37301E-01   -0.58024E-03   -0.25711E-03    0.60370E-04   -0.18864E-03   -0.93826E-03    0.21730E-03    0.22956E-04    0.13016E-03    0.11187E-03    0.31086E-03    0.14943E-03   -0.70190E-04
   -0.31596E-05    0.28722E-05   -0.11577E-04    0.93286E-04   -0.35006E-03   -0.67958E-04    0.16414E-03   -0.28869E+01   -0.39343E+00    0.54274E-01    0.45564E-02   -0.13172E-01   -0.13154E-02   -0.28522E-02    0.32524E-04    0.33333E-02    0.17891E-07   -0.56968E-04    0.22615E-02    0.38733E-02   -0.26049E-01    0.11003E+00    0.12073E-01   -0.42422E-02    0.92713E-01   -0.68981E-01    0.76966E+00    0.14440E+00   -0.30997E-01    0.38968E+00    0.10292E+00   -0.19572E-01    0.17025E+00    0.13850E+00    0.32953E-01   -0.18420E-01   -0.63010E-02    0.99132E+00   -0.11187E-01    0.89273E-02    0.40390E-02   -0.18172E-01    0.46625E-02    0.51582E-02   -0.19996E-01   -0.29049E-04    0.10736E-02    0.49247E-04    0.49498E-03   -0.16857E-02    0.10572E-03    0.16136E-04    0.18072E-03    0.20936E-04    0.22736E-03    0.18185E-03    0.40892E-04
   -0.53421E-05    0.68849E-04   -0.12413E-04   -0.79268E-04   -0.11610E-03   -0.21809E-03    0.41963E-04   -0.52767E+00    0.16043E-01    0.10988E-01    0.21804E-01    0.13158E+00    0.63363E-02   -0.28411E-02    0.23421E-03    0.65893E-02   -0.51528E-05   -0.91463E-04    0.39393E-03   -0.20310E-01    0.27505E-01    0.15487E-01   -0.19463E+00   -0.11584E+00   -0.21728E-01   -0.30289E-01    0.29305E+00   -0.60054E+00    0.30694E+00   -0.34778E+00    0.41547E-01    0.14426E+00    0.30198E-01   -0.27475E+00    0.17156E+00    0.91581E-02    0.21657E-01   -0.11187E-01    0.97186E+00   -0.30074E-02    0.13497E-02   -0.17084E+00   -0.79413E-02   -0.65154E-02   -0.11451E+00    0.30153E-02    0.28772E-02   -0.29330E-03    0.91852E-03   -0.23699E-04    0.13595E-04   -0.22179E-03    0.40585E-04   -0.17202E-03   -0.18490E-03    0.90630E-04    0.14010E-03
    0.18414E-05    0.77186E-05   -0.33234E-05   -0.30938E-04   -0.18473E-03   -0.91016E-04   -0.56662E-04    0.24217E+01    0.34077E-01   -0.10637E+00    0.84279E-02    0.30051E+00    0.20448E-01   -0.18798E-02    0.48742E-03    0.10470E-01    0.37107E-05   -0.35188E-05   -0.30410E-02   -0.34306E-01    0.76410E-01   -0.21936E+00    0.72537E-01    0.42433E-01   -0.13294E-02    0.81118E-01   -0.18216E+00    0.18101E+00    0.67382E+00    0.21947E+00   -0.86346E-01    0.16509E+00   -0.61602E-01    0.12537E+00   -0.10530E+00   -0.18175E-01   -0.18684E-02    0.89273E-02   -0.30074E-02    0.98907E+00   -0.12006E-01   -0.26231E+00    0.18480E-01   -0.12541E-01   -0.24596E+00    0.12586E-03    0.71611E-03    0.19861E-03   -0.90139E-04   -0.77929E-03    0.13994E-04   -0.48925E-04    0.26630E-04    0.20084E-04    0.14259E-03    0.74886E-04   -0.15977E-03
   -0.99529E-05    0.31095E-04   -0.50355E-04   -0.10799E-03   -0.15138E-02   -0.63212E-03   -0.57158E-03   -0.35524E-01   -0.12077E-01   -0.24893E-01    0.72639E-01   -0.35978E+00   -0.56444E-01   -0.15697E-02    0.58682E-02   -0.94745E-02   -0.24405E-05    0.54804E-04    0.65617E-01    0.65844E-01   -0.17762E-01   -0.63014E-02   -0.27512E-04    0.60149E-03    0.25384E-02   -0.11715E-01    0.30647E-02    0.20236E-02   -0.75217E-02    0.16203E-02    0.18060E-01    0.33678E-02    0.23717E-02    0.97789E-02    0.64457E-02    0.20635E-02    0.32777E-02    0.40390E-02    0.13497E-02   -0.12006E-01    0.34906E+00    0.22882E+00    0.21205E-01    0.16466E+00    0.54379E+00    0.13861E-01    0.18036E-01   -0.46171E-02   -0.28258E-02   -0.26504E-02    0.76397E-03    0.98243E-04    0.87935E-03    0.13159E-03   -0.11225E-03    0.42318E-03    0.17582E-02
   -0.30957E-04   -0.22494E-03   -0.27159E-03   -0.84728E-03   -0.10062E-01   -0.29870E-02   -0.50246E-02   -0.36440E+01   -0.35500E+01    0.16162E+02   -0.12101E+00   -0.11653E+02   -0.57424E+00   -0.14380E+00    0.18331E-02   -0.19289E+00   -0.25786E-04    0.26305E-03    0.12972E+00    0.10284E+01   -0.21649E+00    0.15145E+00    0.11160E-01    0.56030E-01    0.51007E-01   -0.10458E-01   -0.89135E-01    0.91953E-01   -0.25428E+00    0.18347E+00    0.22930E+00    0.36336E+00   -0.13345E-01    0.28631E+00    0.17875E+00    0.15969E+00    0.34274E-01   -0.18172E-01   -0.17084E+00   -0.26231E+00    0.22882E+00    0.16120E+02    0.15420E+00    0.45841E+00    0.57712E+01   -0.39995E-02   -0.32986E-01   -0.12521E-01    0.13175E-01    0.19311E-01    0.28291E-02    0.22289E-01    0.33929E-02    0.14192E-01    0.20316E-02    0.55606E-02   -0.67110E-02
   -0.21981E-04    0.44116E-04   -0.11309E-03    0.17461E-03   -0.36741E-02   -0.14003E-02   -0.39643E-03    0.44325E+01    0.24730E+00   -0.15437E+01   -0.19449E+00    0.15007E+00   -0.68830E+00   -0.71601E-02   -0.11359E-01    0.53817E-02   -0.15895E-05    0.77406E-04   -0.97427E-02    0.14218E+00   -0.22720E-01   -0.23061E-01    0.58163E-02    0.70800E-03    0.90849E-02    0.12634E-01    0.77117E-03    0.13780E-01    0.14397E-01    0.10003E-01    0.31868E-01   -0.26313E-02   -0.85825E-02    0.13698E-01   -0.13511E-01    0.26927E-01    0.14794E-01    0.46625E-02   -0.79413E-02    0.18480E-01    0.21205E-01    0.15420E+00    0.22125E+01    0.24189E-03    0.33056E+00   -0.93118E-01   -0.11033E+00   -0.51312E-02    0.74854E-03    0.30753E-02   -0.12515E-03    0.16072E-02   -0.38929E-04    0.15884E-02    0.13415E-02    0.66248E-03    0.13464E-02
   -0.14945E-04    0.79525E-05   -0.10173E-03   -0.19462E-03   -0.30266E-02   -0.11426E-02   -0.12102E-02   -0.12074E+01   -0.79029E+00    0.28264E-01   -0.20390E-02   -0.67952E+00   -0.69492E-01   -0.41888E-02    0.34083E-02   -0.10594E-01   -0.19456E-05    0.34147E-04    0.57505E-01    0.19075E+00   -0.25186E-01    0.12551E-02   -0.15486E-02   -0.12204E-02    0.14732E-02   -0.51608E-05    0.40516E-02    0.79985E-02   -0.90457E-02    0.68069E-02    0.11128E-01    0.11572E-01    0.45572E-02    0.16298E-01    0.79998E-02    0.51945E-02    0.85895E-02    0.51582E-02   -0.65154E-02   -0.12541E-01    0.16466E+00    0.45841E+00    0.24189E-03    0.25821E+00    0.42819E+00    0.83168E-02    0.16253E-01   -0.26294E-03    0.96504E-03    0.45399E-03    0.46694E-03    0.26463E-03    0.51248E-03    0.17498E-03    0.10344E-02    0.89098E-03    0.56397E-03
   -0.47361E-04   -0.11583E-03   -0.32184E-03   -0.11192E-02   -0.11597E-01   -0.39967E-02   -0.58711E-02    0.46536E+00   -0.31267E+01    0.67536E+01    0.10006E-01   -0.72904E+01   -0.95626E+00   -0.98262E-01    0.37916E-02   -0.13223E+00   -0.89771E-05    0.36749E-03    0.18701E+00    0.14347E+01   -0.18374E+00    0.73102E-01    0.46881E-01    0.35468E-01    0.37243E-01   -0.29661E-01   -0.38255E-01    0.74407E-01   -0.18159E+00    0.13463E+00    0.22337E+00    0.23108E+00   -0.36363E-01    0.18890E+00    0.11142E+00    0.13324E+00    0.37301E-01   -0.19996E-01   -0.11451E+00   -0.24596E+00    0.54379E+00    0.57712E+01    0.33056E+00    0.42819E+00    0.16691E+02    0.20561E-02   -0.54802E-01   -0.24934E-01   -0.17479E-01   -0.22530E-01    0.30986E-02    0.40667E-02    0.34257E-02    0.24303E-02    0.23881E-02    0.77259E-02    0.31682E-01
    0.47627E-06    0.29959E-05    0.30358E-05   -0.20128E-04    0.10552E-03    0.21326E-04   -0.17437E-04   -0.45517E-01    0.30689E-01   -0.17306E-01    0.47863E-01    0.41741E-01    0.40124E-01    0.38843E-03    0.13797E-03   -0.75156E-03   -0.27149E-06    0.45514E-05    0.59112E-02   -0.35935E-01    0.58958E-04   -0.40454E-03   -0.53128E-03   -0.22490E-03   -0.12093E-02   -0.27914E-02    0.10620E-03   -0.14593E-02    0.88330E-03   -0.22834E-02    0.33769E-03   -0.13155E-02    0.66045E-03   -0.75879E-03    0.50403E-03   -0.19239E-02   -0.58024E-03   -0.29049E-04    0.30153E-02    0.12586E-03    0.13861E-01   -0.39995E-02   -0.93118E-01    0.83168E-02    0.20561E-02    0.86796E-02    0.83314E-02   -0.13510E-03    0.53282E-04   -0.11468E-03    0.81770E-05   -0.19204E-04    0.84001E-05   -0.22832E-04   -0.93708E-04    0.16632E-04    0.13539E-03
