# omegabh2 omegach2 theta tau nnu yhe logA ns aps100 aps143 aps217 acib143 acib217 asz143 psr cibr ncib xi aksz cal0 cal2 calTE calEE bm_1_1
    0.3445498E-07    0.7147451E-07    0.3989230E-07    0.4955483E-06    0.7481032E-05    0.1328803E-05    0.1553630E-05    0.8417687E-06    0.3127224E-03   -0.4181991E-04   -0.1746013E-03    0.7493722E-04    0.1451541E-03    0.3241027E-04    0.1791494E-06    0.2866350E-05    0.1791187E-05   -0.3191695E-05    0.2893363E-04   -0.9146988E-08    0.4110089E-08    0.9294535E-07    0.8806933E-07    0.5232654E-05
    0.7147451E-07    0.2168125E-04   -0.5180274E-05   -0.6585544E-05    0.1288630E-02   -0.6031775E-04    0.2268703E-04    0.6965798E-05    0.2279551E-02   -0.3498401E-02   -0.2563113E-02    0.2603596E-03   -0.1323735E-03    0.5356575E-03    0.4034401E-05   -0.1154927E-04   -0.7663642E-05    0.1226942E-06    0.1196857E-02   -0.2182855E-07    0.8079334E-07   -0.1906051E-05   -0.3686457E-05    0.1683419E-03
    0.3989230E-07   -0.5180274E-05    0.1698375E-05    0.1693591E-05   -0.3240240E-03    0.2389992E-04   -0.2853665E-05    0.1019799E-05    0.1490625E-02    0.1988336E-02   -0.1660001E-03    0.3526990E-03    0.1100772E-02    0.1636361E-04   -0.2060564E-05    0.3000940E-04    0.1226743E-04   -0.5313512E-05    0.1037963E-03    0.1209985E-08    0.4415632E-08    0.1397786E-05    0.2636949E-05   -0.2952141E-04
    0.4955483E-06   -0.6585544E-05    0.1693591E-05    0.1672136E-03   -0.2306698E-03    0.2544638E-04    0.3263469E-03    0.1870343E-04    0.4406487E-03   -0.5835170E-02    0.1373389E-01   -0.3812305E-02   -0.8838919E-02   -0.5235675E-03    0.3460877E-04   -0.1651117E-03   -0.1030343E-03   -0.7830540E-04   -0.1091170E-02   -0.5614788E-07    0.1504722E-05   -0.7050297E-05   -0.2149918E-05    0.3480163E-03
    0.7481032E-05    0.1288630E-02   -0.3240240E-03   -0.2306698E-03    0.8068250E-01   -0.3843799E-02    0.1603544E-02    0.5737630E-03    0.1612495E+00   -0.2353750E+00   -0.1843302E+00    0.2165069E-01   -0.9543196E-02    0.2293211E-01   -0.1690624E-03   -0.8392814E-03   -0.5508066E-03   -0.3520763E-03    0.5859984E-01   -0.4792423E-05    0.3765143E-05   -0.1349380E-03   -0.2206037E-03    0.9431682E-02
    0.1328803E-05   -0.6031775E-04    0.2389992E-04    0.2544638E-04   -0.3843799E-02    0.4195628E-03    0.1065727E-04    0.5755162E-04    0.4361497E-01    0.3706811E-01   -0.1486623E-01    0.1105385E-01    0.2957255E-01    0.3296931E-02   -0.4489266E-04    0.7703095E-03    0.3046548E-03   -0.2940813E-03    0.6813481E-02   -0.5632722E-06    0.4057616E-06    0.3336689E-04    0.5933445E-04   -0.9697379E-04
    0.1553630E-05    0.2268703E-04   -0.2853665E-05    0.3263469E-03    0.1603544E-02    0.1065727E-04    0.7165704E-03    0.6578152E-04    0.2001277E-01   -0.6898631E-02    0.2161921E-01   -0.6278535E-02   -0.1170651E-01    0.3855683E-03    0.8743701E-04   -0.2254372E-03   -0.1186350E-03   -0.2145855E-03    0.6755937E-03   -0.2023206E-07    0.4648547E-05   -0.8436475E-05    0.5060582E-05    0.1532326E-02
    0.8417687E-06    0.6965798E-05    0.1019799E-05    0.1870343E-04    0.5737630E-03    0.5755162E-04    0.6578152E-04    0.5291062E-04    0.1547803E-01    0.8288808E-02   -0.1329097E-02    0.2651010E-02    0.6257122E-02    0.2815158E-03   -0.1604998E-06    0.1189070E-03    0.8174118E-04   -0.7172320E-04    0.6994525E-03   -0.6184193E-06    0.9057687E-06    0.7683998E-05    0.1405873E-04    0.3233739E-03
    0.3127224E-03    0.2279551E-02    0.1490625E-02    0.4406487E-03    0.1612495E+00    0.4361497E-01    0.2001277E-01    0.1547803E-01    0.2241348E+04    0.8207190E+02   -0.9229866E+02    0.3726481E+02    0.5549668E+02   -0.4585588E+02   -0.8160175E+00   -0.5038695E+00    0.3883806E+00    0.1116132E+00   -0.8330057E+01    0.3119961E-02    0.4441997E-02   -0.3264907E-02    0.2388587E-01    0.1164465E+02
   -0.4181991E-04   -0.3498401E-02    0.1988336E-02   -0.5835170E-02   -0.2353750E+00    0.3706811E-01   -0.6898631E-02    0.8288808E-02    0.8207190E+02    0.1177730E+03    0.2699767E+02   -0.1749483E+02    0.2130788E+01   -0.6919453E+01   -0.2276796E+00    0.2322830E+00    0.1181101E-01    0.9390451E+00   -0.1123049E+02    0.3616801E-03    0.1368244E-02    0.8961119E-02    0.1326497E-01    0.1133002E-01
   -0.1746013E-03   -0.2563113E-02   -0.1660001E-03    0.1373389E-01   -0.1843302E+00   -0.1486623E-01    0.2161921E-01   -0.1329097E-02   -0.9229866E+02    0.2699767E+02    0.2876970E+03   -0.2446459E+02   -0.1333976E+03    0.1618327E+01   -0.5577417E-01   -0.1304707E+01   -0.1867975E+01    0.5730023E+00   -0.1052819E+02    0.1956111E-03   -0.8315061E-03    0.2427641E-02   -0.1065319E-02   -0.9801532E-01
    0.7493722E-04    0.2603596E-03    0.3526990E-03   -0.3812305E-02    0.2165069E-01    0.1105385E-01   -0.6278535E-02    0.2651010E-02    0.3726481E+02   -0.1749483E+02   -0.2446459E+02    0.1944937E+02    0.1481263E+02   -0.7643683E+00    0.3582390E-01   -0.2086607E-02    0.1972889E+00    0.1534760E+00   -0.3772794E+00   -0.2672946E-03   -0.1051301E-02   -0.5026984E-03    0.1574534E-02   -0.2052488E+00
    0.1451541E-03   -0.1323735E-03    0.1100772E-02   -0.8838919E-02   -0.9543196E-02    0.2957255E-01   -0.1170651E-01    0.6257122E-02    0.5549668E+02    0.2130788E+01   -0.1333976E+03    0.1481263E+02    0.7372782E+02    0.5107795E+00    0.8698233E-01    0.6869897E+00    0.1110202E+01   -0.3217996E+00   -0.6480690E+00   -0.6720072E-04   -0.1790992E-03    0.1614407E-02    0.5812346E-02    0.1195653E+00
    0.3241027E-04    0.5356575E-03    0.1636361E-04   -0.5235675E-03    0.2293211E-01    0.3296931E-02    0.3855683E-03    0.2815158E-03   -0.4585588E+02   -0.6919453E+01    0.1618327E+01   -0.7643683E+00    0.5107795E+00    0.6428421E+01    0.7092096E-01    0.2336325E+00    0.4414816E-02   -0.8720159E-01   -0.1350442E+00    0.9093224E-04   -0.6901534E-03    0.1834372E-03   -0.3269045E-04    0.1972071E+00
    0.1791494E-06    0.4034401E-05   -0.2060564E-05    0.3460877E-04   -0.1690624E-03   -0.4489266E-04    0.8743701E-04   -0.1604998E-06   -0.8160175E+00   -0.2276796E+00   -0.5577417E-01    0.3582390E-01    0.8698233E-01    0.7092096E-01    0.1242513E-01   -0.7474450E-02    0.5133005E-02    0.6590043E-02   -0.2387471E-01    0.3037919E-05   -0.1579512E-04   -0.6418010E-05   -0.2182318E-04    0.2090960E-02
    0.2866350E-05   -0.1154927E-04    0.3000940E-04   -0.1651117E-03   -0.8392814E-03    0.7703095E-03   -0.2254372E-03    0.1189070E-03   -0.5038695E+00    0.2322830E+00   -0.1304707E+01   -0.2086607E-02    0.6869897E+00    0.2336325E+00   -0.7474450E-02    0.5229214E-01    0.1785932E-03    0.2349976E-03    0.9401768E-02   -0.2512478E-05    0.4630774E-04    0.3733414E-04    0.1542839E-03    0.7980142E-02
    0.1791187E-05   -0.7663642E-05    0.1226743E-04   -0.1030343E-03   -0.5508066E-03    0.3046548E-03   -0.1186350E-03    0.8174118E-04    0.3883806E+00    0.1181101E-01   -0.1867975E+01    0.1972889E+00    0.1110202E+01    0.4414816E-02    0.5133005E-02    0.1785932E-03    0.2594982E-01   -0.2614817E-02   -0.1485331E-01   -0.1445237E-05   -0.8554224E-04    0.2474167E-04    0.6457244E-04    0.7419162E-02
   -0.3191695E-05    0.1226942E-06   -0.5313512E-05   -0.7830540E-04   -0.3520763E-03   -0.2940813E-03   -0.2145855E-03   -0.7172320E-04    0.1116132E+00    0.9390451E+00    0.5730023E+00    0.1534760E+00   -0.3217996E+00   -0.8720159E-01    0.6590043E-02    0.2349976E-03   -0.2614817E-02    0.7879839E-01    0.2784306E-01    0.5287614E-05    0.7401028E-06    0.2319673E-04   -0.1257347E-04   -0.4561643E-02
    0.2893363E-04    0.1196857E-02    0.1037963E-03   -0.1091170E-02    0.5859984E-01    0.6813481E-02    0.6755937E-03    0.6994525E-03   -0.8330057E+01   -0.1123049E+02   -0.1052819E+02   -0.3772794E+00   -0.6480690E+00   -0.1350442E+00   -0.2387471E-01    0.9401768E-02   -0.1485331E-01    0.2784306E-01    0.8058992E+01   -0.6701974E-04    0.8415864E-04    0.6426813E-03    0.1648510E-02    0.6783696E-02
   -0.9146988E-08   -0.2182855E-07    0.1209985E-08   -0.5614788E-07   -0.4792423E-05   -0.5632722E-06   -0.2023206E-07   -0.6184193E-06    0.3119961E-02    0.3616801E-03    0.1956111E-03   -0.2672946E-03   -0.6720072E-04    0.9093224E-04    0.3037919E-05   -0.2512478E-05   -0.1445237E-05    0.5287614E-05   -0.6701974E-04    0.7861337E-06    0.5152958E-07    0.2014602E-06    0.1662846E-06   -0.8887567E-04
    0.4110089E-08    0.8079334E-07    0.4415632E-08    0.1504722E-05    0.3765143E-05    0.4057616E-06    0.4648547E-05    0.9057687E-06    0.4441997E-02    0.1368244E-02   -0.8315061E-03   -0.1051301E-02   -0.1790992E-03   -0.6901534E-03   -0.1579512E-04    0.4630774E-04   -0.8554224E-04    0.7401028E-06    0.8415864E-04    0.5152958E-07    0.5754501E-05    0.1231599E-05    0.1134794E-05    0.2718847E-03
    0.9294535E-07   -0.1906051E-05    0.1397786E-05   -0.7050297E-05   -0.1349380E-03    0.3336689E-04   -0.8436475E-05    0.7683998E-05   -0.3264907E-02    0.8961119E-02    0.2427641E-02   -0.5026984E-03    0.1614407E-02    0.1834372E-03   -0.6418010E-05    0.3733414E-04    0.2474167E-04    0.2319673E-04    0.6426813E-03    0.2014602E-06    0.1231599E-05    0.2602038E-04    0.1367193E-04    0.2180904E-03
    0.8806933E-07   -0.3686457E-05    0.2636949E-05   -0.2149918E-05   -0.2206037E-03    0.5933445E-04    0.5060582E-05    0.1405873E-04    0.2388587E-01    0.1326497E-01   -0.1065319E-02    0.1574534E-02    0.5812346E-02   -0.3269045E-04   -0.2182318E-04    0.1542839E-03    0.6457244E-04   -0.1257347E-04    0.1648510E-02    0.1662846E-06    0.1134794E-05    0.1367193E-04    0.3222135E-04    0.4237553E-03
    0.5232654E-05    0.1683419E-03   -0.2952141E-04    0.3480163E-03    0.9431682E-02   -0.9697379E-04    0.1532326E-02    0.3233739E-03    0.1164465E+02    0.1133002E-01   -0.9801532E-01   -0.2052488E+00    0.1195653E+00    0.1972071E+00    0.2090960E-02    0.7980142E-02    0.7419162E-02   -0.4561643E-02    0.6783696E-02   -0.8887567E-04    0.2718847E-03    0.2180904E-03    0.4237553E-03    0.2571550E+00
