# omegabh2 omegach2 theta tau nnu ns logA aps100 aps143 aps217 acib143 acib217 asz143 psr cibr cal0 cal2 xi aksz bm_1_1 a_ps_act_148 a_ps_act_217 a_ps_spt_95 a_ps_spt_150 a_ps_spt_220 r_ps_spt_95x150 r_ps_spt_95x220 r_ps_150x220 act_dust_s act_dust_e cal_acts_148 cal_acts_217 cal_acte_148 cal_acte_217 cal_spt_95 cal_spt_150 cal_spt_220
    0.17103E-06    0.85047E-06   -0.38859E-07    0.31169E-05    0.10952E-03    0.57497E-05    0.87100E-05    0.10150E-02    0.35936E-03    0.26727E-03    0.19668E-05    0.12035E-04    0.10307E-05    0.75694E-07    0.16525E-06    0.16103E-08   -0.25153E-08   -0.24715E-07    0.48980E-05    0.14551E-04   -0.12861E-04   -0.64765E-04   -0.14287E-04   -0.14697E-04   -0.64880E-04    0.21736E-06    0.72428E-06    0.10019E-06   -0.91269E-06   -0.22192E-06   -0.28760E-06   -0.26374E-06   -0.27690E-06   -0.19303E-06   -0.25947E-06   -0.29778E-06   -0.29746E-06
    0.85047E-06    0.24665E-04   -0.23563E-05    0.12399E-04    0.14657E-02    0.45615E-04    0.86976E-04    0.29334E-01    0.19356E-01    0.14322E-01    0.91705E-06    0.51140E-03   -0.79295E-04    0.39975E-05    0.38093E-05    0.33381E-07   -0.62409E-07    0.24643E-05    0.15969E-03    0.53747E-03   -0.51542E-03   -0.28913E-02   -0.27613E-03   -0.60315E-03   -0.27595E-02    0.70997E-05   -0.53908E-06    0.28591E-06   -0.70719E-05   -0.17028E-04   -0.19328E-04   -0.11402E-04   -0.18806E-04   -0.11005E-04   -0.19096E-04   -0.18797E-04   -0.12377E-04
   -0.38859E-07   -0.23563E-05    0.55027E-06   -0.34769E-06   -0.13635E-03   -0.36294E-05   -0.63171E-05   -0.19176E-02   -0.19772E-02   -0.14170E-02   -0.31537E-05   -0.55704E-04    0.63872E-05   -0.38822E-06   -0.53518E-06   -0.19424E-08    0.67802E-08   -0.10061E-06   -0.14528E-04   -0.38996E-04    0.52830E-04    0.24171E-03    0.28576E-04    0.69906E-04    0.26154E-03   -0.58432E-06   -0.20214E-06    0.72036E-07    0.33783E-05    0.24107E-06    0.19319E-05    0.97993E-06    0.17615E-05    0.94288E-06    0.20397E-05    0.18750E-05    0.12645E-05
    0.31169E-05    0.12399E-04   -0.34769E-06    0.25850E-03    0.22338E-02    0.13637E-03    0.55052E-03   -0.13613E-01    0.17433E-02    0.22951E-02   -0.13777E-03   -0.43065E-04    0.23966E-04    0.36294E-05    0.78294E-05   -0.10265E-06    0.11399E-06   -0.15472E-05    0.44987E-04   -0.17833E-03   -0.62692E-04   -0.14807E-02   -0.24967E-03   -0.77986E-05   -0.10375E-02   -0.57439E-05    0.54226E-05    0.61538E-05   -0.27680E-04   -0.16683E-04   -0.18339E-05   -0.47006E-05   -0.14255E-05   -0.22412E-05   -0.28871E-05   -0.40213E-05   -0.23143E-05
    0.10952E-03    0.14657E-02   -0.13635E-03    0.22338E-02    0.12600E+00    0.53550E-02    0.82843E-02    0.19839E+01    0.13441E+01    0.97482E+00    0.17992E-02    0.37495E-01   -0.42123E-02    0.32618E-03    0.25174E-03    0.32940E-05   -0.66689E-05    0.17869E-03    0.15710E-01    0.36079E-01   -0.40252E-01   -0.20724E+00   -0.24550E-01   -0.45038E-01   -0.20573E+00    0.46569E-03    0.42765E-03    0.13470E-03   -0.10384E-02   -0.61248E-03   -0.13065E-02   -0.80180E-03   -0.12642E-02   -0.74834E-03   -0.12901E-02   -0.12761E-02   -0.87633E-03
    0.57497E-05    0.45615E-04   -0.36294E-05    0.13637E-03    0.53550E-02    0.27974E-03    0.39249E-03    0.41074E-01    0.35350E-01    0.27315E-01    0.13080E-03    0.97785E-03   -0.24832E-04    0.79698E-05    0.79950E-05    0.35719E-07   -0.14828E-06    0.31897E-05    0.47189E-03    0.93272E-03   -0.13738E-02   -0.68097E-02   -0.10534E-02   -0.14841E-02   -0.66503E-02    0.17885E-04    0.36781E-04    0.88961E-05   -0.56433E-04   -0.86430E-05   -0.39119E-04   -0.27293E-04   -0.38457E-04   -0.24437E-04   -0.37062E-04   -0.37687E-04   -0.27239E-04
    0.87100E-05    0.86976E-04   -0.63171E-05    0.55052E-03    0.82843E-02    0.39249E-03    0.13320E-02    0.42011E-01    0.49974E-01    0.39733E-01   -0.29701E-03    0.11417E-02   -0.15693E-03    0.17180E-04    0.22617E-04   -0.46222E-07    0.22264E-06    0.12777E-05    0.48836E-03    0.14091E-02   -0.13934E-02   -0.10344E-01   -0.11471E-02   -0.15114E-02   -0.91900E-02    0.50330E-05    0.68039E-05    0.13419E-04   -0.74038E-04   -0.72359E-04   -0.52243E-04   -0.38848E-04   -0.49921E-04   -0.32474E-04   -0.52917E-04   -0.55098E-04   -0.36183E-04
    0.10150E-02    0.29334E-01   -0.19176E-02   -0.13613E-01    0.19839E+01    0.41074E-01    0.42011E-01    0.16115E+04    0.11212E+03    0.38446E+02   -0.10433E+00    0.65120E+01   -0.23811E+01    0.12094E-01   -0.18164E+00    0.15568E-02   -0.38617E-03    0.53013E-01    0.32470E+01    0.16882E+02   -0.93912E+00   -0.37814E+01    0.51854E+01   -0.10896E+01   -0.51427E+01   -0.10821E+00   -0.50603E+00   -0.16559E-01    0.26928E-01   -0.33366E-02   -0.68563E-01    0.97088E-02   -0.66861E-01    0.66524E-02   -0.86551E-01   -0.58903E-01   -0.10675E-01
    0.35936E-03    0.19356E-01   -0.19772E-02    0.17433E-02    0.13441E+01    0.35350E-01    0.49974E-01    0.11212E+03    0.78776E+02    0.29005E+02   -0.61058E-01    0.13068E+01   -0.55839E+00    0.13993E-01   -0.15576E-01    0.10774E-03   -0.12637E-02    0.16774E-01    0.48333E+00    0.33222E+00   -0.59331E+00   -0.38943E+01    0.10677E+01   -0.68947E+00   -0.43735E+01   -0.12607E-01   -0.93558E-01   -0.13592E-01   -0.13357E-01   -0.64740E-02   -0.39256E-01   -0.12293E-01   -0.37466E-01   -0.13453E-01   -0.41604E-01   -0.34461E-01   -0.21182E-01
    0.26727E-03    0.14322E-01   -0.14170E-02    0.22951E-02    0.97482E+00    0.27315E-01    0.39733E-01    0.38446E+02    0.29005E+02    0.41909E+02   -0.59451E+00   -0.40715E+01    0.31170E+00   -0.38563E-02   -0.55268E-02    0.78165E-04   -0.60295E-03   -0.11642E-01   -0.47636E+00    0.53124E+00   -0.25779E+00   -0.41359E+01   -0.12005E+01   -0.20495E+00   -0.41022E+01    0.47782E-03    0.66058E-01    0.25315E-01   -0.89301E-02    0.78437E-02   -0.22502E-01   -0.33292E-01   -0.21137E-01   -0.32026E-01   -0.13829E-01   -0.22738E-01   -0.29070E-01
    0.19668E-05    0.91705E-06   -0.31537E-05   -0.13777E-03    0.17992E-02    0.13080E-03   -0.29701E-03   -0.10433E+00   -0.61058E-01   -0.59451E+00    0.41219E+00    0.81061E+00    0.52695E-01   -0.20584E-03   -0.91554E-02    0.14813E-05    0.24056E-04    0.40351E-02   -0.25361E+00    0.22334E-02   -0.12237E+00   -0.99670E-01   -0.32832E-01   -0.15801E+00   -0.18632E+00    0.25367E-01    0.19949E-01   -0.24620E-02    0.91842E-03    0.33782E-03    0.28936E-03    0.77176E-03    0.30748E-03    0.77016E-03   -0.65559E-03    0.28532E-03    0.85558E-03
    0.12035E-04    0.51140E-03   -0.55704E-04   -0.43065E-04    0.37495E-01    0.97785E-03    0.11417E-02    0.65120E+01    0.13068E+01   -0.40715E+01    0.81061E+00    0.36540E+01   -0.11665E-01    0.52838E-02    0.80577E-02    0.93111E-05    0.46663E-03    0.40526E-03   -0.39469E+00    0.12852E-01   -0.27618E+00   -0.21987E+00    0.24392E+00   -0.36544E+00   -0.67163E+00    0.40026E-01    0.18146E-01   -0.18281E-01    0.33133E-02   -0.63043E-02   -0.13365E-02    0.80055E-02   -0.12498E-02    0.77241E-02   -0.44361E-02   -0.53234E-03    0.52860E-02
    0.10307E-05   -0.79295E-04    0.63872E-05    0.23966E-04   -0.42123E-02   -0.24832E-04   -0.15693E-03   -0.23811E+01   -0.55839E+00    0.31170E+00    0.52695E-01   -0.11665E-01    0.61935E-01   -0.67358E-04    0.42627E-02   -0.99821E-07   -0.53392E-04   -0.14211E-02   -0.11706E+00    0.76144E-02   -0.18216E-01   -0.61647E-01   -0.14716E+00   -0.17473E-01   -0.10739E+00    0.59060E-02    0.15243E-01   -0.46680E-04    0.25275E-03   -0.18640E-03    0.53901E-03   -0.87612E-03    0.51488E-03   -0.78703E-03    0.10514E-02    0.30256E-03   -0.60055E-03
    0.75694E-07    0.39975E-05   -0.38822E-06    0.36294E-05    0.32618E-03    0.79698E-05    0.17180E-04    0.12094E-01    0.13993E-01   -0.38563E-02   -0.20584E-03    0.52838E-02   -0.67358E-04    0.27951E-03    0.86646E-05    0.77787E-07    0.48881E-06    0.10762E-04    0.25434E-04   -0.13846E-03   -0.75003E-04   -0.30811E-02   -0.15906E-03   -0.11282E-03   -0.33092E-02    0.44477E-05    0.33107E-04    0.87856E-05    0.47614E-04   -0.50974E-04   -0.13454E-04   -0.10597E-06   -0.10450E-04    0.59336E-06   -0.16328E-04   -0.85844E-05   -0.42938E-05
    0.16525E-06    0.38093E-05   -0.53518E-06    0.78294E-05    0.25174E-03    0.79950E-05    0.22617E-04   -0.18164E+00   -0.15576E-01   -0.55268E-02   -0.91554E-02    0.80577E-02    0.42627E-02    0.86646E-05    0.22249E-02    0.10922E-06   -0.14207E-05    0.28711E-04   -0.21000E-02    0.10771E-02    0.28922E-02   -0.94641E-03   -0.14572E-01    0.36218E-02   -0.14321E-01   -0.30682E-03    0.14723E-02   -0.30957E-03    0.87827E-05   -0.14023E-03    0.27141E-04    0.36141E-05    0.21575E-04    0.85355E-05    0.11434E-03    0.11157E-04   -0.32583E-04
    0.16103E-08    0.33381E-07   -0.19424E-08   -0.10265E-06    0.32940E-05    0.35719E-07   -0.46222E-07    0.15568E-02    0.10774E-03    0.78165E-04    0.14813E-05    0.93111E-05   -0.99821E-07    0.77787E-07    0.10922E-06    0.15739E-06   -0.23211E-09    0.16275E-06   -0.28130E-06   -0.29914E-04   -0.29133E-05    0.60045E-05    0.46980E-05   -0.24782E-05   -0.10447E-04   -0.45699E-06   -0.47573E-06   -0.11100E-07   -0.83177E-06   -0.63235E-06   -0.12867E-06    0.53359E-07   -0.16502E-06    0.10581E-07   -0.13703E-06   -0.13100E-06   -0.84713E-07
   -0.25153E-08   -0.62409E-07    0.67802E-08    0.11399E-06   -0.66689E-05   -0.14828E-06    0.22264E-06   -0.38617E-03   -0.12637E-02   -0.60295E-03    0.24056E-04    0.46663E-03   -0.53392E-04    0.48881E-06   -0.14207E-05   -0.23211E-09    0.63157E-06    0.16296E-05    0.68661E-04    0.13259E-04    0.45554E-05    0.65293E-04    0.16193E-03   -0.61580E-05    0.78857E-04   -0.25054E-05   -0.10653E-04   -0.18345E-05    0.12832E-05   -0.14328E-05   -0.79096E-07    0.20864E-05   -0.10999E-06    0.20334E-05   -0.78055E-06    0.17030E-06    0.17895E-05
   -0.24715E-07    0.24643E-05   -0.10061E-06   -0.15472E-05    0.17869E-03    0.31897E-05    0.12777E-05    0.53013E-01    0.16774E-01   -0.11642E-01    0.40351E-02    0.40526E-03   -0.14211E-02    0.10762E-04    0.28711E-04    0.16275E-06    0.16296E-05    0.14188E-02    0.51520E-02   -0.27105E-03    0.26086E-02    0.69086E-03    0.18085E-02    0.15386E-02    0.45008E-02    0.45484E-03    0.80923E-03    0.56336E-04    0.67954E-04    0.81532E-04   -0.37919E-05    0.17522E-04   -0.67027E-05    0.23909E-04   -0.27508E-04    0.93420E-05    0.52400E-04
    0.48980E-05    0.15969E-03   -0.14528E-04    0.44987E-04    0.15710E-01    0.47189E-03    0.48836E-03    0.32470E+01    0.48333E+00   -0.47636E+00   -0.25361E+00   -0.39469E+00   -0.11706E+00    0.25434E-04   -0.21000E-02   -0.28130E-06    0.68661E-04    0.51520E-02    0.42333E+00   -0.49846E-02    0.25071E-01    0.19028E+00    0.14494E+00    0.44559E-01    0.37826E+00   -0.19401E-01   -0.28138E-01    0.29338E-02   -0.30884E-02   -0.20197E-02   -0.28232E-04    0.16176E-02   -0.74044E-04    0.14576E-02   -0.63899E-03   -0.18097E-03    0.13660E-02
    0.14551E-04    0.53747E-03   -0.38996E-04   -0.17833E-03    0.36079E-01    0.93272E-03    0.14091E-02    0.16882E+02    0.33222E+00    0.53124E+00    0.22334E-02    0.12852E-01    0.76144E-02   -0.13846E-03    0.10771E-02   -0.29914E-04    0.13259E-04   -0.27105E-03   -0.49846E-02    0.60569E+00   -0.18303E-01   -0.12538E+00   -0.53976E-01   -0.22338E-01   -0.11906E+00    0.18002E-02    0.31872E-02    0.21654E-03    0.27820E-02    0.12819E-02   -0.45436E-03   -0.67040E-03   -0.42746E-03   -0.51353E-03   -0.45741E-03   -0.53427E-03   -0.58919E-03
   -0.12861E-04   -0.51542E-03    0.52830E-04   -0.62692E-04   -0.40252E-01   -0.13738E-02   -0.13934E-02   -0.93912E+00   -0.59331E+00   -0.25779E+00   -0.12237E+00   -0.27618E+00   -0.18216E-01   -0.75003E-04    0.28922E-02   -0.29133E-05    0.45554E-05    0.26086E-02    0.25071E-01   -0.18303E-01    0.30533E+00   -0.90734E-01    0.69270E-01    0.11884E+00    0.37728E+00   -0.52206E-02   -0.72109E-02   -0.27366E-02   -0.11654E-02   -0.10261E-02    0.24345E-02   -0.75300E-03    0.24087E-02   -0.51671E-03    0.36631E-03    0.47078E-03    0.66327E-03
   -0.64765E-04   -0.28913E-02    0.24171E-03   -0.14807E-02   -0.20724E+00   -0.68097E-02   -0.10344E-01   -0.37814E+01   -0.38943E+01   -0.41359E+01   -0.99670E-01   -0.21987E+00   -0.61647E-01   -0.30811E-02   -0.94641E-03    0.60045E-05    0.65293E-04    0.69086E-03    0.19028E+00   -0.12538E+00   -0.90734E-01    0.13080E+02    0.16680E+00    0.13591E+00    0.10315E+01   -0.73853E-02   -0.24484E-01   -0.35866E-02    0.17004E-01    0.28428E-01    0.30932E-02    0.48852E-01    0.36910E-02    0.38098E-01    0.38062E-02    0.39416E-02    0.50393E-02
   -0.14287E-04   -0.27613E-03    0.28576E-04   -0.24967E-03   -0.24550E-01   -0.10534E-02   -0.11471E-02    0.51854E+01    0.10677E+01   -0.12005E+01   -0.32832E-01    0.24392E+00   -0.14716E+00   -0.15906E-03   -0.14572E-01    0.46980E-05    0.16193E-03    0.18085E-02    0.14494E+00   -0.53976E-01    0.69270E-01    0.16680E+00    0.20506E+01    0.52663E-01    0.23884E+00   -0.81991E-01   -0.10773E+00   -0.15621E-02   -0.52537E-03    0.83616E-02   -0.14396E-02    0.24193E-02   -0.12505E-02    0.21972E-02    0.11847E-03    0.37855E-03    0.19848E-02
   -0.14697E-04   -0.60315E-03    0.69906E-04   -0.77986E-05   -0.45038E-01   -0.14841E-02   -0.15114E-02   -0.10896E+01   -0.68947E+00   -0.20495E+00   -0.15801E+00   -0.36544E+00   -0.17473E-01   -0.11282E-03    0.36218E-02   -0.24782E-05   -0.61580E-05    0.15386E-02    0.44559E-01   -0.22338E-01    0.11884E+00    0.13591E+00    0.52663E-01    0.23002E+00    0.18842E+00   -0.71254E-02   -0.46212E-02    0.22270E-03    0.49966E-03    0.16042E-02    0.30932E-03   -0.26784E-03    0.31763E-03   -0.27597E-03    0.89525E-03    0.36681E-03    0.78063E-04
   -0.64880E-04   -0.27595E-02    0.26154E-03   -0.10375E-02   -0.20573E+00   -0.66503E-02   -0.91900E-02   -0.51427E+01   -0.43735E+01   -0.41022E+01   -0.18632E+00   -0.67163E+00   -0.10739E+00   -0.33092E-02   -0.14321E-01   -0.10447E-04    0.78857E-04    0.45008E-02    0.37826E+00   -0.11906E+00    0.37728E+00    0.10315E+01    0.23884E+00    0.18842E+00    0.12222E+02   -0.21622E-01   -0.67805E-01   -0.11542E-01   -0.12857E-02   -0.61479E-03    0.59238E-02    0.35541E-02    0.53122E-02    0.29742E-02    0.47033E-02    0.69348E-02    0.30243E-01
    0.21736E-06    0.70997E-05   -0.58432E-06   -0.57439E-05    0.46569E-03    0.17885E-04    0.50330E-05   -0.10821E+00   -0.12607E-01    0.47782E-03    0.25367E-01    0.40026E-01    0.59060E-02    0.44477E-05   -0.30682E-03   -0.45699E-06   -0.25054E-05    0.45484E-03   -0.19401E-01    0.18002E-02   -0.52206E-02   -0.73853E-02   -0.81991E-01   -0.71254E-02   -0.21622E-01    0.70560E-02    0.59662E-02   -0.16892E-03    0.17888E-03   -0.16471E-03    0.31827E-04   -0.16015E-04    0.44265E-04   -0.11720E-04   -0.80586E-04   -0.13741E-04   -0.24309E-04
    0.72428E-06   -0.53908E-06   -0.20214E-06    0.54226E-05    0.42765E-03    0.36781E-04    0.68039E-05   -0.50603E+00   -0.93558E-01    0.66058E-01    0.19949E-01    0.18146E-01    0.15243E-01    0.33107E-04    0.14723E-02   -0.47573E-06   -0.10653E-04    0.80923E-03   -0.28138E-01    0.31872E-02   -0.72109E-02   -0.24484E-01   -0.10773E+00   -0.46212E-02   -0.67805E-01    0.59662E-02    0.12421E-01    0.86793E-04    0.19202E-03   -0.32577E-03    0.10026E-03   -0.19777E-03    0.10454E-03   -0.16363E-03    0.90842E-04    0.28460E-04   -0.32490E-03
    0.10019E-06    0.28591E-06    0.72036E-07    0.61538E-05    0.13470E-03    0.88961E-05    0.13419E-04   -0.16559E-01   -0.13592E-01    0.25315E-01   -0.24620E-02   -0.18281E-01   -0.46680E-04    0.87856E-05   -0.30957E-03   -0.11100E-07   -0.18345E-05    0.56336E-04    0.29338E-02    0.21654E-03   -0.27366E-02   -0.35866E-02   -0.15621E-02    0.22270E-03   -0.11542E-01   -0.16892E-03    0.86793E-04    0.34990E-03   -0.40666E-04    0.52747E-04   -0.18726E-05   -0.46595E-04    0.44255E-07   -0.40221E-04    0.22213E-04    0.31152E-05   -0.72478E-04
   -0.91269E-06   -0.70719E-05    0.33783E-05   -0.27680E-04   -0.10384E-02   -0.56433E-04   -0.74038E-04    0.26928E-01   -0.13357E-01   -0.89301E-02    0.91842E-03    0.33133E-02    0.25275E-03    0.47614E-04    0.87827E-05   -0.83177E-06    0.12832E-05    0.67954E-04   -0.30884E-02    0.27820E-02   -0.11654E-02    0.17004E-01   -0.52537E-03    0.49966E-03   -0.12857E-02    0.17888E-03    0.19202E-03   -0.40666E-04    0.39734E-01   -0.28925E-03    0.28638E-03    0.11539E-03   -0.56054E-04    0.51502E-04    0.18668E-04    0.39975E-05   -0.62470E-05
   -0.22192E-06   -0.17028E-04    0.24107E-06   -0.16683E-04   -0.61248E-03   -0.86430E-05   -0.72359E-04   -0.33366E-02   -0.64740E-02    0.78437E-02    0.33782E-03   -0.63043E-02   -0.18640E-03   -0.50974E-04   -0.14023E-03   -0.63235E-06   -0.14328E-05    0.81532E-04   -0.20197E-02    0.12819E-02   -0.10261E-02    0.28428E-01    0.83616E-02    0.16042E-02   -0.61479E-03   -0.16471E-03   -0.32577E-03    0.52747E-04   -0.28925E-03    0.39548E-01   -0.15924E-04    0.62385E-04    0.31502E-03    0.17095E-03    0.10555E-05   -0.31461E-07    0.10360E-04
   -0.28760E-06   -0.19328E-04    0.19319E-05   -0.18339E-05   -0.13065E-02   -0.39119E-04   -0.52243E-04   -0.68563E-01   -0.39256E-01   -0.22502E-01    0.28936E-03   -0.13365E-02    0.53901E-03   -0.13454E-04    0.27141E-04   -0.12867E-06   -0.79096E-07   -0.37919E-05   -0.28232E-04   -0.45436E-03    0.24345E-02    0.30932E-02   -0.14396E-02    0.30932E-03    0.59238E-02    0.31827E-04    0.10026E-03   -0.18726E-05    0.28638E-03   -0.15924E-04    0.16747E-03    0.87694E-05    0.68402E-04    0.16517E-04    0.39066E-04    0.31247E-04    0.21616E-04
   -0.26374E-06   -0.11402E-04    0.97993E-06   -0.47006E-05   -0.80180E-03   -0.27293E-04   -0.38848E-04    0.97088E-02   -0.12293E-01   -0.33292E-01    0.77176E-03    0.80055E-02   -0.87612E-03   -0.10597E-06    0.36141E-05    0.53359E-07    0.20864E-05    0.17522E-04    0.16176E-02   -0.67040E-03   -0.75300E-03    0.48852E-01    0.24193E-02   -0.26784E-03    0.35541E-02   -0.16015E-04   -0.19777E-03   -0.46595E-04    0.11539E-03    0.62385E-04    0.87694E-05    0.34127E-03    0.16582E-04    0.17444E-03    0.89179E-06    0.16274E-04    0.38502E-04
   -0.27690E-06   -0.18806E-04    0.17615E-05   -0.14255E-05   -0.12642E-02   -0.38457E-04   -0.49921E-04   -0.66861E-01   -0.37466E-01   -0.21137E-01    0.30748E-03   -0.12498E-02    0.51488E-03   -0.10450E-04    0.21575E-04   -0.16502E-06   -0.10999E-06   -0.67027E-05   -0.74044E-04   -0.42746E-03    0.24087E-02    0.36910E-02   -0.12505E-02    0.31763E-03    0.53122E-02    0.44265E-04    0.10454E-03    0.44255E-07   -0.56054E-04    0.31502E-03    0.68402E-04    0.16582E-04    0.13505E-03    0.16681E-04    0.39503E-04    0.32308E-04    0.19934E-04
   -0.19303E-06   -0.11005E-04    0.94288E-06   -0.22412E-05   -0.74834E-03   -0.24437E-04   -0.32474E-04    0.66524E-02   -0.13453E-01   -0.32026E-01    0.77016E-03    0.77241E-02   -0.78703E-03    0.59336E-06    0.85355E-05    0.10581E-07    0.20334E-05    0.23909E-04    0.14576E-02   -0.51353E-03   -0.51671E-03    0.38098E-01    0.21972E-02   -0.27597E-03    0.29742E-02   -0.11720E-04   -0.16363E-03   -0.40221E-04    0.51502E-04    0.17095E-03    0.16517E-04    0.17444E-03    0.16681E-04    0.21041E-03    0.11575E-05    0.15449E-04    0.37843E-04
   -0.25947E-06   -0.19096E-04    0.20397E-05   -0.28871E-05   -0.12901E-02   -0.37062E-04   -0.52917E-04   -0.86551E-01   -0.41604E-01   -0.13829E-01   -0.65559E-03   -0.44361E-02    0.10514E-02   -0.16328E-04    0.11434E-03   -0.13703E-06   -0.78055E-06   -0.27508E-04   -0.63899E-03   -0.45741E-03    0.36631E-03    0.38062E-02    0.11847E-03    0.89525E-03    0.47033E-02   -0.80586E-04    0.90842E-04    0.22213E-04    0.18668E-04    0.10555E-05    0.39066E-04    0.89179E-06    0.39503E-04    0.11575E-05    0.40992E-03    0.46125E-04    0.13361E-04
   -0.29778E-06   -0.18797E-04    0.18750E-05   -0.40213E-05   -0.12761E-02   -0.37687E-04   -0.55098E-04   -0.58903E-01   -0.34461E-01   -0.22738E-01    0.28532E-03   -0.53234E-03    0.30256E-03   -0.85844E-05    0.11157E-04   -0.13100E-06    0.17030E-06    0.93420E-05   -0.18097E-03   -0.53427E-03    0.47078E-03    0.39416E-02    0.37855E-03    0.36681E-03    0.69348E-02   -0.13741E-04    0.28460E-04    0.31152E-05    0.39975E-05   -0.31461E-07    0.31247E-04    0.16274E-04    0.32308E-04    0.15449E-04    0.46125E-04    0.10385E-03    0.38462E-04
   -0.29746E-06   -0.12377E-04    0.12645E-05   -0.23143E-05   -0.87633E-03   -0.27239E-04   -0.36183E-04   -0.10675E-01   -0.21182E-01   -0.29070E-01    0.85558E-03    0.52860E-02   -0.60055E-03   -0.42938E-05   -0.32583E-04   -0.84713E-07    0.17895E-05    0.52400E-04    0.13660E-02   -0.58919E-03    0.66327E-03    0.50393E-02    0.19848E-02    0.78063E-04    0.30243E-01   -0.24309E-04   -0.32490E-03   -0.72478E-04   -0.62470E-05    0.10360E-04    0.21616E-04    0.38502E-04    0.19934E-04    0.37843E-04    0.13361E-04    0.38462E-04    0.47650E-03
