# omegabh2 omegach2 theta tau alpha1 ns logA aps100 aps143 aps217 acib143 acib217 asz143 psr cibr ncib cal0 cal2 xi aksz bm_1_1 bm_1_2 bm_1_3 bm_1_4 bm_1_5 bm_2_1 bm_2_2 bm_2_3 bm_2_4 bm_2_5 bm_3_1 bm_3_2 bm_3_3 bm_3_4 bm_3_5 bm_4_1 bm_4_2 bm_4_3 bm_4_4 bm_4_5
    0.86576E-07   -0.28777E-06    0.51252E-07    0.15994E-05   -0.23780E-06    0.70917E-06    0.28482E-05   -0.13933E-02   -0.78435E-03   -0.18516E-03   -0.10601E-03   -0.20156E-03    0.53622E-04    0.18541E-06   -0.29426E-05   -0.22650E-05    0.11898E-08   -0.10161E-07   -0.17948E-06   -0.37262E-04   -0.83768E-05   -0.11811E-04    0.65057E-05   -0.26383E-05    0.68709E-06    0.54355E-05   -0.32965E-05   -0.54786E-05    0.11100E-05    0.84399E-05   -0.34516E-05    0.20982E-05   -0.10629E-04   -0.15208E-05   -0.58367E-06    0.49937E-05   -0.77946E-05   -0.33316E-05   -0.12876E-05    0.26275E-05
   -0.28777E-06    0.61058E-05   -0.71173E-06   -0.96560E-05   -0.12802E-05   -0.15999E-04   -0.35618E-05    0.52220E-02    0.29519E-02    0.10199E-02    0.19119E-04    0.40785E-03    0.70744E-05    0.25054E-05    0.14236E-04    0.33745E-05    0.23840E-07    0.44665E-07    0.65788E-05    0.72240E-04    0.20437E-03   -0.11434E-04   -0.61071E-04    0.27948E-04   -0.29227E-04    0.19901E-05    0.13375E-05    0.20070E-07   -0.33867E-04   -0.36600E-04    0.30781E-04   -0.47812E-04   -0.17730E-05   -0.28871E-04   -0.13643E-04    0.14033E-04    0.27154E-04   -0.72036E-05   -0.23226E-05   -0.41749E-04
    0.51252E-07   -0.71173E-06    0.44864E-06    0.55338E-06    0.68818E-06    0.30142E-05   -0.68167E-06   -0.13145E-02   -0.40066E-03   -0.15736E-03   -0.55415E-04   -0.93290E-04    0.26043E-04   -0.16811E-07   -0.24933E-05    0.17619E-06   -0.85303E-08   -0.96921E-08   -0.26093E-05   -0.61565E-05   -0.26219E-04    0.15075E-04    0.10542E-04    0.11618E-05    0.92302E-05   -0.53221E-06   -0.17167E-06   -0.97821E-05   -0.48458E-06    0.55353E-05   -0.84146E-05    0.12242E-06   -0.10090E-04    0.19336E-05    0.66842E-05   -0.89034E-06   -0.13452E-04    0.67042E-06    0.25796E-06    0.14608E-05
    0.15994E-05   -0.96560E-05    0.55338E-06    0.23775E-03   -0.12637E-04    0.28835E-04    0.45905E-03   -0.52419E-01   -0.11593E-01    0.49752E-02   -0.70278E-02   -0.87003E-02   -0.80340E-03    0.43508E-04   -0.33900E-03   -0.17560E-05   -0.36267E-07   -0.43172E-06    0.68026E-05   -0.22702E-02    0.28824E-04   -0.19331E-03    0.26851E-03    0.11243E-03   -0.86139E-04    0.22386E-03   -0.68181E-05    0.11603E-03   -0.28743E-03    0.42561E-04   -0.20367E-03    0.17137E-04   -0.18672E-03    0.13533E-03    0.13530E-03    0.56663E-04   -0.12247E-04   -0.94238E-05   -0.29431E-03   -0.17610E-03
   -0.23780E-06   -0.12802E-05    0.68818E-06   -0.12637E-04    0.73288E-05    0.98490E-05   -0.32158E-04   -0.32059E-02    0.11102E-02    0.99807E-03   -0.22218E-03   -0.12882E-03   -0.25109E-04    0.50308E-05   -0.93990E-05    0.92320E-05   -0.25086E-07   -0.48498E-07    0.51051E-05   -0.41611E-04   -0.93894E-04    0.63684E-04   -0.31216E-04    0.41738E-04    0.33229E-04    0.78390E-05    0.41739E-04    0.28044E-04    0.14748E-04   -0.43766E-04   -0.18354E-04    0.46818E-05    0.79504E-04    0.33709E-04    0.17738E-04   -0.27993E-04    0.59050E-04    0.48542E-04    0.34255E-04    0.98830E-06
    0.70917E-06   -0.15999E-04    0.30142E-05    0.28835E-04    0.98490E-05    0.71517E-04    0.12107E-04   -0.81140E-01   -0.47098E-02    0.11830E-01   -0.89424E-02   -0.96805E-02   -0.44784E-03    0.63814E-04   -0.35591E-03    0.23068E-04   -0.12117E-06   -0.17220E-06    0.29286E-04   -0.27514E-02   -0.37420E-03    0.10513E-03    0.13745E-03   -0.14333E-04    0.11106E-03    0.25703E-03    0.83027E-04    0.11053E-03    0.60810E-04    0.11452E-03   -0.23444E-03    0.81671E-04    0.60933E-04    0.12221E-03   -0.56180E-04    0.20445E-04    0.72534E-04    0.11509E-03   -0.10588E-03    0.11014E-03
    0.28482E-05   -0.35618E-05   -0.68167E-06    0.45905E-03   -0.32158E-04    0.12107E-04    0.93567E-03   -0.10899E+00   -0.96099E-02    0.19998E-01   -0.18220E-01   -0.19752E-01   -0.26130E-02    0.11884E-03   -0.81300E-03    0.37364E-04    0.74747E-07   -0.52462E-06    0.58313E-04   -0.56771E-02    0.13334E-02   -0.31396E-03    0.42910E-03    0.28539E-03   -0.28950E-03    0.75951E-03   -0.11815E-04    0.22510E-03   -0.65015E-03   -0.75154E-04   -0.33767E-03   -0.78241E-04   -0.50445E-03    0.10907E-03    0.14182E-03    0.36509E-03    0.13933E-03   -0.49333E-04   -0.58708E-03   -0.41903E-03
   -0.13933E-02    0.52220E-02   -0.13145E-02   -0.52419E-01   -0.32059E-02   -0.81140E-01   -0.10899E+00    0.27801E+04    0.57594E+02   -0.14289E+03    0.11746E+03    0.10445E+03   -0.75731E+02   -0.10929E+01    0.26119E+00    0.12691E+01    0.63661E-03   -0.23247E-02   -0.41952E+00   -0.23655E+02    0.10701E+02   -0.95798E+01   -0.33470E-01   -0.25084E+00    0.40570E+00   -0.68114E+00   -0.52360E+01   -0.10604E+01   -0.17397E-01   -0.72254E+00    0.18585E+01    0.48840E+00    0.40443E+00   -0.61180E+00   -0.24220E+01    0.16017E+01   -0.22555E+01   -0.26106E+01   -0.12559E+00    0.30827E+01
   -0.78435E-03    0.29519E-02   -0.40066E-03   -0.11593E-01    0.11102E-02   -0.47098E-02   -0.96099E-02    0.57594E+02    0.19065E+03    0.58895E+02   -0.34060E+02   -0.10651E+02   -0.79978E+01   -0.25679E+00   -0.19248E+00   -0.15760E+00    0.13315E-03    0.30648E-02    0.12860E+01   -0.13149E+02    0.13283E+01    0.73505E+00    0.34655E-01    0.20918E+00   -0.28543E+00   -0.20743E+01   -0.53299E+00   -0.16273E+00   -0.29715E+00   -0.15559E+00    0.12408E+01    0.13899E+00    0.71369E+00   -0.87694E-01   -0.12762E-01   -0.65335E+00   -0.53970E+00   -0.39750E-01    0.51720E+00   -0.23467E+00
   -0.18516E-03    0.10199E-02   -0.15736E-03    0.49752E-02    0.99807E-03    0.11830E-01    0.19998E-01   -0.14289E+03    0.58895E+02    0.20058E+03   -0.31870E+02   -0.68399E+02    0.43939E+01   -0.19863E-01   -0.84925E+00   -0.97415E+00    0.96141E-04   -0.40584E-02    0.33424E+00   -0.10217E+02    0.14689E+01    0.98045E+00   -0.17955E+00    0.51752E-01    0.93052E-01    0.11511E+01    0.41433E+00   -0.22297E-02   -0.16660E+00    0.29430E+00   -0.11822E+01    0.72659E+00   -0.18459E+00    0.72548E+00    0.64392E-01   -0.48470E-02    0.45907E+00    0.47088E+00    0.14617E+00   -0.23428E+00
   -0.10601E-03    0.19119E-04   -0.55415E-04   -0.70278E-02   -0.22218E-03   -0.89424E-02   -0.18220E-01    0.11746E+03   -0.34060E+02   -0.31870E+02    0.25612E+02    0.16913E+02   -0.26987E+01    0.84325E-02    0.22850E+00    0.19881E+00   -0.10562E-03   -0.11537E-02    0.32771E-01   -0.10901E+01   -0.10435E+01   -0.54865E+00   -0.92142E-01   -0.16066E+00    0.98406E-01    0.75582E+00    0.14861E+00   -0.33958E-01    0.15886E+00    0.45234E-01   -0.29564E+00   -0.64000E-01   -0.18845E+00   -0.35327E-02    0.61547E-01    0.36310E+00    0.14992E+00   -0.39215E-01   -0.52777E-01    0.19592E+00
   -0.20156E-03    0.40785E-03   -0.93290E-04   -0.87003E-02   -0.12882E-03   -0.96805E-02   -0.19752E-01    0.10445E+03   -0.10651E+02   -0.68399E+02    0.16913E+02    0.32428E+02   -0.25593E+01    0.54158E-01    0.36351E+00    0.49196E+00   -0.36415E-04    0.16611E-02   -0.17427E+00   -0.16453E+01   -0.60058E+00   -0.50438E+00    0.28278E-01   -0.21207E-01   -0.19812E-01   -0.49379E+00   -0.13145E+00   -0.26453E-01    0.15961E+00   -0.23386E+00    0.48736E+00   -0.46213E+00    0.72565E-01   -0.36222E+00   -0.10293E+00   -0.29143E-01   -0.16671E+00   -0.19760E+00    0.41839E-01    0.17922E+00
    0.53622E-04    0.70744E-05    0.26043E-04   -0.80340E-03   -0.25109E-04   -0.44784E-03   -0.26130E-02   -0.75731E+02   -0.79978E+01    0.43939E+01   -0.26987E+01   -0.25593E+01    0.77962E+01    0.44659E-01    0.26383E+00   -0.14774E+00    0.31701E-04   -0.13670E-05   -0.28782E-01    0.72482E-01    0.12608E+00    0.11011E+00    0.90952E-03    0.25279E-01   -0.20714E-01   -0.91825E-01    0.50427E-01   -0.73549E-02   -0.49530E-01   -0.36892E-01   -0.64217E-01    0.14988E-01   -0.65500E-01   -0.29948E-03    0.75262E-02   -0.12105E+00    0.10253E-01    0.13130E-01   -0.52163E-02   -0.58945E-01
    0.18541E-06    0.25054E-05   -0.16811E-07    0.43508E-04    0.50308E-05    0.63814E-04    0.11884E-03   -0.10929E+01   -0.25679E+00   -0.19863E-01    0.84325E-02    0.54158E-01    0.44659E-01    0.81824E-02   -0.71590E-02    0.76167E-02    0.10473E-05   -0.26833E-04    0.36827E-02   -0.95853E-02    0.80745E-02    0.43534E-02    0.40921E-03    0.15760E-03    0.95286E-03    0.74919E-02   -0.44036E-03    0.11999E-02   -0.21041E-02   -0.12179E-02   -0.99737E-02   -0.64555E-03   -0.30939E-02   -0.30265E-03   -0.22354E-02   -0.11551E-02    0.17397E-02   -0.43034E-02   -0.58682E-02   -0.18880E-02
   -0.29426E-05    0.14236E-04   -0.24933E-05   -0.33900E-03   -0.93990E-05   -0.35591E-03   -0.81300E-03    0.26119E+00   -0.19248E+00   -0.84925E+00    0.22850E+00    0.36351E+00    0.26383E+00   -0.71590E-02    0.43218E-01   -0.13233E-01   -0.38003E-06    0.83495E-04    0.29212E-03   -0.38715E-01   -0.21939E-01   -0.79079E-02   -0.58099E-04    0.35787E-02   -0.37585E-02   -0.27968E-01   -0.34086E-02    0.15148E-02   -0.44710E-03   -0.41178E-03    0.31066E-01   -0.15200E-02    0.32896E-02    0.12304E-02    0.58170E-02   -0.48684E-03   -0.36782E-02    0.41063E-02    0.51633E-02   -0.22127E-02
   -0.22650E-05    0.33745E-05    0.17619E-06   -0.17560E-05    0.92320E-05    0.23068E-04    0.37364E-04    0.12691E+01   -0.15760E+00   -0.97415E+00    0.19881E+00    0.49196E+00   -0.14774E+00    0.76167E-02   -0.13233E-01    0.21177E-01   -0.16603E-07   -0.20918E-04   -0.21984E-02   -0.77149E-02    0.74139E-02   -0.75366E-02   -0.66349E-04   -0.33577E-02   -0.22804E-03    0.47782E-02    0.23689E-02   -0.42878E-02    0.86293E-02   -0.10678E-01   -0.13689E-01   -0.18423E-01   -0.14165E-02   -0.13772E-01   -0.89817E-02   -0.56158E-02   -0.21688E-02   -0.44735E-02    0.23660E-02    0.11288E-01
    0.11898E-08    0.23840E-07   -0.85303E-08   -0.36267E-07   -0.25086E-07   -0.12117E-06    0.74747E-07    0.63661E-03    0.13315E-03    0.96141E-04   -0.10562E-03   -0.36415E-04    0.31701E-04    0.10473E-05   -0.38003E-06   -0.16603E-07    0.16184E-06    0.10554E-07   -0.28751E-06    0.77351E-06   -0.26814E-04   -0.13956E-04   -0.25094E-05    0.16040E-05   -0.16453E-05    0.89663E-05    0.32659E-05    0.35627E-05   -0.55079E-06   -0.11431E-04    0.93348E-05   -0.37575E-05   -0.10768E-04   -0.86301E-06    0.63029E-05    0.10149E-04    0.11305E-04   -0.68122E-05   -0.74708E-06   -0.47029E-05
   -0.10161E-07    0.44665E-07   -0.96921E-08   -0.43172E-06   -0.48498E-07   -0.17220E-06   -0.52462E-06   -0.23247E-02    0.30648E-02   -0.40584E-02   -0.11537E-02    0.16611E-02   -0.13670E-05   -0.26833E-04    0.83495E-04   -0.20918E-04    0.10554E-07    0.17069E-05   -0.56683E-05   -0.24550E-04    0.11517E-03    0.31538E-04   -0.73686E-05    0.37457E-04   -0.11275E-05    0.20804E-03    0.93025E-05    0.10730E-04    0.26825E-04    0.11130E-04   -0.21214E-03   -0.16446E-04   -0.23066E-04    0.11455E-04   -0.32669E-04    0.85940E-05    0.39379E-04   -0.29477E-04   -0.30815E-04    0.31453E-04
   -0.17948E-06    0.65788E-05   -0.26093E-05    0.68026E-05    0.51051E-05    0.29286E-04    0.58313E-04   -0.41952E+00    0.12860E+01    0.33424E+00    0.32771E-01   -0.17427E+00   -0.28782E-01    0.36827E-02    0.29212E-03   -0.21984E-02   -0.28751E-06   -0.56683E-05    0.83243E-01    0.20465E-01    0.39058E-02    0.14197E-02   -0.42286E-02    0.13166E-03   -0.46394E-02    0.93554E-03    0.50093E-03   -0.69699E-03    0.29316E-02    0.46650E-02   -0.35525E-03    0.51503E-02    0.30079E-02    0.49696E-02   -0.27740E-02    0.10326E-04    0.44738E-03    0.33337E-02    0.51588E-02    0.35344E-02
   -0.37262E-04    0.72240E-04   -0.61565E-05   -0.22702E-02   -0.41611E-04   -0.27514E-02   -0.56771E-02   -0.23655E+02   -0.13149E+02   -0.10217E+02   -0.10901E+01   -0.16453E+01    0.72482E-01   -0.95853E-02   -0.38715E-01   -0.77149E-02    0.77351E-06   -0.24550E-04    0.20465E-01    0.80502E+01    0.15887E-01    0.35067E-01   -0.33753E-01   -0.37319E-03    0.35901E-01    0.13761E+00    0.26556E-01   -0.48342E-01    0.35593E-01    0.21091E-01   -0.50377E-01   -0.20802E-01   -0.47013E-01    0.46461E-02    0.81788E-02    0.83607E-01   -0.21742E-01    0.38976E-02   -0.13581E-01    0.19404E-01
   -0.83768E-05    0.20437E-03   -0.26219E-04    0.28824E-04   -0.93894E-04   -0.37420E-03    0.13334E-02    0.10701E+02    0.13283E+01    0.14689E+01   -0.10435E+01   -0.60058E+00    0.12608E+00    0.80745E-02   -0.21939E-01    0.74139E-02   -0.26814E-04    0.11517E-03    0.39058E-02    0.15887E-01    0.73203E+00   -0.12275E+00    0.18642E-04    0.22683E-01    0.48227E-02    0.18443E+00   -0.45794E-01   -0.14540E-01   -0.55518E-02   -0.67962E-01    0.94481E-02    0.25486E-01   -0.35140E-01   -0.40156E-01   -0.11795E+00    0.14420E+00    0.46783E-01   -0.11330E-01    0.96608E-02    0.85758E-01
   -0.11811E-04   -0.11434E-04    0.15075E-04   -0.19331E-03    0.63684E-04    0.10513E-03   -0.31396E-03   -0.95798E+01    0.73505E+00    0.98045E+00   -0.54865E+00   -0.50438E+00    0.11011E+00    0.43534E-02   -0.79079E-02   -0.75366E-02   -0.13956E-04    0.31538E-04    0.14197E-02    0.35067E-01   -0.12275E+00    0.90472E+00    0.89162E-02   -0.11071E-01    0.12902E-01   -0.13913E+00    0.18937E+00    0.68127E-01   -0.32322E-01    0.40104E-01   -0.12767E+00    0.32992E-02    0.29328E-01    0.25169E-01    0.15197E+00   -0.22330E+00    0.45266E-01    0.11633E+00    0.13071E-02   -0.21450E+00
    0.65057E-05   -0.61071E-04    0.10542E-04    0.26851E-03   -0.31216E-04    0.13745E-03    0.42910E-03   -0.33470E-01    0.34655E-01   -0.17955E+00   -0.92142E-01    0.28278E-01    0.90952E-03    0.40921E-03   -0.58099E-04   -0.66349E-04   -0.25094E-05   -0.73686E-05   -0.42286E-02   -0.33753E-01    0.18642E-04    0.89162E-02    0.99479E+00    0.89478E-02    0.59670E-02   -0.53359E-01   -0.31690E-01    0.15552E+00   -0.10983E-01    0.69894E-01   -0.17347E-01    0.35122E-01   -0.17344E-01   -0.95985E-02    0.10223E+00   -0.68351E-01    0.26677E-01    0.23127E-02   -0.16515E+00    0.81266E-01
   -0.26383E-05    0.27948E-04    0.11618E-05    0.11243E-03    0.41738E-04   -0.14333E-04    0.28539E-03   -0.25084E+00    0.20918E+00    0.51752E-01   -0.16066E+00   -0.21207E-01    0.25279E-01    0.15760E-03    0.35787E-02   -0.33577E-02    0.16040E-05    0.37457E-04    0.13166E-03   -0.37319E-03    0.22683E-01   -0.11071E-01    0.89478E-02    0.10270E+01    0.17359E-02    0.47252E-01   -0.11032E+00    0.81537E-01   -0.79337E-01    0.61684E-01    0.57901E-01    0.13460E+00    0.53603E-01    0.17580E+00   -0.10021E+00    0.72801E-01    0.37140E-01   -0.18427E-01   -0.12155E+00    0.87782E-01
    0.68709E-06   -0.29227E-04    0.92302E-05   -0.86139E-04    0.33229E-04    0.11106E-03   -0.28950E-03    0.40570E+00   -0.28543E+00    0.93052E-01    0.98406E-01   -0.19812E-01   -0.20714E-01    0.95286E-03   -0.37585E-02   -0.22804E-03   -0.16453E-05   -0.11275E-05   -0.46394E-02    0.35901E-01    0.48227E-02    0.12902E-01    0.59670E-02    0.17359E-02    0.97044E+00    0.70111E-01    0.36832E-01   -0.41959E-01    0.46349E-01    0.82102E-01    0.65296E-01   -0.65112E-01   -0.85460E-01    0.75219E-01    0.48390E-01    0.12074E+00   -0.67497E-01    0.77823E-01   -0.33485E-01    0.51462E-02
    0.54355E-05    0.19901E-05   -0.53221E-06    0.22386E-03    0.78390E-05    0.25703E-03    0.75951E-03   -0.68114E+00   -0.20743E+01    0.11511E+01    0.75582E+00   -0.49379E+00   -0.91825E-01    0.74919E-02   -0.27968E-01    0.47782E-02    0.89663E-05    0.20804E-03    0.93554E-03    0.13761E+00    0.18443E+00   -0.13913E+00   -0.53359E-01    0.47252E-01    0.70111E-01    0.87097E+00    0.41522E-02   -0.48847E-02   -0.10170E-02   -0.47091E-03    0.22570E-01    0.12564E+00   -0.13234E+00    0.50500E-01   -0.63494E-01    0.65675E+00    0.24998E+00   -0.51150E-01   -0.54832E-01    0.85729E-01
   -0.32965E-05    0.13375E-05   -0.17167E-06   -0.68181E-05    0.41739E-04    0.83027E-04   -0.11815E-04   -0.52360E+01   -0.53299E+00    0.41433E+00    0.14861E+00   -0.13145E+00    0.50427E-01   -0.44036E-03   -0.34086E-02    0.23689E-02    0.32659E-05    0.93025E-05    0.50093E-03    0.26556E-01   -0.45794E-01    0.18937E+00   -0.31690E-01   -0.11032E+00    0.36832E-01    0.41522E-02    0.97679E+00    0.18887E-01    0.35597E-02   -0.17988E-01    0.47738E-01   -0.17431E-01   -0.57556E-01   -0.63972E-02    0.14835E+00   -0.73387E-01    0.27539E+00    0.74306E+00    0.28222E+00   -0.19524E+00
   -0.54786E-05    0.20070E-07   -0.97821E-05    0.11603E-03    0.28044E-04    0.11053E-03    0.22510E-03   -0.10604E+01   -0.16273E+00   -0.22297E-02   -0.33958E-01   -0.26453E-01   -0.73549E-02    0.11999E-02    0.15148E-02   -0.42878E-02    0.35627E-05    0.10730E-04   -0.69699E-03   -0.48342E-01   -0.14540E-01    0.68127E-01    0.15552E+00    0.81537E-01   -0.41959E-01   -0.48847E-02    0.18887E-01    0.99937E+00   -0.76522E-02   -0.13286E-01    0.67786E-01   -0.53499E-01    0.13578E+00    0.15635E+00   -0.15682E+00   -0.20719E+00    0.64212E+00    0.15031E+00   -0.62072E+00    0.16617E+00
    0.11100E-05   -0.33867E-04   -0.48458E-06   -0.28743E-03    0.14748E-04    0.60810E-04   -0.65015E-03   -0.17397E-01   -0.29715E+00   -0.16660E+00    0.15886E+00    0.15961E+00   -0.49530E-01   -0.21041E-02   -0.44710E-03    0.86293E-02   -0.55079E-06    0.26825E-04    0.29316E-02    0.35593E-01   -0.55518E-02   -0.32322E-01   -0.10983E-01   -0.79337E-01    0.46349E-01   -0.10170E-02    0.35597E-02   -0.76522E-02    0.98057E+00   -0.73407E-02   -0.13174E-01   -0.94465E-01   -0.15725E+00   -0.38073E-01   -0.11089E+00   -0.60497E-01    0.78043E-01   -0.45166E-01    0.30036E+00    0.66271E+00
    0.84399E-05   -0.36600E-04    0.55353E-05    0.42561E-04   -0.43766E-04    0.11452E-03   -0.75154E-04   -0.72254E+00   -0.15559E+00    0.29430E+00    0.45234E-01   -0.23386E+00   -0.36892E-01   -0.12179E-02   -0.41178E-03   -0.10678E-01   -0.11431E-04    0.11130E-04    0.46650E-02    0.21091E-01   -0.67962E-01    0.40104E-01    0.69894E-01    0.61684E-01    0.82102E-01   -0.47091E-03   -0.17988E-01   -0.13286E-01   -0.73407E-02    0.10107E+01   -0.64798E-01    0.11854E+00    0.44119E-01    0.16532E+00    0.67316E-02    0.12766E+00   -0.57237E+00    0.37938E+00   -0.33289E+00    0.23177E+00
   -0.34516E-05    0.30781E-04   -0.84146E-05   -0.20367E-03   -0.18354E-04   -0.23444E-03   -0.33767E-03    0.18585E+01    0.12408E+01   -0.11822E+01   -0.29564E+00    0.48736E+00   -0.64217E-01   -0.99737E-02    0.31066E-01   -0.13689E-01    0.93348E-05   -0.21214E-03   -0.35525E-03   -0.50377E-01    0.94481E-02   -0.12767E+00   -0.17347E-01    0.57901E-01    0.65296E-01    0.22570E-01    0.47738E-01    0.67786E-01   -0.13174E-01   -0.64798E-01    0.94002E+00   -0.86674E-02   -0.21690E-01    0.74919E-03   -0.12555E-02    0.61497E+00    0.16537E+00    0.11867E+00    0.59180E-01   -0.94319E-01
    0.20982E-05   -0.47812E-04    0.12242E-06    0.17137E-04    0.46818E-05    0.81671E-04   -0.78241E-04    0.48840E+00    0.13899E+00    0.72659E+00   -0.64000E-01   -0.46213E+00    0.14988E-01   -0.64555E-03   -0.15200E-02   -0.18423E-01   -0.37575E-05   -0.16446E-04    0.51503E-02   -0.20802E-01    0.25486E-01    0.32992E-02    0.35122E-01    0.13460E+00   -0.65112E-01    0.12564E+00   -0.17431E-01   -0.53499E-01   -0.94465E-01    0.11854E+00   -0.86674E-02    0.98038E+00    0.10684E-01    0.57905E-02    0.31811E-02    0.10232E+00    0.13598E+00   -0.54424E-02    0.13548E+00    0.15498E+00
   -0.10629E-04   -0.17730E-05   -0.10090E-04   -0.18672E-03    0.79504E-04    0.60933E-04   -0.50445E-03    0.40443E+00    0.71369E+00   -0.18459E+00   -0.18845E+00    0.72565E-01   -0.65500E-01   -0.30939E-02    0.32896E-02   -0.14165E-02   -0.10768E-04   -0.23066E-04    0.30079E-02   -0.47013E-01   -0.35140E-01    0.29328E-01   -0.17344E-01    0.53603E-01   -0.85460E-01   -0.13234E+00   -0.57556E-01    0.13578E+00   -0.15725E+00    0.44119E-01   -0.21690E-01    0.10684E-01    0.99085E+00   -0.50785E-02    0.77875E-02   -0.14709E+00    0.24656E-01    0.16518E+00    0.27756E-01   -0.64970E-01
   -0.15208E-05   -0.28871E-04    0.19336E-05    0.13533E-03    0.33709E-04    0.12221E-03    0.10907E-03   -0.61180E+00   -0.87694E-01    0.72548E+00   -0.35327E-02   -0.36222E+00   -0.29948E-03   -0.30265E-03    0.12304E-02   -0.13772E-01   -0.86301E-06    0.11455E-04    0.49696E-02    0.46461E-02   -0.40156E-01    0.25169E-01   -0.95985E-02    0.17580E+00    0.75219E-01    0.50500E-01   -0.63972E-02    0.15635E+00   -0.38073E-01    0.16532E+00    0.74919E-03    0.57905E-02   -0.50785E-02    0.10004E+01   -0.68083E-02    0.21881E-01    0.39636E-01    0.13630E+00   -0.28626E+00    0.11652E+00
   -0.58367E-06   -0.13643E-04    0.66842E-05    0.13530E-03    0.17738E-04   -0.56180E-04    0.14182E-03   -0.24220E+01   -0.12762E-01    0.64392E-01    0.61547E-01   -0.10293E+00    0.75262E-02   -0.22354E-02    0.58170E-02   -0.89817E-02    0.63029E-05   -0.32669E-04   -0.27740E-02    0.81788E-02   -0.11795E+00    0.15197E+00    0.10223E+00   -0.10021E+00    0.48390E-01   -0.63494E-01    0.14835E+00   -0.15682E+00   -0.11089E+00    0.67316E-02   -0.12555E-02    0.31811E-02    0.77875E-02   -0.68083E-02    0.95894E+00   -0.34794E-01   -0.58008E-01    0.32364E-01    0.18875E+00   -0.11061E+00
    0.49937E-05    0.14033E-04   -0.89034E-06    0.56663E-04   -0.27993E-04    0.20445E-04    0.36509E-03    0.16017E+01   -0.65335E+00   -0.48470E-02    0.36310E+00   -0.29143E-01   -0.12105E+00   -0.11551E-02   -0.48684E-03   -0.56158E-02    0.10149E-04    0.85940E-05    0.10326E-04    0.83607E-01    0.14420E+00   -0.22330E+00   -0.68351E-01    0.72801E-01    0.12074E+00    0.65675E+00   -0.73387E-01   -0.20719E+00   -0.60497E-01    0.12766E+00    0.61497E+00    0.10232E+00   -0.14709E+00    0.21881E-01   -0.34794E-01    0.98836E+00   -0.19495E-01    0.37376E-02    0.11557E-01   -0.13670E-01
   -0.77946E-05    0.27154E-04   -0.13452E-04   -0.12247E-04    0.59050E-04    0.72534E-04    0.13933E-03   -0.22555E+01   -0.53970E+00    0.45907E+00    0.14992E+00   -0.16671E+00    0.10253E-01    0.17397E-02   -0.36782E-02   -0.21688E-02    0.11305E-04    0.39379E-04    0.44738E-03   -0.21742E-01    0.46783E-01    0.45266E-01    0.26677E-01    0.37140E-01   -0.67497E-01    0.24998E+00    0.27539E+00    0.64212E+00    0.78043E-01   -0.57237E+00    0.16537E+00    0.13598E+00    0.24656E-01    0.39636E-01   -0.58008E-01   -0.19495E-01    0.10055E+01    0.85993E-02   -0.91234E-02   -0.20015E-01
   -0.33316E-05   -0.72036E-05    0.67042E-06   -0.94238E-05    0.48542E-04    0.11509E-03   -0.49333E-04   -0.26106E+01   -0.39750E-01    0.47088E+00   -0.39215E-01   -0.19760E+00    0.13130E-01   -0.43034E-02    0.41063E-02   -0.44735E-02   -0.68122E-05   -0.29477E-04    0.33337E-02    0.38976E-02   -0.11330E-01    0.11633E+00    0.23127E-02   -0.18427E-01    0.77823E-01   -0.51150E-01    0.74306E+00    0.15031E+00   -0.45166E-01    0.37938E+00    0.11867E+00   -0.54424E-02    0.16518E+00    0.13630E+00    0.32364E-01    0.37376E-02    0.85993E-02    0.95327E+00   -0.12878E-01    0.22184E-02
   -0.12876E-05   -0.23226E-05    0.25796E-06   -0.29431E-03    0.34255E-04   -0.10588E-03   -0.58708E-03   -0.12559E+00    0.51720E+00    0.14617E+00   -0.52777E-01    0.41839E-01   -0.52163E-02   -0.58682E-02    0.51633E-02    0.23660E-02   -0.74708E-06   -0.30815E-04    0.51588E-02   -0.13581E-01    0.96608E-02    0.13071E-02   -0.16515E+00   -0.12155E+00   -0.33485E-01   -0.54832E-01    0.28222E+00   -0.62072E+00    0.30036E+00   -0.33289E+00    0.59180E-01    0.13548E+00    0.27756E-01   -0.28626E+00    0.18875E+00    0.11557E-01   -0.91234E-02   -0.12878E-01    0.98130E+00   -0.32284E-02
    0.26275E-05   -0.41749E-04    0.14608E-05   -0.17610E-03    0.98830E-06    0.11014E-03   -0.41903E-03    0.30827E+01   -0.23467E+00   -0.23428E+00    0.19592E+00    0.17922E+00   -0.58945E-01   -0.18880E-02   -0.22127E-02    0.11288E-01   -0.47029E-05    0.31453E-04    0.35344E-02    0.19404E-01    0.85758E-01   -0.21450E+00    0.81266E-01    0.87782E-01    0.51462E-02    0.85729E-01   -0.19524E+00    0.16617E+00    0.66271E+00    0.23177E+00   -0.94319E-01    0.15498E+00   -0.64970E-01    0.11652E+00   -0.11061E+00   -0.13670E-01   -0.20015E-01    0.22184E-02   -0.32284E-02    0.97275E+00
