# omegabh2 omegach2 theta tau alpha1 ns logA aps100 aps143 aps217 acib143 acib217 asz143 psr cibr ncib cal0 cal2 xi aksz bm_1_1 bm_1_2 bm_1_3 bm_1_4 bm_1_5 bm_2_1 bm_2_2 bm_2_3 bm_2_4 bm_2_5 bm_3_1 bm_3_2 bm_3_3 bm_3_4 bm_3_5 bm_4_1 bm_4_2 bm_4_3 bm_4_4 bm_4_5
    0.83727E-07   -0.28213E-06    0.49542E-07    0.15741E-05   -0.21467E-06    0.72299E-06    0.27831E-05   -0.13419E-02   -0.71810E-03   -0.22408E-03   -0.11718E-03   -0.15845E-03    0.63746E-04    0.71959E-06   -0.24958E-05   -0.81735E-06   -0.83162E-09   -0.95928E-08   -0.66375E-06   -0.48169E-04   -0.37854E-05   -0.93882E-05    0.87874E-05   -0.10854E-05   -0.28810E-06    0.36219E-05   -0.95269E-05   -0.63748E-05   -0.96937E-06    0.87791E-05   -0.39358E-05   -0.25940E-05   -0.91299E-05   -0.47542E-05   -0.66670E-05    0.54523E-05   -0.14473E-04   -0.92410E-05   -0.70791E-05    0.11622E-06
   -0.28213E-06    0.61248E-05   -0.71085E-06   -0.10095E-04   -0.13779E-05   -0.15851E-04   -0.43665E-05    0.33841E-02    0.31989E-02    0.12542E-02   -0.25572E-04    0.18998E-03   -0.47213E-04    0.31749E-05    0.84094E-05    0.11631E-05    0.14781E-07    0.55910E-07    0.29176E-04    0.18473E-03    0.18466E-03    0.16491E-04   -0.61309E-04    0.31853E-04   -0.15362E-04   -0.21371E-05   -0.52214E-05   -0.51991E-04   -0.65802E-04   -0.21863E-04    0.52638E-05   -0.14012E-05    0.29630E-04    0.46914E-04    0.50807E-04    0.57954E-05   -0.76570E-05    0.20393E-04    0.27197E-04   -0.19984E-05
    0.49542E-07   -0.71085E-06    0.45741E-06    0.65975E-06    0.69281E-06    0.30924E-05   -0.51079E-06   -0.11856E-02   -0.22025E-03   -0.22311E-03   -0.97147E-04   -0.49162E-04    0.31677E-04   -0.52006E-06   -0.96899E-06    0.96221E-06   -0.73499E-08   -0.14967E-07   -0.53844E-05   -0.40737E-04   -0.25251E-04    0.20161E-04    0.54155E-05   -0.16048E-04    0.71801E-05   -0.96220E-05   -0.19017E-05   -0.14051E-05    0.55654E-05   -0.17671E-05   -0.63940E-05   -0.27531E-04   -0.16426E-04   -0.17303E-04   -0.18838E-05   -0.88095E-05   -0.11443E-04   -0.12923E-04   -0.61925E-05   -0.13482E-04
    0.15741E-05   -0.10095E-04    0.65975E-06    0.22687E-03   -0.11017E-04    0.30403E-04    0.43492E-03   -0.44923E-01   -0.13480E-01    0.25334E-02   -0.53420E-02   -0.69251E-02   -0.69067E-03    0.18879E-04   -0.28137E-03    0.18794E-04   -0.11908E-06   -0.35766E-06   -0.33840E-05   -0.24192E-02   -0.98999E-04   -0.66084E-04    0.25929E-03   -0.66383E-05   -0.11457E-03    0.29390E-04   -0.14014E-03    0.71699E-04   -0.14429E-03    0.26832E-03   -0.34983E-03   -0.32389E-03   -0.22357E-03   -0.12712E-03    0.54029E-04   -0.97140E-04   -0.41748E-03   -0.11341E-03   -0.39080E-03   -0.89067E-04
   -0.21467E-06   -0.13779E-05    0.69281E-06   -0.11017E-04    0.69277E-05    0.97884E-05   -0.28984E-04   -0.21328E-02    0.86222E-03    0.42434E-03   -0.18475E-03    0.80278E-04   -0.11893E-03    0.61670E-05   -0.11443E-04    0.15937E-04   -0.52151E-09   -0.37602E-07   -0.30145E-05   -0.63432E-04   -0.12575E-03    0.33426E-04   -0.90721E-04    0.15240E-04    0.18276E-04    0.21842E-04    0.35106E-04    0.47774E-04   -0.17059E-05   -0.10420E-03    0.16362E-04   -0.58233E-04    0.60450E-04   -0.39864E-04   -0.13031E-04   -0.10967E-04    0.10534E-03    0.15390E-04    0.48643E-04   -0.49047E-04
    0.72299E-06   -0.15851E-04    0.30924E-05    0.30403E-04    0.97884E-05    0.69024E-04    0.15657E-04   -0.69423E-01   -0.54796E-02    0.90113E-02   -0.83413E-02   -0.80991E-02   -0.43737E-03    0.61068E-04   -0.32160E-03    0.43496E-04   -0.10288E-06   -0.18363E-06   -0.67789E-04   -0.27273E-02   -0.36739E-03    0.67689E-04    0.89936E-04   -0.17595E-03    0.12926E-03    0.22387E-03    0.12471E-03    0.33075E-03    0.77063E-04    0.16914E-04   -0.11462E-03   -0.17433E-03   -0.14187E-03   -0.19112E-03   -0.26772E-03    0.37117E-04    0.16646E-03    0.49477E-04   -0.31981E-03   -0.57776E-04
    0.27831E-05   -0.43665E-05   -0.51079E-06    0.43492E-03   -0.28984E-04    0.15657E-04    0.88237E-03   -0.98628E-01   -0.12557E-01    0.15266E-01   -0.14815E-01   -0.16439E-01   -0.23956E-02    0.73910E-04   -0.70291E-03    0.76328E-04   -0.12071E-06   -0.41652E-06    0.10561E-03   -0.56783E-02    0.99742E-03    0.14024E-04    0.44149E-03    0.10511E-03   -0.26281E-03    0.32137E-03   -0.34253E-03    0.13193E-04   -0.45663E-03    0.44960E-03   -0.68634E-03   -0.62789E-03   -0.43059E-03   -0.14602E-03    0.11978E-03    0.25840E-04   -0.80482E-03   -0.17207E-03   -0.73706E-03   -0.10557E-03
   -0.13419E-02    0.33841E-02   -0.11856E-02   -0.44923E-01   -0.21328E-02   -0.69423E-01   -0.98628E-01    0.27068E+04    0.65227E+02   -0.12103E+03    0.11178E+03    0.94205E+02   -0.73710E+02   -0.11016E+01    0.56606E-01    0.11070E+01    0.82621E-03   -0.26793E-02   -0.20315E+00   -0.24133E+02    0.10739E+02   -0.94103E+01    0.50064E-01   -0.13145E+00   -0.23425E+00   -0.10400E+01   -0.42911E+01   -0.15520E+01    0.71311E+00   -0.22563E+00    0.19517E+01    0.67650E+00    0.60781E-02   -0.44370E+00   -0.22213E+01    0.13828E+01   -0.23005E+01   -0.19645E+01    0.82462E+00    0.25331E+01
   -0.71810E-03    0.31989E-02   -0.22025E-03   -0.13480E-01    0.86222E-03   -0.54796E-02   -0.12557E-01    0.65227E+02    0.19073E+03    0.56929E+02   -0.34473E+02   -0.10197E+02   -0.83172E+01   -0.25032E+00   -0.14937E+00   -0.14991E+00    0.11243E-03    0.28157E-02    0.12572E+01   -0.12892E+02    0.14797E+01    0.65072E+00   -0.72601E-01    0.28710E+00   -0.11083E+00   -0.20758E+01   -0.99803E-01    0.26622E-01   -0.24498E+00   -0.24092E+00    0.16488E+01    0.11356E+00    0.81788E+00    0.10812E+00   -0.40254E+00   -0.49403E+00   -0.21039E+00    0.41731E+00    0.56075E+00   -0.22856E+00
   -0.22408E-03    0.12542E-02   -0.22311E-03    0.25334E-02    0.42434E-03    0.90113E-02    0.15266E-01   -0.12103E+03    0.56929E+02    0.19160E+03   -0.29648E+02   -0.65245E+02    0.35419E+01   -0.29988E-01   -0.79450E+00   -0.95481E+00   -0.25541E-04   -0.40313E-02    0.30674E+00   -0.92570E+01    0.13984E+01    0.91920E+00   -0.35228E-01    0.12483E+00    0.47702E+00    0.10933E+01    0.20003E+00    0.19316E+00   -0.21216E+00    0.42016E+00   -0.93916E+00    0.81986E+00   -0.18857E+00    0.74935E+00   -0.34398E-01    0.12085E+00    0.43280E+00    0.47646E+00   -0.67764E-01   -0.99512E-01
   -0.11718E-03   -0.25572E-04   -0.97147E-04   -0.53420E-02   -0.18475E-03   -0.83413E-02   -0.14815E-01    0.11178E+03   -0.34473E+02   -0.29648E+02    0.25587E+02    0.15848E+02   -0.24305E+01    0.43619E-02    0.20294E+00    0.18035E+00   -0.82343E-04   -0.11298E-02    0.53989E-01   -0.12284E+01   -0.10615E+01   -0.56183E+00   -0.67126E-01   -0.18615E+00   -0.59897E-01    0.82550E+00    0.19213E+00   -0.19035E+00    0.19872E+00    0.12256E+00   -0.45223E+00    0.43172E-01   -0.21334E+00   -0.75920E-01    0.15365E+00    0.34254E+00    0.83542E-01   -0.78984E-01    0.80368E-01    0.17196E+00
   -0.15845E-03    0.18998E-03   -0.49162E-04   -0.69251E-02    0.80278E-04   -0.80991E-02   -0.16439E-01    0.94205E+02   -0.10197E+02   -0.65245E+02    0.15848E+02    0.30959E+02   -0.20164E+01    0.55512E-01    0.35244E+00    0.47310E+00   -0.25521E-05    0.17178E-02   -0.16452E+00   -0.20275E+01   -0.55587E+00   -0.47048E+00   -0.83000E-02   -0.62329E-01   -0.18946E+00   -0.43529E+00    0.34507E-02   -0.11754E+00    0.17129E+00   -0.25331E+00    0.39326E+00   -0.41233E+00    0.55008E-01   -0.37250E+00   -0.26553E-01   -0.55713E-01   -0.11648E+00   -0.17455E+00    0.15839E+00    0.95155E-01
    0.63746E-04   -0.47213E-04    0.31677E-04   -0.69067E-03   -0.11893E-03   -0.43737E-03   -0.23956E-02   -0.73710E+02   -0.83172E+01    0.35419E+01   -0.24305E+01   -0.20164E+01    0.78087E+01    0.46552E-01    0.28082E+00   -0.13929E+00    0.15738E-04    0.63128E-04   -0.42450E-01   -0.13875E+00    0.12024E+00    0.10546E+00    0.23287E-01    0.79332E-02   -0.23674E-01   -0.82789E-01    0.25317E-02    0.17021E-01   -0.34702E-01   -0.95699E-01   -0.54009E-01    0.25034E-02   -0.66805E-01    0.13774E-01    0.49699E-01   -0.11703E+00    0.37023E-01   -0.31157E-01   -0.10829E-01   -0.84894E-02
    0.71959E-06    0.31749E-05   -0.52006E-06    0.18879E-04    0.61670E-05    0.61068E-04    0.73910E-04   -0.11016E+01   -0.25032E+00   -0.29988E-01    0.43619E-02    0.55512E-01    0.46552E-01    0.81350E-02   -0.69688E-02    0.74818E-02    0.11603E-05   -0.23694E-04    0.38081E-02   -0.14346E-01    0.81120E-02    0.47527E-02    0.12745E-02   -0.13970E-02    0.10527E-02    0.83110E-02   -0.16266E-02    0.15869E-02   -0.36075E-02   -0.11445E-02   -0.10951E-01    0.76139E-03   -0.29591E-02   -0.91793E-03    0.37947E-04   -0.10416E-02    0.15346E-02   -0.52863E-02   -0.66608E-02   -0.21708E-02
   -0.24958E-05    0.84094E-05   -0.96899E-06   -0.28137E-03   -0.11443E-04   -0.32160E-03   -0.70291E-03    0.56606E-01   -0.14937E+00   -0.79450E+00    0.20294E+00    0.35244E+00    0.28082E+00   -0.69688E-02    0.45296E-01   -0.13259E-01    0.16720E-06    0.88157E-04    0.30156E-03   -0.48970E-01   -0.20899E-01   -0.80807E-02    0.14170E-02    0.31240E-02   -0.91142E-02   -0.29291E-01   -0.54021E-03   -0.55456E-03    0.27461E-02   -0.61021E-02    0.31417E-01   -0.40745E-02    0.16779E-02    0.22769E-02    0.99683E-02   -0.25166E-02   -0.37223E-03    0.31263E-02    0.10155E-01   -0.17402E-02
   -0.81735E-06    0.11631E-05    0.96221E-06    0.18794E-04    0.15937E-04    0.43496E-04    0.76328E-04    0.11070E+01   -0.14991E+00   -0.95481E+00    0.18035E+00    0.47310E+00   -0.13929E+00    0.74818E-02   -0.13259E-01    0.20738E-01    0.81837E-06   -0.18675E-04   -0.22359E-02   -0.14567E-01    0.76368E-02   -0.63551E-02   -0.95279E-03   -0.52072E-02   -0.12933E-02    0.54946E-02    0.45756E-02   -0.47458E-02    0.69594E-02   -0.89045E-02   -0.15375E-01   -0.16715E-01   -0.19079E-02   -0.14791E-01   -0.78593E-02   -0.58014E-02   -0.30885E-02   -0.24694E-02    0.16428E-02    0.89124E-02
   -0.83162E-09    0.14781E-07   -0.73499E-08   -0.11908E-06   -0.52151E-09   -0.10288E-06   -0.12071E-06    0.82621E-03    0.11243E-03   -0.25541E-04   -0.82343E-04   -0.25521E-05    0.15738E-04    0.11603E-05    0.16720E-06    0.81837E-06    0.15661E-06    0.12470E-07    0.26132E-06    0.18215E-04   -0.23816E-04   -0.10900E-04    0.44714E-06    0.40946E-05   -0.74305E-06    0.10276E-04   -0.42639E-05    0.89342E-06    0.93853E-05   -0.97196E-05    0.90016E-05    0.14378E-05   -0.87362E-05    0.27966E-05    0.72741E-05    0.11787E-04    0.85174E-05   -0.78019E-05    0.50447E-05    0.42229E-05
   -0.95928E-08    0.55910E-07   -0.14967E-07   -0.35766E-06   -0.37602E-07   -0.18363E-06   -0.41652E-06   -0.26793E-02    0.28157E-02   -0.40313E-02   -0.11298E-02    0.17178E-02    0.63128E-04   -0.23694E-04    0.88157E-04   -0.18675E-04    0.12470E-07    0.16839E-05   -0.52904E-05   -0.53793E-04    0.11771E-03    0.30649E-04   -0.29156E-04    0.70063E-04   -0.24376E-04    0.20663E-03    0.24697E-04    0.33335E-04    0.25777E-04   -0.68448E-05   -0.20372E-03   -0.19845E-04   -0.12335E-04    0.28961E-04   -0.38561E-04   -0.18318E-05    0.80078E-04   -0.21245E-04   -0.16333E-04    0.31400E-04
   -0.66375E-06    0.29176E-04   -0.53844E-05   -0.33840E-05   -0.30145E-05   -0.67789E-04    0.10561E-03   -0.20315E+00    0.12572E+01    0.30674E+00    0.53989E-01   -0.16452E+00   -0.42450E-01    0.38081E-02    0.30156E-03   -0.22359E-02    0.26132E-06   -0.52904E-05    0.84399E-01    0.27476E-01    0.26175E-02    0.78205E-03   -0.24316E-02   -0.22123E-02   -0.10908E-01    0.17506E-02    0.26149E-02   -0.60450E-03    0.39746E-02    0.42596E-02   -0.75414E-03    0.61744E-02    0.95713E-02    0.49719E-02   -0.37460E-02   -0.34802E-03    0.21293E-02    0.48620E-02    0.90042E-02    0.60315E-02
   -0.48169E-04    0.18473E-03   -0.40737E-04   -0.24192E-02   -0.63432E-04   -0.27273E-02   -0.56783E-02   -0.24133E+02   -0.12892E+02   -0.92570E+01   -0.12284E+01   -0.20275E+01   -0.13875E+00   -0.14346E-01   -0.48970E-01   -0.14567E-01    0.18215E-04   -0.53793E-04    0.27476E-01    0.80410E+01    0.96344E-03    0.42088E-01   -0.69889E-01    0.31761E-01    0.11570E-01    0.11037E+00   -0.20176E-01   -0.49115E-01    0.26489E-01    0.39277E-01   -0.62773E-01   -0.62807E-01   -0.12472E-01    0.15157E-01    0.27310E-01    0.59911E-01   -0.58609E-01   -0.22600E-01   -0.76180E-02    0.12222E-01
   -0.37854E-05    0.18466E-03   -0.25251E-04   -0.98999E-04   -0.12575E-03   -0.36739E-03    0.99742E-03    0.10739E+02    0.14797E+01    0.13984E+01   -0.10615E+01   -0.55587E+00    0.12024E+00    0.81120E-02   -0.20899E-01    0.76368E-02   -0.23816E-04    0.11771E-03    0.26175E-02    0.96344E-03    0.71184E+00   -0.12525E+00   -0.99090E-02    0.19690E-01    0.53137E-02    0.17391E+00   -0.49066E-01    0.12542E-02   -0.50411E-02   -0.63326E-01    0.18772E-01    0.27979E-01   -0.34750E-01   -0.15928E-01   -0.12005E+00    0.13982E+00    0.50897E-01   -0.64024E-02    0.29836E-03    0.91227E-01
   -0.93882E-05    0.16491E-04    0.20161E-04   -0.66084E-04    0.33426E-04    0.67689E-04    0.14024E-04   -0.94103E+01    0.65072E+00    0.91920E+00   -0.56183E+00   -0.47048E+00    0.10546E+00    0.47527E-02   -0.80807E-02   -0.63551E-02   -0.10900E-04    0.30649E-04    0.78205E-03    0.42088E-01   -0.12525E+00    0.90893E+00    0.39251E-02   -0.12398E-01    0.33306E-01   -0.14075E+00    0.17602E+00    0.54210E-01   -0.31141E-01    0.35060E-01   -0.10592E+00    0.56313E-02    0.18899E-01    0.34932E-01    0.15117E+00   -0.20783E+00    0.45396E-01    0.97111E-01    0.13421E-01   -0.21510E+00
    0.87874E-05   -0.61309E-04    0.54155E-05    0.25929E-03   -0.90721E-04    0.89936E-04    0.44149E-03    0.50064E-01   -0.72601E-01   -0.35228E-01   -0.67126E-01   -0.83000E-02    0.23287E-01    0.12745E-02    0.14170E-02   -0.95279E-03    0.44714E-06   -0.29156E-04   -0.24316E-02   -0.69889E-01   -0.99090E-02    0.39251E-02    0.99771E+00    0.24793E-01    0.71206E-02   -0.52152E-01   -0.40353E-01    0.14826E+00   -0.32691E-01    0.59468E-01   -0.11886E-01    0.51020E-01   -0.29705E-01   -0.67946E-02    0.91164E-01   -0.61733E-01    0.26655E-01   -0.17049E-01   -0.16595E+00    0.77072E-01
   -0.10854E-05    0.31853E-04   -0.16048E-04   -0.66383E-05    0.15240E-04   -0.17595E-03    0.10511E-03   -0.13145E+00    0.28710E+00    0.12483E+00   -0.18615E+00   -0.62329E-01    0.79332E-02   -0.13970E-02    0.31240E-02   -0.52072E-02    0.40946E-05    0.70063E-04   -0.22123E-02    0.31761E-01    0.19690E-01   -0.12398E-01    0.24793E-01    0.10773E+01    0.19173E-01    0.55525E-01   -0.12105E+00    0.86903E-01   -0.92811E-01    0.57030E-01    0.37253E-01    0.13291E+00    0.61478E-01    0.20043E+00   -0.10732E+00    0.65079E-01    0.40547E-01   -0.41465E-01   -0.14452E+00    0.73339E-01
   -0.28810E-06   -0.15362E-04    0.71801E-05   -0.11457E-03    0.18276E-04    0.12926E-03   -0.26281E-03   -0.23425E+00   -0.11083E+00    0.47702E+00   -0.59897E-01   -0.18946E+00   -0.23674E-01    0.10527E-02   -0.91142E-02   -0.12933E-02   -0.74305E-06   -0.24376E-04   -0.10908E-01    0.11570E-01    0.53137E-02    0.33306E-01    0.71206E-02    0.19173E-01    0.96010E+00    0.60241E-01    0.34889E-01   -0.32660E-01    0.39344E-01    0.10822E+00    0.57641E-01   -0.60497E-01   -0.75131E-01    0.76109E-01    0.37541E-01    0.10989E+00   -0.76214E-01    0.87751E-01   -0.45829E-01   -0.18833E-02
    0.36219E-05   -0.21371E-05   -0.96220E-05    0.29390E-04    0.21842E-04    0.22387E-03    0.32137E-03   -0.10400E+01   -0.20758E+01    0.10933E+01    0.82550E+00   -0.43529E+00   -0.82789E-01    0.83110E-02   -0.29291E-01    0.54946E-02    0.10276E-04    0.20663E-03    0.17506E-02    0.11037E+00    0.17391E+00   -0.14075E+00   -0.52152E-01    0.55525E-01    0.60241E-01    0.87095E+00    0.27214E-02   -0.26205E-02   -0.80846E-02    0.59620E-02    0.11225E-01    0.12619E+00   -0.14029E+00    0.48152E-01   -0.61470E-01    0.64935E+00    0.24560E+00   -0.53612E-01   -0.58896E-01    0.85259E-01
   -0.95269E-05   -0.52214E-05   -0.19017E-05   -0.14014E-03    0.35106E-04    0.12471E-03   -0.34253E-03   -0.42911E+01   -0.99803E-01    0.20003E+00    0.19213E+00    0.34507E-02    0.25317E-02   -0.16266E-02   -0.54021E-03    0.45756E-02   -0.42639E-05    0.24697E-04    0.26149E-02   -0.20176E-01   -0.49066E-01    0.17602E+00   -0.40353E-01   -0.12105E+00    0.34889E-01    0.27214E-02    0.96632E+00    0.11467E-01   -0.15568E-02   -0.18205E-01    0.55577E-01   -0.25000E-01   -0.66596E-01   -0.15263E-01    0.15823E+00   -0.67160E-01    0.26874E+00    0.73251E+00    0.28546E+00   -0.19858E+00
   -0.63748E-05   -0.51991E-04   -0.14051E-05    0.71699E-04    0.47774E-04    0.33075E-03    0.13193E-04   -0.15520E+01    0.26622E-01    0.19316E+00   -0.19035E+00   -0.11754E+00    0.17021E-01    0.15869E-02   -0.55456E-03   -0.47458E-02    0.89342E-06    0.33335E-04   -0.60450E-03   -0.49115E-01    0.12542E-02    0.54210E-01    0.14826E+00    0.86903E-01   -0.32660E-01   -0.26205E-02    0.11467E-01    0.96642E+00   -0.13338E-01   -0.31421E-01    0.62751E-01   -0.49047E-01    0.12387E+00    0.13519E+00   -0.16127E+00   -0.20444E+00    0.63344E+00    0.13327E+00   -0.58829E+00    0.16314E+00
   -0.96937E-06   -0.65802E-04    0.55654E-05   -0.14429E-03   -0.17059E-05    0.77063E-04   -0.45663E-03    0.71311E+00   -0.24498E+00   -0.21216E+00    0.19872E+00    0.17129E+00   -0.34702E-01   -0.36075E-02    0.27461E-02    0.69594E-02    0.93853E-05    0.25777E-04    0.39746E-02    0.26489E-01   -0.50411E-02   -0.31141E-01   -0.32691E-01   -0.92811E-01    0.39344E-01   -0.80846E-02   -0.15568E-02   -0.13338E-01    0.10019E+01   -0.18302E-02   -0.11104E-01   -0.94745E-01   -0.18057E+00   -0.60998E-01   -0.12718E+00   -0.61883E-01    0.66068E-01   -0.41971E-01    0.30781E+00    0.67694E+00
    0.87791E-05   -0.21863E-04   -0.17671E-05    0.26832E-03   -0.10420E-03    0.16914E-04    0.44960E-03   -0.22563E+00   -0.24092E+00    0.42016E+00    0.12256E+00   -0.25331E+00   -0.95699E-01   -0.11445E-02   -0.61021E-02   -0.89045E-02   -0.97196E-05   -0.68448E-05    0.42596E-02    0.39277E-01   -0.63326E-01    0.35060E-01    0.59468E-01    0.57030E-01    0.10822E+00    0.59620E-02   -0.18205E-01   -0.31421E-01   -0.18302E-02    0.10101E+01   -0.74341E-01    0.11121E+00    0.51452E-01    0.16724E+00   -0.77181E-02    0.13079E+00   -0.58421E+00    0.37845E+00   -0.32330E+00    0.23827E+00
   -0.39358E-05    0.52638E-05   -0.63940E-05   -0.34983E-03    0.16362E-04   -0.11462E-03   -0.68634E-03    0.19517E+01    0.16488E+01   -0.93916E+00   -0.45223E+00    0.39326E+00   -0.54009E-01   -0.10951E-01    0.31417E-01   -0.15375E-01    0.90016E-05   -0.20372E-03   -0.75414E-03   -0.62773E-01    0.18772E-01   -0.10592E+00   -0.11886E-01    0.37253E-01    0.57641E-01    0.11225E-01    0.55577E-01    0.62751E-01   -0.11104E-01   -0.74341E-01    0.91772E+00   -0.16878E-01   -0.26291E-01    0.10502E-02    0.47162E-02    0.59141E+00    0.16371E+00    0.11567E+00    0.59678E-01   -0.10222E+00
   -0.25940E-05   -0.14012E-05   -0.27531E-04   -0.32389E-03   -0.58233E-04   -0.17433E-03   -0.62789E-03    0.67650E+00    0.11356E+00    0.81986E+00    0.43172E-01   -0.41233E+00    0.25034E-02    0.76139E-03   -0.40745E-02   -0.16715E-01    0.14378E-05   -0.19845E-04    0.61744E-02   -0.62807E-01    0.27979E-01    0.56313E-02    0.51020E-01    0.13291E+00   -0.60497E-01    0.12619E+00   -0.25000E-01   -0.49047E-01   -0.94745E-01    0.11121E+00   -0.16878E-01    0.95995E+00    0.10249E-01    0.39920E-02    0.10353E-01    0.95219E-01    0.13843E+00   -0.20152E-01    0.12877E+00    0.14657E+00
   -0.91299E-05    0.29630E-04   -0.16426E-04   -0.22357E-03    0.60450E-04   -0.14187E-03   -0.43059E-03    0.60781E-02    0.81788E+00   -0.18857E+00   -0.21334E+00    0.55008E-01   -0.66805E-01   -0.29591E-02    0.16779E-02   -0.19079E-02   -0.87362E-05   -0.12335E-04    0.95713E-02   -0.12472E-01   -0.34750E-01    0.18899E-01   -0.29705E-01    0.61478E-01   -0.75131E-01   -0.14029E+00   -0.66596E-01    0.12387E+00   -0.18057E+00    0.51452E-01   -0.26291E-01    0.10249E-01    0.10387E+01   -0.27114E-01    0.11310E-01   -0.15157E+00    0.10359E-01    0.16520E+00    0.35288E-01   -0.77264E-01
   -0.47542E-05    0.46914E-04   -0.17303E-04   -0.12712E-03   -0.39864E-04   -0.19112E-03   -0.14602E-03   -0.44370E+00    0.10812E+00    0.74935E+00   -0.75920E-01   -0.37250E+00    0.13774E-01   -0.91793E-03    0.22769E-02   -0.14791E-01    0.27966E-05    0.28961E-04    0.49719E-02    0.15157E-01   -0.15928E-01    0.34932E-01   -0.67946E-02    0.20043E+00    0.76109E-01    0.48152E-01   -0.15263E-01    0.13519E+00   -0.60998E-01    0.16724E+00    0.10502E-02    0.39920E-02   -0.27114E-01    0.10048E+01   -0.23329E-01    0.28373E-01    0.18967E-01    0.12195E+00   -0.28772E+00    0.82317E-01
   -0.66670E-05    0.50807E-04   -0.18838E-05    0.54029E-04   -0.13031E-04   -0.26772E-03    0.11978E-03   -0.22213E+01   -0.40254E+00   -0.34398E-01    0.15365E+00   -0.26553E-01    0.49699E-01    0.37947E-04    0.99683E-02   -0.78593E-02    0.72741E-05   -0.38561E-04   -0.37460E-02    0.27310E-01   -0.12005E+00    0.15117E+00    0.91164E-01   -0.10732E+00    0.37541E-01   -0.61470E-01    0.15823E+00   -0.16127E+00   -0.12718E+00   -0.77181E-02    0.47162E-02    0.10353E-01    0.11310E-01   -0.23329E-01    0.96715E+00   -0.32069E-01   -0.46975E-01    0.30123E-01    0.20132E+00   -0.12496E+00
    0.54523E-05    0.57954E-05   -0.88095E-05   -0.97140E-04   -0.10967E-04    0.37117E-04    0.25840E-04    0.13828E+01   -0.49403E+00    0.12085E+00    0.34254E+00   -0.55713E-01   -0.11703E+00   -0.10416E-02   -0.25166E-02   -0.58014E-02    0.11787E-04   -0.18318E-05   -0.34802E-03    0.59911E-01    0.13982E+00   -0.20783E+00   -0.61733E-01    0.65079E-01    0.10989E+00    0.64935E+00   -0.67160E-01   -0.20444E+00   -0.61883E-01    0.13079E+00    0.59141E+00    0.95219E-01   -0.15157E+00    0.28373E-01   -0.32069E-01    0.96702E+00   -0.24200E-01    0.38200E-02    0.26144E-02   -0.17099E-01
   -0.14473E-04   -0.76570E-05   -0.11443E-04   -0.41748E-03    0.10534E-03    0.16646E-03   -0.80482E-03   -0.23005E+01   -0.21039E+00    0.43280E+00    0.83542E-01   -0.11648E+00    0.37023E-01    0.15346E-02   -0.37223E-03   -0.30885E-02    0.85174E-05    0.80078E-04    0.21293E-02   -0.58609E-01    0.50897E-01    0.45396E-01    0.26655E-01    0.40547E-01   -0.76214E-01    0.24560E+00    0.26874E+00    0.63344E+00    0.66068E-01   -0.58421E+00    0.16371E+00    0.13843E+00    0.10359E-01    0.18967E-01   -0.46975E-01   -0.24200E-01    0.10059E+01   -0.40784E-02    0.30685E-02   -0.31488E-01
   -0.92410E-05    0.20393E-04   -0.12923E-04   -0.11341E-03    0.15390E-04    0.49477E-04   -0.17207E-03   -0.19645E+01    0.41731E+00    0.47646E+00   -0.78984E-01   -0.17455E+00   -0.31157E-01   -0.52863E-02    0.31263E-02   -0.24694E-02   -0.78019E-05   -0.21245E-04    0.48620E-02   -0.22600E-01   -0.64024E-02    0.97111E-01   -0.17049E-01   -0.41465E-01    0.87751E-01   -0.53612E-01    0.73251E+00    0.13327E+00   -0.41971E-01    0.37845E+00    0.11567E+00   -0.20152E-01    0.16520E+00    0.12195E+00    0.30123E-01    0.38200E-02   -0.40784E-02    0.94151E+00   -0.15613E-02    0.19097E-02
   -0.70791E-05    0.27197E-04   -0.61925E-05   -0.39080E-03    0.48643E-04   -0.31981E-03   -0.73706E-03    0.82462E+00    0.56075E+00   -0.67764E-01    0.80368E-01    0.15839E+00   -0.10829E-01   -0.66608E-02    0.10155E-01    0.16428E-02    0.50447E-05   -0.16333E-04    0.90042E-02   -0.76180E-02    0.29836E-03    0.13421E-01   -0.16595E+00   -0.14452E+00   -0.45829E-01   -0.58896E-01    0.28546E+00   -0.58829E+00    0.30781E+00   -0.32330E+00    0.59678E-01    0.12877E+00    0.35288E-01   -0.28772E+00    0.20132E+00    0.26144E-02    0.30685E-02   -0.15613E-02    0.95470E+00   -0.10845E-02
    0.11622E-06   -0.19984E-05   -0.13482E-04   -0.89067E-04   -0.49047E-04   -0.57776E-04   -0.10557E-03    0.25331E+01   -0.22856E+00   -0.99512E-01    0.17196E+00    0.95155E-01   -0.84894E-02   -0.21708E-02   -0.17402E-02    0.89124E-02    0.42229E-05    0.31400E-04    0.60315E-02    0.12222E-01    0.91227E-01   -0.21510E+00    0.77072E-01    0.73339E-01   -0.18833E-02    0.85259E-01   -0.19858E+00    0.16314E+00    0.67694E+00    0.23827E+00   -0.10222E+00    0.14657E+00   -0.77264E-01    0.82317E-01   -0.12496E+00   -0.17099E-01   -0.31488E-01    0.19097E-02   -0.10845E-02    0.97818E+00
