# omegabh2 omegach2 theta tau logA ns calPlanck aps100 aps143 aps217 acib217 asz143 psr xi aksz dust100 dust143 dust217 dust143x217 cal0 cal2 calTE calEE bm_1_1
    0.3115698E-07   -0.1828714E-06    0.2370127E-07    0.2439526E-05    0.4469399E-05    0.5953222E-06   -0.1072696E-07   -0.7258784E-03   -0.3959029E-03    0.1672717E-03   -0.2049088E-03    0.4057338E-04    0.9843100E-06    0.1854802E-05   -0.7235185E-04   -0.5359837E-07   -0.4881457E-06    0.1289981E-05   -0.1143785E-05    0.2984905E-08   -0.2107564E-07   -0.2020595E-06   -0.2546095E-06   -0.4470957E-05
   -0.1828714E-06    0.2510391E-05   -0.2296794E-06   -0.2332175E-04   -0.4023465E-04   -0.6862934E-05    0.1488356E-06    0.4253158E-02    0.2435181E-02   -0.7922847E-03    0.1200693E-02   -0.2050194E-03   -0.2699353E-05   -0.1326578E-04    0.3804998E-03   -0.1771852E-05   -0.7036529E-06   -0.7571710E-05    0.5648800E-05   -0.3114162E-08    0.1273601E-06    0.1062866E-05    0.2253246E-07    0.2979135E-04
    0.2370127E-07   -0.2296794E-06    0.9976067E-07    0.2537658E-05    0.4546817E-05    0.7554626E-06   -0.2052669E-07   -0.3092784E-03   -0.2382576E-03    0.6220435E-04   -0.1127837E-03    0.1877244E-04    0.1006467E-06    0.7584538E-06   -0.3357186E-04   -0.1270503E-06   -0.5039273E-06    0.7128408E-06   -0.9346956E-06    0.6715090E-09   -0.1078969E-07   -0.1650567E-06   -0.1415118E-08   -0.2020641E-05
    0.2439526E-05   -0.2332175E-04    0.2537658E-05    0.6952745E-03    0.1320685E-02    0.9121609E-04   -0.5094708E-05   -0.1143602E+00   -0.4916448E-01    0.4011018E-01   -0.3490405E-01    0.5805915E-02    0.2087216E-03    0.3446326E-03   -0.1278271E-01   -0.8685065E-04   -0.9076314E-04    0.2112690E-03   -0.1615082E-03   -0.1738443E-06   -0.4093140E-05   -0.4407295E-04   -0.2047912E-04   -0.7491631E-04
    0.4469399E-05   -0.4023465E-04    0.4546817E-05    0.1320685E-02    0.2545617E-02    0.1621498E-03    0.2134893E-05   -0.2100080E+00   -0.8898200E-01    0.8466723E-01   -0.6675827E-01    0.1139128E-01    0.4466944E-03    0.7054009E-03   -0.2571899E-01   -0.1853222E-03   -0.2441103E-03    0.4300092E-03   -0.3152712E-03    0.2161419E-06   -0.7919938E-05   -0.8527456E-04   -0.3872233E-04   -0.9034974E-04
    0.5953222E-06   -0.6862934E-05    0.7554626E-06    0.9121609E-04    0.1621498E-03    0.2976265E-04   -0.7544223E-06   -0.3443343E-01   -0.1276961E-01    0.1176375E-01   -0.9312643E-02    0.1420477E-02    0.6315814E-04    0.8453307E-04   -0.3587923E-02    0.2194881E-04    0.4523049E-05    0.6790064E-04   -0.3757511E-04   -0.3548598E-06   -0.8985012E-06   -0.5178917E-05   -0.4331157E-05   -0.9747126E-04
   -0.1072696E-07    0.1488356E-06   -0.2052669E-07   -0.5094708E-05    0.2134893E-05   -0.7544223E-06    0.5942231E-05    0.4189563E-02    0.1266294E-02    0.1110698E-02    0.8072835E-03    0.3468630E-04    0.3082252E-05    0.2683396E-05   -0.1402859E-04    0.3104933E-05    0.1393235E-05    0.6975712E-05    0.2272367E-06    0.1489636E-07   -0.7210906E-08   -0.2816868E-07    0.2109743E-07   -0.7656014E-05
   -0.7258784E-03    0.4253158E-02   -0.3092784E-03   -0.1143602E+00   -0.2100080E+00   -0.3443343E-01    0.4189563E-02    0.5052712E+03    0.6485684E+02   -0.6155362E+02    0.3422274E+02   -0.2213801E+02   -0.9200512E+00   -0.1262513E+00    0.9857277E+01   -0.6344315E-01    0.7735315E-01   -0.6483610E-01   -0.2196699E+00    0.5582937E-02    0.7774368E-02    0.9071113E-02    0.9459126E-02    0.1718408E+01
   -0.3959029E-03    0.2435181E-02   -0.2382576E-03   -0.4916448E-01   -0.8898200E-01   -0.1276961E-01    0.1266294E-02    0.6485684E+02    0.5932245E+02    0.1098598E+02    0.6107723E+01   -0.2220007E+01    0.2142302E+00    0.8150090E+00   -0.6199084E+01   -0.3755202E-01   -0.1583574E+00   -0.7168566E-01    0.1466119E+00    0.3248552E-03   -0.6264645E-03    0.4282450E-02    0.5001787E-02    0.6227331E-02
    0.1672717E-03   -0.7922847E-03    0.6220435E-04    0.4011018E-01    0.8466723E-01    0.1176375E-01    0.1110698E-02   -0.6155362E+02    0.1098598E+02    0.1703745E+03   -0.7777840E+02    0.4887177E+01    0.5231394E+00    0.4457914E+00   -0.9728711E+01   -0.3083018E-01   -0.5787738E-01    0.6197711E+00   -0.5875724E-01    0.1371599E-02   -0.1130838E-01   -0.1344356E-02    0.7567044E-03    0.8010598E-01
   -0.2049088E-03    0.1200693E-02   -0.1127837E-03   -0.3490405E-01   -0.6675827E-01   -0.9312643E-02    0.8072835E-03    0.3422274E+02    0.6107723E+01   -0.7777840E+02    0.4612712E+02    0.3023544E+00   -0.8945099E-01   -0.3335604E+00   -0.1270527E+01    0.2715460E-02    0.4865773E-01   -0.4792322E+00   -0.1977247E-01   -0.3605321E-03    0.4934928E-02    0.1784897E-02    0.1319333E-02   -0.1298655E-01
    0.4057338E-04   -0.2050194E-03    0.1877244E-04    0.5805915E-02    0.1139128E-01    0.1420477E-02    0.3468630E-04   -0.2213801E+02   -0.2220007E+01    0.4887177E+01    0.3023544E+00    0.3717664E+01    0.1476446E+00   -0.7653794E-01   -0.3059061E+01   -0.6409416E-02   -0.1944975E-01   -0.4336369E-01    0.6425900E-01    0.4668822E-03   -0.1028734E-02   -0.4757849E-03   -0.3256977E-03    0.6754183E-02
    0.9843100E-06   -0.2699353E-05    0.1006467E-06    0.2087216E-03    0.4466944E-03    0.6315814E-04    0.3082252E-05   -0.9200512E+00    0.2142302E+00    0.5231394E+00   -0.8945099E-01    0.1476446E+00    0.1349508E-01    0.1572693E-01   -0.1693079E+00   -0.1906353E-03   -0.3461382E-03   -0.1706909E-02    0.8040528E-03    0.2355507E-04   -0.4627263E-04   -0.8888112E-06    0.4147235E-05   -0.7948292E-03
    0.1854802E-05   -0.1326578E-04    0.7584538E-06    0.3446326E-03    0.7054009E-03    0.8453307E-04    0.2683396E-05   -0.1262513E+00    0.8150090E+00    0.4457914E+00   -0.3335604E+00   -0.7653794E-01    0.1572693E-01    0.8183135E-01    0.7915079E-01    0.7915411E-03   -0.7129310E-03   -0.5364333E-03    0.6550531E-03    0.1654729E-04   -0.4154858E-04    0.3243538E-05    0.2881322E-05   -0.4040743E-02
   -0.7235185E-04    0.3804998E-03   -0.3357186E-04   -0.1278271E-01   -0.2571899E-01   -0.3587923E-02   -0.1402859E-04    0.9857277E+01   -0.6199084E+01   -0.9728711E+01   -0.1270527E+01   -0.3059061E+01   -0.1693079E+00    0.7915079E-01    0.7242404E+01    0.9545516E-02    0.1526251E-01    0.4205551E-01   -0.6128889E-01   -0.3498609E-03    0.7399059E-03    0.6088068E-03    0.1242058E-03    0.1010114E-01
   -0.5359837E-07   -0.1771852E-05   -0.1270503E-06   -0.8685065E-04   -0.1853222E-03    0.2194881E-04    0.3104933E-05   -0.6344315E-01   -0.3755202E-01   -0.3083018E-01    0.2715460E-02   -0.6409416E-02   -0.1906353E-03    0.7915411E-03    0.9545516E-02    0.3684532E-01    0.3618644E-02   -0.1568704E-03    0.5589469E-03    0.4148942E-04   -0.3239270E-05    0.6448861E-05    0.1433543E-05    0.1300099E-02
   -0.4881457E-06   -0.7036529E-06   -0.5039273E-06   -0.9076314E-04   -0.2441103E-03    0.4523049E-05    0.1393235E-05    0.7735315E-01   -0.1583574E+00   -0.5787738E-01    0.4865773E-01   -0.1944975E-01   -0.3461382E-03   -0.7129310E-03    0.1526251E-01    0.3618644E-02    0.3285522E-01   -0.2891925E-02    0.2831950E-02   -0.6086960E-04   -0.6139344E-04   -0.3806581E-04   -0.3735304E-04   -0.3006596E-03
    0.1289981E-05   -0.7571710E-05    0.7128408E-06    0.2112690E-03    0.4300092E-03    0.6790064E-04    0.6975712E-05   -0.6483610E-01   -0.7168566E-01    0.6197711E+00   -0.4792322E+00   -0.4336369E-01   -0.1706909E-02   -0.5364333E-03    0.4205551E-01   -0.1568704E-03   -0.2891925E-02    0.1345406E-01    0.1129528E-01   -0.7501785E-06    0.6544551E-04    0.6598720E-05   -0.4532676E-05    0.4733679E-04
   -0.1143785E-05    0.5648800E-05   -0.9346956E-06   -0.1615082E-03   -0.3152712E-03   -0.3757511E-04    0.2272367E-06   -0.2196699E+00    0.1466119E+00   -0.5875724E-01   -0.1977247E-01    0.6425900E-01    0.8040528E-03    0.6550531E-03   -0.6128889E-01    0.5589469E-03    0.2831950E-02    0.1129528E-01    0.3191391E-01    0.5215240E-05    0.8614583E-04   -0.2099733E-05    0.1177599E-04    0.9528537E-03
    0.2984905E-08   -0.3114162E-08    0.6715090E-09   -0.1738443E-06    0.2161419E-06   -0.3548598E-06    0.1489636E-07    0.5582937E-02    0.3248552E-03    0.1371599E-02   -0.3605321E-03    0.4668822E-03    0.2355507E-04    0.1654729E-04   -0.3498609E-03    0.4148942E-04   -0.6086960E-04   -0.7501785E-06    0.5215240E-05    0.9702772E-06   -0.8678985E-07    0.1966406E-06    0.4166181E-06   -0.7006705E-04
   -0.2107564E-07    0.1273601E-06   -0.1078969E-07   -0.4093140E-05   -0.7919938E-05   -0.8985012E-06   -0.7210906E-08    0.7774368E-02   -0.6264645E-03   -0.1130838E-01    0.4934928E-02   -0.1028734E-02   -0.4627263E-04   -0.4154858E-04    0.7399059E-03   -0.3239270E-05   -0.6139344E-04    0.6544551E-04    0.8614583E-04   -0.8678985E-07    0.3097623E-05    0.6350894E-06    0.2503241E-06    0.5537399E-05
   -0.2020595E-06    0.1062866E-05   -0.1650567E-06   -0.4407295E-04   -0.8527456E-04   -0.5178917E-05   -0.2816868E-07    0.9071113E-02    0.4282450E-02   -0.1344356E-02    0.1784897E-02   -0.4757849E-03   -0.8888112E-06    0.3243538E-05    0.6088068E-03    0.6448861E-05   -0.3806581E-04    0.6598720E-05   -0.2099733E-05    0.1966406E-06    0.6350894E-06    0.2128355E-04    0.6976622E-05    0.3933672E-04
   -0.2546095E-06    0.2253246E-07   -0.1415118E-08   -0.2047912E-04   -0.3872233E-04   -0.4331157E-05    0.2109743E-07    0.9459126E-02    0.5001787E-02    0.7567044E-03    0.1319333E-02   -0.3256977E-03    0.4147235E-05    0.2881322E-05    0.1242058E-03    0.1433543E-05   -0.3735304E-04   -0.4532676E-05    0.1177599E-04    0.4166181E-06    0.2503241E-06    0.6976622E-05    0.1796288E-04    0.7949117E-04
   -0.4470957E-05    0.2979135E-04   -0.2020641E-05   -0.7491631E-04   -0.9034974E-04   -0.9747126E-04   -0.7656014E-05    0.1718408E+01    0.6227331E-02    0.8010598E-01   -0.1298655E-01    0.6754183E-02   -0.7948292E-03   -0.4040743E-02    0.1010114E-01    0.1300099E-02   -0.3006596E-03    0.4733679E-04    0.9528537E-03   -0.7006705E-04    0.5537399E-05    0.3933672E-04    0.7949117E-04    0.1017247E+01
