# omegabh2 omegach2 theta tau logA ns r calPlanck acib217 xi asz143 aps100 aps143 aps143217 aps217 aksz kgal100 kgal143 kgal143217 kgal217 galfEE100 galfEE100143 galfEE100217 galfEE143 galfEE143217 galfEE217 galfTE100 galfTE100143 galfTE100217 galfTE143 galfTE143217 galfTE217 cal0 cal2
    0.2465532E-07   -0.1450003E-06    0.2047335E-07    0.8209195E-06    0.1455560E-05    0.3691573E-06    0.1036972E-06    0.3872798E-07   -0.9374654E-04    0.2801668E-05    0.2716488E-04   -0.4328738E-03   -0.2259831E-03   -0.2431628E-04    0.3033442E-04   -0.4642242E-04    0.5115947E-06   -0.1592117E-05   -0.1790377E-04   -0.2390478E-06    0.1331351E-06    0.4020211E-07    0.2058785E-07    0.4334828E-07   -0.4891089E-07    0.2279815E-07   -0.6610214E-06   -0.2500504E-06   -0.2178466E-06   -0.2733931E-07   -0.4911941E-06   -0.1407797E-05    0.3688524E-08   -0.1139682E-07
   -0.1450003E-06    0.2129098E-05   -0.1995545E-06   -0.9397963E-05   -0.1399390E-04   -0.5159284E-05   -0.2146134E-05   -0.1624388E-06    0.1217332E-03   -0.1003752E-04   -0.1052396E-03    0.1877474E-02    0.1379241E-02    0.5947214E-03    0.5507518E-03    0.1865758E-03   -0.6252478E-05   -0.2959486E-04    0.8817036E-04    0.2035503E-03   -0.1675972E-05   -0.5417360E-06   -0.5448034E-06   -0.4030682E-06    0.1274964E-05   -0.3960708E-06    0.5508813E-05    0.1850132E-05   -0.6677136E-05    0.9608872E-07    0.4185899E-05    0.7905058E-05    0.1248056E-07    0.4824007E-07
    0.2047335E-07   -0.1995545E-06    0.1071075E-06    0.9812489E-06    0.1652483E-05    0.6278000E-06    0.7366498E-07    0.3156044E-07    0.1048165E-06   -0.2772271E-06    0.1450136E-04   -0.3000652E-03   -0.1180885E-03   -0.4978529E-04   -0.8382831E-04   -0.4321364E-04    0.6838048E-05    0.1095462E-04    0.1360342E-04    0.2940156E-04    0.1644803E-06    0.6731445E-07    0.1329523E-07    0.8904508E-07   -0.1240593E-06   -0.3337773E-06    0.1808522E-06    0.1019895E-06    0.1415154E-05   -0.2058023E-06   -0.7280270E-06   -0.1779428E-05   -0.3288096E-08    0.7008341E-09
    0.8209195E-06   -0.9397963E-05    0.9812489E-06    0.2958358E-03    0.5657176E-03    0.3519315E-04   -0.2408673E-04   -0.1539254E-05   -0.1177320E-01    0.2591792E-03    0.1798985E-02   -0.4513916E-01   -0.1560152E-01    0.2139453E-02    0.9961438E-02   -0.5719436E-02    0.1853967E-03   -0.5340263E-03   -0.1805946E-02    0.7818992E-03    0.7453521E-05    0.3572195E-05   -0.3882446E-05    0.1208605E-05   -0.4548304E-05    0.1272710E-04   -0.5457839E-04   -0.2330630E-04    0.5221265E-04    0.1037390E-04   -0.1474089E-04   -0.1134765E-03    0.9653665E-07   -0.1138193E-05
    0.1455560E-05   -0.1399390E-04    0.1652483E-05    0.5657176E-03    0.1119126E-02    0.5664633E-04   -0.4849088E-04    0.9049604E-05   -0.2348270E-01    0.5597372E-03    0.3341066E-02   -0.8094225E-01   -0.2644938E-01    0.8579702E-02    0.2646098E-01   -0.1178989E-01    0.3100591E-03   -0.1505425E-02   -0.4192960E-02    0.2790928E-02    0.1203792E-04    0.5861359E-05   -0.9074346E-05    0.2537768E-05   -0.8669230E-05    0.1611309E-04   -0.9684450E-04   -0.4421766E-04    0.6820452E-04    0.1662123E-04   -0.2288629E-04   -0.2111019E-03    0.3965395E-06   -0.2470143E-05
    0.3691573E-06   -0.5159284E-05    0.6278000E-06    0.3519315E-04    0.5664633E-04    0.2276232E-04    0.1643471E-04    0.2437605E-06   -0.5235752E-02    0.1437306E-03    0.1151666E-02   -0.2770911E-01   -0.7501216E-02    0.2430700E-02    0.5457843E-02   -0.2753668E-02    0.3106593E-03   -0.1380480E-03   -0.5579678E-03    0.5733296E-03    0.6726570E-05    0.2210257E-05    0.3947569E-06    0.2208714E-05   -0.3109485E-05    0.3178565E-05   -0.1525870E-04   -0.6176907E-05    0.2023630E-04    0.2163238E-05   -0.1020604E-04   -0.3674339E-04   -0.1714583E-06   -0.4465278E-06
    0.1036972E-06   -0.2146134E-05    0.7366498E-07   -0.2408673E-04   -0.4849088E-04    0.1643471E-04    0.9172828E-03    0.3538166E-05   -0.7333203E-02    0.3505004E-03    0.6197971E-03   -0.1922495E-01   -0.2850783E-02    0.9796365E-02    0.9437442E-02   -0.1125467E-02   -0.1158822E-02   -0.1680899E-02   -0.2704958E-02    0.6341365E-03   -0.1395222E-04   -0.8080721E-05   -0.3624783E-05   -0.5594327E-05   -0.2427462E-05    0.1150270E-04    0.7254027E-04    0.2247373E-04    0.4241815E-04   -0.4520807E-05   -0.4405678E-05   -0.8150773E-04   -0.9446430E-07   -0.2598293E-06
    0.3872798E-07   -0.1624388E-06    0.3156044E-07   -0.1539254E-05    0.9049604E-05    0.2437605E-06    0.3538166E-05    0.6185139E-05    0.7707802E-03    0.5240610E-05   -0.4883195E-04    0.3862115E-02    0.5620428E-03    0.2201721E-03    0.8156561E-03    0.4555726E-04    0.1035845E-03    0.4398336E-04   -0.1733091E-03    0.3291308E-03    0.1076086E-05    0.2465447E-06    0.2705990E-08    0.7151427E-06   -0.1422207E-05   -0.3212054E-05   -0.1098090E-05   -0.1247752E-05   -0.8524703E-05   -0.1802095E-05   -0.1713429E-05   -0.9225621E-06   -0.1549965E-07   -0.9595426E-07
   -0.9374654E-04    0.1217332E-03    0.1048165E-06   -0.1177320E-01   -0.2348270E-01   -0.5235752E-02   -0.7333203E-02    0.7707802E-03    0.4854163E+02   -0.4533347E+00   -0.1419525E+01    0.4316605E+02    0.2281695E+00   -0.2076222E+02   -0.6666606E+02    0.4551781E+00   -0.4847019E+00    0.4882564E+00   -0.2834884E+01   -0.2503765E+02   -0.1486153E-02   -0.2674986E-03    0.2774758E-03   -0.1468249E-03   -0.1186339E-02    0.1506524E-02   -0.8388863E-02   -0.1456153E-02    0.3583143E-01   -0.3722304E-02    0.6317920E-03    0.2219529E-01   -0.1782989E-03    0.4343529E-02
    0.2801668E-05   -0.1003752E-04   -0.2772271E-06    0.2591792E-03    0.5597372E-03    0.1437306E-03    0.3505004E-03    0.5240610E-05   -0.4533347E+00    0.7938192E-01   -0.5548999E-01   -0.5170257E+00    0.9235283E+00    0.1798039E+01    0.7585317E+00    0.4511357E-01   -0.1133550E-01   -0.4352869E-02    0.6390133E-01    0.4001844E-01    0.1313841E-04    0.2173486E-04   -0.2666772E-04   -0.5848978E-05    0.4789891E-04   -0.1059356E-03    0.7360717E-04   -0.6670458E-05   -0.2108570E-02   -0.2775772E-03   -0.4919443E-03   -0.1706136E-02    0.8601719E-05   -0.1817813E-04
    0.2716488E-04   -0.1052396E-03    0.1450136E-04    0.1798985E-02    0.3341066E-02    0.1151666E-02    0.6197971E-03   -0.4883195E-04   -0.1419525E+01   -0.5548999E-01    0.3594261E+01   -0.2849652E+02   -0.3717988E+01    0.7452461E+01    0.6142319E+01   -0.2449381E+01   -0.1568145E+00    0.9340111E-01    0.2279362E+01    0.1827701E+01    0.4687246E-03    0.1617697E-03    0.1678578E-03    0.3781490E-03    0.3777687E-03    0.2019499E-02   -0.5421586E-02   -0.1946959E-02    0.8610207E-03    0.1753191E-02    0.5229062E-02    0.3321348E-02    0.1899849E-03   -0.3474076E-03
   -0.4328738E-03    0.1877474E-02   -0.3000652E-03   -0.4513916E-01   -0.8094225E-01   -0.2770911E-01   -0.1922495E-01    0.3862115E-02    0.4316605E+02   -0.5170257E+00   -0.2849652E+02    0.7303753E+03    0.6751917E+02   -0.6020850E+02   -0.7184731E+02    0.1316960E+02   -0.5276822E+00   -0.1490940E+00   -0.1117325E+02   -0.1756172E+02   -0.7347950E-02   -0.1557226E-02   -0.7111800E-02   -0.2994931E-02   -0.1050410E-01   -0.1773381E-01    0.1178663E+00    0.2378130E-01    0.1092512E-02   -0.2161621E-01   -0.4209485E-01    0.5427545E-01    0.4668915E-02    0.4536627E-02
   -0.2259831E-03    0.1379241E-02   -0.1180885E-03   -0.1560152E-01   -0.2644938E-01   -0.7501216E-02   -0.2850783E-02    0.5620428E-03    0.2281695E+00    0.9235283E+00   -0.3717988E+01    0.6751917E+02    0.5607308E+02    0.3933225E+02    0.1648154E+02   -0.4041521E+01   -0.6637118E+00   -0.1196008E+01    0.2852999E+01    0.2346444E+01   -0.2911682E-02   -0.7526398E-03   -0.6548889E-03   -0.1418529E-03   -0.3045510E-03   -0.5210889E-02    0.1622531E-01    0.1006562E-01   -0.1872537E-01   -0.4572784E-02   -0.5129785E-02   -0.9443228E-02    0.1178480E-03   -0.3745360E-04
   -0.2431628E-04    0.5947214E-03   -0.4978529E-04    0.2139453E-02    0.8579702E-02    0.2430700E-02    0.9796365E-02    0.2201721E-03   -0.2076222E+02    0.1798039E+01    0.7452461E+01   -0.6020850E+02    0.3933225E+02    0.9124944E+02    0.6409760E+02   -0.1118902E+02   -0.8633631E+00   -0.6437197E+00    0.3028951E+01    0.3227873E+01   -0.3936864E-03    0.4602150E-03   -0.2351204E-02    0.1096046E-02    0.2786018E-02    0.4620941E-02   -0.4813672E-02    0.6756235E-03   -0.3317525E-01   -0.8026551E-03    0.3645524E-02   -0.2617804E-01    0.7774090E-03   -0.2692757E-02
    0.3033442E-04    0.5507518E-03   -0.8382831E-04    0.9961438E-02    0.2646098E-01    0.5457843E-02    0.9437442E-02    0.8156561E-03   -0.6666606E+02    0.7585317E+00    0.6142319E+01   -0.7184731E+02    0.1648154E+02    0.6409760E+02    0.1252315E+03   -0.9515199E+01    0.9438775E-01   -0.9366472E+00   -0.2564995E+00    0.2132581E+02    0.7451552E-03    0.2764074E-03   -0.2102195E-02    0.8843526E-03    0.1130435E-02    0.4382509E-02    0.5762322E-02    0.2903049E-02   -0.3785688E-01    0.4234031E-02    0.4806463E-02   -0.1691620E-01    0.6007352E-03   -0.7804067E-02
   -0.4642242E-04    0.1865758E-03   -0.4321364E-04   -0.5719436E-02   -0.1178989E-01   -0.2753668E-02   -0.1125467E-02    0.4555726E-04    0.4551781E+00    0.4511357E-01   -0.2449381E+01    0.1316960E+02   -0.4041521E+01   -0.1118902E+02   -0.9515199E+01    0.5522160E+01    0.1252160E+00   -0.9671634E-01   -0.1749474E+01   -0.1229305E+01   -0.4821429E-03   -0.1248659E-03    0.4560928E-03   -0.6166284E-03   -0.4499848E-03   -0.1976166E-02    0.3502365E-02    0.3620017E-03   -0.5074638E-02   -0.1523176E-02   -0.2905129E-02   -0.2019544E-02   -0.1010160E-03    0.2027889E-03
    0.5115947E-06   -0.6252478E-05    0.6838048E-05    0.1853967E-03    0.3100591E-03    0.3106593E-03   -0.1158822E-02    0.1035845E-03   -0.4847019E+00   -0.1133550E-01   -0.1568145E+00   -0.5276822E+00   -0.6637118E+00   -0.8633631E+00    0.9438775E-01    0.1252160E+00    0.3186867E+01    0.7265859E+00    0.3636977E+00    0.8515982E+00    0.1329999E-03    0.7239281E-04    0.5336402E-03    0.3969914E-05   -0.6689147E-03    0.2528181E-02   -0.3912278E-02   -0.8132017E-03    0.3542014E-03    0.5404962E-03   -0.2529010E-02   -0.4828240E-02    0.4517454E-03   -0.4497814E-05
   -0.1592117E-05   -0.2959486E-04    0.1095462E-04   -0.5340263E-03   -0.1505425E-02   -0.1380480E-03   -0.1680899E-02    0.4398336E-04    0.4882564E+00   -0.4352869E-02    0.9340111E-01   -0.1490940E+00   -0.1196008E+01   -0.6437197E+00   -0.9366472E+00   -0.9671634E-01    0.7265859E+00    0.3043926E+01    0.2452762E+01    0.1538334E+01    0.3695030E-03    0.6916361E-04   -0.5264608E-04   -0.5822377E-04   -0.1121690E-03    0.1451284E-02    0.4904262E-02   -0.2273783E-03   -0.3907168E-02   -0.1556356E-02    0.3156182E-03    0.3451402E-02   -0.4069918E-03   -0.1245282E-03
   -0.1790377E-04    0.8817036E-04    0.1360342E-04   -0.1805946E-02   -0.4192960E-02   -0.5579678E-03   -0.2704958E-02   -0.1733091E-03   -0.2834884E+01    0.6390133E-01    0.2279362E+01   -0.1117325E+02    0.2852999E+01    0.3028951E+01   -0.2564995E+00   -0.1749474E+01    0.3636977E+00    0.2452762E+01    0.1780736E+02    0.2740393E+02    0.4335568E-03   -0.3683054E-04    0.1558507E-02   -0.5672294E-04    0.1852471E-02    0.8891701E-03    0.1043908E-01    0.1298669E-02   -0.2494864E-01   -0.9876913E-03    0.5691244E-02    0.5787495E-02   -0.1523729E-03    0.2611705E-02
   -0.2390478E-06    0.2035503E-03    0.2940156E-04    0.7818992E-03    0.2790928E-02    0.5733296E-03    0.6341365E-03    0.3291308E-03   -0.2503765E+02    0.4001844E-01    0.1827701E+01   -0.1756172E+02    0.2346444E+01    0.3227873E+01    0.2132581E+02   -0.1229305E+01    0.8515982E+00    0.1538334E+01    0.2740393E+02    0.6250729E+02    0.9544219E-03   -0.2643580E-05    0.2375966E-02   -0.2210937E-04    0.3666265E-02   -0.1796999E-02    0.1859734E-01    0.2042713E-02   -0.4207216E-01    0.2458001E-02    0.6058497E-02   -0.6118880E-02   -0.1604281E-03    0.4576545E-02
    0.1331351E-06   -0.1675972E-05    0.1644803E-06    0.7453521E-05    0.1203792E-04    0.6726570E-05   -0.1395222E-04    0.1076086E-05   -0.1486153E-02    0.1313841E-04    0.4687246E-03   -0.7347950E-02   -0.2911682E-02   -0.3936864E-03    0.7451552E-03   -0.4821429E-03    0.1329999E-03    0.3695030E-03    0.4335568E-03    0.9544219E-03    0.1220390E-03    0.1085052E-04   -0.3638131E-06    0.2509103E-05   -0.6415741E-06   -0.1076379E-04    0.1851387E-05   -0.2055254E-05    0.1834175E-04   -0.3374382E-05   -0.8613699E-05    0.2981555E-04    0.9374494E-08   -0.6845374E-07
    0.4020211E-07   -0.5417360E-06    0.6731445E-07    0.3572195E-05    0.5861359E-05    0.2210257E-05   -0.8080721E-05    0.2465447E-06   -0.2674986E-03    0.2173486E-04    0.1617697E-03   -0.1557226E-02   -0.7526398E-03    0.4602150E-03    0.2764074E-03   -0.1248659E-03    0.7239281E-04    0.6916361E-04   -0.3683054E-04   -0.2643580E-05    0.1085052E-04    0.1398369E-04   -0.5865020E-06    0.5854802E-05   -0.1278922E-05    0.1486997E-05   -0.1980304E-05   -0.8708140E-06   -0.6207792E-05   -0.8493109E-06   -0.4353060E-05   -0.1115437E-04   -0.4768229E-08   -0.1691394E-07
    0.2058785E-07   -0.5448034E-06    0.1329523E-07   -0.3882446E-05   -0.9074346E-05    0.3947569E-06   -0.3624783E-05    0.2705990E-08    0.2774758E-03   -0.2666772E-04    0.1678578E-03   -0.7111800E-02   -0.6548889E-03   -0.2351204E-02   -0.2102195E-02    0.4560928E-03    0.5336402E-03   -0.5264608E-04    0.1558507E-02    0.2375966E-02   -0.3638131E-06   -0.5865020E-06    0.2320068E-03   -0.3067091E-05    0.8042675E-05   -0.1586209E-05   -0.1334967E-04   -0.3842110E-05   -0.7603119E-05   -0.9932600E-06   -0.7116973E-05   -0.1677764E-04    0.1323435E-07    0.2455984E-06
    0.4334828E-07   -0.4030682E-06    0.8904508E-07    0.1208605E-05    0.2537768E-05    0.2208714E-05   -0.5594327E-05    0.7151427E-06   -0.1468249E-03   -0.5848978E-05    0.3781490E-03   -0.2994931E-02   -0.1418529E-03    0.1096046E-02    0.8843526E-03   -0.6166284E-03    0.3969914E-05   -0.5822377E-04   -0.5672294E-04   -0.2210937E-04    0.2509103E-05    0.5854802E-05   -0.3067091E-05    0.2934387E-04   -0.1273008E-05   -0.9416842E-05    0.5427574E-05    0.5409553E-06    0.2406490E-04   -0.3305768E-05   -0.1074609E-05    0.1886504E-04   -0.1632471E-07   -0.1763078E-06
   -0.4891089E-07    0.1274964E-05   -0.1240593E-06   -0.4548304E-05   -0.8669230E-05   -0.3109485E-05   -0.2427462E-05   -0.1422207E-05   -0.1186339E-02    0.4789891E-04    0.3777687E-03   -0.1050410E-01   -0.3045510E-03    0.2786018E-02    0.1130435E-02   -0.4499848E-03   -0.6689147E-03   -0.1121690E-03    0.1852471E-02    0.3666265E-02   -0.6415741E-06   -0.1278922E-05    0.8042675E-05   -0.1273008E-05    0.4032135E-03   -0.2953502E-05    0.2156568E-04    0.2267029E-05   -0.4898831E-04    0.1418559E-04   -0.2515165E-04   -0.6074419E-04    0.1286247E-06    0.4486978E-06
    0.2279815E-07   -0.3960708E-06   -0.3337773E-06    0.1272710E-04    0.1611309E-04    0.3178565E-05    0.1150270E-04   -0.3212054E-05    0.1506524E-02   -0.1059356E-03    0.2019499E-02   -0.1773381E-01   -0.5210889E-02    0.4620941E-02    0.4382509E-02   -0.1976166E-02    0.2528181E-02    0.1451284E-02    0.8891701E-03   -0.1796999E-02   -0.1076379E-04    0.1486997E-05   -0.1586209E-05   -0.9416842E-05   -0.2953502E-05    0.3445751E-02   -0.4624953E-04   -0.5147138E-04   -0.1254094E-03    0.1912163E-04   -0.4209755E-04    0.7189569E-04    0.8422103E-06    0.2409554E-06
   -0.6610214E-06    0.5508813E-05    0.1808522E-06   -0.5457839E-04   -0.9684450E-04   -0.1525870E-04    0.7254027E-04   -0.1098090E-05   -0.8388863E-02    0.7360717E-04   -0.5421586E-02    0.1178663E+00    0.1622531E-01   -0.4813672E-02    0.5762322E-02    0.3502365E-02   -0.3912278E-02    0.4904262E-02    0.1043908E-01    0.1859734E-01    0.1851387E-05   -0.1980304E-05   -0.1334967E-04    0.5427574E-05    0.2156568E-04   -0.4624953E-04    0.5887021E-02    0.1845850E-02    0.1952629E-02   -0.6880044E-03   -0.1041509E-03    0.8165904E-04    0.1676320E-05    0.5648654E-06
   -0.2500504E-06    0.1850132E-05    0.1019895E-06   -0.2330630E-04   -0.4421766E-04   -0.6176907E-05    0.2247373E-04   -0.1247752E-05   -0.1456153E-02   -0.6670458E-05   -0.1946959E-02    0.2378130E-01    0.1006562E-01    0.6756235E-03    0.2903049E-02    0.3620017E-03   -0.8132017E-03   -0.2273783E-03    0.1298669E-02    0.2042713E-02   -0.2055254E-05   -0.8708140E-06   -0.3842110E-05    0.5409553E-06    0.2267029E-05   -0.5147138E-04    0.1845850E-02    0.1220992E-02    0.8684655E-03    0.1940995E-03    0.3336272E-06   -0.2301235E-03   -0.2536222E-06   -0.2319171E-06
   -0.2178466E-06   -0.6677136E-05    0.1415154E-05    0.5221265E-04    0.6820452E-04    0.2023630E-04    0.4241815E-04   -0.8524703E-05    0.3583143E-01   -0.2108570E-02    0.8610207E-03    0.1092512E-02   -0.1872537E-01   -0.3317525E-01   -0.3785688E-01   -0.5074638E-02    0.3542014E-03   -0.3907168E-02   -0.2494864E-01   -0.4207216E-01    0.1834175E-04   -0.6207792E-05   -0.7603119E-05    0.2406490E-04   -0.4898831E-04   -0.1254094E-03    0.1952629E-02    0.8684655E-03    0.3326003E-01   -0.6216692E-03    0.1509340E-02    0.1063940E-01   -0.2192200E-05    0.4186917E-05
   -0.2733931E-07    0.9608872E-07   -0.2058023E-06    0.1037390E-04    0.1662123E-04    0.2163238E-05   -0.4520807E-05   -0.1802095E-05   -0.3722304E-02   -0.2775772E-03    0.1753191E-02   -0.2161621E-01   -0.4572784E-02   -0.8026551E-03    0.4234031E-02   -0.1523176E-02    0.5404962E-03   -0.1556356E-02   -0.9876913E-03    0.2458001E-02   -0.3374382E-05   -0.8493109E-06   -0.9932600E-06   -0.3305768E-05    0.1418559E-04    0.1912163E-04   -0.6880044E-03    0.1940995E-03   -0.6216692E-03    0.1373436E-02    0.1082573E-03   -0.4814601E-03    0.3077594E-06   -0.3783962E-06
   -0.4911941E-06    0.4185899E-05   -0.7280270E-06   -0.1474089E-04   -0.2288629E-04   -0.1020604E-04   -0.4405678E-05   -0.1713429E-05    0.6317920E-03   -0.4919443E-03    0.5229062E-02   -0.4209485E-01   -0.5129785E-02    0.3645524E-02    0.4806463E-02   -0.2905129E-02   -0.2529010E-02    0.3156182E-03    0.5691244E-02    0.6058497E-02   -0.8613699E-05   -0.4353060E-05   -0.7116973E-05   -0.1074609E-05   -0.2515165E-04   -0.4209755E-04   -0.1041509E-03    0.3336272E-06    0.1509340E-02    0.1082573E-03    0.5108773E-02    0.3974765E-02   -0.2719191E-06    0.2474521E-06
   -0.1407797E-05    0.7905058E-05   -0.1779428E-05   -0.1134765E-03   -0.2111019E-03   -0.3674339E-04   -0.8150773E-04   -0.9225621E-06    0.2219529E-01   -0.1706136E-02    0.3321348E-02    0.5427545E-01   -0.9443228E-02   -0.2617804E-01   -0.1691620E-01   -0.2019544E-02   -0.4828240E-02    0.3451402E-02    0.5787495E-02   -0.6118880E-02    0.2981555E-04   -0.1115437E-04   -0.1677764E-04    0.1886504E-04   -0.6074419E-04    0.7189569E-04    0.8165904E-04   -0.2301235E-03    0.1063940E-01   -0.4814601E-03    0.3974765E-02    0.3455057E-01   -0.5650770E-06    0.1143715E-05
    0.3688524E-08    0.1248056E-07   -0.3288096E-08    0.9653665E-07    0.3965395E-06   -0.1714583E-06   -0.9446430E-07   -0.1549965E-07   -0.1782989E-03    0.8601719E-05    0.1899849E-03    0.4668915E-02    0.1178480E-03    0.7774090E-03    0.6007352E-03   -0.1010160E-03    0.4517454E-03   -0.4069918E-03   -0.1523729E-03   -0.1604281E-03    0.9374494E-08   -0.4768229E-08    0.1323435E-07   -0.1632471E-07    0.1286247E-06    0.8422103E-06    0.1676320E-05   -0.2536222E-06   -0.2192200E-05    0.3077594E-06   -0.2719191E-06   -0.5650770E-06    0.5356268E-06   -0.1998425E-08
   -0.1139682E-07    0.4824007E-07    0.7008341E-09   -0.1138193E-05   -0.2470143E-05   -0.4465278E-06   -0.2598293E-06   -0.9595426E-07    0.4343529E-02   -0.1817813E-04   -0.3474076E-03    0.4536627E-02   -0.3745360E-04   -0.2692757E-02   -0.7804067E-02    0.2027889E-03   -0.4497814E-05   -0.1245282E-03    0.2611705E-02    0.4576545E-02   -0.6845374E-07   -0.1691394E-07    0.2455984E-06   -0.1763078E-06    0.4486978E-06    0.2409554E-06    0.5648654E-06   -0.2319171E-06    0.4186917E-05   -0.3783962E-06    0.2474521E-06    0.1143715E-05   -0.1998425E-08    0.2087871E-05
