# omegabh2 omegach2 theta tau omegak mnu ns logA aps100 aps143 aps217 acib143 acib217 asz143 psr cibr ncib cal0 cal2 xi aksz bm_1_1 bm_1_2 bm_1_3 bm_1_4 bm_1_5 bm_2_1 bm_2_2 bm_2_3 bm_2_4 bm_2_5 bm_3_1 bm_3_2 bm_3_3 bm_3_4 bm_3_5 bm_4_1 bm_4_2 bm_4_3 bm_4_4 bm_4_5 a_ps_act_148 a_ps_act_217 a_ps_spt_95 a_ps_spt_150 a_ps_spt_220 r_ps_spt_95x150 r_ps_spt_95x220 r_ps_150x220 act_dust_s act_dust_e cal_acts_148 cal_acts_217 cal_acte_148 cal_acte_217 cal_spt_95 cal_spt_150 cal_spt_220
    0.82768E-07   -0.47599E-06    0.95894E-07    0.93877E-06   -0.65800E-06   -0.75974E-05    0.12371E-05    0.96093E-06   -0.65300E-03   -0.82902E-03   -0.80959E-03    0.37992E-05    0.12774E-03    0.33430E-04   -0.98636E-06   -0.21141E-06    0.21496E-05    0.81915E-09   -0.39025E-08   -0.73194E-05   -0.87748E-04   -0.20292E-04   -0.17478E-04   -0.22565E-05   -0.71226E-05    0.73576E-05    0.40143E-05    0.13989E-05    0.62804E-05    0.10642E-04   -0.14504E-05   -0.30162E-05   -0.31868E-05    0.34751E-05   -0.19425E-05   -0.97000E-05   -0.15867E-05    0.63610E-05   -0.60274E-06   -0.16371E-05    0.12076E-04    0.10098E-04    0.51877E-04    0.22737E-04    0.23165E-04    0.63671E-04   -0.16805E-06   -0.50893E-06   -0.17794E-06   -0.37318E-06   -0.34434E-06    0.42309E-06    0.45975E-06    0.44536E-06    0.48643E-06    0.82571E-06    0.86662E-06    0.60143E-06
   -0.47599E-06    0.76893E-05   -0.87789E-06   -0.10634E-04    0.82203E-05    0.53157E-04   -0.17201E-04   -0.34180E-05    0.24076E-02    0.38288E-02    0.47595E-02   -0.11335E-04   -0.10738E-02   -0.12753E-03   -0.16900E-05    0.97774E-06   -0.18033E-04   -0.13723E-07    0.10972E-06    0.32003E-04    0.32361E-03    0.16426E-03   -0.18321E-04   -0.18095E-06    0.49864E-04   -0.10444E-03    0.39937E-04   -0.10028E-03   -0.18947E-04   -0.69593E-04   -0.78743E-05    0.14279E-04    0.14408E-03    0.28597E-04   -0.21394E-04   -0.20308E-04    0.53588E-04   -0.14821E-05   -0.39167E-04   -0.56001E-05   -0.17204E-04   -0.67838E-05   -0.49637E-04   -0.82539E-04   -0.87540E-04    0.20923E-04   -0.10100E-05    0.47329E-06   -0.62278E-06    0.15342E-04    0.19523E-05   -0.19019E-05   -0.25908E-05   -0.20564E-05   -0.30995E-05   -0.40608E-05   -0.48221E-05   -0.26177E-05
    0.95894E-07   -0.87789E-06    0.45065E-06    0.15557E-05   -0.13076E-05   -0.13544E-04    0.25791E-05    0.15009E-05   -0.81876E-03   -0.67159E-03   -0.71602E-03    0.28863E-05    0.16863E-03    0.36547E-04   -0.85362E-07   -0.53006E-06    0.29457E-05    0.38581E-08   -0.52315E-08   -0.75619E-05   -0.79714E-04   -0.20112E-04    0.86435E-05   -0.12042E-04   -0.23172E-04    0.21231E-04   -0.11184E-04    0.22250E-04   -0.11947E-04    0.27428E-04   -0.46481E-06   -0.13216E-04   -0.22056E-04   -0.94033E-05   -0.14734E-04   -0.52841E-05   -0.15585E-04   -0.10769E-04    0.82782E-05    0.50609E-05   -0.11290E-05    0.92346E-05   -0.54264E-04    0.71863E-05    0.15891E-04   -0.35086E-05    0.33647E-06    0.24566E-06   -0.15808E-06   -0.33937E-05   -0.26623E-05    0.47922E-06    0.18863E-06    0.34491E-06    0.25193E-06    0.77404E-06    0.89027E-06    0.42117E-06
    0.93877E-06   -0.10634E-04    0.15557E-05    0.17249E-03   -0.10475E-04    0.72198E-04    0.33590E-04    0.31835E-03   -0.22521E-01   -0.17767E-01   -0.16853E-01    0.10237E-03    0.36735E-02    0.13692E-03   -0.60203E-05   -0.21796E-04    0.69424E-04   -0.84164E-07   -0.12499E-06   -0.48395E-04   -0.14312E-02   -0.45159E-03   -0.10575E-03   -0.17501E-03    0.26297E-03    0.38946E-03   -0.18235E-03    0.40935E-03   -0.12473E-03    0.32756E-03    0.17291E-03    0.91930E-04   -0.34744E-03    0.19952E-03    0.21106E-03    0.32065E-04   -0.87932E-04   -0.12725E-03    0.58850E-03    0.27564E-03    0.27917E-03    0.29152E-03    0.16157E-03    0.71879E-03    0.49401E-03    0.56818E-03    0.13878E-04    0.52044E-05    0.32950E-05   -0.74651E-04   -0.77481E-06    0.74310E-05    0.10574E-04    0.77498E-05    0.11923E-04    0.13717E-04    0.15333E-04    0.10674E-04
   -0.65800E-06    0.82203E-05   -0.13076E-05   -0.10475E-04    0.17457E-04    0.28530E-03   -0.19848E-04   -0.31121E-05    0.64925E-02    0.64310E-02    0.81295E-02   -0.53883E-05   -0.22215E-02   -0.32861E-03   -0.74951E-05    0.18530E-05   -0.38330E-04   -0.55476E-07    0.16284E-06    0.98371E-04    0.10518E-02    0.27263E-03    0.10022E-03    0.48931E-04    0.81015E-04   -0.10801E-03   -0.12708E-04   -0.61246E-04    0.96187E-06   -0.16366E-03   -0.93179E-04    0.10053E-04    0.17008E-03   -0.39820E-04   -0.41974E-04    0.10133E-04   -0.63155E-05    0.58803E-04   -0.88915E-04   -0.93284E-05   -0.16425E-03   -0.41337E-04    0.32184E-03   -0.27125E-03   -0.17700E-03    0.54200E-04    0.42693E-05    0.11742E-04    0.14736E-05    0.12573E-04    0.16426E-04   -0.30102E-05   -0.41523E-05   -0.31276E-05   -0.43657E-05   -0.70138E-05   -0.77447E-05   -0.53307E-05
   -0.75974E-05    0.53157E-04   -0.13544E-04    0.72198E-04    0.28530E-03    0.14207E-01   -0.14862E-03    0.20483E-03    0.17235E+00    0.10374E+00    0.13499E+00    0.20894E-02   -0.47051E-01   -0.65953E-02   -0.29025E-03    0.76241E-04   -0.92221E-03   -0.15987E-05    0.20644E-05    0.25066E-02    0.26947E-01    0.33620E-02    0.30000E-02    0.16615E-02    0.19596E-02   -0.76437E-03   -0.20282E-02   -0.21519E-03   -0.13576E-03   -0.41360E-02   -0.12689E-02    0.19999E-02    0.81815E-03    0.10313E-02    0.43053E-03    0.91025E-03   -0.32510E-03    0.36377E-03   -0.19473E-03   -0.16435E-03   -0.54993E-02   -0.21407E-02    0.19226E-01   -0.89260E-02   -0.41664E-02    0.29822E-02    0.34563E-03    0.48130E-03    0.39794E-04    0.18918E-03    0.46874E-03   -0.44894E-04   -0.50431E-04   -0.56557E-04   -0.41875E-04   -0.10280E-03   -0.99958E-04   -0.11216E-03
    0.12371E-05   -0.17201E-04    0.25791E-05    0.33590E-04   -0.19848E-04   -0.14862E-03    0.54180E-04    0.24456E-04   -0.38590E-01   -0.22145E-01   -0.17431E-01   -0.80706E-04    0.22940E-02    0.68376E-03   -0.30464E-04   -0.89274E-05    0.50693E-04   -0.49792E-07    0.19526E-07   -0.17169E-03   -0.16317E-02   -0.63338E-03   -0.13984E-03   -0.47853E-04   -0.11312E-03    0.24294E-03    0.15377E-03    0.27670E-03    0.34755E-04    0.22935E-03    0.64528E-04    0.29884E-04   -0.39545E-03   -0.10566E-03    0.94583E-05   -0.43820E-04    0.12202E-03   -0.15242E-04    0.22228E-03   -0.63904E-04    0.10429E-03    0.14682E-03    0.13818E-02    0.36664E-03    0.40814E-03    0.88056E-03   -0.90238E-05   -0.20227E-04    0.91698E-06   -0.45221E-04   -0.82859E-05    0.97225E-05    0.97952E-05    0.98284E-05    0.10587E-04    0.18684E-04    0.17920E-04    0.11298E-04
    0.96093E-06   -0.34180E-05    0.15009E-05    0.31835E-03   -0.31121E-05    0.20483E-03    0.24456E-04    0.63143E-03   -0.53656E-01   -0.30725E-01   -0.25154E-01    0.13745E-03    0.55706E-02    0.18668E-03   -0.20527E-04   -0.47478E-04    0.11443E-03   -0.14686E-06    0.35511E-06   -0.91748E-04   -0.27124E-02   -0.82778E-04   -0.17522E-03   -0.41659E-03    0.58734E-03    0.66173E-03    0.15053E-03    0.76725E-03   -0.31736E-03    0.53344E-03    0.30197E-03    0.21732E-03   -0.29626E-03    0.43034E-03    0.25072E-03   -0.13659E-03    0.24577E-03   -0.10866E-03    0.12290E-02    0.59804E-03    0.56271E-03    0.58157E-03   -0.43707E-04    0.13644E-02    0.80107E-03    0.10084E-02    0.16209E-04   -0.19339E-05    0.41474E-05   -0.11258E-03    0.93501E-05    0.11960E-04    0.15736E-04    0.12342E-04    0.17285E-04    0.19749E-04    0.21189E-04    0.15972E-04
   -0.65300E-03    0.24076E-02   -0.81876E-03   -0.22521E-01    0.64925E-02    0.17235E+00   -0.38590E-01   -0.53656E-01    0.16543E+04    0.96932E+02    0.21628E+02    0.43922E+00    0.19937E+01   -0.10600E+02    0.31385E-01   -0.61202E-01   -0.24913E-01    0.13906E-02   -0.27758E-02    0.91158E+00    0.66869E+01    0.17321E+02   -0.66444E+01    0.24552E+00   -0.18042E+00   -0.94718E+00   -0.11304E+01   -0.49446E+01    0.52020E+00   -0.51136E+00   -0.18158E+01    0.34471E+00    0.31201E+00    0.50307E-01   -0.82622E-01   -0.33748E+01   -0.49226E+00   -0.48965E+00   -0.31251E+01   -0.48274E+00    0.32541E+01    0.12303E+00   -0.38609E+01    0.50582E+01   -0.71939E+00    0.34402E+01   -0.54875E-01   -0.35439E+00   -0.77606E-01    0.14389E+00    0.24885E-01   -0.31135E-01    0.56821E-02   -0.29278E-01    0.12700E-02   -0.68857E-01   -0.34347E-01    0.16266E-01
   -0.82902E-03    0.38288E-02   -0.67159E-03   -0.17767E-01    0.64310E-02    0.10374E+00   -0.22145E-01   -0.30725E-01    0.96932E+02    0.64406E+02    0.16012E+02    0.18204E+00    0.62813E+00   -0.20685E+01    0.43508E-01    0.23491E-01   -0.20694E-01    0.32236E-04   -0.77049E-03    0.20026E+00    0.83317E+00    0.18304E+00   -0.13300E+00    0.76639E-01   -0.96805E-01   -0.13067E+00    0.31788E+00   -0.17633E+00   -0.82717E-01   -0.13211E+00   -0.18912E+00   -0.20855E+00   -0.13157E-01   -0.56120E-01    0.85707E-01    0.26693E-01    0.93194E-01    0.12532E+00   -0.46323E+00    0.12409E-01   -0.25955E-01    0.19256E+00   -0.23315E+01    0.10412E+01   -0.35468E+00   -0.10913E+01   -0.20499E-02   -0.52877E-01   -0.31251E-01    0.17875E-01   -0.10891E-01   -0.13178E-01   -0.79867E-02   -0.13496E-01   -0.77542E-02   -0.28470E-01   -0.19403E-01   -0.85038E-02
   -0.80959E-03    0.47595E-02   -0.71602E-03   -0.16853E-01    0.81295E-02    0.13499E+00   -0.17431E-01   -0.25154E-01    0.21628E+02    0.16012E+02    0.98496E+02   -0.11500E+01   -0.36767E+02   -0.85627E-01   -0.38184E+00   -0.48256E-01   -0.48736E+00    0.33938E-04    0.40338E-04    0.96986E-01    0.16680E+01    0.15506E+00    0.49033E+00    0.15511E+00    0.28367E+00    0.56300E-01   -0.89243E-01   -0.18713E+00   -0.48933E-01   -0.32170E+00    0.44413E-01    0.14913E+00    0.65097E+00   -0.13340E+00    0.36867E+00    0.46821E+00    0.55930E-01    0.78853E-01   -0.41536E-01    0.87771E-01   -0.53620E+00    0.28120E+00    0.19363E+02   -0.65354E+00    0.61173E+00    0.93252E+01   -0.53592E-01   -0.95256E-01    0.62352E-03    0.26720E-01    0.14236E-01   -0.63865E-02   -0.27166E-01   -0.55162E-02   -0.32469E-01   -0.77211E-02   -0.10811E-01   -0.60118E-01
    0.37992E-05   -0.11335E-04    0.28863E-05    0.10237E-03   -0.53883E-05    0.20894E-02   -0.80706E-04    0.13745E-03    0.43922E+00    0.18204E+00   -0.11500E+01    0.65784E+00    0.12062E+01    0.53881E+00    0.35229E-02   -0.31628E-02   -0.25489E-02   -0.32914E-06    0.82440E-04    0.10312E-01   -0.89947E+00   -0.10449E-01   -0.24635E-01   -0.71913E-02    0.15577E-01    0.27772E-01   -0.20621E-01    0.17596E-01    0.64452E-02   -0.69026E-02   -0.34209E-02    0.22924E-01   -0.42866E-02    0.90476E-02    0.18803E-01   -0.90782E-02   -0.12837E-02   -0.15552E-02    0.23939E-01   -0.25824E-02    0.11227E-01    0.70752E-01   -0.20424E+00   -0.21119E+00   -0.73660E-02   -0.28969E-01    0.49465E-01    0.48738E-01   -0.39226E-02    0.59570E-04   -0.97110E-03    0.67053E-04    0.43241E-03    0.48003E-04    0.29003E-03   -0.47779E-03    0.70423E-03    0.21847E-02
    0.12774E-03   -0.10738E-02    0.16863E-03    0.36735E-02   -0.22215E-02   -0.47051E-01    0.22940E-02    0.55706E-02    0.19937E+01    0.62813E+00   -0.36767E+02    0.12062E+01    0.23231E+02    0.21633E+01    0.24205E+00    0.31251E-01    0.31066E+00    0.89338E-05   -0.53859E-04   -0.40799E+00   -0.46648E+01    0.16393E+00   -0.40927E+00   -0.13154E+00   -0.15349E+00   -0.30258E-01    0.13226E+00    0.17725E+00   -0.22893E-01    0.33161E+00   -0.25401E+00   -0.94838E-01   -0.57106E+00    0.99083E-01   -0.24661E+00   -0.23570E+00   -0.10729E-01    0.48680E-01    0.54238E-01    0.11559E+00    0.47949E+00   -0.47980E+00   -0.13184E+02   -0.18763E+00   -0.81106E+00   -0.83601E+01    0.56310E-01    0.71259E-01   -0.79602E-02   -0.63008E-02   -0.82228E-02   -0.12887E-02    0.55203E-02   -0.20903E-02    0.91513E-02   -0.57688E-03   -0.23922E-02    0.22241E-01
    0.33430E-04   -0.12753E-03    0.36547E-04    0.13692E-03   -0.32861E-03   -0.65953E-02    0.68376E-03    0.18668E-03   -0.10600E+02   -0.20685E+01   -0.85627E-01    0.53881E+00    0.21633E+01    0.20001E+01    0.22804E-01    0.22430E-01    0.19008E-01   -0.25062E-05   -0.13268E-03   -0.19490E+00   -0.24088E+01    0.52905E-01   -0.24287E-01    0.59666E-02   -0.61499E-02    0.78874E-02    0.57205E-01    0.43952E-01    0.84653E-02   -0.75415E-02   -0.23272E-01   -0.41418E-01   -0.11352E-01    0.12977E-01    0.29446E-01    0.12351E-01    0.83991E-02    0.27617E-01    0.21158E-01   -0.11651E-01    0.22190E-01   -0.97299E-01   -0.91693E+00   -0.79002E+00   -0.10043E+00   -0.12534E+01    0.42152E-01    0.70330E-01   -0.89401E-03   -0.93121E-03   -0.18631E-03    0.52712E-03   -0.25432E-02    0.28173E-03   -0.24659E-02    0.43041E-02    0.63418E-03   -0.12265E-02
   -0.98636E-06   -0.16900E-05   -0.85362E-07   -0.60203E-05   -0.74951E-05   -0.29025E-03   -0.30464E-04   -0.20527E-04    0.31385E-01    0.43508E-01   -0.38184E+00    0.35229E-02    0.24205E+00    0.22804E-01    0.48350E-02   -0.55498E-04    0.34548E-02   -0.27151E-06   -0.45533E-05   -0.23688E-02   -0.26044E-01    0.13646E-02   -0.14257E-02    0.18485E-03   -0.44064E-03   -0.20426E-02    0.21125E-02   -0.26655E-02    0.13179E-02   -0.18370E-02   -0.12297E-02   -0.10531E-02   -0.12926E-02    0.94553E-03    0.69727E-04    0.72572E-03    0.76732E-03    0.10235E-02   -0.41653E-02   -0.30866E-02   -0.60157E-03   -0.37732E-02   -0.17027E+00   -0.96517E-02   -0.60000E-02   -0.11565E+00    0.36456E-03    0.14876E-02    0.38360E-03   -0.13466E-05    0.57233E-04   -0.34407E-04   -0.25610E-04   -0.48965E-04    0.25851E-04    0.16923E-04   -0.57902E-04    0.17064E-03
   -0.21141E-06    0.97774E-06   -0.53006E-06   -0.21796E-04    0.18530E-05    0.76241E-04   -0.89274E-05   -0.47478E-04   -0.61202E-01    0.23491E-01   -0.48256E-01   -0.31628E-02    0.31251E-01    0.22430E-01   -0.55498E-04    0.31140E-02   -0.22403E-03    0.14565E-06    0.46032E-05   -0.35226E-03   -0.14010E-01    0.60860E-03    0.41118E-03   -0.43158E-05   -0.10583E-02    0.87774E-04   -0.16040E-02    0.19884E-03    0.58785E-03    0.38317E-03    0.10296E-03    0.14550E-02   -0.16424E-02   -0.15164E-03    0.94843E-03   -0.27759E-03   -0.31394E-03   -0.39685E-03    0.73763E-03   -0.12468E-03    0.42142E-03    0.61584E-02    0.33624E-03   -0.12877E-01    0.42971E-02    0.10161E-01    0.13876E-03    0.16107E-02   -0.44739E-03   -0.75718E-04   -0.12479E-03   -0.27795E-05    0.39593E-04   -0.11748E-05    0.42645E-04    0.57005E-04    0.13473E-04    0.11553E-03
    0.21496E-05   -0.18033E-04    0.29457E-05    0.69424E-04   -0.38330E-04   -0.92221E-03    0.50693E-04    0.11443E-03   -0.24913E-01   -0.20694E-01   -0.48736E+00   -0.25489E-02    0.31066E+00    0.19008E-01    0.34548E-02   -0.22403E-03    0.55372E-02    0.31152E-06   -0.10128E-04   -0.66626E-02   -0.41418E-01    0.50350E-02   -0.88160E-02   -0.25823E-02   -0.36632E-02   -0.14816E-02    0.43224E-02    0.54283E-02   -0.27803E-02    0.99800E-02   -0.60622E-02   -0.60660E-02   -0.13602E-01    0.13020E-02   -0.75832E-02   -0.58922E-02   -0.17791E-02    0.60944E-03    0.37801E-02    0.64630E-02    0.12450E-01   -0.11592E-01   -0.20975E+00    0.11531E-02   -0.12859E-01   -0.14857E+00   -0.61505E-03   -0.30318E-03    0.28066E-03   -0.11152E-03   -0.79592E-04   -0.11913E-04    0.19965E-04   -0.25646E-04    0.82434E-04    0.44178E-04   -0.55451E-04    0.20212E-03
    0.81915E-09   -0.13723E-07    0.38581E-08   -0.84164E-07   -0.55476E-07   -0.15987E-05   -0.49792E-07   -0.14686E-06    0.13906E-02    0.32236E-04    0.33938E-04   -0.32914E-06    0.89338E-05   -0.25062E-05   -0.27151E-06    0.14565E-06    0.31152E-06    0.15529E-06    0.84614E-08   -0.48429E-06    0.31482E-05   -0.28791E-04   -0.11005E-04   -0.14489E-04   -0.18229E-05   -0.34341E-06    0.88624E-05    0.11445E-04   -0.52920E-05    0.98509E-05    0.14986E-05   -0.25728E-05   -0.14692E-05   -0.37753E-05    0.28525E-05   -0.50282E-05    0.47639E-05    0.15849E-05    0.10914E-04    0.74313E-05    0.48547E-05   -0.31502E-05   -0.10471E-04   -0.12278E-05   -0.19952E-05    0.54560E-05    0.11794E-06    0.13008E-06   -0.58978E-07    0.18868E-05   -0.42742E-06    0.18267E-07    0.60022E-07    0.19004E-07    0.31484E-07    0.59205E-07    0.43369E-07    0.40617E-08
   -0.39025E-08    0.10972E-06   -0.52315E-08   -0.12499E-06    0.16284E-06    0.20644E-05    0.19526E-07    0.35511E-06   -0.27758E-02   -0.77049E-03    0.40338E-04    0.82440E-04   -0.53859E-04   -0.13268E-03   -0.45533E-05    0.46032E-05   -0.10128E-04    0.84614E-08    0.11260E-05    0.28804E-04    0.80409E-04    0.90234E-04    0.49386E-04   -0.16532E-04   -0.21127E-04   -0.31872E-06    0.40027E-03    0.70909E-04    0.15703E-04   -0.12452E-04    0.38769E-04   -0.36594E-03    0.50324E-04   -0.73219E-04    0.33933E-04    0.22088E-04    0.47410E-04    0.88092E-04   -0.14701E-04   -0.82688E-04   -0.12953E-05    0.70358E-04    0.32952E-03    0.59670E-04    0.39195E-04    0.49239E-03    0.60776E-05    0.36436E-05   -0.33844E-05    0.34706E-05    0.46912E-05    0.29662E-06    0.10033E-05    0.28965E-06    0.10737E-05   -0.24104E-06    0.55094E-06    0.24099E-05
   -0.73194E-05    0.32003E-04   -0.75619E-05   -0.48395E-04    0.98371E-04    0.25066E-02   -0.17169E-03   -0.91748E-04    0.91158E+00    0.20026E+00    0.96986E-01    0.10312E-01   -0.40799E+00   -0.19490E+00   -0.23688E-02   -0.35226E-03   -0.66626E-02   -0.48429E-06    0.28804E-04    0.69004E-01    0.37598E+00   -0.11746E-01    0.50417E-02    0.57453E-02    0.25711E-02    0.51820E-02   -0.16624E-01   -0.45370E-02    0.19567E-02   -0.70092E-02    0.85649E-02    0.95477E-02    0.59275E-02   -0.54488E-02   -0.17034E-02    0.57009E-03   -0.41794E-02   -0.71265E-02    0.11311E-02   -0.39979E-02   -0.95412E-02    0.73114E-01    0.18789E+00    0.29396E-02    0.63155E-01    0.24672E+00    0.55227E-02    0.94087E-02    0.81253E-03    0.24871E-03   -0.36057E-03    0.14470E-04    0.29831E-03    0.59573E-04    0.24242E-03   -0.36614E-03    0.22538E-03    0.57672E-03
   -0.87748E-04    0.32361E-03   -0.79714E-04   -0.14312E-02    0.10518E-02    0.26947E-01   -0.16317E-02   -0.27124E-02    0.66869E+01    0.83317E+00    0.16680E+01   -0.89947E+00   -0.46648E+01   -0.24088E+01   -0.26044E-01   -0.14010E-01   -0.41418E-01    0.31482E-05    0.80409E-04    0.37598E+00    0.46042E+01   -0.65061E-01    0.82639E-01    0.38039E-01    0.26846E-01   -0.28669E-01   -0.83827E-01   -0.62543E-01   -0.28868E-01   -0.19926E-01    0.66671E-01    0.38819E-01    0.36676E-01   -0.53399E-01   -0.40412E-01    0.29102E-01   -0.16119E-01   -0.67269E-01   -0.37375E-01    0.52489E-02   -0.78870E-01    0.12561E+00    0.16406E+01    0.34075E+00    0.25000E+00    0.19516E+01   -0.45221E-01   -0.32075E-01    0.15181E-01   -0.33866E-02   -0.58892E-02    0.41890E-03    0.27161E-02    0.82485E-03    0.25107E-02   -0.10926E-02    0.97643E-03    0.15938E-02
   -0.20292E-04    0.16426E-03   -0.20112E-04   -0.45159E-03    0.27263E-03    0.33620E-02   -0.63338E-03   -0.82778E-04    0.17321E+02    0.18304E+00    0.15506E+00   -0.10449E-01    0.16393E+00    0.52905E-01    0.13646E-02    0.60860E-03    0.50350E-02   -0.28791E-04    0.90234E-04   -0.11746E-01   -0.65061E-01    0.69359E+00   -0.14551E+00    0.54298E-02    0.64550E-02   -0.48224E-02    0.22035E+00   -0.42703E-01    0.28548E-02    0.14899E-03   -0.52238E-01    0.26389E-01    0.51610E-01   -0.24434E-01   -0.44411E-01   -0.12204E+00    0.17821E+00    0.72467E-01   -0.10190E-01    0.45017E-02    0.98508E-01   -0.19245E-01   -0.16340E+00   -0.15421E-01   -0.22148E-01   -0.15771E+00   -0.13880E-02   -0.83133E-03    0.28927E-03   -0.12498E-03    0.21224E-02   -0.74819E-04   -0.18693E-03   -0.12767E-03   -0.28310E-03    0.32635E-03   -0.24999E-03    0.17504E-03
   -0.17478E-04   -0.18321E-04    0.86435E-05   -0.10575E-03    0.10022E-03    0.30000E-02   -0.13984E-03   -0.17522E-03   -0.66444E+01   -0.13300E+00    0.49033E+00   -0.24635E-01   -0.40927E+00   -0.24287E-01   -0.14257E-02    0.41118E-03   -0.88160E-02   -0.11005E-04    0.49386E-04    0.50417E-02    0.82639E-01   -0.14551E+00    0.91624E+00    0.11340E-01    0.73441E-02    0.23470E-02   -0.14968E+00    0.19802E+00    0.12103E-01   -0.19215E-01    0.39374E-01   -0.10632E+00    0.54482E-02   -0.10004E-02    0.27070E-02    0.18710E+00   -0.20304E+00    0.12123E-01    0.10445E+00    0.32143E-01   -0.24651E+00    0.79848E-02    0.23877E+00   -0.15057E-01    0.97927E-02    0.15168E+00   -0.77177E-03   -0.10834E-02    0.84525E-04   -0.51172E-02   -0.54585E-03   -0.58960E-04   -0.13283E-03   -0.59517E-04   -0.18187E-03    0.10725E-04   -0.10689E-03   -0.42846E-03
   -0.22565E-05   -0.18095E-06   -0.12042E-04   -0.17501E-03    0.48931E-04    0.16615E-02   -0.47853E-04   -0.41659E-03    0.24552E+00    0.76639E-01    0.15511E+00   -0.71913E-02   -0.13154E+00    0.59666E-02    0.18485E-03   -0.43158E-05   -0.25823E-02   -0.14489E-04   -0.16532E-04    0.57453E-02    0.38039E-01    0.54298E-02    0.11340E-01    0.98023E+00   -0.20439E-01   -0.11370E-01   -0.37754E-01   -0.28927E-01    0.15113E+00   -0.22982E-01    0.78645E-01    0.40354E-02    0.42588E-01   -0.31386E-01   -0.65887E-02    0.10832E+00   -0.38920E-01    0.24333E-01    0.81261E-02   -0.17288E+00    0.80235E-01   -0.55406E-02    0.71120E-01   -0.30387E-01   -0.24627E-02    0.28110E-01    0.42219E-03    0.19454E-02    0.75935E-03   -0.17902E-02   -0.27522E-02    0.65004E-04   -0.74992E-04   -0.54334E-04   -0.86700E-04    0.34587E-03    0.10004E-03   -0.35533E-03
   -0.71226E-05    0.49864E-04   -0.23172E-04    0.26297E-03    0.81015E-04    0.19596E-02   -0.11312E-03    0.58734E-03   -0.18042E+00   -0.96805E-01    0.28367E+00    0.15577E-01   -0.15349E+00   -0.61499E-02   -0.44064E-03   -0.10583E-02   -0.36632E-02   -0.18229E-05   -0.21127E-04    0.25711E-02    0.26846E-01    0.64550E-02    0.73441E-02   -0.20439E-01    0.10173E+01    0.87383E-02    0.41989E-01   -0.93793E-01    0.70866E-01   -0.77690E-01    0.53561E-01    0.81454E-01    0.10585E+00    0.31341E-01    0.15871E+00   -0.95029E-01    0.87051E-01    0.31151E-01   -0.88991E-02   -0.11695E+00    0.54900E-01    0.18968E-02    0.11524E+00    0.30112E-02   -0.10628E-02    0.75146E-01    0.57291E-03    0.13835E-02    0.10323E-03    0.49710E-02   -0.35975E-02   -0.20644E-04   -0.65487E-04   -0.70469E-04    0.21730E-04   -0.12991E-03    0.18692E-04   -0.32870E-03
    0.73576E-05   -0.10444E-03    0.21231E-04    0.38946E-03   -0.10801E-03   -0.76437E-03    0.24294E-03    0.66173E-03   -0.94718E+00   -0.13067E+00    0.56300E-01    0.27772E-01   -0.30258E-01    0.78874E-02   -0.20426E-02    0.87774E-04   -0.14816E-02   -0.34341E-06   -0.31872E-06    0.51820E-02   -0.28669E-01   -0.48224E-02    0.23470E-02   -0.11370E-01    0.87383E-02    0.10097E+01    0.33420E-01    0.71812E-01   -0.33986E-01    0.22896E-01    0.96837E-01    0.93403E-01   -0.69076E-01   -0.77813E-01    0.50632E-01    0.60387E-01    0.11123E+00   -0.76578E-01    0.12557E+00   -0.38365E-01   -0.10077E-01    0.20384E-01    0.12121E+00    0.46164E-02    0.11242E-01    0.66690E-01    0.23871E-02    0.13413E-02   -0.58506E-03   -0.19038E-03   -0.22306E-02   -0.82242E-04    0.31348E-03    0.11096E-03    0.15489E-03   -0.25314E-03    0.78888E-04    0.61202E-03
    0.40143E-05    0.39937E-04   -0.11184E-04   -0.18235E-03   -0.12708E-04   -0.20282E-02    0.15377E-03    0.15053E-03   -0.11304E+01    0.31788E+00   -0.89243E-01   -0.20621E-01    0.13226E+00    0.57205E-01    0.21125E-02   -0.16040E-02    0.43224E-02    0.88624E-05    0.40027E-03   -0.16624E-01   -0.83827E-01    0.22035E+00   -0.14968E+00   -0.37754E-01    0.41989E-01    0.33420E-01    0.79093E+00   -0.20743E-01    0.23926E-01   -0.10269E-02   -0.14965E-01    0.61173E-01    0.10800E+00   -0.66078E-01    0.82662E-02   -0.89618E-01    0.61720E+00    0.24389E+00   -0.35718E-01   -0.53758E-01    0.10924E+00   -0.10324E-01   -0.58423E-01    0.31583E-04   -0.68707E-02   -0.70948E-01   -0.19747E-02   -0.18072E-02    0.58269E-03    0.21042E-04    0.18466E-02    0.27467E-03    0.10580E-03    0.26836E-03    0.10904E-03    0.95448E-03    0.28959E-03    0.68358E-03
    0.13989E-05   -0.10028E-03    0.22250E-04    0.40935E-03   -0.61246E-04   -0.21519E-03    0.27670E-03    0.76725E-03   -0.49446E+01   -0.17633E+00   -0.18713E+00    0.17596E-01    0.17725E+00    0.43952E-01   -0.26655E-02    0.19884E-03    0.54283E-02    0.11445E-04    0.70909E-04   -0.45370E-02   -0.62543E-01   -0.42703E-01    0.19802E+00   -0.28927E-01   -0.93793E-01    0.71812E-01   -0.20743E-01    0.99039E+00   -0.27304E-01    0.16940E-01   -0.66413E-02    0.29305E-01   -0.31481E-01   -0.62121E-01   -0.23671E-01    0.15672E+00   -0.92685E-01    0.23461E+00    0.76301E+00    0.30994E+00   -0.19580E+00   -0.49005E-02   -0.10492E+00   -0.26271E-01   -0.13647E-01   -0.11851E+00    0.21721E-02    0.22901E-02   -0.19090E-05   -0.33857E-02   -0.80896E-03    0.22634E-03   -0.11426E-03    0.11984E-04    0.42287E-04    0.38326E-03    0.16322E-03    0.45185E-03
    0.62804E-05   -0.18947E-04   -0.11947E-04   -0.12473E-03    0.96187E-06   -0.13576E-03    0.34755E-04   -0.31736E-03    0.52020E+00   -0.82717E-01   -0.48933E-01    0.64452E-02   -0.22893E-01    0.84653E-02    0.13179E-02    0.58785E-03   -0.27803E-02   -0.52920E-05    0.15703E-04    0.19567E-02   -0.28868E-01    0.28548E-02    0.12103E-01    0.15113E+00    0.70866E-01   -0.33986E-01    0.23926E-01   -0.27304E-01    0.97196E+00    0.29883E-01   -0.16248E-02    0.58451E-01   -0.23324E-01    0.13195E+00    0.15654E+00   -0.17085E+00   -0.18280E+00    0.62436E+00    0.11872E+00   -0.59690E+00    0.22065E+00    0.15763E-01    0.69002E-01    0.89995E-02    0.11125E-01    0.13102E+00    0.65068E-03    0.45786E-03   -0.36032E-03    0.19262E-02    0.97350E-03    0.10073E-04    0.16684E-03   -0.13999E-04    0.19571E-03    0.18955E-03    0.67061E-04    0.39763E-03
    0.10642E-04   -0.69593E-04    0.27428E-04    0.32756E-03   -0.16366E-03   -0.41360E-02    0.22935E-03    0.53344E-03   -0.51136E+00   -0.13211E+00   -0.32170E+00   -0.69026E-02    0.33161E+00   -0.75415E-02   -0.18370E-02    0.38317E-03    0.99800E-02    0.98509E-05   -0.12452E-04   -0.70092E-02   -0.19926E-01    0.14899E-03   -0.19215E-01   -0.22982E-01   -0.77690E-01    0.22896E-01   -0.10269E-02    0.16940E-01    0.29883E-01    0.10043E+01   -0.74462E-03   -0.40654E-01   -0.81131E-01   -0.13271E+00   -0.90021E-02   -0.89455E-01   -0.91994E-01    0.11103E+00   -0.30390E-01    0.29582E+00    0.69261E+00   -0.76334E-02   -0.28318E+00    0.16764E-01   -0.15360E-01   -0.18067E+00   -0.87239E-03   -0.17389E-02   -0.24481E-03   -0.11568E-02   -0.24346E-02    0.39850E-04    0.90403E-04    0.88434E-04    0.12802E-03    0.20854E-03    0.40232E-05    0.35330E-03
   -0.14504E-05   -0.78743E-05   -0.46481E-06    0.17291E-03   -0.93179E-04   -0.12689E-02    0.64528E-04    0.30197E-03   -0.18158E+01   -0.18912E+00    0.44413E-01   -0.34209E-02   -0.25401E+00   -0.23272E-01   -0.12297E-02    0.10296E-03   -0.60622E-02    0.14986E-05    0.38769E-04    0.85649E-02    0.66671E-01   -0.52238E-01    0.39374E-01    0.78645E-01    0.53561E-01    0.96837E-01   -0.14965E-01   -0.66413E-02   -0.16248E-02   -0.74462E-03    0.98067E+00   -0.37902E-01    0.80098E-01    0.58391E-01    0.15795E+00   -0.15727E-02    0.12653E+00   -0.55537E+00    0.39131E+00   -0.32690E+00    0.22871E+00    0.18971E-01    0.18597E+00    0.15737E-01    0.14673E-01    0.15017E+00   -0.98911E-04    0.25208E-03    0.17631E-03    0.14794E-03    0.10314E-03    0.63586E-04    0.76735E-04    0.11638E-03    0.25871E-04   -0.18350E-04    0.23883E-03    0.57397E-04
   -0.30162E-05    0.14279E-04   -0.13216E-04    0.91930E-04    0.10053E-04    0.19999E-02    0.29884E-04    0.21732E-03    0.34471E+00   -0.20855E+00    0.14913E+00    0.22924E-01   -0.94838E-01   -0.41418E-01   -0.10531E-02    0.14550E-02   -0.60660E-02   -0.25728E-05   -0.36594E-03    0.95477E-02    0.38819E-01    0.26389E-01   -0.10632E+00    0.40354E-02    0.81454E-01    0.93403E-01    0.61173E-01    0.29305E-01    0.58451E-01   -0.40654E-01   -0.37902E-01    0.82841E+00    0.75256E-03   -0.10902E-01   -0.11013E-01   -0.27738E-01    0.57920E+00    0.13690E+00    0.10825E+00    0.30477E-01   -0.82007E-01    0.78782E-02    0.19924E+00    0.29185E-01    0.11769E-01    0.19296E+00    0.14120E-02   -0.17022E-03   -0.84920E-03   -0.11209E-02   -0.35213E-02   -0.44711E-05    0.31356E-03    0.20935E-04    0.38911E-03    0.21275E-03    0.28004E-03    0.35790E-03
   -0.31868E-05    0.14408E-03   -0.22056E-04   -0.34744E-03    0.17008E-03    0.81815E-03   -0.39545E-03   -0.29626E-03    0.31201E+00   -0.13157E-01    0.65097E+00   -0.42866E-02   -0.57106E+00   -0.11352E-01   -0.12926E-02   -0.16424E-02   -0.13602E-01   -0.14692E-05    0.50324E-04    0.59275E-02    0.36676E-01    0.51610E-01    0.54482E-02    0.42588E-01    0.10585E+00   -0.69076E-01    0.10800E+00   -0.31481E-01   -0.23324E-01   -0.81131E-01    0.80098E-01    0.75256E-03    0.98391E+00    0.42223E-01   -0.13252E-01   -0.45889E-01    0.85048E-01    0.16136E+00    0.78333E-03    0.13207E+00    0.17926E+00    0.10831E-01    0.44744E+00    0.22627E-01    0.20591E-01    0.31677E+00   -0.16747E-02   -0.33927E-02   -0.80169E-04    0.87426E-02   -0.85261E-04    0.22836E-04    0.12908E-03    0.10182E-03   -0.10085E-03   -0.30139E-04    0.22287E-03    0.23212E-03
    0.34751E-05    0.28597E-04   -0.94033E-05    0.19952E-03   -0.39820E-04    0.10313E-02   -0.10566E-03    0.43034E-03    0.50307E-01   -0.56120E-01   -0.13340E+00    0.90476E-02    0.99083E-01    0.12977E-01    0.94553E-03   -0.15164E-03    0.13020E-02   -0.37753E-05   -0.73219E-04   -0.54488E-02   -0.53399E-01   -0.24434E-01   -0.10004E-02   -0.31386E-01    0.31341E-01   -0.77813E-01   -0.66078E-01   -0.62121E-01    0.13195E+00   -0.13271E+00    0.58391E-01   -0.10902E-01    0.42223E-01    0.96652E+00    0.87424E-02   -0.59183E-02   -0.88078E-01    0.38532E-01    0.16755E+00    0.18368E-01   -0.34613E-01   -0.14798E-01   -0.51730E-01    0.36771E-01   -0.11170E-01   -0.83612E-01   -0.17234E-02   -0.23064E-02   -0.17264E-03   -0.17901E-02   -0.20045E-02   -0.48906E-04   -0.41434E-04   -0.91323E-04    0.25809E-04   -0.17490E-03    0.20124E-04   -0.35168E-04
   -0.19425E-05   -0.21394E-04   -0.14734E-04    0.21106E-03   -0.41974E-04    0.43053E-03    0.94583E-05    0.25072E-03   -0.82622E-01    0.85707E-01    0.36867E+00    0.18803E-01   -0.24661E+00    0.29446E-01    0.69727E-04    0.94843E-03   -0.75832E-02    0.28525E-05    0.33933E-04   -0.17034E-02   -0.40412E-01   -0.44411E-01    0.27070E-02   -0.65887E-02    0.15871E+00    0.50632E-01    0.82662E-02   -0.23671E-01    0.15654E+00   -0.90021E-02    0.15795E+00   -0.11013E-01   -0.13252E-01    0.87424E-02    0.97487E+00   -0.17756E-01   -0.20674E-01    0.31780E-01    0.12932E+00   -0.25870E+00    0.13168E+00    0.11093E-01    0.24234E+00   -0.46882E-01    0.10580E-01    0.18775E+00    0.23182E-02    0.18405E-02   -0.53276E-03    0.37988E-03    0.35726E-03    0.77398E-05    0.53607E-04   -0.90041E-04   -0.58165E-04    0.50341E-04    0.28552E-04   -0.14690E-03
   -0.97000E-05   -0.20308E-04   -0.52841E-05    0.32065E-04    0.10133E-04    0.91025E-03   -0.43820E-04   -0.13659E-03   -0.33748E+01    0.26693E-01    0.46821E+00   -0.90782E-02   -0.23570E+00    0.12351E-01    0.72572E-03   -0.27759E-03   -0.58922E-02   -0.50282E-05    0.22088E-04    0.57009E-03    0.29102E-01   -0.12204E+00    0.18710E+00    0.10832E+00   -0.95029E-01    0.60387E-01   -0.89618E-01    0.15672E+00   -0.17085E+00   -0.89455E-01   -0.15727E-02   -0.27738E-01   -0.45889E-01   -0.59183E-02   -0.17756E-01    0.99078E+00   -0.68818E-01   -0.79937E-01    0.24041E-01    0.19430E+00   -0.13200E+00   -0.43318E-02    0.99164E-01   -0.25136E-01    0.34747E-02   -0.22851E-01   -0.16212E-03    0.20311E-02    0.51876E-03   -0.24217E-02    0.61920E-02   -0.12484E-03   -0.29306E-03   -0.11805E-03   -0.31828E-03   -0.20323E-03   -0.15535E-03   -0.13544E-02
   -0.15867E-05    0.53588E-04   -0.15585E-04   -0.87932E-04   -0.63155E-05   -0.32510E-03    0.12202E-03    0.24577E-03   -0.49226E+00    0.93194E-01    0.55930E-01   -0.12837E-02   -0.10729E-01    0.83991E-02    0.76732E-03   -0.31394E-03   -0.17791E-02    0.47639E-05    0.47410E-04   -0.41794E-02   -0.16119E-01    0.17821E+00   -0.20304E+00   -0.38920E-01    0.87051E-01    0.11123E+00    0.61720E+00   -0.92685E-01   -0.18280E+00   -0.91994E-01    0.12653E+00    0.57920E+00    0.85048E-01   -0.88078E-01   -0.20674E-01   -0.68818E-01    0.93378E+00   -0.33672E-01    0.14158E-01   -0.11785E-01   -0.62053E-02   -0.19637E-02    0.11681E+00    0.18567E-01    0.45923E-02    0.81072E-01   -0.53714E-03   -0.13408E-02   -0.62435E-05   -0.98517E-03   -0.37343E-03    0.17397E-03    0.28457E-03    0.24212E-03    0.30927E-03    0.73428E-03    0.41194E-03    0.63180E-03
    0.63610E-05   -0.14821E-05   -0.10769E-04   -0.12725E-03    0.58803E-04    0.36377E-03   -0.15242E-04   -0.10866E-03   -0.48965E+00    0.12532E+00    0.78853E-01   -0.15552E-02    0.48680E-01    0.27617E-01    0.10235E-02   -0.39685E-03    0.60944E-03    0.15849E-05    0.88092E-04   -0.71265E-02   -0.67269E-01    0.72467E-01    0.12123E-01    0.24333E-01    0.31151E-01   -0.76578E-01    0.24389E+00    0.23461E+00    0.62436E+00    0.11103E+00   -0.55537E+00    0.13690E+00    0.16136E+00    0.38532E-01    0.31780E-01   -0.79937E-01   -0.33672E-01    0.97460E+00   -0.38850E-02    0.34693E-02    0.37745E-01   -0.30774E-02    0.18696E-02    0.34013E-02   -0.24063E-02    0.36184E-01   -0.48368E-03   -0.12032E-02   -0.23113E-03    0.23048E-02   -0.15834E-02    0.13207E-03    0.42589E-04   -0.33284E-04    0.76886E-04    0.49067E-03    0.50465E-04    0.46378E-03
   -0.60274E-06   -0.39167E-04    0.82782E-05    0.58850E-03   -0.88915E-04   -0.19473E-03    0.22228E-03    0.12290E-02   -0.31251E+01   -0.46323E+00   -0.41536E-01    0.23939E-01    0.54238E-01    0.21158E-01   -0.41653E-02    0.73763E-03    0.37801E-02    0.10914E-04   -0.14701E-04    0.11311E-02   -0.37375E-01   -0.10190E-01    0.10445E+00    0.81261E-02   -0.88991E-02    0.12557E+00   -0.35718E-01    0.76301E+00    0.11872E+00   -0.30390E-01    0.39131E+00    0.10825E+00    0.78333E-03    0.16755E+00    0.12932E+00    0.24041E-01    0.14158E-01   -0.38850E-02    0.98636E+00    0.66162E-02    0.10899E-01    0.28523E-02   -0.10780E-01   -0.87617E-02   -0.64832E-02   -0.25857E-01    0.21708E-02    0.17137E-02   -0.28271E-03   -0.26457E-02   -0.52029E-03    0.20036E-03    0.52328E-04    0.81826E-04    0.19810E-03    0.27379E-03    0.30876E-03    0.59764E-03
   -0.16371E-05   -0.56001E-05    0.50609E-05    0.27564E-03   -0.93284E-05   -0.16435E-03   -0.63904E-04    0.59804E-03   -0.48274E+00    0.12409E-01    0.87771E-01   -0.25824E-02    0.11559E+00   -0.11651E-01   -0.30866E-02   -0.12468E-03    0.64630E-02    0.74313E-05   -0.82688E-04   -0.39979E-02    0.52489E-02    0.45017E-02    0.32143E-01   -0.17288E+00   -0.11695E+00   -0.38365E-01   -0.53758E-01    0.30994E+00   -0.59690E+00    0.29582E+00   -0.32690E+00    0.30477E-01    0.13207E+00    0.18368E-01   -0.25870E+00    0.19430E+00   -0.11785E-01    0.34693E-02    0.66162E-02    0.94423E+00   -0.11726E-01   -0.18223E-01   -0.16758E+00    0.98017E-02   -0.17764E-01   -0.18997E+00   -0.11916E-02   -0.15255E-02   -0.11082E-03   -0.11196E-02   -0.39213E-02    0.16449E-04   -0.20695E-03   -0.34462E-04   -0.16767E-03    0.40181E-04   -0.11119E-03   -0.17341E-03
    0.12076E-04   -0.17204E-04   -0.11290E-05    0.27917E-03   -0.16425E-03   -0.54993E-02    0.10429E-03    0.56271E-03    0.32541E+01   -0.25955E-01   -0.53620E+00    0.11227E-01    0.47949E+00    0.22190E-01   -0.60157E-03    0.42142E-03    0.12450E-01    0.48547E-05   -0.12953E-05   -0.95412E-02   -0.78870E-01    0.98508E-01   -0.24651E+00    0.80235E-01    0.54900E-01   -0.10077E-01    0.10924E+00   -0.19580E+00    0.22065E+00    0.69261E+00    0.22871E+00   -0.82007E-01    0.17926E+00   -0.34613E-01    0.13168E+00   -0.13200E+00   -0.62053E-02    0.37745E-01    0.10899E-01   -0.11726E-01    0.10142E+01   -0.17202E-01   -0.35300E+00    0.33739E-01   -0.20993E-01   -0.22833E+00   -0.10516E-02   -0.15075E-02   -0.11534E-03    0.27626E-02    0.11012E-02   -0.54231E-04    0.25240E-03    0.12717E-03    0.23144E-03    0.82806E-04    0.95603E-04    0.73135E-03
    0.10098E-04   -0.67838E-05    0.92346E-05    0.29152E-03   -0.41337E-04   -0.21407E-02    0.14682E-03    0.58157E-03    0.12303E+00    0.19256E+00    0.28120E+00    0.70752E-01   -0.47980E+00   -0.97299E-01   -0.37732E-02    0.61584E-02   -0.11592E-01   -0.31502E-05    0.70358E-04    0.73114E-01    0.12561E+00   -0.19245E-01    0.79848E-02   -0.55406E-02    0.18968E-02    0.20384E-01   -0.10324E-01   -0.49005E-02    0.15763E-01   -0.76334E-02    0.18971E-01    0.78782E-02    0.10831E-01   -0.14798E-01    0.11093E-01   -0.43318E-02   -0.19637E-02   -0.30774E-02    0.28523E-02   -0.18223E-01   -0.17202E-01    0.36312E+00    0.26162E+00    0.85100E-02    0.16874E+00    0.62145E+00    0.15001E-01    0.18191E-01   -0.49999E-02   -0.17345E-02   -0.25006E-02    0.61377E-03    0.40013E-05    0.83470E-03    0.13005E-04   -0.62624E-03    0.27547E-03    0.19272E-02
    0.51877E-04   -0.49637E-04   -0.54264E-04    0.16157E-03    0.32184E-03    0.19226E-01    0.13818E-02   -0.43707E-04   -0.38609E+01   -0.23315E+01    0.19363E+02   -0.20424E+00   -0.13184E+02   -0.91693E+00   -0.17027E+00    0.33624E-03   -0.20975E+00   -0.10471E-04    0.32952E-03    0.18789E+00    0.16406E+01   -0.16340E+00    0.23877E+00    0.71120E-01    0.11524E+00    0.12121E+00   -0.58423E-01   -0.10492E+00    0.69002E-01   -0.28318E+00    0.18597E+00    0.19924E+00    0.44744E+00   -0.51730E-01    0.24234E+00    0.99164E-01    0.11681E+00    0.18696E-02   -0.10780E-01   -0.16758E+00   -0.35300E+00    0.26162E+00    0.17005E+02    0.15720E+00    0.47647E+00    0.63863E+01   -0.58573E-02   -0.38894E-01   -0.11747E-01    0.17011E-01    0.19876E-01    0.22563E-02    0.22303E-01    0.27525E-02    0.13500E-01    0.70829E-03    0.38424E-02   -0.72637E-02
    0.22737E-04   -0.82539E-04    0.71863E-05    0.71879E-03   -0.27125E-03   -0.89260E-02    0.36664E-03    0.13644E-02    0.50582E+01    0.10412E+01   -0.65354E+00   -0.21119E+00   -0.18763E+00   -0.79002E+00   -0.96517E-02   -0.12877E-01    0.11531E-02   -0.12278E-05    0.59670E-04    0.29396E-02    0.34075E+00   -0.15421E-01   -0.15057E-01   -0.30387E-01    0.30112E-02    0.46164E-02    0.31583E-04   -0.26271E-01    0.89995E-02    0.16764E-01    0.15737E-01    0.29185E-01    0.22627E-01    0.36771E-01   -0.46882E-01   -0.25136E-01    0.18567E-01    0.34013E-02   -0.87617E-02    0.98017E-02    0.33739E-01    0.85100E-02    0.15720E+00    0.21946E+01   -0.37069E-02    0.33025E+00   -0.91518E-01   -0.10715E+00   -0.43445E-02    0.21122E-02    0.33079E-02   -0.33698E-03    0.82572E-03   -0.30484E-03    0.85991E-03   -0.22753E-03   -0.67008E-04    0.62889E-03
    0.23165E-04   -0.87540E-04    0.15891E-04    0.49401E-03   -0.17700E-03   -0.41664E-02    0.40814E-03    0.80107E-03   -0.71939E+00   -0.35468E+00    0.61173E+00   -0.73660E-02   -0.81106E+00   -0.10043E+00   -0.60000E-02    0.42971E-02   -0.12859E-01   -0.19952E-05    0.39195E-04    0.63155E-01    0.25000E+00   -0.22148E-01    0.97927E-02   -0.24627E-02   -0.10628E-02    0.11242E-01   -0.68707E-02   -0.13647E-01    0.11125E-01   -0.15360E-01    0.14673E-01    0.11769E-01    0.20591E-01   -0.11170E-01    0.10580E-01    0.34747E-02    0.45923E-02   -0.24063E-02   -0.64832E-02   -0.17764E-01   -0.20993E-01    0.16874E+00    0.47647E+00   -0.37069E-02    0.25847E+00    0.45493E+00    0.82088E-02    0.15851E-01   -0.56713E-03    0.18201E-02    0.66211E-03    0.21509E-03    0.40481E-04    0.26547E-03   -0.90994E-04    0.33783E-03    0.42634E-03    0.46805E-03
