# omegabh2 omegach2 theta tau alpha1 logA ns calPlanck acib217 xi asz143 aps100 aps143 aps143217 aps217 aksz kgal100 kgal143 kgal143217 kgal217 cal0 cal2
    0.6734562E-07   -0.2820161E-06    0.4018593E-07    0.2858213E-05   -0.2209681E-06    0.5325087E-05    0.6522171E-06    0.2035185E-07   -0.2543540E-03    0.3603736E-05    0.6399719E-04   -0.1041873E-02   -0.6521458E-03   -0.2126710E-03   -0.3716171E-05   -0.8702008E-04    0.2950156E-05    0.9374353E-05   -0.2102582E-04    0.3672850E-04    0.5102119E-08   -0.2506844E-07
   -0.2820161E-06    0.5225964E-05   -0.5880517E-06   -0.2055401E-04   -0.4819678E-06   -0.2828741E-04   -0.1331720E-04   -0.7359773E-07    0.9578774E-03   -0.1083358E-04   -0.3079164E-03    0.4702470E-02    0.2850551E-02    0.9676387E-03    0.1130884E-03    0.4018697E-03    0.2543833E-04   -0.3363706E-04    0.7594622E-04   -0.5281116E-04   -0.2697692E-07    0.9501159E-07
    0.4018593E-07   -0.5880517E-06    0.2789751E-06    0.1919634E-05    0.3993341E-06    0.2446531E-05    0.2199139E-05    0.3852237E-07   -0.1282031E-03    0.1556228E-05    0.4894686E-04   -0.7824489E-03   -0.3378217E-03   -0.4694867E-04    0.5719074E-04   -0.7793870E-04   -0.1219708E-04    0.1007699E-05   -0.8204405E-05    0.1309838E-05    0.1875401E-08   -0.1390093E-07
    0.2858213E-05   -0.2055401E-04    0.1919634E-05    0.4554299E-03   -0.1658875E-04    0.8680480E-03    0.5357046E-04   -0.1273152E-05   -0.2049397E-01    0.3643857E-03    0.3559207E-02   -0.7583585E-01   -0.3764087E-01   -0.8180490E-02    0.8430719E-02   -0.6360978E-02   -0.2354604E-03    0.1348564E-03   -0.2544519E-02    0.1368587E-02    0.8857938E-07   -0.2254553E-05
   -0.2209681E-06   -0.4819678E-06    0.3993341E-06   -0.1658875E-04    0.5699595E-05   -0.3757682E-04    0.6333555E-05   -0.6208374E-07    0.6958727E-04    0.1734435E-05    0.6021119E-04   -0.7729844E-04    0.1174536E-02    0.1419353E-02    0.1157330E-02   -0.2114095E-03   -0.4551705E-04   -0.7264467E-04    0.1220625E-03    0.1812337E-03   -0.8735724E-08    0.5370436E-07
    0.5325087E-05   -0.2828741E-04    0.2446531E-05    0.8680480E-03   -0.3757682E-04    0.1714010E-02    0.6925949E-04    0.1022717E-04   -0.3874813E-01    0.7731581E-03    0.6314967E-02   -0.1346186E+00   -0.6732475E-01   -0.1168466E-01    0.2206584E-01   -0.1247536E-01   -0.5858806E-03   -0.3468444E-03   -0.5521197E-02    0.3853400E-02    0.4075046E-06   -0.4381062E-05
    0.6522171E-06   -0.1331720E-04    0.2199139E-05    0.5357046E-04    0.6333555E-05    0.6925949E-04    0.5215132E-04    0.2519058E-06   -0.8108303E-02    0.1520320E-03    0.2072016E-02   -0.3852676E-01   -0.1228108E-01    0.2448216E-02    0.8188848E-02   -0.4158757E-02    0.1040447E-03   -0.1304736E-03   -0.3674963E-03    0.1559541E-02   -0.1781452E-06   -0.6566364E-06
    0.2035185E-07   -0.7359773E-07    0.3852237E-07   -0.1273152E-05   -0.6208374E-07    0.1022717E-04    0.2519058E-06    0.6425838E-05    0.9149361E-03    0.8331035E-05   -0.4290472E-04    0.3773056E-02    0.6099545E-03    0.3560348E-03    0.9391753E-03    0.3323251E-04    0.1298562E-04   -0.5495173E-05   -0.3701399E-04    0.6158198E-03   -0.7829348E-08    0.6431066E-08
   -0.2543540E-03    0.9578774E-03   -0.1282031E-03   -0.2049397E-01    0.6958727E-04   -0.3874813E-01   -0.8108303E-02    0.9149361E-03    0.5005596E+02   -0.4942120E+00   -0.1522133E+01    0.4583500E+02    0.2003133E+01   -0.2016019E+02   -0.6658002E+02    0.3976374E+00   -0.2558782E+00    0.4457267E+00   -0.3354986E+01   -0.2622134E+02   -0.2010845E-03    0.4401287E-02
    0.3603736E-05   -0.1083358E-04    0.1556228E-05    0.3643857E-03    0.1734435E-05    0.7731581E-03    0.1520320E-03    0.8331035E-05   -0.4942120E+00    0.8152455E-01   -0.7991699E-01   -0.4399374E+00    0.9043584E+00    0.1657070E+01    0.7203398E+00    0.7009055E-01   -0.1241974E-02    0.6581345E-02    0.8966549E-01    0.1113613E+00    0.6011195E-05   -0.1931068E-04
    0.6399719E-04   -0.3079164E-03    0.4894686E-04    0.3559207E-02    0.6021119E-04    0.6314967E-02    0.2072016E-02   -0.4290472E-04   -0.1522133E+01   -0.7991699E-01    0.3823319E+01   -0.2971129E+02   -0.3973423E+01    0.7675552E+01    0.6628477E+01   -0.2895201E+01   -0.1689592E+00    0.8435901E-01    0.2460975E+01    0.2009246E+01    0.2044705E-03   -0.3628251E-03
   -0.1041873E-02    0.4702470E-02   -0.7824489E-03   -0.7583585E-01   -0.7729844E-04   -0.1346186E+00   -0.3852676E-01    0.3773056E-02    0.4583500E+02   -0.4399374E+00   -0.2971129E+02    0.7352928E+03    0.7361448E+02   -0.5609704E+02   -0.7209269E+02    0.1481340E+02   -0.8903910E+00   -0.4204817E-01   -0.1459430E+02   -0.2279427E+02    0.4603951E-02    0.4182183E-02
   -0.6521458E-03    0.2850551E-02   -0.3378217E-03   -0.3764087E-01    0.1174536E-02   -0.6732475E-01   -0.1228108E-01    0.6099545E-03    0.2003133E+01    0.9043584E+00   -0.3973423E+01    0.7361448E+02    0.6167788E+02    0.4212726E+02    0.1817276E+02   -0.4502487E+01   -0.4941583E+00   -0.1078896E+01    0.3807321E+01    0.3530162E+01    0.1828099E-03    0.2934955E-03
   -0.2126710E-03    0.9676387E-03   -0.4694867E-04   -0.8180490E-02    0.1419353E-02   -0.1168466E-01    0.2448216E-02    0.3560348E-03   -0.2016019E+02    0.1657070E+01    0.7675552E+01   -0.5609704E+02    0.4212726E+02    0.9083139E+02    0.6624739E+02   -0.1276036E+02   -0.7136805E+00   -0.5075574E+00    0.4545994E+01    0.5660279E+01    0.8028515E-03   -0.2549486E-02
   -0.3716171E-05    0.1130884E-03    0.5719074E-04    0.8430719E-02    0.1157330E-02    0.2206584E-01    0.8188848E-02    0.9391753E-03   -0.6658002E+02    0.7203398E+00    0.6628477E+01   -0.7209269E+02    0.1817276E+02    0.6624739E+02    0.1269635E+03   -0.1092060E+02   -0.2729816E+00   -0.8641286E+00    0.1022330E+01    0.2279662E+02    0.6689367E-03   -0.7677781E-02
   -0.8702008E-04    0.4018697E-03   -0.7793870E-04   -0.6360978E-02   -0.2114095E-03   -0.1247536E-01   -0.4158757E-02    0.3323251E-04    0.3976374E+00    0.7009055E-01   -0.2895201E+01    0.1481340E+02   -0.4502487E+01   -0.1276036E+02   -0.1092060E+02    0.6620730E+01    0.1299536E+00   -0.8362308E-01   -0.2053879E+01   -0.1447079E+01   -0.1544440E-03    0.2000233E-03
    0.2950156E-05    0.2543833E-04   -0.1219708E-04   -0.2354604E-03   -0.4551705E-04   -0.5858806E-03    0.1040447E-03    0.1298562E-04   -0.2558782E+00   -0.1241974E-02   -0.1689592E+00   -0.8903910E+00   -0.4941583E+00   -0.7136805E+00   -0.2729816E+00    0.1299536E+00    0.3216788E+01    0.7594112E+00    0.4071564E+00    0.7082667E+00    0.4120460E-03   -0.8466069E-06
    0.9374353E-05   -0.3363706E-04    0.1007699E-05    0.1348564E-03   -0.7264467E-04   -0.3468444E-03   -0.1304736E-03   -0.5495173E-05    0.4457267E+00    0.6581345E-02    0.8435901E-01   -0.4204817E-01   -0.1078896E+01   -0.5075574E+00   -0.8641286E+00   -0.8362308E-01    0.7594112E+00    0.3103202E+01    0.2423490E+01    0.1305820E+01   -0.4040684E-03   -0.1900257E-03
   -0.2102582E-04    0.7594622E-04   -0.8204405E-05   -0.2544519E-02    0.1220625E-03   -0.5521197E-02   -0.3674963E-03   -0.3701399E-04   -0.3354986E+01    0.8966549E-01    0.2460975E+01   -0.1459430E+02    0.3807321E+01    0.4545994E+01    0.1022330E+01   -0.2053879E+01    0.4071564E+00    0.2423490E+01    0.1808833E+02    0.2775801E+02   -0.7495661E-04    0.2503647E-02
    0.3672850E-04   -0.5281116E-04    0.1309838E-05    0.1368587E-02    0.1812337E-03    0.3853400E-02    0.1559541E-02    0.6158198E-03   -0.2622134E+02    0.1113613E+00    0.2009246E+01   -0.2279427E+02    0.3530162E+01    0.5660279E+01    0.2279662E+02   -0.1447079E+01    0.7082667E+00    0.1305820E+01    0.2775801E+02    0.6348490E+02   -0.3874146E-04    0.4483577E-02
    0.5102119E-08   -0.2697692E-07    0.1875401E-08    0.8857938E-07   -0.8735724E-08    0.4075046E-06   -0.1781452E-06   -0.7829348E-08   -0.2010845E-03    0.6011195E-05    0.2044705E-03    0.4603951E-02    0.1828099E-03    0.8028515E-03    0.6689367E-03   -0.1544440E-03    0.4120460E-03   -0.4040684E-03   -0.7495661E-04   -0.3874146E-04    0.5493384E-06   -0.1303923E-08
   -0.2506844E-07    0.9501159E-07   -0.1390093E-07   -0.2254553E-05    0.5370436E-07   -0.4381062E-05   -0.6566364E-06    0.6431066E-08    0.4401287E-02   -0.1931068E-04   -0.3628251E-03    0.4182183E-02    0.2934955E-03   -0.2549486E-02   -0.7677781E-02    0.2000233E-03   -0.8466069E-06   -0.1900257E-03    0.2503647E-02    0.4483577E-02   -0.1303923E-08    0.2089957E-05
