# omegabh2 omegach2 theta tau mnu logA ns calPlanck acib217 xi asz143 aps100 aps143 aps143217 aps217 aksz kgal100 kgal143 kgal143217 kgal217 galfEE100 galfEE100143 galfEE100217 galfEE143 galfEE143217 galfEE217 galfTE100 galfTE100143 galfTE100217 galfTE143 galfTE143217 galfTE217 cal0 cal2
    0.2030800E-07   -0.7428160E-07    0.1183921E-07    0.5545309E-06    0.8074249E-06    0.1004551E-05    0.1908692E-06   -0.6434041E-08   -0.9144851E-04    0.2820116E-05    0.1410306E-04   -0.2356573E-03   -0.1817165E-03   -0.4791769E-04    0.2235008E-04   -0.3028160E-04    0.2361416E-05   -0.6357204E-05   -0.5884600E-05    0.7221020E-05    0.3442147E-07   -0.1551257E-07    0.1372430E-07   -0.6343071E-08    0.1361149E-07   -0.3686531E-06   -0.3045081E-06   -0.1195966E-06    0.2736565E-06   -0.6638891E-07   -0.4502059E-06   -0.7799670E-06    0.7671676E-08   -0.4892970E-08
   -0.7428160E-07    0.1223674E-05   -0.7229292E-07   -0.6019562E-05   -0.2334878E-04   -0.8879064E-05   -0.2971052E-05    0.7655138E-07    0.3099021E-03   -0.2367229E-04   -0.2725997E-04    0.9730641E-03    0.6426887E-03    0.1125107E-03    0.6588388E-04    0.1256598E-04   -0.4883393E-04   -0.2963515E-04   -0.6318356E-04   -0.6045217E-04   -0.5292861E-06   -0.5656687E-07   -0.2008048E-06   -0.2001398E-06    0.2754571E-06    0.7193031E-06    0.1390997E-05    0.6990548E-06   -0.2067741E-05    0.6872560E-06    0.2209536E-05    0.4514277E-05   -0.1418588E-07    0.3553645E-08
    0.1183921E-07   -0.7229292E-07    0.9400884E-07    0.8768946E-06    0.2053972E-05    0.1645971E-05    0.2858626E-06   -0.1655623E-07   -0.1292487E-04    0.1835814E-05    0.1206620E-04   -0.1969608E-03    0.4768649E-04    0.6499241E-04    0.2331056E-04   -0.1901489E-04    0.1019211E-04    0.8036506E-06    0.2122066E-04   -0.5714265E-05    0.3940735E-07   -0.2407954E-07   -0.6308028E-07   -0.4413699E-07    0.3776222E-07   -0.5726421E-06   -0.4786212E-07   -0.4601255E-07    0.1458096E-05   -0.1784378E-06    0.2546163E-06    0.1097572E-05    0.4528623E-08   -0.3082990E-08
    0.5545309E-06   -0.6019562E-05    0.8768946E-06    0.2859558E-03    0.2344453E-03    0.5540235E-03    0.2794252E-04   -0.1545385E-05   -0.1181055E-01    0.3659922E-03    0.1784806E-02   -0.4359802E-01   -0.1422315E-01    0.3751896E-02    0.1144000E-01   -0.4751295E-02    0.1717583E-03   -0.9925442E-03   -0.1398519E-02    0.6077924E-03    0.6554837E-06    0.1267189E-05   -0.7797006E-06    0.2868468E-06   -0.7290862E-05    0.1151111E-04   -0.1986376E-04   -0.7971028E-05   -0.5871198E-05   -0.9493536E-05   -0.9190773E-05   -0.3576325E-04    0.2729354E-06   -0.1039101E-05
    0.8074249E-06   -0.2334878E-04    0.2053972E-05    0.2344453E-03    0.3465570E-02    0.3868777E-03    0.5433479E-04   -0.7009077E-05    0.1098985E-01    0.1320684E-03    0.7159473E-03   -0.6167311E-02   -0.7695085E-02   -0.8895172E-02   -0.2342436E-01    0.5649470E-02    0.2292605E-02    0.1970889E-02    0.5475638E-02   -0.2314889E-02   -0.5185389E-07    0.5384563E-06    0.3625101E-04    0.3937463E-05   -0.1542874E-04   -0.5629446E-04   -0.7318544E-05   -0.1555309E-04    0.1255438E-03   -0.2303313E-04   -0.5569098E-04   -0.2570198E-03    0.4974988E-06    0.1845458E-05
    0.1004551E-05   -0.8879064E-05    0.1645971E-05    0.5540235E-03    0.3868777E-03    0.1109771E-02    0.4656560E-04    0.9869380E-05   -0.2352209E-01    0.7319467E-03    0.3879400E-02   -0.8213535E-01   -0.2453777E-01    0.1251398E-01    0.3067486E-01   -0.1096165E-01   -0.2395142E-03   -0.2833140E-02   -0.3620559E-02    0.2345236E-02    0.1623611E-05    0.2372343E-05   -0.4091515E-05    0.6510036E-06   -0.1518360E-04    0.2423503E-04   -0.5399666E-04   -0.1796044E-04   -0.2288254E-04   -0.1912890E-04   -0.1334243E-04   -0.4982554E-04    0.7809102E-06   -0.2378165E-05
    0.1908692E-06   -0.2971052E-05    0.2858626E-06    0.2794252E-04    0.5433479E-04    0.4656560E-04    0.1657014E-04   -0.1437541E-06   -0.4947457E-02    0.1649201E-03    0.9055986E-03   -0.2158169E-01   -0.5341658E-02    0.3415739E-02    0.6073366E-02   -0.2187539E-02    0.1667528E-03   -0.8167327E-04   -0.3117682E-03    0.5352375E-03    0.3743572E-05    0.1026190E-05    0.4856874E-06    0.1748687E-05   -0.1985364E-05    0.2279303E-05   -0.2062299E-05    0.1827740E-05    0.1367586E-04    0.1866252E-05   -0.6181573E-05    0.4447234E-05   -0.1835470E-06   -0.4464002E-06
   -0.6434041E-08    0.7655138E-07   -0.1655623E-07   -0.1545385E-05   -0.7009077E-05    0.9869380E-05   -0.1437541E-06    0.6317316E-05    0.7577228E-03   -0.2213930E-05    0.1321048E-03    0.2811384E-02    0.9420472E-03    0.1016686E-02    0.1731056E-02   -0.2948166E-03   -0.1385701E-03   -0.9296540E-04   -0.4996134E-04    0.5933500E-03    0.1180858E-05    0.1706286E-06   -0.6724052E-06    0.5826197E-06   -0.4382967E-06    0.2484195E-06   -0.8840897E-05   -0.1590150E-05   -0.4417572E-05   -0.2745323E-06   -0.5131250E-06    0.4401888E-05   -0.9135341E-08   -0.1014751E-06
   -0.9144851E-04    0.3099021E-03   -0.1292487E-04   -0.1181055E-01    0.1098985E-01   -0.2352209E-01   -0.4947457E-02    0.7577228E-03    0.4930557E+02   -0.5038689E+00   -0.1414271E+01    0.4152061E+02    0.1385908E+01   -0.2108679E+02   -0.6709332E+02    0.7878190E-01   -0.2488916E+00    0.1424551E+00   -0.3390473E+01   -0.2580379E+02    0.1261458E-03   -0.8975890E-03    0.1603410E-02   -0.6892196E-03   -0.2555487E-02   -0.8760974E-02   -0.1023043E-01   -0.3484866E-02   -0.6711301E-02   -0.5412468E-02    0.7560970E-03   -0.3522892E-01   -0.1220089E-03    0.4391370E-02
    0.2820116E-05   -0.2367229E-04    0.1835814E-05    0.3659922E-03    0.1320684E-03    0.7319467E-03    0.1649201E-03   -0.2213930E-05   -0.5038689E+00    0.8079009E-01   -0.4974458E-01   -0.5659826E+00    0.9719514E+00    0.1827033E+01    0.7920517E+00    0.3802579E-01   -0.1106807E-01    0.1610392E-01    0.1496935E+00    0.1896269E+00    0.4471740E-04    0.2214005E-04   -0.6959006E-04    0.2610865E-04    0.1372752E-03    0.6051013E-03    0.3306313E-03    0.2081060E-03    0.7206484E-03    0.1113556E-03   -0.2587479E-03    0.9300950E-03    0.4757187E-05   -0.1359456E-04
    0.1410306E-04   -0.2725997E-04    0.1206620E-04    0.1784806E-02    0.7159473E-03    0.3879400E-02    0.9055986E-03    0.1321048E-03   -0.1414271E+01   -0.4974458E-01    0.3583651E+01   -0.2896748E+02   -0.3657162E+01    0.7577207E+01    0.6270055E+01   -0.2387155E+01   -0.1187648E+00    0.9372630E-01    0.2311142E+01    0.1801607E+01   -0.1914539E-03    0.6508917E-04   -0.9467617E-04    0.2782375E-03   -0.1537182E-03    0.1160252E-02    0.3815173E-02    0.4020081E-02   -0.9536964E-03    0.1133343E-02   -0.9804161E-03   -0.4229989E-02    0.2054543E-03   -0.3774758E-03
   -0.2356573E-03    0.9730641E-03   -0.1969608E-03   -0.4359802E-01   -0.6167311E-02   -0.8213535E-01   -0.2158169E-01    0.2811384E-02    0.4152061E+02   -0.5659826E+00   -0.2896748E+02    0.7357357E+03    0.6551286E+02   -0.6140458E+02   -0.7085182E+02    0.1183003E+02   -0.3989054E+00   -0.8045780E+00   -0.1465940E+02   -0.1946002E+02   -0.4491701E-02   -0.2482841E-02    0.3299185E-02   -0.4829137E-02    0.9525115E-02   -0.2117119E-01   -0.7531638E-02   -0.3793502E-01   -0.5638924E-01   -0.3388878E-01    0.1368929E-01   -0.2844631E-03    0.4358491E-02    0.4349530E-02
   -0.1817165E-03    0.6426887E-03    0.4768649E-04   -0.1422315E-01   -0.7695085E-02   -0.2453777E-01   -0.5341658E-02    0.9420472E-03    0.1385908E+01    0.9719514E+00   -0.3657162E+01    0.6551286E+02    0.5676001E+02    0.4005353E+02    0.1447883E+02   -0.4657595E+01   -0.6280262E+00   -0.7708526E+00    0.4514357E+01    0.4876029E+01   -0.1129538E-02   -0.3752879E-04   -0.2090844E-02   -0.2793054E-03    0.1754108E-02    0.6724915E-02   -0.5378423E-02   -0.4858244E-02    0.1596781E-02   -0.4544890E-02    0.5817540E-02    0.9153239E-03    0.4193017E-04    0.4506495E-03
   -0.4791769E-04    0.1125107E-03    0.6499241E-04    0.3751896E-02   -0.8895172E-02    0.1251398E-01    0.3415739E-02    0.1016686E-02   -0.2108679E+02    0.1827033E+01    0.7577207E+01   -0.6140458E+02    0.4005353E+02    0.9192291E+02    0.6444464E+02   -0.1165151E+02   -0.8927258E+00   -0.1056867E+00    0.5301940E+01    0.7260408E+01    0.5241971E-03    0.6367540E-03   -0.3375959E-02    0.1400959E-02    0.1247676E-02    0.2097614E-01    0.1331354E-01    0.1185690E-01    0.8667476E-02    0.6479491E-02    0.2540267E-02    0.1505618E-01    0.6238031E-03   -0.2472887E-02
    0.2235008E-04    0.6588388E-04    0.2331056E-04    0.1144000E-01   -0.2342436E-01    0.3067486E-01    0.6073366E-02    0.1731056E-02   -0.6709332E+02    0.7920517E+00    0.6270055E+01   -0.7085182E+02    0.1447883E+02    0.6444464E+02    0.1260460E+03   -0.9507080E+01   -0.3122954E+00   -0.4429219E+00    0.5202115E+00    0.2249915E+02    0.1129117E-03    0.1369285E-02   -0.4045499E-02    0.1694707E-02    0.3080034E-02    0.1939597E-01    0.1522965E-01    0.8266357E-02    0.1313620E-02    0.9576043E-02    0.1026237E-01    0.3709148E-01    0.4673322E-03   -0.7781652E-02
   -0.3028160E-04    0.1256598E-04   -0.1901489E-04   -0.4751295E-02    0.5649470E-02   -0.1096165E-01   -0.2187539E-02   -0.2948166E-03    0.7878190E-01    0.3802579E-01   -0.2387155E+01    0.1183003E+02   -0.4657595E+01   -0.1165151E+02   -0.9507080E+01    0.5529491E+01    0.9732879E-01   -0.3452313E-01   -0.1581449E+01   -0.9487811E+00   -0.1517210E-03   -0.1664109E-03    0.6038617E-03   -0.4143751E-03    0.8827329E-03   -0.2982547E-02    0.1342071E-02   -0.8374378E-03    0.5515189E-02   -0.1436606E-03    0.5128046E-03    0.2832905E-02   -0.1221869E-03    0.2077228E-03
    0.2361416E-05   -0.4883393E-04    0.1019211E-04    0.1717583E-03    0.2292605E-02   -0.2395142E-03    0.1667528E-03   -0.1385701E-03   -0.2488916E+00   -0.1106807E-01   -0.1187648E+00   -0.3989054E+00   -0.6280262E+00   -0.8927258E+00   -0.3122954E+00    0.9732879E-01    0.3215645E+01    0.8295262E+00    0.5975662E+00    0.8692333E+00    0.1180202E-04   -0.9251670E-04    0.4773684E-03    0.4977038E-04    0.1476377E-03    0.2817004E-03   -0.5501567E-02   -0.1246168E-02   -0.7223878E-02   -0.5225610E-04   -0.3249343E-03   -0.3620885E-02    0.4506009E-03    0.2519241E-04
   -0.6357204E-05   -0.2963515E-04    0.8036506E-06   -0.9925442E-03    0.1970889E-02   -0.2833140E-02   -0.8167327E-04   -0.9296540E-04    0.1424551E+00    0.1610392E-01    0.9372630E-01   -0.8045780E+00   -0.7708526E+00   -0.1056867E+00   -0.4429219E+00   -0.3452313E-01    0.8295262E+00    0.3171066E+01    0.2739761E+01    0.1844771E+01   -0.5521766E-03   -0.4638381E-04   -0.1636179E-03    0.2002457E-03    0.4954857E-03    0.1167673E-02    0.4310246E-02    0.7588407E-03   -0.1553713E-01    0.5316690E-04   -0.5243650E-02   -0.5634511E-02   -0.4252653E-03   -0.1875187E-03
   -0.5884600E-05   -0.6318356E-04    0.2122066E-04   -0.1398519E-02    0.5475638E-02   -0.3620559E-02   -0.3117682E-03   -0.4996134E-04   -0.3390473E+01    0.1496935E+00    0.2311142E+01   -0.1465940E+02    0.4514357E+01    0.5301940E+01    0.5202115E+00   -0.1581449E+01    0.5975662E+00    0.2739761E+01    0.1826478E+02    0.2762228E+02   -0.1441626E-02   -0.1360395E-04   -0.5983760E-03    0.4724791E-03   -0.2606820E-03    0.2222811E-02    0.4971465E-02    0.1385197E-02   -0.2639471E-01   -0.5064631E-02   -0.1015247E-01   -0.1203426E-01   -0.1062351E-03    0.2409693E-02
    0.7221020E-05   -0.6045217E-04   -0.5714265E-05    0.6077924E-03   -0.2314889E-02    0.2345236E-02    0.5352375E-03    0.5933500E-03   -0.2580379E+02    0.1896269E+00    0.1801607E+01   -0.1946002E+02    0.4876029E+01    0.7260408E+01    0.2249915E+02   -0.9487811E+00    0.8692333E+00    0.1844771E+01    0.2762228E+02    0.6225826E+02   -0.1126520E-02    0.5310424E-03   -0.4479492E-03    0.8986880E-03   -0.8067684E-03    0.5632106E-02    0.4468423E-02   -0.1513113E-02   -0.2917544E-01   -0.5255077E-02   -0.1204861E-01    0.2052796E-02   -0.9037308E-04    0.4201794E-02
    0.3442147E-07   -0.5292861E-06    0.3940735E-07    0.6554837E-06   -0.5185389E-07    0.1623611E-05    0.3743572E-05    0.1180858E-05    0.1261458E-03    0.4471740E-04   -0.1914539E-03   -0.4491701E-02   -0.1129538E-02    0.5241971E-03    0.1129117E-03   -0.1517210E-03    0.1180202E-04   -0.5521766E-03   -0.1441626E-02   -0.1126520E-02    0.1296584E-03    0.1081314E-04   -0.1062868E-05    0.2360882E-05    0.2980600E-05   -0.9916650E-05   -0.1486733E-04   -0.8197908E-06    0.2461394E-05    0.5438122E-05    0.3724068E-05    0.6476384E-05   -0.1017323E-06    0.1043096E-06
   -0.1551257E-07   -0.5656687E-07   -0.2407954E-07    0.1267189E-05    0.5384563E-06    0.2372343E-05    0.1026190E-05    0.1706286E-06   -0.8975890E-03    0.2214005E-04    0.6508917E-04   -0.2482841E-02   -0.3752879E-04    0.6367540E-03    0.1369285E-02   -0.1664109E-03   -0.9251670E-04   -0.4638381E-04   -0.1360395E-04    0.5310424E-03    0.1081314E-04    0.1368243E-04   -0.1227368E-06    0.5688893E-05   -0.3525277E-06    0.4268057E-05    0.4009086E-05    0.1970205E-05    0.1669901E-04    0.6658767E-06    0.7843660E-05    0.2221305E-04   -0.6416013E-07   -0.6536790E-07
    0.1372430E-07   -0.2008048E-06   -0.6308028E-07   -0.7797006E-06    0.3625101E-04   -0.4091515E-05    0.4856874E-06   -0.6724052E-06    0.1603410E-02   -0.6959006E-04   -0.9467617E-04    0.3299185E-02   -0.2090844E-02   -0.3375959E-02   -0.4045499E-02    0.6038617E-03    0.4773684E-03   -0.1636179E-03   -0.5983760E-03   -0.4479492E-03   -0.1062868E-05   -0.1227368E-06    0.2199982E-03    0.8727264E-06   -0.7720867E-05   -0.1758634E-06   -0.4768561E-05   -0.4462648E-05    0.1018257E-04   -0.1632662E-04   -0.9743179E-05    0.4727670E-04    0.1159006E-06    0.5616424E-06
   -0.6343071E-08   -0.2001398E-06   -0.4413699E-07    0.2868468E-06    0.3937463E-05    0.6510036E-06    0.1748687E-05    0.5826197E-06   -0.6892196E-03    0.2610865E-04    0.2782375E-03   -0.4829137E-02   -0.2793054E-03    0.1400959E-02    0.1694707E-02   -0.4143751E-03    0.4977038E-04    0.2002457E-03    0.4724791E-03    0.8986880E-03    0.2360882E-05    0.5688893E-05    0.8727264E-06    0.3012165E-04    0.1254824E-06    0.5369311E-05    0.5705723E-05    0.8009212E-06    0.1889370E-04   -0.5596358E-05   -0.1237094E-06    0.2215416E-04   -0.9280075E-07    0.4759902E-07
    0.1361149E-07    0.2754571E-06    0.3776222E-07   -0.7290862E-05   -0.1542874E-04   -0.1518360E-04   -0.1985364E-05   -0.4382967E-06   -0.2555487E-02    0.1372752E-03   -0.1537182E-03    0.9525115E-02    0.1754108E-02    0.1247676E-02    0.3080034E-02    0.8827329E-03    0.1476377E-03    0.4954857E-03   -0.2606820E-03   -0.8067684E-03    0.2980600E-05   -0.3525277E-06   -0.7720867E-05    0.1254824E-06    0.4146926E-03   -0.1296480E-04    0.3476753E-04    0.1626721E-04   -0.9326119E-05   -0.7109420E-05    0.7814778E-06    0.1756713E-04   -0.1837870E-07   -0.7667978E-06
   -0.3686531E-06    0.7193031E-06   -0.5726421E-06    0.1151111E-04   -0.5629446E-04    0.2423503E-04    0.2279303E-05    0.2484195E-06   -0.8760974E-02    0.6051013E-03    0.1160252E-02   -0.2117119E-01    0.6724915E-02    0.2097614E-01    0.1939597E-01   -0.2982547E-02    0.2817004E-03    0.1167673E-02    0.2222811E-02    0.5632106E-02   -0.9916650E-05    0.4268057E-05   -0.1758634E-06    0.5369311E-05   -0.1296480E-04    0.3413279E-02    0.5767171E-04    0.3967298E-04   -0.8575097E-04   -0.3004134E-04    0.2560366E-04    0.2856103E-03   -0.5199529E-06   -0.6576185E-06
   -0.3045081E-06    0.1390997E-05   -0.4786212E-07   -0.1986376E-04   -0.7318544E-05   -0.5399666E-04   -0.2062299E-05   -0.8840897E-05   -0.1023043E-01    0.3306313E-03    0.3815173E-02   -0.7531638E-02   -0.5378423E-02    0.1331354E-01    0.1522965E-01    0.1342071E-02   -0.5501567E-02    0.4310246E-02    0.4971465E-02    0.4468423E-02   -0.1486733E-04    0.4009086E-05   -0.4768561E-05    0.5705723E-05    0.3476753E-04    0.5767171E-04    0.5452568E-02    0.1691662E-02    0.1493023E-02   -0.6473902E-03   -0.1413586E-03   -0.7479564E-04    0.1400687E-05   -0.1674121E-05
   -0.1195966E-06    0.6990548E-06   -0.4601255E-07   -0.7971028E-05   -0.1555309E-04   -0.1796044E-04    0.1827740E-05   -0.1590150E-05   -0.3484866E-02    0.2081060E-03    0.4020081E-02   -0.3793502E-01   -0.4858244E-02    0.1185690E-01    0.8266357E-02   -0.8374378E-03   -0.1246168E-02    0.7588407E-03    0.1385197E-02   -0.1513113E-02   -0.8197908E-06    0.1970205E-05   -0.4462648E-05    0.8009212E-06    0.1626721E-04    0.3967298E-04    0.1691662E-02    0.1176559E-02    0.6767758E-03    0.2462249E-03    0.1404254E-04   -0.1336866E-03   -0.3059107E-06   -0.1034590E-05
    0.2736565E-06   -0.2067741E-05    0.1458096E-05   -0.5871198E-05    0.1255438E-03   -0.2288254E-04    0.1367586E-04   -0.4417572E-05   -0.6711301E-02    0.7206484E-03   -0.9536964E-03   -0.5638924E-01    0.1596781E-02    0.8667476E-02    0.1313620E-02    0.5515189E-02   -0.7223878E-02   -0.1553713E-01   -0.2639471E-01   -0.2917544E-01    0.2461394E-05    0.1669901E-04    0.1018257E-04    0.1889370E-04   -0.9326119E-05   -0.8575097E-04    0.1493023E-02    0.6767758E-03    0.3353794E-01   -0.7216544E-03    0.1275277E-02    0.1059216E-01    0.1688351E-05   -0.3159064E-05
   -0.6638891E-07    0.6872560E-06   -0.1784378E-06   -0.9493536E-05   -0.2303313E-04   -0.1912890E-04    0.1866252E-05   -0.2745323E-06   -0.5412468E-02    0.1113556E-03    0.1133343E-02   -0.3388878E-01   -0.4544890E-02    0.6479491E-02    0.9576043E-02   -0.1436606E-03   -0.5225610E-04    0.5316690E-04   -0.5064631E-02   -0.5255077E-02    0.5438122E-05    0.6658767E-06   -0.1632662E-04   -0.5596358E-05   -0.7109420E-05   -0.3004134E-04   -0.6473902E-03    0.2462249E-03   -0.7216544E-03    0.1408424E-02    0.2300222E-03   -0.1779596E-03   -0.5113999E-06   -0.1156086E-05
   -0.4502059E-06    0.2209536E-05    0.2546163E-06   -0.9190773E-05   -0.5569098E-04   -0.1334243E-04   -0.6181573E-05   -0.5131250E-06    0.7560970E-03   -0.2587479E-03   -0.9804161E-03    0.1368929E-01    0.5817540E-02    0.2540267E-02    0.1026237E-01    0.5128046E-03   -0.3249343E-03   -0.5243650E-02   -0.1015247E-01   -0.1204861E-01    0.3724068E-05    0.7843660E-05   -0.9743179E-05   -0.1237094E-06    0.7814778E-06    0.2560366E-04   -0.1413586E-03    0.1404254E-04    0.1275277E-02    0.2300222E-03    0.4919210E-02    0.3619838E-02    0.6356506E-06   -0.3145821E-06
   -0.7799670E-06    0.4514277E-05    0.1097572E-05   -0.3576325E-04   -0.2570198E-03   -0.4982554E-04    0.4447234E-05    0.4401888E-05   -0.3522892E-01    0.9300950E-03   -0.4229989E-02   -0.2844631E-03    0.9153239E-03    0.1505618E-01    0.3709148E-01    0.2832905E-02   -0.3620885E-02   -0.5634511E-02   -0.1203426E-01    0.2052796E-02    0.6476384E-05    0.2221305E-04    0.4727670E-04    0.2215416E-04    0.1756713E-04    0.2856103E-03   -0.7479564E-04   -0.1336866E-03    0.1059216E-01   -0.1779596E-03    0.3619838E-02    0.3518673E-01    0.7248237E-06   -0.3860948E-05
    0.7671676E-08   -0.1418588E-07    0.4528623E-08    0.2729354E-06    0.4974988E-06    0.7809102E-06   -0.1835470E-06   -0.9135341E-08   -0.1220089E-03    0.4757187E-05    0.2054543E-03    0.4358491E-02    0.4193017E-04    0.6238031E-03    0.4673322E-03   -0.1221869E-03    0.4506009E-03   -0.4252653E-03   -0.1062351E-03   -0.9037308E-04   -0.1017323E-06   -0.6416013E-07    0.1159006E-06   -0.9280075E-07   -0.1837870E-07   -0.5199529E-06    0.1400687E-05   -0.3059107E-06    0.1688351E-05   -0.5113999E-06    0.6356506E-06    0.7248237E-06    0.5461992E-06    0.1867680E-07
   -0.4892970E-08    0.3553645E-08   -0.3082990E-08   -0.1039101E-05    0.1845458E-05   -0.2378165E-05   -0.4464002E-06   -0.1014751E-06    0.4391370E-02   -0.1359456E-04   -0.3774758E-03    0.4349530E-02    0.4506495E-03   -0.2472887E-02   -0.7781652E-02    0.2077228E-03    0.2519241E-04   -0.1875187E-03    0.2409693E-02    0.4201794E-02    0.1043096E-06   -0.6536790E-07    0.5616424E-06    0.4759902E-07   -0.7667978E-06   -0.6576185E-06   -0.1674121E-05   -0.1034590E-05   -0.3159064E-05   -0.1156086E-05   -0.3145821E-06   -0.3860948E-05    0.1867680E-07    0.2037037E-05
