# omegabh2 omegach2 theta tau logA ns
    0.1311715E-05   -0.4518258E-05    0.2394771E-06    0.2738312E-04    0.5908081E-04    0.1024461E-04
   -0.4518258E-05    0.2105725E-04   -0.1208210E-05   -0.1270646E-03   -0.2481474E-03   -0.5071183E-04
    0.2394771E-06   -0.1208210E-05    0.6389976E-06    0.4471781E-05    0.7807455E-05    0.3419832E-05
    0.2738312E-04   -0.1270646E-03    0.4471781E-05    0.4725469E-02    0.9461941E-02    0.4213871E-03
    0.5908081E-04   -0.2481474E-03    0.7807455E-05    0.9461941E-02    0.1905854E-01    0.8310065E-03
    0.1024461E-04   -0.5071183E-04    0.3419832E-05    0.4213871E-03    0.8310065E-03    0.2137756E-03
