# omegabh2 omegach2 theta tau nnu yhe ns logA aps100 aps143 aps217 acib143 acib217 asz143 psr cibr ncib cal0 cal2 xi aksz bm_1_1
    0.18528E-06    0.99640E-06   -0.65122E-07    0.27564E-05    0.12179E-03    0.18221E-05    0.64649E-05    0.86546E-05    0.20825E-02   -0.10952E-03   -0.36778E-03    0.29732E-03    0.31492E-03    0.77101E-04   -0.84616E-06    0.12955E-04   -0.10523E-05    0.30106E-08    0.13497E-07   -0.30386E-05    0.77122E-04    0.28655E-05
    0.99640E-06    0.79475E-04   -0.19472E-04    0.14081E-04    0.54022E-02   -0.23869E-03    0.71512E-04    0.16054E-03    0.22376E-01   -0.72087E-02   -0.50083E-02    0.13755E-02    0.13299E-04   -0.83096E-03   -0.14443E-04    0.22541E-04    0.13452E-05    0.25337E-07   -0.13328E-06    0.54225E-04    0.77744E-05    0.42399E-03
   -0.65122E-07   -0.19472E-04    0.58801E-05   -0.17362E-05   -0.13464E-02    0.79182E-04   -0.10931E-04   -0.30707E-04    0.30557E-02    0.43963E-02    0.12529E-02    0.73680E-03    0.15151E-02    0.33859E-03    0.61731E-06    0.36338E-04    0.18686E-05   -0.11629E-07    0.15808E-06   -0.26166E-04    0.38978E-03   -0.82515E-04
    0.27564E-05    0.14081E-04   -0.17362E-05    0.22118E-03    0.21997E-02    0.80115E-05    0.12802E-03    0.48024E-03   -0.22741E-01    0.22089E-02    0.50257E-02   -0.15962E-02   -0.16646E-02    0.14217E-02    0.27289E-04    0.66003E-04   -0.28507E-04    0.13130E-06   -0.88010E-07    0.10522E-03   -0.66457E-03    0.30006E-03
    0.12179E-03    0.54022E-02   -0.13464E-02    0.21997E-02    0.40661E+00   -0.16356E-01    0.73282E-02    0.13365E-01    0.20298E+01   -0.66935E+00   -0.57122E+00    0.19673E+00    0.10460E+00   -0.22343E-01   -0.14615E-02    0.62422E-02   -0.43210E-03    0.26331E-05   -0.64265E-05    0.18431E-02    0.25274E-01    0.26360E-01
    0.18221E-05   -0.23869E-03    0.79182E-04    0.80115E-05   -0.16356E-01    0.13138E-02   -0.31057E-05   -0.23032E-03    0.21040E+00    0.10373E+00    0.12912E-01    0.29632E-01    0.46707E-01    0.43266E-02   -0.40132E-04    0.11292E-02    0.11447E-03   -0.24900E-06    0.40629E-05   -0.52055E-03    0.11969E-01   -0.81875E-03
    0.64649E-05    0.71512E-04   -0.10931E-04    0.12802E-03    0.73282E-02   -0.31057E-05    0.32463E-03    0.43269E-03    0.83922E-01    0.16646E-01   -0.27283E-02    0.99704E-02    0.13487E-01    0.16068E-02   -0.13673E-04    0.45927E-03    0.20899E-04    0.46980E-07    0.10641E-05   -0.13267E-03    0.36337E-02    0.74767E-03
    0.86546E-05    0.16054E-03   -0.30707E-04    0.48024E-03    0.13365E-01   -0.23032E-03    0.43269E-03    0.13083E-02    0.44081E-01    0.21777E-01    0.11889E-01    0.23415E-02    0.39678E-02    0.62645E-03    0.44386E-04    0.29087E-03    0.83848E-05    0.36981E-06    0.51281E-06    0.26637E-03    0.24957E-03    0.20680E-02
    0.20825E-02    0.22376E-01    0.30557E-02   -0.22741E-01    0.20298E+01    0.21040E+00    0.83922E-01    0.44081E-01    0.27507E+04    0.60647E+02   -0.15435E+03    0.14025E+03    0.12717E+03   -0.67694E+02   -0.10244E+01    0.97093E+00    0.10109E+01    0.70455E-03    0.16795E-02   -0.40663E+00   -0.13411E+02    0.79517E+01
   -0.10952E-03   -0.72087E-02    0.43963E-02    0.22089E-02   -0.66935E+00    0.10373E+00    0.16646E-01    0.21777E-01    0.60647E+02    0.21214E+03    0.72764E+02   -0.33536E+02   -0.11799E+02   -0.82726E+01   -0.20530E+00   -0.22271E+00   -0.12782E+00    0.18814E-03    0.46471E-02    0.13049E+01   -0.10836E+02    0.19076E+01
   -0.36778E-03   -0.50083E-02    0.12529E-02    0.50257E-02   -0.57122E+00    0.12912E-01   -0.27283E-02    0.11889E-01   -0.15435E+03    0.72764E+02    0.21696E+03   -0.40823E+02   -0.77808E+02    0.27515E+01   -0.55262E-01   -0.95387E+00   -0.95055E+00    0.95532E-04   -0.56574E-02    0.30572E+00   -0.10853E+02    0.17176E+01
    0.29732E-03    0.13755E-02    0.73680E-03   -0.15962E-02    0.19673E+00    0.29632E-01    0.99704E-02    0.23415E-02    0.14025E+03   -0.33536E+02   -0.40823E+02    0.29463E+02    0.23432E+02   -0.15406E+01   -0.31210E-02    0.38280E+00    0.18675E+00   -0.14533E-03   -0.10413E-02    0.35979E-01   -0.34869E+00   -0.12651E+01
    0.31492E-03    0.13299E-04    0.15151E-02   -0.16646E-02    0.10460E+00    0.46707E-01    0.13487E-01    0.39678E-02    0.12717E+03   -0.11799E+02   -0.77808E+02    0.23432E+02    0.40462E+02   -0.14413E+01    0.65489E-01    0.49860E+00    0.48888E+00   -0.67347E-04    0.25963E-02   -0.20262E+00   -0.21608E+00   -0.74254E+00
    0.77101E-04   -0.83096E-03    0.33859E-03    0.14217E-02   -0.22343E-01    0.43266E-02    0.16068E-02    0.62645E-03   -0.67694E+02   -0.82726E+01    0.27515E+01   -0.15406E+01   -0.14413E+01    0.78331E+01    0.38451E-01    0.27027E+00   -0.13843E+00   -0.89895E-05    0.27646E-04   -0.29663E-01   -0.11332E+00    0.11657E+00
   -0.84616E-06   -0.14443E-04    0.61731E-06    0.27289E-04   -0.14615E-02   -0.40132E-04   -0.13673E-04    0.44386E-04   -0.10244E+01   -0.20530E+00   -0.55262E-01   -0.31210E-02    0.65489E-01    0.38451E-01    0.72286E-02   -0.63680E-02    0.73263E-02    0.64070E-06   -0.31838E-04    0.29828E-02   -0.17626E-01    0.89404E-02
    0.12955E-04    0.22541E-04    0.36338E-04    0.66003E-04    0.62422E-02    0.11292E-02    0.45927E-03    0.29087E-03    0.97093E+00   -0.22271E+00   -0.95387E+00    0.38280E+00    0.49860E+00    0.27027E+00   -0.63680E-02    0.39580E-01   -0.11401E-01   -0.25470E-05    0.10490E-03   -0.10623E-02    0.21821E-02   -0.22313E-01
   -0.10523E-05    0.13452E-05    0.18686E-05   -0.28507E-04   -0.43210E-03    0.11447E-03    0.20899E-04    0.83848E-05    0.10109E+01   -0.12782E+00   -0.95055E+00    0.18675E+00    0.48888E+00   -0.13843E+00    0.73263E-02   -0.11401E-01    0.18965E-01    0.12629E-05   -0.24451E-04   -0.19282E-02   -0.32847E-02    0.37533E-02
    0.30106E-08    0.25337E-07   -0.11629E-07    0.13130E-06    0.26331E-05   -0.24900E-06    0.46980E-07    0.36981E-06    0.70455E-03    0.18814E-03    0.95532E-04   -0.14533E-03   -0.67347E-04   -0.89895E-05    0.64070E-06   -0.25470E-05    0.12629E-05    0.15616E-06    0.20460E-08   -0.59204E-07   -0.17342E-05   -0.22695E-04
    0.13497E-07   -0.13328E-06    0.15808E-06   -0.88010E-07   -0.64265E-05    0.40629E-05    0.10641E-05    0.51281E-06    0.16795E-02    0.46471E-02   -0.56574E-02   -0.10413E-02    0.25963E-02    0.27646E-04   -0.31838E-04    0.10490E-03   -0.24451E-04    0.20460E-08    0.16820E-05   -0.10622E-04    0.91523E-04    0.43522E-04
   -0.30386E-05    0.54225E-04   -0.26166E-04    0.10522E-03    0.18431E-02   -0.52055E-03   -0.13267E-03    0.26637E-03   -0.40663E+00    0.13049E+01    0.30572E+00    0.35979E-01   -0.20262E+00   -0.29663E-01    0.29828E-02   -0.10623E-02   -0.19282E-02   -0.59204E-07   -0.10622E-04    0.81658E-01   -0.30436E-02    0.43009E-02
    0.77122E-04    0.77744E-05    0.38978E-03   -0.66457E-03    0.25274E-01    0.11969E-01    0.36337E-02    0.24957E-03   -0.13411E+02   -0.10836E+02   -0.10853E+02   -0.34869E+00   -0.21608E+00   -0.11332E+00   -0.17626E-01    0.21821E-02   -0.32847E-02   -0.17342E-05    0.91523E-04   -0.30436E-02    0.81774E+01    0.46126E-01
    0.28655E-05    0.42399E-03   -0.82515E-04    0.30006E-03    0.26360E-01   -0.81875E-03    0.74767E-03    0.20680E-02    0.79517E+01    0.19076E+01    0.17176E+01   -0.12651E+01   -0.74254E+00    0.11657E+00    0.89404E-02   -0.22313E-01    0.37533E-02   -0.22695E-04    0.43522E-04    0.43009E-02    0.46126E-01    0.61672E+00
