# omegabh2 omegach2 theta tau meffsterile nnu logA ns calPlanck acib217 xi asz143 aps100 aps143 aps143217 aps217 aksz kgal100 kgal143 kgal143217 kgal217 galfEE100 galfEE100143 galfEE100217 galfEE143 galfEE143217 galfEE217 galfTE100 galfTE100143 galfTE100217 galfTE143 galfTE143217 galfTE217 cal0 cal2
    0.2998843E-07    0.1620342E-06   -0.5915989E-08    0.1187545E-05   -0.1174607E-05    0.1279032E-04    0.2715631E-05    0.6838614E-06    0.8775883E-08   -0.2997658E-04    0.1401768E-05    0.1227302E-04   -0.1212464E-03   -0.9073040E-04   -0.6126080E-05    0.7715936E-05   -0.1035547E-04    0.1368121E-05   -0.6383679E-06   -0.6414842E-05   -0.8586127E-05    0.6231855E-07    0.3628566E-07    0.1373711E-07    0.4222840E-07    0.1096448E-07    0.6065976E-07   -0.3389646E-06   -0.7783522E-07   -0.3708375E-06   -0.7844586E-07   -0.2872325E-06   -0.1172518E-05    0.2353700E-08   -0.3755659E-08
    0.1620342E-06    0.1082644E-04   -0.6208488E-06    0.8144880E-05   -0.4203837E-03    0.3175816E-03    0.3027413E-04    0.1192499E-04   -0.2141329E-06    0.1718882E-02   -0.3910066E-04   -0.3591413E-03    0.7516077E-02    0.2509311E-02   -0.5454268E-03   -0.1782979E-02    0.8953048E-03    0.1101268E-03    0.2217685E-03    0.3765064E-03   -0.1052588E-03    0.4524537E-06    0.2699671E-06    0.3420044E-06    0.4686261E-06   -0.5830069E-06    0.5379310E-06    0.4347614E-05    0.1001247E-05   -0.7183566E-05   -0.7608870E-06    0.2103282E-05    0.6812933E-05   -0.5230364E-07    0.1402742E-06
   -0.5915989E-08   -0.6208488E-06    0.1350470E-06   -0.2890630E-06    0.1262200E-04   -0.2540944E-04   -0.1479664E-05   -0.7504343E-06    0.5099146E-07   -0.1265300E-03    0.1764027E-05    0.4557638E-04   -0.6160723E-03   -0.2478561E-03    0.2253957E-04    0.1391233E-03   -0.7767273E-04   -0.1748260E-04   -0.1085411E-04   -0.1360598E-04    0.2131514E-04   -0.2811809E-07   -0.3028488E-07   -0.6454362E-07   -0.1681357E-07    0.4756700E-07    0.7405547E-07   -0.4893755E-06   -0.2151365E-06    0.1497422E-07    0.7213737E-08   -0.3212640E-06   -0.1177052E-05    0.2086187E-08   -0.1032179E-07
    0.1187545E-05    0.8144880E-05   -0.2890630E-06    0.3114670E-03   -0.1926463E-03    0.6678980E-03    0.6241501E-03    0.5413268E-04   -0.1713965E-05   -0.8317744E-02    0.2171111E-03    0.2112226E-02   -0.3478485E-01   -0.9779590E-02    0.5481050E-02    0.1027160E-01   -0.4077665E-02   -0.5402055E-04   -0.7812491E-04   -0.1211221E-02   -0.1207445E-02    0.5735526E-05    0.1744951E-05    0.1240944E-05    0.2679762E-05    0.8730151E-06   -0.3986789E-05   -0.7708879E-05   -0.3314384E-05    0.1221310E-04   -0.9846257E-05   -0.1422474E-04   -0.3987407E-04    0.7562993E-07   -0.1268131E-05
   -0.1174607E-05   -0.4203837E-03    0.1262200E-04   -0.1926463E-03    0.3432107E-01   -0.4236666E-02   -0.6606078E-03   -0.3525675E-03    0.3024720E-05   -0.1256880E-01    0.8906125E-03    0.2830464E-02   -0.1062019E+00    0.2620422E-01    0.6899209E-01    0.6552667E-01   -0.1775271E-01   -0.9793063E-03   -0.3802319E-02   -0.5693985E-02    0.2848558E-02   -0.4362137E-04   -0.1636631E-04   -0.1595357E-04   -0.2607101E-04    0.4533805E-04    0.1980258E-05   -0.2237762E-03   -0.4263380E-04    0.5351858E-05    0.1834752E-04   -0.1109820E-03   -0.3345072E-03   -0.2837009E-06    0.1489883E-05
    0.1279032E-04    0.3175816E-03   -0.2540944E-04    0.6678980E-03   -0.4236666E-02    0.1639553E-01    0.1863327E-02    0.6626820E-03   -0.5303599E-05    0.8578873E-01   -0.1290587E-02   -0.1446702E-01    0.3113441E+00    0.1210914E+00   -0.1374594E-02   -0.7371726E-01    0.3676809E-01    0.6932672E-02    0.1082269E-01    0.1529640E-01   -0.1151220E-01    0.3305121E-04    0.1960373E-04    0.1254557E-04    0.2716361E-04   -0.2500493E-05    0.8043072E-05    0.3981271E-04    0.1355690E-04   -0.2841469E-03   -0.4822929E-04    0.5160124E-06   -0.1247892E-04   -0.3052056E-05    0.7196150E-05
    0.2715631E-05    0.3027413E-04   -0.1479664E-05    0.6241501E-03   -0.6606078E-03    0.1863327E-02    0.1304065E-02    0.1218842E-03    0.8642488E-05   -0.1369616E-01    0.4077156E-03    0.3730146E-02   -0.5168836E-01   -0.1269965E-01    0.1408874E-01    0.2398673E-01   -0.7649292E-02   -0.1679770E-03   -0.3226240E-03   -0.1931216E-02   -0.3595858E-03    0.1241614E-04    0.3817049E-05    0.2115434E-05    0.6105090E-05    0.5998675E-06   -0.6857110E-05   -0.1369972E-04   -0.5725958E-05    0.4419696E-05   -0.1790905E-04   -0.2659537E-04   -0.6424098E-04    0.3082625E-06   -0.2237950E-05
    0.6838614E-06    0.1192499E-04   -0.7504343E-06    0.5413268E-04   -0.3525675E-03    0.6626820E-03    0.1218842E-03    0.4485325E-04   -0.5529412E-07   -0.1653950E-02    0.6979147E-04    0.6261696E-03   -0.1231488E-01   -0.1315006E-02    0.3050117E-02    0.3557548E-02   -0.1100965E-02    0.4923294E-03    0.3118882E-03    0.1063684E-03   -0.1064084E-03    0.5647569E-05    0.2286293E-05    0.6552319E-06    0.3092729E-05    0.5659160E-06    0.2215573E-05    0.2307796E-06    0.3208008E-06   -0.5812500E-05   -0.2908215E-05   -0.2773805E-05   -0.1225196E-04   -0.2533424E-06   -0.2334942E-06
    0.8775883E-08   -0.2141329E-06    0.5099146E-07   -0.1713965E-05    0.3024720E-05   -0.5303599E-05    0.8642488E-05   -0.5529412E-07    0.6147163E-05    0.7392964E-03   -0.7243292E-05    0.8040340E-04    0.3308499E-02    0.5725479E-03    0.5423131E-03    0.1343963E-02   -0.1019974E-03   -0.1376491E-04    0.7870195E-05    0.1494749E-03    0.1002876E-02    0.1260285E-05    0.2474357E-06   -0.2134142E-06    0.5072328E-06   -0.9870130E-07    0.8829451E-06   -0.4376732E-06    0.4468875E-06   -0.4033266E-05    0.1154161E-05    0.1619355E-06    0.2651039E-05    0.9821596E-08    0.1708611E-07
   -0.2997658E-04    0.1718882E-02   -0.1265300E-03   -0.8317744E-02   -0.1256880E-01    0.8578873E-01   -0.1369616E-01   -0.1653950E-02    0.7392964E-03    0.4863879E+02   -0.4653831E+00   -0.1370540E+01    0.4298412E+02    0.8849198E+00   -0.2030706E+02   -0.6579393E+02    0.3361013E+00   -0.2520977E+00    0.5597048E+00   -0.2862949E+01   -0.2503077E+02   -0.8505430E-03   -0.4315186E-03    0.3860924E-03   -0.4808925E-03   -0.2477553E-03   -0.2247830E-02   -0.1002489E-02   -0.9506308E-04    0.9073398E-02   -0.2942815E-02   -0.9546841E-03    0.1807091E-02   -0.1842959E-03    0.4287394E-02
    0.1401768E-05   -0.3910066E-04    0.1764027E-05    0.2171111E-03    0.8906125E-03   -0.1290587E-02    0.4077156E-03    0.6979147E-04   -0.7243292E-05   -0.4653831E+00    0.8148981E-01   -0.7131714E-01   -0.3623026E+00    0.9647083E+00    0.1773143E+01    0.7279131E+00    0.5640192E-01   -0.1207176E-01   -0.4974206E-02    0.8392622E-01    0.8128432E-01    0.1383109E-04    0.6704931E-05   -0.3470899E-04    0.1149559E-04   -0.2464939E-04    0.2130912E-03   -0.7258171E-04   -0.1079940E-03   -0.3205309E-03   -0.1444073E-03   -0.6483104E-05   -0.9813696E-04    0.1094674E-04   -0.1561217E-04
    0.1227302E-04   -0.3591413E-03    0.4557638E-04    0.2112226E-02    0.2830464E-02   -0.1446702E-01    0.3730146E-02    0.6261696E-03    0.8040340E-04   -0.1370540E+01   -0.7131714E-01    0.3709934E+01   -0.2887035E+02   -0.3505609E+01    0.7708694E+01    0.6486917E+01   -0.2711639E+01   -0.1914303E+00    0.3422803E-01    0.2474612E+01    0.2083748E+01    0.1008523E-03    0.1384094E-03   -0.2504540E-04    0.6757204E-04    0.2055931E-03    0.9624567E-03   -0.7259842E-03    0.2288168E-03   -0.1239746E-02    0.5438934E-03    0.1297990E-02   -0.1367797E-02    0.2089047E-03   -0.2979378E-03
   -0.1212464E-03    0.7516077E-02   -0.6160723E-03   -0.3478485E-01   -0.1062019E+00    0.3113441E+00   -0.5168836E-01   -0.1231488E-01    0.3308499E-02    0.4298412E+02   -0.3623026E+00   -0.2887035E+02    0.7145451E+03    0.6737678E+02   -0.5765077E+02   -0.7303637E+02    0.1418796E+02    0.2970749E+00    0.2190566E+00   -0.1279003E+02   -0.1982599E+02   -0.5270681E-03   -0.1785286E-02   -0.2708162E-03   -0.7064623E-03   -0.3375663E-02   -0.3607526E-02    0.5686381E-01    0.7678856E-03    0.3028587E-03   -0.4007092E-02    0.5098200E-02    0.4970976E-01    0.4262397E-02    0.3941553E-02
   -0.9073040E-04    0.2509311E-02   -0.2478561E-03   -0.9779590E-02    0.2620422E-01    0.1210914E+00   -0.1269965E-01   -0.1315006E-02    0.5725479E-03    0.8849198E+00    0.9647083E+00   -0.3505609E+01    0.6737678E+02    0.5761182E+02    0.4185990E+02    0.1666945E+02   -0.4627601E+01   -0.3615681E+00   -0.9386555E+00    0.4222640E+01    0.4471098E+01   -0.6188589E-03   -0.3632284E-03   -0.3182350E-03    0.1959465E-03   -0.1457084E-02    0.3960864E-02    0.3774025E-02    0.6568293E-03   -0.2984930E-02   -0.2602160E-02    0.7109455E-02    0.3663087E-01    0.1908973E-03    0.3473567E-03
   -0.6126080E-05   -0.5454268E-03    0.2253957E-04    0.5481050E-02    0.6899209E-01   -0.1374594E-02    0.1408874E-01    0.3050117E-02    0.5423131E-03   -0.2030706E+02    0.1773143E+01    0.7708694E+01   -0.5765077E+02    0.4185990E+02    0.9338367E+02    0.6516207E+02   -0.1239201E+02   -0.7255005E+00   -0.6414187E+00    0.4770594E+01    0.6204426E+01    0.1154448E-03    0.3691815E-03   -0.1045500E-02    0.6973420E-03   -0.2945174E-03    0.1047981E-01    0.2837417E-02   -0.7759483E-03   -0.2971266E-02   -0.2936733E-02    0.7036843E-02    0.1323842E-01    0.8920067E-03   -0.2193280E-02
    0.7715936E-05   -0.1782979E-02    0.1391233E-03    0.1027160E-01    0.6552667E-01   -0.7371726E-01    0.2398673E-01    0.3557548E-02    0.1343963E-02   -0.6579393E+02    0.7279131E+00    0.6486917E+01   -0.7303637E+02    0.1666945E+02    0.6516207E+02    0.1248850E+03   -0.1043247E+02   -0.5419616E-01   -0.9277209E+00    0.7529097E+00    0.2258429E+02    0.1233103E-02    0.7062310E-03   -0.8395282E-03    0.1117316E-02    0.1222581E-03    0.4728796E-02    0.5106587E-02    0.1618634E-02   -0.1697453E-01    0.3460304E-02    0.4825373E-02    0.8631839E-02    0.6575361E-03   -0.7314866E-02
   -0.1035547E-04    0.8953048E-03   -0.7767273E-04   -0.4077665E-02   -0.1775271E-01    0.3676809E-01   -0.7649292E-02   -0.1100965E-02   -0.1019974E-03    0.3361013E+00    0.5640192E-01   -0.2711639E+01    0.1418796E+02   -0.4627601E+01   -0.1239201E+02   -0.1043247E+02    0.6121002E+01    0.1292866E+00   -0.3589440E-01   -0.2027809E+01   -0.1556345E+01   -0.2791924E-03   -0.2293423E-03    0.9325005E-04   -0.2607950E-03   -0.1992060E-03   -0.1446026E-02    0.8554025E-04   -0.1915870E-03   -0.3608204E-02   -0.8888537E-04   -0.5567375E-03   -0.4127460E-02   -0.1510672E-03    0.1420368E-03
    0.1368121E-05    0.1101268E-03   -0.1748260E-04   -0.5402055E-04   -0.9793063E-03    0.6932672E-02   -0.1679770E-03    0.4923294E-03   -0.1376491E-04   -0.2520977E+00   -0.1207176E-01   -0.1914303E+00    0.2970749E+00   -0.3615681E+00   -0.7255005E+00   -0.5419616E-01    0.1292866E+00    0.3148570E+01    0.7729649E+00    0.2778670E+00    0.5133567E+00    0.2461683E-03    0.5389579E-04    0.1712197E-03   -0.3030419E-04    0.1620853E-03    0.1300577E-03   -0.3773238E-02    0.4884555E-03    0.9849625E-03    0.4041386E-03    0.1026811E-02    0.5979545E-03    0.4249504E-03   -0.4852000E-04
   -0.6383679E-06    0.2217685E-03   -0.1085411E-04   -0.7812491E-04   -0.3802319E-02    0.1082269E-01   -0.3226240E-03    0.3118882E-03    0.7870195E-05    0.5597048E+00   -0.4974206E-02    0.3422803E-01    0.2190566E+00   -0.9386555E+00   -0.6414187E+00   -0.9277209E+00   -0.3589440E-01    0.7729649E+00    0.3088647E+01    0.2314328E+01    0.1182538E+01    0.2239664E-03    0.6939604E-04   -0.2108788E-04   -0.4591916E-04    0.3329497E-03    0.7086424E-03    0.3805451E-02    0.4388576E-04   -0.2825022E-02   -0.5307512E-03    0.3025886E-03   -0.2932246E-02   -0.4289283E-03   -0.2035579E-03
   -0.6414842E-05    0.3765064E-03   -0.1360598E-04   -0.1211221E-02   -0.5693985E-02    0.1529640E-01   -0.1931216E-02    0.1063684E-03    0.1494749E-03   -0.2862949E+01    0.8392622E-01    0.2474612E+01   -0.1279003E+02    0.4222640E+01    0.4770594E+01    0.7529097E+00   -0.2027809E+01    0.2778670E+00    0.2314328E+01    0.1796735E+02    0.2732111E+02   -0.7684415E-04    0.4997804E-04   -0.3551320E-03    0.3809535E-04    0.3163617E-03    0.2130687E-02    0.3428298E-02    0.2623605E-03   -0.8984991E-02    0.1694351E-03    0.3888556E-02    0.4355160E-02   -0.7548819E-04    0.2483904E-02
   -0.8586127E-05   -0.1052588E-03    0.2131514E-04   -0.1207445E-02    0.2848558E-02   -0.1151220E-01   -0.3595858E-03   -0.1064084E-03    0.1002876E-02   -0.2503077E+02    0.8128432E-01    0.2083748E+01   -0.1982599E+02    0.4471098E+01    0.6204426E+01    0.2258429E+02   -0.1556345E+01    0.5133567E+00    0.1182538E+01    0.2732111E+02    0.6216235E+02    0.4023972E-04    0.9372663E-04   -0.7593129E-03    0.3143605E-03    0.7610426E-03    0.4841699E-02    0.3340460E-02   -0.4390253E-04   -0.1056146E-01    0.2841676E-02    0.5840923E-02    0.2810628E-02   -0.5715276E-04    0.4386916E-02
    0.6231855E-07    0.4524537E-06   -0.2811809E-07    0.5735526E-05   -0.4362137E-04    0.3305121E-04    0.1241614E-04    0.5647569E-05    0.1260285E-05   -0.8505430E-03    0.1383109E-04    0.1008523E-03   -0.5270681E-03   -0.6188589E-03    0.1154448E-03    0.1233103E-02   -0.2791924E-03    0.2461683E-03    0.2239664E-03   -0.7684415E-04    0.4023972E-04    0.1244398E-03    0.1056343E-04   -0.1162371E-05    0.3081598E-05   -0.4357985E-06    0.2495820E-06   -0.6607692E-05    0.2580035E-05   -0.9559904E-05   -0.1752366E-05    0.4948812E-05    0.2131776E-04   -0.1215981E-06   -0.2322333E-06
    0.3628566E-07    0.2699671E-06   -0.3028488E-07    0.1744951E-05   -0.1636631E-04    0.1960373E-04    0.3817049E-05    0.2286293E-05    0.2474357E-06   -0.4315186E-03    0.6704931E-05    0.1384094E-03   -0.1785286E-02   -0.3632284E-03    0.3691815E-03    0.7062310E-03   -0.2293423E-03    0.5389579E-04    0.6939604E-04    0.4997804E-04    0.9372663E-04    0.1056343E-04    0.1367298E-04   -0.6213096E-06    0.6106357E-05   -0.5734169E-07    0.5881684E-06    0.5005924E-06    0.8554647E-06   -0.7109203E-05    0.9009594E-06   -0.2462500E-05   -0.3027626E-05   -0.3555559E-07   -0.1109108E-06
    0.1373711E-07    0.3420044E-06   -0.6454362E-07    0.1240944E-05   -0.1595357E-04    0.1254557E-04    0.2115434E-05    0.6552319E-06   -0.2134142E-06    0.3860924E-03   -0.3470899E-04   -0.2504540E-04   -0.2708162E-03   -0.3182350E-03   -0.1045500E-02   -0.8395282E-03    0.9325005E-04    0.1712197E-03   -0.2108788E-04   -0.3551320E-03   -0.7593129E-03   -0.1162371E-05   -0.6213096E-06    0.2241285E-03    0.4139534E-06   -0.6187059E-06   -0.8899375E-05    0.8981335E-05    0.6341917E-05   -0.1083620E-04    0.3505538E-05    0.1278208E-05   -0.1241093E-04   -0.5822340E-07   -0.6847179E-07
    0.4222840E-07    0.4686261E-06   -0.1681357E-07    0.2679762E-05   -0.2607101E-04    0.2716361E-04    0.6105090E-05    0.3092729E-05    0.5072328E-06   -0.4808925E-03    0.1149559E-04    0.6757204E-04   -0.7064623E-03    0.1959465E-03    0.6973420E-03    0.1117316E-02   -0.2607950E-03   -0.3030419E-04   -0.4591916E-04    0.3809535E-04    0.3143605E-03    0.3081598E-05    0.6106357E-05    0.4139534E-06    0.3030700E-04   -0.7409826E-07    0.1990779E-05   -0.5032118E-06    0.1922841E-06   -0.5797812E-05    0.1870616E-06   -0.4384326E-05   -0.1120278E-04   -0.2711872E-07   -0.3250389E-07
    0.1096448E-07   -0.5830069E-06    0.4756700E-07    0.8730151E-06    0.4533805E-04   -0.2500493E-05    0.5998675E-06    0.5659160E-06   -0.9870130E-07   -0.2477553E-03   -0.2464939E-04    0.2055931E-03   -0.3375663E-02   -0.1457084E-02   -0.2945174E-03    0.1222581E-03   -0.1992060E-03    0.1620853E-03    0.3329497E-03    0.3163617E-03    0.7610426E-03   -0.4357985E-06   -0.5734169E-07   -0.6187059E-06   -0.7409826E-07    0.3965639E-03    0.6365738E-05   -0.5201491E-05   -0.5313367E-06   -0.2395636E-04   -0.4239160E-05    0.2272602E-05   -0.1027629E-04   -0.2014795E-06    0.1227125E-07
    0.6065976E-07    0.5379310E-06    0.7405547E-07   -0.3986789E-05    0.1980258E-05    0.8043072E-05   -0.6857110E-05    0.2215573E-05    0.8829451E-06   -0.2247830E-02    0.2130912E-03    0.9624567E-03   -0.3607526E-02    0.3960864E-02    0.1047981E-01    0.4728796E-02   -0.1446026E-02    0.1300577E-03    0.7086424E-03    0.2130687E-02    0.4841699E-02    0.2495820E-06    0.5881684E-06   -0.8899375E-05    0.1990779E-05    0.6365738E-05    0.3473630E-02   -0.1403081E-04   -0.2157299E-04   -0.1548859E-04   -0.9883604E-05    0.4626234E-04    0.1211332E-03   -0.3699901E-06   -0.5197795E-07
   -0.3389646E-06    0.4347614E-05   -0.4893755E-06   -0.7708879E-05   -0.2237762E-03    0.3981271E-04   -0.1369972E-04    0.2307796E-06   -0.4376732E-06   -0.1002489E-02   -0.7258171E-04   -0.7259842E-03    0.5686381E-01    0.3774025E-02    0.2837417E-02    0.5106587E-02    0.8554025E-04   -0.3773238E-02    0.3805451E-02    0.3428298E-02    0.3340460E-02   -0.6607692E-05    0.5005924E-06    0.8981335E-05   -0.5032118E-06   -0.5201491E-05   -0.1403081E-04    0.5790590E-02    0.1831144E-02    0.1815580E-02   -0.6992491E-03   -0.1180476E-03   -0.1147146E-03    0.1720238E-05   -0.2447497E-06
   -0.7783522E-07    0.1001247E-05   -0.2151365E-06   -0.3314384E-05   -0.4263380E-04    0.1355690E-04   -0.5725958E-05    0.3208008E-06    0.4468875E-06   -0.9506308E-04   -0.1079940E-03    0.2288168E-03    0.7678856E-03    0.6568293E-03   -0.7759483E-03    0.1618634E-02   -0.1915870E-03    0.4884555E-03    0.4388576E-04    0.2623605E-03   -0.4390253E-04    0.2580035E-05    0.8554647E-06    0.6341917E-05    0.1922841E-06   -0.5313367E-06   -0.2157299E-04    0.1831144E-02    0.1242888E-02    0.8051882E-03    0.1986370E-03    0.1078618E-04   -0.2183297E-03   -0.2596862E-06   -0.4497937E-06
   -0.3708375E-06   -0.7183566E-05    0.1497422E-07    0.1221310E-04    0.5351858E-05   -0.2841469E-03    0.4419696E-05   -0.5812500E-05   -0.4033266E-05    0.9073398E-02   -0.3205309E-03   -0.1239746E-02    0.3028587E-03   -0.2984930E-02   -0.2971266E-02   -0.1697453E-01   -0.3608204E-02    0.9849625E-03   -0.2825022E-02   -0.8984991E-02   -0.1056146E-01   -0.9559904E-05   -0.7109203E-05   -0.1083620E-04   -0.5797812E-05   -0.2395636E-04   -0.1548859E-04    0.1815580E-02    0.8051882E-03    0.3332868E-01   -0.6043542E-03    0.1472801E-02    0.1115523E-01    0.7639483E-06    0.1973158E-05
   -0.7844586E-07   -0.7608870E-06    0.7213737E-08   -0.9846257E-05    0.1834752E-04   -0.4822929E-04   -0.1790905E-04   -0.2908215E-05    0.1154161E-05   -0.2942815E-02   -0.1444073E-03    0.5438934E-03   -0.4007092E-02   -0.2602160E-02   -0.2936733E-02    0.3460304E-02   -0.8888537E-04    0.4041386E-03   -0.5307512E-03    0.1694351E-03    0.2841676E-02   -0.1752366E-05    0.9009594E-06    0.3505538E-05    0.1870616E-06   -0.4239160E-05   -0.9883604E-05   -0.6992491E-03    0.1986370E-03   -0.6043542E-03    0.1373052E-02    0.1711977E-03   -0.3767749E-03    0.2426359E-07   -0.3530732E-06
   -0.2872325E-06    0.2103282E-05   -0.3212640E-06   -0.1422474E-04   -0.1109820E-03    0.5160124E-06   -0.2659537E-04   -0.2773805E-05    0.1619355E-06   -0.9546841E-03   -0.6483104E-05    0.1297990E-02    0.5098200E-02    0.7109455E-02    0.7036843E-02    0.4825373E-02   -0.5567375E-03    0.1026811E-02    0.3025886E-03    0.3888556E-02    0.5840923E-02    0.4948812E-05   -0.2462500E-05    0.1278208E-05   -0.4384326E-05    0.2272602E-05    0.4626234E-04   -0.1180476E-03    0.1078618E-04    0.1472801E-02    0.1711977E-03    0.5053136E-02    0.4006664E-02    0.3688074E-06    0.1999871E-06
   -0.1172518E-05    0.6812933E-05   -0.1177052E-05   -0.3987407E-04   -0.3345072E-03   -0.1247892E-04   -0.6424098E-04   -0.1225196E-04    0.2651039E-05    0.1807091E-02   -0.9813696E-04   -0.1367797E-02    0.4970976E-01    0.3663087E-01    0.1323842E-01    0.8631839E-02   -0.4127460E-02    0.5979545E-03   -0.2932246E-02    0.4355160E-02    0.2810628E-02    0.2131776E-04   -0.3027626E-05   -0.1241093E-04   -0.1120278E-04   -0.1027629E-04    0.1211332E-03   -0.1147146E-03   -0.2183297E-03    0.1115523E-01   -0.3767749E-03    0.4006664E-02    0.3514274E-01   -0.9427322E-07   -0.1722511E-05
    0.2353700E-08   -0.5230364E-07    0.2086187E-08    0.7562993E-07   -0.2837009E-06   -0.3052056E-05    0.3082625E-06   -0.2533424E-06    0.9821596E-08   -0.1842959E-03    0.1094674E-04    0.2089047E-03    0.4262397E-02    0.1908973E-03    0.8920067E-03    0.6575361E-03   -0.1510672E-03    0.4249504E-03   -0.4289283E-03   -0.7548819E-04   -0.5715276E-04   -0.1215981E-06   -0.3555559E-07   -0.5822340E-07   -0.2711872E-07   -0.2014795E-06   -0.3699901E-06    0.1720238E-05   -0.2596862E-06    0.7639483E-06    0.2426359E-07    0.3688074E-06   -0.9427322E-07    0.5332156E-06    0.8333937E-08
   -0.3755659E-08    0.1402742E-06   -0.1032179E-07   -0.1268131E-05    0.1489883E-05    0.7196150E-05   -0.2237950E-05   -0.2334942E-06    0.1708611E-07    0.4287394E-02   -0.1561217E-04   -0.2979378E-03    0.3941553E-02    0.3473567E-03   -0.2193280E-02   -0.7314866E-02    0.1420368E-03   -0.4852000E-04   -0.2035579E-03    0.2483904E-02    0.4386916E-02   -0.2322333E-06   -0.1109108E-06   -0.6847179E-07   -0.3250389E-07    0.1227125E-07   -0.5197795E-07   -0.2447497E-06   -0.4497937E-06    0.1973158E-05   -0.3530732E-06    0.1999871E-06   -0.1722511E-05    0.8333937E-08    0.2032766E-05
