# omegabh2 omegach2 theta tau mnu logA ns aps100 aps143 aps217 acib143 acib217 asz143 psr cibr ncib xi aksz cal0 cal2 bm_1_1
    0.4475389E-07   -0.1005604E-06    0.3012857E-07    0.6718071E-06    0.1905655E-05    0.1240689E-05    0.3938620E-06   -0.4708573E-03   -0.2677081E-03    0.2263509E-03   -0.1389631E-03   -0.2865886E-03   -0.1827642E-04    0.9523049E-06   -0.3938004E-05   -0.3128695E-05    0.2379448E-05   -0.3833689E-04    0.4993374E-08    0.3323231E-08   -0.4605390E-05
   -0.1005604E-06    0.2206902E-05   -0.1277526E-06   -0.5534441E-05   -0.4598263E-04   -0.5502853E-05   -0.4841379E-05    0.1920190E-02    0.1429229E-02    0.3593558E-03   -0.1778720E-03    0.2105699E-03    0.9655137E-04   -0.1155233E-06    0.1309267E-04    0.3813522E-05    0.6191581E-05   -0.7280016E-04   -0.3909900E-07    0.8742421E-07    0.6578327E-04
    0.3012857E-07   -0.1277526E-06    0.1979511E-06    0.7230803E-06    0.3027179E-05    0.1357553E-05    0.6523960E-06   -0.6587044E-03   -0.2103903E-04    0.3962076E-04   -0.8969672E-04   -0.8905997E-04   -0.1592961E-04    0.3642443E-06   -0.4815203E-06   -0.1105796E-05    0.1475440E-05   -0.2066221E-04   -0.1052624E-07    0.2674804E-07    0.5068064E-06
    0.6718071E-06   -0.5534441E-05    0.7230803E-06    0.1779578E-03    0.1787179E-03    0.3421770E-03    0.2356574E-04   -0.2889329E-01   -0.4785246E-02    0.1458708E-01   -0.3179619E-02   -0.1073466E-01   -0.1766970E-02    0.7663021E-04   -0.2468348E-03   -0.1024945E-03    0.1854117E-03   -0.2911559E-02    0.1087728E-07   -0.1947918E-06   -0.3964482E-03
    0.1905655E-05   -0.4598263E-04    0.3027179E-05    0.1787179E-03    0.5221809E-02    0.2245086E-03    0.9727610E-04   -0.5383037E-01   -0.8314891E-01   -0.5442100E-01    0.2407823E-01    0.1108675E-01    0.6998845E-02    0.4057607E-04   -0.9223930E-04   -0.2917102E-03   -0.3479268E-03    0.8209988E-02   -0.7367119E-06    0.1363517E-05   -0.1199397E-02
    0.1240689E-05   -0.5502853E-05    0.1357553E-05    0.3421770E-03    0.2245086E-03    0.6777411E-03    0.3481909E-04   -0.5502962E-01   -0.7308089E-03    0.3709567E-01   -0.1026185E-01   -0.2352356E-01   -0.4186926E-02    0.1732173E-03   -0.5318836E-03   -0.1728035E-03    0.4128849E-03   -0.7358048E-02    0.1343975E-06    0.1294122E-05   -0.1264596E-03
    0.3938620E-06   -0.4841379E-05    0.6523960E-06    0.2356574E-04    0.9727610E-04    0.3481909E-04    0.2508829E-04   -0.2628730E-01   -0.2554070E-02    0.1270281E-01   -0.3880322E-02   -0.8049277E-02   -0.9529758E-03    0.5070992E-04   -0.1915471E-03   -0.7091729E-04    0.8153308E-04   -0.2904743E-02   -0.8574299E-07    0.9184856E-06    0.8729341E-04
   -0.4708573E-03    0.1920190E-02   -0.6587044E-03   -0.2889329E-01   -0.5383037E-01   -0.5502962E-01   -0.2628730E-01    0.2477383E+04    0.6248892E+02   -0.9402722E+02    0.6771758E+02    0.6614688E+02   -0.5538771E+02   -0.7958056E+00   -0.1516329E+01    0.4815829E+00    0.2951403E+00   -0.1471150E+02    0.3051395E-02   -0.1544070E-02    0.1151522E+02
   -0.2677081E-03    0.1429229E-02   -0.2103903E-04   -0.4785246E-02   -0.8314891E-01   -0.7308089E-03   -0.2554070E-02    0.6248892E+02    0.1175084E+03    0.3308743E+02   -0.2166095E+02   -0.2752362E+01   -0.6630220E+01   -0.1839610E+00    0.1166837E+00    0.7300264E-01    0.9666445E+00   -0.1177062E+02    0.3980991E-03    0.6959356E-03    0.1082938E+00
    0.2263509E-03    0.3593558E-03    0.3962076E-04    0.1458708E-01   -0.5442100E-01    0.3709567E-01    0.1270281E-01   -0.9402722E+02    0.3308743E+02    0.2876175E+03   -0.2994616E+02   -0.1326160E+03   -0.4531032E-01    0.8965616E-01   -0.1380848E+01   -0.1632269E+01    0.5313418E+00   -0.8264493E+01    0.1132676E-03   -0.4120123E-02    0.3559667E-01
   -0.1389631E-03   -0.1778720E-03   -0.8969672E-04   -0.3179619E-02    0.2407823E-01   -0.1026185E-01   -0.3880322E-02    0.6771758E+02   -0.2166095E+02   -0.2994616E+02    0.2339128E+02    0.1764890E+02   -0.1352193E+01    0.1863740E-01   -0.1745803E-02    0.1951428E+00    0.1752349E+00   -0.9810736E+00   -0.2215291E-03   -0.1207666E-02   -0.1968648E+00
   -0.2865886E-03    0.2105699E-03   -0.8905997E-04   -0.1073466E-01    0.1108675E-01   -0.2352356E-01   -0.8049277E-02    0.6614688E+02   -0.2752362E+01   -0.1326160E+03    0.1764890E+02    0.7257142E+02    0.7883638E+00    0.2725947E-01    0.6468170E+00    0.9934708E+00   -0.2954252E+00   -0.2335590E+01   -0.4121844E-04    0.1441693E-02    0.1175030E+00
   -0.1827642E-04    0.9655137E-04   -0.1592961E-04   -0.1766970E-02    0.6998845E-02   -0.4186926E-02   -0.9529758E-03   -0.5538771E+02   -0.6630220E+01   -0.4531032E-01   -0.1352193E+01    0.7883638E+00    0.6803415E+01    0.6496420E-01    0.2463981E+00   -0.2018111E-02   -0.7509324E-01   -0.4296953E+00   -0.1128249E-04   -0.5491553E-03    0.1644000E+00
    0.9523049E-06   -0.1155233E-06    0.3642443E-06    0.7663021E-04    0.4057607E-04    0.1732173E-03    0.5070992E-04   -0.7958056E+00   -0.1839610E+00    0.8965616E-01    0.1863740E-01    0.2725947E-01    0.6496420E-01    0.1491813E-01   -0.9633662E-02    0.4712133E-02    0.7204412E-02   -0.1749610E-01   -0.6469130E-06   -0.2131020E-04    0.3686011E-02
   -0.3938004E-05    0.1309267E-04   -0.4815203E-06   -0.2468348E-03   -0.9223930E-04   -0.5318836E-03   -0.1915471E-03   -0.1516329E+01    0.1166837E+00   -0.1380848E+01   -0.1745803E-02    0.6468170E+00    0.2463981E+00   -0.9633662E-02    0.5185976E-01   -0.9272650E-03    0.1862821E-02   -0.2334044E-01    0.8570446E-05    0.8081343E-04   -0.1965508E-02
   -0.3128695E-05    0.3813522E-05   -0.1105796E-05   -0.1024945E-03   -0.2917102E-03   -0.1728035E-03   -0.7091729E-04    0.4815829E+00    0.7300264E-01   -0.1632269E+01    0.1951428E+00    0.9934708E+00   -0.2018111E-02    0.4712133E-02   -0.9272650E-03    0.2331392E-01   -0.1271696E-02   -0.1800765E-01    0.1388000E-05   -0.6224114E-04    0.7437828E-02
    0.2379448E-05    0.6191581E-05    0.1475440E-05    0.1854117E-03   -0.3479268E-03    0.4128849E-03    0.8153308E-04    0.2951403E+00    0.9666445E+00    0.5313418E+00    0.1752349E+00   -0.2954252E+00   -0.7509324E-01    0.7204412E-02    0.1862821E-02   -0.1271696E-02    0.7968820E-01    0.2019552E-01   -0.1669425E-05   -0.1960353E-04    0.2841990E-02
   -0.3833689E-04   -0.7280016E-04   -0.2066221E-04   -0.2911559E-02    0.8209988E-02   -0.7358048E-02   -0.2904743E-02   -0.1471150E+02   -0.1177062E+02   -0.8264493E+01   -0.9810736E+00   -0.2335590E+01   -0.4296953E+00   -0.1749610E-01   -0.2334044E-01   -0.1800765E-01    0.2019552E-01    0.7938922E+01    0.3544187E-04   -0.7635986E-04   -0.4805547E-01
    0.4993374E-08   -0.3909900E-07   -0.1052624E-07    0.1087728E-07   -0.7367119E-06    0.1343975E-06   -0.8574299E-07    0.3051395E-02    0.3980991E-03    0.1132676E-03   -0.2215291E-03   -0.4121844E-04   -0.1128249E-04   -0.6469130E-06    0.8570446E-05    0.1388000E-05   -0.1669425E-05    0.3544187E-04    0.8396785E-06    0.4345588E-07   -0.1068480E-03
    0.3323231E-08    0.8742421E-07    0.2674804E-07   -0.1947918E-06    0.1363517E-05    0.1294122E-05    0.9184856E-06   -0.1544070E-02    0.6959356E-03   -0.4120123E-02   -0.1207666E-02    0.1441693E-02   -0.5491553E-03   -0.2131020E-04    0.8081343E-04   -0.6224114E-04   -0.1960353E-04   -0.7635986E-04    0.4345588E-07    0.5662097E-05    0.2566335E-03
   -0.4605390E-05    0.6578327E-04    0.5068064E-06   -0.3964482E-03   -0.1199397E-02   -0.1264596E-03    0.8729341E-04    0.1151522E+02    0.1082938E+00    0.3559667E-01   -0.1968648E+00    0.1175030E+00    0.1644000E+00    0.3686011E-02   -0.1965508E-02    0.7437828E-02    0.2841990E-02   -0.4805547E-01   -0.1068480E-03    0.2566335E-03    0.2647005E+00
