# omegabh2 omegach2 theta tau omegak ns logA aps100 aps143 aps217 acib143 acib217 asz143 psr cibr ncib cal0 cal2 xi aksz bm_1_1 a_ps_act_148 a_ps_act_217 a_ps_spt_95 a_ps_spt_150 a_ps_spt_220 r_ps_spt_95x150 r_ps_spt_95x220 r_ps_150x220 act_dust_s act_dust_e cal_acts_148 cal_acts_217 cal_acte_148 cal_acte_217 cal_spt_95 cal_spt_150 cal_spt_220
    0.81602E-07   -0.43372E-06    0.88393E-07    0.96193E-06   -0.49402E-06    0.11769E-05    0.10463E-05   -0.64324E-03   -0.82918E-03   -0.76241E-03    0.49666E-05    0.98973E-04    0.20192E-04   -0.14303E-05   -0.46811E-06    0.18182E-05    0.18546E-08   -0.23944E-08   -0.38304E-05   -0.61508E-04   -0.13407E-04    0.96753E-05    0.37742E-04    0.26688E-04    0.23560E-04    0.66967E-04   -0.37965E-06   -0.82769E-06   -0.81720E-07   -0.10790E-05   -0.11710E-05    0.41770E-06    0.47179E-06    0.44498E-06    0.44964E-06    0.82275E-06    0.79803E-06    0.64272E-06
   -0.43372E-06    0.68516E-05   -0.77566E-06   -0.10042E-04    0.64588E-05   -0.15205E-04   -0.40256E-05    0.84092E-02    0.38226E-02    0.34730E-02    0.29180E-05   -0.29870E-03   -0.74376E-04    0.54306E-05    0.54325E-06   -0.47408E-05   -0.12641E-07    0.96116E-07    0.14462E-04    0.14766E-03    0.13940E-03   -0.27708E-04   -0.27984E-03   -0.93990E-04   -0.10402E-03   -0.43244E-03    0.26150E-05    0.28273E-05   -0.20615E-06    0.60871E-05    0.13275E-04   -0.18499E-05   -0.20520E-05   -0.18671E-05   -0.21531E-05   -0.41595E-05   -0.37998E-05   -0.33410E-05
    0.88393E-07   -0.77566E-06    0.40853E-06    0.14463E-05   -0.97145E-06    0.22365E-05    0.14097E-05   -0.11631E-02   -0.55535E-03   -0.57949E-03   -0.44056E-05    0.62991E-04    0.14259E-05   -0.55590E-06   -0.37483E-06    0.89545E-06    0.35050E-08   -0.31584E-08   -0.19158E-05   -0.29744E-04   -0.19754E-04    0.30723E-05    0.28350E-04    0.37337E-04    0.16601E-04    0.84462E-04   -0.14758E-05   -0.19519E-05    0.38924E-07   -0.21586E-05   -0.35974E-06    0.28403E-06    0.30958E-06    0.28990E-06    0.29617E-06    0.56765E-06    0.60703E-06    0.52884E-06
    0.96193E-06   -0.10042E-04    0.14463E-05    0.17363E-03   -0.96284E-05    0.34448E-04    0.32119E-03   -0.57838E-01   -0.19424E-01   -0.14757E-01    0.58658E-04    0.20653E-02    0.83747E-03   -0.38283E-04   -0.31960E-05    0.46494E-04    0.14192E-07    0.25872E-06   -0.14532E-03   -0.21862E-02   -0.56985E-03    0.17790E-03    0.10090E-02    0.30338E-03    0.53319E-03    0.82508E-03    0.22397E-05   -0.94219E-06   -0.15427E-05    0.75399E-05   -0.82738E-05    0.75908E-05    0.87894E-05    0.84527E-05    0.80240E-05    0.16513E-04    0.15800E-04    0.93291E-05
   -0.49402E-06    0.64588E-05   -0.97145E-06   -0.96284E-05    0.10894E-04   -0.14904E-04   -0.45890E-05    0.76238E-02    0.47159E-02    0.40460E-02    0.11362E-04   -0.45826E-03   -0.92196E-04    0.73824E-05    0.19770E-05   -0.86561E-05   -0.24854E-07    0.12633E-06    0.26580E-04    0.34954E-03    0.13125E-03   -0.59448E-04   -0.22280E-03   -0.14047E-03   -0.13661E-03   -0.38667E-03    0.36619E-05    0.68651E-05    0.58313E-06    0.96702E-05    0.12667E-04   -0.21264E-05   -0.22934E-05   -0.22354E-05   -0.22217E-05   -0.47237E-05   -0.42726E-05   -0.35922E-05
    0.11769E-05   -0.15205E-04    0.22365E-05    0.34448E-04   -0.14904E-04    0.50346E-04    0.30561E-04   -0.48095E-01   -0.21976E-01   -0.16736E-01    0.66285E-04    0.23414E-02    0.88967E-03   -0.39815E-04   -0.61543E-05    0.48490E-04   -0.23772E-07    0.26520E-06   -0.17134E-03   -0.18663E-02   -0.27571E-03    0.11595E-03    0.82227E-03    0.42447E-03    0.37874E-03    0.97182E-03   -0.10238E-04   -0.20675E-04   -0.21938E-05   -0.15321E-04   -0.29018E-04    0.95950E-05    0.94236E-05    0.98544E-05    0.89444E-05    0.18386E-04    0.16432E-04    0.12459E-04
    0.10463E-05   -0.40256E-05    0.14097E-05    0.32119E-03   -0.45890E-05    0.30561E-04    0.63500E-03   -0.98852E-01   -0.33459E-01   -0.23115E-01    0.11117E-03    0.42526E-02    0.17794E-02   -0.70382E-04   -0.68646E-05    0.10366E-03    0.60568E-07    0.14062E-05   -0.31725E-03   -0.46014E-02   -0.27879E-03    0.31029E-03    0.10257E-02    0.47250E-03    0.81724E-03    0.28179E-03    0.30867E-05   -0.33045E-05   -0.38284E-05    0.26728E-04    0.18804E-04    0.12736E-04    0.13567E-04    0.14521E-04    0.11939E-04    0.25769E-04    0.24303E-04    0.11524E-04
   -0.64324E-03    0.84092E-02   -0.11631E-02   -0.57838E-01    0.76238E-02   -0.48095E-01   -0.98852E-01    0.27915E+04    0.82166E+02    0.87074E+01   -0.25512E+00    0.60495E+01   -0.11970E+02   -0.44569E-01   -0.52827E-01    0.12778E+00    0.44746E-03   -0.35475E-02    0.85668E+00    0.90021E+01    0.19048E+02    0.33753E+00   -0.52068E+01    0.62948E+01   -0.82207E+00    0.18175E+01   -0.11850E+00   -0.39829E+00   -0.79814E-01   -0.41551E-01   -0.16456E-01   -0.24440E-01    0.15736E-01   -0.21469E-01    0.12612E-01   -0.61897E-01   -0.32667E-01    0.18245E-01
   -0.82918E-03    0.38226E-02   -0.55535E-03   -0.19424E-01    0.47159E-02   -0.21976E-01   -0.33459E-01    0.82166E+02    0.67205E+02    0.17823E+02    0.57519E-01   -0.75808E+00   -0.22851E+01    0.41535E-01    0.10828E-01   -0.43562E-01   -0.13818E-04   -0.66957E-03    0.17960E+00    0.98149E+00   -0.60707E-01    0.29286E+00   -0.12650E+01    0.10620E+01   -0.22039E+00   -0.48846E+00   -0.35029E-02   -0.63297E-01   -0.29458E-01    0.14455E-01    0.35873E-01   -0.12575E-01   -0.85530E-02   -0.13241E-01   -0.76826E-02   -0.28091E-01   -0.19968E-01   -0.90373E-02
   -0.76241E-03    0.34730E-02   -0.57949E-03   -0.14757E-01    0.40460E-02   -0.16736E-01   -0.23115E-01    0.87074E+01    0.17823E+02    0.98287E+02   -0.10334E+01   -0.37125E+02    0.62141E+00   -0.36781E+00   -0.23265E-01   -0.43082E+00    0.14701E-04   -0.56308E-04    0.29250E-01    0.63542E+00   -0.20279E-02    0.35449E+00    0.21191E+02   -0.10383E+01    0.75088E+00    0.12325E+02   -0.36669E-01   -0.76594E-01   -0.21748E-02    0.24734E-01    0.49669E-01   -0.76441E-02   -0.28450E-01   -0.71660E-02   -0.32182E-01   -0.80440E-02   -0.11586E-01   -0.56186E-01
    0.49666E-05    0.29180E-05   -0.44056E-05    0.58658E-04    0.11362E-04    0.66285E-04    0.11117E-03   -0.25512E+00    0.57519E-01   -0.10334E+01    0.68941E+00    0.13373E+01    0.56446E+00    0.14277E-02   -0.22566E-02    0.22448E-02   -0.15134E-05    0.21304E-04    0.25940E-02   -0.95935E+00    0.74534E-02    0.79021E-02   -0.35188E+00   -0.15841E+00   -0.75135E-01   -0.25344E+00    0.48331E-01    0.46433E-01   -0.52545E-02   -0.23409E-02   -0.17271E-02    0.12288E-03    0.21222E-03    0.15058E-03    0.22051E-03   -0.49120E-03    0.52549E-03    0.16694E-02
    0.98973E-04   -0.29870E-03    0.62991E-04    0.20653E-02   -0.45826E-03    0.23414E-02    0.42526E-02    0.60495E+01   -0.75808E+00   -0.37125E+02    0.13373E+01    0.25554E+02    0.20782E+01    0.21290E+00    0.20977E-01    0.33790E+00    0.10351E-05    0.67102E-05   -0.38733E+00   -0.45948E+01    0.19424E+00   -0.59590E+00   -0.16230E+02    0.53996E-01   -0.10400E+01   -0.11931E+02    0.58848E-01    0.76978E-01   -0.96654E-02   -0.10980E-01   -0.35133E-02   -0.20782E-03    0.54084E-02   -0.66617E-03    0.84679E-02    0.41425E-03   -0.17279E-02    0.19390E-01
    0.20192E-04   -0.74376E-04    0.14259E-05    0.83747E-03   -0.92196E-04    0.88967E-03    0.17794E-02   -0.11970E+02   -0.22851E+01    0.62141E+00    0.56446E+00    0.20782E+01    0.20266E+01    0.16931E-01    0.17390E-01    0.20783E-01    0.14646E-05   -0.40088E-04   -0.19775E+00   -0.24952E+01    0.50794E-01   -0.15353E+00   -0.10549E+01   -0.73522E+00   -0.17086E+00   -0.15389E+01    0.40459E-01    0.65342E-01   -0.22973E-02   -0.21494E-02    0.36807E-02    0.50393E-03   -0.31083E-02    0.58261E-03   -0.29067E-02    0.39686E-02    0.44859E-03   -0.27130E-02
   -0.14303E-05    0.54306E-05   -0.55590E-06   -0.38283E-04    0.73824E-05   -0.39815E-04   -0.70382E-04   -0.44569E-01    0.41535E-01   -0.36781E+00    0.14277E-02    0.21290E+00    0.16931E-01    0.50811E-02   -0.12205E-03    0.20868E-02    0.73091E-07    0.12995E-06   -0.10799E-02   -0.16256E-01   -0.54896E-03   -0.71436E-03   -0.15046E+00   -0.76693E-02   -0.30825E-02   -0.10562E+00    0.28414E-03    0.15403E-02    0.41154E-03    0.12810E-04    0.32227E-03   -0.26897E-04   -0.11233E-04   -0.35883E-04    0.28333E-04   -0.82558E-07   -0.55080E-04    0.15477E-03
   -0.46811E-06    0.54325E-06   -0.37483E-06   -0.31960E-05    0.19770E-05   -0.61543E-05   -0.68646E-05   -0.52827E-01    0.10828E-01   -0.23265E-01   -0.22566E-02    0.20977E-01    0.17390E-01   -0.12205E-03    0.22216E-02   -0.99588E-04    0.25043E-07    0.13162E-05   -0.41021E-03   -0.10906E-01    0.60381E-03    0.51121E-02    0.14207E-02   -0.10452E-01    0.27458E-02    0.71175E-03    0.12344E-03    0.12910E-02   -0.40983E-03   -0.34618E-04   -0.11884E-03    0.45943E-05    0.27858E-04    0.49986E-05    0.26836E-04    0.54431E-04    0.82624E-06    0.49975E-04
    0.18182E-05   -0.47408E-05    0.89545E-06    0.46494E-04   -0.86561E-05    0.48490E-04    0.10366E-03    0.12778E+00   -0.43562E-01   -0.43082E+00    0.22448E-02    0.33790E+00    0.20783E-01    0.20868E-02   -0.99588E-04    0.67357E-02    0.58334E-07   -0.56664E-05   -0.50818E-02   -0.36886E-01    0.60958E-02   -0.11116E-01   -0.26917E+00    0.75935E-03   -0.14551E-01   -0.21466E+00   -0.15430E-03    0.58033E-03    0.31107E-03   -0.11375E-03    0.28870E-04    0.98099E-05   -0.14797E-05    0.45245E-05    0.44032E-04    0.82366E-04   -0.16212E-04    0.13870E-03
    0.18546E-08   -0.12641E-07    0.35050E-08    0.14192E-07   -0.24854E-07   -0.23772E-07    0.60568E-07    0.44746E-03   -0.13818E-04    0.14701E-04   -0.15134E-05    0.10351E-05    0.14646E-05    0.73091E-07    0.25043E-07    0.58334E-07    0.16097E-06    0.36920E-08   -0.37237E-06   -0.11551E-05   -0.18682E-04   -0.18363E-05   -0.12872E-04    0.18427E-05    0.15815E-05   -0.95885E-05   -0.22217E-06   -0.99683E-07    0.54423E-07    0.35520E-06    0.25388E-06   -0.19128E-08   -0.57378E-07    0.49912E-08   -0.36736E-07   -0.91960E-11    0.39182E-07   -0.66073E-07
   -0.23944E-08    0.96116E-07   -0.31584E-08    0.25872E-06    0.12633E-06    0.26520E-06    0.14062E-05   -0.35475E-02   -0.66957E-03   -0.56308E-04    0.21304E-04    0.67102E-05   -0.40088E-04    0.12995E-06    0.13162E-05   -0.56664E-05    0.36920E-08    0.18059E-05    0.66962E-05    0.20254E-04    0.11618E-03    0.31126E-04    0.24788E-03    0.43094E-04    0.22844E-04    0.31308E-03    0.84012E-06   -0.88964E-06   -0.13512E-05    0.49644E-06    0.18796E-05    0.52260E-06    0.82904E-06    0.56845E-06    0.91777E-06    0.42571E-06    0.57931E-06    0.11769E-05
   -0.38304E-05    0.14462E-04   -0.19158E-05   -0.14532E-03    0.26580E-04   -0.17134E-03   -0.31725E-03    0.85668E+00    0.17960E+00    0.29250E-01    0.25940E-02   -0.38733E+00   -0.19775E+00   -0.10799E-02   -0.41021E-03   -0.50818E-02   -0.37237E-06    0.66962E-05    0.62780E-01    0.38132E+00   -0.54854E-02    0.63241E-01    0.18092E+00    0.10947E-01    0.58104E-01    0.24505E+00    0.42898E-02    0.84521E-02    0.11930E-02    0.23427E-03   -0.62138E-03    0.35906E-04    0.28547E-03    0.29167E-04    0.25847E-03   -0.26066E-03    0.20884E-03    0.57868E-03
   -0.61508E-04    0.14766E-03   -0.29744E-04   -0.21862E-02    0.34954E-03   -0.18663E-02   -0.46014E-02    0.90021E+01    0.98149E+00    0.63542E+00   -0.95935E+00   -0.45948E+01   -0.24952E+01   -0.16256E-01   -0.10906E-01   -0.36886E-01   -0.11551E-05    0.20254E-04    0.38132E+00    0.48155E+01   -0.48753E-01    0.18312E+00    0.17627E+01    0.28407E+00    0.33758E+00    0.23316E+01   -0.45645E-01   -0.26032E-01    0.19399E-01    0.55034E-05   -0.11609E-01    0.47741E-03    0.33071E-02    0.44393E-03    0.30647E-02   -0.78608E-03    0.14272E-02    0.32643E-02
   -0.13407E-04    0.13940E-03   -0.19754E-04   -0.56985E-03    0.13125E-03   -0.27571E-03   -0.27879E-03    0.19048E+02   -0.60707E-01   -0.20279E-02    0.74534E-02    0.19424E+00    0.50794E-01   -0.54896E-03    0.60381E-03    0.60958E-02   -0.18682E-04    0.11618E-03   -0.54854E-02   -0.48753E-01    0.30554E+00   -0.57737E-02   -0.15153E+00   -0.14727E-01   -0.13831E-01   -0.14350E+00    0.34943E-03    0.19939E-02    0.22556E-03   -0.47045E-03    0.22784E-04    0.19144E-03    0.42236E-04    0.20934E-03    0.58519E-04    0.22560E-03    0.89678E-04    0.58913E-04
    0.96753E-05   -0.27708E-04    0.30723E-05    0.17790E-03   -0.59448E-04    0.11595E-03    0.31029E-03    0.33753E+00    0.29286E+00    0.35449E+00    0.79021E-02   -0.59590E+00   -0.15353E+00   -0.71436E-03    0.51121E-02   -0.11116E-01   -0.18363E-05    0.31126E-04    0.63241E-01    0.18312E+00   -0.57737E-02    0.34912E+00    0.34619E+00    0.50141E-01    0.16198E+00    0.65567E+00    0.84715E-02    0.11888E-01   -0.44838E-02   -0.27272E-02   -0.32029E-02    0.61021E-03    0.24031E-04    0.73936E-03   -0.13102E-05   -0.53703E-03    0.63380E-04    0.13737E-02
    0.37742E-04   -0.27984E-03    0.28350E-04    0.10090E-02   -0.22280E-03    0.82227E-03    0.10257E-02   -0.52068E+01   -0.12650E+01    0.21191E+02   -0.35188E+00   -0.16230E+02   -0.10549E+01   -0.15046E+00    0.14207E-02   -0.26917E+00   -0.12872E-04    0.24788E-03    0.18092E+00    0.17627E+01   -0.15153E+00    0.34619E+00    0.20404E+02    0.15010E+00    0.63164E+00    0.96744E+01   -0.16833E-01   -0.63083E-01   -0.14342E-01    0.57405E-02    0.67446E-02    0.14548E-02    0.22196E-01    0.17541E-02    0.13702E-01   -0.54845E-03    0.27366E-02   -0.76310E-02
    0.26688E-04   -0.93990E-04    0.37337E-04    0.30338E-03   -0.14047E-03    0.42447E-03    0.47250E-03    0.62948E+01    0.10620E+01   -0.10383E+01   -0.15841E+00    0.53996E-01   -0.73522E+00   -0.76693E-02   -0.10452E-01    0.75935E-03    0.18427E-05    0.43094E-04    0.10947E-01    0.28407E+00   -0.14727E-01    0.50141E-01    0.15010E+00    0.21340E+01    0.23794E-01    0.32948E+00   -0.82783E-01   -0.98092E-01   -0.45149E-02    0.16722E-04    0.25801E-02   -0.46538E-03    0.14466E-02   -0.50832E-03    0.13992E-02    0.31676E-03    0.14524E-03    0.15563E-02
    0.23560E-04   -0.10402E-03    0.16601E-04    0.53319E-03   -0.13661E-03    0.37874E-03    0.81724E-03   -0.82207E+00   -0.22039E+00    0.75088E+00   -0.75135E-01   -0.10400E+01   -0.17086E+00   -0.30825E-02    0.27458E-02   -0.14551E-01    0.15815E-05    0.22844E-04    0.58104E-01    0.33758E+00   -0.13831E-01    0.16198E+00    0.63164E+00    0.23794E-01    0.26261E+00    0.58948E+00    0.22949E-02    0.98581E-02    0.35049E-03    0.80081E-03    0.11658E-02    0.19000E-03   -0.38591E-04    0.16895E-03   -0.10109E-03    0.37058E-03    0.26968E-03   -0.34999E-04
    0.66967E-04   -0.43244E-03    0.84462E-04    0.82508E-03   -0.38667E-03    0.97182E-03    0.28179E-03    0.18175E+01   -0.48846E+00    0.12325E+02   -0.25344E+00   -0.11931E+02   -0.15389E+01   -0.10562E+00    0.71175E-03   -0.21466E+00   -0.95885E-05    0.31308E-03    0.24505E+00    0.23316E+01   -0.14350E+00    0.65567E+00    0.96744E+01    0.32948E+00    0.58948E+00    0.20280E+02   -0.12150E-01   -0.84436E-01   -0.27225E-01   -0.11883E-01   -0.19243E-01    0.17658E-02    0.30384E-02    0.17669E-02    0.14068E-02   -0.66952E-03    0.44545E-02    0.29335E-01
   -0.37965E-06    0.26150E-05   -0.14758E-05    0.22397E-05    0.36619E-05   -0.10238E-04    0.30867E-05   -0.11850E+00   -0.35029E-02   -0.36669E-01    0.48331E-01    0.58848E-01    0.40459E-01    0.28414E-03    0.12344E-03   -0.15430E-03   -0.22217E-06    0.84012E-06    0.42898E-02   -0.45645E-01    0.34943E-03    0.84715E-02   -0.16833E-01   -0.82783E-01    0.22949E-02   -0.12150E-01    0.79747E-02    0.74359E-02   -0.23048E-03   -0.32250E-04   -0.19898E-03    0.20458E-04   -0.16429E-04    0.22739E-04   -0.16810E-04   -0.57663E-04    0.26578E-04    0.93238E-04
   -0.82769E-06    0.28273E-05   -0.19519E-05   -0.94219E-06    0.68651E-05   -0.20675E-04   -0.33045E-05   -0.39829E+00   -0.63297E-01   -0.76594E-01    0.46433E-01    0.76978E-01    0.65342E-01    0.15403E-02    0.12910E-02    0.58033E-03   -0.99683E-07   -0.88964E-06    0.84521E-02   -0.26032E-01    0.19939E-02    0.11888E-01   -0.63083E-01   -0.98092E-01    0.98581E-02   -0.84436E-01    0.74359E-02    0.13689E-01    0.46852E-03    0.17743E-03    0.23469E-04    0.37593E-04   -0.80383E-04    0.44339E-04   -0.62048E-04    0.70191E-04    0.78932E-04   -0.92606E-04
   -0.81720E-07   -0.20615E-06    0.38924E-07   -0.15427E-05    0.58313E-06   -0.21938E-05   -0.38284E-05   -0.79814E-01   -0.29458E-01   -0.21748E-02   -0.52545E-02   -0.96654E-02   -0.22973E-02    0.41154E-03   -0.40983E-03    0.31107E-03    0.54423E-07   -0.13512E-05    0.11930E-02    0.19399E-01    0.22556E-03   -0.44838E-02   -0.14342E-01   -0.45149E-02    0.35049E-03   -0.27225E-01   -0.23048E-03    0.46852E-03    0.54704E-03    0.95397E-04    0.10064E-03    0.45516E-05   -0.23527E-04    0.63543E-05   -0.18069E-04    0.47898E-04    0.18203E-04   -0.79913E-04
   -0.10790E-05    0.60871E-05   -0.21586E-05    0.75399E-05    0.96702E-05   -0.15321E-04    0.26728E-04   -0.41551E-01    0.14455E-01    0.24734E-01   -0.23409E-02   -0.10980E-01   -0.21494E-02    0.12810E-04   -0.34618E-04   -0.11375E-03    0.35520E-06    0.49644E-06    0.23427E-03    0.55034E-05   -0.47045E-03   -0.27272E-02    0.57405E-02    0.16722E-04    0.80081E-03   -0.11883E-01   -0.32250E-04    0.17743E-03    0.95397E-04    0.35774E-01    0.49902E-03    0.12599E-03    0.85380E-04   -0.28968E-04   -0.22374E-04   -0.53745E-04   -0.11534E-04   -0.12513E-03
   -0.11710E-05    0.13275E-04   -0.35974E-06   -0.82738E-05    0.12667E-04   -0.29018E-04    0.18804E-04   -0.16456E-01    0.35873E-01    0.49669E-01   -0.17271E-02   -0.35133E-02    0.36807E-02    0.32227E-03   -0.11884E-03    0.28870E-04    0.25388E-06    0.18796E-05   -0.62138E-03   -0.11609E-01    0.22784E-04   -0.32029E-02    0.67446E-02    0.25801E-02    0.11658E-02   -0.19243E-01   -0.19898E-03    0.23469E-04    0.10064E-03    0.49902E-03    0.39232E-01   -0.44373E-04   -0.25508E-04    0.15545E-03    0.69651E-04   -0.52383E-04   -0.17847E-04   -0.10244E-03
    0.41770E-06   -0.18499E-05    0.28403E-06    0.75908E-05   -0.21264E-05    0.95950E-05    0.12736E-04   -0.24440E-01   -0.12575E-01   -0.76441E-02    0.12288E-03   -0.20782E-03    0.50393E-03   -0.26897E-04    0.45943E-05    0.98099E-05   -0.19128E-08    0.52260E-06    0.35906E-04    0.47741E-03    0.19144E-03    0.61021E-03    0.14548E-02   -0.46538E-03    0.19000E-03    0.17658E-02    0.20458E-04    0.37593E-04    0.45516E-05    0.12599E-03   -0.44373E-04    0.52445E-04    0.81455E-05    0.11098E-04    0.75927E-05    0.11533E-04    0.99992E-05    0.93412E-05
    0.47179E-06   -0.20520E-05    0.30958E-06    0.87894E-05   -0.22934E-05    0.94236E-05    0.13567E-04    0.15736E-01   -0.85530E-02   -0.28450E-01    0.21222E-03    0.54084E-02   -0.31083E-02   -0.11233E-04    0.27858E-04   -0.14797E-05   -0.57378E-07    0.82904E-06    0.28547E-03    0.33071E-02    0.42236E-04    0.24031E-04    0.22196E-01    0.14466E-02   -0.38591E-04    0.30384E-02   -0.16429E-04   -0.80383E-04   -0.23527E-04    0.85380E-04   -0.25508E-04    0.81455E-05    0.17776E-03    0.91704E-05    0.65520E-04    0.16359E-05    0.10700E-04    0.29229E-04
    0.44498E-06   -0.18671E-05    0.28990E-06    0.84527E-05   -0.22354E-05    0.98544E-05    0.14521E-04   -0.21469E-01   -0.13241E-01   -0.71660E-02    0.15058E-03   -0.66617E-03    0.58261E-03   -0.35883E-04    0.49986E-05    0.45245E-05    0.49912E-08    0.56845E-06    0.29167E-04    0.44393E-03    0.20934E-03    0.73936E-03    0.17541E-02   -0.50832E-03    0.16895E-03    0.17669E-02    0.22739E-04    0.44339E-04    0.63543E-05   -0.28968E-04    0.15545E-03    0.11098E-04    0.91704E-05    0.52220E-04    0.89039E-05    0.12201E-04    0.10969E-04    0.73316E-05
    0.44964E-06   -0.21531E-05    0.29617E-06    0.80240E-05   -0.22217E-05    0.89444E-05    0.11939E-04    0.12612E-01   -0.76826E-02   -0.32182E-01    0.22051E-03    0.84679E-02   -0.29067E-02    0.28333E-04    0.26836E-04    0.44032E-04   -0.36736E-07    0.91777E-06    0.25847E-03    0.30647E-02    0.58519E-04   -0.13102E-05    0.13702E-01    0.13992E-02   -0.10109E-03    0.14068E-02   -0.16810E-04   -0.62048E-04   -0.18069E-04   -0.22374E-04    0.69651E-04    0.75927E-05    0.65520E-04    0.89039E-05    0.10624E-03    0.26044E-05    0.86658E-05    0.29865E-04
    0.82275E-06   -0.41595E-05    0.56765E-06    0.16513E-04   -0.47237E-05    0.18386E-04    0.25769E-04   -0.61897E-01   -0.28091E-01   -0.80440E-02   -0.49120E-03    0.41425E-03    0.39686E-02   -0.82558E-07    0.54431E-04    0.82366E-04   -0.91960E-11    0.42571E-06   -0.26066E-03   -0.78608E-03    0.22560E-03   -0.53703E-03   -0.54845E-03    0.31676E-03    0.37058E-03   -0.66952E-03   -0.57663E-04    0.70191E-04    0.47898E-04   -0.53745E-04   -0.52383E-04    0.11533E-04    0.16359E-05    0.12201E-04    0.26044E-05    0.38028E-03    0.30230E-04    0.37592E-05
    0.79803E-06   -0.37998E-05    0.60703E-06    0.15800E-04   -0.42726E-05    0.16432E-04    0.24303E-04   -0.32667E-01   -0.19968E-01   -0.11586E-01    0.52549E-03   -0.17279E-02    0.44859E-03   -0.55080E-04    0.82624E-06   -0.16212E-04    0.39182E-07    0.57931E-06    0.20884E-03    0.14272E-02    0.89678E-04    0.63380E-04    0.27366E-02    0.14524E-03    0.26968E-03    0.44545E-02    0.26578E-04    0.78932E-04    0.18203E-04   -0.11534E-04   -0.17847E-04    0.99992E-05    0.10700E-04    0.10969E-04    0.86658E-05    0.30230E-04    0.91771E-04    0.27945E-04
    0.64272E-06   -0.33410E-05    0.52884E-06    0.93291E-05   -0.35922E-05    0.12459E-04    0.11524E-04    0.18245E-01   -0.90373E-02   -0.56186E-01    0.16694E-02    0.19390E-01   -0.27130E-02    0.15477E-03    0.49975E-04    0.13870E-03   -0.66073E-07    0.11769E-05    0.57868E-03    0.32643E-02    0.58913E-04    0.13737E-02   -0.76310E-02    0.15563E-02   -0.34999E-04    0.29335E-01    0.93238E-04   -0.92606E-04   -0.79913E-04   -0.12513E-03   -0.10244E-03    0.93412E-05    0.29229E-04    0.73316E-05    0.29865E-04    0.37592E-05    0.27945E-04    0.52435E-03
