# omegabh2 omegach2 theta tau ns logA r asz
    0.29454E-06   -0.58520E-06    0.64440E-06    0.17262E-05    0.71862E-05    0.46484E-05    0.24095E-04    0.37289E-05
   -0.58520E-06    0.14999E-04    0.44982E-06   -0.78250E-05   -0.29056E-04    0.31526E-04   -0.15331E-03   -0.11545E-03
    0.64440E-06    0.44982E-06    0.46196E-05    0.32774E-05    0.14756E-04    0.17464E-04    0.28773E-04   -0.22714E-04
    0.17262E-05   -0.78250E-05    0.32774E-05    0.19543E-03    0.57116E-04    0.38588E-03   -0.16731E-04   -0.35067E-04
    0.71862E-05   -0.29056E-04    0.14756E-04    0.57116E-04    0.24059E-03    0.11585E-03    0.92687E-03   -0.51887E-03
    0.46484E-05    0.31526E-04    0.17464E-04    0.38588E-03    0.11585E-03    0.97618E-03   -0.25096E-03   -0.13255E-02
    0.24095E-04   -0.15331E-03    0.28773E-04   -0.16731E-04    0.92687E-03   -0.25096E-03    0.84256E-02   -0.29600E-04
    0.37289E-05   -0.11545E-03   -0.22714E-04   -0.35067E-04   -0.51887E-03   -0.13255E-02   -0.29600E-04    0.32436E+00
