# omegabh2 omegach2 theta mnu logA ns
    0.3932308E-05    0.5700547E-05   -0.5453055E-05    0.3869226E-04   -0.2419148E-04   -0.3528024E-06
    0.5700547E-05    0.1299678E-02    0.1843997E-02    0.4114119E-01   -0.4846534E-02   -0.3429142E-04
   -0.5453055E-05    0.1843997E-02    0.4770025E-02    0.5984850E-01   -0.2745717E-02   -0.2625391E-04
    0.3869226E-04    0.4114119E-01    0.5984850E-01    0.1498810E+01   -0.1429978E+00   -0.4864564E-03
   -0.2419148E-04   -0.4846534E-02   -0.2745717E-02   -0.1429978E+00    0.2804844E-01    0.2776135E-03
   -0.3528024E-06   -0.3429142E-04   -0.2625391E-04   -0.4864564E-03    0.2776135E-03    0.9875658E-04
