# omegabh2 omegach2 theta tau ns logA asz
    0.25386E-06   -0.65936E-06    0.70862E-06    0.22149E-05    0.54703E-05    0.46681E-05    0.85358E-05
   -0.65936E-06    0.20544E-04   -0.10952E-05   -0.15670E-04   -0.27408E-04    0.35819E-04   -0.22266E-03
    0.70862E-06   -0.10952E-05    0.51587E-05    0.53705E-05    0.15742E-04    0.16206E-04   -0.46215E-04
    0.22149E-05   -0.15670E-04    0.53705E-05    0.19634E-03    0.73137E-04    0.36380E-03   -0.58286E-04
    0.54703E-05   -0.27408E-04    0.15742E-04    0.73137E-04    0.16742E-03    0.12524E-03   -0.38076E-03
    0.46681E-05    0.35819E-04    0.16206E-04    0.36380E-03    0.12524E-03    0.94485E-03   -0.17250E-02
    0.85358E-05   -0.22266E-03   -0.46215E-04   -0.58286E-04   -0.38076E-03   -0.17250E-02    0.33108E+00
