# omegabh2 omegach2 theta tau meffsterile nnu logA ns calPlanck acib217 xi asz143 aps100 aps143 aps143217 aps217 aksz kgal100 kgal143 kgal143217 kgal217 cal0 cal2
    0.7739016E-07   -0.1043150E-06    0.4403222E-07    0.2831328E-05   -0.1288494E-04    0.1947866E-04    0.5517030E-05    0.2027816E-05    0.2977738E-07   -0.1639297E-03    0.2084938E-05    0.5308336E-04   -0.6865415E-03   -0.4893048E-03   -0.1609072E-03   -0.1453625E-04   -0.7906973E-04   -0.3296676E-05   -0.2703459E-06   -0.2133925E-04    0.1390558E-04    0.5002595E-08   -0.1679034E-07
   -0.1043150E-06    0.9825830E-05   -0.8124438E-06   -0.1135869E-04   -0.1223367E-03    0.2975465E-03   -0.3212473E-05    0.2542272E-05   -0.7029355E-07    0.2487488E-02   -0.3530234E-04   -0.5669656E-03    0.9696128E-02    0.4999808E-02    0.1063357E-02   -0.9217430E-03    0.1023653E-02    0.1599696E-03    0.3652835E-04    0.1646099E-03   -0.5107697E-03   -0.2453211E-07    0.1976449E-06
    0.4403222E-07   -0.8124438E-06    0.2548470E-06    0.2087066E-05   -0.1438620E-04   -0.2046688E-04    0.2677841E-05    0.8712262E-06    0.2711466E-07   -0.2540328E-03    0.3622846E-05    0.6133021E-04   -0.1082516E-02   -0.6043344E-03   -0.1813760E-03    0.2290856E-04   -0.1104947E-03   -0.1367451E-04   -0.2630819E-05   -0.4065461E-04    0.2407244E-04    0.3232549E-08   -0.2653594E-07
    0.2831328E-05   -0.1135869E-04    0.2087066E-05    0.4606248E-03   -0.4272306E-03    0.8508667E-03    0.8844392E-03    0.1201056E-03   -0.5670958E-07   -0.1480016E-01    0.2383773E-03    0.3759985E-02   -0.5845434E-01   -0.2693399E-01   -0.1990820E-02    0.9442602E-02   -0.7218413E-02   -0.2624572E-03   -0.2893670E-03   -0.1436786E-02    0.1829900E-02    0.2528812E-06   -0.1664810E-05
   -0.1288494E-04   -0.1223367E-03   -0.1438620E-04   -0.4272306E-03    0.6832681E-01   -0.3919613E-02   -0.7868972E-03   -0.1531836E-02   -0.7711493E-05    0.6500321E-01   -0.1330252E-02   -0.1761474E-01    0.3899790E+00    0.3005235E+00    0.1731047E+00    0.1171102E+00    0.2388375E-01    0.4707940E-02    0.7997225E-02    0.2265273E-01    0.1035755E-01   -0.4476345E-05    0.7261587E-05
    0.1947866E-04    0.2975465E-03   -0.2046688E-04    0.8508667E-03   -0.3919613E-02    0.2460452E-01    0.2293870E-02    0.1160666E-02    0.6963672E-05    0.1173993E+00   -0.1619163E-02   -0.2050004E-01    0.4364697E+00    0.1905503E+00    0.2792947E-01   -0.6596606E-01    0.4472383E-01    0.5664209E-02    0.2481116E-02    0.1077076E-01   -0.2521471E-01   -0.4575252E-06    0.9315296E-05
    0.5517030E-05   -0.3212473E-05    0.2677841E-05    0.8844392E-03   -0.7868972E-03    0.2293870E-02    0.1766917E-02    0.2337899E-03    0.1209643E-04   -0.2410197E-01    0.4315315E-03    0.6482221E-02   -0.9067114E-01   -0.3979871E-01    0.2826421E-02    0.2373569E-01   -0.1338244E-01   -0.5418332E-03   -0.1078117E-02   -0.2826532E-02    0.4042277E-02    0.6806021E-06   -0.3019642E-05
    0.2027816E-05    0.2542272E-05    0.8712262E-06    0.1201056E-03   -0.1531836E-02    0.1160666E-02    0.2337899E-03    0.1244921E-03    0.1030180E-05   -0.3980989E-02    0.8863610E-04    0.1618782E-02   -0.2657700E-01   -0.1055302E-01   -0.5726879E-03    0.2199878E-02   -0.2879415E-02    0.3022308E-03   -0.1627298E-03   -0.4226755E-03    0.1118460E-03   -0.6622980E-07   -0.4346790E-06
    0.2977738E-07   -0.7029355E-07    0.2711466E-07   -0.5670958E-07   -0.7711493E-05    0.6963672E-05    0.1209643E-04    0.1030180E-05    0.6255671E-05    0.9198307E-03   -0.6032860E-05    0.1044521E-03    0.2667396E-02    0.7226841E-03    0.6833079E-03    0.1194912E-02   -0.1450586E-03   -0.1555014E-04   -0.4897847E-04    0.4936475E-04    0.6508092E-03   -0.1218501E-08   -0.1950804E-07
   -0.1639297E-03    0.2487488E-02   -0.2540328E-03   -0.1480016E-01    0.6500321E-01    0.1173993E+00   -0.2410197E-01   -0.3980989E-02    0.9198307E-03    0.4951350E+02   -0.4544964E+00   -0.1553717E+01    0.4537447E+02    0.3428034E+01   -0.1906304E+02   -0.6548631E+02    0.6508006E+00   -0.2920364E+00    0.2936331E+00   -0.2557075E+01   -0.2479091E+02   -0.1593475E-03    0.4497132E-02
    0.2084938E-05   -0.3530234E-04    0.3622846E-05    0.2383773E-03   -0.1330252E-02   -0.1619163E-02    0.4315315E-03    0.8863610E-04   -0.6032860E-05   -0.4544964E+00    0.8033819E-01   -0.8767961E-01   -0.2168136E+00    0.8243114E+00    0.1510229E+01    0.6329147E+00    0.8295831E-01   -0.1641969E-02    0.2064495E-02    0.4965051E-01    0.6686005E-01    0.8640701E-05   -0.1856265E-04
    0.5308336E-04   -0.5669656E-03    0.6133021E-04    0.3759985E-02   -0.1761474E-01   -0.2050004E-01    0.6482221E-02    0.1618782E-02    0.1044521E-03   -0.1553717E+01   -0.8767961E-01    0.3930107E+01   -0.3064125E+02   -0.4019883E+01    0.7991429E+01    0.6969978E+01   -0.3237468E+01   -0.1506092E+00    0.1288137E+00    0.2545468E+01    0.2093797E+01    0.1898893E-03   -0.3785618E-03
   -0.6865415E-03    0.9696128E-02   -0.1082516E-02   -0.5845434E-01    0.3899790E+00    0.4364697E+00   -0.9067114E-01   -0.2657700E-01    0.2667396E-02    0.4537447E+02   -0.2168136E+00   -0.3064125E+02    0.7409274E+03    0.7991385E+02   -0.5340634E+02   -0.7221237E+02    0.1795230E+02   -0.1023685E+01   -0.1805529E-01   -0.1275899E+02   -0.2047733E+02    0.4657070E-02    0.4517733E-02
   -0.4893048E-03    0.4999808E-02   -0.6043344E-03   -0.2693399E-01    0.3005235E+00    0.1905503E+00   -0.3979871E-01   -0.1055302E-01    0.7226841E-03    0.3428034E+01    0.8243114E+00   -0.4019883E+01    0.7991385E+02    0.6239531E+02    0.4059789E+02    0.1720007E+02   -0.3926410E+01   -0.3249664E+00   -0.9184319E+00    0.3872618E+01    0.3378279E+01    0.1648434E-03    0.3162744E-03
   -0.1609072E-03    0.1063357E-02   -0.1813760E-03   -0.1990820E-02    0.1731047E+00    0.2792947E-01    0.2826421E-02   -0.5726879E-03    0.6833079E-03   -0.1906304E+02    0.1510229E+01    0.7991429E+01   -0.5340634E+02    0.4059789E+02    0.8810808E+02    0.6587688E+02   -0.1331808E+02   -0.4810427E+00   -0.1771862E+00    0.4529049E+01    0.5648561E+01    0.7743372E-03   -0.2574486E-02
   -0.1453625E-04   -0.9217430E-03    0.2290856E-04    0.9442602E-02    0.1171102E+00   -0.6596606E-01    0.2373569E-01    0.2199878E-02    0.1194912E-02   -0.6548631E+02    0.6329147E+00    0.6969978E+01   -0.7221237E+02    0.1720007E+02    0.6587688E+02    0.1266745E+03   -0.1176878E+02   -0.8474658E-01   -0.3787143E+00    0.6532390E+00    0.2146606E+02    0.5894156E-03   -0.7783071E-02
   -0.7906973E-04    0.1023653E-02   -0.1104947E-03   -0.7218413E-02    0.2388375E-01    0.4472383E-01   -0.1338244E-01   -0.2879415E-02   -0.1450586E-03    0.6508006E+00    0.8295831E-01   -0.3237468E+01    0.1795230E+02   -0.3926410E+01   -0.1331808E+02   -0.1176878E+02    0.7301050E+01    0.1260514E+00   -0.1683631E+00   -0.2282899E+01   -0.1735676E+01   -0.1414973E-03    0.2546460E-03
   -0.3296676E-05    0.1599696E-03   -0.1367451E-04   -0.2624572E-03    0.4707940E-02    0.5664209E-02   -0.5418332E-03    0.3022308E-03   -0.1555014E-04   -0.2920364E+00   -0.1641969E-02   -0.1506092E+00   -0.1023685E+01   -0.3249664E+00   -0.4810427E+00   -0.8474658E-01    0.1260514E+00    0.3169212E+01    0.6902235E+00    0.3769163E+00    0.7714221E+00    0.4138042E-03    0.4903130E-05
   -0.2703459E-06    0.3652835E-04   -0.2630819E-05   -0.2893670E-03    0.7997225E-02    0.2481116E-02   -0.1078117E-02   -0.1627298E-03   -0.4897847E-04    0.2936331E+00    0.2064495E-02    0.1288137E+00   -0.1805529E-01   -0.9184319E+00   -0.1771862E+00   -0.3787143E+00   -0.1683631E+00    0.6902235E+00    0.3130533E+01    0.2443801E+01    0.1397130E+01   -0.4092668E-03   -0.2130745E-03
   -0.2133925E-04    0.1646099E-03   -0.4065461E-04   -0.1436786E-02    0.2265273E-01    0.1077076E-01   -0.2826532E-02   -0.4226755E-03    0.4936475E-04   -0.2557075E+01    0.4965051E-01    0.2545468E+01   -0.1275899E+02    0.3872618E+01    0.4529049E+01    0.6532390E+00   -0.2282899E+01    0.3769163E+00    0.2443801E+01    0.1792400E+02    0.2733227E+02   -0.8888500E-04    0.2502158E-02
    0.1390558E-04   -0.5107697E-03    0.2407244E-04    0.1829900E-02    0.1035755E-01   -0.2521471E-01    0.4042277E-02    0.1118460E-03    0.6508092E-03   -0.2479091E+02    0.6686005E-01    0.2093797E+01   -0.2047733E+02    0.3378279E+01    0.5648561E+01    0.2146606E+02   -0.1735676E+01    0.7714221E+00    0.1397130E+01    0.2733227E+02    0.6229362E+02   -0.5461423E-04    0.4442993E-02
    0.5002595E-08   -0.2453211E-07    0.3232549E-08    0.2528812E-06   -0.4476345E-05   -0.4575252E-06    0.6806021E-06   -0.6622980E-07   -0.1218501E-08   -0.1593475E-03    0.8640701E-05    0.1898893E-03    0.4657070E-02    0.1648434E-03    0.7743372E-03    0.5894156E-03   -0.1414973E-03    0.4138042E-03   -0.4092668E-03   -0.8888500E-04   -0.5461423E-04    0.5448533E-06    0.1027058E-07
   -0.1679034E-07    0.1976449E-06   -0.2653594E-07   -0.1664810E-05    0.7261587E-05    0.9315296E-05   -0.3019642E-05   -0.4346790E-06   -0.1950804E-07    0.4497132E-02   -0.1856265E-04   -0.3785618E-03    0.4517733E-02    0.3162744E-03   -0.2574486E-02   -0.7783071E-02    0.2546460E-03    0.4903130E-05   -0.2130745E-03    0.2502158E-02    0.4442993E-02    0.1027058E-07    0.2082355E-05
