# omegabh2 omegach2 theta tau w ns logA aps100 aps143 aps217 acib143 acib217 asz143 psr cibr ncib cal0 cal2 xi aksz bm_1_1 bm_1_2 bm_1_3 bm_1_4 bm_1_5 bm_2_1 bm_2_2 bm_2_3 bm_2_4 bm_2_5 bm_3_1 bm_3_2 bm_3_3 bm_3_4 bm_3_5 bm_4_1 bm_4_2 bm_4_3 bm_4_4 bm_4_5 a_ps_act_148 a_ps_act_217 a_ps_spt_95 a_ps_spt_150 a_ps_spt_220 r_ps_spt_95x150 r_ps_spt_95x220 r_ps_150x220 act_dust_s act_dust_e cal_acts_148 cal_acts_217 cal_acte_148 cal_acte_217 cal_spt_95 cal_spt_150 cal_spt_220
    0.69443E-07   -0.35162E-06    0.69064E-07    0.86623E-06    0.82804E-05    0.10042E-05    0.10290E-05   -0.68459E-03   -0.73212E-03   -0.65724E-03    0.53036E-05    0.56266E-04    0.18295E-04   -0.87145E-06   -0.70784E-06    0.10226E-05    0.81981E-09   -0.31477E-08   -0.45530E-05   -0.48190E-04   -0.20040E-04   -0.13759E-04    0.14228E-05   -0.18217E-05   -0.74205E-05   -0.34761E-05   -0.96865E-05    0.14851E-04   -0.14324E-04   -0.20828E-05    0.14547E-05   -0.67342E-05    0.88683E-05   -0.37308E-05    0.62149E-06   -0.33629E-05    0.39255E-05   -0.47597E-05   -0.19417E-04   -0.52263E-05    0.11104E-04    0.79489E-04    0.87042E-05    0.18858E-04    0.93472E-04    0.72352E-07   -0.10027E-05   -0.70096E-07   -0.17734E-05    0.21604E-05    0.37770E-06    0.40927E-06    0.44401E-06    0.45594E-06    0.69463E-06    0.78684E-06    0.68401E-06
   -0.35162E-06    0.69092E-05   -0.67586E-06   -0.11108E-04   -0.12769E-03   -0.15736E-04   -0.53785E-05    0.29668E-02    0.27622E-02    0.33112E-02   -0.29759E-04   -0.24717E-03   -0.27991E-04    0.15105E-06    0.32270E-05   -0.27628E-05    0.86364E-08    0.48919E-07    0.28055E-05    0.11226E-04    0.17386E-03   -0.99586E-05    0.18312E-04   -0.42915E-05    0.13110E-03    0.96614E-04    0.80414E-04   -0.22620E-05    0.50233E-04    0.75637E-04   -0.10867E-05    0.36290E-04    0.68200E-05   -0.32322E-04   -0.31019E-04    0.66140E-04    0.10506E-04    0.92832E-04    0.81086E-04    0.11405E-03   -0.76790E-04   -0.50730E-03   -0.64841E-04   -0.89080E-04    0.60247E-04   -0.76923E-06   -0.21594E-05    0.26046E-06    0.78748E-05   -0.11041E-04   -0.22661E-05   -0.29284E-05   -0.19677E-05   -0.25546E-05   -0.10042E-05   -0.32805E-05   -0.13426E-05
    0.69064E-07   -0.67586E-06    0.39640E-06    0.13601E-05    0.16987E-04    0.21037E-05    0.14542E-05   -0.18662E-03   -0.37249E-03   -0.47917E-03    0.13609E-04    0.90428E-04    0.12560E-04   -0.52683E-06   -0.46228E-06    0.98730E-06    0.56345E-08    0.28383E-07   -0.56870E-05   -0.48772E-04   -0.27677E-05    0.16643E-05    0.10348E-04   -0.98508E-05   -0.18869E-05    0.58218E-05    0.17701E-04    0.15652E-04   -0.11739E-04    0.55473E-05   -0.27731E-04   -0.20666E-05   -0.70297E-05    0.14301E-04    0.15827E-04   -0.17675E-04    0.72506E-05    0.16880E-04   -0.18138E-04    0.13432E-05    0.90639E-05   -0.64147E-04    0.83623E-05    0.45685E-05    0.11656E-03    0.72527E-06   -0.12131E-05   -0.70904E-06   -0.21330E-06   -0.27326E-05    0.29227E-06   -0.10555E-06    0.38512E-06    0.89347E-07    0.23086E-06    0.44594E-06    0.99986E-06
    0.86623E-06   -0.11108E-04    0.13601E-05    0.16547E-03    0.22769E-03    0.34633E-04    0.30248E-03   -0.30688E-01   -0.15242E-01   -0.17449E-01    0.12627E-03    0.26067E-02   -0.17084E-03   -0.11535E-04   -0.22851E-04    0.42768E-04   -0.53474E-07   -0.11161E-06   -0.52506E-04   -0.93956E-03   -0.60480E-03    0.12303E-03   -0.32195E-04    0.39189E-04   -0.89946E-04   -0.55873E-04    0.49895E-03    0.25602E-03    0.65708E-03   -0.14007E-03    0.48624E-03   -0.28391E-03    0.58950E-04    0.49020E-03    0.14651E-03    0.86950E-04    0.47482E-03    0.51678E-03    0.24071E-03    0.20914E-03    0.41043E-03    0.74095E-03    0.54601E-03    0.54529E-03    0.20468E-02    0.11670E-04   -0.55320E-05   -0.55088E-05   -0.24251E-04    0.52345E-04    0.69798E-05    0.73972E-05    0.96067E-05    0.10572E-04    0.14434E-04    0.16916E-04    0.16063E-04
    0.82804E-05   -0.12769E-03    0.16987E-04    0.22769E-03    0.90494E-02    0.29951E-03    0.15219E-03   -0.14183E-01   -0.54560E-01   -0.80466E-01    0.18330E-02    0.10375E-01    0.24955E-02    0.67629E-06    0.31164E-04    0.83368E-04   -0.76234E-07    0.12803E-05   -0.25025E-03   -0.37097E-02   -0.25141E-02    0.78215E-03    0.37011E-03    0.13243E-02   -0.37226E-02   -0.10194E-02   -0.10517E-02    0.89486E-03    0.48282E-03   -0.15245E-03   -0.26142E-02    0.40990E-04    0.20591E-02    0.16165E-02   -0.13478E-03   -0.26228E-02    0.27955E-03   -0.46463E-03   -0.17099E-02    0.34972E-03    0.11523E-02    0.95050E-02    0.12875E-02    0.19566E-02    0.32092E-02    0.10319E-03    0.59915E-04   -0.63983E-04   -0.14113E-03   -0.52967E-04    0.36589E-04    0.72581E-04    0.30286E-04    0.39680E-04    0.21280E-04    0.73725E-04    0.83591E-04
    0.10042E-05   -0.15736E-04    0.21037E-05    0.34633E-04    0.29951E-03    0.52288E-04    0.28295E-04   -0.36863E-01   -0.21239E-01   -0.17895E-01    0.87270E-04    0.21721E-02    0.50231E-03   -0.19302E-04   -0.16191E-04    0.36374E-04   -0.62929E-07    0.22881E-06   -0.11850E-03   -0.12316E-02   -0.58641E-03   -0.19412E-03   -0.29747E-04   -0.11200E-03   -0.28558E-03    0.70766E-04   -0.13831E-03    0.15393E-04   -0.53688E-04   -0.24484E-03    0.60951E-04   -0.16553E-03    0.54187E-04    0.75166E-04    0.17739E-03    0.71728E-04    0.13544E-03   -0.20050E-03   -0.14424E-03   -0.19128E-03    0.30592E-03    0.19059E-02    0.46885E-03    0.35338E-03    0.84457E-03   -0.88952E-05   -0.19021E-04   -0.33596E-05   -0.21199E-04    0.13059E-04    0.11064E-04    0.13896E-04    0.11273E-04    0.11037E-04    0.13154E-04    0.13722E-04    0.10577E-04
    0.10290E-05   -0.53785E-05    0.14542E-05    0.30248E-03    0.15219E-03    0.28295E-04    0.59475E-03   -0.67336E-01   -0.26678E-01   -0.27796E-01    0.15997E-03    0.49518E-02   -0.17982E-03   -0.31579E-04   -0.39028E-04    0.91668E-04   -0.27574E-07    0.25537E-06   -0.16737E-03   -0.24114E-02   -0.35000E-03    0.29091E-03   -0.25618E-04    0.74892E-04    0.91171E-04    0.50708E-03    0.13461E-02    0.51946E-03    0.13482E-02   -0.21191E-03    0.88869E-03   -0.48816E-03    0.87324E-04    0.72845E-03    0.26305E-03    0.53473E-03    0.11461E-02    0.13542E-02    0.71398E-03    0.66669E-03    0.65065E-03    0.12538E-04    0.10654E-02    0.85779E-03    0.41872E-02    0.12702E-04   -0.30810E-04   -0.12059E-04   -0.20882E-04    0.91218E-04    0.93974E-05    0.69981E-05    0.15775E-04    0.14489E-04    0.27411E-04    0.27664E-04    0.30327E-04
   -0.68459E-03    0.29668E-02   -0.18662E-03   -0.30688E-01   -0.14183E-01   -0.36863E-01   -0.67336E-01    0.15984E+04    0.81280E+02    0.33389E+02    0.58494E+00   -0.62232E+01   -0.10637E+02   -0.49274E-01   -0.11139E+00   -0.21526E+00    0.12469E-02   -0.19448E-02    0.10428E+01    0.84219E+01    0.15328E+02   -0.86537E+01   -0.38013E-01    0.16212E+01   -0.91428E-01   -0.18534E+01   -0.45864E+01   -0.77531E+00   -0.49893E+00    0.83639E+00    0.11003E+01    0.20231E+01   -0.11106E+01    0.28581E+00   -0.33042E+01    0.23836E+00   -0.23862E+01   -0.23514E+01   -0.11879E+01    0.24023E+01   -0.18702E+00    0.60702E+01    0.37676E+01    0.12170E+00    0.46807E+01   -0.26585E-01   -0.22996E+00   -0.53833E-01    0.14747E+00    0.12676E+00   -0.18556E-01    0.24884E-01   -0.28804E-01    0.76422E-02   -0.58498E-01   -0.27661E-01   -0.18529E-01
   -0.73212E-03    0.27622E-02   -0.37249E-03   -0.15242E-01   -0.54560E-01   -0.21239E-01   -0.26678E-01    0.81280E+02    0.64275E+02    0.20602E+02    0.37043E-01   -0.76993E+00   -0.16321E+01    0.26512E-01    0.25010E-01   -0.34744E-01    0.30139E-05   -0.71926E-03    0.15980E+00    0.17762E+00   -0.16303E-01   -0.48401E-01   -0.11734E+00    0.17980E+00    0.20287E+00    0.37647E+00   -0.30336E-01   -0.17712E+00   -0.10855E-01    0.89890E-01   -0.25118E+00    0.33988E+00   -0.24210E+00    0.96850E-01   -0.10922E+00    0.18682E+00   -0.81567E-01   -0.19939E+00    0.12338E-01    0.17610E+00    0.21274E+00   -0.18399E+01    0.10830E+01   -0.25877E+00   -0.13790E+01   -0.98642E-02   -0.56665E-01   -0.29795E-01    0.41730E-01    0.19876E-01   -0.11934E-01   -0.13776E-01   -0.15085E-01   -0.87467E-02   -0.25150E-01   -0.18180E-01   -0.13825E-01
   -0.65724E-03    0.33112E-02   -0.47917E-03   -0.17449E-01   -0.80466E-01   -0.17895E-01   -0.27796E-01    0.33389E+02    0.20602E+02    0.94579E+02   -0.69827E+00   -0.32283E+02    0.61724E+00   -0.34291E+00   -0.48762E-01   -0.44461E+00   -0.51057E-05   -0.15944E-03   -0.44080E-01   -0.43951E+00    0.16932E+00    0.15258E+00   -0.44561E+00    0.54364E-01    0.36275E-02    0.28882E-01    0.34885E+00   -0.40203E-01    0.75020E-01    0.13692E+00    0.39266E+00    0.32253E+00   -0.61649E+00    0.28518E+00   -0.13744E+00    0.24545E+00    0.20523E+00    0.25806E+00    0.21244E+00   -0.31715E+00    0.20974E+00    0.16108E+02   -0.55982E+00    0.41235E+00    0.88786E+01   -0.29550E-01   -0.78723E-01   -0.76111E-02    0.24827E-01    0.39070E-01   -0.86902E-02   -0.36067E-01   -0.60520E-02   -0.33858E-01   -0.12944E-01   -0.11342E-01   -0.55422E-01
    0.53036E-05   -0.29759E-04    0.13609E-04    0.12627E-03    0.18330E-02    0.87270E-04    0.15997E-03    0.58494E+00    0.37043E-01   -0.69827E+00    0.65940E+00    0.10162E+01    0.55318E+00    0.53142E-03   -0.23891E-02   -0.50722E-02    0.28500E-05    0.87783E-04    0.17317E-02   -0.91878E+00    0.30194E-01   -0.12619E-01    0.15426E-01   -0.13791E-01   -0.73741E-02    0.93364E-02   -0.15477E-01   -0.23859E-02   -0.78201E-02    0.14873E-02    0.25041E-01    0.49980E-02   -0.32189E-01   -0.15653E-01    0.10357E-01    0.24949E-01    0.36452E-02   -0.83036E-02    0.43902E-02    0.86106E-02    0.64572E-01    0.75838E-01   -0.22130E+00   -0.73503E-02    0.14151E-01    0.49635E-01    0.49070E-01   -0.41141E-02   -0.56845E-03    0.55170E-05    0.58620E-04    0.82672E-03    0.22308E-03    0.70717E-03   -0.69549E-03    0.79278E-03    0.19033E-02
    0.56266E-04   -0.24717E-03    0.90428E-04    0.26067E-02    0.10375E-01    0.21721E-02    0.49518E-02   -0.62232E+01   -0.76993E+00   -0.32283E+02    0.10162E+01    0.19632E+02    0.18010E+01    0.20023E+00    0.30239E-01    0.26768E+00    0.43262E-04    0.13281E-03   -0.32751E+00   -0.38275E+01    0.28835E+00   -0.16416E+00    0.28813E+00   -0.42158E-01    0.11909E+00    0.14356E+00   -0.68625E-01   -0.70722E-01    0.11777E+00   -0.11728E+00   -0.27069E+00   -0.18740E+00    0.16132E+00   -0.29418E+00   -0.81715E-01   -0.54190E-01   -0.10240E+00    0.13422E-01    0.49722E-01    0.36978E+00   -0.30742E+00   -0.10504E+02   -0.10091E+00   -0.61559E+00   -0.73030E+01    0.48103E-01    0.59454E-01   -0.84663E-02   -0.22021E-01   -0.61363E-02   -0.28962E-03    0.83568E-02   -0.17075E-02    0.92065E-02    0.16862E-02   -0.12624E-02    0.17628E-01
    0.18295E-04   -0.27991E-04    0.12560E-04   -0.17084E-03    0.24955E-02    0.50231E-03   -0.17982E-03   -0.10637E+02   -0.16321E+01    0.61724E+00    0.55318E+00    0.18010E+01    0.19566E+01    0.17304E-01    0.24921E-01    0.12681E-01    0.16372E-04   -0.10097E-03   -0.19128E+00   -0.23774E+01    0.15735E+00   -0.10477E-01    0.41946E-01   -0.64070E-01    0.69552E-03    0.85109E-01   -0.29368E-01   -0.42410E-01   -0.39729E-01   -0.58521E-01   -0.81621E-01    0.13867E-01   -0.29353E-01   -0.22664E-01    0.35417E-02    0.12620E-01    0.57564E-02   -0.47265E-01    0.88783E-02   -0.39709E-02   -0.54920E-01   -0.55548E+00   -0.77932E+00   -0.10406E+00   -0.97596E+00    0.46190E-01    0.72392E-01   -0.20120E-02   -0.11227E-01    0.78257E-04    0.23402E-03   -0.25023E-02    0.52850E-03   -0.20083E-02    0.34877E-02    0.59865E-03   -0.15538E-02
   -0.87145E-06    0.15105E-06   -0.52683E-06   -0.11535E-04    0.67629E-06   -0.19302E-04   -0.31579E-04   -0.49274E-01    0.26512E-01   -0.34291E+00    0.53142E-03    0.20023E+00    0.17304E-01    0.43744E-02   -0.10368E-03    0.30073E-02    0.10921E-05   -0.22641E-05   -0.74118E-03   -0.12670E-01    0.18477E-02    0.61954E-04    0.49658E-02   -0.86438E-03    0.13552E-02    0.22261E-02   -0.30061E-02    0.12847E-03   -0.21589E-02    0.25689E-02   -0.31602E-02    0.25299E-02    0.12331E-02    0.55707E-03   -0.54955E-03    0.70522E-03   -0.24816E-02   -0.17920E-02   -0.48702E-02   -0.26513E-03   -0.17198E-02   -0.14529E+00   -0.67435E-02   -0.26640E-02   -0.10238E+00    0.24330E-03    0.15027E-02    0.44446E-03   -0.38994E-03   -0.82935E-04   -0.15537E-04   -0.16664E-04   -0.45615E-04    0.26738E-04    0.80074E-04   -0.25560E-04    0.12553E-03
   -0.70784E-06    0.32270E-05   -0.46228E-06   -0.22851E-04    0.31164E-04   -0.16191E-04   -0.39028E-04   -0.11139E+00    0.25010E-01   -0.48762E-01   -0.23891E-02    0.30239E-01    0.24921E-01   -0.10368E-03    0.32466E-02   -0.27266E-03   -0.71864E-06    0.51841E-05   -0.10358E-02   -0.16874E-01    0.20858E-02   -0.90651E-04    0.24934E-03    0.10088E-02    0.11726E-02   -0.24624E-02   -0.14661E-02    0.79280E-03   -0.11471E-03   -0.28011E-02   -0.19765E-02   -0.10262E-02    0.21130E-02    0.39657E-03   -0.10457E-02   -0.37851E-02    0.66219E-03   -0.10147E-02    0.77842E-03    0.12297E-02    0.61603E-02    0.36054E-02   -0.14951E-01    0.29230E-02    0.38913E-02    0.29259E-03    0.16467E-02   -0.47330E-03   -0.48490E-03   -0.14509E-03   -0.75117E-06    0.38219E-04    0.33816E-05    0.42717E-04    0.15090E-04    0.14280E-05    0.10843E-03
    0.10226E-05   -0.27628E-05    0.98730E-06    0.42768E-04    0.83368E-04    0.36374E-04    0.91668E-04   -0.21526E+00   -0.34744E-01   -0.44461E+00   -0.50722E-02    0.26768E+00    0.12681E-01    0.30073E-02   -0.27266E-03    0.50430E-02    0.97916E-06   -0.69597E-05   -0.48486E-02   -0.27499E-01    0.60890E-02   -0.55080E-02    0.27014E-02   -0.20696E-02    0.18132E-02    0.47491E-02    0.29116E-02   -0.36019E-02    0.65090E-02   -0.35519E-02   -0.82465E-02   -0.82721E-02    0.36450E-02   -0.66576E-02   -0.34589E-02   -0.18477E-02   -0.20213E-02    0.41731E-02    0.56188E-02    0.10898E-01   -0.81522E-02   -0.18388E+00    0.21030E-02   -0.94677E-02   -0.13289E+00   -0.66203E-03   -0.36779E-03    0.27384E-03   -0.23914E-03    0.50084E-04   -0.43601E-05    0.46330E-04   -0.32909E-04    0.65671E-04    0.98498E-04   -0.43131E-04    0.12399E-03
    0.81981E-09    0.86364E-08    0.56345E-08   -0.53474E-07   -0.76234E-07   -0.62929E-07   -0.27574E-07    0.12469E-02    0.30139E-05   -0.51057E-05    0.28500E-05    0.43262E-04    0.16372E-04    0.10921E-05   -0.71864E-06    0.97916E-06    0.15278E-06   -0.13016E-08   -0.98007E-06   -0.20704E-04   -0.21914E-04   -0.14792E-04   -0.11712E-04   -0.93697E-05    0.37479E-05    0.13559E-04    0.13095E-04   -0.42252E-05   -0.22329E-05    0.19554E-05   -0.10374E-04   -0.11223E-05   -0.53812E-05    0.22158E-05    0.90934E-06    0.25062E-05    0.24875E-05    0.68258E-05    0.71761E-05   -0.64156E-05   -0.12146E-05   -0.58715E-04   -0.40055E-05   -0.27769E-05   -0.23940E-04   -0.61999E-08    0.33883E-06    0.20607E-06    0.27214E-05    0.17880E-06   -0.43100E-08   -0.19133E-06   -0.51994E-07   -0.12479E-06   -0.20575E-06   -0.10422E-06    0.32437E-08
   -0.31477E-08    0.48919E-07    0.28383E-07   -0.11161E-06    0.12803E-05    0.22881E-06    0.25537E-06   -0.19448E-02   -0.71926E-03   -0.15944E-03    0.87783E-04    0.13281E-03   -0.10097E-03   -0.22641E-05    0.51841E-05   -0.69597E-05   -0.13016E-08    0.11150E-05    0.22478E-04    0.22111E-04    0.81125E-04    0.47237E-04    0.11138E-04   -0.26285E-04   -0.35395E-04    0.37145E-03    0.75398E-04   -0.13023E-04   -0.19148E-04    0.65442E-04   -0.36909E-03    0.21413E-04   -0.87069E-04   -0.11393E-04    0.35458E-04    0.33521E-04    0.55938E-04   -0.16148E-04   -0.73432E-04   -0.21116E-04    0.41565E-04    0.20662E-03    0.97100E-04    0.29545E-04    0.22272E-03    0.45934E-05    0.33649E-05   -0.24837E-05    0.23892E-05    0.68479E-05    0.43656E-06    0.16020E-05    0.42841E-06    0.13208E-05   -0.10311E-05    0.38241E-06    0.12790E-05
   -0.45530E-05    0.28055E-05   -0.56870E-05   -0.52506E-04   -0.25025E-03   -0.11850E-03   -0.16737E-03    0.10428E+01    0.15980E+00   -0.44080E-01    0.17317E-02   -0.32751E+00   -0.19128E+00   -0.74118E-03   -0.10358E-02   -0.48486E-02   -0.98007E-06    0.22478E-04    0.66040E-01    0.37521E+00   -0.27331E-01    0.23364E-02   -0.93487E-02    0.12038E-02   -0.19000E-03   -0.15819E-01    0.10791E-01    0.21017E-02    0.20290E-02    0.93210E-02    0.72483E-02   -0.73157E-02   -0.78265E-02    0.60460E-02    0.16058E-02   -0.69310E-02   -0.32378E-02    0.76429E-02    0.64100E-03   -0.33409E-02    0.57899E-01    0.12499E+00   -0.11624E-02    0.58601E-01    0.19211E+00    0.46105E-02    0.87730E-02    0.12248E-02    0.10939E-02    0.82106E-04    0.62116E-04    0.36536E-03   -0.35557E-04    0.22049E-03   -0.13143E-03    0.23346E-03    0.64298E-03
   -0.48190E-04    0.11226E-04   -0.48772E-04   -0.93956E-03   -0.37097E-02   -0.12316E-02   -0.24114E-02    0.84219E+01    0.17762E+00   -0.43951E+00   -0.91878E+00   -0.38275E+01   -0.23774E+01   -0.12670E-01   -0.16874E-01   -0.27499E-01   -0.20704E-04    0.22111E-04    0.37521E+00    0.46777E+01   -0.21093E+00    0.22510E-01   -0.64370E-01    0.18611E-01    0.41575E-02   -0.10969E+00    0.27931E-01    0.58848E-01    0.37111E-01    0.89389E-01    0.62451E-01   -0.67029E-01    0.46150E-01    0.14980E+00   -0.99525E-02   -0.43100E-01   -0.22053E-01    0.44593E-01   -0.44522E-01   -0.16620E-01    0.36471E-01    0.76958E+00    0.25935E+00    0.23142E+00    0.14306E+01   -0.45731E-01   -0.26861E-01    0.18724E-01    0.27504E-02   -0.86443E-02    0.83486E-03    0.27839E-02    0.31668E-03    0.20229E-02    0.24033E-04    0.12068E-02    0.23125E-02
   -0.20040E-04    0.17386E-03   -0.27677E-05   -0.60480E-03   -0.25141E-02   -0.58641E-03   -0.35000E-03    0.15328E+02   -0.16303E-01    0.16932E+00    0.30194E-01    0.28835E+00    0.15735E+00    0.18477E-02    0.20858E-02    0.60890E-02   -0.21914E-04    0.81125E-04   -0.27331E-01   -0.21093E+00    0.67662E+00   -0.16763E+00   -0.12070E-01   -0.90304E-02    0.14879E-01    0.20707E+00   -0.58176E-01   -0.49454E-01    0.17143E-01   -0.61176E-01    0.60244E-02    0.19563E-01   -0.55736E-01   -0.93136E-02   -0.10927E+00    0.16663E+00    0.30250E-01   -0.18657E-01    0.27818E-01    0.91018E-01   -0.18088E-01   -0.28092E+00   -0.53642E-01   -0.23937E-01   -0.21055E+00    0.18323E-02    0.51778E-02    0.91019E-04    0.60182E-02    0.70807E-03    0.87377E-04   -0.35159E-03   -0.14792E-03   -0.59560E-03    0.16872E-03   -0.19496E-03   -0.46699E-03
   -0.13759E-04   -0.99586E-05    0.16643E-05    0.12303E-03    0.78215E-03   -0.19412E-03    0.29091E-03   -0.86537E+01   -0.48401E-01    0.15258E+00   -0.12619E-01   -0.16416E+00   -0.10477E-01    0.61954E-04   -0.90651E-04   -0.55080E-02   -0.14792E-04    0.47237E-04    0.23364E-02    0.22510E-01   -0.16763E+00    0.92483E+00   -0.31832E-02   -0.55452E-02   -0.18873E-01   -0.15572E+00    0.19836E+00    0.57426E-01   -0.24117E-01    0.41638E-01   -0.10117E+00    0.29519E-01   -0.22394E-02    0.26361E-01    0.14968E+00   -0.21558E+00    0.39756E-01    0.12488E+00    0.16605E-01   -0.21021E+00   -0.74277E-02    0.13139E+00   -0.18019E-01   -0.65206E-02    0.10689E+00   -0.35833E-03   -0.23620E-02    0.11700E-03    0.47562E-02    0.55828E-03   -0.20923E-03   -0.21462E-03   -0.29005E-03   -0.67293E-04   -0.38538E-03   -0.20352E-03   -0.23492E-03
    0.14228E-05    0.18312E-04    0.10348E-04   -0.32195E-04    0.37011E-03   -0.29747E-04   -0.25618E-04   -0.38013E-01   -0.11734E+00   -0.44561E+00    0.15426E-01    0.28813E+00    0.41946E-01    0.49658E-02    0.24934E-03    0.27014E-02   -0.11712E-04    0.11138E-04   -0.93487E-02   -0.64370E-01   -0.12070E-01   -0.31832E-02    0.97116E+00   -0.15778E-01   -0.37068E-01   -0.69338E-01   -0.86773E-01    0.17085E+00    0.35621E-01    0.93082E-01   -0.41946E-01    0.25609E-01   -0.78897E-02   -0.47450E-01    0.93418E-01   -0.88584E-01   -0.85635E-02   -0.23987E-01   -0.19505E+00    0.16083E+00    0.60598E-02   -0.16281E+00   -0.48694E-02   -0.51032E-02   -0.69260E-01    0.12305E-02    0.38282E-03   -0.21409E-03   -0.17729E-03   -0.21358E-02   -0.20523E-03    0.12002E-03   -0.18785E-03   -0.20642E-04    0.43020E-03    0.16085E-03    0.25301E-03
   -0.18217E-05   -0.42915E-05   -0.98508E-05    0.39189E-04    0.13243E-02   -0.11200E-03    0.74892E-04    0.16212E+01    0.17980E+00    0.54364E-01   -0.13791E-01   -0.42158E-01   -0.64070E-01   -0.86438E-03    0.10088E-02   -0.20696E-02   -0.93697E-05   -0.26285E-04    0.12038E-02    0.18611E-01   -0.90304E-02   -0.55452E-02   -0.15778E-01    0.10019E+01   -0.53349E-01    0.41767E-01   -0.13693E+00    0.63399E-01   -0.10641E+00    0.20861E-01    0.99005E-01    0.88131E-01    0.60584E-01    0.16511E+00   -0.10262E+00    0.98249E-01    0.40277E-01   -0.46739E-01   -0.12803E+00    0.30335E-01    0.24350E-01    0.11484E+00    0.66314E-01    0.17806E-01    0.62199E-01   -0.88954E-03   -0.43653E-02   -0.14654E-02    0.19512E-02   -0.23760E-02   -0.72558E-04    0.28584E-04    0.27879E-04    0.27517E-03   -0.10707E-02   -0.27356E-04   -0.24369E-03
   -0.74205E-05    0.13110E-03   -0.18869E-05   -0.89946E-04   -0.37226E-02   -0.28558E-03    0.91171E-04   -0.91428E-01    0.20287E+00    0.36275E-02   -0.73741E-02    0.11909E+00    0.69552E-03    0.13552E-02    0.11726E-02    0.18132E-02    0.37479E-05   -0.35395E-04   -0.19000E-03    0.41575E-02    0.14879E-01   -0.18873E-01   -0.37068E-01   -0.53349E-01    0.96433E+00    0.80009E-02    0.41305E-01   -0.71357E-02    0.26647E-01    0.37073E-01    0.83100E-01   -0.85841E-01   -0.91548E-01    0.10007E+00    0.12848E-02    0.71462E-01   -0.39555E-01    0.79608E-01   -0.32365E-01    0.80060E-03   -0.99403E-02   -0.14357E+00    0.72785E-02   -0.59793E-02    0.90654E-01   -0.71445E-03   -0.15539E-03    0.20470E-03   -0.26663E-02   -0.48158E-02   -0.42332E-04   -0.18024E-03   -0.19857E-03   -0.21131E-03    0.95757E-03   -0.44040E-03    0.51116E-03
   -0.34761E-05    0.96614E-04    0.58218E-05   -0.55873E-04   -0.10194E-02    0.70766E-04    0.50708E-03   -0.18534E+01    0.37647E+00    0.28882E-01    0.93364E-02    0.14356E+00    0.85109E-01    0.22261E-02   -0.24624E-02    0.47491E-02    0.13559E-04    0.37145E-03   -0.15819E-01   -0.10969E+00    0.20707E+00   -0.15572E+00   -0.69338E-01    0.41767E-01    0.80009E-02    0.75918E+00   -0.11155E-01   -0.20283E-01   -0.33062E-01   -0.28631E-01    0.65680E-01    0.85405E-01   -0.83751E-01    0.20604E-01   -0.54791E-01    0.60522E+00    0.21658E+00   -0.37451E-01   -0.27277E-01    0.50632E-01   -0.68093E-02   -0.18810E+00    0.50747E-03   -0.95588E-02   -0.15130E+00    0.53224E-03    0.15784E-02    0.13614E-02   -0.10383E-03    0.54913E-04    0.34229E-03   -0.21786E-03    0.46109E-03    0.62835E-04   -0.16368E-03    0.24829E-03    0.23422E-03
   -0.96865E-05    0.80414E-04    0.17701E-04    0.49895E-03   -0.10517E-02   -0.13831E-03    0.13461E-02   -0.45864E+01   -0.30336E-01    0.34885E+00   -0.15477E-01   -0.68625E-01   -0.29368E-01   -0.30061E-02   -0.14661E-02    0.29116E-02    0.13095E-04    0.75398E-04    0.10791E-01    0.27931E-01   -0.58176E-01    0.19836E+00   -0.86773E-01   -0.13693E+00    0.41305E-01   -0.11155E-01    0.98527E+00   -0.11708E-01   -0.26972E-01    0.39946E-02    0.56257E-01   -0.29530E-01   -0.10438E+00   -0.92382E-01    0.17012E+00   -0.62105E-01    0.22140E+00    0.76076E+00    0.28904E+00   -0.21586E+00   -0.18553E-01   -0.24671E-01    0.23455E-02   -0.31078E-03    0.10262E-01   -0.17499E-02   -0.26059E-02    0.46872E-03   -0.10629E-02    0.30420E-02   -0.21697E-03   -0.16771E-03   -0.13618E-04   -0.30094E-03   -0.67755E-04   -0.67911E-04   -0.39572E-03
    0.14851E-04   -0.22620E-05    0.15652E-04    0.25602E-03    0.89486E-03    0.15393E-04    0.51946E-03   -0.77531E+00   -0.17712E+00   -0.40203E-01   -0.23859E-02   -0.70722E-01   -0.42410E-01    0.12847E-03    0.79280E-03   -0.36019E-02   -0.42252E-05   -0.13023E-04    0.21017E-02    0.58848E-01   -0.49454E-01    0.57426E-01    0.17085E+00    0.63399E-01   -0.71357E-02   -0.20283E-01   -0.11708E-01    0.97592E+00    0.53833E-01   -0.41001E-01    0.10496E+00   -0.79363E-01    0.12511E+00    0.17826E+00   -0.11919E+00   -0.19090E+00    0.62555E+00    0.12140E+00   -0.58904E+00    0.20124E+00    0.11557E-01    0.57775E-01   -0.17426E-01    0.57490E-02    0.14893E+00    0.15550E-02   -0.18114E-02   -0.27870E-03   -0.64476E-02   -0.36267E-02   -0.39283E-04    0.35144E-04    0.21291E-03    0.22872E-03    0.48651E-03    0.31636E-03    0.15100E-03
   -0.14324E-04    0.50233E-04   -0.11739E-04    0.65708E-03    0.48282E-03   -0.53688E-04    0.13482E-02   -0.49893E+00   -0.10855E-01    0.75020E-01   -0.78201E-02    0.11777E+00   -0.39729E-01   -0.21589E-02   -0.11471E-03    0.65090E-02   -0.22329E-05   -0.19148E-04    0.20290E-02    0.37111E-01    0.17143E-01   -0.24117E-01    0.35621E-01   -0.10641E+00    0.26647E-01   -0.33062E-01   -0.26972E-01    0.53833E-01    0.10082E+01    0.18108E-01   -0.11936E-01   -0.90418E-01   -0.16455E+00    0.77279E-03   -0.10720E+00   -0.87150E-01    0.78735E-01   -0.49482E-01    0.24189E+00    0.71106E+00    0.37146E-02   -0.21255E+00    0.42146E-01   -0.16068E-01   -0.21401E+00    0.85830E-04   -0.17592E-02   -0.98618E-04    0.16425E-02   -0.38091E-02   -0.12419E-03   -0.51574E-03   -0.28716E-03   -0.15485E-03   -0.43369E-03   -0.32401E-03   -0.86298E-03
   -0.20828E-05    0.75637E-04    0.55473E-05   -0.14007E-03   -0.15245E-03   -0.24484E-03   -0.21191E-03    0.83639E+00    0.89890E-01    0.13692E+00    0.14873E-02   -0.11728E+00   -0.58521E-01    0.25689E-02   -0.28011E-02   -0.35519E-02    0.19554E-05    0.65442E-04    0.93210E-02    0.89389E-01   -0.61176E-01    0.41638E-01    0.93082E-01    0.20861E-01    0.37073E-01   -0.28631E-01    0.39946E-02   -0.41001E-01    0.18108E-01    0.93843E+00   -0.86136E-01    0.63749E-01    0.41371E-01    0.15734E+00    0.16087E-01    0.88700E-01   -0.56450E+00    0.36787E+00   -0.30073E+00    0.23338E+00   -0.28979E-02    0.20716E-01   -0.19692E-01    0.63534E-02    0.12286E+00    0.18661E-02    0.28023E-02    0.53646E-03    0.40028E-02   -0.16371E-02   -0.17293E-03   -0.25752E-03   -0.55084E-04    0.15485E-03    0.31333E-03    0.21186E-03    0.20323E-03
    0.14547E-05   -0.10867E-05   -0.27731E-04    0.48624E-03   -0.26142E-02    0.60951E-04    0.88869E-03    0.11003E+01   -0.25118E+00    0.39266E+00    0.25041E-01   -0.27069E+00   -0.81621E-01   -0.31602E-02   -0.19765E-02   -0.82465E-02   -0.10374E-04   -0.36909E-03    0.72483E-02    0.62451E-01    0.60244E-02   -0.10117E+00   -0.41946E-01    0.99005E-01    0.83100E-01    0.65680E-01    0.56257E-01    0.10496E+00   -0.11936E-01   -0.86136E-01    0.84857E+00   -0.47395E-01   -0.74834E-01    0.37584E-01   -0.94914E-02    0.57417E+00    0.19760E+00    0.99867E-01    0.19399E-01   -0.93049E-01    0.23513E-01    0.29583E+00    0.50697E-01    0.79680E-02    0.25294E+00   -0.61561E-03   -0.44915E-02   -0.96657E-03   -0.51221E-02   -0.39850E-02   -0.66743E-04    0.93883E-04    0.16456E-03    0.35894E-03    0.13339E-04    0.38440E-03    0.75210E-03
   -0.67342E-05    0.36290E-04   -0.20666E-05   -0.28391E-03    0.40990E-04   -0.16553E-03   -0.48816E-03    0.20231E+01    0.33988E+00    0.32253E+00    0.49980E-02   -0.18740E+00    0.13867E-01    0.25299E-02   -0.10262E-02   -0.82721E-02   -0.11223E-05    0.21413E-04   -0.73157E-02   -0.67029E-01    0.19563E-01    0.29519E-01    0.25609E-01    0.88131E-01   -0.85841E-01    0.85405E-01   -0.29530E-01   -0.79363E-01   -0.90418E-01    0.63749E-01   -0.47395E-01    0.94429E+00    0.31869E-02   -0.17466E-01   -0.20270E-01    0.48500E-01    0.11390E+00   -0.24141E-01    0.14704E+00    0.14838E+00   -0.18427E-01    0.22768E+00    0.19174E-01   -0.18184E-02    0.18675E+00   -0.10817E-02   -0.24003E-02   -0.23412E-03    0.13937E-02   -0.33014E-02   -0.98183E-04   -0.30757E-03   -0.80741E-04   -0.66107E-04   -0.30530E-03    0.27774E-03    0.75424E-03
    0.88683E-05    0.68200E-05   -0.70297E-05    0.58950E-04    0.20591E-02    0.54187E-04    0.87324E-04   -0.11106E+01   -0.24210E+00   -0.61649E+00   -0.32189E-01    0.16132E+00   -0.29353E-01    0.12331E-02    0.21130E-02    0.36450E-02   -0.53812E-05   -0.87069E-04   -0.78265E-02    0.46150E-01   -0.55736E-01   -0.22394E-02   -0.78897E-02    0.60584E-01   -0.91548E-01   -0.83751E-01   -0.10438E+00    0.12511E+00   -0.16455E+00    0.41371E-01   -0.74834E-01    0.31869E-02    0.97502E+00    0.41325E-01   -0.71433E-02   -0.14124E+00    0.15838E-01    0.12033E+00   -0.19787E-02   -0.44115E-01   -0.59175E-02   -0.10488E+00   -0.96144E-02   -0.10660E-01    0.64182E-02   -0.25743E-02   -0.19283E-02   -0.42858E-04    0.47682E-02   -0.35183E-02   -0.21666E-03    0.18340E-03   -0.40615E-04    0.26313E-03   -0.55895E-03    0.15356E-04    0.47009E-03
   -0.37308E-05   -0.32322E-04    0.14301E-04    0.49020E-03    0.16165E-02    0.75166E-04    0.72845E-03    0.28581E+00    0.96850E-01    0.28518E+00   -0.15653E-01   -0.29418E+00   -0.22664E-01    0.55707E-03    0.39657E-03   -0.66576E-02    0.22158E-05   -0.11393E-04    0.60460E-02    0.14980E+00   -0.93136E-02    0.26361E-01   -0.47450E-01    0.16511E+00    0.10007E+00    0.20604E-01   -0.92382E-01    0.17826E+00    0.77279E-03    0.15734E+00    0.37584E-01   -0.17466E-01    0.41325E-01    0.10000E+01   -0.15839E-01    0.26537E-01    0.27528E-01    0.83288E-01   -0.30452E+00    0.16831E+00    0.20018E-03    0.14835E+00   -0.29364E-01   -0.87621E-02    0.22561E+00    0.16796E-02    0.37684E-02    0.46153E-03    0.69771E-02   -0.70858E-02    0.57376E-04   -0.77020E-04    0.10055E-03   -0.21291E-04    0.25507E-03    0.11929E-03    0.47975E-03
    0.62149E-06   -0.31019E-04    0.15827E-04    0.14651E-03   -0.13478E-03    0.17739E-03    0.26305E-03   -0.33042E+01   -0.10922E+00   -0.13744E+00    0.10357E-01   -0.81715E-01    0.35417E-02   -0.54955E-03   -0.10457E-02   -0.34589E-02    0.90934E-06    0.35458E-04    0.16058E-02   -0.99525E-02   -0.10927E+00    0.14968E+00    0.93418E-01   -0.10262E+00    0.12848E-02   -0.54791E-01    0.17012E+00   -0.11919E+00   -0.10720E+00    0.16087E-01   -0.94914E-02   -0.20270E-01   -0.71433E-02   -0.15839E-01    0.96687E+00   -0.40331E-01   -0.47810E-01    0.51942E-01    0.16722E+00   -0.73721E-01    0.17190E-01    0.14751E+00    0.32017E-01   -0.53072E-03    0.16568E+00   -0.26354E-02   -0.56442E-03   -0.63409E-03    0.10921E-02    0.20489E-02    0.46421E-04    0.54165E-03    0.10156E-03    0.76688E-04   -0.66970E-04   -0.31463E-03    0.12797E-02
   -0.33629E-05    0.66140E-04   -0.17675E-04    0.86950E-04   -0.26228E-02    0.71728E-04    0.53473E-03    0.23836E+00    0.18682E+00    0.24545E+00    0.24949E-01   -0.54190E-01    0.12620E-01    0.70522E-03   -0.37851E-02   -0.18477E-02    0.25062E-05    0.33521E-04   -0.69310E-02   -0.43100E-01    0.16663E+00   -0.21558E+00   -0.88584E-01    0.98249E-01    0.71462E-01    0.60522E+00   -0.62105E-01   -0.19090E+00   -0.87150E-01    0.88700E-01    0.57417E+00    0.48500E-01   -0.14124E+00    0.26537E-01   -0.40331E-01    0.91344E+00   -0.98053E-02    0.10849E-01    0.66020E-02   -0.43194E-01    0.91939E-02    0.30650E-01    0.26834E-01   -0.59761E-03    0.26892E-01    0.38413E-03   -0.40842E-03    0.54791E-03   -0.17692E-02   -0.21880E-02    0.20627E-03   -0.13490E-03    0.38482E-03    0.26475E-03   -0.96695E-04    0.44221E-03    0.77068E-03
    0.39255E-05    0.10506E-04    0.72506E-05    0.47482E-03    0.27955E-03    0.13544E-03    0.11461E-02   -0.23862E+01   -0.81567E-01    0.20523E+00    0.36452E-02   -0.10240E+00    0.57564E-02   -0.24816E-02    0.66219E-03   -0.20213E-02    0.24875E-05    0.55938E-04   -0.32378E-02   -0.22053E-01    0.30250E-01    0.39756E-01   -0.85635E-02    0.40277E-01   -0.39555E-01    0.21658E+00    0.22140E+00    0.62555E+00    0.78735E-01   -0.56450E+00    0.19760E+00    0.11390E+00    0.15838E-01    0.27528E-01   -0.47810E-01   -0.98053E-02    0.95170E+00   -0.14931E-01   -0.90651E-02   -0.17139E-01    0.48524E-02    0.10883E+00    0.30838E-01   -0.13407E-02    0.10261E+00   -0.90286E-03   -0.40373E-02   -0.17759E-03   -0.53920E-02   -0.19973E-02    0.11747E-03    0.82488E-06    0.32612E-03    0.29122E-04   -0.14837E-03    0.14709E-03    0.35077E-04
   -0.47597E-05    0.92832E-04    0.16880E-04    0.51678E-03   -0.46463E-03   -0.20050E-03    0.13542E-02   -0.23514E+01   -0.19939E+00    0.25806E+00   -0.83036E-02    0.13422E-01   -0.47265E-01   -0.17920E-02   -0.10147E-02    0.41731E-02    0.68258E-05   -0.16148E-04    0.76429E-02    0.44593E-01   -0.18657E-01    0.12488E+00   -0.23987E-01   -0.46739E-01    0.79608E-01   -0.37451E-01    0.76076E+00    0.12140E+00   -0.49482E-01    0.36787E+00    0.99867E-01   -0.24141E-01    0.12033E+00    0.83288E-01    0.51942E-01    0.10849E-01   -0.14931E-01    0.96561E+00   -0.63915E-02   -0.67191E-02   -0.22388E-01   -0.91316E-01   -0.33895E-01   -0.31202E-02   -0.94121E-02    0.66506E-03   -0.15635E-03    0.12071E-03    0.11416E-02   -0.14919E-02   -0.40252E-03   -0.17278E-03   -0.13283E-03   -0.10143E-03    0.14694E-04    0.11478E-03   -0.66659E-04
   -0.19417E-04    0.81086E-04   -0.18138E-04    0.24071E-03   -0.17099E-02   -0.14424E-03    0.71398E-03   -0.11879E+01    0.12338E-01    0.21244E+00    0.43902E-02    0.49722E-01    0.88783E-02   -0.48702E-02    0.77842E-03    0.56188E-02    0.71761E-05   -0.73432E-04    0.64100E-03   -0.44522E-01    0.27818E-01    0.16605E-01   -0.19505E+00   -0.12803E+00   -0.32365E-01   -0.27277E-01    0.28904E+00   -0.58904E+00    0.24189E+00   -0.30073E+00    0.19399E-01    0.14704E+00   -0.19787E-02   -0.30452E+00    0.16722E+00    0.66020E-02   -0.90651E-02   -0.63915E-02    0.93324E+00   -0.31059E-01   -0.70756E-02   -0.10269E-01    0.53969E-01   -0.20261E-01   -0.14640E+00   -0.30776E-02   -0.26229E-02   -0.73639E-03    0.13499E-02    0.28512E-02   -0.14891E-03   -0.11331E-04   -0.14645E-03   -0.17597E-03   -0.79323E-03   -0.43707E-03   -0.44948E-03
   -0.52263E-05    0.11405E-03    0.13432E-05    0.20914E-03    0.34972E-03   -0.19128E-03    0.66669E-03    0.24023E+01    0.17610E+00   -0.31715E+00    0.86106E-02    0.36978E+00   -0.39709E-02   -0.26513E-03    0.12297E-02    0.10898E-01   -0.64156E-05   -0.21116E-04   -0.33409E-02   -0.16620E-01    0.91018E-01   -0.21021E+00    0.16083E+00    0.30335E-01    0.80060E-03    0.50632E-01   -0.21586E+00    0.20124E+00    0.71106E+00    0.23338E+00   -0.93049E-01    0.14838E+00   -0.44115E-01    0.16831E+00   -0.73721E-01   -0.43194E-01   -0.17139E-01   -0.67191E-02   -0.31059E-01    0.10382E+01    0.49458E-02   -0.31767E+00   -0.57453E-02   -0.16656E-01   -0.26900E+00    0.31495E-02    0.30097E-02   -0.41229E-03    0.25712E-02   -0.37234E-02   -0.18228E-03   -0.30473E-03   -0.89576E-04    0.15811E-03   -0.97515E-04   -0.10476E-03   -0.19333E-03
    0.11104E-04   -0.76790E-04    0.90639E-05    0.41043E-03    0.11523E-02    0.30592E-03    0.65065E-03   -0.18702E+00    0.21274E+00    0.20974E+00    0.64572E-01   -0.30742E+00   -0.54920E-01   -0.17198E-02    0.61603E-02   -0.81522E-02   -0.12146E-05    0.41565E-04    0.57899E-01    0.36471E-01   -0.18088E-01   -0.74277E-02    0.60598E-02    0.24350E-01   -0.99403E-02   -0.68093E-02   -0.18553E-01    0.11557E-01    0.37146E-02   -0.28979E-02    0.23513E-01   -0.18427E-01   -0.59175E-02    0.20018E-03    0.17190E-01    0.91939E-02    0.48524E-02   -0.22388E-01   -0.70756E-02    0.49458E-02    0.33517E+00    0.15596E+00    0.40197E-01    0.14520E+00    0.47824E+00    0.11634E-01    0.15761E-01   -0.50084E-02   -0.49467E-04   -0.25926E-02    0.62609E-03   -0.86520E-04    0.63544E-03   -0.49651E-04   -0.30631E-03    0.19443E-03    0.17004E-02
    0.79489E-04   -0.50730E-03   -0.64147E-04    0.74095E-03    0.95050E-02    0.19059E-02    0.12538E-04    0.60702E+01   -0.18399E+01    0.16108E+02    0.75838E-01   -0.10504E+02   -0.55548E+00   -0.14529E+00    0.36054E-02   -0.18388E+00   -0.58715E-04    0.20662E-03    0.12499E+00    0.76958E+00   -0.28092E+00    0.13139E+00   -0.16281E+00    0.11484E+00   -0.14357E+00   -0.18810E+00   -0.24671E-01    0.57775E-01   -0.21255E+00    0.20716E-01    0.29583E+00    0.22768E+00   -0.10488E+00    0.14835E+00    0.14751E+00    0.30650E-01    0.10883E+00   -0.91316E-01   -0.10269E-01   -0.31767E+00    0.15596E+00    0.15753E+02   -0.23919E-02    0.32950E+00    0.53071E+01    0.81211E-02   -0.21223E-01   -0.13363E-01    0.43281E-02    0.36134E-01    0.15165E-02    0.23198E-01    0.31059E-02    0.14768E-01   -0.39400E-02    0.30606E-02   -0.60375E-02
    0.87042E-05   -0.64841E-04    0.83623E-05    0.54601E-03    0.12875E-02    0.46885E-03    0.10654E-02    0.37676E+01    0.10830E+01   -0.55982E+00   -0.22130E+00   -0.10091E+00   -0.77932E+00   -0.67435E-02   -0.14951E-01    0.21030E-02   -0.40055E-05    0.97100E-04   -0.11624E-02    0.25935E+00   -0.53642E-01   -0.18019E-01   -0.48694E-02    0.66314E-01    0.72785E-02    0.50747E-03    0.23455E-02   -0.17426E-01    0.42146E-01   -0.19692E-01    0.50697E-01    0.19174E-01   -0.96144E-02   -0.29364E-01    0.32017E-01    0.26834E-01    0.30838E-01   -0.33895E-01    0.53969E-01   -0.57453E-02    0.40197E-01   -0.23919E-02    0.22500E+01    0.31659E-02    0.49256E-01   -0.94377E-01   -0.10775E+00   -0.51031E-02    0.11234E-01    0.50580E-02   -0.31687E-04    0.62054E-03   -0.61356E-03    0.60594E-03    0.18174E-03    0.31138E-04   -0.57324E-03
    0.18858E-04   -0.89080E-04    0.45685E-05    0.54529E-03    0.19566E-02    0.35338E-03    0.85779E-03    0.12170E+00   -0.25877E+00    0.41235E+00   -0.73503E-02   -0.61559E+00   -0.10406E+00   -0.26640E-02    0.29230E-02   -0.94677E-02   -0.27769E-05    0.29545E-04    0.58601E-01    0.23142E+00   -0.23937E-01   -0.65206E-02   -0.51032E-02    0.17806E-01   -0.59793E-02   -0.95588E-02   -0.31078E-03    0.57490E-02   -0.16068E-01    0.63534E-02    0.79680E-02   -0.18184E-02   -0.10660E-01   -0.87621E-02   -0.53072E-03   -0.59761E-03   -0.13407E-02   -0.31202E-02   -0.20261E-01   -0.16656E-01    0.14520E+00    0.32950E+00    0.31659E-02    0.23289E+00    0.32031E+00    0.71329E-02    0.14895E-01   -0.72580E-04    0.13020E-02    0.41009E-02    0.17553E-03   -0.15184E-03    0.16712E-03   -0.58897E-04    0.67499E-03    0.37904E-03    0.47286E-03
    0.93472E-04    0.60247E-04    0.11656E-03    0.20468E-02    0.32092E-02    0.84457E-03    0.41872E-02    0.46807E+01   -0.13790E+01    0.88786E+01    0.14151E-01   -0.73030E+01   -0.97596E+00   -0.10238E+00    0.38913E-02   -0.13289E+00   -0.23940E-04    0.22272E-03    0.19211E+00    0.14306E+01   -0.21055E+00    0.10689E+00   -0.69260E-01    0.62199E-01    0.90654E-01   -0.15130E+00    0.10262E-01    0.14893E+00   -0.21401E+00    0.12286E+00    0.25294E+00    0.18675E+00    0.64182E-02    0.22561E+00    0.16568E+00    0.26892E-01    0.10261E+00   -0.94121E-02   -0.14640E+00   -0.26900E+00    0.47824E+00    0.53071E+01    0.49256E-01    0.32031E+00    0.16553E+02    0.15141E-01   -0.42933E-01   -0.24089E-01    0.72077E-02   -0.38270E-01    0.33185E-02    0.14931E-02    0.18450E-02    0.36735E-03    0.62471E-03    0.51730E-02    0.32792E-01
    0.72352E-07   -0.76923E-06    0.72527E-06    0.11670E-04    0.10319E-03   -0.88952E-05    0.12702E-04   -0.26585E-01   -0.98642E-02   -0.29550E-01    0.49635E-01    0.48103E-01    0.46190E-01    0.24330E-03    0.29259E-03   -0.66203E-03   -0.61999E-08    0.45934E-05    0.46105E-02   -0.45731E-01    0.18323E-02   -0.35833E-03    0.12305E-02   -0.88954E-03   -0.71445E-03    0.53224E-03   -0.17499E-02    0.15550E-02    0.85830E-04    0.18661E-02   -0.61561E-03   -0.10817E-02   -0.25743E-02    0.16796E-02   -0.26354E-02    0.38413E-03   -0.90286E-03    0.66506E-03   -0.30776E-02    0.31495E-02    0.11634E-01    0.81211E-02   -0.94377E-01    0.71329E-02    0.15141E-01    0.85789E-02    0.82145E-02   -0.12654E-03   -0.34027E-03   -0.16754E-03    0.42091E-05    0.28162E-04    0.30542E-04    0.33798E-04   -0.33552E-04    0.57446E-04    0.21018E-03
