# omegabh2 omegach2 theta tau w logA ns acib217 acibsz143 asz143 aps100 aps143 aps143217 aps217 aksz kgal100 t1gal143 t1gal143217 t1gal217 calib_100T calib_217T
    0.5877781E-07   -0.2430702E-06    0.4720007E-07    0.8211345E-06    0.2200037E-05    0.1120609E-05    0.7604616E-06   -0.4191118E-03   -0.1886735E-03    0.2787765E-04   -0.1343289E-02   -0.4126814E-03    0.9950994E-04    0.1478072E-03   -0.1022050E-03    0.1143062E-02    0.5817265E-03    0.5878812E-03    0.5865169E-03   -0.7133319E-07    0.2138048E-07
   -0.2430702E-06    0.4869555E-05   -0.3883300E-06   -0.8822565E-05   -0.3779373E-04   -0.6283222E-05   -0.1021591E-04    0.2915491E-03   -0.2230418E-04   -0.2673081E-03    0.1523443E-02    0.1533895E-02    0.1027186E-02    0.5093572E-03    0.1936959E-04    0.1557762E-02    0.3203006E-03   -0.4591685E-04    0.3915200E-04   -0.1771516E-06   -0.5447033E-07
    0.4720007E-07   -0.3883300E-06    0.2420452E-06    0.1167626E-05    0.3273322E-05    0.1379412E-05    0.1137300E-05   -0.1712354E-03   -0.2673553E-04    0.7079309E-04   -0.9424867E-03   -0.6973724E-03   -0.4134796E-03   -0.3092326E-03    0.3781134E-04    0.1003699E-02    0.1093783E-02    0.1183253E-02    0.1354138E-02   -0.9125912E-08   -0.2830948E-07
    0.8211345E-06   -0.8822565E-05    0.1167626E-05    0.1703185E-03    0.3540300E-04    0.3246845E-03    0.3106833E-04   -0.1565694E-01   -0.8010366E-02   -0.1521248E-02    0.4239212E-02    0.9393426E-02    0.2029720E-01    0.2090160E-01   -0.4018465E-02   -0.1280276E-01   -0.1269730E-01   -0.8901554E-02   -0.5874731E-02    0.4710319E-06   -0.9315718E-07
    0.2200037E-05   -0.3779373E-04    0.3273322E-05    0.3540300E-04    0.3050539E-02   -0.1919117E-04    0.7711795E-04   -0.2240282E-02    0.8416623E-02    0.2949279E-02   -0.5674132E-01   -0.2090483E-01   -0.3011640E-01   -0.8741839E-02   -0.1095785E-02   -0.3427349E-02    0.1082271E-01    0.1508466E-01    0.1970187E-01    0.2761455E-05    0.1020894E-05
    0.1120609E-05   -0.6283222E-05    0.1379412E-05    0.3246845E-03   -0.1919117E-04    0.6616691E-03    0.3600639E-04   -0.3257980E-01   -0.1737929E-01   -0.5413971E-02    0.4077920E-01    0.4261402E-01    0.6208432E-01    0.6103205E-01   -0.9121993E-02   -0.4904181E-01   -0.8294336E-01   -0.7758624E-01   -0.7173746E-01   -0.2539327E-05   -0.2582958E-06
    0.7604616E-06   -0.1021591E-04    0.1137300E-05    0.3106833E-04    0.7711795E-04    0.3600639E-04    0.3809801E-04   -0.1127407E-01   -0.4502214E-02    0.7806082E-04   -0.2257669E-01   -0.2301773E-02    0.9038390E-02    0.1234928E-01   -0.3207229E-02    0.5275782E-03   -0.1281139E-02   -0.1908942E-02   -0.2174998E-02    0.3481466E-06    0.7145014E-06
   -0.4191118E-03    0.2915491E-03   -0.1712354E-03   -0.1565694E-01   -0.2240282E-02   -0.3257980E-01   -0.1127407E-01    0.6721069E+02    0.2341838E+02    0.7150850E+00    0.3210392E+02   -0.1723515E+02   -0.6151376E+02   -0.8348284E+02   -0.2869538E+01   -0.1726389E+02   -0.1256920E+02   -0.1649932E+02   -0.2052899E+02    0.1287692E-02   -0.3505383E-02
   -0.1886735E-03   -0.2230418E-04   -0.2673553E-04   -0.8010366E-02    0.8416623E-02   -0.1737929E-01   -0.4502214E-02    0.2341838E+02    0.1642460E+02    0.2220076E+01   -0.4026564E+01   -0.2008347E+02   -0.3911139E+02   -0.2441942E+02   -0.1082772E+01   -0.1036255E+02   -0.8313278E+01   -0.1360325E+02   -0.1426553E+02    0.4010478E-03   -0.2974896E-03
    0.2787765E-04   -0.2673081E-03    0.7079309E-04   -0.1521248E-02    0.2949279E-02   -0.5413971E-02    0.7806082E-04    0.7150850E+00    0.2220076E+01    0.5581954E+01   -0.3869957E+02   -0.1749980E+02   -0.5389756E+01   -0.6661948E+00   -0.3203530E+00   -0.2526849E+01    0.1470619E+01    0.4595184E+01    0.5000218E+01    0.2367187E-03    0.1785038E-03
   -0.1343289E-02    0.1523443E-02   -0.9424867E-03    0.4239212E-02   -0.5674132E-01    0.4077920E-01   -0.2257669E-01    0.3210392E+02   -0.4026564E+01   -0.3869957E+02    0.7666720E+03    0.1766112E+03    0.5577203E+02   -0.1811904E+00   -0.7978849E+01   -0.9365615E+02   -0.8285568E+02   -0.9486318E+02   -0.9355383E+02   -0.4934244E-02   -0.3648670E-02
   -0.4126814E-03    0.1533895E-02   -0.6973724E-03    0.9393426E-02   -0.2090483E-01    0.4261402E-01   -0.2301773E-02   -0.1723515E+02   -0.2008347E+02   -0.1749980E+02    0.1766112E+03    0.1277339E+03    0.9491830E+02    0.5706555E+02   -0.9376272E+01   -0.2462314E+02   -0.5913703E+02   -0.5860172E+02   -0.5999329E+02   -0.2662062E-02   -0.1050108E-03
    0.9950994E-04    0.1027186E-02   -0.4134796E-03    0.2029720E-01   -0.3011640E-01    0.6208432E-01    0.9038390E-02   -0.6151376E+02   -0.3911139E+02   -0.5389756E+01    0.5577203E+02    0.9491830E+02    0.1440811E+03    0.1138615E+03   -0.8573390E+01   -0.1366897E+02   -0.4509902E+02   -0.4288173E+02   -0.4805741E+02   -0.3157773E-02    0.2757959E-02
    0.1478072E-03    0.5093572E-03   -0.3092326E-03    0.2090160E-01   -0.8741839E-02    0.6103205E-01    0.1234928E-01   -0.8348284E+02   -0.2441942E+02   -0.6661948E+00   -0.1811904E+00    0.5706555E+02    0.1138615E+03    0.1587499E+03   -0.7912799E+01   -0.1868549E+02   -0.5012167E+02   -0.6152236E+02   -0.6798587E+02   -0.3652030E-02    0.6840660E-02
   -0.1022050E-03    0.1936959E-04    0.3781134E-04   -0.4018465E-02   -0.1095785E-02   -0.9121993E-02   -0.3207229E-02   -0.2869538E+01   -0.1082772E+01   -0.3203530E+00   -0.7978849E+01   -0.9376272E+01   -0.8573390E+01   -0.7912799E+01    0.8090777E+01   -0.4412729E+01   -0.4173889E+01   -0.3177077E+01   -0.2114211E+01    0.1669200E-03   -0.7575101E-04
    0.1143062E-02    0.1557762E-02    0.1003699E-02   -0.1280276E-01   -0.3427349E-02   -0.4904181E-01    0.5275782E-03   -0.1726389E+02   -0.1036255E+02   -0.2526849E+01   -0.9365615E+02   -0.2462314E+02   -0.1366897E+02   -0.1868549E+02   -0.4412729E+01    0.2390904E+03    0.1694824E+03    0.1715530E+03    0.1747230E+03   -0.1162765E-01   -0.3023322E-03
    0.5817265E-03    0.3203006E-03    0.1093783E-02   -0.1269730E-01    0.1082271E-01   -0.8294336E-01   -0.1281139E-02   -0.1256920E+02   -0.8313278E+01    0.1470619E+01   -0.8285568E+02   -0.5913703E+02   -0.4509902E+02   -0.5012167E+02   -0.4173889E+01    0.1694824E+03    0.2969942E+03    0.3037680E+03    0.3064383E+03    0.9708654E-02   -0.3713905E-03
    0.5878812E-03   -0.4591685E-04    0.1183253E-02   -0.8901554E-02    0.1508466E-01   -0.7758624E-01   -0.1908942E-02   -0.1649932E+02   -0.1360325E+02    0.4595184E+01   -0.9486318E+02   -0.5860172E+02   -0.4288173E+02   -0.6152236E+02   -0.3177077E+01    0.1715530E+03    0.3037680E+03    0.3486104E+03    0.3776265E+03    0.9623790E-02   -0.5691924E-02
    0.5865169E-03    0.3915200E-04    0.1354138E-02   -0.5874731E-02    0.1970187E-01   -0.7173746E-01   -0.2174998E-02   -0.2052899E+02   -0.1426553E+02    0.5000218E+01   -0.9355383E+02   -0.5999329E+02   -0.4805741E+02   -0.6798587E+02   -0.2114211E+01    0.1747230E+03    0.3064383E+03    0.3776265E+03    0.4335265E+03    0.9150807E-02   -0.1061215E-01
   -0.7133319E-07   -0.1771516E-06   -0.9125912E-08    0.4710319E-06    0.2761455E-05   -0.2539327E-05    0.3481466E-06    0.1287692E-02    0.4010478E-03    0.2367187E-03   -0.4934244E-02   -0.2662062E-02   -0.3157773E-02   -0.3652030E-02    0.1669200E-03   -0.1162765E-01    0.9708654E-02    0.9623790E-02    0.9150807E-02    0.2904735E-05    0.1111073E-07
    0.2138048E-07   -0.5447033E-07   -0.2830948E-07   -0.9315718E-07    0.1020894E-05   -0.2582958E-06    0.7145014E-06   -0.3505383E-02   -0.2974896E-03    0.1785038E-03   -0.3648670E-02   -0.1050108E-03    0.2757959E-02    0.6840660E-02   -0.7575101E-04   -0.3023322E-03   -0.3713905E-03   -0.5691924E-02   -0.1061215E-01    0.1111073E-07    0.1443828E-05
