# omegabh2 omegach2 theta tau alpha1 logA ns calPlanck galfTE100 galfTE100143 galfTE100217 galfTE143 galfTE143217 galfTE217 cal0
    0.6075339E-07   -0.1252509E-06    0.1190537E-07    0.1333220E-05   -0.3535485E-07    0.3176096E-05    0.1119277E-05    0.1677098E-07   -0.6749784E-06   -0.3358992E-06   -0.7478238E-06   -0.1362520E-06   -0.5824847E-06   -0.2369114E-05    0.8165204E-09
   -0.1252509E-06    0.9674169E-05   -0.1908204E-05   -0.3828065E-05   -0.3162304E-05    0.2460865E-04   -0.3350174E-04   -0.1474225E-06    0.2047456E-04    0.7865627E-05   -0.4140789E-05    0.2038617E-05   -0.4445355E-06    0.1403635E-04   -0.6065563E-08
    0.1190537E-07   -0.1908204E-05    0.7058734E-06   -0.6434257E-06    0.8941650E-06   -0.8151136E-05    0.7865740E-05   -0.8231827E-08   -0.4539669E-05   -0.1720241E-05    0.1880130E-05   -0.4271364E-06    0.9100900E-06   -0.1680504E-06   -0.3448550E-09
    0.1333220E-05   -0.3828065E-05   -0.6434257E-06    0.4523059E-03   -0.2312274E-05    0.9448910E-03    0.6659902E-04   -0.1436362E-05   -0.1675502E-04   -0.1255124E-04   -0.4074069E-04   -0.5743989E-05    0.9488731E-05    0.2860023E-05    0.1294641E-06
   -0.3535485E-07   -0.3162304E-05    0.8941650E-06   -0.2312274E-05    0.1968697E-05   -0.1683200E-04    0.1362506E-04    0.6311869E-07   -0.8254390E-05   -0.2673964E-05    0.2707342E-05   -0.1953385E-07    0.1461033E-05    0.3351029E-05   -0.4405330E-08
    0.3176096E-05    0.2460865E-04   -0.8151136E-05    0.9448910E-03   -0.1683200E-04    0.2159083E-02    0.4933999E-04    0.9886318E-05    0.3448318E-04    0.3613689E-05   -0.1090280E-03   -0.6106774E-05    0.1857187E-04    0.6953946E-04    0.4525230E-06
    0.1119277E-05   -0.3350174E-04    0.7865740E-05    0.6659902E-04    0.1362506E-04    0.4933999E-04    0.2105197E-03    0.1332829E-05   -0.1028422E-03   -0.3919458E-04   -0.4391589E-05   -0.9396449E-05    0.1981134E-04    0.1556695E-04   -0.5237891E-07
    0.1677098E-07   -0.1474225E-06   -0.8231827E-08   -0.1436362E-05    0.6311869E-07    0.9886318E-05    0.1332829E-05    0.6206350E-05   -0.1168307E-05    0.5560689E-06    0.6709328E-06    0.6318025E-06   -0.1843095E-05   -0.5544685E-06    0.2058274E-07
   -0.6749784E-06    0.2047456E-04   -0.4539669E-05   -0.1675502E-04   -0.8254390E-05    0.3448318E-04   -0.1028422E-03   -0.1168307E-05    0.5838626E-02    0.1809710E-02    0.1710903E-02   -0.6782729E-03   -0.7606778E-04    0.6355352E-04    0.6677711E-06
   -0.3358992E-06    0.7865627E-05   -0.1720241E-05   -0.1255124E-04   -0.2673964E-05    0.3613689E-05   -0.3919458E-04    0.5560689E-06    0.1809710E-02    0.1222224E-02    0.7731033E-03    0.2187202E-03    0.7559367E-05   -0.1746533E-03    0.3083252E-06
   -0.7478238E-06   -0.4140789E-05    0.1880130E-05   -0.4074069E-04    0.2707342E-05   -0.1090280E-03   -0.4391589E-05    0.6709328E-06    0.1710903E-02    0.7731033E-03    0.3359920E-01   -0.5530935E-03    0.1587813E-02    0.1109860E-01    0.3009039E-05
   -0.1362520E-06    0.2038617E-05   -0.4271364E-06   -0.5743989E-05   -0.1953385E-07   -0.6106774E-05   -0.9396449E-05    0.6318025E-06   -0.6782729E-03    0.2187202E-03   -0.5530935E-03    0.1399834E-02    0.1559140E-03   -0.3621173E-03    0.1543564E-06
   -0.5824847E-06   -0.4445355E-06    0.9100900E-06    0.9488731E-05    0.1461033E-05    0.1857187E-04    0.1981134E-04   -0.1843095E-05   -0.7606778E-04    0.7559367E-05    0.1587813E-02    0.1559140E-03    0.5126580E-02    0.4129283E-02    0.1147970E-06
   -0.2369114E-05    0.1403635E-04   -0.1680504E-06    0.2860023E-05    0.3351029E-05    0.6953946E-04    0.1556695E-04   -0.5544685E-06    0.6355352E-04   -0.1746533E-03    0.1109860E-01   -0.3621173E-03    0.4129283E-02    0.3580218E-01   -0.8546774E-06
    0.8165204E-09   -0.6065563E-08   -0.3448550E-09    0.1294641E-06   -0.4405330E-08    0.4525230E-06   -0.5237891E-07    0.2058274E-07    0.6677711E-06    0.3083252E-06    0.3009039E-05    0.1543564E-06    0.1147970E-06   -0.8546774E-06    0.9750564E-06
