# omegabh2 omegach2 theta tau ns logA r aps100 aps143 aps217 acib143 acib217 asz143 psr cibr ncib cal0 cal2 xi aksz bm_1_1 bm_1_2 bm_1_3 bm_1_4 bm_1_5 bm_2_1 bm_2_2 bm_2_3 bm_2_4 bm_2_5 bm_3_1 bm_3_2 bm_3_3 bm_3_4 bm_3_5 bm_4_1 bm_4_2 bm_4_3 bm_4_4 bm_4_5 a_ps_act_148 a_ps_act_217 a_ps_spt_95 a_ps_spt_150 a_ps_spt_220 r_ps_spt_95x150 r_ps_spt_95x220 r_ps_150x220 act_dust_s act_dust_e cal_acts_148 cal_acts_217 cal_acte_148 cal_acte_217 cal_spt_95 cal_spt_150 cal_spt_220
    0.67969E-07   -0.32148E-06    0.68613E-07    0.83239E-06    0.91969E-06    0.10348E-05    0.81474E-06   -0.42948E-03   -0.59243E-03   -0.56851E-03   -0.16819E-06    0.36775E-04    0.15917E-04   -0.10315E-05   -0.38420E-06    0.76381E-06    0.35673E-08   -0.28623E-08   -0.25682E-05   -0.45099E-04   -0.19223E-04   -0.14363E-04    0.12080E-05    0.33282E-05   -0.12456E-05    0.22175E-05   -0.65064E-05    0.94399E-05   -0.10619E-05    0.47861E-06    0.27079E-05   -0.37129E-05    0.29211E-05    0.66862E-05    0.11643E-05    0.17691E-05    0.48249E-05   -0.50390E-05   -0.48661E-05    0.42333E-05    0.92817E-05    0.66350E-04    0.21457E-04    0.15590E-04    0.10019E-03   -0.23555E-06   -0.46921E-06   -0.88163E-07   -0.11394E-05   -0.74457E-06    0.33946E-06    0.34246E-06    0.40734E-06    0.44214E-06    0.55622E-06    0.73338E-06    0.39968E-06
   -0.32148E-06    0.59913E-05   -0.57299E-06   -0.92386E-05   -0.14136E-04   -0.37246E-05   -0.14160E-04    0.16283E-02    0.20187E-02    0.32708E-02    0.10316E-04   -0.59676E-03   -0.31352E-04   -0.76279E-06    0.79893E-06   -0.91815E-05   -0.19084E-07    0.45790E-07    0.17270E-04    0.19246E-04    0.13504E-03    0.35668E-04    0.45081E-05   -0.73856E-04    0.64820E-04    0.61164E-04    0.73379E-04   -0.51711E-04   -0.58852E-04    0.38381E-05   -0.70763E-05    0.60104E-04    0.20337E-04   -0.11689E-03   -0.39164E-04    0.49936E-04   -0.15834E-05    0.88949E-04    0.36220E-04   -0.63911E-04    0.22446E-04    0.71604E-05   -0.59192E-04    0.57540E-05   -0.40581E-03    0.47215E-05    0.53648E-05    0.97563E-06    0.17367E-05    0.26758E-05   -0.20793E-05   -0.15237E-05   -0.15339E-05   -0.21301E-05   -0.27965E-05   -0.30844E-05   -0.26308E-05
    0.68613E-07   -0.57299E-06    0.36238E-06    0.12808E-05    0.17259E-05    0.15202E-05    0.63564E-06   -0.79004E-04   -0.48067E-04   -0.36695E-03    0.20621E-05    0.65887E-04    0.82989E-05   -0.34399E-06   -0.38879E-07    0.86889E-06    0.58722E-08   -0.12465E-07   -0.27070E-05   -0.18652E-04   -0.18966E-04   -0.73573E-05    0.19383E-04   -0.10607E-04   -0.11786E-04   -0.84583E-05   -0.17342E-04    0.17041E-04    0.10061E-04    0.21699E-05    0.49994E-06   -0.12652E-05    0.47262E-05    0.53309E-05    0.14876E-05   -0.90285E-05    0.72122E-05   -0.17825E-04   -0.70199E-05    0.11145E-04   -0.90576E-05    0.64773E-04    0.14956E-04   -0.48742E-05    0.59298E-04   -0.39780E-06   -0.93189E-06   -0.10782E-06    0.27465E-05   -0.12687E-05    0.31078E-06    0.29312E-06    0.27138E-06    0.53785E-06    0.12199E-06    0.48731E-06    0.10425E-06
    0.83239E-06   -0.92386E-05    0.12808E-05    0.17568E-03    0.30513E-04    0.32689E-03   -0.27233E-04   -0.99244E-02   -0.12227E-01   -0.11651E-01   -0.23091E-03    0.14015E-02    0.36060E-03   -0.12786E-04    0.90880E-07    0.31108E-04    0.47969E-07    0.21052E-06   -0.13842E-03   -0.15275E-02   -0.36746E-03   -0.19490E-03   -0.46306E-04    0.10079E-03   -0.32544E-03    0.13764E-03   -0.76195E-04    0.32476E-04    0.40720E-03    0.10535E-03   -0.11196E-03    0.17549E-03   -0.27717E-03    0.15569E-03   -0.13463E-03    0.77263E-04   -0.10060E-03   -0.66219E-04   -0.87710E-04    0.40628E-03    0.12531E-03    0.57233E-03    0.65626E-03    0.29163E-03    0.22749E-02   -0.38132E-04   -0.41845E-04   -0.45600E-05    0.12294E-05    0.17185E-04    0.64751E-05    0.61590E-05    0.87156E-05    0.49669E-05    0.69462E-05    0.13335E-04    0.93577E-05
    0.91969E-06   -0.14136E-04    0.17259E-05    0.30513E-04    0.49639E-04    0.22936E-04    0.51356E-04   -0.31936E-01   -0.18903E-01   -0.16292E-01   -0.26738E-04    0.20790E-02    0.68001E-03   -0.23862E-04   -0.64543E-05    0.39639E-04   -0.61651E-07    0.19362E-06   -0.16991E-03   -0.12072E-02   -0.49889E-03   -0.32375E-03   -0.93603E-04    0.18104E-03   -0.64514E-04    0.13245E-03   -0.20274E-04    0.17177E-03    0.20577E-03   -0.70238E-04    0.95931E-04   -0.17123E-03   -0.13545E-03    0.24256E-03    0.10129E-03    0.10567E-03    0.17357E-03   -0.15532E-03   -0.56867E-04    0.22624E-03    0.65993E-04    0.90341E-03    0.13165E-03    0.16099E-03    0.17759E-02   -0.15028E-04   -0.18641E-04   -0.21709E-05   -0.64295E-05   -0.39631E-05    0.10379E-04    0.77335E-05    0.10090E-04    0.95295E-05    0.15193E-04    0.15681E-04    0.12614E-04
    0.10348E-05   -0.37246E-05    0.15202E-05    0.32689E-03    0.22936E-04    0.64703E-03   -0.94964E-04   -0.25012E-01   -0.22403E-01   -0.16579E-01   -0.48773E-03    0.16096E-02    0.75731E-03   -0.33763E-04   -0.18416E-05    0.48046E-04    0.14476E-06    0.85089E-06   -0.29507E-03   -0.34639E-02   -0.88168E-06   -0.24344E-03   -0.65141E-04    0.41568E-04   -0.48404E-03    0.81251E-03    0.95274E-04   -0.10173E-03    0.64984E-03    0.11868E-03   -0.22595E-03    0.57911E-03   -0.50991E-03    0.22298E-04   -0.44980E-03    0.55807E-03   -0.35290E-04    0.11189E-03   -0.98269E-05    0.67489E-03    0.32552E-03    0.12632E-02    0.13736E-02    0.60358E-03    0.32022E-02   -0.73850E-04   -0.92560E-04   -0.84991E-05    0.19719E-04    0.35111E-04    0.86094E-05    0.87845E-05    0.14678E-04    0.57821E-05    0.73011E-05    0.19644E-04    0.10256E-04
    0.81474E-06   -0.14160E-04    0.63564E-06   -0.27233E-04    0.51356E-04   -0.94964E-04    0.18425E-02   -0.20739E-01   -0.14913E-01   -0.11974E-01   -0.22172E-03   -0.10516E-02   -0.83922E-03   -0.10704E-03   -0.79386E-04    0.33820E-04    0.31748E-06    0.16057E-06   -0.44574E-04    0.14341E-02   -0.56284E-03   -0.30518E-03   -0.70416E-03    0.24065E-04    0.67732E-03    0.44293E-03    0.75051E-03   -0.99415E-03    0.10303E-03   -0.69774E-03   -0.33019E-03   -0.15200E-03   -0.64873E-03    0.73163E-04   -0.14420E-03    0.23035E-03   -0.68568E-04   -0.34630E-04    0.59191E-03   -0.72534E-03   -0.22771E-03    0.25820E-03    0.12444E-02   -0.19154E-03    0.10121E-02   -0.87036E-04   -0.96627E-04    0.14938E-04   -0.10670E-03   -0.92887E-04    0.14271E-04    0.16587E-04    0.89846E-05    0.56426E-05    0.24457E-04    0.23379E-04    0.51852E-05
   -0.42948E-03    0.16283E-02   -0.79004E-04   -0.99244E-02   -0.31936E-01   -0.25012E-01   -0.20739E-01    0.15285E+04    0.85244E+02    0.10352E+02   -0.61725E+00   -0.10065E+01   -0.12272E+02   -0.66182E-01   -0.11281E+00   -0.30449E-01    0.10388E-02   -0.30670E-02    0.93841E+00    0.88145E+01    0.15601E+02   -0.59187E+01    0.25543E+00   -0.59981E+00   -0.11881E+01   -0.25880E+01   -0.44080E+01   -0.11240E+01   -0.15936E+00   -0.17821E+01   -0.16835E+00   -0.69607E+00    0.46257E+00   -0.63436E+00   -0.35172E+01   -0.15355E+01   -0.20461E+01   -0.25919E+01    0.35446E+00    0.19197E+01    0.35694E+00   -0.31452E+01    0.52559E+01   -0.61847E+00    0.64061E+01   -0.12101E+00   -0.40172E+00   -0.66004E-01   -0.28422E-01    0.17506E+00   -0.14927E-01    0.10998E-01   -0.25145E-01    0.93777E-02   -0.68438E-01   -0.23239E-01    0.22676E-01
   -0.59243E-03    0.20187E-02   -0.48067E-04   -0.12227E-01   -0.18903E-01   -0.22403E-01   -0.14913E-01    0.85244E+02    0.64571E+02    0.16762E+02    0.58015E-01   -0.19404E+00   -0.22563E+01    0.31610E-01    0.18580E-01   -0.24134E-01    0.66612E-04   -0.98422E-03    0.23500E+00    0.86491E+00   -0.12315E+00   -0.12121E+00   -0.30148E-01    0.28519E-01    0.36520E-02    0.21623E+00   -0.18520E+00   -0.27537E+00   -0.87696E-01    0.22467E+00   -0.17220E+00    0.37248E-01   -0.80147E-01   -0.42252E-02   -0.51563E-01    0.17614E+00   -0.34003E+00   -0.96165E-01   -0.62407E-01    0.50702E-01    0.30350E+00   -0.13657E+01    0.12872E+01   -0.18151E+00    0.67067E-01   -0.10899E-01   -0.59813E-01   -0.30885E-01   -0.52838E-03    0.20339E-01   -0.12159E-01   -0.60811E-02   -0.13981E-01   -0.71014E-02   -0.22998E-01   -0.17016E-01   -0.87412E-02
   -0.56851E-03    0.32708E-02   -0.36695E-03   -0.11651E-01   -0.16292E-01   -0.16579E-01   -0.11974E-01    0.10352E+02    0.16762E+02    0.95494E+02   -0.11629E+01   -0.33822E+02    0.42401E+00   -0.36982E+00   -0.33135E-01   -0.44069E+00    0.20877E-04    0.16266E-03   -0.39532E-01    0.51450E+00   -0.23164E+00    0.27282E+00    0.17359E+00   -0.18855E+00   -0.33091E-01    0.13237E+00    0.14780E+00   -0.47641E-01   -0.32264E-01    0.13599E+00    0.13293E+00    0.41850E+00   -0.31967E+00    0.93966E-01    0.24912E+00    0.19233E+00    0.74712E-01    0.17437E+00    0.10030E+00   -0.21399E+00    0.18713E+00    0.17713E+02   -0.66539E+00    0.52594E+00    0.88080E+01   -0.57914E-01   -0.92457E-01   -0.13510E-02    0.87295E-02    0.43270E-01   -0.64551E-02   -0.26728E-01   -0.51064E-02   -0.33418E-01   -0.40467E-02   -0.67568E-02   -0.57541E-01
   -0.16819E-06    0.10316E-04    0.20621E-05   -0.23091E-03   -0.26738E-04   -0.48773E-03   -0.22172E-03   -0.61725E+00    0.58015E-01   -0.11629E+01    0.66654E+00    0.12325E+01    0.57958E+00    0.34804E-02   -0.29092E-02   -0.17488E-02    0.13261E-06    0.82919E-04    0.52960E-02   -0.95456E+00   -0.69983E-02   -0.18163E-01    0.89714E-02   -0.90271E-02    0.19644E-01   -0.10590E-01    0.18078E-01   -0.62321E-02    0.18577E-01   -0.61033E-02    0.96138E-02   -0.50224E-01    0.32905E-02   -0.29060E-01   -0.16940E-01   -0.21393E-02   -0.89031E-02    0.29012E-01    0.50563E-02    0.92741E-02    0.50109E-01   -0.19008E+00   -0.24154E+00   -0.25003E-01    0.17363E-01    0.49870E-01    0.47483E-01   -0.39877E-02   -0.19620E-02   -0.61507E-02    0.51981E-04    0.32118E-03   -0.23435E-05    0.15345E-03   -0.85170E-03    0.37516E-03    0.18170E-02
    0.36775E-04   -0.59676E-03    0.65887E-04    0.14015E-02    0.20790E-02    0.16096E-02   -0.10516E-02   -0.10065E+01   -0.19404E+00   -0.33822E+02    0.12325E+01    0.21111E+02    0.20356E+01    0.22368E+00    0.26889E-01    0.28040E+00   -0.27534E-05   -0.83714E-04   -0.32660E+00   -0.41818E+01    0.26250E+00   -0.24907E+00   -0.19048E+00    0.66107E-01    0.82762E-01    0.93539E-02    0.95381E-02   -0.12582E+00    0.22087E+00   -0.23107E+00   -0.19368E+00   -0.52507E+00    0.12328E+00   -0.22509E+00   -0.34383E+00   -0.12028E+00   -0.93636E-01   -0.35723E-01    0.12182E+00    0.26845E+00   -0.35909E+00   -0.11714E+02   -0.16775E+00   -0.71114E+00   -0.76829E+01    0.61691E-01    0.72218E-01   -0.84428E-02    0.52113E-02   -0.19680E-01   -0.92996E-03    0.61152E-02   -0.22343E-02    0.89701E-02   -0.97332E-03   -0.40631E-02    0.20263E-01
    0.15917E-04   -0.31352E-04    0.82989E-05    0.36060E-03    0.68001E-03    0.75731E-03   -0.83922E-03   -0.12272E+02   -0.22563E+01    0.42401E+00    0.57958E+00    0.20356E+01    0.20667E+01    0.20370E-01    0.23748E-01    0.15997E-01    0.64592E-05   -0.86827E-04   -0.19170E+00   -0.25048E+01    0.45178E-01    0.22468E-02   -0.72922E-02    0.37677E-04    0.61327E-01    0.71836E-01    0.37614E-01   -0.49251E-02    0.43531E-02   -0.29151E-01   -0.65296E-01   -0.19351E-01    0.10346E-01   -0.15654E-01   -0.15639E-01    0.34435E-02    0.27847E-01    0.85030E-02    0.12390E-02    0.34946E-03   -0.79099E-01   -0.76085E+00   -0.80332E+00   -0.11737E+00   -0.11751E+01    0.46098E-01    0.71203E-01   -0.20093E-02   -0.98199E-04   -0.63443E-02    0.40591E-03   -0.25642E-02    0.33003E-03   -0.26477E-02    0.35806E-02    0.41263E-03   -0.15379E-02
   -0.10315E-05   -0.76279E-06   -0.34399E-06   -0.12786E-04   -0.23862E-04   -0.33763E-04   -0.10704E-03   -0.66182E-01    0.31610E-01   -0.36982E+00    0.34804E-02    0.22368E+00    0.20370E-01    0.48118E-02   -0.68954E-04    0.31584E-02    0.17381E-06   -0.43493E-05   -0.83736E-03   -0.20832E-01    0.18943E-02    0.26141E-02   -0.19738E-02    0.10887E-02    0.63501E-03    0.10860E-03   -0.35784E-02    0.13489E-02   -0.35129E-02    0.99542E-03   -0.19372E-02    0.38741E-03    0.17848E-02    0.53206E-03   -0.10467E-02   -0.75373E-03   -0.79550E-03   -0.35359E-02   -0.47092E-02   -0.38232E-02   -0.11504E-02   -0.15058E+00   -0.73849E-02   -0.32414E-02   -0.10670E+00    0.36907E-03    0.15509E-02    0.36812E-03   -0.32361E-04    0.49358E-04   -0.21992E-04   -0.38380E-05   -0.51207E-04    0.51552E-04    0.77500E-05   -0.72910E-04    0.19680E-03
   -0.38420E-06    0.79893E-06   -0.38879E-07    0.90880E-07   -0.64543E-05   -0.18416E-05   -0.79386E-04   -0.11281E+00    0.18580E-01   -0.33135E-01   -0.29092E-02    0.26889E-01    0.23748E-01   -0.68954E-04    0.29122E-02   -0.19727E-03    0.11902E-06    0.34794E-05   -0.84324E-03   -0.16710E-01    0.94193E-03   -0.74667E-03    0.20374E-03   -0.55378E-03    0.52031E-03   -0.13178E-02   -0.45740E-03   -0.18331E-04    0.13923E-02    0.44403E-03    0.56730E-03   -0.15256E-02    0.40027E-03    0.29217E-03   -0.33501E-03   -0.57444E-03   -0.79346E-03    0.57402E-03    0.87790E-03    0.16060E-02    0.63168E-02    0.16694E-02   -0.13493E-01    0.34162E-02    0.10029E-02    0.18730E-03    0.15726E-02   -0.39818E-03   -0.30553E-04   -0.15365E-03    0.58744E-05    0.34132E-04    0.65757E-05    0.30850E-04    0.61986E-04    0.11501E-04    0.95741E-04
    0.76381E-06   -0.91815E-05    0.86889E-06    0.31108E-04    0.39639E-04    0.48046E-04    0.33820E-04   -0.30449E-01   -0.24134E-01   -0.44069E+00   -0.17488E-02    0.28040E+00    0.15997E-01    0.31584E-02   -0.19727E-03    0.50442E-02   -0.51416E-07   -0.92748E-05   -0.50071E-02   -0.31842E-01    0.63580E-02   -0.67874E-02   -0.46432E-02    0.66110E-03    0.11044E-02    0.24291E-02    0.31276E-02   -0.43417E-02    0.75118E-02   -0.66131E-02   -0.71579E-02   -0.11450E-01    0.20294E-02   -0.59561E-02   -0.72002E-02   -0.32700E-02   -0.10496E-02    0.20759E-02    0.70781E-02    0.93706E-02   -0.86637E-02   -0.19005E+00    0.18460E-02   -0.10395E-01   -0.13759E+00   -0.46665E-03   -0.14159E-03    0.25065E-03    0.17381E-03   -0.97723E-04   -0.48587E-05    0.36041E-04   -0.28137E-04    0.81824E-04    0.52491E-04   -0.67738E-04    0.18501E-03
    0.35673E-08   -0.19084E-07    0.58722E-08    0.47969E-07   -0.61651E-07    0.14476E-06    0.31748E-06    0.10388E-02    0.66612E-04    0.20877E-04    0.13261E-06   -0.27534E-05    0.64592E-05    0.17381E-06    0.11902E-06   -0.51416E-07    0.15313E-06    0.31802E-08   -0.11382E-05   -0.16914E-04   -0.29046E-04   -0.19941E-04   -0.43154E-06   -0.45245E-06    0.10806E-04    0.74011E-05    0.11288E-04    0.38867E-06    0.65485E-05    0.10423E-04    0.17379E-06    0.80719E-05    0.15427E-04    0.47432E-05   -0.29052E-05    0.53763E-05    0.17069E-05    0.12338E-04    0.22139E-05    0.72319E-05    0.65340E-05   -0.11244E-04    0.51529E-05    0.13132E-06   -0.12962E-05    0.21223E-06    0.12630E-06   -0.19683E-06    0.37331E-06   -0.82524E-07   -0.43437E-07    0.55226E-08    0.41791E-07   -0.50660E-07   -0.23912E-07   -0.98390E-08   -0.82537E-07
   -0.28623E-08    0.45790E-07   -0.12465E-07    0.21052E-06    0.19362E-06    0.85089E-06    0.16057E-06   -0.30670E-02   -0.98422E-03    0.16266E-03    0.82919E-04   -0.83714E-04   -0.86827E-04   -0.43493E-05    0.34794E-05   -0.92748E-05    0.31802E-08    0.11696E-05    0.22098E-04    0.26329E-04    0.93762E-04    0.28801E-04   -0.11322E-04   -0.26821E-04    0.68582E-05    0.42359E-03    0.36502E-04   -0.33224E-04   -0.16135E-04    0.43278E-04   -0.39416E-03    0.32299E-04   -0.10648E-03    0.15458E-04    0.90939E-05    0.63383E-04    0.45718E-04   -0.48873E-04   -0.78890E-04    0.55445E-05    0.62743E-04    0.23793E-03    0.41754E-04    0.38474E-04    0.35655E-03    0.48219E-05    0.26315E-05   -0.27078E-05    0.11791E-05    0.16069E-05    0.30962E-06    0.55113E-06    0.40182E-06    0.61822E-06   -0.35906E-06    0.31276E-06    0.11917E-05
   -0.25682E-05    0.17270E-04   -0.27070E-05   -0.13842E-03   -0.16991E-03   -0.29507E-03   -0.44574E-04    0.93841E+00    0.23500E+00   -0.39532E-01    0.52960E-02   -0.32660E+00   -0.19170E+00   -0.83736E-03   -0.84324E-03   -0.50071E-02   -0.11382E-05    0.22098E-04    0.64502E-01    0.36513E+00   -0.11763E-01    0.29472E-02    0.58478E-02   -0.69631E-02   -0.59188E-02   -0.12858E-01   -0.19575E-02    0.41776E-02   -0.44506E-03    0.11442E-01    0.62044E-02   -0.20019E-02   -0.15536E-02   -0.84270E-02    0.37119E-02   -0.39599E-02   -0.78936E-02    0.70667E-02   -0.67110E-02   -0.16923E-02    0.60037E-01    0.12895E+00    0.49651E-02    0.57949E-01    0.21650E+00    0.44061E-02    0.84828E-02    0.11596E-02   -0.93184E-03    0.31874E-03    0.44837E-04    0.27999E-03    0.46272E-04    0.26220E-03   -0.29831E-03    0.22468E-03    0.61272E-03
   -0.45099E-04    0.19246E-04   -0.18652E-04   -0.15275E-02   -0.12072E-02   -0.34639E-02    0.14341E-02    0.88145E+01    0.86491E+00    0.51450E+00   -0.95456E+00   -0.41818E+01   -0.25048E+01   -0.20832E-01   -0.16710E-01   -0.31842E-01   -0.16914E-04    0.26329E-04    0.36513E+00    0.46887E+01   -0.62696E-01    0.32791E-01    0.32212E-01   -0.98048E-02   -0.61755E-01   -0.87280E-01   -0.62154E-01    0.50854E-01   -0.99348E-02    0.63346E-01    0.43069E-01    0.56020E-01   -0.24131E-01    0.37022E-01    0.53089E-01   -0.33303E-01   -0.22804E-01   -0.12213E-01   -0.48469E-01    0.39625E-02    0.73082E-01    0.12377E+01    0.36326E+00    0.25833E+00    0.16264E+01   -0.51165E-01   -0.35184E-01    0.17214E-01   -0.67804E-02    0.57351E-02    0.88051E-03    0.28391E-02    0.89957E-03    0.29979E-02   -0.35546E-03    0.15112E-02    0.24670E-02
   -0.19223E-04    0.13504E-03   -0.18966E-04   -0.36746E-03   -0.49889E-03   -0.88168E-06   -0.56284E-03    0.15601E+02   -0.12315E+00   -0.23164E+00   -0.69983E-02    0.26250E+00    0.45178E-01    0.18943E-02    0.94193E-03    0.63580E-02   -0.29046E-04    0.93762E-04   -0.11763E-01   -0.62696E-01    0.65544E+00   -0.13776E+00   -0.24052E-01    0.10435E-02   -0.52010E-02    0.18705E+00   -0.38372E-01   -0.55366E-01   -0.43621E-02   -0.85576E-01    0.85424E-02    0.39987E-01   -0.37909E-01   -0.37085E-01   -0.14237E+00    0.15045E+00    0.40998E-01   -0.21346E-01    0.51377E-01    0.74302E-01   -0.13701E-01   -0.23993E+00   -0.25171E-01   -0.88706E-02   -0.22182E+00    0.11996E-03    0.56487E-03    0.28114E-03    0.14147E-02    0.24306E-02    0.13567E-03   -0.22134E-03   -0.56572E-04   -0.43261E-05    0.18418E-03   -0.26920E-03    0.14641E-03
   -0.14363E-04    0.35668E-04   -0.73573E-05   -0.19490E-03   -0.32375E-03   -0.24344E-03   -0.30518E-03   -0.59187E+01   -0.12121E+00    0.27282E+00   -0.18163E-01   -0.24907E+00    0.22468E-02    0.26141E-02   -0.74667E-03   -0.67874E-02   -0.19941E-04    0.28801E-04    0.29472E-02    0.32791E-01   -0.13776E+00    0.92646E+00   -0.25005E-02   -0.19400E-02    0.11433E-01   -0.15587E+00    0.17341E+00    0.62040E-01   -0.41065E-01    0.36096E-01   -0.12125E+00    0.98509E-02   -0.87213E-02    0.35413E-02    0.17711E+00   -0.22924E+00    0.41749E-01    0.87514E-01    0.29743E-02   -0.24414E+00    0.92274E-02    0.18198E+00   -0.21573E-01    0.10316E-01    0.19604E+00   -0.17024E-02   -0.26447E-02    0.96982E-05   -0.10622E-03   -0.46111E-02   -0.40704E-04   -0.25815E-03   -0.25244E-03   -0.66949E-04   -0.48698E-05   -0.88171E-04    0.20143E-04
    0.12080E-05    0.45081E-05    0.19383E-04   -0.46306E-04   -0.93603E-04   -0.65141E-04   -0.70416E-03    0.25543E+00   -0.30148E-01    0.17359E+00    0.89714E-02   -0.19048E+00   -0.72922E-02   -0.19738E-02    0.20374E-03   -0.46432E-02   -0.43154E-06   -0.11322E-04    0.58478E-02    0.32212E-01   -0.24052E-01   -0.25005E-02    0.94931E+00   -0.90970E-02   -0.32763E-01   -0.36504E-01   -0.32709E-01    0.14439E+00   -0.18717E-01    0.75739E-01    0.34790E-02    0.54580E-01   -0.21922E-01   -0.31250E-01    0.10329E+00   -0.38020E-01    0.24931E-01   -0.18568E-02   -0.15789E+00    0.78014E-01    0.84197E-02    0.14145E+00   -0.14755E-01    0.71178E-02    0.18300E+00    0.21537E-02    0.15145E-02   -0.57252E-04   -0.21352E-02   -0.82101E-03    0.13696E-03   -0.18284E-03   -0.19888E-04   -0.26809E-04   -0.15078E-03    0.95292E-04    0.47860E-03
    0.33282E-05   -0.73856E-04   -0.10607E-04    0.10079E-03    0.18104E-03    0.41568E-04    0.24065E-04   -0.59981E+00    0.28519E-01   -0.18855E+00   -0.90271E-02    0.66107E-01    0.37677E-04    0.10887E-02   -0.55378E-03    0.66110E-03   -0.45245E-06   -0.26821E-04   -0.69631E-02   -0.98048E-02    0.10435E-02   -0.19400E-02   -0.90970E-02    0.99611E+00   -0.19769E-01    0.67929E-01   -0.65684E-01    0.84352E-01   -0.79059E-01    0.53554E-01    0.90740E-01    0.13558E+00    0.56595E-01    0.15622E+00   -0.11105E+00    0.10393E+00    0.62743E-01    0.16022E-01   -0.10072E+00    0.58176E-01   -0.95355E-02    0.45735E-01    0.41246E-02   -0.14695E-02    0.18491E-01   -0.13324E-02   -0.56199E-03    0.16561E-03    0.42958E-02    0.37054E-02    0.22866E-04    0.40096E-03    0.55210E-04    0.17045E-03    0.23216E-03    0.11989E-03   -0.53975E-04
   -0.12456E-05    0.64820E-04   -0.11786E-04   -0.32544E-03   -0.64514E-04   -0.48404E-03    0.67732E-03   -0.11881E+01    0.36520E-02   -0.33091E-01    0.19644E-01    0.82762E-01    0.61327E-01    0.63501E-03    0.52031E-03    0.11044E-02    0.10806E-04    0.68582E-05   -0.59188E-02   -0.61755E-01   -0.52010E-02    0.11433E-01   -0.32763E-01   -0.19769E-01    0.10138E+01    0.28878E-01    0.51874E-01   -0.33248E-01    0.45303E-01    0.73396E-01    0.32962E-01   -0.70491E-01   -0.84357E-01    0.53912E-01    0.40131E-01    0.64380E-01   -0.67537E-01    0.82158E-01   -0.21595E-01    0.25271E-02   -0.15874E-02   -0.60351E-01   -0.32208E-01   -0.12626E-02   -0.36962E-01    0.15946E-02    0.27208E-02    0.12470E-03   -0.44540E-02   -0.34695E-02   -0.67787E-05    0.13767E-04    0.14697E-04   -0.23446E-04    0.45618E-03   -0.17247E-04   -0.48476E-06
    0.22175E-05    0.61164E-04   -0.84583E-05    0.13764E-03    0.13245E-03    0.81251E-03    0.44293E-03   -0.25880E+01    0.21623E+00    0.13237E+00   -0.10590E-01    0.93539E-02    0.71836E-01    0.10860E-03   -0.13178E-02    0.24291E-02    0.74011E-05    0.42359E-03   -0.12858E-01   -0.87280E-01    0.18705E+00   -0.15587E+00   -0.36504E-01    0.67929E-01    0.28878E-01    0.77312E+00   -0.10775E-01   -0.25127E-01   -0.69245E-02   -0.23120E-01    0.57821E-01    0.11792E+00   -0.90969E-01    0.11758E-01   -0.88239E-01    0.61355E+00    0.21382E+00   -0.39068E-01   -0.27271E-01    0.94672E-01   -0.79409E-02   -0.26705E-01   -0.20619E-01    0.33282E-02   -0.85085E-01   -0.17226E-02   -0.88366E-03    0.49804E-03   -0.41469E-03    0.37591E-02    0.38468E-03   -0.21917E-03    0.31866E-03   -0.65452E-04    0.61598E-03    0.19582E-03   -0.32976E-03
   -0.65064E-05    0.73379E-04   -0.17342E-04   -0.76195E-04   -0.20274E-04    0.95274E-04    0.75051E-03   -0.44080E+01   -0.18520E+00    0.14780E+00    0.18078E-01    0.95381E-02    0.37614E-01   -0.35784E-02   -0.45740E-03    0.31276E-02    0.11288E-04    0.36502E-04   -0.19575E-02   -0.62154E-01   -0.38372E-01    0.17341E+00   -0.32709E-01   -0.65684E-01    0.51874E-01   -0.10775E-01    0.98860E+00   -0.12559E-01   -0.25991E-02   -0.38817E-02    0.31292E-01   -0.58069E-03   -0.63710E-01   -0.10592E-01    0.15232E+00   -0.84696E-01    0.24057E+00    0.77542E+00    0.30244E+00   -0.19789E+00   -0.34909E-02   -0.21010E-01    0.24030E-01    0.12111E-01   -0.95751E-01   -0.69616E-03    0.38534E-03    0.26184E-03    0.17474E-02   -0.26597E-02    0.36648E-04   -0.24235E-03    0.44399E-04   -0.30024E-03    0.22081E-03    0.17952E-03    0.45656E-03
    0.94399E-05   -0.51711E-04    0.17041E-04    0.32476E-04    0.17177E-03   -0.10173E-03   -0.99415E-03   -0.11240E+01   -0.27537E+00   -0.47641E-01   -0.62321E-02   -0.12582E+00   -0.49251E-02    0.13489E-02   -0.18331E-04   -0.43417E-02    0.38867E-06   -0.33224E-04    0.41776E-02    0.50854E-01   -0.55366E-01    0.62040E-01    0.14439E+00    0.84352E-01   -0.33248E-01   -0.25127E-01   -0.12559E-01    0.95096E+00   -0.62624E-02   -0.83820E-02    0.84247E-01   -0.38466E-01    0.12505E+00    0.15327E+00   -0.12989E+00   -0.19504E+00    0.59428E+00    0.12064E+00   -0.59737E+00    0.16541E+00   -0.99658E-04    0.11861E+00   -0.14414E-01    0.11377E-01    0.26622E+00    0.12662E-03    0.71602E-03    0.24418E-03   -0.20777E-02    0.28442E-02    0.19069E-03    0.20232E-04    0.85995E-04    0.21401E-03    0.12232E-03   -0.37011E-04    0.83288E-03
   -0.10619E-05   -0.58852E-04    0.10061E-04    0.40720E-03    0.20577E-03    0.64984E-03    0.10303E-03   -0.15936E+00   -0.87696E-01   -0.32264E-01    0.18577E-01    0.22087E+00    0.43531E-02   -0.35129E-02    0.13923E-02    0.75118E-02    0.65485E-05   -0.16135E-04   -0.44506E-03   -0.99348E-02   -0.43621E-02   -0.41065E-01   -0.18717E-01   -0.79059E-01    0.45303E-01   -0.69245E-02   -0.25991E-02   -0.62624E-02    0.98048E+00   -0.20646E-01   -0.27526E-01   -0.11218E+00   -0.13074E+00   -0.38389E-01   -0.10495E+00   -0.75105E-01    0.73635E-01   -0.45601E-01    0.30571E+00    0.66006E+00   -0.15491E-01   -0.15484E+00   -0.10143E-01   -0.11693E-01   -0.14917E+00    0.15496E-02    0.13466E-02   -0.59480E-03    0.47111E-02    0.18536E-02   -0.16055E-03    0.49287E-03    0.20050E-04    0.70329E-04   -0.11573E-03   -0.16650E-03    0.26511E-03
    0.47861E-06    0.38381E-05    0.21699E-05    0.10535E-03   -0.70238E-04    0.11868E-03   -0.69774E-03   -0.17821E+01    0.22467E+00    0.13599E+00   -0.61033E-02   -0.23107E+00   -0.29151E-01    0.99542E-03    0.44403E-03   -0.66131E-02    0.10423E-04    0.43278E-04    0.11442E-01    0.63346E-01   -0.85576E-01    0.36096E-01    0.75739E-01    0.53554E-01    0.73396E-01   -0.23120E-01   -0.38817E-02   -0.83820E-02   -0.20646E-01    0.10310E+01   -0.41722E-01    0.76298E-01    0.49968E-01    0.14001E+00    0.14209E-01    0.13124E+00   -0.59203E+00    0.39182E+00   -0.35430E+00    0.20659E+00    0.10270E-01    0.15165E+00    0.25870E-02    0.10110E-01    0.10775E+00   -0.13598E-02    0.11800E-02   -0.12449E-03    0.13986E-03   -0.12671E-02   -0.16562E-03    0.12648E-03   -0.92859E-04   -0.38576E-04    0.10310E-03   -0.61878E-04    0.56137E-04
    0.27079E-05   -0.70763E-05    0.49994E-06   -0.11196E-03    0.95931E-04   -0.22595E-03   -0.33019E-03   -0.16835E+00   -0.17220E+00    0.13293E+00    0.96138E-02   -0.19368E+00   -0.65296E-01   -0.19372E-02    0.56730E-03   -0.71579E-02    0.17379E-06   -0.39416E-03    0.62044E-02    0.43069E-01    0.85424E-02   -0.12125E+00    0.34790E-02    0.90740E-01    0.32962E-01    0.57821E-01    0.31292E-01    0.84247E-01   -0.27526E-01   -0.41722E-01    0.83932E+00   -0.26942E-02   -0.51513E-02    0.15954E-01   -0.44952E-01    0.57686E+00    0.16000E+00    0.10398E+00    0.16038E-01   -0.84586E-01    0.56033E-02    0.32998E+00    0.48651E-01    0.14932E-01    0.26874E+00   -0.33859E-04   -0.14442E-02   -0.90240E-03   -0.18349E-02    0.19463E-02    0.44336E-04    0.53830E-03    0.54487E-04    0.60272E-03   -0.25777E-03    0.91477E-04    0.27338E-03
   -0.37129E-05    0.60104E-04   -0.12652E-05    0.17549E-03   -0.17123E-03    0.57911E-03   -0.15200E-03   -0.69607E+00    0.37248E-01    0.41850E+00   -0.50224E-01   -0.52507E+00   -0.19351E-01    0.38741E-03   -0.15256E-02   -0.11450E-01    0.80719E-05    0.32299E-04   -0.20019E-02    0.56020E-01    0.39987E-01    0.98509E-02    0.54580E-01    0.13558E+00   -0.70491E-01    0.11792E+00   -0.58069E-03   -0.38466E-01   -0.11218E+00    0.76298E-01   -0.26942E-02    0.99577E+00    0.28530E-01    0.88079E-02   -0.64665E-02    0.87331E-01    0.17498E+00   -0.40491E-02    0.14115E+00    0.14427E+00   -0.44119E-02    0.47816E+00    0.17572E-01    0.83387E-02    0.24604E+00   -0.47682E-02   -0.45169E-02    0.29051E-03    0.19012E-02    0.12796E-02    0.14848E-04    0.50762E-04    0.34261E-04    0.18355E-04   -0.59830E-03    0.11737E-03   -0.34584E-03
    0.29211E-05    0.20337E-04    0.47262E-05   -0.27717E-03   -0.13545E-03   -0.50991E-03   -0.64873E-03    0.46257E+00   -0.80147E-01   -0.31967E+00    0.32905E-02    0.12328E+00    0.10346E-01    0.17848E-02    0.40027E-03    0.20294E-02    0.15427E-04   -0.10648E-03   -0.15536E-02   -0.24131E-01   -0.37909E-01   -0.87213E-02   -0.21922E-01    0.56595E-01   -0.84357E-01   -0.90969E-01   -0.63710E-01    0.12505E+00   -0.13074E+00    0.49968E-01   -0.51513E-02    0.28530E-01    0.99162E+00   -0.65027E-02    0.17250E-02   -0.10413E+00    0.37178E-01    0.15690E+00    0.47504E-01   -0.61456E-01   -0.11096E-01   -0.10356E+00    0.28987E-01   -0.93045E-02    0.16164E-01   -0.16876E-02   -0.13440E-02    0.12178E-03    0.85899E-03    0.16888E-03   -0.32830E-04   -0.47547E-04   -0.14547E-03    0.32705E-04    0.42784E-03   -0.14314E-03    0.46525E-03
    0.66862E-05   -0.11689E-03    0.53309E-05    0.15569E-03    0.24256E-03    0.22298E-04    0.73163E-04   -0.63436E+00   -0.42252E-02    0.93966E-01   -0.29060E-01   -0.22509E+00   -0.15654E-01    0.53206E-03    0.29217E-03   -0.59561E-02    0.47432E-05    0.15458E-04   -0.84270E-02    0.37022E-01   -0.37085E-01    0.35413E-02   -0.31250E-01    0.15622E+00    0.53912E-01    0.11758E-01   -0.10592E-01    0.15327E+00   -0.38389E-01    0.14001E+00    0.15954E-01    0.88079E-02   -0.65027E-02    0.97309E+00    0.17848E-01   -0.14346E-03    0.42702E-01    0.12052E+00   -0.25226E+00    0.11514E+00   -0.10781E-01    0.24983E+00    0.28618E-01    0.59353E-02    0.15342E+00   -0.42379E-02   -0.32176E-02   -0.21022E-03    0.25484E-02   -0.27887E-02    0.14360E-03    0.34988E-03    0.10405E-03    0.15181E-03    0.28628E-04   -0.14340E-04   -0.32848E-03
    0.11643E-05   -0.39164E-04    0.14876E-05   -0.13463E-03    0.10129E-03   -0.44980E-03   -0.14420E-03   -0.35172E+01   -0.51563E-01    0.24912E+00   -0.16940E-01   -0.34383E+00   -0.15639E-01   -0.10467E-02   -0.33501E-03   -0.72002E-02   -0.29052E-05    0.90939E-05    0.37119E-02    0.53089E-01   -0.14237E+00    0.17711E+00    0.10329E+00   -0.11105E+00    0.40131E-01   -0.88239E-01    0.15232E+00   -0.12989E+00   -0.10495E+00    0.14209E-01   -0.44952E-01   -0.64665E-02    0.17250E-02    0.17848E-01    0.98174E+00   -0.86253E-01   -0.59451E-01    0.36753E-01    0.15871E+00   -0.10746E+00    0.62310E-02    0.15457E+00   -0.20612E-01   -0.15870E-02    0.11353E+00   -0.88516E-03   -0.12218E-02    0.15089E-03    0.10857E-02   -0.56328E-02    0.17289E-03   -0.31254E-03    0.90751E-04   -0.30203E-03    0.26359E-03    0.30420E-03   -0.48042E-03
    0.17691E-05    0.49936E-04   -0.90285E-05    0.77263E-04    0.10567E-03    0.55807E-03    0.23035E-03   -0.15355E+01    0.17614E+00    0.19233E+00   -0.21393E-02   -0.12028E+00    0.34435E-02   -0.75373E-03   -0.57444E-03   -0.32700E-02    0.53763E-05    0.63383E-04   -0.39599E-02   -0.33303E-01    0.15045E+00   -0.22924E+00   -0.38020E-01    0.10393E+00    0.64380E-01    0.61355E+00   -0.84696E-01   -0.19504E+00   -0.75105E-01    0.13124E+00    0.57686E+00    0.87331E-01   -0.10413E+00   -0.14346E-03   -0.86253E-01    0.93321E+00   -0.38628E-01    0.12133E-01   -0.94551E-02   -0.27245E-02    0.12688E-02    0.18280E+00    0.17024E-01    0.10469E-01    0.74137E-01   -0.13351E-02   -0.14654E-02   -0.28436E-03   -0.12465E-02    0.38029E-02    0.25087E-03    0.19246E-03    0.21303E-03    0.30715E-03    0.21200E-03    0.18824E-03   -0.29714E-03
    0.48249E-05   -0.15834E-05    0.72122E-05   -0.10060E-03    0.17357E-03   -0.35290E-04   -0.68568E-04   -0.20461E+01   -0.34003E+00    0.74712E-01   -0.89031E-02   -0.93636E-01    0.27847E-01   -0.79550E-03   -0.79346E-03   -0.10496E-02    0.17069E-05    0.45718E-04   -0.78936E-02   -0.22804E-01    0.40998E-01    0.41749E-01    0.24931E-01    0.62743E-01   -0.67537E-01    0.21382E+00    0.24057E+00    0.59428E+00    0.73635E-01   -0.59203E+00    0.16000E+00    0.17498E+00    0.37178E-01    0.42702E-01   -0.59451E-01   -0.38628E-01    0.96964E+00   -0.14272E-01    0.31482E-01   -0.13359E-01   -0.10359E-01    0.13986E+00    0.82188E-02    0.80650E-02    0.15370E+00   -0.13595E-02   -0.19033E-02    0.33481E-03   -0.13090E-02    0.15715E-02    0.30596E-03   -0.87238E-05    0.26034E-03    0.18189E-03    0.20839E-03    0.16430E-03    0.50125E-03
   -0.50390E-05    0.88949E-04   -0.17825E-04   -0.66219E-04   -0.15532E-03    0.11189E-03   -0.34630E-04   -0.25919E+01   -0.96165E-01    0.17437E+00    0.29012E-01   -0.35723E-01    0.85030E-02   -0.35359E-02    0.57402E-03    0.20759E-02    0.12338E-04   -0.48873E-04    0.70667E-02   -0.12213E-01   -0.21346E-01    0.87514E-01   -0.18568E-02    0.16022E-01    0.82158E-01   -0.39068E-01    0.77542E+00    0.12064E+00   -0.45601E-01    0.39182E+00    0.10398E+00   -0.40491E-02    0.15690E+00    0.12052E+00    0.36753E-01    0.12133E-01   -0.14272E-01    0.98754E+00    0.18216E-02   -0.60651E-02    0.71211E-03    0.23531E-01    0.26518E-01    0.10385E-01   -0.28105E-01    0.99111E-04    0.17009E-02   -0.51486E-04    0.16982E-02   -0.10554E-02    0.16880E-04   -0.39891E-04   -0.28573E-04   -0.13196E-03    0.25798E-03    0.48726E-04    0.47901E-03
   -0.48661E-05    0.36220E-04   -0.70199E-05   -0.87710E-04   -0.56867E-04   -0.98269E-05    0.59191E-03    0.35446E+00   -0.62407E-01    0.10030E+00    0.50563E-02    0.12182E+00    0.12390E-02   -0.47092E-02    0.87790E-03    0.70781E-02    0.22139E-05   -0.78890E-04   -0.67110E-02   -0.48469E-01    0.51377E-01    0.29743E-02   -0.15789E+00   -0.10072E+00   -0.21595E-01   -0.27271E-01    0.30244E+00   -0.59737E+00    0.30571E+00   -0.35430E+00    0.16038E-01    0.14115E+00    0.47504E-01   -0.25226E+00    0.15871E+00   -0.94551E-02    0.31482E-01    0.18216E-02    0.98411E+00    0.70708E-02   -0.96284E-02   -0.71273E-01    0.26025E-01   -0.10660E-01   -0.21654E+00   -0.53187E-03   -0.21249E-02   -0.61788E-03    0.31310E-02   -0.51075E-02   -0.13144E-03    0.95978E-04    0.42375E-04   -0.76889E-04   -0.62353E-04    0.82522E-04   -0.36104E-03
    0.42333E-05   -0.63911E-04    0.11145E-04    0.40628E-03    0.22624E-03    0.67489E-03   -0.72534E-03    0.19197E+01    0.50702E-01   -0.21399E+00    0.92741E-02    0.26845E+00    0.34946E-03   -0.38232E-02    0.16060E-02    0.93706E-02    0.72319E-05    0.55445E-05   -0.16923E-02    0.39625E-02    0.74302E-01   -0.24414E+00    0.78014E-01    0.58176E-01    0.25271E-02    0.94672E-01   -0.19789E+00    0.16541E+00    0.66006E+00    0.20659E+00   -0.84586E-01    0.14427E+00   -0.61456E-01    0.11514E+00   -0.10746E+00   -0.27245E-02   -0.13359E-01   -0.60651E-02    0.70708E-02    0.97684E+00   -0.20311E-01   -0.22868E+00   -0.17039E-01   -0.16691E-01   -0.20511E+00    0.14344E-02    0.24531E-02   -0.44914E-03    0.33583E-02    0.34816E-02   -0.95492E-04    0.39845E-03    0.44386E-04    0.55660E-04   -0.21151E-03   -0.20178E-03    0.89902E-04
    0.92817E-05    0.22446E-04   -0.90576E-05    0.12531E-03    0.65993E-04    0.32552E-03   -0.22771E-03    0.35694E+00    0.30350E+00    0.18713E+00    0.50109E-01   -0.35909E+00   -0.79099E-01   -0.11504E-02    0.63168E-02   -0.86637E-02    0.65340E-05    0.62743E-04    0.60037E-01    0.73082E-01   -0.13701E-01    0.92274E-02    0.84197E-02   -0.95355E-02   -0.15874E-02   -0.79409E-02   -0.34909E-02   -0.99658E-04   -0.15491E-01    0.10270E-01    0.56033E-02   -0.44119E-02   -0.11096E-01   -0.10781E-01    0.62310E-02    0.12688E-02   -0.10359E-01    0.71211E-03   -0.96284E-02   -0.20311E-01    0.34355E+00    0.20242E+00    0.83078E-02    0.15529E+00    0.53812E+00    0.12659E-01    0.16207E-01   -0.45081E-02   -0.35183E-02    0.19059E-03    0.64719E-03   -0.43145E-04    0.77493E-03    0.45877E-04   -0.55151E-03    0.31500E-03    0.15996E-02
    0.66350E-04    0.71604E-05    0.64773E-04    0.57233E-03    0.90341E-03    0.12632E-02    0.25820E-03   -0.31452E+01   -0.13657E+01    0.17713E+02   -0.19008E+00   -0.11714E+02   -0.76085E+00   -0.15058E+00    0.16694E-02   -0.19005E+00   -0.11244E-04    0.23793E-03    0.12895E+00    0.12377E+01   -0.23993E+00    0.18198E+00    0.14145E+00    0.45735E-01   -0.60351E-01   -0.26705E-01   -0.21010E-01    0.11861E+00   -0.15484E+00    0.15165E+00    0.32998E+00    0.47816E+00   -0.10356E+00    0.24983E+00    0.15457E+00    0.18280E+00    0.13986E+00    0.23531E-01   -0.71273E-01   -0.22868E+00    0.20242E+00    0.15931E+02    0.49031E-01    0.38458E+00    0.56768E+01   -0.49027E-02   -0.35660E-01   -0.11695E-01    0.94264E-02    0.17167E-01    0.18340E-02    0.21014E-01    0.22812E-02    0.13415E-01   -0.11197E-02    0.35211E-02   -0.76937E-02
    0.21457E-04   -0.59192E-04    0.14956E-04    0.65626E-03    0.13165E-03    0.13736E-02    0.12444E-02    0.52559E+01    0.12872E+01   -0.66539E+00   -0.24154E+00   -0.16775E+00   -0.80332E+00   -0.73849E-02   -0.13493E-01    0.18460E-02    0.51529E-05    0.41754E-04    0.49651E-02    0.36326E+00   -0.25171E-01   -0.21573E-01   -0.14755E-01    0.41246E-02   -0.32208E-01   -0.20619E-01    0.24030E-01   -0.14414E-01   -0.10143E-01    0.25870E-02    0.48651E-01    0.17572E-01    0.28987E-01    0.28618E-01   -0.20612E-01    0.17024E-01    0.82188E-02    0.26518E-01    0.26025E-01   -0.17039E-01    0.83078E-02    0.49031E-01    0.22798E+01   -0.92689E-02    0.18787E+00   -0.97430E-01   -0.10841E+00   -0.38020E-02    0.25832E-02    0.43182E-02   -0.38980E-03    0.72224E-03   -0.51669E-03    0.91509E-03    0.96300E-03   -0.65032E-04   -0.14063E-03
    0.15590E-04    0.57540E-05   -0.48742E-05    0.29163E-03    0.16099E-03    0.60358E-03   -0.19154E-03   -0.61847E+00   -0.18151E+00    0.52594E+00   -0.25003E-01   -0.71114E+00   -0.11737E+00   -0.32414E-02    0.34162E-02   -0.10395E-01    0.13132E-06    0.38474E-04    0.57949E-01    0.25833E+00   -0.88706E-02    0.10316E-01    0.71178E-02   -0.14695E-02   -0.12626E-02    0.33282E-02    0.12111E-01    0.11377E-01   -0.11693E-01    0.10110E-01    0.14932E-01    0.83387E-02   -0.93045E-02    0.59353E-02   -0.15870E-02    0.10469E-01    0.80650E-02    0.10385E-01   -0.10660E-01   -0.16691E-01    0.15529E+00    0.38458E+00   -0.92689E-02    0.24347E+00    0.37848E+00    0.67191E-02    0.15246E-01    0.16692E-03   -0.17132E-02    0.35837E-02    0.19177E-03    0.65673E-05    0.23799E-03   -0.11052E-03    0.19197E-03    0.29209E-03    0.33877E-03
    0.10019E-03   -0.40581E-03    0.59298E-04    0.22749E-02    0.17759E-02    0.32022E-02    0.10121E-02    0.64061E+01    0.67067E-01    0.88080E+01    0.17363E-01   -0.76829E+01   -0.11751E+01   -0.10670E+00    0.10029E-02   -0.13759E+00   -0.12962E-05    0.35655E-03    0.21650E+00    0.16264E+01   -0.22182E+00    0.19604E+00    0.18300E+00    0.18491E-01   -0.36962E-01   -0.85085E-01   -0.95751E-01    0.26622E+00   -0.14917E+00    0.10775E+00    0.26874E+00    0.24604E+00    0.16164E-01    0.15342E+00    0.11353E+00    0.74137E-01    0.15370E+00   -0.28105E-01   -0.21654E+00   -0.20511E+00    0.53812E+00    0.56768E+01    0.18787E+00    0.37848E+00    0.16781E+02    0.91805E-02   -0.46577E-01   -0.23969E-01   -0.29574E-01    0.18688E-02    0.25191E-02    0.15454E-02    0.31460E-02    0.80397E-03   -0.81628E-03    0.57716E-02    0.31198E-01
   -0.23555E-06    0.47215E-05   -0.39780E-06   -0.38132E-04   -0.15028E-04   -0.73850E-04   -0.87036E-04   -0.12101E+00   -0.10899E-01   -0.57914E-01    0.49870E-01    0.61691E-01    0.46098E-01    0.36907E-03    0.18730E-03   -0.46665E-03    0.21223E-06    0.48219E-05    0.44061E-02   -0.51165E-01    0.11996E-03   -0.17024E-02    0.21537E-02   -0.13324E-02    0.15946E-02   -0.17226E-02   -0.69616E-03    0.12662E-03    0.15496E-02   -0.13598E-02   -0.33859E-04   -0.47682E-02   -0.16876E-02   -0.42379E-02   -0.88516E-03   -0.13351E-02   -0.13595E-02    0.99111E-04   -0.53187E-03    0.14344E-02    0.12659E-01   -0.49027E-02   -0.97430E-01    0.67191E-02    0.91805E-02    0.88051E-02    0.80218E-02   -0.19281E-03   -0.28738E-03   -0.45995E-03    0.10173E-04    0.13374E-04    0.25604E-04   -0.55942E-05   -0.99047E-04    0.35373E-04    0.16727E-03
