# omegabh2 omegach2 theta tau ns logA aps100 aps143 aps217 acib143 acib217 asz143 psr cibr cal0 cal2 xi aksz bm_1_1
    0.68215E-07   -0.32294E-06    0.61452E-07    0.11597E-05    0.91463E-06    0.17085E-05   -0.30357E-04   -0.31530E-04    0.35834E-04   -0.32142E-04   -0.32297E-03   -0.40962E-05    0.10115E-05   -0.60013E-05   -0.10469E-08   -0.25244E-07    0.54402E-05   -0.43080E-04   -0.39306E-05
   -0.32294E-06    0.60861E-05   -0.62122E-06   -0.11695E-04   -0.13862E-04   -0.84131E-05    0.11669E-02    0.41304E-03    0.11845E-03   -0.75685E-03    0.21388E-03   -0.50551E-04   -0.40473E-06   -0.10857E-04   -0.10417E-07    0.52559E-07   -0.23226E-04   -0.25399E-04    0.98729E-04
    0.61452E-07   -0.62122E-06    0.32488E-06    0.14797E-05    0.18833E-05    0.17248E-05   -0.48304E-04   -0.20203E-05    0.31226E-04   -0.34871E-04   -0.12426E-03    0.57588E-05    0.17865E-07   -0.10054E-05    0.46042E-08   -0.21899E-07   -0.12593E-05   -0.57876E-04    0.16673E-06
    0.11597E-05   -0.11695E-04    0.14797E-05    0.18530E-03    0.38040E-04    0.34270E-03    0.31933E-02    0.12034E-03    0.20719E-02    0.94060E-03   -0.12075E-01   -0.11368E-02    0.11407E-03   -0.46900E-03   -0.13780E-06   -0.35889E-06    0.23188E-03   -0.18332E-02   -0.21380E-03
    0.91463E-06   -0.13862E-04    0.18833E-05    0.38040E-04    0.49985E-04    0.39781E-04   -0.34438E-02    0.21101E-03    0.19343E-02   -0.39722E-02   -0.10973E-01   -0.35146E-03    0.32286E-04   -0.24366E-03    0.33384E-08   -0.44109E-06    0.16445E-03   -0.18171E-02   -0.30142E-03
    0.17085E-05   -0.84131E-05    0.17248E-05    0.34270E-03    0.39781E-04    0.67347E-03    0.12020E-01    0.21476E-02    0.55948E-02   -0.24369E-02   -0.28180E-01   -0.28496E-02    0.25272E-03   -0.11251E-02   -0.23939E-06   -0.48580E-06    0.48231E-03   -0.45873E-02    0.58937E-04
   -0.30357E-04    0.11669E-02   -0.48304E-04    0.31933E-02   -0.34438E-02    0.12020E-01    0.32917E+02    0.12949E+01    0.74514E+00    0.65104E+01   -0.13577E+01   -0.22713E+01    0.99302E-02   -0.45692E+00   -0.52577E-04    0.87013E-03    0.98658E-01   -0.80094E+00    0.11835E+01
   -0.31530E-04    0.41304E-03   -0.20203E-05    0.12034E-03    0.21101E-03    0.21476E-02    0.12949E+01    0.13785E+01    0.79934E+00   -0.22312E+01   -0.26654E+01   -0.31303E+00    0.13459E-01   -0.91341E-01    0.16520E-04    0.15787E-03    0.14671E+00   -0.54669E+00    0.30621E-01
    0.35834E-04    0.11845E-03    0.31226E-04    0.20719E-02    0.19343E-02    0.55948E-02    0.74514E+00    0.79934E+00    0.23239E+01   -0.29432E+01   -0.94099E+01   -0.25995E+00    0.36579E-01   -0.21254E+00    0.90203E-05   -0.71112E-03    0.76689E-01   -0.49792E+00    0.49751E-01
   -0.32142E-04   -0.75685E-03   -0.34871E-04    0.94060E-03   -0.39722E-02   -0.24369E-02    0.65104E+01   -0.22312E+01   -0.29432E+01    0.30032E+02    0.15516E+02   -0.80023E+00   -0.39597E-01    0.17310E+00   -0.72335E-04   -0.99536E-04    0.40949E+00   -0.36140E+00   -0.42072E+00
   -0.32297E-03    0.21388E-03   -0.12426E-03   -0.12075E-01   -0.10973E-01   -0.28180E-01   -0.13577E+01   -0.26654E+01   -0.94099E+01    0.15516E+02    0.46497E+02    0.15422E+01   -0.17270E+00    0.10775E+01   -0.22120E-04    0.33504E-02   -0.40624E+00   -0.99015E+00   -0.13950E+00
   -0.40962E-05   -0.50551E-04    0.57588E-05   -0.11368E-02   -0.35146E-03   -0.28496E-02   -0.22713E+01   -0.31303E+00   -0.25995E+00   -0.80023E+00    0.15422E+01    0.61351E+00   -0.80078E-02    0.13891E+00   -0.83844E-06   -0.16686E-03   -0.42306E-01   -0.10933E+00    0.57375E-01
    0.10115E-05   -0.40473E-06    0.17865E-07    0.11407E-03    0.32286E-04    0.25272E-03    0.99302E-02    0.13459E-01    0.36579E-01   -0.39597E-01   -0.17270E+00   -0.80078E-02    0.31947E-02   -0.46286E-02    0.55730E-06   -0.42611E-05    0.40099E-02    0.20406E-02    0.10282E-02
   -0.60013E-05   -0.10857E-04   -0.10054E-05   -0.46900E-03   -0.24366E-03   -0.11251E-02   -0.45692E+00   -0.91341E-01   -0.21254E+00    0.17310E+00    0.10775E+01    0.13891E+00   -0.46286E-02    0.53985E-01    0.56246E-06    0.29583E-04   -0.45427E-02   -0.27385E-01    0.85787E-02
   -0.10469E-08   -0.10417E-07    0.46042E-08   -0.13780E-06    0.33384E-08   -0.23939E-06   -0.52577E-04    0.16520E-04    0.90203E-05   -0.72335E-04   -0.22120E-04   -0.83844E-06    0.55730E-06    0.56246E-06    0.16709E-06    0.83751E-08    0.16523E-05   -0.13323E-04   -0.21346E-04
   -0.25244E-07    0.52559E-07   -0.21899E-07   -0.35889E-06   -0.44109E-06   -0.48580E-06    0.87013E-03    0.15787E-03   -0.71112E-03   -0.99536E-04    0.33504E-02   -0.16686E-03   -0.42611E-05    0.29583E-04    0.83751E-08    0.92290E-06   -0.68435E-05   -0.73652E-05    0.64393E-05
    0.54402E-05   -0.23226E-04   -0.12593E-05    0.23188E-03    0.16445E-03    0.48231E-03    0.98658E-01    0.14671E+00    0.76689E-01    0.40949E+00   -0.40624E+00   -0.42306E-01    0.40099E-02   -0.45427E-02    0.16523E-05   -0.68435E-05    0.73718E-01    0.93339E-02   -0.26508E-02
   -0.43080E-04   -0.25399E-04   -0.57876E-04   -0.18332E-02   -0.18171E-02   -0.45873E-02   -0.80094E+00   -0.54669E+00   -0.49792E+00   -0.36140E+00   -0.99015E+00   -0.10933E+00    0.20406E-02   -0.27385E-01   -0.13323E-04   -0.73652E-05    0.93339E-02    0.19768E+01   -0.33567E-01
   -0.39306E-05    0.98729E-04    0.16673E-06   -0.21380E-03   -0.30142E-03    0.58937E-04    0.11835E+01    0.30621E-01    0.49751E-01   -0.42072E+00   -0.13950E+00    0.57375E-01    0.10282E-02    0.85787E-02   -0.21346E-04    0.64393E-05   -0.26508E-02   -0.33567E-01    0.13809E+00
