# omegabh2 omegach2 theta tau mnu logA ns acib217 acibsz143 asz143 aps100 aps143 aps143217 aps217 aksz kgal100 t1gal143 t1gal143217 t1gal217 galfEE100 galfEE100143 galfEE100217 galfEE143 galfEE143217 galfEE217 galfTE100 galfTE100143 galfTE100217 galfTE143 galfTE143217 galfTE217 calib_100T calib_217T
    0.2055925E-07   -0.7545169E-07    0.1130839E-07    0.4531370E-06    0.1182001E-05    0.8537078E-06    0.2125407E-06   -0.1525976E-03   -0.7431052E-04   -0.1382310E-04   -0.1166556E-03   -0.1660168E-04    0.1213897E-03    0.1349307E-03   -0.3085745E-04    0.1481524E-03   -0.1241297E-03   -0.1452848E-03   -0.1503600E-03    0.7634743E-07    0.9615944E-07    0.1271324E-06    0.1303194E-06    0.1415377E-06    0.1852731E-06   -0.1351035E-05   -0.1819577E-05   -0.2301237E-05   -0.2993982E-05   -0.4039223E-05   -0.6785177E-05   -0.3137322E-07    0.4893831E-08
   -0.7545169E-07    0.1234132E-05   -0.6501401E-07   -0.4253946E-05   -0.2170413E-04   -0.5250976E-05   -0.2894592E-05    0.2322256E-03    0.4998016E-04   -0.8259081E-04    0.1634963E-02    0.1008492E-02    0.5224698E-03    0.3393504E-03    0.1952173E-04   -0.3647940E-03   -0.7974511E-03   -0.6646025E-03   -0.6214081E-03   -0.1261452E-05   -0.1197390E-05   -0.1362264E-05   -0.1543033E-05   -0.1456666E-05   -0.8543681E-06    0.9465008E-05    0.9704876E-05    0.8565734E-05    0.1683998E-04    0.1988268E-04    0.3050320E-04   -0.5149277E-07   -0.2434233E-07
    0.1130839E-07   -0.6501401E-07    0.8337723E-07    0.4045797E-06    0.1199123E-05    0.7379606E-06    0.2756190E-06   -0.9300182E-04   -0.3740143E-04   -0.9501501E-05    0.1540683E-03    0.1118290E-04    0.5928131E-04    0.7531056E-04    0.3797131E-05    0.1713693E-03    0.4455842E-04    0.2680982E-04    0.1956463E-04    0.3395047E-07    0.4537797E-07   -0.1194015E-07    0.4915456E-07   -0.1125784E-07   -0.5973398E-07   -0.1082847E-05   -0.1589591E-05   -0.1781499E-05   -0.2068864E-05   -0.2053976E-05   -0.2845516E-05   -0.2533387E-07    0.6882430E-08
    0.4531370E-06   -0.4253946E-05    0.4045797E-06    0.1672474E-03    0.1702378E-03    0.3263943E-03    0.1926229E-04   -0.1180808E-01   -0.5355388E-02   -0.2399040E-02    0.8852591E-03    0.7187986E-02    0.1366946E-01    0.1607739E-01   -0.2597130E-02   -0.8134411E-02   -0.9452216E-02   -0.1402027E-01   -0.1619155E-01    0.5591721E-05    0.5815018E-05    0.6010189E-05    0.5443347E-05    0.7899818E-05    0.3943896E-05   -0.4343085E-04   -0.2777935E-04   -0.3583457E-04   -0.6704078E-04   -0.8638043E-04   -0.1176984E-03    0.4114558E-06    0.8742122E-06
    0.1182001E-05   -0.2170413E-04    0.1199123E-05    0.1702378E-03    0.3471672E-02    0.2698426E-03    0.4992843E-04    0.7719648E-02    0.6934498E-02    0.2124455E-02   -0.3778907E-01   -0.4015454E-01   -0.4039315E-01   -0.2880842E-01    0.4987837E-02    0.2348580E-01    0.3563733E-01    0.2882662E-01    0.2343097E-01    0.2433229E-04    0.1830700E-04    0.1629305E-04    0.3174567E-04    0.2532291E-04    0.2257494E-04   -0.1735050E-03   -0.1532920E-03   -0.1949049E-03   -0.2484241E-03   -0.3414105E-03   -0.4902491E-03    0.1214539E-05    0.9130836E-06
    0.8537078E-06   -0.5250976E-05    0.7379606E-06    0.3263943E-03    0.2698426E-03    0.6527480E-03    0.3035563E-04   -0.2588435E-01   -0.1277391E-01   -0.6100361E-02    0.1949335E-01    0.2626421E-01    0.3886210E-01    0.4141116E-01   -0.6280681E-02   -0.2432821E-01   -0.3769324E-01   -0.4640799E-01   -0.5058525E-01    0.5955148E-05    0.6626887E-05    0.5696997E-05    0.5101754E-05    0.9424592E-05    0.2201399E-05   -0.6762088E-04   -0.2782119E-04   -0.5120946E-04   -0.8819325E-04   -0.1265135E-03   -0.1736065E-03   -0.4327076E-06    0.1623399E-05
    0.2125407E-06   -0.2894592E-05    0.2756190E-06    0.1926229E-04    0.4992843E-04    0.3035563E-04    0.1925044E-04   -0.9430431E-02   -0.4264388E-02   -0.1613207E-02   -0.4431026E-02    0.5485494E-02    0.1136702E-01    0.1255122E-01   -0.2547263E-02   -0.1771845E-02   -0.2842070E-02   -0.4678409E-02   -0.4589960E-02    0.6803789E-05    0.7090080E-05    0.8450951E-05    0.8421811E-05    0.9007869E-05    0.7673386E-05   -0.2929628E-04   -0.2237984E-04   -0.1674339E-04   -0.3284522E-04   -0.3945019E-04   -0.6336295E-04    0.3031412E-06    0.4254456E-06
   -0.1525976E-03    0.2322256E-03   -0.9300182E-04   -0.1180808E-01    0.7719648E-02   -0.2588435E-01   -0.9430431E-02    0.6396693E+02    0.2317580E+02    0.1131656E+01    0.1026907E+02   -0.2173598E+02   -0.6334905E+02   -0.8174058E+02   -0.3357117E+01    0.1230349E+01   -0.6138995E+01   -0.1096213E+02   -0.1632543E+02   -0.3861379E-02   -0.2959966E-02   -0.3741141E-02   -0.4932373E-02   -0.4457566E-02   -0.4045919E-02    0.1154425E-01    0.1129381E-01    0.2070495E-01   -0.5819742E-02   -0.5468542E-02   -0.6949065E-01    0.1169416E-03   -0.2986607E-02
   -0.7431052E-04    0.4998016E-04   -0.3740143E-04   -0.5355388E-02    0.6934498E-02   -0.1277391E-01   -0.4264388E-02    0.2317580E+02    0.1689546E+02    0.2716640E+01   -0.1790486E+02   -0.2405182E+02   -0.4208753E+02   -0.2573780E+02   -0.1466790E+01   -0.1354639E+01   -0.3697545E+01   -0.9854332E+01   -0.1141410E+02   -0.1218247E-02   -0.8870380E-03   -0.1015480E-02   -0.1852516E-02   -0.1051258E-02   -0.1911669E-03    0.6870058E-03    0.7352089E-02    0.1659918E-01    0.7796051E-02    0.1701841E-01    0.9164152E-02    0.1292506E-03   -0.7719138E-04
   -0.1382310E-04   -0.8259081E-04   -0.9501501E-05   -0.2399040E-02    0.2124455E-02   -0.6100361E-02   -0.1613207E-02    0.1131656E+01    0.2716640E+01    0.6570194E+01   -0.4334578E+02   -0.1934837E+02   -0.5903600E+01   -0.9967113E+00   -0.2736331E+00   -0.2840026E+01   -0.4418576E+00    0.3665687E+01    0.4278724E+01   -0.2591210E-03   -0.5425988E-03   -0.9387822E-05   -0.5164041E-03   -0.1444625E-03    0.4979321E-03   -0.3589766E-02   -0.4383156E-02   -0.8980817E-02   -0.8578288E-02   -0.6740459E-02    0.5382211E-02   -0.1421294E-03    0.1692779E-03
   -0.1166556E-03    0.1634963E-02    0.1540683E-03    0.8852591E-03   -0.3778907E-01    0.1949335E-01   -0.4431026E-02    0.1026907E+02   -0.1790486E+02   -0.4334578E+02    0.7735824E+03    0.1908620E+03    0.7801711E+02    0.1842728E+02   -0.1379010E+02   -0.4946608E+02   -0.1097927E+02   -0.2173027E+02   -0.2161797E+02   -0.2510069E-03   -0.2138059E-02   -0.1297157E-01   -0.2366076E-02   -0.1125648E-01   -0.1873114E-01    0.5426163E-01    0.6493572E-01    0.6688247E-01    0.1458928E+00    0.1397728E+00    0.2246135E-01   -0.7980152E-03   -0.3299462E-02
   -0.1660168E-04    0.1008492E-02    0.1118290E-04    0.7187986E-02   -0.4015454E-01    0.2626421E-01    0.5485494E-02   -0.2173598E+02   -0.2405182E+02   -0.1934837E+02    0.1908620E+03    0.1261702E+03    0.9442096E+02    0.5273413E+02   -0.1123977E+02   -0.3579421E+01   -0.1330950E+02   -0.9440007E+01   -0.6465173E+01    0.7173250E-03   -0.5125654E-03   -0.2636390E-02    0.6864598E-03   -0.3015200E-02   -0.3211180E-02    0.3425561E-01    0.5334718E-01    0.4063683E-01    0.8039630E-01    0.5391461E-01    0.5989136E-02   -0.1843211E-03   -0.1011367E-02
    0.1213897E-03    0.5224698E-03    0.5928131E-04    0.1366946E-01   -0.4039315E-01    0.3886210E-01    0.1136702E-01   -0.6334905E+02   -0.4208753E+02   -0.5903600E+01    0.7801711E+02    0.9442096E+02    0.1437508E+03    0.1065575E+03   -0.8493920E+01   -0.7711776E+01   -0.8697580E+01    0.1306405E+01    0.2583966E+01    0.2479824E-02    0.8170387E-03    0.1066293E-02    0.3588776E-02    0.7776560E-03    0.1068317E-02    0.1647058E-01    0.2512371E-01   -0.4532680E-02    0.4403624E-01    0.1183898E-01    0.5721219E-02   -0.8126516E-03    0.1489153E-02
    0.1349307E-03    0.3393504E-03    0.7531056E-04    0.1607739E-01   -0.2880842E-01    0.4141116E-01    0.1255122E-01   -0.8174058E+02   -0.2573780E+02   -0.9967113E+00    0.1842728E+02    0.5273413E+02    0.1065575E+03    0.1444823E+03   -0.7747692E+01   -0.1167718E+02   -0.1022690E+02   -0.1517469E+02   -0.1599709E+02    0.4071374E-02    0.2612679E-02    0.3623179E-02    0.5348542E-02    0.4246194E-02    0.5321820E-02   -0.2596289E-02    0.2567451E-01    0.1015688E-01    0.6640617E-01    0.5351476E-01    0.9336219E-01   -0.7051523E-03    0.5576517E-02
   -0.3085745E-04    0.1952173E-04    0.3797131E-05   -0.2597130E-02    0.4987837E-02   -0.6280681E-02   -0.2547263E-02   -0.3357117E+01   -0.1466790E+01   -0.2736331E+00   -0.1379010E+02   -0.1123977E+02   -0.8493920E+01   -0.7747692E+01    0.7914407E+01   -0.7273864E+00   -0.1519329E+01   -0.2191499E+01   -0.2578201E+01   -0.7683839E-03   -0.5456283E-03   -0.5306479E-03   -0.5777867E-03   -0.4871715E-03   -0.1913968E-02   -0.1479602E-02   -0.5472286E-02   -0.2023791E-02   -0.4287088E-02    0.2750979E-02    0.2290213E-01   -0.3047873E-04    0.2450393E-03
    0.1481524E-03   -0.3647940E-03    0.1713693E-03   -0.8134411E-02    0.2348580E-01   -0.2432821E-01   -0.1771845E-02    0.1230349E+01   -0.1354639E+01   -0.2840026E+01   -0.4946608E+02   -0.3579421E+01   -0.7711776E+01   -0.1167718E+02   -0.7273864E+00    0.1508542E+03    0.5171482E+02    0.4821695E+02    0.4602218E+02    0.1503568E-02   -0.8494367E-03    0.1890608E-02    0.1510693E-02    0.2422929E-02    0.4342742E-02   -0.2495004E-01   -0.6277689E-01   -0.8233938E-01   -0.2851074E-01   -0.7713272E-01   -0.1762076E+00   -0.1271559E-01   -0.1459579E-03
   -0.1241297E-03   -0.7974511E-03    0.4455842E-04   -0.9452216E-02    0.3563733E-01   -0.3769324E-01   -0.2842070E-02   -0.6138995E+01   -0.3697545E+01   -0.4418576E+00   -0.1097927E+02   -0.1330950E+02   -0.8697580E+01   -0.1022690E+02   -0.1519329E+01    0.5171482E+02    0.9933410E+02    0.1006715E+03    0.1001862E+03    0.4365507E-02    0.3630076E-02    0.4268690E-02    0.3691487E-02    0.3820620E-02    0.5836580E-02   -0.1308370E-02   -0.6213058E-01   -0.6433481E-01   -0.7907816E-01   -0.7700728E-01   -0.6786442E-01    0.3295730E-02    0.2137782E-03
   -0.1452848E-03   -0.6646025E-03    0.2680982E-04   -0.1402027E-01    0.2882662E-01   -0.4640799E-01   -0.4678409E-02   -0.1096213E+02   -0.9854332E+01    0.3665687E+01   -0.2173027E+02   -0.9440007E+01    0.1306405E+01   -0.1517469E+02   -0.2191499E+01    0.4821695E+02    0.1006715E+03    0.1395730E+03    0.1641012E+03    0.3949903E-02    0.2708113E-02    0.1536947E-02    0.2930023E-02    0.1300172E-02    0.2759656E-02    0.4037356E-02   -0.5842537E-01   -0.6617335E-01   -0.7767356E-01   -0.7000411E-01   -0.5334298E-03    0.3046384E-02   -0.4923464E-02
   -0.1503600E-03   -0.6214081E-03    0.1956463E-04   -0.1619155E-01    0.2343097E-01   -0.5058525E-01   -0.4589960E-02   -0.1632543E+02   -0.1141410E+02    0.4278724E+01   -0.2161797E+02   -0.6465173E+01    0.2583966E+01   -0.1599709E+02   -0.2578201E+01    0.4602218E+02    0.1001862E+03    0.1641012E+03    0.2137830E+03    0.4153946E-02    0.3012226E-02   -0.1021683E-03    0.2879582E-02   -0.2347139E-04    0.7123538E-03    0.9715337E-02   -0.5042608E-01   -0.4054456E-01   -0.7150670E-01   -0.4219928E-01    0.9668340E-01    0.3034757E-02   -0.9499345E-02
    0.7634743E-07   -0.1261452E-05    0.3395047E-07    0.5591721E-05    0.2433229E-04    0.5955148E-05    0.6803789E-05   -0.3861379E-02   -0.1218247E-02   -0.2591210E-03   -0.2510069E-03    0.7173250E-03    0.2479824E-02    0.4071374E-02   -0.7683839E-03    0.1503568E-02    0.4365507E-02    0.3949903E-02    0.4153946E-02    0.6918351E-04    0.2360820E-04    0.3058796E-04    0.1353562E-04    0.1511018E-04    0.1653601E-04   -0.9358386E-04   -0.6056735E-04   -0.4042726E-04   -0.3464706E-04   -0.3120555E-04   -0.5525158E-04    0.3818548E-06    0.2643461E-06
    0.9615944E-07   -0.1197390E-05    0.4537797E-07    0.5815018E-05    0.1830700E-04    0.6626887E-05    0.7090080E-05   -0.2959966E-02   -0.8870380E-03   -0.5425988E-03   -0.2138059E-02   -0.5125654E-03    0.8170387E-03    0.2612679E-02   -0.5456283E-03   -0.8494367E-03    0.3630076E-02    0.2708113E-02    0.3012226E-02    0.2360820E-04    0.4104395E-04    0.3706228E-04    0.3100627E-04    0.3169728E-04    0.2764596E-04   -0.5111992E-04   -0.8573052E-04   -0.6074852E-04   -0.9514509E-04   -0.8820354E-04   -0.1268164E-03    0.7100952E-06    0.1130693E-06
    0.1271324E-06   -0.1362264E-05   -0.1194015E-07    0.6010189E-05    0.1629305E-04    0.5696997E-05    0.8450951E-05   -0.3741141E-02   -0.1015480E-02   -0.9387822E-05   -0.1297157E-01   -0.2636390E-02    0.1066293E-02    0.3623179E-02   -0.5306479E-03    0.1890608E-02    0.4268690E-02    0.1536947E-02   -0.1021683E-03    0.3058796E-04    0.3706228E-04    0.1178506E-03    0.2740428E-04    0.6258617E-04    0.1114750E-03   -0.5368656E-04   -0.9045902E-04   -0.1185714E-03   -0.7072303E-04   -0.1675349E-03   -0.4286977E-03    0.6496754E-06    0.5722147E-06
    0.1303194E-06   -0.1543033E-05    0.4915456E-07    0.5443347E-05    0.3174567E-04    0.5101754E-05    0.8421811E-05   -0.4932373E-02   -0.1852516E-02   -0.5164041E-03   -0.2366076E-02    0.6864598E-03    0.3588776E-02    0.5348542E-02   -0.5777867E-03    0.1510693E-02    0.3691487E-02    0.2930023E-02    0.2879582E-02    0.1353562E-04    0.3100627E-04    0.2740428E-04    0.8864427E-04    0.5776512E-04    0.4207060E-04   -0.2453879E-04   -0.6848738E-04   -0.4078921E-04   -0.1623583E-03   -0.1469489E-03   -0.1617871E-03    0.3851733E-06    0.2744794E-06
    0.1415377E-06   -0.1456666E-05   -0.1125784E-07    0.7899818E-05    0.2532291E-04    0.9424592E-05    0.9007869E-05   -0.4457566E-02   -0.1051258E-02   -0.1444625E-03   -0.1125648E-01   -0.3015200E-02    0.7776560E-03    0.4246194E-02   -0.4871715E-03    0.2422929E-02    0.3820620E-02    0.1300172E-02   -0.2347139E-04    0.1511018E-04    0.3169728E-04    0.6258617E-04    0.5776512E-04    0.1296421E-03    0.1618818E-03   -0.2560701E-04   -0.8462116E-04   -0.1134657E-03   -0.1642552E-03   -0.2339101E-03   -0.4576231E-03    0.5013777E-06    0.5574355E-06
    0.1852731E-06   -0.8543681E-06   -0.5973398E-07    0.3943896E-05    0.2257494E-04    0.2201399E-05    0.7673386E-05   -0.4045919E-02   -0.1911669E-03    0.4979321E-03   -0.1873114E-01   -0.3211180E-02    0.1068317E-02    0.5321820E-02   -0.1913968E-02    0.4342742E-02    0.5836580E-02    0.2759656E-02    0.7123538E-03    0.1653601E-04    0.2764596E-04    0.1114750E-03    0.4207060E-04    0.1618818E-03    0.6430342E-03   -0.3226151E-04   -0.9699057E-04   -0.1792561E-03   -0.1575337E-03   -0.3178150E-03   -0.6328748E-03    0.7506914E-06    0.9933553E-06
   -0.1351035E-05    0.9465008E-05   -0.1082847E-05   -0.4343085E-04   -0.1735050E-03   -0.6762088E-04   -0.2929628E-04    0.1154425E-01    0.6870058E-03   -0.3589766E-02    0.5426163E-01    0.3425561E-01    0.1647058E-01   -0.2596289E-02   -0.1479602E-02   -0.2495004E-01   -0.1308370E-02    0.4037356E-02    0.9715337E-02   -0.9358386E-04   -0.5111992E-04   -0.5368656E-04   -0.2453879E-04   -0.2560701E-04   -0.3226151E-04    0.1298241E-01    0.8510655E-02    0.9467497E-02    0.2123206E-02    0.2209710E-02    0.3029222E-02    0.3871637E-05   -0.1775820E-05
   -0.1819577E-05    0.9704876E-05   -0.1589591E-05   -0.2777935E-04   -0.1532920E-03   -0.2782119E-04   -0.2237984E-04    0.1129381E-01    0.7352089E-02   -0.4383156E-02    0.6493572E-01    0.5334718E-01    0.2512371E-01    0.2567451E-01   -0.5472286E-02   -0.6277689E-01   -0.6213058E-01   -0.5842537E-01   -0.5042608E-01   -0.6056735E-04   -0.8573052E-04   -0.9045902E-04   -0.6848738E-04   -0.8462116E-04   -0.9699057E-04    0.8510655E-02    0.1228053E-01    0.1344906E-01    0.8629104E-02    0.8293245E-02    0.7886931E-02    0.2425291E-05   -0.1153332E-05
   -0.2301237E-05    0.8565734E-05   -0.1781499E-05   -0.3583457E-04   -0.1949049E-03   -0.5120946E-04   -0.1674339E-04    0.2070495E-01    0.1659918E-01   -0.8980817E-02    0.6688247E-01    0.4063683E-01   -0.4532680E-02    0.1015688E-01   -0.2023791E-02   -0.8233938E-01   -0.6433481E-01   -0.6617335E-01   -0.4054456E-01   -0.4042726E-04   -0.6074852E-04   -0.1185714E-03   -0.4078921E-04   -0.1134657E-03   -0.1792561E-03    0.9467497E-02    0.1344906E-01    0.2540792E-01    0.4954092E-02    0.1174585E-01    0.2262780E-01    0.5933264E-05   -0.4685085E-05
   -0.2993982E-05    0.1683998E-04   -0.2068864E-05   -0.6704078E-04   -0.2484241E-03   -0.8819325E-04   -0.3284522E-04   -0.5819742E-02    0.7796051E-02   -0.8578288E-02    0.1458928E+00    0.8039630E-01    0.4403624E-01    0.6640617E-01   -0.4287088E-02   -0.2851074E-01   -0.7907816E-01   -0.7767356E-01   -0.7150670E-01   -0.3464706E-04   -0.9514509E-04   -0.7072303E-04   -0.1623583E-03   -0.1642552E-03   -0.1575337E-03    0.2123206E-02    0.8629104E-02    0.4954092E-02    0.2154367E-01    0.1948833E-01    0.1383268E-01   -0.5769789E-05    0.7800640E-06
   -0.4039223E-05    0.1988268E-04   -0.2053976E-05   -0.8638043E-04   -0.3414105E-03   -0.1265135E-03   -0.3945019E-04   -0.5468542E-02    0.1701841E-01   -0.6740459E-02    0.1397728E+00    0.5391461E-01    0.1183898E-01    0.5351476E-01    0.2750979E-02   -0.7713272E-01   -0.7700728E-01   -0.7000411E-01   -0.4219928E-01   -0.3120555E-04   -0.8820354E-04   -0.1675349E-03   -0.1469489E-03   -0.2339101E-03   -0.3178150E-03    0.2209710E-02    0.8293245E-02    0.1174585E-01    0.1948833E-01    0.2947571E-01    0.4109365E-01    0.8065422E-06   -0.1695838E-05
   -0.6785177E-05    0.3050320E-04   -0.2845516E-05   -0.1176984E-03   -0.4902491E-03   -0.1736065E-03   -0.6336295E-04   -0.6949065E-01    0.9164152E-02    0.5382211E-02    0.2246135E-01    0.5989136E-02    0.5721219E-02    0.9336219E-01    0.2290213E-01   -0.1762076E+00   -0.6786442E-01   -0.5334298E-03    0.9668340E-01   -0.5525158E-04   -0.1268164E-03   -0.4286977E-03   -0.1617871E-03   -0.4576231E-03   -0.6328748E-03    0.3029222E-02    0.7886931E-02    0.2262780E-01    0.1383268E-01    0.4109365E-01    0.1027930E+00    0.1304792E-04   -0.7451768E-05
   -0.3137322E-07   -0.5149277E-07   -0.2533387E-07    0.4114558E-06    0.1214539E-05   -0.4327076E-06    0.3031412E-06    0.1169416E-03    0.1292506E-03   -0.1421294E-03   -0.7980152E-03   -0.1843211E-03   -0.8126516E-03   -0.7051523E-03   -0.3047873E-04   -0.1271559E-01    0.3295730E-02    0.3046384E-02    0.3034757E-02    0.3818548E-06    0.7100952E-06    0.6496754E-06    0.3851733E-06    0.5013777E-06    0.7506914E-06    0.3871637E-05    0.2425291E-05    0.5933264E-05   -0.5769789E-05    0.8065422E-06    0.1304792E-04    0.2289223E-05    0.3241312E-07
    0.4893831E-08   -0.2434233E-07    0.6882430E-08    0.8742122E-06    0.9130836E-06    0.1623399E-05    0.4254456E-06   -0.2986607E-02   -0.7719138E-04    0.1692779E-03   -0.3299462E-02   -0.1011367E-02    0.1489153E-02    0.5576517E-02    0.2450393E-03   -0.1459579E-03    0.2137782E-03   -0.4923464E-02   -0.9499345E-02    0.2643461E-06    0.1130693E-06    0.5722147E-06    0.2744794E-06    0.5574355E-06    0.9933553E-06   -0.1775820E-05   -0.1153332E-05   -0.4685085E-05    0.7800640E-06   -0.1695838E-05   -0.7451768E-05    0.3241312E-07    0.1343131E-05
