# omegabh2 omegach2 theta tau meffsterile nnu logA ns acib217 acibsz143 asz143 aps100 aps143 aps143217 aps217 aksz kgal100 t1gal143 t1gal143217 t1gal217 galfEE100 galfEE100143 galfEE100217 galfEE143 galfEE143217 galfEE217 galfTE100 galfTE100143 galfTE100217 galfTE143 galfTE143217 galfTE217 calib_100T calib_217T
    0.3685521E-07    0.2647708E-06   -0.2037165E-07    0.9018240E-06    0.4272598E-05    0.2158520E-04    0.2336354E-05    0.9707181E-06   -0.2417125E-04   -0.1433447E-04    0.1457843E-04   -0.1317840E-03   -0.1110191E-03   -0.4588480E-04   -0.5333454E-04    0.3788247E-05    0.5525927E-03    0.3497762E-03    0.3694500E-03    0.3619933E-03    0.1664583E-06    0.2169003E-06    0.2695395E-06    0.2151754E-06    0.2770971E-06    0.2538657E-06   -0.1728574E-05   -0.2658955E-05   -0.3392617E-05   -0.3863657E-05   -0.5407748E-05   -0.9040599E-05   -0.3758184E-07    0.2180522E-08
    0.2647708E-06    0.9277740E-05   -0.8254598E-06    0.3766709E-05   -0.1291155E-04    0.4650986E-03    0.2427820E-04    0.1396136E-04    0.3929148E-02    0.1982369E-02    0.3180704E-03   -0.5952374E-03   -0.2489236E-02   -0.5545620E-02   -0.5411642E-02    0.9116170E-03    0.1116292E-01    0.1085033E-01    0.1085280E-01    0.1074710E-01    0.1166773E-05    0.1233566E-05    0.1848150E-05    0.1052641E-05    0.9994156E-06    0.1252900E-06   -0.5165918E-05   -0.1475712E-04   -0.2455544E-04   -0.6955260E-06   -0.2550578E-05   -0.9311530E-05   -0.3634963E-06   -0.1340686E-06
   -0.2037165E-07   -0.8254598E-06    0.1521155E-06   -0.3080136E-06   -0.5001293E-06   -0.4447637E-04   -0.2011979E-05   -0.1320978E-05   -0.3704597E-03   -0.1657586E-03   -0.1081438E-04   -0.1637747E-03    0.1880163E-03    0.4872858E-03    0.5442715E-03   -0.8482685E-04   -0.1070866E-02   -0.1110615E-02   -0.1071518E-02   -0.1032491E-02   -0.1876932E-06   -0.2471673E-06   -0.3476765E-06   -0.1357212E-06   -0.2566612E-06   -0.3560274E-06    0.2979090E-06    0.1288056E-05    0.1632783E-05    0.2626290E-06   -0.3359875E-06   -0.2829059E-06    0.2335123E-07    0.8014120E-08
    0.9018240E-06    0.3766709E-05   -0.3080136E-06    0.1396271E-03    0.3984061E-03    0.6554665E-03    0.2801483E-03    0.4156457E-04   -0.2345760E-02   -0.4208425E-03    0.2940729E-04   -0.6184670E-02   -0.2343122E-02   -0.6168541E-04    0.2652302E-02   -0.5398887E-03    0.5499575E-02    0.1252282E-01    0.9062848E-02    0.5885886E-02    0.6942024E-05    0.1097039E-04    0.1218536E-04    0.7751351E-05    0.1072567E-04    0.1606393E-04   -0.5805430E-04   -0.6724709E-04   -0.6628830E-04   -0.1307334E-03   -0.1870057E-03   -0.2901184E-03    0.9185150E-06    0.8022113E-06
    0.4272598E-05   -0.1291155E-04   -0.5001293E-06    0.3984061E-03    0.1150212E-01    0.3798530E-02    0.8009537E-03    0.5750950E-04    0.3259737E-01    0.2036093E-01   -0.4840486E-03    0.1119488E+00    0.1520029E-01   -0.2217458E-01   -0.1391289E-01    0.8129392E-02    0.3301459E-02    0.3603691E-01    0.3519170E-01    0.3699979E-01    0.1882730E-06    0.2278237E-04    0.4274167E-05    0.3554152E-05    0.3657975E-05   -0.2877184E-04   -0.1668169E-03   -0.3481740E-03   -0.6698158E-03   -0.5218378E-03   -0.8686733E-03   -0.1658854E-02    0.1698299E-05   -0.1045817E-05
    0.2158520E-04    0.4650986E-03   -0.4447637E-04    0.6554665E-03    0.3798530E-02    0.2863780E-01    0.2132316E-02    0.1005852E-02    0.2003929E+00    0.1024867E+00    0.2020973E-01   -0.4689609E-01   -0.1544658E+00   -0.3022390E+00   -0.2911748E+00    0.4939804E-01    0.6401831E+00    0.6494127E+00    0.6503831E+00    0.6425443E+00    0.1238250E-03    0.1510568E-03    0.1864541E-03    0.1256419E-03    0.1596376E-03    0.1209083E-03   -0.6317673E-03   -0.1327571E-02   -0.2010594E-02   -0.1166976E-02   -0.1714189E-02   -0.3166087E-02   -0.1751731E-04   -0.5908135E-05
    0.2336354E-05    0.2427820E-04   -0.2011979E-05    0.2801483E-03    0.8009537E-03    0.2132316E-02    0.5999127E-03    0.1046548E-03    0.1198639E-02    0.1820939E-02    0.1892398E-04   -0.1887510E-02   -0.2143001E-02   -0.3154115E-02    0.1669404E-02    0.1230037E-03    0.2341635E-01    0.2643930E-01    0.1976501E-01    0.1353891E-01    0.1332043E-04    0.2103020E-04    0.2451737E-04    0.1428665E-04    0.1971196E-04    0.2774339E-04   -0.1247130E-03   -0.1478931E-03   -0.1689912E-03   -0.2386746E-03   -0.3501198E-03   -0.5452723E-03    0.4769081E-07    0.1276010E-05
    0.9707181E-06    0.1396136E-04   -0.1320978E-05    0.4156457E-04    0.5750950E-04    0.1005852E-02    0.1046548E-03    0.5593568E-04   -0.4284540E-02   -0.1911431E-02   -0.4604314E-03   -0.1065437E-01    0.1238893E-02    0.4533038E-02    0.5002309E-02   -0.7482990E-03    0.1924081E-01    0.1715520E-01    0.1641075E-01    0.1618008E-01    0.1092881E-04    0.1273300E-04    0.1450464E-04    0.1190927E-04    0.1457833E-04    0.1407314E-04   -0.4575678E-04   -0.6061100E-04   -0.7855913E-04   -0.7490509E-04   -0.1025048E-03   -0.1728523E-03   -0.3739003E-06    0.2660545E-06
   -0.2417125E-04    0.3929148E-02   -0.3704597E-03   -0.2345760E-02    0.3259737E-01    0.2003929E+00    0.1198639E-02   -0.4284540E-02    0.7454378E+02    0.3043905E+02    0.1929326E+01    0.5451305E+01   -0.3137308E+02   -0.8114550E+02   -0.9260064E+02   -0.3789169E+01   -0.1874439E+01   -0.9532077E+01   -0.1685711E+02   -0.2263638E+02   -0.2186605E-02   -0.2402087E-02   -0.2087891E-02   -0.2335510E-02   -0.3009372E-02   -0.8041283E-02    0.2560012E-01    0.1498096E-01    0.3042012E-01   -0.1405446E-01   -0.3187511E-01   -0.1152710E+00    0.1692378E-03   -0.3090534E-02
   -0.1433447E-04    0.1982369E-02   -0.1657586E-03   -0.4208425E-03    0.2036093E-01    0.1024867E+00    0.1820939E-02   -0.1911431E-02    0.3043905E+02    0.2191542E+02    0.2890108E+01   -0.1871016E+02   -0.2890720E+02   -0.5371437E+02   -0.3286395E+02   -0.1783839E+01   -0.3208712E+01   -0.8582466E+01   -0.1693755E+02   -0.1879570E+02   -0.1058304E-02   -0.1166024E-02   -0.1063517E-02   -0.1166986E-02   -0.1609068E-02   -0.5590730E-02    0.1366895E-02    0.4535792E-03    0.1264926E-01    0.2885669E-02    0.1262084E-02   -0.2294318E-01   -0.8999810E-04   -0.1626481E-03
    0.1457843E-04    0.3180704E-03   -0.1081438E-04    0.2940729E-04   -0.4840486E-03    0.2020973E-01    0.1892398E-04   -0.4604314E-03    0.1929326E+01    0.2890108E+01    0.5754005E+01   -0.3838100E+02   -0.1704289E+02   -0.6092197E+01   -0.1647077E+01   -0.3416107E+00   -0.3153009E+01   -0.2516451E+01    0.1039085E+01    0.1543717E+01    0.4472669E-04   -0.2893645E-04   -0.1915535E-03   -0.1409561E-03   -0.1994827E-03   -0.1658084E-02   -0.6019227E-02   -0.4459463E-02   -0.8307378E-02   -0.2567115E-02   -0.9641573E-02   -0.1808625E-01   -0.2277587E-03    0.1514066E-03
   -0.1317840E-03   -0.5952374E-03   -0.1637747E-03   -0.6184670E-02    0.1119488E+00   -0.4689609E-01   -0.1887510E-02   -0.1065437E-01    0.5451305E+01   -0.1871016E+02   -0.3838100E+02    0.7388262E+03    0.1735045E+03    0.7572981E+02    0.1964678E+02   -0.1310421E+02   -0.3274358E+02    0.8407617E+01    0.3000292E+00   -0.5333224E-01   -0.7084909E-02   -0.7476494E-02   -0.7075204E-02   -0.7666324E-02   -0.5726591E-02   -0.9163407E-02    0.5248104E-01    0.8526040E-01    0.6451162E-01    0.6214830E-01    0.5418258E-01    0.1115366E+00   -0.1693405E-02   -0.2634914E-02
   -0.1110191E-03   -0.2489236E-02    0.1880163E-03   -0.2343122E-02    0.1520029E-01   -0.1544658E+00   -0.2143001E-02    0.1238893E-02   -0.3137308E+02   -0.2890720E+02   -0.1704289E+02    0.1735045E+03    0.1216346E+03    0.1034161E+03    0.6057566E+02   -0.9846836E+01    0.4087197E+00   -0.5396574E+01    0.2193233E+01    0.6179225E+01    0.4314317E-03   -0.8703897E-04   -0.2417598E-03   -0.1428641E-02   -0.8188290E-03    0.2784249E-02    0.3179839E-01    0.4924320E-01    0.4801701E-01    0.4097676E-01    0.6827840E-01    0.1409111E+00   -0.2052845E-03   -0.7940965E-03
   -0.4588480E-04   -0.5545620E-02    0.4872858E-03   -0.6168541E-04   -0.2217458E-01   -0.3022390E+00   -0.3154115E-02    0.4533038E-02   -0.8114550E+02   -0.5371437E+02   -0.6092197E+01    0.7572981E+02    0.1034161E+03    0.1695328E+03    0.1232553E+03   -0.6977144E+01   -0.3207181E+01    0.4077198E+00    0.1534473E+02    0.1738632E+02    0.2879316E-02    0.2624907E-02    0.2524040E-02    0.1297169E-02    0.2631984E-02    0.1074153E-01    0.1160879E-01    0.3716633E-01    0.2198197E-01    0.2826145E-01    0.5086994E-01    0.1406422E+00   -0.5530379E-03    0.1793823E-02
   -0.5333454E-04   -0.5411642E-02    0.5442715E-03    0.2652302E-02   -0.1391289E-01   -0.2911748E+00    0.1669404E-02    0.5002309E-02   -0.9260064E+02   -0.3286395E+02   -0.1647077E+01    0.1964678E+02    0.6057566E+02    0.1232553E+03    0.1549526E+03   -0.6728015E+01   -0.7683175E+01   -0.8987542E+01   -0.1172347E+02   -0.1199218E+02    0.2954366E-02    0.2314078E-02    0.2447391E-02    0.1146464E-02    0.2277997E-02    0.6910592E-02   -0.2190378E-01    0.1781744E-01    0.9003018E-02    0.4757505E-01    0.8101190E-01    0.1953671E+00   -0.1046770E-02    0.5709340E-02
    0.3788247E-05    0.9116170E-03   -0.8482685E-04   -0.5398887E-03    0.8129392E-02    0.4939804E-01    0.1230037E-03   -0.7482990E-03   -0.3789169E+01   -0.1783839E+01   -0.3416107E+00   -0.1310421E+02   -0.9846836E+01   -0.6977144E+01   -0.6728015E+01    0.7941030E+01   -0.1569806E+01   -0.3031123E+01   -0.3556995E+01   -0.3806341E+01   -0.1138755E-02   -0.8879233E-03   -0.9176426E-03   -0.4697613E-03   -0.6379324E-03    0.3747734E-03   -0.3997117E-02   -0.8751227E-02   -0.1201596E-01   -0.2426825E-02    0.4050738E-03    0.7662700E-02   -0.6815332E-04    0.2036324E-03
    0.5525927E-03    0.1116292E-01   -0.1070866E-02    0.5499575E-02    0.3301459E-02    0.6401831E+00    0.2341635E-01    0.1924081E-01   -0.1874439E+01   -0.3208712E+01   -0.3153009E+01   -0.3274358E+02    0.4087197E+00   -0.3207181E+01   -0.7683175E+01   -0.1569806E+01    0.1770028E+03    0.8123908E+02    0.7981640E+02    0.7858418E+02    0.2187237E-02    0.3377985E-02    0.3106796E-02    0.5540046E-02    0.8706974E-02    0.1065730E-01    0.6183423E-02   -0.7928878E-01   -0.6506112E-01   -0.7466405E-01   -0.7396917E-01   -0.9746985E-01   -0.1347508E-01   -0.1782641E-03
    0.3497762E-03    0.1085033E-01   -0.1110615E-02    0.1252282E-01    0.3603691E-01    0.6494127E+00    0.2643930E-01    0.1715520E-01   -0.9532077E+01   -0.8582466E+01   -0.2516451E+01    0.8407617E+01   -0.5396574E+01    0.4077198E+00   -0.8987542E+01   -0.3031123E+01    0.8123908E+02    0.1466210E+03    0.1489905E+03    0.1479536E+03    0.5290948E-02    0.6956778E-02    0.7620706E-02    0.7108470E-02    0.8846450E-02    0.1391090E-01    0.4165663E-02   -0.8133356E-01   -0.1040119E+00   -0.1178732E+00   -0.1493875E+00   -0.2267620E+00    0.4007243E-02   -0.1474356E-04
    0.3694500E-03    0.1085280E-01   -0.1071518E-02    0.9062848E-02    0.3519170E-01    0.6503831E+00    0.1976501E-01    0.1641075E-01   -0.1685711E+02   -0.1693755E+02    0.1039085E+01    0.3000292E+00    0.2193233E+01    0.1534473E+02   -0.1172347E+02   -0.3556995E+01    0.7981640E+02    0.1489905E+03    0.1893169E+03    0.2128391E+03    0.4546691E-02    0.6487333E-02    0.5300259E-02    0.6901379E-02    0.7410180E-02    0.9954289E-02    0.5113092E-02   -0.7715390E-01   -0.1262825E+00   -0.1067608E+00   -0.1483118E+00   -0.2032976E+00    0.3649328E-02   -0.5002917E-02
    0.3619933E-03    0.1074710E-01   -0.1032491E-02    0.5885886E-02    0.3699979E-01    0.6425443E+00    0.1353891E-01    0.1618008E-01   -0.2263638E+02   -0.1879570E+02    0.1543717E+01   -0.5333224E-01    0.6179225E+01    0.1738632E+02   -0.1199218E+02   -0.3806341E+01    0.7858418E+02    0.1479536E+03    0.2128391E+03    0.2609478E+03    0.3845781E-02    0.6390902E-02    0.3674726E-02    0.6959517E-02    0.6310985E-02    0.6590571E-02    0.1244241E-01   -0.6488989E-01   -0.1110948E+00   -0.8156602E-01   -0.1048082E+00   -0.1204759E+00    0.3528307E-02   -0.9442543E-02
    0.1664583E-06    0.1166773E-05   -0.1876932E-06    0.6942024E-05    0.1882730E-06    0.1238250E-03    0.1332043E-04    0.1092881E-04   -0.2186605E-02   -0.1058304E-02    0.4472669E-04   -0.7084909E-02    0.4314317E-03    0.2879316E-02    0.2954366E-02   -0.1138755E-02    0.2187237E-02    0.5290948E-02    0.4546691E-02    0.3845781E-02    0.6825513E-04    0.2295031E-04    0.2802324E-04    0.1190696E-04    0.1192146E-04    0.1326970E-04   -0.8964675E-04   -0.5875243E-04   -0.4052784E-04   -0.2818296E-04   -0.2289229E-04   -0.3243238E-04    0.5497601E-06    0.2233452E-06
    0.2169003E-06    0.1233566E-05   -0.2471673E-06    0.1097039E-04    0.2278237E-04    0.1510568E-03    0.2103020E-04    0.1273300E-04   -0.2402087E-02   -0.1166024E-02   -0.2893645E-04   -0.7476494E-02   -0.8703897E-04    0.2624907E-02    0.2314078E-02   -0.8879233E-03    0.3377985E-02    0.6956778E-02    0.6487333E-02    0.6390902E-02    0.2295031E-04    0.4034732E-04    0.3648527E-04    0.2945853E-04    0.3003587E-04    0.2839045E-04   -0.5242100E-04   -0.9531907E-04   -0.7497185E-04   -0.1190616E-03   -0.1210936E-03   -0.1280523E-03    0.5841751E-06    0.1537127E-06
    0.2695395E-06    0.1848150E-05   -0.3476765E-06    0.1218536E-04    0.4274167E-05    0.1864541E-03    0.2451737E-04    0.1450464E-04   -0.2087891E-02   -0.1063517E-02   -0.1915535E-03   -0.7075204E-02   -0.2417598E-03    0.2524040E-02    0.2447391E-02   -0.9176426E-03    0.3106796E-02    0.7620706E-02    0.5300259E-02    0.3674726E-02    0.2802324E-04    0.3648527E-04    0.1204208E-03    0.2715365E-04    0.6072107E-04    0.1092079E-03   -0.5243610E-04   -0.1072881E-03   -0.1149965E-03   -0.1178671E-03   -0.2123809E-03   -0.4299286E-03    0.6728047E-06    0.3756380E-06
    0.2151754E-06    0.1052641E-05   -0.1357212E-06    0.7751351E-05    0.3554152E-05    0.1256419E-03    0.1428665E-04    0.1190927E-04   -0.2335510E-02   -0.1166986E-02   -0.1409561E-03   -0.7666324E-02   -0.1428641E-02    0.1297169E-02    0.1146464E-02   -0.4697613E-03    0.5540046E-02    0.7108470E-02    0.6901379E-02    0.6959517E-02    0.1190696E-04    0.2945853E-04    0.2715365E-04    0.8374927E-04    0.5495002E-04    0.3967616E-04   -0.1398459E-04   -0.7512081E-04   -0.3993163E-04   -0.1961082E-03   -0.1842146E-03   -0.1519481E-03    0.3252506E-06    0.1064905E-06
    0.2770971E-06    0.9994156E-06   -0.2566612E-06    0.1072567E-04    0.3657975E-05    0.1596376E-03    0.1971196E-04    0.1457833E-04   -0.3009372E-02   -0.1609068E-02   -0.1994827E-03   -0.5726591E-02   -0.8188290E-03    0.2631984E-02    0.2277997E-02   -0.6379324E-03    0.8706974E-02    0.8846450E-02    0.7410180E-02    0.6310985E-02    0.1192146E-04    0.3003587E-04    0.6072107E-04    0.5495002E-04    0.1257194E-03    0.1578725E-03   -0.2779695E-04   -0.9444318E-04   -0.1067978E-03   -0.2079364E-03   -0.2813146E-03   -0.4482937E-03    0.8229551E-07    0.3327258E-06
    0.2538657E-06    0.1252900E-06   -0.3560274E-06    0.1606393E-04   -0.2877184E-04    0.1209083E-03    0.2774339E-04    0.1407314E-04   -0.8041283E-02   -0.5590730E-02   -0.1658084E-02   -0.9163407E-02    0.2784249E-02    0.1074153E-01    0.6910592E-02    0.3747734E-03    0.1065730E-01    0.1391090E-01    0.9954289E-02    0.6590571E-02    0.1326970E-04    0.2839045E-04    0.1092079E-03    0.3967616E-04    0.1578725E-03    0.6404177E-03   -0.3385974E-04   -0.1114674E-03   -0.1612254E-03   -0.1628577E-03   -0.3094373E-03   -0.5293981E-03    0.4401246E-06    0.7218470E-06
   -0.1728574E-05   -0.5165918E-05    0.2979090E-06   -0.5805430E-04   -0.1668169E-03   -0.6317673E-03   -0.1247130E-03   -0.4575678E-04    0.2560012E-01    0.1366895E-02   -0.6019227E-02    0.5248104E-01    0.3179839E-01    0.1160879E-01   -0.2190378E-01   -0.3997117E-02    0.6183423E-02    0.4165663E-02    0.5113092E-02    0.1244241E-01   -0.8964675E-04   -0.5242100E-04   -0.5243610E-04   -0.1398459E-04   -0.2779695E-04   -0.3385974E-04    0.1204343E-01    0.7570908E-02    0.8373476E-02    0.1360316E-02    0.1622833E-02    0.2612520E-02   -0.6010699E-06   -0.3819877E-05
   -0.2658955E-05   -0.1475712E-04    0.1288056E-05   -0.6724709E-04   -0.3481740E-03   -0.1327571E-02   -0.1478931E-03   -0.6061100E-04    0.1498096E-01    0.4535792E-03   -0.4459463E-02    0.8526040E-01    0.4924320E-01    0.3716633E-01    0.1781744E-01   -0.8751227E-02   -0.7928878E-01   -0.8133356E-01   -0.7715390E-01   -0.6488989E-01   -0.5875243E-04   -0.9531907E-04   -0.1072881E-03   -0.7512081E-04   -0.9444318E-04   -0.1114674E-03    0.7570908E-02    0.1079376E-01    0.1191204E-01    0.7015773E-02    0.6726993E-02    0.6203912E-02    0.2481527E-05   -0.3955045E-05
   -0.3392617E-05   -0.2455544E-04    0.1632783E-05   -0.6628830E-04   -0.6698158E-03   -0.2010594E-02   -0.1689912E-03   -0.7855913E-04    0.3042012E-01    0.1264926E-01   -0.8307378E-02    0.6451162E-01    0.4801701E-01    0.2198197E-01    0.9003018E-02   -0.1201596E-01   -0.6506112E-01   -0.1040119E+00   -0.1262825E+00   -0.1110948E+00   -0.4052784E-04   -0.7497185E-04   -0.1149965E-03   -0.3993163E-04   -0.1067978E-03   -0.1612254E-03    0.8373476E-02    0.1191204E-01    0.2366023E-01    0.3418523E-02    0.1030270E-01    0.2094204E-01    0.7754850E-06   -0.5147587E-05
   -0.3863657E-05   -0.6955260E-06    0.2626290E-06   -0.1307334E-03   -0.5218378E-03   -0.1166976E-02   -0.2386746E-03   -0.7490509E-04   -0.1405446E-01    0.2885669E-02   -0.2567115E-02    0.6214830E-01    0.4097676E-01    0.2826145E-01    0.4757505E-01   -0.2426825E-02   -0.7466405E-01   -0.1178732E+00   -0.1067608E+00   -0.8156602E-01   -0.2818296E-04   -0.1190616E-03   -0.1178671E-03   -0.1961082E-03   -0.2079364E-03   -0.1628577E-03    0.1360316E-02    0.7015773E-02    0.3418523E-02    0.1989401E-01    0.1772091E-01    0.1234907E-01   -0.2701366E-05   -0.2354685E-05
   -0.5407748E-05   -0.2550578E-05   -0.3359875E-06   -0.1870057E-03   -0.8686733E-03   -0.1714189E-02   -0.3501198E-03   -0.1025048E-03   -0.3187511E-01    0.1262084E-02   -0.9641573E-02    0.5418258E-01    0.6827840E-01    0.5086994E-01    0.8101190E-01    0.4050738E-03   -0.7396917E-01   -0.1493875E+00   -0.1483118E+00   -0.1048082E+00   -0.2289229E-04   -0.1210936E-03   -0.2123809E-03   -0.1842146E-03   -0.2813146E-03   -0.3094373E-03    0.1622833E-02    0.6726993E-02    0.1030270E-01    0.1772091E-01    0.2746011E-01    0.3958225E-01   -0.4356674E-05   -0.4873042E-05
   -0.9040599E-05   -0.9311530E-05   -0.2829059E-06   -0.2901184E-03   -0.1658854E-02   -0.3166087E-02   -0.5452723E-03   -0.1728523E-03   -0.1152710E+00   -0.2294318E-01   -0.1808625E-01    0.1115366E+00    0.1409111E+00    0.1406422E+00    0.1953671E+00    0.7662700E-02   -0.9746985E-01   -0.2267620E+00   -0.2032976E+00   -0.1204759E+00   -0.3243238E-04   -0.1280523E-03   -0.4299286E-03   -0.1519481E-03   -0.4482937E-03   -0.5293981E-03    0.2612520E-02    0.6203912E-02    0.2094204E-01    0.1234907E-01    0.3958225E-01    0.1011818E+00   -0.9868545E-05   -0.5942073E-05
   -0.3758184E-07   -0.3634963E-06    0.2335123E-07    0.9185150E-06    0.1698299E-05   -0.1751731E-04    0.4769081E-07   -0.3739003E-06    0.1692378E-03   -0.8999810E-04   -0.2277587E-03   -0.1693405E-02   -0.2052845E-03   -0.5530379E-03   -0.1046770E-02   -0.6815332E-04   -0.1347508E-01    0.4007243E-02    0.3649328E-02    0.3528307E-02    0.5497601E-06    0.5841751E-06    0.6728047E-06    0.3252506E-06    0.8229551E-07    0.4401246E-06   -0.6010699E-06    0.2481527E-05    0.7754850E-06   -0.2701366E-05   -0.4356674E-05   -0.9868545E-05    0.2468981E-05   -0.3038953E-08
    0.2180522E-08   -0.1340686E-06    0.8014120E-08    0.8022113E-06   -0.1045817E-05   -0.5908135E-05    0.1276010E-05    0.2660545E-06   -0.3090534E-02   -0.1626481E-03    0.1514066E-03   -0.2634914E-02   -0.7940965E-03    0.1793823E-02    0.5709340E-02    0.2036324E-03   -0.1782641E-03   -0.1474356E-04   -0.5002917E-02   -0.9442543E-02    0.2233452E-06    0.1537127E-06    0.3756380E-06    0.1064905E-06    0.3327258E-06    0.7218470E-06   -0.3819877E-05   -0.3955045E-05   -0.5147587E-05   -0.2354685E-05   -0.4873042E-05   -0.5942073E-05   -0.3038953E-08    0.1309908E-05
