# omegabh2 omegach2 theta tau Alens logA ns aps100 aps143 aps217 acib217 asz143 psr cibr xi aksz dust100 dust143 dust217 dust143x217 calPlanck cal0 cal2
  9.5577166E-08  -6.2287786E-07   1.0702421E-07   1.5285832E-06   1.7500006E-05   1.7683465E-06   1.9382501E-06  -1.9412953E-03  -1.2430292E-03   3.6202103E-04  -5.9695375E-04   7.0828015E-05   4.9404165E-06  -9.7003377E-06   4.0745829E-06  -1.4907075E-04   3.0093480E-07  -2.0350034E-06   2.5145651E-06  -2.5451604E-06  -2.3734072E-09   7.3751677E-09  -4.9046639E-08
 -6.2287786E-07   7.7344809E-06  -9.2623913E-07  -3.0609720E-05  -1.1571675E-04  -4.3312960E-05  -2.1195791E-05   1.2384778E-02   8.1080437E-03  -1.8829068E-03   3.6945017E-03  -4.3261423E-04  -2.5746627E-05   5.1486940E-05  -2.2655068E-05   9.0688783E-04  -1.9662737E-06   1.4671919E-05  -1.3833126E-05   2.1963183E-05  -7.3775364E-08  -8.9778445E-08   3.2076883E-07
  1.0702421E-07  -9.2623913E-07   3.0919154E-07   3.1722095E-06   2.0489614E-05   4.4253782E-06   2.9119733E-06  -1.8516978E-03  -1.1991943E-03   3.1988633E-04  -5.7931585E-04   5.8473622E-05   4.0334806E-06  -8.9741894E-06   3.9660533E-06  -1.3619890E-04   3.0880176E-07  -2.3757082E-06   2.3245380E-06  -2.7142494E-06  -6.6194372E-09   7.4137469E-09  -5.2683684E-08
  1.5285832E-06  -3.0609720E-05   3.1722095E-06   2.7909064E-03  -5.5702111E-03   5.4767222E-03   1.5794182E-04  -1.1246880E-01  -5.6863355E-02   2.5456700E-02  -3.2345424E-02   2.3028457E-03   3.0923485E-04  -6.5210074E-04   2.9049292E-04  -9.3361872E-03  -3.9076370E-04  -1.7618378E-04   1.6238834E-04  -5.3158266E-05   1.4007796E-06  -1.0565572E-06  -1.7486450E-06
  1.7500006E-05  -1.1571675E-04   2.0489614E-05  -5.5702111E-03   1.9915870E-02  -1.1338080E-02   2.1352270E-04  -3.0915154E-01  -1.9906129E-01   6.7334522E-02  -1.0202009E-01   1.1537298E-02   6.6998489E-04  -1.4988403E-03   6.0083413E-04  -2.2383873E-02   8.9929180E-04  -4.2839456E-04   2.4675105E-04  -7.3555360E-04  -1.8098827E-05   3.9983701E-06  -1.2558042E-05
  1.7683465E-06  -4.3312960E-05   4.4253782E-06   5.4767222E-03  -1.1338080E-02   1.0813988E-02   2.6451343E-04  -1.9166150E-01  -9.3631062E-02   5.4191498E-02  -5.7481233E-02   3.6647525E-03   5.8827305E-04  -1.2342868E-03   5.7226947E-04  -1.7506351E-02  -7.9901708E-04  -4.0665740E-04   3.1720974E-04  -7.1917879E-05   1.4907631E-05  -1.6878213E-06  -2.7802314E-06
  1.9382501E-06  -2.1195791E-05   2.9119733E-06   1.5794182E-04   2.1352270E-04   2.6451343E-04   7.3154537E-05  -6.2747314E-02  -3.2350197E-02   1.5292517E-02  -1.7835983E-02   1.7636044E-03   1.6479624E-04  -2.8867388E-04   1.5087394E-04  -4.9622693E-03   1.4591806E-05  -6.9961796E-05   7.4297692E-05  -8.2890689E-05   2.4100443E-07  -2.1841211E-07  -1.3048651E-06
 -1.9412953E-03   1.2384778E-02  -1.8516978E-03  -1.1246880E-01  -3.0915154E-01  -1.9166150E-01  -6.2747314E-02   6.4542113E+02   8.0049248E+01  -6.6830368E+01   4.4266159E+01  -2.5948428E+01  -1.0555109E+00   1.8139361E-02  -5.0480689E-01   1.3602707E+01  -1.7676351E-01   3.1332200E-01  -3.2644864E-01  -1.2617473E-01   3.2261113E-03   6.7743689E-03   3.8339959E-03
 -1.2430292E-03   8.1080437E-03  -1.1991943E-03  -5.6863355E-02  -1.9906129E-01  -9.3631062E-02  -3.2350197E-02   8.0049248E+01   7.9856918E+01   4.4375736E+00   1.3147557E+01  -1.2884789E+00  -1.4082905E-01   5.2404406E-01   8.4213567E-01  -5.7311631E+00  -4.0079704E-02  -2.0874822E-01   1.8560917E-02   1.1891539E-01   6.6598854E-04   7.8786981E-04   1.2033548E-03
  3.6202103E-04  -1.8829068E-03   3.1988633E-04   2.5456700E-02   6.7334522E-02   5.4191498E-02   1.5292517E-02  -6.6830368E+01   4.4375736E+00   1.7135813E+02  -8.2246625E+01   3.2259679E+00   3.3406454E-01  -1.0143501E+00   3.7454194E-01  -8.2702964E+00  -8.1562264E-03  -2.5472639E-01   5.7053643E-01  -6.8785849E-02   1.1564482E-03   1.4280594E-03  -7.0957877E-03
 -5.9695375E-04   3.6945017E-03  -5.7931585E-04  -3.2345424E-02  -1.0202009E-01  -5.7481233E-02  -1.7835983E-02   4.4266159E+01   1.3147557E+01  -8.2246625E+01   5.3034785E+01   8.8342031E-01  -6.2973302E-02   7.2613918E-01  -2.7839845E-01  -1.0249558E+00  -1.0810348E-03   1.5726414E-01  -4.6146299E-01  -5.5543123E-02   6.6646626E-04  -4.5178026E-04   2.9752768E-03
  7.0828015E-05  -4.3261423E-04   5.8473622E-05   2.3028457E-03   1.1537298E-02   3.6647525E-03   1.7636044E-03  -2.5948428E+01  -1.2884789E+00   3.2259679E+00   8.8342031E-01   4.2569668E+00   1.1211301E-01   1.4454266E-01  -2.1202286E-02  -3.3359471E+00  -5.7323256E-03  -1.0400145E-02   1.4174656E-02   5.5018437E-02  -2.6297282E-05   4.6173307E-04  -2.5784422E-04
  4.9404165E-06  -2.5746627E-05   4.0334806E-06   3.0923485E-04   6.6998489E-04   5.8827305E-04   1.6479624E-04  -1.0555109E+00  -1.4082905E-01   3.3406454E-01  -6.2973302E-02   1.1211301E-01   1.8781249E-02  -1.7982940E-02   1.2675925E-02  -1.0793546E-01  -1.5664749E-05  -9.7859555E-04  -2.7330124E-03   4.9667841E-03   5.6589228E-07   1.7132645E-05  -3.7261332E-05
 -9.7003377E-06   5.1486940E-05  -8.9741894E-06  -6.5210074E-04  -1.4988403E-03  -1.2342868E-03  -2.8867388E-04   1.8139361E-02   5.2404406E-01  -1.0143501E+00   7.2613918E-01   1.4454266E-01  -1.7982940E-02   7.0714752E-02   4.2900932E-03  -1.1669960E-01  -4.1042400E-06   6.6119256E-03  -4.9615887E-04  -1.6885517E-02   4.0496484E-06  -5.4698966E-06   8.7407288E-05
  4.0745829E-06  -2.2655068E-05   3.9660533E-06   2.9049292E-04   6.0083413E-04   5.7226947E-04   1.5087394E-04  -5.0480689E-01   8.4213567E-01   3.7454194E-01  -2.7839845E-01  -2.1202286E-02   1.2675925E-02   4.2900932E-03   8.3373152E-02   1.9757493E-02   2.4039171E-04  -2.3855373E-04   9.7503759E-04   6.7054448E-04   5.7853475E-07   1.8113666E-05  -1.3463264E-05
 -1.4907075E-04   9.0688783E-04  -1.3619890E-04  -9.3361872E-03  -2.2383873E-02  -1.7506351E-02  -4.9622693E-03   1.3602707E+01  -5.7311631E+00  -8.2702964E+00  -1.0249558E+00  -3.3359471E+00  -1.0793546E-01  -1.1669960E-01   1.9757493E-02   7.0416681E+00   3.7744872E-03   9.9469351E-03  -1.1149612E-02  -4.9117335E-02   2.5287038E-05  -3.4799216E-04   1.5274149E-04
  3.0093480E-07  -1.9662737E-06   3.0880176E-07  -3.9076370E-04   8.9929180E-04  -7.9901708E-04   1.4591806E-05  -1.7676351E-01  -4.0079704E-02  -8.1562264E-03  -1.0810348E-03  -5.7323256E-03  -1.5664749E-05  -4.1042400E-06   2.4039171E-04   3.7744872E-03   3.7982310E-02   3.1039770E-03  -3.6254903E-06   5.1975412E-04  -1.1817152E-06   3.5996126E-05  -4.0721993E-06
 -2.0350034E-06   1.4671919E-05  -2.3757082E-06  -1.7618378E-04  -4.2839456E-04  -4.0665740E-04  -6.9961796E-05   3.1332200E-01  -2.0874822E-01  -2.5472639E-01   1.5726414E-01  -1.0400145E-02  -9.7859555E-04   6.6119256E-03  -2.3855373E-04   9.9469351E-03   3.1039770E-03   3.0948075E-02  -7.9974043E-04   5.4277573E-03   6.0584864E-06  -8.1347536E-05  -4.6139055E-05
  2.5145651E-06  -1.3833126E-05   2.3245380E-06   1.6238834E-04   2.4675105E-04   3.1720974E-04   7.4297692E-05  -3.2644864E-01   1.8560917E-02   5.7053643E-01  -4.6146299E-01   1.4174656E-02  -2.7330124E-03  -4.9615887E-04   9.7503759E-04  -1.1149612E-02  -3.6254903E-06  -7.9974043E-04   1.0751641E-02   8.1790517E-03   5.1037702E-06   3.9817305E-06   6.3261603E-05
 -2.5451604E-06   2.1963183E-05  -2.7142494E-06  -5.3158266E-05  -7.3555360E-04  -7.1917879E-05  -8.2890689E-05  -1.2617473E-01   1.1891539E-01  -6.8785849E-02  -5.5543123E-02   5.5018437E-02   4.9667841E-03  -1.6885517E-02   6.7054448E-04  -4.9117335E-02   5.1975412E-04   5.4277573E-03   8.1790517E-03   2.5954587E-02  -3.9908669E-07  -3.1754165E-06   6.4638332E-05
 -2.3734072E-09  -7.3775364E-08  -6.6194372E-09   1.4007796E-06  -1.8098827E-05   1.4907631E-05   2.4100443E-07   3.2261113E-03   6.6598854E-04   1.1564482E-03   6.6646626E-04  -2.6297282E-05   5.6589228E-07   4.0496484E-06   5.7853475E-07   2.5287038E-05  -1.1817152E-06   6.0584864E-06   5.1037702E-06  -3.9908669E-07   6.1696040E-06  -2.7083032E-08  -1.6859259E-08
  7.3751677E-09  -8.9778445E-08   7.4137469E-09  -1.0565572E-06   3.9983701E-06  -1.6878213E-06  -2.1841211E-07   6.7743689E-03   7.8786981E-04   1.4280594E-03  -4.5178026E-04   4.6173307E-04   1.7132645E-05  -5.4698966E-06   1.8113666E-05  -3.4799216E-04   3.5996126E-05  -8.1347536E-05   3.9817305E-06  -3.1754165E-06  -2.7083032E-08   1.1273059E-06   7.0927748E-08
 -4.9046639E-08   3.2076883E-07  -5.2683684E-08  -1.7486450E-06  -1.2558042E-05  -2.7802314E-06  -1.3048651E-06   3.8339959E-03   1.2033548E-03  -7.0957877E-03   2.9752768E-03  -2.5784422E-04  -3.7261332E-05   8.7407288E-05  -1.3463264E-05   1.5274149E-04  -4.0721993E-06  -4.6139055E-05   6.3261603E-05   6.4638332E-05  -1.6859259E-08   7.0927748E-08   2.4318229E-06
