# omegabh2 omegach2 theta tau nnu ns logA aps100 aps143 aps217 acib143 acib217 asz143 psr cibr cal0 cal2 xi aksz bm_1_1
    0.18224E-06    0.11043E-05   -0.60119E-07    0.33971E-05    0.13281E-03    0.64927E-05    0.97120E-05    0.33493E-03   -0.26400E-04   -0.81836E-04    0.25327E-03    0.52007E-03    0.26061E-04   -0.25089E-05    0.95043E-05   -0.19909E-08    0.65613E-08   -0.10603E-04    0.57085E-04    0.24291E-04
    0.11043E-05    0.24992E-04   -0.21859E-05    0.14183E-04    0.16737E-02    0.55914E-04    0.88774E-04    0.54536E-02    0.79643E-04   -0.10339E-02    0.59500E-02    0.10031E-01    0.40277E-03   -0.22889E-04    0.16750E-03   -0.70428E-07    0.28411E-06   -0.11193E-03    0.11960E-02    0.43278E-03
   -0.60119E-07   -0.21859E-05    0.46317E-06   -0.55167E-06   -0.14182E-03   -0.41551E-05   -0.61214E-05   -0.35090E-03    0.85446E-05    0.11654E-03   -0.45272E-03   -0.98026E-03   -0.52527E-04    0.16139E-05   -0.21250E-04    0.16034E-07   -0.51262E-07    0.12358E-04   -0.13590E-03   -0.35624E-04
    0.33971E-05    0.14183E-04   -0.55167E-06    0.25178E-03    0.24852E-02    0.14796E-03    0.53934E-03    0.29071E-02    0.64635E-03   -0.34477E-03    0.49446E-03    0.16571E-02   -0.14952E-03   -0.33246E-04   -0.15637E-03   -0.80847E-07    0.14811E-06   -0.92240E-04    0.32067E-03    0.14947E-03
    0.13281E-03    0.16737E-02   -0.14182E-03    0.24852E-02    0.15282E+00    0.64149E-02    0.90681E-02    0.39443E+00   -0.94087E-02   -0.10708E+00    0.44906E+00    0.86010E+00    0.39846E-01   -0.25289E-02    0.15929E-01   -0.42354E-05    0.23468E-04   -0.11612E-01    0.11462E+00    0.33304E-01
    0.64927E-05    0.55914E-04   -0.41551E-05    0.14796E-03    0.64149E-02    0.31979E-03    0.43277E-03    0.11927E-01    0.38273E-03   -0.24821E-02    0.10827E-01    0.23622E-01    0.11177E-02   -0.91359E-04    0.40974E-03   -0.21758E-06    0.62105E-06   -0.39384E-03    0.31856E-02    0.10651E-02
    0.97120E-05    0.88774E-04   -0.61214E-05    0.53934E-03    0.90681E-02    0.43277E-03    0.13049E-02    0.22429E-01    0.24258E-02   -0.19523E-02    0.12584E-01    0.22646E-01    0.20910E-03   -0.10237E-03   -0.38606E-04   -0.24985E-06    0.10726E-05   -0.40708E-03    0.27371E-02    0.16500E-02
    0.33493E-03    0.54536E-02   -0.35090E-03    0.29071E-02    0.39443E+00    0.11927E-01    0.22429E-01    0.33695E+02    0.17428E+01    0.82669E+00    0.66079E+01   -0.98987E+00   -0.20150E+01    0.66065E-02   -0.39716E+00   -0.64616E-04    0.63196E-03    0.13197E+00   -0.48865E+00    0.13677E+01
   -0.26400E-04    0.79643E-04    0.85446E-05    0.64635E-03   -0.94087E-02    0.38273E-03    0.24258E-02    0.17428E+01    0.15784E+01    0.10678E+01   -0.25365E+01   -0.38604E+01   -0.40665E+00    0.81950E-02   -0.98841E-01    0.13311E-04    0.98283E-04    0.16722E+00   -0.53540E+00    0.33887E-01
   -0.81836E-04   -0.10339E-02    0.11654E-03   -0.34477E-03   -0.10708E+00   -0.24821E-02   -0.19523E-02    0.82669E+00    0.10678E+01    0.25886E+01   -0.36428E+01   -0.10749E+02   -0.39676E+00    0.31349E-01   -0.22155E+00    0.10229E-04   -0.71310E-03    0.10690E+00   -0.54089E+00    0.30860E-01
    0.25327E-03    0.59500E-02   -0.45272E-03    0.49446E-03    0.44906E+00    0.10827E-01    0.12584E-01    0.66079E+01   -0.25365E+01   -0.36428E+01    0.30594E+02    0.20467E+02   -0.24913E+00   -0.37140E-01    0.15107E+00   -0.40313E-04   -0.14514E-03    0.21674E+00   -0.42608E+00   -0.27729E+00
    0.52007E-03    0.10031E-01   -0.98026E-03    0.16571E-02    0.86010E+00    0.23622E-01    0.22646E-01   -0.98987E+00   -0.38604E+01   -0.10749E+02    0.20467E+02    0.54072E+02    0.22471E+01   -0.14524E+00    0.11443E+01   -0.57913E-04    0.33847E-02   -0.51727E+00   -0.35643E+00    0.26027E-01
    0.26061E-04    0.40277E-03   -0.52527E-04   -0.14952E-03    0.39846E-01    0.11177E-02    0.20910E-03   -0.20150E+01   -0.40665E+00   -0.39676E+00   -0.24913E+00    0.22471E+01    0.60662E+00   -0.50189E-02    0.14253E+00   -0.28504E-05   -0.12262E-03   -0.38555E-01   -0.26518E-01    0.66335E-01
   -0.25089E-05   -0.22889E-04    0.16139E-05   -0.33246E-04   -0.25289E-02   -0.91359E-04   -0.10237E-03    0.66065E-02    0.81950E-02    0.31349E-01   -0.37140E-01   -0.14524E+00   -0.50189E-02    0.27913E-02   -0.36732E-02    0.12931E-05   -0.73005E-05    0.26970E-02   -0.32284E-02    0.77111E-03
    0.95043E-05    0.16750E-03   -0.21250E-04   -0.15637E-03    0.15929E-01    0.40974E-03   -0.38606E-04   -0.39716E+00   -0.98841E-01   -0.22155E+00    0.15107E+00    0.11443E+01    0.14253E+00   -0.36732E-02    0.54052E-01    0.17063E-05    0.36375E-04   -0.68070E-02   -0.51027E-02    0.13741E-01
   -0.19909E-08   -0.70428E-07    0.16034E-07   -0.80847E-07   -0.42354E-05   -0.21758E-06   -0.24985E-06   -0.64616E-04    0.13311E-04    0.10229E-04   -0.40313E-04   -0.57913E-04   -0.28504E-05    0.12931E-05    0.17063E-05    0.16062E-06   -0.53768E-08    0.28413E-05    0.88202E-05   -0.23199E-04
    0.65613E-08    0.28411E-06   -0.51262E-07    0.14811E-06    0.23468E-04    0.62105E-06    0.10726E-05    0.63196E-03    0.98283E-04   -0.71310E-03   -0.14514E-03    0.33847E-02   -0.12262E-03   -0.73005E-05    0.36375E-04   -0.53768E-08    0.89929E-06   -0.22579E-04   -0.82200E-05   -0.20206E-05
   -0.10603E-04   -0.11193E-03    0.12358E-04   -0.92240E-04   -0.11612E-01   -0.39384E-03   -0.40708E-03    0.13197E+00    0.16722E+00    0.10690E+00    0.21674E+00   -0.51727E+00   -0.38555E-01    0.26970E-02   -0.68070E-02    0.28413E-05   -0.22579E-04    0.65618E-01   -0.99316E-02   -0.13992E-03
    0.57085E-04    0.11960E-02   -0.13590E-03    0.32067E-03    0.11462E+00    0.31856E-02    0.27371E-02   -0.48865E+00   -0.53540E+00   -0.54089E+00   -0.42608E+00   -0.35643E+00   -0.26518E-01   -0.32284E-02   -0.51027E-02    0.88202E-05   -0.82200E-05   -0.99316E-02    0.19854E+01   -0.18243E-03
    0.24291E-04    0.43278E-03   -0.35624E-04    0.14947E-03    0.33304E-01    0.10651E-02    0.16500E-02    0.13677E+01    0.33887E-01    0.30860E-01   -0.27729E+00    0.26027E-01    0.66335E-01    0.77111E-03    0.13741E-01   -0.23199E-04   -0.20206E-05   -0.13992E-03   -0.18243E-03    0.15609E+00
