# omegabh2 omegach2 theta tau logA ns nrun r calPlanck acib217 xi asz143 aps100 aps143 aps143217 aps217 aksz kgal100 kgal143 kgal143217 kgal217 cal0 cal2
  5.5790992E-08  -2.1984392E-07   4.7299023E-08   6.6807861E-07   1.1206633E-06   5.4682239E-07  -7.9478925E-07   2.4086288E-06   1.2582984E-08  -5.7386298E-05  -1.4334671E-07   2.5233138E-05  -4.1245690E-04  -3.2078029E-04  -1.9250528E-04  -1.3277542E-04  -1.0630264E-05   1.5013540E-05   6.8016177E-06   7.7169523E-06   3.1342022E-05   1.0866083E-09   2.4603256E-10
 -2.1984392E-07   4.4746721E-06  -4.4065669E-07  -4.3663129E-06   1.7113828E-06  -1.0279680E-05  -1.1158953E-06  -1.3696091E-05  -2.7541750E-07   4.1966638E-04  -6.1491488E-06  -1.8734866E-04   2.9639850E-03   2.1972812E-03   1.1067925E-03   7.0166904E-04   1.3781539E-04  -3.8877140E-05  -2.6731716E-05  -7.7763159E-06  -1.3067641E-04  -6.3444054E-09   1.2469755E-08
  4.7299023E-08  -4.4065669E-07   2.2997709E-07   6.7960314E-07   6.3533579E-07   1.2452226E-06  -1.8365888E-07   1.9809229E-06   3.9777316E-08  -1.5586004E-05  -1.7287041E-07   1.6528393E-05  -2.2349378E-04  -2.1749073E-04  -1.3795907E-04  -1.2761709E-04   4.1284046E-06   2.7139092E-06  -8.8864146E-07  -9.6883563E-06  -5.5268088E-06   2.1368043E-09   2.6192998E-10
  6.6807861E-07  -4.3663129E-06   6.7960314E-07   7.1856275E-05   1.3652234E-04   1.1504679E-05  -1.6834770E-05   3.6748734E-05  -4.2070039E-07  -4.7937927E-04  -1.4541320E-05   2.2717985E-04  -4.6445555E-03  -3.5834586E-03  -2.4098314E-03  -1.6380095E-03  -2.5563572E-04   9.0639529E-05   6.8755086E-06  -1.7203147E-04  -1.5568975E-04  -3.8073722E-09  -3.1166526E-08
  1.1206633E-06   1.7113828E-06   6.3533579E-07   1.3652234E-04   3.1580146E-04  -4.3514662E-06  -5.1754504E-05   6.4729879E-05   1.1142078E-05   1.6345380E-03  -4.4596620E-05  -5.0377239E-04   8.6760813E-03   2.8848279E-03   2.2185933E-04   2.8874216E-03  -1.5160498E-04  -1.5725581E-04  -4.8495458E-04  -7.2240652E-04   4.5310166E-04   1.3736908E-07  -2.6769282E-08
  5.4682239E-07  -1.0279680E-05   1.2452226E-06   1.1504679E-05  -4.3514662E-06   3.5883804E-05   9.5004638E-06   4.4427389E-05   6.8912572E-07  -6.5052606E-03   1.1539985E-04   1.8397308E-03  -3.6449181E-02  -1.3242458E-02  -2.1381220E-04   4.6813527E-03  -3.3369566E-03   3.5258554E-04  -3.8965890E-04  -2.9306323E-04   2.1078058E-03  -1.3723147E-07  -1.1235116E-07
 -7.9478925E-07  -1.1158953E-06  -1.8365888E-07  -1.6834770E-05  -5.1754504E-05   9.5004638E-06   6.7855442E-05  -1.4737316E-04  -1.1686333E-08  -8.0935411E-03   1.7623741E-04   2.1596098E-03  -3.7621098E-02  -1.5812483E-02   8.2677508E-05   5.8332049E-03  -3.9216798E-03  -5.2828843E-04  -7.7207707E-04  -7.0035574E-04   1.8065162E-03  -5.7376654E-08  -2.0037480E-07
  2.4086288E-06  -1.3696091E-05   1.9809229E-06   3.6748734E-05   6.4729879E-05   4.4427389E-05  -1.4737316E-04   2.3456451E-03   4.5333431E-07   1.0131532E-02  -1.5510115E-04  -1.6478776E-03   3.3368209E-02   1.7128548E-02   2.0677184E-03  -5.7463778E-03   3.3516093E-03  -8.1590426E-04   1.0890032E-03   5.2454518E-04  -3.9050663E-03  -2.7012917E-07   1.2309144E-07
  1.2582984E-08  -2.7541750E-07   3.9777316E-08  -4.2070039E-07   1.1142078E-05   6.8912572E-07  -1.1686333E-08   4.5333431E-07   6.2794934E-06   6.7648935E-04  -8.6021826E-07  -3.0082520E-05   3.2853364E-03   5.6839836E-04   2.5473291E-04   1.2285984E-03   9.8591292E-06   6.1487604E-06  -1.4673061E-05   1.5413712E-05   8.2745089E-04  -1.0831934E-08  -1.0406766E-08
 -5.7386298E-05   4.1966638E-04  -1.5586004E-05  -4.7937927E-04   1.6345380E-03  -6.5052606E-03  -8.0935411E-03   1.0131532E-02   6.7648935E-04   4.5560441E+01  -3.8997970E-01  -1.2540622E+00   4.1617388E+01   5.2416755E+00  -1.2529488E+01  -5.5228981E+01   5.5464657E-01   2.0792272E-01   6.2040377E-01  -5.8000407E+00  -3.3676095E+01  -1.7997113E-04   6.9962206E-04
 -1.4334671E-07  -6.1491488E-06  -1.7287041E-07  -1.4541320E-05  -4.4596620E-05   1.1539985E-04   1.7623741E-04  -1.5510115E-04  -8.6021826E-07  -3.8997970E-01   8.0712566E-02  -5.0719616E-02  -5.4932704E-01   8.0554983E-01   1.5442069E+00   5.8262278E-01   4.9410516E-02  -5.6073979E-03   8.4886629E-03   8.5341875E-02   1.2284587E-01   3.2758546E-06  -1.2243037E-06
  2.5233138E-05  -1.8734866E-04   1.6528393E-05   2.2717985E-04  -5.0377239E-04   1.8397308E-03   2.1596098E-03  -1.6478776E-03  -3.0082520E-05  -1.2540622E+00  -5.0719616E-02   4.1229614E+00  -3.3162460E+01  -3.9289020E+00   8.0665577E+00   6.0172250E+00  -3.2935277E+00  -2.2032326E-01   1.6303249E-01   2.7699322E+00   3.6293987E+00   9.7515478E-05  -4.0905752E-05
 -4.1245690E-04   2.9639850E-03  -2.2349378E-04  -4.6445555E-03   8.6760813E-03  -3.6449181E-02  -3.7621098E-02   3.3368209E-02   3.2853364E-03   4.1617388E+01  -5.4932704E-01  -3.3162460E+01   8.1554503E+02   8.3568345E+01  -5.4776089E+01  -6.5033677E+01   1.9283185E+01  -6.1657096E+00   5.7355960E+00  -1.2774547E+01  -2.7023504E+01   3.9266669E-03   5.7946793E-04
 -3.2078029E-04   2.1972812E-03  -2.1749073E-04  -3.5834586E-03   2.8848279E-03  -1.3242458E-02  -1.5812483E-02   1.7128548E-02   5.6839836E-04   5.2416755E+00   8.0554983E-01  -3.9289020E+00   8.3568345E+01   6.8337150E+01   4.0921486E+01   1.4790089E+01  -4.2115500E+00  -4.2534290E-01  -1.1463480E+00   3.4177641E+00   2.8870147E+00   1.3690245E-04   1.3003142E-04
 -1.9250528E-04   1.1067925E-03  -1.3795907E-04  -2.4098314E-03   2.2185933E-04  -2.1381220E-04   8.2677508E-05   2.0677184E-03   2.5473291E-04  -1.2529488E+01   1.5442069E+00   8.0665577E+00  -5.4776089E+01   4.0921486E+01   8.5092228E+01   5.5404696E+01  -1.3378519E+01  -9.5179497E-01  -6.8186555E-01   4.9492028E+00   8.3685858E+00   4.2553114E-04  -3.6295264E-04
 -1.3277542E-04   7.0166904E-04  -1.2761709E-04  -1.6380095E-03   2.8874216E-03   4.6813527E-03   5.8332049E-03  -5.7463778E-03   1.2285984E-03  -5.5228981E+01   5.8262278E-01   6.0172250E+00  -6.5033677E+01   1.4790089E+01   5.5404696E+01   1.0639478E+02  -1.1151003E+01  -7.7341762E-01  -1.2866267E+00   5.6712638E+00   3.3667602E+01   4.6476381E-04  -1.3340420E-03
 -1.0630264E-05   1.3781539E-04   4.1284046E-06  -2.5563572E-04  -1.5160498E-04  -3.3369566E-03  -3.9216798E-03   3.3516093E-03   9.8591292E-06   5.5464657E-01   4.9410516E-02  -3.2935277E+00   1.9283185E+01  -4.2115500E+00  -1.3378519E+01  -1.1151003E+01   7.0227857E+00   1.8547670E-01  -1.5522190E-01  -2.2839315E+00  -2.7882079E+00  -6.5594737E-05   3.2252248E-05
  1.5013540E-05  -3.8877140E-05   2.7139092E-06   9.0639529E-05  -1.5725581E-04   3.5258554E-04  -5.2828843E-04  -8.1590426E-04   6.1487604E-06   2.0792272E-01  -5.6073979E-03  -2.2032326E-01  -6.1657096E+00  -4.2534290E-01  -9.5179497E-01  -7.7341762E-01   1.8547670E-01   3.3865230E+00   5.4844929E-01   1.4600044E-01   6.9723882E-02   1.6670298E-04  -2.7224709E-06
  6.8016177E-06  -2.6731716E-05  -8.8864146E-07   6.8755086E-06  -4.8495458E-04  -3.8965890E-04  -7.7207707E-04   1.0890032E-03  -1.4673061E-05   6.2040377E-01   8.4886629E-03   1.6303249E-01   5.7355960E+00  -1.1463480E+00  -6.8186555E-01  -1.2866267E+00  -1.5522190E-01   5.4844929E-01   3.1484958E+00   2.7327331E+00   2.7230283E+00  -1.8718629E-04  -2.7892588E-05
  7.7169523E-06  -7.7763159E-06  -9.6883563E-06  -1.7203147E-04  -7.2240652E-04  -2.9306323E-04  -7.0035574E-04   5.2454518E-04   1.5413712E-05  -5.8000407E+00   8.5341875E-02   2.7699322E+00  -1.2774547E+01   3.4177641E+00   4.9492028E+00   5.6712638E+00  -2.2839315E+00   1.4600044E-01   2.7327331E+00   1.0953879E+01   1.9544121E+01  -4.3776943E-05   4.0628711E-04
  3.1342022E-05  -1.3067641E-04  -5.5268088E-06  -1.5568975E-04   4.5310166E-04   2.1078058E-03   1.8065162E-03  -3.9050663E-03   8.2745089E-04  -3.3676095E+01   1.2284587E-01   3.6293987E+00  -2.7023504E+01   2.8870147E+00   8.3685858E+00   3.3667602E+01  -2.7882079E+00   6.9723882E-02   2.7230283E+00   1.9544121E+01   5.4148285E+01   2.7298094E-05   9.3475870E-04
  1.0866083E-09  -6.3444054E-09   2.1368043E-09  -3.8073722E-09   1.3736908E-07  -1.3723147E-07  -5.7376654E-08  -2.7012917E-07  -1.0831934E-08  -1.7997113E-04   3.2758546E-06   9.7515478E-05   3.9266669E-03   1.3690245E-04   4.2553114E-04   4.6476381E-04  -6.5594737E-05   1.6670298E-04  -1.8718629E-04  -4.3776943E-05   2.7298094E-05   3.8094789E-07  -1.7846940E-09
  2.4603256E-10   1.2469755E-08   2.6192998E-10  -3.1166526E-08  -2.6769282E-08  -1.1235116E-07  -2.0037480E-07   1.2309144E-07  -1.0406766E-08   6.9962206E-04  -1.2243037E-06  -4.0905752E-05   5.7946793E-04   1.3003142E-04  -3.6295264E-04  -1.3340420E-03   3.2252248E-05  -2.7224709E-06  -2.7892588E-05   4.0628711E-04   9.3475870E-04  -1.7846940E-09   3.8683744E-07
