# omegabh2 omegach2 theta tau yhe ns logA aps100 aps143 aps217 acib143 acib217 asz143 psr cibr ncib cal0 cal2 xi aksz bm_1_1 bm_1_2 bm_1_3 bm_1_4 bm_1_5 bm_2_1 bm_2_2 bm_2_3 bm_2_4 bm_2_5 bm_3_1 bm_3_2 bm_3_3 bm_3_4 bm_3_5 bm_4_1 bm_4_2 bm_4_3 bm_4_4 bm_4_5
    0.13228E-06   -0.46397E-06    0.28849E-06    0.20013E-05    0.56910E-05    0.36589E-05    0.46051E-05    0.99107E-03    0.24623E-03   -0.13668E-03    0.15349E-03    0.22629E-03    0.50943E-04   -0.26107E-06    0.71933E-05   -0.29871E-06    0.24967E-08    0.13658E-07    0.99195E-06    0.51648E-04   -0.48650E-05   -0.42221E-05   -0.10601E-05    0.14298E-04    0.89507E-07    0.29528E-05   -0.61886E-05   -0.17148E-05   -0.25801E-05   -0.14923E-05    0.75021E-05    0.13690E-04    0.86422E-05   -0.26477E-06   -0.11060E-05    0.77575E-05    0.21066E-05   -0.54596E-05    0.20010E-05    0.36237E-05
   -0.46397E-06    0.60734E-05   -0.10176E-05   -0.12863E-04   -0.12228E-04   -0.19327E-04   -0.14390E-04   -0.15757E-02    0.83886E-03    0.22487E-02   -0.65860E-03   -0.93407E-03   -0.15779E-03    0.36097E-05   -0.23987E-04    0.11606E-05   -0.22257E-07   -0.68563E-07   -0.99390E-05   -0.51449E-04    0.16922E-03   -0.93026E-05   -0.10742E-03   -0.44967E-04    0.22028E-04    0.35003E-04    0.70665E-05   -0.26542E-04    0.44693E-04   -0.55501E-05    0.16320E-04   -0.45437E-04   -0.76126E-04   -0.34303E-04   -0.10110E-04    0.43586E-04   -0.14211E-04    0.85296E-05    0.27350E-04    0.57492E-05
    0.28849E-06   -0.10176E-05    0.12389E-05    0.49449E-05    0.22510E-04    0.11755E-04    0.13780E-04    0.11333E-01    0.25913E-02   -0.93127E-03    0.14723E-02    0.19527E-02    0.64349E-04   -0.54964E-05    0.45296E-04    0.97621E-06    0.16534E-08    0.11356E-06   -0.24386E-05    0.37027E-03    0.18446E-07    0.18827E-04   -0.46129E-05    0.35984E-04    0.54710E-05   -0.22645E-04    0.11384E-05   -0.25711E-04    0.72274E-06    0.17970E-04    0.44823E-04    0.34791E-04    0.95221E-05    0.55183E-05    0.22141E-04    0.21491E-04   -0.21746E-04    0.15447E-04    0.19807E-04    0.15366E-04
    0.20013E-05   -0.12863E-04    0.49449E-05    0.22671E-03    0.92643E-04    0.84019E-04    0.44729E-03   -0.22011E-01    0.72182E-02    0.98345E-02   -0.23380E-02   -0.23382E-02    0.29693E-03    0.39767E-04   -0.33416E-04    0.23903E-04    0.19824E-06   -0.33827E-06    0.91167E-05   -0.11852E-02    0.39781E-05   -0.12925E-03    0.81376E-05    0.50643E-04   -0.13108E-03    0.12145E-03    0.39185E-03    0.52789E-04   -0.13938E-03   -0.10502E-03    0.20418E-03   -0.11493E-04   -0.75264E-04    0.95815E-04   -0.20385E-03    0.19134E-03    0.15793E-03    0.21964E-03    0.83394E-05   -0.33166E-04
    0.56910E-05   -0.12228E-04    0.22510E-04    0.92643E-04    0.57899E-03    0.25481E-03    0.30971E-03    0.30692E+00    0.77423E-01   -0.20190E-01    0.37687E-01    0.52003E-01    0.16189E-02   -0.14067E-03    0.11476E-02    0.64842E-04   -0.22578E-08    0.26314E-05   -0.23690E-03    0.10229E-01    0.42056E-03    0.14126E-03   -0.53679E-03    0.81729E-03    0.38486E-03   -0.64252E-03   -0.22519E-03   -0.68167E-03    0.12518E-03    0.44329E-03    0.14473E-02    0.71393E-03    0.18697E-03    0.32327E-04    0.60692E-03    0.76668E-03   -0.75358E-03    0.25804E-03    0.45537E-03    0.46232E-03
    0.36589E-05   -0.19327E-04    0.11755E-04    0.84019E-04    0.25481E-03    0.16994E-03    0.19021E-03    0.42836E-01    0.33748E-01    0.52417E-02    0.57916E-02    0.11735E-01    0.13883E-04    0.29078E-04    0.20569E-03    0.84691E-04    0.24102E-07    0.95833E-06    0.29630E-04    0.17416E-02    0.17474E-03   -0.28006E-04   -0.50211E-04    0.51924E-03   -0.55555E-05    0.18921E-03    0.29318E-04   -0.32285E-03   -0.99905E-04    0.17334E-03    0.34023E-03    0.36473E-03    0.31686E-03    0.14801E-03    0.19384E-03    0.47456E-03   -0.18713E-03    0.15174E-03    0.21233E-03    0.22472E-03
    0.46051E-05   -0.14390E-04    0.13780E-04    0.44729E-03    0.30971E-03    0.19021E-03    0.95137E-03   -0.89434E-03    0.46255E-01    0.31774E-01   -0.21807E-02    0.20072E-02   -0.91195E-03    0.11376E-03   -0.14189E-04    0.14264E-03    0.41496E-06   -0.81718E-07   -0.22632E-04   -0.10797E-02    0.12982E-02    0.10213E-03   -0.39778E-03    0.23281E-03   -0.18130E-04    0.54322E-03    0.90521E-03   -0.17943E-03   -0.17458E-03   -0.12557E-03    0.79343E-03    0.13873E-03   -0.30269E-03    0.50884E-04   -0.33536E-03    0.94278E-03    0.21196E-03    0.67022E-03    0.24850E-03    0.48817E-04
    0.99107E-03   -0.15757E-02    0.11333E-01   -0.22011E-01    0.30692E+00    0.42836E-01   -0.89434E-03    0.29911E+04    0.51862E+02   -0.19424E+03    0.15749E+03    0.14805E+03   -0.65892E+02   -0.14485E+01    0.12514E+01    0.68243E+00    0.40177E-03    0.67443E-03   -0.38968E+00   -0.14732E+02    0.75175E+01   -0.92451E+01   -0.17143E+00   -0.11753E+01    0.67598E+00   -0.27208E+01   -0.49173E+01    0.34568E+00    0.14502E+01   -0.20653E+01    0.36379E+01   -0.12666E+01   -0.35521E+00   -0.22029E+00   -0.18076E+01    0.47373E+00   -0.69902E+00   -0.32648E+01    0.25156E+00    0.33847E+01
    0.24623E-03    0.83886E-03    0.25913E-02    0.72182E-02    0.77423E-01    0.33748E-01    0.46255E-01    0.51862E+02    0.21454E+03    0.60434E+02   -0.32662E+02   -0.73953E+01   -0.86910E+01   -0.14074E+00   -0.75083E-01   -0.76554E-01    0.20836E-03    0.34214E-02    0.13738E+01   -0.11017E+02    0.13822E+01    0.99605E+00   -0.37042E+00    0.38640E-01    0.87489E-01   -0.18588E+01   -0.69443E+00   -0.46256E+00    0.10219E-01    0.13159E+00    0.11324E+01   -0.81608E-01    0.31938E+00   -0.10229E+00    0.25183E+00   -0.38610E+00   -0.10413E+01    0.91440E-02    0.39599E+00    0.12650E+00
   -0.13668E-03    0.22487E-02   -0.93127E-03    0.98345E-02   -0.20190E-01    0.52417E-02    0.31774E-01   -0.19424E+03    0.60434E+02    0.23313E+03   -0.40888E+02   -0.86940E+02    0.19059E+01    0.18500E-01   -0.95068E+00   -0.96299E+00    0.11733E-03   -0.50181E-02    0.30021E+00   -0.91091E+01    0.15528E+01    0.13647E+01    0.12037E-01    0.18386E+00   -0.26557E+00    0.14199E+01    0.23727E+00   -0.45010E+00   -0.35001E+00    0.89356E+00   -0.20478E+01    0.80982E+00   -0.23404E+00    0.90119E+00    0.26216E+00   -0.15230E+00   -0.17269E+00    0.48032E+00    0.86327E-01   -0.35190E+00
    0.15349E-03   -0.65860E-03    0.14723E-02   -0.23380E-02    0.37687E-01    0.57916E-02   -0.21807E-02    0.15749E+03   -0.32662E+02   -0.40888E+02    0.30950E+02    0.24104E+02   -0.16494E+01   -0.48371E-01    0.30677E+00    0.15082E+00   -0.11227E-03   -0.61560E-03    0.49016E-01   -0.70411E+00   -0.10990E+01   -0.60130E+00   -0.35967E-01    0.28329E-01    0.29429E-01    0.55034E+00    0.15553E+00    0.14931E+00    0.13096E+00    0.85785E-02   -0.28162E-01   -0.94301E-01   -0.19521E+00   -0.58582E-01    0.22552E-01    0.33893E+00    0.25290E+00   -0.50740E-01   -0.15720E+00    0.15837E+00
    0.22629E-03   -0.93407E-03    0.19527E-02   -0.23382E-02    0.52003E-01    0.11735E-01    0.20072E-02    0.14805E+03   -0.73953E+01   -0.86940E+02    0.24104E+02    0.45193E+02   -0.14306E+01    0.23857E-01    0.48221E+00    0.50425E+00   -0.75842E-04    0.23654E-02   -0.19321E+00   -0.98129E+00   -0.62706E+00   -0.58332E+00   -0.66187E-01   -0.83567E-01    0.99743E-01   -0.62293E+00   -0.37471E-01    0.83211E-01    0.37787E+00   -0.35583E+00    0.90681E+00   -0.49086E+00   -0.19177E-01   -0.48418E+00   -0.12346E+00    0.98111E-01   -0.29683E-01   -0.14101E+00    0.78696E-01    0.36448E+00
    0.50943E-04   -0.15779E-03    0.64349E-04    0.29693E-03    0.16189E-02    0.13883E-04   -0.91195E-03   -0.65892E+02   -0.86910E+01    0.19059E+01   -0.16494E+01   -0.14306E+01    0.79366E+01    0.33734E-01    0.26447E+00   -0.14057E+00   -0.67160E-05    0.90745E-04   -0.43042E-01    0.30666E-01    0.18694E+00    0.16708E-01    0.10908E-01   -0.18135E-01   -0.95471E-02   -0.54909E-01    0.28984E-01   -0.55343E-01   -0.30006E-01   -0.20304E-01   -0.91763E-02    0.12643E+00   -0.89489E-02   -0.16902E-01    0.23549E-02   -0.37270E-01   -0.22802E-01    0.43909E-01    0.41549E-01   -0.35783E-02
   -0.26107E-06    0.36097E-05   -0.54964E-05    0.39767E-04   -0.14067E-03    0.29078E-04    0.11376E-03   -0.14485E+01   -0.14074E+00    0.18500E-01   -0.48371E-01    0.23857E-01    0.33734E-01    0.76499E-02   -0.69484E-02    0.77842E-02    0.67797E-06   -0.27272E-04    0.40641E-02   -0.90050E-02    0.13921E-01    0.44553E-02   -0.14179E-02   -0.53326E-03   -0.14739E-02    0.73808E-02   -0.70095E-03   -0.53399E-03   -0.25550E-02   -0.19259E-03   -0.10066E-01   -0.13968E-02   -0.33834E-02   -0.17295E-02   -0.27068E-02   -0.69512E-03   -0.21954E-03   -0.42300E-02   -0.47725E-02   -0.15268E-02
    0.71933E-05   -0.23987E-04    0.45296E-04   -0.33416E-04    0.11476E-02    0.20569E-03   -0.14189E-04    0.12514E+01   -0.75083E-01   -0.95068E+00    0.30677E+00    0.48221E+00    0.26447E+00   -0.69484E-02    0.37833E-01   -0.12372E-01   -0.40004E-05    0.91590E-04    0.86964E-03   -0.21702E-01   -0.19831E-01   -0.11309E-01   -0.24254E-02    0.39818E-02    0.27824E-02   -0.24768E-01   -0.12266E-02   -0.11067E-04    0.23171E-02   -0.42646E-02    0.31708E-01    0.95442E-02    0.41855E-02    0.13490E-03    0.54417E-02    0.20127E-02   -0.38915E-03    0.45441E-02    0.94646E-02    0.23960E-02
   -0.29871E-06    0.11606E-05    0.97621E-06    0.23903E-04    0.64842E-04    0.84691E-04    0.14264E-03    0.68243E+00   -0.76554E-01   -0.96299E+00    0.15082E+00    0.50425E+00   -0.14057E+00    0.77842E-02   -0.12372E-01    0.20944E-01    0.74718E-06   -0.22029E-04   -0.14528E-02   -0.44866E-02    0.14165E-01   -0.57655E-02   -0.31846E-02   -0.48558E-02   -0.33122E-03    0.49344E-02    0.49410E-02   -0.47019E-02    0.10050E-01   -0.10393E-01   -0.87194E-02   -0.21655E-01   -0.33447E-02   -0.16369E-01   -0.99623E-02   -0.23355E-02   -0.19870E-02   -0.26917E-02    0.34686E-02    0.11537E-01
    0.24967E-08   -0.22257E-07    0.16534E-08    0.19824E-06   -0.22578E-08    0.24102E-07    0.41496E-06    0.40177E-03    0.20836E-03    0.11733E-03   -0.11227E-03   -0.75842E-04   -0.67160E-05    0.67797E-06   -0.40004E-05    0.74718E-06    0.15557E-06    0.12068E-08    0.16604E-05    0.21806E-04   -0.29242E-04   -0.48738E-05   -0.23365E-06   -0.11333E-04   -0.26334E-05    0.83709E-05    0.17457E-05    0.11019E-04    0.10734E-04    0.47888E-06    0.49210E-05   -0.78752E-05    0.34029E-05   -0.15609E-05    0.70278E-05    0.56832E-05    0.10446E-04   -0.96282E-06   -0.37597E-05    0.10899E-04
    0.13658E-07   -0.68563E-07    0.11356E-06   -0.33827E-06    0.26314E-05    0.95833E-06   -0.81718E-07    0.67443E-03    0.34214E-02   -0.50181E-02   -0.61560E-03    0.23654E-02    0.90745E-04   -0.27272E-04    0.91590E-04   -0.22029E-04    0.12068E-08    0.17475E-05   -0.74920E-05   -0.10841E-03    0.70363E-04    0.12716E-04   -0.60104E-05   -0.39690E-04    0.15531E-04    0.21183E-03    0.17442E-04   -0.48872E-05    0.41655E-04    0.16632E-04   -0.20768E-03    0.38003E-05   -0.69432E-05    0.62478E-05   -0.12441E-04    0.18167E-04    0.32326E-04   -0.20413E-04   -0.19901E-04    0.58065E-04
    0.99195E-06   -0.99390E-05   -0.24386E-05    0.91167E-05   -0.23690E-03    0.29630E-04   -0.22632E-04   -0.38968E+00    0.13738E+01    0.30021E+00    0.49016E-01   -0.19321E+00   -0.43042E-01    0.40641E-02    0.86964E-03   -0.14528E-02    0.16604E-05   -0.74920E-05    0.81787E-01    0.41253E-02    0.27458E-02   -0.14758E-02   -0.79376E-02    0.56734E-02   -0.84100E-03    0.39024E-03   -0.55838E-02    0.36043E-02   -0.63464E-02    0.21373E-02   -0.56843E-02    0.28757E-02   -0.37821E-02    0.67967E-03   -0.59112E-03   -0.32917E-02   -0.51146E-04   -0.55316E-02   -0.69845E-02    0.61502E-03
    0.51648E-04   -0.51449E-04    0.37027E-03   -0.11852E-02    0.10229E-01    0.17416E-02   -0.10797E-02   -0.14732E+02   -0.11017E+02   -0.91091E+01   -0.70411E+00   -0.98129E+00    0.30666E-01   -0.90050E-02   -0.21702E-01   -0.44866E-02    0.21806E-04   -0.10841E-03    0.41253E-02    0.77649E+01    0.48915E-01   -0.38512E-01   -0.31497E-01    0.76346E-02    0.86945E-02   -0.32790E-01   -0.80517E-01   -0.14179E-01   -0.38536E-01   -0.42666E-01   -0.16232E-01   -0.10705E-01    0.24074E-01    0.19207E-01   -0.42209E-01   -0.29421E-01   -0.19306E-01   -0.76095E-01   -0.26423E-01   -0.16437E-01
   -0.48650E-05    0.16922E-03    0.18446E-07    0.39781E-05    0.42056E-03    0.17474E-03    0.12982E-02    0.75175E+01    0.13822E+01    0.15528E+01   -0.10990E+01   -0.62706E+00    0.18694E+00    0.13921E-01   -0.19831E-01    0.14165E-01   -0.29242E-04    0.70363E-04    0.27458E-02    0.48915E-01    0.70660E+00   -0.10601E+00   -0.13516E-01   -0.12493E-01    0.19592E-01    0.17371E+00   -0.40376E-01   -0.54683E-01   -0.11256E-01   -0.73184E-01    0.20423E-01    0.27573E-01   -0.21993E-01   -0.39915E-01   -0.10934E+00    0.15185E+00    0.23865E-01   -0.12552E-01    0.42707E-01    0.78327E-01
   -0.42221E-05   -0.93026E-05    0.18827E-04   -0.12925E-03    0.14126E-03   -0.28006E-04    0.10213E-03   -0.92451E+01    0.99605E+00    0.13647E+01   -0.60130E+00   -0.58332E+00    0.16708E-01    0.44553E-02   -0.11309E-01   -0.57655E-02   -0.48738E-05    0.12716E-04   -0.14758E-02   -0.38512E-01   -0.10601E+00    0.90556E+00    0.10964E-01   -0.70220E-02   -0.18537E-01   -0.15186E+00    0.17612E+00    0.67705E-01   -0.32839E-01    0.66674E-01   -0.14314E+00    0.27030E-01    0.43671E-01    0.17924E-01    0.17839E+00   -0.23790E+00    0.29493E-01    0.11341E+00   -0.71789E-02   -0.21704E+00
   -0.10601E-05   -0.10742E-03   -0.46129E-05    0.81376E-05   -0.53679E-03   -0.50211E-04   -0.39778E-03   -0.17143E+00   -0.37042E+00    0.12037E-01   -0.35967E-01   -0.66187E-01    0.10908E-01   -0.14179E-02   -0.24254E-02   -0.31846E-02   -0.23365E-06   -0.60104E-05   -0.79376E-02   -0.31497E-01   -0.13516E-01    0.10964E-01    0.97374E+00    0.10240E-01    0.13356E-01   -0.57767E-01   -0.30002E-01    0.14381E+00   -0.25580E-01    0.59542E-01   -0.35135E-01    0.28769E-01    0.69897E-02    0.10957E-01    0.93221E-01   -0.80443E-01    0.16220E-01    0.45938E-02   -0.16088E+00    0.66100E-01
    0.14298E-04   -0.44967E-04    0.35984E-04    0.50643E-04    0.81729E-03    0.51924E-03    0.23281E-03   -0.11753E+01    0.38640E-01    0.18386E+00    0.28329E-01   -0.83567E-01   -0.18135E-01   -0.53326E-03    0.39818E-02   -0.48558E-02   -0.11333E-04   -0.39690E-04    0.56734E-02    0.76346E-02   -0.12493E-01   -0.70220E-02    0.10240E-01    0.99737E+00   -0.15412E-01    0.50136E-01   -0.81429E-01    0.76990E-01   -0.10538E+00    0.62762E-01    0.83611E-01    0.93343E-01    0.69313E-01    0.16092E+00   -0.10767E+00    0.94248E-01    0.29261E-01    0.17017E-01   -0.12062E+00    0.35268E-01
    0.89507E-07    0.22028E-04    0.54710E-05   -0.13108E-03    0.38486E-03   -0.55555E-05   -0.18130E-04    0.67598E+00    0.87489E-01   -0.26557E+00    0.29429E-01    0.99743E-01   -0.95471E-02   -0.14739E-02    0.27824E-02   -0.33122E-03   -0.26334E-05    0.15531E-04   -0.84100E-03    0.86945E-02    0.19592E-01   -0.18537E-01    0.13356E-01   -0.15412E-01    0.99291E+00    0.47205E-01    0.25975E-01   -0.68177E-01    0.51198E-01    0.83830E-01    0.76787E-01   -0.76805E-01   -0.72636E-01    0.62001E-01    0.68121E-01    0.11675E+00   -0.90536E-01    0.75843E-01    0.36692E-02    0.25564E-01
    0.29528E-05    0.35003E-04   -0.22645E-04    0.12145E-03   -0.64252E-03    0.18921E-03    0.54322E-03   -0.27208E+01   -0.18588E+01    0.14199E+01    0.55034E+00   -0.62293E+00   -0.54909E-01    0.73808E-02   -0.24768E-01    0.49344E-02    0.83709E-05    0.21183E-03    0.39024E-03   -0.32790E-01    0.17371E+00   -0.15186E+00   -0.57767E-01    0.50136E-01    0.47205E-01    0.86373E+00   -0.75866E-04   -0.81511E-02   -0.24679E-01   -0.12383E-01    0.39328E-01    0.13517E+00   -0.85647E-01    0.42845E-01   -0.63646E-01    0.66177E+00    0.25711E+00   -0.48708E-01   -0.47451E-01    0.69010E-01
   -0.61886E-05    0.70665E-05    0.11384E-05    0.39185E-03   -0.22519E-03    0.29318E-04    0.90521E-03   -0.49173E+01   -0.69443E+00    0.23727E+00    0.15553E+00   -0.37471E-01    0.28984E-01   -0.70095E-03   -0.12266E-02    0.49410E-02    0.17457E-05    0.17442E-04   -0.55838E-02   -0.80517E-01   -0.40376E-01    0.17612E+00   -0.30002E-01   -0.81429E-01    0.25975E-01   -0.75866E-04    0.96990E+00    0.18601E-02    0.10450E-01   -0.23155E-01    0.43692E-01    0.26751E-01   -0.66700E-01   -0.41356E-01    0.13583E+00   -0.74824E-01    0.27120E+00    0.73952E+00    0.30484E+00   -0.17706E+00
   -0.17148E-05   -0.26542E-04   -0.25711E-04    0.52789E-04   -0.68167E-03   -0.32285E-03   -0.17943E-03    0.34568E+00   -0.46256E+00   -0.45010E+00    0.14931E+00    0.83211E-01   -0.55343E-01   -0.53399E-03   -0.11067E-04   -0.47019E-02    0.11019E-04   -0.48872E-05    0.36043E-02   -0.14179E-01   -0.54683E-01    0.67705E-01    0.14381E+00    0.76990E-01   -0.68177E-01   -0.81511E-02    0.18601E-02    0.98738E+00   -0.10482E-01   -0.10857E-01    0.42813E-01   -0.68104E-01    0.15087E+00    0.19164E+00   -0.15107E+00   -0.22402E+00    0.63040E+00    0.13228E+00   -0.61875E+00    0.16199E+00
   -0.25801E-05    0.44693E-04    0.72274E-06   -0.13938E-03    0.12518E-03   -0.99905E-04   -0.17458E-03    0.14502E+01    0.10219E-01   -0.35001E+00    0.13096E+00    0.37787E+00   -0.30006E-01   -0.25550E-02    0.23171E-02    0.10050E-01    0.10734E-04    0.41655E-04   -0.63464E-02   -0.38536E-01   -0.11256E-01   -0.32839E-01   -0.25580E-01   -0.10538E+00    0.51198E-01   -0.24679E-01    0.10450E-01   -0.10482E-01    0.10378E+01   -0.79997E-02    0.70814E-02   -0.10258E+00   -0.15745E+00   -0.45524E-01   -0.86218E-01   -0.67950E-01    0.74880E-01   -0.37430E-01    0.33605E+00    0.71234E+00
   -0.14923E-05   -0.55501E-05    0.17970E-04   -0.10502E-03    0.44329E-03    0.17334E-03   -0.12557E-03   -0.20653E+01    0.13159E+00    0.89356E+00    0.85785E-02   -0.35583E+00   -0.20304E-01   -0.19259E-03   -0.42646E-02   -0.10393E-01    0.47888E-06    0.16632E-04    0.21373E-02   -0.42666E-01   -0.73184E-01    0.66674E-01    0.59542E-01    0.62762E-01    0.83830E-01   -0.12383E-01   -0.23155E-01   -0.10857E-01   -0.79997E-02    0.10208E+01   -0.84725E-01    0.71117E-01    0.40117E-01    0.16306E+00    0.36534E-01    0.10964E+00   -0.59296E+00    0.38230E+00   -0.35247E+00    0.21358E+00
    0.75021E-05    0.16320E-04    0.44823E-04    0.20418E-03    0.14473E-02    0.34023E-03    0.79343E-03    0.36379E+01    0.11324E+01   -0.20478E+01   -0.28162E-01    0.90681E+00   -0.91763E-02   -0.10066E-01    0.31708E-01   -0.87194E-02    0.49210E-05   -0.20768E-03   -0.56843E-02   -0.16232E-01    0.20423E-01   -0.14314E+00   -0.35135E-01    0.83611E-01    0.76787E-01    0.39328E-01    0.43692E-01    0.42813E-01    0.70814E-02   -0.84725E-01    0.94928E+00    0.81899E-02   -0.27009E-01    0.46440E-02   -0.12546E-01    0.63511E+00    0.16849E+00    0.11737E+00    0.96036E-01   -0.55761E-01
    0.13690E-04   -0.45437E-04    0.34791E-04   -0.11493E-04    0.71393E-03    0.36473E-03    0.13873E-03   -0.12666E+01   -0.81608E-01    0.80982E+00   -0.94301E-01   -0.49086E+00    0.12643E+00   -0.13968E-02    0.95442E-02   -0.21655E-01   -0.78752E-05    0.38003E-05    0.28757E-02   -0.10705E-01    0.27573E-01    0.27030E-01    0.28769E-01    0.93343E-01   -0.76805E-01    0.13517E+00    0.26751E-01   -0.68104E-01   -0.10258E+00    0.71117E-01    0.81899E-02    0.10098E+01    0.14564E-01   -0.14817E-01    0.78606E-02    0.11245E+00    0.17108E+00    0.21169E-01    0.16898E+00    0.12359E+00
    0.86422E-05   -0.76126E-04    0.95221E-05   -0.75264E-04    0.18697E-03    0.31686E-03   -0.30269E-03   -0.35521E+00    0.31938E+00   -0.23404E+00   -0.19521E+00   -0.19177E-01   -0.89489E-02   -0.33834E-02    0.41855E-02   -0.33447E-02    0.34029E-05   -0.69432E-05   -0.37821E-02    0.24074E-01   -0.21993E-01    0.43671E-01    0.69897E-02    0.69313E-01   -0.72636E-01   -0.85647E-01   -0.66700E-01    0.15087E+00   -0.15745E+00    0.40117E-01   -0.27009E-01    0.14564E-01    0.99157E+00   -0.24780E-01    0.16487E-01   -0.12113E+00    0.49583E-01    0.15823E+00    0.18978E-01   -0.66350E-01
   -0.26477E-06   -0.34303E-04    0.55183E-05    0.95815E-04    0.32327E-04    0.14801E-03    0.50884E-04   -0.22029E+00   -0.10229E+00    0.90119E+00   -0.58582E-01   -0.48418E+00   -0.16902E-01   -0.17295E-02    0.13490E-03   -0.16369E-01   -0.15609E-05    0.62478E-05    0.67967E-03    0.19207E-01   -0.39915E-01    0.17924E-01    0.10957E-01    0.16092E+00    0.62001E-01    0.42845E-01   -0.41356E-01    0.19164E+00   -0.45524E-01    0.16306E+00    0.46440E-02   -0.14817E-01   -0.24780E-01    0.10335E+01   -0.21634E-01    0.14449E-01    0.46412E-01    0.12191E+00   -0.31867E+00    0.11764E+00
   -0.11060E-05   -0.10110E-04    0.22141E-04   -0.20385E-03    0.60692E-03    0.19384E-03   -0.33536E-03   -0.18076E+01    0.25183E+00    0.26216E+00    0.22552E-01   -0.12346E+00    0.23549E-02   -0.27068E-02    0.54417E-02   -0.99623E-02    0.70278E-05   -0.12441E-04   -0.59112E-03   -0.42209E-01   -0.10934E+00    0.17839E+00    0.93221E-01   -0.10767E+00    0.68121E-01   -0.63646E-01    0.13583E+00   -0.15107E+00   -0.86218E-01    0.36534E-01   -0.12546E-01    0.78606E-02    0.16487E-01   -0.21634E-01    0.10053E+01   -0.39909E-01   -0.70332E-01    0.29479E-01    0.19246E+00   -0.10358E+00
    0.77575E-05    0.43586E-04    0.21491E-04    0.19134E-03    0.76668E-03    0.47456E-03    0.94278E-03    0.47373E+00   -0.38610E+00   -0.15230E+00    0.33893E+00    0.98111E-01   -0.37270E-01   -0.69512E-03    0.20127E-02   -0.23355E-02    0.56832E-05    0.18167E-04   -0.32917E-02   -0.29421E-01    0.15185E+00   -0.23790E+00   -0.80443E-01    0.94248E-01    0.11675E+00    0.66177E+00   -0.74824E-01   -0.22402E+00   -0.67950E-01    0.10964E+00    0.63511E+00    0.11245E+00   -0.12113E+00    0.14449E-01   -0.39909E-01    0.10068E+01   -0.15436E-01    0.98851E-02    0.35752E-01   -0.57310E-02
    0.21066E-05   -0.14211E-04   -0.21746E-04    0.15793E-03   -0.75358E-03   -0.18713E-03    0.21196E-03   -0.69902E+00   -0.10413E+01   -0.17269E+00    0.25290E+00   -0.29683E-01   -0.22802E-01   -0.21954E-03   -0.38915E-03   -0.19870E-02    0.10446E-04    0.32326E-04   -0.51146E-04   -0.19306E-01    0.23865E-01    0.29493E-01    0.16220E-01    0.29261E-01   -0.90536E-01    0.25711E+00    0.27120E+00    0.63040E+00    0.74880E-01   -0.59296E+00    0.16849E+00    0.17108E+00    0.49583E-01    0.46412E-01   -0.70332E-01   -0.15436E-01    0.10219E+01    0.64853E-03    0.16055E-01   -0.12860E-01
   -0.54596E-05    0.85296E-05    0.15447E-04    0.21964E-03    0.25804E-03    0.15174E-03    0.67022E-03   -0.32648E+01    0.91440E-02    0.48032E+00   -0.50740E-01   -0.14101E+00    0.43909E-01   -0.42300E-02    0.45441E-02   -0.26917E-02   -0.96282E-06   -0.20413E-04   -0.55316E-02   -0.76095E-01   -0.12552E-01    0.11341E+00    0.45938E-02    0.17017E-01    0.75843E-01   -0.48708E-01    0.73952E+00    0.13228E+00   -0.37430E-01    0.38230E+00    0.11737E+00    0.21169E-01    0.15823E+00    0.12191E+00    0.29479E-01    0.98851E-02    0.64853E-03    0.96191E+00    0.45300E-02    0.18561E-01
    0.20010E-05    0.27350E-04    0.19807E-04    0.83394E-05    0.45537E-03    0.21233E-03    0.24850E-03    0.25156E+00    0.39599E+00    0.86327E-01   -0.15720E+00    0.78696E-01    0.41549E-01   -0.47725E-02    0.94646E-02    0.34686E-02   -0.37597E-05   -0.19901E-04   -0.69845E-02   -0.26423E-01    0.42707E-01   -0.71789E-02   -0.16088E+00   -0.12062E+00    0.36692E-02   -0.47451E-01    0.30484E+00   -0.61875E+00    0.33605E+00   -0.35247E+00    0.96036E-01    0.16898E+00    0.18978E-01   -0.31867E+00    0.19246E+00    0.35752E-01    0.16055E-01    0.45300E-02    0.10008E+01    0.22903E-01
    0.36237E-05    0.57492E-05    0.15366E-04   -0.33166E-04    0.46232E-03    0.22472E-03    0.48817E-04    0.33847E+01    0.12650E+00   -0.35190E+00    0.15837E+00    0.36448E+00   -0.35783E-02   -0.15268E-02    0.23960E-02    0.11537E-01    0.10899E-04    0.58065E-04    0.61502E-03   -0.16437E-01    0.78327E-01   -0.21704E+00    0.66100E-01    0.35268E-01    0.25564E-01    0.69010E-01   -0.17706E+00    0.16199E+00    0.71234E+00    0.21358E+00   -0.55761E-01    0.12359E+00   -0.66350E-01    0.11764E+00   -0.10358E+00   -0.57310E-02   -0.12860E-01    0.18561E-01    0.22903E-01    0.99578E+00
