# omegabh2 omegach2 theta tau Alens logA ns calPlanck calEE
    0.1310095E-05   -0.4076848E-05    0.2344983E-06    0.5455927E-06    0.9006475E-04    0.6362777E-05    0.9647260E-05   -0.2039910E-07    0.1802216E-06
   -0.4076848E-05    0.1700260E-04   -0.9732517E-06   -0.5986382E-05   -0.3280365E-03   -0.1317235E-04   -0.3862373E-04    0.1425594E-06   -0.2145843E-05
    0.2344983E-06   -0.9732517E-06    0.5370763E-06    0.7964889E-06    0.6984256E-05    0.1063285E-05    0.2663330E-05    0.2074328E-07   -0.2413092E-07
    0.5455927E-06   -0.5986382E-05    0.7964889E-06    0.4306744E-03   -0.8176274E-03    0.8395065E-03    0.3534649E-04   -0.2489067E-06   -0.7532939E-05
    0.9006475E-04   -0.3280365E-03    0.6984256E-05   -0.8176274E-03    0.4770560E-01   -0.1413430E-02    0.1018644E-02   -0.1670439E-04   -0.6279514E-04
    0.6362777E-05   -0.1317235E-04    0.1063285E-05    0.8395065E-03   -0.1413430E-02    0.1850193E-02    0.9313551E-04    0.1283186E-04    0.7612256E-04
    0.9647260E-05   -0.3862373E-04    0.2663330E-05    0.3534649E-04    0.1018644E-02    0.9313551E-04    0.1519862E-03   -0.1600110E-06    0.9770541E-05
   -0.2039910E-07    0.1425594E-06    0.2074328E-07   -0.2489067E-06   -0.1670439E-04    0.1283186E-04   -0.1600110E-06    0.6550385E-05   -0.1142367E-06
    0.1802216E-06   -0.2145843E-05   -0.2413092E-07   -0.7532939E-05   -0.6279514E-04    0.7612256E-04    0.9770541E-05   -0.1142367E-06    0.9623758E-04
