# omegabh2 omegach2 theta tau mnu logA ns acib217 acibsz143 asz143 aps100 aps143 aps143217 aps217 aksz kgal100 t1gal143 t1gal143217 t1gal217 galfEE100 galfEE100143 galfEE100217 galfEE143 galfEE143217 galfEE217 galfTE100 galfTE100143 galfTE100217 galfTE143 galfTE143217 galfTE217 calib_100T calib_217T
    0.2541240E-07   -0.1399615E-06    0.2122231E-07    0.4860810E-06   -0.5394727E-05    0.7885822E-06    0.3711661E-06   -0.1619788E-03   -0.7550158E-04   -0.7150313E-05   -0.2948353E-03   -0.6197275E-04    0.1102245E-03    0.1346574E-03   -0.4491477E-04    0.8549005E-04   -0.1491915E-03   -0.1946675E-03   -0.2268695E-03    0.1212961E-06    0.1729348E-06    0.2054158E-06    0.1919004E-06    0.2387095E-06    0.2865254E-06   -0.1937717E-05   -0.2199427E-05   -0.2917646E-05   -0.3694611E-05   -0.5634436E-05   -0.9774343E-05   -0.2140281E-07    0.1169100E-07
   -0.1399615E-06    0.1961075E-05   -0.1691101E-06   -0.5921493E-05    0.2854761E-04   -0.7209953E-05   -0.4832474E-05    0.8790489E-03    0.3118352E-03   -0.2146435E-04    0.2403114E-02    0.1039557E-02    0.1509997E-04   -0.3777809E-03    0.1179365E-03    0.2067402E-04   -0.3457433E-03    0.6258311E-04    0.3365070E-03   -0.1652122E-05   -0.2060085E-05   -0.2312232E-05   -0.2093809E-05   -0.2149529E-05   -0.1954440E-05    0.9219767E-05    0.1172643E-04    0.1709582E-04    0.2050375E-04    0.3219361E-04    0.5723437E-04   -0.9627991E-07   -0.1008859E-06
    0.2122231E-07   -0.1691101E-06    0.9811416E-07    0.4541948E-06   -0.1077070E-04    0.6306068E-06    0.5445356E-06   -0.1179077E-03   -0.2967521E-04   -0.3236785E-05   -0.3775319E-03   -0.1168490E-03   -0.5376916E-05    0.7300229E-04   -0.1978816E-04   -0.7087642E-05    0.1910393E-04   -0.4458749E-04   -0.5596913E-04    0.1509091E-06    0.1599904E-06    0.1702107E-06    0.1586251E-06    0.1193373E-06    0.1500493E-06   -0.1545020E-05   -0.1419500E-05   -0.1995002E-05   -0.2565334E-05   -0.4016652E-05   -0.6765488E-05    0.1041005E-07    0.1014726E-07
    0.4860810E-06   -0.5921493E-05    0.4541948E-06    0.1683428E-03    0.2500087E-03    0.3233458E-03    0.2348966E-04   -0.9791510E-02   -0.4831199E-02   -0.6977007E-03   -0.5414047E-02    0.6087458E-02    0.1588591E-01    0.1663867E-01   -0.3766519E-02   -0.1259605E-01   -0.1350045E-01   -0.1575451E-01   -0.1649577E-01    0.8469843E-05    0.8324320E-05    0.8813732E-05    0.6298842E-05    0.8178238E-05    0.2476527E-05   -0.6576203E-04   -0.4949831E-04   -0.1698322E-04   -0.1183501E-03   -0.1376392E-03   -0.2113086E-03    0.5360856E-06    0.5251062E-06
   -0.5394727E-05    0.2854761E-04   -0.1077070E-04    0.2500087E-03    0.1495374E-01    0.4888714E-03   -0.1264215E-03    0.6650585E-01    0.2406419E-01    0.1027967E-01    0.2532763E-01   -0.2315421E-01   -0.6374889E-01   -0.9131150E-01    0.2170411E-01    0.8037691E-01    0.8499062E-01    0.1266391E+00    0.1512427E+00   -0.1541480E-05   -0.1915879E-05    0.1781474E-04   -0.1382065E-04    0.9512673E-05   -0.2951341E-05   -0.6036964E-04    0.2664383E-03    0.3590010E-03    0.5595138E-03    0.8276477E-03    0.1404947E-02   -0.3565196E-05   -0.9467679E-05
    0.7885822E-06   -0.7209953E-05    0.6306068E-06    0.3233458E-03    0.4888714E-03    0.6381980E-03    0.3475740E-04   -0.1944048E-01   -0.1043734E-01   -0.2329919E-02    0.4868333E-02    0.2205728E-01    0.3966614E-01    0.3888899E-01   -0.8331330E-02   -0.3190892E-01   -0.4331216E-01   -0.4698074E-01   -0.4783179E-01    0.1141957E-04    0.9942954E-05    0.9846603E-05    0.5254704E-05    0.8808681E-05   -0.2707984E-05   -0.1193553E-03   -0.7869462E-04   -0.7225147E-06   -0.2000286E-03   -0.2149042E-03   -0.3145093E-03   -0.1319543E-06    0.7643691E-06
    0.3711661E-06   -0.4832474E-05    0.5445356E-06    0.2348966E-04   -0.1264215E-03    0.3475740E-04    0.2431236E-04   -0.1055052E-01   -0.4761021E-02   -0.1686022E-02   -0.7809864E-02    0.5798602E-02    0.1291658E-01    0.1436153E-01   -0.2922472E-02   -0.2451794E-02   -0.3882242E-02   -0.6564297E-02   -0.7042707E-02    0.7954828E-05    0.9761582E-05    0.1109998E-04    0.9970239E-05    0.1046882E-04    0.1058960E-04   -0.2489489E-04   -0.2726936E-04   -0.3674534E-04   -0.5409804E-04   -0.7901727E-04   -0.1238200E-03    0.5127321E-06    0.5841261E-06
   -0.1619788E-03    0.8790489E-03   -0.1179077E-03   -0.9791510E-02    0.6650585E-01   -0.1944048E-01   -0.1055052E-01    0.6376483E+02    0.2345173E+02    0.1271229E+01    0.1398487E+02   -0.2160095E+02   -0.6364699E+02   -0.8067960E+02   -0.3460170E+01   -0.3645694E+01   -0.9475776E+01   -0.1342082E+02   -0.1812554E+02   -0.4038258E-02   -0.3905522E-02   -0.4865755E-02   -0.4503595E-02   -0.3808137E-02   -0.4919010E-02    0.1881913E-01    0.4051849E-01    0.4825548E-01    0.2459690E-01    0.1753338E-01   -0.2880722E-01    0.1150292E-03   -0.3009676E-02
   -0.7550158E-04    0.3118352E-03   -0.2967521E-04   -0.4831199E-02    0.2406419E-01   -0.1043734E-01   -0.4761021E-02    0.2345173E+02    0.1716519E+02    0.2626763E+01   -0.1494646E+02   -0.2391720E+02   -0.4294681E+02   -0.2624391E+02   -0.1458718E+01   -0.3579747E+01   -0.5429885E+01   -0.1109266E+02   -0.1210985E+02   -0.1198669E-02   -0.1793220E-02   -0.2458299E-02   -0.1666379E-02   -0.2234584E-02   -0.2529989E-02    0.6392584E-02    0.1624504E-01    0.2609991E-01    0.1255981E-01    0.1490980E-01    0.3816031E-02    0.7802916E-04   -0.2034005E-03
   -0.7150313E-05   -0.2146435E-04   -0.3236785E-05   -0.6977007E-03    0.1027967E-01   -0.2329919E-02   -0.1686022E-02    0.1271229E+01    0.2626763E+01    0.6281894E+01   -0.4163605E+02   -0.1844947E+02   -0.5708559E+01   -0.1380628E+01   -0.2273680E+00   -0.3847777E+01   -0.1358662E+01    0.2700872E+01    0.3300173E+01   -0.1491385E-03   -0.5973502E-03   -0.2445278E-03   -0.3732177E-03   -0.6043681E-03    0.3284132E-03    0.3828464E-02    0.4921631E-02    0.2528970E-03    0.5859271E-02   -0.2901995E-03   -0.1470229E-01   -0.1068599E-03    0.1687972E-03
   -0.2948353E-03    0.2403114E-02   -0.3775319E-03   -0.5414047E-02    0.2532763E-01    0.4868333E-02   -0.7809864E-02    0.1398487E+02   -0.1494646E+02   -0.4163605E+02    0.7687509E+03    0.1808144E+03    0.6753547E+02    0.1152786E+02   -0.1343541E+02   -0.3551551E+02   -0.4056600E+00   -0.1019516E+02   -0.8994125E+01   -0.7683479E-02   -0.6454937E-02   -0.9578569E-02   -0.1097292E-01   -0.6406764E-02   -0.2005515E-01    0.5739217E-01    0.2607400E-01    0.8430521E-01    0.3503794E-01    0.1175984E+00    0.3319495E+00   -0.1844464E-02   -0.3536956E-02
   -0.6197275E-04    0.1039557E-02   -0.1168490E-03    0.6087458E-02   -0.2315421E-01    0.2205728E-01    0.5798602E-02   -0.2160095E+02   -0.2391720E+02   -0.1844947E+02    0.1808144E+03    0.1218568E+03    0.9292788E+02    0.5161477E+02   -0.1121860E+02    0.5743411E+01   -0.7469713E+01   -0.3457377E+01   -0.3301570E+00   -0.2211459E-02    0.1639478E-03   -0.1368578E-02   -0.2333344E-02   -0.6173500E-03   -0.2907037E-02    0.8718600E-02   -0.2461370E-02    0.6971699E-02   -0.5114936E-02    0.2068390E-01    0.1291369E+00   -0.6583304E-03   -0.9980432E-03
    0.1102245E-03    0.1509997E-04   -0.5376916E-05    0.1588591E-01   -0.6374889E-01    0.3966614E-01    0.1291658E-01   -0.6364699E+02   -0.4294681E+02   -0.5708559E+01    0.6753547E+02    0.9292788E+02    0.1449783E+03    0.1056567E+03   -0.8245450E+01    0.1971424E+01   -0.2795458E+01    0.6247560E+01    0.6600426E+01    0.1318311E-02    0.3029719E-02    0.4915848E-02    0.1404831E-02    0.2930531E-02    0.6067441E-02   -0.7585961E-02   -0.3264105E-01   -0.3612261E-01   -0.2670144E-01   -0.6500748E-02    0.8663274E-01   -0.1025566E-02    0.1709288E-02
    0.1346574E-03   -0.3777809E-03    0.7300229E-04    0.1663867E-01   -0.9131150E-01    0.3888899E-01    0.1436153E-01   -0.8067960E+02   -0.2624391E+02   -0.1380628E+01    0.1152786E+02    0.5161477E+02    0.1056567E+03    0.1403697E+03   -0.7314302E+01   -0.1754905E+01   -0.4209343E+01   -0.9814495E+01   -0.1072897E+02    0.3479262E-02    0.3503058E-02    0.5685950E-02    0.2956143E-02    0.2375349E-02    0.6162293E-02   -0.1759523E-01   -0.4453852E-01   -0.3374731E-01   -0.2735277E-01    0.1485142E-02    0.1061076E+00   -0.9530961E-03    0.5375993E-02
   -0.4491477E-04    0.1179365E-03   -0.1978816E-04   -0.3766519E-02    0.2170411E-01   -0.8331330E-02   -0.2922472E-02   -0.3460170E+01   -0.1458718E+01   -0.2273680E+00   -0.1343541E+02   -0.1121860E+02   -0.8245450E+01   -0.7314302E+01    0.7987636E+01   -0.2288653E+01   -0.1755751E+01   -0.2636779E+01   -0.3304032E+01    0.7116534E-04   -0.3607587E-03   -0.6763307E-03    0.1926093E-03   -0.1830399E-03   -0.1434993E-02    0.1385907E-02    0.3095296E-02   -0.2390504E-03    0.1097947E-01    0.8825894E-02    0.4026758E-02    0.1418255E-03    0.2784880E-03
    0.8549005E-04    0.2067402E-04   -0.7087642E-05   -0.1259605E-01    0.8037691E-01   -0.3190892E-01   -0.2451794E-02   -0.3645694E+01   -0.3579747E+01   -0.3847777E+01   -0.3551551E+02    0.5743411E+01    0.1971424E+01   -0.1754905E+01   -0.2288653E+01    0.1525399E+03    0.5263055E+02    0.5022906E+02    0.4890592E+02   -0.5716364E-03    0.1136121E-02    0.1890974E-03    0.1149804E-02    0.2877163E-02    0.2216141E-02   -0.5113872E-01   -0.7864692E-01   -0.8571378E-01   -0.1771264E-01    0.7129299E-02    0.4474230E-01   -0.1275269E-01   -0.7188901E-04
   -0.1491915E-03   -0.3457433E-03    0.1910393E-04   -0.1350045E-01    0.8499062E-01   -0.4331216E-01   -0.3882242E-02   -0.9475776E+01   -0.5429885E+01   -0.1358662E+01   -0.4056600E+00   -0.7469713E+01   -0.2795458E+01   -0.4209343E+01   -0.1755751E+01    0.5263055E+02    0.9746147E+02    0.9905832E+02    0.9884132E+02    0.1151427E-02    0.1505235E-02    0.2755442E-02    0.1723673E-02    0.1961593E-02    0.5520674E-02   -0.3120100E-03   -0.4544484E-01   -0.6694281E-01   -0.4394266E-01   -0.4711214E-01   -0.4888159E-01    0.2858748E-02    0.2796691E-03
   -0.1946675E-03    0.6258311E-04   -0.4458749E-04   -0.1575451E-01    0.1266391E+00   -0.4698074E-01   -0.6564297E-02   -0.1342082E+02   -0.1109266E+02    0.2700872E+01   -0.1019516E+02   -0.3457377E+01    0.6247560E+01   -0.9814495E+01   -0.2636779E+01    0.5022906E+02    0.9905832E+02    0.1372669E+03    0.1610051E+03    0.5856190E-05    0.4785811E-03    0.3396678E-04    0.1683360E-02    0.1380144E-02    0.1124651E-02    0.3667587E-02   -0.3296999E-01   -0.6064458E-01   -0.9476005E-02   -0.7363592E-02    0.1349047E-01    0.2515019E-02   -0.4620275E-02
   -0.2268695E-03    0.3365070E-03   -0.5596913E-04   -0.1649577E-01    0.1512427E+00   -0.4783179E-01   -0.7042707E-02   -0.1812554E+02   -0.1210985E+02    0.3300173E+01   -0.8994125E+01   -0.3301570E+00    0.6600426E+01   -0.1072897E+02   -0.3304032E+01    0.4890592E+02    0.9884132E+02    0.1610051E+03    0.2088477E+03   -0.3190737E-03    0.5369355E-03   -0.1848004E-02    0.2371087E-02    0.1093842E-02   -0.2103211E-02   -0.2392839E-02   -0.2716965E-01   -0.3770878E-01    0.1932287E-01    0.4740176E-01    0.1106552E+00    0.2443603E-02   -0.8970696E-02
    0.1212961E-06   -0.1652122E-05    0.1509091E-06    0.8469843E-05   -0.1541480E-05    0.1141957E-04    0.7954828E-05   -0.4038258E-02   -0.1198669E-02   -0.1491385E-03   -0.7683479E-02   -0.2211459E-02    0.1318311E-02    0.3479262E-02    0.7116534E-04   -0.5716364E-03    0.1151427E-02    0.5856190E-05   -0.3190737E-03    0.6971508E-04    0.2408869E-04    0.2884773E-04    0.1257277E-04    0.1403727E-04    0.1740475E-04   -0.7748368E-04   -0.5470568E-04   -0.5706001E-04   -0.3400716E-05    0.8508987E-06   -0.2717150E-04    0.3578232E-06    0.3337287E-06
    0.1729348E-06   -0.2060085E-05    0.1599904E-06    0.8324320E-05   -0.1915879E-05    0.9942954E-05    0.9761582E-05   -0.3905522E-02   -0.1793220E-02   -0.5973502E-03   -0.6454937E-02    0.1639478E-03    0.3029719E-02    0.3503058E-02   -0.3607587E-03    0.1136121E-02    0.1505235E-02    0.4785811E-03    0.5369355E-03    0.2408869E-04    0.4101650E-04    0.3666486E-04    0.3022786E-04    0.3113166E-04    0.2739488E-04   -0.5059321E-04   -0.8398078E-04   -0.5478907E-04   -0.1042490E-03   -0.9606739E-04   -0.1115046E-03    0.3820955E-06    0.1502231E-06
    0.2054158E-06   -0.2312232E-05    0.1702107E-06    0.8813732E-05    0.1781474E-04    0.9846603E-05    0.1109998E-04   -0.4865755E-02   -0.2458299E-02   -0.2445278E-03   -0.9578569E-02   -0.1368578E-02    0.4915848E-02    0.5685950E-02   -0.6763307E-03    0.1890974E-03    0.2755442E-02    0.3396678E-04   -0.1848004E-02    0.2884773E-04    0.3666486E-04    0.1169749E-03    0.2636251E-04    0.6192801E-04    0.1100151E-03   -0.5317482E-04   -0.9942416E-04   -0.1265440E-03   -0.7769643E-04   -0.1998355E-03   -0.4301377E-03    0.5146655E-06    0.4484139E-06
    0.1919004E-06   -0.2093809E-05    0.1586251E-06    0.6298842E-05   -0.1382065E-04    0.5254704E-05    0.9970239E-05   -0.4503595E-02   -0.1666379E-02   -0.3732177E-03   -0.1097292E-01   -0.2333344E-02    0.1404831E-02    0.2956143E-02    0.1926093E-03    0.1149804E-02    0.1723673E-02    0.1683360E-02    0.2371087E-02    0.1257277E-04    0.3022786E-04    0.2636251E-04    0.8598712E-04    0.5646148E-04    0.3897115E-04   -0.1529126E-04   -0.4133707E-04   -0.1055687E-04   -0.1547584E-03   -0.1385843E-03   -0.1396465E-03    0.4303692E-06    0.9906085E-07
    0.2387095E-06   -0.2149529E-05    0.1193373E-06    0.8178238E-05    0.9512673E-05    0.8808681E-05    0.1046882E-04   -0.3808137E-02   -0.2234584E-02   -0.6043681E-03   -0.6406764E-02   -0.6173500E-03    0.2930531E-02    0.2375349E-02   -0.1830399E-03    0.2877163E-02    0.1961593E-02    0.1380144E-02    0.1093842E-02    0.1403727E-04    0.3113166E-04    0.6192801E-04    0.5646148E-04    0.1292696E-03    0.1614188E-03   -0.1407171E-04   -0.5954484E-04   -0.8769120E-04   -0.1807238E-03   -0.2862151E-03   -0.5168308E-03    0.1554067E-06    0.1724595E-06
    0.2865254E-06   -0.1954440E-05    0.1500493E-06    0.2476527E-05   -0.2951341E-05   -0.2707984E-05    0.1058960E-04   -0.4919010E-02   -0.2529989E-02    0.3284132E-03   -0.2005515E-01   -0.2907037E-02    0.6067441E-02    0.6162293E-02   -0.1434993E-02    0.2216141E-02    0.5520674E-02    0.1124651E-02   -0.2103211E-02    0.1740475E-04    0.2739488E-04    0.1100151E-03    0.3897115E-04    0.1614188E-03    0.6603312E-03    0.9126453E-05   -0.5853835E-04   -0.1588002E-03   -0.1759577E-03   -0.4344679E-03   -0.7318393E-03    0.5724041E-06    0.9594715E-06
   -0.1937717E-05    0.9219767E-05   -0.1545020E-05   -0.6576203E-04   -0.6036964E-04   -0.1193553E-03   -0.2489489E-04    0.1881913E-01    0.6392584E-02    0.3828464E-02    0.5739217E-01    0.8718600E-02   -0.7585961E-02   -0.1759523E-01    0.1385907E-02   -0.5113872E-01   -0.3120100E-03    0.3667587E-02   -0.2392839E-02   -0.7748368E-04   -0.5059321E-04   -0.5317482E-04   -0.1529126E-04   -0.1407171E-04    0.9126453E-05    0.1330423E-01    0.8319404E-02    0.9112438E-02    0.1648560E-02    0.1762327E-02    0.2638330E-02    0.4339722E-05    0.1513951E-05
   -0.2199427E-05    0.1172643E-04   -0.1419500E-05   -0.4949831E-04    0.2664383E-03   -0.7869462E-04   -0.2726936E-04    0.4051849E-01    0.1624504E-01    0.4921631E-02    0.2607400E-01   -0.2461370E-02   -0.3264105E-01   -0.4453852E-01    0.3095296E-02   -0.7864692E-01   -0.4544484E-01   -0.3296999E-01   -0.2716965E-01   -0.5470568E-04   -0.8398078E-04   -0.9942416E-04   -0.4133707E-04   -0.5954484E-04   -0.5853835E-04    0.8319404E-02    0.1212746E-01    0.1340924E-01    0.8452766E-02    0.8326021E-02    0.8027919E-02    0.6113240E-05   -0.1911126E-05
   -0.2917646E-05    0.1709582E-04   -0.1995002E-05   -0.1698322E-04    0.3590010E-03   -0.7225147E-06   -0.3674534E-04    0.4825548E-01    0.2609991E-01    0.2528970E-03    0.8430521E-01    0.6971699E-02   -0.3612261E-01   -0.3374731E-01   -0.2390504E-03   -0.8571378E-01   -0.6694281E-01   -0.6064458E-01   -0.3770878E-01   -0.5706001E-04   -0.5478907E-04   -0.1265440E-03   -0.1055687E-04   -0.8769120E-04   -0.1588002E-03    0.9112438E-02    0.1340924E-01    0.2556655E-01    0.4830565E-02    0.1222934E-01    0.2408091E-01    0.6136904E-05   -0.5705515E-05
   -0.3694611E-05    0.2050375E-04   -0.2565334E-05   -0.1183501E-03    0.5595138E-03   -0.2000286E-03   -0.5409804E-04    0.2459690E-01    0.1255981E-01    0.5859271E-02    0.3503794E-01   -0.5114936E-02   -0.2670144E-01   -0.2735277E-01    0.1097947E-01   -0.1771264E-01   -0.4394266E-01   -0.9476005E-02    0.1932287E-01   -0.3400716E-05   -0.1042490E-03   -0.7769643E-04   -0.1547584E-03   -0.1807238E-03   -0.1759577E-03    0.1648560E-02    0.8452766E-02    0.4830565E-02    0.2275964E-01    0.2072744E-01    0.1546416E-01   -0.3862743E-05   -0.6105794E-05
   -0.5634436E-05    0.3219361E-04   -0.4016652E-05   -0.1376392E-03    0.8276477E-03   -0.2149042E-03   -0.7901727E-04    0.1753338E-01    0.1490980E-01   -0.2901995E-03    0.1175984E+00    0.2068390E-01   -0.6500748E-02    0.1485142E-02    0.8825894E-02    0.7129299E-02   -0.4711214E-01   -0.7363592E-02    0.4740176E-01    0.8508987E-06   -0.9606739E-04   -0.1998355E-03   -0.1385843E-03   -0.2862151E-03   -0.4344679E-03    0.1762327E-02    0.8326021E-02    0.1222934E-01    0.2072744E-01    0.3116626E-01    0.4424498E-01   -0.6149096E-05   -0.1047210E-04
   -0.9774343E-05    0.5723437E-04   -0.6765488E-05   -0.2113086E-03    0.1404947E-02   -0.3145093E-03   -0.1238200E-03   -0.2880722E-01    0.3816031E-02   -0.1470229E-01    0.3319495E+00    0.1291369E+00    0.8663274E-01    0.1061076E+00    0.4026758E-02    0.4474230E-01   -0.4888159E-01    0.1349047E-01    0.1106552E+00   -0.2717150E-04   -0.1115046E-03   -0.4301377E-03   -0.1396465E-03   -0.5168308E-03   -0.7318393E-03    0.2638330E-02    0.8027919E-02    0.2408091E-01    0.1546416E-01    0.4424498E-01    0.1092055E+00   -0.1219082E-04   -0.1348986E-04
   -0.2140281E-07   -0.9627991E-07    0.1041005E-07    0.5360856E-06   -0.3565196E-05   -0.1319543E-06    0.5127321E-06    0.1150292E-03    0.7802916E-04   -0.1068599E-03   -0.1844464E-02   -0.6583304E-03   -0.1025566E-02   -0.9530961E-03    0.1418255E-03   -0.1275269E-01    0.2858748E-02    0.2515019E-02    0.2443603E-02    0.3578232E-06    0.3820955E-06    0.5146655E-06    0.4303692E-06    0.1554067E-06    0.5724041E-06    0.4339722E-05    0.6113240E-05    0.6136904E-05   -0.3862743E-05   -0.6149096E-05   -0.1219082E-04    0.2227059E-05    0.3223152E-07
    0.1169100E-07   -0.1008859E-06    0.1014726E-07    0.5251062E-06   -0.9467679E-05    0.7643691E-06    0.5841261E-06   -0.3009676E-02   -0.2034005E-03    0.1687972E-03   -0.3536956E-02   -0.9980432E-03    0.1709288E-02    0.5375993E-02    0.2784880E-03   -0.7188901E-04    0.2796691E-03   -0.4620275E-02   -0.8970696E-02    0.3337287E-06    0.1502231E-06    0.4484139E-06    0.9906085E-07    0.1724595E-06    0.9594715E-06    0.1513951E-05   -0.1911126E-05   -0.5705515E-05   -0.6105794E-05   -0.1047210E-04   -0.1348986E-04    0.3223152E-07    0.1272874E-05
