# omegabh2 omegach2 theta tau logA ns acib217 acibsz143 asz143 aps100 aps143 aps143217 aps217 aksz kgal100 t1gal143 t1gal143217 t1gal217 calib_100T calib_217T
    0.4933801E-07   -0.8750483E-07    0.3168735E-07    0.1370778E-05    0.2527656E-05    0.4317379E-06   -0.3668183E-03   -0.1826012E-03    0.5799293E-05   -0.8391913E-03   -0.3132299E-03    0.9271493E-04    0.9313826E-04   -0.8256405E-04    0.1000675E-02    0.6796826E-03    0.6574996E-03    0.6389933E-03   -0.4050766E-07    0.1434820E-07
   -0.8750483E-07    0.1841370E-05   -0.9563879E-07   -0.1398263E-04   -0.2377688E-04   -0.4547575E-05    0.5454199E-03    0.2605593E-03   -0.5857185E-04    0.3718984E-03    0.3194833E-03   -0.3947620E-03   -0.4624451E-03    0.1234921E-03    0.1728578E-02    0.1579305E-02    0.1701061E-02    0.1843157E-02   -0.6556651E-07   -0.4298597E-07
    0.3168735E-07   -0.9563879E-07    0.2005732E-06    0.2491326E-05    0.4966272E-05    0.5686741E-06   -0.1813395E-03   -0.1178438E-03    0.9576407E-05   -0.9138029E-05   -0.7062325E-04    0.2236887E-03    0.1634537E-03   -0.3130133E-04    0.1307498E-03    0.9873640E-04    0.1059414E-03    0.9375282E-04   -0.1745336E-07    0.1445686E-08
    0.1370778E-05   -0.1398263E-04    0.2491326E-05    0.3089681E-03    0.5740482E-03    0.5153993E-04   -0.1595569E-01   -0.8568248E-02   -0.4490990E-03   -0.2879700E-01   -0.1427112E-01    0.3137910E-02    0.1600348E-02   -0.3199126E-02    0.1527764E-01    0.3492037E-01    0.3239140E-01    0.3065126E-01    0.2490875E-05    0.7325227E-06
    0.2527656E-05   -0.2377688E-04    0.4966272E-05    0.5740482E-03    0.1085307E-02    0.8996913E-04   -0.2862772E-01   -0.1630997E-01   -0.2035778E-02   -0.3071120E-01   -0.1297511E-01    0.1663956E-01    0.1160661E-01   -0.6484234E-02    0.7483217E-02    0.2198752E-01    0.1697031E-01    0.1351637E-01    0.2392278E-05    0.1202344E-05
    0.4317379E-06   -0.4547575E-05    0.5686741E-06    0.5153993E-04    0.8996913E-04    0.2639033E-04   -0.1174939E-01   -0.5498680E-02   -0.1123950E-02   -0.1129882E-01    0.3516434E-02    0.1285595E-01    0.1372015E-01   -0.3180847E-02   -0.3583696E-03   -0.1193005E-02   -0.2857099E-02   -0.3065268E-02    0.5049407E-06    0.5233601E-06
   -0.3668183E-03    0.5454199E-03   -0.1813395E-03   -0.1595569E-01   -0.2862772E-01   -0.1174939E-01    0.6964190E+02    0.2555342E+02    0.5711068E-01    0.2511252E+02   -0.1525330E+02   -0.6309932E+02   -0.8154056E+02   -0.3269618E+01   -0.1423793E+02   -0.2809789E+02   -0.3452656E+02   -0.3987163E+02   -0.2326117E-03   -0.3422144E-02
   -0.1826012E-03    0.2605593E-03   -0.1178438E-03   -0.8568248E-02   -0.1630997E-01   -0.5498680E-02    0.2555342E+02    0.1831478E+02    0.1842890E+01   -0.8277243E+01   -0.2016946E+02   -0.4240819E+02   -0.2534291E+02   -0.1418864E+01   -0.8584951E+01   -0.1498010E+02   -0.2276994E+02   -0.2453381E+02   -0.1045072E-03   -0.1472845E-03
    0.5799293E-05   -0.5857185E-04    0.9576407E-05   -0.4490990E-03   -0.2035778E-02   -0.1123950E-02    0.5711068E-01    0.1842890E+01    0.5301563E+01   -0.3470732E+02   -0.1495942E+02   -0.4136992E+01   -0.1584477E+00   -0.1494073E+00   -0.1986822E+01   -0.5329204E+00    0.3391995E+01    0.4178990E+01   -0.1963752E-03    0.1650870E-03
   -0.8391913E-03    0.3718984E-03   -0.9138029E-05   -0.2879700E-01   -0.3071120E-01   -0.1129882E-01    0.2511252E+02   -0.8277243E+01   -0.3470732E+02    0.7335994E+03    0.1671539E+03    0.6534904E+02    0.1362689E+02   -0.1046455E+02   -0.8935815E+02   -0.7010342E+02   -0.7779684E+02   -0.7856423E+02   -0.3171647E-02   -0.3584930E-02
   -0.3132299E-03    0.3194833E-03   -0.7062325E-04   -0.1427112E-01   -0.1297511E-01    0.3516434E-02   -0.1525330E+02   -0.2016946E+02   -0.1495942E+02    0.1671539E+03    0.1141157E+03    0.8852411E+02    0.4919504E+02   -0.9380478E+01   -0.2588529E+02   -0.4086597E+02   -0.3547518E+02   -0.3348977E+02   -0.8105608E-03   -0.9840004E-03
    0.9271493E-04   -0.3947620E-03    0.2236887E-03    0.3137910E-02    0.1663956E-01    0.1285595E-01   -0.6309932E+02   -0.4240819E+02   -0.4136992E+01    0.6534904E+02    0.8852411E+02    0.1418995E+03    0.1036564E+03   -0.6624639E+01   -0.1180473E+02   -0.1471795E+02   -0.3118914E+01   -0.2877924E+01   -0.1213172E-02    0.1771265E-02
    0.9313826E-04   -0.4624451E-03    0.1634537E-03    0.1600348E-02    0.1160661E-01    0.1372015E-01   -0.8154056E+02   -0.2534291E+02   -0.1584477E+00    0.1362689E+02    0.4919504E+02    0.1036564E+03    0.1414490E+03   -0.6228950E+01   -0.1420144E+02   -0.1676443E+02   -0.2172518E+02   -0.2370607E+02   -0.1205920E-02    0.6036183E-02
   -0.8256405E-04    0.1234921E-03   -0.3130133E-04   -0.3199126E-02   -0.6484234E-02   -0.3180847E-02   -0.3269618E+01   -0.1418864E+01   -0.1494073E+00   -0.1046455E+02   -0.9380478E+01   -0.6624639E+01   -0.6228950E+01    0.7917927E+01   -0.4393323E+01   -0.6326234E+01   -0.6676032E+01   -0.6753809E+01   -0.9644799E-04    0.1862818E-03
    0.1000675E-02    0.1728578E-02    0.1307498E-03    0.1527764E-01    0.7483217E-02   -0.3583696E-03   -0.1423793E+02   -0.8584951E+01   -0.1986822E+01   -0.8935815E+02   -0.2588529E+02   -0.1180473E+02   -0.1420144E+02   -0.4393323E+01    0.2415391E+03    0.1569880E+03    0.1533176E+03    0.1510502E+03   -0.1352157E-01    0.5381238E-03
    0.6796826E-03    0.1579305E-02    0.9873640E-04    0.3492037E-01    0.2198752E-01   -0.1193005E-02   -0.2809789E+02   -0.1498010E+02   -0.5329204E+00   -0.7010342E+02   -0.4086597E+02   -0.1471795E+02   -0.1676443E+02   -0.6326234E+01    0.1569880E+03    0.2746435E+03    0.2783673E+03    0.2788740E+03    0.8845012E-02    0.8063520E-03
    0.6574996E-03    0.1701061E-02    0.1059414E-03    0.3239140E-01    0.1697031E-01   -0.2857099E-02   -0.3452656E+02   -0.2276994E+02    0.3391995E+01   -0.7779684E+02   -0.3547518E+02   -0.3118914E+01   -0.2172518E+02   -0.6676032E+01    0.1533176E+03    0.2783673E+03    0.3233828E+03    0.3510023E+03    0.8713835E-02   -0.4767681E-02
    0.6389933E-03    0.1843157E-02    0.9375282E-04    0.3065126E-01    0.1351637E-01   -0.3065268E-02   -0.3987163E+02   -0.2453381E+02    0.4178990E+01   -0.7856423E+02   -0.3348977E+02   -0.2877924E+01   -0.2370607E+02   -0.6753809E+01    0.1510502E+03    0.2788740E+03    0.3510023E+03    0.4053946E+03    0.8759422E-02   -0.9750460E-02
   -0.4050766E-07   -0.6556651E-07   -0.1745336E-07    0.2490875E-05    0.2392278E-05    0.5049407E-06   -0.2326117E-03   -0.1045072E-03   -0.1963752E-03   -0.3171647E-02   -0.8105608E-03   -0.1213172E-02   -0.1205920E-02   -0.9644799E-04   -0.1352157E-01    0.8845012E-02    0.8713835E-02    0.8759422E-02    0.3100552E-05    0.9811445E-08
    0.1434820E-07   -0.4298597E-07    0.1445686E-08    0.7325227E-06    0.1202344E-05    0.5233601E-06   -0.3422144E-02   -0.1472845E-03    0.1650870E-03   -0.3584930E-02   -0.9840004E-03    0.1771265E-02    0.6036183E-02    0.1862818E-03    0.5381238E-03    0.8063520E-03   -0.4767681E-02   -0.9750460E-02    0.9811445E-08    0.1486879E-05
