# omegabh2 omegach2 theta tau meffsterile nnu logA ns calPlanck aps100 aps143 aps217 acib217 asz143 psr xi aksz dust100 dust143 dust217 dust143x217 cal0 cal2 calTE calEE bm_1_1
    0.2623703E-07    0.2560523E-07    0.4847726E-08    0.9283015E-06    0.1304902E-05    0.5628241E-05    0.1917176E-05    0.4276085E-06    0.9622664E-08   -0.2965108E-03   -0.1795967E-03    0.6143186E-04   -0.8562290E-04    0.1924834E-04    0.2644608E-06    0.4463071E-06   -0.2538626E-04    0.3272643E-07    0.3688917E-06    0.8005495E-06    0.1547284E-06    0.2206328E-08   -0.8432251E-08   -0.6989922E-07   -0.1618084E-06   -0.1484722E-05
    0.2560523E-07    0.1053490E-04   -0.3887641E-06    0.1034086E-05   -0.5858412E-03    0.1741216E-03    0.1173003E-04    0.6122887E-05   -0.2497509E-07    0.5506901E-02    0.2192425E-02   -0.3330476E-02    0.2190036E-02   -0.3635479E-03   -0.1569666E-04   -0.1759655E-04    0.7368144E-03    0.4194009E-05   -0.3108386E-05   -0.1144035E-04    0.9832866E-05   -0.9283091E-09    0.3491726E-06    0.1558762E-05    0.2443972E-05   -0.1918399E-04
    0.4847726E-08   -0.3887641E-06    0.9735998E-07    0.4736674E-06    0.1154252E-04   -0.1194034E-04    0.4606242E-06   -0.2576294E-06   -0.1110992E-08   -0.4004973E-03   -0.2206223E-03    0.1357823E-03   -0.1289190E-03    0.2450329E-04    0.5081445E-06    0.3216629E-06   -0.3869116E-04   -0.1702237E-06   -0.1763968E-06    0.8166217E-06   -0.1006637E-05    0.6241170E-08   -0.1321786E-07   -0.1459243E-06   -0.1536286E-06    0.2502106E-06
    0.9283015E-06    0.1034086E-05    0.4736674E-06    0.1830039E-03   -0.3630683E-04    0.3748344E-03    0.3500874E-03    0.3774986E-04   -0.2784763E-05   -0.1413103E-01   -0.7149434E-02    0.2096106E-02   -0.3516580E-02    0.6464559E-03    0.6568628E-05   -0.3359990E-05   -0.1220145E-02   -0.9628354E-05    0.5834359E-04    0.1716657E-04   -0.1216081E-04   -0.3766472E-06   -0.4992422E-06   -0.6963965E-05   -0.4125116E-06    0.5514767E-04
    0.1304902E-05   -0.5858412E-03    0.1154252E-04   -0.3630683E-04    0.5051639E-01   -0.2826328E-02   -0.3342398E-03   -0.3197842E-03   -0.3524084E-05   -0.9931280E-01    0.2439413E-01    0.2074972E+00   -0.8328527E-01    0.1014837E-01    0.9383680E-03    0.1838845E-03   -0.2868714E-01   -0.2261404E-03    0.2927637E-03    0.3489748E-03   -0.3765438E-03   -0.2696860E-05   -0.1715289E-04   -0.6709943E-04   -0.1120986E-03    0.2806761E-02
    0.5628241E-05    0.1741216E-03   -0.1194034E-04    0.3748344E-03   -0.2826328E-02    0.8006537E-02    0.1009730E-02    0.3138430E-03    0.3263365E-05    0.1757200E+00    0.8553815E-01   -0.5342185E-01    0.5304292E-01   -0.9173150E-02   -0.2566847E-03   -0.4910922E-03    0.1656611E-01    0.1711744E-03    0.3089791E-04   -0.2661004E-03    0.4032265E-03   -0.5439277E-06    0.6636101E-05    0.3952887E-04    0.8409670E-04    0.4289451E-03
    0.1917176E-05    0.1173003E-04    0.4606242E-06    0.3500874E-03   -0.3342398E-03    0.1009730E-02    0.7109967E-03    0.7810772E-04    0.6439578E-05   -0.1117467E-01   -0.7607488E-02    0.6922609E-02   -0.4142098E-02    0.9029487E-03    0.2182777E-04    0.2845598E-05   -0.2319563E-02   -0.2267908E-04    0.7346151E-04    0.4477635E-04   -0.2398071E-04   -0.2927928E-06   -0.6926043E-06   -0.1179623E-04    0.3931976E-05    0.1322780E-03
    0.4276085E-06    0.6122887E-05   -0.2576294E-06    0.3774986E-04   -0.3197842E-03    0.3138430E-03    0.7810772E-04    0.3084749E-04    0.2794204E-06   -0.1535043E-01   -0.4212215E-02    0.5250380E-02   -0.3420537E-02    0.4768148E-03    0.3152075E-04    0.5796307E-04   -0.1580104E-02    0.3537869E-04    0.7605218E-05    0.3397809E-04   -0.4045571E-05   -0.3435591E-06   -0.2091584E-06    0.9184529E-06    0.9660855E-06    0.8726014E-04
    0.9622664E-08   -0.2497509E-07   -0.1110992E-08   -0.2784763E-05   -0.3524084E-05    0.3263365E-05    0.6439578E-05    0.2794204E-06    0.6122771E-05    0.3766141E-02    0.6269677E-03    0.7825587E-03    0.8477593E-03    0.1305036E-04   -0.2703848E-06   -0.3369510E-05    0.5698712E-04    0.4926164E-05    0.6846842E-05    0.5413751E-05   -0.5416709E-05   -0.9969549E-08   -0.4502879E-07   -0.1180575E-06    0.6783595E-07    0.2015794E-04
   -0.2965108E-03    0.5506901E-02   -0.4004973E-03   -0.1413103E-01   -0.9931280E-01    0.1757200E+00   -0.1117467E-01   -0.1535043E-01    0.3766141E-02    0.4799415E+03    0.5953656E+02   -0.5389876E+02    0.2998324E+02   -0.2031803E+02   -0.7687232E+00   -0.7399141E-01    0.7119444E+01    0.3277988E-03    0.7270411E-01   -0.3391042E-01   -0.1684666E+00    0.5831201E-02    0.7371667E-02    0.4027437E-02    0.8765369E-02    0.1202421E+01
   -0.1795967E-03    0.2192425E-02   -0.2206223E-03   -0.7149434E-02    0.2439413E-01    0.8553815E-01   -0.7607488E-02   -0.4212215E-02    0.6269677E-03    0.5953656E+02    0.5646120E+02    0.1218889E+02    0.4808976E+01   -0.1934590E+01    0.2185697E+00    0.7503596E+00   -0.6816817E+01   -0.1882135E-01   -0.1795320E+00   -0.5855628E-01    0.1332532E+00    0.4074877E-03   -0.6676917E-03    0.2166552E-02    0.4698340E-02   -0.1020266E+00
    0.6143186E-04   -0.3330476E-02    0.1357823E-03    0.2096106E-02    0.2074972E+00   -0.5342185E-01    0.6922609E-02    0.5250380E-02    0.7825587E-03   -0.5389876E+02    0.1218889E+02    0.1677856E+03   -0.7652358E+02    0.4384907E+01    0.4826365E+00    0.4143717E+00   -0.8699495E+01    0.1071919E-01   -0.3044242E-01    0.6194504E+00   -0.4458750E-01    0.1440416E-02   -0.1106730E-01    0.1386079E-02    0.1745232E-02   -0.1178425E-01
   -0.8562290E-04    0.2190036E-02   -0.1289190E-03   -0.3516580E-02   -0.8328527E-01    0.5304292E-01   -0.4142098E-02   -0.3420537E-02    0.8477593E-03    0.2998324E+02    0.4808976E+01   -0.7652358E+02    0.4532831E+02    0.5743271E+00   -0.7676379E-01   -0.3267845E+00   -0.1883506E+01   -0.1290253E-01    0.2877293E-01   -0.4776345E+00   -0.3301919E-01   -0.3809976E-03    0.4831108E-02    0.1340690E-03    0.9097595E-03    0.4067433E-01
    0.1924834E-04   -0.3635479E-03    0.2450329E-04    0.6464559E-03    0.1014837E-01   -0.9173150E-02    0.9029487E-03    0.4768148E-03    0.1305036E-04   -0.2031803E+02   -0.1934590E+01    0.4384907E+01    0.5743271E+00    0.3514478E+01    0.1312591E+00   -0.8485069E-01   -0.2880564E+01   -0.5452278E-02   -0.1761983E-01   -0.4294682E-01    0.5876060E-01    0.4269091E-03   -0.9284761E-03   -0.1702514E-03   -0.2541637E-03    0.4031933E-01
    0.2644608E-06   -0.1569666E-04    0.5081445E-06    0.6568628E-05    0.9383680E-03   -0.2566847E-03    0.2182777E-04    0.3152075E-04   -0.2703848E-06   -0.7687232E+00    0.2185697E+00    0.4826365E+00   -0.7676379E-01    0.1312591E+00    0.1192445E-01    0.1440242E-01   -0.1548540E+00   -0.9668750E-04   -0.4962037E-04   -0.1443095E-02    0.5734063E-03    0.2015595E-04   -0.3828000E-04    0.1717865E-04    0.1209232E-04    0.3279112E-03
    0.4463071E-06   -0.1759655E-04    0.3216629E-06   -0.3359990E-05    0.1838845E-03   -0.4910922E-03    0.2845598E-05    0.5796307E-04   -0.3369510E-05   -0.7399141E-01    0.7503596E+00    0.4143717E+00   -0.3267845E+00   -0.8485069E-01    0.1440242E-01    0.8095870E-01    0.8627871E-01    0.2373078E-03    0.4424692E-03   -0.7714170E-04    0.5468907E-03    0.9719374E-05   -0.3083043E-04    0.2587574E-04    0.1426044E-04   -0.3643526E-02
   -0.2538626E-04    0.7368144E-03   -0.3869116E-04   -0.1220145E-02   -0.2868714E-01    0.1656611E-01   -0.2319563E-02   -0.1580104E-02    0.5698712E-04    0.7119444E+01   -0.6816817E+01   -0.8699495E+01   -0.1883506E+01   -0.2880564E+01   -0.1548540E+00    0.8627871E-01    0.6901758E+01    0.3222974E-02    0.1449601E-01    0.4724671E-01   -0.5541826E-01   -0.3528795E-03    0.6517776E-03   -0.2050005E-03   -0.9321497E-04   -0.3679992E-01
    0.3272643E-07    0.4194009E-05   -0.1702237E-06   -0.9628354E-05   -0.2261404E-03    0.1711744E-03   -0.2267908E-04    0.3537869E-04    0.4926164E-05    0.3277988E-03   -0.1882135E-01    0.1071919E-01   -0.1290253E-01   -0.5452278E-02   -0.9668750E-04    0.2373078E-03    0.3222974E-02    0.3662730E-01    0.3304265E-02   -0.8073841E-04    0.2496852E-03    0.4223359E-04   -0.8813695E-05    0.1136216E-05   -0.2046064E-05    0.2109944E-02
    0.3688917E-06   -0.3108386E-05   -0.1763968E-06    0.5834359E-04    0.2927637E-03    0.3089791E-04    0.7346151E-04    0.7605218E-05    0.6846842E-05    0.7270411E-01   -0.1795320E+00   -0.3044242E-01    0.2877293E-01   -0.1761983E-01   -0.4962037E-04    0.4424692E-03    0.1449601E-01    0.3304265E-02    0.3346646E-01   -0.2982550E-02    0.2316255E-02   -0.5849099E-04   -0.6810880E-04   -0.4375828E-04   -0.5057025E-04   -0.2107815E-02
    0.8005495E-06   -0.1144035E-04    0.8166217E-06    0.1716657E-04    0.3489748E-03   -0.2661004E-03    0.4477635E-04    0.3397809E-04    0.5413751E-05   -0.3391042E-01   -0.5855628E-01    0.6194504E+00   -0.4776345E+00   -0.4294682E-01   -0.1443095E-02   -0.7714170E-04    0.4724671E-01   -0.8073841E-04   -0.2982550E-02    0.1343254E-01    0.1143791E-01    0.1577718E-05    0.6568950E-04    0.1571637E-04   -0.5304271E-05   -0.1608591E-02
    0.1547284E-06    0.9832866E-05   -0.1006637E-05   -0.1216081E-04   -0.3765438E-03    0.4032265E-03   -0.2398071E-04   -0.4045571E-05   -0.5416709E-05   -0.1684666E+00    0.1332532E+00   -0.4458750E-01   -0.3301919E-01    0.5876060E-01    0.5734063E-03    0.5468907E-03   -0.5541826E-01    0.2496852E-03    0.2316255E-02    0.1143791E-01    0.3135421E-01    0.8132700E-05    0.8837567E-04   -0.1094403E-04    0.2005962E-05   -0.1286235E-02
    0.2206328E-08   -0.9283091E-09    0.6241170E-08   -0.3766472E-06   -0.2696860E-05   -0.5439277E-06   -0.2927928E-06   -0.3435591E-06   -0.9969549E-08    0.5831201E-02    0.4074877E-03    0.1440416E-02   -0.3809976E-03    0.4269091E-03    0.2015595E-04    0.9719374E-05   -0.3528795E-03    0.4223359E-04   -0.5849099E-04    0.1577718E-05    0.8132700E-05    0.9539863E-06   -0.6139750E-07    0.2125503E-06    0.4835860E-06   -0.7225722E-04
   -0.8432251E-08    0.3491726E-06   -0.1321786E-07   -0.4992422E-06   -0.1715289E-04    0.6636101E-05   -0.6926043E-06   -0.2091584E-06   -0.4502879E-07    0.7371667E-02   -0.6676917E-03   -0.1106730E-01    0.4831108E-02   -0.9284761E-03   -0.3828000E-04   -0.3083043E-04    0.6517776E-03   -0.8813695E-05   -0.6810880E-04    0.6568950E-04    0.8837567E-04   -0.6139750E-07    0.3092893E-05    0.5380736E-06    0.1940601E-06   -0.1491379E-04
   -0.6989922E-07    0.1558762E-05   -0.1459243E-06   -0.6963965E-05   -0.6709943E-04    0.3952887E-04   -0.1179623E-04    0.9184529E-06   -0.1180575E-06    0.4027437E-02    0.2166552E-02    0.1386079E-02    0.1340690E-03   -0.1702514E-03    0.1717865E-04    0.2587574E-04   -0.2050005E-03    0.1136216E-05   -0.4375828E-04    0.1571637E-04   -0.1094403E-04    0.2125503E-06    0.5380736E-06    0.1919819E-04    0.6314734E-05   -0.1269414E-04
   -0.1618084E-06    0.2443972E-05   -0.1536286E-06   -0.4125116E-06   -0.1120986E-03    0.8409670E-04    0.3931976E-05    0.9660855E-06    0.6783595E-07    0.8765369E-02    0.4698340E-02    0.1745232E-02    0.9097595E-03   -0.2541637E-03    0.1209232E-04    0.1426044E-04   -0.9321497E-04   -0.2046064E-05   -0.5057025E-04   -0.5304271E-05    0.2005962E-05    0.4835860E-06    0.1940601E-06    0.6314734E-05    0.1846057E-04   -0.3026956E-04
   -0.1484722E-05   -0.1918399E-04    0.2502106E-06    0.5514767E-04    0.2806761E-02    0.4289451E-03    0.1322780E-03    0.8726014E-04    0.2015794E-04    0.1202421E+01   -0.1020266E+00   -0.1178425E-01    0.4067433E-01    0.4031933E-01    0.3279112E-03   -0.3643526E-02   -0.3679992E-01    0.2109944E-02   -0.2107815E-02   -0.1608591E-02   -0.1286235E-02   -0.7225722E-04   -0.1491379E-04   -0.1269414E-04   -0.3026956E-04    0.1016892E+01
