# omegabh2 omegach2 theta tau nnu ns logA aps100 aps143 aps217 acib143 acib217 asz143 psr cibr cal0 cal2 xi aksz bm_1_1
9.205100E-08 1.853800E-07 1.461600E-08 1.269800E-06 3.569000E-05 2.090300E-06 3.071300E-06 -9.811400E-04 -3.220700E-04 -2.608900E-04 -7.750300E-05 1.489700E-05 8.130179E-05 -1.775200E-07 4.259400E-06 -6.352000E-10 -1.016600E-10 -6.374400E-08 -1.273367E-05 -8.822600E-06
1.853800E-07 2.359200E-05 -2.177200E-06 -4.220000E-06 1.112800E-03 1.877000E-05 4.321300E-05 5.532500E-03 2.530600E-03 -3.297600E-03 3.816700E-03 7.874200E-03 2.357186E-03 -4.328900E-07 1.630300E-04 -7.288100E-09 1.935000E-07 -4.960800E-05 1.574960E-03 4.941800E-04
1.461600E-08 -2.177200E-06 5.070900E-07 6.420600E-07 -1.044500E-04 -1.356200E-06 -3.200600E-06 -8.473900E-04 -4.187400E-04 2.411100E-04 -3.384300E-04 -6.545700E-04 -1.531411E-04 -1.515100E-07 -1.019800E-05 4.524900E-09 -1.219100E-08 4.886600E-06 -1.775247E-04 -3.463100E-05
1.269800E-06 -4.220000E-06 6.420600E-07 2.259200E-04 4.419100E-04 5.217900E-05 4.411200E-04 -6.785700E-03 6.244500E-03 1.503700E-02 -6.140500E-03 -1.077900E-02 -2.570560E-03 -4.903900E-06 -1.188000E-04 1.841300E-08 -3.667000E-07 4.558800E-05 -2.767242E-03 -3.938500E-04
3.569000E-05 1.112800E-03 -1.044500E-04 4.419100E-04 7.300200E-02 2.164800E-03 3.298300E-03 1.468100E-01 2.915900E-02 -2.552300E-01 2.213600E-01 4.575100E-01 1.560427E-01 -1.033400E-04 1.036700E-02 -6.158200E-07 8.270400E-06 -2.921200E-03 1.067794E-01 2.291100E-02
2.090300E-06 1.877000E-05 -1.356200E-06 5.217900E-05 2.164800E-03 1.137200E-04 1.422700E-04 -1.461100E-02 6.111200E-03 7.228900E-03 -8.692600E-04 1.248400E-03 1.535008E-03 -6.143400E-08 1.007300E-04 -3.206200E-08 1.041100E-07 -1.175000E-06 1.882560E-04 1.516400E-04
3.071300E-06 4.321300E-05 -3.200600E-06 4.411200E-04 3.298300E-03 1.422700E-04 9.812700E-04 1.330700E-02 2.917900E-02 3.541100E-02 -6.909500E-03 -1.016800E-02 -3.248619E-03 -6.765900E-06 -3.223700E-05 6.668000E-08 -6.025000E-08 2.476300E-05 -3.535726E-03 6.610000E-04
-9.811400E-04 5.532500E-03 -8.473900E-04 -6.785700E-03 1.468100E-01 -1.461100E-02 1.330700E-02 2.684900E+03 2.328900E+02 1.270000E+02 8.168600E+01 -3.018500E+01 -1.314008E+02 6.903300E-02 -4.856400E+00 1.243900E-03 7.174100E-03 1.725300E+00 -1.234491E+01 1.282600E+01
-3.220700E-04 2.530600E-03 -4.187400E-04 6.244500E-03 2.915900E-02 6.111200E-03 2.917900E-02 2.328900E+02 1.856600E+02 1.493200E+02 -3.569600E+01 -5.633900E+01 -2.961194E+01 5.328700E-02 -1.433800E+00 8.606100E-05 2.338100E-04 5.512600E-01 -1.245207E+01 4.213500E-01
-2.608900E-04 -3.297600E-03 2.411100E-04 1.503700E-02 -2.552300E-01 7.228900E-03 3.541100E-02 1.270000E+02 1.493200E+02 2.507900E+02 -3.913800E+01 -1.036700E+02 -2.580008E+01 6.490500E-02 -2.048200E+00 7.024000E-05 -5.044400E-03 4.999600E-01 -1.203327E+01 3.894300E-01
-7.750300E-05 3.816700E-03 -3.384300E-04 -6.140500E-03 2.213600E-01 -8.692600E-04 -6.909500E-03 8.168600E+01 -3.569600E+01 -3.913800E+01 3.131000E+01 2.310800E+01 -2.193594E+00 -1.113200E-02 4.488600E-02 -8.785700E-05 9.856800E-05 1.072300E-01 -7.234569E-01 -5.902400E-01
1.489700E-05 7.874200E-03 -6.545700E-04 -1.077900E-02 4.575100E-01 1.248400E-03 -1.016800E-02 -3.018500E+01 -5.633900E+01 -1.036700E+02 2.310800E+01 5.681500E+01 1.445706E+01 -2.941700E-02 1.125000E+00 -2.281700E-05 2.828300E-03 -2.461900E-01 -1.329420E+00 4.910000E-02
8.130179E-05 2.357186E-03 -1.531411E-04 -2.570560E-03 1.560427E-01 1.535008E-03 -3.248619E-03 -1.314008E+02 -2.961194E+01 -2.580008E+01 -2.193594E+00 1.445706E+01 1.706536E+01 -1.275784E-02 7.485117E-01 8.939264E-06 -6.011306E-04 -2.285534E-01 -5.013312E-01 4.046433E-01
-1.775200E-07 -4.328900E-07 -1.515100E-07 -4.903900E-06 -1.033400E-04 -6.143400E-08 -6.765900E-06 6.903300E-02 5.328700E-02 6.490500E-02 -1.113200E-02 -2.941700E-02 -1.275784E-02 2.171300E-04 -7.642100E-04 -1.584800E-07 -8.051900E-07 2.398000E-04 -2.727748E-03 -3.631500E-04
4.259400E-06 1.630300E-04 -1.019800E-05 -1.188000E-04 1.036700E-02 1.007300E-04 -3.223700E-05 -4.856400E+00 -1.433800E+00 -2.048200E+00 4.488600E-02 1.125000E+00 7.485117E-01 -7.642100E-04 4.768700E-02 6.221500E-07 2.340700E-05 -9.096000E-03 -3.338874E-02 1.803500E-02
-6.352000E-10 -7.288100E-09 4.524900E-09 1.841300E-08 -6.158200E-07 -3.206200E-08 6.668000E-08 1.243900E-03 8.606100E-05 7.024000E-05 -8.785700E-05 -2.281700E-05 8.939264E-06 -1.584800E-07 6.221500E-07 1.494000E-07 1.190100E-08 -2.284300E-07 4.316757E-06 -2.616500E-05
-1.016600E-10 1.935000E-07 -1.219100E-08 -3.667000E-07 8.270400E-06 1.041100E-07 -6.025000E-08 7.174100E-03 2.338100E-04 -5.044400E-03 9.856800E-05 2.828300E-03 -6.011306E-04 -8.051900E-07 2.340700E-05 1.190100E-08 9.575800E-07 -1.091600E-06 -6.116606E-05 3.884700E-05
-6.374400E-08 -4.960800E-05 4.886600E-06 4.558800E-05 -2.921200E-03 -1.175000E-06 2.476300E-05 1.725300E+00 5.512600E-01 4.999600E-01 1.072300E-01 -2.461900E-01 -2.285534E-01 2.398000E-04 -9.096000E-03 -2.284300E-07 -1.091600E-06 1.821500E-02 -1.542871E-02 -6.659000E-03
-1.273367E-05 1.574960E-03 -1.775247E-04 -2.767242E-03 1.067794E-01 1.882560E-04 -3.535726E-03 -1.234491E+01 -1.245207E+01 -1.203327E+01 -7.234569E-01 -1.329420E+00 -5.013312E-01 -2.727748E-03 -3.338874E-02 4.316757E-06 -6.116606E-05 -1.542871E-02 8.874786E+00 -4.141092E-02
-8.822600E-06 4.941800E-04 -3.463100E-05 -3.938500E-04 2.291100E-02 1.516400E-04 6.610000E-04 1.282600E+01 4.213500E-01 3.894300E-01 -5.902400E-01 4.910000E-02 4.046433E-01 -3.631500E-04 1.803500E-02 -2.616500E-05 3.884700E-05 -6.659000E-03 -4.141092E-02 6.012600E-01
