# omegabh2 omegach2 theta tau meffsterile nnu logA ns aps100 aps143 aps217 acib143 acib217 asz143 psr cibr ncib xi aksz cal0 cal2 bm_1_1
    0.6060101E-07    0.2514681E-06   -0.8131284E-08    0.1208477E-05    0.6828166E-05    0.2561538E-04    0.3061855E-05    0.1284992E-05    0.6728316E-03   -0.2158083E-03   -0.2295560E-04   -0.1394214E-04   -0.6387519E-04    0.1182398E-04    0.8478100E-06   -0.1401833E-05   -0.1442640E-05   -0.7544371E-06   -0.1022610E-04    0.1762716E-08    0.5228584E-08    0.6143004E-05
    0.2514681E-06    0.1420886E-04   -0.1273588E-05    0.3669550E-05   -0.9509796E-04    0.7181285E-03    0.3807445E-04    0.2144874E-04    0.2834045E-01    0.5281032E-02   -0.7547837E-02    0.2943093E-02    0.6949089E-02    0.4103151E-03   -0.1091041E-04    0.9778820E-04    0.5340548E-04   -0.3025681E-04    0.8616718E-03   -0.1769435E-06    0.5630916E-06    0.3457471E-03
   -0.8131284E-08   -0.1273588E-05    0.3159258E-06   -0.2054438E-06    0.6543872E-05   -0.7062779E-04   -0.3040861E-05   -0.2005218E-05   -0.2372120E-02   -0.5323699E-03    0.6673411E-03   -0.2886918E-03   -0.6887927E-03   -0.4302446E-04    0.5392294E-06   -0.9550151E-05   -0.6358925E-05    0.1722405E-05   -0.8614532E-04    0.6232588E-08   -0.7275361E-07   -0.3826163E-04
    0.1208477E-05    0.3669550E-05   -0.2054438E-06    0.2187432E-03    0.4042691E-03    0.7203231E-03    0.4437461E-03    0.4935894E-04   -0.1281298E-01    0.2257875E-02    0.6055825E-02   -0.3124463E-02   -0.3928720E-02   -0.7160828E-03    0.2828349E-04   -0.2029388E-03   -0.1279133E-04    0.6437724E-04   -0.2110395E-02   -0.9928819E-07   -0.8505519E-06   -0.3108168E-04
    0.6828166E-05   -0.9509796E-04    0.6543872E-05    0.4042691E-03    0.1573593E-01    0.3588832E-02    0.6533360E-03    0.1338118E-03   -0.5384990E-01    0.5104536E-01   -0.2590763E-01    0.3022186E-02    0.3341091E-01    0.1193999E-01   -0.7430728E-03    0.1415373E-02   -0.1921427E-03   -0.1381691E-02    0.4897417E-02    0.4759404E-06    0.8579742E-07   -0.1648358E-02
    0.2561538E-04    0.7181285E-03   -0.7062779E-04    0.7203231E-03    0.3588832E-02    0.4737092E-01    0.2999169E-02    0.1679671E-02    0.1570815E+01    0.2981131E+00   -0.4935478E+00    0.1895774E+00    0.4390286E+00    0.3407535E-01   -0.9120765E-03    0.6310730E-02    0.3065288E-02   -0.2679258E-02    0.5421480E-01   -0.7767714E-05    0.2700047E-04    0.1679907E-01
    0.3061855E-05    0.3807445E-04   -0.3040861E-05    0.4437461E-03    0.6533360E-03    0.2999169E-02    0.9753602E-03    0.1431841E-03    0.3059211E-01    0.2267778E-01    0.5416159E-02   -0.3569691E-02    0.3838473E-02   -0.1579417E-02    0.5713060E-04   -0.2872080E-03    0.1205053E-03    0.8157882E-04   -0.3720497E-02   -0.3031843E-06    0.1116557E-05    0.1235660E-02
    0.1284992E-05    0.2144874E-04   -0.2005218E-05    0.4935894E-04    0.1338118E-03    0.1679671E-02    0.1431841E-03    0.8465771E-04    0.2923629E-01    0.1163341E-01    0.3532622E-02   -0.3545929E-04    0.3324649E-02   -0.1044177E-03    0.6367590E-04    0.9452691E-05    0.4174643E-04   -0.2402222E-04   -0.7959480E-03   -0.3540096E-06    0.1243743E-05    0.7320059E-03
    0.6728316E-03    0.2834045E-01   -0.2372120E-02   -0.1281298E-01   -0.5384990E-01    0.1570815E+01    0.3059211E-01    0.2923629E-01    0.2372028E+04    0.6459133E+02   -0.1215106E+03    0.7547904E+02    0.8330000E+02   -0.5012477E+02   -0.9719960E+00   -0.7525112E+00    0.2244486E+00    0.2098740E+00   -0.1353119E+02    0.3119183E-02    0.6075880E-02    0.1071084E+02
   -0.2158083E-03    0.5281032E-02   -0.5323699E-03    0.2257875E-02    0.5104536E-01    0.2981131E+00    0.2267778E-01    0.1163341E-01    0.6459133E+02    0.1353710E+03    0.4112686E+02   -0.2498128E+02   -0.5790106E+01   -0.7350746E+01   -0.5257188E-02    0.1745615E+00    0.5697796E-01    0.1248110E+01   -0.1083290E+02    0.3468797E-03    0.1808598E-02    0.4733417E+00
   -0.2295560E-04   -0.7547837E-02    0.6673411E-03    0.6055825E-02   -0.2590763E-01   -0.4935478E+00    0.5416159E-02    0.3532622E-02   -0.1215106E+03    0.4112686E+02    0.3589770E+03   -0.4194214E+02   -0.1738118E+03   -0.3581079E+01    0.3312912E+00   -0.1611825E+01   -0.1857364E+01    0.7187517E+00   -0.9217427E+01   -0.2998080E-03   -0.2991129E-02    0.1486946E+00
   -0.1394214E-04    0.2943093E-02   -0.2886918E-03   -0.3124463E-02    0.3022186E-02    0.1895774E+00   -0.3569691E-02   -0.3545929E-04    0.7547904E+02   -0.2498128E+02   -0.4194214E+02    0.2835430E+02    0.2501301E+02   -0.5280777E+00   -0.7435475E-01    0.5906306E-01    0.1985243E+00    0.1199814E+00   -0.1265147E+01   -0.2253597E-03   -0.9615161E-03   -0.3121082E+00
   -0.6387519E-04    0.6949089E-02   -0.6887927E-03   -0.3928720E-02    0.3341091E-01    0.4390286E+00    0.3838473E-02    0.3324649E-02    0.8330000E+02   -0.5790106E+01   -0.1738118E+03    0.2501301E+02    0.9707138E+02    0.2350870E+01   -0.9672230E-01    0.8012473E+00    0.1146346E+01   -0.4018384E+00   -0.1427645E+01    0.1832163E-03    0.1141657E-02    0.1137811E+00
    0.1182398E-04    0.4103151E-03   -0.4302446E-04   -0.7160828E-03    0.1193999E-01    0.3407535E-01   -0.1579417E-02   -0.1044177E-03   -0.5012477E+02   -0.7350746E+01   -0.3581079E+01   -0.5280777E+00    0.2350870E+01    0.6550407E+01    0.5049680E-01    0.2463005E+00    0.1174953E-01   -0.6332070E-01   -0.5217920E-02   -0.6074769E-05   -0.6375354E-03    0.1317211E+00
    0.8478100E-06   -0.1091041E-04    0.5392294E-06    0.2828349E-04   -0.7430728E-03   -0.9120765E-03    0.5713060E-04    0.6367590E-04   -0.9719960E+00   -0.5257188E-02    0.3312912E+00   -0.7435475E-01   -0.9672230E-01    0.5049680E-01    0.1766555E-01   -0.1072075E-01    0.4277982E-02    0.8974261E-02   -0.1862239E-01    0.5349560E-06   -0.2510766E-04    0.3359100E-02
   -0.1401833E-05    0.9778820E-04   -0.9550151E-05   -0.2029388E-03    0.1415373E-02    0.6310730E-02   -0.2872080E-03    0.9452691E-05   -0.7525112E+00    0.1745615E+00   -0.1611825E+01    0.5906306E-01    0.8012473E+00    0.2463005E+00   -0.1072075E-01    0.4824017E-01   -0.5672543E-03    0.2903988E-02   -0.1656963E-01   -0.5942682E-06    0.7428342E-04    0.3548182E-02
   -0.1442640E-05    0.5340548E-04   -0.6358925E-05   -0.1279133E-04   -0.1921427E-03    0.3065288E-02    0.1205053E-03    0.4174643E-04    0.2244486E+00    0.5697796E-01   -0.1857364E+01    0.1985243E+00    0.1146346E+01    0.1174953E-01    0.4277982E-02   -0.5672543E-03    0.2424987E-01   -0.2478738E-02   -0.6236761E-02    0.5933762E-05   -0.7184719E-04    0.8058932E-02
   -0.7544371E-06   -0.3025681E-04    0.1722405E-05    0.6437724E-04   -0.1381691E-02   -0.2679258E-02    0.8157882E-04   -0.2402222E-04    0.2098740E+00    0.1248110E+01    0.7187517E+00    0.1199814E+00   -0.4018384E+00   -0.6332070E-01    0.8974261E-02    0.2903988E-02   -0.2478738E-02    0.8056819E-01    0.1797317E-01   -0.1478543E-05   -0.1680455E-04    0.1462638E-02
   -0.1022610E-04    0.8616718E-03   -0.8614532E-04   -0.2110395E-02    0.4897417E-02    0.5421480E-01   -0.3720497E-02   -0.7959480E-03   -0.1353119E+02   -0.1083290E+02   -0.9217427E+01   -0.1265147E+01   -0.1427645E+01   -0.5217920E-02   -0.1862239E-01   -0.1656963E-01   -0.6236761E-02    0.1797317E-01    0.7549111E+01   -0.2206931E-04   -0.1674419E-03   -0.1979878E-02
    0.1762716E-08   -0.1769435E-06    0.6232588E-08   -0.9928819E-07    0.4759404E-06   -0.7767714E-05   -0.3031843E-06   -0.3540096E-06    0.3119183E-02    0.3468797E-03   -0.2998080E-03   -0.2253597E-03    0.1832163E-03   -0.6074769E-05    0.5349560E-06   -0.5942682E-06    0.5933762E-05   -0.1478543E-05   -0.2206931E-04    0.8267347E-06    0.5737892E-07   -0.9405718E-04
    0.5228584E-08    0.5630916E-06   -0.7275361E-07   -0.8505519E-06    0.8579742E-07    0.2700047E-04    0.1116557E-05    0.1243743E-05    0.6075880E-02    0.1808598E-02   -0.2991129E-02   -0.9615161E-03    0.1141657E-02   -0.6375354E-03   -0.2510766E-04    0.7428342E-04   -0.7184719E-04   -0.1680455E-04   -0.1674419E-03    0.5737892E-07    0.5691895E-05    0.3079995E-03
    0.6143004E-05    0.3457471E-03   -0.3826163E-04   -0.3108168E-04   -0.1648358E-02    0.1679907E-01    0.1235660E-02    0.7320059E-03    0.1071084E+02    0.4733417E+00    0.1486946E+00   -0.3121082E+00    0.1137811E+00    0.1317211E+00    0.3359100E-02    0.3548182E-02    0.8058932E-02    0.1462638E-02   -0.1979878E-02   -0.9405718E-04    0.3079995E-03    0.2614857E+00
