# omegabh2 omegach2 theta tau ns nrun logA r aps100 aps143 aps217 acib143 acib217 asz143 psr cibr cal0 cal2 xi aksz bm_1_1
    0.13213E-06   -0.32059E-06    0.82564E-07    0.11429E-04    0.14246E-05   -0.33509E-05    0.22866E-04    0.37033E-05   -0.92149E-03   -0.23676E-03   -0.10579E-03   -0.20051E-03   -0.18997E-03    0.34206E-05   -0.83366E-07   -0.13557E-05   -0.55257E-09   -0.89414E-09   -0.84656E-07   -0.28926E-04    0.13459E-05
   -0.32059E-06    0.36533E-05   -0.29318E-06   -0.40327E-04   -0.10383E-04    0.64699E-05   -0.72664E-04   -0.12318E-04    0.20034E-02    0.33149E-03    0.20392E-03    0.58276E-03    0.82406E-03    0.66097E-04    0.14105E-06    0.23921E-04   -0.12030E-08   -0.13434E-07   -0.61511E-05    0.10134E-03    0.85142E-04
    0.82564E-07   -0.29318E-06    0.35306E-06    0.68099E-05    0.15029E-05   -0.15803E-05    0.13505E-04    0.17516E-05    0.38625E-04   -0.13601E-03   -0.17077E-03   -0.18488E-04    0.15244E-05    0.13954E-05    0.73506E-07    0.49264E-06   -0.10158E-08    0.26182E-08    0.14190E-05   -0.15590E-04    0.42597E-05
    0.11429E-04   -0.40327E-04    0.68099E-05    0.21672E-02    0.21073E-03   -0.43008E-03    0.43048E-02   -0.44792E-04   -0.38621E-01    0.32263E-01    0.52215E-01   -0.27101E-01   -0.45015E-01   -0.29580E-02    0.10090E-04   -0.10689E-02    0.73666E-07   -0.83611E-06    0.28487E-03   -0.57433E-02   -0.85478E-03
    0.14246E-05   -0.10383E-04    0.15029E-05    0.21073E-03    0.57222E-04   -0.24887E-04    0.39749E-03    0.38410E-04   -0.26972E-01    0.84872E-02    0.19732E-01   -0.98391E-02   -0.16275E-01   -0.10367E-02    0.32241E-05   -0.41057E-03   -0.50209E-07    0.27534E-07    0.65937E-04   -0.25287E-02   -0.72771E-03
   -0.33509E-05    0.64699E-05   -0.15803E-05   -0.43008E-03   -0.24887E-04    0.18876E-03   -0.88025E-03   -0.34896E-03   -0.26031E-02   -0.47697E-02    0.58807E-02   -0.18855E-02   -0.73472E-02   -0.54892E-03   -0.86546E-07   -0.21233E-03    0.26715E-08   -0.20422E-06    0.47349E-04   -0.12190E-02   -0.10611E-02
    0.22866E-04   -0.72664E-04    0.13505E-04    0.43048E-02    0.39749E-03   -0.88025E-03    0.85815E-02   -0.59020E-04   -0.60040E-01    0.75777E-01    0.11425E+00   -0.55086E-01   -0.91170E-01   -0.61588E-02    0.22845E-04   -0.21808E-02    0.19700E-06   -0.14198E-05    0.56391E-03   -0.11667E-01   -0.91294E-03
    0.37033E-05   -0.12318E-04    0.17516E-05   -0.44792E-04    0.38410E-04   -0.34896E-03   -0.59020E-04    0.52529E-02   -0.10750E-01    0.22225E-02   -0.22248E-01    0.17957E-01    0.35149E-01    0.21043E-02   -0.11468E-04    0.70258E-03   -0.12056E-06    0.15217E-05   -0.14976E-03    0.43493E-02    0.29235E-02
   -0.92149E-03    0.20034E-02    0.38625E-04   -0.38621E-01   -0.26972E-01   -0.26031E-02   -0.60040E-01   -0.10750E-01    0.27715E+04    0.21729E+03    0.10798E+03    0.87472E+02   -0.21027E+02   -0.26952E+02    0.51951E-01   -0.45105E+01    0.68095E-03    0.58824E-02    0.17288E+01   -0.54185E+01    0.12419E+02
   -0.23676E-03    0.33149E-03   -0.13601E-03    0.32263E-01    0.84872E-02   -0.47697E-02    0.75777E-01    0.22225E-02    0.21729E+03    0.17625E+03    0.13731E+03   -0.36448E+02   -0.51404E+02   -0.55573E+01    0.28477E-01   -0.15638E+01    0.47397E-04    0.16044E-03    0.34503E+00   -0.57297E+01    0.26961E+00
   -0.10579E-03    0.20392E-03   -0.17077E-03    0.52215E-01    0.19732E-01    0.58807E-02    0.11425E+00   -0.22248E-01    0.10798E+03    0.13731E+03    0.23226E+03   -0.37838E+02   -0.95532E+02   -0.46812E+01    0.37928E-01   -0.22174E+01    0.85210E-04   -0.46693E-02    0.35875E+00   -0.63559E+01    0.30265E-01
   -0.20051E-03    0.58276E-03   -0.18488E-04   -0.27101E-01   -0.98391E-02   -0.18855E-02   -0.55086E-01    0.17957E-01    0.87472E+02   -0.36448E+02   -0.37838E+02    0.30243E+02    0.21766E+02   -0.46538E+00   -0.49421E-02    0.21210E+00   -0.65730E-04    0.12675E-04    0.15968E+00   -0.69242E-01   -0.57735E+00
   -0.18997E-03    0.82406E-03    0.15244E-05   -0.45015E-01   -0.16275E-01   -0.73472E-02   -0.91170E-01    0.35149E-01   -0.21027E+02   -0.51404E+02   -0.95532E+02    0.21766E+02    0.51391E+02    0.25730E+01   -0.15767E-01    0.11932E+01   -0.23288E-04    0.25350E-02   -0.18034E+00   -0.11746E+00    0.20210E+00
    0.34206E-05    0.66097E-04    0.13954E-05   -0.29580E-02   -0.10367E-02   -0.54892E-03   -0.61588E-02    0.21043E-02   -0.26952E+02   -0.55573E+01   -0.46812E+01   -0.46538E+00    0.25730E+01    0.69481E+00   -0.15218E-02    0.14859E+00    0.81158E-05   -0.14644E-03   -0.42752E-01   -0.38023E-01    0.11231E+00
   -0.83366E-07    0.14105E-06    0.73506E-07    0.10090E-04    0.32241E-05   -0.86546E-07    0.22845E-04   -0.11468E-04    0.51951E-01    0.28477E-01    0.37928E-01   -0.49421E-02   -0.15767E-01   -0.15218E-02    0.16715E-03   -0.53229E-03    0.10209E-06   -0.19502E-06    0.17501E-03   -0.11296E-02   -0.15075E-03
   -0.13557E-05    0.23921E-04    0.49264E-06   -0.10689E-02   -0.41057E-03   -0.21233E-03   -0.21808E-02    0.70258E-03   -0.45105E+01   -0.15638E+01   -0.22174E+01    0.21210E+00    0.11932E+01    0.14859E+00   -0.53229E-03    0.49030E-01    0.99399E-06    0.21840E-04   -0.74162E-02   -0.53737E-02    0.24760E-01
   -0.55257E-09   -0.12030E-08   -0.10158E-08    0.73666E-07   -0.50209E-07    0.26715E-08    0.19700E-06   -0.12056E-06    0.68095E-03    0.47397E-04    0.85210E-04   -0.65730E-04   -0.23288E-04    0.81158E-05    0.10209E-06    0.99399E-06    0.15567E-06    0.23116E-08   -0.87161E-06   -0.12188E-04   -0.28739E-04
   -0.89414E-09   -0.13434E-07    0.26182E-08   -0.83611E-06    0.27534E-07   -0.20422E-06   -0.14198E-05    0.15217E-05    0.58824E-02    0.16044E-03   -0.46693E-02    0.12675E-04    0.25350E-02   -0.14644E-03   -0.19502E-06    0.21840E-04    0.23116E-08    0.97489E-06    0.43214E-06    0.24036E-04    0.13339E-04
   -0.84656E-07   -0.61511E-05    0.14190E-05    0.28487E-03    0.65937E-04    0.47349E-04    0.56391E-03   -0.14976E-03    0.17288E+01    0.34503E+00    0.35875E+00    0.15968E+00   -0.18034E+00   -0.42752E-01    0.17501E-03   -0.74162E-02   -0.87161E-06    0.43214E-06    0.17420E-01    0.52257E-02   -0.86041E-02
   -0.28926E-04    0.10134E-03   -0.15590E-04   -0.57433E-02   -0.25287E-02   -0.12190E-02   -0.11667E-01    0.43493E-02   -0.54185E+01   -0.57297E+01   -0.63559E+01   -0.69242E-01   -0.11746E+00   -0.38023E-01   -0.11296E-02   -0.53737E-02   -0.12188E-04    0.24036E-04    0.52257E-02    0.20378E+01   -0.21396E-02
    0.13459E-05    0.85142E-04    0.42597E-05   -0.85478E-03   -0.72771E-03   -0.10611E-02   -0.91294E-03    0.29235E-02    0.12419E+02    0.26961E+00    0.30265E-01   -0.57735E+00    0.20210E+00    0.11231E+00   -0.15075E-03    0.24760E-01   -0.28739E-04    0.13339E-04   -0.86041E-02   -0.21396E-02    0.63180E+00
