# omegabh2 omegach2 theta tau logA ns calPlanck aps100 aps143 aps217 acib217 asz143 psr xi aksz dust100 dust143 dust217 dust143x217 cal0 cal2 bm_1_1
    0.4726097E-07   -0.2204266E-06    0.4519525E-07    0.4691802E-06    0.5585162E-06    0.6262838E-06    0.1509729E-07   -0.7479368E-03   -0.4696276E-03    0.7227229E-04   -0.1897880E-03    0.4502485E-04    0.5134771E-06    0.2456860E-05   -0.5934045E-04    0.2661326E-06    0.1093882E-06    0.1570725E-05    0.2298827E-06    0.6562545E-08   -0.1587044E-07    0.5747793E-06
   -0.2204266E-06    0.4141502E-05   -0.4209905E-06   -0.4298394E-05    0.1151820E-05   -0.9132933E-05   -0.5198409E-07    0.1322974E-02    0.1523554E-02    0.6564837E-03    0.2919610E-03   -0.7326520E-04    0.5050584E-05    0.2884500E-06    0.4009747E-06   -0.2182153E-05   -0.1090739E-05   -0.4683086E-05   -0.3341997E-05   -0.5250311E-07   -0.1122485E-07   -0.2915209E-04
    0.4519525E-07   -0.4209905E-06    0.2332305E-06    0.5799968E-06    0.3644055E-06    0.1192332E-05   -0.7207423E-08   -0.1869748E-03   -0.1697698E-03   -0.1460924E-03   -0.1172218E-04    0.9783190E-05   -0.6513664E-06    0.5895014E-06   -0.1745953E-04    0.1443635E-05    0.2031441E-06    0.2352120E-06    0.7754139E-06    0.6516057E-08   -0.2782275E-08   -0.5552234E-05
    0.4691802E-06   -0.4298394E-05    0.5799968E-06    0.6511059E-04    0.1209932E-03    0.1273805E-04    0.1613066E-06   -0.1494430E-01   -0.7009791E-02    0.5589713E-02   -0.5059698E-02    0.4737380E-03    0.5598175E-05    0.1502372E-04   -0.1057371E-02   -0.5436010E-05   -0.4642373E-05    0.3939551E-04   -0.3088535E-04   -0.6318746E-08   -0.4817581E-06    0.3208782E-04
    0.5585162E-06    0.1151820E-05    0.3644055E-06    0.1209932E-03    0.2755402E-03    0.2449124E-05    0.1270400E-04   -0.2000400E-01   -0.9556422E-02    0.1842248E-01   -0.9681589E-02    0.1029446E-02    0.3941760E-04    0.7040821E-04   -0.3326635E-02   -0.3094150E-04   -0.6225873E-04    0.9396569E-04   -0.7206386E-04    0.4469906E-06   -0.1249584E-05    0.5150535E-04
    0.6262838E-06   -0.9132933E-05    0.1192332E-05    0.1273805E-04    0.2449124E-05    0.3115183E-04    0.2343235E-06   -0.2543154E-01   -0.9167179E-02    0.8058191E-02   -0.6432104E-02    0.9884414E-03    0.3918804E-04    0.7629630E-04   -0.2331486E-02    0.3602053E-04    0.4926591E-05    0.5419245E-04   -0.1240081E-04   -0.2371852E-06   -0.4812952E-06    0.7795891E-04
    0.1509729E-07   -0.5198409E-07   -0.7207423E-08    0.1613066E-06    0.1270400E-04    0.2343235E-06    0.6208789E-05    0.3733765E-02    0.3108530E-03    0.7386985E-03    0.7716986E-03    0.1302918E-04   -0.4086086E-05   -0.3776876E-06   -0.5111316E-04    0.9893319E-06    0.5889298E-05    0.5749528E-05    0.1392492E-06    0.1780105E-07   -0.8405466E-07    0.2518086E-04
   -0.7479368E-03    0.1322974E-02   -0.1869748E-03   -0.1494430E-01   -0.2000400E-01   -0.2543154E-01    0.3733765E-02    0.4916861E+03    0.6236409E+02   -0.6234087E+02    0.3337466E+02   -0.2118146E+02   -0.8051360E+00   -0.1165000E+00    0.8609108E+01   -0.1560032E+00    0.2660636E-01   -0.3442390E-01   -0.1747659E+00    0.5667966E-02    0.7872006E-02    0.1058454E+01
   -0.4696276E-03    0.1523554E-02   -0.1697698E-03   -0.7009791E-02   -0.9556422E-02   -0.9167179E-02    0.3108530E-03    0.6236409E+02    0.5684881E+02    0.1064111E+02    0.5521927E+01   -0.1951019E+01    0.2131292E+00    0.7477164E+00   -0.6390360E+01   -0.2291820E-01   -0.1607563E+00   -0.6406049E-01    0.1402069E+00    0.4320189E-03   -0.6759198E-03   -0.5536440E-01
    0.7227229E-04    0.6564837E-03   -0.1460924E-03    0.5589713E-02    0.1842248E-01    0.8058191E-02    0.7386985E-03   -0.6234087E+02    0.1064111E+02    0.1726053E+03   -0.7853773E+02    0.4489253E+01    0.4768892E+00    0.4430377E+00   -0.8949815E+01    0.1301829E-01   -0.3609819E-01    0.6091116E+00   -0.9765941E-01    0.1294563E-02   -0.1144378E-01    0.8560750E-01
   -0.1897880E-03    0.2919610E-03   -0.1172218E-04   -0.5059698E-02   -0.9681589E-02   -0.6432104E-02    0.7716986E-03    0.3337466E+02    0.5521927E+01   -0.7853773E+02    0.4595017E+02    0.4330523E+00   -0.7680943E-01   -0.3298020E+00   -0.1503311E+01   -0.3011705E-02    0.3772562E-01   -0.4696531E+00   -0.4715908E-02   -0.3080044E-03    0.4922316E-02   -0.4539499E-01
    0.4502485E-04   -0.7326520E-04    0.9783190E-05    0.4737380E-03    0.1029446E-02    0.9884414E-03    0.1302918E-04   -0.2118146E+02   -0.1951019E+01    0.4489253E+01    0.4330523E+00    0.3462342E+01    0.1289008E+00   -0.7350646E-01   -0.2869886E+01    0.1372867E-02   -0.1596961E-01   -0.4216464E-01    0.6139621E-01    0.3963535E-03   -0.9483980E-03    0.6310174E-02
    0.5134771E-06    0.5050584E-05   -0.6513664E-06    0.5598175E-05    0.3941760E-04    0.3918804E-04   -0.4086086E-05   -0.8051360E+00    0.2131292E+00    0.4768892E+00   -0.7680943E-01    0.1289008E+00    0.1150985E-01    0.1440876E-01   -0.1521031E+00   -0.4916272E-04   -0.2583637E-03   -0.1514997E-02    0.7063142E-03    0.1888891E-04   -0.4015443E-04    0.1090805E-02
    0.2456860E-05    0.2884500E-06    0.5895014E-06    0.1502372E-04    0.7040821E-04    0.7629630E-04   -0.3776876E-06   -0.1165000E+00    0.7477164E+00    0.4430377E+00   -0.3298020E+00   -0.7350646E-01    0.1440876E-01    0.8031473E-01    0.7432525E-01   -0.2462369E-03   -0.1200569E-02   -0.1177919E-03    0.8286280E-03    0.1304060E-04   -0.3360249E-04    0.3493228E-02
   -0.5934045E-04    0.4009747E-06   -0.1745953E-04   -0.1057371E-02   -0.3326635E-02   -0.2331486E-02   -0.5111316E-04    0.8609108E+01   -0.6390360E+01   -0.8949815E+01   -0.1503311E+01   -0.2869886E+01   -0.1521031E+00    0.7432525E-01    0.6820041E+01   -0.2798601E-02    0.9646187E-02    0.4180320E-01   -0.6456551E-01   -0.3469887E-03    0.6853201E-03   -0.1078625E-01
    0.2661326E-06   -0.2182153E-05    0.1443635E-05   -0.5436010E-05   -0.3094150E-04    0.3602053E-04    0.9893319E-06   -0.1560032E+00   -0.2291820E-01    0.1301829E-01   -0.3011705E-02    0.1372867E-02   -0.4916272E-04   -0.2462369E-03   -0.2798601E-02    0.3683784E-01    0.4204898E-02   -0.4254121E-03    0.4913692E-03    0.3984414E-04   -0.9436569E-05    0.4898597E-03
    0.1093882E-06   -0.1090739E-05    0.2031441E-06   -0.4642373E-05   -0.6225873E-04    0.4926591E-05    0.5889298E-05    0.2660636E-01   -0.1607563E+00   -0.3609819E-01    0.3772562E-01   -0.1596961E-01   -0.2583637E-03   -0.1200569E-02    0.9646187E-02    0.4204898E-02    0.3367861E-01   -0.2694925E-02    0.3095953E-02   -0.6006890E-04   -0.6605445E-04   -0.1541072E-02
    0.1570725E-05   -0.4683086E-05    0.2352120E-06    0.3939551E-04    0.9396569E-04    0.5419245E-04    0.5749528E-05   -0.3442390E-01   -0.6406049E-01    0.6091116E+00   -0.4696531E+00   -0.4216464E-01   -0.1514997E-02   -0.1177919E-03    0.4180320E-01   -0.4254121E-03   -0.2694925E-02    0.1339359E-01    0.1145310E-01   -0.1427871E-05    0.6789642E-04    0.1401665E-02
    0.2298827E-06   -0.3341997E-05    0.7754139E-06   -0.3088535E-04   -0.7206386E-04   -0.1240081E-04    0.1392492E-06   -0.1747659E+00    0.1402069E+00   -0.9765941E-01   -0.4715908E-02    0.6139621E-01    0.7063142E-03    0.8286280E-03   -0.6456551E-01    0.4913692E-03    0.3095953E-02    0.1145310E-01    0.3186933E-01    0.3135299E-05    0.9430527E-04    0.2469876E-02
    0.6562545E-08   -0.5250311E-07    0.6516057E-08   -0.6318746E-08    0.4469906E-06   -0.2371852E-06    0.1780105E-07    0.5667966E-02    0.4320189E-03    0.1294563E-02   -0.3080044E-03    0.3963535E-03    0.1888891E-04    0.1304060E-04   -0.3469887E-03    0.3984414E-04   -0.6006890E-04   -0.1427871E-05    0.3135299E-05    0.9365364E-06   -0.7036440E-07   -0.7504470E-04
   -0.1587044E-07   -0.1122485E-07   -0.2782275E-08   -0.4817581E-06   -0.1249584E-05   -0.4812952E-06   -0.8405466E-07    0.7872006E-02   -0.6759198E-03   -0.1144378E-01    0.4922316E-02   -0.9483980E-03   -0.4015443E-04   -0.3360249E-04    0.6853201E-03   -0.9436569E-05   -0.6605445E-04    0.6789642E-04    0.9430527E-04   -0.7036440E-07    0.3111888E-05    0.2060769E-04
    0.5747793E-06   -0.2915209E-04   -0.5552234E-05    0.3208782E-04    0.5150535E-04    0.7795891E-04    0.2518086E-04    0.1058454E+01   -0.5536440E-01    0.8560750E-01   -0.4539499E-01    0.6310174E-02    0.1090805E-02    0.3493228E-02   -0.1078625E-01    0.4898597E-03   -0.1541072E-02    0.1401665E-02    0.2469876E-02   -0.7504470E-04    0.2060769E-04    0.9875731E+00
