# omegabh2 omegach2 theta tau mnu nnu ns logA aps100 aps143 aps217 acib143 acib217 asz143 psr cibr ncib cal0 cal2 xi aksz bm_1_1
    0.20396E-06    0.81897E-06    0.10687E-07    0.26867E-05   -0.58653E-04    0.12075E-03    0.65733E-05    0.78317E-05    0.18805E-02   -0.15605E-03   -0.45000E-03    0.11925E-03    0.18390E-03    0.37814E-04   -0.13055E-05    0.62763E-05   -0.83866E-06    0.19581E-08    0.81185E-08   -0.99642E-06    0.64984E-04    0.10027E-04
    0.81897E-06    0.27681E-04   -0.24882E-05    0.81806E-05    0.39279E-04    0.16556E-02    0.46363E-04    0.81845E-04    0.61470E-01    0.15906E-01   -0.51230E-02    0.39059E-02    0.97219E-02    0.36066E-03   -0.26255E-04    0.20559E-03    0.10506E-04   -0.28308E-07    0.32070E-06   -0.64453E-04    0.18442E-02    0.47419E-03
    0.10687E-07   -0.24882E-05    0.57643E-06    0.14188E-07   -0.52263E-04   -0.12874E-03   -0.21037E-05   -0.53208E-05   -0.54802E-02   -0.17163E-02    0.52226E-03   -0.40487E-03   -0.10333E-02   -0.23236E-04    0.25103E-05   -0.20921E-04   -0.21183E-05    0.43928E-08   -0.37411E-07    0.69650E-05   -0.16677E-03   -0.41895E-04
    0.26867E-05    0.81806E-05    0.14188E-07    0.21366E-03   -0.30713E-03    0.17938E-02    0.11263E-03    0.44798E-03   -0.51702E-02   -0.17194E-02    0.56362E-03   -0.57430E-03   -0.65199E-03    0.11086E-04    0.24249E-04   -0.21819E-04    0.22730E-04    0.28614E-07    0.59223E-07   -0.28304E-05    0.18494E-03   -0.18580E-04
   -0.58653E-04    0.39279E-04   -0.52263E-04   -0.30713E-03    0.76547E-01   -0.20283E-01   -0.19320E-02   -0.92066E-03    0.51756E+00    0.26159E+00   -0.10154E+00    0.70648E-01    0.17989E+00    0.89136E-02   -0.38090E-03    0.31186E-02    0.12603E-03   -0.46992E-06    0.55596E-05   -0.20056E-02    0.26553E-01   -0.13158E-03
    0.12075E-03    0.16556E-02   -0.12874E-03    0.17938E-02   -0.20283E-01    0.14304E+00    0.56975E-02    0.76570E-02    0.43031E+01    0.91760E+00   -0.57156E+00    0.31818E+00    0.71122E+00    0.27856E-01   -0.23815E-02    0.15860E-01    0.14596E-03   -0.90006E-06    0.23993E-04   -0.44487E-02    0.15442E+00    0.26608E-01
    0.65733E-05    0.46363E-04   -0.21037E-05    0.11263E-03   -0.19320E-02    0.56975E-02    0.29680E-03    0.34742E-03    0.95886E-01    0.21484E-01   -0.41048E-02    0.51565E-02    0.11777E-01    0.39137E-03   -0.37948E-04    0.28093E-03    0.37370E-05   -0.42257E-07    0.89190E-06   -0.41806E-04    0.28527E-02    0.91761E-03
    0.78317E-05    0.81845E-04   -0.53208E-05    0.44798E-03   -0.92066E-03    0.76570E-02    0.34742E-03    0.11041E-02    0.12731E+00    0.38811E-01    0.34982E-02    0.38107E-02    0.15207E-01   -0.19336E-03    0.27564E-04    0.25565E-03    0.99476E-04    0.44650E-07    0.13721E-05   -0.10578E-03    0.31638E-02    0.17267E-02
    0.18805E-02    0.61470E-01   -0.54802E-02   -0.51702E-02    0.51756E+00    0.43031E+01    0.95886E-01    0.12731E+00    0.37084E+04    0.14341E+03   -0.16393E+03    0.88173E+02    0.12567E+03   -0.64395E+02   -0.99221E+00    0.35011E+00    0.50701E+00    0.48361E-03    0.50364E-03   -0.14130E+00   -0.11875E+02    0.17257E+02
   -0.15605E-03    0.15906E-01   -0.17163E-02   -0.17194E-02    0.26159E+00    0.91760E+00    0.21484E-01    0.38811E-01    0.14341E+03    0.20439E+03    0.33145E+02   -0.36573E+02    0.50029E+01   -0.89111E+01   -0.10711E+00    0.14067E+00    0.48680E-01   -0.12320E-04    0.13137E-02    0.12505E+01   -0.11930E+02    0.69392E+00
   -0.45000E-03   -0.51230E-02    0.52226E-03    0.56362E-03   -0.10154E+00   -0.57156E+00   -0.41048E-02    0.34982E-02   -0.16393E+03    0.33145E+02    0.32829E+03   -0.32954E+02   -0.13869E+03   -0.95540E+00    0.11448E+00   -0.19485E+01   -0.93899E+00    0.71332E-05   -0.37251E-02    0.68846E+00   -0.10815E+02    0.10168E+01
    0.11925E-03    0.39059E-02   -0.40487E-03   -0.57430E-03    0.70648E-01    0.31818E+00    0.51565E-02    0.38107E-02    0.88173E+02   -0.36573E+02   -0.32954E+02    0.31413E+02    0.19189E+02   -0.14777E+01   -0.33365E-01    0.18162E+00    0.66775E-01   -0.17820E-04   -0.21414E-03    0.86802E-01   -0.42735E+00   -0.42113E+00
    0.18390E-03    0.97219E-02   -0.10333E-02   -0.65199E-03    0.17989E+00    0.71122E+00    0.11777E-01    0.15207E-01    0.12567E+03    0.50029E+01   -0.13869E+03    0.19189E+02    0.72988E+02    0.51535E+00   -0.14348E-01    0.95083E+00    0.57468E+00   -0.75551E-05    0.19066E-02   -0.37894E+00   -0.70774E+00   -0.24298E+00
    0.37814E-04    0.36066E-03   -0.23236E-04    0.11086E-04    0.89136E-02    0.27856E-01    0.39137E-03   -0.19336E-03   -0.64395E+02   -0.89111E+01   -0.95540E+00   -0.14777E+01    0.51535E+00    0.78132E+01    0.35698E-01    0.28120E+00   -0.30305E-01    0.12452E-04   -0.13480E-03   -0.75510E-01   -0.32992E-01    0.17585E+00
   -0.13055E-05   -0.26255E-04    0.25103E-05    0.24249E-04   -0.38090E-03   -0.23815E-02   -0.37948E-04    0.27564E-04   -0.99221E+00   -0.10711E+00    0.11448E+00   -0.33365E-01   -0.14348E-01    0.35698E-01    0.66442E-02   -0.62876E-02    0.47982E-02    0.36446E-06   -0.90870E-05    0.37374E-02   -0.11758E-01    0.43747E-02
    0.62763E-05    0.20559E-03   -0.20921E-04   -0.21819E-04    0.31186E-02    0.15860E-01    0.28093E-03    0.25565E-03    0.35011E+00    0.14067E+00   -0.19485E+01    0.18162E+00    0.95083E+00    0.28120E+00   -0.62876E-02    0.48918E-01   -0.50613E-02   -0.37506E-07    0.42356E-04   -0.10947E-02   -0.14185E-01   -0.49500E-02
   -0.83866E-06    0.10506E-04   -0.21183E-05    0.22730E-04    0.12603E-03    0.14596E-03    0.37370E-05    0.99476E-04    0.50701E+00    0.48680E-01   -0.93899E+00    0.66775E-01    0.57468E+00   -0.30305E-01    0.47982E-02   -0.50613E-02    0.15832E-01    0.21256E-06    0.42180E-06   -0.21945E-02   -0.34722E-03    0.84866E-02
    0.19581E-08   -0.28308E-07    0.43928E-08    0.28614E-07   -0.46992E-06   -0.90006E-06   -0.42257E-07    0.44650E-07    0.48361E-03   -0.12320E-04    0.71332E-05   -0.17820E-04   -0.75551E-05    0.12452E-04    0.36446E-06   -0.37506E-07    0.21256E-06    0.15945E-06   -0.25190E-09    0.46453E-06    0.14436E-05   -0.18325E-04
    0.81185E-08    0.32070E-06   -0.37411E-07    0.59223E-07    0.55596E-05    0.23993E-04    0.89190E-06    0.13721E-05    0.50364E-03    0.13137E-02   -0.37251E-02   -0.21414E-03    0.19066E-02   -0.13480E-03   -0.90870E-05    0.42356E-04    0.42180E-06   -0.25190E-09    0.18746E-05   -0.50035E-05   -0.13733E-04    0.10292E-03
   -0.99642E-06   -0.64453E-04    0.69650E-05   -0.28304E-05   -0.20056E-02   -0.44487E-02   -0.41806E-04   -0.10578E-03   -0.14130E+00    0.12505E+01    0.68846E+00    0.86802E-01   -0.37894E+00   -0.75510E-01    0.37374E-02   -0.10947E-02   -0.21945E-02    0.46453E-06   -0.50035E-05    0.81884E-01    0.48277E-02    0.12612E-02
    0.64984E-04    0.18442E-02   -0.16677E-03    0.18494E-03    0.26553E-01    0.15442E+00    0.28527E-02    0.31638E-02   -0.11875E+02   -0.11930E+02   -0.10815E+02   -0.42735E+00   -0.70774E+00   -0.32992E-01   -0.11758E-01   -0.14185E-01   -0.34722E-03    0.14436E-05   -0.13733E-04    0.48277E-02    0.82579E+01    0.72644E-02
    0.10027E-04    0.47419E-03   -0.41895E-04   -0.18580E-04   -0.13158E-03    0.26608E-01    0.91761E-03    0.17267E-02    0.17257E+02    0.69392E+00    0.10168E+01   -0.42113E+00   -0.24298E+00    0.17585E+00    0.43747E-02   -0.49500E-02    0.84866E-02   -0.18325E-04    0.10292E-03    0.12612E-02    0.72644E-02    0.32431E+00
