# omegabh2 omegach2 theta tau ns logA asz
    0.22187E-06   -0.14018E-06    0.54662E-06    0.20250E-05    0.44447E-05    0.58498E-05    0.62254E-05
   -0.14018E-06    0.13371E-04    0.96784E-06   -0.97221E-05   -0.12154E-04    0.28696E-04   -0.19233E-03
    0.54662E-06    0.96784E-06    0.44353E-05    0.42973E-05    0.10809E-04    0.19803E-04   -0.66540E-04
    0.20250E-05   -0.97221E-05    0.42973E-05    0.21615E-03    0.70840E-04    0.42390E-03   -0.22162E-03
    0.44447E-05   -0.12154E-04    0.10809E-04    0.70840E-04    0.13740E-03    0.16515E-03   -0.47539E-03
    0.58498E-05    0.28696E-04    0.19803E-04    0.42390E-03    0.16515E-03    0.10599E-02   -0.20589E-02
    0.62254E-05   -0.19233E-03   -0.66540E-04   -0.22162E-03   -0.47539E-03   -0.20589E-02    0.34214E+00
