# omegabh2 omegach2 theta tau Alens logA ns galfTE100 galfTE100143 galfTE100217 galfTE143 galfTE143217 galfTE217 cal0 cal2 calPlanck
  1.3792949E-07  -6.3920814E-07   7.5945243E-08   6.6018089E-07   5.8460476E-05   3.6192044E-06   6.1256755E-06  -3.8275213E-07  -3.5124291E-07   6.9731905E-08  -1.4838940E-06  -8.9503761E-07  -1.7747643E-06   1.4493075E-10  -6.5159739E-10   5.6134626E-09
 -6.3920814E-07   6.6490557E-06  -5.7854020E-07  -4.4726528E-06  -3.1801419E-04  -1.0048906E-05  -3.6230136E-05   2.1261791E-06   1.2238652E-06  -3.6698243E-06   9.2253455E-06   6.5752934E-06   1.7531300E-05  -1.1968229E-08   8.8345279E-09  -7.3918450E-08
  7.5945243E-08  -5.7854020E-07   2.7444245E-07   5.2852024E-07   3.0351911E-05   1.6103954E-06   3.5985946E-06  -5.2333756E-08  -2.8219364E-09   4.3386792E-08  -1.1294731E-06  -4.4435726E-07  -1.6123041E-06   9.5301021E-10  -2.0853767E-09   2.8334571E-08
  6.6018089E-07  -4.4726528E-06   5.2852024E-07   7.4554591E-05   2.2216739E-04   1.5839124E-04   3.9877416E-05   1.1158320E-06  -1.5745846E-06   7.0052088E-06  -5.4925002E-06  -7.1274261E-06   3.6948129E-06   1.1950791E-08  -7.8160354E-09  -5.4889833E-08
  5.8460476E-05  -3.1801419E-04   3.0351911E-05   2.2216739E-04   4.7551667E-02   2.2316494E-03   3.5322673E-03  -1.8826908E-04  -1.3749265E-04   2.3999356E-04  -5.2832612E-04   3.4586273E-04   2.1820517E-03   2.0819034E-06  -2.0485186E-07  -1.3192446E-05
  3.6192044E-06  -1.0048906E-05   1.6103954E-06   1.5839124E-04   2.2316494E-03   5.0168536E-04   2.1503804E-04  -2.0996152E-06  -8.0517050E-06   1.1909699E-05  -1.8500672E-05   3.5811593E-05   2.8449156E-04   1.3008419E-07   1.2279659E-07   1.2209343E-05
  6.1256755E-06  -3.6230136E-05   3.5985946E-06   3.9877416E-05   3.5322673E-03   2.1503804E-04   3.9584782E-04  -2.2626028E-05  -1.8984024E-05   2.8774126E-05  -6.9768557E-05   1.7757398E-05   1.5534578E-04   3.8093186E-08  -1.0731525E-08   6.3037760E-07
 -3.8275213E-07   2.1261791E-06  -5.2333756E-08   1.1158320E-06  -1.8826908E-04  -2.0996152E-06  -2.2626028E-05   1.4378814E-03   2.5951370E-04   1.2060246E-04  -3.5662008E-04  -1.3053067E-04  -1.4685209E-04  -7.9333385E-08  -1.0570196E-07   1.4971575E-06
 -3.5124291E-07   1.2238652E-06  -2.8219364E-09  -1.5745846E-06  -1.3749265E-04  -8.0517050E-06  -1.8984024E-05   2.5951370E-04   8.6605578E-04   4.2170301E-05   7.4072789E-04   4.2211175E-05  -6.7595451E-04  -1.3628656E-07  -1.4730336E-07   9.2673192E-08
  6.9731905E-08  -3.6698243E-06   4.3386792E-08   7.0052088E-06   2.3999356E-04   1.1909699E-05   2.8774126E-05   1.2060246E-04   4.2170301E-05   7.0923181E-03  -3.3294353E-04   5.8174561E-04   4.5013924E-03   6.7098878E-07  -2.0180298E-08  -9.5360052E-07
 -1.4838940E-06   9.2253455E-06  -1.1294731E-06  -5.4925002E-06  -5.2832612E-04  -1.8500672E-05  -6.9768557E-05  -3.5662008E-04   7.4072789E-04  -3.3294353E-04   2.9551339E-03   5.3945027E-04  -8.9272988E-04  -7.4291349E-08  -2.2500953E-07  -1.9646022E-06
 -8.9503761E-07   6.5752934E-06  -4.4435726E-07  -7.1274261E-06   3.4586273E-04   3.5811593E-05   1.7757398E-05  -1.3053067E-04   4.2211175E-05   5.8174561E-04   5.3945027E-04   6.4644066E-03   8.1639169E-03  -5.9719740E-07   1.1693252E-07  -8.0092534E-07
 -1.7747643E-06   1.7531300E-05  -1.6123041E-06   3.6948129E-06   2.1820517E-03   2.8449156E-04   1.5534578E-04  -1.4685209E-04  -6.7595451E-04   4.5013924E-03  -8.9272988E-04   8.1639169E-03   7.3318898E-02  -2.5079231E-06   6.9669957E-07   1.5116298E-05
  1.4493075E-10  -1.1968229E-08   9.5301021E-10   1.1950791E-08   2.0819034E-06   1.3008419E-07   3.8093186E-08  -7.9333385E-08  -1.3628656E-07   6.7098878E-07  -7.4291349E-08  -5.9719740E-07  -2.5079231E-06   4.8640450E-07   1.6769399E-09  -1.2096407E-08
 -6.5159739E-10   8.8345279E-09  -2.0853767E-09  -7.8160354E-09  -2.0485186E-07   1.2279659E-07  -1.0731525E-08  -1.0570196E-07  -1.4730336E-07  -2.0180298E-08  -2.2500953E-07   1.1693252E-07   6.9669957E-07   1.6769399E-09   4.2429927E-07   2.9913556E-08
  5.6134626E-09  -7.3918450E-08   2.8334571E-08  -5.4889833E-08  -1.3192446E-05   1.2209343E-05   6.3037760E-07   1.4971575E-06   9.2673192E-08  -9.5360052E-07  -1.9646022E-06  -8.0092534E-07   1.5116298E-05  -1.2096407E-08   2.9913556E-08   6.1817142E-06
