# omegabh2 omegach2 theta tau mnu logA ns calPlanck acib217 xi asz143 aps100 aps143 aps143217 aps217 aksz kgal100 kgal143 kgal143217 kgal217 galfEE100 galfEE100143 galfEE100217 galfEE143 galfEE143217 galfEE217 galfTE100 galfTE100143 galfTE100217 galfTE143 galfTE143217 galfTE217 cal0 cal2
    0.2917539E-07   -0.1639986E-06    0.2711619E-07    0.2161406E-06   -0.1069284E-04    0.2074275E-06    0.4430717E-06    0.1834856E-07   -0.1382850E-03    0.1870691E-05    0.3015328E-04   -0.4674457E-03   -0.2807983E-03   -0.7215402E-04    0.6477659E-04   -0.5950018E-04   -0.3423053E-06   -0.4554076E-05   -0.1348750E-04    0.2016735E-04    0.8484402E-07    0.4314246E-07    0.2186593E-07    0.5114545E-07    0.8132418E-07   -0.1284565E-06   -0.2107120E-06   -0.4179790E-07   -0.7491404E-07   -0.6714007E-07   -0.4433714E-06   -0.2178433E-05    0.6156222E-08   -0.1628055E-07
   -0.1639986E-06    0.2230336E-05   -0.2316215E-06   -0.7489474E-05    0.8041192E-04   -0.1024009E-04   -0.5721235E-05   -0.1367471E-06    0.6160584E-03   -0.1702298E-04   -0.8957732E-04    0.1879572E-02    0.1508474E-02    0.5929564E-03   -0.3573577E-04    0.2772592E-03    0.1051624E-06    0.2317940E-04    0.1596369E-03    0.1949417E-03   -0.9306406E-06   -0.5961172E-06    0.1256580E-06   -0.6930723E-06   -0.3648731E-06    0.7563953E-06   -0.4881959E-06   -0.2681416E-06   -0.4409372E-06    0.7034531E-06    0.2148824E-05    0.1523021E-04   -0.1583968E-07    0.1118580E-06
    0.2711619E-07   -0.2316215E-06    0.1140305E-06    0.3008225E-06   -0.2030747E-04    0.2863302E-06    0.7324680E-06    0.3317480E-07   -0.6229100E-04    0.1628829E-05    0.1397021E-04   -0.3421554E-03   -0.2096899E-03   -0.8732955E-04    0.3649827E-05   -0.3483154E-04   -0.1492940E-05    0.1377828E-05   -0.2562019E-04   -0.3491338E-04    0.1495306E-06    0.5568427E-07   -0.5186209E-07    0.6090782E-07    0.2842432E-07    0.1641684E-06    0.3008760E-06    0.2944301E-06    0.1079480E-05    0.1282370E-07   -0.9940012E-07   -0.2560026E-05    0.1237000E-08   -0.1629418E-07
    0.2161406E-06   -0.7489474E-05    0.3008225E-06    0.2842650E-03    0.1640703E-02    0.5354875E-03    0.2353040E-04   -0.3051518E-05   -0.6347341E-02    0.1651207E-03    0.1107920E-02   -0.2270278E-01   -0.6647812E-02    0.2263182E-02    0.6244385E-02   -0.2504209E-02   -0.1429782E-03   -0.4391833E-03   -0.1103911E-02   -0.1067736E-02    0.7266695E-05    0.2912071E-05   -0.3033410E-05    0.2163186E-05   -0.3391793E-05    0.5860330E-05   -0.3695524E-04   -0.1420722E-04   -0.2507172E-04    0.1116688E-05   -0.3043816E-05   -0.3906009E-04    0.5154807E-07   -0.7939556E-06
   -0.1069284E-04    0.8041192E-04   -0.2030747E-04    0.1640703E-02    0.2690580E-01    0.3383490E-02   -0.2342269E-03    0.1046194E-04    0.1107087E-01    0.3050702E-03   -0.2444575E-02    0.3795040E-01    0.9488478E-01    0.8038833E-01    0.5410844E-01    0.5981762E-02    0.7947961E-03   -0.5562417E-02    0.1547985E-02    0.9139885E-02    0.2552910E-05   -0.4840205E-05   -0.1434280E-04   -0.1715625E-04   -0.4710816E-04    0.1423685E-03   -0.3749380E-03   -0.2031029E-03   -0.4457710E-03    0.1262448E-04    0.7220660E-04    0.8187889E-03    0.1609426E-05    0.3377830E-05
    0.2074275E-06   -0.1024009E-04    0.2863302E-06    0.5354875E-03    0.3383490E-02    0.1043518E-02    0.3271747E-04    0.5778997E-05   -0.1222705E-01    0.3508686E-03    0.2066215E-02   -0.3607021E-01   -0.7831699E-02    0.9339163E-02    0.1947249E-01   -0.5202028E-02   -0.5470162E-03   -0.1431735E-02   -0.2253154E-02    0.3170850E-04    0.1435371E-04    0.4806899E-05   -0.5450196E-05    0.3938958E-05   -0.7805412E-05    0.1128712E-04   -0.6975049E-04   -0.2834465E-04   -0.3670241E-04   -0.5242654E-06   -0.8195184E-06   -0.4091593E-04    0.3845819E-06   -0.1623632E-05
    0.4430717E-06   -0.5721235E-05    0.7324680E-06    0.2353040E-04   -0.2342269E-03    0.3271747E-04    0.2452532E-04    0.1418889E-06   -0.6227042E-02    0.1541710E-03    0.1176992E-02   -0.2657452E-01   -0.8146232E-02    0.1942523E-02    0.6460294E-02   -0.2877389E-02    0.3330356E-03   -0.1649193E-03   -0.6268237E-03    0.4639781E-03    0.5053279E-05    0.2456208E-05   -0.1638584E-06    0.2704448E-05   -0.7440784E-06   -0.1988694E-05    0.7992573E-06    0.1759992E-05    0.5813559E-05   -0.1901317E-05   -0.4837865E-05   -0.4201574E-04   -0.1198648E-06   -0.6662282E-06
    0.1834856E-07   -0.1367471E-06    0.3317480E-07   -0.3051518E-05    0.1046194E-04    0.5778997E-05    0.1418889E-06    0.6043106E-05    0.3828259E-03    0.1020841E-04    0.1317125E-04    0.3379103E-02    0.8774518E-03    0.8737818E-03    0.1861286E-02    0.3461026E-04    0.6469725E-05   -0.4685167E-04   -0.2422772E-05    0.8106528E-03    0.1468495E-05    0.3437485E-06   -0.1822825E-07    0.8154370E-06   -0.3826171E-06   -0.3876586E-06    0.8227526E-06   -0.2878137E-06    0.9341406E-05   -0.1642216E-05    0.9397077E-06    0.7823969E-05    0.4059843E-07   -0.9587019E-07
   -0.1382850E-03    0.6160584E-03   -0.6229100E-04   -0.6347341E-02    0.1107087E-01   -0.1222705E-01   -0.6227042E-02    0.3828259E-03    0.4823212E+02   -0.4622748E+00   -0.1252185E+01    0.3662706E+02   -0.6337889E-01   -0.2012406E+02   -0.6532521E+02    0.2954899E+00   -0.3638515E+00    0.3252947E+00   -0.3232968E+01   -0.2515929E+02   -0.1271460E-02   -0.8215332E-03    0.3487027E-03   -0.8787282E-03   -0.6061893E-03    0.4338054E-02   -0.1673180E-02    0.1622324E-02    0.6287920E-02    0.2517836E-02    0.3455895E-02    0.7422359E-02   -0.1579896E-03    0.4466068E-02
    0.1870691E-05   -0.1702298E-04    0.1628829E-05    0.1651207E-03    0.3050702E-03    0.3508686E-03    0.1541710E-03    0.1020841E-04   -0.4622748E+00    0.8082387E-01   -0.8024211E-01   -0.2280179E+00    0.1003913E+01    0.1751245E+01    0.7092525E+00    0.6751865E-01   -0.6077550E-02    0.7178901E-02    0.9689929E-01    0.1119633E+00    0.2007101E-04    0.1804896E-04    0.9377917E-04    0.2048497E-04   -0.4312604E-04   -0.1191114E-03    0.1298396E-03    0.5731282E-04    0.4388356E-03   -0.1881767E-03   -0.1330953E-03   -0.1273614E-03    0.5943813E-05   -0.1556170E-04
    0.3015328E-04   -0.8957732E-04    0.1397021E-04    0.1107920E-02   -0.2444575E-02    0.2066215E-02    0.1176992E-02    0.1317125E-04   -0.1252185E+01   -0.8024211E-01    0.3693805E+01   -0.2812710E+02   -0.3747308E+01    0.7234169E+01    0.6388946E+01   -0.2731235E+01   -0.1527333E+00    0.3797820E-01    0.2412793E+01    0.1943927E+01    0.7626219E-03    0.1057424E-03    0.3116291E-03    0.1959591E-03    0.5741697E-04    0.1269489E-02   -0.2043810E-02    0.1891240E-04    0.5912275E-03    0.1100194E-02    0.5052530E-03   -0.3940726E-02    0.2014376E-03   -0.3142917E-03
   -0.4674457E-03    0.1879572E-02   -0.3421554E-03   -0.2270278E-01    0.3795040E-01   -0.3607021E-01   -0.2657452E-01    0.3379103E-02    0.3662706E+02   -0.2280179E+00   -0.2812710E+02    0.7235897E+03    0.7495455E+02   -0.4440665E+02   -0.5880083E+02    0.1133822E+02   -0.1521983E+01    0.2336454E+00   -0.1234867E+02   -0.1739732E+02   -0.6136373E-02   -0.2139413E-02   -0.1820364E-03   -0.7535604E-03   -0.4189167E-02   -0.1448680E-01    0.6104452E-01   -0.6120885E-02    0.7696758E-01   -0.1051554E-01    0.2282264E-01    0.1017462E+00    0.4520595E-02    0.3616372E-02
   -0.2807983E-03    0.1508474E-02   -0.2096899E-03   -0.6647812E-02    0.9488478E-01   -0.7831699E-02   -0.8146232E-02    0.8774518E-03   -0.6337889E-01    0.1003913E+01   -0.3747308E+01    0.7495455E+02    0.6033228E+02    0.4396585E+02    0.1881282E+02   -0.5038339E+01   -0.5251164E+00   -0.7986626E+00    0.3971693E+01    0.4417503E+01   -0.1516118E-02   -0.4874067E-03    0.1156487E-04   -0.7926733E-04   -0.8600318E-03    0.3235427E-02    0.1389604E-01    0.5439187E-02    0.1201263E-01   -0.8135692E-02    0.1040087E-01    0.3944089E-01    0.2002614E-03    0.1307018E-03
   -0.7215402E-04    0.5929564E-03   -0.8732955E-04    0.2263182E-02    0.8038833E-01    0.9339163E-02    0.1942523E-02    0.8737818E-03   -0.2012406E+02    0.1751245E+01    0.7234169E+01   -0.4440665E+02    0.4396585E+02    0.9210162E+02    0.6525654E+02   -0.1233103E+02   -0.6738408E+00   -0.3331417E+00    0.4718749E+01    0.6004575E+01    0.1861859E-02    0.2561516E-03    0.1284690E-02    0.1208834E-02   -0.2348396E-02    0.3609636E-02    0.7597541E-02    0.3902234E-02    0.1578838E-01   -0.6657666E-02    0.5573897E-02    0.1787082E-01    0.7664905E-03   -0.2461883E-02
    0.6477659E-04   -0.3573577E-04    0.3649827E-05    0.6244385E-02    0.5410844E-01    0.1947249E-01    0.6460294E-02    0.1861286E-02   -0.6532521E+02    0.7092525E+00    0.6388946E+01   -0.5880083E+02    0.1881282E+02    0.6525654E+02    0.1254994E+03   -0.1080243E+02    0.4461871E-01   -0.5768387E+00    0.1145434E+01    0.2229457E+02    0.2969072E-02    0.1208006E-02   -0.9293423E-03    0.1783662E-02   -0.9032899E-03   -0.2154453E-02    0.6102259E-02    0.6608495E-04    0.6609523E-02   -0.6300729E-02    0.4850055E-02    0.1569739E-01    0.6944316E-03   -0.7769982E-02
   -0.5950018E-04    0.2772592E-03   -0.3483154E-04   -0.2504209E-02    0.5981762E-02   -0.5202028E-02   -0.2877389E-02    0.3461026E-04    0.2954899E+00    0.6751865E-01   -0.2731235E+01    0.1133822E+02   -0.5038339E+01   -0.1233103E+02   -0.1080243E+02    0.6268413E+01    0.9720296E-01   -0.9450067E-01   -0.2131664E+01   -0.1548287E+01   -0.1034158E-02   -0.3060562E-03   -0.1239333E-03   -0.4944569E-03    0.2738290E-03   -0.1182225E-02   -0.9230255E-03   -0.6611020E-03   -0.2273424E-03    0.5648474E-03   -0.2063831E-02    0.3810227E-02   -0.1691764E-03    0.1789695E-03
   -0.3423053E-06    0.1051624E-06   -0.1492940E-05   -0.1429782E-03    0.7947961E-03   -0.5470162E-03    0.3330356E-03    0.6469725E-05   -0.3638515E+00   -0.6077550E-02   -0.1527333E+00   -0.1521983E+01   -0.5251164E+00   -0.6738408E+00    0.4461871E-01    0.9720296E-01    0.3337366E+01    0.7974736E+00    0.3708456E+00    0.7221457E+00    0.1603929E-03    0.3485999E-04   -0.2703570E-05    0.1143544E-03    0.3268223E-03   -0.2357506E-03   -0.3232087E-02    0.2705320E-03   -0.1454524E-02    0.7660852E-03    0.7485793E-03    0.2553438E-02    0.4364518E-03    0.3098423E-05
   -0.4554076E-05    0.2317940E-04    0.1377828E-05   -0.4391833E-03   -0.5562417E-02   -0.1431735E-02   -0.1649193E-03   -0.4685167E-04    0.3252947E+00    0.7178901E-02    0.3797820E-01    0.2336454E+00   -0.7986626E+00   -0.3331417E+00   -0.5768387E+00   -0.9450067E-01    0.7974736E+00    0.3048622E+01    0.2302235E+01    0.1251060E+01    0.2878545E-03    0.8968544E-05   -0.5359798E-04    0.1924828E-03    0.1240270E-04    0.1399679E-02    0.1506333E-02   -0.1179557E-02    0.2391063E-02    0.1225720E-03   -0.1915486E-03   -0.1749985E-03   -0.3962544E-03   -0.2000805E-03
   -0.1348750E-04    0.1596369E-03   -0.2562019E-04   -0.1103911E-02    0.1547985E-02   -0.2253154E-02   -0.6268237E-03   -0.2422772E-05   -0.3232968E+01    0.9689929E-01    0.2412793E+01   -0.1234867E+02    0.3971693E+01    0.4718749E+01    0.1145434E+01   -0.2131664E+01    0.3708456E+00    0.2302235E+01    0.1798179E+02    0.2763285E+02    0.3345860E-03    0.1266649E-03    0.1670428E-03    0.1429384E-03    0.1443191E-02    0.2494602E-02    0.2700922E-02   -0.3926362E-03   -0.2999728E-02    0.9013408E-04   -0.2508704E-02   -0.5791140E-02   -0.3803205E-04    0.2516446E-02
    0.2016735E-04    0.1949417E-03   -0.3491338E-04   -0.1067736E-02    0.9139885E-02    0.3170850E-04    0.4639781E-03    0.8106528E-03   -0.2515929E+02    0.1119633E+00    0.1943927E+01   -0.1739732E+02    0.4417503E+01    0.6004575E+01    0.2229457E+02   -0.1548287E+01    0.7221457E+00    0.1251060E+01    0.2763285E+02    0.6271568E+02    0.2308025E-03    0.3478623E-03   -0.8415209E-03    0.4103693E-03    0.1243474E-02    0.2105942E-02    0.5865382E-02   -0.2172265E-02   -0.1048658E-01   -0.1675584E-02   -0.5503859E-02   -0.1095150E-01   -0.2423295E-04    0.4419915E-02
    0.8484402E-07   -0.9306406E-06    0.1495306E-06    0.7266695E-05    0.2552910E-05    0.1435371E-04    0.5053279E-05    0.1468495E-05   -0.1271460E-02    0.2007101E-04    0.7626219E-03   -0.6136373E-02   -0.1516118E-02    0.1861859E-02    0.2969072E-02   -0.1034158E-02    0.1603929E-03    0.2878545E-03    0.3345860E-03    0.2308025E-03    0.1260782E-03    0.1061952E-04   -0.1609056E-05    0.2354301E-05   -0.3940837E-06   -0.9148023E-06   -0.3010642E-04   -0.6434371E-05   -0.1182886E-04    0.7880489E-05    0.3733601E-05    0.2212094E-05   -0.7029742E-07   -0.4072231E-06
    0.4314246E-07   -0.5961172E-06    0.5568427E-07    0.2912071E-05   -0.4840205E-05    0.4806899E-05    0.2456208E-05    0.3437485E-06   -0.8215332E-03    0.1804896E-04    0.1057424E-03   -0.2139413E-02   -0.4874067E-03    0.2561516E-03    0.1208006E-02   -0.3060562E-03    0.3485999E-04    0.8968544E-05    0.1266649E-03    0.3478623E-03    0.1061952E-04    0.1378733E-04   -0.2262265E-06    0.6494443E-05   -0.1107741E-05   -0.1042967E-05   -0.1134413E-05   -0.1789154E-05   -0.1519733E-04    0.7106055E-06    0.4787200E-06   -0.1332491E-04   -0.8828574E-08   -0.1038960E-06
    0.2186593E-07    0.1256580E-06   -0.5186209E-07   -0.3033410E-05   -0.1434280E-04   -0.5450196E-05   -0.1638584E-06   -0.1822825E-07    0.3487027E-03    0.9377917E-04    0.3116291E-03   -0.1820364E-03    0.1156487E-04    0.1284690E-02   -0.9293423E-03   -0.1239333E-03   -0.2703570E-05   -0.5359798E-04    0.1670428E-03   -0.8415209E-03   -0.1609056E-05   -0.2262265E-06    0.2242308E-03   -0.1497832E-05    0.1045684E-05   -0.1283393E-04   -0.1641910E-05   -0.9010347E-06   -0.2391147E-04    0.2933792E-05    0.2055140E-04    0.2152528E-04    0.4804524E-07   -0.2819197E-07
    0.5114545E-07   -0.6930723E-06    0.6090782E-07    0.2163186E-05   -0.1715625E-04    0.3938958E-05    0.2704448E-05    0.8154370E-06   -0.8787282E-03    0.2048497E-04    0.1959591E-03   -0.7535604E-03   -0.7926733E-04    0.1208834E-02    0.1783662E-02   -0.4944569E-03    0.1143544E-03    0.1924828E-03    0.1429384E-03    0.4103693E-03    0.2354301E-05    0.6494443E-05   -0.1497832E-05    0.3121080E-04   -0.7998857E-06    0.2524535E-05   -0.5697453E-05   -0.4030683E-05   -0.1431744E-04   -0.2881997E-05   -0.1392050E-05   -0.1597982E-04   -0.2659761E-07   -0.2193126E-06
    0.8132418E-07   -0.3648731E-06    0.2842432E-07   -0.3391793E-05   -0.4710816E-04   -0.7805412E-05   -0.7440784E-06   -0.3826171E-06   -0.6061893E-03   -0.4312604E-04    0.5741697E-04   -0.4189167E-02   -0.8600318E-03   -0.2348396E-02   -0.9032899E-03    0.2738290E-03    0.3268223E-03    0.1240270E-04    0.1443191E-02    0.1243474E-02   -0.3940837E-06   -0.1107741E-05    0.1045684E-05   -0.7998857E-06    0.4070638E-03    0.2081815E-04   -0.1886187E-04   -0.1452171E-04    0.6895974E-05   -0.1773928E-04   -0.7600574E-06   -0.1435127E-04    0.1308689E-06   -0.2822608E-06
   -0.1284565E-06    0.7563953E-06    0.1641684E-06    0.5860330E-05    0.1423685E-03    0.1128712E-04   -0.1988694E-05   -0.3876586E-06    0.4338054E-02   -0.1191114E-03    0.1269489E-02   -0.1448680E-01    0.3235427E-02    0.3609636E-02   -0.2154453E-02   -0.1182225E-02   -0.2357506E-03    0.1399679E-02    0.2494602E-02    0.2105942E-02   -0.9148023E-06   -0.1042967E-05   -0.1283393E-04    0.2524535E-05    0.2081815E-04    0.3510742E-02   -0.1948488E-04   -0.1867308E-04    0.8898889E-04    0.1847881E-04   -0.3033407E-04   -0.2802558E-04   -0.4124921E-06   -0.3349207E-06
   -0.2107120E-06   -0.4881959E-06    0.3008760E-06   -0.3695524E-04   -0.3749380E-03   -0.6975049E-04    0.7992573E-06    0.8227526E-06   -0.1673180E-02    0.1298396E-03   -0.2043810E-02    0.6104452E-01    0.1389604E-01    0.7597541E-02    0.6102259E-02   -0.9230255E-03   -0.3232087E-02    0.1506333E-02    0.2700922E-02    0.5865382E-02   -0.3010642E-04   -0.1134413E-05   -0.1641910E-05   -0.5697453E-05   -0.1886187E-04   -0.1948488E-04    0.5736823E-02    0.1827588E-02    0.2131763E-02   -0.6786304E-03   -0.1316565E-03   -0.9186136E-04    0.2044174E-05    0.9008631E-06
   -0.4179790E-07   -0.2681416E-06    0.2944301E-06   -0.1420722E-04   -0.2031029E-03   -0.2834465E-04    0.1759992E-05   -0.2878137E-06    0.1622324E-02    0.5731282E-04    0.1891240E-04   -0.6120885E-02    0.5439187E-02    0.3902234E-02    0.6608495E-04   -0.6611020E-03    0.2705320E-03   -0.1179557E-02   -0.3926362E-03   -0.2172265E-02   -0.6434371E-05   -0.1789154E-05   -0.9010347E-06   -0.4030683E-05   -0.1452171E-04   -0.1867308E-04    0.1827588E-02    0.1242273E-02    0.9028603E-03    0.2234818E-03    0.3153965E-05   -0.1787960E-03   -0.2952468E-06   -0.1575433E-06
   -0.7491404E-07   -0.4409372E-06    0.1079480E-05   -0.2507172E-04   -0.4457710E-03   -0.3670241E-04    0.5813559E-05    0.9341406E-05    0.6287920E-02    0.4388356E-03    0.5912275E-03    0.7696758E-01    0.1201263E-01    0.1578838E-01    0.6609523E-02   -0.2273424E-03   -0.1454524E-02    0.2391063E-02   -0.2999728E-02   -0.1048658E-01   -0.1182886E-04   -0.1519733E-04   -0.2391147E-04   -0.1431744E-04    0.6895974E-05    0.8898889E-04    0.2131763E-02    0.9028603E-03    0.3384665E-01   -0.7228712E-03    0.1527921E-02    0.1137686E-01   -0.1877805E-05   -0.8198641E-06
   -0.6714007E-07    0.7034531E-06    0.1282370E-07    0.1116688E-05    0.1262448E-04   -0.5242654E-06   -0.1901317E-05   -0.1642216E-05    0.2517836E-02   -0.1881767E-03    0.1100194E-02   -0.1051554E-01   -0.8135692E-02   -0.6657666E-02   -0.6300729E-02    0.5648474E-03    0.7660852E-03    0.1225720E-03    0.9013408E-04   -0.1675584E-02    0.7880489E-05    0.7106055E-06    0.2933792E-05   -0.2881997E-05   -0.1773928E-04    0.1847881E-04   -0.6786304E-03    0.2234818E-03   -0.7228712E-03    0.1417078E-02    0.1443769E-03   -0.4150179E-03    0.6221702E-07   -0.4727951E-06
   -0.4433714E-06    0.2148824E-05   -0.9940012E-07   -0.3043816E-05    0.7220660E-04   -0.8195184E-06   -0.4837865E-05    0.9397077E-06    0.3455895E-02   -0.1330953E-03    0.5052530E-03    0.2282264E-01    0.1040087E-01    0.5573897E-02    0.4850055E-02   -0.2063831E-02    0.7485793E-03   -0.1915486E-03   -0.2508704E-02   -0.5503859E-02    0.3733601E-05    0.4787200E-06    0.2055140E-04   -0.1392050E-05   -0.7600574E-06   -0.3033407E-04   -0.1316565E-03    0.3153965E-05    0.1527921E-02    0.1443769E-03    0.5047110E-02    0.4087579E-02    0.8686058E-07   -0.2797534E-06
   -0.2178433E-05    0.1523021E-04   -0.2560026E-05   -0.3906009E-04    0.8187889E-03   -0.4091593E-04   -0.4201574E-04    0.7823969E-05    0.7422359E-02   -0.1273614E-03   -0.3940726E-02    0.1017462E+00    0.3944089E-01    0.1787082E-01    0.1569739E-01    0.3810227E-02    0.2553438E-02   -0.1749985E-03   -0.5791140E-02   -0.1095150E-01    0.2212094E-05   -0.1332491E-04    0.2152528E-04   -0.1597982E-04   -0.1435127E-04   -0.2802558E-04   -0.9186136E-04   -0.1787960E-03    0.1137686E-01   -0.4150179E-03    0.4087579E-02    0.3499485E-01   -0.4082800E-07   -0.2813326E-05
    0.6156222E-08   -0.1583968E-07    0.1237000E-08    0.5154807E-07    0.1609426E-05    0.3845819E-06   -0.1198648E-06    0.4059843E-07   -0.1579896E-03    0.5943813E-05    0.2014376E-03    0.4520595E-02    0.2002614E-03    0.7664905E-03    0.6944316E-03   -0.1691764E-03    0.4364518E-03   -0.3962544E-03   -0.3803205E-04   -0.2423295E-04   -0.7029742E-07   -0.8828574E-08    0.4804524E-07   -0.2659761E-07    0.1308689E-06   -0.4124921E-06    0.2044174E-05   -0.2952468E-06   -0.1877805E-05    0.6221702E-07    0.8686058E-07   -0.4082800E-07    0.5275996E-06    0.1686314E-07
   -0.1628055E-07    0.1118580E-06   -0.1629418E-07   -0.7939556E-06    0.3377830E-05   -0.1623632E-05   -0.6662282E-06   -0.9587019E-07    0.4466068E-02   -0.1556170E-04   -0.3142917E-03    0.3616372E-02    0.1307018E-03   -0.2461883E-02   -0.7769982E-02    0.1789695E-03    0.3098423E-05   -0.2000805E-03    0.2516446E-02    0.4419915E-02   -0.4072231E-06   -0.1038960E-06   -0.2819197E-07   -0.2193126E-06   -0.2822608E-06   -0.3349207E-06    0.9008631E-06   -0.1575433E-06   -0.8198641E-06   -0.4727951E-06   -0.2797534E-06   -0.2813326E-05    0.1686314E-07    0.2104555E-05
