# omegabh2 omegach2 theta tau ns nrun logA aps100 aps143 aps217 acib143 acib217 asz143 psr cibr ncib cal0 cal2 xi aksz bm_1_1 bm_1_2 bm_1_3 bm_1_4 bm_1_5 bm_2_1 bm_2_2 bm_2_3 bm_2_4 bm_2_5 bm_3_1 bm_3_2 bm_3_3 bm_3_4 bm_3_5 bm_4_1 bm_4_2 bm_4_3 bm_4_4 bm_4_5
    0.96055E-07   -0.44107E-06    0.90180E-07    0.19959E-05    0.11287E-05   -0.10615E-05    0.33543E-05   -0.41594E-03   -0.58595E-03   -0.28794E-03   -0.30651E-04   -0.11120E-03    0.32612E-04   -0.11161E-05   -0.71537E-07   -0.23734E-05    0.43494E-10   -0.53671E-08    0.18381E-05    0.22570E-05   -0.60796E-05   -0.89736E-05   -0.41812E-05    0.39986E-07   -0.29952E-05    0.11664E-05   -0.17862E-05    0.64221E-05   -0.99315E-06   -0.38529E-05   -0.12732E-05    0.19278E-05    0.41676E-05   -0.16253E-05   -0.20673E-05   -0.18296E-05    0.53877E-05    0.13910E-06   -0.22287E-05    0.28054E-05
   -0.44107E-06    0.75410E-05   -0.79010E-06   -0.12319E-04   -0.17711E-04   -0.19099E-05   -0.62742E-05    0.52294E-02    0.38092E-02    0.11219E-02    0.62428E-03    0.12287E-02   -0.17489E-03    0.84791E-05    0.56825E-05    0.20400E-04   -0.32306E-07    0.72999E-07   -0.15729E-04    0.15995E-04    0.14501E-03   -0.27278E-05   -0.21974E-05    0.32882E-04    0.27034E-04    0.14957E-04    0.18255E-04   -0.52853E-04   -0.57341E-05    0.14212E-04   -0.11216E-04   -0.16134E-04   -0.52371E-04   -0.31112E-07   -0.45182E-04    0.18613E-04   -0.39365E-04    0.49045E-05    0.21400E-04    0.17234E-05
    0.90180E-07   -0.79010E-06    0.40536E-06    0.21436E-05    0.23510E-05   -0.23006E-06    0.27608E-05   -0.37659E-03   -0.46100E-03   -0.29919E-03   -0.27468E-04   -0.76442E-04    0.34819E-04   -0.81969E-06    0.10449E-05   -0.20777E-05    0.21322E-10   -0.79337E-08    0.19439E-05    0.14291E-04   -0.16554E-04    0.58780E-05   -0.56339E-05   -0.82465E-05    0.22410E-06   -0.10405E-04    0.39484E-05    0.12608E-04    0.29784E-05   -0.13797E-04    0.34617E-05   -0.33012E-05    0.72615E-05   -0.57256E-05   -0.41954E-05   -0.10496E-04    0.11495E-04    0.25797E-05   -0.57376E-06   -0.34181E-05
    0.19959E-05   -0.12319E-04    0.21436E-05    0.23700E-03    0.37718E-04   -0.52430E-04    0.45689E-03   -0.28485E-01    0.53292E-03    0.29566E-02   -0.43506E-02   -0.45996E-02   -0.57661E-04    0.69528E-05   -0.12221E-03   -0.16464E-04    0.52371E-07   -0.12425E-06    0.65357E-04   -0.51620E-03    0.15533E-03   -0.74652E-04    0.14493E-03    0.92086E-04   -0.21507E-03    0.11437E-03    0.29171E-04    0.24253E-03   -0.33309E-05   -0.35049E-03    0.48711E-04    0.13175E-03    0.43062E-03    0.13051E-04   -0.64334E-04   -0.81362E-05    0.40168E-03    0.72245E-04    0.28888E-04    0.99155E-04
    0.11287E-05   -0.17711E-04    0.23510E-05    0.37718E-04    0.67876E-04    0.22503E-04    0.29279E-04   -0.10268E+00   -0.38323E-02    0.19146E-01   -0.14050E-01   -0.16207E-01   -0.61075E-03    0.62737E-04   -0.38663E-03   -0.27839E-04    0.43558E-07   -0.48092E-06    0.13347E-03   -0.32320E-02   -0.96139E-04    0.58661E-04   -0.21527E-04   -0.14152E-03   -0.78092E-05    0.30684E-03    0.18547E-03   -0.28997E-04   -0.13549E-03   -0.53551E-04   -0.13892E-03    0.57498E-04    0.11392E-03    0.64480E-04    0.12895E-03    0.11682E-03    0.12959E-03    0.14006E-03    0.13202E-04   -0.15702E-03
   -0.10615E-05   -0.19099E-05   -0.23006E-06   -0.52430E-04    0.22503E-04    0.91063E-04   -0.12820E-03   -0.92375E-01   -0.16140E-02    0.21826E-01   -0.12923E-01   -0.15602E-01   -0.67756E-03    0.75857E-04   -0.35993E-03   -0.20883E-04    0.15462E-07   -0.74787E-06    0.13504E-03   -0.34046E-02   -0.26663E-03    0.15521E-03   -0.35099E-06   -0.68370E-04    0.12666E-04    0.17547E-03    0.13040E-03   -0.20262E-03   -0.20641E-03    0.11475E-03   -0.22854E-03   -0.58421E-04   -0.70043E-04    0.81683E-04    0.16046E-03    0.28885E-04   -0.10298E-03    0.10026E-04   -0.43360E-04   -0.32043E-03
    0.33543E-05   -0.62742E-05    0.27608E-05    0.45689E-03    0.29279E-04   -0.12820E-03    0.93620E-03   -0.54955E-01    0.19291E-01    0.15238E-01   -0.10086E-01   -0.77891E-02   -0.17480E-02    0.63774E-04   -0.34661E-03    0.66752E-04    0.98433E-07    0.17092E-06    0.10924E-03   -0.16826E-02    0.14499E-02    0.34965E-04    0.30164E-03    0.32201E-03   -0.30698E-03    0.57162E-03    0.19569E-03    0.36554E-03   -0.29584E-04   -0.79047E-03    0.95570E-04    0.32094E-03    0.67531E-03   -0.69223E-04   -0.31824E-03    0.24270E-03    0.88620E-03    0.20669E-03    0.18647E-03    0.23043E-03
   -0.41594E-03    0.52294E-02   -0.37659E-03   -0.28485E-01   -0.10268E+00   -0.92375E-01   -0.54955E-01    0.28746E+04    0.18406E+02   -0.19632E+03    0.14280E+03    0.12928E+03   -0.67426E+02   -0.13049E+01    0.95684E+00    0.91583E+00    0.42045E-03    0.38772E-03   -0.49918E+00   -0.16318E+02    0.10052E+02   -0.11153E+02    0.25088E+00    0.14564E+01   -0.74179E+00   -0.89141E+00   -0.62824E+01   -0.11926E+00    0.64407E+00   -0.71035E+00    0.15635E+01   -0.18728E+00    0.31321E+00   -0.10112E+01   -0.41926E+01    0.99221E+00   -0.17554E+01   -0.35726E+01   -0.68698E+00    0.38477E+01
   -0.58595E-03    0.38092E-02   -0.46100E-03    0.53292E-03   -0.38323E-02   -0.16140E-02    0.19291E-01    0.18406E+02    0.20237E+03    0.65280E+02   -0.38500E+02   -0.15068E+02   -0.82155E+01   -0.19726E+00   -0.22358E+00   -0.16182E+00    0.19741E-03    0.30859E-02    0.13670E+01   -0.12932E+02    0.14674E+01    0.73377E+00    0.25470E+00    0.11216E+00    0.15477E+00   -0.17483E+01   -0.59366E+00   -0.14356E+00   -0.22726E+00   -0.48788E+00    0.12444E+01    0.23923E+00    0.32498E+00   -0.24805E+00    0.13585E-01   -0.45729E+00   -0.24074E+00   -0.31731E+00    0.51532E+00   -0.27653E+00
   -0.28794E-03    0.11219E-02   -0.29919E-03    0.29566E-02    0.19146E-01    0.21826E-01    0.15238E-01   -0.19632E+03    0.65280E+02    0.22225E+03   -0.41579E+02   -0.81319E+02    0.23422E+01    0.35755E-01   -0.10322E+01   -0.94818E+00    0.15317E-03   -0.43888E-02    0.33668E+00   -0.10395E+02    0.17443E+01    0.12503E+01    0.15052E-01   -0.14334E+00    0.40491E+00    0.13153E+01    0.56724E+00   -0.34115E+00   -0.64662E+00    0.37418E+00   -0.13234E+01    0.72381E+00   -0.34006E+00    0.58609E+00    0.57508E+00    0.14935E+00    0.15539E+00    0.40014E+00    0.13485E+00   -0.64495E+00
   -0.30651E-04    0.62428E-03   -0.27468E-04   -0.43506E-02   -0.14050E-01   -0.12923E-01   -0.10086E-01    0.14280E+03   -0.38500E+02   -0.41579E+02    0.30338E+02    0.22586E+02   -0.18978E+01   -0.15728E-01    0.28258E+00    0.20079E+00   -0.13737E-03   -0.86850E-03    0.19091E-01   -0.80915E+00   -0.10634E+01   -0.69887E+00   -0.10258E+00    0.88077E-01   -0.14585E+00    0.68757E+00    0.70302E-01    0.11062E+00    0.25443E+00    0.55660E-01   -0.27076E+00   -0.18849E+00   -0.11412E+00   -0.18384E-01   -0.89554E-01    0.30438E+00    0.17003E+00   -0.30184E-01   -0.17540E+00    0.31242E+00
   -0.11120E-03    0.12287E-02   -0.76442E-04   -0.45996E-02   -0.16207E-01   -0.15602E-01   -0.77891E-02    0.12928E+03   -0.15068E+02   -0.81319E+02    0.22586E+02    0.40062E+02   -0.13034E+01    0.34145E-01    0.46089E+00    0.49751E+00   -0.60306E-04    0.18877E-02   -0.21004E+00   -0.13493E+01   -0.68753E+00   -0.59698E+00    0.62489E-02    0.74606E-01   -0.20243E+00   -0.53375E+00   -0.20010E+00    0.11177E+00    0.41220E+00   -0.24920E+00    0.50545E+00   -0.50919E+00    0.86227E-01   -0.38517E+00   -0.31106E+00   -0.89572E-01   -0.84390E-01   -0.16431E+00    0.11713E-01    0.42924E+00
    0.32612E-04   -0.17489E-03    0.34819E-04   -0.57661E-04   -0.61075E-03   -0.67756E-03   -0.17480E-02   -0.67426E+02   -0.82155E+01    0.23422E+01   -0.18978E+01   -0.13034E+01    0.79861E+01    0.44056E-01    0.27153E+00   -0.13370E+00    0.23936E-04    0.82453E-04   -0.37925E-01   -0.15797E+00    0.14664E+00    0.11772E+00    0.26594E-02   -0.63988E-01   -0.38948E-02   -0.91034E-01    0.36988E-01   -0.35749E-01   -0.54184E-01   -0.79580E-02   -0.29751E-01    0.24622E-01   -0.18118E-01   -0.15116E-01    0.13222E-01   -0.76053E-01   -0.53614E-01    0.35310E-01    0.12304E-01   -0.10929E-01
   -0.11161E-05    0.84791E-05   -0.81969E-06    0.69528E-05    0.62737E-04    0.75857E-04    0.63774E-04   -0.13049E+01   -0.19726E+00    0.35755E-01   -0.15728E-01    0.34145E-01    0.44056E-01    0.80303E-02   -0.67435E-02    0.75974E-02    0.71227E-06   -0.30190E-04    0.33605E-02   -0.15239E-01    0.10507E-01    0.55911E-02    0.12225E-02   -0.36263E-03   -0.12218E-02    0.61012E-02    0.98427E-03   -0.13932E-02   -0.44270E-02   -0.79470E-03   -0.11083E-01   -0.35249E-03   -0.92659E-03   -0.26512E-02    0.74859E-03   -0.22702E-02   -0.71195E-03   -0.31341E-02   -0.39992E-02   -0.31322E-02
   -0.71537E-07    0.56825E-05    0.10449E-05   -0.12221E-03   -0.38663E-03   -0.35993E-03   -0.34661E-03    0.95684E+00   -0.22358E+00   -0.10322E+01    0.28258E+00    0.46089E+00    0.27153E+00   -0.67435E-02    0.39491E-01   -0.11913E-01   -0.88194E-06    0.88391E-04   -0.37531E-03   -0.27069E-01   -0.19296E-01   -0.10267E-01   -0.18163E-02    0.79998E-03   -0.12696E-02   -0.24191E-01   -0.10155E-01    0.42584E-02    0.40934E-02    0.25472E-02    0.28576E-01    0.26634E-02    0.75063E-02    0.96766E-03   -0.14494E-02    0.97449E-03   -0.32996E-02    0.19781E-03    0.29617E-02    0.50476E-02
   -0.23734E-05    0.20400E-04   -0.20777E-05   -0.16464E-04   -0.27839E-04   -0.20883E-04    0.66752E-04    0.91583E+00   -0.16182E+00   -0.94818E+00    0.20079E+00    0.49751E+00   -0.13370E+00    0.75974E-02   -0.11913E-01    0.20462E-01    0.73092E-06   -0.26284E-04   -0.20563E-02   -0.54551E-02    0.85589E-02   -0.75376E-02   -0.37032E-03   -0.78974E-03   -0.38028E-02    0.39028E-02    0.35741E-02   -0.47571E-02    0.10482E-01   -0.10869E-01   -0.13559E-01   -0.18417E-01   -0.55109E-03   -0.14259E-01   -0.88108E-02   -0.65454E-02   -0.18449E-02   -0.25309E-02    0.44610E-02    0.12632E-01
    0.43494E-10   -0.32306E-07    0.21322E-10    0.52371E-07    0.43558E-07    0.15462E-07    0.98433E-07    0.42045E-03    0.19741E-03    0.15317E-03   -0.13737E-03   -0.60306E-04    0.23936E-04    0.71227E-06   -0.88194E-06    0.73092E-06    0.15621E-06    0.78121E-08   -0.92913E-06    0.24391E-05   -0.23894E-04   -0.14882E-04   -0.49060E-05   -0.10709E-05    0.50425E-05    0.59479E-05    0.17891E-05   -0.65201E-06    0.24004E-05    0.44579E-05    0.29905E-05   -0.20182E-05   -0.43320E-05   -0.64185E-05    0.16161E-05    0.75472E-05   -0.18379E-05    0.12778E-05   -0.12609E-05    0.50763E-05
   -0.53671E-08    0.72999E-07   -0.79337E-08   -0.12425E-06   -0.48092E-06   -0.74787E-06    0.17092E-06    0.38772E-03    0.30859E-02   -0.43888E-02   -0.86850E-03    0.18877E-02    0.82453E-04   -0.30190E-04    0.88391E-04   -0.26284E-04    0.78121E-08    0.16975E-05   -0.10980E-04   -0.80492E-04    0.78764E-04    0.34518E-04   -0.12441E-04   -0.16591E-04    0.94942E-05    0.21167E-03   -0.64785E-05    0.18000E-04    0.45614E-04    0.28214E-04   -0.20400E-03   -0.31354E-05   -0.45106E-04    0.12199E-04   -0.41905E-04    0.17734E-04    0.39932E-04   -0.35382E-04   -0.40007E-04    0.44939E-04
    0.18381E-05   -0.15729E-04    0.19439E-05    0.65357E-04    0.13347E-03    0.13504E-03    0.10924E-03   -0.49918E+00    0.13670E+01    0.33668E+00    0.19091E-01   -0.21004E+00   -0.37925E-01    0.33605E-02   -0.37531E-03   -0.20563E-02   -0.92913E-06   -0.10980E-04    0.82193E-01    0.63456E-02    0.57621E-02    0.13950E-03   -0.77540E-03    0.12749E-02    0.43197E-04    0.17115E-02    0.17629E-02   -0.14720E-02   -0.40416E-02   -0.15626E-02    0.34301E-02    0.21216E-02    0.23349E-02    0.61637E-03    0.23988E-04    0.33404E-02    0.22230E-02    0.24020E-02    0.18007E-02   -0.45794E-02
    0.22570E-05    0.15995E-04    0.14291E-04   -0.51620E-03   -0.32320E-02   -0.34046E-02   -0.16826E-02   -0.16318E+02   -0.12932E+02   -0.10395E+02   -0.80915E+00   -0.13493E+01   -0.15797E+00   -0.15239E-01   -0.27069E-01   -0.54551E-02    0.24391E-05   -0.80492E-04    0.63456E-02    0.82990E+01    0.11561E-01    0.27481E-01   -0.24021E-01   -0.17859E-01    0.32629E-01    0.18393E-01   -0.37916E-01    0.34855E-01    0.39314E-01    0.13821E-01   -0.12014E-01   -0.13177E-01    0.78494E-03    0.75977E-02   -0.10740E-02   -0.95820E-04    0.15361E-01   -0.40002E-01   -0.24523E-01    0.15925E-01
   -0.60796E-05    0.14501E-03   -0.16554E-04    0.15533E-03   -0.96139E-04   -0.26663E-03    0.14499E-02    0.10052E+02    0.14674E+01    0.17443E+01   -0.10634E+01   -0.68753E+00    0.14664E+00    0.10507E-01   -0.19296E-01    0.85589E-02   -0.23894E-04    0.78764E-04    0.57621E-02    0.11561E-01    0.72686E+00   -0.12130E+00    0.68998E-03    0.12079E-01    0.79824E-02    0.18880E+00   -0.51224E-01   -0.46015E-01   -0.26531E-01   -0.69452E-01    0.10891E-01    0.41654E-01   -0.32287E-01   -0.54144E-01   -0.12509E+00    0.15598E+00    0.32712E-01   -0.22363E-01    0.32644E-01    0.67664E-01
   -0.89736E-05   -0.27278E-05    0.58780E-05   -0.74652E-04    0.58661E-04    0.15521E-03    0.34965E-04   -0.11153E+02    0.73377E+00    0.12503E+01   -0.69887E+00   -0.59698E+00    0.11772E+00    0.55911E-02   -0.10267E-01   -0.75376E-02   -0.14882E-04    0.34518E-04    0.13950E-03    0.27481E-01   -0.12130E+00    0.94231E+00    0.27865E-02   -0.24812E-02    0.47845E-02   -0.15523E+00    0.18945E+00    0.74524E-01   -0.32850E-01    0.34906E-01   -0.11537E+00    0.93840E-02    0.17742E-01    0.92739E-02    0.17577E+00   -0.22826E+00    0.50496E-01    0.10415E+00   -0.29882E-02   -0.23798E+00
   -0.41812E-05   -0.21974E-05   -0.56339E-05    0.14493E-03   -0.21527E-04   -0.35099E-06    0.30164E-03    0.25088E+00    0.25470E+00    0.15052E-01   -0.10258E+00    0.62489E-02    0.26594E-02    0.12225E-02   -0.18163E-02   -0.37032E-03   -0.49060E-05   -0.12441E-04   -0.77540E-03   -0.24021E-01    0.68998E-03    0.27865E-02    0.96868E+00    0.73309E-02   -0.53260E-02   -0.51804E-01   -0.39770E-01    0.15126E+00   -0.25879E-01    0.66804E-01   -0.54809E-03    0.27795E-01   -0.13419E-01   -0.20363E-01    0.10153E+00   -0.52631E-01    0.20853E-01    0.48186E-03   -0.17236E+00    0.74010E-01
    0.39986E-07    0.32882E-04   -0.82465E-05    0.92086E-04   -0.14152E-03   -0.68370E-04    0.32201E-03    0.14564E+01    0.11216E+00   -0.14334E+00    0.88077E-01    0.74606E-01   -0.63988E-01   -0.36263E-03    0.79998E-03   -0.78974E-03   -0.10709E-05   -0.16591E-04    0.12749E-02   -0.17859E-01    0.12079E-01   -0.24812E-02    0.73309E-02    0.98875E+00   -0.84039E-03    0.55347E-01   -0.72211E-01    0.79377E-01   -0.10119E+00    0.55508E-01    0.71149E-01    0.11195E+00    0.41619E-01    0.14680E+00   -0.10493E+00    0.86150E-01    0.44388E-01    0.10280E-01   -0.12067E+00    0.51186E-01
   -0.29952E-05    0.27034E-04    0.22410E-06   -0.21507E-03   -0.78092E-05    0.12666E-04   -0.30698E-03   -0.74179E+00    0.15477E+00    0.40491E+00   -0.14585E+00   -0.20243E+00   -0.38948E-02   -0.12218E-02   -0.12696E-02   -0.38028E-02    0.50425E-05    0.94942E-05    0.43197E-04    0.32629E-01    0.79824E-02    0.47845E-02   -0.53260E-02   -0.84039E-03    0.97806E+00    0.23311E-01    0.51464E-01   -0.45123E-01    0.45377E-01    0.72714E-01    0.59334E-01   -0.78001E-01   -0.75798E-01    0.75588E-01    0.47891E-01    0.79990E-01   -0.76020E-01    0.91554E-01   -0.16194E-01   -0.10776E-03
    0.11664E-05    0.14957E-04   -0.10405E-04    0.11437E-03    0.30684E-03    0.17547E-03    0.57162E-03   -0.89141E+00   -0.17483E+01    0.13153E+01    0.68757E+00   -0.53375E+00   -0.91034E-01    0.61012E-02   -0.24191E-01    0.39028E-02    0.59479E-05    0.21167E-03    0.17115E-02    0.18393E-01    0.18880E+00   -0.15523E+00   -0.51804E-01    0.55347E-01    0.23311E-01    0.86827E+00   -0.12955E-01   -0.10992E-01   -0.32465E-01   -0.20127E-01    0.21122E-01    0.13926E+00   -0.10640E+00    0.34061E-01   -0.49304E-01    0.65532E+00    0.24859E+00   -0.60507E-01   -0.45028E-01    0.79074E-01
   -0.17862E-05    0.18255E-04    0.39484E-05    0.29171E-04    0.18547E-03    0.13040E-03    0.19569E-03   -0.62824E+01   -0.59366E+00    0.56724E+00    0.70302E-01   -0.20010E+00    0.36988E-01    0.98427E-03   -0.10155E-01    0.35741E-02    0.17891E-05   -0.64785E-05    0.17629E-02   -0.37916E-01   -0.51224E-01    0.18945E+00   -0.39770E-01   -0.72211E-01    0.51464E-01   -0.12955E-01    0.97437E+00    0.18991E-01   -0.96946E-02    0.18664E-02    0.58277E-01   -0.11985E-01   -0.58906E-01   -0.31984E-02    0.13797E+00   -0.72641E-01    0.25530E+00    0.76357E+00    0.27062E+00   -0.19735E+00
    0.64221E-05   -0.52853E-04    0.12608E-04    0.24253E-03   -0.28997E-04   -0.20262E-03    0.36554E-03   -0.11926E+00   -0.14356E+00   -0.34115E+00    0.11062E+00    0.11177E+00   -0.35749E-01   -0.13932E-02    0.42584E-02   -0.47571E-02   -0.65201E-06    0.18000E-04   -0.14720E-02    0.34855E-01   -0.46015E-01    0.74524E-01    0.15126E+00    0.79377E-01   -0.45123E-01   -0.10992E-01    0.18991E-01    0.98065E+00   -0.87669E-02   -0.33866E-02    0.76359E-01   -0.45677E-01    0.12784E+00    0.16364E+00   -0.12916E+00   -0.20159E+00    0.62809E+00    0.15085E+00   -0.60603E+00    0.17161E+00
   -0.99315E-06   -0.57341E-05    0.29784E-05   -0.33309E-05   -0.13549E-03   -0.20641E-03   -0.29584E-04    0.64407E+00   -0.22726E+00   -0.64662E+00    0.25443E+00    0.41220E+00   -0.54184E-01   -0.44270E-02    0.40934E-02    0.10482E-01    0.24004E-05    0.45614E-04   -0.40416E-02    0.39314E-01   -0.26531E-01   -0.32850E-01   -0.25879E-01   -0.10119E+00    0.45377E-01   -0.32465E-01   -0.96946E-02   -0.87669E-02    0.10004E+01    0.26356E-02   -0.29881E-01   -0.95417E-01   -0.14850E+00   -0.40553E-01   -0.98731E-01   -0.92140E-01    0.58646E-01   -0.57981E-01    0.30401E+00    0.67895E+00
   -0.38529E-05    0.14212E-04   -0.13797E-04   -0.35049E-03   -0.53551E-04    0.11475E-03   -0.79047E-03   -0.71035E+00   -0.48788E+00    0.37418E+00    0.55660E-01   -0.24920E+00   -0.79580E-02   -0.79470E-03    0.25472E-02   -0.10869E-01    0.44579E-05    0.28214E-04   -0.15626E-02    0.13821E-01   -0.69452E-01    0.34906E-01    0.66804E-01    0.55508E-01    0.72714E-01   -0.20127E-01    0.18664E-02   -0.33866E-02    0.26356E-02    0.10058E+01   -0.76056E-01    0.81127E-01    0.32735E-01    0.16529E+00    0.41060E-02    0.10242E+00   -0.57253E+00    0.39438E+00   -0.34579E+00    0.22382E+00
   -0.12732E-05   -0.11216E-04    0.34617E-05    0.48711E-04   -0.13892E-03   -0.22854E-03    0.95570E-04    0.15635E+01    0.12444E+01   -0.13234E+01   -0.27076E+00    0.50545E+00   -0.29751E-01   -0.11083E-01    0.28576E-01   -0.13559E-01    0.29905E-05   -0.20400E-03    0.34301E-02   -0.12014E-01    0.10891E-01   -0.11537E+00   -0.54809E-03    0.71149E-01    0.59334E-01    0.21122E-01    0.58277E-01    0.76359E-01   -0.29881E-01   -0.76056E-01    0.90739E+00    0.49616E-02   -0.14832E-01   -0.15967E-02    0.17297E-02    0.58728E+00    0.17791E+00    0.13051E+00    0.64116E-01   -0.85299E-01
    0.19278E-05   -0.16134E-04   -0.33012E-05    0.13175E-03    0.57498E-04   -0.58421E-04    0.32094E-03   -0.18728E+00    0.23923E+00    0.72381E+00   -0.18849E+00   -0.50919E+00    0.24622E-01   -0.35249E-03    0.26634E-02   -0.18417E-01   -0.20182E-05   -0.31354E-05    0.21216E-02   -0.13177E-01    0.41654E-01    0.93840E-02    0.27795E-01    0.11195E+00   -0.78001E-01    0.13926E+00   -0.11985E-01   -0.45677E-01   -0.95417E-01    0.81127E-01    0.49616E-02    0.99471E+00    0.44167E-02   -0.11360E-01   -0.68430E-02    0.11277E+00    0.16762E+00   -0.85408E-02    0.14092E+00    0.15767E+00
    0.41676E-05   -0.52371E-04    0.72615E-05    0.43062E-03    0.11392E-03   -0.70043E-04    0.67531E-03    0.31321E+00    0.32498E+00   -0.34006E+00   -0.11412E+00    0.86227E-01   -0.18118E-01   -0.92659E-03    0.75063E-02   -0.55109E-03   -0.43320E-05   -0.45106E-04    0.23349E-02    0.78494E-03   -0.32287E-01    0.17742E-01   -0.13419E-01    0.41619E-01   -0.75798E-01   -0.10640E+00   -0.58906E-01    0.12784E+00   -0.14850E+00    0.32735E-01   -0.14832E-01    0.44167E-02    0.98769E+00    0.12266E-01    0.14607E-01   -0.12454E+00    0.35358E-01    0.15539E+00    0.34013E-01   -0.51457E-01
   -0.16253E-05   -0.31112E-07   -0.57256E-05    0.13051E-04    0.64480E-04    0.81683E-04   -0.69223E-04   -0.10112E+01   -0.24805E+00    0.58609E+00   -0.18384E-01   -0.38517E+00   -0.15116E-01   -0.26512E-02    0.96766E-03   -0.14259E-01   -0.64185E-05    0.12199E-04    0.61637E-03    0.75977E-02   -0.54144E-01    0.92739E-02   -0.20363E-01    0.14680E+00    0.75588E-01    0.34061E-01   -0.31984E-02    0.16364E+00   -0.40553E-01    0.16529E+00   -0.15967E-02   -0.11360E-01    0.12266E-01    0.99430E+00   -0.10867E-01    0.45899E-02    0.40767E-01    0.14110E+00   -0.27386E+00    0.10667E+00
   -0.20673E-05   -0.45182E-04   -0.41954E-05   -0.64334E-04    0.12895E-03    0.16046E-03   -0.31824E-03   -0.41926E+01    0.13585E-01    0.57508E+00   -0.89554E-01   -0.31106E+00    0.13222E-01    0.74859E-03   -0.14494E-02   -0.88108E-02    0.16161E-05   -0.41905E-04    0.23988E-04   -0.10740E-02   -0.12509E+00    0.17577E+00    0.10153E+00   -0.10493E+00    0.47891E-01   -0.49304E-01    0.13797E+00   -0.12916E+00   -0.98731E-01    0.41060E-02    0.17297E-02   -0.68430E-02    0.14607E-01   -0.10867E-01    0.98252E+00   -0.27265E-01   -0.42489E-01    0.19952E-01    0.17061E+00   -0.10507E+00
   -0.18296E-05    0.18613E-04   -0.10496E-04   -0.81362E-05    0.11682E-03    0.28885E-04    0.24270E-03    0.99221E+00   -0.45729E+00    0.14935E+00    0.30438E+00   -0.89572E-01   -0.76053E-01   -0.22702E-02    0.97449E-03   -0.65454E-02    0.75472E-05    0.17734E-04    0.33404E-02   -0.95820E-04    0.15598E+00   -0.22826E+00   -0.52631E-01    0.86150E-01    0.79990E-01    0.65532E+00   -0.72641E-01   -0.20159E+00   -0.92140E-01    0.10242E+00    0.58728E+00    0.11277E+00   -0.12454E+00    0.45899E-02   -0.27265E-01    0.96517E+00   -0.82638E-02    0.84811E-02    0.18172E-01   -0.15916E-01
    0.53877E-05   -0.39365E-04    0.11495E-04    0.40168E-03    0.12959E-03   -0.10298E-03    0.88620E-03   -0.17554E+01   -0.24074E+00    0.15539E+00    0.17003E+00   -0.84390E-01   -0.53614E-01   -0.71195E-03   -0.32996E-02   -0.18449E-02   -0.18379E-05    0.39932E-04    0.22230E-02    0.15361E-01    0.32712E-01    0.50496E-01    0.20853E-01    0.44388E-01   -0.76020E-01    0.24859E+00    0.25530E+00    0.62809E+00    0.58646E-01   -0.57253E+00    0.17791E+00    0.16762E+00    0.35358E-01    0.40767E-01   -0.42489E-01   -0.82638E-02    0.99773E+00   -0.23379E-02    0.69620E-02   -0.13460E-01
    0.13910E-06    0.49045E-05    0.25797E-05    0.72245E-04    0.14006E-03    0.10026E-04    0.20669E-03   -0.35726E+01   -0.31731E+00    0.40014E+00   -0.30184E-01   -0.16431E+00    0.35310E-01   -0.31341E-02    0.19781E-03   -0.25309E-02    0.12778E-05   -0.35382E-04    0.24020E-02   -0.40002E-01   -0.22363E-01    0.10415E+00    0.48186E-03    0.10280E-01    0.91554E-01   -0.60507E-01    0.76357E+00    0.15085E+00   -0.57981E-01    0.39438E+00    0.13051E+00   -0.85408E-02    0.15539E+00    0.14110E+00    0.19952E-01    0.84811E-02   -0.23379E-02    0.99030E+00   -0.25926E-01   -0.70353E-02
   -0.22287E-05    0.21400E-04   -0.57376E-06    0.28888E-04    0.13202E-04   -0.43360E-04    0.18647E-03   -0.68698E+00    0.51532E+00    0.13485E+00   -0.17540E+00    0.11713E-01    0.12304E-01   -0.39992E-02    0.29617E-02    0.44610E-02   -0.12609E-05   -0.40007E-04    0.18007E-02   -0.24523E-01    0.32644E-01   -0.29882E-02   -0.17236E+00   -0.12067E+00   -0.16194E-01   -0.45028E-01    0.27062E+00   -0.60603E+00    0.30401E+00   -0.34579E+00    0.64116E-01    0.14092E+00    0.34013E-01   -0.27386E+00    0.17061E+00    0.18172E-01    0.69620E-02   -0.25926E-01    0.97014E+00    0.56392E-02
    0.28054E-05    0.17234E-05   -0.34181E-05    0.99155E-04   -0.15702E-03   -0.32043E-03    0.23043E-03    0.38477E+01   -0.27653E+00   -0.64495E+00    0.31242E+00    0.42924E+00   -0.10929E-01   -0.31322E-02    0.50476E-02    0.12632E-01    0.50763E-05    0.44939E-04   -0.45794E-02    0.15925E-01    0.67664E-01   -0.23798E+00    0.74010E-01    0.51186E-01   -0.10776E-03    0.79074E-01   -0.19735E+00    0.17161E+00    0.67895E+00    0.22382E+00   -0.85299E-01    0.15767E+00   -0.51457E-01    0.10667E+00   -0.10507E+00   -0.15916E-01   -0.13460E-01   -0.70353E-02    0.56392E-02    0.99534E+00
