# omegabh2 omegach2 theta tau ns logA aps100 aps143 aps217 acib143 acib217 asz143 psr cibr ncib cal0 cal2 xi aksz bm_1_1 bm_1_2 bm_1_3 bm_1_4 bm_1_5 bm_2_1 bm_2_2 bm_2_3 bm_2_4 bm_2_5 bm_3_1 bm_3_2 bm_3_3 bm_3_4 bm_3_5 bm_4_1 bm_4_2 bm_4_3 bm_4_4 bm_4_5 a_ps_act_148 a_ps_act_217 a_ps_spt_95 a_ps_spt_150 a_ps_spt_220 r_ps_spt_95x150 r_ps_spt_95x220 r_ps_150x220 act_dust_s act_dust_e cal_acts_148 cal_acts_217 cal_acte_148 cal_acte_217 cal_spt_95 cal_spt_150 cal_spt_220
    0.70331E-07   -0.31418E-06    0.68714E-07    0.78330E-06    0.97150E-06    0.97453E-06   -0.86702E-03   -0.74127E-03   -0.56564E-03    0.41898E-05    0.16925E-04    0.25593E-04   -0.20460E-05   -0.14451E-06    0.19828E-06   -0.53887E-09   -0.54028E-09   -0.52427E-05   -0.71475E-04   -0.17006E-04   -0.76380E-05    0.72699E-05    0.63210E-06    0.46976E-05   -0.15454E-05   -0.16085E-05    0.52081E-05    0.61003E-05    0.45684E-05    0.12292E-05    0.92158E-05   -0.87353E-05    0.18908E-05    0.13595E-05    0.11215E-06   -0.18052E-05    0.17367E-06   -0.75530E-05    0.12794E-04    0.10429E-04    0.12438E-03    0.31801E-04    0.23383E-04    0.12680E-03   -0.56353E-06   -0.11528E-05   -0.18168E-06    0.39951E-06   -0.10709E-05    0.39438E-06    0.37596E-06    0.37964E-06    0.45008E-06    0.89777E-06    0.81430E-06    0.61582E-06
   -0.31418E-06    0.56681E-05   -0.54013E-06   -0.75071E-05   -0.13775E-04   -0.13076E-05    0.42178E-02    0.29383E-02    0.28206E-02    0.77601E-05   -0.29448E-05   -0.52012E-04    0.82803E-05   -0.31002E-05    0.72835E-06   -0.17867E-07    0.51124E-07   -0.36433E-05    0.69418E-04    0.72844E-04    0.97280E-04   -0.28109E-05    0.43578E-04   -0.96825E-05    0.47402E-04    0.43192E-04    0.14099E-04   -0.73094E-04   -0.41272E-04   -0.33723E-04   -0.18268E-04    0.54341E-04   -0.53275E-04   -0.58908E-04   -0.56561E-05    0.64955E-04    0.43607E-04    0.37600E-04   -0.91484E-04   -0.51083E-04   -0.58219E-03   -0.24700E-03   -0.96300E-04   -0.55918E-03    0.74493E-05    0.43297E-05    0.90927E-06    0.42814E-05    0.20971E-04   -0.17670E-05   -0.14062E-05   -0.11403E-05   -0.19164E-05   -0.40745E-05   -0.34095E-05   -0.40159E-05
    0.68714E-07   -0.54013E-06    0.37486E-06    0.15263E-05    0.19589E-05    0.20821E-05   -0.62002E-03   -0.44391E-03   -0.33364E-03   -0.50243E-06   -0.13898E-04   -0.27336E-05   -0.17863E-05   -0.86311E-06   -0.24428E-07    0.92067E-10   -0.14780E-07   -0.26095E-05   -0.30833E-04   -0.59729E-05   -0.12903E-04    0.41195E-05    0.15351E-05    0.13440E-04    0.42696E-05   -0.61029E-05   -0.46462E-06    0.12139E-04    0.22269E-05    0.21685E-04    0.12978E-04   -0.58413E-05    0.48154E-05    0.54105E-05    0.20435E-04   -0.45188E-05   -0.33346E-05   -0.35950E-05    0.20084E-04    0.11030E-04    0.99717E-04    0.47825E-04    0.10500E-04    0.12572E-03   -0.53163E-06   -0.14365E-05   -0.19356E-06   -0.81252E-06    0.98935E-06    0.32764E-06    0.19251E-06    0.35609E-06    0.41180E-06    0.83623E-06    0.52412E-06    0.39604E-06
    0.78330E-06   -0.75071E-05    0.15263E-05    0.17702E-03    0.29977E-04    0.33424E-03   -0.31322E-01   -0.15928E-01   -0.10911E-01   -0.21564E-03    0.82365E-03    0.34921E-03   -0.42203E-04   -0.19646E-06    0.26033E-04    0.81669E-08    0.48782E-06   -0.87603E-04   -0.19039E-02   -0.51461E-03   -0.39472E-03   -0.31679E-03    0.14198E-03   -0.16512E-03    0.30794E-03    0.15527E-03   -0.38794E-03    0.15458E-03    0.13331E-03   -0.65589E-05    0.55150E-04   -0.41499E-04   -0.27213E-03   -0.75960E-04    0.35216E-03   -0.29976E-03    0.12863E-03    0.15982E-03    0.31310E-03    0.21464E-03    0.25760E-02    0.12705E-02    0.63664E-03    0.22131E-02   -0.49289E-04   -0.78472E-04   -0.97829E-05    0.10658E-04   -0.58849E-04    0.58300E-05    0.97388E-05    0.59630E-05    0.85586E-05    0.18629E-04    0.13476E-04    0.58330E-05
    0.97150E-06   -0.13775E-04    0.19589E-05    0.29977E-04    0.49864E-04    0.23881E-04   -0.42761E-01   -0.21415E-01   -0.15121E-01    0.11408E-04    0.70373E-03    0.61283E-03   -0.51368E-04   -0.64679E-05    0.17377E-04   -0.57315E-07    0.81526E-07   -0.13406E-03   -0.14236E-02   -0.44129E-03   -0.42733E-03   -0.10794E-03   -0.16898E-04    0.59069E-04    0.16480E-03   -0.40633E-04   -0.13813E-03    0.15468E-03    0.50166E-04    0.19906E-03   -0.22808E-05   -0.14342E-03    0.73283E-04    0.15809E-03    0.32105E-03   -0.16069E-03   -0.39942E-04   -0.28314E-04    0.29973E-03    0.22092E-03    0.27429E-02    0.10112E-02    0.37379E-03    0.17464E-02   -0.34851E-04   -0.38074E-04   -0.29736E-05   -0.10540E-04   -0.58642E-04    0.96508E-05    0.93408E-05    0.87409E-05    0.10540E-04    0.20148E-04    0.16079E-04    0.11287E-04
    0.97453E-06   -0.13076E-05    0.20821E-05    0.33424E-03    0.23881E-04    0.66755E-03   -0.63688E-01   -0.27834E-01   -0.16720E-01   -0.48823E-03    0.19285E-02    0.67472E-03   -0.67593E-04   -0.12154E-04    0.63869E-04    0.45114E-07    0.13916E-05   -0.23004E-03   -0.39806E-02   -0.52897E-03   -0.49111E-03   -0.64604E-03    0.38815E-03   -0.36100E-03    0.11050E-02    0.52003E-03   -0.70996E-03    0.11975E-03    0.15535E-03   -0.63575E-04    0.25295E-03    0.35042E-05   -0.69939E-03   -0.34653E-03    0.97000E-03   -0.27085E-03    0.45109E-03    0.41635E-03    0.46492E-03    0.31209E-03    0.38352E-02    0.20566E-02    0.10465E-02    0.29604E-02   -0.88144E-04   -0.15832E-03   -0.16727E-04    0.38475E-04   -0.63471E-04    0.86610E-05    0.17046E-04    0.10613E-04    0.13553E-04    0.30713E-04    0.20343E-04    0.32159E-05
   -0.86702E-03    0.42178E-02   -0.62002E-03   -0.31322E-01   -0.42761E-01   -0.63688E-01    0.15925E+04    0.82460E+02    0.23781E+02    0.14204E+00   -0.44362E+01   -0.12951E+02   -0.92030E-01   -0.10410E+00   -0.11336E+00    0.85676E-03   -0.19577E-02    0.13999E+01    0.10753E+02    0.16616E+02   -0.73320E+01    0.15366E+00   -0.12860E+01   -0.35263E-01   -0.23115E+01   -0.51327E+01   -0.47453E+00   -0.54640E+00   -0.14814E+01   -0.42883E+00    0.51011E+00   -0.53567E+00   -0.60711E+00   -0.32474E+01   -0.14900E+01   -0.17496E+01   -0.32612E+01   -0.80822E+00    0.23167E+01    0.77786E+00    0.39421E-01    0.27780E+01   -0.43421E+00    0.65612E+01    0.99417E-01   -0.33504E+00   -0.74495E-01    0.58581E-01    0.49492E-01   -0.29824E-01    0.16139E-01   -0.21056E-01    0.18224E-02   -0.62946E-01   -0.17461E-01    0.25100E-01
   -0.74127E-03    0.29383E-02   -0.44391E-03   -0.15928E-01   -0.21415E-01   -0.27834E-01    0.82460E+02    0.62642E+02    0.16193E+02    0.12020E+00    0.37654E+00   -0.18867E+01    0.46609E-01    0.23754E-01   -0.17247E-01   -0.33211E-04   -0.10282E-02    0.20013E+00    0.87278E+00    0.12934E+00    0.34573E-01    0.15913E+00    0.87882E-01    0.18375E+00    0.25125E+00   -0.10335E+00    0.12859E+00   -0.77295E-01    0.46535E-01   -0.84683E-02   -0.21448E+00    0.98684E-01   -0.83052E-04   -0.18501E-01    0.16910E+00    0.79428E-01   -0.16868E+00   -0.16482E+00   -0.95247E-01    0.24596E+00   -0.24507E+01    0.36693E+00   -0.15379E+00   -0.98349E+00    0.38865E-01   -0.25440E-01   -0.29598E-01   -0.14198E-01    0.69593E-01   -0.12512E-01   -0.84325E-02   -0.13290E-01   -0.85186E-02   -0.30479E-01   -0.21570E-01   -0.81320E-02
   -0.56564E-03    0.28206E-02   -0.33364E-03   -0.10911E-01   -0.15121E-01   -0.16720E-01    0.23781E+02    0.16193E+02    0.94343E+02   -0.10900E+01   -0.33495E+02    0.46644E+00   -0.35639E+00   -0.35940E-01   -0.43382E+00   -0.31319E-04   -0.38866E-04    0.12601E-02    0.72279E+00    0.12291E+00    0.18474E+00   -0.17603E+00   -0.13720E-01   -0.51501E-01    0.11465E+00    0.99185E-01    0.13668E+00   -0.13904E+00    0.23702E+00    0.99871E-01   -0.98166E-01   -0.12661E+00    0.42379E+00   -0.14184E+00    0.14685E+00    0.28623E-01    0.23062E+00   -0.19952E+00   -0.17741E+00    0.26679E+00    0.15955E+02   -0.10131E+01    0.66854E+00    0.95974E+01   -0.39451E-01   -0.83872E-01   -0.89371E-03    0.22749E-01    0.14582E+00   -0.60029E-02   -0.31091E-01   -0.51358E-02   -0.33990E-01   -0.57028E-02   -0.10840E-01   -0.59933E-01
    0.41898E-05    0.77601E-05   -0.50243E-06   -0.21564E-03    0.11408E-04   -0.48823E-03    0.14204E+00    0.12020E+00   -0.10900E+01    0.64292E+00    0.11464E+01    0.54105E+00    0.18463E-02   -0.29046E-02   -0.30934E-02   -0.39297E-06    0.51521E-04    0.10206E-02   -0.92298E+00   -0.10003E-01   -0.45320E-02    0.32695E-01    0.14660E-01   -0.32412E-03   -0.33312E-01   -0.13164E-01    0.26877E-01    0.17210E-01    0.17404E-02    0.18278E-01   -0.18701E-02    0.18044E-01   -0.18325E-01    0.12609E-02   -0.18718E-01    0.74014E-02   -0.12811E-04   -0.43731E-02    0.26453E-01    0.48735E-01   -0.72569E-01   -0.22336E+00   -0.14094E-01   -0.41584E-01    0.46550E-01    0.44239E-01   -0.43455E-02    0.24300E-02   -0.34012E-02    0.25548E-03    0.49677E-03    0.47063E-04    0.50014E-03   -0.10220E-02    0.60491E-03    0.19944E-02
    0.16925E-04   -0.29448E-05   -0.13898E-04    0.82365E-03    0.70373E-03    0.19285E-02   -0.44362E+01    0.37654E+00   -0.33495E+02    0.11464E+01    0.20827E+02    0.19849E+01    0.21881E+00    0.30429E-01    0.27552E+00   -0.42768E-05   -0.84061E-04   -0.34952E+00   -0.41740E+01    0.15025E+00   -0.21071E+00    0.77751E-01    0.35189E-01    0.69695E-01    0.11843E-01    0.27324E-01   -0.88226E-01    0.24662E+00   -0.18943E+00   -0.12718E+00   -0.28098E+00    0.47082E-01   -0.36874E+00   -0.10646E+00   -0.83054E-01   -0.38333E-01   -0.22739E-01    0.16229E+00    0.27738E+00   -0.38137E+00   -0.11224E+02   -0.10139E+00   -0.73157E+00   -0.81796E+01    0.53596E-01    0.73050E-01   -0.80588E-02   -0.18925E-01   -0.45678E-01   -0.12802E-02    0.63607E-02   -0.22598E-02    0.87673E-02   -0.91028E-03   -0.22915E-02    0.19961E-01
    0.25593E-04   -0.52012E-04   -0.27336E-05    0.34921E-03    0.61283E-03    0.67472E-03   -0.12951E+02   -0.18867E+01    0.46644E+00    0.54105E+00    0.19849E+01    0.20655E+01    0.21411E-01    0.24486E-01    0.16839E-01   -0.47032E-05   -0.17873E-03   -0.20116E+00   -0.24756E+01    0.44539E-01    0.21940E-01    0.59764E-01    0.41230E-01    0.20589E-01    0.55818E-01    0.78974E-02   -0.12866E-02   -0.14258E-03    0.34144E-02   -0.68504E-01   -0.96276E-02    0.10754E-01   -0.36229E-01   -0.83451E-02    0.12388E-02   -0.10174E-01    0.10102E-01   -0.27984E-01    0.22662E-01   -0.94456E-01   -0.78824E+00   -0.82985E+00   -0.94373E-01   -0.14059E+01    0.41417E-01    0.72316E-01   -0.10612E-02    0.13602E-02    0.98429E-03    0.44678E-03   -0.29674E-02    0.10514E-03   -0.26165E-02    0.37689E-02    0.29632E-03   -0.23347E-02
   -0.20460E-05    0.82803E-05   -0.17863E-05   -0.42203E-04   -0.51368E-04   -0.67593E-04   -0.92030E-01    0.46609E-01   -0.35639E+00    0.18463E-02    0.21881E+00    0.21411E-01    0.46841E-02    0.17489E-05    0.31595E-02    0.35263E-06   -0.31894E-05   -0.16020E-02   -0.21132E-01    0.12847E-02    0.13923E-02    0.20656E-02    0.98875E-03    0.60153E-03    0.16279E-02   -0.15948E-02   -0.11271E-02   -0.17775E-02    0.57663E-05   -0.21115E-02    0.25695E-02    0.11228E-02   -0.39895E-03    0.15780E-02    0.25102E-03   -0.17661E-03   -0.28138E-02   -0.56832E-03   -0.25167E-02   -0.25047E-02   -0.15343E+00   -0.95341E-02   -0.45918E-02   -0.12014E+00    0.39666E-03    0.17224E-02    0.41935E-03   -0.30933E-03   -0.30802E-03   -0.49162E-04   -0.28021E-04   -0.59658E-04    0.12095E-04   -0.64896E-05   -0.71930E-04    0.10999E-03
   -0.14451E-06   -0.31002E-05   -0.86311E-06   -0.19646E-06   -0.64679E-05   -0.12154E-04   -0.10410E+00    0.23754E-01   -0.35940E-01   -0.29046E-02    0.30429E-01    0.24486E-01    0.17489E-05    0.30818E-02   -0.19879E-03   -0.33902E-06    0.40338E-05   -0.68264E-03   -0.16555E-01    0.18390E-02   -0.71262E-03    0.99522E-03    0.57133E-03    0.96846E-03   -0.10402E-02   -0.85185E-03    0.75646E-04   -0.78200E-06   -0.18052E-02    0.97849E-03   -0.17032E-02    0.15064E-03   -0.94922E-03   -0.39566E-03   -0.23983E-03   -0.33542E-04   -0.23146E-03    0.31294E-03   -0.86755E-04    0.65890E-02    0.48574E-02   -0.15413E-01    0.37217E-02    0.51916E-02    0.22764E-03    0.16585E-02   -0.44584E-03   -0.17624E-03    0.38751E-03    0.46419E-06    0.44999E-04   -0.52598E-05    0.42465E-04    0.66412E-04    0.11750E-04    0.12867E-03
    0.19828E-06    0.72835E-06   -0.24428E-07    0.26033E-04    0.17377E-04    0.63869E-04   -0.11336E+00   -0.17247E-01   -0.43382E+00   -0.30934E-02    0.27552E+00    0.16839E-01    0.31595E-02   -0.19879E-03    0.50449E-02    0.14092E-06   -0.10067E-04   -0.53263E-02   -0.32051E-01    0.49810E-02   -0.62627E-02   -0.81084E-03   -0.15804E-02    0.87596E-03    0.37272E-02    0.43157E-02   -0.54112E-02    0.81443E-02   -0.51310E-02   -0.59569E-02   -0.97467E-02    0.79609E-04   -0.83368E-02   -0.49643E-02   -0.11724E-02   -0.14575E-02    0.33866E-02    0.80741E-02    0.92642E-02   -0.89832E-02   -0.18828E+00    0.35042E-02   -0.11026E-01   -0.14551E+00   -0.60990E-03   -0.79279E-04    0.31215E-03   -0.25320E-03   -0.66379E-03   -0.22034E-04    0.22510E-04   -0.27030E-04    0.62273E-04    0.55561E-04   -0.56464E-04    0.14489E-03
   -0.53887E-09   -0.17867E-07    0.92067E-10    0.81669E-08   -0.57315E-07    0.45114E-07    0.85676E-03   -0.33211E-04   -0.31319E-04   -0.39297E-06   -0.42768E-05   -0.47032E-05    0.35263E-06   -0.33902E-06    0.14092E-06    0.14878E-06    0.16214E-07    0.21923E-05    0.17012E-04   -0.31633E-04   -0.14774E-04   -0.17275E-04    0.62914E-06   -0.28902E-05    0.20858E-04    0.20452E-05   -0.16403E-06   -0.27084E-05    0.55918E-05    0.25719E-05    0.69339E-05    0.23108E-05    0.45925E-05   -0.53942E-05    0.16859E-04    0.73229E-05    0.19249E-05   -0.18606E-05   -0.59427E-06    0.91126E-06   -0.30009E-04   -0.60827E-05   -0.32493E-06   -0.58809E-04    0.74190E-07    0.49782E-06    0.25405E-06    0.91762E-06   -0.73318E-06   -0.66485E-07    0.41527E-07   -0.14619E-06   -0.49732E-07   -0.15125E-07   -0.45897E-07   -0.14904E-06
   -0.54028E-09    0.51124E-07   -0.14780E-07    0.48782E-06    0.81526E-07    0.13916E-05   -0.19577E-02   -0.10282E-02   -0.38866E-04    0.51521E-04   -0.84061E-04   -0.17873E-03   -0.31894E-05    0.40338E-05   -0.10067E-04    0.16214E-07    0.11238E-05    0.30841E-04    0.14407E-03    0.56278E-04    0.57462E-04   -0.83587E-05   -0.21210E-04   -0.42491E-04    0.38069E-03    0.34698E-04   -0.12074E-04   -0.19955E-04    0.42471E-04   -0.37211E-03    0.97766E-04   -0.76344E-04    0.37149E-04    0.87577E-05    0.39549E-04    0.65857E-04   -0.45826E-04   -0.82838E-04    0.12555E-04    0.66879E-04    0.36549E-03    0.11227E-03    0.34692E-04    0.46735E-03    0.16162E-05   -0.22103E-05   -0.31044E-05    0.12834E-05    0.11913E-05    0.29799E-06    0.13461E-05    0.59287E-06    0.12407E-05    0.19780E-06    0.86192E-06    0.15591E-05
   -0.52427E-05   -0.36433E-05   -0.26095E-05   -0.87603E-04   -0.13406E-03   -0.23004E-03    0.13999E+01    0.20013E+00    0.12601E-02    0.10206E-02   -0.34952E+00   -0.20116E+00   -0.16020E-02   -0.68264E-03   -0.53263E-02    0.21923E-05    0.30841E-04    0.66099E-01    0.37516E+00   -0.51774E-02   -0.43237E-02   -0.12878E-02   -0.68761E-02   -0.96554E-02   -0.97825E-02   -0.19742E-02   -0.80395E-02    0.11937E-02   -0.57797E-03    0.11310E-01   -0.10248E-02   -0.12015E-02    0.28273E-02    0.19155E-02    0.63302E-03   -0.21132E-02   -0.34364E-02    0.13913E-01   -0.42361E-02    0.60608E-01    0.15973E+00    0.68585E-02    0.56059E-01    0.23482E+00    0.43927E-02    0.76756E-02    0.10030E-02    0.96948E-03    0.49332E-03    0.10218E-04    0.33864E-03    0.51826E-04    0.29589E-03   -0.35440E-03    0.18369E-03    0.61306E-03
   -0.71475E-04    0.69418E-04   -0.30833E-04   -0.19039E-02   -0.14236E-02   -0.39806E-02    0.10753E+02    0.87278E+00    0.72279E+00   -0.92298E+00   -0.41740E+01   -0.24756E+01   -0.21132E-01   -0.16555E-01   -0.32051E-01    0.17012E-04    0.14407E-03    0.37516E+00    0.46370E+01   -0.27814E-01   -0.44505E-02   -0.60674E-01   -0.92161E-01   -0.72062E-02   -0.60884E-03    0.63584E-02   -0.32323E-01   -0.16349E-01    0.96943E-02    0.64702E-01   -0.28815E-01   -0.26842E-01    0.57030E-01    0.41639E-01    0.44082E-01    0.27568E-04   -0.44438E-02    0.40985E-01   -0.53040E-01    0.97094E-01    0.11782E+01    0.40601E+00    0.21162E+00    0.20080E+01   -0.47629E-01   -0.35979E-01    0.16540E-01   -0.41780E-02   -0.30347E-02    0.34563E-03    0.27447E-02    0.92672E-03    0.24217E-02   -0.11713E-02    0.10693E-02    0.23608E-02
   -0.17006E-04    0.72844E-04   -0.59729E-05   -0.51461E-03   -0.44129E-03   -0.52897E-03    0.16616E+02    0.12934E+00    0.12291E+00   -0.10003E-01    0.15025E+00    0.44539E-01    0.12847E-02    0.18390E-02    0.49810E-02   -0.31633E-04    0.56278E-04   -0.51774E-02   -0.27814E-01    0.63932E+00   -0.14454E+00   -0.27266E-02   -0.47597E-02    0.10646E-01    0.17284E+00   -0.65920E-01   -0.28873E-01    0.11453E-01   -0.60797E-01    0.18816E-01    0.45283E-01   -0.10719E-01   -0.43569E-01   -0.95762E-01    0.14541E+00    0.38196E-01   -0.28160E-01    0.25072E-01    0.91295E-01    0.40301E-02   -0.16349E+00   -0.49974E-01   -0.10729E-01   -0.16404E+00    0.13863E-02    0.28488E-02    0.21232E-03   -0.12207E-02   -0.14553E-03   -0.17373E-03   -0.24902E-03    0.96467E-04   -0.11433E-03    0.39644E-03    0.12793E-03    0.15767E-03
   -0.76380E-05    0.97280E-04   -0.12903E-04   -0.39472E-03   -0.42733E-03   -0.49111E-03   -0.73320E+01    0.34573E-01    0.18474E+00   -0.45320E-02   -0.21071E+00    0.21940E-01    0.13923E-02   -0.71262E-03   -0.62627E-02   -0.14774E-04    0.57462E-04   -0.43237E-02   -0.44505E-02   -0.14454E+00    0.91867E+00   -0.13443E-01   -0.65239E-02    0.66934E-03   -0.13544E+00    0.21634E+00    0.71027E-01   -0.22816E-01    0.17555E-01   -0.11952E+00   -0.68981E-02    0.35174E-01    0.20028E-01    0.16886E+00   -0.22191E+00    0.70561E-01    0.11456E+00    0.10031E-01   -0.23576E+00   -0.54197E-02    0.74328E-01   -0.28632E-01    0.20205E-02    0.60330E-01    0.23066E-03    0.72315E-03    0.43172E-03   -0.45481E-02    0.38863E-02    0.39480E-04   -0.20965E-03   -0.55767E-04   -0.43161E-03   -0.42869E-03   -0.52076E-04   -0.48342E-03
    0.72699E-05   -0.28109E-05    0.41195E-05   -0.31679E-03   -0.10794E-03   -0.64604E-03    0.15366E+00    0.15913E+00   -0.17603E+00    0.32695E-01    0.77751E-01    0.59764E-01    0.20656E-02    0.99522E-03   -0.81084E-03   -0.17275E-04   -0.83587E-05   -0.12878E-02   -0.60674E-01   -0.27266E-02   -0.13443E-01    0.99093E+00    0.16557E-02    0.14944E-01   -0.43278E-01   -0.96340E-02    0.16059E+00   -0.18941E-01    0.77383E-01   -0.30487E-01    0.28264E-01   -0.26969E-01   -0.40578E-01    0.12086E+00   -0.69786E-01    0.25857E-01    0.27186E-01   -0.16948E+00    0.83560E-01    0.74032E-02    0.11626E-02   -0.55830E-02    0.37324E-02    0.26305E-01    0.19718E-02    0.32609E-02   -0.20437E-03   -0.35603E-02   -0.27526E-02    0.13324E-03   -0.36887E-03   -0.15490E-03   -0.30577E-03    0.25767E-04   -0.84116E-05    0.37125E-03
    0.63210E-06    0.43578E-04    0.15351E-05    0.14198E-03   -0.16898E-04    0.38815E-03   -0.12860E+01    0.87882E-01   -0.13720E-01    0.14660E-01    0.35189E-01    0.41230E-01    0.98875E-03    0.57133E-03   -0.15804E-02    0.62914E-06   -0.21210E-04   -0.68761E-02   -0.92161E-01   -0.47597E-02   -0.65239E-02    0.16557E-02    0.98804E+00    0.25716E-01    0.64954E-01   -0.88345E-01    0.73026E-01   -0.78871E-01    0.83760E-01    0.70627E-01    0.90550E-01    0.60492E-01    0.13832E+00   -0.10334E+00    0.10332E+00    0.12179E-01    0.10095E-01   -0.14806E+00    0.49131E-01   -0.44162E-02   -0.40479E-02   -0.31196E-01   -0.27115E-02   -0.16730E-01    0.75402E-03    0.86345E-03   -0.46866E-03   -0.43144E-03   -0.35407E-02   -0.48643E-04   -0.99778E-04   -0.14516E-03    0.86127E-04   -0.44328E-03   -0.12632E-03    0.32546E-03
    0.46976E-05   -0.96825E-05    0.13440E-04   -0.16512E-03    0.59069E-04   -0.36100E-03   -0.35263E-01    0.18375E+00   -0.51501E-01   -0.32412E-03    0.69695E-01    0.20589E-01    0.60153E-03    0.96846E-03    0.87596E-03   -0.28902E-05   -0.42491E-04   -0.96554E-02   -0.72062E-02    0.10646E-01    0.66934E-03    0.14944E-01    0.25716E-01    0.10444E+01    0.37331E-01    0.35794E-01   -0.23971E-01    0.71967E-01    0.57542E-01    0.87974E-01   -0.81460E-01   -0.91043E-01    0.61287E-01    0.41241E-01    0.10565E+00   -0.63037E-01    0.82773E-01   -0.29139E-01    0.32546E-01   -0.77558E-02   -0.45141E-01    0.61740E-02   -0.13917E-01    0.18805E-01   -0.15948E-02   -0.27294E-02   -0.68969E-03   -0.28379E-02   -0.77052E-02    0.79451E-04   -0.19465E-03    0.65144E-04    0.58008E-04    0.22342E-03    0.92373E-04   -0.36749E-04
   -0.15454E-05    0.47402E-04    0.42696E-05    0.30794E-03    0.16480E-03    0.11050E-02   -0.23115E+01    0.25125E+00    0.11465E+00   -0.33312E-01    0.11843E-01    0.55818E-01    0.16279E-02   -0.10402E-02    0.37272E-02    0.20858E-04    0.38069E-03   -0.97825E-02   -0.60884E-03    0.17284E+00   -0.13544E+00   -0.43278E-01    0.64954E-01    0.37331E-01    0.79507E+00   -0.18584E-01   -0.15132E-01   -0.11146E-01    0.23308E-02    0.76348E-01    0.13198E+00   -0.64310E-01    0.37185E-02   -0.89262E-01    0.64584E+00    0.20654E+00   -0.20601E-01   -0.43118E-01    0.10733E+00   -0.63494E-02   -0.31837E-01    0.53095E-03   -0.86647E-03   -0.13103E+00   -0.28683E-02   -0.84102E-03    0.11824E-02   -0.77031E-04   -0.28754E-02    0.18010E-03    0.65102E-04    0.43931E-03    0.31573E-04    0.98102E-03    0.19304E-03   -0.33701E-03
   -0.16085E-05    0.43192E-04   -0.61029E-05    0.15527E-03   -0.40633E-04    0.52003E-03   -0.51327E+01   -0.10335E+00    0.99185E-01   -0.13164E-01    0.27324E-01    0.78974E-02   -0.15948E-02   -0.85185E-03    0.43157E-02    0.20452E-05    0.34698E-04   -0.19742E-02    0.63584E-02   -0.65920E-01    0.21634E+00   -0.96340E-02   -0.88345E-01    0.35794E-01   -0.18584E-01    0.10201E+01   -0.15267E-01    0.15739E-01   -0.26290E-01    0.73998E-01   -0.16645E-01   -0.67576E-01   -0.18104E-01    0.14391E+00   -0.70028E-01    0.26807E+00    0.78086E+00    0.32553E+00   -0.22470E+00   -0.10748E-01   -0.12879E+00    0.64120E-02    0.11087E-01   -0.35277E-01   -0.17159E-02    0.47847E-03    0.91208E-03   -0.16062E-02    0.29397E-02    0.19929E-03   -0.32628E-05   -0.34981E-04   -0.43927E-03   -0.14969E-04   -0.71904E-05   -0.58935E-03
    0.52081E-05    0.14099E-04   -0.46462E-06   -0.38794E-03   -0.13813E-03   -0.70996E-03   -0.47453E+00    0.12859E+00    0.13668E+00    0.26877E-01   -0.88226E-01   -0.12866E-02   -0.11271E-02    0.75646E-04   -0.54112E-02   -0.16403E-06   -0.12074E-04   -0.80395E-02   -0.32323E-01   -0.28873E-01    0.71027E-01    0.16059E+00    0.73026E-01   -0.23971E-01   -0.15132E-01   -0.15267E-01    0.96678E+00    0.61629E-02    0.13508E-02    0.80517E-01   -0.56536E-01    0.15585E+00    0.13533E+00   -0.12502E+00   -0.19534E+00    0.60907E+00    0.11533E+00   -0.59930E+00    0.16712E+00   -0.11941E-01    0.25912E+00   -0.13934E-01   -0.85403E-02    0.22208E+00    0.78809E-03   -0.96908E-03   -0.61308E-03    0.14616E-02   -0.14687E-02    0.29923E-05    0.22876E-03   -0.89735E-04    0.33898E-03   -0.75718E-03    0.37183E-03    0.27369E-03
    0.61003E-05   -0.73094E-04    0.12139E-04    0.15458E-03    0.15468E-03    0.11975E-03   -0.54640E+00   -0.77295E-01   -0.13904E+00    0.17210E-01    0.24662E+00   -0.14258E-03   -0.17775E-02   -0.78200E-06    0.81443E-02   -0.27084E-05   -0.19955E-04    0.11937E-02   -0.16349E-01    0.11453E-01   -0.22816E-01   -0.18941E-01   -0.78871E-01    0.71967E-01   -0.11146E-01    0.15739E-01    0.61629E-02    0.99953E+00    0.28130E-01   -0.51125E-02   -0.10456E+00   -0.13771E+00   -0.35546E-01   -0.85912E-01   -0.62453E-01    0.65717E-01   -0.17873E-01    0.30349E+00    0.68456E+00    0.65846E-02   -0.23004E+00    0.37325E-01   -0.29173E-02   -0.13526E+00    0.10482E-02    0.43602E-03   -0.76097E-03    0.31453E-02   -0.15896E-03   -0.16656E-03   -0.30531E-03   -0.12442E-03    0.17481E-03   -0.25600E-03   -0.11784E-03    0.64047E-03
    0.45684E-05   -0.41272E-04    0.22269E-05    0.13331E-03    0.50166E-04    0.15535E-03   -0.14814E+01    0.46535E-01    0.23702E+00    0.17404E-02   -0.18943E+00    0.34144E-02    0.57663E-05   -0.18052E-02   -0.51310E-02    0.55918E-05    0.42471E-04   -0.57797E-03    0.96943E-02   -0.60797E-01    0.17555E-01    0.77383E-01    0.83760E-01    0.57542E-01    0.23308E-02   -0.26290E-01    0.13508E-02    0.28130E-01    0.95026E+00   -0.52730E-01    0.76963E-01    0.36941E-01    0.13381E+00    0.15951E-02    0.12657E+00   -0.53655E+00    0.34489E+00   -0.32852E+00    0.23978E+00   -0.20677E-02    0.11349E+00    0.14104E-01    0.73399E-03    0.16574E-01   -0.21552E-02   -0.19203E-02    0.66667E-07    0.13643E-02   -0.19563E-02    0.29833E-04   -0.38838E-03   -0.46453E-05   -0.39440E-04    0.46760E-04    0.19323E-03   -0.41963E-03
    0.12292E-05   -0.33723E-04    0.21685E-04   -0.65589E-05    0.19906E-03   -0.63575E-04   -0.42883E+00   -0.84683E-02    0.99871E-01    0.18278E-01   -0.12718E+00   -0.68504E-01   -0.21115E-02    0.97849E-03   -0.59569E-02    0.25719E-05   -0.37211E-03    0.11310E-01    0.64702E-01    0.18816E-01   -0.11952E+00   -0.30487E-01    0.70627E-01    0.87974E-01    0.76348E-01    0.73998E-01    0.80517E-01   -0.51125E-02   -0.52730E-01    0.85097E+00   -0.14143E-01   -0.18430E-01   -0.46080E-02   -0.60318E-02    0.59021E+00    0.17856E+00    0.13463E+00    0.53913E-01   -0.76902E-01    0.99861E-02    0.25801E+00    0.23581E-01    0.14011E-01    0.17541E+00    0.14562E-02   -0.44426E-03   -0.10264E-02    0.75198E-03    0.32179E-02    0.16363E-03    0.59720E-03    0.93216E-04    0.45552E-03   -0.22078E-03    0.49088E-04    0.43884E-03
    0.92158E-05   -0.18268E-04    0.12978E-04    0.55150E-04   -0.22808E-05    0.25295E-03    0.51011E+00   -0.21448E+00   -0.98166E-01   -0.18701E-02   -0.28098E+00   -0.96276E-02    0.25695E-02   -0.17032E-02   -0.97467E-02    0.69339E-05    0.97766E-04   -0.10248E-02   -0.28815E-01    0.45283E-01   -0.68981E-02    0.28264E-01    0.90550E-01   -0.81460E-01    0.13198E+00   -0.16645E-01   -0.56536E-01   -0.10456E+00    0.76963E-01   -0.14143E-01    0.95023E+00    0.50304E-02   -0.12747E-01   -0.70912E-02    0.10132E+00    0.14175E+00   -0.14475E-01    0.12713E+00    0.14798E+00    0.18945E-01    0.23656E+00    0.53835E-02    0.21556E-01    0.28723E+00    0.25139E-03   -0.10797E-02   -0.30423E-03   -0.15554E-02   -0.32332E-02    0.52631E-04   -0.71164E-04    0.69778E-05   -0.18681E-03    0.11120E-03    0.23379E-03    0.55906E-03
   -0.87353E-05    0.54341E-04   -0.58413E-05   -0.41499E-04   -0.14342E-03    0.35042E-05   -0.53567E+00    0.98684E-01   -0.12661E+00    0.18044E-01    0.47082E-01    0.10754E-01    0.11228E-02    0.15064E-03    0.79609E-04    0.23108E-05   -0.76344E-04   -0.12015E-02   -0.26842E-01   -0.10719E-01    0.35174E-01   -0.26969E-01    0.60492E-01   -0.91043E-01   -0.64310E-01   -0.67576E-01    0.15585E+00   -0.13771E+00    0.36941E-01   -0.18430E-01    0.50304E-02    0.99242E+00    0.11038E-01    0.25703E-01   -0.10248E+00    0.59526E-01    0.15317E+00    0.13083E-01   -0.34811E-01    0.76093E-02   -0.78494E-01   -0.15231E-01   -0.41837E-02   -0.53108E-01    0.12607E-02    0.13668E-03   -0.12373E-03   -0.32589E-02    0.16147E-02   -0.80112E-04   -0.31608E-03   -0.23064E-03    0.17944E-03   -0.12943E-03    0.32191E-05    0.31673E-03
    0.18908E-05   -0.53275E-04    0.48154E-05   -0.27213E-03    0.73283E-04   -0.69939E-03   -0.60711E+00   -0.83052E-04    0.42379E+00   -0.18325E-01   -0.36874E+00   -0.36229E-01   -0.39895E-03   -0.94922E-03   -0.83368E-02    0.45925E-05    0.37149E-04    0.28273E-02    0.57030E-01   -0.43569E-01    0.20028E-01   -0.40578E-01    0.13832E+00    0.61287E-01    0.37185E-02   -0.18104E-01    0.13533E+00   -0.35546E-01    0.13381E+00   -0.46080E-02   -0.12747E-01    0.11038E-01    0.94858E+00   -0.13443E-01   -0.13428E-01    0.17981E-01    0.11693E+00   -0.25079E+00    0.97311E-01   -0.85664E-03    0.29965E+00    0.22555E-01    0.86722E-02    0.24215E+00   -0.21184E-02   -0.27978E-02   -0.25853E-03    0.75478E-04    0.18876E-02   -0.11545E-03    0.22643E-03    0.23822E-04    0.73519E-04   -0.74679E-03    0.57274E-04   -0.40436E-03
    0.13595E-05   -0.58908E-04    0.54105E-05   -0.75960E-04    0.15809E-03   -0.34653E-03   -0.32474E+01   -0.18501E-01   -0.14184E+00    0.12609E-02   -0.10646E+00   -0.83451E-02    0.15780E-02   -0.39566E-03   -0.49643E-02   -0.53942E-05    0.87577E-05    0.19155E-02    0.41639E-01   -0.95762E-01    0.16886E+00    0.12086E+00   -0.10334E+00    0.41241E-01   -0.89262E-01    0.14391E+00   -0.12502E+00   -0.85912E-01    0.15951E-02   -0.60318E-02   -0.70912E-02    0.25703E-01   -0.13443E-01    0.96693E+00   -0.66912E-01   -0.47818E-01    0.30572E-01    0.19159E+00   -0.87663E-01    0.14957E-01    0.11254E+00    0.21736E-01    0.57762E-02    0.14637E+00   -0.59092E-03   -0.70067E-03   -0.54786E-04    0.29034E-02    0.54482E-02    0.14316E-03   -0.18361E-03    0.29453E-03    0.12284E-03    0.19757E-03   -0.15030E-03    0.42548E-03
    0.11215E-06   -0.56561E-05    0.20435E-04    0.35216E-03    0.32105E-03    0.97000E-03   -0.14900E+01    0.16910E+00    0.14685E+00   -0.18718E-01   -0.83054E-01    0.12388E-02    0.25102E-03   -0.23983E-03   -0.11724E-02    0.16859E-04    0.39549E-04    0.63302E-03    0.44082E-01    0.14541E+00   -0.22191E+00   -0.69786E-01    0.10332E+00    0.10565E+00    0.64584E+00   -0.70028E-01   -0.19534E+00   -0.62453E-01    0.12657E+00    0.59021E+00    0.10132E+00   -0.10248E+00   -0.13428E-01   -0.66912E-01    0.96326E+00   -0.27907E-01    0.35974E-01    0.85659E-02    0.17414E-01    0.35647E-02    0.12556E+00    0.22748E-01    0.85724E-02   -0.42925E-01   -0.18148E-02   -0.11525E-02    0.26835E-03    0.45176E-03   -0.53213E-03    0.25768E-03    0.36970E-03    0.44937E-03    0.30263E-03    0.82704E-03    0.12644E-03   -0.15065E-03
   -0.18052E-05    0.64955E-04   -0.45188E-05   -0.29976E-03   -0.16069E-03   -0.27085E-03   -0.17496E+01    0.79428E-01    0.28623E-01    0.74014E-02   -0.38333E-01   -0.10174E-01   -0.17661E-03   -0.33542E-04   -0.14575E-02    0.73229E-05    0.65857E-04   -0.21132E-02    0.27568E-04    0.38196E-01    0.70561E-01    0.25857E-01    0.12179E-01   -0.63037E-01    0.20654E+00    0.26807E+00    0.60907E+00    0.65717E-01   -0.53655E+00    0.17856E+00    0.14175E+00    0.59526E-01    0.17981E-01   -0.47818E-01   -0.27907E-01    0.94785E+00    0.25520E-01    0.86719E-02   -0.27439E-01   -0.35179E-02    0.10993E+00   -0.21066E-01    0.42345E-02    0.18778E+00    0.15693E-02    0.47559E-03    0.71073E-04   -0.14635E-03    0.49673E-03    0.33123E-04    0.30793E-03   -0.25973E-04    0.25132E-04   -0.43365E-03    0.18775E-03    0.55335E-03
    0.17367E-06    0.43607E-04   -0.33346E-05    0.12863E-03   -0.39942E-04    0.45109E-03   -0.32612E+01   -0.16868E+00    0.23062E+00   -0.12811E-04   -0.22739E-01    0.10102E-01   -0.28138E-02   -0.23146E-03    0.33866E-02    0.19249E-05   -0.45826E-04   -0.34364E-02   -0.44438E-02   -0.28160E-01    0.11456E+00    0.27186E-01    0.10095E-01    0.82773E-01   -0.20601E-01    0.78086E+00    0.11533E+00   -0.17873E-01    0.34489E+00    0.13463E+00   -0.14475E-01    0.15317E+00    0.11693E+00    0.30572E-01    0.35974E-01    0.25520E-01    0.96925E+00    0.29461E-01   -0.17892E-01   -0.76678E-02   -0.89947E-01    0.11905E-01    0.77314E-02   -0.12842E-01   -0.16713E-02   -0.32206E-03    0.23144E-03   -0.18303E-02    0.11575E-03    0.10948E-03   -0.16873E-03   -0.21840E-04   -0.28211E-03   -0.24560E-03    0.12934E-03   -0.78756E-03
   -0.75530E-05    0.37600E-04   -0.35950E-05    0.15982E-03   -0.28314E-04    0.41635E-03   -0.80822E+00   -0.16482E+00   -0.19952E+00   -0.43731E-02    0.16229E+00   -0.27984E-01   -0.56832E-03    0.31294E-03    0.80741E-02   -0.18606E-05   -0.82838E-04    0.13913E-01    0.40985E-01    0.25072E-01    0.10031E-01   -0.16948E+00   -0.14806E+00   -0.29139E-01   -0.43118E-01    0.32553E+00   -0.59930E+00    0.30349E+00   -0.32852E+00    0.53913E-01    0.12713E+00    0.13083E-01   -0.25079E+00    0.19159E+00    0.85659E-02    0.86719E-02    0.29461E-01    0.96984E+00    0.23082E-02    0.22584E-01   -0.30952E+00    0.68308E-02    0.14770E-01   -0.11170E+00    0.19501E-02    0.23596E-02    0.16792E-03   -0.27546E-02    0.55434E-02   -0.42169E-04   -0.17468E-03   -0.13435E-03   -0.25965E-03    0.87588E-04   -0.41699E-03    0.38365E-03
    0.12794E-04   -0.91484E-04    0.20084E-04    0.31310E-03    0.29973E-03    0.46492E-03    0.23167E+01   -0.95247E-01   -0.17741E+00    0.26453E-01    0.27738E+00    0.22662E-01   -0.25167E-02   -0.86755E-04    0.92642E-02   -0.59427E-06    0.12555E-04   -0.42361E-02   -0.53040E-01    0.91295E-01   -0.23576E+00    0.83560E-01    0.49131E-01    0.32546E-01    0.10733E+00   -0.22470E+00    0.16712E+00    0.68456E+00    0.23978E+00   -0.76902E-01    0.14798E+00   -0.34811E-01    0.97311E-01   -0.87663E-01    0.17414E-01   -0.27439E-01   -0.17892E-01    0.23082E-02    0.10041E+01    0.15608E-01   -0.19527E+00    0.50392E-01   -0.45945E-02   -0.15651E+00    0.26076E-03    0.34718E-03   -0.87055E-03    0.35695E-02   -0.25529E-02   -0.22117E-03   -0.19374E-03    0.34253E-04    0.35802E-03    0.53836E-04    0.11913E-03    0.34622E-03
    0.10429E-04   -0.51083E-04    0.11030E-04    0.21464E-03    0.22092E-03    0.31209E-03    0.77786E+00    0.24596E+00    0.26679E+00    0.48735E-01   -0.38137E+00   -0.94456E-01   -0.25047E-02    0.65890E-02   -0.89832E-02    0.91126E-06    0.66879E-04    0.60608E-01    0.97094E-01    0.40301E-02   -0.54197E-02    0.74032E-02   -0.44162E-02   -0.77558E-02   -0.63494E-02   -0.10748E-01   -0.11941E-01    0.65846E-02   -0.20677E-02    0.99861E-02    0.18945E-01    0.76093E-02   -0.85664E-03    0.14957E-01    0.35647E-02   -0.35179E-02   -0.76678E-02    0.22584E-01    0.15608E-01    0.34893E+00    0.24599E+00    0.39506E-01    0.15549E+00    0.45254E+00    0.11395E-01    0.14211E-01   -0.50352E-02   -0.27897E-02   -0.60192E-03    0.52260E-03    0.10176E-03    0.75480E-03    0.16190E-03   -0.60086E-03    0.28381E-03    0.14239E-02
    0.12438E-03   -0.58219E-03    0.99717E-04    0.25760E-02    0.27429E-02    0.38352E-02    0.39421E-01   -0.24507E+01    0.15955E+02   -0.72569E-01   -0.11224E+02   -0.78824E+00   -0.15343E+00    0.48574E-02   -0.18828E+00   -0.30009E-04    0.36549E-03    0.15973E+00    0.11782E+01   -0.16349E+00    0.74328E-01    0.11626E-02   -0.40479E-02   -0.45141E-01   -0.31837E-01   -0.12879E+00    0.25912E+00   -0.23004E+00    0.11349E+00    0.25801E+00    0.23656E+00   -0.78494E-01    0.29965E+00    0.11254E+00    0.12556E+00    0.10993E+00   -0.89947E-01   -0.30952E+00   -0.19527E+00    0.24599E+00    0.15803E+02   -0.14346E-01    0.42827E+00    0.60532E+01    0.79082E-02   -0.24757E-01   -0.13837E-01    0.31527E-01    0.43901E-01    0.19668E-02    0.21510E-01    0.29608E-02    0.14595E-01    0.19339E-02    0.41007E-02   -0.43793E-02
    0.31801E-04   -0.24700E-03    0.47825E-04    0.12705E-02    0.10112E-02    0.20566E-02    0.27780E+01    0.36693E+00   -0.10131E+01   -0.22336E+00   -0.10139E+00   -0.82985E+00   -0.95341E-02   -0.15413E-01    0.35042E-02   -0.60827E-05    0.11227E-03    0.68585E-02    0.40601E+00   -0.49974E-01   -0.28632E-01   -0.55830E-02   -0.31196E-01    0.61740E-02    0.53095E-03    0.64120E-02   -0.13934E-01    0.37325E-01    0.14104E-01    0.23581E-01    0.53835E-02   -0.15231E-01    0.22555E-01    0.21736E-01    0.22748E-01   -0.21066E-01    0.11905E-01    0.68308E-02    0.50392E-01    0.39506E-01   -0.14346E-01    0.22908E+01    0.40221E-02    0.27765E+00   -0.92276E-01   -0.10811E+00   -0.43506E-02   -0.51015E-02    0.20391E-02   -0.34320E-03    0.10606E-02   -0.76273E-04    0.12183E-02    0.15098E-02   -0.82164E-04    0.10379E-02
    0.23383E-04   -0.96300E-04    0.10500E-04    0.63664E-03    0.37379E-03    0.10465E-02   -0.43421E+00   -0.15379E+00    0.66854E+00   -0.14094E-01   -0.73157E+00   -0.94373E-01   -0.45918E-02    0.37217E-02   -0.11026E-01   -0.32493E-06    0.34692E-04    0.56059E-01    0.21162E+00   -0.10729E-01    0.20205E-02    0.37324E-02   -0.27115E-02   -0.13917E-01   -0.86647E-03    0.11087E-01   -0.85403E-02   -0.29173E-02    0.73399E-03    0.14011E-01    0.21556E-01   -0.41837E-02    0.86722E-02    0.57762E-02    0.85724E-02    0.42345E-02    0.77314E-02    0.14770E-01   -0.45945E-02    0.15549E+00    0.42827E+00    0.40221E-02    0.23933E+00    0.38937E+00    0.68154E-02    0.13114E-01   -0.34707E-03    0.12375E-02    0.30287E-02    0.14517E-03   -0.33689E-04    0.20258E-03   -0.11326E-03    0.32984E-03    0.29274E-03    0.36958E-03
    0.12680E-03   -0.55918E-03    0.12572E-03    0.22131E-02    0.17464E-02    0.29604E-02    0.65612E+01   -0.98349E+00    0.95974E+01   -0.41584E-01   -0.81796E+01   -0.14059E+01   -0.12014E+00    0.51916E-02   -0.14551E+00   -0.58809E-04    0.46735E-03    0.23482E+00    0.20080E+01   -0.16404E+00    0.60330E-01    0.26305E-01   -0.16730E-01    0.18805E-01   -0.13103E+00   -0.35277E-01    0.22208E+00   -0.13526E+00    0.16574E-01    0.17541E+00    0.28723E+00   -0.53108E-01    0.24215E+00    0.14637E+00   -0.42925E-01    0.18778E+00   -0.12842E-01   -0.11170E+00   -0.15651E+00    0.45254E+00    0.60532E+01    0.27765E+00    0.38937E+00    0.17621E+02    0.28552E-02   -0.58763E-01   -0.25655E-01   -0.58446E-02    0.95675E-02    0.24953E-02    0.37241E-02    0.27368E-02    0.17606E-02    0.15427E-03    0.61173E-02    0.31972E-01
   -0.56353E-06    0.74493E-05   -0.53163E-06   -0.49289E-04   -0.34851E-04   -0.88144E-04    0.99417E-01    0.38865E-01   -0.39451E-01    0.46550E-01    0.53596E-01    0.41417E-01    0.39666E-03    0.22764E-03   -0.60990E-03    0.74190E-07    0.16162E-05    0.43927E-02   -0.47629E-01    0.13863E-02    0.23066E-03    0.19718E-02    0.75402E-03   -0.15948E-02   -0.28683E-02   -0.17159E-02    0.78809E-03    0.10482E-02   -0.21552E-02    0.14562E-02    0.25139E-03    0.12607E-02   -0.21184E-02   -0.59092E-03   -0.18148E-02    0.15693E-02   -0.16713E-02    0.19501E-02    0.26076E-03    0.11395E-01    0.79082E-02   -0.92276E-01    0.68154E-02    0.28552E-02    0.82040E-02    0.75375E-02   -0.20517E-03    0.43213E-03   -0.19760E-03    0.16786E-04    0.26722E-04   -0.21122E-05    0.18102E-04   -0.13373E-03    0.33304E-04    0.12374E-03
   -0.11528E-05    0.43297E-05   -0.14365E-05   -0.78472E-04   -0.38074E-04   -0.15832E-03   -0.33504E+00   -0.25440E-01   -0.83872E-01    0.44239E-01    0.73050E-01    0.72316E-01    0.17224E-02    0.16585E-02   -0.79279E-04    0.49782E-06   -0.22103E-05    0.76756E-02   -0.35979E-01    0.28488E-02    0.72315E-03    0.32609E-02    0.86345E-03   -0.27294E-02   -0.84102E-03    0.47847E-03   -0.96908E-03    0.43602E-03   -0.19203E-02   -0.44426E-03   -0.10797E-02    0.13668E-03   -0.27978E-02   -0.70067E-03   -0.11525E-02    0.47559E-03   -0.32206E-03    0.23596E-02    0.34718E-03    0.14211E-01   -0.24757E-01   -0.10811E+00    0.13114E-01   -0.58763E-01    0.75375E-02    0.13493E-01    0.47166E-03    0.33881E-03   -0.10503E-04    0.25098E-04   -0.27361E-04    0.24368E-05   -0.23449E-04    0.53662E-05    0.10053E-03   -0.37748E-04
   -0.18168E-06    0.90927E-06   -0.19356E-06   -0.97829E-05   -0.29736E-05   -0.16727E-04   -0.74495E-01   -0.29598E-01   -0.89371E-03   -0.43455E-02   -0.80588E-02   -0.10612E-02    0.41935E-03   -0.44584E-03    0.31215E-03    0.25405E-06   -0.31044E-05    0.10030E-02    0.16540E-01    0.21232E-03    0.43172E-03   -0.20437E-03   -0.46866E-03   -0.68969E-03    0.11824E-02    0.91208E-03   -0.61308E-03   -0.76097E-03    0.66667E-07   -0.10264E-02   -0.30423E-03   -0.12373E-03   -0.25853E-03   -0.54786E-04    0.26835E-03    0.71073E-04    0.23144E-03    0.16792E-03   -0.87055E-03   -0.50352E-02   -0.13837E-01   -0.43506E-02   -0.34707E-03   -0.25655E-01   -0.20517E-03    0.47166E-03    0.50414E-03    0.11915E-03    0.16028E-04    0.46475E-06   -0.25977E-04    0.24378E-05   -0.23596E-04    0.47705E-04    0.11169E-04   -0.93288E-04
