# omegabh2 omegach2 theta tau w logA ns calPlanck acib217 xi asz143 aps100 aps143 aps143217 aps217 aksz kgal100 kgal143 kgal143217 kgal217 galfEE100 galfEE100143 galfEE100217 galfEE143 galfEE143217 galfEE217 galfTE100 galfTE100143 galfTE100217 galfTE143 galfTE143217 galfTE217 cal0 cal2
    0.2273177E-07   -0.1132705E-06    0.1823619E-07    0.7528730E-06    0.3423612E-05    0.1373800E-05    0.3270951E-06    0.3377079E-07   -0.1118440E-03    0.3002374E-05    0.3237926E-04   -0.5081420E-03   -0.2201699E-03    0.8982346E-06    0.6639742E-04   -0.4419610E-04   -0.7045295E-05   -0.2522413E-05   -0.6866646E-05    0.1050594E-04    0.9030533E-07    0.3480691E-07    0.6842968E-07    0.5464082E-07    0.3908136E-08   -0.9932849E-07   -0.1727237E-06   -0.3841719E-07   -0.1632241E-06   -0.1302183E-06   -0.6582390E-06   -0.1175338E-05    0.1969840E-08   -0.1085067E-07
   -0.1132705E-06    0.1776268E-05   -0.1667784E-06   -0.9084517E-05   -0.5206397E-04   -0.1413178E-04   -0.4561929E-05   -0.1796776E-06    0.3405237E-03   -0.1919499E-04   -0.1337298E-03    0.2052773E-02    0.1059247E-02    0.1351482E-03    0.7146739E-04    0.1251818E-03    0.4044977E-05   -0.6476049E-04   -0.5580958E-05    0.1126876E-03   -0.8565565E-06   -0.3501394E-06   -0.5233351E-06   -0.6141390E-06   -0.1124199E-06    0.7411063E-06    0.8538207E-06    0.6633468E-06   -0.1714548E-05    0.8371428E-06    0.3153361E-05    0.1039462E-04    0.1491706E-07    0.6191188E-07
    0.1823619E-07   -0.1667784E-06    0.1001561E-06    0.1039804E-05    0.6241261E-05    0.1824365E-05    0.5446395E-06    0.3019820E-07   -0.5255419E-04    0.1069922E-05    0.2829224E-04   -0.3291632E-03   -0.8256689E-04    0.2872872E-04    0.4906195E-04   -0.2367828E-04   -0.6040305E-05    0.1260680E-04    0.1020000E-04   -0.1086140E-04    0.3888518E-07    0.3580356E-07    0.1013607E-06    0.5467457E-07   -0.1755912E-07   -0.3054547E-06    0.2251042E-06    0.2430148E-07   -0.2949816E-07   -0.1030348E-06   -0.1091402E-05   -0.2688231E-05   -0.1126329E-08   -0.1446066E-07
    0.7528730E-06   -0.9084517E-05    0.1039804E-05    0.2783033E-03    0.3082352E-03    0.5364164E-03    0.3471856E-04    0.1300081E-05   -0.1170790E-01    0.4064587E-03    0.1000114E-02   -0.3665183E-01   -0.1365843E-01    0.2415954E-02    0.8701839E-02   -0.4118115E-02   -0.9000718E-03   -0.5616656E-03   -0.1720914E-02    0.1615949E-02    0.5363752E-05    0.2587276E-05    0.2051702E-05    0.4911472E-05    0.2543947E-05   -0.6145916E-05    0.2382440E-06   -0.5465812E-05   -0.4175954E-05   -0.1734239E-04   -0.2650343E-04   -0.4659684E-04   -0.8763258E-07   -0.9028635E-06
    0.3423612E-05   -0.5206397E-04    0.6241261E-05    0.3082352E-03    0.3673854E-02    0.5000558E-03    0.1386474E-03    0.4792851E-05   -0.1292507E-01    0.4639832E-03    0.4448554E-02   -0.7989260E-01   -0.3912760E-01   -0.6993643E-02    0.2574328E-02   -0.4448227E-02   -0.1782624E-02    0.2177850E-02   -0.3637148E-02   -0.6957132E-02    0.1584560E-04    0.1048043E-04    0.8335274E-05    0.1999078E-04    0.1715084E-05    0.4108685E-05    0.7286763E-05   -0.2605922E-05    0.7879408E-04   -0.2652605E-04   -0.4779095E-04   -0.3382079E-03   -0.8090666E-06   -0.2458537E-05
    0.1373800E-05   -0.1413178E-04    0.1824365E-05    0.5364164E-03    0.5000558E-03    0.1068258E-02    0.5776473E-04    0.1371013E-04   -0.2354138E-01    0.8424804E-03    0.1977696E-02   -0.6853088E-01   -0.2454961E-01    0.8418231E-02    0.2343356E-01   -0.8848513E-02   -0.2113548E-02   -0.1843789E-02   -0.3370898E-02    0.5878839E-02    0.1088436E-04    0.4914281E-05    0.1730607E-05    0.9072127E-05    0.7544178E-05   -0.1575120E-04    0.9205390E-05   -0.5576878E-05    0.1838043E-05   -0.3479294E-04   -0.5456747E-04   -0.6932809E-04    0.2609356E-07   -0.1634953E-05
    0.3270951E-06   -0.4561929E-05    0.5446395E-06    0.3471856E-04    0.1386474E-03    0.5776473E-04    0.2139398E-04    0.6676534E-06   -0.5768188E-02    0.1516442E-03    0.1324817E-02   -0.2775756E-01   -0.7435254E-02    0.3305005E-02    0.6815919E-02   -0.2481104E-02    0.8003896E-04   -0.2037726E-04   -0.3572126E-03    0.6172613E-03    0.4711655E-05    0.1613714E-05    0.6904624E-06    0.2901128E-05    0.3393221E-06    0.1195828E-05   -0.1616903E-06   -0.6339344E-06    0.5726197E-05   -0.1546627E-05   -0.7728568E-05   -0.2670675E-04   -0.2540735E-06   -0.5575002E-06
    0.3377079E-07   -0.1796776E-06    0.3019820E-07    0.1300081E-05    0.4792851E-05    0.1371013E-04    0.6676534E-06    0.5699000E-05    0.3365349E-03    0.1596991E-04    0.1006275E-03    0.8525918E-03   -0.2212762E-03    0.4951882E-03    0.1249284E-02   -0.4948235E-04   -0.3118002E-04   -0.2726012E-04    0.1608338E-03    0.1011681E-02    0.1685083E-05    0.4561464E-06   -0.7506286E-06    0.5963799E-06    0.1638210E-05   -0.1053955E-05    0.4388653E-05    0.2483732E-05    0.9109330E-05   -0.3096491E-06   -0.1997309E-05    0.4346886E-05   -0.3152728E-07    0.3533534E-07
   -0.1118440E-03    0.3405237E-03   -0.5255419E-04   -0.1170790E-01   -0.1292507E-01   -0.2354138E-01   -0.5768188E-02    0.3365349E-03    0.4979071E+02   -0.4406548E+00   -0.1681115E+01    0.4567912E+02    0.9225022E+00   -0.2102374E+02   -0.6811757E+02    0.3516718E+00   -0.8757178E-01    0.4379213E+00   -0.3190715E+01   -0.2588705E+02    0.6301487E-03    0.2275125E-03   -0.5216139E-03   -0.2635191E-03    0.1159994E-02   -0.3810966E-02   -0.7014070E-02    0.2937440E-04    0.4115050E-01    0.1629292E-02    0.5010553E-02    0.2908863E-01   -0.1165493E-03    0.4531901E-02
    0.3002374E-05   -0.1919499E-04    0.1069922E-05    0.4064587E-03    0.4639832E-03    0.8424804E-03    0.1516442E-03    0.1596991E-04   -0.4406548E+00    0.8328356E-01   -0.7070612E-01   -0.4408573E+00    0.1012754E+01    0.1805126E+01    0.6828360E+00    0.7333871E-01   -0.9911620E-02   -0.6140667E-03    0.8716733E-01    0.5983149E-01    0.1246064E-03    0.2592582E-04    0.5098735E-04   -0.4731511E-05   -0.7126357E-04   -0.6413943E-05   -0.1886275E-03    0.3880350E-04    0.1799680E-03    0.5615550E-04    0.9881003E-04    0.2500980E-03    0.3880583E-05   -0.1781478E-04
    0.3237926E-04   -0.1337298E-03    0.2829224E-04    0.1000114E-02    0.4448554E-02    0.1977696E-02    0.1324817E-02    0.1006275E-03   -0.1681115E+01   -0.7070612E-01    0.3632977E+01   -0.2824992E+02   -0.3574573E+01    0.7630172E+01    0.6825517E+01   -0.2572560E+01   -0.2061101E+00    0.5560279E-01    0.2335168E+01    0.1983658E+01    0.1113453E-03    0.7611501E-04    0.1907314E-04    0.2402296E-03    0.4547579E-03   -0.7821307E-03    0.3383960E-02    0.1464429E-02    0.6442027E-02    0.1316609E-02    0.3972048E-03   -0.2898989E-02    0.2012099E-03   -0.4102972E-03
   -0.5081420E-03    0.2052773E-02   -0.3291632E-03   -0.3665183E-01   -0.7989260E-01   -0.6853088E-01   -0.2775756E-01    0.8525918E-03    0.4567912E+02   -0.4408573E+00   -0.2824992E+02    0.7053791E+03    0.6688043E+02   -0.5890674E+02   -0.7648920E+02    0.1235978E+02   -0.1846563E+00   -0.3563082E+00   -0.1304998E+02   -0.2132679E+02   -0.2179037E-02   -0.1914145E-02    0.1539801E-02   -0.3423494E-02    0.7813533E-02   -0.1836662E-01    0.2831109E-02   -0.1468131E-01   -0.1705132E-01    0.3745699E-03    0.1222680E-01    0.1117121E+00    0.4378479E-02    0.4367396E-02
   -0.2201699E-03    0.1059247E-02   -0.8256689E-04   -0.1365843E-01   -0.3912760E-01   -0.2454961E-01   -0.7435254E-02   -0.2212762E-03    0.9225022E+00    0.1012754E+01   -0.3574573E+01    0.6688043E+02    0.5825769E+02    0.4221591E+02    0.1619612E+02   -0.4522804E+01   -0.3346471E+00   -0.1139933E+01    0.3418634E+01    0.2604342E+01   -0.5604516E-03   -0.1706343E-03   -0.1069984E-02   -0.1225316E-02   -0.5089609E-03    0.4671670E-02   -0.1066907E-01   -0.2478331E-02   -0.1187275E-01    0.3575825E-02    0.1811528E-01    0.5364464E-01    0.2241283E-03    0.1186415E-03
    0.8982346E-06    0.1351482E-03    0.2872872E-04    0.2415954E-02   -0.6993643E-02    0.8418231E-02    0.3305005E-02    0.4951882E-03   -0.2102374E+02    0.1805126E+01    0.7630172E+01   -0.5890674E+02    0.4221591E+02    0.9306031E+02    0.6540534E+02   -0.1159387E+02   -0.8075517E+00   -0.7414370E+00    0.4213253E+01    0.4577131E+01    0.9672688E-03    0.3759061E-03   -0.7253369E-03    0.2888517E-03   -0.2205316E-03    0.3995475E-02    0.1760830E-02    0.1182697E-02    0.9418226E-02    0.7226151E-02    0.1712467E-01    0.2318591E-01    0.7462781E-03   -0.2818363E-02
    0.6639742E-04    0.7146739E-04    0.4906195E-04    0.8701839E-02    0.2574328E-02    0.2343356E-01    0.6815919E-02    0.1249284E-02   -0.6811757E+02    0.6828360E+00    0.6825517E+01   -0.7648920E+02    0.1619612E+02    0.6540534E+02    0.1284621E+03   -0.1013512E+02   -0.4314378E+00   -0.9374257E+00    0.6905023E+00    0.2304773E+02   -0.1322076E-02   -0.3654621E-03   -0.1668520E-02    0.8434909E-03   -0.2012924E-03    0.1026616E-01    0.1005287E-01   -0.5789335E-03   -0.4620513E-01    0.7326970E-03    0.1031893E-01   -0.1214454E-01    0.5006621E-03   -0.7969379E-02
   -0.4419610E-04    0.1251818E-03   -0.2367828E-04   -0.4118115E-02   -0.4448227E-02   -0.8848513E-02   -0.2481104E-02   -0.4948235E-04    0.3516718E+00    0.7333871E-01   -0.2572560E+01    0.1235978E+02   -0.4522804E+01   -0.1159387E+02   -0.1013512E+02    0.5772701E+01    0.1849988E+00   -0.5025046E-01   -0.2012734E+01   -0.1629160E+01   -0.5619088E-03   -0.1651839E-03    0.6594196E-03   -0.3975439E-03    0.1210492E-03   -0.2600902E-03   -0.9650046E-03    0.4531607E-03   -0.3268089E-02   -0.5863237E-04   -0.4162788E-02   -0.9148764E-02   -0.1113788E-03    0.1782949E-03
   -0.7045295E-05    0.4044977E-05   -0.6040305E-05   -0.9000718E-03   -0.1782624E-02   -0.2113548E-02    0.8003896E-04   -0.3118002E-04   -0.8757178E-01   -0.9911620E-02   -0.2061101E+00   -0.1846563E+00   -0.3346471E+00   -0.8075517E+00   -0.4314378E+00    0.1849988E+00    0.3127561E+01    0.7968339E+00    0.3816520E+00    0.6346636E+00    0.5602363E-04   -0.7549521E-04    0.4968233E-04    0.1182122E-03   -0.2895473E-03    0.8397923E-03   -0.4719185E-02   -0.2784876E-03   -0.4668874E-02    0.7489265E-03    0.1012345E-02    0.5645691E-03    0.4157568E-03    0.8947780E-05
   -0.2522413E-05   -0.6476049E-04    0.1260680E-04   -0.5616656E-03    0.2177850E-02   -0.1843789E-02   -0.2037726E-04   -0.2726012E-04    0.4379213E+00   -0.6140667E-03    0.5560279E-01   -0.3563082E+00   -0.1139933E+01   -0.7414370E+00   -0.9374257E+00   -0.5025046E-01    0.7968339E+00    0.3116990E+01    0.2399055E+01    0.1391087E+01   -0.2228037E-03   -0.5087381E-05   -0.3571897E-04   -0.1214355E-03    0.3256727E-03    0.1056294E-02    0.4233568E-02    0.7605506E-04    0.5167861E-02   -0.3484142E-03   -0.8599941E-04   -0.4547198E-04   -0.4132201E-03   -0.1692829E-03
   -0.6866646E-05   -0.5580958E-05    0.1020000E-04   -0.1720914E-02   -0.3637148E-02   -0.3370898E-02   -0.3572126E-03    0.1608338E-03   -0.3190715E+01    0.8716733E-01    0.2335168E+01   -0.1304998E+02    0.3418634E+01    0.4213253E+01    0.6905023E+00   -0.2012734E+01    0.3816520E+00    0.2399055E+01    0.1756204E+02    0.2701024E+02    0.5608942E-03    0.3227494E-04    0.4096404E-04   -0.3948544E-03   -0.7640353E-04   -0.1679441E-02    0.2062070E-02    0.5929420E-03   -0.1032601E-02    0.1936097E-02   -0.2817852E-02    0.6966011E-02   -0.4917498E-04    0.2428459E-02
    0.1050594E-04    0.1126876E-03   -0.1086140E-04    0.1615949E-02   -0.6957132E-02    0.5878839E-02    0.6172613E-03    0.1011681E-02   -0.2588705E+02    0.5983149E-01    0.1983658E+01   -0.2132679E+02    0.2604342E+01    0.4577131E+01    0.2304773E+02   -0.1629160E+01    0.6346636E+00    0.1391087E+01    0.2701024E+02    0.6215108E+02    0.4850403E-03   -0.6196613E-04    0.8441884E-03   -0.4045478E-03   -0.9457821E-03   -0.1051385E-03    0.2697907E-02   -0.1257851E-02   -0.2670768E-01    0.1495971E-02   -0.1216740E-01   -0.8156596E-02    0.6192956E-05    0.4302144E-02
    0.9030533E-07   -0.8565565E-06    0.3888518E-07    0.5363752E-05    0.1584560E-04    0.1088436E-04    0.4711655E-05    0.1685083E-05    0.6301487E-03    0.1246064E-03    0.1113453E-03   -0.2179037E-02   -0.5604516E-03    0.9672688E-03   -0.1322076E-02   -0.5619088E-03    0.5602363E-04   -0.2228037E-03    0.5608942E-03    0.4850403E-03    0.1240900E-03    0.1066964E-04   -0.3206922E-05    0.2633620E-05    0.2917111E-05   -0.8411090E-06   -0.1111259E-04   -0.7594190E-05    0.1824923E-05   -0.6241857E-05    0.1185789E-04    0.6187914E-05   -0.1027637E-07    0.1534381E-06
    0.3480691E-07   -0.3501394E-06    0.3580356E-07    0.2587276E-05    0.1048043E-04    0.4914281E-05    0.1613714E-05    0.4561464E-06    0.2275125E-03    0.2592582E-04    0.7611501E-04   -0.1914145E-02   -0.1706343E-03    0.3759061E-03   -0.3654621E-03   -0.1651839E-03   -0.7549521E-04   -0.5087381E-05    0.3227494E-04   -0.6196613E-04    0.1066964E-04    0.1353669E-04   -0.9208845E-06    0.6104593E-05   -0.2286146E-06   -0.3263410E-05   -0.7448102E-06   -0.8728991E-06    0.4496692E-06    0.4996309E-06    0.1755012E-05    0.1823144E-04   -0.4138719E-07   -0.8811380E-08
    0.6842968E-07   -0.5233351E-06    0.1013607E-06    0.2051702E-05    0.8335274E-05    0.1730607E-05    0.6904624E-06   -0.7506286E-06   -0.5216139E-03    0.5098735E-04    0.1907314E-04    0.1539801E-02   -0.1069984E-02   -0.7253369E-03   -0.1668520E-02    0.6594196E-03    0.4968233E-04   -0.3571897E-04    0.4096404E-04    0.8441884E-03   -0.3206922E-05   -0.9208845E-06    0.2289462E-03    0.1862463E-05   -0.2050256E-05    0.2934879E-05    0.1794017E-04    0.4170008E-05    0.8156379E-06    0.5352456E-07   -0.8862109E-05   -0.9058792E-04    0.1823973E-06    0.2156475E-06
    0.5464082E-07   -0.6141390E-06    0.5467457E-07    0.4911472E-05    0.1999078E-04    0.9072127E-05    0.2901128E-05    0.5963799E-06   -0.2635191E-03   -0.4731511E-05    0.2402296E-03   -0.3423494E-02   -0.1225316E-02    0.2888517E-03    0.8434909E-03   -0.3975439E-03    0.1182122E-03   -0.1214355E-03   -0.3948544E-03   -0.4045478E-03    0.2633620E-05    0.6104593E-05    0.1862463E-05    0.2963413E-04   -0.1388162E-05    0.4571429E-05    0.6826364E-06    0.2688408E-06   -0.8184612E-05    0.4119487E-05    0.1792176E-05    0.9044983E-05    0.1232050E-07   -0.6386602E-07
    0.3908136E-08   -0.1124199E-06   -0.1755912E-07    0.2543947E-05    0.1715084E-05    0.7544178E-05    0.3393221E-06    0.1638210E-05    0.1159994E-02   -0.7126357E-04    0.4547579E-03    0.7813533E-02   -0.5089609E-03   -0.2205316E-03   -0.2012924E-03    0.1210492E-03   -0.2895473E-03    0.3256727E-03   -0.7640353E-04   -0.9457821E-03    0.2917111E-05   -0.2286146E-06   -0.2050256E-05   -0.1388162E-05    0.3729650E-03    0.1267992E-04   -0.9674942E-05   -0.1026169E-05   -0.4926318E-04    0.1537916E-04    0.2725967E-05   -0.1670310E-04    0.1056561E-06    0.6641466E-07
   -0.9932849E-07    0.7411063E-06   -0.3054547E-06   -0.6145916E-05    0.4108685E-05   -0.1575120E-04    0.1195828E-05   -0.1053955E-05   -0.3810966E-02   -0.6413943E-05   -0.7821307E-03   -0.1836662E-01    0.4671670E-02    0.3995475E-02    0.1026616E-01   -0.2600902E-03    0.8397923E-03    0.1056294E-02   -0.1679441E-02   -0.1051385E-03   -0.8411090E-06   -0.3263410E-05    0.2934879E-05    0.4571429E-05    0.1267992E-04    0.3484171E-02   -0.2831896E-04   -0.2165793E-04   -0.8710200E-04    0.1200252E-04   -0.2752132E-04   -0.2519181E-04   -0.4905095E-06   -0.5478403E-06
   -0.1727237E-06    0.8538207E-06    0.2251042E-06    0.2382440E-06    0.7286763E-05    0.9205390E-05   -0.1616903E-06    0.4388653E-05   -0.7014070E-02   -0.1886275E-03    0.3383960E-02    0.2831109E-02   -0.1066907E-01    0.1760830E-02    0.1005287E-01   -0.9650046E-03   -0.4719185E-02    0.4233568E-02    0.2062070E-02    0.2697907E-02   -0.1111259E-04   -0.7448102E-06    0.1794017E-04    0.6826364E-06   -0.9674942E-05   -0.2831896E-04    0.5862816E-02    0.1826110E-02    0.1599453E-02   -0.7132629E-03   -0.7804317E-04   -0.3536442E-03    0.2302321E-05   -0.2199214E-05
   -0.3841719E-07    0.6633468E-06    0.2430148E-07   -0.5465812E-05   -0.2605922E-05   -0.5576878E-05   -0.6339344E-06    0.2483732E-05    0.2937440E-04    0.3880350E-04    0.1464429E-02   -0.1468131E-01   -0.2478331E-02    0.1182697E-02   -0.5789335E-03    0.4531607E-03   -0.2784876E-03    0.7605506E-04    0.5929420E-03   -0.1257851E-02   -0.7594190E-05   -0.8728991E-06    0.4170008E-05    0.2688408E-06   -0.1026169E-05   -0.2165793E-04    0.1826110E-02    0.1205226E-02    0.7740519E-03    0.2050273E-03   -0.8803847E-05   -0.3384670E-03   -0.9166178E-08   -0.8260901E-06
   -0.1632241E-06   -0.1714548E-05   -0.2949816E-07   -0.4175954E-05    0.7879408E-04    0.1838043E-05    0.5726197E-05    0.9109330E-05    0.4115050E-01    0.1799680E-03    0.6442027E-02   -0.1705132E-01   -0.1187275E-01    0.9418226E-02   -0.4620513E-01   -0.3268089E-02   -0.4668874E-02    0.5167861E-02   -0.1032601E-02   -0.2670768E-01    0.1824923E-05    0.4496692E-06    0.8156379E-06   -0.8184612E-05   -0.4926318E-04   -0.8710200E-04    0.1599453E-02    0.7740519E-03    0.3248847E-01   -0.4812169E-03    0.1397591E-02    0.1005971E-01   -0.4103008E-06    0.2282917E-05
   -0.1302183E-06    0.8371428E-06   -0.1030348E-06   -0.1734239E-04   -0.2652605E-04   -0.3479294E-04   -0.1546627E-05   -0.3096491E-06    0.1629292E-02    0.5615550E-04    0.1316609E-02    0.3745699E-03    0.3575825E-02    0.7226151E-02    0.7326970E-03   -0.5863237E-04    0.7489265E-03   -0.3484142E-03    0.1936097E-02    0.1495971E-02   -0.6241857E-05    0.4996309E-06    0.5352456E-07    0.4119487E-05    0.1537916E-04    0.1200252E-04   -0.7132629E-03    0.2050273E-03   -0.4812169E-03    0.1392031E-02    0.1682049E-03   -0.3814324E-03    0.6930090E-07    0.5453349E-06
   -0.6582390E-06    0.3153361E-05   -0.1091402E-05   -0.2650343E-04   -0.4779095E-04   -0.5456747E-04   -0.7728568E-05   -0.1997309E-05    0.5010553E-02    0.9881003E-04    0.3972048E-03    0.1222680E-01    0.1811528E-01    0.1712467E-01    0.1031893E-01   -0.4162788E-02    0.1012345E-02   -0.8599941E-04   -0.2817852E-02   -0.1216740E-01    0.1185789E-04    0.1755012E-05   -0.8862109E-05    0.1792176E-05    0.2725967E-05   -0.2752132E-04   -0.7804317E-04   -0.8803847E-05    0.1397591E-02    0.1682049E-03    0.5214731E-02    0.4041924E-02    0.7912412E-07   -0.2262475E-05
   -0.1175338E-05    0.1039462E-04   -0.2688231E-05   -0.4659684E-04   -0.3382079E-03   -0.6932809E-04   -0.2670675E-04    0.4346886E-05    0.2908863E-01    0.2500980E-03   -0.2898989E-02    0.1117121E+00    0.5364464E-01    0.2318591E-01   -0.1214454E-01   -0.9148764E-02    0.5645691E-03   -0.4547198E-04    0.6966011E-02   -0.8156596E-02    0.6187914E-05    0.1823144E-04   -0.9058792E-04    0.9044983E-05   -0.1670310E-04   -0.2519181E-04   -0.3536442E-03   -0.3384670E-03    0.1005971E-01   -0.3814324E-03    0.4041924E-02    0.3525423E-01   -0.2099373E-06    0.1864030E-05
    0.1969840E-08    0.1491706E-07   -0.1126329E-08   -0.8763258E-07   -0.8090666E-06    0.2609356E-07   -0.2540735E-06   -0.3152728E-07   -0.1165493E-03    0.3880583E-05    0.2012099E-03    0.4378479E-02    0.2241283E-03    0.7462781E-03    0.5006621E-03   -0.1113788E-03    0.4157568E-03   -0.4132201E-03   -0.4917498E-04    0.6192956E-05   -0.1027637E-07   -0.4138719E-07    0.1823973E-06    0.1232050E-07    0.1056561E-06   -0.4905095E-06    0.2302321E-05   -0.9166178E-08   -0.4103008E-06    0.6930090E-07    0.7912412E-07   -0.2099373E-06    0.5168604E-06    0.9840707E-08
   -0.1085067E-07    0.6191188E-07   -0.1446066E-07   -0.9028635E-06   -0.2458537E-05   -0.1634953E-05   -0.5575002E-06    0.3533534E-07    0.4531901E-02   -0.1781478E-04   -0.4102972E-03    0.4367396E-02    0.1186415E-03   -0.2818363E-02   -0.7969379E-02    0.1782949E-03    0.8947780E-05   -0.1692829E-03    0.2428459E-02    0.4302144E-02    0.1534381E-06   -0.8811380E-08    0.2156475E-06   -0.6386602E-07    0.6641466E-07   -0.5478403E-06   -0.2199214E-05   -0.8260901E-06    0.2282917E-05    0.5453349E-06   -0.2262475E-05    0.1864030E-05    0.9840707E-08    0.2108228E-05
