# omegabh2 omegach2 theta tau logA ns calPlanck calTE
    0.9801951E-07   -0.3892255E-06    0.5158341E-07    0.1312146E-04    0.2739446E-04    0.3630286E-05   -0.7288811E-08   -0.3762285E-08
   -0.3892255E-06    0.5109482E-05   -0.4493038E-06   -0.6911162E-04   -0.1328638E-03   -0.2110101E-04   -0.1335839E-06   -0.2088981E-06
    0.5158341E-07   -0.4493038E-06    0.2461417E-06    0.7218974E-05    0.1421661E-04    0.2290820E-05    0.3873817E-08   -0.1745076E-07
    0.1312146E-04   -0.6911162E-04    0.7218974E-05    0.4194767E-02    0.8677602E-02    0.7179032E-03   -0.4556167E-05   -0.3644377E-04
    0.2739446E-04   -0.1328638E-03    0.1421661E-04    0.8677602E-02    0.1815193E-01    0.1491771E-02    0.2603791E-05    0.2411877E-04
    0.3630286E-05   -0.2110101E-04    0.2290820E-05    0.7179032E-03    0.1491771E-02    0.2351898E-03    0.3314579E-06    0.2595493E-05
   -0.7288811E-08   -0.1335839E-06    0.3873817E-08   -0.4556167E-05    0.2603791E-05    0.3314579E-06    0.6226625E-05   -0.3257825E-06
   -0.3762285E-08   -0.2088981E-06   -0.1745076E-07   -0.3644377E-04    0.2411877E-04    0.2595493E-05   -0.3257825E-06    0.9790157E-04
