# omegabh2 omegach2 theta tau ns nrun logA aps100 aps143 aps217 acib143 acib217 asz143 psr cibr cal0 cal2 xi aksz bm_1_1 a_ps_act_148 a_ps_act_217 a_ps_spt_95 a_ps_spt_150 a_ps_spt_220 r_ps_spt_95x150 r_ps_spt_95x220 r_ps_150x220 cal_acts_148 cal_acts_217 cal_acte_148 cal_acte_217 cal_spt_95 cal_spt_150 cal_spt_220
    0.79470E-07   -0.36086E-06    0.63222E-07    0.21401E-05    0.82066E-06   -0.11643E-05    0.38535E-05   -0.63331E-04   -0.49217E-04   -0.32440E-04   -0.53169E-05   -0.57923E-06    0.44361E-05   -0.60293E-06    0.78591E-06   -0.25100E-08    0.11270E-08   -0.14745E-06   -0.11260E-04   -0.25151E-05    0.13342E-04    0.10223E-03   -0.18944E-04    0.19853E-04    0.61034E-04   -0.27867E-06    0.11830E-05   -0.24976E-07    0.39069E-06    0.42636E-06    0.40193E-06    0.21892E-06    0.34866E-06    0.30154E-06    0.26575E-06
   -0.36086E-06    0.65890E-05   -0.55985E-06   -0.16136E-04   -0.14892E-04    0.42314E-06   -0.16307E-04    0.25873E-02    0.39119E-03    0.25817E-03   -0.36391E-04   -0.12482E-03   -0.62560E-04    0.45079E-05   -0.59769E-05   -0.72589E-08   -0.28860E-07    0.27618E-05    0.99183E-04    0.17696E-03    0.17135E-05   -0.32562E-03    0.28027E-03   -0.86750E-04   -0.37803E-03   -0.66696E-05   -0.27035E-04   -0.49737E-06   -0.20792E-05   -0.23448E-05   -0.32017E-05   -0.49691E-06   -0.38853E-05   -0.18533E-05    0.28507E-06
    0.63222E-07   -0.55985E-06    0.29691E-06    0.21494E-05    0.15959E-05   -0.14308E-06    0.32527E-05   -0.35148E-03   -0.39029E-04   -0.37718E-04    0.63543E-05    0.54254E-04    0.10290E-04   -0.57160E-07    0.15329E-05   -0.37514E-08   -0.10516E-08   -0.19071E-05   -0.23597E-04   -0.22363E-04   -0.50938E-05   -0.11630E-04   -0.51265E-04    0.78594E-05    0.67164E-04   -0.13255E-06    0.28700E-05   -0.15659E-06    0.17038E-06   -0.12512E-06    0.45877E-06    0.59330E-07    0.12222E-06    0.20017E-06    0.69969E-07
    0.21401E-05   -0.16136E-04    0.21494E-05    0.27549E-03    0.44892E-04   -0.59090E-04    0.52301E-03   -0.21173E-02   -0.92838E-03   -0.86713E-03    0.47441E-03    0.10262E-02    0.90577E-04   -0.50014E-05   -0.11124E-04   -0.24966E-07    0.43002E-06    0.20275E-04   -0.64226E-03   -0.22640E-03   -0.15979E-03    0.45477E-03   -0.24375E-03    0.59990E-03   -0.67584E-04    0.48528E-04    0.83670E-04    0.20105E-04    0.33554E-05    0.90886E-05    0.60626E-05   -0.20046E-05   -0.27925E-05    0.62327E-05   -0.16056E-04
    0.82066E-06   -0.14892E-04    0.15959E-05    0.44892E-04    0.48293E-04    0.45629E-05    0.47782E-04   -0.11187E-01   -0.19631E-02   -0.10307E-02    0.10648E-03   -0.36033E-03    0.27350E-03   -0.32796E-04    0.76414E-05   -0.71385E-07   -0.14180E-08   -0.47418E-04   -0.73001E-03   -0.69951E-03    0.13984E-03    0.16695E-02   -0.28790E-03    0.40357E-03    0.17498E-02   -0.44157E-05    0.51759E-04    0.37392E-05    0.10716E-04    0.40847E-05    0.15518E-04    0.13523E-05    0.14156E-04    0.12210E-04   -0.47683E-06
   -0.11643E-05    0.42314E-06   -0.14308E-06   -0.59090E-04    0.45629E-05    0.75988E-04   -0.13754E-03   -0.97239E-02   -0.15087E-02   -0.61406E-03    0.13020E-04   -0.74205E-03    0.19423E-03   -0.24598E-04   -0.59467E-05    0.46265E-07    0.28607E-07   -0.50062E-04   -0.41976E-03   -0.71956E-03    0.18030E-03   -0.14257E-03   -0.27140E-04    0.31647E-04    0.20508E-02   -0.13924E-04   -0.51642E-05    0.49512E-05    0.13720E-04   -0.98353E-05    0.17334E-04    0.28718E-05    0.13915E-04    0.11933E-04    0.39686E-05
    0.38535E-05   -0.16307E-04    0.32527E-05    0.52301E-03    0.47782E-04   -0.13754E-03    0.10398E-02    0.60492E-02   -0.72371E-03   -0.94375E-03    0.88618E-03    0.21059E-02    0.43388E-04    0.83095E-05   -0.30338E-04   -0.29860E-08    0.86938E-06    0.41245E-04   -0.11665E-02    0.41516E-03   -0.33501E-03    0.22151E-05    0.52266E-04    0.96914E-03   -0.17437E-02    0.85459E-04    0.11104E-03    0.35222E-04   -0.17611E-05    0.13854E-04   -0.50845E-06   -0.78267E-05   -0.16561E-04    0.43826E-05   -0.34840E-04
   -0.63331E-04    0.25873E-02   -0.35148E-03   -0.21173E-02   -0.11187E-01   -0.97239E-02    0.60492E-02    0.26312E+02    0.97204E+00    0.42953E-01   -0.46268E-02    0.83292E+00   -0.25330E+00    0.12705E-01   -0.13694E-01   -0.20786E-04    0.86622E-04    0.42513E-01    0.48340E+00    0.16275E+01    0.26902E-01    0.67246E+00    0.34983E+00   -0.77824E-01   -0.21422E+00    0.17251E-03   -0.31395E-01   -0.10699E-02   -0.67511E-02    0.64017E-02   -0.89402E-02    0.45075E-02   -0.92072E-02   -0.55033E-02   -0.22119E-02
   -0.49217E-04    0.39119E-03   -0.39029E-04   -0.92838E-03   -0.19631E-02   -0.15087E-02   -0.72371E-03    0.97204E+00    0.51139E+00    0.73598E-01    0.15656E-01    0.22087E+00   -0.80423E-01   -0.18758E-02   -0.22715E-02   -0.27268E-05   -0.44840E-04    0.94118E-02    0.88957E-01    0.14792E-01    0.20795E-01   -0.95324E-01    0.17297E+00   -0.17346E-01   -0.11096E+00    0.93778E-03   -0.13162E-01   -0.40250E-02   -0.22523E-02    0.75743E-03   -0.26210E-02    0.75546E-03   -0.28112E-02   -0.17998E-02    0.78595E-03
   -0.32440E-04    0.25817E-03   -0.37718E-04   -0.86713E-03   -0.10307E-02   -0.61406E-03   -0.94375E-03    0.42953E-01    0.73598E-01    0.57142E+00   -0.71034E-01   -0.15980E+01    0.55701E-01   -0.18064E-01    0.59444E-03   -0.65395E-05   -0.28365E-03   -0.11165E-01   -0.87780E-01    0.18892E-01   -0.34812E-01    0.14084E+00   -0.11891E+00    0.10730E-01   -0.53255E-02   -0.41557E-02    0.10786E-02    0.15520E-02   -0.92405E-03   -0.40214E-02   -0.78216E-03   -0.43572E-02    0.50193E-03   -0.70549E-03   -0.42491E-02
   -0.53169E-05   -0.36391E-04    0.63543E-05    0.47441E-03    0.10648E-03    0.13020E-04    0.88618E-03   -0.46268E-02    0.15656E-01   -0.71034E-01    0.61216E+00    0.10417E+01    0.83337E-01   -0.17203E-02   -0.20544E-02    0.46844E-05    0.17852E-04    0.14171E-01   -0.37980E+00    0.55595E-02   -0.82018E-01   -0.21269E+00   -0.33785E-01   -0.17599E+00   -0.31852E+00    0.38120E-01    0.33157E-01   -0.39135E-02    0.10504E-02    0.71170E-03    0.23005E-03    0.28824E-03   -0.55675E-03    0.34064E-03    0.12640E-02
   -0.57923E-06   -0.12482E-03    0.54254E-04    0.10262E-02   -0.36033E-03   -0.74205E-03    0.21059E-02    0.83292E+00    0.22087E+00   -0.15980E+01    0.10417E+01    0.83801E+01    0.50894E-01    0.86880E-01    0.11986E-01    0.41824E-04    0.12270E-02   -0.10569E-01   -0.79340E+00    0.16292E-01   -0.85854E-01   -0.18561E+01    0.61592E-01   -0.35607E+00   -0.14429E+01    0.67090E-01    0.43282E-01   -0.19215E-01    0.66776E-04    0.11943E-01   -0.27084E-02    0.12234E-01   -0.46376E-02   -0.15849E-02    0.15906E-01
    0.44361E-05   -0.62560E-04    0.10290E-04    0.90577E-04    0.27350E-03    0.19423E-03    0.43388E-04   -0.25330E+00   -0.80423E-01    0.55701E-01    0.83337E-01    0.50894E-01    0.81337E-01    0.97014E-03    0.49439E-02    0.23693E-05   -0.54211E-04   -0.99733E-02   -0.19065E+00    0.93937E-02   -0.32661E-01   -0.13103E+00   -0.16798E+00   -0.30368E-01   -0.19266E+00    0.65920E-02    0.15218E-01    0.17906E-04    0.54221E-03   -0.12580E-02    0.50041E-03   -0.13752E-02    0.10186E-02    0.20366E-03   -0.96538E-03
   -0.60293E-06    0.45079E-05   -0.57160E-07   -0.50014E-05   -0.32796E-04   -0.24598E-04    0.83095E-05    0.12705E-01   -0.18758E-02   -0.18064E-01   -0.17203E-02    0.86880E-01    0.97014E-03    0.31107E-02   -0.26664E-03    0.62814E-06    0.16007E-04    0.59427E-03   -0.62426E-03    0.16153E-02    0.25725E-02   -0.49409E-01   -0.88456E-02    0.38687E-02   -0.33300E-01    0.34752E-03    0.11324E-02    0.30202E-03   -0.30053E-04    0.31367E-04   -0.56766E-04    0.35484E-04   -0.18042E-04   -0.50726E-04    0.13305E-03
    0.78591E-06   -0.59769E-05    0.15329E-05   -0.11124E-04    0.76414E-05   -0.59467E-05   -0.30338E-04   -0.13694E-01   -0.22715E-02    0.59444E-03   -0.20544E-02    0.11986E-01    0.49439E-02   -0.26664E-03    0.20623E-02    0.10010E-05   -0.18236E-05   -0.55333E-04   -0.75543E-02    0.53101E-03    0.38458E-02    0.44264E-02   -0.12950E-01    0.20628E-02   -0.45178E-02    0.26887E-03    0.14005E-02   -0.46539E-03    0.32956E-04   -0.20562E-04    0.32184E-04   -0.46102E-05    0.10604E-03    0.27162E-04    0.97720E-05
   -0.25100E-08   -0.72589E-08   -0.37514E-08   -0.24966E-07   -0.71385E-07    0.46265E-07   -0.29860E-08   -0.20786E-04   -0.27268E-05   -0.65395E-05    0.46844E-05    0.41824E-04    0.23693E-05    0.62814E-06    0.10010E-05    0.15366E-06    0.92054E-08   -0.47484E-07   -0.12245E-04   -0.15170E-04   -0.10890E-04    0.50250E-04   -0.21000E-04   -0.55155E-05    0.34167E-04    0.17183E-05    0.88582E-07   -0.12444E-06   -0.38520E-06    0.42102E-06   -0.27999E-06    0.28232E-06   -0.14895E-06   -0.15822E-06    0.50059E-06
    0.11270E-08   -0.28860E-07   -0.10516E-08    0.43002E-06   -0.14180E-08    0.28607E-07    0.86938E-06    0.86622E-04   -0.44840E-04   -0.28365E-03    0.17852E-04    0.12270E-02   -0.54211E-04    0.16007E-04   -0.18236E-05    0.92054E-08    0.56045E-06    0.42040E-05    0.59864E-04   -0.77791E-05    0.34369E-04   -0.20039E-03    0.14861E-03    0.48198E-05    0.22273E-05    0.16992E-06   -0.67933E-05   -0.14940E-05   -0.13262E-06    0.28691E-05   -0.25528E-06    0.27970E-05   -0.11067E-05   -0.27941E-06    0.35047E-05
   -0.14745E-06    0.27618E-05   -0.19071E-05    0.20275E-04   -0.47418E-04   -0.50062E-04    0.41245E-04    0.42513E-01    0.94118E-02   -0.11165E-01    0.14171E-01   -0.10569E-01   -0.99733E-02    0.59427E-03   -0.55333E-04   -0.47484E-07    0.42040E-05    0.94764E-02    0.42391E-01    0.82214E-04    0.17920E-01    0.21215E-02    0.17363E-01    0.12131E-01    0.38149E-01    0.18010E-02    0.29934E-02    0.28105E-03    0.53353E-04    0.20271E-03    0.46230E-04    0.17632E-03   -0.42148E-04    0.81315E-04    0.31969E-03
   -0.11260E-04    0.99183E-04   -0.23597E-04   -0.64226E-03   -0.73001E-03   -0.41976E-03   -0.11665E-02    0.48340E+00    0.88957E-01   -0.87780E-01   -0.37980E+00   -0.79340E+00   -0.19065E+00   -0.62426E-03   -0.75543E-02   -0.12245E-04    0.59864E-04    0.42391E-01    0.75186E+00   -0.15697E-01    0.75950E-01    0.45441E+00    0.20249E+00    0.11462E+00    0.62136E+00   -0.22128E-01   -0.25538E-01    0.58906E-02   -0.23545E-03    0.30202E-02    0.56859E-03    0.32913E-02   -0.87211E-03    0.26548E-03    0.19971E-02
   -0.25151E-05    0.17696E-03   -0.22363E-04   -0.22640E-03   -0.69951E-03   -0.71956E-03    0.41516E-03    0.16275E+01    0.14792E-01    0.18892E-01    0.55595E-02    0.16292E-01    0.93937E-02    0.16153E-02    0.53101E-03   -0.15170E-04   -0.77791E-05    0.82214E-04   -0.15697E-01    0.14823E+00   -0.56514E-02   -0.89054E-03   -0.30911E-01   -0.56113E-02   -0.79330E-01    0.13505E-02    0.30406E-02    0.42808E-03   -0.22173E-03   -0.13926E-03   -0.49619E-03   -0.26189E-03   -0.20716E-03   -0.17319E-03   -0.71602E-03
    0.13342E-04    0.17135E-05   -0.50938E-05   -0.15979E-03    0.13984E-03    0.18030E-03   -0.33501E-03    0.26902E-01    0.20795E-01   -0.34812E-01   -0.82018E-01   -0.85854E-01   -0.32661E-01    0.25725E-02    0.38458E-02   -0.10890E-04    0.34369E-04    0.17920E-01    0.75950E-01   -0.56514E-02    0.33250E+00   -0.13416E+00    0.11584E+00    0.12380E+00    0.31813E+00   -0.18985E-02   -0.38067E-02   -0.47906E-02    0.22447E-02   -0.21981E-03    0.18886E-02    0.77058E-04    0.32089E-03   -0.33905E-04    0.12977E-02
    0.10223E-03   -0.32562E-03   -0.11630E-04    0.45477E-03    0.16695E-02   -0.14257E-03    0.22151E-05    0.67246E+00   -0.95324E-01    0.14084E+00   -0.21269E+00   -0.18561E+01   -0.13103E+00   -0.49409E-01    0.44264E-02    0.50250E-04   -0.20039E-03    0.21215E-02    0.45441E+00   -0.89054E-03   -0.13416E+00    0.14263E+02   -0.45034E-01   -0.17437E-01    0.10243E+01   -0.18433E-01   -0.45542E-01   -0.50846E-02    0.15849E-02    0.47936E-01    0.17063E-03    0.38260E-01   -0.68857E-03    0.37950E-02   -0.69625E-03
   -0.18944E-04    0.28027E-03   -0.51265E-04   -0.24375E-03   -0.28790E-03   -0.27140E-04    0.52266E-04    0.34983E+00    0.17297E+00   -0.11891E+00   -0.33785E-01    0.61592E-01   -0.16798E+00   -0.88456E-02   -0.12950E-01   -0.21000E-04    0.14861E-03    0.17363E-01    0.20249E+00   -0.30911E-01    0.11584E+00   -0.45034E-01    0.20640E+01    0.77802E-01    0.39199E+00   -0.73409E-01   -0.93450E-01   -0.48317E-02   -0.12646E-02    0.92670E-03   -0.17227E-02    0.10828E-02    0.18138E-02   -0.74057E-04    0.19576E-02
    0.19853E-04   -0.86750E-04    0.78594E-05    0.59990E-03    0.40357E-03    0.31647E-04    0.96914E-03   -0.77824E-01   -0.17346E-01    0.10730E-01   -0.17599E+00   -0.35607E+00   -0.30368E-01    0.38687E-02    0.20628E-02   -0.55155E-05    0.48198E-05    0.12131E-01    0.11462E+00   -0.56113E-02    0.12380E+00   -0.17437E-01    0.77802E-01    0.24275E+00    0.18079E+00   -0.86818E-02   -0.16967E-02    0.35731E-03   -0.23353E-03   -0.65825E-03   -0.21187E-03   -0.45894E-03    0.76686E-03   -0.57054E-04    0.15133E-03
    0.61034E-04   -0.37803E-03    0.67164E-04   -0.67584E-04    0.17498E-02    0.20508E-02   -0.17437E-02   -0.21422E+00   -0.11096E+00   -0.53255E-02   -0.31852E+00   -0.14429E+01   -0.19266E+00   -0.33300E-01   -0.45178E-02    0.34167E-04    0.22273E-05    0.38149E-01    0.62136E+00   -0.79330E-01    0.31813E+00    0.10243E+01    0.39199E+00    0.18079E+00    0.11028E+02   -0.26001E-01   -0.73207E-01   -0.93623E-02    0.22092E-02    0.38670E-02    0.39103E-02    0.43765E-02    0.60031E-02    0.26624E-02    0.28715E-01
   -0.27867E-06   -0.66696E-05   -0.13255E-06    0.48528E-04   -0.44157E-05   -0.13924E-04    0.85459E-04    0.17251E-03    0.93778E-03   -0.41557E-02    0.38120E-01    0.67090E-01    0.65920E-02    0.34752E-03    0.26887E-03    0.17183E-05    0.16992E-06    0.18010E-02   -0.22128E-01    0.13505E-02   -0.18985E-02   -0.18433E-01   -0.73409E-01   -0.86818E-02   -0.26001E-01    0.72038E-02    0.59703E-02   -0.21059E-03    0.61894E-04    0.41291E-04    0.20219E-04    0.44158E-04   -0.13591E-03    0.13260E-04    0.79127E-04
    0.11830E-05   -0.27035E-04    0.28700E-05    0.83670E-04    0.51759E-04   -0.51642E-05    0.11104E-03   -0.31395E-01   -0.13162E-01    0.10786E-02    0.33157E-01    0.43282E-01    0.15218E-01    0.11324E-02    0.14005E-02    0.88582E-07   -0.67933E-05    0.29934E-02   -0.25538E-01    0.30406E-02   -0.38067E-02   -0.45542E-01   -0.93450E-01   -0.16967E-02   -0.73207E-01    0.59703E-02    0.11946E-01    0.39043E-03    0.86212E-04   -0.14038E-03    0.11577E-03   -0.18423E-03   -0.21952E-04    0.89167E-04   -0.21304E-03
   -0.24976E-07   -0.49737E-06   -0.15659E-06    0.20105E-04    0.37392E-05    0.49512E-05    0.35222E-04   -0.10699E-02   -0.40250E-02    0.15520E-02   -0.39135E-02   -0.19215E-01    0.17906E-04    0.30202E-03   -0.46539E-03   -0.12444E-06   -0.14940E-05    0.28105E-03    0.58906E-02    0.42808E-03   -0.47906E-02   -0.50846E-02   -0.48317E-02    0.35731E-03   -0.93623E-02   -0.21059E-03    0.39043E-03    0.51587E-03   -0.17928E-04   -0.29745E-04    0.17115E-04   -0.46520E-04    0.24346E-04    0.18459E-04   -0.77247E-04
    0.39069E-06   -0.20792E-05    0.17038E-06    0.33554E-05    0.10716E-04    0.13720E-04   -0.17611E-05   -0.67511E-02   -0.22523E-02   -0.92405E-03    0.10504E-02    0.66776E-04    0.54221E-03   -0.30053E-04    0.32956E-04   -0.38520E-06   -0.13262E-06    0.53353E-04   -0.23545E-03   -0.22173E-03    0.22447E-02    0.15849E-02   -0.12646E-02   -0.23353E-03    0.22092E-02    0.61894E-04    0.86212E-04   -0.17928E-04    0.14377E-03   -0.11022E-05    0.56692E-04    0.10074E-04    0.14894E-04    0.15315E-04    0.98491E-05
    0.42636E-06   -0.23448E-05   -0.12512E-06    0.90886E-05    0.40847E-05   -0.98353E-05    0.13854E-04    0.64017E-02    0.75743E-03   -0.40214E-02    0.71170E-03    0.11943E-01   -0.12580E-02    0.31367E-04   -0.20562E-04    0.42102E-06    0.28691E-05    0.20271E-03    0.30202E-02   -0.13926E-03   -0.21981E-03    0.47936E-01    0.92670E-03   -0.65825E-03    0.38670E-02    0.41291E-04   -0.14038E-03   -0.29745E-04   -0.11022E-05    0.34701E-03    0.41308E-05    0.18167E-03   -0.27718E-04    0.10914E-04    0.48348E-04
    0.40193E-06   -0.32017E-05    0.45877E-06    0.60626E-05    0.15518E-04    0.17334E-04   -0.50845E-06   -0.89402E-02   -0.26210E-02   -0.78216E-03    0.23005E-03   -0.27084E-02    0.50041E-03   -0.56766E-04    0.32184E-04   -0.27999E-06   -0.25528E-06    0.46230E-04    0.56859E-03   -0.49619E-03    0.18886E-02    0.17063E-03   -0.17227E-02   -0.21187E-03    0.39103E-02    0.20219E-04    0.11577E-03    0.17115E-04    0.56692E-04    0.41308E-05    0.12040E-03   -0.81311E-07    0.28198E-04    0.18968E-04    0.61258E-05
    0.21892E-06   -0.49691E-06    0.59330E-07   -0.20046E-05    0.13523E-05    0.28718E-05   -0.78267E-05    0.45075E-02    0.75546E-03   -0.43572E-02    0.28824E-03    0.12234E-01   -0.13752E-02    0.35484E-04   -0.46102E-05    0.28232E-06    0.27970E-05    0.17632E-03    0.32913E-02   -0.26189E-03    0.77058E-04    0.38260E-01    0.10828E-02   -0.45894E-03    0.43765E-02    0.44158E-04   -0.18423E-03   -0.46520E-04    0.10074E-04    0.18167E-03   -0.81311E-07    0.22807E-03   -0.20942E-04    0.10315E-04    0.55938E-04
    0.34866E-06   -0.38853E-05    0.12222E-06   -0.27925E-05    0.14156E-04    0.13915E-04   -0.16561E-04   -0.92072E-02   -0.28112E-02    0.50193E-03   -0.55675E-03   -0.46376E-02    0.10186E-02   -0.18042E-04    0.10604E-03   -0.14895E-06   -0.11067E-05   -0.42148E-04   -0.87211E-03   -0.20716E-03    0.32089E-03   -0.68857E-03    0.18138E-02    0.76686E-03    0.60031E-02   -0.13591E-03   -0.21952E-04    0.24346E-04    0.14894E-04   -0.27718E-04    0.28198E-04   -0.20942E-04    0.37918E-03    0.25867E-04    0.26645E-05
    0.30154E-06   -0.18533E-05    0.20017E-06    0.62327E-05    0.12210E-04    0.11933E-04    0.43826E-05   -0.55033E-02   -0.17998E-02   -0.70549E-03    0.34064E-03   -0.15849E-02    0.20366E-03   -0.50726E-04    0.27162E-04   -0.15822E-06   -0.27941E-06    0.81315E-04    0.26548E-03   -0.17319E-03   -0.33905E-04    0.37950E-02   -0.74057E-04   -0.57054E-04    0.26624E-02    0.13260E-04    0.89167E-04    0.18459E-04    0.15315E-04    0.10914E-04    0.18968E-04    0.10315E-04    0.25867E-04    0.89961E-04    0.21473E-04
    0.26575E-06    0.28507E-06    0.69969E-07   -0.16056E-04   -0.47683E-06    0.39686E-05   -0.34840E-04   -0.22119E-02    0.78595E-03   -0.42491E-02    0.12640E-02    0.15906E-01   -0.96538E-03    0.13305E-03    0.97720E-05    0.50059E-06    0.35047E-05    0.31969E-03    0.19971E-02   -0.71602E-03    0.12977E-02   -0.69625E-03    0.19576E-02    0.15133E-03    0.28715E-01    0.79127E-04   -0.21304E-03   -0.77247E-04    0.98491E-05    0.48348E-04    0.61258E-05    0.55938E-04    0.26645E-05    0.21473E-04    0.51167E-03
