# omegabh2 omegach2 theta tau nnu logA ns acib217 acibsz143 asz143 aps100 aps143 aps143217 aps217 aksz kgal100 t1gal143 t1gal143217 t1gal217 calib_100T calib_217T
    0.6500718E-07    0.3820172E-06   -0.1851545E-07    0.5010195E-06    0.2767373E-04    0.1921739E-05    0.1133515E-05   -0.1430205E-03   -0.7748860E-04    0.1960324E-04   -0.7799694E-03   -0.2905542E-03   -0.1628642E-03   -0.1684362E-03   -0.3673075E-05    0.1536721E-02    0.1130035E-02    0.1123405E-02    0.1073656E-02   -0.7860736E-07    0.1012860E-07
    0.3820172E-06    0.1415025E-04   -0.1314618E-05   -0.5997641E-05    0.7897218E-03    0.2119237E-04    0.1948237E-04    0.7162529E-02    0.2829014E-02    0.5539018E-03    0.8614752E-02    0.1077453E-02   -0.5185217E-02   -0.7541189E-02    0.1768999E-02    0.1070776E-01    0.1211974E-01    0.1291227E-01    0.1238740E-01   -0.4909463E-06   -0.1481370E-06
   -0.1851545E-07   -0.1314618E-05    0.3146947E-06    0.1492445E-05   -0.7966799E-04    0.1472246E-06   -0.1784772E-05   -0.8330636E-03   -0.3074138E-03   -0.5724540E-04   -0.1022284E-02   -0.2325681E-03    0.4887660E-03    0.8552673E-03   -0.2053423E-03   -0.7692306E-03   -0.1216190E-02   -0.1352545E-02   -0.1370259E-02    0.1720521E-08    0.3189594E-07
    0.5010195E-06   -0.5997641E-05    0.1492445E-05    0.1250654E-03    0.2821080E-05    0.2318421E-03    0.2309627E-04   -0.7365062E-02   -0.5662053E-02   -0.2051853E-02    0.9473725E-02    0.1809805E-02    0.5785259E-02    0.3211883E-03   -0.4285606E-03   -0.8541583E-02    0.1489048E-01    0.1353042E-01    0.1254920E-01    0.2863254E-05    0.3510867E-06
    0.2767373E-04    0.7897218E-03   -0.7966799E-04    0.2821080E-05    0.4927029E-01    0.1889102E-02    0.1418457E-02    0.4268395E+00    0.1572155E+00    0.2093612E-01    0.6452209E+00    0.1270127E+00   -0.2721094E+00   -0.4367524E+00    0.1070875E+00    0.5374810E+00    0.6213656E+00    0.6735433E+00    0.6481238E+00   -0.2784198E-04   -0.1201822E-04
    0.1921739E-05    0.2119237E-04    0.1472246E-06    0.2318421E-03    0.1889102E-02    0.5222835E-03    0.9250612E-04    0.3138812E-02   -0.5326749E-02   -0.3670325E-02    0.6647538E-01    0.2533134E-01    0.1709314E-01   -0.2708184E-02    0.2148677E-02   -0.2380809E-01   -0.1338367E-02   -0.2288378E-02   -0.5383233E-02    0.1928225E-05    0.8991618E-07
    0.1133515E-05    0.1948237E-04   -0.1784772E-05    0.2309627E-04    0.1418457E-02    0.9250612E-04    0.6293982E-04    0.2385055E-02   -0.9830173E-03   -0.1416774E-02    0.1214814E-01    0.1207856E-01    0.6861742E-02    0.1500650E-02   -0.2351845E-04    0.1397028E-01    0.1097014E-01    0.1143410E-01    0.1142064E-01   -0.7868943E-06   -0.2982289E-06
   -0.1430205E-03    0.7162529E-02   -0.8330636E-03   -0.7365062E-02    0.4268395E+00    0.3138812E-02    0.2385055E-02    0.6701547E+02    0.2618384E+02    0.6591071E+00    0.2591737E+02   -0.1623636E+02   -0.6448937E+02   -0.7845874E+02   -0.5653391E+00   -0.1007621E+02   -0.2548588E+02   -0.3028402E+02   -0.3459127E+02   -0.3694495E-03   -0.3126683E-02
   -0.7748860E-04    0.2829014E-02   -0.3074138E-03   -0.5662053E-02    0.1572155E+00   -0.5326749E-02   -0.9830173E-03    0.2618384E+02    0.1940644E+02    0.2331138E+01   -0.8591635E+01   -0.2236418E+02   -0.4559111E+02   -0.2585033E+02   -0.5947092E+00   -0.6951319E+01   -0.1149645E+02   -0.1922091E+02   -0.2156322E+02    0.7408703E-04    0.5055698E-04
    0.1960324E-04    0.5539018E-03   -0.5724540E-04   -0.2051853E-02    0.2093612E-01   -0.3670325E-02   -0.1416774E-02    0.6591071E+00    0.2331138E+01    0.5319032E+01   -0.3617724E+02   -0.1580487E+02   -0.5220106E+01   -0.7431683E+00   -0.1198958E+00   -0.2432256E+01    0.3561045E+00    0.3066171E+01    0.2913614E+01   -0.3673421E-04    0.3404626E-03
   -0.7799694E-03    0.8614752E-02   -0.1022284E-02    0.9473725E-02    0.6452209E+00    0.6647538E-01    0.1214814E-01    0.2591737E+02   -0.8591635E+01   -0.3617724E+02    0.7817245E+03    0.1861480E+03    0.7615298E+02    0.1688024E+02   -0.8650239E+01   -0.8789102E+02   -0.8212478E+02   -0.8366313E+02   -0.7860282E+02   -0.5057610E-02   -0.4029095E-02
   -0.2905542E-03    0.1077453E-02   -0.2325681E-03    0.1809805E-02    0.1270127E+00    0.2533134E-01    0.1207856E-01   -0.1623636E+02   -0.2236418E+02   -0.1580487E+02    0.1861480E+03    0.1291286E+03    0.1049932E+03    0.5931382E+02   -0.1126400E+02   -0.2984975E+02   -0.6059660E+02   -0.5304427E+02   -0.4804730E+02   -0.2481673E-02   -0.1593287E-02
   -0.1628642E-03   -0.5185217E-02    0.4887660E-03    0.5785259E-02   -0.2721094E+00    0.1709314E-01    0.6861742E-02   -0.6448937E+02   -0.4559111E+02   -0.5220106E+01    0.7615298E+02    0.1049932E+03    0.1629583E+03    0.1156603E+03   -0.1077849E+02   -0.2553958E+02   -0.4298021E+02   -0.3147454E+02   -0.2920093E+02   -0.2491878E-02    0.1209565E-02
   -0.1684362E-03   -0.7541189E-02    0.8552673E-03    0.3211883E-03   -0.4367524E+00   -0.2708184E-02    0.1500650E-02   -0.7845874E+02   -0.2585033E+02   -0.7431683E+00    0.1688024E+02    0.5931382E+02    0.1156603E+03    0.1479123E+03   -0.1130173E+02   -0.2803372E+02   -0.3980873E+02   -0.4720254E+02   -0.4992186E+02   -0.1826584E-02    0.5744361E-02
   -0.3673075E-05    0.1768999E-02   -0.2053423E-03   -0.4285606E-03    0.1070875E+00    0.2148677E-02   -0.2351845E-04   -0.5653391E+00   -0.5947092E+00   -0.1198958E+00   -0.8650239E+01   -0.1126400E+02   -0.1077849E+02   -0.1130173E+02    0.7972210E+01   -0.2555952E+01   -0.6804156E+00   -0.8982675E+00   -0.1356060E+01    0.2849860E-03    0.7790723E-04
    0.1536721E-02    0.1070776E-01   -0.7692306E-03   -0.8541583E-02    0.5374810E+00   -0.2380809E-01    0.1397028E-01   -0.1007621E+02   -0.6951319E+01   -0.2432256E+01   -0.8789102E+02   -0.2984975E+02   -0.2553958E+02   -0.2803372E+02   -0.2555952E+01    0.2857375E+03    0.1962881E+03    0.1905892E+03    0.1834139E+03   -0.1523708E-01    0.1156992E-02
    0.1130035E-02    0.1211974E-01   -0.1216190E-02    0.1489048E-01    0.6213656E+00   -0.1338367E-02    0.1097014E-01   -0.2548588E+02   -0.1149645E+02    0.3561045E+00   -0.8212478E+02   -0.6059660E+02   -0.4298021E+02   -0.3980873E+02   -0.6804156E+00    0.1962881E+03    0.3305646E+03    0.3347999E+03    0.3325211E+03    0.8638276E-02    0.1701017E-02
    0.1123405E-02    0.1291227E-01   -0.1352545E-02    0.1353042E-01    0.6735433E+00   -0.2288378E-02    0.1143410E-01   -0.3028402E+02   -0.1922091E+02    0.3066171E+01   -0.8366313E+02   -0.5304427E+02   -0.3147454E+02   -0.4720254E+02   -0.8982675E+00    0.1905892E+03    0.3347999E+03    0.3778996E+03    0.4018502E+03    0.8909181E-02   -0.3819481E-02
    0.1073656E-02    0.1238740E-01   -0.1370259E-02    0.1254920E-01    0.6481238E+00   -0.5383233E-02    0.1142064E-01   -0.3459127E+02   -0.2156322E+02    0.2913614E+01   -0.7860282E+02   -0.4804730E+02   -0.2920093E+02   -0.4992186E+02   -0.1356060E+01    0.1834139E+03    0.3325211E+03    0.4018502E+03    0.4527492E+03    0.9358855E-02   -0.9008496E-02
   -0.7860736E-07   -0.4909463E-06    0.1720521E-08    0.2863254E-05   -0.2784198E-04    0.1928225E-05   -0.7868943E-06   -0.3694495E-03    0.7408703E-04   -0.3673421E-04   -0.5057610E-02   -0.2481673E-02   -0.2491878E-02   -0.1826584E-02    0.2849860E-03   -0.1523708E-01    0.8638276E-02    0.8909181E-02    0.9358855E-02    0.3248365E-05   -0.1815810E-07
    0.1012860E-07   -0.1481370E-06    0.3189594E-07    0.3510867E-06   -0.1201822E-04    0.8991618E-07   -0.2982289E-06   -0.3126683E-02    0.5055698E-04    0.3404626E-03   -0.4029095E-02   -0.1593287E-02    0.1209565E-02    0.5744361E-02    0.7790723E-04    0.1156992E-02    0.1701017E-02   -0.3819481E-02   -0.9008496E-02   -0.1815810E-07    0.1501970E-05
