# omegabh2 omegach2 theta tau logA ns r acib217 acibsz143 asz143 aps100 aps143 aps143217 aps217 aksz kgal100 t1gal143 t1gal143217 t1gal217 galfEE100 galfEE100143 galfEE100217 galfEE143 galfEE143217 galfEE217 galfTE100 galfTE100143 galfTE100217 galfTE143 galfTE143217 galfTE217 calib_100T calib_217T
    0.2415230E-07   -0.1257289E-06    0.1708533E-07    0.5759426E-06    0.9754596E-06    0.3257329E-06   -0.1680661E-06   -0.1569833E-03   -0.7300320E-04    0.5538968E-05   -0.2120391E-03   -0.7788702E-04    0.9993555E-04    0.1169528E-03   -0.3848899E-04    0.9022103E-04   -0.1275547E-03   -0.1318483E-03   -0.1403230E-03    0.1520000E-06    0.1547468E-06    0.2316934E-06    0.1638253E-06    0.2338011E-06    0.3454260E-06   -0.1854907E-05   -0.2420521E-05   -0.2975849E-05   -0.3841139E-05   -0.5445807E-05   -0.9145165E-05   -0.2572821E-07    0.7488466E-08
   -0.1257289E-06    0.1881570E-05   -0.1503198E-06   -0.5485841E-05   -0.6251979E-05   -0.4698425E-05   -0.3888964E-05    0.6726524E-03    0.2358770E-03   -0.1133341E-03    0.1638363E-02    0.1290931E-02    0.3356763E-03    0.3567114E-04    0.6319412E-04    0.2403139E-03   -0.4874727E-03   -0.4798226E-03   -0.4091848E-03   -0.2039045E-05   -0.1902706E-05   -0.2390001E-05   -0.1948841E-05   -0.2271493E-05   -0.2639204E-05    0.1209535E-04    0.1253568E-04    0.1448601E-04    0.2611642E-04    0.3859588E-04    0.6981093E-04   -0.9687804E-07   -0.4750500E-07
    0.1708533E-07   -0.1503198E-06    0.9126573E-07    0.4651877E-06    0.6421208E-06    0.4626586E-06    0.1260198E-06   -0.3785756E-04   -0.2756175E-05    0.2513588E-04   -0.1168969E-03   -0.1595693E-03   -0.6884614E-04   -0.3763740E-04    0.2514608E-06   -0.3250302E-05    0.3989510E-04    0.1936091E-04   -0.6108106E-05    0.1843312E-06    0.1360586E-06    0.1345178E-06    0.1245742E-06    0.1385727E-06    0.1935185E-06   -0.1775461E-05   -0.2036454E-05   -0.2370267E-05   -0.4060831E-05   -0.5627807E-05   -0.9280213E-05    0.5187737E-11    0.1178008E-07
    0.5759426E-06   -0.5485841E-05    0.4651877E-06    0.1609668E-03    0.3112867E-03    0.2165549E-04   -0.3145858E-04   -0.1034159E-01   -0.5285023E-02   -0.2124379E-02    0.8089026E-02    0.5520465E-02    0.1256557E-01    0.1323840E-01   -0.2227347E-02   -0.1168906E-01   -0.1283164E-01   -0.1701292E-01   -0.1966431E-01    0.7835997E-05    0.8483491E-05    0.1120369E-04    0.9209072E-05    0.1015065E-04    0.1800865E-04   -0.6574230E-04   -0.6135133E-04   -0.1108208E-03   -0.8907078E-04   -0.1577213E-03   -0.3255214E-03    0.3794228E-06    0.8111703E-06
    0.9754596E-06   -0.6251979E-05    0.6421208E-06    0.3112867E-03    0.6198633E-03    0.3043921E-04   -0.8234537E-04   -0.2128920E-01   -0.1159922E-01   -0.5368430E-02    0.3123061E-01    0.2186432E-01    0.3400349E-01    0.3354295E-01   -0.5366669E-02   -0.2888195E-01   -0.4103326E-01   -0.4942928E-01   -0.5480492E-01    0.8738048E-05    0.1048487E-04    0.1477340E-04    0.1184142E-04    0.1248886E-04    0.2715102E-04   -0.1027296E-03   -0.9006741E-04   -0.1888222E-03   -0.1096252E-03   -0.2204085E-03   -0.4912035E-03   -0.4065935E-06    0.1549332E-05
    0.3257329E-06   -0.4698425E-05    0.4626586E-06    0.2165549E-04    0.3043921E-04    0.2433555E-04    0.3259362E-04   -0.1035969E-01   -0.4703529E-02   -0.1676944E-02   -0.3797253E-02    0.4929018E-02    0.1165457E-01    0.1286858E-01   -0.2570194E-02   -0.2810925E-02   -0.2727396E-02   -0.4168405E-02   -0.3792108E-02    0.8392062E-05    0.8600741E-05    0.9891448E-05    0.9036129E-05    0.9846811E-05    0.1317349E-04   -0.2262528E-04   -0.2347814E-04   -0.2766224E-04   -0.5401181E-04   -0.7949682E-04   -0.1499412E-03    0.4999145E-06    0.3875952E-06
   -0.1680661E-06   -0.3888964E-05    0.1260198E-06   -0.3145858E-04   -0.8234537E-04    0.3259362E-04    0.1334866E-02   -0.1085173E-01   -0.5024087E-02   -0.2379067E-02    0.1005954E-02    0.9977165E-02    0.1263234E-01    0.1488585E-01   -0.3256476E-02   -0.6883652E-02    0.7433326E-02    0.6723991E-02    0.7770626E-02   -0.2662670E-04   -0.2762176E-04   -0.2611379E-04   -0.3096999E-04   -0.2304852E-04   -0.1476604E-04    0.2436471E-03    0.1778335E-03    0.2077652E-03    0.2759373E-03    0.2845969E-03    0.2415851E-03    0.2367576E-05    0.2903486E-06
   -0.1569833E-03    0.6726524E-03   -0.3785756E-04   -0.1034159E-01   -0.2128920E-01   -0.1035969E-01   -0.1085173E-01    0.6414416E+02    0.2292181E+02    0.1104659E+01    0.1189063E+02   -0.2095186E+02   -0.6273754E+02   -0.8156754E+02   -0.3507318E+01   -0.1324085E+01   -0.6698506E+01   -0.1064476E+02   -0.1564647E+02   -0.1721280E-02   -0.1843924E-02   -0.8468140E-03   -0.2297321E-02   -0.1805212E-02   -0.4164942E-02   -0.8279241E-02    0.2853066E-02   -0.1134114E-02   -0.3509769E-02   -0.2310126E-01   -0.6995982E-01    0.2513031E-03   -0.3121401E-02
   -0.7300320E-04    0.2358770E-03   -0.2756175E-05   -0.5285023E-02   -0.1159922E-01   -0.4703529E-02   -0.5024087E-02    0.2292181E+02    0.1674438E+02    0.2537008E+01   -0.1543331E+02   -0.2288379E+02   -0.4126727E+02   -0.2490024E+02   -0.1576280E+01   -0.1874225E+01   -0.4848376E+01   -0.1079750E+02   -0.1216607E+02   -0.3739761E-03   -0.6539817E-03   -0.1459260E-03   -0.1168959E-02   -0.9243824E-03   -0.2033778E-02   -0.2227928E-02   -0.2325685E-02    0.5031414E-02   -0.5702453E-02   -0.6798930E-02   -0.7042638E-02    0.2913589E-04   -0.1188839E-03
    0.5538968E-05   -0.1133341E-03    0.2513588E-04   -0.2124379E-02   -0.5368430E-02   -0.1676944E-02   -0.2379067E-02    0.1104659E+01    0.2537008E+01    0.6548322E+01   -0.4254035E+02   -0.1870043E+02   -0.5454724E+01   -0.1118272E+01   -0.1974555E+00   -0.2751223E+01   -0.1356127E+01    0.3089232E+01    0.3695821E+01    0.1686455E-03   -0.2853923E-03   -0.6378158E-03   -0.1425551E-03    0.2358226E-03    0.6049241E-03   -0.7753306E-03   -0.5491260E-02   -0.8132809E-02   -0.5630265E-02   -0.1240784E-01   -0.2060506E-01   -0.2375792E-03    0.1677240E-03
   -0.2120391E-03    0.1638363E-02   -0.1168969E-03    0.8089026E-02    0.3123061E-01   -0.3797253E-02    0.1005954E-02    0.1189063E+02   -0.1543331E+02   -0.4254035E+02    0.7550087E+03    0.1774957E+03    0.6665818E+02    0.1175707E+02   -0.1338323E+02   -0.4195500E+02   -0.1454408E+01   -0.1448036E+02   -0.1540694E+02   -0.5376583E-02   -0.2136200E-02    0.4535271E-03   -0.5258780E-02   -0.9350592E-02   -0.1433502E-01    0.4778492E-01    0.3186022E-01    0.3350869E-01    0.6238710E-01    0.1113249E+00    0.1293311E+00   -0.8882334E-03   -0.2892312E-02
   -0.7788702E-04    0.1290931E-02   -0.1595693E-03    0.5520465E-02    0.2186432E-01    0.4929018E-02    0.9977165E-02   -0.2095186E+02   -0.2288379E+02   -0.1870043E+02    0.1774957E+03    0.1195174E+03    0.8903761E+02    0.4972936E+02   -0.1096632E+02    0.6920004E+00   -0.6815670E+01   -0.3451903E+01   -0.3888435E+00   -0.2457158E-02   -0.1697108E-02   -0.1303032E-02   -0.2390004E-02   -0.4741358E-02   -0.5084508E-02    0.4166791E-01    0.6111732E-01    0.6332632E-01    0.7446152E-01    0.9881554E-01    0.1278675E+00   -0.8598174E-04   -0.9238105E-03
    0.9993555E-04    0.3356763E-03   -0.6884614E-04    0.1256557E-01    0.3400349E-01    0.1165457E-01    0.1263234E-01   -0.6273754E+02   -0.4126727E+02   -0.5454724E+01    0.6665818E+02    0.8903761E+02    0.1391089E+03    0.1032989E+03   -0.7878193E+01   -0.2747716E+01   -0.2206977E+01    0.6764988E+01    0.7249885E+01   -0.1103664E-02   -0.4631926E-03   -0.1375121E-02    0.1048093E-02   -0.2196297E-03    0.2486333E-02    0.3827832E-01    0.3399676E-01    0.2081702E-01    0.5464269E-01    0.6754510E-01    0.7577121E-01   -0.6695472E-03    0.1753577E-02
    0.1169528E-03    0.3567114E-04   -0.3763740E-04    0.1323840E-01    0.3354295E-01    0.1286858E-01    0.1488585E-01   -0.8156754E+02   -0.2490024E+02   -0.1118272E+01    0.1175707E+02    0.4972936E+02    0.1032989E+03    0.1428924E+03   -0.7345171E+01   -0.4685340E+01   -0.5981103E+01   -0.1282033E+02   -0.1438149E+02   -0.1957824E-03    0.2593097E-03   -0.2754502E-03    0.8639495E-03   -0.1908805E-03    0.1711976E-02    0.4268365E-01    0.2038737E-01    0.2084648E-01    0.4759083E-01    0.7217757E-01    0.1189453E+00   -0.9347278E-03    0.5860289E-02
   -0.3848899E-04    0.6319412E-04    0.2514608E-06   -0.2227347E-02   -0.5366669E-02   -0.2570194E-02   -0.3256476E-02   -0.3507318E+01   -0.1576280E+01   -0.1974555E+00   -0.1338323E+02   -0.1096632E+02   -0.7878193E+01   -0.7345171E+01    0.7908212E+01   -0.1825274E+01   -0.2220238E+01   -0.2898955E+01   -0.3323432E+01   -0.6431569E-03   -0.7137306E-03   -0.1219920E-02   -0.8639246E-03   -0.7148590E-03   -0.1116552E-02   -0.1411396E-02    0.5183973E-02    0.1098375E-01    0.1865486E-02    0.7590420E-02    0.2273062E-01    0.5739639E-04    0.2415506E-03
    0.9022103E-04    0.2403139E-03   -0.3250302E-05   -0.1168906E-01   -0.2888195E-01   -0.2810925E-02   -0.6883652E-02   -0.1324085E+01   -0.1874225E+01   -0.2751223E+01   -0.4195500E+02    0.6920004E+00   -0.2747716E+01   -0.4685340E+01   -0.1825274E+01    0.1490398E+03    0.4703612E+02    0.4389453E+02    0.4236150E+02   -0.2042886E-03   -0.6820744E-03    0.6045040E-03    0.3190093E-02    0.4920190E-02    0.6575901E-02   -0.4105296E-01   -0.7651740E-01   -0.5840150E-01   -0.4120333E-01   -0.5063301E-01   -0.5383436E-01   -0.1321724E-01   -0.6052054E-05
   -0.1275547E-03   -0.4874727E-03    0.3989510E-04   -0.1283164E-01   -0.4103326E-01   -0.2727396E-02    0.7433326E-02   -0.6698506E+01   -0.4848376E+01   -0.1356127E+01   -0.1454408E+01   -0.6815670E+01   -0.2206977E+01   -0.5981103E+01   -0.2220238E+01    0.4703612E+02    0.9173599E+02    0.9215768E+02    0.9180220E+02    0.2188508E-02    0.2107278E-02    0.1751195E-02    0.3221022E-02    0.4181392E-02    0.2113045E-02   -0.3189712E-01   -0.7122512E-01   -0.7525241E-01   -0.8118192E-01   -0.8216182E-01   -0.7369558E-01    0.2921663E-02    0.1874807E-04
   -0.1318483E-03   -0.4798226E-03    0.1936091E-04   -0.1701292E-01   -0.4942928E-01   -0.4168405E-02    0.6723991E-02   -0.1064476E+02   -0.1079750E+02    0.3089232E+01   -0.1448036E+02   -0.3451903E+01    0.6764988E+01   -0.1282033E+02   -0.2898955E+01    0.4389453E+02    0.9215768E+02    0.1308716E+03    0.1554129E+03    0.3118323E-02    0.2620374E-02    0.1346239E-02    0.2840280E-02    0.3212327E-02    0.1955164E-02   -0.2580164E-01   -0.6160349E-01   -0.6726630E-01   -0.7887854E-01   -0.7572923E-01   -0.2795993E-01    0.2618633E-02   -0.5092391E-02
   -0.1403230E-03   -0.4091848E-03   -0.6108106E-05   -0.1966431E-01   -0.5480492E-01   -0.3792108E-02    0.7770626E-02   -0.1564647E+02   -0.1216607E+02    0.3695821E+01   -0.1540694E+02   -0.3888435E+00    0.7249885E+01   -0.1438149E+02   -0.3323432E+01    0.4236150E+02    0.9180220E+02    0.1554129E+03    0.2047682E+03    0.3849824E-02    0.3353227E-02    0.1752456E-02    0.3012131E-02    0.2768091E-02    0.1955572E-02   -0.1910815E-01   -0.5052195E-01   -0.3633290E-01   -0.7436710E-01   -0.4538116E-01    0.6835711E-01    0.2625715E-02   -0.9584733E-02
    0.1520000E-06   -0.2039045E-05    0.1843312E-06    0.7835997E-05    0.8738048E-05    0.8392062E-05   -0.2662670E-04   -0.1721280E-02   -0.3739761E-03    0.1686455E-03   -0.5376583E-02   -0.2457158E-02   -0.1103664E-02   -0.1957824E-03   -0.6431569E-03   -0.2042886E-03    0.2188508E-02    0.3118323E-02    0.3849824E-02    0.6997286E-04    0.2427411E-04    0.3031405E-04    0.1232337E-04    0.1668511E-04    0.1849836E-04   -0.1049583E-03   -0.7935567E-04   -0.7370897E-04   -0.4903627E-04   -0.4628957E-04   -0.6529224E-04    0.3397172E-06   -0.4633787E-07
    0.1547468E-06   -0.1902706E-05    0.1360586E-06    0.8483491E-05    0.1048487E-04    0.8600741E-05   -0.2762176E-04   -0.1843924E-02   -0.6539817E-03   -0.2853923E-03   -0.2136200E-02   -0.1697108E-02   -0.4631926E-03    0.2593097E-03   -0.7137306E-03   -0.6820744E-03    0.2107278E-02    0.2620374E-02    0.3353227E-02    0.2427411E-04    0.4267649E-04    0.3759411E-04    0.3209208E-04    0.3224101E-04    0.3226127E-04   -0.4846881E-04   -0.9265334E-04   -0.7441280E-04   -0.1325229E-03   -0.1224608E-03   -0.1239040E-03    0.4709221E-06   -0.6171410E-07
    0.2316934E-06   -0.2390001E-05    0.1345178E-06    0.1120369E-04    0.1477340E-04    0.9891448E-05   -0.2611379E-04   -0.8468140E-03   -0.1459260E-03   -0.6378158E-03    0.4535271E-03   -0.1303032E-02   -0.1375121E-02   -0.2754502E-03   -0.1219920E-02    0.6045040E-03    0.1751195E-02    0.1346239E-02    0.1752456E-02    0.3031405E-04    0.3759411E-04    0.1175163E-03    0.2646740E-04    0.6000333E-04    0.1138210E-03   -0.8993309E-04   -0.1294086E-03   -0.1227469E-03   -0.1486329E-03   -0.2299610E-03   -0.4183787E-03    0.3149411E-06   -0.4387693E-07
    0.1638253E-06   -0.1948841E-05    0.1245742E-06    0.9209072E-05    0.1184142E-04    0.9036129E-05   -0.3096999E-04   -0.2297321E-02   -0.1168959E-02   -0.1425551E-03   -0.5258780E-02   -0.2390004E-02    0.1048093E-02    0.8639495E-03   -0.8639246E-03    0.3190093E-02    0.3221022E-02    0.2840280E-02    0.3012131E-02    0.1232337E-04    0.3209208E-04    0.2646740E-04    0.8721383E-04    0.5715594E-04    0.4178297E-04   -0.3252025E-04   -0.9054732E-04   -0.6624735E-04   -0.2336425E-03   -0.2125617E-03   -0.2051807E-03    0.1235172E-06    0.3889070E-07
    0.2338011E-06   -0.2271493E-05    0.1385727E-06    0.1015065E-04    0.1248886E-04    0.9846811E-05   -0.2304852E-04   -0.1805212E-02   -0.9243824E-03    0.2358226E-03   -0.9350592E-02   -0.4741358E-02   -0.2196297E-03   -0.1908805E-03   -0.7148590E-03    0.4920190E-02    0.4181392E-02    0.3212327E-02    0.2768091E-02    0.1668511E-04    0.3224101E-04    0.6000333E-04    0.5715594E-04    0.1285540E-03    0.1653464E-03   -0.1410416E-04   -0.9671887E-04   -0.1098035E-03   -0.2343925E-03   -0.3061262E-03   -0.4924058E-03    0.2729987E-07    0.1159593E-06
    0.3454260E-06   -0.2639204E-05    0.1935185E-06    0.1800865E-04    0.2715102E-04    0.1317349E-04   -0.1476604E-04   -0.4164942E-02   -0.2033778E-02    0.6049241E-03   -0.1433502E-01   -0.5084508E-02    0.2486333E-02    0.1711976E-02   -0.1116552E-02    0.6575901E-02    0.2113045E-02    0.1955164E-02    0.1955572E-02    0.1849836E-04    0.3226127E-04    0.1138210E-03    0.4178297E-04    0.1653464E-03    0.6694606E-03   -0.6859371E-04   -0.1221831E-03   -0.2123295E-03   -0.1910941E-03   -0.3785964E-03   -0.6407327E-03   -0.3625514E-06    0.1010408E-06
   -0.1854907E-05    0.1209535E-04   -0.1775461E-05   -0.6574230E-04   -0.1027296E-03   -0.2262528E-04    0.2436471E-03   -0.8279241E-02   -0.2227928E-02   -0.7753306E-03    0.4778492E-01    0.4166791E-01    0.3827832E-01    0.4268365E-01   -0.1411396E-02   -0.4105296E-01   -0.3189712E-01   -0.2580164E-01   -0.1910815E-01   -0.1049583E-03   -0.4846881E-04   -0.8993309E-04   -0.3252025E-04   -0.1410416E-04   -0.6859371E-04    0.1379588E-01    0.9115386E-02    0.1026663E-01    0.2452458E-02    0.2641436E-02    0.3347076E-02    0.2307120E-05   -0.1284778E-05
   -0.2420521E-05    0.1253568E-04   -0.2036454E-05   -0.6135133E-04   -0.9006741E-04   -0.2347814E-04    0.1778335E-03    0.2853066E-02   -0.2325685E-02   -0.5491260E-02    0.3186022E-01    0.6111732E-01    0.3399676E-01    0.2038737E-01    0.5183973E-02   -0.7651740E-01   -0.7122512E-01   -0.6160349E-01   -0.5052195E-01   -0.7935567E-04   -0.9265334E-04   -0.1294086E-03   -0.9054732E-04   -0.9671887E-04   -0.1221831E-03    0.9115386E-02    0.1308467E-01    0.1438771E-01    0.9230914E-02    0.8858794E-02    0.7938081E-02    0.5796393E-05   -0.3085701E-05
   -0.2975849E-05    0.1448601E-04   -0.2370267E-05   -0.1108208E-03   -0.1888222E-03   -0.2766224E-04    0.2077652E-03   -0.1134114E-02    0.5031414E-02   -0.8132809E-02    0.3350869E-01    0.6332632E-01    0.2081702E-01    0.2084648E-01    0.1098375E-01   -0.5840150E-01   -0.7525241E-01   -0.6726630E-01   -0.3633290E-01   -0.7370897E-04   -0.7441280E-04   -0.1227469E-03   -0.6624735E-04   -0.1098035E-03   -0.2123295E-03    0.1026663E-01    0.1438771E-01    0.2681835E-01    0.5434097E-02    0.1219118E-01    0.2285872E-01    0.4736020E-05   -0.5293694E-05
   -0.3841139E-05    0.2611642E-04   -0.4060831E-05   -0.8907078E-04   -0.1096252E-03   -0.5401181E-04    0.2759373E-03   -0.3509769E-02   -0.5702453E-02   -0.5630265E-02    0.6238710E-01    0.7446152E-01    0.5464269E-01    0.4759083E-01    0.1865486E-02   -0.4120333E-01   -0.8118192E-01   -0.7887854E-01   -0.7436710E-01   -0.4903627E-04   -0.1325229E-03   -0.1486329E-03   -0.2336425E-03   -0.2343925E-03   -0.1910941E-03    0.2452458E-02    0.9230914E-02    0.5434097E-02    0.2298421E-01    0.2100788E-01    0.1481210E-01   -0.3373345E-05   -0.1598329E-05
   -0.5445807E-05    0.3859588E-04   -0.5627807E-05   -0.1577213E-03   -0.2204085E-03   -0.7949682E-04    0.2845969E-03   -0.2310126E-01   -0.6798930E-02   -0.1240784E-01    0.1113249E+00    0.9881554E-01    0.6754510E-01    0.7217757E-01    0.7590420E-02   -0.5063301E-01   -0.8216182E-01   -0.7572923E-01   -0.4538116E-01   -0.4628957E-04   -0.1224608E-03   -0.2299610E-03   -0.2125617E-03   -0.3061262E-03   -0.3785964E-03    0.2641436E-02    0.8858794E-02    0.1219118E-01    0.2100788E-01    0.3084028E-01    0.4185962E-01   -0.1812264E-05   -0.4616884E-05
   -0.9145165E-05    0.6981093E-04   -0.9280213E-05   -0.3255214E-03   -0.4912035E-03   -0.1499412E-03    0.2415851E-03   -0.6995982E-01   -0.7042638E-02   -0.2060506E-01    0.1293311E+00    0.1278675E+00    0.7577121E-01    0.1189453E+00    0.2273062E-01   -0.5383436E-01   -0.7369558E-01   -0.2795993E-01    0.6835711E-01   -0.6529224E-04   -0.1239040E-03   -0.4183787E-03   -0.2051807E-03   -0.4924058E-03   -0.6407327E-03    0.3347076E-02    0.7938081E-02    0.2285872E-01    0.1481210E-01    0.4185962E-01    0.1032763E+00   -0.3354023E-06   -0.1217476E-04
   -0.2572821E-07   -0.9687804E-07    0.5187737E-11    0.3794228E-06   -0.4065935E-06    0.4999145E-06    0.2367576E-05    0.2513031E-03    0.2913589E-04   -0.2375792E-03   -0.8882334E-03   -0.8598174E-04   -0.6695472E-03   -0.9347278E-03    0.5739639E-04   -0.1321724E-01    0.2921663E-02    0.2618633E-02    0.2625715E-02    0.3397172E-06    0.4709221E-06    0.3149411E-06    0.1235172E-06    0.2729987E-07   -0.3625514E-06    0.2307120E-05    0.5796393E-05    0.4736020E-05   -0.3373345E-05   -0.1812264E-05   -0.3354023E-06    0.2318261E-05   -0.2224263E-07
    0.7488466E-08   -0.4750500E-07    0.1178008E-07    0.8111703E-06    0.1549332E-05    0.3875952E-06    0.2903486E-06   -0.3121401E-02   -0.1188839E-03    0.1677240E-03   -0.2892312E-02   -0.9238105E-03    0.1753577E-02    0.5860289E-02    0.2415506E-03   -0.6052054E-05    0.1874807E-04   -0.5092391E-02   -0.9584733E-02   -0.4633787E-07   -0.6171410E-07   -0.4387693E-07    0.3889070E-07    0.1159593E-06    0.1010408E-06   -0.1284778E-05   -0.3085701E-05   -0.5293694E-05   -0.1598329E-05   -0.4616884E-05   -0.1217476E-04   -0.2224263E-07    0.1328537E-05
