# omegabh2 omegach2 theta tau nnu yhe logA ns calPlanck acib217 xi asz143 aps100 aps143 aps143217 aps217 aksz kgal100 kgal143 kgal143217 kgal217 galfEE100 galfEE100143 galfEE100217 galfEE143 galfEE143217 galfEE217 galfTE100 galfTE100143 galfTE100217 galfTE143 galfTE143217 galfTE217 cal0 cal2
    0.6026717E-07    0.2949872E-06   -0.1861103E-07    0.2111551E-05    0.3317491E-04    0.7403654E-06    0.5166817E-05    0.1906181E-05   -0.3853653E-08    0.6425426E-04   -0.2270531E-05   -0.7032012E-05    0.2336578E-03    0.2682565E-04   -0.6057933E-04   -0.8883334E-04    0.2755705E-04    0.9135464E-05    0.9697308E-05   -0.2368724E-06   -0.2171158E-04    0.2580638E-06    0.1028068E-06    0.2001177E-07    0.9227007E-07    0.1400935E-06   -0.2026904E-06   -0.5867272E-06   -0.1035442E-06   -0.1218472E-05    0.1818709E-06   -0.1009994E-05   -0.3466253E-05   -0.3628082E-08    0.5205847E-08
    0.2949872E-06    0.2327308E-04   -0.5292749E-05   -0.1955054E-05    0.1451462E-02   -0.5813864E-04    0.3772235E-04    0.1697065E-04   -0.4616039E-06    0.8001523E-03   -0.2218167E-04   -0.3319244E-03    0.6207870E-02   -0.5353090E-03   -0.2070431E-02   -0.2437799E-02    0.5831950E-03   -0.7842986E-04    0.1123564E-03   -0.1889385E-03   -0.2857254E-03    0.3256006E-05    0.1103257E-05    0.3263847E-06    0.1643603E-05   -0.7846900E-06    0.1980698E-06    0.1097301E-04    0.2281390E-05    0.5344268E-05   -0.5434227E-06    0.1424756E-05   -0.1110496E-05   -0.1413123E-08    0.1098004E-06
   -0.1861103E-07   -0.5292749E-05    0.1508617E-05    0.1827132E-05   -0.3413705E-03    0.1920781E-04   -0.4431287E-05   -0.1845823E-05    0.1006101E-06    0.3650741E-03   -0.2152249E-05   -0.4496391E-04    0.6309483E-03    0.1155397E-02    0.6808777E-03    0.3013850E-03    0.7188744E-04    0.5421862E-04   -0.5332090E-06    0.8250220E-04   -0.4936278E-04   -0.7501995E-06   -0.2730162E-06   -0.1557058E-06   -0.4327907E-06    0.3169648E-06   -0.1113328E-05   -0.2630149E-05   -0.5255672E-06   -0.1760175E-05    0.6286321E-06   -0.6230535E-06   -0.8555624E-06   -0.1745253E-07    0.2518697E-07
    0.2111551E-05   -0.1955054E-05    0.1827132E-05    0.3228489E-03    0.6469768E-03    0.5011817E-04    0.6480767E-03    0.8188869E-04   -0.2578427E-05   -0.4981655E-02    0.1155272E-03    0.4114000E-03   -0.2170529E-01   -0.6448331E-02   -0.6838612E-03    0.1594765E-02   -0.1874165E-02    0.6244728E-03   -0.1096924E-02   -0.8641922E-03    0.6588427E-03    0.9726669E-05    0.3202740E-05   -0.3776517E-05    0.3469896E-05    0.7956303E-06   -0.1936058E-04   -0.3529076E-04    0.1842414E-05   -0.1826651E-04    0.1747222E-04   -0.3909502E-04   -0.1206104E-03   -0.1091517E-06   -0.3561023E-06
    0.3317491E-04    0.1451462E-02   -0.3413705E-03    0.6469768E-03    0.9986600E-01   -0.3761902E-02    0.3851140E-02    0.1638011E-02   -0.3151037E-04    0.4431201E-01   -0.1778715E-02   -0.1525812E-01    0.3307613E+00   -0.9051670E-01   -0.1672315E+00   -0.1795976E+00    0.3360890E-01   -0.2120990E-02    0.1044960E-01   -0.1250679E-01   -0.1916106E-01    0.3016004E-03    0.1087469E-03    0.2868698E-04    0.1502479E-03   -0.1234579E-04    0.4923852E-04    0.5986301E-03    0.1299690E-03   -0.1049039E-03   -0.4395015E-04   -0.1414759E-03   -0.1171427E-02   -0.3971412E-06    0.5976234E-05
    0.7403654E-06   -0.5813864E-04    0.1920781E-04    0.5011817E-04   -0.3761902E-02    0.3156004E-03    0.3312441E-04    0.2382643E-04    0.5929120E-06    0.1410610E-01   -0.2135740E-03   -0.2371614E-02    0.3724189E-01    0.2954396E-01    0.1011633E-01   -0.1580922E-02    0.4269435E-02    0.1342770E-02    0.8167975E-03    0.1678600E-02   -0.3331874E-02   -0.7830995E-05   -0.1956606E-05   -0.4560002E-05   -0.4718113E-05    0.2989799E-05   -0.2481974E-04   -0.2243644E-04   -0.3025494E-05   -0.2364066E-04    0.1119910E-04   -0.7639641E-05   -0.2826207E-04   -0.6836682E-06    0.9830534E-06
    0.5166817E-05    0.3772235E-04   -0.4431287E-05    0.6480767E-03    0.3851140E-02    0.3312441E-04    0.1414244E-02    0.2056336E-03    0.7169686E-05   -0.4381210E-02    0.1635071E-03   -0.4406731E-03   -0.1548536E-01   -0.6744394E-02   -0.1501869E-02    0.2305605E-02   -0.2107113E-02    0.9095642E-03   -0.2146964E-02   -0.2675428E-02    0.2209913E-03    0.2744973E-04    0.9164111E-05   -0.1045333E-04    0.1093560E-04    0.2015830E-05   -0.4094525E-04   -0.5185743E-04    0.7860007E-05   -0.2352143E-04    0.3516190E-04   -0.8163203E-04   -0.2456536E-03   -0.1708640E-06   -0.3945248E-06
    0.1906181E-05    0.1697065E-04   -0.1845823E-05    0.8188869E-04    0.1638011E-02    0.2382643E-04    0.2056336E-03    0.9128880E-04   -0.1027663E-05    0.3223020E-02   -0.3904770E-04   -0.5569624E-03    0.5603512E-02    0.4359342E-02    0.1161578E-02   -0.1996876E-02    0.7920343E-03    0.8686045E-03    0.5194313E-03   -0.1046488E-03   -0.1462485E-02    0.1303879E-04    0.4887031E-05    0.5303366E-06    0.5205066E-05    0.2279740E-05   -0.1170745E-04    0.2480745E-05    0.3544716E-05   -0.1782806E-04    0.5696640E-05   -0.1428098E-04   -0.8579206E-04   -0.4561184E-06    0.2634088E-06
   -0.3853653E-08   -0.4616039E-06    0.1006101E-06   -0.2578427E-05   -0.3151037E-04    0.5929120E-06    0.7169686E-05   -0.1027663E-05    0.6578882E-05    0.1263472E-02   -0.7767828E-05   -0.1975172E-04    0.3641606E-02    0.3415814E-03    0.1488607E-03    0.7027719E-03    0.7263122E-04   -0.6449013E-04    0.7749370E-04   -0.1993115E-03    0.2327194E-04    0.1601263E-05    0.4245822E-06   -0.1087478E-05    0.8159822E-06    0.5520595E-06    0.7943417E-06    0.1656195E-06    0.5186093E-06    0.4959458E-05   -0.9376416E-06   -0.7256237E-06    0.2276736E-05   -0.1247999E-07   -0.5562345E-07
    0.6425426E-04    0.8001523E-03    0.3650741E-03   -0.4981655E-02    0.4431201E-01    0.1410610E-01   -0.4381210E-02    0.3223020E-02    0.1263472E-02    0.5095790E+02   -0.5221298E+00   -0.1773549E+01    0.4799873E+02    0.2803165E+01   -0.2007197E+02   -0.6681064E+02    0.4264945E+00    0.4118514E-01    0.6606144E+00   -0.3611811E+01   -0.2683049E+02    0.1348803E-03    0.1614119E-03   -0.5704082E-04    0.2661193E-03    0.3940578E-03   -0.1122499E-02    0.3369173E-02    0.4756125E-02   -0.2815701E-01    0.5585750E-02    0.1425403E-02   -0.1837560E-01   -0.3159698E-03    0.4321058E-02
   -0.2270531E-05   -0.2218167E-04   -0.2152249E-05    0.1155272E-03   -0.1778715E-02   -0.2135740E-03    0.1635071E-03   -0.3904770E-04   -0.7767828E-05   -0.5221298E+00    0.8224297E-01   -0.6550294E-01   -0.4304602E+00    0.9222564E+00    0.1761595E+01    0.7632738E+00    0.6107009E-01   -0.1335843E-01    0.1043445E-01    0.9065143E-01    0.1050951E+00   -0.6272943E-05    0.1364476E-04   -0.1292377E-04    0.2511152E-05   -0.1284856E-03    0.1900225E-03   -0.5126893E-03   -0.2184704E-03    0.1776762E-03    0.7105532E-04   -0.2313590E-03    0.1075159E-02    0.5936014E-05   -0.2564859E-04
   -0.7032012E-05   -0.3319244E-03   -0.4496391E-04    0.4114000E-03   -0.1525812E-01   -0.2371614E-02   -0.4406731E-03   -0.5569624E-03   -0.1975172E-04   -0.1773549E+01   -0.6550294E-01    0.3848946E+01   -0.2936302E+02   -0.4144303E+01    0.7643393E+01    0.6719158E+01   -0.2659237E+01   -0.1966206E+00    0.1066315E+00    0.2548266E+01    0.2124354E+01    0.3096752E-03    0.1280379E-03    0.2439986E-03    0.2342864E-03    0.2801809E-03   -0.1145291E-02    0.3062255E-02    0.1721080E-02    0.6857659E-02    0.2038963E-03   -0.6450266E-03    0.2963593E-02    0.2087607E-03   -0.4193977E-03
    0.2336578E-03    0.6207870E-02    0.6309483E-03   -0.2170529E-01    0.3307613E+00    0.3724189E-01   -0.1548536E-01    0.5603512E-02    0.3641606E-02    0.4799873E+02   -0.4304602E+00   -0.2936302E+02    0.7198282E+03    0.7612246E+02   -0.5167992E+02   -0.7122275E+02    0.1249871E+02    0.7084809E+00    0.7331117E-01   -0.1322328E+02   -0.2070792E+02   -0.3003071E-02   -0.3051537E-02   -0.7203451E-02   -0.4239414E-02    0.1006916E-02    0.1080037E-01    0.3666098E-01   -0.1317226E-01   -0.2314372E-01   -0.9060291E-02   -0.1407902E-01   -0.3509532E-01    0.4284615E-02    0.5514812E-02
    0.2682565E-04   -0.5353090E-03    0.1155397E-02   -0.6448331E-02   -0.9051670E-01    0.2954396E-01   -0.6744394E-02    0.4359342E-02    0.3415814E-03    0.2803165E+01    0.9222564E+00   -0.4144303E+01    0.7612246E+02    0.6114938E+02    0.4122925E+02    0.1560814E+02   -0.3687799E+01   -0.1451411E+00   -0.4439175E+00    0.4221166E+01    0.3445914E+01   -0.1824403E-02   -0.6242135E-03   -0.3602868E-02   -0.3321547E-03   -0.2316058E-02   -0.3260157E-02   -0.1262062E-02   -0.2590279E-02   -0.1568068E-01    0.9930705E-03    0.8537307E-03    0.4283137E-02    0.3724356E-05    0.4298698E-03
   -0.6057933E-04   -0.2070431E-02    0.6808777E-03   -0.6838612E-03   -0.1672315E+00    0.1011633E-01   -0.1501869E-02    0.1161578E-02    0.1488607E-03   -0.2007197E+02    0.1761595E+01    0.7643393E+01   -0.5167992E+02    0.4122925E+02    0.9109253E+02    0.6381073E+02   -0.1124584E+02   -0.6883297E+00    0.1507651E+00    0.5114079E+01    0.5576484E+01    0.2077450E-03    0.1945852E-03   -0.2706008E-02    0.7988003E-03   -0.4157127E-02   -0.1316230E-02   -0.5689192E-02   -0.2037092E-02    0.2863474E-01    0.3714080E-02    0.8756649E-03    0.4423553E-01    0.6858271E-03   -0.2558815E-02
   -0.8883334E-04   -0.2437799E-02    0.3013850E-03    0.1594765E-02   -0.1795976E+00   -0.1580922E-02    0.2305605E-02   -0.1996876E-02    0.7027719E-03   -0.6681064E+02    0.7632738E+00    0.6719158E+01   -0.7122275E+02    0.1560814E+02    0.6381073E+02    0.1242720E+03   -0.9708912E+01   -0.3131766E+00   -0.6481474E+00    0.1774859E+01    0.2374474E+02    0.4102329E-03   -0.1747200E-03   -0.1998345E-02    0.2153510E-03   -0.2502031E-02    0.2243978E-02    0.3939837E-02   -0.1830762E-02    0.5004479E-01   -0.2124692E-02    0.1017941E-01    0.4152213E-01    0.7789410E-03   -0.7404171E-02
    0.2755705E-04    0.5831950E-03    0.7188744E-04   -0.1874165E-02    0.3360890E-01    0.4269435E-02   -0.2107113E-02    0.7920343E-03    0.7263122E-04    0.4264945E+00    0.6107009E-01   -0.2659237E+01    0.1249871E+02   -0.3687799E+01   -0.1124584E+02   -0.9708912E+01    0.5934062E+01    0.9114577E-01   -0.1076143E+00   -0.1974171E+01   -0.1541886E+01   -0.8761553E-03   -0.1626662E-03    0.8520586E-04   -0.2154142E-03   -0.2193022E-05    0.1725876E-02   -0.8220303E-03   -0.1143068E-02   -0.3518818E-02   -0.1631481E-02   -0.1070948E-02   -0.2740861E-02   -0.1525881E-03    0.1567918E-03
    0.9135464E-05   -0.7842986E-04    0.5421862E-04    0.6244728E-03   -0.2120990E-02    0.1342770E-02    0.9095642E-03    0.8686045E-03   -0.6449013E-04    0.4118514E-01   -0.1335843E-01   -0.1966206E+00    0.7084809E+00   -0.1451411E+00   -0.6883297E+00   -0.3131766E+00    0.9114577E-01    0.3117599E+01    0.7248533E+00    0.3222555E+00    0.5103529E+00    0.4835806E-04    0.1454560E-03   -0.1917367E-03    0.4950327E-04   -0.2580938E-03   -0.2220363E-03   -0.4059779E-02   -0.1721687E-03   -0.7739397E-02    0.1594355E-02   -0.1570566E-02   -0.2595620E-02    0.4506207E-03    0.2842638E-04
    0.9697308E-05    0.1123564E-03   -0.5332090E-06   -0.1096924E-02    0.1044960E-01    0.8167975E-03   -0.2146964E-02    0.5194313E-03    0.7749370E-04    0.6606144E+00    0.1043445E-01    0.1066315E+00    0.7331117E-01   -0.4439175E+00    0.1507651E+00   -0.6481474E+00   -0.1076143E+00    0.7248533E+00    0.3139707E+01    0.2423141E+01    0.1200651E+01    0.1945788E-03    0.7174862E-04   -0.1058907E-04   -0.8060947E-04    0.8531776E-03    0.1001173E-02    0.2019958E-02   -0.9548800E-03   -0.4326324E-02    0.1412529E-03    0.1613280E-02    0.8545508E-02   -0.4253149E-03   -0.1904141E-03
   -0.2368724E-06   -0.1889385E-03    0.8250220E-04   -0.8641922E-03   -0.1250679E-01    0.1678600E-02   -0.2675428E-02   -0.1046488E-03   -0.1993115E-03   -0.3611811E+01    0.9065143E-01    0.2548266E+01   -0.1322328E+02    0.4221166E+01    0.5114079E+01    0.1774859E+01   -0.1974171E+01    0.3222555E+00    0.2423141E+01    0.1818667E+02    0.2778608E+02   -0.3781170E-03   -0.1577707E-04   -0.8255852E-03   -0.3146886E-03    0.1561021E-02   -0.4654268E-02    0.7849098E-02    0.5303808E-03   -0.9898782E-02   -0.2283803E-02   -0.3822648E-02   -0.1218041E-01   -0.8893233E-04    0.2403848E-02
   -0.2171158E-04   -0.2857254E-03   -0.4936278E-04    0.6588427E-03   -0.1916106E-01   -0.3331874E-02    0.2209913E-03   -0.1462485E-02    0.2327194E-04   -0.2683049E+02    0.1050951E+00    0.2124354E+01   -0.2070792E+02    0.3445914E+01    0.5576484E+01    0.2374474E+02   -0.1541886E+01    0.5103529E+00    0.1200651E+01    0.2778608E+02    0.6344568E+02   -0.8930170E-03   -0.3193967E-03   -0.2119719E-02   -0.5854306E-03    0.1837106E-02   -0.9071811E-02    0.7368351E-02   -0.2920644E-02   -0.2360728E-02   -0.7028041E-02   -0.9006831E-02   -0.2537156E-01   -0.1853914E-04    0.4378201E-02
    0.2580638E-06    0.3256006E-05   -0.7501995E-06    0.9726669E-05    0.3016004E-03   -0.7830995E-05    0.2744973E-04    0.1303879E-04    0.1601263E-05    0.1348803E-03   -0.6272943E-05    0.3096752E-03   -0.3003071E-02   -0.1824403E-02    0.2077450E-03    0.4102329E-03   -0.8761553E-03    0.4835806E-04    0.1945788E-03   -0.3781170E-03   -0.8930170E-03    0.1284542E-03    0.1093183E-04    0.4129224E-06    0.3089759E-05   -0.9707322E-06    0.1486646E-04   -0.2783715E-04   -0.7560522E-05   -0.2206571E-04    0.3536041E-05    0.1316989E-05   -0.4861731E-05   -0.8398933E-08   -0.1323814E-06
    0.1028068E-06    0.1103257E-05   -0.2730162E-06    0.3202740E-05    0.1087469E-03   -0.1956606E-05    0.9164111E-05    0.4887031E-05    0.4245822E-06    0.1614119E-03    0.1364476E-04    0.1280379E-03   -0.3051537E-02   -0.6242135E-03    0.1945852E-03   -0.1747200E-03   -0.1626662E-03    0.1454560E-03    0.7174862E-04   -0.1577707E-04   -0.3193967E-03    0.1093183E-04    0.1375598E-04   -0.8719292E-06    0.6247051E-05    0.5057481E-06   -0.1943413E-05   -0.3723091E-05   -0.1300267E-05   -0.5488069E-05    0.2033951E-06   -0.8740049E-06   -0.1055232E-04   -0.7014405E-08   -0.2978208E-07
    0.2001177E-07    0.3263847E-06   -0.1557058E-06   -0.3776517E-05    0.2868698E-04   -0.4560002E-05   -0.1045333E-04    0.5303366E-06   -0.1087478E-05   -0.5704082E-04   -0.1292377E-04    0.2439986E-03   -0.7203451E-02   -0.3602868E-02   -0.2706008E-02   -0.1998345E-02    0.8520586E-04   -0.1917367E-03   -0.1058907E-04   -0.8255852E-03   -0.2119719E-02    0.4129224E-06   -0.8719292E-06    0.2259385E-03    0.6962361E-06   -0.4301961E-06   -0.4032278E-05   -0.1244350E-04    0.2499214E-05    0.2796584E-04   -0.1018098E-05   -0.1447403E-04    0.2808248E-04   -0.8247287E-07   -0.3680613E-06
    0.9227007E-07    0.1643603E-05   -0.4327907E-06    0.3469896E-05    0.1502479E-03   -0.4718113E-05    0.1093560E-04    0.5205066E-05    0.8159822E-06    0.2661193E-03    0.2511152E-05    0.2342864E-03   -0.4239414E-02   -0.3321547E-03    0.7988003E-03    0.2153510E-03   -0.2154142E-03    0.4950327E-04   -0.8060947E-04   -0.3146886E-03   -0.5854306E-03    0.3089759E-05    0.6247051E-05    0.6962361E-06    0.3105321E-04    0.6135314E-06    0.1969324E-05    0.2017963E-06    0.9170494E-06    0.1665760E-04   -0.1773874E-05    0.4391914E-05    0.1764812E-06    0.8290382E-08   -0.1510708E-07
    0.1400935E-06   -0.7846900E-06    0.3169648E-06    0.7956303E-06   -0.1234579E-04    0.2989799E-05    0.2015830E-05    0.2279740E-05    0.5520595E-06    0.3940578E-03   -0.1284856E-03    0.2801809E-03    0.1006916E-02   -0.2316058E-02   -0.4157127E-02   -0.2502031E-02   -0.2193022E-05   -0.2580938E-03    0.8531776E-03    0.1561021E-02    0.1837106E-02   -0.9707322E-06    0.5057481E-06   -0.4301961E-06    0.6135314E-06    0.3989855E-03    0.1585908E-05   -0.6460910E-05    0.1150214E-04   -0.7611929E-04    0.6897813E-05   -0.9219493E-06   -0.2690028E-04   -0.3256223E-07   -0.1134205E-06
   -0.2026904E-06    0.1980698E-06   -0.1113328E-05   -0.1936058E-04    0.4923852E-04   -0.2481974E-04   -0.4094525E-04   -0.1170745E-04    0.7943417E-06   -0.1122499E-02    0.1900225E-03   -0.1145291E-02    0.1080037E-01   -0.3260157E-02   -0.1316230E-02    0.2243978E-02    0.1725876E-02   -0.2220363E-03    0.1001173E-02   -0.4654268E-02   -0.9071811E-02    0.1486646E-04   -0.1943413E-05   -0.4032278E-05    0.1969324E-05    0.1585908E-05    0.3575818E-02   -0.1081799E-05    0.1440697E-04    0.1779878E-04    0.3246918E-04   -0.1995645E-04    0.9006715E-04   -0.3007284E-06   -0.1816695E-05
   -0.5867272E-06    0.1097301E-04   -0.2630149E-05   -0.3529076E-04    0.5986301E-03   -0.2243644E-04   -0.5185743E-04    0.2480745E-05    0.1656195E-06    0.3369173E-02   -0.5126893E-03    0.3062255E-02    0.3666098E-01   -0.1262062E-02   -0.5689192E-02    0.3939837E-02   -0.8220303E-03   -0.4059779E-02    0.2019958E-02    0.7849098E-02    0.7368351E-02   -0.2783715E-04   -0.3723091E-05   -0.1244350E-04    0.2017963E-06   -0.6460910E-05   -0.1081799E-05    0.6066272E-02    0.1912547E-02    0.1882279E-02   -0.6792736E-03   -0.4869565E-04   -0.3361707E-04    0.2241191E-05    0.8472508E-06
   -0.1035442E-06    0.2281390E-05   -0.5255672E-06    0.1842414E-05    0.1299690E-03   -0.3025494E-05    0.7860007E-05    0.3544716E-05    0.5186093E-06    0.4756125E-02   -0.2184704E-03    0.1721080E-02   -0.1317226E-01   -0.2590279E-02   -0.2037092E-02   -0.1830762E-02   -0.1143068E-02   -0.1721687E-03   -0.9548800E-03    0.5303808E-03   -0.2920644E-02   -0.7560522E-05   -0.1300267E-05    0.2499214E-05    0.9170494E-06    0.1150214E-04    0.1440697E-04    0.1912547E-02    0.1259157E-02    0.8617477E-03    0.2070339E-03    0.2236154E-04   -0.2171592E-03    0.8306476E-07    0.1655361E-06
   -0.1218472E-05    0.5344268E-05   -0.1760175E-05   -0.1826651E-04   -0.1049039E-03   -0.2364066E-04   -0.2352143E-04   -0.1782806E-04    0.4959458E-05   -0.2815701E-01    0.1776762E-03    0.6857659E-02   -0.2314372E-01   -0.1568068E-01    0.2863474E-01    0.5004479E-01   -0.3518818E-02   -0.7739397E-02   -0.4326324E-02   -0.9898782E-02   -0.2360728E-02   -0.2206571E-04   -0.5488069E-05    0.2796584E-04    0.1665760E-04   -0.7611929E-04    0.1779878E-04    0.1882279E-02    0.8617477E-03    0.3221638E-01   -0.4640527E-03    0.1496024E-02    0.9999372E-02   -0.6201001E-06   -0.4548054E-05
    0.1818709E-06   -0.5434227E-06    0.6286321E-06    0.1747222E-04   -0.4395015E-04    0.1119910E-04    0.3516190E-04    0.5696640E-05   -0.9376416E-06    0.5585750E-02    0.7105532E-04    0.2038963E-03   -0.9060291E-02    0.9930705E-03    0.3714080E-02   -0.2124692E-02   -0.1631481E-02    0.1594355E-02    0.1412529E-03   -0.2283803E-02   -0.7028041E-02    0.3536041E-05    0.2033951E-06   -0.1018098E-05   -0.1773874E-05    0.6897813E-05    0.3246918E-04   -0.6792736E-03    0.2070339E-03   -0.4640527E-03    0.1351205E-02    0.1790841E-03   -0.2931643E-03    0.6604041E-06    0.3881948E-08
   -0.1009994E-05    0.1424756E-05   -0.6230535E-06   -0.3909502E-04   -0.1414759E-03   -0.7639641E-05   -0.8163203E-04   -0.1428098E-04   -0.7256237E-06    0.1425403E-02   -0.2313590E-03   -0.6450266E-03   -0.1407902E-01    0.8537307E-03    0.8756649E-03    0.1017941E-01   -0.1070948E-02   -0.1570566E-02    0.1613280E-02   -0.3822648E-02   -0.9006831E-02    0.1316989E-05   -0.8740049E-06   -0.1447403E-04    0.4391914E-05   -0.9219493E-06   -0.1995645E-04   -0.4869565E-04    0.2236154E-04    0.1496024E-02    0.1790841E-03    0.5022644E-02    0.4036412E-02   -0.8702780E-06   -0.1707916E-05
   -0.3466253E-05   -0.1110496E-05   -0.8555624E-06   -0.1206104E-03   -0.1171427E-02   -0.2826207E-04   -0.2456536E-03   -0.8579206E-04    0.2276736E-05   -0.1837560E-01    0.1075159E-02    0.2963593E-02   -0.3509532E-01    0.4283137E-02    0.4423553E-01    0.4152213E-01   -0.2740861E-02   -0.2595620E-02    0.8545508E-02   -0.1218041E-01   -0.2537156E-01   -0.4861731E-05   -0.1055232E-04    0.2808248E-04    0.1764812E-06   -0.2690028E-04    0.9006715E-04   -0.3361707E-04   -0.2171592E-03    0.9999372E-02   -0.2931643E-03    0.4036412E-02    0.3549220E-01   -0.3362666E-05   -0.1031693E-04
   -0.3628082E-08   -0.1413123E-08   -0.1745253E-07   -0.1091517E-06   -0.3971412E-06   -0.6836682E-06   -0.1708640E-06   -0.4561184E-06   -0.1247999E-07   -0.3159698E-03    0.5936014E-05    0.2087607E-03    0.4284615E-02    0.3724356E-05    0.6858271E-03    0.7789410E-03   -0.1525881E-03    0.4506207E-03   -0.4253149E-03   -0.8893233E-04   -0.1853914E-04   -0.8398933E-08   -0.7014405E-08   -0.8247287E-07    0.8290382E-08   -0.3256223E-07   -0.3007284E-06    0.2241191E-05    0.8306476E-07   -0.6201001E-06    0.6604041E-06   -0.8702780E-06   -0.3362666E-05    0.5459353E-06   -0.2394777E-08
    0.5205847E-08    0.1098004E-06    0.2518697E-07   -0.3561023E-06    0.5976234E-05    0.9830534E-06   -0.3945248E-06    0.2634088E-06   -0.5562345E-07    0.4321058E-02   -0.2564859E-04   -0.4193977E-03    0.5514812E-02    0.4298698E-03   -0.2558815E-02   -0.7404171E-02    0.1567918E-03    0.2842638E-04   -0.1904141E-03    0.2403848E-02    0.4378201E-02   -0.1323814E-06   -0.2978208E-07   -0.3680613E-06   -0.1510708E-07   -0.1134205E-06   -0.1816695E-05    0.8472508E-06    0.1655361E-06   -0.4548054E-05    0.3881948E-08   -0.1707916E-05   -0.1031693E-04   -0.2394777E-08    0.2038958E-05
