# omegabh2 omegach2 theta tau Alens ns logA asz
    0.21400E-06    0.25162E-06    0.54122E-06    0.10061E-05    0.68227E-04    0.38979E-05    0.49957E-05    0.12242E-04
    0.25162E-06    0.61117E-05    0.24973E-05   -0.25837E-05    0.73424E-04    0.10815E-05    0.20212E-04   -0.70648E-04
    0.54122E-06    0.24973E-05    0.42671E-05    0.52126E-06    0.12221E-03    0.98331E-05    0.17331E-04   -0.29586E-04
    0.10061E-05   -0.25837E-05    0.52126E-06    0.16046E-03   -0.60387E-04    0.33762E-04    0.32447E-03   -0.30890E-03
    0.68227E-04    0.73424E-04    0.12221E-03   -0.60387E-04    0.29150E+00    0.97822E-03    0.52388E-03   -0.17669E-02
    0.38979E-05    0.10815E-05    0.98331E-05    0.33762E-04    0.97822E-03    0.11146E-03    0.12929E-03   -0.39104E-03
    0.49957E-05    0.20212E-04    0.17331E-04    0.32447E-03    0.52388E-03    0.12929E-03    0.80953E-03   -0.15507E-02
    0.12242E-04   -0.70648E-04   -0.29586E-04   -0.30890E-03   -0.17669E-02   -0.39104E-03   -0.15507E-02    0.32478E+00
