# omegabh2 omegach2 theta tau meffsterile nnu logA ns acib217 acibsz143 asz143 aps100 aps143 aps143217 aps217 aksz kgal100 t1gal143 t1gal143217 t1gal217 galfEE100 galfEE100143 galfEE100217 galfEE143 galfEE143217 galfEE217 galfTE100 galfTE100143 galfTE100217 galfTE143 galfTE143217 galfTE217 calib_100T calib_217T
    0.4188493E-07    0.2341579E-06   -0.1632183E-07    0.1028555E-05    0.1207057E-05    0.2266027E-04    0.2473097E-05    0.1159394E-05    0.3682883E-04    0.6004138E-05    0.8332546E-05   -0.1671077E-03   -0.1198247E-03   -0.1068743E-03   -0.1260932E-03   -0.8392236E-06    0.5524599E-03    0.3767604E-03    0.3773979E-03    0.3642264E-03    0.2548682E-06    0.2707459E-06    0.3296332E-06    0.2978955E-06    0.3362260E-06    0.3779760E-06   -0.2261974E-05   -0.3417236E-05   -0.3908661E-05   -0.5806314E-05   -0.7628869E-05   -0.1205753E-04   -0.2694184E-07   -0.3336095E-08
    0.2341579E-06    0.1170532E-04   -0.1033471E-05    0.1736133E-05   -0.3548077E-04    0.5195485E-03    0.2365060E-04    0.1326642E-04    0.5372990E-02    0.2557565E-02    0.4347908E-03    0.3981715E-03   -0.2410905E-02   -0.6449983E-02   -0.6695523E-02    0.1118717E-02    0.9469831E-02    0.1075065E-01    0.1132390E-01    0.1169279E-01    0.1156978E-05    0.3724148E-06    0.7049508E-06    0.5877265E-06   -0.3994361E-06   -0.2176220E-05   -0.4612760E-06   -0.7994937E-05   -0.8022096E-05   -0.1396177E-04   -0.6796176E-05    0.1262382E-04   -0.1577388E-06   -0.2915020E-06
   -0.1632183E-07   -0.1033471E-05    0.1803556E-06   -0.3979666E-07   -0.5243830E-05   -0.5056176E-04   -0.1798297E-05   -0.1199095E-05   -0.5073876E-03   -0.2372472E-03   -0.3291744E-04   -0.1194078E-03    0.1760395E-03    0.5882599E-03    0.6229749E-03   -0.9671364E-04   -0.8782470E-03   -0.1138089E-02   -0.1231921E-02   -0.1300050E-02   -0.1786641E-06   -0.8876941E-07   -0.2060613E-06   -0.1526656E-06   -0.1307417E-06   -0.2162466E-06    0.7058262E-06    0.9207626E-06    0.8554831E-06    0.8525171E-06    0.4133974E-06   -0.8849891E-06   -0.2456488E-08    0.3459745E-07
    0.1028555E-05    0.1736133E-05   -0.3979666E-07    0.1836874E-03    0.1128118E-03    0.5121556E-03    0.3676997E-03    0.4128732E-04   -0.6091970E-02   -0.4156410E-02   -0.5343060E-03    0.7542068E-03    0.5751717E-02    0.1274057E-01    0.9903920E-02   -0.1794035E-02   -0.3944152E-02   -0.5334196E-02   -0.9030876E-02   -0.1280631E-01    0.1021107E-04    0.8967962E-05    0.1249690E-04    0.1177158E-04    0.1558538E-04    0.1942316E-04   -0.7539272E-04   -0.9771213E-04   -0.1324196E-03   -0.1100438E-03   -0.1753019E-03   -0.3320918E-03    0.3379065E-06    0.7898787E-06
    0.1207057E-05   -0.3548077E-04   -0.5243830E-05    0.1128118E-03    0.2789797E-01    0.5051526E-02    0.2714136E-03   -0.1885245E-03    0.1058027E+00    0.5283448E-01    0.2868044E-02    0.4224950E-01    0.2762064E-01   -0.7801291E-01   -0.8896684E-01    0.2403626E-01    0.6978691E-01    0.8528593E-01    0.1143984E+00    0.1445342E+00   -0.8794316E-04   -0.5456217E-04   -0.3619389E-04   -0.3134874E-04    0.2059183E-06    0.5933851E-04   -0.7232174E-03   -0.5067666E-03   -0.7113864E-03    0.3374976E-04   -0.1129401E-04   -0.7287087E-05    0.3297990E-06   -0.9137432E-05
    0.2266027E-04    0.5195485E-03   -0.5056176E-04    0.5121556E-03    0.5051526E-02    0.3157802E-01    0.1895600E-02    0.1047544E-02    0.2797792E+00    0.1381761E+00    0.2735943E-01   -0.4578187E-01   -0.1724454E+00   -0.3847919E+00   -0.3876266E+00    0.6164036E-01    0.5863315E+00    0.7136276E+00    0.7500207E+00    0.7701169E+00    0.1589872E-03    0.1377952E-03    0.1679398E-03    0.1616519E-03    0.1381458E-03    0.9211686E-04   -0.9414972E-03   -0.1502265E-02   -0.1812195E-02   -0.2295995E-02   -0.2720352E-02   -0.3523561E-02   -0.1957867E-05   -0.1460544E-04
    0.2473097E-05    0.2365060E-04   -0.1798297E-05    0.3676997E-03    0.2714136E-03    0.1895600E-02    0.7807216E-03    0.9963904E-04   -0.4540573E-02   -0.5299335E-02   -0.1072248E-02    0.1233213E-01    0.1597806E-01    0.2330929E-01    0.1552255E-01   -0.2165724E-02   -0.2181116E-02   -0.1310747E-01   -0.1896908E-01   -0.2525917E-01    0.1831705E-04    0.1466774E-04    0.2109631E-04    0.1994016E-04    0.2607049E-04    0.3041425E-04   -0.1413813E-03   -0.1859265E-03   -0.2536190E-03   -0.2053199E-03   -0.3156516E-03   -0.5831688E-03   -0.6017010E-06    0.8886148E-06
    0.1159394E-05    0.1326642E-04   -0.1199095E-05    0.4128732E-04   -0.1885245E-03    0.1047544E-02    0.9963904E-04    0.6357973E-04   -0.2113682E-02   -0.8968830E-03   -0.2928129E-03   -0.7839382E-02   -0.1164212E-02    0.4158405E-03    0.7061637E-03   -0.6716668E-03    0.1856408E-01    0.2100680E-01    0.2088012E-01    0.2124807E-01    0.1578181E-04    0.1507662E-04    0.1677017E-04    0.1598006E-04    0.1613633E-04    0.1521955E-04   -0.6214614E-04   -0.8790840E-04   -0.1042577E-03   -0.1528056E-03   -0.1966373E-03   -0.2951291E-03    0.1388233E-06    0.2969033E-07
    0.3682883E-04    0.5372990E-02   -0.5073876E-03   -0.6091970E-02    0.1058027E+00    0.2797792E+00   -0.4540573E-02   -0.2113682E-02    0.7513297E+02    0.3025774E+02    0.1394722E+01    0.9805130E+01   -0.2808088E+02   -0.8047649E+02   -0.9387539E+02   -0.3678050E+01    0.3545081E+00   -0.7202482E+01   -0.1446310E+02   -0.2038945E+02   -0.2200567E-02   -0.2348265E-02    0.1884203E-03   -0.1411202E-02   -0.1321925E-02   -0.6728815E-03   -0.9260281E-02    0.4366192E-03    0.1533633E-01   -0.1316359E-02    0.5526845E-02   -0.1426575E-01    0.1550304E-03   -0.3139261E-02
    0.6004138E-05    0.2557565E-02   -0.2372472E-03   -0.4156410E-02    0.5283448E-01    0.1381761E+00   -0.5299335E-02   -0.8968830E-03    0.3025774E+02    0.2208844E+02    0.3048036E+01   -0.1900972E+02   -0.2889789E+02   -0.5421845E+02   -0.3270780E+02   -0.1842279E+01   -0.1365512E+01   -0.6138826E+01   -0.1375526E+02   -0.1530925E+02   -0.7378413E-03   -0.6650284E-03    0.5389573E-03   -0.4241263E-03   -0.3658671E-03   -0.7731944E-03   -0.2092649E-02   -0.3071021E-02    0.1088412E-01    0.7632624E-02    0.2125609E-01    0.5055210E-01   -0.1103752E-03   -0.2174042E-03
    0.8332546E-05    0.4347908E-03   -0.3291744E-04   -0.5343060E-03    0.2868044E-02    0.2735943E-01   -0.1072248E-02   -0.2928129E-03    0.1394722E+01    0.3048036E+01    0.6118512E+01   -0.4001718E+02   -0.1777640E+02   -0.6228229E+01   -0.7235543E+00   -0.4038415E+00   -0.3388100E+01   -0.2104986E+01    0.2159239E+01    0.3242417E+01   -0.2778116E-03    0.8469046E-04   -0.3486817E-03   -0.1461318E-03   -0.4850140E-03   -0.2733860E-02    0.2649948E-02   -0.1835421E-02   -0.5842216E-02   -0.2606164E-02   -0.7313001E-02   -0.1397714E-01   -0.2174198E-03    0.8398133E-04
   -0.1671077E-03    0.3981715E-03   -0.1194078E-03    0.7542068E-03    0.4224950E-01   -0.4578187E-01    0.1233213E-01   -0.7839382E-02    0.9805130E+01   -0.1900972E+02   -0.4001718E+02    0.7338725E+03    0.1721049E+03    0.7268460E+02    0.9106318E+01   -0.1099412E+02   -0.4220965E+02    0.5617550E+01   -0.6964176E+01   -0.9116634E+01   -0.2249946E-02   -0.5649349E-02   -0.2870210E-02   -0.1440091E-02   -0.3342082E-03    0.1436321E-01    0.2358426E-01    0.5974439E-01    0.1500153E+00    0.5015081E-01    0.1201282E+00    0.2564755E+00    0.1643385E-03   -0.2914013E-02
   -0.1198247E-03   -0.2410905E-02    0.1760395E-03    0.5751717E-02    0.2762064E-01   -0.1724454E+00    0.1597806E-01   -0.1164212E-02   -0.2808088E+02   -0.2889789E+02   -0.1777640E+02    0.1721049E+03    0.1226829E+03    0.1026026E+03    0.5533851E+02   -0.9514122E+01   -0.2847095E+01   -0.9289341E+01   -0.3626100E+01   -0.1379754E+01   -0.6064941E-03   -0.1078864E-02   -0.3057500E-02   -0.2040583E-02   -0.2018172E-02    0.3671757E-02    0.1421429E-01    0.3777805E-01    0.2715735E-01    0.4535861E-01    0.6050722E-01    0.8617717E-01    0.7841889E-04   -0.7317397E-03
   -0.1068743E-03   -0.6449983E-02    0.5882599E-03    0.1274057E-01   -0.7801291E-01   -0.3847919E+00    0.2330929E-01    0.4158405E-03   -0.8047649E+02   -0.5421845E+02   -0.6228229E+01    0.7268460E+02    0.1026026E+03    0.1701617E+03    0.1217712E+03   -0.6495559E+01   -0.1018530E+02   -0.6461799E+01    0.7306311E+01    0.8695163E+01    0.3005077E-03    0.6462159E-03   -0.3368929E-02   -0.1148333E-02   -0.1527397E-02   -0.1864704E-02    0.2298557E-01    0.3943788E-01    0.1691384E-01    0.2901144E-01    0.2628580E-01    0.1754891E-01   -0.2636083E-03    0.1828805E-02
   -0.1260932E-03   -0.6695523E-02    0.6229749E-03    0.9903920E-02   -0.8896684E-01   -0.3876266E+00    0.1552255E-01    0.7061637E-03   -0.9387539E+02   -0.3270780E+02   -0.7235543E+00    0.9106318E+01    0.5533851E+02    0.1217712E+03    0.1565210E+03   -0.6500761E+01   -0.1181671E+02   -0.1212864E+02   -0.1437300E+02   -0.1437251E+02    0.1261442E-02    0.2000628E-02   -0.1626638E-02   -0.2175699E-03    0.9206468E-04   -0.1790672E-02    0.3209664E-01    0.3198670E-01    0.3035692E-01    0.5390102E-01    0.7330855E-01    0.1553200E+00   -0.8341714E-03    0.5730757E-02
   -0.8392236E-06    0.1118717E-02   -0.9671364E-04   -0.1794035E-02    0.2403626E-01    0.6164036E-01   -0.2165724E-02   -0.6716668E-03   -0.3678050E+01   -0.1842279E+01   -0.4038415E+00   -0.1099412E+02   -0.9514122E+01   -0.6495559E+01   -0.6500761E+01    0.7852303E+01   -0.8503812E+00   -0.1706602E+01   -0.2429176E+01   -0.2859308E+01   -0.4090693E-03   -0.8441186E-03   -0.9560373E-03   -0.3334423E-03   -0.1139305E-02   -0.1844720E-02   -0.4470474E-02    0.9721434E-03    0.1367863E-02    0.1169768E-03   -0.2768384E-02    0.1290516E-02   -0.1909685E-04    0.2637407E-03
    0.5524599E-03    0.9469831E-02   -0.8782470E-03   -0.3944152E-02    0.6978691E-01    0.5863315E+00   -0.2181116E-02    0.1856408E-01    0.3545081E+00   -0.1365512E+01   -0.3388100E+01   -0.4220965E+02   -0.2847095E+01   -0.1018530E+02   -0.1181671E+02   -0.8503812E+00    0.1780679E+03    0.8262258E+02    0.7936035E+02    0.7647045E+02    0.2129489E-02    0.5167616E-02    0.6029227E-02    0.8336727E-02    0.9658328E-02    0.1579446E-01   -0.7459720E-01   -0.1368937E+00   -0.1565700E+00   -0.1063344E+00   -0.1286616E+00   -0.2006276E+00   -0.1295955E-01    0.1919549E-03
    0.3767604E-03    0.1075065E-01   -0.1138089E-02   -0.5334196E-02    0.8528593E-01    0.7136276E+00   -0.1310747E-01    0.2100680E-01   -0.7202482E+01   -0.6138826E+01   -0.2104986E+01    0.5617550E+01   -0.9289341E+01   -0.6461799E+01   -0.1212864E+02   -0.1706602E+01    0.8262258E+02    0.1461602E+03    0.1479477E+03    0.1466932E+03    0.5966336E-02    0.6878731E-02    0.9189332E-02    0.8461086E-02    0.1037074E-01    0.1402434E-01   -0.2517671E-01   -0.1198729E+00   -0.1627052E+00   -0.1582495E+00   -0.2028842E+00   -0.2925277E+00    0.3853670E-02    0.2149781E-03
    0.3773979E-03    0.1132390E-01   -0.1231921E-02   -0.9030876E-02    0.1143984E+00    0.7500207E+00   -0.1896908E-01    0.2088012E-01   -0.1446310E+02   -0.1375526E+02    0.2159239E+01   -0.6964176E+01   -0.3626100E+01    0.7306311E+01   -0.1437300E+02   -0.2429176E+01    0.7936035E+02    0.1479477E+03    0.1884994E+03    0.2124636E+03    0.6027381E-02    0.6438066E-02    0.7261982E-02    0.7466665E-02    0.8635423E-02    0.9240526E-02   -0.1874309E-01   -0.1108710E+00   -0.1822473E+00   -0.1536396E+00   -0.2148603E+00   -0.3232877E+00    0.3508343E-02   -0.4820555E-02
    0.3642264E-03    0.1169279E-01   -0.1300050E-02   -0.1280631E-01    0.1445342E+00    0.7701169E+00   -0.2525917E-01    0.2124807E-01   -0.2038945E+02   -0.1530925E+02    0.3242417E+01   -0.9116634E+01   -0.1379754E+01    0.8695163E+01   -0.1437251E+02   -0.2859308E+01    0.7647045E+02    0.1466932E+03    0.2124636E+03    0.2611076E+03    0.6875503E-02    0.6279031E-02    0.6393745E-02    0.6574655E-02    0.7489970E-02    0.6643659E-02   -0.1555230E-01   -0.1025850E+00   -0.1770039E+00   -0.1442209E+00   -0.1928556E+00   -0.2642835E+00    0.3369669E-02   -0.9200502E-02
    0.2548682E-06    0.1156978E-05   -0.1786641E-06    0.1021107E-04   -0.8794316E-04    0.1589872E-03    0.1831705E-04    0.1578181E-04   -0.2200567E-02   -0.7378413E-03   -0.2778116E-03   -0.2249946E-02   -0.6064941E-03    0.3005077E-03    0.1261442E-02   -0.4090693E-03    0.2129489E-02    0.5966336E-02    0.6027381E-02    0.6875503E-02    0.7112239E-04    0.2494094E-04    0.2932137E-04    0.1254690E-04    0.1596861E-04    0.1640258E-04   -0.9681277E-04   -0.7447351E-04   -0.7217599E-04   -0.6299046E-04   -0.7210343E-04   -0.1166247E-03    0.5872264E-06   -0.2380531E-07
    0.2707459E-06    0.3724148E-06   -0.8876941E-07    0.8967962E-05   -0.5456217E-04    0.1377952E-03    0.1466774E-04    0.1507662E-04   -0.2348265E-02   -0.6650284E-03    0.8469046E-04   -0.5649349E-02   -0.1078864E-02    0.6462159E-03    0.2000628E-02   -0.8441186E-03    0.5167616E-02    0.6878731E-02    0.6438066E-02    0.6279031E-02    0.2494094E-04    0.4154179E-04    0.3591448E-04    0.3117303E-04    0.3164084E-04    0.2760304E-04   -0.5953354E-04   -0.9296028E-04   -0.7433289E-04   -0.1437636E-03   -0.1484359E-03   -0.1881797E-03    0.3216534E-06    0.2051341E-06
    0.3296332E-06    0.7049508E-06   -0.2060613E-06    0.1249690E-04   -0.3619389E-04    0.1679398E-03    0.2109631E-04    0.1677017E-04    0.1884203E-03    0.5389573E-03   -0.3486817E-03   -0.2870210E-02   -0.3057500E-02   -0.3368929E-02   -0.1626638E-02   -0.9560373E-03    0.6029227E-02    0.9189332E-02    0.7261982E-02    0.6393745E-02    0.2932137E-04    0.3591448E-04    0.1166052E-03    0.2695659E-04    0.6252408E-04    0.1173034E-03   -0.7225983E-04   -0.9717473E-04   -0.9447260E-04   -0.1231532E-03   -0.2197276E-03   -0.4213627E-03    0.6021100E-06    0.1531143E-06
    0.2978955E-06    0.5877265E-06   -0.1526656E-06    0.1177158E-04   -0.3134874E-04    0.1616519E-03    0.1994016E-04    0.1598006E-04   -0.1411202E-02   -0.4241263E-03   -0.1461318E-03   -0.1440091E-02   -0.2040583E-02   -0.1148333E-02   -0.2175699E-03   -0.3334423E-03    0.8336727E-02    0.8461086E-02    0.7466665E-02    0.6574655E-02    0.1254690E-04    0.3117303E-04    0.2695659E-04    0.8612728E-04    0.5638892E-04    0.4396313E-04   -0.6149966E-04   -0.1003892E-03   -0.7588354E-04   -0.2048712E-03   -0.2022692E-03   -0.2650217E-03   -0.1397360E-06    0.2321255E-06
    0.3362260E-06   -0.3994361E-06   -0.1307417E-06    0.1558538E-04    0.2059183E-06    0.1381458E-03    0.2607049E-04    0.1613633E-04   -0.1321925E-02   -0.3658671E-03   -0.4850140E-03   -0.3342082E-03   -0.2018172E-02   -0.1527397E-02    0.9206468E-04   -0.1139305E-02    0.9658328E-02    0.1037074E-01    0.8635423E-02    0.7489970E-02    0.1596861E-04    0.3164084E-04    0.6252408E-04    0.5638892E-04    0.1278474E-03    0.1657329E-03   -0.5885312E-04   -0.8759289E-04   -0.1066533E-03   -0.1999636E-03   -0.2889255E-03   -0.5304056E-03    0.1040912E-06    0.2184423E-06
    0.3779760E-06   -0.2176220E-05   -0.2162466E-06    0.1942316E-04    0.5933851E-04    0.9211686E-04    0.3041425E-04    0.1521955E-04   -0.6728815E-03   -0.7731944E-03   -0.2733860E-02    0.1436321E-01    0.3671757E-02   -0.1864704E-02   -0.1790672E-02   -0.1844720E-02    0.1579446E-01    0.1402434E-01    0.9240526E-02    0.6643659E-02    0.1640258E-04    0.2760304E-04    0.1173034E-03    0.4396313E-04    0.1657329E-03    0.6669657E-03   -0.9063728E-04   -0.9724552E-04   -0.1440198E-03   -0.2059156E-03   -0.3902007E-03   -0.6034252E-03    0.5750693E-08    0.3192486E-06
   -0.2261974E-05   -0.4612760E-06    0.7058262E-06   -0.7539272E-04   -0.7232174E-03   -0.9414972E-03   -0.1413813E-03   -0.6214614E-04   -0.9260281E-02   -0.2092649E-02    0.2649948E-02    0.2358426E-01    0.1421429E-01    0.2298557E-01    0.3209664E-01   -0.4470474E-02   -0.7459720E-01   -0.2517671E-01   -0.1874309E-01   -0.1555230E-01   -0.9681277E-04   -0.5953354E-04   -0.7225983E-04   -0.6149966E-04   -0.5885312E-04   -0.9063728E-04    0.1236162E-01    0.7960323E-02    0.9047455E-02    0.1687939E-02    0.2097859E-02    0.3085550E-02    0.4243474E-05    0.5723304E-06
   -0.3417236E-05   -0.7994937E-05    0.9207626E-06   -0.9771213E-04   -0.5067666E-03   -0.1502265E-02   -0.1859265E-03   -0.8790840E-04    0.4366192E-03   -0.3071021E-02   -0.1835421E-02    0.5974439E-01    0.3777805E-01    0.3943788E-01    0.3198670E-01    0.9721434E-03   -0.1368937E+00   -0.1198729E+00   -0.1108710E+00   -0.1025850E+00   -0.7447351E-04   -0.9296028E-04   -0.9717473E-04   -0.1003892E-03   -0.8759289E-04   -0.9724552E-04    0.7960323E-02    0.1189379E-01    0.1334735E-01    0.8231984E-02    0.8049602E-02    0.7588210E-02    0.4043121E-05   -0.1409345E-05
   -0.3908661E-05   -0.8022096E-05    0.8554831E-06   -0.1324196E-03   -0.7113864E-03   -0.1812195E-02   -0.2536190E-03   -0.1042577E-03    0.1533633E-01    0.1088412E-01   -0.5842216E-02    0.1500153E+00    0.2715735E-01    0.1691384E-01    0.3035692E-01    0.1367863E-02   -0.1565700E+00   -0.1627052E+00   -0.1822473E+00   -0.1770039E+00   -0.7217599E-04   -0.7433289E-04   -0.9447260E-04   -0.7588354E-04   -0.1066533E-03   -0.1440198E-03    0.9047455E-02    0.1334735E-01    0.2580643E-01    0.4744589E-02    0.1194219E-01    0.2341219E-01    0.1471729E-05   -0.8841141E-06
   -0.5806314E-05   -0.1396177E-04    0.8525171E-06   -0.1100438E-03    0.3374976E-04   -0.2295995E-02   -0.2053199E-03   -0.1528056E-03   -0.1316359E-02    0.7632624E-02   -0.2606164E-02    0.5015081E-01    0.4535861E-01    0.2901144E-01    0.5390102E-01    0.1169768E-03   -0.1063344E+00   -0.1582495E+00   -0.1536396E+00   -0.1442209E+00   -0.6299046E-04   -0.1437636E-03   -0.1231532E-03   -0.2048712E-03   -0.1999636E-03   -0.2059156E-03    0.1687939E-02    0.8231984E-02    0.4744589E-02    0.2114696E-01    0.1875006E-01    0.1237817E-01   -0.3316291E-05   -0.7192061E-06
   -0.7628869E-05   -0.6796176E-05    0.4133974E-06   -0.1753019E-03   -0.1129401E-04   -0.2720352E-02   -0.3156516E-03   -0.1966373E-03    0.5526845E-02    0.2125609E-01   -0.7313001E-02    0.1201282E+00    0.6050722E-01    0.2628580E-01    0.7330855E-01   -0.2768384E-02   -0.1286616E+00   -0.2028842E+00   -0.2148603E+00   -0.1928556E+00   -0.7210343E-04   -0.1484359E-03   -0.2197276E-03   -0.2022692E-03   -0.2889255E-03   -0.3902007E-03    0.2097859E-02    0.8049602E-02    0.1194219E-01    0.1875006E-01    0.2860845E-01    0.4015527E-01   -0.6313513E-05   -0.2105793E-05
   -0.1205753E-04    0.1262382E-04   -0.8849891E-06   -0.3320918E-03   -0.7287087E-05   -0.3523561E-02   -0.5831688E-03   -0.2951291E-03   -0.1426575E-01    0.5055210E-01   -0.1397714E-01    0.2564755E+00    0.8617717E-01    0.1754891E-01    0.1553200E+00    0.1290516E-02   -0.2006276E+00   -0.2925277E+00   -0.3232877E+00   -0.2642835E+00   -0.1166247E-03   -0.1881797E-03   -0.4213627E-03   -0.2650217E-03   -0.5304056E-03   -0.6034252E-03    0.3085550E-02    0.7588210E-02    0.2341219E-01    0.1237817E-01    0.4015527E-01    0.1027383E+00   -0.9190671E-05   -0.2994799E-05
   -0.2694184E-07   -0.1577388E-06   -0.2456488E-08    0.3379065E-06    0.3297990E-06   -0.1957867E-05   -0.6017010E-06    0.1388233E-06    0.1550304E-03   -0.1103752E-03   -0.2174198E-03    0.1643385E-03    0.7841889E-04   -0.2636083E-03   -0.8341714E-03   -0.1909685E-04   -0.1295955E-01    0.3853670E-02    0.3508343E-02    0.3369669E-02    0.5872264E-06    0.3216534E-06    0.6021100E-06   -0.1397360E-06    0.1040912E-06    0.5750693E-08    0.4243474E-05    0.4043121E-05    0.1471729E-05   -0.3316291E-05   -0.6313513E-05   -0.9190671E-05    0.2318806E-05    0.1483849E-07
   -0.3336095E-08   -0.2915020E-06    0.3459745E-07    0.7898787E-06   -0.9137432E-05   -0.1460544E-04    0.8886148E-06    0.2969033E-07   -0.3139261E-02   -0.2174042E-03    0.8398133E-04   -0.2914013E-02   -0.7317397E-03    0.1828805E-02    0.5730757E-02    0.2637407E-03    0.1919549E-03    0.2149781E-03   -0.4820555E-02   -0.9200502E-02   -0.2380531E-07    0.2051341E-06    0.1531143E-06    0.2321255E-06    0.2184423E-06    0.3192486E-06    0.5723304E-06   -0.1409345E-05   -0.8841141E-06   -0.7192061E-06   -0.2105793E-05   -0.2994799E-05    0.1483849E-07    0.1289383E-05
