# omegabh2 omegach2 theta tau mnu logA ns acib217 acibsz143 asz143 aps100 aps143 aps143217 aps217 aksz kgal100 t1gal143 t1gal143217 t1gal217 calib_100T calib_217T
    0.4937548E-07   -0.9097861E-07    0.2907225E-07    0.6623051E-06    0.1777004E-05    0.1167913E-05    0.3820442E-06   -0.3099849E-03   -0.1321967E-03    0.3834940E-05   -0.8672292E-03   -0.3267063E-03   -0.3281230E-05    0.6764818E-04   -0.7705797E-04    0.8807076E-03    0.4713327E-03    0.4414342E-03    0.4164944E-03   -0.5211223E-07    0.1525581E-07
   -0.9097861E-07    0.2150536E-05   -0.1010106E-06   -0.5159594E-05   -0.4661244E-04   -0.5191653E-05   -0.4600442E-05    0.1210343E-03   -0.3598333E-04   -0.1214925E-03    0.3852345E-03    0.8453683E-03    0.5630686E-03    0.3795420E-03   -0.5443125E-04    0.1339972E-02    0.7373983E-03    0.7794200E-03    0.9429277E-03   -0.5631856E-07   -0.5227913E-07
    0.2907225E-07   -0.1010106E-06    0.1959343E-06    0.5244476E-06    0.2036046E-05    0.9568741E-06    0.5144080E-06   -0.2089298E-04    0.3518738E-04    0.5631816E-05   -0.3723976E-03   -0.2309268E-03   -0.2242421E-03   -0.9785542E-04   -0.2605475E-04    0.5043765E-03    0.3416926E-03    0.3583238E-03    0.4058176E-03   -0.2768337E-07   -0.1897198E-08
    0.6623051E-06   -0.5159594E-05    0.5244476E-06    0.1782457E-03    0.2029733E-03    0.3450744E-03    0.2337723E-04   -0.1019098E-01   -0.4004701E-02   -0.4220212E-03   -0.1512681E-01   -0.2640067E-03    0.8646077E-02    0.1161842E-01   -0.2978577E-02   -0.3706373E-02   -0.1239640E-01   -0.1271945E-01   -0.1232248E-01   -0.3092953E-06    0.4012163E-06
    0.1777004E-05   -0.4661244E-04    0.2036046E-05    0.2029733E-03    0.4879775E-02    0.2851812E-03    0.8973174E-04    0.1104248E-01    0.6677294E-02    0.5100933E-02    0.1653505E-01   -0.2999667E-01   -0.3302845E-01   -0.3307323E-01    0.4248445E-02   -0.7530261E-03    0.1414286E-03    0.8694680E-02    0.1002961E-01   -0.1901066E-05   -0.4697004E-06
    0.1167913E-05   -0.5191653E-05    0.9568741E-06    0.3450744E-03    0.2851812E-03    0.6950803E-03    0.3420692E-04   -0.1989579E-01   -0.8720666E-02   -0.1800892E-02   -0.7603468E-02    0.1743398E-01    0.3388590E-01    0.3740881E-01   -0.7240861E-02   -0.2838155E-01   -0.7528784E-01   -0.7586478E-01   -0.7460171E-01   -0.3578467E-05    0.5066719E-06
    0.3820442E-06   -0.4600442E-05    0.5144080E-06    0.2337723E-04    0.8973174E-04    0.3420692E-04    0.2506740E-04   -0.1050322E-01   -0.3973376E-02   -0.1114592E-02   -0.1306850E-01    0.3072199E-02    0.1025400E-01    0.1336423E-01   -0.2912208E-02   -0.2717597E-02   -0.4384133E-02   -0.5999435E-02   -0.5725350E-02    0.4084920E-06    0.5612885E-06
   -0.3099849E-03    0.1210343E-03   -0.2089298E-04   -0.1019098E-01    0.1104248E-01   -0.1989579E-01   -0.1050322E-01    0.6618923E+02    0.2282372E+02    0.2805468E+00    0.2703486E+02   -0.1493415E+02   -0.5909600E+02   -0.8153609E+02   -0.2847766E+01   -0.8431249E+01   -0.1893153E+02   -0.2205606E+02   -0.2576085E+02   -0.1242626E-03   -0.3522422E-02
   -0.1321967E-03   -0.3598333E-04    0.3518738E-04   -0.4004701E-02    0.6677294E-02   -0.8720666E-02   -0.3973376E-02    0.2282372E+02    0.1664508E+02    0.2330344E+01   -0.1037526E+02   -0.2121485E+02   -0.3979022E+02   -0.2385712E+02   -0.1160749E+01   -0.6138768E+01   -0.1042941E+02   -0.1681401E+02   -0.1827319E+02   -0.7816753E-04   -0.6747537E-04
    0.3834940E-05   -0.1214925E-03    0.5631816E-05   -0.4220212E-03    0.5100933E-02   -0.1800892E-02   -0.1114592E-02    0.2805468E+00    0.2330344E+01    0.5717721E+01   -0.3874900E+02   -0.1645537E+02   -0.4545901E+01    0.3159606E+00   -0.2519273E+00   -0.2215954E+01   -0.1933106E+01    0.1529458E+01    0.2157156E+01   -0.2951922E-03    0.2367184E-03
   -0.8672292E-03    0.3852345E-03   -0.3723976E-03   -0.1512681E-01    0.1653505E-01   -0.7603468E-02   -0.1306850E-01    0.2703486E+02   -0.1037526E+02   -0.3874900E+02    0.7777516E+03    0.1835112E+03    0.6962395E+02    0.8169106E+01   -0.1138709E+02   -0.7499950E+02   -0.5196657E+02   -0.5926689E+02   -0.5823994E+02   -0.2913490E-02   -0.4465239E-02
   -0.3267063E-03    0.8453683E-03   -0.2309268E-03   -0.2640067E-03   -0.2999667E-01    0.1743398E-01    0.3072199E-02   -0.1493415E+02   -0.2121485E+02   -0.1645537E+02    0.1835112E+03    0.1262662E+03    0.9641405E+02    0.5379191E+02   -0.1144479E+02   -0.2427247E+02   -0.4590562E+02   -0.3996851E+02   -0.3710776E+02   -0.1262635E-02   -0.1340004E-02
   -0.3281230E-05    0.5630686E-03   -0.2242421E-03    0.8646077E-02   -0.3302845E-01    0.3388590E-01    0.1025400E-01   -0.5909600E+02   -0.3979022E+02   -0.4545901E+01    0.6962395E+02    0.9641405E+02    0.1454962E+03    0.1093248E+03   -0.9200901E+01   -0.1755312E+02   -0.3425565E+02   -0.2497459E+02   -0.2482240E+02   -0.2163222E-02    0.1573338E-02
    0.6764818E-04    0.3795420E-03   -0.9785542E-04    0.1161842E-01   -0.3307323E-01    0.3740881E-01    0.1336423E-01   -0.8153609E+02   -0.2385712E+02    0.3159606E+00    0.8169106E+01    0.5379191E+02    0.1093248E+03    0.1520960E+03   -0.8324259E+01   -0.2005243E+02   -0.3505276E+02   -0.4351118E+02   -0.4725586E+02   -0.2237774E-02    0.6367307E-02
   -0.7705797E-04   -0.5443125E-04   -0.2605475E-04   -0.2978577E-02    0.4248445E-02   -0.7240861E-02   -0.2912208E-02   -0.2847766E+01   -0.1160749E+01   -0.2519273E+00   -0.1138709E+02   -0.1144479E+02   -0.9200901E+01   -0.8324259E+01    0.8174850E+01   -0.3645222E+01   -0.2374713E+01   -0.3194432E+01   -0.3762955E+01    0.2221074E-03    0.2256091E-03
    0.8807076E-03    0.1339972E-02    0.5043765E-03   -0.3706373E-02   -0.7530261E-03   -0.2838155E-01   -0.2717597E-02   -0.8431249E+01   -0.6138768E+01   -0.2215954E+01   -0.7499950E+02   -0.2427247E+02   -0.1755312E+02   -0.2005243E+02   -0.3645222E+01    0.2268974E+03    0.1454157E+03    0.1418339E+03    0.1378771E+03   -0.1300462E-01    0.5370495E-03
    0.4713327E-03    0.7373983E-03    0.3416926E-03   -0.1239640E-01    0.1414286E-03   -0.7528784E-01   -0.4384133E-02   -0.1893153E+02   -0.1042941E+02   -0.1933106E+01   -0.5196657E+02   -0.4590562E+02   -0.3425565E+02   -0.3505276E+02   -0.2374713E+01    0.1454157E+03    0.2730891E+03    0.2752119E+03    0.2740961E+03    0.9967506E-02    0.6335145E-03
    0.4414342E-03    0.7794200E-03    0.3583238E-03   -0.1271945E-01    0.8694680E-02   -0.7586478E-01   -0.5999435E-02   -0.2205606E+02   -0.1681401E+02    0.1529458E+01   -0.5926689E+02   -0.3996851E+02   -0.2497459E+02   -0.4351118E+02   -0.3194432E+01    0.1418339E+03    0.2752119E+03    0.3165716E+03    0.3416838E+03    0.9909511E-02   -0.4908616E-02
    0.4164944E-03    0.9429277E-03    0.4058176E-03   -0.1232248E-01    0.1002961E-01   -0.7460171E-01   -0.5725350E-02   -0.2576085E+02   -0.1827319E+02    0.2157156E+01   -0.5823994E+02   -0.3710776E+02   -0.2482240E+02   -0.4725586E+02   -0.3762955E+01    0.1378771E+03    0.2740961E+03    0.3416838E+03    0.3927396E+03    0.1004926E-01   -0.9817941E-02
   -0.5211223E-07   -0.5631856E-07   -0.2768337E-07   -0.3092953E-06   -0.1901066E-05   -0.3578467E-05    0.4084920E-06   -0.1242626E-03   -0.7816753E-04   -0.2951922E-03   -0.2913490E-02   -0.1262635E-02   -0.2163222E-02   -0.2237774E-02    0.2221074E-03   -0.1300462E-01    0.9967506E-02    0.9909511E-02    0.1004926E-01    0.3145708E-05   -0.7856997E-08
    0.1525581E-07   -0.5227913E-07   -0.1897198E-08    0.4012163E-06   -0.4697004E-06    0.5066719E-06    0.5612885E-06   -0.3522422E-02   -0.6747537E-04    0.2367184E-03   -0.4465239E-02   -0.1340004E-02    0.1573338E-02    0.6367307E-02    0.2256091E-03    0.5370495E-03    0.6335145E-03   -0.4908616E-02   -0.9817941E-02   -0.7856997E-08    0.1469114E-05
