# omegabh2 omegach2 theta tau omegak logA ns calPlanck alpha_JLA beta_JLA acib217 xi asz143 aps100 aps143 aps143217 aps217 aksz kgal100 kgal143 kgal143217 kgal217 galfEE100 galfEE100143 galfEE100217 galfEE143 galfEE143217 galfEE217 galfTE100 galfTE100143 galfTE100217 galfTE143 galfTE143217 galfTE217 cal0 cal2
    0.2840361E-07   -0.1731067E-06    0.2586056E-07    0.9808419E-06   -0.1821373E-06    0.1601715E-05    0.4750573E-06   -0.6160399E-08   -0.4665238E-07    0.1355014E-06   -0.1053744E-03    0.2079213E-05    0.4490867E-04   -0.5870549E-03   -0.3075259E-03   -0.6532163E-04   -0.2394812E-04   -0.5667307E-04    0.4087269E-05    0.1042582E-04    0.2487491E-04    0.3797824E-04    0.8256614E-07    0.5067794E-07    0.1418239E-08    0.2889799E-07    0.2928856E-07    0.6403896E-06   -0.1067587E-05   -0.4463026E-06    0.9790932E-06   -0.9981340E-07   -0.1001630E-05   -0.7634155E-06    0.2955816E-08   -0.1114616E-07
   -0.1731067E-06    0.2389827E-05   -0.2564367E-06   -0.8812752E-05    0.2371960E-05   -0.1208317E-04   -0.6113467E-05   -0.1098574E-06    0.1162944E-06   -0.4537414E-06    0.5759090E-03   -0.2345267E-04   -0.2008180E-03    0.2989714E-02    0.1613130E-02    0.5657666E-03    0.5704423E-03    0.1974085E-03   -0.7319911E-04   -0.1491094E-03   -0.3014528E-03   -0.3363039E-03   -0.1244974E-05   -0.6463281E-06   -0.1451111E-06   -0.4393583E-06    0.1812542E-05   -0.5651676E-05    0.8165970E-05    0.3506642E-05   -0.6163463E-05    0.9284092E-06    0.4709654E-05    0.1360072E-04    0.2180805E-07    0.5979247E-07
    0.2586056E-07   -0.2564367E-06    0.1133331E-06    0.9902839E-06   -0.3280230E-06    0.1490979E-05    0.7256533E-06    0.2866657E-07   -0.3764368E-07    0.3646313E-06    0.1324194E-04   -0.2020263E-05    0.5063611E-04   -0.4770405E-03   -0.2643760E-03   -0.1274896E-03   -0.1737684E-03   -0.1350955E-04    0.7553278E-05    0.2796266E-04    0.4677493E-04    0.3044433E-05    0.1600498E-06    0.8546539E-07    0.8448418E-07    0.6940873E-07   -0.1722977E-06    0.7049910E-06   -0.7740686E-06   -0.3776469E-06   -0.2043978E-05    0.3909095E-08   -0.2590464E-06   -0.2431516E-05   -0.5136434E-08   -0.2144342E-07
    0.9808419E-06   -0.8812752E-05    0.9902839E-06    0.2795051E-03   -0.6970317E-05    0.5367428E-03    0.3249655E-04   -0.9388855E-06    0.2784153E-06   -0.1836467E-04   -0.1738161E-01    0.2198326E-03    0.2479645E-02   -0.4806584E-01   -0.1982674E-01   -0.1386543E-02    0.1092147E-01   -0.4735690E-02    0.6797724E-03    0.1191691E-02    0.2658362E-02    0.8733694E-02    0.6924195E-05    0.1126433E-05    0.8278659E-05   -0.3532280E-06   -0.2369806E-04    0.3562824E-04   -0.1102555E-03   -0.3780151E-04    0.1657130E-03    0.1234284E-04   -0.2994049E-04    0.2263067E-04   -0.1162495E-06   -0.1574490E-05
   -0.1821373E-06    0.2371960E-05   -0.3280230E-06   -0.6970317E-05    0.4180057E-05   -0.8540139E-05   -0.6203588E-05   -0.1067732E-06    0.3537649E-06    0.2141854E-05    0.4248579E-03   -0.1895263E-04   -0.1284598E-03    0.3083368E-02    0.1615715E-02    0.7438755E-03    0.8093419E-03    0.2280281E-03   -0.3668944E-04   -0.1587081E-03   -0.2435030E-03   -0.3510436E-03   -0.1001601E-05   -0.7583112E-06   -0.6044257E-06   -0.2174528E-06    0.2062898E-05   -0.5872391E-05    0.8675261E-05    0.3996215E-05   -0.5392036E-05    0.2913492E-05    0.5551141E-05    0.7617019E-05    0.4786913E-07    0.9662063E-08
    0.1601715E-05   -0.1208317E-04    0.1490979E-05    0.5367428E-03   -0.8540139E-05    0.1070464E-02    0.4976929E-04    0.1023816E-04    0.9013220E-06   -0.3111608E-04   -0.3700497E-01    0.4146203E-03    0.5265934E-02   -0.8959893E-01   -0.3332576E-01    0.5552524E-02    0.3622664E-01   -0.1121006E-01    0.6324067E-03    0.1492897E-02    0.4980056E-02    0.2036950E-01    0.1897410E-04    0.1632146E-05    0.1855158E-04   -0.4425625E-06   -0.3591239E-04    0.5964163E-04   -0.1806560E-03   -0.6046811E-04    0.3478150E-03    0.2808311E-04   -0.4361322E-04    0.7743202E-04    0.5830403E-07   -0.3602751E-05
    0.4750573E-06   -0.6113467E-05    0.7256533E-06    0.3249655E-04   -0.6203588E-05    0.4976929E-04    0.2445182E-04    0.5057548E-06   -0.2102702E-06    0.1940990E-04   -0.6234039E-02    0.2177788E-03    0.1133339E-02   -0.2568660E-01   -0.7440450E-02    0.1569035E-02    0.3797410E-02   -0.2204843E-02    0.3572068E-03    0.2902239E-03    0.1239688E-02    0.3156915E-02    0.5078509E-05    0.2586577E-05    0.1425023E-05    0.2188425E-05   -0.7306554E-05    0.2468248E-04   -0.1693784E-04   -0.7433677E-05    0.3444525E-04   -0.2502713E-06   -0.1400050E-04   -0.2582268E-04   -0.2302518E-06   -0.3793658E-06
   -0.6160399E-08   -0.1098574E-06    0.2866657E-07   -0.9388855E-06   -0.1067732E-06    0.1023816E-04    0.5057548E-06    0.6041122E-05    0.1027094E-06    0.5851496E-05   -0.5662596E-03    0.7936895E-05    0.2152088E-03    0.2495597E-02    0.1211623E-02    0.2204302E-02    0.4033484E-02   -0.5147399E-03   -0.1756706E-03   -0.1374980E-04    0.2875000E-03    0.1446328E-02    0.3992312E-05    0.5823595E-06    0.1560263E-05    0.9132799E-06    0.2799906E-05    0.1797606E-05    0.1049642E-04    0.3414966E-05    0.1562929E-04    0.2376091E-06    0.1193537E-05    0.3125445E-05   -0.3917282E-09   -0.2029259E-06
   -0.4665238E-07    0.1162944E-06   -0.3764368E-07    0.2784153E-06    0.3537649E-06    0.9013220E-06   -0.2102702E-06    0.1027094E-06    0.4424396E-04   -0.2324546E-04   -0.7652975E-03    0.7301778E-05   -0.1113071E-03   -0.4450236E-03   -0.1997344E-03   -0.3571145E-03    0.3615540E-03    0.3760634E-03   -0.3312980E-04    0.1061226E-03    0.1800748E-03   -0.1899487E-04   -0.2413246E-05    0.8807523E-07   -0.2311045E-05   -0.1946026E-06   -0.1935293E-05   -0.5152217E-05   -0.2070495E-05   -0.4797702E-05    0.1272903E-04    0.1088632E-05    0.4427486E-05    0.3079131E-04    0.5371436E-07   -0.3607422E-06
    0.1355014E-06   -0.4537414E-06    0.3646313E-06   -0.1836467E-04    0.2141854E-05   -0.3111608E-04    0.1940990E-04    0.5851496E-05   -0.2324546E-04    0.6332000E-02   -0.3649803E-02   -0.2742769E-03    0.1006210E-02   -0.8008547E-02    0.4558881E-03    0.9206363E-03    0.1575495E-01   -0.8047435E-02    0.1527561E-02    0.5834136E-02    0.1042760E-02   -0.2929590E-02    0.1510276E-04    0.6974716E-05   -0.3336639E-05    0.5317531E-05   -0.1968731E-04   -0.7528525E-05    0.2261867E-04    0.2642240E-04   -0.1540985E-03    0.2156899E-04    0.2151462E-03    0.2292711E-03   -0.1679604E-05   -0.2323801E-05
   -0.1053744E-03    0.5759090E-03    0.1324194E-04   -0.1738161E-01    0.4248579E-03   -0.3700497E-01   -0.6234039E-02   -0.5662596E-03   -0.7652975E-03   -0.3649803E-02    0.5287046E+02   -0.4384686E+00   -0.2092601E+01    0.4649344E+02    0.2529961E+01   -0.2069509E+02   -0.7055894E+02    0.5463993E+00    0.2204686E+00    0.5073879E-01   -0.4003402E+01   -0.2824877E+02   -0.1419650E-02   -0.4576123E-03   -0.2631236E-02   -0.5788926E-03   -0.3077912E-02    0.1148489E-01   -0.3438217E-01   -0.1137249E-01   -0.2608039E-01    0.6098191E-02   -0.2668265E-01   -0.5108216E-02   -0.1086735E-03    0.5080499E-02
    0.2079213E-05   -0.2345267E-04   -0.2020263E-05    0.2198326E-03   -0.1895263E-04    0.4146203E-03    0.2177788E-03    0.7936895E-05    0.7301778E-05   -0.2742769E-03   -0.4384686E+00    0.8455857E-01   -0.6056224E-01   -0.4670410E+00    0.1046276E+01    0.1831804E+01    0.6617330E+00    0.3314065E-01   -0.1720026E-02   -0.6546790E-03    0.1514951E+00    0.1837225E+00   -0.4481659E-05    0.4734837E-04    0.6780980E-05   -0.1550608E-04   -0.2191002E-03    0.2590690E-03   -0.4113962E-03    0.1814018E-04   -0.3442133E-03    0.1779458E-03   -0.6062997E-03   -0.2512281E-03    0.5398752E-05    0.6554589E-05
    0.4490867E-04   -0.2008180E-03    0.5063611E-04    0.2479645E-02   -0.1284598E-03    0.5265934E-02    0.1133339E-02    0.2152088E-03   -0.1113071E-03    0.1006210E-02   -0.2092601E+01   -0.6056224E-01    0.3642329E+01   -0.2857339E+02   -0.3498532E+01    0.7567103E+01    0.7020867E+01   -0.2496323E+01   -0.2054359E+00    0.1480333E+00    0.2707794E+01    0.2481467E+01   -0.1628726E-04   -0.3795641E-04   -0.9943157E-03    0.1565784E-03    0.1099444E-02    0.5154605E-02   -0.5605949E-04    0.1717900E-02    0.3133528E-02    0.3319886E-02   -0.4627906E-02   -0.9748277E-02    0.1822454E-03   -0.4735516E-03
   -0.5870549E-03    0.2989714E-02   -0.4770405E-03   -0.4806584E-01    0.3083368E-02   -0.8959893E-01   -0.2568660E-01    0.2495597E-02   -0.4450236E-03   -0.8008547E-02    0.4649344E+02   -0.4670410E+00   -0.2857339E+02    0.6979287E+03    0.6269020E+02   -0.5730866E+02   -0.7221437E+02    0.1256956E+02   -0.5629257E+00   -0.5740898E+00   -0.1681043E+02   -0.2628387E+02    0.2834856E-02    0.1557784E-02   -0.1171193E-02   -0.3602860E-02    0.5071780E-02   -0.2623566E-01    0.2849900E-01   -0.1744916E-01    0.3487847E-01   -0.3497867E-01    0.8039049E-01    0.2606016E+00    0.4206137E-02    0.4775797E-02
   -0.3075259E-03    0.1613130E-02   -0.2643760E-03   -0.1982674E-01    0.1615715E-02   -0.3332576E-01   -0.7440450E-02    0.1211623E-02   -0.1997344E-03    0.4558881E-03    0.2529961E+01    0.1046276E+01   -0.3498532E+01    0.6269020E+02    0.6033226E+02    0.4460825E+02    0.1581263E+02   -0.5325862E+01   -0.1472145E+00   -0.1047967E+01    0.4581889E+01    0.4124582E+01    0.5003506E-03   -0.6746273E-04   -0.2595276E-02   -0.1275263E-02   -0.7263362E-02   -0.4188667E-02   -0.4895699E-02   -0.7196585E-03   -0.5476963E-01   -0.7857320E-03   -0.1158167E-01    0.2859816E-01    0.8372128E-04    0.7748913E-03
   -0.6532163E-04    0.5657666E-03   -0.1274896E-03   -0.1386543E-02    0.7438755E-03    0.5552524E-02    0.1569035E-02    0.2204302E-02   -0.3571145E-03    0.9206363E-03   -0.2069509E+02    0.1831804E+01    0.7567103E+01   -0.5730866E+02    0.4460825E+02    0.9365948E+02    0.6470166E+02   -0.1217138E+02   -0.4165641E+00   -0.1261301E+00    0.6741441E+01    0.8788103E+01    0.1172949E-02    0.4849702E-03   -0.3583909E-02   -0.1421271E-03   -0.1944310E-02    0.1188985E-01    0.9587668E-02    0.1143871E-01   -0.2467173E-01    0.1302874E-01   -0.1716165E-01   -0.7281007E-02    0.6381450E-03   -0.2276340E-02
   -0.2394812E-04    0.5704423E-03   -0.1737684E-03    0.1092147E-01    0.8093419E-03    0.3622664E-01    0.3797410E-02    0.4033484E-02    0.3615540E-03    0.1575495E-01   -0.7055894E+02    0.6617330E+00    0.7020867E+01   -0.7221437E+02    0.1581263E+02    0.6470166E+02    0.1307145E+03   -0.1019983E+02   -0.4459338E+00   -0.2244345E-01    0.2503247E+01    0.2656504E+02    0.5638298E-02    0.2214946E-04    0.6309697E-03    0.9321724E-03    0.7944316E-02   -0.1376300E-01    0.6033241E-01    0.2529782E-01    0.2745719E-01    0.2321184E-03    0.3950216E-01    0.1757635E-01    0.4589901E-03   -0.8496408E-02
   -0.5667307E-04    0.1974085E-03   -0.1350955E-04   -0.4735690E-02    0.2280281E-03   -0.1121006E-01   -0.2204843E-02   -0.5147399E-03    0.3760634E-03   -0.8047435E-02    0.5463993E+00    0.3314065E-01   -0.2496323E+01    0.1256956E+02   -0.5325862E+01   -0.1217138E+02   -0.1019983E+02    0.5741743E+01   -0.3482743E-01   -0.1701112E+00   -0.2606869E+01   -0.2432327E+01   -0.1662488E-02   -0.7935718E-04    0.1353083E-02    0.1140739E-03    0.3227361E-03   -0.8025478E-02    0.1418363E-02   -0.8142703E-03   -0.3066350E-02   -0.2935890E-02    0.6186008E-02   -0.8572308E-02   -0.1306225E-03    0.1175061E-03
    0.4087269E-05   -0.7319911E-04    0.7553278E-05    0.6797724E-03   -0.3668944E-04    0.6324067E-03    0.3572068E-03   -0.1756706E-03   -0.3312980E-04    0.1527561E-02    0.2204686E+00   -0.1720026E-02   -0.2054359E+00   -0.5629257E+00   -0.1472145E+00   -0.4165641E+00   -0.4459338E+00   -0.3482743E-01    0.3369430E+01    0.7839437E+00    0.1181457E+00   -0.7175805E-01    0.1331649E-03   -0.8771240E-04    0.2782995E-03    0.4390300E-04   -0.9131675E-03    0.2153023E-03   -0.7361694E-02   -0.8986412E-03    0.1244838E-02   -0.1685119E-02   -0.3281732E-02   -0.1019273E-01    0.4681739E-03   -0.3597486E-04
    0.1042582E-04   -0.1491094E-03    0.2796266E-04    0.1191691E-02   -0.1587081E-03    0.1492897E-02    0.2902239E-03   -0.1374980E-04    0.1061226E-03    0.5834136E-02    0.5073879E-01   -0.6546790E-03    0.1480333E+00   -0.5740898E+00   -0.1047967E+01   -0.1261301E+00   -0.2244345E-01   -0.1701112E+00    0.7839437E+00    0.2989693E+01    0.2228016E+01    0.1118459E+01    0.8637812E-03   -0.1336364E-04    0.1303055E-02   -0.4549195E-03    0.3389092E-03   -0.1235074E-02    0.4366935E-02   -0.3644467E-04   -0.7459122E-02   -0.2178045E-02   -0.1020202E-02    0.4066358E-02   -0.3680985E-03   -0.2919819E-03
    0.2487491E-04   -0.3014528E-03    0.4677493E-04    0.2658362E-02   -0.2435030E-03    0.4980056E-02    0.1239688E-02    0.2875000E-03    0.1800748E-03    0.1042760E-02   -0.4003402E+01    0.1514951E+00    0.2707794E+01   -0.1681043E+02    0.4581889E+01    0.6741441E+01    0.2503247E+01   -0.2606869E+01    0.1181457E+00    0.2228016E+01    0.1823700E+02    0.2762552E+02    0.3712186E-03    0.4742848E-03    0.8591117E-03   -0.7477879E-03   -0.3587064E-02    0.5659718E-02   -0.3408694E-03    0.1598213E-02   -0.2861713E-01   -0.5637115E-03   -0.1730364E-01    0.7199835E-02   -0.6554054E-04    0.2388694E-02
    0.3797824E-04   -0.3363039E-03    0.3044433E-05    0.8733694E-02   -0.3510436E-03    0.2036950E-01    0.3156915E-02    0.1446328E-02   -0.1899487E-04   -0.2929590E-02   -0.2824877E+02    0.1837225E+00    0.2481467E+01   -0.2628387E+02    0.4124582E+01    0.8788103E+01    0.2656504E+02   -0.2432327E+01   -0.7175805E-01    0.1118459E+01    0.2762552E+02    0.6341917E+02    0.5164211E-03    0.1033327E-02    0.1882850E-02   -0.7605972E-03   -0.5482138E-02   -0.1501825E-02    0.1893968E-01    0.6852101E-02   -0.2222640E-01   -0.5354893E-02   -0.1190653E-01    0.3772365E-01   -0.8260483E-04    0.4017389E-02
    0.8256614E-07   -0.1244974E-05    0.1600498E-06    0.6924195E-05   -0.1001601E-05    0.1897410E-04    0.5078509E-05    0.3992312E-05   -0.2413246E-05    0.1510276E-04   -0.1419650E-02   -0.4481659E-05   -0.1628726E-04    0.2834856E-02    0.5003506E-03    0.1172949E-02    0.5638298E-02   -0.1662488E-02    0.1331649E-03    0.8637812E-03    0.3712186E-03    0.5164211E-03    0.1298140E-03    0.1030768E-04    0.1105922E-04    0.2643667E-05   -0.4313104E-05    0.3284099E-04    0.1378588E-04   -0.1370494E-05    0.1366193E-04   -0.4498518E-05    0.2617437E-04    0.4885979E-04   -0.3230003E-06   -0.4444517E-06
    0.5067794E-07   -0.6463281E-06    0.8546539E-07    0.1126433E-05   -0.7583112E-06    0.1632146E-05    0.2586577E-05    0.5823595E-06    0.8807523E-07    0.6974716E-05   -0.4576123E-03    0.4734837E-04   -0.3795641E-04    0.1557784E-02   -0.6746273E-04    0.4849702E-03    0.2214946E-04   -0.7935718E-04   -0.8771240E-04   -0.1336364E-04    0.4742848E-03    0.1033327E-02    0.1030768E-04    0.1396914E-04    0.2904713E-06    0.6058177E-05   -0.1322744E-05    0.6602418E-05   -0.2377081E-05    0.1522834E-06    0.1435436E-04   -0.3379690E-05   -0.3481823E-05    0.2687994E-04    0.4020942E-08    0.7226981E-07
    0.1418239E-08   -0.1451111E-06    0.8448418E-07    0.8278659E-05   -0.6044257E-06    0.1855158E-04    0.1425023E-05    0.1560263E-05   -0.2311045E-05   -0.3336639E-05   -0.2631236E-02    0.6780980E-05   -0.9943157E-03   -0.1171193E-02   -0.2595276E-02   -0.3583909E-02    0.6309697E-03    0.1353083E-02    0.2782995E-03    0.1303055E-02    0.8591117E-03    0.1882850E-02    0.1105922E-04    0.2904713E-06    0.2237656E-03   -0.1067875E-05   -0.2218717E-05   -0.4900650E-06    0.8006208E-05   -0.7896441E-06    0.1052942E-04   -0.6360784E-05    0.2131762E-04    0.2549752E-04   -0.4324296E-06   -0.2278687E-06
    0.2889799E-07   -0.4393583E-06    0.6940873E-07   -0.3532280E-06   -0.2174528E-06   -0.4425625E-06    0.2188425E-05    0.9132799E-06   -0.1946026E-06    0.5317531E-05   -0.5788926E-03   -0.1550608E-04    0.1565784E-03   -0.3602860E-02   -0.1275263E-02   -0.1421271E-03    0.9321724E-03    0.1140739E-03    0.4390300E-04   -0.4549195E-03   -0.7477879E-03   -0.7605972E-03    0.2643667E-05    0.6058177E-05   -0.1067875E-05    0.2973629E-04   -0.1664689E-05    0.3262474E-05    0.3032639E-05    0.1584185E-05    0.3408938E-04   -0.1374684E-05   -0.3024118E-05    0.7843517E-05   -0.3237798E-07   -0.2817976E-06
    0.2928856E-07    0.1812542E-05   -0.1722977E-06   -0.2369806E-04    0.2062898E-05   -0.3591239E-04   -0.7306554E-05    0.2799906E-05   -0.1935293E-05   -0.1968731E-04   -0.3077912E-02   -0.2191002E-03    0.1099444E-02    0.5071780E-02   -0.7263362E-02   -0.1944310E-02    0.7944316E-02    0.3227361E-03   -0.9131675E-03    0.3389092E-03   -0.3587064E-02   -0.5482138E-02   -0.4313104E-05   -0.1322744E-05   -0.2218717E-05   -0.1664689E-05    0.4278330E-03    0.2668313E-04    0.7649777E-04    0.3621695E-04   -0.1996759E-03   -0.1976070E-04    0.1102294E-04   -0.1466874E-03    0.3082560E-06   -0.2734285E-05
    0.6403896E-06   -0.5651676E-05    0.7049910E-06    0.3562824E-04   -0.5872391E-05    0.5964163E-04    0.2468248E-04    0.1797606E-05   -0.5152217E-05   -0.7528525E-05    0.1148489E-01    0.2590690E-03    0.5154605E-02   -0.2623566E-01   -0.4188667E-02    0.1188985E-01   -0.1376300E-01   -0.8025478E-02    0.2153023E-03   -0.1235074E-02    0.5659718E-02   -0.1501825E-02    0.3284099E-04    0.6602418E-05   -0.4900650E-06    0.3262474E-05    0.2668313E-04    0.3225533E-02   -0.1162933E-03   -0.7465435E-05    0.8405742E-04    0.3713863E-04   -0.1168630E-03    0.1760619E-04    0.1097994E-05    0.9639312E-06
   -0.1067587E-05    0.8165970E-05   -0.7740686E-06   -0.1102555E-03    0.8675261E-05   -0.1806560E-03   -0.1693784E-04    0.1049642E-04   -0.2070495E-05    0.2261867E-04   -0.3438217E-01   -0.4113962E-03   -0.5605949E-04    0.2849900E-01   -0.4895699E-02    0.9587668E-02    0.6033241E-01    0.1418363E-02   -0.7361694E-02    0.4366935E-02   -0.3408694E-03    0.1893968E-01    0.1378588E-04   -0.2377081E-05    0.8006208E-05    0.3032639E-05    0.7649777E-04   -0.1162933E-03    0.5690374E-02    0.1697645E-02    0.1389105E-02   -0.7007244E-03   -0.1738485E-03   -0.7832347E-04    0.8902829E-06   -0.2987666E-05
   -0.4463026E-06    0.3506642E-05   -0.3776469E-06   -0.3780151E-04    0.3996215E-05   -0.6046811E-04   -0.7433677E-05    0.3414966E-05   -0.4797702E-05    0.2642240E-04   -0.1137249E-01    0.1814018E-04    0.1717900E-02   -0.1744916E-01   -0.7196585E-03    0.1143871E-01    0.2529782E-01   -0.8142703E-03   -0.8986412E-03   -0.3644467E-04    0.1598213E-02    0.6852101E-02   -0.1370494E-05    0.1522834E-06   -0.7896441E-06    0.1584185E-05    0.3621695E-04   -0.7465435E-05    0.1697645E-02    0.1165226E-02    0.5411523E-03    0.2362902E-03   -0.9700186E-04   -0.4216302E-03    0.5397990E-07   -0.4184971E-06
    0.9790932E-06   -0.6163463E-05   -0.2043978E-05    0.1657130E-03   -0.5392036E-05    0.3478150E-03    0.3444525E-04    0.1562929E-04    0.1272903E-04   -0.1540985E-03   -0.2608039E-01   -0.3442133E-03    0.3133528E-02    0.3487847E-01   -0.5476963E-01   -0.2467173E-01    0.2745719E-01   -0.3066350E-02    0.1244838E-02   -0.7459122E-02   -0.2861713E-01   -0.2222640E-01    0.1366193E-04    0.1435436E-04    0.1052942E-04    0.3408938E-04   -0.1996759E-03    0.8405742E-04    0.1389105E-02    0.5411523E-03    0.3615872E-01   -0.5727046E-03    0.1498475E-02    0.1289897E-01    0.1787361E-05   -0.3662905E-05
   -0.9981340E-07    0.9284092E-06    0.3909095E-08    0.1234284E-04    0.2913492E-05    0.2808311E-04   -0.2502713E-06    0.2376091E-06    0.1088632E-05    0.2156899E-04    0.6098191E-02    0.1779458E-03    0.3319886E-02   -0.3497867E-01   -0.7857320E-03    0.1302874E-01    0.2321184E-03   -0.2935890E-02   -0.1685119E-02   -0.2178045E-02   -0.5637115E-03   -0.5354893E-02   -0.4498518E-05   -0.3379690E-05   -0.6360784E-05   -0.1374684E-05   -0.1976070E-04    0.3713863E-04   -0.7007244E-03    0.2362902E-03   -0.5727046E-03    0.1411080E-02    0.1849475E-03   -0.4067787E-03    0.3325416E-06    0.1354996E-05
   -0.1001630E-05    0.4709654E-05   -0.2590464E-06   -0.2994049E-04    0.5551141E-05   -0.4361322E-04   -0.1400050E-04    0.1193537E-05    0.4427486E-05    0.2151462E-03   -0.2668265E-01   -0.6062997E-03   -0.4627906E-02    0.8039049E-01   -0.1158167E-01   -0.1716165E-01    0.3950216E-01    0.6186008E-02   -0.3281732E-02   -0.1020202E-02   -0.1730364E-01   -0.1190653E-01    0.2617437E-04   -0.3481823E-05    0.2131762E-04   -0.3024118E-05    0.1102294E-04   -0.1168630E-03   -0.1738485E-03   -0.9700186E-04    0.1498475E-02    0.1849475E-03    0.5158771E-02    0.3885576E-02    0.4205554E-06   -0.6048511E-05
   -0.7634155E-06    0.1360072E-04   -0.2431516E-05    0.2263067E-04    0.7617019E-05    0.7743202E-04   -0.2582268E-04    0.3125445E-05    0.3079131E-04    0.2292711E-03   -0.5108216E-02   -0.2512281E-03   -0.9748277E-02    0.2606016E+00    0.2859816E-01   -0.7281007E-02    0.1757635E-01   -0.8572308E-02   -0.1019273E-01    0.4066358E-02    0.7199835E-02    0.3772365E-01    0.4885979E-04    0.2687994E-04    0.2549752E-04    0.7843517E-05   -0.1466874E-03    0.1760619E-04   -0.7832347E-04   -0.4216302E-03    0.1289897E-01   -0.4067787E-03    0.3885576E-02    0.3778681E-01   -0.9892129E-06    0.1060666E-04
    0.2955816E-08    0.2180805E-07   -0.5136434E-08   -0.1162495E-06    0.4786913E-07    0.5830403E-07   -0.2302518E-06   -0.3917282E-09    0.5371436E-07   -0.1679604E-05   -0.1086735E-03    0.5398752E-05    0.1822454E-03    0.4206137E-02    0.8372128E-04    0.6381450E-03    0.4589901E-03   -0.1306225E-03    0.4681739E-03   -0.3680985E-03   -0.6554054E-04   -0.8260483E-04   -0.3230003E-06    0.4020942E-08   -0.4324296E-06   -0.3237798E-07    0.3082560E-06    0.1097994E-05    0.8902829E-06    0.5397990E-07    0.1787361E-05    0.3325416E-06    0.4205554E-06   -0.9892129E-06    0.5162705E-06   -0.2904446E-08
   -0.1114616E-07    0.5979247E-07   -0.2144342E-07   -0.1574490E-05    0.9662063E-08   -0.3602751E-05   -0.3793658E-06   -0.2029259E-06   -0.3607422E-06   -0.2323801E-05    0.5080499E-02    0.6554589E-05   -0.4735516E-03    0.4775797E-02    0.7748913E-03   -0.2276340E-02   -0.8496408E-02    0.1175061E-03   -0.3597486E-04   -0.2919819E-03    0.2388694E-02    0.4017389E-02   -0.4444517E-06    0.7226981E-07   -0.2278687E-06   -0.2817976E-06   -0.2734285E-05    0.9639312E-06   -0.2987666E-05   -0.4184971E-06   -0.3662905E-05    0.1354996E-05   -0.6048511E-05    0.1060666E-04   -0.2904446E-08    0.2239395E-05
