# omegabh2 omegach2 theta tau mnu ns logA aps100 aps143 aps217 acib143 acib217 asz143 psr cibr ncib cal0 cal2 xi aksz bm_1_1 bm_1_2 bm_1_3 bm_1_4 bm_1_5 bm_2_1 bm_2_2 bm_2_3 bm_2_4 bm_2_5 bm_3_1 bm_3_2 bm_3_3 bm_3_4 bm_3_5 bm_4_1 bm_4_2 bm_4_3 bm_4_4 bm_4_5 a_ps_act_148 a_ps_act_217 a_ps_spt_95 a_ps_spt_150 a_ps_spt_220 r_ps_spt_95x150 r_ps_spt_95x220 r_ps_150x220 act_dust_s act_dust_e cal_acts_148 cal_acts_217 cal_acte_148 cal_acte_217 cal_spt_95 cal_spt_150 cal_spt_220
    0.99347E-07   -0.61158E-06    0.12421E-06    0.90328E-06   -0.45238E-04    0.17374E-05    0.71182E-06   -0.78307E-03   -0.10292E-02   -0.90583E-03    0.14782E-05    0.72120E-04    0.22215E-04   -0.21692E-05   -0.69758E-06    0.14599E-05    0.31491E-09   -0.82050E-09   -0.81266E-05   -0.94299E-04   -0.22402E-04   -0.95970E-05   -0.48039E-05   -0.22813E-05    0.41016E-05   -0.18736E-05    0.56484E-06    0.55639E-06    0.10584E-04    0.37366E-05   -0.25413E-05   -0.61163E-05   -0.23117E-05   -0.24702E-05   -0.56848E-05   -0.27513E-05   -0.26941E-05    0.11403E-05   -0.29816E-05    0.95538E-05    0.14593E-04    0.13201E-03    0.37729E-04    0.33346E-04    0.15028E-03   -0.70134E-06   -0.21804E-05   -0.28775E-06   -0.58266E-06   -0.14641E-05    0.55158E-06    0.62997E-06    0.58248E-06    0.66126E-06    0.10710E-05    0.10355E-05    0.86410E-06
   -0.61158E-06    0.80230E-05   -0.10908E-05   -0.12571E-04    0.43249E-03   -0.20153E-04   -0.81796E-05    0.55624E-02    0.60885E-02    0.51989E-02   -0.45478E-05   -0.41958E-03   -0.13036E-03    0.14609E-04    0.57219E-05   -0.89111E-05   -0.16208E-07    0.38527E-08    0.50032E-04    0.54945E-03    0.13967E-03   -0.47480E-05    0.36288E-04    0.15526E-04   -0.78459E-05    0.19712E-04   -0.36933E-04    0.84093E-05   -0.66430E-04   -0.33765E-04    0.23111E-04    0.34629E-04    0.17488E-04    0.39238E-04   -0.15140E-04    0.27721E-04    0.22496E-04   -0.28713E-04   -0.80976E-05   -0.41051E-04   -0.65455E-04   -0.82737E-03   -0.25463E-03   -0.18994E-03   -0.91589E-03    0.55308E-05    0.18002E-04    0.14761E-05    0.54137E-05    0.65930E-05   -0.32610E-05   -0.37208E-05   -0.36036E-05   -0.40978E-05   -0.66253E-05   -0.66012E-05   -0.52767E-05
    0.12421E-06   -0.10908E-05    0.47400E-06    0.15548E-05   -0.82739E-04    0.32860E-05    0.12179E-05   -0.59241E-03   -0.93299E-03   -0.82952E-03    0.91277E-06    0.66454E-04    0.17802E-04   -0.21435E-05   -0.11013E-05    0.17029E-05   -0.79564E-09   -0.91590E-08   -0.79896E-05   -0.87827E-04   -0.20599E-04    0.17809E-05    0.60794E-05    0.23075E-05   -0.11699E-05   -0.57459E-05    0.10162E-04    0.49959E-05    0.21267E-04    0.20380E-05   -0.42099E-05    0.44220E-07    0.58892E-06   -0.88426E-05   -0.53089E-05   -0.96950E-05    0.46799E-05    0.86190E-05    0.56454E-05    0.13660E-04    0.15164E-04    0.14067E-03    0.43172E-04    0.30719E-04    0.16322E-03   -0.91712E-06   -0.27386E-05   -0.16304E-06   -0.32289E-05   -0.19356E-05    0.50428E-06    0.57051E-06    0.62666E-06    0.62335E-06    0.11032E-05    0.10447E-05    0.93717E-06
    0.90328E-06   -0.12571E-04    0.15548E-05    0.16830E-03    0.31686E-03    0.38072E-04    0.30219E-03   -0.22252E-01   -0.15494E-01   -0.11941E-01   -0.32200E-04    0.53080E-03    0.27743E-03   -0.45737E-04   -0.13132E-04    0.17390E-04    0.20250E-08   -0.90109E-07   -0.86974E-04   -0.10354E-02   -0.58850E-03   -0.18950E-03    0.23806E-03   -0.65844E-04    0.13793E-03   -0.73163E-04   -0.66834E-05    0.14078E-03    0.82484E-05    0.10318E-03   -0.43773E-04   -0.21468E-03   -0.29069E-05   -0.19022E-03    0.30014E-04   -0.11691E-03    0.27171E-04    0.33569E-04   -0.82642E-04   -0.22367E-04    0.22453E-03    0.16536E-02    0.41356E-03    0.45084E-03    0.17095E-02   -0.74642E-05   -0.32567E-04   -0.48909E-05    0.19034E-04    0.17763E-04    0.85066E-05    0.91606E-05    0.81506E-05    0.97124E-05    0.14410E-04    0.13917E-04    0.92149E-05
   -0.45238E-04    0.43249E-03   -0.82739E-04    0.31686E-03    0.61944E-01   -0.12183E-02    0.13664E-02    0.26580E+00    0.41462E+00    0.38913E+00    0.19411E-02   -0.46311E-01   -0.44445E-02    0.80600E-03    0.46359E-03   -0.93779E-03    0.48406E-06    0.40328E-05    0.45634E-02    0.57462E-01    0.82645E-02    0.10077E-02    0.41418E-02    0.15961E-02   -0.90581E-03    0.52270E-02   -0.23576E-02    0.24156E-02   -0.78752E-02   -0.24184E-02    0.30114E-03    0.35434E-02    0.14393E-02    0.34867E-03   -0.21752E-02    0.35910E-02    0.34823E-02   -0.23197E-02   -0.26566E-02   -0.61653E-02   -0.69795E-02   -0.65379E-01   -0.27716E-01   -0.17549E-01   -0.59645E-01    0.57381E-03    0.18705E-02    0.17110E-03    0.41219E-03    0.94183E-03   -0.19164E-03   -0.29041E-03   -0.27289E-03   -0.32011E-03   -0.51778E-03   -0.47918E-03   -0.33763E-03
    0.17374E-05   -0.20153E-04    0.32860E-05    0.38072E-04   -0.12183E-02    0.67231E-04    0.30656E-04   -0.40433E-01   -0.28148E-01   -0.21392E-01   -0.75711E-04    0.17667E-02    0.71906E-03   -0.59453E-04   -0.22994E-04    0.43257E-04   -0.47474E-07    0.21389E-06   -0.26132E-03   -0.25201E-02   -0.47931E-03   -0.29369E-03   -0.94268E-04    0.30647E-04    0.11705E-03    0.26626E-03    0.14631E-03   -0.55387E-04    0.20182E-03    0.14407E-05    0.22921E-04   -0.90807E-04   -0.40073E-04   -0.16800E-03    0.71768E-05    0.20871E-03    0.62567E-04    0.11782E-03    0.64511E-04    0.18922E-03    0.26029E-03    0.30090E-02    0.93374E-03    0.67112E-03    0.27683E-02   -0.29062E-04   -0.72836E-04   -0.51226E-05   -0.12195E-04   -0.20645E-04    0.12642E-04    0.13423E-04    0.14546E-04    0.14999E-04    0.24753E-04    0.23985E-04    0.16312E-04
    0.71182E-06   -0.81796E-05    0.12179E-05    0.30219E-03    0.13664E-02    0.30656E-04    0.57829E-03   -0.45153E-01   -0.21808E-01   -0.14922E-01   -0.16914E-03    0.52175E-03    0.41195E-03   -0.63994E-04   -0.15476E-04    0.28373E-04    0.15946E-07    0.95234E-07   -0.12395E-03   -0.13675E-02   -0.47090E-03   -0.27096E-03    0.54065E-03   -0.12953E-03    0.24203E-03    0.20480E-03    0.41288E-04    0.30890E-03   -0.11857E-03    0.11079E-03   -0.39370E-04   -0.31431E-03   -0.12493E-04   -0.31368E-03   -0.89430E-04    0.30986E-04    0.24998E-03    0.11098E-03   -0.15363E-03   -0.12742E-03    0.32057E-03    0.16389E-02    0.39232E-03    0.53674E-03    0.14226E-02   -0.14523E-04   -0.40511E-04   -0.64626E-05    0.46326E-04    0.44238E-04    0.11703E-04    0.11184E-04    0.99741E-05    0.11573E-04    0.17266E-04    0.15016E-04    0.75634E-05
   -0.78307E-03    0.55624E-02   -0.59241E-03   -0.22252E-01    0.26580E+00   -0.40433E-01   -0.45153E-01    0.16256E+04    0.88056E+02    0.20288E+02    0.68779E+00    0.28792E-01   -0.11104E+02   -0.56031E-01   -0.93954E-01   -0.58662E-01    0.12465E-02   -0.29369E-02    0.11427E+01    0.77271E+01    0.15935E+02   -0.71181E+01   -0.34621E+00   -0.61807E-01   -0.74749E+00   -0.22568E+01   -0.46364E+01   -0.16666E+01    0.13033E+00   -0.15501E+01   -0.17880E+00   -0.52064E-01    0.15033E+00   -0.60522E+00   -0.28352E+01   -0.10728E+01   -0.25920E+01   -0.25300E+01    0.69942E+00    0.30511E+01    0.50317E+00   -0.54498E+00    0.54810E+01   -0.69649E+00    0.73915E+01   -0.36660E-01   -0.36371E+00   -0.86015E-01    0.45995E-01    0.61054E-01   -0.24191E-01    0.49834E-02   -0.25109E-01    0.87904E-02   -0.60456E-01   -0.30495E-01    0.15858E-01
   -0.10292E-02    0.60885E-02   -0.93299E-03   -0.15494E-01    0.41462E+00   -0.28148E-01   -0.21808E-01    0.88056E+02    0.66019E+02    0.19302E+02    0.27811E+00    0.42204E-01   -0.20449E+01    0.40179E-01    0.12638E-01   -0.26916E-01    0.71457E-04   -0.83002E-03    0.24974E+00    0.10489E+01   -0.30382E-01   -0.41548E-01   -0.98422E-01   -0.29371E-02    0.89996E-02    0.25403E+00   -0.18990E+00   -0.13631E+00   -0.15344E+00   -0.58890E-01   -0.14794E+00    0.41926E-01   -0.83759E-01    0.10920E-01    0.13537E+00    0.14186E+00   -0.87388E-01   -0.30042E+00    0.13721E-01    0.24802E-01    0.22278E+00   -0.23746E+01    0.79080E+00   -0.37501E+00   -0.13327E+01    0.16064E-01   -0.35853E-01   -0.26695E-01    0.46739E-02    0.20082E-01   -0.14168E-01   -0.88933E-02   -0.14357E-01   -0.95478E-02   -0.29156E-01   -0.21600E-01   -0.10178E-01
   -0.90583E-03    0.51989E-02   -0.82952E-03   -0.11941E-01    0.38913E+00   -0.21392E-01   -0.14922E-01    0.20288E+02    0.19302E+02    0.99182E+02   -0.11062E+01   -0.35291E+02    0.35212E-01   -0.36343E+00   -0.47730E-01   -0.46894E+00    0.10942E-04   -0.25161E-04    0.87297E-01    0.16458E+01    0.54133E-01    0.27225E+00   -0.59181E-01    0.16486E+00   -0.81610E-01    0.11531E+00   -0.11551E+00    0.22646E-01   -0.28446E+00   -0.10230E+00    0.23356E+00    0.28719E+00   -0.10093E+00    0.21507E+00    0.16990E+00    0.22371E+00    0.16223E+00   -0.12470E+00    0.66656E-01   -0.43745E+00    0.16265E+00    0.17518E+02   -0.68775E+00    0.43393E+00    0.85556E+01   -0.53414E-01   -0.10269E+00    0.14047E-02   -0.45872E-02    0.25060E-01   -0.76791E-02   -0.28903E-01   -0.60141E-02   -0.33832E-01   -0.10851E-01   -0.12574E-01   -0.60612E-01
    0.14782E-05   -0.45478E-05    0.91277E-06   -0.32200E-04    0.19411E-02   -0.75711E-04   -0.16914E-03    0.68779E+00    0.27811E+00   -0.11062E+01    0.64514E+00    0.11692E+01    0.53457E+00    0.29505E-02   -0.23397E-02   -0.28030E-02    0.80024E-06    0.67706E-04    0.81060E-02   -0.87722E+00    0.20290E-02   -0.27910E-01    0.12222E-02   -0.38285E-02   -0.14529E-02   -0.28564E-01    0.21457E-02    0.52132E-02    0.20838E-01   -0.91066E-02    0.23542E-01   -0.25494E-01    0.13098E-01   -0.20317E-01   -0.30245E-02   -0.93370E-02   -0.33594E-03    0.13413E-01    0.17234E-01    0.17761E-01    0.60832E-01   -0.13631E+00   -0.20938E+00   -0.13667E-01    0.43077E-02    0.47944E-01    0.46775E-01   -0.41260E-02   -0.16323E-02    0.27146E-03    0.94801E-04    0.52842E-03    0.20923E-03    0.35147E-03   -0.74481E-03    0.65519E-03    0.21128E-02
    0.72120E-04   -0.41958E-03    0.66454E-04    0.53080E-03   -0.46311E-01    0.17667E-02    0.52175E-03    0.28792E-01    0.42204E-01   -0.35291E+02    0.11692E+01    0.21692E+02    0.19430E+01    0.21970E+00    0.31859E-01    0.29024E+00    0.11383E-04   -0.11218E-04   -0.36983E+00   -0.43218E+01    0.18085E+00   -0.23448E+00   -0.21995E-01   -0.13370E+00    0.20988E-01   -0.43332E-01    0.94686E-01   -0.95464E-01    0.33804E+00   -0.13978E+00   -0.13105E+00   -0.42051E+00   -0.43580E-01   -0.31431E+00   -0.16041E+00   -0.11964E+00   -0.99577E-01    0.60099E-01    0.13806E+00    0.38663E+00   -0.35214E+00   -0.11754E+02   -0.12418E+00   -0.71950E+00   -0.76699E+01    0.57815E-01    0.77155E-01   -0.95645E-02   -0.36496E-02   -0.13681E-02   -0.11097E-02    0.70665E-02   -0.18012E-02    0.92683E-02   -0.44191E-03   -0.21829E-02    0.22439E-01
    0.22215E-04   -0.13036E-03    0.17802E-04    0.27743E-03   -0.44445E-02    0.71906E-03    0.41195E-03   -0.11104E+02   -0.20449E+01    0.35212E-01    0.53457E+00    0.19430E+01    0.19152E+01    0.18880E-01    0.22629E-01    0.15624E-01    0.61510E-05   -0.10730E-03   -0.18828E+00   -0.23067E+01    0.73027E-01   -0.19942E-01   -0.12065E-01   -0.51164E-02   -0.64737E-03    0.42231E-01   -0.34082E-02   -0.18545E-01    0.36838E-02   -0.15591E-02   -0.53963E-01   -0.32921E-01   -0.21208E-01   -0.50217E-01   -0.55246E-02    0.26971E-02   -0.18516E-01   -0.13282E-01   -0.71629E-02    0.14307E-01   -0.73218E-01   -0.73964E+00   -0.76572E+00   -0.92917E-01   -0.11049E+01    0.43304E-01    0.70496E-01   -0.15184E-02   -0.22310E-02    0.10185E-02    0.42953E-03   -0.23129E-02    0.51265E-03   -0.23876E-02    0.35899E-02    0.61650E-03   -0.10046E-02
   -0.21692E-05    0.14609E-04   -0.21435E-05   -0.45737E-04    0.80600E-03   -0.59453E-04   -0.63994E-04   -0.56031E-01    0.40179E-01   -0.36343E+00    0.29505E-02    0.21970E+00    0.18880E-01    0.44503E-02    0.46249E-04    0.31336E-02    0.53226E-07   -0.20842E-05   -0.12527E-02   -0.19597E-01    0.17545E-02    0.76852E-03    0.12423E-02    0.25641E-05    0.20338E-03    0.11303E-02   -0.19378E-02    0.85995E-03   -0.13751E-02    0.17095E-02   -0.88035E-03    0.25742E-03   -0.98108E-03    0.81188E-03    0.14711E-03    0.71684E-03   -0.84932E-03   -0.19575E-02   -0.34288E-02   -0.10169E-02   -0.95620E-03   -0.15267E+00   -0.96681E-02   -0.39657E-02   -0.10489E+00    0.48746E-03    0.17515E-02    0.34066E-03    0.44518E-04    0.29003E-03   -0.39758E-04   -0.45243E-05   -0.47959E-04    0.28129E-04    0.56243E-05   -0.65109E-04    0.17200E-03
   -0.69758E-06    0.57219E-05   -0.11013E-05   -0.13132E-04    0.46359E-03   -0.22994E-04   -0.15476E-04   -0.93954E-01    0.12638E-01   -0.47730E-01   -0.23397E-02    0.31859E-01    0.22629E-01    0.46249E-04    0.29664E-02   -0.19161E-03    0.43481E-06    0.48307E-05   -0.58573E-03   -0.15309E-01    0.11826E-02   -0.69082E-03   -0.61154E-03   -0.24554E-03   -0.50617E-03   -0.14463E-02   -0.97732E-04    0.66090E-03    0.18334E-03   -0.13392E-03    0.82740E-03   -0.11149E-02    0.91684E-03    0.38884E-03   -0.53270E-03   -0.73557E-03   -0.53701E-04    0.78950E-03   -0.19699E-03    0.74410E-03    0.64340E-02    0.19208E-04   -0.12985E-01    0.36474E-02    0.72735E-02    0.22465E-03    0.16931E-02   -0.40184E-03   -0.83442E-04   -0.10625E-03   -0.32348E-05    0.29421E-04    0.14304E-05    0.32807E-04    0.57172E-04    0.53057E-06    0.11263E-03
    0.14599E-05   -0.89111E-05    0.17029E-05    0.17390E-04   -0.93779E-03    0.43257E-04    0.28373E-04   -0.58662E-01   -0.26916E-01   -0.46894E+00   -0.28030E-02    0.29024E+00    0.15624E-01    0.31336E-02   -0.19161E-03    0.52754E-02   -0.84435E-07   -0.90603E-05   -0.58335E-02   -0.35551E-01    0.51355E-02   -0.56597E-02   -0.13396E-02   -0.24349E-02    0.43649E-03    0.17836E-02    0.47099E-02   -0.41809E-02    0.95310E-02   -0.45969E-02   -0.68892E-02   -0.11152E-01   -0.14189E-02   -0.77779E-02   -0.50893E-02   -0.34179E-02   -0.18211E-02    0.39666E-02    0.67966E-02    0.11045E-01   -0.92121E-02   -0.19255E+00    0.30230E-02   -0.10956E-01   -0.13964E+00   -0.58529E-03   -0.12027E-03    0.26138E-03    0.28465E-04    0.88091E-04   -0.10179E-04    0.43136E-04   -0.26588E-04    0.82811E-04    0.55177E-04   -0.43952E-04    0.21582E-03
    0.31491E-09   -0.16208E-07   -0.79564E-09    0.20250E-08    0.48406E-06   -0.47474E-07    0.15946E-07    0.12465E-02    0.71457E-04    0.10942E-04    0.80024E-06    0.11383E-04    0.61510E-05    0.53226E-07    0.43481E-06   -0.84435E-07    0.15845E-06   -0.48700E-08    0.21298E-06   -0.81992E-05   -0.34848E-04   -0.14337E-04    0.29666E-05    0.35968E-06   -0.30111E-05    0.72754E-05    0.40740E-05    0.66970E-05   -0.22994E-05    0.41698E-06    0.78050E-05   -0.53629E-06    0.87516E-06   -0.13193E-05    0.86176E-07    0.89503E-05    0.67097E-05    0.78127E-06   -0.45845E-05   -0.98813E-06    0.14475E-05   -0.99023E-05   -0.22395E-05    0.12238E-05    0.34210E-05    0.24370E-06    0.82947E-06   -0.70950E-07   -0.76606E-06   -0.80412E-07    0.20107E-07   -0.47354E-07   -0.27295E-07   -0.13378E-07    0.84203E-07   -0.95319E-08    0.88485E-07
   -0.82050E-09    0.38527E-08   -0.91590E-08   -0.90109E-07    0.40328E-05    0.21389E-06    0.95234E-07   -0.29369E-02   -0.83002E-03   -0.25161E-04    0.67706E-04   -0.11218E-04   -0.10730E-03   -0.20842E-05    0.48307E-05   -0.90603E-05   -0.48700E-08    0.11429E-05    0.24520E-04    0.77946E-04    0.95759E-04    0.55151E-04    0.76921E-05   -0.17786E-04    0.23258E-05    0.41045E-03    0.23643E-04    0.22898E-04   -0.31292E-05    0.41386E-04   -0.36876E-03    0.47508E-04   -0.77292E-04    0.45344E-04   -0.18667E-04    0.55167E-04    0.86159E-04   -0.52494E-04   -0.96944E-04    0.15843E-04    0.54384E-04    0.23704E-03    0.43976E-04    0.26319E-04    0.40455E-03    0.48375E-05    0.18515E-05   -0.27257E-05   -0.44451E-05   -0.80415E-06    0.18843E-06    0.95145E-06    0.46833E-06    0.88873E-06   -0.27258E-07    0.48031E-06    0.15862E-05
   -0.81266E-05    0.50032E-04   -0.79896E-05   -0.86974E-04    0.45634E-02   -0.26132E-03   -0.12395E-03    0.11427E+01    0.24974E+00    0.87297E-01    0.81060E-02   -0.36983E+00   -0.18828E+00   -0.12527E-02   -0.58573E-03   -0.58335E-02    0.21298E-06    0.24520E-04    0.67760E-01    0.37318E+00   -0.67058E-02    0.56313E-03    0.51002E-02    0.55484E-02   -0.20024E-02   -0.87386E-02    0.51351E-02    0.94610E-02   -0.22757E-02    0.13519E-04    0.10052E-01    0.11540E-02    0.82900E-02    0.11946E-01    0.89821E-03   -0.33138E-02    0.78424E-02    0.82672E-02   -0.43841E-03   -0.22968E-02    0.63792E-01    0.13792E+00    0.51684E-02    0.57832E-01    0.20528E+00    0.48801E-02    0.89455E-02    0.11119E-02   -0.29128E-04    0.10843E-02   -0.31833E-05    0.21086E-03    0.30225E-04    0.19792E-03   -0.30419E-03    0.17162E-03    0.42733E-03
   -0.94299E-04    0.54945E-03   -0.87827E-04   -0.10354E-02    0.57462E-01   -0.25201E-02   -0.13675E-02    0.77271E+01    0.10489E+01    0.16458E+01   -0.87722E+00   -0.43218E+01   -0.23067E+01   -0.19597E-01   -0.15309E-01   -0.35551E-01   -0.81992E-05    0.77946E-04    0.37318E+00    0.45047E+01   -0.64301E-01    0.38863E-01    0.40781E-01    0.22960E-01    0.10623E-01    0.38443E-02    0.19643E-01    0.38513E-01   -0.35375E-01    0.28477E-01    0.41219E-01    0.36356E-01    0.19954E-01    0.10328E+00   -0.29892E-02    0.20771E-01    0.35428E-01    0.33226E-01   -0.29738E-01   -0.42316E-01    0.77649E-01    0.12181E+01    0.32580E+00    0.22986E+00    0.16047E+01   -0.45887E-01   -0.29833E-01    0.16849E-01   -0.30362E-02   -0.34090E-02    0.37516E-03    0.19890E-02    0.26113E-03    0.19657E-02   -0.70789E-03    0.69117E-03    0.10508E-02
   -0.22402E-04    0.13967E-03   -0.20599E-04   -0.58850E-03    0.82645E-02   -0.47931E-03   -0.47090E-03    0.15935E+02   -0.30382E-01    0.54133E-01    0.20290E-02    0.18085E+00    0.73027E-01    0.17545E-02    0.11826E-02    0.51355E-02   -0.34848E-04    0.95759E-04   -0.67058E-02   -0.64301E-01    0.65954E+00   -0.15099E+00   -0.54963E-02    0.84392E-02    0.38558E-03    0.20594E+00   -0.37554E-01   -0.47374E-01   -0.95128E-02   -0.60778E-01    0.18983E-01    0.34268E-01   -0.44286E-01   -0.33810E-01   -0.11300E+00    0.17347E+00    0.38626E-01   -0.10567E-01    0.30498E-01    0.75917E-01   -0.39618E-02   -0.17938E+00   -0.29351E-01   -0.13264E-01   -0.97559E-01    0.17847E-03    0.26293E-02    0.45882E-03    0.83787E-03   -0.14060E-03    0.61286E-04   -0.29784E-03    0.18466E-04   -0.16191E-03    0.33439E-03   -0.21847E-03   -0.18009E-04
   -0.95970E-05   -0.47480E-05    0.17809E-05   -0.18950E-03    0.10077E-02   -0.29369E-03   -0.27096E-03   -0.71181E+01   -0.41548E-01    0.27225E+00   -0.27910E-01   -0.23448E+00   -0.19942E-01    0.76852E-03   -0.69082E-03   -0.56597E-02   -0.14337E-04    0.55151E-04    0.56313E-03    0.38863E-01   -0.15099E+00    0.91964E+00   -0.25599E-02    0.29455E-02    0.58864E-02   -0.14016E+00    0.18481E+00    0.67621E-01   -0.20034E-01    0.51702E-01   -0.11617E+00    0.11939E-01    0.32176E-01    0.15264E-01    0.16986E+00   -0.21327E+00    0.39820E-01    0.11382E+00   -0.16840E-02   -0.21778E+00    0.17902E-02    0.11340E+00   -0.11919E-01    0.55197E-02    0.89663E-01   -0.10679E-02   -0.78558E-03   -0.91269E-05    0.16650E-02   -0.79161E-04   -0.24187E-03   -0.11686E-03   -0.26482E-03   -0.29420E-03   -0.19717E-03   -0.15092E-03   -0.19121E-03
   -0.48039E-05    0.36288E-04    0.60794E-05    0.23806E-03    0.41418E-02   -0.94268E-04    0.54065E-03   -0.34621E+00   -0.98422E-01   -0.59181E-01    0.12222E-02   -0.21995E-01   -0.12065E-01    0.12423E-02   -0.61154E-03   -0.13396E-02    0.29666E-05    0.76921E-05    0.51002E-02    0.40781E-01   -0.54963E-02   -0.25599E-02    0.10012E+01    0.68618E-02    0.22336E-02   -0.36314E-01   -0.17370E-01    0.18274E+00   -0.31536E-02    0.84259E-01   -0.19981E-01    0.30240E-01   -0.28025E-01   -0.10248E-01    0.10661E+00   -0.62121E-01    0.38193E-01    0.19208E-01   -0.18394E+00    0.10438E+00    0.12125E-01   -0.15626E-01   -0.90671E-02    0.70299E-02    0.51324E-01    0.36694E-03    0.21266E-02    0.43503E-03   -0.11736E-02    0.18842E-02    0.12424E-03    0.85457E-04    0.39339E-04    0.89140E-04    0.28703E-03   -0.12454E-05    0.10414E-03
   -0.22813E-05    0.15526E-04    0.23075E-05   -0.65844E-04    0.15961E-02    0.30647E-04   -0.12953E-03   -0.61807E-01   -0.29371E-02    0.16486E+00   -0.38285E-02   -0.13370E+00   -0.51164E-02    0.25641E-05   -0.24554E-03   -0.24349E-02    0.35968E-06   -0.17786E-04    0.55484E-02    0.22960E-01    0.84392E-02    0.29455E-02    0.68618E-02    0.98295E+00   -0.21096E-01    0.64542E-01   -0.71337E-01    0.74728E-01   -0.80761E-01    0.38460E-01    0.77366E-01    0.11682E+00    0.46298E-01    0.14630E+00   -0.10924E+00    0.95048E-01    0.53692E-01    0.43224E-02   -0.11091E+00    0.57472E-01    0.22694E-01    0.10776E+00   -0.51546E-02    0.43652E-02    0.12889E+00    0.37598E-03   -0.82398E-04   -0.87393E-04   -0.28375E-02    0.16704E-02   -0.59431E-04    0.11665E-03    0.10490E-03    0.96692E-04    0.14611E-03    0.65549E-04   -0.94939E-04
    0.41016E-05   -0.78459E-05   -0.11699E-05    0.13793E-03   -0.90581E-03    0.11705E-03    0.24203E-03   -0.74749E+00    0.89996E-02   -0.81610E-01   -0.14529E-02    0.20988E-01   -0.64737E-03    0.20338E-03   -0.50617E-03    0.43649E-03   -0.30111E-05    0.23258E-05   -0.20024E-02    0.10623E-01    0.38558E-03    0.58864E-02    0.22336E-02   -0.21096E-01    0.99584E+00    0.36344E-01    0.26318E-01   -0.34942E-01    0.45888E-01    0.61708E-01    0.66606E-01   -0.79752E-01   -0.91955E-01    0.76017E-01    0.51096E-01    0.94071E-01   -0.70102E-01    0.69132E-01   -0.32399E-01    0.42026E-02   -0.19473E-01    0.46909E-01   -0.24150E-02    0.16919E-02   -0.69682E-01    0.61496E-03    0.20521E-03    0.37753E-03    0.25640E-02    0.60868E-02    0.64803E-04    0.42359E-03    0.72319E-04    0.85071E-04    0.48579E-03    0.64387E-04   -0.29603E-03
   -0.18736E-05    0.19712E-04   -0.57459E-05   -0.73163E-04    0.52270E-02    0.26626E-03    0.20480E-03   -0.22568E+01    0.25403E+00    0.11531E+00   -0.28564E-01   -0.43332E-01    0.42231E-01    0.11303E-02   -0.14463E-02    0.17836E-02    0.72754E-05    0.41045E-03   -0.87386E-02    0.38443E-02    0.20594E+00   -0.14016E+00   -0.36314E-01    0.64542E-01    0.36344E-01    0.79157E+00   -0.11095E-01    0.91396E-02   -0.29859E-01   -0.15908E-01    0.87888E-01    0.11786E+00   -0.82021E-01    0.15618E-01   -0.63834E-01    0.63801E+00    0.24298E+00   -0.33841E-01   -0.40614E-01    0.75497E-01   -0.98533E-02   -0.23919E-01   -0.33324E-02    0.11987E-02    0.47183E-01   -0.24612E-02   -0.14217E-02    0.13011E-02   -0.29217E-02    0.74714E-03    0.34878E-03   -0.43325E-04    0.39205E-03   -0.22580E-04    0.76085E-03    0.28599E-03   -0.17899E-04
    0.56484E-06   -0.36933E-04    0.10162E-04   -0.66834E-05   -0.23576E-02    0.14631E-03    0.41288E-04   -0.46364E+01   -0.18990E+00   -0.11551E+00    0.21457E-02    0.94686E-01   -0.34082E-02   -0.19378E-02   -0.97732E-04    0.47099E-02    0.40740E-05    0.23643E-04    0.51351E-02    0.19643E-01   -0.37554E-01    0.18481E+00   -0.17370E-01   -0.71337E-01    0.26318E-01   -0.11095E-01    0.96791E+00    0.41022E-02   -0.13318E-01   -0.72484E-02    0.56914E-01    0.98941E-02   -0.53471E-01   -0.34193E-01    0.13483E+00   -0.70739E-01    0.25454E+00    0.75856E+00    0.29087E+00   -0.19155E+00    0.79699E-02   -0.10629E+00    0.17282E-02    0.41531E-02   -0.76074E-01    0.91300E-03    0.13146E-02    0.28469E-03   -0.20527E-03   -0.21920E-03    0.70348E-04    0.22927E-04    0.86128E-04   -0.12845E-03   -0.10906E-04    0.33565E-04    0.54952E-04
    0.55639E-06    0.84093E-05    0.49959E-05    0.14078E-03    0.24156E-02   -0.55387E-04    0.30890E-03   -0.16666E+01   -0.13631E+00    0.22646E-01    0.52132E-02   -0.95464E-01   -0.18545E-01    0.85995E-03    0.66090E-03   -0.41809E-02    0.66970E-05    0.22898E-04    0.94610E-02    0.38513E-01   -0.47374E-01    0.67621E-01    0.18274E+00    0.74728E-01   -0.34942E-01    0.91396E-02    0.41022E-02    0.98584E+00    0.10081E-01    0.97062E-02    0.74631E-01   -0.53509E-01    0.14293E+00    0.17013E+00   -0.13062E+00   -0.18617E+00    0.62497E+00    0.14617E+00   -0.61027E+00    0.19398E+00    0.23167E-01    0.42702E-01   -0.12301E-02    0.91816E-02    0.93573E-01    0.15426E-02    0.14290E-02   -0.21554E-03   -0.13979E-02    0.30278E-02    0.34704E-04   -0.92416E-04    0.11096E-03    0.49968E-04    0.12736E-03    0.18081E-03   -0.23243E-04
    0.10584E-04   -0.66430E-04    0.21267E-04    0.82484E-05   -0.78752E-02    0.20182E-03   -0.11857E-03    0.13033E+00   -0.15344E+00   -0.28446E+00    0.20838E-01    0.33804E+00    0.36838E-02   -0.13751E-02    0.18334E-03    0.95310E-02   -0.22994E-05   -0.31292E-05   -0.22757E-02   -0.35375E-01   -0.95128E-02   -0.20034E-01   -0.31536E-02   -0.80761E-01    0.45888E-01   -0.29859E-01   -0.13318E-01    0.10081E-01    0.98587E+00    0.87724E-02   -0.34753E-01   -0.86906E-01   -0.15373E+00   -0.21654E-01   -0.99719E-01   -0.96010E-01    0.63824E-01   -0.51166E-01    0.28371E+00    0.68744E+00   -0.36501E-02   -0.23770E+00    0.22966E-01   -0.11237E-01   -0.17470E+00    0.11047E-02    0.10800E-02   -0.40873E-04    0.13220E-03   -0.38813E-03    0.69822E-05    0.99172E-04    0.70075E-04    0.23944E-03    0.58182E-04    0.43168E-04    0.36472E-03
    0.37366E-05   -0.33765E-04    0.20380E-05    0.10318E-03   -0.24184E-02    0.14407E-05    0.11079E-03   -0.15501E+01   -0.58890E-01   -0.10230E+00   -0.91066E-02   -0.13978E+00   -0.15591E-02    0.17095E-02   -0.13392E-03   -0.45969E-02    0.41698E-06    0.41386E-04    0.13519E-04    0.28477E-01   -0.60778E-01    0.51702E-01    0.84259E-01    0.38460E-01    0.61708E-01   -0.15908E-01   -0.72484E-02    0.97062E-02    0.87724E-02    0.99126E+00   -0.64684E-01    0.78608E-01    0.30316E-01    0.16285E+00    0.29357E-02    0.11004E+00   -0.56163E+00    0.38490E+00   -0.35788E+00    0.23984E+00    0.73514E-02    0.97257E-01   -0.37055E-01    0.63942E-02    0.11307E+00    0.13448E-02    0.50927E-03    0.17451E-03   -0.18478E-02    0.93508E-03   -0.40249E-04   -0.20273E-04    0.57556E-04   -0.10380E-03    0.98569E-05    0.12662E-03    0.49776E-03
   -0.25413E-05    0.23111E-04   -0.42099E-05   -0.43773E-04    0.30114E-03    0.22921E-04   -0.39370E-04   -0.17880E+00   -0.14794E+00    0.23356E+00    0.23542E-01   -0.13105E+00   -0.53963E-01   -0.88035E-03    0.82740E-03   -0.68892E-02    0.78050E-05   -0.36876E-03    0.10052E-01    0.41219E-01    0.18983E-01   -0.11617E+00   -0.19981E-01    0.77366E-01    0.66606E-01    0.87888E-01    0.56914E-01    0.74631E-01   -0.34753E-01   -0.64684E-01    0.86751E+00    0.11127E-01   -0.17285E-01    0.36696E-02   -0.58240E-03    0.61229E+00    0.18547E+00    0.11587E+00    0.42196E-01   -0.96062E-01    0.22129E-01    0.26217E+00    0.22034E-01    0.17485E-01    0.23298E+00    0.14182E-02    0.16331E-03   -0.11580E-02   -0.16481E-02   -0.46078E-03    0.66800E-04    0.50386E-03    0.30919E-04    0.47018E-03   -0.43431E-03    0.10494E-04   -0.36060E-04
   -0.61163E-05    0.34629E-04    0.44220E-07   -0.21468E-03    0.35434E-02   -0.90807E-04   -0.31431E-03   -0.52064E-01    0.41926E-01    0.28719E+00   -0.25494E-01   -0.42051E+00   -0.32921E-01    0.25742E-03   -0.11149E-02   -0.11152E-01   -0.53629E-06    0.47508E-04    0.11540E-02    0.36356E-01    0.34268E-01    0.11939E-01    0.30240E-01    0.11682E+00   -0.79752E-01    0.11786E+00    0.98941E-02   -0.53509E-01   -0.86906E-01    0.78608E-01    0.11127E-01    0.98235E+00    0.85571E-02   -0.13877E-01   -0.10412E-01    0.99634E-01    0.16423E+00    0.69780E-02    0.16059E+00    0.15285E+00    0.94560E-02    0.35874E+00    0.44288E-02    0.43766E-02    0.26648E+00   -0.24673E-02   -0.49803E-02   -0.22485E-03   -0.35138E-02   -0.12117E-02    0.33689E-04    0.23175E-03    0.12777E-04    0.34510E-04   -0.21179E-03   -0.54055E-04   -0.24712E-03
   -0.23117E-05    0.17488E-04    0.58892E-06   -0.29069E-05    0.14393E-02   -0.40073E-04   -0.12493E-04    0.15033E+00   -0.83759E-01   -0.10093E+00    0.13098E-01   -0.43580E-01   -0.21208E-01   -0.98108E-03    0.91684E-03   -0.14189E-02    0.87516E-06   -0.77292E-04    0.82900E-02    0.19954E-01   -0.44286E-01    0.32176E-01   -0.28025E-01    0.46298E-01   -0.91955E-01   -0.82021E-01   -0.53471E-01    0.14293E+00   -0.15373E+00    0.30316E-01   -0.17285E-01    0.85571E-02    0.95775E+00    0.99842E-02    0.24897E-02   -0.11249E+00    0.55357E-01    0.16058E+00    0.15855E-01   -0.67057E-01    0.13355E-01    0.56254E-01    0.10533E-01    0.90132E-02    0.71285E-01    0.10740E-02    0.94001E-03   -0.48932E-03   -0.31220E-02    0.25659E-02   -0.81959E-04   -0.31304E-04   -0.58345E-04    0.12827E-03   -0.19521E-04    0.96350E-04    0.13064E-04
   -0.24702E-05    0.39238E-04   -0.88426E-05   -0.19022E-03    0.34867E-03   -0.16800E-03   -0.31368E-03   -0.60522E+00    0.10920E-01    0.21507E+00   -0.20317E-01   -0.31431E+00   -0.50217E-01    0.81188E-03    0.38884E-03   -0.77779E-02   -0.13193E-05    0.45344E-04    0.11946E-01    0.10328E+00   -0.33810E-01    0.15264E-01   -0.10248E-01    0.14630E+00    0.76017E-01    0.15618E-01   -0.34193E-01    0.17013E+00   -0.21654E-01    0.16285E+00    0.36696E-02   -0.13877E-01    0.99842E-02    0.98994E+00   -0.12800E-02   -0.33159E-02    0.28913E-01    0.11400E+00   -0.28818E+00    0.14042E+00    0.16859E-01    0.18443E+00   -0.99707E-03    0.12903E-01    0.13473E+00    0.17774E-03   -0.48151E-03   -0.67880E-04   -0.24574E-02    0.27397E-02   -0.57434E-04    0.35140E-04    0.53482E-04   -0.81525E-04   -0.98970E-04    0.67211E-04   -0.36977E-03
   -0.56848E-05   -0.15140E-04   -0.53089E-05    0.30014E-04   -0.21752E-02    0.71768E-05   -0.89430E-04   -0.28352E+01    0.13537E+00    0.16990E+00   -0.30245E-02   -0.16041E+00   -0.55246E-02    0.14711E-03   -0.53270E-03   -0.50893E-02    0.86176E-07   -0.18667E-04    0.89821E-03   -0.29892E-02   -0.11300E+00    0.16986E+00    0.10661E+00   -0.10924E+00    0.51096E-01   -0.63834E-01    0.13483E+00   -0.13062E+00   -0.99719E-01    0.29357E-02   -0.58240E-03   -0.10412E-01    0.24897E-02   -0.12800E-02    0.98805E+00   -0.40074E-01   -0.47498E-01    0.19470E-01    0.17389E+00   -0.95803E-01   -0.69688E-02    0.14287E+00   -0.59296E-02    0.31179E-02    0.58903E-01    0.17164E-03   -0.95337E-03    0.23095E-03   -0.29822E-04    0.26870E-02   -0.45170E-04   -0.21199E-03   -0.16265E-03   -0.16781E-03   -0.28180E-03   -0.20475E-03   -0.41120E-03
   -0.27513E-05    0.27721E-04   -0.96950E-05   -0.11691E-03    0.35910E-02    0.20871E-03    0.30986E-04   -0.10728E+01    0.14186E+00    0.22371E+00   -0.93370E-02   -0.11964E+00    0.26971E-02    0.71684E-03   -0.73557E-03   -0.34179E-02    0.89503E-05    0.55167E-04   -0.33138E-02    0.20771E-01    0.17347E+00   -0.21327E+00   -0.62121E-01    0.95048E-01    0.94071E-01    0.63801E+00   -0.70739E-01   -0.18617E+00   -0.96010E-01    0.11004E+00    0.61229E+00    0.99634E-01   -0.11249E+00   -0.33159E-02   -0.40074E-01    0.96622E+00   -0.65029E-02    0.17591E-01    0.31563E-02   -0.28949E-01    0.53017E-03    0.16797E+00    0.49676E-02    0.10134E-01    0.19166E+00   -0.12862E-02   -0.14847E-02    0.25130E-03   -0.31539E-02   -0.46944E-03    0.28033E-03    0.32293E-03    0.26619E-03    0.26380E-03    0.25433E-03    0.18235E-03    0.64502E-04
   -0.26941E-05    0.22496E-04    0.46799E-05    0.27171E-04    0.34823E-02    0.62567E-04    0.24998E-03   -0.25920E+01   -0.87388E-01    0.16223E+00   -0.33594E-03   -0.99577E-01   -0.18516E-01   -0.84932E-03   -0.53701E-04   -0.18211E-02    0.67097E-05    0.86159E-04    0.78424E-02    0.35428E-01    0.38626E-01    0.39820E-01    0.38193E-01    0.53692E-01   -0.70102E-01    0.24298E+00    0.25454E+00    0.62497E+00    0.63824E-01   -0.56163E+00    0.18547E+00    0.16423E+00    0.55357E-01    0.28913E-01   -0.47498E-01   -0.65029E-02    0.99174E+00    0.75095E-02    0.19957E-01   -0.10241E-01    0.16936E-01    0.46944E-01    0.20830E-01    0.96856E-02    0.72176E-01   -0.71552E-05    0.14246E-03    0.81438E-04   -0.14258E-02    0.14436E-02    0.17029E-03    0.10075E-04    0.21191E-03    0.11971E-03    0.17366E-03    0.14094E-03   -0.39510E-03
    0.11403E-05   -0.28713E-04    0.86190E-05    0.33569E-04   -0.23197E-02    0.11782E-03    0.11098E-03   -0.25300E+01   -0.30042E+00   -0.12470E+00    0.13413E-01    0.60099E-01   -0.13282E-01   -0.19575E-02    0.78950E-03    0.39666E-02    0.78127E-06   -0.52494E-04    0.82672E-02    0.33226E-01   -0.10567E-01    0.11382E+00    0.19208E-01    0.43224E-02    0.69132E-01   -0.33841E-01    0.75856E+00    0.14617E+00   -0.51166E-01    0.38490E+00    0.11587E+00    0.69780E-02    0.16058E+00    0.11400E+00    0.19470E-01    0.17591E-01    0.75095E-02    0.98449E+00   -0.18674E-01    0.79060E-02    0.16725E-01   -0.57919E-01    0.26664E-02    0.54394E-02   -0.14507E-01    0.20906E-02    0.21486E-02   -0.20505E-03   -0.14994E-02    0.12142E-02    0.75894E-04    0.14792E-03    0.11055E-03   -0.67818E-04   -0.59522E-04    0.16035E-03    0.45705E-03
   -0.29816E-05   -0.80976E-05    0.56454E-05   -0.82642E-04   -0.26566E-02    0.64511E-04   -0.15363E-03    0.69942E+00    0.13721E-01    0.66656E-01    0.17234E-01    0.13806E+00   -0.71629E-02   -0.34288E-02   -0.19699E-03    0.67966E-02   -0.45845E-05   -0.96944E-04   -0.43841E-03   -0.29738E-01    0.30498E-01   -0.16840E-02   -0.18394E+00   -0.11091E+00   -0.32399E-01   -0.40614E-01    0.29087E+00   -0.61027E+00    0.28371E+00   -0.35788E+00    0.42196E-01    0.16059E+00    0.15855E-01   -0.28818E+00    0.17389E+00    0.31563E-02    0.19957E-01   -0.18674E-01    0.97943E+00   -0.18589E-01   -0.85189E-02   -0.72036E-01    0.35501E-01   -0.75138E-02   -0.13267E+00   -0.24572E-03   -0.34951E-03   -0.16888E-03    0.55841E-03   -0.19857E-02   -0.44330E-04    0.13152E-03   -0.46267E-04    0.98466E-04   -0.26559E-03   -0.17455E-03   -0.17270E-03
    0.95538E-05   -0.41051E-04    0.13660E-04   -0.22367E-04   -0.61653E-02    0.18922E-03   -0.12742E-03    0.30511E+01    0.24802E-01   -0.43745E+00    0.17761E-01    0.38663E+00    0.14307E-01   -0.10169E-02    0.74410E-03    0.11045E-01   -0.98813E-06    0.15843E-04   -0.22968E-02   -0.42316E-01    0.75917E-01   -0.21778E+00    0.10438E+00    0.57472E-01    0.42026E-02    0.75497E-01   -0.19155E+00    0.19398E+00    0.68744E+00    0.23984E+00   -0.96062E-01    0.15285E+00   -0.67057E-01    0.14042E+00   -0.95803E-01   -0.28949E-01   -0.10241E-01    0.79060E-02   -0.18589E-01    0.10080E+01    0.11235E-02   -0.26026E+00    0.11640E-01   -0.17902E-01   -0.17156E+00    0.13391E-02    0.12007E-02   -0.15901E-04   -0.36426E-02    0.16875E-02    0.68541E-04    0.97477E-04    0.12072E-03    0.26523E-03    0.16396E-03    0.15387E-03    0.72767E-03
    0.14593E-04   -0.65455E-04    0.15164E-04    0.22453E-03   -0.69795E-02    0.26029E-03    0.32057E-03    0.50317E+00    0.22278E+00    0.16265E+00    0.60832E-01   -0.35214E+00   -0.73218E-01   -0.95620E-03    0.64340E-02   -0.92121E-02    0.14475E-05    0.54384E-04    0.63792E-01    0.77649E-01   -0.39618E-02    0.17902E-02    0.12125E-01    0.22694E-01   -0.19473E-01   -0.98533E-02    0.79699E-02    0.23167E-01   -0.36501E-02    0.73514E-02    0.22129E-01    0.94560E-02    0.13355E-01    0.16859E-01   -0.69688E-02    0.53017E-03    0.16936E-01    0.16725E-01   -0.85189E-02    0.11235E-02    0.34604E+00    0.19053E+00    0.40381E-02    0.15449E+00    0.49498E+00    0.13663E-01    0.17303E-01   -0.45408E-02   -0.67040E-03   -0.21806E-02    0.57477E-03   -0.56801E-05    0.84950E-03    0.26051E-04   -0.38209E-03    0.18195E-03    0.14087E-02
    0.13201E-03   -0.82737E-03    0.14067E-03    0.16536E-02   -0.65379E-01    0.30090E-02    0.16389E-02   -0.54498E+00   -0.23746E+01    0.17518E+02   -0.13631E+00   -0.11754E+02   -0.73964E+00   -0.15267E+00    0.19208E-04   -0.19255E+00   -0.99023E-05    0.23704E-03    0.13792E+00    0.12181E+01   -0.17938E+00    0.11340E+00   -0.15626E-01    0.10776E+00    0.46909E-01   -0.23919E-01   -0.10629E+00    0.42702E-01   -0.23770E+00    0.97257E-01    0.26217E+00    0.35874E+00    0.56254E-01    0.18443E+00    0.14287E+00    0.16797E+00    0.46944E-01   -0.57919E-01   -0.72036E-01   -0.26026E+00    0.19053E+00    0.16011E+02    0.23737E+00    0.40819E+00    0.59803E+01   -0.10261E-01   -0.48607E-01   -0.11471E-01   -0.58529E-02    0.89263E-03    0.22558E-02    0.21688E-01    0.25960E-02    0.14193E-01   -0.64779E-04    0.35493E-02   -0.79906E-02
    0.37729E-04   -0.25463E-03    0.43172E-04    0.41356E-03   -0.27716E-01    0.93374E-03    0.39232E-03    0.54810E+01    0.79080E+00   -0.68775E+00   -0.20938E+00   -0.12418E+00   -0.76572E+00   -0.96681E-02   -0.12985E-01    0.30230E-02   -0.22395E-05    0.43976E-04    0.51684E-02    0.32580E+00   -0.29351E-01   -0.11919E-01   -0.90671E-02   -0.51546E-02   -0.24150E-02   -0.33324E-02    0.17282E-02   -0.12301E-02    0.22966E-01   -0.37055E-01    0.22034E-01    0.44288E-02    0.10533E-01   -0.99707E-03   -0.59296E-02    0.49676E-02    0.20830E-01    0.26664E-02    0.35501E-01    0.11640E-01    0.40381E-02    0.23737E+00    0.22129E+01   -0.86933E-02    0.28304E+00   -0.92724E-01   -0.10927E+00   -0.38638E-02    0.19954E-02    0.20630E-03   -0.18045E-03    0.14859E-02   -0.35490E-03    0.13615E-02    0.36084E-03    0.12882E-03    0.80875E-03
    0.33346E-04   -0.18994E-03    0.30719E-04    0.45084E-03   -0.17549E-01    0.67112E-03    0.53674E-03   -0.69649E+00   -0.37501E+00    0.43393E+00   -0.13667E-01   -0.71950E+00   -0.92917E-01   -0.39657E-02    0.36474E-02   -0.10956E-01    0.12238E-05    0.26319E-04    0.57832E-01    0.22986E+00   -0.13264E-01    0.55197E-02    0.70299E-02    0.43652E-02    0.16919E-02    0.11987E-02    0.41531E-02    0.91816E-02   -0.11237E-01    0.63942E-02    0.17485E-01    0.43766E-02    0.90132E-02    0.12903E-01    0.31179E-02    0.10134E-01    0.96856E-02    0.54394E-02   -0.75138E-02   -0.17902E-01    0.15449E+00    0.40819E+00   -0.86933E-02    0.24568E+00    0.38592E+00    0.73220E-02    0.15039E-01   -0.58200E-04    0.11509E-02    0.13608E-02    0.21311E-03   -0.37052E-04    0.30288E-03    0.23626E-04    0.48321E-03    0.44889E-03    0.35023E-03
    0.15028E-03   -0.91589E-03    0.16322E-03    0.17095E-02   -0.59645E-01    0.27683E-02    0.14226E-02    0.73915E+01   -0.13327E+01    0.85556E+01    0.43077E-02   -0.76699E+01   -0.11049E+01   -0.10489E+00    0.72735E-02   -0.13964E+00    0.34210E-05    0.40455E-03    0.20528E+00    0.16047E+01   -0.97559E-01    0.89663E-01    0.51324E-01    0.12889E+00   -0.69682E-01    0.47183E-01   -0.76074E-01    0.93573E-01   -0.17470E+00    0.11307E+00    0.23298E+00    0.26648E+00    0.71285E-01    0.13473E+00    0.58903E-01    0.19166E+00    0.72176E-01   -0.14507E-01   -0.13267E+00   -0.17156E+00    0.49498E+00    0.59803E+01    0.28304E+00    0.38592E+00    0.16755E+02   -0.55819E-03   -0.57853E-01   -0.25043E-01   -0.10232E-01   -0.19823E-01    0.16324E-02    0.29003E-02    0.25046E-02    0.17995E-02   -0.44386E-04    0.54525E-02    0.30589E-01
   -0.70134E-06    0.55308E-05   -0.91712E-06   -0.74642E-05    0.57381E-03   -0.29062E-04   -0.14523E-04   -0.36660E-01    0.16064E-01   -0.53414E-01    0.47944E-01    0.57815E-01    0.43304E-01    0.48746E-03    0.22465E-03   -0.58529E-03    0.24370E-06    0.48375E-05    0.48801E-02   -0.45887E-01    0.17847E-03   -0.10679E-02    0.36694E-03    0.37598E-03    0.61496E-03   -0.24612E-02    0.91300E-03    0.15426E-02    0.11047E-02    0.13448E-02    0.14182E-02   -0.24673E-02    0.10740E-02    0.17774E-03    0.17164E-03   -0.12862E-02   -0.71552E-05    0.20906E-02   -0.24572E-03    0.13391E-02    0.13663E-01   -0.10261E-01   -0.92724E-01    0.73220E-02   -0.55819E-03    0.85201E-02    0.81048E-02   -0.18456E-03   -0.43948E-04    0.22500E-03    0.91113E-05   -0.58476E-05    0.26688E-04   -0.12540E-04   -0.74022E-04    0.44675E-04    0.11247E-03
