# omegabh2 omegach2 theta tau mnu nnu logA ns acib217 acibsz143 asz143 aps100 aps143 aps143217 aps217 aksz kgal100 t1gal143 t1gal143217 t1gal217 galfEE100 galfEE100143 galfEE100217 galfEE143 galfEE143217 galfEE217 galfTE100 galfTE100143 galfTE100217 galfTE143 galfTE143217 galfTE217 calib_100T calib_217T
    0.6644471E-07    0.3301091E-06   -0.2406080E-07    0.6973688E-06   -0.1513400E-04    0.3844662E-04    0.2261054E-05    0.2014189E-05    0.4820680E-04    0.1424533E-04    0.1665598E-04   -0.4754432E-03   -0.2292293E-03   -0.2287013E-03   -0.2493103E-03    0.2225256E-04    0.7639105E-03    0.6098591E-03    0.6275855E-03    0.6263624E-03    0.3982113E-06    0.4219560E-06    0.5137756E-06    0.4358959E-06    0.4807021E-06    0.5635115E-06   -0.2002779E-05   -0.3370380E-05   -0.4937766E-05   -0.6190764E-05   -0.9481343E-05   -0.1633885E-04   -0.2905681E-07   -0.3951842E-08
    0.3301091E-06    0.1093792E-04   -0.1145062E-05    0.4742013E-05    0.1848969E-03    0.6217084E-03    0.3263553E-04    0.1605276E-04    0.6618994E-02    0.2944133E-02    0.5861718E-03   -0.1810212E-03   -0.1969395E-02   -0.7082167E-02   -0.8244195E-02    0.1371834E-02    0.1124126E-01    0.1271102E-01    0.1398462E-01    0.1470702E-01    0.9188778E-06    0.8299974E-06    0.1164995E-05    0.6337779E-06    0.4800795E-06   -0.6748189E-06    0.1598269E-05   -0.2231994E-05   -0.8873722E-05    0.5754365E-05    0.1049038E-05   -0.7128423E-05   -0.1939204E-06   -0.4186807E-06
   -0.2406080E-07   -0.1145062E-05    0.2069790E-06   -0.7450988E-06   -0.3060370E-04   -0.6575153E-04   -0.3778349E-05   -0.1570777E-05   -0.7124789E-03   -0.3137006E-03   -0.5604766E-04   -0.1492260E-03    0.1152410E-03    0.7054581E-03    0.8356974E-03   -0.1412064E-03   -0.1118294E-02   -0.1341139E-02   -0.1497159E-02   -0.1577518E-02   -0.1098888E-06   -0.9692572E-07   -0.1468888E-06   -0.6999320E-07   -0.7066747E-07    0.3040210E-07   -0.7287206E-06   -0.6621872E-06   -0.1056524E-05   -0.1752162E-05   -0.2060878E-05   -0.3004422E-05    0.1269090E-07    0.4607722E-07
    0.6973688E-06    0.4742013E-05   -0.7450988E-06    0.1678939E-03    0.1058098E-02    0.6623789E-03    0.3400418E-03    0.3655189E-04    0.1459628E-02    0.6817251E-04    0.1074262E-03   -0.5293769E-02   -0.1615156E-03   -0.1748960E-04   -0.2223031E-02   -0.2769867E-03    0.6739795E-02    0.8548550E-02    0.8869658E-02    0.8949702E-02    0.1040856E-04    0.9955347E-05    0.1130242E-04    0.1104808E-04    0.1040985E-04    0.1093571E-04   -0.9819961E-04   -0.8844618E-04   -0.8864169E-04   -0.1473499E-03   -0.1619357E-03   -0.2213395E-03    0.2999612E-06   -0.1801287E-06
   -0.1513400E-04    0.1848969E-03   -0.3060370E-04    0.1058098E-02    0.3596210E-01    0.3057526E-02    0.2414298E-02   -0.4123222E-03    0.1813572E+00    0.7042080E-01    0.8624484E-02    0.2242305E+00    0.1127465E+00   -0.4288571E-01   -0.1017364E+00    0.2386419E-01    0.7249894E-01   -0.6331971E-01    0.4258823E-02    0.4754912E-01   -0.1107825E-03   -0.1115469E-03   -0.1183473E-03   -0.1028493E-03   -0.1232401E-03   -0.2228244E-03   -0.2138504E-03    0.3576281E-03    0.1113614E-02    0.1328093E-02    0.2580706E-02    0.4847369E-02   -0.2111039E-04   -0.1861597E-04
    0.3844662E-04    0.6217084E-03   -0.6575153E-04    0.6623789E-03    0.3057526E-02    0.4506940E-01    0.2644403E-02    0.1638456E-02    0.3645172E+00    0.1678631E+00    0.4096088E-01   -0.2023178E+00   -0.2202322E+00   -0.4843705E+00   -0.5305475E+00    0.8293506E-01    0.7820083E+00    0.9151464E+00    0.9795005E+00    0.1011797E+01    0.2260718E-03    0.2302831E-03    0.2716335E-03    0.2244580E-03    0.2251253E-03    0.1882566E-03   -0.6730208E-03   -0.1309083E-02   -0.2132348E-02   -0.2067968E-02   -0.3403075E-02   -0.6116081E-02   -0.6163306E-05   -0.2113466E-04
    0.2261054E-05    0.3263553E-04   -0.3778349E-05    0.3400418E-03    0.2414298E-02    0.2644403E-02    0.7455525E-03    0.1070446E-03    0.1454496E-01    0.4508186E-02    0.6987011E-03   -0.1246230E-02    0.3468457E-02   -0.6040156E-02   -0.1468370E-01    0.1592051E-02    0.2913317E-01    0.2561585E-01    0.2921405E-01    0.3098253E-01    0.2091527E-04    0.1972249E-04    0.2226543E-04    0.2138002E-04    0.1910180E-04    0.1693686E-04   -0.1890312E-03   -0.1677263E-03   -0.1876020E-03   -0.2663879E-03   -0.3150415E-03   -0.4614709E-03   -0.8729160E-06   -0.1270255E-05
    0.2014189E-05    0.1605276E-04   -0.1570777E-05    0.3655189E-04   -0.4123222E-03    0.1638456E-02    0.1070446E-03    0.9067232E-04   -0.1262263E-03    0.3612520E-04   -0.1863363E-03   -0.1751107E-01   -0.3756161E-02   -0.3776989E-02   -0.3776307E-02    0.3131543E-04    0.2527146E-01    0.2926724E-01    0.2928069E-01    0.3006791E-01    0.1880896E-04    0.1942656E-04    0.2222124E-04    0.1921700E-04    0.2076187E-04    0.2284700E-04   -0.6034204E-04   -0.9299065E-04   -0.1299733E-03   -0.1741409E-03   -0.2522761E-03   -0.4232305E-03    0.2904608E-06   -0.8510278E-07
    0.4820680E-04    0.6618994E-02   -0.7124789E-03    0.1459628E-02    0.1813572E+00    0.3645172E+00    0.1454496E-01   -0.1262263E-03    0.7335432E+02    0.2991717E+02    0.2179328E+01    0.6290507E+01   -0.2994198E+02   -0.7926182E+02   -0.9126319E+02   -0.2686118E+01    0.6462621E+00   -0.6604757E+01   -0.1303686E+02   -0.1846513E+02   -0.2756867E-02   -0.2003244E-02   -0.1147829E-02   -0.2156686E-02   -0.2366217E-02   -0.5099229E-02   -0.2088958E-02   -0.8411762E-02   -0.4544138E-02   -0.9239177E-02   -0.1388234E-01   -0.5056697E-01    0.1006735E-03   -0.3113347E-02
    0.1424533E-04    0.2944133E-02   -0.3137006E-03    0.6817251E-04    0.7042080E-01    0.1678631E+00    0.4508186E-02    0.3612520E-04    0.2991717E+02    0.2187292E+02    0.3215515E+01   -0.1980424E+02   -0.2933327E+02   -0.5354507E+02   -0.3239231E+02   -0.1573790E+01   -0.1980091E+01   -0.5605227E+01   -0.1341654E+02   -0.1515423E+02   -0.1079013E-02   -0.8633210E-03   -0.3545930E-03   -0.6845798E-03   -0.4882052E-03   -0.1386463E-03   -0.2403803E-02   -0.4112675E-02    0.7112758E-02   -0.3156637E-02    0.5677470E-02    0.1605075E-01    0.6237874E-04   -0.1441896E-03
    0.1665598E-04    0.5861718E-03   -0.5604766E-04    0.1074262E-03    0.8624484E-02    0.4096088E-01    0.6987011E-03   -0.1863363E-03    0.2179328E+01    0.3215515E+01    0.6018719E+01   -0.3987795E+02   -0.1809281E+02   -0.6984398E+01   -0.2049834E+01   -0.1183353E+00   -0.2647335E+01   -0.1810153E+01    0.1467990E+01    0.1776326E+01   -0.4975618E-03   -0.5048403E-03   -0.6922681E-03   -0.4154089E-03   -0.3779232E-03   -0.3845355E-03   -0.1862358E-02    0.6152800E-03   -0.2594158E-02    0.2427452E-03   -0.5611185E-02   -0.7836000E-02   -0.2310773E-03    0.1850281E-03
   -0.4754432E-03   -0.1810212E-03   -0.1492260E-03   -0.5293769E-02    0.2242305E+00   -0.2023178E+00   -0.1246230E-02   -0.1751107E-01    0.6290507E+01   -0.1980424E+02   -0.3987795E+02    0.7353954E+03    0.1747100E+03    0.7750135E+02    0.1765375E+02   -0.1188921E+02   -0.4379420E+02    0.8135948E+00   -0.4472661E+01   -0.6954028E+00   -0.6874733E-02   -0.7831836E-02   -0.8485464E-02   -0.8934979E-02   -0.1009224E-01   -0.1820263E-01    0.1038431E+00    0.5993515E-01    0.4130098E-01    0.1134430E+00    0.1468298E+00    0.2034355E+00   -0.6224206E-03   -0.3694513E-02
   -0.2292293E-03   -0.1969395E-02    0.1152410E-03   -0.1615156E-03    0.1127465E+00   -0.2202322E+00    0.3468457E-02   -0.3756161E-02   -0.2994198E+02   -0.2933327E+02   -0.1809281E+02    0.1747100E+03    0.1245195E+03    0.1050062E+03    0.5958409E+02   -0.1031238E+02   -0.4386133E+00   -0.8231206E+01   -0.1130010E+01    0.2658374E+01   -0.1141000E-02   -0.1247936E-02   -0.2733125E-02   -0.2329780E-02   -0.3254596E-02   -0.6848605E-02    0.2841827E-01    0.4427605E-01    0.4756093E-01    0.5496827E-01    0.8554874E-01    0.1538374E+00   -0.2508522E-03   -0.8827629E-03
   -0.2287013E-03   -0.7082167E-02    0.7054581E-03   -0.1748960E-04   -0.4288571E-01   -0.4843705E+00   -0.6040156E-02   -0.3776989E-02   -0.7926182E+02   -0.5354507E+02   -0.6984398E+01    0.7750135E+02    0.1050062E+03    0.1695400E+03    0.1217614E+03   -0.7740776E+01   -0.5501024E+01   -0.6042802E+01    0.7211034E+01    0.8698037E+01    0.2526943E-03   -0.1303844E-03   -0.2546540E-02   -0.9985903E-03   -0.1573876E-02   -0.2187209E-02    0.2323748E-01    0.4512895E-01    0.3488201E-01    0.5423341E-01    0.6100248E-01    0.9614334E-01   -0.8885466E-03    0.1785802E-02
   -0.2493103E-03   -0.8244195E-02    0.8356974E-03   -0.2223031E-02   -0.1017364E+00   -0.5305475E+00   -0.1468370E-01   -0.3776307E-02   -0.9126319E+02   -0.3239231E+02   -0.2049834E+01    0.1765375E+02    0.5958409E+02    0.1217614E+03    0.1535957E+03   -0.8334252E+01   -0.1100064E+02   -0.1200164E+02   -0.1583139E+02   -0.1656887E+02    0.1023201E-02    0.3344546E-03   -0.1422651E-02   -0.1363653E-04    0.6411630E-03    0.5286269E-02    0.1649248E-01    0.4168009E-01    0.5305260E-01    0.5588324E-01    0.8711451E-01    0.1817839E+00   -0.8215234E-03    0.5777138E-02
    0.2225256E-04    0.1371834E-02   -0.1412064E-03   -0.2769867E-03    0.2386419E-01    0.8293506E-01    0.1592051E-02    0.3131543E-04   -0.2686118E+01   -0.1573790E+01   -0.1183353E+00   -0.1188921E+02   -0.1031238E+02   -0.7740776E+01   -0.8334252E+01    0.7979288E+01   -0.1295635E+01   -0.1587024E+01   -0.1432952E+01   -0.1528018E+01   -0.1329834E-03   -0.3941200E-03   -0.4385991E-03   -0.1920307E-03   -0.7191296E-03   -0.1053044E-02   -0.3678590E-02   -0.2208813E-03   -0.1368831E-02    0.6475959E-02    0.4693643E-02   -0.1914476E-02    0.8943505E-05    0.7416771E-04
    0.7639105E-03    0.1124126E-01   -0.1118294E-02    0.6739795E-02    0.7249894E-01    0.7820083E+00    0.2913317E-01    0.2527146E-01    0.6462621E+00   -0.1980091E+01   -0.2647335E+01   -0.4379420E+02   -0.4386133E+00   -0.5501024E+01   -0.1100064E+02   -0.1295635E+01    0.1736859E+03    0.8100518E+02    0.7981381E+02    0.7873031E+02    0.5155899E-02    0.4221706E-02    0.7038344E-02    0.6632009E-02    0.8528224E-02    0.1052469E-01   -0.2759904E-01   -0.1081051E+00   -0.1331987E+00   -0.1289807E+00   -0.1814608E+00   -0.3112056E+00   -0.1290083E-01   -0.2787025E-03
    0.6098591E-03    0.1271102E-01   -0.1341139E-02    0.8548550E-02   -0.6331971E-01    0.9151464E+00    0.2561585E-01    0.2926724E-01   -0.6604757E+01   -0.5605227E+01   -0.1810153E+01    0.8135948E+00   -0.8231206E+01   -0.6042802E+01   -0.1200164E+02   -0.1587024E+01    0.8100518E+02    0.1417838E+03    0.1445365E+03    0.1443883E+03    0.7307031E-02    0.7432994E-02    0.1094695E-01    0.7585114E-02    0.9576813E-02    0.1144179E-01   -0.2377376E-03   -0.1010340E+00   -0.1479133E+00   -0.1449399E+00   -0.1969362E+00   -0.3024772E+00    0.3604663E-02   -0.9838914E-04
    0.6275855E-03    0.1398462E-01   -0.1497159E-02    0.8869658E-02    0.4258823E-02    0.9795005E+00    0.2921405E-01    0.2928069E-01   -0.1303686E+02   -0.1341654E+02    0.1467990E+01   -0.4472661E+01   -0.1130010E+01    0.7211034E+01   -0.1583139E+02   -0.1432952E+01    0.7981381E+02    0.1445365E+03    0.1841652E+03    0.2082097E+03    0.5962691E-02    0.6308002E-02    0.8669079E-02    0.6596812E-02    0.7072317E-02    0.4174997E-02    0.6996205E-02   -0.8921339E-01   -0.1498297E+00   -0.1304127E+00   -0.1890012E+00   -0.2559947E+00    0.3201450E-02   -0.5050969E-02
    0.6263624E-03    0.1470702E-01   -0.1577518E-02    0.8949702E-02    0.4754912E-01    0.1011797E+01    0.3098253E-01    0.3006791E-01   -0.1846513E+02   -0.1515423E+02    0.1776326E+01   -0.6954028E+00    0.2658374E+01    0.8698037E+01   -0.1656887E+02   -0.1528018E+01    0.7873031E+02    0.1443883E+03    0.2082097E+03    0.2566091E+03    0.5256222E-02    0.5852270E-02    0.7525707E-02    0.6643437E-02    0.6075922E-02    0.5860592E-03    0.1601067E-01   -0.8144978E-01   -0.1329915E+00   -0.1242563E+00   -0.1668669E+00   -0.1770100E+00    0.3059140E-02   -0.9452695E-02
    0.3982113E-06    0.9188778E-06   -0.1098888E-06    0.1040856E-04   -0.1107825E-03    0.2260718E-03    0.2091527E-04    0.1880896E-04   -0.2756867E-02   -0.1079013E-02   -0.4975618E-03   -0.6874733E-02   -0.1141000E-02    0.2526943E-03    0.1023201E-02   -0.1329834E-03    0.5155899E-02    0.7307031E-02    0.5962691E-02    0.5256222E-02    0.7116223E-04    0.2558189E-04    0.3182274E-04    0.1283768E-04    0.1717270E-04    0.2182355E-04   -0.1154289E-03   -0.9509424E-04   -0.1068225E-03   -0.6745443E-04   -0.7639224E-04   -0.1170208E-03    0.4125932E-06    0.2952252E-06
    0.4219560E-06    0.8299974E-06   -0.9692572E-07    0.9955347E-05   -0.1115469E-03    0.2302831E-03    0.1972249E-04    0.1942656E-04   -0.2003244E-02   -0.8633210E-03   -0.5048403E-03   -0.7831836E-02   -0.1247936E-02   -0.1303844E-03    0.3344546E-03   -0.3941200E-03    0.4221706E-02    0.7432994E-02    0.6308002E-02    0.5852270E-02    0.2558189E-04    0.4222915E-04    0.3855677E-04    0.3085639E-04    0.3197906E-04    0.3113238E-04   -0.7665820E-04   -0.1145463E-03   -0.1074438E-03   -0.1456507E-03   -0.1567132E-03   -0.1911215E-03    0.5726487E-06    0.1653731E-06
    0.5137756E-06    0.1164995E-05   -0.1468888E-06    0.1130242E-04   -0.1183473E-03    0.2716335E-03    0.2226543E-04    0.2222124E-04   -0.1147829E-02   -0.3545930E-03   -0.6922681E-03   -0.8485464E-02   -0.2733125E-02   -0.2546540E-02   -0.1422651E-02   -0.4385991E-03    0.7038344E-02    0.1094695E-01    0.8669079E-02    0.7525707E-02    0.3182274E-04    0.3855677E-04    0.1196953E-03    0.2667607E-04    0.6172983E-04    0.1099724E-03   -0.8561415E-04   -0.1270027E-03   -0.1551825E-03   -0.1395915E-03   -0.2674134E-03   -0.5327779E-03    0.7457750E-06    0.2688787E-06
    0.4358959E-06    0.6337779E-06   -0.6999320E-07    0.1104808E-04   -0.1028493E-03    0.2244580E-03    0.2138002E-04    0.1921700E-04   -0.2156686E-02   -0.6845798E-03   -0.4154089E-03   -0.8934979E-02   -0.2329780E-02   -0.9985903E-03   -0.1363653E-04   -0.1920307E-03    0.6632009E-02    0.7585114E-02    0.6596812E-02    0.6643437E-02    0.1283768E-04    0.3085639E-04    0.2667607E-04    0.8611572E-04    0.5594080E-04    0.4120988E-04   -0.2475382E-04   -0.8949102E-04   -0.6874697E-04   -0.2126952E-03   -0.2095270E-03   -0.2318537E-03    0.2358858E-06    0.9503727E-07
    0.4807021E-06    0.4800795E-06   -0.7066747E-07    0.1040985E-04   -0.1232401E-03    0.2251253E-03    0.1910180E-04    0.2076187E-04   -0.2366217E-02   -0.4882052E-03   -0.3779232E-03   -0.1009224E-01   -0.3254596E-02   -0.1573876E-02    0.6411630E-03   -0.7191296E-03    0.8528224E-02    0.9576813E-02    0.7072317E-02    0.6075922E-02    0.1717270E-04    0.3197906E-04    0.6172983E-04    0.5594080E-04    0.1267152E-03    0.1611247E-03   -0.6398651E-04   -0.1145814E-03   -0.1446677E-03   -0.2034518E-03   -0.2817093E-03   -0.5175687E-03    0.2308474E-06    0.3558119E-06
    0.5635115E-06   -0.6748189E-06    0.3040210E-07    0.1093571E-04   -0.2228244E-03    0.1882566E-03    0.1693686E-04    0.2284700E-04   -0.5099229E-02   -0.1386463E-03   -0.3845355E-03   -0.1820263E-01   -0.6848605E-02   -0.2187209E-02    0.5286269E-02   -0.1053044E-02    0.1052469E-01    0.1144179E-01    0.4174997E-02    0.5860592E-03    0.2182355E-04    0.3113238E-04    0.1099724E-03    0.4120988E-04    0.1611247E-03    0.6512098E-03   -0.1330044E-03   -0.1817893E-03   -0.2602431E-03   -0.2487728E-03   -0.4356556E-03   -0.7178939E-03    0.3409133E-06    0.1203015E-05
   -0.2002779E-05    0.1598269E-05   -0.7287206E-06   -0.9819961E-04   -0.2138504E-03   -0.6730208E-03   -0.1890312E-03   -0.6034204E-04   -0.2088958E-02   -0.2403803E-02   -0.1862358E-02    0.1038431E+00    0.2841827E-01    0.2323748E-01    0.1649248E-01   -0.3678590E-02   -0.2759904E-01   -0.2377376E-03    0.6996205E-02    0.1601067E-01   -0.1154289E-03   -0.7665820E-04   -0.8561415E-04   -0.2475382E-04   -0.6398651E-04   -0.1330044E-03    0.1328634E-01    0.8643378E-02    0.9872210E-02    0.1891502E-02    0.2256502E-02    0.3295262E-02    0.2078832E-05   -0.1784049E-05
   -0.3370380E-05   -0.2231994E-05   -0.6621872E-06   -0.8844618E-04    0.3576281E-03   -0.1309083E-02   -0.1677263E-03   -0.9299065E-04   -0.8411762E-02   -0.4112675E-02    0.6152800E-03    0.5993515E-01    0.4427605E-01    0.4512895E-01    0.4168009E-01   -0.2208813E-03   -0.1081051E+00   -0.1010340E+00   -0.8921339E-01   -0.8144978E-01   -0.9509424E-04   -0.1145463E-03   -0.1270027E-03   -0.8949102E-04   -0.1145814E-03   -0.1817893E-03    0.8643378E-02    0.1252490E-01    0.1392119E-01    0.8658122E-02    0.8483547E-02    0.7936891E-02    0.3802921E-05   -0.8185238E-06
   -0.4937766E-05   -0.8873722E-05   -0.1056524E-05   -0.8864169E-04    0.1113614E-02   -0.2132348E-02   -0.1876020E-03   -0.1299733E-03   -0.4544138E-02    0.7112758E-02   -0.2594158E-02    0.4130098E-01    0.4756093E-01    0.3488201E-01    0.5305260E-01   -0.1368831E-02   -0.1331987E+00   -0.1479133E+00   -0.1498297E+00   -0.1329915E+00   -0.1068225E-03   -0.1074438E-03   -0.1551825E-03   -0.6874697E-04   -0.1446677E-03   -0.2602431E-03    0.9872210E-02    0.1392119E-01    0.2640470E-01    0.4640930E-02    0.1198798E-01    0.2354578E-01    0.3926092E-05   -0.1655185E-05
   -0.6190764E-05    0.5754365E-05   -0.1752162E-05   -0.1473499E-03    0.1328093E-02   -0.2067968E-02   -0.2663879E-03   -0.1741409E-03   -0.9239177E-02   -0.3156637E-02    0.2427452E-03    0.1134430E+00    0.5496827E-01    0.5423341E-01    0.5588324E-01    0.6475959E-02   -0.1289807E+00   -0.1449399E+00   -0.1304127E+00   -0.1242563E+00   -0.6745443E-04   -0.1456507E-03   -0.1395915E-03   -0.2126952E-03   -0.2034518E-03   -0.2487728E-03    0.1891502E-02    0.8658122E-02    0.4640930E-02    0.2235616E-01    0.2013384E-01    0.1383406E-01   -0.1171312E-05    0.3201998E-07
   -0.9481343E-05    0.1049038E-05   -0.2060878E-05   -0.1619357E-03    0.2580706E-02   -0.3403075E-02   -0.3150415E-03   -0.2522761E-03   -0.1388234E-01    0.5677470E-02   -0.5611185E-02    0.1468298E+00    0.8554874E-01    0.6100248E-01    0.8711451E-01    0.4693643E-02   -0.1814608E+00   -0.1969362E+00   -0.1890012E+00   -0.1668669E+00   -0.7639224E-04   -0.1567132E-03   -0.2674134E-03   -0.2095270E-03   -0.2817093E-03   -0.4356556E-03    0.2256502E-02    0.8483547E-02    0.1198798E-01    0.2013384E-01    0.3034426E-01    0.4230131E-01    0.1484465E-05   -0.1047752E-05
   -0.1633885E-04   -0.7128423E-05   -0.3004422E-05   -0.2213395E-03    0.4847369E-02   -0.6116081E-02   -0.4614709E-03   -0.4232305E-03   -0.5056697E-01    0.1605075E-01   -0.7836000E-02    0.2034355E+00    0.1538374E+00    0.9614334E-01    0.1817839E+00   -0.1914476E-02   -0.3112056E+00   -0.3024772E+00   -0.2559947E+00   -0.1770100E+00   -0.1170208E-03   -0.1911215E-03   -0.5327779E-03   -0.2318537E-03   -0.5175687E-03   -0.7178939E-03    0.3295262E-02    0.7936891E-02    0.2354578E-01    0.1383406E-01    0.4230131E-01    0.1058052E+00    0.5822022E-05   -0.4424565E-05
   -0.2905681E-07   -0.1939204E-06    0.1269090E-07    0.2999612E-06   -0.2111039E-04   -0.6163306E-05   -0.8729160E-06    0.2904608E-06    0.1006735E-03    0.6237874E-04   -0.2310773E-03   -0.6224206E-03   -0.2508522E-03   -0.8885466E-03   -0.8215234E-03    0.8943505E-05   -0.1290083E-01    0.3604663E-02    0.3201450E-02    0.3059140E-02    0.4125932E-06    0.5726487E-06    0.7457750E-06    0.2358858E-06    0.2308474E-06    0.3409133E-06    0.2078832E-05    0.3802921E-05    0.3926092E-05   -0.1171312E-05    0.1484465E-05    0.5822022E-05    0.2330259E-05    0.2641643E-07
   -0.3951842E-08   -0.4186807E-06    0.4607722E-07   -0.1801287E-06   -0.1861597E-04   -0.2113466E-04   -0.1270255E-05   -0.8510278E-07   -0.3113347E-02   -0.1441896E-03    0.1850281E-03   -0.3694513E-02   -0.8827629E-03    0.1785802E-02    0.5777138E-02    0.7416771E-04   -0.2787025E-03   -0.9838914E-04   -0.5050969E-02   -0.9452695E-02    0.2952252E-06    0.1653731E-06    0.2688787E-06    0.9503727E-07    0.3558119E-06    0.1203015E-05   -0.1784049E-05   -0.8185238E-06   -0.1655185E-05    0.3201998E-07   -0.1047752E-05   -0.4424565E-05    0.2641643E-07    0.1304789E-05
