# omegabh2 omegach2 theta tau mnu logA ns calPlanck acib217 xi asz143 aps100 aps143 aps143217 aps217 aksz kgal100 kgal143 kgal143217 kgal217 cal0 cal2
    0.7208515E-07   -0.4447526E-06    0.8374597E-07    0.1173029E-05   -0.2615706E-04    0.1551174E-05    0.1278862E-05    0.8321625E-08   -0.3181163E-03    0.5016954E-05    0.6729570E-04   -0.1248562E-02   -0.7617103E-03   -0.2552047E-03    0.6310696E-05   -0.1021870E-03    0.2629913E-05   -0.5124332E-07   -0.5064147E-04    0.3107265E-04    0.7163614E-08   -0.3102180E-07
   -0.4447526E-06    0.5683244E-05   -0.7156788E-06   -0.1761669E-04    0.2377638E-03   -0.2369187E-04   -0.1426656E-04   -0.3046651E-06    0.1703575E-02   -0.3438422E-04   -0.3438411E-03    0.7997603E-02    0.4532597E-02    0.1668012E-02    0.2836730E-03    0.5557463E-03    0.3552973E-05    0.3088248E-04    0.3378198E-03   -0.5691754E-04   -0.4664503E-07    0.1809684E-06
    0.8374597E-07   -0.7156788E-06    0.2745389E-06    0.1737626E-05   -0.5195925E-04    0.2235586E-05    0.2126003E-05    0.9536669E-08   -0.2718129E-03    0.4619222E-05    0.4615104E-04   -0.1224788E-02   -0.7851881E-03   -0.3643932E-03   -0.1307438E-03   -0.6160130E-04    0.2232938E-04    0.4711287E-05   -0.6577121E-04   -0.3464980E-05    0.5403896E-08   -0.2557168E-07
    0.1173029E-05   -0.1761669E-04    0.1737626E-05    0.3394741E-03    0.1445118E-02    0.6248537E-03    0.4909530E-04   -0.1705002E-05   -0.9913524E-02    0.1533682E-03    0.2427635E-02   -0.4207472E-01   -0.1657195E-01   -0.4322852E-03    0.5826708E-02   -0.3670292E-02    0.1414113E-03   -0.2399061E-03   -0.6599279E-03    0.2738622E-02    0.1099728E-06   -0.8944182E-06
   -0.2615706E-04    0.2377638E-03   -0.5195925E-04    0.1445118E-02    0.4027902E-01    0.3293464E-02   -0.6653038E-03    0.2218767E-04    0.5974008E-01   -0.1250451E-02   -0.1280010E-01    0.4049156E+00    0.2684214E+00    0.1592645E+00    0.1121277E+00    0.1880657E-01   -0.3881029E-02   -0.4739603E-02    0.1717546E-01    0.2439868E-01    0.3037541E-06    0.8044128E-05
    0.1551174E-05   -0.2369187E-04    0.2235586E-05    0.6248537E-03    0.3293464E-02    0.1192827E-02    0.6790989E-04    0.7883608E-05   -0.1673071E-01    0.2663238E-03    0.4168913E-02   -0.6390836E-01   -0.2278815E-01    0.5078529E-02    0.1826323E-01   -0.7004824E-02    0.1480328E-03   -0.9357895E-03   -0.1177752E-02    0.6808107E-02    0.3648591E-06   -0.1494623E-05
    0.1278862E-05   -0.1426656E-04    0.2126003E-05    0.4909530E-04   -0.6653038E-03    0.6790989E-04    0.4672905E-04    0.9196178E-06   -0.8859523E-02    0.1779022E-03    0.1999287E-02   -0.4170471E-01   -0.1647392E-01   -0.1335455E-02    0.5153739E-02   -0.3979386E-02    0.2253336E-03   -0.1255241E-03   -0.7712272E-03    0.1511355E-02   -0.6914657E-07   -0.8094267E-06
    0.8321625E-08   -0.3046651E-06    0.9536669E-08   -0.1705002E-05    0.2218767E-04    0.7883608E-05    0.9196178E-06    0.6098027E-05    0.6845836E-03   -0.3304594E-05    0.7809376E-06    0.3173068E-02    0.4616311E-03    0.4137347E-03    0.1404386E-02    0.2247412E-05    0.1249264E-04    0.1124317E-04    0.3498232E-04    0.7811160E-03   -0.3459005E-08    0.1138774E-07
   -0.3181163E-03    0.1703575E-02   -0.2718129E-03   -0.9913524E-02    0.5974008E-01   -0.1673071E-01   -0.8859523E-02    0.6845836E-03    0.4935116E+02   -0.4735127E+00   -0.1410475E+01    0.4253111E+02    0.2307860E+01   -0.1878443E+02   -0.6507520E+02    0.2156663E+00   -0.1910365E+00    0.2055656E+00   -0.3363084E+01   -0.2586637E+02   -0.1319961E-03    0.4455637E-02
    0.5016954E-05   -0.3438422E-04    0.4619222E-05    0.1533682E-03   -0.1250451E-02    0.2663238E-03    0.1779022E-03   -0.3304594E-05   -0.4735127E+00    0.7995426E-01   -0.8512461E-01   -0.3201872E+00    0.8758519E+00    0.1618877E+01    0.6790244E+00    0.8773450E-01   -0.1439499E-02    0.8711977E-02    0.7248931E-01    0.9110088E-01    0.4752175E-05   -0.1851394E-04
    0.6729570E-04   -0.3438411E-03    0.4615104E-04    0.2427635E-02   -0.1280010E-01    0.4168913E-02    0.1999287E-02    0.7809376E-06   -0.1410475E+01   -0.8512461E-01    0.3855143E+01   -0.2884261E+02   -0.3769169E+01    0.7662783E+01    0.6477827E+01   -0.2994797E+01   -0.1724881E+00    0.1080742E+00    0.2572622E+01    0.2278860E+01    0.2206117E-03   -0.3300362E-03
   -0.1248562E-02    0.7997603E-02   -0.1224788E-02   -0.4207472E-01    0.4049156E+00   -0.6390836E-01   -0.4170471E-01    0.3173068E-02    0.4253111E+02   -0.3201872E+00   -0.2884261E+02    0.7249820E+03    0.7317115E+02   -0.4938039E+02   -0.6453842E+02    0.1436703E+02   -0.6221543E+00   -0.2604624E+00   -0.1317963E+02   -0.2025927E+02    0.4571630E-02    0.4172368E-02
   -0.7617103E-03    0.4532597E-02   -0.7851881E-03   -0.1657195E-01    0.2684214E+00   -0.2278815E-01   -0.1647392E-01    0.4616311E-03    0.2307860E+01    0.8758519E+00   -0.3769169E+01    0.7317115E+02    0.6133824E+02    0.4284946E+02    0.1904151E+02   -0.4699334E+01   -0.1056435E+00   -0.8415270E+00    0.4095549E+01    0.3683617E+01    0.1430068E-03    0.3379855E-03
   -0.2552047E-03    0.1668012E-02   -0.3643932E-03   -0.4322852E-03    0.1592645E+00    0.5078529E-02   -0.1335455E-02    0.4137347E-03   -0.1878443E+02    0.1618877E+01    0.7662783E+01   -0.4938039E+02    0.4284946E+02    0.9080279E+02    0.6519669E+02   -0.1273092E+02   -0.4430012E+00   -0.1728079E+00    0.4977522E+01    0.6259767E+01    0.7829233E-03   -0.2338441E-02
    0.6310696E-05    0.2836730E-03   -0.1307438E-03    0.5826708E-02    0.1121277E+00    0.1826323E-01    0.5153739E-02    0.1404386E-02   -0.6507520E+02    0.6790244E+00    0.6477827E+01   -0.6453842E+02    0.1904151E+02    0.6519669E+02    0.1253677E+03   -0.1087865E+02   -0.5575975E-01   -0.3830116E+00    0.1725611E+01    0.2334420E+02    0.6430195E-03   -0.7602308E-02
   -0.1021870E-03    0.5557463E-03   -0.6160130E-04   -0.3670292E-02    0.1880657E-01   -0.7004824E-02   -0.3979386E-02    0.2247412E-05    0.2156663E+00    0.8773450E-01   -0.2994797E+01    0.1436703E+02   -0.4699334E+01   -0.1273092E+02   -0.1087865E+02    0.6794913E+01    0.5246673E-01   -0.1368999E+00   -0.2309389E+01   -0.1896042E+01   -0.1739106E-03    0.1518663E-03
    0.2629913E-05    0.3552973E-05    0.2232938E-04    0.1414113E-03   -0.3881029E-02    0.1480328E-03    0.2253336E-03    0.1249264E-04   -0.1910365E+00   -0.1439499E-02   -0.1724881E+00   -0.6221543E+00   -0.1056435E+00   -0.4430012E+00   -0.5575975E-01    0.5246673E-01    0.3187505E+01    0.7269892E+00    0.2543997E+00    0.3276382E+00    0.4124308E-03   -0.7796041E-04
   -0.5124332E-07    0.3088248E-04    0.4711287E-05   -0.2399061E-03   -0.4739603E-02   -0.9357895E-03   -0.1255241E-03    0.1124317E-04    0.2055656E+00    0.8711977E-02    0.1080742E+00   -0.2604624E+00   -0.8415270E+00   -0.1728079E+00   -0.3830116E+00   -0.1368999E+00    0.7269892E+00    0.3159385E+01    0.2502235E+01    0.1542921E+01   -0.4110784E-03   -0.1989445E-03
   -0.5064147E-04    0.3378198E-03   -0.6577121E-04   -0.6599279E-03    0.1717546E-01   -0.1177752E-02   -0.7712272E-03    0.3498232E-04   -0.3363084E+01    0.7248931E-01    0.2572622E+01   -0.1317963E+02    0.4095549E+01    0.4977522E+01    0.1725611E+01   -0.2309389E+01    0.2543997E+00    0.2502235E+01    0.1798982E+02    0.2763555E+02   -0.8908861E-04    0.2446360E-02
    0.3107265E-04   -0.5691754E-04   -0.3464980E-05    0.2738622E-02    0.2439868E-01    0.6808107E-02    0.1511355E-02    0.7811160E-03   -0.2586637E+02    0.9110088E-01    0.2278860E+01   -0.2025927E+02    0.3683617E+01    0.6259767E+01    0.2334420E+02   -0.1896042E+01    0.3276382E+00    0.1542921E+01    0.2763555E+02    0.6287412E+02   -0.1147482E-03    0.4346517E-02
    0.7163614E-08   -0.4664503E-07    0.5403896E-08    0.1099728E-06    0.3037541E-06    0.3648591E-06   -0.6914657E-07   -0.3459005E-08   -0.1319961E-03    0.4752175E-05    0.2206117E-03    0.4571630E-02    0.1430068E-03    0.7829233E-03    0.6430195E-03   -0.1739106E-03    0.4124308E-03   -0.4110784E-03   -0.8908861E-04   -0.1147482E-03    0.5424659E-06   -0.4201496E-08
   -0.3102180E-07    0.1809684E-06   -0.2557168E-07   -0.8944182E-06    0.8044128E-05   -0.1494623E-05   -0.8094267E-06    0.1138774E-07    0.4455637E-02   -0.1851394E-04   -0.3300362E-03    0.4172368E-02    0.3379855E-03   -0.2338441E-02   -0.7602308E-02    0.1518663E-03   -0.7796041E-04   -0.1989445E-03    0.2446360E-02    0.4346517E-02   -0.4201496E-08    0.2066458E-05
