# omegabh2 omegach2 theta tau ns nrun logA r aps100 aps143 aps217 acib143 acib217 asz143 psr cibr cal0 cal2 xi aksz bm_1_1
3.637300E-07 -1.995500E-06 3.551500E-07 3.464000E-05 7.049200E-06 -8.877000E-06 6.620300E-05 1.057200E-05 -1.818900E-03 -7.326300E-04 -4.431700E-04 -3.584300E-04 -4.957800E-04 -1.090371E-04 -5.179200E-07 -9.778000E-06 -2.350300E-09 4.658300E-09 2.687000E-06 -1.283899E-04 -2.917700E-05
-1.995500E-06 1.633300E-05 -2.317100E-06 -2.118400E-04 -5.165500E-05 4.510700E-05 -3.917800E-04 -6.047500E-05 1.111600E-02 4.431400E-03 2.781000E-03 1.889800E-03 3.076200E-03 9.545479E-04 3.189500E-06 7.443700E-05 1.882900E-08 -3.756000E-08 -2.300200E-05 7.346263E-04 3.154600E-04
3.551500E-07 -2.317100E-06 6.734400E-07 3.470600E-05 8.154600E-06 -7.966100E-06 6.553200E-05 9.757100E-06 -1.597800E-03 -8.383000E-04 -4.582600E-04 -2.383800E-04 -4.356700E-04 -1.148066E-04 -3.726600E-07 -9.633700E-06 -3.984200E-09 6.102600E-09 3.724800E-06 -1.102721E-04 -3.374000E-05
3.464000E-05 -2.118400E-04 3.470600E-05 4.446000E-03 7.825900E-04 -9.774500E-04 8.540900E-03 5.305700E-04 -1.546000E-01 -2.215100E-02 1.246500E-02 -4.431500E-02 -7.372300E-02 -2.345196E-02 -3.014500E-05 -1.788200E-03 -3.301200E-07 -3.579100E-07 4.816900E-04 -1.909650E-02 -3.783800E-03
7.049200E-06 -5.165500E-05 8.154600E-06 7.825900E-04 1.941300E-04 -1.576500E-04 1.464500E-03 1.953500E-04 -5.514300E-02 -4.929400E-03 1.021200E-02 -1.407000E-02 -2.350500E-02 -7.243878E-03 -6.398000E-06 -5.825500E-04 -1.473600E-07 1.289800E-07 1.300500E-04 -6.819061E-03 -1.416800E-03
-8.877000E-06 4.510700E-05 -7.966100E-06 -9.774500E-04 -1.576500E-04 3.275300E-04 -1.905000E-03 -5.431200E-04 1.517300E-02 4.634500E-03 1.086600E-02 1.991900E-03 6.818600E-04 7.746979E-04 9.286100E-06 5.945400E-06 5.947200E-08 -3.377300E-07 -3.312800E-05 -9.059513E-04 -4.533600E-04
6.620300E-05 -3.917800E-04 6.553200E-05 8.540900E-03 1.464500E-03 -1.905000E-03 1.645600E-02 1.010300E-03 -2.728100E-01 -2.554500E-02 3.974900E-02 -8.679200E-02 -1.444500E-01 -4.717394E-02 -5.178600E-05 -3.537400E-03 -5.637300E-07 -4.946700E-07 9.321100E-04 -3.753970E-02 -6.346200E-03
1.057200E-05 -6.047500E-05 9.757100E-06 5.305700E-04 1.953500E-04 -5.431200E-04 1.010300E-03 6.288900E-03 -6.835800E-02 -1.079500E-02 -3.018100E-02 1.105500E-02 2.572200E-02 8.675484E-03 -8.481000E-06 6.663700E-04 -6.098500E-08 1.307700E-06 -2.978300E-06 1.289473E-02 2.174700E-03
-1.818900E-03 1.111600E-02 -1.597800E-03 -1.546000E-01 -5.514300E-02 1.517300E-02 -2.728100E-01 -6.835800E-02 2.741200E+03 2.224500E+02 1.136300E+02 8.830300E+01 -2.241300E+01 -1.297270E+02 6.030500E-02 -4.642600E+00 1.006100E-03 6.192100E-03 1.889000E+00 -9.515749E+00 1.214500E+01
-7.326300E-04 4.431400E-03 -8.383000E-04 -2.215100E-02 -4.929400E-03 4.634500E-03 -2.554500E-02 -1.079500E-02 2.224500E+02 1.742800E+02 1.346400E+02 -3.414900E+01 -4.917000E+01 -2.668974E+01 3.080000E-02 -1.554500E+00 5.527100E-05 2.197400E-04 3.763500E-01 -1.104408E+01 3.324800E-01
-4.431700E-04 2.781000E-03 -4.582600E-04 1.246500E-02 1.021200E-02 1.086600E-02 3.974900E-02 -3.018100E-02 1.136300E+02 1.346400E+02 2.289700E+02 -3.567800E+01 -9.281900E+01 -2.212587E+01 4.070800E-02 -2.213700E+00 5.187300E-05 -4.616400E-03 3.670700E-01 -1.215505E+01 1.069500E-01
-3.584300E-04 1.889800E-03 -2.383800E-04 -4.431500E-02 -1.407000E-02 1.991900E-03 -8.679200E-02 1.105500E-02 8.830300E+01 -3.414900E+01 -3.567800E+01 2.991500E+01 2.112800E+01 -2.358241E+00 -4.875100E-03 1.977200E-01 -3.724800E-05 -2.625200E-05 1.670700E-01 -2.216179E-01 -5.668200E-01
-4.957800E-04 3.076200E-03 -4.356700E-04 -7.372300E-02 -2.350500E-02 6.818600E-04 -1.444500E-01 2.572200E-02 -2.241300E+01 -4.917000E+01 -9.281900E+01 2.112800E+01 5.046300E+01 1.231181E+01 -1.647900E-02 1.198900E+00 -7.843200E-07 2.460300E-03 -1.920500E-01 -2.963271E-01 2.138600E-01
-1.090371E-04 9.545479E-04 -1.148066E-04 -2.345196E-02 -7.243878E-03 7.746979E-04 -4.717394E-02 8.675484E-03 -1.297270E+02 -2.668974E+01 -2.212587E+01 -2.358241E+00 1.231181E+01 1.606410E+01 -7.882226E-03 7.242919E-01 2.347450E-05 -7.457780E-04 -2.227790E-01 -3.347371E-01 5.276080E-01
-5.179200E-07 3.189500E-06 -3.726600E-07 -3.014500E-05 -6.398000E-06 9.286100E-06 -5.178600E-05 -8.481000E-06 6.030500E-02 3.080000E-02 4.070800E-02 -4.875100E-03 -1.647900E-02 -7.882226E-03 1.811100E-04 -5.995000E-04 9.575400E-08 -2.111100E-07 1.691200E-04 -2.059027E-03 -3.472100E-05
-9.778000E-06 7.443700E-05 -9.633700E-06 -1.788200E-03 -5.825500E-04 5.945400E-06 -3.537400E-03 6.663700E-04 -4.642600E+00 -1.554500E+00 -2.213700E+00 1.977200E-01 1.198900E+00 7.242919E-01 -5.995000E-04 5.040600E-02 6.910500E-07 2.036400E-05 -8.259400E-03 -1.005838E-02 2.420600E-02
-2.350300E-09 1.882900E-08 -3.984200E-09 -3.301200E-07 -1.473600E-07 5.947200E-08 -5.637300E-07 -6.098500E-08 1.006100E-03 5.527100E-05 5.187300E-05 -3.724800E-05 -7.843200E-07 2.347450E-05 9.575400E-08 6.910500E-07 1.557900E-07 4.993600E-09 -8.647300E-07 -1.595859E-05 -3.095300E-05
4.658300E-09 -3.756000E-08 6.102600E-09 -3.579100E-07 1.289800E-07 -3.377300E-07 -4.946700E-07 1.307700E-06 6.192100E-03 2.197400E-04 -4.616400E-03 -2.625200E-05 2.460300E-03 -7.457780E-04 -2.111100E-07 2.036400E-05 4.993600E-09 9.917900E-07 1.473600E-06 7.913781E-05 2.349200E-05
2.687000E-06 -2.300200E-05 3.724800E-06 4.816900E-04 1.300500E-04 -3.312800E-05 9.321100E-04 -2.978300E-06 1.889000E+00 3.763500E-01 3.670700E-01 1.670700E-01 -1.920500E-01 -2.227790E-01 1.691200E-04 -8.259400E-03 -8.647300E-07 1.473600E-06 1.923700E-02 1.282048E-02 -9.580700E-03
-1.283899E-04 7.346263E-04 -1.102721E-04 -1.909650E-02 -6.819061E-03 -9.059513E-04 -3.753970E-02 1.289473E-02 -9.515749E+00 -1.104408E+01 -1.215505E+01 -2.216179E-01 -2.963271E-01 -3.347371E-01 -2.059027E-03 -1.005838E-02 -1.595859E-05 7.913781E-05 1.282048E-02 8.453366E+00 1.607501E-02
-2.917700E-05 3.154600E-04 -3.374000E-05 -3.783800E-03 -1.416800E-03 -4.533600E-04 -6.346200E-03 2.174700E-03 1.214500E+01 3.324800E-01 1.069500E-01 -5.668200E-01 2.138600E-01 5.276080E-01 -3.472100E-05 2.420600E-02 -3.095300E-05 2.349200E-05 -9.580700E-03 1.607501E-02 6.304200E-01
