# omegabh2 omegach2 theta tau nnu yhe logA ns calPlanck acib217 xi asz143 aps100 aps143 aps143217 aps217 aksz kgal100 kgal143 kgal143217 kgal217 cal0 cal2
    0.1347719E-06    0.3161886E-06    0.5198682E-07    0.4484187E-05    0.6636329E-04    0.2628154E-05    0.1045207E-04    0.4698329E-05    0.2926411E-07    0.1819034E-03   -0.4799119E-05   -0.2613211E-04    0.8428076E-03    0.2448167E-03   -0.1622709E-05   -0.1297051E-03    0.7147621E-04    0.3913617E-04    0.1404744E-04    0.3543336E-04    0.5289206E-05    0.8777611E-08    0.1890518E-07
    0.3161886E-06    0.5506351E-04   -0.1260635E-04    0.5667040E-05    0.3727888E-02   -0.1873265E-03    0.8890675E-04    0.3590455E-04    0.5606635E-06   -0.1900944E-02    0.2522158E-04    0.8602652E-04   -0.3310601E-02   -0.5674550E-02   -0.4250815E-02   -0.2554473E-02   -0.2598070E-03    0.2135316E-03   -0.2407141E-03   -0.1647714E-03    0.1182046E-02    0.1497226E-06   -0.9647257E-07
    0.5198682E-07   -0.1260635E-04    0.3486403E-05    0.7514141E-06   -0.8603554E-03    0.5578386E-04   -0.1308599E-04   -0.3397013E-05   -0.1845158E-06    0.1610870E-02   -0.2709693E-04   -0.2787933E-03    0.5539211E-02    0.3728216E-02    0.1604731E-02    0.2912503E-03    0.4695118E-03    0.2534111E-04    0.6827730E-04    0.1284221E-03   -0.4160788E-03   -0.4420001E-07    0.1559552E-06
    0.4484187E-05    0.5667040E-05    0.7514141E-06    0.4403156E-03    0.2566406E-02    0.6049814E-04    0.9041369E-03    0.1877225E-03   -0.7814172E-06   -0.4114186E-02   -0.4912445E-04    0.7567720E-03   -0.9736050E-02   -0.3579693E-02    0.2698291E-03    0.5561090E-02   -0.1335289E-02    0.1278900E-02    0.8153818E-03    0.2187997E-02    0.4098553E-02    0.2795429E-06   -0.3306412E-06
    0.6636329E-04    0.3727888E-02   -0.8603554E-03    0.2566406E-02    0.2836119E+00   -0.1255177E-01    0.1042532E-01    0.4467418E-02    0.5854899E-04   -0.7770971E-01    0.2896053E-03    0.7053409E-02   -0.4107878E-01   -0.3701997E+00   -0.3286222E+00   -0.2517007E+00   -0.1351517E-03    0.2635958E-01   -0.1116631E-01    0.4242157E-02    0.7329051E-01    0.1563026E-04   -0.6411325E-05
    0.2628154E-05   -0.1873265E-03    0.5578386E-04    0.6049814E-04   -0.1255177E-01    0.1037448E-02   -0.4462223E-04    0.4310506E-04   -0.2805203E-05    0.4212998E-01   -0.7297725E-03   -0.8143084E-02    0.1557035E+00    0.9663608E-01    0.3696865E-01    0.3043991E-02    0.1338100E-01    0.1183739E-02    0.1187034E-02    0.3463014E-02   -0.8677722E-02   -0.9340134E-06    0.4307228E-05
    0.1045207E-04    0.8890675E-04   -0.1308599E-04    0.9041369E-03    0.1042532E-01   -0.4462223E-04    0.2020158E-02    0.4664385E-03    0.1191881E-04   -0.2408809E-02   -0.1877515E-03   -0.1176423E-03    0.1680345E-01    0.6118354E-02    0.4061748E-02    0.1332838E-01   -0.1316488E-02    0.2848599E-02    0.6558854E-03    0.4436383E-02    0.1058490E-01    0.9105814E-06    0.1316644E-06
    0.4698329E-05    0.3590455E-04   -0.3397013E-05    0.1877225E-03    0.4467418E-02    0.4310506E-04    0.4664385E-03    0.2303040E-03    0.1549966E-05    0.1038865E-01   -0.1949284E-03   -0.1684980E-02    0.3831724E-01    0.2127798E-01    0.7220696E-02   -0.1605866E-02    0.3063995E-02    0.2029975E-02    0.2677446E-03    0.1890577E-02   -0.5045169E-04    0.1005364E-06    0.1097109E-05
    0.2926411E-07    0.5606635E-06   -0.1845158E-06   -0.7814172E-06    0.5854899E-04   -0.2805203E-05    0.1191881E-04    0.1549966E-05    0.6469858E-05    0.6516876E-03    0.4374039E-05    0.5639193E-04    0.3066121E-02    0.5998734E-03    0.8172312E-03    0.1663675E-02   -0.2288103E-03   -0.8389629E-04   -0.6797399E-04   -0.2023682E-04    0.7855192E-03    0.8306581E-09   -0.1819012E-08
    0.1819034E-03   -0.1900944E-02    0.1610870E-02   -0.4114186E-02   -0.7770971E-01    0.4212998E-01   -0.2408809E-02    0.1038865E-01    0.6516876E-03    0.5307204E+02   -0.5099945E+00   -0.2528892E+01    0.5990861E+02    0.9624421E+01   -0.1844620E+02   -0.6827374E+02    0.1929440E+01    0.1860979E+00    0.4453222E+00   -0.2712384E+01   -0.2587687E+02   -0.1262398E-03    0.4859049E-02
   -0.4799119E-05    0.2522158E-04   -0.2709693E-04   -0.4912445E-04    0.2896053E-03   -0.7297725E-03   -0.1877515E-03   -0.1949284E-03    0.4374039E-05   -0.5099945E+00    0.8175132E-01   -0.4884031E-01   -0.7378911E+00    0.7661386E+00    0.1669494E+01    0.7076656E+00    0.3768573E-01   -0.1007896E-01   -0.3004811E-02    0.7715790E-01    0.9038322E-01    0.5751345E-05   -0.2314100E-04
   -0.2613211E-04    0.8602652E-04   -0.2787933E-03    0.7567720E-03    0.7053409E-02   -0.8143084E-02   -0.1176423E-03   -0.1684980E-02    0.5639193E-04   -0.2528892E+01   -0.4884031E-01    0.3888091E+01   -0.3369788E+02   -0.5275386E+01    0.7466515E+01    0.7085709E+01   -0.3038152E+01   -0.2116373E+00    0.8521442E-01    0.2404305E+01    0.2361448E+01    0.1799124E-03   -0.4592939E-03
    0.8428076E-03   -0.3310601E-02    0.5539211E-02   -0.9736050E-02   -0.4107878E-01    0.1557035E+00    0.1680345E-01    0.3831724E-01    0.3066121E-02    0.5990861E+02   -0.7378911E+00   -0.3369788E+02    0.8205694E+03    0.1012995E+03   -0.5332834E+02   -0.7903729E+02    0.1969214E+02   -0.5150605E+00    0.3768666E+00   -0.1324923E+02   -0.2439250E+02    0.4766493E-02    0.5897675E-02
    0.2448167E-03   -0.5674550E-02    0.3728216E-02   -0.3579693E-02   -0.3701997E+00    0.9663608E-01    0.6118354E-02    0.2127798E-01    0.5998734E-03    0.9624421E+01    0.7661386E+00   -0.5275386E+01    0.1012995E+03    0.7529617E+02    0.4557986E+02    0.1522394E+02   -0.2179794E+01   -0.1597012E+00   -0.1100637E+01    0.4144308E+01    0.1953546E+01    0.9215146E-04    0.1121231E-02
   -0.1622709E-05   -0.4250815E-02    0.1604731E-02    0.2698291E-03   -0.3286222E+00    0.3696865E-01    0.4061748E-02    0.7220696E-02    0.8172312E-03   -0.1844620E+02    0.1669494E+01    0.7466515E+01   -0.5332834E+02    0.4557986E+02    0.9313149E+02    0.6602455E+02   -0.1197476E+02   -0.7767517E+00   -0.5912744E+00    0.4506250E+01    0.5630009E+01    0.6393084E-03   -0.2277441E-02
   -0.1297051E-03   -0.2554473E-02    0.2912503E-03    0.5561090E-02   -0.2517007E+00    0.3043991E-02    0.1332838E-01   -0.1605866E-02    0.1663675E-02   -0.6827374E+02    0.7076656E+00    0.7085709E+01   -0.7903729E+02    0.1522394E+02    0.6602455E+02    0.1295908E+03   -0.1138184E+02   -0.6788700E+00   -0.8611132E+00    0.5056802E+00    0.2277805E+02    0.4805681E-03   -0.7904151E-02
    0.7147621E-04   -0.2598070E-03    0.4695118E-03   -0.1335289E-02   -0.1351517E-03    0.1338100E-01   -0.1316488E-02    0.3063995E-02   -0.2288103E-03    0.1929440E+01    0.3768573E-01   -0.3038152E+01    0.1969214E+02   -0.2179794E+01   -0.1197476E+02   -0.1138184E+02    0.6797856E+01    0.1639469E+00   -0.8802389E-01   -0.2020220E+01   -0.2092676E+01   -0.1547346E-03    0.3263901E-03
    0.3913617E-04    0.2135316E-03    0.2534111E-04    0.1278900E-02    0.2635958E-01    0.1183739E-02    0.2848599E-02    0.2029975E-02   -0.8389629E-04    0.1860979E+00   -0.1007896E-01   -0.2116373E+00   -0.5150605E+00   -0.1597012E+00   -0.7767517E+00   -0.6788700E+00    0.1639469E+00    0.3220018E+01    0.7142800E+00    0.4415005E+00    0.6656176E+00    0.4188393E-03    0.8845059E-04
    0.1404744E-04   -0.2407141E-03    0.6827730E-04    0.8153818E-03   -0.1116631E-01    0.1187034E-02    0.6558854E-03    0.2677446E-03   -0.6797399E-04    0.4453222E+00   -0.3004811E-02    0.8521442E-01    0.3768666E+00   -0.1100637E+01   -0.5912744E+00   -0.8611132E+00   -0.8802389E-01    0.7142800E+00    0.3033135E+01    0.2338047E+01    0.1296534E+01   -0.3979347E-03   -0.1895045E-03
    0.3543336E-04   -0.1647714E-03    0.1284221E-03    0.2187997E-02    0.4242157E-02    0.3463014E-02    0.4436383E-02    0.1890577E-02   -0.2023682E-04   -0.2712384E+01    0.7715790E-01    0.2404305E+01   -0.1324923E+02    0.4144308E+01    0.4506250E+01    0.5056802E+00   -0.2020220E+01    0.4415005E+00    0.2338047E+01    0.1791805E+02    0.2736007E+02   -0.5880040E-04    0.2514845E-02
    0.5289206E-05    0.1182046E-02   -0.4160788E-03    0.4098553E-02    0.7329051E-01   -0.8677722E-02    0.1058490E-01   -0.5045169E-04    0.7855192E-03   -0.2587687E+02    0.9038322E-01    0.2361448E+01   -0.2439250E+02    0.1953546E+01    0.5630009E+01    0.2277805E+02   -0.2092676E+01    0.6656176E+00    0.1296534E+01    0.2736007E+02    0.6243891E+02   -0.1091795E-04    0.4321886E-02
    0.8777611E-08    0.1497226E-06   -0.4420001E-07    0.2795429E-06    0.1563026E-04   -0.9340134E-06    0.9105814E-06    0.1005364E-06    0.8306581E-09   -0.1262398E-03    0.5751345E-05    0.1799124E-03    0.4766493E-02    0.9215146E-04    0.6393084E-03    0.4805681E-03   -0.1547346E-03    0.4188393E-03   -0.3979347E-03   -0.5880040E-04   -0.1091795E-04    0.5537435E-06    0.1849832E-07
    0.1890518E-07   -0.9647257E-07    0.1559552E-06   -0.3306412E-06   -0.6411325E-05    0.4307228E-05    0.1316644E-06    0.1097109E-05   -0.1819012E-08    0.4859049E-02   -0.2314100E-04   -0.4592939E-03    0.5897675E-02    0.1121231E-02   -0.2277441E-02   -0.7904151E-02    0.3263901E-03    0.8845059E-04   -0.1895045E-03    0.2514845E-02    0.4321886E-02    0.1849832E-07    0.2113745E-05
