# omegabh2 omegach2 theta tau nnu logA ns aps100 aps143 aps217 acib143 acib217 asz143 psr cibr ncib xi aksz cal0 cal2 bm_1_1
    0.1075819E-06    0.6317344E-06   -0.3471808E-07    0.1910386E-05    0.6968362E-04    0.5623832E-05    0.3372182E-05    0.1214891E-02   -0.9894849E-04   -0.2776413E-03    0.1257881E-03    0.1444174E-03    0.3951678E-05   -0.1365247E-05    0.3546791E-05   -0.4441691E-06   -0.2592759E-05    0.6931774E-04   -0.1775494E-08    0.3435472E-07    0.7998255E-05
    0.6317344E-06    0.1819417E-04   -0.1748638E-05    0.8049446E-05    0.1107233E-02    0.6218921E-04    0.3341600E-04    0.2612116E-01    0.7473265E-02   -0.9428176E-02    0.3028107E-02    0.9293532E-02    0.5865691E-03   -0.2000210E-04    0.1570210E-03    0.9792923E-04   -0.1689821E-04    0.1754957E-02   -0.1927206E-06    0.7852131E-06    0.3594258E-03
   -0.3471808E-07   -0.1748638E-05    0.3691676E-06   -0.2856116E-06   -0.1075106E-03   -0.4836491E-05   -0.2925907E-05   -0.2455245E-02   -0.1031395E-02    0.7828210E-03   -0.2375693E-03   -0.9282113E-03   -0.4192393E-04    0.2413180E-05   -0.1587118E-04   -0.1012174E-04    0.1710364E-05   -0.1625900E-03    0.3678352E-07   -0.8482703E-07   -0.3440942E-04
    0.1910386E-05    0.8049446E-05   -0.2856116E-06    0.2151549E-03    0.1374258E-02    0.4536259E-03    0.8914553E-04   -0.8486781E-02    0.7370078E-02    0.1173959E-01   -0.3292279E-02   -0.5100971E-02   -0.1880573E-02    0.4631210E-04   -0.5687215E-04   -0.2835826E-04    0.1060353E-03   -0.1809870E-02   -0.2831503E-06    0.1774059E-05    0.9437500E-04
    0.6968362E-04    0.1107233E-02   -0.1075106E-03    0.1374258E-02    0.8879845E-01    0.5602845E-02    0.3441292E-02    0.1744667E+01    0.4265747E+00   -0.7197671E+00    0.2585574E+00    0.6496337E+00    0.3805855E-01   -0.2105143E-02    0.1133679E-01    0.5922593E-02   -0.2209212E-02    0.1353433E+00   -0.1194961E-04    0.5528994E-04    0.1895613E-01
    0.5623832E-05    0.6218921E-04   -0.4836491E-05    0.4536259E-03    0.5602845E-02    0.1078640E-02    0.2662332E-03    0.4788104E-01    0.3865500E-01    0.7190910E-02   -0.1636452E-02    0.1100245E-01   -0.3193103E-02    0.9229370E-04    0.1824526E-03    0.2350143E-03    0.2101072E-03   -0.6969974E-03   -0.7788524E-06    0.6909064E-05    0.1662202E-02
    0.3372182E-05    0.3341600E-04   -0.2925907E-05    0.8914553E-04    0.3441292E-02    0.2662332E-03    0.1699762E-03    0.3870109E-01    0.1405667E-01   -0.5716627E-02    0.4347941E-02    0.1138983E-01    0.3335213E-03   -0.1345166E-04    0.2323487E-03    0.1057253E-03   -0.1674977E-04    0.2208985E-02   -0.5295265E-06    0.2844305E-05    0.7852919E-03
    0.1214891E-02    0.2612116E-01   -0.2455245E-02   -0.8486781E-02    0.1744667E+01    0.4788104E-01    0.3870109E-01    0.2391287E+04    0.6851913E+02   -0.1361925E+03    0.6287162E+02    0.8633101E+02   -0.5102918E+02   -0.1061169E+01   -0.6374860E+00    0.4611511E+00   -0.2391256E+00   -0.1173489E+02    0.2042337E-02   -0.7912118E-03    0.1138636E+02
   -0.9894849E-04    0.7473265E-02   -0.1031395E-02    0.7370078E-02    0.4265747E+00    0.3865500E-01    0.1405667E-01    0.6851913E+02    0.1279061E+03    0.2928311E+02   -0.2052915E+02    0.2569712E+01   -0.6985843E+01   -0.4900774E-01    0.1707404E+00    0.1632029E+00    0.1207393E+01   -0.1158940E+02   -0.2194882E-03    0.1644806E-02    0.3504837E+00
   -0.2776413E-03   -0.9428176E-02    0.7828210E-03    0.1173959E-01   -0.7197671E+00    0.7190910E-02   -0.5716627E-02   -0.1361925E+03    0.2928311E+02    0.3484009E+03   -0.3882666E+02   -0.1688777E+03   -0.2933619E+01    0.3011689E+00   -0.1835988E+01   -0.1873394E+01    0.4693717E+00   -0.9805676E+01   -0.6831972E-03   -0.3902174E-02   -0.2366518E-02
    0.1257881E-03    0.3028107E-02   -0.2375693E-03   -0.3292279E-02    0.2585574E+00   -0.1636452E-02    0.4347941E-02    0.6287162E+02   -0.2052915E+02   -0.3882666E+02    0.2498970E+02    0.2261401E+02   -0.7580228E+00   -0.5823147E-01    0.8846524E-01    0.2067406E+00    0.1686246E+00   -0.5844665E+00   -0.5510248E-04   -0.6938245E-03   -0.2814017E+00
    0.1444174E-03    0.9293532E-02   -0.9282113E-03   -0.5100971E-02    0.6496337E+00    0.1100245E-01    0.1138983E-01    0.8633101E+02    0.2569712E+01   -0.1688777E+03    0.2261401E+02    0.9606959E+02    0.2205279E+01   -0.7816033E-01    0.9303676E+00    0.1203395E+01   -0.2629564E+00   -0.1344094E+01    0.3765320E-03    0.1801975E-02    0.2190604E+00
    0.3951678E-05    0.5865691E-03   -0.4192393E-04   -0.1880573E-02    0.3805855E-01   -0.3193103E-02    0.3335213E-03   -0.5102918E+02   -0.6985843E+01   -0.2933619E+01   -0.7580228E+00    0.2205279E+01    0.6679474E+01    0.5651725E-01    0.2542683E+00    0.2061616E-01   -0.6845799E-01   -0.1339710E+00    0.1206018E-03   -0.5533566E-03    0.1384350E+00
   -0.1365247E-05   -0.2000210E-04    0.2413180E-05    0.4631210E-04   -0.2105143E-02    0.9229370E-04   -0.1345166E-04   -0.1061169E+01   -0.4900774E-01    0.3011689E+00   -0.5823147E-01   -0.7816033E-01    0.5651725E-01    0.1770766E-01   -0.1083782E-01    0.4880348E-02    0.8484549E-02   -0.2671864E-01    0.6918934E-05   -0.2772997E-04    0.3251401E-02
    0.3546791E-05    0.1570210E-03   -0.1587118E-04   -0.5687215E-04    0.1133679E-01    0.1824526E-03    0.2323487E-03   -0.6374860E+00    0.1707404E+00   -0.1835988E+01    0.8846524E-01    0.9303676E+00    0.2542683E+00   -0.1083782E-01    0.5039281E-01    0.1812192E-02    0.2176444E-02   -0.3138735E-02   -0.7244001E-06    0.7376767E-04    0.4701227E-02
   -0.4441691E-06    0.9792923E-04   -0.1012174E-04   -0.2835826E-04    0.5922593E-02    0.2350143E-03    0.1057253E-03    0.4611511E+00    0.1632029E+00   -0.1873394E+01    0.2067406E+00    0.1203395E+01    0.2061616E-01    0.4880348E-02    0.1812192E-02    0.2597810E-01    0.2139402E-03   -0.1962412E-01    0.9251580E-05   -0.5615590E-04    0.1108302E-01
   -0.2592759E-05   -0.1689821E-04    0.1710364E-05    0.1060353E-03   -0.2209212E-02    0.2101072E-03   -0.1674977E-04   -0.2391256E+00    0.1207393E+01    0.4693717E+00    0.1686246E+00   -0.2629564E+00   -0.6845799E-01    0.8484549E-02    0.2176444E-02    0.2139402E-03    0.8239488E-01    0.4199131E-02   -0.3675576E-05   -0.1378707E-04    0.4793974E-03
    0.6931774E-04    0.1754957E-02   -0.1625900E-03   -0.1809870E-02    0.1353433E+00   -0.6969974E-03    0.2208985E-02   -0.1173489E+02   -0.1158940E+02   -0.9805676E+01   -0.5844665E+00   -0.1344094E+01   -0.1339710E+00   -0.2671864E-01   -0.3138735E-02   -0.1962412E-01    0.4199131E-02    0.7927232E+01   -0.2717999E-04   -0.1973388E-03   -0.1839898E-01
   -0.1775494E-08   -0.1927206E-06    0.3678352E-07   -0.2831503E-06   -0.1194961E-04   -0.7788524E-06   -0.5295265E-06    0.2042337E-02   -0.2194882E-03   -0.6831972E-03   -0.5510248E-04    0.3765320E-03    0.1206018E-03    0.6918934E-05   -0.7244001E-06    0.9251580E-05   -0.3675576E-05   -0.2717999E-04    0.8601122E-06   -0.5971015E-08   -0.9908315E-04
    0.3435472E-07    0.7852131E-06   -0.8482703E-07    0.1774059E-05    0.5528994E-04    0.6909064E-05    0.2844305E-05   -0.7912118E-03    0.1644806E-02   -0.3902174E-02   -0.6938245E-03    0.1801975E-02   -0.5533566E-03   -0.2772997E-04    0.7376767E-04   -0.5615590E-04   -0.1378707E-04   -0.1973388E-03   -0.5971015E-08    0.5541267E-05    0.2506728E-03
    0.7998255E-05    0.3594258E-03   -0.3440942E-04    0.9437500E-04    0.1895613E-01    0.1662202E-02    0.7852919E-03    0.1138636E+02    0.3504837E+00   -0.2366518E-02   -0.2814017E+00    0.2190604E+00    0.1384350E+00    0.3251401E-02    0.4701227E-02    0.1108302E-01    0.4793974E-03   -0.1839898E-01   -0.9908315E-04    0.2506728E-03    0.2678970E+00
