# omegabh2 omegach2 theta tau meffsterile nnu logA ns acib217 acibsz143 asz143 aps100 aps143 aps143217 aps217 aksz kgal100 t1gal143 t1gal143217 t1gal217 calib_100T calib_217T
    0.9002367E-07    0.3007016E-06    0.6028472E-08    0.2109788E-05   -0.4030212E-05    0.3892873E-04    0.4884631E-05    0.2288494E-05   -0.1423797E-03   -0.1028860E-03   -0.2841945E-05   -0.4499131E-03   -0.2358082E-03   -0.4661290E-04   -0.1156630E-03   -0.3095871E-05    0.1276894E-02    0.6367410E-03    0.6487431E-03    0.6367560E-03   -0.9849436E-07    0.1001168E-08
    0.3007016E-06    0.1462611E-04   -0.1230219E-05    0.2952809E-05    0.1086733E-03    0.7535709E-03    0.3456138E-04    0.1861153E-04    0.7162756E-02    0.3231442E-02    0.2605751E-03    0.5824047E-02    0.6262414E-03   -0.6080830E-02   -0.7337599E-02    0.1402183E-02    0.1170828E-01    0.1116942E-01    0.1226793E-01    0.1300237E-01   -0.5210047E-06   -0.4382348E-06
    0.6028472E-08   -0.1230219E-05    0.2973884E-06    0.7765808E-06   -0.1804361E-04   -0.6289515E-04   -0.6212475E-06   -0.1022078E-05   -0.7504691E-03   -0.3520075E-03   -0.2083034E-04   -0.6550715E-03   -0.5622005E-04    0.6633771E-03    0.7230134E-03   -0.1456346E-03   -0.6478154E-03   -0.1074889E-02   -0.1154860E-02   -0.1209254E-02   -0.1627987E-07    0.3999878E-07
    0.2109788E-05    0.2952809E-05    0.7765808E-06    0.2096602E-03    0.1026185E-04    0.1344883E-02    0.4189591E-03    0.1003732E-03   -0.3144529E-02   -0.1364751E-02   -0.3334075E-04    0.4155205E-03   -0.2473120E-02   -0.2610977E-03   -0.5923581E-04    0.8290779E-03    0.4859650E-02    0.5812297E-02    0.6435472E-02    0.7573203E-02   -0.1836353E-06   -0.1091429E-06
   -0.4030212E-05    0.1086733E-03   -0.1804361E-04    0.1026185E-04    0.2836828E-01    0.5246224E-02    0.3079416E-03   -0.4290858E-03    0.1002456E+00    0.4330810E-01    0.7601459E-02    0.4053341E-01    0.5439878E-01   -0.8115649E-02   -0.3400744E-01    0.1265902E-01    0.6150085E-01    0.1457016E+00    0.1501955E+00    0.1549902E+00    0.9208621E-05   -0.4676160E-05
    0.3892873E-04    0.7535709E-03   -0.6289515E-04    0.1344883E-02    0.5246224E-02    0.5454191E-01    0.4223348E-02    0.2039002E-02    0.4242639E+00    0.1888181E+00    0.1678627E-01    0.5048351E+00    0.7372318E-01   -0.3178985E+00   -0.3962273E+00    0.8751955E-01    0.5164807E+00    0.3442335E+00    0.4082928E+00    0.4474844E+00   -0.4795181E-04   -0.2567788E-04
    0.4884631E-05    0.3456138E-04   -0.6212475E-06    0.4189591E-03    0.3079416E-03    0.4223348E-02    0.9101636E-03    0.2362669E-03    0.9566064E-02    0.3730343E-02   -0.3223711E-03    0.3675595E-01    0.1165430E-01    0.2929391E-03   -0.3906036E-02    0.4227226E-02    0.5029485E-02   -0.1988123E-01   -0.1673946E-01   -0.1340952E-01   -0.3926456E-05   -0.1210898E-05
    0.2288494E-05    0.1861153E-04   -0.1022078E-05    0.1003732E-03   -0.4290858E-03    0.2039002E-02    0.2362669E-03    0.1248460E-03    0.6605351E-03   -0.2759998E-03   -0.8619063E-03    0.1088914E-01    0.7413277E-02    0.4552402E-02    0.2155114E-02    0.5089433E-03    0.1092279E-01   -0.2061618E-02   -0.6976687E-03    0.1303237E-02   -0.2030230E-05   -0.4450532E-06
   -0.1423797E-03    0.7162756E-02   -0.7504691E-03   -0.3144529E-02    0.1002456E+00    0.4242639E+00    0.9566064E-02    0.6605351E-03    0.7822694E+02    0.3235449E+02    0.1426318E+01    0.2497957E+02   -0.2153451E+02   -0.7772892E+02   -0.8974442E+02   -0.3111227E+01   -0.1301757E+02   -0.2716084E+02   -0.3332923E+02   -0.3702316E+02   -0.3716976E-03   -0.3713994E-02
   -0.1028860E-03    0.3231442E-02   -0.3520075E-03   -0.1364751E-02    0.4330810E-01    0.1888181E+00    0.3730343E-02   -0.2759998E-03    0.3235449E+02    0.2297675E+02    0.2581657E+01   -0.8092548E+01   -0.2452304E+02   -0.5264337E+02   -0.3158933E+02   -0.1549432E+01   -0.8764075E+01   -0.1580217E+02   -0.2445622E+02   -0.2617333E+02   -0.1750684E-03   -0.3009336E-03
   -0.2841945E-05    0.2605751E-03   -0.2083034E-04   -0.3334075E-04    0.7601459E-02    0.1678627E-01   -0.3223711E-03   -0.8619063E-03    0.1426318E+01    0.2581657E+01    0.5071060E+01   -0.3290117E+02   -0.1491198E+02   -0.5520594E+01   -0.1141020E+01   -0.1947320E+00   -0.2720286E+01   -0.1433685E+01    0.1620720E+01    0.1956994E+01   -0.1374455E-03    0.1741064E-03
   -0.4499131E-03    0.5824047E-02   -0.6550715E-03    0.4155205E-03    0.4053341E-01    0.5048351E+00    0.3675595E-01    0.1088914E-01    0.2497957E+02   -0.8092548E+01   -0.3290117E+02    0.7384522E+03    0.1686407E+03    0.6810866E+02    0.1266689E+02   -0.9722761E+01   -0.8478053E+02   -0.6661606E+02   -0.6972482E+02   -0.6584654E+02   -0.4043167E-02   -0.4152409E-02
   -0.2358082E-03    0.6262414E-03   -0.5622005E-04   -0.2473120E-02    0.5439878E-01    0.7372318E-01    0.1165430E-01    0.7413277E-02   -0.2153451E+02   -0.2452304E+02   -0.1491198E+02    0.1686407E+03    0.1204564E+03    0.1003319E+03    0.5580736E+02   -0.8522637E+01   -0.2329418E+02   -0.4089797E+02   -0.3230562E+02   -0.2869414E+02   -0.1303102E-02   -0.1108769E-02
   -0.4661290E-04   -0.6080830E-02    0.6633771E-03   -0.2610977E-03   -0.8115649E-02   -0.3178985E+00    0.2929391E-03    0.4552402E-02   -0.7772892E+02   -0.5264337E+02   -0.5520594E+01    0.6810866E+02    0.1003319E+03    0.1669359E+03    0.1189715E+03   -0.5865148E+01   -0.1375752E+02   -0.1840037E+02   -0.4517923E+01   -0.4222693E+01   -0.1417827E-02    0.2039685E-02
   -0.1156630E-03   -0.7337599E-02    0.7230134E-03   -0.5923581E-04   -0.3400744E-01   -0.3962273E+00   -0.3906036E-02    0.2155114E-02   -0.8974442E+02   -0.3158933E+02   -0.1141020E+01    0.1266689E+02    0.5580736E+02    0.1189715E+03    0.1507553E+03   -0.5681862E+01   -0.1854887E+02   -0.2430486E+02   -0.3035063E+02   -0.3456351E+02   -0.1408192E-02    0.6443746E-02
   -0.3095871E-05    0.1402183E-02   -0.1456346E-03    0.8290779E-03    0.1265902E-01    0.8751955E-01    0.4227226E-02    0.5089433E-03   -0.3111227E+01   -0.1549432E+01   -0.1947320E+00   -0.9722761E+01   -0.8522637E+01   -0.5865148E+01   -0.5681862E+01    0.7558352E+01   -0.3261797E+01   -0.5054458E+01   -0.5273703E+01   -0.5535728E+01   -0.1144975E-03    0.1849593E-03
    0.1276894E-02    0.1170828E-01   -0.6478154E-03    0.4859650E-02    0.6150085E-01    0.5164807E+00    0.5029485E-02    0.1092279E-01   -0.1301757E+02   -0.8764075E+01   -0.2720286E+01   -0.8478053E+02   -0.2329418E+02   -0.1375752E+02   -0.1854887E+02   -0.3261797E+01    0.2642816E+03    0.1782244E+03    0.1765403E+03    0.1746110E+03   -0.1420116E-01    0.4411218E-03
    0.6367410E-03    0.1116942E-01   -0.1074889E-02    0.5812297E-02    0.1457016E+00    0.3442335E+00   -0.1988123E-01   -0.2061618E-02   -0.2716084E+02   -0.1580217E+02   -0.1433685E+01   -0.6661606E+02   -0.4089797E+02   -0.1840037E+02   -0.2430486E+02   -0.5054458E+01    0.1782244E+03    0.3016830E+03    0.3068080E+03    0.3072432E+03    0.8904782E-02    0.7225601E-03
    0.6487431E-03    0.1226793E-01   -0.1154860E-02    0.6435472E-02    0.1501955E+00    0.4082928E+00   -0.1673946E-01   -0.6976687E-03   -0.3332923E+02   -0.2445622E+02    0.1620720E+01   -0.6972482E+02   -0.3230562E+02   -0.4517923E+01   -0.3035063E+02   -0.5273703E+01    0.1765403E+03    0.3068080E+03    0.3526761E+03    0.3797737E+03    0.8844972E-02   -0.4882330E-02
    0.6367560E-03    0.1300237E-01   -0.1209254E-02    0.7573203E-02    0.1549902E+00    0.4474844E+00   -0.1340952E-01    0.1303237E-02   -0.3702316E+02   -0.2617333E+02    0.1956994E+01   -0.6584654E+02   -0.2869414E+02   -0.4222693E+01   -0.3456351E+02   -0.5535728E+01    0.1746110E+03    0.3072432E+03    0.3797737E+03    0.4331312E+03    0.8929745E-02   -0.9903988E-02
   -0.9849436E-07   -0.5210047E-06   -0.1627987E-07   -0.1836353E-06    0.9208621E-05   -0.4795181E-04   -0.3926456E-05   -0.2030230E-05   -0.3716976E-03   -0.1750684E-03   -0.1374455E-03   -0.4043167E-02   -0.1303102E-02   -0.1417827E-02   -0.1408192E-02   -0.1144975E-03   -0.1420116E-01    0.8904782E-02    0.8844972E-02    0.8929745E-02    0.3189956E-05    0.6404122E-08
    0.1001168E-08   -0.4382348E-06    0.3999878E-07   -0.1091429E-06   -0.4676160E-05   -0.2567788E-04   -0.1210898E-05   -0.4450532E-06   -0.3713994E-02   -0.3009336E-03    0.1741064E-03   -0.4152409E-02   -0.1108769E-02    0.2039685E-02    0.6443746E-02    0.1849593E-03    0.4411218E-03    0.7225601E-03   -0.4882330E-02   -0.9903988E-02    0.6404122E-08    0.1487580E-05
