# omegabh2 omegach2 theta tau mnu logA ns calPlanck alpha_JLA beta_JLA acib217 xi asz143 aps100 aps143 aps143217 aps217 aksz kgal100 kgal143 kgal143217 kgal217 cal0 cal2
    0.4185657E-07   -0.1077467E-06    0.2825829E-07    0.1210311E-05    0.2591574E-05    0.2270925E-05    0.4167883E-06    0.4591107E-08    0.5695532E-08    0.4145377E-06   -0.1965420E-03    0.3008320E-05    0.5174639E-04   -0.7910141E-03   -0.4692192E-03   -0.1193245E-03    0.4833333E-04   -0.6861663E-04    0.6019326E-06    0.6461889E-05   -0.6574612E-05    0.3978699E-04    0.2306168E-08   -0.1508516E-07
   -0.1077467E-06    0.1945202E-05   -0.1221274E-06   -0.1596017E-04   -0.3926703E-04   -0.2769339E-04   -0.4718023E-05   -0.2681815E-06   -0.4939776E-07   -0.3133668E-05    0.4955098E-03   -0.7243142E-05   -0.1151607E-03    0.1786204E-02    0.1257418E-02    0.4731931E-03    0.1300673E-04    0.1039395E-03    0.5819373E-04    0.1832971E-04    0.2463192E-04   -0.1066967E-03    0.8018347E-08    0.6930333E-07
    0.2825829E-07   -0.1221274E-06    0.1737970E-06    0.1986788E-05    0.2800376E-05    0.3941580E-05    0.5359206E-06    0.2807619E-07   -0.2349673E-07    0.5897852E-06   -0.1393415E-04   -0.2224334E-06    0.4092870E-05   -0.2925867E-04   -0.1416932E-03   -0.1026971E-03   -0.7293403E-04   -0.2952383E-04   -0.1330335E-04    0.5344926E-05   -0.1486442E-04   -0.2429371E-04    0.2000459E-08   -0.5280325E-08
    0.1210311E-05   -0.1596017E-04    0.1986788E-05    0.2854229E-03    0.7432067E-03    0.5253999E-03    0.4873868E-04   -0.1971586E-05   -0.2226851E-06    0.4097808E-04   -0.1010461E-01    0.7369578E-04    0.2363061E-02   -0.3715872E-01   -0.1857032E-01   -0.3947008E-02    0.4610061E-02   -0.2955478E-02   -0.8249821E-03    0.2672349E-04   -0.6028605E-03    0.7656630E-03   -0.2852113E-06   -0.1498743E-05
    0.2591574E-05   -0.3926703E-04    0.2800376E-05    0.7432067E-03    0.5080226E-02    0.1405995E-02    0.1099561E-03    0.1247825E-04   -0.8777432E-05   -0.2197147E-05   -0.1957884E-01    0.3471373E-03    0.7510618E-02   -0.7185203E-01   -0.3527027E-01    0.8173686E-02    0.2374534E-01   -0.8341931E-02   -0.1977918E-02   -0.1435107E-02    0.9669185E-03    0.7544487E-02    0.4879993E-06   -0.2019991E-05
    0.2270925E-05   -0.2769339E-04    0.3941580E-05    0.5253999E-03    0.1405995E-02    0.9982339E-03    0.8466065E-04    0.7955381E-05   -0.8019857E-06    0.7982490E-04   -0.1835854E-01    0.1526012E-03    0.4368911E-02   -0.6416097E-01   -0.3234796E-01   -0.4397382E-02    0.1422072E-01   -0.6463395E-02   -0.1619991E-02   -0.4197538E-03   -0.1888146E-02    0.2342819E-02   -0.2489836E-06   -0.2823145E-05
    0.4167883E-06   -0.4718023E-05    0.5359206E-06    0.4873868E-04    0.1099561E-03    0.8466065E-04    0.2373656E-04    0.4719481E-06   -0.3318437E-06    0.1158019E-04   -0.6600644E-02    0.1096077E-03    0.1606969E-02   -0.3143763E-01   -0.9759262E-02    0.1768157E-02    0.6789668E-02   -0.3087995E-02    0.1321377E-03   -0.1335900E-03   -0.4107112E-03    0.1243891E-02   -0.2655139E-06   -0.6838946E-06
    0.4591107E-08   -0.2681815E-06    0.2807619E-07   -0.1971586E-05    0.1247825E-04    0.7955381E-05    0.4719481E-06    0.6223451E-05   -0.2331977E-06    0.2005307E-05    0.1105516E-02   -0.1918330E-04   -0.6482553E-04    0.3937454E-02    0.5009637E-03   -0.1121229E-03    0.7343654E-03    0.2784954E-04    0.3141536E-04    0.1311776E-04   -0.1818968E-03    0.4895537E-03   -0.8581126E-09    0.1507185E-07
    0.5695532E-08   -0.4939776E-07   -0.2349673E-07   -0.2226851E-06   -0.8777432E-05   -0.8019857E-06   -0.3318437E-06   -0.2331977E-06    0.4325459E-04   -0.3121641E-04    0.9435505E-04    0.2349220E-04   -0.5067694E-04   -0.1740805E-03    0.7319001E-03    0.8028431E-03    0.1329877E-03   -0.1158536E-03    0.5775535E-05   -0.1336885E-03    0.7272124E-04    0.1462398E-04    0.7217761E-07    0.1071316E-06
    0.4145377E-06   -0.3133668E-05    0.5897852E-06    0.4097808E-04   -0.2197147E-05    0.7982490E-04    0.1158019E-04    0.2005307E-05   -0.3121641E-04    0.6499467E-02    0.3170944E-02    0.3425356E-04    0.1465542E-05   -0.1224010E-03   -0.1186583E-01   -0.9464823E-02   -0.8741996E-02    0.2968687E-04    0.5004393E-03    0.1665384E-02    0.1315505E-02   -0.3103930E-02    0.2901546E-06    0.7988748E-06
   -0.1965420E-03    0.4955098E-03   -0.1393415E-04   -0.1010461E-01   -0.1957884E-01   -0.1835854E-01   -0.6600644E-02    0.1105516E-02    0.9435505E-04    0.3170944E-02    0.4846864E+02   -0.4692039E+00   -0.1468202E+01    0.4492312E+02    0.2369270E+01   -0.1942931E+02   -0.6477915E+02    0.5590179E-01   -0.1200691E+00    0.3595166E+00   -0.2789284E+01   -0.2464851E+02   -0.7476644E-04    0.4364374E-02
    0.3008320E-05   -0.7243142E-05   -0.2224334E-06    0.7369578E-04    0.3471373E-03    0.1526012E-03    0.1096077E-03   -0.1918330E-04    0.2349220E-04    0.3425356E-04   -0.4692039E+00    0.8240517E-01   -0.8469428E-01   -0.3092689E+00    0.9520638E+00    0.1704441E+01    0.7000822E+00    0.7695095E-01   -0.4427594E-02   -0.4294933E-02    0.9055278E-01    0.1082891E+00    0.7873348E-05   -0.9619613E-05
    0.5174639E-04   -0.1151607E-03    0.4092870E-05    0.2363061E-02    0.7510618E-02    0.4368911E-02    0.1606969E-02   -0.6482553E-04   -0.5067694E-04    0.1465542E-05   -0.1468202E+01   -0.8469428E-01    0.3941308E+01   -0.3034532E+02   -0.3886099E+01    0.8009672E+01    0.6841161E+01   -0.3003784E+01   -0.1618667E+00    0.6262444E-01    0.2473785E+01    0.1969593E+01    0.2155583E-03   -0.3878323E-03
   -0.7910141E-03    0.1786204E-02   -0.2925867E-04   -0.3715872E-01   -0.7185203E-01   -0.6416097E-01   -0.3143763E-01    0.3937454E-02   -0.1740805E-03   -0.1224010E-03    0.4492312E+02   -0.3092689E+00   -0.3034532E+02    0.7340064E+03    0.7712453E+02   -0.5469269E+02   -0.7099260E+02    0.1454416E+02   -0.1193275E+01    0.1812286E-01   -0.1410238E+02   -0.2296008E+02    0.4559947E-02    0.4152342E-02
   -0.4692192E-03    0.1257418E-02   -0.1416932E-03   -0.1857032E-01   -0.3527027E-01   -0.3234796E-01   -0.9759262E-02    0.5009637E-03    0.7319001E-03   -0.1186583E-01    0.2369270E+01    0.9520638E+00   -0.3886099E+01    0.7712453E+02    0.6176431E+02    0.4301269E+02    0.1687698E+02   -0.4605264E+01   -0.4842211E+00   -0.1365538E+01    0.3476246E+01    0.2968150E+01    0.3299374E-03    0.3892639E-03
   -0.1193245E-03    0.4731931E-03   -0.1026971E-03   -0.3947008E-02    0.8173686E-02   -0.4397382E-02    0.1768157E-02   -0.1121229E-03    0.8028431E-03   -0.9464823E-02   -0.1942931E+02    0.1704441E+01    0.8009672E+01   -0.5469269E+02    0.4301269E+02    0.9351510E+02    0.6594261E+02   -0.1292777E+02   -0.6493781E+00   -0.8924532E+00    0.4348391E+01    0.5067536E+01    0.9519368E-03   -0.2417886E-02
    0.4833333E-04    0.1300673E-04   -0.7293403E-04    0.4610061E-02    0.2374534E-01    0.1422072E-01    0.6789668E-02    0.7343654E-03    0.1329877E-03   -0.8741996E-02   -0.6477915E+02    0.7000822E+00    0.6841161E+01   -0.7099260E+02    0.1687698E+02    0.6594261E+02    0.1248775E+03   -0.1074621E+02   -0.2404178E+00   -0.9304564E+00    0.1047990E+00    0.2074991E+02    0.6748048E-03   -0.7637955E-02
   -0.6861663E-04    0.1039395E-03   -0.2952383E-04   -0.2955478E-02   -0.8341931E-02   -0.6463395E-02   -0.3087995E-02    0.2784954E-04   -0.1158536E-03    0.2968687E-04    0.5590179E-01    0.7695095E-01   -0.3003784E+01    0.1454416E+02   -0.4605264E+01   -0.1292777E+02   -0.1074621E+02    0.6542583E+01    0.5864761E-01   -0.3474345E-01   -0.1972264E+01   -0.1156923E+01   -0.1901903E-03    0.2273477E-03
    0.6019326E-06    0.5819373E-04   -0.1330335E-04   -0.8249821E-03   -0.1977918E-02   -0.1619991E-02    0.1321377E-03    0.3141536E-04    0.5775535E-05    0.5004393E-03   -0.1200691E+00   -0.4427594E-02   -0.1618667E+00   -0.1193275E+01   -0.4842211E+00   -0.6493781E+00   -0.2404178E+00    0.5864761E-01    0.3258843E+01    0.7112797E+00    0.3007803E+00    0.5061910E+00    0.4118990E-03   -0.4502496E-05
    0.6461889E-05    0.1832971E-04    0.5344926E-05    0.2672349E-04   -0.1435107E-02   -0.4197538E-03   -0.1335900E-03    0.1311776E-04   -0.1336885E-03    0.1665384E-02    0.3595166E+00   -0.4294933E-02    0.6262444E-01    0.1812286E-01   -0.1365538E+01   -0.8924532E+00   -0.9304564E+00   -0.3474345E-01    0.7112797E+00    0.3117576E+01    0.2335927E+01    0.1325910E+01   -0.4308421E-03   -0.2079910E-03
   -0.6574612E-05    0.2463192E-04   -0.1486442E-04   -0.6028605E-03    0.9669185E-03   -0.1888146E-02   -0.4107112E-03   -0.1818968E-03    0.7272124E-04    0.1315505E-02   -0.2789284E+01    0.9055278E-01    0.2473785E+01   -0.1410238E+02    0.3476246E+01    0.4348391E+01    0.1047990E+00   -0.1972264E+01    0.3007803E+00    0.2335927E+01    0.1761333E+02    0.2668930E+02   -0.7966161E-04    0.2445402E-02
    0.3978699E-04   -0.1066967E-03   -0.2429371E-04    0.7656630E-03    0.7544487E-02    0.2342819E-02    0.1243891E-02    0.4895537E-03    0.1462398E-04   -0.3103930E-02   -0.2464851E+02    0.1082891E+00    0.1969593E+01   -0.2296008E+02    0.2968150E+01    0.5067536E+01    0.2074991E+02   -0.1156923E+01    0.5061910E+00    0.1325910E+01    0.2668930E+02    0.6076034E+02   -0.1212372E-03    0.4305699E-02
    0.2306168E-08    0.8018347E-08    0.2000459E-08   -0.2852113E-06    0.4879993E-06   -0.2489836E-06   -0.2655139E-06   -0.8581126E-09    0.7217761E-07    0.2901546E-06   -0.7476644E-04    0.7873348E-05    0.2155583E-03    0.4559947E-02    0.3299374E-03    0.9519368E-03    0.6748048E-03   -0.1901903E-03    0.4118990E-03   -0.4308421E-03   -0.7966161E-04   -0.1212372E-03    0.5519998E-06    0.1330635E-07
   -0.1508516E-07    0.6930333E-07   -0.5280325E-08   -0.1498743E-05   -0.2019991E-05   -0.2823145E-05   -0.6838946E-06    0.1507185E-07    0.1071316E-06    0.7988748E-06    0.4364374E-02   -0.9619613E-05   -0.3878323E-03    0.4152342E-02    0.3892639E-03   -0.2417886E-02   -0.7637955E-02    0.2273477E-03   -0.4502496E-05   -0.2079910E-03    0.2445402E-02    0.4305699E-02    0.1330635E-07    0.2042090E-05
