# omegabh2 omegach2 theta tau Alens logA ns calPlanck
  1.5856088E-06  -5.4195287E-06   3.2262654E-07   2.7341031E-06   1.1473379E-04   1.1513785E-05   1.2709526E-05   3.9383189E-09
 -5.4195287E-06   2.5032603E-05  -1.4193956E-06  -1.2339387E-05  -4.8046034E-04  -2.0509417E-05  -5.7392306E-05   1.1508252E-07
  3.2262654E-07  -1.4193956E-06   7.4381092E-07   7.1313014E-07   1.1174003E-05   9.1434909E-07   4.2606741E-06   3.5625697E-08
  2.7341031E-06  -1.2339387E-05   7.1313014E-07   7.8828615E-05   6.6889622E-05   1.5794577E-04   3.5243777E-05   1.0809856E-07
  1.1473379E-04  -4.8046034E-04   1.1174003E-05   6.6889622E-05   5.7199874E-02   4.6895230E-04   1.6255881E-03  -2.2885890E-05
  1.1513785E-05  -2.0509417E-05   9.1434909E-07   1.5794577E-04   4.6895230E-04   4.8255501E-04   8.0832154E-05   1.3142269E-05
  1.2709526E-05  -5.7392306E-05   4.2606741E-06   3.5243777E-05   1.6255881E-03   8.0832154E-05   2.2410451E-04  -3.2266574E-07
  3.9383189E-09   1.1508252E-07   3.5625697E-08   1.0809856E-07  -2.2885890E-05   1.3142269E-05  -3.2266574E-07   6.2275139E-06
