# omegabh2 omegach2 theta tau meffsterile nnu logA ns calPlanck aps100 aps143 aps217 acib217 asz143 psr cibr xi aksz dust100 dust143 dust217 dust143x217 cal0 cal2 calTE calEE
  2.5155805E-08   8.2582375E-08   8.5989151E-10   2.0167725E-07  -2.3472773E-06   6.8308279E-06   6.0856965E-07   4.3788497E-07   2.2971857E-08  -1.7631998E-04  -1.5984944E-04   8.9172216E-06  -6.0032829E-05   6.8162586E-06   1.5546994E-07  -6.0752842E-07   1.7514812E-07  -7.3569432E-06   3.0965664E-07   9.9680762E-08   8.1442548E-07   3.7416749E-07   2.0079836E-09   3.4246836E-09  -5.7764150E-08  -1.7103536E-07
  8.2582375E-08   1.3834722E-05  -5.8783618E-07  -1.4006838E-07  -7.3791087E-04   2.9186449E-04   1.4069458E-05   1.0394923E-05  -2.9865839E-07   8.9151563E-03   4.1561246E-03  -4.6388690E-03   3.6253765E-03  -3.4989556E-04  -2.9599237E-05   5.6462147E-05  -3.9426080E-05   6.7916584E-04   9.8705797E-06   5.2824513E-06  -2.1544999E-05  -6.1371626E-06   8.2648993E-09   3.3518184E-07   2.0437988E-06   4.1679545E-06
  8.5989151E-10  -5.8783618E-07   1.2436041E-07   1.5222184E-08   1.7370414E-05  -2.0772582E-05  -8.1228019E-07  -5.0815634E-07   2.5748898E-08  -4.8330620E-04  -2.8703940E-04   2.0874457E-04  -2.1803422E-04   1.2644745E-05   1.6064163E-06  -4.8658364E-06   2.7899334E-06  -3.4901196E-05  -3.2435854E-07  -1.1856731E-06   1.3256229E-06   9.7898053E-07   4.1997765E-09  -1.7593372E-08  -1.9787701E-07  -2.8374985E-07
  2.0167725E-07  -1.4006838E-07   1.5222184E-08   6.1220394E-05  -1.2752451E-05   5.5953041E-05   1.2008511E-04   7.5771144E-06  -3.8688498E-07  -1.0763567E-02  -4.3080738E-03   3.1451999E-03  -2.8485791E-03   4.3019482E-04   3.8818506E-05  -7.8771670E-05   2.6752932E-05  -5.2381039E-04   2.4195077E-05   5.8438433E-07   1.5220409E-05   2.7751541E-05  -1.6064398E-08  -2.5416080E-07  -4.2630973E-06  -1.7598620E-06
 -2.3472773E-06  -7.3791087E-04   1.7370414E-05  -1.2752451E-05   5.7179916E-02  -7.7790275E-03  -4.4795817E-04  -4.8600549E-04   1.4164241E-05  -2.9952825E-01  -1.0214620E-01   2.3525426E-01  -1.3899165E-01   1.2434499E-02   1.2770166E-03  -1.5663834E-03   1.1405020E-03  -1.7565920E-02  -5.0658608E-04   1.7351589E-04   1.1139567E-03   3.7830262E-04  -3.4517223E-06  -8.1313440E-06  -7.0218124E-05  -1.7220409E-04
  6.8308279E-06   2.9186449E-04  -2.0772582E-05   5.5953041E-05  -7.7790275E-03   1.2516026E-02   5.7938228E-04   4.5336676E-04  -1.0820346E-06   3.2234300E-01   1.5174934E-01  -1.2351155E-01   1.1286676E-01  -1.2096213E-02  -9.5305918E-04   2.1604822E-03  -1.3284114E-03   2.8847339E-02   1.2336746E-04   4.3787498E-04  -3.9705176E-04   5.0845216E-05  -3.1672804E-07   1.3247879E-05   8.8288441E-05   1.6649263E-04
  6.0856965E-07   1.4069458E-05  -8.1228019E-07   1.2008511E-04  -4.4795817E-04   5.7938228E-04   2.8798051E-04   2.6416361E-05   1.1539721E-05  -4.6946584E-03  -7.9578256E-04   1.0730952E-02  -2.9628432E-03   6.0637617E-04   7.5124397E-05  -1.2181478E-04   2.6652835E-05  -9.3608446E-04   4.6586058E-05  -7.8574841E-05   3.5842169E-05   4.0020022E-05   7.4416606E-07  -1.5174578E-07  -6.3193558E-06   3.4285351E-06
  4.3788497E-07   1.0394923E-05  -5.0815634E-07   7.5771144E-06  -4.8600549E-04   4.5336676E-04   2.6416361E-05   3.2916461E-05   3.6836654E-07  -1.0977702E-02  -1.6465716E-03   3.9319544E-03  -1.9899440E-03   6.7415357E-05   1.4924232E-05  -2.1260266E-05   7.7979471E-06  -7.9962907E-04   1.5052639E-05  -4.2894019E-06   1.8624853E-05  -1.6765179E-06  -2.9598824E-07   2.0215117E-08   2.9243973E-06   3.2050448E-06
  2.2971857E-08  -2.9865839E-07   2.5748898E-08  -3.8688498E-07   1.4164241E-05  -1.0820346E-06   1.1539721E-05   3.6836654E-07   6.2858712E-06   2.3828134E-03   2.2904750E-04   1.9666008E-03   1.5592811E-04   8.1381563E-05   3.8181548E-06   1.6826817E-06   6.3414000E-06   4.3710255E-06   4.3237793E-07   2.0947526E-06   8.1077486E-06   1.6186445E-06   7.0259377E-08  -9.7800639E-08  -5.1106742E-07  -4.4462502E-07
 -1.7631998E-04   8.9151563E-03  -4.8330620E-04  -1.0763567E-02  -2.9952825E-01   3.2234300E-01  -4.6946584E-03  -1.0977702E-02   2.3828134E-03   6.2226083E+02   6.4866555E+01  -6.0212385E+01   3.2300118E+01  -2.5647745E+01  -8.1711347E-01  -1.0137442E-01  -1.4506949E-01   1.2165827E+01  -2.0258332E-01   2.3264304E-01  -2.3370208E-01  -1.9381241E-01   6.7608572E-03   3.6486251E-03   5.1508720E-03   1.3121158E-02
 -1.5984944E-04   4.1561246E-03  -2.8703940E-04  -4.3080738E-03  -1.0214620E-01   1.5174934E-01  -7.9578256E-04  -1.6465716E-03   2.2904750E-04   6.4866555E+01   6.8208431E+01   6.4833806E+00   7.9428110E+00  -7.3692923E-01  -1.1602837E-02   4.6278920E-01   9.0237919E-01  -7.8014619E+00  -1.7813027E-02  -2.3559647E-01   4.2004905E-02   5.0356512E-02   1.0219565E-03   1.0281264E-03   4.4970804E-03   7.8437049E-03
  8.9172216E-06  -4.6388690E-03   2.0874457E-04   3.1451999E-03   2.3525426E-01  -1.2351155E-01   1.0730952E-02   3.9319544E-03   1.9666008E-03  -6.0212385E+01   6.4833806E+00   1.7822623E+02  -8.5267739E+01   2.9367368E+00   3.3680385E-01  -1.0280854E+00   2.9840817E-01  -7.6395868E+00  -4.1196145E-02  -2.8581567E-01   5.7707787E-01   5.5874256E-03   1.8827511E-03  -7.9921746E-03   1.7525391E-03   5.7577595E-04
 -6.0032829E-05   3.6253765E-03  -2.1803422E-04  -2.8485791E-03  -1.3899165E-01   1.1286676E-01  -2.9628432E-03  -1.9899440E-03   1.5592811E-04   3.2300118E+01   7.9428110E+00  -8.5267739E+01   5.3691189E+01   1.6431227E+00  -4.1590502E-02   7.2839326E-01  -2.3249858E-01  -2.4584506E+00   1.5564680E-02   1.6686132E-01  -4.7002977E-01  -1.2970622E-01  -6.0482501E-04   3.3128126E-03   8.7859907E-05   2.3704651E-03
  6.8162586E-06  -3.4989556E-04   1.2644745E-05   4.3019482E-04   1.2434499E-02  -1.2096213E-02   6.0637617E-04   6.7415357E-05   8.1381563E-05  -2.5647745E+01  -7.3692923E-01   2.9367368E+00   1.6431227E+00   4.3918857E+00   1.0513963E-01   1.4634840E-01  -3.9338090E-02  -3.6067561E+00  -3.2251681E-03  -6.8264497E-03   6.8990290E-03   5.0651138E-02   4.6479655E-04  -2.3524631E-04  -3.7883674E-04  -3.4945721E-04
  1.5546994E-07  -2.9599237E-05   1.6064163E-06   3.8818506E-05   1.2770166E-03  -9.5305918E-04   7.5124397E-05   1.4924232E-05   3.8181548E-06  -8.1711347E-01  -1.1602837E-02   3.3680385E-01  -4.1590502E-02   1.0513963E-01   1.5903732E-02  -1.6087507E-02   1.1727481E-02  -1.0496596E-01  -3.6030497E-04  -1.3492686E-03  -2.6514570E-03   5.1595703E-03   2.0177222E-05  -3.6286679E-05  -3.5898784E-06  -2.7399408E-06
 -6.0752842E-07   5.6462147E-05  -4.8658364E-06  -7.8771670E-05  -1.5663834E-03   2.1604822E-03  -1.2181478E-04  -2.1260266E-05   1.6826817E-06  -1.0137442E-01   4.6278920E-01  -1.0280854E+00   7.2839326E-01   1.4634840E-01  -1.6087507E-02   6.6161144E-02   4.5182684E-03  -1.5442553E-01   7.0370227E-04   6.8058557E-03  -5.1268842E-04  -1.8007761E-02  -1.1879601E-05   9.3938159E-05   5.7927536E-06   2.7653584E-05
  1.7514812E-07  -3.9426080E-05   2.7899334E-06   2.6752932E-05   1.1405020E-03  -1.3284114E-03   2.6652835E-05   7.7979471E-06   6.3414000E-06  -1.4506949E-01   9.0237919E-01   2.9840817E-01  -2.3249858E-01  -3.9338090E-02   1.1727481E-02   4.5182684E-03   8.2639647E-02   3.7798197E-02  -1.3030761E-04   6.0365003E-04   9.7583840E-04   1.1641034E-03   1.6325605E-05  -5.6078422E-06   2.1592281E-05   1.1225449E-05
 -7.3569432E-06   6.7916584E-04  -3.4901196E-05  -5.2381039E-04  -1.7565920E-02   2.8847339E-02  -9.3608446E-04  -7.9962907E-04   4.3710255E-06   1.2165827E+01  -7.8014619E+00  -7.6395868E+00  -2.4584506E+00  -3.6067561E+00  -1.0496596E-01  -1.5442553E-01   3.7798197E-02   7.4235325E+00   2.6869612E-03   5.2645508E-03  -3.8262285E-03  -4.1872144E-02  -4.1263297E-04   7.4587984E-05  -9.5668586E-06   1.0442544E-04
  3.0965664E-07   9.8705797E-06  -3.2435854E-07   2.4195077E-05  -5.0658608E-04   1.2336746E-04   4.6586058E-05   1.5052639E-05   4.3237793E-07  -2.0258332E-01  -1.7813027E-02  -4.1196145E-02   1.5564680E-02  -3.2251681E-03  -3.6030497E-04   7.0370227E-04  -1.3030761E-04   2.6869612E-03   3.8826013E-02   2.4923167E-03   1.3756030E-04   5.3774310E-04   3.6507397E-05   1.7613129E-06  -1.9405209E-05  -2.2113836E-05
  9.9680762E-08   5.2824513E-06  -1.1856731E-06   5.8438433E-07   1.7351589E-04   4.3787498E-04  -7.8574841E-05  -4.2894019E-06   2.0947526E-06   2.3264304E-01  -2.3559647E-01  -2.8581567E-01   1.6686132E-01  -6.8264497E-03  -1.3492686E-03   6.8058557E-03   6.0365003E-04   5.2645508E-03   2.4923167E-03   3.0504252E-02  -6.7151272E-04   5.2084432E-03  -8.4206305E-05  -3.7938602E-05  -8.0750734E-05  -8.6753391E-05
  8.1442548E-07  -2.1544999E-05   1.3256229E-06   1.5220409E-05   1.1139567E-03  -3.9705176E-04   3.5842169E-05   1.8624853E-05   8.1077486E-06  -2.3370208E-01   4.2004905E-02   5.7707787E-01  -4.7002977E-01   6.8990290E-03  -2.6514570E-03  -5.1268842E-04   9.7583840E-04  -3.8262285E-03   1.3756030E-04  -6.7151272E-04   1.0969051E-02   8.7704437E-03   4.2883921E-06   6.2150442E-05   3.1968947E-07  -2.0500527E-05
  3.7416749E-07  -6.1371626E-06   9.7898053E-07   2.7751541E-05   3.7830262E-04   5.0845216E-05   4.0020022E-05  -1.6765179E-06   1.6186445E-06  -1.9381241E-01   5.0356512E-02   5.5874256E-03  -1.2970622E-01   5.0651138E-02   5.1595703E-03  -1.8007761E-02   1.1641034E-03  -4.1872144E-02   5.3774310E-04   5.2084432E-03   8.7704437E-03   2.6538604E-02  -1.8006591E-06   6.1669510E-05  -2.7607603E-05  -2.3446614E-05
  2.0079836E-09   8.2648993E-09   4.1997765E-09  -1.6064398E-08  -3.4517223E-06  -3.1672804E-07   7.4416606E-07  -2.9598824E-07   7.0259377E-08   6.7608572E-03   1.0219565E-03   1.8827511E-03  -6.0482501E-04   4.6479655E-04   2.0177222E-05  -1.1879601E-05   1.6325605E-05  -4.1263297E-04   3.6507397E-05  -8.4206305E-05   4.2883921E-06  -1.8006591E-06   1.1246959E-06   4.5198945E-08   3.2127789E-07   7.0069498E-07
  3.4246836E-09   3.3518184E-07  -1.7593372E-08  -2.5416080E-07  -8.1313440E-06   1.3247879E-05  -1.5174578E-07   2.0215117E-08  -9.7800639E-08   3.6486251E-03   1.0281264E-03  -7.9921746E-03   3.3128126E-03  -2.3524631E-04  -3.6286679E-05   9.3938159E-05  -5.6078422E-06   7.4587984E-05   1.7613129E-06  -3.7938602E-05   6.2150442E-05   6.1669510E-05   4.5198945E-08   2.4747378E-06   3.0519862E-07   3.3588197E-07
 -5.7764150E-08   2.0437988E-06  -1.9787701E-07  -4.2630973E-06  -7.0218124E-05   8.8288441E-05  -6.3193558E-06   2.9243973E-06  -5.1106742E-07   5.1508720E-03   4.4970804E-03   1.7525391E-03   8.7859907E-05  -3.7883674E-04  -3.5898784E-06   5.7927536E-06   2.1592281E-05  -9.5668586E-06  -1.9405209E-05  -8.0750734E-05   3.1968947E-07  -2.7607603E-05   3.2127789E-07   3.0519862E-07   2.4922809E-05   9.7303192E-06
 -1.7103536E-07   4.1679545E-06  -2.8374985E-07  -1.7598620E-06  -1.7220409E-04   1.6649263E-04   3.4285351E-06   3.2050448E-06  -4.4462502E-07   1.3121158E-02   7.8437049E-03   5.7577595E-04   2.3704651E-03  -3.4945721E-04  -2.7399408E-06   2.7653584E-05   1.1225449E-05   1.0442544E-04  -2.2113836E-05  -8.6753391E-05  -2.0500527E-05  -2.3446614E-05   7.0069498E-07   3.3588197E-07   9.7303192E-06   2.6664292E-05
