# omegabh2 omegach2 theta tau logA ns calPlanck aps100 aps143 aps217 acib217 asz143 psr xi aksz dust100 dust143 dust217 dust143x217 cal0 cal2 calTE calEE bm_1_1
    0.2542887E-07   -0.1258313E-06    0.1947502E-07    0.9496013E-06    0.1678854E-05    0.3776211E-06    0.9524227E-08   -0.4875091E-03   -0.2689622E-03    0.1101310E-03   -0.1403883E-03    0.3060592E-04    0.6582342E-06    0.1106754E-05   -0.4652474E-04   -0.2814408E-06   -0.6376541E-06    0.1091656E-05   -0.7116200E-06    0.3351259E-08   -0.1384338E-07   -0.9985104E-07   -0.2100751E-06   -0.3833661E-07
   -0.1258313E-06    0.1906124E-05   -0.1660639E-06   -0.1251403E-04   -0.2063298E-04   -0.4843423E-05   -0.6035541E-07    0.2594799E-02    0.1402341E-02   -0.5493845E-03    0.7562798E-03   -0.1276591E-03   -0.1748027E-05   -0.6126865E-05    0.2157397E-03    0.5021941E-06    0.3698870E-05   -0.5547981E-05    0.4649373E-05   -0.1826968E-07    0.7669276E-07    0.3468544E-06   -0.3143529E-06   -0.4011020E-05
    0.1947502E-07   -0.1660639E-06    0.9467758E-07    0.1567038E-05    0.2854819E-05    0.5353603E-06    0.9008991E-08   -0.2651689E-03   -0.1265308E-03    0.8088511E-04   -0.8517677E-04    0.1734449E-04    0.1977818E-06   -0.2615112E-06   -0.3029613E-04   -0.1667397E-06   -0.4882856E-06    0.8953117E-06    0.2068930E-06    0.2588918E-08   -0.7510442E-08   -0.9441291E-07    0.1281285E-07    0.1648727E-05
    0.9496013E-06   -0.1251403E-04    0.1567038E-05    0.1952508E-03    0.3480100E-03    0.3971691E-04   -0.5080694E-05   -0.3870709E-01   -0.1568786E-01    0.8427985E-02   -0.1045584E-01    0.1620321E-02    0.3728980E-04    0.8213222E-04   -0.2597032E-02    0.1615585E-05    0.1427248E-04    0.6240824E-04   -0.2832124E-04   -0.4248064E-06   -0.1289670E-05   -0.9570630E-05   -0.2959242E-05   -0.1898216E-04
    0.1678854E-05   -0.2063298E-04    0.2854819E-05    0.3480100E-03    0.6505840E-03    0.6617724E-04    0.2513171E-05   -0.6260587E-01   -0.2567056E-01    0.2236782E-01   -0.1910361E-01    0.3110386E-02    0.9654467E-04    0.1706156E-03   -0.5885873E-02   -0.1366683E-04   -0.2799144E-04    0.1411134E-03   -0.6869116E-04   -0.3332310E-06   -0.2363103E-05   -0.1783551E-04   -0.4385989E-05   -0.9451505E-04
    0.3776211E-06   -0.4843423E-05    0.5353603E-06    0.3971691E-04    0.6617724E-04    0.2182732E-04    0.7548207E-07   -0.2458192E-01   -0.7824716E-02    0.9801752E-02   -0.6908549E-02    0.1022445E-02    0.4957992E-04    0.7315418E-04   -0.2642142E-02    0.2172537E-04   -0.8347675E-05    0.5351571E-04   -0.2520404E-04   -0.2573838E-06   -0.6868610E-06   -0.1532130E-05   -0.2329698E-05    0.2388204E-04
    0.9524227E-08   -0.6035541E-07    0.9008991E-08   -0.5080694E-05    0.2513171E-05    0.7548207E-07    0.6355314E-05    0.4507880E-02    0.8244033E-03    0.1144903E-02    0.8605241E-03   -0.1133904E-04   -0.1786838E-05   -0.9317172E-05   -0.7800540E-04    0.5916584E-06   -0.5864276E-06    0.7261125E-05   -0.7294357E-05    0.2730494E-07    0.3265445E-07    0.6762822E-07    0.1066133E-06   -0.3076319E-04
   -0.4875091E-03    0.2594799E-02   -0.2651689E-03   -0.3870709E-01   -0.6260587E-01   -0.2458192E-01    0.4507880E-02    0.4879320E+03    0.5883193E+02   -0.5713594E+02    0.2992747E+02   -0.2164852E+02   -0.8542344E+00   -0.5308230E-01    0.8019709E+01   -0.8816791E-01    0.2266360E-01    0.2756168E-02   -0.1752058E+00    0.5639830E-02    0.8267204E-02    0.2826584E-02    0.5234894E-02    0.1323891E+01
   -0.2689622E-03    0.1402341E-02   -0.1265308E-03   -0.1568786E-01   -0.2567056E-01   -0.7824716E-02    0.8244033E-03    0.5883193E+02    0.5440510E+02    0.1220790E+02    0.4207216E+01   -0.1941452E+01    0.2151465E+00    0.7638210E+00   -0.6739938E+01   -0.3588243E-01   -0.1574156E+00   -0.5144543E-01    0.1450134E+00    0.3040869E-03   -0.7184068E-03    0.2242944E-02    0.3735602E-02    0.2530586E-01
    0.1101310E-03   -0.5493845E-03    0.8088511E-04    0.8427985E-02    0.2236782E-01    0.9801752E-02    0.1144903E-02   -0.5713594E+02    0.1220790E+02    0.1702710E+03   -0.7740969E+02    0.4546256E+01    0.5059257E+00    0.4307788E+00   -0.8993939E+01   -0.2086926E-01   -0.5051147E-01    0.6039312E+00   -0.8105211E-01    0.1454087E-02   -0.1154563E-01    0.1212730E-02    0.1766264E-02   -0.5437575E-01
   -0.1403883E-03    0.7562798E-03   -0.8517677E-04   -0.1045584E-01   -0.1910361E-01   -0.6908549E-02    0.8605241E-03    0.2992747E+02    0.4207216E+01   -0.7740969E+02    0.4562315E+02    0.6057893E+00   -0.8451376E-01   -0.3440218E+00   -0.1877223E+01    0.8762131E-02    0.3846776E-01   -0.4691453E+00   -0.1308863E-01   -0.3985941E-03    0.5013425E-02    0.9894306E-04    0.5050888E-03    0.4748184E-01
    0.3060592E-04   -0.1276591E-03    0.1734449E-04    0.1620321E-02    0.3110386E-02    0.1022445E-02   -0.1133904E-04   -0.2164852E+02   -0.1941452E+01    0.4546256E+01    0.6057893E+00    0.3630479E+01    0.1382097E+00   -0.8594487E-01   -0.3012474E+01   -0.2982096E-03   -0.1818240E-01   -0.4560134E-01    0.5972147E-01    0.4190858E-03   -0.1009421E-02   -0.1603703E-03   -0.2281200E-03    0.1705003E-01
    0.6582342E-06   -0.1748027E-05    0.1977818E-06    0.3728980E-04    0.9654467E-04    0.4957992E-04   -0.1786838E-05   -0.8542344E+00    0.2151465E+00    0.5059257E+00   -0.8451376E-01    0.1382097E+00    0.1242598E-01    0.1438802E-01   -0.1620069E+00   -0.1659738E-03   -0.3570055E-03   -0.1459131E-02    0.6948880E-03    0.1924715E-04   -0.4257803E-04    0.1769453E-04    0.1355086E-04    0.1205887E-02
    0.1106754E-05   -0.6126865E-05   -0.2615112E-06    0.8213222E-04    0.1706156E-03    0.7315418E-04   -0.9317172E-05   -0.5308230E-01    0.7638210E+00    0.4307788E+00   -0.3440218E+00   -0.8594487E-01    0.1438802E-01    0.8060137E-01    0.8982992E-01   -0.4709886E-03   -0.6497999E-03    0.2313363E-03    0.1162170E-02    0.9129463E-05   -0.3224700E-04    0.2577845E-04    0.1836326E-04   -0.1064594E-02
   -0.4652474E-04    0.2157397E-03   -0.3029613E-04   -0.2597032E-02   -0.5885873E-02   -0.2642142E-02   -0.7800540E-04    0.8019709E+01   -0.6739938E+01   -0.8993939E+01   -0.1877223E+01   -0.3012474E+01   -0.1620069E+00    0.8982992E-01    0.7040513E+01    0.2636929E-02    0.1868776E-01    0.4766895E-01   -0.5986591E-01   -0.3573909E-03    0.7150956E-03   -0.2466891E-03   -0.1937733E-03   -0.4280512E-01
   -0.2814408E-06    0.5021941E-06   -0.1667397E-06    0.1615585E-05   -0.1366683E-04    0.2172537E-04    0.5916584E-06   -0.8816791E-01   -0.3588243E-01   -0.2086926E-01    0.8762131E-02   -0.2982096E-03   -0.1659738E-03   -0.4709886E-03    0.2636929E-02    0.3696771E-01    0.3471636E-02   -0.3309863E-03    0.3940955E-03    0.4075674E-04   -0.7442043E-05   -0.7507015E-05   -0.1250548E-04    0.2709889E-02
   -0.6376541E-06    0.3698870E-05   -0.4882856E-06    0.1427248E-04   -0.2799144E-04   -0.8347675E-05   -0.5864276E-06    0.2266360E-01   -0.1574156E+00   -0.5051147E-01    0.3846776E-01   -0.1818240E-01   -0.3570055E-03   -0.6497999E-03    0.1868776E-01    0.3471636E-02    0.3337582E-01   -0.2719000E-02    0.3092196E-02   -0.6034306E-04   -0.6320022E-04   -0.4562782E-04   -0.5354560E-04   -0.1315028E-02
    0.1091656E-05   -0.5547981E-05    0.8953117E-06    0.6240824E-04    0.1411134E-03    0.5351571E-04    0.7261125E-05    0.2756168E-02   -0.5144543E-01    0.6039312E+00   -0.4691453E+00   -0.4560134E-01   -0.1459131E-02    0.2313363E-03    0.4766895E-01   -0.3309863E-03   -0.2719000E-02    0.1323306E-01    0.1112548E-01    0.1093002E-05    0.6509472E-04    0.1763611E-04   -0.2099818E-05   -0.6165994E-03
   -0.7116200E-06    0.4649373E-05    0.2068930E-06   -0.2832124E-04   -0.6869116E-04   -0.2520404E-04   -0.7294357E-05   -0.1752058E+00    0.1450134E+00   -0.8105211E-01   -0.1308863E-01    0.5972147E-01    0.6948880E-03    0.1162170E-02   -0.5986591E-01    0.3940955E-03    0.3092196E-02    0.1112548E-01    0.3152760E-01    0.5433859E-05    0.8587676E-04   -0.1190434E-04   -0.1878221E-05   -0.3303389E-03
    0.3351259E-08   -0.1826968E-07    0.2588918E-08   -0.4248064E-06   -0.3332310E-06   -0.2573838E-06    0.2730494E-07    0.5639830E-02    0.3040869E-03    0.1454087E-02   -0.3985941E-03    0.4190858E-03    0.1924715E-04    0.9129463E-05   -0.3573909E-03    0.4075674E-04   -0.6034306E-04    0.1093002E-05    0.5433859E-05    0.9367700E-06   -0.7251666E-07    0.1457311E-06    0.3811073E-06   -0.6720682E-04
   -0.1384338E-07    0.7669276E-07   -0.7510442E-08   -0.1289670E-05   -0.2363103E-05   -0.6868610E-06    0.3265445E-07    0.8267204E-02   -0.7184068E-03   -0.1154563E-01    0.5013425E-02   -0.1009421E-02   -0.4257803E-04   -0.3224700E-04    0.7150956E-03   -0.7442043E-05   -0.6320022E-04    0.6509472E-04    0.8587676E-04   -0.7251666E-07    0.3128841E-05    0.5238983E-06    0.2003178E-06    0.7197662E-05
   -0.9985104E-07    0.3468544E-06   -0.9441291E-07   -0.9570630E-05   -0.1783551E-04   -0.1532130E-05    0.6762822E-07    0.2826584E-02    0.2242944E-02    0.1212730E-02    0.9894306E-04   -0.1603703E-03    0.1769453E-04    0.2577845E-04   -0.2466891E-03   -0.7507015E-05   -0.4562782E-04    0.1763611E-04   -0.1190434E-04    0.1457311E-06    0.5238983E-06    0.1916090E-04    0.5809427E-05    0.6456851E-04
   -0.2100751E-06   -0.3143529E-06    0.1281285E-07   -0.2959242E-05   -0.4385989E-05   -0.2329698E-05    0.1066133E-06    0.5234894E-02    0.3735602E-02    0.1766264E-02    0.5050888E-03   -0.2281200E-03    0.1355086E-04    0.1836326E-04   -0.1937733E-03   -0.1250548E-04   -0.5354560E-04   -0.2099818E-05   -0.1878221E-05    0.3811073E-06    0.2003178E-06    0.5809427E-05    0.1749538E-04    0.3057406E-04
   -0.3833661E-07   -0.4011020E-05    0.1648727E-05   -0.1898216E-04   -0.9451505E-04    0.2388204E-04   -0.3076319E-04    0.1323891E+01    0.2530586E-01   -0.5437575E-01    0.4748184E-01    0.1705003E-01    0.1205887E-02   -0.1064594E-02   -0.4280512E-01    0.2709889E-02   -0.1315028E-02   -0.6165994E-03   -0.3303389E-03   -0.6720682E-04    0.7197662E-05    0.6456851E-04    0.3057406E-04    0.9691122E+00
