# omegabh2 omegach2 theta tau nnu logA ns calPlanck acib217 xi asz143 aps100 aps143 aps143217 aps217 aksz kgal100 kgal143 kgal143217 kgal217 cal0 cal2
  5.3379225E-08   3.9524544E-07  -2.4356716E-08   3.1428810E-07   2.8510894E-05   1.7781786E-06   1.1705408E-06   1.4390343E-08  -3.6770620E-07  -1.1310432E-06   4.1093079E-06   2.8087038E-05  -8.9443204E-05  -6.0960265E-05  -3.3485252E-05   9.2749215E-06   9.3173363E-06   8.3934546E-06  -6.4435521E-06  -7.3391792E-06  -8.4159639E-10  -6.1981710E-10
  3.9524544E-07   1.5178640E-05  -1.4315351E-06   5.4763016E-07   8.4893163E-04   3.9414713E-05   2.3394084E-05  -8.7809041E-08   4.0813956E-03  -7.6291098E-05  -1.0432392E-03   2.0955094E-02   1.1331039E-02   3.9619303E-03   3.9043348E-04   1.8412968E-03   1.5053048E-04   2.9974307E-04   2.2675841E-04  -9.8199157E-04  -4.1920355E-10   9.0154723E-08
 -2.4356716E-08  -1.4315351E-06   3.1488429E-07   2.5178965E-08  -8.5177880E-05  -3.3422625E-06  -2.2958327E-06   3.0386260E-08  -4.0707550E-04   7.4621972E-06   8.7685845E-05  -1.9222827E-03  -1.1250205E-03  -4.5128075E-04  -8.7942229E-05  -1.7801137E-04  -1.0930890E-05  -3.1839585E-05  -2.7618598E-05   1.2031896E-04   3.9756610E-10  -5.5367210E-09
  3.1428810E-07   5.4763016E-07   2.5178965E-08   6.4489971E-05   1.2929820E-04   1.3079556E-04   1.1155745E-05   2.0590912E-09  -2.1985707E-03   3.4101551E-05   1.9471592E-04  -6.0943803E-03  -2.7324480E-03   8.3269204E-05   1.8247366E-03  -1.0169342E-03  -1.4446902E-04  -1.3302436E-04  -3.1077256E-04   5.7786984E-04  -1.3516002E-07  -6.5444114E-08
  2.8510894E-05   8.4893163E-04  -8.5177880E-05   1.2929820E-04   5.2895670E-02   2.4145593E-03   1.6677325E-03  -3.0398632E-06   2.4893410E-01  -4.4740644E-03  -6.4800002E-02   1.2922049E+00   6.7634024E-01   2.2855323E-01   1.3303904E-02   1.1451067E-01   8.1912400E-03   2.0690745E-02   1.3321936E-02  -6.4362520E-02  -1.6476445E-07   5.0821698E-06
  1.7781786E-06   3.9414713E-05  -3.3422625E-06   1.3079556E-04   2.4145593E-03   3.9148115E-04   8.0844270E-05   1.2374062E-05   5.3476772E-03  -6.1431383E-05  -2.2388999E-03   4.3263779E-02   2.3987620E-02   1.2979017E-02   1.0804991E-02   1.8329157E-03  -2.4229637E-04  -1.4652168E-04  -6.4492207E-04   2.2242209E-04  -7.8287356E-08   8.7518159E-08
  1.1705408E-06   2.3394084E-05  -2.2958327E-06   1.1155745E-05   1.6677325E-03   8.0844270E-05   7.0795668E-05   1.2728041E-07   3.1777107E-03  -4.8513197E-05  -9.7153203E-04   1.6742779E-02   1.4326916E-02   8.9535035E-03   5.6971751E-03   1.0092959E-03   6.1093440E-04   4.0585805E-04   1.0085799E-04  -7.2237947E-04  -1.4067605E-07   5.9657295E-08
  1.4390343E-08  -8.7809041E-08   3.0386260E-08   2.0590912E-09  -3.0398632E-06   1.2374062E-05   1.2728041E-07   6.2041209E-06   4.7696652E-04   1.0035237E-05   6.4956053E-06   3.1937630E-03   3.9738840E-04   5.5207367E-04   1.5098689E-03  -2.9652411E-06   5.3319326E-06  -4.1490365E-05  -3.5712450E-05   8.3630790E-04   1.6601876E-08  -8.3925330E-09
 -3.6770620E-07   4.0813956E-03  -4.0707550E-04  -2.1985707E-03   2.4893410E-01   5.3476772E-03   3.1777107E-03   4.7696652E-04   4.5700392E+01  -3.7959136E-01  -1.1832417E+00   4.1464453E+01   6.0222599E+00  -1.1119478E+01  -5.4326141E+01   4.4094821E-01   1.9084362E-01   7.0203643E-01  -5.6440756E+00  -3.3614359E+01  -1.9828370E-04   7.2035464E-04
 -1.1310432E-06  -7.6291098E-05   7.4621972E-06   3.4101551E-05  -4.4740644E-03  -6.1431383E-05  -4.8513197E-05   1.0035237E-05  -3.7959136E-01   8.2358034E-02  -4.8364491E-02  -5.6091032E-01   8.3891944E-01   1.5806038E+00   5.8700256E-01   4.2145076E-02  -6.3973424E-03   9.3923951E-03   9.6515721E-02   1.1551793E-01   4.2646189E-06  -2.1052916E-06
  4.1093079E-06  -1.0432392E-03   8.7685845E-05   1.9471592E-04  -6.4800002E-02  -2.2388999E-03  -9.7153203E-04   6.4956053E-06  -1.1832417E+00  -4.8364491E-02   4.1175033E+00  -3.2816938E+01  -4.1501297E+00   7.8620565E+00   5.6912436E+00  -3.2123348E+00  -2.0211781E-01   1.8587044E-01   2.7805470E+00   3.5647997E+00   1.0044022E-04  -4.8521590E-05
  2.8087038E-05   2.0955094E-02  -1.9222827E-03  -6.0943803E-03   1.2922049E+00   4.3263779E-02   1.6742779E-02   3.1937630E-03   4.1464453E+01  -5.6091032E-01  -3.2816938E+01   8.2203080E+02   9.0266930E+01  -4.7197925E+01  -5.8732010E+01   1.7953499E+01  -6.4570160E+00   6.0467350E+00  -1.1861420E+01  -2.5017513E+01   3.9575346E-03   7.7351468E-04
 -8.9443204E-05   1.1331039E-02  -1.1250205E-03  -2.7324480E-03   6.7634024E-01   2.3987620E-02   1.4326916E-02   3.9738840E-04   6.0222599E+00   8.3891944E-01  -4.1501297E+00   9.0266930E+01   7.3161935E+01   4.4483548E+01   1.6194885E+01  -3.7943074E+00  -4.4056289E-01  -9.5746651E-01   3.9499810E+00   3.4510340E+00   1.5156907E-04   2.0294495E-04
 -6.0960265E-05   3.9619303E-03  -4.5128075E-04   8.3269204E-05   2.2855323E-01   1.2979017E-02   8.9535035E-03   5.5207367E-04  -1.1119478E+01   1.5806038E+00   7.8620565E+00  -4.7197925E+01   4.4483548E+01   8.7128120E+01   5.4797753E+01  -1.2703815E+01  -8.9636938E-01  -5.0307618E-01   5.5309913E+00   8.3793297E+00   4.7023578E-04  -3.1932929E-04
 -3.3485252E-05   3.9043348E-04  -8.7942229E-05   1.8247366E-03   1.3303904E-02   1.0804991E-02   5.6971751E-03   1.5098689E-03  -5.4326141E+01   5.8700256E-01   5.6912436E+00  -5.8732010E+01   1.6194885E+01   5.4797753E+01   1.0456340E+02  -1.0291314E+01  -7.0162008E-01  -1.3339290E+00   5.7099851E+00   3.3624253E+01   5.0595908E-04  -1.2739211E-03
  9.2749215E-06   1.8412968E-03  -1.7801137E-04  -1.0169342E-03   1.1451067E-01   1.8329157E-03   1.0092959E-03  -2.9652411E-06   4.4094821E-01   4.2145076E-02  -3.2123348E+00   1.7953499E+01  -3.7943074E+00  -1.2703815E+01  -1.0291314E+01   6.9251052E+00   1.2650627E-01  -2.2900761E-01  -2.3578228E+00  -2.8436486E+00  -6.6965402E-05   1.6728818E-05
  9.3173363E-06   1.5053048E-04  -1.0930890E-05  -1.4446902E-04   8.1912400E-03  -2.4229637E-04   6.1093440E-04   5.3319326E-06   1.9084362E-01  -6.3973424E-03  -2.0211781E-01  -6.4570160E+00  -4.4056289E-01  -8.9636938E-01  -7.0162008E-01   1.2650627E-01   3.3466427E+00   5.7814653E-01   2.1252846E-01   1.6633981E-01   1.4879734E-04  -2.0993487E-06
  8.3934546E-06   2.9974307E-04  -3.1839585E-05  -1.3302436E-04   2.0690745E-02  -1.4652168E-04   4.0585805E-04  -4.1490365E-05   7.0203643E-01   9.3923951E-03   1.8587044E-01   6.0467350E+00  -9.5746651E-01  -5.0307618E-01  -1.3339290E+00  -2.2900761E-01   5.7814653E-01   3.2049938E+00   2.8146732E+00   2.7837066E+00  -1.8778120E-04  -4.5835492E-05
 -6.4435521E-06   2.2675841E-04  -2.7618598E-05  -3.1077256E-04   1.3321936E-02  -6.4492207E-04   1.0085799E-04  -3.5712450E-05  -5.6440756E+00   9.6515721E-02   2.7805470E+00  -1.1861420E+01   3.9499810E+00   5.5309913E+00   5.7099851E+00  -2.3578228E+00   2.1252846E-01   2.8146732E+00   1.1047587E+01   1.9549577E+01  -2.9666197E-05   3.9263407E-04
 -7.3391792E-06  -9.8199157E-04   1.2031896E-04   5.7786984E-04  -6.4362520E-02   2.2242209E-04  -7.2237947E-04   8.3630790E-04  -3.3614359E+01   1.1551793E-01   3.5647997E+00  -2.5017513E+01   3.4510340E+00   8.3793297E+00   3.3624253E+01  -2.8436486E+00   1.6633981E-01   2.7837066E+00   1.9549577E+01   5.4181893E+01   7.5430765E-05   9.0414071E-04
 -8.4159639E-10  -4.1920355E-10   3.9756610E-10  -1.3516002E-07  -1.6476445E-07  -7.8287356E-08  -1.4067605E-07   1.6601876E-08  -1.9828370E-04   4.2646189E-06   1.0044022E-04   3.9575346E-03   1.5156907E-04   4.7023578E-04   5.0595908E-04  -6.6965402E-05   1.4879734E-04  -1.8778120E-04  -2.9666197E-05   7.5430765E-05   3.7524473E-07   2.6658867E-09
 -6.1981710E-10   9.0154723E-08  -5.5367210E-09  -6.5444114E-08   5.0821698E-06   8.7518159E-08   5.9657295E-08  -8.3925330E-09   7.2035464E-04  -2.1052916E-06  -4.8521590E-05   7.7351468E-04   2.0294495E-04  -3.1932929E-04  -1.2739211E-03   1.6728818E-05  -2.0993487E-06  -4.5835492E-05   3.9263407E-04   9.0414071E-04   2.6658867E-09   3.8662404E-07
