# omegabh2 omegach2 theta tau w ns logA aps100 aps143 aps217 acib143 acib217 asz143 psr cibr cal0 cal2 xi aksz bm_1_1
7.715300E-08 -4.255900E-07 8.147200E-08 1.063200E-06 -1.343200E-06 1.171700E-06 1.290500E-06 -1.014200E-03 -4.111500E-04 -2.394900E-04 -1.640700E-04 -1.758700E-04 9.632286E-06 -1.038400E-07 -2.125000E-06 1.797700E-09 -2.250700E-09 -1.397100E-06 -7.339063E-05 -1.495100E-05
-4.255900E-07 7.177800E-06 -7.724600E-07 -1.134300E-05 -7.809100E-05 -1.611900E-05 -5.579300E-06 5.239900E-03 3.416700E-03 2.813100E-03 2.876900E-04 1.008200E-05 -2.801583E-04 1.467900E-06 -1.211700E-05 -2.865100E-08 9.503600E-09 1.574700E-05 6.521623E-05 1.234500E-04
8.147200E-08 -7.724600E-07 4.010600E-07 1.549000E-06 6.072400E-06 2.300900E-06 1.597900E-06 -7.922000E-04 -3.484700E-04 -2.999900E-04 -1.091600E-04 -2.885200E-05 4.227194E-05 -1.601300E-07 1.366100E-06 5.609400E-09 -3.812000E-09 -3.087500E-06 -4.343909E-05 -1.653900E-05
1.063200E-06 -1.134300E-05 1.549000E-06 2.002000E-04 2.270000E-04 3.742200E-05 3.732900E-04 -1.817000E-02 -3.574500E-03 1.671900E-03 -4.677100E-03 -6.797000E-03 -1.478367E-03 -3.416600E-06 -1.340500E-04 3.112400E-08 -3.274500E-08 -7.905600E-06 -3.111373E-03 -3.481100E-04
-1.343200E-06 -7.809100E-05 6.072400E-06 2.270000E-04 1.135900E-01 2.036100E-04 2.132000E-04 3.108900E-01 -2.926000E-02 -6.946600E-02 4.473800E-02 6.481000E-02 7.147479E-03 9.863600E-05 4.588800E-04 -1.779500E-07 4.327000E-06 -6.687500E-04 1.511009E-03 -8.748300E-04
1.171700E-06 -1.611900E-05 2.300900E-06 3.742200E-05 2.036100E-04 5.529500E-05 3.476100E-05 -2.960200E-02 -1.603000E-03 5.766400E-03 -5.936100E-03 -8.401200E-03 -1.695098E-03 -2.635300E-07 -1.798600E-04 -9.590700E-09 1.145400E-07 -2.756300E-05 -3.464349E-03 -5.717400E-04
1.290500E-06 -5.579300E-06 1.597900E-06 3.732900E-04 2.132000E-04 3.476100E-05 7.402500E-04 -1.101300E-02 1.068100E-02 2.087500E-02 -1.126100E-02 -1.862200E-02 -6.400262E-03 -1.101500E-06 -4.642800E-04 4.498600E-08 1.151300E-07 5.714600E-05 -7.931471E-03 5.836600E-06
-1.014200E-03 5.239900E-03 -7.922000E-04 -1.817000E-02 3.108900E-01 -2.960200E-02 -1.101300E-02 2.793500E+03 2.153100E+02 1.364800E+02 1.013400E+02 -3.828100E+01 -1.386476E+02 4.227700E-02 -5.511300E+00 7.252800E-04 3.461500E-03 2.785000E+00 -1.234429E+01 1.125600E+01
-4.111500E-04 3.416700E-03 -3.484700E-04 -3.574500E-03 -2.926000E-02 -1.603000E-03 1.068100E-02 2.153100E+02 1.683900E+02 1.255500E+02 -3.075000E+01 -4.472700E+01 -2.497133E+01 2.913900E-02 -1.480100E+00 -3.528600E-05 1.557400E-04 5.310400E-01 -1.246544E+01 4.025900E-01
-2.394900E-04 2.813100E-03 -2.999900E-04 1.671900E-03 -6.946600E-02 5.766400E-03 2.087500E-02 1.364800E+02 1.255500E+02 2.176300E+02 -2.750400E+01 -8.461500E+01 -2.046070E+01 4.053000E-02 -2.095500E+00 5.446500E-06 -4.586900E-03 5.111700E-01 -1.325553E+01 3.130400E-01
-1.640700E-04 2.876900E-04 -1.091600E-04 -4.677100E-03 4.473800E-02 -5.936100E-03 -1.126100E-02 1.013400E+02 -3.075000E+01 -2.750400E+01 2.976100E+01 1.627500E+01 -4.982085E+00 -6.739100E-03 1.475600E-02 -6.422500E-05 -7.951500E-05 2.482500E-01 -8.379067E-01 -7.776800E-01
-1.758700E-04 1.008200E-05 -2.885200E-05 -6.797000E-03 6.481000E-02 -8.401200E-03 -1.862200E-02 -3.828100E+01 -4.472700E+01 -8.461500E+01 1.627500E+01 4.371900E+01 1.065144E+01 -1.726600E-02 1.063900E+00 3.150000E-05 2.381900E-03 -2.404500E-01 -4.786775E-01 -1.516500E-01
9.632286E-06 -2.801583E-04 4.227194E-05 -1.478367E-03 7.147479E-03 -1.695098E-03 -6.400262E-03 -1.386476E+02 -2.497133E+01 -2.046070E+01 -4.982085E+00 1.065144E+01 1.602339E+01 -6.262617E-03 7.224215E-01 7.344594E-05 -6.541264E-04 -3.071742E-01 -2.993702E-01 4.140099E-01
-1.038400E-07 1.467900E-06 -1.601300E-07 -3.416600E-06 9.863600E-05 -2.635300E-07 -1.101500E-06 4.227700E-02 2.913900E-02 4.053000E-02 -6.739100E-03 -1.726600E-02 -6.262617E-03 1.766600E-04 -4.874600E-04 -1.783600E-08 -3.737200E-07 2.250000E-04 -1.970310E-03 1.062700E-04
-2.125000E-06 -1.211700E-05 1.366100E-06 -1.340500E-04 4.588800E-04 -1.798600E-04 -4.642800E-04 -5.511300E+00 -1.480100E+00 -2.095500E+00 1.475600E-02 1.063900E+00 7.224215E-01 -4.874600E-04 5.099100E-02 2.968300E-06 2.215000E-05 -1.201300E-02 -8.433577E-03 1.840900E-02
1.797700E-09 -2.865100E-08 5.609400E-09 3.112400E-08 -1.779500E-07 -9.590700E-09 4.498600E-08 7.252800E-04 -3.528600E-05 5.446500E-06 -6.422500E-05 3.150000E-05 7.344594E-05 -1.783600E-08 2.968300E-06 1.549800E-07 -2.612600E-09 5.732100E-08 -1.953072E-05 -3.313200E-05
-2.250700E-09 9.503600E-09 -3.812000E-09 -3.274500E-08 4.327000E-06 1.145400E-07 1.151300E-07 3.461500E-03 1.557400E-04 -4.586900E-03 -7.951500E-05 2.381900E-03 -6.541264E-04 -3.737200E-07 2.215000E-05 -2.612600E-09 9.479600E-07 -3.689500E-06 7.933528E-05 -7.543200E-06
-1.397100E-06 1.574700E-05 -3.087500E-06 -7.905600E-06 -6.687500E-04 -2.756300E-05 5.714600E-05 2.785000E+00 5.310400E-01 5.111700E-01 2.482500E-01 -2.404500E-01 -3.071742E-01 2.250000E-04 -1.201300E-02 5.732100E-08 -3.689500E-06 3.008500E-02 1.651253E-02 -1.403000E-02
-7.339063E-05 6.521623E-05 -4.343909E-05 -3.111373E-03 1.511009E-03 -3.464349E-03 -7.931471E-03 -1.234429E+01 -1.246544E+01 -1.325553E+01 -8.379067E-01 -4.786775E-01 -2.993702E-01 -1.970310E-03 -8.433577E-03 -1.953072E-05 7.933528E-05 1.651253E-02 8.438557E+00 -5.021269E-02
-1.495100E-05 1.234500E-04 -1.653900E-05 -3.481100E-04 -8.748300E-04 -5.717400E-04 5.836600E-06 1.125600E+01 4.025900E-01 3.130400E-01 -7.776800E-01 -1.516500E-01 4.140099E-01 1.062700E-04 1.840900E-02 -3.313200E-05 -7.543200E-06 -1.403000E-02 -5.021269E-02 6.145500E-01
