# omegabh2 omegach2 theta tau yhe logA ns calPlanck galfEE100 galfEE100143 galfEE100217 galfEE143 galfEE143217 galfEE217
    0.1855806E-05   -0.4438278E-05    0.1349889E-05    0.5847357E-05    0.2889552E-04    0.2013288E-04    0.1743273E-04    0.5692623E-07   -0.5350408E-06   -0.1315476E-06   -0.9722154E-07   -0.2225761E-06    0.3376716E-06    0.1807368E-05
   -0.4438278E-05    0.2091224E-04    0.2318160E-06   -0.1149777E-04    0.4187344E-04   -0.2054414E-04   -0.3577711E-04   -0.3103610E-06   -0.3548734E-05   -0.1384635E-05   -0.2661292E-06   -0.1349309E-05   -0.1220811E-05   -0.7621994E-05
    0.1349889E-05    0.2318160E-06    0.4814125E-05    0.1198037E-04    0.1119100E-03    0.2830328E-04    0.2788884E-04   -0.5257664E-07   -0.5304119E-06   -0.5942466E-07   -0.2178146E-06   -0.1280797E-06   -0.3522418E-07   -0.7311035E-06
    0.5847357E-05   -0.1149777E-04    0.1198037E-04    0.5250289E-03    0.3192798E-03    0.1058276E-02    0.1491264E-03   -0.1960186E-06    0.1358237E-04    0.4514051E-05   -0.3999454E-05    0.4370882E-05    0.8098033E-06   -0.9591705E-05
    0.2889552E-04    0.4187344E-04    0.1119100E-03    0.3192798E-03    0.3132500E-02    0.7790814E-03    0.6729742E-03   -0.1818823E-05   -0.2284790E-04   -0.4890053E-05   -0.1057274E-04   -0.7276759E-05   -0.1626024E-05   -0.1941494E-04
    0.2013288E-04   -0.2054414E-04    0.2830328E-04    0.1058276E-02    0.7790814E-03    0.2306319E-02    0.3483397E-03    0.1187814E-04    0.1027072E-04    0.2641780E-05   -0.9730799E-05    0.2379233E-05    0.2759851E-06   -0.1782127E-04
    0.1743273E-04   -0.3577711E-04    0.2788884E-04    0.1491264E-03    0.6729742E-03    0.3483397E-03    0.3261510E-03    0.2716868E-06    0.2161117E-04    0.8366133E-05   -0.3353327E-05    0.8930363E-05   -0.2661766E-05   -0.1269820E-05
    0.5692623E-07   -0.3103610E-06   -0.5257664E-07   -0.1960186E-06   -0.1818823E-05    0.1187814E-04    0.2716868E-06    0.6257634E-05    0.1816176E-05    0.4219054E-06   -0.1077761E-07    0.7779481E-06    0.7316171E-06    0.1345487E-05
   -0.5350408E-06   -0.3548734E-05   -0.5304119E-06    0.1358237E-04   -0.2284790E-04    0.1027072E-04    0.2161117E-04    0.1816176E-05    0.1352786E-03    0.1412468E-04   -0.1855361E-05    0.6298696E-05   -0.1492479E-05   -0.1406387E-05
   -0.1315476E-06   -0.1384635E-05   -0.5942466E-07    0.4514051E-05   -0.4890053E-05    0.2641780E-05    0.8366133E-05    0.4219054E-06    0.1412468E-04    0.1532620E-04   -0.4948228E-06    0.7662519E-05   -0.3569601E-06   -0.6028242E-06
   -0.9722154E-07   -0.2661292E-06   -0.2178146E-06   -0.3999454E-05   -0.1057274E-04   -0.9730799E-05   -0.3353327E-05   -0.1077761E-07   -0.1855361E-05   -0.4948228E-06    0.2244175E-03   -0.1004356E-06   -0.7010683E-06   -0.7642209E-05
   -0.2225761E-06   -0.1349309E-05   -0.1280797E-06    0.4370882E-05   -0.7276759E-05    0.2379233E-05    0.8930363E-05    0.7779481E-06    0.6298696E-05    0.7662519E-05   -0.1004356E-06    0.3146356E-04    0.1233986E-06   -0.1450759E-05
    0.3376716E-06   -0.1220811E-05   -0.3522418E-07    0.8098033E-06   -0.1626024E-05    0.2759851E-06   -0.2661766E-05    0.7316171E-06   -0.1492479E-05   -0.3569601E-06   -0.7010683E-06    0.1233986E-06    0.3975218E-03    0.9779375E-05
    0.1807368E-05   -0.7621994E-05   -0.7311035E-06   -0.9591705E-05   -0.1941494E-04   -0.1782127E-04   -0.1269820E-05    0.1345487E-05   -0.1406387E-05   -0.6028242E-06   -0.7642209E-05   -0.1450759E-05    0.9779375E-05    0.3454478E-02
