# omegabh2 omegach2 theta tau yhe logA ns calPlanck galfTE100 galfTE100143 galfTE100217 galfTE143 galfTE143217 galfTE217 cal0
    0.1048357E-06   -0.2692201E-06    0.3857018E-06    0.1671229E-05    0.9635985E-05    0.3718863E-05    0.3623261E-05   -0.1071329E-07   -0.9040182E-06   -0.3086113E-06   -0.7078276E-06   -0.1797922E-06   -0.6541669E-06   -0.2444379E-05    0.2799651E-08
   -0.2692201E-06    0.4158783E-05   -0.9676607E-06   -0.9220489E-05   -0.1779062E-04   -0.8703356E-05   -0.1294197E-04   -0.1358963E-06    0.4731652E-05    0.1573004E-05   -0.2342658E-05    0.1031982E-05    0.4216522E-05    0.1837738E-04   -0.1340842E-08
    0.3857018E-06   -0.9676607E-06    0.3077073E-05    0.2625788E-05    0.7695583E-04    0.5418886E-05    0.1842679E-04   -0.1324145E-06    0.1634512E-06    0.7854752E-06   -0.2243101E-05   -0.3655828E-06   -0.1239986E-05   -0.4752881E-05    0.1560899E-07
    0.1671229E-05   -0.9220489E-05    0.2625788E-05    0.4518400E-03    0.5108560E-04    0.9378679E-03    0.9824499E-04    0.7971894E-06   -0.2915256E-04   -0.1375231E-04    0.1168568E-05   -0.3910558E-05    0.4710789E-05   -0.1735728E-04    0.1159181E-06
    0.9635985E-05   -0.1779062E-04    0.7695583E-04    0.5108560E-04    0.2107974E-02    0.1207904E-03    0.4739639E-03   -0.3912739E-05    0.1043589E-04    0.2377804E-04   -0.2187291E-04   -0.8207080E-05   -0.1482084E-04   -0.6521677E-04    0.3139647E-06
    0.3718863E-05   -0.8703356E-05    0.5418886E-05    0.9378679E-03    0.1207904E-03    0.2046108E-02    0.2122345E-03    0.1371202E-04   -0.4217705E-04   -0.2316989E-04   -0.2121766E-04   -0.4114292E-05    0.3463673E-04    0.6118048E-04    0.3627744E-06
    0.3623261E-05   -0.1294197E-04    0.1842679E-04    0.9824499E-04    0.4739639E-03    0.2122345E-03    0.2101767E-03   -0.1299975E-06   -0.3925051E-04   -0.1309564E-04   -0.2127890E-04   -0.4453985E-05    0.2127900E-05   -0.2739177E-04    0.3729665E-07
   -0.1071329E-07   -0.1358963E-06   -0.1324145E-06    0.7971894E-06   -0.3912739E-05    0.1371202E-04   -0.1299975E-06    0.6072223E-05    0.2947153E-05    0.1082101E-05   -0.3592877E-06   -0.3353105E-06   -0.1885798E-06    0.5802738E-05   -0.1218790E-08
   -0.9040182E-06    0.4731652E-05    0.1634512E-06   -0.2915256E-04    0.1043589E-04   -0.4217705E-04   -0.3925051E-04    0.2947153E-05    0.5810218E-02    0.1789447E-02    0.1643548E-02   -0.6857399E-03   -0.1204308E-03   -0.1403325E-03   -0.1123615E-05
   -0.3086113E-06    0.1573004E-05    0.7854752E-06   -0.1375231E-04    0.2377804E-04   -0.2316989E-04   -0.1309564E-04    0.1082101E-05    0.1789447E-02    0.1207002E-02    0.8113976E-03    0.2088841E-03    0.5046066E-05   -0.2075426E-03   -0.3221110E-06
   -0.7078276E-06   -0.2342658E-05   -0.2243101E-05    0.1168568E-05   -0.2187291E-04   -0.2121766E-04   -0.2127890E-04   -0.3592877E-06    0.1643548E-02    0.8113976E-03    0.3312634E-01   -0.5066242E-03    0.1506244E-02    0.1067725E-01    0.4548832E-06
   -0.1797922E-06    0.1031982E-05   -0.3655828E-06   -0.3910558E-05   -0.8207080E-05   -0.4114292E-05   -0.4453985E-05   -0.3353105E-06   -0.6857399E-03    0.2088841E-03   -0.5066242E-03    0.1385016E-02    0.1944203E-03   -0.3857328E-03    0.3081934E-06
   -0.6541669E-06    0.4216522E-05   -0.1239986E-05    0.4710789E-05   -0.1482084E-04    0.3463673E-04    0.2127900E-05   -0.1885798E-06   -0.1204308E-03    0.5046066E-05    0.1506244E-02    0.1944203E-03    0.5094142E-02    0.3956315E-02    0.1290338E-06
   -0.2444379E-05    0.1837738E-04   -0.4752881E-05   -0.1735728E-04   -0.6521677E-04    0.6118048E-04   -0.2739177E-04    0.5802738E-05   -0.1403325E-03   -0.2075426E-03    0.1067725E-01   -0.3857328E-03    0.3956315E-02    0.3471306E-01    0.2478860E-05
    0.2799651E-08   -0.1340842E-08    0.1560899E-07    0.1159181E-06    0.3139647E-06    0.3627744E-06    0.3729665E-07   -0.1218790E-08   -0.1123615E-05   -0.3221110E-06    0.4548832E-06    0.3081934E-06    0.1290338E-06    0.2478860E-05    0.9944095E-06
