# omegabh2 omegach2 theta tau mnu Alens ns logA aps100 aps143 aps217 acib143 acib217 asz143 psr cibr ncib cal0 cal2 xi aksz bm_1_1 bm_1_2 bm_1_3 bm_1_4 bm_1_5 bm_2_1 bm_2_2 bm_2_3 bm_2_4 bm_2_5 bm_3_1 bm_3_2 bm_3_3 bm_3_4 bm_3_5 bm_4_1 bm_4_2 bm_4_3 bm_4_4 bm_4_5
    0.15070E-06   -0.89932E-06    0.18097E-06    0.90743E-06   -0.46022E-04    0.25075E-04    0.28361E-05    0.26266E-06   -0.30204E-02   -0.13934E-02   -0.39054E-03   -0.25395E-03   -0.41414E-03    0.42418E-04    0.30307E-06   -0.96246E-05   -0.33763E-05    0.80848E-09   -0.27092E-07    0.18865E-05   -0.12397E-03   -0.24564E-04   -0.11539E-04    0.35375E-06   -0.53036E-05    0.56326E-05    0.71111E-05   -0.10773E-05    0.68374E-05    0.11499E-05   -0.13801E-05   -0.12755E-04   -0.43817E-05   -0.38977E-05   -0.18386E-05   -0.86056E-06   -0.54909E-05    0.68070E-05   -0.33858E-05   -0.52522E-05    0.23795E-05
   -0.89932E-06    0.10146E-04   -0.13769E-05   -0.95398E-05    0.23243E-03   -0.21706E-03   -0.26648E-04    0.26730E-05    0.18006E-01    0.86539E-02    0.32807E-02    0.10948E-02    0.20548E-02   -0.16341E-03   -0.28286E-05    0.54487E-04    0.12898E-04   -0.41803E-08    0.20519E-06   -0.78456E-05    0.47592E-03    0.23273E-03   -0.38307E-05   -0.40259E-04    0.28647E-04   -0.42422E-04   -0.79988E-05   -0.10196E-04   -0.27996E-04   -0.13516E-04    0.13026E-04    0.84651E-04    0.27392E-04    0.46457E-04    0.10198E-04   -0.25053E-04    0.60475E-04   -0.24055E-04    0.16731E-04    0.30246E-04    0.11755E-04
    0.18097E-06   -0.13769E-05    0.53885E-06    0.14476E-05   -0.82269E-04    0.28961E-04    0.44273E-05    0.62423E-06   -0.31345E-02   -0.15532E-02   -0.57614E-03   -0.19902E-03   -0.36716E-03    0.20941E-04    0.71313E-06   -0.10716E-04   -0.18967E-05    0.17240E-08   -0.31050E-07    0.34648E-05   -0.91923E-04   -0.30637E-04   -0.12138E-04    0.12852E-05   -0.69343E-06   -0.16372E-05    0.67166E-05    0.68684E-06    0.52242E-05   -0.59694E-05    0.77808E-05   -0.16554E-04   -0.36330E-05    0.67011E-05    0.67603E-05   -0.78917E-05   -0.65083E-05    0.53527E-06    0.47806E-05   -0.91921E-05    0.85215E-06
    0.90743E-06   -0.95398E-05    0.14476E-05    0.17350E-03   -0.19378E-03   -0.19828E-03    0.34016E-04    0.32453E-03   -0.33300E-01   -0.93911E-02   -0.18372E-02   -0.25608E-02   -0.36683E-02    0.97233E-05    0.13451E-04   -0.14500E-03   -0.53160E-05   -0.48804E-07   -0.35320E-06    0.32132E-04   -0.16199E-02   -0.26246E-03    0.10076E-03    0.73879E-04    0.12103E-04   -0.16909E-03   -0.76944E-04    0.25846E-03    0.67387E-05   -0.25726E-03   -0.15318E-03   -0.10757E-03   -0.43407E-04   -0.60469E-05   -0.13247E-03    0.16661E-03   -0.16731E-03    0.11686E-03    0.12710E-03    0.68831E-05   -0.33228E-03
   -0.46022E-04    0.23243E-03   -0.82269E-04   -0.19378E-03    0.11207E+00    0.13275E-01   -0.12443E-02   -0.43899E-03    0.88700E+00    0.37468E+00    0.20087E+00    0.64131E-01    0.84108E-01    0.71387E-02   -0.29999E-03    0.32855E-02   -0.51364E-04    0.13302E-07    0.45756E-05   -0.10317E-02    0.51451E-01    0.30070E-02    0.25927E-02    0.21084E-02   -0.21506E-02    0.25814E-02   -0.18786E-02   -0.29100E-02    0.24139E-02   -0.18503E-02   -0.79334E-03    0.95931E-03    0.43308E-02   -0.47836E-02    0.67660E-03   -0.82493E-03   -0.31235E-03   -0.22877E-03   -0.10964E-02   -0.59341E-02   -0.42935E-03
    0.25075E-04   -0.21706E-03    0.28961E-04   -0.19828E-03    0.13275E-01    0.19819E-01    0.55281E-03   -0.89677E-03   -0.84878E+00   -0.26922E+00   -0.42663E-02   -0.83062E-01   -0.11924E+00    0.61522E-02    0.28447E-03   -0.31222E-02   -0.76578E-03    0.59906E-07   -0.65011E-05    0.48523E-03   -0.27324E-01   -0.59727E-02    0.21992E-02    0.36902E-03   -0.16972E-02    0.45809E-02    0.73741E-03    0.10465E-02    0.15428E-02    0.11337E-02   -0.14618E-02   -0.33956E-02   -0.67780E-03   -0.54654E-02    0.56066E-03    0.16681E-02   -0.25275E-02    0.24394E-02   -0.96495E-03   -0.91018E-03   -0.11997E-02
    0.28361E-05   -0.26648E-04    0.44273E-05    0.34016E-04   -0.12443E-02    0.55281E-03    0.94327E-04    0.13410E-04   -0.10425E+00   -0.27601E-01   -0.48497E-03   -0.87881E-02   -0.12360E-01    0.41001E-03    0.41084E-04   -0.39960E-03   -0.51766E-04   -0.33597E-07   -0.58927E-06    0.50381E-04   -0.44202E-02   -0.56966E-03   -0.16245E-03    0.95719E-05   -0.22857E-04    0.78285E-04    0.31651E-03    0.16675E-03    0.91084E-04    0.45614E-05   -0.14160E-04   -0.25329E-03   -0.12861E-03   -0.18429E-03    0.26509E-04   -0.30656E-04    0.29028E-04    0.14705E-03    0.81909E-04   -0.11384E-03   -0.37990E-04
    0.26266E-06    0.26730E-05    0.62423E-06    0.32453E-03   -0.43899E-03   -0.89677E-03    0.13410E-04    0.66164E-03   -0.50755E-01    0.38986E-02    0.97755E-02   -0.68723E-02   -0.63709E-02   -0.12528E-02    0.35767E-04   -0.34342E-03    0.29460E-04   -0.12953E-07    0.54622E-07    0.97322E-04   -0.40712E-02    0.63748E-03    0.40440E-03   -0.13099E-05    0.10136E-03   -0.33932E-03    0.12585E-03    0.62472E-03   -0.67008E-04   -0.46552E-03   -0.33693E-03   -0.12933E-05   -0.26402E-04    0.45162E-04   -0.31258E-03    0.14617E-03    0.10368E-04    0.32966E-03    0.39776E-03    0.18512E-03   -0.61747E-03
   -0.30204E-02    0.18006E-01   -0.31345E-02   -0.33300E-01    0.88700E+00   -0.84878E+00   -0.10425E+00   -0.50755E-01    0.26023E+04    0.92659E+02   -0.11554E+03    0.10290E+03    0.93176E+02   -0.73858E+02   -0.91646E+00   -0.28491E+00    0.14594E+01    0.94172E-03   -0.20484E-02   -0.24984E+00   -0.14551E+02    0.11131E+02   -0.90990E+01    0.50730E+00   -0.43787E+00   -0.26140E+00   -0.48340E+00   -0.44550E+01   -0.54211E+00    0.65220E+00   -0.40491E+00    0.14862E+01    0.77119E+00    0.68024E+00   -0.30212E+00   -0.28644E+01    0.12235E+01   -0.15256E+01   -0.19373E+01   -0.18201E+00    0.34795E+01
   -0.13934E-02    0.86539E-02   -0.15532E-02   -0.93911E-02    0.37468E+00   -0.26922E+00   -0.27601E-01    0.38986E-02    0.92659E+02    0.16899E+03    0.44133E+02   -0.24294E+02   -0.19776E+01   -0.75695E+01   -0.30746E+00   -0.28568E-01   -0.11734E+00    0.11775E-03    0.31704E-02    0.99975E+00   -0.11481E+02    0.10422E+01    0.40693E+00    0.13955E+00    0.18684E+00    0.37336E-01   -0.16292E+01   -0.66033E+00    0.55092E-01    0.29220E-01   -0.10991E+00    0.12032E+01   -0.28821E-01    0.49455E+00    0.10162E+00   -0.94727E-01   -0.36117E+00   -0.43799E+00   -0.10912E+00    0.15053E+00    0.11940E+00
   -0.39054E-03    0.32807E-02   -0.57614E-03   -0.18372E-02    0.20087E+00   -0.42663E-02   -0.48497E-03    0.97755E-02   -0.11554E+03    0.44133E+02    0.17919E+03   -0.23092E+02   -0.58858E+02    0.50117E+01   -0.12012E+00   -0.78375E+00   -0.10005E+01    0.18117E-03   -0.34716E-02    0.26160E+00   -0.10037E+02    0.12256E+01    0.71378E+00   -0.19260E+00   -0.13702E+00    0.35558E-01    0.10227E+01    0.41566E+00   -0.27602E+00    0.57986E-01    0.32738E+00   -0.90760E+00    0.54570E+00   -0.46043E+00    0.54872E+00    0.18833E+00    0.19904E+00    0.10860E+00    0.38091E+00    0.21054E+00   -0.21711E+00
   -0.25395E-03    0.10948E-02   -0.19902E-03   -0.25608E-02    0.64131E-01   -0.83062E-01   -0.87881E-02   -0.68723E-02    0.10290E+03   -0.24294E+02   -0.23092E+02    0.21576E+02    0.13419E+02   -0.31152E+01    0.45278E-01    0.11518E+00    0.23046E+00   -0.64683E-04   -0.12235E-02    0.76962E-01   -0.59859E+00   -0.75215E+00   -0.43828E+00    0.72976E-02   -0.59107E-01   -0.27996E-01    0.80034E+00    0.23443E+00   -0.42320E-01    0.14641E+00    0.10548E+00   -0.31736E+00    0.12200E-01   -0.91045E-01   -0.18545E-01    0.52166E-01    0.38289E+00    0.15566E+00    0.63129E-01   -0.34655E-01    0.21849E+00
   -0.41414E-03    0.20548E-02   -0.36716E-03   -0.36683E-02    0.84108E-01   -0.11924E+00   -0.12360E-01   -0.63709E-02    0.93176E+02   -0.19776E+01   -0.58858E+02    0.13419E+02    0.28710E+02   -0.27749E+01    0.94574E-01    0.32921E+00    0.51304E+00   -0.42476E-04    0.14531E-02   -0.13959E+00   -0.73169E+00   -0.43928E+00   -0.38306E+00    0.74425E-01    0.17255E-01   -0.38101E-01   -0.35268E+00   -0.12509E+00    0.60455E-01    0.13447E+00   -0.16973E+00    0.41041E+00   -0.35499E+00    0.16103E+00   -0.28203E+00   -0.13533E+00    0.92793E-03   -0.69736E-01   -0.12967E+00   -0.32914E-01    0.23749E+00
    0.42418E-04   -0.16341E-03    0.20941E-04    0.97233E-05    0.71387E-02    0.61522E-02    0.41001E-03   -0.12528E-02   -0.73858E+02   -0.75695E+01    0.50117E+01   -0.31152E+01   -0.27749E+01    0.75636E+01    0.59882E-01    0.25966E+00   -0.13253E+00    0.16848E-04   -0.11238E-03   -0.24175E-01    0.48232E-01    0.21746E+00    0.85082E-01    0.60948E-02    0.19093E-01   -0.26125E-01   -0.69367E-01    0.24341E-01   -0.39601E-01   -0.11161E+00   -0.34341E-01   -0.90393E-01    0.22538E-01    0.73190E-02   -0.22920E-01    0.17588E-01   -0.10359E+00   -0.38561E-01   -0.40241E-02   -0.74436E-03   -0.69065E-01
    0.30307E-06   -0.28286E-05    0.71313E-06    0.13451E-04   -0.29999E-03    0.28447E-03    0.41084E-04    0.35767E-04   -0.91646E+00   -0.30746E+00   -0.12012E+00    0.45278E-01    0.94574E-01    0.59882E-01    0.78062E-02   -0.52696E-02    0.73796E-02    0.67199E-06   -0.21130E-04    0.37590E-02   -0.13731E-01    0.57897E-02    0.41693E-02    0.76025E-03   -0.13499E-02   -0.61814E-03    0.74774E-02    0.13307E-02   -0.14700E-02   -0.16950E-02   -0.22753E-02   -0.10008E-01   -0.74167E-03   -0.42379E-02   -0.37903E-02    0.34109E-04   -0.77826E-03    0.82220E-03   -0.41550E-02   -0.36108E-02   -0.22871E-02
   -0.96246E-05    0.54487E-04   -0.10716E-04   -0.14500E-03    0.32855E-02   -0.31222E-02   -0.39960E-03   -0.34342E-03   -0.28491E+00   -0.28568E-01   -0.78375E+00    0.11518E+00    0.32921E+00    0.25966E+00   -0.52696E-02    0.47550E-01   -0.11214E-01   -0.31839E-05    0.76428E-04    0.13688E-02    0.36549E-03   -0.15393E-01   -0.41830E-02   -0.55345E-03    0.26240E-02   -0.39924E-02   -0.32460E-01   -0.60758E-02    0.64281E-02   -0.60164E-02    0.80577E-03    0.24821E-01   -0.24862E-02    0.13740E-01    0.21006E-02   -0.11882E-02   -0.86104E-02   -0.39817E-02    0.36622E-02    0.12643E-02   -0.41096E-02
   -0.33763E-05    0.12898E-04   -0.18967E-05   -0.53160E-05   -0.51364E-04   -0.76578E-03   -0.51766E-04    0.29460E-04    0.14594E+01   -0.11734E+00   -0.10005E+01    0.23046E+00    0.51304E+00   -0.13253E+00    0.73796E-02   -0.11214E-01    0.20708E-01   -0.10746E-06   -0.14350E-04   -0.15745E-02   -0.11757E-01    0.21365E-02   -0.74062E-02    0.45381E-03   -0.19898E-02   -0.42243E-03    0.71963E-02    0.38876E-02   -0.37042E-02    0.95388E-02   -0.10577E-01   -0.10107E-01   -0.17078E-01   -0.21588E-02   -0.14113E-01   -0.77897E-02   -0.20154E-02    0.64541E-03   -0.29698E-02    0.29458E-02    0.11719E-01
    0.80848E-09   -0.41803E-08    0.17240E-08   -0.48804E-07    0.13302E-07    0.59906E-07   -0.33597E-07   -0.12953E-07    0.94172E-03    0.11775E-03    0.18117E-03   -0.64683E-04   -0.42476E-04    0.16848E-04    0.67199E-06   -0.31839E-05   -0.10746E-06    0.15755E-06    0.45520E-08   -0.61794E-06   -0.37383E-04   -0.21599E-04   -0.12789E-04   -0.16809E-05    0.39049E-06   -0.55552E-05    0.13437E-04    0.73172E-05   -0.31329E-05    0.47265E-05    0.33082E-05    0.40755E-05    0.49325E-05   -0.46796E-05    0.21798E-05    0.71614E-06    0.14360E-04    0.43355E-06    0.68994E-05   -0.24199E-05    0.31749E-05
   -0.27092E-07    0.20519E-06   -0.31050E-07   -0.35320E-06    0.45756E-05   -0.65011E-05   -0.58927E-06    0.54622E-07   -0.20484E-02    0.31704E-02   -0.34716E-02   -0.12235E-02    0.14531E-02   -0.11238E-03   -0.21130E-04    0.76428E-04   -0.14350E-04    0.45520E-08    0.15942E-05   -0.63920E-05    0.54599E-04    0.10694E-03    0.47175E-04   -0.25107E-04   -0.24025E-05   -0.74280E-05    0.21464E-03   -0.48858E-06    0.11252E-04    0.19839E-04    0.18171E-04   -0.23574E-03   -0.18040E-04   -0.30753E-04    0.18396E-04   -0.41877E-04   -0.14484E-05    0.37324E-04   -0.29855E-04   -0.41749E-04    0.28254E-04
    0.18865E-05   -0.78456E-05    0.34648E-05    0.32132E-04   -0.10317E-02    0.48523E-03    0.50381E-04    0.97322E-04   -0.24984E+00    0.99975E+00    0.26160E+00    0.76962E-01   -0.13959E+00   -0.24175E-01    0.37590E-02    0.13688E-02   -0.15745E-02   -0.61794E-06   -0.63920E-05    0.82221E-01    0.91135E-02    0.37267E-02    0.48264E-02    0.79365E-03   -0.18385E-02   -0.44007E-02    0.23724E-03    0.82669E-02   -0.16885E-03    0.48129E-02   -0.69652E-03   -0.70383E-02    0.37423E-03    0.41106E-02   -0.18525E-02    0.81908E-03   -0.59253E-02    0.31760E-02    0.66093E-02    0.56765E-02    0.40222E-02
   -0.12397E-03    0.47592E-03   -0.91923E-04   -0.16199E-02    0.51451E-01   -0.27324E-01   -0.44202E-02   -0.40712E-02   -0.14551E+02   -0.11481E+02   -0.10037E+02   -0.59859E+00   -0.73169E+00    0.48232E-01   -0.13731E-01    0.36549E-03   -0.11757E-01   -0.37383E-04    0.54599E-04    0.91135E-02    0.76833E+01   -0.17028E-01    0.42181E-01   -0.17694E-01    0.47933E-01   -0.41728E-01    0.10090E-01   -0.51117E-01   -0.25049E-01   -0.47368E-01   -0.30270E-01   -0.41235E-01   -0.51467E-02    0.13225E-01   -0.21909E-01   -0.86721E-02   -0.18273E-01   -0.31504E-02   -0.67634E-01    0.17016E-01   -0.35363E-01
   -0.24564E-04    0.23273E-03   -0.30637E-04   -0.26246E-03    0.30070E-02   -0.59727E-02   -0.56966E-03    0.63748E-03    0.11131E+02    0.10422E+01    0.12256E+01   -0.75215E+00   -0.43928E+00    0.21746E+00    0.57897E-02   -0.15393E-01    0.21365E-02   -0.21599E-04    0.10694E-03    0.37267E-02   -0.17028E-01    0.69621E+00   -0.11349E+00   -0.12159E-01    0.47242E-02    0.11892E-01    0.17434E+00   -0.50295E-01   -0.34472E-01    0.44492E-02   -0.60195E-01    0.25903E-01    0.36768E-01   -0.27791E-01   -0.42095E-01   -0.13407E+00    0.15281E+00    0.34623E-01   -0.93661E-02    0.28041E-01    0.80455E-01
   -0.11539E-04   -0.38307E-05   -0.12138E-04    0.10076E-03    0.25927E-02    0.21992E-02   -0.16245E-03    0.40440E-03   -0.90990E+01    0.40693E+00    0.71378E+00   -0.43828E+00   -0.38306E+00    0.85082E-01    0.41693E-02   -0.41830E-02   -0.74062E-02   -0.12789E-04    0.47175E-04    0.48264E-02    0.42181E-01   -0.11349E+00    0.92243E+00   -0.78894E-02   -0.73213E-02    0.32265E-02   -0.13945E+00    0.19451E+00    0.43136E-01   -0.31051E-01    0.37200E-01   -0.12322E+00    0.15656E-01    0.17524E-01    0.47863E-02    0.17348E+00   -0.21492E+00    0.35807E-01    0.11102E+00    0.22890E-01   -0.23018E+00
    0.35375E-06   -0.40259E-04    0.12852E-05    0.73879E-04    0.21084E-02    0.36902E-03    0.95719E-05   -0.13099E-05    0.50730E+00    0.13955E+00   -0.19260E+00    0.72976E-02    0.74425E-01    0.60948E-02    0.76025E-03   -0.55345E-03    0.45381E-03   -0.16809E-05   -0.25107E-04    0.79365E-03   -0.17694E-01   -0.12159E-01   -0.78894E-02    0.97919E+00   -0.10970E-01    0.51374E-02   -0.46516E-01   -0.19128E-01    0.15795E+00   -0.18828E-01    0.72188E-01   -0.14411E-01    0.33489E-01   -0.19731E-01   -0.13260E-01    0.12292E+00   -0.58472E-01    0.23291E-01    0.16386E-01   -0.18480E+00    0.82914E-01
   -0.53036E-05    0.28647E-04   -0.69343E-06    0.12103E-04   -0.21506E-02   -0.16972E-02   -0.22857E-04    0.10136E-03   -0.43787E+00    0.18684E+00   -0.13702E+00   -0.59107E-01    0.17255E-01    0.19093E-01   -0.13499E-02    0.26240E-02   -0.19898E-02    0.39049E-06   -0.24025E-05   -0.18385E-02    0.47933E-01    0.47242E-02   -0.73213E-02   -0.10970E-01    0.10274E+01   -0.39007E-02    0.50956E-01   -0.10337E+00    0.70121E-01   -0.87321E-01    0.44259E-01    0.59961E-01    0.10786E+00    0.57129E-01    0.12657E+00   -0.11051E+00    0.77985E-01    0.34394E-01   -0.16677E-01   -0.10799E+00    0.67732E-01
    0.56326E-05   -0.42422E-04   -0.16372E-05   -0.16909E-03    0.25814E-02    0.45809E-02    0.78285E-04   -0.33932E-03   -0.26140E+00    0.37336E-01    0.35558E-01   -0.27996E-01   -0.38101E-01   -0.26125E-01   -0.61814E-03   -0.39924E-02   -0.42243E-03   -0.55552E-05   -0.74280E-05   -0.44007E-02   -0.41728E-01    0.11892E-01    0.32265E-02    0.51374E-02   -0.39007E-02    0.10121E+01    0.38420E-01    0.48786E-01   -0.39016E-01    0.52563E-01    0.74676E-01    0.73647E-01   -0.61930E-01   -0.93845E-01    0.52432E-01    0.60745E-01    0.99640E-01   -0.65391E-01    0.84797E-01   -0.15688E-01    0.21949E-02
    0.71111E-05   -0.79988E-05    0.67166E-05   -0.76944E-04   -0.18786E-02    0.73741E-03    0.31651E-03    0.12585E-03   -0.48340E+00   -0.16292E+01    0.10227E+01    0.80034E+00   -0.35268E+00   -0.69367E-01    0.74774E-02   -0.32460E-01    0.71963E-02    0.13437E-04    0.21464E-03    0.23724E-03    0.10090E-01    0.17434E+00   -0.13945E+00   -0.46516E-01    0.50956E-01    0.38420E-01    0.87395E+00   -0.65733E-02   -0.61631E-02    0.34366E-03   -0.88976E-02    0.25814E-01    0.12737E+00   -0.12807E+00    0.14481E-01   -0.66022E-01    0.66183E+00    0.24869E+00   -0.51690E-01   -0.48351E-01    0.96887E-01
   -0.10773E-05   -0.10196E-04    0.68684E-06    0.25846E-03   -0.29100E-02    0.10465E-02    0.16675E-03    0.62472E-03   -0.44550E+01   -0.66033E+00    0.41566E+00    0.23443E+00   -0.12509E+00    0.24341E-01    0.13307E-02   -0.60758E-02    0.38876E-02    0.73172E-05   -0.48858E-06    0.82669E-02   -0.51117E-01   -0.50295E-01    0.19451E+00   -0.19128E-01   -0.10337E+00    0.48786E-01   -0.65733E-02    0.99391E+00   -0.12916E-02   -0.48972E-02   -0.63604E-03    0.43498E-01    0.50506E-02   -0.59466E-01   -0.32704E-01    0.16544E+00   -0.74929E-01    0.25007E+00    0.77419E+00    0.28896E+00   -0.20212E+00
    0.68374E-05   -0.27996E-04    0.52242E-05    0.67387E-05    0.24139E-02    0.15428E-02    0.91084E-04   -0.67008E-04   -0.54211E+00    0.55092E-01   -0.27602E+00   -0.42320E-01    0.60455E-01   -0.39601E-01   -0.14700E-02    0.64281E-02   -0.37042E-02   -0.31329E-05    0.11252E-04   -0.16885E-03   -0.25049E-01   -0.34472E-01    0.43136E-01    0.15795E+00    0.70121E-01   -0.39016E-01   -0.61631E-02   -0.12916E-02    0.96706E+00   -0.58474E-02   -0.53429E-02    0.93579E-01   -0.74892E-01    0.13534E+00    0.14549E+00   -0.15543E+00   -0.17941E+00    0.60760E+00    0.14236E+00   -0.61054E+00    0.17265E+00
    0.11499E-05   -0.13516E-04   -0.59694E-05   -0.25726E-03   -0.18503E-02    0.11337E-02    0.45614E-05   -0.46552E-03    0.65220E+00    0.29220E-01    0.57986E-01    0.14641E+00    0.13447E+00   -0.11161E+00   -0.16950E-02   -0.60164E-02    0.95388E-02    0.47265E-05    0.19839E-04    0.48129E-02   -0.47368E-01    0.44492E-02   -0.31051E-01   -0.18828E-01   -0.87321E-01    0.52563E-01    0.34366E-03   -0.48972E-02   -0.58474E-02    0.97371E+00    0.37374E-02   -0.17383E-01   -0.88188E-01   -0.13832E+00   -0.13716E-01   -0.97862E-01   -0.61944E-01    0.78412E-01   -0.50025E-01    0.29768E+00    0.65578E+00
   -0.13801E-05    0.13026E-04    0.77808E-05   -0.15318E-03   -0.79334E-03   -0.14618E-02   -0.14160E-04   -0.33693E-03   -0.40491E+00   -0.10991E+00    0.32738E+00    0.10548E+00   -0.16973E+00   -0.34341E-01   -0.22753E-02    0.80577E-03   -0.10577E-01    0.33082E-05    0.18171E-04   -0.69652E-03   -0.30270E-01   -0.60195E-01    0.37200E-01    0.72188E-01    0.44259E-01    0.74676E-01   -0.88976E-02   -0.63604E-03   -0.53429E-02    0.37374E-02    0.10057E+01   -0.55639E-01    0.92975E-01    0.22834E-01    0.16879E+00    0.26204E-01    0.12757E+00   -0.57331E+00    0.39578E+00   -0.35538E+00    0.22524E+00
   -0.12755E-04    0.84651E-04   -0.16554E-04   -0.10757E-03    0.95931E-03   -0.33956E-02   -0.25329E-03   -0.12933E-05    0.14862E+01    0.12032E+01   -0.90760E+00   -0.31736E+00    0.41041E+00   -0.90393E-01   -0.10008E-01    0.24821E-01   -0.10107E-01    0.40755E-05   -0.23574E-03   -0.70383E-02   -0.41235E-01    0.25903E-01   -0.12322E+00   -0.14411E-01    0.59961E-01    0.73647E-01    0.25814E-01    0.43498E-01    0.93579E-01   -0.17383E-01   -0.55639E-01    0.90197E+00   -0.13474E-01   -0.72555E-02   -0.12086E-01   -0.10337E-01    0.58903E+00    0.16735E+00    0.13281E+00    0.36302E-01   -0.72663E-01
   -0.43817E-05    0.27392E-04   -0.36330E-05   -0.43407E-04    0.43308E-02   -0.67780E-03   -0.12861E-03   -0.26402E-04    0.77119E+00   -0.28821E-01    0.54570E+00    0.12200E-01   -0.35499E+00    0.22538E-01   -0.74167E-03   -0.24862E-02   -0.17078E-01    0.49325E-05   -0.18040E-04    0.37423E-03   -0.51467E-02    0.36768E-01    0.15656E-01    0.33489E-01    0.10786E+00   -0.61930E-01    0.12737E+00    0.50506E-02   -0.74892E-01   -0.88188E-01    0.92975E-01   -0.13474E-01    0.99226E+00   -0.25470E-01   -0.80824E-02    0.10460E-01    0.99959E-01    0.13780E+00   -0.10301E-02    0.15466E+00    0.15779E+00
   -0.38977E-05    0.46457E-04    0.67011E-05   -0.60469E-05   -0.47836E-02   -0.54654E-02   -0.18429E-03    0.45162E-04    0.68024E+00    0.49455E+00   -0.46043E+00   -0.91045E-01    0.16103E+00    0.73190E-02   -0.42379E-02    0.13740E-01   -0.21588E-02   -0.46796E-05   -0.30753E-04    0.41106E-02    0.13225E-01   -0.27791E-01    0.17524E-01   -0.19731E-01    0.57129E-01   -0.93845E-01   -0.12807E+00   -0.59466E-01    0.13534E+00   -0.13832E+00    0.22834E-01   -0.72555E-02   -0.25470E-01    0.10064E+01   -0.25626E-02   -0.21079E-01   -0.13884E+00    0.34189E-01    0.16085E+00    0.40091E-01   -0.63573E-01
   -0.18386E-05    0.10198E-04    0.67603E-05   -0.13247E-03    0.67660E-03    0.56066E-03    0.26509E-04   -0.31258E-03   -0.30212E+00    0.10162E+00    0.54872E+00   -0.18545E-01   -0.28203E+00   -0.22920E-01   -0.37903E-02    0.21006E-02   -0.14113E-01    0.21798E-05    0.18396E-04   -0.18525E-02   -0.21909E-01   -0.42095E-01    0.47863E-02   -0.13260E-01    0.12657E+00    0.52432E-01    0.14481E-01   -0.32704E-01    0.14549E+00   -0.13716E-01    0.16879E+00   -0.12086E-01   -0.80824E-02   -0.25626E-02    0.97762E+00   -0.22109E-01   -0.79926E-02    0.99020E-02    0.12035E+00   -0.26919E+00    0.13656E+00
   -0.86056E-06   -0.25053E-04   -0.78917E-05    0.16661E-03   -0.82493E-03    0.16681E-02   -0.30656E-04    0.14617E-03   -0.28644E+01   -0.94727E-01    0.18833E+00    0.52166E-01   -0.13533E+00    0.17588E-01    0.34109E-04   -0.11882E-02   -0.77897E-02    0.71614E-06   -0.41877E-04    0.81908E-03   -0.86721E-02   -0.13407E+00    0.17348E+00    0.12292E+00   -0.11051E+00    0.60745E-01   -0.66022E-01    0.16544E+00   -0.15543E+00   -0.97862E-01    0.26204E-01   -0.10337E-01    0.10460E-01   -0.21079E-01   -0.22109E-01    0.10087E+01   -0.38042E-01   -0.73960E-01    0.48209E-01    0.18397E+00   -0.10700E+00
   -0.54909E-05    0.60475E-04   -0.65083E-05   -0.16731E-03   -0.31235E-03   -0.25275E-02    0.29028E-04    0.10368E-04    0.12235E+01   -0.36117E+00    0.19904E+00    0.38289E+00    0.92793E-03   -0.10359E+00   -0.77826E-03   -0.86104E-02   -0.20154E-02    0.14360E-04   -0.14484E-05   -0.59253E-02   -0.18273E-01    0.15281E+00   -0.21492E+00   -0.58472E-01    0.77985E-01    0.99640E-01    0.66183E+00   -0.74929E-01   -0.17941E+00   -0.61944E-01    0.12757E+00    0.58903E+00    0.99959E-01   -0.13884E+00   -0.79926E-02   -0.38042E-01    0.97025E+00   -0.97789E-02    0.18865E-01   -0.78203E-02    0.71918E-02
    0.68070E-05   -0.24055E-04    0.53527E-06    0.11686E-03   -0.22877E-03    0.24394E-02    0.14705E-03    0.32966E-03   -0.15256E+01   -0.43799E+00    0.10860E+00    0.15566E+00   -0.69736E-01   -0.38561E-01    0.82220E-03   -0.39817E-02    0.64541E-03    0.43355E-06    0.37324E-04    0.31760E-02   -0.31504E-02    0.34623E-01    0.35807E-01    0.23291E-01    0.34394E-01   -0.65391E-01    0.24869E+00    0.25007E+00    0.60760E+00    0.78412E-01   -0.57331E+00    0.16735E+00    0.13780E+00    0.34189E-01    0.99020E-02   -0.73960E-01   -0.97789E-02    0.97572E+00   -0.59853E-02    0.19359E-01   -0.80648E-02
   -0.33858E-05    0.16731E-04    0.47806E-05    0.12710E-03   -0.10964E-02   -0.96495E-03    0.81909E-04    0.39776E-03   -0.19373E+01   -0.10912E+00    0.38091E+00    0.63129E-01   -0.12967E+00   -0.40241E-02   -0.41550E-02    0.36622E-02   -0.29698E-02    0.68994E-05   -0.29855E-04    0.66093E-02   -0.67634E-01   -0.93661E-02    0.11102E+00    0.16386E-01   -0.16677E-01    0.84797E-01   -0.51690E-01    0.77419E+00    0.14236E+00   -0.50025E-01    0.39578E+00    0.13281E+00   -0.10301E-02    0.16085E+00    0.12035E+00    0.48209E-01    0.18865E-01   -0.59853E-02    0.10026E+01   -0.21445E-01   -0.47730E-02
   -0.52522E-05    0.30246E-04   -0.91921E-05    0.68831E-05   -0.59341E-02   -0.91018E-03   -0.11384E-03    0.18512E-03   -0.18201E+00    0.15053E+00    0.21054E+00   -0.34655E-01   -0.32914E-01   -0.74436E-03   -0.36108E-02    0.12643E-02    0.29458E-02   -0.24199E-05   -0.41749E-04    0.56765E-02    0.17016E-01    0.28041E-01    0.22890E-01   -0.18480E+00   -0.10799E+00   -0.15688E-01   -0.48351E-01    0.28896E+00   -0.61054E+00    0.29768E+00   -0.35538E+00    0.36302E-01    0.15466E+00    0.40091E-01   -0.26919E+00    0.18397E+00   -0.78203E-02    0.19359E-01   -0.21445E-01    0.99096E+00   -0.14900E-01
    0.23795E-05    0.11755E-04    0.85215E-06   -0.33228E-03   -0.42935E-03   -0.11997E-02   -0.37990E-04   -0.61747E-03    0.34795E+01    0.11940E+00   -0.21711E+00    0.21849E+00    0.23749E+00   -0.69065E-01   -0.22871E-02   -0.41096E-02    0.11719E-01    0.31749E-05    0.28254E-04    0.40222E-02   -0.35363E-01    0.80455E-01   -0.23018E+00    0.82914E-01    0.67732E-01    0.21949E-02    0.96887E-01   -0.20212E+00    0.17265E+00    0.65578E+00    0.22524E+00   -0.72663E-01    0.15779E+00   -0.63573E-01    0.13656E+00   -0.10700E+00    0.71918E-02   -0.80648E-02   -0.47730E-02   -0.14900E-01    0.96912E+00
