# omegabh2 omegach2 theta tau nnu ns logA aps100 aps143 aps217 acib143 acib217 asz143 psr cibr ncib cal0 cal2 xi aksz bm_1_1
    0.15551E-06    0.93255E-06   -0.40932E-07    0.24628E-05    0.10621E-03    0.49554E-05    0.72365E-05    0.23180E-02    0.82039E-04   -0.49829E-03    0.15261E-03    0.31269E-03    0.53826E-04   -0.14254E-05    0.10521E-04   -0.64201E-06    0.29821E-08    0.13828E-07   -0.15751E-05    0.77420E-04    0.12211E-04
    0.93255E-06    0.30706E-04   -0.26715E-05    0.10691E-04    0.18681E-02    0.51726E-04    0.92505E-04    0.64134E-01    0.16976E-01   -0.45855E-02    0.42011E-02    0.10078E-01    0.53384E-03   -0.20119E-04    0.21426E-03    0.19568E-04   -0.22170E-07    0.50899E-06   -0.69713E-04    0.22264E-02    0.54496E-03
   -0.40932E-07   -0.26715E-05    0.55172E-06   -0.36458E-06   -0.15822E-03   -0.37562E-05   -0.66607E-05   -0.54867E-02   -0.15910E-02    0.27622E-03   -0.35411E-03   -0.87404E-03   -0.28923E-04    0.14099E-05   -0.17390E-04   -0.20627E-05    0.23874E-08   -0.45592E-07    0.48173E-05   -0.17284E-03   -0.46237E-04
    0.24628E-05    0.10691E-04   -0.36458E-06    0.22140E-03    0.18416E-02    0.10902E-03    0.46579E-03   -0.16554E-02    0.15461E-02    0.10899E-02   -0.67928E-03    0.10883E-03    0.78601E-04   -0.24976E-05    0.65649E-04   -0.50573E-05   -0.63462E-08    0.13376E-06   -0.25254E-04   -0.76437E-03    0.13275E-04
    0.10621E-03    0.18681E-02   -0.15822E-03    0.18416E-02    0.14803E+00    0.53081E-02    0.80048E-02    0.44803E+01    0.10465E+01   -0.57839E+00    0.34463E+00    0.78599E+00    0.50342E-01   -0.20975E-02    0.18338E-01    0.67466E-03    0.24516E-07    0.33716E-04   -0.53531E-02    0.17260E+00    0.29837E-01
    0.49554E-05    0.51726E-04   -0.37562E-05    0.10902E-03    0.53081E-02    0.24356E-03    0.33739E-03    0.99545E-01    0.28975E-01   -0.88363E-02    0.59205E-02    0.17604E-01    0.13274E-02   -0.27683E-04    0.44894E-03    0.33807E-04    0.43224E-08    0.12254E-05   -0.12577E-03    0.33711E-02    0.90616E-03
    0.72365E-05    0.92505E-04   -0.66607E-05    0.46579E-03    0.80048E-02    0.33739E-03    0.11520E-02    0.13990E+00    0.48785E-01    0.58221E-02    0.39816E-02    0.17863E-01    0.46012E-03   -0.57223E-05    0.45908E-03    0.70736E-04   -0.23535E-07    0.18940E-05   -0.15718E-03    0.21092E-02    0.19398E-02
    0.23180E-02    0.64134E-01   -0.54867E-02   -0.16554E-02    0.44803E+01    0.99545E-01    0.13990E+00    0.37326E+04    0.14732E+03   -0.15431E+03    0.81159E+02    0.12292E+03   -0.63364E+02   -0.89093E+00    0.43658E+00    0.55520E+00    0.68441E-03   -0.97197E-05   -0.85906E-01   -0.14287E+02    0.17773E+02
    0.82039E-04    0.16976E-01   -0.15910E-02    0.15461E-02    0.10465E+01    0.28975E-01    0.48785E-01    0.14732E+03    0.20105E+03    0.34756E+02   -0.36829E+02    0.37288E+01   -0.87135E+01   -0.72378E-01    0.16690E+00    0.68669E-01    0.96622E-04    0.10778E-02    0.12692E+01   -0.12017E+02    0.78928E+00
   -0.49829E-03   -0.45855E-02    0.27622E-03    0.10899E-02   -0.57839E+00   -0.88363E-02    0.58221E-02   -0.15431E+03    0.34756E+02    0.32166E+03   -0.33245E+02   -0.13502E+03   -0.12127E+00    0.14432E+00   -0.19130E+01   -0.89989E+00   -0.90950E-04   -0.37524E-02    0.57258E+00   -0.10205E+02    0.10762E+01
    0.15261E-03    0.42011E-02   -0.35411E-03   -0.67928E-03    0.34463E+00    0.59205E-02    0.39816E-02    0.81159E+02   -0.36829E+02   -0.33245E+02    0.31612E+02    0.19148E+02   -0.12217E+01   -0.44893E-01    0.17320E+00    0.55463E-01   -0.64272E-05   -0.19943E-03    0.86905E-01   -0.21369E+00   -0.44210E+00
    0.31269E-03    0.10078E-01   -0.87404E-03    0.10883E-03    0.78599E+00    0.17604E-01    0.17863E-01    0.12292E+03    0.37288E+01   -0.13502E+03    0.19148E+02    0.70821E+02    0.18629E+00   -0.18092E-01    0.92000E+00    0.56354E+00    0.44210E-04    0.19032E-02   -0.32751E+00   -0.84329E+00   -0.20951E+00
    0.53826E-04    0.53384E-03   -0.28923E-04    0.78601E-04    0.50342E-01    0.13274E-02    0.46012E-03   -0.63364E+02   -0.87135E+01   -0.12127E+00   -0.12217E+01    0.18629E+00    0.77663E+01    0.32672E-01    0.27113E+00   -0.36217E-01   -0.21592E-05   -0.95340E-04   -0.64673E-01   -0.50721E-01    0.18293E+00
   -0.14254E-05   -0.20119E-04    0.14099E-05   -0.24976E-05   -0.20975E-02   -0.27683E-04   -0.57223E-05   -0.89093E+00   -0.72378E-01    0.14432E+00   -0.44893E-01   -0.18092E-01    0.32672E-01    0.71778E-02   -0.66311E-02    0.51385E-02    0.47942E-06   -0.89823E-05    0.42256E-02   -0.13952E-01    0.57469E-02
    0.10521E-04    0.21426E-03   -0.17390E-04    0.65649E-04    0.18338E-01    0.44894E-03    0.45908E-03    0.43658E+00    0.16690E+00   -0.19130E+01    0.17320E+00    0.92000E+00    0.27113E+00   -0.66311E-02    0.49182E-01   -0.55088E-02    0.33513E-06    0.45486E-04   -0.25029E-03   -0.24829E-01   -0.51650E-02
   -0.64201E-06    0.19568E-04   -0.20627E-05   -0.50573E-05    0.67466E-03    0.33807E-04    0.70736E-04    0.55520E+00    0.68669E-01   -0.89989E+00    0.55463E-01    0.56354E+00   -0.36217E-01    0.51385E-02   -0.55088E-02    0.16091E-01    0.36709E-06   -0.62257E-06   -0.17755E-02   -0.16348E-02    0.97113E-02
    0.29821E-08   -0.22170E-07    0.23874E-08   -0.63462E-08    0.24516E-07    0.43224E-08   -0.23535E-07    0.68441E-03    0.96622E-04   -0.90950E-04   -0.64272E-05    0.44210E-04   -0.21592E-05    0.47942E-06    0.33513E-06    0.36709E-06    0.15792E-06    0.41715E-08    0.18973E-05   -0.12226E-04   -0.20985E-04
    0.13828E-07    0.50899E-06   -0.45592E-07    0.13376E-06    0.33716E-04    0.12254E-05    0.18940E-05   -0.97197E-05    0.10778E-02   -0.37524E-02   -0.19943E-03    0.19032E-02   -0.95340E-04   -0.89823E-05    0.45486E-04   -0.62257E-06    0.41715E-08    0.18986E-05   -0.14236E-05    0.52653E-05    0.10461E-03
   -0.15751E-05   -0.69713E-04    0.48173E-05   -0.25254E-04   -0.53531E-02   -0.12577E-03   -0.15718E-03   -0.85906E-01    0.12692E+01    0.57258E+00    0.86905E-01   -0.32751E+00   -0.64673E-01    0.42256E-02   -0.25029E-03   -0.17755E-02    0.18973E-05   -0.14236E-05    0.81264E-01    0.14646E-02    0.19290E-02
    0.77420E-04    0.22264E-02   -0.17284E-03   -0.76437E-03    0.17260E+00    0.33711E-02    0.21092E-02   -0.14287E+02   -0.12017E+02   -0.10205E+02   -0.21369E+00   -0.84329E+00   -0.50721E-01   -0.13952E-01   -0.24829E-01   -0.16348E-02   -0.12226E-04    0.52653E-05    0.14646E-02    0.81708E+01   -0.17160E-01
    0.12211E-04    0.54496E-03   -0.46237E-04    0.13275E-04    0.29837E-01    0.90616E-03    0.19398E-02    0.17773E+02    0.78928E+00    0.10762E+01   -0.44210E+00   -0.20951E+00    0.18293E+00    0.57469E-02   -0.51650E-02    0.97113E-02   -0.20985E-04    0.10461E-03    0.19290E-02   -0.17160E-01    0.32855E+00
