# omegabh2 omegach2 theta tau omegak ns logA aps100 aps143 aps217 acib143 acib217 asz143 psr cibr ncib cal0 cal2 xi aksz bm_1_1 bm_1_2 bm_1_3 bm_1_4 bm_1_5 bm_2_1 bm_2_2 bm_2_3 bm_2_4 bm_2_5 bm_3_1 bm_3_2 bm_3_3 bm_3_4 bm_3_5 bm_4_1 bm_4_2 bm_4_3 bm_4_4 bm_4_5
    0.96620E-07   -0.52827E-06    0.10311E-06    0.11327E-05   -0.13799E-05    0.15539E-05    0.12601E-05   -0.17242E-02   -0.86623E-03   -0.19425E-03   -0.16236E-03   -0.28634E-03    0.27633E-04    0.70436E-07   -0.43289E-05   -0.25334E-05    0.29244E-08   -0.20642E-07    0.19249E-05   -0.56489E-04   -0.15949E-04   -0.61240E-05    0.27902E-05   -0.48944E-05   -0.50954E-05    0.33673E-05   -0.13918E-05    0.51304E-05    0.21300E-05    0.65667E-05   -0.34953E-05    0.52009E-05    0.73016E-06    0.61112E-05    0.25736E-05    0.30221E-06   -0.35405E-06    0.21165E-05   -0.53017E-05    0.68243E-05
   -0.52827E-06    0.76138E-05   -0.86541E-06   -0.10556E-04    0.12461E-04   -0.18058E-04   -0.35284E-05    0.71091E-02    0.46673E-02    0.26587E-02    0.54510E-03    0.10420E-02    0.16634E-04    0.40625E-05    0.15367E-04    0.81853E-05   -0.31210E-07    0.13514E-06   -0.35894E-05   -0.66774E-04    0.16363E-03   -0.26691E-04   -0.67503E-04    0.53179E-04    0.90185E-05    0.34251E-04    0.65732E-05   -0.41413E-04   -0.92760E-06   -0.45960E-04    0.12508E-04    0.11640E-05   -0.19931E-04   -0.50734E-04   -0.45160E-04    0.36387E-04    0.60307E-05   -0.68875E-05    0.25914E-04    0.42457E-05
    0.10311E-06   -0.86541E-06    0.42531E-06    0.16937E-05   -0.20568E-05    0.26825E-05    0.17651E-05   -0.11077E-02   -0.63052E-03   -0.32052E-03   -0.11938E-03   -0.19432E-03   -0.55963E-05   -0.98357E-06   -0.15531E-05   -0.20373E-05    0.12366E-08   -0.15747E-07    0.17787E-05   -0.27895E-04   -0.22031E-04    0.10925E-04    0.16755E-05   -0.76605E-05   -0.11079E-04   -0.69332E-05   -0.67061E-05    0.77804E-05    0.58563E-05    0.10473E-04    0.11749E-05   -0.38811E-05    0.19097E-04    0.10691E-04   -0.30972E-05   -0.48391E-05   -0.32911E-05   -0.11687E-05   -0.23321E-05    0.36056E-05
    0.11327E-05   -0.10556E-04    0.16937E-05    0.17505E-03   -0.77493E-05    0.38927E-04    0.32601E-03   -0.52358E-01   -0.10556E-01    0.53016E-02   -0.53582E-02   -0.80963E-02   -0.76262E-03    0.31022E-04   -0.25784E-03   -0.92299E-05    0.75578E-07   -0.69615E-06    0.57936E-04   -0.22701E-02   -0.42327E-03    0.18356E-03   -0.14790E-05   -0.16731E-03    0.61959E-04    0.28374E-03    0.25910E-03   -0.35655E-04    0.20654E-03    0.14487E-03   -0.86870E-04    0.49500E-03   -0.20351E-03    0.30116E-03    0.15535E-04    0.12873E-03    0.17845E-03    0.22408E-03    0.22340E-03    0.13566E-03
   -0.13799E-05    0.12461E-04   -0.20568E-05   -0.77493E-05    0.12030E-03   -0.34268E-04    0.87420E-05    0.38935E-01    0.10979E-01    0.90459E-03    0.54308E-02    0.63370E-02    0.13893E-03   -0.15719E-04    0.11581E-03    0.26021E-04   -0.19374E-06    0.30909E-06    0.33480E-05    0.19490E-02    0.23430E-03   -0.21769E-03   -0.76579E-04    0.23297E-03    0.20605E-03    0.94551E-05   -0.20083E-04   -0.42864E-04    0.90355E-04   -0.10180E-03    0.98054E-04   -0.15962E-03    0.42700E-04   -0.77372E-04   -0.93512E-04    0.67039E-04   -0.70017E-05    0.28980E-04    0.94300E-04    0.17499E-03
    0.15539E-05   -0.18058E-04    0.26825E-05    0.38927E-04   -0.34268E-04    0.64378E-04    0.35777E-04   -0.80657E-01   -0.96988E-02    0.57936E-02   -0.88557E-02   -0.10386E-01   -0.34041E-05    0.31597E-04   -0.27181E-03   -0.35139E-04    0.37295E-07   -0.28578E-06    0.10056E-03   -0.28912E-02   -0.26467E-03    0.87545E-04    0.13466E-03   -0.15114E-03   -0.36133E-04    0.24665E-03    0.18713E-03    0.40935E-04    0.30824E-04    0.21112E-03   -0.75491E-04    0.10323E-04    0.52572E-04    0.16545E-03    0.87840E-04    0.13999E-03   -0.16333E-06    0.25790E-03   -0.49561E-04    0.17546E-04
    0.12601E-05   -0.35284E-05    0.17651E-05    0.32601E-03    0.87420E-05    0.35777E-04    0.65184E-03   -0.10938E+00   -0.43926E-02    0.25162E-01   -0.13598E-01   -0.17297E-01   -0.23463E-02    0.92001E-04   -0.63701E-03    0.17262E-04    0.16028E-06   -0.79619E-06    0.12590E-03   -0.62760E-02    0.11035E-03    0.51690E-03   -0.19092E-03   -0.16231E-03    0.12125E-03    0.95912E-03    0.62913E-03   -0.18624E-03    0.44583E-03    0.76373E-04   -0.13234E-03    0.10877E-02   -0.50124E-03    0.47532E-03   -0.13351E-03    0.55819E-03    0.51603E-03    0.49089E-03    0.60278E-03    0.32378E-03
   -0.17242E-02    0.71091E-02   -0.11077E-02   -0.52358E-01    0.38935E-01   -0.80657E-01   -0.10938E+00    0.27166E+04    0.66821E+02   -0.14676E+03    0.11443E+03    0.10452E+03   -0.75966E+02   -0.92745E+00   -0.34775E+00    0.15982E+01    0.74362E-03   -0.15508E-02   -0.42639E+00   -0.16166E+02    0.99498E+01   -0.10305E+02   -0.11286E+00    0.49083E+00    0.10286E+01   -0.26723E-01   -0.50500E+01   -0.11321E+00   -0.21538E+00   -0.19979E+01    0.12704E+01   -0.48902E+00    0.41956E+00   -0.51627E+00   -0.35996E+01    0.11315E+01   -0.36818E+00   -0.35735E+01   -0.80813E+00    0.23130E+01
   -0.86623E-03    0.46673E-02   -0.63052E-03   -0.10556E-01    0.10979E-01   -0.96988E-02   -0.43926E-02    0.66821E+02    0.18213E+03    0.54500E+02   -0.31993E+02   -0.93358E+01   -0.83579E+01   -0.31244E+00   -0.14949E+00   -0.20386E+00    0.98885E-04    0.35823E-02    0.10749E+01   -0.12197E+02    0.12153E+01    0.57886E+00    0.77492E-01    0.21898E+00   -0.24302E+00   -0.14634E+01   -0.65570E+00    0.11472E+00    0.19221E-01   -0.29362E-01    0.13285E+01   -0.20200E-01    0.26013E+00   -0.79464E-01   -0.15186E+00   -0.17460E+00   -0.36499E+00   -0.12524E+00    0.19439E+00    0.14285E+00
   -0.19425E-03    0.26587E-02   -0.32052E-03    0.53016E-02    0.90459E-03    0.57936E-02    0.25162E-01   -0.14676E+03    0.54500E+02    0.19885E+03   -0.29114E+02   -0.66358E+02    0.55092E+01   -0.96050E-01   -0.80998E+00   -0.10804E+01    0.70260E-04   -0.35469E-02    0.26611E+00   -0.11684E+02    0.11299E+01    0.10823E+01   -0.51920E-01    0.40564E-01   -0.35203E+00    0.96266E+00    0.48265E+00   -0.43806E+00   -0.18051E+00    0.48361E+00   -0.10320E+01    0.55842E+00   -0.31572E+00    0.49554E+00    0.58920E+00    0.10092E+00   -0.58071E-01    0.43717E+00    0.46399E+00   -0.28297E+00
   -0.16236E-03    0.54510E-03   -0.11938E-03   -0.53582E-02    0.54308E-02   -0.88557E-02   -0.13598E-01    0.11443E+03   -0.31993E+02   -0.29114E+02    0.24742E+02    0.15928E+02   -0.29296E+01    0.40973E-01    0.12867E+00    0.24623E+00   -0.97071E-04   -0.13155E-02    0.57968E-01   -0.93842E+00   -0.92305E+00   -0.60572E+00   -0.45208E-01   -0.25114E-01    0.17618E+00    0.75861E+00    0.15185E+00   -0.55211E-01    0.11675E+00   -0.35748E-01   -0.46100E+00   -0.11328E+00   -0.95188E-01   -0.62423E-01   -0.12509E-01    0.24941E+00    0.17955E+00   -0.10597E+00   -0.97320E-01    0.96304E-01
   -0.28634E-03    0.10420E-02   -0.19432E-03   -0.80963E-02    0.63370E-02   -0.10386E-01   -0.17297E-01    0.10452E+03   -0.93358E+01   -0.66358E+02    0.15928E+02    0.31122E+02   -0.29116E+01    0.86736E-01    0.31589E+00    0.53152E+00   -0.44195E-04    0.14525E-02   -0.15104E+00   -0.75171E+00   -0.43851E+00   -0.55276E+00   -0.38979E-01   -0.14427E-01    0.11940E+00   -0.30878E+00   -0.16558E+00    0.96303E-01    0.23203E+00   -0.29613E+00    0.37144E+00   -0.40872E+00    0.38622E-01   -0.31513E+00   -0.28274E+00   -0.10720E-01    0.16904E-01   -0.23040E+00   -0.10374E+00    0.23787E+00
    0.27633E-04    0.16634E-04   -0.55963E-05   -0.76262E-03    0.13893E-03   -0.34041E-05   -0.23463E-02   -0.75966E+02   -0.83579E+01    0.55092E+01   -0.29296E+01   -0.29116E+01    0.77499E+01    0.51707E-01    0.27221E+00   -0.14608E+00    0.15059E-04   -0.10954E-03   -0.19693E-01   -0.13492E+00    0.23813E+00    0.96518E-01   -0.18203E-01   -0.21652E-01   -0.46930E-01   -0.88131E-01    0.21372E-01   -0.55416E-01   -0.61012E-01   -0.11278E-01   -0.59128E-01    0.29389E-01    0.30828E-01   -0.35437E-01    0.13032E-01   -0.89948E-01   -0.66212E-01    0.34290E-01    0.37541E-01   -0.37446E-01
    0.70436E-07    0.40625E-05   -0.98357E-06    0.31022E-04   -0.15719E-04    0.31597E-04    0.92001E-04   -0.92745E+00   -0.31244E+00   -0.96050E-01    0.40973E-01    0.86736E-01    0.51707E-01    0.79675E-02   -0.59611E-02    0.77129E-02    0.56940E-06   -0.25381E-04    0.40000E-02   -0.11469E-01    0.73390E-02    0.34751E-02   -0.93445E-03   -0.60088E-04   -0.85588E-03    0.67731E-02    0.58702E-03   -0.14546E-02   -0.24431E-02   -0.14894E-02   -0.10414E-01    0.17928E-03   -0.22418E-02   -0.27147E-02   -0.17739E-02   -0.12871E-02   -0.37798E-03   -0.38129E-02   -0.45954E-02   -0.21767E-02
   -0.43289E-05    0.15367E-04   -0.15531E-05   -0.25784E-03    0.11581E-03   -0.27181E-03   -0.63701E-03   -0.34775E+00   -0.14949E+00   -0.80998E+00    0.12867E+00    0.31589E+00    0.27221E+00   -0.59611E-02    0.47636E-01   -0.12879E-01   -0.15665E-06    0.85832E-04    0.12165E-02   -0.17370E-01   -0.85993E-02   -0.94746E-02    0.34784E-02   -0.97253E-03   -0.34524E-02   -0.26978E-01   -0.97194E-02    0.92523E-02    0.48378E-02    0.15338E-02    0.30852E-01    0.15647E-02    0.10293E-02    0.25535E-02   -0.44829E-03   -0.12981E-02    0.36696E-03    0.16014E-02    0.25832E-02    0.79401E-02
   -0.25334E-05    0.81853E-05   -0.20373E-05   -0.92299E-05    0.26021E-04   -0.35139E-04    0.17262E-04    0.15982E+01   -0.20386E+00   -0.10804E+01    0.24623E+00    0.53152E+00   -0.14608E+00    0.77129E-02   -0.12879E-01    0.21857E-01    0.17853E-06   -0.20303E-04   -0.17439E-02    0.91466E-03    0.48796E-02   -0.98915E-02   -0.21652E-02   -0.17424E-02    0.18262E-02    0.87180E-02    0.43869E-02   -0.35920E-02    0.96922E-02   -0.11235E-01   -0.13750E-01   -0.15459E-01   -0.40247E-03   -0.12337E-01   -0.11419E-01   -0.32203E-02    0.73852E-03   -0.28692E-02    0.95715E-03    0.11894E-01
    0.29244E-08   -0.31210E-07    0.12366E-08    0.75578E-07   -0.19374E-06    0.37295E-07    0.16028E-06    0.74362E-03    0.98885E-04    0.70260E-04   -0.97071E-04   -0.44195E-04    0.15059E-04    0.56940E-06   -0.15665E-06    0.17853E-06    0.15374E-06    0.66596E-08   -0.15197E-06   -0.10011E-04   -0.19797E-04   -0.15140E-04   -0.41821E-05    0.24541E-05   -0.12630E-05    0.10043E-04    0.28194E-05   -0.15831E-05    0.26269E-05    0.27678E-05    0.99583E-05    0.26499E-05    0.42173E-05   -0.20548E-05    0.42805E-05    0.14735E-04    0.46730E-06    0.57431E-05    0.13083E-05    0.49462E-05
   -0.20642E-07    0.13514E-06   -0.15747E-07   -0.69615E-06    0.30909E-06   -0.28578E-06   -0.79619E-06   -0.15508E-02    0.35823E-02   -0.35469E-02   -0.13155E-02    0.14525E-02   -0.10954E-03   -0.25381E-04    0.85832E-04   -0.20303E-04    0.66596E-08    0.16625E-05   -0.65799E-05   -0.13117E-04    0.12585E-03    0.30111E-04   -0.19801E-05   -0.20161E-04   -0.17386E-05    0.23670E-03   -0.45296E-05    0.33834E-04    0.43186E-04    0.31180E-04   -0.20670E-03    0.43955E-05   -0.75994E-04    0.10973E-04   -0.32131E-04    0.31985E-04    0.53054E-04   -0.28688E-04   -0.56459E-04    0.68585E-04
    0.19249E-05   -0.35894E-05    0.17787E-05    0.57936E-04    0.33480E-05    0.10056E-03    0.12590E-03   -0.42639E+00    0.10749E+01    0.26611E+00    0.57968E-01   -0.15104E+00   -0.19693E-01    0.40000E-02    0.12165E-02   -0.17439E-02   -0.15197E-06   -0.65799E-05    0.82882E-01    0.30395E-03    0.15377E-02    0.66801E-02    0.67695E-03    0.14677E-02   -0.47061E-04   -0.65776E-03    0.60398E-02   -0.27002E-02    0.32899E-02    0.66353E-03   -0.43393E-02    0.11910E-03    0.12343E-02   -0.15519E-02   -0.47872E-02   -0.31940E-02   -0.13999E-02    0.61622E-02    0.17869E-02    0.13930E-02
   -0.56489E-04   -0.66774E-04   -0.27895E-04   -0.22701E-02    0.19490E-02   -0.28912E-02   -0.62760E-02   -0.16166E+02   -0.12197E+02   -0.11684E+02   -0.93842E+00   -0.75171E+00   -0.13492E+00   -0.11469E-01   -0.17370E-01    0.91466E-03   -0.10011E-04   -0.13117E-04    0.30395E-03    0.80390E+01    0.35967E-01    0.15075E-01    0.26934E-01   -0.10785E-01    0.18422E-01   -0.27629E-01   -0.24307E-01    0.60182E-01   -0.68195E-01    0.78614E-02    0.11288E-01   -0.34583E-01    0.11442E-02    0.26571E-01   -0.29696E-01   -0.21229E-01    0.11232E-01   -0.70713E-02   -0.69110E-01   -0.17611E-01
   -0.15949E-04    0.16363E-03   -0.22031E-04   -0.42327E-03    0.23430E-03   -0.26467E-03    0.11035E-03    0.99498E+01    0.12153E+01    0.11299E+01   -0.92305E+00   -0.43851E+00    0.23813E+00    0.73390E-02   -0.85993E-02    0.48796E-02   -0.19797E-04    0.12585E-03    0.15377E-02    0.35967E-01    0.69821E+00   -0.12109E+00   -0.68416E-02    0.19839E-01    0.22301E-02    0.17786E+00   -0.37132E-01   -0.36559E-01   -0.61715E-02   -0.58979E-01    0.32796E-01    0.43731E-01   -0.19445E-01   -0.31927E-01   -0.12831E+00    0.15938E+00    0.35865E-01   -0.26212E-03    0.28929E-01    0.88586E-01
   -0.61240E-05   -0.26691E-04    0.10925E-04    0.18356E-03   -0.21769E-03    0.87545E-04    0.51690E-03   -0.10305E+02    0.57886E+00    0.10823E+01   -0.60572E+00   -0.55276E+00    0.96518E-01    0.34751E-02   -0.94746E-02   -0.98915E-02   -0.15140E-04    0.30111E-04    0.66801E-02    0.15075E-01   -0.12109E+00    0.92404E+00   -0.42548E-02    0.59416E-04    0.12971E-03   -0.15214E+00    0.18998E+00    0.58411E-01   -0.36050E-01    0.52979E-01   -0.11527E+00    0.85679E-02    0.20683E-01    0.11261E-01    0.17548E+00   -0.21962E+00    0.31223E-01    0.10408E+00    0.77949E-02   -0.22875E+00
    0.27902E-05   -0.67503E-04    0.16755E-05   -0.14790E-05   -0.76579E-04    0.13466E-03   -0.19092E-03   -0.11286E+00    0.77492E-01   -0.51920E-01   -0.45208E-01   -0.38979E-01   -0.18203E-01   -0.93445E-03    0.34784E-02   -0.21652E-02   -0.41821E-05   -0.19801E-05    0.67695E-03    0.26934E-01   -0.68416E-02   -0.42548E-02    0.98675E+00    0.65708E-02    0.14970E-03   -0.33978E-01   -0.26554E-01    0.16323E+00   -0.23912E-01    0.94250E-01   -0.59436E-02    0.44080E-01   -0.67422E-03   -0.24598E-01    0.92357E-01   -0.42554E-01    0.19645E-01    0.23113E-01   -0.18222E+00    0.89986E-01
   -0.48944E-05    0.53179E-04   -0.76605E-05   -0.16731E-03    0.23297E-03   -0.15114E-03   -0.16231E-03    0.49083E+00    0.21898E+00    0.40564E-01   -0.25114E-01   -0.14427E-01   -0.21652E-01   -0.60088E-04   -0.97253E-03   -0.17424E-02    0.24541E-05   -0.20161E-04    0.14677E-02   -0.10785E-01    0.19839E-01    0.59416E-04    0.65708E-02    0.10007E+01    0.13043E-01    0.62346E-01   -0.99143E-01    0.62137E-01   -0.10115E+00    0.55302E-01    0.66785E-01    0.10537E+00    0.58137E-01    0.13846E+00   -0.11447E+00    0.96204E-01    0.22555E-01   -0.11875E-01   -0.12275E+00    0.47219E-01
   -0.50954E-05    0.90185E-05   -0.11079E-04    0.61959E-04    0.20605E-03   -0.36133E-04    0.12125E-03    0.10286E+01   -0.24302E+00   -0.35203E+00    0.17618E+00    0.11940E+00   -0.46930E-01   -0.85588E-03   -0.34524E-02    0.18262E-02   -0.12630E-05   -0.17386E-05   -0.47061E-04    0.18422E-01    0.22301E-02    0.12971E-03    0.14970E-03    0.13043E-01    0.99601E+00    0.54488E-01    0.36163E-01   -0.36129E-01    0.49654E-01    0.61347E-01    0.66219E-01   -0.79766E-01   -0.68596E-01    0.65372E-01    0.65707E-01    0.10424E+00   -0.58128E-01    0.72948E-01   -0.22639E-01    0.32521E-02
    0.33673E-05    0.34251E-04   -0.69332E-05    0.28374E-03    0.94551E-05    0.24665E-03    0.95912E-03   -0.26723E-01   -0.14634E+01    0.96266E+00    0.75861E+00   -0.30878E+00   -0.88131E-01    0.67731E-02   -0.26978E-01    0.87180E-02    0.10043E-04    0.23670E-03   -0.65776E-03   -0.27629E-01    0.17786E+00   -0.15214E+00   -0.33978E-01    0.62346E-01    0.54488E-01    0.86870E+00    0.36107E-02   -0.18478E-02   -0.19758E-01   -0.18115E-01    0.91034E-02    0.13410E+00   -0.10990E+00    0.21640E-01   -0.70444E-01    0.64528E+00    0.25158E+00   -0.44764E-01   -0.57602E-01    0.87223E-01
   -0.13918E-05    0.65732E-05   -0.67061E-05    0.25910E-03   -0.20083E-04    0.18713E-03    0.62913E-03   -0.50500E+01   -0.65570E+00    0.48265E+00    0.15185E+00   -0.16558E+00    0.21372E-01    0.58702E-03   -0.97194E-02    0.43869E-02    0.28194E-05   -0.45296E-05    0.60398E-02   -0.24307E-01   -0.37132E-01    0.18998E+00   -0.26554E-01   -0.99143E-01    0.36163E-01    0.36107E-02    0.10017E+01    0.20689E-01   -0.81929E-02    0.19185E-01    0.32004E-01   -0.93209E-02   -0.57390E-01    0.14536E-02    0.14219E+00   -0.77909E-01    0.25239E+00    0.79010E+00    0.26956E+00   -0.18914E+00
    0.51304E-05   -0.41413E-04    0.77804E-05   -0.35655E-04   -0.42864E-04    0.40935E-04   -0.18624E-03   -0.11321E+00    0.11472E+00   -0.43806E+00   -0.55211E-01    0.96303E-01   -0.55416E-01   -0.14546E-02    0.92523E-02   -0.35920E-02   -0.15831E-05    0.33834E-04   -0.27002E-02    0.60182E-01   -0.36559E-01    0.58411E-01    0.16323E+00    0.62137E-01   -0.36129E-01   -0.18478E-02    0.20689E-01    0.10050E+01   -0.83442E-02    0.87000E-02    0.75623E-01   -0.33190E-01    0.13938E+00    0.14900E+00   -0.15352E+00   -0.20114E+00    0.64796E+00    0.15960E+00   -0.61182E+00    0.17155E+00
    0.21300E-05   -0.92760E-06    0.58563E-05    0.20654E-03    0.90355E-04    0.30824E-04    0.44583E-03   -0.21538E+00    0.19221E-01   -0.18051E+00    0.11675E+00    0.23203E+00   -0.61012E-01   -0.24431E-02    0.48378E-02    0.96922E-02    0.26269E-05    0.43186E-04    0.32899E-02   -0.68195E-01   -0.61715E-02   -0.36050E-01   -0.23912E-01   -0.10115E+00    0.49654E-01   -0.19758E-01   -0.81929E-02   -0.83442E-02    0.10010E+01   -0.61611E-02   -0.84385E-02   -0.10169E+00   -0.14549E+00   -0.39064E-01   -0.10715E+00   -0.70772E-01    0.72777E-01   -0.57370E-01    0.30769E+00    0.66863E+00
    0.65667E-05   -0.45960E-04    0.10473E-04    0.14487E-03   -0.10180E-03    0.21112E-03    0.76373E-04   -0.19979E+01   -0.29362E-01    0.48361E+00   -0.35748E-01   -0.29613E+00   -0.11278E-01   -0.14894E-02    0.15338E-02   -0.11235E-01    0.27678E-05    0.31180E-04    0.66353E-03    0.78614E-02   -0.58979E-01    0.52979E-01    0.94250E-01    0.55302E-01    0.61347E-01   -0.18115E-01    0.19185E-01    0.87000E-02   -0.61611E-02    0.99255E+00   -0.70066E-01    0.84893E-01    0.44557E-01    0.17967E+00    0.43851E-01    0.99792E-01   -0.54660E+00    0.39834E+00   -0.34556E+00    0.21147E+00
   -0.34953E-05    0.12508E-04    0.11749E-05   -0.86870E-04    0.98054E-04   -0.75491E-04   -0.13234E-03    0.12704E+01    0.13285E+01   -0.10320E+01   -0.46100E+00    0.37144E+00   -0.59128E-01   -0.10414E-01    0.30852E-01   -0.13750E-01    0.99583E-05   -0.20670E-03   -0.43393E-02    0.11288E-01    0.32796E-01   -0.11527E+00   -0.59436E-02    0.66785E-01    0.66219E-01    0.91034E-02    0.32004E-01    0.75623E-01   -0.84385E-02   -0.70066E-01    0.91051E+00   -0.16419E-01   -0.30362E-01    0.10250E-01   -0.10527E-01    0.58368E+00    0.16054E+00    0.11641E+00    0.54989E-01   -0.76097E-01
    0.52009E-05    0.11640E-05   -0.38811E-05    0.49500E-03   -0.15962E-03    0.10323E-04    0.10877E-02   -0.48902E+00   -0.20200E-01    0.55842E+00   -0.11328E+00   -0.40872E+00    0.29389E-01    0.17928E-03    0.15647E-02   -0.15459E-01    0.26499E-05    0.43955E-05    0.11910E-03   -0.34583E-01    0.43731E-01    0.85679E-02    0.44080E-01    0.10537E+00   -0.79766E-01    0.13410E+00   -0.93209E-02   -0.33190E-01   -0.10169E+00    0.84893E-01   -0.16419E-01    0.98626E+00    0.13487E-01   -0.51162E-02   -0.82027E-02    0.93484E-01    0.16475E+00   -0.13157E-02    0.12513E+00    0.16607E+00
    0.73016E-06   -0.19931E-04    0.19097E-04   -0.20351E-03    0.42700E-04    0.52572E-04   -0.50124E-03    0.41956E+00    0.26013E+00   -0.31572E+00   -0.95188E-01    0.38622E-01    0.30828E-01   -0.22418E-02    0.10293E-02   -0.40247E-03    0.42173E-05   -0.75994E-04    0.12343E-02    0.11442E-02   -0.19445E-01    0.20683E-01   -0.67422E-03    0.58137E-01   -0.68596E-01   -0.10990E+00   -0.57390E-01    0.13938E+00   -0.14549E+00    0.44557E-01   -0.30362E-01    0.13487E-01    0.99374E+00   -0.13469E-02    0.26284E-02   -0.13930E+00    0.39046E-01    0.16453E+00    0.26313E-01   -0.61426E-01
    0.61112E-05   -0.50734E-04    0.10691E-04    0.30116E-03   -0.77372E-04    0.16545E-03    0.47532E-03   -0.51627E+00   -0.79464E-01    0.49554E+00   -0.62423E-01   -0.31513E+00   -0.35437E-01   -0.27147E-02    0.25535E-02   -0.12337E-01   -0.20548E-05    0.10973E-04   -0.15519E-02    0.26571E-01   -0.31927E-01    0.11261E-01   -0.24598E-01    0.13846E+00    0.65372E-01    0.21640E-01    0.14536E-02    0.14900E+00   -0.39064E-01    0.17967E+00    0.10250E-01   -0.51162E-02   -0.13469E-02    0.98822E+00   -0.12777E-01    0.83327E-02    0.25531E-01    0.14445E+00   -0.26792E+00    0.11133E+00
    0.25736E-05   -0.45160E-04   -0.30972E-05    0.15535E-04   -0.93512E-04    0.87840E-04   -0.13351E-03   -0.35996E+01   -0.15186E+00    0.58920E+00   -0.12509E-01   -0.28274E+00    0.13032E-01   -0.17739E-02   -0.44829E-03   -0.11419E-01    0.42805E-05   -0.32131E-04   -0.47872E-02   -0.29696E-01   -0.12831E+00    0.17548E+00    0.92357E-01   -0.11447E+00    0.65707E-01   -0.70444E-01    0.14219E+00   -0.15352E+00   -0.10715E+00    0.43851E-01   -0.10527E-01   -0.82027E-02    0.26284E-02   -0.12777E-01    0.99249E+00   -0.38325E-01   -0.89095E-01    0.35117E-01    0.17096E+00   -0.10087E+00
    0.30221E-06    0.36387E-04   -0.48391E-05    0.12873E-03    0.67039E-04    0.13999E-03    0.55819E-03    0.11315E+01   -0.17460E+00    0.10092E+00    0.24941E+00   -0.10720E-01   -0.89948E-01   -0.12871E-02   -0.12981E-02   -0.32203E-02    0.14735E-04    0.31985E-04   -0.31940E-02   -0.21229E-01    0.15938E+00   -0.21962E+00   -0.42554E-01    0.96204E-01    0.10424E+00    0.64528E+00   -0.77909E-01   -0.20114E+00   -0.70772E-01    0.99792E-01    0.58368E+00    0.93484E-01   -0.13930E+00    0.83327E-02   -0.38325E-01    0.95588E+00   -0.17527E-01    0.58490E-02    0.65129E-02   -0.58331E-02
   -0.35405E-06    0.60307E-05   -0.32911E-05    0.17845E-03   -0.70017E-05   -0.16333E-06    0.51603E-03   -0.36818E+00   -0.36499E+00   -0.58071E-01    0.17955E+00    0.16904E-01   -0.66212E-01   -0.37798E-03    0.36696E-03    0.73852E-03    0.46730E-06    0.53054E-04   -0.13999E-02    0.11232E-01    0.35865E-01    0.31223E-01    0.19645E-01    0.22555E-01   -0.58128E-01    0.25158E+00    0.25239E+00    0.64796E+00    0.72777E-01   -0.54660E+00    0.16054E+00    0.16475E+00    0.39046E-01    0.25531E-01   -0.89095E-01   -0.17527E-01    0.99231E+00    0.11529E-01   -0.11289E-01    0.78822E-03
    0.21165E-05   -0.68875E-05   -0.11687E-05    0.22408E-03    0.28980E-04    0.25790E-03    0.49089E-03   -0.35735E+01   -0.12524E+00    0.43717E+00   -0.10597E+00   -0.23040E+00    0.34290E-01   -0.38129E-02    0.16014E-02   -0.28692E-02    0.57431E-05   -0.28688E-04    0.61622E-02   -0.70713E-02   -0.26212E-03    0.10408E+00    0.23113E-01   -0.11875E-01    0.72948E-01   -0.44764E-01    0.79010E+00    0.15960E+00   -0.57370E-01    0.39834E+00    0.11641E+00   -0.13157E-02    0.16453E+00    0.14445E+00    0.35117E-01    0.58490E-02    0.11529E-01    0.10125E+01   -0.24796E-01   -0.32630E-02
   -0.53017E-05    0.25914E-04   -0.23321E-05    0.22340E-03    0.94300E-04   -0.49561E-04    0.60278E-03   -0.80813E+00    0.19439E+00    0.46399E+00   -0.97320E-01   -0.10374E+00    0.37541E-01   -0.45954E-02    0.25832E-02    0.95715E-03    0.13083E-05   -0.56459E-04    0.17869E-02   -0.69110E-01    0.28929E-01    0.77949E-02   -0.18222E+00   -0.12275E+00   -0.22639E-01   -0.57602E-01    0.26956E+00   -0.61182E+00    0.30769E+00   -0.34556E+00    0.54989E-01    0.12513E+00    0.26313E-01   -0.26792E+00    0.17096E+00    0.65129E-02   -0.11289E-01   -0.24796E-01    0.96409E+00    0.36226E-02
    0.68243E-05    0.42457E-05    0.36056E-05    0.13566E-03    0.17499E-03    0.17546E-04    0.32378E-03    0.23130E+01    0.14285E+00   -0.28297E+00    0.96304E-01    0.23787E+00   -0.37446E-01   -0.21767E-02    0.79401E-02    0.11894E-01    0.49462E-05    0.68585E-04    0.13930E-02   -0.17611E-01    0.88586E-01   -0.22875E+00    0.89986E-01    0.47219E-01    0.32521E-02    0.87223E-01   -0.18914E+00    0.17155E+00    0.66863E+00    0.21147E+00   -0.76097E-01    0.16607E+00   -0.61426E-01    0.11133E+00   -0.10087E+00   -0.58331E-02    0.78822E-03   -0.32630E-02    0.36226E-02    0.97753E+00
