# omegabh2 omegach2 theta tau omegak logA ns calPlanck aps100 asz143 aksz dust100 amp_143 amp_217 amp_143x217 n_143 n_217 n_143x217 cal0 cal2
  7.4482997E-08  -3.9161146E-07   7.1299972E-08   2.6542980E-07  -3.5644455E-06  -1.7993633E-07   1.1907611E-06   6.7884587E-09  -1.7176407E-03   1.1926909E-04  -1.9141593E-04   7.9390524E-07  -2.7142582E-04  -1.5935078E-04  -1.6164653E-04  -6.7835874E-06   1.3249841E-05  -1.7076070E-06   8.3124060E-09  -5.9516422E-09
 -3.9161146E-07   5.2224649E-06  -5.4294224E-07  -2.7528291E-06   2.4495438E-05   5.9094911E-06  -1.2838683E-05  -2.1250954E-07   6.9056568E-03  -5.2571060E-04   8.9131696E-04   3.4972693E-08   1.2161753E-03   7.6700861E-04   7.5039330E-04   4.6383627E-05  -6.1741742E-05   7.6590439E-06  -8.2581994E-08   4.9479652E-08
  7.1299972E-08  -5.4294224E-07   2.5081219E-07   3.7365254E-07  -3.7315734E-06  -2.2629240E-07   1.6584109E-06  -4.2755336E-09  -1.2646793E-03   8.8687100E-05  -1.4264496E-04   2.8681657E-07  -1.8607894E-04  -1.0836097E-04  -1.0635896E-04  -6.0042197E-06   7.3021841E-06  -7.8704477E-06   1.2500962E-08  -3.0361055E-09
  2.6542980E-07  -2.7528291E-06   3.7365254E-07   7.5016603E-05   4.8236414E-05   1.4409170E-04   8.8925820E-06   3.4721635E-07  -4.9491657E-03   5.3452079E-04  -6.3122208E-04   2.3379127E-05  -1.2749619E-03  -6.0972373E-04  -6.7992557E-04  -3.2687935E-05   1.6568538E-05   3.3007858E-06   2.9425819E-07   2.1795971E-07
 -3.5644455E-06   2.4495438E-05  -3.7315734E-06   4.8236414E-05   6.4128029E-04   1.5168390E-04  -7.4337207E-05   4.7188563E-06   1.4383260E-01  -9.2458971E-03   1.6245946E-02   5.2090331E-05   1.8740009E-02   1.0409328E-02   1.0408493E-02   3.5232572E-05  -1.1137856E-03   1.2665821E-04  -4.2172948E-07   1.0675871E-06
 -1.7993633E-07   5.9094911E-06  -2.2629240E-07   1.4409170E-04   1.5168390E-04   3.3175972E-04  -1.0892299E-05   1.3378724E-05   4.6250524E-03   3.3440445E-04  -6.1257206E-04   2.7368302E-05  -7.0712689E-04   3.4647121E-04  -2.2573249E-04   3.4065860E-04  -3.7536769E-05   2.0174608E-04   9.8049150E-07   9.5683424E-07
  1.1907611E-06  -1.2838683E-05   1.6584109E-06   8.8925820E-06  -7.4337207E-05  -1.0892299E-05   4.3370928E-05   7.4209214E-07  -4.6914921E-02   2.8782007E-03  -5.4237440E-03   2.0553931E-05  -5.9497106E-03  -2.9918194E-03  -3.1723780E-03  -3.5195293E-05   3.9474507E-04   1.6107387E-04  -4.6418094E-08  -2.5531812E-08
  6.7884587E-09  -2.1250954E-07  -4.2755336E-09   3.4721635E-07   4.7188563E-06   1.3378724E-05   7.4209214E-07   6.6127372E-06   3.9872339E-03  -6.7973681E-05   2.6380259E-05  -8.1989571E-07   7.4829753E-05  -2.1963819E-05  -8.9655464E-05   8.9969179E-06   8.3180327E-06   9.1710930E-06  -2.7188101E-08   4.1451792E-08
 -1.7176407E-03   6.9056568E-03  -1.2646793E-03  -4.9491657E-03   1.4383260E-01   4.6250524E-03  -4.6914921E-02   3.9872339E-03   7.3601522E+02  -3.4950054E+01   1.9779805E+01  -1.5811541E-01   3.6679351E+01   3.8495224E+00   5.6134864E+00  -3.1756423E+00  -1.5194951E+00  -1.5417843E+00   3.6278721E-03  -1.4442891E-03
  1.1926909E-04  -5.2571060E-04   8.8687100E-05   5.3452079E-04  -9.2458971E-03   3.3440445E-04   2.8782007E-03  -6.7973681E-05  -3.4950054E+01   4.4721579E+00  -3.2494510E+00   3.9119968E-03  -2.3782920E+00   9.5030526E-01   1.0793163E+00   2.2473682E-01   1.7145852E-01   8.8730393E-02   5.9526771E-04  -3.3604052E-04
 -1.9141593E-04   8.9131696E-04  -1.4264496E-04  -6.3122208E-04   1.6245946E-02  -6.1257206E-04  -5.4237440E-03   2.6380259E-05   1.9779805E+01  -3.2494510E+00   6.4114942E+00  -2.9240995E-03   3.3723933E-01  -1.9792286E+00  -2.0830705E+00  -1.9320946E-01  -2.6568470E-01  -2.2670136E-01  -3.5672865E-04   3.9249800E-04
  7.9390524E-07   3.4972693E-08   2.8681657E-07   2.3379127E-05   5.2090331E-05   2.7368302E-05   2.0553931E-05  -8.1989571E-07  -1.5811541E-01   3.9119968E-03  -2.9240995E-03   3.7729950E-02  -1.6794980E-03  -2.5775872E-03   1.3162138E-03  -3.0130925E-03   1.4912433E-03  -3.3375413E-03   4.2767000E-05  -7.0697182E-06
 -2.7142582E-04   1.2161753E-03  -1.8607894E-04  -1.2749619E-03   1.8740009E-02  -7.0712689E-04  -5.9497106E-03   7.4829753E-05   3.6679351E+01  -2.3782920E+00   3.3723933E-01  -1.6794980E-03   4.9652306E+00   1.6562997E+00   2.1655488E+00  -1.4458583E-01  -1.2380313E-01  -1.2081998E-01  -4.5927934E-04  -3.7762225E-04
 -1.5935078E-04   7.6700861E-04  -1.0836097E-04  -6.0972373E-04   1.0409328E-02   3.4647121E-04  -2.9918194E-03  -2.1963819E-05   3.8495224E+00   9.5030526E-01  -1.9792286E+00  -2.5775872E-03   1.6562997E+00   3.4201184E+00   2.8326850E+00   1.7067674E-01  -4.6442683E-01  -1.7302865E-01   1.5734353E-04   8.7511834E-04
 -1.6164653E-04   7.5039330E-04  -1.0635896E-04  -6.7992557E-04   1.0408493E-02  -2.2573249E-04  -3.1723780E-03  -8.9655464E-05   5.6134864E+00   1.0793163E+00  -2.0830705E+00   1.3162138E-03   2.1655488E+00   2.8326850E+00   3.0285858E+00   2.8779042E-02  -2.5323392E-01  -1.0598982E-01   3.9772676E-05   1.1600170E-04
 -6.7835874E-06   4.6383627E-05  -6.0042197E-06  -3.2687935E-05   3.5232572E-05   3.4065860E-04  -3.5195293E-05   8.9969179E-06  -3.1756423E+00   2.2473682E-01  -1.9320946E-01  -3.0130925E-03  -1.4458583E-01   1.7067674E-01   2.8779042E-02   2.7950364E-01  -7.7233496E-02   8.0533610E-02   2.1643604E-04   2.4312819E-04
  1.3249841E-05  -6.1741742E-05   7.3021841E-06   1.6568538E-05  -1.1137856E-03  -3.7536769E-05   3.9474507E-04   8.3180327E-06  -1.5194951E+00   1.7145852E-01  -2.6568470E-01   1.4912433E-03  -1.2380313E-01  -4.6442683E-01  -2.5323392E-01  -7.7233496E-02   3.6839408E-01   1.4420990E-01  -2.3822757E-05  -5.5156921E-04
 -1.7076070E-06   7.6590439E-06  -7.8704477E-06   3.3007858E-06   1.2665821E-04   2.0174608E-04   1.6107387E-04   9.1710930E-06  -1.5417843E+00   8.8730393E-02  -2.2670136E-01  -3.3375413E-03  -1.2081998E-01  -1.7302865E-01  -1.0598982E-01   8.0533610E-02   1.4420990E-01   3.8352100E-01   7.3985782E-05  -9.4657050E-05
  8.3124060E-09  -8.2581994E-08   1.2500962E-08   2.9425819E-07  -4.2172948E-07   9.8049150E-07  -4.6418094E-08  -2.7188101E-08   3.6278721E-03   5.9526771E-04  -3.5672865E-04   4.2767000E-05  -4.5927934E-04   1.5734353E-04   3.9772676E-05   2.1643604E-04  -2.3822757E-05   7.3985782E-05   1.0937011E-06   1.7459248E-07
 -5.9516422E-09   4.9479652E-08  -3.0361055E-09   2.1795971E-07   1.0675871E-06   9.5683424E-07  -2.5531812E-08   4.1451792E-08  -1.4442891E-03  -3.3604052E-04   3.9249800E-04  -7.0697182E-06  -3.7762225E-04   8.7511834E-04   1.1600170E-04   2.4312819E-04  -5.5156921E-04  -9.4657050E-05   1.7459248E-07   1.8672601E-06
