# omegabh2 omegach2 theta tau omegak logA ns acib217 acibsz143 asz143 aps100 aps143 aps143217 aps217 aksz kgal100 t1gal143 t1gal143217 t1gal217 galfEE100 galfEE100143 galfEE100217 galfEE143 galfEE143217 galfEE217 galfTE100 galfTE100143 galfTE100217 galfTE143 galfTE143217 galfTE217 calib_100T calib_217T
    0.2594485E-07   -0.1410114E-06    0.2031557E-07    0.4525862E-06   -0.1504504E-06    0.7022228E-06    0.3675686E-06   -0.1931087E-03   -0.8940615E-04   -0.1466342E-04   -0.2110017E-03   -0.4126683E-04    0.1214558E-03    0.1587502E-03   -0.3192283E-04    0.1167118E-03   -0.1225287E-03   -0.1520235E-03   -0.1750862E-03    0.1648344E-06    0.1859427E-06    0.2324541E-06    0.2068154E-06    0.2644140E-06    0.2795901E-06   -0.1842284E-05   -0.2395379E-05   -0.3064544E-05   -0.3689278E-05   -0.5331078E-05   -0.9311669E-05   -0.2312502E-07    0.9414478E-08
   -0.1410114E-06    0.2044316E-05   -0.1792494E-06   -0.4792285E-05    0.1924149E-05   -0.4664441E-05   -0.4958943E-05    0.8730218E-03    0.3423806E-03   -0.4901551E-04    0.2522111E-02    0.1112003E-02    0.1495629E-03   -0.1034926E-03    0.4185084E-04    0.2280508E-03   -0.1809372E-03   -0.1165626E-03   -0.9370127E-04   -0.1904347E-05   -0.2128258E-05   -0.2576021E-05   -0.2278241E-05   -0.2638086E-05   -0.2424577E-05    0.1235317E-04    0.1470568E-04    0.2004976E-04    0.2738931E-04    0.4044129E-04    0.7205266E-04   -0.1096615E-06   -0.3807389E-07
    0.2031557E-07   -0.1792494E-06    0.9216629E-07    0.6947775E-06   -0.2419093E-06    0.1057689E-05    0.5509130E-06   -0.1111444E-03   -0.3818709E-04   -0.1218312E-04   -0.1294367E-03   -0.7722779E-04   -0.1740637E-04    0.1904942E-04    0.1362000E-04    0.6021403E-04   -0.8261052E-04   -0.9704858E-04   -0.9607476E-04    0.1500002E-06    0.1550045E-06    0.2221593E-06    0.1453101E-06    0.2215805E-06    0.3371006E-06   -0.1213710E-05   -0.1844707E-05   -0.2784538E-05   -0.3074024E-05   -0.4324278E-05   -0.8011677E-05   -0.1181762E-07    0.4981207E-08
    0.4525862E-06   -0.4792285E-05    0.6947775E-06    0.1536418E-03   -0.3779473E-05    0.2967071E-03    0.1959202E-04   -0.9278891E-02   -0.4932729E-02   -0.2175502E-02   -0.6601875E-03    0.6477884E-02    0.1132664E-01    0.1131680E-01   -0.1639716E-02   -0.1000450E-01   -0.9235791E-02   -0.1297674E-01   -0.1513572E-01    0.4618187E-05    0.6810585E-05    0.8195848E-05    0.5536169E-05    0.1036939E-04    0.1511990E-04   -0.5169874E-04   -0.6503752E-04   -0.6496869E-04   -0.1370451E-03   -0.1842735E-03   -0.2952473E-03    0.8015821E-06    0.6805530E-06
   -0.1504504E-06    0.1924149E-05   -0.2419093E-06   -0.3779473E-05    0.4218216E-05   -0.3322491E-05   -0.4868305E-05    0.1035406E-02    0.4057613E-03    0.5204306E-04    0.2068023E-02    0.7623980E-03   -0.1279677E-03   -0.4493573E-03    0.1079811E-03    0.4750026E-03    0.7397471E-03    0.9644914E-03    0.1029923E-02   -0.1708039E-05   -0.1926454E-05   -0.2529235E-05   -0.2285030E-05   -0.2229116E-05   -0.2450422E-05    0.1318402E-04    0.1339621E-04    0.1578144E-04    0.2626252E-04    0.3338094E-04    0.5886121E-04   -0.3255815E-07   -0.5328431E-07
    0.7022228E-06   -0.4664441E-05    0.1057689E-05    0.2967071E-03   -0.3322491E-05    0.5909065E-03    0.2664809E-04   -0.1910967E-01   -0.1077656E-01   -0.5515897E-02    0.1543727E-01    0.2336087E-01    0.3121794E-01    0.2971779E-01   -0.4156418E-02   -0.2527724E-01   -0.3327843E-01   -0.4087991E-01   -0.4527033E-01    0.2568104E-05    0.6336726E-05    0.8170897E-05    0.3528852E-05    0.1262703E-04    0.2317428E-04   -0.7641030E-04   -0.9104710E-04   -0.7671311E-04   -0.2077452E-03   -0.2727432E-03   -0.4181375E-03    0.3686144E-06    0.1303123E-05
    0.3675686E-06   -0.4958943E-05    0.5509130E-06    0.1959202E-04   -0.4868305E-05    0.2664809E-04    0.2364188E-04   -0.9952719E-02   -0.4522830E-02   -0.1687692E-02   -0.6089098E-02    0.5064585E-02    0.1114681E-01    0.1233331E-01   -0.2285960E-02   -0.3276828E-02   -0.4879298E-02   -0.7117278E-02   -0.7403598E-02    0.8786374E-05    0.9972784E-05    0.1118094E-04    0.1007996E-04    0.1126351E-04    0.1233567E-04   -0.4234152E-04   -0.4095712E-04   -0.4498390E-04   -0.7708648E-04   -0.1046770E-03   -0.1841676E-03    0.4475753E-06    0.5060448E-06
   -0.1931087E-03    0.8730218E-03   -0.1111444E-03   -0.9278891E-02    0.1035406E-02   -0.1910967E-01   -0.9952719E-02    0.6264211E+02    0.2268978E+02    0.1120637E+01    0.7796532E+01   -0.2213431E+02   -0.6260943E+02   -0.8069466E+02   -0.3257790E+01   -0.5386678E+00   -0.6026388E+01   -0.9947607E+01   -0.1431046E+02   -0.3503687E-02   -0.2279994E-02   -0.1554207E-02   -0.1311430E-02   -0.8188997E-03   -0.1352722E-02    0.6166396E-02   -0.3667194E-02   -0.1844722E-01    0.2517986E-01    0.9969666E-02   -0.4514281E-01    0.2351978E-03   -0.3107882E-02
   -0.8940615E-04    0.3423806E-03   -0.3818709E-04   -0.4932729E-02    0.4057613E-03   -0.1077656E-01   -0.4522830E-02    0.2268978E+02    0.1675136E+02    0.2640284E+01   -0.1690347E+02   -0.2399258E+02   -0.4174116E+02   -0.2534414E+02   -0.1525134E+01   -0.1423337E+01   -0.4517653E+01   -0.1020603E+02   -0.1131732E+02   -0.1578436E-02   -0.1357702E-02   -0.1380158E-02   -0.5752551E-03   -0.7225370E-03   -0.1627639E-02    0.7009677E-02    0.5997557E-02    0.7903949E-02    0.2440032E-01    0.3076524E-01    0.3109681E-01   -0.7827171E-04   -0.1644006E-03
   -0.1466342E-04   -0.4901551E-04   -0.1218312E-04   -0.2175502E-02    0.5204306E-04   -0.5515897E-02   -0.1687692E-02    0.1120637E+01    0.2640284E+01    0.6681250E+01   -0.4410402E+02   -0.1975101E+02   -0.5955365E+01   -0.1275199E+01   -0.2458480E+00   -0.3408175E+01   -0.7179940E+00    0.3940353E+01    0.4868270E+01    0.1462029E-03   -0.3618659E-03    0.1374342E-03   -0.1550329E-03    0.1047093E-03   -0.1513848E-03    0.2187848E-02    0.3003499E-02   -0.9173740E-02    0.1098495E-01    0.4866633E-02    0.5535582E-02   -0.1244585E-03    0.9682475E-04
   -0.2110017E-03    0.2522111E-02   -0.1294367E-03   -0.6601875E-03    0.2068023E-02    0.1543727E-01   -0.6089098E-02    0.7796532E+01   -0.1690347E+02   -0.4410402E+02    0.7752547E+03    0.1906125E+03    0.7638044E+02    0.2110087E+02   -0.1392550E+02   -0.3514496E+02    0.1351761E+01   -0.1183380E+02   -0.1162967E+02   -0.7396859E-02   -0.7727393E-02   -0.1340719E-01   -0.9858174E-02   -0.1290351E-01   -0.1263036E-01    0.1596769E-01   -0.2454545E-01    0.1645279E-01   -0.1732979E-01    0.1963475E-01    0.2535611E-01   -0.1359098E-02   -0.2662832E-02
   -0.4126683E-04    0.1112003E-02   -0.7722779E-04    0.6477884E-02    0.7623980E-03    0.2336087E-01    0.5064585E-02   -0.2213431E+02   -0.2399258E+02   -0.1975101E+02    0.1906125E+03    0.1255056E+03    0.9296989E+02    0.5228026E+02   -0.1064074E+02    0.1769605E+01   -0.6924263E+01   -0.6000824E+01   -0.4974905E+01   -0.9822428E-03   -0.8694988E-03   -0.9169150E-03   -0.2333830E-02   -0.3296817E-02   -0.1959776E-02    0.4652103E-02    0.7318327E-02    0.2458973E-01   -0.5249836E-02    0.6699348E-03    0.2850849E-01   -0.8817823E-04   -0.4818214E-03
    0.1214558E-03    0.1495629E-03   -0.1740637E-04    0.1132664E-01   -0.1279677E-03    0.3121794E-01    0.1114681E-01   -0.6260943E+02   -0.4174116E+02   -0.5955365E+01    0.7638044E+02    0.9296989E+02    0.1415790E+03    0.1045851E+03   -0.8018966E+01   -0.3953129E+01   -0.1942922E+01    0.5682737E+01    0.4936482E+01    0.3288374E-02    0.1490694E-02    0.2781904E-02   -0.1018996E-02   -0.1035235E-02    0.2042536E-02   -0.3323097E-02    0.3483683E-02    0.3318870E-02   -0.2575727E-01   -0.3172655E-01   -0.3178915E-02   -0.3698390E-03    0.1995622E-02
    0.1587502E-03   -0.1034926E-03    0.1904942E-04    0.1131680E-01   -0.4493573E-03    0.2971779E-01    0.1233331E-01   -0.8069466E+02   -0.2534414E+02   -0.1275199E+01    0.2110087E+02    0.5228026E+02    0.1045851E+03    0.1420997E+03   -0.7522679E+01   -0.5484598E+01   -0.5648650E+01   -0.1233286E+02   -0.1484566E+02    0.3367095E-02    0.9421941E-03    0.1052191E-02   -0.4833048E-03   -0.1807803E-02   -0.1054714E-02    0.1065610E-02    0.1967890E-01    0.4668419E-01   -0.1480543E-03    0.2679252E-01    0.1118841E+00   -0.9301712E-03    0.5895541E-02
   -0.3192283E-04    0.4185084E-04    0.1362000E-04   -0.1639716E-02    0.1079811E-03   -0.4156418E-02   -0.2285960E-02   -0.3257790E+01   -0.1525134E+01   -0.2458480E+00   -0.1392550E+02   -0.1064074E+02   -0.8018966E+01   -0.7522679E+01    0.7806430E+01   -0.1535767E+01   -0.2810745E+01   -0.3017851E+01   -0.3050650E+01   -0.7433799E-03   -0.5977803E-03   -0.1216273E-02   -0.7143153E-03   -0.6429306E-03   -0.1654356E-02    0.4456213E-02    0.9506072E-02    0.1444119E-01    0.6014475E-02    0.1158283E-01    0.2191828E-01    0.2189691E-05    0.1225628E-03
    0.1167118E-03    0.2280508E-03    0.6021403E-04   -0.1000450E-01    0.4750026E-03   -0.2527724E-01   -0.3276828E-02   -0.5386678E+00   -0.1423337E+01   -0.3408175E+01   -0.3514496E+02    0.1769605E+01   -0.3953129E+01   -0.5484598E+01   -0.1535767E+01    0.1509412E+03    0.4668657E+02    0.4226179E+02    0.3985602E+02   -0.1274716E-02    0.7339178E-03    0.3134664E-02    0.3105877E-02    0.3181500E-02    0.5596546E-02   -0.2471807E-01   -0.6980493E-01   -0.5338608E-01   -0.3840270E-01   -0.3394212E-01   -0.6110423E-01   -0.1342255E-01    0.1256009E-03
   -0.1225287E-03   -0.1809372E-03   -0.8261052E-04   -0.9235791E-02    0.7397471E-03   -0.3327843E-01   -0.4879298E-02   -0.6026388E+01   -0.4517653E+01   -0.7179940E+00    0.1351761E+01   -0.6924263E+01   -0.1942922E+01   -0.5648650E+01   -0.2810745E+01    0.4668657E+02    0.9240725E+02    0.9377555E+02    0.9323145E+02    0.2890454E-02    0.2315191E-02    0.2191229E-02    0.1784977E-02    0.5425281E-03    0.2706288E-02    0.5174374E-02   -0.5283568E-01   -0.6647597E-01   -0.6572386E-01   -0.6634453E-01   -0.9907682E-01    0.2977794E-02    0.1118972E-03
   -0.1520235E-03   -0.1165626E-03   -0.9704858E-04   -0.1297674E-01    0.9644914E-03   -0.4087991E-01   -0.7117278E-02   -0.9947607E+01   -0.1020603E+02    0.3940353E+01   -0.1183380E+02   -0.6000824E+01    0.5682737E+01   -0.1233286E+02   -0.3017851E+01    0.4226179E+02    0.9377555E+02    0.1322916E+03    0.1560802E+03    0.2371832E-02    0.1362252E-02    0.1713038E-02    0.8276256E-03   -0.4600911E-03    0.2704523E-02    0.2093820E-02   -0.5330568E-01   -0.8702716E-01   -0.5699823E-01   -0.6042333E-01   -0.5338786E-01    0.2860905E-02   -0.4890507E-02
   -0.1750862E-03   -0.9370127E-04   -0.9607476E-04   -0.1513572E-01    0.1029923E-02   -0.4527033E-01   -0.7403598E-02   -0.1431046E+02   -0.1131732E+02    0.4868270E+01   -0.1162967E+02   -0.4974905E+01    0.4936482E+01   -0.1484566E+02   -0.3050650E+01    0.3985602E+02    0.9323145E+02    0.1560802E+03    0.2040428E+03    0.2001036E-02    0.9028622E-03    0.1543383E-02    0.5731988E-03   -0.6918510E-03    0.2570400E-02    0.4182346E-03   -0.5312538E-01   -0.8194530E-01   -0.5179929E-01   -0.3272977E-01    0.2784265E-01    0.2856715E-02   -0.9302297E-02
    0.1648344E-06   -0.1904347E-05    0.1500002E-06    0.4618187E-05   -0.1708039E-05    0.2568104E-05    0.8786374E-05   -0.3503687E-02   -0.1578436E-02    0.1462029E-03   -0.7396859E-02   -0.9822428E-03    0.3288374E-02    0.3367095E-02   -0.7433799E-03   -0.1274716E-02    0.2890454E-02    0.2371832E-02    0.2001036E-02    0.7119392E-04    0.2474620E-04    0.3060167E-04    0.1265707E-04    0.1634518E-04    0.1909851E-04   -0.1221355E-03   -0.8910661E-04   -0.8679983E-04   -0.6444488E-04   -0.5422967E-04   -0.9342728E-04    0.7455867E-06    0.2887094E-06
    0.1859427E-06   -0.2128258E-05    0.1550045E-06    0.6810585E-05   -0.1926454E-05    0.6336726E-05    0.9972784E-05   -0.2279994E-02   -0.1357702E-02   -0.3618659E-03   -0.7727393E-02   -0.8694988E-03    0.1490694E-02    0.9421941E-03   -0.5977803E-03    0.7339178E-03    0.2315191E-02    0.1362252E-02    0.9028622E-03    0.2474620E-04    0.4285581E-04    0.3794178E-04    0.3110475E-04    0.3179211E-04    0.2676102E-04   -0.8047268E-04   -0.1102569E-03   -0.9451471E-04   -0.1258074E-03   -0.1132296E-03   -0.1304646E-03    0.5178433E-06    0.1163853E-06
    0.2324541E-06   -0.2576021E-05    0.2221593E-06    0.8195848E-05   -0.2529235E-05    0.8170897E-05    0.1118094E-04   -0.1554207E-02   -0.1380158E-02    0.1374342E-03   -0.1340719E-01   -0.9169150E-03    0.2781904E-02    0.1052191E-02   -0.1216273E-02    0.3134664E-02    0.2191229E-02    0.1713038E-02    0.1543383E-02    0.3060167E-04    0.3794178E-04    0.1194579E-03    0.2752210E-04    0.6311389E-04    0.1103636E-03   -0.1064598E-03   -0.1231990E-03   -0.1287958E-03   -0.1000036E-03   -0.1802695E-03   -0.3858181E-03    0.1461586E-06   -0.4497030E-07
    0.2068154E-06   -0.2278241E-05    0.1453101E-06    0.5536169E-05   -0.2285030E-05    0.3528852E-05    0.1007996E-04   -0.1311430E-02   -0.5752551E-03   -0.1550329E-03   -0.9858174E-02   -0.2333830E-02   -0.1018996E-02   -0.4833048E-03   -0.7143153E-03    0.3105877E-02    0.1784977E-02    0.8276256E-03    0.5731988E-03    0.1265707E-04    0.3110475E-04    0.2752210E-04    0.9154543E-04    0.6067494E-04    0.4233141E-04   -0.5575814E-04   -0.9658654E-04   -0.6484985E-04   -0.2046510E-03   -0.1773225E-03   -0.1831336E-03    0.1444943E-06    0.7638580E-07
    0.2644140E-06   -0.2638086E-05    0.2215805E-06    0.1036939E-04   -0.2229116E-05    0.1262703E-04    0.1126351E-04   -0.8188997E-03   -0.7225370E-03    0.1047093E-03   -0.1290351E-01   -0.3296817E-02   -0.1035235E-02   -0.1807803E-02   -0.6429306E-03    0.3181500E-02    0.5425281E-03   -0.4600911E-03   -0.6918510E-03    0.1634518E-04    0.3179211E-04    0.6311389E-04    0.6067494E-04    0.1310151E-03    0.1618598E-03   -0.8795240E-04   -0.1205006E-03   -0.1221466E-03   -0.1997294E-03   -0.2501399E-03   -0.4527019E-03    0.2968558E-08    0.2845586E-07
    0.2795901E-06   -0.2424577E-05    0.3371006E-06    0.1511990E-04   -0.2450422E-05    0.2317428E-04    0.1233567E-04   -0.1352722E-02   -0.1627639E-02   -0.1513848E-03   -0.1263036E-01   -0.1959776E-02    0.2042536E-02   -0.1054714E-02   -0.1654356E-02    0.5596546E-02    0.2706288E-02    0.2704523E-02    0.2570400E-02    0.1909851E-04    0.2676102E-04    0.1103636E-03    0.4233141E-04    0.1618598E-03    0.6494435E-03   -0.1301846E-03   -0.1400542E-03   -0.1701640E-03   -0.1643060E-03   -0.2826803E-03   -0.5069248E-03   -0.2182284E-06   -0.5409142E-07
   -0.1842284E-05    0.1235317E-04   -0.1213710E-05   -0.5169874E-04    0.1318402E-04   -0.7641030E-04   -0.4234152E-04    0.6166396E-02    0.7009677E-02    0.2187848E-02    0.1596769E-01    0.4652103E-02   -0.3323097E-02    0.1065610E-02    0.4456213E-02   -0.2471807E-01    0.5174374E-02    0.2093820E-02    0.4182346E-03   -0.1221355E-03   -0.8047268E-04   -0.1064598E-03   -0.5575814E-04   -0.8795240E-04   -0.1301846E-03    0.1346549E-01    0.8851774E-02    0.1042814E-01    0.1853880E-02    0.2437074E-02    0.4081317E-02    0.2709861E-05    0.1436039E-05
   -0.2395379E-05    0.1470568E-04   -0.1844707E-05   -0.6503752E-04    0.1339621E-04   -0.9104710E-04   -0.4095712E-04   -0.3667194E-02    0.5997557E-02    0.3003499E-02   -0.2454545E-01    0.7318327E-02    0.3483683E-02    0.1967890E-01    0.9506072E-02   -0.6980493E-01   -0.5283568E-01   -0.5330568E-01   -0.5312538E-01   -0.8910661E-04   -0.1102569E-03   -0.1231990E-03   -0.9658654E-04   -0.1205006E-03   -0.1400542E-03    0.8851774E-02    0.1252722E-01    0.1407024E-01    0.8496056E-02    0.8476822E-02    0.8476683E-02    0.5527322E-05    0.1330959E-05
   -0.3064544E-05    0.2004976E-04   -0.2784538E-05   -0.6496869E-04    0.1578144E-04   -0.7671311E-04   -0.4498390E-04   -0.1844722E-01    0.7903949E-02   -0.9173740E-02    0.1645279E-01    0.2458973E-01    0.3318870E-02    0.4668419E-01    0.1444119E-01   -0.5338608E-01   -0.6647597E-01   -0.8702716E-01   -0.8194530E-01   -0.8679983E-04   -0.9451471E-04   -0.1287958E-03   -0.6484985E-04   -0.1221466E-03   -0.1701640E-03    0.1042814E-01    0.1407024E-01    0.2682062E-01    0.4563278E-02    0.1186219E-01    0.2374533E-01    0.3354530E-05    0.1246305E-05
   -0.3689278E-05    0.2738931E-04   -0.3074024E-05   -0.1370451E-03    0.2626252E-04   -0.2077452E-03   -0.7708648E-04    0.2517986E-01    0.2440032E-01    0.1098495E-01   -0.1732979E-01   -0.5249836E-02   -0.2575727E-01   -0.1480543E-03    0.6014475E-02   -0.3840270E-01   -0.6572386E-01   -0.5699823E-01   -0.5179929E-01   -0.6444488E-04   -0.1258074E-03   -0.1000036E-03   -0.2046510E-03   -0.1997294E-03   -0.1643060E-03    0.1853880E-02    0.8496056E-02    0.4563278E-02    0.2243981E-01    0.2020457E-01    0.1352426E-01   -0.9253628E-06   -0.1070639E-06
   -0.5331078E-05    0.4044129E-04   -0.4324278E-05   -0.1842735E-03    0.3338094E-04   -0.2727432E-03   -0.1046770E-03    0.9969666E-02    0.3076524E-01    0.4866633E-02    0.1963475E-01    0.6699348E-03   -0.3172655E-01    0.2679252E-01    0.1158283E-01   -0.3394212E-01   -0.6634453E-01   -0.6042333E-01   -0.3272977E-01   -0.5422967E-04   -0.1132296E-03   -0.1802695E-03   -0.1773225E-03   -0.2501399E-03   -0.2826803E-03    0.2437074E-02    0.8476822E-02    0.1186219E-01    0.2020457E-01    0.2978097E-01    0.4026267E-01   -0.1593205E-05   -0.2419230E-05
   -0.9311669E-05    0.7205266E-04   -0.8011677E-05   -0.2952473E-03    0.5886121E-04   -0.4181375E-03   -0.1841676E-03   -0.4514281E-01    0.3109681E-01    0.5535582E-02    0.2535611E-01    0.2850849E-01   -0.3178915E-02    0.1118841E+00    0.2191828E-01   -0.6110423E-01   -0.9907682E-01   -0.5338786E-01    0.2784265E-01   -0.9342728E-04   -0.1304646E-03   -0.3858181E-03   -0.1831336E-03   -0.4527019E-03   -0.5069248E-03    0.4081317E-02    0.8476683E-02    0.2374533E-01    0.1352426E-01    0.4026267E-01    0.1010769E+00   -0.3545408E-05   -0.5896020E-05
   -0.2312502E-07   -0.1096615E-06   -0.1181762E-07    0.8015821E-06   -0.3255815E-07    0.3686144E-06    0.4475753E-06    0.2351978E-03   -0.7827171E-04   -0.1244585E-03   -0.1359098E-02   -0.8817823E-04   -0.3698390E-03   -0.9301712E-03    0.2189691E-05   -0.1342255E-01    0.2977794E-02    0.2860905E-02    0.2856715E-02    0.7455867E-06    0.5178433E-06    0.1461586E-06    0.1444943E-06    0.2968558E-08   -0.2182284E-06    0.2709861E-05    0.5527322E-05    0.3354530E-05   -0.9253628E-06   -0.1593205E-05   -0.3545408E-05    0.2348043E-05   -0.1961657E-07
    0.9414478E-08   -0.3807389E-07    0.4981207E-08    0.6805530E-06   -0.5328431E-07    0.1303123E-05    0.5060448E-06   -0.3107882E-02   -0.1644006E-03    0.9682475E-04   -0.2662832E-02   -0.4818214E-03    0.1995622E-02    0.5895541E-02    0.1225628E-03    0.1256009E-03    0.1118972E-03   -0.4890507E-02   -0.9302297E-02    0.2887094E-06    0.1163853E-06   -0.4497030E-07    0.7638580E-07    0.2845586E-07   -0.5409142E-07    0.1436039E-05    0.1330959E-05    0.1246305E-05   -0.1070639E-06   -0.2419230E-05   -0.5896020E-05   -0.1961657E-07    0.1306440E-05
