# omegabh2 omegach2 theta tau mnu nnu logA ns acib217 acibsz143 asz143 aps100 aps143 aps143217 aps217 aksz kgal100 t1gal143 t1gal143217 t1gal217 calib_100T calib_217T
    0.7245733E-07    0.4302856E-06   -0.2105412E-07    0.9767175E-06    0.8502975E-05    0.3605486E-04    0.2864070E-05    0.1515439E-05   -0.6183344E-04   -0.3777508E-04    0.1995928E-04   -0.5428664E-03   -0.3869293E-03   -0.2457263E-03   -0.2612143E-03    0.2493612E-05    0.1528746E-02    0.1287619E-02    0.1342934E-02    0.1399360E-02   -0.6347628E-07   -0.1300703E-07
    0.4302856E-06    0.1614155E-04   -0.1461787E-05    0.3074659E-05    0.6368604E-04    0.9122758E-03    0.4149632E-04    0.2337374E-04    0.8910445E-02    0.4155916E-02    0.6800831E-03    0.5231709E-02    0.2302355E-03   -0.7443233E-02   -0.8663547E-02    0.1295449E-02    0.1322283E-01    0.1311951E-01    0.1456592E-01    0.1537165E-01   -0.5709016E-06   -0.4768020E-06
   -0.2105412E-07   -0.1461787E-05    0.3363158E-06   -0.2908188E-06   -0.9617392E-05   -0.9067348E-04   -0.3630174E-05   -0.2280381E-05   -0.8534877E-03   -0.4183983E-03   -0.7658145E-04   -0.6162848E-03   -0.1523333E-03    0.6102612E-03    0.6907493E-03   -0.1470772E-03   -0.6177795E-03   -0.9148346E-03   -0.1108652E-02   -0.1211029E-02   -0.1036469E-08    0.4887391E-07
    0.9767175E-06    0.3074659E-05   -0.2908188E-06    0.2000352E-03    0.4167271E-03    0.6551692E-03    0.4053614E-03    0.4870313E-04   -0.2956617E-02   -0.3657856E-03   -0.4955533E-03   -0.1041712E-01   -0.1974144E-02   -0.2036769E-03    0.2779130E-02   -0.1386390E-02   -0.8912336E-02   -0.3820056E-02   -0.6186411E-02   -0.6288547E-02    0.1044804E-05    0.3055555E-06
    0.8502975E-05    0.6368604E-04   -0.9617392E-05    0.4167271E-03    0.9567158E-02    0.9970734E-02    0.9283548E-03    0.4674825E-03    0.1181479E+00    0.5589754E-01    0.1776884E-01    0.3014998E-01   -0.5348332E-01   -0.1286095E+00   -0.1339333E+00    0.2257820E-01    0.1130788E+00    0.1322199E+00    0.1491012E+00    0.1545399E+00   -0.3707127E-05   -0.6412203E-05
    0.3605486E-04    0.9122758E-03   -0.9067348E-04    0.6551692E-03    0.9970734E-02    0.6182607E-01    0.3277425E-02    0.1942543E-02    0.6057790E+00    0.2854783E+00    0.5695632E-01    0.3495829E+00   -0.4200080E-01   -0.5393642E+00   -0.6063268E+00    0.9649577E-01    0.7620318E+00    0.7994371E+00    0.9013089E+00    0.9529274E+00   -0.3174684E-04   -0.3245506E-04
    0.2864070E-05    0.4149632E-04   -0.3630174E-05    0.4053614E-03    0.9283548E-03    0.3277425E-02    0.9147073E-03    0.1439145E-03    0.1442732E-01    0.8539957E-02   -0.1783197E-04    0.1326944E-01    0.1049424E-01   -0.4350138E-02   -0.2086658E-02   -0.3796180E-03   -0.1711426E-01   -0.3182024E-01   -0.3353436E-01   -0.3161039E-01   -0.1635880E-05   -0.6094666E-06
    0.1515439E-05    0.2337374E-04   -0.2280381E-05    0.4870313E-04    0.4674825E-03    0.1942543E-02    0.1439145E-03    0.8743980E-04    0.7009165E-02    0.3058162E-02    0.6784177E-03   -0.1019036E-02    0.2749901E-02   -0.2896942E-02   -0.4726777E-02    0.6386502E-03    0.2182996E-01    0.2461393E-01    0.2733159E-01    0.2949608E-01   -0.2809558E-06   -0.6527032E-06
   -0.6183344E-04    0.8910445E-02   -0.8534877E-03   -0.2956617E-02    0.1181479E+00    0.6057790E+00    0.1442732E-01    0.7009165E-02    0.8061666E+02    0.3274132E+02    0.1182077E+01    0.2817384E+02   -0.2081508E+02   -0.7952487E+02   -0.9427602E+02   -0.2271864E+01   -0.8752623E+01   -0.1965800E+02   -0.2576751E+02   -0.3020654E+02   -0.2527982E-03   -0.3719340E-02
   -0.3777508E-04    0.4155916E-02   -0.4183983E-03   -0.3657856E-03    0.5589754E-01    0.2854783E+00    0.8539957E-02    0.3058162E-02    0.3274132E+02    0.2318235E+02    0.2484524E+01   -0.8124494E+01   -0.2400613E+02   -0.5360795E+02   -0.3298579E+02   -0.8587465E+00   -0.7145876E+01   -0.1460163E+02   -0.2202677E+02   -0.2294532E+02   -0.3127691E-03   -0.4176764E-03
    0.1995928E-04    0.6800831E-03   -0.7658145E-04   -0.4955533E-03    0.1776884E-01    0.5695632E-01   -0.1783197E-04    0.6784177E-03    0.1182077E+01    0.2484524E+01    0.5475499E+01   -0.3482256E+02   -0.1506036E+02   -0.4520769E+01   -0.2052705E+00   -0.1884564E+00   -0.2857094E+01   -0.2131941E+01    0.1658669E+01    0.2328074E+01   -0.2888308E-03    0.1168053E-03
   -0.5428664E-03    0.5231709E-02   -0.6162848E-03   -0.1041712E-01    0.3014998E-01    0.3495829E+00    0.1326944E-01   -0.1019036E-02    0.2817384E+02   -0.8124494E+01   -0.3482256E+02    0.7290581E+03    0.1697858E+03    0.6275493E+02    0.3168112E+01   -0.1065863E+02   -0.8065904E+02   -0.4683221E+02   -0.5453036E+02   -0.5648261E+02   -0.1144837E-02   -0.3065005E-02
   -0.3869293E-03    0.2302355E-03   -0.1523333E-03   -0.1974144E-02   -0.5348332E-01   -0.4200080E-01    0.1049424E-01    0.2749901E-02   -0.2081508E+02   -0.2400613E+02   -0.1506036E+02    0.1697858E+03    0.1191130E+03    0.9820693E+02    0.5415300E+02   -0.9402854E+01   -0.2461500E+02   -0.3828736E+02   -0.3147255E+02   -0.2913184E+02   -0.6112284E-03   -0.7361853E-03
   -0.2457263E-03   -0.7443233E-02    0.6102612E-03   -0.2036769E-03   -0.1286095E+00   -0.5393642E+00   -0.4350138E-02   -0.2896942E-02   -0.7952487E+02   -0.5360795E+02   -0.4520769E+01    0.6275493E+02    0.9820693E+02    0.1714936E+03    0.1239863E+03   -0.8004338E+01   -0.1948154E+02   -0.2189571E+02   -0.9841177E+01   -0.1092789E+02   -0.9926465E-03    0.2307480E-02
   -0.2612143E-03   -0.8663547E-02    0.6907493E-03    0.2779130E-02   -0.1339333E+00   -0.6063268E+00   -0.2086658E-02   -0.4726777E-02   -0.9427602E+02   -0.3298579E+02   -0.2052705E+00    0.3168112E+01    0.5415300E+02    0.1239863E+03    0.1582604E+03   -0.7037534E+01   -0.2488702E+02   -0.3257532E+02   -0.3732534E+02   -0.3992030E+02   -0.1421180E-02    0.6425151E-02
    0.2493612E-05    0.1295449E-02   -0.1470772E-03   -0.1386390E-02    0.2257820E-01    0.9649577E-01   -0.3796180E-03    0.6386502E-03   -0.2271864E+01   -0.8587465E+00   -0.1884564E+00   -0.1065863E+02   -0.9402854E+01   -0.8004338E+01   -0.7037534E+01    0.7673231E+01   -0.1338616E+01   -0.3944767E+01   -0.4597888E+01   -0.5037264E+01   -0.1842346E-03    0.2073954E-03
    0.1528746E-02    0.1322283E-01   -0.6177795E-03   -0.8912336E-02    0.1130788E+00    0.7620318E+00   -0.1711426E-01    0.2182996E-01   -0.8752623E+01   -0.7145876E+01   -0.2857094E+01   -0.8065904E+02   -0.2461500E+02   -0.1948154E+02   -0.2488702E+02   -0.1338616E+01    0.2642064E+03    0.1763841E+03    0.1751446E+03    0.1741213E+03   -0.1428876E-01   -0.1377925E-03
    0.1287619E-02    0.1311951E-01   -0.9148346E-03   -0.3820056E-02    0.1322199E+00    0.7994371E+00   -0.3182024E-01    0.2461393E-01   -0.1965800E+02   -0.1460163E+02   -0.2131941E+01   -0.4683221E+02   -0.3828736E+02   -0.2189571E+02   -0.3257532E+02   -0.3944767E+01    0.1763841E+03    0.2965072E+03    0.3010010E+03    0.2993195E+03    0.8421800E-02    0.4601237E-03
    0.1342934E-02    0.1456592E-01   -0.1108652E-02   -0.6186411E-02    0.1491012E+00    0.9013089E+00   -0.3353436E-01    0.2733159E-01   -0.2576751E+02   -0.2202677E+02    0.1658669E+01   -0.5453036E+02   -0.3147255E+02   -0.9841177E+01   -0.3732534E+02   -0.4597888E+01    0.1751446E+03    0.3010010E+03    0.3463615E+03    0.3714293E+03    0.8130782E-02   -0.4991963E-02
    0.1399360E-02    0.1537165E-01   -0.1211029E-02   -0.6288547E-02    0.1545399E+00    0.9529274E+00   -0.3161039E-01    0.2949608E-01   -0.3020654E+02   -0.2294532E+02    0.2328074E+01   -0.5648261E+02   -0.2913184E+02   -0.1092789E+02   -0.3992030E+02   -0.5037264E+01    0.1741213E+03    0.2993195E+03    0.3714293E+03    0.4231809E+03    0.7864777E-02   -0.9908717E-02
   -0.6347628E-07   -0.5709016E-06   -0.1036469E-08    0.1044804E-05   -0.3707127E-05   -0.3174684E-04   -0.1635880E-05   -0.2809558E-06   -0.2527982E-03   -0.3127691E-03   -0.2888308E-03   -0.1144837E-02   -0.6112284E-03   -0.9926465E-03   -0.1421180E-02   -0.1842346E-03   -0.1428876E-01    0.8421800E-02    0.8130782E-02    0.7864777E-02    0.3120602E-05    0.6310268E-07
   -0.1300703E-07   -0.4768020E-06    0.4887391E-07    0.3055555E-06   -0.6412203E-05   -0.3245506E-04   -0.6094666E-06   -0.6527032E-06   -0.3719340E-02   -0.4176764E-03    0.1168053E-03   -0.3065005E-02   -0.7361853E-03    0.2307480E-02    0.6425151E-02    0.2073954E-03   -0.1377925E-03    0.4601237E-03   -0.4991963E-02   -0.9908717E-02    0.6310268E-07    0.1457037E-05
