# omegabh2 omegach2 theta tau w wa logA ns alpha_JLA beta_JLA acib217 acibsz143 asz143 aps100 aps143 aps143217 aps217 aksz kgal100 t1gal143 t1gal143217 t1gal217 galfEE100 galfEE100143 galfEE100217 galfEE143 galfEE143217 galfEE217 galfTE100 galfTE100143 galfTE100217 galfTE143 galfTE143217 galfTE217 calib_100T calib_217T
    0.2265753E-07   -0.9886923E-07    0.1709209E-07    0.4776876E-06   -0.5920341E-06    0.8957788E-05    0.8559628E-06    0.2672540E-06   -0.3510052E-07    0.7370728E-07   -0.1515339E-03   -0.6998685E-04   -0.2651639E-04    0.8072953E-04    0.1096942E-03    0.1633996E-03    0.1574421E-03   -0.5283011E-04    0.1179904E-03   -0.1608568E-03   -0.1602934E-03   -0.1516387E-03    0.1370260E-06    0.1413529E-06    0.1392701E-06    0.1418302E-06    0.1823748E-06    0.2114988E-06   -0.2298181E-05   -0.2336057E-05   -0.1837036E-05   -0.3138734E-05   -0.3897668E-05   -0.5550520E-05   -0.3187104E-07    0.6277507E-08
   -0.9886923E-07    0.1476611E-05   -0.1013332E-06   -0.7272318E-05    0.4760773E-05   -0.1172026E-03   -0.1097231E-04   -0.4071612E-05    0.6935791E-06    0.1646122E-05    0.9629399E-03    0.3814085E-03    0.5428729E-04    0.8602438E-03   -0.1788283E-03   -0.6891025E-03   -0.6412944E-03    0.1887388E-03   -0.6041221E-05    0.3427536E-03    0.7057183E-03    0.9943356E-03   -0.1290791E-05   -0.1842663E-05   -0.1743531E-05   -0.1801537E-05   -0.2024141E-05   -0.2585199E-05    0.1894311E-04    0.1262932E-04    0.1234002E-04    0.2131909E-04    0.2104155E-04    0.2403666E-04    0.1425485E-07   -0.1240023E-06
    0.1709209E-07   -0.1013332E-06    0.9499780E-07    0.9980564E-06   -0.1178285E-05    0.1427427E-04    0.1905148E-05    0.2739856E-06    0.6786794E-07   -0.6199412E-06    0.1694913E-04    0.5971135E-04   -0.2878247E-04    0.2799130E-03    0.2474121E-04   -0.1270483E-03    0.3156832E-04   -0.5514227E-05   -0.1129627E-03   -0.1350544E-03   -0.2296252E-03   -0.2461838E-03    0.1717464E-07    0.5434100E-07    0.7558982E-07    0.2766428E-07    0.1698347E-07    0.4298588E-07   -0.2091687E-05   -0.1594322E-05   -0.2778997E-05   -0.3261303E-05   -0.5648129E-05   -0.9676144E-05   -0.2771078E-08    0.1138969E-07
    0.4776876E-06   -0.7272318E-05    0.9980564E-06    0.1250749E-03   -0.2380704E-03    0.1362342E-02    0.2302950E-03    0.2615736E-04    0.1587407E-05   -0.1416133E-04   -0.5282895E-02   -0.6421557E-03   -0.6721312E-03   -0.6105067E-02   -0.7222180E-03    0.1078500E-02    0.4609132E-02   -0.1642072E-02   -0.3146401E-02   -0.3202989E-02   -0.7638084E-02   -0.9512681E-02    0.7718331E-05    0.1333208E-04    0.1076413E-04    0.1291127E-04    0.1415522E-04    0.1321219E-04   -0.1240695E-03   -0.1225230E-03   -0.7978154E-04   -0.2317829E-03   -0.2663541E-03   -0.3033018E-03    0.4910841E-06    0.1039977E-05
   -0.5920341E-06    0.4760773E-05   -0.1178285E-05   -0.2380704E-03    0.1094435E-01   -0.3326369E-01   -0.4711977E-03   -0.1989825E-04   -0.4634899E-04   -0.6736870E-03    0.2358636E-01    0.1506685E-01   -0.7670071E-04    0.6140785E-01   -0.7859229E-02   -0.5032029E-01   -0.4815290E-01    0.2850142E-02   -0.4968812E-01   -0.1617379E-01    0.8255892E-02    0.3037284E-01    0.1332657E-04   -0.3226485E-04   -0.3049707E-04   -0.7586621E-04   -0.5653247E-04    0.1947647E-05    0.3952417E-03    0.6468335E-03    0.6523243E-03   -0.2774854E-04   -0.4197714E-03   -0.2632786E-03    0.2666815E-05   -0.5009074E-05
    0.8957788E-05   -0.1172026E-03    0.1427427E-04    0.1362342E-02   -0.3326369E-01    0.1211767E+00    0.2468025E-02    0.3404306E-03    0.8622020E-04    0.1787500E-02   -0.1456361E+00   -0.7083083E-01   -0.7042475E-02   -0.3483289E+00    0.5677701E-01    0.2169337E+00    0.2156994E+00   -0.2120715E-01    0.2078959E+00    0.4274688E-01   -0.8609610E-01   -0.1926213E+00    0.7857596E-04    0.2283602E-03    0.1846180E-03    0.3424835E-03    0.2851183E-03    0.2740171E-03   -0.3227700E-02   -0.3054618E-02   -0.3760646E-02   -0.1351233E-02   -0.1242546E-02   -0.3623844E-02   -0.1253986E-04    0.2837182E-04
    0.8559628E-06   -0.1097231E-04    0.1905148E-05    0.2302950E-03   -0.4711977E-03    0.2468025E-02    0.4365179E-03    0.4192520E-04    0.5185858E-05   -0.2568350E-04   -0.9772273E-02   -0.1229617E-02   -0.1810947E-02   -0.9387783E-03    0.5588208E-02    0.7439173E-02    0.1424540E-01   -0.3893380E-02   -0.1361233E-01   -0.2241978E-01   -0.3042041E-01   -0.3335663E-01    0.9748359E-05    0.1941229E-04    0.1535176E-04    0.1912102E-04    0.2135942E-04    0.1903227E-04   -0.2032108E-03   -0.2087514E-03   -0.1222035E-03   -0.4027928E-03   -0.4745192E-03   -0.5309745E-03    0.1937910E-07    0.1847440E-05
    0.2672540E-06   -0.4071612E-05    0.2739856E-06    0.2615736E-04   -0.1989825E-04    0.3404306E-03    0.4192520E-04    0.2392248E-04   -0.1790071E-05   -0.1411911E-04   -0.1126798E-01   -0.4857125E-02   -0.1484717E-02   -0.7929605E-02    0.8313059E-02    0.1465187E-01    0.1477483E-01   -0.2965278E-02   -0.9512268E-03   -0.9256714E-02   -0.1125289E-01   -0.1125285E-01    0.9343509E-05    0.9787498E-05    0.7828430E-05    0.7174475E-05    0.7362924E-05    0.1646077E-04   -0.6488931E-04   -0.2620376E-04    0.2446451E-05   -0.3974315E-04    0.2910800E-05    0.5252456E-04   -0.3392285E-06    0.7300402E-06
   -0.3510052E-07    0.6935791E-06    0.6786794E-07    0.1587407E-05   -0.4634899E-04    0.8622020E-04    0.5185858E-05   -0.1790071E-05    0.4347135E-04   -0.5295295E-05    0.2577052E-02    0.1357916E-02    0.1000759E-03   -0.2161641E-02   -0.1367862E-02   -0.3328010E-02   -0.2367035E-02   -0.2033972E-03    0.1609064E-02   -0.2017277E-02   -0.1027278E-02   -0.1712536E-03   -0.2764720E-05   -0.3548491E-05   -0.5833134E-05   -0.2773471E-05   -0.5134644E-05   -0.7025170E-05    0.2882492E-04    0.1480367E-04    0.4751148E-05    0.6425979E-04    0.5056092E-04    0.3345574E-05   -0.3877179E-06   -0.3128491E-06
    0.7370728E-07    0.1646122E-05   -0.6199412E-06   -0.1416133E-04   -0.6736870E-03    0.1787500E-02   -0.2568350E-04   -0.1411911E-04   -0.5295295E-05    0.6136007E-02    0.6778383E-02    0.1613415E-01    0.7985939E-02   -0.5887917E-01   -0.3680979E-01   -0.3609205E-01    0.2696635E-02    0.6658046E-05    0.4994436E-01    0.5791365E-02    0.1940138E-02    0.1073371E-01    0.1419934E-04   -0.4540412E-06    0.2659313E-04    0.8185992E-06    0.1057498E-04   -0.2966280E-04    0.2660192E-03    0.8716162E-04    0.1093786E-03   -0.4194033E-03   -0.4802322E-03   -0.3352325E-03   -0.4009452E-05   -0.1697965E-05
   -0.1515339E-03    0.9629399E-03    0.1694913E-04   -0.5282895E-02    0.2358636E-01   -0.1456361E+00   -0.9772273E-02   -0.1126798E-01    0.2577052E-02    0.6778383E-02    0.6524690E+02    0.2457996E+02    0.1252185E+00    0.3177956E+02   -0.2164108E+02   -0.6743646E+02   -0.8226859E+02   -0.2615739E+01   -0.7002108E+01   -0.1032716E+02   -0.1716740E+02   -0.2326793E+02   -0.2627692E-02   -0.2140955E-02    0.4740132E-03   -0.9914444E-03   -0.2201434E-02   -0.1507860E-01    0.3777785E-01    0.3449622E-01    0.5985845E-02    0.2913040E-01   -0.1875167E-01   -0.1239042E+00    0.5707459E-03   -0.2953023E-02
   -0.6998685E-04    0.3814085E-03    0.5971135E-04   -0.6421557E-03    0.1506685E-01   -0.7083083E-01   -0.1229617E-02   -0.4857125E-02    0.1357916E-02    0.1613415E-01    0.2457996E+02    0.1782166E+02    0.2140168E+01   -0.5719166E+01   -0.2324520E+02   -0.4424707E+02   -0.2642676E+02   -0.1061255E+01   -0.6266888E+01   -0.1001031E+02   -0.1749019E+02   -0.1982215E+02   -0.4012121E-02   -0.2543222E-02   -0.3672775E-03    0.4549050E-04    0.1550435E-02   -0.9560029E-03    0.3067585E-01    0.4085927E-01    0.3574508E-01    0.3086610E-01    0.1883482E-01   -0.2677196E-01    0.2458701E-04   -0.3691645E-04
   -0.2651639E-04    0.5428729E-04   -0.2878247E-04   -0.6721312E-03   -0.7670071E-04   -0.7042475E-02   -0.1810947E-02   -0.1484717E-02    0.1000759E-03    0.7985939E-02    0.1252185E+00    0.2140168E+01    0.5972946E+01   -0.4054032E+02   -0.1694695E+02   -0.4099413E+01    0.8103088E+00   -0.4648834E-01   -0.3838602E+01   -0.3527255E+01    0.2594299E+00    0.6717082E+00   -0.9049495E-03   -0.1003305E-02   -0.1636436E-02   -0.8850140E-04   -0.5718993E-04    0.2203774E-02    0.1442499E-01    0.1691772E-01    0.1615550E-01    0.2147712E-01    0.3194701E-01    0.4456938E-01   -0.2591676E-03    0.2708553E-03
    0.8072953E-04    0.8602438E-03    0.2799130E-03   -0.6105067E-02    0.6140785E-01   -0.3483289E+00   -0.9387783E-03   -0.7929605E-02   -0.2161641E-02   -0.5887917E-01    0.3177956E+02   -0.5719166E+01   -0.4054032E+02    0.7339969E+03    0.1626015E+03    0.4146718E+02   -0.1246417E+02   -0.1503117E+02   -0.4073446E+02    0.8600615E+01   -0.2572332E+01    0.1070398E+01    0.1896113E-02    0.7691389E-02    0.2465201E-01    0.1222285E-01    0.1438222E-01   -0.2114519E-01    0.1997841E-01   -0.2666026E-01   -0.4766694E-01   -0.1714222E+00   -0.3074227E+00   -0.3639870E+00    0.1059327E-02   -0.5197199E-02
    0.1096942E-03   -0.1788283E-03    0.2474121E-04   -0.7222180E-03   -0.7859229E-02    0.5677701E-01    0.5588208E-02    0.8313059E-02   -0.1367862E-02   -0.3680979E-01   -0.2164108E+02   -0.2324520E+02   -0.1694695E+02    0.1626015E+03    0.1119055E+03    0.8710631E+02    0.4664765E+02   -0.1081554E+02    0.5423755E+01   -0.1089055E+01    0.4915865E+01    0.1006376E+02    0.3249160E-02    0.3931803E-02    0.6097534E-02    0.3374189E-02    0.1387141E-02   -0.5219485E-02   -0.1340273E-02   -0.3181862E-02    0.1814913E-01   -0.3994313E-01   -0.4387949E-01    0.4093699E-02   -0.3826911E-03   -0.1333379E-02
    0.1633996E-03   -0.6891025E-03   -0.1270483E-03    0.1078500E-02   -0.5032029E-01    0.2169337E+00    0.7439173E-02    0.1465187E-01   -0.3328010E-02   -0.3609205E-01   -0.6743646E+02   -0.4424707E+02   -0.4099413E+01    0.4146718E+02    0.8710631E+02    0.1453513E+03    0.1062593E+03   -0.8323210E+01    0.7117975E+01    0.5664604E+01    0.1927893E+02    0.2310715E+02    0.8382656E-02    0.4865191E-02    0.3603128E-02    0.1488164E-02    0.5817225E-03    0.7679901E-02   -0.2498970E-01   -0.2532133E-01    0.3314045E-02   -0.1640487E-01    0.1480508E-01    0.1281886E+00   -0.1143702E-02    0.1387817E-02
    0.1574421E-03   -0.6412944E-03    0.3156832E-04    0.4609132E-02   -0.4815290E-01    0.2156994E+00    0.1424540E-01    0.1477483E-01   -0.2367035E-02    0.2696635E-02   -0.8226859E+02   -0.2642676E+02    0.8103088E+00   -0.1246417E+02    0.4664765E+02    0.1062593E+03    0.1419113E+03   -0.7578159E+01    0.7380617E+00   -0.4981966E+01   -0.7781424E+01   -0.7447627E+01    0.2160781E-03   -0.8136414E-03    0.1566443E-02    0.1919296E-02    0.7325638E-02    0.2897626E-01    0.7454109E-02    0.2558318E-01    0.6057648E-01    0.2214406E-01    0.5481635E-01    0.1490047E+00   -0.1602048E-02    0.5571914E-02
   -0.5283011E-04    0.1887388E-03   -0.5514227E-05   -0.1642072E-02    0.2850142E-02   -0.2120715E-01   -0.3893380E-02   -0.2965278E-02   -0.2033972E-03    0.6658046E-05   -0.2615739E+01   -0.1061255E+01   -0.4648834E-01   -0.1503117E+02   -0.1081554E+02   -0.8323210E+01   -0.7578159E+01    0.7536426E+01   -0.2269858E+01   -0.2604485E+01   -0.3360770E+01   -0.3997610E+01   -0.1409094E-02   -0.1375204E-02   -0.1946072E-02   -0.2574612E-02   -0.2369016E-02   -0.1416318E-02   -0.1387895E-01   -0.1227475E-01   -0.2765324E-01    0.6425999E-02   -0.9870980E-03   -0.4461308E-02    0.8231597E-04    0.2049485E-03
    0.1179904E-03   -0.6041221E-05   -0.1129627E-03   -0.3146401E-02   -0.4968812E-01    0.2078959E+00   -0.1361233E-01   -0.9512268E-03    0.1609064E-02    0.4994436E-01   -0.7002108E+01   -0.6266888E+01   -0.3838602E+01   -0.4073446E+02    0.5423755E+01    0.7117975E+01    0.7380617E+00   -0.2269858E+01    0.1465015E+03    0.5792719E+02    0.5455147E+02    0.5203188E+02   -0.7755804E-03    0.3058674E-03   -0.4407949E-02    0.1789959E-03   -0.5202053E-02   -0.1326161E-01    0.1999925E-01   -0.5094200E-01   -0.5625101E-01   -0.4989328E-03   -0.9216012E-01   -0.3086161E+00   -0.1142731E-01    0.2657083E-03
   -0.1608568E-03    0.3427536E-03   -0.1350544E-03   -0.3202989E-02   -0.1617379E-01    0.4274688E-01   -0.2241978E-01   -0.9256714E-02   -0.2017277E-02    0.5791365E-02   -0.1032716E+02   -0.1001031E+02   -0.3527255E+01    0.8600615E+01   -0.1089055E+01    0.5664604E+01   -0.4981966E+01   -0.2604485E+01    0.5792719E+02    0.1193455E+03    0.1215264E+03    0.1207915E+03    0.6615894E-02    0.5611398E-02    0.4785479E-03    0.4963927E-02    0.8717619E-03   -0.1805264E-01   -0.2399411E-01   -0.1432551E+00   -0.1735116E+00   -0.1862327E+00   -0.2560811E+00   -0.3906996E+00    0.4451735E-02   -0.3531566E-03
   -0.1602934E-03    0.7057183E-03   -0.2296252E-03   -0.7638084E-02    0.8255892E-02   -0.8609610E-01   -0.3042041E-01   -0.1125289E-01   -0.1027278E-02    0.1940138E-02   -0.1716740E+02   -0.1749019E+02    0.2594299E+00   -0.2572332E+01    0.4915865E+01    0.1927893E+02   -0.7781424E+01   -0.3360770E+01    0.5455147E+02    0.1215264E+03    0.1619308E+03    0.1864364E+03    0.5766366E-02    0.4973201E-02   -0.3608025E-02    0.5084462E-02   -0.2881329E-02   -0.1991131E-01   -0.1757424E-01   -0.1309210E+00   -0.1389679E+00   -0.1822974E+00   -0.1937173E+00   -0.1885664E+00    0.4271867E-02   -0.5408343E-02
   -0.1516387E-03    0.9943356E-03   -0.2461838E-03   -0.9512681E-02    0.3037284E-01   -0.1926213E+00   -0.3335663E-01   -0.1125285E-01   -0.1712536E-03    0.1073371E-01   -0.2326793E+02   -0.1982215E+02    0.6717082E+00    0.1070398E+01    0.1006376E+02    0.2310715E+02   -0.7447627E+01   -0.3997610E+01    0.5203188E+02    0.1207915E+03    0.1864364E+03    0.2355254E+03    0.5156697E-02    0.4166613E-02   -0.5786210E-02    0.4209073E-02   -0.4406986E-02   -0.1949708E-01   -0.2030517E-01   -0.1051149E+00   -0.8758923E-01   -0.1678759E+00   -0.1259343E+00   -0.1771056E-01    0.4240675E-02   -0.9857124E-02
    0.1370260E-06   -0.1290791E-05    0.1717464E-07    0.7718331E-05    0.1332657E-04    0.7857596E-04    0.9748359E-05    0.9343509E-05   -0.2764720E-05    0.1419934E-04   -0.2627692E-02   -0.4012121E-02   -0.9049495E-03    0.1896113E-02    0.3249160E-02    0.8382656E-02    0.2160781E-03   -0.1409094E-02   -0.7755804E-03    0.6615894E-02    0.5766366E-02    0.5156697E-02    0.7200185E-04    0.2528147E-04    0.2984653E-04    0.1366476E-04    0.1410616E-04    0.1430882E-04   -0.1576505E-03   -0.1541799E-03   -0.1262278E-03   -0.1289882E-03   -0.1052361E-03   -0.1550880E-03    0.9516123E-06   -0.2064095E-06
    0.1413529E-06   -0.1842663E-05    0.5434100E-07    0.1333208E-04   -0.3226485E-04    0.2283602E-03    0.1941229E-04    0.9787498E-05   -0.3548491E-05   -0.4540412E-06   -0.2140955E-02   -0.2543222E-02   -0.1003305E-02    0.7691389E-02    0.3931803E-02    0.4865191E-02   -0.8136414E-03   -0.1375204E-02    0.3058674E-03    0.5611398E-02    0.4973201E-02    0.4166613E-02    0.2528147E-04    0.4588434E-04    0.4055150E-04    0.3207580E-04    0.2917589E-04    0.3404673E-04   -0.9873840E-04   -0.1585078E-03   -0.1394088E-03   -0.1802211E-03   -0.1568559E-03   -0.1760475E-03    0.6036498E-06    0.1956512E-06
    0.1392701E-06   -0.1743531E-05    0.7558982E-07    0.1076413E-04   -0.3049707E-04    0.1846180E-03    0.1535176E-04    0.7828430E-05   -0.5833134E-05    0.2659313E-04    0.4740132E-03   -0.3672775E-03   -0.1636436E-02    0.2465201E-01    0.6097534E-02    0.3603128E-02    0.1566443E-02   -0.1946072E-02   -0.4407949E-02    0.4785479E-03   -0.3608025E-02   -0.5786210E-02    0.2984653E-04    0.4055150E-04    0.1192297E-03    0.2868416E-04    0.6287278E-04    0.1209952E-03   -0.7516384E-04   -0.1618732E-03   -0.1638864E-03   -0.2307731E-03   -0.2657921E-03   -0.3839238E-03    0.4873879E-06    0.2491111E-06
    0.1418302E-06   -0.1801537E-05    0.2766428E-07    0.1291127E-04   -0.7586621E-04    0.3424835E-03    0.1912102E-04    0.7174475E-05   -0.2773471E-05    0.8185992E-06   -0.9914444E-03    0.4549050E-04   -0.8850140E-04    0.1222285E-01    0.3374189E-02    0.1488164E-02    0.1919296E-02   -0.2574612E-02    0.1789959E-03    0.4963927E-02    0.5084462E-02    0.4209073E-02    0.1366476E-04    0.3207580E-04    0.2868416E-04    0.8994308E-04    0.6258662E-04    0.3904713E-04   -0.7939090E-04   -0.1189117E-03   -0.5582700E-04   -0.2380085E-03   -0.1534653E-03   -0.3812718E-04    0.4492019E-06    0.2392901E-06
    0.1823748E-06   -0.2024141E-05    0.1698347E-07    0.1415522E-04   -0.5653247E-04    0.2851183E-03    0.2135942E-04    0.7362924E-05   -0.5134644E-05    0.1057498E-04   -0.2201434E-02    0.1550435E-02   -0.5718993E-04    0.1438222E-01    0.1387141E-02    0.5817225E-03    0.7325638E-02   -0.2369016E-02   -0.5202053E-02    0.8717619E-03   -0.2881329E-02   -0.4406986E-02    0.1410616E-04    0.2917589E-04    0.6287278E-04    0.6258662E-04    0.1291419E-03    0.1531218E-03   -0.8463392E-04   -0.1419576E-03   -0.1460645E-03   -0.2921410E-03   -0.2638914E-03   -0.3269895E-03    0.7302977E-06    0.7035858E-06
    0.2114988E-06   -0.2585199E-05    0.4298588E-07    0.1321219E-04    0.1947647E-05    0.2740171E-03    0.1903227E-04    0.1646077E-04   -0.7025170E-05   -0.2966280E-04   -0.1507860E-01   -0.9560029E-03    0.2203774E-02   -0.2114519E-01   -0.5219485E-02    0.7679901E-02    0.2897626E-01   -0.1416318E-02   -0.1326161E-01   -0.1805264E-01   -0.1991131E-01   -0.1949708E-01    0.1430882E-04    0.3404673E-04    0.1209952E-03    0.3904713E-04    0.1531218E-03    0.6672214E-03   -0.1436005E-03   -0.1343492E-03   -0.2563086E-03   -0.2230805E-03   -0.4624446E-03   -0.7481087E-03   -0.5707264E-06    0.1362238E-05
   -0.2298181E-05    0.1894311E-04   -0.2091687E-05   -0.1240695E-03    0.3952417E-03   -0.3227700E-02   -0.2032108E-03   -0.6488931E-04    0.2882492E-04    0.2660192E-03    0.3777785E-01    0.3067585E-01    0.1442499E-01    0.1997841E-01   -0.1340273E-02   -0.2498970E-01    0.7454109E-02   -0.1387895E-01    0.1999925E-01   -0.2399411E-01   -0.1757424E-01   -0.2030517E-01   -0.1576505E-03   -0.9873840E-04   -0.7516384E-04   -0.7939090E-04   -0.8463392E-04   -0.1436005E-03    0.1234863E-01    0.8331337E-02    0.8944219E-02    0.3167746E-02    0.3074177E-02    0.3998527E-02   -0.6216829E-05    0.1419127E-05
   -0.2336057E-05    0.1262932E-04   -0.1594322E-05   -0.1225230E-03    0.6468335E-03   -0.3054618E-02   -0.2087514E-03   -0.2620376E-04    0.1480367E-04    0.8716162E-04    0.3449622E-01    0.4085927E-01    0.1691772E-01   -0.2666026E-01   -0.3181862E-02   -0.2532133E-01    0.2558318E-01   -0.1227475E-01   -0.5094200E-01   -0.1432551E+00   -0.1309210E+00   -0.1051149E+00   -0.1541799E-03   -0.1585078E-03   -0.1618732E-03   -0.1189117E-03   -0.1419576E-03   -0.1343492E-03    0.8331337E-02    0.1194563E-01    0.1233460E-01    0.9258276E-02    0.8929591E-02    0.8243639E-02   -0.7259304E-05   -0.2904868E-05
   -0.1837036E-05    0.1234002E-04   -0.2778997E-05   -0.7978154E-04    0.6523243E-03   -0.3760646E-02   -0.1222035E-03    0.2446451E-05    0.4751148E-05    0.1093786E-03    0.5985845E-02    0.3574508E-01    0.1615550E-01   -0.4766694E-01    0.1814913E-01    0.3314045E-02    0.6057648E-01   -0.2765324E-01   -0.5625101E-01   -0.1735116E+00   -0.1389679E+00   -0.8758923E-01   -0.1262278E-03   -0.1394088E-03   -0.1638864E-03   -0.5582700E-04   -0.1460645E-03   -0.2563086E-03    0.8944219E-02    0.1233460E-01    0.2340671E-01    0.4483280E-02    0.1134098E-01    0.2138302E-01   -0.6446863E-05   -0.4741076E-05
   -0.3138734E-05    0.2131909E-04   -0.3261303E-05   -0.2317829E-03   -0.2774854E-04   -0.1351233E-02   -0.4027928E-03   -0.3974315E-04    0.6425979E-04   -0.4194033E-03    0.2913040E-01    0.3086610E-01    0.2147712E-01   -0.1714222E+00   -0.3994313E-01   -0.1640487E-01    0.2214406E-01    0.6425999E-02   -0.4989328E-03   -0.1862327E+00   -0.1822974E+00   -0.1678759E+00   -0.1289882E-03   -0.1802211E-03   -0.2307731E-03   -0.2380085E-03   -0.2921410E-03   -0.2230805E-03    0.3167746E-02    0.9258276E-02    0.4483280E-02    0.2379607E-01    0.2174705E-01    0.1556043E-01   -0.2086613E-04   -0.2463920E-05
   -0.3897668E-05    0.2104155E-04   -0.5648129E-05   -0.2663541E-03   -0.4197714E-03   -0.1242546E-02   -0.4745192E-03    0.2910800E-05    0.5056092E-04   -0.4802322E-03   -0.1875167E-01    0.1883482E-01    0.3194701E-01   -0.3074227E+00   -0.4387949E-01    0.1480508E-01    0.5481635E-01   -0.9870980E-03   -0.9216012E-01   -0.2560811E+00   -0.1937173E+00   -0.1259343E+00   -0.1052361E-03   -0.1568559E-03   -0.2657921E-03   -0.1534653E-03   -0.2638914E-03   -0.4624446E-03    0.3074177E-02    0.8929591E-02    0.1134098E-01    0.2174705E-01    0.3169415E-01    0.4221578E-01   -0.1412530E-04   -0.8690060E-05
   -0.5550520E-05    0.2403666E-04   -0.9676144E-05   -0.3033018E-03   -0.2632786E-03   -0.3623844E-02   -0.5309745E-03    0.5252456E-04    0.3345574E-05   -0.3352325E-03   -0.1239042E+00   -0.2677196E-01    0.4456938E-01   -0.3639870E+00    0.4093699E-02    0.1281886E+00    0.1490047E+00   -0.4461308E-02   -0.3086161E+00   -0.3906996E+00   -0.1885664E+00   -0.1771056E-01   -0.1550880E-03   -0.1760475E-03   -0.3839238E-03   -0.3812718E-04   -0.3269895E-03   -0.7481087E-03    0.3998527E-02    0.8243639E-02    0.2138302E-01    0.1556043E-01    0.4221578E-01    0.1002181E+00    0.2117435E-05   -0.2149749E-04
   -0.3187104E-07    0.1425485E-07   -0.2771078E-08    0.4910841E-06    0.2666815E-05   -0.1253986E-04    0.1937910E-07   -0.3392285E-06   -0.3877179E-06   -0.4009452E-05    0.5707459E-03    0.2458701E-04   -0.2591676E-03    0.1059327E-02   -0.3826911E-03   -0.1143702E-02   -0.1602048E-02    0.8231597E-04   -0.1142731E-01    0.4451735E-02    0.4271867E-02    0.4240675E-02    0.9516123E-06    0.6036498E-06    0.4873879E-06    0.4492019E-06    0.7302977E-06   -0.5707264E-06   -0.6216829E-05   -0.7259304E-05   -0.6446863E-05   -0.2086613E-04   -0.1412530E-04    0.2117435E-05    0.2154134E-05   -0.7166026E-07
    0.6277507E-08   -0.1240023E-06    0.1138969E-07    0.1039977E-05   -0.5009074E-05    0.2837182E-04    0.1847440E-05    0.7300402E-06   -0.3128491E-06   -0.1697965E-05   -0.2953023E-02   -0.3691645E-04    0.2708553E-03   -0.5197199E-02   -0.1333379E-02    0.1387817E-02    0.5571914E-02    0.2049485E-03    0.2657083E-03   -0.3531566E-03   -0.5408343E-02   -0.9857124E-02   -0.2064095E-06    0.1956512E-06    0.2491111E-06    0.2392901E-06    0.7035858E-06    0.1362238E-05    0.1419127E-05   -0.2904868E-05   -0.4741076E-05   -0.2463920E-05   -0.8690060E-05   -0.2149749E-04   -0.7166026E-07    0.1309094E-05
