# omegabh2 omegach2 theta tau ns nrun logA r aps100 aps143 aps217 acib143 acib217 asz143 psr cibr cal0 cal2 xi aksz bm_1_1 a_ps_act_148 a_ps_act_217 a_ps_spt_95 a_ps_spt_150 a_ps_spt_220 r_ps_spt_95x150 r_ps_spt_95x220 r_ps_150x220 cal_acts_148 cal_acts_217 cal_acte_148 cal_acte_217 cal_spt_95 cal_spt_150 cal_spt_220
    0.88309E-07   -0.32141E-06    0.72346E-07    0.19540E-05    0.80244E-06   -0.14654E-05    0.36633E-05    0.46245E-05    0.17698E-04   -0.41448E-04   -0.25206E-04    0.17068E-05    0.66270E-05    0.46629E-05   -0.13869E-05    0.29161E-06   -0.45567E-08    0.22526E-09   -0.22688E-05   -0.22531E-04    0.36611E-05    0.76531E-05    0.38667E-04    0.15778E-04    0.10912E-04    0.95288E-04   -0.94164E-06   -0.59968E-06   -0.12253E-06    0.28177E-06   -0.87782E-08    0.34768E-06    0.21618E-06    0.37157E-06    0.60555E-06    0.16100E-06
   -0.32141E-06    0.65889E-05   -0.61444E-06   -0.12951E-04   -0.14600E-04    0.57484E-06   -0.10047E-04   -0.27119E-04    0.15536E-02    0.24519E-03    0.21115E-03   -0.66277E-04   -0.89285E-04   -0.23190E-04    0.80031E-05    0.22110E-05   -0.23179E-07    0.16096E-07    0.92684E-05    0.31180E-04    0.12779E-03    0.15553E-04   -0.39351E-03   -0.14031E-03   -0.26889E-05   -0.80704E-03    0.70990E-05    0.28648E-05   -0.71184E-06   -0.19659E-05   -0.20192E-05   -0.19741E-05   -0.39622E-05   -0.15801E-05   -0.29867E-05   -0.30310E-05
    0.72346E-07   -0.61444E-06    0.31996E-06    0.18764E-05    0.17620E-05   -0.56389E-06    0.27462E-05    0.23715E-05    0.21939E-04   -0.42150E-04   -0.32769E-04    0.13890E-04    0.87713E-04    0.85463E-05   -0.11321E-05    0.14320E-05   -0.10304E-07   -0.71308E-09   -0.46229E-05   -0.41795E-04    0.26953E-05   -0.66362E-06   -0.38306E-04    0.73298E-05    0.65087E-05    0.10092E-03   -0.62511E-06   -0.18911E-06   -0.68081E-06    0.16730E-06   -0.29193E-06    0.15202E-06    0.52729E-06    0.21122E-06    0.32883E-06   -0.47164E-07
    0.19540E-05   -0.12951E-04    0.18764E-05    0.22112E-03    0.33733E-04   -0.59989E-04    0.42659E-03    0.57466E-04   -0.38242E-03   -0.62415E-03   -0.37359E-03    0.44965E-04   -0.15155E-03    0.57696E-05   -0.31664E-04    0.30009E-05    0.82991E-07    0.29392E-06   -0.20686E-04   -0.34740E-03    0.32737E-05    0.10079E-03    0.93334E-03    0.59059E-03    0.37812E-03    0.43557E-02   -0.19083E-04    0.45077E-04    0.71804E-05    0.60071E-05    0.48636E-06    0.29452E-05    0.25565E-05   -0.60086E-07    0.11135E-04    0.29726E-05
    0.80244E-06   -0.14600E-04    0.17620E-05    0.33733E-04    0.46658E-04    0.12500E-05    0.27495E-04    0.92722E-04   -0.81276E-02   -0.16293E-02   -0.93059E-03    0.35459E-03    0.17097E-03    0.22155E-03   -0.42979E-04    0.27440E-05    0.51101E-07   -0.26365E-08   -0.43530E-04   -0.60581E-03   -0.51768E-03    0.12266E-03    0.93202E-03    0.36876E-03    0.22517E-03    0.29450E-02    0.51712E-05    0.23910E-04   -0.14445E-05    0.11923E-04    0.33572E-05    0.10134E-04    0.93311E-05    0.12695E-04    0.11948E-04    0.92390E-05
   -0.14654E-05    0.57484E-06   -0.56389E-06   -0.59989E-04    0.12500E-05    0.95752E-04   -0.14378E-03   -0.26857E-03   -0.11698E-01   -0.16109E-02   -0.95961E-03   -0.10237E-03   -0.14919E-02    0.12805E-03   -0.43190E-04   -0.40852E-05    0.27504E-06   -0.22302E-06    0.12858E-04   -0.76866E-04   -0.95226E-03    0.56565E-03    0.34776E-02    0.40324E-03    0.45977E-03    0.11570E-02   -0.15624E-04    0.97959E-05    0.45947E-05    0.15255E-04    0.13410E-04    0.18513E-04    0.87718E-05    0.12027E-04    0.63671E-05    0.36021E-05
    0.36633E-05   -0.10047E-04    0.27462E-05    0.42659E-03    0.27495E-04   -0.14378E-03    0.87257E-03    0.99510E-04    0.77219E-02   -0.37960E-03   -0.76119E-04   -0.84210E-04   -0.21278E-04   -0.69306E-04   -0.38896E-04    0.13672E-04   -0.13897E-08    0.72941E-06   -0.40884E-04   -0.81956E-03    0.82563E-03    0.21118E-03    0.98006E-04    0.80500E-03    0.68955E-03    0.60994E-02   -0.26050E-04    0.75158E-04    0.73371E-05    0.24507E-05   -0.81402E-05   -0.30333E-05   -0.70553E-05   -0.77448E-05    0.14473E-04   -0.37803E-05
    0.46245E-05   -0.27119E-04    0.23715E-05    0.57466E-04    0.92722E-04   -0.26857E-03    0.99510E-04    0.44941E-02    0.91071E-02    0.27586E-02   -0.52388E-04    0.48056E-02    0.15327E-01    0.72130E-03    0.14776E-03   -0.60312E-04   -0.95955E-06   -0.67278E-06   -0.66463E-04   -0.42149E-02    0.11316E-02   -0.16621E-02   -0.19666E-01   -0.39980E-02   -0.34210E-02   -0.71923E-02    0.64192E-03    0.20649E-03   -0.59910E-04   -0.54739E-04   -0.21264E-04   -0.48851E-04   -0.54819E-04    0.12637E-04    0.15783E-06    0.53366E-04
    0.17698E-04    0.15536E-02    0.21939E-04   -0.38242E-03   -0.81276E-02   -0.11698E-01    0.77219E-02    0.91071E-02    0.26229E+02    0.99068E+00    0.93655E-01    0.16926E+00    0.13767E+01   -0.19132E+00    0.33068E-01   -0.24453E-01   -0.11307E-03    0.14208E-03    0.10151E-01    0.86756E-01    0.15902E+01   -0.64789E-02   -0.48099E+00    0.43207E-01   -0.16737E+00   -0.84206E+00    0.17167E-01   -0.41428E-01   -0.81061E-02   -0.77457E-02    0.38898E-02   -0.64041E-02    0.47525E-03   -0.87890E-02   -0.59353E-02   -0.36171E-02
   -0.41448E-04    0.24519E-03   -0.42150E-04   -0.62415E-03   -0.16293E-02   -0.16109E-02   -0.37960E-03    0.27586E-02    0.99068E+00    0.46093E+00    0.98777E-01    0.23683E-01    0.21307E+00   -0.55772E-01    0.28516E-03   -0.16002E-02    0.32945E-05   -0.29463E-04    0.49286E-02    0.27245E-01    0.22082E-01    0.20260E-02   -0.22580E+00    0.94189E-01   -0.36011E-01   -0.17341E+00    0.91615E-03   -0.81122E-02   -0.28153E-02   -0.24601E-02   -0.93412E-04   -0.21249E-02   -0.23682E-03   -0.27684E-02   -0.13707E-02   -0.69781E-04
   -0.25206E-04    0.21115E-03   -0.32769E-04   -0.37359E-03   -0.93059E-03   -0.95961E-03   -0.76119E-04   -0.52388E-04    0.93655E-01    0.98777E-01    0.59275E+00   -0.70111E-01   -0.16016E+01    0.44967E-01   -0.16130E-01   -0.67338E-03   -0.12915E-04   -0.23648E-03   -0.35262E-02   -0.76859E-01    0.97065E-02   -0.15352E-01    0.26826E+00   -0.12075E+00    0.15458E-01    0.52678E-01   -0.20680E-02    0.22340E-02    0.21817E-02   -0.88913E-03   -0.36154E-02   -0.11922E-02   -0.40864E-02    0.18498E-04   -0.74647E-03   -0.35965E-02
    0.17068E-05   -0.66277E-04    0.13890E-04    0.44965E-04    0.35459E-03   -0.10237E-03   -0.84210E-04    0.48056E-02    0.16926E+00    0.23683E-01   -0.70111E-01    0.65674E+00    0.12113E+01    0.11046E+00   -0.25312E-02   -0.20094E-02   -0.18655E-04    0.14861E-04    0.80782E-02   -0.48442E+00    0.25127E-01   -0.11697E+00   -0.30769E+00   -0.50505E-01   -0.20972E+00   -0.35347E+00    0.41597E-01    0.34743E-01   -0.61419E-02   -0.10182E-03    0.34400E-03    0.35369E-04   -0.25833E-03   -0.60447E-03   -0.57351E-04    0.48040E-03
    0.66270E-05   -0.89285E-04    0.87713E-04   -0.15155E-03    0.17097E-03   -0.14919E-02   -0.21278E-04    0.15327E-01    0.13767E+01    0.21307E+00   -0.16016E+01    0.12113E+01    0.85771E+01    0.13390E+00    0.82791E-01    0.15933E-01   -0.40344E-05    0.10154E-02   -0.22285E-01   -0.99783E+00    0.10432E+00   -0.23034E+00   -0.24395E+01    0.14976E+00   -0.47193E+00   -0.20874E+01    0.65779E-01    0.46944E-01   -0.22621E-01   -0.25236E-02    0.91348E-02   -0.82742E-03    0.10609E-01   -0.35088E-02   -0.82029E-03    0.10318E-01
    0.46629E-05   -0.23190E-04    0.85463E-05    0.57696E-05    0.22155E-03    0.12805E-03   -0.69306E-04    0.72130E-03   -0.19132E+00   -0.55772E-01    0.44967E-01    0.11046E+00    0.13390E+00    0.79404E-01    0.13689E-02    0.45464E-02   -0.62655E-05   -0.36663E-04   -0.52689E-02   -0.19616E+00    0.86100E-02   -0.31098E-01   -0.13643E+00   -0.14917E+00   -0.31627E-01   -0.14326E+00    0.87646E-02    0.16490E-01   -0.42525E-03    0.15412E-03   -0.95239E-03    0.34326E-03   -0.11048E-02    0.94927E-03    0.28012E-03   -0.65546E-03
   -0.13869E-05    0.80031E-05   -0.11321E-05   -0.31664E-04   -0.42979E-04   -0.43190E-04   -0.38896E-04    0.14776E-03    0.33068E-01    0.28516E-03   -0.16130E-01   -0.25312E-02    0.82791E-01    0.13689E-02    0.31425E-02   -0.17003E-03   -0.60081E-06    0.13020E-04    0.29433E-03   -0.86717E-03    0.29914E-02    0.11232E-02   -0.59346E-01   -0.59785E-02    0.21118E-02   -0.38876E-01    0.23176E-04    0.90978E-03    0.32647E-03   -0.64599E-04   -0.24816E-04   -0.35919E-04    0.12977E-04    0.18310E-04   -0.46589E-04    0.59195E-04
    0.29161E-06    0.22110E-05    0.14320E-05    0.30009E-05    0.27440E-05   -0.40852E-05    0.13672E-04   -0.60312E-04   -0.24453E-01   -0.16002E-02   -0.67338E-03   -0.20094E-02    0.15933E-01    0.45464E-02   -0.17003E-03    0.18959E-02   -0.59414E-06   -0.73252E-06    0.56057E-04   -0.72616E-02   -0.32447E-03    0.33368E-02   -0.46981E-02   -0.12240E-01    0.23281E-02   -0.91914E-02    0.15408E-03    0.13164E-02   -0.38603E-03    0.24928E-05   -0.13374E-04    0.25390E-04    0.47167E-05    0.95185E-04    0.32259E-04    0.39870E-04
   -0.45567E-08   -0.23179E-07   -0.10304E-07    0.82991E-07    0.51101E-07    0.27504E-06   -0.13897E-08   -0.95955E-06   -0.11307E-03    0.32945E-05   -0.12915E-04   -0.18655E-04   -0.40344E-05   -0.62655E-05   -0.60081E-06   -0.59414E-06    0.16524E-06    0.78645E-08   -0.20518E-05    0.11747E-04   -0.36615E-04   -0.17219E-05    0.23304E-04    0.25672E-04   -0.11971E-05    0.97898E-06   -0.22572E-05   -0.52976E-05   -0.47125E-07   -0.16250E-06    0.12892E-07   -0.67179E-07    0.17441E-07   -0.20496E-06    0.24143E-07    0.16028E-06
    0.22526E-09    0.16096E-07   -0.71308E-09    0.29392E-06   -0.26365E-08   -0.22302E-06    0.72941E-06   -0.67278E-06    0.14208E-03   -0.29463E-04   -0.23648E-03    0.14861E-04    0.10154E-02   -0.36663E-04    0.13020E-04   -0.73252E-06    0.78645E-08    0.46337E-06   -0.33504E-06    0.46530E-04    0.68596E-05   -0.28920E-05   -0.16555E-03    0.15913E-03   -0.11352E-04   -0.13798E-03   -0.55135E-05   -0.10739E-04   -0.11907E-05   -0.11216E-06    0.21047E-05   -0.21482E-06    0.24763E-05   -0.86664E-06    0.70592E-07    0.24090E-05
   -0.22688E-05    0.92684E-05   -0.46229E-05   -0.20686E-04   -0.43530E-04    0.12858E-04   -0.40884E-04   -0.66463E-04    0.10151E-01    0.49286E-02   -0.35262E-02    0.80782E-02   -0.22285E-01   -0.52689E-02    0.29433E-03    0.56057E-04   -0.20518E-05   -0.33504E-06    0.61158E-02    0.25459E-01   -0.69063E-04    0.11281E-01   -0.27882E-02   -0.19209E-02    0.81650E-02    0.14916E-01    0.15236E-02    0.25589E-02    0.26454E-03   -0.30880E-05    0.19846E-04   -0.28826E-04    0.15178E-04   -0.15612E-04   -0.10512E-04    0.17508E-03
   -0.22531E-04    0.31180E-04   -0.41795E-04   -0.34740E-03   -0.60581E-03   -0.76866E-04   -0.81956E-03   -0.42149E-02    0.86756E-01    0.27245E-01   -0.76859E-01   -0.48442E+00   -0.99783E+00   -0.19616E+00   -0.86717E-03   -0.72616E-02    0.11747E-04    0.46530E-04    0.25459E-01    0.79508E+00   -0.34303E-01    0.65766E-01    0.54582E+00    0.16601E+00    0.11595E+00    0.64388E+00   -0.31769E-01   -0.35104E-01    0.74023E-02    0.12843E-02    0.24834E-02    0.67042E-03    0.28053E-02   -0.30083E-03    0.11076E-03    0.23676E-02
    0.36611E-05    0.12779E-03    0.26953E-05    0.32737E-05   -0.51768E-03   -0.95226E-03    0.82563E-03    0.11316E-02    0.15902E+01    0.22082E-01    0.97065E-02    0.25127E-01    0.10432E+00    0.86100E-02    0.29914E-02   -0.32447E-03   -0.36615E-04    0.68596E-05   -0.69063E-04   -0.34303E-01    0.14263E+00   -0.41037E-02   -0.11544E+00   -0.40719E-01   -0.13037E-01   -0.66652E-01    0.26837E-02    0.20930E-02   -0.25509E-03   -0.43299E-03   -0.18699E-03   -0.21840E-03   -0.32960E-03   -0.13167E-03   -0.29423E-03   -0.51115E-03
    0.76531E-05    0.15553E-04   -0.66362E-06    0.10079E-03    0.12266E-03    0.56565E-03    0.21118E-03   -0.16621E-02   -0.64789E-02    0.20260E-02   -0.15352E-01   -0.11697E+00   -0.23034E+00   -0.31098E-01    0.11232E-02    0.33368E-02   -0.17219E-05   -0.28920E-05    0.11281E-01    0.65766E-01   -0.41037E-02    0.30769E+00   -0.19158E+00    0.51115E-01    0.12018E+00    0.31253E+00   -0.25103E-02   -0.46138E-02   -0.38597E-02    0.16646E-02   -0.87933E-03    0.16713E-02   -0.52387E-03   -0.39417E-03   -0.88699E-05    0.82739E-03
    0.38667E-04   -0.39351E-03   -0.38306E-04    0.93334E-03    0.93202E-03    0.34776E-02    0.98006E-04   -0.19666E-01   -0.48099E+00   -0.22580E+00    0.26826E+00   -0.30769E+00   -0.24395E+01   -0.13643E+00   -0.59346E-01   -0.46981E-02    0.23304E-04   -0.16555E-03   -0.27882E-02    0.54582E+00   -0.11544E+00   -0.19158E+00    0.15688E+02    0.42148E-01    0.27987E-01    0.12478E+01   -0.14689E-01   -0.40282E-01   -0.68388E-03    0.16114E-02    0.50371E-01   -0.53865E-04    0.40078E-01    0.15229E-02    0.21464E-02   -0.25264E-02
    0.15778E-04   -0.14031E-03    0.73298E-05    0.59059E-03    0.36876E-03    0.40324E-03    0.80500E-03   -0.39980E-02    0.43207E-01    0.94189E-01   -0.12075E+00   -0.50505E-01    0.14976E+00   -0.14917E+00   -0.59785E-02   -0.12240E-01    0.25672E-04    0.15913E-03   -0.19209E-02    0.16601E+00   -0.40719E-01    0.51115E-01    0.42148E-01    0.20616E+01    0.27061E-01    0.11410E+00   -0.78514E-01   -0.97048E-01   -0.29192E-02   -0.84199E-03    0.12096E-02   -0.10307E-02    0.16332E-02    0.76516E-03    0.58186E-03    0.34200E-02
    0.10912E-04   -0.26889E-05    0.65087E-05    0.37812E-03    0.22517E-03    0.45977E-03    0.68955E-03   -0.34210E-02   -0.16737E+00   -0.36011E-01    0.15458E-01   -0.20972E+00   -0.47193E+00   -0.31627E-01    0.21118E-02    0.23281E-02   -0.11971E-05   -0.11352E-04    0.81650E-02    0.11595E+00   -0.13037E-01    0.12018E+00    0.27987E-01    0.27061E-01    0.24449E+00    0.14620E+00   -0.90701E-02   -0.21260E-02    0.12374E-02   -0.47804E-03   -0.80114E-03   -0.31052E-03   -0.52994E-03    0.42115E-03    0.14954E-04    0.88450E-04
    0.95288E-04   -0.80704E-03    0.10092E-03    0.43557E-02    0.29450E-02    0.11570E-02    0.60994E-02   -0.71923E-02   -0.84206E+00   -0.17341E+00    0.52678E-01   -0.35347E+00   -0.20874E+01   -0.14326E+00   -0.38876E-01   -0.91914E-02    0.97898E-06   -0.13798E-03    0.14916E-01    0.64388E+00   -0.66652E-01    0.31253E+00    0.12478E+01    0.11410E+00    0.14620E+00    0.11502E+02   -0.23871E-01   -0.78053E-01   -0.11260E-01    0.62591E-02   -0.23815E-03    0.41738E-02    0.13921E-02    0.55273E-02    0.41397E-02    0.26475E-01
   -0.94164E-06    0.70990E-05   -0.62511E-06   -0.19083E-04    0.51712E-05   -0.15624E-04   -0.26050E-04    0.64192E-03    0.17167E-01    0.91615E-03   -0.20680E-02    0.41597E-01    0.65779E-01    0.87646E-02    0.23176E-04    0.15408E-03   -0.22572E-05   -0.55135E-05    0.15236E-02   -0.31769E-01    0.26837E-02   -0.25103E-02   -0.14689E-01   -0.78514E-01   -0.90701E-02   -0.23871E-01    0.74327E-02    0.62665E-02   -0.39699E-03    0.41787E-05   -0.88200E-05   -0.42301E-05   -0.26918E-04   -0.82327E-04   -0.61661E-04   -0.54345E-04
   -0.59968E-06    0.28648E-05   -0.18911E-06    0.45077E-04    0.23910E-04    0.97959E-05    0.75158E-04    0.20649E-03   -0.41428E-01   -0.81122E-02    0.22340E-02    0.34743E-01    0.46944E-01    0.16490E-01    0.90978E-03    0.13164E-02   -0.52976E-05   -0.10739E-04    0.25589E-02   -0.35104E-01    0.20930E-02   -0.46138E-02   -0.40282E-01   -0.97048E-01   -0.21260E-02   -0.78053E-01    0.62665E-02    0.11932E-01    0.21641E-03   -0.94779E-05   -0.19083E-03    0.48939E-04   -0.19620E-03    0.73188E-04   -0.16102E-04   -0.33515E-03
   -0.12253E-06   -0.71184E-06   -0.68081E-06    0.71804E-05   -0.14445E-05    0.45947E-05    0.73371E-05   -0.59910E-04   -0.81061E-02   -0.28153E-02    0.21817E-02   -0.61419E-02   -0.22621E-01   -0.42525E-03    0.32647E-03   -0.38603E-03   -0.47125E-07   -0.11907E-05    0.26454E-03    0.74023E-02   -0.25509E-03   -0.38597E-02   -0.68388E-03   -0.29192E-02    0.12374E-02   -0.11260E-01   -0.39699E-03    0.21641E-03    0.53410E-03    0.12764E-05   -0.29456E-04    0.11379E-04   -0.31881E-04    0.49574E-04    0.12220E-04   -0.65979E-04
    0.28177E-06   -0.19659E-05    0.16730E-06    0.60071E-05    0.11923E-04    0.15255E-04    0.24507E-05   -0.54739E-04   -0.77457E-02   -0.24601E-02   -0.88913E-03   -0.10182E-03   -0.25236E-02    0.15412E-03   -0.64599E-04    0.24928E-05   -0.16250E-06   -0.11216E-06   -0.30880E-05    0.12843E-02   -0.43299E-03    0.16646E-02    0.16114E-02   -0.84199E-03   -0.47804E-03    0.62591E-02    0.41787E-05   -0.94779E-05    0.12764E-05    0.14523E-03   -0.14276E-05    0.52500E-04    0.10006E-04    0.20711E-04    0.17505E-04    0.13119E-04
   -0.87782E-08   -0.20192E-05   -0.29193E-06    0.48636E-06    0.33572E-05    0.13410E-04   -0.81402E-05   -0.21264E-04    0.38898E-02   -0.93412E-04   -0.36154E-02    0.34400E-03    0.91348E-02   -0.95239E-03   -0.24816E-04   -0.13374E-04    0.12892E-07    0.21047E-05    0.19846E-04    0.24834E-02   -0.18699E-03   -0.87933E-03    0.50371E-01    0.12096E-02   -0.80114E-03   -0.23815E-03   -0.88200E-05   -0.19083E-03   -0.29456E-04   -0.14276E-05    0.31954E-03    0.78143E-05    0.17303E-03    0.49512E-07    0.81167E-05    0.20109E-04
    0.34768E-06   -0.19741E-05    0.15202E-06    0.29452E-05    0.10134E-04    0.18513E-04   -0.30333E-05   -0.48851E-04   -0.64041E-02   -0.21249E-02   -0.11922E-02    0.35369E-04   -0.82742E-03    0.34326E-03   -0.35919E-04    0.25390E-04   -0.67179E-07   -0.21482E-06   -0.28826E-04    0.67042E-03   -0.21840E-03    0.16713E-02   -0.53865E-04   -0.10307E-02   -0.31052E-03    0.41738E-02   -0.42301E-05    0.48939E-04    0.11379E-04    0.52500E-04    0.78143E-05    0.12071E-03    0.53492E-06    0.21003E-04    0.14361E-04    0.15655E-04
    0.21618E-06   -0.39622E-05    0.52729E-06    0.25565E-05    0.93311E-05    0.87718E-05   -0.70553E-05   -0.54819E-04    0.47525E-03   -0.23682E-03   -0.40864E-02   -0.25833E-03    0.10609E-01   -0.11048E-02    0.12977E-04    0.47167E-05    0.17441E-07    0.24763E-05    0.15178E-04    0.28053E-02   -0.32960E-03   -0.52387E-03    0.40078E-01    0.16332E-02   -0.52994E-03    0.13921E-02   -0.26918E-04   -0.19620E-03   -0.31881E-04    0.10006E-04    0.17303E-03    0.53492E-06    0.22585E-03    0.25993E-05    0.70839E-05    0.30941E-04
    0.37157E-06   -0.15801E-05    0.21122E-06   -0.60086E-07    0.12695E-04    0.12027E-04   -0.77448E-05    0.12637E-04   -0.87890E-02   -0.27684E-02    0.18498E-04   -0.60447E-03   -0.35088E-02    0.94927E-03    0.18310E-04    0.95185E-04   -0.20496E-06   -0.86664E-06   -0.15612E-04   -0.30083E-03   -0.13167E-03   -0.39417E-03    0.15229E-02    0.76516E-03    0.42115E-03    0.55273E-02   -0.82327E-04    0.73188E-04    0.49574E-04    0.20711E-04    0.49512E-07    0.21003E-04    0.25993E-05    0.39941E-03    0.32497E-04    0.26646E-04
    0.60555E-06   -0.29867E-05    0.32883E-06    0.11135E-04    0.11948E-04    0.63671E-05    0.14473E-04    0.15783E-06   -0.59353E-02   -0.13707E-02   -0.74647E-03   -0.57351E-04   -0.82029E-03    0.28012E-03   -0.46589E-04    0.32259E-04    0.24143E-07    0.70592E-07   -0.10512E-04    0.11076E-03   -0.29423E-03   -0.88699E-05    0.21464E-02    0.58186E-03    0.14954E-04    0.41397E-02   -0.61661E-04   -0.16102E-04    0.12220E-04    0.17505E-04    0.81167E-05    0.14361E-04    0.70839E-05    0.32497E-04    0.86265E-04    0.27668E-04
    0.16100E-06   -0.30310E-05   -0.47164E-07    0.29726E-05    0.92390E-05    0.36021E-05   -0.37803E-05    0.53366E-04   -0.36171E-02   -0.69781E-04   -0.35965E-02    0.48040E-03    0.10318E-01   -0.65546E-03    0.59195E-04    0.39870E-04    0.16028E-06    0.24090E-05    0.17508E-03    0.23676E-02   -0.51115E-03    0.82739E-03   -0.25264E-02    0.34200E-02    0.88450E-04    0.26475E-01   -0.54345E-04   -0.33515E-03   -0.65979E-04    0.13119E-04    0.20109E-04    0.15655E-04    0.30941E-04    0.26646E-04    0.27668E-04    0.45732E-03
