# omegabh2 omegach2 theta tau yhe logA ns calPlanck acib217 xi asz143 aps100 aps143 aps143217 aps217 aksz kgal100 kgal143 kgal143217 kgal217 galfEE100 galfEE100143 galfEE100217 galfEE143 galfEE143217 galfEE217 galfTE100 galfTE100143 galfTE100217 galfTE143 galfTE143217 galfTE217 cal0 cal2
    0.4871103E-07   -0.1853184E-06    0.9920912E-07    0.1922868E-05    0.2232650E-05    0.3997451E-05    0.1472798E-05    0.7709373E-08    0.4351640E-04   -0.1228417E-05   -0.5463536E-05    0.1476962E-03    0.9443818E-04    0.4811989E-04    0.3355848E-04    0.1329662E-04    0.1318074E-04   -0.1128308E-05   -0.1675364E-04   -0.4298172E-04    0.1438621E-06    0.4045593E-07   -0.6730238E-07    0.6676033E-07   -0.9488379E-07    0.6347532E-07   -0.2731687E-06   -0.1112215E-06   -0.4338095E-06   -0.6588670E-07   -0.3177492E-06   -0.1543873E-05   -0.1009681E-08   -0.4860928E-09
   -0.1853184E-06    0.2183478E-05   -0.3394067E-06   -0.1229604E-04   -0.4581310E-05   -0.2037731E-04   -0.7609617E-05   -0.2783031E-07    0.1453867E-03    0.1357510E-05   -0.8912693E-04    0.1542139E-02    0.8323279E-03    0.3168065E-03   -0.3721862E-05    0.1363165E-03   -0.2412507E-04    0.3038459E-04    0.1522367E-03    0.3513852E-03   -0.1268289E-05   -0.5160545E-06    0.7967256E-07   -0.6396111E-06   -0.4259037E-07    0.7204702E-06    0.1510189E-05    0.4810846E-06    0.4790284E-05    0.8651981E-06    0.4077161E-05    0.1016596E-04    0.1931168E-07    0.5161849E-07
    0.9920912E-07   -0.3394067E-06    0.3583303E-06    0.4397216E-05    0.7075028E-05    0.9707290E-05    0.4086856E-05    0.2167263E-07    0.5323950E-03   -0.1052072E-04   -0.7383239E-04    0.1663656E-02    0.9295603E-03    0.2577353E-03   -0.1426898E-03    0.1585510E-03    0.5412993E-04    0.3647680E-04    0.3021880E-04   -0.1547689E-03    0.2760671E-06    0.6621931E-07   -0.9896592E-07    0.9663250E-07   -0.5405985E-06    0.2993407E-07    0.2072267E-07   -0.9239778E-07   -0.1755087E-05    0.1200164E-06   -0.9399597E-06   -0.1899194E-05   -0.1921102E-07    0.3843172E-07
    0.1922868E-05   -0.1229604E-04    0.4397216E-05    0.3484557E-03    0.9193924E-04    0.6828790E-03    0.8317256E-04   -0.2732456E-05   -0.7424730E-02    0.1654090E-03    0.1789404E-02   -0.2184739E-01   -0.3072942E-02    0.9061069E-02    0.1360139E-01   -0.3858205E-02    0.3798971E-03   -0.1018130E-02   -0.2966186E-02   -0.4563369E-02    0.5570771E-05    0.2353311E-05    0.1257971E-05    0.3084767E-05   -0.1116887E-04   -0.5745979E-05   -0.1742997E-04   -0.9588358E-05   -0.1847602E-04   -0.1685562E-04   -0.2066012E-04   -0.2870572E-04    0.2226942E-06   -0.1485575E-05
    0.2232650E-05   -0.4581310E-05    0.7075028E-05    0.9193924E-04    0.1911525E-03    0.2172431E-03    0.9557374E-04    0.5407289E-06    0.1576885E-01   -0.3411663E-03   -0.2097263E-02    0.4700970E-01    0.2717194E-01    0.7164457E-02   -0.4569148E-02    0.4818088E-02    0.1748619E-02    0.1384574E-02    0.1318032E-02   -0.3598323E-02    0.5838059E-05    0.1007465E-05   -0.4064162E-05    0.1516654E-05   -0.8971120E-05    0.1456072E-05   -0.1438414E-05   -0.3387377E-06   -0.4223696E-04    0.4681204E-05   -0.1585281E-04   -0.3760286E-04   -0.5275037E-06    0.1204772E-05
    0.3997451E-05   -0.2037731E-04    0.9707290E-05    0.6828790E-03    0.2172431E-03    0.1384837E-02    0.1680334E-03    0.7204770E-05   -0.1145667E-01    0.3161975E-03    0.3054041E-02   -0.2677231E-01    0.4346022E-02    0.2493071E-01    0.3381751E-01   -0.7514215E-02    0.9077727E-03   -0.2307467E-02   -0.5763464E-02   -0.7386641E-02    0.1027029E-04    0.3607698E-05   -0.3629040E-07    0.6252779E-05   -0.2212214E-04   -0.1149862E-04   -0.1655711E-04   -0.1563233E-04   -0.2854459E-04   -0.3158588E-04   -0.3431311E-04   -0.4242712E-04    0.7112825E-06   -0.2653313E-05
    0.1472798E-05   -0.7609617E-05    0.4086856E-05    0.8317256E-04    0.9557374E-04    0.1680334E-03    0.7117041E-04    0.1549401E-06    0.1680391E-02   -0.4022327E-04    0.1709552E-03   -0.4925938E-02    0.5762138E-02    0.5891927E-02    0.4762325E-02   -0.3675125E-03    0.1014030E-02    0.3570443E-03   -0.3639105E-03   -0.1883060E-02    0.8437788E-05    0.2707877E-05   -0.4568370E-06    0.3330119E-05   -0.4046682E-05    0.1845736E-07   -0.3025312E-05   -0.1273961E-05   -0.2545876E-04   -0.9421351E-06   -0.2047702E-04   -0.2413204E-04   -0.4353223E-06   -0.8712090E-07
    0.7709373E-08   -0.2783031E-07    0.2167263E-07   -0.2732456E-05    0.5407289E-06    0.7204770E-05    0.1549401E-06    0.6157648E-05    0.6282521E-03    0.5628562E-05    0.3330434E-04    0.2831209E-02    0.9402841E-03    0.1043840E-02    0.1959501E-02   -0.1824450E-03    0.4418740E-04   -0.2919835E-04   -0.3232834E-04    0.7152942E-03    0.1082448E-05    0.2077208E-06   -0.6199057E-06    0.7798937E-06    0.1277323E-05   -0.5619960E-06    0.7670495E-05    0.1599044E-05    0.1447422E-05   -0.6493953E-06   -0.5367213E-06    0.1054745E-06    0.5658033E-07   -0.1403212E-07
    0.4351640E-04    0.1453867E-03    0.5323950E-03   -0.7424730E-02    0.1576885E-01   -0.1145667E-01    0.1680391E-02    0.6282521E-03    0.5065540E+02   -0.5446894E+00   -0.1567591E+01    0.4795676E+02    0.2481100E+01   -0.2052265E+02   -0.6677270E+02    0.5171668E+00    0.2585755E+00    0.7389651E+00   -0.2984967E+01   -0.2613054E+02   -0.1022371E-02    0.5466072E-05   -0.1494511E-02   -0.5061679E-03   -0.3091157E-02   -0.1843742E-02    0.1412769E-01    0.6459812E-02   -0.1001994E-01   -0.3845702E-02   -0.3023093E-02    0.6058712E-02   -0.1945007E-03    0.4548802E-02
   -0.1228417E-05    0.1357510E-05   -0.1052072E-04    0.1654090E-03   -0.3411663E-03    0.3161975E-03   -0.4022327E-04    0.5628562E-05   -0.5446894E+00    0.8199823E-01   -0.6019810E-01   -0.5631459E+00    0.9102965E+00    0.1775012E+01    0.7855342E+00    0.5777055E-01   -0.6485092E-02    0.1981597E-02    0.1038406E+00    0.1509146E+00   -0.3476660E-04   -0.1241135E-04   -0.1442648E-04    0.5369477E-05    0.6945091E-04   -0.1175636E-03    0.2026055E-03   -0.5831647E-04    0.6417357E-03   -0.5417446E-04   -0.2022738E-03    0.3265161E-03    0.1005781E-04   -0.2115800E-04
   -0.5463536E-05   -0.8912693E-04   -0.7383239E-04    0.1789404E-02   -0.2097263E-02    0.3054041E-02    0.1709552E-03    0.3330434E-04   -0.1567591E+01   -0.6019810E-01    0.3564257E+01   -0.2806949E+02   -0.3822408E+01    0.7212754E+01    0.6315839E+01   -0.2569874E+01   -0.1828733E+00    0.6424411E-01    0.2306642E+01    0.1941892E+01    0.2117431E-03    0.1951623E-03   -0.1702905E-03    0.3708893E-03    0.1440381E-03   -0.2262446E-02   -0.2133381E-02   -0.6293088E-03   -0.3254837E-02    0.5006333E-03   -0.8511621E-03    0.1685445E-03    0.1864896E-03   -0.3673815E-03
    0.1476962E-03    0.1542139E-02    0.1663656E-02   -0.2184739E-01    0.4700970E-01   -0.2677231E-01   -0.4925938E-02    0.2831209E-02    0.4795676E+02   -0.5631459E+00   -0.2806949E+02    0.7217844E+03    0.7115712E+02   -0.5596342E+02   -0.7532617E+02    0.1434616E+02    0.4732994E+00    0.9929771E+00   -0.1028643E+02   -0.1807538E+02   -0.4740203E-02   -0.2743901E-02   -0.6842241E-02   -0.3335491E-02   -0.6668393E-02    0.3637562E-02    0.7739084E-01    0.1078567E-01   -0.5928263E-01   -0.1249330E-01   -0.1378124E-01   -0.7228606E-01    0.4248917E-02    0.5272058E-02
    0.9443818E-04    0.8323279E-03    0.9295603E-03   -0.3072942E-02    0.2717194E-01    0.4346022E-02    0.5762138E-02    0.9402841E-03    0.2481100E+01    0.9102965E+00   -0.3822408E+01    0.7115712E+02    0.5959908E+02    0.4123562E+02    0.1565002E+02   -0.3606080E+01   -0.1814353E+00   -0.7359465E+00    0.4136607E+01    0.3975015E+01   -0.2209359E-02   -0.8614559E-03   -0.3469077E-02   -0.1294903E-02    0.5505566E-03   -0.3665119E-02    0.6908992E-02   -0.9155567E-03    0.6630173E-02   -0.1561991E-02   -0.3387019E-02    0.1739021E-01    0.8289501E-04    0.4812390E-03
    0.4811989E-04    0.3168065E-03    0.2577353E-03    0.9061069E-02    0.7164457E-02    0.2493071E-01    0.5891927E-02    0.1043840E-02   -0.2052265E+02    0.1775012E+01    0.7212754E+01   -0.5596342E+02    0.4123562E+02    0.9084440E+02    0.6410885E+02   -0.1113849E+02   -0.5074643E+00   -0.3419393E+00    0.4575999E+01    0.6427045E+01   -0.1229163E-02   -0.8424349E-04   -0.2750816E-02    0.6049470E-03    0.2568913E-02   -0.1231941E-01    0.1060159E-02   -0.4065688E-02    0.3922122E-02    0.3310464E-03   -0.9343835E-02    0.8249275E-02    0.7008838E-03   -0.2387277E-02
    0.3355848E-04   -0.3721862E-05   -0.1426898E-03    0.1360139E-01   -0.4569148E-02    0.3381751E-01    0.4762325E-02    0.1959501E-02   -0.6677270E+02    0.7855342E+00    0.6315839E+01   -0.7532617E+02    0.1565002E+02    0.6410885E+02    0.1246688E+03   -0.9806107E+01   -0.5214248E+00   -0.1039317E+01    0.4369543E+00    0.2287395E+02    0.1078677E-02    0.2447960E-03    0.7242922E-03    0.1117480E-02    0.3802745E-02   -0.4327399E-02   -0.1614225E-01   -0.8523771E-02    0.1790890E-02    0.6958181E-02   -0.1805298E-03    0.3220905E-03    0.5515154E-03   -0.7669698E-02
    0.1329662E-04    0.1363165E-03    0.1585510E-03   -0.3858205E-02    0.4818088E-02   -0.7514215E-02   -0.3675125E-03   -0.1824450E-03    0.5171668E+00    0.5777055E-01   -0.2569874E+01    0.1434616E+02   -0.3606080E+01   -0.1113849E+02   -0.9806107E+01    0.5875586E+01    0.1351402E+00   -0.1002499E-01   -0.1765165E+01   -0.1417420E+01   -0.6971894E-05   -0.2231776E-03    0.5413302E-03   -0.3907781E-03   -0.5329892E-03    0.3173020E-02    0.1031249E-02    0.1141150E-02    0.3697026E-02    0.3340365E-03    0.3006850E-03   -0.7854709E-02   -0.1261607E-03    0.1824999E-03
    0.1318074E-04   -0.2412507E-04    0.5412993E-04    0.3798971E-03    0.1748619E-02    0.9077727E-03    0.1014030E-02    0.4418740E-04    0.2585755E+00   -0.6485092E-02   -0.1828733E+00    0.4732994E+00   -0.1814353E+00   -0.5074643E+00   -0.5214248E+00    0.1351402E+00    0.3190451E+01    0.7652309E+00    0.2635471E+00    0.2560100E+00   -0.7978387E-04    0.7566399E-04   -0.1502131E-03   -0.4676880E-05    0.7693918E-05    0.1285134E-02   -0.4631253E-02    0.6614478E-03   -0.2497851E-02   -0.6699626E-04    0.9596203E-03    0.2170708E-02    0.4346767E-03    0.5442625E-05
   -0.1128308E-05    0.3038459E-04    0.3647680E-04   -0.1018130E-02    0.1384574E-02   -0.2307467E-02    0.3570443E-03   -0.2919835E-04    0.7389651E+00    0.1981597E-02    0.6424411E-01    0.9929771E+00   -0.7359465E+00   -0.3419393E+00   -0.1039317E+01   -0.1002499E-01    0.7652309E+00    0.3108491E+01    0.2370936E+01    0.1178191E+01    0.1916828E-03    0.3627022E-04   -0.8756716E-04    0.6963478E-04    0.5379372E-03   -0.2130922E-02    0.2006232E-02   -0.9590552E-03   -0.5421903E-02    0.2404433E-03    0.1457267E-02   -0.2702964E-02   -0.4248647E-03   -0.1635300E-03
   -0.1675364E-04    0.1522367E-03    0.3021880E-04   -0.2966186E-02    0.1318032E-02   -0.5763464E-02   -0.3639105E-03   -0.3232834E-04   -0.2984967E+01    0.1038406E+00    0.2306642E+01   -0.1028643E+02    0.4136607E+01    0.4575999E+01    0.4369543E+00   -0.1765165E+01    0.2635471E+00    0.2370936E+01    0.1786724E+02    0.2754050E+02   -0.2143249E-03    0.1026332E-03   -0.1547975E-02    0.3249145E-03    0.7941220E-03   -0.4522996E-02    0.1496127E-03   -0.1394104E-02   -0.1577517E-01    0.2070600E-02   -0.1292365E-03   -0.4877680E-02   -0.3449626E-04    0.2548752E-02
   -0.4298172E-04    0.3513852E-03   -0.1547689E-03   -0.4563369E-02   -0.3598323E-02   -0.7386641E-02   -0.1883060E-02    0.7152942E-03   -0.2613054E+02    0.1509146E+00    0.1941892E+01   -0.1807538E+02    0.3975015E+01    0.6427045E+01    0.2287395E+02   -0.1417420E+01    0.2560100E+00    0.1178191E+01    0.2754050E+02    0.6348281E+02    0.2540350E-04    0.4657860E-04   -0.2223425E-02    0.5592186E-03    0.2066991E-02   -0.1834543E-02   -0.4914984E-02   -0.3459396E-02   -0.9461351E-02    0.5636325E-02    0.2966936E-02   -0.2379672E-01    0.4487177E-04    0.4465194E-02
    0.1438621E-06   -0.1268289E-05    0.2760671E-06    0.5570771E-05    0.5838059E-05    0.1027029E-04    0.8437788E-05    0.1082448E-05   -0.1022371E-02   -0.3476660E-04    0.2117431E-03   -0.4740203E-02   -0.2209359E-02   -0.1229163E-02    0.1078677E-02   -0.6971894E-05   -0.7978387E-04    0.1916828E-03   -0.2143249E-03    0.2540350E-04    0.1264821E-03    0.1044395E-04    0.2076463E-05    0.2499326E-05    0.2311801E-05    0.7698678E-05   -0.9001883E-05   -0.1104590E-05    0.1237000E-04   -0.2426945E-07   -0.3446547E-05    0.3297283E-05   -0.1553127E-06   -0.2117162E-06
    0.4045593E-07   -0.5160545E-06    0.6621931E-07    0.2353311E-05    0.1007465E-05    0.3607698E-05    0.2707877E-05    0.2077208E-06    0.5466072E-05   -0.1241135E-04    0.1951623E-03   -0.2743901E-02   -0.8614559E-03   -0.8424349E-04    0.2447960E-03   -0.2231776E-03    0.7566399E-04    0.3627022E-04    0.1026332E-03    0.4657860E-04    0.1044395E-04    0.1341187E-04    0.9941199E-06    0.6179474E-05   -0.3807153E-06   -0.1253990E-06   -0.2590885E-05   -0.8898825E-06    0.7204380E-05    0.1047539E-05    0.6232361E-06    0.5977195E-05   -0.3809416E-07    0.4161009E-07
   -0.6730238E-07    0.7967256E-07   -0.9896592E-07    0.1257971E-05   -0.4064162E-05   -0.3629040E-07   -0.4568370E-06   -0.6199057E-06   -0.1494511E-02   -0.1442648E-04   -0.1702905E-03   -0.6842241E-02   -0.3469077E-02   -0.2750816E-02    0.7242922E-03    0.5413302E-03   -0.1502131E-03   -0.8756716E-04   -0.1547975E-02   -0.2223425E-02    0.2076463E-05    0.9941199E-06    0.2235234E-03   -0.2871034E-06    0.1471063E-06    0.2136698E-04   -0.3935228E-05   -0.9546872E-05   -0.3342072E-04   -0.6389102E-05    0.2152721E-05   -0.1522286E-04   -0.2153230E-06   -0.4664142E-06
    0.6676033E-07   -0.6396111E-06    0.9663250E-07    0.3084767E-05    0.1516654E-05    0.6252779E-05    0.3330119E-05    0.7798937E-06   -0.5061679E-03    0.5369477E-05    0.3708893E-03   -0.3335491E-02   -0.1294903E-02    0.6049470E-03    0.1117480E-02   -0.3907781E-03   -0.4676880E-05    0.6963478E-04    0.3249145E-03    0.5592186E-03    0.2499326E-05    0.6179474E-05   -0.2871034E-06    0.3048011E-04   -0.1621014E-05    0.2866187E-05   -0.5692581E-06    0.1084443E-05   -0.1851240E-05    0.1092919E-05   -0.4077643E-06   -0.1721964E-04   -0.1010117E-07    0.2491662E-07
   -0.9488379E-07   -0.4259037E-07   -0.5405985E-06   -0.1116887E-04   -0.8971120E-05   -0.2212214E-04   -0.4046682E-05    0.1277323E-05   -0.3091157E-02    0.6945091E-04    0.1440381E-03   -0.6668393E-02    0.5505566E-03    0.2568913E-02    0.3802745E-02   -0.5329892E-03    0.7693918E-05    0.5379372E-03    0.7941220E-03    0.2066991E-02    0.2311801E-05   -0.3807153E-06    0.1471063E-06   -0.1621014E-05    0.3990478E-03    0.2086182E-05   -0.4657483E-05   -0.1133283E-04   -0.7970489E-04   -0.8824739E-05   -0.1829279E-04    0.5704962E-04   -0.3035302E-06   -0.5247131E-06
    0.6347532E-07    0.7204702E-06    0.2993407E-07   -0.5745979E-05    0.1456072E-05   -0.1149862E-04    0.1845736E-07   -0.5619960E-06   -0.1843742E-02   -0.1175636E-03   -0.2262446E-02    0.3637562E-02   -0.3665119E-02   -0.1231941E-01   -0.4327399E-02    0.3173020E-02    0.1285134E-02   -0.2130922E-02   -0.4522996E-02   -0.1834543E-02    0.7698678E-05   -0.1253990E-06    0.2136698E-04    0.2866187E-05    0.2086182E-05    0.3387645E-02    0.1879099E-04    0.2253409E-04    0.2108503E-04    0.1091869E-04   -0.2308203E-04    0.5491644E-04    0.1631402E-06    0.9720914E-07
   -0.2731687E-06    0.1510189E-05    0.2072267E-07   -0.1742997E-04   -0.1438414E-05   -0.1655711E-04   -0.3025312E-05    0.7670495E-05    0.1412769E-01    0.2026055E-03   -0.2133381E-02    0.7739084E-01    0.6908992E-02    0.1060159E-02   -0.1614225E-01    0.1031249E-02   -0.4631253E-02    0.2006232E-02    0.1496127E-03   -0.4914984E-02   -0.9001883E-05   -0.2590885E-05   -0.3935228E-05   -0.5692581E-06   -0.4657483E-05    0.1879099E-04    0.5823440E-02    0.1835879E-02    0.1938116E-02   -0.6581321E-03   -0.2082150E-03   -0.2560704E-03    0.1957856E-05    0.1585024E-05
   -0.1112215E-06    0.4810846E-06   -0.9239778E-07   -0.9588358E-05   -0.3387377E-06   -0.1563233E-04   -0.1273961E-05    0.1599044E-05    0.6459812E-02   -0.5831647E-04   -0.6293088E-03    0.1078567E-01   -0.9155567E-03   -0.4065688E-02   -0.8523771E-02    0.1141150E-02    0.6614478E-03   -0.9590552E-03   -0.1394104E-02   -0.3459396E-02   -0.1104590E-05   -0.8898825E-06   -0.9546872E-05    0.1084443E-05   -0.1133283E-04    0.2253409E-04    0.1835879E-02    0.1244479E-02    0.8495408E-03    0.2156729E-03   -0.3724374E-04   -0.3881960E-03    0.2826463E-06    0.1054757E-05
   -0.4338095E-06    0.4790284E-05   -0.1755087E-05   -0.1847602E-04   -0.4223696E-04   -0.2854459E-04   -0.2545876E-04    0.1447422E-05   -0.1001994E-01    0.6417357E-03   -0.3254837E-02   -0.5928263E-01    0.6630173E-02    0.3922122E-02    0.1790890E-02    0.3697026E-02   -0.2497851E-02   -0.5421903E-02   -0.1577517E-01   -0.9461351E-02    0.1237000E-04    0.7204380E-05   -0.3342072E-04   -0.1851240E-05   -0.7970489E-04    0.2108503E-04    0.1938116E-02    0.8495408E-03    0.3353522E-01   -0.5504753E-03    0.1525333E-02    0.1100586E-01   -0.8660999E-06    0.1131388E-05
   -0.6588670E-07    0.8651981E-06    0.1200164E-06   -0.1685562E-04    0.4681204E-05   -0.3158588E-04   -0.9421351E-06   -0.6493953E-06   -0.3845702E-02   -0.5417446E-04    0.5006333E-03   -0.1249330E-01   -0.1561991E-02    0.3310464E-03    0.6958181E-02    0.3340365E-03   -0.6699626E-04    0.2404433E-03    0.2070600E-02    0.5636325E-02   -0.2426945E-07    0.1047539E-05   -0.6389102E-05    0.1092919E-05   -0.8824739E-05    0.1091869E-04   -0.6581321E-03    0.2156729E-03   -0.5504753E-03    0.1364165E-02    0.1832081E-03   -0.3986401E-03    0.8602661E-07    0.7244403E-06
   -0.3177492E-06    0.4077161E-05   -0.9399597E-06   -0.2066012E-04   -0.1585281E-04   -0.3431311E-04   -0.2047702E-04   -0.5367213E-06   -0.3023093E-02   -0.2022738E-03   -0.8511621E-03   -0.1378124E-01   -0.3387019E-02   -0.9343835E-02   -0.1805298E-03    0.3006850E-03    0.9596203E-03    0.1457267E-02   -0.1292365E-03    0.2966936E-02   -0.3446547E-05    0.6232361E-06    0.2152721E-05   -0.4077643E-06   -0.1829279E-04   -0.2308203E-04   -0.2082150E-03   -0.3724374E-04    0.1525333E-02    0.1832081E-03    0.4971699E-02    0.3880935E-02   -0.4226921E-06    0.7030836E-07
   -0.1543873E-05    0.1016596E-04   -0.1899194E-05   -0.2870572E-04   -0.3760286E-04   -0.4242712E-04   -0.2413204E-04    0.1054745E-06    0.6058712E-02    0.3265161E-03    0.1685445E-03   -0.7228606E-01    0.1739021E-01    0.8249275E-02    0.3220905E-03   -0.7854709E-02    0.2170708E-02   -0.2702964E-02   -0.4877680E-02   -0.2379672E-01    0.3297283E-05    0.5977195E-05   -0.1522286E-04   -0.1721964E-04    0.5704962E-04    0.5491644E-04   -0.2560704E-03   -0.3881960E-03    0.1100586E-01   -0.3986401E-03    0.3880935E-02    0.3524663E-01    0.6560539E-06   -0.4982681E-05
   -0.1009681E-08    0.1931168E-07   -0.1921102E-07    0.2226942E-06   -0.5275037E-06    0.7112825E-06   -0.4353223E-06    0.5658033E-07   -0.1945007E-03    0.1005781E-04    0.1864896E-03    0.4248917E-02    0.8289501E-04    0.7008838E-03    0.5515154E-03   -0.1261607E-03    0.4346767E-03   -0.4248647E-03   -0.3449626E-04    0.4487177E-04   -0.1553127E-06   -0.3809416E-07   -0.2153230E-06   -0.1010117E-07   -0.3035302E-06    0.1631402E-06    0.1957856E-05    0.2826463E-06   -0.8660999E-06    0.8602661E-07   -0.4226921E-06    0.6560539E-06    0.5231079E-06    0.1217190E-07
   -0.4860928E-09    0.5161849E-07    0.3843172E-07   -0.1485575E-05    0.1204772E-05   -0.2653313E-05   -0.8712090E-07   -0.1403212E-07    0.4548802E-02   -0.2115800E-04   -0.3673815E-03    0.5272058E-02    0.4812390E-03   -0.2387277E-02   -0.7669698E-02    0.1824999E-03    0.5442625E-05   -0.1635300E-03    0.2548752E-02    0.4465194E-02   -0.2117162E-06    0.4161009E-07   -0.4664142E-06    0.2491662E-07   -0.5247131E-06    0.9720914E-07    0.1585024E-05    0.1054757E-05    0.1131388E-05    0.7244403E-06    0.7030836E-07   -0.4982681E-05    0.1217190E-07    0.2109475E-05
