# omegabh2 omegach2 theta tau w ns logA aps100 aps143 aps217 acib143 acib217 asz143 psr cibr ncib cal0 cal2 xi aksz bm_1_1 bm_1_2 bm_1_3 bm_1_4 bm_1_5 bm_2_1 bm_2_2 bm_2_3 bm_2_4 bm_2_5 bm_3_1 bm_3_2 bm_3_3 bm_3_4 bm_3_5 bm_4_1 bm_4_2 bm_4_3 bm_4_4 bm_4_5
    0.77548E-07   -0.37916E-06    0.79539E-07    0.10884E-05    0.93320E-05    0.11796E-05    0.14615E-05   -0.22017E-02   -0.69341E-03   -0.25352E-04   -0.10730E-03   -0.23850E-03    0.37724E-04    0.70993E-06   -0.36275E-05   -0.20700E-05   -0.15279E-08   -0.14532E-07    0.33145E-05   -0.82793E-04   -0.20983E-04   -0.53712E-07   -0.45805E-05   -0.11208E-04    0.10500E-05    0.49707E-05   -0.19718E-05    0.71183E-05    0.30440E-05   -0.18456E-05   -0.60161E-05   -0.66682E-05    0.87812E-06   -0.31365E-05    0.33569E-05   -0.25625E-05    0.61107E-05   -0.81326E-05   -0.46116E-06    0.62929E-06
   -0.37916E-06    0.67668E-05   -0.67303E-06   -0.10725E-04   -0.12846E-03   -0.15357E-04   -0.48228E-05    0.67554E-02    0.54149E-02    0.25001E-02   -0.78658E-03    0.40032E-04   -0.37145E-03   -0.99121E-06   -0.16732E-04    0.76145E-05    0.20605E-07    0.12309E-06   -0.54273E-05    0.60971E-04    0.21783E-03    0.22172E-05   -0.75330E-04    0.15326E-03    0.43172E-04   -0.21774E-04   -0.20963E-04   -0.69037E-04   -0.12127E-04    0.82012E-04    0.95482E-05    0.72311E-04    0.13311E-03    0.24472E-04   -0.83110E-04    0.27522E-04   -0.11301E-03    0.99952E-04    0.14336E-04    0.33805E-04
    0.79539E-07   -0.67303E-06    0.39224E-06    0.16749E-05    0.18688E-04    0.20321E-05    0.21193E-05   -0.16957E-02   -0.77888E-03    0.56783E-04    0.94804E-04   -0.85568E-04    0.62522E-04    0.11665E-05   -0.14859E-05   -0.72622E-06   -0.10528E-08   -0.98805E-08    0.33732E-05   -0.96023E-04   -0.22254E-04    0.65175E-05    0.26025E-04   -0.19109E-04    0.18282E-04    0.23346E-04   -0.47359E-05    0.94501E-05    0.76653E-05   -0.10181E-04    0.23082E-05   -0.67425E-05   -0.15624E-05    0.26726E-05    0.27681E-04    0.13616E-04    0.18462E-04   -0.13234E-04    0.69908E-07    0.90084E-05
    0.10884E-05   -0.10725E-04    0.16749E-05    0.17145E-03    0.23993E-03    0.38922E-04    0.31758E-03   -0.73238E-01   -0.66711E-02    0.93479E-02   -0.56015E-02   -0.88332E-02    0.96915E-03    0.46099E-04   -0.21527E-03   -0.65004E-04   -0.46435E-07   -0.41651E-06    0.31354E-03   -0.27323E-02   -0.54423E-03    0.11983E-03    0.31863E-03   -0.57312E-04    0.79345E-04    0.23407E-03    0.82117E-04    0.35247E-03   -0.29463E-03   -0.86681E-04    0.30315E-03    0.36172E-03   -0.25691E-03    0.82647E-04    0.29233E-03    0.25476E-03    0.49830E-03   -0.12455E-03   -0.18794E-03   -0.16642E-03
    0.93320E-05   -0.12846E-03    0.18688E-04    0.23993E-03    0.89967E-02    0.31233E-03    0.17245E-03   -0.19953E+00   -0.10237E+00   -0.41249E-01    0.12574E-01   -0.55484E-02    0.86852E-02    0.71421E-04    0.20899E-03   -0.23224E-03   -0.94767E-06    0.13610E-06    0.76568E-03   -0.61072E-02   -0.39335E-02    0.87231E-03   -0.41909E-03   -0.43208E-02   -0.31138E-03    0.12074E-02    0.14658E-02    0.18513E-02   -0.15871E-03   -0.64605E-03   -0.65585E-03   -0.48963E-03   -0.21932E-02    0.85764E-05    0.24415E-02   -0.44329E-03    0.26077E-02   -0.66039E-03   -0.58489E-03    0.32303E-03
    0.11796E-05   -0.15357E-04    0.20321E-05    0.38922E-04    0.31233E-03    0.56564E-04    0.40472E-04   -0.83824E-01   -0.95491E-02    0.94303E-02   -0.69327E-02   -0.92888E-02    0.95178E-03    0.53058E-04   -0.25551E-03   -0.46147E-04   -0.49214E-07   -0.33306E-06    0.98472E-04   -0.34199E-02   -0.28443E-03   -0.18754E-04    0.11711E-03   -0.35638E-03   -0.33195E-04    0.24460E-03    0.12219E-03    0.20622E-03    0.39741E-04   -0.27752E-03   -0.37552E-04   -0.12987E-03   -0.32392E-03   -0.18059E-03   -0.35391E-04    0.43030E-04    0.40287E-03   -0.15981E-03    0.10380E-04   -0.55721E-04
    0.14615E-05   -0.48228E-05    0.21193E-05    0.31758E-03    0.17245E-03    0.40472E-04    0.63297E-03   -0.15627E+00    0.69365E-02    0.34933E-01   -0.17796E-01   -0.21859E-01   -0.55814E-04    0.11247E-03   -0.65689E-03   -0.90196E-04    0.43523E-07   -0.36905E-06    0.65642E-03   -0.69256E-02    0.14535E-04    0.34114E-03    0.46982E-03    0.36470E-03    0.38080E-03    0.76671E-03    0.21658E-03    0.50824E-03   -0.60923E-03    0.22636E-04    0.64687E-03    0.10158E-02   -0.20322E-03    0.29141E-03    0.22449E-03    0.84265E-03    0.83887E-03    0.92990E-04   -0.27329E-03   -0.17188E-03
   -0.22017E-02    0.67554E-02   -0.16957E-02   -0.73238E-01   -0.19953E+00   -0.83824E-01   -0.15627E+00    0.27412E+04    0.66598E+02   -0.15741E+03    0.12050E+03    0.11410E+03   -0.76768E+02   -0.98360E+00    0.73200E-01    0.16282E+01    0.10228E-02   -0.26808E-03   -0.55198E+00   -0.18810E+02    0.10258E+02   -0.83365E+01    0.10165E+00    0.16133E+01    0.11981E+00   -0.41985E+00   -0.58171E+01    0.15779E+00   -0.60931E+00   -0.32370E+01    0.65226E+00    0.69510E-01    0.52546E+00   -0.15741E+01   -0.23848E+01    0.25105E+00   -0.31772E+00   -0.35989E+01   -0.18348E+00    0.32219E+01
   -0.69341E-03    0.54149E-02   -0.77888E-03   -0.66711E-02   -0.10237E+00   -0.95491E-02    0.69365E-02    0.66598E+02    0.19457E+03    0.62006E+02   -0.37244E+02   -0.12597E+02   -0.82837E+01   -0.27677E+00   -0.16955E+00   -0.22027E+00    0.14163E-03    0.39354E-02    0.11251E+01   -0.12666E+02    0.15964E+01    0.72347E+00   -0.24855E+00    0.54182E+00    0.72195E-01   -0.17412E+01   -0.42241E+00    0.17863E+00   -0.11748E+00   -0.22398E+00    0.95450E+00    0.62125E+00    0.62234E+00   -0.11510E+00   -0.20646E+00   -0.69955E+00   -0.13068E+00    0.15379E+00    0.30770E+00    0.12015E+00
   -0.25352E-04    0.25001E-02    0.56783E-04    0.93479E-02   -0.41249E-01    0.94303E-02    0.34933E-01   -0.15741E+03    0.62006E+02    0.20184E+03   -0.33729E+02   -0.70975E+02    0.40754E+01   -0.86252E-01   -0.94552E+00   -0.10874E+01    0.30914E-04   -0.37210E-02    0.36782E+00   -0.10419E+02    0.15722E+01    0.77592E+00   -0.22857E+00   -0.20377E+00    0.40091E+00    0.10448E+01    0.59274E-01   -0.18687E+00    0.26792E+00    0.46108E+00   -0.12828E+01    0.10704E+01   -0.14765E+00    0.51332E+00    0.22386E+00   -0.10459E+00    0.37512E+00    0.51040E-01    0.37122E+00    0.37674E-01
   -0.10730E-03   -0.78658E-03    0.94804E-04   -0.56015E-02    0.12574E-01   -0.69327E-02   -0.17796E-01    0.12050E+03   -0.37244E+02   -0.33729E+02    0.26750E+02    0.17745E+02   -0.29263E+01    0.27848E-01    0.18068E+00    0.25255E+00   -0.97040E-04   -0.12789E-02   -0.10715E-01   -0.73598E+00   -0.99360E+00   -0.45474E+00    0.12146E+00   -0.15331E-01    0.41210E-01    0.81495E+00    0.27455E+00   -0.34000E-02    0.39284E-01   -0.24697E-01   -0.32683E+00   -0.20121E+00   -0.18178E+00   -0.72747E-01    0.23112E+00    0.35150E+00    0.22442E+00   -0.17861E-02   -0.57596E-01    0.60184E-01
   -0.23850E-03    0.40032E-04   -0.85568E-04   -0.88332E-02   -0.55484E-02   -0.92888E-02   -0.21859E-01    0.11410E+03   -0.12597E+02   -0.70975E+02    0.17745E+02    0.33960E+02   -0.25214E+01    0.76586E-01    0.38065E+00    0.54987E+00    0.23757E-04    0.16156E-02   -0.23596E+00   -0.11783E+01   -0.60925E+00   -0.38614E+00    0.15456E+00    0.10728E+00   -0.12533E+00   -0.38854E+00   -0.16564E-01    0.71417E-01    0.53739E-01   -0.23062E+00    0.41498E+00   -0.57081E+00    0.13086E-01   -0.33536E+00   -0.35085E-01   -0.16034E-01   -0.14143E+00   -0.61190E-01   -0.11935E+00    0.16405E+00
    0.37724E-04   -0.37145E-03    0.62522E-04    0.96915E-03    0.86852E-02    0.95178E-03   -0.55814E-04   -0.76768E+02   -0.82837E+01    0.40754E+01   -0.29263E+01   -0.25214E+01    0.79000E+01    0.53208E-01    0.26033E+00   -0.14243E+00    0.17271E-04   -0.80822E-04   -0.10919E-01   -0.13370E+00    0.19351E+00    0.55207E-01    0.14094E-01   -0.10908E+00   -0.70774E-01   -0.10094E+00   -0.62683E-01   -0.10063E-01    0.24937E-01    0.57476E-01   -0.73226E-01   -0.85588E-01    0.92060E-01   -0.21983E-01   -0.19386E-01   -0.11196E+00   -0.88989E-01   -0.34253E-01   -0.50376E-01   -0.19146E-01
    0.70993E-06   -0.99121E-06    0.11665E-05    0.46099E-04    0.71421E-04    0.53058E-04    0.11247E-03   -0.98360E+00   -0.27677E+00   -0.86252E-01    0.27848E-01    0.76586E-01    0.53208E-01    0.75093E-02   -0.58187E-02    0.73904E-02    0.97535E-06   -0.25862E-04    0.35118E-02   -0.12468E-01    0.63719E-02    0.13971E-02    0.39237E-02   -0.13507E-02   -0.21674E-03    0.41837E-02   -0.24376E-03   -0.23595E-03    0.57561E-03   -0.12502E-02   -0.11596E-01   -0.26669E-02   -0.47398E-03   -0.23254E-02   -0.11769E-02   -0.43959E-02   -0.62341E-03   -0.45831E-02   -0.37431E-02    0.45315E-03
   -0.36275E-05   -0.16732E-04   -0.14859E-05   -0.21527E-03    0.20899E-03   -0.25551E-03   -0.65689E-03    0.73200E-01   -0.16955E+00   -0.94552E+00    0.18068E+00    0.38065E+00    0.26033E+00   -0.58187E-02    0.44825E-01   -0.12206E-01   -0.27460E-05    0.89093E-04    0.11706E-02   -0.18449E-01   -0.13385E-01   -0.14997E-02   -0.17746E-02   -0.11007E-02   -0.51210E-02   -0.22085E-01   -0.80931E-02    0.91610E-02    0.40655E-03    0.10338E-01    0.29272E-01    0.15767E-02    0.62587E-02   -0.15649E-02    0.44889E-02    0.25788E-02   -0.34434E-02    0.46446E-02   -0.35746E-02   -0.16547E-02
   -0.20700E-05    0.76145E-05   -0.72622E-06   -0.65004E-04   -0.23224E-03   -0.46147E-04   -0.90196E-04    0.16282E+01   -0.22027E+00   -0.10874E+01    0.25255E+00    0.54987E+00   -0.14243E+00    0.73904E-02   -0.12206E-01    0.22048E-01    0.23733E-05   -0.22251E-04   -0.31989E-02   -0.43168E-02    0.15091E-02   -0.86750E-02    0.15532E-02    0.18163E-02   -0.76448E-03    0.28126E-02    0.73671E-02   -0.62847E-02    0.55335E-02   -0.13983E-01   -0.15259E-01   -0.21345E-01   -0.99274E-03   -0.13637E-01   -0.76943E-02   -0.79170E-02   -0.36077E-02   -0.48039E-03    0.35195E-02    0.10322E-01
   -0.15279E-08    0.20605E-07   -0.10528E-08   -0.46435E-07   -0.94767E-06   -0.49214E-07    0.43523E-07    0.10228E-02    0.14163E-03    0.30914E-04   -0.97040E-04    0.23757E-04    0.17271E-04    0.97535E-06   -0.27460E-05    0.23733E-05    0.16077E-06    0.62990E-08   -0.31940E-05   -0.36982E-04   -0.13496E-04   -0.11399E-04    0.12363E-04    0.80469E-05   -0.81791E-05    0.13032E-05    0.72113E-05    0.89613E-05    0.80914E-05    0.77424E-05   -0.22311E-05    0.35474E-05    0.27839E-06   -0.82028E-05   -0.70391E-05   -0.33931E-05    0.61274E-05    0.79873E-05    0.18562E-05    0.12121E-04
   -0.14532E-07    0.12309E-06   -0.98805E-08   -0.41651E-06    0.13610E-06   -0.33306E-06   -0.36905E-06   -0.26808E-03    0.39354E-02   -0.37210E-02   -0.12789E-02    0.16156E-02   -0.80822E-04   -0.25862E-04    0.89093E-04   -0.22251E-04    0.62990E-08    0.16844E-05   -0.58422E-05   -0.10832E-03    0.84572E-04    0.58938E-04   -0.23190E-04   -0.13806E-05   -0.14650E-04    0.20554E-03    0.17506E-04    0.21511E-04    0.28700E-05    0.50983E-04   -0.20233E-03    0.24449E-04   -0.62922E-04    0.50909E-04   -0.40332E-04    0.19685E-04    0.25185E-04    0.37399E-05   -0.70146E-04    0.26155E-04
    0.33145E-05   -0.54273E-05    0.33732E-05    0.31354E-03    0.76568E-03    0.98472E-04    0.65642E-03   -0.55198E+00    0.11251E+01    0.36782E+00   -0.10715E-01   -0.23596E+00   -0.10919E-01    0.35118E-02    0.11706E-02   -0.31989E-02   -0.31940E-05   -0.58422E-05    0.81686E-01    0.37352E-01    0.14547E-01    0.58933E-02    0.40092E-02    0.99247E-02   -0.22978E-02   -0.35616E-02   -0.24653E-02    0.95744E-02    0.26467E-02   -0.13293E-02    0.86822E-03    0.44861E-02    0.99215E-02   -0.65751E-02   -0.34560E-02   -0.49392E-02    0.68628E-02    0.42150E-02   -0.20070E-02    0.43319E-02
   -0.82793E-04    0.60971E-04   -0.96023E-04   -0.27323E-02   -0.61072E-02   -0.34199E-02   -0.69256E-02   -0.18810E+02   -0.12666E+02   -0.10419E+02   -0.73598E+00   -0.11783E+01   -0.13370E+00   -0.12468E-01   -0.18449E-01   -0.43168E-02   -0.36982E-04   -0.10832E-03    0.37352E-01    0.81310E+01   -0.27275E-01    0.15051E-01   -0.20562E-01   -0.22525E-01   -0.29348E-01    0.28533E-01   -0.67651E-01   -0.85912E-01    0.92109E-02    0.16106E-02    0.27226E-01   -0.40984E-01   -0.62832E-01    0.67850E-01    0.94817E-04    0.72354E-01   -0.76124E-01   -0.80911E-01   -0.77199E-02   -0.35229E-01
   -0.20983E-04    0.21783E-03   -0.22254E-04   -0.54423E-03   -0.39335E-02   -0.28443E-03    0.14535E-04    0.10258E+02    0.15964E+01    0.15722E+01   -0.99360E+00   -0.60925E+00    0.19351E+00    0.63719E-02   -0.13385E-01    0.15091E-02   -0.13496E-04    0.84572E-04    0.14547E-01   -0.27275E-01    0.68161E+00   -0.14000E+00   -0.16337E-02    0.16336E-01    0.27506E-02    0.15579E+00   -0.79487E-01   -0.24690E-01    0.43780E-02   -0.79127E-01    0.42352E-01    0.47193E-01   -0.16217E-02   -0.59989E-01   -0.15689E+00    0.14863E+00    0.36046E-01   -0.21097E-01    0.27409E-01    0.10339E+00
   -0.53712E-07    0.22172E-05    0.65175E-05    0.11983E-03    0.87231E-03   -0.18754E-04    0.34114E-03   -0.83365E+01    0.72347E+00    0.77592E+00   -0.45474E+00   -0.38614E+00    0.55207E-01    0.13971E-02   -0.14997E-02   -0.86750E-02   -0.11399E-04    0.58938E-04    0.58933E-02    0.15051E-01   -0.14000E+00    0.90290E+00   -0.12169E-01   -0.15681E-01    0.17330E-01   -0.15876E+00    0.20664E+00    0.33080E-01    0.89035E-02    0.24558E-01   -0.11914E+00    0.38734E-01   -0.21188E-01    0.29203E-01    0.16604E+00   -0.23011E+00    0.45314E-01    0.10220E+00    0.42613E-01   -0.20228E+00
   -0.45805E-05   -0.75330E-04    0.26025E-04    0.31863E-03   -0.41909E-03    0.11711E-03    0.46982E-03    0.10165E+00   -0.24855E+00   -0.22857E+00    0.12146E+00    0.15456E+00    0.14094E-01    0.39237E-02   -0.17746E-02    0.15532E-02    0.12363E-04   -0.23190E-04    0.40092E-02   -0.20562E-01   -0.16337E-02   -0.12169E-01    0.10207E+01    0.12036E-01    0.21842E-01   -0.45310E-01   -0.81775E-02    0.18858E+00   -0.33908E-01    0.88203E-01    0.41385E-01    0.63394E-01   -0.34555E-01   -0.50967E-01    0.10305E+00   -0.29175E-01    0.53992E-01    0.36143E-01   -0.17917E+00    0.73507E-01
   -0.11208E-04    0.15326E-03   -0.19109E-04   -0.57312E-04   -0.43208E-02   -0.35638E-03    0.36470E-03    0.16133E+01    0.54182E+00   -0.20377E+00   -0.15331E-01    0.10728E+00   -0.10908E+00   -0.13507E-02   -0.11007E-02    0.18163E-02    0.80469E-05   -0.13806E-05    0.99247E-02   -0.22525E-01    0.16336E-01   -0.15681E-01    0.12036E-01    0.10399E+01    0.49555E-01    0.54048E-01   -0.73552E-01    0.36053E-01   -0.60627E-01    0.26937E-01    0.96066E-01    0.78814E-01    0.51162E-01    0.14056E+00   -0.12342E+00    0.10718E+00    0.26150E-01    0.41791E-02   -0.76185E-01    0.66442E-01
    0.10500E-05    0.43172E-04    0.18282E-04    0.79345E-04   -0.31138E-03   -0.33195E-04    0.38080E-03    0.11981E+00    0.72195E-01    0.40091E+00    0.41210E-01   -0.12533E+00   -0.70774E-01   -0.21674E-03   -0.51210E-02   -0.76448E-03   -0.81791E-05   -0.14650E-04   -0.22978E-02   -0.29348E-01    0.27506E-02    0.17330E-01    0.21842E-01    0.49555E-01    0.99174E+00    0.30445E-01    0.55447E-01   -0.18885E-01    0.80680E-01    0.65600E-01    0.76494E-01   -0.27384E-01   -0.56590E-01    0.58629E-01    0.64357E-01    0.84318E-01   -0.37280E-01    0.97917E-01    0.27058E-02    0.41489E-01
    0.49707E-05   -0.21774E-04    0.23346E-04    0.23407E-03    0.12074E-02    0.24460E-03    0.76671E-03   -0.41985E+00   -0.17412E+01    0.10448E+01    0.81495E+00   -0.38854E+00   -0.10094E+00    0.41837E-02   -0.22085E-01    0.28126E-02    0.13032E-05    0.20554E-03   -0.35616E-02    0.28533E-01    0.15579E+00   -0.15876E+00   -0.45310E-01    0.54048E-01    0.30445E-01    0.84292E+00    0.86685E-02    0.18696E-02   -0.82603E-02   -0.20829E-01    0.32312E-01    0.14009E+00   -0.98859E-01    0.39223E-01   -0.85974E-01    0.63691E+00    0.26109E+00   -0.33187E-01   -0.39129E-01    0.94481E-01
   -0.19718E-05   -0.20963E-04   -0.47359E-05    0.82117E-04    0.14658E-02    0.12219E-03    0.21658E-03   -0.58171E+01   -0.42241E+00    0.59274E-01    0.27455E+00   -0.16564E-01   -0.62683E-01   -0.24376E-03   -0.80931E-02    0.73671E-02    0.72113E-05    0.17506E-04   -0.24653E-02   -0.67651E-01   -0.79487E-01    0.20664E+00   -0.81775E-02   -0.73552E-01    0.55447E-01    0.86685E-02    0.10065E+01    0.25836E-01    0.16436E-01   -0.15579E-01    0.50492E-01   -0.17438E-01   -0.76410E-01    0.17322E-01    0.17141E+00   -0.75798E-01    0.29487E+00    0.76809E+00    0.30274E+00   -0.17679E+00
    0.71183E-05   -0.69037E-04    0.94501E-05    0.35247E-03    0.18513E-02    0.20622E-03    0.50824E-03    0.15779E+00    0.17863E+00   -0.18687E+00   -0.34000E-02    0.71417E-01   -0.10063E-01   -0.23595E-03    0.91610E-02   -0.62847E-02    0.89613E-05    0.21511E-04    0.95744E-02   -0.85912E-01   -0.24690E-01    0.33080E-01    0.18858E+00    0.36053E-01   -0.18885E-01    0.18696E-02    0.25836E-01    0.10139E+01   -0.18599E-01    0.48449E-02    0.10126E+00   -0.62304E-01    0.14095E+00    0.16645E+00   -0.15408E+00   -0.18011E+00    0.64198E+00    0.17249E+00   -0.63625E+00    0.17367E+00
    0.30440E-05   -0.12127E-04    0.76653E-05   -0.29463E-03   -0.15871E-03    0.39741E-04   -0.60923E-03   -0.60931E+00   -0.11748E+00    0.26792E+00    0.39284E-01    0.53739E-01    0.24937E-01    0.57561E-03    0.40655E-03    0.55335E-02    0.80914E-05    0.28700E-05    0.26467E-02    0.92109E-02    0.43780E-02    0.89035E-02   -0.33908E-01   -0.60627E-01    0.80680E-01   -0.82603E-02    0.16436E-01   -0.18599E-01    0.94415E+00    0.11267E-01    0.62538E-02   -0.68357E-01   -0.13338E+00   -0.17935E-01   -0.92835E-01   -0.48120E-01    0.66029E-01   -0.25859E-01    0.30515E+00    0.63630E+00
   -0.18456E-05    0.82012E-04   -0.10181E-04   -0.86681E-04   -0.64605E-03   -0.27752E-03    0.22636E-04   -0.32370E+01   -0.22398E+00    0.46108E+00   -0.24697E-01   -0.23062E+00    0.57476E-01   -0.12502E-02    0.10338E-01   -0.13983E-01    0.77424E-05    0.50983E-04   -0.13293E-02    0.16106E-02   -0.79127E-01    0.24558E-01    0.88203E-01    0.26937E-01    0.65600E-01   -0.20829E-01   -0.15579E-01    0.48449E-02    0.11267E-01    0.10183E+01   -0.17441E-01    0.81742E-01    0.23291E-01    0.17507E+00    0.30114E-01    0.14320E+00   -0.57485E+00    0.39134E+00   -0.36066E+00    0.24364E+00
   -0.60161E-05    0.95482E-05    0.23082E-05    0.30315E-03   -0.65585E-03   -0.37552E-04    0.64687E-03    0.65226E+00    0.95450E+00   -0.12828E+01   -0.32683E+00    0.41498E+00   -0.73226E-01   -0.11596E-01    0.29272E-01   -0.15259E-01   -0.22311E-05   -0.20233E-03    0.86822E-03    0.27226E-01    0.42352E-01   -0.11914E+00    0.41385E-01    0.96066E-01    0.76494E-01    0.32312E-01    0.50492E-01    0.10126E+00    0.62538E-02   -0.17441E-01    0.94111E+00    0.10524E-01   -0.25762E-01   -0.85248E-02   -0.14945E-01    0.62092E+00    0.16774E+00    0.14887E+00    0.42176E-01   -0.39695E-01
   -0.66682E-05    0.72311E-04   -0.67425E-05    0.36172E-03   -0.48963E-03   -0.12987E-03    0.10158E-02    0.69510E-01    0.62125E+00    0.10704E+01   -0.20121E+00   -0.57081E+00   -0.85588E-01   -0.26669E-02    0.15767E-02   -0.21345E-01    0.35474E-05    0.24449E-04    0.44861E-02   -0.40984E-01    0.47193E-01    0.38734E-01    0.63394E-01    0.78814E-01   -0.27384E-01    0.14009E+00   -0.17438E-01   -0.62304E-01   -0.68357E-01    0.81742E-01    0.10524E-01    0.99783E+00   -0.14860E-01    0.88617E-02    0.72848E-02    0.12176E+00    0.15186E+00   -0.96787E-02    0.15796E+00    0.16714E+00
    0.87812E-06    0.13311E-03   -0.15624E-05   -0.25691E-03   -0.21932E-02   -0.32392E-03   -0.20322E-03    0.52546E+00    0.62234E+00   -0.14765E+00   -0.18178E+00    0.13086E-01    0.92060E-01   -0.47398E-03    0.62587E-02   -0.99274E-03    0.27839E-06   -0.62922E-04    0.99215E-02   -0.62832E-01   -0.16217E-02   -0.21188E-01   -0.34555E-01    0.51162E-01   -0.56590E-01   -0.98859E-01   -0.76410E-01    0.14095E+00   -0.13338E+00    0.23291E-01   -0.25762E-01   -0.14860E-01    0.98799E+00    0.98910E-02   -0.11603E-01   -0.12659E+00    0.39174E-01    0.14349E+00    0.10519E-01   -0.36017E-01
   -0.31365E-05    0.24472E-04    0.26726E-05    0.82647E-04    0.85764E-05   -0.18059E-03    0.29141E-03   -0.15741E+01   -0.11510E+00    0.51332E+00   -0.72747E-01   -0.33536E+00   -0.21983E-01   -0.23254E-02   -0.15649E-02   -0.13637E-01   -0.82028E-05    0.50909E-04   -0.65751E-02    0.67850E-01   -0.59989E-01    0.29203E-01   -0.50967E-01    0.14056E+00    0.58629E-01    0.39223E-01    0.17322E-01    0.16645E+00   -0.17935E-01    0.17507E+00   -0.85248E-02    0.88617E-02    0.98910E-02    0.10215E+01    0.10541E-01    0.19634E-02    0.45079E-01    0.16875E+00   -0.26337E+00    0.13688E+00
    0.33569E-05   -0.83110E-04    0.27681E-04    0.29233E-03    0.24415E-02   -0.35391E-04    0.22449E-03   -0.23848E+01   -0.20646E+00    0.22386E+00    0.23112E+00   -0.35085E-01   -0.19386E-01   -0.11769E-02    0.44889E-02   -0.76943E-02   -0.70391E-05   -0.40332E-04   -0.34560E-02    0.94817E-04   -0.15689E+00    0.16604E+00    0.10305E+00   -0.12342E+00    0.64357E-01   -0.85974E-01    0.17141E+00   -0.15408E+00   -0.92835E-01    0.30114E-01   -0.14945E-01    0.72848E-02   -0.11603E-01    0.10541E-01    0.10200E+01   -0.62034E-01   -0.63386E-01    0.48825E-01    0.19332E+00   -0.10453E+00
   -0.25625E-05    0.27522E-04    0.13616E-04    0.25476E-03   -0.44329E-03    0.43030E-04    0.84265E-03    0.25105E+00   -0.69955E+00   -0.10459E+00    0.35150E+00   -0.16034E-01   -0.11196E+00   -0.43959E-02    0.25788E-02   -0.79170E-02   -0.33931E-05    0.19685E-04   -0.49392E-02    0.72354E-01    0.14863E+00   -0.23011E+00   -0.29175E-01    0.10718E+00    0.84318E-01    0.63691E+00   -0.75798E-01   -0.18011E+00   -0.48120E-01    0.14320E+00    0.62092E+00    0.12176E+00   -0.12659E+00    0.19634E-02   -0.62034E-01    0.97382E+00   -0.15398E-01    0.31841E-01    0.58209E-02    0.31755E-01
    0.61107E-05   -0.11301E-03    0.18462E-04    0.49830E-03    0.26077E-02    0.40287E-03    0.83887E-03   -0.31772E+00   -0.13068E+00    0.37512E+00    0.22442E+00   -0.14143E+00   -0.88989E-01   -0.62341E-03   -0.34434E-02   -0.36077E-02    0.61274E-05    0.25185E-04    0.68628E-02   -0.76124E-01    0.36046E-01    0.45314E-01    0.53992E-01    0.26150E-01   -0.37280E-01    0.26109E+00    0.29487E+00    0.64198E+00    0.66029E-01   -0.57485E+00    0.16774E+00    0.15186E+00    0.39174E-01    0.45079E-01   -0.63386E-01   -0.15398E-01    0.10223E+01    0.27241E-01    0.18477E-01   -0.22399E-01
   -0.81326E-05    0.99952E-04   -0.13234E-04   -0.12455E-03   -0.66039E-03   -0.15981E-03    0.92990E-04   -0.35989E+01    0.15379E+00    0.51040E-01   -0.17861E-02   -0.61190E-01   -0.34253E-01   -0.45831E-02    0.46446E-02   -0.48039E-03    0.79873E-05    0.37399E-05    0.42150E-02   -0.80911E-01   -0.21097E-01    0.10220E+00    0.36143E-01    0.41791E-02    0.97917E-01   -0.33187E-01    0.76809E+00    0.17249E+00   -0.25859E-01    0.39134E+00    0.14887E+00   -0.96787E-02    0.14349E+00    0.16875E+00    0.48825E-01    0.31841E-01    0.27241E-01    0.99513E+00   -0.28158E-01    0.41980E-01
   -0.46116E-06    0.14336E-04    0.69908E-07   -0.18794E-03   -0.58489E-03    0.10380E-04   -0.27329E-03   -0.18348E+00    0.30770E+00    0.37122E+00   -0.57596E-01   -0.11935E+00   -0.50376E-01   -0.37431E-02   -0.35746E-02    0.35195E-02    0.18562E-05   -0.70146E-04   -0.20070E-02   -0.77199E-02    0.27409E-01    0.42613E-01   -0.17917E+00   -0.76185E-01    0.27058E-02   -0.39129E-01    0.30274E+00   -0.63625E+00    0.30515E+00   -0.36066E+00    0.42176E-01    0.15796E+00    0.10519E-01   -0.26337E+00    0.19332E+00    0.58209E-02    0.18477E-01   -0.28158E-01    0.10107E+01   -0.24697E-01
    0.62929E-06    0.33805E-04    0.90084E-05   -0.16642E-03    0.32303E-03   -0.55721E-04   -0.17188E-03    0.32219E+01    0.12015E+00    0.37674E-01    0.60184E-01    0.16405E+00   -0.19146E-01    0.45315E-03   -0.16547E-02    0.10322E-01    0.12121E-04    0.26155E-04    0.43319E-02   -0.35229E-01    0.10339E+00   -0.20228E+00    0.73507E-01    0.66442E-01    0.41489E-01    0.94481E-01   -0.17679E+00    0.17367E+00    0.63630E+00    0.24364E+00   -0.39695E-01    0.16714E+00   -0.36017E-01    0.13688E+00   -0.10453E+00    0.31755E-01   -0.22399E-01    0.41980E-01   -0.24697E-01    0.95871E+00
