# omegabh2 omegach2 theta tau Alensf logA ns acib217 acibsz143 asz143 aps100 aps143 aps143217 aps217 aksz kgal100 t1gal143 t1gal143217 t1gal217 calib_100T calib_217T
    0.8977134E-07   -0.4820604E-06    0.9271357E-07    0.5215075E-06    0.8583285E-05    0.2520587E-06    0.1439064E-05   -0.5352140E-03   -0.2143165E-03    0.1227715E-04   -0.1135779E-02   -0.4805582E-03    0.1189588E-03    0.2989065E-03   -0.1493595E-03    0.3717044E-03   -0.3318529E-03   -0.4735801E-03   -0.5777027E-03   -0.6530533E-07    0.4128625E-07
   -0.4820604E-06    0.6620403E-05   -0.7786228E-06   -0.6615492E-05   -0.3278907E-04   -0.1032622E-06   -0.1615858E-04    0.2448224E-02    0.9144007E-03   -0.1534053E-03    0.2443772E-02    0.1706495E-02   -0.1096215E-02   -0.1969895E-02    0.6275999E-03    0.6248731E-02    0.7471364E-02    0.7986569E-02    0.8480024E-02   -0.4531903E-07   -0.2137831E-06
    0.9271357E-07   -0.7786228E-06    0.3057416E-06    0.1051768E-05    0.8293622E-05    0.7756461E-06    0.2347776E-05   -0.5178687E-03   -0.1928174E-03    0.2669733E-04   -0.6306729E-03   -0.2815603E-03    0.2397676E-03    0.4196914E-03   -0.1330482E-03   -0.2661767E-03   -0.7103068E-03   -0.7633678E-03   -0.8220455E-03   -0.3708226E-07    0.3803727E-07
    0.5215075E-06   -0.6615492E-05    0.1051768E-05    0.1899675E-03    0.3002030E-04    0.3635783E-03    0.2354215E-04   -0.6820000E-02   -0.2664156E-02    0.7196131E-04   -0.9166585E-02    0.6402188E-03    0.6890877E-02    0.8551592E-02   -0.2460734E-02   -0.4144184E-02   -0.4184286E-02   -0.4211524E-02   -0.3521150E-02    0.4956635E-06    0.2625411E-06
    0.8583285E-05   -0.3278907E-04    0.8293622E-05    0.3002030E-04    0.4748074E-02    0.7506956E-04    0.1337224E-03   -0.9327741E-01   -0.3348459E-01   -0.1004164E-01   -0.6057810E-01    0.1500114E-01    0.7734266E-01    0.1195893E+00   -0.2800538E-01   -0.1111813E+00   -0.2424718E+00   -0.2791332E+00   -0.3023007E+00   -0.8777524E-05    0.9116410E-05
    0.2520587E-06   -0.1032622E-06    0.7756461E-06    0.3635783E-03    0.7506956E-04    0.7361953E-03    0.1366764E-04   -0.1066126E-01   -0.5209119E-02   -0.1571571E-02    0.9552628E-02    0.2011096E-01    0.2659455E-01    0.2653862E-01   -0.4827479E-02   -0.1795987E-01   -0.4120968E-01   -0.4094335E-01   -0.3909510E-01   -0.1703306E-05    0.9346589E-07
    0.1439064E-05   -0.1615858E-04    0.2347776E-05    0.2354215E-04    0.1337224E-03    0.1366764E-04    0.5514198E-04   -0.1619726E-01   -0.6472511E-02   -0.1110058E-02   -0.1857201E-01    0.7580138E-03    0.1396701E-01    0.1835677E-01   -0.4698592E-02   -0.1408611E-01   -0.2077861E-01   -0.2419899E-01   -0.2546426E-01    0.3415962E-06    0.1054528E-05
   -0.5352140E-03    0.2448224E-02   -0.5178687E-03   -0.6820000E-02   -0.9327741E-01   -0.1066126E-01   -0.1619726E-01    0.6251898E+02    0.2072857E+02    0.4899319E+00    0.2261275E+02   -0.1383621E+02   -0.5443617E+02   -0.7768895E+02   -0.1946682E+01   -0.5305466E+01   -0.8602669E+01   -0.1046398E+02   -0.1381648E+02    0.4320670E-03   -0.3537931E-02
   -0.2143165E-03    0.9144007E-03   -0.1928174E-03   -0.2664156E-02   -0.3348459E-01   -0.5209119E-02   -0.6472511E-02    0.2072857E+02    0.1463072E+02    0.1953391E+01   -0.9941751E+01   -0.1845612E+02   -0.3554480E+02   -0.2234412E+02   -0.7604447E+00   -0.3031573E+01   -0.4157160E+01   -0.8916433E+01   -0.9673931E+01    0.1896580E-03   -0.2792079E-03
    0.1227715E-04   -0.1534053E-03    0.2669733E-04    0.7196131E-04   -0.1004164E-01   -0.1571571E-02   -0.1110058E-02    0.4899319E+00    0.1953391E+01    0.5908014E+01   -0.3917794E+02   -0.1705551E+02   -0.4598028E+01   -0.8615590E+00   -0.2201232E+00   -0.1112108E+01    0.1147022E+01    0.5427933E+01    0.6107966E+01   -0.1780466E-03    0.1473729E-03
   -0.1135779E-02    0.2443772E-02   -0.6306729E-03   -0.9166585E-02   -0.6057810E-01    0.9552628E-02   -0.1857201E-01    0.2261275E+02   -0.9941751E+01   -0.3917794E+02    0.7742060E+03    0.1825414E+03    0.6939572E+02    0.1375693E+02   -0.1018252E+02   -0.7377126E+02   -0.5265782E+02   -0.6283354E+02   -0.6173618E+02   -0.3218474E-02   -0.3751464E-02
   -0.4805582E-03    0.1706495E-02   -0.2815603E-03    0.6402188E-03    0.1500114E-01    0.2011096E-01    0.7580138E-03   -0.1383621E+02   -0.1845612E+02   -0.1705551E+02    0.1825414E+03    0.1225830E+03    0.8817805E+02    0.5121592E+02   -0.1046143E+02   -0.2441234E+02   -0.4399404E+02   -0.4091555E+02   -0.3868318E+02   -0.8301906E-03   -0.9298663E-03
    0.1189588E-03   -0.1096215E-02    0.2397676E-03    0.6890877E-02    0.7734266E-01    0.2659455E-01    0.1396701E-01   -0.5443617E+02   -0.3554480E+02   -0.4598028E+01    0.6939572E+02    0.8817805E+02    0.1315284E+03    0.1009716E+03   -0.9067934E+01   -0.1943640E+02   -0.3433445E+02   -0.2838026E+02   -0.2994037E+02   -0.1848183E-02    0.2038810E-02
    0.2989065E-03   -0.1969895E-02    0.4196914E-03    0.8551592E-02    0.1195893E+00    0.2653862E-01    0.1835677E-01   -0.7768895E+02   -0.2234412E+02   -0.8615590E+00    0.1375693E+02    0.5121592E+02    0.1009716E+03    0.1429541E+03   -0.8436312E+01   -0.1919990E+02   -0.3336293E+02   -0.4251515E+02   -0.4674591E+02   -0.1911820E-02    0.6292957E-02
   -0.1493595E-03    0.6275999E-03   -0.1330482E-03   -0.2460734E-02   -0.2800538E-01   -0.4827479E-02   -0.4698592E-02   -0.1946682E+01   -0.7604447E+00   -0.2201232E+00   -0.1018252E+02   -0.1046143E+02   -0.9067934E+01   -0.8436312E+01    0.8004664E+01   -0.1702720E+01   -0.2398490E+01   -0.3019772E+01   -0.3179567E+01   -0.2859542E-04    0.1390554E-03
    0.3717044E-03    0.6248731E-02   -0.2661767E-03   -0.4144184E-02   -0.1111813E+00   -0.1795987E-01   -0.1408611E-01   -0.5305466E+01   -0.3031573E+01   -0.1112108E+01   -0.7377126E+02   -0.2441234E+02   -0.1943640E+02   -0.1919990E+02   -0.1702720E+01    0.2119497E+03    0.1309246E+03    0.1271175E+03    0.1252205E+03   -0.1267015E-01    0.4343517E-03
   -0.3318529E-03    0.7471364E-02   -0.7103068E-03   -0.4184286E-02   -0.2424718E+00   -0.4120968E-01   -0.2077861E-01   -0.8602669E+01   -0.4157160E+01    0.1147022E+01   -0.5265782E+02   -0.4399404E+02   -0.3433445E+02   -0.3336293E+02   -0.2398490E+01    0.1309246E+03    0.2445830E+03    0.2473232E+03    0.2477575E+03    0.8599832E-02    0.2633688E-03
   -0.4735801E-03    0.7986569E-02   -0.7633678E-03   -0.4211524E-02   -0.2791332E+00   -0.4094335E-01   -0.2419899E-01   -0.1046398E+02   -0.8916433E+01    0.5427933E+01   -0.6283354E+02   -0.4091555E+02   -0.2838026E+02   -0.4251515E+02   -0.3019772E+01    0.1271175E+03    0.2473232E+03    0.2892796E+03    0.3160478E+03    0.8538531E-02   -0.5221626E-02
   -0.5777027E-03    0.8480024E-02   -0.8220455E-03   -0.3521150E-02   -0.3023007E+00   -0.3909510E-01   -0.2546426E-01   -0.1381648E+02   -0.9673931E+01    0.6107966E+01   -0.6173618E+02   -0.3868318E+02   -0.2994037E+02   -0.4674591E+02   -0.3179567E+01    0.1252205E+03    0.2477575E+03    0.3160478E+03    0.3692300E+03    0.8583315E-02   -0.1016800E-01
   -0.6530533E-07   -0.4531903E-07   -0.3708226E-07    0.4956635E-06   -0.8777524E-05   -0.1703306E-05    0.3415962E-06    0.4320670E-03    0.1896580E-03   -0.1780466E-03   -0.3218474E-02   -0.8301906E-03   -0.1848183E-02   -0.1911820E-02   -0.2859542E-04   -0.1267015E-01    0.8599832E-02    0.8538531E-02    0.8583315E-02    0.2965996E-05   -0.2788331E-07
    0.4128625E-07   -0.2137831E-06    0.3803727E-07    0.2625411E-06    0.9116410E-05    0.9346589E-07    0.1054528E-05   -0.3537931E-02   -0.2792079E-03    0.1473729E-03   -0.3751464E-02   -0.9298663E-03    0.2038810E-02    0.6292957E-02    0.1390554E-03    0.4343517E-03    0.2633688E-03   -0.5221626E-02   -0.1016800E-01   -0.2788331E-07    0.1453324E-05
