# omegabh2 omegach2 theta tau logA ns calPlanck galfEE100 galfEE100143 galfEE100217 galfEE143 galfEE143217 galfEE217
    0.1093926E-05   -0.3445499E-05    0.3558269E-06    0.5918191E-05    0.1658589E-04    0.9279241E-05   -0.5810644E-07    0.2858705E-06    0.5897330E-07    0.8673542E-07    0.1054051E-06    0.1233357E-06   -0.3037385E-06
   -0.3445499E-05    0.1638093E-04   -0.1438052E-05   -0.7007923E-04   -0.1343135E-03   -0.4574196E-04    0.3488614E-06   -0.5765481E-05   -0.2054320E-05   -0.2591329E-06   -0.2438013E-05   -0.9431364E-06    0.2101028E-05
    0.3558269E-06   -0.1438052E-05    0.7514222E-06    0.1184512E-04    0.2351600E-04    0.4694419E-05   -0.3475026E-07    0.4301489E-06    0.1322421E-06   -0.2863735E-07    0.1416294E-06   -0.2966579E-06   -0.2397105E-06
    0.5918191E-05   -0.7007923E-04    0.1184512E-04    0.8149039E-03    0.1415969E-02    0.1951813E-03   -0.7851744E-05    0.4537628E-04    0.1738299E-04   -0.7600631E-06    0.1913354E-04    0.7555530E-05   -0.1400972E-04
    0.1658589E-04   -0.1343135E-03    0.2351600E-04    0.1415969E-02    0.2548954E-02    0.3814665E-03   -0.2754995E-05    0.7553300E-04    0.2837902E-04   -0.1428391E-05    0.3165418E-04    0.8663468E-05   -0.3000315E-04
    0.9279241E-05   -0.4574196E-04    0.4694419E-05    0.1951813E-03    0.3814665E-03    0.2208660E-03   -0.1492378E-05    0.4024908E-04    0.1404998E-04    0.1246148E-06    0.1619966E-04   -0.2998810E-05   -0.2238965E-04
   -0.5810644E-07    0.3488614E-06   -0.3475026E-07   -0.7851744E-05   -0.2754995E-05   -0.1492378E-05    0.6443029E-05    0.1140438E-05    0.8040770E-07   -0.2495420E-06    0.4412284E-06   -0.5237642E-06    0.8717312E-06
    0.2858705E-06   -0.5765481E-05    0.4301489E-06    0.4537628E-04    0.7553300E-04    0.4024908E-04    0.1140438E-05    0.1371973E-03    0.1445801E-04    0.2114724E-05    0.5647091E-05    0.7528625E-06   -0.1050126E-05
    0.5897330E-07   -0.2054320E-05    0.1322421E-06    0.1738299E-04    0.2837902E-04    0.1404998E-04    0.8040770E-07    0.1445801E-04    0.1537120E-04    0.7283471E-06    0.7680547E-05    0.2182061E-06   -0.7644677E-06
    0.8673542E-07   -0.2591329E-06   -0.2863735E-07   -0.7600631E-06   -0.1428391E-05    0.1246148E-06   -0.2495420E-06    0.2114724E-05    0.7283471E-06    0.2211743E-03   -0.1518400E-06   -0.1304431E-05   -0.4805429E-05
    0.1054051E-06   -0.2438013E-05    0.1416294E-06    0.1913354E-04    0.3165418E-04    0.1619966E-04    0.4412284E-06    0.5647091E-05    0.7680547E-05   -0.1518400E-06    0.3274791E-04    0.2757519E-06   -0.1188449E-05
    0.1233357E-06   -0.9431364E-06   -0.2966579E-06    0.7555530E-05    0.8663468E-05   -0.2998810E-05   -0.5237642E-06    0.7528625E-06    0.2182061E-06   -0.1304431E-05    0.2757519E-06    0.3921798E-03    0.2319765E-04
   -0.3037385E-06    0.2101028E-05   -0.2397105E-06   -0.1400972E-04   -0.3000315E-04   -0.2238965E-04    0.8717312E-06   -0.1050126E-05   -0.7644677E-06   -0.4805429E-05   -0.1188449E-05    0.2319765E-04    0.3514781E-02
