# omegabh2 omegach2 theta tau w ns logA asz
    0.26402E-06   -0.73207E-06    0.72937E-06    0.22927E-05    0.37161E-04    0.56676E-05    0.46483E-05    0.35940E-04
   -0.73207E-06    0.17853E-04   -0.11426E-05   -0.16411E-04   -0.49553E-03   -0.27791E-04    0.23087E-04   -0.13324E-03
    0.72937E-06   -0.11426E-05    0.52357E-05    0.47782E-05    0.13507E-03    0.16306E-04    0.15660E-04    0.28550E-04
    0.22927E-05   -0.16411E-04    0.47782E-05    0.17775E-03    0.55034E-03    0.70791E-04    0.32652E-03   -0.25513E-04
    0.37161E-04   -0.49553E-03    0.13507E-03    0.55034E-03    0.21026E-01    0.11258E-02   -0.23560E-03    0.47490E-02
    0.56676E-05   -0.27791E-04    0.16306E-04    0.70791E-04    0.11258E-02    0.17051E-03    0.12270E-03   -0.12854E-03
    0.46483E-05    0.23087E-04    0.15660E-04    0.32652E-03   -0.23560E-03    0.12270E-03    0.82531E-03   -0.11328E-02
    0.35940E-04   -0.13324E-03    0.28550E-04   -0.25513E-04    0.47490E-02   -0.12854E-03   -0.11328E-02    0.33350E+00
