# omegabh2 omegach2 theta tau mnu nnu ns logA aps100 aps143 aps217 acib143 acib217 asz143 psr cibr ncib cal0 cal2 xi aksz bm_1_1 bm_1_2 bm_1_3 bm_1_4 bm_1_5 bm_2_1 bm_2_2 bm_2_3 bm_2_4 bm_2_5 bm_3_1 bm_3_2 bm_3_3 bm_3_4 bm_3_5 bm_4_1 bm_4_2 bm_4_3 bm_4_4 bm_4_5 a_ps_act_148 a_ps_act_217 a_ps_spt_95 a_ps_spt_150 a_ps_spt_220 r_ps_spt_95x150 r_ps_spt_95x220 r_ps_150x220 act_dust_s act_dust_e cal_acts_148 cal_acts_217 cal_acte_148 cal_acte_217 cal_spt_95 cal_spt_150 cal_spt_220
    0.18782E-06    0.65144E-06    0.15143E-07    0.29029E-05   -0.34498E-04    0.10736E-03    0.60943E-05    0.77912E-05    0.12602E-03    0.13237E-04    0.24963E-03   -0.80452E-05   -0.10531E-03   -0.25946E-05   -0.67111E-06    0.10714E-06   -0.14143E-05   -0.32142E-09    0.29065E-08    0.10563E-05    0.13496E-04   -0.15094E-05    0.14220E-04   -0.25814E-05   -0.13546E-05    0.45865E-06   -0.21475E-05    0.13484E-04    0.27979E-05   -0.30057E-05   -0.78213E-05    0.42950E-05    0.43512E-06    0.71716E-05   -0.16158E-05    0.43887E-05   -0.15855E-05    0.78277E-05    0.10096E-04    0.33465E-05   -0.14100E-04    0.50077E-05    0.50118E-04   -0.46299E-06    0.21354E-05    0.42791E-04   -0.40802E-06    0.18262E-06    0.86004E-07   -0.16244E-05   -0.76406E-06   -0.89268E-08   -0.98197E-07    0.20875E-07   -0.12251E-06    0.14528E-06    0.95929E-07   -0.24821E-06
    0.65144E-06    0.22059E-04   -0.20399E-05    0.55862E-05   -0.97466E-04    0.12450E-02    0.34978E-04    0.65092E-04    0.19346E-01    0.15059E-01    0.15210E-01   -0.54284E-04   -0.16309E-02   -0.39015E-03    0.20255E-04    0.31155E-05   -0.27188E-04   -0.12458E-06    0.59039E-07    0.10423E-03    0.93298E-03    0.54180E-03    0.18134E-03   -0.10820E-03    0.11727E-04   -0.52781E-04    0.84713E-04   -0.31119E-04   -0.10525E-03   -0.13016E-04    0.67275E-04    0.62167E-04    0.29872E-04   -0.61418E-04    0.37105E-04    0.41716E-04    0.14182E-03   -0.73951E-04    0.16216E-04    0.31420E-04   -0.93860E-04   -0.18189E-03   -0.13225E-02   -0.42813E-03   -0.39751E-03   -0.13829E-02    0.73815E-05    0.18466E-04    0.29422E-05   -0.11831E-04    0.48255E-05   -0.81501E-05   -0.10186E-04   -0.89065E-05   -0.92749E-05   -0.15938E-04   -0.14987E-04   -0.13750E-04
    0.15143E-07   -0.20399E-05    0.52270E-06    0.27033E-06   -0.17042E-04   -0.95489E-04   -0.14577E-05   -0.39898E-05   -0.22711E-02   -0.14887E-02   -0.13329E-02    0.10712E-04    0.13277E-03    0.52318E-04   -0.22691E-05   -0.35607E-06    0.26377E-05    0.98510E-08   -0.78612E-08   -0.97609E-05   -0.10260E-03   -0.57094E-04    0.63958E-05    0.82834E-05   -0.16220E-05    0.14191E-04   -0.16501E-04    0.15292E-04   -0.38866E-06    0.91757E-05   -0.13322E-04   -0.13649E-04   -0.11934E-04    0.19969E-04    0.12895E-04    0.46255E-05   -0.25481E-04    0.55618E-05    0.36359E-05    0.13191E-04    0.64076E-05    0.23561E-04    0.95880E-04    0.25614E-04    0.43492E-04    0.12187E-03    0.99184E-06    0.26356E-06   -0.20549E-06    0.52126E-06   -0.17922E-05    0.76673E-06    0.76781E-06    0.80237E-06    0.75717E-06    0.16491E-05    0.16341E-05    0.13448E-05
    0.29029E-05    0.55862E-05    0.27033E-06    0.23629E-03   -0.25865E-03    0.18501E-02    0.12585E-03    0.48649E-03   -0.36055E-01   -0.70658E-02    0.31408E-02   -0.32553E-03   -0.26402E-02    0.74399E-04   -0.54903E-04    0.98795E-05   -0.31009E-04   -0.20832E-07    0.11855E-06   -0.66730E-04   -0.64831E-03   -0.28095E-03    0.47058E-03    0.85215E-04    0.14482E-04    0.28999E-03   -0.19113E-04    0.57792E-03   -0.97253E-04   -0.13526E-04   -0.28003E-03    0.51140E-03    0.10003E-03   -0.10564E-03   -0.38231E-03    0.12529E-03    0.28131E-03    0.21506E-03    0.48024E-03    0.24920E-03   -0.49821E-03    0.13686E-03    0.26721E-02    0.20337E-03    0.14943E-03    0.16938E-02   -0.26004E-04   -0.44315E-04   -0.45489E-05   -0.44642E-04   -0.33540E-04    0.18090E-05    0.69966E-06    0.35660E-05   -0.39194E-06    0.77467E-05    0.44770E-05   -0.38837E-05
   -0.34498E-04   -0.97466E-04   -0.17042E-04   -0.25865E-03    0.40703E-01   -0.18142E-01   -0.11743E-02   -0.96437E-03    0.16069E+00    0.85137E-01    0.17129E-01    0.12420E-02   -0.17889E-01   -0.14738E-01    0.81145E-04   -0.11195E-03   -0.40501E-03   -0.85614E-06   -0.24067E-05    0.42609E-02    0.49104E-01   -0.68559E-03   -0.56465E-02    0.67957E-03    0.48618E-02    0.42049E-03   -0.25334E-02   -0.79078E-02    0.91179E-04    0.77670E-04    0.68931E-02    0.21353E-02    0.34003E-02    0.20535E-02   -0.18433E-02   -0.90307E-02    0.14965E-02   -0.57837E-02   -0.24078E-02   -0.31643E-02    0.31172E-02   -0.32462E-02    0.30806E-02   -0.81061E-02   -0.38604E-02   -0.32846E-02    0.24529E-03    0.58210E-03    0.16484E-03    0.23016E-03    0.89826E-03   -0.44827E-04    0.18119E-04   -0.30971E-04    0.18130E-04   -0.14276E-03   -0.94385E-04    0.18390E-04
    0.10736E-03    0.12450E-02   -0.95489E-04    0.18501E-02   -0.18142E-01    0.11423E+00    0.49945E-02    0.68723E-02    0.12907E+01    0.99326E+00    0.10385E+01   -0.50302E-02   -0.15968E+00   -0.33859E-01    0.66172E-03    0.40484E-03   -0.26771E-02   -0.50070E-05    0.77239E-05    0.92522E-02    0.87925E-01    0.27834E-01    0.20815E-01   -0.31254E-02   -0.12470E-02   -0.32762E-02    0.24796E-02    0.47449E-02   -0.25549E-02   -0.23073E-02    0.17999E-02    0.60937E-02    0.72547E-02   -0.20561E-02   -0.28702E-03    0.94049E-03    0.66830E-02   -0.26631E-03    0.69980E-02    0.86715E-03   -0.10799E-01   -0.76180E-02   -0.52888E-01   -0.27921E-01   -0.23958E-01   -0.58190E-01    0.40241E-03    0.13614E-02    0.19617E-03   -0.94152E-03   -0.22770E-03   -0.49576E-03   -0.63796E-03   -0.50684E-03   -0.60356E-03   -0.90210E-03   -0.90529E-03   -0.93321E-03
    0.60943E-05    0.34978E-04   -0.14577E-05    0.12585E-03   -0.11743E-02    0.49945E-02    0.28140E-03    0.34300E-03    0.54036E-02    0.17437E-01    0.26731E-01   -0.30698E-03   -0.61406E-02   -0.67281E-03   -0.17695E-04    0.13283E-04   -0.90036E-04   -0.13864E-06    0.64823E-06    0.21598E-03    0.23570E-02    0.41555E-03    0.78762E-03   -0.68018E-04   -0.20035E-03   -0.19539E-04    0.33494E-03    0.47030E-03    0.89358E-04   -0.93458E-04   -0.21389E-03    0.30976E-03    0.27576E-03   -0.87484E-04   -0.18248E-03   -0.13403E-03    0.39388E-03    0.31869E-03    0.46310E-03   -0.60776E-04   -0.51998E-03   -0.21552E-04    0.66256E-06   -0.73256E-03   -0.53659E-03   -0.71652E-03   -0.51909E-05    0.32930E-04    0.72316E-05   -0.39016E-04   -0.33503E-04   -0.91893E-05   -0.16919E-04   -0.84285E-05   -0.16104E-04   -0.12584E-04   -0.19163E-04   -0.28527E-04
    0.77912E-05    0.65092E-04   -0.39898E-05    0.48649E-03   -0.96437E-03    0.68723E-02    0.34300E-03    0.11403E-02   -0.32592E-01    0.20318E-01    0.42027E-01   -0.86326E-03   -0.86992E-02   -0.77241E-03   -0.60944E-04    0.22102E-04   -0.11272E-03   -0.26385E-06    0.62049E-06    0.72248E-04    0.57151E-03    0.11906E-02    0.14404E-02   -0.13631E-03    0.10146E-03    0.38186E-03    0.48932E-03    0.12534E-02   -0.45376E-03   -0.69486E-04   -0.40692E-03    0.11646E-02    0.30665E-03   -0.39710E-03   -0.65214E-03    0.30899E-03    0.11168E-02    0.39280E-03    0.11445E-02    0.63467E-03   -0.12303E-02   -0.16917E-03    0.18608E-02   -0.45815E-03   -0.68771E-03   -0.62718E-04   -0.45206E-04   -0.62515E-04   -0.27356E-05   -0.11592E-03   -0.53139E-04   -0.15448E-04   -0.23283E-04   -0.13979E-04   -0.23283E-04   -0.24075E-04   -0.26682E-04   -0.41419E-04
    0.12602E-03    0.19346E-01   -0.22711E-02   -0.36055E-01    0.16069E+00    0.12907E+01    0.54036E-02   -0.32592E-01    0.16423E+04    0.10940E+03    0.41121E+02    0.12068E+01   -0.49428E+01   -0.10861E+02   -0.73471E-01   -0.94178E-01   -0.16484E+00    0.14886E-02   -0.22810E-02    0.13060E+01    0.86637E+01    0.16831E+02   -0.61249E+01   -0.24050E+00   -0.52546E+00   -0.40830E+00   -0.14934E+01   -0.37478E+01   -0.16192E+01   -0.42488E+00   -0.12572E+01    0.58186E+00    0.71869E+00   -0.11661E+00   -0.15639E+01   -0.24618E+01    0.92447E-03   -0.20791E+01   -0.22884E+01    0.82763E+00    0.17672E+01    0.62901E-01   -0.23448E+00    0.46076E+01   -0.10898E+01    0.10681E+01    0.60399E-03   -0.28056E+00   -0.74106E-01   -0.22370E-01   -0.20475E-01   -0.38383E-01   -0.41143E-03   -0.42402E-01   -0.96865E-02   -0.90547E-01   -0.54109E-01   -0.21628E-01
    0.13237E-04    0.15059E-01   -0.14887E-02   -0.70658E-02    0.85137E-01    0.99326E+00    0.17437E-01    0.20318E-01    0.10940E+03    0.76968E+02    0.29203E+02    0.16007E+00   -0.16743E+01   -0.25569E+01    0.29941E-01    0.20744E-01   -0.55824E-01   -0.41411E-04   -0.74075E-03    0.33210E+00    0.16975E+01    0.37158E+00    0.18209E+00    0.40293E-01    0.74326E-01   -0.19719E+00    0.16339E+00   -0.21169E+00   -0.28355E+00   -0.10617E+00   -0.33588E-01   -0.25582E+00    0.25939E+00   -0.46332E-02   -0.76961E-03    0.16495E+00    0.24119E-01   -0.13420E+00   -0.33038E+00    0.17686E+00   -0.45449E-01    0.24845E+00   -0.23494E+01    0.56959E+00   -0.51483E+00   -0.14446E+01    0.16035E-01   -0.47718E-01   -0.31242E-01   -0.16238E-01    0.99437E-02   -0.19011E-01   -0.13498E-01   -0.19623E-01   -0.12852E-01   -0.40318E-01   -0.30474E-01   -0.16554E-01
    0.24963E-03    0.15210E-01   -0.13329E-02    0.31408E-02    0.17129E-01    0.10385E+01    0.26731E-01    0.42027E-01    0.41121E+02    0.29203E+02    0.10699E+03   -0.12588E+01   -0.36037E+02   -0.37812E+00   -0.33528E+00   -0.43671E-01   -0.48392E+00   -0.91625E-04    0.13004E-03    0.17577E+00    0.24130E+01    0.33742E+00    0.79536E+00   -0.27585E+00    0.22244E+00    0.10323E+00    0.12834E+00    0.18461E+00    0.54063E-01    0.13316E+00    0.38026E+00    0.13336E+00    0.32420E+00   -0.18791E+00    0.61179E+00    0.11003E+00    0.16262E+00    0.84116E-01    0.29422E+00    0.12388E+00   -0.56724E-01    0.98257E-01    0.16534E+02   -0.86821E+00    0.35095E+00    0.79618E+01   -0.51067E-01   -0.92072E-01    0.52067E-02    0.34538E-02    0.27217E-01   -0.11659E-01   -0.35904E-01   -0.12019E-01   -0.37126E-01   -0.19546E-01   -0.21797E-01   -0.65469E-01
   -0.80452E-05   -0.54284E-04    0.10712E-04   -0.32553E-03    0.12420E-02   -0.50302E-02   -0.30698E-03   -0.86326E-03    0.12068E+01    0.16007E+00   -0.12588E+01    0.63582E+00    0.11632E+01    0.52314E+00    0.38320E-02   -0.19378E-02   -0.28658E-02   -0.12942E-05    0.94003E-04    0.10268E-01   -0.82976E+00    0.16309E-01   -0.33452E-01   -0.13192E-01    0.82277E-02   -0.56979E-02   -0.86753E-02    0.36990E-02   -0.17752E-01    0.12298E-01   -0.12148E-02    0.32107E-01   -0.11400E-01    0.22848E-02   -0.33320E-01   -0.12567E-02    0.18339E-01   -0.11192E-01    0.88873E-02    0.23495E-01    0.18154E-01    0.70204E-01   -0.12583E+00   -0.19692E+00   -0.20438E-02   -0.45063E-01    0.48273E-01    0.48083E-01   -0.39859E-02   -0.28591E-03   -0.14251E-02    0.20895E-03    0.49156E-03    0.11421E-03    0.56049E-03   -0.74969E-03    0.69480E-03    0.15990E-02
   -0.10531E-03   -0.16309E-02    0.13277E-03   -0.26402E-02   -0.17889E-01   -0.15968E+00   -0.61406E-02   -0.86992E-02   -0.49428E+01   -0.16743E+01   -0.36037E+02    0.11632E+01    0.21193E+02    0.19198E+01    0.20055E+00    0.29167E-01    0.28462E+00    0.24336E-04    0.60950E-04   -0.40326E+00   -0.44045E+01    0.93697E-01   -0.32599E+00    0.29656E-01   -0.50795E-01   -0.66163E-01    0.13373E-01    0.16470E-01   -0.18547E+00    0.10849E+00   -0.21306E+00   -0.16844E+00   -0.33294E+00   -0.41679E-01   -0.38637E+00   -0.10131E+00   -0.72404E-01   -0.12238E+00   -0.77415E-01    0.10235E+00    0.21711E+00   -0.38257E+00   -0.11151E+02   -0.81108E-02   -0.71530E+00   -0.72057E+01    0.48980E-01    0.56749E-01   -0.11560E-01   -0.21351E-02   -0.50879E-02   -0.17279E-03    0.85144E-02   -0.69489E-03    0.10138E-01    0.67646E-03   -0.28136E-03    0.20662E-01
   -0.25946E-05   -0.39015E-03    0.52318E-04    0.74399E-04   -0.14738E-01   -0.33859E-01   -0.67281E-03   -0.77241E-03   -0.10861E+02   -0.25569E+01   -0.37812E+00    0.52314E+00    0.19198E+01    0.19043E+01    0.18955E-01    0.21535E-01    0.15296E-01   -0.12308E-04   -0.10034E-03   -0.19582E+00   -0.22936E+01    0.45568E-01    0.41419E-02   -0.46670E-01    0.35330E-01   -0.79382E-02    0.47850E-01    0.25129E-01   -0.28261E-01   -0.23709E-01   -0.69020E-02   -0.50939E-01    0.71497E-04   -0.39090E-01   -0.35113E-02   -0.68230E-02    0.70895E-02   -0.54740E-02    0.11092E-02   -0.43703E-02    0.13534E-01   -0.82957E-01   -0.65237E+00   -0.68920E+00   -0.80054E-01   -0.10260E+01    0.39833E-01    0.66532E-01   -0.13028E-02    0.60315E-03   -0.41000E-02    0.93272E-03   -0.23602E-02    0.53833E-03   -0.19074E-02    0.39906E-02    0.11118E-02   -0.12807E-02
   -0.67111E-06    0.20255E-04   -0.22691E-05   -0.54903E-04    0.81145E-04    0.66172E-03   -0.17695E-04   -0.60944E-04   -0.73471E-01    0.29941E-01   -0.33528E+00    0.38320E-02    0.20055E+00    0.18955E-01    0.39772E-02   -0.15552E-04    0.28535E-02    0.58619E-07   -0.22170E-05   -0.12345E-02   -0.19763E-01    0.89395E-03    0.55239E-04    0.14062E-02    0.17644E-02   -0.10789E-02    0.59662E-03   -0.44112E-02    0.98906E-03   -0.32425E-02    0.33581E-03   -0.14322E-02    0.17081E-02   -0.10264E-02   -0.76958E-03    0.11262E-02    0.58411E-04   -0.72119E-03   -0.42823E-02   -0.45298E-02   -0.22672E-02   -0.12453E-02   -0.13943E+00   -0.87718E-02   -0.36251E-02   -0.92130E-01    0.49275E-03    0.15984E-02    0.32816E-03   -0.53773E-04    0.14207E-04   -0.29091E-04   -0.15381E-04   -0.39365E-04    0.17846E-04    0.16865E-04   -0.45443E-04    0.14988E-03
    0.10714E-06    0.31155E-05   -0.35607E-06    0.98795E-05   -0.11195E-03    0.40484E-03    0.13283E-04    0.22102E-04   -0.94178E-01    0.20744E-01   -0.43671E-01   -0.19378E-02    0.29167E-01    0.21535E-01   -0.15552E-04    0.28629E-02   -0.24337E-03   -0.33243E-06    0.45018E-05   -0.73741E-03   -0.13103E-01   -0.11736E-03    0.60546E-03    0.79837E-03   -0.10630E-02   -0.13053E-03   -0.25996E-02   -0.17416E-03    0.10890E-03    0.57479E-03   -0.77063E-03    0.64594E-03   -0.87930E-03    0.98236E-03    0.68101E-03   -0.20475E-03   -0.16823E-02   -0.26968E-03    0.50683E-03    0.63849E-03    0.68218E-03    0.53942E-02   -0.14261E-02   -0.12616E-01    0.31838E-02    0.74706E-02    0.16330E-03    0.15746E-02   -0.40074E-03   -0.89008E-04   -0.20780E-03   -0.53063E-06    0.23321E-04   -0.16086E-05    0.33428E-04    0.61349E-04    0.56930E-05    0.90606E-04
   -0.14143E-05   -0.27188E-04    0.26377E-05   -0.31009E-04   -0.40501E-03   -0.26771E-02   -0.90036E-04   -0.11272E-03   -0.16484E+00   -0.55824E-01   -0.48392E+00   -0.28658E-02    0.28462E+00    0.15296E-01    0.28535E-02   -0.24337E-03    0.52130E-02    0.33776E-06   -0.87405E-05   -0.64437E-02   -0.39169E-01    0.34986E-02   -0.69066E-02   -0.56298E-03   -0.18553E-02   -0.44684E-03    0.25917E-02    0.37504E-02   -0.50866E-02    0.56593E-02   -0.56461E-02   -0.69998E-02   -0.10075E-01   -0.89637E-03   -0.82674E-02   -0.37351E-02   -0.25475E-02   -0.19962E-02    0.23587E-02    0.59313E-02    0.81216E-02   -0.97524E-02   -0.18205E+00    0.38339E-02   -0.11308E-01   -0.13090E+00   -0.73166E-03   -0.47226E-03    0.21763E-03    0.37469E-04    0.54164E-04    0.38875E-05    0.73685E-04   -0.39261E-05    0.97660E-04    0.63981E-04   -0.18676E-04    0.20382E-03
   -0.32142E-09   -0.12458E-06    0.98510E-08   -0.20832E-07   -0.85614E-06   -0.50070E-05   -0.13864E-06   -0.26385E-06    0.14886E-02   -0.41411E-04   -0.91625E-04   -0.12942E-05    0.24336E-04   -0.12308E-04    0.58619E-07   -0.33243E-06    0.33776E-06    0.15667E-06    0.12697E-07   -0.59548E-06    0.33905E-05   -0.27792E-04   -0.16932E-04   -0.36924E-05   -0.22305E-05   -0.46416E-05    0.10463E-04   -0.53015E-05    0.62990E-05    0.18227E-04   -0.89592E-05   -0.20265E-06    0.50198E-05    0.44720E-05    0.12422E-05    0.41923E-05    0.39448E-05    0.12448E-04   -0.92202E-05    0.58973E-05    0.15557E-04    0.23255E-05   -0.44392E-05    0.25869E-05   -0.96550E-06    0.32444E-04   -0.27139E-06   -0.82913E-06   -0.79888E-07    0.63704E-06    0.84386E-07    0.18323E-07    0.77007E-07    0.92374E-07    0.56096E-07    0.21776E-07   -0.10603E-07    0.54173E-07
    0.29065E-08    0.59039E-07   -0.78612E-08    0.11855E-06   -0.24067E-05    0.77239E-05    0.64823E-06    0.62049E-06   -0.22810E-02   -0.74075E-03    0.13004E-03    0.94003E-04    0.60950E-04   -0.10034E-03   -0.22170E-05    0.45018E-05   -0.87405E-05    0.12697E-07    0.11395E-05    0.19378E-04    0.42602E-04    0.75482E-04    0.24242E-04    0.75483E-05   -0.14039E-04    0.52480E-05    0.40891E-03    0.36245E-04    0.16569E-04    0.30791E-05    0.66313E-04   -0.35187E-03    0.36712E-04   -0.60667E-04    0.44888E-04   -0.20537E-04    0.68794E-04    0.73295E-04   -0.28008E-04   -0.93412E-04    0.27398E-04    0.56968E-04    0.23733E-03    0.77408E-04    0.26500E-04    0.28549E-03    0.62951E-05    0.30798E-05   -0.32069E-05   -0.48748E-05   -0.38781E-05    0.19877E-06    0.99012E-06    0.26067E-06    0.86026E-06   -0.75667E-06    0.34565E-06    0.14699E-05
    0.10563E-05    0.10423E-03   -0.97609E-05   -0.66730E-04    0.42609E-02    0.92522E-02    0.21598E-03    0.72248E-04    0.13060E+01    0.33210E+00    0.17577E+00    0.10268E-01   -0.40326E+00   -0.19582E+00   -0.12345E-02   -0.73741E-03   -0.64437E-02   -0.59548E-06    0.19378E-04    0.72052E-01    0.39975E+00   -0.10917E-02    0.44660E-02    0.45742E-02   -0.26078E-02    0.38689E-02   -0.12773E-01   -0.31270E-02    0.82791E-02    0.11795E-02    0.52214E-04    0.16234E-01    0.41167E-03    0.10934E-01    0.13030E-02    0.30410E-02   -0.95749E-03    0.42378E-02    0.34588E-02    0.12753E-02   -0.29816E-02    0.68797E-01    0.14107E+00   -0.85721E-02    0.60468E-01    0.20532E+00    0.59344E-02    0.10422E-01    0.12022E-02   -0.34205E-03    0.43273E-04   -0.23000E-04    0.13162E-03   -0.83771E-05    0.12129E-03   -0.46346E-03    0.10280E-03    0.40553E-03
    0.13496E-04    0.93298E-03   -0.10260E-03   -0.64831E-03    0.49104E-01    0.87925E-01    0.23570E-02    0.57151E-03    0.86637E+01    0.16975E+01    0.24130E+01   -0.82976E+00   -0.44045E+01   -0.22936E+01   -0.19763E-01   -0.13103E-01   -0.39169E-01    0.33905E-05    0.42602E-04    0.39975E+00    0.45761E+01   -0.30657E-01    0.55106E-01    0.81519E-01   -0.53572E-01    0.29810E-01   -0.75247E-01   -0.48400E-01    0.62765E-01    0.24351E-01    0.32743E-01    0.61763E-01    0.27358E-01    0.74217E-01    0.35706E-01    0.23932E-01   -0.22491E-01    0.60713E-02    0.10261E-01   -0.25521E-01   -0.13254E-01    0.11172E+00    0.11867E+01    0.15869E+00    0.22466E+00    0.16642E+01   -0.36269E-01   -0.16134E-01    0.16679E-01   -0.62817E-02   -0.24113E-02   -0.23191E-03    0.15727E-02    0.32088E-03    0.14480E-02   -0.15465E-02    0.23198E-03    0.17404E-02
   -0.15094E-05    0.54180E-03   -0.57094E-04   -0.28095E-03   -0.68559E-03    0.27834E-01    0.41555E-03    0.11906E-02    0.16831E+02    0.37158E+00    0.33742E+00    0.16309E-01    0.93697E-01    0.45568E-01    0.89395E-03   -0.11736E-03    0.34986E-02   -0.27792E-04    0.75482E-04   -0.10917E-02   -0.30657E-01    0.67296E+00   -0.14495E+00   -0.30826E-01    0.25352E-01    0.16347E-01    0.21747E+00   -0.35398E-01   -0.52692E-01   -0.31501E-01   -0.34311E-01    0.39446E-01    0.41421E-01   -0.30669E-01   -0.39974E-01   -0.10106E+00    0.19941E+00    0.30529E-01   -0.24940E-02    0.38181E-01    0.61411E-01   -0.14539E-01   -0.15214E+00   -0.76928E-02   -0.19590E-01   -0.18976E+00    0.49538E-03    0.31661E-02    0.31371E-03    0.15922E-02   -0.36364E-03   -0.15184E-03   -0.53400E-03   -0.26075E-03   -0.46658E-03   -0.51011E-03   -0.54526E-03   -0.40930E-03
    0.14220E-04    0.18134E-03    0.63958E-05    0.47058E-03   -0.56465E-02    0.20815E-01    0.78762E-03    0.14404E-02   -0.61249E+01    0.18209E+00    0.79536E+00   -0.33452E-01   -0.32599E+00    0.41419E-02    0.55239E-04    0.60546E-03   -0.69066E-02   -0.16932E-04    0.24242E-04    0.44660E-02    0.55106E-01   -0.14495E+00    0.90030E+00   -0.36585E-02   -0.10232E-02    0.13490E-01   -0.16404E+00    0.18100E+00    0.58423E-01   -0.14921E-01    0.36824E-01   -0.11529E+00    0.27699E-01    0.25271E-01    0.21728E-01    0.15521E+00   -0.22962E+00    0.34749E-01    0.10940E+00    0.90061E-02   -0.20203E+00   -0.10440E-01    0.11892E+00   -0.25198E-01    0.25253E-02    0.53562E-01   -0.24153E-02   -0.94061E-03    0.57422E-03   -0.12408E-02   -0.39702E-02   -0.20436E-03   -0.31892E-03   -0.33243E-03   -0.51133E-03   -0.22073E-03   -0.26894E-03   -0.51180E-03
   -0.25814E-05   -0.10820E-03    0.82834E-05    0.85215E-04    0.67957E-03   -0.31254E-02   -0.68018E-04   -0.13631E-03   -0.24050E+00    0.40293E-01   -0.27585E+00   -0.13192E-01    0.29656E-01   -0.46670E-01    0.14062E-02    0.79837E-03   -0.56298E-03   -0.36924E-05    0.75483E-05    0.45742E-02    0.81519E-01   -0.30826E-01   -0.36585E-02    0.10172E+01   -0.17063E-01    0.91889E-03   -0.48789E-01   -0.45752E-01    0.17478E+00   -0.29249E-02    0.76992E-01   -0.35495E-01    0.26078E-01   -0.16122E-01   -0.30867E-01    0.11165E+00   -0.73849E-01    0.17923E-01    0.27096E-02   -0.19955E+00    0.99479E-01    0.23190E-01   -0.60624E-01   -0.18485E-02    0.13156E-01    0.93907E-01    0.58768E-03    0.57717E-04   -0.37419E-03   -0.16232E-02    0.15208E-02    0.52898E-04   -0.12158E-04   -0.40732E-04    0.11331E-03   -0.70547E-03   -0.57548E-04    0.24845E-03
   -0.13546E-05    0.11727E-04   -0.16220E-05    0.14482E-04    0.48618E-02   -0.12470E-02   -0.20035E-03    0.10146E-03   -0.52546E+00    0.74326E-01    0.22244E+00    0.82277E-02   -0.50795E-01    0.35330E-01    0.17644E-02   -0.10630E-02   -0.18553E-02   -0.22305E-05   -0.14039E-04   -0.26078E-02   -0.53572E-01    0.25352E-01   -0.10232E-02   -0.17063E-01    0.10072E+01   -0.33822E-02    0.74962E-01   -0.11212E+00    0.69364E-01   -0.81168E-01    0.64225E-01    0.85586E-01    0.12450E+00    0.54085E-01    0.12909E+00   -0.11104E+00    0.11501E+00    0.36949E-01   -0.19817E-01   -0.11518E+00    0.64373E-01    0.90199E-03    0.19232E-01   -0.20709E-02   -0.15703E-02    0.54651E-01   -0.48326E-03   -0.42746E-04   -0.18123E-04   -0.37561E-02    0.20336E-02    0.78710E-05   -0.28616E-03   -0.22510E-04   -0.20638E-03   -0.17358E-03    0.99409E-04   -0.11376E-03
    0.45865E-06   -0.52781E-04    0.14191E-04    0.28999E-03    0.42049E-03   -0.32762E-02   -0.19539E-04    0.38186E-03   -0.40830E+00   -0.19719E+00    0.10323E+00   -0.56979E-02   -0.66163E-01   -0.79382E-02   -0.10789E-02   -0.13053E-03   -0.44684E-03   -0.46416E-05    0.52480E-05    0.38689E-02    0.29810E-01    0.16347E-01    0.13490E-01    0.91889E-03   -0.33822E-02    0.97162E+00    0.31641E-01    0.32869E-01   -0.61122E-01    0.38131E-01    0.96271E-01    0.61646E-01   -0.62721E-01   -0.85785E-01    0.43262E-01    0.30354E-01    0.97942E-01   -0.10176E+00    0.78086E-01   -0.15638E-01    0.98001E-02   -0.19744E-02    0.39524E-01   -0.80242E-02    0.53340E-02   -0.63182E-01    0.84563E-03    0.11991E-02    0.11409E-03    0.50779E-03   -0.32669E-02    0.15013E-03   -0.13112E-04   -0.70018E-04   -0.31491E-04    0.36079E-03    0.22109E-03   -0.17364E-03
   -0.21475E-05    0.84713E-04   -0.16501E-04   -0.19113E-04   -0.25334E-02    0.24796E-02    0.33494E-03    0.48932E-03   -0.14934E+01    0.16339E+00    0.12834E+00   -0.86753E-02    0.13373E-01    0.47850E-01    0.59662E-03   -0.25996E-02    0.25917E-02    0.10463E-04    0.40891E-03   -0.12773E-01   -0.75247E-01    0.21747E+00   -0.16404E+00   -0.48789E-01    0.74962E-01    0.31641E-01    0.79082E+00   -0.37192E-01   -0.81818E-02   -0.71304E-02   -0.10589E-01    0.77570E-01    0.10764E+00   -0.86221E-01    0.33339E-01   -0.87268E-01    0.63661E+00    0.22249E+00   -0.50331E-01   -0.30795E-01    0.10615E+00   -0.41868E-02    0.27841E-02    0.24320E-01   -0.23964E-02   -0.34952E-01   -0.14508E-02   -0.24835E-02    0.25478E-03   -0.62271E-03   -0.25214E-02    0.28539E-03    0.12894E-04    0.22737E-03   -0.58990E-04    0.32867E-03    0.24745E-03   -0.26391E-04
    0.13484E-04   -0.31119E-04    0.15292E-04    0.57792E-03   -0.79078E-02    0.47449E-02    0.47030E-03    0.12534E-02   -0.37478E+01   -0.21169E+00    0.18461E+00    0.36990E-02    0.16470E-01    0.25129E-01   -0.44112E-02   -0.17416E-03    0.37504E-02   -0.53015E-05    0.36245E-04   -0.31270E-02   -0.48400E-01   -0.35398E-01    0.18100E+00   -0.45752E-01   -0.11212E+00    0.32869E-01   -0.37192E-01    0.10119E+01   -0.18519E-02    0.37436E-02    0.21455E-01    0.53329E-01   -0.20072E-01   -0.68543E-01   -0.17688E-01    0.14603E+00   -0.88924E-01    0.22427E+00    0.81351E+00    0.29831E+00   -0.16809E+00   -0.12687E-01   -0.32087E-01    0.12406E-01   -0.75288E-02   -0.95059E-01   -0.33774E-03   -0.17723E-02   -0.51987E-04    0.23115E-02    0.92605E-03    0.20198E-03   -0.10145E-03    0.94854E-05   -0.10279E-03    0.16324E-03   -0.11477E-03    0.13944E-03
    0.27979E-05   -0.10525E-03   -0.38866E-06   -0.97253E-04    0.91179E-04   -0.25549E-02    0.89358E-04   -0.45376E-03   -0.16192E+01   -0.28355E+00    0.54063E-01   -0.17752E-01   -0.18547E+00   -0.28261E-01    0.98906E-03    0.10890E-03   -0.50866E-02    0.62990E-05    0.16569E-04    0.82791E-02    0.62765E-01   -0.52692E-01    0.58423E-01    0.17478E+00    0.69364E-01   -0.61122E-01   -0.81818E-02   -0.18519E-02    0.99495E+00   -0.11814E-01   -0.20851E-01    0.63509E-01   -0.35161E-01    0.13886E+00    0.16032E+00   -0.14362E+00   -0.21175E+00    0.64356E+00    0.12230E+00   -0.61210E+00    0.16996E+00    0.18134E-01    0.12252E+00    0.32239E-01    0.20403E-01    0.64805E-01   -0.91980E-03    0.20075E-04    0.43884E-03   -0.32986E-02    0.16676E-02    0.10066E-04   -0.26351E-04    0.23881E-03    0.16606E-03   -0.20242E-04    0.23939E-03   -0.80839E-04
   -0.30057E-05   -0.13016E-04    0.91757E-05   -0.13526E-04    0.77670E-04   -0.23073E-02   -0.93458E-04   -0.69486E-04   -0.42488E+00   -0.10617E+00    0.13316E+00    0.12298E-01    0.10849E+00   -0.23709E-01   -0.32425E-02    0.57479E-03    0.56593E-02    0.18227E-04    0.30791E-05    0.11795E-02    0.24351E-01   -0.31501E-01   -0.14921E-01   -0.29249E-02   -0.81168E-01    0.38131E-01   -0.71304E-02    0.37436E-02   -0.11814E-01    0.10122E+01    0.10875E-01   -0.80828E-02   -0.10084E+00   -0.16735E+00   -0.23358E-01   -0.90051E-01   -0.57775E-01    0.65161E-01   -0.42794E-01    0.29739E+00    0.66658E+00   -0.85823E-02   -0.91980E-01   -0.25156E-03   -0.14606E-01   -0.31422E-01    0.75085E-03    0.26039E-03   -0.34764E-03    0.25486E-02    0.90280E-03    0.37011E-04    0.11664E-03    0.11902E-04    0.18142E-03   -0.39398E-03    0.56894E-04   -0.59239E-04
   -0.78213E-05    0.67275E-04   -0.13322E-04   -0.28003E-03    0.68931E-02    0.17999E-02   -0.21389E-03   -0.40692E-03   -0.12572E+01   -0.33588E-01    0.38026E+00   -0.12148E-02   -0.21306E+00   -0.69020E-02    0.33581E-03   -0.77063E-03   -0.56461E-02   -0.89592E-05    0.66313E-04    0.52214E-04    0.32743E-01   -0.34311E-01    0.36824E-01    0.76992E-01    0.64225E-01    0.96271E-01   -0.10589E-01    0.21455E-01   -0.20851E-01    0.10875E-01    0.10249E+01   -0.75623E-01    0.88307E-01    0.33624E-01    0.14557E+00    0.16134E-01    0.11463E+00   -0.58633E+00    0.42706E+00   -0.32690E+00    0.23700E+00    0.74281E-03    0.14211E+00   -0.23901E-01   -0.22948E-02    0.99985E-01    0.12764E-02   -0.11418E-02   -0.95410E-04    0.26835E-02    0.34967E-03   -0.72368E-04   -0.18993E-03   -0.41131E-04   -0.12097E-03   -0.15432E-03   -0.18263E-03   -0.10977E-03
    0.42950E-05    0.62167E-04   -0.13649E-04    0.51140E-03    0.21353E-02    0.60937E-02    0.30976E-03    0.11646E-02    0.58186E+00   -0.25582E+00    0.13336E+00    0.32107E-01   -0.16844E+00   -0.50939E-01   -0.14322E-02    0.64594E-03   -0.69998E-02   -0.20265E-06   -0.35187E-03    0.16234E-01    0.61763E-01    0.39446E-01   -0.11529E+00   -0.35495E-01    0.85586E-01    0.61646E-01    0.77570E-01    0.53329E-01    0.63509E-01   -0.80828E-02   -0.75623E-01    0.84015E+00    0.34931E-02   -0.44356E-01    0.74897E-02   -0.19240E-01    0.58459E+00    0.18655E+00    0.99256E-01    0.68054E-01   -0.81783E-01    0.22876E-01    0.21883E+00    0.34365E-01    0.21788E-01    0.30302E+00    0.18698E-02    0.11642E-02   -0.88972E-03    0.22570E-02    0.59341E-03    0.54217E-04    0.33929E-03    0.26909E-04    0.34208E-03    0.29442E-03    0.27995E-03    0.45895E-03
    0.43512E-06    0.29872E-04   -0.11934E-04    0.10003E-03    0.34003E-02    0.72547E-02    0.27576E-03    0.30665E-03    0.71869E+00    0.25939E+00    0.32420E+00   -0.11400E-01   -0.33294E+00    0.71497E-04    0.17081E-02   -0.87930E-03   -0.10075E-01    0.50198E-05    0.36712E-04    0.41167E-03    0.27358E-01    0.41421E-01    0.27699E-01    0.26078E-01    0.12450E+00   -0.62721E-01    0.10764E+00   -0.20072E-01   -0.35161E-01   -0.10084E+00    0.88307E-01    0.34931E-02    0.96044E+00    0.65507E-02    0.71690E-02   -0.14025E-01    0.91624E-01    0.14427E+00   -0.10463E-01    0.11832E+00    0.16097E+00    0.22137E-02    0.25205E+00    0.57756E-02    0.21839E-02    0.23692E+00   -0.18631E-02   -0.29666E-02    0.52333E-04    0.19504E-02    0.16428E-02   -0.80633E-04   -0.13870E-03   -0.37554E-04   -0.11058E-03   -0.24691E-03   -0.15560E-03   -0.17821E-03
    0.71716E-05   -0.61418E-04    0.19969E-04   -0.10564E-03    0.20535E-02   -0.20561E-02   -0.87484E-04   -0.39710E-03   -0.11661E+00   -0.46332E-02   -0.18791E+00    0.22848E-02   -0.41679E-01   -0.39090E-01   -0.10264E-02    0.98236E-03   -0.89637E-03    0.44720E-05   -0.60667E-04    0.10934E-01    0.74217E-01   -0.30669E-01    0.25271E-01   -0.16122E-01    0.54085E-01   -0.85785E-01   -0.86221E-01   -0.68543E-01    0.13886E+00   -0.16735E+00    0.33624E-01   -0.44356E-01    0.65507E-02    0.99029E+00    0.91489E-02    0.80589E-02   -0.13022E+00    0.41213E-01    0.14464E+00    0.10506E-01   -0.75754E-01    0.20887E-01   -0.22386E-02    0.10355E-01    0.14106E-01    0.13903E-01   -0.52612E-04    0.11122E-02    0.24589E-04   -0.12161E-02    0.21392E-02   -0.14788E-04    0.26127E-03    0.60971E-04    0.17493E-03    0.14773E-03    0.19597E-03    0.23761E-03
   -0.16158E-05    0.37105E-04    0.12895E-04   -0.38231E-03   -0.18433E-02   -0.28702E-03   -0.18248E-03   -0.65214E-03   -0.15639E+01   -0.76961E-03    0.61179E+00   -0.33320E-01   -0.38637E+00   -0.35113E-02   -0.76958E-03    0.68101E-03   -0.82674E-02    0.12422E-05    0.44888E-04    0.13030E-02    0.35706E-01   -0.39974E-01    0.21728E-01   -0.30867E-01    0.12909E+00    0.43262E-01    0.33339E-01   -0.17688E-01    0.16032E+00   -0.23358E-01    0.14557E+00    0.74897E-02    0.71690E-02    0.91489E-02    0.95562E+00   -0.41472E-01    0.93727E-02    0.48943E-01    0.12002E+00   -0.26347E+00    0.11383E+00   -0.33168E-02    0.21130E+00   -0.45653E-02    0.57646E-02    0.13488E+00   -0.17998E-02   -0.36744E-02    0.27639E-03   -0.26055E-02    0.61645E-03    0.42582E-04   -0.29561E-03    0.19651E-04   -0.18894E-03    0.23630E-03   -0.51967E-04   -0.53751E-03
    0.43887E-05    0.41716E-04    0.46255E-05    0.12529E-03   -0.90307E-02    0.94049E-03   -0.13403E-03    0.30899E-03   -0.24618E+01    0.16495E+00    0.11003E+00   -0.12567E-02   -0.10131E+00   -0.68230E-02    0.11262E-02   -0.20475E-03   -0.37351E-02    0.41923E-05   -0.20537E-04    0.30410E-02    0.23932E-01   -0.10106E+00    0.15521E+00    0.11165E+00   -0.11104E+00    0.30354E-01   -0.87268E-01    0.14603E+00   -0.14362E+00   -0.90051E-01    0.16134E-01   -0.19240E-01   -0.14025E-01    0.80589E-02   -0.41472E-01    0.97432E+00   -0.60842E-01   -0.82553E-01    0.37820E-01    0.17594E+00   -0.81532E-01    0.50160E-02    0.41631E-01   -0.83321E-02    0.93241E-02    0.68215E-01    0.80526E-03    0.21516E-03    0.17492E-03    0.24178E-02   -0.18697E-02   -0.90535E-04    0.12602E-03   -0.16470E-03   -0.20927E-03   -0.82045E-04   -0.13520E-03    0.24422E-03
   -0.15855E-05    0.14182E-03   -0.25481E-04    0.28131E-03    0.14965E-02    0.66830E-02    0.39388E-03    0.11168E-02    0.92447E-03    0.24119E-01    0.16262E+00    0.18339E-01   -0.72404E-01    0.70895E-02    0.58411E-04   -0.16823E-02   -0.25475E-02    0.39448E-05    0.68794E-04   -0.95749E-03   -0.22491E-01    0.19941E+00   -0.22962E+00   -0.73849E-01    0.11501E+00    0.97942E-01    0.63661E+00   -0.88924E-01   -0.21175E+00   -0.57775E-01    0.11463E+00    0.58459E+00    0.91624E-01   -0.13022E+00    0.93727E-02   -0.60842E-01    0.95135E+00   -0.24369E-01    0.25552E-02    0.33934E-01    0.90141E-02    0.89080E-02    0.13284E+00    0.28165E-01    0.71658E-02    0.17128E+00    0.62588E-03   -0.10945E-02   -0.51542E-03    0.20455E-02   -0.22251E-02    0.21259E-03    0.22811E-03    0.12678E-03    0.13934E-03    0.41066E-03    0.28422E-03    0.26391E-03
    0.78277E-05   -0.73951E-04    0.55618E-05    0.21506E-03   -0.57837E-02   -0.26631E-03    0.31869E-03    0.39280E-03   -0.20791E+01   -0.13420E+00    0.84116E-01   -0.11192E-01   -0.12238E+00   -0.54740E-02   -0.72119E-03   -0.26968E-03   -0.19962E-02    0.12448E-04    0.73295E-04    0.42378E-02    0.60713E-02    0.30529E-01    0.34749E-01    0.17923E-01    0.36949E-01   -0.10176E+00    0.22249E+00    0.22427E+00    0.64356E+00    0.65161E-01   -0.58633E+00    0.18655E+00    0.14427E+00    0.41213E-01    0.48943E-01   -0.82553E-01   -0.24369E-01    0.99720E+00   -0.32163E-01   -0.31787E-02   -0.98155E-02    0.87594E-02    0.96462E-01    0.46924E-01    0.17042E-01    0.74418E-01   -0.19546E-02   -0.10397E-02    0.32320E-03   -0.30177E-02    0.93232E-03    0.16739E-03    0.52626E-04    0.21941E-03    0.13179E-03    0.23930E-03    0.31763E-03    0.63566E-04
    0.10096E-04    0.16216E-04    0.36359E-05    0.48024E-03   -0.24078E-02    0.69980E-02    0.46310E-03    0.11445E-02   -0.22884E+01   -0.33038E+00    0.29422E+00    0.88873E-02   -0.77415E-01    0.11092E-02   -0.42823E-02    0.50683E-03    0.23587E-02   -0.92202E-05   -0.28008E-04    0.34588E-02    0.10261E-01   -0.24940E-02    0.10940E+00    0.27096E-02   -0.19817E-01    0.78086E-01   -0.50331E-01    0.81351E+00    0.12230E+00   -0.42794E-01    0.42706E+00    0.99256E-01   -0.10463E-01    0.14464E+00    0.12002E+00    0.37820E-01    0.25552E-02   -0.32163E-01    0.10490E+01   -0.14053E-02    0.14196E-01   -0.63388E-03    0.23143E-01    0.54240E-02   -0.47794E-02   -0.93392E-01    0.70969E-03   -0.73925E-03   -0.23027E-03    0.33828E-02    0.23365E-02    0.18862E-03   -0.82025E-04    0.73829E-04    0.23507E-04    0.12094E-03   -0.11912E-03    0.32849E-04
    0.33465E-05    0.31420E-04    0.13191E-04    0.24920E-03   -0.31643E-02    0.86715E-03   -0.60776E-04    0.63467E-03    0.82763E+00    0.17686E+00    0.12388E+00    0.23495E-01    0.10235E+00   -0.43703E-02   -0.45298E-02    0.63849E-03    0.59313E-02    0.58973E-05   -0.93412E-04    0.12753E-02   -0.25521E-01    0.38181E-01    0.90061E-02   -0.19955E+00   -0.11518E+00   -0.15638E-01   -0.30795E-01    0.29831E+00   -0.61210E+00    0.29739E+00   -0.32690E+00    0.68054E-01    0.11832E+00    0.10506E-01   -0.26347E+00    0.17594E+00    0.33934E-01   -0.31787E-02   -0.14053E-02    0.96144E+00   -0.69189E-02   -0.94450E-02   -0.94287E-01   -0.71190E-02   -0.10586E-01   -0.37385E-01    0.71583E-03    0.99431E-03   -0.53169E-03    0.38894E-02    0.13951E-02    0.45111E-04    0.15572E-03   -0.15222E-03   -0.28129E-04   -0.83483E-04   -0.98371E-04    0.25258E-03
   -0.14100E-04   -0.93860E-04    0.64076E-05   -0.49821E-03    0.31172E-02   -0.10799E-01   -0.51998E-03   -0.12303E-02    0.17672E+01   -0.45449E-01   -0.56724E-01    0.18154E-01    0.21711E+00    0.13534E-01   -0.22672E-02    0.68218E-03    0.81216E-02    0.15557E-04    0.27398E-04   -0.29816E-02   -0.13254E-01    0.61411E-01   -0.20203E+00    0.99479E-01    0.64373E-01    0.98001E-02    0.10615E+00   -0.16809E+00    0.16996E+00    0.66658E+00    0.23700E+00   -0.81783E-01    0.16097E+00   -0.75754E-01    0.11383E+00   -0.81532E-01    0.90141E-02   -0.98155E-02    0.14196E-01   -0.69189E-02    0.97311E+00   -0.37150E-02   -0.16380E+00   -0.18271E-01   -0.22431E-01   -0.10985E+00    0.18101E-02    0.18662E-02   -0.17490E-03    0.22696E-02    0.55349E-02    0.30255E-04    0.18087E-03    0.16021E-03    0.26588E-03   -0.21245E-03    0.29051E-04   -0.10597E-03
    0.50077E-05   -0.18189E-03    0.23561E-04    0.13686E-03   -0.32462E-02   -0.76180E-02   -0.21552E-04   -0.16917E-03    0.62901E-01    0.24845E+00    0.98257E-01    0.70204E-01   -0.38257E+00   -0.82957E-01   -0.12453E-02    0.53942E-02   -0.97524E-02    0.23255E-05    0.56968E-04    0.68797E-01    0.11172E+00   -0.14539E-01   -0.10440E-01    0.23190E-01    0.90199E-03   -0.19744E-02   -0.41868E-02   -0.12687E-01    0.18134E-01   -0.85823E-02    0.74281E-03    0.22876E-01    0.22137E-02    0.20887E-01   -0.33168E-02    0.50160E-02    0.89080E-02    0.87594E-02   -0.63388E-03   -0.94450E-02   -0.37150E-02    0.34826E+00    0.17581E+00    0.24266E-01    0.16601E+00    0.53710E+00    0.14164E-01    0.18302E-01   -0.42381E-02   -0.43849E-02   -0.37834E-02    0.69312E-03   -0.17939E-03    0.78208E-03   -0.36953E-04   -0.37366E-03    0.30400E-03    0.15050E-02
    0.50118E-04   -0.13225E-02    0.95880E-04    0.26721E-02    0.30806E-02   -0.52888E-01    0.66256E-06    0.18608E-02   -0.23448E+00   -0.23494E+01    0.16534E+02   -0.12583E+00   -0.11151E+02   -0.65237E+00   -0.13943E+00   -0.14261E-02   -0.18205E+00   -0.44392E-05    0.23733E-03    0.14107E+00    0.11867E+01   -0.15214E+00    0.11892E+00   -0.60624E-01    0.19232E-01    0.39524E-01    0.27841E-02   -0.32087E-01    0.12252E+00   -0.91980E-01    0.14211E+00    0.21883E+00    0.25205E+00   -0.22386E-02    0.21130E+00    0.41631E-01    0.13284E+00    0.96462E-01    0.23143E-01   -0.94287E-01   -0.16380E+00    0.17581E+00    0.15580E+02    0.12132E+00    0.39242E+00    0.53540E+01   -0.13737E-02   -0.33265E-01   -0.96782E-02    0.17609E-01    0.15310E-01    0.25427E-02    0.21425E-01    0.26114E-02    0.14231E-01    0.16807E-02    0.39376E-02   -0.66585E-02
   -0.46299E-06   -0.42813E-03    0.25614E-04    0.20337E-03   -0.81061E-02   -0.27921E-01   -0.73256E-03   -0.45815E-03    0.46076E+01    0.56959E+00   -0.86821E+00   -0.19692E+00   -0.81108E-02   -0.68920E+00   -0.87718E-02   -0.12616E-01    0.38339E-02    0.25869E-05    0.77408E-04   -0.85721E-02    0.15869E+00   -0.76928E-02   -0.25198E-01   -0.18485E-02   -0.20709E-02   -0.80242E-02    0.24320E-01    0.12406E-01    0.32239E-01   -0.25156E-03   -0.23901E-01    0.34365E-01    0.57756E-02    0.10355E-01   -0.45653E-02   -0.83321E-02    0.28165E-01    0.46924E-01    0.54240E-02   -0.71190E-02   -0.18271E-01    0.24266E-01    0.12132E+00    0.21345E+01   -0.14464E-01    0.33402E+00   -0.90813E-01   -0.10744E+00   -0.51048E-02    0.15230E-02    0.24055E-02   -0.30253E-03    0.11700E-02   -0.13473E-03    0.11717E-02    0.88374E-03    0.16855E-03    0.10765E-02
    0.21354E-05   -0.39751E-03    0.43492E-04    0.14943E-03   -0.38604E-02   -0.23958E-01   -0.53659E-03   -0.68771E-03   -0.10898E+01   -0.51483E+00    0.35095E+00   -0.20438E-02   -0.71530E+00   -0.80054E-01   -0.36251E-02    0.31838E-02   -0.11308E-01   -0.96550E-06    0.26500E-04    0.60468E-01    0.22466E+00   -0.19590E-01    0.25253E-02    0.13156E-01   -0.15703E-02    0.53340E-02   -0.23964E-02   -0.75288E-02    0.20403E-01   -0.14606E-01   -0.22948E-02    0.21788E-01    0.21839E-02    0.14106E-01    0.57646E-02    0.93241E-02    0.71658E-02    0.17042E-01   -0.47794E-02   -0.10586E-01   -0.22431E-01    0.16601E+00    0.39242E+00   -0.14464E-01    0.25420E+00    0.39432E+00    0.92411E-02    0.17486E-01    0.72537E-04    0.92016E-03    0.15816E-02    0.34317E-03   -0.10962E-03    0.34689E-03   -0.10073E-03    0.63799E-03    0.54471E-03    0.24695E-03
