# omegabh2 omegach2 theta tau meffsterile nnu logA ns calPlanck acib217 xi asz143 aps100 aps143 aps143217 aps217 aksz kgal100 kgal143 kgal143217 kgal217 cal0 cal2
    0.5946444E-07    0.2278660E-06    0.2830723E-08    0.2265076E-05    0.5579579E-05    0.2360012E-04    0.5134796E-05    0.1314254E-05    0.3463170E-07   -0.6901295E-04    0.5550345E-07    0.3266398E-04   -0.3827819E-03   -0.2364471E-03   -0.3799823E-04    0.3885526E-04   -0.5075651E-04    0.8617370E-05    0.5542792E-05   -0.1421739E-05    0.1434604E-04    0.3899682E-08   -0.1401274E-08
    0.2278660E-06    0.2827347E-04   -0.1559257E-05    0.3119167E-04   -0.1216088E-02    0.8567763E-03    0.9400651E-04    0.3532580E-04   -0.8750543E-06    0.5134933E-02   -0.1193037E-04   -0.1773709E-02    0.2333667E-01    0.1007144E-01    0.1116639E-02   -0.4240062E-02    0.2729561E-02    0.2729812E-03    0.4728604E-03    0.5080709E-03   -0.7610634E-03   -0.1781218E-06    0.6239816E-06
    0.2830723E-08   -0.1559257E-05    0.2729487E-06   -0.9202369E-06    0.5472828E-04   -0.5850736E-04   -0.3712748E-05   -0.2051279E-05    0.6092819E-07   -0.3099550E-03   -0.7724673E-06    0.1181341E-03   -0.1501852E-02   -0.7816728E-03   -0.1302442E-03    0.1842194E-03   -0.2231120E-03   -0.6874217E-05   -0.1156522E-04   -0.2305571E-04    0.9301601E-04    0.1050650E-07   -0.2421713E-07
    0.2265076E-05    0.3119167E-04   -0.9202369E-06    0.4433862E-03   -0.1199024E-02    0.1672740E-02    0.9036360E-03    0.1170472E-03   -0.2151801E-05   -0.7077762E-02    0.1596916E-03    0.1538592E-02   -0.3290257E-01   -0.1088757E-01    0.3641842E-02    0.8666731E-02   -0.3807915E-02    0.1013042E-02   -0.1195736E-03   -0.1871123E-02   -0.2335289E-02   -0.1031661E-06   -0.9128817E-06
    0.5579579E-05   -0.1216088E-02    0.5472828E-04   -0.1199024E-02    0.8529271E-01   -0.1887863E-01   -0.3157173E-02   -0.1105002E-02    0.2403161E-04   -0.1185487E+00   -0.1709751E-02    0.6769664E-01   -0.7596070E+00   -0.2372966E+00    0.1816662E-01    0.1681096E+00   -0.1014087E+00   -0.1477898E-01   -0.2239353E-01    0.4937766E-02    0.2696093E-01    0.9277945E-05   -0.1393938E-04
    0.2360012E-04    0.8567763E-03   -0.5850736E-04    0.1672740E-02   -0.1887863E-01    0.4153833E-01    0.4603978E-02    0.1741739E-02   -0.2983885E-04    0.2115167E+00   -0.2169125E-02   -0.5472397E-01    0.8344941E+00    0.4070685E+00    0.7373426E-01   -0.1216691E+00    0.9141357E-01    0.9410824E-02    0.8188242E-02    0.2553078E-01   -0.3575831E-01   -0.3075697E-05    0.2564180E-04
    0.5134796E-05    0.9400651E-04   -0.3712748E-05    0.9036360E-03   -0.3157173E-02    0.4603978E-02    0.1923134E-02    0.2751253E-03    0.7757349E-05   -0.7216284E-02    0.3200466E-03    0.8614716E-03   -0.2939013E-01   -0.4661126E-02    0.1285927E-01    0.1874935E-01   -0.5339187E-02    0.1934559E-02   -0.3141350E-03   -0.2963339E-02   -0.3309690E-02   -0.1711597E-06   -0.1079918E-05
    0.1314254E-05    0.3532580E-04   -0.2051279E-05    0.1170472E-03   -0.1105002E-02    0.1741739E-02    0.2751253E-03    0.9844995E-04   -0.4766493E-06    0.2054400E-02    0.1397166E-04   -0.4230442E-03    0.3260823E-02    0.7588542E-02    0.6786037E-02    0.3576679E-02    0.4111415E-03    0.1125383E-02    0.2694006E-03    0.9154353E-04   -0.1248299E-02   -0.2702390E-06    0.2308740E-06
    0.3463170E-07   -0.8750543E-06    0.6092819E-07   -0.2151801E-05    0.2403161E-04   -0.2983885E-04    0.7757349E-05   -0.4766493E-06    0.6623429E-05    0.2845178E-03    0.1549218E-04    0.5607200E-04    0.1943450E-02    0.2605837E-03    0.7337118E-03    0.1734582E-02   -0.2294376E-03    0.1478919E-04   -0.3922975E-04   -0.8062277E-04    0.7226134E-03   -0.8298825E-08   -0.1315576E-06
   -0.6901295E-04    0.5134933E-02   -0.3099550E-03   -0.7077762E-02   -0.1185487E+00    0.2115167E+00   -0.7216284E-02    0.2054400E-02    0.2845178E-03    0.5063856E+02   -0.4907204E+00   -0.2174555E+01    0.5108309E+02    0.3235013E+01   -0.2176925E+02   -0.6963404E+02    0.1489705E+01   -0.5380066E+00    0.9282396E-01   -0.2923255E+01   -0.2502445E+02   -0.1381905E-03    0.4719644E-02
    0.5550345E-07   -0.1193037E-04   -0.7724673E-06    0.1596916E-03   -0.1709751E-02   -0.2169125E-02    0.3200466E-03    0.1397166E-04    0.1549218E-04   -0.4907204E+00    0.8094731E-01   -0.7792428E-01   -0.2971673E+00    0.8891493E+00    0.1623816E+01    0.7051260E+00    0.6981546E-01   -0.8168825E-04    0.5931591E-02    0.1116671E+00    0.1604173E+00    0.6795884E-05   -0.1099621E-04
    0.3266398E-04   -0.1773709E-02    0.1181341E-03    0.1538592E-02    0.6769664E-01   -0.5472397E-01    0.8614716E-03   -0.4230442E-03    0.5607200E-04   -0.2174555E+01   -0.7792428E-01    0.3965862E+01   -0.3173004E+02   -0.4519087E+01    0.8044766E+01    0.7720821E+01   -0.3182809E+01   -0.2697390E+00    0.3256708E-01    0.2162398E+01    0.1777205E+01    0.1788695E-03   -0.5094114E-03
   -0.3827819E-03    0.2333667E-01   -0.1501852E-02   -0.3290257E-01   -0.7596070E+00    0.8344941E+00   -0.2939013E-01    0.3260823E-02    0.1943450E-02    0.5108309E+02   -0.2971673E+00   -0.3173004E+02    0.7811777E+03    0.8385168E+02   -0.5408418E+02   -0.7909463E+02    0.1677992E+02   -0.1448080E+01   -0.4583555E+00   -0.1005746E+02   -0.1678585E+02    0.5375657E-02    0.6282353E-02
   -0.2364471E-03    0.1007144E-01   -0.7816728E-03   -0.1088757E-01   -0.2372966E+00    0.4070685E+00   -0.4661126E-02    0.7588542E-02    0.2605837E-03    0.3235013E+01    0.8891493E+00   -0.4519087E+01    0.8385168E+02    0.6434020E+02    0.4131467E+02    0.1580422E+02   -0.3439356E+01   -0.6229379E+00   -0.1206170E+01    0.4992429E+01    0.5534213E+01    0.3025560E-03    0.7104148E-03
   -0.3799823E-04    0.1116639E-02   -0.1302442E-03    0.3641842E-02    0.1816662E-01    0.7373426E-01    0.1285927E-01    0.6786037E-02    0.7337118E-03   -0.2176925E+02    0.1623816E+01    0.8044766E+01   -0.5408418E+02    0.4131467E+02    0.9146098E+02    0.6905945E+02   -0.1324111E+02   -0.8676121E+00   -0.5657395E+00    0.5130897E+01    0.7509776E+01    0.7775435E-03   -0.2529842E-02
    0.3885526E-04   -0.4240062E-02    0.1842194E-03    0.8666731E-02    0.1681096E+00   -0.1216691E+00    0.1874935E-01    0.3576679E-02    0.1734582E-02   -0.6963404E+02    0.7051260E+00    0.7720821E+01   -0.7909463E+02    0.1580422E+02    0.6905945E+02    0.1338776E+03   -0.1245214E+02   -0.1551571E-01   -0.3669199E+00    0.1115755E+01    0.2327469E+02    0.6033477E-03   -0.8129999E-02
   -0.5075651E-04    0.2729561E-02   -0.2231120E-03   -0.3807915E-02   -0.1014087E+00    0.9141357E-01   -0.5339187E-02    0.4111415E-03   -0.2294376E-03    0.1489705E+01    0.6981546E-01   -0.3182809E+01    0.1677992E+02   -0.3439356E+01   -0.1324111E+02   -0.1245214E+02    0.6986069E+01    0.1780490E+00   -0.1770247E-01   -0.1996311E+01   -0.1794931E+01   -0.1932471E-03    0.3630619E-03
    0.8617370E-05    0.2729812E-03   -0.6874217E-05    0.1013042E-02   -0.1477898E-01    0.9410824E-02    0.1934559E-02    0.1125383E-02    0.1478919E-04   -0.5380066E+00   -0.8168825E-04   -0.2697390E+00   -0.1448080E+01   -0.6229379E+00   -0.8676121E+00   -0.1551571E-01    0.1780490E+00    0.3298465E+01    0.7057572E+00    0.2722055E+00    0.7773374E+00    0.4182897E-03    0.7306044E-05
    0.5542792E-05    0.4728604E-03   -0.1156522E-04   -0.1195736E-03   -0.2239353E-01    0.8188242E-02   -0.3141350E-03    0.2694006E-03   -0.3922975E-04    0.9282396E-01    0.5931591E-02    0.3256708E-01   -0.4583555E+00   -0.1206170E+01   -0.5657395E+00   -0.3669199E+00   -0.1770247E-01    0.7057572E+00    0.3026655E+01    0.2255254E+01    0.1295305E+01   -0.3865807E-03   -0.1874756E-03
   -0.1421739E-05    0.5080709E-03   -0.2305571E-04   -0.1871123E-02    0.4937766E-02    0.2553078E-01   -0.2963339E-02    0.9154353E-04   -0.8062277E-04   -0.2923255E+01    0.1116671E+00    0.2162398E+01   -0.1005746E+02    0.4992429E+01    0.5130897E+01    0.1115755E+01   -0.1996311E+01    0.2722055E+00    0.2255254E+01    0.1763299E+02    0.2689226E+02   -0.2887265E-05    0.2469105E-02
    0.1434604E-04   -0.7610634E-03    0.9301601E-04   -0.2335289E-02    0.2696093E-01   -0.3575831E-01   -0.3309690E-02   -0.1248299E-02    0.7226134E-03   -0.2502445E+02    0.1604173E+00    0.1777205E+01   -0.1678585E+02    0.5534213E+01    0.7509776E+01    0.2327469E+02   -0.1794931E+01    0.7773374E+00    0.1295305E+01    0.2689226E+02    0.6096529E+02    0.3151801E-04    0.4274446E-02
    0.3899682E-08   -0.1781218E-06    0.1050650E-07   -0.1031661E-06    0.9277945E-05   -0.3075697E-05   -0.1711597E-06   -0.2702390E-06   -0.8298825E-08   -0.1381905E-03    0.6795884E-05    0.1788695E-03    0.5375657E-02    0.3025560E-03    0.7775435E-03    0.6033477E-03   -0.1932471E-03    0.4182897E-03   -0.3865807E-03   -0.2887265E-05    0.3151801E-04    0.5472140E-06    0.1478151E-07
   -0.1401274E-08    0.6239816E-06   -0.2421713E-07   -0.9128817E-06   -0.1393938E-04    0.2564180E-04   -0.1079918E-05    0.2308740E-06   -0.1315576E-06    0.4719644E-02   -0.1099621E-04   -0.5094114E-03    0.6282353E-02    0.7104148E-03   -0.2529842E-02   -0.8129999E-02    0.3630619E-03    0.7306044E-05   -0.1874756E-03    0.2469105E-02    0.4274446E-02    0.1478151E-07    0.2139049E-05
