# omegabh2 omegach2 theta tau yhe logA ns acib217 acibsz143 asz143 aps100 aps143 aps143217 aps217 aksz kgal100 t1gal143 t1gal143217 t1gal217 calib_100T calib_217T
    0.7713927E-07   -0.3838994E-07    0.1455723E-06    0.9088997E-06    0.3591789E-05    0.2544923E-05    0.1606926E-05    0.2427509E-03    0.9888057E-04    0.4604191E-04   -0.5843698E-03   -0.2060282E-03   -0.2788688E-03   -0.3273725E-03    0.6141092E-05    0.1458613E-02    0.1097338E-02    0.1130420E-02    0.1124845E-02   -0.6573481E-07   -0.1477764E-07
   -0.3838994E-07    0.1449543E-05    0.6162915E-07   -0.4767908E-05    0.2587462E-05   -0.6153067E-05   -0.2223712E-05    0.5711340E-03    0.3223711E-03    0.3732867E-05    0.3097016E-03    0.3968202E-04   -0.7794791E-03   -0.6678121E-03    0.1714125E-03    0.2257077E-02    0.3252173E-02    0.3034467E-02    0.2935093E-02    0.3845213E-07    0.3476564E-07
    0.1455723E-06    0.6162915E-07    0.6092455E-06    0.2201036E-05    0.1343344E-04    0.7743291E-05    0.5097550E-05    0.1874234E-02    0.8594546E-03    0.1745115E-03    0.5354162E-03    0.4225701E-03   -0.1095459E-02   -0.1317901E-02    0.2622966E-03    0.2499893E-02    0.2127833E-02    0.2287644E-02    0.2244333E-02   -0.1306688E-06   -0.7332322E-07
    0.9088997E-06   -0.4767908E-05    0.2201036E-05    0.1246043E-03    0.3060206E-04    0.2376682E-03    0.3226116E-04   -0.6561161E-02   -0.1664420E-02    0.4903916E-03   -0.3150592E-01   -0.9176196E-02   -0.3219460E-02    0.1677622E-02   -0.1068435E-02    0.1488437E-01    0.3298898E-01    0.3091582E-01    0.2907881E-01    0.2300501E-05    0.7098873E-06
    0.3591789E-05    0.2587462E-05    0.1343344E-04    0.3060206E-04    0.4037352E-03    0.1571742E-03    0.1438247E-03    0.6352179E-01    0.3052686E-01    0.4661289E-02    0.3390461E-01    0.1243018E-01   -0.4040529E-01   -0.4278676E-01    0.7246653E-02    0.5879423E-01    0.6246096E-01    0.6615170E-01    0.6554653E-01   -0.2106484E-05   -0.2562349E-05
    0.2544923E-05   -0.6153067E-05    0.7743291E-05    0.2376682E-03    0.1571742E-03    0.4962236E-03    0.8973522E-04    0.4199111E-02    0.3682091E-02    0.1134597E-02   -0.2457586E-01    0.1132467E-02   -0.3445269E-02    0.2252339E-02    0.1471888E-03    0.1852930E-01    0.3115156E-01    0.2788025E-01    0.2325146E-01    0.1562839E-05    0.7128263E-06
    0.1606926E-05   -0.2223712E-05    0.5097550E-05    0.3226116E-04    0.1438247E-03    0.8973522E-04    0.7309089E-04    0.1033592E-01    0.5363258E-02    0.3711413E-03    0.3698300E-03    0.1066143E-01    0.1493648E-02    0.2136950E-02   -0.9996986E-03    0.1922762E-01    0.1903882E-01    0.2047212E-01    0.2203013E-01   -0.2454732E-06   -0.7863435E-06
    0.2427509E-03    0.5711340E-03    0.1874234E-02   -0.6561161E-02    0.6352179E-01    0.4199111E-02    0.1033592E-01    0.8259278E+02    0.3422489E+02    0.2422583E+01    0.2195672E+02   -0.2009471E+02   -0.7883384E+02   -0.9241187E+02   -0.1807452E+01   -0.5607682E+01   -0.2377005E+02   -0.2882089E+02   -0.3347311E+02   -0.1037449E-02   -0.3745519E-02
    0.9888057E-04    0.3223711E-03    0.8594546E-03   -0.1664420E-02    0.3052686E-01    0.3682091E-02    0.5363258E-02    0.3422489E+02    0.2289276E+02    0.2682260E+01   -0.7021601E+01   -0.2146414E+02   -0.5079906E+02   -0.3328673E+02   -0.8386407E+00   -0.3513051E+01   -0.1259167E+02   -0.2010037E+02   -0.2207813E+02   -0.4493003E-03   -0.4518599E-03
    0.4604191E-04    0.3732867E-05    0.1745115E-03    0.4903916E-03    0.4661289E-02    0.1134597E-02    0.3711413E-03    0.2422583E+01    0.2682260E+01    0.5014374E+01   -0.3420841E+02   -0.1422019E+02   -0.5321562E+01   -0.2308772E+01   -0.1530842E+00   -0.1350584E+01   -0.3823775E+00    0.2024888E+01    0.1732327E+01   -0.1273997E-03    0.2194118E-03
   -0.5843698E-03    0.3097016E-03    0.5354162E-03   -0.3150592E-01    0.3390461E-01   -0.2457586E-01    0.3698300E-03    0.2195672E+02   -0.7021601E+01   -0.3420841E+02    0.7257815E+03    0.1765448E+03    0.6900554E+02    0.2482091E+02   -0.9544642E+01   -0.8939676E+02   -0.9067881E+02   -0.8841104E+02   -0.8374196E+02   -0.5259552E-02   -0.4099806E-02
   -0.2060282E-03    0.3968202E-04    0.4225701E-03   -0.9176196E-02    0.1243018E-01    0.1132467E-02    0.1066143E-01   -0.2009471E+02   -0.2146414E+02   -0.1422019E+02    0.1765448E+03    0.1204904E+03    0.9697737E+02    0.6080887E+02   -0.9545290E+01   -0.3148779E+02   -0.5101125E+02   -0.4210069E+02   -0.3816684E+02   -0.1541040E-02   -0.9705151E-03
   -0.2788688E-03   -0.7794791E-03   -0.1095459E-02   -0.3219460E-02   -0.4040529E-01   -0.3445269E-02    0.1493648E-02   -0.7883384E+02   -0.5079906E+02   -0.5321562E+01    0.6900554E+02    0.9697737E+02    0.1638271E+03    0.1253517E+03   -0.8185219E+01   -0.2658861E+02   -0.2820962E+02   -0.1699764E+02   -0.1753679E+02   -0.7785011E-03    0.2474955E-02
   -0.3273725E-03   -0.6678121E-03   -0.1317901E-02    0.1677622E-02   -0.4278676E-01    0.2252339E-02    0.2136950E-02   -0.9241187E+02   -0.3328673E+02   -0.2308772E+01    0.2482091E+02    0.6080887E+02    0.1253517E+03    0.1580302E+03   -0.8152968E+01   -0.2609027E+02   -0.2878082E+02   -0.3599101E+02   -0.4071560E+02   -0.6476414E-03    0.6476563E-02
    0.6141092E-05    0.1714125E-03    0.2622966E-03   -0.1068435E-02    0.7246653E-02    0.1471888E-03   -0.9996986E-03   -0.1807452E+01   -0.8386407E+00   -0.1530842E+00   -0.9544642E+01   -0.9545290E+01   -0.8185219E+01   -0.8152968E+01    0.7955718E+01   -0.1133652E+01   -0.3972619E+01   -0.4252545E+01   -0.4359267E+01   -0.3840607E-03    0.1167958E-03
    0.1458613E-02    0.2257077E-02    0.2499893E-02    0.1488437E-01    0.5879423E-01    0.1852930E-01    0.1922762E-01   -0.5607682E+01   -0.3513051E+01   -0.1350584E+01   -0.8939676E+02   -0.3148779E+02   -0.2658861E+02   -0.2609027E+02   -0.1133652E+01    0.2577951E+03    0.1784892E+03    0.1739325E+03    0.1706081E+03   -0.1328191E-01    0.7330918E-03
    0.1097338E-02    0.3252173E-02    0.2127833E-02    0.3298898E-01    0.6246096E-01    0.3115156E-01    0.1903882E-01   -0.2377005E+02   -0.1259167E+02   -0.3823775E+00   -0.9067881E+02   -0.5101125E+02   -0.2820962E+02   -0.2878082E+02   -0.3972619E+01    0.1784892E+03    0.3142016E+03    0.3166607E+03    0.3178059E+03    0.1015738E-01    0.7804626E-03
    0.1130420E-02    0.3034467E-02    0.2287644E-02    0.3091582E-01    0.6615170E-01    0.2788025E-01    0.2047212E-01   -0.2882089E+02   -0.2010037E+02    0.2024888E+01   -0.8841104E+02   -0.4210069E+02   -0.1699764E+02   -0.3599101E+02   -0.4252545E+01    0.1739325E+03    0.3166607E+03    0.3578446E+03    0.3858694E+03    0.1007468E-01   -0.4820799E-02
    0.1124845E-02    0.2935093E-02    0.2244333E-02    0.2907881E-01    0.6554653E-01    0.2325146E-01    0.2203013E-01   -0.3347311E+02   -0.2207813E+02    0.1732327E+01   -0.8374196E+02   -0.3816684E+02   -0.1753679E+02   -0.4071560E+02   -0.4359267E+01    0.1706081E+03    0.3178059E+03    0.3858694E+03    0.4414899E+03    0.1038156E-01   -0.9992684E-02
   -0.6573481E-07    0.3845213E-07   -0.1306688E-06    0.2300501E-05   -0.2106484E-05    0.1562839E-05   -0.2454732E-06   -0.1037449E-02   -0.4493003E-03   -0.1273997E-03   -0.5259552E-02   -0.1541040E-02   -0.7785011E-03   -0.6476414E-03   -0.3840607E-03   -0.1328191E-01    0.1015738E-01    0.1007468E-01    0.1038156E-01    0.3166026E-05   -0.2191501E-08
   -0.1477764E-07    0.3476564E-07   -0.7332322E-07    0.7098873E-06   -0.2562349E-05    0.7128263E-06   -0.7863435E-06   -0.3745519E-02   -0.4518599E-03    0.2194118E-03   -0.4099806E-02   -0.9705151E-03    0.2474955E-02    0.6476563E-02    0.1167958E-03    0.7330918E-03    0.7804626E-03   -0.4820799E-02   -0.9992684E-02   -0.2191501E-08    0.1506778E-05
