# omegabh2 omegach2 theta tau omegak logA ns calPlanck acib217 xi asz143 aps100 aps143 aps143217 aps217 aksz kgal100 kgal143 kgal143217 kgal217 galfTE100 galfTE100143 galfTE100217 galfTE143 galfTE143217 galfTE217 cal0 cal2
  2.3401677E-08  -1.2703906E-07   1.9045881E-08   1.7075870E-07  -1.3508337E-07   1.3537580E-07   3.1694065E-07   5.7843810E-09  -7.2152636E-05   1.3324067E-06   2.4252464E-05  -3.4423500E-04  -2.5194293E-04  -9.5237376E-05  -3.0574858E-05  -3.7784826E-05  -1.9632253E-06  -1.7548869E-06   3.3510506E-06   2.8264331E-05  -9.6424710E-08  -3.4696708E-08  -1.2038092E-07  -2.4558390E-07  -5.1690297E-07  -3.0456857E-06   3.8464815E-09  -1.4068613E-10
 -1.2703906E-07   1.9970653E-06  -1.7148433E-07  -2.0393377E-06   1.9033310E-06   5.1865500E-07  -4.6092264E-06  -9.5994215E-08   1.5918571E-04  -2.2631373E-06  -8.3239161E-05   1.1120237E-03   1.3881832E-03   9.7165924E-04   7.5142867E-04   2.8929108E-05   1.2315689E-05  -7.5453765E-05  -8.8034124E-05  -1.4751670E-04   1.0753659E-06   6.5357571E-07  -9.3105247E-07   2.2414734E-06   3.6572489E-06   2.2340013E-05   1.5103667E-09   8.6490835E-09
  1.9045881E-08  -1.7148433E-07   9.8878197E-08   1.8989808E-07  -2.3705459E-07   9.0747304E-08   5.2241052E-07   1.7682182E-08  -1.8739607E-05  -1.1759755E-09   3.0489031E-07  -3.0844791E-05  -1.3304002E-04  -1.3223508E-04  -7.6752913E-05   1.7987980E-06   1.1476826E-05   1.6867475E-05   1.4495635E-05   1.1817148E-05  -2.2828504E-07  -9.8194987E-08   1.6698464E-07  -3.2099979E-07  -6.7450233E-07  -3.9415347E-06   1.3571550E-09  -2.6399820E-09
  1.7075870E-07  -2.0393377E-06   1.8989808E-07   6.0956336E-05  -1.3065328E-06   1.1607328E-04   7.7063071E-06  -3.8122478E-07  -2.4916194E-03   3.0999833E-05   3.2043568E-04  -9.8102124E-03  -4.8620393E-03  -2.1061609E-03   6.4601345E-04  -8.6638476E-04   6.4356551E-05  -9.8433889E-05  -5.0538896E-05   1.0145360E-03   3.5250644E-06   1.2808353E-06   7.4592445E-06  -1.1369508E-06  -2.5662538E-06  -4.3400579E-05  -5.2889289E-09  -4.3180623E-08
 -1.3508337E-07   1.9033310E-06  -2.3705459E-07  -1.3065328E-06   3.7270784E-06   1.7133950E-06  -4.3119656E-06  -3.6166947E-08   1.6445927E-04  -7.8665779E-06  -5.6615865E-05   5.1522518E-04   1.4299388E-03   9.7055440E-04   7.5475477E-04   8.8712314E-06   3.7533078E-05  -1.0453148E-04  -5.6030015E-05   5.9628056E-06   1.8522385E-06   8.7095456E-07   3.5982034E-07   2.4027721E-06   3.1512268E-06   2.3437060E-05  -9.3879884E-09   2.5633807E-08
  1.3537580E-07   5.1865500E-07   9.0747304E-08   1.1607328E-04   1.7133950E-06   2.6113656E-04   3.3254218E-06   1.2161588E-05  -4.9106372E-03   9.2656959E-05   4.5381404E-04  -1.4330450E-02  -5.4994437E-03   5.1708321E-04   9.0063570E-03  -2.6207143E-03  -3.0284115E-04  -9.4095095E-04  -7.8981447E-04   3.3928647E-03   1.2035898E-05   4.2331080E-06   5.8777293E-06   2.5269737E-06   1.0573746E-06  -3.8859405E-05   1.1308491E-07  -7.3259762E-08
  3.1694065E-07  -4.6092264E-06   5.2241052E-07   7.7063071E-06  -4.3119656E-06   3.3254218E-06   1.9819206E-05   1.6312043E-07  -4.1690130E-03   8.6342462E-05   9.1755068E-04  -2.2617796E-02  -7.8589691E-03  -1.8487152E-04   3.1668429E-03  -2.1175928E-03   2.3000314E-04  -2.9453480E-04  -3.3627908E-04   1.0598185E-03  -2.6019685E-06   2.0382092E-07   5.6909484E-06  -8.4499659E-07  -8.3558540E-06  -4.2652062E-05  -5.7468880E-08  -1.0217369E-07
  5.7843810E-09  -9.5994215E-08   1.7682182E-08  -3.8122478E-07  -3.6166947E-08   1.2161588E-05   1.6312043E-07   6.4349839E-06   6.4971557E-04  -4.0096505E-06  -2.6438200E-05   3.8701299E-03   5.1339631E-04   3.3179700E-04   1.3943693E-03  -4.8997904E-05  -7.5011491E-05  -4.8384591E-06  -2.7510967E-05   8.3552589E-04   1.3653013E-06   1.8773775E-07  -2.3351804E-06   5.8065426E-07  -7.9967886E-07   1.4909057E-06  -1.4332365E-08   1.1199266E-09
 -7.2152636E-05   1.5918571E-04  -1.8739607E-05  -2.4916194E-03   1.6445927E-04  -4.9106372E-03  -4.1690130E-03   6.4971557E-04   4.3946226E+01  -3.9703080E-01  -8.4358661E-01   3.4370550E+01   7.7757341E-01  -1.3995578E+01  -5.4695757E+01  -1.4052596E-01   7.7622716E-02   6.5266501E-01  -5.7027685E+00  -3.2821063E+01  -7.0263193E-04  -1.2365773E-03   5.3842812E-03  -3.1702903E-03   8.4236402E-03  -1.3462452E-02  -2.9844326E-04   7.3147915E-04
  1.3324067E-06  -2.2631373E-06  -1.1759755E-09   3.0999833E-05  -7.8665779E-06   9.2656959E-05   8.6342462E-05  -4.0096505E-06  -3.9703080E-01   8.2176824E-02  -4.6293549E-02  -5.9777953E-01   9.3771237E-01   1.6814978E+00   6.2294823E-01   4.6505135E-02  -1.8611034E-03   1.0134135E-02   1.2001739E-01   1.6862922E-01  -1.6767756E-04  -1.4648360E-04   2.9679561E-04  -8.4897076E-05  -7.7540318E-05   5.1349382E-04   5.0773252E-06  -2.0553361E-06
  2.4252464E-05  -8.3239161E-05   3.0489031E-07   3.2043568E-04  -5.6615865E-05   4.5381404E-04   9.1755068E-04  -2.6438200E-05  -8.4358661E-01  -4.6293549E-02   3.8402535E+00  -2.9849399E+01  -3.0953628E+00   7.6929457E+00   5.3184136E+00  -2.7330681E+00  -2.3011861E-01   1.4194581E-01   2.6798854E+00   3.3294383E+00  -5.4761927E-04   1.2405094E-05   2.2151930E-04  -9.0714572E-04  -2.4445414E-03  -4.3723830E-03   1.2592861E-04  -3.2448486E-05
 -3.4423500E-04   1.1120237E-03  -3.0844791E-05  -9.8102124E-03   5.1522518E-04  -1.4330450E-02  -2.2617796E-02   3.8701299E-03   3.4370550E+01  -5.9777953E-01  -2.9849399E+01   7.6635007E+02   6.3956106E+01  -5.6129470E+01  -5.8069034E+01   1.3927876E+01  -6.0333444E+00   6.3337775E+00  -1.2340041E+01  -2.3899688E+01   6.6516531E-03  -4.2292457E-03   2.2833657E-02   7.7421668E-04   3.5130278E-02   1.1446265E-01   3.4864545E-03   4.1782823E-04
 -2.5194293E-04   1.3881832E-03  -1.3304002E-04  -4.8620393E-03   1.4299388E-03  -5.4994437E-03  -7.8589691E-03   5.1339631E-04   7.7757341E-01   9.3771237E-01  -3.0953628E+00   6.3956106E+01   6.0826315E+01   4.0767378E+01   1.6303152E+01  -4.7947760E+00  -2.8370524E-01  -1.3242575E+00   3.5855377E+00   4.7615340E+00  -1.7660772E-03  -1.1650761E-03   2.5675573E-03  -2.8581579E-03   9.5494839E-03   5.5122989E-02   1.0880712E-05   5.4739109E-05
 -9.5237376E-05   9.7165924E-04  -1.3223508E-04  -2.1061609E-03   9.7055440E-04   5.1708321E-04  -1.8487152E-04   3.3179700E-04  -1.3995578E+01   1.6814978E+00   7.6929457E+00  -5.6129470E+01   4.0767378E+01   8.5679532E+01   5.4072348E+01  -1.1794051E+01  -7.9707759E-01  -7.6698623E-01   5.2928974E+00   9.3217868E+00  -4.6788424E-03  -2.4674990E-03   2.6992193E-03  -2.3407915E-03   2.2053884E-03   4.7277809E-02   4.6844852E-04  -3.9569627E-04
 -3.0574858E-05   7.5142867E-04  -7.6752913E-05   6.4601345E-04   7.5475477E-04   9.0063570E-03   3.1668429E-03   1.3943693E-03  -5.4695757E+01   6.2294823E-01   5.3184136E+00  -5.8069034E+01   1.6303152E+01   5.4072348E+01   1.0348056E+02  -9.2090668E+00  -5.3028245E-01  -1.4122863E+00   5.4444764E+00   3.3564296E+01   2.0772017E-04   2.7014107E-03  -1.1328399E-02   4.9654281E-03  -2.0308042E-04   5.2474603E-02   5.8285738E-04  -1.3401962E-03
 -3.7784826E-05   2.8929108E-05   1.7987980E-06  -8.6638476E-04   8.8712314E-06  -2.6207143E-03  -2.1175928E-03  -4.8997904E-05  -1.4052596E-01   4.6505135E-02  -2.7330681E+00   1.3927876E+01  -4.7947760E+00  -1.1794051E+01  -9.2090668E+00   5.9128228E+00   1.4302633E-01  -1.9144649E-01  -2.1174100E+00  -2.3767446E+00   1.1738408E-04  -1.6329427E-04  -2.3740069E-04   1.1895173E-03  -1.2604519E-03  -6.6411202E-03  -8.6089475E-05   4.0918564E-06
 -1.9632253E-06   1.2315689E-05   1.1476826E-05   6.4356551E-05   3.7533078E-05  -3.0284115E-04   2.3000314E-04  -7.5011491E-05   7.7622716E-02  -1.8611034E-03  -2.3011861E-01  -6.0333444E+00  -2.8370524E-01  -7.9707759E-01  -5.3028245E-01   1.4302633E-01   3.3453193E+00   5.1970099E-01   1.9023490E-01   2.7160889E-01  -1.6141321E-03   2.7431168E-04   1.8776806E-03   8.5689104E-04  -6.2741655E-04  -5.2431505E-03   1.7628668E-04   9.8256693E-06
 -1.7548869E-06  -7.5453765E-05   1.6867475E-05  -9.8433889E-05  -1.0453148E-04  -9.4095095E-04  -2.9453480E-04  -4.8384591E-06   6.5266501E-01   1.0134135E-02   1.4194581E-01   6.3337775E+00  -1.3242575E+00  -7.6698623E-01  -1.4122863E+00  -1.9144649E-01   5.1970099E-01   3.2499068E+00   2.8008737E+00   2.7869836E+00   4.3734285E-04  -1.8119878E-04  -7.0407661E-04   6.1827539E-04   1.9720049E-03  -3.6302667E-03  -1.8340954E-04  -3.1643262E-05
  3.3510506E-06  -8.8034124E-05   1.4495635E-05  -5.0538896E-05  -5.6030015E-05  -7.8981447E-04  -3.3627908E-04  -2.7510967E-05  -5.7027685E+00   1.2001739E-01   2.6798854E+00  -1.2340041E+01   3.5855377E+00   5.2928974E+00   5.4444764E+00  -2.1174100E+00   1.9023490E-01   2.8008737E+00   1.0975397E+01   1.9334869E+01  -2.4061957E-04  -5.3008287E-04  -8.5480840E-04  -1.7422608E-03  -4.2976106E-03   1.7013505E-03  -8.1209062E-06   4.0609409E-04
  2.8264331E-05  -1.4751670E-04   1.1817148E-05   1.0145360E-03   5.9628056E-06   3.3928647E-03   1.0598185E-03   8.3552589E-04  -3.2821063E+01   1.6862922E-01   3.3294383E+00  -2.3899688E+01   4.7615340E+00   9.3217868E+00   3.3564296E+01  -2.3767446E+00   2.7160889E-01   2.7869836E+00   1.9334869E+01   5.3089288E+01   1.5829808E-03  -3.0751649E-04  -4.7248598E-03  -1.2913862E-03  -1.4180615E-02   1.0077082E-02   1.4648427E-04   9.0571152E-04
 -9.6424710E-08   1.0753659E-06  -2.2828504E-07   3.5250644E-06   1.8522385E-06   1.2035898E-05  -2.6019685E-06   1.3653013E-06  -7.0263193E-04  -1.6767756E-04  -5.4761927E-04   6.6516531E-03  -1.7660772E-03  -4.6788424E-03   2.0772017E-04   1.1738408E-04  -1.6141321E-03   4.3734285E-04  -2.4061957E-04   1.5829808E-03   1.4863282E-03   2.8341078E-04   1.2507725E-04  -3.8131461E-04  -1.2579715E-04  -1.3631848E-04  -6.8063746E-08   4.3472489E-08
 -3.4696708E-08   6.5357571E-07  -9.8194987E-08   1.2808353E-06   8.7095456E-07   4.2331080E-06   2.0382092E-07   1.8773775E-07  -1.2365773E-03  -1.4648360E-04   1.2405094E-05  -4.2292457E-03  -1.1650761E-03  -2.4674990E-03   2.7014107E-03  -1.6329427E-04   2.7431168E-04  -1.8119878E-04  -5.3008287E-04  -3.0751649E-04   2.8341078E-04   8.7153855E-04   6.6690851E-05   7.4703544E-04   5.7835822E-05  -5.6740412E-04  -6.4696011E-08  -2.3102198E-08
 -1.2038092E-07  -9.3105247E-07   1.6698464E-07   7.4592445E-06   3.5982034E-07   5.8777293E-06   5.6909484E-06  -2.3351804E-06   5.3842812E-03   2.9679561E-04   2.2151930E-04   2.2833657E-02   2.5675573E-03   2.6992193E-03  -1.1328399E-02  -2.3740069E-04   1.8776806E-03  -7.0407661E-04  -8.5480840E-04  -4.7248598E-03   1.2507725E-04   6.6690851E-05   7.1479839E-03  -3.1725291E-04   7.1119212E-04   4.3805397E-03   1.1566794E-06   1.2777856E-07
 -2.4558390E-07   2.2414734E-06  -3.2099979E-07  -1.1369508E-06   2.4027721E-06   2.5269737E-06  -8.4499659E-07   5.8065426E-07  -3.1702903E-03  -8.4897076E-05  -9.0714572E-04   7.7421668E-04  -2.8581579E-03  -2.3407915E-03   4.9654281E-03   1.1895173E-03   8.5689104E-04   6.1827539E-04  -1.7422608E-03  -1.2913862E-03  -3.8131461E-04   7.4703544E-04  -3.1725291E-04   2.9167212E-03   5.4000146E-04  -8.6297152E-04   6.4240904E-08  -2.6958905E-08
 -5.1690297E-07   3.6572489E-06  -6.7450233E-07  -2.5662538E-06   3.1512268E-06   1.0573746E-06  -8.3558540E-06  -7.9967886E-07   8.4236402E-03  -7.7540318E-05  -2.4445414E-03   3.5130278E-02   9.5494839E-03   2.2053884E-03  -2.0308042E-04  -1.2604519E-03  -6.2741655E-04   1.9720049E-03  -4.2976106E-03  -1.4180615E-02  -1.2579715E-04   5.7835822E-05   7.1119212E-04   5.4000146E-04   6.3943963E-03   7.8925383E-03  -1.3513422E-07   3.0877136E-07
 -3.0456857E-06   2.2340013E-05  -3.9415347E-06  -4.3400579E-05   2.3437060E-05  -3.8859405E-05  -4.2652062E-05   1.4909057E-06  -1.3462452E-02   5.1349382E-04  -4.3723830E-03   1.1446265E-01   5.5122989E-02   4.7277809E-02   5.2474603E-02  -6.6411202E-03  -5.2431505E-03  -3.6302667E-03   1.7013505E-03   1.0077082E-02  -1.3631848E-04  -5.6740412E-04   4.3805397E-03  -8.6297152E-04   7.8925383E-03   7.1389292E-02   1.2897261E-06  -6.1883396E-08
  3.8464815E-09   1.5103667E-09   1.3571550E-09  -5.2889289E-09  -9.3879884E-09   1.1308491E-07  -5.7468880E-08  -1.4332365E-08  -2.9844326E-04   5.0773252E-06   1.2592861E-04   3.4864545E-03   1.0880712E-05   4.6844852E-04   5.8285738E-04  -8.6089475E-05   1.7628668E-04  -1.8340954E-04  -8.1209062E-06   1.4648427E-04  -6.8063746E-08  -6.4696011E-08   1.1566794E-06   6.4240904E-08  -1.3513422E-07   1.2897261E-06   3.8199784E-07  -8.7000458E-10
 -1.4068613E-10   8.6490835E-09  -2.6399820E-09  -4.3180623E-08   2.5633807E-08  -7.3259762E-08  -1.0217369E-07   1.1199266E-09   7.3147915E-04  -2.0553361E-06  -3.2448486E-05   4.1782823E-04   5.4739109E-05  -3.9569627E-04  -1.3401962E-03   4.0918564E-06   9.8256693E-06  -3.1643262E-05   4.0609409E-04   9.0571152E-04   4.3472489E-08  -2.3102198E-08   1.2777856E-07  -2.6958905E-08   3.0877136E-07  -6.1883396E-08  -8.7000458E-10   3.8413281E-07
