# omegabh2 omegach2 theta tau logA ns acib217 acibsz143 asz143 aps100 aps143 aps143217 aps217 aksz kgal100 t1gal143 t1gal143217 t1gal217 galfEE100 galfEE100143 galfEE100217 galfEE143 galfEE143217 galfEE217 galfTE100 galfTE100143 galfTE100217 galfTE143 galfTE143217 galfTE217 calib_100T calib_217T
    0.2332124E-07   -0.9848917E-07    0.1449706E-07    0.1600499E-05    0.3114075E-05    0.3090919E-06   -0.1917650E-03   -0.1018174E-03   -0.2463805E-04   -0.1351689E-03    0.6874950E-04    0.2118564E-03    0.1899934E-03   -0.5820951E-04    0.2296082E-04   -0.2265001E-03   -0.2469543E-03   -0.2549248E-03    0.1400415E-06    0.1359732E-06    0.1561802E-06    0.1529689E-06    0.2423197E-06    0.2815476E-06   -0.1880444E-05   -0.2620907E-05   -0.3721390E-05   -0.3784581E-05   -0.5658088E-05   -0.9534740E-05   -0.2232844E-07    0.5642942E-08
   -0.9848917E-07    0.1357898E-05   -0.9258944E-07   -0.1275515E-04   -0.2223560E-04   -0.3709155E-05    0.7675437E-03    0.2520847E-03    0.8155055E-05    0.1127992E-02    0.5873751E-03   -0.1184229E-03   -0.5097711E-03    0.2277401E-03    0.8770449E-03    0.1839590E-03    0.5421458E-03    0.7656771E-03   -0.1451349E-05   -0.1478553E-05   -0.1561110E-05   -0.1661260E-05   -0.1872822E-05   -0.2006971E-05    0.8821068E-05    0.1197676E-04    0.1409161E-04    0.2053422E-04    0.2779955E-04    0.4311834E-04   -0.1116111E-06   -0.8920751E-07
    0.1449706E-07   -0.9258944E-07    0.8577561E-07    0.1077560E-05    0.2024666E-05    0.3708946E-06   -0.2998464E-04   -0.1604829E-04   -0.1200918E-04   -0.3493714E-04   -0.3164086E-05    0.9206137E-05    0.1976318E-05   -0.2343693E-04    0.4155049E-04   -0.5343983E-04   -0.6896033E-04   -0.7988001E-04    0.4046065E-07    0.6734403E-07    0.2432952E-07    0.1283050E-06    0.1998168E-06    0.1162554E-06   -0.2643372E-06   -0.1079192E-05   -0.1248479E-05   -0.3467318E-05   -0.4142215E-05   -0.5553691E-05   -0.9913028E-08    0.2503658E-08
    0.1600499E-05   -0.1275515E-04    0.1077560E-05    0.6221747E-03    0.1226683E-02    0.6308000E-04   -0.3811807E-01   -0.1860982E-01   -0.6588297E-02   -0.3125328E-02    0.3056035E-01    0.5379909E-01    0.5427097E-01   -0.1067690E-01   -0.4984942E-01   -0.6102272E-01   -0.7093536E-01   -0.7584500E-01    0.1453644E-04    0.1745241E-04    0.2069290E-04    0.2123591E-04    0.2359967E-04    0.3182074E-04   -0.1820275E-03   -0.1966969E-03   -0.2300439E-03   -0.3200697E-03   -0.4613452E-03   -0.6834548E-03    0.1481101E-05    0.2689734E-05
    0.3114075E-05   -0.2223560E-04    0.2024666E-05    0.1226683E-02    0.2432990E-02    0.1166343E-03   -0.7686081E-01   -0.3862095E-01   -0.1432897E-01    0.8574804E-02    0.7133239E-01    0.1163473E+00    0.1143695E+00   -0.2198761E-01   -0.1044151E+00   -0.1366656E+00   -0.1556523E+00   -0.1649906E+00    0.2384382E-04    0.2948086E-04    0.3535868E-04    0.3614070E-04    0.4076486E-04    0.5561874E-04   -0.3431694E-03   -0.3701155E-03   -0.4400898E-03   -0.5988605E-03   -0.8747351E-03   -0.1288781E-02    0.1792522E-05    0.5108025E-05
    0.3090919E-06   -0.3709155E-05    0.3708946E-06    0.6308000E-04    0.1166343E-03    0.2260040E-04   -0.1038787E-01   -0.4777883E-02   -0.1620413E-02   -0.7130035E-02    0.5839370E-02    0.1282872E-01    0.1379836E-01   -0.3163181E-02   -0.6593057E-02   -0.6369656E-02   -0.8855279E-02   -0.9583551E-02    0.8197112E-05    0.8631255E-05    0.9506613E-05    0.8771089E-05    0.1013886E-04    0.1112305E-04   -0.4205027E-04   -0.3752465E-04   -0.4122447E-04   -0.4868911E-04   -0.7405512E-04   -0.1369217E-03    0.6209380E-06    0.6782409E-06
   -0.1917650E-03    0.7675437E-03   -0.2998464E-04   -0.3811807E-01   -0.7686081E-01   -0.1038787E-01    0.6218447E+02    0.2194904E+02    0.6020016E+00    0.1700199E+02   -0.2064340E+02   -0.6112343E+02   -0.7964990E+02   -0.3037717E+01    0.7701504E+00   -0.3353696E+01   -0.7363665E+01   -0.1212567E+02   -0.4243405E-02   -0.3802815E-02   -0.2358911E-02   -0.4442548E-02   -0.4176408E-02   -0.4719560E-02    0.2360217E-01    0.9504297E-02    0.1622065E-01   -0.5067177E-02    0.1148566E-01    0.1121575E-01    0.2858451E-03   -0.3071047E-02
   -0.1018174E-03    0.2520847E-03   -0.1604829E-04   -0.1860982E-01   -0.3862095E-01   -0.4777883E-02    0.2194904E+02    0.1651817E+02    0.2580624E+01   -0.1587554E+02   -0.2391184E+02   -0.4124962E+02   -0.2436392E+02   -0.1112498E+01   -0.1973137E+01   -0.3493605E+01   -0.9292964E+01   -0.1026941E+02   -0.2188164E-02   -0.1842922E-02   -0.1201531E-02   -0.2633544E-02   -0.2470559E-02   -0.1170756E-02    0.1749460E-01    0.8920099E-02    0.2594598E-01    0.2635074E-02    0.2504134E-01    0.5376473E-01    0.1648776E-03   -0.1068491E-03
   -0.2463805E-04    0.8155055E-05   -0.1200918E-04   -0.6588297E-02   -0.1432897E-01   -0.1620413E-02    0.6020016E+00    0.2580624E+01    0.6435181E+01   -0.4213912E+02   -0.1857961E+02   -0.5055843E+01    0.1794179E+00   -0.3391591E+00   -0.2215262E+01   -0.3105395E+00    0.3551327E+01    0.4249142E+01   -0.5851622E-03   -0.4413862E-03   -0.4686607E-03    0.5015673E-04   -0.4672469E-03    0.8246873E-03    0.1853198E-02   -0.5097179E-02   -0.7543139E-02   -0.1580231E-02    0.1626235E-04    0.1518299E-01   -0.2128121E-03    0.2107989E-03
   -0.1351689E-03    0.1127992E-02   -0.3493714E-04   -0.3125328E-02    0.8574804E-02   -0.7130035E-02    0.1700199E+02   -0.1587554E+02   -0.4213912E+02    0.7547120E+03    0.1823266E+03    0.6529773E+02    0.3400312E+01   -0.1329443E+02   -0.3668316E+02    0.1551016E+01   -0.4246908E+01   -0.3512037E+01   -0.4845832E-02   -0.5642971E-02   -0.5662083E-02   -0.4794821E-02   -0.2082668E-02   -0.1628934E-01    0.1069214E+00    0.1141652E+00    0.1556989E+00    0.1031221E+00    0.1473096E+00    0.1599600E+00   -0.8581457E-03   -0.4091096E-02
    0.6874950E-04    0.5873751E-03   -0.3164086E-05    0.3056035E-01    0.7133239E-01    0.5839370E-02   -0.2064340E+02   -0.2391184E+02   -0.1857961E+02    0.1823266E+03    0.1217306E+03    0.9105303E+02    0.4856261E+02   -0.1134599E+02    0.1971968E+01   -0.7825078E+01   -0.3573411E+01   -0.1722990E+01    0.2359963E-02    0.1491755E-02    0.1292967E-02    0.1010444E-02    0.1346398E-02   -0.5953484E-02   -0.7628854E-02    0.1262346E-01    0.8307316E-02    0.2014018E-01    0.1511527E-01    0.1952278E-01   -0.3395733E-03   -0.8648448E-03
    0.2118564E-03   -0.1184229E-03    0.9206137E-05    0.5379909E-01    0.1163473E+00    0.1282872E-01   -0.6112343E+02   -0.4124962E+02   -0.5055843E+01    0.6529773E+02    0.9105303E+02    0.1403972E+03    0.1022969E+03   -0.9196802E+01   -0.1151779E+01   -0.4659240E+01    0.3884217E+01    0.2924175E+01    0.4650592E-02    0.4405336E-02    0.3529531E-02    0.5615684E-02    0.6194557E-02    0.2591581E-02   -0.3076545E-01   -0.1506097E-01   -0.4270522E-01    0.1148235E-01   -0.1809813E-01   -0.2567163E-01   -0.1079849E-02    0.1886870E-02
    0.1899934E-03   -0.5097711E-03    0.1976318E-05    0.5427097E-01    0.1143695E+00    0.1379836E-01   -0.7964990E+02   -0.2436392E+02    0.1794179E+00    0.3400312E+01    0.4856261E+02    0.1022969E+03    0.1394892E+03   -0.7802346E+01   -0.6121549E+01   -0.8760117E+01   -0.1449008E+02   -0.1626960E+02    0.4148247E-02    0.4574087E-02    0.3738029E-02    0.3957099E-02    0.5280778E-02    0.5018410E-02   -0.1068909E-01   -0.4896524E-02    0.4660780E-03    0.1341852E-01    0.1900037E-01    0.8089455E-01   -0.1040391E-02    0.5825479E-02
   -0.5820951E-04    0.2277401E-03   -0.2343693E-04   -0.1067690E-01   -0.2198761E-01   -0.3163181E-02   -0.3037717E+01   -0.1112498E+01   -0.3391591E+00   -0.1329443E+02   -0.1134599E+02   -0.9196802E+01   -0.7802346E+01    0.7994675E+01   -0.7152468E+00   -0.1777508E+01   -0.2511303E+01   -0.2612277E+01   -0.1010186E-02   -0.1132023E-02   -0.1891719E-02   -0.1031408E-02   -0.2085188E-02   -0.2641661E-02    0.9651156E-02    0.1556123E-01    0.1387112E-01    0.1874507E-01    0.1587582E-01    0.1603884E-01   -0.3423969E-04    0.1346467E-03
    0.2296082E-04    0.8770449E-03    0.4155049E-04   -0.4984942E-01   -0.1044151E+00   -0.6593057E-02    0.7701504E+00   -0.1973137E+01   -0.2215262E+01   -0.3668316E+02    0.1971968E+01   -0.1151779E+01   -0.6121549E+01   -0.7152468E+00    0.1465553E+03    0.4791350E+02    0.4535835E+02    0.4304608E+02   -0.9034310E-03   -0.8966760E-03   -0.7916238E-03    0.1107331E-02    0.2197292E-02    0.4909817E-02   -0.1926166E-01   -0.4911345E-01   -0.6090303E-01   -0.3949320E-01   -0.6782219E-01   -0.8741400E-01   -0.1283017E-01   -0.5329769E-04
   -0.2265001E-03    0.1839590E-03   -0.5343983E-04   -0.6102272E-01   -0.1366656E+00   -0.6369656E-02   -0.3353696E+01   -0.3493605E+01   -0.3105395E+00    0.1551016E+01   -0.7825078E+01   -0.4659240E+01   -0.8760117E+01   -0.1777508E+01    0.4791350E+02    0.9156079E+02    0.9374003E+02    0.9330613E+02    0.1983300E-02    0.6821028E-03    0.1934382E-02    0.2901723E-02    0.4743813E-02    0.1229207E-01   -0.8385789E-02   -0.2374682E-01   -0.2128814E-01   -0.3313796E-01   -0.3425174E-01   -0.7878643E-01    0.2742205E-02   -0.8126228E-04
   -0.2469543E-03    0.5421458E-03   -0.6896033E-04   -0.7093536E-01   -0.1556523E+00   -0.8855279E-02   -0.7363665E+01   -0.9292964E+01    0.3551327E+01   -0.4246908E+01   -0.3573411E+01    0.3884217E+01   -0.1449008E+02   -0.2511303E+01    0.4535835E+02    0.9374003E+02    0.1335881E+03    0.1580213E+03    0.1903284E-02   -0.1140479E-03    0.3471648E-03    0.4255043E-02    0.4130017E-02    0.8604410E-02   -0.1700115E-01   -0.2313165E-01   -0.3444855E-01   -0.2869358E-01   -0.3982632E-01   -0.6704946E-01    0.2405028E-02   -0.5212792E-02
   -0.2549248E-03    0.7656771E-03   -0.7988001E-04   -0.7584500E-01   -0.1649906E+00   -0.9583551E-02   -0.1212567E+02   -0.1026941E+02    0.4249142E+01   -0.3512037E+01   -0.1722990E+01    0.2924175E+01   -0.1626960E+02   -0.2612277E+01    0.4304608E+02    0.9330613E+02    0.1580213E+03    0.2072143E+03    0.1534539E-02   -0.6784965E-03   -0.1162534E-02    0.4861887E-02    0.3423939E-02    0.5918074E-02   -0.2184948E-01   -0.1244660E-01   -0.1826301E-01   -0.1316726E-01   -0.1728070E-01   -0.1954966E-01    0.2404488E-02   -0.9682136E-02
    0.1400415E-06   -0.1451349E-05    0.4046065E-07    0.1453644E-04    0.2384382E-04    0.8197112E-05   -0.4243405E-02   -0.2188164E-02   -0.5851622E-03   -0.4845832E-02    0.2359963E-02    0.4650592E-02    0.4148247E-02   -0.1010186E-02   -0.9034310E-03    0.1983300E-02    0.1903284E-02    0.1534539E-02    0.6855848E-04    0.2377245E-04    0.3028030E-04    0.1190422E-04    0.1581756E-04    0.2096866E-04   -0.8862246E-04   -0.8416784E-04   -0.9132735E-04   -0.5625085E-04   -0.4595654E-04   -0.8189922E-04    0.5541701E-06    0.2597316E-06
    0.1359732E-06   -0.1478553E-05    0.6734403E-07    0.1745241E-04    0.2948086E-04    0.8631255E-05   -0.3802815E-02   -0.1842922E-02   -0.4413862E-03   -0.5642971E-02    0.1491755E-02    0.4405336E-02    0.4574087E-02   -0.1132023E-02   -0.8966760E-03    0.6821028E-03   -0.1140479E-03   -0.6784965E-03    0.2377245E-04    0.4025415E-04    0.3727196E-04    0.2912648E-04    0.3130576E-04    0.3316341E-04   -0.6183578E-04   -0.9917776E-04   -0.8206619E-04   -0.1131936E-03   -0.1134607E-03   -0.1417889E-03    0.4520842E-06    0.2750722E-06
    0.1561802E-06   -0.1561110E-05    0.2432952E-07    0.2069290E-04    0.3535868E-04    0.9506613E-05   -0.2358911E-02   -0.1201531E-02   -0.4686607E-03   -0.5662083E-02    0.1292967E-02    0.3529531E-02    0.3738029E-02   -0.1891719E-02   -0.7916238E-03    0.1934382E-02    0.3471648E-03   -0.1162534E-02    0.3028030E-04    0.3727196E-04    0.1200486E-03    0.2377215E-04    0.6146654E-04    0.1209565E-03   -0.9339768E-04   -0.1049236E-03   -0.1234451E-03   -0.9175611E-04   -0.1895858E-03   -0.3843810E-03    0.5559231E-06    0.2798442E-06
    0.1529689E-06   -0.1661260E-05    0.1283050E-06    0.2123591E-04    0.3614070E-04    0.8771089E-05   -0.4442548E-02   -0.2633544E-02    0.5015673E-04   -0.4794821E-02    0.1010444E-02    0.5615684E-02    0.3957099E-02   -0.1031408E-02    0.1107331E-02    0.2901723E-02    0.4255043E-02    0.4861887E-02    0.1190422E-04    0.2912648E-04    0.2377215E-04    0.8444665E-04    0.5473799E-04    0.4515393E-04   -0.1755681E-04   -0.5417858E-04   -0.3354456E-05   -0.1789625E-03   -0.1509302E-03   -0.1471280E-03    0.2105861E-06    0.6107052E-07
    0.2423197E-06   -0.1872822E-05    0.1998168E-06    0.2359967E-04    0.4076486E-04    0.1013886E-04   -0.4176408E-02   -0.2470559E-02   -0.4672469E-03   -0.2082668E-02    0.1346398E-02    0.6194557E-02    0.5280778E-02   -0.2085188E-02    0.2197292E-02    0.4743813E-02    0.4130017E-02    0.3423939E-02    0.1581756E-04    0.3130576E-04    0.6146654E-04    0.5473799E-04    0.1249612E-03    0.1581645E-03   -0.6583951E-04   -0.1182690E-03   -0.1408151E-03   -0.2153211E-03   -0.2975456E-03   -0.5381184E-03    0.2794960E-06    0.1546083E-06
    0.2815476E-06   -0.2006971E-05    0.1162554E-06    0.3182074E-04    0.5561874E-04    0.1112305E-04   -0.4719560E-02   -0.1170756E-02    0.8246873E-03   -0.1628934E-01   -0.5953484E-02    0.2591581E-02    0.5018410E-02   -0.2641661E-02    0.4909817E-02    0.1229207E-01    0.8604410E-02    0.5918074E-02    0.2096866E-04    0.3316341E-04    0.1209565E-03    0.4515393E-04    0.1581645E-03    0.6375775E-03   -0.6017347E-04   -0.1331767E-03   -0.2402996E-03   -0.1787234E-03   -0.4059713E-03   -0.8819964E-03    0.7262035E-06    0.6848852E-06
   -0.1880444E-05    0.8821068E-05   -0.2643372E-06   -0.1820275E-03   -0.3431694E-03   -0.4205027E-04    0.2360217E-01    0.1749460E-01    0.1853198E-02    0.1069214E+00   -0.7628854E-02   -0.3076545E-01   -0.1068909E-01    0.9651156E-02   -0.1926166E-01   -0.8385789E-02   -0.1700115E-01   -0.2184948E-01   -0.8862246E-04   -0.6183578E-04   -0.9339768E-04   -0.1755681E-04   -0.6583951E-04   -0.6017347E-04    0.1287167E-01    0.8551250E-02    0.9515663E-02    0.1909470E-02    0.2205918E-02    0.3224436E-02   -0.2778499E-05   -0.2275818E-06
   -0.2620907E-05    0.1197676E-04   -0.1079192E-05   -0.1966969E-03   -0.3701155E-03   -0.3752465E-04    0.9504297E-02    0.8920099E-02   -0.5097179E-02    0.1141652E+00    0.1262346E-01   -0.1506097E-01   -0.4896524E-02    0.1556123E-01   -0.4911345E-01   -0.2374682E-01   -0.2313165E-01   -0.1244660E-01   -0.8416784E-04   -0.9917776E-04   -0.1049236E-03   -0.5417858E-04   -0.1182690E-03   -0.1331767E-03    0.8551250E-02    0.1238408E-01    0.1381894E-01    0.8229666E-02    0.8442568E-02    0.8312086E-02    0.3215421E-05   -0.2542900E-05
   -0.3721390E-05    0.1409161E-04   -0.1248479E-05   -0.2300439E-03   -0.4400898E-03   -0.4122447E-04    0.1622065E-01    0.2594598E-01   -0.7543139E-02    0.1556989E+00    0.8307316E-02   -0.4270522E-01    0.4660780E-03    0.1387112E-01   -0.6090303E-01   -0.2128814E-01   -0.3444855E-01   -0.1826301E-01   -0.9132735E-04   -0.8206619E-04   -0.1234451E-03   -0.3354456E-05   -0.1408151E-03   -0.2402996E-03    0.9515663E-02    0.1381894E-01    0.2603126E-01    0.4911496E-02    0.1237146E-01    0.2378902E-01    0.4498758E-05   -0.7446589E-06
   -0.3784581E-05    0.2053422E-04   -0.3467318E-05   -0.3200697E-03   -0.5988605E-03   -0.4868911E-04   -0.5067177E-02    0.2635074E-02   -0.1580231E-02    0.1031221E+00    0.2014018E-01    0.1148235E-01    0.1341852E-01    0.1874507E-01   -0.3949320E-01   -0.3313796E-01   -0.2869358E-01   -0.1316726E-01   -0.5625085E-04   -0.1131936E-03   -0.9175611E-04   -0.1789625E-03   -0.2153211E-03   -0.1787234E-03    0.1909470E-02    0.8229666E-02    0.4911496E-02    0.2118974E-01    0.1941749E-01    0.1349641E-01   -0.1109892E-05   -0.1531823E-05
   -0.5658088E-05    0.2779955E-04   -0.4142215E-05   -0.4613452E-03   -0.8747351E-03   -0.7405512E-04    0.1148566E-01    0.2504134E-01    0.1626235E-04    0.1473096E+00    0.1511527E-01   -0.1809813E-01    0.1900037E-01    0.1587582E-01   -0.6782219E-01   -0.3425174E-01   -0.3982632E-01   -0.1728070E-01   -0.4595654E-04   -0.1134607E-03   -0.1895858E-03   -0.1509302E-03   -0.2975456E-03   -0.4059713E-03    0.2205918E-02    0.8442568E-02    0.1237146E-01    0.1941749E-01    0.2957052E-01    0.4139235E-01    0.1302929E-05    0.2624950E-06
   -0.9534740E-05    0.4311834E-04   -0.5553691E-05   -0.6834548E-03   -0.1288781E-02   -0.1369217E-03    0.1121575E-01    0.5376473E-01    0.1518299E-01    0.1599600E+00    0.1952278E-01   -0.2567163E-01    0.8089455E-01    0.1603884E-01   -0.8741400E-01   -0.7878643E-01   -0.6704946E-01   -0.1954966E-01   -0.8189922E-04   -0.1417889E-03   -0.3843810E-03   -0.1471280E-03   -0.5381184E-03   -0.8819964E-03    0.3224436E-02    0.8312086E-02    0.2378902E-01    0.1349641E-01    0.4139235E-01    0.1044284E+00   -0.6389171E-05    0.2370711E-05
   -0.2232844E-07   -0.1116111E-06   -0.9913028E-08    0.1481101E-05    0.1792522E-05    0.6209380E-06    0.2858451E-03    0.1648776E-03   -0.2128121E-03   -0.8581457E-03   -0.3395733E-03   -0.1079849E-02   -0.1040391E-02   -0.3423969E-04   -0.1283017E-01    0.2742205E-02    0.2405028E-02    0.2404488E-02    0.5541701E-06    0.4520842E-06    0.5559231E-06    0.2105861E-06    0.2794960E-06    0.7262035E-06   -0.2778499E-05    0.3215421E-05    0.4498758E-05   -0.1109892E-05    0.1302929E-05   -0.6389171E-05    0.2240392E-05    0.4767498E-08
    0.5642942E-08   -0.8920751E-07    0.2503658E-08    0.2689734E-05    0.5108025E-05    0.6782409E-06   -0.3071047E-02   -0.1068491E-03    0.2107989E-03   -0.4091096E-02   -0.8648448E-03    0.1886870E-02    0.5825479E-02    0.1346467E-03   -0.5329769E-04   -0.8126228E-04   -0.5212792E-02   -0.9682136E-02    0.2597316E-06    0.2750722E-06    0.2798442E-06    0.6107052E-07    0.1546083E-06    0.6848852E-06   -0.2275818E-06   -0.2542900E-05   -0.7446589E-06   -0.1531823E-05    0.2624950E-06    0.2370711E-05    0.4767498E-08    0.1327172E-05
