# omegabh2 omegach2 theta tau w ns logA aps100 aps143 aps217 acib143 acib217 asz143 psr cibr ncib cal0 cal2 xi aksz bm_1_1 bm_1_2 bm_1_3 bm_1_4 bm_1_5 bm_2_1 bm_2_2 bm_2_3 bm_2_4 bm_2_5 bm_3_1 bm_3_2 bm_3_3 bm_3_4 bm_3_5 bm_4_1 bm_4_2 bm_4_3 bm_4_4 bm_4_5
    0.71253E-07   -0.31853E-06    0.71061E-07    0.93329E-06    0.14277E-04    0.95743E-06    0.12909E-05   -0.14064E-02   -0.62599E-03   -0.14400E-03   -0.12247E-03   -0.19847E-03    0.38949E-04    0.21700E-06   -0.29245E-05   -0.23551E-05   -0.25210E-08   -0.11459E-07    0.83981E-06   -0.33464E-04   -0.10029E-04   -0.67259E-05   -0.73311E-05    0.15930E-05    0.41320E-05    0.33177E-05   -0.42706E-05    0.10005E-04   -0.71959E-05   -0.72903E-06    0.21121E-05    0.23576E-05    0.11699E-04    0.38822E-05    0.28933E-05    0.22143E-05    0.51681E-05    0.30259E-05   -0.10047E-04   -0.89498E-06
   -0.31853E-06    0.58284E-05   -0.55749E-06   -0.86651E-05   -0.22785E-03   -0.13253E-04   -0.31098E-05    0.37786E-02    0.36952E-02    0.20096E-02   -0.96830E-04    0.17007E-03   -0.22278E-03    0.21354E-05   -0.61658E-05    0.43938E-05    0.10560E-07    0.99208E-07    0.11041E-04   -0.16984E-03    0.14248E-03   -0.18289E-04    0.14897E-04    0.48588E-04   -0.41802E-04    0.74138E-04   -0.14610E-04   -0.40909E-04   -0.16587E-05   -0.37710E-04   -0.19912E-04    0.46297E-04   -0.20205E-05   -0.71742E-05   -0.27375E-04    0.44852E-04    0.20825E-04   -0.38194E-04    0.47381E-04    0.72241E-05
    0.71061E-07   -0.55749E-06    0.39053E-06    0.12168E-05    0.32023E-04    0.18474E-05    0.14277E-05   -0.26168E-03   -0.66274E-03   -0.35318E-03    0.46763E-04   -0.11887E-04    0.43715E-04    0.46356E-06    0.14805E-05   -0.13096E-05   -0.68751E-08   -0.17128E-07   -0.16927E-05   -0.23880E-04   -0.86417E-05    0.17550E-04   -0.23130E-05    0.11765E-05    0.15304E-05   -0.98980E-05    0.47229E-05    0.20333E-04   -0.10607E-04    0.12796E-04    0.11382E-04   -0.87563E-05    0.20111E-04   -0.23923E-05    0.16712E-04   -0.32507E-05    0.44999E-05    0.13336E-04   -0.11891E-04   -0.10882E-04
    0.93329E-06   -0.86651E-05    0.12168E-05    0.16753E-03    0.36388E-03    0.33320E-04    0.31453E-03   -0.64323E-01   -0.10635E-01    0.64172E-02   -0.53877E-02   -0.80835E-02    0.76760E-03    0.49540E-04   -0.22640E-03   -0.12643E-04   -0.14982E-07   -0.94524E-06    0.10874E-04   -0.15791E-02   -0.68270E-04    0.23199E-03    0.15456E-03    0.12638E-03    0.24897E-03    0.96299E-04    0.10125E-03    0.38047E-03   -0.96137E-04   -0.11603E-03   -0.31184E-03   -0.13482E-04    0.14253E-03   -0.24542E-03   -0.12603E-03   -0.25172E-03    0.33998E-03    0.81161E-04   -0.30524E-03   -0.83437E-04
    0.14277E-04   -0.22785E-03    0.32023E-04    0.36388E-03    0.17202E-01    0.53458E-03    0.18519E-03   -0.16764E+00   -0.15608E+00   -0.85312E-01   -0.33060E-02   -0.12690E-01    0.12906E-01   -0.83593E-04    0.85229E-03   -0.49564E-03   -0.97743E-06   -0.26358E-05   -0.10116E-03    0.10312E-01   -0.55140E-02   -0.88048E-03   -0.15809E-03   -0.47383E-03    0.10266E-02   -0.32647E-02   -0.16954E-02    0.96329E-03    0.21619E-03    0.17215E-02    0.30637E-02   -0.35258E-02    0.24552E-02    0.52728E-03    0.99976E-04   -0.10329E-03   -0.19464E-02    0.30712E-03   -0.17719E-02   -0.71059E-04
    0.95743E-06   -0.13253E-04    0.18474E-05    0.33320E-04    0.53458E-03    0.51721E-04    0.33708E-04   -0.73090E-01   -0.61155E-02    0.85981E-02   -0.75684E-02   -0.83737E-02   -0.52695E-04    0.35069E-04   -0.30095E-03   -0.26407E-05   -0.11849E-06   -0.25552E-06   -0.14975E-04   -0.24769E-02   -0.18160E-03    0.60325E-04    0.36088E-04   -0.73557E-04    0.30213E-04    0.75091E-04    0.64378E-04    0.96304E-04    0.75681E-05    0.21170E-03   -0.64068E-04   -0.81129E-04    0.10379E-03   -0.22149E-05    0.14192E-03    0.27313E-04   -0.61031E-04    0.17431E-03   -0.16647E-03    0.66377E-04
    0.12909E-05   -0.31098E-05    0.14277E-05    0.31453E-03    0.18519E-03    0.33708E-04    0.63061E-03   -0.14038E+00   -0.44177E-02    0.27582E-01   -0.15942E-01   -0.19848E-01   -0.18522E-03    0.13736E-03   -0.63660E-03    0.10809E-04    0.84652E-07   -0.14053E-05    0.10415E-03   -0.49491E-02    0.82608E-03    0.61624E-03    0.27020E-03    0.45561E-03    0.41517E-03    0.66798E-03    0.19858E-03    0.71249E-03   -0.20466E-03   -0.40929E-03   -0.67378E-03    0.15932E-03    0.34374E-03   -0.54064E-03   -0.49834E-03   -0.20540E-03    0.89123E-03    0.14040E-03   -0.49569E-03   -0.15616E-03
   -0.14064E-02    0.37786E-02   -0.26168E-03   -0.64323E-01   -0.16764E+00   -0.73090E-01   -0.14038E+00    0.27065E+04    0.31389E+02   -0.15468E+03    0.12419E+03    0.10540E+03   -0.74617E+02   -0.99557E+00    0.14570E+00    0.13776E+01    0.80789E-03   -0.23860E-02   -0.39383E+00   -0.18239E+02    0.95432E+01   -0.98776E+01   -0.29014E+00    0.21760E+00   -0.80903E+00    0.91411E+00   -0.51692E+01    0.14520E+00    0.11834E+00   -0.12838E+01    0.11899E+01   -0.27795E+00   -0.83389E+00   -0.44868E+00   -0.31144E+01    0.18143E+01   -0.64081E+00   -0.30500E+01   -0.96465E+00    0.32784E+01
   -0.62599E-03    0.36952E-02   -0.66274E-03   -0.10635E-01   -0.15608E+00   -0.61155E-02   -0.44177E-02    0.31389E+02    0.18342E+03    0.62893E+02   -0.36032E+02   -0.13906E+02   -0.81812E+01   -0.24186E+00   -0.19127E+00   -0.18420E+00    0.29480E-03    0.29662E-02    0.12348E+01   -0.12071E+02    0.10407E+01    0.54212E+00    0.28715E+00   -0.57671E-01   -0.87550E-01   -0.19392E+01   -0.83949E+00   -0.58384E-01    0.97553E-01   -0.23291E+00    0.11756E+01    0.40362E+00    0.80018E+00   -0.76326E+00   -0.28228E+00   -0.57892E+00   -0.47707E+00   -0.27733E+00    0.40218E+00    0.11527E+00
   -0.14400E-03    0.20096E-02   -0.35318E-03    0.64172E-02   -0.85312E-01    0.85981E-02    0.27582E-01   -0.15468E+03    0.62893E+02    0.20333E+03   -0.32844E+02   -0.69262E+02    0.36887E+01   -0.68247E-01   -0.85403E+00   -0.10002E+01    0.20388E-03   -0.37808E-02    0.37738E+00   -0.11146E+02    0.12054E+01    0.82422E+00   -0.77088E-01   -0.52169E-01   -0.17684E+00    0.10638E+01    0.62927E-01   -0.35767E-01   -0.23111E+00    0.32597E+00   -0.15696E+01    0.10115E+01    0.24973E+00    0.46189E+00    0.13140E+00   -0.29135E+00    0.38849E+00    0.32730E-01    0.23957E+00   -0.24259E+00
   -0.12247E-03   -0.96830E-04    0.46763E-04   -0.53877E-02   -0.33060E-02   -0.75684E-02   -0.15942E-01    0.12419E+03   -0.36032E+02   -0.32844E+02    0.26860E+02    0.17595E+02   -0.24308E+01    0.20746E-01    0.18318E+00    0.21868E+00   -0.13463E-03   -0.10596E-02    0.27003E-01   -0.13331E+01   -0.88565E+00   -0.68486E+00   -0.37765E-01    0.81241E-01    0.40785E-01    0.10041E+01    0.20194E+00    0.18995E-01    0.10426E+00    0.24680E-01   -0.35019E+00   -0.27013E+00   -0.37364E+00    0.26503E+00    0.38691E-02    0.47738E+00    0.26963E+00   -0.70596E-01   -0.16270E+00    0.15887E+00
   -0.19847E-03    0.17007E-03   -0.11887E-04   -0.80835E-02   -0.12690E-01   -0.83737E-02   -0.19848E-01    0.10540E+03   -0.13906E+02   -0.69262E+02    0.17595E+02    0.32568E+02   -0.21794E+01    0.77344E-01    0.33947E+00    0.50860E+00   -0.90013E-04    0.15511E-02   -0.18806E+00   -0.12960E+01   -0.50711E+00   -0.48697E+00    0.48245E-01   -0.15199E-01    0.53160E-01   -0.32274E+00   -0.54600E-01   -0.42962E-01    0.27630E+00   -0.23881E+00    0.52625E+00   -0.67179E+00   -0.21119E+00   -0.24658E+00   -0.17747E+00    0.11538E+00   -0.14079E+00   -0.16329E+00   -0.17266E-01    0.21025E+00
    0.38949E-04   -0.22278E-03    0.43715E-04    0.76760E-03    0.12906E-01   -0.52695E-04   -0.18522E-03   -0.74617E+02   -0.81812E+01    0.36887E+01   -0.24308E+01   -0.21794E+01    0.78856E+01    0.48225E-01    0.26695E+00   -0.13480E+00    0.44291E-05   -0.10668E-03   -0.33020E-01    0.43077E-01    0.19678E+00    0.10180E+00   -0.93700E-02   -0.68456E-01    0.13610E-01   -0.10335E+00    0.12256E+00   -0.10907E+00   -0.30593E-01    0.54139E-02   -0.61738E-01   -0.13544E-01   -0.33188E-01   -0.14442E-01    0.68307E-01   -0.96989E-01   -0.90085E-01    0.61632E-01    0.71784E-01   -0.67414E-01
    0.21700E-06    0.21354E-05    0.46356E-06    0.49540E-04   -0.83593E-04    0.35069E-04    0.13736E-03   -0.99557E+00   -0.24186E+00   -0.68247E-01    0.20746E-01    0.77344E-01    0.48225E-01    0.75357E-02   -0.59723E-02    0.74486E-02    0.10778E-06   -0.20433E-04    0.32528E-02   -0.12983E-01    0.91739E-02    0.43276E-02    0.91486E-03    0.35305E-03    0.68877E-03    0.73535E-02   -0.19890E-02   -0.57213E-03   -0.17732E-02   -0.31713E-02   -0.99431E-02   -0.51695E-02   -0.24862E-02   -0.21511E-02   -0.16789E-02   -0.83153E-03   -0.12590E-03   -0.71354E-02   -0.54437E-02   -0.34570E-02
   -0.29245E-05   -0.61658E-05    0.14805E-05   -0.22640E-03    0.85229E-03   -0.30095E-03   -0.63660E-03    0.14570E+00   -0.19127E+00   -0.85403E+00    0.18318E+00    0.33947E+00    0.26695E+00   -0.59723E-02    0.45058E-01   -0.12255E-01    0.19661E-05    0.74096E-04    0.28702E-02   -0.29582E-03   -0.15607E-01   -0.55451E-02    0.15838E-02   -0.63653E-02    0.16544E-02   -0.28959E-01    0.46036E-03   -0.11059E-02    0.13707E-02   -0.54524E-02    0.32346E-01    0.43389E-02    0.97284E-02   -0.49395E-02    0.42658E-02   -0.73592E-03   -0.15244E-02    0.69247E-02    0.13353E-01   -0.15027E-02
   -0.23551E-05    0.43938E-05   -0.13096E-05   -0.12643E-04   -0.49564E-03   -0.26407E-05    0.10809E-04    0.13776E+01   -0.18420E+00   -0.10002E+01    0.21868E+00    0.50860E+00   -0.13480E+00    0.74486E-02   -0.12255E-01    0.20769E-01   -0.69733E-06   -0.15225E-04   -0.24876E-02   -0.10384E-01    0.83739E-02   -0.77995E-02   -0.13798E-02   -0.10554E-02    0.15792E-03    0.65823E-02    0.60079E-04   -0.49685E-02    0.82175E-02   -0.10138E-01   -0.11645E-01   -0.25153E-01   -0.51570E-02   -0.12784E-01   -0.11464E-01   -0.22977E-02   -0.46188E-02   -0.57711E-02   -0.83483E-03    0.93930E-02
   -0.25210E-08    0.10560E-07   -0.68751E-08   -0.14982E-07   -0.97743E-06   -0.11849E-06    0.84652E-07    0.80789E-03    0.29480E-03    0.20388E-03   -0.13463E-03   -0.90013E-04    0.44291E-05    0.10778E-06    0.19661E-05   -0.69733E-06    0.15950E-06    0.16509E-07    0.32007E-05    0.37580E-04   -0.21881E-04   -0.20602E-04   -0.44984E-05   -0.16536E-05   -0.92598E-05    0.10122E-04   -0.60244E-05    0.52192E-05   -0.39566E-05   -0.58737E-05    0.94769E-05    0.47980E-06    0.14079E-04    0.94285E-06   -0.56608E-05    0.12756E-04    0.71439E-05    0.13209E-05   -0.17726E-05   -0.11768E-05
   -0.11459E-07    0.99208E-07   -0.17128E-07   -0.94524E-06   -0.26358E-05   -0.25552E-06   -0.14053E-05   -0.23860E-02    0.29662E-02   -0.37808E-02   -0.10596E-02    0.15511E-02   -0.10668E-03   -0.20433E-04    0.74096E-04   -0.15225E-04    0.16509E-07    0.16057E-05    0.46145E-05    0.11692E-04    0.69191E-04    0.43699E-04    0.15977E-04   -0.41219E-04   -0.24598E-04    0.21114E-03    0.22268E-04    0.67721E-05    0.64401E-04    0.32738E-04   -0.19149E-03    0.14095E-04   -0.48981E-04   -0.84573E-05    0.84634E-05    0.24832E-04    0.45208E-04   -0.80405E-05   -0.18645E-04    0.56535E-04
    0.83981E-06    0.11041E-04   -0.16927E-05    0.10874E-04   -0.10116E-03   -0.14975E-04    0.10415E-03   -0.39383E+00    0.12348E+01    0.37738E+00    0.27003E-01   -0.18806E+00   -0.33020E-01    0.32528E-02    0.28702E-02   -0.24876E-02    0.32007E-05    0.46145E-05    0.81941E-01    0.27878E-01    0.33186E-02   -0.30221E-02    0.24080E-02    0.70131E-03    0.52742E-02    0.38275E-02    0.52777E-03    0.97510E-03    0.77715E-02   -0.83642E-02    0.53959E-02   -0.11071E-02    0.58503E-02   -0.53784E-02   -0.86925E-03    0.42643E-02    0.80574E-02   -0.17415E-03    0.51991E-02    0.36867E-02
   -0.33464E-04   -0.16984E-03   -0.23880E-04   -0.15791E-02    0.10312E-01   -0.24769E-02   -0.49491E-02   -0.18239E+02   -0.12071E+02   -0.11146E+02   -0.13331E+01   -0.12960E+01    0.43077E-01   -0.12983E-01   -0.29582E-03   -0.10384E-01    0.37580E-04    0.11692E-04    0.27878E-01    0.81758E+01    0.32290E-01    0.53988E-01   -0.22483E-01   -0.46991E-01    0.20112E-01   -0.21640E-01    0.11965E-01   -0.34941E-02   -0.52631E-01    0.48250E-02    0.37955E-01    0.10521E-01    0.67285E-02   -0.33998E-01    0.51547E-02    0.16190E-01   -0.28009E-01    0.47905E-01   -0.72082E-02   -0.21806E-01
   -0.10029E-04    0.14248E-03   -0.86417E-05   -0.68270E-04   -0.55140E-02   -0.18160E-03    0.82608E-03    0.95432E+01    0.10407E+01    0.12054E+01   -0.88565E+00   -0.50711E+00    0.19678E+00    0.91739E-02   -0.15607E-01    0.83739E-02   -0.21881E-04    0.69191E-04    0.33186E-02    0.32290E-01    0.66095E+00   -0.10464E+00   -0.99720E-02    0.57658E-02   -0.26126E-02    0.15769E+00   -0.56979E-01   -0.27467E-01   -0.88343E-02   -0.50521E-01    0.13263E-01    0.19939E-01   -0.14726E-01   -0.58377E-01   -0.12048E+00    0.13373E+00    0.19148E-01   -0.11775E-01    0.13049E-01    0.70945E-01
   -0.67259E-05   -0.18289E-04    0.17550E-04    0.23199E-03   -0.88048E-03    0.60325E-04    0.61624E-03   -0.98776E+01    0.54212E+00    0.82422E+00   -0.68486E+00   -0.48697E+00    0.10180E+00    0.43276E-02   -0.55451E-02   -0.77995E-02   -0.20602E-04    0.43699E-04   -0.30221E-02    0.53988E-01   -0.10464E+00    0.91969E+00   -0.11402E-01    0.42174E-02    0.95434E-02   -0.15669E+00    0.20138E+00    0.68072E-01   -0.26460E-01    0.56975E-01   -0.11890E+00    0.26143E-01    0.35779E-01    0.13753E-01    0.14852E+00   -0.23051E+00    0.41710E-01    0.12837E+00    0.15200E-01   -0.21151E+00
   -0.73311E-05    0.14897E-04   -0.23130E-05    0.15456E-03   -0.15809E-03    0.36088E-04    0.27020E-03   -0.29014E+00    0.28715E+00   -0.77088E-01   -0.37765E-01    0.48245E-01   -0.93700E-02    0.91486E-03    0.15838E-02   -0.13798E-02   -0.44984E-05    0.15977E-04    0.24080E-02   -0.22483E-01   -0.99720E-02   -0.11402E-01    0.10146E+01    0.12957E-01    0.12711E-01   -0.27502E-01   -0.26851E-01    0.18720E+00    0.43882E-02    0.74490E-01   -0.30149E-02    0.41795E-01   -0.35017E-01   -0.66710E-02    0.12210E+00   -0.46838E-01    0.55184E-01    0.28938E-03   -0.18867E+00    0.11398E+00
    0.15930E-05    0.48588E-04    0.11765E-05    0.12638E-03   -0.47383E-03   -0.73557E-04    0.45561E-03    0.21760E+00   -0.57671E-01   -0.52169E-01    0.81241E-01   -0.15199E-01   -0.68456E-01    0.35305E-03   -0.63653E-02   -0.10554E-02   -0.16536E-05   -0.41219E-04    0.70131E-03   -0.46991E-01    0.57658E-02    0.42174E-02    0.12957E-01    0.10212E+01   -0.10945E-02    0.51864E-01   -0.69662E-01    0.98226E-01   -0.88533E-01    0.29980E-01    0.79568E-01    0.10049E+00    0.34638E-01    0.18623E+00   -0.98810E-01    0.77864E-01    0.73274E-01    0.10410E-01   -0.11654E+00    0.57776E-01
    0.41320E-05   -0.41802E-04    0.15304E-05    0.24897E-03    0.10266E-02    0.30213E-04    0.41517E-03   -0.80903E+00   -0.87550E-01   -0.17684E+00    0.40785E-01    0.53160E-01    0.13610E-01    0.68877E-03    0.16544E-02    0.15792E-03   -0.92598E-05   -0.24598E-04    0.52742E-02    0.20112E-01   -0.26126E-02    0.95434E-02    0.12711E-01   -0.10945E-02    0.98397E+00    0.16323E-01    0.42398E-01   -0.27138E-01    0.23387E-01    0.73339E-01    0.75476E-01   -0.56583E-01   -0.65429E-01    0.48517E-01    0.42955E-01    0.83113E-01   -0.64853E-01    0.80122E-01   -0.32109E-01   -0.19633E-01
    0.33177E-05    0.74138E-04   -0.98980E-05    0.96299E-04   -0.32647E-02    0.75091E-04    0.66798E-03    0.91411E+00   -0.19392E+01    0.10638E+01    0.10041E+01   -0.32274E+00   -0.10335E+00    0.73535E-02   -0.28959E-01    0.65823E-02    0.10122E-04    0.21114E-03    0.38275E-02   -0.21640E-01    0.15769E+00   -0.15669E+00   -0.27502E-01    0.51864E-01    0.16323E-01    0.87387E+00   -0.12334E-01    0.33286E-01   -0.19147E-01    0.79030E-02    0.14607E-01    0.12273E+00   -0.98116E-01    0.60074E-01   -0.62584E-01    0.64792E+00    0.26124E+00   -0.36624E-01   -0.88248E-01    0.92726E-01
   -0.42706E-05   -0.14610E-04    0.47229E-05    0.10125E-03   -0.16954E-02    0.64378E-04    0.19858E-03   -0.51692E+01   -0.83949E+00    0.62927E-01    0.20194E+00   -0.54600E-01    0.12256E+00   -0.19890E-02    0.46036E-03    0.60079E-04   -0.60244E-05    0.22268E-04    0.52777E-03    0.11965E-01   -0.56979E-01    0.20138E+00   -0.26851E-01   -0.69662E-01    0.42398E-01   -0.12334E-01    0.10002E+01    0.36706E-01    0.16427E-01    0.12623E-01    0.47262E-01   -0.18084E-01   -0.57756E-01   -0.47403E-02    0.12848E+00   -0.86458E-01    0.26720E+00    0.79138E+00    0.27611E+00   -0.18050E+00
    0.10005E-04   -0.40909E-04    0.20333E-04    0.38047E-03    0.96329E-03    0.96304E-04    0.71249E-03    0.14520E+00   -0.58384E-01   -0.35767E-01    0.18995E-01   -0.42962E-01   -0.10907E+00   -0.57213E-03   -0.11059E-02   -0.49685E-02    0.52192E-05    0.67721E-05    0.97510E-03   -0.34941E-02   -0.27467E-01    0.68072E-01    0.18720E+00    0.98226E-01   -0.27138E-01    0.33286E-01    0.36706E-01    0.10101E+01    0.47318E-02   -0.18367E-01    0.95083E-01   -0.39232E-01    0.13920E+00    0.16416E+00   -0.14161E+00   -0.16917E+00    0.67566E+00    0.17118E+00   -0.60278E+00    0.18392E+00
   -0.71959E-05   -0.16587E-05   -0.10607E-04   -0.96137E-04    0.21619E-03    0.75681E-05   -0.20466E-03    0.11834E+00    0.97553E-01   -0.23111E+00    0.10426E+00    0.27630E+00   -0.30593E-01   -0.17732E-02    0.13707E-02    0.82175E-02   -0.39566E-05    0.64401E-04    0.77715E-02   -0.52631E-01   -0.88343E-02   -0.26460E-01    0.43882E-02   -0.88533E-01    0.23387E-01   -0.19147E-01    0.16427E-01    0.47318E-02    0.96850E+00    0.22779E-01   -0.79270E-02   -0.93489E-01   -0.18212E+00   -0.13127E-01   -0.86990E-01   -0.70048E-01    0.71972E-01   -0.31901E-01    0.28204E+00    0.66072E+00
   -0.72903E-06   -0.37710E-04    0.12796E-04   -0.11603E-03    0.17215E-02    0.21170E-03   -0.40929E-03   -0.12838E+01   -0.23291E+00    0.32597E+00    0.24680E-01   -0.23881E+00    0.54139E-02   -0.31713E-02   -0.54524E-02   -0.10138E-01   -0.58737E-05    0.32738E-04   -0.83642E-02    0.48250E-02   -0.50521E-01    0.56975E-01    0.74490E-01    0.29980E-01    0.73339E-01    0.79030E-02    0.12623E-01   -0.18367E-01    0.22779E-01    0.97404E+00   -0.75247E-01    0.58577E-01    0.13459E-02    0.16808E+00    0.31698E-01    0.12179E+00   -0.56041E+00    0.37898E+00   -0.32500E+00    0.23875E+00
    0.21121E-05   -0.19912E-04    0.11382E-04   -0.31184E-03    0.30637E-02   -0.64068E-04   -0.67378E-03    0.11899E+01    0.11756E+01   -0.15696E+01   -0.35019E+00    0.52625E+00   -0.61738E-01   -0.99431E-02    0.32346E-01   -0.11645E-01    0.94769E-05   -0.19149E-03    0.53959E-02    0.37955E-01    0.13263E-01   -0.11890E+00   -0.30149E-02    0.79568E-01    0.75476E-01    0.14607E-01    0.47262E-01    0.95083E-01   -0.79270E-02   -0.75247E-01    0.91854E+00   -0.83835E-02    0.30974E-02   -0.11283E-01   -0.34431E-01    0.58859E+00    0.17582E+00    0.13994E+00    0.43312E-01   -0.68367E-01
    0.23576E-05    0.46297E-04   -0.87563E-05   -0.13482E-04   -0.35258E-02   -0.81129E-04    0.15932E-03   -0.27795E+00    0.40362E+00    0.10115E+01   -0.27013E+00   -0.67179E+00   -0.13544E-01   -0.51695E-02    0.43389E-02   -0.25153E-01    0.47980E-06    0.14095E-04   -0.11071E-02    0.10521E-01    0.19939E-01    0.26143E-01    0.41795E-01    0.10049E+00   -0.56583E-01    0.12273E+00   -0.18084E-01   -0.39232E-01   -0.93489E-01    0.58577E-01   -0.83835E-02    0.98875E+00    0.14259E-01   -0.18112E-01   -0.82809E-02    0.88147E-01    0.17517E+00   -0.24481E-01    0.13986E+00    0.13923E+00
    0.11699E-04   -0.20205E-05    0.20111E-04    0.14253E-03    0.24552E-02    0.10379E-03    0.34374E-03   -0.83389E+00    0.80018E+00    0.24973E+00   -0.37364E+00   -0.21119E+00   -0.33188E-01   -0.24862E-02    0.97284E-02   -0.51570E-02    0.14079E-04   -0.48981E-04    0.58503E-02    0.67285E-02   -0.14726E-01    0.35779E-01   -0.35017E-01    0.34638E-01   -0.65429E-01   -0.98116E-01   -0.57756E-01    0.13920E+00   -0.18212E+00    0.13459E-02    0.30974E-02    0.14259E-01    0.10056E+01   -0.71413E-02    0.13401E-02   -0.11088E+00    0.59076E-01    0.16132E+00    0.34337E-01   -0.10984E+00
    0.38822E-05   -0.71742E-05   -0.23923E-05   -0.24542E-03    0.52728E-03   -0.22149E-05   -0.54064E-03   -0.44868E+00   -0.76326E+00    0.46189E+00    0.26503E+00   -0.24658E+00   -0.14442E-01   -0.21511E-02   -0.49395E-02   -0.12784E-01    0.94285E-06   -0.84573E-05   -0.53784E-02   -0.33998E-01   -0.58377E-01    0.13753E-01   -0.66710E-02    0.18623E+00    0.48517E-01    0.60074E-01   -0.47403E-02    0.16416E+00   -0.13127E-01    0.16808E+00   -0.11283E-01   -0.18112E-01   -0.71413E-02    0.97886E+00    0.19334E-01    0.15599E-01    0.45566E-01    0.13256E+00   -0.26320E+00    0.14495E+00
    0.28933E-05   -0.27375E-04    0.16712E-04   -0.12603E-03    0.99976E-04    0.14192E-03   -0.49834E-03   -0.31144E+01   -0.28228E+00    0.13140E+00    0.38691E-02   -0.17747E+00    0.68307E-01   -0.16789E-02    0.42658E-02   -0.11464E-01   -0.56608E-05    0.84634E-05   -0.86925E-03    0.51547E-02   -0.12048E+00    0.14852E+00    0.12210E+00   -0.98810E-01    0.42955E-01   -0.62584E-01    0.12848E+00   -0.14161E+00   -0.86990E-01    0.31698E-01   -0.34431E-01   -0.82809E-02    0.13401E-02    0.19334E-01    0.97577E+00   -0.53045E-01   -0.76698E-01    0.21601E-01    0.16120E+00   -0.77800E-01
    0.22143E-05    0.44852E-04   -0.32507E-05   -0.25172E-03   -0.10329E-03    0.27313E-04   -0.20540E-03    0.18143E+01   -0.57892E+00   -0.29135E+00    0.47738E+00    0.11538E+00   -0.96989E-01   -0.83153E-03   -0.73592E-03   -0.22977E-02    0.12756E-04    0.24832E-04    0.42643E-02    0.16190E-01    0.13373E+00   -0.23051E+00   -0.46838E-01    0.77864E-01    0.83113E-01    0.64792E+00   -0.86458E-01   -0.16917E+00   -0.70048E-01    0.12179E+00    0.58859E+00    0.88147E-01   -0.11088E+00    0.15599E-01   -0.53045E-01    0.95831E+00   -0.12353E-01    0.20683E-01   -0.24407E-01    0.34917E-02
    0.51681E-05    0.20825E-04    0.44999E-05    0.33998E-03   -0.19464E-02   -0.61031E-04    0.89123E-03   -0.64081E+00   -0.47707E+00    0.38849E+00    0.26963E+00   -0.14079E+00   -0.90085E-01   -0.12590E-03   -0.15244E-02   -0.46188E-02    0.71439E-05    0.45208E-04    0.80574E-02   -0.28009E-01    0.19148E-01    0.41710E-01    0.55184E-01    0.73274E-01   -0.64853E-01    0.26124E+00    0.26720E+00    0.67566E+00    0.71972E-01   -0.56041E+00    0.17582E+00    0.17517E+00    0.59076E-01    0.45566E-01   -0.76698E-01   -0.12353E-01    0.10301E+01    0.31054E-01   -0.14538E-01   -0.25746E-02
    0.30259E-05   -0.38194E-04    0.13336E-04    0.81161E-04    0.30712E-03    0.17431E-03    0.14040E-03   -0.30500E+01   -0.27733E+00    0.32730E-01   -0.70596E-01   -0.16329E+00    0.61632E-01   -0.71354E-02    0.69247E-02   -0.57711E-02    0.13209E-05   -0.80405E-05   -0.17415E-03    0.47905E-01   -0.11775E-01    0.12837E+00    0.28938E-03    0.10410E-01    0.80122E-01   -0.36624E-01    0.79138E+00    0.17118E+00   -0.31901E-01    0.37898E+00    0.13994E+00   -0.24481E-01    0.16132E+00    0.13256E+00    0.21601E-01    0.20683E-01    0.31054E-01    0.10177E+01   -0.10619E-01    0.60637E-02
   -0.10047E-04    0.47381E-04   -0.11891E-04   -0.30524E-03   -0.17719E-02   -0.16647E-03   -0.49569E-03   -0.96465E+00    0.40218E+00    0.23957E+00   -0.16270E+00   -0.17266E-01    0.71784E-01   -0.54437E-02    0.13353E-01   -0.83483E-03   -0.17726E-05   -0.18645E-04    0.51991E-02   -0.72082E-02    0.13049E-01    0.15200E-01   -0.18867E+00   -0.11654E+00   -0.32109E-01   -0.88248E-01    0.27611E+00   -0.60278E+00    0.28204E+00   -0.32500E+00    0.43312E-01    0.13986E+00    0.34337E-01   -0.26320E+00    0.16120E+00   -0.24407E-01   -0.14538E-01   -0.10619E-01    0.95194E+00   -0.22768E-01
   -0.89498E-06    0.72241E-05   -0.10882E-04   -0.83437E-04   -0.71059E-04    0.66377E-04   -0.15616E-03    0.32784E+01    0.11527E+00   -0.24259E+00    0.15887E+00    0.21025E+00   -0.67414E-01   -0.34570E-02   -0.15027E-02    0.93930E-02   -0.11768E-05    0.56535E-04    0.36867E-02   -0.21806E-01    0.70945E-01   -0.21151E+00    0.11398E+00    0.57776E-01   -0.19633E-01    0.92726E-01   -0.18050E+00    0.18392E+00    0.66072E+00    0.23875E+00   -0.68367E-01    0.13923E+00   -0.10984E+00    0.14495E+00   -0.77800E-01    0.34917E-02   -0.25746E-02    0.60637E-02   -0.22768E-01    0.96451E+00
