# omegabh2 omegach2 theta tau mnu ns logA aps100 aps143 aps217 acib143 acib217 asz143 psr cibr ncib cal0 cal2 xi aksz bm_1_1
    0.10557E-06   -0.57649E-06    0.13135E-06    0.10556E-05   -0.51135E-04    0.18628E-05    0.11611E-05   -0.18797E-02   -0.96523E-03   -0.13265E-04   -0.14090E-03   -0.41551E-03    0.12384E-04    0.43022E-06   -0.80640E-05   -0.11008E-05    0.71772E-09   -0.21101E-07    0.37890E-05   -0.78353E-04   -0.12941E-04
   -0.57649E-06    0.80231E-05   -0.10447E-05   -0.11367E-04    0.31389E-03   -0.19469E-04   -0.50857E-05    0.11327E-01    0.53566E-02    0.23790E-02    0.18019E-03    0.11314E-02   -0.14321E-04    0.11482E-05    0.22956E-04    0.52043E-05   -0.89512E-08    0.14844E-06   -0.74976E-05    0.12207E-03    0.17075E-03
    0.13135E-06   -0.10447E-05    0.49503E-06    0.15896E-05   -0.91039E-04    0.33860E-05    0.15008E-05   -0.21847E-02   -0.10476E-02   -0.21808E-03   -0.94317E-04   -0.33308E-03   -0.27830E-05    0.11740E-05   -0.72401E-05    0.66696E-07    0.20592E-08   -0.36643E-07    0.33683E-05   -0.54261E-04   -0.20415E-04
    0.10556E-05   -0.11367E-04    0.15896E-05    0.17133E-03   -0.95410E-04    0.38092E-04    0.31453E-03   -0.48731E-01   -0.10122E-01    0.43980E-02   -0.41529E-02   -0.75235E-02   -0.43143E-03    0.14939E-04   -0.16374E-03   -0.80522E-05    0.22487E-07   -0.29058E-06    0.49977E-04   -0.20037E-02   -0.44854E-03
   -0.51135E-04    0.31389E-03   -0.91039E-04   -0.95410E-04    0.91068E-01   -0.13431E-02    0.76876E-04    0.14311E+01    0.49854E+00   -0.86455E-01    0.11817E+00    0.27624E+00    0.71746E-02   -0.67014E-03    0.71837E-02   -0.11427E-03    0.22509E-06    0.14091E-04   -0.24688E-02    0.72376E-01    0.61255E-02
    0.18628E-05   -0.19469E-04    0.33860E-05    0.38092E-04   -0.13431E-02    0.72113E-04    0.35959E-04   -0.74141E-01   -0.16349E-01    0.13008E-01   -0.67764E-02   -0.14407E-01   -0.61234E-03    0.49847E-04   -0.36094E-03   -0.10362E-05   -0.44683E-07   -0.19029E-06    0.11401E-03   -0.38655E-02   -0.21961E-03
    0.11611E-05   -0.50857E-05    0.15008E-05    0.31453E-03    0.76876E-04    0.35959E-04    0.62252E-03   -0.84788E-01   -0.46529E-02    0.27298E-01   -0.12399E-01   -0.19013E-01   -0.16601E-02    0.69094E-04   -0.46506E-03    0.14814E-04    0.70060E-07    0.26442E-06    0.13679E-03   -0.57195E-02    0.10546E-03
   -0.18797E-02    0.11327E-01   -0.21847E-02   -0.48731E-01    0.14311E+01   -0.74141E-01   -0.84788E-01    0.36150E+04    0.11625E+03   -0.12429E+03    0.76110E+02    0.98953E+02   -0.67111E+02   -0.84752E+00   -0.40284E+00    0.66810E+00    0.93150E-03   -0.33200E-03    0.18710E-01   -0.17317E+02    0.17160E+02
   -0.96523E-03    0.53566E-02   -0.10476E-02   -0.10122E-01    0.49854E+00   -0.16349E-01   -0.46529E-02    0.11625E+03    0.19035E+03    0.35615E+02   -0.37258E+02    0.16117E+01   -0.84266E+01   -0.11376E+00    0.88912E-01    0.33617E-01    0.28986E-04    0.13004E-02    0.11884E+01   -0.13480E+02    0.48082E+00
   -0.13265E-04    0.23790E-02   -0.21808E-03    0.43980E-02   -0.86455E-01    0.13008E-01    0.27298E-01   -0.12429E+03    0.35615E+02    0.29526E+03   -0.26665E+02   -0.11973E+03    0.12274E+01    0.94036E-01   -0.17268E+01   -0.92122E+00    0.44463E-04   -0.31456E-02    0.60435E+00   -0.11787E+02    0.10122E+01
   -0.14090E-03    0.18019E-03   -0.94317E-04   -0.41529E-02    0.11817E+00   -0.67764E-02   -0.12399E-01    0.76110E+02   -0.37258E+02   -0.26665E+02    0.30189E+02    0.15420E+02   -0.18621E+01   -0.12442E-01    0.96143E-01    0.89101E-01   -0.16766E-04   -0.39864E-03    0.11027E+00   -0.46967E+00   -0.41866E+00
   -0.41551E-03    0.11314E-02   -0.33308E-03   -0.75235E-02    0.27624E+00   -0.14407E-01   -0.19013E-01    0.98953E+02    0.16117E+01   -0.11973E+03    0.15420E+02    0.61189E+02   -0.59371E+00    0.32607E-02    0.79347E+00    0.55601E+00   -0.10532E-04    0.15531E-02   -0.31700E+00   -0.79951E+00   -0.30935E+00
    0.12384E-04   -0.14321E-04   -0.27830E-05   -0.43143E-03    0.71746E-02   -0.61234E-03   -0.16601E-02   -0.67111E+02   -0.84266E+01    0.12274E+01   -0.18621E+01   -0.59371E+00    0.77272E+01    0.40518E-01    0.26940E+00   -0.33557E-01    0.14268E-04   -0.20174E-03   -0.57375E-01   -0.21833E-01    0.18017E+00
    0.43022E-06    0.11482E-05    0.11740E-05    0.14939E-04   -0.67014E-03    0.49847E-04    0.69094E-04   -0.84752E+00   -0.11376E+00    0.94036E-01   -0.12442E-01    0.32607E-02    0.40518E-01    0.66089E-02   -0.57914E-02    0.44732E-02   -0.33450E-07   -0.86792E-05    0.36641E-02   -0.12979E-01    0.39100E-02
   -0.80640E-05    0.22956E-04   -0.72401E-05   -0.16374E-03    0.71837E-02   -0.36094E-03   -0.46506E-03   -0.40284E+00    0.88912E-01   -0.17268E+01    0.96143E-01    0.79347E+00    0.26940E+00   -0.57914E-02    0.50338E-01   -0.51056E-02   -0.39371E-06    0.37825E-04    0.47718E-03   -0.23544E-01   -0.71335E-02
   -0.11008E-05    0.52043E-05    0.66696E-07   -0.80522E-05   -0.11427E-03   -0.10362E-05    0.14814E-04    0.66810E+00    0.33617E-01   -0.92122E+00    0.89101E-01    0.55601E+00   -0.33557E-01    0.44732E-02   -0.51056E-02    0.15376E-01    0.24503E-06    0.31325E-06   -0.19559E-02   -0.15551E-02    0.73515E-02
    0.71772E-09   -0.89512E-08    0.20592E-08    0.22487E-07    0.22509E-06   -0.44683E-07    0.70060E-07    0.93150E-03    0.28986E-04    0.44463E-04   -0.16766E-04   -0.10532E-04    0.14268E-04   -0.33450E-07   -0.39371E-06    0.24503E-06    0.15708E-06   -0.79930E-08   -0.19530E-05   -0.79613E-06   -0.15547E-04
   -0.21101E-07    0.14844E-06   -0.36643E-07   -0.29058E-06    0.14091E-04   -0.19029E-06    0.26442E-06   -0.33200E-03    0.13004E-02   -0.31456E-02   -0.39864E-03    0.15531E-02   -0.20174E-03   -0.86792E-05    0.37825E-04    0.31325E-06   -0.79930E-08    0.18956E-05   -0.58834E-05   -0.24517E-04    0.10819E-03
    0.37890E-05   -0.74976E-05    0.33683E-05    0.49977E-04   -0.24688E-02    0.11401E-03    0.13679E-03    0.18710E-01    0.11884E+01    0.60435E+00    0.11027E+00   -0.31700E+00   -0.57375E-01    0.36641E-02    0.47718E-03   -0.19559E-02   -0.19530E-05   -0.58834E-05    0.82176E-01    0.32945E-02    0.18941E-02
   -0.78353E-04    0.12207E-03   -0.54261E-04   -0.20037E-02    0.72376E-01   -0.38655E-02   -0.57195E-02   -0.17317E+02   -0.13480E+02   -0.11787E+02   -0.46967E+00   -0.79951E+00   -0.21833E-01   -0.12979E-01   -0.23544E-01   -0.15551E-02   -0.79613E-06   -0.24517E-04    0.32945E-02    0.82027E+01   -0.35763E-01
   -0.12941E-04    0.17075E-03   -0.20415E-04   -0.44854E-03    0.61255E-02   -0.21961E-03    0.10546E-03    0.17160E+02    0.48082E+00    0.10122E+01   -0.41866E+00   -0.30935E+00    0.18017E+00    0.39100E-02   -0.71335E-02    0.73515E-02   -0.15547E-04    0.10819E-03    0.18941E-02   -0.35763E-01    0.32117E+00
