# omegabh2 omegach2 theta tau logA ns calPlanck aps100 aps143 aps217 acib217 asz143 psr xi aksz dust100 dust143 dust217 dust143x217 cal0 cal2 bm_1_1
    0.7535921E-07   -0.4824736E-06    0.8381232E-07    0.5783388E-05    0.1053387E-04    0.1598487E-05    0.1209986E-07   -0.1759586E-02   -0.9635518E-03    0.3599692E-03   -0.4842107E-03    0.9220590E-04    0.2486671E-05    0.4687807E-05   -0.1469181E-03   -0.2344990E-06    0.1563962E-06    0.2916570E-05   -0.2523401E-05    0.2585507E-08   -0.6216177E-07   -0.7190649E-06
   -0.4824736E-06    0.6616714E-05   -0.7772268E-06   -0.5658742E-04   -0.9708965E-04   -0.1841406E-04    0.1491449E-07    0.1013409E-01    0.6027663E-02   -0.1847943E-02    0.2919533E-02   -0.5222903E-03   -0.1102547E-04   -0.3467008E-04    0.8526454E-03    0.3792107E-05   -0.2525492E-05   -0.1445703E-04    0.1782595E-04   -0.3149306E-07    0.4272065E-06    0.1374743E-04
    0.8381232E-07   -0.7772268E-06    0.2783383E-06    0.8054455E-05    0.1447630E-04    0.2556258E-05    0.2309203E-07   -0.1670096E-02   -0.9519887E-03    0.2818349E-03   -0.4449330E-03    0.7883859E-04    0.2435026E-05    0.6575263E-05   -0.1198082E-03   -0.6864644E-07   -0.9605158E-06    0.2657209E-05   -0.3230539E-05    0.1856805E-08   -0.5090733E-07    0.2490723E-05
    0.5783388E-05   -0.5658742E-04    0.8054455E-05    0.1104976E-02    0.2062598E-02    0.2003979E-03   -0.3448985E-05   -0.2078648E+00   -0.9681295E-01    0.5837915E-01   -0.5997307E-01    0.1030144E-01    0.3431080E-03    0.7075022E-03   -0.1938974E-01   -0.1143534E-03   -0.4791154E-04    0.3088571E-03   -0.3243655E-03   -0.2837569E-06   -0.8952064E-05    0.2533298E-03
    0.1053387E-04   -0.9708965E-04    0.1447630E-04    0.2062598E-02    0.3898998E-02    0.3543340E-03    0.5713564E-05   -0.3860397E+00   -0.1776015E+00    0.1196082E+00   -0.1135826E+00    0.1958023E-01    0.6916062E-03    0.1365887E-02   -0.3796157E-01   -0.2407172E-03   -0.1740104E-03    0.6190079E-03   -0.6254735E-03   -0.1470655E-06   -0.1695757E-04    0.5373646E-03
    0.1598487E-05   -0.1841406E-04    0.2556258E-05    0.2003979E-03    0.3543340E-03    0.6537974E-04    0.4593693E-07   -0.5960960E-01   -0.2581950E-01    0.1719315E-01   -0.1608077E-01    0.2775061E-02    0.1152186E-03    0.1855840E-03   -0.5635755E-02    0.1073549E-04    0.5465288E-05    0.9797011E-04   -0.8003850E-04   -0.3277301E-06   -0.2020264E-05    0.9645445E-05
    0.1209986E-07    0.1491449E-07    0.2309203E-07   -0.3448985E-05    0.5713564E-05    0.4593693E-07    0.6212537E-05    0.2784040E-02    0.5376880E-03    0.1482180E-02    0.5708038E-03    0.6934860E-04    0.2747002E-05   -0.7161923E-05   -0.1194476E-03   -0.1603408E-05   -0.4048038E-05    0.9667364E-05   -0.5029452E-05   -0.8088768E-08   -0.3456200E-07   -0.8230183E-05
   -0.1759586E-02    0.1013409E-01   -0.1670096E-02   -0.2078648E+00   -0.3860397E+00   -0.5960960E-01    0.2784040E-02    0.5551837E+03    0.8302463E+02   -0.7444195E+02    0.4475297E+02   -0.2516930E+02   -0.1098626E+01   -0.2496327E+00    0.1287124E+02   -0.8479652E-02    0.7541978E-01   -0.9148379E-01   -0.1158543E+00    0.5922423E-02    0.1000413E-01    0.8786171E+00
   -0.9635518E-03    0.6027663E-02   -0.9519887E-03   -0.9681295E-01   -0.1776015E+00   -0.2581950E-01    0.5376880E-03    0.8302463E+02    0.6728732E+02    0.5334276E+01    0.1094973E+02   -0.3326767E+01    0.1508157E+00    0.7709138E+00   -0.4827857E+01   -0.1543669E-01   -0.1737779E+00   -0.9102057E-01    0.1743099E+00    0.4203837E-03    0.3917190E-03   -0.1095374E+00
    0.3599692E-03   -0.1847943E-02    0.2818349E-03    0.5837915E-01    0.1196082E+00    0.1719315E-01    0.1482180E-02   -0.7444195E+02    0.5334276E+01    0.1683880E+03   -0.7821096E+02    0.5274783E+01    0.5467566E+00    0.4720028E+00   -0.1016013E+02   -0.1972988E-01   -0.9645831E-01    0.6101792E+00   -0.1140239E+00    0.1209687E-02   -0.1127555E-01    0.1262682E+00
   -0.4842107E-03    0.2919533E-02   -0.4449330E-03   -0.5997307E-01   -0.1135826E+00   -0.1608077E-01    0.5708038E-03    0.4475297E+02    0.1094973E+02   -0.7821096E+02    0.4746007E+02   -0.2323115E+00   -0.1131370E+00   -0.3502397E+00   -0.4504320E+00    0.1013928E-01    0.5326421E-01   -0.4785271E+00    0.5626933E-02   -0.2884911E-03    0.5153318E-02   -0.7237464E-01
    0.9220590E-04   -0.5222903E-03    0.7883859E-04    0.1030144E-01    0.1958023E-01    0.2775061E-02    0.6934860E-04   -0.2516930E+02   -0.3326767E+01    0.5274783E+01   -0.2323115E+00    0.3827439E+01    0.1550257E+00   -0.6895719E-01   -0.3088534E+01   -0.2938597E-02   -0.2064850E-01   -0.4200879E-01    0.5489627E-01    0.4112996E-03   -0.1140008E-02    0.3978617E-01
    0.2486671E-05   -0.1102547E-04    0.2435026E-05    0.3431080E-03    0.6916062E-03    0.1152186E-03    0.2747002E-05   -0.1098626E+01    0.1508157E+00    0.5467566E+00   -0.1131370E+00    0.1550257E+00    0.1416658E-01    0.1589875E-01   -0.1718979E+00   -0.6467695E-04   -0.4043486E-03   -0.1544772E-02    0.4568047E-03    0.1990737E-04   -0.4736076E-04    0.1503703E-02
    0.4687807E-05   -0.3467008E-04    0.6575263E-05    0.7075022E-03    0.1365887E-02    0.1855840E-03   -0.7161923E-05   -0.2496327E+00    0.7709138E+00    0.4720028E+00   -0.3502397E+00   -0.6895719E-01    0.1589875E-01    0.8228070E-01    0.5900627E-01   -0.1325650E-03   -0.4425072E-03   -0.7946697E-04    0.1824570E-02    0.1330021E-04   -0.3471318E-04   -0.3298919E-02
   -0.1469181E-03    0.8526454E-03   -0.1198082E-03   -0.1938974E-01   -0.3796157E-01   -0.5635755E-02   -0.1194476E-03    0.1287124E+02   -0.4827857E+01   -0.1016013E+02   -0.4504320E+00   -0.3088534E+01   -0.1718979E+00    0.5900627E-01    0.7241235E+01   -0.9844420E-03    0.2220502E-01    0.3746058E-01   -0.4905185E-01   -0.3141193E-03    0.8254693E-03   -0.2975825E-01
   -0.2344990E-06    0.3792107E-05   -0.6864644E-07   -0.1143534E-03   -0.2407172E-03    0.1073549E-04   -0.1603408E-05   -0.8479652E-02   -0.1543669E-01   -0.1972988E-01    0.1013928E-01   -0.2938597E-02   -0.6467695E-04   -0.1325650E-03   -0.9844420E-03    0.3687714E-01    0.3758451E-02   -0.1660902E-03    0.5098572E-03    0.4171102E-04   -0.4137951E-05    0.3169415E-02
    0.1563962E-06   -0.2525492E-05   -0.9605158E-06   -0.4791154E-04   -0.1740104E-03    0.5465288E-05   -0.4048038E-05    0.7541978E-01   -0.1737779E+00   -0.9645831E-01    0.5326421E-01   -0.2064850E-01   -0.4043486E-03   -0.4425072E-03    0.2220502E-01    0.3758451E-02    0.3312472E-01   -0.2839044E-02    0.3065997E-02   -0.5960372E-04   -0.6139025E-04    0.2946440E-03
    0.2916570E-05   -0.1445703E-04    0.2657209E-05    0.3088571E-03    0.6190079E-03    0.9797011E-04    0.9667364E-05   -0.9148379E-01   -0.9102057E-01    0.6101792E+00   -0.4785271E+00   -0.4200879E-01   -0.1544772E-02   -0.7946697E-04    0.3746058E-01   -0.1660902E-03   -0.2839044E-02    0.1349375E-01    0.1128557E-01   -0.7923920E-06    0.6765501E-04    0.6596544E-03
   -0.2523401E-05    0.1782595E-04   -0.3230539E-05   -0.3243655E-03   -0.6254735E-03   -0.8003850E-04   -0.5029452E-05   -0.1158543E+00    0.1743099E+00   -0.1140239E+00    0.5626933E-02    0.5489627E-01    0.4568047E-03    0.1824570E-02   -0.4905185E-01    0.5098572E-03    0.3065997E-02    0.1128557E-01    0.3216746E-01    0.4673041E-05    0.9315091E-04    0.1215743E-02
    0.2585507E-08   -0.3149306E-07    0.1856805E-08   -0.2837569E-06   -0.1470655E-06   -0.3277301E-06   -0.8088768E-08    0.5922423E-02    0.4203837E-03    0.1209687E-02   -0.2884911E-03    0.4112996E-03    0.1990737E-04    0.1330021E-04   -0.3141193E-03    0.4171102E-04   -0.5960372E-04   -0.7923920E-06    0.4673041E-05    0.9460185E-06   -0.6975529E-07   -0.7162508E-04
   -0.6216177E-07    0.4272065E-06   -0.5090733E-07   -0.8952064E-05   -0.1695757E-04   -0.2020264E-05   -0.3456200E-07    0.1000413E-01    0.3917190E-03   -0.1127555E-01    0.5153318E-02   -0.1140008E-02   -0.4736076E-04   -0.3471318E-04    0.8254693E-03   -0.4137951E-05   -0.6139025E-04    0.6765501E-04    0.9315091E-04   -0.6975529E-07    0.3178668E-05   -0.4233233E-05
   -0.7190649E-06    0.1374743E-04    0.2490723E-05    0.2533298E-03    0.5373646E-03    0.9645445E-05   -0.8230183E-05    0.8786171E+00   -0.1095374E+00    0.1262682E+00   -0.7237464E-01    0.3978617E-01    0.1503703E-02   -0.3298919E-02   -0.2975825E-01    0.3169415E-02    0.2946440E-03    0.6596544E-03    0.1215743E-02   -0.7162508E-04   -0.4233233E-05    0.9883311E+00
