# omegabh2 omegach2 theta tau meffsterile nnu logA ns r calPlanck acib217 xi asz143 aps100 aps143 aps143217 aps217 aksz kgal100 kgal143 kgal143217 kgal217 cal0 cal2
    0.1002221E-06    0.3389099E-06   -0.1130526E-08    0.4472361E-05   -0.2427453E-05    0.5539223E-04    0.9798348E-05    0.3422337E-05    0.1998786E-05    0.6026011E-07   -0.6009923E-04   -0.1760038E-06    0.4560748E-05   -0.2045104E-04   -0.1318864E-03   -0.7155994E-04    0.3675866E-04   -0.1140844E-05    0.1487292E-04    0.8086046E-06   -0.2687226E-04   -0.7229965E-05    0.5338029E-08   -0.1064942E-07
    0.3389099E-06    0.1397829E-04   -0.1232261E-05    0.6095401E-05    0.4662010E-04    0.7930140E-03    0.4194922E-04    0.2371237E-04    0.2402729E-04   -0.3941366E-07    0.4423648E-02   -0.7706588E-04   -0.1163052E-02    0.1979601E-01    0.9872661E-02    0.2176747E-02   -0.1008841E-02    0.1887277E-02    0.3017510E-03    0.1320544E-03    0.3150470E-03   -0.7061757E-03   -0.5870147E-07    0.4635491E-06
   -0.1130526E-08   -0.1232261E-05    0.2828985E-06    0.9997393E-06   -0.1035370E-04   -0.6549673E-04   -0.4054325E-06   -0.1424980E-05   -0.2018747E-05    0.2562418E-07   -0.4427652E-03    0.6806978E-05    0.1010400E-03   -0.1805392E-02   -0.9819812E-03   -0.2783720E-03    0.9736870E-04   -0.1681039E-03   -0.3571237E-04   -0.3106690E-04   -0.7308946E-04    0.2657007E-04    0.7365576E-08   -0.5411253E-07
    0.4472361E-05    0.6095401E-05    0.9997393E-06    0.4363791E-03    0.7138592E-04    0.2896620E-02    0.8727311E-03    0.2125750E-03    0.4812657E-04   -0.5011124E-06   -0.3058430E-02   -0.2152580E-04   -0.4552760E-03    0.1359200E-02   -0.5135216E-02   -0.3226343E-02    0.2276379E-02    0.1218912E-04    0.1000903E-02    0.5838030E-04   -0.1378819E-02   -0.1095503E-02    0.7594390E-07   -0.7612966E-06
   -0.2427453E-05    0.4662010E-04   -0.1035370E-04    0.7138592E-04    0.2452598E-01    0.2344686E-02    0.3402995E-03   -0.4055696E-03   -0.8164383E-03    0.3554389E-05    0.3186507E-01   -0.3488145E-03   -0.1508579E-01    0.1805272E+00    0.1461471E+00    0.8574287E-01    0.5008513E-01    0.6823602E-02    0.6215861E-02    0.1504620E-02    0.1519897E-02    0.8004788E-02   -0.2818688E-05    0.6333937E-05
    0.5539223E-04    0.7930140E-03   -0.6549673E-04    0.2896620E-02    0.2344686E-02    0.6841428E-01    0.7496235E-02    0.3044049E-02    0.2272559E-02    0.2425465E-04    0.2553169E+00   -0.4303794E-02   -0.7697301E-01    0.1276777E+01    0.5700991E+00    0.1030483E+00   -0.5621988E-01    0.1181915E+00    0.2233430E-01    0.6320188E-02    0.6767949E-02   -0.5661831E-01   -0.3820459E-06    0.2282508E-04
    0.9798348E-05    0.4194922E-04   -0.4054325E-06    0.8727311E-03    0.3402995E-03    0.7496235E-02    0.1839854E-02    0.4716722E-03    0.1360963E-03    0.1150754E-04    0.3038004E-02   -0.1377609E-03   -0.3463075E-02    0.4989664E-01    0.1371740E-01    0.2274723E-02    0.9166992E-02    0.3018432E-02    0.2437744E-02   -0.2599110E-03   -0.2555037E-02   -0.1751225E-02    0.2782797E-06   -0.6096979E-06
    0.3422337E-05    0.2371237E-04   -0.1424980E-05    0.2125750E-03   -0.4055696E-03    0.3044049E-02    0.4716722E-03    0.1871334E-03    0.1443478E-03    0.2248552E-05    0.1765431E-02   -0.2115670E-04   -0.1241873E-02    0.1678283E-01    0.9084207E-02    0.4295033E-02    0.5027099E-02    0.1024214E-02    0.1099899E-02   -0.1016873E-03   -0.5288866E-03   -0.7452920E-03    0.1724362E-07    0.1057725E-06
    0.1998786E-05    0.2402729E-04   -0.2018747E-05    0.4812657E-04   -0.8164383E-03    0.2272559E-02    0.1360963E-03    0.1443478E-03    0.2102975E-02    0.3345097E-06   -0.1697399E-02   -0.8637189E-04    0.8732290E-03    0.6468052E-02    0.7573255E-02    0.1309194E-01    0.1192949E-01   -0.2126686E-02   -0.2739342E-02    0.1896274E-03    0.1406565E-02    0.5498331E-02   -0.3145745E-06    0.7775389E-06
    0.6026011E-07   -0.3941366E-07    0.2562418E-07   -0.5011124E-06    0.3554389E-05    0.2425465E-04    0.1150754E-04    0.2248552E-05    0.3345097E-06    0.6275941E-05    0.5783623E-03    0.1962314E-04    0.6511047E-05    0.2541048E-02    0.5327101E-03    0.7019931E-03    0.1401147E-02   -0.8882613E-04    0.1803615E-04   -0.6986760E-04    0.2766662E-04    0.9832727E-03    0.2178455E-07    0.1957217E-07
   -0.6009923E-04    0.4423648E-02   -0.4427652E-03   -0.3058430E-02    0.3186507E-01    0.2553169E+00    0.3038004E-02    0.1765431E-02   -0.1697399E-02    0.5783623E-03    0.5110705E+02   -0.4747723E+00   -0.1573832E+01    0.4670288E+02    0.4047993E+01   -0.1914821E+02   -0.6694919E+02    0.6922295E+00   -0.8028647E-01    0.2878463E+00   -0.3066844E+01   -0.2623105E+02   -0.1091914E-03    0.4601368E-02
   -0.1760038E-06   -0.7706588E-04    0.6806978E-05   -0.2152580E-04   -0.3488145E-03   -0.4303794E-02   -0.1377609E-03   -0.2115670E-04   -0.8637189E-04    0.1962314E-04   -0.4747723E+00    0.8029579E-01   -0.9843342E-01   -0.2562780E+00    0.8422900E+00    0.1512841E+01    0.6523817E+00    0.8982577E-01    0.2709514E-03    0.4623055E-02    0.5867390E-01    0.1117871E+00    0.3811824E-05   -0.1169646E-04
    0.4560748E-05   -0.1163052E-02    0.1010400E-03   -0.4552760E-03   -0.1508579E-01   -0.7697301E-01   -0.3463075E-02   -0.1241873E-02    0.8732290E-03    0.6511047E-05   -0.1573832E+01   -0.9843342E-01    0.3985821E+01   -0.3136398E+02   -0.4494809E+01    0.7578391E+01    0.6752127E+01   -0.3220587E+01   -0.1739383E+00    0.9531362E-01    0.2406378E+01    0.1889316E+01    0.1965390E-03   -0.4062954E-03
   -0.2045104E-04    0.1979601E-01   -0.1805392E-02    0.1359200E-02    0.1805272E+00    0.1276777E+01    0.4989664E-01    0.1678283E-01    0.6468052E-02    0.2541048E-02    0.4670288E+02   -0.2562780E+00   -0.3136398E+02    0.7504928E+03    0.8411744E+02   -0.5170961E+02   -0.7027841E+02    0.1748028E+02   -0.9658742E+00    0.1808839E+00   -0.1200183E+02   -0.1964512E+02    0.4264543E-02    0.4786016E-02
   -0.1318864E-03    0.9872661E-02   -0.9819812E-03   -0.5135216E-02    0.1461471E+00    0.5700991E+00    0.1371740E-01    0.9084207E-02    0.7573255E-02    0.5327101E-03    0.4047993E+01    0.8422900E+00   -0.4494809E+01    0.8411744E+02    0.6543788E+02    0.4220809E+02    0.1759890E+02   -0.3828544E+01   -0.3273760E+00   -0.9235934E+00    0.4378380E+01    0.4065564E+01    0.6399285E-04    0.6185579E-03
   -0.7155994E-04    0.2176747E-02   -0.2783720E-03   -0.3226343E-02    0.8574287E-01    0.1030483E+00    0.2274723E-02    0.4295033E-02    0.1309194E-01    0.7019931E-03   -0.1914821E+02    0.1512841E+01    0.7578391E+01   -0.5170961E+02    0.4220809E+02    0.8870079E+02    0.6621942E+02   -0.1311040E+02   -0.4637256E+00   -0.2469025E+00    0.4183102E+01    0.5573607E+01    0.6593027E-03   -0.2514553E-02
    0.3675866E-04   -0.1008841E-02    0.9736870E-04    0.2276379E-02    0.5008513E-01   -0.5621988E-01    0.9166992E-02    0.5027099E-02    0.1192949E-01    0.1401147E-02   -0.6694919E+02    0.6523817E+00    0.6752127E+01   -0.7027841E+02    0.1759890E+02    0.6621942E+02    0.1281933E+03   -0.1165860E+02   -0.1971757E+00   -0.5482613E+00    0.8272938E+00    0.2253699E+02    0.5586117E-03   -0.7986543E-02
   -0.1140844E-05    0.1887277E-02   -0.1681039E-03    0.1218912E-04    0.6823602E-02    0.1181915E+00    0.3018432E-02    0.1024214E-02   -0.2126686E-02   -0.8882613E-04    0.6922295E+00    0.8982577E-01   -0.3220587E+01    0.1748028E+02   -0.3828544E+01   -0.1311040E+02   -0.1165860E+02    0.7240422E+01    0.1434124E+00   -0.5730277E-01   -0.2172998E+01   -0.1683178E+01   -0.1430353E-03    0.2685353E-03
    0.1487292E-04    0.3017510E-03   -0.3571237E-04    0.1000903E-02    0.6215861E-02    0.2233430E-01    0.2437744E-02    0.1099899E-02   -0.2739342E-02    0.1803615E-04   -0.8028647E-01    0.2709514E-03   -0.1739383E+00   -0.9658742E+00   -0.3273760E+00   -0.4637256E+00   -0.1971757E+00    0.1434124E+00    0.3188417E+01    0.6742714E+00    0.2759137E+00    0.5094491E+00    0.4250340E-03    0.3950880E-04
    0.8086046E-06    0.1320544E-03   -0.3106690E-04    0.5838030E-04    0.1504620E-02    0.6320188E-02   -0.2599110E-03   -0.1016873E-03    0.1896274E-03   -0.6986760E-04    0.2878463E+00    0.4623055E-02    0.9531362E-01    0.1808839E+00   -0.9235934E+00   -0.2469025E+00   -0.5482613E+00   -0.5730277E-01    0.6742714E+00    0.3052101E+01    0.2313797E+01    0.1315200E+01   -0.3991234E-03   -0.2184662E-03
   -0.2687226E-04    0.3150470E-03   -0.7308946E-04   -0.1378819E-02    0.1519897E-02    0.6767949E-02   -0.2555037E-02   -0.5288866E-03    0.1406565E-02    0.2766662E-04   -0.3066844E+01    0.5867390E-01    0.2406378E+01   -0.1200183E+02    0.4378380E+01    0.4183102E+01    0.8272938E+00   -0.2172998E+01    0.2759137E+00    0.2313797E+01    0.1806271E+02    0.2786993E+02   -0.9065796E-04    0.2542661E-02
   -0.7229965E-05   -0.7061757E-03    0.2657007E-04   -0.1095503E-02    0.8004788E-02   -0.5661831E-01   -0.1751225E-02   -0.7452920E-03    0.5498331E-02    0.9832727E-03   -0.2623105E+02    0.1117871E+00    0.1889316E+01   -0.1964512E+02    0.4065564E+01    0.5573607E+01    0.2253699E+02   -0.1683178E+01    0.5094491E+00    0.1315200E+01    0.2786993E+02    0.6375582E+02   -0.9610474E-04    0.4439906E-02
    0.5338029E-08   -0.5870147E-07    0.7365576E-08    0.7594390E-07   -0.2818688E-05   -0.3820459E-06    0.2782797E-06    0.1724362E-07   -0.3145745E-06    0.2178455E-07   -0.1091914E-03    0.3811824E-05    0.1965390E-03    0.4264543E-02    0.6399285E-04    0.6593027E-03    0.5586117E-03   -0.1430353E-03    0.4250340E-03   -0.3991234E-03   -0.9065796E-04   -0.9610474E-04    0.5357517E-06    0.1261776E-07
   -0.1064942E-07    0.4635491E-06   -0.5411253E-07   -0.7612966E-06    0.6333937E-05    0.2282508E-04   -0.6096979E-06    0.1057725E-06    0.7775389E-06    0.1957217E-07    0.4601368E-02   -0.1169646E-04   -0.4062954E-03    0.4786016E-02    0.6185579E-03   -0.2514553E-02   -0.7986543E-02    0.2685353E-03    0.3950880E-04   -0.2184662E-03    0.2542661E-02    0.4439906E-02    0.1261776E-07    0.2088680E-05
