# omegabh2 omegach2 theta tau nnu yhe ns logA aps100 aps143 aps217 acib143 acib217 asz143 psr cibr ncib cal0 cal2 xi aksz bm_1_1 bm_1_2 bm_1_3 bm_1_4 bm_1_5 bm_2_1 bm_2_2 bm_2_3 bm_2_4 bm_2_5 bm_3_1 bm_3_2 bm_3_3 bm_3_4 bm_3_5 bm_4_1 bm_4_2 bm_4_3 bm_4_4 bm_4_5
    0.13626E-06   -0.92324E-06    0.40263E-06    0.20836E-05   -0.27913E-04    0.78716E-05    0.36009E-05    0.42831E-05    0.16776E-02    0.31546E-03   -0.10648E-03    0.19156E-03    0.25226E-03    0.52194E-04   -0.19531E-05    0.94137E-05   -0.22900E-05    0.15968E-10    0.20200E-07   -0.86394E-05    0.81089E-04   -0.15946E-04    0.18673E-05    0.48478E-06    0.15129E-05   -0.47984E-05   -0.42653E-05   -0.84285E-05    0.62566E-06   -0.22412E-04   -0.25763E-05    0.10293E-04    0.40213E-05    0.13291E-04   -0.39381E-05    0.25149E-05    0.58553E-05   -0.41564E-05   -0.68115E-05   -0.12670E-04   -0.13560E-04
   -0.92324E-06    0.56013E-04   -0.12475E-04   -0.28931E-04    0.29779E-02   -0.17968E-03   -0.17598E-04    0.12660E-04    0.82663E-02   -0.37745E-02    0.52260E-03   -0.19650E-02   -0.19434E-02   -0.15211E-02    0.61970E-05   -0.12497E-03    0.46582E-04    0.28516E-08   -0.39908E-07   -0.15763E-04   -0.26784E-03    0.52975E-03   -0.43795E-04   -0.26569E-03    0.90260E-05    0.24399E-03    0.15537E-03    0.32013E-04    0.29209E-04    0.32718E-03    0.16679E-03   -0.91262E-04   -0.13533E-03   -0.28097E-03    0.60429E-04   -0.21227E-03    0.48471E-04    0.48141E-06    0.20209E-04    0.18992E-04    0.29808E-03
    0.40263E-06   -0.12475E-04    0.39188E-05    0.82945E-05   -0.69953E-03    0.63346E-04    0.11078E-04    0.68783E-05    0.95581E-02    0.37578E-02   -0.47663E-03    0.15915E-02    0.21818E-02    0.42683E-03   -0.80293E-05    0.66031E-04   -0.89754E-05    0.43291E-08    0.15000E-06   -0.22378E-04    0.49157E-03   -0.12604E-03    0.27374E-04    0.40136E-04    0.73763E-05   -0.39855E-04   -0.53689E-04   -0.43149E-04   -0.19560E-04   -0.11250E-03   -0.32869E-04    0.62418E-04    0.46339E-04    0.66414E-04   -0.90894E-05    0.37957E-04    0.14668E-04   -0.31066E-04   -0.23100E-04   -0.32838E-04   -0.66798E-04
    0.20836E-05   -0.28931E-04    0.82945E-05    0.23332E-03   -0.93556E-03    0.14570E-03    0.80328E-04    0.44075E-03   -0.83209E-02    0.95570E-02    0.12028E-01   -0.19474E-02   -0.31013E-02   -0.76000E-03   -0.15808E-05   -0.53209E-04   -0.26033E-04   -0.43534E-07   -0.32961E-06   -0.95621E-04   -0.17876E-02   -0.25000E-03    0.22345E-03   -0.21784E-03    0.97495E-04   -0.43532E-03   -0.39261E-03   -0.43476E-03   -0.91739E-04   -0.14895E-03   -0.26475E-03   -0.18330E-03    0.15706E-03    0.71081E-03    0.87602E-04   -0.14188E-03   -0.37092E-03   -0.22647E-03   -0.10071E-03    0.13517E-03    0.29968E-04
   -0.27913E-04    0.29779E-02   -0.69953E-03   -0.93556E-03    0.18091E+00   -0.10221E-01    0.98421E-04    0.16319E-02    0.37745E+00   -0.28311E+00   -0.30020E-01   -0.97534E-01   -0.10514E+00   -0.70311E-01    0.16157E-03   -0.52946E-02    0.17744E-02   -0.69386E-06    0.66644E-06   -0.71738E-03   -0.72135E-02    0.23648E-01    0.30659E-02   -0.11947E-01    0.30265E-02    0.12072E-01    0.65094E-02    0.29824E-02    0.36519E-02    0.14914E-01    0.73867E-02   -0.53221E-02   -0.10148E-01   -0.10293E-01    0.15845E-02   -0.11206E-01    0.89812E-04    0.18663E-02   -0.13823E-03   -0.39797E-03    0.11097E-01
    0.78716E-05   -0.17968E-03    0.63346E-04    0.14570E-03   -0.10221E-01    0.12468E-02    0.27016E-03    0.22847E-03    0.33627E+00    0.10533E+00   -0.48723E-02    0.41841E-01    0.55405E-01    0.38304E-02   -0.22742E-03    0.14243E-02   -0.11055E-03   -0.90679E-07    0.35552E-05   -0.51627E-03    0.14145E-01   -0.17244E-02    0.59378E-03    0.56707E-03    0.23383E-04   -0.10319E-02   -0.11706E-02   -0.67883E-03   -0.12224E-03   -0.20141E-02   -0.59462E-03    0.17337E-02    0.88599E-03    0.11402E-02   -0.29532E-04    0.35493E-03    0.44214E-03   -0.31799E-03   -0.16425E-03   -0.67795E-03   -0.10038E-02
    0.36009E-05   -0.17598E-04    0.11078E-04    0.80328E-04    0.98421E-04    0.27016E-03    0.16939E-03    0.18628E-03    0.64182E-01    0.39453E-01    0.15699E-01    0.42222E-02    0.81725E-02   -0.92261E-03   -0.11474E-04    0.16008E-03    0.14740E-04   -0.23806E-07    0.10504E-05   -0.12165E-03    0.18623E-02    0.60899E-04    0.44719E-03   -0.31422E-04    0.34269E-03   -0.27669E-03    0.13403E-03    0.99409E-04    0.18914E-03   -0.60719E-03   -0.71558E-04    0.49867E-03   -0.11979E-03    0.42522E-03    0.68949E-05   -0.64389E-04    0.39576E-03    0.16288E-03    0.11837E-03   -0.32013E-03   -0.31896E-03
    0.42831E-05    0.12660E-04    0.68783E-05    0.44075E-03    0.16319E-02    0.22847E-03    0.18628E-03    0.96804E-03    0.54994E-01    0.48201E-01    0.35806E-01   -0.36786E-02   -0.11836E-02   -0.54537E-02    0.10369E-04   -0.22225E-03    0.95698E-04   -0.53600E-08    0.13353E-06   -0.32201E-03   -0.22591E-02    0.97308E-03    0.77501E-03   -0.78449E-03    0.19977E-03   -0.55652E-03   -0.52170E-03   -0.88665E-03   -0.14033E-03   -0.14231E-03   -0.29209E-03   -0.19903E-03    0.35151E-03    0.10769E-02    0.27638E-03   -0.71992E-03   -0.41425E-03   -0.45569E-03   -0.11398E-03    0.12935E-03    0.43218E-03
    0.16776E-02    0.82663E-02    0.95581E-02   -0.83209E-02    0.37745E+00    0.33627E+00    0.64182E-01    0.54994E-01    0.27743E+04    0.86671E+02   -0.13995E+03    0.12723E+03    0.12071E+03   -0.64718E+02   -0.13628E+01    0.10096E+01    0.55836E+00    0.26945E-03    0.34719E-02   -0.72560E+00   -0.86112E+01    0.89631E+01   -0.97217E+01    0.42558E-01    0.27675E+00   -0.26256E+00   -0.14358E+01   -0.50675E+01   -0.99550E+00    0.36088E-01   -0.22907E+01    0.18781E+01    0.81531E+00    0.18172E+01   -0.19496E+01   -0.35387E+01    0.58483E+00   -0.94224E+00   -0.28591E+01    0.90241E+00    0.29702E+01
    0.31546E-03   -0.37745E-02    0.37578E-02    0.95570E-02   -0.28311E+00    0.10533E+00    0.39453E-01    0.48201E-01    0.86671E+02    0.23418E+03    0.82083E+02   -0.38834E+02   -0.14876E+02   -0.10460E+02   -0.17874E+00   -0.20492E+00   -0.20456E+00    0.22097E-03    0.36108E-02    0.13511E+01   -0.12252E+02    0.20525E+01    0.93352E+00    0.22463E+00    0.24094E+00   -0.28152E+00   -0.18043E+01   -0.10905E+00    0.29723E-01   -0.43461E+00    0.24712E+00    0.14480E+01    0.54167E+00    0.56616E+00   -0.62454E-01   -0.69229E-01   -0.32345E+00   -0.47800E+00    0.58758E+00    0.36930E+00   -0.95064E-01
   -0.10648E-03    0.52260E-03   -0.47663E-03    0.12028E-01   -0.30020E-01   -0.48723E-02    0.15699E-01    0.35806E-01   -0.13995E+03    0.82083E+02    0.22895E+03   -0.40115E+02   -0.81874E+02   -0.25160E+00    0.21726E-01   -0.94555E+00   -0.92421E+00    0.19499E-03   -0.46483E-02    0.39735E+00   -0.12319E+02    0.18868E+01    0.13253E+01   -0.74152E-01   -0.24468E+00   -0.20665E+00    0.13991E+01    0.11786E+01   -0.11233E+00    0.20060E+00    0.57113E+00   -0.13963E+01    0.10873E+01   -0.11300E+01    0.76082E+00    0.59438E+00   -0.17524E-01    0.64398E+00    0.61955E+00    0.44030E+00   -0.26367E+00
    0.19156E-03   -0.19650E-02    0.15915E-02   -0.19474E-02   -0.97534E-01    0.41841E-01    0.42222E-02   -0.36786E-02    0.12723E+03   -0.38834E+02   -0.40115E+02    0.29846E+02    0.22439E+02   -0.60733E+00   -0.25392E-01    0.33144E+00    0.15955E+00   -0.16358E-03   -0.60485E-03    0.45696E-01    0.63676E+00   -0.12105E+01   -0.62804E+00   -0.15209E+00   -0.56077E-01    0.52400E-01    0.66128E+00    0.50060E-02   -0.35440E-01    0.55777E-01   -0.23595E+00   -0.20682E+00   -0.14046E+00   -0.99977E-01   -0.19433E-01   -0.13275E+00    0.34163E+00    0.18710E+00   -0.15443E+00   -0.12814E+00    0.12907E+00
    0.25226E-03   -0.19434E-02    0.21818E-02   -0.31013E-02   -0.10514E+00    0.55405E-01    0.81725E-02   -0.11836E-02    0.12071E+03   -0.14876E+02   -0.81874E+02    0.22439E+02    0.41634E+02   -0.54231E+00    0.38699E-01    0.44562E+00    0.49342E+00   -0.82773E-04    0.21715E-02   -0.22642E+00    0.63691E+00   -0.68469E+00   -0.51363E+00    0.43061E-01    0.16950E-01    0.50827E-01   -0.57200E+00   -0.40121E+00    0.58110E-01    0.26714E-01   -0.35471E+00    0.59103E+00   -0.59015E+00    0.45127E+00   -0.35265E+00   -0.33790E+00    0.57756E-03   -0.24079E+00   -0.17700E+00   -0.19003E+00    0.26698E+00
    0.52194E-04   -0.15211E-02    0.42683E-03   -0.76000E-03   -0.70311E-01    0.38304E-02   -0.92261E-03   -0.54537E-02   -0.64718E+02   -0.10460E+02   -0.25160E+00   -0.60733E+00   -0.54231E+00    0.81263E+01    0.33473E-01    0.27930E+00   -0.13855E+00   -0.26854E-05    0.38424E-04   -0.38150E-01    0.12539E+00   -0.79611E-02    0.16276E+00   -0.64607E-01   -0.88185E-01    0.33970E-01   -0.66503E-01    0.31354E-01   -0.52157E-01   -0.42705E-01   -0.17371E-01    0.13893E-01   -0.29727E-01   -0.21514E-01   -0.66909E-02    0.13951E+00   -0.22462E-01   -0.61844E-01    0.54476E-02   -0.10247E-01   -0.92544E-01
   -0.19531E-05    0.61970E-05   -0.80293E-05   -0.15808E-05    0.16157E-03   -0.22742E-03   -0.11474E-04    0.10369E-04   -0.13628E+01   -0.17874E+00    0.21726E-01   -0.25392E-01    0.38699E-01    0.33473E-01    0.78147E-02   -0.73818E-02    0.82526E-02    0.11280E-05   -0.31223E-04    0.43005E-02   -0.25358E-01    0.13915E-01    0.44326E-02    0.19249E-02   -0.45941E-02    0.46767E-03    0.72414E-02   -0.67992E-03    0.86505E-03   -0.20169E-02    0.11261E-02   -0.11317E-01   -0.26867E-02   -0.99211E-03   -0.21218E-02    0.16806E-03   -0.16984E-02   -0.64107E-03   -0.27659E-02   -0.63792E-02   -0.10885E-02
    0.94137E-05   -0.12497E-03    0.66031E-04   -0.53209E-04   -0.52946E-02    0.14243E-02    0.16008E-03   -0.22225E-03    0.10096E+01   -0.20492E+00   -0.94555E+00    0.33144E+00    0.44562E+00    0.27930E+00   -0.73818E-02    0.36271E-01   -0.13529E-01   -0.28010E-05    0.83600E-04   -0.17409E-02    0.23079E-01   -0.32194E-01   -0.17354E-02   -0.55997E-02    0.22248E-02   -0.87972E-03   -0.25485E-01   -0.82156E-02    0.51516E-03   -0.29605E-03   -0.84534E-02    0.32907E-01   -0.47512E-03    0.70037E-02    0.20865E-03    0.74257E-02    0.25427E-02   -0.10746E-02   -0.22335E-02    0.63093E-02   -0.83467E-02
   -0.22900E-05    0.46582E-04   -0.89754E-05   -0.26033E-04    0.17744E-02   -0.11055E-03    0.14740E-04    0.95698E-04    0.55836E+00   -0.20456E+00   -0.92421E+00    0.15955E+00    0.49342E+00   -0.13855E+00    0.82526E-02   -0.13529E-01    0.21825E-01    0.17314E-05   -0.29037E-04   -0.11401E-02   -0.49814E-02    0.18372E-01   -0.86935E-02    0.35958E-02   -0.26341E-02   -0.56557E-03    0.61176E-02    0.65338E-03   -0.31504E-02    0.52283E-02   -0.66234E-02   -0.15835E-01   -0.19376E-01    0.48072E-02   -0.12075E-01   -0.13333E-01   -0.53096E-02   -0.47921E-02    0.62237E-03   -0.16925E-02    0.14166E-01
    0.15968E-10    0.28516E-08    0.43291E-08   -0.43534E-07   -0.69386E-06   -0.90679E-07   -0.23806E-07   -0.53600E-08    0.26945E-03    0.22097E-03    0.19499E-03   -0.16358E-03   -0.82773E-04   -0.26854E-05    0.11280E-05   -0.28010E-05    0.17314E-05    0.15144E-06    0.30118E-08    0.46519E-06   -0.12552E-04   -0.18119E-04    0.46880E-05    0.12666E-04   -0.25318E-05    0.12652E-04    0.11410E-05    0.96383E-06   -0.86035E-05    0.13333E-04   -0.50319E-05   -0.55575E-05   -0.12520E-04    0.33409E-05   -0.57729E-06    0.14131E-04   -0.33217E-05   -0.43958E-06   -0.76920E-05    0.14354E-04    0.28446E-05
    0.20200E-07   -0.39908E-07    0.15000E-06   -0.32961E-06    0.66644E-06    0.35552E-05    0.10504E-05    0.13353E-06    0.34719E-02    0.36108E-02   -0.46483E-02   -0.60485E-03    0.21715E-02    0.38424E-04   -0.31223E-04    0.83600E-04   -0.29037E-04    0.30118E-08    0.17139E-05   -0.13758E-04    0.45958E-04    0.77914E-04    0.54622E-04   -0.43149E-04    0.18120E-04    0.20351E-04    0.20159E-03    0.35875E-05    0.50801E-04   -0.76465E-05    0.34035E-04   -0.18706E-03   -0.14207E-04   -0.61757E-05    0.31684E-05   -0.19681E-04    0.18987E-04    0.45770E-04   -0.34696E-05   -0.74028E-04    0.13601E-04
   -0.86394E-05   -0.15763E-04   -0.22378E-04   -0.95621E-04   -0.71738E-03   -0.51627E-03   -0.12165E-03   -0.32201E-03   -0.72560E+00    0.13511E+01    0.39735E+00    0.45696E-01   -0.22642E+00   -0.38150E-01    0.43005E-02   -0.17409E-02   -0.11401E-02    0.46519E-06   -0.13758E-04    0.82598E-01   -0.83296E-02    0.41852E-02   -0.19421E-02   -0.40739E-02   -0.47394E-02    0.66864E-02    0.78553E-02   -0.70717E-03   -0.46010E-02   -0.40746E-02    0.10297E-02   -0.14165E-03    0.49937E-03   -0.31564E-02   -0.59160E-02   -0.66203E-03    0.72358E-02   -0.13445E-02    0.92798E-03    0.35101E-02   -0.38945E-02
    0.81089E-04   -0.26784E-03    0.49157E-03   -0.17876E-02   -0.72135E-02    0.14145E-01    0.18623E-02   -0.22591E-02   -0.86112E+01   -0.12252E+02   -0.12319E+02    0.63676E+00    0.63691E+00    0.12539E+00   -0.25358E-01    0.23079E-01   -0.49814E-02   -0.12552E-04    0.45958E-04   -0.83296E-02    0.80906E+01   -0.11743E+00   -0.65378E-02    0.22604E-01    0.47830E-01    0.39141E-01   -0.18723E-01   -0.95327E-01   -0.10881E+00   -0.72276E-01   -0.18362E-01   -0.11465E-01    0.40454E-01   -0.45195E-02   -0.33164E-01    0.31041E-01    0.50272E-02   -0.41935E-01   -0.13918E+00    0.37961E-01   -0.67070E-01
   -0.15946E-04    0.52975E-03   -0.12604E-03   -0.25000E-03    0.23648E-01   -0.17244E-02    0.60899E-04    0.97308E-03    0.89631E+01    0.20525E+01    0.18868E+01   -0.12105E+01   -0.68469E+00   -0.79611E-02    0.13915E-01   -0.32194E-01    0.18372E-01   -0.18119E-04    0.77914E-04    0.41852E-02   -0.11743E+00    0.71297E+00   -0.78325E-01   -0.11552E-01   -0.12588E-01   -0.90214E-02    0.18362E+00   -0.18519E-01   -0.55335E-01   -0.12490E-01   -0.20588E-01   -0.15648E-01    0.39996E-01    0.14332E-02   -0.71974E-01   -0.10480E+00    0.13918E+00    0.12889E-01    0.18044E-01    0.39258E-01    0.59983E-01
    0.18673E-05   -0.43795E-04    0.27374E-04    0.22345E-03    0.30659E-02    0.59378E-03    0.44719E-03    0.77501E-03   -0.97217E+01    0.93352E+00    0.13253E+01   -0.62804E+00   -0.51363E+00    0.16276E+00    0.44326E-02   -0.17354E-02   -0.86935E-02    0.46880E-05    0.54622E-04   -0.19421E-02   -0.65378E-02   -0.78325E-01    0.86317E+00   -0.42749E-02    0.27700E-01   -0.15760E-01   -0.13231E+00    0.15892E+00    0.54477E-01   -0.25313E-01    0.28626E-01   -0.12276E+00    0.82690E-02    0.48332E-01    0.99396E-02    0.12730E+00   -0.20856E+00    0.31719E-01    0.86619E-01    0.67134E-02   -0.20379E+00
    0.48478E-06   -0.26569E-03    0.40136E-04   -0.21784E-03   -0.11947E-01    0.56707E-03   -0.31422E-04   -0.78449E-03    0.42558E-01    0.22463E+00   -0.74152E-01   -0.15209E+00    0.43061E-01   -0.64607E-01    0.19249E-02   -0.55997E-02    0.35958E-02    0.12666E-04   -0.43149E-04   -0.40739E-02    0.22604E-01   -0.11552E-01   -0.42749E-02    0.10519E+01   -0.23314E-01    0.64403E-02   -0.62363E-01   -0.53679E-01    0.16838E+00   -0.12775E-01    0.91488E-01   -0.17621E-01    0.54246E-01    0.90768E-02   -0.43345E-01    0.70505E-01   -0.73416E-01    0.20497E-01    0.56681E-02   -0.17600E+00    0.11493E+00
    0.15129E-05    0.90260E-05    0.73763E-05    0.97495E-04    0.30265E-02    0.23383E-04    0.34269E-03    0.19977E-03    0.27675E+00    0.24094E+00   -0.24468E+00   -0.56077E-01    0.16950E-01   -0.88185E-01   -0.45941E-02    0.22248E-02   -0.26341E-02   -0.25318E-05    0.18120E-04   -0.47394E-02    0.47830E-01   -0.12588E-01    0.27700E-01   -0.23314E-01    0.10268E+01    0.83182E-02    0.46357E-01   -0.81748E-01    0.60435E-01   -0.62178E-01    0.49877E-01    0.62195E-01    0.95868E-01    0.55994E-01    0.13724E+00   -0.77219E-01    0.76404E-01    0.27881E-01   -0.89803E-02   -0.93220E-01    0.76454E-01
   -0.47984E-05    0.24399E-03   -0.39855E-04   -0.43532E-03    0.12072E-01   -0.10319E-02   -0.27669E-03   -0.55652E-03   -0.26256E+00   -0.28152E+00   -0.20665E+00    0.52400E-01    0.50827E-01    0.33970E-01    0.46767E-03   -0.87972E-03   -0.56557E-03    0.12652E-04    0.20351E-04    0.66864E-02    0.39141E-01   -0.90214E-02   -0.15760E-01    0.64403E-02    0.83182E-02    0.10241E+01    0.33830E-01    0.60327E-01   -0.28886E-01    0.48880E-01    0.57503E-01    0.70166E-01   -0.72291E-01   -0.84058E-01    0.51942E-01    0.53646E-01    0.87676E-01   -0.49866E-01    0.77807E-01   -0.32472E-02    0.12755E-01
   -0.42653E-05    0.15537E-03   -0.53689E-04   -0.39261E-03    0.65094E-02   -0.11706E-02    0.13403E-03   -0.52170E-03   -0.14358E+01   -0.18043E+01    0.13991E+01    0.66128E+00   -0.57200E+00   -0.66503E-01    0.72414E-02   -0.25485E-01    0.61176E-02    0.11410E-05    0.20159E-03    0.78553E-02   -0.18723E-01    0.18362E+00   -0.13231E+00   -0.62363E-01    0.46357E-01    0.33830E-01    0.83472E+00    0.33911E-01    0.52567E-02   -0.47908E-02   -0.66240E-03   -0.54075E-02    0.14239E+00   -0.11445E+00    0.29481E-01   -0.58663E-01    0.60604E+00    0.25582E+00   -0.26803E-01   -0.45221E-01    0.86982E-01
   -0.84285E-05    0.32013E-04   -0.43149E-04   -0.43476E-03    0.29824E-02   -0.67883E-03    0.99409E-04   -0.88665E-03   -0.50675E+01   -0.10905E+00    0.11786E+01    0.50060E-02   -0.40121E+00    0.31354E-01   -0.67992E-03   -0.82156E-02    0.65338E-03    0.96383E-06    0.35875E-05   -0.70717E-03   -0.95327E-01   -0.18519E-01    0.15892E+00   -0.53679E-01   -0.81748E-01    0.60327E-01    0.33911E-01    0.97777E+00    0.20283E-01    0.52812E-02    0.17367E-01    0.72404E-01   -0.33215E-01   -0.59325E-01   -0.51793E-02    0.14288E+00   -0.29056E-01    0.25970E+00    0.76610E+00    0.27246E+00   -0.17532E+00
    0.62566E-06    0.29209E-04   -0.19560E-04   -0.91739E-04    0.36519E-02   -0.12224E-03    0.18914E-03   -0.14033E-03   -0.99550E+00    0.29723E-01   -0.11233E+00   -0.35440E-01    0.58110E-01   -0.52157E-01    0.86505E-03    0.51516E-03   -0.31504E-02   -0.86035E-05    0.50801E-04   -0.46010E-02   -0.10881E+00   -0.55335E-01    0.54477E-01    0.16838E+00    0.60435E-01   -0.28886E-01    0.52567E-02    0.20283E-01    0.95787E+00    0.30798E-01    0.30538E-03    0.68484E-01   -0.19804E-01    0.14186E+00    0.16370E+00   -0.13911E+00   -0.19042E+00    0.62119E+00    0.14297E+00   -0.57893E+00    0.20825E+00
   -0.22412E-04    0.32718E-03   -0.11250E-03   -0.14895E-03    0.14914E-01   -0.20141E-02   -0.60719E-03   -0.14231E-03    0.36088E-01   -0.43461E+00    0.20060E+00    0.55777E-01    0.26714E-01   -0.42705E-01   -0.20169E-02   -0.29605E-03    0.52283E-02    0.13333E-04   -0.76465E-05   -0.40746E-02   -0.72276E-01   -0.12490E-01   -0.25313E-01   -0.12775E-01   -0.62178E-01    0.48880E-01   -0.47908E-02    0.52812E-02    0.30798E-01    0.99585E+00    0.63713E-02    0.25731E-01   -0.59554E-01   -0.14798E+00    0.13264E-01   -0.79641E-01   -0.47786E-01    0.10792E+00   -0.21684E-01    0.30061E+00    0.68781E+00
   -0.25763E-05    0.16679E-03   -0.32869E-04   -0.26475E-03    0.73867E-02   -0.59462E-03   -0.71558E-04   -0.29209E-03   -0.22907E+01    0.24712E+00    0.57113E+00   -0.23595E+00   -0.35471E+00   -0.17371E-01    0.11261E-02   -0.84534E-02   -0.66234E-02   -0.50319E-05    0.34035E-04    0.10297E-02   -0.18362E-01   -0.20588E-01    0.28626E-01    0.91488E-01    0.49877E-01    0.57503E-01   -0.66240E-03    0.17367E-01    0.30538E-03    0.63713E-02    0.10117E+01   -0.67596E-01    0.81975E-01    0.13687E-01    0.11516E+00   -0.15720E-01    0.12302E+00   -0.56616E+00    0.41470E+00   -0.35603E+00    0.23225E+00
    0.10293E-04   -0.91262E-04    0.62418E-04   -0.18330E-03   -0.53221E-02    0.17337E-02    0.49867E-03   -0.19903E-03    0.18781E+01    0.14480E+01   -0.13963E+01   -0.20682E+00    0.59103E+00    0.13893E-01   -0.11317E-01    0.32907E-01   -0.15835E-01   -0.55575E-05   -0.18706E-03   -0.14165E-03   -0.11465E-01   -0.15648E-01   -0.12276E+00   -0.17621E-01    0.62195E-01    0.70166E-01   -0.54075E-02    0.72404E-01    0.68484E-01    0.25731E-01   -0.67596E-01    0.92187E+00   -0.31393E-02    0.90569E-02   -0.57660E-02    0.17515E-01    0.57757E+00    0.16868E+00    0.14703E+00    0.86246E-01   -0.56651E-01
    0.40213E-05   -0.13533E-03    0.46339E-04    0.15706E-03   -0.10148E-01    0.88599E-03   -0.11979E-03    0.35151E-03    0.81531E+00    0.54167E+00    0.10873E+01   -0.14046E+00   -0.59015E+00   -0.29727E-01   -0.26867E-02   -0.47512E-03   -0.19376E-01   -0.12520E-04   -0.14207E-04    0.49937E-03    0.40454E-01    0.39996E-01    0.82690E-02    0.54246E-01    0.95868E-01   -0.72291E-01    0.14239E+00   -0.33215E-01   -0.19804E-01   -0.59554E-01    0.81975E-01   -0.31393E-02    0.10137E+01   -0.12724E-02   -0.17510E-01   -0.13715E-01    0.99169E-01    0.19880E+00   -0.43234E-01    0.14548E+00    0.19524E+00
    0.13291E-04   -0.28097E-03    0.66414E-04    0.71081E-03   -0.10293E-01    0.11402E-02    0.42522E-03    0.10769E-02    0.18172E+01    0.56616E+00   -0.11300E+01   -0.99977E-01    0.45127E+00   -0.21514E-01   -0.99211E-03    0.70037E-02    0.48072E-02    0.33409E-05   -0.61757E-05   -0.31564E-02   -0.45195E-02    0.14332E-02    0.48332E-01    0.90768E-02    0.55994E-01   -0.84058E-01   -0.11445E+00   -0.59325E-01    0.14186E+00   -0.14798E+00    0.13687E-01    0.90569E-02   -0.12724E-02    0.10194E+01    0.78927E-02    0.16885E-02   -0.12294E+00    0.58367E-01    0.15709E+00    0.38827E-01   -0.64649E-01
   -0.39381E-05    0.60429E-04   -0.90894E-05    0.87602E-04    0.15845E-02   -0.29532E-04    0.68949E-05    0.27638E-03   -0.19496E+01   -0.62454E-01    0.76082E+00   -0.19433E-01   -0.35265E+00   -0.66909E-02   -0.21218E-02    0.20865E-03   -0.12075E-01   -0.57729E-06    0.31684E-05   -0.59160E-02   -0.33164E-01   -0.71974E-01    0.99396E-02   -0.43345E-01    0.13724E+00    0.51942E-01    0.29481E-01   -0.51793E-02    0.16370E+00    0.13264E-01    0.11516E+00   -0.57660E-02   -0.17510E-01    0.78927E-02    0.94529E+00   -0.22470E-02   -0.12753E-01    0.70748E-01    0.10458E+00   -0.23446E+00    0.13258E+00
    0.25149E-05   -0.21227E-03    0.37957E-04   -0.14188E-03   -0.11206E-01    0.35493E-03   -0.64389E-04   -0.71992E-03   -0.35387E+01   -0.69229E-01    0.59438E+00   -0.13275E+00   -0.33790E+00    0.13951E+00    0.16806E-03    0.74257E-02   -0.13333E-01    0.14131E-04   -0.19681E-04   -0.66203E-03    0.31041E-01   -0.10480E+00    0.12730E+00    0.70505E-01   -0.77219E-01    0.53646E-01   -0.58663E-01    0.14288E+00   -0.13911E+00   -0.79641E-01   -0.15720E-01    0.17515E-01   -0.13715E-01    0.16885E-02   -0.22470E-02    0.10013E+01   -0.26477E-01   -0.39179E-01    0.26621E-01    0.19961E+00   -0.92702E-01
    0.58553E-05    0.48471E-04    0.14668E-04   -0.37092E-03    0.89812E-04    0.44214E-03    0.39576E-03   -0.41425E-03    0.58483E+00   -0.32345E+00   -0.17524E-01    0.34163E+00    0.57756E-03   -0.22462E-01   -0.16984E-02    0.25427E-02   -0.53096E-02   -0.33217E-05    0.18987E-04    0.72358E-02    0.50272E-02    0.13918E+00   -0.20856E+00   -0.73416E-01    0.76404E-01    0.87676E-01    0.60604E+00   -0.29056E-01   -0.19042E+00   -0.47786E-01    0.12302E+00    0.57757E+00    0.99169E-01   -0.12294E+00   -0.12753E-01   -0.26477E-01    0.91803E+00   -0.12333E-01    0.47650E-01    0.20185E-01   -0.32027E-02
   -0.41564E-05    0.48141E-06   -0.31066E-04   -0.22647E-03    0.18663E-02   -0.31799E-03    0.16288E-03   -0.45569E-03   -0.94224E+00   -0.47800E+00    0.64398E+00    0.18710E+00   -0.24079E+00   -0.61844E-01   -0.64107E-03   -0.10746E-02   -0.47921E-02   -0.43958E-06    0.45770E-04   -0.13445E-02   -0.41935E-01    0.12889E-01    0.31719E-01    0.20497E-01    0.27881E-01   -0.49866E-01    0.25582E+00    0.25970E+00    0.62119E+00    0.10792E+00   -0.56616E+00    0.16868E+00    0.19880E+00    0.58367E-01    0.70748E-01   -0.39179E-01   -0.12333E-01    0.10068E+01   -0.11227E-01    0.42758E-01    0.29369E-01
   -0.68115E-05    0.20209E-04   -0.23100E-04   -0.10071E-03   -0.13823E-03   -0.16425E-03    0.11837E-03   -0.11398E-03   -0.28591E+01    0.58758E+00    0.61955E+00   -0.15443E+00   -0.17700E+00    0.54476E-02   -0.27659E-02   -0.22335E-02    0.62237E-03   -0.76920E-05   -0.34696E-05    0.92798E-03   -0.13918E+00    0.18044E-01    0.86619E-01    0.56681E-02   -0.89803E-02    0.77807E-01   -0.26803E-01    0.76610E+00    0.14297E+00   -0.21684E-01    0.41470E+00    0.14703E+00   -0.43234E-01    0.15709E+00    0.10458E+00    0.26621E-01    0.47650E-01   -0.11227E-01    0.99300E+00   -0.23325E-01    0.19652E-01
   -0.12670E-04    0.18992E-04   -0.32838E-04    0.13517E-03   -0.39797E-03   -0.67795E-03   -0.32013E-03    0.12935E-03    0.90241E+00    0.36930E+00    0.44030E+00   -0.12814E+00   -0.19003E+00   -0.10247E-01   -0.63792E-02    0.63093E-02   -0.16925E-02    0.14354E-04   -0.74028E-04    0.35101E-02    0.37961E-01    0.39258E-01    0.67134E-02   -0.17600E+00   -0.93220E-01   -0.32472E-02   -0.45221E-01    0.27246E+00   -0.57893E+00    0.30061E+00   -0.35603E+00    0.86246E-01    0.14548E+00    0.38827E-01   -0.23446E+00    0.19961E+00    0.20185E-01    0.42758E-01   -0.23325E-01    0.97381E+00   -0.18271E-02
   -0.13560E-04    0.29808E-03   -0.66798E-04    0.29968E-04    0.11097E-01   -0.10038E-02   -0.31896E-03    0.43218E-03    0.29702E+01   -0.95064E-01   -0.26367E+00    0.12907E+00    0.26698E+00   -0.92544E-01   -0.10885E-02   -0.83467E-02    0.14166E-01    0.28446E-05    0.13601E-04   -0.38945E-02   -0.67070E-01    0.59983E-01   -0.20379E+00    0.11493E+00    0.76454E-01    0.12755E-01    0.86982E-01   -0.17532E+00    0.20825E+00    0.68781E+00    0.23225E+00   -0.56651E-01    0.19524E+00   -0.64649E-01    0.13258E+00   -0.92702E-01   -0.32027E-02    0.29369E-01    0.19652E-01   -0.18271E-02    0.10130E+01
