# omegabh2 omegach2 theta tau logA ns nrun aps100 aps143 aps217 acib143 acib217 asz143 psr cibr ncib xi aksz cal0 cal2 calTE calEE bm_1_1
    0.2784198E-07   -0.6319684E-07    0.1505997E-07    0.5418198E-06    0.1117522E-05    0.1029603E-06   -0.4129691E-06    0.1472089E-02   -0.1154003E-03   -0.6221021E-04   -0.2052541E-04   -0.8205216E-04    0.2231637E-04   -0.1371569E-05   -0.1816548E-05   -0.7881091E-06   -0.2717018E-07    0.2212487E-04    0.1429162E-07    0.3194237E-07   -0.1282987E-06   -0.2986116E-06    0.1439720E-04
   -0.6319684E-07    0.9671502E-06   -0.8410369E-07   -0.3038188E-05   -0.3928755E-05   -0.2303241E-05   -0.5237942E-06    0.7011857E-02    0.9459809E-03   -0.1329711E-02    0.7100809E-03    0.1265409E-02   -0.2761751E-03   -0.7523083E-05    0.2605517E-05    0.1580378E-04   -0.8605839E-05   -0.1869465E-03   -0.6269027E-07    0.1402880E-06   -0.8430010E-07   -0.6932683E-06    0.3936877E-04
    0.1505997E-07   -0.8410369E-07    0.7478187E-07    0.8099349E-06    0.1537205E-05    0.2380290E-06   -0.5202183E-07    0.3330909E-03    0.1935554E-03    0.7353293E-04   -0.1371927E-03   -0.9736044E-04    0.4784510E-04   -0.5997425E-07    0.2462978E-05   -0.4353305E-06    0.1053225E-05    0.5959959E-04    0.8863289E-10   -0.5085383E-07   -0.8235615E-07    0.8362551E-08    0.6096096E-05
    0.5418198E-06   -0.3038188E-05    0.8099349E-06    0.1046412E-03    0.2049427E-03    0.8667954E-05   -0.1546708E-04    0.8941000E-01   -0.4073145E-02   -0.2303069E-01   -0.8307033E-03    0.7559704E-02    0.2065516E-03   -0.1801925E-03    0.2387486E-03    0.9958638E-04   -0.3197100E-03    0.1567670E-02   -0.2118859E-06    0.9421159E-06   -0.6608038E-05   -0.9866794E-05    0.6994791E-03
    0.1117522E-05   -0.3928755E-05    0.1537205E-05    0.2049427E-03    0.4140791E-03    0.8963136E-05   -0.4414416E-04    0.2118756E+00    0.1272742E-03   -0.4692668E-01    0.3595820E-03    0.1888206E-01    0.3046188E-04   -0.3727717E-03    0.4611246E-03    0.2768392E-03   -0.6052349E-03    0.1889056E-02   -0.2783532E-06    0.3153923E-05   -0.1195931E-04   -0.1902441E-04    0.2075392E-02
    0.1029603E-06   -0.2303241E-05    0.2380290E-06    0.8667954E-05    0.8963136E-05    0.2129104E-04    0.1185114E-04   -0.3488153E-01   -0.7534814E-02    0.1264144E-01   -0.4323872E-02   -0.8762830E-02   -0.5878612E-03   -0.2985709E-05   -0.1431349E-03   -0.8812305E-04   -0.1418563E-03   -0.3764173E-02    0.4948596E-06    0.9610917E-06    0.1268571E-05   -0.4766090E-06    0.7472521E-05
   -0.4129691E-06   -0.5237942E-06   -0.5202183E-07   -0.1546708E-04   -0.4414416E-04    0.1185114E-04    0.5473285E-04   -0.6456606E-01   -0.4794786E-02    0.3377392E-01   -0.5802364E-02   -0.1647109E-01   -0.1292424E-02    0.5163509E-05   -0.2538337E-03   -0.1689711E-03    0.7381151E-05   -0.5195620E-02    0.4069416E-06   -0.6328570E-06    0.3558341E-05    0.5713373E-05   -0.5096835E-03
    0.1472089E-02    0.7011857E-02    0.3330909E-03    0.8941000E-01    0.2118756E+00   -0.3488153E-01   -0.6456606E-01    0.2267634E+04    0.4523571E+02   -0.8452315E+02    0.6390499E+02    0.5598508E+02   -0.5545979E+02   -0.7375152E+00   -0.2178457E+01    0.8740288E+00   -0.6127341E+00   -0.5864081E+01    0.5208061E-03    0.6704554E-02   -0.2119301E-01   -0.5073656E-01    0.1066951E+02
   -0.1154003E-03    0.9459809E-03    0.1935554E-03   -0.4073145E-02    0.1272742E-03   -0.7534814E-02   -0.4794786E-02    0.4523571E+02    0.1093923E+03    0.6094780E+01   -0.1741215E+02    0.1426317E+02   -0.3137377E+01   -0.1024539E+00    0.2678139E+00    0.2681186E+00    0.1175617E+01   -0.1087040E+02    0.2098559E-03    0.1735009E-02    0.6292457E-02    0.9743161E-03    0.5422690E+00
   -0.6221021E-04   -0.1329711E-02    0.7353293E-04   -0.2303069E-01   -0.4692668E-01    0.1264144E-01    0.3377392E-01   -0.8452315E+02    0.6094780E+01    0.3518488E+03   -0.1701133E+02   -0.1621679E+03   -0.1794304E+01   -0.1539970E-01   -0.2178703E+01   -0.2034542E+01    0.1031020E+01   -0.6806377E+01    0.1402620E-02   -0.3272647E-02    0.2562892E-02    0.8051089E-02   -0.1750171E+00
   -0.2052541E-04    0.7100809E-03   -0.1371927E-03   -0.8307033E-03    0.3595820E-03   -0.4323872E-02   -0.5802364E-02    0.6390499E+02   -0.1741215E+02   -0.1701133E+02    0.1724882E+02    0.1012905E+02   -0.1827555E+01    0.3775585E-01   -0.1375579E+00    0.1404175E+00   -0.1884888E-01   -0.2470335E+00   -0.1036624E-03   -0.7810234E-03   -0.1581010E-02    0.4918690E-03    0.3251808E-01
   -0.8205216E-04    0.1265409E-02   -0.9736044E-04    0.7559704E-02    0.1888206E-01   -0.8762830E-02   -0.1647109E-01    0.5598508E+02    0.1426317E+02   -0.1621679E+03    0.1012905E+02    0.8616029E+02    0.1411132E+01    0.6537904E-01    0.1031475E+01    0.1173572E+01   -0.4843921E+00   -0.2967389E+01   -0.3258432E-03    0.1999916E-02    0.2224859E-02   -0.8315898E-03    0.2528245E+00
    0.2231637E-04   -0.2761751E-03    0.4784510E-04    0.2065516E-03    0.3046188E-04   -0.5878612E-03   -0.1292424E-02   -0.5545979E+02   -0.3137377E+01   -0.1794304E+01   -0.1827555E+01    0.1411132E+01    0.6087079E+01    0.6787216E-01    0.3047210E+00   -0.4530669E-02   -0.2452229E-01   -0.8269214E+00    0.1195767E-03   -0.8555638E-03    0.8324754E-04    0.8278352E-03    0.6350967E-01
   -0.1371569E-05   -0.7523083E-05   -0.5997425E-07   -0.1801925E-03   -0.3727717E-03   -0.2985709E-05    0.5163509E-05   -0.7375152E+00   -0.1024539E+00   -0.1539970E-01    0.3775585E-01    0.6537904E-01    0.6787216E-01    0.9709282E-02   -0.4739601E-02    0.3661065E-02    0.2922990E-02   -0.3244377E-01    0.3574405E-05   -0.5364353E-04    0.2081760E-04    0.7735631E-04   -0.1889528E-02
   -0.1816548E-05    0.2605517E-05    0.2462978E-05    0.2387486E-03    0.4611246E-03   -0.1431349E-03   -0.2538337E-03   -0.2178457E+01    0.2678139E+00   -0.2178703E+01   -0.1375579E+00    0.1031475E+01    0.3047210E+00   -0.4739601E-02    0.6098466E-01    0.5267170E-02    0.6016782E-02    0.9265656E-02    0.1289251E-05    0.5791299E-05   -0.6981075E-04   -0.2012667E-04    0.1820296E-02
   -0.7881091E-06    0.1580378E-04   -0.4353305E-06    0.9958638E-04    0.2768392E-03   -0.8812305E-04   -0.1689711E-03    0.8740288E+00    0.2681186E+00   -0.2034542E+01    0.1404175E+00    0.1173572E+01   -0.4530669E-02    0.3661065E-02    0.5267170E-02    0.2398402E-01   -0.4288093E-02   -0.4151714E-01   -0.2328967E-05   -0.1728748E-04    0.4770516E-04    0.7123973E-05    0.9451739E-02
   -0.2717018E-07   -0.8605839E-05    0.1053225E-05   -0.3197100E-03   -0.6052349E-03   -0.1418563E-03    0.7381151E-05   -0.6127341E+00    0.1175617E+01    0.1031020E+01   -0.1884888E-01   -0.4843921E+00   -0.2452229E-01    0.2922990E-02    0.6016782E-02   -0.4288093E-02    0.8267560E-01    0.1267111E+00    0.1667300E-04   -0.9236089E-04   -0.1322038E-03   -0.6709795E-04    0.4979725E-02
    0.2212487E-04   -0.1869465E-03    0.5959959E-04    0.1567670E-02    0.1889056E-02   -0.3764173E-02   -0.5195620E-02   -0.5864081E+01   -0.1087040E+02   -0.6806377E+01   -0.2470335E+00   -0.2967389E+01   -0.8269214E+00   -0.3244377E-01    0.9265656E-02   -0.4151714E-01    0.1267111E+00    0.8618859E+01   -0.3475377E-03   -0.4915440E-03   -0.3195432E-02   -0.1885725E-02   -0.9430201E-01
    0.1429162E-07   -0.6269027E-07    0.8863289E-10   -0.2118859E-06   -0.2783532E-06    0.4948596E-06    0.4069416E-06    0.5208061E-03    0.2098559E-03    0.1402620E-02   -0.1036624E-03   -0.3258432E-03    0.1195767E-03    0.3574405E-05    0.1289251E-05   -0.2328967E-05    0.1667300E-04   -0.3475377E-03    0.7115229E-06    0.1376057E-06    0.2536816E-06    0.3472177E-07   -0.5472577E-04
    0.3194237E-07    0.1402880E-06   -0.5085383E-07    0.9421159E-06    0.3153923E-05    0.9610917E-06   -0.6328570E-06    0.6704554E-02    0.1735009E-02   -0.3272647E-02   -0.7810234E-03    0.1999916E-02   -0.8555638E-03   -0.5364353E-04    0.5791299E-05   -0.1728748E-04   -0.9236089E-04   -0.4915440E-03    0.1376057E-06    0.4239191E-05    0.1915777E-05   -0.4888226E-06    0.2311303E-03
   -0.1282987E-06   -0.8430010E-07   -0.8235615E-07   -0.6608038E-05   -0.1195931E-04    0.1268571E-05    0.3558341E-05   -0.2119301E-01    0.6292457E-02    0.2562892E-02   -0.1581010E-02    0.2224859E-02    0.8324754E-04    0.2081760E-04   -0.6981075E-04    0.4770516E-04   -0.1322038E-03   -0.3195432E-02    0.2536816E-06    0.1915777E-05    0.2113341E-04    0.8937688E-05    0.1501451E-03
   -0.2986116E-06   -0.6932683E-06    0.8362551E-08   -0.9866794E-05   -0.1902441E-04   -0.4766090E-06    0.5713373E-05   -0.5073656E-01    0.9743161E-03    0.8051089E-02    0.4918690E-03   -0.8315898E-03    0.8278352E-03    0.7735631E-04   -0.2012667E-04    0.7123973E-05   -0.6709795E-04   -0.1885725E-02    0.3472177E-07   -0.4888226E-06    0.8937688E-05    0.2334738E-04   -0.1576935E-03
    0.1439720E-04    0.3936877E-04    0.6096096E-05    0.6994791E-03    0.2075392E-02    0.7472521E-05   -0.5096835E-03    0.1066951E+02    0.5422690E+00   -0.1750171E+00    0.3251808E-01    0.2528245E+00    0.6350967E-01   -0.1889528E-02    0.1820296E-02    0.9451739E-02    0.4979725E-02   -0.9430201E-01   -0.5472577E-04    0.2311303E-03    0.1501451E-03   -0.1576935E-03    0.2279351E+00
