# omegabh2 omegach2 theta tau nnu yhe logA ns acib217 acibsz143 asz143 aps100 aps143 aps143217 aps217 aksz kgal100 t1gal143 t1gal143217 t1gal217 calib_100T calib_217T
    0.7738265E-07   -0.1915583E-06    0.1770038E-06    0.9313493E-06   -0.9191669E-05    0.4040739E-05    0.2319908E-05    0.1553462E-05    0.2426217E-03    0.8456460E-04    0.1693071E-04   -0.3537470E-03   -0.1466277E-03   -0.2979798E-03   -0.4086547E-03    0.2605047E-04    0.1521557E-02    0.1099370E-02    0.1170748E-02    0.1216608E-02   -0.7319973E-07   -0.2505545E-07
   -0.1915583E-06    0.4140467E-04   -0.9289763E-05   -0.1084484E-04    0.2471018E-02   -0.1353560E-03    0.3707044E-04    0.8797686E-05   -0.2559018E-02   -0.1105998E-02    0.3377817E-03   -0.3081943E-02   -0.3094374E-02    0.3786237E-03    0.8341890E-03   -0.5697021E-03    0.1517873E-02    0.4817220E-04   -0.7724041E-03   -0.1639961E-02   -0.2823771E-06    0.3743552E-06
    0.1770038E-06   -0.9289763E-05    0.2807063E-05    0.3681604E-05   -0.5819037E-03    0.4495333E-04   -0.2520769E-05    0.2215056E-05    0.2572568E-02    0.1143345E-02   -0.6604713E-05    0.1906280E-02    0.1177377E-02   -0.1373866E-02   -0.1841167E-02    0.3926385E-03    0.2616428E-02    0.2240147E-02    0.2693508E-02    0.3090560E-02   -0.1013914E-06   -0.2071933E-06
    0.9313493E-06   -0.1084484E-04    0.3681604E-05    0.1803202E-03   -0.4617897E-03    0.6820268E-04    0.3519272E-03    0.3344780E-04   -0.4461798E-02   -0.2971327E-02   -0.1828255E-02   -0.6940600E-02    0.4894465E-02    0.7795588E-02    0.6545890E-02   -0.9137934E-03   -0.1556140E-02   -0.8315095E-03   -0.1709665E-02   -0.1874905E-02    0.7369992E-06    0.1631466E-06
   -0.9191669E-05    0.2471018E-02   -0.5819037E-03   -0.4617897E-03    0.1543669E+00   -0.8619603E-02    0.2456236E-02    0.7270885E-03   -0.1893561E+00   -0.8096134E-01    0.1926937E-01   -0.1891341E+00   -0.2150476E+00    0.2821499E-01    0.6787623E-01   -0.3729086E-01   -0.2974652E-01   -0.9403990E-01   -0.1481712E+00   -0.1987713E+00   -0.1276046E-04    0.2347033E-04
    0.4040739E-05   -0.1353560E-03    0.4495333E-04    0.6820268E-04   -0.8619603E-02    0.8657243E-03    0.3852985E-04    0.9836554E-04    0.6622738E-01    0.2932738E-01    0.9806121E-03    0.5797923E-01    0.3008039E-01   -0.3430366E-01   -0.4748986E-01    0.1107189E-01    0.6147933E-01    0.5223507E-01    0.6302305E-01    0.7106865E-01   -0.3014604E-05   -0.4528100E-05
    0.2319908E-05    0.3707044E-04   -0.2520769E-05    0.3519272E-03    0.2456236E-02    0.3852985E-04    0.8072744E-03    0.1050968E-03    0.4644741E-03   -0.2639932E-02   -0.3681024E-02    0.1740199E-01    0.2548902E-01    0.2300294E-01    0.1619397E-01   -0.7974709E-03   -0.1249032E-01   -0.4281304E-01   -0.4340201E-01   -0.4353492E-01   -0.2476715E-05   -0.9074653E-07
    0.1553462E-05    0.8797686E-05    0.2215056E-05    0.3344780E-04    0.7270885E-03    0.9836554E-04    0.1050968E-03    0.7684472E-04    0.8894695E-02    0.3772582E-02   -0.6938322E-03    0.5803609E-02    0.1037326E-01    0.5092416E-03   -0.2177122E-02    0.2521318E-03    0.1909697E-01    0.1379991E-01    0.1542229E-01    0.1796825E-01   -0.8039131E-06   -0.8175231E-06
    0.2426217E-03   -0.2559018E-02    0.2572568E-02   -0.4461798E-02   -0.1893561E+00    0.6622738E-01    0.4644741E-03    0.8894695E-02    0.8056796E+02    0.3177142E+02    0.1212731E+01    0.3254049E+02   -0.1821658E+02   -0.7716666E+02   -0.9506386E+02   -0.2029290E+01   -0.3290388E+01   -0.1558461E+02   -0.1884674E+02   -0.2201780E+02   -0.6310299E-03   -0.4088888E-02
    0.8456460E-04   -0.1105998E-02    0.1143345E-02   -0.2971327E-02   -0.8096134E-01    0.2932738E-01   -0.2639932E-02    0.3772582E-02    0.3177142E+02    0.2186737E+02    0.2419306E+01   -0.4674660E+01   -0.2200982E+02   -0.5017943E+02   -0.3214508E+02   -0.1276049E+01   -0.3157588E+01   -0.8125614E+01   -0.1501627E+02   -0.1628730E+02   -0.2485872E-03   -0.4166324E-03
    0.1693071E-04    0.3377817E-03   -0.6604713E-05   -0.1828255E-02    0.1926937E-01    0.9806121E-03   -0.3681024E-02   -0.6938322E-03    0.1212731E+01    0.2419306E+01    0.5399301E+01   -0.3559694E+02   -0.1549833E+02   -0.5129701E+01   -0.9169248E+00   -0.2392365E+00   -0.1662448E+01   -0.1112028E+00    0.3597542E+01    0.3989616E+01   -0.1538910E-03    0.1634860E-03
   -0.3537470E-03   -0.3081943E-02    0.1906280E-02   -0.6940600E-02   -0.1891341E+00    0.5797923E-01    0.1740199E-01    0.5803609E-02    0.3254049E+02   -0.4674660E+01   -0.3559694E+02    0.7473512E+03    0.1688959E+03    0.5556211E+02    0.4465279E+00   -0.7940327E+01   -0.7557690E+02   -0.6203529E+02   -0.7095801E+02   -0.6804232E+02   -0.4330959E-02   -0.4298025E-02
   -0.1466277E-03   -0.3094374E-02    0.1177377E-02    0.4894465E-02   -0.2150476E+00    0.3008039E-01    0.2548902E-01    0.1037326E-01   -0.1821658E+02   -0.2200982E+02   -0.1549833E+02    0.1688959E+03    0.1193266E+03    0.9465377E+02    0.5360244E+02   -0.8111358E+01   -0.2149904E+02   -0.4247646E+02   -0.3596411E+02   -0.3182018E+02   -0.1390195E-02   -0.1233589E-02
   -0.2979798E-03    0.3786237E-03   -0.1373866E-02    0.7795588E-02    0.2821499E-01   -0.3430366E-01    0.2300294E-01    0.5092416E-03   -0.7716666E+02   -0.5017943E+02   -0.5129701E+01    0.5556211E+02    0.9465377E+02    0.1620319E+03    0.1223437E+03   -0.6418767E+01   -0.2044883E+02   -0.3016094E+02   -0.1952710E+02   -0.1927254E+02   -0.1305424E-02    0.2227920E-02
   -0.4086547E-03    0.8341890E-03   -0.1841167E-02    0.6545890E-02    0.6787623E-01   -0.4748986E-01    0.1619397E-01   -0.2177122E-02   -0.9506386E+02   -0.3214508E+02   -0.9169248E+00    0.4465279E+00    0.5360244E+02    0.1223437E+03    0.1614660E+03   -0.7319090E+01   -0.2398503E+02   -0.3124110E+02   -0.3957563E+02   -0.4364369E+02   -0.1160096E-02    0.6929096E-02
    0.2605047E-04   -0.5697021E-03    0.3926385E-03   -0.9137934E-03   -0.3729086E-01    0.1107189E-01   -0.7974709E-03    0.2521318E-03   -0.2029290E+01   -0.1276049E+01   -0.2392365E+00   -0.7940327E+01   -0.8111358E+01   -0.6418767E+01   -0.7319090E+01    0.7894775E+01   -0.2524916E+01   -0.4131002E+01   -0.4477623E+01   -0.4913913E+01   -0.1475833E-03    0.1579622E-03
    0.1521557E-02    0.1517873E-02    0.2616428E-02   -0.1556140E-02   -0.2974652E-01    0.6147933E-01   -0.1249032E-01    0.1909697E-01   -0.3290388E+01   -0.3157588E+01   -0.1662448E+01   -0.7557690E+02   -0.2149904E+02   -0.2044883E+02   -0.2398503E+02   -0.2524916E+01    0.2460365E+03    0.1646749E+03    0.1617388E+03    0.1595650E+03   -0.1330170E-01    0.1745297E-04
    0.1099370E-02    0.4817220E-04    0.2240147E-02   -0.8315095E-03   -0.9403990E-01    0.5223507E-01   -0.4281304E-01    0.1379991E-01   -0.1558461E+02   -0.8125614E+01   -0.1112028E+00   -0.6203529E+02   -0.4247646E+02   -0.3016094E+02   -0.3124110E+02   -0.4131002E+01    0.1646749E+03    0.2831177E+03    0.2847525E+03    0.2843221E+03    0.8550801E-02    0.6444312E-03
    0.1170748E-02   -0.7724041E-03    0.2693508E-02   -0.1709665E-02   -0.1481712E+00    0.6302305E-01   -0.4340201E-01    0.1542229E-01   -0.1884674E+02   -0.1501627E+02    0.3597542E+01   -0.7095801E+02   -0.3596411E+02   -0.1952710E+02   -0.3957563E+02   -0.4477623E+01    0.1617388E+03    0.2847525E+03    0.3269264E+03    0.3532565E+03    0.8397907E-02   -0.5096168E-02
    0.1216608E-02   -0.1639961E-02    0.3090560E-02   -0.1874905E-02   -0.1987713E+00    0.7106865E-01   -0.4353492E-01    0.1796825E-01   -0.2201780E+02   -0.1628730E+02    0.3989616E+01   -0.6804232E+02   -0.3182018E+02   -0.1927254E+02   -0.4364369E+02   -0.4913913E+01    0.1595650E+03    0.2843221E+03    0.3532565E+03    0.4065187E+03    0.8456930E-02   -0.1025383E-01
   -0.7319973E-07   -0.2823771E-06   -0.1013914E-06    0.7369992E-06   -0.1276046E-04   -0.3014604E-05   -0.2476715E-05   -0.8039131E-06   -0.6310299E-03   -0.2485872E-03   -0.1538910E-03   -0.4330959E-02   -0.1390195E-02   -0.1305424E-02   -0.1160096E-02   -0.1475833E-03   -0.1330170E-01    0.8550801E-02    0.8397907E-02    0.8456930E-02    0.3019761E-05    0.5393082E-07
   -0.2505545E-07    0.3743552E-06   -0.2071933E-06    0.1631466E-06    0.2347033E-04   -0.4528100E-05   -0.9074653E-07   -0.8175231E-06   -0.4088888E-02   -0.4166324E-03    0.1634860E-03   -0.4298025E-02   -0.1233589E-02    0.2227920E-02    0.6929096E-02    0.1579622E-03    0.1745297E-04    0.6444312E-03   -0.5096168E-02   -0.1025383E-01    0.5393082E-07    0.1540707E-05
