# omegabh2 omegach2 theta tau logA ns asz
  2.3910936E-07  -6.1984313E-07   6.4097173E-07   2.2430710E-06   4.7461784E-06   5.0950403E-06   5.7218532E-06
 -6.1984313E-07   2.0261765E-05  -7.3699178E-07  -1.5591198E-05   3.5181179E-05  -2.6687327E-05  -1.6618808E-04
  6.4097173E-07  -7.3699178E-07   4.8274036E-06   5.0172396E-06   1.6035641E-05   1.3963850E-05   1.3406125E-05
  2.2430710E-06  -1.5591198E-05   5.0172396E-06   1.9059964E-04   3.5146506E-04   7.0992549E-05  -8.1150108E-05
  4.7461784E-06   3.5181179E-05   1.6035641E-05   3.5146506E-04   9.1459203E-04   1.1992039E-04  -1.5112321E-03
  5.0950403E-06  -2.6687327E-05   1.3963850E-05   7.0992549E-05   1.1992039E-04   1.5738146E-04  -3.1595411E-04
  5.7218532E-06  -1.6618808E-04   1.3406125E-05  -8.1150108E-05  -1.5112321E-03  -3.1595411E-04   3.2604089E-01
