# omegabh2 omegach2 theta mnu logA ns DES_m1 DES_m2 DES_m3 DES_m4 DES_AIA DES_alphaIA DES_DzS1 DES_DzS2 DES_DzS3 DES_DzS4
  2.4807760E-07   3.8536845E-07  -1.4135388E-07   4.6629582E-06  -1.9975286E-06   6.5440746E-08  -4.1895944E-08  -3.0585753E-08   5.0402430E-08  -7.7867220E-08  -2.2939745E-06   3.0746626E-07  -2.8836890E-08  -4.7259395E-08   2.9684260E-08  -1.9059544E-08
  3.8536845E-07   2.9773093E-03   2.6607378E-03   4.6817565E-02  -2.2324234E-02  -5.3112513E-05   3.6942374E-06  -2.9276460E-05  -5.7005320E-05   3.8753046E-05   1.0293302E-02  -5.9629881E-03   3.3929970E-05  -4.1964528E-05  -1.6855867E-05   7.7958162E-06
 -1.4135388E-07   2.6607378E-03   3.5082136E-03   5.1619905E-02  -1.1803327E-02  -4.4610652E-05   1.1529986E-05  -1.2369473E-05  -1.5054950E-05  -5.0925917E-06   4.4808933E-03  -1.8696627E-03   2.0533310E-05  -7.6608367E-06  -4.3708900E-06  -9.4839020E-06
  4.6629582E-06   4.6817565E-02   5.1619905E-02   1.3705338E+00  -2.1926485E-01   1.3122733E-03  -2.7169481E-04  -2.8320244E-04  -1.2736021E-03   1.0520890E-05   8.9687190E-02  -1.1523949E-01  -1.7149913E-04  -2.1474614E-04  -4.0468050E-04  -2.8834963E-04
 -1.9975286E-06  -2.2324234E-02  -1.1803327E-02  -2.1926485E-01   2.5767636E-01   4.0673787E-04   6.8000576E-05   3.5030936E-04   1.8507280E-04  -1.0127267E-03  -9.2167110E-02   6.5482898E-02  -3.0300423E-04   5.5027059E-04   2.0386859E-05  -5.1982533E-04
  6.5440746E-08  -5.3112513E-05  -4.4610652E-05   1.3122733E-03   4.0673787E-04   3.9526769E-04   3.4047926E-07   2.7325281E-06  -5.1485413E-07  -1.7270425E-06  -4.0310664E-07  -2.6172444E-04   1.6839623E-06  -1.6464005E-06  -1.3439325E-06   1.6098906E-06
 -4.1895944E-08   3.6942374E-06   1.1529986E-05  -2.7169481E-04   6.8000576E-05   3.4047926E-07   5.1520272E-04   1.0415863E-05   5.6928545E-08  -9.0663265E-07   1.6714443E-03  -1.1868870E-03  -1.8784384E-05   9.8695780E-06   1.0360312E-06   5.4504480E-07
 -3.0585753E-08  -2.9276460E-05  -1.2369473E-05  -2.8320244E-04   3.5030936E-04   2.7325281E-06   1.0415863E-05   4.9807506E-04   1.2938236E-05   1.1930970E-05   1.0073790E-03  -1.0054930E-04   1.9051008E-05  -2.4054711E-05   8.6235504E-06   8.1913184E-06
  5.0402430E-08  -5.7005320E-05  -1.5054950E-05  -1.2736021E-03   1.8507280E-04  -5.1485413E-07   5.6928545E-08   1.2938236E-05   4.6341107E-04   5.1301952E-05  -2.6991045E-03   5.9156775E-04  -5.8682942E-06   1.2576026E-05  -1.7632960E-05   5.0125607E-05
 -7.7867220E-08   3.8753046E-05  -5.0925917E-06   1.0520890E-05  -1.0127267E-03  -1.7270425E-06  -9.0663265E-07   1.1930970E-05   5.1301952E-05   4.6331608E-04  -1.9353163E-04   1.4495731E-03   4.3880774E-06   6.4642929E-06   1.3377292E-05  -5.6957807E-05
 -2.2939745E-06   1.0293302E-02   4.4808933E-03   8.9687190E-02  -9.2167110E-02  -4.0310664E-07   1.6714443E-03   1.0073790E-03  -2.6991045E-03  -1.9353163E-04   8.0344391E-01   3.3574273E-01   3.3332803E-03   9.2817423E-04  -8.5848816E-04  -1.6625751E-03
  3.0746626E-07  -5.9629881E-03  -1.8696627E-03  -1.1523949E-01   6.5482898E-02  -2.6172444E-04  -1.1868870E-03  -1.0054930E-04   5.9156775E-04   1.4495731E-03   3.3574273E-01   5.2556151E+00  -3.9910788E-03   2.1014553E-04   8.4321947E-04  -1.2321055E-03
 -2.8836890E-08   3.3929970E-05   2.0533310E-05  -1.7149913E-04  -3.0300423E-04   1.6839623E-06  -1.8784384E-05   1.9051008E-05  -5.8682942E-06   4.3880774E-06   3.3332803E-03  -3.9910788E-03   2.2018867E-04   2.1791488E-05   6.8892176E-07  -3.3473193E-06
 -4.7259395E-08  -4.1964528E-05  -7.6608367E-06  -2.1474614E-04   5.5027059E-04  -1.6464005E-06   9.8695780E-06  -2.4054711E-05   1.2576026E-05   6.4642929E-06   9.2817423E-04   2.1014553E-04   2.1791488E-05   1.4242735E-04   6.6125304E-06   3.4119968E-06
  2.9684260E-08  -1.6855867E-05  -4.3708900E-06  -4.0468050E-04   2.0386859E-05  -1.3439325E-06   1.0360312E-06   8.6235504E-06  -1.7632960E-05   1.3377292E-05  -8.5848816E-04   8.4321947E-04   6.8892176E-07   6.6125304E-06   1.1295058E-04   1.8153505E-05
 -1.9059544E-08   7.7958162E-06  -9.4839020E-06  -2.8834963E-04  -5.1982533E-04   1.6098906E-06   5.4504480E-07   8.1913184E-06   5.0125607E-05  -5.6957807E-05  -1.6625751E-03  -1.2321055E-03  -3.3473193E-06   3.4119968E-06   1.8153505E-05   4.2787278E-04
