# omegabh2 omegach2 theta tau Alens ns logA aps100 aps143 aps217 acib143 acib217 asz143 psr cibr cal0 cal2 xi aksz bm_1_1 a_ps_act_148 a_ps_act_217 a_ps_spt_95 a_ps_spt_150 a_ps_spt_220 r_ps_spt_95x150 r_ps_spt_95x220 r_ps_150x220 act_dust_s act_dust_e cal_acts_148 cal_acts_217 cal_acte_148 cal_acte_217 cal_spt_95 cal_spt_150 cal_spt_220
7.188200E-08 -1.996300E-07 5.855700E-08 1.963500E-07 1.099000E-05 6.889100E-07 9.113700E-08 -6.967300E-04 -9.359700E-04 -6.338000E-04 -1.275200E-06 -2.749900E-05 1.592608E-05 -2.553700E-07 -3.051400E-07 2.113100E-09 2.264600E-09 -8.745600E-08 -3.316453E-05 -1.814400E-05 2.692000E-05 1.445600E-04 1.259700E-05 3.267000E-05 1.476000E-04 -5.764600E-08 -2.111000E-08 3.480900E-09 -3.634400E-07 8.218300E-07 8.443500E-07 5.742100E-07 8.711200E-07 5.297600E-07 9.602500E-07 8.912500E-07 6.638500E-07
-1.996300E-07 3.228700E-06 -2.420200E-07 -2.678300E-06 -6.158300E-05 -7.462700E-06 2.312500E-06 2.504100E-03 2.519000E-03 1.751900E-03 -2.153900E-05 3.358200E-05 -7.276012E-05 4.401400E-07 1.789400E-06 -8.767300E-09 -2.388500E-08 6.064300E-07 1.060286E-04 7.327800E-05 -6.690500E-05 -3.862000E-04 3.116800E-06 -7.569600E-05 -3.173900E-04 -2.886300E-06 -1.651800E-06 3.961200E-07 3.023900E-06 6.078100E-07 -2.724400E-06 -1.551500E-06 -2.529200E-06 -1.445100E-06 -2.604900E-06 -2.440900E-06 -1.683000E-06
5.855700E-08 -2.420200E-07 3.493000E-07 2.419000E-07 1.120700E-05 1.101100E-06 3.034600E-07 3.641000E-05 -4.908900E-04 -3.335600E-04 -1.828700E-06 -2.636100E-06 2.125251E-06 -1.275400E-07 1.627600E-07 2.192800E-09 -3.247900E-09 1.066100E-07 -1.608201E-05 5.225600E-06 1.329900E-05 9.780800E-05 8.720900E-06 1.561100E-05 9.722100E-05 1.256200E-07 1.215400E-07 -7.783500E-08 3.196100E-06 1.018300E-06 3.180600E-07 4.764100E-07 4.296300E-07 3.724800E-07 7.335500E-07 4.286300E-07 2.517300E-07
1.963500E-07 -2.678300E-06 2.419000E-07 2.034300E-04 -4.348000E-04 1.343900E-05 3.973400E-04 -1.387500E-02 -8.407600E-03 -4.091000E-03 8.113900E-06 6.660100E-05 -1.253674E-04 -6.499700E-06 -7.971700E-06 -2.710300E-08 4.235400E-07 1.155800E-05 3.172876E-04 -2.528600E-04 4.696500E-05 1.250900E-03 1.975000E-04 1.333600E-04 6.760100E-04 -5.496300E-06 6.830300E-06 4.166200E-06 -2.025800E-05 -3.567100E-05 5.536400E-06 3.852600E-06 7.863500E-06 7.262600E-06 9.720200E-06 2.868700E-06 9.273600E-06
1.099000E-05 -6.158300E-05 1.120700E-05 -4.348000E-04 1.037200E-02 1.762900E-04 -9.835100E-04 -2.190200E-01 -2.089900E-01 -1.435600E-01 -1.189100E-03 -1.145500E-02 -1.912741E-03 -4.675600E-05 -3.204000E-04 1.124400E-06 1.453900E-07 -8.275900E-05 -1.178644E-02 -3.131100E-03 8.268500E-03 3.056700E-02 9.544300E-03 9.604000E-03 4.260600E-02 -1.351800E-04 -6.760300E-04 1.747800E-05 2.358600E-05 9.384500E-05 2.187200E-04 1.222400E-04 1.916300E-04 8.571500E-05 2.129700E-04 2.154700E-04 1.513900E-04
6.889100E-07 -7.462700E-06 1.101100E-06 1.343900E-05 1.762900E-04 3.273700E-05 5.883800E-06 -3.368400E-02 -2.048000E-02 -1.244000E-02 1.733000E-05 -6.227500E-04 5.050668E-04 -7.154200E-06 -5.746600E-06 -3.163100E-08 2.105300E-07 -2.701700E-06 -5.868124E-04 -4.778700E-04 4.422400E-04 2.381900E-03 -2.543400E-05 5.087200E-04 2.207000E-03 7.784400E-06 1.482600E-05 8.744700E-07 9.502500E-06 1.311400E-05 1.550100E-05 9.107200E-06 1.535300E-05 8.494500E-06 1.741200E-05 1.483500E-05 8.171700E-06
9.113700E-08 2.312500E-06 3.034600E-07 3.973400E-04 -9.835100E-04 5.883800E-06 7.996900E-04 -2.895300E-02 -1.489800E-02 -6.117900E-03 -1.027000E-05 2.499000E-04 -3.838958E-04 -1.245300E-05 -1.389400E-05 -2.752400E-08 9.798500E-07 2.333900E-05 6.429265E-04 3.034100E-05 3.569700E-06 1.829400E-03 5.377800E-04 1.582800E-04 9.193100E-04 -1.869400E-05 2.400900E-06 8.192500E-06 -3.946300E-05 -7.472400E-05 5.576900E-06 4.388300E-06 1.081000E-05 1.179600E-05 1.538200E-05 1.535400E-06 1.652800E-05
-6.967300E-04 2.504100E-03 3.641000E-05 -1.387500E-02 -2.190200E-01 -3.368400E-02 -2.895300E-02 1.493700E+03 8.205700E+01 1.816600E+01 3.305100E-01 5.967600E+00 -9.976639E+00 2.620900E-02 -1.888600E-01 1.425300E-03 -9.232100E-04 2.802600E-02 5.115684E+00 1.501700E+01 -6.078400E-01 -3.538000E+00 4.610300E+00 -1.030400E+00 -3.792000E+00 -2.578800E-02 -4.246600E-01 -1.710900E-02 1.526500E-01 -3.984100E-02 -4.408600E-02 1.618400E-02 -3.935000E-02 1.382800E-02 -7.240100E-02 -4.397800E-02 -1.251000E-03
-9.359700E-04 2.519000E-03 -4.908900E-04 -8.407600E-03 -2.089900E-01 -2.048000E-02 -1.489800E-02 8.205700E+01 6.787900E+01 2.163100E+01 -8.402900E-02 1.052600E+00 -2.376082E+00 1.219100E-02 -8.456200E-03 -6.107700E-05 -1.211700E-03 1.528700E-02 9.292568E-01 -1.224900E-01 -2.815400E-01 -3.085800E+00 1.197800E+00 -4.501400E-01 -3.192100E+00 -1.558400E-02 -7.680900E-02 -1.476300E-02 4.726700E-02 5.043800E-02 -2.758300E-02 -9.156600E-03 -2.749100E-02 -1.063400E-02 -3.522500E-02 -2.626300E-02 -1.435700E-02
-6.338000E-04 1.751900E-03 -3.335600E-04 -4.091000E-03 -1.435600E-01 -1.244000E-02 -6.117900E-03 1.816600E+01 2.163100E+01 3.498200E+01 -7.157500E-01 -4.292500E+00 1.316742E+00 -8.587500E-03 -2.295700E-03 -1.426500E-05 -5.581400E-04 -6.236700E-03 -5.078042E-01 1.135100E-01 -4.406900E-02 -2.817900E+00 -9.010700E-01 2.703700E-02 -2.682500E+00 -1.658100E-02 5.054300E-02 2.408200E-02 1.738500E-02 2.351900E-02 -1.428400E-02 -2.776900E-02 -1.451500E-02 -2.671100E-02 -6.708700E-03 -1.365600E-02 -2.356000E-02
-1.275200E-06 -2.153900E-05 -1.828700E-06 8.113900E-06 -1.189100E-03 1.733000E-05 -1.027000E-05 3.305100E-01 -8.402900E-02 -7.157500E-01 4.010400E-01 7.788500E-01 2.006263E-01 -9.684500E-05 -1.034800E-02 -2.623400E-07 3.157400E-05 4.737200E-03 -4.350080E-01 -1.317000E-03 -1.283300E-01 -1.020400E-01 -3.731800E-02 -1.595600E-01 -1.238300E-01 2.407300E-02 1.706700E-02 -2.131400E-03 1.257100E-03 -3.981200E-03 3.435600E-04 8.721000E-04 2.815900E-04 7.938300E-04 -5.236800E-04 1.242500E-04 1.115400E-03
-2.749900E-05 3.358200E-05 -2.636100E-06 6.660100E-05 -1.145500E-02 -6.227500E-04 2.499000E-04 5.967600E+00 1.052600E+00 -4.292500E+00 7.788500E-01 3.554800E+00 -1.082169E-01 6.027700E-03 8.771100E-03 -3.383200E-06 4.760900E-04 1.116100E-03 -6.983619E-01 -2.089400E-02 -2.545400E-01 -2.146200E-01 1.941000E-01 -3.574900E-01 -5.070400E-01 3.945100E-02 1.581700E-02 -1.764900E-02 3.568000E-03 -1.005000E-02 -6.619700E-04 8.180400E-03 -7.345600E-04 7.615300E-03 -4.434800E-03 -9.185500E-04 5.368300E-03
1.592608E-05 -7.276012E-05 2.125251E-06 -1.253674E-04 -1.912741E-03 5.050668E-04 -3.838958E-04 -9.976639E+00 -2.376082E+00 1.316742E+00 2.006263E-01 -1.082169E-01 1.281512E+00 -4.507425E-04 2.075229E-02 1.124806E-05 -2.334789E-04 -4.640082E-03 -9.129973E-01 1.796582E-02 -1.016704E-01 -2.607297E-01 -6.800728E-01 -8.393480E-02 -4.799837E-01 2.272872E-02 6.346547E-02 2.472386E-04 -3.791622E-03 -4.282636E-03 2.223665E-03 -3.572780E-03 2.086212E-03 -3.473839E-03 4.940839E-03 1.205235E-03 -2.187839E-03
-2.553700E-07 4.401400E-07 -1.275400E-07 -6.499700E-06 -4.675600E-05 -7.154200E-06 -1.245300E-05 2.620900E-02 1.219100E-02 -8.587500E-03 -9.684500E-05 6.027700E-03 -4.507425E-04 3.795200E-04 -2.381800E-05 7.283600E-08 4.461400E-07 1.379200E-05 2.292082E-04 1.981300E-04 1.590800E-04 -3.030500E-03 -7.538600E-04 -1.025300E-04 -2.569200E-03 4.232700E-05 4.634900E-05 1.371800E-05 -4.275100E-05 -9.799500E-05 -1.090800E-05 -2.126300E-06 -5.568100E-06 3.147800E-06 -1.235700E-05 -4.945600E-06 7.778800E-06
-3.051400E-07 1.789400E-06 1.627600E-07 -7.971700E-06 -3.204000E-04 -5.746600E-06 -1.389400E-05 -1.888600E-01 -8.456200E-03 -2.295700E-03 -1.034800E-02 8.771100E-03 2.075229E-02 -2.381800E-05 2.451600E-03 -3.433000E-08 -1.781000E-06 6.775400E-06 -3.883559E-03 1.499600E-04 3.459100E-03 -6.554100E-04 -1.421700E-02 3.924900E-03 -1.796600E-02 -3.988300E-04 1.433600E-03 -3.356400E-04 -1.474600E-04 -8.989600E-05 2.383900E-05 1.758300E-05 2.115400E-05 1.103000E-05 9.980800E-05 3.224600E-06 -2.944500E-05
2.113100E-09 -8.767300E-09 2.192800E-09 -2.710300E-08 1.124400E-06 -3.163100E-08 -2.752400E-08 1.425300E-03 -6.107700E-05 -1.426500E-05 -2.623400E-07 -3.383200E-06 1.124806E-05 7.283600E-08 -3.433000E-08 1.589800E-07 1.097200E-09 -4.042800E-07 -1.491571E-05 -3.260500E-05 2.019600E-06 6.251600E-06 -6.416500E-06 -2.679800E-07 3.762700E-06 4.176300E-07 4.276800E-07 3.108200E-08 -8.191600E-08 -8.915500E-07 7.710100E-08 7.557100E-08 5.144300E-08 -1.561900E-08 -9.516000E-08 1.329700E-08 1.079200E-08
2.264600E-09 -2.388500E-08 -3.247900E-09 4.235400E-07 1.453900E-07 2.105300E-07 9.798500E-07 -9.232100E-04 -1.211700E-03 -5.581400E-04 3.157400E-05 4.760900E-04 -2.334789E-04 4.461400E-07 -1.781000E-06 1.097200E-09 6.405700E-07 4.922000E-07 1.049343E-04 4.895300E-06 4.440700E-06 1.549000E-05 1.304200E-04 -7.350600E-06 5.023500E-05 -4.081600E-07 -9.666500E-06 -1.966600E-06 -1.856900E-06 -1.321800E-06 1.513700E-08 1.660300E-06 -5.646900E-08 1.730400E-06 -7.720300E-07 1.380100E-07 1.311400E-06
-8.745600E-08 6.064300E-07 1.066100E-07 1.155800E-05 -8.275900E-05 -2.701700E-06 2.333900E-05 2.802600E-02 1.528700E-02 -6.236700E-03 4.737200E-03 1.116100E-03 -4.640082E-03 1.379200E-05 6.775400E-06 -4.042800E-07 4.922000E-07 1.301300E-03 7.121024E-03 -2.180500E-04 2.513600E-03 4.948900E-04 1.365400E-03 1.210200E-03 7.256800E-04 4.689800E-04 8.346400E-04 4.099900E-05 -5.503100E-05 -1.345100E-04 -2.484400E-06 3.721200E-06 -5.806800E-06 1.800000E-05 -1.146000E-05 8.049400E-06 5.131200E-05
-3.316453E-05 1.060286E-04 -1.608201E-05 3.172876E-04 -1.178644E-02 -5.868124E-04 6.429265E-04 5.115684E+00 9.292568E-01 -5.078042E-01 -4.350080E-01 -6.983619E-01 -9.129973E-01 2.292082E-04 -3.883559E-03 -1.491571E-05 1.049343E-04 7.121024E-03 1.427497E+00 8.609037E-03 4.777519E-02 3.757467E-01 2.550437E-01 7.286405E-02 5.724548E-01 -3.268937E-02 -4.472470E-02 5.198580E-03 -1.980780E-03 -1.282973E-03 -1.102310E-04 2.535627E-03 8.755904E-05 2.551671E-03 -1.646049E-03 -4.031661E-05 1.465344E-03
-1.814400E-05 7.327800E-05 5.225600E-06 -2.528600E-04 -3.131100E-03 -4.778700E-04 3.034100E-05 1.501700E+01 -1.224900E-01 1.135100E-01 -1.317000E-03 -2.089400E-02 1.796582E-02 1.981300E-04 1.499600E-04 -3.260500E-05 4.895300E-06 -2.180500E-04 8.609037E-03 5.482700E-01 -1.414900E-02 -2.239700E-02 -2.469800E-02 -1.233700E-02 -5.976600E-02 7.767600E-04 1.324500E-03 4.006200E-04 7.086300E-04 -1.617300E-03 -6.389200E-05 -1.592900E-04 -1.360400E-04 -1.359400E-04 1.532000E-04 -3.313100E-04 -2.287600E-04
2.692000E-05 -6.690500E-05 1.329900E-05 4.696500E-05 8.268500E-03 4.422400E-04 3.569700E-06 -6.078400E-01 -2.815400E-01 -4.406900E-02 -1.283300E-01 -2.545400E-01 -1.016704E-01 1.590800E-04 3.459100E-03 2.019600E-06 4.440700E-06 2.513600E-03 4.777519E-02 -1.414900E-02 3.123500E-01 -1.257400E-01 7.651400E-02 1.146200E-01 3.578200E-01 -5.785900E-03 -7.892300E-03 -3.014700E-03 -1.815000E-03 1.196600E-03 2.338700E-03 -8.571000E-04 2.177900E-03 -6.062800E-04 2.976900E-04 2.005900E-04 8.937200E-04
1.445600E-04 -3.862000E-04 9.780800E-05 1.250900E-03 3.056700E-02 2.381900E-03 1.829400E-03 -3.538000E+00 -3.085800E+00 -2.817900E+00 -1.020400E-01 -2.146200E-01 -2.607297E-01 -3.030500E-03 -6.554100E-04 6.251600E-06 1.549000E-05 4.948900E-04 3.757467E-01 -2.239700E-02 -1.257400E-01 1.333600E+01 2.964100E-01 1.044300E-01 9.679100E-01 -1.696600E-02 -2.779800E-02 -3.343000E-03 3.663900E-02 3.483000E-02 2.410700E-03 4.903800E-02 2.391100E-03 3.905900E-02 4.300600E-03 2.363200E-03 4.289100E-03
1.259700E-05 3.116800E-06 8.720900E-06 1.975000E-04 9.544300E-03 -2.543400E-05 5.377800E-04 4.610300E+00 1.197800E+00 -9.010700E-01 -3.731800E-02 1.941000E-01 -6.800728E-01 -7.538600E-04 -1.421700E-02 -6.416500E-06 1.304200E-04 1.365400E-03 2.550437E-01 -2.469800E-02 7.651400E-02 2.964100E-01 2.168300E+00 6.555700E-02 2.256900E-01 -8.467900E-02 -1.074400E-01 -1.603300E-03 1.641200E-03 7.092900E-03 -1.672600E-03 2.354000E-03 -1.255100E-03 2.142300E-03 6.256200E-04 -8.019100E-06 1.306000E-03
3.267000E-05 -7.569600E-05 1.561100E-05 1.333600E-04 9.604000E-03 5.087200E-04 1.582800E-04 -1.030400E+00 -4.501400E-01 2.703700E-02 -1.595600E-01 -3.574900E-01 -8.393480E-02 -1.025300E-04 3.924900E-03 -2.679800E-07 -7.350600E-06 1.210200E-03 7.286405E-02 -1.233700E-02 1.146200E-01 1.044300E-01 6.555700E-02 2.278200E-01 1.243100E-01 -7.541500E-03 -5.132500E-03 1.527800E-04 4.868200E-04 3.447400E-03 4.553000E-06 -4.801300E-04 1.341700E-05 -3.923800E-04 9.102600E-04 1.587800E-04 -1.465400E-04
1.476000E-04 -3.173900E-04 9.722100E-05 6.760100E-04 4.260600E-02 2.207000E-03 9.193100E-04 -3.792000E+00 -3.192100E+00 -2.682500E+00 -1.238300E-01 -5.070400E-01 -4.799837E-01 -2.569200E-03 -1.796600E-02 3.762700E-06 5.023500E-05 7.256800E-04 5.724548E-01 -5.976600E-02 3.578200E-01 9.679100E-01 2.256900E-01 1.243100E-01 1.205800E+01 -1.358700E-02 -6.707900E-02 -1.186900E-02 -1.541900E-02 -1.719500E-02 4.492200E-03 4.100500E-03 3.515600E-03 3.143600E-03 3.179500E-03 4.967800E-03 3.142400E-02
-5.764600E-08 -2.886300E-06 1.256200E-07 -5.496300E-06 -1.351800E-04 7.784400E-06 -1.869400E-05 -2.578800E-02 -1.558400E-02 -1.658100E-02 2.407300E-02 3.945100E-02 2.272872E-02 4.232700E-05 -3.988300E-04 4.176300E-07 -4.081600E-07 4.689800E-04 -3.268937E-02 7.767600E-04 -5.785900E-03 -1.696600E-02 -8.467900E-02 -7.541500E-03 -1.358700E-02 6.925200E-03 5.617700E-03 -1.440500E-04 1.036000E-04 -3.053700E-04 5.739800E-05 -3.638300E-05 2.622100E-05 -2.405200E-05 -8.340700E-05 -1.213300E-05 2.394700E-05
-2.111000E-08 -1.651800E-06 1.215400E-07 6.830300E-06 -6.760300E-04 1.482600E-05 2.400900E-06 -4.246600E-01 -7.680900E-02 5.054300E-02 1.706700E-02 1.581700E-02 6.346547E-02 4.634900E-05 1.433600E-03 4.276800E-07 -9.666500E-06 8.346400E-04 -4.472470E-02 1.324500E-03 -7.892300E-03 -2.779800E-02 -1.074400E-01 -5.132500E-03 -6.707900E-02 5.617700E-03 1.162600E-02 1.182200E-04 -1.179300E-04 -6.038900E-04 8.962000E-05 -1.680200E-04 7.289600E-05 -1.407900E-04 5.490800E-05 2.071400E-05 -3.000900E-04
3.480900E-09 3.961200E-07 -7.783500E-08 4.166200E-06 1.747800E-05 8.744700E-07 8.192500E-06 -1.710900E-02 -1.476300E-02 2.408200E-02 -2.131400E-03 -1.764900E-02 2.472386E-04 1.371800E-05 -3.356400E-04 3.108200E-08 -1.966600E-06 4.099900E-05 5.198580E-03 4.006200E-04 -3.014700E-03 -3.343000E-03 -1.603300E-03 1.527800E-04 -1.186900E-02 -1.440500E-04 1.182200E-04 3.456600E-04 -2.259500E-06 5.354600E-05 -9.809500E-06 -4.887700E-05 2.002500E-06 -4.213100E-05 2.060700E-05 1.123200E-05 -7.901900E-05
-3.634400E-07 3.023900E-06 3.196100E-06 -2.025800E-05 2.358600E-05 9.502500E-06 -3.946300E-05 1.526500E-01 4.726700E-02 1.738500E-02 1.257100E-03 3.568000E-03 -3.791622E-03 -4.275100E-05 -1.474600E-04 -8.191600E-08 -1.856900E-06 -5.503100E-05 -1.980780E-03 7.086300E-04 -1.815000E-03 3.663900E-02 1.641200E-03 4.868200E-04 -1.541900E-02 1.036000E-04 -1.179300E-04 -2.259500E-06 4.011500E-02 -3.631900E-04 2.878700E-04 2.288600E-04 -5.873800E-05 8.279200E-05 -5.867000E-05 -2.018400E-05 -6.159900E-05
8.218300E-07 6.078100E-07 1.018300E-06 -3.567100E-05 9.384500E-05 1.311400E-05 -7.472400E-05 -3.984100E-02 5.043800E-02 2.351900E-02 -3.981200E-03 -1.005000E-02 -4.282636E-03 -9.799500E-05 -8.989600E-05 -8.915500E-07 -1.321800E-06 -1.345100E-04 -1.282973E-03 -1.617300E-03 1.196600E-03 3.483000E-02 7.092900E-03 3.447400E-03 -1.719500E-02 -3.053700E-04 -6.038900E-04 5.354600E-05 -3.631900E-04 3.910200E-02 -6.580500E-05 9.998600E-05 2.877800E-04 2.138900E-04 -3.442900E-05 -1.889500E-05 -1.151400E-04
8.443500E-07 -2.724400E-06 3.180600E-07 5.536400E-06 2.187200E-04 1.550100E-05 5.576900E-06 -4.408600E-02 -2.758300E-02 -1.428400E-02 3.435600E-04 -6.619700E-04 2.223665E-03 -1.090800E-05 2.383900E-05 7.710100E-08 1.513700E-08 -2.484400E-06 -1.102310E-04 -6.389200E-05 2.338700E-03 2.410700E-03 -1.672600E-03 4.553000E-06 4.492200E-03 5.739800E-05 8.962000E-05 -9.809500E-06 2.878700E-04 -6.580500E-05 1.625500E-04 7.337000E-06 5.728200E-05 1.405200E-05 2.684700E-05 2.219500E-05 1.742800E-05
5.742100E-07 -1.551500E-06 4.764100E-07 3.852600E-06 1.222400E-04 9.107200E-06 4.388300E-06 1.618400E-02 -9.156600E-03 -2.776900E-02 8.721000E-04 8.180400E-03 -3.572780E-03 -2.126300E-06 1.758300E-05 7.557100E-08 1.660300E-06 3.721200E-06 2.535627E-03 -1.592900E-04 -8.571000E-04 4.903800E-02 2.354000E-03 -4.801300E-04 4.100500E-03 -3.638300E-05 -1.680200E-04 -4.887700E-05 2.288600E-04 9.998600E-05 7.337000E-06 3.389800E-04 1.398800E-05 1.749500E-04 -9.187900E-07 1.022500E-05 4.083600E-05
8.711200E-07 -2.529200E-06 4.296300E-07 7.863500E-06 1.916300E-04 1.535300E-05 1.081000E-05 -3.935000E-02 -2.749100E-02 -1.451500E-02 2.815900E-04 -7.345600E-04 2.086212E-03 -5.568100E-06 2.115400E-05 5.144300E-08 -5.646900E-08 -5.806800E-06 8.755904E-05 -1.360400E-04 2.177900E-03 2.391100E-03 -1.255100E-03 1.341700E-05 3.515600E-03 2.622100E-05 7.289600E-05 2.002500E-06 -5.873800E-05 2.877800E-04 5.728200E-05 1.398800E-05 1.280500E-04 1.205300E-05 2.775200E-05 2.315600E-05 1.683900E-05
5.297600E-07 -1.445100E-06 3.724800E-07 7.262600E-06 8.571500E-05 8.494500E-06 1.179600E-05 1.382800E-02 -1.063400E-02 -2.671100E-02 7.938300E-04 7.615300E-03 -3.473839E-03 3.147800E-06 1.103000E-05 -1.561900E-08 1.730400E-06 1.800000E-05 2.551671E-03 -1.359400E-04 -6.062800E-04 3.905900E-02 2.142300E-03 -3.923800E-04 3.143600E-03 -2.405200E-05 -1.407900E-04 -4.213100E-05 8.279200E-05 2.138900E-04 1.405200E-05 1.749500E-04 1.205300E-05 2.132700E-04 5.311600E-07 9.140100E-06 3.445300E-05
9.602500E-07 -2.604900E-06 7.335500E-07 9.720200E-06 2.129700E-04 1.741200E-05 1.538200E-05 -7.240100E-02 -3.522500E-02 -6.708700E-03 -5.236800E-04 -4.434800E-03 4.940839E-03 -1.235700E-05 9.980800E-05 -9.516000E-08 -7.720300E-07 -1.146000E-05 -1.646049E-03 1.532000E-04 2.976900E-04 4.300600E-03 6.256200E-04 9.102600E-04 3.179500E-03 -8.340700E-05 5.490800E-05 2.060700E-05 -5.867000E-05 -3.442900E-05 2.684700E-05 -9.187900E-07 2.775200E-05 5.311600E-07 3.951800E-04 3.845400E-05 6.892600E-06
8.912500E-07 -2.440900E-06 4.286300E-07 2.868700E-06 2.154700E-04 1.483500E-05 1.535400E-06 -4.397800E-02 -2.626300E-02 -1.365600E-02 1.242500E-04 -9.185500E-04 1.205235E-03 -4.945600E-06 3.224600E-06 1.329700E-08 1.380100E-07 8.049400E-06 -4.031661E-05 -3.313100E-04 2.005900E-04 2.363200E-03 -8.019100E-06 1.587800E-04 4.967800E-03 -1.213300E-05 2.071400E-05 1.123200E-05 -2.018400E-05 -1.889500E-05 2.219500E-05 1.022500E-05 2.315600E-05 9.140100E-06 3.845400E-05 9.528700E-05 3.105200E-05
6.638500E-07 -1.683000E-06 2.517300E-07 9.273600E-06 1.513900E-04 8.171700E-06 1.652800E-05 -1.251000E-03 -1.435700E-02 -2.356000E-02 1.115400E-03 5.368300E-03 -2.187839E-03 7.778800E-06 -2.944500E-05 1.079200E-08 1.311400E-06 5.131200E-05 1.465344E-03 -2.287600E-04 8.937200E-04 4.289100E-03 1.306000E-03 -1.465400E-04 3.142400E-02 2.394700E-05 -3.000900E-04 -7.901900E-05 -6.159900E-05 -1.151400E-04 1.742800E-05 4.083600E-05 1.683900E-05 3.445300E-05 6.892600E-06 3.105200E-05 5.003400E-04
