# omegabh2 omegach2 theta tau meffsterile nnu ns logA aps100 aps143 aps217 acib143 acib217 asz143 psr cibr ncib cal0 cal2 xi aksz bm_1_1 bm_1_2 bm_1_3 bm_1_4 bm_1_5 bm_2_1 bm_2_2 bm_2_3 bm_2_4 bm_2_5 bm_3_1 bm_3_2 bm_3_3 bm_3_4 bm_3_5 bm_4_1 bm_4_2 bm_4_3 bm_4_4 bm_4_5
    0.13136E-06    0.40396E-06    0.16608E-07    0.22410E-05   -0.89705E-05    0.67864E-04    0.40196E-05    0.53053E-05    0.91333E-03   -0.46652E-03   -0.67297E-03    0.14108E-03    0.16686E-03    0.60040E-04   -0.17356E-05    0.72688E-05   -0.21209E-05    0.27690E-08    0.17766E-07   -0.15133E-05    0.54823E-04   -0.88038E-05   -0.18407E-05    0.14170E-05   -0.60980E-05   -0.96390E-06   -0.62539E-05   -0.10929E-04    0.96082E-05    0.26733E-05   -0.27498E-05    0.60715E-05   -0.10529E-05   -0.94415E-05    0.26369E-05   -0.10400E-04   -0.22323E-05    0.38457E-05   -0.10865E-04   -0.81647E-05    0.20362E-06
    0.40396E-06    0.28497E-04   -0.24683E-05    0.46313E-05   -0.33660E-04    0.14552E-02    0.37629E-04    0.63175E-04    0.70638E-01    0.10186E-01   -0.74443E-02    0.74878E-02    0.99588E-02    0.27360E-03   -0.37924E-04    0.21376E-03    0.11750E-04    0.27867E-08    0.57043E-06   -0.64025E-04    0.18139E-02    0.27396E-03   -0.15677E-03    0.14584E-04   -0.60096E-05   -0.29925E-03   -0.14434E-03   -0.15582E-03    0.84259E-04    0.13173E-03   -0.13629E-03    0.14827E-03    0.68607E-05    0.88276E-04   -0.24053E-03    0.15976E-04   -0.37789E-04    0.73280E-04   -0.11638E-03    0.33106E-04    0.19116E-03
    0.16608E-07   -0.24683E-05    0.55115E-06    0.17150E-06   -0.24851E-04   -0.12208E-03   -0.19743E-05   -0.40628E-05   -0.65410E-02   -0.10541E-02    0.54361E-03   -0.69063E-03   -0.90198E-03    0.39456E-04    0.23234E-05   -0.15831E-04   -0.36437E-05   -0.58762E-09   -0.45921E-07    0.56381E-05   -0.18227E-03   -0.10135E-04    0.24950E-04    0.20080E-05    0.12690E-04    0.17598E-04    0.41811E-05    0.14456E-04   -0.12804E-04   -0.80059E-05    0.31783E-05    0.77489E-05   -0.66200E-05   -0.58456E-05    0.42373E-04   -0.12596E-04    0.99804E-05   -0.36095E-05    0.46358E-05    0.95026E-05   -0.26283E-04
    0.22410E-05    0.46313E-05    0.17150E-06    0.20221E-03   -0.38865E-04    0.14530E-02    0.10117E-03    0.40921E-03   -0.14645E-01   -0.41510E-02   -0.25004E-02   -0.34174E-03   -0.92725E-03    0.88759E-03   -0.13822E-04    0.34439E-04   -0.42103E-04   -0.82106E-07   -0.87345E-08    0.53219E-05   -0.13556E-03   -0.23210E-03    0.14287E-03   -0.52079E-03   -0.31075E-03    0.17956E-03    0.65971E-04    0.30754E-03   -0.18682E-03    0.37268E-03   -0.27480E-03    0.52174E-04   -0.21558E-03   -0.27806E-03   -0.10401E-03   -0.44983E-04    0.47760E-04    0.10601E-03    0.92444E-04    0.31074E-03   -0.22072E-03
   -0.89705E-05   -0.33660E-04   -0.24851E-04   -0.38865E-04    0.77691E-01    0.40832E-02   -0.12948E-02    0.22774E-03    0.87869E+00    0.17124E+00   -0.36148E-01    0.76141E-01    0.15249E+00   -0.18379E-01    0.49084E-03    0.81802E-03    0.16627E-02    0.13576E-05    0.12994E-04   -0.29656E-02    0.28449E-01   -0.37568E-02   -0.16041E-02    0.74742E-03   -0.14145E-01    0.12306E-02   -0.37267E-02   -0.29724E-03    0.15616E-02    0.62879E-02    0.88351E-02    0.85608E-03   -0.73585E-02   -0.46162E-02   -0.98320E-02    0.11429E-01   -0.31610E-03   -0.90949E-02    0.71779E-02   -0.25281E-02    0.30287E-02
    0.67864E-04    0.14552E-02   -0.12208E-03    0.14530E-02    0.40832E-02    0.10946E+00    0.40582E-02    0.55990E-02    0.46811E+01    0.42458E+00   -0.71368E+00    0.53105E+00    0.67005E+00    0.34674E-01   -0.31965E-02    0.15427E-01   -0.44493E-03    0.12893E-05    0.37266E-04   -0.50177E-02    0.14884E+00    0.66026E-02   -0.46785E-02   -0.90359E-03   -0.25637E-02   -0.10005E-01   -0.14177E-01   -0.14278E-01    0.76994E-02    0.11934E-01   -0.38129E-02    0.95297E-02    0.23862E-03   -0.27342E-02   -0.11797E-01    0.11364E-02   -0.60485E-02    0.23821E-02   -0.10860E-01   -0.59210E-03    0.11516E-01
    0.40196E-05    0.37629E-04   -0.19743E-05    0.10117E-03   -0.12948E-02    0.40582E-02    0.23972E-03    0.26000E-03    0.62543E-01    0.89854E-02   -0.81777E-02    0.72513E-02    0.83511E-02    0.11601E-02   -0.64410E-04    0.24386E-03   -0.73534E-04    0.60516E-07    0.77374E-06   -0.39463E-04    0.23822E-02    0.50043E-03    0.17436E-03   -0.21254E-03    0.32737E-04    0.87115E-04   -0.13247E-03   -0.38836E-03    0.22346E-03    0.33759E-03   -0.40920E-03    0.23035E-03    0.11646E-03   -0.34897E-03   -0.16340E-04   -0.48216E-03   -0.98119E-04    0.47007E-03   -0.64424E-03    0.52398E-04    0.13888E-03
    0.53053E-05    0.63175E-04   -0.40628E-05    0.40921E-03    0.22774E-03    0.55990E-02    0.26000E-03    0.94500E-03    0.71621E-01    0.23729E-01   -0.54277E-02    0.70144E-02    0.12060E-01    0.57879E-03   -0.39413E-04    0.26741E-03    0.85533E-05   -0.59485E-07    0.11738E-05   -0.71167E-04    0.14250E-02    0.78536E-03    0.14570E-03   -0.10706E-02   -0.78258E-03   -0.23062E-03    0.20999E-03    0.42703E-03   -0.15640E-03    0.93258E-03   -0.78181E-03    0.45784E-03   -0.34364E-03   -0.39482E-03   -0.80115E-03   -0.18493E-03    0.33302E-03    0.44423E-03    0.14004E-03    0.62766E-03   -0.12176E-03
    0.91333E-03    0.70638E-01   -0.65410E-02   -0.14645E-01    0.87869E+00    0.46811E+01    0.62543E-01    0.71621E-01    0.29774E+04    0.38603E+02   -0.21072E+03    0.15050E+03    0.14511E+03   -0.64544E+02   -0.13669E+01    0.11916E+01    0.83579E+00    0.25556E-03    0.22588E-02   -0.76512E+00   -0.69192E+01    0.99250E+01   -0.93439E+01    0.14187E+01    0.30147E+01   -0.12427E+01   -0.10804E+01   -0.66582E+01    0.77439E+00    0.17940E+01   -0.12638E+01    0.21348E+01    0.19349E+00    0.57859E+00   -0.15689E+01   -0.33490E+01    0.87886E+00   -0.94615E+00   -0.32184E+01   -0.42793E+00    0.53032E+01
   -0.46652E-03    0.10186E-01   -0.10541E-02   -0.41510E-02    0.17124E+00    0.42458E+00    0.89854E-02    0.23729E-01    0.38603E+02    0.21430E+03    0.75867E+02   -0.38557E+02   -0.16379E+02   -0.97887E+01   -0.14592E+00   -0.20190E+00   -0.16153E+00    0.24986E-03    0.33407E-02    0.15603E+01   -0.12372E+02    0.15423E+01    0.72602E+00   -0.41830E+00   -0.70710E-01    0.15453E-02   -0.19498E+01   -0.79906E+00   -0.13587E+00   -0.90476E-01   -0.23189E+00    0.11472E+01   -0.19228E+00    0.39935E+00   -0.53649E+00   -0.94155E-02   -0.60819E+00   -0.59371E+00   -0.47995E+00    0.28459E+00   -0.25355E+00
   -0.67297E-03   -0.74443E-02    0.54361E-03   -0.25004E-02   -0.36148E-01   -0.71368E+00   -0.81777E-02   -0.54277E-02   -0.21072E+03    0.75867E+02    0.25473E+03   -0.47586E+02   -0.93628E+02    0.58741E+00    0.46249E-01   -0.10899E+01   -0.10051E+01    0.94683E-04   -0.54843E-02    0.44487E+00   -0.12465E+02    0.21460E+01    0.10519E+01   -0.53793E+00   -0.34498E+00    0.19329E+00    0.15116E+01    0.44824E+00   -0.29633E+00    0.18364E-01    0.34911E+00   -0.15079E+01    0.88873E+00   -0.35919E+00    0.75095E+00   -0.24800E-02    0.11600E+00    0.33772E+00    0.16831E+00    0.21867E+00   -0.44558E+00
    0.14108E-03    0.74878E-02   -0.69063E-03   -0.34174E-03    0.76141E-01    0.53105E+00    0.72513E-02    0.70144E-02    0.15050E+03   -0.38557E+02   -0.47586E+02    0.31021E+02    0.25127E+02   -0.12737E+01   -0.27064E-01    0.31259E+00    0.20515E+00   -0.18372E-03   -0.64069E-03   -0.62332E-01    0.45641E+00   -0.10799E+01   -0.65111E+00    0.17638E+00    0.88331E-01   -0.11087E+00    0.61049E+00    0.69782E-01    0.13548E+00    0.16824E+00    0.46115E-01   -0.32698E+00   -0.15962E+00   -0.17166E+00    0.47143E-01    0.11495E+00    0.20984E+00    0.16164E+00   -0.21560E-01   -0.18653E+00    0.35753E+00
    0.16686E-03    0.99588E-02   -0.90198E-03   -0.92725E-03    0.15249E+00    0.67005E+00    0.83511E-02    0.12060E-01    0.14511E+03   -0.16379E+02   -0.93628E+02    0.25127E+02    0.45690E+02   -0.70422E+00    0.31120E-01    0.51204E+00    0.51731E+00   -0.70127E-04    0.23097E-02   -0.25047E+00    0.24604E-01   -0.79101E+00   -0.52462E+00    0.22225E+00    0.56293E-01   -0.10017E+00   -0.71663E+00   -0.24464E+00    0.10612E+00    0.16187E+00   -0.26881E+00    0.59483E+00   -0.58376E+00    0.12379E+00   -0.44797E+00    0.11216E-01   -0.14227E+00   -0.16667E+00   -0.19169E+00   -0.36308E-01    0.32533E+00
    0.60040E-04    0.27360E-03    0.39456E-04    0.88759E-03   -0.18379E-01    0.34674E-01    0.11601E-02    0.57879E-03   -0.64544E+02   -0.97887E+01    0.58741E+00   -0.12737E+01   -0.70422E+00    0.81457E+01    0.36299E-01    0.27851E+00   -0.13718E+00    0.14046E-04    0.75799E-04   -0.58959E-01   -0.14809E+00    0.90728E-01   -0.13411E-01    0.19237E-01   -0.83296E-01    0.27761E-01   -0.14076E+00    0.28338E-01   -0.44219E-01   -0.53842E-01    0.16876E-01    0.20521E-01    0.28702E-01   -0.66920E-01   -0.21644E-03    0.58402E-01   -0.73035E-01   -0.70690E-01    0.17107E-01    0.25590E-01   -0.25517E-01
   -0.17356E-05   -0.37924E-04    0.23234E-05   -0.13822E-04    0.49084E-03   -0.31965E-02   -0.64410E-04   -0.39413E-04   -0.13669E+01   -0.14592E+00    0.46249E-01   -0.27064E-01    0.31120E-01    0.36299E-01    0.79570E-02   -0.68162E-02    0.77774E-02    0.77012E-06   -0.27845E-04    0.43524E-02   -0.22617E-01    0.12418E-01    0.69968E-02   -0.19419E-02   -0.25876E-02    0.53109E-03    0.71039E-02    0.54109E-03    0.21019E-03   -0.20848E-02   -0.16157E-02   -0.11476E-01   -0.83676E-03   -0.21568E-02   -0.95271E-03   -0.29421E-02   -0.20446E-02    0.32361E-03   -0.38937E-02   -0.49615E-02   -0.26585E-02
    0.72688E-05    0.21376E-03   -0.15831E-04    0.34439E-04    0.81802E-03    0.15427E-01    0.24386E-03    0.26741E-03    0.11916E+01   -0.20190E+00   -0.10899E+01    0.31259E+00    0.51204E+00    0.27851E+00   -0.68162E-02    0.39276E-01   -0.12133E-01   -0.18613E-05    0.86750E-04   -0.17716E-03   -0.22759E-01   -0.27093E-01   -0.13606E-01    0.55828E-02   -0.27063E-02    0.40575E-02   -0.36178E-01   -0.86746E-02    0.33129E-02    0.28887E-03   -0.82611E-03    0.32819E-01   -0.65445E-02    0.38518E-03    0.35964E-02    0.10201E-01   -0.47075E-02   -0.71152E-02   -0.83166E-03    0.20656E-02    0.31941E-02
   -0.21209E-05    0.11750E-04   -0.36437E-05   -0.42103E-04    0.16627E-02   -0.44493E-03   -0.73534E-04    0.85533E-05    0.83579E+00   -0.16153E+00   -0.10051E+01    0.20515E+00    0.51731E+00   -0.13718E+00    0.77774E-02   -0.12133E-01    0.20829E-01    0.83925E-06   -0.22650E-04   -0.15007E-02    0.22163E-02    0.11643E-01   -0.15621E-02   -0.13367E-02   -0.30062E-02   -0.30444E-02    0.78669E-02    0.35723E-02   -0.23150E-02    0.64331E-02   -0.10155E-01   -0.15346E-01   -0.17404E-01    0.98657E-03   -0.14700E-01   -0.11008E-01   -0.46922E-02   -0.80174E-03   -0.10612E-02    0.49391E-03    0.94530E-02
    0.27690E-08    0.27867E-08   -0.58762E-09   -0.82106E-07    0.13576E-05    0.12893E-05    0.60516E-07   -0.59485E-07    0.25556E-03    0.24986E-03    0.94683E-04   -0.18372E-03   -0.70127E-04    0.14046E-04    0.77012E-06   -0.18613E-05    0.83925E-06    0.15488E-06    0.85253E-08   -0.13514E-05    0.16247E-04   -0.23493E-04   -0.35612E-05    0.27594E-05    0.11281E-05   -0.78631E-05   -0.32576E-05    0.46610E-05    0.11095E-04    0.32333E-05   -0.25041E-06    0.10956E-04   -0.35912E-05    0.96186E-05   -0.83068E-05   -0.40019E-05    0.26061E-05    0.45614E-05    0.70747E-05   -0.63426E-05    0.41694E-05
    0.17766E-07    0.57043E-06   -0.45921E-07   -0.87345E-08    0.12994E-04    0.37266E-04    0.77374E-06    0.11738E-05    0.22588E-02    0.33407E-02   -0.54843E-02   -0.64069E-03    0.23097E-02    0.75799E-04   -0.27845E-04    0.86750E-04   -0.22650E-04    0.85253E-08    0.17386E-05    0.72322E-06   -0.42045E-04    0.67399E-04    0.38957E-04    0.79688E-05   -0.29352E-04    0.61291E-05    0.20046E-03   -0.22581E-04    0.37719E-04    0.12501E-04    0.13927E-05   -0.19013E-03    0.15898E-04   -0.23736E-04   -0.27095E-04   -0.10905E-04    0.11050E-04    0.66339E-04   -0.57699E-04   -0.59436E-04    0.38284E-04
   -0.15133E-05   -0.64025E-04    0.56381E-05    0.53219E-05   -0.29656E-02   -0.50177E-02   -0.39463E-04   -0.71167E-04   -0.76512E+00    0.15603E+01    0.44487E+00   -0.62332E-01   -0.25047E+00   -0.58959E-01    0.43524E-02   -0.17716E-03   -0.15007E-02   -0.13514E-05    0.72322E-06    0.82235E-01    0.96873E-02    0.31665E-02    0.63695E-02   -0.55221E-02    0.43085E-02   -0.41595E-02   -0.74782E-02   -0.63572E-03   -0.15219E-02    0.95088E-03   -0.32701E-02   -0.21170E-02   -0.52384E-02   -0.34171E-03    0.10491E-01    0.33656E-02   -0.67389E-02   -0.29025E-02   -0.27710E-02    0.13886E-02    0.90979E-04
    0.54823E-04    0.18139E-02   -0.18227E-03   -0.13556E-03    0.28449E-01    0.14884E+00    0.23822E-02    0.14250E-02   -0.69192E+01   -0.12372E+02   -0.12465E+02    0.45641E+00    0.24604E-01   -0.14809E+00   -0.22617E-01   -0.22759E-01    0.22163E-02    0.16247E-04   -0.42045E-04    0.96873E-02    0.81708E+01   -0.38068E-01    0.72392E-02   -0.14381E-01    0.23962E-01   -0.75903E-01    0.33244E-01   -0.11970E-01   -0.41500E-01    0.45178E-01    0.44299E-02   -0.54799E-01    0.60882E-01   -0.28396E-01   -0.45722E-01    0.47816E-01   -0.66534E-02   -0.18394E-01    0.31318E-01    0.47649E-01    0.87576E-01
   -0.88038E-05    0.27396E-03   -0.10135E-04   -0.23210E-03   -0.37568E-02    0.66026E-02    0.50043E-03    0.78536E-03    0.99250E+01    0.15423E+01    0.21460E+01   -0.10799E+01   -0.79101E+00    0.90728E-01    0.12418E-01   -0.27093E-01    0.11643E-01   -0.23493E-04    0.67399E-04    0.31665E-02   -0.38068E-01    0.74094E+00   -0.11283E+00   -0.10213E-01    0.28265E-01    0.34037E-01    0.20702E+00   -0.57268E-01   -0.44975E-01   -0.75179E-02   -0.48999E-01    0.11061E-01    0.61265E-01   -0.35179E-01   -0.50713E-01   -0.15339E+00    0.17166E+00    0.32895E-01   -0.15852E-01    0.25374E-01    0.86447E-01
   -0.18407E-05   -0.15677E-03    0.24950E-04    0.14287E-03   -0.16041E-02   -0.46785E-02    0.17436E-03    0.14570E-03   -0.93439E+01    0.72602E+00    0.10519E+01   -0.65111E+00   -0.52462E+00   -0.13411E-01    0.69968E-02   -0.13606E-01   -0.15621E-02   -0.35612E-05    0.38957E-04    0.63695E-02    0.72392E-02   -0.11283E+00    0.89956E+00   -0.35173E-01    0.11817E-01   -0.16008E-01   -0.14065E+00    0.16286E+00    0.27618E-01   -0.65892E-02    0.33924E-01   -0.13501E+00    0.20231E-01    0.26861E-01    0.47123E-02    0.16331E+00   -0.21945E+00    0.22471E-01    0.77800E-01    0.38375E-01   -0.20471E+00
    0.14170E-05    0.14584E-04    0.20080E-05   -0.52079E-03    0.74742E-03   -0.90359E-03   -0.21254E-03   -0.10706E-02    0.14187E+01   -0.41830E+00   -0.53793E+00    0.17638E+00    0.22225E+00    0.19237E-01   -0.19419E-02    0.55828E-02   -0.13367E-02    0.27594E-05    0.79688E-05   -0.55221E-02   -0.14381E-01   -0.10213E-01   -0.35173E-01    0.10141E+01    0.18113E-01   -0.27977E-02   -0.30583E-01   -0.12259E-01    0.14205E+00   -0.10134E-01    0.88565E-01    0.12562E-01    0.37668E-01   -0.44562E-01   -0.22223E-01    0.11448E+00   -0.24619E-01    0.14327E-01    0.27883E-01   -0.16267E+00    0.11291E+00
   -0.60980E-05   -0.60096E-05    0.12690E-04   -0.31075E-03   -0.14145E-01   -0.25637E-02    0.32737E-04   -0.78258E-03    0.30147E+01   -0.70710E-01   -0.34498E+00    0.88331E-01    0.56293E-01   -0.83296E-01   -0.25876E-02   -0.27063E-02   -0.30062E-02    0.11281E-05   -0.29352E-04    0.43085E-02    0.23962E-01    0.28265E-01    0.11817E-01    0.18113E-01    0.10041E+01   -0.25285E-01    0.62358E-01   -0.82800E-01    0.53662E-01   -0.93824E-01    0.51033E-01    0.91111E-01    0.10267E+00    0.86043E-01    0.16268E+00   -0.62210E-01    0.10743E+00    0.36406E-01    0.63770E-02   -0.89820E-01    0.49684E-01
   -0.96390E-06   -0.29925E-03    0.17598E-04    0.17956E-03    0.12306E-02   -0.10005E-01    0.87115E-04   -0.23062E-03   -0.12427E+01    0.15453E-02    0.19329E+00   -0.11087E+00   -0.10017E+00    0.27761E-01    0.53109E-03    0.40575E-02   -0.30444E-02   -0.78631E-05    0.61291E-05   -0.41595E-02   -0.75903E-01    0.34037E-01   -0.16008E-01   -0.27977E-02   -0.25285E-01    0.95358E+00    0.30471E-01    0.32313E-01   -0.51281E-01    0.38261E-01    0.71603E-01    0.51198E-01   -0.71600E-01   -0.81665E-01    0.70691E-01    0.46311E-01    0.82158E-01   -0.80285E-01    0.69786E-01   -0.18025E-01    0.10219E-01
   -0.62539E-05   -0.14434E-03    0.41811E-05    0.65971E-04   -0.37267E-02   -0.14177E-01   -0.13247E-03    0.20999E-03   -0.10804E+01   -0.19498E+01    0.15116E+01    0.61049E+00   -0.71663E+00   -0.14076E+00    0.71039E-02   -0.36178E-01    0.78669E-02   -0.32576E-05    0.20046E-03   -0.74782E-02    0.33244E-01    0.20702E+00   -0.14065E+00   -0.30583E-01    0.62358E-01    0.30471E-01    0.92376E+00   -0.33122E-02    0.22075E-01   -0.38279E-01   -0.59046E-02   -0.85214E-02    0.13444E+00   -0.11320E+00    0.15342E-01   -0.81305E-01    0.66954E+00    0.27534E+00   -0.40878E-01   -0.79690E-01    0.90823E-01
   -0.10929E-04   -0.15582E-03    0.14456E-04    0.30754E-03   -0.29724E-03   -0.14278E-01   -0.38836E-03    0.42703E-03   -0.66582E+01   -0.79906E+00    0.44824E+00    0.69782E-01   -0.24464E+00    0.28338E-01    0.54109E-03   -0.86746E-02    0.35723E-02    0.46610E-05   -0.22581E-04   -0.63572E-03   -0.11970E-01   -0.57268E-01    0.16286E+00   -0.12259E-01   -0.82800E-01    0.32313E-01   -0.33122E-02    0.98047E+00   -0.18517E-03   -0.40755E-01   -0.47223E-02    0.70651E-01   -0.43884E-02   -0.38014E-01   -0.11310E-01    0.15794E+00   -0.55454E-01    0.25278E+00    0.76125E+00    0.30160E+00   -0.22303E+00
    0.96082E-05    0.84259E-04   -0.12804E-04   -0.18682E-03    0.15616E-02    0.76994E-02    0.22346E-03   -0.15640E-03    0.77439E+00   -0.13587E+00   -0.29633E+00    0.13548E+00    0.10612E+00   -0.44219E-01    0.21019E-03    0.33129E-02   -0.23150E-02    0.11095E-04    0.37719E-04   -0.15219E-02   -0.41500E-01   -0.44975E-01    0.27618E-01    0.14205E+00    0.53662E-01   -0.51281E-01    0.22075E-01   -0.18517E-03    0.99619E+00    0.23601E-02   -0.32645E-01    0.50167E-01   -0.80969E-01    0.12345E+00    0.14753E+00   -0.13328E+00   -0.20122E+00    0.64448E+00    0.12054E+00   -0.60901E+00    0.18148E+00
    0.26733E-05    0.13173E-03   -0.80059E-05    0.37268E-03    0.62879E-02    0.11934E-01    0.33759E-03    0.93258E-03    0.17940E+01   -0.90476E-01    0.18364E-01    0.16824E+00    0.16187E+00   -0.53842E-01   -0.20848E-02    0.28887E-03    0.64331E-02    0.32333E-05    0.12501E-04    0.95088E-03    0.45178E-01   -0.75179E-02   -0.65892E-02   -0.10134E-01   -0.93824E-01    0.38261E-01   -0.38279E-01   -0.40755E-01    0.23601E-02    0.93211E+00   -0.85608E-02   -0.46951E-01   -0.70088E-01   -0.13784E+00   -0.16464E-01   -0.10391E+00   -0.10586E+00    0.62678E-01   -0.76727E-01    0.26403E+00    0.62608E+00
   -0.27498E-05   -0.13629E-03    0.31783E-05   -0.27480E-03    0.88351E-02   -0.38129E-02   -0.40920E-03   -0.78181E-03   -0.12638E+01   -0.23189E+00    0.34911E+00    0.46115E-01   -0.26881E+00    0.16876E-01   -0.16157E-02   -0.82611E-03   -0.10155E-01   -0.25041E-06    0.13927E-05   -0.32701E-02    0.44299E-02   -0.48999E-01    0.33924E-01    0.88565E-01    0.51033E-01    0.71603E-01   -0.59046E-02   -0.47223E-02   -0.32645E-01   -0.85608E-02    0.99524E+00   -0.86898E-01    0.94822E-01    0.37828E-01    0.16128E+00    0.32745E-01    0.11015E+00   -0.57531E+00    0.37405E+00   -0.32512E+00    0.20980E+00
    0.60715E-05    0.14827E-03    0.77489E-05    0.52174E-04    0.85608E-03    0.95297E-02    0.23035E-03    0.45784E-03    0.21348E+01    0.11472E+01   -0.15079E+01   -0.32698E+00    0.59483E+00    0.20521E-01   -0.11476E-01    0.32819E-01   -0.15346E-01    0.10956E-04   -0.19013E-03   -0.21170E-02   -0.54799E-01    0.11061E-01   -0.13501E+00    0.12562E-01    0.91111E-01    0.51198E-01   -0.85214E-02    0.70651E-01    0.50167E-01   -0.46951E-01   -0.86898E-01    0.91698E+00   -0.21614E-01   -0.45464E-01    0.16151E-01    0.17703E-01    0.57706E+00    0.15634E+00    0.12402E+00    0.74566E-01   -0.96283E-01
   -0.10529E-05    0.68607E-05   -0.66200E-05   -0.21558E-03   -0.73585E-02    0.23862E-03    0.11646E-03   -0.34364E-03    0.19349E+00   -0.19228E+00    0.88873E+00   -0.15962E+00   -0.58376E+00    0.28702E-01   -0.83676E-03   -0.65445E-02   -0.17404E-01   -0.35912E-05    0.15898E-04   -0.52384E-02    0.60882E-01    0.61265E-01    0.20231E-01    0.37668E-01    0.10267E+00   -0.71600E-01    0.13444E+00   -0.43884E-02   -0.80969E-01   -0.70088E-01    0.94822E-01   -0.21614E-01    0.94422E+00   -0.26513E-01   -0.26361E-01   -0.26344E-01    0.10116E+00    0.13048E+00   -0.73736E-02    0.15541E+00    0.16800E+00
   -0.94415E-05    0.88276E-04   -0.58456E-05   -0.27806E-03   -0.46162E-02   -0.27342E-02   -0.34897E-03   -0.39482E-03    0.57859E+00    0.39935E+00   -0.35919E+00   -0.17166E+00    0.12379E+00   -0.66920E-01   -0.21568E-02    0.38518E-03    0.98657E-03    0.96186E-05   -0.23736E-04   -0.34171E-03   -0.28396E-01   -0.35179E-01    0.26861E-01   -0.44562E-01    0.86043E-01   -0.81665E-01   -0.11320E+00   -0.38014E-01    0.12345E+00   -0.13784E+00    0.37828E-01   -0.45464E-01   -0.26513E-01    0.98843E+00    0.14009E-01    0.57878E-02   -0.14872E+00    0.18587E-01    0.17163E+00    0.36527E-01   -0.55901E-01
    0.26369E-05   -0.24053E-03    0.42373E-04   -0.10401E-03   -0.98320E-02   -0.11797E-01   -0.16340E-04   -0.80115E-03   -0.15689E+01   -0.53649E+00    0.75095E+00    0.47143E-01   -0.44797E+00   -0.21644E-03   -0.95271E-03    0.35964E-02   -0.14700E-01   -0.83068E-05   -0.27095E-04    0.10491E-01   -0.45722E-01   -0.50713E-01    0.47123E-02   -0.22223E-01    0.16268E+00    0.70691E-01    0.15342E-01   -0.11310E-01    0.14753E+00   -0.16464E-01    0.16128E+00    0.16151E-01   -0.26361E-01    0.14009E-01    0.97100E+00   -0.90691E-02    0.71869E-02    0.21681E-01    0.12711E+00   -0.26190E+00    0.12446E+00
   -0.10400E-04    0.15976E-04   -0.12596E-04   -0.44983E-04    0.11429E-01    0.11364E-02   -0.48216E-03   -0.18493E-03   -0.33490E+01   -0.94155E-02   -0.24800E-02    0.11495E+00    0.11216E-01    0.58402E-01   -0.29421E-02    0.10201E-01   -0.11008E-01   -0.40019E-05   -0.10905E-04    0.33656E-02    0.47816E-01   -0.15339E+00    0.16331E+00    0.11448E+00   -0.62210E-01    0.46311E-01   -0.81305E-01    0.15794E+00   -0.13328E+00   -0.10391E+00    0.32745E-01    0.17703E-01   -0.26344E-01    0.57878E-02   -0.90691E-02    0.96627E+00   -0.35599E-01   -0.71678E-01    0.56360E-01    0.17533E+00   -0.10461E+00
   -0.22323E-05   -0.37789E-04    0.99804E-05    0.47760E-04   -0.31610E-03   -0.60485E-02   -0.98119E-04    0.33302E-03    0.87886E+00   -0.60819E+00    0.11600E+00    0.20984E+00   -0.14227E+00   -0.73035E-01   -0.20446E-02   -0.47075E-02   -0.46922E-02    0.26061E-05    0.11050E-04   -0.67389E-02   -0.66534E-02    0.17166E+00   -0.21945E+00   -0.24619E-01    0.10743E+00    0.82158E-01    0.66954E+00   -0.55454E-01   -0.20122E+00   -0.10586E+00    0.11015E+00    0.57706E+00    0.10116E+00   -0.14872E+00    0.71869E-02   -0.35599E-01    0.96867E+00   -0.49254E-02    0.20638E-01    0.32865E-02   -0.14095E-01
    0.38457E-05    0.73280E-04   -0.36095E-05    0.10601E-03   -0.90949E-02    0.23821E-02    0.47007E-03    0.44423E-03   -0.94615E+00   -0.59371E+00    0.33772E+00    0.16164E+00   -0.16667E+00   -0.70690E-01    0.32361E-03   -0.71152E-02   -0.80174E-03    0.45614E-05    0.66339E-04   -0.29025E-02   -0.18394E-01    0.32895E-01    0.22471E-01    0.14327E-01    0.36406E-01   -0.80285E-01    0.27534E+00    0.25278E+00    0.64448E+00    0.62678E-01   -0.57531E+00    0.15634E+00    0.13048E+00    0.18587E-01    0.21681E-01   -0.71678E-01   -0.49254E-02    0.99766E+00   -0.38976E-02   -0.10416E-01   -0.50126E-02
   -0.10865E-04   -0.11638E-03    0.46358E-05    0.92444E-04    0.71779E-02   -0.10860E-01   -0.64424E-03    0.14004E-03   -0.32184E+01   -0.47995E+00    0.16831E+00   -0.21560E-01   -0.19169E+00    0.17107E-01   -0.38937E-02   -0.83166E-03   -0.10612E-02    0.70747E-05   -0.57699E-04   -0.27710E-02    0.31318E-01   -0.15852E-01    0.77800E-01    0.27883E-01    0.63770E-02    0.69786E-01   -0.40878E-01    0.76125E+00    0.12054E+00   -0.76727E-01    0.37405E+00    0.12402E+00   -0.73736E-02    0.17163E+00    0.12711E+00    0.56360E-01    0.20638E-01   -0.38976E-02    0.96765E+00    0.14051E-01   -0.17535E-01
   -0.81647E-05    0.33106E-04    0.95026E-05    0.31074E-03   -0.25281E-02   -0.59210E-03    0.52398E-04    0.62766E-03   -0.42793E+00    0.28459E+00    0.21867E+00   -0.18653E+00   -0.36308E-01    0.25590E-01   -0.49615E-02    0.20656E-02    0.49391E-03   -0.63426E-05   -0.59436E-04    0.13886E-02    0.47649E-01    0.25374E-01    0.38375E-01   -0.16267E+00   -0.89820E-01   -0.18025E-01   -0.79690E-01    0.30160E+00   -0.60901E+00    0.26403E+00   -0.32512E+00    0.74566E-01    0.15541E+00    0.36527E-01   -0.26190E+00    0.17533E+00    0.32865E-02   -0.10416E-01    0.14051E-01    0.96272E+00   -0.28893E-01
    0.20362E-06    0.19116E-03   -0.26283E-04   -0.22072E-03    0.30287E-02    0.11516E-01    0.13888E-03   -0.12176E-03    0.53032E+01   -0.25355E+00   -0.44558E+00    0.35753E+00    0.32533E+00   -0.25517E-01   -0.26585E-02    0.31941E-02    0.94530E-02    0.41694E-05    0.38284E-04    0.90979E-04    0.87576E-01    0.86447E-01   -0.20471E+00    0.11291E+00    0.49684E-01    0.10219E-01    0.90823E-01   -0.22303E+00    0.18148E+00    0.62608E+00    0.20980E+00   -0.96283E-01    0.16800E+00   -0.55901E-01    0.12446E+00   -0.10461E+00   -0.14095E-01   -0.50126E-02   -0.17535E-01   -0.28893E-01    0.95292E+00
