# omegabh2 omegach2 theta tau logA ns calPlanck aps100 aps143 aps217 acib217 asz143 psr xi aksz dust100 dust143 dust217 dust143x217 cal0 cal2 bm_1_1
    0.5436287E-07   -0.2896340E-06    0.5462365E-07    0.1945009E-05    0.3310184E-05    0.8859010E-06   -0.2244954E-10   -0.1009415E-02   -0.6101211E-03    0.1444013E-03   -0.2692244E-03    0.5854031E-04    0.5098367E-06    0.1573721E-05   -0.8806889E-04    0.1093945E-05    0.4630480E-07    0.2119768E-05   -0.1014939E-07    0.5832336E-08   -0.2789114E-07    0.1225833E-05
   -0.2896340E-06    0.4696426E-05   -0.4837686E-06   -0.1798259E-04   -0.2489849E-04   -0.1117350E-04    0.1144117E-08    0.3621175E-02    0.2584694E-02   -0.1008327E-03    0.9607160E-03   -0.2494387E-03   -0.2302990E-06   -0.8165415E-05    0.3262577E-03   -0.3838153E-05    0.2417717E-05   -0.7615338E-05   -0.3045616E-05   -0.7268919E-07    0.8984244E-07   -0.2172452E-04
    0.5462365E-07   -0.4837686E-06    0.2315068E-06    0.2433033E-05    0.3924332E-05    0.1487531E-05   -0.1414674E-08   -0.6718681E-03   -0.3938683E-03   -0.6800223E-05   -0.1281712E-03    0.3553035E-04   -0.3181662E-06    0.4195872E-06   -0.6580457E-04    0.2475090E-06   -0.9343010E-06    0.1054902E-05    0.2963314E-06   -0.2794874E-09   -0.1566719E-07    0.5432963E-05
    0.1945009E-05   -0.1798259E-04    0.2433033E-05    0.3713291E-03    0.6935828E-03    0.6190866E-04   -0.3112731E-05   -0.7304232E-01   -0.3120941E-01    0.1872216E-01   -0.1945744E-01    0.3833996E-02    0.8652070E-04    0.1677945E-03   -0.7498306E-02   -0.1744342E-04   -0.2891218E-04    0.1228851E-03   -0.1212849E-04    0.8745046E-07   -0.2469507E-05    0.8369760E-04
    0.3310184E-05   -0.2489849E-04    0.3924332E-05    0.6935828E-03    0.1344751E-02    0.9589907E-04    0.6652855E-05   -0.1314645E+00   -0.5439977E-01    0.4325086E-01   -0.3655535E-01    0.7332374E-02    0.2020689E-03    0.3739811E-03   -0.1549001E-01   -0.5773295E-04   -0.1232403E-03    0.2598179E-03   -0.3123163E-04    0.5265368E-06   -0.4735604E-05    0.1426702E-03
    0.8859010E-06   -0.1117350E-04    0.1487531E-05    0.6190866E-04    0.9589907E-04    0.3899660E-04    0.6784455E-07   -0.3434583E-01   -0.1320675E-01    0.1011482E-01   -0.8612806E-02    0.1633903E-02    0.5966964E-04    0.8384694E-04   -0.3676568E-02    0.3340049E-04   -0.5427892E-05    0.6721427E-04   -0.1288354E-04   -0.2146702E-06   -0.7744814E-06    0.5091873E-04
   -0.2244954E-10    0.1144117E-08   -0.1414674E-08   -0.3112731E-05    0.6652855E-05    0.6784455E-07    0.6404451E-05    0.3482530E-02    0.7207978E-03    0.7445241E-03    0.9932803E-03    0.4602722E-04    0.1570827E-05    0.4776967E-05   -0.1014778E-03    0.2205186E-05   -0.9936868E-06    0.7669447E-05    0.2222095E-05   -0.1545585E-08    0.3319551E-07    0.4752608E-05
   -0.1009415E-02    0.3621175E-02   -0.6718681E-03   -0.7304232E-01   -0.1314645E+00   -0.3434583E-01    0.3482530E-02    0.5122992E+03    0.6636538E+02   -0.6413128E+02    0.3585603E+02   -0.2222800E+02   -0.8848852E+00   -0.1069292E+00    0.1006129E+02   -0.1341110E+00    0.5434500E-01   -0.4760163E-01   -0.1651322E+00    0.5782247E-02    0.8394212E-02    0.1215437E+01
   -0.6101211E-03    0.2584694E-02   -0.3938683E-03   -0.3120941E-01   -0.5439977E-01   -0.1320675E-01    0.7207978E-03    0.6636538E+02    0.6028872E+02    0.1228954E+02    0.5917094E+01   -0.2333187E+01    0.2177188E+00    0.7830668E+00   -0.6289615E+01   -0.1995182E-01   -0.1716523E+00   -0.6983434E-01    0.1321723E+00    0.3465775E-03   -0.6080973E-03   -0.2236701E-01
    0.1444013E-03   -0.1008327E-03   -0.6800223E-05    0.1872216E-01    0.4325086E-01    0.1011482E-01    0.7445241E-03   -0.6413128E+02    0.1228954E+02    0.1719738E+03   -0.7818187E+02    0.4921724E+01    0.5433023E+00    0.4870956E+00   -0.9723372E+01   -0.1104365E-01   -0.8027801E-01    0.6063386E+00   -0.8280719E-01    0.1316277E-02   -0.1147877E-01    0.9142804E-01
   -0.2692244E-03    0.9607160E-03   -0.1281712E-03   -0.1945744E-01   -0.3655535E-01   -0.8612806E-02    0.9932803E-03    0.3585603E+02    0.5917094E+01   -0.7818187E+02    0.4631016E+02    0.2028284E+00   -0.9888849E-01   -0.3426735E+00   -0.1180806E+01    0.8502400E-02    0.5346732E-01   -0.4743244E+00   -0.1946869E-01   -0.3212391E-03    0.5016351E-02   -0.3000872E-01
    0.5854031E-04   -0.2494387E-03    0.3553035E-04    0.3833996E-02    0.7332374E-02    0.1633903E-02    0.4602722E-04   -0.2222800E+02   -0.2333187E+01    0.4921724E+01    0.2028284E+00    0.3593637E+01    0.1391194E+00   -0.7608620E-01   -0.2948517E+01    0.3377801E-02   -0.2061925E-01   -0.4087376E-01    0.5848574E-01    0.4219709E-03   -0.9847225E-03    0.2659052E-01
    0.5098367E-06   -0.2302990E-06   -0.3181662E-06    0.8652070E-04    0.2020689E-03    0.5966964E-04    0.1570827E-05   -0.8848852E+00    0.2177188E+00    0.5433023E+00   -0.9888849E-01    0.1391194E+00    0.1268061E-01    0.1482415E-01   -0.1657931E+00    0.1585449E-03   -0.2517613E-03   -0.1425950E-02    0.5062346E-03    0.1912495E-04   -0.4378055E-04    0.1705194E-02
    0.1573721E-05   -0.8165415E-05    0.4195872E-06    0.1677945E-03    0.3739811E-03    0.8384694E-04    0.4776967E-05   -0.1069292E+00    0.7830668E+00    0.4870956E+00   -0.3426735E+00   -0.7608620E-01    0.1482415E-01    0.8085997E-01    0.6137731E-01   -0.1413375E-04   -0.3310594E-03   -0.1161840E-03    0.1009047E-02    0.9821358E-05   -0.3662815E-04    0.4894978E-02
   -0.8806889E-04    0.3262577E-03   -0.6580457E-04   -0.7498306E-02   -0.1549001E-01   -0.3676568E-02   -0.1014778E-03    0.1006129E+02   -0.6289615E+01   -0.9723372E+01   -0.1180806E+01   -0.2948517E+01   -0.1657931E+00    0.6137731E-01    0.7121695E+01   -0.8559257E-02    0.1910541E-01    0.4271329E-01   -0.5192169E-01   -0.3549072E-03    0.7228706E-03   -0.6314233E-02
    0.1093945E-05   -0.3838153E-05    0.2475090E-06   -0.1744342E-04   -0.5773295E-04    0.3340049E-04    0.2205186E-05   -0.1341110E+00   -0.1995182E-01   -0.1104365E-01    0.8502400E-02    0.3377801E-02    0.1585449E-03   -0.1413375E-04   -0.8559257E-02    0.3638395E-01    0.3690856E-02   -0.4058026E-03    0.3126848E-03    0.3764392E-04   -0.8377898E-05    0.5387629E-03
    0.4630480E-07    0.2417717E-05   -0.9343010E-06   -0.2891218E-04   -0.1232403E-03   -0.5427892E-05   -0.9936868E-06    0.5434500E-01   -0.1716523E+00   -0.8027801E-01    0.5346732E-01   -0.2061925E-01   -0.2517613E-03   -0.3310594E-03    0.1910541E-01    0.3690856E-02    0.3393516E-01   -0.2947702E-02    0.2488768E-02   -0.6364815E-04   -0.6017546E-04   -0.1150021E-02
    0.2119768E-05   -0.7615338E-05    0.1054902E-05    0.1228851E-03    0.2598179E-03    0.6721427E-04    0.7669447E-05   -0.4760163E-01   -0.6983434E-01    0.6063386E+00   -0.4743244E+00   -0.4087376E-01   -0.1425950E-02   -0.1161840E-03    0.4271329E-01   -0.4058026E-03   -0.2947702E-02    0.1340088E-01    0.1148127E-01    0.7054853E-06    0.6611979E-04   -0.7807758E-03
   -0.1014939E-07   -0.3045616E-05    0.2963314E-06   -0.1212849E-04   -0.3123163E-04   -0.1288354E-04    0.2222095E-05   -0.1651322E+00    0.1321723E+00   -0.8280719E-01   -0.1946869E-01    0.5848574E-01    0.5062346E-03    0.1009047E-02   -0.5192169E-01    0.3126848E-03    0.2488768E-02    0.1148127E-01    0.3202325E-01    0.7205428E-05    0.9005752E-04    0.2624693E-03
    0.5832336E-08   -0.7268919E-07   -0.2794874E-09    0.8745046E-07    0.5265368E-06   -0.2146702E-06   -0.1545585E-08    0.5782247E-02    0.3465775E-03    0.1316277E-02   -0.3212391E-03    0.4219709E-03    0.1912495E-04    0.9821358E-05   -0.3549072E-03    0.3764392E-04   -0.6364815E-04    0.7054853E-06    0.7205428E-05    0.9441619E-06   -0.6426800E-07   -0.6777344E-04
   -0.2789114E-07    0.8984244E-07   -0.1566719E-07   -0.2469507E-05   -0.4735604E-05   -0.7744814E-06    0.3319551E-07    0.8394212E-02   -0.6080973E-03   -0.1147877E-01    0.5016351E-02   -0.9847225E-03   -0.4378055E-04   -0.3662815E-04    0.7228706E-03   -0.8377898E-05   -0.6017546E-04    0.6611979E-04    0.9005752E-04   -0.6426800E-07    0.3108850E-05   -0.7971487E-05
    0.1225833E-05   -0.2172452E-04    0.5432963E-05    0.8369760E-04    0.1426702E-03    0.5091873E-04    0.4752608E-05    0.1215437E+01   -0.2236701E-01    0.9142804E-01   -0.3000872E-01    0.2659052E-01    0.1705194E-02    0.4894978E-02   -0.6314233E-02    0.5387629E-03   -0.1150021E-02   -0.7807758E-03    0.2624693E-03   -0.6777344E-04   -0.7971487E-05    0.1002379E+01
