# omegabh2 omegach2 theta tau ns logA aps100 aps143 aps217 acib143 acib217 asz143 psr cibr ncib cal0 cal2 xi aksz bm_1_1 bm_1_2 bm_1_3 bm_1_4 bm_1_5 bm_2_1 bm_2_2 bm_2_3 bm_2_4 bm_2_5 bm_3_1 bm_3_2 bm_3_3 bm_3_4 bm_3_5 bm_4_1 bm_4_2 bm_4_3 bm_4_4 bm_4_5 a_ps_act_148 a_ps_act_217 a_ps_spt_95 a_ps_spt_150 a_ps_spt_220 r_ps_spt_95x150 r_ps_spt_95x220 r_ps_150x220 act_dust_s act_dust_e cal_acts_148 cal_acts_217 cal_acte_148 cal_acte_217 cal_spt_95 cal_spt_150 cal_spt_220
    0.73158E-07   -0.35090E-06    0.73828E-07    0.96810E-06    0.10366E-05    0.12504E-05   -0.77014E-03   -0.77501E-03   -0.60102E-03    0.44099E-05    0.41698E-04    0.25678E-04   -0.17739E-05   -0.14167E-06    0.57278E-06    0.12333E-08   -0.26585E-08   -0.58791E-05   -0.69601E-04   -0.19512E-04   -0.10836E-04    0.46952E-05   -0.35576E-05    0.39484E-05   -0.72283E-05    0.95570E-06   -0.29468E-06    0.38599E-05    0.10480E-05    0.16246E-05    0.56158E-05   -0.11978E-04   -0.50219E-05    0.44103E-05   -0.33801E-05   -0.30759E-05   -0.70976E-06   -0.23322E-05    0.37652E-05    0.10801E-04    0.10834E-03    0.27127E-04    0.23745E-04    0.12839E-03   -0.24923E-06   -0.80933E-06   -0.28775E-06    0.44646E-07   -0.27711E-07    0.36875E-06    0.42289E-06    0.41411E-06    0.47345E-06    0.95928E-06    0.76034E-06    0.55489E-06
   -0.35090E-06    0.61753E-05   -0.60375E-06   -0.99208E-05   -0.14618E-04   -0.49458E-05    0.30259E-02    0.33317E-02    0.31189E-02    0.19353E-06   -0.12041E-03   -0.64274E-04    0.71884E-05   -0.36262E-05    0.20010E-06   -0.23238E-07    0.59095E-07    0.36633E-05    0.62869E-04    0.10558E-03    0.93713E-04   -0.48337E-04    0.56560E-04   -0.17867E-04    0.10025E-03    0.31733E-04    0.27813E-04   -0.37873E-04   -0.16515E-04   -0.27424E-04   -0.33650E-04    0.59279E-04   -0.51820E-05   -0.84669E-04    0.38214E-04    0.64972E-04    0.31159E-04    0.17857E-04   -0.19056E-04   -0.52745E-04   -0.56925E-03   -0.15459E-03   -0.10995E-03   -0.71225E-03    0.37226E-05    0.75017E-06    0.15657E-05   -0.13975E-05    0.72710E-05   -0.16226E-05   -0.19137E-05   -0.16782E-05   -0.21779E-05   -0.45199E-05   -0.26531E-05   -0.35876E-05
    0.73828E-07   -0.60375E-06    0.38029E-06    0.17181E-05    0.20189E-05    0.23156E-05   -0.57642E-03   -0.51327E-03   -0.36185E-03    0.24986E-05    0.18289E-04    0.27621E-05   -0.12210E-05   -0.60271E-06    0.20666E-06    0.45543E-09   -0.15575E-07   -0.31505E-05   -0.29024E-04   -0.12862E-04   -0.54126E-05    0.78465E-05   -0.63718E-05    0.11941E-04   -0.13643E-04    0.93453E-06   -0.65662E-05    0.29055E-06    0.50956E-05    0.14112E-04    0.14782E-04   -0.23369E-05   -0.72048E-05    0.14167E-04    0.33503E-05   -0.11718E-04    0.51337E-05    0.24101E-05    0.24586E-05    0.83291E-05    0.82422E-04    0.29669E-04    0.12203E-04    0.13910E-03    0.14872E-06   -0.39550E-06   -0.37637E-06   -0.39219E-07    0.14730E-05    0.26904E-06    0.21108E-06    0.33383E-06    0.41061E-06    0.93017E-06    0.52497E-06    0.34659E-06
    0.96810E-06   -0.99208E-05    0.17181E-05    0.18252E-03    0.34170E-04    0.33932E-03   -0.28491E-01   -0.17106E-01   -0.11968E-01    0.21777E-04    0.14234E-02    0.50256E-03   -0.37965E-04    0.41927E-05    0.20122E-04    0.71868E-07    0.32929E-06   -0.12750E-03   -0.22795E-02   -0.65375E-03   -0.18988E-03   -0.11583E-03   -0.14458E-03    0.18041E-03   -0.16766E-03    0.12112E-03   -0.20704E-03    0.28980E-03    0.15831E-03   -0.34526E-05    0.15593E-03   -0.57709E-04   -0.31478E-03    0.14367E-03   -0.56778E-04   -0.24138E-03    0.20184E-03    0.14713E-03    0.23402E-03    0.26386E-03    0.30816E-02    0.88453E-03    0.66095E-03    0.33573E-02   -0.31351E-04   -0.52812E-04   -0.13982E-04    0.65266E-05   -0.37967E-04    0.64884E-05    0.12983E-04    0.75471E-05    0.10682E-04    0.19389E-04    0.11297E-04    0.68243E-05
    0.10366E-05   -0.14618E-04    0.20189E-05    0.34170E-04    0.51263E-04    0.30367E-04   -0.40417E-01   -0.22511E-01   -0.16380E-01   -0.82289E-05    0.13773E-02    0.61370E-03   -0.44480E-04   -0.27441E-05    0.25753E-04   -0.33052E-07    0.13153E-06   -0.14893E-03   -0.14225E-02   -0.47637E-03   -0.42615E-03   -0.87711E-05   -0.96026E-04    0.11499E-03    0.98714E-04    0.50131E-04   -0.13587E-03    0.47419E-04    0.98768E-05    0.16539E-03    0.12215E-04   -0.14214E-03   -0.37480E-04    0.10744E-03    0.23913E-03   -0.11975E-03    0.60756E-04   -0.29756E-04    0.79745E-04    0.25994E-03    0.24155E-02    0.74800E-03    0.43166E-03    0.20472E-02   -0.25844E-04   -0.28977E-04   -0.60507E-05    0.82730E-06   -0.29388E-04    0.10044E-04    0.10746E-04    0.97929E-05    0.11445E-04    0.20471E-04    0.14236E-04    0.98062E-05
    0.12504E-05   -0.49458E-05    0.23156E-05    0.33932E-03    0.30367E-04    0.66859E-03   -0.61201E-01   -0.29404E-01   -0.17913E-01   -0.38897E-04    0.28202E-02    0.98440E-03   -0.61307E-04   -0.40779E-05    0.51173E-04    0.14453E-06    0.10602E-05   -0.29212E-03   -0.47450E-02   -0.71187E-03   -0.84552E-04   -0.38234E-03   -0.15082E-03    0.27382E-03    0.24368E-03    0.40011E-03   -0.32391E-03    0.50508E-03    0.23801E-03   -0.65028E-04    0.36406E-03   -0.20023E-04   -0.65621E-03    0.41906E-04    0.21294E-03   -0.16262E-03    0.53255E-03    0.35931E-03    0.47227E-03    0.41099E-03    0.47680E-02    0.14788E-02    0.10637E-02    0.48379E-02   -0.59466E-04   -0.11343E-03   -0.23676E-04    0.10532E-04   -0.46956E-04    0.10021E-04    0.21647E-04    0.12348E-04    0.16721E-04    0.31435E-04    0.17958E-04    0.58679E-05
   -0.77014E-03    0.30259E-02   -0.57642E-03   -0.28491E-01   -0.40417E-01   -0.61201E-01    0.16169E+04    0.85230E+02    0.22516E+02    0.33242E+00   -0.25000E+01   -0.12172E+02   -0.96032E-01   -0.97428E-01   -0.85641E-01    0.10615E-02   -0.25687E-02    0.11362E+01    0.86681E+01    0.16502E+02   -0.81499E+01   -0.72177E+00   -0.74798E+00    0.10153E+00   -0.21403E+01   -0.44159E+01   -0.81063E+00   -0.84856E+00   -0.18508E+01    0.12978E+00    0.14330E+00   -0.71941E+00   -0.45100E+00   -0.32201E+01   -0.10415E+01   -0.16038E+01   -0.26359E+01   -0.11980E+00    0.21433E+01    0.43665E+00    0.19121E+01    0.26908E+01   -0.59498E+00    0.52592E+01    0.82632E-01   -0.35430E+00   -0.79077E-01    0.14378E+00   -0.63411E-01   -0.29559E-01    0.24293E-01   -0.22588E-01    0.30014E-02   -0.65132E-01   -0.24273E-01    0.23593E-01
   -0.77501E-03    0.33317E-02   -0.51327E-03   -0.17106E-01   -0.22511E-01   -0.29404E-01    0.85230E+02    0.63335E+02    0.17172E+02    0.13497E+00   -0.26897E+00   -0.20143E+01    0.40192E-01    0.18397E-01   -0.29797E-01   -0.66547E-04   -0.99697E-03    0.20481E+00    0.97412E+00    0.95888E-01   -0.74272E-01    0.49153E-01    0.16511E+00    0.14356E+00    0.27668E+00   -0.15563E+00    0.38604E-01   -0.19571E+00    0.73721E-01   -0.91979E-02    0.50920E-01    0.67270E-01    0.11002E+00    0.63506E-01    0.21631E+00    0.26298E-01   -0.20306E+00   -0.88551E-01    0.31240E-01    0.16338E+00   -0.19778E+01    0.49853E+00   -0.21139E+00   -0.75895E+00    0.22184E-01   -0.42399E-01   -0.26419E-01   -0.19946E-01    0.19913E-01   -0.13683E-01   -0.85219E-02   -0.13624E-01   -0.85617E-02   -0.29554E-01   -0.20238E-01   -0.54645E-02
   -0.60102E-03    0.31189E-02   -0.36185E-03   -0.11968E-01   -0.16380E-01   -0.17913E-01    0.22516E+02    0.17172E+02    0.96757E+02   -0.11613E+01   -0.34932E+02    0.38811E+00   -0.37069E+00   -0.45379E-01   -0.45278E+00   -0.41089E-04   -0.22438E-03   -0.14233E-01    0.88662E+00    0.24943E-01    0.14581E+00   -0.62290E-01   -0.31382E-01   -0.17989E+00    0.93919E-01   -0.34858E-01    0.24218E+00   -0.10982E+00    0.14439E+00    0.87280E-01    0.17793E+00   -0.89070E-01    0.46724E+00   -0.82118E-01    0.64777E-01    0.22155E+00    0.86684E-01   -0.10124E+00   -0.94004E-01    0.15890E+00    0.17693E+02   -0.10851E+01    0.54709E+00    0.98338E+01   -0.45598E-01   -0.89727E-01    0.14953E-02    0.23817E-01    0.10142E+00   -0.65213E-02   -0.28518E-01   -0.53444E-02   -0.33296E-01   -0.81917E-02   -0.10776E-01   -0.60516E-01
    0.44099E-05    0.19353E-06    0.24986E-05    0.21777E-04   -0.82289E-05   -0.38897E-04    0.33242E+00    0.13497E+00   -0.11613E+01    0.64209E+00    0.11823E+01    0.54250E+00    0.21780E-02   -0.21446E-02   -0.27181E-02   -0.35914E-05    0.49506E-04    0.11786E-02   -0.92879E+00   -0.11245E-01    0.37323E-02    0.23635E-01    0.10376E-01    0.10141E-01   -0.43977E-01   -0.23429E-01    0.26904E-01    0.18161E-01   -0.10700E-02    0.18680E-01   -0.16113E-01    0.17943E-01   -0.18016E-01    0.24719E-02   -0.24608E-01   -0.30783E-02   -0.50369E-02   -0.12723E-01    0.28299E-01    0.51793E-01   -0.79972E-01   -0.21841E+00   -0.12879E-01   -0.26135E-01    0.46585E-01    0.44872E-01   -0.43704E-02    0.28926E-02   -0.44214E-02    0.24311E-03    0.55911E-03    0.45424E-04    0.47145E-03   -0.93567E-03    0.52682E-03    0.20880E-02
    0.41698E-04   -0.12041E-03    0.18289E-04    0.14234E-02    0.13773E-02    0.28202E-02   -0.25000E+01   -0.26897E+00   -0.34932E+02    0.11823E+01    0.21553E+02    0.19788E+01    0.22344E+00    0.33582E-01    0.28513E+00   -0.43013E-05   -0.26254E-04   -0.33971E+00   -0.42368E+01    0.19977E+00   -0.20307E+00    0.26189E-01    0.44062E-01    0.12302E+00    0.51622E-02    0.74195E-01   -0.14624E+00    0.20022E+00   -0.20378E+00   -0.97732E-01   -0.42194E+00    0.27774E-01   -0.38896E+00   -0.13640E+00   -0.47751E-01   -0.10733E+00    0.52482E-02    0.13530E+00    0.20655E+00   -0.34354E+00   -0.11902E+02   -0.61185E-01   -0.69825E+00   -0.82190E+01    0.54821E-01    0.75348E-01   -0.90754E-02   -0.21006E-01   -0.37276E-01   -0.88203E-03    0.56015E-02   -0.22817E-02    0.89396E-02    0.37504E-03   -0.16929E-02    0.20609E-01
    0.25678E-04   -0.64274E-04    0.27621E-05    0.50256E-03    0.61370E-03    0.98440E-03   -0.12172E+02   -0.20143E+01    0.38811E+00    0.54250E+00    0.19788E+01    0.20360E+01    0.20681E-01    0.24229E-01    0.16270E-01   -0.17679E-06   -0.17659E-03   -0.19669E+00   -0.24657E+01    0.49899E-01    0.21815E-01    0.63043E-01    0.37646E-01    0.13047E-01    0.41469E-01   -0.14347E-02    0.15069E-01    0.11345E-01    0.16440E-03   -0.49063E-01   -0.28931E-01   -0.77003E-02   -0.44960E-01   -0.15186E-01   -0.54743E-03   -0.26125E-02   -0.25190E-03   -0.40864E-01    0.16775E-01   -0.80576E-01   -0.73842E+00   -0.81464E+00   -0.95918E-01   -0.13265E+01    0.41840E-01    0.72385E-01   -0.15380E-02    0.10344E-02   -0.31644E-02    0.64177E-03   -0.29103E-02    0.10328E-03   -0.25014E-02    0.38164E-02    0.39765E-03   -0.24821E-02
   -0.17739E-05    0.71884E-05   -0.12210E-05   -0.37965E-04   -0.44480E-04   -0.61307E-04   -0.96032E-01    0.40192E-01   -0.37069E+00    0.21780E-02    0.22344E+00    0.20681E-01    0.47098E-02    0.18164E-04    0.32077E-02    0.22447E-06   -0.29482E-05   -0.13994E-02   -0.21039E-01    0.17130E-02    0.17413E-02    0.15815E-02    0.83998E-03    0.12588E-02    0.21266E-02   -0.13173E-02   -0.14422E-02   -0.17205E-02    0.12552E-02   -0.12290E-02    0.12259E-02    0.26831E-03   -0.43451E-04    0.12693E-02    0.16440E-02   -0.14824E-02   -0.21381E-02   -0.16210E-02   -0.26349E-02   -0.18792E-02   -0.16038E+00   -0.77612E-02   -0.41328E-02   -0.11865E+00    0.35578E-03    0.16650E-02    0.39886E-03   -0.28472E-03   -0.32058E-03   -0.48871E-04   -0.53053E-04   -0.58805E-04    0.11700E-04    0.53666E-05   -0.65036E-04    0.12584E-03
   -0.14167E-06   -0.36262E-05   -0.60271E-06    0.41927E-05   -0.27441E-05   -0.40779E-05   -0.97428E-01    0.18397E-01   -0.45379E-01   -0.21446E-02    0.33582E-01    0.24229E-01    0.18164E-04    0.30550E-02   -0.18705E-03   -0.11609E-06    0.53392E-05   -0.60019E-03   -0.17164E-01    0.12931E-02   -0.82416E-03    0.14924E-02    0.75536E-03    0.77837E-03   -0.17686E-02    0.46163E-03   -0.95284E-03    0.63947E-03   -0.15285E-02    0.69245E-03   -0.19857E-02    0.13030E-03   -0.16348E-02   -0.26674E-03   -0.86044E-03   -0.70109E-03    0.43760E-03    0.16440E-02   -0.13892E-03    0.65457E-02    0.31271E-02   -0.14331E-01    0.37993E-02    0.38021E-02    0.19465E-03    0.16649E-02   -0.44008E-03   -0.10570E-03    0.15152E-03    0.10391E-04    0.47130E-04   -0.26182E-05    0.47848E-04    0.71530E-04    0.99294E-05    0.11778E-03
    0.57278E-06    0.20010E-06    0.20666E-06    0.20122E-04    0.25753E-04    0.51173E-04   -0.85641E-01   -0.29797E-01   -0.45278E+00   -0.27181E-02    0.28513E+00    0.16270E-01    0.32077E-02   -0.18705E-03    0.51832E-02    0.13471E-06   -0.95737E-05   -0.51520E-02   -0.32141E-01    0.61158E-02   -0.66985E-02   -0.10997E-02   -0.87356E-03    0.14511E-02    0.35468E-02    0.53025E-02   -0.54406E-02    0.75512E-02   -0.54375E-02   -0.53589E-02   -0.11304E-01   -0.26664E-03   -0.84273E-02   -0.53645E-02   -0.88801E-03   -0.15440E-02    0.40014E-02    0.73930E-02    0.83221E-02   -0.85388E-02   -0.19805E+00    0.37099E-02   -0.10772E-01   -0.14478E+00   -0.57094E-03   -0.94214E-04    0.28773E-03   -0.35579E-03   -0.38290E-03   -0.14865E-04    0.10707E-04   -0.28618E-04    0.67763E-04    0.66353E-04   -0.38616E-04    0.16781E-03
    0.12333E-08   -0.23238E-07    0.45543E-09    0.71868E-07   -0.33052E-07    0.14453E-06    0.10615E-02   -0.66547E-04   -0.41089E-04   -0.35914E-05   -0.43013E-05   -0.17679E-06    0.22447E-06   -0.11609E-06    0.13471E-06    0.14827E-06    0.17015E-07    0.97956E-07    0.11309E-04   -0.33477E-04   -0.19055E-04   -0.12818E-04   -0.34953E-05    0.35773E-05    0.20339E-04    0.58663E-05   -0.51720E-05   -0.32155E-05   -0.12883E-05    0.30780E-05    0.28725E-05   -0.13906E-05    0.24702E-05    0.12164E-05    0.16916E-04    0.76111E-05    0.57775E-06    0.29483E-05   -0.46595E-05   -0.99962E-06   -0.17365E-04   -0.27796E-05   -0.29588E-05   -0.57446E-04   -0.46502E-06   -0.26016E-06    0.20189E-06    0.12153E-05    0.43380E-07   -0.32154E-07    0.11172E-06   -0.89039E-07   -0.89417E-08    0.55371E-07   -0.73752E-07   -0.35353E-06
   -0.26585E-08    0.59095E-07   -0.15575E-07    0.32929E-06    0.13153E-06    0.10602E-05   -0.25687E-02   -0.99697E-03   -0.22438E-03    0.49506E-04   -0.26254E-04   -0.17659E-03   -0.29482E-05    0.53392E-05   -0.95737E-05    0.17015E-07    0.11371E-05    0.30127E-04    0.14525E-03    0.46799E-04    0.66010E-04   -0.18086E-04   -0.25574E-04   -0.41856E-04    0.37681E-03    0.38477E-04   -0.27766E-04   -0.18324E-04    0.46551E-04   -0.37060E-03    0.75448E-04   -0.67444E-04    0.44956E-04    0.96914E-05    0.41774E-04    0.49737E-04   -0.45397E-04   -0.70598E-04   -0.14705E-05    0.71923E-04    0.31791E-03    0.10399E-03    0.37051E-04    0.42767E-03    0.19088E-05   -0.88224E-06   -0.31489E-05   -0.73685E-06    0.12565E-05    0.26623E-06    0.14946E-05    0.55003E-06    0.13082E-05    0.28268E-09    0.63692E-06    0.13901E-05
   -0.58791E-05    0.36633E-05   -0.31505E-05   -0.12750E-03   -0.14893E-03   -0.29212E-03    0.11362E+01    0.20481E+00   -0.14233E-01    0.11786E-02   -0.33971E+00   -0.19669E+00   -0.13994E-02   -0.60019E-03   -0.51520E-02    0.97956E-07    0.30127E-04    0.64845E-01    0.37235E+00   -0.61189E-02   -0.18799E-02   -0.78031E-03   -0.45196E-02   -0.74292E-02   -0.12608E-01   -0.20117E-02   -0.71258E-02    0.31667E-02    0.43991E-02    0.62200E-02    0.32341E-03    0.20045E-02    0.54084E-02    0.44295E-02   -0.41361E-02   -0.62621E-02   -0.91083E-03    0.11735E-01   -0.23568E-03    0.59410E-01    0.13569E+00    0.11176E-01    0.55783E-01    0.22497E+00    0.42111E-02    0.75452E-02    0.10472E-02    0.97164E-03    0.70183E-03    0.11152E-04    0.28427E-03    0.52046E-04    0.25192E-03   -0.36245E-03    0.15433E-03    0.66200E-03
   -0.69601E-04    0.62869E-04   -0.29024E-04   -0.22795E-02   -0.14225E-02   -0.47450E-02    0.86681E+01    0.97412E+00    0.88662E+00   -0.92879E+00   -0.42368E+01   -0.24657E+01   -0.21039E-01   -0.17164E-01   -0.32141E-01    0.11309E-04    0.14525E-03    0.37235E+00    0.46659E+01   -0.44291E-01    0.44000E-04   -0.29286E-01   -0.79292E-01   -0.18099E-01   -0.54959E-02    0.39807E-01   -0.49712E-01   -0.32137E-02    0.27123E-01    0.41003E-01    0.17705E-01   -0.97993E-02    0.51520E-01    0.60124E-01    0.29690E-01   -0.13464E-01    0.26969E-01    0.61138E-01   -0.32480E-01    0.77995E-01    0.10752E+01    0.40542E+00    0.21017E+00    0.19062E+01   -0.47980E-01   -0.37611E-01    0.17077E-01   -0.24359E-02    0.21759E-02    0.14486E-03    0.25099E-02    0.94162E-03    0.22145E-02   -0.14982E-02    0.10022E-02    0.28874E-02
   -0.19512E-04    0.10558E-03   -0.12862E-04   -0.65375E-03   -0.47637E-03   -0.71187E-03    0.16502E+02    0.95888E-01    0.24943E-01   -0.11245E-01    0.19977E+00    0.49899E-01    0.17130E-02    0.12931E-02    0.61158E-02   -0.33477E-04    0.46799E-04   -0.61189E-02   -0.44291E-01    0.64187E+00   -0.14805E+00   -0.16352E-01    0.31672E-02    0.68869E-02    0.17782E+00   -0.47951E-01   -0.23681E-01    0.49152E-02   -0.65902E-01    0.32339E-01    0.27419E-01   -0.18745E-01   -0.39915E-01   -0.10603E+00    0.15499E+00    0.46766E-01   -0.13534E-01    0.24517E-01    0.79947E-01   -0.29271E-02   -0.20301E+00   -0.48267E-01   -0.15673E-01   -0.21585E+00    0.11334E-02    0.24234E-02    0.42628E-03   -0.11121E-02   -0.85664E-03   -0.99970E-04   -0.20347E-03    0.49355E-04   -0.19812E-03    0.37731E-03    0.85953E-04    0.21394E-03
   -0.10836E-04    0.93713E-04   -0.54126E-05   -0.18988E-03   -0.42615E-03   -0.84552E-04   -0.81499E+01   -0.74272E-01    0.14581E+00    0.37323E-02   -0.20307E+00    0.21815E-01    0.17413E-02   -0.82416E-03   -0.66985E-02   -0.19055E-04    0.66010E-04   -0.18799E-02    0.44000E-04   -0.14805E+00    0.93469E+00   -0.74493E-02    0.37237E-02    0.29823E-02   -0.12991E+00    0.20067E+00    0.71694E-01   -0.12667E-01    0.35207E-01   -0.12349E+00   -0.29533E-02    0.31655E-01    0.19723E-01    0.17074E+00   -0.21590E+00    0.57128E-01    0.10893E+00    0.13161E-02   -0.22108E+00   -0.78391E-02    0.93789E-01   -0.21571E-01   -0.15814E-02    0.88803E-01    0.54278E-03    0.18681E-02    0.61483E-03   -0.22888E-02    0.47651E-02    0.25432E-04   -0.28458E-03   -0.89942E-04   -0.47969E-03   -0.38453E-03   -0.17028E-03   -0.50648E-03
    0.46952E-05   -0.48337E-04    0.78465E-05   -0.11583E-03   -0.87711E-05   -0.38234E-03   -0.72177E+00    0.49153E-01   -0.62290E-01    0.23635E-01    0.26189E-01    0.63043E-01    0.15815E-02    0.14924E-02   -0.10997E-02   -0.12818E-04   -0.18086E-04   -0.78031E-03   -0.29286E-01   -0.16352E-01   -0.74493E-02    0.10124E+01   -0.13555E-01    0.87239E-02   -0.51325E-01   -0.10751E-01    0.16891E+00   -0.65637E-02    0.75731E-01   -0.27487E-01    0.34914E-01   -0.29096E-01   -0.37326E-01    0.13442E+00   -0.75272E-01    0.28506E-01    0.28693E-01   -0.17367E+00    0.10046E+00    0.16296E-02    0.19685E-01   -0.11232E-01    0.60779E-03   -0.36887E-02    0.18892E-02    0.41297E-02    0.39214E-04   -0.20517E-02   -0.53354E-03    0.77107E-04   -0.42598E-03   -0.18308E-03   -0.15579E-03   -0.90737E-04   -0.27446E-05   -0.21632E-03
   -0.35576E-05    0.56560E-04   -0.63718E-05   -0.14458E-03   -0.96026E-04   -0.15082E-03   -0.74798E+00    0.16511E+00   -0.31382E-01    0.10376E-01    0.44062E-01    0.37646E-01    0.83998E-03    0.75536E-03   -0.87356E-03   -0.34953E-05   -0.25574E-04   -0.45196E-02   -0.79292E-01    0.31672E-02    0.37237E-02   -0.13555E-01    0.99281E+00    0.14186E-01    0.60127E-01   -0.87833E-01    0.62120E-01   -0.78963E-01    0.65245E-01    0.51387E-01    0.91118E-01    0.70278E-01    0.13021E+00   -0.10271E+00    0.84838E-01    0.16808E-01   -0.21733E-02   -0.12079E+00    0.49119E-01   -0.37494E-02   -0.26914E-01   -0.31982E-01   -0.94032E-02   -0.70324E-01    0.91348E-03    0.12431E-02   -0.35607E-03    0.15908E-02   -0.37903E-02   -0.46486E-04   -0.20120E-03   -0.12082E-03   -0.23747E-04   -0.24607E-03   -0.86846E-04    0.28950E-03
    0.39484E-05   -0.17867E-04    0.11941E-04    0.18041E-03    0.11499E-03    0.27382E-03    0.10153E+00    0.14356E+00   -0.17989E+00    0.10141E-01    0.12302E+00    0.13047E-01    0.12588E-02    0.77837E-03    0.14511E-02    0.35773E-05   -0.41856E-04   -0.74292E-02   -0.18099E-01    0.68869E-02    0.29823E-02    0.87239E-02    0.14186E-01    0.10347E+01    0.42746E-01    0.48381E-01   -0.28529E-01    0.52574E-01    0.59370E-01    0.96385E-01   -0.66709E-01   -0.75815E-01    0.49132E-01    0.29984E-01    0.11599E+00   -0.57709E-01    0.97468E-01   -0.26574E-01    0.17134E-01   -0.35141E-02   -0.10175E+00    0.44512E-02   -0.12344E-01   -0.13646E-01   -0.69742E-03   -0.21631E-02   -0.70788E-03   -0.14103E-02   -0.56573E-02   -0.48569E-04   -0.13724E-03    0.34949E-05    0.19707E-04    0.14527E-03    0.46281E-04    0.35729E-03
   -0.72283E-05    0.10025E-03   -0.13643E-04   -0.16766E-03    0.98714E-04    0.24368E-03   -0.21403E+01    0.27668E+00    0.93919E-01   -0.43977E-01    0.51622E-02    0.41469E-01    0.21266E-02   -0.17686E-02    0.35468E-02    0.20339E-04    0.37681E-03   -0.12608E-01   -0.54959E-02    0.17782E+00   -0.12991E+00   -0.51325E-01    0.60127E-01    0.42746E-01    0.78825E+00   -0.92825E-02   -0.16635E-01   -0.24721E-01   -0.28777E-02    0.91729E-01    0.13157E+00   -0.70197E-01    0.17936E-01   -0.93359E-01    0.64916E+00    0.21230E+00   -0.18141E-01   -0.38111E-01    0.87462E-01   -0.99406E-02   -0.51326E-01   -0.47360E-02   -0.61042E-02   -0.12033E+00   -0.33331E-02   -0.29421E-02    0.12259E-02   -0.10240E-02   -0.96322E-03    0.88219E-04    0.64180E-04    0.32822E-03    0.28135E-06    0.83182E-03    0.17473E-03   -0.14317E-03
    0.95570E-06    0.31733E-04    0.93453E-06    0.12112E-03    0.50131E-04    0.40011E-03   -0.44159E+01   -0.15563E+00   -0.34858E-01   -0.23429E-01    0.74195E-01   -0.14347E-02   -0.13173E-02    0.46163E-03    0.53025E-02    0.58663E-05    0.38477E-04   -0.20117E-02    0.39807E-01   -0.47951E-01    0.20067E+00   -0.10751E-01   -0.87833E-01    0.48381E-01   -0.92825E-02    0.10261E+01   -0.11979E-01    0.15229E-02   -0.35546E-01    0.81530E-01   -0.14030E-01   -0.67362E-01   -0.36592E-01    0.15371E+00   -0.60377E-01    0.27839E+00    0.78479E+00    0.32318E+00   -0.22911E+00   -0.11962E-01   -0.12665E+00   -0.15900E-01    0.64437E-02   -0.48177E-01   -0.17370E-02    0.10206E-02    0.97561E-03   -0.13583E-02    0.29927E-02    0.20134E-03    0.25546E-03    0.10859E-03   -0.21950E-03    0.43403E-04    0.12719E-03   -0.33726E-03
   -0.29468E-06    0.27813E-04   -0.65662E-05   -0.20704E-03   -0.13587E-03   -0.32391E-03   -0.81063E+00    0.38604E-01    0.24218E+00    0.26904E-01   -0.14624E+00    0.15069E-01   -0.14422E-02   -0.95284E-03   -0.54406E-02   -0.51720E-05   -0.27766E-04   -0.71258E-02   -0.49712E-01   -0.23681E-01    0.71694E-01    0.16891E+00    0.62120E-01   -0.28529E-01   -0.16635E-01   -0.11979E-01    0.95284E+00    0.20242E-02   -0.13763E-01    0.72454E-01   -0.52566E-01    0.15752E+00    0.13758E+00   -0.11416E+00   -0.20081E+00    0.60844E+00    0.11208E+00   -0.58739E+00    0.16016E+00   -0.10330E-01    0.25505E+00   -0.19175E-01   -0.10456E-01    0.21200E+00    0.11119E-02   -0.55289E-04   -0.28278E-03    0.12727E-02   -0.10449E-02    0.14456E-03    0.10703E-03   -0.82929E-05    0.10852E-03   -0.76146E-03    0.27953E-03    0.34056E-04
    0.38599E-05   -0.37873E-04    0.29055E-06    0.28980E-03    0.47419E-04    0.50508E-03   -0.84856E+00   -0.19571E+00   -0.10982E+00    0.18161E-01    0.20022E+00    0.11345E-01   -0.17205E-02    0.63947E-03    0.75512E-02   -0.32155E-05   -0.18324E-04    0.31667E-02   -0.32137E-02    0.49152E-02   -0.12667E-01   -0.65637E-02   -0.78963E-01    0.52574E-01   -0.24721E-01    0.15229E-02    0.20242E-02    0.99072E+00    0.16643E-01   -0.17789E-01   -0.10961E+00   -0.13432E+00   -0.46509E-01   -0.85656E-01   -0.79552E-01    0.58915E-01   -0.31892E-01    0.30078E+00    0.67593E+00    0.98268E-02   -0.24026E+00    0.44273E-01    0.70045E-03   -0.78837E-01    0.74440E-03    0.16002E-02   -0.29125E-03    0.27096E-02    0.66558E-03   -0.38179E-04   -0.31417E-03   -0.11690E-03    0.72636E-04   -0.87707E-04    0.17575E-04    0.80957E-03
    0.10480E-05   -0.16515E-04    0.50956E-05    0.15831E-03    0.98768E-05    0.23801E-03   -0.18508E+01    0.73721E-01    0.14439E+00   -0.10700E-02   -0.20378E+00    0.16440E-03    0.12552E-02   -0.15285E-02   -0.54375E-02   -0.12883E-05    0.46551E-04    0.43991E-02    0.27123E-01   -0.65902E-01    0.35207E-01    0.75731E-01    0.65245E-01    0.59370E-01   -0.28777E-02   -0.35546E-01   -0.13763E-01    0.16643E-01    0.95872E+00   -0.68989E-01    0.82952E-01    0.30660E-01    0.14470E+00   -0.32920E-02    0.11869E+00   -0.55752E+00    0.34049E+00   -0.32931E+00    0.23350E+00    0.40348E-02    0.40701E-01    0.18118E-01    0.88543E-02    0.62864E-01   -0.11129E-02   -0.66100E-03    0.23985E-03   -0.91075E-05   -0.42121E-02   -0.22205E-04   -0.68751E-03   -0.85192E-04   -0.28050E-03    0.13137E-03    0.11985E-03   -0.48666E-03
    0.16246E-05   -0.27424E-04    0.14112E-04   -0.34526E-05    0.16539E-03   -0.65028E-04    0.12978E+00   -0.91979E-02    0.87280E-01    0.18680E-01   -0.97732E-01   -0.49063E-01   -0.12290E-02    0.69245E-03   -0.53589E-02    0.30780E-05   -0.37060E-03    0.62200E-02    0.41003E-01    0.32339E-01   -0.12349E+00   -0.27487E-01    0.51387E-01    0.96385E-01    0.91729E-01    0.81530E-01    0.72454E-01   -0.17789E-01   -0.68989E-01    0.84716E+00   -0.16350E-01   -0.18304E-01   -0.96609E-02   -0.12810E-01    0.59872E+00    0.18480E+00    0.13240E+00    0.54134E-01   -0.87895E-01   -0.49975E-02    0.25625E+00    0.12501E-01    0.33552E-02    0.14199E+00    0.11667E-02   -0.89477E-03   -0.67788E-03    0.24098E-02    0.27593E-02    0.95700E-04    0.59565E-03    0.13465E-03    0.46589E-03   -0.36043E-03    0.20326E-03    0.59350E-03
    0.56158E-05   -0.33650E-04    0.14782E-04    0.15593E-03    0.12215E-04    0.36406E-03    0.14330E+00    0.50920E-01    0.17793E+00   -0.16113E-01   -0.42194E+00   -0.28931E-01    0.12259E-02   -0.19857E-02   -0.11304E-01    0.28725E-05    0.75448E-04    0.32341E-03    0.17705E-01    0.27419E-01   -0.29533E-02    0.34914E-01    0.91118E-01   -0.66709E-01    0.13157E+00   -0.14030E-01   -0.52566E-01   -0.10961E+00    0.82952E-01   -0.16350E-01    0.96560E+00    0.20103E-02   -0.85761E-02   -0.28773E-02    0.98802E-01    0.14345E+00   -0.69877E-02    0.12933E+00    0.15739E+00    0.12359E-01    0.30174E+00    0.24721E-01    0.24637E-01    0.33572E+00   -0.16879E-02   -0.31979E-02   -0.18947E-03   -0.41401E-02   -0.46608E-02   -0.55600E-04   -0.15901E-03   -0.64730E-05   -0.29568E-03    0.19684E-03    0.25349E-04    0.41337E-03
   -0.11978E-04    0.59279E-04   -0.23369E-05   -0.57709E-04   -0.14214E-03   -0.20023E-04   -0.71941E+00    0.67270E-01   -0.89070E-01    0.17943E-01    0.27774E-01   -0.77003E-02    0.26831E-03    0.13030E-03   -0.26664E-03   -0.13906E-05   -0.67444E-04    0.20045E-02   -0.97993E-02   -0.18745E-01    0.31655E-01   -0.29096E-01    0.70278E-01   -0.75815E-01   -0.70197E-01   -0.67362E-01    0.15752E+00   -0.13432E+00    0.30660E-01   -0.18304E-01    0.20103E-02    0.98581E+00    0.15982E-02    0.24619E-02   -0.10798E+00    0.63242E-01    0.14505E+00    0.16257E-01   -0.37550E-01    0.10116E-01   -0.54680E-01   -0.13306E-03   -0.55753E-02   -0.46610E-02    0.10640E-02    0.32432E-03   -0.34419E-03   -0.33615E-02    0.13845E-02    0.17117E-04   -0.17141E-03   -0.22033E-03    0.15784E-03   -0.28358E-03   -0.11577E-03    0.20958E-03
   -0.50219E-05   -0.51820E-05   -0.72048E-05   -0.31478E-03   -0.37480E-04   -0.65621E-03   -0.45100E+00    0.11002E+00    0.46724E+00   -0.18016E-01   -0.38896E+00   -0.44960E-01   -0.43451E-04   -0.16348E-02   -0.84273E-02    0.24702E-05    0.44956E-04    0.54084E-02    0.51520E-01   -0.39915E-01    0.19723E-01   -0.37326E-01    0.13021E+00    0.49132E-01    0.17936E-01   -0.36592E-01    0.13758E+00   -0.46509E-01    0.14470E+00   -0.96609E-02   -0.85761E-02    0.15982E-02    0.96270E+00   -0.47082E-02   -0.35147E-02    0.12288E-01    0.10876E+00   -0.26516E+00    0.10118E+00    0.22061E-02    0.31621E+00    0.34445E-01    0.13473E-01    0.22645E+00   -0.21803E-02   -0.35821E-02    0.28521E-04    0.62485E-03    0.23714E-02   -0.12061E-03    0.14475E-03   -0.24062E-04    0.10467E-04   -0.69459E-03   -0.20063E-04   -0.46480E-03
    0.44103E-05   -0.84669E-04    0.14167E-04    0.14367E-03    0.10744E-03    0.41906E-04   -0.32201E+01    0.63506E-01   -0.82118E-01    0.24719E-02   -0.13640E+00   -0.15186E-01    0.12693E-02   -0.26674E-03   -0.53645E-02    0.12164E-05    0.96914E-05    0.44295E-02    0.60124E-01   -0.10603E+00    0.17074E+00    0.13442E+00   -0.10271E+00    0.29984E-01   -0.93359E-01    0.15371E+00   -0.11416E+00   -0.85656E-01   -0.32920E-02   -0.12810E-01   -0.28773E-02    0.24619E-02   -0.47082E-02    0.98036E+00   -0.79087E-01   -0.34054E-01    0.32427E-01    0.18539E+00   -0.93229E-01    0.12480E-01    0.15030E+00   -0.45177E-02    0.53795E-02    0.14982E+00    0.90753E-04    0.13168E-02    0.18877E-03    0.16910E-02    0.60432E-02    0.55935E-04   -0.13294E-03    0.18787E-03    0.18681E-03   -0.20266E-04   -0.11355E-03   -0.58351E-04
   -0.33801E-05    0.38214E-04    0.33503E-05   -0.56778E-04    0.23913E-03    0.21294E-03   -0.10415E+01    0.21631E+00    0.64777E-01   -0.24608E-01   -0.47751E-01   -0.54743E-03    0.16440E-02   -0.86044E-03   -0.88801E-03    0.16916E-04    0.41774E-04   -0.41361E-02    0.29690E-01    0.15499E+00   -0.21590E+00   -0.75272E-01    0.84838E-01    0.11599E+00    0.64916E+00   -0.60377E-01   -0.20081E+00   -0.79552E-01    0.11869E+00    0.59872E+00    0.98802E-01   -0.10798E+00   -0.35147E-02   -0.79087E-01    0.97086E+00   -0.24240E-01    0.36982E-01    0.94681E-02   -0.27188E-02   -0.88622E-02    0.88259E-01    0.12337E-01   -0.22976E-03   -0.51677E-01   -0.20443E-02   -0.29714E-02    0.48562E-03    0.78782E-03   -0.19845E-03    0.94197E-04    0.31524E-03    0.34551E-03    0.28574E-03    0.63443E-03    0.20990E-03    0.14856E-03
   -0.30759E-05    0.64972E-04   -0.11718E-04   -0.24138E-03   -0.11975E-03   -0.16262E-03   -0.16038E+01    0.26298E-01    0.22155E+00   -0.30783E-02   -0.10733E+00   -0.26125E-02   -0.14824E-02   -0.70109E-03   -0.15440E-02    0.76111E-05    0.49737E-04   -0.62621E-02   -0.13464E-01    0.46766E-01    0.57128E-01    0.28506E-01    0.16808E-01   -0.57709E-01    0.21230E+00    0.27839E+00    0.60844E+00    0.58915E-01   -0.55752E+00    0.18480E+00    0.14345E+00    0.63242E-01    0.12288E-01   -0.34054E-01   -0.24240E-01    0.96582E+00    0.25609E-01    0.19140E-01   -0.35917E-01   -0.88359E-02    0.17617E+00   -0.24097E-01   -0.41498E-02    0.17556E+00    0.18096E-03   -0.87965E-03    0.22602E-03    0.11311E-03    0.31947E-02    0.11476E-03    0.46230E-03    0.99926E-04    0.55344E-04   -0.48101E-03    0.19353E-03    0.44234E-03
   -0.70976E-06    0.31159E-04    0.51337E-05    0.20184E-03    0.60756E-04    0.53255E-03   -0.26359E+01   -0.20306E+00    0.86684E-01   -0.50369E-02    0.52482E-02   -0.25190E-03   -0.21381E-02    0.43760E-03    0.40014E-02    0.57775E-06   -0.45397E-04   -0.91083E-03    0.26969E-01   -0.13534E-01    0.10893E+00    0.28693E-01   -0.21733E-02    0.97468E-01   -0.18141E-01    0.78479E+00    0.11208E+00   -0.31892E-01    0.34049E+00    0.13240E+00   -0.69877E-02    0.14505E+00    0.10876E+00    0.32427E-01    0.36982E-01    0.25609E-01    0.97088E+00    0.27780E-01   -0.19493E-01   -0.78747E-02   -0.80524E-01   -0.61809E-02    0.34890E-02   -0.66613E-04   -0.10734E-02    0.76495E-03    0.40229E-03   -0.14760E-02   -0.78778E-03    0.13681E-03    0.44607E-04    0.84184E-04   -0.17656E-03   -0.15800E-03    0.20969E-03   -0.44791E-03
   -0.23322E-05    0.17857E-04    0.24101E-05    0.14713E-03   -0.29756E-04    0.35931E-03   -0.11980E+00   -0.88551E-01   -0.10124E+00   -0.12723E-01    0.13530E+00   -0.40864E-01   -0.16210E-02    0.16440E-02    0.73930E-02    0.29483E-05   -0.70598E-04    0.11735E-01    0.61138E-01    0.24517E-01    0.13161E-02   -0.17367E+00   -0.12079E+00   -0.26574E-01   -0.38111E-01    0.32318E+00   -0.58739E+00    0.30078E+00   -0.32931E+00    0.54134E-01    0.12933E+00    0.16257E-01   -0.26516E+00    0.18539E+00    0.94681E-02    0.19140E-01    0.27780E-01    0.96284E+00    0.56588E-02    0.20571E-01   -0.23212E+00    0.23911E-01    0.12600E-01   -0.81885E-01   -0.13535E-03    0.65303E-03   -0.13526E-03   -0.29418E-02    0.60140E-02   -0.10034E-03    0.82595E-04   -0.15649E-03   -0.65048E-04    0.16194E-03   -0.24408E-03    0.64312E-03
    0.37652E-05   -0.19056E-04    0.24586E-05    0.23402E-03    0.79745E-04    0.47227E-03    0.21433E+01    0.31240E-01   -0.94004E-01    0.28299E-01    0.20655E+00    0.16775E-01   -0.26349E-02   -0.13892E-03    0.83221E-02   -0.46595E-05   -0.14705E-05   -0.23568E-03   -0.32480E-01    0.79947E-01   -0.22108E+00    0.10046E+00    0.49119E-01    0.17134E-01    0.87462E-01   -0.22911E+00    0.16016E+00    0.67593E+00    0.23350E+00   -0.87895E-01    0.15739E+00   -0.37550E-01    0.10118E+00   -0.93229E-01   -0.27188E-02   -0.35917E-01   -0.19493E-01    0.56588E-02    0.99967E+00    0.14272E-01   -0.21275E+00    0.64433E-01   -0.25938E-02   -0.69311E-01   -0.11802E-03    0.31924E-03   -0.55893E-03   -0.83175E-03   -0.16345E-02   -0.10218E-03   -0.36144E-03   -0.10397E-03    0.10860E-03    0.13397E-03    0.14923E-03    0.54315E-03
    0.10801E-04   -0.52745E-04    0.83291E-05    0.26386E-03    0.25994E-03    0.41099E-03    0.43665E+00    0.16338E+00    0.15890E+00    0.51793E-01   -0.34354E+00   -0.80576E-01   -0.18792E-02    0.65457E-02   -0.85388E-02   -0.99962E-06    0.71923E-04    0.59410E-01    0.77995E-01   -0.29271E-02   -0.78391E-02    0.16296E-02   -0.37494E-02   -0.35141E-02   -0.99406E-02   -0.11962E-01   -0.10330E-01    0.98268E-02    0.40348E-02   -0.49975E-02    0.12359E-01    0.10116E-01    0.22061E-02    0.12480E-01   -0.88622E-02   -0.88359E-02   -0.78747E-02    0.20571E-01    0.14272E-01    0.34605E+00    0.22628E+00    0.38225E-01    0.15457E+00    0.47435E+00    0.11303E-01    0.14703E-01   -0.49091E-02   -0.26165E-02   -0.10945E-02    0.58784E-03    0.71505E-04    0.78244E-03    0.14558E-03   -0.62230E-03    0.14665E-03    0.14443E-02
    0.10834E-03   -0.56925E-03    0.82422E-04    0.30816E-02    0.24155E-02    0.47680E-02    0.19121E+01   -0.19778E+01    0.17693E+02   -0.79972E-01   -0.11902E+02   -0.73842E+00   -0.16038E+00    0.31271E-02   -0.19805E+00   -0.17365E-04    0.31791E-03    0.13569E+00    0.10752E+01   -0.20301E+00    0.93789E-01    0.19685E-01   -0.26914E-01   -0.10175E+00   -0.51326E-01   -0.12665E+00    0.25505E+00   -0.24026E+00    0.40701E-01    0.25625E+00    0.30174E+00   -0.54680E-01    0.31621E+00    0.15030E+00    0.88259E-01    0.17617E+00   -0.80524E-01   -0.23212E+00   -0.21275E+00    0.22628E+00    0.16517E+02   -0.74731E-01    0.40994E+00    0.61578E+01    0.75836E-02   -0.27323E-01   -0.13928E-01    0.40586E-01    0.36154E-01    0.18640E-02    0.22468E-01    0.30157E-02    0.14234E-01    0.71261E-03    0.31132E-02   -0.74108E-02
    0.27127E-04   -0.15459E-03    0.29669E-04    0.88453E-03    0.74800E-03    0.14788E-02    0.26908E+01    0.49853E+00   -0.10851E+01   -0.21841E+00   -0.61185E-01   -0.81464E+00   -0.77612E-02   -0.14331E-01    0.37099E-02   -0.27796E-05    0.10399E-03    0.11176E-01    0.40542E+00   -0.48267E-01   -0.21571E-01   -0.11232E-01   -0.31982E-01    0.44512E-02   -0.47360E-02   -0.15900E-01   -0.19175E-01    0.44273E-01    0.18118E-01    0.12501E-01    0.24721E-01   -0.13306E-03    0.34445E-01   -0.45177E-02    0.12337E-01   -0.24097E-01   -0.61809E-02    0.23911E-01    0.64433E-01    0.38225E-01   -0.74731E-01    0.22907E+01    0.57671E-02    0.32775E+00   -0.91885E-01   -0.10725E+00   -0.42819E-02   -0.29701E-02    0.54879E-02   -0.28887E-03    0.93106E-03   -0.26692E-03    0.11964E-02    0.13393E-02   -0.30168E-03    0.10427E-02
    0.23745E-04   -0.10995E-03    0.12203E-04    0.66095E-03    0.43166E-03    0.10637E-02   -0.59498E+00   -0.21139E+00    0.54709E+00   -0.12879E-01   -0.69825E+00   -0.95918E-01   -0.41328E-02    0.37993E-02   -0.10772E-01   -0.29588E-05    0.37051E-04    0.55783E-01    0.21017E+00   -0.15673E-01   -0.15814E-02    0.60779E-03   -0.94032E-02   -0.12344E-01   -0.61042E-02    0.64437E-02   -0.10456E-01    0.70045E-03    0.88543E-02    0.33552E-02    0.24637E-01   -0.55753E-02    0.13473E-01    0.53795E-02   -0.22976E-03   -0.41498E-02    0.34890E-02    0.12600E-01   -0.25938E-02    0.15457E+00    0.40994E+00    0.57671E-02    0.23950E+00    0.38323E+00    0.69193E-02    0.13381E-01   -0.37208E-03    0.12901E-02    0.24122E-02    0.17252E-03   -0.51324E-04    0.27628E-03   -0.74295E-04    0.23583E-03    0.22899E-03    0.36731E-03
    0.12839E-03   -0.71225E-03    0.13910E-03    0.33573E-02    0.20472E-02    0.48379E-02    0.52592E+01   -0.75895E+00    0.98338E+01   -0.26135E-01   -0.82190E+01   -0.13265E+01   -0.11865E+00    0.38021E-02   -0.14478E+00   -0.57446E-04    0.42767E-03    0.22497E+00    0.19062E+01   -0.21585E+00    0.88803E-01   -0.36887E-02   -0.70324E-01   -0.13646E-01   -0.12033E+00   -0.48177E-01    0.21200E+00   -0.78837E-01    0.62864E-01    0.14199E+00    0.33572E+00   -0.46610E-02    0.22645E+00    0.14982E+00   -0.51677E-01    0.17556E+00   -0.66613E-04   -0.81885E-01   -0.69311E-01    0.47435E+00    0.61578E+01    0.32775E+00    0.38323E+00    0.17730E+02    0.20279E-02   -0.57152E-01   -0.25224E-01    0.12546E-02    0.17154E-01    0.20012E-02    0.39425E-02    0.26725E-02    0.15854E-02   -0.35617E-04    0.47414E-02    0.30802E-01
   -0.24923E-06    0.37226E-05    0.14872E-06   -0.31351E-04   -0.25844E-04   -0.59466E-04    0.82632E-01    0.22184E-01   -0.45598E-01    0.46585E-01    0.54821E-01    0.41840E-01    0.35578E-03    0.19465E-03   -0.57094E-03   -0.46502E-06    0.19088E-05    0.42111E-02   -0.47980E-01    0.11334E-02    0.54278E-03    0.18892E-02    0.91348E-03   -0.69742E-03   -0.33331E-02   -0.17370E-02    0.11119E-02    0.74440E-03   -0.11129E-02    0.11667E-02   -0.16879E-02    0.10640E-02   -0.21803E-02    0.90753E-04   -0.20443E-02    0.18096E-03   -0.10734E-02   -0.13535E-03   -0.11802E-03    0.11303E-01    0.75836E-02   -0.91885E-01    0.69193E-02    0.20279E-02    0.81832E-02    0.75762E-02   -0.18982E-03    0.39778E-03   -0.27116E-03    0.17242E-04    0.29107E-04    0.88406E-05    0.67723E-05   -0.12089E-03    0.41804E-04    0.14155E-03
   -0.80933E-06    0.75017E-06   -0.39550E-06   -0.52812E-04   -0.28977E-04   -0.11343E-03   -0.35430E+00   -0.42399E-01   -0.89727E-01    0.44872E-01    0.75348E-01    0.72385E-01    0.16650E-02    0.16649E-02   -0.94214E-04   -0.26016E-06   -0.88224E-06    0.75452E-02   -0.37611E-01    0.24234E-02    0.18681E-02    0.41297E-02    0.12431E-02   -0.21631E-02   -0.29421E-02    0.10206E-02   -0.55289E-04    0.16002E-02   -0.66100E-03   -0.89477E-03   -0.31979E-02    0.32432E-03   -0.35821E-02    0.13168E-02   -0.29714E-02   -0.87965E-03    0.76495E-03    0.65303E-03    0.31924E-03    0.14703E-01   -0.27323E-01   -0.10725E+00    0.13381E-01   -0.57152E-01    0.75762E-02    0.13461E-01    0.43557E-03    0.47503E-03   -0.13257E-03    0.36010E-04   -0.40240E-04    0.17892E-04   -0.37041E-04   -0.70104E-06    0.98644E-04   -0.17846E-04
   -0.28775E-06    0.15657E-05   -0.37637E-06   -0.13982E-04   -0.60507E-05   -0.23676E-04   -0.79077E-01   -0.26419E-01    0.14953E-02   -0.43704E-02   -0.90754E-02   -0.15380E-02    0.39886E-03   -0.44008E-03    0.28773E-03    0.20189E-06   -0.31489E-05    0.10472E-02    0.17077E-01    0.42628E-03    0.61483E-03    0.39214E-04   -0.35607E-03   -0.70788E-03    0.12259E-02    0.97561E-03   -0.28278E-03   -0.29125E-03    0.23985E-03   -0.67788E-03   -0.18947E-03   -0.34419E-03    0.28521E-04    0.18877E-03    0.48562E-03    0.22602E-03    0.40229E-03   -0.13526E-03   -0.55893E-03   -0.49091E-02   -0.13928E-01   -0.42819E-02   -0.37208E-03   -0.25224E-01   -0.18982E-03    0.43557E-03    0.49151E-03    0.80039E-04    0.42560E-04   -0.12996E-05   -0.28120E-04    0.27200E-05   -0.23513E-04    0.37841E-04    0.13465E-04   -0.88331E-04
