# omegabh2 omegach2 theta tau nnu yhe logA ns calPlanck acib217 xi asz143 aps100 aps143 aps143217 aps217 aksz kgal100 kgal143 kgal143217 kgal217 galfTE100 galfTE100143 galfTE100217 galfTE143 galfTE143217 galfTE217 cal0 cal2
  4.9644784E-08   2.6466013E-07  -1.4463797E-08   4.5728885E-07   2.7141701E-05   7.2152669E-07   1.8345507E-06   1.5148199E-06   1.1905756E-08   7.3764811E-05  -2.3151658E-06   4.8953754E-06   1.8669650E-04   8.0968954E-05   2.0490465E-05  -4.3024905E-05   2.1614839E-05   1.3298531E-05   1.4729101E-05   1.2841126E-05  -1.4000448E-05   2.0677301E-08  -2.1183365E-09  -2.3941916E-07  -1.5308695E-07  -7.5171989E-07  -2.9167324E-06  -2.5706610E-09   1.0288692E-09
  2.6466013E-07   2.2370885E-05  -5.1735110E-06   4.6687102E-08   1.3868359E-03  -5.7086103E-05   4.2233475E-05   1.5897488E-05   2.2343720E-07   6.4094209E-04  -1.5632687E-05  -1.9393890E-04   4.2219257E-03   6.9500068E-04  -8.2486281E-04  -1.2978482E-03   3.5059778E-04  -1.9033378E-04   4.3289176E-05   3.3425145E-05  -8.9856116E-05   3.1628920E-07   9.7372525E-07   1.1089916E-06   4.9993827E-06  -8.6066529E-07   8.0974885E-06   9.8175401E-10   2.2797308E-08
 -1.4463797E-08  -5.1735110E-06   1.5168694E-06   1.1159895E-07  -3.3578418E-04   1.9518586E-05  -8.0016473E-06  -1.8921857E-06  -4.8562610E-08   2.6615930E-04  -7.2517580E-06  -2.3687426E-06   7.2692895E-04   9.7052995E-04   7.1143057E-04   4.4706173E-04   6.2915024E-05   9.2045474E-05   4.9036001E-05   8.4997464E-05   1.7366954E-05  -7.6141315E-08  -2.9589029E-07  -4.3555038E-07  -9.6306913E-07  -1.2868806E-07  -5.0688776E-08  -1.0923979E-08   6.6980661E-09
  4.5728885E-07   4.6687102E-08   1.1159895E-07   6.2477744E-05   1.8584457E-04   7.3591680E-06   1.2606627E-04   1.7889661E-05  -4.8954774E-07  -2.0464715E-04   3.0150617E-05   2.4090995E-04  -7.0981847E-03  -1.1095250E-03   8.3031938E-04   2.6964394E-04  -6.8529806E-04   8.8301203E-05  -2.6938707E-04  -5.1610964E-04  -1.0225226E-03   2.4479736E-06   1.6237944E-06  -5.5344964E-06  -2.2121709E-06  -1.2100065E-05  -5.3621642E-05  -6.5872744E-08  -4.2998776E-08
  2.7141701E-05   1.3868359E-03  -3.3578418E-04   1.8584457E-04   9.4000934E-02  -3.7577239E-03   2.9390896E-03   1.4249901E-03   1.7674857E-05   5.0658468E-02  -1.2709084E-03  -9.1077951E-03   2.4875974E-01   1.6197168E-03  -9.4346507E-02  -1.2948265E-01   2.2774371E-02  -8.9570128E-03   5.4137148E-03   2.6184928E-03  -1.3886594E-02   2.0730542E-05   8.4140702E-05  -4.0244329E-05   2.4261359E-04  -2.8024285E-04  -9.5263686E-04  -4.4044038E-07   8.8182587E-07
  7.2152669E-07  -5.7086103E-05   1.9518586E-05   7.3591680E-06  -3.7577239E-03   3.2113524E-04  -5.1281724E-05   1.9221039E-05   4.5262890E-11   1.0218066E-02  -2.6364659E-04  -9.2377438E-04   3.7991621E-02   3.0158889E-02   1.6506717E-02   6.9462391E-03   3.4125631E-03   1.9655749E-03   1.6606754E-03   2.4192738E-03  -1.2581985E-05  -2.0326076E-06  -7.3268115E-06  -3.8555223E-06  -7.9339326E-06  -6.9129773E-06   5.1311828E-05  -3.2488924E-07   2.3514402E-07
  1.8345507E-06   4.2233475E-05  -8.0016473E-06   1.2606627E-04   2.9390896E-03  -5.1281724E-05   3.7171999E-04   7.9216205E-05   1.1782214E-05   2.8782707E-03   1.3007573E-05  -3.1213100E-04   7.4395008E-03   7.6994083E-03   6.1940436E-03   5.4062965E-03  -4.9859290E-04  -1.0039446E-04  -6.4330147E-04  -1.0836049E-03  -8.4252136E-04   6.9059219E-06   4.2993006E-06  -8.0470537E-06   7.0553306E-06  -3.0239180E-05  -4.5817416E-05  -4.9821964E-08   7.6356224E-09
  1.5148199E-06   1.5897488E-05  -1.8921857E-06   1.7889661E-05   1.4249901E-03   1.9221039E-05   7.9216205E-05   7.4636556E-05   6.6265397E-07   2.6643900E-03  -5.5734981E-05   2.2937186E-04   2.3101248E-03   6.8603897E-03   5.1480209E-03   1.8846069E-03   3.0548553E-04   9.3927153E-04   5.2634784E-04   7.7605826E-04   5.3366459E-05  -6.0107267E-07   3.5014402E-07  -4.8816012E-06   1.9861632E-06  -1.6798277E-05  -5.0833835E-05  -2.5270640E-07   3.4691017E-08
  1.1905756E-08   2.2343720E-07  -4.8562610E-08  -4.8954774E-07   1.7674857E-05   4.5262890E-11   1.1782214E-05   6.6265397E-07   6.0624788E-06   5.6087147E-04   4.9053476E-06  -5.5318044E-05   3.6406659E-03   8.4483566E-04   6.9264723E-04   1.6751652E-03  -4.7966007E-06   1.7717662E-05  -1.3472923E-05  -7.7748457E-05   7.2513454E-04   6.9953323E-07   2.4994145E-07   4.0851568E-08   8.2962609E-07  -2.5975489E-07   1.6104406E-05   4.0687924E-09   3.3516525E-09
  7.3764811E-05   6.4094209E-04   2.6615930E-04  -2.0464715E-04   5.0658468E-02   1.0218066E-02   2.8782707E-03   2.6643900E-03   5.6087147E-04   4.3818127E+01  -4.0910570E-01  -1.1533102E+00   3.8783820E+01   4.0282013E+00  -1.2139264E+01  -5.3366284E+01   2.6471190E-01   3.2388151E-01   6.7070449E-01  -5.6606385E+00  -3.2428788E+01   9.5906280E-05   3.2324667E-04  -7.5281548E-03  -2.1513748E-03  -4.8290481E-03   6.0676368E-03  -2.4830545E-04   7.4351613E-04
 -2.3151658E-06  -1.5632687E-05  -7.2517580E-06   3.0150617E-05  -1.2709084E-03  -2.6364659E-04   1.3007573E-05  -5.5734981E-05   4.9053476E-06  -4.0910570E-01   8.1113145E-02  -3.6953790E-02  -6.7270113E-01   8.6704342E-01   1.6759268E+00   6.4665959E-01   2.2771981E-02  -5.3918157E-03   7.6341383E-03   1.1016511E-01   1.5094362E-01   5.0151355E-05   3.3366031E-05   7.1685364E-05  -4.3795522E-05  -9.3348189E-05   2.3178861E-04   5.2339344E-06  -1.8426344E-06
  4.8953754E-06  -1.9393890E-04  -2.3687426E-06   2.4090995E-04  -9.1077951E-03  -9.2377438E-04  -3.1213100E-04   2.2937186E-04  -5.5318044E-05  -1.1533102E+00  -3.6953790E-02   3.8252841E+00  -3.0617953E+01  -3.5946863E+00   7.3202320E+00   5.3260539E+00  -2.6248772E+00  -1.9310482E-01   9.9000658E-02   2.6461141E+00   3.4577702E+00  -1.0377500E-03   2.4703091E-04   6.6775670E-04   7.2445186E-04  -1.1995613E-03  -2.5947483E-03   1.2152056E-04  -5.0130927E-05
  1.8669650E-04   4.2219257E-03   7.2692895E-04  -7.0981847E-03   2.4875974E-01   3.7991621E-02   7.4395008E-03   2.3101248E-03   3.6406659E-03   3.8783820E+01  -6.7270113E-01  -3.0617953E+01   7.8847829E+02   7.5820496E+01  -5.0907027E+01  -5.9112209E+01   1.4881155E+01  -5.7279526E+00   6.7377270E+00  -1.1898718E+01  -2.4728136E+01   5.0784687E-03  -9.0061934E-03  -5.0111247E-03  -1.1259793E-02  -1.1493088E-02   3.7828915E-02   3.6000729E-03   6.6787244E-04
  8.0968954E-05   6.9500068E-04   9.7052995E-04  -1.1095250E-03   1.6197168E-03   3.0158889E-02   7.6994083E-03   6.8603897E-03   8.4483566E-04   4.0282013E+00   8.6704342E-01  -3.5946863E+00   7.5820496E+01   6.5720381E+01   4.1844439E+01   1.5000077E+01  -3.9078934E+00  -6.6191447E-02  -8.4570990E-01   3.5690533E+00   3.4825008E+00   3.2685129E-03   8.3913595E-04   6.0508834E-04   7.7032502E-04  -4.9345864E-03   3.5456667E-02   3.8391687E-05   1.9936741E-04
  2.0490465E-05  -8.2486281E-04   7.1143057E-04   8.3031938E-04  -9.4346507E-02   1.6506717E-02   6.1940436E-03   5.1480209E-03   6.9264723E-04  -1.2139264E+01   1.6759268E+00   7.3202320E+00  -5.0907027E+01   4.1844439E+01   8.5098323E+01   5.2728732E+01  -1.1110643E+01  -4.8028514E-01  -4.9830007E-01   5.1219609E+00   8.0034061E+00  -9.5479355E-04   2.3962108E-04   3.9508479E-03   1.9992056E-03  -1.0381577E-02   1.1802256E-02   4.5149541E-04  -3.3164979E-04
 -4.3024905E-05  -1.2978482E-03   4.4706173E-04   2.6964394E-04  -1.2948265E-01   6.9462391E-03   5.4062965E-03   1.8846069E-03   1.6751652E-03  -5.3366284E+01   6.4665959E-01   5.3260539E+00  -5.9112209E+01   1.5000077E+01   5.2728732E+01   1.0194471E+02  -8.8272360E+00  -5.6911250E-01  -1.2261085E+00   5.3798373E+00   3.2305202E+01  -8.5045855E-04  -1.5689520E-03   1.0278571E-02   4.6231293E-03   1.3869927E-04   9.3151456E-03   5.2046404E-04  -1.3406668E-03
  2.1614839E-05   3.5059778E-04   6.2915024E-05  -6.8529806E-04   2.2774371E-02   3.4125631E-03  -4.9859290E-04   3.0548553E-04  -4.7966007E-06   2.6471190E-01   2.2771981E-02  -2.6248772E+00   1.4881155E+01  -3.9078934E+00  -1.1110643E+01  -8.8272360E+00   5.6239278E+00   1.1506205E-01  -1.1656067E-01  -1.9105401E+00  -2.2450562E+00   7.3654311E-04  -4.4870964E-04  -9.2054294E-04  -1.0180603E-03   1.2376604E-03  -3.2754179E-03  -9.6954923E-05   2.2112436E-05
  1.3298531E-05  -1.9033378E-04   9.2045474E-05   8.8301203E-05  -8.9570128E-03   1.9655749E-03  -1.0039446E-04   9.3927153E-04   1.7717662E-05   3.2388151E-01  -5.3918157E-03  -1.9310482E-01  -5.7279526E+00  -6.6191447E-02  -4.8028514E-01  -5.6911250E-01   1.1506205E-01   3.3522782E+00   5.8155867E-01   1.9033839E-01   1.1601070E-01  -1.8434538E-04  -3.1325346E-04  -7.8450595E-04  -1.1811293E-03  -1.2950304E-03   4.7101685E-04   1.7859940E-04   9.3659536E-07
  1.4729101E-05   4.3289176E-05   4.9036001E-05  -2.6938707E-04   5.4137148E-03   1.6606754E-03  -6.4330147E-04   5.2634784E-04  -1.3472923E-05   6.7070449E-01   7.6341383E-03   9.9000658E-02   6.7377270E+00  -8.4570990E-01  -4.9830007E-01  -1.2261085E+00  -1.1656067E-01   5.8155867E-01   3.2184263E+00   2.7633516E+00   2.7602036E+00  -6.8222296E-04  -2.4853305E-04  -1.6615797E-03   1.5403872E-04   5.2478862E-04  -2.2013348E-03  -1.8729796E-04  -4.4573114E-05
  1.2841126E-05   3.3425145E-05   8.4997464E-05  -5.1610964E-04   2.6184928E-03   2.4192738E-03  -1.0836049E-03   7.7605826E-04  -7.7748457E-05  -5.6606385E+00   1.1016511E-01   2.6461141E+00  -1.1898718E+01   3.5690533E+00   5.1219609E+00   5.3798373E+00  -1.9105401E+00   1.9033839E-01   2.7633516E+00   1.0792483E+01   1.9222429E+01  -8.6647671E-04   6.2898995E-04  -1.1126283E-03   2.0918556E-03   1.0860428E-03   1.1850504E-02  -2.6502750E-05   3.8689706E-04
 -1.4000448E-05  -8.9856116E-05   1.7366954E-05  -1.0225226E-03  -1.3886594E-02  -1.2581985E-05  -8.4252136E-04   5.3366459E-05   7.2513454E-04  -3.2428788E+01   1.5094362E-01   3.4577702E+00  -2.4728136E+01   3.4825008E+00   8.0034061E+00   3.2305202E+01  -2.2450562E+00   1.1601070E-01   2.7602036E+00   1.9222429E+01   5.3004228E+01  -1.0878821E-03   9.3189208E-04   3.7003648E-03   5.7618761E-03   4.3311055E-03   2.3700216E-02   7.6201452E-05   9.0596327E-04
  2.0677301E-08   3.1628920E-07  -7.6141315E-08   2.4479736E-06   2.0730542E-05  -2.0326076E-06   6.9059219E-06  -6.0107267E-07   6.9953323E-07   9.5906280E-05   5.0151355E-05  -1.0377500E-03   5.0784687E-03   3.2685129E-03  -9.5479355E-04  -8.5045855E-04   7.3654311E-04  -1.8434538E-04  -6.8222296E-04  -8.6647671E-04  -1.0878821E-03   1.4328323E-03   2.5875721E-04   7.6205329E-05  -3.5499033E-04  -1.0328676E-04  -2.1058848E-04   1.1019369E-07  -1.2771318E-07
 -2.1183365E-09   9.7372525E-07  -2.9589029E-07   1.6237944E-06   8.4140702E-05  -7.3268115E-06   4.2993006E-06   3.5014402E-07   2.4994145E-07   3.2324667E-04   3.3366031E-05   2.4703091E-04  -9.0061934E-03   8.3913595E-04   2.3962108E-04  -1.5689520E-03  -4.4870964E-04  -3.1325346E-04  -2.4853305E-04   6.2898995E-04   9.3189208E-04   2.5875721E-04   8.6569683E-04   4.5259163E-05   7.4774632E-04   5.4127737E-05  -7.9755267E-04  -2.2196747E-07   1.6326558E-07
 -2.3941916E-07   1.1089916E-06  -4.3555038E-07  -5.5344964E-06  -4.0244329E-05  -3.8555223E-06  -8.0470537E-06  -4.8816012E-06   4.0851568E-08  -7.5281548E-03   7.1685364E-05   6.6775670E-04  -5.0111247E-03   6.0508834E-04   3.9508479E-03   1.0278571E-02  -9.2054294E-04  -7.8450595E-04  -1.6615797E-03  -1.1126283E-03   3.7003648E-03   7.6205329E-05   4.5259163E-05   7.0929022E-03  -2.9886351E-04   6.2887059E-04   4.3745120E-03   2.0999414E-07  -4.3715841E-07
 -1.5308695E-07   4.9993827E-06  -9.6306913E-07  -2.2121709E-06   2.4261359E-04  -7.9339326E-06   7.0553306E-06   1.9861632E-06   8.2962609E-07  -2.1513748E-03  -4.3795522E-05   7.2445186E-04  -1.1259793E-02   7.7032502E-04   1.9992056E-03   4.6231293E-03  -1.0180603E-03  -1.1811293E-03   1.5403872E-04   2.0918556E-03   5.7618761E-03  -3.5499033E-04   7.4774632E-04  -2.9886351E-04   2.9381954E-03   4.9111083E-04  -8.8894662E-04   7.6195627E-08   3.9455535E-07
 -7.5171989E-07  -8.6066529E-07  -1.2868806E-07  -1.2100065E-05  -2.8024285E-04  -6.9129773E-06  -3.0239180E-05  -1.6798277E-05  -2.5975489E-07  -4.8290481E-03  -9.3348189E-05  -1.1995613E-03  -1.1493088E-02  -4.9345864E-03  -1.0381577E-02   1.3869927E-04   1.2376604E-03  -1.2950304E-03   5.2478862E-04   1.0860428E-03   4.3311055E-03  -1.0328676E-04   5.4127737E-05   6.2887059E-04   4.9111083E-04   6.4550796E-03   8.0437698E-03   3.5805311E-07  -3.6483919E-07
 -2.9167324E-06   8.0974885E-06  -5.0688776E-08  -5.3621642E-05  -9.5263686E-04   5.1311828E-05  -4.5817416E-05  -5.0833835E-05   1.6104406E-05   6.0676368E-03   2.3178861E-04  -2.5947483E-03   3.7828915E-02   3.5456667E-02   1.1802256E-02   9.3151456E-03  -3.2754179E-03   4.7101685E-04  -2.2013348E-03   1.1850504E-02   2.3700216E-02  -2.1058848E-04  -7.9755267E-04   4.3745120E-03  -8.8894662E-04   8.0437698E-03   7.2396660E-02   6.4546899E-07  -6.5477973E-07
 -2.5706610E-09   9.8175401E-10  -1.0923979E-08  -6.5872744E-08  -4.4044038E-07  -3.2488924E-07  -4.9821964E-08  -2.5270640E-07   4.0687924E-09  -2.4830545E-04   5.2339344E-06   1.2152056E-04   3.6000729E-03   3.8391687E-05   4.5149541E-04   5.2046404E-04  -9.6954923E-05   1.7859940E-04  -1.8729796E-04  -2.6502750E-05   7.6201452E-05   1.1019369E-07  -2.2196747E-07   2.0999414E-07   7.6195627E-08   3.5805311E-07   6.4546899E-07   3.7632014E-07  -4.8556988E-09
  1.0288692E-09   2.2797308E-08   6.6980661E-09  -4.2998776E-08   8.8182587E-07   2.3514402E-07   7.6356224E-09   3.4691017E-08   3.3516525E-09   7.4351613E-04  -1.8426344E-06  -5.0130927E-05   6.6787244E-04   1.9936741E-04  -3.3164979E-04  -1.3406668E-03   2.2112436E-05   9.3659536E-07  -4.4573114E-05   3.8689706E-04   9.0596327E-04  -1.2771318E-07   1.6326558E-07  -4.3715841E-07   3.9455535E-07  -3.6483919E-07  -6.5477973E-07  -4.8556988E-09   3.9119694E-07
