# omegabh2 omegach2 theta tau w wa logA ns calPlanck alpha_JLA beta_JLA acib217 xi asz143 aps100 aps143 aps143217 aps217 aksz kgal100 kgal143 kgal143217 kgal217 cal0 cal2
    0.5142591E-07   -0.2209665E-06    0.4404480E-07    0.1519389E-05   -0.2034621E-05    0.2775842E-04    0.2685481E-05    0.6851540E-06    0.3330558E-07   -0.3804709E-08   -0.3071781E-06   -0.1935991E-03    0.2318612E-05    0.6202455E-04   -0.8976466E-03   -0.5486510E-03   -0.1701421E-03    0.1634597E-04   -0.8697853E-04   -0.1990193E-05    0.1671163E-05   -0.2370613E-04    0.1012776E-04    0.4892178E-08   -0.2097936E-07
   -0.2209665E-06    0.4041508E-05   -0.3668175E-06   -0.1540290E-04    0.4412308E-04   -0.4671107E-03   -0.2133922E-04   -0.9447915E-05   -0.1656160E-06    0.4693666E-07   -0.1112905E-06    0.2979071E-03   -0.7163260E-05   -0.2091322E-03    0.3209692E-02    0.2100975E-02    0.9884866E-03    0.6916667E-03    0.1843228E-03    0.6945665E-05   -0.4155245E-04    0.6438556E-05    0.6802865E-04   -0.1199374E-07    0.5329995E-07
    0.4404480E-07   -0.3668175E-06    0.2094090E-06    0.1994877E-05   -0.6410924E-05    0.6164873E-04    0.3383001E-05    0.1184914E-05    0.5259206E-07   -0.1926241E-07    0.2576582E-07   -0.7121048E-04    0.1054270E-05    0.3277983E-04   -0.4343756E-03   -0.2556478E-03   -0.7963997E-04   -0.3196683E-04   -0.4538903E-04    0.7313112E-05    0.4866437E-05    0.5916450E-05    0.1308423E-04    0.4281770E-08   -0.1703441E-07
    0.1519389E-05   -0.1540290E-04    0.1994877E-05    0.3528710E-03   -0.2321613E-03    0.2059181E-02    0.6662496E-03    0.5353387E-04   -0.2725497E-06   -0.1762552E-05   -0.9760969E-05   -0.1498248E-01    0.1682584E-03    0.3237445E-02   -0.6573674E-01   -0.2825326E-01   -0.5275637E-02    0.6589110E-02   -0.5346394E-02   -0.1005829E-03   -0.6102733E-04   -0.1178646E-02    0.2433423E-02   -0.5079149E-07   -0.2055249E-05
   -0.2034621E-05    0.4412308E-04   -0.6410924E-05   -0.2321613E-03    0.1237961E-01   -0.4274999E-01   -0.3871278E-03   -0.1092584E-03   -0.1465974E-04   -0.6225585E-04   -0.8663210E-03    0.2012553E-03    0.2071638E-03   -0.2222097E-03    0.4324418E-01    0.3247165E-01    0.2485708E-01    0.8615345E-02   -0.2587271E-02   -0.4668270E-03    0.5159494E-02    0.6196892E-02    0.3507898E-02   -0.5007967E-06   -0.3018947E-06
    0.2775842E-04   -0.4671107E-03    0.6164873E-04    0.2059181E-02   -0.4274999E-01    0.1906930E+00    0.3138339E-02    0.1138246E-02    0.7175997E-04    0.1617256E-03    0.2161827E-02   -0.2695646E-01    0.8881753E-04    0.1973032E-01   -0.4248996E+00   -0.2983296E+00   -0.1774165E+00   -0.1032568E+00   -0.3367809E-02    0.4489203E-02   -0.1426377E-01   -0.1846462E-01   -0.9315101E-02    0.2944476E-05   -0.2314158E-05
    0.2685481E-05   -0.2133922E-04    0.3383001E-05    0.6662496E-03   -0.3871278E-03    0.3138339E-02    0.1305467E-02    0.8253294E-04    0.1169764E-04   -0.2644676E-05   -0.3062910E-04   -0.2946045E-01    0.3452524E-03    0.6131188E-02   -0.1210384E+00   -0.5037723E-01   -0.5199638E-02    0.2094184E-01   -0.1124429E-01   -0.5552381E-03   -0.8793747E-03   -0.2635878E-02    0.6924111E-02    0.1348851E-06   -0.4006079E-05
    0.6851540E-06   -0.9447915E-05    0.1184914E-05    0.5353387E-04   -0.1092584E-03    0.1138246E-02    0.8253294E-04    0.3461589E-04    0.4043615E-06   -0.3254326E-06    0.3811618E-07   -0.5784120E-02    0.9821991E-04    0.1843652E-02   -0.3429937E-01   -0.1169098E-01    0.4077344E-03    0.4611466E-02   -0.3209961E-02    0.2804723E-03   -0.3870258E-05   -0.6889023E-03    0.5391358E-04   -0.1833783E-06   -0.7633419E-06
    0.3330558E-07   -0.1656160E-06    0.5259206E-07   -0.2725497E-06   -0.1465974E-04    0.7175997E-04    0.1169764E-04    0.4043615E-06    0.6235879E-05    0.3898813E-06   -0.3679735E-05    0.8389102E-03   -0.1394383E-04    0.5596300E-04    0.2366427E-02    0.1845647E-03    0.2013530E-03    0.1083064E-02   -0.3692959E-04   -0.4649980E-04   -0.2591899E-04    0.4052288E-04    0.7154472E-03   -0.1043234E-07   -0.8886658E-08
   -0.3804709E-08    0.4693666E-07   -0.1926241E-07   -0.1762552E-05   -0.6225585E-04    0.1617256E-03   -0.2644676E-05   -0.3254326E-06    0.3898813E-06    0.4300241E-04   -0.2111843E-04   -0.2149485E-03    0.1626184E-04   -0.1656696E-03    0.2329426E-02    0.8654599E-03    0.1871783E-03   -0.1872611E-04    0.1122278E-03   -0.2906268E-04    0.7516520E-05    0.3450961E-03    0.8770330E-03   -0.1231735E-07    0.6948634E-08
   -0.3071781E-06   -0.1112905E-06    0.2576582E-07   -0.9760969E-05   -0.8663210E-03    0.2161827E-02   -0.3062910E-04    0.3811618E-07   -0.3679735E-05   -0.2111843E-04    0.6559119E-02    0.9263093E-02   -0.7739317E-05   -0.1849382E-02    0.1902727E-01    0.6516968E-02   -0.4890051E-02   -0.9460043E-02    0.1210056E-02   -0.9900407E-03   -0.1284762E-02   -0.3821305E-02   -0.1150231E-01    0.4190400E-06   -0.1585906E-06
   -0.1935991E-03    0.2979071E-03   -0.7121048E-04   -0.1498248E-01    0.2012553E-03   -0.2695646E-01   -0.2946045E-01   -0.5784120E-02    0.8389102E-03   -0.2149485E-03    0.9263093E-02    0.4944663E+02   -0.4508901E+00   -0.1472958E+01    0.4410249E+02    0.1658769E+01   -0.1951200E+02   -0.6598199E+02    0.1783773E+00   -0.2038421E+00    0.5701382E+00   -0.2843745E+01   -0.2542518E+02   -0.1638154E-03    0.4433116E-02
    0.2318612E-05   -0.7163260E-05    0.1054270E-05    0.1682584E-03    0.2071638E-03    0.8881753E-04    0.3452524E-03    0.9821991E-04   -0.1394383E-04    0.1626184E-04   -0.7739317E-05   -0.4508901E+00    0.8250844E-01   -0.7259704E-01   -0.4455556E+00    0.9366988E+00    0.1732711E+01    0.6774831E+00    0.8630087E-01   -0.2234392E-02   -0.1353062E-01    0.7338052E-01    0.7822207E-01    0.1243526E-04   -0.1262183E-04
    0.6202455E-04   -0.2091322E-03    0.3277983E-04    0.3237445E-02   -0.2222097E-03    0.1973032E-01    0.6131188E-02    0.1843652E-02    0.5596300E-04   -0.1656696E-03   -0.1849382E-02   -0.1472958E+01   -0.7259704E-01    0.3750692E+01   -0.2956864E+02   -0.4120009E+01    0.7432910E+01    0.6356059E+01   -0.2780558E+01   -0.1729435E+00    0.8355626E-01    0.2421439E+01    0.1926047E+01    0.1817399E-03   -0.3513473E-03
   -0.8976466E-03    0.3209692E-02   -0.4343756E-03   -0.6573674E-01    0.4324418E-01   -0.4248996E+00   -0.1210384E+00   -0.3429937E-01    0.2366427E-02    0.2329426E-02    0.1902727E-01    0.4410249E+02   -0.4455556E+00   -0.2956864E+02    0.7298290E+03    0.7422996E+02   -0.5594056E+02   -0.6965417E+02    0.1411778E+02   -0.4744157E+00    0.1114881E+01   -0.1266440E+02   -0.1990547E+02    0.4517355E-02    0.4138020E-02
   -0.5486510E-03    0.2100975E-02   -0.2556478E-03   -0.2825326E-01    0.3247165E-01   -0.2983296E+00   -0.5037723E-01   -0.1169098E-01    0.1845647E-03    0.8654599E-03    0.6516968E-02    0.1658769E+01    0.9366988E+00   -0.4120009E+01    0.7422996E+02    0.6144289E+02    0.4219150E+02    0.1765558E+02   -0.4192319E+01   -0.3800859E+00   -0.1124932E+01    0.3824875E+01    0.3858795E+01    0.2266623E-03    0.3442274E-03
   -0.1701421E-03    0.9884866E-03   -0.7963997E-04   -0.5275637E-02    0.2485708E-01   -0.1774165E+00   -0.5199638E-02    0.4077344E-03    0.2013530E-03    0.1871783E-03   -0.4890051E-02   -0.1951200E+02    0.1732711E+01    0.7432910E+01   -0.5594056E+02    0.4219150E+02    0.9156600E+02    0.6411723E+02   -0.1182490E+02   -0.6467241E+00   -0.8847796E+00    0.4224481E+01    0.5253792E+01    0.8592027E-03   -0.2343478E-02
    0.1634597E-04    0.6916667E-03   -0.3196683E-04    0.6589110E-02    0.8615345E-02   -0.1032568E+00    0.2094184E-01    0.4611466E-02    0.1083064E-02   -0.1872611E-04   -0.9460043E-02   -0.6598199E+02    0.6774831E+00    0.6356059E+01   -0.6965417E+02    0.1765558E+02    0.6411723E+02    0.1250030E+03   -0.1020571E+02   -0.2617501E+00   -0.9996033E+00    0.6907225E+00    0.2256467E+02    0.5847767E-03   -0.7613651E-02
   -0.8697853E-04    0.1843228E-03   -0.4538903E-04   -0.5346394E-02   -0.2587271E-02   -0.3367809E-02   -0.1124429E-01   -0.3209961E-02   -0.3692959E-04    0.1122278E-03    0.1210056E-02    0.1783773E+00    0.8630087E-01   -0.2780558E+01    0.1411778E+02   -0.4192319E+01   -0.1182490E+02   -0.1020571E+02    0.6347314E+01    0.1047800E+00   -0.1153884E+00   -0.2021097E+01   -0.1414186E+01   -0.1285191E-03    0.1988944E-03
   -0.1990193E-05    0.6945665E-05    0.7313112E-05   -0.1005829E-03   -0.4668270E-03    0.4489203E-02   -0.5552381E-03    0.2804723E-03   -0.4649980E-04   -0.2906268E-04   -0.9900407E-03   -0.2038421E+00   -0.2234392E-02   -0.1729435E+00   -0.4744157E+00   -0.3800859E+00   -0.6467241E+00   -0.2617501E+00    0.1047800E+00    0.3170221E+01    0.7225482E+00    0.3358731E+00    0.5698911E+00    0.4237005E-03   -0.9239985E-05
    0.1671163E-05   -0.4155245E-04    0.4866437E-05   -0.6102733E-04    0.5159494E-02   -0.1426377E-01   -0.8793747E-03   -0.3870258E-05   -0.2591899E-04    0.7516520E-05   -0.1284762E-02    0.5701382E+00   -0.1353062E-01    0.8355626E-01    0.1114881E+01   -0.1124932E+01   -0.8847796E+00   -0.9996033E+00   -0.1153884E+00    0.7225482E+00    0.3118086E+01    0.2412855E+01    0.1226916E+01   -0.3914293E-03   -0.2064042E-03
   -0.2370613E-04    0.6438556E-05    0.5916450E-05   -0.1178646E-02    0.6196892E-02   -0.1846462E-01   -0.2635878E-02   -0.6889023E-03    0.4052288E-04    0.3450961E-03   -0.3821305E-02   -0.2843745E+01    0.7338052E-01    0.2421439E+01   -0.1266440E+02    0.3824875E+01    0.4224481E+01    0.6907225E+00   -0.2021097E+01    0.3358731E+00    0.2412855E+01    0.1798640E+02    0.2725022E+02   -0.4891599E-04    0.2489809E-02
    0.1012776E-04    0.6802865E-04    0.1308423E-04    0.2433423E-02    0.3507898E-02   -0.9315101E-02    0.6924111E-02    0.5391358E-04    0.7154472E-03    0.8770330E-03   -0.1150231E-01   -0.2542518E+02    0.7822207E-01    0.1926047E+01   -0.1990547E+02    0.3858795E+01    0.5253792E+01    0.2256467E+02   -0.1414186E+01    0.5698911E+00    0.1226916E+01    0.2725022E+02    0.6220525E+02   -0.1114478E-04    0.4370852E-02
    0.4892178E-08   -0.1199374E-07    0.4281770E-08   -0.5079149E-07   -0.5007967E-06    0.2944476E-05    0.1348851E-06   -0.1833783E-06   -0.1043234E-07   -0.1231735E-07    0.4190400E-06   -0.1638154E-03    0.1243526E-04    0.1817399E-03    0.4517355E-02    0.2266623E-03    0.8592027E-03    0.5847767E-03   -0.1285191E-03    0.4237005E-03   -0.3914293E-03   -0.4891599E-04   -0.1114478E-04    0.5404999E-06    0.1994481E-07
   -0.2097936E-07    0.5329995E-07   -0.1703441E-07   -0.2055249E-05   -0.3018947E-06   -0.2314158E-05   -0.4006079E-05   -0.7633419E-06   -0.8886658E-08    0.6948634E-08   -0.1585906E-06    0.4433116E-02   -0.1262183E-04   -0.3513473E-03    0.4138020E-02    0.3442274E-03   -0.2343478E-02   -0.7613651E-02    0.1988944E-03   -0.9239985E-05   -0.2064042E-03    0.2489809E-02    0.4370852E-02    0.1994481E-07    0.2068086E-05
