# omegabh2 omegach2 theta tau Alens logA ns calPlanck acib217 xi asz143 aps100 aps143 aps143217 aps217 aksz kgal100 kgal143 kgal143217 kgal217 cal0 cal2
  7.0030497E-08  -4.3644466E-07   7.2853300E-08   1.2613406E-06   6.3744994E-06   1.5867999E-06   1.2603055E-06  -1.0152938E-08  -2.3748179E-04   3.0883729E-06   7.5265223E-05  -1.3285197E-03  -8.2660150E-04  -3.3112633E-04  -1.2501606E-04  -1.0109992E-04   1.7925212E-05   8.2485021E-07  -1.2395912E-05   4.7050123E-05   3.9199632E-10  -9.4777125E-09
 -4.3644466E-07   5.9304226E-06  -6.7145065E-07  -1.9759735E-05  -6.5666748E-05  -2.5483994E-05  -1.5113081E-05   6.0424635E-08   1.5217423E-03  -2.3645469E-05  -3.3864623E-04   7.8394945E-03   5.0674262E-03   2.4051895E-03   9.3877592E-04   5.5862329E-04  -8.4053789E-05   4.3066682E-07   1.8005737E-04  -1.3057035E-04  -2.1420798E-08   7.3153701E-08
  7.2853300E-08  -6.7145065E-07   2.6405426E-07   2.3272975E-06   8.6103673E-06   3.2555465E-06   1.9916266E-06  -1.6509562E-08  -1.7157173E-04   2.2895265E-06   2.5520818E-05  -9.2705224E-04  -6.0956473E-04  -3.4775408E-04  -1.5749042E-04  -6.7995297E-05   1.2822714E-05  -5.0763324E-06  -4.1138135E-05  -2.3782664E-05  -3.7657687E-09  -9.3665063E-09
  1.2613406E-06  -1.9759735E-05   2.3272975E-06   1.1116644E-03  -1.9961193E-03   2.1664152E-03   7.6144129E-05  -3.7255530E-07  -1.0252049E-02   2.3301680E-04   2.8952242E-03  -5.8268909E-02  -2.6721072E-02  -4.8337560E-03   4.0783491E-03  -6.0252903E-03  -4.7265821E-04   1.7050232E-04  -7.6386501E-04   9.8233314E-04  -1.0373752E-07  -4.9431667E-07
  6.3744994E-06  -6.5666748E-05   8.6103673E-06  -1.9961193E-03   6.2141503E-03  -4.1565449E-03   1.2835697E-04  -1.3166298E-05  -1.2702916E-02  -5.5697634E-05   2.3830046E-03  -6.1681462E-02  -5.9043847E-02  -4.4643359E-02  -3.3475993E-02  -5.0661037E-04   3.9224975E-03   6.9225939E-04  -2.8052088E-04   2.5023900E-03   5.1509773E-10  -5.3377592E-07
  1.5867999E-06  -2.5483994E-05   3.2555465E-06   2.1664152E-03  -4.1565449E-03   4.2815333E-03   1.1454532E-04   1.2077071E-05  -1.6672734E-02   4.5036681E-04   4.8142919E-03  -9.1240415E-02  -3.9430880E-02  -1.5289828E-03   1.5623371E-02  -1.1380937E-02  -1.6540118E-03  -4.7693208E-04  -1.7741835E-03   3.0530932E-03  -8.6039209E-08  -8.0075444E-07
  1.2603055E-06  -1.5113081E-05   1.9916266E-06   7.6144129E-05   1.2835697E-04   1.1454532E-04   5.0379453E-05  -1.6840790E-07  -8.5477444E-03   1.6574828E-04   1.9257923E-03  -4.6186819E-02  -2.0152162E-02  -4.3145945E-03   2.7523634E-03  -3.8548740E-03   5.4396184E-04  -2.5784665E-04  -8.0065554E-04   1.5854097E-03  -1.0194601E-07  -2.6026297E-07
 -1.0152938E-08   6.0424635E-08  -1.6509562E-08  -3.7255530E-07  -1.3166298E-05   1.2077071E-05  -1.6840790E-07   6.3011069E-06   8.2297206E-04   2.5846744E-07  -5.3776900E-05   5.1512630E-03   9.2557437E-04   4.6786344E-04   1.2087029E-03   5.2304854E-05  -9.9675470E-05  -8.7489927E-05  -2.8169433E-05   8.5172705E-04   9.0548208E-10   1.1116954E-08
 -2.3748179E-04   1.5217423E-03  -1.7157173E-04  -1.0252049E-02  -1.2702916E-02  -1.6672734E-02  -8.5477444E-03   8.2297206E-04   4.4541155E+01  -4.0437406E-01  -1.0491013E+00   4.0572512E+01   3.6713241E+00  -1.2653083E+01  -5.4140745E+01   1.6230738E-01   2.1599677E-01   4.5165680E-01  -5.7807178E+00  -3.3206592E+01  -1.7395597E-04   6.7295891E-04
  3.0883729E-06  -2.3645469E-05   2.2895265E-06   2.3301680E-04  -5.5697634E-05   4.5036681E-04   1.6574828E-04   2.5846744E-07  -4.0437406E-01   8.1711001E-02  -4.0078480E-02  -6.3161051E-01   8.9090211E-01   1.6617230E+00   6.3560270E-01   3.7962678E-02  -9.6177088E-03   1.0858810E-02   1.1264132E-01   1.5741188E-01   3.6070373E-06  -6.1159565E-07
  7.5265223E-05  -3.3864623E-04   2.5520818E-05   2.8952242E-03   2.3830046E-03   4.8142919E-03   1.9257923E-03  -5.3776900E-05  -1.0491013E+00  -4.0078480E-02   3.8789634E+00  -3.0804060E+01  -4.0454835E+00   7.1992253E+00   5.0889689E+00  -2.7710341E+00  -1.7964228E-01   2.1581650E-01   2.6891612E+00   3.4847181E+00   8.0793445E-05  -2.0162871E-05
 -1.3285197E-03   7.8394945E-03  -9.2705224E-04  -5.8268909E-02  -6.1681462E-02  -9.1240415E-02  -4.6186819E-02   5.1512630E-03   4.0572512E+01  -6.3161051E-01  -3.0804060E+01   7.9322736E+02   7.9628962E+01  -4.9441451E+01  -6.0222767E+01   1.5728263E+01  -6.2740914E+00   5.4955331E+00  -1.2238170E+01  -2.5996780E+01   3.7659927E-03   4.1670618E-04
 -8.2660150E-04   5.0674262E-03  -6.0956473E-04  -2.6721072E-02  -5.9043847E-02  -3.9430880E-02  -2.0152162E-02   9.2557437E-04   3.6713241E+00   8.9090211E-01  -4.0454835E+00   7.9628962E+01   6.8836885E+01   4.2730593E+01   1.6338204E+01  -3.8305853E+00  -7.4798019E-01  -1.4895940E+00   3.3886612E+00   3.8652039E+00   8.5444098E-05   2.2261349E-04
 -3.3112633E-04   2.4051895E-03  -3.4775408E-04  -4.8337560E-03  -4.4643359E-02  -1.5289828E-03  -4.3145945E-03   4.6786344E-04  -1.2653083E+01   1.6617230E+00   7.1992253E+00  -4.9441451E+01   4.2730593E+01   8.5084169E+01   5.3710256E+01  -1.1339588E+01  -1.1377077E+00  -8.2139348E-01   4.8631619E+00   8.5974302E+00   3.5761085E-04  -1.9851152E-04
 -1.2501606E-04   9.3877592E-04  -1.5749042E-04   4.0783491E-03  -3.3475993E-02   1.5623371E-02   2.7523634E-03   1.2087029E-03  -5.4140745E+01   6.3560270E-01   5.0889689E+00  -6.0222767E+01   1.6338204E+01   5.3710256E+01   1.0340175E+02  -9.0619810E+00  -9.1539421E-01  -1.3291139E+00   5.1861138E+00   3.3032756E+01   4.1834669E-04  -1.1936963E-03
 -1.0109992E-04   5.5862329E-04  -6.7995297E-05  -6.0252903E-03  -5.0661037E-04  -1.1380937E-02  -3.8548740E-03   5.2304854E-05   1.6230738E-01   3.7962678E-02  -2.7710341E+00   1.5728263E+01  -3.8305853E+00  -1.1339588E+01  -9.0619810E+00   5.9761947E+00   8.2180359E-02  -2.3906732E-01  -2.0949005E+00  -2.4779709E+00  -4.5981460E-05  -8.7376151E-06
  1.7925212E-05  -8.4053789E-05   1.2822714E-05  -4.7265821E-04   3.9224975E-03  -1.6540118E-03   5.4396184E-04  -9.9675470E-05   2.1599677E-01  -9.6177088E-03  -1.7964228E-01  -6.2740914E+00  -7.4798019E-01  -1.1377077E+00  -9.1539421E-01   8.2180359E-02   3.2983983E+00   5.6715070E-01   2.5879003E-01   2.2594945E-01   1.7026669E-04   4.7835215E-06
  8.2485021E-07   4.3066682E-07  -5.0763324E-06   1.7050232E-04   6.9225939E-04  -4.7693208E-04  -2.5784665E-04  -8.7489927E-05   4.5165680E-01   1.0858810E-02   2.1581650E-01   5.4955331E+00  -1.4895940E+00  -8.2139348E-01  -1.3291139E+00  -2.3906732E-01   5.6715070E-01   3.2423597E+00   2.9351938E+00   3.0708465E+00  -1.9741427E-04  -3.6844186E-05
 -1.2395912E-05   1.8005737E-04  -4.1138135E-05  -7.6386501E-04  -2.8052088E-04  -1.7741835E-03  -8.0065554E-04  -2.8169433E-05  -5.7807178E+00   1.1264132E-01   2.6891612E+00  -1.2238170E+01   3.3886612E+00   4.8631619E+00   5.1861138E+00  -2.0949005E+00   2.5879003E-01   2.9351938E+00   1.1246854E+01   1.9981585E+01  -5.7523735E-05   4.3687282E-04
  4.7050123E-05  -1.3057035E-04  -2.3782664E-05   9.8233314E-04   2.5023900E-03   3.0530932E-03   1.5854097E-03   8.5172705E-04  -3.3206592E+01   1.5741188E-01   3.4847181E+00  -2.5996780E+01   3.8652039E+00   8.5974302E+00   3.3032756E+01  -2.4779709E+00   2.2594945E-01   3.0708465E+00   1.9981585E+01   5.4715073E+01   1.6002313E-05   9.9280395E-04
  3.9199632E-10  -2.1420798E-08  -3.7657687E-09  -1.0373752E-07   5.1509773E-10  -8.6039209E-08  -1.0194601E-07   9.0548208E-10  -1.7395597E-04   3.6070373E-06   8.0793445E-05   3.7659927E-03   8.5444098E-05   3.5761085E-04   4.1834669E-04  -4.5981460E-05   1.7026669E-04  -1.9741427E-04  -5.7523735E-05   1.6002313E-05   3.7668459E-07   1.5815318E-09
 -9.4777125E-09   7.3153701E-08  -9.3665063E-09  -4.9431667E-07  -5.3377592E-07  -8.0075444E-07  -2.6026297E-07   1.1116954E-08   6.7295891E-04  -6.1159565E-07  -2.0162871E-05   4.1670618E-04   2.2261349E-04  -1.9851152E-04  -1.1936963E-03  -8.7376151E-06   4.7835215E-06  -3.6844186E-05   4.3687282E-04   9.9280395E-04   1.5815318E-09   3.8875614E-07
