# omegabh2 omegach2 theta tau nnu yhe ns logA aps100 aps143 aps217 acib143 acib217 asz143 psr cibr ncib cal0 cal2 xi aksz bm_1_1 bm_1_2 bm_1_3 bm_1_4 bm_1_5 bm_2_1 bm_2_2 bm_2_3 bm_2_4 bm_2_5 bm_3_1 bm_3_2 bm_3_3 bm_3_4 bm_3_5 bm_4_1 bm_4_2 bm_4_3 bm_4_4 bm_4_5
    0.19062E-06    0.10801E-05   -0.69328E-07    0.29532E-05    0.13223E-03    0.14228E-05    0.66095E-05    0.88057E-05    0.19956E-02   -0.18706E-04   -0.39163E-03    0.23420E-03    0.26047E-03    0.72275E-04   -0.24681E-05    0.13227E-04   -0.38117E-05   -0.13901E-08    0.13391E-07   -0.31825E-05    0.97890E-04    0.20391E-05   -0.13710E-04    0.20088E-05    0.13661E-06   -0.25048E-07   -0.11230E-04   -0.10495E-04   -0.10567E-04   -0.91563E-05    0.27043E-05    0.86306E-05    0.11163E-05   -0.68361E-06    0.69777E-05    0.85059E-05    0.15905E-05   -0.12242E-04   -0.43781E-05    0.28465E-05   -0.55214E-05
    0.10801E-05    0.96747E-04   -0.22775E-04    0.12760E-04    0.67276E-02   -0.28984E-03    0.88927E-04    0.17068E-03    0.15161E-01   -0.39971E-02    0.11106E-03    0.98816E-04   -0.13752E-02    0.46241E-03   -0.17808E-04    0.53889E-05   -0.52203E-04    0.24982E-07   -0.22552E-06    0.15833E-04   -0.79165E-03    0.49775E-03    0.92654E-04    0.15807E-03    0.53640E-03    0.13044E-03    0.12742E-03   -0.29227E-03    0.17022E-03    0.18307E-03    0.21790E-03    0.47930E-04    0.25716E-04    0.12462E-04    0.18448E-04   -0.27122E-03    0.13476E-03   -0.26016E-05   -0.10173E-03   -0.20257E-03    0.33402E-03
   -0.69328E-07   -0.22775E-04    0.64994E-05   -0.11498E-05   -0.16045E-02    0.88998E-04   -0.14317E-04   -0.31542E-04    0.64247E-02    0.35022E-02   -0.24411E-03    0.12311E-02    0.19399E-02    0.90772E-04   -0.44120E-06    0.52968E-04    0.84243E-05   -0.18134E-07    0.12615E-06   -0.15677E-04    0.53129E-03   -0.10736E-03   -0.50108E-04   -0.71722E-04   -0.11690E-03   -0.28992E-04   -0.69198E-04    0.48889E-04   -0.82292E-04   -0.51505E-04   -0.53167E-04    0.18552E-04    0.36134E-05   -0.22204E-04    0.61885E-07    0.69538E-04   -0.25349E-04   -0.44153E-04    0.20579E-04    0.73170E-04   -0.66377E-04
    0.29532E-05    0.12760E-04   -0.11498E-05    0.21645E-03    0.21896E-02    0.19080E-04    0.12962E-03    0.46828E-03   -0.27656E-01    0.58981E-02    0.68938E-02   -0.34966E-02   -0.24468E-02    0.40154E-03   -0.12173E-04   -0.63516E-04   -0.34979E-04    0.22397E-07    0.39520E-07   -0.42681E-04    0.10457E-02    0.78739E-04   -0.14580E-03    0.99694E-04   -0.79720E-04   -0.36564E-04    0.23665E-04   -0.32591E-03   -0.25355E-03    0.47545E-06    0.72505E-04    0.20013E-03    0.10026E-03    0.28278E-03    0.56853E-03    0.13432E-03    0.22400E-03   -0.18946E-03   -0.13885E-03    0.76430E-04    0.20030E-04
    0.13223E-03    0.67276E-02   -0.16045E-02    0.21896E-02    0.50925E+00   -0.20375E-01    0.86753E-02    0.14355E-01    0.16922E+01   -0.43996E+00   -0.29901E+00    0.83942E-01   -0.40138E-02    0.43500E-01   -0.23185E-02    0.30847E-02   -0.42384E-02    0.30444E-05   -0.10164E-04   -0.26106E-03   -0.79648E-02    0.32145E-01    0.36987E-02    0.14733E-01    0.34126E-01    0.98148E-02    0.56977E-02   -0.20422E-01    0.13968E-01    0.14317E-01    0.16561E-01    0.71524E-02    0.78510E-03    0.17735E-02    0.67579E-02   -0.14669E-01    0.88007E-02    0.10862E-02   -0.60657E-02   -0.15384E-01    0.22861E-01
    0.14228E-05   -0.28984E-03    0.88998E-04    0.19080E-04   -0.20375E-01    0.14369E-02   -0.68797E-04   -0.26002E-03    0.25058E+00    0.79351E-01   -0.17275E-01    0.37035E-01    0.53397E-01    0.29090E-02   -0.12207E-03    0.14990E-02    0.97664E-04   -0.48194E-06    0.32039E-05   -0.41145E-03    0.12538E-01   -0.15093E-02   -0.11746E-02   -0.11951E-02   -0.10959E-02   -0.50299E-03   -0.14084E-02    0.34598E-03   -0.11116E-02   -0.91118E-03   -0.90523E-03    0.76452E-03    0.37754E-03    0.21478E-03   -0.12889E-03    0.89127E-03   -0.37801E-03   -0.53599E-03    0.12002E-03    0.12347E-02   -0.94928E-03
    0.66095E-05    0.88927E-04   -0.14317E-04    0.12962E-03    0.86753E-02   -0.68797E-04    0.33618E-03    0.44022E-03    0.84629E-01    0.17848E-01   -0.62342E-02    0.83577E-02    0.12102E-01    0.17639E-02   -0.58843E-04    0.39681E-03   -0.45957E-04   -0.10233E-06    0.80001E-06   -0.12710E-03    0.31614E-02    0.68030E-03   -0.44091E-03    0.45162E-04    0.46641E-03    0.14734E-03   -0.42815E-04   -0.30635E-03   -0.14171E-03    0.95936E-04    0.18703E-03    0.37814E-03    0.22153E-03    0.43725E-04    0.31781E-03   -0.22914E-05    0.30088E-03   -0.15152E-03   -0.27030E-04    0.18560E-04    0.28515E-03
    0.88057E-05    0.17068E-03   -0.31542E-04    0.46828E-03    0.14355E-01   -0.26002E-03    0.44022E-03    0.12727E-02    0.12817E-01    0.31026E-01    0.22177E-01   -0.33366E-02   -0.13325E-04    0.77259E-03   -0.41828E-04    0.26984E-04   -0.10482E-03    0.97814E-07    0.42733E-06   -0.98490E-04    0.20668E-02    0.16727E-02   -0.61972E-04    0.32017E-03    0.75612E-03    0.99866E-04    0.41158E-03   -0.11083E-02   -0.53207E-03    0.13101E-03    0.39795E-03    0.53292E-03    0.38784E-03    0.52838E-03    0.10323E-02   -0.13016E-03    0.89235E-03   -0.50105E-03   -0.42546E-03    0.70487E-04    0.45372E-03
    0.19956E-02    0.15161E-01    0.64247E-02   -0.27656E-01    0.16922E+01    0.25058E+00    0.84629E-01    0.12817E-01    0.29817E+04    0.61668E+02   -0.21073E+03    0.15137E+03    0.15132E+03   -0.63336E+02   -0.14372E+01    0.15951E+01    0.71900E+00    0.58568E-03    0.11384E-02   -0.45759E+00   -0.15723E+02    0.98201E+01   -0.11293E+02   -0.90487E+00    0.34228E+00   -0.86583E+00   -0.27803E+01   -0.57683E+01    0.74221E+00    0.44663E+00   -0.18772E+00    0.30112E+01    0.13146E+01    0.21885E+00    0.79272E+00   -0.39940E+01    0.39214E+00   -0.13387E+01   -0.23984E+01   -0.15775E+01    0.45457E+01
   -0.18706E-04   -0.39971E-02    0.35022E-02    0.58981E-02   -0.43996E+00    0.79351E-01    0.17848E-01    0.31026E-01    0.61668E+02    0.22795E+03    0.72040E+02   -0.36713E+02   -0.12467E+02   -0.94662E+01   -0.17930E+00   -0.10592E+00   -0.16089E+00    0.30091E-03    0.39905E-02    0.15662E+01   -0.12674E+02    0.15943E+01    0.21560E+00    0.18378E+00    0.35915E-01   -0.95572E-01   -0.16562E+01   -0.75236E+00   -0.77234E+00    0.35622E+00   -0.95400E-01    0.74188E+00    0.10268E+00   -0.23121E+00   -0.37110E+00   -0.24901E+00   -0.46011E+00   -0.10301E+01   -0.51393E+00    0.72378E+00    0.27863E+00
   -0.39163E-03    0.11106E-03   -0.24411E-03    0.68938E-02   -0.29901E+00   -0.17275E-01   -0.62342E-02    0.22177E-01   -0.21073E+03    0.72040E+02    0.23499E+03   -0.43361E+02   -0.87916E+02    0.13615E+01    0.66535E-01   -0.10624E+01   -0.95136E+00    0.34685E-03   -0.49405E-02    0.50856E+00   -0.96619E+01    0.16048E+01    0.12327E+01   -0.14510E+00   -0.93034E-01    0.18320E+00    0.19323E+01    0.59889E+00   -0.55896E+00   -0.25291E+00    0.29362E+00   -0.16600E+01    0.57283E+00   -0.80241E+00    0.35457E+00    0.10201E+00    0.44003E+00    0.92537E-01    0.27203E+00    0.26760E+00   -0.41381E+00
    0.23420E-03    0.98816E-04    0.12311E-02   -0.34966E-02    0.83942E-01    0.37035E-01    0.83577E-02   -0.33366E-02    0.15137E+03   -0.36713E+02   -0.43361E+02    0.31093E+02    0.24983E+02   -0.99716E+00   -0.34618E-01    0.37768E+00    0.17607E+00   -0.16182E-03   -0.76842E-03   -0.22433E-01   -0.41565E+00   -0.10609E+01   -0.65681E+00   -0.78453E-01   -0.60874E-01    0.77167E-01    0.49720E+00    0.10671E+00    0.23018E+00    0.14237E+00    0.45641E-01    0.10251E-03   -0.13459E+00    0.35650E-01    0.47231E-01    0.40405E-01    0.29388E+00    0.29324E+00    0.59906E-01   -0.17190E+00    0.26060E+00
    0.26047E-03   -0.13752E-02    0.19399E-02   -0.24468E-02   -0.40138E-02    0.53397E-01    0.12102E-01   -0.13325E-04    0.15132E+03   -0.12467E+02   -0.87916E+02    0.24983E+02    0.45538E+02   -0.75159E+00    0.15464E-01    0.56386E+00    0.50047E+00   -0.16181E-03    0.23180E-02   -0.25533E+00   -0.96568E+00   -0.67761E+00   -0.61087E+00    0.37298E-01    0.73910E-02   -0.66507E-01   -0.86811E+00   -0.19534E+00    0.18584E+00    0.24125E+00   -0.24758E+00    0.67148E+00   -0.44430E+00    0.26759E+00   -0.29145E+00   -0.11078E+00   -0.25132E+00   -0.58726E-01   -0.11409E+00   -0.21424E-01    0.30175E+00
    0.72275E-04    0.46241E-03    0.90772E-04    0.40154E-03    0.43500E-01    0.29090E-02    0.17639E-02    0.77259E-03   -0.63336E+02   -0.94662E+01    0.13615E+01   -0.99716E+00   -0.75159E+00    0.79841E+01    0.40691E-01    0.28106E+00   -0.13164E+00   -0.17789E-04    0.11292E-03   -0.47343E-01    0.16747E+00    0.11881E+00    0.10844E+00   -0.29884E-02    0.12483E-01   -0.12539E-01   -0.74270E-01    0.13787E+00    0.18530E-01   -0.10984E+00   -0.10900E+00   -0.42832E-01   -0.22155E-01    0.15469E-01   -0.89998E-01    0.33069E-01   -0.11814E+00    0.81614E-01    0.68141E-01    0.58047E-01   -0.12132E+00
   -0.24681E-05   -0.17808E-04   -0.44120E-06   -0.12173E-04   -0.23185E-02   -0.12207E-03   -0.58843E-04   -0.41828E-04   -0.14372E+01   -0.17930E+00    0.66535E-01   -0.34618E-01    0.15464E-01    0.40691E-01    0.76379E-02   -0.68257E-02    0.74325E-02    0.72223E-06   -0.27107E-04    0.34792E-02   -0.21369E-01    0.11644E-01    0.91786E-02    0.28789E-02    0.30117E-03    0.10132E-02    0.79143E-02    0.16027E-02   -0.58386E-03   -0.53811E-02   -0.34449E-02   -0.13621E-01   -0.36394E-02   -0.11322E-02   -0.62388E-03    0.13910E-02   -0.32089E-02    0.11244E-02   -0.41162E-02   -0.50551E-02   -0.62162E-02
    0.13227E-04    0.53889E-05    0.52968E-04   -0.63516E-04    0.30847E-02    0.14990E-02    0.39681E-03    0.26984E-04    0.15951E+01   -0.10592E+00   -0.10624E+01    0.37768E+00    0.56386E+00    0.28106E+00   -0.68257E-02    0.40995E-01   -0.12313E-01   -0.40184E-05    0.94830E-04   -0.80798E-03   -0.14520E-02   -0.25120E-01   -0.12923E-01    0.73762E-03    0.41665E-02   -0.27728E-02   -0.31345E-01   -0.31798E-02    0.49824E-02    0.22634E-02    0.15219E-02    0.31103E-01    0.10767E-02    0.78217E-02   -0.11985E-02    0.19900E-02   -0.39863E-02   -0.14291E-02    0.64109E-02    0.85976E-02    0.23916E-02
   -0.38117E-05   -0.52203E-04    0.84243E-05   -0.34979E-04   -0.42384E-02    0.97664E-04   -0.45957E-04   -0.10482E-03    0.71900E+00   -0.16089E+00   -0.95136E+00    0.17607E+00    0.50047E+00   -0.13164E+00    0.74325E-02   -0.12313E-01    0.20842E-01   -0.21470E-06   -0.25531E-04   -0.23417E-02   -0.20522E-01    0.11616E-01   -0.15457E-02    0.14110E-02   -0.59081E-03    0.40747E-03    0.34443E-02    0.25281E-02   -0.64279E-02    0.53463E-02   -0.11004E-01   -0.17848E-01   -0.18370E-01    0.24845E-02   -0.11406E-01   -0.49805E-02   -0.88041E-02   -0.43308E-02   -0.41580E-02    0.13154E-02    0.76354E-02
   -0.13901E-08    0.24982E-07   -0.18134E-07    0.22397E-07    0.30444E-05   -0.48194E-06   -0.10233E-06    0.97814E-07    0.58568E-03    0.30091E-03    0.34685E-03   -0.16182E-03   -0.16181E-03   -0.17789E-04    0.72223E-06   -0.40184E-05   -0.21470E-06    0.15633E-06    0.48813E-08    0.38032E-05   -0.15064E-05   -0.18169E-04   -0.57010E-05    0.11615E-04   -0.10632E-05   -0.83383E-05    0.13055E-04    0.10594E-05   -0.47223E-05    0.36890E-05   -0.30076E-05   -0.74706E-05   -0.11228E-06    0.16046E-05    0.10955E-05    0.69802E-05    0.52364E-05    0.31506E-05   -0.52154E-05    0.95333E-06   -0.18626E-05
    0.13391E-07   -0.22552E-06    0.12615E-06    0.39520E-07   -0.10164E-04    0.32039E-05    0.80001E-06    0.42733E-06    0.11384E-02    0.39905E-02   -0.49405E-02   -0.76842E-03    0.23180E-02    0.11292E-03   -0.27107E-04    0.94830E-04   -0.25531E-04    0.48813E-08    0.17156E-05    0.13503E-07   -0.43648E-04    0.46051E-04    0.11364E-04   -0.18102E-04   -0.41176E-04   -0.35938E-04    0.15311E-03    0.25225E-04    0.27617E-04    0.34990E-04    0.45767E-04   -0.17323E-03    0.60710E-05   -0.26226E-04    0.26806E-05   -0.48750E-04   -0.27401E-05    0.24565E-04    0.30252E-05   -0.48603E-04    0.31014E-04
   -0.31825E-05    0.15833E-04   -0.15677E-04   -0.42681E-04   -0.26106E-03   -0.41145E-03   -0.12710E-03   -0.98490E-04   -0.45759E+00    0.15662E+01    0.50856E+00   -0.22433E-01   -0.25533E+00   -0.47343E-01    0.34792E-02   -0.80798E-03   -0.23417E-02    0.38032E-05    0.13503E-07    0.83314E-01   -0.15029E-01    0.11476E-01   -0.54955E-02    0.54071E-02   -0.22442E-02   -0.33634E-02    0.43315E-02    0.19740E-03   -0.31902E-02   -0.24814E-02   -0.25720E-02   -0.40084E-02   -0.63673E-02   -0.24984E-02   -0.17312E-04    0.86387E-03    0.11482E-02   -0.51202E-03   -0.21941E-02    0.17216E-03   -0.57440E-04
    0.97890E-04   -0.79165E-03    0.53129E-03    0.10457E-02   -0.79648E-02    0.12538E-01    0.31614E-02    0.20668E-02   -0.15723E+02   -0.12674E+02   -0.96619E+01   -0.41565E+00   -0.96568E+00    0.16747E+00   -0.21369E-01   -0.14520E-02   -0.20522E-01   -0.15064E-05   -0.43648E-04   -0.15029E-01    0.82041E+01   -0.16526E-01   -0.19046E-01   -0.73272E-01    0.74507E-01   -0.30717E-02   -0.34156E-01   -0.64072E-01   -0.33817E-01   -0.50320E-01    0.10522E-01   -0.90496E-02    0.83073E-01    0.45767E-01    0.53741E-01    0.32973E-01   -0.17890E-01   -0.39640E-01   -0.44143E-01    0.15850E-01   -0.17434E-01
    0.20391E-05    0.49775E-03   -0.10736E-03    0.78739E-04    0.32145E-01   -0.15093E-02    0.68030E-03    0.16727E-02    0.98201E+01    0.15943E+01    0.16048E+01   -0.10609E+01   -0.67761E+00    0.11881E+00    0.11644E-01   -0.25120E-01    0.11616E-01   -0.18169E-04    0.46051E-04    0.11476E-01   -0.16526E-01    0.72082E+00   -0.10911E+00   -0.47117E-02    0.64841E-02    0.31456E-02    0.17677E+00   -0.32464E-01   -0.53192E-01   -0.57791E-01   -0.45785E-01    0.83662E-02    0.34761E-01   -0.85103E-02   -0.45214E-01   -0.12099E+00    0.15355E+00    0.42977E-02    0.77417E-02    0.16572E-01    0.46569E-01
   -0.13710E-04    0.92654E-04   -0.50108E-04   -0.14580E-03    0.36987E-02   -0.11746E-02   -0.44091E-03   -0.61972E-04   -0.11293E+02    0.21560E+00    0.12327E+01   -0.65681E+00   -0.61087E+00    0.10844E+00    0.91786E-02   -0.12923E-01   -0.15457E-02   -0.57010E-05    0.11364E-04   -0.54955E-02   -0.19046E-01   -0.10911E+00    0.94046E+00   -0.22660E-01    0.34753E-02    0.26830E-01   -0.12355E+00    0.20580E+00    0.58640E-01   -0.19346E-01    0.28911E-01   -0.14611E+00    0.80925E-03    0.12957E-01    0.94154E-02    0.15340E+00   -0.22842E+00    0.59681E-01    0.11511E+00    0.33372E-01   -0.22651E+00
    0.20088E-05    0.15807E-03   -0.71722E-04    0.99694E-04    0.14733E-01   -0.11951E-02    0.45162E-04    0.32017E-03   -0.90487E+00    0.18378E+00   -0.14510E+00   -0.78453E-01    0.37298E-01   -0.29884E-02    0.28789E-02    0.73762E-03    0.14110E-02    0.11615E-04   -0.18102E-04    0.54071E-02   -0.73272E-01   -0.47117E-02   -0.22660E-01    0.97765E+00    0.31100E-01    0.32867E-02   -0.52931E-01   -0.71925E-01    0.16616E+00    0.11351E-01    0.85010E-01   -0.93006E-03    0.30013E-01   -0.18605E-01    0.15441E-01    0.10033E+00   -0.52388E-01    0.15195E-01   -0.27523E-01   -0.20295E+00    0.12865E+00
    0.13661E-06    0.53640E-03   -0.11690E-03   -0.79720E-04    0.34126E-01   -0.10959E-02    0.46641E-03    0.75612E-03    0.34228E+00    0.35915E-01   -0.93034E-01   -0.60874E-01    0.73910E-02    0.12483E-01    0.30117E-03    0.41665E-02   -0.59081E-03   -0.10632E-05   -0.41176E-04   -0.22442E-02    0.74507E-01    0.64841E-02    0.34753E-02    0.31100E-01    0.10165E+01   -0.12335E-01    0.38592E-01   -0.10366E+00    0.63495E-01   -0.67652E-01    0.63238E-01    0.78315E-01    0.13055E+00    0.57432E-01    0.13360E+00   -0.99628E-01    0.84251E-01    0.26047E-01   -0.11796E-01   -0.96441E-01    0.61608E-01
   -0.25048E-07    0.13044E-03   -0.28992E-04   -0.36564E-04    0.98148E-02   -0.50299E-03    0.14734E-03    0.99866E-04   -0.86583E+00   -0.95572E-01    0.18320E+00    0.77167E-01   -0.66507E-01   -0.12539E-01    0.10132E-02   -0.27728E-02    0.40747E-03   -0.83383E-05   -0.35938E-04   -0.33634E-02   -0.30717E-02    0.31456E-02    0.26830E-01    0.32867E-02   -0.12335E-01    0.98741E+00    0.55543E-01    0.39251E-01   -0.54205E-01    0.76928E-01    0.97689E-01    0.58314E-01   -0.63983E-01   -0.89995E-01    0.88183E-01    0.75883E-01    0.10630E+00   -0.81331E-01    0.83966E-01   -0.75058E-02    0.36247E-01
   -0.11230E-04    0.12742E-03   -0.69198E-04    0.23665E-04    0.56977E-02   -0.14084E-02   -0.42815E-04    0.41158E-03   -0.27803E+01   -0.16562E+01    0.19323E+01    0.49720E+00   -0.86811E+00   -0.74270E-01    0.79143E-02   -0.31345E-01    0.34443E-02    0.13055E-04    0.15311E-03    0.43315E-02   -0.34156E-01    0.17677E+00   -0.12355E+00   -0.52931E-01    0.38592E-01    0.55543E-01    0.84722E+00    0.33914E-02   -0.21068E-01   -0.46124E-01    0.13597E-01    0.20587E-02    0.11890E+00   -0.69827E-01    0.32892E-01   -0.73354E-01    0.63513E+00    0.21335E+00   -0.37070E-01   -0.59918E-01    0.41414E-01
   -0.10495E-04   -0.29227E-03    0.48889E-04   -0.32591E-03   -0.20422E-01    0.34598E-03   -0.30635E-03   -0.11083E-02   -0.57683E+01   -0.75236E+00    0.59889E+00    0.10671E+00   -0.19534E+00    0.13787E+00    0.16027E-02   -0.31798E-02    0.25281E-02    0.10594E-05    0.25225E-04    0.19740E-03   -0.64072E-01   -0.32464E-01    0.20580E+00   -0.71925E-01   -0.10366E+00    0.39251E-01    0.33914E-02    0.10047E+01   -0.73313E-02   -0.18517E-01   -0.18849E-01   -0.66831E-03   -0.23293E-02   -0.63920E-01   -0.31697E-01    0.14418E+00   -0.10235E+00    0.26452E+00    0.76304E+00    0.31059E+00   -0.21731E+00
   -0.10567E-04    0.17022E-03   -0.82292E-04   -0.25355E-03    0.13968E-01   -0.11116E-02   -0.14171E-03   -0.53207E-03    0.74221E+00   -0.77234E+00   -0.55896E+00    0.23018E+00    0.18584E+00    0.18530E-01   -0.58386E-03    0.49824E-02   -0.64279E-02   -0.47223E-05    0.27617E-04   -0.31902E-02   -0.33817E-01   -0.53192E-01    0.58640E-01    0.16616E+00    0.63495E-01   -0.54205E-01   -0.21068E-01   -0.73313E-02    0.10170E+01    0.76477E-02    0.77017E-02    0.70652E-01   -0.25033E-01    0.15122E+00    0.15885E+00   -0.16952E+00   -0.21864E+00    0.64096E+00    0.13271E+00   -0.63428E+00    0.20113E+00
   -0.91563E-05    0.18307E-03   -0.51505E-04    0.47545E-06    0.14317E-01   -0.91118E-03    0.95936E-04    0.13101E-03    0.44663E+00    0.35622E+00   -0.25291E+00    0.14237E+00    0.24125E+00   -0.10984E+00   -0.53811E-02    0.22634E-02    0.53463E-02    0.36890E-05    0.34990E-04   -0.24814E-02   -0.50320E-01   -0.57791E-01   -0.19346E-01    0.11351E-01   -0.67652E-01    0.76928E-01   -0.46124E-01   -0.18517E-01    0.76477E-02    0.99830E+00    0.14939E-01    0.33574E-02   -0.72817E-01   -0.15135E+00   -0.16764E-01   -0.95097E-01   -0.80669E-01    0.61627E-01   -0.50480E-01    0.28749E+00    0.69185E+00
    0.27043E-05    0.21790E-03   -0.53167E-04    0.72505E-04    0.16561E-01   -0.90523E-03    0.18703E-03    0.39795E-03   -0.18772E+00   -0.95400E-01    0.29362E+00    0.45641E-01   -0.24758E+00   -0.10900E+00   -0.34449E-02    0.15219E-02   -0.11004E-01   -0.30076E-05    0.45767E-04   -0.25720E-02    0.10522E-01   -0.45785E-01    0.28911E-01    0.85010E-01    0.63238E-01    0.97689E-01    0.13597E-01   -0.18849E-01    0.77017E-02    0.14939E-01    0.98490E+00   -0.52694E-01    0.65087E-01    0.40676E-01    0.14997E+00   -0.62472E-02    0.13929E+00   -0.54684E+00    0.36594E+00   -0.36037E+00    0.21339E+00
    0.86306E-05    0.47930E-04    0.18552E-04    0.20013E-03    0.71524E-02    0.76452E-03    0.37814E-03    0.53292E-03    0.30112E+01    0.74188E+00   -0.16600E+01    0.10251E-03    0.67148E+00   -0.42832E-01   -0.13621E-01    0.31103E-01   -0.17848E-01   -0.74706E-05   -0.17323E-03   -0.40084E-02   -0.90496E-02    0.83662E-02   -0.14611E+00   -0.93006E-03    0.78315E-01    0.58314E-01    0.20587E-02   -0.66831E-03    0.70652E-01    0.33574E-02   -0.52694E-01    0.86283E+00    0.22909E-01   -0.18478E-01    0.25343E-01   -0.48846E-02    0.55105E+00    0.14871E+00    0.84766E-01    0.54261E-01   -0.42791E-01
    0.11163E-05    0.25716E-04    0.36134E-05    0.10026E-03    0.78510E-03    0.37754E-03    0.22153E-03    0.38784E-03    0.13146E+01    0.10268E+00    0.57283E+00   -0.13459E+00   -0.44430E+00   -0.22155E-01   -0.36394E-02    0.10767E-02   -0.18370E-01   -0.11228E-06    0.60710E-05   -0.63673E-02    0.83073E-01    0.34761E-01    0.80925E-03    0.30013E-01    0.13055E+00   -0.63983E-01    0.11890E+00   -0.23293E-02   -0.25033E-01   -0.72817E-01    0.65087E-01    0.22909E-01    0.99025E+00   -0.28277E-01   -0.24804E-02   -0.47156E-01    0.99524E-01    0.19063E+00   -0.35828E-02    0.14233E+00    0.16749E+00
   -0.68361E-06    0.12462E-04   -0.22204E-04    0.28278E-03    0.17735E-02    0.21478E-03    0.43725E-04    0.52838E-03    0.21885E+00   -0.23121E+00   -0.80241E+00    0.35650E-01    0.26759E+00    0.15469E-01   -0.11322E-02    0.78217E-02    0.24845E-02    0.16046E-05   -0.26226E-04   -0.24984E-02    0.45767E-01   -0.85103E-02    0.12957E-01   -0.18605E-01    0.57432E-01   -0.89995E-01   -0.69827E-01   -0.63920E-01    0.15122E+00   -0.15135E+00    0.40676E-01   -0.18478E-01   -0.28277E-01    0.10058E+01   -0.95071E-02   -0.77468E-02   -0.10394E+00    0.47455E-01    0.16214E+00    0.14800E-01   -0.55314E-01
    0.69777E-05    0.18448E-04    0.61885E-07    0.56853E-03    0.67579E-02   -0.12889E-03    0.31781E-03    0.10323E-02    0.79272E+00   -0.37110E+00    0.35457E+00    0.47231E-01   -0.29145E+00   -0.89998E-01   -0.62388E-03   -0.11985E-02   -0.11406E-01    0.10955E-05    0.26806E-05   -0.17312E-04    0.53741E-01   -0.45214E-01    0.94154E-02    0.15441E-01    0.13360E+00    0.88183E-01    0.32892E-01   -0.31697E-01    0.15885E+00   -0.16764E-01    0.14997E+00    0.25343E-01   -0.24804E-02   -0.95071E-02    0.10035E+01   -0.12919E-01    0.22857E-01    0.44411E-01    0.11262E+00   -0.28174E+00    0.12244E+00
    0.85059E-05   -0.27122E-03    0.69538E-04    0.13432E-03   -0.14669E-01    0.89127E-03   -0.22914E-05   -0.13016E-03   -0.39940E+01   -0.24901E+00    0.10201E+00    0.40405E-01   -0.11078E+00    0.33069E-01    0.13910E-02    0.19900E-02   -0.49805E-02    0.69802E-05   -0.48750E-04    0.86387E-03    0.32973E-01   -0.12099E+00    0.15340E+00    0.10033E+00   -0.99628E-01    0.75883E-01   -0.73354E-01    0.14418E+00   -0.16952E+00   -0.95097E-01   -0.62472E-02   -0.48846E-02   -0.47156E-01   -0.77468E-02   -0.12919E-01    0.10099E+01   -0.41747E-01   -0.76911E-01    0.22178E-01    0.19895E+00   -0.10098E+00
    0.15905E-05    0.13476E-03   -0.25349E-04    0.22400E-03    0.88007E-02   -0.37801E-03    0.30088E-03    0.89235E-03    0.39214E+00   -0.46011E+00    0.44003E+00    0.29388E+00   -0.25132E+00   -0.11814E+00   -0.32089E-02   -0.39863E-02   -0.88041E-02    0.52364E-05   -0.27401E-05    0.11482E-02   -0.17890E-01    0.15355E+00   -0.22842E+00   -0.52388E-01    0.84251E-01    0.10630E+00    0.63513E+00   -0.10235E+00   -0.21864E+00   -0.80669E-01    0.13929E+00    0.55105E+00    0.99524E-01   -0.10394E+00    0.22857E-01   -0.41747E-01    0.93856E+00   -0.54707E-01   -0.79400E-02    0.12043E-02   -0.20759E-01
   -0.12242E-04   -0.26016E-05   -0.44153E-04   -0.18946E-03    0.10862E-02   -0.53599E-03   -0.15152E-03   -0.50105E-03   -0.13387E+01   -0.10301E+01    0.92537E-01    0.29324E+00   -0.58726E-01    0.81614E-01    0.11244E-02   -0.14291E-02   -0.43308E-02    0.31506E-05    0.24565E-04   -0.51202E-03   -0.39640E-01    0.42977E-02    0.59681E-01    0.15195E-01    0.26047E-01   -0.81331E-01    0.21335E+00    0.26452E+00    0.64096E+00    0.61627E-01   -0.54684E+00    0.14871E+00    0.19063E+00    0.47455E-01    0.44411E-01   -0.76911E-01   -0.54707E-01    0.98469E+00    0.14850E-01    0.40653E-03   -0.10439E-04
   -0.43781E-05   -0.10173E-03    0.20579E-04   -0.13885E-03   -0.60657E-02    0.12002E-03   -0.27030E-04   -0.42546E-03   -0.23984E+01   -0.51393E+00    0.27203E+00    0.59906E-01   -0.11409E+00    0.68141E-01   -0.41162E-02    0.64109E-02   -0.41580E-02   -0.52154E-05    0.30252E-05   -0.21941E-02   -0.44143E-01    0.77417E-02    0.11511E+00   -0.27523E-01   -0.11796E-01    0.83966E-01   -0.37070E-01    0.76304E+00    0.13271E+00   -0.50480E-01    0.36594E+00    0.84766E-01   -0.35828E-02    0.16214E+00    0.11262E+00    0.22178E-01   -0.79400E-02    0.14850E-01    0.96271E+00    0.20743E-02   -0.15230E-01
    0.28465E-05   -0.20257E-03    0.73170E-04    0.76430E-04   -0.15384E-01    0.12347E-02    0.18560E-04    0.70487E-04   -0.15775E+01    0.72378E+00    0.26760E+00   -0.17190E+00   -0.21424E-01    0.58047E-01   -0.50551E-02    0.85976E-02    0.13154E-02    0.95333E-06   -0.48603E-04    0.17216E-03    0.15850E-01    0.16572E-01    0.33372E-01   -0.20295E+00   -0.96441E-01   -0.75058E-02   -0.59918E-01    0.31059E+00   -0.63428E+00    0.28749E+00   -0.36037E+00    0.54261E-01    0.14233E+00    0.14800E-01   -0.28174E+00    0.19895E+00    0.12043E-02    0.40653E-03    0.20743E-02    0.10132E+01   -0.23916E-01
   -0.55214E-05    0.33402E-03   -0.66377E-04    0.20030E-04    0.22861E-01   -0.94928E-03    0.28515E-03    0.45372E-03    0.45457E+01    0.27863E+00   -0.41381E+00    0.26060E+00    0.30175E+00   -0.12132E+00   -0.62162E-02    0.23916E-02    0.76354E-02   -0.18626E-05    0.31014E-04   -0.57440E-04   -0.17434E-01    0.46569E-01   -0.22651E+00    0.12865E+00    0.61608E-01    0.36247E-01    0.41414E-01   -0.21731E+00    0.20113E+00    0.69185E+00    0.21339E+00   -0.42791E-01    0.16749E+00   -0.55314E-01    0.12244E+00   -0.10098E+00   -0.20759E-01   -0.10439E-04   -0.15230E-01   -0.23916E-01    0.10026E+01
