# omegabh2 omegach2 theta tau mnu nnu ns logA aps100 aps143 aps217 acib143 acib217 asz143 psr cibr ncib cal0 cal2 xi aksz bm_1_1 bm_1_2 bm_1_3 bm_1_4 bm_1_5 bm_2_1 bm_2_2 bm_2_3 bm_2_4 bm_2_5 bm_3_1 bm_3_2 bm_3_3 bm_3_4 bm_3_5 bm_4_1 bm_4_2 bm_4_3 bm_4_4 bm_4_5 a_ps_act_148 a_ps_act_217 a_ps_spt_95 a_ps_spt_150 a_ps_spt_220 r_ps_spt_95x150 r_ps_spt_95x220 r_ps_150x220 act_dust_s act_dust_e cal_acts_148 cal_acts_217 cal_acte_148 cal_acte_217 cal_spt_95 cal_spt_150 cal_spt_220
    0.18689E-06    0.67326E-06    0.11219E-07    0.28186E-05   -0.34168E-04    0.10787E-03    0.60805E-05    0.76879E-05    0.15453E-03    0.23818E-04    0.25920E-03   -0.53430E-05   -0.10190E-03   -0.16605E-05   -0.55704E-06   -0.16928E-06   -0.14032E-05   -0.49385E-09    0.63536E-08    0.12153E-05    0.15319E-04    0.86201E-06    0.10771E-04   -0.50941E-05   -0.13873E-05    0.50016E-06    0.96276E-06    0.11409E-04    0.10703E-05   -0.41931E-05   -0.80128E-05    0.24446E-05   -0.83271E-08    0.68325E-05   -0.33832E-05    0.30696E-05    0.21534E-06    0.64812E-05    0.72867E-05    0.33451E-05   -0.13095E-04    0.36989E-05    0.52743E-04   -0.60374E-05    0.15245E-05    0.31502E-04   -0.43320E-07    0.65948E-06    0.16010E-06   -0.11086E-05   -0.22734E-06   -0.57536E-08   -0.10780E-06    0.10106E-07   -0.10607E-06    0.12264E-06    0.67522E-07   -0.22639E-06
    0.67326E-06    0.22086E-04   -0.20428E-05    0.55658E-05   -0.86221E-04    0.12542E-02    0.35488E-04    0.65259E-04    0.20123E-01    0.15364E-01    0.14969E-01   -0.12210E-04   -0.15181E-02   -0.34408E-03    0.21202E-04    0.93054E-05   -0.28245E-04   -0.11615E-06    0.96545E-07    0.10598E-03    0.92251E-03    0.54459E-03    0.17036E-03   -0.99001E-04    0.40109E-05   -0.59304E-04    0.90476E-04   -0.49574E-04   -0.99836E-04   -0.10121E-04    0.72167E-04    0.53311E-04    0.31235E-04   -0.39469E-04    0.11563E-04    0.54441E-04    0.14234E-03   -0.82355E-04    0.88222E-05    0.15122E-04   -0.62459E-04   -0.19504E-03   -0.12303E-02   -0.45324E-03   -0.40027E-03   -0.15195E-02    0.11317E-04    0.24003E-04    0.28463E-05   -0.73536E-05    0.50346E-05   -0.81105E-05   -0.97444E-05   -0.87884E-05   -0.89170E-05   -0.15978E-04   -0.15028E-04   -0.13492E-04
    0.11219E-07   -0.20428E-05    0.52152E-06    0.20489E-06   -0.18269E-04   -0.97499E-04   -0.15718E-05   -0.41270E-05   -0.24274E-02   -0.15412E-02   -0.13232E-02    0.22635E-05    0.11403E-03    0.46361E-04   -0.24284E-05   -0.88197E-06    0.26155E-05    0.85880E-08   -0.10321E-07   -0.10721E-04   -0.10091E-03   -0.57415E-04    0.41545E-05    0.60902E-05   -0.18462E-05    0.12519E-04   -0.16105E-04    0.17602E-04   -0.75750E-06    0.61141E-05   -0.15220E-04   -0.10823E-04   -0.88937E-05    0.18300E-04    0.11824E-04    0.31103E-05   -0.23594E-04    0.77284E-05    0.38350E-05    0.15121E-04    0.16676E-05    0.23131E-04    0.10250E-03    0.28610E-04    0.43280E-04    0.14992E-03    0.77762E-08   -0.87494E-06   -0.23087E-06    0.36964E-06   -0.12514E-05    0.79501E-06    0.74101E-06    0.83153E-06    0.75649E-06    0.16934E-05    0.16497E-05    0.13517E-05
    0.28186E-05    0.55658E-05    0.20489E-06    0.23240E-03   -0.24125E-03    0.18005E-02    0.12207E-03    0.47875E-03   -0.32282E-01   -0.66720E-02    0.24030E-02   -0.26601E-03   -0.20527E-02    0.87690E-04   -0.43776E-04   -0.17288E-04   -0.17195E-04   -0.25633E-07    0.83848E-07   -0.72357E-04   -0.59399E-03   -0.26399E-03    0.41835E-03    0.85258E-04    0.62121E-04    0.25055E-03    0.37882E-04    0.49685E-03   -0.89776E-04    0.29396E-06   -0.27942E-03    0.34761E-03    0.46543E-04   -0.12892E-03   -0.36016E-03    0.14177E-04    0.22696E-03    0.17303E-03    0.40611E-03    0.15996E-03   -0.40439E-03    0.75026E-04    0.21747E-02    0.20514E-03    0.96632E-04    0.16009E-02   -0.25421E-04   -0.39552E-04   -0.92196E-07   -0.42323E-04   -0.99588E-05    0.18833E-05    0.34782E-06    0.30917E-05   -0.46316E-06    0.75940E-05    0.44026E-05   -0.25388E-05
   -0.34168E-04   -0.86221E-04   -0.18269E-04   -0.24125E-03    0.40212E-01   -0.17530E-01   -0.11556E-02   -0.90738E-03    0.20670E+00    0.98655E-01    0.19651E-01    0.18826E-02   -0.14090E-01   -0.13960E-01    0.56845E-04   -0.14487E-04   -0.38101E-03   -0.10311E-05   -0.29158E-05    0.39990E-02    0.46693E-01   -0.73188E-03   -0.40870E-02    0.10748E-02    0.36208E-02    0.66301E-03   -0.35704E-02   -0.69565E-02   -0.20754E-03    0.59200E-03    0.61747E-02    0.19534E-02    0.33991E-02    0.21645E-02   -0.15921E-02   -0.70655E-02    0.30395E-03   -0.53186E-02   -0.20020E-02   -0.22095E-02    0.27878E-02   -0.36717E-02   -0.24140E-03   -0.70171E-02   -0.46932E-02   -0.18015E-02    0.20997E-03    0.45144E-03    0.13930E-03    0.24422E-03    0.78126E-03   -0.50658E-04    0.20232E-04   -0.37197E-04    0.76559E-05   -0.14074E-03   -0.89498E-04    0.18124E-04
    0.10787E-03    0.12542E-02   -0.97499E-04    0.18005E-02   -0.17530E-01    0.11480E+00    0.50104E-02    0.68092E-02    0.13247E+01    0.10046E+01    0.10288E+01   -0.19079E-02   -0.14774E+00   -0.28697E-01    0.85129E-03    0.57262E-03   -0.26142E-02   -0.46912E-05    0.10342E-04    0.89925E-02    0.84572E-01    0.29449E-01    0.18276E-01   -0.45952E-02   -0.11651E-02   -0.31755E-02    0.46645E-02    0.30068E-02   -0.35647E-02   -0.25568E-02    0.21081E-02    0.43619E-02    0.62484E-02   -0.89937E-03   -0.97687E-03    0.56544E-03    0.76270E-02   -0.14250E-02    0.55181E-02    0.54786E-03   -0.91106E-02   -0.90521E-02   -0.52434E-01   -0.32118E-01   -0.24787E-01   -0.72359E-01    0.75921E-03    0.18539E-02    0.23007E-03   -0.63503E-03    0.70685E-04   -0.49837E-03   -0.62695E-03   -0.50928E-03   -0.58457E-03   -0.91212E-03   -0.92286E-03   -0.90595E-03
    0.60805E-05    0.35488E-04   -0.15718E-05    0.12207E-03   -0.11556E-02    0.50104E-02    0.28107E-03    0.33745E-03    0.65869E-02    0.17525E-01    0.27307E-01   -0.23405E-03   -0.58662E-02   -0.46792E-03   -0.81960E-05   -0.25074E-05   -0.84352E-04   -0.14151E-06    0.71118E-06    0.18697E-03    0.22201E-02    0.53438E-03    0.61360E-03   -0.19320E-03   -0.15196E-03   -0.27434E-04    0.49884E-03    0.38810E-03    0.50214E-05   -0.13509E-03   -0.18158E-03    0.22106E-03    0.23566E-03   -0.66494E-04   -0.17407E-03   -0.22841E-03    0.48999E-03    0.25544E-03    0.37485E-03   -0.70866E-04   -0.48313E-03   -0.10879E-03   -0.55638E-04   -0.97642E-03   -0.59986E-03   -0.13303E-02    0.78477E-05    0.49850E-04    0.10801E-04   -0.29569E-04   -0.11120E-04   -0.94362E-05   -0.17494E-04   -0.88402E-05   -0.15771E-04   -0.13525E-04   -0.20219E-04   -0.27262E-04
    0.76879E-05    0.65259E-04   -0.41270E-05    0.47875E-03   -0.90738E-03    0.68092E-02    0.33745E-03    0.11259E-02   -0.24472E-01    0.21648E-01    0.40092E-01   -0.65869E-03   -0.72984E-02   -0.61387E-03   -0.35878E-04   -0.18990E-04   -0.87468E-04   -0.25897E-06    0.66469E-06    0.61104E-04    0.65291E-03    0.12440E-02    0.13159E-02   -0.12595E-03    0.18484E-03    0.30335E-03    0.64492E-03    0.10399E-02   -0.44967E-03   -0.28995E-04   -0.40253E-03    0.80542E-03    0.20565E-03   -0.37148E-03   -0.67948E-03    0.11422E-03    0.10290E-02    0.27977E-03    0.96664E-03    0.43632E-03   -0.95680E-03   -0.32752E-03    0.11161E-02   -0.54933E-03   -0.79906E-03   -0.58931E-03   -0.34379E-04   -0.39147E-04    0.63147E-05   -0.96906E-04   -0.44864E-05   -0.15133E-04   -0.23046E-04   -0.14532E-04   -0.22529E-04   -0.23991E-04   -0.27007E-04   -0.38364E-04
    0.15453E-03    0.20123E-01   -0.24274E-02   -0.32282E-01    0.20670E+00    0.13247E+01    0.65869E-02   -0.24472E-01    0.16469E+04    0.10918E+03    0.39295E+02    0.13155E+01   -0.39244E+01   -0.10656E+02   -0.70329E-01   -0.26966E-01   -0.16057E+00    0.14959E-02   -0.22007E-02    0.13249E+01    0.85677E+01    0.16855E+02   -0.64502E+01   -0.20722E+00   -0.55150E+00   -0.53394E+00   -0.16523E+01   -0.38903E+01   -0.15118E+01   -0.29311E+00   -0.14829E+01    0.53042E+00    0.57677E+00   -0.22878E+00   -0.14066E+01   -0.26076E+01   -0.21658E+00   -0.19722E+01   -0.23428E+01    0.88653E+00    0.19641E+01    0.14464E+00   -0.86959E+00    0.45972E+01   -0.10564E+01    0.84765E+00    0.54840E-02   -0.26461E+00   -0.78081E-01    0.25638E-01   -0.44382E-01   -0.38738E-01   -0.34736E-04   -0.42574E-01   -0.94321E-02   -0.88975E-01   -0.53621E-01   -0.16291E-01
    0.23818E-04    0.15364E-01   -0.15412E-02   -0.66720E-02    0.98655E-01    0.10046E+01    0.17525E-01    0.21648E-01    0.10918E+03    0.77364E+02    0.28343E+02    0.25222E+00   -0.12395E+01   -0.24408E+01    0.31716E-01    0.50658E-01   -0.58004E-01   -0.17976E-04   -0.68866E-03    0.33794E+00    0.16077E+01    0.33915E+00    0.18406E+00    0.41496E-01    0.53022E-01   -0.16603E+00    0.14222E+00   -0.22486E+00   -0.26632E+00   -0.74974E-01   -0.13188E-01   -0.26495E+00    0.20717E+00   -0.18113E-01    0.18138E-01    0.21359E+00    0.33854E-02   -0.14942E+00   -0.33746E+00    0.14405E+00   -0.18583E-01    0.23647E+00   -0.23909E+01    0.63446E+00   -0.51636E+00   -0.15682E+01    0.18224E-01   -0.39415E-01   -0.32503E-01   -0.51115E-02    0.10824E-01   -0.18961E-01   -0.12476E-01   -0.19511E-01   -0.12350E-01   -0.40443E-01   -0.30589E-01   -0.16418E-01
    0.25920E-03    0.14969E-01   -0.13232E-02    0.24030E-02    0.19651E-01    0.10288E+01    0.27307E-01    0.40092E-01    0.39295E+02    0.28343E+02    0.10683E+03   -0.13260E+01   -0.36217E+02   -0.32866E+00   -0.33547E+00   -0.63251E-01   -0.47983E+00   -0.81774E-04    0.10392E-03    0.14201E+00    0.23663E+01    0.38169E+00    0.72083E+00   -0.24003E+00    0.16962E+00    0.68957E-01    0.17086E+00    0.17278E+00    0.22417E-01    0.85787E-01    0.35201E+00    0.92431E-01    0.35263E+00   -0.18687E+00    0.57363E+00    0.76593E-01    0.17770E+00    0.68206E-01    0.28248E+00    0.12712E+00   -0.58802E-01    0.93053E-01    0.16803E+02   -0.79108E+00    0.33411E+00    0.79429E+01   -0.60612E-01   -0.10355E+00    0.65499E-02    0.28703E-02    0.31546E-01   -0.11130E-01   -0.34975E-01   -0.11208E-01   -0.36869E-01   -0.18540E-01   -0.21392E-01   -0.65798E-01
   -0.53430E-05   -0.12210E-04    0.22635E-05   -0.26601E-03    0.18826E-02   -0.19079E-02   -0.23405E-03   -0.65869E-03    0.13155E+01    0.25222E+00   -0.13260E+01    0.64766E+00    0.12186E+01    0.52794E+00    0.41485E-02    0.10404E-02   -0.29457E-02   -0.33914E-05    0.92798E-04    0.12634E-01   -0.84000E+00    0.11952E-01   -0.33467E-01   -0.70068E-02    0.90842E-02   -0.64727E-02   -0.18877E-01   -0.12028E-02   -0.13332E-01    0.99660E-02   -0.20271E-02    0.36233E-01   -0.20577E-01    0.23246E-02   -0.29862E-01    0.21821E-02    0.13325E-01   -0.13571E-01    0.54953E-02    0.18959E-01    0.14571E-01    0.66666E-01   -0.15270E+00   -0.20378E+00   -0.37042E-02   -0.46247E-01    0.49327E-01    0.49350E-01   -0.41625E-02   -0.24109E-03   -0.13350E-02    0.14444E-03    0.49241E-03    0.32595E-04    0.53960E-03   -0.87052E-03    0.65298E-03    0.17357E-02
   -0.10190E-03   -0.15181E-02    0.11403E-03   -0.20527E-02   -0.14090E-01   -0.14774E+00   -0.58662E-02   -0.72984E-02   -0.39244E+01   -0.12395E+01   -0.36217E+02    0.12186E+01    0.21506E+02    0.19457E+01    0.20241E+00    0.47145E-01    0.28411E+00    0.18218E-04    0.75924E-04   -0.38886E+00   -0.44519E+01    0.81340E-01   -0.30310E+00    0.15651E-01   -0.47728E-01   -0.38656E-01   -0.13890E-01   -0.56966E-03   -0.16804E+00    0.11703E+00   -0.20881E+00   -0.13543E+00   -0.36714E+00   -0.23847E-01   -0.37310E+00   -0.88047E-01   -0.73808E-01   -0.12267E+00   -0.74092E-01    0.92756E-01    0.20933E+00   -0.39031E+00   -0.11319E+02   -0.46254E-01   -0.71795E+00   -0.73137E+01    0.54599E-01    0.64892E-01   -0.12622E-01   -0.50734E-03   -0.58404E-02   -0.53470E-03    0.83243E-02   -0.11663E-02    0.10147E-01   -0.14106E-03   -0.68529E-03    0.21093E-01
   -0.16605E-05   -0.34408E-03    0.46361E-04    0.87690E-04   -0.13960E-01   -0.28697E-01   -0.46792E-03   -0.61387E-03   -0.10656E+02   -0.24408E+01   -0.32866E+00    0.52794E+00    0.19457E+01    0.18912E+01    0.18832E-01    0.23779E-01    0.15182E-01   -0.15045E-04   -0.95631E-04   -0.19225E+00   -0.22876E+01    0.48441E-01   -0.24849E-02   -0.38682E-01    0.34477E-01   -0.95510E-02    0.44732E-01    0.18619E-01   -0.26474E-01   -0.26828E-01   -0.12193E-01   -0.44635E-01   -0.93914E-02   -0.33788E-01   -0.99020E-02   -0.10749E-01    0.88044E-02   -0.61581E-02   -0.38252E-02   -0.34499E-02    0.10148E-01   -0.88837E-01   -0.66676E+00   -0.69284E+00   -0.84227E-01   -0.10334E+01    0.40445E-01    0.66879E-01   -0.14325E-02   -0.53985E-04   -0.37630E-02    0.82341E-03   -0.23311E-02    0.41431E-03   -0.19240E-02    0.37934E-02    0.96655E-03   -0.12532E-02
   -0.55704E-06    0.21202E-04   -0.24284E-05   -0.43776E-04    0.56845E-04    0.85129E-03   -0.81960E-05   -0.35878E-04   -0.70329E-01    0.31716E-01   -0.33547E+00    0.41485E-02    0.20241E+00    0.18832E-01    0.39888E-02    0.71243E-04    0.28550E-02    0.48081E-07   -0.16067E-05   -0.11241E-02   -0.19794E-01    0.90519E-03    0.34588E-03    0.10543E-02    0.15632E-02   -0.60180E-03    0.69933E-03   -0.41337E-02    0.97330E-03   -0.28444E-02    0.59802E-03   -0.14628E-02    0.15430E-02   -0.80815E-03   -0.61012E-03    0.14125E-02    0.88245E-04   -0.72129E-03   -0.39060E-02   -0.43438E-02   -0.20165E-02   -0.13121E-02   -0.14010E+00   -0.86848E-02   -0.36538E-02   -0.93670E-01    0.51664E-03    0.16318E-02    0.32345E-03   -0.44121E-04    0.19016E-04   -0.30687E-04   -0.15675E-04   -0.41092E-04    0.20048E-04    0.15158E-04   -0.49794E-04    0.14813E-03
   -0.16928E-06    0.93054E-05   -0.88197E-06   -0.17288E-04   -0.14487E-04    0.57262E-03   -0.25074E-05   -0.18990E-04   -0.26966E-01    0.50658E-01   -0.63251E-01    0.10404E-02    0.47145E-01    0.23779E-01    0.71243E-04    0.36974E-02   -0.22326E-03   -0.28575E-06    0.53036E-05   -0.42426E-03   -0.17204E-01   -0.17643E-03    0.17557E-04    0.10305E-02   -0.12133E-02   -0.19200E-03   -0.36100E-02   -0.10548E-02   -0.38919E-03    0.49718E-03   -0.10929E-02    0.18858E-02   -0.15252E-02    0.11623E-02    0.51310E-03    0.28798E-04   -0.14756E-02   -0.81284E-03   -0.35848E-03    0.12713E-02    0.33633E-03    0.51369E-02   -0.82104E-02   -0.13608E-01    0.27531E-02    0.42231E-02    0.37980E-03    0.18780E-02   -0.46633E-03    0.37157E-04   -0.31719E-03   -0.12681E-04    0.34675E-04   -0.19216E-04    0.38672E-04    0.31252E-04   -0.92880E-05    0.10124E-03
   -0.14032E-05   -0.28245E-04    0.26155E-05   -0.17195E-04   -0.38101E-03   -0.26142E-02   -0.84352E-04   -0.87468E-04   -0.16057E+00   -0.58004E-01   -0.47983E+00   -0.29457E-02    0.28411E+00    0.15182E-01    0.28550E-02   -0.22326E-03    0.52056E-02    0.27260E-06   -0.85754E-05   -0.63484E-02   -0.38814E-01    0.35542E-02   -0.65562E-02   -0.10520E-02   -0.18162E-02   -0.60942E-04    0.26532E-02    0.37362E-02   -0.48987E-02    0.59098E-02   -0.56370E-02   -0.70352E-02   -0.10176E-01   -0.65059E-03   -0.80988E-02   -0.38939E-02   -0.26099E-02   -0.17759E-02    0.26206E-02    0.58588E-02    0.81990E-02   -0.97023E-02   -0.18267E+00    0.37134E-02   -0.11221E-01   -0.13230E+00   -0.72501E-03   -0.45018E-03    0.22099E-03    0.22446E-04    0.72675E-04    0.19712E-05    0.67327E-04   -0.53528E-05    0.96731E-04    0.59710E-04   -0.21379E-04    0.20146E-03
   -0.49385E-09   -0.11615E-06    0.85880E-08   -0.25633E-07   -0.10311E-05   -0.46912E-05   -0.14151E-06   -0.25897E-06    0.14959E-02   -0.17976E-04   -0.81774E-04   -0.33914E-05    0.18218E-04   -0.15045E-04    0.48081E-07   -0.28575E-06    0.27260E-06    0.15713E-06    0.11436E-07   -0.12840E-06    0.73779E-05   -0.29021E-04   -0.16402E-04   -0.53670E-05   -0.15385E-05   -0.39557E-05    0.10853E-04   -0.45760E-05    0.67548E-05    0.15407E-04   -0.77819E-05    0.11441E-05    0.33621E-05    0.27490E-05    0.12688E-05    0.37142E-05    0.51837E-05    0.12421E-04   -0.87526E-05    0.52467E-05    0.12540E-04    0.29457E-05    0.43188E-05    0.38577E-05   -0.16113E-06    0.29307E-04   -0.30744E-06   -0.90166E-06   -0.87244E-07    0.62966E-06    0.39783E-06    0.19864E-07    0.75975E-07    0.85363E-07    0.69196E-07   -0.19903E-07   -0.25276E-07    0.61758E-07
    0.63536E-08    0.96545E-07   -0.10321E-07    0.83848E-07   -0.29158E-05    0.10342E-04    0.71118E-06    0.66469E-06   -0.22007E-02   -0.68866E-03    0.10392E-03    0.92798E-04    0.75924E-04   -0.95631E-04   -0.16067E-05    0.53036E-05   -0.85754E-05    0.11436E-07    0.11418E-05    0.20111E-04    0.42247E-04    0.80322E-04    0.27172E-04    0.76563E-05   -0.13036E-04    0.74623E-06    0.41199E-03    0.31013E-04    0.14114E-04    0.54391E-05    0.64375E-04   -0.35302E-03    0.32571E-04   -0.58847E-04    0.45058E-04   -0.15749E-04    0.70932E-04    0.71061E-04   -0.32865E-04   -0.91688E-04    0.30074E-04    0.58184E-04    0.23386E-03    0.66985E-04    0.27482E-04    0.27999E-03    0.66521E-05    0.37275E-05   -0.31681E-05   -0.34554E-05   -0.39758E-05    0.22185E-06    0.98477E-06    0.27372E-06    0.85607E-06   -0.73971E-06    0.28679E-06    0.13508E-05
    0.12153E-05    0.10598E-03   -0.10721E-04   -0.72357E-04    0.39990E-02    0.89925E-02    0.18697E-03    0.61104E-04    0.13249E+01    0.33794E+00    0.14201E+00    0.12634E-01   -0.38886E+00   -0.19225E+00   -0.11241E-02   -0.42426E-03   -0.63484E-02   -0.12840E-06    0.20111E-04    0.71567E-01    0.39458E+00   -0.16793E-02    0.33036E-02    0.53038E-02   -0.27752E-02    0.32838E-02   -0.13849E-01   -0.29399E-02    0.73732E-02    0.27269E-02    0.57852E-03    0.15156E-01    0.64762E-03    0.93328E-02    0.24837E-02    0.39352E-02   -0.23420E-02    0.33955E-02    0.27845E-02    0.23161E-02   -0.16782E-02    0.69088E-01    0.13509E+00   -0.78066E-02    0.60332E-01    0.20566E+00    0.60061E-02    0.10519E-01    0.11640E-02   -0.19923E-03    0.16597E-04   -0.19434E-04    0.13653E-03   -0.38093E-05    0.12673E-03   -0.43683E-03    0.11187E-03    0.41123E-03
    0.15319E-04    0.92251E-03   -0.10091E-03   -0.59399E-03    0.46693E-01    0.84572E-01    0.22201E-02    0.65291E-03    0.85677E+01    0.16077E+01    0.23663E+01   -0.84000E+00   -0.44519E+01   -0.22876E+01   -0.19794E-01   -0.17204E-01   -0.38814E-01    0.73779E-05    0.42247E-04    0.39458E+00    0.45649E+01   -0.28119E-01    0.53175E-01    0.69228E-01   -0.53003E-01    0.26348E-01   -0.61348E-01   -0.31747E-01    0.56561E-01    0.35382E-01    0.39473E-01    0.51921E-01    0.42136E-01    0.65251E-01    0.39117E-01    0.29728E-01   -0.19538E-01    0.10733E-01    0.17976E-01   -0.15450E-01   -0.24880E-02    0.12134E+00    0.11943E+01    0.17909E+00    0.23035E+00    0.16737E+01   -0.37729E-01   -0.18266E-01    0.16762E-01   -0.59254E-02   -0.26578E-02   -0.10329E-03    0.15380E-02    0.45006E-03    0.14429E-02   -0.12474E-02    0.35034E-03    0.15310E-02
    0.86201E-06    0.54459E-03   -0.57415E-04   -0.26399E-03   -0.73188E-03    0.29449E-01    0.53438E-03    0.12440E-02    0.16855E+02    0.33915E+00    0.38169E+00    0.11952E-01    0.81340E-01    0.48441E-01    0.90519E-03   -0.17643E-03    0.35542E-02   -0.29021E-04    0.80322E-04   -0.16793E-02   -0.28119E-01    0.67563E+00   -0.14631E+00   -0.26564E-01    0.23900E-01    0.14593E-01    0.21836E+00   -0.36193E-01   -0.52723E-01   -0.22723E-01   -0.43063E-01    0.34970E-01    0.37738E-01   -0.30620E-01   -0.39445E-01   -0.10848E+00    0.19566E+00    0.33947E-01   -0.42264E-02    0.42295E-01    0.66903E-01   -0.12676E-01   -0.16097E+00   -0.14779E-01   -0.19917E-01   -0.19077E+00    0.52112E-03    0.28564E-02    0.34483E-03    0.22655E-02   -0.85303E-03   -0.13743E-03   -0.53613E-03   -0.24284E-03   -0.49105E-03   -0.38746E-03   -0.54192E-03   -0.52445E-03
    0.10771E-04    0.17036E-03    0.41545E-05    0.41835E-03   -0.40870E-02    0.18276E-01    0.61360E-03    0.13159E-02   -0.64502E+01    0.18406E+00    0.72083E+00   -0.33467E-01   -0.30310E+00   -0.24849E-02    0.34588E-03    0.17557E-04   -0.65562E-02   -0.16402E-04    0.27172E-04    0.33036E-02    0.53175E-01   -0.14631E+00    0.90821E+00   -0.24362E-02    0.31057E-02    0.15885E-01   -0.16259E+00    0.18739E+00    0.57192E-01   -0.93809E-02    0.42796E-01   -0.11484E+00    0.31078E-01    0.21306E-01    0.22197E-01    0.16108E+00   -0.22839E+00    0.34765E-01    0.11625E+00    0.12780E-01   -0.19817E+00   -0.98158E-02    0.10515E+00   -0.17210E-01    0.16349E-02    0.52333E-01   -0.25553E-02   -0.17851E-02    0.47260E-03   -0.16279E-02   -0.29142E-02   -0.21431E-03   -0.27906E-03   -0.31405E-03   -0.49204E-03   -0.19911E-03   -0.30765E-03   -0.52514E-03
   -0.50941E-05   -0.99001E-04    0.60902E-05    0.85258E-04    0.10748E-02   -0.45952E-02   -0.19320E-03   -0.12595E-03   -0.20722E+00    0.41496E-01   -0.24003E+00   -0.70068E-02    0.15651E-01   -0.38682E-01    0.10543E-02    0.10305E-02   -0.10520E-02   -0.53670E-05    0.76563E-05    0.53038E-02    0.69228E-01   -0.26564E-01   -0.24362E-02    0.10144E+01   -0.11818E-01    0.38341E-02   -0.49319E-01   -0.48550E-01    0.17237E+00   -0.86981E-02    0.82137E-01   -0.31812E-01    0.29734E-01   -0.16723E-01   -0.30861E-01    0.11627E+00   -0.70344E-01    0.14123E-01    0.32019E-02   -0.19845E+00    0.97711E-01    0.20649E-01   -0.54146E-01   -0.63486E-03    0.11848E-01    0.10090E+00    0.64205E-03    0.14407E-03   -0.36584E-03   -0.14804E-02    0.34178E-04    0.53753E-04   -0.25745E-04   -0.68208E-04    0.32700E-04   -0.59157E-03   -0.45127E-04    0.13687E-03
   -0.13873E-05    0.40109E-05   -0.18462E-05    0.62121E-04    0.36208E-02   -0.11651E-02   -0.15196E-03    0.18484E-03   -0.55150E+00    0.53022E-01    0.16962E+00    0.90842E-02   -0.47728E-01    0.34477E-01    0.15632E-02   -0.12133E-02   -0.18162E-02   -0.15385E-05   -0.13036E-04   -0.27752E-02   -0.53003E-01    0.23900E-01    0.31057E-02   -0.11818E-01    0.10064E+01   -0.52414E-02    0.75651E-01   -0.11064E+00    0.67769E-01   -0.80690E-01    0.62363E-01    0.84116E-01    0.12564E+00    0.50513E-01    0.12801E+00   -0.11140E+00    0.11501E+00    0.36452E-01   -0.20812E-01   -0.11463E+00    0.65654E-01    0.19495E-02    0.22752E-01    0.25084E-02    0.11840E-02    0.59240E-01   -0.35578E-03   -0.10266E-03   -0.22837E-04   -0.42123E-02    0.20839E-02    0.10889E-04   -0.27750E-03   -0.72620E-05   -0.16603E-03   -0.51687E-04    0.97325E-04   -0.63390E-04
    0.50016E-06   -0.59304E-04    0.12519E-04    0.25055E-03    0.66301E-03   -0.31755E-02   -0.27434E-04    0.30335E-03   -0.53394E+00   -0.16603E+00    0.68957E-01   -0.64727E-02   -0.38656E-01   -0.95510E-02   -0.60180E-03   -0.19200E-03   -0.60942E-04   -0.39557E-05    0.74623E-06    0.32838E-02    0.26348E-01    0.14593E-01    0.15885E-01    0.38341E-02   -0.52414E-02    0.97104E+00    0.27855E-01    0.33245E-01   -0.63359E-01    0.41211E-01    0.92684E-01    0.66234E-01   -0.63822E-01   -0.79524E-01    0.40895E-01    0.31003E-01    0.98220E-01   -0.10243E+00    0.79646E-01   -0.12787E-01    0.62198E-02   -0.29640E-03    0.28258E-01   -0.54793E-02    0.43834E-02   -0.66921E-01    0.61063E-03    0.67407E-03    0.11519E-03    0.28919E-03   -0.29921E-02    0.12266E-03   -0.10170E-04   -0.70360E-04    0.27594E-04    0.26915E-03    0.15024E-03   -0.21162E-03
    0.96276E-06    0.90476E-04   -0.16105E-04    0.37882E-04   -0.35704E-02    0.46645E-02    0.49884E-03    0.64492E-03   -0.16523E+01    0.14222E+00    0.17086E+00   -0.18877E-01   -0.13890E-01    0.44732E-01    0.69933E-03   -0.36100E-02    0.26532E-02    0.10853E-04    0.41199E-03   -0.13849E-01   -0.61348E-01    0.21836E+00   -0.16259E+00   -0.49319E-01    0.75651E-01    0.27855E-01    0.79937E+00   -0.38474E-01   -0.88099E-02   -0.60338E-02   -0.11277E-01    0.75432E-01    0.10517E+00   -0.84146E-01    0.30203E-01   -0.87657E-01    0.64188E+00    0.22337E+00   -0.53615E-01   -0.34020E-01    0.10424E+00   -0.56165E-02    0.71538E-02    0.19535E-01   -0.15190E-02   -0.54045E-01   -0.18634E-02   -0.28187E-02    0.51012E-03   -0.14415E-03   -0.27158E-02    0.32958E-03   -0.21696E-04    0.28697E-03   -0.65716E-04    0.41299E-03    0.26187E-03   -0.20678E-03
    0.11409E-04   -0.49574E-04    0.17602E-04    0.49685E-03   -0.69565E-02    0.30068E-02    0.38810E-03    0.10399E-02   -0.38903E+01   -0.22486E+00    0.17278E+00   -0.12028E-02   -0.56966E-03    0.18619E-01   -0.41337E-02   -0.10548E-02    0.37362E-02   -0.45760E-05    0.31013E-04   -0.29399E-02   -0.31747E-01   -0.36193E-01    0.18739E+00   -0.48550E-01   -0.11064E+00    0.33245E-01   -0.38474E-01    0.10086E+01    0.43454E-03    0.47767E-02    0.15582E-01    0.53468E-01   -0.11654E-01   -0.59951E-01   -0.15006E-01    0.15014E+00   -0.92410E-01    0.23356E+00    0.80940E+00    0.30349E+00   -0.17346E+00   -0.10531E-01   -0.25040E-01    0.18640E-01   -0.46428E-02   -0.86604E-01   -0.90558E-03   -0.18074E-02    0.71357E-04    0.25678E-02    0.27556E-02    0.21388E-03   -0.64093E-04    0.67439E-04   -0.79807E-04    0.18660E-03   -0.11309E-03    0.11573E-03
    0.10703E-05   -0.99836E-04   -0.75750E-06   -0.89776E-04   -0.20754E-03   -0.35647E-02    0.50214E-05   -0.44967E-03   -0.15118E+01   -0.26632E+00    0.22417E-01   -0.13332E-01   -0.16804E+00   -0.26474E-01    0.97330E-03   -0.38919E-03   -0.48987E-02    0.67548E-05    0.14114E-04    0.73732E-02    0.56561E-01   -0.52723E-01    0.57192E-01    0.17237E+00    0.67769E-01   -0.63359E-01   -0.88099E-02    0.43454E-03    0.99664E+00   -0.85762E-02   -0.16062E-01    0.61127E-01   -0.37416E-01    0.13548E+00    0.16023E+00   -0.13826E+00   -0.21371E+00    0.64113E+00    0.12584E+00   -0.61287E+00    0.17644E+00    0.15303E-01    0.10873E+00    0.30083E-01    0.18031E-01    0.41678E-01   -0.59797E-03   -0.17194E-04    0.40357E-03   -0.26961E-02    0.12409E-02   -0.15745E-04   -0.12651E-04    0.21333E-03    0.12698E-03    0.40923E-04    0.17636E-03   -0.12571E-03
   -0.41931E-05   -0.10121E-04    0.61141E-05    0.29396E-06    0.59200E-03   -0.25568E-02   -0.13509E-03   -0.28995E-04   -0.29311E+00   -0.74974E-01    0.85787E-01    0.99660E-02    0.11703E+00   -0.26828E-01   -0.28444E-02    0.49718E-03    0.59098E-02    0.15407E-04    0.54391E-05    0.27269E-02    0.35382E-01   -0.22723E-01   -0.93809E-02   -0.86981E-02   -0.80690E-01    0.41211E-01   -0.60338E-02    0.47767E-02   -0.85762E-02    0.10110E+01    0.60563E-02   -0.16448E-01   -0.95495E-01   -0.16560E+00   -0.24567E-01   -0.91993E-01   -0.64480E-01    0.70127E-01   -0.43962E-01    0.29878E+00    0.66881E+00   -0.63103E-02   -0.10696E+00   -0.32444E-02   -0.14070E-01   -0.57475E-01    0.89374E-03    0.71464E-03   -0.23312E-03    0.27685E-02    0.10832E-03    0.36157E-04    0.15298E-03    0.58071E-05    0.16712E-03   -0.26803E-03    0.41154E-04    0.30660E-04
   -0.80128E-05    0.72167E-04   -0.15220E-04   -0.27942E-03    0.61747E-02    0.21081E-02   -0.18158E-03   -0.40253E-03   -0.14829E+01   -0.13188E-01    0.35201E+00   -0.20271E-02   -0.20881E+00   -0.12193E-01    0.59802E-03   -0.10929E-02   -0.56370E-02   -0.77819E-05    0.64375E-04    0.57852E-03    0.39473E-01   -0.43063E-01    0.42796E-01    0.82137E-01    0.62363E-01    0.92684E-01   -0.11277E-01    0.15582E-01   -0.16062E-01    0.60563E-02    0.10229E+01   -0.74416E-01    0.90763E-01    0.33427E-01    0.14772E+00    0.23358E-01    0.11444E+00   -0.58380E+00    0.41866E+00   -0.33569E+00    0.23181E+00    0.39294E-04    0.13921E+00   -0.21178E-01   -0.19087E-02    0.83942E-01    0.11370E-02   -0.12880E-02    0.47568E-04    0.19394E-02    0.32229E-03   -0.55148E-04   -0.20108E-03   -0.44787E-04   -0.93975E-04   -0.68453E-04   -0.18315E-03   -0.13075E-03
    0.24446E-05    0.53311E-04   -0.10823E-04    0.34761E-03    0.19534E-02    0.43619E-02    0.22106E-03    0.80542E-03    0.53042E+00   -0.26495E+00    0.92431E-01    0.36233E-01   -0.13543E+00   -0.44635E-01   -0.14628E-02    0.18858E-02   -0.70352E-02    0.11441E-05   -0.35302E-03    0.15156E-01    0.51921E-01    0.34970E-01   -0.11484E+00   -0.31812E-01    0.84116E-01    0.66234E-01    0.75432E-01    0.53468E-01    0.61127E-01   -0.16448E-01   -0.74416E-01    0.84853E+00    0.30494E-02   -0.42557E-01    0.64295E-02   -0.15541E-01    0.59044E+00    0.18225E+00    0.98575E-01    0.65379E-01   -0.90315E-01    0.19760E-01    0.21630E+00    0.29710E-01    0.18910E-01    0.29545E+00    0.21315E-02    0.14847E-02   -0.10131E-02    0.22147E-02    0.53132E-03    0.72562E-04    0.35488E-03   -0.10917E-05    0.39455E-03    0.25922E-03    0.29275E-03    0.50688E-03
   -0.83271E-08    0.31235E-04   -0.88937E-05    0.46543E-04    0.33991E-02    0.62484E-02    0.23566E-03    0.20565E-03    0.57677E+00    0.20717E+00    0.35263E+00   -0.20577E-01   -0.36714E+00   -0.93914E-02    0.15430E-02   -0.15252E-02   -0.10176E-01    0.33621E-05    0.32571E-04    0.64762E-03    0.42136E-01    0.37738E-01    0.31078E-01    0.29734E-01    0.12564E+00   -0.63822E-01    0.10517E+00   -0.11654E-01   -0.37416E-01   -0.95495E-01    0.90763E-01    0.30494E-02    0.95647E+00    0.99371E-02    0.15681E-02   -0.97239E-02    0.88988E-01    0.14379E+00   -0.52348E-02    0.12055E+00    0.15747E+00    0.18079E-02    0.26448E+00    0.10866E-01    0.67192E-02    0.26406E+00   -0.25213E-02   -0.35578E-02    0.18620E-03    0.16137E-02    0.64753E-03   -0.54676E-04   -0.17018E-03   -0.39844E-05   -0.81968E-04   -0.18000E-03   -0.10344E-03   -0.95004E-04
    0.68325E-05   -0.39469E-04    0.18300E-04   -0.12892E-03    0.21645E-02   -0.89937E-03   -0.66494E-04   -0.37148E-03   -0.22878E+00   -0.18113E-01   -0.18687E+00    0.23246E-02   -0.23847E-01   -0.33788E-01   -0.80815E-03    0.11623E-02   -0.65059E-03    0.27490E-05   -0.58847E-04    0.93328E-02    0.65251E-01   -0.30620E-01    0.21306E-01   -0.16723E-01    0.50513E-01   -0.79524E-01   -0.84146E-01   -0.59951E-01    0.13548E+00   -0.16560E+00    0.33427E-01   -0.42557E-01    0.99371E-02    0.98560E+00    0.87177E-02    0.97708E-02   -0.12773E+00    0.42586E-01    0.15104E+00    0.17119E-01   -0.72635E-01    0.17790E-01   -0.18393E-01    0.59617E-02    0.92197E-02   -0.78550E-02    0.72931E-04    0.86981E-03   -0.28085E-04   -0.98761E-03    0.15984E-02   -0.82271E-05    0.23610E-03    0.77688E-04    0.19117E-03    0.21276E-03    0.15373E-03    0.11879E-03
   -0.33832E-05    0.11563E-04    0.11824E-04   -0.36016E-03   -0.15921E-02   -0.97687E-03   -0.17407E-03   -0.67948E-03   -0.14066E+01    0.18138E-01    0.57363E+00   -0.29862E-01   -0.37310E+00   -0.99020E-02   -0.61012E-03    0.51310E-03   -0.80988E-02    0.12688E-05    0.45058E-04    0.24837E-02    0.39117E-01   -0.39445E-01    0.22197E-01   -0.30861E-01    0.12801E+00    0.40895E-01    0.30203E-01   -0.15006E-01    0.16023E+00   -0.24567E-01    0.14772E+00    0.64295E-02    0.15681E-02    0.87177E-02    0.96174E+00   -0.37863E-01    0.63359E-02    0.46401E-01    0.12597E+00   -0.26381E+00    0.11468E+00   -0.10640E-02    0.20016E+00    0.53016E-02    0.57057E-02    0.12143E+00   -0.17737E-02   -0.33749E-02    0.21957E-03   -0.26588E-02    0.68624E-03    0.32740E-04   -0.28233E-03   -0.66208E-05   -0.19310E-03    0.23065E-03   -0.91514E-04   -0.51143E-03
    0.30696E-05    0.54441E-04    0.31103E-05    0.14177E-04   -0.70655E-02    0.56544E-03   -0.22841E-03    0.11422E-03   -0.26076E+01    0.21359E+00    0.76593E-01    0.21821E-02   -0.88047E-01   -0.10749E-01    0.14125E-02    0.28798E-04   -0.38939E-02    0.37142E-05   -0.15749E-04    0.39352E-02    0.29728E-01   -0.10848E+00    0.16108E+00    0.11627E+00   -0.11140E+00    0.31003E-01   -0.87657E-01    0.15014E+00   -0.13826E+00   -0.91993E-01    0.23358E-01   -0.15541E-01   -0.97239E-02    0.97708E-02   -0.37863E-01    0.97904E+00   -0.60475E-01   -0.77933E-01    0.42780E-01    0.17514E+00   -0.83257E-01    0.54348E-02    0.41763E-01    0.74648E-04    0.85730E-02    0.84755E-01    0.54467E-03   -0.81697E-06    0.69320E-04    0.21951E-02   -0.14526E-02   -0.97273E-04    0.13647E-03   -0.16946E-03   -0.16434E-03   -0.12568E-03   -0.13610E-03    0.27050E-03
    0.21534E-06    0.14234E-03   -0.23594E-04    0.22696E-03    0.30395E-03    0.76270E-02    0.48999E-03    0.10290E-02   -0.21658E+00    0.33854E-02    0.17770E+00    0.13325E-01   -0.73808E-01    0.88044E-02    0.88245E-04   -0.14756E-02   -0.26099E-02    0.51837E-05    0.70932E-04   -0.23420E-02   -0.19538E-01    0.19566E+00   -0.22839E+00   -0.70344E-01    0.11501E+00    0.98220E-01    0.64188E+00   -0.92410E-01   -0.21371E+00   -0.64480E-01    0.11444E+00    0.59044E+00    0.88988E-01   -0.12773E+00    0.63359E-02   -0.60475E-01    0.96109E+00   -0.27171E-01   -0.30804E-02    0.27206E-01   -0.34942E-03    0.59734E-02    0.13792E+00    0.20985E-01    0.62300E-02    0.15814E+00    0.48655E-03   -0.11378E-02   -0.39293E-03    0.21023E-02   -0.22943E-02    0.26745E-03    0.20010E-03    0.15133E-03    0.17829E-03    0.43742E-03    0.32224E-03    0.16693E-03
    0.64812E-05   -0.82355E-04    0.77284E-05    0.17303E-03   -0.53186E-02   -0.14250E-02    0.25544E-03    0.27977E-03   -0.19722E+01   -0.14942E+00    0.68206E-01   -0.13571E-01   -0.12267E+00   -0.61581E-02   -0.72129E-03   -0.81284E-03   -0.17759E-02    0.12421E-04    0.71061E-04    0.33955E-02    0.10733E-01    0.33947E-01    0.34765E-01    0.14123E-01    0.36452E-01   -0.10243E+00    0.22337E+00    0.23356E+00    0.64113E+00    0.70127E-01   -0.58380E+00    0.18225E+00    0.14379E+00    0.42586E-01    0.46401E-01   -0.77933E-01   -0.27171E-01    0.99736E+00   -0.23536E-01    0.41039E-02   -0.58664E-02    0.77893E-02    0.89851E-01    0.46471E-01    0.17012E-01    0.60412E-01   -0.20516E-02   -0.10996E-02    0.32927E-03   -0.22488E-02    0.47105E-03    0.15212E-03    0.72997E-04    0.24085E-03    0.11411E-03    0.25788E-03    0.28446E-03    0.48841E-04
    0.72867E-05    0.88222E-05    0.38350E-05    0.40611E-03   -0.20020E-02    0.55181E-02    0.37485E-03    0.96664E-03   -0.23428E+01   -0.33746E+00    0.28248E+00    0.54953E-02   -0.74092E-01   -0.38252E-02   -0.39060E-02   -0.35848E-03    0.26206E-02   -0.87526E-05   -0.32865E-04    0.27845E-02    0.17976E-01   -0.42264E-02    0.11625E+00    0.32019E-02   -0.20812E-01    0.79646E-01   -0.53615E-01    0.80940E+00    0.12584E+00   -0.43962E-01    0.41866E+00    0.98575E-01   -0.52348E-02    0.15104E+00    0.12597E+00    0.42780E-01   -0.30804E-02   -0.23536E-01    0.10429E+01    0.99491E-03    0.85619E-02   -0.11258E-02    0.16546E-01    0.12111E-01   -0.46929E-02   -0.10329E+00    0.20595E-03   -0.94611E-03   -0.93544E-04    0.33657E-02    0.38003E-02    0.19974E-03   -0.75611E-04    0.94105E-04    0.29293E-04    0.17127E-03   -0.15003E-03   -0.90677E-04
    0.33451E-05    0.15122E-04    0.15121E-04    0.15996E-03   -0.22095E-02    0.54786E-03   -0.70866E-04    0.43632E-03    0.88653E+00    0.14405E+00    0.12712E+00    0.18959E-01    0.92756E-01   -0.34499E-02   -0.43438E-02    0.12713E-02    0.58588E-02    0.52467E-05   -0.91688E-04    0.23161E-02   -0.15450E-01    0.42295E-01    0.12780E-01   -0.19845E+00   -0.11463E+00   -0.12787E-01   -0.34020E-01    0.30349E+00   -0.61287E+00    0.29878E+00   -0.33569E+00    0.65379E-01    0.12055E+00    0.17119E-01   -0.26381E+00    0.17514E+00    0.27206E-01    0.41039E-02    0.99491E-03    0.97005E+00   -0.11539E-01   -0.61727E-02   -0.87629E-01   -0.59408E-02   -0.77774E-02   -0.25809E-01    0.49911E-03    0.12061E-02   -0.54432E-03    0.36848E-02    0.14491E-02    0.56896E-04    0.16724E-03   -0.12303E-03    0.51721E-05   -0.74216E-04   -0.78007E-04    0.33123E-03
   -0.13095E-04   -0.62459E-04    0.16676E-05   -0.40439E-03    0.27878E-02   -0.91106E-02   -0.48313E-03   -0.95680E-03    0.19641E+01   -0.18583E-01   -0.58802E-01    0.14571E-01    0.20933E+00    0.10148E-01   -0.20165E-02    0.33633E-03    0.81990E-02    0.12540E-04    0.30074E-04   -0.16782E-02   -0.24880E-02    0.66903E-01   -0.19817E+00    0.97711E-01    0.65654E-01    0.62198E-02    0.10424E+00   -0.17346E+00    0.17644E+00    0.66881E+00    0.23181E+00   -0.90315E-01    0.15747E+00   -0.72635E-01    0.11468E+00   -0.83257E-01   -0.34942E-03   -0.58664E-02    0.85619E-02   -0.11539E-01    0.97583E+00   -0.40564E-02   -0.17869E+00   -0.17368E-01   -0.21403E-01   -0.13824E+00    0.16482E-02    0.18407E-02   -0.38699E-04    0.19013E-02    0.39628E-02    0.30739E-04    0.12523E-03    0.12886E-03    0.21897E-03   -0.78789E-04   -0.28907E-05   -0.11575E-03
    0.36989E-05   -0.19504E-03    0.23131E-04    0.75026E-04   -0.36717E-02   -0.90521E-02   -0.10879E-03   -0.32752E-03    0.14464E+00    0.23647E+00    0.93053E-01    0.66666E-01   -0.39031E+00   -0.88837E-01   -0.13121E-02    0.51369E-02   -0.97023E-02    0.29457E-05    0.58184E-04    0.69088E-01    0.12134E+00   -0.12676E-01   -0.98158E-02    0.20649E-01    0.19495E-02   -0.29640E-03   -0.56165E-02   -0.10531E-01    0.15303E-01   -0.63103E-02    0.39294E-04    0.19760E-01    0.18079E-02    0.17790E-01   -0.10640E-02    0.54348E-02    0.59734E-02    0.77893E-02   -0.11258E-02   -0.61727E-02   -0.40564E-02    0.34728E+00    0.18298E+00    0.24175E-01    0.16462E+00    0.54781E+00    0.13857E-01    0.17824E-01   -0.42103E-02   -0.38387E-02   -0.35971E-02    0.70065E-03   -0.14174E-03    0.78876E-03   -0.57315E-05   -0.35130E-03    0.31552E-03    0.14750E-02
    0.52743E-04   -0.12303E-02    0.10250E-03    0.21747E-02   -0.24140E-03   -0.52434E-01   -0.55638E-04    0.11161E-02   -0.86959E+00   -0.23909E+01    0.16803E+02   -0.15270E+00   -0.11319E+02   -0.66676E+00   -0.14010E+00   -0.82104E-02   -0.18267E+00    0.43188E-05    0.23386E-03    0.13509E+00    0.11943E+01   -0.16097E+00    0.10515E+00   -0.54146E-01    0.22752E-01    0.28258E-01    0.71538E-02   -0.25040E-01    0.10873E+00   -0.10696E+00    0.13921E+00    0.21630E+00    0.26448E+00   -0.18393E-01    0.20016E+00    0.41763E-01    0.13792E+00    0.89851E-01    0.16546E-01   -0.87629E-01   -0.17869E+00    0.18298E+00    0.15649E+02    0.13347E+00    0.39398E+00    0.54286E+01   -0.34638E-02   -0.36874E-01   -0.93541E-02    0.17204E-01    0.15230E-01    0.26363E-02    0.21317E-01    0.27635E-02    0.13987E-01    0.17016E-02    0.39309E-02   -0.69953E-02
   -0.60374E-05   -0.45324E-03    0.28610E-04    0.20514E-03   -0.70171E-02   -0.32118E-01   -0.97642E-03   -0.54933E-03    0.45972E+01    0.63446E+00   -0.79108E+00   -0.20378E+00   -0.46254E-01   -0.69284E+00   -0.86848E-02   -0.13608E-01    0.37134E-02    0.38577E-05    0.66985E-04   -0.78066E-02    0.17909E+00   -0.14779E-01   -0.17210E-01   -0.63486E-03    0.25084E-02   -0.54793E-02    0.19535E-01    0.18640E-01    0.30083E-01   -0.32444E-02   -0.21178E-01    0.29710E-01    0.10866E-01    0.59617E-02    0.53016E-02    0.74648E-04    0.20985E-01    0.46471E-01    0.12111E-01   -0.59408E-02   -0.17368E-01    0.24175E-01    0.13347E+00    0.21384E+01   -0.10870E-01    0.32561E+00   -0.91375E-01   -0.10734E+00   -0.48678E-02    0.23408E-02    0.21173E-02   -0.28220E-03    0.11589E-02   -0.12969E-03    0.11084E-02    0.85783E-03    0.20970E-03    0.92896E-03
    0.15245E-05   -0.40027E-03    0.43280E-04    0.96632E-04   -0.46932E-02   -0.24787E-01   -0.59986E-03   -0.79906E-03   -0.10564E+01   -0.51636E+00    0.33411E+00   -0.37042E-02   -0.71795E+00   -0.84227E-01   -0.36538E-02    0.27531E-02   -0.11221E-01   -0.16113E-06    0.27482E-04    0.60332E-01    0.23035E+00   -0.19917E-01    0.16349E-02    0.11848E-01    0.11840E-02    0.43834E-02   -0.15190E-02   -0.46428E-02    0.18031E-01   -0.14070E-01   -0.19087E-02    0.18910E-01    0.67192E-02    0.92197E-02    0.57057E-02    0.85730E-02    0.62300E-02    0.17012E-01   -0.46929E-02   -0.77774E-02   -0.21403E-01    0.16462E+00    0.39398E+00   -0.10870E-01    0.25324E+00    0.40481E+00    0.88495E-02    0.16991E-01    0.10326E-03    0.11006E-02    0.14041E-02    0.35682E-03   -0.93385E-04    0.34010E-03   -0.74090E-04    0.67360E-03    0.56952E-03    0.26477E-03
