# omegabh2 omegach2 theta tau omegak ns logA aps100 aps143 aps217 acib143 acib217 asz143 psr cibr cal0 cal2 xi aksz bm_1_1 a_ps_act_148 a_ps_act_217 a_ps_spt_95 a_ps_spt_150 a_ps_spt_220 r_ps_spt_95x150 r_ps_spt_95x220 r_ps_150x220 act_dust_s act_dust_e cal_acts_148 cal_acts_217 cal_acte_148 cal_acte_217 cal_spt_95 cal_spt_150 cal_spt_220
    0.83714E-07   -0.49791E-06    0.97050E-07    0.13106E-05   -0.52375E-06    0.13200E-05    0.16109E-05   -0.96054E-03   -0.96974E-03   -0.67304E-03    0.17232E-05   -0.24940E-04    0.45261E-05   -0.25876E-06   -0.10791E-06    0.37423E-09    0.40441E-08    0.18039E-06   -0.10819E-04   -0.21715E-04    0.25180E-04    0.15521E-03    0.96964E-05    0.29292E-04    0.15570E-03    0.29152E-06    0.44887E-06    0.21151E-07    0.22254E-06    0.13100E-06    0.91951E-06    0.61629E-06    0.96204E-06    0.60109E-06    0.10452E-05    0.99289E-06    0.67549E-06
   -0.49791E-06    0.76534E-05   -0.86865E-06   -0.12808E-04    0.71966E-05   -0.17416E-04   -0.77376E-05    0.50226E-02    0.51877E-02    0.36854E-02   -0.25518E-04    0.85768E-04   -0.23646E-04    0.81130E-06   -0.19692E-06   -0.12753E-07   -0.54652E-08   -0.25241E-05    0.37782E-04    0.14855E-03   -0.13161E-03   -0.80297E-03   -0.49739E-04   -0.15247E-03   -0.77632E-03   -0.36818E-05   -0.49056E-05   -0.21887E-06   -0.17201E-05    0.29647E-06   -0.51144E-05   -0.32881E-05   -0.51311E-05   -0.33629E-05   -0.46241E-05   -0.55725E-05   -0.41791E-05
    0.97050E-07   -0.86865E-06    0.42888E-06    0.18477E-05   -0.10413E-05    0.25006E-05    0.20578E-05   -0.31170E-03   -0.76766E-03   -0.55146E-03    0.45016E-05   -0.23651E-04    0.24031E-05   -0.25910E-07   -0.52335E-06    0.26458E-08   -0.33473E-08    0.64623E-06   -0.88308E-05   -0.56587E-05    0.14650E-04    0.10244E-03    0.31299E-04    0.24900E-04    0.12428E-03   -0.12647E-06   -0.56612E-08    0.28624E-06   -0.89791E-06   -0.10055E-05    0.50999E-06    0.31814E-06    0.68902E-06    0.34316E-06    0.10204E-05    0.80159E-06    0.50117E-06
    0.13106E-05   -0.12808E-04    0.18477E-05    0.21221E-03   -0.12001E-04    0.40388E-04    0.39253E-03   -0.28075E-01   -0.23238E-01   -0.16722E-01   -0.14235E-03   -0.91272E-03   -0.18600E-04   -0.65869E-05   -0.22205E-04   -0.13804E-06    0.12615E-06   -0.15364E-05   -0.27841E-03   -0.68707E-03    0.79960E-03    0.36876E-02    0.43860E-03    0.90212E-03    0.47174E-02   -0.17181E-05   -0.27605E-04    0.27733E-05    0.21894E-04   -0.33527E-04    0.19437E-04    0.13407E-04    0.21277E-04    0.15769E-04    0.25495E-04    0.23068E-04    0.14419E-04
   -0.52375E-06    0.71966E-05   -0.10413E-05   -0.12001E-04    0.11428E-04   -0.16749E-04   -0.76249E-05    0.67295E-02    0.55937E-02    0.39688E-02   -0.28632E-05    0.19330E-03   -0.20238E-04    0.66917E-06    0.56402E-06   -0.75788E-08    0.39248E-08   -0.23054E-05    0.39674E-04    0.14150E-03   -0.15493E-03   -0.97808E-03   -0.61426E-04   -0.19180E-03   -0.71526E-03   -0.37730E-05   -0.54558E-05   -0.85965E-06   -0.40163E-05   -0.37536E-05   -0.54258E-05   -0.39759E-05   -0.61049E-05   -0.37945E-05   -0.51653E-05   -0.62767E-05   -0.39944E-05
    0.13200E-05   -0.17416E-04    0.25006E-05    0.40388E-04   -0.16749E-04    0.55323E-04    0.36658E-04   -0.42849E-01   -0.25704E-01   -0.16384E-01    0.12825E-03   -0.43226E-03    0.13668E-03   -0.55470E-05   -0.36655E-05   -0.42637E-07    0.21621E-06    0.41263E-05   -0.35100E-03   -0.66967E-03    0.54938E-03    0.29379E-02    0.17446E-03    0.62653E-03    0.29047E-02    0.13154E-04    0.17163E-04    0.52874E-06    0.62993E-05   -0.25840E-05    0.19552E-04    0.10941E-04    0.19339E-04    0.10980E-04    0.19528E-04    0.21180E-04    0.15421E-04
    0.16109E-05   -0.77376E-05    0.20578E-05    0.39253E-03   -0.76249E-05    0.36658E-04    0.76881E-03   -0.52027E-01   -0.37625E-01   -0.26493E-01   -0.34262E-03   -0.16648E-02   -0.91988E-04   -0.12144E-04   -0.48003E-04   -0.25803E-06    0.42046E-06   -0.10455E-04   -0.52498E-03   -0.67601E-03    0.13247E-02    0.57837E-02    0.83686E-03    0.15007E-02    0.77231E-02   -0.11741E-04   -0.67189E-04    0.52256E-05    0.46517E-04   -0.62265E-04    0.27781E-04    0.20336E-04    0.31610E-04    0.24577E-04    0.42019E-04    0.34403E-04    0.18443E-04
   -0.96054E-03    0.50226E-02   -0.31170E-03   -0.28075E-01    0.67295E-02   -0.42849E-01   -0.52027E-01    0.15838E+04    0.88815E+02    0.20428E+02   -0.37482E+00    0.41877E+01   -0.21746E+01    0.23784E-01   -0.19113E+00    0.13002E-02   -0.69128E-03    0.93755E-03    0.30217E+01    0.16741E+02   -0.39124E+00   -0.33693E+01    0.57853E+01   -0.79414E+00   -0.19751E+00   -0.14792E+00   -0.57177E+00   -0.25058E-01   -0.47105E-01    0.65540E-01   -0.44524E-01    0.95304E-02   -0.42804E-01    0.10257E-01   -0.72478E-01   -0.38047E-01    0.63501E-02
   -0.96974E-03    0.51877E-02   -0.76766E-03   -0.23238E-01    0.55937E-02   -0.25704E-01   -0.37625E-01    0.88815E+02    0.64631E+02    0.20834E+02   -0.13549E+00    0.40193E+00   -0.46303E+00    0.88242E-02   -0.18757E-01    0.63941E-05   -0.13427E-02    0.83101E-02    0.26849E+00    0.48753E-01   -0.21365E+00   -0.30172E+01    0.11486E+01   -0.31960E+00   -0.29937E+01   -0.27240E-01   -0.86641E-01   -0.10491E-01   -0.21078E-02    0.10548E-01   -0.27540E-01   -0.12427E-01   -0.26146E-01   -0.11914E-01   -0.32410E-01   -0.24277E-01   -0.16125E-01
   -0.67304E-03    0.36854E-02   -0.55146E-03   -0.16722E-01    0.39688E-02   -0.16384E-01   -0.26493E-01    0.20428E+02    0.20834E+02    0.36063E+02   -0.70723E+00   -0.45821E+01    0.32351E+00   -0.88947E-02   -0.21945E-02    0.23460E-04   -0.61832E-03   -0.93882E-02   -0.48536E+00    0.17811E+00    0.72279E-01   -0.32290E+01   -0.91943E+00    0.10754E+00   -0.23302E+01   -0.21496E-01    0.60456E-01    0.23609E-01   -0.15848E-01    0.15006E-01   -0.13519E-01   -0.30805E-01   -0.13762E-01   -0.28279E-01   -0.58265E-02   -0.14472E-01   -0.23517E-01
    0.17232E-05   -0.25518E-04    0.45016E-05   -0.14235E-03   -0.28632E-05    0.12825E-03   -0.34262E-03   -0.37482E+00   -0.13549E+00   -0.70723E+00    0.40271E+00    0.78880E+00    0.48006E-01   -0.29666E-03   -0.94024E-02   -0.26862E-05    0.22895E-04    0.44334E-02   -0.23799E+00    0.44541E-02   -0.12221E+00   -0.52224E-01   -0.30860E-01   -0.15162E+00   -0.14651E+00    0.25196E-01    0.19230E-01   -0.22292E-02    0.84872E-03   -0.11759E-02    0.30307E-03    0.10339E-02    0.26813E-03    0.94517E-03   -0.50649E-03    0.21074E-03    0.94827E-03
   -0.24940E-04    0.85768E-04   -0.23651E-04   -0.91272E-03    0.19330E-03   -0.43226E-03   -0.16648E-02    0.41877E+01    0.40193E+00   -0.45821E+01    0.78880E+00    0.35341E+01   -0.14055E-01    0.51216E-02    0.61434E-02   -0.10509E-04    0.47672E-03   -0.15382E-03   -0.37668E+00    0.64007E-02   -0.26898E+00   -0.76193E-01    0.23518E+00   -0.34233E+00   -0.58132E+00    0.41405E-01    0.15544E-01   -0.16914E-01    0.29323E-03   -0.92862E-02   -0.93142E-03    0.84597E-02   -0.10079E-02    0.78510E-02   -0.39903E-02   -0.41392E-03    0.56291E-02
    0.45261E-05   -0.23646E-04    0.24031E-05   -0.18600E-04   -0.20238E-04    0.13668E-03   -0.91988E-04   -0.21746E+01   -0.46303E+00    0.32351E+00    0.48006E-01   -0.14055E-01    0.57957E-01   -0.12105E-03    0.41783E-02   -0.11357E-06   -0.51316E-04   -0.10171E-02   -0.10517E+00    0.56535E-02   -0.19560E-01   -0.54078E-01   -0.13974E+00   -0.17281E-01   -0.85289E-01    0.51713E-02    0.14261E-01    0.45759E-05   -0.28752E-03    0.67642E-03    0.45746E-03   -0.75954E-03    0.45236E-03   -0.70015E-03    0.10202E-02    0.25674E-03   -0.41674E-03
   -0.25876E-06    0.81130E-06   -0.25910E-07   -0.65869E-05    0.66917E-06   -0.55470E-05   -0.12144E-04    0.23784E-01    0.88242E-02   -0.88947E-02   -0.29666E-03    0.51216E-02   -0.12105E-03    0.30506E-03   -0.13906E-05    0.10472E-06    0.37589E-06    0.15049E-04    0.11459E-03    0.59875E-04    0.38611E-03   -0.29530E-02    0.27502E-03    0.79576E-04   -0.16487E-02   -0.12239E-04   -0.48882E-05    0.45394E-05    0.70751E-05   -0.39824E-05   -0.72513E-05    0.12845E-05   -0.42955E-05    0.69203E-07   -0.55302E-05   -0.68579E-05    0.40898E-05
   -0.10791E-06   -0.19692E-06   -0.52335E-06   -0.22205E-04    0.56402E-06   -0.36655E-05   -0.48003E-04   -0.19113E+00   -0.18757E-01   -0.21945E-02   -0.94024E-02    0.61434E-02    0.41783E-02   -0.13906E-05    0.21582E-02    0.29654E-07   -0.12220E-05    0.44735E-05   -0.17618E-02    0.39049E-03    0.25854E-02   -0.27284E-02   -0.14272E-01    0.35918E-02   -0.12929E-01   -0.35374E-03    0.13594E-02   -0.28140E-03   -0.74344E-04    0.87804E-05    0.17159E-04   -0.43068E-05    0.22617E-04   -0.92953E-06    0.10876E-03    0.14116E-04   -0.78920E-05
    0.37423E-09   -0.12753E-07    0.26458E-08   -0.13804E-06   -0.75788E-08   -0.42637E-07   -0.25803E-06    0.13002E-02    0.63941E-05    0.23460E-04   -0.26862E-05   -0.10509E-04   -0.11357E-06    0.10472E-06    0.29654E-07    0.15477E-06   -0.27610E-08    0.90777E-07    0.34694E-05   -0.32367E-04   -0.33996E-05    0.10600E-05   -0.43149E-05   -0.10307E-05    0.70532E-05    0.58809E-07    0.21677E-06    0.18844E-06    0.75721E-06    0.29876E-06   -0.30111E-07   -0.15599E-07   -0.31908E-07   -0.64501E-09   -0.19366E-07   -0.16023E-07   -0.92164E-07
    0.40441E-08   -0.54652E-08   -0.33473E-08    0.12615E-06    0.39248E-08    0.21621E-06    0.42046E-06   -0.69128E-03   -0.13427E-02   -0.61832E-03    0.22895E-04    0.47672E-03   -0.51316E-04    0.37589E-06   -0.12220E-05   -0.27610E-08    0.63702E-06    0.87166E-06    0.63051E-04    0.16029E-04    0.81650E-06    0.72554E-04    0.15086E-03   -0.17175E-05    0.16165E-04   -0.12989E-05   -0.11078E-04   -0.18860E-05    0.99687E-06   -0.26237E-05   -0.11286E-06    0.20428E-05   -0.26877E-06    0.19936E-05   -0.79787E-06    0.21861E-06    0.13744E-05
    0.18039E-06   -0.25241E-05    0.64623E-06   -0.15364E-05   -0.23054E-05    0.41263E-05   -0.10455E-04    0.93755E-03    0.83101E-02   -0.93882E-02    0.44334E-02   -0.15382E-03   -0.10171E-02    0.15049E-04    0.44735E-05    0.90777E-07    0.87166E-06    0.13374E-02    0.39620E-02   -0.67717E-03    0.29237E-02   -0.23788E-02    0.78624E-03    0.14903E-02    0.22490E-02    0.50883E-03    0.87791E-03    0.49673E-04    0.90202E-04    0.39227E-04   -0.23594E-06    0.62302E-05    0.14152E-05    0.68944E-05   -0.74087E-05    0.10823E-04    0.41563E-04
   -0.10819E-04    0.37782E-04   -0.88308E-05   -0.27841E-03    0.39674E-04   -0.35100E-03   -0.52498E-03    0.30217E+01    0.26849E+00   -0.48536E+00   -0.23799E+00   -0.37668E+00   -0.10517E+00    0.11459E-03   -0.17618E-02    0.34694E-05    0.63051E-04    0.39620E-02    0.38705E+00   -0.77865E-02    0.28202E-01    0.21030E+00    0.12506E+00    0.44537E-01    0.31940E+00   -0.17741E-01   -0.25659E-01    0.26861E-02   -0.40412E-03   -0.30650E-02    0.16885E-03    0.14956E-02    0.15270E-03    0.13605E-02   -0.43488E-03    0.83636E-05    0.10295E-02
   -0.21715E-04    0.14855E-03   -0.56587E-05   -0.68707E-03    0.14150E-03   -0.66967E-03   -0.67601E-03    0.16741E+02    0.48753E-01    0.17811E+00    0.44541E-02    0.64007E-02    0.56535E-02    0.59875E-04    0.39049E-03   -0.32367E-04    0.16029E-04   -0.67717E-03   -0.77865E-02    0.58778E+00   -0.72581E-02   -0.68754E-01   -0.69901E-02   -0.12740E-01   -0.55806E-01   -0.49926E-04    0.11158E-03   -0.49058E-04   -0.48499E-03    0.32797E-02   -0.10504E-03   -0.28731E-03   -0.99314E-04   -0.22983E-03   -0.15582E-03   -0.23311E-03   -0.29584E-03
    0.25180E-04   -0.13161E-03    0.14650E-04    0.79960E-03   -0.15493E-03    0.54938E-03    0.13247E-02   -0.39124E+00   -0.21365E+00    0.72279E-01   -0.12221E+00   -0.26898E+00   -0.19560E-01    0.38611E-03    0.25854E-02   -0.33996E-05    0.81650E-06    0.29237E-02    0.28202E-01   -0.72581E-02    0.30149E+00   -0.17633E+00    0.77927E-01    0.10554E+00    0.30470E+00   -0.59649E-02   -0.77009E-02   -0.27827E-02    0.22819E-03   -0.34868E-03    0.21196E-02   -0.10871E-02    0.21067E-02   -0.79057E-03   -0.39723E-05    0.76478E-04    0.38505E-03
    0.15521E-03   -0.80297E-03    0.10244E-03    0.36876E-02   -0.97808E-03    0.29379E-02    0.57837E-02   -0.33693E+01   -0.30172E+01   -0.32290E+01   -0.52224E-01   -0.76193E-01   -0.54078E-01   -0.29530E-02   -0.27284E-02    0.10600E-05    0.72554E-04   -0.23788E-02    0.21030E+00   -0.68754E-01   -0.17633E+00    0.13153E+02    0.79554E-01    0.37265E-01    0.96145E+00   -0.72407E-02   -0.22097E-01   -0.33030E-02    0.73819E-02    0.22229E-01    0.25974E-02    0.49914E-01    0.26509E-02    0.38517E-01    0.20186E-02    0.28768E-02    0.36989E-02
    0.96964E-05   -0.49739E-04    0.31299E-04    0.43860E-03   -0.61426E-04    0.17446E-03    0.83686E-03    0.57853E+01    0.11486E+01   -0.91943E+00   -0.30860E-01    0.23518E+00   -0.13974E+00    0.27502E-03   -0.14272E-01   -0.43149E-05    0.15086E-03    0.78624E-03    0.12506E+00   -0.69901E-02    0.77927E-01    0.79554E-01    0.20597E+01    0.45521E-01    0.14821E+00   -0.82857E-01   -0.10631E+00   -0.15822E-02    0.32927E-02   -0.20831E-02   -0.12749E-02    0.15847E-02   -0.14347E-02    0.16283E-02   -0.55878E-03   -0.11859E-03    0.12943E-02
    0.29292E-04   -0.15247E-03    0.24900E-04    0.90212E-03   -0.19180E-03    0.62653E-03    0.15007E-02   -0.79414E+00   -0.31960E+00    0.10754E+00   -0.15162E+00   -0.34233E+00   -0.17281E-01    0.79576E-04    0.35918E-02   -0.10307E-05   -0.17175E-05    0.14903E-02    0.44537E-01   -0.12740E-01    0.10554E+00    0.37265E-01    0.45521E-01    0.21179E+00    0.97578E-01   -0.68635E-02   -0.41679E-02    0.21110E-03    0.12765E-04    0.11698E-02   -0.62877E-04   -0.60787E-03   -0.40604E-04   -0.55707E-03    0.50694E-03   -0.12362E-04   -0.32135E-03
    0.15570E-03   -0.77632E-03    0.12428E-03    0.47174E-02   -0.71526E-03    0.29047E-02    0.77231E-02   -0.19751E+00   -0.29937E+01   -0.23302E+01   -0.14651E+00   -0.58132E+00   -0.85289E-01   -0.16487E-02   -0.12929E-01    0.70532E-05    0.16165E-04    0.22490E-02    0.31940E+00   -0.55806E-01    0.30470E+00    0.96145E+00    0.14821E+00    0.97578E-01    0.12014E+02   -0.15190E-01   -0.61438E-01   -0.11234E-01    0.46358E-02   -0.18288E-01    0.40754E-02    0.34692E-02    0.37068E-02    0.27534E-02    0.38999E-02    0.47538E-02    0.28199E-01
    0.29152E-06   -0.36818E-05   -0.12647E-06   -0.17181E-05   -0.37730E-05    0.13154E-04   -0.11741E-04   -0.14792E+00   -0.27240E-01   -0.21496E-01    0.25196E-01    0.41405E-01    0.51713E-02   -0.12239E-04   -0.35374E-03    0.58809E-07   -0.12989E-05    0.50883E-03   -0.17741E-01   -0.49926E-04   -0.59649E-02   -0.72407E-02   -0.82857E-01   -0.68635E-02   -0.15190E-01    0.71648E-02    0.59160E-02   -0.15916E-03   -0.46660E-04    0.31358E-04    0.33249E-04    0.71847E-05    0.30141E-04    0.11608E-04   -0.54801E-04   -0.71094E-05    0.42747E-05
    0.44887E-06   -0.49056E-05   -0.56612E-08   -0.27605E-04   -0.54558E-05    0.17163E-04   -0.67189E-04   -0.57177E+00   -0.86641E-01    0.60456E-01    0.19230E-01    0.15544E-01    0.14261E-01   -0.48882E-05    0.13594E-02    0.21677E-06   -0.11078E-04    0.87791E-03   -0.25659E-01    0.11158E-03   -0.77009E-02   -0.22097E-01   -0.10631E+00   -0.41679E-02   -0.61438E-01    0.59160E-02    0.12155E-01    0.12369E-03   -0.11389E-03    0.42461E-03    0.69646E-04   -0.15681E-03    0.95996E-04   -0.14724E-03    0.11611E-03    0.27915E-04   -0.26741E-03
    0.21151E-07   -0.21887E-06    0.28624E-06    0.27733E-05   -0.85965E-06    0.52874E-06    0.52256E-05   -0.25058E-01   -0.10491E-01    0.23609E-01   -0.22292E-02   -0.16914E-01    0.45759E-05    0.45394E-05   -0.28140E-03    0.18844E-06   -0.18860E-05    0.49673E-04    0.26861E-02   -0.49058E-04   -0.27827E-02   -0.33030E-02   -0.15822E-02    0.21110E-03   -0.11234E-01   -0.15916E-03    0.12369E-03    0.33244E-03    0.44642E-05    0.70509E-04   -0.31728E-05   -0.41743E-04    0.29934E-05   -0.39920E-04    0.29040E-04    0.68347E-05   -0.70786E-04
    0.22254E-06   -0.17201E-05   -0.89791E-06    0.21894E-04   -0.40163E-05    0.62993E-05    0.46517E-04   -0.47105E-01   -0.21078E-02   -0.15848E-01    0.84872E-03    0.29323E-03   -0.28752E-03    0.70751E-05   -0.74344E-04    0.75721E-06    0.99687E-06    0.90202E-04   -0.40412E-03   -0.48499E-03    0.22819E-03    0.73819E-02    0.32927E-02    0.12765E-04    0.46358E-02   -0.46660E-04   -0.11389E-03    0.44642E-05    0.35969E-01    0.11135E-03    0.28016E-03    0.11718E-03    0.21739E-05    0.14337E-04    0.26929E-04    0.28722E-04    0.45181E-04
    0.13100E-06    0.29647E-06   -0.10055E-05   -0.33527E-04   -0.37536E-05   -0.25840E-05   -0.62265E-04    0.65540E-01    0.10548E-01    0.15006E-01   -0.11759E-02   -0.92862E-02    0.67642E-03   -0.39824E-05    0.87804E-05    0.29876E-06   -0.26237E-05    0.39227E-04   -0.30650E-02    0.32797E-02   -0.34868E-03    0.22229E-01   -0.20831E-02    0.11698E-02   -0.18288E-01    0.31358E-04    0.42461E-03    0.70509E-04    0.11135E-03    0.40242E-01   -0.50372E-04    0.33952E-04    0.29946E-03    0.13379E-03   -0.49832E-04   -0.56238E-05   -0.66810E-04
    0.91951E-06   -0.51144E-05    0.50999E-06    0.19437E-04   -0.54258E-05    0.19552E-04    0.27781E-04   -0.44524E-01   -0.27540E-01   -0.13519E-01    0.30307E-03   -0.93142E-03    0.45746E-03   -0.72513E-05    0.17159E-04   -0.30111E-07   -0.11286E-06   -0.23594E-06    0.16885E-03   -0.10504E-03    0.21196E-02    0.25974E-02   -0.12749E-02   -0.62877E-04    0.40754E-02    0.33249E-04    0.69646E-04   -0.31728E-05    0.28016E-03   -0.50372E-04    0.15635E-03    0.59897E-05    0.55789E-04    0.13835E-04    0.26491E-04    0.19603E-04    0.13742E-04
    0.61629E-06   -0.32881E-05    0.31814E-06    0.13407E-04   -0.39759E-05    0.10941E-04    0.20336E-04    0.95304E-02   -0.12427E-01   -0.30805E-01    0.10339E-02    0.84597E-02   -0.75954E-03    0.12845E-05   -0.43068E-05   -0.15599E-07    0.20428E-05    0.62302E-05    0.14956E-02   -0.28731E-03   -0.10871E-02    0.49914E-01    0.15847E-02   -0.60787E-03    0.34692E-02    0.71847E-05   -0.15681E-03   -0.41743E-04    0.11718E-03    0.33952E-04    0.59897E-05    0.34834E-03    0.14533E-04    0.17460E-03   -0.19161E-05    0.13008E-04    0.33931E-04
    0.96204E-06   -0.51311E-05    0.68902E-06    0.21277E-04   -0.61049E-05    0.19339E-04    0.31610E-04   -0.42804E-01   -0.26146E-01   -0.13762E-01    0.26813E-03   -0.10079E-02    0.45236E-03   -0.42955E-05    0.22617E-04   -0.31908E-07   -0.26877E-06    0.14152E-05    0.15270E-03   -0.99314E-04    0.21067E-02    0.26509E-02   -0.14347E-02   -0.40604E-04    0.37068E-02    0.30141E-04    0.95996E-04    0.29934E-05    0.21739E-05    0.29946E-03    0.55789E-04    0.14533E-04    0.12589E-03    0.11956E-04    0.28815E-04    0.20826E-04    0.15660E-04
    0.60109E-06   -0.33629E-05    0.34316E-06    0.15769E-04   -0.37945E-05    0.10980E-04    0.24577E-04    0.10257E-01   -0.11914E-01   -0.28279E-01    0.94517E-03    0.78510E-02   -0.70015E-03    0.69203E-07   -0.92953E-06   -0.64501E-09    0.19936E-05    0.68944E-05    0.13605E-02   -0.22983E-03   -0.79057E-03    0.38517E-01    0.16283E-02   -0.55707E-03    0.27534E-02    0.11608E-04   -0.14724E-03   -0.39920E-04    0.14337E-04    0.13379E-03    0.13835E-04    0.17460E-03    0.11956E-04    0.21044E-03   -0.38004E-05    0.11684E-04    0.31933E-04
    0.10452E-05   -0.46241E-05    0.10204E-05    0.25495E-04   -0.51653E-05    0.19528E-04    0.42019E-04   -0.72478E-01   -0.32410E-01   -0.58265E-02   -0.50649E-03   -0.39903E-02    0.10202E-02   -0.55302E-05    0.10876E-03   -0.19366E-07   -0.79787E-06   -0.74087E-05   -0.43488E-03   -0.15582E-03   -0.39723E-05    0.20186E-02   -0.55878E-03    0.50694E-03    0.38999E-02   -0.54801E-04    0.11611E-03    0.29040E-04    0.26929E-04   -0.49832E-04    0.26491E-04   -0.19161E-05    0.28815E-04   -0.38004E-05    0.39790E-03    0.35513E-04    0.83349E-05
    0.99289E-06   -0.55725E-05    0.80159E-06    0.23068E-04   -0.62767E-05    0.21180E-04    0.34403E-04   -0.38047E-01   -0.24277E-01   -0.14472E-01    0.21074E-03   -0.41392E-03    0.25674E-03   -0.68579E-05    0.14116E-04   -0.16023E-07    0.21861E-06    0.10823E-04    0.83636E-05   -0.23311E-03    0.76478E-04    0.28768E-02   -0.11859E-03   -0.12362E-04    0.47538E-02   -0.71094E-05    0.27915E-04    0.68347E-05    0.28722E-04   -0.56238E-05    0.19603E-04    0.13008E-04    0.20826E-04    0.11684E-04    0.35513E-04    0.93004E-04    0.32060E-04
    0.67549E-06   -0.41791E-05    0.50117E-06    0.14419E-04   -0.39944E-05    0.15421E-04    0.18443E-04    0.63501E-02   -0.16125E-01   -0.23517E-01    0.94827E-03    0.56291E-02   -0.41674E-03    0.40898E-05   -0.78920E-05   -0.92164E-07    0.13744E-05    0.41563E-04    0.10295E-02   -0.29584E-03    0.38505E-03    0.36989E-02    0.12943E-02   -0.32135E-03    0.28199E-01    0.42747E-05   -0.26741E-03   -0.70786E-04    0.45181E-04   -0.66810E-04    0.13742E-04    0.33931E-04    0.15660E-04    0.31933E-04    0.83349E-05    0.32060E-04    0.47558E-03
