# omegabh2 omegach2 theta tau logA ns aps100 aps143 aps217 acib217 asz143 psr cibr xi aksz dust100 dust143 dust217 dust143x217 calPlanck cal0 cal2
  8.3806321E-08  -5.6636404E-07   9.6206542E-08   7.1396121E-06   1.3002307E-05   1.9242309E-06  -1.9320570E-03  -1.1875784E-03   3.4948558E-04  -5.7300160E-04   7.0507860E-05   4.5916601E-06  -1.0288685E-05   3.9120429E-06  -1.3672133E-04  -3.7597492E-07  -2.8682406E-06   2.5153357E-06  -1.7307383E-06  -3.8091980E-09   7.9682044E-09  -4.2667891E-08
 -5.6636404E-07   7.5489915E-06  -9.1172826E-07  -7.0421866E-05  -1.2221408E-04  -2.1723496E-05   1.2441386E-02   8.1863802E-03  -1.8762800E-03   3.7396121E-03  -4.1683304E-04  -2.7095632E-05   6.9576829E-05  -2.6618356E-05   8.1419339E-04   4.1756527E-06   1.8780911E-05  -1.4492094E-05   1.3112566E-05   9.4208739E-08  -7.4931296E-08   2.8809974E-07
  9.6206542E-08  -9.1172826E-07   3.0194895E-07   1.0102408E-05   1.8113348E-05   3.0209218E-06  -1.8821884E-03  -1.1442199E-03   3.2270977E-04  -5.6383083E-04   6.5319215E-05   4.4314288E-06  -1.1358478E-05   4.2117457E-06  -1.3077400E-04  -2.8381583E-08  -2.8137086E-06   2.4198718E-06  -7.3221598E-07  -3.3201288E-08   6.0094052E-09  -4.2854113E-08
  7.1396121E-06  -7.0421866E-05   1.0102408E-05   1.3651565E-03   2.5454829E-03   2.5143096E-04  -2.4416537E-01  -1.3277520E-01   5.4544306E-02  -7.1086457E-02   7.7474964E-03   5.7510134E-04  -1.2304484E-03   5.5716311E-04  -1.8631936E-02  -2.0891930E-04  -4.2583548E-04   2.4258649E-04  -3.2101082E-04  -4.5025627E-06   2.8234862E-07  -6.3393807E-06
  1.3002307E-05  -1.2221408E-04   1.8113348E-05   2.5454829E-03   4.7974081E-03   4.4708041E-04  -4.5201243E-01  -2.4368236E-01   1.1296382E-01  -1.3451576E-01   1.4553014E-02   1.1209497E-03  -2.3701653E-03   1.0791437E-03  -3.6240959E-02  -4.3267874E-04  -9.0879054E-04   4.7367035E-04  -6.2160532E-04   4.0466186E-06   1.0893543E-06  -1.2095883E-05
  1.9242309E-06  -2.1723496E-05   3.0209218E-06   2.5143096E-04   4.4708041E-04   7.7763524E-05  -6.8459562E-02  -3.5066567E-02   1.6500656E-02  -1.9283924E-02   2.0557737E-03   1.7699587E-04  -3.5482808E-04   1.5827200E-04  -5.0929591E-03   2.2289929E-06  -1.0185268E-04   7.6924499E-05  -7.0215696E-05  -3.5644553E-07  -1.7964149E-07  -1.4133932E-06
 -1.9320570E-03   1.2441386E-02  -1.8821884E-03  -2.4416537E-01  -4.5201243E-01  -6.8459562E-02   6.5713093E+02   8.5855107E+01  -6.6254942E+01   4.4154394E+01  -2.6993911E+01  -1.0185435E+00  -5.0161946E-02  -4.2013032E-01   1.4376406E+01  -1.7690595E-01   3.9580297E-01  -2.9671880E-01  -5.2254577E-02   3.3760296E-03   6.3204482E-03   3.9549843E-03
 -1.1875784E-03   8.1863802E-03  -1.1442199E-03  -1.3277520E-01  -2.4368236E-01  -3.5066567E-02   8.5855107E+01   8.0847881E+01   3.2620938E+00   1.3797718E+01  -1.4763020E+00  -1.2823024E-01   5.3787254E-01   8.3766967E-01  -5.7392310E+00  -1.6869008E-02  -1.7388465E-01   2.4524528E-02   1.2571051E-01   6.4053688E-04   7.8969938E-04   1.3979480E-03
  3.4948558E-04  -1.8762800E-03   3.2270977E-04   5.4544306E-02   1.1296382E-01   1.6500656E-02  -6.6254942E+01   3.2620938E+00   1.6997720E+02  -8.1310652E+01   3.5211731E+00   3.4299666E-01  -9.8776352E-01   3.7175098E-01  -8.4493181E+00  -2.6128543E-02  -2.6059998E-01   5.4003585E-01  -9.3683579E-02   1.7475953E-03   1.7041410E-03  -7.4998879E-03
 -5.7300160E-04   3.7396121E-03  -5.6383083E-04  -7.1086457E-02  -1.3451576E-01  -1.9283924E-02   4.4154394E+01   1.3797718E+01  -8.1310652E+01   5.2461615E+01   6.5970292E-01  -6.3151078E-02   7.0864653E-01  -2.7661351E-01  -9.1306930E-01   2.0910830E-02   1.6742392E-01  -4.4643020E-01  -4.6687459E-02   3.8808799E-04  -5.7393041E-04   3.1448031E-03
  7.0507860E-05  -4.1683304E-04   6.5319215E-05   7.7474964E-03   1.4553014E-02   2.0557737E-03  -2.6993911E+01  -1.4763020E+00   3.5211731E+00   6.5970292E-01   4.2676228E+00   1.0878189E-01   1.4753641E-01  -2.2564421E-02  -3.4061135E+00  -3.3877001E-03  -1.0716623E-02   1.5333955E-02   4.9988407E-02  -7.5387650E-06   4.7192882E-04  -2.8253763E-04
  4.5916601E-06  -2.7095632E-05   4.4314288E-06   5.7510134E-04   1.1209497E-03   1.7699587E-04  -1.0185435E+00  -1.2823024E-01   3.4299666E-01  -6.3151078E-02   1.0878189E-01   1.8220426E-02  -1.7629246E-02   1.2154587E-02  -1.1097605E-01  -1.4445057E-04  -1.3704896E-03  -2.9403364E-03   4.3479085E-03   4.1948618E-06   1.8671407E-05  -4.1599385E-05
 -1.0288685E-05   6.9576829E-05  -1.1358478E-05  -1.2304484E-03  -2.3701653E-03  -3.5482808E-04  -5.0161946E-02   5.3787254E-01  -9.8776352E-01   7.0864653E-01   1.4753641E-01  -1.7629246E-02   6.9823111E-02   4.6020888E-03  -1.2274329E-01   6.0648773E-04   7.4973920E-03   3.6848594E-04  -1.5692022E-02  -1.3398805E-05  -8.5757313E-06   9.9308618E-05
  3.9120429E-06  -2.6618356E-05   4.2117457E-06   5.5716311E-04   1.0791437E-03   1.5827200E-04  -4.2013032E-01   8.3766967E-01   3.7175098E-01  -2.7661351E-01  -2.2564421E-02   1.2154587E-02   4.6020888E-03   8.2922086E-02   1.5935574E-02  -2.5451161E-04   1.1289257E-04   1.1688664E-03   8.4893815E-04  -4.7656650E-06   1.7405971E-05  -9.3383316E-06
 -1.3672133E-04   8.1419339E-04  -1.3077400E-04  -1.8631936E-02  -3.6240959E-02  -5.0929591E-03   1.4376406E+01  -5.7392310E+00  -8.4493181E+00  -9.1306930E-01  -3.4061135E+00  -1.1097605E-01  -1.2274329E-01   1.5935574E-02   7.1469092E+00   5.2947138E-05   6.8543296E-03  -1.2425886E-02  -4.6265318E-02  -1.0050194E-05  -3.8082428E-04   1.6220733E-04
 -3.7597492E-07   4.1756527E-06  -2.8381583E-08  -2.0891930E-04  -4.3267874E-04   2.2289929E-06  -1.7690595E-01  -1.6869008E-02  -2.6128543E-02   2.0910830E-02  -3.3877001E-03  -1.4445057E-04   6.0648773E-04  -2.5451161E-04   5.2947138E-05   3.8463036E-02   3.1048719E-03  -2.0754504E-04   3.7480950E-04  -3.5981602E-06   3.4804972E-05  -2.9633561E-06
 -2.8682406E-06   1.8780911E-05  -2.8137086E-06  -4.2583548E-04  -9.0879054E-04  -1.0185268E-04   3.9580297E-01  -1.7388465E-01  -2.6059998E-01   1.6742392E-01  -1.0716623E-02  -1.3704896E-03   7.4973920E-03   1.1289257E-04   6.8543296E-03   3.1048719E-03   3.1011290E-02  -5.7462362E-04   5.6381638E-03  -3.3732934E-06  -8.0987237E-05  -4.2060817E-05
  2.5153357E-06  -1.4492094E-05   2.4198718E-06   2.4258649E-04   4.7367035E-04   7.6924499E-05  -2.9671880E-01   2.4524528E-02   5.4003585E-01  -4.4643020E-01   1.5333955E-02  -2.9403364E-03   3.6848594E-04   1.1688664E-03  -1.2425886E-02  -2.0754504E-04  -5.7462362E-04   1.0682820E-02   8.0214246E-03   5.8713957E-06   3.9122758E-06   6.3991640E-05
 -1.7307383E-06   1.3112566E-05  -7.3221598E-07  -3.2101082E-04  -6.2160532E-04  -7.0215696E-05  -5.2254577E-02   1.2571051E-01  -9.3683579E-02  -4.6687459E-02   4.9988407E-02   4.3479085E-03  -1.5692022E-02   8.4893815E-04  -4.6265318E-02   3.7480950E-04   5.6381638E-03   8.0214246E-03   2.5384887E-02   2.4071757E-07  -3.1575733E-06   6.2885823E-05
 -3.8091980E-09   9.4208739E-08  -3.3201288E-08  -4.5025627E-06   4.0466186E-06  -3.5644553E-07   3.3760296E-03   6.4053688E-04   1.7475953E-03   3.8808799E-04  -7.5387650E-06   4.1948618E-06  -1.3398805E-05  -4.7656650E-06  -1.0050194E-05  -3.5981602E-06  -3.3732934E-06   5.8713957E-06   2.4071757E-07   6.3428483E-06   3.8164652E-09  -8.1228463E-08
  7.9682044E-09  -7.4931296E-08   6.0094052E-09   2.8234862E-07   1.0893543E-06  -1.7964149E-07   6.3204482E-03   7.8969938E-04   1.7041410E-03  -5.7393041E-04   4.7192882E-04   1.8671407E-05  -8.5757313E-06   1.7405971E-05  -3.8082428E-04   3.4804972E-05  -8.0987237E-05   3.9122758E-06  -3.1575733E-06   3.8164652E-09   1.1283186E-06   4.3044113E-08
 -4.2667891E-08   2.8809974E-07  -4.2854113E-08  -6.3393807E-06  -1.2095883E-05  -1.4133932E-06   3.9549843E-03   1.3979480E-03  -7.4998879E-03   3.1448031E-03  -2.8253763E-04  -4.1599385E-05   9.9308618E-05  -9.3383316E-06   1.6220733E-04  -2.9633561E-06  -4.2060817E-05   6.3991640E-05   6.2885823E-05  -8.1228463E-08   4.3044113E-08   2.4694986E-06
