# omegabh2 omegach2 theta tau omegak mnu ns logA alpha_SNLS beta_SNLS aps100 aps143 aps217 acib143 acib217 asz143 psr cibr ncib cal0 cal2 xi aksz bm_1_1
    0.96363E-07   -0.52334E-06    0.98146E-07    0.11171E-05   -0.13026E-05   -0.81826E-05    0.15095E-05    0.12304E-05   -0.20823E-06   -0.14347E-08   -0.22429E-02   -0.95727E-03   -0.60512E-04   -0.14090E-03   -0.36776E-03    0.19915E-04    0.33320E-06   -0.61383E-05   -0.13622E-05    0.11726E-08   -0.90309E-08    0.12515E-05   -0.68878E-04   -0.17164E-04
   -0.52334E-06    0.74551E-05   -0.83963E-06   -0.11298E-04    0.11045E-04    0.50945E-04   -0.16988E-04   -0.52958E-05   -0.36030E-05   -0.19956E-05    0.14766E-01    0.52173E-02    0.22510E-02    0.26140E-03    0.12196E-02   -0.54967E-04    0.41883E-05    0.99788E-05    0.12330E-04   -0.57032E-08    0.98282E-07    0.33007E-05    0.75347E-04    0.19833E-03
    0.98146E-07   -0.83963E-06    0.41735E-06    0.16476E-05   -0.18350E-05   -0.14498E-04    0.24806E-05    0.17158E-05    0.37853E-06    0.45057E-06   -0.28614E-02   -0.68470E-03   -0.35933E-03   -0.11732E-03   -0.16307E-03    0.21197E-04   -0.38803E-06   -0.15445E-05   -0.90283E-06    0.62398E-09   -0.89061E-08    0.35730E-06   -0.26612E-04   -0.26160E-04
    0.11171E-05   -0.11298E-04    0.16476E-05    0.17633E-03   -0.10314E-04    0.58284E-05    0.39467E-04    0.32503E-03    0.17507E-04    0.69856E-05   -0.65183E-01   -0.12784E-01    0.63934E-02   -0.41810E-02   -0.87094E-02    0.54674E-03    0.18567E-04   -0.13825E-03   -0.19126E-04    0.15909E-08   -0.29912E-06    0.32617E-04   -0.22721E-02   -0.35739E-03
   -0.13026E-05    0.11045E-04   -0.18350E-05   -0.10314E-04    0.82610E-04    0.26662E-03   -0.27518E-04    0.70158E-06   -0.37488E-05    0.67358E-05    0.46427E-01    0.14433E-01    0.68529E-03    0.29865E-02    0.63103E-02   -0.39736E-04   -0.12252E-05    0.10885E-03    0.23244E-04   -0.15178E-07    0.35941E-06   -0.16448E-04    0.12852E-02    0.34550E-03
   -0.81826E-05    0.50945E-04   -0.14498E-04    0.58284E-05    0.26662E-03    0.11922E-01   -0.15989E-03    0.73297E-04   -0.96443E-04   -0.90621E-04    0.33724E+00    0.64622E-01    0.69955E-02    0.34315E-01    0.43306E-01    0.26420E-02   -0.44133E-05    0.79870E-03    0.13239E-03   -0.30509E-06    0.39077E-06   -0.38281E-03    0.12030E-01    0.21719E-02
    0.15095E-05   -0.16988E-04    0.24806E-05    0.39467E-04   -0.27518E-04   -0.15989E-03    0.58302E-04    0.39303E-04    0.58564E-05    0.74235E-05   -0.77181E-01   -0.15255E-01    0.10249E-01   -0.60656E-02   -0.12160E-01    0.14831E-04    0.33531E-04   -0.23978E-03   -0.25961E-04   -0.79379E-07   -0.35660E-07    0.60708E-04   -0.30930E-02   -0.29996E-03
    0.12304E-05   -0.52958E-05    0.17158E-05    0.32503E-03    0.70158E-06    0.73297E-04    0.39303E-04    0.64379E-03    0.30039E-04    0.11402E-04   -0.10507E+00   -0.88005E-02    0.29621E-01   -0.11737E-01   -0.19720E-01    0.24588E-03    0.73724E-04   -0.41684E-03    0.91185E-05    0.23790E-07    0.18246E-06    0.12124E-03   -0.61068E-02    0.35384E-03
   -0.20823E-06   -0.36030E-05    0.37853E-06    0.17507E-04   -0.37488E-05   -0.96443E-04    0.58564E-05    0.30039E-04    0.11529E-01   -0.70126E-03    0.32499E-01    0.26339E-02    0.59019E-02    0.29087E-02   -0.42908E-02   -0.26891E-02    0.75286E-05   -0.31084E-03    0.27369E-04    0.26612E-06   -0.15530E-06    0.66902E-04    0.10097E-02    0.22352E-03
   -0.14347E-08   -0.19956E-05    0.45057E-06    0.69856E-05    0.67358E-05   -0.90621E-04    0.74235E-05    0.11402E-04   -0.70126E-03    0.12178E-01   -0.41645E-03    0.17162E-01   -0.25554E-02   -0.55947E-02    0.26630E-02   -0.27549E-02   -0.53269E-04    0.22009E-03   -0.37532E-04   -0.14630E-06    0.35523E-06    0.77666E-04   -0.28033E-02   -0.36261E-03
   -0.22429E-02    0.14766E-01   -0.28614E-02   -0.65183E-01    0.46427E-01    0.33724E+00   -0.77181E-01   -0.10507E+00    0.32499E-01   -0.41645E-03    0.36009E+04    0.11527E+03   -0.14355E+03    0.74005E+02    0.10073E+03   -0.68596E+02   -0.76485E+00   -0.48106E+00    0.80159E+00    0.10127E-02   -0.12606E-02   -0.32873E-02   -0.12532E+02    0.17058E+02
   -0.95727E-03    0.52173E-02   -0.68470E-03   -0.12784E-01    0.14433E-01    0.64622E-01   -0.15255E-01   -0.88005E-02    0.26339E-02    0.17162E-01    0.11527E+03    0.18278E+03    0.26845E+02   -0.36062E+02    0.44491E+01   -0.75525E+01   -0.14814E+00    0.17577E+00    0.57155E-01    0.17869E-04    0.12054E-02    0.11209E+01   -0.12351E+02    0.57287E+00
   -0.60512E-04    0.22510E-02   -0.35933E-03    0.63934E-02    0.68529E-03    0.69955E-02    0.10249E-01    0.29621E-01    0.59019E-02   -0.25554E-02   -0.14355E+03    0.26845E+02    0.27955E+03   -0.24062E+02   -0.11315E+03    0.32566E+01    0.57317E-01   -0.15549E+01   -0.93494E+00   -0.12668E-03   -0.29457E-02    0.57845E+00   -0.10268E+02    0.10019E+01
   -0.14090E-03    0.26140E-03   -0.11732E-03   -0.41810E-02    0.29865E-02    0.34315E-01   -0.60656E-02   -0.11737E-01    0.29087E-02   -0.55947E-02    0.74005E+02   -0.36062E+02   -0.24062E+02    0.29731E+02    0.14045E+02   -0.21969E+01    0.24034E-02    0.52520E-01    0.92572E-01   -0.15005E-04   -0.42434E-03    0.11057E+00   -0.50513E+00   -0.43262E+00
   -0.36776E-03    0.12196E-02   -0.16307E-03   -0.87094E-02    0.63103E-02    0.43306E-01   -0.12160E-01   -0.19720E-01   -0.42908E-02    0.26630E-02    0.10073E+03    0.44491E+01   -0.11315E+03    0.14045E+02    0.57926E+02   -0.12070E+01    0.17049E-01    0.73888E+00    0.55576E+00    0.38819E-04    0.14295E-02   -0.30664E+00   -0.14084E+01   -0.31450E+00
    0.19915E-04   -0.54967E-04    0.21197E-04    0.54674E-03   -0.39736E-04    0.26420E-02    0.14831E-04    0.24588E-03   -0.26891E-02   -0.27549E-02   -0.68596E+02   -0.75525E+01    0.32566E+01   -0.21969E+01   -0.12070E+01    0.76155E+01    0.44305E-01    0.25960E+00   -0.35811E-01    0.51446E-05   -0.10841E-03   -0.50143E-01   -0.33961E+00    0.17244E+00
    0.33320E-06    0.41883E-05   -0.38803E-06    0.18567E-04   -0.12252E-05   -0.44133E-05    0.33531E-04    0.73724E-04    0.75286E-05   -0.53269E-04   -0.76485E+00   -0.14814E+00    0.57317E-01    0.24034E-02    0.17049E-01    0.44305E-01    0.63386E-02   -0.52123E-02    0.44108E-02   -0.57129E-06   -0.67989E-05    0.38287E-02   -0.10689E-01    0.44448E-02
   -0.61383E-05    0.99788E-05   -0.15445E-05   -0.13825E-03    0.10885E-03    0.79870E-03   -0.23978E-03   -0.41684E-03   -0.31084E-03    0.22009E-03   -0.48106E+00    0.17577E+00   -0.15549E+01    0.52520E-01    0.73888E+00    0.25960E+00   -0.52123E-02    0.50982E-01   -0.45487E-02    0.93282E-06    0.36498E-04    0.89902E-03   -0.54510E-01   -0.79469E-02
   -0.13622E-05    0.12330E-04   -0.90283E-06   -0.19126E-04    0.23244E-04    0.13239E-03   -0.25961E-04    0.91185E-05    0.27369E-04   -0.37532E-04    0.80159E+00    0.57155E-01   -0.93494E+00    0.92572E-01    0.55576E+00   -0.35811E-01    0.44108E-02   -0.45487E-02    0.15422E-01   -0.42152E-06   -0.29986E-06   -0.12339E-02   -0.35980E-02    0.76090E-02
    0.11726E-08   -0.57032E-08    0.62398E-09    0.15909E-08   -0.15178E-07   -0.30509E-06   -0.79379E-07    0.23790E-07    0.26612E-06   -0.14630E-06    0.10127E-02    0.17869E-04   -0.12668E-03   -0.15005E-04    0.38819E-04    0.51446E-05   -0.57129E-06    0.93282E-06   -0.42152E-06    0.15713E-06    0.10411E-07   -0.86603E-06    0.30575E-04   -0.15830E-04
   -0.90309E-08    0.98282E-07   -0.89061E-08   -0.29912E-06    0.35941E-06    0.39077E-06   -0.35660E-07    0.18246E-06   -0.15530E-06    0.35523E-06   -0.12606E-02    0.12054E-02   -0.29457E-02   -0.42434E-03    0.14295E-02   -0.10841E-03   -0.67989E-05    0.36498E-04   -0.29986E-06    0.10411E-07    0.18444E-05   -0.16406E-05   -0.19645E-05    0.98450E-04
    0.12515E-05    0.33007E-05    0.35730E-06    0.32617E-04   -0.16448E-04   -0.38281E-03    0.60708E-04    0.12124E-03    0.66902E-04    0.77666E-04   -0.32873E-02    0.11209E+01    0.57845E+00    0.11057E+00   -0.30664E+00   -0.50143E-01    0.38287E-02    0.89902E-03   -0.12339E-02   -0.86603E-06   -0.16406E-05    0.82931E-01    0.25286E-01    0.52067E-02
   -0.68878E-04    0.75347E-04   -0.26612E-04   -0.22721E-02    0.12852E-02    0.12030E-01   -0.30930E-02   -0.61068E-02    0.10097E-02   -0.28033E-02   -0.12532E+02   -0.12351E+02   -0.10268E+02   -0.50513E+00   -0.14084E+01   -0.33961E+00   -0.10689E-01   -0.54510E-01   -0.35980E-02    0.30575E-04   -0.19645E-05    0.25286E-01    0.80933E+01   -0.15377E-01
   -0.17164E-04    0.19833E-03   -0.26160E-04   -0.35739E-03    0.34550E-03    0.21719E-02   -0.29996E-03    0.35384E-03    0.22352E-03   -0.36261E-03    0.17058E+02    0.57287E+00    0.10019E+01   -0.43262E+00   -0.31450E+00    0.17244E+00    0.44448E-02   -0.79469E-02    0.76090E-02   -0.15830E-04    0.98450E-04    0.52067E-02   -0.15377E-01    0.31661E+00
