# omegabh2 omegach2 theta tau omegak logA ns calPlanck aps100 aps143 aps217 acib217 asz143 psr xi aksz dust100 dust143 dust217 dust143x217 cal0 cal2 bm_1_1
    0.5898610E-07   -0.3472952E-06    0.6343673E-07    0.1185675E-05   -0.5661170E-06    0.1727798E-05    0.1035525E-05    0.2750330E-07   -0.1121371E-02   -0.6681830E-03    0.1435165E-03   -0.2878772E-03    0.5386084E-04    0.2437090E-06    0.2317213E-05   -0.8494560E-04    0.1420705E-06   -0.2972059E-06    0.2148786E-05   -0.9494684E-06    0.2592586E-08   -0.2857194E-07   -0.3915818E-06
   -0.3472952E-06    0.5090419E-05   -0.5579706E-06   -0.1387226E-04    0.8385316E-05   -0.1629465E-04   -0.1245505E-04   -0.1700828E-06    0.6128698E-02    0.3882650E-02   -0.5114991E-03    0.1558248E-02   -0.2933960E-03    0.2725041E-05   -0.1083690E-04    0.3859143E-03    0.2026164E-05    0.4820033E-05   -0.9414463E-05    0.5679358E-05   -0.5218289E-07    0.1946121E-06   -0.4872237E-05
    0.6343673E-07   -0.5579706E-06    0.2343799E-06    0.1925765E-05   -0.1275906E-05    0.2863205E-05    0.1700923E-05    0.4588778E-07   -0.9885779E-03   -0.5774271E-03    0.1395156E-03   -0.2611026E-03    0.3611961E-04   -0.6727032E-06    0.1804981E-05   -0.7522107E-04    0.1985803E-06   -0.6426706E-06    0.2105027E-05   -0.8611494E-06    0.1631220E-08   -0.2126612E-07   -0.3359136E-05
    0.1185675E-05   -0.1387226E-04    0.1925765E-05    0.4215995E-03    0.1005964E-03    0.8091773E-03    0.4768643E-04    0.8842721E-06   -0.4914234E-01   -0.2073305E-01    0.1302714E-01   -0.1134932E-01    0.2111073E-02    0.5125422E-04    0.1141915E-03   -0.3089977E-02   -0.3929940E-04    0.1791769E-04    0.5185823E-04   -0.6219707E-04   -0.3023803E-06   -0.1247652E-05   -0.3220800E-03
   -0.5661170E-06    0.8385316E-05   -0.1275906E-05    0.1005964E-03    0.7127689E-04    0.2233404E-03   -0.1846375E-04    0.1721996E-05    0.6392577E-02    0.5708849E-02    0.3528502E-02    0.1162702E-02   -0.1557783E-03    0.3419520E-04    0.1134934E-04    0.4327283E-04   -0.1918265E-04   -0.8452750E-06   -0.1090439E-04   -0.1281273E-04    0.2355086E-07    0.1687753E-06   -0.8357564E-04
    0.1727798E-05   -0.1629465E-04    0.2863205E-05    0.8091773E-03    0.2233404E-03    0.1605815E-02    0.6632802E-04    0.1419665E-04   -0.8021937E-01   -0.3176810E-01    0.3227533E-01   -0.2006288E-01    0.3870577E-02    0.1379735E-03    0.2379638E-03   -0.6593381E-02   -0.1030223E-03   -0.1897529E-04    0.1267207E-03   -0.1161972E-03   -0.2030548E-06   -0.2085792E-05   -0.6226273E-03
    0.1035525E-05   -0.1245505E-04    0.1700923E-05    0.4768643E-04   -0.1846375E-04    0.6632802E-04    0.4318608E-04    0.8032540E-06   -0.4161939E-01   -0.1661959E-01    0.1220680E-01   -0.1048943E-01    0.1731353E-02    0.5505874E-04    0.9705646E-04   -0.3731543E-02    0.2179256E-04   -0.4108843E-05    0.7448056E-04   -0.3577426E-04   -0.2868882E-06   -0.1058261E-05    0.4416797E-06
    0.2750330E-07   -0.1700828E-06    0.4588778E-07    0.8842721E-06    0.1721996E-05    0.1419665E-04    0.8032540E-06    0.6352172E-05    0.1760740E-02    0.2213888E-03    0.1736059E-02    0.3432552E-03    0.8925389E-04    0.3025462E-05   -0.1420329E-05   -0.1340739E-03   -0.5623830E-05    0.7142405E-07    0.1293293E-04   -0.1818406E-05   -0.1376167E-07   -0.4344577E-07    0.1249508E-04
   -0.1121371E-02    0.6128698E-02   -0.9885779E-03   -0.4914234E-01    0.6392577E-02   -0.8021937E-01   -0.4161939E-01    0.1760740E-02    0.5092737E+03    0.6973686E+02   -0.6756691E+02    0.3774425E+02   -0.2217632E+02   -0.8770848E+00   -0.8254983E-01    0.9813139E+01   -0.1050546E+00    0.1775298E-02   -0.8592169E-01   -0.1660156E+00    0.5922474E-02    0.8281458E-02    0.1216106E+01
   -0.6681830E-03    0.3882650E-02   -0.5774271E-03   -0.2073305E-01    0.5708849E-02   -0.3176810E-01   -0.1661959E-01    0.2213888E-03    0.6973686E+02    0.6038064E+02    0.8160666E+01    0.7679576E+01   -0.2555279E+01    0.2020633E+00    0.7575092E+00   -0.5776770E+01   -0.3484988E-01   -0.1583807E+00   -0.7084403E-01    0.1595446E+00    0.3267308E-03   -0.1908822E-03   -0.6562773E-01
    0.1435165E-03   -0.5114991E-03    0.1395156E-03    0.1302714E-01    0.3528502E-02    0.3227533E-01    0.1220680E-01    0.1736059E-02   -0.6756691E+02    0.8160666E+01    0.1712050E+03   -0.7827797E+02    0.5074351E+01    0.5187176E+00    0.3553017E+00   -0.9272150E+01    0.6702259E-02   -0.1787105E-01    0.6184170E+00   -0.8104529E-01    0.1258294E-02   -0.1133615E-01    0.2235143E+00
   -0.2878772E-03    0.1558248E-02   -0.2611026E-03   -0.1134932E-01    0.1162702E-02   -0.2006288E-01   -0.1048943E-01    0.3432552E-03    0.3774425E+02    0.7679576E+01   -0.7827797E+02    0.4641437E+02    0.1213073E+00   -0.9039870E-01   -0.2965619E+00   -0.1377089E+01   -0.7016341E-03    0.2189990E-01   -0.4741491E+00   -0.1361669E-01   -0.3055535E-03    0.5039030E-02   -0.9209438E-01
    0.5386084E-04   -0.2933960E-03    0.3611961E-04    0.2111073E-02   -0.1557783E-03    0.3870577E-02    0.1731353E-02    0.8925389E-04   -0.2217632E+02   -0.2555279E+01    0.5074351E+01    0.1213073E+00    0.3606737E+01    0.1372574E+00   -0.8745112E-01   -0.2983191E+01    0.5145563E-03   -0.1902505E-01   -0.3980257E-01    0.5542146E-01    0.4258648E-03   -0.9897602E-03    0.1044471E-01
    0.2437090E-06    0.2725041E-05   -0.6727032E-06    0.5125422E-04    0.3419520E-04    0.1379735E-03    0.5505874E-04    0.3025462E-05   -0.8770848E+00    0.2020633E+00    0.5187176E+00   -0.9039870E-01    0.1372574E+00    0.1256163E-01    0.1437344E-01   -0.1621294E+00    0.3984674E-04   -0.1347026E-03   -0.1293040E-02    0.6513066E-03    0.1875831E-04   -0.3809512E-04    0.6260847E-03
    0.2317213E-05   -0.1083690E-04    0.1804981E-05    0.1141915E-03    0.1134934E-04    0.2379638E-03    0.9705646E-04   -0.1420329E-05   -0.8254983E-01    0.7575092E+00    0.3553017E+00   -0.2965619E+00   -0.8745112E-01    0.1437344E-01    0.8055879E-01    0.8177520E-01    0.1131292E-03    0.4193799E-03    0.2773519E-03    0.2090577E-02    0.6253845E-05   -0.1732893E-04    0.5143328E-03
   -0.8494560E-04    0.3859143E-03   -0.7522107E-04   -0.3089977E-02    0.4327283E-04   -0.6593381E-02   -0.3731543E-02   -0.1340739E-03    0.9813139E+01   -0.5776770E+01   -0.9272150E+01   -0.1377089E+01   -0.2983191E+01   -0.1621294E+00    0.8177520E-01    0.7054952E+01   -0.4180469E-02    0.1432495E-01    0.4083608E-01   -0.5830559E-01   -0.3529343E-03    0.6484969E-03    0.1100219E-02
    0.1420705E-06    0.2026164E-05    0.1985803E-06   -0.3929940E-04   -0.1918265E-04   -0.1030223E-03    0.2179256E-04   -0.5623830E-05   -0.1050546E+00   -0.3484988E-01    0.6702259E-02   -0.7016341E-03    0.5145563E-03    0.3984674E-04    0.1131292E-03   -0.4180469E-02    0.3729642E-01    0.3887228E-02   -0.3066495E-03    0.4060899E-03    0.3875492E-04   -0.6836530E-05    0.1523559E-02
   -0.2972059E-06    0.4820033E-05   -0.6426706E-06    0.1791769E-04   -0.8452750E-06   -0.1897529E-04   -0.4108843E-05    0.7142405E-07    0.1775298E-02   -0.1583807E+00   -0.1787105E-01    0.2189990E-01   -0.1902505E-01   -0.1347026E-03    0.4193799E-03    0.1432495E-01    0.3887228E-02    0.3310354E-01   -0.2862400E-02    0.2594677E-02   -0.6028905E-04   -0.6947137E-04   -0.2697961E-02
    0.2148786E-05   -0.9414463E-05    0.2105027E-05    0.5185823E-04   -0.1090439E-04    0.1267207E-03    0.7448056E-04    0.1293293E-04   -0.8592169E-01   -0.7084403E-01    0.6184170E+00   -0.4741491E+00   -0.3980257E-01   -0.1293040E-02    0.2773519E-03    0.4083608E-01   -0.3066495E-03   -0.2862400E-02    0.1318440E-01    0.1127382E-01    0.4120098E-07    0.6531156E-04    0.5814057E-03
   -0.9494684E-06    0.5679358E-05   -0.8611494E-06   -0.6219707E-04   -0.1281273E-04   -0.1161972E-03   -0.3577426E-04   -0.1818406E-05   -0.1660156E+00    0.1595446E+00   -0.8104529E-01   -0.1361669E-01    0.5542146E-01    0.6513066E-03    0.2090577E-02   -0.5830559E-01    0.4060899E-03    0.2594677E-02    0.1127382E-01    0.3179433E-01    0.6587193E-05    0.9224414E-04   -0.2068232E-02
    0.2592586E-08   -0.5218289E-07    0.1631220E-08   -0.3023803E-06    0.2355086E-07   -0.2030548E-06   -0.2868882E-06   -0.1376167E-07    0.5922474E-02    0.3267308E-03    0.1258294E-02   -0.3055535E-03    0.4258648E-03    0.1875831E-04    0.6253845E-05   -0.3529343E-03    0.3875492E-04   -0.6028905E-04    0.4120098E-07    0.6587193E-05    0.9552758E-06   -0.6340554E-07   -0.6783738E-04
   -0.2857194E-07    0.1946121E-06   -0.2126612E-07   -0.1247652E-05    0.1687753E-06   -0.2085792E-05   -0.1058261E-05   -0.4344577E-07    0.8281458E-02   -0.1908822E-03   -0.1133615E-01    0.5039030E-02   -0.9897602E-03   -0.3809512E-04   -0.1732893E-04    0.6484969E-03   -0.6836530E-05   -0.6947137E-04    0.6531156E-04    0.9224414E-04   -0.6340554E-07    0.3146889E-05   -0.2096315E-05
   -0.3915818E-06   -0.4872237E-05   -0.3359136E-05   -0.3220800E-03   -0.8357564E-04   -0.6226273E-03    0.4416797E-06    0.1249508E-04    0.1216106E+01   -0.6562773E-01    0.2235143E+00   -0.9209438E-01    0.1044471E-01    0.6260847E-03    0.5143328E-03    0.1100219E-02    0.1523559E-02   -0.2697961E-02    0.5814057E-03   -0.2068232E-02   -0.6783738E-04   -0.2096315E-05    0.9978937E+00
