# omegabh2 omegach2 theta tau alpha1 ns logA asz
    0.37804E-06   -0.25943E-05    0.20469E-05    0.14646E-05    0.16643E-05    0.13596E-04   -0.20967E-05    0.21780E-04
   -0.25943E-05    0.50744E-04   -0.21600E-04   -0.68681E-05   -0.25901E-04   -0.15388E-03    0.13632E-03   -0.34771E-03
    0.20469E-05   -0.21600E-04    0.19610E-04   -0.22422E-05    0.18064E-04    0.10276E-03   -0.55124E-04    0.69766E-04
    0.14646E-05   -0.68681E-05   -0.22422E-05    0.19248E-03   -0.86217E-05    0.29047E-04    0.37820E-03   -0.19851E-04
    0.16643E-05   -0.25901E-04    0.18064E-04   -0.86217E-05    0.26309E-04    0.10911E-03   -0.88995E-04    0.12901E-03
    0.13596E-04   -0.15388E-03    0.10276E-03    0.29047E-04    0.10911E-03    0.69437E-03   -0.31145E-03    0.29804E-03
   -0.20967E-05    0.13632E-03   -0.55124E-04    0.37820E-03   -0.88995E-04   -0.31145E-03    0.12457E-02   -0.19950E-02
    0.21780E-04   -0.34771E-03    0.69766E-04   -0.19851E-04    0.12901E-03    0.29804E-03   -0.19950E-02    0.32944E+00
