# omegabh2 omegach2 theta tau logA ns calPlanck
  1.0241495E-06  -2.7421780E-06   1.9385630E-07   2.3121738E-06   1.1308585E-05   7.7311454E-06   3.5049856E-08
 -2.7421780E-06   9.6357056E-06  -4.8098563E-07  -1.1429807E-05  -3.4967129E-05  -2.8708518E-05  -3.5781629E-07
  1.9385630E-07  -4.8098563E-07   6.7967973E-07   9.2923706E-07   3.0337558E-06   2.2835609E-06   5.9651121E-08
  2.3121738E-06  -1.1429807E-05   9.2923706E-07   7.0839978E-05   1.3397334E-04   3.4823847E-05  -5.2817556E-07
  1.1308585E-05  -3.4967129E-05   3.0337558E-06   1.3397334E-04   3.5024763E-04   1.0692972E-04   1.0611836E-05
  7.7311454E-06  -2.8708518E-05   2.2835609E-06   3.4823847E-05   1.0692972E-04   1.6425447E-04  -4.4888713E-08
  3.5049856E-08  -3.5781629E-07   5.9651121E-08  -5.2817556E-07   1.0611836E-05  -4.4888713E-08   6.5232022E-06
