# omegabh2 omegach2 theta tau meffsterile nnu logA ns aps100 aps143 aps217 acib143 acib217 asz143 psr cibr ncib xi aksz cal0 cal2 bm_1_1
    0.5891549E-07    0.3115753E-06   -0.1462043E-07    0.1307059E-05    0.6473246E-05    0.2670284E-04    0.3328182E-05    0.1193874E-05    0.4240137E-03   -0.2214879E-03   -0.1201414E-03    0.4137029E-04   -0.1162705E-04    0.2228515E-04   -0.5785390E-08   -0.1053033E-05   -0.1486063E-05   -0.1205685E-06    0.1248219E-04    0.4741296E-08    0.1408000E-07    0.2853044E-05
    0.3115753E-06    0.1475300E-04   -0.1336446E-05    0.7644976E-05   -0.5606911E-04    0.7566499E-03    0.4453028E-04    0.2290757E-04    0.3385075E-01    0.4394867E-02   -0.1146265E-01    0.4604741E-02    0.9157138E-02    0.4055670E-03   -0.3526132E-04    0.8358203E-04    0.3468716E-04   -0.1663712E-04    0.8684857E-03   -0.3510419E-07    0.1256498E-05    0.2739175E-03
   -0.1462043E-07   -0.1336446E-05    0.3249112E-06   -0.2244719E-06    0.1432860E-05   -0.7834000E-04   -0.2874008E-05   -0.2271883E-05   -0.2880797E-02   -0.4596448E-03    0.1395478E-02   -0.5491347E-03   -0.1057514E-02   -0.7328393E-04    0.4523258E-05   -0.1177386E-04   -0.4383949E-05    0.2544258E-05   -0.1137046E-03    0.1792546E-07   -0.9610364E-07   -0.1961073E-04
    0.1307059E-05    0.7644976E-05   -0.2244719E-06    0.1785076E-03    0.6055904E-03    0.1147660E-02    0.3666657E-03    0.6329247E-04   -0.3133490E-04   -0.2208653E-02   -0.4269804E-02    0.9821200E-03    0.2803304E-02    0.4738631E-03   -0.2031287E-04   -0.5704117E-05   -0.3110979E-04   -0.1195178E-03    0.1134108E-02   -0.1579665E-06   -0.2034939E-06   -0.2094930E-03
    0.6473246E-05   -0.5606911E-04    0.1432860E-05    0.6055904E-03    0.1774308E-01    0.5565416E-02    0.1201436E-02    0.1285385E-03   -0.5831147E+00    0.1196052E-01    0.1869420E-01   -0.3449840E-01    0.3848160E-02    0.3115622E-01   -0.2197395E-03    0.2882787E-02    0.2619926E-03   -0.1886948E-02    0.3007430E-01   -0.3164385E-05   -0.7621886E-05   -0.1527362E-03
    0.2670284E-04    0.7566499E-03   -0.7834000E-04    0.1147660E-02    0.5565416E-02    0.4903117E-01    0.3840982E-02    0.1689077E-02    0.1493721E+01    0.2635326E+00   -0.6539392E+00    0.2335872E+00    0.5219732E+00    0.3981689E-01   -0.1840791E-02    0.6399613E-02    0.2434916E-02   -0.1965078E-02    0.7268378E-01   -0.5171482E-05    0.6276865E-04    0.1513665E-01
    0.3328182E-05    0.4453028E-04   -0.2874008E-05    0.3666657E-03    0.1201436E-02    0.3840982E-02    0.8203221E-03    0.1712599E-03    0.5599605E-01    0.1305214E-01   -0.2129436E-01    0.6692463E-02    0.2059657E-01    0.1114699E-02   -0.7025402E-04    0.1190078E-03    0.5660104E-04   -0.2655590E-03    0.3088123E-02   -0.1341963E-06    0.3370953E-05    0.6572945E-03
    0.1193874E-05    0.2290757E-04   -0.2271883E-05    0.6329247E-04    0.1285385E-03    0.1689077E-02    0.1712599E-03    0.8174781E-04    0.2396405E-01    0.1198309E-01   -0.1818319E-02    0.8210909E-03    0.6149132E-02   -0.1468702E-03    0.3746285E-04   -0.1675599E-04    0.4036580E-04   -0.1031540E-04    0.1865581E-03   -0.3182806E-06    0.2547686E-05    0.7327209E-03
    0.4240137E-03    0.3385075E-01   -0.2880797E-02   -0.3133490E-04   -0.5831147E+00    0.1493721E+01    0.5599605E-01    0.2396405E-01    0.2384037E+04    0.5162023E+02   -0.1247837E+03    0.8259162E+02    0.8540683E+02   -0.4546002E+02   -0.9685623E+00   -0.7081318E+00    0.1882584E+00    0.3321997E+00   -0.1543113E+02    0.2064172E-02    0.3711897E-02    0.1078390E+02
   -0.2214879E-03    0.4394867E-02   -0.4596448E-03   -0.2208653E-02    0.1196052E-01    0.2635326E+00    0.1305214E-01    0.1198309E-01    0.5162023E+02    0.1390188E+03    0.5000453E+02   -0.2836061E+02   -0.1091828E+02   -0.6727227E+01   -0.3368774E-02    0.8685632E-01    0.3454370E-01    0.1197705E+01   -0.1030115E+02    0.4596247E-03    0.1462778E-02    0.6290319E+00
   -0.1201414E-03   -0.1146265E-01    0.1395478E-02   -0.4269804E-02    0.1869420E-01   -0.6539392E+00   -0.2129436E-01   -0.1818319E-02   -0.1247837E+03    0.5000453E+02    0.3770244E+03   -0.4916170E+02   -0.1844974E+03   -0.4961649E+01    0.4177332E+00   -0.1732371E+01   -0.1793591E+01    0.4806346E+00   -0.7157311E+01    0.1004657E-03   -0.3939434E-02    0.2912245E+00
    0.4137029E-04    0.4604741E-02   -0.5491347E-03    0.9821200E-03   -0.3449840E-01    0.2335872E+00    0.6692463E-02    0.8210909E-03    0.8259162E+02   -0.2836061E+02   -0.4916170E+02    0.3063361E+02    0.2846702E+02   -0.6165636E+00   -0.7296126E-01    0.8866313E-01    0.2059584E+00    0.1909199E+00   -0.1169871E+01   -0.2460551E-03   -0.6481509E-03   -0.3228989E+00
   -0.1162705E-04    0.9157138E-02   -0.1057514E-02    0.2803304E-02    0.3848160E-02    0.5219732E+00    0.2059657E-01    0.6149132E-02    0.8540683E+02   -0.1091828E+02   -0.1844974E+03    0.2846702E+02    0.1030650E+03    0.2850254E+01   -0.1348513E+00    0.8438287E+00    0.1119448E+01   -0.2703871E+00   -0.2008894E+01    0.2563113E-04    0.1922875E-02    0.7506139E-01
    0.2228515E-04    0.4055670E-03   -0.7328393E-04    0.4738631E-03    0.3115622E-01    0.3981689E-01    0.1114699E-02   -0.1468702E-03   -0.4546002E+02   -0.6727227E+01   -0.4961649E+01   -0.6165636E+00    0.2850254E+01    0.6176641E+01    0.3047865E-01    0.2472183E+00    0.6110732E-02   -0.7006891E-01   -0.5199060E-03    0.1069014E-03   -0.3617701E-03    0.1129909E+00
   -0.5785390E-08   -0.3526132E-04    0.4523258E-05   -0.2031287E-04   -0.2197395E-03   -0.1840791E-02   -0.7025402E-04    0.3746285E-04   -0.9685623E+00   -0.3368774E-02    0.4177332E+00   -0.7296126E-01   -0.1348513E+00    0.3047865E-01    0.1887648E-01   -0.1124897E-01    0.4499959E-02    0.8923240E-02   -0.2001101E-01    0.6314440E-05   -0.2714664E-04    0.2309283E-02
   -0.1053033E-05    0.8358203E-04   -0.1177386E-04   -0.5704117E-05    0.2882787E-02    0.6399613E-02    0.1190078E-03   -0.1675599E-04   -0.7081318E+00    0.8685632E-01   -0.1732371E+01    0.8866313E-01    0.8438287E+00    0.2472183E+00   -0.1124897E-01    0.4367500E-01   -0.1275245E-03    0.2115068E-02   -0.1330744E-02    0.3382778E-05    0.7179722E-04    0.1289696E-02
   -0.1486063E-05    0.3468716E-04   -0.4383949E-05   -0.3110979E-04    0.2619926E-03    0.2434916E-02    0.5660104E-04    0.4036580E-04    0.1882584E+00    0.3454370E-01   -0.1793591E+01    0.2059584E+00    0.1119448E+01    0.6110732E-02    0.4499959E-02   -0.1275245E-03    0.2304321E-01   -0.6909567E-03   -0.1403705E-01    0.3689529E-05   -0.6487402E-04    0.8267673E-02
   -0.1205685E-06   -0.1663712E-04    0.2544258E-05   -0.1195178E-03   -0.1886948E-02   -0.1965078E-02   -0.2655590E-03   -0.1031540E-04    0.3321997E+00    0.1197705E+01    0.4806346E+00    0.1909199E+00   -0.2703871E+00   -0.7006891E-01    0.8923240E-02    0.2115068E-02   -0.6909567E-03    0.7565793E-01    0.1404285E-01    0.2901011E-05   -0.2412219E-04   -0.5846445E-03
    0.1248219E-04    0.8684857E-03   -0.1137046E-03    0.1134108E-02    0.3007430E-01    0.7268378E-01    0.3088123E-02    0.1865581E-03   -0.1543113E+02   -0.1030115E+02   -0.7157311E+01   -0.1169871E+01   -0.2008894E+01   -0.5199060E-03   -0.2001101E-01   -0.1330744E-02   -0.1403705E-01    0.1404285E-01    0.7181290E+01   -0.7752331E-04   -0.1565067E-03    0.4721143E-03
    0.4741296E-08   -0.3510419E-07    0.1792546E-07   -0.1579665E-06   -0.3164385E-05   -0.5171482E-05   -0.1341963E-06   -0.3182806E-06    0.2064172E-02    0.4596247E-03    0.1004657E-03   -0.2460551E-03    0.2563113E-04    0.1069014E-03    0.6314440E-05    0.3382778E-05    0.3689529E-05    0.2901011E-05   -0.7752331E-04    0.8527688E-06    0.4021336E-07   -0.9709607E-04
    0.1408000E-07    0.1256498E-05   -0.9610364E-07   -0.2034939E-06   -0.7621886E-05    0.6276865E-04    0.3370953E-05    0.2547686E-05    0.3711897E-02    0.1462778E-02   -0.3939434E-02   -0.6481509E-03    0.1922875E-02   -0.3617701E-03   -0.2714664E-04    0.7179722E-04   -0.6487402E-04   -0.2412219E-04   -0.1565067E-03    0.4021336E-07    0.5760622E-05    0.2935616E-03
    0.2853044E-05    0.2739175E-03   -0.1961073E-04   -0.2094930E-03   -0.1527362E-03    0.1513665E-01    0.6572945E-03    0.7327209E-03    0.1078390E+02    0.6290319E+00    0.2912245E+00   -0.3228989E+00    0.7506139E-01    0.1129909E+00    0.2309283E-02    0.1289696E-02    0.8267673E-02   -0.5846445E-03    0.4721143E-03   -0.9709607E-04    0.2935616E-03    0.2584319E+00
