# omegabh2 omegach2 theta tau nnu logA ns acib217 acibsz143 asz143 aps100 aps143 aps143217 aps217 aksz kgal100 t1gal143 t1gal143217 t1gal217 galfEE100 galfEE100143 galfEE100217 galfEE143 galfEE143217 galfEE217 galfTE100 galfTE100143 galfTE100217 galfTE143 galfTE143217 galfTE217 calib_100T calib_217T
    0.4281661E-07    0.3661480E-06   -0.3485669E-07    0.5972967E-06    0.2874664E-04    0.2099467E-05    0.1170226E-05    0.8686822E-04    0.2746133E-04    0.2222551E-04   -0.3659074E-03   -0.1212236E-03   -0.1333967E-03   -0.1751425E-03    0.1603065E-04    0.6168422E-03    0.3532379E-03    0.3738018E-03    0.3779197E-03    0.1957356E-06    0.2216824E-06    0.2295083E-06    0.2446033E-06    0.2814072E-06    0.3680663E-06   -0.1742323E-05   -0.2482360E-05   -0.3606752E-05   -0.3932749E-05   -0.6080630E-05   -0.1000643E-04   -0.4133809E-07   -0.8451404E-08
    0.3661480E-06    0.1073573E-04   -0.1079359E-05   -0.2350132E-06    0.6103908E-03    0.2290651E-04    0.1669835E-04    0.5669071E-02    0.2778778E-02    0.6732773E-03   -0.3549211E-02   -0.2558095E-02   -0.6738597E-02   -0.7141402E-02    0.1525949E-02    0.1015600E-01    0.1032582E-01    0.1079502E-01    0.1120424E-01    0.9155743E-06    0.9520047E-06    0.3422322E-06    0.3512706E-06    0.4868889E-06    0.1577443E-05    0.1382502E-05   -0.6658964E-05   -0.1752502E-04   -0.2527825E-05   -0.7591434E-05   -0.1166243E-04   -0.2132153E-06   -0.2824098E-06
   -0.3485669E-07   -0.1079359E-05    0.1877135E-06   -0.3678694E-07   -0.6409425E-04   -0.2358303E-05   -0.1765827E-05   -0.5014227E-03   -0.2512468E-03   -0.6979575E-04    0.2562997E-03    0.2240113E-03    0.6276922E-03    0.6555448E-03   -0.1702747E-03   -0.9732819E-03   -0.1028320E-02   -0.1134931E-02   -0.1218927E-02   -0.1094659E-06   -0.1773706E-06   -0.9234948E-07   -0.1252998E-06   -0.1032008E-06   -0.1611850E-06   -0.5712111E-06    0.6995671E-07    0.8005205E-06   -0.4567236E-06   -0.5774166E-06   -0.1920707E-05    0.1972804E-07    0.3380807E-07
    0.5972967E-06   -0.2350132E-06   -0.3678694E-07    0.1645088E-03    0.2392335E-03    0.3309943E-03    0.2879470E-04   -0.1396642E-01   -0.4853657E-02   -0.1478254E-02   -0.5398100E-02    0.7646218E-02    0.1500387E-01    0.2077456E-01   -0.2352815E-02   -0.1434154E-01   -0.1522393E-01   -0.1809670E-01   -0.1908898E-01    0.4466374E-05    0.5859045E-05    0.2966915E-05    0.5833288E-05    0.5980990E-05    0.6542040E-05   -0.7623780E-04   -0.4460343E-04   -0.7040083E-04   -0.7600910E-04   -0.1137495E-03   -0.1798855E-03    0.5233258E-06    0.1089106E-05
    0.2874664E-04    0.6103908E-03   -0.6409425E-04    0.2392335E-03    0.3909577E-01    0.1791938E-02    0.1257655E-02    0.3291428E+00    0.1633444E+00    0.4483526E-01   -0.2947673E+00   -0.2019939E+00   -0.4312278E+00   -0.4496581E+00    0.9205782E-01    0.6426173E+00    0.6774580E+00    0.7049395E+00    0.7265533E+00    0.1308856E-03    0.1396490E-03    0.1125593E-03    0.1163696E-03    0.1256717E-03    0.1871008E-03   -0.4784536E-03   -0.9498318E-03   -0.1860675E-02   -0.1007122E-02   -0.1860291E-02   -0.3128955E-02   -0.1056819E-04   -0.1599620E-04
    0.2099467E-05    0.2290651E-04   -0.2358303E-05    0.3309943E-03    0.1791938E-02    0.7241006E-03    0.9235930E-04   -0.1798006E-01   -0.5471030E-02   -0.2247728E-02   -0.7810032E-02    0.1795052E-01    0.2439950E-01    0.3359562E-01   -0.2361794E-02   -0.1392491E-01   -0.2561689E-01   -0.2984301E-01   -0.3082601E-01    0.8903715E-05    0.1173363E-04    0.3799243E-05    0.1044564E-04    0.1056378E-04    0.1435443E-04   -0.1442299E-03   -0.9207939E-04   -0.1640511E-03   -0.1586984E-03   -0.2472988E-03   -0.3906296E-03   -0.5173321E-06    0.1527421E-05
    0.1170226E-05    0.1669835E-04   -0.1765827E-05    0.2879470E-04    0.1257655E-02    0.9235930E-04    0.6002641E-04    0.7025758E-03    0.8385849E-03   -0.5775831E-04   -0.1499241E-01   -0.2514003E-03   -0.1289535E-02   -0.6964341E-03    0.1898950E-03    0.1685777E-01    0.1624340E-01    0.1543194E-01    0.1616151E-01    0.1099250E-04    0.1222441E-04    0.1140490E-04    0.1209616E-04    0.1267001E-04    0.1389225E-04   -0.4609244E-04   -0.5545984E-04   -0.8918379E-04   -0.6741580E-04   -0.1081538E-03   -0.1713955E-03   -0.8290565E-07   -0.4085643E-07
    0.8686822E-04    0.5669071E-02   -0.5014227E-03   -0.1396642E-01    0.3291428E+00   -0.1798006E-01    0.7025758E-03    0.6999597E+02    0.2728327E+02    0.1765245E+01    0.4357254E+01   -0.2803833E+02   -0.7444299E+02   -0.8953615E+02   -0.2640459E+01    0.4742747E+01   -0.3489481E+01   -0.7518207E+01   -0.1127024E+02   -0.2459816E-02   -0.1733416E-02   -0.3313716E-02   -0.1755474E-02   -0.3179168E-02    0.1385107E-02   -0.9129700E-02    0.3489601E-02    0.7050124E-02    0.3572809E-01    0.2243222E-01   -0.4405303E-01   -0.8905691E-04   -0.3426188E-02
    0.2746133E-04    0.2778778E-02   -0.2512468E-03   -0.4853657E-02    0.1633444E+00   -0.5471030E-02    0.8385849E-03    0.2728327E+02    0.2014854E+02    0.3112799E+01   -0.2018977E+02   -0.2829281E+02   -0.4995019E+02   -0.3022832E+02   -0.1375740E+01   -0.1215532E+01   -0.4176585E+01   -0.1074017E+02   -0.1153423E+02   -0.1042090E-02   -0.9506681E-03   -0.1949232E-02   -0.6756314E-03   -0.1663563E-02    0.1786874E-03   -0.1191076E-01    0.8127160E-02    0.6961253E-02    0.3162349E-01    0.2305174E-01    0.2642886E-02   -0.1863940E-05   -0.2592408E-03
    0.2222551E-04    0.6732773E-03   -0.6979575E-04   -0.1478254E-02    0.4483526E-01   -0.2247728E-02   -0.5775831E-04    0.1765245E+01    0.3112799E+01    0.6594447E+01   -0.4430727E+02   -0.1949689E+02   -0.6658274E+01   -0.1433301E+01   -0.2108834E+00   -0.2875214E+01   -0.1658134E+01    0.2201702E+01    0.2763924E+01    0.3705141E-04   -0.9095405E-04   -0.1996349E-03   -0.3888009E-03    0.3892263E-03    0.6442404E-03   -0.8450909E-02   -0.5793429E-02   -0.1575052E-01   -0.5848213E-02   -0.1599136E-01   -0.2677869E-01   -0.2491557E-03    0.1495833E-03
   -0.3659074E-03   -0.3549211E-02    0.2562997E-03   -0.5398100E-02   -0.2947673E+00   -0.7810032E-02   -0.1499241E-01    0.4357254E+01   -0.2018977E+02   -0.4430727E+02    0.7768401E+03    0.1892809E+03    0.7884636E+02    0.1973842E+02   -0.1324936E+02   -0.4607297E+02    0.2853336E+01   -0.6058344E+01   -0.4074180E+01   -0.7413407E-02   -0.8983841E-02   -0.1367633E-01   -0.7329710E-02   -0.1564557E-01   -0.2165100E-01    0.1018074E+00    0.7362120E-01    0.1877721E+00    0.5550008E-01    0.1802149E+00    0.3072472E+00    0.5352009E-03   -0.3176456E-02
   -0.1212236E-03   -0.2558095E-02    0.2240113E-03    0.7646218E-02   -0.2019939E+00    0.1795052E-01   -0.2514003E-03   -0.2803833E+02   -0.2829281E+02   -0.1949689E+02    0.1892809E+03    0.1265485E+03    0.1010458E+03    0.5645689E+02   -0.1018885E+02   -0.2479915E+01   -0.8818491E+01   -0.4241853E+01   -0.2435905E+01   -0.1383184E-03   -0.4786382E-03   -0.1267794E-03   -0.1490813E-02   -0.2677863E-02   -0.3183335E-02    0.4158434E-01    0.3734871E-01    0.6235299E-01    0.2304813E-01    0.6730240E-01    0.1497326E+00    0.1621590E-03   -0.5553846E-03
   -0.1333967E-03   -0.6738597E-02    0.6276922E-03    0.1500387E-01   -0.4312278E+00    0.2439950E-01   -0.1289535E-02   -0.7444299E+02   -0.4995019E+02   -0.6658274E+01    0.7884636E+02    0.1010458E+03    0.1607698E+03    0.1171828E+03   -0.7737814E+01   -0.9123074E+01   -0.8698339E+01    0.1081717E+01   -0.2098041E+00    0.2226037E-02    0.1065781E-02    0.2640791E-02   -0.5048057E-03    0.1181910E-02   -0.3885937E-02    0.3412625E-01    0.8975661E-02    0.3008365E-01   -0.4768951E-01   -0.6251247E-02    0.7832074E-01   -0.4495735E-03    0.2258189E-02
   -0.1751425E-03   -0.7141402E-02    0.6555448E-03    0.2077456E-01   -0.4496581E+00    0.3359562E-01   -0.6964341E-03   -0.8953615E+02   -0.3022832E+02   -0.1433301E+01    0.1973842E+02    0.5645689E+02    0.1171828E+03    0.1532074E+03   -0.7859535E+01   -0.1774244E+02   -0.1527604E+02   -0.2206384E+02   -0.2516855E+02    0.2777964E-02    0.1044065E-02    0.2063294E-02    0.3011498E-03    0.7263861E-03   -0.6115912E-02    0.1760862E-01    0.2549681E-01    0.3898168E-01   -0.9940948E-02    0.2274065E-01    0.1257220E+00   -0.3513041E-03    0.6345540E-02
    0.1603065E-04    0.1525949E-02   -0.1702747E-03   -0.2352815E-02    0.9205782E-01   -0.2361794E-02    0.1898950E-03   -0.2640459E+01   -0.1375740E+01   -0.2108834E+00   -0.1324936E+02   -0.1018885E+02   -0.7737814E+01   -0.7859535E+01    0.7905150E+01    0.7735796E+00   -0.5605800E+00   -0.9946145E+00   -0.1221886E+01   -0.6777302E-04   -0.1865953E-03    0.4943664E-04   -0.1474822E-03   -0.1015759E-04   -0.2651039E-03    0.4213070E-02    0.2175139E-02   -0.7310667E-03    0.1227756E-02   -0.2166837E-02   -0.6022445E-02   -0.6923623E-04    0.1255427E-03
    0.6168422E-03    0.1015600E-01   -0.9732819E-03   -0.1434154E-01    0.6426173E+00   -0.1392491E-01    0.1685777E-01    0.4742747E+01   -0.1215532E+01   -0.2875214E+01   -0.4607297E+02   -0.2479915E+01   -0.9123074E+01   -0.1774244E+02    0.7735796E+00    0.1701828E+03    0.6850928E+02    0.6532948E+02    0.6211475E+02    0.2069380E-02    0.1355048E-02    0.4138267E-02    0.1153793E-02    0.5113659E-02    0.4508260E-02    0.5117697E-02   -0.8818098E-01   -0.1093130E+00   -0.5008833E-01   -0.6088600E-01   -0.1122018E+00   -0.1347517E-01   -0.2544492E-03
    0.3532379E-03    0.1032582E-01   -0.1028320E-02   -0.1522393E-01    0.6774580E+00   -0.2561689E-01    0.1624340E-01   -0.3489481E+01   -0.4176585E+01   -0.1658134E+01    0.2853336E+01   -0.8818491E+01   -0.8698339E+01   -0.1527604E+02   -0.5605800E+00    0.6850928E+02    0.1254616E+03    0.1265530E+03    0.1255515E+03    0.3634939E-02    0.3346166E-02    0.6772847E-02    0.3612414E-02    0.5266386E-02    0.2830576E-02   -0.4013767E-02   -0.9807176E-01   -0.1336753E+00   -0.8660763E-01   -0.8882133E-01   -0.1192481E+00    0.3584605E-02   -0.1761672E-04
    0.3738018E-03    0.1079502E-01   -0.1134931E-02   -0.1809670E-01    0.7049395E+00   -0.2984301E-01    0.1543194E-01   -0.7518207E+01   -0.1074017E+02    0.2201702E+01   -0.6058344E+01   -0.4241853E+01    0.1081717E+01   -0.2206384E+02   -0.9946145E+00    0.6532948E+02    0.1265530E+03    0.1645174E+03    0.1872038E+03    0.3175550E-02    0.3380687E-02    0.6759850E-02    0.3234656E-02    0.6714575E-02    0.4684544E-02    0.1872211E-02   -0.1028307E+00   -0.1692440E+00   -0.9905220E-01   -0.1170813E+00   -0.1206982E+00    0.3280971E-02   -0.5029458E-02
    0.3779197E-03    0.1120424E-01   -0.1218927E-02   -0.1908898E-01    0.7265533E+00   -0.3082601E-01    0.1616151E-01   -0.1127024E+02   -0.1153423E+02    0.2763924E+01   -0.4074180E+01   -0.2435905E+01   -0.2098041E+00   -0.2516855E+02   -0.1221886E+01    0.6211475E+02    0.1255515E+03    0.1872038E+03    0.2338347E+03    0.2593847E-02    0.3336148E-02    0.6493834E-02    0.3147235E-02    0.7767185E-02    0.6005041E-02    0.1648802E-02   -0.9917377E-01   -0.1719238E+00   -0.9339306E-01   -0.1084909E+00   -0.6851550E-01    0.3323007E-02   -0.9434945E-02
    0.1957356E-06    0.9155743E-06   -0.1094659E-06    0.4466374E-05    0.1308856E-03    0.8903715E-05    0.1099250E-04   -0.2459816E-02   -0.1042090E-02    0.3705141E-04   -0.7413407E-02   -0.1383184E-03    0.2226037E-02    0.2777964E-02   -0.6777302E-04    0.2069380E-02    0.3634939E-02    0.3175550E-02    0.2593847E-02    0.7144121E-04    0.2497434E-04    0.3025324E-04    0.1414788E-04    0.1561878E-04    0.2256173E-04   -0.9990714E-04   -0.7393171E-04   -0.6293283E-04   -0.3144413E-04   -0.2220035E-04   -0.1847469E-04    0.3903591E-06    0.2401922E-06
    0.2216824E-06    0.9520047E-06   -0.1773706E-06    0.5859045E-05    0.1396490E-03    0.1173363E-04    0.1222441E-04   -0.1733416E-02   -0.9506681E-03   -0.9095405E-04   -0.8983841E-02   -0.4786382E-03    0.1065781E-02    0.1044065E-02   -0.1865953E-03    0.1355048E-02    0.3346166E-02    0.3380687E-02    0.3336148E-02    0.2497434E-04    0.4156760E-04    0.3777528E-04    0.3001672E-04    0.3198258E-04    0.3160243E-04   -0.7384522E-04   -0.9768692E-04   -0.8819572E-04   -0.1066408E-03   -0.1026118E-03   -0.1099082E-03    0.4563957E-06    0.1952635E-07
    0.2295083E-06    0.3422322E-06   -0.9234948E-07    0.2966915E-05    0.1125593E-03    0.3799243E-05    0.1140490E-04   -0.3313716E-02   -0.1949232E-02   -0.1996349E-03   -0.1367633E-01   -0.1267794E-03    0.2640791E-02    0.2063294E-02    0.4943664E-04    0.4138267E-02    0.6772847E-02    0.6759850E-02    0.6493834E-02    0.3025324E-04    0.3777528E-04    0.1166942E-03    0.2415475E-04    0.6040681E-04    0.1117835E-03   -0.5875724E-04   -0.9327584E-04   -0.1053895E-03   -0.9332893E-04   -0.1953759E-03   -0.3988696E-03    0.5646051E-06    0.1163795E-06
    0.2446033E-06    0.3512706E-06   -0.1252998E-06    0.5833288E-05    0.1163696E-03    0.1044564E-04    0.1209616E-04   -0.1755474E-02   -0.6756314E-03   -0.3888009E-03   -0.7329710E-02   -0.1490813E-02   -0.5048057E-03    0.3011498E-03   -0.1474822E-03    0.1153793E-02    0.3612414E-02    0.3234656E-02    0.3147235E-02    0.1414788E-04    0.3001672E-04    0.2415475E-04    0.8788404E-04    0.5599591E-04    0.4075209E-04   -0.4926210E-04   -0.8907507E-04   -0.5854664E-04   -0.1700673E-03   -0.1285607E-03   -0.1066433E-03    0.4092175E-06    0.1429148E-07
    0.2814072E-06    0.4868889E-06   -0.1032008E-06    0.5980990E-05    0.1256717E-03    0.1056378E-04    0.1267001E-04   -0.3179168E-02   -0.1663563E-02    0.3892263E-03   -0.1564557E-01   -0.2677863E-02    0.1181910E-02    0.7263861E-03   -0.1015759E-04    0.5113659E-02    0.5266386E-02    0.6714575E-02    0.7767185E-02    0.1561878E-04    0.3198258E-04    0.6040681E-04    0.5599591E-04    0.1275302E-03    0.1591403E-03   -0.4978157E-04   -0.9267882E-04   -0.1140215E-03   -0.1530450E-03   -0.2120919E-03   -0.3974247E-03    0.4178062E-07   -0.1054386E-06
    0.3680663E-06    0.1577443E-05   -0.1611850E-06    0.6542040E-05    0.1871008E-03    0.1435443E-04    0.1389225E-04    0.1385107E-02    0.1786874E-03    0.6442404E-03   -0.2165100E-01   -0.3183335E-02   -0.3885937E-02   -0.6115912E-02   -0.2651039E-03    0.4508260E-02    0.2830576E-02    0.4684544E-02    0.6005041E-02    0.2256173E-04    0.3160243E-04    0.1117835E-03    0.4075209E-04    0.1591403E-03    0.6529860E-03   -0.1002056E-03   -0.1091669E-03   -0.1487947E-03   -0.1109074E-03   -0.2420467E-03   -0.4621387E-03    0.2274142E-06   -0.2976926E-06
   -0.1742323E-05    0.1382502E-05   -0.5712111E-06   -0.7623780E-04   -0.4784536E-03   -0.1442299E-03   -0.4609244E-04   -0.9129700E-02   -0.1191076E-01   -0.8450909E-02    0.1018074E+00    0.4158434E-01    0.3412625E-01    0.1760862E-01    0.4213070E-02    0.5117697E-02   -0.4013767E-02    0.1872211E-02    0.1648802E-02   -0.9990714E-04   -0.7384522E-04   -0.5875724E-04   -0.4926210E-04   -0.4978157E-04   -0.1002056E-03    0.1283044E-01    0.8204992E-02    0.9372290E-02    0.2002880E-02    0.2335045E-02    0.3116436E-02   -0.3446356E-05    0.5797323E-06
   -0.2482360E-05   -0.6658964E-05    0.6995671E-07   -0.4460343E-04   -0.9498318E-03   -0.9207939E-04   -0.5545984E-04    0.3489601E-02    0.8127160E-02   -0.5793429E-02    0.7362120E-01    0.3734871E-01    0.8975661E-02    0.2549681E-01    0.2175139E-02   -0.8818098E-01   -0.9807176E-01   -0.1028307E+00   -0.9917377E-01   -0.7393171E-04   -0.9768692E-04   -0.9327584E-04   -0.8907507E-04   -0.9267882E-04   -0.1091669E-03    0.8204992E-02    0.1165360E-01    0.1309742E-01    0.7891688E-02    0.7810850E-02    0.7360550E-02    0.1608621E-05    0.1431550E-05
   -0.3606752E-05   -0.1752502E-04    0.8005205E-06   -0.7040083E-04   -0.1860675E-02   -0.1640511E-03   -0.8918379E-04    0.7050124E-02    0.6961253E-02   -0.1575052E-01    0.1877721E+00    0.6235299E-01    0.3008365E-01    0.3898168E-01   -0.7310667E-03   -0.1093130E+00   -0.1336753E+00   -0.1692440E+00   -0.1719238E+00   -0.6293283E-04   -0.8819572E-04   -0.1053895E-03   -0.5854664E-04   -0.1140215E-03   -0.1487947E-03    0.9372290E-02    0.1309742E-01    0.2559673E-01    0.4342251E-02    0.1146429E-01    0.2244981E-01   -0.1135953E-06    0.1539042E-05
   -0.3932749E-05   -0.2527825E-05   -0.4567236E-06   -0.7600910E-04   -0.1007122E-02   -0.1586984E-03   -0.6741580E-04    0.3572809E-01    0.3162349E-01   -0.5848213E-02    0.5550008E-01    0.2304813E-01   -0.4768951E-01   -0.9940948E-02    0.1227756E-02   -0.5008833E-01   -0.8660763E-01   -0.9905220E-01   -0.9339306E-01   -0.3144413E-04   -0.1066408E-03   -0.9332893E-04   -0.1700673E-03   -0.1530450E-03   -0.1109074E-03    0.2002880E-02    0.7891688E-02    0.4342251E-02    0.2073027E-01    0.1856864E-01    0.1238512E-01   -0.1048769E-05    0.9095497E-06
   -0.6080630E-05   -0.7591434E-05   -0.5774166E-06   -0.1137495E-03   -0.1860291E-02   -0.2472988E-03   -0.1081538E-03    0.2243222E-01    0.2305174E-01   -0.1599136E-01    0.1802149E+00    0.6730240E-01   -0.6251247E-02    0.2274065E-01   -0.2166837E-02   -0.6088600E-01   -0.8882133E-01   -0.1170813E+00   -0.1084909E+00   -0.2220035E-04   -0.1026118E-03   -0.1953759E-03   -0.1285607E-03   -0.2120919E-03   -0.2420467E-03    0.2335045E-02    0.7810850E-02    0.1146429E-01    0.1856864E-01    0.2831653E-01    0.3977393E-01   -0.1665310E-05    0.3118342E-06
   -0.1000643E-04   -0.1166243E-04   -0.1920707E-05   -0.1798855E-03   -0.3128955E-02   -0.3906296E-03   -0.1713955E-03   -0.4405303E-01    0.2642886E-02   -0.2677869E-01    0.3072472E+00    0.1497326E+00    0.7832074E-01    0.1257220E+00   -0.6022445E-02   -0.1122018E+00   -0.1192481E+00   -0.1206982E+00   -0.6851550E-01   -0.1847469E-04   -0.1099082E-03   -0.3988696E-03   -0.1066433E-03   -0.3974247E-03   -0.4621387E-03    0.3116436E-02    0.7360550E-02    0.2244981E-01    0.1238512E-01    0.3977393E-01    0.1027758E+00   -0.6011955E-06   -0.2329962E-05
   -0.4133809E-07   -0.2132153E-06    0.1972804E-07    0.5233258E-06   -0.1056819E-04   -0.5173321E-06   -0.8290565E-07   -0.8905691E-04   -0.1863940E-05   -0.2491557E-03    0.5352009E-03    0.1621590E-03   -0.4495735E-03   -0.3513041E-03   -0.6923623E-04   -0.1347517E-01    0.3584605E-02    0.3280971E-02    0.3323007E-02    0.3903591E-06    0.4563957E-06    0.5646051E-06    0.4092175E-06    0.4178062E-07    0.2274142E-06   -0.3446356E-05    0.1608621E-05   -0.1135953E-06   -0.1048769E-05   -0.1665310E-05   -0.6011955E-06    0.2368973E-05    0.1539555E-07
   -0.8451404E-08   -0.2824098E-06    0.3380807E-07    0.1089106E-05   -0.1599620E-04    0.1527421E-05   -0.4085643E-07   -0.3426188E-02   -0.2592408E-03    0.1495833E-03   -0.3176456E-02   -0.5553846E-03    0.2258189E-02    0.6345540E-02    0.1255427E-03   -0.2544492E-03   -0.1761672E-04   -0.5029458E-02   -0.9434945E-02    0.2401922E-06    0.1952635E-07    0.1163795E-06    0.1429148E-07   -0.1054386E-06   -0.2976926E-06    0.5797323E-06    0.1431550E-05    0.1539042E-05    0.9095497E-06    0.3118342E-06   -0.2329962E-05    0.1539555E-07    0.1327365E-05
