# omegabh2 omegach2 theta tau logA ns nrun r aps100 aps143 aps217 acib143 acib217 asz143 psr cibr ncib xi aksz cal0 cal2 calTE calEE bm_1_1
    0.2977043E-07   -0.1197066E-06    0.2046124E-07    0.7377508E-06    0.1349637E-05    0.2741804E-06   -0.3622957E-06    0.1128326E-05    0.1306267E-03   -0.1659916E-03   -0.6120149E-04   -0.9310790E-05   -0.4452148E-04    0.7345137E-05    0.3288178E-06   -0.7415799E-06   -0.7904852E-06    0.9086645E-06   -0.4770806E-05    0.3576448E-08    0.6472338E-08   -0.1163649E-06   -0.2365866E-06    0.3588352E-05
   -0.1197066E-06    0.2028561E-05   -0.1843701E-06   -0.5285036E-05   -0.5469396E-05   -0.4847548E-05   -0.7781694E-06   -0.6842109E-05    0.2836175E-02    0.1207260E-02   -0.4168210E-03    0.1945544E-03    0.7950294E-03   -0.6220368E-04   -0.1707144E-06    0.2635497E-05    0.1287212E-04   -0.4220876E-05    0.9355160E-04    0.6562834E-08    0.4972649E-07   -0.9342827E-07   -0.4728575E-06    0.3312451E-04
    0.2046124E-07   -0.1843701E-06    0.1037945E-06    0.5761930E-06    0.7796564E-06    0.5689514E-06    0.3702709E-07    0.3360326E-06   -0.3151028E-04   -0.1376162E-03    0.7442051E-04   -0.2739896E-04   -0.9594082E-04    0.1996895E-04   -0.9812333E-07    0.5176397E-06   -0.1542985E-05    0.8018505E-06   -0.1119249E-04    0.1812919E-08   -0.2067103E-07   -0.7076484E-07    0.1390261E-07    0.9719128E-06
    0.7377508E-06   -0.5285036E-05    0.5761930E-06    0.1976704E-03    0.3882257E-03    0.1604849E-04   -0.2827030E-04    0.4171050E-04   -0.3394229E-02   -0.1091839E-02   -0.2948454E-02    0.1927118E-04    0.1709066E-02   -0.1923344E-03   -0.7402707E-05   -0.8441697E-05    0.4048227E-04    0.7687145E-05   -0.1568608E-02   -0.3092465E-07    0.4103002E-06   -0.1287339E-04   -0.6239193E-05    0.6263102E-04
    0.1349637E-05   -0.5469396E-05    0.7796564E-06    0.3882257E-03    0.7845136E-03    0.1694561E-04   -0.7108789E-04    0.8511876E-04    0.8257844E-02    0.7513785E-02   -0.3751174E-02   -0.7560211E-03    0.6184991E-02   -0.1017427E-02   -0.1365134E-04   -0.2024804E-04    0.1608552E-03    0.3515979E-04   -0.3803908E-02    0.2390589E-06    0.2604390E-05   -0.2452201E-04   -0.9792454E-05    0.8211787E-03
    0.2741804E-06   -0.4847548E-05    0.5689514E-06    0.1604849E-04    0.1694561E-04    0.2650756E-04    0.1157635E-04    0.2609411E-04   -0.3132364E-01   -0.2939034E-02    0.1838863E-01   -0.5504733E-02   -0.1180597E-01   -0.7445447E-03    0.3720445E-04   -0.1738305E-03   -0.1183769E-03    0.5812715E-04   -0.3347482E-02   -0.1502584E-06    0.8107336E-06   -0.1397335E-06   -0.1599556E-05    0.5016160E-04
   -0.3622957E-06   -0.7781694E-06    0.3702709E-07   -0.2827030E-04   -0.7108789E-04    0.1157635E-04    0.6111617E-04   -0.1394173E-03   -0.4300789E-01   -0.9258609E-02    0.2013436E-01   -0.5670582E-02   -0.1501545E-01   -0.5433307E-03    0.5055962E-04   -0.2099560E-03   -0.1669470E-03    0.5976872E-04   -0.3863680E-02    0.5704092E-07   -0.1909698E-06    0.4147568E-05    0.1540781E-05   -0.4290127E-03
    0.1128326E-05   -0.6842109E-05    0.3360326E-06    0.4171050E-04    0.8511876E-04    0.2609411E-04   -0.1394173E-03    0.2176277E-02    0.2617283E-01    0.6753081E-02   -0.1741545E-01    0.6933477E-02    0.1480962E-01    0.6155720E-03   -0.1110710E-03    0.1296959E-03    0.1687936E-03   -0.6687182E-04    0.6049971E-02   -0.1447818E-05    0.7124007E-06   -0.4258611E-05   -0.1244141E-05    0.9047923E-03
    0.1306267E-03    0.2836175E-02   -0.3151028E-04   -0.3394229E-02    0.8257844E-02   -0.3132364E-01   -0.4300789E-01    0.2617283E-01    0.2454886E+04    0.9666385E+02   -0.1190273E+03    0.5842443E+02    0.7812202E+02   -0.6025712E+02   -0.1013430E+01   -0.9824328E+00    0.5694442E+00    0.4016591E+00   -0.1024633E+02    0.2304693E-02    0.6992059E-03   -0.1435669E-02   -0.5187199E-03    0.1113577E+02
   -0.1659916E-03    0.1207260E-02   -0.1376162E-03   -0.1091839E-02    0.7513785E-02   -0.2939034E-02   -0.9258609E-02    0.6753081E-02    0.9666385E+02    0.1130563E+03    0.2502901E+02   -0.1670174E+02    0.1819747E+01   -0.7658646E+01   -0.1797129E+00    0.1398350E+00    0.7727777E-01    0.1022409E+01   -0.1175042E+02    0.1164193E-03    0.1486685E-02    0.3125534E-02    0.5624166E-02    0.2965466E+00
   -0.6120149E-04   -0.4168210E-03    0.7442051E-04   -0.2948454E-02   -0.3751174E-02    0.1838863E-01    0.2013436E-01   -0.1741545E-01   -0.1190273E+03    0.2502901E+02    0.3014269E+03   -0.3000231E+02   -0.1395929E+03    0.1193625E+01    0.5822922E-01   -0.1386721E+01   -0.1738471E+01    0.5239529E+00   -0.1066926E+02   -0.1366738E-03   -0.2684010E-02    0.2096686E-02    0.4614662E-02    0.1327456E+00
   -0.9310790E-05    0.1945544E-03   -0.2739896E-04    0.1927118E-04   -0.7560211E-03   -0.5504733E-02   -0.5670582E-02    0.6933477E-02    0.5842443E+02   -0.1670174E+02   -0.3000231E+02    0.2108156E+02    0.1793235E+02   -0.1462579E+01    0.1689607E-01   -0.1064649E-01    0.2080455E+00    0.1527556E+00   -0.7141793E+00   -0.1213711E-03   -0.1184900E-02   -0.8139866E-03   -0.9676312E-03   -0.2571918E+00
   -0.4452148E-04    0.7950294E-03   -0.9594082E-04    0.1709066E-02    0.6184991E-02   -0.1180597E-01   -0.1501545E-01    0.1480962E-01    0.7812202E+02    0.1819747E+01   -0.1395929E+03    0.1793235E+02    0.7661125E+02    0.9783920E-01    0.3457602E-01    0.6642011E+00    0.1059229E+01   -0.2788821E+00   -0.9662138E+00    0.1300611E-03    0.8562536E-03   -0.1520504E-03   -0.1857001E-03    0.6393964E-01
    0.7345137E-05   -0.6220368E-04    0.1996895E-04   -0.1923344E-03   -0.1017427E-02   -0.7445447E-03   -0.5433307E-03    0.6155720E-03   -0.6025712E+02   -0.7658646E+01    0.1193625E+01   -0.1462579E+01    0.9783920E-01    0.6866716E+01    0.8272821E-01    0.2371953E+00    0.8039312E-02   -0.7094837E-01   -0.1783107E+00    0.1590346E-03   -0.7202029E-03   -0.7351295E-03   -0.4493829E-03    0.1094189E+00
    0.3288178E-06   -0.1707144E-06   -0.9812333E-07   -0.7402707E-05   -0.1365134E-04    0.3720445E-04    0.5055962E-04   -0.1110710E-03   -0.1013430E+01   -0.1797129E+00    0.5822922E-01    0.1689607E-01    0.3457602E-01    0.8272821E-01    0.1257670E-01   -0.7852218E-02    0.4612672E-02    0.6561851E-02   -0.2139012E-01    0.3937938E-06   -0.2685338E-04    0.5633444E-06    0.7504824E-06    0.1501490E-02
   -0.7415799E-06    0.2635497E-05    0.5176397E-06   -0.8441697E-05   -0.2024804E-04   -0.1738305E-03   -0.2099560E-03    0.1296959E-03   -0.9824328E+00    0.1398350E+00   -0.1386721E+01   -0.1064649E-01    0.6642011E+00    0.2371953E+00   -0.7852218E-02    0.5466074E-01   -0.5418423E-03    0.3948376E-02   -0.1855535E-01    0.7047177E-05    0.7338479E-04   -0.2764007E-04   -0.1834789E-05    0.5538585E-02
   -0.7904852E-06    0.1287212E-04   -0.1542985E-05    0.4048227E-04    0.1608552E-03   -0.1183769E-03   -0.1669470E-03    0.1687936E-03    0.5694442E+00    0.7727777E-01   -0.1738471E+01    0.2080455E+00    0.1059229E+01    0.8039312E-02    0.4612672E-02   -0.5418423E-03    0.2455564E-01   -0.1476171E-02   -0.5236832E-02    0.4177900E-05   -0.6821031E-04    0.1661115E-04    0.2800148E-04    0.7025230E-02
    0.9086645E-06   -0.4220876E-05    0.8018505E-06    0.7687145E-05    0.3515979E-04    0.5812715E-04    0.5976872E-04   -0.6687182E-04    0.4016591E+00    0.1022409E+01    0.5239529E+00    0.1527556E+00   -0.2788821E+00   -0.7094837E-01    0.6561851E-02    0.3948376E-02   -0.1476171E-02    0.8154322E-01    0.9336248E-02    0.3838183E-06   -0.1276693E-04   -0.2886388E-04    0.1025944E-04    0.1156769E-02
   -0.4770806E-05    0.9355160E-04   -0.1119249E-04   -0.1568608E-02   -0.3803908E-02   -0.3347482E-02   -0.3863680E-02    0.6049971E-02   -0.1024633E+02   -0.1175042E+02   -0.1066926E+02   -0.7141793E+00   -0.9662138E+00   -0.1783107E+00   -0.2139012E-01   -0.1855535E-01   -0.5236832E-02    0.9336248E-02    0.8056970E+01   -0.6503653E-05   -0.1164836E-03   -0.7911230E-03   -0.8722997E-03    0.1681477E-01
    0.3576448E-08    0.6562834E-08    0.1812919E-08   -0.3092465E-07    0.2390589E-06   -0.1502584E-06    0.5704092E-07   -0.1447818E-05    0.2304693E-02    0.1164193E-03   -0.1366738E-03   -0.1213711E-03    0.1300611E-03    0.1590346E-03    0.3937938E-06    0.7047177E-05    0.4177900E-05    0.3838183E-06   -0.6503653E-05    0.8487562E-06    0.4711051E-07    0.8595362E-07    0.1384836E-06   -0.8048017E-04
    0.6472338E-08    0.4972649E-07   -0.2067103E-07    0.4103002E-06    0.2604390E-05    0.8107336E-06   -0.1909698E-06    0.7124007E-06    0.6992059E-03    0.1486685E-02   -0.2684010E-02   -0.1184900E-02    0.8562536E-03   -0.7202029E-03   -0.2685338E-04    0.7338479E-04   -0.6821031E-04   -0.1276693E-04   -0.1164836E-03    0.4711051E-07    0.5562773E-05    0.1056864E-05    0.9421727E-06    0.2755890E-03
   -0.1163649E-06   -0.9342827E-07   -0.7076484E-07   -0.1287339E-04   -0.2452201E-04   -0.1397335E-06    0.4147568E-05   -0.4258611E-05   -0.1435669E-02    0.3125534E-02    0.2096686E-02   -0.8139866E-03   -0.1520504E-03   -0.7351295E-03    0.5633444E-06   -0.2764007E-04    0.1661115E-04   -0.2886388E-04   -0.7911230E-03    0.8595362E-07    0.1056864E-05    0.2276263E-04    0.8115403E-05    0.2452165E-03
   -0.2365866E-06   -0.4728575E-06    0.1390261E-07   -0.6239193E-05   -0.9792454E-05   -0.1599556E-05    0.1540781E-05   -0.1244141E-05   -0.5187199E-03    0.5624166E-02    0.4614662E-02   -0.9676312E-03   -0.1857001E-03   -0.4493829E-03    0.7504824E-06   -0.1834789E-05    0.2800148E-04    0.1025944E-04   -0.8722997E-03    0.1384836E-06    0.9421727E-06    0.8115403E-05    0.2122476E-04    0.3255011E-03
    0.3588352E-05    0.3312451E-04    0.9719128E-06    0.6263102E-04    0.8211787E-03    0.5016160E-04   -0.4290127E-03    0.9047923E-03    0.1113577E+02    0.2965466E+00    0.1327456E+00   -0.2571918E+00    0.6393964E-01    0.1094189E+00    0.1501490E-02    0.5538585E-02    0.7025230E-02    0.1156769E-02    0.1681477E-01   -0.8048017E-04    0.2755890E-03    0.2452165E-03    0.3255011E-03    0.2487318E+00
