# omegabh2 omegach2 theta mnu logA ns DES_b1 DES_b2 DES_b3 DES_b4 DES_b5 DES_m1 DES_m2 DES_m3 DES_m4 DES_AIA DES_alphaIA DES_DzL1 DES_DzL2 DES_DzL3 DES_DzL4 DES_DzL5 DES_DzS1 DES_DzS2 DES_DzS3 DES_DzS4
  2.5481728E-07   1.6784639E-07  -1.6869215E-07  -4.0444427E-06   5.3257197E-07   2.7048898E-07  -6.4365875E-07  -1.0724532E-06  -1.0319248E-06  -9.7140857E-07  -1.0931176E-06   6.6577500E-08  -2.5429140E-08   2.4376016E-08   5.6709007E-08   7.7545456E-07  -1.9229531E-06  -2.0430202E-08  -3.1289221E-08   2.8926709E-08   3.9233629E-08   3.6835672E-08   2.1631515E-08   2.2891694E-08   1.6402441E-08   8.8597042E-08
  1.6784639E-07   6.2950352E-04   1.2920842E-03   1.4605095E-02  -2.2575416E-03  -6.2142379E-05  -4.3176024E-04  -4.4472661E-04  -4.4384988E-04  -4.9611112E-04  -3.8360738E-04   4.6940482E-06  -7.7282311E-07   6.7430672E-06  -8.6351504E-07   8.9962543E-05   8.4382271E-04  -1.3916842E-06  -1.3577510E-06  -2.0100573E-06  -4.0189249E-06   1.0060848E-05   2.2407673E-06  -3.2883116E-06  -3.5310799E-06  -4.8248088E-06
 -1.6869215E-07   1.2920842E-03   2.9043437E-03   2.9189495E-02  -2.7734243E-03  -7.0775281E-05  -3.0293337E-03  -3.1981888E-03  -3.1511295E-03  -3.6898669E-03  -3.6174383E-03   2.1052363E-05  -4.2573372E-07   2.2228032E-05  -6.8559894E-06   8.6344764E-04   5.1341037E-03   8.1504264E-07   4.2776767E-06   2.3973650E-06   5.0417190E-07   3.5941231E-05   1.0970549E-05  -8.3457474E-06  -1.2752769E-05  -3.7258245E-05
 -4.0444427E-06   1.4605095E-02   2.9189495E-02   4.4570076E-01  -4.6194908E-02   5.3536674E-04   1.5835171E-02   1.7321750E-02   1.5228537E-02   1.7481745E-02   1.7286407E-02  -1.7287627E-05   3.3701446E-05  -1.6819267E-04  -5.2213864E-05  -8.3419419E-03  -3.8620691E-02  -3.2693817E-05  -8.2482606E-05  -7.7626120E-05  -1.4669665E-04   1.3330081E-04  -7.9525312E-05  -6.0616199E-05  -3.3985364E-05   2.3590628E-04
  5.3257197E-07  -2.2575416E-03  -2.7734243E-03  -4.6194908E-02   2.9162704E-02   7.8351078E-04  -1.6882615E-02  -1.8529698E-02  -1.8509879E-02  -2.2534492E-02  -2.4904160E-02   4.6585544E-05  -4.6930192E-05  -4.5303975E-04  -3.7914867E-04   5.9018737E-03  -6.8228976E-04   2.9277700E-05   4.7067830E-05   7.1893759E-05   7.6177721E-05   8.6255673E-05   4.0913812E-05  -4.3477592E-05  -1.6143894E-04  -4.8047477E-04
  2.7048898E-07  -6.2142379E-05  -7.0775281E-05   5.3536674E-04   7.8351078E-04   3.9853906E-04  -3.7616943E-05  -3.6137606E-05  -3.2955287E-05  -2.9751060E-05  -3.8360958E-05   7.9189699E-06   1.6602473E-06   5.0923017E-06   1.7409649E-06   2.9906288E-05  -1.0853933E-04  -1.2169148E-06   5.4259212E-07  -1.4550957E-07  -2.5910093E-06  -9.3712227E-07  -1.7740124E-06  -8.6954824E-07  -2.1909045E-07   5.5279538E-06
 -6.4365875E-07  -4.3176024E-04  -3.0293337E-03   1.5835171E-02  -1.6882615E-02  -3.7616943E-05   3.2685548E-02   2.9778313E-02   2.9084415E-02   3.4546491E-02   3.5461480E-02  -1.2853512E-04   4.7172053E-05   2.0106842E-04   2.7806122E-04  -9.6980251E-03  -2.2044422E-02   1.0605048E-04  -5.5966817E-05  -6.2515082E-05  -7.9602740E-05  -1.6222226E-04  -8.7004030E-05   5.6401710E-05   1.6337322E-04   5.2626234E-04
 -1.0724532E-06  -4.4472661E-04  -3.1981888E-03   1.7321750E-02  -1.8529698E-02  -3.6137606E-05   2.9778313E-02   3.4599869E-02   3.1350350E-02   3.7212650E-02   3.8271130E-02  -1.3399045E-04   4.3642910E-05   2.3705496E-04   3.3789780E-04  -1.0416686E-02  -3.0095205E-02  -3.0278328E-05  -1.1895307E-05  -7.9264525E-05  -8.6805589E-05  -1.7502484E-04  -1.0110497E-04   6.6086277E-05   1.8707814E-04   6.1229842E-04
 -1.0319248E-06  -4.4384988E-04  -3.1511295E-03   1.5228537E-02  -1.8509879E-02  -3.2955287E-05   2.9084415E-02   3.1350350E-02   3.2323637E-02   3.6372205E-02   3.7488749E-02  -1.1848196E-04   4.1814944E-05   2.3059559E-04   3.1487108E-04  -9.9477076E-03  -2.9083661E-02  -3.3281206E-05  -7.2318632E-05  -2.1904178E-05  -9.2324817E-05  -1.6826907E-04  -9.3888517E-05   6.2046923E-05   1.8612251E-04   6.0813246E-04
 -9.7140857E-07  -4.9611112E-04  -3.6898669E-03   1.7481745E-02  -2.2534492E-02  -2.9751060E-05   3.4546491E-02   3.7212650E-02   3.6372205E-02   4.5445114E-02   4.4638561E-02  -1.2416005E-04   5.6232528E-05   2.8517124E-04   3.9163947E-04  -1.1962688E-02  -3.5815847E-02  -3.4968339E-05  -8.7188109E-05  -9.2158254E-05  -3.1707613E-06  -1.9684980E-04  -1.0207963E-04   7.1694113E-05   2.2210468E-04   7.4631841E-04
 -1.0931176E-06  -3.8360738E-04  -3.6174383E-03   1.7286407E-02  -2.4904160E-02  -3.8360958E-05   3.5461480E-02   3.8271130E-02   3.7488749E-02   4.4638561E-02   5.1388348E-02  -1.2258554E-04   4.7512600E-05   3.0572461E-04   3.8244403E-04  -1.2136131E-02  -3.5610182E-02  -3.9292215E-05  -9.0051472E-05  -1.0025656E-04  -1.1681540E-04  -8.7271095E-05  -1.1455017E-04   7.3087241E-05   2.1646193E-04   7.3652938E-04
  6.6577500E-08   4.6940482E-06   2.1052363E-05  -1.7287627E-05   4.6585544E-05   7.9189699E-06  -1.2853512E-04  -1.3399045E-04  -1.1848196E-04  -1.2416005E-04  -1.2258554E-04   5.1886042E-04   5.7822401E-06   1.7085293E-06   2.2212268E-08   1.5134016E-04  -3.2725085E-03  -5.9026507E-07   1.6848472E-06   2.5136066E-06   3.9878401E-07  -1.5993820E-07  -2.7210106E-05   7.9379875E-06   1.8473391E-06   6.6812343E-07
 -2.5429140E-08  -7.7282311E-07  -4.2573372E-07   3.3701446E-05  -4.6930192E-05   1.6602473E-06   4.7172053E-05   4.3642910E-05   4.1814944E-05   5.6232528E-05   4.7512600E-05   5.7822401E-06   4.9674830E-04   1.7717277E-05   8.5091481E-06   2.1359111E-04  -1.4001347E-03   2.0238402E-06   1.4848998E-06   4.0354792E-07  -6.0786913E-07   1.0068864E-07   1.7251757E-05  -3.0964524E-05   3.1087588E-06   5.8520174E-06
  2.4376016E-08   6.7430672E-06   2.2228032E-05  -1.6819267E-04  -4.5303975E-04   5.0923017E-06   2.0106842E-04   2.3705496E-04   2.3059559E-04   2.8517124E-04   3.0572461E-04   1.7085293E-06   1.7717277E-05   4.4421840E-04   5.7418089E-05  -1.0673863E-04   3.9603171E-03   1.5677033E-06   1.8883350E-06   2.2190599E-08   2.5805249E-07   2.7048905E-07   5.3405412E-06   1.4774782E-05  -2.7775574E-05   5.0563452E-05
  5.6709007E-08  -8.6351504E-07  -6.8559894E-06  -5.2213864E-05  -3.7914867E-04   1.7409649E-06   2.7806122E-04   3.3789780E-04   3.1487108E-04   3.9163947E-04   3.8244403E-04   2.2212268E-08   8.5091481E-06   5.7418089E-05   4.4939592E-04  -2.1198136E-04   2.6726204E-03  -1.0228997E-06  -2.3384697E-07  -5.3003889E-07   1.5508411E-06  -3.2695266E-06   2.9327715E-06   1.0882697E-05   1.7112776E-05  -6.2390478E-05
  7.7545456E-07   8.9962543E-05   8.6344764E-04  -8.3419419E-03   5.9018737E-03   2.9906288E-05  -9.6980251E-03  -1.0416686E-02  -9.9477076E-03  -1.1962688E-02  -1.2136131E-02   1.5134016E-04   2.1359111E-04  -1.0673863E-04  -2.1198136E-04   3.7401948E-02   1.3520168E-01  -3.3561513E-05  -3.1626544E-05   6.2861665E-05  -1.7754387E-04  -5.2805650E-06   3.0747288E-04   2.5003169E-04   1.2403419E-04  -2.7618788E-04
 -1.9229531E-06   8.4382271E-04   5.1341037E-03  -3.8620691E-02  -6.8228976E-04  -1.0853933E-04  -2.2044422E-02  -3.0095205E-02  -2.9083661E-02  -3.5815847E-02  -3.5610182E-02  -3.2725085E-03  -1.4001347E-03   3.9603171E-03   2.6726204E-03   1.3520168E-01   5.5680231E+00   1.1786973E-03   7.0838398E-04   8.9905482E-05  -1.0284393E-03  -3.3478588E-04  -1.0263801E-02  -2.4011502E-03   2.3096569E-03   2.0925004E-03
 -2.0430202E-08  -1.3916842E-06   8.1504264E-07  -3.2693817E-05   2.9277700E-05  -1.2169148E-06   1.0605048E-04  -3.0278328E-05  -3.3281206E-05  -3.4968339E-05  -3.9292215E-05  -5.9026507E-07   2.0238402E-06   1.5677033E-06  -1.0228997E-06  -3.3561513E-05   1.1786973E-03   5.6023993E-05   5.2975137E-07   2.4983645E-07   2.7989952E-07   4.1211448E-07   3.5349838E-06   6.3687506E-07   1.7558719E-06   1.3066242E-06
 -3.1289221E-08  -1.3577510E-06   4.2776767E-06  -8.2482606E-05   4.7067830E-05   5.4259212E-07  -5.5966817E-05  -1.1895307E-05  -7.2318632E-05  -8.7188109E-05  -9.0051472E-05   1.6848472E-06   1.4848998E-06   1.8883350E-06  -2.3384697E-07  -3.1626544E-05   7.0838398E-04   5.2975137E-07   4.3612368E-05   1.2020339E-08   6.6464963E-07  -6.6783905E-08   7.5242983E-07   3.1879745E-06   1.4216023E-06  -5.0696070E-07
  2.8926709E-08  -2.0100573E-06   2.3973650E-06  -7.7626120E-05   7.1893759E-05  -1.4550957E-07  -6.2515082E-05  -7.9264525E-05  -2.1904178E-05  -9.2158254E-05  -1.0025656E-04   2.5136066E-06   4.0354792E-07   2.2190599E-08  -5.3003889E-07   6.2861665E-05   8.9905482E-05   2.4983645E-07   1.2020339E-08   4.3548158E-05   6.7862645E-07   2.1074431E-07  -2.3949970E-07   5.1644816E-06   3.9660425E-06  -1.3804561E-06
  3.9233629E-08  -4.0189249E-06   5.0417190E-07  -1.4669665E-04   7.6177721E-05  -2.5910093E-06  -7.9602740E-05  -8.6805589E-05  -9.2324817E-05  -3.1707613E-06  -1.1681540E-04   3.9878401E-07  -6.0786913E-07   2.5805249E-07   1.5508411E-06  -1.7754387E-04  -1.0284393E-03   2.7989952E-07   6.6464963E-07   6.7862645E-07   8.3198209E-05   1.3363321E-06   4.8310323E-07   4.8240020E-07   7.3322210E-06   8.7160840E-06
  3.6835672E-08   1.0060848E-05   3.5941231E-05   1.3330081E-04   8.6255673E-05  -9.3712227E-07  -1.6222226E-04  -1.7502484E-04  -1.6826907E-04  -1.9684980E-04  -8.7271095E-05  -1.5993820E-07   1.0068864E-07   2.7048905E-07  -3.2695266E-06  -5.2805650E-06  -3.3478588E-04   4.1211448E-07  -6.6783905E-08   2.1074431E-07   1.3363321E-06   9.8190987E-05   3.2396839E-07  -1.1066184E-06  -2.3128053E-06   5.0439875E-06
  2.1631515E-08   2.2407673E-06   1.0970549E-05  -7.9525312E-05   4.0913812E-05  -1.7740124E-06  -8.7004030E-05  -1.0110497E-04  -9.3888517E-05  -1.0207963E-04  -1.1455017E-04  -2.7210106E-05   1.7251757E-05   5.3405412E-06   2.9327715E-06   3.0747288E-04  -1.0263801E-02   3.5349838E-06   7.5242983E-07  -2.3949970E-07   4.8310323E-07   3.2396839E-07   1.9713007E-04   1.9147288E-05   1.0456667E-06  -8.1925553E-07
  2.2891694E-08  -3.2883116E-06  -8.3457474E-06  -6.0616199E-05  -4.3477592E-05  -8.6954824E-07   5.6401710E-05   6.6086277E-05   6.2046923E-05   7.1694113E-05   7.3087241E-05   7.9379875E-06  -3.0964524E-05   1.4774782E-05   1.0882697E-05   2.5003169E-04  -2.4011502E-03   6.3687506E-07   3.1879745E-06   5.1644816E-06   4.8240020E-07  -1.1066184E-06   1.9147288E-05   1.1782582E-04   6.6002502E-06   6.1232360E-06
  1.6402441E-08  -3.5310799E-06  -1.2752769E-05  -3.3985364E-05  -1.6143894E-04  -2.1909045E-07   1.6337322E-04   1.8707814E-04   1.8612251E-04   2.2210468E-04   2.1646193E-04   1.8473391E-06   3.1087588E-06  -2.7775574E-05   1.7112776E-05   1.2403419E-04   2.3096569E-03   1.7558719E-06   1.4216023E-06   3.9660425E-06   7.3322210E-06  -2.3128053E-06   1.0456667E-06   6.6002502E-06   9.6394545E-05   2.4631691E-05
  8.8597042E-08  -4.8248088E-06  -3.7258245E-05   2.3590628E-04  -4.8047477E-04   5.5279538E-06   5.2626234E-04   6.1229842E-04   6.0813246E-04   7.4631841E-04   7.3652938E-04   6.6812343E-07   5.8520174E-06   5.0563452E-05  -6.2390478E-05  -2.7618788E-04   2.0925004E-03   1.3066242E-06  -5.0696070E-07  -1.3804561E-06   8.7160840E-06   5.0439875E-06  -8.1925553E-07   6.1232360E-06   2.4631691E-05   3.5361041E-04
