# omegabh2 omegach2 theta tau Alens logA ns calPlanck galfEE100 galfEE100143 galfEE100217 galfEE143 galfEE143217 galfEE217
    0.1846674E-05   -0.5248926E-05    0.4046929E-06    0.2499894E-05    0.1482228E-03    0.1350485E-04    0.1457708E-04    0.2693375E-07   -0.4417016E-06   -0.1065887E-06    0.6653145E-07   -0.1897412E-06    0.1833988E-06   -0.1858691E-06
   -0.5248926E-05    0.2018856E-04   -0.1430691E-05   -0.1371720E-04   -0.5328101E-03   -0.3067842E-04   -0.5253497E-04   -0.3603144E-07   -0.2696325E-05   -0.1127992E-05   -0.2542536E-06   -0.1290275E-05   -0.1242534E-05   -0.1607965E-05
    0.4046929E-06   -0.1430691E-05    0.8309708E-06    0.6184996E-06    0.1756518E-04    0.1090282E-05    0.4149452E-05    0.7074810E-08    0.6398022E-07    0.8734160E-07    0.6223781E-07    0.1237513E-06    0.2961796E-06    0.1147176E-05
    0.2499894E-05   -0.1371720E-04    0.6184996E-06    0.4916401E-03   -0.1052993E-02    0.9716704E-03    0.7109077E-04   -0.1344166E-05    0.1120179E-04    0.4338329E-05    0.6376811E-06    0.4884123E-05    0.6158593E-05   -0.2718823E-04
    0.1482228E-03   -0.5328101E-03    0.1756518E-04   -0.1052993E-02    0.8607888E-01   -0.1548079E-02    0.1756752E-02    0.9815656E-05    0.3312514E-04    0.2687683E-04   -0.1240172E-04    0.2986432E-04   -0.1673950E-03   -0.2796017E-04
    0.1350485E-04   -0.3067842E-04    0.1090282E-05    0.9716704E-03   -0.1548079E-02    0.2092393E-02    0.1774227E-03    0.1024068E-04    0.4774236E-05    0.2882212E-05    0.5607555E-07    0.2137458E-05    0.7369196E-05   -0.7738321E-04
    0.1457708E-04   -0.5253497E-04    0.4149452E-05    0.7109077E-04    0.1756752E-02    0.1774227E-03    0.2219192E-03   -0.1126770E-05    0.2427426E-04    0.9522282E-05    0.7154918E-06    0.8972113E-05    0.4294213E-06   -0.7045453E-06
    0.2693375E-07   -0.3603144E-07    0.7074810E-08   -0.1344166E-05    0.9815656E-05    0.1024068E-04   -0.1126770E-05    0.6301396E-05    0.6860143E-06    0.7471182E-07   -0.1784699E-06    0.4429085E-06    0.5590708E-06   -0.7130662E-06
   -0.4417016E-06   -0.2696325E-05    0.6398022E-07    0.1120179E-04    0.3312514E-04    0.4774236E-05    0.2427426E-04    0.6860143E-06    0.1363977E-03    0.1401792E-04    0.9999791E-06    0.5183025E-05    0.3695480E-05    0.9614235E-05
   -0.1065887E-06   -0.1127992E-05    0.8734160E-07    0.4338329E-05    0.2687683E-04    0.2882212E-05    0.9522282E-05    0.7471182E-07    0.1401792E-04    0.1509776E-04    0.4524958E-06    0.7440482E-05    0.8520986E-07   -0.8766300E-06
    0.6653145E-07   -0.2542536E-06    0.6223781E-07    0.6376811E-06   -0.1240172E-04    0.5607555E-07    0.7154918E-06   -0.1784699E-06    0.9999791E-06    0.4524958E-06    0.2231557E-03   -0.8272025E-07    0.3310834E-05    0.3150248E-05
   -0.1897412E-06   -0.1290275E-05    0.1237513E-06    0.4884123E-05    0.2986432E-04    0.2137458E-05    0.8972113E-05    0.4429085E-06    0.5183025E-05    0.7440482E-05   -0.8272025E-07    0.3143719E-04    0.5673235E-06    0.1799285E-05
    0.1833988E-06   -0.1242534E-05    0.2961796E-06    0.6158593E-05   -0.1673950E-03    0.7369196E-05    0.4294213E-06    0.5590708E-06    0.3695480E-05    0.8520986E-07    0.3310834E-05    0.5673235E-06    0.3993882E-03    0.1829122E-06
   -0.1858691E-06   -0.1607965E-05    0.1147176E-05   -0.2718823E-04   -0.2796017E-04   -0.7738321E-04   -0.7045453E-06   -0.7130662E-06    0.9614235E-05   -0.8766300E-06    0.3150248E-05    0.1799285E-05    0.1829122E-06    0.3446345E-02
