# omegabh2 omegach2 theta tau mnu logA ns calPlanck acib217 xi asz143 aps100 aps143 aps143217 aps217 aksz kgal100 kgal143 kgal143217 kgal217 cal0 cal2
    0.6156036E-07   -0.3155718E-06    0.6298605E-07    0.1522645E-05   -0.1100238E-04    0.2487155E-05    0.9636082E-06    0.1658162E-07   -0.2431292E-03    0.1939731E-05    0.7924696E-04   -0.1071165E-02   -0.6684842E-03   -0.1936480E-03    0.1707565E-04   -0.1099213E-03    0.3314761E-05    0.2274412E-05   -0.2111545E-04    0.4114967E-04    0.6174736E-08   -0.2339775E-07
   -0.3155718E-06    0.4455940E-05   -0.5048578E-06   -0.2066390E-04    0.1096238E-03   -0.3174207E-04   -0.1119551E-04   -0.2272770E-06    0.1362293E-02   -0.1889782E-04   -0.3324693E-03    0.4795490E-02    0.3015339E-02    0.8462951E-03   -0.3799625E-03    0.5906854E-03   -0.1031344E-04    0.6155401E-04    0.1792813E-03   -0.1776461E-03   -0.4378223E-07    0.1348996E-06
    0.6298605E-07   -0.5048578E-06    0.2500939E-06    0.2323982E-05   -0.2616773E-04    0.3805068E-05    0.1566755E-05    0.1452674E-07   -0.1768881E-03    0.1851922E-06    0.4773736E-04   -0.6533396E-03   -0.5232146E-03   -0.2313236E-03   -0.2807095E-04   -0.7246609E-04   -0.5892162E-05   -0.1635529E-04   -0.4702165E-04    0.4503927E-05    0.1115740E-07   -0.1689536E-07
    0.1522645E-05   -0.2066390E-04    0.2323982E-05    0.3175098E-03    0.8055855E-03    0.5778905E-03    0.5997971E-04   -0.1471016E-05   -0.1001336E-01    0.2088417E-03    0.1513086E-02   -0.3316520E-01   -0.1858791E-01   -0.5048351E-02    0.2160353E-02   -0.3748453E-02   -0.1064797E-03   -0.2146685E-03   -0.1502250E-02    0.1030980E-02    0.6595588E-07   -0.9250005E-06
   -0.1100238E-04    0.1096238E-03   -0.2616773E-04    0.8055855E-03    0.1935442E-01    0.1826896E-02   -0.2893609E-03    0.1734532E-04    0.1658970E-01    0.6553919E-03   -0.1272044E-01    0.1383552E+00    0.1182212E+00    0.6597519E-01    0.3953514E-01    0.9871823E-02   -0.1722923E-02   -0.2736822E-02    0.1053260E-01    0.2205099E-01    0.8255962E-06    0.6619642E-05
    0.2487155E-05   -0.3174207E-04    0.3805068E-05    0.5778905E-03    0.1826896E-02    0.1091950E-02    0.9341873E-04    0.9309654E-05   -0.1654058E-01    0.4107774E-03    0.2214773E-02   -0.4684420E-01   -0.2900515E-01   -0.5794906E-02    0.8720001E-02   -0.6992374E-02   -0.4773146E-03   -0.7817825E-03   -0.2996249E-02    0.3137730E-02    0.3530988E-06   -0.1542998E-05
    0.9636082E-06   -0.1119551E-04    0.1566755E-05    0.5997971E-04   -0.2893609E-03    0.9341873E-04    0.3989518E-04    0.3729644E-06   -0.8358177E-02    0.1287766E-03    0.2028743E-02   -0.3725852E-01   -0.1393251E-01    0.3063701E-03    0.6905162E-02   -0.4061887E-02    0.2950171E-03   -0.1877173E-03   -0.8119969E-03    0.1234454E-02   -0.9136908E-07   -0.8018833E-06
    0.1658162E-07   -0.2272770E-06    0.1452674E-07   -0.1471016E-05    0.1734532E-04    0.9309654E-05    0.3729644E-06    0.6324106E-05    0.9913221E-03    0.2744778E-06   -0.6981391E-04    0.4903479E-02    0.5545877E-03    0.2488758E-03    0.1047384E-02   -0.1897457E-05   -0.6575707E-05   -0.1024641E-04   -0.3764962E-04    0.5851807E-03    0.2653103E-07    0.2854414E-07
   -0.2431292E-03    0.1362293E-02   -0.1768881E-03   -0.1001336E-01    0.1658970E-01   -0.1654058E-01   -0.8358177E-02    0.9913221E-03    0.4894183E+02   -0.4705994E+00   -0.1199931E+01    0.4021588E+02    0.7101308E+00   -0.1953794E+02   -0.6543360E+02    0.3534286E+00   -0.2752571E+00    0.1633973E+00   -0.3648003E+01   -0.2633057E+02   -0.1369120E-03    0.4288294E-02
    0.1939731E-05   -0.1889782E-04    0.1851922E-06    0.2088417E-03    0.6553919E-03    0.4107774E-03    0.1287766E-03    0.2744778E-06   -0.4705994E+00    0.8196382E-01   -0.8903929E-01   -0.2363763E+00    0.9613958E+00    0.1679470E+01    0.6857756E+00    0.9151654E-01   -0.1420853E-02    0.9466561E-02    0.9652865E-01    0.1246841E+00    0.8933312E-05   -0.1653916E-04
    0.7924696E-04   -0.3324693E-03    0.4773736E-04    0.1513086E-02   -0.1272044E-01    0.2214773E-02    0.2028743E-02   -0.6981391E-04   -0.1199931E+01   -0.8903929E-01    0.3887466E+01   -0.2973214E+02   -0.4278427E+01    0.7450704E+01    0.6200616E+01   -0.2957864E+01   -0.1509972E+00    0.1245966E+00    0.2469285E+01    0.1858842E+01    0.1967415E-03   -0.3387728E-03
   -0.1071165E-02    0.4795490E-02   -0.6533396E-03   -0.3316520E-01    0.1383552E+00   -0.4684420E-01   -0.3725852E-01    0.4903479E-02    0.4021588E+02   -0.2363763E+00   -0.2973214E+02    0.7284900E+03    0.7533947E+02   -0.5096251E+02   -0.6260749E+02    0.1460262E+02   -0.9044891E+00   -0.4877533E+00   -0.1448415E+02   -0.2076187E+02    0.4770221E-02    0.3825557E-02
   -0.6684842E-03    0.3015339E-02   -0.5232146E-03   -0.1858791E-01    0.1182212E+00   -0.2900515E-01   -0.1393251E-01    0.5545877E-03    0.7101308E+00    0.9613958E+00   -0.4278427E+01    0.7533947E+02    0.6196042E+02    0.4301737E+02    0.1950349E+02   -0.3982049E+01   -0.5182509E+00   -0.1145783E+01    0.3721871E+01    0.4134442E+01    0.2288995E-03    0.2439977E-03
   -0.1936480E-03    0.8462951E-03   -0.2313236E-03   -0.5048351E-02    0.6597519E-01   -0.5794906E-02    0.3063701E-03    0.2488758E-03   -0.1953794E+02    0.1679470E+01    0.7450704E+01   -0.5096251E+02    0.4301737E+02    0.9128908E+02    0.6524288E+02   -0.1228761E+02   -0.5629305E+00   -0.2067827E+00    0.5185400E+01    0.6414707E+01    0.8511374E-03   -0.2401445E-02
    0.1707565E-04   -0.3799625E-03   -0.2807095E-04    0.2160353E-02    0.3953514E-01    0.8720001E-02    0.6905162E-02    0.1047384E-02   -0.6543360E+02    0.6857756E+00    0.6200616E+01   -0.6260749E+02    0.1950349E+02    0.6524288E+02    0.1258597E+03   -0.1071544E+02   -0.8476715E-01   -0.3077293E+00    0.1809507E+01    0.2363423E+02    0.6057792E-03   -0.7484777E-02
   -0.1099213E-03    0.5906854E-03   -0.7246609E-04   -0.3748453E-02    0.9871823E-02   -0.6992374E-02   -0.4061887E-02   -0.1897457E-05    0.3534286E+00    0.9151654E-01   -0.2957864E+01    0.1460262E+02   -0.3982049E+01   -0.1228761E+02   -0.1071544E+02    0.6516805E+01    0.7142343E-01   -0.1629072E+00   -0.2190057E+01   -0.1692844E+01   -0.1506549E-03    0.1828995E-03
    0.3314761E-05   -0.1031344E-04   -0.5892162E-05   -0.1064797E-03   -0.1722923E-02   -0.4773146E-03    0.2950171E-03   -0.6575707E-05   -0.2752571E+00   -0.1420853E-02   -0.1509972E+00   -0.9044891E+00   -0.5182509E+00   -0.5629305E+00   -0.8476715E-01    0.7142343E-01    0.3169197E+01    0.7383813E+00    0.3589493E+00    0.6751529E+00    0.4150402E-03    0.1214408E-04
    0.2274412E-05    0.6155401E-04   -0.1635529E-04   -0.2146685E-03   -0.2736822E-02   -0.7817825E-03   -0.1877173E-03   -0.1024641E-04    0.1633973E+00    0.9466561E-02    0.1245966E+00   -0.4877533E+00   -0.1145783E+01   -0.2067827E+00   -0.3077293E+00   -0.1629072E+00    0.7383813E+00    0.3070325E+01    0.2375409E+01    0.1436121E+01   -0.3808963E-03   -0.1965645E-03
   -0.2111545E-04    0.1792813E-03   -0.4702165E-04   -0.1502250E-02    0.1053260E-01   -0.2996249E-02   -0.8119969E-03   -0.3764962E-04   -0.3648003E+01    0.9652865E-01    0.2469285E+01   -0.1448415E+02    0.3721871E+01    0.5185400E+01    0.1809507E+01   -0.2190057E+01    0.3589493E+00    0.2375409E+01    0.1781250E+02    0.2769547E+02   -0.4801246E-04    0.2490178E-02
    0.4114967E-04   -0.1776461E-03    0.4503927E-05    0.1030980E-02    0.2205099E-01    0.3137730E-02    0.1234454E-02    0.5851807E-03   -0.2633057E+02    0.1246841E+00    0.1858842E+01   -0.2076187E+02    0.4134442E+01    0.6414707E+01    0.2363423E+02   -0.1692844E+01    0.6751529E+00    0.1436121E+01    0.2769547E+02    0.6353299E+02   -0.4219512E-04    0.4454981E-02
    0.6174736E-08   -0.4378223E-07    0.1115740E-07    0.6595588E-07    0.8255962E-06    0.3530988E-06   -0.9136908E-07    0.2653103E-07   -0.1369120E-03    0.8933312E-05    0.1967415E-03    0.4770221E-02    0.2288995E-03    0.8511374E-03    0.6057792E-03   -0.1506549E-03    0.4150402E-03   -0.3808963E-03   -0.4801246E-04   -0.4219512E-04    0.5461322E-06    0.5603710E-08
   -0.2339775E-07    0.1348996E-06   -0.1689536E-07   -0.9250005E-06    0.6619642E-05   -0.1542998E-05   -0.8018833E-06    0.2854414E-07    0.4288294E-02   -0.1653916E-04   -0.3387728E-03    0.3825557E-02    0.2439977E-03   -0.2401445E-02   -0.7484777E-02    0.1828995E-03    0.1214408E-04   -0.1965645E-03    0.2490178E-02    0.4454981E-02    0.5603710E-08    0.2055292E-05
