# omegabh2 omegach2 theta tau w logA ns calPlanck aps100 aps143 aps217 acib217 asz143 psr xi aksz dust100 dust143 dust217 dust143x217 cal0 cal2 calTE calEE bm_1_1
    0.2715851E-07   -0.1337851E-06    0.1920686E-07    0.1089300E-05   -0.2139637E-05    0.1955283E-05    0.3986061E-06    0.1280479E-07   -0.5222751E-03   -0.3024174E-03    0.9208528E-04   -0.1362223E-03    0.3097527E-04    0.6625940E-06    0.1663041E-05   -0.5235040E-04    0.2281785E-06   -0.3618799E-06    0.9734577E-06   -0.7969201E-06    0.4605327E-08   -0.1215252E-07   -0.1260435E-06   -0.2166077E-06    0.1146385E-05
   -0.1337851E-06    0.1990703E-05   -0.1678924E-06   -0.9884618E-05   -0.1516281E-05   -0.1518258E-04   -0.4923450E-05   -0.6734427E-07    0.1742636E-02    0.1366593E-02   -0.6666719E-04    0.4617216E-03   -0.1206882E-03   -0.1668020E-05   -0.1130253E-04    0.2132996E-03   -0.1717703E-05    0.2443516E-05   -0.1805156E-05    0.4449729E-05   -0.4054596E-07    0.5657242E-07    0.2077417E-06   -0.3426675E-06    0.5996522E-05
    0.1920686E-07   -0.1678924E-06    0.9265259E-07    0.9961191E-06    0.1955533E-05    0.1675541E-05    0.5347977E-06    0.1018124E-08   -0.1604057E-03   -0.1496661E-03    0.3569174E-04   -0.6299795E-04    0.8681207E-05    0.9963931E-09    0.5970985E-06   -0.1680409E-04    0.8842343E-06   -0.1177247E-06    0.6184384E-06   -0.5929097E-06    0.2875623E-08   -0.1928369E-08   -0.4499895E-07    0.1975684E-07    0.2942949E-05
    0.1089300E-05   -0.9884618E-05    0.9961191E-06    0.3201159E-03    0.8389648E-03    0.6127990E-03    0.3743668E-04   -0.1707125E-05   -0.5149035E-01   -0.2114088E-01    0.1719582E-01   -0.1443908E-01    0.2655025E-02    0.9565973E-04    0.1773721E-03   -0.5975403E-02   -0.1989857E-04   -0.5604039E-04    0.7972086E-04   -0.7649803E-04    0.8912350E-07   -0.1845941E-05   -0.1850564E-04   -0.8105504E-05    0.1600982E-03
   -0.2139637E-05   -0.1516281E-05    0.1955533E-05    0.8389648E-03    0.8829189E-01    0.1632201E-02    0.4954145E-04    0.4805875E-07    0.9865873E-01    0.3573850E-02   -0.7977841E-01    0.3615963E-01   -0.9935399E-02   -0.6068300E-03   -0.5687742E-03    0.2056822E-01    0.4652558E-03   -0.6270968E-04   -0.5967625E-04   -0.1218345E-03   -0.2203899E-06    0.9582479E-05    0.8533583E-04    0.7360166E-05   -0.1852650E-02
    0.1955283E-05   -0.1518258E-04    0.1675541E-05    0.6127990E-03    0.1632201E-02    0.1209083E-02    0.6192814E-04    0.8480971E-05   -0.9412801E-01   -0.3742818E-01    0.4121648E-01   -0.2829546E-01    0.5437701E-02    0.2284749E-03    0.3653487E-03   -0.1291526E-01   -0.5652653E-04   -0.1505765E-03    0.1839160E-03   -0.1601946E-03    0.5859129E-06   -0.3744096E-05   -0.3721438E-04   -0.1510526E-04    0.3323355E-03
    0.3986061E-06   -0.4923450E-05    0.5347977E-06    0.3743668E-04    0.4954145E-04    0.6192814E-04    0.2216743E-04    0.2663979E-06   -0.2523980E-01   -0.8515565E-02    0.8708664E-02   -0.6360844E-02    0.1029838E-02    0.5426240E-04    0.9906576E-04   -0.2682959E-02    0.3218251E-04   -0.9165866E-05    0.4501407E-04   -0.3094110E-04   -0.2296834E-06   -0.6030473E-06   -0.1602462E-05   -0.2546121E-05   -0.1248747E-04
    0.1280479E-07   -0.6734427E-07    0.1018124E-08   -0.1707125E-05    0.4805875E-07    0.8480971E-05    0.2663979E-06    0.5983432E-05    0.2822322E-02    0.5725833E-03    0.1350230E-02    0.5929560E-03    0.1013925E-03    0.6974839E-05    0.8290737E-06   -0.1933622E-03    0.2109820E-05    0.7607882E-05    0.7177229E-05   -0.5281493E-05    0.6887059E-08   -0.6136474E-07   -0.3752988E-06   -0.5336052E-08   -0.1540881E-04
   -0.5222751E-03    0.1742636E-02   -0.1604057E-03   -0.5149035E-01    0.9865873E-01   -0.9412801E-01   -0.2523980E-01    0.2822322E-02    0.4986154E+03    0.6089652E+02   -0.6246070E+02    0.3268867E+02   -0.2261276E+02   -0.9293586E+00   -0.1540326E+00    0.9249030E+01   -0.9608888E-01    0.1005833E+00   -0.4474241E-01   -0.2339695E+00    0.5325680E-02    0.8017766E-02    0.4969883E-02    0.7982550E-02    0.1336746E+01
   -0.3024174E-03    0.1366593E-02   -0.1496661E-03   -0.2114088E-01    0.3573850E-02   -0.3742818E-01   -0.8515565E-02    0.5725833E-03    0.6089652E+02    0.5691133E+02    0.1118198E+02    0.5182806E+01   -0.2002992E+01    0.2145015E+00    0.7724955E+00   -0.6708056E+01   -0.2923615E-01   -0.1570701E+00   -0.6215531E-01    0.1511314E+00    0.3496267E-03   -0.6412833E-03    0.2739885E-02    0.4423333E-02   -0.9781500E-01
    0.9208528E-04   -0.6666719E-04    0.3569174E-04    0.1719582E-01   -0.7977841E-01    0.4121648E-01    0.8708664E-02    0.1350230E-02   -0.6246070E+02    0.1118198E+02    0.1697382E+03   -0.7666586E+02    0.5149151E+01    0.5206552E+00    0.3846708E+00   -0.9264454E+01    0.7526599E-02   -0.5170189E-01    0.5925270E+00   -0.7605296E-01    0.1364697E-02   -0.1152269E-01    0.2194821E-03    0.1753598E-02    0.1717713E+00
   -0.1362223E-03    0.4617216E-03   -0.6299795E-04   -0.1443908E-01    0.3615963E-01   -0.2829546E-01   -0.6360844E-02    0.5929560E-03    0.3268867E+02    0.5182806E+01   -0.7666586E+02    0.4509131E+02    0.3467183E+00   -0.8200243E-01   -0.3155683E+00   -0.1770434E+01   -0.7589352E-02    0.4285194E-01   -0.4636313E+00   -0.1776248E-01   -0.3577280E-03    0.4961911E-02    0.6543502E-03    0.6170808E-03   -0.1246541E+00
    0.3097527E-04   -0.1206882E-03    0.8681207E-05    0.2655025E-02   -0.9935399E-02    0.5437701E-02    0.1029838E-02    0.1013925E-03   -0.2261276E+02   -0.2002992E+01    0.5149151E+01    0.3467183E+00    0.3750432E+01    0.1487020E+00   -0.7810540E-01   -0.3074554E+01   -0.1758101E-02   -0.2001124E-01   -0.4290429E-01    0.6416831E-01    0.4341997E-03   -0.1030702E-02   -0.2400361E-03   -0.2093938E-03    0.1894961E-01
    0.6625940E-06   -0.1668020E-05    0.9963931E-09    0.9565973E-04   -0.6068300E-03    0.2284749E-03    0.5426240E-04    0.6974839E-05   -0.9293586E+00    0.2145015E+00    0.5206552E+00   -0.8200243E-01    0.1487020E+00    0.1328375E-01    0.1508418E-01   -0.1689540E+00    0.1127779E-03   -0.2314751E-03   -0.1661868E-02    0.8833442E-03    0.2107743E-04   -0.4416799E-04    0.8329006E-05    0.1646429E-04    0.1625386E-03
    0.1663041E-05   -0.1130253E-04    0.5970985E-06    0.1773721E-03   -0.5687742E-03    0.3653487E-03    0.9906576E-04    0.8290737E-06   -0.1540326E+00    0.7724955E+00    0.3846708E+00   -0.3155683E+00   -0.7810540E-01    0.1508418E-01    0.8202575E-01    0.8521051E-01    0.1972325E-03   -0.6204383E-04   -0.4160531E-03    0.1233051E-02    0.1117024E-04   -0.3296137E-04   -0.6105775E-06    0.2248471E-04   -0.4977607E-03
   -0.5235040E-04    0.2132996E-03   -0.1680409E-04   -0.5975403E-02    0.2056822E-01   -0.1291526E-01   -0.2682959E-02   -0.1933622E-03    0.9249030E+01   -0.6708056E+01   -0.9264454E+01   -0.1770434E+01   -0.3074554E+01   -0.1689540E+00    0.8521051E-01    0.7154772E+01    0.5573544E-03    0.1761243E-01    0.4733681E-01   -0.5925203E-01   -0.3598312E-03    0.7152875E-03    0.1111999E-03   -0.1610572E-03    0.1260009E-01
    0.2281785E-06   -0.1717703E-05    0.8842343E-06   -0.1989857E-04    0.4652558E-03   -0.5652653E-04    0.3218251E-04    0.2109820E-05   -0.9608888E-01   -0.2923615E-01    0.7526599E-02   -0.7589352E-02   -0.1758101E-02    0.1127779E-03    0.1972325E-03    0.5573544E-03    0.3704028E-01    0.3620377E-02   -0.3021073E-03    0.5767061E-04    0.4062249E-04   -0.8633163E-05   -0.1055261E-05   -0.1853502E-04    0.1037687E-02
   -0.3618799E-06    0.2443516E-05   -0.1177247E-06   -0.5604039E-04   -0.6270968E-04   -0.1505765E-03   -0.9165866E-05    0.7607882E-05    0.1005833E+00   -0.1570701E+00   -0.5170189E-01    0.4285194E-01   -0.2001124E-01   -0.2314751E-03   -0.6204383E-04    0.1761243E-01    0.3620377E-02    0.3365074E-01   -0.2881228E-02    0.2764110E-02   -0.6099940E-04   -0.6260915E-04   -0.4183348E-04   -0.4323349E-04    0.1615838E-02
    0.9734577E-06   -0.1805156E-05    0.6184384E-06    0.7972086E-04   -0.5967625E-04    0.1839160E-03    0.4501407E-04    0.7177229E-05   -0.4474241E-01   -0.6215531E-01    0.5925270E+00   -0.4636313E+00   -0.4290429E-01   -0.1661868E-02   -0.4160531E-03    0.4733681E-01   -0.3021073E-03   -0.2881228E-02    0.1328347E-01    0.1140198E-01   -0.1515041E-06    0.6582404E-04    0.1130842E-04   -0.3950257E-05    0.1089015E-02
   -0.7969201E-06    0.4449729E-05   -0.5929097E-06   -0.7649803E-04   -0.1218345E-03   -0.1601946E-03   -0.3094110E-04   -0.5281493E-05   -0.2339695E+00    0.1511314E+00   -0.7605296E-01   -0.1776248E-01    0.6416831E-01    0.8833442E-03    0.1233051E-02   -0.5925203E-01    0.5767061E-04    0.2764110E-02    0.1140198E-01    0.3214484E-01    0.4420739E-05    0.8743275E-04   -0.7319235E-05    0.2711267E-05    0.7446501E-03
    0.4605327E-08   -0.4054596E-07    0.2875623E-08    0.8912350E-07   -0.2203899E-06    0.5859129E-06   -0.2296834E-06    0.6887059E-08    0.5325680E-02    0.3496267E-03    0.1364697E-02   -0.3577280E-03    0.4341997E-03    0.2107743E-04    0.1117024E-04   -0.3598312E-03    0.4062249E-04   -0.6099940E-04   -0.1515041E-06    0.4420739E-05    0.9335468E-06   -0.7959900E-07    0.1733969E-06    0.4169376E-06   -0.7320242E-04
   -0.1215252E-07    0.5657242E-07   -0.1928369E-08   -0.1845941E-05    0.9582479E-05   -0.3744096E-05   -0.6030473E-06   -0.6136474E-07    0.8017766E-02   -0.6412833E-03   -0.1152269E-01    0.4961911E-02   -0.1030702E-02   -0.4416799E-04   -0.3296137E-04    0.7152875E-03   -0.8633163E-05   -0.6260915E-04    0.6582404E-04    0.8743275E-04   -0.7959900E-07    0.3104357E-05    0.5193545E-06    0.1385430E-06   -0.1460327E-04
   -0.1260435E-06    0.2077417E-06   -0.4499895E-07   -0.1850564E-04    0.8533583E-04   -0.3721438E-04   -0.1602462E-05   -0.3752988E-06    0.4969883E-02    0.2739885E-02    0.2194821E-03    0.6543502E-03   -0.2400361E-03    0.8329006E-05   -0.6105775E-06    0.1111999E-03   -0.1055261E-05   -0.4183348E-04    0.1130842E-04   -0.7319235E-05    0.1733969E-06    0.5193545E-06    0.2015787E-04    0.6325278E-05    0.7602176E-05
   -0.2166077E-06   -0.3426675E-06    0.1975684E-07   -0.8105504E-05    0.7360166E-05   -0.1510526E-04   -0.2546121E-05   -0.5336052E-08    0.7982550E-02    0.4423333E-02    0.1753598E-02    0.6170808E-03   -0.2093938E-03    0.1646429E-04    0.2248471E-04   -0.1610572E-03   -0.1853502E-04   -0.4323349E-04   -0.3950257E-05    0.2711267E-05    0.4169376E-06    0.1385430E-06    0.6325278E-05    0.1776550E-04    0.2614742E-04
    0.1146385E-05    0.5996522E-05    0.2942949E-05    0.1600982E-03   -0.1852650E-02    0.3323355E-03   -0.1248747E-04   -0.1540881E-04    0.1336746E+01   -0.9781500E-01    0.1717713E+00   -0.1246541E+00    0.1894961E-01    0.1625386E-03   -0.4977607E-03    0.1260009E-01    0.1037687E-02    0.1615838E-02    0.1089015E-02    0.7446501E-03   -0.7320242E-04   -0.1460327E-04    0.7602176E-05    0.2614742E-04    0.1013824E+01
