# omegabh2 omegach2 theta tau omegak mnu ns logA aps100 aps143 aps217 acib143 acib217 asz143 psr cibr ncib cal0 cal2 xi aksz bm_1_1 bm_1_2 bm_1_3 bm_1_4 bm_1_5 bm_2_1 bm_2_2 bm_2_3 bm_2_4 bm_2_5 bm_3_1 bm_3_2 bm_3_3 bm_3_4 bm_3_5 bm_4_1 bm_4_2 bm_4_3 bm_4_4 bm_4_5
    0.10667E-06   -0.59528E-06    0.11658E-06    0.10137E-05   -0.16731E-05   -0.13674E-04    0.17418E-05    0.93668E-06   -0.20616E-02   -0.91710E-03   -0.22821E-03   -0.19246E-03   -0.30753E-03    0.39406E-04    0.34742E-06   -0.58113E-05   -0.26112E-05   -0.85710E-09   -0.17709E-07    0.44807E-05   -0.72604E-04   -0.10032E-04   -0.17518E-04    0.63089E-06    0.25403E-05   -0.16643E-05    0.64725E-05   -0.78976E-06    0.23003E-05   -0.64219E-05   -0.27110E-07   -0.34713E-05   -0.55735E-05    0.86977E-06   -0.15749E-05   -0.33342E-05    0.21370E-05    0.10619E-05    0.14947E-05   -0.51074E-05   -0.28101E-05
   -0.59528E-06    0.81576E-05   -0.91387E-06   -0.10337E-04    0.14764E-04    0.83044E-04   -0.19383E-04   -0.22273E-05    0.84868E-02    0.54838E-02    0.25570E-02    0.54468E-03    0.11024E-02   -0.20503E-03    0.51356E-06    0.17108E-04    0.10561E-04   -0.89154E-08    0.67896E-07   -0.17644E-04    0.29772E-03    0.98023E-04    0.68603E-04   -0.76260E-04   -0.18033E-04   -0.21092E-04   -0.25778E-04    0.21881E-04   -0.15759E-04    0.60808E-05   -0.51064E-04    0.41406E-04   -0.99337E-05   -0.38934E-05    0.24250E-04   -0.19598E-04    0.57994E-05    0.68005E-05    0.40627E-05    0.40341E-04   -0.50899E-05
    0.11658E-06   -0.91387E-06    0.42544E-06    0.15349E-05   -0.22468E-05   -0.22277E-04    0.27632E-05    0.14465E-05   -0.14450E-02   -0.84514E-03   -0.90524E-04   -0.19479E-03   -0.34912E-03    0.28554E-04   -0.48249E-06   -0.44237E-05   -0.41142E-05    0.14061E-08   -0.22134E-07    0.21414E-05   -0.30731E-04   -0.23793E-05   -0.11869E-04    0.15917E-04    0.69862E-05   -0.76100E-05   -0.33709E-05    0.27235E-05    0.98424E-05   -0.31172E-05    0.49787E-05    0.73052E-06   -0.12435E-04    0.36298E-05    0.31925E-05   -0.85901E-05   -0.33117E-05    0.80092E-06    0.11717E-04   -0.11269E-04   -0.17128E-05
    0.10137E-05   -0.10337E-04    0.15349E-05    0.17622E-03   -0.10722E-05    0.83567E-04    0.38022E-04    0.32564E-03   -0.41078E-01   -0.77147E-02    0.24463E-02   -0.40554E-02   -0.58017E-02    0.32529E-03    0.81510E-05   -0.17332E-03   -0.41151E-04   -0.62020E-07   -0.18592E-06    0.10082E-03   -0.25075E-02   -0.34196E-03   -0.14915E-03    0.30968E-03   -0.17713E-03   -0.19915E-03   -0.19946E-03    0.13438E-03    0.42605E-03   -0.32237E-04    0.17545E-03   -0.88787E-04   -0.14360E-04    0.18136E-03    0.11723E-03    0.16711E-03   -0.30608E-03    0.18756E-03    0.19173E-03   -0.32419E-03   -0.31317E-05
   -0.16731E-05    0.14764E-04   -0.22468E-05   -0.10722E-05    0.12749E-03    0.36914E-03   -0.36599E-04    0.25800E-04    0.39318E-01    0.15861E-01    0.99286E-04    0.36876E-02    0.67811E-02   -0.11564E-04   -0.12207E-04    0.20175E-03    0.44171E-04   -0.88776E-07    0.48843E-06   -0.37408E-04    0.22163E-02    0.22273E-03    0.96443E-05   -0.10826E-03   -0.10495E-04    0.94539E-04   -0.13641E-03    0.22496E-03   -0.15547E-03    0.71040E-04   -0.18642E-03    0.21420E-03    0.93624E-04    0.10955E-03   -0.15034E-03   -0.24318E-04    0.20728E-04    0.75051E-04    0.13240E-03    0.36346E-03   -0.98419E-04
   -0.13674E-04    0.83044E-04   -0.22277E-04    0.83567E-04    0.36914E-03    0.18360E-01   -0.30465E-03    0.25659E-03    0.73104E+00    0.76874E-01   -0.78330E-01    0.86539E-01    0.96975E-01   -0.52305E-02   -0.38022E-03    0.19853E-02    0.36612E-03    0.57800E-08    0.13829E-05   -0.54681E-03    0.22874E-01   -0.65653E-03   -0.15962E-02    0.44782E-04    0.48372E-03    0.23772E-02   -0.64359E-03   -0.26830E-02   -0.39085E-04   -0.13102E-02    0.25865E-03    0.33826E-02    0.19324E-02    0.10461E-02    0.17132E-03    0.31822E-02    0.20408E-02   -0.59015E-03   -0.15931E-02    0.46614E-03    0.75380E-03
    0.17418E-05   -0.19383E-04    0.27632E-05    0.38022E-04   -0.36599E-04   -0.30465E-03    0.67295E-04    0.32503E-04   -0.80417E-01   -0.11228E-01    0.77833E-02   -0.90970E-02   -0.11203E-01   -0.17921E-04    0.43956E-04   -0.30817E-03   -0.36231E-04   -0.31287E-07   -0.18384E-06    0.13208E-03   -0.36577E-02   -0.58189E-04   -0.27178E-03    0.27055E-04   -0.67572E-04   -0.11907E-03    0.33872E-03    0.97115E-04   -0.16005E-04   -0.23883E-04    0.33109E-04   -0.83415E-04    0.52878E-04   -0.63627E-04   -0.65809E-04   -0.44629E-04    0.19519E-03    0.81180E-04    0.12463E-03   -0.25656E-07    0.14231E-04
    0.93668E-06   -0.22273E-05    0.14465E-05    0.32564E-03    0.25800E-04    0.25659E-03    0.32503E-04    0.64798E-03   -0.91385E-01    0.35478E-02    0.20185E-01   -0.12117E-01   -0.13400E-01   -0.72331E-03    0.53069E-04   -0.49111E-03   -0.31935E-04   -0.53134E-07   -0.10417E-07    0.20364E-03   -0.59445E-02    0.21700E-03    0.42371E-04    0.40699E-03   -0.40342E-03   -0.42687E-03   -0.17469E-03    0.45031E-03    0.81998E-03   -0.94944E-04    0.14115E-03   -0.35426E-04   -0.44200E-04    0.29550E-03    0.29159E-03    0.18107E-03   -0.38372E-03    0.53261E-03    0.51116E-03   -0.50549E-03   -0.34413E-04
   -0.20616E-02    0.84868E-02   -0.14450E-02   -0.41078E-01    0.39318E-01    0.73104E+00   -0.80417E-01   -0.91385E-01    0.27346E+04    0.55025E+02   -0.15838E+03    0.11878E+03    0.10803E+03   -0.73860E+02   -0.11261E+01    0.99466E-01    0.13560E+01    0.63611E-03   -0.15406E-02   -0.33858E+00   -0.18102E+02    0.10443E+02   -0.94493E+01    0.29954E+00    0.10668E+01    0.12850E+01   -0.54573E+00   -0.48577E+01   -0.17708E+00    0.20535E+00    0.13325E+01    0.18679E+01   -0.11379E+01    0.19868E+00   -0.63496E+00   -0.24374E+01    0.15569E+01   -0.23511E+01   -0.19342E+01   -0.10350E+01    0.30723E+01
   -0.91710E-03    0.54838E-02   -0.84514E-03   -0.77147E-02    0.15861E-01    0.76874E-01   -0.11228E-01    0.35478E-02    0.55025E+02    0.18858E+03    0.58506E+02   -0.32962E+02   -0.10049E+02   -0.79803E+01   -0.28905E+00   -0.10152E+00   -0.19536E+00    0.28371E-04    0.35625E-02    0.11825E+01   -0.12990E+02    0.10155E+01    0.66336E+00   -0.15271E+00    0.26413E+00   -0.10134E+00   -0.18354E+01   -0.66760E+00   -0.27045E+00   -0.20942E+00    0.25050E+00    0.11878E+01    0.48753E-02    0.44819E+00   -0.30112E-01    0.12477E+00   -0.39500E+00   -0.88620E+00   -0.28932E-02    0.35713E+00   -0.40738E-01
   -0.22821E-03    0.25570E-02   -0.90524E-04    0.24463E-02    0.99286E-04   -0.78330E-01    0.77833E-02    0.20185E-01   -0.15838E+03    0.58506E+02    0.20436E+03   -0.31927E+02   -0.69490E+02    0.46536E+01   -0.72351E-01   -0.87169E+00   -0.10654E+01    0.10584E-03   -0.38284E-02    0.29709E+00   -0.11012E+02    0.11879E+01    0.11709E+01   -0.19957E+00   -0.30065E+00   -0.58278E-01    0.80144E+00    0.30802E+00   -0.40444E+00   -0.77336E-01    0.40294E+00   -0.12344E+01    0.86065E+00   -0.47538E+00    0.56440E+00    0.30765E+00   -0.14399E+00   -0.64525E-01    0.35634E+00    0.38065E+00   -0.10957E+00
   -0.19246E-03    0.54468E-03   -0.19479E-03   -0.40554E-02    0.36876E-02    0.86539E-01   -0.90970E-02   -0.12117E-01    0.11878E+03   -0.32962E+02   -0.31927E+02    0.25437E+02    0.17109E+02   -0.26487E+01    0.20583E-01    0.17295E+00    0.22628E+00   -0.86890E-04   -0.12069E-02    0.41116E-01   -0.96182E+00   -0.90969E+00   -0.55286E+00    0.54374E-01   -0.14693E-01    0.16788E+00    0.80970E+00    0.16643E+00    0.53254E-01    0.12576E+00    0.13894E+00   -0.30491E+00   -0.14253E+00   -0.78858E-01    0.86830E-02    0.21612E-01    0.38297E+00    0.18244E+00   -0.96980E-02   -0.17771E+00    0.15640E+00
   -0.30753E-03    0.11024E-02   -0.34912E-03   -0.58017E-02    0.67811E-02    0.96975E-01   -0.11203E-01   -0.13400E-01    0.10803E+03   -0.10049E+02   -0.69490E+02    0.17109E+02    0.32930E+02   -0.24952E+01    0.73557E-01    0.36733E+00    0.52724E+00   -0.49208E-04    0.16559E-02   -0.16430E+00   -0.10544E+01   -0.50762E+00   -0.47673E+00    0.10972E+00    0.98223E-01    0.96715E-01   -0.26565E+00   -0.51070E-01    0.14108E+00    0.11246E+00   -0.13407E+00    0.45734E+00   -0.52269E+00    0.16309E+00   -0.30865E+00   -0.14765E+00    0.79881E-01   -0.20849E-01   -0.85415E-01   -0.15310E+00    0.14002E+00
    0.39406E-04   -0.20503E-03    0.28554E-04    0.32529E-03   -0.11564E-04   -0.52305E-02   -0.17921E-04   -0.72331E-03   -0.73860E+02   -0.79803E+01    0.46536E+01   -0.26487E+01   -0.24952E+01    0.76904E+01    0.58116E-01    0.26421E+00   -0.13198E+00    0.20345E-04   -0.81319E-04   -0.27363E-01    0.98768E-03    0.19270E+00    0.97224E-01    0.14676E-01   -0.23401E-01   -0.32940E-01   -0.23212E-01    0.41598E-01   -0.55689E-01   -0.33278E-01   -0.98944E-01   -0.12980E+00    0.67391E-01   -0.20649E-01   -0.46128E-01   -0.73729E-01   -0.97744E-01   -0.94420E-02   -0.11886E-01    0.19756E-01   -0.23352E-01
    0.34742E-06    0.51356E-06   -0.48249E-06    0.81510E-05   -0.12207E-04   -0.38022E-03    0.43956E-04    0.53069E-04   -0.11261E+01   -0.28905E+00   -0.72351E-01    0.20583E-01    0.73557E-01    0.58116E-01    0.79419E-02   -0.57497E-02    0.74339E-02    0.11592E-05   -0.23053E-04    0.34814E-02   -0.12551E-01    0.86207E-02    0.63100E-02    0.15588E-02   -0.11302E-02   -0.18450E-02    0.82509E-02    0.12929E-02    0.20309E-02   -0.25689E-02   -0.28389E-02   -0.11288E-01   -0.12651E-02   -0.18010E-02   -0.24753E-02   -0.32613E-02   -0.18147E-02    0.26875E-02   -0.34035E-02   -0.65152E-02   -0.27666E-02
   -0.58113E-05    0.17108E-04   -0.44237E-05   -0.17332E-03    0.20175E-03    0.19853E-02   -0.30817E-03   -0.49111E-03    0.99466E-01   -0.10152E+00   -0.87169E+00    0.17295E+00    0.36733E+00    0.26421E+00   -0.57497E-02    0.46483E-01   -0.11563E-01   -0.35843E-05    0.86412E-04    0.13523E-02   -0.25567E-01   -0.16733E-01   -0.11743E-01   -0.37297E-02    0.44378E-02   -0.83695E-03   -0.23048E-01   -0.17511E-02   -0.15627E-02    0.49020E-02   -0.73485E-02    0.25249E-01    0.13748E-02    0.42065E-02   -0.30055E-02   -0.21148E-02   -0.13800E-02    0.32520E-03    0.13761E-02    0.11666E-01    0.10201E-02
   -0.26112E-05    0.10561E-04   -0.41142E-05   -0.41151E-04    0.44171E-04    0.36612E-03   -0.36231E-04   -0.31935E-04    0.13560E+01   -0.19536E+00   -0.10654E+01    0.22628E+00    0.52724E+00   -0.13198E+00    0.74339E-02   -0.11563E-01    0.21113E-01    0.24983E-06   -0.14753E-04   -0.21894E-02   -0.27861E-02    0.65529E-02   -0.65380E-02    0.66464E-03   -0.85680E-03    0.25041E-03    0.70974E-02    0.48434E-02   -0.53577E-03    0.82170E-02   -0.84528E-02   -0.11461E-01   -0.20347E-01    0.95786E-03   -0.13379E-01   -0.10336E-01   -0.34601E-02    0.60626E-03   -0.79729E-03   -0.51393E-03    0.10340E-01
   -0.85710E-09   -0.89154E-08    0.14061E-08   -0.62020E-07   -0.88776E-07    0.57800E-08   -0.31287E-07   -0.53134E-07    0.63611E-03    0.28371E-04    0.10584E-03   -0.86890E-04   -0.49208E-04    0.20345E-04    0.11592E-05   -0.35843E-05    0.24983E-06    0.15703E-06    0.26730E-08    0.81344E-06    0.38843E-05   -0.20536E-04   -0.14582E-04    0.41634E-06    0.36272E-05    0.38141E-05    0.56753E-05   -0.44362E-05   -0.63550E-06    0.15902E-07    0.27379E-05    0.34157E-05    0.66128E-07    0.16691E-05   -0.45008E-06    0.23934E-05    0.78820E-05   -0.16112E-05   -0.37841E-05   -0.14901E-05    0.48495E-05
   -0.17709E-07    0.67896E-07   -0.22134E-07   -0.18592E-06    0.48843E-06    0.13829E-05   -0.18384E-06   -0.10417E-07   -0.15406E-02    0.35625E-02   -0.38284E-02   -0.12069E-02    0.16559E-02   -0.81319E-04   -0.23053E-04    0.86412E-04   -0.14753E-04    0.26730E-08    0.16464E-05   -0.76690E-05   -0.76090E-04    0.85682E-04    0.45720E-04   -0.90289E-05   -0.11079E-04   -0.52524E-05    0.19493E-03    0.30003E-04    0.13516E-04    0.83837E-05    0.31223E-04   -0.21444E-03   -0.85543E-06   -0.27711E-04    0.26628E-04   -0.68795E-06   -0.64907E-06    0.31603E-04    0.45427E-06   -0.40550E-04    0.21606E-04
    0.44807E-05   -0.17644E-04    0.21414E-05    0.10082E-03   -0.37408E-04   -0.54681E-03    0.13208E-03    0.20364E-03   -0.33858E+00    0.11825E+01    0.29709E+00    0.41116E-01   -0.16430E+00   -0.27363E-01    0.34814E-02    0.13523E-02   -0.21894E-02    0.81344E-06   -0.76690E-05    0.82165E-01   -0.17419E-01    0.42755E-02   -0.87267E-03   -0.22023E-02    0.23252E-02    0.99185E-04   -0.20768E-02   -0.54446E-02   -0.22844E-02    0.45920E-02    0.15671E-02   -0.23842E-02   -0.90974E-03    0.49860E-02   -0.14911E-03   -0.80492E-02   -0.15967E-02   -0.57220E-02   -0.42915E-03    0.27789E-03    0.61699E-02
   -0.72604E-04    0.29772E-03   -0.30731E-04   -0.25075E-02    0.22163E-02    0.22874E-01   -0.36577E-02   -0.59445E-02   -0.18102E+02   -0.12990E+02   -0.11012E+02   -0.96182E+00   -0.10544E+01    0.98768E-03   -0.12551E-01   -0.25567E-01   -0.27861E-02    0.38843E-05   -0.76090E-04   -0.17419E-01    0.82035E+01    0.11925E-01    0.25159E-01    0.58610E-03    0.28092E-01   -0.15319E-01   -0.46095E-01   -0.40923E-01    0.23967E-01    0.76758E-01   -0.68252E-01   -0.31774E-01   -0.31841E-01    0.53636E-02   -0.28244E-01   -0.24581E-01   -0.72247E-01    0.38560E-01   -0.75957E-01    0.12262E-01    0.20692E-01
   -0.10032E-04    0.98023E-04   -0.23793E-05   -0.34196E-03    0.22273E-03   -0.65653E-03   -0.58189E-04    0.21700E-03    0.10443E+02    0.10155E+01    0.11879E+01   -0.90969E+00   -0.50762E+00    0.19270E+00    0.86207E-02   -0.16733E-01    0.65529E-02   -0.20536E-04    0.85682E-04    0.42755E-02    0.11925E-01    0.70226E+00   -0.11276E+00   -0.50277E-02   -0.27041E-02   -0.14082E-02    0.16234E+00   -0.42705E-01   -0.31321E-01   -0.13561E-01   -0.60407E-01    0.29591E-01    0.27752E-01   -0.33176E-01   -0.44367E-01   -0.13651E+00    0.14565E+00    0.28697E-01    0.29897E-02    0.29805E-01    0.72873E-01
   -0.17518E-04    0.68603E-04   -0.11869E-04   -0.14915E-03    0.96443E-05   -0.15962E-02   -0.27178E-03    0.42371E-04   -0.94493E+01    0.66336E+00    0.11709E+01   -0.55286E+00   -0.47673E+00    0.97224E-01    0.63100E-02   -0.11743E-01   -0.65380E-02   -0.14582E-04    0.45720E-04   -0.87267E-03    0.25159E-01   -0.11276E+00    0.96235E+00    0.61879E-02   -0.25482E-02    0.75214E-02   -0.15493E+00    0.19285E+00    0.44101E-01   -0.25636E-01    0.39730E-01   -0.14184E+00    0.28136E-01    0.57192E-02    0.24830E-01    0.19792E+00   -0.23898E+00    0.34835E-01    0.92966E-01    0.16097E-01   -0.22406E+00
    0.63089E-06   -0.76260E-04    0.15917E-04    0.30968E-03   -0.10826E-03    0.44782E-04    0.27055E-04    0.40699E-03    0.29954E+00   -0.15271E+00   -0.19957E+00    0.54374E-01    0.10972E+00    0.14676E-01    0.15588E-02   -0.37297E-02    0.66464E-03    0.41634E-06   -0.90289E-05   -0.22023E-02    0.58610E-03   -0.50277E-02    0.61879E-02    0.99032E+00   -0.10890E-02    0.83994E-02   -0.38206E-01   -0.37471E-01    0.16789E+00   -0.18757E-01    0.85352E-01   -0.32603E-01    0.35226E-01   -0.10351E-01    0.18000E-02    0.95945E-01   -0.65643E-01    0.22146E-01    0.15246E-01   -0.18714E+00    0.96931E-01
    0.25403E-05   -0.18033E-04    0.69862E-05   -0.17713E-03   -0.10495E-04    0.48372E-03   -0.67572E-04   -0.40342E-03    0.10668E+01    0.26413E+00   -0.30065E+00   -0.14693E-01    0.98223E-01   -0.23401E-01   -0.11302E-02    0.44378E-02   -0.85680E-03    0.36272E-05   -0.11079E-04    0.23252E-02    0.28092E-01   -0.27041E-02   -0.25482E-02   -0.10890E-02    0.98369E+00    0.19035E-02    0.35775E-01   -0.92478E-01    0.76747E-01   -0.11278E+00    0.53492E-01    0.72754E-01    0.10556E+00    0.53187E-01    0.13924E+00   -0.94278E-01    0.76729E-01    0.28869E-01   -0.34416E-02   -0.12958E+00    0.39118E-01
   -0.16643E-05   -0.21092E-04   -0.76100E-05   -0.19915E-03    0.94539E-04    0.23772E-02   -0.11907E-03   -0.42687E-03    0.12850E+01   -0.10134E+00   -0.58278E-01    0.16788E+00    0.96715E-01   -0.32940E-01   -0.18450E-02   -0.83695E-03    0.25041E-03    0.38141E-05   -0.52524E-05    0.99185E-04   -0.15319E-01   -0.14082E-02    0.75214E-02    0.83994E-02    0.19035E-02    0.10066E+01    0.33491E-01    0.45193E-01   -0.34650E-01    0.50682E-01    0.59626E-01    0.56842E-01   -0.92425E-01   -0.76144E-01    0.48469E-01    0.30813E-01    0.81435E-01   -0.63305E-01    0.84570E-01   -0.18516E-01   -0.63953E-02
    0.64725E-05   -0.25778E-04   -0.33709E-05   -0.19946E-03   -0.13641E-03   -0.64359E-03    0.33872E-03   -0.17469E-03   -0.54573E+00   -0.18354E+01    0.80144E+00    0.80970E+00   -0.26565E+00   -0.23212E-01    0.82509E-02   -0.23048E-01    0.70974E-02    0.56753E-05    0.19493E-03   -0.20768E-02   -0.46095E-01    0.16234E+00   -0.15493E+00   -0.38206E-01    0.35775E-01    0.33491E-01    0.84397E+00   -0.10120E-01    0.12763E-01   -0.18746E-01   -0.56140E-02    0.36054E-01    0.13015E+00   -0.96252E-01    0.21535E-01   -0.60901E-01    0.64203E+00    0.25274E+00   -0.48391E-01   -0.55448E-01    0.82946E-01
   -0.78976E-06    0.21881E-04    0.27235E-05    0.13438E-03    0.22496E-03   -0.26830E-02    0.97115E-04    0.45031E-03   -0.48577E+01   -0.66760E+00    0.30802E+00    0.16643E+00   -0.51070E-01    0.41598E-01    0.12929E-02   -0.17511E-02    0.48434E-02   -0.44362E-05    0.30003E-04   -0.54446E-02   -0.40923E-01   -0.42705E-01    0.19285E+00   -0.37471E-01   -0.92478E-01    0.45193E-01   -0.10120E-01    0.99626E+00    0.18776E-01    0.97201E-02   -0.10329E-01    0.39700E-01   -0.26990E-01   -0.80230E-01   -0.93070E-02    0.13103E+00   -0.88477E-01    0.26635E+00    0.76901E+00    0.28232E+00   -0.18175E+00
    0.23003E-05   -0.15759E-04    0.98424E-05    0.42605E-03   -0.15547E-03   -0.39085E-04   -0.16005E-04    0.81998E-03   -0.17708E+00   -0.27045E+00   -0.40444E+00    0.53254E-01    0.14108E+00   -0.55689E-01    0.20309E-02   -0.15627E-02   -0.53577E-03   -0.63550E-06    0.13516E-04   -0.22844E-02    0.23967E-01   -0.31321E-01    0.44101E-01    0.16789E+00    0.76747E-01   -0.34650E-01    0.12763E-01    0.18776E-01    0.95640E+00    0.18482E-01    0.19272E-02    0.75260E-01   -0.37986E-01    0.12379E+00    0.15186E+00   -0.14647E+00   -0.17823E+00    0.61524E+00    0.14685E+00   -0.58726E+00    0.19160E+00
   -0.64219E-05    0.60808E-05   -0.31172E-05   -0.32237E-04    0.71040E-04   -0.13102E-02   -0.23883E-04   -0.94944E-04    0.20535E+00   -0.20942E+00   -0.77336E-01    0.12576E+00    0.11246E+00   -0.33278E-01   -0.25689E-02    0.49020E-02    0.82170E-02    0.15902E-07    0.83837E-05    0.45920E-02    0.76758E-01   -0.13561E-01   -0.25636E-01   -0.18757E-01   -0.11278E+00    0.50682E-01   -0.18746E-01    0.97201E-02    0.18482E-01    0.97384E+00   -0.55775E-02   -0.13217E-01   -0.10082E+00   -0.13246E+00   -0.14273E-01   -0.83022E-01   -0.82280E-01    0.93240E-01   -0.30306E-01    0.29527E+00    0.65772E+00
   -0.27110E-07   -0.51064E-04    0.49787E-05    0.17545E-03   -0.18642E-03    0.25865E-03    0.33109E-04    0.14115E-03    0.13325E+01    0.25050E+00    0.40294E+00    0.13894E+00   -0.13407E+00   -0.98944E-01   -0.28389E-02   -0.73485E-02   -0.84528E-02    0.27379E-05    0.31223E-04    0.15671E-02   -0.68252E-01   -0.60407E-01    0.39730E-01    0.85352E-01    0.53492E-01    0.59626E-01   -0.56140E-02   -0.10329E-01    0.19272E-02   -0.55775E-02    0.10061E+01   -0.68624E-01    0.88212E-01    0.38113E-01    0.17274E+00    0.20114E-01    0.11880E+00   -0.56709E+00    0.38750E+00   -0.35971E+00    0.22505E+00
   -0.34713E-05    0.41406E-04    0.73052E-06   -0.88787E-04    0.21420E-03    0.33826E-02   -0.83415E-04   -0.35426E-04    0.18679E+01    0.11878E+01   -0.12344E+01   -0.30491E+00    0.45734E+00   -0.12980E+00   -0.11288E-01    0.25249E-01   -0.11461E-01    0.34157E-05   -0.21444E-03   -0.23842E-02   -0.31774E-01    0.29591E-01   -0.14184E+00   -0.32603E-01    0.72754E-01    0.56842E-01    0.36054E-01    0.39700E-01    0.75260E-01   -0.13217E-01   -0.68624E-01    0.90818E+00   -0.18952E-01   -0.19709E-01   -0.17700E-01   -0.23454E-01    0.60226E+00    0.16857E+00    0.11268E+00    0.55893E-01   -0.80872E-01
   -0.55735E-05   -0.99337E-05   -0.12435E-04   -0.14360E-04    0.93624E-04    0.19324E-02    0.52878E-04   -0.44200E-04   -0.11379E+01    0.48753E-02    0.86065E+00   -0.14253E+00   -0.52269E+00    0.67391E-01   -0.12651E-02    0.13748E-02   -0.20347E-01    0.66128E-07   -0.85543E-06   -0.90974E-03   -0.31841E-01    0.27752E-01    0.28136E-01    0.35226E-01    0.10556E+00   -0.92425E-01    0.13015E+00   -0.26990E-01   -0.37986E-01   -0.10082E+00    0.88212E-01   -0.18952E-01    0.98408E+00    0.12873E-01    0.78895E-02    0.59863E-02    0.92007E-01    0.15480E+00   -0.16577E-01    0.12324E+00    0.15983E+00
    0.86977E-06   -0.38934E-05    0.36298E-05    0.18136E-03    0.10955E-03    0.10461E-02   -0.63627E-04    0.29550E-03    0.19868E+00    0.44819E+00   -0.47538E+00   -0.78858E-01    0.16309E+00   -0.20649E-01   -0.18010E-02    0.42065E-02    0.95786E-03    0.16691E-05   -0.27711E-04    0.49860E-02    0.53636E-02   -0.33176E-01    0.57192E-02   -0.10351E-01    0.53187E-01   -0.76144E-01   -0.96252E-01   -0.80230E-01    0.12379E+00   -0.13246E+00    0.38113E-01   -0.19709E-01    0.12873E-01    0.99781E+00   -0.98791E-02   -0.19580E-01   -0.11657E+00    0.29260E-01    0.13955E+00    0.28843E-01   -0.51372E-01
   -0.15749E-05    0.24250E-04    0.31925E-05    0.11723E-03   -0.15034E-03    0.17132E-03   -0.65809E-04    0.29159E-03   -0.63496E+00   -0.30112E-01    0.56440E+00    0.86830E-02   -0.30865E+00   -0.46128E-01   -0.24753E-02   -0.30055E-02   -0.13379E-01   -0.45008E-06    0.26628E-04   -0.14911E-03   -0.28244E-01   -0.44367E-01    0.24830E-01    0.18000E-02    0.13924E+00    0.48469E-01    0.21535E-01   -0.93070E-02    0.15186E+00   -0.14273E-01    0.17274E+00   -0.17700E-01    0.78895E-02   -0.98791E-02    0.10004E+01    0.34545E-03   -0.12396E-01    0.31549E-01    0.13152E+00   -0.26552E+00    0.12951E+00
   -0.33342E-05   -0.19598E-04   -0.85901E-05    0.16711E-03   -0.24318E-04    0.31822E-02   -0.44629E-04    0.18107E-03   -0.24374E+01    0.12477E+00    0.30765E+00    0.21612E-01   -0.14765E+00   -0.73729E-01   -0.32613E-02   -0.21148E-02   -0.10336E-01    0.23934E-05   -0.68795E-06   -0.80492E-02   -0.24581E-01   -0.13651E+00    0.19792E+00    0.95945E-01   -0.94278E-01    0.30813E-01   -0.60901E-01    0.13103E+00   -0.14647E+00   -0.83022E-01    0.20114E-01   -0.23454E-01    0.59863E-02   -0.19580E-01    0.34545E-03    0.10064E+01   -0.47890E-01   -0.58647E-01    0.32730E-02    0.18046E+00   -0.98239E-01
    0.21370E-05    0.57994E-05   -0.33117E-05   -0.30608E-03    0.20728E-04    0.20408E-02    0.19519E-03   -0.38372E-03    0.15569E+01   -0.39500E+00   -0.14399E+00    0.38297E+00    0.79881E-01   -0.97744E-01   -0.18147E-02   -0.13800E-02   -0.34601E-02    0.78820E-05   -0.64907E-06   -0.15967E-02   -0.72247E-01    0.14565E+00   -0.23898E+00   -0.65643E-01    0.76729E-01    0.81435E-01    0.64203E+00   -0.88477E-01   -0.17823E+00   -0.82280E-01    0.11880E+00    0.60226E+00    0.92007E-01   -0.11657E+00   -0.12396E-01   -0.47890E-01    0.96327E+00   -0.10028E-01    0.32761E-02   -0.42751E-02   -0.16528E-01
    0.10619E-05    0.68005E-05    0.80092E-06    0.18756E-03    0.75051E-04   -0.59015E-03    0.81180E-04    0.53261E-03   -0.23511E+01   -0.88620E+00   -0.64525E-01    0.18244E+00   -0.20849E-01   -0.94420E-02    0.26875E-02    0.32520E-03    0.60626E-03   -0.16112E-05    0.31603E-04   -0.57220E-02    0.38560E-01    0.28697E-01    0.34835E-01    0.22146E-01    0.28869E-01   -0.63305E-01    0.25274E+00    0.26635E+00    0.61524E+00    0.93240E-01   -0.56709E+00    0.16857E+00    0.15480E+00    0.29260E-01    0.31549E-01   -0.58647E-01   -0.10028E-01    0.98817E+00    0.30766E-02    0.27057E-01    0.50768E-02
    0.14947E-05    0.40627E-05    0.11717E-04    0.19173E-03    0.13240E-03   -0.15931E-02    0.12463E-03    0.51116E-03   -0.19342E+01   -0.28932E-02    0.35634E+00   -0.96980E-02   -0.85415E-01   -0.11886E-01   -0.34035E-02    0.13761E-02   -0.79729E-03   -0.37841E-05    0.45427E-06   -0.42915E-03   -0.75957E-01    0.29897E-02    0.92966E-01    0.15246E-01   -0.34416E-02    0.84570E-01   -0.48391E-01    0.76901E+00    0.14685E+00   -0.30306E-01    0.38750E+00    0.11268E+00   -0.16577E-01    0.13955E+00    0.13152E+00    0.32730E-02    0.32761E-02    0.30766E-02    0.98689E+00   -0.19855E-01    0.17724E-01
   -0.51074E-05    0.40341E-04   -0.11269E-04   -0.32419E-03    0.36346E-03    0.46614E-03   -0.25656E-07   -0.50549E-03   -0.10350E+01    0.35713E+00    0.38065E+00   -0.17771E+00   -0.15310E+00    0.19756E-01   -0.65152E-02    0.11666E-01   -0.51393E-03   -0.14901E-05   -0.40550E-04    0.27789E-03    0.12262E-01    0.29805E-01    0.16097E-01   -0.18714E+00   -0.12958E+00   -0.18516E-01   -0.55448E-01    0.28232E+00   -0.58726E+00    0.29527E+00   -0.35971E+00    0.55893E-01    0.12324E+00    0.28843E-01   -0.26552E+00    0.18046E+00   -0.42751E-02    0.27057E-01   -0.19855E-01    0.96873E+00   -0.74942E-02
   -0.28101E-05   -0.50899E-05   -0.17128E-05   -0.31317E-05   -0.98419E-04    0.75380E-03    0.14231E-04   -0.34413E-04    0.30723E+01   -0.40738E-01   -0.10957E+00    0.15640E+00    0.14002E+00   -0.23352E-01   -0.27666E-02    0.10201E-02    0.10340E-01    0.48495E-05    0.21606E-04    0.61699E-02    0.20692E-01    0.72873E-01   -0.22406E+00    0.96931E-01    0.39118E-01   -0.63953E-02    0.82946E-01   -0.18175E+00    0.19160E+00    0.65772E+00    0.22505E+00   -0.80872E-01    0.15983E+00   -0.51372E-01    0.12951E+00   -0.98239E-01   -0.16528E-01    0.50768E-02    0.17724E-01   -0.74942E-02    0.97045E+00
