# omegabh2 omegach2 theta tau logA ns r calPlanck BBdust BBalphadust acib217 xi asz143 aps100 aps143 aps143217 aps217 aksz kgal100 kgal143 kgal143217 kgal217 cal0 cal2
    0.5224474E-07   -0.2809636E-06    0.5259590E-07    0.1795379E-05    0.3065881E-05    0.8237892E-06    0.2565952E-07    0.1678752E-07    0.4728981E-05    0.5904141E-06   -0.2003323E-03    0.2920436E-05    0.6170810E-04   -0.8703666E-03   -0.5598886E-03   -0.1675409E-03    0.3019226E-05   -0.7975056E-04   -0.1775970E-05   -0.6607063E-05   -0.3197184E-04   -0.1515732E-04    0.4376130E-08   -0.2324021E-07
   -0.2809636E-06    0.4939730E-05   -0.5175763E-06   -0.1794687E-04   -0.2417124E-04   -0.1166718E-04   -0.5805585E-05   -0.1020399E-06   -0.2894234E-04   -0.2205086E-04    0.7009561E-03   -0.1833673E-05   -0.1946857E-03    0.2046911E-02    0.2526150E-02    0.1451791E-02    0.5497765E-03    0.1693533E-03    0.6802833E-04   -0.3253292E-04    0.8169375E-04    0.4120215E-04   -0.2152929E-07    0.8249380E-07
    0.5259590E-07   -0.5175763E-06    0.2395145E-06    0.2534799E-05    0.4045663E-05    0.1525468E-05    0.2963844E-06    0.1804902E-07    0.2727497E-05    0.1297316E-05   -0.1016012E-03   -0.2262104E-05    0.3930296E-04   -0.2954756E-03   -0.3815476E-03   -0.2060724E-03   -0.4405789E-04   -0.3968691E-04   -0.8778745E-05    0.8551110E-05   -0.1714448E-04   -0.1547795E-04    0.1195297E-08   -0.1648247E-07
    0.1795379E-05   -0.1794687E-04    0.2534799E-05    0.3462320E-03    0.6468252E-03    0.5727978E-04   -0.3068531E-04   -0.1569101E-05    0.2388791E-04    0.7650365E-04   -0.1595078E-01    0.2962659E-03    0.3545743E-02   -0.5842785E-01   -0.2569979E-01   -0.1515678E-02    0.9830304E-02   -0.6085548E-02   -0.9047870E-03   -0.6686367E-03   -0.1524763E-02    0.6965101E-03   -0.4311139E-07   -0.1782678E-05
    0.3065881E-05   -0.2417124E-04    0.4045663E-05    0.6468252E-03    0.1260378E-02    0.8555792E-04   -0.8152346E-04    0.9691237E-05   -0.1206724E-04    0.1437777E-03   -0.3079389E-01    0.6684285E-03    0.6700868E-02   -0.1063607E+00   -0.4414794E-01    0.3950615E-02    0.2741983E-01   -0.1271653E-01   -0.2002507E-02   -0.2012183E-02   -0.3337020E-02    0.3111617E-02    0.1237710E-06   -0.3492895E-05
    0.8237892E-06   -0.1166718E-04    0.1525468E-05    0.5727978E-04    0.8555792E-04    0.3944095E-04    0.1885586E-04    0.4158510E-06   -0.2971346E-04    0.5323460E-04   -0.7120090E-02    0.1146321E-03    0.1834735E-02   -0.3394241E-01   -0.1223195E-01    0.3096710E-03    0.6101377E-02   -0.3288940E-02    0.2134784E-03   -0.1619045E-03   -0.6723512E-03    0.5841664E-03   -0.1399451E-06   -0.6655497E-06
    0.2565952E-07   -0.5805585E-05    0.2963844E-06   -0.3068531E-04   -0.8152346E-04    0.1885586E-04    0.6893035E-03   -0.1200528E-05   -0.8918033E-02   -0.7451245E-04    0.1961271E-03    0.1165711E-03    0.6828587E-03   -0.1192834E-01    0.2371219E-02    0.4755314E-02    0.4448469E-03   -0.1132893E-02   -0.7199428E-04   -0.3574301E-03    0.7408844E-03    0.4068575E-04   -0.2009651E-06   -0.9925651E-08
    0.1678752E-07   -0.1020399E-06    0.1804902E-07   -0.1569101E-05    0.9691237E-05    0.4158510E-06   -0.1200528E-05    0.6444659E-05   -0.2218786E-04    0.1581533E-04    0.6249823E-03    0.9502437E-05   -0.1729572E-04    0.3958516E-02    0.5229729E-03    0.5247701E-03    0.1443058E-02   -0.3940984E-04   -0.3463518E-04   -0.3696112E-04   -0.1149660E-04    0.8235281E-03    0.4426133E-08   -0.8820519E-08
    0.4728981E-05   -0.2894234E-04    0.2727497E-05    0.2388791E-04   -0.1206724E-04   -0.2971346E-04   -0.8918033E-02   -0.2218786E-04    0.6628001E+00   -0.2863982E-01    0.2685238E-01   -0.1126866E-02   -0.1521735E-01    0.2229712E+00    0.1650355E-01   -0.4410720E-01   -0.6518989E-01    0.1220869E-01    0.1753093E-01   -0.7532067E-02   -0.3959153E-01   -0.5553104E-01    0.1014092E-04    0.4278151E-05
    0.5904141E-06   -0.2205086E-04    0.1297316E-05    0.7650365E-04    0.1437777E-03    0.5323460E-04   -0.7451245E-04    0.1581533E-04   -0.2863982E-01    0.5154780E-01   -0.1068010E-01    0.8007005E-03   -0.3712075E-02   -0.1105592E-01    0.1484619E-01    0.9094475E-02    0.1656408E-01   -0.5708919E-02   -0.7879356E-05   -0.4095382E-02   -0.2314966E-02   -0.5413561E-03    0.8062836E-06   -0.1673403E-05
   -0.2003323E-03    0.7009561E-03   -0.1016012E-03   -0.1595078E-01   -0.3079389E-01   -0.7120090E-02    0.1961271E-03    0.6249823E-03    0.2685238E-01   -0.1068010E-01    0.4436902E+02   -0.5280480E+00   -0.1951097E+01    0.4588482E+02    0.6906693E+00   -0.2222853E+02   -0.6218520E+02    0.7703514E+00   -0.1189872E-01    0.1797667E+00   -0.2069930E+01   -0.1870173E+02   -0.2235960E-03    0.4460088E-02
    0.2920436E-05   -0.1833673E-05   -0.2262104E-05    0.2962659E-03    0.6684285E-03    0.1146321E-03    0.1165711E-03    0.9502437E-05   -0.1126866E-02    0.8007005E-03   -0.5280480E+00    0.8101899E-01   -0.5600992E-01   -0.5856463E+00    0.9973993E+00    0.1903474E+01    0.8311707E+00    0.5386056E-01   -0.7884147E-02    0.4792120E-02    0.1172268E+00    0.1425083E+00    0.6850494E-05   -0.2135821E-04
    0.6170810E-04   -0.1946857E-03    0.3930296E-04    0.3545743E-02    0.6700868E-02    0.1834735E-02    0.6828587E-03   -0.1729572E-04   -0.1521735E-01   -0.3712075E-02   -0.1951097E+01   -0.5600992E-01    0.3756683E+01   -0.2992354E+02   -0.4241984E+01    0.7747448E+01    0.6839131E+01   -0.2684156E+01   -0.1505118E+00    0.1917577E-01    0.2304665E+01    0.2067540E+01    0.1759679E-03   -0.3725711E-03
   -0.8703666E-03    0.2046911E-02   -0.2954756E-03   -0.5842785E-01   -0.1063607E+00   -0.3394241E-01   -0.1192834E-01    0.3958516E-02    0.2229712E+00   -0.1105592E-01    0.4588482E+02   -0.5856463E+00   -0.2992354E+02    0.7887299E+03    0.7480796E+02   -0.5972616E+02   -0.7251995E+02    0.1430049E+02   -0.4063593E+01    0.3065777E+01   -0.1098483E+02   -0.1573482E+02    0.6423614E-02    0.4507204E-02
   -0.5598886E-03    0.2526150E-02   -0.3815476E-03   -0.2569979E-01   -0.4414794E-01   -0.1223195E-01    0.2371219E-02    0.5229729E-03    0.1650355E-01    0.1484619E-01    0.6906693E+00    0.9973993E+00   -0.4241984E+01    0.7480796E+02    0.6409980E+02    0.4535030E+02    0.1895394E+02   -0.4029820E+01   -0.2599240E+00   -0.9603010E+00    0.4128149E+01    0.4450815E+01    0.1087701E-03    0.2110475E-03
   -0.1675409E-03    0.1451791E-02   -0.2060724E-03   -0.1515678E-02    0.3950615E-02    0.3096710E-03    0.4755314E-02    0.5247701E-03   -0.4410720E-01    0.9094475E-02   -0.2222853E+02    0.1903474E+01    0.7747448E+01   -0.5972616E+02    0.4535030E+02    0.9971189E+02    0.6898545E+02   -0.1199242E+02   -0.6615828E+00   -0.4174130E+00    0.5239821E+01    0.6216541E+01    0.6970864E-03   -0.2633927E-02
    0.3019226E-05    0.5497765E-03   -0.4405789E-04    0.9830304E-02    0.2741983E-01    0.6101377E-02    0.4448469E-03    0.1443058E-02   -0.6518989E-01    0.1656408E-01   -0.6218520E+02    0.8311707E+00    0.6839131E+01   -0.7251995E+02    0.1895394E+02    0.6898545E+02    0.1237002E+03   -0.1056763E+02   -0.3460016E+00   -0.3792950E+00   -0.1853645E+00    0.1533591E+02    0.6117061E-03   -0.7792160E-02
   -0.7975056E-04    0.1693533E-03   -0.3968691E-04   -0.6085548E-02   -0.1271653E-01   -0.3288940E-02   -0.1132893E-02   -0.3940984E-04    0.1220869E-01   -0.5708919E-02    0.7703514E+00    0.5386056E-01   -0.2684156E+01    0.1430049E+02   -0.4029820E+01   -0.1199242E+02   -0.1056763E+02    0.6059500E+01    0.6083414E-01   -0.4972691E-01   -0.1867894E+01   -0.1522945E+01   -0.1062654E-03    0.2020672E-03
   -0.1775970E-05    0.6802833E-04   -0.8778745E-05   -0.9047870E-03   -0.2002507E-02    0.2134784E-03   -0.7199428E-04   -0.3463518E-04    0.1753093E-01   -0.7879356E-05   -0.1189872E-01   -0.7884147E-02   -0.1505118E+00   -0.4063593E+01   -0.2599240E+00   -0.6615828E+00   -0.3460016E+00    0.6083414E-01    0.3494639E+01    0.4319048E+00    0.1787519E+00    0.2935545E+00    0.2855115E-03   -0.7260195E-05
   -0.6607063E-05   -0.3253292E-04    0.8551110E-05   -0.6686367E-03   -0.2012183E-02   -0.1619045E-03   -0.3574301E-03   -0.3696112E-04   -0.7532067E-02   -0.4095382E-02    0.1797667E+00    0.4792120E-02    0.1917577E-01    0.3065777E+01   -0.9603010E+00   -0.4174130E+00   -0.3792950E+00   -0.4972691E-01    0.4319048E+00    0.3392867E+01    0.2499149E+01    0.1553779E+01   -0.2980393E-03   -0.2151488E-03
   -0.3197184E-04    0.8169375E-04   -0.1714448E-04   -0.1524763E-02   -0.3337020E-02   -0.6723512E-03    0.7408844E-03   -0.1149660E-04   -0.3959153E-01   -0.2314966E-02   -0.2069930E+01    0.1172268E+00    0.2304665E+01   -0.1098483E+02    0.4128149E+01    0.5239821E+01   -0.1853645E+00   -0.1867894E+01    0.1787519E+00    0.2499149E+01    0.1707553E+02    0.2566415E+02    0.2037261E-04    0.2549595E-02
   -0.1515732E-04    0.4120215E-04   -0.1547795E-04    0.6965101E-03    0.3111617E-02    0.5841664E-03    0.4068575E-04    0.8235281E-03   -0.5553104E-01   -0.5413561E-03   -0.1870173E+02    0.1425083E+00    0.2067540E+01   -0.1573482E+02    0.4450815E+01    0.6216541E+01    0.1533591E+02   -0.1522945E+01    0.2935545E+00    0.1553779E+01    0.2566415E+02    0.5483197E+02    0.1036258E-03    0.4601882E-02
    0.4376130E-08   -0.2152929E-07    0.1195297E-08   -0.4311139E-07    0.1237710E-06   -0.1399451E-06   -0.2009651E-06    0.4426133E-08    0.1014092E-04    0.8062836E-06   -0.2235960E-03    0.6850494E-05    0.1759679E-03    0.6423614E-02    0.1087701E-03    0.6970864E-03    0.6117061E-03   -0.1062654E-03    0.2855115E-03   -0.2980393E-03    0.2037261E-04    0.1036258E-03    0.6017012E-06    0.3139571E-08
   -0.2324021E-07    0.8249380E-07   -0.1648247E-07   -0.1782678E-05   -0.3492895E-05   -0.6655497E-06   -0.9925651E-08   -0.8820519E-08    0.4278151E-05   -0.1673403E-05    0.4460088E-02   -0.2135821E-04   -0.3725711E-03    0.4507204E-02    0.2110475E-03   -0.2633927E-02   -0.7792160E-02    0.2020672E-03   -0.7260195E-05   -0.2151488E-03    0.2549595E-02    0.4601882E-02    0.3139571E-08    0.2104399E-05
