# omegabh2 omegach2 theta tau meffsterile nnu logA ns aps100 aps143 aps217 acib143 acib217 asz143 psr cibr ncib xi aksz cal0 cal2 calTE calEE bm_1_1
    0.3228887E-07    0.1721595E-06   -0.8437384E-08    0.7715361E-06    0.1995161E-05    0.1345678E-04    0.1907604E-05    0.6469824E-06    0.2287816E-03   -0.5916148E-04    0.4285160E-04   -0.6376045E-05   -0.5183461E-04    0.4142254E-05   -0.3058600E-07   -0.5229466E-06   -0.1039340E-05    0.2114949E-06   -0.1159462E-04    0.2135811E-08    0.8914007E-08   -0.2441214E-07   -0.1137577E-06    0.2967245E-05
    0.1721595E-06    0.1033927E-04   -0.7686136E-06    0.7385666E-06   -0.1935318E-03    0.4153351E-03    0.1905235E-04    0.1295950E-04    0.1286504E-01    0.3625066E-02   -0.1952983E-02    0.1639552E-02    0.2863699E-02    0.3030421E-03   -0.2166008E-04    0.4007885E-04    0.2009062E-04   -0.5411838E-05    0.6617377E-03   -0.1731303E-06    0.2463275E-06    0.2539928E-05    0.4900706E-05    0.1410942E-03
   -0.8437384E-08   -0.7686136E-06    0.1470431E-06    0.1446865E-06    0.5897115E-05   -0.3762155E-04   -0.1094631E-05   -0.1065880E-05   -0.1264389E-02   -0.3868903E-03    0.3066733E-03   -0.1160919E-03   -0.3379505E-03   -0.3623333E-04    0.1679888E-05   -0.5094124E-05   -0.4335122E-05    0.1090119E-05   -0.7133701E-04    0.8584467E-08    0.1019892E-07   -0.2589289E-06   -0.4710322E-06   -0.8465541E-05
    0.7715361E-06    0.7385666E-06    0.1446865E-06    0.1314368E-03    0.2737722E-03    0.4049617E-03    0.2587088E-03    0.3216738E-04    0.3216206E-02   -0.2231561E-02    0.7540709E-02   -0.4636772E-03   -0.5211927E-02   -0.2184790E-03   -0.1630397E-04   -0.6173194E-04   -0.9390855E-04   -0.4555947E-04   -0.1209332E-02   -0.1141168E-06   -0.6266039E-06   -0.4786943E-05   -0.2049910E-05   -0.2386890E-03
    0.1995161E-05   -0.1935318E-03    0.5897115E-05    0.2737722E-03    0.2218619E-01    0.5977654E-04    0.4395748E-03   -0.1465854E-03    0.1220849E+00    0.4209133E-01    0.3584988E-02   -0.1771609E-01    0.1007245E-01   -0.1129516E-01    0.3029437E-03    0.5639058E-03    0.5581402E-03   -0.8950047E-03    0.2864422E-02    0.3154058E-05   -0.9627905E-05   -0.3705556E-04   -0.5772184E-04   -0.2306758E-02
    0.1345678E-04    0.4153351E-03   -0.3762155E-04    0.4049617E-03    0.5977654E-04    0.2312787E-01    0.1605482E-02    0.7825238E-03    0.7104541E+00    0.1900212E+00   -0.1298869E+00    0.8276598E-01    0.1594992E+00    0.1304311E-01   -0.1051519E-02    0.2741137E-02    0.1256870E-02   -0.3562244E-03    0.3186672E-01   -0.7049414E-05    0.5028932E-05    0.1184872E-03    0.2577217E-03    0.5427554E-02
    0.1907604E-05    0.1905235E-04   -0.1094631E-05    0.2587088E-03    0.4395748E-03    0.1605482E-02    0.5497407E-03    0.8519577E-04    0.3019073E-01    0.7582208E-02    0.1506175E-01   -0.2927326E-03   -0.5226009E-02   -0.4481487E-03   -0.5970489E-04   -0.6594762E-04   -0.1040130E-03   -0.1148440E-03   -0.2584449E-02   -0.3690168E-06    0.4325624E-06   -0.2657389E-05    0.8758538E-05    0.2594288E-03
    0.6469824E-06    0.1295950E-04   -0.1065880E-05    0.3216738E-04   -0.1465854E-03    0.7825238E-03    0.8519577E-04    0.4483306E-04    0.5744599E-02    0.4459788E-02    0.7494740E-02   -0.1243629E-03   -0.1745120E-02   -0.1234879E-04    0.2125398E-04   -0.7155145E-04   -0.1376617E-04    0.6494194E-04   -0.1450881E-02   -0.3837958E-06    0.5746372E-06    0.3261664E-05    0.6393077E-05    0.2880424E-03
    0.2287816E-03    0.1286504E-01   -0.1264389E-02    0.3216206E-02    0.1220849E+00    0.7104541E+00    0.3019073E-01    0.5744599E-02    0.2419442E+04    0.7939269E+02   -0.1323010E+03    0.7074844E+02    0.9337975E+02   -0.5708633E+02   -0.1017216E+01   -0.9543596E+00    0.8567175E+00   -0.9256756E-01   -0.1759386E+02    0.1927607E-02    0.2874470E-02    0.5581562E-02    0.1119816E-01    0.1082421E+02
   -0.5916148E-04    0.3625066E-02   -0.3868903E-03   -0.2231561E-02    0.4209133E-01    0.1900212E+00    0.7582208E-02    0.4459788E-02    0.7939269E+02    0.1129910E+03    0.2825735E+02   -0.1800089E+02    0.2464103E+00   -0.6472861E+01   -0.1139554E+00    0.7966971E-01    0.8387431E-01    0.9698712E+00   -0.1122219E+02    0.3040920E-03    0.3811179E-03    0.4932755E-02    0.7218250E-02    0.1467863E+00
    0.4285160E-04   -0.1952983E-02    0.3066733E-03    0.7540709E-02    0.3584988E-02   -0.1298869E+00    0.1506175E-01    0.7494740E-02   -0.1323010E+03    0.2825735E+02    0.3124824E+03   -0.2874203E+02   -0.1461295E+03    0.1632973E+01    0.1623317E+00   -0.1520575E+01   -0.1727567E+01    0.5688493E+00   -0.7457570E+01   -0.4173404E-03   -0.5024415E-02    0.1021480E-02   -0.6604763E-03   -0.2361356E-01
   -0.6376045E-05    0.1639552E-02   -0.1160919E-03   -0.4636772E-03   -0.1771609E-01    0.8276598E-01   -0.2927326E-03   -0.1243629E-03    0.7074844E+02   -0.1800089E+02   -0.2874203E+02    0.2242516E+02    0.1759136E+02   -0.2077803E+01   -0.1636993E-01    0.1845543E-01    0.1807969E+00    0.1849873E+00   -0.1461445E+01   -0.2609710E-03   -0.6633221E-03   -0.1052927E-02    0.4055757E-03   -0.1938717E+00
   -0.5183461E-04    0.2863699E-02   -0.3379505E-03   -0.5211927E-02    0.1007245E-01    0.1594992E+00   -0.5226009E-02   -0.1745120E-02    0.9337975E+02    0.2464103E+00   -0.1461295E+03    0.1759136E+02    0.8094991E+02   -0.1684039E+00   -0.5168749E-02    0.7364513E+00    0.1071376E+01   -0.3186714E+00   -0.3045832E+01    0.2594188E-03    0.1722747E-02    0.1179619E-02    0.3277043E-02    0.1690990E+00
    0.4142254E-05    0.3030421E-03   -0.3623333E-04   -0.2184790E-03   -0.1129516E-01    0.1304311E-01   -0.4481487E-03   -0.1234879E-04   -0.5708633E+02   -0.6472861E+01    0.1632973E+01   -0.2077803E+01   -0.1684039E+00    0.6981929E+01    0.7704449E-01    0.2434092E+00    0.2651464E-02   -0.6708307E-01   -0.3533946E+00    0.7405190E-04   -0.7324142E-03    0.3927555E-03   -0.2396873E-03    0.1815218E+00
   -0.3058600E-07   -0.2166008E-04    0.1679888E-05   -0.1630397E-04    0.3029437E-03   -0.1051519E-02   -0.5970489E-04    0.2125398E-04   -0.1017216E+01   -0.1139554E+00    0.1623317E+00   -0.1636993E-01   -0.5168749E-02    0.7704449E-01    0.1487629E-01   -0.8600598E-02    0.4525797E-02    0.7740583E-02   -0.2826689E-01    0.3426344E-06   -0.2498796E-04    0.1385073E-04   -0.6602716E-05    0.3027285E-02
   -0.5229466E-06    0.4007885E-04   -0.5094124E-05   -0.6173194E-04    0.5639058E-03    0.2741137E-02   -0.6594762E-04   -0.7155145E-04   -0.9543596E+00    0.7966971E-01   -0.1520575E+01    0.1845543E-01    0.7364513E+00    0.2434092E+00   -0.8600598E-02    0.4977253E-01    0.2349639E-03    0.1158471E-02   -0.4308066E-01    0.4232964E-05    0.6804355E-04    0.8264979E-05    0.1831710E-04    0.1755701E-02
   -0.1039340E-05    0.2009062E-04   -0.4335122E-05   -0.9390855E-04    0.5581402E-03    0.1256870E-02   -0.1040130E-03   -0.1376617E-04    0.8567175E+00    0.8387431E-01   -0.1727567E+01    0.1807969E+00    0.1071376E+01    0.2651464E-02    0.4525797E-02    0.2349639E-03    0.2405748E-01   -0.1985742E-02   -0.3252884E-01    0.6566384E-05   -0.5924442E-04    0.3333986E-04    0.6831028E-04    0.1000757E-01
    0.2114949E-06   -0.5411838E-05    0.1090119E-05   -0.4555947E-04   -0.8950047E-03   -0.3562244E-03   -0.1148440E-03    0.6494194E-04   -0.9256756E-01    0.9698712E+00    0.5688493E+00    0.1849873E+00   -0.3186714E+00   -0.6708307E-01    0.7740583E-02    0.1158471E-02   -0.1985742E-02    0.7994810E-01    0.4279842E-01   -0.5769987E-06   -0.1908648E-04    0.2621360E-05    0.5047766E-05   -0.2129648E-02
   -0.1159462E-04    0.6617377E-03   -0.7133701E-04   -0.1209332E-02    0.2864422E-02    0.3186672E-01   -0.2584449E-02   -0.1450881E-02   -0.1759386E+02   -0.1122219E+02   -0.7457570E+01   -0.1461445E+01   -0.3045832E+01   -0.3533946E+00   -0.2826689E-01   -0.4308066E-01   -0.3252884E-01    0.4279842E-01    0.8006913E+01    0.1578871E-04    0.9927466E-04   -0.3012739E-03    0.1285391E-03   -0.1649943E-01
    0.2135811E-08   -0.1731303E-06    0.8584467E-08   -0.1141168E-06    0.3154058E-05   -0.7049414E-05   -0.3690168E-06   -0.3837958E-06    0.1927607E-02    0.3040920E-03   -0.4173404E-03   -0.2609710E-03    0.2594188E-03    0.7405190E-04    0.3426344E-06    0.4232964E-05    0.6566384E-05   -0.5769987E-06    0.1578871E-04    0.8337391E-06    0.7973980E-08    0.4541967E-07    0.9093975E-07   -0.1026965E-03
    0.8914007E-08    0.2463275E-06    0.1019892E-07   -0.6266039E-06   -0.9627905E-05    0.5028932E-05    0.4325624E-06    0.5746372E-06    0.2874470E-02    0.3811179E-03   -0.5024415E-02   -0.6633221E-03    0.1722747E-02   -0.7324142E-03   -0.2498796E-04    0.6804355E-04   -0.5924442E-04   -0.1908648E-04    0.9927466E-04    0.7973980E-08    0.5350644E-05    0.8183879E-06    0.8413732E-06    0.2204501E-03
   -0.2441214E-07    0.2539928E-05   -0.2589289E-06   -0.4786943E-05   -0.3705556E-04    0.1184872E-03   -0.2657389E-05    0.3261664E-05    0.5581562E-02    0.4932755E-02    0.1021480E-02   -0.1052927E-02    0.1179619E-02    0.3927555E-03    0.1385073E-04    0.8264979E-05    0.3333986E-04    0.2621360E-05   -0.3012739E-03    0.4541967E-07    0.8183879E-06    0.2324729E-04    0.9321512E-05    0.4093685E-03
   -0.1137577E-06    0.4900706E-05   -0.4710322E-06   -0.2049910E-05   -0.5772184E-04    0.2577217E-03    0.8758538E-05    0.6393077E-05    0.1119816E-01    0.7218250E-02   -0.6604763E-03    0.4055757E-03    0.3277043E-02   -0.2396873E-03   -0.6602716E-05    0.1831710E-04    0.6831028E-04    0.5047766E-05    0.1285391E-03    0.9093975E-07    0.8413732E-06    0.9321512E-05    0.2461022E-04    0.4626401E-03
    0.2967245E-05    0.1410942E-03   -0.8465541E-05   -0.2386890E-03   -0.2306758E-02    0.5427554E-02    0.2594288E-03    0.2880424E-03    0.1082421E+02    0.1467863E+00   -0.2361356E-01   -0.1938717E+00    0.1690990E+00    0.1815218E+00    0.3027285E-02    0.1755701E-02    0.1000757E-01   -0.2129648E-02   -0.1649943E-01   -0.1026965E-03    0.2204501E-03    0.4093685E-03    0.4626401E-03    0.2509120E+00
