# omegabh2 omegach2 theta tau mnu logA ns acib217 acibsz143 asz143 aps100 aps143 aps143217 aps217 aksz kgal100 t1gal143 t1gal143217 t1gal217 galfEE100 galfEE100143 galfEE100217 galfEE143 galfEE143217 galfEE217 galfTE100 galfTE100143 galfTE100217 galfTE143 galfTE143217 galfTE217 calib_100T calib_217T
    0.1978442E-07   -0.7259470E-07    0.1141699E-07    0.4656734E-06    0.1627452E-05    0.8901484E-06    0.1856230E-06   -0.1574566E-03   -0.7808157E-04   -0.8339577E-05   -0.5020081E-04    0.1837227E-04    0.1655426E-03    0.1594686E-03   -0.2877039E-04    0.1331071E-03   -0.1857823E-03   -0.1826683E-03   -0.1771583E-03    0.6426355E-07    0.7143112E-07    0.6443135E-07    0.1038603E-06    0.1652095E-06    0.1949476E-06   -0.1031848E-05   -0.1626853E-05   -0.2383310E-05   -0.2719858E-05   -0.4142006E-05   -0.6610309E-05   -0.3845461E-07    0.3419420E-08
   -0.7259470E-07    0.1143871E-05   -0.4940771E-07   -0.6864590E-05   -0.2598143E-04   -0.1092267E-04   -0.2895995E-05    0.6855248E-03    0.2872151E-03    0.1352099E-06    0.5062721E-03    0.3976184E-03   -0.3375910E-03   -0.5014830E-03    0.7735583E-04    0.2315766E-04    0.2027925E-04    0.1312010E-03    0.2069001E-03   -0.8324113E-06   -0.1030310E-05   -0.1116755E-05   -0.1111017E-05   -0.1545439E-05   -0.1387464E-05    0.5739076E-05    0.6549849E-05    0.7991498E-05    0.1347620E-04    0.1998803E-04    0.3001010E-04    0.1390171E-07   -0.3596067E-07
    0.1141699E-07   -0.4940771E-07    0.8047208E-07    0.5445229E-06   -0.3806374E-06    0.1064226E-05    0.2062560E-06   -0.2062507E-04    0.2363360E-05   -0.1105835E-04    0.1041965E-03    0.1064690E-05   -0.1596033E-04    0.1185132E-04   -0.1297011E-04    0.1150187E-03    0.2652725E-04    0.1992576E-04    0.3517211E-04    0.5996677E-07    0.9372538E-07    0.3014311E-07    0.1264664E-06    0.1965529E-06    0.2749104E-07   -0.2621184E-06   -0.8608830E-06   -0.5741118E-06   -0.2053820E-05   -0.2430268E-05   -0.3953446E-05   -0.1190502E-07   -0.7652024E-10
    0.4656734E-06   -0.6864590E-05    0.5445229E-06    0.1508170E-03    0.4760135E-03    0.2823937E-03    0.2553990E-04   -0.8422853E-02   -0.3285582E-02   -0.7725166E-03   -0.8694231E-02   -0.1034676E-02    0.6337792E-02    0.9196155E-02   -0.1758050E-02   -0.3843674E-02   -0.2500819E-02   -0.4406172E-02   -0.4753282E-02    0.6577483E-05    0.8594862E-05    0.9771198E-05    0.1035722E-04    0.1418478E-04    0.1807118E-04   -0.7357474E-04   -0.1001609E-03   -0.1039133E-03   -0.1327718E-03   -0.1512873E-03   -0.2419596E-03    0.4935240E-06    0.3904357E-06
    0.1627452E-05   -0.2598143E-04   -0.3806374E-06    0.4760135E-03    0.5593379E-02    0.8883480E-03    0.5926236E-04   -0.2152601E-01   -0.7769063E-02    0.1962008E-02   -0.1682496E-01   -0.1939653E-02    0.2715989E-01    0.3248822E-01    0.7358505E-03    0.1759339E-02   -0.3639841E-01   -0.2920873E-01   -0.2137249E-01   -0.9388146E-05    0.1185359E-04    0.1504377E-04    0.1425275E-04    0.2275601E-04    0.1499356E-04   -0.5179363E-03   -0.4528221E-03   -0.4851639E-03   -0.4253326E-03   -0.4742978E-03   -0.3866088E-03   -0.4894626E-05   -0.7364375E-06
    0.8901484E-06   -0.1092267E-04    0.1064226E-05    0.2823937E-03    0.8883480E-03    0.5401511E-03    0.4282964E-04   -0.1654625E-01   -0.7265375E-02   -0.2351255E-02   -0.6126013E-02    0.6500089E-02    0.1943966E-01    0.2293685E-01   -0.4073884E-02   -0.1429700E-01   -0.2150199E-01   -0.2472397E-01   -0.2508444E-01    0.8699728E-05    0.1247975E-04    0.1385736E-04    0.1624839E-04    0.2231953E-04    0.3040985E-04   -0.1348703E-03   -0.1762692E-03   -0.1874500E-03   -0.2274921E-03   -0.2558010E-03   -0.4192094E-03   -0.4792339E-08    0.5898648E-06
    0.1856230E-06   -0.2895995E-05    0.2062560E-06    0.2553990E-04    0.5926236E-04    0.4282964E-04    0.1971796E-04   -0.9706667E-02   -0.4209529E-02   -0.1632148E-02   -0.3157836E-02    0.5606554E-02    0.1129413E-01    0.1308224E-01   -0.2434406E-02   -0.2223280E-02   -0.4536663E-02   -0.6108749E-02   -0.5809899E-02    0.6357834E-05    0.7165631E-05    0.8001699E-05    0.8243211E-05    0.9309340E-05    0.9191880E-05   -0.1256985E-04   -0.1326019E-04   -0.6851866E-05   -0.2589537E-04   -0.2441556E-04   -0.4528884E-04    0.1490962E-06    0.3630172E-06
   -0.1574566E-03    0.6855248E-03   -0.2062507E-04   -0.8422853E-02   -0.2152601E-01   -0.1654625E-01   -0.9706667E-02    0.6387210E+02    0.2361474E+02    0.1729130E+01    0.2919290E+01   -0.2230718E+02   -0.6325719E+02   -0.7980376E+02   -0.4225665E+01   -0.4300207E+01   -0.1073071E+02   -0.1438074E+02   -0.1931746E+02   -0.3104710E-02   -0.2792190E-02   -0.3148654E-02   -0.5587882E-02   -0.6138197E-02   -0.8203914E-02    0.7384253E-02    0.1960131E-02    0.1976167E-01   -0.2205198E-01   -0.1342175E-01   -0.2451518E-01    0.4235937E-03   -0.2966273E-02
   -0.7808157E-04    0.2872151E-03    0.2363360E-05   -0.3285582E-02   -0.7769063E-02   -0.7265375E-02   -0.4209529E-02    0.2361474E+02    0.1745747E+02    0.2682813E+01   -0.1825773E+02   -0.2384063E+02   -0.4265612E+02   -0.2529000E+02   -0.2017884E+01   -0.3923176E+01   -0.6069463E+01   -0.1259935E+02   -0.1428724E+02   -0.7365595E-03   -0.9109653E-03   -0.1162247E-02   -0.1754396E-02   -0.3148791E-02   -0.4872432E-02    0.3592688E-02   -0.5488421E-02    0.7571933E-02   -0.1212187E-01    0.1534481E-02    0.1593246E-01    0.2257526E-03   -0.3646788E-04
   -0.8339577E-05    0.1352099E-06   -0.1105835E-04   -0.7725166E-03    0.1962008E-02   -0.2351255E-02   -0.1632148E-02    0.1729130E+01    0.2682813E+01    0.5903504E+01   -0.3747899E+02   -0.1718921E+02   -0.5799870E+01   -0.1861596E+01   -0.3912145E+00   -0.3317398E+01   -0.1419237E+01    0.2537039E+01    0.3110702E+01   -0.9016469E-04   -0.2276920E-03    0.4412418E-03   -0.9041448E-03   -0.8482449E-03   -0.7861365E-03   -0.6370782E-02   -0.1116298E-01   -0.1560690E-01   -0.6761118E-02   -0.1130730E-01   -0.4435922E-02   -0.1823780E-03    0.1208432E-03
   -0.5020081E-04    0.5062721E-03    0.1041965E-03   -0.8694231E-02   -0.1682496E-01   -0.6126013E-02   -0.3157836E-02    0.2919290E+01   -0.1825773E+02   -0.3747899E+02    0.7132439E+03    0.1694663E+03    0.7648024E+02    0.2500245E+02   -0.1252321E+02   -0.3638057E+02    0.2321977E+00   -0.5015045E+01   -0.1744527E+01   -0.9182207E-02   -0.5271360E-02   -0.1081537E-01   -0.1976381E-02   -0.1223361E-03   -0.9879168E-02    0.2083362E-02    0.4421328E-01    0.6731670E-01    0.7162682E-01    0.1452060E+00    0.3603685E+00   -0.1481657E-02   -0.3118024E-02
    0.1837227E-04    0.3976184E-03    0.1064690E-05   -0.1034676E-02   -0.1939653E-02    0.6500089E-02    0.5606554E-02   -0.2230718E+02   -0.2384063E+02   -0.1718921E+02    0.1694663E+03    0.1170835E+03    0.9120329E+02    0.5089938E+02   -0.1014570E+02    0.1907509E+01   -0.7526335E+01   -0.1736606E+01    0.2203926E+01   -0.1656118E-02   -0.1393445E-03   -0.2668195E-02    0.4181932E-03   -0.4350757E-03   -0.3304521E-02   -0.2603664E-01    0.2029405E-01    0.1180181E-01    0.5303598E-01    0.7456022E-01    0.1028014E+00   -0.1950647E-03   -0.1046283E-02
    0.1655426E-03   -0.3375910E-03   -0.1596033E-04    0.6337792E-02    0.2715989E-01    0.1943966E-01    0.1129413E-01   -0.6325719E+02   -0.4265612E+02   -0.5799870E+01    0.7648024E+02    0.9120329E+02    0.1413844E+03    0.1020828E+03   -0.6509397E+01    0.1052520E+01   -0.8110128E+00    0.9649472E+01    0.1113574E+02    0.5818903E-03    0.1583161E-02    0.1150381E-02    0.2923023E-02    0.3914429E-02    0.4481653E-02   -0.3448995E-01    0.6120902E-02   -0.1943979E-01    0.4950275E-01    0.4644461E-01    0.6688040E-01   -0.1060860E-02    0.1464844E-02
    0.1594686E-03   -0.5014830E-03    0.1185132E-04    0.9196155E-02    0.3248822E-01    0.2293685E-01    0.1308224E-01   -0.7980376E+02   -0.2529000E+02   -0.1861596E+01    0.2500245E+02    0.5089938E+02    0.1020828E+03    0.1379540E+03   -0.6175854E+01   -0.1999183E+01   -0.1768333E+01   -0.8642920E+01   -0.1002890E+02    0.3080517E-02    0.2646190E-02    0.2757471E-02    0.5991142E-02    0.3662429E-02    0.2907917E-02   -0.2626400E-01   -0.6334681E-02   -0.1153331E-01    0.3036823E-01    0.5107561E-01    0.1208489E+00   -0.1017869E-02    0.5548509E-02
   -0.2877039E-04    0.7735583E-04   -0.1297011E-04   -0.1758050E-02    0.7358505E-03   -0.4073884E-02   -0.2434406E-02   -0.4225665E+01   -0.2017884E+01   -0.3912145E+00   -0.1252321E+02   -0.1014570E+02   -0.6509397E+01   -0.6175854E+01    0.8115530E+01   -0.2622416E+01   -0.3486481E+01   -0.4616711E+01   -0.5242377E+01   -0.9110393E-03   -0.8985052E-03   -0.9469096E-03   -0.7320653E-04    0.1221015E-03    0.1337138E-02    0.1052276E-01    0.1491504E-01    0.1414843E-01    0.1095115E-01    0.2133814E-04   -0.1974121E-01    0.1935708E-04    0.2960120E-03
    0.1331071E-03    0.2315766E-04    0.1150187E-03   -0.3843674E-02    0.1759339E-02   -0.1429700E-01   -0.2223280E-02   -0.4300207E+01   -0.3923176E+01   -0.3317398E+01   -0.3638057E+02    0.1907509E+01    0.1052520E+01   -0.1999183E+01   -0.2622416E+01    0.1594969E+03    0.5888157E+02    0.5556529E+02    0.5281624E+02    0.2066296E-02   -0.9454345E-03    0.4484709E-03    0.3167657E-02    0.6382641E-02    0.7841171E-02   -0.5301895E-01   -0.1092202E+00   -0.1130867E+00   -0.8160445E-01   -0.8440459E-01   -0.6677036E-01   -0.1350866E-01    0.2274443E-03
   -0.1857823E-03    0.2027925E-04    0.2652725E-04   -0.2500819E-02   -0.3639841E-01   -0.2150199E-01   -0.4536663E-02   -0.1073071E+02   -0.6069463E+01   -0.1419237E+01    0.2321977E+00   -0.7526335E+01   -0.8110128E+00   -0.1768333E+01   -0.3486481E+01    0.5888157E+02    0.1098957E+03    0.1104425E+03    0.1094393E+03    0.4953438E-02    0.2203671E-02    0.4279038E-02    0.5793045E-03    0.4887610E-02    0.6069216E-02    0.1220041E-01   -0.4825067E-01   -0.5127860E-01   -0.5313078E-01   -0.6436229E-01   -0.6877170E-01    0.2939845E-02    0.3860710E-03
   -0.1826683E-03    0.1312010E-03    0.1992576E-04   -0.4406172E-02   -0.2920873E-01   -0.2472397E-01   -0.6108749E-02   -0.1438074E+02   -0.1259935E+02    0.2537039E+01   -0.5015045E+01   -0.1736606E+01    0.9649472E+01   -0.8642920E+01   -0.4616711E+01    0.5556529E+02    0.1104425E+03    0.1499335E+03    0.1740585E+03    0.4439214E-02    0.2077916E-02    0.4812371E-02   -0.7245680E-03    0.4920206E-02    0.6875604E-02    0.8102561E-03   -0.5846206E-01   -0.8740413E-01   -0.4677958E-01   -0.6977180E-01   -0.6098140E-01    0.2463844E-02   -0.4883234E-02
   -0.1771583E-03    0.2069001E-03    0.3517211E-04   -0.4753282E-02   -0.2137249E-01   -0.2508444E-01   -0.5809899E-02   -0.1931746E+02   -0.1428724E+02    0.3110702E+01   -0.1744527E+01    0.2203926E+01    0.1113574E+02   -0.1002890E+02   -0.5242377E+01    0.5281624E+02    0.1094393E+03    0.1740585E+03    0.2229901E+03    0.4586272E-02    0.2389569E-02    0.4368455E-02   -0.1714923E-03    0.5136689E-02    0.6367899E-02    0.2733910E-02   -0.5646036E-01   -0.9105870E-01   -0.3058714E-01   -0.4154958E-01   -0.8790387E-02    0.2396296E-02   -0.9409394E-02
    0.6426355E-07   -0.8324113E-06    0.5996677E-07    0.6577483E-05   -0.9388146E-05    0.8699728E-05    0.6357834E-05   -0.3104710E-02   -0.7365595E-03   -0.9016469E-04   -0.9182207E-02   -0.1656118E-02    0.5818903E-03    0.3080517E-02   -0.9110393E-03    0.2066296E-02    0.4953438E-02    0.4439214E-02    0.4586272E-02    0.6947139E-04    0.2326707E-04    0.2901335E-04    0.1222791E-04    0.1381506E-04    0.1819894E-04   -0.7245072E-04   -0.7068716E-04   -0.6030649E-04   -0.3181197E-04   -0.4705795E-05   -0.6965388E-05    0.4388080E-06    0.1576101E-06
    0.7143112E-07   -0.1030310E-05    0.9372538E-07    0.8594862E-05    0.1185359E-04    0.1247975E-04    0.7165631E-05   -0.2792190E-02   -0.9109653E-03   -0.2276920E-03   -0.5271360E-02   -0.1393445E-03    0.1583161E-02    0.2646190E-02   -0.8985052E-03   -0.9454345E-03    0.2203671E-02    0.2077916E-02    0.2389569E-02    0.2326707E-04    0.4041820E-04    0.3619037E-04    0.2916794E-04    0.3057170E-04    0.2966727E-04   -0.5269095E-04   -0.7851050E-04   -0.5163490E-04   -0.7994777E-04   -0.4726720E-04   -0.2408302E-04    0.6099847E-06    0.8913642E-07
    0.6443135E-07   -0.1116755E-05    0.3014311E-07    0.9771198E-05    0.1504377E-04    0.1385736E-04    0.8001699E-05   -0.3148654E-02   -0.1162247E-02    0.4412418E-03   -0.1081537E-01   -0.2668195E-02    0.1150381E-02    0.2757471E-02   -0.9469096E-03    0.4484709E-03    0.4279038E-02    0.4812371E-02    0.4368455E-02    0.2901335E-04    0.3619037E-04    0.1187352E-03    0.2599328E-04    0.6288037E-04    0.1167481E-03   -0.4854553E-04   -0.9481180E-04   -0.8613913E-04   -0.1294384E-03   -0.1960696E-03   -0.3825156E-03    0.4139277E-06    0.1669961E-06
    0.1038603E-06   -0.1111017E-05    0.1264664E-06    0.1035722E-04    0.1425275E-04    0.1624839E-04    0.8243211E-05   -0.5587882E-02   -0.1754396E-02   -0.9041448E-03   -0.1976381E-02    0.4181932E-03    0.2923023E-02    0.5991142E-02   -0.7320653E-04    0.3167657E-02    0.5793045E-03   -0.7245680E-03   -0.1714923E-03    0.1222791E-04    0.2916794E-04    0.2599328E-04    0.8377870E-04    0.5519325E-04    0.3993882E-04   -0.2607384E-04   -0.5661030E-04   -0.4187269E-05   -0.1471150E-03   -0.8256239E-04   -0.1146722E-04   -0.8792579E-07    0.2545704E-06
    0.1652095E-06   -0.1545439E-05    0.1965529E-06    0.1418478E-04    0.2275601E-04    0.2231953E-04    0.9309340E-05   -0.6138197E-02   -0.3148791E-02   -0.8482449E-03   -0.1223361E-03   -0.4350757E-03    0.3914429E-02    0.3662429E-02    0.1221015E-03    0.6382641E-02    0.4887610E-02    0.4920206E-02    0.5136689E-02    0.1381506E-04    0.3057170E-04    0.6288037E-04    0.5519325E-04    0.1241929E-03    0.1594229E-03   -0.3644071E-04   -0.6990982E-04   -0.5265462E-04   -0.1651492E-03   -0.2047487E-03   -0.3239755E-03   -0.3329291E-06    0.2148596E-06
    0.1949476E-06   -0.1387464E-05    0.2749104E-07    0.1807118E-04    0.1499356E-04    0.3040985E-04    0.9191880E-05   -0.8203914E-02   -0.4872432E-02   -0.7861365E-03   -0.9879168E-02   -0.3304521E-02    0.4481653E-02    0.2907917E-02    0.1337138E-02    0.7841171E-02    0.6069216E-02    0.6875604E-02    0.6367899E-02    0.1819894E-04    0.2966727E-04    0.1167481E-03    0.3993882E-04    0.1594229E-03    0.6275109E-03   -0.4603684E-04   -0.9411283E-04   -0.1152787E-03   -0.2193403E-03   -0.4395483E-03   -0.7620271E-03   -0.2015729E-06    0.3623822E-06
   -0.1031848E-05    0.5739076E-05   -0.2621184E-06   -0.7357474E-04   -0.5179363E-03   -0.1348703E-03   -0.1256985E-04    0.7384253E-02    0.3592688E-02   -0.6370782E-02    0.2083362E-02   -0.2603664E-01   -0.3448995E-01   -0.2626400E-01    0.1052276E-01   -0.5301895E-01    0.1220041E-01    0.8102561E-03    0.2733910E-02   -0.7245072E-04   -0.5269095E-04   -0.4854553E-04   -0.2607384E-04   -0.3644071E-04   -0.4603684E-04    0.1285113E-01    0.8307958E-02    0.9612654E-02    0.1661391E-02    0.1948596E-02    0.3538612E-02    0.7427217E-05   -0.1204942E-05
   -0.1626853E-05    0.6549849E-05   -0.8608830E-06   -0.1001609E-03   -0.4528221E-03   -0.1762692E-03   -0.1326019E-04    0.1960131E-02   -0.5488421E-02   -0.1116298E-01    0.4421328E-01    0.2029405E-01    0.6120902E-02   -0.6334681E-02    0.1491504E-01   -0.1092202E+00   -0.4825067E-01   -0.5846206E-01   -0.5646036E-01   -0.7068716E-04   -0.7851050E-04   -0.9481180E-04   -0.5661030E-04   -0.6990982E-04   -0.9411283E-04    0.8307958E-02    0.1200575E-01    0.1328439E-01    0.8470807E-02    0.8176288E-02    0.8077611E-02    0.8738995E-05   -0.1166578E-05
   -0.2383310E-05    0.7991498E-05   -0.5741118E-06   -0.1039133E-03   -0.4851639E-03   -0.1874500E-03   -0.6851866E-05    0.1976167E-01    0.7571933E-02   -0.1560690E-01    0.6731670E-01    0.1180181E-01   -0.1943979E-01   -0.1153331E-01    0.1414843E-01   -0.1130867E+00   -0.5127860E-01   -0.8740413E-01   -0.9105870E-01   -0.6030649E-04   -0.5163490E-04   -0.8613913E-04   -0.4187269E-05   -0.5265462E-04   -0.1152787E-03    0.9612654E-02    0.1328439E-01    0.2517174E-01    0.4730110E-02    0.1143083E-01    0.2238411E-01    0.9629751E-05   -0.2276210E-06
   -0.2719858E-05    0.1347620E-04   -0.2053820E-05   -0.1327718E-03   -0.4253326E-03   -0.2274921E-03   -0.2589537E-04   -0.2205198E-01   -0.1212187E-01   -0.6761118E-02    0.7162682E-01    0.5303598E-01    0.4950275E-01    0.3036823E-01    0.1095115E-01   -0.8160445E-01   -0.5313078E-01   -0.4677958E-01   -0.3058714E-01   -0.3181197E-04   -0.7994777E-04   -0.1294384E-03   -0.1471150E-03   -0.1651492E-03   -0.2193403E-03    0.1661391E-02    0.8470807E-02    0.4730110E-02    0.2163831E-01    0.1948777E-01    0.1416750E-01    0.2552668E-05   -0.9501565E-06
   -0.4142006E-05    0.1998803E-04   -0.2430268E-05   -0.1512873E-03   -0.4742978E-03   -0.2558010E-03   -0.2441556E-04   -0.1342175E-01    0.1534481E-02   -0.1130730E-01    0.1452060E+00    0.7456022E-01    0.4644461E-01    0.5107561E-01    0.2133814E-04   -0.8440459E-01   -0.6436229E-01   -0.6977180E-01   -0.4154958E-01   -0.4705795E-05   -0.4726720E-04   -0.1960696E-03   -0.8256239E-04   -0.2047487E-03   -0.4395483E-03    0.1948596E-02    0.8176288E-02    0.1143083E-01    0.1948777E-01    0.2936523E-01    0.4144705E-01    0.3318766E-05   -0.2214369E-05
   -0.6610309E-05    0.3001010E-04   -0.3953446E-05   -0.2419596E-03   -0.3866088E-03   -0.4192094E-03   -0.4528884E-04   -0.2451518E-01    0.1593246E-01   -0.4435922E-02    0.3603685E+00    0.1028014E+00    0.6688040E-01    0.1208489E+00   -0.1974121E-01   -0.6677036E-01   -0.6877170E-01   -0.6098140E-01   -0.8790387E-02   -0.6965388E-05   -0.2408302E-04   -0.3825156E-03   -0.1146722E-04   -0.3239755E-03   -0.7620271E-03    0.3538612E-02    0.8077611E-02    0.2238411E-01    0.1416750E-01    0.4144705E-01    0.1031594E+00   -0.1057825E-05   -0.2829117E-05
   -0.3845461E-07    0.1390171E-07   -0.1190502E-07    0.4935240E-06   -0.4894626E-05   -0.4792339E-08    0.1490962E-06    0.4235937E-03    0.2257526E-03   -0.1823780E-03   -0.1481657E-02   -0.1950647E-03   -0.1060860E-02   -0.1017869E-02    0.1935708E-04   -0.1350866E-01    0.2939845E-02    0.2463844E-02    0.2396296E-02    0.4388080E-06    0.6099847E-06    0.4139277E-06   -0.8792579E-07   -0.3329291E-06   -0.2015729E-06    0.7427217E-05    0.8738995E-05    0.9629751E-05    0.2552668E-05    0.3318766E-05   -0.1057825E-05    0.2370027E-05    0.7305568E-08
    0.3419420E-08   -0.3596067E-07   -0.7652024E-10    0.3904357E-06   -0.7364375E-06    0.5898648E-06    0.3630172E-06   -0.2966273E-02   -0.3646788E-04    0.1208432E-03   -0.3118024E-02   -0.1046283E-02    0.1464844E-02    0.5548509E-02    0.2960120E-03    0.2274443E-03    0.3860710E-03   -0.4883234E-02   -0.9409394E-02    0.1576101E-06    0.8913642E-07    0.1669961E-06    0.2545704E-06    0.2148596E-06    0.3623822E-06   -0.1204942E-05   -0.1166578E-05   -0.2276210E-06   -0.9501565E-06   -0.2214369E-05   -0.2829117E-05    0.7305568E-08    0.1326493E-05
