# omegabh2 omegach2 theta tau alpha1 logA ns calPlanck galfEE100 galfEE100143 galfEE100217 galfEE143 galfEE143217 galfEE217
    0.4199831E-05    0.6391687E-06   -0.3581444E-05    0.1392610E-04   -0.2024872E-04    0.1029591E-03   -0.4079278E-04    0.1699760E-06   -0.5264834E-05   -0.2112127E-05    0.2749663E-06   -0.2215827E-05    0.4337339E-06   -0.9367880E-06
    0.6391687E-06    0.3324839E-04   -0.1034804E-04    0.2531668E-05   -0.4338458E-04    0.1574194E-03   -0.1653093E-03    0.2035528E-06   -0.1408413E-04   -0.5747889E-05    0.5239167E-06   -0.6796336E-05   -0.2386287E-05   -0.3231722E-05
   -0.3581444E-05   -0.1034804E-04    0.7003445E-05   -0.1351611E-04    0.3088438E-04   -0.1338412E-03    0.8724411E-04   -0.1759831E-06    0.8030732E-05    0.3253268E-05   -0.5274650E-06    0.3615182E-05    0.2879807E-06    0.1626107E-05
    0.1392610E-04    0.2531668E-05   -0.1351611E-04    0.5339313E-03   -0.8271239E-04    0.1332625E-02   -0.1133957E-03    0.1526010E-05   -0.7951796E-05   -0.3095205E-05   -0.8137512E-06   -0.3484525E-05    0.3680686E-05   -0.1925490E-05
   -0.2024872E-04   -0.4338458E-04    0.3088438E-04   -0.8271239E-04    0.1745619E-03   -0.7004567E-03    0.4119295E-03   -0.1001386E-05    0.3912606E-04    0.1566182E-04   -0.1490725E-05    0.1753021E-04   -0.4328682E-06    0.6436904E-05
    0.1029591E-03    0.1574194E-03   -0.1338412E-03    0.1332625E-02   -0.7004567E-03    0.5185837E-02   -0.1626874E-02    0.1936471E-04   -0.1635393E-03   -0.6674039E-04    0.5558288E-05   -0.7318046E-04    0.4128830E-06   -0.4764734E-04
   -0.4079278E-04   -0.1653093E-03    0.8724411E-04   -0.1133957E-03    0.4119295E-03   -0.1626874E-02    0.1296472E-02   -0.3058694E-05    0.1291504E-03    0.5139457E-04   -0.5369586E-05    0.5722330E-04    0.3652768E-05    0.5607811E-05
    0.1699760E-06    0.2035528E-06   -0.1759831E-06    0.1526010E-05   -0.1001386E-05    0.1936471E-04   -0.3058694E-05    0.6229967E-05    0.1189973E-05    0.9070605E-07    0.1212793E-06    0.4511897E-06   -0.6852308E-06   -0.2127541E-05
   -0.5264834E-05   -0.1408413E-04    0.8030732E-05   -0.7951796E-05    0.3912606E-04   -0.1635393E-03    0.1291504E-03    0.1189973E-05    0.1459753E-03    0.1812203E-04    0.5466766E-06    0.1074107E-04   -0.8565343E-06   -0.4431004E-05
   -0.2112127E-05   -0.5747889E-05    0.3253268E-05   -0.3095205E-05    0.1566182E-04   -0.6674039E-04    0.5139457E-04    0.9070605E-07    0.1812203E-04    0.1649200E-04   -0.4770673E-08    0.9626460E-05    0.3126839E-06   -0.2728957E-05
    0.2749663E-06    0.5239167E-06   -0.5274650E-06   -0.8137512E-06   -0.1490725E-05    0.5558288E-05   -0.5369586E-05    0.1212793E-06    0.5466766E-06   -0.4770673E-08    0.2223489E-03   -0.2809970E-06   -0.1002249E-05    0.1315105E-04
   -0.2215827E-05   -0.6796336E-05    0.3615182E-05   -0.3484525E-05    0.1753021E-04   -0.7318046E-04    0.5722330E-04    0.4511897E-06    0.1074107E-04    0.9626460E-05   -0.2809970E-06    0.3404546E-04    0.1093472E-05   -0.6444406E-06
    0.4337339E-06   -0.2386287E-05    0.2879807E-06    0.3680686E-05   -0.4328682E-06    0.4128830E-06    0.3652768E-05   -0.6852308E-06   -0.8565343E-06    0.3126839E-06   -0.1002249E-05    0.1093472E-05    0.3997552E-03    0.1143928E-04
   -0.9367880E-06   -0.3231722E-05    0.1626107E-05   -0.1925490E-05    0.6436904E-05   -0.4764734E-04    0.5607811E-05   -0.2127541E-05   -0.4431004E-05   -0.2728957E-05    0.1315105E-04   -0.6444406E-06    0.1143928E-04    0.3508712E-02
