# omegabh2 omegach2 theta tau logA ns nrun r acib217 acibsz143 asz143 aps100 aps143 aps143217 aps217 aksz kgal100 t1gal143 t1gal143217 t1gal217 calib_100T calib_217T
    0.7908396E-07   -0.1867420E-06    0.6013971E-07    0.1526668E-05    0.2893901E-05    0.6237213E-06   -0.1273864E-05    0.5754318E-05   -0.3750980E-03   -0.1814492E-03    0.1912576E-04   -0.9641086E-03   -0.4246197E-03   -0.1320538E-04   -0.2303804E-04   -0.3705949E-04    0.1576104E-02    0.1030203E-02    0.1100398E-02    0.1127409E-02   -0.1020615E-06    0.9251639E-08
   -0.1867420E-06    0.3205374E-05   -0.2859362E-06   -0.1414072E-04   -0.2223850E-04   -0.7540276E-05    0.1266076E-05   -0.1563928E-04    0.5402516E-03    0.2644290E-03    0.3339918E-04   -0.1282224E-02   -0.7579854E-03   -0.1236807E-02   -0.1135518E-02    0.6827380E-04    0.3761879E-02    0.5713812E-02    0.5851619E-02    0.5944962E-02    0.1274253E-06   -0.2949904E-07
    0.6013971E-07   -0.2859362E-06    0.2236584E-06    0.2292858E-05    0.4381027E-05    0.1075506E-05   -0.7126873E-06    0.4095792E-05   -0.1914529E-03   -0.1888486E-03    0.1633669E-05    0.1656184E-03    0.4044876E-04    0.3903996E-03    0.1523581E-03   -0.3031346E-04    0.6853722E-03   -0.2426051E-03   -0.1378787E-03   -0.1354924E-03   -0.1260388E-06   -0.5523263E-08
    0.1526668E-05   -0.1414072E-04    0.2292858E-05    0.1721787E-03    0.3155029E-03    0.4119037E-04   -0.2779620E-04    0.8796479E-04   -0.1353176E-01   -0.5376274E-02   -0.1886783E-03   -0.1177731E-01   -0.2095566E-03    0.8883980E-02    0.1119467E-01   -0.7011290E-03    0.5302321E-03    0.2737314E-02    0.4290697E-02    0.5396690E-02    0.2036638E-06    0.5297122E-06
    0.2893901E-05   -0.2223850E-04    0.4381027E-05    0.3155029E-03    0.6022931E-03    0.6438323E-04   -0.6771601E-04    0.1710632E-03   -0.2118039E-01   -0.8944416E-02   -0.1013519E-02   -0.2123867E-02    0.1047975E-01    0.2271728E-01    0.2469675E-01   -0.6569610E-03   -0.1314476E-01   -0.2990376E-01   -0.2640414E-01   -0.2423553E-01   -0.2079373E-05    0.6432851E-06
    0.6237213E-06   -0.7540276E-05    0.1075506E-05    0.4119037E-04    0.6438323E-04    0.3560952E-04    0.5038006E-05    0.7599125E-04   -0.1645177E-01   -0.8060654E-02   -0.1535438E-02   -0.1198595E-01    0.7598288E-02    0.2124654E-01    0.2108387E-01   -0.3111003E-02   -0.6084621E-02   -0.1370641E-01   -0.1394156E-01   -0.1282853E-01   -0.9463090E-07    0.4378204E-06
   -0.1273864E-05    0.1266076E-05   -0.7126873E-06   -0.2779620E-04   -0.6771601E-04    0.5038006E-05    0.8355536E-04   -0.3394800E-03   -0.1395411E-01   -0.6080238E-02   -0.1728942E-02   -0.3682228E-02    0.4474723E-02    0.1581120E-01    0.1936812E-01   -0.2874096E-02   -0.2112606E-01   -0.2114915E-01   -0.2597892E-01   -0.2828513E-01    0.1465531E-05    0.1140521E-05
    0.5754318E-05   -0.1563928E-04    0.4095792E-05    0.8796479E-04    0.1710632E-03    0.7599125E-04   -0.3394800E-03    0.4682582E-02    0.2697463E-01    0.5056818E-02   -0.5489475E-02    0.4090906E-01    0.2547355E-01   -0.8387580E-02   -0.4241563E-01   -0.5477661E-02    0.1259899E+00    0.1393441E+00    0.1578338E+00    0.1791459E+00   -0.4389990E-05   -0.7369842E-05
   -0.3750980E-03    0.5402516E-03   -0.1914529E-03   -0.1353176E-01   -0.2118039E-01   -0.1645177E-01   -0.1395411E-01    0.2697463E-01    0.7540446E+02    0.2956963E+02    0.1680625E+01    0.3040902E+02   -0.1989824E+02   -0.7230907E+02   -0.8906488E+02   -0.2119835E+01   -0.2199855E+02   -0.3054773E+02   -0.3491142E+02   -0.3892423E+02    0.1115861E-03   -0.3615398E-02
   -0.1814492E-03    0.2644290E-03   -0.1888486E-03   -0.5376274E-02   -0.8944416E-02   -0.8060654E-02   -0.6080238E-02    0.5056818E-02    0.2956963E+02    0.2067416E+02    0.2753345E+01   -0.9263432E+01   -0.2271397E+02   -0.4746604E+02   -0.2947754E+02   -0.1052823E+01   -0.1079071E+02   -0.1611484E+02   -0.2352373E+02   -0.2537127E+02   -0.5190389E-04   -0.2513818E-03
    0.1912576E-04    0.3339918E-04    0.1633669E-05   -0.1886783E-03   -0.1013519E-02   -0.1535438E-02   -0.1728942E-02   -0.5489475E-02    0.1680625E+01    0.2753345E+01    0.5032852E+01   -0.3442617E+02   -0.1506521E+02   -0.6326917E+01   -0.1813202E+01   -0.5767196E-01   -0.1022989E+01   -0.5114987E+00    0.2441333E+01    0.2765934E+01   -0.2128280E-03    0.1569733E-03
   -0.9641086E-03   -0.1282224E-02    0.1656184E-03   -0.1177731E-01   -0.2123867E-02   -0.1198595E-01   -0.3682228E-02    0.4090906E-01    0.3040902E+02   -0.9263432E+01   -0.3442617E+02    0.7422822E+03    0.1675232E+03    0.6318594E+02   -0.1106564E+01   -0.1257976E+02   -0.9632912E+02   -0.5473980E+02   -0.5472318E+02   -0.4828519E+02   -0.1471336E-02   -0.5194044E-02
   -0.4246197E-03   -0.7579854E-03    0.4044876E-04   -0.2095566E-03    0.1047975E-01    0.7598288E-02    0.4474723E-02    0.2547355E-01   -0.1989824E+02   -0.2271397E+02   -0.1506521E+02    0.1675232E+03    0.1144331E+03    0.9321291E+02    0.5257016E+02   -0.8820579E+01   -0.3018949E+02   -0.3908462E+02   -0.3018445E+02   -0.2508070E+02    0.4623633E-04   -0.1272883E-02
   -0.1320538E-04   -0.1236807E-02    0.3903996E-03    0.8883980E-02    0.2271728E-01    0.2124654E-01    0.1581120E-01   -0.8387580E-02   -0.7230907E+02   -0.4746604E+02   -0.6326917E+01    0.6318594E+02    0.9321291E+02    0.1526648E+03    0.1141506E+03   -0.6899499E+01   -0.1073182E+02   -0.1387368E+02   -0.2604266E+01   -0.1089413E+01   -0.7730936E-03    0.1819097E-02
   -0.2303804E-04   -0.1135518E-02    0.1523581E-03    0.1119467E-01    0.2469675E-01    0.2108387E-01    0.1936812E-01   -0.4241563E-01   -0.8906488E+02   -0.2947754E+02   -0.1813202E+01   -0.1106564E+01    0.5257016E+02    0.1141506E+03    0.1528644E+03   -0.7005633E+01   -0.9631885E+01   -0.1573667E+02   -0.2378880E+02   -0.2708401E+02   -0.1062793E-02    0.6401893E-02
   -0.3705949E-04    0.6827380E-04   -0.3031346E-04   -0.7011290E-03   -0.6569610E-03   -0.3111003E-02   -0.2874096E-02   -0.5477661E-02   -0.2119835E+01   -0.1052823E+01   -0.5767196E-01   -0.1257976E+02   -0.8820579E+01   -0.6899499E+01   -0.7005633E+01    0.7681834E+01   -0.3935164E+01   -0.7451190E+01   -0.8384911E+01   -0.9115618E+01   -0.1444291E-03    0.2096184E-03
    0.1576104E-02    0.3761879E-02    0.6853722E-03    0.5302321E-03   -0.1314476E-01   -0.6084621E-02   -0.2112606E-01    0.1259899E+00   -0.2199855E+02   -0.1079071E+02   -0.1022989E+01   -0.9632912E+02   -0.3018949E+02   -0.1073182E+02   -0.9631885E+01   -0.3935164E+01    0.2629006E+03    0.1777301E+03    0.1789542E+03    0.1797367E+03   -0.1461513E-01    0.5658917E-03
    0.1030203E-02    0.5713812E-02   -0.2426051E-03    0.2737314E-02   -0.2990376E-01   -0.1370641E-01   -0.2114915E-01    0.1393441E+00   -0.3054773E+02   -0.1611484E+02   -0.5114987E+00   -0.5473980E+02   -0.3908462E+02   -0.1387368E+02   -0.1573667E+02   -0.7451190E+01    0.1777301E+03    0.2971139E+03    0.3031889E+03    0.3035666E+03    0.7403186E-02    0.1068529E-02
    0.1100398E-02    0.5851619E-02   -0.1378787E-03    0.4290697E-02   -0.2640414E-01   -0.1394156E-01   -0.2597892E-01    0.1578338E+00   -0.3491142E+02   -0.2352373E+02    0.2441333E+01   -0.5472318E+02   -0.3018445E+02   -0.2604266E+01   -0.2378880E+02   -0.8384911E+01    0.1789542E+03    0.3031889E+03    0.3500311E+03    0.3778427E+03    0.7221342E-02   -0.4741440E-02
    0.1127409E-02    0.5944962E-02   -0.1354924E-03    0.5396690E-02   -0.2423553E-01   -0.1282853E-01   -0.2828513E-01    0.1791459E+00   -0.3892423E+02   -0.2537127E+02    0.2765934E+01   -0.4828519E+02   -0.2508070E+02   -0.1089413E+01   -0.2708401E+02   -0.9115618E+01    0.1797367E+03    0.3035666E+03    0.3778427E+03    0.4327820E+03    0.6994763E-02   -0.9950560E-02
   -0.1020615E-06    0.1274253E-06   -0.1260388E-06    0.2036638E-06   -0.2079373E-05   -0.9463090E-07    0.1465531E-05   -0.4389990E-05    0.1115861E-03   -0.5190389E-04   -0.2128280E-03   -0.1471336E-02    0.4623633E-04   -0.7730936E-03   -0.1062793E-02   -0.1444291E-03   -0.1461513E-01    0.7403186E-02    0.7221342E-02    0.6994763E-02    0.3043284E-05    0.4770389E-07
    0.9251639E-08   -0.2949904E-07   -0.5523263E-08    0.5297122E-06    0.6432851E-06    0.4378204E-06    0.1140521E-05   -0.7369842E-05   -0.3615398E-02   -0.2513818E-03    0.1569733E-03   -0.5194044E-02   -0.1272883E-02    0.1819097E-02    0.6401893E-02    0.2096184E-03    0.5658917E-03    0.1068529E-02   -0.4741440E-02   -0.9950560E-02    0.4770389E-07    0.1510159E-05
