# omegabh2 omegach2 theta tau mnu nnu logA ns calPlanck aps100 aps143 aps217 acib217 asz143 psr xi aksz dust100 dust143 dust217 dust143x217 cal0 cal2 bm_1_1
    0.1708702E-06    0.5978306E-06   -0.5046952E-08    0.3929558E-05   -0.3667515E-04    0.1011985E-03    0.1004184E-04    0.6027618E-05    0.3043740E-07    0.5362957E-03    0.6362788E-04   -0.3502389E-03    0.1846657E-03   -0.4645125E-05   -0.9460461E-06   -0.1699628E-05    0.6752898E-04    0.2701154E-05    0.4835557E-06   -0.6710473E-06    0.2182733E-05    0.1214814E-07    0.3096165E-07    0.8880864E-06
    0.5978306E-06    0.1557573E-04   -0.1611396E-05    0.1303236E-04    0.1390799E-03    0.1012633E-02    0.6617635E-04    0.3415382E-04   -0.1289930E-06    0.2386722E-01    0.1266002E-01   -0.5022060E-02    0.6610577E-02   -0.1090289E-02   -0.6589034E-05   -0.4969925E-04    0.2135679E-02    0.2634146E-04    0.2880020E-05   -0.3850826E-04    0.3485674E-04    0.2357646E-07    0.8698810E-06    0.5902324E-04
   -0.5046952E-08   -0.1611396E-05    0.3609683E-06   -0.8271103E-06   -0.4303560E-04   -0.8939827E-04   -0.5406661E-05   -0.2104618E-05    0.1509365E-07   -0.2751176E-02   -0.1490692E-02    0.4090593E-03   -0.6947652E-03    0.1277136E-03    0.2160966E-06    0.5077741E-05   -0.2283592E-03   -0.2526952E-05   -0.1550658E-05    0.3859795E-05   -0.3572254E-05    0.2688330E-08   -0.8993945E-07   -0.8727412E-05
    0.3929558E-05    0.1303236E-04   -0.8271103E-06    0.4177038E-03    0.1166067E-02    0.2935482E-02    0.8662034E-03    0.1850222E-03   -0.1530297E-05    0.1952794E-01    0.6546849E-02   -0.7508571E-02    0.6067467E-02   -0.5100782E-03   -0.8090651E-05   -0.4471738E-04    0.2069145E-02    0.8745265E-04    0.7940283E-04   -0.3959461E-04    0.5689875E-04   -0.3515120E-07    0.8080827E-06    0.1706935E-03
   -0.3667515E-04    0.1390799E-03   -0.4303560E-04    0.1166067E-02    0.4219501E-01   -0.1018600E-01    0.2437542E-02   -0.1175004E-02    0.1564089E-04    0.2404948E+00    0.1806012E+00    0.9213947E-01    0.3519424E-01   -0.1109037E-01    0.6368245E-03   -0.2740693E-03    0.3183300E-02   -0.4757083E-03    0.5179164E-04   -0.1258686E-03   -0.9396949E-04   -0.1554082E-05    0.4159610E-05    0.2753143E-02
    0.1011985E-03    0.1012633E-02   -0.8939827E-04    0.2935482E-02   -0.1018600E-01    0.1007533E+00    0.8752804E-02    0.4765977E-02    0.1148714E-04    0.1726142E+01    0.8191647E+00   -0.4495112E+00    0.4827968E+00   -0.7251915E-01   -0.9089178E-03   -0.3542801E-02    0.1604217E+00    0.2837121E-02    0.5016725E-03   -0.2743826E-02    0.2976131E-02    0.7507753E-05    0.6448010E-04    0.3953338E-02
    0.1004184E-04    0.6617635E-04   -0.5406661E-05    0.8662034E-03    0.2437542E-02    0.8752804E-02    0.1929646E-02    0.4769753E-03    0.9125401E-05    0.1072239E+00    0.4679065E-01   -0.2137216E-01    0.2857904E-01   -0.3589986E-02   -0.1106061E-04   -0.1849430E-03    0.8796532E-02    0.2352336E-03    0.1005847E-03   -0.1414150E-03    0.1910870E-03    0.6101041E-06    0.3759558E-05    0.4847834E-03
    0.6027618E-05    0.3415382E-04   -0.2104618E-05    0.1850222E-03   -0.1175004E-02    0.4765977E-02    0.4769753E-03    0.2724089E-03    0.1037861E-05    0.4032764E-01    0.2106127E-01   -0.1031139E-01    0.1215235E-01   -0.1607394E-02   -0.5087953E-06   -0.5555024E-04    0.3824990E-02    0.1622253E-03    0.2802545E-04   -0.5710344E-04    0.1078499E-03    0.1148580E-06    0.1870589E-05    0.1381297E-03
    0.3043740E-07   -0.1289930E-06    0.1509365E-07   -0.1530297E-05    0.1564089E-04    0.1148714E-04    0.9125401E-05    0.1037861E-05    0.6189039E-05    0.3521686E-02    0.5424445E-03    0.1593821E-02    0.4687403E-03    0.2266974E-04    0.8906078E-06   -0.2916966E-05    0.2177216E-04    0.3115498E-05    0.1436157E-06    0.1047197E-04   -0.5744731E-05    0.2156709E-07   -0.5284497E-07    0.4185064E-05
    0.5362957E-03    0.2386722E-01   -0.2751176E-02    0.1952794E-01    0.2404948E+00    0.1726142E+01    0.1072239E+00    0.4032764E-01    0.3521686E-02    0.5371228E+03    0.8207939E+02   -0.7134144E+02    0.4519367E+02   -0.2270640E+02   -0.8226117E+00   -0.1752557E+00    0.1223775E+02    0.2470164E-01    0.6824609E-01   -0.1143322E+00   -0.8511336E-01    0.5820611E-02    0.9450224E-02    0.1571967E+01
    0.6362788E-04    0.1266002E-01   -0.1490692E-02    0.6546849E-02    0.1806012E+00    0.8191647E+00    0.4679065E-01    0.2106127E-01    0.5424445E-03    0.8207939E+02    0.6647081E+02    0.6832502E+01    0.1079196E+02   -0.3040352E+01    0.1960395E+00    0.7011210E+00   -0.4524019E+01   -0.1251851E-02   -0.1580968E+00   -0.8410865E-01    0.1838261E+00    0.3573897E-03    0.2333511E-03    0.9502739E-01
   -0.3502389E-03   -0.5022060E-02    0.4090593E-03   -0.7508571E-02    0.9213947E-01   -0.4495112E+00   -0.2137216E-01   -0.1031139E-01    0.1593821E-02   -0.7134144E+02    0.6832502E+01    0.1740209E+03   -0.8041569E+02    0.5051512E+01    0.4983240E+00    0.4322140E+00   -0.9978688E+01   -0.7434564E-01   -0.5060652E-01    0.6292645E+00   -0.9771612E-01    0.1312510E-02   -0.1166342E-01    0.5356068E-01
    0.1846657E-03    0.6610577E-02   -0.6947652E-03    0.6067467E-02    0.3519424E-01    0.4827968E+00    0.2857904E-01    0.1215235E-01    0.4687403E-03    0.4519367E+02    0.1079196E+02   -0.8041569E+02    0.4867220E+02   -0.1822406E+00   -0.8850123E-01   -0.3405051E+00   -0.4638162E+00    0.3839014E-01    0.3978830E-01   -0.4896953E+00   -0.1490506E-02   -0.3111019E-03    0.5310566E-02    0.2073626E-01
   -0.4645125E-05   -0.1090289E-02    0.1277136E-03   -0.5100782E-03   -0.1109037E-01   -0.7251915E-01   -0.3589986E-02   -0.1607394E-02    0.2266974E-04   -0.2270640E+02   -0.3040352E+01    0.5051512E+01   -0.1822406E+00    0.3526304E+01    0.1285441E+00   -0.8272004E-01   -0.2990297E+01   -0.1198053E-01   -0.1729862E-01   -0.3870398E-01    0.5232929E-01    0.3922875E-03   -0.1050356E-02    0.1727907E-01
   -0.9460461E-06   -0.6589034E-05    0.2160966E-06   -0.8090651E-05    0.6368245E-03   -0.9089178E-03   -0.1106061E-04   -0.5087953E-06    0.8906078E-06   -0.8226117E+00    0.1960395E+00    0.4983240E+00   -0.8850123E-01    0.1285441E+00    0.1157995E-01    0.1378159E-01   -0.1537879E+00   -0.4611056E-03   -0.1473519E-03   -0.1330202E-02    0.4786624E-03    0.1756842E-04   -0.4002256E-04    0.1352305E-02
   -0.1699628E-05   -0.4969925E-04    0.5077741E-05   -0.4471738E-04   -0.2740693E-03   -0.3542801E-02   -0.1849430E-03   -0.5555024E-04   -0.2916966E-05   -0.1752557E+00    0.7011210E+00    0.4322140E+00   -0.3405051E+00   -0.8272004E-01    0.1378159E-01    0.8079385E-01    0.7156943E-01    0.2302973E-03   -0.3212343E-03    0.2455425E-03    0.1171770E-02    0.5579498E-05   -0.2946299E-04    0.1031799E-02
    0.6752898E-04    0.2135679E-02   -0.2283592E-03    0.2069145E-02    0.3183300E-02    0.1604217E+00    0.8796532E-02    0.3824990E-02    0.2177216E-04    0.1223775E+02   -0.4524019E+01   -0.9978688E+01   -0.4638162E+00   -0.2990297E+01   -0.1537879E+00    0.7156943E-01    0.7112379E+01    0.1065499E-01    0.1676843E-01    0.3710553E-01   -0.5115204E-01   -0.3211927E-03    0.8184288E-03   -0.2655668E-01
    0.2701154E-05    0.2634146E-04   -0.2526952E-05    0.8745265E-04   -0.4757083E-03    0.2837121E-02    0.2352336E-03    0.1622253E-03    0.3115498E-05    0.2470164E-01   -0.1251851E-02   -0.7434564E-01    0.3839014E-01   -0.1198053E-01   -0.4611056E-03    0.2302973E-03    0.1065499E-01    0.3772140E-01    0.3888395E-02   -0.5207238E-03    0.2714969E-03    0.4001447E-04   -0.2633737E-06    0.4461161E-04
    0.4835557E-06    0.2880020E-05   -0.1550658E-05    0.7940283E-04    0.5179164E-04    0.5016725E-03    0.1005847E-03    0.2802545E-04    0.1436157E-06    0.6824609E-01   -0.1580968E+00   -0.5060652E-01    0.3978830E-01   -0.1729862E-01   -0.1473519E-03   -0.3212343E-03    0.1676843E-01    0.3888395E-02    0.3355280E-01   -0.2746234E-02    0.3070824E-02   -0.6090994E-04   -0.6251123E-04    0.8818908E-03
   -0.6710473E-06   -0.3850826E-04    0.3859795E-05   -0.3959461E-04   -0.1258686E-03   -0.2743826E-02   -0.1414150E-03   -0.5710344E-04    0.1047197E-04   -0.1143322E+00   -0.8410865E-01    0.6292645E+00   -0.4896953E+00   -0.3870398E-01   -0.1330202E-02    0.2455425E-03    0.3710553E-01   -0.5207238E-03   -0.2746234E-02    0.1351004E-01    0.1149791E-01    0.7108420E-06    0.6465598E-04   -0.9336154E-04
    0.2182733E-05    0.3485674E-04   -0.3572254E-05    0.5689875E-04   -0.9396949E-04    0.2976131E-02    0.1910870E-03    0.1078499E-03   -0.5744731E-05   -0.8511336E-01    0.1838261E+00   -0.9771612E-01   -0.1490506E-02    0.5232929E-01    0.4786624E-03    0.1171770E-02   -0.5115204E-01    0.2714969E-03    0.3070824E-02    0.1149791E-01    0.3234487E-01    0.4666025E-05    0.9470784E-04    0.1100755E-02
    0.1214814E-07    0.2357646E-07    0.2688330E-08   -0.3515120E-07   -0.1554082E-05    0.7507753E-05    0.6101041E-06    0.1148580E-06    0.2156709E-07    0.5820611E-02    0.3573897E-03    0.1312510E-02   -0.3111019E-03    0.3922875E-03    0.1756842E-04    0.5579498E-05   -0.3211927E-03    0.4001447E-04   -0.6090994E-04    0.7108420E-06    0.4666025E-05    0.9366625E-06   -0.5554748E-07   -0.7012382E-04
    0.3096165E-07    0.8698810E-06   -0.8993945E-07    0.8080827E-06    0.4159610E-05    0.6448010E-04    0.3759558E-05    0.1870589E-05   -0.5284497E-07    0.9450224E-02    0.2333511E-03   -0.1166342E-01    0.5310566E-02   -0.1050356E-02   -0.4002256E-04   -0.2946299E-04    0.8184288E-03   -0.2633737E-06   -0.6251123E-04    0.6465598E-04    0.9470784E-04   -0.5554748E-07    0.3170525E-05   -0.6378864E-05
    0.8880864E-06    0.5902324E-04   -0.8727412E-05    0.1706935E-03    0.2753143E-02    0.3953338E-02    0.4847834E-03    0.1381297E-03    0.4185064E-05    0.1571967E+01    0.9502739E-01    0.5356068E-01    0.2073626E-01    0.1727907E-01    0.1352305E-02    0.1031799E-02   -0.2655668E-01    0.4461161E-04    0.8818908E-03   -0.9336154E-04    0.1100755E-02   -0.7012382E-04   -0.6378864E-05    0.9970602E+00
