# omegabh2 omegach2 theta tau ns logA asz
3.133600E-07 -2.910000E-07 9.193400E-07 2.353000E-06 6.242300E-06 6.821500E-06 4.090200E-05
-2.910000E-07 3.082800E-05 1.307100E-06 -1.947800E-05 -2.296600E-05 7.551200E-05 -3.584400E-04
9.193400E-07 1.307100E-06 7.375300E-06 4.673800E-06 1.986900E-05 2.811600E-05 1.031800E-05
2.353000E-06 -1.947800E-05 4.673800E-06 2.273900E-04 8.046800E-05 4.127300E-04 1.910800E-04
6.242300E-06 -2.296600E-05 1.986900E-05 8.046800E-05 1.940700E-04 1.812700E-04 -6.887100E-04
6.821500E-06 7.551200E-05 2.811600E-05 4.127300E-04 1.812700E-04 1.261900E-03 -3.049000E-03
4.090200E-05 -3.584400E-04 1.031800E-05 1.910800E-04 -6.887100E-04 -3.049000E-03 3.354800E-01
