# omegabh2 omegach2 theta tau nnu logA ns acib217 acibsz143 asz143 aps100 aps143 aps143217 aps217 aksz kgal100 t1gal143 t1gal143217 t1gal217 galfEE100 galfEE100143 galfEE100217 galfEE143 galfEE143217 galfEE217 galfTE100 galfTE100143 galfTE100217 galfTE143 galfTE143217 galfTE217 calib_100T calib_217T
    0.5539803E-07    0.3350393E-06   -0.2930447E-07    0.9974666E-06    0.3391920E-04    0.2802549E-05    0.1617561E-05    0.6972018E-04    0.1959941E-04    0.2975700E-04   -0.4338818E-03   -0.1855328E-03   -0.1581605E-03   -0.1973364E-03    0.1155999E-04    0.7189403E-03    0.4737393E-03    0.5043692E-03    0.5091582E-03    0.3274435E-06    0.3542244E-06    0.3653173E-06    0.3797011E-06    0.4169218E-06    0.5097416E-06   -0.2653876E-05   -0.3290767E-05   -0.4684515E-05   -0.5135389E-05   -0.7933981E-05   -0.1328502E-04   -0.4125004E-07   -0.8661179E-08
    0.3350393E-06    0.9989615E-05   -0.9924535E-06   -0.4452864E-06    0.5650617E-03    0.2060247E-04    0.1513834E-04    0.5167843E-02    0.2649294E-02    0.5976208E-03   -0.3418979E-02   -0.2452690E-02   -0.6367309E-02   -0.6391634E-02    0.1396559E-02    0.1008260E-01    0.1004093E-01    0.1019633E-01    0.1040116E-01    0.7214171E-06    0.5755501E-06    0.7201069E-07    0.4302570E-07    0.1405343E-06    0.1464537E-05    0.1155646E-05   -0.7313454E-05   -0.1634598E-04   -0.2687471E-05   -0.5424958E-05   -0.4184129E-05   -0.2192051E-06   -0.2141114E-06
   -0.2930447E-07   -0.9924535E-06    0.1790252E-06    0.8647453E-07   -0.5783760E-04   -0.1890572E-05   -0.1504722E-05   -0.4434834E-03   -0.2379475E-03   -0.6355999E-04    0.2795250E-03    0.2361454E-03    0.5976474E-03    0.5742585E-03   -0.1593974E-03   -0.9789245E-03   -0.1007391E-02   -0.1073828E-02   -0.1128454E-02   -0.6297290E-07   -0.9808983E-07   -0.3270934E-07   -0.7050438E-07   -0.4011798E-07   -0.1335588E-06   -0.7947228E-06   -0.9844352E-07    0.4862748E-06   -0.5139548E-06   -0.7305560E-06   -0.2534824E-05    0.2139872E-07    0.2532769E-07
    0.9974666E-06   -0.4452864E-06    0.8647453E-07    0.1781090E-03    0.4380347E-03    0.3570012E-03    0.4403553E-04   -0.1282098E-01   -0.4931261E-02   -0.1340596E-02   -0.5116825E-02    0.6991568E-02    0.1408025E-01    0.1796593E-01   -0.2574365E-02   -0.1092556E-01   -0.1161123E-01   -0.1372416E-01   -0.1451482E-01    0.9019084E-05    0.1043532E-04    0.8057204E-05    0.1064307E-04    0.1128660E-04    0.1256076E-04   -0.1061492E-03   -0.7114724E-04   -0.9108494E-04   -0.1072454E-03   -0.1612080E-03   -0.2649681E-03    0.4737189E-06    0.8796672E-06
    0.3391920E-04    0.5650617E-03   -0.5783760E-04    0.4380347E-03    0.4000313E-01    0.2062333E-02    0.1427169E-02    0.3073942E+00    0.1564553E+00    0.4651322E-01   -0.3377886E+00   -0.2372643E+00   -0.4379095E+00   -0.4427782E+00    0.8492536E-01    0.6970567E+00    0.7344613E+00    0.7562074E+00    0.7708250E+00    0.1873938E-03    0.1917631E-03    0.1712581E-03    0.1767397E-03    0.1868407E-03    0.2601457E-03   -0.1031731E-02   -0.1465128E-02   -0.2419266E-02   -0.1702002E-02   -0.2818978E-02   -0.4571291E-02   -0.1055117E-04   -0.1418919E-04
    0.2802549E-05    0.2060247E-04   -0.1890572E-05    0.3570012E-03    0.2062333E-02    0.7694028E-03    0.1180086E-03   -0.1675659E-01   -0.5882452E-02   -0.2168190E-02   -0.6291813E-02    0.1722780E-01    0.2365012E-01    0.2992485E-01   -0.3156563E-02   -0.8381492E-02   -0.2054446E-01   -0.2401611E-01   -0.2508299E-01    0.1726108E-04    0.1956550E-04    0.1279301E-04    0.1884062E-04    0.1985171E-04    0.2541164E-04   -0.2024726E-03   -0.1449044E-03   -0.2012077E-03   -0.2204260E-03   -0.3359366E-03   -0.5384700E-03   -0.6470810E-06    0.1267977E-05
    0.1617561E-05    0.1513834E-04   -0.1504722E-05    0.4403553E-04    0.1427169E-02    0.1180086E-03    0.7604216E-04    0.3178154E-04    0.3948982E-03    0.1260316E-03   -0.1752181E-01   -0.2422044E-02   -0.1883410E-02   -0.1512276E-02   -0.8180664E-04    0.2103218E-01    0.2113431E-01    0.2059807E-01    0.2128173E-01    0.1556693E-04    0.1706928E-04    0.1650383E-04    0.1695248E-04    0.1780602E-04    0.1848574E-04   -0.8244866E-04   -0.8840252E-04   -0.1314770E-03   -0.1129861E-03   -0.1772661E-03   -0.2886840E-03   -0.6176754E-07   -0.6888322E-07
    0.6972018E-04    0.5167843E-02   -0.4434834E-03   -0.1282098E-01    0.3073942E+00   -0.1675659E-01    0.3178154E-04    0.7057017E+02    0.2760398E+02    0.1849490E+01    0.3855908E+01   -0.2825644E+02   -0.7535025E+02   -0.9032925E+02   -0.2644966E+01    0.3494470E+01   -0.4897413E+01   -0.8700305E+01   -0.1237155E+02   -0.2277236E-02   -0.1891651E-02   -0.2915601E-02   -0.1307521E-02   -0.2645017E-02    0.2549852E-02   -0.7883379E-02    0.8502196E-02    0.1777952E-01    0.2464830E-01    0.1265015E-01   -0.5533590E-01   -0.4230557E-04   -0.3462322E-02
    0.1959941E-04    0.2649294E-02   -0.2379475E-03   -0.4931261E-02    0.1564553E+00   -0.5882452E-02    0.3948982E-03    0.2760398E+02    0.2028891E+02    0.3098484E+01   -0.2028911E+02   -0.2840078E+02   -0.5049072E+02   -0.3079301E+02   -0.1273243E+01   -0.1689623E+01   -0.4722849E+01   -0.1123686E+02   -0.1199809E+02   -0.9591023E-03   -0.1063887E-02   -0.1563199E-02   -0.6188400E-03   -0.1086799E-02    0.1239809E-02   -0.1094319E-01    0.9153902E-02    0.1142974E-01    0.2561418E-01    0.1864163E-01   -0.1523713E-03    0.1350898E-04   -0.2745343E-03
    0.2975700E-04    0.5976208E-03   -0.6355999E-04   -0.1340596E-02    0.4651322E-01   -0.2168190E-02    0.1260316E-03    0.1849490E+01    0.3098484E+01    0.6551307E+01   -0.4393078E+02   -0.1941697E+02   -0.6774963E+01   -0.1760734E+01   -0.1641694E+00   -0.2858872E+01   -0.1505818E+01    0.2430616E+01    0.3030924E+01    0.1612712E-03    0.1985326E-04    0.1996932E-03   -0.2006514E-03    0.8228710E-03    0.1358830E-02   -0.9565333E-02   -0.4966486E-02   -0.1556985E-01   -0.2563375E-02   -0.1342992E-01   -0.2674637E-01   -0.2266334E-03    0.1377047E-03
   -0.4338818E-03   -0.3418979E-02    0.2795250E-03   -0.5116825E-02   -0.3377886E+00   -0.6291813E-02   -0.1752181E-01    0.3855908E+01   -0.2028911E+02   -0.4393078E+02    0.7723761E+03    0.1895832E+03    0.8057549E+02    0.2232653E+02   -0.1322470E+02   -0.4987864E+02   -0.2393444E+01   -0.1239134E+02   -0.1165440E+02   -0.8429537E-02   -0.9972089E-02   -0.1526787E-01   -0.9361881E-02   -0.1997870E-01   -0.2268737E-01    0.1139887E+00    0.7594186E-01    0.1981185E+00    0.3830705E-01    0.1631959E+00    0.3050339E+00    0.5151202E-03   -0.2949941E-02
   -0.1855328E-03   -0.2452690E-02    0.2361454E-03    0.6991568E-02   -0.2372643E+00    0.1722780E-01   -0.2422044E-02   -0.2825644E+02   -0.2840078E+02   -0.1941697E+02    0.1895832E+03    0.1274722E+03    0.1026485E+03    0.5817671E+02   -0.1062783E+02   -0.2886729E+01   -0.1048100E+02   -0.6218071E+01   -0.4690070E+01   -0.1638540E-02   -0.1629157E-02   -0.2552023E-02   -0.2989753E-02   -0.5642117E-02   -0.8044889E-02    0.4135611E-01    0.3632380E-01    0.6481321E-01    0.2908519E-01    0.7712877E-01    0.1794197E+00   -0.2207190E-05   -0.5273458E-03
   -0.1581605E-03   -0.6367309E-02    0.5976474E-03    0.1408025E-01   -0.4379095E+00    0.2365012E-01   -0.1883410E-02   -0.7535025E+02   -0.5049072E+02   -0.6774963E+01    0.8057549E+02    0.1026485E+03    0.1632496E+03    0.1193915E+03   -0.8139571E+01   -0.8532308E+01   -0.8555558E+01    0.1059748E+01   -0.3561327E+00    0.9093005E-03    0.6959331E-03    0.1177253E-02   -0.1522703E-02   -0.7869666E-03   -0.6571500E-02    0.3329349E-01    0.7996829E-02    0.2146018E-01   -0.2700089E-01    0.1264061E-01    0.1056695E+00   -0.5511693E-03    0.2283590E-02
   -0.1973364E-03   -0.6391634E-02    0.5742585E-03    0.1796593E-01   -0.4427782E+00    0.2992485E-01   -0.1512276E-02   -0.9032925E+02   -0.3079301E+02   -0.1760734E+01    0.2232653E+02    0.5817671E+02    0.1193915E+03    0.1550077E+03   -0.8005474E+01   -0.1675234E+02   -0.1456361E+02   -0.2173235E+02   -0.2492027E+02    0.1399730E-02    0.6406380E-03    0.8714447E-03   -0.9443629E-03   -0.3764416E-03   -0.7232722E-02    0.2039627E-01    0.2319083E-01    0.3216072E-01    0.7291991E-02    0.4227833E-01    0.1629215E+00   -0.4432906E-03    0.6362142E-02
    0.1155999E-04    0.1396559E-02   -0.1593974E-03   -0.2574365E-02    0.8492536E-01   -0.3156563E-02   -0.8180664E-04   -0.2644966E+01   -0.1273243E+01   -0.1641694E+00   -0.1322470E+02   -0.1062783E+02   -0.8139571E+01   -0.8005474E+01    0.7942519E+01    0.6399024E+00   -0.5436745E+00   -0.1024616E+01   -0.1264684E+01    0.4724106E-04   -0.2341425E-03    0.7514428E-06   -0.2028970E-03    0.6100955E-05    0.1116183E-03    0.3206460E-02    0.2507484E-03   -0.3425057E-02   -0.7473960E-03   -0.4959690E-02   -0.1096080E-01   -0.7192877E-04    0.1425483E-03
    0.7189403E-03    0.1008260E-01   -0.9789245E-03   -0.1092556E-01    0.6970567E+00   -0.8381492E-02    0.2103218E-01    0.3494470E+01   -0.1689623E+01   -0.2858872E+01   -0.4987864E+02   -0.2886729E+01   -0.8532308E+01   -0.1675234E+02    0.6399024E+00    0.1746853E+03    0.7272533E+02    0.6975112E+02    0.6674126E+02    0.2614891E-02    0.2539622E-02    0.4444146E-02    0.2595510E-02    0.5097773E-02    0.2861389E-02   -0.1088140E-01   -0.1023327E+00   -0.1239591E+00   -0.6399175E-01   -0.7593378E-01   -0.1417466E+00   -0.1350434E-01   -0.2160193E-03
    0.4737393E-03    0.1004093E-01   -0.1007391E-02   -0.1161123E-01    0.7344613E+00   -0.2054446E-01    0.2113431E-01   -0.4897413E+01   -0.4722849E+01   -0.1505818E+01   -0.2393444E+01   -0.1048100E+02   -0.8555558E+01   -0.1456361E+02   -0.5436745E+00    0.7272533E+02    0.1309325E+03    0.1318538E+03    0.1307012E+03    0.4982844E-02    0.5200876E-02    0.8486155E-02    0.5656125E-02    0.6590295E-02    0.4343883E-02   -0.1961847E-01   -0.1155250E+00   -0.1506116E+00   -0.1003191E+00   -0.1060678E+00   -0.1486521E+00    0.3710952E-02    0.8530344E-04
    0.5043692E-03    0.1019633E-01   -0.1073828E-02   -0.1372416E-01    0.7562074E+00   -0.2401611E-01    0.2059807E-01   -0.8700305E+01   -0.1123686E+02    0.2430616E+01   -0.1239134E+02   -0.6218071E+01    0.1059748E+01   -0.2173235E+02   -0.1024616E+01    0.6975112E+02    0.1318538E+03    0.1695897E+03    0.1919852E+03    0.4772969E-02    0.5085163E-02    0.8026611E-02    0.5536339E-02    0.7682968E-02    0.4121587E-02   -0.1791386E-01   -0.1142714E+00   -0.1755864E+00   -0.1010394E+00   -0.1203572E+00   -0.1365136E+00    0.3396067E-02   -0.4920471E-02
    0.5091582E-03    0.1040116E-01   -0.1128454E-02   -0.1451482E-01    0.7708250E+00   -0.2508299E-01    0.2128173E-01   -0.1237155E+02   -0.1199809E+02    0.3030924E+01   -0.1165440E+02   -0.4690070E+01   -0.3561327E+00   -0.2492027E+02   -0.1264684E+01    0.6674126E+02    0.1307012E+03    0.1919852E+03    0.2381529E+03    0.4345032E-02    0.4867023E-02    0.7470417E-02    0.5519126E-02    0.8630281E-02    0.4041408E-02   -0.1947920E-01   -0.1048492E+00   -0.1687175E+00   -0.8867124E-01   -0.1026677E+00   -0.7592925E-01    0.3408833E-02   -0.9298621E-02
    0.3274435E-06    0.7214171E-06   -0.6297290E-07    0.9019084E-05    0.1873938E-03    0.1726108E-04    0.1556693E-04   -0.2277236E-02   -0.9591023E-03    0.1612712E-03   -0.8429537E-02   -0.1638540E-02    0.9093005E-03    0.1399730E-02    0.4724106E-04    0.2614891E-02    0.4982844E-02    0.4772969E-02    0.4345032E-02    0.7207780E-04    0.2591422E-04    0.3122206E-04    0.1455286E-04    0.1641787E-04    0.2343540E-04   -0.1131265E-03   -0.9497384E-04   -0.9006067E-04   -0.5611653E-04   -0.4850012E-04   -0.5783194E-04    0.4350966E-06    0.1940113E-06
    0.3542244E-06    0.5755501E-06   -0.9808983E-07    0.1043532E-04    0.1917631E-03    0.1956550E-04    0.1706928E-04   -0.1891651E-02   -0.1063887E-02    0.1985326E-04   -0.9972089E-02   -0.1629157E-02    0.6959331E-03    0.6406380E-03   -0.2341425E-03    0.2539622E-02    0.5200876E-02    0.5085163E-02    0.4867023E-02    0.2591422E-04    0.4305614E-04    0.3951034E-04    0.3124613E-04    0.3338032E-04    0.3241510E-04   -0.8205113E-04   -0.1085416E-03   -0.1103023E-03   -0.1179596E-03   -0.1245592E-03   -0.1521567E-03    0.4815987E-06    0.5340707E-07
    0.3653173E-06    0.7201069E-07   -0.3270934E-07    0.8057204E-05    0.1712581E-03    0.1279301E-04    0.1650383E-04   -0.2915601E-02   -0.1563199E-02    0.1996932E-03   -0.1526787E-01   -0.2552023E-02    0.1177253E-02    0.8714447E-03    0.7514428E-06    0.4444146E-02    0.8486155E-02    0.8026611E-02    0.7470417E-02    0.3122206E-04    0.3951034E-04    0.1172683E-03    0.2588528E-04    0.6096871E-04    0.1117914E-03   -0.6407676E-04   -0.1024426E-03   -0.1217199E-03   -0.1058392E-03   -0.2180718E-03   -0.4491702E-03    0.6611457E-06    0.1820756E-06
    0.3797011E-06    0.4302570E-07   -0.7050438E-07    0.1064307E-04    0.1767397E-03    0.1884062E-04    0.1695248E-04   -0.1307521E-02   -0.6188400E-03   -0.2006514E-03   -0.9361881E-02   -0.2989753E-02   -0.1522703E-02   -0.9443629E-03   -0.2028970E-03    0.2595510E-02    0.5656125E-02    0.5536339E-02    0.5519126E-02    0.1455286E-04    0.3124613E-04    0.2588528E-04    0.8901800E-04    0.5708345E-04    0.4185108E-04   -0.5348313E-04   -0.8919130E-04   -0.7481571E-04   -0.1649065E-03   -0.1454503E-03   -0.1599403E-03    0.4266537E-06   -0.7000736E-07
    0.4169218E-06    0.1405343E-06   -0.4011798E-07    0.1128660E-04    0.1868407E-03    0.1985171E-04    0.1780602E-04   -0.2645017E-02   -0.1086799E-02    0.8228710E-03   -0.1997870E-01   -0.5642117E-02   -0.7869666E-03   -0.3764416E-03    0.6100955E-05    0.5097773E-02    0.6590295E-02    0.7682968E-02    0.8630281E-02    0.1641787E-04    0.3338032E-04    0.6096871E-04    0.5708345E-04    0.1278511E-03    0.1601008E-03   -0.6640672E-04   -0.9724499E-04   -0.1268054E-03   -0.1503465E-03   -0.2234907E-03   -0.4437494E-03    0.2057081E-06   -0.9459660E-07
    0.5097416E-06    0.1464537E-05   -0.1335588E-06    0.1256076E-04    0.2601457E-03    0.2541164E-04    0.1848574E-04    0.2549852E-02    0.1239809E-02    0.1358830E-02   -0.2268737E-01   -0.8044889E-02   -0.6571500E-02   -0.7232722E-02    0.1116183E-03    0.2861389E-02    0.4343883E-02    0.4121587E-02    0.4041408E-02    0.2343540E-04    0.3241510E-04    0.1117914E-03    0.4185108E-04    0.1601008E-03    0.6538310E-03   -0.1066927E-03   -0.1051555E-03   -0.1485360E-03   -0.1197693E-03   -0.2672944E-03   -0.5174768E-03    0.4600967E-06   -0.4219190E-07
   -0.2653876E-05    0.1155646E-05   -0.7947228E-06   -0.1061492E-03   -0.1031731E-02   -0.2024726E-03   -0.8244866E-04   -0.7883379E-02   -0.1094319E-01   -0.9565333E-02    0.1139887E+00    0.4135611E-01    0.3329349E-01    0.2039627E-01    0.3206460E-02   -0.1088140E-01   -0.1961847E-01   -0.1791386E-01   -0.1947920E-01   -0.1131265E-03   -0.8205113E-04   -0.6407676E-04   -0.5348313E-04   -0.6640672E-04   -0.1066927E-03    0.1279142E-01    0.8203402E-02    0.9296651E-02    0.2121706E-02    0.2395071E-02    0.3059912E-02   -0.2918856E-05    0.6093134E-06
   -0.3290767E-05   -0.7313454E-05   -0.9844352E-07   -0.7114724E-04   -0.1465128E-02   -0.1449044E-03   -0.8840252E-04    0.8502196E-02    0.9153902E-02   -0.4966486E-02    0.7594186E-01    0.3632380E-01    0.7996829E-02    0.2319083E-01    0.2507484E-03   -0.1023327E+00   -0.1155250E+00   -0.1142714E+00   -0.1048492E+00   -0.9497384E-04   -0.1085416E-03   -0.1024426E-03   -0.8919130E-04   -0.9724499E-04   -0.1051555E-03    0.8203402E-02    0.1166259E-01    0.1316039E-01    0.7866541E-02    0.7790912E-02    0.7303922E-02    0.1412187E-05   -0.6617797E-06
   -0.4684515E-05   -0.1634598E-04    0.4862748E-06   -0.9108494E-04   -0.2419266E-02   -0.2012077E-03   -0.1314770E-03    0.1777952E-01    0.1142974E-01   -0.1556985E-01    0.1981185E+00    0.6481321E-01    0.2146018E-01    0.3216072E-01   -0.3425057E-02   -0.1239591E+00   -0.1506116E+00   -0.1755864E+00   -0.1687175E+00   -0.9006067E-04   -0.1103023E-03   -0.1217199E-03   -0.7481571E-04   -0.1268054E-03   -0.1485360E-03    0.9296651E-02    0.1316039E-01    0.2580045E-01    0.4377241E-02    0.1163000E-01    0.2283110E-01   -0.5372346E-07   -0.1578018E-05
   -0.5135389E-05   -0.2687471E-05   -0.5139548E-06   -0.1072454E-03   -0.1702002E-02   -0.2204260E-03   -0.1129861E-03    0.2464830E-01    0.2561418E-01   -0.2563375E-02    0.3830705E-01    0.2908519E-01   -0.2700089E-01    0.7291991E-02   -0.7473960E-03   -0.6399175E-01   -0.1003191E+00   -0.1010394E+00   -0.8867124E-01   -0.5611653E-04   -0.1179596E-03   -0.1058392E-03   -0.1649065E-03   -0.1503465E-03   -0.1197693E-03    0.2121706E-02    0.7866541E-02    0.4377241E-02    0.2052976E-01    0.1841733E-01    0.1234482E-01   -0.1203417E-05   -0.3251598E-06
   -0.7933981E-05   -0.5424958E-05   -0.7305560E-06   -0.1612080E-03   -0.2818978E-02   -0.3359366E-03   -0.1772661E-03    0.1265015E-01    0.1864163E-01   -0.1342992E-01    0.1631959E+00    0.7712877E-01    0.1264061E-01    0.4227833E-01   -0.4959690E-02   -0.7593378E-01   -0.1060678E+00   -0.1203572E+00   -0.1026677E+00   -0.4850012E-04   -0.1245592E-03   -0.2180718E-03   -0.1454503E-03   -0.2234907E-03   -0.2672944E-03    0.2395071E-02    0.7790912E-02    0.1163000E-01    0.1841733E-01    0.2841792E-01    0.4033880E-01   -0.1726354E-05   -0.1495922E-05
   -0.1328502E-04   -0.4184129E-05   -0.2534824E-05   -0.2649681E-03   -0.4571291E-02   -0.5384700E-03   -0.2886840E-03   -0.5533590E-01   -0.1523713E-03   -0.2674637E-01    0.3050339E+00    0.1794197E+00    0.1056695E+00    0.1629215E+00   -0.1096080E-01   -0.1417466E+00   -0.1486521E+00   -0.1365136E+00   -0.7592925E-01   -0.5783194E-04   -0.1521567E-03   -0.4491702E-03   -0.1599403E-03   -0.4437494E-03   -0.5174768E-03    0.3059912E-02    0.7303922E-02    0.2283110E-01    0.1234482E-01    0.4033880E-01    0.1042868E+00    0.1006514E-06   -0.3998482E-05
   -0.4125004E-07   -0.2192051E-06    0.2139872E-07    0.4737189E-06   -0.1055117E-04   -0.6470810E-06   -0.6176754E-07   -0.4230557E-04    0.1350898E-04   -0.2266334E-03    0.5151202E-03   -0.2207190E-05   -0.5511693E-03   -0.4432906E-03   -0.7192877E-04   -0.1350434E-01    0.3710952E-02    0.3396067E-02    0.3408833E-02    0.4350966E-06    0.4815987E-06    0.6611457E-06    0.4266537E-06    0.2057081E-06    0.4600967E-06   -0.2918856E-05    0.1412187E-05   -0.5372346E-07   -0.1203417E-05   -0.1726354E-05    0.1006514E-06    0.2372831E-05    0.1640281E-07
   -0.8661179E-08   -0.2141114E-06    0.2532769E-07    0.8796672E-06   -0.1418919E-04    0.1267977E-05   -0.6888322E-07   -0.3462322E-02   -0.2745343E-03    0.1377047E-03   -0.2949941E-02   -0.5273458E-03    0.2283590E-02    0.6362142E-02    0.1425483E-03   -0.2160193E-03    0.8530344E-04   -0.4920471E-02   -0.9298621E-02    0.1940113E-06    0.5340707E-07    0.1820756E-06   -0.7000736E-07   -0.9459660E-07   -0.4219190E-07    0.6093134E-06   -0.6617797E-06   -0.1578018E-05   -0.3251598E-06   -0.1495922E-05   -0.3998482E-05    0.1640281E-07    0.1325947E-05
