# omegabh2 omegach2 theta tau logA ns nrun r calPlanck BBdust BBsync BBalphadust BBbetadust BBalphasync BBbetasync BBdustsynccorr aps100 aps143 aps217 acib217 asz143 psr cibr xi aksz dust100 dust143 dust217 dust143x217 cal0 cal2 calTE calEE
  2.6269844E-08  -9.9149234E-08   1.6397005E-08   3.3002336E-07   5.8620950E-07   2.5765749E-07  -2.6773117E-07   2.4809139E-07   2.1079436E-08  -9.2370674E-08   4.9577842E-07   6.2012877E-07  -8.6464701E-08  -4.0320661E-07  -2.0052938E-08   1.2464195E-08  -1.8913387E-04  -1.7309705E-04   1.1669908E-05  -6.9377581E-05   1.0712019E-05   3.7360139E-07  -9.4598293E-07   9.1108750E-07  -1.5673278E-05   7.7598256E-07  -3.8452791E-08   4.8780509E-07   8.7980433E-08   4.2979583E-09  -2.1064218E-09  -9.7307944E-08  -2.5298392E-07
 -9.9149234E-08   1.9425419E-06  -1.5797954E-07  -2.2522944E-06   5.3726464E-08  -4.6643876E-06  -1.3090788E-06  -2.4997637E-06  -1.8541934E-07   2.8542957E-06  -4.5468421E-06  -1.3415400E-05   2.8368559E-06   9.3947501E-07   5.5086730E-07  -3.2835088E-06   1.5686980E-03   1.3344812E-03  -1.4591935E-05   4.4805287E-04  -7.7020966E-05  -2.8833386E-06   5.7376284E-06  -9.3277027E-06   1.2629163E-04  -7.3000222E-07   2.4868280E-06  -1.6450262E-06   2.8254993E-06  -1.6880471E-08   2.7654845E-08  -5.5628260E-07  -8.7024564E-07
  1.6397005E-08  -1.5797954E-07   9.5228570E-08   2.5559465E-07   2.4085745E-07   4.8168269E-07   6.3489895E-08   1.8395027E-07   1.7139308E-08  -1.4942647E-07   5.6139766E-07   1.4181316E-06  -1.7899186E-07   3.6931161E-07   3.0421113E-07  -2.6818734E-09  -8.3681506E-05  -1.0590858E-04  -3.6805009E-05  -2.6067688E-05   1.5290611E-06  -5.6513634E-08   2.4505066E-08   7.2003490E-07  -1.9354922E-06   4.6364220E-07   4.4677841E-07   3.7072394E-07  -9.8416702E-08   5.4396428E-10   3.2466879E-09  -1.0246760E-08   5.7586225E-08
  3.3002336E-07  -2.2522944E-06   2.5559465E-07   6.5512074E-05   1.2783127E-04   6.7046092E-06  -1.0185314E-05   5.4206413E-07  -8.8224787E-08  -5.0393863E-05   5.9223071E-06  -5.1632770E-05   1.2208318E-05  -1.0743137E-05   5.2766247E-06  -2.6315598E-05  -4.3333617E-03  -1.7111070E-03   6.8823752E-04  -1.2058516E-03  -1.2555134E-05  -1.4644386E-06  -9.9525266E-06   3.2229319E-05  -3.3478383E-04   1.5956236E-05  -5.4368308E-06   1.6572797E-06  -1.2808705E-05  -7.3003652E-09  -1.7950074E-07  -4.5947724E-06  -2.4271716E-06
  5.8620950E-07   5.3726464E-08   2.4085745E-07   1.2783127E-04   2.9079825E-04  -1.1257368E-06  -3.3502232E-05  -4.2246625E-06   1.1670737E-05  -1.2301737E-04  -6.8668164E-05  -1.7020759E-04   4.1216313E-05  -1.9763635E-05   2.5499065E-05  -8.3568237E-05   7.9533014E-03   4.4743238E-03   6.3504386E-03  -3.6799371E-04  -3.3232762E-04  -9.3649447E-06  -9.5588324E-06   5.0015027E-05  -7.6940985E-04   3.1434969E-05  -8.0362020E-05   1.6202315E-05  -2.5447178E-05   7.1157030E-07  -1.7480163E-07  -1.1496583E-05  -5.0501433E-06
  2.5765749E-07  -4.6643876E-06   4.8168269E-07   6.7046092E-06  -1.1257368E-06   2.2711934E-05   1.1105746E-05   9.6864398E-06   4.0131690E-07  -8.2568663E-06   3.1211583E-05   3.2653360E-05  -3.1898306E-06  -5.9014730E-07  -6.7598805E-06  -4.8446057E-06  -3.0924140E-02  -1.2142578E-02   1.0730576E-02  -8.6242358E-03   8.2035675E-04   8.1338522E-05  -1.5041605E-04   9.8496153E-05  -2.5181041E-03   1.0032493E-05  -3.6079510E-05   3.8900046E-05  -1.9326619E-05  -3.7436133E-07  -5.6283675E-07   1.2302270E-06  -1.6915308E-06
 -2.6773117E-07  -1.3090788E-06   6.3489895E-08  -1.0185314E-05  -3.3502232E-05   1.1105746E-05   4.8716099E-05  -2.4805313E-05   2.6194520E-07   3.8994442E-05   7.3912955E-05   2.3953937E-05  -2.5446804E-05   7.9850420E-06   1.4448255E-05   5.7330939E-05  -3.5424510E-02  -1.7616286E-02   1.1545833E-02  -1.0499538E-02   1.2152562E-03   1.0107613E-04  -2.0448554E-04   7.9130779E-05  -2.9044021E-03  -5.0194345E-05  -6.0711296E-05   3.9564360E-05  -2.5749044E-05  -1.9326246E-07  -7.7265450E-07   3.6183356E-06   1.7566263E-06
  2.4809139E-07  -2.4997637E-06   1.8395027E-07   5.4206413E-07  -4.2246625E-06   9.6864398E-06  -2.4805313E-05   4.4371440E-04  -9.7049345E-07  -6.5584145E-04  -1.0958435E-03  -6.8446757E-05   3.4966711E-04   3.6348119E-05  -1.2156965E-04  -9.6923878E-04   4.8498975E-03   3.8124926E-03   8.3839997E-04   7.5125676E-04  -1.6235760E-04   2.1319792E-06   3.5483455E-05  -4.9254798E-06   3.3150186E-04  -2.8348322E-06   2.9384098E-05  -4.7014610E-06   1.7384550E-06   5.6384129E-08   7.2058560E-09  -1.1268150E-07  -3.2662996E-07
  2.1079436E-08  -1.8541934E-07   1.7139308E-08  -8.8224787E-08   1.1670737E-05   4.0131690E-07   2.6194520E-07  -9.7049345E-07   6.1131245E-06  -4.6491865E-06  -2.1390968E-05  -1.4270838E-05   2.8709083E-06   7.6663051E-07   6.8014749E-06  -9.1443477E-06   3.1398928E-03   1.2935829E-04   9.6320167E-04   5.9108410E-04   1.5541728E-05  -4.3455353E-06   4.0861679E-06  -6.1962108E-06  -1.5392689E-05   3.4438097E-06   4.5843435E-06   6.4253551E-06  -6.5046530E-07   1.7233599E-08  -2.9024038E-08  -3.1200390E-07  -9.2707038E-08
 -9.2370674E-08   2.8542957E-06  -1.4942647E-07  -5.0393863E-05  -1.2301737E-04  -8.2568663E-06   3.8994442E-05  -6.5584145E-04  -4.6491865E-06   1.0786648E+00   3.2349631E-02  -1.1963221E-01   4.4942355E-02   8.8190439E-04   3.5873894E-03  -9.3121060E-03   8.9480127E-02   3.5572127E-02   1.4089324E-02   2.5917432E-03  -1.0603007E-02   1.3873992E-04  -1.0570044E-03   1.6013451E-03   1.0916020E-02   3.6022846E-04  -6.2135601E-04  -5.6900919E-04  -4.7547066E-04  -3.3281296E-07  -7.6704741E-06  -5.4090329E-06  -1.8537641E-05
  4.9577842E-07  -4.5468421E-06   5.6139766E-07   5.9223071E-06  -6.8668164E-05   3.1211583E-05   7.3912955E-05  -1.0958435E-03  -2.1390968E-05   3.2349631E-02   1.1339161E+00  -2.7520555E-03  -1.9458602E-03   1.8062089E-02  -4.1256019E-02   4.5887978E-02  -2.4344524E-01  -3.3013309E-02   1.0980997E-02  -2.7742839E-02  -3.8081274E-04  -1.7074826E-04  -5.6697804E-04  -5.0429335E-04   3.5293152E-03   9.8031961E-04  -1.8649273E-04  -6.2630776E-05   9.9346014E-05  -7.0949424E-06  -1.0533352E-05  -6.9290740E-06  -4.4865267E-05
  6.2012877E-07  -1.3415400E-05   1.4181316E-06  -5.1632770E-05  -1.7020759E-04   3.2653360E-05   2.3953937E-05  -6.8446757E-05  -1.4270838E-05  -1.1963221E-01  -2.7520555E-03   6.0111192E-02  -5.0138360E-04   6.4684389E-04   3.8251213E-04  -4.3582761E-04   2.3978226E-02  -1.9299871E-02  -2.4116679E-02   5.9481015E-03   2.2810639E-04  -3.6963760E-05   1.4763167E-04  -3.0635441E-04  -1.0822414E-03   1.7212138E-04   3.0782567E-04  -5.3215242E-05  -1.4628388E-05  -2.7620212E-07   2.0321426E-06   8.4750565E-06   7.9883439E-06
 -8.6464701E-08   2.8368559E-06  -1.7899186E-07   1.2208318E-05   4.1216313E-05  -3.1898306E-06  -2.5446804E-05   3.4966711E-04   2.8709083E-06   4.4942355E-02  -1.9458602E-03  -5.0138360E-04   9.3768421E-03  -1.2515694E-05  -1.3951755E-03   7.5964110E-04   2.0947369E-02   1.3143924E-02   9.8578021E-03   2.9178436E-04  -6.6977777E-05   3.3440167E-05   1.2109619E-04   3.5202766E-05  -8.5484751E-04   9.0837877E-05  -1.3568925E-04  -5.2551245E-06  -8.2219546E-05   1.3312458E-06   1.7001872E-07  -1.7171152E-07   1.1668321E-07
 -4.0320661E-07   9.3947501E-07   3.6931161E-07  -1.0743137E-05  -1.9763635E-05  -5.9014730E-07   7.9850420E-06   3.6348119E-05   7.6663051E-07   8.8190439E-04   1.8062089E-02   6.4684389E-04  -1.2515694E-05   8.1979866E-02  -3.6444897E-04   4.8508927E-04  -2.5329040E-02   2.8758057E-03   5.8744958E-03  -2.7701995E-03  -2.7549597E-04   2.7115446E-04  -3.3135039E-04   5.0097808E-04   1.3304084E-03   4.9033316E-06   2.8445051E-05   2.9325890E-07   2.2458320E-04  -5.1387383E-07   1.3689490E-07   6.8521404E-06   1.6257936E-05
 -2.0052938E-08   5.5086730E-07   3.0421113E-07   5.2766247E-06   2.5499065E-05  -6.7598805E-06   1.4448255E-05  -1.2156965E-04   6.8014749E-06   3.5873894E-03  -4.1256019E-02   3.8251213E-04  -1.3951755E-03  -3.6444897E-04   7.4986089E-02  -5.2530318E-03  -3.1774251E-02  -9.7796713E-04  -6.7488961E-03   2.5527848E-03   5.1742729E-04  -1.0192926E-04   3.5157404E-04   2.2781419E-05  -5.8555197E-05  -9.7524369E-05   1.5819168E-04   1.0942440E-05  -7.4932802E-05  -1.2693518E-06  -2.5293338E-07   7.9904132E-07   6.0207605E-06
  1.2464195E-08  -3.2835088E-06  -2.6818734E-09  -2.6315598E-05  -8.3568237E-05  -4.8446057E-06   5.7330939E-05  -9.6923878E-04  -9.1443477E-06  -9.3121060E-03   4.5887978E-02  -4.3582761E-04   7.5964110E-04   4.8508927E-04  -5.2530318E-03   8.0020887E-02  -4.2938003E-02  -1.3874145E-02   3.4289958E-02  -1.7165853E-02   2.7144612E-03  -2.3012468E-05   1.9479947E-04  -2.1740605E-04  -2.4698040E-03   5.7775466E-06  -3.1004330E-04   6.5423355E-05  -2.7483351E-04   1.0908187E-06  -7.1490406E-07   2.6671241E-06   9.5672061E-06
 -1.8913387E-04   1.5686980E-03  -8.3681506E-05  -4.3333617E-03   7.9533014E-03  -3.0924140E-02  -3.5424510E-02   4.8498975E-03   3.1398928E-03   8.9480127E-02  -2.4344524E-01   2.3978226E-02   2.0947369E-02  -2.5329040E-02  -3.1774251E-02  -4.2938003E-02   6.3234458E+02   6.9818849E+01  -6.3722378E+01   3.7825070E+01  -2.5618022E+01  -9.0175240E-01   2.2799552E-02  -3.2709197E-01   1.3010625E+01  -1.7207468E-01   3.1641633E-01  -2.6694905E-01  -1.8675260E-01   6.8134541E-03   3.7382215E-03  -1.1901139E-03   6.4662527E-03
 -1.7309705E-04   1.3344812E-03  -1.0590858E-04  -1.7111070E-03   4.4743238E-03  -1.2142578E-02  -1.7616286E-02   3.8124926E-03   1.2935829E-04   3.5572127E-02  -3.3013309E-02  -1.9299871E-02   1.3143924E-02   2.8758057E-03  -9.7796713E-04  -1.3874145E-02   6.9818849E+01   7.2243068E+01   4.5607788E+00   1.0443389E+01  -7.6191244E-01  -3.8377154E-02   5.0517227E-01   8.2999518E-01  -7.2250061E+00  -2.3416956E-02  -2.1153743E-01   3.0748008E-02   6.6571062E-02   9.2714614E-04   9.7755657E-04   1.0974447E-03   4.2496390E-03
  1.1669908E-05  -1.4591935E-05  -3.6805009E-05   6.8823752E-04   6.3504386E-03   1.0730576E-02   1.1545833E-02   8.3839997E-04   9.6320167E-04   1.4089324E-02   1.0980997E-02  -2.4116679E-02   9.8578021E-03   5.8744958E-03  -6.7488961E-03   3.4289958E-02  -6.3722378E+01   4.5607788E+00   1.8044596E+02  -8.7065038E+01   2.6157176E+00   3.9040359E-01  -1.1564415E+00   3.8449574E-01  -7.7030792E+00  -2.8087593E-02  -2.9696723E-01   5.6340196E-01   1.4165035E-02   1.7674057E-03  -8.1606198E-03   3.6301464E-03   2.8126182E-03
 -6.9377581E-05   4.4805287E-04  -2.6067688E-05  -1.2058516E-03  -3.6799371E-04  -8.6242358E-03  -1.0499538E-02   7.5125676E-04   5.9108410E-04   2.5917432E-03  -2.7742839E-02   5.9481015E-03   2.9178436E-04  -2.7701995E-03   2.5527848E-03  -1.7165853E-02   3.7825070E+01   1.0443389E+01  -8.7065038E+01   5.5044419E+01   1.5824803E+00  -8.0811571E-02   7.9589146E-01  -2.9121440E-01  -2.2385097E+00   1.4590766E-02   1.8351129E-01  -4.5973161E-01  -1.2178908E-01  -5.6374406E-04   3.4083974E-03  -1.4971394E-03   6.1107116E-05
  1.0712019E-05  -7.7020966E-05   1.5290611E-06  -1.2555134E-05  -3.3232762E-04   8.2035675E-04   1.2152562E-03  -1.6235760E-04   1.5541728E-05  -1.0603007E-02  -3.8081274E-04   2.2810639E-04  -6.6977777E-05  -2.7549597E-04   5.1742729E-04   2.7144612E-03  -2.5618022E+01  -7.6191244E-01   2.6157176E+00   1.5824803E+00   4.2961183E+00   1.0144156E-01   1.4525645E-01  -4.1967084E-02  -3.5947686E+00  -4.2535079E-03  -3.6923649E-03   8.1472092E-03   5.2196069E-02   4.4356140E-04  -2.3584699E-04   4.6705688E-05  -1.1125670E-04
  3.7360139E-07  -2.8833386E-06  -5.6513634E-08  -1.4644386E-06  -9.3649447E-06   8.1338522E-05   1.0107613E-04   2.1319792E-06  -4.3455353E-06   1.3873992E-04  -1.7074826E-04  -3.6963760E-05   3.3440167E-05   2.7115446E-04  -1.0192926E-04  -2.3012468E-05  -9.0175240E-01  -3.8377154E-02   3.9040359E-01  -8.0811571E-02   1.0144156E-01   1.6373825E-02  -1.6990558E-02   1.2200719E-02  -1.1022472E-01  -3.4068937E-04  -1.4444593E-03  -2.4315955E-03   5.1611434E-03   1.6523349E-05  -3.9725754E-05   2.1355723E-05   1.1074387E-05
 -9.4598293E-07   5.7376284E-06   2.4505066E-08  -9.9525266E-06  -9.5588324E-06  -1.5041605E-04  -2.0448554E-04   3.5483455E-05   4.0861679E-06  -1.0570044E-03  -5.6697804E-04   1.4763167E-04   1.2109619E-04  -3.3135039E-04   3.5157404E-04   1.9479947E-04   2.2799552E-02   5.0517227E-01  -1.1564415E+00   7.9589146E-01   1.4525645E-01  -1.6990558E-02   6.7747522E-02   2.9077205E-03  -1.4073909E-01   6.5582794E-04   7.6106381E-03  -6.1648679E-04  -1.7662738E-02  -8.8552617E-06   1.0175854E-04  -3.3355180E-05  -3.8184486E-06
  9.1108750E-07  -9.3277027E-06   7.2003490E-07   3.2229319E-05   5.0015027E-05   9.8496153E-05   7.9130779E-05  -4.9254798E-06  -6.1962108E-06   1.6013451E-03  -5.0429335E-04  -3.0635441E-04   3.5202766E-05   5.0097808E-04   2.2781419E-05  -2.1740605E-04  -3.2709197E-01   8.2999518E-01   3.8449574E-01  -2.9121440E-01  -4.1967084E-02   1.2200719E-02   2.9077205E-03   8.2544991E-02   3.7113170E-02  -6.0404300E-04   3.2193131E-04   1.2131706E-03   8.6755920E-04   1.0074063E-05  -8.2576286E-06   1.8296630E-05   1.6324936E-05
 -1.5673278E-05   1.2629163E-04  -1.9354922E-06  -3.3478383E-04  -7.6940985E-04  -2.5181041E-03  -2.9044021E-03   3.3150186E-04  -1.5392689E-05   1.0916020E-02   3.5293152E-03  -1.0822414E-03  -8.5484751E-04   1.3304084E-03  -5.8555197E-05  -2.4698040E-03   1.3010625E+01  -7.2250061E+00  -7.7030792E+00  -2.2385097E+00  -3.5947686E+00  -1.1022472E-01  -1.4073909E-01   3.7113170E-02   7.5178954E+00   4.4583178E-03   1.8027378E-03  -2.7951390E-03  -4.5093895E-02  -3.6909473E-04   1.2091460E-04  -5.4707662E-04  -3.0144816E-04
  7.7598256E-07  -7.3000222E-07   4.6364220E-07   1.5956236E-05   3.1434969E-05   1.0032493E-05  -5.0194345E-05  -2.8348322E-06   3.4438097E-06   3.6022846E-04   9.8031961E-04   1.7212138E-04   9.0837877E-05   4.9033316E-06  -9.7524369E-05   5.7775466E-06  -1.7207468E-01  -2.3416956E-02  -2.8087593E-02   1.4590766E-02  -4.2535079E-03  -3.4068937E-04   6.5582794E-04  -6.0404300E-04   4.4583178E-03   3.8411835E-02   2.8140985E-03  -1.7915384E-05   3.3591971E-04   3.5745167E-05  -2.8122997E-06  -1.0346632E-05  -2.2934955E-05
 -3.8452791E-08   2.4868280E-06   4.4677841E-07  -5.4368308E-06  -8.0362020E-05  -3.6079510E-05  -6.0711296E-05   2.9384098E-05   4.5843435E-06  -6.2135601E-04  -1.8649273E-04   3.0782567E-04  -1.3568925E-04   2.8445051E-05   1.5819168E-04  -3.1004330E-04   3.1641633E-01  -2.1153743E-01  -2.9696723E-01   1.8351129E-01  -3.6923649E-03  -1.4444593E-03   7.6106381E-03   3.2193131E-04   1.8027378E-03   2.8140985E-03   3.1018192E-02  -8.3052529E-04   5.1321953E-03  -8.0434523E-05  -4.1602714E-05  -8.7232983E-05  -8.3915471E-05
  4.8780509E-07  -1.6450262E-06   3.7072394E-07   1.6572797E-06   1.6202315E-05   3.8900046E-05   3.9564360E-05  -4.7014610E-06   6.4253551E-06  -5.6900919E-04  -6.2630776E-05  -5.3215242E-05  -5.2551245E-06   2.9325890E-07   1.0942440E-05   6.5423355E-05  -2.6694905E-01   3.0748008E-02   5.6340196E-01  -4.5973161E-01   8.1472092E-03  -2.4315955E-03  -6.1648679E-04   1.2131706E-03  -2.7951390E-03  -1.7915384E-05  -8.3052529E-04   1.0633908E-02   8.4392145E-03   4.3476241E-06   6.2037111E-05   8.7940591E-06  -1.0852190E-06
  8.7980433E-08   2.8254993E-06  -9.8416702E-08  -1.2808705E-05  -2.5447178E-05  -1.9326619E-05  -2.5749044E-05   1.7384550E-06  -6.5046530E-07  -4.7547066E-04   9.9346014E-05  -1.4628388E-05  -8.2219546E-05   2.2458320E-04  -7.4932802E-05  -2.7483351E-04  -1.8675260E-01   6.6571062E-02   1.4165035E-02  -1.2178908E-01   5.2196069E-02   5.1611434E-03  -1.7662738E-02   8.6755920E-04  -4.5093895E-02   3.3591971E-04   5.1321953E-03   8.4392145E-03   2.6199775E-02  -2.3953051E-06   5.6458157E-05  -2.1360820E-05  -1.3728790E-05
  4.2979583E-09  -1.6880471E-08   5.4396428E-10  -7.3003652E-09   7.1157030E-07  -3.7436133E-07  -1.9326246E-07   5.6384129E-08   1.7233599E-08  -3.3281296E-07  -7.0949424E-06  -2.7620212E-07   1.3312458E-06  -5.1387383E-07  -1.2693518E-06   1.0908187E-06   6.8134541E-03   9.2714614E-04   1.7674057E-03  -5.6374406E-04   4.4356140E-04   1.6523349E-05  -8.8552617E-06   1.0074063E-05  -3.6909473E-04   3.5745167E-05  -8.0434523E-05   4.3476241E-06  -2.3953051E-06   1.1162327E-06   4.5275804E-08   3.7041835E-07   6.5914736E-07
 -2.1064218E-09   2.7654845E-08   3.2466879E-09  -1.7950074E-07  -1.7480163E-07  -5.6283675E-07  -7.7265450E-07   7.2058560E-09  -2.9024038E-08  -7.6704741E-06  -1.0533352E-05   2.0321426E-06   1.7001872E-07   1.3689490E-07  -2.5293338E-07  -7.1490406E-07   3.7382215E-03   9.7755657E-04  -8.1606198E-03   3.4083974E-03  -2.3584699E-04  -3.9725754E-05   1.0175854E-04  -8.2576286E-06   1.2091460E-04  -2.8122997E-06  -4.1602714E-05   6.2037111E-05   5.6458157E-05   4.5275804E-08   2.5064251E-06   2.1404091E-07   1.6359992E-07
 -9.7307944E-08  -5.5628260E-07  -1.0246760E-08  -4.5947724E-06  -1.1496583E-05   1.2302270E-06   3.6183356E-06  -1.1268150E-07  -3.1200390E-07  -5.4090329E-06  -6.9290740E-06   8.4750565E-06  -1.7171152E-07   6.8521404E-06   7.9904132E-07   2.6671241E-06  -1.1901139E-03   1.0974447E-03   3.6301464E-03  -1.4971394E-03   4.6705688E-05   2.1355723E-05  -3.3355180E-05   1.8296630E-05  -5.4707662E-04  -1.0346632E-05  -8.7232983E-05   8.7940591E-06  -2.1360820E-05   3.7041835E-07   2.1404091E-07   2.4295719E-05   8.4999911E-06
 -2.5298392E-07  -8.7024564E-07   5.7586225E-08  -2.4271716E-06  -5.0501433E-06  -1.6915308E-06   1.7566263E-06  -3.2662996E-07  -9.2707038E-08  -1.8537641E-05  -4.4865267E-05   7.9883439E-06   1.1668321E-07   1.6257936E-05   6.0207605E-06   9.5672061E-06   6.4662527E-03   4.2496390E-03   2.8126182E-03   6.1107116E-05  -1.1125670E-04   1.1074387E-05  -3.8184486E-06   1.6324936E-05  -3.0144816E-04  -2.2934955E-05  -8.3915471E-05  -1.0852190E-06  -1.3728790E-05   6.5914736E-07   1.6359992E-07   8.4999911E-06   2.4309128E-05
