# omegabh2 omegach2 theta tau yhe logA ns galfTE100 galfTE100143 galfTE100217 galfTE143 galfTE143217 galfTE217 calib_100TE calib_217TE
    0.8140890E-07   -0.2055562E-06    0.2426368E-06    0.9436936E-06    0.6060324E-05    0.2237707E-05    0.2450736E-05   -0.4468557E-05   -0.6581746E-05   -0.6837604E-05   -0.1079291E-04   -0.1311273E-04   -0.1820723E-04   -0.2278820E-07   -0.2609478E-07
   -0.2055562E-06    0.3683544E-05   -0.3810061E-06   -0.4113008E-05   -0.1744144E-05    0.1914430E-05   -0.7561021E-05    0.3255057E-04    0.4524242E-04    0.4641769E-04    0.8063436E-04    0.9867128E-04    0.1395884E-03    0.1170576E-07    0.2522598E-06
    0.2426368E-06   -0.3810061E-06    0.2101122E-05    0.1266313E-05    0.5482471E-04    0.4431988E-05    0.1144443E-04   -0.3772329E-05   -0.7813222E-05   -0.7082810E-05   -0.1049346E-04   -0.1322362E-04   -0.1715578E-04   -0.2386267E-06   -0.2093205E-06
    0.9436936E-06   -0.4113008E-05    0.1266313E-05    0.1802027E-03    0.2580728E-04    0.3761480E-03    0.4969562E-04   -0.1329436E-03   -0.1086336E-03   -0.9245778E-04   -0.1243269E-03   -0.1123943E-03   -0.1294375E-03   -0.1624195E-05   -0.6711748E-06
    0.6060324E-05   -0.1744144E-05    0.5482471E-04    0.2580728E-04    0.1620509E-02    0.1248441E-03    0.3052753E-03   -0.3734871E-04   -0.7324854E-04   -0.6177910E-04   -0.5668075E-05   -0.2868581E-04   -0.1796354E-04   -0.7680532E-05   -0.5728392E-05
    0.2237707E-05    0.1914430E-05    0.4431988E-05    0.3761480E-03    0.1248441E-03    0.8612467E-03    0.1183422E-03   -0.1654903E-03   -0.5718953E-04   -0.4829550E-05    0.8175322E-04    0.1882775E-03    0.3116367E-03   -0.9484467E-05   -0.4769638E-05
    0.2450736E-05   -0.7561021E-05    0.1144443E-04    0.4969562E-04    0.3052753E-03    0.1183422E-03    0.1371210E-03   -0.1549493E-03   -0.1648461E-03   -0.1376634E-03   -0.2318126E-03   -0.2437134E-03   -0.2915514E-03   -0.1161582E-05   -0.1440080E-05
   -0.4468557E-05    0.3255057E-04   -0.3772329E-05   -0.1329436E-03   -0.3734871E-04   -0.1654903E-03   -0.1549493E-03    0.1590289E-01    0.1140417E-01    0.1241783E-01    0.4698229E-02    0.5321220E-02    0.7389705E-02    0.2576676E-04   -0.6757051E-06
   -0.6581746E-05    0.4524242E-04   -0.7813222E-05   -0.1086336E-03   -0.7324854E-04   -0.5718953E-04   -0.1648461E-03    0.1140417E-01    0.1672692E-01    0.1764725E-01    0.1440018E-01    0.1442598E-01    0.1454752E-01    0.2552971E-04   -0.2850329E-05
   -0.6837604E-05    0.4641769E-04   -0.7082810E-05   -0.9245778E-04   -0.6177910E-04   -0.4829550E-05   -0.1376634E-03    0.1241783E-01    0.1764725E-01    0.3100611E-01    0.9312086E-02    0.1799212E-01    0.3147599E-01    0.2072857E-04   -0.9686184E-05
   -0.1079291E-04    0.8063436E-04   -0.1049346E-04   -0.1243269E-03   -0.5668075E-05    0.8175322E-04   -0.2318126E-03    0.4698229E-02    0.1440018E-01    0.9312086E-02    0.3403887E-01    0.3180045E-01    0.2514120E-01   -0.5594596E-04   -0.1673118E-04
   -0.1311273E-04    0.9867128E-04   -0.1322362E-04   -0.1123943E-03   -0.2868581E-04    0.1882775E-03   -0.2437134E-03    0.5321220E-02    0.1442598E-01    0.1799212E-01    0.3180045E-01    0.4304075E-01    0.5614632E-01   -0.6100948E-04   -0.1207244E-04
   -0.1820723E-04    0.1395884E-03   -0.1715578E-04   -0.1294375E-03   -0.1796354E-04    0.3116367E-03   -0.2915514E-03    0.7389705E-02    0.1454752E-01    0.3147599E-01    0.2514120E-01    0.5614632E-01    0.1252243E+00   -0.5667552E-04    0.5526079E-04
   -0.2278820E-07    0.1170576E-07   -0.2386267E-06   -0.1624195E-05   -0.7680532E-05   -0.9484467E-05   -0.1161582E-05    0.2576676E-04    0.2552971E-04    0.2072857E-04   -0.5594596E-04   -0.6100948E-04   -0.5667552E-04    0.1777514E-04    0.1954976E-05
   -0.2609478E-07    0.2522598E-06   -0.2093205E-06   -0.6711748E-06   -0.5728392E-05   -0.4769638E-05   -0.1440080E-05   -0.6757051E-06   -0.2850329E-05   -0.9686184E-05   -0.1673118E-04   -0.1207244E-04    0.5526079E-04    0.1954976E-05    0.1514209E-04
