# omegabh2 omegach2 theta tau logA ns nrun calPlanck acib217 xi asz143 aps100 aps143 aps143217 aps217 aksz kgal100 kgal143 kgal143217 kgal217 cal0 cal2
    0.7495937E-07   -0.3028883E-06    0.6180884E-07    0.3417369E-05    0.6499414E-05    0.8110871E-06   -0.1093065E-05    0.5128183E-08   -0.1224695E-03    0.7387515E-06    0.3342070E-04   -0.4597904E-03   -0.4335575E-03   -0.2314957E-03   -0.1134262E-03   -0.3457560E-04    0.8576673E-05    0.5718210E-05   -0.2859363E-04   -0.2231420E-04    0.6724838E-08   -0.2102481E-07
   -0.3028883E-06    0.4948024E-05   -0.5175860E-06   -0.2142900E-04   -0.3172087E-04   -0.1153434E-04    0.7885475E-06   -0.2396628E-06    0.6978316E-03   -0.9055205E-05   -0.2071898E-03    0.2372535E-02    0.2370491E-02    0.1266088E-02    0.5745504E-03    0.1773337E-03    0.5245527E-04   -0.3823520E-04    0.8966357E-04    0.9216711E-04   -0.2106965E-07    0.1332311E-06
    0.6180884E-07   -0.5175860E-06    0.2338582E-06    0.3515180E-05    0.6132883E-05    0.1479038E-05   -0.5290145E-06    0.1986464E-08   -0.4463029E-04    0.9510620E-07    0.1873261E-04   -0.2689684E-03   -0.3095241E-03   -0.2208963E-03   -0.1929651E-03   -0.9725700E-05   -0.5852252E-06   -0.2960407E-05   -0.7098966E-05    0.1318171E-04    0.6858541E-08   -0.5838137E-08
    0.3417369E-05   -0.2142900E-04    0.3515180E-05    0.4873128E-03    0.9384005E-03    0.6507236E-04   -0.7731668E-04   -0.1497040E-05   -0.8608586E-02    0.1526095E-03    0.1652786E-02   -0.3760857E-01   -0.2138626E-01   -0.8847885E-02   -0.2045657E-02   -0.3374584E-02    0.7530377E-03    0.6074685E-04   -0.2168137E-02   -0.2789714E-02    0.1798225E-06   -0.1697052E-05
    0.6499414E-05   -0.3172087E-04    0.6132883E-05    0.9384005E-03    0.1859848E-02    0.1016259E-03   -0.1666678E-03    0.8194016E-05   -0.1473352E-01    0.3105149E-03    0.2575645E-02   -0.6092482E-01   -0.3404916E-01   -0.1218386E-01    0.1732836E-02   -0.6591755E-02    0.1463756E-02   -0.4112584E-03   -0.4489271E-02   -0.4353710E-02    0.5408794E-06   -0.3206761E-05
    0.8110871E-06   -0.1153434E-04    0.1479038E-05    0.6507236E-04    0.1016259E-03    0.3971674E-04    0.2945680E-05    0.8166931E-06   -0.7597279E-02    0.1389417E-03    0.1974259E-02   -0.3320704E-01   -0.1275799E-01    0.7371123E-03    0.6304113E-02   -0.3750211E-02    0.8193057E-04   -0.4623259E-04   -0.5534882E-03    0.1164647E-02   -0.1364556E-06   -0.8222042E-06
   -0.1093065E-05    0.7885475E-06   -0.5290145E-06   -0.7731668E-04   -0.1666678E-03    0.2945680E-05    0.6767890E-04    0.8564943E-06   -0.8361095E-02    0.1155525E-03    0.2144552E-02   -0.3144879E-01   -0.1116335E-01    0.3170066E-02    0.9867860E-02   -0.3611748E-02   -0.7332084E-03   -0.2012244E-03    0.1900619E-03    0.3801661E-02    0.1412874E-07   -0.4693439E-06
    0.5128183E-08   -0.2396628E-06    0.1986464E-08   -0.1497040E-05    0.8194016E-05    0.8166931E-06    0.8564943E-06    0.6021553E-05    0.4580685E-03    0.5527760E-05    0.6716517E-04    0.2092701E-02    0.1584842E-03    0.5308589E-03    0.1470319E-02   -0.5009660E-04   -0.4162878E-04    0.2179675E-04    0.4102143E-06    0.7329907E-03   -0.2059042E-07   -0.7638132E-07
   -0.1224695E-03    0.6978316E-03   -0.4463029E-04   -0.8608586E-02   -0.1473352E-01   -0.7597279E-02   -0.8361095E-02    0.4580685E-03    0.5026189E+02   -0.4508502E+00   -0.1770485E+01    0.4699214E+02    0.3812020E+01   -0.1937172E+02   -0.6691853E+02    0.8040628E+00    0.2320830E-01    0.3529044E+00   -0.2940715E+01   -0.2563458E+02   -0.1308236E-03    0.4551368E-02
    0.7387515E-06   -0.9055205E-05    0.9510620E-07    0.1526095E-03    0.3105149E-03    0.1389417E-03    0.1155525E-03    0.5527760E-05   -0.4508502E+00    0.8116840E-01   -0.7551247E-01   -0.3310050E+00    0.9215781E+00    0.1685240E+01    0.6986898E+00    0.5620468E-01   -0.1623705E-02    0.8009657E-02    0.8210553E-01    0.9068381E-01    0.6350034E-05   -0.1524083E-04
    0.3342070E-04   -0.2071898E-03    0.1873261E-04    0.1652786E-02    0.2575645E-02    0.1974259E-02    0.2144552E-02    0.6716517E-04   -0.1770485E+01   -0.7551247E-01    0.3973412E+01   -0.3106445E+02   -0.4437702E+01    0.7836464E+01    0.7012506E+01   -0.3136695E+01   -0.1952317E+00    0.8661187E-01    0.2530701E+01    0.2236377E+01    0.2018599E-03   -0.3813786E-03
   -0.4597904E-03    0.2372535E-02   -0.2689684E-03   -0.3760857E-01   -0.6092482E-01   -0.3320704E-01   -0.3144879E-01    0.2092701E-02    0.4699214E+02   -0.3310050E+00   -0.3106445E+02    0.7419617E+03    0.7749150E+02   -0.5725544E+02   -0.7609278E+02    0.1785960E+02   -0.1084288E-01   -0.1108973E+00   -0.1365067E+02   -0.2302088E+02    0.4781065E-02    0.4490235E-02
   -0.4335575E-03    0.2370491E-02   -0.3095241E-03   -0.2138626E-01   -0.3404916E-01   -0.1275799E-01   -0.1116335E-01    0.1584842E-03    0.3812020E+01    0.9215781E+00   -0.4437702E+01    0.7749150E+02    0.6318439E+02    0.4162391E+02    0.1541599E+02   -0.3627317E+01   -0.2059041E+00   -0.1079243E+01    0.3547618E+01    0.2411546E+01    0.1170817E-03    0.4936610E-03
   -0.2314957E-03    0.1266088E-02   -0.2208963E-03   -0.8847885E-02   -0.1218386E-01    0.7371123E-03    0.3170066E-02    0.5308589E-03   -0.1937172E+02    0.1685240E+01    0.7836464E+01   -0.5725544E+02    0.4162391E+02    0.9122392E+02    0.6526989E+02   -0.1311389E+02   -0.5784531E+00   -0.3101952E+00    0.4672549E+01    0.5821144E+01    0.6781885E-03   -0.2370172E-02
   -0.1134262E-03    0.5745504E-03   -0.1929651E-03   -0.2045657E-02    0.1732836E-02    0.6304113E-02    0.9867860E-02    0.1470319E-02   -0.6691853E+02    0.6986898E+00    0.7012506E+01   -0.7609278E+02    0.1541599E+02    0.6526989E+02    0.1269334E+03   -0.1141852E+02   -0.5525986E+00   -0.6431383E+00    0.7843600E+00    0.2243904E+02    0.4683990E-03   -0.7818647E-02
   -0.3457560E-04    0.1773337E-03   -0.9725700E-05   -0.3374584E-02   -0.6591755E-02   -0.3750211E-02   -0.3611748E-02   -0.5009660E-04    0.8040628E+00    0.5620468E-01   -0.3136695E+01    0.1785960E+02   -0.3627317E+01   -0.1311389E+02   -0.1141852E+02    0.6944214E+01    0.1423215E+00   -0.7378307E-01   -0.2168081E+01   -0.1783956E+01   -0.1452540E-03    0.2164719E-03
    0.8576673E-05    0.5245527E-04   -0.5852252E-06    0.7530377E-03    0.1463756E-02    0.8193057E-04   -0.7332084E-03   -0.4162878E-04    0.2320830E-01   -0.1623705E-02   -0.1952317E+00   -0.1084288E-01   -0.2059041E+00   -0.5784531E+00   -0.5525986E+00    0.1423215E+00    0.3129301E+01    0.6867830E+00    0.3883539E+00    0.6465162E+00    0.4122211E-03    0.3840358E-04
    0.5718210E-05   -0.3823520E-04   -0.2960407E-05    0.6074685E-04   -0.4112584E-03   -0.4623259E-04   -0.2012244E-03    0.2179675E-04    0.3529044E+00    0.8009657E-02    0.8661187E-01   -0.1108973E+00   -0.1079243E+01   -0.3101952E+00   -0.6431383E+00   -0.7378307E-01    0.6867830E+00    0.3063662E+01    0.2329054E+01    0.1308724E+01   -0.4122589E-03   -0.1912447E-03
   -0.2859363E-04    0.8966357E-04   -0.7098966E-05   -0.2168137E-02   -0.4489271E-02   -0.5534882E-03    0.1900619E-03    0.4102143E-06   -0.2940715E+01    0.8210553E-01    0.2530701E+01   -0.1365067E+02    0.3547618E+01    0.4672549E+01    0.7843600E+00   -0.2168081E+01    0.3883539E+00    0.2329054E+01    0.1807842E+02    0.2768373E+02   -0.3303684E-04    0.2568186E-02
   -0.2231420E-04    0.9216711E-04    0.1318171E-04   -0.2789714E-02   -0.4353710E-02    0.1164647E-02    0.3801661E-02    0.7329907E-03   -0.2563458E+02    0.9068381E-01    0.2236377E+01   -0.2302088E+02    0.2411546E+01    0.5821144E+01    0.2243904E+02   -0.1783956E+01    0.6465162E+00    0.1308724E+01    0.2768373E+02    0.6299824E+02    0.1445918E-04    0.4490245E-02
    0.6724838E-08   -0.2106965E-07    0.6858541E-08    0.1798225E-06    0.5408794E-06   -0.1364556E-06    0.1412874E-07   -0.2059042E-07   -0.1308236E-03    0.6350034E-05    0.2018599E-03    0.4781065E-02    0.1170817E-03    0.6781885E-03    0.4683990E-03   -0.1452540E-03    0.4122211E-03   -0.4122589E-03   -0.3303684E-04    0.1445918E-04    0.5545323E-06    0.1868933E-07
   -0.2102481E-07    0.1332311E-06   -0.5838137E-08   -0.1697052E-05   -0.3206761E-05   -0.8222042E-06   -0.4693439E-06   -0.7638132E-07    0.4551368E-02   -0.1524083E-04   -0.3813786E-03    0.4490235E-02    0.4936610E-03   -0.2370172E-02   -0.7818647E-02    0.2164719E-03    0.3840358E-04   -0.1912447E-03    0.2568186E-02    0.4490245E-02    0.1868933E-07    0.2113273E-05
