# omegabh2 omegach2 theta tau Alens ns logA aps100 aps143 aps217 acib143 acib217 asz143 psr cibr ncib cal0 cal2 xi aksz bm_1_1
    0.12865E-06   -0.73233E-06    0.14514E-06    0.78363E-06    0.25626E-04    0.21267E-05    0.11577E-06   -0.26805E-02   -0.10992E-02   -0.24538E-03   -0.17614E-03   -0.40189E-03    0.16579E-04    0.25418E-06   -0.81658E-05   -0.23586E-05    0.21728E-08   -0.26532E-07    0.38719E-05   -0.11384E-03   -0.27023E-04
   -0.73233E-06    0.88870E-05   -0.11372E-05   -0.87941E-05   -0.19347E-03   -0.21729E-04    0.28000E-05    0.18197E-01    0.58225E-02    0.27288E-02    0.76899E-03    0.16779E-02   -0.25334E-05    0.22122E-05    0.35501E-04    0.12723E-04   -0.15160E-07    0.16291E-06   -0.15268E-04    0.39408E-03    0.24061E-03
    0.14514E-06   -0.11372E-05    0.47738E-06    0.12345E-05    0.33659E-04    0.33676E-05    0.26206E-06   -0.31760E-02   -0.10160E-02   -0.46202E-03   -0.13614E-03   -0.28141E-03    0.65728E-05    0.10383E-06   -0.59966E-05   -0.16313E-05    0.25762E-08   -0.29141E-07    0.36963E-05   -0.83009E-04   -0.38417E-04
    0.78363E-06   -0.87941E-05    0.12345E-05    0.17109E-03   -0.20877E-03    0.31225E-04    0.31904E-03   -0.27333E-01   -0.77606E-02    0.12959E-02   -0.19545E-02   -0.51742E-02   -0.63313E-03   -0.57546E-05   -0.90827E-04   -0.39327E-04   -0.28939E-07   -0.95230E-07    0.10567E-03   -0.12532E-02   -0.36604E-03
    0.25626E-04   -0.19347E-03    0.33659E-04   -0.20877E-03    0.14322E-01    0.53362E-03   -0.80832E-03   -0.10027E+01   -0.24293E+00   -0.20275E-01   -0.47169E-01   -0.11018E+00   -0.27525E-02    0.97824E-04   -0.32617E-02   -0.39646E-03    0.10425E-06   -0.64455E-05    0.91303E-03   -0.35843E-01   -0.85397E-02
    0.21267E-05   -0.21729E-04    0.33676E-05    0.31225E-04    0.53362E-03    0.72652E-04    0.12228E-04   -0.87154E-01   -0.19074E-01    0.33468E-02   -0.57717E-02   -0.11480E-01   -0.69669E-04    0.26940E-04   -0.31452E-03   -0.27071E-04   -0.19419E-07   -0.16643E-06    0.12436E-03   -0.40115E-02   -0.47672E-03
    0.11577E-06    0.28000E-05    0.26206E-06    0.31904E-03   -0.80832E-03    0.12228E-04    0.64735E-03   -0.23620E-01    0.52230E-03    0.18172E-01   -0.52474E-02   -0.10814E-01   -0.18558E-02    0.13346E-04   -0.25081E-03   -0.45953E-04   -0.43281E-07    0.81068E-06    0.22910E-03   -0.34531E-02    0.39821E-03
   -0.26805E-02    0.18197E-01   -0.31760E-02   -0.27333E-01   -0.10027E+01   -0.87154E-01   -0.23620E-01    0.35040E+04    0.11071E+03   -0.11113E+03    0.67028E+02    0.90970E+02   -0.64231E+02   -0.73849E+00   -0.28282E+00    0.84142E+00    0.64459E-03   -0.59372E-03   -0.46965E+00   -0.90848E+01    0.17101E+02
   -0.10992E-02    0.58225E-02   -0.10160E-02   -0.77606E-02   -0.24293E+00   -0.19074E-01    0.52230E-03    0.11071E+03    0.16107E+03    0.18230E+02   -0.29621E+02    0.81704E+01   -0.62995E+01   -0.16537E+00    0.11935E+00    0.81706E-01    0.44924E-04    0.12251E-02    0.98224E+00   -0.10567E+02    0.48938E+00
   -0.24538E-03    0.27288E-02   -0.46202E-03    0.12959E-02   -0.20275E-01    0.33468E-02    0.18172E-01   -0.11113E+03    0.18230E+02    0.25125E+03   -0.14422E+02   -0.98495E+02    0.50457E+01    0.11390E-01   -0.14205E+01   -0.94185E+00    0.11303E-04   -0.26584E-02    0.56851E+00   -0.10392E+02    0.96539E+00
   -0.17614E-03    0.76899E-03   -0.13614E-03   -0.19545E-02   -0.47169E-01   -0.57717E-02   -0.52474E-02    0.67028E+02   -0.29621E+02   -0.14422E+02    0.26374E+02    0.99824E+01   -0.27652E+01    0.18609E-01    0.22984E-01    0.10147E+00   -0.31861E-04   -0.53746E-03    0.12676E+00   -0.51957E+00   -0.38023E+00
   -0.40189E-03    0.16779E-02   -0.28141E-03   -0.51742E-02   -0.11018E+00   -0.11480E-01   -0.10814E-01    0.90970E+02    0.81704E+01   -0.98495E+02    0.99824E+01    0.50690E+02   -0.22287E+01    0.35785E-01    0.66284E+00    0.56189E+00   -0.43191E-05    0.13613E-02   -0.30849E+00   -0.61337E+00   -0.27276E+00
    0.16579E-04   -0.25334E-05    0.65728E-05   -0.63313E-03   -0.27525E-02   -0.69669E-04   -0.18558E-02   -0.64231E+02   -0.62995E+01    0.50457E+01   -0.27652E+01   -0.22287E+01    0.74318E+01    0.49233E-01    0.23559E+00   -0.39387E-01   -0.11680E-05   -0.18255E-03   -0.39446E-01   -0.15746E+00    0.21158E+00
    0.25418E-06    0.22122E-05    0.10383E-06   -0.57546E-05    0.97824E-04    0.26940E-04    0.13346E-04   -0.73849E+00   -0.16537E+00    0.11390E-01    0.18609E-01    0.35785E-01    0.49233E-01    0.61831E-02   -0.41752E-02    0.40897E-02    0.34313E-06   -0.64625E-05    0.38565E-02   -0.14981E-01    0.28630E-02
   -0.81658E-05    0.35501E-04   -0.59966E-05   -0.90827E-04   -0.32617E-02   -0.31452E-03   -0.25081E-03   -0.28282E+00    0.11935E+00   -0.14205E+01    0.22984E-01    0.66284E+00    0.23559E+00   -0.41752E-02    0.49461E-01   -0.35766E-02    0.58678E-06    0.30496E-04    0.55634E-03   -0.60140E-03   -0.34663E-02
   -0.23586E-05    0.12723E-04   -0.16313E-05   -0.39327E-04   -0.39646E-03   -0.27071E-04   -0.45953E-04    0.84142E+00    0.81706E-01   -0.94185E+00    0.10147E+00    0.56189E+00   -0.39387E-01    0.40897E-02   -0.35766E-02    0.15504E-01    0.27716E-08    0.27097E-05   -0.12125E-02   -0.10018E-01    0.53668E-02
    0.21728E-08   -0.15160E-07    0.25762E-08   -0.28939E-07    0.10425E-06   -0.19419E-07   -0.43281E-07    0.64459E-03    0.44924E-04    0.11303E-04   -0.31861E-04   -0.43191E-05   -0.11680E-05    0.34313E-06    0.58678E-06    0.27716E-08    0.15844E-06   -0.45404E-08   -0.18788E-06   -0.22850E-05   -0.19273E-04
   -0.26532E-07    0.16291E-06   -0.29141E-07   -0.95230E-07   -0.64455E-05   -0.16643E-06    0.81068E-06   -0.59372E-03    0.12251E-02   -0.26584E-02   -0.53746E-03    0.13613E-02   -0.18255E-03   -0.64625E-05    0.30496E-04    0.27097E-05   -0.45404E-08    0.18940E-05   -0.81991E-05    0.56823E-05    0.11747E-03
    0.38719E-05   -0.15268E-04    0.36963E-05    0.10567E-03    0.91303E-03    0.12436E-03    0.22910E-03   -0.46965E+00    0.98224E+00    0.56851E+00    0.12676E+00   -0.30849E+00   -0.39446E-01    0.38565E-02    0.55634E-03   -0.12125E-02   -0.18788E-06   -0.81991E-05    0.83409E-01    0.62121E-02    0.14382E-02
   -0.11384E-03    0.39408E-03   -0.83009E-04   -0.12532E-02   -0.35843E-01   -0.40115E-02   -0.34531E-02   -0.90848E+01   -0.10567E+02   -0.10392E+02   -0.51957E+00   -0.61337E+00   -0.15746E+00   -0.14981E-01   -0.60140E-03   -0.10018E-01   -0.22850E-05    0.56823E-05    0.62121E-02    0.74107E+01   -0.62604E-02
   -0.27023E-04    0.24061E-03   -0.38417E-04   -0.36604E-03   -0.85397E-02   -0.47672E-03    0.39821E-03    0.17101E+02    0.48938E+00    0.96539E+00   -0.38023E+00   -0.27276E+00    0.21158E+00    0.28630E-02   -0.34663E-02    0.53668E-02   -0.19273E-04    0.11747E-03    0.14382E-02   -0.62604E-02    0.32312E+00
