# omegabh2 omegach2 theta tau logA ns nrun aps100 aps143 aps217 acib143 acib217 asz143 psr cibr ncib xi aksz cal0 cal2 bm_1_1
    0.6334933E-07   -0.2675047E-06    0.5293149E-07    0.1704518E-05    0.3072238E-05    0.5963755E-06   -0.7736812E-06    0.1825369E-04   -0.4495657E-03   -0.6795441E-04   -0.1043399E-04   -0.1178728E-03    0.6061067E-04    0.7742967E-06    0.1087325E-05   -0.2241510E-05   -0.4877194E-06   -0.1416930E-05    0.6245136E-08   -0.9192204E-08    0.1025218E-05
   -0.2675047E-06    0.4580977E-05   -0.4712160E-06   -0.1075515E-04   -0.1008702E-04   -0.1042105E-04   -0.1087177E-05    0.4767145E-02    0.3311388E-02   -0.3845592E-03    0.6053718E-04    0.1373315E-02   -0.1494226E-03   -0.8456613E-05    0.7680569E-05    0.2108406E-04   -0.7906849E-05    0.2116777E-04   -0.7874404E-07    0.3723848E-06    0.1311523E-03
    0.5293149E-07   -0.4712160E-06    0.2416340E-06    0.1690117E-05    0.2537033E-05    0.1324389E-05   -0.2271455E-06   -0.4737018E-03   -0.3705053E-03   -0.4360760E-04   -0.3489138E-04   -0.1180684E-03    0.4388588E-04    0.1898704E-05    0.1717812E-06   -0.2271302E-05   -0.2517256E-05    0.2344068E-04    0.3362255E-08   -0.9631942E-08   -0.3045019E-05
    0.1704518E-05   -0.1075515E-04    0.1690117E-05    0.2355668E-03    0.4550067E-03    0.3076400E-04   -0.4465285E-04   -0.1974269E-01   -0.5068761E-02    0.1035613E-01   -0.3882063E-02   -0.9088520E-02    0.3456457E-03    0.3139979E-04   -0.6912921E-04   -0.8294380E-04    0.9709178E-04   -0.1529281E-03   -0.3460461E-09   -0.1158888E-05   -0.2453931E-03
    0.3072238E-05   -0.1008702E-04    0.2537033E-05    0.4550067E-03    0.9174918E-03    0.3254143E-04   -0.1076583E-03   -0.2530447E-01    0.5013266E-02    0.2285765E-01   -0.9697961E-02   -0.1429075E-01    0.1238730E-03    0.5533941E-04   -0.1393934E-03   -0.5224471E-04    0.1846788E-03   -0.7640064E-03    0.9326789E-07    0.2191722E-06    0.4999976E-03
    0.5963755E-06   -0.1042105E-04    0.1324389E-05    0.3076400E-04    0.3254143E-04    0.4165677E-04    0.1590427E-04   -0.4127098E-01   -0.5627145E-02    0.2254705E-01   -0.7431856E-02   -0.1524476E-01   -0.1011129E-02    0.9579296E-04   -0.2180117E-03   -0.1218734E-03    0.9738316E-04   -0.4088326E-02   -0.1117683E-06   -0.6561756E-08   -0.8987926E-04
   -0.7736812E-06   -0.1087177E-05   -0.2271455E-06   -0.4465285E-04   -0.1076583E-03    0.1590427E-04    0.6794778E-04   -0.4786675E-01   -0.5346825E-02    0.2348452E-01   -0.7941159E-02   -0.1577314E-01   -0.1823811E-02    0.8330319E-04   -0.2587840E-03   -0.1310698E-03    0.8638685E-04   -0.3999131E-02   -0.2057641E-07    0.1978969E-06   -0.3114875E-03
    0.1825369E-04    0.4767145E-02   -0.4737018E-03   -0.1974269E-01   -0.2530447E-01   -0.4127098E-01   -0.4786675E-01    0.2407976E+04    0.5970527E+02   -0.1366423E+03    0.7716495E+02    0.8987269E+02   -0.5046292E+02   -0.1057197E+01   -0.5632489E+00    0.5408441E+00    0.4299291E+00   -0.9734280E+01    0.2225052E-02    0.1343121E-02    0.1090100E+02
   -0.4495657E-03    0.3311388E-02   -0.3705053E-03   -0.5068761E-02    0.5013266E-02   -0.5627145E-02   -0.5346825E-02    0.5970527E+02    0.1272263E+03    0.3263868E+02   -0.2297577E+02   -0.2956169E+01   -0.8014119E+01   -0.1537531E+00    0.1097106E+00    0.9688601E-01    0.1225196E+01   -0.1018595E+02    0.2654484E-03    0.9840846E-03    0.2600057E+00
   -0.6795441E-04   -0.3845592E-03   -0.4360760E-04    0.1035613E-01    0.2285765E-01    0.2254705E-01    0.2348452E-01   -0.1366423E+03    0.3263868E+02    0.3161364E+03   -0.4103415E+02   -0.1506303E+03   -0.5068896E+00    0.2550947E+00   -0.1568152E+01   -0.1629159E+01    0.6422489E+00   -0.7536050E+01   -0.1616870E-03   -0.3963752E-02    0.5767180E-01
   -0.1043399E-04    0.6053718E-04   -0.3489138E-04   -0.3882063E-02   -0.9697961E-02   -0.7431856E-02   -0.7941159E-02    0.7716495E+02   -0.2297577E+02   -0.4103415E+02    0.2711166E+02    0.2421505E+02   -0.7546221E+00   -0.3049464E-01    0.4751301E-01    0.2295586E+00    0.1346321E+00   -0.8368300E+00   -0.2071246E-03   -0.1280522E-02   -0.2282849E+00
   -0.1178728E-03    0.1373315E-02   -0.1180684E-03   -0.9088520E-02   -0.1429075E-01   -0.1524476E-01   -0.1577314E-01    0.8987269E+02   -0.2956169E+01   -0.1506303E+03    0.2421505E+02    0.8414657E+02    0.8762188E+00   -0.5504758E-01    0.7171637E+00    0.1040260E+01   -0.3547698E+00   -0.2246904E+01    0.1427296E-03    0.1389804E-02    0.1243286E+00
    0.6061067E-04   -0.1494226E-03    0.4388588E-04    0.3456457E-03    0.1238730E-03   -0.1011129E-02   -0.1823811E-02   -0.5046292E+02   -0.8014119E+01   -0.5068896E+00   -0.7546221E+00    0.8762188E+00    0.6572001E+01    0.7277211E-01    0.2104879E+00   -0.1123596E-02   -0.9008808E-01   -0.1643130E+00    0.1359226E-03   -0.4171803E-03    0.1063894E+00
    0.7742967E-06   -0.8456613E-05    0.1898704E-05    0.3139979E-04    0.5533941E-04    0.9579296E-04    0.8330319E-04   -0.1057197E+01   -0.1537531E+00    0.2550947E+00   -0.3049464E-01   -0.5504758E-01    0.7277211E-01    0.1546511E-01   -0.9757234E-02    0.3738008E-02    0.6090832E-02   -0.3054799E-01    0.4776730E-05   -0.1609073E-04    0.2143889E-02
    0.1087325E-05    0.7680569E-05    0.1717812E-06   -0.6912921E-04   -0.1393934E-03   -0.2180117E-03   -0.2587840E-03   -0.5632489E+00    0.1097106E+00   -0.1568152E+01    0.4751301E-01    0.7171637E+00    0.2104879E+00   -0.9757234E-02    0.4889894E-01   -0.1162534E-02    0.2799249E-02   -0.3078948E-02    0.1081203E-05    0.7008113E-04    0.2121131E-03
   -0.2241510E-05    0.2108406E-04   -0.2271302E-05   -0.8294380E-04   -0.5224471E-04   -0.1218734E-03   -0.1310698E-03    0.5408441E+00    0.9688601E-01   -0.1629159E+01    0.2295586E+00    0.1040260E+01   -0.1123596E-02    0.3738008E-02   -0.1162534E-02    0.2315232E-01   -0.2854710E-02   -0.3390743E-01    0.6478906E-05   -0.6399356E-04    0.9075399E-02
   -0.4877194E-06   -0.7906849E-05   -0.2517256E-05    0.9709178E-04    0.1846788E-03    0.9738316E-04    0.8638685E-04    0.4299291E+00    0.1225196E+01    0.6422489E+00    0.1346321E+00   -0.3547698E+00   -0.9008808E-01    0.6090832E-02    0.2799249E-02   -0.2854710E-02    0.8296454E-01    0.2191717E-01   -0.2700484E-05   -0.3392708E-04   -0.1617608E-02
   -0.1416930E-05    0.2116777E-04    0.2344068E-04   -0.1529281E-03   -0.7640064E-03   -0.4088326E-02   -0.3999131E-02   -0.9734280E+01   -0.1018595E+02   -0.7536050E+01   -0.8368300E+00   -0.2246904E+01   -0.1643130E+00   -0.3054799E-01   -0.3078948E-02   -0.3390743E-01    0.2191717E-01    0.7774459E+01    0.5245973E-04   -0.1619289E-03   -0.1284103E-01
    0.6245136E-08   -0.7874404E-07    0.3362255E-08   -0.3460461E-09    0.9326789E-07   -0.1117683E-06   -0.2057641E-07    0.2225052E-02    0.2654484E-03   -0.1616870E-03   -0.2071246E-03    0.1427296E-03    0.1359226E-03    0.4776730E-05    0.1081203E-05    0.6478906E-05   -0.2700484E-05    0.5245973E-04    0.8279521E-06    0.5531735E-07   -0.8315858E-04
   -0.9192204E-08    0.3723848E-06   -0.9631942E-08   -0.1158888E-05    0.2191722E-06   -0.6561756E-08    0.1978969E-06    0.1343121E-02    0.9840846E-03   -0.3963752E-02   -0.1280522E-02    0.1389804E-02   -0.4171803E-03   -0.1609073E-04    0.7008113E-04   -0.6399356E-04   -0.3392708E-04   -0.1619289E-03    0.5531735E-07    0.5787850E-05    0.3033728E-03
    0.1025218E-05    0.1311523E-03   -0.3045019E-05   -0.2453931E-03    0.4999976E-03   -0.8987926E-04   -0.3114875E-03    0.1090100E+02    0.2600057E+00    0.5767180E-01   -0.2282849E+00    0.1243286E+00    0.1063894E+00    0.2143889E-02    0.2121131E-03    0.9075399E-02   -0.1617608E-02   -0.1284103E-01   -0.8315858E-04    0.3033728E-03    0.2580626E+00
