# omegabh2 omegach2 theta tau Alens logA ns calPlanck
  1.5449121E-07  -6.7323476E-07   8.1349189E-08   5.7890287E-07   6.7277250E-05   3.9140027E-06   6.9576417E-06  -4.4445883E-09
 -6.7323476E-07   6.6364082E-06  -5.4110825E-07  -3.8032228E-06  -3.3845011E-04  -9.3788222E-06  -3.7495651E-05  -4.1651500E-09
  8.1349189E-08  -5.4110825E-07   2.7936119E-07   3.1929686E-07   3.5518358E-05   1.4196501E-06   3.9244710E-06  -1.3958208E-08
  5.7890287E-07  -3.8032228E-06   3.1929686E-07   8.0144893E-05   1.8651322E-04   1.7073656E-04   3.5767116E-05  -2.0455880E-07
  6.7277250E-05  -3.3845011E-04   3.5518358E-05   1.8651322E-04   5.0488337E-02   2.3071288E-03   3.8805472E-03  -8.3078368E-06
  3.9140027E-06  -9.3788222E-06   1.4196501E-06   1.7073656E-04   2.3071288E-03   5.3945958E-04   2.1965462E-04   1.1992072E-05
  6.9576417E-06  -3.7495651E-05   3.9244710E-06   3.5767116E-05   3.8805472E-03   2.1965462E-04   4.3133618E-04  -4.3339834E-07
 -4.4445883E-09  -4.1651500E-09  -1.3958208E-08  -2.0455880E-07  -8.3078368E-06   1.1992072E-05  -4.3339834E-07   6.2759851E-06
