# omegabh2 omegach2 theta tau ns logA aps100 aps143 aps217 acib143 acib217 asz143 psr cibr ncib cal0 cal2 xi aksz bm_1_1 bm_1_2 bm_1_3 bm_1_4 bm_1_5 bm_2_1 bm_2_2 bm_2_3 bm_2_4 bm_2_5 bm_3_1 bm_3_2 bm_3_3 bm_3_4 bm_3_5 bm_4_1 bm_4_2 bm_4_3 bm_4_4 bm_4_5
    0.62557E-07   -0.14863E-06    0.45462E-07    0.66605E-06    0.60868E-06    0.11743E-05   -0.13541E-02   -0.49513E-03   -0.31564E-04   -0.13962E-03   -0.21210E-03    0.21584E-04    0.43589E-06   -0.46507E-05   -0.13394E-05    0.17055E-08   -0.86894E-08    0.24294E-05   -0.45993E-04   -0.47194E-05   -0.91747E-05   -0.34422E-05    0.28103E-05   -0.20761E-05    0.33752E-05   -0.11796E-06   -0.27985E-05    0.99455E-06    0.14377E-06   -0.41479E-05   -0.22270E-05   -0.38406E-05    0.12810E-05   -0.51167E-05    0.64057E-06   -0.19006E-05   -0.10823E-05    0.11153E-06    0.13959E-05
   -0.14863E-06    0.30283E-05   -0.18807E-06   -0.44297E-05   -0.67118E-05   -0.13676E-05    0.54049E-04    0.15159E-02    0.13451E-02   -0.14881E-03   -0.74085E-04    0.10502E-04    0.19633E-05   -0.24273E-05    0.15265E-05   -0.23784E-09   -0.32742E-08    0.13047E-05   -0.30980E-04    0.73181E-04   -0.10442E-04   -0.67349E-05    0.36317E-06   -0.57811E-05    0.99341E-05    0.10264E-05    0.61830E-05    0.25965E-05   -0.12279E-04   -0.13171E-04   -0.10862E-04   -0.82681E-05   -0.73591E-05   -0.83591E-05   -0.43159E-05    0.82161E-05   -0.15348E-05   -0.44827E-05    0.13574E-04
    0.45462E-07   -0.18807E-06    0.32101E-06    0.65900E-06    0.93712E-06    0.11916E-05   -0.23003E-03   -0.25225E-03   -0.86098E-04   -0.69017E-05   -0.27098E-04    0.23215E-04    0.30960E-06    0.11753E-05   -0.51920E-06    0.12041E-08    0.32407E-08    0.77223E-06   -0.20128E-04   -0.21646E-05    0.24797E-05   -0.94071E-06    0.35313E-05   -0.28280E-05    0.29926E-06   -0.19357E-05   -0.22617E-05    0.20799E-05   -0.15360E-05   -0.44567E-05   -0.27865E-05   -0.59026E-05   -0.22470E-06   -0.20928E-05   -0.23276E-05   -0.26034E-05   -0.19271E-05    0.21726E-06    0.91280E-06
    0.66605E-06   -0.44297E-05    0.65900E-06    0.16803E-03    0.23976E-04    0.32602E-03   -0.50605E-01   -0.29820E-02    0.86562E-02   -0.62817E-02   -0.78482E-02   -0.23992E-03    0.10292E-04   -0.21670E-03   -0.42902E-04    0.24251E-07   -0.16076E-06    0.42138E-04   -0.22976E-02   -0.10871E-03    0.22920E-04    0.11972E-04    0.81671E-04   -0.20211E-04    0.14335E-03    0.23329E-03   -0.68926E-04   -0.54001E-04    0.29704E-03   -0.31615E-05   -0.10686E-03   -0.25365E-03    0.23663E-03   -0.26075E-04    0.15208E-03   -0.15246E-03    0.32103E-03   -0.11432E-03    0.13647E-04
    0.60868E-06   -0.67118E-05    0.93712E-06    0.23976E-04    0.36096E-04    0.31201E-04   -0.64319E-01   -0.76629E-03    0.11110E-01   -0.80033E-02   -0.85810E-02   -0.27061E-03    0.41622E-04   -0.26587E-03   -0.11197E-04   -0.14664E-08    0.40843E-07    0.86191E-04   -0.25724E-02    0.16830E-04   -0.11664E-04   -0.14285E-04    0.76246E-04    0.53489E-05    0.26583E-03    0.47104E-04   -0.70556E-04   -0.70010E-05   -0.28273E-04   -0.32634E-04    0.30037E-04   -0.10924E-03   -0.25661E-04   -0.96663E-04    0.17657E-03    0.72480E-04   -0.51516E-04    0.59199E-04   -0.29250E-04
    0.11743E-05   -0.13676E-05    0.11916E-05    0.32602E-03    0.31201E-04    0.65849E-03   -0.12526E+00    0.53195E-02    0.30186E-01   -0.17643E-01   -0.19668E-01   -0.15333E-02    0.62541E-04   -0.61661E-03   -0.42269E-04    0.14357E-06   -0.88367E-07    0.14069E-03   -0.63612E-02    0.61850E-03    0.18397E-03    0.17998E-05    0.19852E-03   -0.30237E-04    0.64384E-03    0.54542E-03   -0.15923E-03   -0.13898E-03    0.51773E-03   -0.10527E-03   -0.21599E-03   -0.58127E-03    0.44246E-03   -0.14533E-03    0.49174E-03   -0.19861E-03    0.70989E-03   -0.21401E-03    0.78889E-04
   -0.13541E-02    0.54049E-04   -0.23003E-03   -0.50605E-01   -0.64319E-01   -0.12526E+00    0.27087E+04    0.34058E+02   -0.16417E+03    0.12174E+03    0.10899E+03   -0.73845E+02   -0.10196E+01   -0.67670E-01    0.14089E+01    0.25830E-03   -0.23236E-02   -0.68694E+00   -0.18036E+02    0.10472E+02   -0.89085E+01    0.98770E-01   -0.48451E+00   -0.31658E+00   -0.59628E+00   -0.42374E+01   -0.13373E+00    0.12012E+01   -0.84386E-01    0.20787E+01    0.35977E-01   -0.55706E+00   -0.40245E+00   -0.30068E+01    0.15274E+01   -0.15900E+01   -0.18018E+01   -0.76236E+00    0.39350E+01
   -0.49513E-03    0.15159E-02   -0.25225E-03   -0.29820E-02   -0.76629E-03    0.53195E-02    0.34058E+02    0.18261E+03    0.60645E+02   -0.34400E+02   -0.12596E+02   -0.75703E+01   -0.24470E+00   -0.20469E+00   -0.18310E+00    0.17669E-03    0.30728E-02    0.11978E+01   -0.13328E+02    0.10755E+01    0.53731E+00    0.72394E-01    0.20064E+00    0.61191E-02   -0.16943E+01   -0.84812E+00   -0.15850E-01   -0.84656E-01   -0.55260E-01    0.93314E+00   -0.25656E-01    0.29722E+00    0.20052E-01    0.67083E-01   -0.55452E+00   -0.57324E+00   -0.33002E+00    0.95900E-01    0.47888E-01
   -0.31564E-04    0.13451E-02   -0.86098E-04    0.86562E-02    0.11110E-01    0.30186E-01   -0.16417E+03    0.60645E+02    0.20445E+03   -0.33576E+02   -0.70454E+02    0.49736E+01   -0.50800E-01   -0.81596E+00   -0.10394E+01    0.23357E-03   -0.36120E-02    0.35492E+00   -0.11203E+02    0.13359E+01    0.91952E+00   -0.38603E-02    0.10014E+00    0.97626E-01    0.10051E+01    0.19806E+00   -0.11654E+00   -0.28620E+00    0.58725E+00   -0.15994E+01    0.58224E+00   -0.35217E+00    0.64784E+00    0.34954E+00   -0.28638E+00    0.19316E-01    0.20293E+00    0.92290E-02   -0.18575E+00
   -0.13962E-03   -0.14881E-03   -0.69017E-05   -0.62817E-02   -0.80033E-02   -0.17643E-01    0.12174E+03   -0.34400E+02   -0.33576E+02    0.25859E+02    0.17619E+02   -0.27898E+01    0.14334E-01    0.18756E+00    0.22342E+00   -0.14242E-03   -0.11798E-02    0.71246E-02   -0.82604E+00   -0.90998E+00   -0.52385E+00   -0.16195E-01   -0.84043E-01   -0.15009E-01    0.78236E+00    0.25518E+00    0.41702E-01    0.21313E+00    0.29771E-01   -0.21724E+00   -0.10096E+00   -0.11001E+00   -0.17528E-01   -0.36482E-03    0.40645E+00    0.24001E+00    0.75391E-01   -0.73631E-01    0.18913E+00
   -0.21210E-03   -0.74085E-04   -0.27098E-04   -0.78482E-02   -0.85810E-02   -0.19668E-01    0.10899E+03   -0.12596E+02   -0.70454E+02    0.17619E+02    0.33259E+02   -0.26425E+01    0.69953E-01    0.35068E+00    0.52191E+00   -0.95237E-04    0.15346E-02   -0.19515E+00   -0.11916E+01   -0.56506E+00   -0.44408E+00   -0.22891E-02   -0.23780E-01   -0.45600E-01   -0.35776E+00   -0.10064E+00    0.29254E-01    0.27743E+00   -0.26236E+00    0.53545E+00   -0.41719E+00    0.12168E+00   -0.33603E+00   -0.24208E+00    0.82501E-01   -0.52752E-01   -0.11452E+00   -0.63637E-02    0.24191E+00
    0.21584E-04    0.10502E-04    0.23215E-04   -0.23992E-03   -0.27061E-03   -0.15333E-02   -0.73845E+02   -0.75703E+01    0.49736E+01   -0.27898E+01   -0.26425E+01    0.77485E+01    0.49304E-01    0.27313E+00   -0.14263E+00    0.34005E-04   -0.37624E-04   -0.25875E-01    0.15069E-01    0.16333E+00    0.85821E-01   -0.25008E-01   -0.66390E-02   -0.78989E-02   -0.64404E-01    0.32445E-01   -0.59249E-01   -0.76690E-01   -0.33393E-01   -0.97558E-01    0.21400E-01    0.24486E-01   -0.43919E-01    0.12828E-02   -0.10433E+00   -0.35634E-01   -0.71021E-02    0.28175E-01   -0.79854E-01
    0.43589E-06    0.19633E-05    0.30960E-06    0.10292E-04    0.41622E-04    0.62541E-04   -0.10196E+01   -0.24470E+00   -0.50800E-01    0.14334E-01    0.69953E-01    0.49304E-01    0.78027E-02   -0.60420E-02    0.75703E-02    0.13031E-05   -0.23323E-04    0.38352E-02   -0.12996E-01    0.87266E-02    0.28356E-02    0.83823E-03    0.39277E-03   -0.37180E-03    0.67237E-02   -0.93863E-03   -0.91754E-03   -0.17008E-02   -0.17353E-02   -0.11744E-01   -0.11841E-02   -0.22572E-02   -0.21101E-02   -0.31422E-02   -0.22878E-02   -0.29910E-03   -0.51139E-02   -0.48939E-02   -0.12130E-02
   -0.46507E-05   -0.24273E-05    0.11753E-05   -0.21670E-03   -0.26587E-03   -0.61661E-03   -0.67670E-01   -0.20469E+00   -0.81596E+00    0.18756E+00    0.35068E+00    0.27313E+00   -0.60420E-02    0.45455E-01   -0.12681E-01   -0.22810E-05    0.85253E-04    0.60023E-03   -0.36175E-01   -0.18702E-01   -0.70154E-02   -0.28970E-02    0.33274E-02    0.20465E-02   -0.25049E-01   -0.55240E-02   -0.10608E-04   -0.44975E-04   -0.44680E-02    0.24689E-01    0.13925E-02    0.87876E-02    0.11478E-02    0.20588E-02   -0.29745E-02   -0.84573E-03    0.22577E-03    0.79936E-02   -0.41648E-02
   -0.13394E-05    0.15265E-05   -0.51920E-06   -0.42902E-04   -0.11197E-04   -0.42269E-04    0.14089E+01   -0.18310E+00   -0.10394E+01    0.22342E+00    0.52191E+00   -0.14263E+00    0.75703E-02   -0.12681E-01    0.21437E-01    0.65470E-06   -0.19570E-04   -0.19244E-02   -0.62493E-02    0.73132E-02   -0.84649E-02   -0.37286E-04   -0.22674E-02   -0.10026E-02    0.60655E-02    0.26026E-02   -0.49495E-02    0.10772E-01   -0.10009E-01   -0.11525E-01   -0.18266E-01   -0.24342E-02   -0.13760E-01   -0.11768E-01   -0.28292E-02   -0.27584E-02   -0.25242E-02    0.17179E-02    0.13707E-01
    0.17055E-08   -0.23784E-09    0.12041E-08    0.24251E-07   -0.14664E-08    0.14357E-06    0.25830E-03    0.17669E-03    0.23357E-03   -0.14242E-03   -0.95237E-04    0.34005E-04    0.13031E-05   -0.22810E-05    0.65470E-06    0.15647E-06    0.20639E-09    0.63099E-06   -0.14758E-05   -0.21537E-04   -0.14166E-04   -0.17824E-05    0.38314E-05   -0.33662E-05    0.86741E-05   -0.16262E-06    0.38058E-05    0.15087E-05    0.88496E-06   -0.57599E-06   -0.44035E-05   -0.11842E-05   -0.66584E-06   -0.50879E-05    0.53678E-05    0.35507E-05   -0.11297E-06   -0.59220E-05    0.38702E-05
   -0.86894E-08   -0.32742E-08    0.32407E-08   -0.16076E-06    0.40843E-07   -0.88367E-07   -0.23236E-02    0.30728E-02   -0.36120E-02   -0.11798E-02    0.15346E-02   -0.37624E-04   -0.23323E-04    0.85253E-04   -0.19570E-04    0.20639E-09    0.16515E-05   -0.78654E-05   -0.79262E-04    0.88633E-04    0.42259E-04   -0.19352E-04   -0.46068E-05   -0.76058E-05    0.21377E-03   -0.22349E-04    0.79971E-05   -0.39621E-05    0.82660E-06   -0.24124E-03   -0.10919E-04   -0.35126E-04    0.62483E-05   -0.20259E-04   -0.39369E-05    0.38758E-04   -0.61218E-04   -0.49255E-04    0.84349E-05
    0.24294E-05    0.13047E-05    0.77223E-06    0.42138E-04    0.86191E-04    0.14069E-03   -0.68694E+00    0.11978E+01    0.35492E+00    0.71246E-02   -0.19515E+00   -0.25875E-01    0.38352E-02    0.60023E-03   -0.19244E-02    0.63099E-06   -0.78654E-05    0.81914E-01    0.88391E-02    0.40275E-02   -0.32314E-02    0.24156E-02    0.47817E-02    0.51921E-03    0.24786E-02   -0.16234E-02    0.12340E-02   -0.13729E-03   -0.17856E-02   -0.19730E-02   -0.60421E-03    0.24201E-02    0.35577E-02    0.19395E-02   -0.23047E-03    0.30621E-02   -0.16888E-02   -0.52604E-03    0.15070E-02
   -0.45993E-04   -0.30980E-04   -0.20128E-04   -0.22976E-02   -0.25724E-02   -0.63612E-02   -0.18036E+02   -0.13328E+02   -0.11203E+02   -0.82604E+00   -0.11916E+01    0.15069E-01   -0.12996E-01   -0.36175E-01   -0.62493E-02   -0.14758E-05   -0.79262E-04    0.88391E-02    0.80407E+01   -0.22733E-02    0.31467E-02    0.13029E-01   -0.46987E-01    0.15160E-01    0.47795E-02    0.18415E-01    0.55860E-02   -0.27633E-01   -0.11079E-01    0.21135E-01   -0.25126E-02   -0.22707E-01   -0.59991E-02    0.43984E-01    0.13277E-01    0.15703E-01    0.22418E-01    0.52765E-02   -0.16912E-01
   -0.47194E-05    0.73181E-04   -0.21646E-05   -0.10871E-03    0.16830E-04    0.61850E-03    0.10472E+02    0.10755E+01    0.13359E+01   -0.90998E+00   -0.56506E+00    0.16333E+00    0.87266E-02   -0.18702E-01    0.73132E-02   -0.21537E-04    0.88633E-04    0.40275E-02   -0.22733E-02    0.69310E+00   -0.12356E+00    0.79286E-02    0.33980E-02    0.67620E-02    0.17816E+00   -0.46682E-01   -0.46344E-01   -0.19137E-01   -0.60621E-01    0.12491E-01    0.30098E-01   -0.44271E-01   -0.45802E-01   -0.11421E+00    0.15101E+00    0.22177E-01   -0.16670E-01    0.24710E-01    0.76616E-01
   -0.91747E-05   -0.10442E-04    0.24797E-05    0.22920E-04   -0.11664E-04    0.18397E-03   -0.89085E+01    0.53731E+00    0.91952E+00   -0.52385E+00   -0.44408E+00    0.85821E-01    0.28356E-02   -0.70154E-02   -0.84649E-02   -0.14166E-04    0.42259E-04   -0.32314E-02    0.31467E-02   -0.12356E+00    0.92371E+00    0.10269E-02    0.14867E-02   -0.79793E-02   -0.15823E+00    0.19268E+00    0.65212E-01   -0.30849E-01    0.38547E-01   -0.12712E+00    0.11959E-01    0.35432E-01    0.10610E-01    0.16614E+00   -0.23692E+00    0.42509E-01    0.11291E+00    0.10621E-01   -0.22813E+00
   -0.34422E-05   -0.67349E-05   -0.94071E-06    0.11972E-04   -0.14285E-04    0.17998E-05    0.98770E-01    0.72394E-01   -0.38603E-02   -0.16195E-01   -0.22891E-02   -0.25008E-01    0.83823E-03   -0.28970E-02   -0.37286E-04   -0.17824E-05   -0.19352E-04    0.24156E-02    0.13029E-01    0.79286E-02    0.10269E-02    0.98429E+00   -0.16999E-01   -0.49574E-03   -0.32199E-01   -0.25670E-01    0.15467E+00   -0.29003E-02    0.96088E-01   -0.87355E-02    0.47628E-01   -0.94113E-02   -0.84024E-02    0.11637E+00   -0.42653E-01    0.19614E-01    0.19299E-01   -0.16634E+00    0.10873E+00
    0.28103E-05    0.36317E-06    0.35313E-05    0.81671E-04    0.76246E-04    0.19852E-03   -0.48451E+00    0.20064E+00    0.10014E+00   -0.84043E-01   -0.23780E-01   -0.66390E-02    0.39277E-03    0.33274E-02   -0.22674E-02    0.38314E-05   -0.46068E-05    0.47817E-02   -0.46987E-01    0.33980E-02    0.14867E-02   -0.16999E-01    0.98750E+00    0.11195E-02    0.54270E-01   -0.76153E-01    0.75562E-01   -0.95389E-01    0.35813E-01    0.69602E-01    0.10933E+00    0.46593E-01    0.14288E+00   -0.88804E-01    0.81370E-01    0.52288E-01   -0.81751E-02   -0.10415E+00    0.42743E-01
   -0.20761E-05   -0.57811E-05   -0.28280E-05   -0.20211E-04    0.53489E-05   -0.30237E-04   -0.31658E+00    0.61191E-02    0.97626E-01   -0.15009E-01   -0.45600E-01   -0.78989E-02   -0.37180E-03    0.20465E-02   -0.10026E-02   -0.33662E-05   -0.76058E-05    0.51921E-03    0.15160E-01    0.67620E-02   -0.79793E-02   -0.49574E-03    0.11195E-02    0.10034E+01    0.33328E-01    0.50226E-01   -0.55483E-01    0.47226E-01    0.78139E-01    0.73463E-01   -0.79577E-01   -0.79753E-01    0.53493E-01    0.44212E-01    0.10178E+00   -0.86286E-01    0.94012E-01   -0.14076E-01    0.38391E-02
    0.33752E-05    0.99341E-05    0.29926E-06    0.14335E-03    0.26583E-03    0.64384E-03   -0.59628E+00   -0.16943E+01    0.10051E+01    0.78236E+00   -0.35776E+00   -0.64404E-01    0.67237E-02   -0.25049E-01    0.60655E-02    0.86741E-05    0.21377E-03    0.24786E-02    0.47795E-02    0.17816E+00   -0.15823E+00   -0.32199E-01    0.54270E-01    0.33328E-01    0.86361E+00   -0.65311E-02   -0.87952E-02   -0.26402E-01   -0.13715E-01    0.15597E-01    0.13666E+00   -0.12104E+00    0.22168E-01   -0.59526E-01    0.64884E+00    0.24441E+00   -0.55170E-01   -0.50468E-01    0.86196E-01
   -0.11796E-06    0.10264E-05   -0.19357E-05    0.23329E-03    0.47104E-04    0.54542E-03   -0.42374E+01   -0.84812E+00    0.19806E+00    0.25518E+00   -0.10064E+00    0.32445E-01   -0.93863E-03   -0.55240E-02    0.26026E-02   -0.16262E-06   -0.22349E-04   -0.16234E-02    0.18415E-01   -0.46682E-01    0.19268E+00   -0.25670E-01   -0.76153E-01    0.50226E-01   -0.65311E-02    0.97170E+00    0.46297E-02    0.10931E-02    0.99583E-02    0.44886E-01   -0.15066E-01   -0.57738E-01   -0.17760E-01    0.15080E+00   -0.74019E-01    0.24417E+00    0.76047E+00    0.28273E+00   -0.19367E+00
   -0.27985E-05    0.61830E-05   -0.22617E-05   -0.68926E-04   -0.70556E-04   -0.15923E-03   -0.13373E+00   -0.15850E-01   -0.11654E+00    0.41702E-01    0.29254E-01   -0.59249E-01   -0.91754E-03   -0.10608E-04   -0.49495E-02    0.38058E-05    0.79971E-05    0.12340E-02    0.55860E-02   -0.46344E-01    0.65212E-01    0.15467E+00    0.75562E-01   -0.55483E-01   -0.87952E-02    0.46297E-02    0.99207E+00    0.50349E-02   -0.18504E-01    0.75821E-01   -0.37008E-01    0.15593E+00    0.15109E+00   -0.14001E+00   -0.20495E+00    0.64311E+00    0.14119E+00   -0.60089E+00    0.17325E+00
    0.99455E-06    0.25965E-05    0.20799E-05   -0.54001E-04   -0.70010E-05   -0.13898E-03    0.12012E+01   -0.84656E-01   -0.28620E+00    0.21313E+00    0.27743E+00   -0.76690E-01   -0.17008E-02   -0.44975E-04    0.10772E-01    0.15087E-05   -0.39621E-05   -0.13729E-03   -0.27633E-01   -0.19137E-01   -0.30849E-01   -0.29003E-02   -0.95389E-01    0.47226E-01   -0.26402E-01    0.10931E-02    0.50349E-02    0.98996E+00    0.35147E-02   -0.27794E-02   -0.94135E-01   -0.14656E+00   -0.36426E-01   -0.89486E-01   -0.74331E-01    0.75785E-01   -0.39737E-01    0.30344E+00    0.66983E+00
    0.14377E-06   -0.12279E-04   -0.15360E-05    0.29704E-03   -0.28273E-04    0.51773E-03   -0.84386E-01   -0.55260E-01    0.58725E+00    0.29771E-01   -0.26236E+00   -0.33393E-01   -0.17353E-02   -0.44680E-02   -0.10009E-01    0.88496E-06    0.82660E-06   -0.17856E-02   -0.11079E-01   -0.60621E-01    0.38547E-01    0.96088E-01    0.35813E-01    0.78139E-01   -0.13715E-01    0.99583E-02   -0.18504E-01    0.35147E-02    0.99180E+00   -0.65103E-01    0.84691E-01    0.24970E-01    0.16101E+00    0.16589E-01    0.11590E+00   -0.57281E+00    0.40098E+00   -0.33087E+00    0.22435E+00
   -0.41479E-05   -0.13171E-04   -0.44567E-05   -0.31615E-05   -0.32634E-04   -0.10527E-03    0.20787E+01    0.93314E+00   -0.15994E+01   -0.21724E+00    0.53545E+00   -0.97558E-01   -0.11744E-01    0.24689E-01   -0.11525E-01   -0.57599E-06   -0.24124E-03   -0.19730E-02    0.21135E-01    0.12491E-01   -0.12712E+00   -0.87355E-02    0.69602E-01    0.73463E-01    0.15597E-01    0.44886E-01    0.75821E-01   -0.27794E-02   -0.65103E-01    0.92139E+00    0.10106E-01   -0.11894E-01   -0.67475E-02   -0.11636E-01    0.59548E+00    0.16944E+00    0.12349E+00    0.59451E-01   -0.70165E-01
   -0.22270E-05   -0.10862E-04   -0.27865E-05   -0.10686E-03    0.30037E-04   -0.21599E-03    0.35977E-01   -0.25656E-01    0.58224E+00   -0.10096E+00   -0.41719E+00    0.21400E-01   -0.11841E-02    0.13925E-02   -0.18266E-01   -0.44035E-05   -0.10919E-04   -0.60421E-03   -0.25126E-02    0.30098E-01    0.11959E-01    0.47628E-01    0.10933E+00   -0.79577E-01    0.13666E+00   -0.15066E-01   -0.37008E-01   -0.94135E-01    0.84691E-01    0.10106E-01    0.99633E+00   -0.42191E-03   -0.16565E-01   -0.29250E-01    0.11502E+00    0.16523E+00   -0.12259E-01    0.13126E+00    0.16215E+00
   -0.38406E-05   -0.82681E-05   -0.59026E-05   -0.25365E-03   -0.10924E-03   -0.58127E-03   -0.55706E+00    0.29722E+00   -0.35217E+00   -0.11001E+00    0.12168E+00    0.24486E-01   -0.22572E-02    0.87876E-02   -0.24342E-02   -0.11842E-05   -0.35126E-04    0.24201E-02   -0.22707E-01   -0.44271E-01    0.35432E-01   -0.94113E-02    0.46593E-01   -0.79753E-01   -0.12104E+00   -0.57738E-01    0.15593E+00   -0.14656E+00    0.24970E-01   -0.11894E-01   -0.42191E-03    0.99432E+00    0.31824E-03    0.69113E-03   -0.14207E+00    0.55094E-01    0.15929E+00    0.18192E-01   -0.69468E-01
    0.12810E-05   -0.73591E-05   -0.22470E-06    0.23663E-03   -0.25661E-04    0.44246E-03   -0.40245E+00    0.20052E-01    0.64784E+00   -0.17528E-01   -0.33603E+00   -0.43919E-01   -0.21101E-02    0.11478E-02   -0.13760E-01   -0.66584E-06    0.62483E-05    0.35577E-02   -0.59991E-02   -0.45802E-01    0.10610E-01   -0.84024E-02    0.14288E+00    0.53493E-01    0.22168E-01   -0.17760E-01    0.15109E+00   -0.36426E-01    0.16101E+00   -0.67475E-02   -0.16565E-01    0.31824E-03    0.99047E+00    0.22291E-02   -0.36448E-02    0.24725E-01    0.12646E+00   -0.26478E+00    0.11455E+00
   -0.51167E-05   -0.83591E-05   -0.20928E-05   -0.26075E-04   -0.96663E-04   -0.14533E-03   -0.30068E+01    0.67083E-01    0.34954E+00   -0.36482E-03   -0.24208E+00    0.12828E-02   -0.31422E-02    0.20588E-02   -0.11768E-01   -0.50879E-05   -0.20259E-04    0.19395E-02    0.43984E-01   -0.11421E+00    0.16614E+00    0.11637E+00   -0.88804E-01    0.44212E-01   -0.59526E-01    0.15080E+00   -0.14001E+00   -0.89486E-01    0.16589E-01   -0.11636E-01   -0.29250E-01    0.69113E-03    0.22291E-02    0.99503E+00   -0.41662E-01   -0.60238E-01    0.29413E-01    0.18195E+00   -0.89482E-01
    0.64057E-06   -0.43159E-05   -0.23276E-05    0.15208E-03    0.17657E-03    0.49174E-03    0.15274E+01   -0.55452E+00   -0.28638E+00    0.40645E+00    0.82501E-01   -0.10433E+00   -0.22878E-02   -0.29745E-02   -0.28292E-02    0.53678E-05   -0.39369E-05   -0.23047E-03    0.13277E-01    0.15101E+00   -0.23692E+00   -0.42653E-01    0.81370E-01    0.10178E+00    0.64884E+00   -0.74019E-01   -0.20495E+00   -0.74331E-01    0.11590E+00    0.59548E+00    0.11502E+00   -0.14207E+00   -0.36448E-02   -0.41662E-01    0.97008E+00   -0.20964E-01    0.94513E-02    0.92890E-02    0.69516E-03
   -0.19006E-05    0.82161E-05   -0.26034E-05   -0.15246E-03    0.72480E-04   -0.19861E-03   -0.15900E+01   -0.57324E+00    0.19316E-01    0.24001E+00   -0.52752E-01   -0.35634E-01   -0.29910E-03   -0.84573E-03   -0.27584E-02    0.35507E-05    0.38758E-04    0.30621E-02    0.15703E-01    0.22177E-01    0.42509E-01    0.19614E-01    0.52288E-01   -0.86286E-01    0.24441E+00    0.24417E+00    0.64311E+00    0.75785E-01   -0.57281E+00    0.16944E+00    0.16523E+00    0.55094E-01    0.24725E-01   -0.60238E-01   -0.20964E-01    0.10054E+01   -0.11118E-01    0.66144E-02   -0.11514E-01
   -0.10823E-05   -0.15348E-05   -0.19271E-05    0.32103E-03   -0.51516E-04    0.70989E-03   -0.18018E+01   -0.33002E+00    0.20293E+00    0.75391E-01   -0.11452E+00   -0.71021E-02   -0.51139E-02    0.22577E-03   -0.25242E-02   -0.11297E-06   -0.61218E-04   -0.16888E-02    0.22418E-01   -0.16670E-01    0.11291E+00    0.19299E-01   -0.81751E-02    0.94012E-01   -0.55170E-01    0.76047E+00    0.14119E+00   -0.39737E-01    0.40098E+00    0.12349E+00   -0.12259E-01    0.15929E+00    0.12646E+00    0.29413E-01    0.94513E-02   -0.11118E-01    0.99386E+00   -0.15658E-01    0.40218E-02
    0.11153E-06   -0.44827E-05    0.21726E-06   -0.11432E-03    0.59199E-04   -0.21401E-03   -0.76236E+00    0.95900E-01    0.92290E-02   -0.73631E-01   -0.63637E-02    0.28175E-01   -0.48939E-02    0.79936E-02    0.17179E-02   -0.59220E-05   -0.49255E-04   -0.52604E-03    0.52765E-02    0.24710E-01    0.10621E-01   -0.16634E+00   -0.10415E+00   -0.14076E-01   -0.50468E-01    0.28273E+00   -0.60089E+00    0.30344E+00   -0.33087E+00    0.59451E-01    0.13126E+00    0.18192E-01   -0.26478E+00    0.18195E+00    0.92890E-02    0.66144E-02   -0.15658E-01    0.96765E+00   -0.51578E-03
    0.13959E-05    0.13574E-04    0.91280E-06    0.13647E-04   -0.29250E-04    0.78889E-04    0.39350E+01    0.47888E-01   -0.18575E+00    0.18913E+00    0.24191E+00   -0.79854E-01   -0.12130E-02   -0.41648E-02    0.13707E-01    0.38702E-05    0.84349E-05    0.15070E-02   -0.16912E-01    0.76616E-01   -0.22813E+00    0.10873E+00    0.42743E-01    0.38391E-02    0.86196E-01   -0.19367E+00    0.17325E+00    0.66983E+00    0.22435E+00   -0.70165E-01    0.16215E+00   -0.69468E-01    0.11455E+00   -0.89482E-01    0.69516E-03   -0.11514E-01    0.40218E-02   -0.51578E-03    0.98853E+00
