# omegabh2 omegach2 theta tau nnu yhe logA ns aps100 aps143 aps217 acib143 acib217 asz143 psr cibr ncib xi aksz cal0 cal2 bm_1_1
    0.1255323E-06    0.6960178E-06   -0.5345962E-07    0.2193821E-05    0.8625895E-04    0.1004109E-05    0.6462403E-05    0.4336528E-05    0.1538855E-02    0.1021488E-03   -0.3525928E-03    0.1753110E-03    0.2757447E-03    0.7427934E-04   -0.1448904E-05    0.7288409E-05    0.4057303E-06   -0.2694267E-05    0.7682090E-04    0.9535699E-08    0.4615650E-07    0.9849622E-05
    0.6960178E-06    0.5895544E-04   -0.1427059E-04    0.2418695E-05    0.4053022E-02   -0.1882640E-03    0.9821535E-04    0.4865501E-04    0.1515571E-01   -0.5298055E-02   -0.2692158E-02    0.6204757E-03   -0.1307711E-02    0.2289085E-03   -0.9920178E-05   -0.3488501E-04    0.6258225E-07    0.9996327E-05    0.4383421E-03   -0.2336929E-07    0.8005949E-06    0.3221995E-03
   -0.5345962E-07   -0.1427059E-04    0.4202874E-05    0.4004565E-06   -0.9984441E-03    0.6072366E-04   -0.1792850E-04   -0.7130661E-05    0.1246032E-02    0.3515019E-02   -0.1649306E-02    0.5079878E-03    0.2591409E-02    0.1585901E-03   -0.1044115E-05    0.4559175E-04    0.1910691E-04   -0.1895084E-04    0.3757731E-03    0.1304241E-07   -0.3090490E-07   -0.2247249E-04
    0.2193821E-05    0.2418695E-05    0.4004565E-06    0.2091124E-03    0.1249858E-02    0.2766933E-04    0.4296654E-03    0.9155335E-04   -0.9563546E-02   -0.7224286E-03    0.2229370E-02    0.1295327E-02    0.2053886E-03    0.1104972E-02   -0.2745009E-04    0.9609419E-05   -0.5599710E-06    0.1857244E-04   -0.2428229E-03   -0.8087417E-07   -0.1795602E-06   -0.1714393E-03
    0.8625895E-04    0.4053022E-02   -0.9984441E-03    0.1249858E-02    0.3059894E+00   -0.1309520E-01    0.8874350E-02    0.5002664E-02    0.1154124E+01   -0.4405942E+00   -0.2435414E+00    0.1195926E+00   -0.6556937E-01    0.3276078E-01   -0.1400643E-02   -0.5726982E-03   -0.6026718E-03    0.1642245E-02    0.4963970E-01   -0.1644620E-05    0.5253203E-04    0.1780255E-01
    0.1004109E-05   -0.1882640E-03    0.6072366E-04    0.2766933E-04   -0.1309520E-01    0.1030619E-02   -0.1359104E-03   -0.6288464E-05    0.1222361E+00    0.7727804E-01   -0.5951770E-01    0.2118219E-01    0.7048779E-01    0.4105125E-02   -0.9858376E-04    0.1159791E-02    0.5405948E-03   -0.4893589E-03    0.1103137E-01   -0.2383278E-06    0.1692835E-05    0.3793244E-03
    0.6462403E-05    0.9821535E-04   -0.1792850E-04    0.4296654E-03    0.8874350E-02   -0.1359104E-03    0.1067632E-02    0.2986438E-03    0.4080080E-01    0.1136414E-01   -0.7948002E-02    0.5731783E-02    0.1175135E-01    0.2918251E-02   -0.6643252E-04    0.1446897E-03    0.1693455E-03   -0.1853431E-04    0.1636761E-02    0.7056101E-07    0.3465794E-05    0.1068077E-02
    0.4336528E-05    0.4865501E-04   -0.7130661E-05    0.9155335E-04    0.5002664E-02   -0.6288464E-05    0.2986438E-03    0.2156424E-03    0.5861025E-01    0.1446764E-01   -0.1228872E-01    0.8245272E-02    0.1516643E-01    0.2560033E-02   -0.5337215E-04    0.2840447E-03    0.1042778E-03   -0.1139600E-03    0.3336539E-02   -0.1888478E-06    0.2961638E-05    0.7482266E-03
    0.1538855E-02    0.1515571E-01    0.1246032E-02   -0.9563546E-02    0.1154124E+01    0.1222361E+00    0.4080080E-01    0.5861025E-01    0.2477594E+04    0.7954653E+02   -0.1514971E+03    0.8102035E+02    0.1048200E+03   -0.5079518E+02   -0.9393336E+00   -0.5694138E+00    0.6632087E+00    0.1259593E+00   -0.8634545E+01    0.2609143E-02    0.4189561E-02    0.1142604E+02
    0.1021488E-03   -0.5298055E-02    0.3515019E-02   -0.7224286E-03   -0.4405942E+00    0.7727804E-01    0.1136414E-01    0.1446764E-01    0.7954653E+02    0.1322349E+03    0.2355459E+02   -0.1946354E+02    0.5543807E+01   -0.6384264E+01   -0.1708478E+00    0.2631369E+00    0.1304622E+00    0.1132727E+01   -0.9284019E+01    0.3228377E-03    0.2446801E-02    0.4478486E+00
   -0.3525928E-03   -0.2692158E-02   -0.1649306E-02    0.2229370E-02   -0.2435414E+00   -0.5951770E-01   -0.7948002E-02   -0.1228872E-01   -0.1514971E+03    0.2355459E+02    0.3282049E+03   -0.3949799E+02   -0.1606771E+03   -0.2864345E+01    0.9082690E-01   -0.1613016E+01   -0.1786172E+01    0.5087019E+00   -0.9990228E+01    0.1846313E-03   -0.5893702E-02   -0.5223034E+00
    0.1753110E-03    0.6204757E-03    0.5079878E-03    0.1295327E-02    0.1195926E+00    0.2118219E-01    0.5731783E-02    0.8245272E-02    0.8102035E+02   -0.1946354E+02   -0.3949799E+02    0.2725453E+02    0.2469917E+02   -0.6905571E+00   -0.1032576E-01    0.9261093E-01    0.2305857E+00    0.1473896E+00   -0.6561197E+00   -0.2293474E-03   -0.1044437E-02   -0.2085304E+00
    0.2757447E-03   -0.1307711E-02    0.2591409E-02    0.2053886E-03   -0.6556937E-01    0.7048779E-01    0.1175135E-01    0.1516643E-01    0.1048200E+03    0.5543807E+01   -0.1606771E+03    0.2469917E+02    0.9324418E+02    0.2520165E+01    0.5384793E-02    0.8543430E+00    0.1138812E+01   -0.3337551E+00   -0.4018651E+00   -0.1207511E-03    0.2701542E-02    0.4839318E+00
    0.7427934E-04    0.2289085E-03    0.1585901E-03    0.1104972E-02    0.3276078E-01    0.4105125E-02    0.2918251E-02    0.2560033E-02   -0.5079518E+02   -0.6384264E+01   -0.2864345E+01   -0.6905571E+00    0.2520165E+01    0.6573930E+01    0.5344993E-01    0.2438145E+00    0.2205104E-01   -0.9415619E-01   -0.2222359E+00    0.2252854E-04   -0.7118114E-03    0.1463385E+00
   -0.1448904E-05   -0.9920178E-05   -0.1044115E-05   -0.2745009E-04   -0.1400643E-02   -0.9858376E-04   -0.6643252E-04   -0.5337215E-04   -0.9393336E+00   -0.1708478E+00    0.9082690E-01   -0.1032576E-01    0.5384793E-02    0.5344993E-01    0.1338495E-01   -0.8883866E-02    0.5072290E-02    0.5837939E-02   -0.1236762E-01    0.1477241E-06   -0.3032688E-04    0.3274774E-02
    0.7288409E-05   -0.3488501E-04    0.4559175E-04    0.9609419E-05   -0.5726982E-03    0.1159791E-02    0.1446897E-03    0.2840447E-03   -0.5694138E+00    0.2631369E+00   -0.1613016E+01    0.9261093E-01    0.8543430E+00    0.2438145E+00   -0.8883866E-02    0.5070288E-01    0.4798434E-03    0.3570794E-02    0.5657226E-02   -0.9620840E-06    0.7009781E-04    0.3546778E-02
    0.4057303E-06    0.6258225E-07    0.1910691E-04   -0.5599710E-06   -0.6026718E-03    0.5405948E-03    0.1693455E-03    0.1042778E-03    0.6632087E+00    0.1304622E+00   -0.1786172E+01    0.2305857E+00    0.1138812E+01    0.2205104E-01    0.5072290E-02    0.4798434E-03    0.2456282E-01   -0.1364705E-02   -0.9203069E-02   -0.1442414E-06   -0.4787122E-04    0.1465150E-01
   -0.2694267E-05    0.9996327E-05   -0.1895084E-04    0.1857244E-04    0.1642245E-02   -0.4893589E-03   -0.1853431E-04   -0.1139600E-03    0.1259593E+00    0.1132727E+01    0.5087019E+00    0.1473896E+00   -0.3337551E+00   -0.9415619E-01    0.5837939E-02    0.3570794E-02   -0.1364705E-02    0.8104569E-01    0.3785645E-01    0.8624475E-06   -0.2411862E-04    0.4898151E-03
    0.7682090E-04    0.4383421E-03    0.3757731E-03   -0.2428229E-03    0.4963970E-01    0.1103137E-01    0.1636761E-02    0.3336539E-02   -0.8634545E+01   -0.9284019E+01   -0.9990228E+01   -0.6561197E+00   -0.4018651E+00   -0.2222359E+00   -0.1236762E-01    0.5657226E-02   -0.9203069E-02    0.3785645E-01    0.7978727E+01   -0.2805096E-05    0.1838031E-04    0.3601650E-01
    0.9535699E-08   -0.2336929E-07    0.1304241E-07   -0.8087417E-07   -0.1644620E-05   -0.2383278E-06    0.7056101E-07   -0.1888478E-06    0.2609143E-02    0.3228377E-03    0.1846313E-03   -0.2293474E-03   -0.1207511E-03    0.2252854E-04    0.1477241E-06   -0.9620840E-06   -0.1442414E-06    0.8624475E-06   -0.2805096E-05    0.8201397E-06    0.8414104E-07   -0.8360716E-04
    0.4615650E-07    0.8005949E-06   -0.3090490E-07   -0.1795602E-06    0.5253203E-04    0.1692835E-05    0.3465794E-05    0.2961638E-05    0.4189561E-02    0.2446801E-02   -0.5893702E-02   -0.1044437E-02    0.2701542E-02   -0.7118114E-03   -0.3032688E-04    0.7009781E-04   -0.4787122E-04   -0.2411862E-04    0.1838031E-04    0.8414104E-07    0.5671704E-05    0.2683132E-03
    0.9849622E-05    0.3221995E-03   -0.2247249E-04   -0.1714393E-03    0.1780255E-01    0.3793244E-03    0.1068077E-02    0.7482266E-03    0.1142604E+02    0.4478486E+00   -0.5223034E+00   -0.2085304E+00    0.4839318E+00    0.1463385E+00    0.3274774E-02    0.3546778E-02    0.1465150E-01    0.4898151E-03    0.3601650E-01   -0.8360716E-04    0.2683132E-03    0.2643252E+00
