# omegabh2 omegach2 theta tau mnu logA ns calPlanck acib217 xi asz143 aps100 aps143 aps143217 aps217 aksz kgal100 kgal143 kgal143217 kgal217 galfEE100 galfEE100143 galfEE100217 galfEE143 galfEE143217 galfEE217 galfTE100 galfTE100143 galfTE100217 galfTE143 galfTE143217 galfTE217 cal0 cal2
    0.2073003E-07   -0.8920008E-07    0.1351682E-07    0.7301991E-06    0.1187695E-05    0.1332295E-05    0.2477670E-06    0.6945099E-08   -0.1142043E-03    0.3492828E-05    0.1329030E-04   -0.3281444E-03   -0.1706591E-03   -0.9146413E-05    0.6788516E-04   -0.3062928E-04    0.9131131E-07   -0.4610286E-05   -0.1863209E-04    0.6216256E-05    0.5005753E-07    0.2940334E-07   -0.2167666E-07    0.2732750E-07   -0.2416198E-07    0.6919628E-07   -0.3324595E-06   -0.1528971E-06   -0.3978889E-06    0.4387856E-07   -0.5671051E-06   -0.1439080E-05    0.4143085E-08   -0.9579608E-08
   -0.8920008E-07    0.1416584E-05   -0.8813715E-07   -0.7250842E-05   -0.1901771E-04   -0.1115511E-04   -0.3528478E-05   -0.9480434E-07    0.2772102E-03   -0.8988717E-05   -0.1046532E-03    0.1669488E-02    0.8909151E-03    0.1973042E-03   -0.5405171E-04    0.1114421E-03   -0.7765608E-05    0.2071391E-04    0.7181426E-04    0.1191840E-03   -0.9635139E-06   -0.3252917E-06    0.3402847E-06   -0.3403735E-06    0.3114684E-06    0.6677565E-06    0.1854083E-05    0.5501505E-06    0.1177928E-05    0.1348035E-06    0.3022992E-05    0.6867037E-05    0.5299526E-08    0.4693107E-07
    0.1351682E-07   -0.8813715E-07    0.8362406E-07    0.5159939E-06    0.5442221E-06    0.9542514E-06    0.2979401E-06    0.2396356E-07   -0.1523060E-04    0.4380691E-06    0.8152689E-06   -0.5821401E-04   -0.3725281E-04   -0.3145806E-04   -0.2495126E-04    0.2053875E-05   -0.2801719E-05    0.8721289E-06    0.1045037E-04    0.2533838E-04    0.5965329E-07    0.1319474E-07   -0.1767277E-07    0.5489913E-09   -0.4803033E-07   -0.2995067E-06   -0.2710842E-06   -0.3774973E-07   -0.3923733E-06    0.1448883E-06   -0.8666933E-06   -0.1575034E-05    0.4585627E-09   -0.2265811E-08
    0.7301991E-06   -0.7250842E-05    0.5159939E-06    0.2927639E-03    0.3419778E-03    0.5611263E-03    0.2907785E-04   -0.3033275E-05   -0.1158813E-01    0.2379220E-03    0.1691169E-02   -0.3983201E-01   -0.1604630E-01    0.4794018E-03    0.9153962E-02   -0.4363585E-02   -0.5656345E-03   -0.1694357E-02   -0.2701964E-02   -0.3887140E-03    0.7595501E-05    0.1555029E-05   -0.5551404E-05    0.1514309E-06   -0.9543319E-05   -0.1031865E-04   -0.5271375E-04   -0.5519757E-05    0.1441820E-04    0.9405151E-05   -0.9870960E-05   -0.3071413E-04    0.7659375E-07   -0.1073014E-05
    0.1187695E-05   -0.1901771E-04    0.5442221E-06    0.3419778E-03    0.3328994E-02    0.6258935E-03    0.5514121E-04    0.1512681E-06    0.1312827E-02    0.8923264E-04    0.4336521E-03   -0.5203327E-02   -0.1665072E-01   -0.1096446E-01   -0.7666772E-02    0.6879447E-03    0.2077933E-02   -0.3533633E-05   -0.2744342E-02   -0.6399719E-02    0.1779050E-04    0.7382747E-05    0.7195374E-05    0.2948210E-05   -0.4840674E-05    0.2370079E-04   -0.1205337E-03   -0.1606967E-04    0.4736193E-04    0.4190136E-04    0.5903578E-04   -0.9969655E-04   -0.3865458E-06   -0.7180237E-07
    0.1332295E-05   -0.1115511E-04    0.9542514E-06    0.5611263E-03    0.6258935E-03    0.1108208E-02    0.4840174E-04    0.5340586E-05   -0.2311765E-01    0.5260685E-03    0.3147246E-02   -0.7135782E-01   -0.2792838E-01    0.5324848E-02    0.2491887E-01   -0.9527318E-02   -0.1177834E-02   -0.3810710E-02   -0.5860587E-02    0.5294670E-03    0.1436070E-04    0.2529205E-05   -0.1146114E-04    0.1637105E-06   -0.1894608E-04   -0.2008135E-04   -0.1079613E-03   -0.1143025E-04    0.3418026E-04    0.2184171E-04   -0.1093919E-04   -0.4535148E-04    0.4664273E-06   -0.2286702E-05
    0.2477670E-06   -0.3528478E-05    0.2979401E-06    0.2907785E-04    0.5514121E-04    0.4840174E-04    0.1835534E-04    0.4151592E-06   -0.5267427E-02    0.1304579E-03    0.1089030E-02   -0.2400324E-01   -0.6209660E-02    0.2881345E-02    0.6620744E-02   -0.2397705E-02    0.2130224E-03   -0.2479043E-03   -0.6875521E-03    0.1568598E-03    0.5729405E-05    0.1634888E-05   -0.1583669E-05    0.1704387E-05   -0.2499631E-05   -0.5563599E-05   -0.8604651E-05   -0.1305010E-05   -0.7662685E-05    0.1956107E-05   -0.9444095E-05   -0.1931539E-04   -0.1384963E-06   -0.5714255E-06
    0.6945099E-08   -0.9480434E-07    0.2396356E-07   -0.3033275E-05    0.1512681E-06    0.5340586E-05    0.4151592E-06    0.5782703E-05    0.6125436E-03    0.3127325E-05    0.1486205E-04    0.3150752E-02    0.5928748E-03    0.6399761E-03    0.1623294E-02   -0.1238397E-03    0.6664373E-04    0.1927466E-04   -0.9088118E-04    0.3591645E-03    0.1318867E-05    0.2767533E-06   -0.3920523E-06    0.5532674E-06   -0.6401658E-07    0.9853144E-08   -0.2312508E-05   -0.3048260E-06   -0.1993396E-06    0.1067710E-05    0.1337251E-05    0.4030259E-05    0.2849572E-07   -0.7889196E-07
   -0.1142043E-03    0.2772102E-03   -0.1523060E-04   -0.1158813E-01    0.1312827E-02   -0.2311765E-01   -0.5267427E-02    0.6125436E-03    0.4935474E+02   -0.5186168E+00   -0.1215933E+01    0.4355612E+02   -0.9501977E+00   -0.2129421E+02   -0.6642493E+02   -0.1342976E+00   -0.4687337E+00    0.5203910E+00   -0.2909734E+01   -0.2516617E+02   -0.2067059E-05   -0.2910621E-03    0.7716159E-03   -0.2508222E-03    0.9127778E-03    0.1728744E-02    0.3840443E-02   -0.5265941E-03   -0.1534896E-01   -0.1527110E-02    0.5308606E-02    0.9789124E-02   -0.1909697E-03    0.4554532E-02
    0.3492828E-05   -0.8988717E-05    0.4380691E-06    0.2379220E-03    0.8923264E-04    0.5260685E-03    0.1304579E-03    0.3127325E-05   -0.5186168E+00    0.8257521E-01   -0.7439219E-01   -0.4112582E+00    0.9826964E+00    0.1805750E+01    0.7876390E+00    0.6631098E-01   -0.4636970E-02   -0.1196541E-01    0.8351724E-01    0.1216938E+00    0.7475950E-04    0.2172985E-04   -0.5088147E-05    0.1931545E-04   -0.9732030E-04   -0.1293455E-03   -0.2783294E-03   -0.1045596E-04    0.1104402E-02   -0.7011178E-04   -0.2806246E-03   -0.1947416E-02    0.9525574E-05   -0.1890295E-04
    0.1329030E-04   -0.1046532E-03    0.8152689E-06    0.1691169E-02    0.4336521E-03    0.3147246E-02    0.1089030E-02    0.1486205E-04   -0.1215933E+01   -0.7439219E-01    0.3779645E+01   -0.2934002E+02   -0.3664388E+01    0.7717535E+01    0.6288924E+01   -0.2557670E+01   -0.2181160E+00    0.7423595E-01    0.2410992E+01    0.1736986E+01    0.3208274E-03    0.4101753E-04   -0.6151145E-03   -0.4394326E-04   -0.5863272E-03    0.6229867E-03   -0.1984891E-02   -0.1552372E-03    0.8601238E-02    0.4660138E-03    0.7714868E-03    0.4580445E-02    0.1908740E-03   -0.3678022E-03
   -0.3281444E-03    0.1669488E-02   -0.5821401E-04   -0.3983201E-01   -0.5203327E-02   -0.7135782E-01   -0.2400324E-01    0.3150752E-02    0.4355612E+02   -0.4112582E+00   -0.2934002E+02    0.7213293E+03    0.6601052E+02   -0.6008317E+02   -0.7225395E+02    0.1196441E+02    0.1471700E+00   -0.7685280E+00   -0.1491327E+02   -0.2196348E+02   -0.3129962E-02   -0.1151493E-03    0.1549938E-01    0.2495570E-02   -0.6524111E-02    0.2384325E-01    0.6007921E-01   -0.2895050E-02   -0.1341530E+00    0.5501044E-03    0.1211592E-01   -0.3126492E-01    0.4686717E-02    0.4366974E-02
   -0.1706591E-03    0.8909151E-03   -0.3725281E-04   -0.1604630E-01   -0.1665072E-01   -0.2792838E-01   -0.6209660E-02    0.5928748E-03   -0.9501977E+00    0.9826964E+00   -0.3664388E+01    0.6601052E+02    0.5666226E+02    0.4101309E+02    0.1792483E+02   -0.4491891E+01   -0.1507288E+00   -0.1217344E+01    0.3848879E+01    0.4442016E+01   -0.3321357E-02   -0.8127704E-03    0.6305790E-03   -0.6368365E-03   -0.2333182E-02    0.3197030E-02    0.1623880E-02    0.6221583E-02    0.3576018E-01    0.1426509E-02    0.1795372E-02    0.6608052E-02    0.2575267E-03    0.1371650E-03
   -0.9146413E-05    0.1973042E-03   -0.3145806E-04    0.4794018E-03   -0.1096446E-01    0.5324848E-02    0.2881345E-02    0.6399761E-03   -0.2129421E+02    0.1805750E+01    0.7717535E+01   -0.6008317E+02    0.4101309E+02    0.9282511E+02    0.6491120E+02   -0.1147421E+02   -0.3820292E+00   -0.7031762E+00    0.4461990E+01    0.5353641E+01    0.5548305E-03    0.1257726E-04   -0.1621499E-02    0.2498299E-03   -0.4560259E-02   -0.2961139E-02   -0.1187903E-01    0.1399157E-02    0.7739457E-01    0.1734199E-02   -0.9391889E-03   -0.6574255E-02    0.8638326E-03   -0.2690505E-02
    0.6788516E-04   -0.5405171E-04   -0.2495126E-04    0.9153962E-02   -0.7666772E-02    0.2491887E-01    0.6620744E-02    0.1623294E-02   -0.6642493E+02    0.7876390E+00    0.6288924E+01   -0.7225395E+02    0.1792483E+02    0.6491120E+02    0.1245079E+03   -0.9506784E+01    0.2851459E+00   -0.8157112E+00    0.5463437E+00    0.2141717E+02    0.7901176E-03    0.7710439E-04   -0.2281887E-02    0.6885367E-03   -0.2449860E-02   -0.8725378E-02   -0.6784223E-02    0.2511369E-02    0.4763650E-01    0.3222328E-02   -0.7495902E-03    0.1363297E-01    0.6646708E-03   -0.8006586E-02
   -0.3062928E-04    0.1114421E-03    0.2053875E-05   -0.4363585E-02    0.6879447E-03   -0.9527318E-02   -0.2397705E-02   -0.1238397E-03   -0.1342976E+00    0.6631098E-01   -0.2557670E+01    0.1196441E+02   -0.4491891E+01   -0.1147421E+02   -0.9506784E+01    0.5751986E+01    0.5265540E-01   -0.1214121E+00   -0.1868561E+01   -0.9457545E+00   -0.4454992E-03   -0.1578400E-04    0.8454673E-03    0.1320205E-04    0.1406814E-02    0.1575096E-02    0.3047945E-02   -0.1868343E-03   -0.8684661E-02   -0.1622958E-02   -0.4443528E-03   -0.1079580E-01   -0.1476869E-03    0.2016583E-03
    0.9131131E-07   -0.7765608E-05   -0.2801719E-05   -0.5656345E-03    0.2077933E-02   -0.1177834E-02    0.2130224E-03    0.6664373E-04   -0.4687337E+00   -0.4636970E-02   -0.2181160E+00    0.1471700E+00   -0.1507288E+00   -0.3820292E+00    0.2851459E+00    0.5265540E-01    0.3210588E+01    0.7487834E+00    0.2729845E+00    0.6810134E+00   -0.1429056E-03    0.3176981E-04    0.4711533E-03   -0.9909940E-04    0.2783577E-03   -0.4423652E-03   -0.4374855E-02    0.2825998E-03   -0.3287878E-03    0.2125775E-02    0.1383100E-02    0.2126356E-02    0.4426530E-03   -0.5504829E-04
   -0.4610286E-05    0.2071391E-04    0.8721289E-06   -0.1694357E-02   -0.3533633E-05   -0.3810710E-02   -0.2479043E-03    0.1927466E-04    0.5203910E+00   -0.1196541E-01    0.7423595E-01   -0.7685280E+00   -0.1217344E+01   -0.7031762E+00   -0.8157112E+00   -0.1214121E+00    0.7487834E+00    0.3069046E+01    0.2338516E+01    0.1335205E+01    0.1126491E-03    0.4517997E-04    0.4868145E-03    0.2628838E-04    0.1248700E-02    0.9098544E-03    0.2736700E-02   -0.7863274E-03    0.2428802E-02    0.2621395E-03    0.1329260E-02   -0.1037752E-02   -0.4286335E-03   -0.1542123E-03
   -0.1863209E-04    0.7181426E-04    0.1045037E-04   -0.2701964E-02   -0.2744342E-02   -0.5860587E-02   -0.6875521E-03   -0.9088118E-04   -0.2909734E+01    0.8351724E-01    0.2410992E+01   -0.1491327E+02    0.3848879E+01    0.4461990E+01    0.5463437E+00   -0.1868561E+01    0.2729845E+00    0.2338516E+01    0.1795174E+02    0.2737340E+02   -0.5398679E-03    0.1395625E-03   -0.5391837E-03   -0.5664557E-03   -0.1127338E-02    0.1936956E-02   -0.1202132E-02    0.1574048E-02    0.7190251E-02    0.2407825E-02   -0.1648240E-02    0.1215183E-01   -0.1199666E-03    0.2571265E-02
    0.6216256E-05    0.1191840E-03    0.2533838E-04   -0.3887140E-03   -0.6399719E-02    0.5294670E-03    0.1568598E-03    0.3591645E-03   -0.2516617E+02    0.1216938E+00    0.1736986E+01   -0.2196348E+02    0.4442016E+01    0.5353641E+01    0.2141717E+02   -0.9457545E+00    0.6810134E+00    0.1335205E+01    0.2737340E+02    0.6212739E+02   -0.1570748E-02    0.4133476E-03   -0.1422179E-02   -0.6320043E-03   -0.2515647E-02    0.1729730E-02   -0.6062795E-02    0.1154247E-02    0.1338030E-01    0.3612881E-02   -0.3818098E-02    0.2832457E-01   -0.1130324E-03    0.4448938E-02
    0.5005753E-07   -0.9635139E-06    0.5965329E-07    0.7595501E-05    0.1779050E-04    0.1436070E-04    0.5729405E-05    0.1318867E-05   -0.2067059E-05    0.7475950E-04    0.3208274E-03   -0.3129962E-02   -0.3321357E-02    0.5548305E-03    0.7901176E-03   -0.4454992E-03   -0.1429056E-03    0.1126491E-03   -0.5398679E-03   -0.1570748E-02    0.1298569E-03    0.1113726E-04    0.7471795E-06    0.3081093E-05    0.3523227E-05   -0.1232725E-04   -0.1573896E-05    0.4629426E-06    0.9964225E-05    0.1231534E-05    0.6695772E-06    0.1116853E-04    0.4660286E-07    0.5473096E-08
    0.2940334E-07   -0.3252917E-06    0.1319474E-07    0.1555029E-05    0.7382747E-05    0.2529205E-05    0.1634888E-05    0.2767533E-06   -0.2910621E-03    0.2172985E-04    0.4101753E-04   -0.1151493E-03   -0.8127704E-03    0.1257726E-04    0.7710439E-04   -0.1578400E-04    0.3176981E-04    0.4517997E-04    0.1395625E-03    0.4133476E-03    0.1113726E-04    0.1377844E-04   -0.4466534E-06    0.6012151E-05   -0.8576536E-07   -0.3585756E-05    0.1597477E-05   -0.1486812E-06   -0.3862632E-05   -0.5015759E-06    0.6672441E-06   -0.9454820E-05    0.1716798E-07    0.8354716E-07
   -0.2167666E-07    0.3402847E-06   -0.1767277E-07   -0.5551404E-05    0.7195374E-05   -0.1146114E-04   -0.1583669E-05   -0.3920523E-06    0.7716159E-03   -0.5088147E-05   -0.6151145E-03    0.1549938E-01    0.6305790E-03   -0.1621499E-02   -0.2281887E-02    0.8454673E-03    0.4711533E-03    0.4868145E-03   -0.5391837E-03   -0.1422179E-02    0.7471795E-06   -0.4466534E-06    0.2282331E-03   -0.5599261E-06    0.6193435E-05   -0.1362646E-04   -0.3148526E-04   -0.1607631E-04   -0.2291832E-04    0.4366289E-05    0.4836653E-05   -0.6243207E-06   -0.2136686E-08   -0.2932022E-06
    0.2732750E-07   -0.3403735E-06    0.5489913E-09    0.1514309E-06    0.2948210E-05    0.1637105E-06    0.1704387E-05    0.5532674E-06   -0.2508222E-03    0.1931545E-04   -0.4394326E-04    0.2495570E-02   -0.6368365E-03    0.2498299E-03    0.6885367E-03    0.1320205E-04   -0.9909940E-04    0.2628838E-04   -0.5664557E-03   -0.6320043E-03    0.3081093E-05    0.6012151E-05   -0.5599261E-06    0.2983510E-04    0.1489561E-05   -0.3047079E-05    0.2312120E-05    0.2022986E-05   -0.7258678E-05   -0.2429490E-05    0.6377451E-05   -0.6687335E-05    0.2999515E-08   -0.4065639E-07
   -0.2416198E-07    0.3114684E-06   -0.4803033E-07   -0.9543319E-05   -0.4840674E-05   -0.1894608E-04   -0.2499631E-05   -0.6401658E-07    0.9127778E-03   -0.9732030E-04   -0.5863272E-03   -0.6524111E-02   -0.2333182E-02   -0.4560259E-02   -0.2449860E-02    0.1406814E-02    0.2783577E-03    0.1248700E-02   -0.1127338E-02   -0.2515647E-02    0.3523227E-05   -0.8576536E-07    0.6193435E-05    0.1489561E-05    0.3930504E-03    0.6418515E-05   -0.1037596E-04   -0.2709449E-05   -0.5732202E-04   -0.2865607E-05   -0.9692392E-05    0.8906239E-05   -0.4025929E-06   -0.2786003E-06
    0.6919628E-07    0.6677565E-06   -0.2995067E-06   -0.1031865E-04    0.2370079E-04   -0.2008135E-04   -0.5563599E-05    0.9853144E-08    0.1728744E-02   -0.1293455E-03    0.6229867E-03    0.2384325E-01    0.3197030E-02   -0.2961139E-02   -0.8725378E-02    0.1575096E-02   -0.4423652E-03    0.9098544E-03    0.1936956E-02    0.1729730E-02   -0.1232725E-04   -0.3585756E-05   -0.1362646E-04   -0.3047079E-05    0.6418515E-05    0.3480561E-02    0.1295947E-04    0.1381115E-05    0.1079846E-03   -0.1102806E-04   -0.6120188E-05   -0.1803599E-03    0.9235487E-07    0.4404250E-07
   -0.3324595E-06    0.1854083E-05   -0.2710842E-06   -0.5271375E-04   -0.1205337E-03   -0.1079613E-03   -0.8604651E-05   -0.2312508E-05    0.3840443E-02   -0.2783294E-03   -0.1984891E-02    0.6007921E-01    0.1623880E-02   -0.1187903E-01   -0.6784223E-02    0.3047945E-02   -0.4374855E-02    0.2736700E-02   -0.1202132E-02   -0.6062795E-02   -0.1573896E-05    0.1597477E-05   -0.3148526E-04    0.2312120E-05   -0.1037596E-04    0.1295947E-04    0.5905378E-02    0.1857256E-02    0.1996715E-02   -0.7212401E-03   -0.1793393E-03   -0.2927928E-03    0.1525757E-05   -0.1299937E-05
   -0.1528971E-06    0.5501505E-06   -0.3774973E-07   -0.5519757E-05   -0.1606967E-04   -0.1143025E-04   -0.1305010E-05   -0.3048260E-06   -0.5265941E-03   -0.1045596E-04   -0.1552372E-03   -0.2895050E-02    0.6221583E-02    0.1399157E-02    0.2511369E-02   -0.1868343E-03    0.2825998E-03   -0.7863274E-03    0.1574048E-02    0.1154247E-02    0.4629426E-06   -0.1486812E-06   -0.1607631E-04    0.2022986E-05   -0.2709449E-05    0.1381115E-05    0.1857256E-02    0.1235004E-02    0.7720120E-03    0.1959916E-03   -0.2236207E-04   -0.2280782E-03    0.1557896E-06   -0.4354772E-06
   -0.3978889E-06    0.1177928E-05   -0.3923733E-06    0.1441820E-04    0.4736193E-04    0.3418026E-04   -0.7662685E-05   -0.1993396E-06   -0.1534896E-01    0.1104402E-02    0.8601238E-02   -0.1341530E+00    0.3576018E-01    0.7739457E-01    0.4763650E-01   -0.8684661E-02   -0.3287878E-03    0.2428802E-02    0.7190251E-02    0.1338030E-01    0.9964225E-05   -0.3862632E-05   -0.2291832E-04   -0.7258678E-05   -0.5732202E-04    0.1079846E-03    0.1996715E-02    0.7720120E-03    0.3298803E-01   -0.7108784E-03    0.1489098E-02    0.1091682E-01   -0.1075186E-05   -0.3438226E-06
    0.4387856E-07    0.1348035E-06    0.1448883E-06    0.9405151E-05    0.4190136E-04    0.2184171E-04    0.1956107E-05    0.1067710E-05   -0.1527110E-02   -0.7011178E-04    0.4660138E-03    0.5501044E-03    0.1426509E-02    0.1734199E-02    0.3222328E-02   -0.1622958E-02    0.2125775E-02    0.2621395E-03    0.2407825E-02    0.3612881E-02    0.1231534E-05   -0.5015759E-06    0.4366289E-05   -0.2429490E-05   -0.2865607E-05   -0.1102806E-04   -0.7212401E-03    0.1959916E-03   -0.7108784E-03    0.1393686E-02    0.1584363E-03   -0.3316332E-03    0.8650107E-06    0.4958229E-06
   -0.5671051E-06    0.3022992E-05   -0.8666933E-06   -0.9870960E-05    0.5903578E-04   -0.1093919E-04   -0.9444095E-05    0.1337251E-05    0.5308606E-02   -0.2806246E-03    0.7714868E-03    0.1211592E-01    0.1795372E-02   -0.9391889E-03   -0.7495902E-03   -0.4443528E-03    0.1383100E-02    0.1329260E-02   -0.1648240E-02   -0.3818098E-02    0.6695772E-06    0.6672441E-06    0.4836653E-05    0.6377451E-05   -0.9692392E-05   -0.6120188E-05   -0.1793393E-03   -0.2236207E-04    0.1489098E-02    0.1584363E-03    0.5064862E-02    0.4022688E-02   -0.3549546E-06   -0.1642165E-06
   -0.1439080E-05    0.6867037E-05   -0.1575034E-05   -0.3071413E-04   -0.9969655E-04   -0.4535148E-04   -0.1931539E-04    0.4030259E-05    0.9789124E-02   -0.1947416E-02    0.4580445E-02   -0.3126492E-01    0.6608052E-02   -0.6574255E-02    0.1363297E-01   -0.1079580E-01    0.2126356E-02   -0.1037752E-02    0.1215183E-01    0.2832457E-01    0.1116853E-04   -0.9454820E-05   -0.6243207E-06   -0.6687335E-05    0.8906239E-05   -0.1803599E-03   -0.2927928E-03   -0.2280782E-03    0.1091682E-01   -0.3316332E-03    0.4022688E-02    0.3562236E-01   -0.1969769E-05    0.5612126E-05
    0.4143085E-08    0.5299526E-08    0.4585627E-09    0.7659375E-07   -0.3865458E-06    0.4664273E-06   -0.1384963E-06    0.2849572E-07   -0.1909697E-03    0.9525574E-05    0.1908740E-03    0.4686717E-02    0.2575267E-03    0.8638326E-03    0.6646708E-03   -0.1476869E-03    0.4426530E-03   -0.4286335E-03   -0.1199666E-03   -0.1130324E-03    0.4660286E-07    0.1716798E-07   -0.2136686E-08    0.2999515E-08   -0.4025929E-06    0.9235487E-07    0.1525757E-05    0.1557896E-06   -0.1075186E-05    0.8650107E-06   -0.3549546E-06   -0.1969769E-05    0.5406990E-06   -0.9054701E-08
   -0.9579608E-08    0.4693107E-07   -0.2265811E-08   -0.1073014E-05   -0.7180237E-07   -0.2286702E-05   -0.5714255E-06   -0.7889196E-07    0.4554532E-02   -0.1890295E-04   -0.3678022E-03    0.4366974E-02    0.1371650E-03   -0.2690505E-02   -0.8006586E-02    0.2016583E-03   -0.5504829E-04   -0.1542123E-03    0.2571265E-02    0.4448938E-02    0.5473096E-08    0.8354716E-07   -0.2932022E-06   -0.4065639E-07   -0.2786003E-06    0.4404250E-07   -0.1299937E-05   -0.4354772E-06   -0.3438226E-06    0.4958229E-06   -0.1642165E-06    0.5612126E-05   -0.9054701E-08    0.2113986E-05
