# omegabh2 omegach2 theta tau ns nrun logA asz
    0.48255E-06   -0.22138E-05    0.10009E-05    0.81440E-06    0.17938E-04    0.92881E-05   -0.11329E-05    0.47196E-04
   -0.22138E-05    0.54512E-04    0.47985E-06   -0.54248E-05   -0.15315E-03   -0.10241E-03    0.16506E-03   -0.41847E-03
    0.10009E-05    0.47985E-06    0.72247E-05    0.43872E-05    0.24805E-04    0.42417E-05    0.24817E-04    0.32978E-04
    0.81440E-06   -0.54248E-05    0.43872E-05    0.23989E-03   -0.16525E-04   -0.73897E-04    0.46976E-03    0.15696E-03
    0.17938E-04   -0.15315E-03    0.24805E-04   -0.16525E-04    0.98626E-03    0.62430E-03   -0.33744E-03   -0.28682E-03
    0.92881E-05   -0.10241E-03    0.42417E-05   -0.73897E-04    0.62430E-03    0.48628E-03   -0.39993E-03    0.19476E-03
   -0.11329E-05    0.16506E-03    0.24817E-04    0.46976E-03   -0.33744E-03   -0.39993E-03    0.15995E-02   -0.32215E-02
    0.47196E-04   -0.41847E-03    0.32978E-04    0.15696E-03   -0.28682E-03    0.19476E-03   -0.32215E-02    0.33976E+00
