# omegabh2 omegach2 theta mnu logA ns DES_b1 DES_b2 DES_b3 DES_b4 DES_b5 DES_m1 DES_m2 DES_m3 DES_m4 DES_AIA DES_alphaIA DES_DzL1 DES_DzL2 DES_DzL3 DES_DzL4 DES_DzL5 DES_DzS1 DES_DzS2 DES_DzS3 DES_DzS4
  2.5175058E-07   4.8535031E-07   3.4557804E-07   2.3706740E-06  -2.2608773E-06   1.1081826E-07  -1.0188675E-06  -1.0496491E-06  -6.5679828E-07  -1.1543328E-06  -2.7116253E-07   7.9222600E-08   7.2817008E-08   5.4041341E-08  -1.1365963E-08  -1.4666244E-07  -2.1657544E-05  -4.2386816E-09  -1.2343257E-08   8.8603141E-09  -3.2767680E-08   2.0044605E-08   1.3654943E-07   1.4524803E-08  -7.1947664E-08   3.9741606E-08
  4.8535031E-07   2.0238413E-04   3.3799371E-04   5.4255593E-03  -1.7161386E-03  -3.3629464E-05   1.2256262E-03   1.2860349E-03   1.2394392E-03   1.4779104E-03   1.5893284E-03  -3.4713298E-06  -1.3699961E-06  -8.7954966E-06  -3.8778807E-07  -3.2765404E-04  -1.8864150E-03  -2.5340935E-06  -4.9345014E-06  -5.3933053E-06  -7.2329559E-06  -6.5172168E-07  -6.9016099E-06  -2.3702230E-06   2.0739846E-06   1.3669460E-05
  3.4557804E-07   3.3799371E-04   6.0270503E-04   1.0403478E-02  -2.4209230E-03  -1.8015986E-05   2.0729132E-03   2.1770898E-03   2.0693350E-03   2.4342696E-03   2.5466555E-03  -7.7620051E-06  -3.2638563E-06  -2.0302220E-05  -3.6980713E-06  -5.8767845E-04  -3.3575627E-03  -3.4105991E-06  -8.0980083E-06  -8.7025713E-06  -1.0770613E-05   3.8765782E-07  -1.2417396E-05  -2.3332218E-06   3.3148810E-06   2.4372039E-05
  2.3706740E-06   5.4255593E-03   1.0403478E-02   2.1243885E-01  -2.6342661E-02   1.0948981E-03   3.5291356E-02   3.7087022E-02   3.4301299E-02   3.9434033E-02   3.9006564E-02  -1.7267707E-04  -2.5573836E-05  -4.4020523E-04  -1.2171068E-04  -1.1234310E-02  -6.2083078E-02  -4.3581698E-05  -1.2954657E-04  -1.3528189E-04  -1.4262213E-04   5.6902113E-05  -2.2561459E-04   7.8745384E-06   5.4278919E-05   4.3304241E-04
 -2.2608773E-06  -1.7161386E-03  -2.4209230E-03  -2.6342661E-02   2.4350824E-02   6.5253212E-04  -1.2217998E-02  -1.3411025E-02  -1.3563370E-02  -1.6783804E-02  -1.8956442E-02   2.1805510E-06  -5.0189694E-05  -4.6868333E-04  -3.6433569E-04   3.2889409E-03  -1.0835664E-02   2.2628393E-05   3.0062322E-05   5.4682198E-05   5.9275978E-05   3.5780225E-05   7.0014500E-05  -6.4642179E-06  -1.4582189E-04  -4.0393715E-04
  1.1081826E-07  -3.3629464E-05  -1.8015986E-05   1.0948981E-03   6.5253212E-04   4.0405133E-04   3.2337893E-06   2.2852502E-05   2.8168650E-05   4.9925214E-05   4.7711353E-05   1.9842349E-06   3.0864141E-06   6.7890010E-06   2.9946554E-06   2.5036850E-06   5.2210733E-04   7.8559584E-07   4.0254419E-07  -1.4069950E-06  -8.7224535E-08  -4.2549294E-08   1.8177077E-08   1.0552905E-06   4.8881149E-08   6.5923736E-06
 -1.0188675E-06   1.2256262E-03   2.0729132E-03   3.5291356E-02  -1.2217998E-02   3.2337893E-06   1.5444734E-02   1.0415294E-02   1.0143169E-02   1.2159858E-02   1.2862875E-02  -3.0878639E-05   6.2310628E-05   3.5530603E-04   2.5843846E-04  -3.4015959E-03   1.3462261E-02   1.3381175E-04  -1.7319221E-05  -2.5210314E-05  -2.8534430E-05  -6.5589887E-06  -5.3453694E-05   3.6614544E-05   1.1215265E-04   3.2115291E-04
 -1.0496491E-06   1.2860349E-03   2.1770898E-03   3.7087022E-02  -1.3411025E-02   2.2852502E-05   1.0415294E-02   1.4532273E-02   1.1259477E-02   1.3461456E-02   1.4209061E-02  -2.3357799E-05   2.2916906E-05   4.0736516E-04   3.2918003E-04  -3.5980074E-03   1.0600837E-02  -6.5636185E-06   5.1381564E-05  -3.6050728E-05  -2.7996917E-05  -5.3545413E-06  -8.0956050E-05   4.6792383E-05   1.3893468E-04   3.6981266E-04
 -6.5679828E-07   1.2394392E-03   2.0693350E-03   3.4301299E-02  -1.3563370E-02   2.8168650E-05   1.0143169E-02   1.1259477E-02   1.3039320E-02   1.3209365E-02   1.4043980E-02  -1.3721523E-05   2.4293583E-05   3.7809073E-04   3.1741944E-04  -3.2870691E-03   8.7294630E-03  -1.3908405E-05  -1.8193083E-05   2.1131026E-05  -3.1694140E-05  -1.3265613E-05  -6.1544856E-05   3.8095927E-05   1.3646988E-04   3.7212343E-04
 -1.1543328E-06   1.4779104E-03   2.4342696E-03   3.9434033E-02  -1.6783804E-02   4.9925214E-05   1.2159858E-02   1.3461456E-02   1.3209365E-02   1.8684740E-02   1.7061849E-02  -3.7155210E-05   4.7908393E-05   4.6892428E-04   3.5497199E-04  -4.1578440E-03   7.7861006E-03  -9.6508146E-06  -2.3010202E-05  -4.4181152E-05   7.2175282E-05  -1.8653780E-05  -7.2783788E-05   3.9933693E-05   1.6507776E-04   4.7789384E-04
 -2.7116253E-07   1.5893284E-03   2.5466555E-03   3.9006564E-02  -1.8956442E-02   4.7711353E-05   1.2862875E-02   1.4209061E-02   1.4043980E-02   1.7061849E-02   2.4423162E-02  -3.6050373E-05   5.7178104E-05   4.7775955E-04   3.6552438E-04  -4.1544364E-03   7.5947431E-03  -1.5207857E-05  -2.2166808E-05  -5.2084385E-05  -4.4074918E-05   1.0351737E-04  -7.5914459E-05   3.7060478E-05   1.5834269E-04   4.6854778E-04
  7.9222600E-08  -3.4713298E-06  -7.7620051E-06  -1.7267707E-04   2.1805510E-06   1.9842349E-06  -3.0878639E-05  -2.3357799E-05  -1.3721523E-05  -3.7155210E-05  -3.6050373E-05   5.1013464E-04   8.5098933E-06   4.7934372E-07   8.0287211E-06   7.6167932E-05  -3.6865177E-03  -3.0795430E-06   1.2445550E-06   5.7452625E-07  -1.6244662E-06  -6.8185965E-07  -2.8414144E-05   3.9132861E-06  -1.0570976E-06  -7.0256414E-06
  7.2817008E-08  -1.3699961E-06  -3.2638563E-06  -2.5573836E-05  -5.0189694E-05   3.0864141E-06   6.2310628E-05   2.2916906E-05   2.4293583E-05   4.7908393E-05   5.7178104E-05   8.5098933E-06   4.9051022E-04   1.6087214E-05   7.8139366E-06   1.6552729E-04  -2.1646990E-03   7.5062928E-07  -2.2545080E-07  -1.0039358E-06   1.0766644E-06   2.4583449E-06   1.6407307E-05  -3.0160737E-05   4.5362757E-06   5.4720555E-06
  5.4041341E-08  -8.7954966E-06  -2.0302220E-05  -4.4020523E-04  -4.6868333E-04   6.7890010E-06   3.5530603E-04   4.0736516E-04   3.7809073E-04   4.6892428E-04   4.7775955E-04   4.7934372E-07   1.6087214E-05   4.5027649E-04   6.1156752E-05  -1.6353841E-04   3.6885514E-03   8.6962762E-07   2.0887935E-06  -9.4819710E-07   3.3504118E-06   3.5880931E-07   7.1533453E-06   1.6880026E-05  -2.8485853E-05   5.2160608E-05
 -1.1365963E-08  -3.8778807E-07  -3.6980713E-06  -1.2171068E-04  -3.6433569E-04   2.9946554E-06   2.5843846E-04   3.2918003E-04   3.1741944E-04   3.5497199E-04   3.6552438E-04   8.0287211E-06   7.8139366E-06   6.1156752E-05   4.4389920E-04  -1.4420583E-04   2.6816199E-03  -2.6413682E-07  -1.0354081E-06  -9.0292690E-07  -2.0905785E-06  -1.8064046E-06   3.5117919E-06   1.0653094E-05   1.8091959E-05  -6.3358065E-05
 -1.4666244E-07  -3.2765404E-04  -5.8767845E-04  -1.1234310E-02   3.2889409E-03   2.5036850E-06  -3.4015959E-03  -3.5980074E-03  -3.2870691E-03  -4.1578440E-03  -4.1544364E-03   7.6167932E-05   1.6552729E-04  -1.6353841E-04  -1.4420583E-04   2.8399312E-02   1.0767419E-01  -4.6878190E-05  -4.5767589E-05   3.8731891E-05  -1.5183033E-04  -4.9109446E-05   3.0625862E-04   2.2461828E-04   1.5219164E-04  -1.5573406E-04
 -2.1657544E-05  -1.8864150E-03  -3.3575627E-03  -6.2083078E-02  -1.0835664E-02   5.2210733E-04   1.3462261E-02   1.0600837E-02   8.7294630E-03   7.7861006E-03   7.5947431E-03  -3.6865177E-03  -2.1646990E-03   3.6885514E-03   2.6816199E-03   1.0767419E-01   5.6543329E+00   1.0558665E-03   4.9522112E-04   3.2653374E-05  -9.1626447E-04  -5.8426941E-04  -1.0923653E-02  -2.6796029E-03   2.3843246E-03   2.8096689E-03
 -4.2386816E-09  -2.5340935E-06  -3.4105991E-06  -4.3581698E-05   2.2628393E-05   7.8559584E-07   1.3381175E-04  -6.5636185E-06  -1.3908405E-05  -9.6508146E-06  -1.5207857E-05  -3.0795430E-06   7.5062928E-07   8.6962762E-07  -2.6413682E-07  -4.6878190E-05   1.0558665E-03   5.5909803E-05  -9.7154246E-08   8.5517686E-07   1.1905244E-06   5.3484173E-07   3.7073798E-06   5.0249872E-07   1.8685135E-06   2.2956714E-06
 -1.2343257E-08  -4.9345014E-06  -8.0980083E-06  -1.2954657E-04   3.0062322E-05   4.0254419E-07  -1.7319221E-05   5.1381564E-05  -1.8193083E-05  -2.3010202E-05  -2.2166808E-05   1.2445550E-06  -2.2545080E-07   2.0887935E-06  -1.0354081E-06  -4.5767589E-05   4.9522112E-04  -9.7154246E-08   4.3870171E-05   2.6294640E-07   2.3733171E-07  -1.2158239E-07   4.3396110E-07   3.3810557E-06   9.0423994E-07   9.7422573E-07
  8.8603141E-09  -5.3933053E-06  -8.7025713E-06  -1.3528189E-04   5.4682198E-05  -1.4069950E-06  -2.5210314E-05  -3.6050728E-05   2.1131026E-05  -4.4181152E-05  -5.2084385E-05   5.7452625E-07  -1.0039358E-06  -9.4819710E-07  -9.0292690E-07   3.8731891E-05   3.2653374E-05   8.5517686E-07   2.6294640E-07   4.4202460E-05   5.4676546E-07   5.8509357E-07   1.0585784E-06   5.1393205E-06   3.6091504E-06   1.1219844E-07
 -3.2767680E-08  -7.2329559E-06  -1.0770613E-05  -1.4262213E-04   5.9275978E-05  -8.7224535E-08  -2.8534430E-05  -2.7996917E-05  -3.1694140E-05   7.2175282E-05  -4.4074918E-05  -1.6244662E-06   1.0766644E-06   3.3504118E-06  -2.0905785E-06  -1.5183033E-04  -9.1626447E-04   1.1905244E-06   2.3733171E-07   5.4676546E-07   8.3123288E-05   9.2447775E-07   1.0243187E-06   8.6248667E-07   6.4441327E-06   1.1982944E-05
  2.0044605E-08  -6.5172168E-07   3.8765782E-07   5.6902113E-05   3.5780225E-05  -4.2549294E-08  -6.5589887E-06  -5.3545413E-06  -1.3265613E-05  -1.8653780E-05   1.0351737E-04  -6.8185965E-07   2.4583449E-06   3.5880931E-07  -1.8064046E-06  -4.9109446E-05  -5.8426941E-04   5.3484173E-07  -1.2158239E-07   5.8509357E-07   9.2447775E-07   9.5883982E-05  -5.5384691E-08   4.3225570E-07  -1.3172328E-06   6.7084674E-06
  1.3654943E-07  -6.9016099E-06  -1.2417396E-05  -2.2561459E-04   7.0014500E-05   1.8177077E-08  -5.3453694E-05  -8.0956050E-05  -6.1544856E-05  -7.2783788E-05  -7.5914459E-05  -2.8414144E-05   1.6407307E-05   7.1533453E-06   3.5117919E-06   3.0625862E-04  -1.0923653E-02   3.7073798E-06   4.3396110E-07   1.0585784E-06   1.0243187E-06  -5.5384691E-08   1.9831168E-04   2.1068212E-05   1.3135689E-06  -1.2719741E-06
  1.4524803E-08  -2.3702230E-06  -2.3332218E-06   7.8745384E-06  -6.4642179E-06   1.0552905E-06   3.6614544E-05   4.6792383E-05   3.8095927E-05   3.9933693E-05   3.7060478E-05   3.9132861E-06  -3.0160737E-05   1.6880026E-05   1.0653094E-05   2.2461828E-04  -2.6796029E-03   5.0249872E-07   3.3810557E-06   5.1393205E-06   8.6248667E-07   4.3225570E-07   2.1068212E-05   1.1700163E-04   6.3347759E-06   9.1837949E-06
 -7.1947664E-08   2.0739846E-06   3.3148810E-06   5.4278919E-05  -1.4582189E-04   4.8881149E-08   1.1215265E-04   1.3893468E-04   1.3646988E-04   1.6507776E-04   1.5834269E-04  -1.0570976E-06   4.5362757E-06  -2.8485853E-05   1.8091959E-05   1.5219164E-04   2.3843246E-03   1.8685135E-06   9.0423994E-07   3.6091504E-06   6.4441327E-06  -1.3172328E-06   1.3135689E-06   6.3347759E-06   9.5389460E-05   2.2538175E-05
  3.9741606E-08   1.3669460E-05   2.4372039E-05   4.3304241E-04  -4.0393715E-04   6.5923736E-06   3.2115291E-04   3.6981266E-04   3.7212343E-04   4.7789384E-04   4.6854778E-04  -7.0256414E-06   5.4720555E-06   5.2160608E-05  -6.3358065E-05  -1.5573406E-04   2.8096689E-03   2.2956714E-06   9.7422573E-07   1.1219844E-07   1.1982944E-05   6.7084674E-06  -1.2719741E-06   9.1837949E-06   2.2538175E-05   3.5546353E-04
