# omegabh2 omegach2 theta tau mnu nnu logA ns calPlanck acib217 xi asz143 aps100 aps143 aps143217 aps217 aksz kgal100 kgal143 kgal143217 kgal217 cal0 cal2
    0.1623177E-06    0.4479284E-06    0.1694030E-07    0.3821121E-05   -0.3690356E-04    0.8953516E-04    0.9431539E-05    0.5556516E-05    0.4644544E-07    0.7283737E-04   -0.3265231E-05   -0.1000021E-04    0.3292907E-03   -0.8758801E-04   -0.2081054E-03   -0.2021922E-03    0.3968159E-04    0.2170746E-04    0.1923047E-04    0.6848676E-05   -0.2608067E-04    0.6272249E-08   -0.1631361E-08
    0.4479284E-06    0.1517957E-04   -0.1491131E-05    0.8550638E-05    0.1864711E-03    0.9049580E-03    0.5515097E-04    0.2741143E-04   -0.2135148E-06    0.5879167E-02   -0.7545665E-04   -0.1421944E-02    0.2306421E-01    0.1192115E-01    0.2641904E-02   -0.2465048E-02    0.2247843E-02    0.2487285E-03    0.9501885E-04    0.3060071E-03   -0.1188565E-02   -0.5607825E-07    0.6037450E-06
    0.1694030E-07   -0.1491131E-05    0.3506726E-06   -0.1011040E-06   -0.4945253E-04   -0.7115982E-04   -0.3485147E-05   -0.1048088E-05    0.3842401E-07   -0.6579947E-03    0.4866047E-05    0.1561157E-03   -0.2542655E-02   -0.1413298E-02   -0.4344542E-03    0.1926377E-03   -0.2401492E-03   -0.2465468E-04   -0.1193946E-05   -0.1122546E-04    0.1892261E-03    0.4861030E-08   -0.6762991E-07
    0.3821121E-05    0.8550638E-05   -0.1011040E-06    0.4246249E-03    0.1217751E-02    0.2698676E-02    0.8712354E-03    0.1803406E-03   -0.3189434E-07    0.2727881E-02   -0.4482455E-04    0.2277126E-07    0.7100893E-02    0.2457725E-02   -0.3057900E-03   -0.2126169E-02    0.6897683E-03    0.1303343E-02    0.5189343E-03    0.7066588E-03   -0.9689014E-03    0.1260748E-06   -0.1837330E-07
   -0.3690356E-04    0.1864711E-03   -0.4945253E-04    0.1217751E-02    0.4482535E-01   -0.7806602E-02    0.2649369E-02   -0.1117057E-02    0.1862029E-04    0.5013370E-01    0.5413504E-03   -0.1188326E-01    0.2705573E+00    0.2422961E+00    0.1723584E+00    0.1090752E+00    0.1200690E-01    0.2174918E-02   -0.5848257E-02    0.7834282E-02    0.3066445E-02    0.6867681E-06    0.8232959E-05
    0.8953516E-04    0.9049580E-03   -0.7115982E-04    0.2698676E-02   -0.7806602E-02    0.8947419E-01    0.7963357E-02    0.4225619E-02    0.2035964E-04    0.3943329E+00   -0.6065578E-02   -0.9236759E-01    0.1559240E+01    0.6891707E+00    0.6550550E-01   -0.2367455E+00    0.1550084E+00    0.2440377E-01    0.9624451E-02    0.1481248E-01   -0.9609544E-01   -0.1488203E-06    0.3534235E-04
    0.9431539E-05    0.5515097E-04   -0.3485147E-05    0.8712354E-03    0.2649369E-02    0.7963357E-02    0.1915782E-02    0.4497691E-03    0.1286866E-04    0.2002855E-01   -0.2350498E-03   -0.3773915E-02    0.7957576E-01    0.3616298E-01    0.7704956E-02   -0.5264103E-02    0.6518639E-02    0.3053624E-02    0.6298780E-03    0.1530807E-02   -0.3276050E-02    0.4205756E-06    0.1315410E-05
    0.5556516E-05    0.2741143E-04   -0.1048088E-05    0.1803406E-03   -0.1117057E-02    0.4225619E-02    0.4497691E-03    0.2512592E-03    0.2247467E-05    0.8790996E-02   -0.1681288E-03   -0.1823573E-02    0.3022001E-01    0.1362149E-01    0.7652628E-03   -0.4576965E-02    0.2791205E-02    0.1302820E-02    0.3999503E-03    0.1275067E-03   -0.2788919E-02   -0.9435367E-07    0.5952847E-06
    0.4644544E-07   -0.2135148E-06    0.3842401E-07   -0.3189434E-07    0.1862029E-04    0.2035964E-04    0.1286866E-04    0.2247467E-05    0.6680317E-05    0.5644155E-03    0.6350820E-05   -0.5968242E-04    0.3699058E-02    0.3976751E-03    0.1830816E-03    0.1359095E-02    0.7191113E-04    0.1750993E-04   -0.8845972E-04   -0.1406246E-03    0.7695335E-03    0.1429554E-07   -0.5322235E-07
    0.7283737E-04    0.5879167E-02   -0.6579947E-03    0.2727881E-02    0.5013370E-01    0.3943329E+00    0.2002855E-01    0.8790996E-02    0.5644155E-03    0.5073958E+02   -0.4734067E+00   -0.2102356E+01    0.5322272E+02    0.5920261E+01   -0.1869111E+02   -0.6596049E+02    0.1065669E+01   -0.4957306E-02    0.4085664E+00   -0.3205284E+01   -0.2625685E+02   -0.1229517E-03    0.4460523E-02
   -0.3265231E-05   -0.7545665E-04    0.4866047E-05   -0.4482455E-04    0.5413504E-03   -0.6065578E-02   -0.2350498E-03   -0.1681288E-03    0.6350820E-05   -0.4734067E+00    0.8214081E-01   -0.7210109E-01   -0.4912648E+00    0.8550183E+00    0.1626814E+01    0.6509462E+00    0.7593797E-01   -0.1069484E-01    0.3134794E-02    0.8642353E-01    0.1096540E+00    0.5554992E-05   -0.1627676E-04
   -0.1000021E-04   -0.1421944E-02    0.1561157E-03    0.2277126E-07   -0.1188326E-01   -0.9236759E-01   -0.3773915E-02   -0.1823573E-02   -0.5968242E-04   -0.2102356E+01   -0.7210109E-01    0.3994098E+01   -0.3172332E+02   -0.4559436E+01    0.7957982E+01    0.7305832E+01   -0.3197578E+01   -0.2300199E+00    0.5066749E-01    0.2539522E+01    0.2304876E+01    0.1994180E-03   -0.4170251E-03
    0.3292907E-03    0.2306421E-01   -0.2542655E-02    0.7100893E-02    0.2705573E+00    0.1559240E+01    0.7957576E-01    0.3022001E-01    0.3699058E-02    0.5322272E+02   -0.4912648E+00   -0.3172332E+02    0.7678492E+03    0.8806782E+02   -0.5385088E+02   -0.7638299E+02    0.1696882E+02   -0.2629839E+00    0.2409953E-02   -0.1306733E+02   -0.2286285E+02    0.4895831E-02    0.5527167E-02
   -0.8758801E-04    0.1192115E-01   -0.1413298E-02    0.2457725E-02    0.2422961E+00    0.6891707E+00    0.3616298E-01    0.1362149E-01    0.3976751E-03    0.5920261E+01    0.8550183E+00   -0.4559436E+01    0.8806782E+02    0.6770690E+02    0.4333305E+02    0.1572875E+02   -0.3269185E+01   -0.2849240E+00   -0.1176697E+01    0.3884035E+01    0.2751345E+01    0.2231431E-03    0.8101808E-03
   -0.2081054E-03    0.2641904E-02   -0.4344542E-03   -0.3057900E-03    0.1723584E+00    0.6550550E-01    0.7704956E-02    0.7652628E-03    0.1830816E-03   -0.1869111E+02    0.1626814E+01    0.7957982E+01   -0.5385088E+02    0.4333305E+02    0.9161370E+02    0.6520199E+02   -0.1274408E+02   -0.8391805E+00   -0.6971835E+00    0.4956043E+01    0.6333944E+01    0.7822656E-03   -0.2203703E-02
   -0.2021922E-03   -0.2465048E-02    0.1926377E-03   -0.2126169E-02    0.1090752E+00   -0.2367455E+00   -0.5264103E-02   -0.4576965E-02    0.1359095E-02   -0.6596049E+02    0.6509462E+00    0.7305832E+01   -0.7638299E+02    0.1572875E+02    0.6520199E+02    0.1259436E+03   -0.1157910E+02   -0.5091046E+00   -0.9575192E+00    0.1207890E+01    0.2323487E+02    0.5896827E-03   -0.7440102E-02
    0.3968159E-04    0.2247843E-02   -0.2401492E-03    0.6897683E-03    0.1200690E-01    0.1550084E+00    0.6518639E-02    0.2791205E-02    0.7191113E-04    0.1065669E+01    0.7593797E-01   -0.3197578E+01    0.1696882E+02   -0.3269185E+01   -0.1274408E+02   -0.1157910E+02    0.7106358E+01    0.2213126E+00   -0.2278590E-01   -0.2217011E+01   -0.1992405E+01   -0.1718248E-03    0.2350096E-03
    0.2170746E-04    0.2487285E-03   -0.2465468E-04    0.1303343E-02    0.2174918E-02    0.2440377E-01    0.3053624E-02    0.1302820E-02    0.1750993E-04   -0.4957306E-02   -0.1069484E-01   -0.2300199E+00   -0.2629839E+00   -0.2849240E+00   -0.8391805E+00   -0.5091046E+00    0.2213126E+00    0.3231387E+01    0.7658601E+00    0.2851597E+00    0.5697135E+00    0.4095412E-03    0.1314010E-04
    0.1923047E-04    0.9501885E-04   -0.1193946E-05    0.5189343E-03   -0.5848257E-02    0.9624451E-02    0.6298780E-03    0.3999503E-03   -0.8845972E-04    0.4085664E+00    0.3134794E-02    0.5066749E-01    0.2409953E-02   -0.1176697E+01   -0.6971835E+00   -0.9575192E+00   -0.2278590E-01    0.7658601E+00    0.3117941E+01    0.2349395E+01    0.1263019E+01   -0.4129204E-03   -0.1957841E-03
    0.6848676E-05    0.3060071E-03   -0.1122546E-04    0.7066588E-03    0.7834282E-02    0.1481248E-01    0.1530807E-02    0.1275067E-03   -0.1406246E-03   -0.3205284E+01    0.8642353E-01    0.2539522E+01   -0.1306733E+02    0.3884035E+01    0.4956043E+01    0.1207890E+01   -0.2217011E+01    0.2851597E+00    0.2349395E+01    0.1790188E+02    0.2745992E+02   -0.4508731E-04    0.2486604E-02
   -0.2608067E-04   -0.1188565E-02    0.1892261E-03   -0.9689014E-03    0.3066445E-02   -0.9609544E-01   -0.3276050E-02   -0.2788919E-02    0.7695335E-03   -0.2625685E+02    0.1096540E+00    0.2304876E+01   -0.2286285E+02    0.2751345E+01    0.6333944E+01    0.2323487E+02   -0.1992405E+01    0.5697135E+00    0.1263019E+01    0.2745992E+02    0.6306443E+02   -0.7025584E-05    0.4392588E-02
    0.6272249E-08   -0.5607825E-07    0.4861030E-08    0.1260748E-06    0.6867681E-06   -0.1488203E-06    0.4205756E-06   -0.9435367E-07    0.1429554E-07   -0.1229517E-03    0.5554992E-05    0.1994180E-03    0.4895831E-02    0.2231431E-03    0.7822656E-03    0.5896827E-03   -0.1718248E-03    0.4095412E-03   -0.4129204E-03   -0.4508731E-04   -0.7025584E-05    0.5494189E-06    0.2078309E-07
   -0.1631361E-08    0.6037450E-06   -0.6762991E-07   -0.1837330E-07    0.8232959E-05    0.3534235E-04    0.1315410E-05    0.5952847E-06   -0.5322235E-07    0.4460523E-02   -0.1627676E-04   -0.4170251E-03    0.5527167E-02    0.8101808E-03   -0.2203703E-02   -0.7440102E-02    0.2350096E-03    0.1314010E-04   -0.1957841E-03    0.2486604E-02    0.4392588E-02    0.2078309E-07    0.2064167E-05
