# omegabh2 omegach2 theta tau meffsterile nnu logA ns calPlanck acib217 xi asz143 aps100 aps143 aps143217 aps217 aksz kgal100 kgal143 kgal143217 kgal217 cal0 cal2
    0.8164856E-07    0.2486588E-06    0.2352785E-07    0.3494504E-05   -0.1245914E-04    0.3541876E-04    0.7308053E-05    0.2564956E-05    0.1585193E-07   -0.3987189E-04    0.1615395E-05    0.2382857E-04   -0.4184291E-03   -0.2685624E-03   -0.1083633E-03   -0.1170068E-03   -0.1222405E-04   -0.2678309E-05    0.3607167E-05   -0.1905848E-04   -0.6174910E-05    0.3185510E-08    0.1683756E-08
    0.2486588E-06    0.1800080E-04   -0.9580701E-06    0.1409434E-04   -0.5278937E-03    0.6597679E-03    0.5467456E-04    0.2386294E-04    0.2454926E-06    0.4433325E-02   -0.3807111E-04   -0.1192813E-02    0.1836064E-01    0.7470324E-02   -0.9313786E-04   -0.3531705E-02    0.2249849E-02    0.1372648E-03   -0.8983936E-05    0.4608164E-03   -0.4801081E-03   -0.4872420E-07    0.4715050E-06
    0.2352785E-07   -0.9580701E-06    0.2487019E-06    0.9516368E-06   -0.3321727E-05   -0.3749931E-04    0.1033535E-06   -0.2768240E-06    0.1696291E-07   -0.2724097E-03   -0.4933069E-06    0.7022662E-04   -0.1099946E-02   -0.7304375E-03   -0.2664104E-03    0.2890775E-04   -0.1324851E-03   -0.6832118E-06    0.9536116E-05   -0.6776561E-04   -0.8596312E-05    0.1616842E-08   -0.3168321E-07
    0.3494504E-05    0.1409434E-04    0.9516368E-06    0.4698419E-03   -0.1048553E-02    0.2035149E-02    0.9371457E-03    0.1695359E-03   -0.7694772E-06   -0.6521521E-02    0.1753228E-03    0.1678845E-02   -0.3458037E-01   -0.1313360E-01   -0.1215643E-02    0.2020851E-02   -0.2990418E-02   -0.1776828E-03   -0.1738932E-03   -0.1003071E-02   -0.6936100E-04    0.2791369E-07   -0.7921694E-06
   -0.1245914E-04   -0.5278937E-03   -0.3321727E-05   -0.1048553E-02    0.6398980E-01   -0.1102489E-01   -0.2311845E-02   -0.1366054E-02   -0.3245953E-04   -0.5962968E-01    0.6773396E-03    0.2699331E-01   -0.2729682E+00    0.8282552E-01    0.2126004E+00    0.2165780E+00   -0.3619384E-01   -0.7144698E-02   -0.3631205E-02    0.1148089E-01    0.2357405E-01   -0.3290592E-06   -0.1898849E-05
    0.3541876E-04    0.6597679E-03   -0.3749931E-04    0.2035149E-02   -0.1102489E-01    0.4598346E-01    0.5144287E-02    0.2226718E-02    0.1211211E-04    0.2406640E+00   -0.1875680E-02   -0.5565641E-01    0.8515458E+00    0.3996867E+00    0.3330025E-01   -0.1667668E+00    0.1069090E+00    0.9125936E-02    0.2907236E-02    0.2669632E-01   -0.3544484E-01   -0.1372923E-05    0.2679166E-04
    0.7308053E-05    0.5467456E-04    0.1033535E-06    0.9371457E-03   -0.2311845E-02    0.5144287E-02    0.1949359E-02    0.3615627E-03    0.1119864E-04   -0.5608129E-02    0.3767744E-03    0.1559465E-02   -0.3483178E-01   -0.9942173E-02    0.3456092E-02    0.5795375E-02   -0.2956621E-02   -0.5629508E-03   -0.9212551E-03   -0.1337088E-02    0.6567975E-03    0.2320648E-06   -0.7865943E-06
    0.2564956E-05    0.2386294E-04   -0.2768240E-06    0.1695359E-03   -0.1366054E-02    0.2226718E-02    0.3615627E-03    0.1615627E-03    0.1185059E-05    0.4853531E-02    0.4547217E-04   -0.1022689E-02    0.5383634E-02    0.4385218E-02    0.1844777E-03   -0.4438839E-02    0.1091974E-02    0.9223816E-03    0.2127195E-03   -0.2468342E-03   -0.2145522E-02   -0.1895018E-06    0.5565349E-06
    0.1585193E-07    0.2454926E-06    0.1696291E-07   -0.7694772E-06   -0.3245953E-04    0.1211211E-04    0.1119864E-04    0.1185059E-05    0.6368738E-05    0.9676099E-03    0.2327561E-04   -0.9565123E-04    0.4167521E-02    0.6211182E-03    0.4206014E-03    0.8826696E-03    0.1465862E-03   -0.3259368E-04    0.3423302E-04    0.2805822E-06    0.4827830E-03   -0.8649628E-08    0.2574871E-08
   -0.3987189E-04    0.4433325E-02   -0.2724097E-03   -0.6521521E-02   -0.5962968E-01    0.2406640E+00   -0.5608129E-02    0.4853531E-02    0.9676099E-03    0.4974631E+02   -0.4682328E+00   -0.1946332E+01    0.4525025E+02    0.3457746E+01   -0.2073850E+02   -0.6610485E+02    0.1025438E+01   -0.3001265E+00    0.3347057E+00   -0.2649735E+01   -0.2484420E+02   -0.2286187E-03    0.4574950E-02
    0.1615395E-05   -0.3807111E-04   -0.4933069E-06    0.1753228E-03    0.6773396E-03   -0.1875680E-02    0.3767744E-03    0.4547217E-04    0.2327561E-04   -0.4682328E+00    0.8202160E-01   -0.7642901E-01   -0.3446627E+00    0.8811169E+00    0.1649192E+01    0.6918774E+00    0.6545132E-01   -0.9199976E-02    0.2127823E-02    0.6516677E-01    0.9293032E-01    0.4913560E-05   -0.1705434E-04
    0.2382857E-04   -0.1192813E-02    0.7022662E-04    0.1678845E-02    0.2699331E-01   -0.5565641E-01    0.1559465E-02   -0.1022689E-02   -0.9565123E-04   -0.1946332E+01   -0.7642901E-01    0.4065802E+01   -0.3210877E+02   -0.4224771E+01    0.8409471E+01    0.7376414E+01   -0.3255162E+01   -0.1940658E+00    0.7405696E-01    0.2533576E+01    0.2173700E+01    0.2012846E-03   -0.3929713E-03
   -0.4184291E-03    0.1836064E-01   -0.1099946E-02   -0.3458037E-01   -0.2729682E+00    0.8515458E+00   -0.3483178E-01    0.5383634E-02    0.4167521E-02    0.4525025E+02   -0.3446627E+00   -0.3210877E+02    0.7500067E+03    0.8161556E+02   -0.5727561E+02   -0.7067984E+02    0.1870129E+02   -0.8683461E+00    0.5208520E+00   -0.1264974E+02   -0.1974411E+02    0.4423384E-02    0.4304097E-02
   -0.2685624E-03    0.7470324E-02   -0.7304375E-03   -0.1313360E-01    0.8282552E-01    0.3996867E+00   -0.9942173E-02    0.4385218E-02    0.6211182E-03    0.3457746E+01    0.8811169E+00   -0.4224771E+01    0.8161556E+02    0.6531598E+02    0.4316918E+02    0.1830287E+02   -0.3801826E+01   -0.3668275E+00   -0.1185693E+01    0.4184400E+01    0.3698412E+01    0.2405607E-03    0.3809175E-03
   -0.1083633E-03   -0.9313786E-04   -0.2664104E-03   -0.1215643E-02    0.2126004E+00    0.3330025E-01    0.3456092E-02    0.1844777E-03    0.4206014E-03   -0.2073850E+02    0.1649192E+01    0.8409471E+01   -0.5727561E+02    0.4316918E+02    0.9406847E+02    0.6879867E+02   -0.1354847E+02   -0.6722403E+00   -0.5515600E+00    0.4806042E+01    0.6533322E+01    0.8167171E-03   -0.2546584E-02
   -0.1170068E-03   -0.3531705E-02    0.2890775E-04    0.2020851E-02    0.2165780E+00   -0.1667668E+00    0.5795375E-02   -0.4438839E-02    0.8826696E-03   -0.6610485E+02    0.6918774E+00    0.7376414E+01   -0.7067984E+02    0.1830287E+02    0.6879867E+02    0.1274839E+03   -0.1177024E+02    0.7331019E-01   -0.6753059E+00    0.9137607E+00    0.2213006E+02    0.7476630E-03   -0.7739888E-02
   -0.1222405E-04    0.2249849E-02   -0.1324851E-03   -0.2990418E-02   -0.3619384E-01    0.1069090E+00   -0.2956621E-02    0.1091974E-02    0.1465862E-03    0.1025438E+01    0.6545132E-01   -0.3255162E+01    0.1870129E+02   -0.3801826E+01   -0.1354847E+02   -0.1177024E+02    0.7109921E+01    0.1174294E+00   -0.6666742E-01   -0.2049995E+01   -0.1548630E+01   -0.1795971E-03    0.2702394E-03
   -0.2678309E-05    0.1372648E-03   -0.6832118E-06   -0.1776828E-03   -0.7144698E-02    0.9125936E-02   -0.5629508E-03    0.9223816E-03   -0.3259368E-04   -0.3001265E+00   -0.9199976E-02   -0.1940658E+00   -0.8683461E+00   -0.3668275E+00   -0.6722403E+00    0.7331019E-01    0.1174294E+00    0.3189522E+01    0.7393745E+00    0.2574153E+00    0.5109162E+00    0.3947839E-03   -0.2811085E-04
    0.3607167E-05   -0.8983936E-05    0.9536116E-05   -0.1738932E-03   -0.3631205E-02    0.2907236E-02   -0.9212551E-03    0.2127195E-03    0.3423302E-04    0.3347057E+00    0.2127823E-02    0.7405696E-01    0.5208520E+00   -0.1185693E+01   -0.5515600E+00   -0.6753059E+00   -0.6666742E-01    0.7393745E+00    0.3098252E+01    0.2351274E+01    0.1382087E+01   -0.3965219E-03   -0.1859055E-03
   -0.1905848E-04    0.4608164E-03   -0.6776561E-04   -0.1003071E-02    0.1148089E-01    0.2669632E-01   -0.1337088E-02   -0.2468342E-03    0.2805822E-06   -0.2649735E+01    0.6516677E-01    0.2533576E+01   -0.1264974E+02    0.4184400E+01    0.4806042E+01    0.9137607E+00   -0.2049995E+01    0.2574153E+00    0.2351274E+01    0.1784882E+02    0.2709669E+02   -0.7436172E-04    0.2465648E-02
   -0.6174910E-05   -0.4801081E-03   -0.8596312E-05   -0.6936100E-04    0.2357405E-01   -0.3544484E-01    0.6567975E-03   -0.2145522E-02    0.4827830E-03   -0.2484420E+02    0.9293032E-01    0.2173700E+01   -0.1974411E+02    0.3698412E+01    0.6533322E+01    0.2213006E+02   -0.1548630E+01    0.5109162E+00    0.1382087E+01    0.2709669E+02    0.6151098E+02   -0.5201030E-04    0.4317450E-02
    0.3185510E-08   -0.4872420E-07    0.1616842E-08    0.2791369E-07   -0.3290592E-06   -0.1372923E-05    0.2320648E-06   -0.1895018E-06   -0.8649628E-08   -0.2286187E-03    0.4913560E-05    0.2012846E-03    0.4423384E-02    0.2405607E-03    0.8167171E-03    0.7476630E-03   -0.1795971E-03    0.3947839E-03   -0.3965219E-03   -0.7436172E-04   -0.5201030E-04    0.5341798E-06   -0.4167851E-08
    0.1683756E-08    0.4715050E-06   -0.3168321E-07   -0.7921694E-06   -0.1898849E-05    0.2679166E-04   -0.7865943E-06    0.5565349E-06    0.2574871E-08    0.4574950E-02   -0.1705434E-04   -0.3929713E-03    0.4304097E-02    0.3809175E-03   -0.2546584E-02   -0.7739888E-02    0.2702394E-03   -0.2811085E-04   -0.1859055E-03    0.2465648E-02    0.4317450E-02   -0.4167851E-08    0.2079882E-05
