# omegabh2 omegach2 theta tau nnu ns logA aps100 aps143 aps217 acib143 acib217 asz143 psr cibr ncib cal0 cal2 xi aksz bm_1_1 bm_1_2 bm_1_3 bm_1_4 bm_1_5 bm_2_1 bm_2_2 bm_2_3 bm_2_4 bm_2_5 bm_3_1 bm_3_2 bm_3_3 bm_3_4 bm_3_5 bm_4_1 bm_4_2 bm_4_3 bm_4_4 bm_4_5 a_ps_act_148 a_ps_act_217 a_ps_spt_95 a_ps_spt_150 a_ps_spt_220 r_ps_spt_95x150 r_ps_spt_95x220 r_ps_150x220 act_dust_s act_dust_e cal_acts_148 cal_acts_217 cal_acte_148 cal_acte_217 cal_spt_95 cal_spt_150 cal_spt_220
    0.82443E-07    0.50325E-06   -0.27658E-07    0.84906E-06    0.42049E-04    0.18534E-05    0.30629E-05    0.33252E-03   -0.99224E-04   -0.37538E-04    0.83937E-06    0.93301E-05    0.12796E-04   -0.43338E-07    0.41006E-06   -0.25707E-07    0.68819E-10   -0.55629E-08   -0.15189E-05   -0.17737E-04   -0.15148E-05   -0.13623E-04   -0.10465E-05    0.43890E-05    0.13820E-06    0.29965E-05   -0.27348E-05   -0.71693E-05   -0.67711E-05   -0.60142E-05    0.96943E-05    0.98826E-06   -0.39649E-05   -0.15840E-05    0.34088E-05    0.10296E-04   -0.16613E-05   -0.49095E-05    0.27208E-05   -0.59279E-05    0.36634E-06    0.80756E-05   -0.11804E-04    0.36801E-05    0.98238E-05    0.34717E-06    0.74847E-06   -0.22918E-07    0.63997E-07    0.73982E-06    0.38312E-07    0.25166E-07    0.60191E-07    0.91655E-08    0.72484E-07    0.91651E-07    0.21019E-07
    0.50325E-06    0.22708E-04   -0.21967E-05    0.18451E-05    0.12111E-02    0.31161E-04    0.58227E-04    0.20975E-01    0.17444E-01    0.14184E-01   -0.40904E-04   -0.11262E-02   -0.44522E-03    0.31707E-04    0.10364E-04   -0.24511E-04    0.16291E-08   -0.81236E-07    0.11043E-03    0.11616E-02    0.37727E-03    0.70675E-04    0.44412E-04    0.14890E-03   -0.40573E-04    0.23947E-04   -0.16742E-03   -0.57221E-04   -0.48353E-04   -0.87376E-04    0.94247E-04    0.17032E-03   -0.11314E-03    0.30291E-04    0.29741E-04    0.96259E-04    0.18624E-04   -0.20046E-03   -0.10380E-05   -0.42422E-04   -0.17813E-03   -0.19167E-02   -0.54006E-03   -0.42245E-03   -0.19500E-02    0.11996E-04    0.28062E-04    0.30856E-05    0.20037E-04    0.20056E-04   -0.84233E-05   -0.97858E-05   -0.93226E-05   -0.10381E-04   -0.16913E-04   -0.15888E-04   -0.11234E-04
   -0.27658E-07   -0.21967E-05    0.53463E-06    0.82124E-07   -0.12376E-03   -0.29698E-05   -0.47825E-05   -0.22507E-02   -0.17855E-02   -0.14200E-02    0.18391E-05    0.65043E-04    0.34827E-04   -0.37992E-05   -0.79934E-06    0.13120E-05   -0.25241E-08    0.77658E-08   -0.90564E-05   -0.10314E-03   -0.34357E-04   -0.57806E-07    0.85192E-05   -0.10390E-04    0.47218E-05   -0.25767E-05    0.20538E-04    0.14071E-04   -0.56741E-05    0.11716E-04    0.18581E-05   -0.12464E-04    0.14331E-04   -0.11295E-05   -0.60218E-05   -0.30541E-05    0.35030E-05    0.23225E-04   -0.13994E-04   -0.88115E-05    0.23213E-04    0.24776E-03    0.57001E-04    0.49959E-04    0.22979E-03   -0.14531E-05   -0.21144E-05   -0.36374E-06   -0.19882E-05   -0.25961E-05    0.92622E-06    0.10656E-05    0.92998E-06    0.11247E-05    0.16074E-05    0.17500E-05    0.93471E-06
    0.84906E-06    0.18451E-05    0.82124E-07    0.16606E-03    0.46494E-03    0.35894E-04    0.33597E-03   -0.23126E-01   -0.84874E-02   -0.40643E-02   -0.11324E-03    0.77479E-03    0.60940E-03   -0.11478E-04   -0.10512E-04    0.22632E-04   -0.41853E-07   -0.27356E-06   -0.19574E-03   -0.17495E-02   -0.28648E-03   -0.12555E-03    0.26096E-04   -0.33458E-03   -0.37298E-04   -0.48561E-04    0.10889E-03   -0.76993E-04    0.18618E-03   -0.48332E-03    0.25813E-03   -0.68430E-04   -0.27524E-04   -0.24526E-03    0.90866E-04    0.61179E-04    0.21119E-03   -0.11469E-03    0.32671E-03   -0.23214E-04    0.20744E-03    0.38697E-03    0.36968E-04    0.25290E-03    0.10245E-02   -0.97596E-05   -0.28513E-04   -0.31234E-05   -0.13392E-04   -0.15036E-04    0.43958E-05    0.52678E-06    0.48802E-05    0.47366E-06    0.46940E-05    0.26901E-05    0.78733E-05
    0.42049E-04    0.12111E-02   -0.12376E-03    0.46494E-03    0.75600E-01    0.23964E-02    0.38512E-02    0.12196E+01    0.97866E+00    0.79255E+00   -0.27399E-02   -0.63055E-01   -0.25746E-01    0.17758E-02    0.68767E-03   -0.14245E-02    0.59722E-06   -0.58658E-05    0.62577E-02    0.72012E-01    0.21138E-01    0.31532E-02    0.16038E-02    0.10836E-01   -0.21519E-02    0.22287E-02   -0.79894E-02   -0.37854E-02   -0.31814E-02   -0.52176E-02    0.99701E-02    0.94793E-02   -0.61987E-02    0.21537E-02    0.28580E-02    0.92346E-02    0.14852E-02   -0.94650E-02    0.39230E-03   -0.34036E-02   -0.11271E-01   -0.10631E+00   -0.32605E-01   -0.24932E-01   -0.10356E+00    0.66069E-03    0.15817E-02    0.16788E-03    0.11456E-02    0.11827E-02   -0.46133E-03   -0.54484E-03   -0.51428E-03   -0.57983E-03   -0.94044E-03   -0.89966E-03   -0.59791E-03
    0.18534E-05    0.31161E-04   -0.29698E-05    0.35894E-04    0.23964E-02    0.10745E-03    0.14404E-03    0.65275E-02    0.14537E-01    0.14071E-01   -0.16398E-03   -0.12205E-02   -0.32478E-03    0.28543E-04    0.16292E-04   -0.24794E-04   -0.91790E-07    0.58872E-07    0.58610E-04    0.11991E-02    0.35536E-03   -0.11643E-03   -0.29818E-04    0.36326E-03    0.34235E-04    0.33879E-03   -0.38641E-04   -0.12127E-03   -0.61294E-04   -0.12318E-03    0.50446E-03    0.17911E-03   -0.11964E-03    0.63888E-04    0.80882E-04    0.60456E-03    0.12832E-03   -0.57373E-04    0.26011E-04   -0.83674E-04   -0.27625E-03   -0.20066E-02   -0.89788E-03   -0.56614E-03   -0.21606E-02    0.12083E-04    0.24941E-04    0.34107E-05    0.28484E-04    0.43397E-04   -0.74549E-05   -0.10856E-04   -0.87706E-05   -0.12241E-04   -0.17618E-04   -0.18570E-04   -0.14088E-04
    0.30629E-05    0.58227E-04   -0.47825E-05    0.33597E-03    0.38512E-02    0.14404E-03    0.81696E-03   -0.53857E-02    0.22102E-01    0.24670E-01   -0.42378E-03   -0.57891E-03    0.27266E-03    0.52320E-04    0.28370E-05    0.20959E-05   -0.94819E-10   -0.52325E-06   -0.18844E-03   -0.11092E-02    0.75113E-03   -0.74607E-04    0.14259E-03   -0.32008E-03   -0.14827E-03    0.32592E-03   -0.10474E-03   -0.33086E-03    0.27073E-03   -0.12607E-02    0.78173E-03    0.27445E-03   -0.36947E-03   -0.47834E-03    0.19529E-03    0.63998E-03    0.59738E-03   -0.67522E-03    0.71463E-03   -0.12199E-03   -0.36302E-04   -0.41088E-02   -0.11030E-02   -0.54459E-03   -0.30044E-02   -0.47066E-05   -0.59125E-05    0.64803E-06    0.27676E-04    0.13550E-04   -0.10605E-04   -0.22399E-04   -0.12041E-04   -0.23385E-04   -0.30604E-04   -0.32762E-04   -0.12051E-04
    0.33252E-03    0.20975E-01   -0.22507E-02   -0.23126E-01    0.12196E+01    0.65275E-02   -0.53857E-02    0.16530E+04    0.97965E+02    0.37892E+02    0.70582E+00   -0.61349E+01   -0.10951E+02   -0.75956E-01   -0.94982E-01   -0.17285E+00    0.14539E-02   -0.20911E-02    0.11458E+01    0.88601E+01    0.17122E+02   -0.67233E+01    0.96488E+00    0.41564E+00   -0.52361E+00   -0.15533E+01   -0.50937E+01   -0.14003E+01   -0.10988E+01   -0.19957E+01    0.43674E+00    0.10033E+01   -0.30696E+00   -0.80359E+00   -0.31113E+01   -0.20817E+00   -0.16440E+01   -0.36438E+01    0.78462E-01    0.17336E+01    0.20364E+00    0.21492E+01    0.43977E+01   -0.67469E+00    0.34132E+01    0.46106E-02   -0.26915E+00   -0.71323E-01    0.36805E-01   -0.67420E-01   -0.30859E-01    0.79994E-02   -0.33456E-01   -0.19016E-02   -0.96151E-01   -0.38671E-01   -0.14169E-01
   -0.99224E-04    0.17444E-01   -0.17855E-02   -0.84874E-02    0.97866E+00    0.14537E-01    0.22102E-01    0.97965E+02    0.74486E+02    0.26589E+02    0.21810E+00   -0.14664E+01   -0.23000E+01    0.37328E-01    0.27198E-01   -0.59484E-01    0.78688E-04   -0.88533E-03    0.30199E+00    0.16248E+01    0.30559E+00    0.31790E-01    0.81655E-01    0.22529E+00   -0.22303E+00    0.26873E+00   -0.25450E+00   -0.11666E+00   -0.30626E+00   -0.11333E+00   -0.32372E-02    0.29406E+00   -0.31229E+00    0.10612E-01    0.21328E+00    0.24114E+00    0.40729E-01   -0.46500E+00   -0.73671E-01   -0.10441E+00    0.14899E+00   -0.22586E+01    0.71287E+00   -0.48053E+00   -0.16417E+01    0.71449E-02   -0.20759E-01   -0.28130E-01    0.12554E-01    0.22564E-01   -0.18378E-01   -0.12188E-01   -0.18997E-01   -0.13540E-01   -0.37140E-01   -0.27962E-01   -0.13180E-01
   -0.37538E-04    0.14184E-01   -0.14200E-02   -0.40643E-02    0.79255E+00    0.14071E-01    0.24670E-01    0.37892E+02    0.26589E+02    0.10284E+03   -0.10403E+01   -0.35136E+02   -0.50701E-01   -0.34480E+00   -0.29080E-01   -0.47494E+00    0.10752E-03    0.25622E-04    0.14755E+00    0.17285E+01    0.49716E+00    0.56970E-01   -0.26562E-01    0.41113E+00    0.35215E-01    0.34202E+00    0.80966E-01   -0.17362E+00   -0.85530E-01    0.25886E-01    0.42610E+00    0.53663E+00   -0.44900E+00    0.40125E+00    0.33367E+00    0.54457E+00    0.20608E+00    0.34487E-01    0.22103E+00   -0.17480E+00    0.23314E+00    0.17451E+02   -0.98074E+00    0.39947E+00    0.84260E+01   -0.37750E-01   -0.66511E-01   -0.78385E-03    0.12441E-01    0.77678E-01   -0.98329E-02   -0.30508E-01   -0.10807E-01   -0.35848E-01   -0.14254E-01   -0.17955E-01   -0.56648E-01
    0.83937E-06   -0.40904E-04    0.18391E-05   -0.11324E-03   -0.27399E-02   -0.16398E-03   -0.42378E-03    0.70582E+00    0.21810E+00   -0.10403E+01    0.65668E+00    0.10801E+01    0.52954E+00    0.24289E-02   -0.40126E-02   -0.36608E-02   -0.72990E-06    0.77377E-04    0.12721E-01   -0.84041E+00    0.12437E-02   -0.23866E-01    0.12274E-01    0.19656E-03   -0.17204E-01   -0.18711E-01   -0.23084E-02    0.15904E-02    0.29785E-01   -0.18894E-01    0.16629E-01   -0.15313E-01   -0.78445E-02   -0.14018E-01   -0.10834E-01   -0.67462E-02    0.31721E-02    0.55662E-02    0.21392E-01    0.31115E-01    0.71137E-01   -0.10586E+00   -0.20966E+00    0.43715E-02    0.28402E-01    0.49908E-01    0.49312E-01   -0.37914E-02   -0.13473E-02    0.11478E-02    0.20972E-03    0.46562E-03    0.25362E-03    0.36730E-03   -0.69673E-03    0.85844E-03    0.20647E-02
    0.93301E-05   -0.11262E-02    0.65043E-04    0.77479E-03   -0.63055E-01   -0.12205E-02   -0.57891E-03   -0.61349E+01   -0.14664E+01   -0.35136E+02    0.10801E+01    0.21237E+02    0.18104E+01    0.20835E+00    0.21895E-01    0.28855E+00   -0.12254E-04   -0.28300E-04   -0.38766E+00   -0.41763E+01    0.32919E-01   -0.11979E+00   -0.26419E-01   -0.16782E+00   -0.54938E-01   -0.14717E+00    0.59957E-01   -0.11289E-01    0.27477E+00   -0.19042E+00   -0.23621E+00   -0.49436E+00    0.13410E+00   -0.31807E+00   -0.29582E+00   -0.28748E+00   -0.82092E-01    0.22947E-01    0.75293E-01    0.27945E+00   -0.42689E+00   -0.11841E+02   -0.28412E-02   -0.73038E+00   -0.76860E+01    0.46627E-01    0.54658E-01   -0.78707E-02    0.63213E-02   -0.29430E-01   -0.84510E-03    0.65810E-02   -0.10077E-02    0.92841E-02   -0.14542E-02   -0.17944E-02    0.19390E-01
    0.12796E-04   -0.44522E-03    0.34827E-04    0.60940E-03   -0.25746E-01   -0.32478E-03    0.27266E-03   -0.10951E+02   -0.23000E+01   -0.50701E-01    0.52954E+00    0.18104E+01    0.18390E+01    0.16463E-01    0.19105E-01    0.14787E-01    0.94037E-05   -0.11051E-03   -0.18214E+00   -0.22368E+01    0.47676E-01   -0.16687E-02    0.59308E-02   -0.95606E-02   -0.89434E-02    0.21910E-01    0.45738E-01    0.30209E-03    0.56785E-01   -0.40705E-01   -0.46130E-01   -0.26514E-01   -0.12814E-01   -0.19906E-01   -0.30400E-01   -0.24897E-01    0.24995E-01    0.21291E-01    0.26469E-01    0.43559E-01   -0.56921E-01   -0.68673E+00   -0.71167E+00   -0.75036E-01   -0.10600E+01    0.42479E-01    0.66748E-01   -0.13971E-02    0.10894E-02   -0.39611E-03    0.69130E-03   -0.22148E-02    0.69239E-03   -0.21379E-02    0.37096E-02    0.61097E-03   -0.10895E-02
   -0.43338E-07    0.31707E-04   -0.37992E-05   -0.11478E-04    0.17758E-02    0.28543E-04    0.52320E-04   -0.75956E-01    0.37328E-01   -0.34480E+00    0.24289E-02    0.20835E+00    0.16463E-01    0.42506E-02   -0.27163E-04    0.29558E-02   -0.25593E-09   -0.24149E-05   -0.10888E-02   -0.15778E-01   -0.90270E-05    0.37296E-02    0.13416E-02   -0.50990E-03   -0.33794E-03   -0.84939E-03   -0.29887E-02    0.21089E-02   -0.86111E-03    0.22581E-02   -0.22992E-02    0.48501E-03    0.64433E-03   -0.29713E-03   -0.46344E-03   -0.18235E-02   -0.11100E-02   -0.27702E-02   -0.46077E-02   -0.18662E-02   -0.20644E-02   -0.14787E+00   -0.75029E-02   -0.39758E-02   -0.10335E+00    0.35785E-03    0.15393E-02    0.37248E-03    0.12474E-03   -0.17514E-03   -0.44406E-04   -0.16334E-04   -0.49776E-04    0.18842E-04   -0.17427E-04   -0.66344E-04    0.13591E-03
    0.41006E-06    0.10364E-04   -0.79934E-06   -0.10512E-04    0.68767E-03    0.16292E-04    0.28370E-05   -0.94982E-01    0.27198E-01   -0.29080E-01   -0.40126E-02    0.21895E-01    0.19105E-01   -0.27163E-04    0.27720E-02   -0.27748E-03    0.49107E-06    0.41484E-05   -0.69418E-03   -0.10961E-01    0.42970E-03   -0.43827E-03   -0.11619E-02    0.66995E-04   -0.25729E-03   -0.12569E-02    0.13419E-03    0.38279E-03   -0.27835E-03   -0.14101E-02    0.25323E-02   -0.63245E-03   -0.76705E-05    0.25644E-03   -0.10089E-02    0.54368E-03    0.46838E-03    0.32055E-03    0.43893E-03   -0.10201E-03    0.60228E-02    0.42864E-03   -0.11595E-01    0.34009E-02    0.57513E-02    0.38893E-04    0.14278E-02   -0.39991E-03   -0.15134E-03   -0.16088E-03   -0.46944E-05    0.21019E-04    0.90977E-07    0.26539E-04    0.47088E-04   -0.12133E-04    0.75326E-04
   -0.25707E-07   -0.24511E-04    0.13120E-05    0.22632E-04   -0.14245E-02   -0.24794E-04    0.20959E-05   -0.17285E+00   -0.59484E-01   -0.47494E+00   -0.36608E-02    0.28855E+00    0.14787E-01    0.29558E-02   -0.27748E-03    0.52964E-02   -0.26528E-06   -0.93772E-05   -0.62568E-02   -0.36577E-01    0.28494E-02   -0.43299E-02   -0.20296E-02   -0.36343E-02   -0.34899E-03   -0.38870E-03    0.47337E-02   -0.32467E-02    0.80904E-02   -0.54952E-02   -0.87740E-02   -0.12918E-01    0.23491E-02   -0.81234E-02   -0.68984E-02   -0.66273E-02   -0.17373E-02    0.38438E-02    0.61809E-02    0.86249E-02   -0.10550E-01   -0.19310E+00    0.40193E-02   -0.11781E-01   -0.13939E+00   -0.73341E-03   -0.49580E-03    0.26997E-03    0.23276E-03   -0.43089E-03   -0.70849E-05    0.45515E-04   -0.13275E-04    0.91438E-04    0.38647E-04   -0.37544E-04    0.17661E-03
    0.68819E-10    0.16291E-08   -0.25241E-08   -0.41853E-07    0.59722E-06   -0.91790E-07   -0.94819E-10    0.14539E-02    0.78688E-04    0.10752E-03   -0.72990E-06   -0.12254E-04    0.94037E-05   -0.25593E-09    0.49107E-06   -0.26528E-06    0.15704E-06    0.49935E-08    0.17121E-06   -0.37995E-05   -0.23781E-04   -0.19962E-04   -0.25265E-05    0.87905E-05    0.16788E-05    0.96409E-05   -0.40470E-05   -0.36064E-05    0.54005E-06    0.12803E-05    0.40399E-05    0.20709E-05   -0.62775E-05    0.51895E-05    0.33868E-06    0.10955E-04    0.86192E-06   -0.83262E-05    0.35667E-06    0.10159E-05    0.12189E-05   -0.43850E-05   -0.33726E-05    0.17910E-05   -0.11103E-04    0.21976E-06    0.73440E-06   -0.41903E-07   -0.82623E-06   -0.15541E-06   -0.67931E-07   -0.85749E-07    0.17437E-08   -0.88327E-07    0.26792E-08   -0.56926E-07   -0.24040E-07
   -0.55629E-08   -0.81236E-07    0.77658E-08   -0.27356E-06   -0.58658E-05    0.58872E-07   -0.52325E-06   -0.20911E-02   -0.88533E-03    0.25622E-04    0.77377E-04   -0.28300E-04   -0.11051E-03   -0.24149E-05    0.41484E-05   -0.93772E-05    0.49935E-08    0.11253E-05    0.23402E-04    0.62833E-04    0.78569E-04    0.42540E-04   -0.33177E-05   -0.31438E-04   -0.21720E-04    0.40198E-03    0.19612E-04    0.18148E-04   -0.34633E-06    0.49521E-04   -0.37753E-03    0.33505E-04   -0.75463E-04    0.45818E-04   -0.22292E-04    0.43208E-04    0.80664E-04   -0.61739E-04   -0.94086E-04    0.18306E-04    0.43561E-04    0.30881E-03    0.75162E-04    0.34769E-04    0.45810E-03    0.46160E-05    0.20884E-05   -0.29026E-05    0.70393E-06   -0.14766E-05    0.21621E-06    0.10020E-05    0.28709E-06    0.10678E-05    0.31569E-08    0.59516E-06    0.14727E-05
   -0.15189E-05    0.11043E-03   -0.90564E-05   -0.19574E-03    0.62577E-02    0.58610E-04   -0.18844E-03    0.11458E+01    0.30199E+00    0.14755E+00    0.12721E-01   -0.38766E+00   -0.18214E+00   -0.10888E-02   -0.69418E-03   -0.62568E-02    0.17121E-06    0.23402E-04    0.68265E-01    0.37906E+00   -0.52485E-02   -0.23786E-02    0.12226E-03    0.27682E-02   -0.11675E-02   -0.51521E-02   -0.64090E-02   -0.27624E-02   -0.89992E-02    0.34270E-02    0.11965E-01    0.38741E-02   -0.23268E-02    0.76867E-04    0.38455E-02    0.61595E-02   -0.48205E-02   -0.15583E-02   -0.10896E-03   -0.75392E-02    0.64480E-01    0.15712E+00   -0.39690E-02    0.59747E-01    0.21240E+00    0.54100E-02    0.10121E-01    0.11626E-02   -0.41539E-03    0.80320E-03   -0.98479E-05    0.19900E-03    0.64000E-05    0.16872E-03   -0.30456E-03    0.24912E-03    0.48681E-03
   -0.17737E-04    0.11616E-02   -0.10314E-03   -0.17495E-02    0.72012E-01    0.11991E-02   -0.11092E-02    0.88601E+01    0.16248E+01    0.17285E+01   -0.84041E+00   -0.41763E+01   -0.22368E+01   -0.15778E-01   -0.10961E-01   -0.36577E-01   -0.37995E-05    0.62833E-04    0.37906E+00    0.44522E+01   -0.40462E-01    0.42720E-01    0.30684E-03    0.49141E-01    0.96808E-02   -0.11484E-01   -0.58355E-01    0.17905E-01   -0.10051E+00    0.53482E-01    0.41234E-01    0.62489E-01   -0.10665E-01    0.18713E-01    0.39036E-01    0.28935E-01   -0.13185E-01   -0.33101E-01   -0.56452E-01   -0.89816E-01    0.85137E-01    0.11902E+01    0.24926E+00    0.21889E+00    0.15909E+01   -0.41184E-01   -0.21145E-01    0.16439E-01   -0.51460E-02   -0.30797E-02    0.32450E-04    0.18015E-02   -0.14399E-04    0.16797E-02   -0.80653E-03    0.10229E-02    0.17941E-02
   -0.15148E-05    0.37727E-03   -0.34357E-04   -0.28648E-03    0.21138E-01    0.35536E-03    0.75113E-03    0.17122E+02    0.30559E+00    0.49716E+00    0.12437E-02    0.32919E-01    0.47676E-01   -0.90270E-05    0.42970E-03    0.28494E-02   -0.23781E-04    0.78569E-04   -0.52485E-02   -0.40462E-01    0.65056E+00   -0.14328E+00    0.58989E-02    0.23670E-02    0.18277E-01    0.19289E+00   -0.49736E-01   -0.35607E-01    0.31047E-02   -0.75559E-01    0.23596E-01    0.37848E-01   -0.35543E-01   -0.37623E-01   -0.11630E+00    0.16160E+00    0.50747E-01   -0.25985E-01    0.34978E-01    0.82305E-01   -0.13234E-01   -0.11745E+00   -0.26150E-01   -0.22089E-01   -0.17479E+00    0.77913E-04    0.16179E-02    0.29640E-03    0.14768E-02   -0.61003E-03   -0.49600E-04   -0.30759E-03   -0.18202E-03   -0.30297E-03   -0.28765E-03   -0.46603E-03   -0.74318E-03
   -0.13623E-04    0.70675E-04   -0.57806E-07   -0.12555E-03    0.31532E-02   -0.11643E-03   -0.74607E-04   -0.67233E+01    0.31790E-01    0.56970E-01   -0.23866E-01   -0.11979E+00   -0.16687E-02    0.37296E-02   -0.43827E-03   -0.43299E-02   -0.19962E-04    0.42540E-04   -0.23786E-02    0.42720E-01   -0.14328E+00    0.93178E+00    0.88449E-02    0.14213E-01   -0.68855E-02   -0.13710E+00    0.17756E+00    0.65706E-01    0.10469E-01    0.98110E-01   -0.13024E+00    0.36921E-01    0.37541E-01    0.34622E-01    0.17276E+00   -0.21452E+00    0.19011E-01    0.11914E+00   -0.36312E-02   -0.17534E+00   -0.10090E-01    0.87645E-01   -0.57537E-02   -0.70237E-02    0.67039E-01   -0.23679E-02   -0.13904E-02    0.54207E-03    0.30794E-04    0.19121E-02   -0.81735E-04   -0.64197E-04   -0.18084E-03   -0.49999E-04   -0.30894E-03   -0.21413E-03   -0.28317E-03
   -0.10465E-05    0.44412E-04    0.85192E-05    0.26096E-04    0.16038E-02   -0.29818E-04    0.14259E-03    0.96488E+00    0.81655E-01   -0.26562E-01    0.12274E-01   -0.26419E-01    0.59308E-02    0.13416E-02   -0.11619E-02   -0.20296E-02   -0.25265E-05   -0.33177E-05    0.12226E-03    0.30684E-03    0.58989E-02    0.88449E-02    0.10162E+01    0.17588E-01   -0.73826E-02   -0.34415E-01   -0.50907E-01    0.17930E+00   -0.34066E-02    0.85363E-01   -0.32209E-02    0.62030E-01   -0.24593E-01   -0.14527E-01    0.11191E+00   -0.47027E-01    0.40886E-01   -0.88575E-02   -0.18001E+00    0.10791E+00    0.24464E-02    0.15856E-01    0.13619E-01    0.45548E-03    0.53516E-02    0.22280E-04    0.39025E-03    0.24154E-03    0.31172E-02    0.96651E-03   -0.22829E-05   -0.29535E-04   -0.46944E-04   -0.46472E-04   -0.34354E-03    0.65447E-04   -0.10151E-03
    0.43890E-05    0.14890E-03   -0.10390E-04   -0.33458E-03    0.10836E-01    0.36326E-03   -0.32008E-03    0.41564E+00    0.22529E+00    0.41113E+00    0.19656E-03   -0.16782E+00   -0.95606E-02   -0.50990E-03    0.66995E-04   -0.36343E-02    0.87905E-05   -0.31438E-04    0.27682E-02    0.49141E-01    0.23670E-02    0.14213E-01    0.17588E-01    0.10256E+01    0.24117E-02    0.50049E-01   -0.81373E-01    0.86720E-01   -0.10526E+00    0.54038E-01    0.84111E-01    0.12592E+00    0.52176E-01    0.13096E+00   -0.10255E+00    0.90292E-01    0.48354E-01    0.49327E-02   -0.12853E+00    0.44262E-01    0.17885E-04    0.10683E+00   -0.83269E-02    0.97762E-03    0.10226E+00    0.57985E-03   -0.43648E-04   -0.49880E-04    0.13835E-02    0.26394E-02   -0.42525E-04   -0.47931E-05    0.11154E-04   -0.94188E-04   -0.21475E-03   -0.97005E-04   -0.70890E-05
    0.13820E-06   -0.40573E-04    0.47218E-05   -0.37298E-04   -0.21519E-02    0.34235E-04   -0.14827E-03   -0.52361E+00   -0.22303E+00    0.35215E-01   -0.17204E-01   -0.54938E-01   -0.89434E-02   -0.33794E-03   -0.25729E-03   -0.34899E-03    0.16788E-05   -0.21720E-04   -0.11675E-02    0.96808E-02    0.18277E-01   -0.68855E-02   -0.73826E-02    0.24117E-02    0.97556E+00    0.37134E-01    0.35157E-01   -0.27990E-01    0.35770E-01    0.69020E-01    0.74016E-01   -0.76498E-01   -0.64094E-01    0.68898E-01    0.53117E-01    0.96362E-01   -0.58716E-01    0.73802E-01   -0.28386E-01    0.14236E-02   -0.17367E-04   -0.63794E-02    0.14809E-01    0.24815E-02    0.75132E-01   -0.79955E-03   -0.23303E-02   -0.12637E-03   -0.19596E-02   -0.18553E-02    0.93390E-04   -0.10651E-03    0.38732E-04   -0.39863E-05    0.24954E-03    0.54478E-04   -0.32196E-03
    0.29965E-05    0.23947E-04   -0.25767E-05   -0.48561E-04    0.22287E-02    0.33879E-03    0.32592E-03   -0.15533E+01    0.26873E+00    0.34202E+00   -0.18711E-01   -0.14717E+00    0.21910E-01   -0.84939E-03   -0.12569E-02   -0.38870E-03    0.96409E-05    0.40198E-03   -0.51521E-02   -0.11484E-01    0.19289E+00   -0.13710E+00   -0.34415E-01    0.50049E-01    0.37134E-01    0.76596E+00   -0.25758E-01   -0.66091E-02   -0.19613E-01   -0.31026E-01    0.82479E-01    0.97090E-01   -0.89049E-01    0.10876E-01   -0.61644E-01    0.61821E+00    0.22893E+00   -0.58900E-01   -0.33004E-01    0.71031E-01   -0.14607E-01    0.55796E-01    0.85904E-02    0.37252E-02    0.50963E-01   -0.21035E-02   -0.15064E-02    0.56600E-03    0.16614E-02   -0.24322E-02    0.19192E-03   -0.44528E-04    0.20161E-03   -0.15821E-04    0.62945E-03    0.17957E-03   -0.26864E-03
   -0.27348E-05   -0.16742E-03    0.20538E-04    0.10889E-03   -0.79894E-02   -0.38641E-04   -0.10474E-03   -0.50937E+01   -0.25450E+00    0.80966E-01   -0.23084E-02    0.59957E-01    0.45738E-01   -0.29887E-02    0.13419E-03    0.47337E-02   -0.40470E-05    0.19612E-04   -0.64090E-02   -0.58355E-01   -0.49736E-01    0.17756E+00   -0.50907E-01   -0.81373E-01    0.35157E-01   -0.25758E-01    0.97173E+00   -0.74937E-02    0.56192E-02   -0.18109E-01    0.48292E-01    0.97645E-04   -0.45238E-01   -0.41138E-01    0.15128E+00   -0.86682E-01    0.24855E+00    0.75214E+00    0.31028E+00   -0.18733E+00   -0.75116E-02    0.16128E-01   -0.11717E-02   -0.51366E-02   -0.10111E+00   -0.42816E-03    0.19186E-03    0.10545E-03   -0.10706E-03    0.10719E-02    0.13587E-03    0.10578E-03    0.17905E-03    0.15422E-03    0.31083E-03    0.17290E-03   -0.15514E-03
   -0.71693E-05   -0.57221E-04    0.14071E-04   -0.76993E-04   -0.37854E-02   -0.12127E-03   -0.33086E-03   -0.14003E+01   -0.11666E+00   -0.17362E+00    0.15904E-02   -0.11289E-01    0.30209E-03    0.21089E-02    0.38279E-03   -0.32467E-02   -0.36064E-05    0.18148E-04   -0.27624E-02    0.17905E-01   -0.35607E-01    0.65706E-01    0.17930E+00    0.86720E-01   -0.27990E-01   -0.66091E-02   -0.74937E-02    0.97212E+00   -0.16034E-02   -0.81528E-02    0.70236E-01   -0.37257E-01    0.11502E+00    0.15230E+00   -0.12724E+00   -0.19867E+00    0.62216E+00    0.11538E+00   -0.59761E+00    0.17235E+00    0.96527E-03    0.91912E-01   -0.89680E-02   -0.56339E-02    0.12609E+00    0.35100E-05    0.21179E-03   -0.28037E-03    0.88407E-03   -0.13024E-02   -0.22563E-05    0.10364E-03   -0.39454E-04    0.15888E-03    0.22956E-04    0.22333E-04    0.17770E-03
   -0.67711E-05   -0.48353E-04   -0.56741E-05    0.18618E-03   -0.31814E-02   -0.61294E-04    0.27073E-03   -0.10988E+01   -0.30626E+00   -0.85530E-01    0.29785E-01    0.27477E+00    0.56785E-01   -0.86111E-03   -0.27835E-03    0.80904E-02    0.54005E-06   -0.34633E-06   -0.89992E-02   -0.10051E+00    0.31047E-02    0.10469E-01   -0.34066E-02   -0.10526E+00    0.35770E-01   -0.19613E-01    0.56192E-02   -0.16034E-02    0.98225E+00    0.20606E-02   -0.41552E-01   -0.75369E-01   -0.14189E+00   -0.14042E-01   -0.10013E+00   -0.92632E-01    0.72037E-01   -0.41704E-01    0.29322E+00    0.66326E+00   -0.57970E-02   -0.21153E+00   -0.11527E-01   -0.67376E-02   -0.19485E+00    0.18399E-02    0.17366E-02   -0.10583E-03   -0.29841E-02   -0.11306E-02   -0.32492E-04    0.60183E-04   -0.51733E-04    0.37748E-05    0.24609E-03   -0.25077E-04    0.15946E-03
   -0.60142E-05   -0.87376E-04    0.11716E-04   -0.48332E-03   -0.52176E-02   -0.12318E-03   -0.12607E-02   -0.19957E+01   -0.11333E+00    0.25886E-01   -0.18894E-01   -0.19042E+00   -0.40705E-01    0.22581E-02   -0.14101E-02   -0.54952E-02    0.12803E-05    0.49521E-04    0.34270E-02    0.53482E-01   -0.75559E-01    0.98110E-01    0.85363E-01    0.54038E-01    0.69020E-01   -0.31026E-01   -0.18109E-01   -0.81528E-02    0.20606E-02    0.10096E+01   -0.67622E-01    0.92312E-01    0.57096E-01    0.16468E+00    0.12533E-01    0.10138E+00   -0.57454E+00    0.37811E+00   -0.34623E+00    0.20591E+00    0.44212E-02    0.13270E+00    0.15152E-01    0.83299E-02    0.11001E+00   -0.14096E-02   -0.33151E-02    0.29774E-03    0.31587E-03   -0.36429E-02    0.18884E-05    0.92651E-04    0.79989E-05   -0.27483E-05   -0.45236E-04    0.58584E-04   -0.53153E-03
    0.96943E-05    0.94247E-04    0.18581E-05    0.25813E-03    0.99701E-02    0.50446E-03    0.78173E-03    0.43674E+00   -0.32372E-02    0.42610E+00    0.16629E-01   -0.23621E+00   -0.46130E-01   -0.22992E-02    0.25323E-02   -0.87740E-02    0.40399E-05   -0.37753E-03    0.11965E-01    0.41234E-01    0.23596E-01   -0.13024E+00   -0.32209E-02    0.84111E-01    0.74016E-01    0.82479E-01    0.48292E-01    0.70236E-01   -0.41552E-01   -0.67622E-01    0.86977E+00    0.13109E-01   -0.29535E-01    0.46073E-02    0.22788E-01    0.61287E+00    0.17810E+00    0.10405E+00    0.42812E-01   -0.99457E-01    0.26695E-01    0.26846E+00    0.83475E-02    0.18390E-01    0.25113E+00    0.14051E-02    0.12543E-02   -0.14898E-02   -0.26220E-02    0.10455E-02    0.93858E-04    0.27647E-03   -0.10043E-04    0.15305E-03   -0.24394E-03    0.19948E-04    0.28515E-03
    0.98826E-06    0.17032E-03   -0.12464E-04   -0.68430E-04    0.94793E-02    0.17911E-03    0.27445E-03    0.10033E+01    0.29406E+00    0.53663E+00   -0.15313E-01   -0.49436E+00   -0.26514E-01    0.48501E-03   -0.63245E-03   -0.12918E-01    0.20709E-05    0.33505E-04    0.38741E-02    0.62489E-01    0.37848E-01    0.36921E-01    0.62030E-01    0.12592E+00   -0.76498E-01    0.97090E-01    0.97645E-04   -0.37257E-01   -0.75369E-01    0.92312E-01    0.13109E-01    0.95655E+00    0.39300E-02   -0.91829E-02   -0.10985E-01    0.88521E-01    0.14589E+00    0.10240E-01    0.12583E+00    0.16401E+00    0.69913E-02    0.30728E+00   -0.15374E-01    0.85078E-02    0.25392E+00   -0.39965E-03   -0.11093E-02    0.48206E-05   -0.11836E-02   -0.53218E-03   -0.91134E-04   -0.17903E-03   -0.58680E-04   -0.29134E-03   -0.11346E-03   -0.63619E-04   -0.38960E-03
   -0.39649E-05   -0.11314E-03    0.14331E-04   -0.27524E-04   -0.61987E-02   -0.11964E-03   -0.36947E-03   -0.30696E+00   -0.31229E+00   -0.44900E+00   -0.78445E-02    0.13410E+00   -0.12814E-01    0.64433E-03   -0.76705E-05    0.23491E-02   -0.62775E-05   -0.75463E-04   -0.23268E-02   -0.10665E-01   -0.35543E-01    0.37541E-01   -0.24593E-01    0.52176E-01   -0.64094E-01   -0.89049E-01   -0.45238E-01    0.11502E+00   -0.14189E+00    0.57096E-01   -0.29535E-01    0.39300E-02    0.10387E+01    0.43504E-02   -0.10370E-02   -0.11668E+00    0.21253E-01    0.18117E+00    0.40961E-01   -0.67087E-01   -0.29293E-02   -0.16638E-01    0.26317E-01   -0.55089E-02   -0.62962E-01   -0.20978E-02   -0.17535E-02   -0.22838E-03    0.32286E-02   -0.16351E-02   -0.27806E-04    0.29444E-03    0.29540E-04    0.19348E-03   -0.12894E-03   -0.72976E-04   -0.39352E-05
   -0.15840E-05    0.30291E-04   -0.11295E-05   -0.24526E-03    0.21537E-02    0.63888E-04   -0.47834E-03   -0.80359E+00    0.10612E-01    0.40125E+00   -0.14018E-01   -0.31807E+00   -0.19906E-01   -0.29713E-03    0.25644E-03   -0.81234E-02    0.51895E-05    0.45818E-04    0.76867E-04    0.18713E-01   -0.37623E-01    0.34622E-01   -0.14527E-01    0.13096E+00    0.68898E-01    0.10876E-01   -0.41138E-01    0.15230E+00   -0.14042E-01    0.16468E+00    0.46073E-02   -0.91829E-02    0.43504E-02    0.96339E+00   -0.10357E-01   -0.24369E-02    0.21119E-01    0.10610E+00   -0.27010E+00    0.12375E+00    0.38686E-02    0.22959E+00    0.49117E-02    0.61647E-02    0.24333E+00   -0.15398E-02   -0.35886E-02   -0.60185E-03   -0.13303E-02   -0.11591E-02   -0.65616E-04   -0.18454E-03   -0.13054E-03   -0.12352E-03   -0.10677E-03   -0.89727E-04   -0.25057E-03
    0.34088E-05    0.29741E-04   -0.60218E-05    0.90866E-04    0.28580E-02    0.80882E-04    0.19529E-03   -0.31113E+01    0.21328E+00    0.33367E+00   -0.10834E-01   -0.29582E+00   -0.30400E-01   -0.46344E-03   -0.10089E-02   -0.68984E-02    0.33868E-06   -0.22292E-04    0.38455E-02    0.39036E-01   -0.11630E+00    0.17276E+00    0.11191E+00   -0.10255E+00    0.53117E-01   -0.61644E-01    0.15128E+00   -0.12724E+00   -0.10013E+00    0.12533E-01    0.22788E-01   -0.10985E-01   -0.10370E-02   -0.10357E-01    0.10241E+01   -0.22285E-01   -0.48789E-01    0.38404E-01    0.17871E+00   -0.96136E-01    0.11211E-01    0.17492E+00    0.13837E-01    0.12702E-01    0.10678E+00   -0.96499E-04   -0.15977E-02   -0.13298E-03    0.76689E-03    0.10115E-02   -0.62291E-04   -0.21899E-03   -0.10260E-03   -0.25251E-03    0.10672E-03    0.67503E-04   -0.39272E-03
    0.10296E-04    0.96259E-04   -0.30541E-05    0.61179E-04    0.92346E-02    0.60456E-03    0.63998E-03   -0.20817E+00    0.24114E+00    0.54457E+00   -0.67462E-02   -0.28748E+00   -0.24897E-01   -0.18235E-02    0.54368E-03   -0.66273E-02    0.10955E-04    0.43208E-04    0.61595E-02    0.28935E-01    0.16160E+00   -0.21452E+00   -0.47027E-01    0.90292E-01    0.96362E-01    0.61821E+00   -0.86682E-01   -0.19867E+00   -0.92632E-01    0.10138E+00    0.61287E+00    0.88521E-01   -0.11668E+00   -0.24369E-02   -0.22285E-01    0.95499E+00   -0.18539E-01   -0.36416E-02    0.97467E-02   -0.33842E-01    0.77249E-02    0.21311E+00    0.15082E-01    0.17971E-01    0.20237E+00   -0.84499E-03   -0.79661E-03   -0.43979E-03   -0.49506E-03   -0.15579E-02    0.19214E-03    0.12083E-03    0.13471E-03    0.47486E-04    0.23699E-03    0.12562E-03   -0.97082E-04
   -0.16613E-05    0.18624E-04    0.35030E-05    0.21119E-03    0.14852E-02    0.12832E-03    0.59738E-03   -0.16440E+01    0.40729E-01    0.20608E+00    0.31721E-02   -0.82092E-01    0.24995E-01   -0.11100E-02    0.46838E-03   -0.17373E-02    0.86192E-06    0.80664E-04   -0.48205E-02   -0.13185E-01    0.50747E-01    0.19011E-01    0.40886E-01    0.48354E-01   -0.58716E-01    0.22893E+00    0.24855E+00    0.62216E+00    0.72037E-01   -0.57454E+00    0.17810E+00    0.14589E+00    0.21253E-01    0.21119E-01   -0.48789E-01   -0.18539E-01    0.97828E+00   -0.10753E-01    0.12585E-01   -0.31690E-02   -0.27538E-02    0.10911E+00   -0.96660E-02   -0.39590E-02    0.79339E-01    0.34404E-04    0.10902E-02   -0.34160E-03   -0.10970E-03    0.12404E-02    0.62071E-04    0.48215E-04    0.46193E-04    0.83880E-04    0.30413E-03    0.68363E-04    0.19348E-03
   -0.49095E-05   -0.20046E-03    0.23225E-04   -0.11469E-03   -0.94650E-02   -0.57373E-04   -0.67522E-03   -0.36438E+01   -0.46500E+00    0.34487E-01    0.55662E-02    0.22947E-01    0.21291E-01   -0.27702E-02    0.32055E-03    0.38438E-02   -0.83262E-05   -0.61739E-04   -0.15583E-02   -0.33101E-01   -0.25985E-01    0.11914E+00   -0.88575E-02    0.49327E-02    0.73802E-01   -0.58900E-01    0.75214E+00    0.11538E+00   -0.41704E-01    0.37811E+00    0.10405E+00    0.10240E-01    0.18117E+00    0.10610E+00    0.38404E-01   -0.36416E-02   -0.10753E-01    0.96414E+00    0.11524E-01   -0.69504E-02   -0.13917E-02    0.49885E-01    0.46977E-02   -0.41489E-02   -0.29922E-01   -0.25342E-04    0.85557E-04   -0.11055E-03    0.62897E-03   -0.11068E-02    0.17145E-03    0.23177E-03    0.19398E-03    0.18695E-03    0.17649E-03    0.19358E-03   -0.32532E-03
    0.27208E-05   -0.10380E-05   -0.13994E-04    0.32671E-03    0.39230E-03    0.26011E-04    0.71463E-03    0.78462E-01   -0.73671E-01    0.22103E+00    0.21392E-01    0.75293E-01    0.26469E-01   -0.46077E-02    0.43893E-03    0.61809E-02    0.35667E-06   -0.94086E-04   -0.10896E-03   -0.56452E-01    0.34978E-01   -0.36312E-02   -0.18001E+00   -0.12853E+00   -0.28386E-01   -0.33004E-01    0.31028E+00   -0.59761E+00    0.29322E+00   -0.34623E+00    0.42812E-01    0.12583E+00    0.40961E-01   -0.27010E+00    0.17871E+00    0.97467E-02    0.12585E-01    0.11524E-01    0.95960E+00    0.77713E-03    0.51823E-02   -0.10490E+00    0.34558E-02    0.20430E-02   -0.15202E+00    0.17878E-02    0.20974E-02   -0.33474E-03   -0.12252E-02    0.24117E-02    0.42419E-04    0.29467E-04    0.67821E-04   -0.95276E-04    0.17895E-03    0.54604E-04    0.72106E-04
   -0.59279E-05   -0.42422E-04   -0.88115E-05   -0.23214E-04   -0.34036E-02   -0.83674E-04   -0.12199E-03    0.17336E+01   -0.10441E+00   -0.17480E+00    0.31115E-01    0.27945E+00    0.43559E-01   -0.18662E-02   -0.10201E-03    0.86249E-02    0.10159E-05    0.18306E-04   -0.75392E-02   -0.89816E-01    0.82305E-01   -0.17534E+00    0.10791E+00    0.44262E-01    0.14236E-02    0.71031E-01   -0.18733E+00    0.17235E+00    0.66326E+00    0.20591E+00   -0.99457E-01    0.16401E+00   -0.67087E-01    0.12375E+00   -0.96136E-01   -0.33842E-01   -0.31690E-02   -0.69504E-02    0.77713E-03    0.96067E+00   -0.71428E-02   -0.24478E+00   -0.21118E-01   -0.15497E-01   -0.17202E+00    0.27238E-02    0.16168E-02   -0.26199E-03    0.21438E-04   -0.31544E-02   -0.14803E-04   -0.25765E-04   -0.15377E-04   -0.62570E-04    0.15195E-03    0.21388E-04   -0.28086E-04
    0.36634E-06   -0.17813E-03    0.23213E-04    0.20744E-03   -0.11271E-01   -0.27625E-03   -0.36302E-04    0.20364E+00    0.14899E+00    0.23314E+00    0.71137E-01   -0.42689E+00   -0.56921E-01   -0.20644E-02    0.60228E-02   -0.10550E-01    0.12189E-05    0.43561E-04    0.64480E-01    0.85137E-01   -0.13234E-01   -0.10090E-01    0.24464E-02    0.17885E-04   -0.17367E-04   -0.14607E-01   -0.75116E-02    0.96527E-03   -0.57970E-02    0.44212E-02    0.26695E-01    0.69913E-02   -0.29293E-02    0.38686E-02    0.11211E-01    0.77249E-02   -0.27538E-02   -0.13917E-02    0.51823E-02   -0.71428E-02    0.35002E+00    0.27596E+00    0.59335E-04    0.16219E+00    0.55427E+00    0.13969E-01    0.18621E-01   -0.46727E-02   -0.47317E-02    0.55493E-03    0.65020E-03    0.10274E-04    0.82780E-03    0.11601E-03   -0.34564E-03    0.31863E-03    0.14661E-02
    0.80756E-05   -0.19167E-02    0.24776E-03    0.38697E-03   -0.10631E+00   -0.20066E-02   -0.41088E-02    0.21492E+01   -0.22586E+01    0.17451E+02   -0.10586E+00   -0.11841E+02   -0.68673E+00   -0.14787E+00    0.42864E-03   -0.19310E+00   -0.43850E-05    0.30881E-03    0.15712E+00    0.11902E+01   -0.11745E+00    0.87645E-01    0.15856E-01    0.10683E+00   -0.63794E-02    0.55796E-01    0.16128E-01    0.91912E-01   -0.21153E+00    0.13270E+00    0.26846E+00    0.30728E+00   -0.16638E-01    0.22959E+00    0.17492E+00    0.21311E+00    0.10911E+00    0.49885E-01   -0.10490E+00   -0.24478E+00    0.27596E+00    0.16224E+02    0.11018E+00    0.46158E+00    0.59500E+01   -0.56077E-03   -0.32676E-01   -0.12357E-01   -0.49550E-02    0.34540E-01    0.25549E-02    0.21571E-01    0.27465E-02    0.13848E-01    0.17859E-02    0.43388E-02   -0.71025E-02
   -0.11804E-04   -0.54006E-03    0.57001E-04    0.36968E-04   -0.32605E-01   -0.89788E-03   -0.11030E-02    0.43977E+01    0.71287E+00   -0.98074E+00   -0.20966E+00   -0.28412E-02   -0.71167E+00   -0.75029E-02   -0.11595E-01    0.40193E-02   -0.33726E-05    0.75162E-04   -0.39690E-02    0.24926E+00   -0.26150E-01   -0.57537E-02    0.13619E-01   -0.83269E-02    0.14809E-01    0.85904E-02   -0.11717E-02   -0.89680E-02   -0.11527E-01    0.15152E-01    0.83475E-02   -0.15374E-01    0.26317E-01    0.49117E-02    0.13837E-01    0.15082E-01   -0.96660E-02    0.46977E-02    0.34558E-02   -0.21118E-01    0.59335E-04    0.11018E+00    0.21727E+01   -0.12895E-01    0.32255E+00   -0.91913E-01   -0.10715E+00   -0.43198E-02    0.30423E-03   -0.10951E-02   -0.42468E-03    0.13404E-02   -0.37726E-03    0.12832E-02    0.65973E-03    0.13552E-03    0.46043E-03
    0.36801E-05   -0.42245E-03    0.49959E-04    0.25290E-03   -0.24932E-01   -0.56614E-03   -0.54459E-03   -0.67469E+00   -0.48053E+00    0.39947E+00    0.43715E-02   -0.73038E+00   -0.75036E-01   -0.39758E-02    0.34009E-02   -0.11781E-01    0.17910E-05    0.34769E-04    0.59747E-01    0.21889E+00   -0.22089E-01   -0.70237E-02    0.45548E-03    0.97762E-03    0.24815E-02    0.37252E-02   -0.51366E-02   -0.56339E-02   -0.67376E-02    0.83299E-02    0.18390E-01    0.85078E-02   -0.55089E-02    0.61647E-02    0.12702E-01    0.17971E-01   -0.39590E-02   -0.41489E-02    0.20430E-02   -0.15497E-01    0.16219E+00    0.46158E+00   -0.12895E-01    0.25250E+00    0.40541E+00    0.86134E-02    0.17262E-01   -0.19353E-03   -0.14354E-02    0.26575E-02    0.24826E-03    0.32830E-04    0.33048E-03    0.69317E-04    0.64799E-03    0.63197E-03    0.26232E-03
    0.98238E-05   -0.19500E-02    0.22979E-03    0.10245E-02   -0.10356E+00   -0.21606E-02   -0.30044E-02    0.34132E+01   -0.16417E+01    0.84260E+01    0.28402E-01   -0.76860E+01   -0.10600E+01   -0.10335E+00    0.57513E-02   -0.13939E+00   -0.11103E-04    0.45810E-03    0.21240E+00    0.15909E+01   -0.17479E+00    0.67039E-01    0.53516E-02    0.10226E+00    0.75132E-01    0.50963E-01   -0.10111E+00    0.12609E+00   -0.19485E+00    0.11001E+00    0.25113E+00    0.25392E+00   -0.62962E-01    0.24333E+00    0.10678E+00    0.20237E+00    0.79339E-01   -0.29922E-01   -0.15202E+00   -0.17202E+00    0.55427E+00    0.59500E+01    0.32255E+00    0.40541E+00    0.17029E+02    0.20371E-02   -0.53206E-01   -0.25671E-01   -0.13836E-01   -0.20685E-02    0.25431E-02    0.26978E-02    0.29219E-02    0.15818E-02    0.16724E-02    0.65856E-02    0.30783E-01
    0.34717E-06    0.11996E-04   -0.14531E-05   -0.97596E-05    0.66069E-03    0.12083E-04   -0.47066E-05    0.46106E-02    0.71449E-02   -0.37750E-01    0.49908E-01    0.46627E-01    0.42479E-01    0.35785E-03    0.38893E-04   -0.73341E-03    0.21976E-06    0.46160E-05    0.54100E-02   -0.41184E-01    0.77913E-04   -0.23679E-02    0.22280E-04    0.57985E-03   -0.79955E-03   -0.21035E-02   -0.42816E-03    0.35100E-05    0.18399E-02   -0.14096E-02    0.14051E-02   -0.39965E-03   -0.20978E-02   -0.15398E-02   -0.96499E-04   -0.84499E-03    0.34404E-04   -0.25342E-04    0.17878E-02    0.27238E-02    0.13969E-01   -0.56077E-03   -0.91913E-01    0.86134E-02    0.20371E-02    0.86944E-02    0.82776E-02   -0.14670E-03   -0.94528E-04    0.37585E-03    0.24913E-04   -0.34261E-05    0.31287E-04   -0.47920E-05   -0.79948E-04    0.60521E-04    0.13743E-03
