# omegabh2 omegach2 theta tau logA ns calPlanck acib217 xi asz143 aps100 aps143 aps143217 aps217 aksz kgal100 kgal143 kgal143217 kgal217 cal0 cal2
    0.7832650E-07   -0.5052382E-06    0.8568953E-07    0.5959266E-05    0.1082945E-04    0.1583949E-05    0.6741222E-08   -0.4151164E-03    0.6998769E-05    0.9104140E-04   -0.1497557E-02   -0.9102840E-03   -0.2579708E-03    0.7460693E-04   -0.1382944E-03   -0.6567684E-05    0.3042086E-05   -0.2451222E-04    0.7475653E-04    0.6892072E-08   -0.3926702E-07
   -0.5052382E-06    0.7056216E-05   -0.8009292E-06   -0.5886638E-04   -0.1007739E-03   -0.1902180E-04   -0.3524441E-07    0.2676555E-02   -0.3843636E-04   -0.6005370E-03    0.9541841E-02    0.5946503E-02    0.1799931E-02   -0.5490192E-03    0.9200891E-03    0.5522175E-04    0.3585564E-04    0.2314436E-03   -0.2837257E-03   -0.5967213E-07    0.3097257E-06
    0.8568953E-07   -0.8009292E-06    0.2783111E-06    0.8466897E-05    0.1522007E-04    0.2525403E-05    0.4450553E-08   -0.4176106E-03    0.7449893E-05    0.8080655E-04   -0.1451930E-02   -0.8346048E-03   -0.2310629E-03    0.9342346E-04   -0.1259033E-03   -0.6990525E-05    0.2425578E-05   -0.3532349E-04    0.4592123E-04    0.6125708E-08   -0.4851930E-07
    0.5959266E-05   -0.5886638E-04    0.8466897E-05    0.1109011E-02    0.2065272E-02    0.1954988E-03   -0.4610563E-05   -0.5093816E-01    0.8216637E-03    0.9811532E-02   -0.1799585E+00   -0.9261775E-01   -0.1832121E-01    0.2314926E-01   -0.1721163E-01   -0.1289740E-02   -0.9755254E-03   -0.5590786E-02    0.4053178E-02    0.4818283E-06   -0.5818474E-05
    0.1082945E-04   -0.1007739E-03    0.1522007E-04    0.2065272E-02    0.3896189E-02    0.3431859E-03    0.3763442E-05   -0.9539709E-01    0.1614689E-02    0.1805210E-01   -0.3300868E+00   -0.1686817E+00   -0.2929509E-01    0.5075133E-01   -0.3311319E-01   -0.2726239E-02   -0.2410709E-02   -0.1105606E-01    0.8949005E-02    0.1098888E-05   -0.1101168E-04
    0.1583949E-05   -0.1902180E-04    0.2525403E-05    0.1954988E-03    0.3431859E-03    0.6484743E-04    0.1560901E-06   -0.1344654E-01    0.2395448E-03    0.2933745E-02   -0.5463439E-01   -0.2428390E-01   -0.2388537E-02    0.8151653E-02   -0.5313085E-02    0.9289047E-04   -0.2240724E-03   -0.1043377E-02    0.1978179E-02   -0.7298964E-07   -0.1356588E-05
    0.6741222E-08   -0.3524441E-07    0.4450553E-08   -0.4610563E-05    0.3763442E-05    0.1560901E-06    0.6473493E-05    0.9946021E-03    0.2682301E-05   -0.4607382E-04    0.3966841E-02    0.7742134E-03    0.3637412E-03    0.1038653E-02   -0.6274758E-04   -0.2637648E-05   -0.5396790E-05   -0.4165746E-05    0.6256102E-03    0.3011250E-08   -0.1958345E-07
   -0.4151164E-03    0.2676555E-02   -0.4176106E-03   -0.5093816E-01   -0.9539709E-01   -0.1344654E-01    0.9946021E-03    0.5146715E+02   -0.5123149E+00   -0.1956416E+01    0.5041014E+02    0.4709107E+01   -0.2003866E+02   -0.6792875E+02    0.1031052E+01   -0.1474558E+00    0.3191375E+00   -0.2962189E+01   -0.2576052E+02   -0.1272846E-03    0.4726396E-02
    0.6998769E-05   -0.3843636E-04    0.7449893E-05    0.8216637E-03    0.1614689E-02    0.2395448E-03    0.2682301E-05   -0.5123149E+00    0.8211611E-01   -0.4623357E-01   -0.6236482E+00    0.8988417E+00    0.1791934E+01    0.7669772E+00    0.3993171E-01   -0.9251311E-02    0.1490533E-02    0.1089546E+00    0.1275550E+00    0.7742470E-05   -0.2223576E-04
    0.9104140E-04   -0.6005370E-03    0.8080655E-04    0.9811532E-02    0.1805210E-01    0.2933745E-02   -0.4607382E-04   -0.1956416E+01   -0.4623357E-01    0.3748379E+01   -0.3074249E+02   -0.4701477E+01    0.7430046E+01    0.6358456E+01   -0.2589504E+01   -0.1645768E+00    0.9206126E-01    0.2358719E+01    0.2051261E+01    0.1904453E-03   -0.3980164E-03
   -0.1497557E-02    0.9541841E-02   -0.1451930E-02   -0.1799585E+00   -0.3300868E+00   -0.5463439E-01    0.3966841E-02    0.5041014E+02   -0.6236482E+00   -0.3074249E+02    0.7559489E+03    0.8371344E+02   -0.5532393E+02   -0.7230972E+02    0.1502708E+02   -0.1148227E+01   -0.1817157E+00   -0.1287725E+02   -0.2122108E+02    0.4851954E-02    0.5121895E-02
   -0.9102840E-03    0.5946503E-02   -0.8346048E-03   -0.9261775E-01   -0.1686817E+00   -0.2428390E-01    0.7742134E-03    0.4709107E+01    0.8988417E+00   -0.4701477E+01    0.8371344E+02    0.6677394E+02    0.4302530E+02    0.1582899E+02   -0.2940564E+01   -0.3348073E+00   -0.1095144E+01    0.3988842E+01    0.3064354E+01    0.1548615E-03    0.6222038E-03
   -0.2579708E-03    0.1799931E-02   -0.2310629E-03   -0.1832121E-01   -0.2929509E-01   -0.2388537E-02    0.3637412E-03   -0.2003866E+02    0.1791934E+01    0.7430046E+01   -0.5532393E+02    0.4302530E+02    0.9274141E+02    0.6450612E+02   -0.1100366E+02   -0.6357410E+00   -0.5184286E+00    0.4735984E+01    0.5912490E+01    0.7505340E-03   -0.2436399E-02
    0.7460693E-04   -0.5490192E-03    0.9342346E-04    0.2314926E-01    0.5075133E-01    0.8151653E-02    0.1038653E-02   -0.6792875E+02    0.7669772E+00    0.6358456E+01   -0.7230972E+02    0.1582899E+02    0.6450612E+02    0.1269320E+03   -0.9895085E+01   -0.1394493E+00   -0.6710697E+00    0.5025277E+00    0.2262761E+02    0.5581682E-03   -0.7907195E-02
   -0.1382944E-03    0.9200891E-03   -0.1259033E-03   -0.1721163E-01   -0.3311319E-01   -0.5313085E-02   -0.6274758E-04    0.1031052E+01    0.3993171E-01   -0.2589504E+01    0.1502708E+02   -0.2940564E+01   -0.1100366E+02   -0.9895085E+01    0.5836544E+01    0.8776092E-01   -0.8599754E-01   -0.1811422E+01   -0.1485305E+01   -0.1306432E-03    0.2409605E-03
   -0.6567684E-05    0.5522175E-04   -0.6990525E-05   -0.1289740E-02   -0.2726239E-02    0.9289047E-04   -0.2637648E-05   -0.1474558E+00   -0.9251311E-02   -0.1645768E+00   -0.1148227E+01   -0.3348073E+00   -0.6357410E+00   -0.1394493E+00    0.8776092E-01    0.3254288E+01    0.7628923E+00    0.3783687E+00    0.6311043E+00    0.4066966E-03   -0.2856121E-05
    0.3042086E-05    0.3585564E-04    0.2425578E-05   -0.9755254E-03   -0.2410709E-02   -0.2240724E-03   -0.5396790E-05    0.3191375E+00    0.1490533E-02    0.9206126E-01   -0.1817157E+00   -0.1095144E+01   -0.5184286E+00   -0.6710697E+00   -0.8599754E-01    0.7628923E+00    0.3107363E+01    0.2458240E+01    0.1462486E+01   -0.4006451E-03   -0.1871433E-03
   -0.2451222E-04    0.2314436E-03   -0.3532349E-04   -0.5590786E-02   -0.1105606E-01   -0.1043377E-02   -0.4165746E-05   -0.2962189E+01    0.1089546E+00    0.2358719E+01   -0.1287725E+02    0.3988842E+01    0.4735984E+01    0.5025277E+00   -0.1811422E+01    0.3783687E+00    0.2458240E+01    0.1804447E+02    0.2738660E+02   -0.7345198E-04    0.2521739E-02
    0.7475653E-04   -0.2837257E-03    0.4592123E-04    0.4053178E-02    0.8949005E-02    0.1978179E-02    0.6256102E-03   -0.2576052E+02    0.1275550E+00    0.2051261E+01   -0.2122108E+02    0.3064354E+01    0.5912490E+01    0.2262761E+02   -0.1485305E+01    0.6311043E+00    0.1462486E+01    0.2738660E+02    0.6224372E+02   -0.7099145E-04    0.4348253E-02
    0.6892072E-08   -0.5967213E-07    0.6125708E-08    0.4818283E-06    0.1098888E-05   -0.7298964E-07    0.3011250E-08   -0.1272846E-03    0.7742470E-05    0.1904453E-03    0.4851954E-02    0.1548615E-03    0.7505340E-03    0.5581682E-03   -0.1306432E-03    0.4066966E-03   -0.4006451E-03   -0.7345198E-04   -0.7099145E-04    0.5484184E-06    0.9151189E-08
   -0.3926702E-07    0.3097257E-06   -0.4851930E-07   -0.5818474E-05   -0.1101168E-04   -0.1356588E-05   -0.1958345E-07    0.4726396E-02   -0.2223576E-04   -0.3980164E-03    0.5121895E-02    0.6222038E-03   -0.2436399E-02   -0.7907195E-02    0.2409605E-03   -0.2856121E-05   -0.1871433E-03    0.2521739E-02    0.4348253E-02    0.9151189E-08    0.2124963E-05
