# omegabh2 omegach2 theta tau logA ns calPlanck acib217 xi asz143 aps100 aps143 aps143217 aps217 aksz kgal100 kgal143 kgal143217 kgal217 cal0 cal2
  4.7213981E-08  -2.2616192E-07   4.5772114E-08   4.3207291E-07   5.0205031E-07   6.1229915E-07   3.1385953E-08  -1.2269632E-04   2.1798293E-06   4.3329192E-05  -7.0310474E-04  -4.9193017E-04  -1.9955971E-04  -8.6134123E-05  -5.2604020E-05   8.5366675E-06   6.2119983E-06  -5.0770291E-06   2.7840818E-05  -7.6575283E-10  -1.9965258E-09
 -2.2616192E-07   4.3073593E-06  -4.3008273E-07  -3.9741592E-06   2.0084617E-06  -9.5040848E-06  -1.7082357E-07   4.1033719E-05  -5.7773344E-06  -7.3154950E-05   1.2337296E-03   1.7310573E-03   1.2157735E-03   1.0492132E-03  -3.2446307E-05  -7.4023325E-05  -7.8739861E-05  -5.8020364E-06   7.6845218E-05  -9.4694435E-09  -1.1112075E-08
  4.5772114E-08  -4.3008273E-07   2.3158209E-07   5.1060425E-07   3.0788938E-07   1.2376875E-06   5.4687901E-08  -1.4349581E-05   1.5707403E-07   1.1449113E-05  -2.9625445E-04  -2.5840583E-04  -1.9230795E-04  -1.6926533E-04   5.9649286E-06   1.5545874E-05   4.6067487E-06   2.5849867E-06   2.1644298E-05   8.1122891E-10   1.3439432E-09
  4.3207291E-07  -3.9741592E-06   5.1060425E-07   6.2861897E-05   1.1586798E-04   1.1156484E-05  -4.5314173E-07  -2.2507973E-03   3.4142141E-05   4.9186201E-04  -1.2050007E-02  -6.1789785E-03  -2.3255740E-03  -3.2692937E-04  -8.8392476E-04  -7.6239470E-05  -3.2792884E-04  -2.9478330E-04   3.6338163E-04  -4.7849303E-08  -3.6750161E-08
  5.0205031E-07   2.0084617E-06   3.0788938E-07   1.1586798E-04   2.6438989E-04  -1.0809880E-06   1.1290597E-05  -4.7898306E-03   9.6468222E-05   8.9397964E-04  -2.0070685E-02  -7.2346771E-03   6.3529653E-04   7.5579215E-03  -2.9109754E-03  -6.6802207E-04  -1.5273512E-03  -1.0468370E-03   2.6133810E-03   6.2188753E-08  -7.9130263E-08
  6.1229915E-07  -9.5040848E-06   1.2376875E-06   1.1156484E-05  -1.0809880E-06   3.1716989E-05   5.0947091E-07  -4.4908535E-03   1.0737337E-04   1.0821119E-03  -2.5517810E-02  -9.7396043E-03  -4.7013188E-04   3.0547793E-03  -2.2407948E-03   5.5850799E-04  -1.2739743E-04  -3.0468254E-04   1.1691981E-03  -9.9928457E-08  -2.2363449E-08
  3.1385953E-08  -1.7082357E-07   5.4687901E-08  -4.5314173E-07   1.1290597E-05   5.0947091E-07   6.2078898E-06   6.8647567E-04  -2.1847745E-06   1.4421453E-05   3.0457398E-03   5.4473016E-04   2.6585050E-04   1.1893641E-03  -8.2378672E-05  -5.8709459E-06  -3.9977734E-05   2.1081526E-05   8.1971983E-04   1.3427364E-08   1.8447088E-08
 -1.2269632E-04   4.1033719E-05  -1.4349581E-05  -2.2507973E-03  -4.7898306E-03  -4.4908535E-03   6.8647567E-04   4.5354686E+01  -3.9566959E-01  -1.0467722E+00   4.0250647E+01   1.9540960E+00  -1.4021455E+01  -5.6324344E+01   1.5202055E-01   2.6042145E-01   6.5361399E-01  -5.9649472E+00  -3.3963735E+01  -1.5222043E-04   7.2164769E-04
  2.1798293E-06  -5.7773344E-06   1.5707403E-07   3.4142141E-05   9.6468222E-05   1.0737337E-04  -2.1847745E-06  -3.9566959E-01   8.0606334E-02  -3.2233581E-02  -7.1121890E-01   8.5571615E-01   1.6432769E+00   6.3703792E-01   3.5301712E-02  -1.2052762E-02   6.1608610E-03   1.1032841E-01   1.5225953E-01   2.0826046E-06  -2.0601654E-06
  4.3329192E-05  -7.3154950E-05   1.1449113E-05   4.9186201E-04   8.9397964E-04   1.0821119E-03   1.4421453E-05  -1.0467722E+00  -3.2233581E-02   3.9091798E+00  -3.0512407E+01  -3.1563063E+00   8.2470267E+00   5.8066994E+00  -2.9006784E+00  -1.9502084E-01   1.6251344E-01   2.6887254E+00   3.4630914E+00   1.0795663E-04  -2.7644239E-05
 -7.0310474E-04   1.2337296E-03  -2.9625445E-04  -1.2050007E-02  -2.0070685E-02  -2.5517810E-02   3.0457398E-03   4.0250647E+01  -7.1121890E-01  -3.0512407E+01   7.8689294E+02   6.8549072E+01  -5.8771188E+01  -6.5150618E+01   1.4772019E+01  -6.5897000E+00   5.7641893E+00  -1.3064936E+01  -2.7792080E+01   3.8253362E-03   5.3176692E-04
 -4.9193017E-04   1.7310573E-03  -2.5840583E-04  -6.1789785E-03  -7.2346771E-03  -9.7396043E-03   5.4473016E-04   1.9540960E+00   8.5571615E-01  -3.1563063E+00   6.8549072E+01   6.3555525E+01   4.1014121E+01   1.6939519E+01  -5.0866140E+00  -5.4940169E-01  -1.6754391E+00   3.5461221E+00   4.8195604E+00   1.3002020E-04   1.5598418E-04
 -1.9955971E-04   1.2157735E-03  -1.9230795E-04  -2.3255740E-03   6.3529653E-04  -4.7013188E-04   2.6585050E-04  -1.4021455E+01   1.6432769E+00   8.2470267E+00  -5.8771188E+01   4.1014121E+01   8.7369885E+01   5.6703878E+01  -1.2906071E+01  -9.8573972E-01  -9.4962998E-01   5.3945964E+00   9.8812521E+00   4.3825430E-04  -3.0004166E-04
 -8.6134123E-05   1.0492132E-03  -1.6926533E-04  -3.2692937E-04   7.5579215E-03   3.0547793E-03   1.1893641E-03  -5.6324344E+01   6.3703792E-01   5.8066994E+00  -6.5150618E+01   1.6939519E+01   5.6703878E+01   1.0750688E+02  -1.0256608E+01  -7.4655915E-01  -1.5033737E+00   5.9932573E+00   3.5145731E+01   4.5619074E-04  -1.3095655E-03
 -5.2604020E-05  -3.2446307E-05   5.9649286E-06  -8.8392476E-04  -2.9109754E-03  -2.2407948E-03  -8.2378672E-05   1.5202055E-01   3.5301712E-02  -2.9006784E+00   1.4772019E+01  -5.0866140E+00  -1.2906071E+01  -1.0256608E+01   6.3105362E+00   8.2094840E-02  -1.7267642E-01  -2.2323472E+00  -2.7171876E+00  -7.7834584E-05  -1.9733849E-05
  8.5366675E-06  -7.4023325E-05   1.5545874E-05  -7.6239470E-05  -6.6802207E-04   5.5850799E-04  -5.8709459E-06   2.6042145E-01  -1.2052762E-02  -1.9502084E-01  -6.5897000E+00  -5.4940169E-01  -9.8573972E-01  -7.4655915E-01   8.2094840E-02   3.3337815E+00   5.1283208E-01   1.2678835E-01   3.8064087E-02   1.7509353E-04   9.8202575E-06
  6.2119983E-06  -7.8739861E-05   4.6067487E-06  -3.2792884E-04  -1.5273512E-03  -1.2739743E-04  -3.9977734E-05   6.5361399E-01   6.1608610E-03   1.6251344E-01   5.7641893E+00  -1.6754391E+00  -9.4962998E-01  -1.5033737E+00  -1.7267642E-01   5.1283208E-01   3.2100655E+00   2.6837367E+00   2.5643786E+00  -1.7531835E-04  -4.0101957E-05
 -5.0770291E-06  -5.8020364E-06   2.5849867E-06  -2.9478330E-04  -1.0468370E-03  -3.0468254E-04   2.1081526E-05  -5.9649472E+00   1.1032841E-01   2.6887254E+00  -1.3064936E+01   3.5461221E+00   5.3945964E+00   5.9932573E+00  -2.2323472E+00   1.2678835E-01   2.6837367E+00   1.0832578E+01   1.9425399E+01  -2.4564891E-05   4.1526795E-04
  2.7840818E-05   7.6845218E-05   2.1644298E-05   3.6338163E-04   2.6133810E-03   1.1691981E-03   8.1971983E-04  -3.3963735E+01   1.5225953E-01   3.4630914E+00  -2.7792080E+01   4.8195604E+00   9.8812521E+00   3.5145731E+01  -2.7171876E+00   3.8064087E-02   2.5643786E+00   1.9425399E+01   5.4194956E+01   5.2246921E-05   9.2978278E-04
 -7.6575283E-10  -9.4694435E-09   8.1122891E-10  -4.7849303E-08   6.2188753E-08  -9.9928457E-08   1.3427364E-08  -1.5222043E-04   2.0826046E-06   1.0795663E-04   3.8253362E-03   1.3002020E-04   4.3825430E-04   4.5619074E-04  -7.7834584E-05   1.7509353E-04  -1.7531835E-04  -2.4564891E-05   5.2246921E-05   3.7768820E-07   2.7005278E-09
 -1.9965258E-09  -1.1112075E-08   1.3439432E-09  -3.6750161E-08  -7.9130263E-08  -2.2363449E-08   1.8447088E-08   7.2164769E-04  -2.0601654E-06  -2.7644239E-05   5.3176692E-04   1.5598418E-04  -3.0004166E-04  -1.3095655E-03  -1.9733849E-05   9.8202575E-06  -4.0101957E-05   4.1526795E-04   9.2978278E-04   2.7005278E-09   3.8701282E-07
