# omegabh2 omegach2 theta tau logA ns aps100 aps143 aps217 acib143 acib217 asz143 psr cibr ncib xi aksz cal0 cal2 calTE calEE bm_1_1
    0.2114870E-07   -0.6771073E-07    0.1106964E-07    0.7595702E-06    0.1397237E-05    0.2252184E-06    0.1903585E-03   -0.2150519E-03    0.8563691E-04   -0.3726946E-04   -0.1183779E-03    0.7711398E-05    0.6489527E-06   -0.2701544E-05   -0.1783556E-05   -0.3080637E-05   -0.3839001E-04   -0.1863334E-08    0.9755038E-08   -0.1096103E-06   -0.2220513E-06    0.1706516E-05
   -0.6771073E-07    0.1183341E-05   -0.7894117E-07   -0.9252551E-05   -0.1555409E-04   -0.2882814E-05    0.2883582E-02    0.6644634E-03   -0.2417252E-03    0.1135910E-03    0.3367776E-03   -0.6432171E-04   -0.7424137E-06    0.8241917E-05    0.7208090E-05    0.1319606E-04    0.2095549E-03   -0.2071999E-07   -0.1397497E-07    0.4750884E-06   -0.1392062E-06    0.4106272E-04
    0.1106964E-07   -0.7894117E-07    0.8266673E-07    0.1079294E-05    0.2061359E-05    0.3610392E-06    0.1243159E-03   -0.6731911E-04    0.1262619E-03   -0.1865614E-04   -0.7926513E-04   -0.8277956E-05    0.4787077E-06   -0.2148714E-05   -0.7033215E-06   -0.6579135E-06   -0.1077576E-04    0.8934164E-08    0.4047756E-08   -0.7212170E-07    0.3834242E-07    0.3080750E-05
    0.7595702E-06   -0.9252551E-05    0.1079294E-05    0.2441621E-03    0.4612948E-03    0.3275212E-04   -0.5831103E-01   -0.9526356E-02    0.6023964E-02   -0.5029369E-02   -0.7025243E-02    0.1082796E-02    0.1161884E-03   -0.2410823E-03   -0.8703339E-04   -0.2837469E-03   -0.2904501E-02    0.6593287E-07    0.2690339E-06   -0.1511406E-04   -0.8603020E-05   -0.7390772E-03
    0.1397237E-05   -0.1555409E-04    0.2061359E-05    0.4612948E-03    0.8821995E-03    0.5724586E-04   -0.1032599E+00   -0.1202527E-01    0.1641084E-01   -0.1221885E-01   -0.1424098E-01    0.1259269E-02    0.2366265E-03   -0.5180829E-03   -0.1262315E-03   -0.5332714E-03   -0.6768619E-02    0.3970640E-06    0.1620590E-05   -0.2655140E-04   -0.1297313E-04   -0.9042240E-03
    0.2252184E-06   -0.2882814E-05    0.3610392E-06    0.3275212E-04    0.5724586E-04    0.1878923E-04   -0.1903899E-01   -0.9477450E-03    0.1043109E-01   -0.3728318E-02   -0.6193938E-02   -0.5702038E-03    0.2763434E-04   -0.1136085E-03   -0.3760079E-04   -0.1592506E-04   -0.2352781E-02   -0.1577777E-06    0.7553983E-06   -0.2104795E-05   -0.3044648E-05    0.1120535E-03
    0.1903585E-03    0.2883582E-02    0.1243159E-03   -0.5831103E-01   -0.1032599E+00   -0.1903899E-01    0.2337252E+04    0.9071708E+02   -0.7943470E+02    0.4349875E+02    0.5931386E+02   -0.5449994E+02   -0.7447296E+00   -0.1514439E+01    0.4099120E+00   -0.1117846E+00   -0.1876016E+02    0.3578724E-02    0.2549901E-02    0.8118011E-02    0.6248192E-02    0.1153689E+02
   -0.2150519E-03    0.6644634E-03   -0.6731911E-04   -0.9526356E-02   -0.1202527E-01   -0.9477450E-03    0.9071708E+02    0.1040268E+03    0.2816853E+02   -0.1431792E+02   -0.1047711E+01   -0.8157937E+01   -0.1599140E+00   -0.1613071E+00    0.1187003E+00    0.1039061E+01   -0.1110141E+02    0.5817885E-03    0.5714319E-03    0.6339683E-02    0.7071832E-02    0.2217565E+00
    0.8563691E-04   -0.2417252E-03    0.1262619E-03    0.6023964E-02    0.1641084E-01    0.1043109E-01   -0.7943470E+02    0.2816853E+02    0.2802456E+03   -0.2119001E+02   -0.1300901E+03   -0.3256829E+00   -0.1591362E-01   -0.1422134E+01   -0.1698014E+01    0.5205240E+00   -0.7501868E+01   -0.7437152E-03   -0.3196816E-02    0.2195106E-02    0.1392320E-02   -0.1452066E+00
   -0.3726946E-04    0.1135910E-03   -0.1865614E-04   -0.5029369E-02   -0.1221885E-01   -0.3728318E-02    0.4349875E+02   -0.1431792E+02   -0.2119001E+02    0.1891727E+02    0.1367492E+02   -0.1266995E+01    0.4252857E-02   -0.2191924E-01    0.1558492E+00    0.1752295E+00   -0.1778376E+01   -0.2463976E-03   -0.1358356E-02   -0.6250842E-03   -0.3725004E-03   -0.3371786E+00
   -0.1183779E-03    0.3367776E-03   -0.7926513E-04   -0.7025243E-02   -0.1424098E-01   -0.6193938E-02    0.5931386E+02   -0.1047711E+01   -0.1300901E+03    0.1367492E+02    0.7213479E+02    0.7155455E+00    0.6926171E-01    0.6346059E+00    0.1053619E+01   -0.2912286E+00   -0.3215125E+01    0.3446546E-03    0.6775707E-03    0.4565357E-03    0.1891873E-02    0.1762805E+00
    0.7711398E-05   -0.6432171E-04   -0.8277956E-05    0.1082796E-02    0.1259269E-02   -0.5702038E-03   -0.5449994E+02   -0.8157937E+01   -0.3256829E+00   -0.1266995E+01    0.7155455E+00    0.6443332E+01    0.6741346E-01    0.2608449E+00    0.7840259E-02   -0.1163748E+00   -0.4191633E+00   -0.1050664E-04   -0.5787652E-03   -0.3365842E-03   -0.6592122E-03    0.1291040E+00
    0.6489527E-06   -0.7424137E-06    0.4787077E-06    0.1161884E-03    0.2366265E-03    0.2763434E-04   -0.7447296E+00   -0.1599140E+00   -0.1591362E-01    0.4252857E-02    0.6926171E-01    0.6741346E-01    0.1311464E-01   -0.7181460E-02    0.4857979E-02    0.5526861E-02   -0.1235647E-01   -0.4631562E-05   -0.2351683E-04   -0.1004152E-04   -0.2353825E-05    0.1447666E-02
   -0.2701544E-05    0.8241917E-05   -0.2148714E-05   -0.2410823E-03   -0.5180829E-03   -0.1136085E-03   -0.1514439E+01   -0.1613071E+00   -0.1422134E+01   -0.2191924E-01    0.6346059E+00    0.2608449E+00   -0.7181460E-02    0.5285257E-01   -0.3238037E-03   -0.8264409E-04   -0.1920619E-01    0.8833509E-05    0.6751600E-04   -0.2027972E-04   -0.2352959E-04    0.5519781E-02
   -0.1783556E-05    0.7208090E-05   -0.7033215E-06   -0.8703339E-04   -0.1262315E-03   -0.3760079E-04    0.4099120E+00    0.1187003E+00   -0.1698014E+01    0.1558492E+00    0.1053619E+01    0.7840259E-02    0.4857979E-02   -0.3238037E-03    0.2518297E-01   -0.2948872E-03   -0.4360241E-01    0.3024294E-05   -0.8238312E-04    0.4934597E-04    0.6488606E-04    0.9218445E-02
   -0.3080637E-05    0.1319606E-04   -0.6579135E-06   -0.2837469E-03   -0.5332714E-03   -0.1592506E-04   -0.1117846E+00    0.1039061E+01    0.5205240E+00    0.1752295E+00   -0.2912286E+00   -0.1163748E+00    0.5526861E-02   -0.8264409E-04   -0.2948872E-03    0.7704924E-01    0.6383538E-01   -0.6801331E-05   -0.4663662E-04    0.9734088E-04    0.5923340E-04   -0.9937931E-02
   -0.3839001E-04    0.2095549E-03   -0.1077576E-04   -0.2904501E-02   -0.6768619E-02   -0.2352781E-02   -0.1876016E+02   -0.1110141E+02   -0.7501868E+01   -0.1778376E+01   -0.3215125E+01   -0.4191633E+00   -0.1235647E-01   -0.1920619E-01   -0.4360241E-01    0.6383538E-01    0.7932571E+01    0.3447219E-04    0.2045569E-03   -0.2793942E-03   -0.6202683E-03   -0.3399130E-01
   -0.1863334E-08   -0.2071999E-07    0.8934164E-08    0.6593287E-07    0.3970640E-06   -0.1577777E-06    0.3578724E-02    0.5817885E-03   -0.7437152E-03   -0.2463976E-03    0.3446546E-03   -0.1050664E-04   -0.4631562E-05    0.8833509E-05    0.3024294E-05   -0.6801331E-05    0.3447219E-04    0.8456769E-06    0.1560699E-06    0.1806780E-06    0.3738896E-06   -0.9324695E-04
    0.9755038E-08   -0.1397497E-07    0.4047756E-08    0.2690339E-06    0.1620590E-05    0.7553983E-06    0.2549901E-02    0.5714319E-03   -0.3196816E-02   -0.1358356E-02    0.6775707E-03   -0.5787652E-03   -0.2351683E-04    0.6751600E-04   -0.8238312E-04   -0.4663662E-04    0.2045569E-03    0.1560699E-06    0.5922294E-05    0.6295435E-06    0.5097917E-06    0.2131426E-03
   -0.1096103E-06    0.4750884E-06   -0.7212170E-07   -0.1511406E-04   -0.2655140E-04   -0.2104795E-05    0.8118011E-02    0.6339683E-02    0.2195106E-02   -0.6250842E-03    0.4565357E-03   -0.3365842E-03   -0.1004152E-04   -0.2027972E-04    0.4934597E-04    0.9734088E-04   -0.2793942E-03    0.1806780E-06    0.6295435E-06    0.2269417E-04    0.7486854E-05    0.3547525E-03
   -0.2220513E-06   -0.1392062E-06    0.3834242E-07   -0.8603020E-05   -0.1297313E-04   -0.3044648E-05    0.6248192E-02    0.7071832E-02    0.1392320E-02   -0.3725004E-03    0.1891873E-02   -0.6592122E-03   -0.2353825E-05   -0.2352959E-04    0.6488606E-04    0.5923340E-04   -0.6202683E-03    0.3738896E-06    0.5097917E-06    0.7486854E-05    0.2124504E-04    0.2664991E-03
    0.1706516E-05    0.4106272E-04    0.3080750E-05   -0.7390772E-03   -0.9042240E-03    0.1120535E-03    0.1153689E+02    0.2217565E+00   -0.1452066E+00   -0.3371786E+00    0.1762805E+00    0.1291040E+00    0.1447666E-02    0.5519781E-02    0.9218445E-02   -0.9937931E-02   -0.3399130E-01   -0.9324695E-04    0.2131426E-03    0.3547525E-03    0.2664991E-03    0.2481566E+00
