# omegabh2 omegach2 theta tau logA ns calPlanck acib217 xi asz143 aps100 aps143 aps143217 aps217 aksz kgal100 kgal143 kgal143217 kgal217 cal0 cal2
    0.5346340E-07   -0.2490741E-06    0.4862426E-07    0.1891013E-05    0.3365133E-05    0.7639517E-06    0.2742793E-07   -0.2160143E-03    0.3913642E-05    0.6137971E-04   -0.9498789E-03   -0.5404858E-03   -0.1265514E-03    0.3610523E-04   -0.9127257E-04   -0.2327134E-05    0.3155782E-05   -0.3149600E-04    0.4451523E-05    0.4997918E-08   -0.2640398E-07
   -0.2490741E-06    0.3728184E-05   -0.3673563E-06   -0.2444978E-04   -0.4076407E-04   -0.9319595E-05   -0.3213252E-06    0.9295611E-03   -0.1952744E-04   -0.2993305E-03    0.4255380E-02    0.2566372E-02    0.6069052E-03   -0.1794277E-03    0.4396824E-03    0.3959703E-04   -0.1735291E-04    0.1760677E-03    0.1841058E-03   -0.2377557E-07    0.1509180E-06
    0.4862426E-07   -0.3673563E-06    0.2142030E-06    0.3578224E-05    0.6635884E-05    0.1228155E-05    0.5578525E-07   -0.1804029E-03    0.3085737E-05    0.4258027E-04   -0.7404378E-03   -0.3493513E-03   -0.2502184E-04    0.1209354E-03   -0.8015653E-04   -0.7350433E-06   -0.1604992E-04   -0.5381045E-04   -0.2205539E-04    0.1033556E-07   -0.2276335E-07
    0.1891013E-05   -0.2444978E-04    0.3578224E-05    0.2787638E-03    0.4941966E-03    0.7128337E-04   -0.1770659E-05   -0.1096946E-01    0.1806124E-03    0.3151069E-02   -0.5258913E-01   -0.2493501E-01   -0.4598109E-02    0.3409152E-02   -0.4363364E-02   -0.9516080E-04    0.2541844E-03   -0.1671709E-02   -0.1196822E-02   -0.8414045E-07   -0.1694439E-05
    0.3365133E-05   -0.4076407E-04    0.6635884E-05    0.4941966E-03    0.9078489E-03    0.1199326E-03    0.7882789E-05   -0.1997105E-01    0.3641227E-03    0.5526053E-02   -0.8872753E-01   -0.4224990E-01   -0.5126063E-02    0.1191617E-01   -0.8504639E-02   -0.1897931E-03    0.1644535E-04   -0.3038840E-02    0.3177528E-03    0.6137872E-07   -0.3008962E-05
    0.7639517E-06   -0.9319595E-05    0.1228155E-05    0.7128337E-04    0.1199326E-03    0.3519386E-04    0.7322539E-06   -0.7402412E-02    0.1549182E-03    0.1977812E-02   -0.3655004E-01   -0.1210031E-01    0.2029883E-02    0.7289891E-02   -0.3804734E-02    0.1545249E-03   -0.1445052E-03   -0.9244701E-03    0.2761899E-03   -0.1553335E-06   -0.8397868E-06
    0.2742793E-07   -0.3213252E-06    0.5578525E-07   -0.1770659E-05    0.7882789E-05    0.7322539E-06    0.6052707E-05    0.7402432E-03    0.2572746E-05   -0.3907014E-04    0.3922722E-02    0.4851219E-03    0.2131863E-03    0.1008583E-02    0.3776938E-04    0.3209894E-04    0.2342292E-04    0.1558049E-03    0.1035712E-02    0.3355274E-08    0.4343109E-07
   -0.2160143E-03    0.9295611E-03   -0.1804029E-03   -0.1096946E-01   -0.1997105E-01   -0.7402412E-02    0.7402432E-03    0.4931230E+02   -0.4601174E+00   -0.1297632E+01    0.4140058E+02    0.1481351E+01   -0.1952012E+02   -0.6594389E+02    0.1561344E-01   -0.2798262E+00    0.3729469E+00   -0.2818587E+01   -0.2518129E+02   -0.1310732E-03    0.4520103E-02
    0.3913642E-05   -0.1952744E-04    0.3085737E-05    0.1806124E-03    0.3641227E-03    0.1549182E-03    0.2572746E-05   -0.4601174E+00    0.8245561E-01   -0.6973671E-01   -0.5099210E+00    0.9321452E+00    0.1731278E+01    0.6913604E+00    0.7539521E-01   -0.7811864E-02    0.4407753E-02    0.8482760E-01    0.8020025E-01    0.5438839E-05   -0.1919255E-04
    0.6137971E-04   -0.2993305E-03    0.4258027E-04    0.3151069E-02    0.5526053E-02    0.1977812E-02   -0.3907014E-04   -0.1297632E+01   -0.6973671E-01    0.3816125E+01   -0.2860899E+02   -0.3642213E+01    0.7828240E+01    0.6410894E+01   -0.2894845E+01   -0.1799935E+00    0.1906261E-01    0.2426588E+01    0.1855808E+01    0.2112026E-03   -0.3573225E-03
   -0.9498789E-03    0.4255380E-02   -0.7404378E-03   -0.5258913E-01   -0.8872753E-01   -0.3655004E-01    0.3922722E-02    0.4140058E+02   -0.5099210E+00   -0.2860899E+02    0.7224384E+03    0.6981865E+02   -0.5526362E+02   -0.6650965E+02    0.1371651E+02   -0.5162806E+00    0.5869568E+00   -0.1225551E+02   -0.1812957E+02    0.4759171E-02    0.4165376E-02
   -0.5404858E-03    0.2566372E-02   -0.3493513E-03   -0.2493501E-01   -0.4224990E-01   -0.1210031E-01    0.4851219E-03    0.1481351E+01    0.9321452E+00   -0.3642213E+01    0.6981865E+02    0.6049628E+02    0.4262746E+02    0.1792398E+02   -0.4728225E+01   -0.3391454E+00   -0.1070458E+01    0.4150576E+01    0.3930163E+01    0.2293681E-03    0.2652540E-03
   -0.1265514E-03    0.6069052E-03   -0.2502184E-04   -0.4598109E-02   -0.5126063E-02    0.2029883E-02    0.2131863E-03   -0.1952012E+02    0.1731278E+01    0.7828240E+01   -0.5526362E+02    0.4262746E+02    0.9242821E+02    0.6493935E+02   -0.1256668E+02   -0.6401226E+00   -0.6536127E+00    0.4579161E+01    0.5172105E+01    0.8091608E-03   -0.2514413E-02
    0.3610523E-04   -0.1794277E-03    0.1209354E-03    0.3409152E-02    0.1191617E-01    0.7289891E-02    0.1008583E-02   -0.6594389E+02    0.6913604E+00    0.6410894E+01   -0.6650965E+02    0.1792398E+02    0.6493935E+02    0.1259540E+03   -0.1047718E+02   -0.6328822E-01   -0.7556268E+00    0.6950977E+00    0.2207609E+02    0.5793797E-03   -0.7728881E-02
   -0.9127257E-04    0.4396824E-03   -0.8015653E-04   -0.4363364E-02   -0.8504639E-02   -0.3804734E-02    0.3776938E-04    0.1561344E-01    0.7539521E-01   -0.2894845E+01    0.1371651E+02   -0.4728225E+01   -0.1256668E+02   -0.1047718E+02    0.6570926E+01    0.5527800E-01   -0.6098203E-01   -0.2108619E+01   -0.1355885E+01   -0.1589089E-03    0.1837429E-03
   -0.2327134E-05    0.3959703E-04   -0.7350433E-06   -0.9516080E-04   -0.1897931E-03    0.1545249E-03    0.3209894E-04   -0.2798262E+00   -0.7811864E-02   -0.1799935E+00   -0.5162806E+00   -0.3391454E+00   -0.6401226E+00   -0.6328822E-01    0.5527800E-01    0.3225229E+01    0.7014964E+00    0.3284258E+00    0.7265346E+00    0.4269379E-03   -0.2810286E-05
    0.3155782E-05   -0.1735291E-04   -0.1604992E-04    0.2541844E-03    0.1644535E-04   -0.1445052E-03    0.2342292E-04    0.3729469E+00    0.4407753E-02    0.1906261E-01    0.5869568E+00   -0.1070458E+01   -0.6536127E+00   -0.7556268E+00   -0.6098203E-01    0.7014964E+00    0.3047429E+01    0.2259544E+01    0.1243874E+01   -0.3963050E-03   -0.2049652E-03
   -0.3149600E-04    0.1760677E-03   -0.5381045E-04   -0.1671709E-02   -0.3038840E-02   -0.9244701E-03    0.1558049E-03   -0.2818587E+01    0.8482760E-01    0.2426588E+01   -0.1225551E+02    0.4150576E+01    0.4579161E+01    0.6950977E+00   -0.2108619E+01    0.3284258E+00    0.2259544E+01    0.1774086E+02    0.2712400E+02   -0.2602705E-05    0.2467538E-02
    0.4451523E-05    0.1841058E-03   -0.2205539E-04   -0.1196822E-02    0.3177528E-03    0.2761899E-03    0.1035712E-02   -0.2518129E+02    0.8020025E-01    0.1855808E+01   -0.1812957E+02    0.3930163E+01    0.5172105E+01    0.2207609E+02   -0.1355885E+01    0.7265346E+00    0.1243874E+01    0.2712400E+02    0.6229000E+02    0.3618877E-04    0.4363784E-02
    0.4997918E-08   -0.2377557E-07    0.1033556E-07   -0.8414045E-07    0.6137872E-07   -0.1553335E-06    0.3355274E-08   -0.1310732E-03    0.5438839E-05    0.2112026E-03    0.4759171E-02    0.2293681E-03    0.8091608E-03    0.5793797E-03   -0.1589089E-03    0.4269379E-03   -0.3963050E-03   -0.2602705E-05    0.3618877E-04    0.5503783E-06    0.1658662E-07
   -0.2640398E-07    0.1509180E-06   -0.2276335E-07   -0.1694439E-05   -0.3008962E-05   -0.8397868E-06    0.4343109E-07    0.4520103E-02   -0.1919255E-04   -0.3573225E-03    0.4165376E-02    0.2652540E-03   -0.2514413E-02   -0.7728881E-02    0.1837429E-03   -0.2810286E-05   -0.2049652E-03    0.2467538E-02    0.4363784E-02    0.1658662E-07    0.2087968E-05
