# omegabh2 omegach2 theta tau w ns logA aps100 aps143 aps217 acib143 acib217 asz143 psr cibr ncib cal0 cal2 xi aksz bm_1_1 bm_1_2 bm_1_3 bm_1_4 bm_1_5 bm_2_1 bm_2_2 bm_2_3 bm_2_4 bm_2_5 bm_3_1 bm_3_2 bm_3_3 bm_3_4 bm_3_5 bm_4_1 bm_4_2 bm_4_3 bm_4_4 bm_4_5
    0.11354E-06   -0.73682E-06    0.12540E-06    0.77929E-05    0.44072E-05    0.24141E-05    0.14053E-04   -0.28772E-02   -0.87530E-03   -0.51785E-04   -0.33013E-03   -0.42704E-03    0.11492E-04    0.97671E-06   -0.67108E-05   -0.31119E-05    0.10236E-08   -0.10496E-07    0.77326E-05   -0.12832E-03   -0.14661E-04   -0.69802E-05    0.43487E-05   -0.27835E-06    0.35303E-05   -0.16838E-05    0.12636E-05    0.99192E-05    0.99161E-06   -0.27944E-05    0.40841E-06   -0.52400E-05   -0.11028E-04    0.29302E-05   -0.25334E-05   -0.37056E-05    0.67713E-05   -0.23547E-05   -0.57951E-05    0.36917E-05
   -0.73682E-06    0.10043E-04   -0.11524E-05   -0.75112E-04   -0.11481E-03   -0.27158E-04   -0.12643E-03    0.17807E-01    0.62652E-02    0.13165E-02    0.17462E-02    0.23671E-02    0.46235E-04   -0.63129E-05    0.38086E-04    0.17552E-04   -0.30368E-07    0.10863E-06   -0.54872E-04    0.64034E-03    0.21639E-03    0.83491E-05   -0.47536E-04    0.21651E-04   -0.16682E-04    0.53571E-04   -0.13631E-04   -0.91673E-04   -0.39851E-04    0.15556E-04   -0.25048E-05    0.12749E-04    0.47291E-04   -0.32281E-04   -0.44441E-04    0.65469E-04   -0.62084E-04    0.29157E-04    0.36393E-04   -0.44930E-04
    0.12540E-06   -0.11524E-05    0.44839E-06    0.10520E-04    0.13819E-04    0.37497E-05    0.18658E-04   -0.25683E-02   -0.75465E-03   -0.29516E-03   -0.30438E-03   -0.32449E-03    0.11555E-04    0.92751E-06   -0.40539E-05   -0.23296E-05    0.47038E-08   -0.60504E-08    0.93986E-05   -0.92292E-04   -0.18245E-04    0.65444E-07    0.10872E-04   -0.23821E-05    0.30515E-05   -0.14989E-04   -0.34767E-06    0.11895E-04    0.69326E-05   -0.38571E-05   -0.24261E-05   -0.58643E-05   -0.21716E-05    0.42799E-05   -0.90537E-06   -0.15896E-04    0.49739E-05   -0.35199E-05   -0.10400E-04    0.37984E-05
    0.77929E-05   -0.75112E-04    0.10520E-04    0.15391E-02    0.13539E-02    0.26859E-03    0.29018E-02   -0.33705E+00   -0.64124E-01    0.22506E-01   -0.39615E-01   -0.48200E-01   -0.15488E-02    0.19009E-03   -0.12520E-02   -0.14245E-03    0.21766E-08   -0.15133E-05    0.54229E-03   -0.16901E-01   -0.90145E-03   -0.23413E-03    0.11238E-02   -0.72922E-03    0.57869E-03    0.76167E-03    0.25827E-03    0.70566E-03   -0.17792E-03   -0.65084E-03   -0.11145E-03   -0.16426E-03   -0.66953E-03   -0.26885E-03    0.52024E-03    0.22087E-03    0.10039E-02   -0.29562E-03   -0.24582E-03    0.37913E-04
    0.44072E-05   -0.11481E-03    0.13819E-04    0.13539E-02    0.92923E-01    0.33874E-03    0.23682E-02    0.27856E+00   -0.13729E+00   -0.13189E+00    0.35001E-01    0.30200E-01    0.87510E-02    0.52303E-04    0.57838E-03    0.10665E-03   -0.16358E-06   -0.73020E-05   -0.14015E-02    0.43693E-02   -0.32155E-02    0.31974E-02    0.60823E-02   -0.79034E-03   -0.30548E-02   -0.40140E-02   -0.25561E-02    0.15629E-02    0.39030E-03    0.45201E-02   -0.29693E-02    0.75717E-02   -0.24332E-02   -0.15889E-02    0.33693E-02   -0.47017E-02   -0.14009E-02   -0.12805E-02   -0.15733E-02    0.84964E-03
    0.24141E-05   -0.27158E-04    0.37497E-05    0.26859E-03    0.33874E-03    0.98441E-04    0.47312E-03   -0.12777E+00   -0.15693E-01    0.12543E-01   -0.14521E-01   -0.16590E-01   -0.61556E-03    0.71516E-04   -0.36470E-03   -0.57996E-04    0.17511E-07   -0.26459E-06    0.24788E-03   -0.53677E-02   -0.43135E-03   -0.27085E-04    0.50789E-04   -0.70280E-04    0.12231E-03    0.14061E-03    0.23123E-03    0.32207E-03    0.14933E-03   -0.20558E-03    0.73597E-04   -0.23408E-03   -0.21218E-03   -0.74573E-04   -0.56353E-04    0.30191E-04    0.34712E-03    0.25971E-04   -0.44355E-04    0.14929E-03
    0.14053E-04   -0.12643E-03    0.18658E-04    0.29018E-02    0.23682E-02    0.47312E-03    0.55147E-02   -0.65630E+00   -0.10662E+00    0.57633E-01   -0.79857E-01   -0.94862E-01   -0.40749E-02    0.39430E-03   -0.25773E-02   -0.22170E-03    0.21389E-07   -0.25286E-05    0.10122E-02   -0.33873E-01   -0.63437E-03   -0.26356E-03    0.20947E-02   -0.14118E-02    0.11275E-02    0.19092E-02    0.60146E-03    0.11841E-02   -0.42190E-03   -0.13659E-02   -0.17767E-03   -0.28667E-03   -0.12965E-02   -0.66543E-03    0.76465E-03    0.79770E-03    0.20053E-02   -0.46197E-03   -0.33073E-03   -0.13651E-04
   -0.28772E-02    0.17807E-01   -0.25683E-02   -0.33705E+00    0.27856E+00   -0.12777E+00   -0.65630E+00    0.27446E+04    0.66491E+02   -0.16350E+03    0.12335E+03    0.11547E+03   -0.71061E+02   -0.10776E+01    0.65204E-01    0.14469E+01    0.32936E-03   -0.16663E-02   -0.66449E+00   -0.12344E+02    0.10603E+02   -0.10160E+02    0.90339E+00    0.13559E+01   -0.11873E+01   -0.62941E-01   -0.60098E+01   -0.21353E+00    0.49113E+00   -0.38974E+00    0.11464E+01    0.66306E+00   -0.77469E-01   -0.38793E+00   -0.33917E+01    0.12418E+01   -0.12430E+01   -0.31972E+01   -0.10036E+01    0.34907E+01
   -0.87530E-03    0.62652E-02   -0.75465E-03   -0.64124E-01   -0.13729E+00   -0.15693E-01   -0.10662E+00    0.66491E+02    0.18160E+03    0.52799E+02   -0.31033E+02   -0.85013E+01   -0.87143E+01   -0.26993E+00   -0.11184E+00   -0.13655E+00    0.10904E-03    0.30718E-02    0.10985E+01   -0.11510E+02    0.11707E+01    0.35317E+00    0.39771E+00    0.14664E+00    0.71848E-01   -0.17446E+01   -0.64135E+00    0.89208E-02   -0.45170E-01   -0.17594E+00    0.13156E+01    0.21831E+00    0.52674E+00   -0.27517E+00   -0.46323E-01   -0.38764E+00   -0.39031E+00   -0.11816E+00    0.41479E+00    0.16382E+00
   -0.51785E-04    0.13165E-02   -0.29516E-03    0.22506E-01   -0.13189E+00    0.12543E-01    0.57633E-01   -0.16350E+03    0.52799E+02    0.20341E+03   -0.32129E+02   -0.70233E+02    0.40481E+01   -0.30540E-01   -0.87326E+00   -0.10084E+01    0.18290E-03   -0.42584E-02    0.37145E+00   -0.10936E+02    0.15191E+01    0.99444E+00   -0.99470E-01   -0.12338E+00    0.27856E+00    0.87135E+00    0.68922E+00   -0.10283E+00   -0.16907E+00    0.19554E+00   -0.10635E+01    0.58237E+00   -0.29491E+00    0.32939E+00   -0.17165E+00   -0.10053E+00    0.29171E+00    0.39180E+00    0.32696E+00   -0.28894E+00
   -0.33013E-03    0.17462E-02   -0.30438E-03   -0.39615E-01    0.35001E-01   -0.14521E-01   -0.79857E-01    0.12335E+03   -0.31033E+02   -0.32129E+02    0.25915E+02    0.17924E+02   -0.22993E+01    0.17874E-01    0.15396E+00    0.22960E+00   -0.11389E-03   -0.11029E-02   -0.12881E-01   -0.47278E+00   -0.86772E+00   -0.55476E+00   -0.69238E-01    0.77500E-01   -0.51874E-01    0.85795E+00   -0.61086E-02   -0.51363E-01    0.97042E-01    0.10631E+00   -0.44911E+00   -0.48428E-01   -0.57995E-01    0.77188E-01    0.96555E-01    0.35780E+00    0.11172E+00   -0.10321E+00   -0.20539E+00    0.13603E+00
   -0.42704E-03    0.23671E-02   -0.32449E-03   -0.48200E-01    0.30200E-01   -0.16590E-01   -0.94862E-01    0.11547E+03   -0.85013E+01   -0.70233E+02    0.17924E+02    0.33962E+02   -0.23290E+01    0.57305E-01    0.37675E+00    0.51691E+00   -0.82252E-04    0.17367E-02   -0.20869E+00   -0.62488E+00   -0.60897E+00   -0.52500E+00    0.44822E-01    0.83636E-01   -0.11857E+00   -0.30547E+00   -0.24835E+00    0.67073E-01    0.20145E+00   -0.14225E+00    0.41438E+00   -0.39565E+00    0.15552E+00   -0.28224E+00   -0.50140E-01    0.47131E-01   -0.93932E-01   -0.14412E+00   -0.10765E+00    0.27065E+00
    0.11492E-04    0.46235E-04    0.11555E-04   -0.15488E-02    0.87510E-02   -0.61556E-03   -0.40749E-02   -0.71061E+02   -0.87143E+01    0.40481E+01   -0.22993E+01   -0.23290E+01    0.76235E+01    0.51912E-01    0.25118E+00   -0.13335E+00    0.31499E-04   -0.13603E-03   -0.39909E-01    0.13214E+00    0.16905E+00    0.13615E+00    0.21064E-01   -0.66395E-01    0.52324E-03   -0.74661E-01    0.55787E-01   -0.86447E-01   -0.98836E-01    0.49315E-01   -0.10294E+00    0.61828E-01   -0.32446E-01    0.14313E-01    0.71092E-01   -0.94719E-01   -0.97747E-01    0.26634E-01    0.14905E-01   -0.79965E-01
    0.97671E-06   -0.63129E-05    0.92751E-06    0.19009E-03    0.52303E-04    0.71516E-04    0.39430E-03   -0.10776E+01   -0.26993E+00   -0.30540E-01    0.17874E-01    0.57305E-01    0.51912E-01    0.76864E-02   -0.59567E-02    0.71385E-02    0.14855E-05   -0.25335E-04    0.42756E-02   -0.15310E-01    0.76966E-02    0.57263E-02   -0.74546E-03   -0.16233E-02   -0.68853E-03    0.63162E-02    0.10139E-03   -0.52697E-03   -0.18527E-02   -0.16642E-02   -0.98888E-02   -0.19669E-02   -0.17926E-02   -0.29114E-02   -0.15621E-02   -0.15644E-02    0.88697E-04   -0.43644E-02   -0.46640E-02   -0.24675E-02
   -0.67108E-05    0.38086E-04   -0.40539E-05   -0.12520E-02    0.57838E-03   -0.36470E-03   -0.25773E-02    0.65204E-01   -0.11184E+00   -0.87326E+00    0.15396E+00    0.37675E+00    0.25118E+00   -0.59567E-02    0.50262E-01   -0.11985E-01   -0.12892E-05    0.96028E-04    0.23666E-02   -0.19823E-01   -0.23818E-01   -0.46787E-02   -0.37163E-02   -0.32279E-03   -0.40670E-03   -0.34754E-01    0.23825E-02    0.84832E-02    0.45799E-02    0.36140E-02    0.32077E-01    0.16390E-04    0.29258E-02   -0.34407E-02   -0.14990E-02   -0.67529E-02   -0.97893E-03    0.82588E-02    0.80746E-02    0.38477E-02
   -0.31119E-05    0.17552E-04   -0.23296E-05   -0.14245E-03    0.10665E-03   -0.57996E-04   -0.22170E-03    0.14469E+01   -0.13655E+00   -0.10084E+01    0.22960E+00    0.51691E+00   -0.13335E+00    0.71385E-02   -0.11985E-01    0.20617E-01   -0.82189E-07   -0.16880E-04   -0.19645E-02   -0.91899E-02    0.58272E-02   -0.87462E-02   -0.42480E-03   -0.43364E-03   -0.32077E-02    0.74514E-02    0.96131E-03   -0.30934E-02    0.87993E-02   -0.10737E-01   -0.11210E-01   -0.18627E-01    0.32548E-03   -0.13914E-01   -0.83032E-02   -0.23482E-02   -0.61809E-03   -0.27173E-02    0.71258E-03    0.11912E-01
    0.10236E-08   -0.30368E-07    0.47038E-08    0.21766E-08   -0.16358E-06    0.17511E-07    0.21389E-07    0.32936E-03    0.10904E-03    0.18290E-03   -0.11389E-03   -0.82252E-04    0.31499E-04    0.14855E-05   -0.12892E-05   -0.82189E-07    0.15557E-06   -0.64557E-09    0.25440E-05    0.16519E-04   -0.22190E-04   -0.51469E-05   -0.22175E-05   -0.95211E-05   -0.62860E-06    0.21307E-05    0.10527E-05    0.29778E-05    0.26196E-05   -0.15808E-05    0.66004E-06    0.16555E-05    0.10369E-05    0.41406E-07   -0.33020E-06    0.67228E-06    0.46465E-05   -0.15630E-05   -0.26688E-07    0.13191E-05
   -0.10496E-07    0.10863E-06   -0.60504E-08   -0.15133E-05   -0.73020E-05   -0.26459E-06   -0.25286E-05   -0.16663E-02    0.30718E-02   -0.42584E-02   -0.11029E-02    0.17367E-02   -0.13603E-03   -0.25335E-04    0.96028E-04   -0.16880E-04   -0.64557E-09    0.16692E-05   -0.36799E-05   -0.23922E-04    0.53750E-04    0.30804E-04   -0.21286E-04   -0.21847E-04   -0.11433E-04    0.19130E-03    0.36903E-04    0.27280E-04    0.26410E-04    0.25009E-05   -0.18737E-03   -0.43550E-04   -0.32311E-04   -0.11824E-04   -0.33338E-04    0.70288E-05    0.49663E-04   -0.49167E-05   -0.31233E-04    0.25971E-04
    0.77326E-05   -0.54872E-04    0.93986E-05    0.54229E-03   -0.14015E-02    0.24788E-03    0.10122E-02   -0.66449E+00    0.10985E+01    0.37145E+00   -0.12881E-01   -0.20869E+00   -0.39909E-01    0.42756E-02    0.23666E-02   -0.19645E-02    0.25440E-05   -0.36799E-05    0.84309E-01    0.56409E-02    0.69021E-03    0.38399E-02   -0.76325E-02    0.99438E-03    0.18092E-02   -0.44172E-02    0.32873E-02   -0.32785E-03    0.44225E-02   -0.16298E-02    0.30535E-02   -0.10064E-02    0.18689E-02   -0.56057E-02   -0.31178E-02   -0.23314E-02    0.17198E-02    0.11800E-02    0.62384E-02    0.25079E-02
   -0.12832E-03    0.64034E-03   -0.92292E-04   -0.16901E-01    0.43693E-02   -0.53677E-02   -0.33873E-01   -0.12344E+02   -0.11510E+02   -0.10936E+02   -0.47278E+00   -0.62488E+00    0.13214E+00   -0.15310E-01   -0.19823E-01   -0.91899E-02    0.16519E-04   -0.23922E-04    0.56409E-02    0.79661E+01    0.27419E-01    0.45105E-01   -0.34235E-01   -0.26869E-01   -0.23882E-01    0.16765E-01   -0.18088E-01   -0.84652E-01   -0.42194E-01    0.20522E-01   -0.60201E-01    0.24652E-01   -0.93354E-02    0.41455E-01    0.39570E-01   -0.22452E-02   -0.59801E-01   -0.98837E-02    0.62190E-02   -0.64532E-01
   -0.14661E-04    0.21639E-03   -0.18245E-04   -0.90145E-03   -0.32155E-02   -0.43135E-03   -0.63437E-03    0.10603E+02    0.11707E+01    0.15191E+01   -0.86772E+00   -0.60897E+00    0.16905E+00    0.76966E-02   -0.23818E-01    0.58272E-02   -0.22190E-04    0.53750E-04    0.69021E-03    0.27419E-01    0.68815E+00   -0.11584E+00    0.14268E-01   -0.17160E-02   -0.14772E-01    0.17483E+00   -0.55784E-01   -0.47647E-01   -0.22280E-01   -0.59416E-01    0.17639E-01    0.34496E-01   -0.40707E-01   -0.41249E-01   -0.12101E+00    0.15056E+00    0.27591E-01   -0.26174E-01    0.30415E-01    0.57992E-01
   -0.69802E-05    0.83491E-05    0.65444E-07   -0.23413E-03    0.31974E-02   -0.27085E-04   -0.26356E-03   -0.10160E+02    0.35317E+00    0.99444E+00   -0.55476E+00   -0.52500E+00    0.13615E+00    0.57263E-02   -0.46787E-02   -0.87462E-02   -0.51469E-05    0.30804E-04    0.38399E-02    0.45105E-01   -0.11584E+00    0.90911E+00    0.31058E-02   -0.66889E-02    0.10845E-01   -0.15019E+00    0.18392E+00    0.54494E-01   -0.17054E-01    0.39928E-01   -0.13108E+00    0.52187E-02    0.29475E-01    0.81666E-02    0.15544E+00   -0.22758E+00    0.26463E-01    0.10449E+00    0.49699E-02   -0.20768E+00
    0.43487E-05   -0.47536E-04    0.10872E-04    0.11238E-02    0.60823E-02    0.50789E-04    0.20947E-02    0.90339E+00    0.39771E+00   -0.99470E-01   -0.69238E-01    0.44822E-01    0.21064E-01   -0.74546E-03   -0.37163E-02   -0.42480E-03   -0.22175E-05   -0.21286E-04   -0.76325E-02   -0.34235E-01    0.14268E-01    0.31058E-02    0.10193E+01   -0.10695E-01    0.83042E-02   -0.43261E-01   -0.40215E-01    0.16131E+00   -0.28345E-01    0.76821E-01   -0.58588E-02    0.39702E-01   -0.24346E-01    0.70845E-03    0.12221E+00   -0.49409E-01    0.23058E-01    0.53739E-02   -0.19127E+00    0.71938E-01
   -0.27835E-06    0.21651E-04   -0.23821E-05   -0.72922E-03   -0.79034E-03   -0.70280E-04   -0.14118E-02    0.13559E+01    0.14664E+00   -0.12338E+00    0.77500E-01    0.83636E-01   -0.66395E-01   -0.16233E-02   -0.32279E-03   -0.43364E-03   -0.95211E-05   -0.21847E-04    0.99438E-03   -0.26869E-01   -0.17160E-02   -0.66889E-02   -0.10695E-01    0.10151E+01    0.23228E-02    0.55190E-01   -0.96098E-01    0.89045E-01   -0.93531E-01    0.49987E-01    0.84752E-01    0.11007E+00    0.51607E-01    0.15091E+00   -0.10481E+00    0.92314E-01    0.53694E-01   -0.68116E-02   -0.12319E+00    0.49957E-01
    0.35303E-05   -0.16682E-04    0.30515E-05    0.57869E-03   -0.30548E-02    0.12231E-03    0.11275E-02   -0.11873E+01    0.71848E-01    0.27856E+00   -0.51874E-01   -0.11857E+00    0.52324E-03   -0.68853E-03   -0.40670E-03   -0.32077E-02   -0.62860E-06   -0.11433E-04    0.18092E-02   -0.23882E-01   -0.14772E-01    0.10845E-01    0.83042E-02    0.23228E-02    0.99495E+00    0.21414E-01    0.46010E-01   -0.52164E-01    0.51792E-01    0.88839E-01    0.80553E-01   -0.74789E-01   -0.74453E-01    0.54692E-01    0.59646E-01    0.97714E-01   -0.89979E-01    0.93633E-01   -0.15801E-01   -0.24854E-02
   -0.16838E-05    0.53571E-04   -0.14989E-04    0.76167E-03   -0.40140E-02    0.14061E-03    0.19092E-02   -0.62941E-01   -0.17446E+01    0.87135E+00    0.85795E+00   -0.30547E+00   -0.74661E-01    0.63162E-02   -0.34754E-01    0.74514E-02    0.21307E-05    0.19130E-03   -0.44172E-02    0.16765E-01    0.17483E+00   -0.15019E+00   -0.43261E-01    0.55190E-01    0.21414E-01    0.85541E+00   -0.18805E-01   -0.18770E-01   -0.30795E-01   -0.90436E-02    0.19685E-01    0.12779E+00   -0.98223E-01    0.26647E-01   -0.56838E-01    0.64825E+00    0.23424E+00   -0.62237E-01   -0.50437E-01    0.64114E-01
    0.12636E-05   -0.13631E-04   -0.34767E-06    0.25827E-03   -0.25561E-02    0.23123E-03    0.60146E-03   -0.60098E+01   -0.64135E+00    0.68922E+00   -0.61086E-02   -0.24835E+00    0.55787E-01    0.10139E-03    0.23825E-02    0.96131E-03    0.10527E-05    0.36903E-04    0.32873E-02   -0.18088E-01   -0.55784E-01    0.18392E+00   -0.40215E-01   -0.96098E-01    0.46010E-01   -0.18805E-01    0.96812E+00    0.88796E-02    0.66469E-02    0.36858E-02    0.36751E-01   -0.27508E-01   -0.53682E-01   -0.30837E-01    0.12642E+00   -0.87204E-01    0.23500E+00    0.76031E+00    0.27669E+00   -0.17568E+00
    0.99192E-05   -0.91673E-04    0.11895E-04    0.70566E-03    0.15629E-02    0.32207E-03    0.11841E-02   -0.21353E+00    0.89208E-02   -0.10283E+00   -0.51363E-01    0.67073E-01   -0.86447E-01   -0.52697E-03    0.84832E-02   -0.30934E-02    0.29778E-05    0.27280E-04   -0.32785E-03   -0.84652E-01   -0.47647E-01    0.54494E-01    0.16131E+00    0.89045E-01   -0.52164E-01   -0.18770E-01    0.88796E-02    0.99096E+00   -0.33261E-02   -0.22003E-01    0.97224E-01   -0.57348E-01    0.14146E+00    0.15248E+00   -0.14593E+00   -0.19762E+00    0.63945E+00    0.14614E+00   -0.59845E+00    0.17333E+00
    0.99161E-06   -0.39851E-04    0.69326E-05   -0.17792E-03    0.39030E-03    0.14933E-03   -0.42190E-03    0.49113E+00   -0.45170E-01   -0.16907E+00    0.97042E-01    0.20145E+00   -0.98836E-01   -0.18527E-02    0.45799E-02    0.87993E-02    0.26196E-05    0.26410E-04    0.44225E-02   -0.42194E-01   -0.22280E-01   -0.17054E-01   -0.28345E-01   -0.93531E-01    0.51792E-01   -0.30795E-01    0.66469E-02   -0.33261E-02    0.95455E+00   -0.11883E-01   -0.18802E-02   -0.92293E-01   -0.13633E+00   -0.44070E-01   -0.10039E+00   -0.75398E-01    0.73475E-01   -0.45239E-01    0.30288E+00    0.64206E+00
   -0.27944E-05    0.15556E-04   -0.38571E-05   -0.65084E-03    0.45201E-02   -0.20558E-03   -0.13659E-02   -0.38974E+00   -0.17594E+00    0.19554E+00    0.10631E+00   -0.14225E+00    0.49315E-01   -0.16642E-02    0.36140E-02   -0.10737E-01   -0.15808E-05    0.25009E-05   -0.16298E-02    0.20522E-01   -0.59416E-01    0.39928E-01    0.76821E-01    0.49987E-01    0.88839E-01   -0.90436E-02    0.36858E-02   -0.22003E-01   -0.11883E-01    0.10050E+01   -0.65257E-01    0.89976E-01    0.21439E-01    0.16828E+00    0.30722E-01    0.12238E+00   -0.57581E+00    0.39100E+00   -0.33856E+00    0.20997E+00
    0.40841E-06   -0.25048E-05   -0.24261E-05   -0.11145E-03   -0.29693E-02    0.73597E-04   -0.17767E-03    0.11464E+01    0.13156E+01   -0.10635E+01   -0.44911E+00    0.41438E+00   -0.10294E+00   -0.98888E-02    0.32077E-01   -0.11210E-01    0.66004E-06   -0.18737E-03    0.30535E-02   -0.60201E-01    0.17639E-01   -0.13108E+00   -0.58588E-02    0.84752E-01    0.80553E-01    0.19685E-01    0.36751E-01    0.97224E-01   -0.18802E-02   -0.65257E-01    0.90511E+00    0.11468E-02   -0.14097E-01   -0.10835E-01   -0.21482E-01    0.58124E+00    0.18187E+00    0.11724E+00    0.55800E-01   -0.56505E-01
   -0.52400E-05    0.12749E-04   -0.58643E-05   -0.16426E-03    0.75717E-02   -0.23408E-03   -0.28667E-03    0.66306E+00    0.21831E+00    0.58237E+00   -0.48428E-01   -0.39565E+00    0.61828E-01   -0.19669E-02    0.16390E-04   -0.18627E-01    0.16555E-05   -0.43550E-04   -0.10064E-02    0.24652E-01    0.34496E-01    0.52187E-02    0.39702E-01    0.11007E+00   -0.74789E-01    0.12779E+00   -0.27508E-01   -0.57348E-01   -0.92293E-01    0.89976E-01    0.11468E-02    0.99308E+00   -0.97025E-02    0.49624E-02   -0.42853E-02    0.10607E+00    0.15085E+00   -0.23683E-01    0.14663E+00    0.15773E+00
   -0.11028E-04    0.47291E-04   -0.21716E-05   -0.66953E-03   -0.24332E-02   -0.21218E-03   -0.12965E-02   -0.77469E-01    0.52674E+00   -0.29491E+00   -0.57995E-01    0.15552E+00   -0.32446E-01   -0.17926E-02    0.29258E-02    0.32548E-03    0.10369E-05   -0.32311E-04    0.18689E-02   -0.93354E-02   -0.40707E-01    0.29475E-01   -0.24346E-01    0.51607E-01   -0.74453E-01   -0.98223E-01   -0.53682E-01    0.14146E+00   -0.13633E+00    0.21439E-01   -0.14097E-01   -0.97025E-02    0.10034E+01    0.46930E-02    0.20397E-02   -0.12433E+00    0.53818E-01    0.16313E+00    0.34380E-01   -0.73927E-01
    0.29302E-05   -0.32281E-04    0.42799E-05   -0.26885E-03   -0.15889E-02   -0.74573E-04   -0.66543E-03   -0.38793E+00   -0.27517E+00    0.32939E+00    0.77188E-01   -0.28224E+00    0.14313E-01   -0.29114E-02   -0.34407E-02   -0.13914E-01    0.41406E-07   -0.11824E-04   -0.56057E-02    0.41455E-01   -0.41249E-01    0.81666E-02    0.70845E-03    0.15091E+00    0.54692E-01    0.26647E-01   -0.30837E-01    0.15248E+00   -0.44070E-01    0.16828E+00   -0.10835E-01    0.49624E-02    0.46930E-02    0.98244E+00    0.10833E-01    0.26800E-03    0.23630E-01    0.11822E+00   -0.28293E+00    0.11180E+00
   -0.25334E-05   -0.44441E-04   -0.90537E-06    0.52024E-03    0.33693E-02   -0.56353E-04    0.76465E-03   -0.33917E+01   -0.46323E-01   -0.17165E+00    0.96555E-01   -0.50140E-01    0.71092E-01   -0.15621E-02   -0.14990E-02   -0.83032E-02   -0.33020E-06   -0.33338E-04   -0.31178E-02    0.39570E-01   -0.12101E+00    0.15544E+00    0.12221E+00   -0.10481E+00    0.59646E-01   -0.56838E-01    0.12642E+00   -0.14593E+00   -0.10039E+00    0.30722E-01   -0.21482E-01   -0.42853E-02    0.20397E-02    0.10833E-01    0.98056E+00   -0.38312E-01   -0.75272E-01    0.23004E-01    0.15719E+00   -0.10170E+00
   -0.37056E-05    0.65469E-04   -0.15896E-04    0.22087E-03   -0.47017E-02    0.30191E-04    0.79770E-03    0.12418E+01   -0.38764E+00   -0.10053E+00    0.35780E+00    0.47131E-01   -0.94719E-01   -0.15644E-02   -0.67529E-02   -0.23482E-02    0.67228E-06    0.70288E-05   -0.23314E-02   -0.22452E-02    0.15056E+00   -0.22758E+00   -0.49409E-01    0.92314E-01    0.97714E-01    0.64825E+00   -0.87204E-01   -0.19762E+00   -0.75398E-01    0.12238E+00    0.58124E+00    0.10607E+00   -0.12433E+00    0.26800E-03   -0.38312E-01    0.95733E+00   -0.17771E-01   -0.48470E-03    0.68586E-02   -0.11054E-01
    0.67713E-05   -0.62084E-04    0.49739E-05    0.10039E-02   -0.14009E-02    0.34712E-03    0.20053E-02   -0.12430E+01   -0.39031E+00    0.29171E+00    0.11172E+00   -0.93932E-01   -0.97747E-01    0.88697E-04   -0.97893E-03   -0.61809E-03    0.46465E-05    0.49663E-04    0.17198E-02   -0.59801E-01    0.27591E-01    0.26463E-01    0.23058E-01    0.53694E-01   -0.89979E-01    0.23424E+00    0.23500E+00    0.63945E+00    0.73475E-01   -0.57581E+00    0.18187E+00    0.15085E+00    0.53818E-01    0.23630E-01   -0.75272E-01   -0.17771E-01    0.99309E+00   -0.10882E-01    0.65226E-02    0.23228E-03
   -0.23547E-05    0.29157E-04   -0.35199E-05   -0.29562E-03   -0.12805E-02    0.25971E-04   -0.46197E-03   -0.31972E+01   -0.11816E+00    0.39180E+00   -0.10321E+00   -0.14412E+00    0.26634E-01   -0.43644E-02    0.82588E-02   -0.27173E-02   -0.15630E-05   -0.49167E-05    0.11800E-02   -0.98837E-02   -0.26174E-01    0.10449E+00    0.53739E-02   -0.68116E-02    0.93633E-01   -0.62237E-01    0.76031E+00    0.14614E+00   -0.45239E-01    0.39100E+00    0.11724E+00   -0.23683E-01    0.16313E+00    0.11822E+00    0.23004E-01   -0.48470E-03   -0.10882E-01    0.99174E+00   -0.21195E-01    0.58166E-02
   -0.57951E-05    0.36393E-04   -0.10400E-04   -0.24582E-03   -0.15733E-02   -0.44355E-04   -0.33073E-03   -0.10036E+01    0.41479E+00    0.32696E+00   -0.20539E+00   -0.10765E+00    0.14905E-01   -0.46640E-02    0.80746E-02    0.71258E-03   -0.26688E-07   -0.31233E-04    0.62384E-02    0.62190E-02    0.30415E-01    0.49699E-02   -0.19127E+00   -0.12319E+00   -0.15801E-01   -0.50437E-01    0.27669E+00   -0.59845E+00    0.30288E+00   -0.33856E+00    0.55800E-01    0.14663E+00    0.34380E-01   -0.28293E+00    0.15719E+00    0.68586E-02    0.65226E-02   -0.21195E-01    0.96899E+00    0.58839E-02
    0.36917E-05   -0.44930E-04    0.37984E-05    0.37913E-04    0.84964E-03    0.14929E-03   -0.13651E-04    0.34907E+01    0.16382E+00   -0.28894E+00    0.13603E+00    0.27065E+00   -0.79965E-01   -0.24675E-02    0.38477E-02    0.11912E-01    0.13191E-05    0.25971E-04    0.25079E-02   -0.64532E-01    0.57992E-01   -0.20768E+00    0.71938E-01    0.49957E-01   -0.24854E-02    0.64114E-01   -0.17568E+00    0.17333E+00    0.64206E+00    0.20997E+00   -0.56505E-01    0.15773E+00   -0.73927E-01    0.11180E+00   -0.10170E+00   -0.11054E-01    0.23228E-03    0.58166E-02    0.58839E-02    0.94338E+00
