# omegabh2 omegach2 theta tau mnu ns logA asz
    0.19856E-06    0.81283E-07    0.50025E-06    0.14239E-05    0.11220E-04    0.37770E-05    0.50854E-05    0.91315E-05
    0.81283E-07    0.10546E-04    0.17645E-05   -0.58715E-05   -0.34771E-03   -0.49525E-05    0.28646E-04   -0.95131E-04
    0.50025E-06    0.17645E-05    0.46632E-05    0.27523E-05    0.75303E-04    0.94214E-05    0.18901E-04    0.14612E-04
    0.14239E-05   -0.58715E-05    0.27523E-05    0.18803E-03    0.36126E-03    0.50579E-04    0.37303E-03   -0.31366E-03
    0.11220E-04   -0.34771E-03    0.75303E-04    0.36126E-03    0.28185E-01    0.45444E-03   -0.45394E-03    0.50944E-02
    0.37770E-05   -0.49525E-05    0.94214E-05    0.50579E-04    0.45444E-03    0.11591E-03    0.13996E-03   -0.59320E-03
    0.50854E-05    0.28646E-04    0.18901E-04    0.37303E-03   -0.45394E-03    0.13996E-03    0.94339E-03   -0.18425E-02
    0.91315E-05   -0.95131E-04    0.14612E-04   -0.31366E-03    0.50944E-02   -0.59320E-03   -0.18425E-02    0.33237E+00
