# omegabh2 omegach2 theta tau yhe ns logA asz
    0.21859E-06   -0.29125E-06    0.35978E-06    0.19492E-05   -0.55215E-05    0.38013E-05    0.42743E-05   -0.27331E-05
   -0.29125E-06    0.22923E-04    0.10494E-04   -0.11642E-04    0.26723E-03    0.12221E-04    0.10160E-03   -0.90437E-04
    0.35978E-06    0.10494E-04    0.13612E-04    0.10251E-05    0.26431E-03    0.34427E-04    0.89537E-04    0.15858E-05
    0.19492E-05   -0.11642E-04    0.10251E-05    0.20471E-03   -0.78952E-04    0.55213E-04    0.37995E-03    0.48967E-04
   -0.55215E-05    0.26723E-03    0.26431E-03   -0.78952E-04    0.77639E-02    0.67058E-03    0.20098E-02    0.22040E-02
    0.38013E-05    0.12221E-04    0.34427E-04    0.55213E-04    0.67058E-03    0.19014E-03    0.32597E-03   -0.36317E-03
    0.42743E-05    0.10160E-03    0.89537E-04    0.37995E-03    0.20098E-02    0.32597E-03    0.15480E-02   -0.80836E-03
   -0.27331E-05   -0.90437E-04    0.15858E-05    0.48967E-04    0.22040E-02   -0.36317E-03   -0.80836E-03    0.34132E+00
