# omegabh2 omegach2 theta tau mnu nnu logA ns calPlanck acib217 xi asz143 aps100 aps143 aps143217 aps217 aksz kgal100 kgal143 kgal143217 kgal217 galfEE100 galfEE100143 galfEE100217 galfEE143 galfEE143217 galfEE217 galfTE100 galfTE100143 galfTE100217 galfTE143 galfTE143217 galfTE217 cal0 cal2
    0.4252651E-07    0.3022856E-07    0.8608559E-08    0.1263138E-05   -0.9541190E-05    0.1507319E-04    0.2716760E-05    0.1076335E-05    0.9375885E-08   -0.9617600E-04    0.1983019E-05    0.2212551E-04   -0.3976856E-03   -0.2098617E-03   -0.4589572E-04    0.3883373E-04   -0.3390390E-04    0.1774023E-05   -0.1390863E-05   -0.1971501E-04   -0.9459847E-05    0.1573309E-06    0.5885836E-07   -0.1953793E-08    0.6342079E-07   -0.7847199E-08   -0.8857124E-07   -0.3209254E-06   -0.9483072E-07   -0.3766155E-06   -0.3801519E-07   -0.4848284E-06   -0.2214992E-05    0.1862177E-09   -0.1251936E-07
    0.3022856E-07    0.5399230E-05   -0.4994105E-06   -0.2992006E-05    0.3703712E-04    0.2223216E-03    0.5884126E-05    0.2762769E-05   -0.1470056E-06    0.1465498E-02   -0.2094909E-04   -0.4483447E-03    0.6875619E-02    0.3542366E-02    0.7143181E-03   -0.5412078E-03    0.7070255E-03    0.8090792E-04    0.6415067E-04    0.1875259E-03   -0.3503830E-04   -0.9223847E-06   -0.1816694E-06   -0.2153603E-06   -0.1155562E-06   -0.3223078E-07   -0.3016001E-05    0.2778556E-05    0.7291103E-06   -0.6206182E-05    0.1405745E-06    0.2192210E-05    0.1109241E-04   -0.4231039E-07    0.1581706E-06
    0.8608559E-08   -0.4994105E-06    0.1345606E-06    0.4452193E-07   -0.1482626E-04   -0.2052928E-04   -0.8041480E-06   -0.1174759E-06    0.4964900E-07   -0.1334623E-03    0.1737985E-05    0.4153083E-04   -0.6052596E-03   -0.3703370E-03   -0.1138051E-03    0.2330019E-04   -0.6976966E-04   -0.1108034E-04   -0.7579548E-05   -0.2996937E-04   -0.1123023E-04    0.8078049E-07    0.8328310E-08   -0.1576312E-07   -0.7452658E-08   -0.6705514E-07    0.2961739E-06   -0.1400265E-06   -0.1757480E-06    0.6742558E-06   -0.1653272E-06   -0.4661409E-06   -0.1932826E-05    0.2907020E-08   -0.1738181E-07
    0.1263138E-05   -0.2992006E-05    0.4452193E-07    0.3352475E-03    0.5816895E-03    0.5430637E-03    0.6540206E-03    0.5633763E-04   -0.2856490E-05   -0.1091445E-01    0.1923273E-03    0.1729592E-02   -0.3515095E-01   -0.1263349E-01    0.2673191E-02    0.1118217E-01   -0.4204202E-02   -0.6072541E-03   -0.4153364E-03   -0.2271515E-02   -0.1382974E-02    0.4261792E-05    0.2175180E-05   -0.1663147E-05    0.3142900E-05   -0.1253251E-05   -0.1454888E-04   -0.3533923E-04   -0.1324773E-04   -0.2252454E-05   -0.1203108E-04   -0.2242671E-04   -0.7142159E-04   -0.4467977E-07   -0.1484502E-05
   -0.9541190E-05    0.3703712E-04   -0.1482626E-04    0.5816895E-03    0.2350304E-01   -0.8076880E-03    0.1125826E-02   -0.2214470E-03   -0.9520310E-05    0.6747796E-01   -0.1808616E-02   -0.9664277E-02    0.2415351E+00    0.9804873E-01    0.8937735E-02   -0.3892929E-01    0.2240786E-01   -0.2515410E-02    0.4908746E-02    0.1426197E-01    0.3816557E-04   -0.2502947E-04   -0.8119812E-05    0.5820469E-06   -0.6148802E-06    0.6082565E-04   -0.1775307E-04   -0.3914220E-04    0.2315622E-04    0.8572056E-04   -0.1598603E-04    0.1602759E-03    0.6597599E-03   -0.3654522E-06    0.8581889E-05
    0.1507319E-04    0.2223216E-03   -0.2052928E-04    0.5430637E-03   -0.8076880E-03    0.1695172E-01    0.1567029E-02    0.6854235E-03   -0.6859534E-05    0.6083911E-01   -0.5652550E-03   -0.1553885E-01    0.2149490E+00    0.1147662E+00    0.1772413E-01   -0.3738372E-01    0.3140132E-01    0.4929816E-02    0.5507268E-02    0.4701293E-02   -0.1481789E-01    0.4183500E-04    0.2373089E-04   -0.1092800E-04    0.2764199E-04   -0.7270333E-05   -0.1659929E-03    0.3753696E-04    0.2674333E-04   -0.4229495E-03    0.1028603E-04   -0.4260434E-04   -0.2021251E-03   -0.4285292E-05    0.4205799E-05
    0.2716760E-05    0.5884126E-05   -0.8041480E-06    0.6540206E-03    0.1125826E-02    0.1567029E-02    0.1331892E-02    0.1164171E-03    0.6956718E-05   -0.1899725E-01    0.3862320E-03    0.2657168E-02   -0.5127077E-01   -0.1623025E-01    0.1011212E-01    0.2782610E-01   -0.7937526E-02   -0.1275462E-02   -0.1393296E-02   -0.4803505E-02   -0.1456045E-02    0.8353353E-05    0.3771468E-05   -0.4724233E-05    0.6461826E-05   -0.2399656E-05   -0.3441054E-04   -0.6249570E-04   -0.2359781E-04   -0.1629502E-04   -0.2241029E-04   -0.4375119E-04   -0.1158716E-03    0.1439650E-06   -0.2755906E-05
    0.1076335E-05    0.2762769E-05   -0.1174759E-06    0.5633763E-04   -0.2214470E-03    0.6854235E-03    0.1164171E-03    0.5324602E-04   -0.2438878E-06   -0.4123017E-02    0.1196923E-03    0.1019377E-02   -0.2272643E-01   -0.4491822E-02    0.3707430E-02    0.5940688E-02   -0.2072063E-02    0.2670499E-03    0.7313479E-04   -0.4509898E-03   -0.6580409E-04    0.8079598E-05    0.3082458E-05   -0.1740865E-06    0.3255416E-05   -0.1485765E-05   -0.6845756E-05   -0.4175603E-05   -0.1027408E-05   -0.1939960E-04   -0.3827397E-06   -0.9813090E-05   -0.4770921E-04   -0.3287243E-06   -0.4837693E-06
    0.9375885E-08   -0.1470056E-06    0.4964900E-07   -0.2856490E-05   -0.9520310E-05   -0.6859534E-05    0.6956718E-05   -0.2438878E-06    0.6349517E-05    0.8337648E-03   -0.2374248E-05    0.4944970E-04    0.3129613E-02    0.3896825E-03    0.3651683E-03    0.1307157E-02   -0.4813998E-04   -0.5859312E-05   -0.4959929E-04   -0.1348951E-03    0.4787169E-03    0.1522782E-05    0.1443990E-06   -0.2847335E-06    0.4388193E-06    0.3759997E-06    0.1140096E-05    0.1876216E-05    0.1011251E-05    0.1045587E-05    0.8208511E-06   -0.8502573E-06    0.3792919E-05    0.2933364E-07   -0.2466336E-07
   -0.9617600E-04    0.1465498E-02   -0.1334623E-03   -0.1091445E-01    0.6747796E-01    0.6083911E-01   -0.1899725E-01   -0.4123017E-02    0.8337648E-03    0.4984003E+02   -0.4980752E+00   -0.1404618E+01    0.4206523E+02    0.8140819E+00   -0.2095410E+02   -0.6683372E+02    0.3984411E+00   -0.1568440E+00    0.5122813E+00   -0.3299999E+01   -0.2610857E+02   -0.4613954E-03   -0.2744994E-03    0.3879085E-03   -0.4041795E-03    0.5922639E-03   -0.1683621E-02   -0.5022442E-02    0.1544005E-02    0.7458192E-03    0.3381536E-02   -0.3887280E-02    0.2990604E-02   -0.2695032E-03    0.4363008E-02
    0.1983019E-05   -0.2094909E-04    0.1737985E-05    0.1923273E-03   -0.1808616E-02   -0.5652550E-03    0.3862320E-03    0.1196923E-03   -0.2374248E-05   -0.4980752E+00    0.8139694E-01   -0.7998851E-01   -0.4249005E+00    0.9145149E+00    0.1682865E+01    0.7144622E+00    0.8249772E-01   -0.4447021E-02    0.8126308E-02    0.9283166E-01    0.1180046E+00    0.2198096E-04    0.1174054E-04   -0.3026147E-04    0.2491550E-04    0.3329096E-04    0.9963667E-04   -0.1725585E-03   -0.9487300E-04   -0.1124028E-03    0.1653508E-03    0.1560357E-03   -0.4161949E-03    0.6942448E-05   -0.1658538E-04
    0.2212551E-04   -0.4483447E-03    0.4153083E-04    0.1729592E-02   -0.9664277E-02   -0.1553885E-01    0.2657168E-02    0.1019377E-02    0.4944970E-04   -0.1404618E+01   -0.7998851E-01    0.3884933E+01   -0.2948605E+02   -0.3847134E+01    0.7965933E+01    0.6821698E+01   -0.2987335E+01   -0.2262646E+00    0.9030312E-01    0.2471930E+01    0.1994064E+01    0.4282965E-03    0.1098599E-03    0.2801703E-03    0.2415173E-03   -0.2313386E-03   -0.1140370E-03    0.2250515E-04    0.2311469E-03    0.3717163E-02   -0.2178681E-03   -0.3929855E-03   -0.2076112E-02    0.2028261E-03   -0.3417571E-03
   -0.3976856E-03    0.6875619E-02   -0.6052596E-03   -0.3515095E-01    0.2415351E+00    0.2149490E+00   -0.5127077E-01   -0.2272643E-01    0.3129613E-02    0.4206523E+02   -0.4249005E+00   -0.2948605E+02    0.7178038E+03    0.6937529E+02   -0.5836675E+02   -0.6984059E+02    0.1449238E+02    0.1165250E+00   -0.1000922E+00   -0.1342321E+02   -0.2023018E+02   -0.5201469E-02   -0.2199583E-02    0.2440375E-02   -0.3469128E-02    0.2184845E-02    0.5438044E-03    0.4946637E-01    0.5491888E-02   -0.5440441E-01    0.4641647E-02    0.2962761E-02   -0.2138119E-02    0.4231565E-02    0.4027980E-02
   -0.2098617E-03    0.3542366E-02   -0.3703370E-03   -0.1263349E-01    0.9804873E-01    0.1147662E+00   -0.1623025E-01   -0.4491822E-02    0.3896825E-03    0.8140819E+00    0.9145149E+00   -0.3847134E+01    0.6937529E+02    0.5801293E+02    0.4022327E+02    0.1724672E+02   -0.4448213E+01   -0.3495497E+00   -0.9148232E+00    0.3824290E+01    0.3967166E+01   -0.2232661E-02   -0.4930691E-03   -0.3574216E-03   -0.3389590E-03    0.6796047E-03   -0.2055178E-03    0.2577375E-02    0.1915223E-02   -0.1427219E-01    0.2744316E-02    0.6982029E-02    0.7846652E-02    0.1409708E-03    0.2295717E-03
   -0.4589572E-04    0.7143181E-03   -0.1138051E-03    0.2673191E-02    0.8937735E-02    0.1772413E-01    0.1011212E-01    0.3707430E-02    0.3651683E-03   -0.2095410E+02    0.1682865E+01    0.7965933E+01   -0.5836675E+02    0.4022327E+02    0.9134226E+02    0.6637930E+02   -0.1291032E+02   -0.7920476E+00   -0.3260136E+00    0.5078126E+01    0.6803252E+01    0.5765363E-03    0.2153968E-03    0.1197744E-03    0.9586532E-03   -0.1602776E-02   -0.1409349E-02   -0.1359063E-02    0.5137353E-04   -0.2621585E-02    0.4530109E-02    0.7960548E-02   -0.6492127E-02    0.8084340E-03   -0.2395267E-02
    0.3883373E-04   -0.5412078E-03    0.2330019E-04    0.1118217E-01   -0.3892929E-01   -0.3738372E-01    0.2782610E-01    0.5940688E-02    0.1307157E-02   -0.6683372E+02    0.7144622E+00    0.6821698E+01   -0.6984059E+02    0.1724672E+02    0.6637930E+02    0.1269649E+03   -0.1136461E+02   -0.3086674E+00   -0.8761035E+00    0.1482850E+01    0.2390248E+02    0.1362602E-02    0.2365868E-03    0.7059559E-05    0.8864302E-03   -0.2052591E-02   -0.5331648E-04    0.1019113E-01    0.8055877E-03   -0.1616453E-02   -0.3303018E-02    0.8811382E-02    0.2940230E-02    0.7635111E-03   -0.7506021E-02
   -0.3390390E-04    0.7070255E-03   -0.6976966E-04   -0.4204202E-02    0.2240786E-01    0.3140132E-01   -0.7937526E-02   -0.2072063E-02   -0.4813998E-04    0.3984411E+00    0.8249772E-01   -0.2987335E+01    0.1449238E+02   -0.4448213E+01   -0.1291032E+02   -0.1136461E+02    0.6795661E+01    0.1906851E+00   -0.6898455E-01   -0.2107892E+01   -0.1586826E+01   -0.6887723E-03   -0.1445565E-03   -0.1237571E-03   -0.2799152E-03    0.7243280E-03    0.9124878E-03    0.1587606E-02    0.2019647E-03    0.1552457E-02    0.2244174E-03    0.9274746E-03    0.5240131E-02   -0.1620289E-03    0.1918308E-03
    0.1774023E-05    0.8090792E-04   -0.1108034E-04   -0.6072541E-03   -0.2515410E-02    0.4929816E-02   -0.1275462E-02    0.2670499E-03   -0.5859312E-05   -0.1568440E+00   -0.4447021E-02   -0.2262646E+00    0.1165250E+00   -0.3495497E+00   -0.7920476E+00   -0.3086674E+00    0.1906851E+00    0.3222033E+01    0.7827876E+00    0.3475817E+00    0.5916661E+00    0.6716821E-04    0.1414998E-03   -0.6607539E-05    0.3842340E-04   -0.2581563E-03   -0.2349525E-03   -0.5472645E-02   -0.1135331E-02    0.3990433E-03   -0.2367442E-03   -0.1724597E-03    0.1514847E-02    0.4458704E-03   -0.4381829E-05
   -0.1390863E-05    0.6415067E-04   -0.7579548E-05   -0.4153364E-03    0.4908746E-02    0.5507268E-02   -0.1393296E-02    0.7313479E-04   -0.4959929E-04    0.5122813E+00    0.8126308E-02    0.9030312E-01   -0.1000922E+00   -0.9148232E+00   -0.3260136E+00   -0.8761035E+00   -0.6898455E-01    0.7827876E+00    0.3128966E+01    0.2441882E+01    0.1303762E+01    0.4237710E-03    0.7164925E-04   -0.7784987E-05    0.1087803E-03    0.1341367E-03    0.6994259E-03    0.2961686E-02   -0.5125700E-03   -0.4454407E-03   -0.3630378E-03   -0.9965275E-03   -0.5484452E-03   -0.4360478E-03   -0.1998438E-03
   -0.1971501E-04    0.1875259E-03   -0.2996937E-04   -0.2271515E-02    0.1426197E-01    0.4701293E-02   -0.4803505E-02   -0.4509898E-03   -0.1348951E-03   -0.3299999E+01    0.9283166E-01    0.2471930E+01   -0.1342321E+02    0.3824290E+01    0.5078126E+01    0.1482850E+01   -0.2107892E+01    0.3475817E+00    0.2441882E+01    0.1763229E+02    0.2686701E+02    0.1552653E-03    0.7940128E-04   -0.4177186E-03    0.4466134E-05    0.1046905E-02    0.2858198E-02    0.7293601E-02    0.1526563E-02   -0.3721992E-02   -0.7438070E-03   -0.2029287E-02    0.1135377E-02   -0.6570791E-04    0.2386611E-02
   -0.9459847E-05   -0.3503830E-04   -0.1123023E-04   -0.1382974E-02    0.3816557E-04   -0.1481789E-01   -0.1456045E-02   -0.6580409E-04    0.4787169E-03   -0.2610857E+02    0.1180046E+00    0.1994064E+01   -0.2023018E+02    0.3967166E+01    0.6803252E+01    0.2390248E+02   -0.1586826E+01    0.5916661E+00    0.1303762E+01    0.2686701E+02    0.6156879E+02    0.8421583E-04    0.1172705E-03   -0.1046015E-02   -0.1387424E-03    0.1014134E-02    0.6268110E-02    0.1082410E-01    0.1571004E-02   -0.8527967E-02   -0.2487347E-02   -0.2908355E-02    0.2573278E-02    0.3775663E-04    0.4200660E-02
    0.1573309E-06   -0.9223847E-06    0.8078049E-07    0.4261792E-05   -0.2502947E-04    0.4183500E-04    0.8353353E-05    0.8079598E-05    0.1522782E-05   -0.4613954E-03    0.2198096E-04    0.4282965E-03   -0.5201469E-02   -0.2232661E-02    0.5765363E-03    0.1362602E-02   -0.6887723E-03    0.6716821E-04    0.4237710E-03    0.1552653E-03    0.8421583E-04    0.1258358E-03    0.1103370E-04   -0.1950683E-07    0.3107231E-05    0.2414469E-05   -0.5124823E-05   -0.1001467E-04   -0.1698817E-05   -0.1308424E-05   -0.7424063E-06   -0.8054382E-05    0.2412601E-05   -0.1247345E-06   -0.4172849E-07
    0.5885836E-07   -0.1816694E-06    0.8328310E-08    0.2175180E-05   -0.8119812E-05    0.2373089E-04    0.3771468E-05    0.3082458E-05    0.1443990E-06   -0.2744994E-03    0.1174054E-04    0.1098599E-03   -0.2199583E-02   -0.4930691E-03    0.2153968E-03    0.2365868E-03   -0.1445565E-03    0.1414998E-03    0.7164925E-04    0.7940128E-04    0.1172705E-03    0.1103370E-04    0.1417988E-04    0.4754174E-06    0.6395876E-05    0.6212446E-06   -0.7601546E-06   -0.2114779E-05   -0.1379559E-05   -0.2713936E-05    0.1161813E-05   -0.1195455E-05   -0.6721296E-06   -0.1099853E-07   -0.5803161E-07
   -0.1953793E-08   -0.2153603E-06   -0.1576312E-07   -0.1663147E-05    0.5820469E-06   -0.1092800E-04   -0.4724233E-05   -0.1740865E-06   -0.2847335E-06    0.3879085E-03   -0.3026147E-04    0.2801703E-03    0.2440375E-02   -0.3574216E-03    0.1197744E-03    0.7059559E-05   -0.1237571E-03   -0.6607539E-05   -0.7784987E-05   -0.4177186E-03   -0.1046015E-02   -0.1950683E-07    0.4754174E-06    0.2229752E-03   -0.2274453E-06    0.2340725E-06    0.1185311E-04   -0.1077551E-05    0.3896546E-05    0.1569205E-04    0.3846298E-05    0.1574889E-04    0.2598833E-04    0.1019660E-06   -0.8223459E-07
    0.6342079E-07   -0.1155562E-06   -0.7452658E-08    0.3142900E-05   -0.6148802E-06    0.2764199E-04    0.6461826E-05    0.3255416E-05    0.4388193E-06   -0.4041795E-03    0.2491550E-04    0.2415173E-03   -0.3469128E-02   -0.3389590E-03    0.9586532E-03    0.8864302E-03   -0.2799152E-03    0.3842340E-04    0.1087803E-03    0.4466134E-05   -0.1387424E-03    0.3107231E-05    0.6395876E-05   -0.2274453E-06    0.3042925E-04   -0.4272197E-06    0.6523943E-06   -0.1529054E-05   -0.9796152E-06   -0.9693175E-07    0.8042278E-06    0.3315269E-05   -0.5706388E-05   -0.9086004E-07   -0.1609743E-06
   -0.7847199E-08   -0.3223078E-07   -0.6705514E-07   -0.1253251E-05    0.6082565E-04   -0.7270333E-05   -0.2399656E-05   -0.1485765E-05    0.3759997E-06    0.5922639E-03    0.3329096E-04   -0.2313386E-03    0.2184845E-02    0.6796047E-03   -0.1602776E-02   -0.2052591E-02    0.7243280E-03   -0.2581563E-03    0.1341367E-03    0.1046905E-02    0.1014134E-02    0.2414469E-05    0.6212446E-06    0.2340725E-06   -0.4272197E-06    0.3930356E-03    0.1555157E-04   -0.6735406E-05   -0.4572648E-05    0.3161111E-04   -0.1394031E-05    0.9699427E-05    0.2655238E-04   -0.1866468E-06    0.1537632E-06
   -0.8857124E-07   -0.3016001E-05    0.2961739E-06   -0.1454888E-04   -0.1775307E-04   -0.1659929E-03   -0.3441054E-04   -0.6845756E-05    0.1140096E-05   -0.1683621E-02    0.9963667E-04   -0.1140370E-03    0.5438044E-03   -0.2055178E-03   -0.1409349E-02   -0.5331648E-04    0.9124878E-03   -0.2349525E-03    0.6994259E-03    0.2858198E-02    0.6268110E-02   -0.5124823E-05   -0.7601546E-06    0.1185311E-04    0.6523943E-06    0.1555157E-04    0.3509737E-02   -0.3016630E-04   -0.2253563E-04   -0.7817078E-04    0.4912725E-05   -0.3315705E-04   -0.2166578E-04   -0.2181779E-06    0.8869986E-06
   -0.3209254E-06    0.2778556E-05   -0.1400265E-06   -0.3533923E-04   -0.3914220E-04    0.3753696E-04   -0.6249570E-04   -0.4175603E-05    0.1876216E-05   -0.5022442E-02   -0.1725585E-03    0.2250515E-04    0.4946637E-01    0.2577375E-02   -0.1359063E-02    0.1019113E-01    0.1587606E-02   -0.5472645E-02    0.2961686E-02    0.7293601E-02    0.1082410E-01   -0.1001467E-04   -0.2114779E-05   -0.1077551E-05   -0.1529054E-05   -0.6735406E-05   -0.3016630E-04    0.5869410E-02    0.1844969E-02    0.1697554E-02   -0.6940661E-03   -0.9081253E-04   -0.1257049E-03    0.1766524E-05    0.4803377E-06
   -0.9483072E-07    0.7291103E-06   -0.1757480E-06   -0.1324773E-04    0.2315622E-04    0.2674333E-04   -0.2359781E-04   -0.1027408E-05    0.1011251E-05    0.1544005E-02   -0.9487300E-04    0.2311469E-03    0.5491888E-02    0.1915223E-02    0.5137353E-04    0.8055877E-03    0.2019647E-03   -0.1135331E-02   -0.5125700E-03    0.1526563E-02    0.1571004E-02   -0.1698817E-05   -0.1379559E-05    0.3896546E-05   -0.9796152E-06   -0.4572648E-05   -0.2253563E-04    0.1844969E-02    0.1225513E-02    0.7480849E-03    0.2025709E-03    0.1463059E-05   -0.2462872E-03   -0.1471664E-06    0.2150305E-06
   -0.3766155E-06   -0.6206182E-05    0.6742558E-06   -0.2252454E-05    0.8572056E-04   -0.4229495E-03   -0.1629502E-04   -0.1939960E-04    0.1045587E-05    0.7458192E-03   -0.1124028E-03    0.3717163E-02   -0.5440441E-01   -0.1427219E-01   -0.2621585E-02   -0.1616453E-02    0.1552457E-02    0.3990433E-03   -0.4454407E-03   -0.3721992E-02   -0.8527967E-02   -0.1308424E-05   -0.2713936E-05    0.1569205E-04   -0.9693175E-07    0.3161111E-04   -0.7817078E-04    0.1697554E-02    0.7480849E-03    0.3259681E-01   -0.6275045E-03    0.1384365E-02    0.1063239E-01   -0.2604049E-06   -0.5501850E-06
   -0.3801519E-07    0.1405745E-06   -0.1653272E-06   -0.1203108E-04   -0.1598603E-04    0.1028603E-04   -0.2241029E-04   -0.3827397E-06    0.8208511E-06    0.3381536E-02    0.1653508E-03   -0.2178681E-03    0.4641647E-02    0.2744316E-02    0.4530109E-02   -0.3303018E-02    0.2244174E-03   -0.2367442E-03   -0.3630378E-03   -0.7438070E-03   -0.2487347E-02   -0.7424063E-06    0.1161813E-05    0.3846298E-05    0.8042278E-06   -0.1394031E-05    0.4912725E-05   -0.6940661E-03    0.2025709E-03   -0.6275045E-03    0.1392055E-02    0.1560432E-03   -0.4455986E-03   -0.5177695E-07   -0.1684883E-07
   -0.4848284E-06    0.2192210E-05   -0.4661409E-06   -0.2242671E-04    0.1602759E-03   -0.4260434E-04   -0.4375119E-04   -0.9813090E-05   -0.8502573E-06   -0.3887280E-02    0.1560357E-03   -0.3929855E-03    0.2962761E-02    0.6982029E-02    0.7960548E-02    0.8811382E-02    0.9274746E-03   -0.1724597E-03   -0.9965275E-03   -0.2029287E-02   -0.2908355E-02   -0.8054382E-05   -0.1195455E-05    0.1574889E-04    0.3315269E-05    0.9699427E-05   -0.3315705E-04   -0.9081253E-04    0.1463059E-05    0.1384365E-02    0.1560432E-03    0.5003513E-02    0.3845148E-02    0.4073224E-06   -0.1145901E-05
   -0.2214992E-05    0.1109241E-04   -0.1932826E-05   -0.7142159E-04    0.6597599E-03   -0.2021251E-03   -0.1158716E-03   -0.4770921E-04    0.3792919E-05    0.2990604E-02   -0.4161949E-03   -0.2076112E-02   -0.2138119E-02    0.7846652E-02   -0.6492127E-02    0.2940230E-02    0.5240131E-02    0.1514847E-02   -0.5484452E-03    0.1135377E-02    0.2573278E-02    0.2412601E-05   -0.6721296E-06    0.2598833E-04   -0.5706388E-05    0.2655238E-04   -0.2166578E-04   -0.1257049E-03   -0.2462872E-03    0.1063239E-01   -0.4455986E-03    0.3845148E-02    0.3492466E-01    0.2263573E-06    0.1794808E-06
    0.1862177E-09   -0.4231039E-07    0.2907020E-08   -0.4467977E-07   -0.3654522E-06   -0.4285292E-05    0.1439650E-06   -0.3287243E-06    0.2933364E-07   -0.2695032E-03    0.6942448E-05    0.2028261E-03    0.4231565E-02    0.1409708E-03    0.8084340E-03    0.7635111E-03   -0.1620289E-03    0.4458704E-03   -0.4360478E-03   -0.6570791E-04    0.3775663E-04   -0.1247345E-06   -0.1099853E-07    0.1019660E-06   -0.9086004E-07   -0.1866468E-06   -0.2181779E-06    0.1766524E-05   -0.1471664E-06   -0.2604049E-06   -0.5177695E-07    0.4073224E-06    0.2263573E-06    0.5412846E-06    0.1415074E-07
   -0.1251936E-07    0.1581706E-06   -0.1738181E-07   -0.1484502E-05    0.8581889E-05    0.4205799E-05   -0.2755906E-05   -0.4837693E-06   -0.2466336E-07    0.4363008E-02   -0.1658538E-04   -0.3417571E-03    0.4027980E-02    0.2295717E-03   -0.2395267E-02   -0.7506021E-02    0.1918308E-03   -0.4381829E-05   -0.1998438E-03    0.2386611E-02    0.4200660E-02   -0.4172849E-07   -0.5803161E-07   -0.8223459E-07   -0.1609743E-06    0.1537632E-06    0.8869986E-06    0.4803377E-06    0.2150305E-06   -0.5501850E-06   -0.1684883E-07   -0.1145901E-05    0.1794808E-06    0.1415074E-07    0.2038624E-05
