# omegabh2 omegach2 theta tau mnu logA ns calPlanck acib217 xi asz143 aps100 aps143 aps143217 aps217 aksz kgal100 kgal143 kgal143217 kgal217 galfEE100 galfEE100143 galfEE100217 galfEE143 galfEE143217 galfEE217 galfTE100 galfTE100143 galfTE100217 galfTE143 galfTE143217 galfTE217 cal0 cal2
    0.1969888E-07   -0.6901631E-07    0.1083069E-07    0.5957423E-06    0.8554482E-06    0.1109468E-05    0.1660755E-06   -0.1170572E-08   -0.1159356E-03    0.1312205E-05    0.1846955E-04   -0.2596750E-03   -0.2020884E-03   -0.5741903E-04    0.5316725E-04   -0.2950165E-04    0.2766352E-05   -0.3775228E-05   -0.7973033E-05    0.3320485E-04    0.3147065E-07   -0.7111339E-09    0.2009797E-07    0.1150305E-07    0.1022984E-07   -0.1530093E-06   -0.2263136E-06   -0.9338567E-07    0.2054299E-06   -0.1991388E-07   -0.3681005E-06   -0.8212621E-06    0.6525309E-08   -0.7763285E-08
   -0.6901631E-07    0.1343692E-05   -0.6997518E-07   -0.7190386E-05   -0.2545916E-04   -0.1111362E-04   -0.3109137E-05   -0.6673322E-07    0.2242091E-03   -0.7373390E-05   -0.9869853E-04    0.1273504E-02    0.7222121E-03    0.2178103E-03    0.9911928E-04    0.3834516E-04   -0.4434457E-04   -0.7286363E-04   -0.1757151E-03   -0.2741175E-03   -0.5168372E-06   -0.1777049E-06    0.1117421E-06   -0.2925509E-06   -0.2031458E-06    0.2441232E-06    0.2628574E-05    0.1163755E-05   -0.2762542E-05    0.5267408E-06    0.1152593E-05    0.4438667E-05   -0.3035063E-08   -0.3552018E-08
    0.1083069E-07   -0.6997518E-07    0.9180190E-07    0.1019027E-05    0.1569644E-05    0.1955966E-05    0.2809291E-06    0.1072421E-07    0.8380162E-05   -0.1302855E-05    0.8558535E-05    0.1623420E-04   -0.4168617E-04   -0.4405453E-04   -0.1726896E-04   -0.5610462E-05    0.6843775E-05    0.4955162E-05    0.5778201E-05    0.6132096E-05    0.8075949E-07    0.8751204E-09   -0.2516933E-07   -0.3187406E-07   -0.7310511E-07   -0.3176762E-06   -0.3191414E-06   -0.1586577E-06    0.1067202E-05    0.4503187E-07   -0.2656259E-07    0.1255627E-06    0.2573874E-08    0.1318285E-08
    0.5957423E-06   -0.7190386E-05    0.1019027E-05    0.2990691E-03    0.2576328E-03    0.5764994E-03    0.2960731E-04   -0.1600754E-05   -0.1356654E-01    0.3059843E-03    0.2418358E-02   -0.4701793E-01   -0.1469602E-01    0.4784602E-02    0.1402160E-01   -0.4628860E-02   -0.3257281E-03   -0.5858878E-03   -0.1196976E-03    0.3767618E-02   -0.1750736E-05    0.3917086E-06   -0.3440694E-05   -0.5907264E-06    0.2032175E-05    0.3857688E-05   -0.3884271E-04   -0.1824350E-04    0.9717484E-05   -0.7263253E-05   -0.2284220E-04   -0.4331497E-04    0.2224618E-07   -0.1102059E-05
    0.8554482E-06   -0.2545916E-04    0.1569644E-05    0.2576328E-03    0.3569163E-02    0.4429306E-03    0.5570818E-04    0.6410980E-06    0.6410613E-02   -0.9009096E-04    0.3081839E-02    0.1162634E-02   -0.9755974E-04    0.4907741E-02   -0.4808432E-02    0.8370981E-03    0.1751325E-03    0.3102054E-02    0.7504060E-02    0.5550862E-02    0.1340107E-04    0.6415691E-05   -0.1418335E-05    0.2961697E-05    0.1670351E-04    0.3749516E-04   -0.3208214E-04   -0.1322281E-04    0.4868578E-04    0.1927758E-04    0.4567238E-04   -0.9093598E-04    0.5610751E-07    0.8096803E-06
    0.1109468E-05   -0.1111362E-04    0.1955966E-05    0.5764994E-03    0.4429306E-03    0.1147249E-02    0.4981914E-04    0.9356763E-05   -0.2712616E-01    0.6374036E-03    0.4806723E-02   -0.8755997E-01   -0.2598013E-01    0.1386367E-01    0.3537023E-01   -0.1041888E-01   -0.1271211E-02   -0.2106860E-02   -0.1453251E-02    0.8137045E-02   -0.2575747E-05    0.3803563E-06   -0.7663451E-05   -0.1064478E-05    0.2014135E-05    0.8581640E-05   -0.7622926E-04   -0.3504606E-04    0.1212902E-04   -0.1233935E-04   -0.4111589E-04   -0.6020054E-04    0.3006696E-06   -0.2448884E-05
    0.1660755E-06   -0.3109137E-05    0.2809291E-06    0.2960731E-04    0.5570818E-04    0.4981914E-04    0.1696452E-04    0.2402569E-06   -0.4578806E-02    0.1413757E-03    0.1090928E-02   -0.2394246E-01   -0.5490258E-02    0.3290037E-02    0.5498461E-02   -0.2167783E-02    0.2847518E-03    0.9691651E-04    0.1014475E-03    0.1162844E-02    0.4010480E-05    0.1550435E-05    0.4245826E-06    0.1553580E-05   -0.4440720E-06   -0.3914773E-05    0.6565099E-06    0.2970758E-06    0.3915219E-05   -0.8660510E-06   -0.2890576E-05   -0.4262573E-05   -0.2229414E-06   -0.3698912E-06
   -0.1170572E-08   -0.6673322E-07    0.1072421E-07   -0.1600754E-05    0.6410980E-06    0.9356763E-05    0.2402569E-06    0.6228965E-05    0.6367642E-03    0.1094807E-05    0.8209829E-04    0.2386832E-02    0.7408999E-03    0.8943122E-03    0.1750957E-02   -0.2149652E-03   -0.1502201E-03   -0.7898056E-04   -0.6449970E-04    0.6735222E-03    0.1445373E-05    0.2496105E-06   -0.5166028E-06    0.7066063E-06   -0.5584894E-06    0.9852450E-07   -0.2223250E-05   -0.3175777E-06   -0.1557203E-05   -0.1768580E-07    0.7228454E-06    0.6851241E-05   -0.3534201E-08   -0.6994564E-07
   -0.1159356E-03    0.2242091E-03    0.8380162E-05   -0.1356654E-01    0.6410613E-02   -0.2712616E-01   -0.4578806E-02    0.6367642E-03    0.4908219E+02   -0.4909879E+00   -0.1333351E+01    0.4154572E+02    0.5467237E+00   -0.2049520E+02   -0.6625505E+02    0.1011346E-01   -0.4196903E+00    0.1336481E+00   -0.3573774E+01   -0.2614797E+02   -0.4427787E-03   -0.5034044E-03   -0.4962244E-03   -0.1759848E-03    0.6999662E-03   -0.2327023E-02   -0.6047817E-02    0.3164958E-03    0.2347455E-02   -0.2091420E-02    0.2143944E-02   -0.1980773E-02   -0.5881382E-04    0.4383224E-02
    0.1312205E-05   -0.7373390E-05   -0.1302855E-05    0.3059843E-03   -0.9009096E-04    0.6374036E-03    0.1413757E-03    0.1094807E-05   -0.4909879E+00    0.8069974E-01   -0.6795572E-01   -0.4071365E+00    0.9627972E+00    0.1761282E+01    0.7527278E+00    0.5939038E-01    0.2542378E-02    0.1309479E-01    0.1082186E+00    0.1197906E+00    0.2510309E-04    0.2134188E-05    0.7223336E-05    0.2934517E-04    0.1196867E-03    0.7323765E-04    0.1330125E-03    0.1099045E-03    0.5526500E-03    0.1140990E-03   -0.1967691E-03   -0.2553697E-03    0.6660543E-05   -0.2248937E-04
    0.1846955E-04   -0.9869853E-04    0.8558535E-05    0.2418358E-02    0.3081839E-02    0.4806723E-02    0.1090928E-02    0.8209829E-04   -0.1333351E+01   -0.6795572E-01    0.3579960E+01   -0.2747078E+02   -0.3599057E+01    0.7358767E+01    0.6044454E+01   -0.2431874E+01   -0.1625046E+00    0.6902846E-01    0.2344935E+01    0.1893144E+01    0.3813914E-04    0.7956594E-05    0.4628162E-04    0.1567286E-03    0.1470952E-04    0.5602457E-03    0.1844630E-02    0.1488317E-02   -0.4137741E-02    0.7118683E-03   -0.9618668E-03   -0.1330254E-02    0.1958697E-03   -0.3390580E-03
   -0.2596750E-03    0.1273504E-02    0.1623420E-04   -0.4701793E-01    0.1162634E-02   -0.8755997E-01   -0.2394246E-01    0.2386832E-02    0.4154572E+02   -0.4071365E+00   -0.2747078E+02    0.7068706E+03    0.6290094E+02   -0.5780329E+02   -0.7058733E+02    0.1180320E+02   -0.1066619E+01   -0.4191343E+00   -0.1195380E+02   -0.1743216E+02    0.8339440E-03   -0.6788702E-03   -0.1668633E-02   -0.2084178E-02    0.8393044E-02    0.9877073E-04   -0.1759459E-01   -0.2785093E-01    0.1723412E-02   -0.8902560E-02    0.1282190E-01   -0.2317580E-01    0.4621867E-02    0.4313617E-02
   -0.2020884E-03    0.7222121E-03   -0.4168617E-04   -0.1469602E-01   -0.9755974E-04   -0.2598013E-01   -0.5490258E-02    0.7408999E-03    0.5467237E+00    0.9627972E+00   -0.3599057E+01    0.6290094E+02    0.5620941E+02    0.3976618E+02    0.1561768E+02   -0.4412592E+01   -0.4760311E+00   -0.8660085E+00    0.4209639E+01    0.4369034E+01   -0.4747755E-03   -0.4687032E-03   -0.1324268E-02   -0.1409527E-03    0.4644146E-03   -0.3588808E-02   -0.1508973E-01   -0.4110856E-02    0.4158465E-02   -0.6706880E-04   -0.1844625E-02   -0.2057210E-01    0.1069617E-03    0.2603956E-03
   -0.5741903E-04    0.2178103E-03   -0.4405453E-04    0.4784602E-02    0.4907741E-02    0.1386367E-01    0.3290037E-02    0.8943122E-03   -0.2049520E+02    0.1761282E+01    0.7358767E+01   -0.5780329E+02    0.3976618E+02    0.8970724E+02    0.6298281E+02   -0.1119867E+02   -0.5689379E+00   -0.2708443E+00    0.4699077E+01    0.5878684E+01    0.1079073E-02   -0.1836082E-04   -0.1264131E-02    0.7145101E-03    0.1599313E-02   -0.1801485E-02    0.4095579E-02    0.6325411E-02    0.6899076E-02    0.5338245E-02   -0.1858993E-02   -0.7054980E-02    0.7058931E-03   -0.2532334E-02
    0.5316725E-04    0.9911928E-04   -0.1726896E-04    0.1402160E-01   -0.4808432E-02    0.3537023E-01    0.5498461E-02    0.1750957E-02   -0.6625505E+02    0.7527278E+00    0.6044454E+01   -0.7058733E+02    0.1561768E+02    0.6298281E+02    0.1241217E+03   -0.9202962E+01   -0.1075604E+00   -0.4924995E+00    0.6614048E+00    0.2239555E+02    0.1367248E-02    0.7311703E-03   -0.5232930E-03    0.3894635E-03   -0.1615696E-03    0.1324029E-02    0.7118547E-02    0.2477154E-02   -0.2137848E-02    0.5422250E-02   -0.5826456E-03   -0.1888182E-02    0.4037677E-03   -0.7726496E-02
   -0.2950165E-04    0.3834516E-04   -0.5610462E-05   -0.4628860E-02    0.8370981E-03   -0.1041888E-01   -0.2167783E-02   -0.2149652E-03    0.1011346E-01    0.5939038E-01   -0.2431874E+01    0.1180320E+02   -0.4412592E+01   -0.1119867E+02   -0.9202962E+01    0.5476331E+01    0.1274861E+00   -0.3070578E-01   -0.1770037E+01   -0.1175249E+01   -0.7231260E-03   -0.8731062E-04    0.3512979E-03   -0.9707723E-04    0.5378331E-03    0.1555442E-02    0.1018400E-02    0.6601478E-04    0.7107050E-02   -0.2171043E-03    0.1621023E-02    0.3096786E-03   -0.1245097E-03    0.1497819E-03
    0.2766352E-05   -0.4434457E-04    0.6843775E-05   -0.3257281E-03    0.1751325E-03   -0.1271211E-02    0.2847518E-03   -0.1502201E-03   -0.4196903E+00    0.2542378E-02   -0.1625046E+00   -0.1066619E+01   -0.4760311E+00   -0.5689379E+00   -0.1075604E+00    0.1274861E+00    0.3204369E+01    0.7739308E+00    0.4496311E+00    0.8081256E+00    0.1876383E-03    0.4963182E-04    0.4571172E-03    0.1067789E-03   -0.2327066E-03   -0.1647448E-02   -0.3851992E-02   -0.4245184E-03   -0.2555631E-03   -0.7968334E-03   -0.2031530E-02    0.2726278E-02    0.4554469E-03   -0.4338929E-05
   -0.3775228E-05   -0.7286363E-04    0.4955162E-05   -0.5858878E-03    0.3102054E-02   -0.2106860E-02    0.9691651E-04   -0.7898056E-04    0.1336481E+00    0.1309479E-01    0.6902846E-01   -0.4191343E+00   -0.8660085E+00   -0.2708443E+00   -0.4924995E+00   -0.3070578E-01    0.7739308E+00    0.3155870E+01    0.2518438E+01    0.1537856E+01   -0.4576060E-04   -0.1094273E-03   -0.2074585E-03    0.1076165E-03    0.8922388E-03   -0.5186452E-03    0.3817483E-02    0.2718867E-03   -0.9334588E-02   -0.6388670E-03   -0.1685412E-02   -0.8021405E-03   -0.4192627E-03   -0.2336369E-03
   -0.7973033E-05   -0.1757151E-03    0.5778201E-05   -0.1196976E-03    0.7504060E-02   -0.1453251E-02    0.1014475E-03   -0.6449970E-04   -0.3573774E+01    0.1082186E+00    0.2344935E+01   -0.1195380E+02    0.4209639E+01    0.4699077E+01    0.6614048E+00   -0.1770037E+01    0.4496311E+00    0.2518438E+01    0.1829551E+02    0.2798815E+02   -0.1389293E-03   -0.2950639E-03   -0.3271481E-03    0.2353508E-03   -0.9509902E-03   -0.6585191E-03   -0.1262722E-02   -0.1808007E-02   -0.1490965E-01   -0.2552962E-02   -0.6889680E-02   -0.4155531E-02   -0.8190779E-04    0.2449677E-02
    0.3320485E-04   -0.2741175E-03    0.6132096E-05    0.3767618E-02    0.5550862E-02    0.8137045E-02    0.1162844E-02    0.6735222E-03   -0.2614797E+02    0.1197906E+00    0.1893144E+01   -0.1743216E+02    0.4369034E+01    0.5878684E+01    0.2239555E+02   -0.1175249E+01    0.8081256E+00    0.1537856E+01    0.2798815E+02    0.6361309E+02    0.7683261E-03   -0.1211708E-04   -0.4087253E-03    0.4009462E-03   -0.3504761E-02    0.2320467E-02   -0.7869515E-03   -0.4404399E-02   -0.1005374E-01   -0.3571430E-02   -0.1002631E-01    0.1115434E-01   -0.5836861E-04    0.4367858E-02
    0.3147065E-07   -0.5168372E-06    0.8075949E-07   -0.1750736E-05    0.1340107E-04   -0.2575747E-05    0.4010480E-05    0.1445373E-05   -0.4427787E-03    0.2510309E-04    0.3813914E-04    0.8339440E-03   -0.4747755E-03    0.1079073E-02    0.1367248E-02   -0.7231260E-03    0.1876383E-03   -0.4576060E-04   -0.1389293E-03    0.7683261E-03    0.1272293E-03    0.1055237E-04    0.3414577E-06    0.2058975E-05    0.2631308E-05   -0.1259423E-04   -0.1869445E-04   -0.2085264E-05   -0.1676247E-04    0.4326320E-05   -0.1127334E-04    0.2898328E-04    0.1122111E-07    0.2261143E-06
   -0.7111339E-09   -0.1777049E-06    0.8751204E-09    0.3917086E-06    0.6415691E-05    0.3803563E-06    0.1550435E-05    0.2496105E-06   -0.5034044E-03    0.2134188E-05    0.7956594E-05   -0.6788702E-03   -0.4687032E-03   -0.1836082E-04    0.7311703E-03   -0.8731062E-04    0.4963182E-04   -0.1094273E-03   -0.2950639E-03   -0.1211708E-04    0.1055237E-04    0.1372616E-04   -0.4511181E-07    0.5994777E-05   -0.3512024E-06    0.1911467E-05   -0.1189176E-05   -0.9385862E-06    0.1406883E-04    0.6201885E-06   -0.1225102E-05   -0.6895942E-05    0.4315634E-07   -0.4273594E-07
    0.2009797E-07    0.1117421E-06   -0.2516933E-07   -0.3440694E-05   -0.1418335E-05   -0.7663451E-05    0.4245826E-06   -0.5166028E-06   -0.4962244E-03    0.7223336E-05    0.4628162E-04   -0.1668633E-02   -0.1324268E-02   -0.1264131E-02   -0.5232930E-03    0.3512979E-03    0.4571172E-03   -0.2074585E-03   -0.3271481E-03   -0.4087253E-03    0.3414577E-06   -0.4511181E-07    0.2172996E-03    0.1206164E-06   -0.1149082E-05   -0.2110408E-06   -0.5365598E-05   -0.1042269E-05    0.5997107E-05   -0.1264535E-04   -0.1476071E-04   -0.3622252E-04    0.1402326E-06   -0.8704109E-07
    0.1150305E-07   -0.2925509E-06   -0.3187406E-07   -0.5907264E-06    0.2961697E-05   -0.1064478E-05    0.1553580E-05    0.7066063E-06   -0.1759848E-03    0.2934517E-04    0.1567286E-03   -0.2084178E-02   -0.1409527E-03    0.7145101E-03    0.3894635E-03   -0.9707723E-04    0.1067789E-03    0.1076165E-03    0.2353508E-03    0.4009462E-03    0.2058975E-05    0.5994777E-05    0.1206164E-06    0.3016607E-04    0.8107808E-06    0.2148752E-05    0.5925072E-05    0.1461085E-05    0.2489886E-04   -0.2709184E-05   -0.7996423E-05   -0.7944705E-06   -0.4899062E-07   -0.2778043E-07
    0.1022984E-07   -0.2031458E-06   -0.7310511E-07    0.2032175E-05    0.1670351E-04    0.2014135E-05   -0.4440720E-06   -0.5584894E-06    0.6999662E-03    0.1196867E-03    0.1470952E-04    0.8393044E-02    0.4644146E-03    0.1599313E-02   -0.1615696E-03    0.5378331E-03   -0.2327066E-03    0.8922388E-03   -0.9509902E-03   -0.3504761E-02    0.2631308E-05   -0.3512024E-06   -0.1149082E-05    0.8107808E-06    0.4027689E-03   -0.1536560E-05    0.5772808E-05    0.2644225E-07    0.3728410E-04   -0.2948569E-05   -0.2947818E-04    0.4088529E-05   -0.1561356E-06   -0.3734261E-06
   -0.1530093E-06    0.2441232E-06   -0.3176762E-06    0.3857688E-05    0.3749516E-04    0.8581640E-05   -0.3914773E-05    0.9852450E-07   -0.2327023E-02    0.7323765E-04    0.5602457E-03    0.9877073E-04   -0.3588808E-02   -0.1801485E-02    0.1324029E-02    0.1555442E-02   -0.1647448E-02   -0.5186452E-03   -0.6585191E-03    0.2320467E-02   -0.1259423E-04    0.1911467E-05   -0.2110408E-06    0.2148752E-05   -0.1536560E-05    0.3452530E-02   -0.5363067E-04   -0.1165950E-04   -0.7851163E-04   -0.7014946E-06    0.3938930E-05    0.1539412E-04   -0.1468676E-06   -0.2356022E-06
   -0.2263136E-06    0.2628574E-05   -0.3191414E-06   -0.3884271E-04   -0.3208214E-04   -0.7622926E-04    0.6565099E-06   -0.2223250E-05   -0.6047817E-02    0.1330125E-03    0.1844630E-02   -0.1759459E-01   -0.1508973E-01    0.4095579E-02    0.7118547E-02    0.1018400E-02   -0.3851992E-02    0.3817483E-02   -0.1262722E-02   -0.7869515E-03   -0.1869445E-04   -0.1189176E-05   -0.5365598E-05    0.5925072E-05    0.5772808E-05   -0.5363067E-04    0.5607032E-02    0.1752607E-02    0.1590253E-02   -0.5993167E-03   -0.1487197E-03   -0.1630739E-03    0.7195083E-06    0.1960188E-06
   -0.9338567E-07    0.1163755E-05   -0.1586577E-06   -0.1824350E-04   -0.1322281E-04   -0.3504606E-04    0.2970758E-06   -0.3175777E-06    0.3164958E-03    0.1099045E-03    0.1488317E-02   -0.2785093E-01   -0.4110856E-02    0.6325411E-02    0.2477154E-02    0.6601478E-04   -0.4245184E-03    0.2718867E-03   -0.1808007E-02   -0.4404399E-02   -0.2085264E-05   -0.9385862E-06   -0.1042269E-05    0.1461085E-05    0.2644225E-07   -0.1165950E-04    0.1752607E-02    0.1202945E-02    0.7584103E-03    0.2431558E-03    0.2948280E-04   -0.1639957E-03   -0.5637977E-06    0.5634246E-07
    0.2054299E-06   -0.2762542E-05    0.1067202E-05    0.9717484E-05    0.4868578E-04    0.1212902E-04    0.3915219E-05   -0.1557203E-05    0.2347455E-02    0.5526500E-03   -0.4137741E-02    0.1723412E-02    0.4158465E-02    0.6899076E-02   -0.2137848E-02    0.7107050E-02   -0.2555631E-03   -0.9334588E-02   -0.1490965E-01   -0.1005374E-01   -0.1676247E-04    0.1406883E-04    0.5997107E-05    0.2489886E-04    0.3728410E-04   -0.7851163E-04    0.1590253E-02    0.7584103E-03    0.3326209E-01   -0.4933146E-03    0.1402986E-02    0.1077823E-01    0.9729390E-06    0.3955337E-05
   -0.1991388E-07    0.5267408E-06    0.4503187E-07   -0.7263253E-05    0.1927758E-04   -0.1233935E-04   -0.8660510E-06   -0.1768580E-07   -0.2091420E-02    0.1140990E-03    0.7118683E-03   -0.8902560E-02   -0.6706880E-04    0.5338245E-02    0.5422250E-02   -0.2171043E-03   -0.7968334E-03   -0.6388670E-03   -0.2552962E-02   -0.3571430E-02    0.4326320E-05    0.6201885E-06   -0.1264535E-04   -0.2709184E-05   -0.2948569E-05   -0.7014946E-06   -0.5993167E-03    0.2431558E-03   -0.4933146E-03    0.1346636E-02    0.2004390E-03   -0.2485477E-03   -0.3865075E-08   -0.7434070E-06
   -0.3681005E-06    0.1152593E-05   -0.2656259E-07   -0.2284220E-04    0.4567238E-04   -0.4111589E-04   -0.2890576E-05    0.7228454E-06    0.2143944E-02   -0.1967691E-03   -0.9618668E-03    0.1282190E-01   -0.1844625E-02   -0.1858993E-02   -0.5826456E-03    0.1621023E-02   -0.2031530E-02   -0.1685412E-02   -0.6889680E-02   -0.1002631E-01   -0.1127334E-04   -0.1225102E-05   -0.1476071E-04   -0.7996423E-05   -0.2947818E-04    0.3938930E-05   -0.1487197E-03    0.2948280E-04    0.1402986E-02    0.2004390E-03    0.5028092E-02    0.3840654E-02    0.1845755E-06   -0.3274062E-06
   -0.8212621E-06    0.4438667E-05    0.1255627E-06   -0.4331497E-04   -0.9093598E-04   -0.6020054E-04   -0.4262573E-05    0.6851241E-05   -0.1980773E-02   -0.2553697E-03   -0.1330254E-02   -0.2317580E-01   -0.2057210E-01   -0.7054980E-02   -0.1888182E-02    0.3096786E-03    0.2726278E-02   -0.8021405E-03   -0.4155531E-02    0.1115434E-01    0.2898328E-04   -0.6895942E-05   -0.3622252E-04   -0.7944705E-06    0.4088529E-05    0.1539412E-04   -0.1630739E-03   -0.1639957E-03    0.1077823E-01   -0.2485477E-03    0.3840654E-02    0.3585091E-01   -0.3102071E-06    0.4946105E-05
    0.6525309E-08   -0.3035063E-08    0.2573874E-08    0.2224618E-07    0.5610751E-07    0.3006696E-06   -0.2229414E-06   -0.3534201E-08   -0.5881382E-04    0.6660543E-05    0.1958697E-03    0.4621867E-02    0.1069617E-03    0.7058931E-03    0.4037677E-03   -0.1245097E-03    0.4554469E-03   -0.4192627E-03   -0.8190779E-04   -0.5836861E-04    0.1122111E-07    0.4315634E-07    0.1402326E-06   -0.4899062E-07   -0.1561356E-06   -0.1468676E-06    0.7195083E-06   -0.5637977E-06    0.9729390E-06   -0.3865075E-08    0.1845755E-06   -0.3102071E-06    0.5423003E-06    0.3208697E-07
   -0.7763285E-08   -0.3552018E-08    0.1318285E-08   -0.1102059E-05    0.8096803E-06   -0.2448884E-05   -0.3698912E-06   -0.6994564E-07    0.4383224E-02   -0.2248937E-04   -0.3390580E-03    0.4313617E-02    0.2603956E-03   -0.2532334E-02   -0.7726496E-02    0.1497819E-03   -0.4338929E-05   -0.2336369E-03    0.2449677E-02    0.4367858E-02    0.2261143E-06   -0.4273594E-07   -0.8704109E-07   -0.2778043E-07   -0.3734261E-06   -0.2356022E-06    0.1960188E-06    0.5634246E-07    0.3955337E-05   -0.7434070E-06   -0.3274062E-06    0.4946105E-05    0.3208697E-07    0.2057611E-05
