# omegabh2 omegach2 theta tau mnu logA ns calPlanck aps100 asz143 aksz dust100 amp_143 amp_217 amp_143x217 n_143 n_217 n_143x217 cal0 cal2
  6.1014019E-08  -3.1784904E-07   7.1463257E-08   4.1364358E-07  -2.2970596E-05   3.8076237E-07   9.9362991E-07   3.4593501E-08  -1.2235031E-03   3.6338730E-05  -5.2117235E-05   1.4162674E-06  -2.5011183E-04  -2.2250252E-04  -2.1897696E-04  -2.4596834E-06   1.8051946E-05   8.4109671E-06   8.9481136E-09  -2.6497961E-08
 -3.1784904E-07   4.8658000E-06  -5.9344791E-07  -4.4095346E-06   1.3937660E-04   1.5050008E-06  -1.1568783E-05  -2.4997289E-07   3.3464043E-03  -1.1288751E-04   3.8352058E-05  -9.9524066E-06   1.0277022E-03   9.4541723E-04   9.4423072E-04   1.9368682E-05  -5.9799850E-05  -9.4799519E-06  -8.5026858E-08   9.7544736E-08
  7.1463257E-08  -5.9344791E-07   2.7444240E-07   6.4157614E-07  -3.8434960E-05   3.5674564E-07   1.7789171E-06   2.7118140E-08  -8.0121270E-04   1.2160144E-05  -9.5127879E-06   7.3252052E-07  -2.1080854E-04  -2.0175301E-04  -2.0055050E-04  -1.6939777E-06   1.2091573E-05   3.8080649E-06   1.2556579E-08  -1.9795188E-08
  4.1364358E-07  -4.4095346E-06   6.4157614E-07   6.2740862E-05  -7.9033520E-05   1.1652867E-04   1.3779214E-05   3.9652917E-07  -1.4786927E-02   4.3513907E-04  -7.9928270E-04   1.2509106E-05  -2.6117141E-03  -2.0527116E-03  -2.1790878E-03   6.2581604E-05   1.8793989E-04   1.4602376E-04   1.9006676E-07  -4.9677065E-08
 -2.2970596E-05   1.3937660E-04  -3.8434960E-05  -7.9033520E-05   3.5450103E-02  -7.2912103E-06  -5.2837804E-04   7.1427724E-06   6.9446094E-01  -6.9611996E-03   2.3635150E-02  -3.1071792E-04   1.2748791E-01   1.2142300E-01   1.2102151E-01  -1.5798388E-03  -1.0647858E-02  -7.4761623E-03  -6.3558303E-06   1.4314166E-05
  3.8076237E-07   1.5050008E-06   3.5674564E-07   1.1652867E-04  -7.2912103E-06   2.6753974E-04   2.8509294E-06   1.2794720E-05  -2.6846592E-02   1.1377141E-03  -2.8980034E-03  -1.0773792E-05  -4.4305744E-03  -2.8376797E-03  -3.3900940E-03   5.0929459E-04   4.1729001E-04   6.2557004E-04   9.9075178E-07   3.3403583E-07
  9.9362991E-07  -1.1568783E-05   1.7789171E-06   1.3779214E-05  -5.2837804E-04   2.8509294E-06   4.0792535E-05   6.9203714E-07  -4.2677075E-02   1.1375811E-03  -2.1325942E-03   4.0979112E-05  -6.5121263E-03  -5.2350195E-03  -5.3514236E-03   1.2181712E-04   6.3268022E-04   4.8350688E-04   1.9458674E-08  -5.1002632E-07
  3.4593501E-08  -2.4997289E-07   2.7118140E-08   3.9652917E-07   7.1427724E-06   1.2794720E-05   6.9203714E-07   6.2469941E-06   3.0356786E-03   1.0196163E-04  -1.7409687E-04  -8.8419179E-07   5.4184726E-05   5.0607154E-05   2.1684680E-05   9.3793347E-06   1.5307338E-05   2.6134549E-05   7.5569703E-09  -1.0216825E-08
 -1.2235031E-03   3.3464043E-03  -8.0121270E-04  -1.4786927E-02   6.9446094E-01  -2.6846592E-02  -4.2677075E-02   3.0356786E-03   7.3019219E+02  -2.8353508E+01   1.2139900E+01  -1.6711854E-01   3.8055055E+01   1.1226054E+01   1.2725760E+01  -3.2967240E+00  -2.3538859E+00  -2.8952595E+00   3.5848516E-03  -3.5388059E-04
  3.6338730E-05  -1.1288751E-04   1.2160144E-05   4.3513907E-04  -6.9611996E-03   1.1377141E-03   1.1375811E-03   1.0196163E-04  -2.8353508E+01   4.3475909E+00  -3.6482849E+00  -6.9281702E-03  -1.1670794E+00   2.0163281E+00   2.1792342E+00   1.5504262E-01   3.7113515E-02  -2.1436928E-02   5.3906480E-04  -2.3596541E-04
 -5.2117235E-05   3.8352058E-05  -9.5127879E-06  -7.9928270E-04   2.3635150E-02  -2.8980034E-03  -2.1325942E-03  -1.7409687E-04   1.2139900E+01  -3.6482849E+00   7.5256643E+00   3.8691782E-03  -1.5209704E+00  -4.1393302E+00  -4.2920149E+00  -1.4566765E-01  -4.0595442E-02  -4.9408497E-02  -3.8710310E-04   2.1391127E-04
  1.4162674E-06  -9.9524066E-06   7.3252052E-07   1.2509106E-05  -3.1071792E-04  -1.0773792E-05   4.0979112E-05  -8.8419179E-07  -1.6711854E-01  -6.9281702E-03   3.8691782E-03   3.8871893E-02  -2.7106897E-03  -1.1188293E-02  -8.6001035E-03  -3.0799944E-03   1.3597758E-03  -9.2140419E-04   3.9888917E-05  -4.7051339E-06
 -2.5011183E-04   1.0277022E-03  -2.1080854E-04  -2.6117141E-03   1.2748791E-01  -4.4305744E-03  -6.5121263E-03   5.4184726E-05   3.8055055E+01  -1.1670794E+00  -1.5209704E+00  -2.7106897E-03   6.0136773E+00   3.8675752E+00   4.3144284E+00  -2.3189292E-01  -3.7724753E-01  -4.2515095E-01  -4.9976766E-04  -8.0712165E-05
 -2.2250252E-04   9.4541723E-04  -2.0175301E-04  -2.0527116E-03   1.2142300E-01  -2.8376797E-03  -5.2350195E-03   5.0607154E-05   1.1226054E+01   2.0163281E+00  -4.1393302E+00  -1.1188293E-02   3.8675752E+00   6.9476034E+00   6.1761706E+00   4.3966961E-02  -8.8129329E-01  -5.9248994E-01   1.1112842E-04   1.6381581E-03
 -2.1897696E-04   9.4423072E-04  -2.0055050E-04  -2.1790878E-03   1.2102151E-01  -3.3900940E-03  -5.3514236E-03   2.1684680E-05   1.2725760E+01   2.1792342E+00  -4.2920149E+00  -8.6001035E-03   4.3144284E+00   6.1761706E+00   6.2642428E+00  -8.8001363E-02  -6.4371130E-01  -5.1430824E-01  -2.8885702E-05   6.9131692E-04
 -2.4596834E-06   1.9368682E-05  -1.6939777E-06   6.2581604E-05  -1.5798388E-03   5.0929459E-04   1.2181712E-04   9.3793347E-06  -3.2967240E+00   1.5504262E-01  -1.4566765E-01  -3.0799944E-03  -2.3189292E-01   4.3966961E-02  -8.8001363E-02   2.0853018E-01  -3.4809138E-02   9.7367882E-02   2.1487265E-04   2.4523556E-04
  1.8051946E-05  -5.9799850E-05   1.2091573E-05   1.8793989E-04  -1.0647858E-02   4.1729001E-04   6.3268022E-04   1.5307338E-05  -2.3538859E+00   3.7113515E-02  -4.0595442E-02   1.3597758E-03  -3.7724753E-01  -8.8129329E-01  -6.4371130E-01  -3.4809138E-02   3.6977392E-01   1.9961106E-01  -9.3960254E-06  -6.4737167E-04
  8.4109671E-06  -9.4799519E-06   3.8080649E-06   1.4602376E-04  -7.4761623E-03   6.2557004E-04   4.8350688E-04   2.6134549E-05  -2.8952595E+00  -2.1436928E-02  -4.9408497E-02  -9.2140419E-04  -4.2515095E-01  -5.9248994E-01  -5.1430824E-01   9.7367882E-02   1.9961106E-01   3.4085970E-01   9.9859714E-05  -1.6125085E-04
  8.9481136E-09  -8.5026858E-08   1.2556579E-08   1.9006676E-07  -6.3558303E-06   9.9075178E-07   1.9458674E-08   7.5569703E-09   3.5848516E-03   5.3906480E-04  -3.8710310E-04   3.9888917E-05  -4.9976766E-04   1.1112842E-04  -2.8885702E-05   2.1487265E-04  -9.3960254E-06   9.9859714E-05   1.1442725E-06   2.3415198E-07
 -2.6497961E-08   9.7544736E-08  -1.9795188E-08  -4.9677065E-08   1.4314166E-05   3.3403583E-07  -5.1002632E-07  -1.0216825E-08  -3.5388059E-04  -2.3596541E-04   2.1391127E-04  -4.7051339E-06  -8.0712165E-05   1.6381581E-03   6.9131692E-04   2.4523556E-04  -6.4737167E-04  -1.6125085E-04   2.3415198E-07   2.3841996E-06
