# omegabh2 omegach2 theta tau w logA ns acib217 acibsz143 asz143 aps100 aps143 aps143217 aps217 aksz kgal100 t1gal143 t1gal143217 t1gal217 galfEE100 galfEE100143 galfEE100217 galfEE143 galfEE143217 galfEE217 galfTE100 galfTE100143 galfTE100217 galfTE143 galfTE143217 galfTE217 calib_100T calib_217T
    0.2598325E-07   -0.1426368E-06    0.1934793E-07    0.5538523E-06   -0.7876346E-05    0.8994399E-06    0.3719349E-06   -0.1591982E-03   -0.6908396E-04   -0.1659989E-04   -0.1384599E-03   -0.3006144E-04    0.1017610E-03    0.1426367E-03   -0.4752550E-04    0.1480258E-03   -0.1238442E-03   -0.1754702E-03   -0.2079796E-03    0.1606616E-06    0.1834773E-06    0.2171803E-06    0.1766949E-06    0.2400511E-06    0.2698617E-06   -0.1698438E-05   -0.2403981E-05   -0.2452938E-05   -0.4229319E-05   -0.5497462E-05   -0.8214763E-05   -0.2947619E-07    0.1136279E-07
   -0.1426368E-06    0.2014800E-05   -0.1714172E-06   -0.5561640E-05    0.5245249E-04   -0.6270310E-05   -0.4904918E-05    0.8537644E-03    0.1913061E-03   -0.2012847E-04    0.1478247E-02    0.1112662E-02    0.3903402E-03   -0.2724107E-03    0.5609266E-04    0.3144843E-03   -0.1884068E-03    0.6168874E-04    0.1757014E-03   -0.2095339E-05   -0.2265814E-05   -0.2418619E-05   -0.2261359E-05   -0.2508935E-05   -0.2533290E-05    0.1320674E-04    0.1619679E-04    0.1552803E-04    0.3201119E-04    0.4021562E-04    0.5659054E-04   -0.8950073E-07   -0.7373711E-07
    0.1934793E-07   -0.1714172E-06    0.9774726E-07    0.6437328E-06   -0.4943783E-05    0.9718412E-06    0.5407224E-06   -0.5884046E-04   -0.3080692E-04    0.4775477E-05   -0.1302984E-03   -0.7305913E-04    0.6810100E-05   -0.1508444E-05   -0.1047340E-04    0.3429778E-04   -0.2912966E-04    0.8702629E-05    0.3213131E-04    0.1822539E-06    0.1741690E-06    0.1146052E-06    0.1528617E-06    0.1593797E-06    0.1341397E-06   -0.1395036E-05   -0.1542359E-05   -0.1264057E-05   -0.3080453E-05   -0.3805332E-05   -0.5224991E-05   -0.6754673E-08   -0.3326079E-08
    0.5538523E-06   -0.5561640E-05    0.6437328E-06    0.1718595E-03    0.4334274E-03    0.3329471E-03    0.2202454E-04   -0.1024524E-01   -0.4522365E-02   -0.1925825E-02   -0.1281007E-02    0.4887397E-02    0.1083990E-01    0.1311641E-01   -0.2195789E-02   -0.1267636E-01   -0.1255160E-01   -0.1641329E-01   -0.1825929E-01    0.5091900E-05    0.6668101E-05    0.8845479E-05    0.7841627E-05    0.8931235E-05    0.1087148E-04   -0.7419835E-04   -0.8357701E-04   -0.7887787E-04   -0.1579866E-03   -0.1865323E-03   -0.2121091E-03    0.7386854E-06    0.7856336E-06
   -0.7876346E-05    0.5245249E-04   -0.4943783E-05    0.4334274E-03    0.1151254E+00    0.8938864E-03   -0.8986213E-04    0.5162484E-01    0.1550893E-01    0.1943397E-01   -0.1314115E+00   -0.7072089E-01   -0.8212989E-01   -0.1117282E+00    0.2155230E-01    0.2563299E+00    0.2355248E+00    0.3120695E+00    0.3577077E+00    0.3894771E-04   -0.1176579E-04    0.5008220E-04   -0.1389084E-04    0.1541149E-04    0.1844836E-03    0.3633875E-03    0.3036192E-03    0.8326213E-03    0.1009130E-02    0.2222452E-02    0.3944216E-02   -0.1169967E-04   -0.1127427E-04
    0.8994399E-06   -0.6270310E-05    0.9718412E-06    0.3329471E-03    0.8938864E-03    0.6633860E-03    0.3128457E-04   -0.2072753E-01   -0.1041601E-01   -0.5196727E-02    0.1490844E-01    0.2170048E-01    0.3178642E-01    0.3318866E-01   -0.5554047E-02   -0.3032627E-01   -0.4057699E-01   -0.4821127E-01   -0.5188207E-01    0.3328280E-05    0.5740947E-05    0.8980764E-05    0.8063600E-05    0.9351570E-05    0.1279060E-04   -0.1216948E-03   -0.1278148E-03   -0.1173641E-03   -0.2342905E-03   -0.2716914E-03   -0.2883315E-03    0.1886934E-06    0.1378053E-05
    0.3719349E-06   -0.4904918E-05    0.5407224E-06    0.2202454E-04   -0.8986213E-04    0.3128457E-04    0.2334469E-04   -0.8964683E-02   -0.3784272E-02   -0.1311665E-02   -0.6971956E-02    0.3647425E-02    0.9586523E-02    0.1144354E-01   -0.2528419E-02   -0.2825148E-02   -0.3586808E-02   -0.5505567E-02   -0.5607378E-02    0.8889714E-05    0.9936420E-05    0.1054391E-04    0.9895247E-05    0.1108667E-04    0.1207733E-04   -0.3862253E-04   -0.4305696E-04   -0.4137028E-04   -0.8558834E-04   -0.1037253E-03   -0.1362627E-03    0.4146709E-06    0.4529181E-06
   -0.1591982E-03    0.8537644E-03   -0.5884046E-04   -0.1024524E-01    0.5162484E-01   -0.2072753E-01   -0.8964683E-02    0.6193886E+02    0.2197125E+02    0.8746221E+00    0.1033159E+02   -0.2023101E+02   -0.6062562E+02   -0.7944868E+02   -0.3439735E+01   -0.1974245E+01   -0.7815401E+01   -0.1161330E+02   -0.1639103E+02   -0.2624504E-02   -0.2967194E-02   -0.3120085E-02   -0.3035779E-02   -0.2716425E-02   -0.2662212E-02    0.1017205E-01    0.2940317E-01    0.3801733E-01    0.2634373E-01    0.3265992E-01   -0.3766514E-03    0.2825438E-03   -0.2996340E-02
   -0.6908396E-04    0.1913061E-03   -0.3080692E-04   -0.4522365E-02    0.1550893E-01   -0.1041601E-01   -0.3784272E-02    0.2197125E+02    0.1647198E+02    0.2564715E+01   -0.1668802E+02   -0.2353193E+02   -0.4115837E+02   -0.2422139E+02   -0.1499352E+01   -0.2771315E+01   -0.4683775E+01   -0.1046232E+02   -0.1166184E+02   -0.7028925E-03   -0.9607959E-03   -0.1151773E-02   -0.8242888E-03   -0.5871187E-03   -0.5894731E-04    0.4893944E-02    0.1562660E-01    0.3223551E-01    0.1163262E-01    0.2719469E-01    0.4159625E-01    0.1503836E-03   -0.8685000E-04
   -0.1659989E-04   -0.2012847E-04    0.4775477E-05   -0.1925825E-02    0.1943397E-01   -0.5196727E-02   -0.1311665E-02    0.8746221E+00    0.2564715E+01    0.6530807E+01   -0.4444894E+02   -0.1915459E+02   -0.5650976E+01   -0.8399262E+00   -0.1714117E+00   -0.2825666E+01   -0.6705158E+00    0.3524605E+01    0.4165714E+01    0.1437108E-03   -0.8834360E-04   -0.1389970E-03   -0.1465916E-03   -0.3557345E-03   -0.2254123E-04   -0.3773906E-03    0.1222354E-02   -0.4742606E-03   -0.1636254E-02   -0.5650850E-02   -0.1040569E-02   -0.1458797E-03    0.1867260E-03
   -0.1384599E-03    0.1478247E-02   -0.1302984E-03   -0.1281007E-02   -0.1314115E+00    0.1490844E-01   -0.6971956E-02    0.1033159E+02   -0.1668802E+02   -0.4444894E+02    0.7701711E+03    0.1863787E+03    0.7131485E+02    0.1367674E+02   -0.1235259E+02   -0.4112743E+02   -0.5105251E+01   -0.1805732E+02   -0.1772065E+02   -0.6959183E-02   -0.9942966E-02   -0.6664531E-02   -0.8398573E-02   -0.9392916E-02   -0.9624222E-02    0.2274839E-01    0.4125566E-01    0.2808555E-01    0.8393754E-01    0.1090061E+00    0.1336379E+00   -0.1057444E-02   -0.3165091E-02
   -0.3006144E-04    0.1112662E-02   -0.7305913E-04    0.4887397E-02   -0.7072089E-01    0.2170048E-01    0.3647425E-02   -0.2023101E+02   -0.2353193E+02   -0.1915459E+02    0.1863787E+03    0.1240161E+03    0.9214531E+02    0.4965959E+02   -0.1136703E+02    0.1346915E+01   -0.8394561E+01   -0.5379714E+01   -0.2829548E+01   -0.2360943E-02   -0.1821353E-02   -0.1203155E-02   -0.1533908E-02   -0.2029870E-02   -0.2659746E-02   -0.5392279E-02    0.1369261E-01    0.2997292E-02    0.4628891E-01    0.4654121E-01    0.4418041E-01   -0.3287332E-03   -0.9966823E-03
    0.1017610E-03    0.3903402E-03    0.6810100E-05    0.1083990E-01   -0.8212989E-01    0.3178642E-01    0.9586523E-02   -0.6062562E+02   -0.4115837E+02   -0.5650976E+01    0.7131485E+02    0.9214531E+02    0.1409170E+03    0.1023387E+03   -0.8355726E+01   -0.1529142E+01   -0.3275714E+01    0.5008079E+01    0.5126096E+01    0.2956254E-03    0.8039261E-03    0.1751731E-02    0.9225525E-03    0.3578980E-04   -0.5167762E-03   -0.9325178E-02   -0.1152342E-01   -0.3527324E-01    0.1037965E-01   -0.1192456E-01   -0.1380234E-01   -0.9491213E-03    0.1592151E-02
    0.1426367E-03   -0.2724107E-03   -0.1508444E-05    0.1311641E-01   -0.1117282E+00    0.3318866E-01    0.1144354E-01   -0.7944868E+02   -0.2422139E+02   -0.8399262E+00    0.1367674E+02    0.4965959E+02    0.1023387E+03    0.1412946E+03   -0.7589120E+01   -0.5821180E+01   -0.5273513E+01   -0.1220648E+02   -0.1377393E+02    0.2219905E-02    0.2198309E-02    0.2781208E-02    0.2907459E-02    0.2372393E-02    0.2788418E-02   -0.1157434E-01   -0.1226173E-01   -0.5881010E-02    0.1517860E-02    0.5247328E-02    0.6379561E-01   -0.8623729E-03    0.5606596E-02
   -0.4752550E-04    0.5609266E-04   -0.1047340E-04   -0.2195789E-02    0.2155230E-01   -0.5554047E-02   -0.2528419E-02   -0.3439735E+01   -0.1499352E+01   -0.1714117E+00   -0.1235259E+02   -0.1136703E+02   -0.8355726E+01   -0.7589120E+01    0.8008163E+01   -0.1584213E+01   -0.1891669E+01   -0.2375181E+01   -0.2668139E+01   -0.5409268E-03   -0.6234490E-03   -0.8275055E-03   -0.7046769E-03   -0.6680857E-03   -0.1051155E-02    0.5944503E-02    0.1049418E-02   -0.1031198E-02    0.5212921E-02    0.6659379E-02    0.9685290E-02    0.5459733E-04    0.2169658E-03
    0.1480258E-03    0.3144843E-03    0.3429778E-04   -0.1267636E-01    0.2563299E+00   -0.3032627E-01   -0.2825148E-02   -0.1974245E+01   -0.2771315E+01   -0.2825666E+01   -0.4112743E+02    0.1346915E+01   -0.1529142E+01   -0.5821180E+01   -0.1584213E+01    0.1479834E+03    0.4741632E+02    0.4582497E+02    0.4490738E+02    0.1293566E-02    0.1888207E-02    0.3360705E-02    0.1192562E-02    0.3398877E-02    0.6031295E-02   -0.2087360E-01   -0.8845136E-01   -0.9760675E-01   -0.6363194E-01   -0.8431907E-01   -0.1327733E+00   -0.1296294E-01   -0.1870282E-03
   -0.1238442E-03   -0.1884068E-03   -0.2912966E-04   -0.1255160E-01    0.2355248E+00   -0.4057699E-01   -0.3586808E-02   -0.7815401E+01   -0.4683775E+01   -0.6705158E+00   -0.5105251E+01   -0.8394561E+01   -0.3275714E+01   -0.5273513E+01   -0.1891669E+01    0.4741632E+02    0.9176785E+02    0.9406672E+02    0.9421551E+02    0.2279578E-02    0.2433047E-02    0.4201895E-02    0.1669614E-02    0.2310686E-02    0.1824523E-02    0.7844497E-02   -0.5382915E-01   -0.8072673E-01   -0.7216415E-01   -0.9774105E-01   -0.1268346E+00    0.2971492E-02    0.1076386E-03
   -0.1754702E-03    0.6168874E-04    0.8702629E-05   -0.1641329E-01    0.3120695E+00   -0.4821127E-01   -0.5505567E-02   -0.1161330E+02   -0.1046232E+02    0.3524605E+01   -0.1805732E+02   -0.5379714E+01    0.5008079E+01   -0.1220648E+02   -0.2375181E+01    0.4582497E+02    0.9406672E+02    0.1331945E+03    0.1572399E+03    0.1392173E-02    0.1700850E-02    0.2102357E-02    0.6149838E-03   -0.6065971E-03   -0.2896685E-02    0.3059076E-02   -0.5411155E-01   -0.9667516E-01   -0.6911078E-01   -0.1053674E+00   -0.1134438E+00    0.2660259E-02   -0.4786850E-02
   -0.2079796E-03    0.1757014E-03    0.3213131E-04   -0.1825929E-01    0.3577077E+00   -0.5188207E-01   -0.5607378E-02   -0.1639103E+02   -0.1166184E+02    0.4165714E+01   -0.1772065E+02   -0.2829548E+01    0.5126096E+01   -0.1377393E+02   -0.2668139E+01    0.4490738E+02    0.9421551E+02    0.1572399E+03    0.2051009E+03    0.9144249E-03    0.1664596E-02    0.8386375E-03    0.4326309E-03   -0.2175575E-02   -0.6133831E-02    0.4918329E-03   -0.5038121E-01   -0.8171003E-01   -0.6189959E-01   -0.8239417E-01   -0.4445121E-01    0.2599627E-02   -0.9061569E-02
    0.1606616E-06   -0.2095339E-05    0.1822539E-06    0.5091900E-05    0.3894771E-04    0.3328280E-05    0.8889714E-05   -0.2624504E-02   -0.7028925E-03    0.1437108E-03   -0.6959183E-02   -0.2360943E-02    0.2956254E-03    0.2219905E-02   -0.5409268E-03    0.1293566E-02    0.2279578E-02    0.1392173E-02    0.9144249E-03    0.7155072E-04    0.2428156E-04    0.3025088E-04    0.1286662E-04    0.1469645E-04    0.1787065E-04   -0.1237106E-03   -0.8874923E-04   -0.7926592E-04   -0.6369898E-04   -0.5102150E-04   -0.8079677E-04    0.2934439E-06    0.2430648E-06
    0.1834773E-06   -0.2265814E-05    0.1741690E-06    0.6668101E-05   -0.1176579E-04    0.5740947E-05    0.9936420E-05   -0.2967194E-02   -0.9607959E-03   -0.8834360E-04   -0.9942966E-02   -0.1821353E-02    0.8039261E-03    0.2198309E-02   -0.6234490E-03    0.1888207E-02    0.2433047E-02    0.1700850E-02    0.1664596E-02    0.2428156E-04    0.4137484E-04    0.3747933E-04    0.3014376E-04    0.3100651E-04    0.3118262E-04   -0.6851694E-04   -0.1037394E-03   -0.8932567E-04   -0.1282623E-03   -0.1202248E-03   -0.1352212E-03    0.3490002E-06    0.1927235E-06
    0.2171803E-06   -0.2418619E-05    0.1146052E-06    0.8845479E-05    0.5008220E-04    0.8980764E-05    0.1054391E-04   -0.3120085E-02   -0.1151773E-02   -0.1389970E-03   -0.6664531E-02   -0.1203155E-02    0.1751731E-02    0.2781208E-02   -0.8275055E-03    0.3360705E-02    0.4201895E-02    0.2102357E-02    0.8386375E-03    0.3025088E-04    0.3747933E-04    0.1193480E-03    0.2518259E-04    0.6085213E-04    0.1142084E-03   -0.7650525E-04   -0.1196034E-03   -0.1211478E-03   -0.1426745E-03   -0.2221575E-03   -0.4185873E-03    0.3401748E-06    0.4641969E-06
    0.1766949E-06   -0.2261359E-05    0.1528617E-06    0.7841627E-05   -0.1389084E-04    0.8063600E-05    0.9895247E-05   -0.3035779E-02   -0.8242888E-03   -0.1465916E-03   -0.8398573E-02   -0.1533908E-02    0.9225525E-03    0.2907459E-02   -0.7046769E-03    0.1192562E-02    0.1669614E-02    0.6149838E-03    0.4326309E-03    0.1286662E-04    0.3014376E-04    0.2518259E-04    0.8660586E-04    0.5592746E-04    0.4291086E-04   -0.1366732E-04   -0.7308830E-04   -0.3713382E-04   -0.2134541E-03   -0.1720579E-03   -0.1285631E-03    0.2594184E-06    0.2731688E-06
    0.2400511E-06   -0.2508935E-05    0.1593797E-06    0.8931235E-05    0.1541149E-04    0.9351570E-05    0.1108667E-04   -0.2716425E-02   -0.5871187E-03   -0.3557345E-03   -0.9392916E-02   -0.2029870E-02    0.3578980E-04    0.2372393E-02   -0.6680857E-03    0.3398877E-02    0.2310686E-02   -0.6065971E-03   -0.2175575E-02    0.1469645E-04    0.3100651E-04    0.6085213E-04    0.5592746E-04    0.1269743E-03    0.1627958E-03   -0.1452383E-04   -0.7867097E-04   -0.9205810E-04   -0.1997230E-03   -0.2607375E-03   -0.4491440E-03    0.1580810E-06    0.5205521E-06
    0.2698617E-06   -0.2533290E-05    0.1341397E-06    0.1087148E-04    0.1844836E-03    0.1279060E-04    0.1207733E-04   -0.2662212E-02   -0.5894731E-04   -0.2254123E-04   -0.9624222E-02   -0.2659746E-02   -0.5167762E-03    0.2788418E-02   -0.1051155E-02    0.6031295E-02    0.1824523E-02   -0.2896685E-02   -0.6133831E-02    0.1787065E-04    0.3118262E-04    0.1142084E-03    0.4291086E-04    0.1627958E-03    0.6687902E-03   -0.4188173E-05   -0.9838637E-04   -0.1744338E-03   -0.1961754E-03   -0.3811307E-03   -0.6835109E-03   -0.1058588E-06    0.1087666E-05
   -0.1698438E-05    0.1320674E-04   -0.1395036E-05   -0.7419835E-04    0.3633875E-03   -0.1216948E-03   -0.3862253E-04    0.1017205E-01    0.4893944E-02   -0.3773906E-03    0.2274839E-01   -0.5392279E-02   -0.9325178E-02   -0.1157434E-01    0.5944503E-02   -0.2087360E-01    0.7844497E-02    0.3059076E-02    0.4918329E-03   -0.1237106E-03   -0.6851694E-04   -0.7650525E-04   -0.1366732E-04   -0.1452383E-04   -0.4188173E-05    0.1381830E-01    0.8856998E-02    0.1001959E-01    0.1818804E-02    0.2157603E-02    0.3297262E-02    0.2552760E-05    0.3889310E-06
   -0.2403981E-05    0.1619679E-04   -0.1542359E-05   -0.8357701E-04    0.3036192E-03   -0.1278148E-03   -0.4305696E-04    0.2940317E-01    0.1562660E-01    0.1222354E-02    0.4125566E-01    0.1369261E-01   -0.1152342E-01   -0.1226173E-01    0.1049418E-02   -0.8845136E-01   -0.5382915E-01   -0.5411155E-01   -0.5038121E-01   -0.8874923E-04   -0.1037394E-03   -0.1196034E-03   -0.7308830E-04   -0.7867097E-04   -0.9838637E-04    0.8856998E-02    0.1255134E-01    0.1398193E-01    0.8554638E-02    0.8454162E-02    0.8223930E-02    0.6850459E-05   -0.1157355E-05
   -0.2452938E-05    0.1552803E-04   -0.1264057E-05   -0.7887787E-04    0.8326213E-03   -0.1173641E-03   -0.4137028E-04    0.3801733E-01    0.3223551E-01   -0.4742606E-03    0.2808555E-01    0.2997292E-02   -0.3527324E-01   -0.5881010E-02   -0.1031198E-02   -0.9760675E-01   -0.8072673E-01   -0.9667516E-01   -0.8171003E-01   -0.7926592E-04   -0.8932567E-04   -0.1211478E-03   -0.3713382E-04   -0.9205810E-04   -0.1744338E-03    0.1001959E-01    0.1398193E-01    0.2664606E-01    0.4805006E-02    0.1204027E-01    0.2354726E-01    0.6804087E-05   -0.2218673E-05
   -0.4229319E-05    0.3201119E-04   -0.3080453E-05   -0.1579866E-03    0.1009130E-02   -0.2342905E-03   -0.8558834E-04    0.2634373E-01    0.1163262E-01   -0.1636254E-02    0.8393754E-01    0.4628891E-01    0.1037965E-01    0.1517860E-02    0.5212921E-02   -0.6363194E-01   -0.7216415E-01   -0.6911078E-01   -0.6189959E-01   -0.6369898E-04   -0.1282623E-03   -0.1426745E-03   -0.2134541E-03   -0.1997230E-03   -0.1961754E-03    0.1818804E-02    0.8554638E-02    0.4805006E-02    0.2213481E-01    0.2010050E-01    0.1443242E-01    0.2277624E-06   -0.2245763E-05
   -0.5497462E-05    0.4021562E-04   -0.3805332E-05   -0.1865323E-03    0.2222452E-02   -0.2716914E-03   -0.1037253E-03    0.3265992E-01    0.2719469E-01   -0.5650850E-02    0.1090061E+00    0.4654121E-01   -0.1192456E-01    0.5247328E-02    0.6659379E-02   -0.8431907E-01   -0.9774105E-01   -0.1053674E+00   -0.8239417E-01   -0.5102150E-04   -0.1202248E-03   -0.2221575E-03   -0.1720579E-03   -0.2607375E-03   -0.3811307E-03    0.2157603E-02    0.8454162E-02    0.1204027E-01    0.2010050E-01    0.3011617E-01    0.4184215E-01    0.1569301E-05   -0.3667000E-05
   -0.8214763E-05    0.5659054E-04   -0.5224991E-05   -0.2121091E-03    0.3944216E-02   -0.2883315E-03   -0.1362627E-03   -0.3766514E-03    0.4159625E-01   -0.1040569E-02    0.1336379E+00    0.4418041E-01   -0.1380234E-01    0.6379561E-01    0.9685290E-02   -0.1327733E+00   -0.1268346E+00   -0.1134438E+00   -0.4445121E-01   -0.8079677E-04   -0.1352212E-03   -0.4185873E-03   -0.1285631E-03   -0.4491440E-03   -0.6835109E-03    0.3297262E-02    0.8223930E-02    0.2354726E-01    0.1443242E-01    0.4184215E-01    0.1033713E+00    0.4652404E-05   -0.5348507E-05
   -0.2947619E-07   -0.8950073E-07   -0.6754673E-08    0.7386854E-06   -0.1169967E-04    0.1886934E-06    0.4146709E-06    0.2825438E-03    0.1503836E-03   -0.1458797E-03   -0.1057444E-02   -0.3287332E-03   -0.9491213E-03   -0.8623729E-03    0.5459733E-04   -0.1296294E-01    0.2971492E-02    0.2660259E-02    0.2599627E-02    0.2934439E-06    0.3490002E-06    0.3401748E-06    0.2594184E-06    0.1580810E-06   -0.1058588E-06    0.2552760E-05    0.6850459E-05    0.6804087E-05    0.2277624E-06    0.1569301E-05    0.4652404E-05    0.2284596E-05    0.1170594E-07
    0.1136279E-07   -0.7373711E-07   -0.3326079E-08    0.7856336E-06   -0.1127427E-04    0.1378053E-05    0.4529181E-06   -0.2996340E-02   -0.8685000E-04    0.1867260E-03   -0.3165091E-02   -0.9966823E-03    0.1592151E-02    0.5606596E-02    0.2169658E-03   -0.1870282E-03    0.1076386E-03   -0.4786850E-02   -0.9061569E-02    0.2430648E-06    0.1927235E-06    0.4641969E-06    0.2731688E-06    0.5205521E-06    0.1087666E-05    0.3889310E-06   -0.1157355E-05   -0.2218673E-05   -0.2245763E-05   -0.3667000E-05   -0.5348507E-05    0.1170594E-07    0.1268175E-05
