# omegabh2 omegach2 theta tau ns nrun logA aps100 aps143 aps217 acib143 acib217 asz143 psr cibr cal0 cal2 xi aksz bm_1_1
    0.35235E-06   -0.19580E-05    0.34810E-06    0.35070E-04    0.68956E-05   -0.78322E-05    0.66945E-04   -0.22069E-02   -0.85245E-03   -0.33226E-03   -0.34172E-03   -0.56938E-03   -0.22216E-04   -0.21868E-06   -0.12600E-04    0.24687E-09   -0.11275E-07    0.33898E-05   -0.10452E-03   -0.44736E-04
   -0.19580E-05    0.16373E-04   -0.23031E-05   -0.21855E-03   -0.51907E-04    0.40049E-04   -0.40391E-03    0.15535E-01    0.53658E-02    0.17239E-02    0.19674E-02    0.38062E-02    0.20112E-03    0.92354E-06    0.91685E-04   -0.44480E-08    0.86513E-07   -0.22061E-04    0.59083E-03    0.42112E-03
    0.34810E-06   -0.23031E-05    0.67926E-06    0.35849E-04    0.81687E-05   -0.70449E-05    0.67653E-04   -0.20941E-02   -0.86265E-03   -0.32976E-03   -0.29243E-03   -0.51852E-03   -0.23066E-04   -0.11949E-06   -0.11290E-04    0.22357E-08   -0.11619E-08    0.48765E-05   -0.10512E-03   -0.48475E-04
    0.35070E-04   -0.21855E-03    0.35849E-04    0.46258E-02    0.79773E-03   -0.93778E-03    0.88744E-02   -0.21321E+00   -0.54445E-01    0.94766E-02   -0.38410E-01   -0.74622E-01   -0.41708E-02   -0.11083E-04   -0.18104E-02   -0.78338E-07   -0.15181E-05    0.49501E-03   -0.12611E-01   -0.47171E-02
    0.68956E-05   -0.51907E-04    0.81687E-05    0.79773E-03    0.19313E-03   -0.13960E-03    0.14900E-02   -0.63192E-01   -0.84004E-02    0.11039E-01   -0.13283E-01   -0.24435E-01   -0.14365E-02    0.13282E-05   -0.60196E-03   -0.68750E-07   -0.25641E-06    0.15128E-03   -0.40241E-02   -0.16604E-02
   -0.78322E-05    0.40049E-04   -0.70449E-05   -0.93778E-03   -0.13960E-03    0.26772E-03   -0.18273E-02    0.22124E-01    0.10018E-01    0.54899E-02    0.15836E-02    0.43071E-02    0.22060E-03    0.54953E-05    0.93259E-04   -0.52830E-07    0.22937E-06   -0.31556E-04    0.67747E-03   -0.10827E-03
    0.66945E-04   -0.40391E-03    0.67653E-04    0.88744E-02    0.14900E-02   -0.18273E-02    0.17075E-01   -0.37981E+00   -0.88273E-01    0.31991E-01   -0.74707E-01   -0.14464E+00   -0.83537E-02   -0.18396E-04   -0.35327E-02   -0.10964E-06   -0.25851E-05    0.97399E-03   -0.24655E-01   -0.79343E-02
   -0.22069E-02    0.15535E-01   -0.20941E-02   -0.21321E+00   -0.63192E-01    0.22124E-01   -0.37981E+00    0.27412E+04    0.19866E+03    0.11131E+03    0.10473E+03   -0.21948E+02   -0.27509E+02    0.59388E-01   -0.50364E+01    0.71135E-03    0.48398E-02    0.22860E+01   -0.50208E+01    0.12047E+02
   -0.85245E-03    0.53658E-02   -0.86265E-03   -0.54445E-01   -0.84004E-02    0.10018E-01   -0.88273E-01    0.19866E+03    0.16640E+03    0.12374E+03   -0.31463E+02   -0.42812E+02   -0.51438E+01    0.37997E-01   -0.13497E+01   -0.62767E-04    0.82594E-03    0.38712E+00   -0.58362E+01    0.46946E+00
   -0.33226E-03    0.17239E-02   -0.32976E-03    0.94766E-02    0.11039E-01    0.54899E-02    0.31991E-01    0.11131E+03    0.12374E+03    0.21680E+03   -0.30069E+02   -0.85280E+02   -0.42822E+01    0.47618E-01   -0.19922E+01   -0.27943E-04   -0.40596E-02    0.42602E+00   -0.63932E+01    0.47095E+00
   -0.34172E-03    0.19674E-02   -0.29243E-03   -0.38410E-01   -0.13283E-01    0.15836E-02   -0.74707E-01    0.10473E+03   -0.31463E+02   -0.30069E+02    0.30557E+02    0.18056E+02   -0.83721E+00   -0.66931E-02    0.44858E-01   -0.44428E-04   -0.32554E-03    0.22309E+00   -0.13722E+00   -0.67062E+00
   -0.56938E-03    0.38062E-02   -0.51852E-03   -0.74622E-01   -0.24435E-01    0.43071E-02   -0.14464E+00   -0.21948E+02   -0.42812E+02   -0.85280E+02    0.18056E+02    0.46025E+02    0.23460E+01   -0.19116E-01    0.10943E+01    0.10577E-04    0.22334E-02   -0.22377E+00    0.82982E-01    0.62297E-01
   -0.22216E-04    0.20112E-03   -0.23066E-04   -0.41708E-02   -0.14365E-02    0.22060E-03   -0.83537E-02   -0.27509E+02   -0.51438E+01   -0.42822E+01   -0.83721E+00    0.23460E+01    0.68833E+00   -0.16647E-02    0.15129E+00    0.97557E-05   -0.13078E-03   -0.54596E-01   -0.11420E-01    0.10335E+00
   -0.21868E-06    0.92354E-06   -0.11949E-06   -0.11083E-04    0.13282E-05    0.54953E-05   -0.18396E-04    0.59388E-01    0.37997E-01    0.47618E-01   -0.66931E-02   -0.19116E-01   -0.16647E-02    0.19834E-03   -0.56244E-03    0.87147E-07   -0.36819E-06    0.19735E-03   -0.18650E-02    0.50436E-04
   -0.12600E-04    0.91685E-04   -0.11290E-04   -0.18104E-02   -0.60196E-03    0.93259E-04   -0.35327E-02   -0.50364E+01   -0.13497E+01   -0.19922E+01    0.44858E-01    0.10943E+01    0.15129E+00   -0.56244E-03    0.52610E-01    0.12282E-06    0.25985E-04   -0.10355E-01   -0.43287E-02    0.26303E-01
    0.24687E-09   -0.44480E-08    0.22357E-08   -0.78338E-07   -0.68750E-07   -0.52830E-07   -0.10964E-06    0.71135E-03   -0.62767E-04   -0.27943E-04   -0.44428E-04    0.10577E-04    0.97557E-05    0.87147E-07    0.12282E-06    0.15653E-06   -0.20319E-08   -0.26117E-05    0.21632E-05   -0.30482E-04
   -0.11275E-07    0.86513E-07   -0.11619E-08   -0.15181E-05   -0.25641E-06    0.22937E-06   -0.25851E-05    0.48398E-02    0.82594E-03   -0.40596E-02   -0.32554E-03    0.22334E-02   -0.13078E-03   -0.36819E-06    0.25985E-04   -0.20319E-08    0.93719E-06   -0.80709E-08    0.12565E-04    0.29056E-04
    0.33898E-05   -0.22061E-04    0.48765E-05    0.49501E-03    0.15128E-03   -0.31556E-04    0.97399E-03    0.22860E+01    0.38712E+00    0.42602E+00    0.22309E+00   -0.22377E+00   -0.54596E-01    0.19735E-03   -0.10355E-01   -0.26117E-05   -0.80709E-08    0.24364E-01   -0.19457E-02   -0.88307E-02
   -0.10452E-03    0.59083E-03   -0.10512E-03   -0.12611E-01   -0.40241E-02    0.67747E-03   -0.24655E-01   -0.50208E+01   -0.58362E+01   -0.63932E+01   -0.13722E+00    0.82982E-01   -0.11420E-01   -0.18650E-02   -0.43287E-02    0.21632E-05    0.12565E-04   -0.19457E-02    0.20439E+01    0.33838E-02
   -0.44736E-04    0.42112E-03   -0.48475E-04   -0.47171E-02   -0.16604E-02   -0.10827E-03   -0.79343E-02    0.12047E+02    0.46946E+00    0.47095E+00   -0.67062E+00    0.62297E-01    0.10335E+00    0.50436E-04    0.26303E-01   -0.30482E-04    0.29056E-04   -0.88307E-02    0.33838E-02    0.64885E+00
