# omegabh2 omegach2 theta tau logA ns r aps100 aps143 aps217 acib143 acib217 asz143 psr cibr ncib xi aksz cal0 cal2 bm_1_1
    0.5234729E-07   -0.2470040E-06    0.4885826E-07    0.9340737E-06    0.1418017E-05    0.7272851E-06    0.3548828E-06   -0.4623519E-03   -0.2936475E-03    0.2881544E-03   -0.1266376E-03   -0.3095893E-03    0.1658454E-04    0.1859972E-05   -0.2850010E-05   -0.2994677E-05    0.4321520E-05   -0.7407716E-04    0.5671936E-08   -0.1470493E-07   -0.4025681E-05
   -0.2470040E-06    0.4309307E-05   -0.4309082E-06   -0.8581207E-05   -0.6621746E-05   -0.9591385E-05   -0.9539846E-05    0.9131669E-02    0.1397449E-02   -0.3248882E-03    0.2307307E-03    0.9169741E-03   -0.2263980E-03   -0.6676699E-05    0.1057270E-04    0.1349610E-04   -0.1684872E-04    0.1851535E-04   -0.5004652E-07    0.2608841E-06    0.1391340E-03
    0.4885826E-07   -0.4309082E-06    0.2505589E-06    0.1062722E-05    0.1270467E-05    0.1267132E-05    0.1288662E-05   -0.1094123E-02   -0.1626933E-03    0.1825393E-03   -0.5915124E-04   -0.2203152E-03    0.5931979E-04    0.5780035E-06    0.4174257E-05   -0.4482161E-05    0.3901378E-05    0.3708705E-06   -0.5605830E-09   -0.3247555E-07   -0.1399385E-04
    0.9340737E-06   -0.8581207E-05    0.1062722E-05    0.1823752E-03    0.3443825E-03    0.2897136E-04   -0.5299164E-04   -0.4261122E-01   -0.7942630E-02    0.1256642E-01   -0.4656062E-02   -0.9708683E-02    0.7330306E-04    0.7299452E-04   -0.9122984E-04   -0.7605387E-04    0.9904526E-04   -0.3026409E-02    0.6134757E-07    0.2581396E-06   -0.3584704E-03
    0.1418017E-05   -0.6621746E-05    0.1270467E-05    0.3443825E-03    0.6811460E-03    0.3405282E-04   -0.1379408E-03   -0.6536567E-01   -0.5674308E-02    0.3407397E-01   -0.1219185E-01   -0.2082272E-01   -0.1356716E-02    0.1474831E-03   -0.2278580E-03   -0.1178334E-03    0.2174754E-03   -0.7797431E-02    0.2338407E-06    0.2635890E-05    0.1187936E-03
    0.7272851E-06   -0.9591385E-05    0.1267132E-05    0.2897136E-04    0.3405282E-04    0.3604562E-04    0.4004305E-04   -0.3767924E-01   -0.2453887E-02    0.1499564E-01   -0.4814896E-02   -0.1000929E-01   -0.2739796E-03    0.6254719E-04   -0.1826579E-03   -0.8337137E-04    0.1197748E-03   -0.2933310E-02    0.2858330E-10    0.1553684E-06   -0.9198190E-04
    0.3548828E-06   -0.9539846E-05    0.1288662E-05   -0.5299164E-04   -0.1379408E-03    0.4004305E-04    0.1383791E-02   -0.5556739E-01   -0.7327112E-02    0.1190044E-01   -0.1655220E-02   -0.8029395E-02    0.7503336E-03    0.3244440E-03   -0.2228284E-03   -0.2404354E-04    0.3240818E-03   -0.3032501E-03    0.1232944E-05   -0.3541111E-05   -0.1150831E-02
   -0.4623519E-03    0.9131669E-02   -0.1094123E-02   -0.4261122E-01   -0.6536567E-01   -0.3767924E-01   -0.5556739E-01    0.2341139E+04    0.7247487E+02   -0.9169508E+02    0.6092999E+02    0.6957286E+02   -0.5334179E+02   -0.6488727E+00   -0.1164719E+01    0.6020888E+00    0.3441782E+00   -0.1552872E+02    0.1983887E-02    0.2990178E-02    0.1122197E+02
   -0.2936475E-03    0.1397449E-02   -0.1626933E-03   -0.7942630E-02   -0.5674308E-02   -0.2453887E-02   -0.7327112E-02    0.7247487E+02    0.1147773E+03    0.3358210E+02   -0.1788619E+02   -0.1754376E+01   -0.6941122E+01   -0.1669751E+00    0.9091225E-01    0.6205197E-01    0.1123109E+01   -0.1256908E+02    0.2655894E-03    0.1673711E-02    0.3684861E+00
    0.2881544E-03   -0.3248882E-03    0.1825393E-03    0.1256642E-01    0.3407397E-01    0.1499564E-01    0.1190044E-01   -0.9169508E+02    0.3358210E+02    0.3014202E+03   -0.3190646E+02   -0.1383442E+03    0.1284787E+01    0.2416610E-01   -0.1356626E+01   -0.1738220E+01    0.4274408E+00   -0.9402841E+01    0.4133303E-03   -0.1975792E-02    0.5174529E+00
   -0.1266376E-03    0.2307307E-03   -0.5915124E-04   -0.4656062E-02   -0.1219185E-01   -0.4814896E-02   -0.1655220E-02    0.6092999E+02   -0.1788619E+02   -0.3190646E+02    0.2174536E+02    0.1871515E+02   -0.1636482E+01    0.2316129E-01    0.1153045E-01    0.2164113E+00    0.1509209E+00   -0.1012913E+01   -0.2606136E-03   -0.1545527E-02   -0.2886495E+00
   -0.3095893E-03    0.9169741E-03   -0.2203152E-03   -0.9708683E-02   -0.2082272E-01   -0.1000929E-01   -0.8029395E-02    0.6957286E+02   -0.1754376E+01   -0.1383442E+03    0.1871515E+02    0.7531067E+02   -0.1932938E+00    0.5305857E-01    0.6233763E+00    0.1054101E+01   -0.2416430E+00   -0.1822161E+01   -0.1621850E-03    0.3106398E-03   -0.1125528E+00
    0.1658454E-04   -0.2263980E-03    0.5931979E-04    0.7330306E-04   -0.1356716E-02   -0.2739796E-03    0.7503336E-03   -0.5334179E+02   -0.6941122E+01    0.1284787E+01   -0.1636482E+01   -0.1932938E+00    0.6863654E+01    0.6532705E-01    0.2436246E+00   -0.5151025E-02   -0.9310713E-01   -0.2606805E+00    0.1880790E-04   -0.8670042E-03    0.1330927E+00
    0.1859972E-05   -0.6676699E-05    0.5780035E-06    0.7299452E-04    0.1474831E-03    0.6254719E-04    0.3244440E-03   -0.6488727E+00   -0.1669751E+00    0.2416610E-01    0.2316129E-01    0.5305857E-01    0.6532705E-01    0.1381147E-01   -0.8436249E-02    0.4907964E-02    0.6122945E-02   -0.2268940E-01    0.1095407E-05   -0.2302062E-04    0.4066025E-02
   -0.2850010E-05    0.1057270E-04    0.4174257E-05   -0.9122984E-04   -0.2278580E-03   -0.1826579E-03   -0.2228284E-03   -0.1164719E+01    0.9091225E-01   -0.1356626E+01    0.1153045E-01    0.6233763E+00    0.2436246E+00   -0.8436249E-02    0.5217606E-01   -0.1576399E-02    0.6765752E-02   -0.2758672E-01   -0.4679185E-05    0.7559983E-04    0.4838122E-03
   -0.2994677E-05    0.1349610E-04   -0.4482161E-05   -0.7605387E-04   -0.1178334E-03   -0.8337137E-04   -0.2404354E-04    0.6020888E+00    0.6205197E-01   -0.1738220E+01    0.2164113E+00    0.1054101E+01   -0.5151025E-02    0.4907964E-02   -0.1576399E-02    0.2490530E-01   -0.1957999E-02   -0.1952269E-01    0.2521074E-05   -0.8472025E-04    0.6002712E-02
    0.4321520E-05   -0.1684872E-04    0.3901378E-05    0.9904526E-04    0.2174754E-03    0.1197748E-03    0.3240818E-03    0.3441782E+00    0.1123109E+01    0.4274408E+00    0.1509209E+00   -0.2416430E+00   -0.9310713E-01    0.6122945E-02    0.6765752E-02   -0.1957999E-02    0.8109281E-01   -0.6241923E-02   -0.2635794E-05    0.1201346E-04    0.5220114E-02
   -0.7407716E-04    0.1851535E-04    0.3708705E-06   -0.3026409E-02   -0.7797431E-02   -0.2933310E-02   -0.3032501E-03   -0.1552872E+02   -0.1256908E+02   -0.9402841E+01   -0.1012913E+01   -0.1822161E+01   -0.2606805E+00   -0.2268940E-01   -0.2758672E-01   -0.1952269E-01   -0.6241923E-02    0.7923747E+01    0.2328100E-04    0.5367096E-04   -0.3179839E-01
    0.5671936E-08   -0.5004652E-07   -0.5605830E-09    0.6134757E-07    0.2338407E-06    0.2858330E-10    0.1232944E-05    0.1983887E-02    0.2655894E-03    0.4133303E-03   -0.2606136E-03   -0.1621850E-03    0.1880790E-04    0.1095407E-05   -0.4679185E-05    0.2521074E-05   -0.2635794E-05    0.2328100E-04    0.8389492E-06    0.5897354E-07   -0.1008052E-03
   -0.1470493E-07    0.2608841E-06   -0.3247555E-07    0.2581396E-06    0.2635890E-05    0.1553684E-06   -0.3541111E-05    0.2990178E-02    0.1673711E-02   -0.1975792E-02   -0.1545527E-02    0.3106398E-03   -0.8670042E-03   -0.2302062E-04    0.7559983E-04   -0.8472025E-04    0.1201346E-04    0.5367096E-04    0.5897354E-07    0.5622891E-05    0.2499804E-03
   -0.4025681E-05    0.1391340E-03   -0.1399385E-04   -0.3584704E-03    0.1187936E-03   -0.9198190E-04   -0.1150831E-02    0.1122197E+02    0.3684861E+00    0.5174529E+00   -0.2886495E+00   -0.1125528E+00    0.1330927E+00    0.4066025E-02    0.4838122E-03    0.6002712E-02    0.5220114E-02   -0.3179839E-01   -0.1008052E-03    0.2499804E-03    0.2550440E+00
