# omegabh2 omegach2 theta tau omegak mnu ns logA aps100 aps143 aps217 acib143 acib217 asz143 psr cibr ncib cal0 cal2 xi aksz bm_1_1
    0.95636E-07   -0.51162E-06    0.10592E-06    0.10542E-05   -0.83017E-06   -0.15179E-04    0.14941E-05    0.11691E-05   -0.16307E-02   -0.86618E-03   -0.84590E-04   -0.11017E-03   -0.33583E-03    0.36113E-05    0.28072E-06   -0.61105E-05   -0.15676E-05    0.41442E-08   -0.11815E-07    0.20358E-05   -0.78628E-04   -0.12818E-04
   -0.51162E-06    0.73880E-05   -0.88078E-06   -0.10863E-04    0.87024E-05    0.91012E-04   -0.16909E-04   -0.49095E-05    0.11523E-01    0.48143E-02    0.23610E-02    0.93576E-04    0.92873E-03   -0.23820E-04    0.20602E-05    0.11715E-04    0.74608E-05   -0.19247E-07    0.90680E-07   -0.47993E-05    0.16244E-03    0.15017E-03
    0.10592E-06   -0.88078E-06    0.43359E-06    0.13908E-05   -0.15343E-05   -0.25580E-04    0.25999E-05    0.11884E-05   -0.17041E-02   -0.81732E-03   -0.26797E-03   -0.56857E-04   -0.21820E-03   -0.24703E-04   -0.10526E-06   -0.39324E-05   -0.15069E-05    0.66930E-08   -0.16564E-07    0.43350E-06   -0.42587E-04   -0.22001E-04
    0.10542E-05   -0.10863E-04    0.13908E-05    0.17710E-03   -0.10538E-04   -0.14109E-04    0.36986E-04    0.32762E-03   -0.53698E-01   -0.14424E-01    0.24910E-02   -0.30043E-02   -0.76402E-02   -0.20731E-03    0.27773E-04   -0.19104E-03   -0.19433E-04    0.18984E-07   -0.16851E-06    0.60821E-04   -0.19709E-02   -0.36087E-03
   -0.83017E-06    0.87024E-05   -0.15343E-05   -0.10538E-04    0.20924E-04    0.46330E-03   -0.22230E-04   -0.36509E-05    0.19264E-01    0.80498E-02    0.21256E-02    0.10316E-02    0.25357E-02    0.98010E-04   -0.16689E-05    0.53516E-04    0.10324E-04   -0.37018E-07    0.13774E-06   -0.88704E-05    0.69180E-03    0.17699E-03
   -0.15179E-04    0.91012E-04   -0.25580E-04   -0.14109E-04    0.46330E-03    0.21902E-01   -0.30363E-03    0.67441E-04    0.42725E+00    0.15190E+00   -0.15269E-01    0.42174E-01    0.79792E-01    0.63527E-02   -0.13958E-03    0.21190E-02    0.72571E-04   -0.60110E-06    0.45050E-05   -0.22521E-03    0.25049E-01    0.20022E-02
    0.14941E-05   -0.16909E-04    0.25999E-05    0.36986E-04   -0.22230E-04   -0.30363E-03    0.58939E-04    0.35774E-04   -0.66016E-01   -0.12936E-01    0.99443E-02   -0.59281E-02   -0.11589E-01   -0.33227E-03    0.36637E-04   -0.27410E-03   -0.10671E-04    0.20071E-07    0.63498E-07    0.77116E-04   -0.36313E-02   -0.14509E-03
    0.11691E-05   -0.49095E-05    0.11884E-05    0.32762E-03   -0.36509E-05    0.67441E-04    0.35774E-04    0.64972E-03   -0.89081E-01   -0.12934E-01    0.22715E-01   -0.97823E-02   -0.18543E-01   -0.14537E-02    0.96083E-04   -0.53344E-03   -0.59218E-06    0.65157E-07    0.42474E-06    0.17519E-03   -0.54875E-02    0.23344E-03
   -0.16307E-02    0.11523E-01   -0.17041E-02   -0.53698E-01    0.19264E-01    0.42725E+00   -0.66016E-01   -0.89081E-01    0.36723E+04    0.12675E+03   -0.13958E+03    0.72714E+02    0.10337E+03   -0.70039E+02   -0.83313E+00   -0.30513E+00    0.82380E+00    0.61891E-03   -0.87999E-03   -0.10367E+00   -0.18860E+02    0.17538E+02
   -0.86618E-03    0.48143E-02   -0.81732E-03   -0.14424E-01    0.80498E-02    0.15190E+00   -0.12936E-01   -0.12934E-01    0.12675E+03    0.18587E+03    0.29322E+02   -0.37091E+02    0.36447E+01   -0.84838E+01   -0.12922E+00    0.53567E-01    0.82419E-01    0.56185E-04    0.11920E-02    0.10709E+01   -0.13181E+02    0.58848E+00
   -0.84590E-04    0.23610E-02   -0.26797E-03    0.24910E-02    0.21256E-02   -0.15269E-01    0.99443E-02    0.22715E-01   -0.13958E+03    0.29322E+02    0.28672E+03   -0.24107E+02   -0.11574E+03    0.28100E+01    0.69775E-01   -0.17065E+01   -0.94219E+00    0.12260E-03   -0.32717E-02    0.58034E+00   -0.10473E+02    0.98065E+00
   -0.11017E-03    0.93576E-04   -0.56857E-04   -0.30043E-02    0.10316E-02    0.42174E-01   -0.59281E-02   -0.97823E-02    0.72714E+02   -0.37091E+02   -0.24107E+02    0.30032E+02    0.14080E+02   -0.20073E+01   -0.35481E-02    0.75972E-01    0.82627E-01   -0.50685E-04   -0.47946E-03    0.12345E+00   -0.70093E+00   -0.45960E+00
   -0.33583E-03    0.92873E-03   -0.21820E-03   -0.76402E-02    0.25357E-02    0.79792E-01   -0.11589E-01   -0.18543E-01    0.10337E+03    0.36447E+01   -0.11574E+03    0.14080E+02    0.59048E+02   -0.13173E+01    0.16061E-01    0.77133E+00    0.57162E+00   -0.67709E-04    0.15892E-02   -0.30042E+00   -0.13627E+01   -0.30342E+00
    0.36113E-05   -0.23820E-04   -0.24703E-04   -0.20731E-03    0.98010E-04    0.63527E-02   -0.33227E-03   -0.14537E-02   -0.70039E+02   -0.84838E+01    0.28100E+01   -0.20073E+01   -0.13173E+01    0.76755E+01    0.42035E-01    0.25844E+00   -0.36227E-01   -0.53066E-05   -0.19160E-03   -0.46629E-01    0.10865E+00    0.15343E+00
    0.28072E-06    0.20602E-05   -0.10526E-06    0.27773E-04   -0.16689E-05   -0.13958E-03    0.36637E-04    0.96083E-04   -0.83313E+00   -0.12922E+00    0.69775E-01   -0.35481E-02    0.16061E-01    0.42035E-01    0.65062E-02   -0.54471E-02    0.45855E-02   -0.44233E-07   -0.67041E-05    0.40379E-02   -0.10882E-01    0.44050E-02
   -0.61105E-05    0.11715E-04   -0.39324E-05   -0.19104E-03    0.53516E-04    0.21190E-02   -0.27410E-03   -0.53344E-03   -0.30513E+00    0.53567E-01   -0.17065E+01    0.75972E-01    0.77133E+00    0.25844E+00   -0.54471E-02    0.51182E-01   -0.42761E-02   -0.18685E-05    0.38581E-04   -0.32720E-03   -0.86889E-02   -0.55194E-02
   -0.15676E-05    0.74608E-05   -0.15069E-05   -0.19433E-04    0.10324E-04    0.72571E-04   -0.10671E-04   -0.59218E-06    0.82380E+00    0.82419E-01   -0.94219E+00    0.82627E-01    0.57162E+00   -0.36227E-01    0.45855E-02   -0.42761E-02    0.15901E-01   -0.83387E-06    0.28321E-05   -0.89673E-03   -0.84532E-02    0.80766E-02
    0.41442E-08   -0.19247E-07    0.66930E-08    0.18984E-07   -0.37018E-07   -0.60110E-06    0.20071E-07    0.65157E-07    0.61891E-03    0.56185E-04    0.12260E-03   -0.50685E-04   -0.67709E-04   -0.53066E-05   -0.44233E-07   -0.18685E-05   -0.83387E-06    0.15863E-06    0.24870E-08    0.31605E-06   -0.83607E-05   -0.17928E-04
   -0.11815E-07    0.90680E-07   -0.16564E-07   -0.16851E-06    0.13774E-06    0.45050E-05    0.63498E-07    0.42474E-06   -0.87999E-03    0.11920E-02   -0.32717E-02   -0.47946E-03    0.15892E-02   -0.19160E-03   -0.67041E-05    0.38581E-04    0.28321E-05    0.24870E-08    0.18511E-05   -0.71818E-05   -0.47799E-04    0.98294E-04
    0.20358E-05   -0.47993E-05    0.43350E-06    0.60821E-04   -0.88704E-05   -0.22521E-03    0.77116E-04    0.17519E-03   -0.10367E+00    0.10709E+01    0.58034E+00    0.12345E+00   -0.30042E+00   -0.46629E-01    0.40379E-02   -0.32720E-03   -0.89673E-03    0.31605E-06   -0.71818E-05    0.81952E-01    0.17949E-01    0.52371E-02
   -0.78628E-04    0.16244E-03   -0.42587E-04   -0.19709E-02    0.69180E-03    0.25049E-01   -0.36313E-02   -0.54875E-02   -0.18860E+02   -0.13181E+02   -0.10473E+02   -0.70093E+00   -0.13627E+01    0.10865E+00   -0.10882E-01   -0.86889E-02   -0.84532E-02   -0.83607E-05   -0.47799E-04    0.17949E-01    0.81699E+01   -0.39197E-01
   -0.12818E-04    0.15017E-03   -0.22001E-04   -0.36087E-03    0.17699E-03    0.20022E-02   -0.14509E-03    0.23344E-03    0.17538E+02    0.58848E+00    0.98065E+00   -0.45960E+00   -0.30342E+00    0.15343E+00    0.44050E-02   -0.55194E-02    0.80766E-02   -0.17928E-04    0.98294E-04    0.52371E-02   -0.39197E-01    0.32310E+00
