# omegabh2 omegach2 theta tau omegak logA ns alpha_JLA beta_JLA acib217 acibsz143 asz143 aps100 aps143 aps143217 aps217 aksz kgal100 t1gal143 t1gal143217 t1gal217 galfEE100 galfEE100143 galfEE100217 galfEE143 galfEE143217 galfEE217 galfTE100 galfTE100143 galfTE100217 galfTE143 galfTE143217 galfTE217 calib_100T calib_217T
    0.2766719E-07   -0.1572790E-06    0.1550659E-07    0.6148690E-06   -0.1459657E-06    0.1032246E-05    0.3666146E-06    0.3552036E-08    0.6024145E-06   -0.2693255E-03   -0.1349886E-03    0.1337699E-04   -0.4120873E-03    0.3215488E-04    0.3297305E-03    0.3461801E-03   -0.6182949E-04    0.1984750E-03   -0.2284332E-03   -0.1929945E-03   -0.1703188E-03    0.1432252E-06    0.1631489E-06    0.2064341E-06    0.1355572E-06    0.3006028E-06    0.5973545E-06   -0.2753693E-05   -0.3054299E-05   -0.3428885E-05   -0.4470320E-05   -0.5731510E-05   -0.1076794E-04   -0.4512198E-07    0.3313108E-08
   -0.1572790E-06    0.1936050E-05   -0.1271751E-06   -0.7434688E-05    0.1849399E-05   -0.1053415E-04   -0.4799567E-05    0.1394200E-06   -0.8405614E-05    0.1734980E-02    0.8143350E-03   -0.7255451E-04    0.2645265E-02    0.3387876E-03   -0.1513308E-02   -0.1844627E-02    0.2621654E-03    0.5744796E-03    0.5095615E-03    0.4332962E-03    0.3766255E-03   -0.2279995E-05   -0.2646618E-05   -0.2982338E-05   -0.1852450E-05   -0.3244509E-05   -0.3891584E-05    0.2148749E-04    0.2342691E-04    0.2443602E-04    0.2649046E-04    0.3512991E-04    0.6196967E-04   -0.7130863E-07   -0.3052837E-07
    0.1550659E-07   -0.1271751E-06    0.8343456E-07    0.7476213E-06   -0.2287080E-06    0.1230360E-05    0.3804396E-06   -0.6923524E-07   -0.3231163E-06   -0.9901327E-04   -0.1854496E-04   -0.9930314E-06   -0.2142231E-03   -0.4875792E-04    0.1375242E-04    0.9584887E-04   -0.3554759E-04    0.2451417E-03    0.1938615E-03    0.1594412E-03    0.1426848E-03    0.4112047E-07    0.1932159E-06    0.6719210E-07    0.2438990E-06    0.1593231E-06    0.4063298E-06   -0.1937756E-05   -0.2702327E-05   -0.1714689E-05   -0.4250487E-05   -0.1360722E-05    0.2583944E-05   -0.6604073E-09    0.1508382E-07
    0.6148690E-06   -0.7434688E-05    0.7476213E-06    0.1067735E-03   -0.3615364E-05    0.1954869E-03    0.2512513E-04   -0.9718517E-06    0.6518182E-04   -0.1157955E-01   -0.4491445E-02    0.4469647E-03   -0.2006845E-01   -0.2665186E-02    0.8395329E-02    0.1453366E-01   -0.2379611E-02   -0.4889127E-02   -0.1640601E-02   -0.2694803E-02   -0.4482666E-02    0.8641894E-05    0.9876773E-05    0.1105236E-04    0.8610649E-05    0.1240688E-04    0.9952170E-05   -0.4412395E-04   -0.6647932E-04   -0.6344199E-04   -0.1038462E-03   -0.1115538E-03   -0.2504961E-03    0.8176788E-06    0.9760212E-06
   -0.1459657E-06    0.1849399E-05   -0.2287080E-06   -0.3615364E-05    0.4079044E-05   -0.2783266E-05   -0.4711088E-05    0.4435336E-06   -0.6085015E-05    0.1534379E-02    0.7316413E-03    0.6758794E-04    0.2674482E-02    0.2806615E-04   -0.1370260E-02   -0.1294726E-02    0.2327274E-03   -0.4024166E-03   -0.5822816E-03   -0.7026032E-03   -0.1131862E-02   -0.2105089E-05   -0.3120481E-05   -0.2190734E-05   -0.1828410E-05   -0.2766180E-05   -0.5042762E-05    0.1992710E-04    0.2701509E-04    0.1671055E-04    0.4445676E-04    0.4556806E-04    0.4945028E-04   -0.9454913E-07    0.4166649E-07
    0.1032246E-05   -0.1053415E-04    0.1230360E-05    0.1954869E-03   -0.2783266E-05    0.3723988E-03    0.3773890E-04   -0.1590078E-05    0.1136002E-03   -0.2131889E-01   -0.9193615E-02    0.1675975E-03   -0.2488726E-01    0.4347773E-02    0.2339592E-01    0.3201557E-01   -0.4969015E-02   -0.1797202E-01   -0.2142955E-01   -0.2282807E-01   -0.2646576E-01    0.9214451E-05    0.1136522E-04    0.1269077E-04    0.1208897E-04    0.1691925E-04    0.1450335E-04   -0.5221288E-04   -0.8357396E-04   -0.9485173E-04   -0.1446018E-03   -0.1434119E-03   -0.3936317E-03    0.4405743E-06    0.1826549E-05
    0.3666146E-06   -0.4799567E-05    0.3804396E-06    0.2512513E-04   -0.4711088E-05    0.3773890E-04    0.2192566E-04    0.4529107E-06    0.2875931E-04   -0.1094283E-01   -0.5334016E-02   -0.8532658E-03   -0.9792659E-02    0.5263695E-02    0.1405789E-01    0.1443836E-01   -0.2942123E-02   -0.5103873E-02   -0.1522263E-02   -0.1235031E-02   -0.4151675E-03    0.8423729E-05    0.1071071E-04    0.1265981E-04    0.8007356E-05    0.1101178E-04    0.1147908E-04   -0.6126337E-04   -0.7652375E-04   -0.8535487E-04   -0.6412383E-04   -0.1008175E-03   -0.1810216E-03    0.9538152E-06    0.3100336E-06
    0.3552036E-08    0.1394200E-06   -0.6923524E-07   -0.9718517E-06    0.4435336E-06   -0.1590078E-05    0.4529107E-06    0.4199700E-04   -0.2367463E-04   -0.1488796E-02   -0.7011701E-03   -0.2589650E-03    0.2150453E-02   -0.1655464E-03    0.9387957E-03    0.2305560E-03    0.2775243E-03   -0.4236352E-02    0.1133218E-02    0.1242376E-02    0.2410848E-02   -0.3157875E-05    0.1409991E-06   -0.1370708E-06    0.1750823E-05    0.7718209E-06   -0.1338156E-05    0.2137544E-04    0.1979278E-04    0.1967121E-04   -0.3814553E-04   -0.5660354E-04   -0.9640185E-04    0.6084965E-06   -0.4786254E-07
    0.6024145E-06   -0.8405614E-05   -0.3231163E-06    0.6518182E-04   -0.6085015E-05    0.1136002E-03    0.2875931E-04   -0.2367463E-04    0.6097808E-02   -0.5214499E-01   -0.1030855E-01   -0.1222243E-01    0.6042801E-01    0.1800435E-01    0.3229545E-01    0.8347898E-01    0.3839380E-02   -0.9012873E-03   -0.2170998E-02   -0.9988760E-02   -0.3881413E-02    0.3780505E-04    0.6956483E-05    0.2106182E-04   -0.5304968E-05   -0.2206901E-04    0.4565580E-04   -0.5273467E-03   -0.6763450E-03   -0.3428381E-03   -0.1108811E-02   -0.1040175E-02   -0.1917148E-03    0.2619486E-07    0.2184508E-05
   -0.2693255E-03    0.1734980E-02   -0.9901327E-04   -0.1157955E-01    0.1534379E-02   -0.2131889E-01   -0.1094283E-01   -0.1488796E-02   -0.5214499E-01    0.6515839E+02    0.2521443E+02    0.3621779E+00    0.2780419E+02   -0.1953946E+02   -0.6502860E+02   -0.7929467E+02   -0.3683131E+01   -0.4247104E+01   -0.1270213E+02   -0.2012804E+02   -0.2703847E+02   -0.7799388E-02   -0.4890432E-02   -0.4315738E-02   -0.3567613E-02   -0.7658250E-03    0.8257693E-02    0.7874670E-01    0.3760100E-01    0.4975667E-01    0.6982694E-02    0.5834294E-01    0.9622379E-01   -0.3861302E-04   -0.2480978E-02
   -0.1349886E-03    0.8143350E-03   -0.1854496E-04   -0.4491445E-02    0.7316413E-03   -0.9193615E-02   -0.5334016E-02   -0.7011701E-03   -0.1030855E-01    0.2521443E+02    0.1895583E+02    0.2862066E+01   -0.1382613E+02   -0.2581459E+02   -0.4604026E+02   -0.2654630E+02   -0.1569243E+01   -0.3348832E+01   -0.7683636E+01   -0.1528350E+02   -0.1780114E+02   -0.2513408E-02   -0.1603223E-02   -0.1555650E-02   -0.2441463E-02    0.2060198E-04    0.1493792E-02    0.6648354E-01    0.4699889E-01    0.6722248E-01   -0.1528240E-01    0.2568537E-01    0.7934580E-01   -0.4736011E-04    0.1466051E-03
    0.1337699E-04   -0.7255451E-04   -0.9930314E-06    0.4469647E-03    0.6758794E-04    0.1675975E-03   -0.8532658E-03   -0.2589650E-03   -0.1222243E-01    0.3621779E+00    0.2862066E+01    0.6189166E+01   -0.3969642E+02   -0.1735868E+02   -0.5085157E+01    0.1110160E+01   -0.8145236E+00   -0.3235198E+01   -0.2807924E+01    0.1699293E+01    0.3158358E+01   -0.3382089E-03    0.6487473E-03    0.6453349E-03   -0.7112674E-04    0.1961292E-02    0.1946168E-02    0.4967802E-02   -0.7732170E-02   -0.4930602E-02   -0.3052457E-01   -0.2406506E-01   -0.3546083E-01   -0.3584074E-03    0.5959632E-04
   -0.4120873E-03    0.2645265E-02   -0.2142231E-03   -0.2006845E-01    0.2674482E-02   -0.2488726E-01   -0.9792659E-02    0.2150453E-02    0.6042801E-01    0.2780419E+02   -0.1382613E+02   -0.3969642E+02    0.7302873E+03    0.1610094E+03    0.5518522E+02   -0.1340743E+02   -0.9715392E+01   -0.4391964E+02   -0.3359509E+01   -0.1985754E+02   -0.2944087E+02   -0.1599160E-01   -0.1434511E-01   -0.2259757E-02   -0.1091752E-01   -0.1881342E-01   -0.2530177E-01    0.1448013E+00    0.1455267E+00    0.1673649E+00    0.1750845E+00    0.1949537E+00    0.4347142E+00    0.1794115E-03   -0.2198450E-02
    0.3215488E-04    0.3387876E-03   -0.4875792E-04   -0.2665186E-02    0.2806615E-04    0.4347773E-02    0.5263695E-02   -0.1655464E-03    0.1800435E-01   -0.1953946E+02   -0.2581459E+02   -0.1735868E+02    0.1610094E+03    0.1133209E+03    0.9070246E+02    0.4201074E+02   -0.8313543E+01   -0.4139692E+01   -0.1012954E+02   -0.6356897E+01   -0.5681516E+01   -0.1482226E-02   -0.2312292E-02   -0.3219331E-02   -0.1032979E-03   -0.6701035E-02   -0.5853520E-02   -0.1415232E-01    0.4514173E-01    0.4983991E-01    0.1775800E+00    0.1472117E+00    0.1575064E+00    0.4456739E-03   -0.7313463E-03
    0.3297305E-03   -0.1513308E-02    0.1375242E-04    0.8395329E-02   -0.1370260E-02    0.2339592E-01    0.1405789E-01    0.9387957E-03    0.3229545E-01   -0.6502860E+02   -0.4604026E+02   -0.5085157E+01    0.5518522E+02    0.9070246E+02    0.1469405E+03    0.1014731E+03   -0.7029370E+01   -0.5208580E+01   -0.2711821E+01    0.1141350E+02    0.1419153E+02    0.4840700E-02    0.4012124E-02    0.2496458E-02    0.4620362E-02   -0.7866690E-03   -0.2942066E-02   -0.1111401E+00   -0.6843648E-01   -0.7280039E-01    0.6129281E-01    0.9728213E-02   -0.7637173E-01   -0.2910202E-03    0.1017812E-02
    0.3461801E-03   -0.1844627E-02    0.9584887E-04    0.1453366E-01   -0.1294726E-02    0.3201557E-01    0.1443836E-01    0.2305560E-03    0.8347898E-01   -0.7929467E+02   -0.2654630E+02    0.1110160E+01   -0.1340743E+02    0.4201074E+02    0.1014731E+03    0.1345687E+03   -0.6236874E+01   -0.7853881E+01   -0.4568725E+01   -0.6392742E+01   -0.6662279E+01    0.1063120E-01    0.7192258E-02    0.6636935E-02    0.2231165E-02    0.8417525E-03   -0.7658909E-02   -0.3275307E-01    0.2078721E-02    0.3971667E-01   -0.1943205E-01   -0.1698376E-01   -0.1274818E-01   -0.1788315E-03    0.5144071E-02
   -0.6182949E-04    0.2621654E-03   -0.3554759E-04   -0.2379611E-02    0.2327274E-03   -0.4969015E-02   -0.2942123E-02    0.2775243E-03    0.3839380E-02   -0.3683131E+01   -0.1569243E+01   -0.8145236E+00   -0.9715392E+01   -0.8313543E+01   -0.7029370E+01   -0.6236874E+01    0.7560886E+01   -0.4970939E+00   -0.2393976E+01   -0.3415952E+01   -0.3460883E+01    0.1411438E-03   -0.1213584E-02   -0.7441306E-03   -0.4816102E-03   -0.1429512E-02   -0.2138300E-02   -0.1161562E-01    0.1704692E-02   -0.8029058E-02    0.1388968E-01    0.2049612E-02   -0.2252727E-02   -0.1884175E-03    0.8621581E-04
    0.1984750E-03    0.5744796E-03    0.2451417E-03   -0.4889127E-02   -0.4024166E-03   -0.1797202E-01   -0.5103873E-02   -0.4236352E-02   -0.9012873E-03   -0.4247104E+01   -0.3348832E+01   -0.3235198E+01   -0.4391964E+02   -0.4139692E+01   -0.5208580E+01   -0.7853881E+01   -0.4970939E+00    0.1815068E+03    0.7391471E+02    0.7013503E+02    0.6836234E+02    0.6472326E-03   -0.8555494E-02   -0.9295880E-02   -0.1116030E-02    0.6714249E-03    0.1033991E-03   -0.4649418E-01    0.9534029E-03    0.4735642E-01    0.3450311E-02    0.2150238E-01   -0.2688992E-01   -0.1450431E-01    0.3109790E-04
   -0.2284332E-03    0.5095615E-03    0.1938615E-03   -0.1640601E-02   -0.5822816E-03   -0.2142955E-01   -0.1522263E-02    0.1133218E-02   -0.2170998E-02   -0.1270213E+02   -0.7683636E+01   -0.2807924E+01   -0.3359509E+01   -0.1012954E+02   -0.2711821E+01   -0.4568725E+01   -0.2393976E+01    0.7391471E+02    0.1235405E+03    0.1219358E+03    0.1199255E+03    0.5125367E-02    0.9901965E-03   -0.2476305E-02    0.4481440E-02   -0.4221989E-02   -0.1607404E-01   -0.2616851E-01   -0.2757142E-01    0.3208014E-02   -0.6896106E-01   -0.7920338E-01    0.6478835E-02    0.2885669E-02    0.6479798E-03
   -0.1929945E-03    0.4332962E-03    0.1594412E-03   -0.2694803E-02   -0.7026032E-03   -0.2282807E-01   -0.1235031E-02    0.1242376E-02   -0.9988760E-02   -0.2012804E+02   -0.1528350E+02    0.1699293E+01   -0.1985754E+02   -0.6356897E+01    0.1141350E+02   -0.6392742E+01   -0.3415952E+01    0.7013503E+02    0.1219358E+03    0.1588879E+03    0.1830327E+03    0.2971337E-02    0.4240421E-03   -0.2856945E-02    0.3327566E-02   -0.5374299E-02   -0.1228009E-01   -0.7664607E-01   -0.9039283E-01   -0.9264335E-01   -0.7308451E-01   -0.9644347E-01   -0.3684550E-01    0.2263310E-02   -0.4581691E-02
   -0.1703188E-03    0.3766255E-03    0.1426848E-03   -0.4482666E-02   -0.1131862E-02   -0.2646576E-01   -0.4151675E-03    0.2410848E-02   -0.3881413E-02   -0.2703847E+02   -0.1780114E+02    0.3158358E+01   -0.2944087E+02   -0.5681516E+01    0.1419153E+02   -0.6662279E+01   -0.3460883E+01    0.6836234E+02    0.1199255E+03    0.1830327E+03    0.2333054E+03    0.1578559E-02    0.3025172E-03   -0.4030022E-02    0.2054893E-02   -0.7602716E-02   -0.1094827E-01   -0.1077859E+00   -0.1369512E+00   -0.1522402E+00   -0.7291554E-01   -0.8205935E-01   -0.9996274E-02    0.2067147E-02   -0.9274035E-02
    0.1432252E-06   -0.2279995E-05    0.4112047E-07    0.8641894E-05   -0.2105089E-05    0.9214451E-05    0.8423729E-05   -0.3157875E-05    0.3780505E-04   -0.7799388E-02   -0.2513408E-02   -0.3382089E-03   -0.1599160E-01   -0.1482226E-02    0.4840700E-02    0.1063120E-01    0.1411438E-03    0.6472326E-03    0.5125367E-02    0.2971337E-02    0.1578559E-02    0.6490517E-04    0.2301338E-04    0.2837144E-04    0.1002801E-04    0.1235400E-04    0.1792230E-04   -0.7074291E-04   -0.1273594E-04    0.2759674E-04   -0.4522415E-04   -0.2373674E-04    0.3175699E-05    0.9742244E-06    0.5394281E-06
    0.1631489E-06   -0.2646618E-05    0.1932159E-06    0.9876773E-05   -0.3120481E-05    0.1136522E-04    0.1071071E-04    0.1409991E-06    0.6956483E-05   -0.4890432E-02   -0.1603223E-02    0.6487473E-03   -0.1434511E-01   -0.2312292E-02    0.4012124E-02    0.7192258E-02   -0.1213584E-02   -0.8555494E-02    0.9901965E-03    0.4240421E-03    0.3025172E-03    0.2301338E-04    0.4253036E-04    0.3770808E-04    0.3110959E-04    0.3320186E-04    0.2826378E-04   -0.4373692E-04   -0.7638139E-04   -0.1794736E-04   -0.1389425E-03   -0.1121899E-03   -0.1528390E-03    0.1462247E-05    0.3219682E-06
    0.2064341E-06   -0.2982338E-05    0.6719210E-07    0.1105236E-04   -0.2190734E-05    0.1269077E-04    0.1265981E-04   -0.1370708E-06    0.2106182E-04   -0.4315738E-02   -0.1555650E-02    0.6453349E-03   -0.2259757E-02   -0.3219331E-02    0.2496458E-02    0.6636935E-02   -0.7441306E-03   -0.9295880E-02   -0.2476305E-02   -0.2856945E-02   -0.4030022E-02    0.2837144E-04    0.3770808E-04    0.1205499E-03    0.2483855E-04    0.6206202E-04    0.9839984E-04   -0.9028324E-05   -0.6320569E-04   -0.5965248E-04   -0.1089353E-03   -0.2620815E-03   -0.5502044E-03    0.9701907E-06    0.3872654E-06
    0.1355572E-06   -0.1852450E-05    0.2438990E-06    0.8610649E-05   -0.1828410E-05    0.1208897E-04    0.8007356E-05    0.1750823E-05   -0.5304968E-05   -0.3567613E-02   -0.2441463E-02   -0.7112674E-04   -0.1091752E-01   -0.1032979E-03    0.4620362E-02    0.2231165E-02   -0.4816102E-03   -0.1116030E-02    0.4481440E-02    0.3327566E-02    0.2054893E-02    0.1002801E-04    0.3110959E-04    0.2483855E-04    0.8172157E-04    0.5564050E-04    0.3459068E-04   -0.7148298E-04   -0.9084170E-04    0.7390737E-05   -0.1402571E-03   -0.5623608E-04    0.1138593E-04    0.6090723E-06    0.2849346E-06
    0.3006028E-06   -0.3244509E-05    0.1593231E-06    0.1240688E-04   -0.2766180E-05    0.1691925E-04    0.1101178E-04    0.7718209E-06   -0.2206901E-04   -0.7658250E-03    0.2060198E-04    0.1961292E-02   -0.1881342E-01   -0.6701035E-02   -0.7866690E-03    0.8417525E-03   -0.1429512E-02    0.6714249E-03   -0.4221989E-02   -0.5374299E-02   -0.7602716E-02    0.1235400E-04    0.3320186E-04    0.6206202E-04    0.5564050E-04    0.1258286E-03    0.1469588E-03    0.2073377E-05   -0.5722953E-04   -0.3791010E-04   -0.1510151E-03   -0.2034916E-03   -0.4316337E-03   -0.5894627E-06    0.6578954E-06
    0.5973545E-06   -0.3891584E-05    0.4063298E-06    0.9952170E-05   -0.5042762E-05    0.1450335E-04    0.1147908E-04   -0.1338156E-05    0.4565580E-04    0.8257693E-02    0.1493792E-02    0.1946168E-02   -0.2530177E-01   -0.5853520E-02   -0.2942066E-02   -0.7658909E-02   -0.2138300E-02    0.1033991E-03   -0.1607404E-01   -0.1228009E-01   -0.1094827E-01    0.1792230E-04    0.2826378E-04    0.9839984E-04    0.3459068E-04    0.1469588E-03    0.6439191E-03    0.4416020E-04   -0.3549935E-05    0.1231155E-03   -0.2248747E-03   -0.2954794E-03   -0.4554041E-03   -0.1156160E-05   -0.8571438E-06
   -0.2753693E-05    0.2148749E-04   -0.1937756E-05   -0.4412395E-04    0.1992710E-04   -0.5221288E-04   -0.6126337E-04    0.2137544E-04   -0.5273467E-03    0.7874670E-01    0.6648354E-01    0.4967802E-02    0.1448013E+00   -0.1415232E-01   -0.1111401E+00   -0.3275307E-01   -0.1161562E-01   -0.4649418E-01   -0.2616851E-01   -0.7664607E-01   -0.1077859E+00   -0.7074291E-04   -0.4373692E-04   -0.9028324E-05   -0.7148298E-04    0.2073377E-05    0.4416020E-04    0.1301659E-01    0.8391027E-02    0.9330541E-02    0.2559205E-02    0.2383275E-02    0.2621228E-02    0.5171413E-05    0.5295991E-05
   -0.3054299E-05    0.2342691E-04   -0.2702327E-05   -0.6647932E-04    0.2701509E-04   -0.8357396E-04   -0.7652375E-04    0.1979278E-04   -0.6763450E-03    0.3760100E-01    0.4699889E-01   -0.7732170E-02    0.1455267E+00    0.4514173E-01   -0.6843648E-01    0.2078721E-02    0.1704692E-02    0.9534029E-03   -0.2757142E-01   -0.9039283E-01   -0.1369512E+00   -0.1273594E-04   -0.7638139E-04   -0.6320569E-04   -0.9084170E-04   -0.5722953E-04   -0.3549935E-05    0.8391027E-02    0.1228055E-01    0.1304442E-01    0.8902214E-02    0.7688539E-02    0.6109416E-02    0.1824099E-05    0.1281669E-04
   -0.3428885E-05    0.2443602E-04   -0.1714689E-05   -0.6344199E-04    0.1671055E-04   -0.9485173E-04   -0.8535487E-04    0.1967121E-04   -0.3428381E-03    0.4975667E-01    0.6722248E-01   -0.4930602E-02    0.1673649E+00    0.4983991E-01   -0.7280039E-01    0.3971667E-01   -0.8029058E-02    0.4735642E-01    0.3208014E-02   -0.9264335E-01   -0.1522402E+00    0.2759674E-04   -0.1794736E-04   -0.5965248E-04    0.7390737E-05   -0.3791010E-04    0.1231155E-03    0.9330541E-02    0.1304442E-01    0.2512511E-01    0.3892482E-02    0.1005711E-01    0.1995343E-01    0.3501344E-05    0.1319759E-04
   -0.4470320E-05    0.2649046E-04   -0.4250487E-05   -0.1038462E-03    0.4445676E-04   -0.1446018E-03   -0.6412383E-04   -0.3814553E-04   -0.1108811E-02    0.6982694E-02   -0.1528240E-01   -0.3052457E-01    0.1750845E+00    0.1775800E+00    0.6129281E-01   -0.1943205E-01    0.1388968E-01    0.3450311E-02   -0.6896106E-01   -0.7308451E-01   -0.7291554E-01   -0.4522415E-04   -0.1389425E-03   -0.1089353E-03   -0.1402571E-03   -0.1510151E-03   -0.2248747E-03    0.2559205E-02    0.8902214E-02    0.3892482E-02    0.2319559E-01    0.1952475E-01    0.1158651E-01   -0.3825848E-05    0.3183291E-05
   -0.5731510E-05    0.3512991E-04   -0.1360722E-05   -0.1115538E-03    0.4556806E-04   -0.1434119E-03   -0.1008175E-03   -0.5660354E-04   -0.1040175E-02    0.5834294E-01    0.2568537E-01   -0.2406506E-01    0.1949537E+00    0.1472117E+00    0.9728213E-02   -0.1698376E-01    0.2049612E-02    0.2150238E-01   -0.7920338E-01   -0.9644347E-01   -0.8205935E-01   -0.2373674E-04   -0.1121899E-03   -0.2620815E-03   -0.5623608E-04   -0.2034916E-03   -0.2954794E-03    0.2383275E-02    0.7688539E-02    0.1005711E-01    0.1952475E-01    0.2789864E-01    0.3698986E-01   -0.5290532E-05   -0.3342295E-05
   -0.1076794E-04    0.6196967E-04    0.2583944E-05   -0.2504961E-03    0.4945028E-04   -0.3936317E-03   -0.1810216E-03   -0.9640185E-04   -0.1917148E-03    0.9622379E-01    0.7934580E-01   -0.3546083E-01    0.4347142E+00    0.1575064E+00   -0.7637173E-01   -0.1274818E-01   -0.2252727E-02   -0.2688992E-01    0.6478835E-02   -0.3684550E-01   -0.9996274E-02    0.3175699E-05   -0.1528390E-03   -0.5502044E-03    0.1138593E-04   -0.4316337E-03   -0.4554041E-03    0.2621228E-02    0.6109416E-02    0.1995343E-01    0.1158651E-01    0.3698986E-01    0.9574843E-01    0.8544745E-05   -0.9884617E-05
   -0.4512198E-07   -0.7130863E-07   -0.6604073E-09    0.8176788E-06   -0.9454913E-07    0.4405743E-06    0.9538152E-06    0.6084965E-06    0.2619486E-07   -0.3861302E-04   -0.4736011E-04   -0.3584074E-03    0.1794115E-03    0.4456739E-03   -0.2910202E-03   -0.1788315E-03   -0.1884175E-03   -0.1450431E-01    0.2885669E-02    0.2263310E-02    0.2067147E-02    0.9742244E-06    0.1462247E-05    0.9701907E-06    0.6090723E-06   -0.5894627E-06   -0.1156160E-05    0.5171413E-05    0.1824099E-05    0.3501344E-05   -0.3825848E-05   -0.5290532E-05    0.8544745E-05    0.2446785E-05    0.6135709E-07
    0.3313108E-08   -0.3052837E-07    0.1508382E-07    0.9760212E-06    0.4166649E-07    0.1826549E-05    0.3100336E-06   -0.4786254E-07    0.2184508E-05   -0.2480978E-02    0.1466051E-03    0.5959632E-04   -0.2198450E-02   -0.7313463E-03    0.1017812E-02    0.5144071E-02    0.8621581E-04    0.3109790E-04    0.6479798E-03   -0.4581691E-02   -0.9274035E-02    0.5394281E-06    0.3219682E-06    0.3872654E-06    0.2849346E-06    0.6578954E-06   -0.8571438E-06    0.5295991E-05    0.1281669E-04    0.1319759E-04    0.3183291E-05   -0.3342295E-05   -0.9884617E-05    0.6135709E-07    0.1322837E-05
