# omegabh2 omegach2 theta tau yhe logA ns calPlanck acib217 xi asz143 aps100 aps143 aps143217 aps217 aksz kgal100 kgal143 kgal143217 kgal217 cal0 cal2
    0.1158458E-06   -0.4944709E-06    0.2552152E-06    0.4076807E-05    0.5256848E-05    0.8495536E-05    0.3467071E-05    0.4173954E-07    0.1912720E-03   -0.2951717E-05   -0.2798534E-04    0.6898489E-03    0.2956374E-03    0.9430393E-04   -0.4752492E-04    0.6038969E-04    0.2172353E-04    0.1344790E-04    0.7208783E-05   -0.4681742E-04   -0.1592054E-08    0.1686075E-07
   -0.4944709E-06    0.5578362E-05   -0.1218809E-05   -0.2684145E-04   -0.1850528E-04   -0.4558309E-04   -0.2069624E-04   -0.2624642E-06   -0.5551666E-03    0.1196593E-04    0.1001547E-03   -0.2337374E-02   -0.4558254E-03    0.2385540E-03    0.4214891E-03   -0.2792178E-03   -0.5992533E-04   -0.1149146E-05    0.7611430E-04    0.2868829E-03   -0.1055718E-07   -0.2959342E-07
    0.2552152E-06   -0.1218809E-05    0.9025096E-06    0.9637329E-05    0.1762677E-04    0.2115593E-04    0.1028729E-04    0.7570175E-07    0.1346558E-02   -0.1940644E-04   -0.2711571E-03    0.5041678E-02    0.2622381E-02    0.7217888E-03   -0.3349448E-03    0.4554786E-03    0.6641551E-04    0.3110471E-04    0.7108606E-04   -0.3147974E-03   -0.2288835E-07    0.1218639E-06
    0.4076807E-05   -0.2684145E-04    0.9637329E-05    0.4494807E-03    0.1757040E-03    0.8785926E-03    0.1533973E-03   -0.3311842E-06   -0.4527530E-02    0.5631882E-04    0.1266148E-02   -0.2175224E-01   -0.2185415E-02    0.5749697E-02    0.1018570E-01   -0.2283593E-02    0.2220226E-03   -0.1619951E-03   -0.8655025E-03   -0.1073414E-02   -0.8356084E-07   -0.9860159E-06
    0.5256848E-05   -0.1850528E-04    0.1762677E-04    0.1757040E-03    0.4626436E-03    0.4272818E-03    0.2296767E-03    0.1517791E-05    0.3794323E-01   -0.5339943E-03   -0.7960616E-02    0.1455870E+00    0.7957473E-01    0.2385232E-01   -0.6083571E-02    0.1302148E-01    0.1953593E-02    0.8430747E-03    0.2389985E-02   -0.8237030E-02   -0.6784455E-06    0.3548882E-05
    0.8495536E-05   -0.4558309E-04    0.2115593E-04    0.8785926E-03    0.4272818E-03    0.1783544E-02    0.3164184E-03    0.1162215E-04   -0.1414167E-02    0.6745500E-04    0.9789655E-03   -0.8416560E-02    0.1650414E-01    0.2236031E-01    0.2716724E-01   -0.3093438E-02    0.5245019E-03   -0.8709290E-03   -0.1471365E-02   -0.1952473E-02    0.1369265E-07   -0.1287149E-05
    0.3467071E-05   -0.2069624E-04    0.1028729E-04    0.1533973E-03    0.2296767E-03    0.3164184E-03    0.1536168E-03    0.1515336E-05    0.1146942E-01   -0.1408018E-03   -0.2097910E-02    0.3727449E-01    0.2652856E-01    0.1212850E-01    0.2955509E-02    0.3067119E-02    0.1144806E-02    0.2224484E-03    0.5288754E-03   -0.2897736E-02   -0.4678737E-06    0.1039129E-05
    0.4173954E-07   -0.2624642E-06    0.7570175E-07   -0.3311842E-06    0.1517791E-05    0.1162215E-04    0.1515336E-05    0.6234378E-05    0.6875417E-03    0.4842037E-05    0.7383491E-04    0.2991160E-02    0.7102280E-03    0.9596599E-03    0.1736418E-02   -0.1307350E-03   -0.2729420E-04   -0.1266333E-03   -0.5700388E-04    0.6731012E-03    0.4885796E-07   -0.7261675E-08
    0.1912720E-03   -0.5551666E-03    0.1346558E-02   -0.4527530E-02    0.3794323E-01   -0.1414167E-02    0.1146942E-01    0.6875417E-03    0.5245617E+02   -0.5286588E+00   -0.2179979E+01    0.5622479E+02    0.8355992E+01   -0.1801220E+02   -0.6667711E+02    0.1436376E+01   -0.9744603E-01    0.4587809E+00   -0.2701277E+01   -0.2569908E+02   -0.2429814E-03    0.4776993E-02
   -0.2951717E-05    0.1196593E-04   -0.1940644E-04    0.5631882E-04   -0.5339943E-03    0.6745500E-04   -0.1408018E-03    0.4842037E-05   -0.5286588E+00    0.8209619E-01   -0.6776332E-01   -0.5555156E+00    0.8373333E+00    0.1651921E+01    0.7286975E+00    0.5851095E-01   -0.2428685E-02    0.2596524E-03    0.8011642E-01    0.1153943E+00    0.9840746E-05   -0.2409424E-04
   -0.2798534E-04    0.1001547E-03   -0.2711571E-03    0.1266148E-02   -0.7960616E-02    0.9789655E-03   -0.2097910E-02    0.7383491E-04   -0.2179979E+01   -0.6776332E-01    0.3945520E+01   -0.3215313E+02   -0.5291639E+01    0.7325414E+01    0.6845113E+01   -0.3140266E+01   -0.2330000E+00    0.7856750E-01    0.2386589E+01    0.2119074E+01    0.2056529E-03   -0.4484752E-03
    0.6898489E-03   -0.2337374E-02    0.5041678E-02   -0.2175224E-01    0.1455870E+00   -0.8416560E-02    0.3727449E-01    0.2991160E-02    0.5622479E+02   -0.5555156E+00   -0.3215313E+02    0.7783582E+03    0.9740573E+02   -0.4881875E+02   -0.7366699E+02    0.1903620E+02    0.9238164E-01    0.2031951E-01   -0.1260249E+02   -0.2305734E+02    0.4680142E-02    0.5754715E-02
    0.2956374E-03   -0.4558254E-03    0.2622381E-02   -0.2185415E-02    0.7957473E-01    0.1650414E-01    0.2652856E-01    0.7102280E-03    0.8355992E+01    0.8373333E+00   -0.5291639E+01    0.9740573E+02    0.7523202E+02    0.4617074E+02    0.1658503E+02   -0.2031787E+01   -0.6817149E-01   -0.1115065E+01    0.4298411E+01    0.2221938E+01    0.8271161E-04    0.9121596E-03
    0.9430393E-04    0.2385540E-03    0.7217888E-03    0.5749697E-02    0.2385232E-01    0.2236031E-01    0.1212850E-01    0.9596599E-03   -0.1801220E+02    0.1651921E+01    0.7325414E+01   -0.4881875E+02    0.4617074E+02    0.9223544E+02    0.6552224E+02   -0.1179937E+02   -0.5082932E+00   -0.5675516E+00    0.4583327E+01    0.5104997E+01    0.8018402E-03   -0.2425244E-02
   -0.4752492E-04    0.4214891E-03   -0.3349448E-03    0.1018570E-01   -0.6083571E-02    0.2716724E-01    0.2955509E-02    0.1736418E-02   -0.6667711E+02    0.7286975E+00    0.6845113E+01   -0.7366699E+02    0.1658503E+02    0.6552224E+02    0.1268338E+03   -0.1084477E+02   -0.2602828E+00   -0.8767723E+00    0.5642018E+00    0.2182726E+02    0.6763541E-03   -0.7874412E-02
    0.6038969E-04   -0.2792178E-03    0.4554786E-03   -0.2283593E-02    0.1302148E-01   -0.3093438E-02    0.3067119E-02   -0.1307350E-03    0.1436376E+01    0.5851095E-01   -0.3140266E+01    0.1903620E+02   -0.2031787E+01   -0.1179937E+02   -0.1084477E+02    0.6829592E+01    0.2057424E+00   -0.5831945E-01   -0.2055204E+01   -0.1812516E+01   -0.1655283E-03    0.3259092E-03
    0.2172353E-04   -0.5992533E-04    0.6641551E-04    0.2220226E-03    0.1953593E-02    0.5245019E-03    0.1144806E-02   -0.2729420E-04   -0.9744603E-01   -0.2428685E-02   -0.2330000E+00    0.9238164E-01   -0.6817149E-01   -0.5082932E+00   -0.2602828E+00    0.2057424E+00    0.3250617E+01    0.7335431E+00    0.2735947E+00    0.5028112E+00    0.4171719E-03    0.1118660E-04
    0.1344790E-04   -0.1149146E-05    0.3110471E-04   -0.1619951E-03    0.8430747E-03   -0.8709290E-03    0.2224484E-03   -0.1266333E-03    0.4587809E+00    0.2596524E-03    0.7856750E-01    0.2031951E-01   -0.1115065E+01   -0.5675516E+00   -0.8767723E+00   -0.5831945E-01    0.7335431E+00    0.3075415E+01    0.2367727E+01    0.1275057E+01   -0.3922117E-03   -0.1839803E-03
    0.7208783E-05    0.7611430E-04    0.7108606E-04   -0.8655025E-03    0.2389985E-02   -0.1471365E-02    0.5288754E-03   -0.5700388E-04   -0.2701277E+01    0.8011642E-01    0.2386589E+01   -0.1260249E+02    0.4298411E+01    0.4583327E+01    0.5642018E+00   -0.2055204E+01    0.2735947E+00    0.2367727E+01    0.1779357E+02    0.2704410E+02   -0.7505636E-04    0.2507784E-02
   -0.4681742E-04    0.2868829E-03   -0.3147974E-03   -0.1073414E-02   -0.8237030E-02   -0.1952473E-02   -0.2897736E-02    0.6731012E-03   -0.2569908E+02    0.1153943E+00    0.2119074E+01   -0.2305734E+02    0.2221938E+01    0.5104997E+01    0.2182726E+02   -0.1812516E+01    0.5028112E+00    0.1275057E+01    0.2704410E+02    0.6181894E+02   -0.1533967E-04    0.4372080E-02
   -0.1592054E-08   -0.1055718E-07   -0.2288835E-07   -0.8356084E-07   -0.6784455E-06    0.1369265E-07   -0.4678737E-06    0.4885796E-07   -0.2429814E-03    0.9840746E-05    0.2056529E-03    0.4680142E-02    0.8271161E-04    0.8018402E-03    0.6763541E-03   -0.1655283E-03    0.4171719E-03   -0.3922117E-03   -0.7505636E-04   -0.1533967E-04    0.5517368E-06   -0.2727335E-09
    0.1686075E-07   -0.2959342E-07    0.1218639E-06   -0.9860159E-06    0.3548882E-05   -0.1287149E-05    0.1039129E-05   -0.7261675E-08    0.4776993E-02   -0.2409424E-04   -0.4484752E-03    0.5754715E-02    0.9121596E-03   -0.2425244E-02   -0.7874412E-02    0.3259092E-03    0.1118660E-04   -0.1839803E-03    0.2507784E-02    0.4372080E-02   -0.2727335E-09    0.2119170E-05
