# omegabh2 omegach2 theta tau omegak logA ns acib217 acibsz143 asz143 aps100 aps143 aps143217 aps217 aksz kgal100 t1gal143 t1gal143217 t1gal217 calib_100T calib_217T
    0.6595877E-07   -0.3155300E-06    0.6500374E-07    0.1085906E-05   -0.3561118E-06    0.1531873E-05    0.9213937E-06   -0.4280006E-03   -0.2118760E-03   -0.7930485E-05   -0.8892725E-03   -0.3353038E-03    0.1052051E-03    0.1329368E-03   -0.7754722E-04    0.7806299E-03    0.4061240E-03    0.3804241E-03    0.3460349E-03   -0.4313484E-07    0.1976483E-07
   -0.3155300E-06    0.5104684E-05   -0.5642746E-06   -0.1018396E-04    0.4827495E-05   -0.9303141E-05   -0.1128783E-04    0.8883125E-03    0.4360522E-03   -0.9776654E-04    0.4463599E-03    0.1351610E-02    0.2358273E-03    0.2241432E-03    0.1022359E-04    0.2687328E-02    0.2760751E-02    0.2744333E-02    0.2977340E-02   -0.3178316E-07   -0.7567936E-07
    0.6500374E-07   -0.5642746E-06    0.2763766E-06    0.1536668E-05   -0.7095653E-06    0.2033883E-05    0.1697605E-05   -0.2567344E-03   -0.1155273E-03   -0.6483158E-05   -0.4687494E-03   -0.2999828E-03   -0.3660994E-04   -0.1512515E-04    0.1063644E-04    0.1492482E-03   -0.1403004E-03   -0.2023641E-03   -0.2407415E-03   -0.3140111E-07    0.1812853E-07
    0.1085906E-05   -0.1018396E-04    0.1536668E-05    0.1853801E-03   -0.9638482E-05    0.3499940E-03    0.3572512E-04   -0.1411444E-01   -0.6269423E-02   -0.1180147E-02   -0.6028987E-02    0.1353888E-02    0.1208748E-01    0.1315390E-01   -0.2514480E-02   -0.1021582E-01   -0.1437586E-01   -0.1582950E-01   -0.1611857E-01    0.1524015E-06    0.7679438E-06
   -0.3561118E-06    0.4827495E-05   -0.7095653E-06   -0.9638482E-05    0.6997327E-05   -0.9122742E-05   -0.1126021E-04    0.1484151E-02    0.6625207E-03   -0.2736373E-04    0.1453826E-02    0.1174049E-02   -0.1374279E-03   -0.2636846E-03    0.8157033E-04    0.1504432E-02    0.2686156E-02    0.2721170E-02    0.2904120E-02    0.8429634E-07   -0.1053810E-06
    0.1531873E-05   -0.9303141E-05    0.2033883E-05    0.3499940E-03   -0.9122742E-05    0.6972633E-03    0.4557289E-04   -0.2691290E-01   -0.1260085E-01   -0.3761954E-02    0.1203261E-01    0.2110843E-01    0.3854530E-01    0.3883440E-01   -0.5612876E-02   -0.3821549E-01   -0.7151543E-01   -0.7421592E-01   -0.7402757E-01   -0.2266464E-05    0.1184967E-05
    0.9213937E-06   -0.1128783E-04    0.1697605E-05    0.3572512E-04   -0.1126021E-04    0.4557289E-04    0.3909615E-04   -0.1175922E-01   -0.5616650E-02   -0.8903896E-03   -0.1238803E-01    0.1521276E-02    0.1137979E-01    0.1189901E-01   -0.2695975E-02   -0.5059464E-02   -0.7182053E-02   -0.7991014E-02   -0.8124863E-02    0.3265215E-06    0.5419384E-06
   -0.4280006E-03    0.8883125E-03   -0.2567344E-03   -0.1411444E-01    0.1484151E-02   -0.2691290E-01   -0.1175922E-01    0.6775236E+02    0.2492061E+02    0.2789339E+00    0.2379409E+02   -0.1773585E+02   -0.6438596E+02   -0.8269112E+02   -0.2845045E+01   -0.1111604E+02   -0.1894392E+02   -0.2389933E+02   -0.2828749E+02    0.2605445E-03   -0.3363118E-02
   -0.2118760E-03    0.4360522E-03   -0.1155273E-03   -0.6269423E-02    0.6625207E-03   -0.1260085E-01   -0.5616650E-02    0.2492061E+02    0.1782638E+02    0.2014780E+01   -0.9149379E+01   -0.2107204E+02   -0.4248994E+02   -0.2569858E+02   -0.1276980E+01   -0.6228855E+01   -0.1018405E+02   -0.1703789E+02   -0.1855592E+02    0.3941276E-04   -0.1483372E-03
   -0.7930485E-05   -0.9776654E-04   -0.6483158E-05   -0.1180147E-02   -0.2736373E-04   -0.3761954E-02   -0.8903896E-03    0.2789339E+00    0.2014780E+01    0.5560884E+01   -0.3758960E+02   -0.1597190E+02   -0.4322284E+01   -0.2073733E-03   -0.3012912E+00   -0.1779875E+01   -0.2130184E+00    0.3641279E+01    0.4259460E+01   -0.1573903E-03    0.1582647E-03
   -0.8892725E-03    0.4463599E-03   -0.4687494E-03   -0.6028987E-02    0.1453826E-02    0.1203261E-01   -0.1238803E-01    0.2379409E+02   -0.9149379E+01   -0.3758960E+02    0.7568403E+03    0.1776573E+03    0.6700461E+02    0.1144109E+02   -0.1236165E+02   -0.7803785E+02   -0.5353701E+02   -0.5855809E+02   -0.5351300E+02   -0.2838460E-02   -0.4401672E-02
   -0.3353038E-03    0.1351610E-02   -0.2999828E-03    0.1353888E-02    0.1174049E-02    0.2110843E-01    0.1521276E-02   -0.1773585E+02   -0.2107204E+02   -0.1597190E+02    0.1776573E+03    0.1197388E+03    0.9211967E+02    0.5251118E+02   -0.1009944E+02   -0.2232795E+02   -0.4052964E+02   -0.3392993E+02   -0.2980274E+02   -0.1215560E-02   -0.1211688E-02
    0.1052051E-03    0.2358273E-03   -0.3660994E-04    0.1208748E-01   -0.1374279E-03    0.3854530E-01    0.1137979E-01   -0.6438596E+02   -0.4248994E+02   -0.4322284E+01    0.6700461E+02    0.9211967E+02    0.1459040E+03    0.1085635E+03   -0.7767737E+01   -0.1331177E+02   -0.2294577E+02   -0.1086298E+02   -0.9189709E+01   -0.1765487E-02    0.1498804E-02
    0.1329368E-03    0.2241432E-03   -0.1512515E-04    0.1315390E-01   -0.2636846E-03    0.3883440E-01    0.1189901E-01   -0.8269112E+02   -0.2569858E+02   -0.2073733E-03    0.1144109E+02    0.5251118E+02    0.1085635E+03    0.1474459E+03   -0.7410872E+01   -0.1369553E+02   -0.2412423E+02   -0.2904331E+02   -0.3087418E+02   -0.1966721E-02    0.5943848E-02
   -0.7754722E-04    0.1022359E-04    0.1063644E-04   -0.2514480E-02    0.8157033E-04   -0.5612876E-02   -0.2695975E-02   -0.2845045E+01   -0.1276980E+01   -0.3012912E+00   -0.1236165E+02   -0.1009944E+02   -0.7767737E+01   -0.7410872E+01    0.8199207E+01   -0.3764113E+01   -0.5408306E+01   -0.6595238E+01   -0.7250000E+01   -0.6099658E-05    0.2558043E-03
    0.7806299E-03    0.2687328E-02    0.1492482E-03   -0.1021582E-01    0.1504432E-02   -0.3821549E-01   -0.5059464E-02   -0.1111604E+02   -0.6228855E+01   -0.1779875E+01   -0.7803785E+02   -0.2232795E+02   -0.1331177E+02   -0.1369553E+02   -0.3764113E+01    0.2213207E+03    0.1414406E+03    0.1376965E+03    0.1349791E+03   -0.1261746E-01    0.6536355E-03
    0.4061240E-03    0.2760751E-02   -0.1403004E-03   -0.1437586E-01    0.2686156E-02   -0.7151543E-01   -0.7182053E-02   -0.1894392E+02   -0.1018405E+02   -0.2130184E+00   -0.5353701E+02   -0.4052964E+02   -0.2294577E+02   -0.2412423E+02   -0.5408306E+01    0.1414406E+03    0.2571427E+03    0.2578702E+03    0.2559705E+03    0.8722146E-02    0.1026947E-02
    0.3804241E-03    0.2744333E-02   -0.2023641E-03   -0.1582950E-01    0.2721170E-02   -0.7421592E-01   -0.7991014E-02   -0.2389933E+02   -0.1703789E+02    0.3641279E+01   -0.5855809E+02   -0.3392993E+02   -0.1086298E+02   -0.2904331E+02   -0.6595238E+01    0.1376965E+03    0.2578702E+03    0.2982423E+03    0.3228781E+03    0.8381682E-02   -0.4510406E-02
    0.3460349E-03    0.2977340E-02   -0.2407415E-03   -0.1611857E-01    0.2904120E-02   -0.7402757E-01   -0.8124863E-02   -0.2828749E+02   -0.1855592E+02    0.4259460E+01   -0.5351300E+02   -0.2980274E+02   -0.9189709E+01   -0.3087418E+02   -0.7250000E+01    0.1349791E+03    0.2559705E+03    0.3228781E+03    0.3741326E+03    0.8218345E-02   -0.9534863E-02
   -0.4313484E-07   -0.3178316E-07   -0.3140111E-07    0.1524015E-06    0.8429634E-07   -0.2266464E-05    0.3265215E-06    0.2605445E-03    0.3941276E-04   -0.1573903E-03   -0.2838460E-02   -0.1215560E-02   -0.1765487E-02   -0.1966721E-02   -0.6099658E-05   -0.1261746E-01    0.8722146E-02    0.8381682E-02    0.8218345E-02    0.2940735E-05    0.2539450E-07
    0.1976483E-07   -0.7567936E-07    0.1812853E-07    0.7679438E-06   -0.1053810E-06    0.1184967E-05    0.5419384E-06   -0.3363118E-02   -0.1483372E-03    0.1582647E-03   -0.4401672E-02   -0.1211688E-02    0.1498804E-02    0.5943848E-02    0.2558043E-03    0.6536355E-03    0.1026947E-02   -0.4510406E-02   -0.9534863E-02    0.2539450E-07    0.1479968E-05
