# omegabh2 omegach2 theta tau alpha1 logA ns calPlanck aps100 aps143 aps217 acib217 asz143 psr cibr xi aksz dust100 dust143 dust217 dust143x217 cal0 cal2
  5.4001476E-08  -1.7160972E-07   2.2570575E-08   6.2735220E-07  -1.2915531E-07   1.1644743E-06   2.5858508E-07   2.9029615E-08  -5.9154121E-04  -4.9038079E-04  -7.9712153E-07  -1.8198060E-04   2.5436798E-05   6.9072956E-07  -3.5315340E-06   1.5533743E-06  -3.7229794E-05   9.5973278E-07  -9.2710133E-08   1.1560961E-06   7.1519851E-07   6.0434415E-09  -1.0438480E-08
 -1.7160972E-07   4.8255986E-06  -6.4645133E-07  -3.1227063E-06  -1.1363322E-06   6.1430789E-06  -1.3467234E-05  -2.6243264E-07   1.3624554E-03   2.1192963E-03   2.6127445E-04   5.1181451E-04  -7.8152910E-05  -2.9213648E-06   1.3520528E-05  -2.2291322E-06   9.4915914E-05  -7.6107848E-06  -7.3003356E-06  -2.5461324E-07   1.0753874E-06  -3.5120860E-08   7.6199813E-08
  2.2570575E-08  -6.4645133E-07   3.1221620E-07   9.8944507E-08   4.5688467E-07  -1.5280101E-06   2.7712036E-06   7.3064008E-08  -4.9303106E-04  -3.4984013E-04   1.7332745E-04  -1.5376027E-04   1.9603789E-05   1.7233414E-06  -3.4820702E-06   1.0305542E-06  -5.2931663E-05   1.0301026E-08   6.4262490E-07   6.9437906E-08  -5.6437840E-07  -5.5449213E-09  -2.1899351E-08
  6.2735220E-07  -3.1227063E-06   9.8944507E-08   7.0248107E-05  -3.1420983E-06   1.3590650E-04   4.5846962E-06  -3.6741211E-07  -1.2167712E-02  -7.5835434E-03  -7.4328121E-05  -2.6525363E-03   4.4892500E-04   1.6377456E-05  -6.3991735E-05   1.9600266E-05  -8.1176804E-04   1.2207666E-05  -9.4510729E-06   8.5683654E-06   4.6591361E-06   6.8802977E-08  -2.3070017E-07
 -1.2915531E-07  -1.1363322E-06   4.5688467E-07  -3.1420983E-06   2.8933142E-06  -1.1688295E-05   8.0356446E-06   9.6053760E-08  -1.7503334E-03  -3.6329159E-04   1.4010498E-03  -6.1214580E-04   4.3009019E-05   1.0171679E-05  -1.6074304E-05   4.6285072E-06  -1.9766333E-04  -4.6938215E-06  -3.0626790E-07   7.0769399E-07  -2.8221435E-06  -5.3026415E-08  -7.5505319E-08
  1.1644743E-06   6.1430789E-06  -1.5280101E-06   1.3590650E-04  -1.1688295E-05   3.2726040E-04  -3.2287097E-05   1.1307311E-05  -1.3714704E-02  -8.2519391E-03   8.0525263E-03  -5.2224904E-03   8.7416180E-04   5.0095443E-05  -1.4118923E-04   6.5593443E-05  -2.5955284E-03  -8.1020920E-06  -1.2429356E-04   4.0520022E-05   4.0967508E-06   8.2050448E-07  -3.8582634E-07
  2.5858508E-07  -1.3467234E-05   2.7712036E-06   4.5846962E-06   8.0356446E-06  -3.2287097E-05   6.0254603E-05   9.3156777E-07  -3.2994509E-02  -1.3162848E-02   1.1991488E-02  -8.8082130E-03   9.1185314E-04   9.9038422E-05  -1.8506205E-04   8.1095364E-05  -2.8098253E-03   2.6312004E-05  -1.2268444E-05   2.9524329E-05  -1.5632938E-05  -4.6121955E-07  -7.1761938E-07
  2.9029615E-08  -2.6243264E-07   7.3064008E-08  -3.6741211E-07   9.6053760E-08   1.1307311E-05   9.3156777E-07   6.3077350E-06   3.1002159E-03   5.1437530E-04   1.6875727E-03   4.6076982E-04   8.1989469E-05   1.7164660E-06   7.0166405E-07  -2.1041453E-06  -2.0360949E-04   1.6532452E-06   6.0530707E-06   5.2399683E-06  -9.2344808E-07   1.2776734E-08  -9.6190291E-08
 -5.9154121E-04   1.3624554E-03  -4.9303106E-04  -1.2167712E-02  -1.7503334E-03  -1.3714704E-02  -3.2994509E-02   3.1002159E-03   6.2986633E+02   6.3520627E+01  -5.5339223E+01   3.1165024E+01  -2.5534760E+01  -8.5401763E-01  -2.2179606E-02  -2.4137804E-01   1.1727069E+01  -2.1681113E-01   2.8006193E-01  -2.3569901E-01  -2.7079019E-01   7.3133642E-03   3.1392563E-03
 -4.9038079E-04   2.1192963E-03  -3.4984013E-04  -7.5835434E-03  -3.6329159E-04  -8.2519391E-03  -1.3162848E-02   5.1437530E-04   6.3520627E+01   6.8796502E+01   8.0172485E+00   7.9142772E+00  -5.6474197E-01  -1.5761151E-02   4.8012582E-01   8.3443517E-01  -7.9497940E+00  -5.7681790E-02  -2.3119307E-01   4.6818361E-02   4.3777625E-02   8.9229770E-04   8.9252887E-04
 -7.9712153E-07   2.6127445E-04   1.7332745E-04  -7.4328121E-05   1.4010498E-03   8.0525263E-03   1.1991488E-02   1.6875727E-03  -5.5339223E+01   8.0172485E+00   1.7960706E+02  -8.5007603E+01   2.4746498E+00   3.8685646E-01  -1.0924710E+00   3.4034894E-01  -7.4598903E+00  -3.8617587E-02  -2.8287860E-01   5.5361685E-01   2.2283939E-02   1.6909761E-03  -7.8897483E-03
 -1.8198060E-04   5.1181451E-04  -1.5376027E-04  -2.6525363E-03  -6.1214580E-04  -5.2224904E-03  -8.8082130E-03   4.6076982E-04   3.1165024E+01   7.9142772E+00  -8.5007603E+01   5.3341382E+01   1.7205798E+00  -6.9221311E-02   7.5064226E-01  -2.7407491E-01  -2.7011681E+00   1.1829318E-02   1.7235412E-01  -4.5651345E-01  -1.3852609E-01  -5.7253821E-04   3.1895903E-03
  2.5436798E-05  -7.8152910E-05   1.9603789E-05   4.4892500E-04   4.3009019E-05   8.7416180E-04   9.1185314E-04   8.1989469E-05  -2.5534760E+01  -5.6474197E-01   2.4746498E+00   1.7205798E+00   4.2374695E+00   9.8488029E-02   1.4058678E-01  -4.8964509E-02  -3.5042595E+00  -4.2541298E-03  -2.4100860E-03   5.6463741E-03   5.1616727E-02   3.9311404E-04  -2.6120955E-04
  6.9072956E-07  -2.9213648E-06   1.7233414E-06   1.6377456E-05   1.0171679E-05   5.0095443E-05   9.9038422E-05   1.7164660E-06  -8.5401763E-01  -1.5761151E-02   3.8685646E-01  -6.9221311E-02   9.8488029E-02   1.6330384E-02  -1.7009819E-02   1.1897201E-02  -1.0663512E-01  -3.1199006E-04  -1.4799370E-03  -2.5772215E-03   5.2548265E-03   1.6479414E-05  -3.8684332E-05
 -3.5315340E-06   1.3520528E-05  -3.4820702E-06  -6.3991735E-05  -1.6074304E-05  -1.4118923E-04  -1.8506205E-04   7.0166405E-07  -2.2179606E-02   4.8012582E-01  -1.0924710E+00   7.5064226E-01   1.4058678E-01  -1.7009819E-02   6.5478510E-02   2.8849912E-03  -1.4130411E-01   3.2642056E-04   7.1762516E-03  -4.8714864E-04  -1.7730133E-02  -8.2778303E-06   9.4171827E-05
  1.5533743E-06  -2.2291322E-06   1.0305542E-06   1.9600266E-05   4.6285072E-06   6.5593443E-05   8.1095364E-05  -2.1041453E-06  -2.4137804E-01   8.3443517E-01   3.4034894E-01  -2.7407491E-01  -4.8964509E-02   1.1897201E-02   2.8849912E-03   8.2167127E-02   5.1089514E-02  -4.5130024E-04  -3.7231461E-05   1.2609668E-03   1.3418690E-03   1.2874334E-05  -2.7379603E-06
 -3.7229794E-05   9.4915914E-05  -5.2931663E-05  -8.1176804E-04  -1.9766333E-04  -2.5955284E-03  -2.8098253E-03  -2.0360949E-04   1.1727069E+01  -7.9497940E+00  -7.4598903E+00  -2.7011681E+00  -3.5042595E+00  -1.0663512E-01  -1.4130411E-01   5.1089514E-02   7.4985405E+00   3.9465861E-03  -7.0526125E-04   5.4681738E-05  -4.4039211E-02  -3.2442291E-04   8.1780955E-05
  9.5973278E-07  -7.6107848E-06   1.0301026E-08   1.2207666E-05  -4.6938215E-06  -8.1020920E-06   2.6312004E-05   1.6532452E-06  -2.1681113E-01  -5.7681790E-02  -3.8617587E-02   1.1829318E-02  -4.2541298E-03  -3.1199006E-04   3.2642056E-04  -4.5130024E-04   3.9465861E-03   3.7909604E-02   2.8728139E-03  -1.2778228E-04   3.7504485E-04   3.3748643E-05  -5.2857014E-06
 -9.2710133E-08  -7.3003356E-06   6.4262490E-07  -9.4510729E-06  -3.0626790E-07  -1.2429356E-04  -1.2268444E-05   6.0530707E-06   2.8006193E-01  -2.3119307E-01  -2.8287860E-01   1.7235412E-01  -2.4100860E-03  -1.4799370E-03   7.1762516E-03  -3.7231461E-05  -7.0526125E-04   2.8728139E-03   3.0962875E-02  -7.8976821E-04   5.1585656E-03  -8.0611402E-05  -4.4159425E-05
  1.1560961E-06  -2.5461324E-07   6.9437906E-08   8.5683654E-06   7.0769399E-07   4.0520022E-05   2.9524329E-05   5.2399683E-06  -2.3569901E-01   4.6818361E-02   5.5361685E-01  -4.5651345E-01   5.6463741E-03  -2.5772215E-03  -4.8714864E-04   1.2609668E-03   5.4681738E-05  -1.2778228E-04  -7.8976821E-04   1.0730493E-02   8.6305312E-03   3.8085065E-06   6.3168323E-05
  7.1519851E-07   1.0753874E-06  -5.6437840E-07   4.6591361E-06  -2.8221435E-06   4.0967508E-06  -1.5632938E-05  -9.2344808E-07  -2.7079019E-01   4.3777625E-02   2.2283939E-02  -1.3852609E-01   5.1616727E-02   5.2548265E-03  -1.7730133E-02   1.3418690E-03  -4.4039211E-02   3.7504485E-04   5.1585656E-03   8.6305312E-03   2.6267300E-02  -5.3068272E-06   5.7094353E-05
  6.0434415E-09  -3.5120860E-08  -5.5449213E-09   6.8802977E-08  -5.3026415E-08   8.2050448E-07  -4.6121955E-07   1.2776734E-08   7.3133642E-03   8.9229770E-04   1.6909761E-03  -5.7253821E-04   3.9311404E-04   1.6479414E-05  -8.2778303E-06   1.2874334E-05  -3.2442291E-04   3.3748643E-05  -8.0611402E-05   3.8085065E-06  -5.3068272E-06   1.1112869E-06   4.9349971E-08
 -1.0438480E-08   7.6199813E-08  -2.1899351E-08  -2.3070017E-07  -7.5505319E-08  -3.8582634E-07  -7.1761938E-07  -9.6190291E-08   3.1392563E-03   8.9252887E-04  -7.8897483E-03   3.1895903E-03  -2.6120955E-04  -3.8684332E-05   9.4171827E-05  -2.7379603E-06   8.1780955E-05  -5.2857014E-06  -4.4159425E-05   6.3168323E-05   5.7094353E-05   4.9349971E-08   2.4876347E-06
