# omegabh2 omegach2 theta tau omegak ns logA aps100 aps143 aps217 acib143 acib217 asz143 psr cibr cal0 cal2 xi aksz bm_1_1 a_ps_act_148 a_ps_act_217 a_ps_spt_95 a_ps_spt_150 a_ps_spt_220 r_ps_spt_95x150 r_ps_spt_95x220 r_ps_150x220 cal_acts_148 cal_acts_217 cal_acte_148 cal_acte_217 cal_spt_95 cal_spt_150 cal_spt_220
    0.69218E-07   -0.43013E-06    0.67969E-07    0.11725E-05   -0.44257E-06    0.10617E-05    0.14506E-05   -0.19689E-03   -0.70953E-04   -0.56517E-04    0.23561E-04    0.48151E-04    0.50074E-05   -0.18901E-05   -0.30723E-06    0.57289E-08    0.60248E-08   -0.17849E-05   -0.34831E-04   -0.16545E-04    0.23109E-04    0.11344E-03    0.28385E-04    0.14636E-04    0.14135E-03   -0.43594E-07   -0.21134E-05   -0.63236E-06    0.81393E-06    0.46328E-06    0.60601E-06    0.38167E-06    0.75587E-06    0.69620E-06    0.49552E-06
   -0.43013E-06    0.73005E-05   -0.68682E-06   -0.12821E-04    0.65428E-05   -0.16974E-04   -0.78834E-05    0.24775E-02    0.39909E-03    0.38430E-03   -0.12581E-03   -0.13163E-03   -0.10786E-04    0.10303E-04   -0.15415E-05   -0.21276E-07    0.55325E-07   -0.69535E-05    0.64060E-04    0.21665E-03   -0.16932E-03   -0.10962E-02   -0.90820E-04   -0.12790E-03   -0.59370E-03   -0.55442E-05   -0.74172E-06    0.24396E-05   -0.50627E-05   -0.29422E-05   -0.53516E-05   -0.31316E-05   -0.34549E-05   -0.43328E-05   -0.14866E-06
    0.67969E-07   -0.68682E-06    0.31024E-06    0.19406E-05   -0.84177E-06    0.18414E-05    0.25629E-05   -0.90870E-04   -0.43930E-04   -0.50460E-04    0.15310E-04    0.74460E-05   -0.35052E-06   -0.68179E-06    0.45691E-06    0.57731E-08    0.77134E-08    0.40837E-05   -0.82406E-05   -0.31708E-05    0.30161E-04    0.58553E-04    0.81700E-05    0.37220E-04    0.13364E-03   -0.56246E-06    0.31422E-06   -0.85363E-07    0.48808E-06    0.20398E-06    0.32238E-06    0.20660E-06    0.14698E-05    0.43073E-06    0.74456E-06
    0.11725E-05   -0.12821E-04    0.19406E-05    0.17839E-03   -0.13896E-04    0.33731E-04    0.32503E-03   -0.20191E-02   -0.16454E-02   -0.16115E-02    0.12175E-02    0.28013E-02    0.33716E-03   -0.27030E-04    0.14285E-04   -0.99947E-07    0.33200E-06   -0.25592E-04   -0.14492E-02   -0.12939E-03    0.49594E-03    0.74929E-03   -0.17098E-04    0.34810E-03    0.37167E-02    0.61891E-04    0.17618E-04   -0.23389E-04    0.23517E-04    0.35650E-05    0.15910E-04    0.82371E-05    0.29637E-04    0.23160E-04    0.11491E-04
   -0.44257E-06    0.65428E-05   -0.84177E-06   -0.13896E-04    0.10501E-04   -0.15212E-04   -0.12315E-04    0.24853E-02    0.40349E-03    0.27821E-03   -0.17413E-03   -0.11215E-03   -0.69731E-04    0.72960E-05   -0.98668E-05   -0.10846E-08    0.76716E-07   -0.54927E-05    0.25944E-03    0.19391E-03   -0.19991E-03   -0.12269E-02   -0.58758E-04   -0.14219E-03   -0.52797E-03   -0.57071E-05   -0.18721E-04    0.50941E-05   -0.66783E-05   -0.25692E-05   -0.44438E-05   -0.18613E-05   -0.85495E-05   -0.45581E-05    0.24493E-06
    0.10617E-05   -0.16974E-04    0.18414E-05    0.33731E-04   -0.15212E-04    0.51452E-04    0.22557E-04   -0.79551E-02   -0.17441E-02   -0.12741E-02    0.44141E-03   -0.27936E-03    0.70344E-04   -0.56353E-04   -0.54033E-05   -0.68666E-07   -0.24969E-07    0.17860E-04   -0.37949E-03   -0.54536E-03    0.52660E-03    0.34819E-02    0.31710E-03    0.60630E-03    0.23938E-02    0.16518E-04   -0.86769E-05   -0.37681E-05    0.14500E-04    0.95442E-05    0.15632E-04    0.89931E-05    0.11380E-04    0.15940E-04    0.71110E-05
    0.14506E-05   -0.78834E-05    0.25629E-05    0.32503E-03   -0.12315E-04    0.22557E-04    0.63535E-03    0.28429E-02   -0.25652E-02   -0.23940E-02    0.20810E-02    0.55969E-02    0.67055E-03   -0.31131E-04    0.28259E-04   -0.17997E-06    0.95589E-06   -0.99489E-04   -0.29874E-02    0.47755E-03    0.66357E-03   -0.78161E-03   -0.19026E-03    0.43354E-03    0.66168E-02    0.99907E-04    0.15099E-04   -0.47165E-04    0.35915E-04   -0.27892E-07    0.17452E-04    0.99379E-05    0.52275E-04    0.36661E-04    0.24518E-04
   -0.19689E-03    0.24775E-02   -0.90870E-04   -0.20191E-02    0.24853E-02   -0.79551E-02    0.28429E-02    0.22127E+02    0.66350E+00    0.22976E+00   -0.42688E+00    0.28145E+00   -0.10954E+00    0.11531E-01    0.49463E-02   -0.57413E-04    0.10791E-03   -0.32921E-01    0.66036E-01    0.13472E+01    0.13857E+00   -0.71890E+00   -0.16219E-01   -0.10061E+00    0.27259E-01   -0.30057E-01   -0.42403E-01   -0.10785E-01   -0.16477E-02   -0.16714E-02   -0.25956E-02    0.68278E-03   -0.68980E-02   -0.61735E-02   -0.48741E-02
   -0.70953E-04    0.39909E-03   -0.43930E-04   -0.16454E-02    0.40349E-03   -0.17441E-02   -0.25652E-02    0.66350E+00    0.48930E+00    0.10243E+00   -0.35519E-01    0.94433E-01   -0.64462E-01   -0.25743E-02   -0.12223E-03    0.61727E-05   -0.61511E-04    0.19054E-02    0.48077E-01   -0.77161E-02    0.11001E-01   -0.16187E+00    0.13128E+00   -0.19471E-01   -0.19338E+00   -0.94193E-03   -0.89039E-02   -0.31660E-02   -0.22490E-02   -0.75062E-04   -0.21724E-02   -0.19864E-03   -0.24065E-02   -0.20390E-02   -0.14234E-02
   -0.56517E-04    0.38430E-03   -0.50460E-04   -0.16115E-02    0.27821E-03   -0.12741E-02   -0.23940E-02    0.22976E+00    0.10243E+00    0.59968E+00   -0.11296E+00   -0.16229E+01    0.59057E-01   -0.16174E-01    0.13270E-02    0.83192E-05   -0.27123E-03   -0.11408E-01   -0.86655E-01    0.33653E-01    0.31476E-03    0.10499E+00   -0.18010E+00    0.34531E-01   -0.40601E+00   -0.15228E-02    0.57151E-02    0.23380E-02   -0.23858E-03   -0.43617E-02   -0.10120E-03   -0.44063E-02    0.74261E-03   -0.13935E-02   -0.47061E-02
    0.23561E-04   -0.12581E-03    0.15310E-04    0.12175E-02   -0.17413E-03    0.44141E-03    0.20810E-02   -0.42688E+00   -0.35519E-01   -0.11296E+00    0.67038E+00    0.10883E+01    0.77691E-01   -0.13766E-02   -0.65725E-02    0.14411E-04    0.28701E-04    0.12378E-01   -0.39982E+00   -0.29909E-01   -0.80864E-01   -0.13179E+00    0.39394E-01   -0.17259E+00   -0.23746E-01    0.40131E-01    0.28378E-01   -0.57033E-02    0.49600E-03    0.79903E-03    0.67327E-03    0.56800E-03   -0.10872E-03    0.28589E-03    0.30985E-02
    0.48151E-04   -0.13163E-03    0.74460E-05    0.28013E-02   -0.11215E-03   -0.27936E-03    0.55969E-02    0.28145E+00    0.94433E-01   -0.16229E+01    0.10883E+01    0.85282E+01    0.79291E-01    0.86739E-01    0.95861E-02   -0.26814E-05    0.12108E-02   -0.51881E-01   -0.99906E+00   -0.31064E-01   -0.16152E+00   -0.18967E+01    0.29529E+00   -0.46792E+00    0.10366E+00    0.52086E-01    0.73386E-02   -0.26964E-01   -0.23985E-02    0.11714E-01   -0.13776E-02    0.12307E-01   -0.60955E-02    0.93017E-03    0.15767E-01
    0.50074E-05   -0.10786E-04   -0.35052E-06    0.33716E-03   -0.69731E-04    0.70344E-04    0.67055E-03   -0.10954E+00   -0.64462E-01    0.59057E-01    0.77691E-01    0.79291E-01    0.80318E-01    0.20653E-02    0.37520E-02   -0.51806E-06   -0.46845E-04   -0.12180E-01   -0.18754E+00    0.17404E-01   -0.32281E-01   -0.16590E+00   -0.16502E+00   -0.29645E-01   -0.14084E+00    0.71897E-02    0.12198E-01   -0.38677E-03    0.43175E-03   -0.13593E-02    0.39413E-03   -0.13979E-02    0.12456E-02    0.12265E-03   -0.27031E-03
   -0.18901E-05    0.10303E-04   -0.68179E-06   -0.27030E-04    0.72960E-05   -0.56353E-04   -0.31131E-04    0.11531E-01   -0.25743E-02   -0.16174E-01   -0.13766E-02    0.86739E-01    0.20653E-02    0.34725E-02   -0.13983E-03   -0.72313E-06    0.16403E-04    0.61789E-03   -0.73135E-03    0.79084E-03    0.16200E-02   -0.57854E-01   -0.10236E-01    0.61980E-03   -0.16533E-01    0.31422E-03    0.10712E-02    0.33985E-03   -0.63792E-04    0.37656E-05   -0.67305E-04    0.43340E-04   -0.31552E-04    0.71774E-05    0.16029E-03
   -0.30723E-06   -0.15415E-05    0.45691E-06    0.14285E-04   -0.98668E-05   -0.54033E-05    0.28259E-04    0.49463E-02   -0.12223E-03    0.13270E-02   -0.65725E-02    0.95861E-02    0.37520E-02   -0.13983E-03    0.18107E-02   -0.38076E-06   -0.16303E-05   -0.34839E-03   -0.51609E-02    0.17815E-02    0.36442E-02    0.91035E-02   -0.12723E-01    0.25166E-02   -0.24221E-02   -0.13037E-03    0.80740E-03   -0.43733E-03    0.12844E-04    0.25772E-04    0.24089E-04   -0.20921E-04    0.11354E-03   -0.33944E-04   -0.20808E-04
    0.57289E-08   -0.21276E-07    0.57731E-08   -0.99947E-07   -0.10846E-08   -0.68666E-07   -0.17997E-06   -0.57413E-04    0.61727E-05    0.83192E-05    0.14411E-04   -0.26814E-05   -0.51806E-06   -0.72313E-06   -0.38076E-06    0.15077E-06   -0.58603E-08   -0.11983E-05   -0.12365E-04   -0.26508E-04   -0.18261E-04    0.61034E-04    0.72739E-05   -0.10051E-04    0.14252E-04    0.32082E-06   -0.18697E-05   -0.25010E-06   -0.50619E-06    0.39817E-07   -0.40915E-06    0.50228E-07    0.10324E-06    0.87227E-07   -0.21028E-07
    0.60248E-08    0.55325E-07    0.77134E-08    0.33200E-06    0.76716E-07   -0.24969E-07    0.95589E-06    0.10791E-03   -0.61511E-04   -0.27123E-03    0.28701E-04    0.12108E-02   -0.46845E-04    0.16403E-04   -0.16303E-05   -0.58603E-08    0.56514E-06    0.16708E-05    0.29428E-04   -0.31442E-05    0.29010E-04   -0.12686E-03    0.15057E-03    0.53215E-06   -0.36383E-04   -0.65589E-06   -0.91858E-05   -0.15568E-05   -0.31020E-06    0.30491E-05   -0.13704E-06    0.34082E-05   -0.19415E-05    0.55158E-06    0.28539E-05
   -0.17849E-05   -0.69535E-05    0.40837E-05   -0.25592E-04   -0.54927E-05    0.17860E-04   -0.99489E-04   -0.32921E-01    0.19054E-02   -0.11408E-01    0.12378E-01   -0.51881E-01   -0.12180E-01    0.61789E-03   -0.34839E-03   -0.11983E-05    0.16708E-05    0.12151E-01    0.55699E-01   -0.60746E-02    0.17826E-01    0.33094E-01    0.74029E-02    0.13539E-01    0.90398E-02    0.21111E-02    0.43983E-02    0.71692E-03   -0.38481E-04    0.18481E-03   -0.10961E-04    0.15537E-03   -0.33410E-04   -0.20908E-04    0.34134E-03
   -0.34831E-04    0.64060E-04   -0.82406E-05   -0.14492E-02    0.25944E-03   -0.37949E-03   -0.29874E-02    0.66036E-01    0.48077E-01   -0.86655E-01   -0.39982E+00   -0.99906E+00   -0.18754E+00   -0.73135E-03   -0.51609E-02   -0.12365E-04    0.29428E-04    0.55699E-01    0.80343E+00   -0.38088E-01    0.48259E-01    0.41018E+00    0.16296E+00    0.11005E+00    0.26232E+00   -0.23883E-01   -0.12161E-01    0.97326E-02   -0.14140E-03    0.24306E-02    0.95742E-04    0.23317E-02   -0.73192E-03    0.33990E-03    0.84471E-03
   -0.16545E-04    0.21665E-03   -0.31708E-05   -0.12939E-03    0.19391E-03   -0.54536E-03    0.47755E-03    0.13472E+01   -0.77161E-02    0.33653E-01   -0.29909E-01   -0.31064E-01    0.17404E-01    0.79084E-03    0.17815E-02   -0.26508E-04   -0.31442E-05   -0.60746E-02   -0.38088E-01    0.13444E+00    0.56786E-02   -0.88884E-01   -0.55086E-01   -0.13377E-02   -0.18908E-01   -0.12500E-02    0.31335E-03   -0.48915E-03    0.14065E-03   -0.65021E-03   -0.67108E-04   -0.45485E-03   -0.10304E-03   -0.19555E-03   -0.41362E-03
    0.23109E-04   -0.16932E-03    0.30161E-04    0.49594E-03   -0.19991E-03    0.52660E-03    0.66357E-03    0.13857E+00    0.11001E-01    0.31476E-03   -0.80864E-01   -0.16152E+00   -0.32281E-01    0.16200E-02    0.36442E-02   -0.18261E-04    0.29010E-04    0.17826E-01    0.48259E-01    0.56786E-02    0.33636E+00   -0.99093E-01    0.12601E+00    0.12945E+00    0.32939E+00   -0.36039E-02   -0.42037E-02   -0.45827E-02    0.15452E-02   -0.21135E-03    0.15652E-02   -0.31657E-03   -0.58491E-03   -0.34085E-03    0.76683E-03
    0.11344E-03   -0.10962E-02    0.58553E-04    0.74929E-03   -0.12269E-02    0.34819E-02   -0.78161E-03   -0.71890E+00   -0.16187E+00    0.10499E+00   -0.13179E+00   -0.18967E+01   -0.16590E+00   -0.57854E-01    0.91035E-02    0.61034E-04   -0.12686E-03    0.33094E-01    0.41018E+00   -0.88884E-01   -0.99093E-01    0.15554E+02   -0.13210E-01    0.15389E+00    0.13020E+01    0.72639E-02    0.31819E-02   -0.66061E-02   -0.21667E-02    0.51589E-01   -0.88422E-03    0.38580E-01    0.13218E-03   -0.80678E-03    0.22143E-02
    0.28385E-04   -0.90820E-04    0.81700E-05   -0.17098E-04   -0.58758E-04    0.31710E-03   -0.19026E-03   -0.16219E-01    0.13128E+00   -0.18010E+00    0.39394E-01    0.29529E+00   -0.16502E+00   -0.10236E-01   -0.12723E-01    0.72739E-05    0.15057E-03    0.74029E-02    0.16296E+00   -0.55086E-01    0.12601E+00   -0.13210E-01    0.19735E+01    0.46051E-01    0.36893E+00   -0.67951E-01   -0.92962E-01   -0.46945E-02   -0.58527E-03    0.22499E-02   -0.55026E-03    0.28496E-02    0.34377E-03    0.10730E-02   -0.12169E-03
    0.14636E-04   -0.12790E-03    0.37220E-04    0.34810E-03   -0.14219E-03    0.60630E-03    0.43354E-03   -0.10061E+00   -0.19471E-01    0.34531E-01   -0.17259E+00   -0.46792E+00   -0.29645E-01    0.61980E-03    0.25166E-02   -0.10051E-04    0.53215E-06    0.13539E-01    0.11005E+00   -0.13377E-02    0.12945E+00    0.15389E+00    0.46051E-01    0.23462E+00    0.93643E-01   -0.75474E-02   -0.14330E-02    0.10014E-02    0.10387E-03   -0.62986E-04   -0.45633E-03   -0.24256E-03   -0.13935E-03   -0.34702E-03   -0.41909E-03
    0.14135E-03   -0.59370E-03    0.13364E-03    0.37167E-02   -0.52797E-03    0.23938E-02    0.66168E-02    0.27259E-01   -0.19338E+00   -0.40601E+00   -0.23746E-01    0.10366E+00   -0.14084E+00   -0.16533E-01   -0.24221E-02    0.14252E-04   -0.36383E-04    0.90398E-02    0.26232E+00   -0.18908E-01    0.32939E+00    0.13020E+01    0.36893E+00    0.93643E-01    0.11679E+02   -0.42958E-02   -0.71249E-01   -0.17849E-01    0.56767E-02    0.42289E-02    0.15512E-02    0.70449E-02    0.31422E-02    0.26095E-02    0.31004E-01
   -0.43594E-07   -0.55442E-05   -0.56246E-06    0.61891E-04   -0.57071E-05    0.16518E-04    0.99907E-04   -0.30057E-01   -0.94193E-03   -0.15228E-02    0.40131E-01    0.52086E-01    0.71897E-02    0.31422E-03   -0.13037E-03    0.32082E-06   -0.65589E-06    0.21111E-02   -0.23883E-01   -0.12500E-02   -0.36039E-02    0.72639E-02   -0.67951E-01   -0.75474E-02   -0.42958E-02    0.70198E-02    0.60135E-02   -0.20497E-03    0.37926E-04    0.15375E-04    0.12073E-04   -0.10202E-04   -0.47416E-04   -0.34832E-04    0.22358E-03
   -0.21134E-05   -0.74172E-06    0.31422E-06    0.17618E-04   -0.18721E-04   -0.86769E-05    0.15099E-04   -0.42403E-01   -0.89039E-02    0.57151E-02    0.28378E-01    0.73386E-02    0.12198E-01    0.10712E-02    0.80740E-03   -0.18697E-05   -0.91858E-05    0.43983E-02   -0.12161E-01    0.31335E-03   -0.42037E-02    0.31819E-02   -0.92962E-01   -0.14330E-02   -0.71249E-01    0.60135E-02    0.11933E-01    0.50739E-03    0.12375E-04   -0.89727E-04    0.10109E-04   -0.14503E-03    0.10384E-03   -0.36182E-04   -0.59263E-04
   -0.63236E-06    0.24396E-05   -0.85363E-07   -0.23389E-04    0.50941E-05   -0.37681E-05   -0.47165E-04   -0.10785E-01   -0.31660E-02    0.23380E-02   -0.57033E-02   -0.26964E-01   -0.38677E-03    0.33985E-03   -0.43733E-03   -0.25010E-06   -0.15568E-05    0.71692E-03    0.97326E-02   -0.48915E-03   -0.45827E-02   -0.66061E-02   -0.46945E-02    0.10014E-02   -0.17849E-01   -0.20497E-03    0.50739E-03    0.59975E-03   -0.11447E-04   -0.56680E-04   -0.46441E-05   -0.42857E-04    0.39952E-04    0.34001E-04   -0.68259E-04
    0.81393E-06   -0.50627E-05    0.48808E-06    0.23517E-04   -0.66783E-05    0.14500E-04    0.35915E-04   -0.16477E-02   -0.22490E-02   -0.23858E-03    0.49600E-03   -0.23985E-02    0.43175E-03   -0.63792E-04    0.12844E-04   -0.50619E-06   -0.31020E-06   -0.38481E-04   -0.14140E-03    0.14065E-03    0.15452E-02   -0.21667E-02   -0.58527E-03    0.10387E-03    0.56767E-02    0.37926E-04    0.12375E-04   -0.11447E-04    0.13919E-03   -0.13356E-04    0.40750E-04   -0.90030E-05    0.33295E-04    0.18237E-04    0.25721E-04
    0.46328E-06   -0.29422E-05    0.20398E-06    0.35650E-05   -0.25692E-05    0.95442E-05   -0.27892E-07   -0.16714E-02   -0.75062E-04   -0.43617E-02    0.79903E-03    0.11714E-01   -0.13593E-02    0.37656E-05    0.25772E-04    0.39817E-07    0.30491E-05    0.18481E-03    0.24306E-02   -0.65021E-03   -0.21135E-03    0.51589E-01    0.22499E-02   -0.62986E-04    0.42289E-02    0.15375E-04   -0.89727E-04   -0.56680E-04   -0.13356E-04    0.34776E-03    0.76992E-05    0.18260E-03   -0.20908E-04   -0.19600E-05    0.40250E-04
    0.60601E-06   -0.53516E-05    0.32238E-06    0.15910E-04   -0.44438E-05    0.15632E-04    0.17452E-04   -0.25956E-02   -0.21724E-02   -0.10120E-03    0.67327E-03   -0.13776E-02    0.39413E-03   -0.67305E-04    0.24089E-04   -0.40915E-06   -0.13704E-06   -0.10961E-04    0.95742E-04   -0.67108E-04    0.15652E-02   -0.88422E-03   -0.55026E-03   -0.45633E-03    0.15512E-02    0.12073E-04    0.10109E-04   -0.46441E-05    0.40750E-04    0.76992E-05    0.10988E-03   -0.21368E-05    0.11271E-04    0.18931E-04    0.63675E-05
    0.38167E-06   -0.31316E-05    0.20660E-06    0.82371E-05   -0.18613E-05    0.89931E-05    0.99379E-05    0.68278E-03   -0.19864E-03   -0.44063E-02    0.56800E-03    0.12307E-01   -0.13979E-02    0.43340E-04   -0.20921E-04    0.50228E-07    0.34082E-05    0.15537E-03    0.23317E-02   -0.45485E-03   -0.31657E-03    0.38580E-01    0.28496E-02   -0.24256E-03    0.70449E-02   -0.10202E-04   -0.14503E-03   -0.42857E-04   -0.90030E-05    0.18260E-03   -0.21368E-05    0.21280E-03   -0.25544E-04   -0.10295E-05    0.49448E-04
    0.75587E-06   -0.34549E-05    0.14698E-05    0.29637E-04   -0.85495E-05    0.11380E-04    0.52275E-04   -0.68980E-02   -0.24065E-02    0.74261E-03   -0.10872E-03   -0.60955E-02    0.12456E-02   -0.31552E-04    0.11354E-03    0.10324E-06   -0.19415E-05   -0.33410E-04   -0.73192E-03   -0.10304E-03   -0.58491E-03    0.13218E-03    0.34377E-03   -0.13935E-03    0.31422E-02   -0.47416E-04    0.10384E-03    0.39952E-04    0.33295E-04   -0.20908E-04    0.11271E-04   -0.25544E-04    0.40075E-03    0.38491E-04   -0.21855E-04
    0.69620E-06   -0.43328E-05    0.43073E-06    0.23160E-04   -0.45581E-05    0.15940E-04    0.36661E-04   -0.61735E-02   -0.20390E-02   -0.13935E-02    0.28589E-03    0.93017E-03    0.12265E-03    0.71774E-05   -0.33944E-04    0.87227E-07    0.55158E-06   -0.20908E-04    0.33990E-03   -0.19555E-03   -0.34085E-03   -0.80678E-03    0.10730E-02   -0.34702E-03    0.26095E-02   -0.34832E-04   -0.36182E-04    0.34001E-04    0.18237E-04   -0.19600E-05    0.18931E-04   -0.10295E-05    0.38491E-04    0.92706E-04    0.27207E-04
    0.49552E-06   -0.14866E-06    0.74456E-06    0.11491E-04    0.24493E-06    0.71110E-05    0.24518E-04   -0.48741E-02   -0.14234E-02   -0.47061E-02    0.30985E-02    0.15767E-01   -0.27031E-03    0.16029E-03   -0.20808E-04   -0.21028E-07    0.28539E-05    0.34134E-03    0.84471E-03   -0.41362E-03    0.76683E-03    0.22143E-02   -0.12169E-03   -0.41909E-03    0.31004E-01    0.22358E-03   -0.59263E-04   -0.68259E-04    0.25721E-04    0.40250E-04    0.63675E-05    0.49448E-04   -0.21855E-04    0.27207E-04    0.55649E-03
