# omegabh2 omegach2 theta tau w ns logA aps100 aps143 aps217 acib143 acib217 asz143 psr cibr ncib cal0 cal2 xi aksz bm_1_1
    0.79039E-07   -0.40042E-06    0.80608E-07    0.97904E-06   -0.14483E-05    0.11135E-05    0.11635E-05   -0.90656E-03   -0.62982E-03   -0.11933E-03   -0.75288E-04   -0.23955E-03    0.54907E-05   -0.70791E-06   -0.42706E-05   -0.18878E-05    0.13365E-08   -0.13749E-07    0.16818E-05   -0.43434E-04   -0.12312E-04
   -0.40042E-06    0.66950E-05   -0.69243E-06   -0.10017E-04   -0.65035E-04   -0.14451E-04   -0.38066E-05    0.58783E-02    0.29024E-02    0.23890E-02   -0.11788E-03    0.26277E-03   -0.64807E-04    0.69272E-05   -0.10392E-04    0.13128E-04   -0.14237E-07    0.13367E-06   -0.43281E-05   -0.98785E-04    0.17129E-03
    0.80608E-07   -0.69243E-06    0.39712E-06    0.13923E-05    0.45950E-05    0.20159E-05    0.14334E-05   -0.71627E-03   -0.54467E-03   -0.44922E-03    0.79612E-04   -0.45879E-07    0.21476E-04   -0.10489E-05    0.14372E-05   -0.11031E-05   -0.10098E-08   -0.21464E-07    0.21439E-05    0.10706E-04   -0.20199E-04
    0.97904E-06   -0.10017E-04    0.13923E-05    0.16913E-03    0.12682E-03    0.34058E-04    0.31367E-03   -0.52560E-01   -0.88571E-02    0.48567E-02   -0.32300E-02   -0.72168E-02   -0.34696E-04    0.16297E-04   -0.17807E-03   -0.10878E-04    0.86988E-07   -0.26683E-06    0.11009E-03   -0.23201E-02   -0.39226E-03
   -0.14483E-05   -0.65035E-04    0.45950E-05    0.12682E-03    0.10417E+00    0.17156E-03    0.48089E-04   -0.19605E+00   -0.17205E-03   -0.92368E-01    0.15536E-01    0.50484E-01    0.16158E-01   -0.14351E-04    0.82534E-03   -0.12483E-03   -0.70437E-06   -0.35109E-05   -0.14467E-02    0.10871E-01   -0.28355E-02
    0.11135E-05   -0.14451E-04    0.20159E-05    0.34058E-04    0.17156E-03    0.50902E-04    0.32635E-04   -0.51808E-01   -0.85920E-02    0.10440E-01   -0.47173E-02   -0.97812E-02   -0.15117E-03    0.21445E-04   -0.20844E-03   -0.26563E-04   -0.33672E-07   -0.58011E-07    0.79437E-04   -0.29479E-02   -0.18443E-03
    0.11635E-05   -0.38066E-05    0.14334E-05    0.31367E-03    0.48089E-04    0.32635E-04    0.62612E-03   -0.97917E-01   -0.59026E-02    0.26869E-01   -0.10384E-01   -0.18543E-01   -0.96745E-03    0.71983E-04   -0.54231E-03    0.23575E-04    0.20670E-06    0.38387E-06    0.24344E-03   -0.67048E-02    0.23564E-03
   -0.90656E-03    0.58783E-02   -0.71627E-03   -0.52560E-01   -0.19605E+00   -0.51808E-01   -0.97917E-01    0.35592E+04    0.11413E+03   -0.12266E+03    0.67129E+02    0.92711E+02   -0.67585E+02   -0.75933E+00   -0.55574E+00    0.76537E+00    0.71213E-03   -0.25171E-02   -0.42932E+00   -0.17015E+02    0.16759E+02
   -0.62982E-03    0.29024E-02   -0.54467E-03   -0.88571E-02   -0.17205E-03   -0.85920E-02   -0.59026E-02    0.11413E+03    0.17596E+03    0.27548E+02   -0.35384E+02    0.33273E+01   -0.71246E+01   -0.14805E+00    0.63167E-01    0.60518E-01    0.18791E-04    0.11674E-02    0.10226E+01   -0.13185E+02    0.52780E+00
   -0.11933E-03    0.23890E-02   -0.44922E-03    0.48567E-02   -0.92368E-01    0.10440E-01    0.26869E-01   -0.12266E+03    0.27548E+02    0.27687E+03   -0.23240E+02   -0.11103E+03    0.25525E+01    0.36343E-01   -0.16539E+01   -0.91343E+00   -0.17578E-04   -0.25263E-02    0.52025E+00   -0.11261E+02    0.10406E+01
   -0.75288E-04   -0.11788E-03    0.79612E-04   -0.32300E-02    0.15536E-01   -0.47173E-02   -0.10384E-01    0.67129E+02   -0.35384E+02   -0.23240E+02    0.29138E+02    0.13333E+02   -0.21981E+01    0.11979E-01    0.68340E-01    0.88256E-01   -0.44313E-04   -0.45532E-03    0.15141E+00   -0.47454E+00   -0.43868E+00
   -0.23955E-03    0.26277E-03   -0.45879E-07   -0.72168E-02    0.50484E-01   -0.97812E-02   -0.18543E-01    0.92711E+02    0.33273E+01   -0.11103E+03    0.13333E+02    0.56265E+02   -0.11639E+01    0.29460E-01    0.74051E+00    0.55438E+00    0.19781E-05    0.12885E-02   -0.29631E+00   -0.10200E+01   -0.33397E+00
    0.54907E-05   -0.64807E-04    0.21476E-04   -0.34696E-04    0.16158E-01   -0.15117E-03   -0.96745E-03   -0.67585E+02   -0.71246E+01    0.25525E+01   -0.21981E+01   -0.11639E+01    0.75062E+01    0.42718E-01    0.26073E+00   -0.33584E-01    0.19634E-05   -0.13654E-03   -0.33141E-01   -0.16099E-01    0.17066E+00
   -0.70791E-06    0.69272E-05   -0.10489E-05    0.16297E-04   -0.14351E-04    0.21445E-04    0.71983E-04   -0.75933E+00   -0.14805E+00    0.36343E-01    0.11979E-01    0.29460E-01    0.42718E-01    0.61838E-02   -0.51411E-02    0.43669E-02   -0.18656E-06   -0.76314E-05    0.36197E-02   -0.11221E-01    0.34222E-02
   -0.42706E-05   -0.10392E-04    0.14372E-05   -0.17807E-03    0.82534E-03   -0.20844E-03   -0.54231E-03   -0.55574E+00    0.63167E-01   -0.16539E+01    0.68340E-01    0.74051E+00    0.26073E+00   -0.51411E-02    0.50839E-01   -0.43891E-02    0.96441E-06    0.35865E-04    0.16547E-02   -0.12275E-01   -0.68416E-02
   -0.18878E-05    0.13128E-04   -0.11031E-05   -0.10878E-04   -0.12483E-03   -0.26563E-04    0.23575E-04    0.76537E+00    0.60518E-01   -0.91343E+00    0.88256E-01    0.55438E+00   -0.33584E-01    0.43669E-02   -0.43891E-02    0.15518E-01   -0.12056E-06   -0.25301E-05   -0.17528E-02   -0.64056E-02    0.71662E-02
    0.13365E-08   -0.14237E-07   -0.10098E-08    0.86988E-07   -0.70437E-06   -0.33672E-07    0.20670E-06    0.71213E-03    0.18791E-04   -0.17578E-04   -0.44313E-04    0.19781E-05    0.19634E-05   -0.18656E-06    0.96441E-06   -0.12056E-06    0.15794E-06    0.69602E-08    0.51203E-06    0.10125E-04   -0.14910E-04
   -0.13749E-07    0.13367E-06   -0.21464E-07   -0.26683E-06   -0.35109E-05   -0.58011E-07    0.38387E-06   -0.25171E-02    0.11674E-02   -0.25263E-02   -0.45532E-03    0.12885E-02   -0.13654E-03   -0.76314E-05    0.35865E-04   -0.25301E-05    0.69602E-08    0.18658E-05   -0.12992E-06   -0.55061E-04    0.95401E-04
    0.16818E-05   -0.43281E-05    0.21439E-05    0.11009E-03   -0.14467E-02    0.79437E-04    0.24344E-03   -0.42932E+00    0.10226E+01    0.52025E+00    0.15141E+00   -0.29631E+00   -0.33141E-01    0.36197E-02    0.16547E-02   -0.17528E-02    0.51203E-06   -0.12992E-06    0.82879E-01    0.30588E-01    0.25499E-02
   -0.43434E-04   -0.98785E-04    0.10706E-04   -0.23201E-02    0.10871E-01   -0.29479E-02   -0.67048E-02   -0.17015E+02   -0.13185E+02   -0.11261E+02   -0.47454E+00   -0.10200E+01   -0.16099E-01   -0.11221E-01   -0.12275E-01   -0.64056E-02    0.10125E-04   -0.55061E-04    0.30588E-01    0.80218E+01   -0.52277E-01
   -0.12312E-04    0.17129E-03   -0.20199E-04   -0.39226E-03   -0.28355E-02   -0.18443E-03    0.23564E-03    0.16759E+02    0.52780E+00    0.10406E+01   -0.43868E+00   -0.33397E+00    0.17066E+00    0.34222E-02   -0.68416E-02    0.71662E-02   -0.14910E-04    0.95401E-04    0.25499E-02   -0.52277E-01    0.31557E+00
