# omegabh2 omegach2 theta tau omegak mnu ns logA aps100 aps143 aps217 acib143 acib217 asz143 psr cibr ncib cal0 cal2 xi aksz bm_1_1 bm_1_2 bm_1_3 bm_1_4 bm_1_5 bm_2_1 bm_2_2 bm_2_3 bm_2_4 bm_2_5 bm_3_1 bm_3_2 bm_3_3 bm_3_4 bm_3_5 bm_4_1 bm_4_2 bm_4_3 bm_4_4 bm_4_5
    0.12807E-06   -0.68553E-06    0.14680E-06    0.83901E-06   -0.23096E-05   -0.48945E-04    0.22127E-05    0.60928E-06   -0.27760E-02   -0.10427E-02   -0.24958E-03   -0.25389E-03   -0.36193E-03    0.52112E-04    0.43119E-06   -0.62884E-05   -0.29165E-05    0.67535E-09   -0.19925E-07    0.40492E-05   -0.15893E-03   -0.15782E-04   -0.78073E-05    0.18874E-05    0.12442E-04    0.35929E-05   -0.29771E-05   -0.44857E-05    0.93061E-06   -0.94623E-05   -0.39552E-05   -0.98660E-05   -0.42119E-05    0.65933E-05    0.35341E-05    0.41644E-05   -0.81357E-05   -0.33050E-05   -0.65831E-05   -0.87962E-05   -0.46426E-05
   -0.68553E-06    0.84856E-05   -0.11268E-05   -0.97417E-05    0.18357E-04    0.27117E-03   -0.21439E-04   -0.13932E-05    0.12597E-01    0.59758E-02    0.28027E-02    0.73524E-03    0.11587E-02   -0.28978E-03   -0.19880E-05    0.87839E-05    0.99141E-05   -0.37029E-08    0.11053E-06   -0.14006E-04    0.69007E-03    0.15665E-03   -0.28665E-04   -0.30994E-04    0.97063E-06   -0.32764E-04    0.61363E-04    0.15405E-04   -0.40382E-04    0.17595E-04    0.53712E-04    0.48935E-04    0.66239E-04    0.19911E-04    0.24158E-04   -0.37463E-04    0.89677E-04   -0.84090E-05    0.54553E-04    0.65963E-04    0.56760E-04
    0.14680E-06   -0.11268E-05    0.50889E-06    0.13764E-05   -0.24320E-05   -0.74443E-04    0.36576E-05    0.94661E-06   -0.20251E-02   -0.98068E-03   -0.43982E-03   -0.16364E-03   -0.26399E-03    0.30655E-04   -0.14843E-05   -0.47512E-05   -0.32225E-05   -0.29987E-08   -0.23783E-07   -0.33054E-06   -0.14225E-03   -0.12210E-04    0.16540E-04    0.12063E-04    0.23612E-04   -0.16627E-05   -0.30795E-05   -0.11704E-04    0.11998E-05   -0.41285E-04   -0.10155E-04   -0.98665E-06    0.35796E-05    0.16686E-04   -0.51553E-05    0.12802E-04   -0.26084E-05    0.57046E-06   -0.16653E-04   -0.16029E-04   -0.29472E-04
    0.83901E-06   -0.97417E-05    0.13764E-05    0.17204E-03    0.57750E-04    0.30885E-04    0.30872E-04    0.32046E-03   -0.29691E-01   -0.79145E-02    0.90250E-03   -0.29355E-02   -0.44954E-02    0.53928E-03    0.87126E-05   -0.66874E-04   -0.33186E-04   -0.25980E-07   -0.42617E-06    0.43613E-04   -0.11864E-02   -0.11876E-03   -0.14959E-03   -0.17725E-03   -0.89274E-04    0.36558E-03   -0.10293E-03    0.60935E-04   -0.49625E-03   -0.18419E-03    0.16070E-04   -0.58013E-04    0.76945E-04   -0.26630E-04   -0.49106E-03    0.16667E-03    0.17923E-05   -0.31491E-03   -0.81355E-04    0.38256E-03   -0.31043E-03
   -0.23096E-05    0.18357E-04   -0.24320E-05    0.57750E-04    0.98882E-03   -0.28512E-02   -0.52154E-04    0.15586E-03    0.15513E+00    0.29444E-01   -0.18307E-01    0.13801E-01    0.21392E-01   -0.91423E-03   -0.26639E-04    0.79791E-03    0.12712E-03   -0.49154E-07    0.10602E-05   -0.10773E-03    0.67406E-02    0.18560E-03   -0.10604E-03    0.51936E-04    0.12717E-03   -0.57858E-03   -0.19704E-03   -0.28614E-03   -0.56574E-03    0.31266E-03    0.63602E-03    0.61859E-03    0.98218E-03   -0.42852E-03   -0.72601E-03   -0.21651E-03    0.52155E-03   -0.61912E-03   -0.12663E-03    0.38590E-03    0.37873E-03
   -0.48945E-04    0.27117E-03   -0.74443E-04    0.30885E-04   -0.28512E-02    0.93582E-01   -0.11383E-02    0.21491E-03    0.11658E+01    0.39961E+00    0.11008E+00    0.11223E+00    0.14189E+00   -0.11115E-01   -0.90683E-03    0.97247E-03   -0.54165E-05   -0.30293E-06    0.10076E-04   -0.47102E-02    0.73632E-01    0.52989E-02    0.36044E-03    0.11875E-03    0.29020E-02    0.84312E-02    0.56297E-02    0.16901E-02   -0.10220E-02   -0.38601E-02    0.39477E-03    0.37537E-02    0.35657E-02    0.25759E-02   -0.11812E-02   -0.19667E-02    0.61278E-02    0.42385E-02    0.36293E-02    0.49556E-02   -0.49799E-02
    0.22127E-05   -0.21439E-04    0.36576E-05    0.30872E-04   -0.52154E-04   -0.11383E-02    0.77467E-04    0.17968E-04   -0.88550E-01   -0.17760E-01    0.43875E-02   -0.89126E-02   -0.11286E-01    0.74879E-03    0.39010E-04   -0.26920E-03   -0.58248E-04   -0.73351E-07   -0.41297E-06    0.12113E-03   -0.51103E-02   -0.22135E-03    0.25967E-04    0.97725E-05    0.15548E-03    0.16200E-03    0.11314E-03   -0.10139E-03    0.17817E-04   -0.23425E-03   -0.16936E-03   -0.17896E-03   -0.92766E-04   -0.83722E-04    0.83529E-04    0.10025E-03   -0.33010E-04    0.23026E-04   -0.22840E-03   -0.24039E-03   -0.18519E-03
    0.60928E-06   -0.13932E-05    0.94661E-06    0.32046E-03    0.15586E-03    0.21491E-03    0.17968E-04    0.64216E-03   -0.58091E-01    0.36659E-03    0.14904E-01   -0.86629E-02   -0.10474E-01   -0.44786E-03    0.35517E-04   -0.30193E-03   -0.27592E-04   -0.28473E-08   -0.35604E-06    0.11254E-03   -0.27071E-02    0.70935E-03   -0.22259E-03   -0.44157E-03   -0.14924E-03    0.64123E-03    0.24163E-03    0.27270E-03   -0.11549E-02   -0.42130E-03    0.11434E-03   -0.26139E-04    0.36497E-03    0.39033E-04   -0.96780E-03    0.17709E-03    0.42906E-03   -0.58798E-03    0.51790E-04    0.96674E-03   -0.53246E-03
   -0.27760E-02    0.12597E-01   -0.20251E-02   -0.29691E-01    0.15513E+00    0.11658E+01   -0.88550E-01   -0.58091E-01    0.25573E+04    0.89166E+02   -0.12865E+03    0.10341E+03    0.98088E+02   -0.73754E+02   -0.86538E+00   -0.31222E+00    0.15514E+01    0.86751E-03   -0.14588E-03   -0.50749E+00   -0.12939E+02    0.97866E+01   -0.93506E+01   -0.10334E+01    0.11450E+01   -0.65408E+00    0.45017E+00   -0.49516E+01   -0.87083E+00   -0.50272E+00   -0.26341E+00    0.90157E+00    0.65989E+00   -0.48220E-01   -0.78104E+00   -0.51353E+01    0.17490E+01   -0.19705E+01   -0.18809E+01   -0.86323E+00    0.32898E+01
   -0.10427E-02    0.59758E-02   -0.98068E-03   -0.79145E-02    0.29444E-01    0.39961E+00   -0.17760E-01    0.36659E-03    0.89166E+02    0.17857E+03    0.47506E+02   -0.28144E+02   -0.53303E+01   -0.81306E+01   -0.31116E+00   -0.78964E-01   -0.15908E+00    0.94630E-04    0.32390E-02    0.10149E+01   -0.11689E+02    0.82841E+00    0.40571E+00    0.85403E-01   -0.70059E-01   -0.88008E-03   -0.18578E+01   -0.59863E+00   -0.15617E+00   -0.56851E-02    0.46652E-01    0.12691E+01    0.68592E-01    0.50278E+00   -0.48709E+00    0.41377E-01   -0.43771E+00   -0.63088E+00   -0.61980E-01    0.45586E+00   -0.14122E+00
   -0.24958E-03    0.28027E-02   -0.43982E-03    0.90250E-03   -0.18307E-01    0.11008E+00    0.43875E-02    0.14904E-01   -0.12865E+03    0.47506E+02    0.19222E+03   -0.25432E+02   -0.64505E+02    0.56047E+01   -0.95967E-01   -0.81274E+00   -0.10604E+01    0.87539E-04   -0.42632E-02    0.40181E+00   -0.10757E+02    0.12185E+01    0.75669E+00    0.10762E+00   -0.51334E+00    0.42284E+00    0.80377E+00    0.24276E+00   -0.83034E-01   -0.12708E+00    0.97613E-01   -0.13199E+01    0.43115E+00   -0.36611E+00    0.30021E+00    0.42692E+00   -0.29648E+00    0.19746E+00   -0.25696E-01    0.73632E-01   -0.34533E+00
   -0.25389E-03    0.73524E-03   -0.16364E-03   -0.29355E-02    0.13801E-01    0.11223E+00   -0.89126E-02   -0.86629E-02    0.10341E+03   -0.28144E+02   -0.25432E+02    0.22858E+02    0.14689E+02   -0.28448E+01    0.36234E-01    0.12746E+00    0.22579E+00   -0.66957E-04   -0.10368E-02    0.22521E-01   -0.41200E+00   -0.83714E+00   -0.46323E+00   -0.87679E-01    0.16618E-01   -0.10111E+00    0.89711E+00    0.26960E+00   -0.46821E-01    0.40638E-01    0.12514E+00   -0.36051E+00   -0.50219E-01   -0.17886E+00    0.77237E-01   -0.97704E-01    0.42437E+00    0.17833E+00    0.14215E+00   -0.84102E-01    0.16345E+00
   -0.36193E-03    0.11587E-02   -0.26399E-03   -0.44954E-02    0.21392E-01    0.14189E+00   -0.11286E-01   -0.10474E-01    0.98088E+02   -0.53303E+01   -0.64505E+02    0.14689E+02    0.30909E+02   -0.30763E+01    0.82140E-01    0.33653E+00    0.53112E+00   -0.43025E-04    0.17296E-02   -0.20697E+00   -0.52155E+00   -0.54546E+00   -0.39833E+00   -0.65089E-01    0.90747E-01   -0.22181E+00   -0.28862E+00    0.26858E-01    0.24271E-01    0.24648E+00   -0.85036E-01    0.53022E+00   -0.33084E+00    0.12912E+00   -0.26151E+00   -0.28440E+00    0.12032E+00   -0.41758E-01    0.82096E-01    0.77968E-01    0.27647E+00
    0.52112E-04   -0.28978E-03    0.30655E-04    0.53928E-03   -0.91423E-03   -0.11115E-01    0.74879E-03   -0.44786E-03   -0.73754E+02   -0.81306E+01    0.56047E+01   -0.28448E+01   -0.30763E+01    0.76599E+01    0.49217E-01    0.26822E+00   -0.14739E+00    0.13287E-04   -0.18523E-03   -0.22785E-02   -0.10268E+00    0.22029E+00    0.15144E+00    0.40606E-01   -0.38971E-01    0.24714E-02   -0.86824E-01    0.45378E-01    0.27877E-01    0.78138E-01   -0.40369E-01   -0.82865E-01   -0.77949E-02   -0.35425E-01   -0.21099E-01    0.29175E-01   -0.14353E+00    0.39753E-01   -0.35159E-01    0.32977E-01   -0.99331E-03
    0.43119E-06   -0.19880E-05   -0.14843E-05    0.87126E-05   -0.26639E-04   -0.90683E-03    0.39010E-04    0.35517E-04   -0.86538E+00   -0.31116E+00   -0.95967E-01    0.36234E-01    0.82140E-01    0.49217E-01    0.75897E-02   -0.59205E-02    0.73885E-02    0.59557E-06   -0.24126E-04    0.39157E-02   -0.86880E-02    0.67941E-02    0.35619E-02    0.18805E-02   -0.22503E-02   -0.11918E-02    0.46982E-02    0.14922E-02   -0.37109E-03   -0.65609E-03    0.11311E-02   -0.98574E-02   -0.91437E-03   -0.30064E-02   -0.10074E-02   -0.17502E-02   -0.24695E-02   -0.12073E-02   -0.25710E-02   -0.48509E-02   -0.91796E-03
   -0.62884E-05    0.87839E-05   -0.47512E-05   -0.66874E-04    0.79791E-03    0.97247E-03   -0.26920E-03   -0.30193E-03   -0.31222E+00   -0.78964E-01   -0.81274E+00    0.12746E+00    0.33653E+00    0.26822E+00   -0.59205E-02    0.48515E-01   -0.11456E-01   -0.32255E-05    0.72202E-04    0.61376E-04   -0.28074E-01   -0.14832E-01   -0.31026E-02   -0.41678E-02   -0.25204E-02   -0.58762E-02   -0.34138E-01   -0.80757E-02    0.11144E-01    0.17776E-01   -0.25904E-02    0.31408E-01   -0.23317E-02    0.63587E-02   -0.48789E-02   -0.11144E-02   -0.80957E-02    0.31214E-02   -0.12765E-02    0.73432E-02    0.75025E-02
   -0.29165E-05    0.99141E-05   -0.32225E-05   -0.33186E-04    0.12712E-03   -0.54165E-05   -0.58248E-04   -0.27592E-04    0.15514E+01   -0.15908E+00   -0.10604E+01    0.22579E+00    0.53112E+00   -0.14739E+00    0.73885E-02   -0.11456E-01    0.21465E-01   -0.99224E-07   -0.15317E-04   -0.22987E-02   -0.71831E-03    0.24291E-02   -0.93350E-02   -0.11225E-02   -0.29267E-02   -0.43815E-02    0.33260E-02    0.56533E-02   -0.25111E-02    0.93821E-02   -0.59772E-02   -0.10189E-01   -0.16481E-01   -0.14810E-02   -0.11859E-01   -0.13719E-01   -0.43217E-02   -0.29703E-02    0.20829E-02    0.55633E-03    0.13722E-01
    0.67535E-09   -0.37029E-08   -0.29987E-08   -0.25980E-07   -0.49154E-07   -0.30293E-06   -0.73351E-07   -0.28473E-08    0.86751E-03    0.94630E-04    0.87539E-04   -0.66957E-04   -0.43025E-04    0.13287E-04    0.59557E-06   -0.32255E-05   -0.99224E-07    0.15470E-06    0.13900E-07   -0.39122E-06    0.25990E-04   -0.28130E-04   -0.14886E-04    0.97103E-05   -0.61969E-07    0.60578E-05    0.10729E-04    0.41699E-05   -0.39869E-05   -0.15002E-05   -0.11498E-05   -0.78823E-06    0.25678E-05    0.31900E-05    0.14174E-05    0.11400E-04    0.75133E-05    0.29485E-05    0.29223E-05    0.43971E-05    0.13464E-05
   -0.19925E-07    0.11053E-06   -0.23783E-07   -0.42617E-06    0.10602E-05    0.10076E-04   -0.41297E-06   -0.35604E-06   -0.14588E-03    0.32390E-02   -0.42632E-02   -0.10368E-02    0.17296E-02   -0.18523E-03   -0.24126E-04    0.72202E-04   -0.15317E-04    0.13900E-07    0.16547E-05   -0.17903E-04    0.87792E-05    0.94959E-04    0.26486E-04   -0.21997E-04    0.12061E-04   -0.68270E-05    0.24197E-03    0.21358E-04   -0.26031E-04   -0.64783E-05    0.27206E-04   -0.19389E-03    0.16192E-04    0.55138E-05   -0.11149E-04   -0.15739E-04    0.54059E-04    0.32811E-04   -0.62676E-05   -0.92471E-05   -0.87593E-05
    0.40492E-05   -0.14006E-04   -0.33054E-06    0.43613E-04   -0.10773E-03   -0.47102E-02    0.12113E-03    0.11254E-03   -0.50749E+00    0.10149E+01    0.40181E+00    0.22521E-01   -0.20697E+00   -0.22785E-02    0.39157E-02    0.61376E-04   -0.22987E-02   -0.39122E-06   -0.17903E-04    0.82001E-01   -0.59446E-02    0.44014E-02   -0.98446E-05    0.48557E-02   -0.11835E-02    0.13602E-02   -0.37372E-02    0.19490E-02   -0.74576E-02    0.12222E-02    0.59371E-02   -0.26194E-02   -0.45795E-02   -0.34532E-02   -0.68358E-03   -0.16976E-02   -0.18697E-02   -0.93960E-02    0.18033E-02    0.37336E-02   -0.88288E-03
   -0.15893E-03    0.69007E-03   -0.14225E-03   -0.11864E-02    0.67406E-02    0.73632E-01   -0.51103E-02   -0.27071E-02   -0.12939E+02   -0.11689E+02   -0.10757E+02   -0.41200E+00   -0.52155E+00   -0.10268E+00   -0.86880E-02   -0.28074E-01   -0.71831E-03    0.25990E-04    0.87792E-05   -0.59446E-02    0.78878E+01    0.39499E-01    0.46053E-01    0.36602E-01    0.44177E-01    0.18297E-01    0.54825E-01   -0.54437E-01   -0.12391E-01   -0.50637E-01    0.60173E-01   -0.50363E-01    0.79156E-02   -0.48876E-01    0.18846E-01    0.23046E-01    0.31835E-01   -0.55680E-01   -0.17043E-01   -0.78060E-01   -0.79993E-02
   -0.15782E-04    0.15665E-03   -0.12210E-04   -0.11876E-03    0.18560E-03    0.52989E-02   -0.22135E-03    0.70935E-03    0.97866E+01    0.82841E+00    0.12185E+01   -0.83714E+00   -0.54546E+00    0.22029E+00    0.67941E-02   -0.14832E-01    0.24291E-02   -0.28130E-04    0.94959E-04    0.44014E-02    0.39499E-01    0.69238E+00   -0.11284E+00   -0.24878E-01    0.34561E-01    0.11093E-01    0.19104E+00   -0.55883E-01   -0.36580E-01   -0.16739E-01   -0.45504E-01    0.17648E-01    0.38453E-01   -0.30972E-01   -0.41914E-01   -0.15905E+00    0.16462E+00    0.24587E-01   -0.14079E-01    0.69410E-02    0.66783E-01
   -0.78073E-05   -0.28665E-04    0.16540E-04   -0.14959E-03   -0.10604E-03    0.36044E-03    0.25967E-04   -0.22259E-03   -0.93506E+01    0.40571E+00    0.75669E+00   -0.46323E+00   -0.39833E+00    0.15144E+00    0.35619E-02   -0.31026E-02   -0.93350E-02   -0.14886E-04    0.26486E-04   -0.98446E-05    0.46053E-01   -0.11284E+00    0.91033E+00   -0.15016E-01    0.10926E-01   -0.30053E-02   -0.14826E+00    0.19010E+00    0.63791E-01   -0.54076E-01    0.43471E-01   -0.11913E+00    0.94881E-02    0.43146E-01    0.17658E-01    0.15099E+00   -0.22262E+00    0.42394E-01    0.10987E+00    0.41487E-02   -0.23541E+00
    0.18874E-05   -0.30994E-04    0.12063E-04   -0.17725E-03    0.51936E-04    0.11875E-03    0.97725E-05   -0.44157E-03   -0.10334E+01    0.85403E-01    0.10762E+00   -0.87679E-01   -0.65089E-01    0.40606E-01    0.18805E-02   -0.41678E-02   -0.11225E-02    0.97103E-05   -0.21997E-04    0.48557E-02    0.36602E-01   -0.24878E-01   -0.15016E-01    0.98304E+00    0.92784E-02   -0.25612E-02   -0.48266E-01   -0.20257E-01    0.15878E+00   -0.34618E-02    0.81467E-01   -0.18695E-01    0.30276E-01   -0.25174E-01   -0.10061E-01    0.10321E+00   -0.62887E-01    0.19606E-01    0.15156E-01   -0.18390E+00    0.96294E-01
    0.12442E-04    0.97063E-06    0.23612E-04   -0.89274E-04    0.12717E-03    0.29020E-02    0.15548E-03   -0.14924E-03    0.11450E+01   -0.70059E-01   -0.51334E+00    0.16618E-01    0.90747E-01   -0.38971E-01   -0.22503E-02   -0.25204E-02   -0.29267E-02   -0.61969E-07    0.12061E-04   -0.11835E-02    0.44177E-01    0.34561E-01    0.10926E-01    0.92784E-02    0.10323E+01    0.13675E-01    0.79848E-01   -0.86232E-01    0.67489E-01   -0.13114E+00    0.50888E-01    0.92062E-01    0.12959E+00    0.53102E-01    0.16236E+00   -0.11437E+00    0.12225E+00    0.45568E-01    0.12572E-01   -0.12151E+00    0.36142E-01
    0.35929E-05   -0.32764E-04   -0.16627E-05    0.36558E-03   -0.57858E-03    0.84312E-02    0.16200E-03    0.64123E-03   -0.65408E+00   -0.88008E-03    0.42284E+00   -0.10111E+00   -0.22181E+00    0.24714E-02   -0.11918E-02   -0.58762E-02   -0.43815E-02    0.60578E-05   -0.68270E-05    0.13602E-02    0.18297E-01    0.11093E-01   -0.30053E-02   -0.25612E-02    0.13675E-01    0.98180E+00    0.29354E-01    0.38489E-01   -0.60522E-01    0.42667E-01    0.10591E+00    0.68543E-01   -0.62575E-01   -0.81252E-01    0.72368E-01    0.48879E-01    0.10038E+00   -0.10190E+00    0.10267E+00   -0.15733E-01    0.15340E-01
   -0.29771E-05    0.61363E-04   -0.30795E-05   -0.10293E-03   -0.19704E-03    0.56297E-02    0.11314E-03    0.24163E-03    0.45017E+00   -0.18578E+01    0.80377E+00    0.89711E+00   -0.28862E+00   -0.86824E-01    0.46982E-02   -0.34138E-01    0.33260E-02    0.10729E-04    0.24197E-03   -0.37372E-02    0.54825E-01    0.19104E+00   -0.14826E+00   -0.48266E-01    0.79848E-01    0.29354E-01    0.87392E+00   -0.12575E-01   -0.30700E-01   -0.61945E-01    0.67788E-02    0.19684E-01    0.13955E+00   -0.98666E-01    0.27847E-01   -0.72824E-01    0.67040E+00    0.21768E+00   -0.37071E-01   -0.64058E-01    0.62690E-01
   -0.44857E-05    0.15405E-04   -0.11704E-04    0.60935E-04   -0.28614E-03    0.16901E-02   -0.10139E-03    0.27270E-03   -0.49516E+01   -0.59863E+00    0.24276E+00    0.26960E+00    0.26858E-01    0.45378E-01    0.14922E-02   -0.80757E-02    0.56533E-02    0.41699E-05    0.21358E-04    0.19490E-02   -0.54437E-01   -0.55883E-01    0.19010E+00   -0.20257E-01   -0.86232E-01    0.38489E-01   -0.12575E-01    0.10006E+01    0.60453E-02   -0.10452E-01    0.24960E-01    0.39279E-01    0.51288E-02   -0.42272E-01   -0.35408E-02    0.15448E+00   -0.82741E-01    0.24449E+00    0.79162E+00    0.28635E+00   -0.18428E+00
    0.93061E-06   -0.40382E-04    0.11998E-05   -0.49625E-03   -0.56574E-03   -0.10220E-02    0.17817E-04   -0.11549E-02   -0.87083E+00   -0.15617E+00   -0.83034E-01   -0.46821E-01    0.24271E-01    0.27877E-01   -0.37109E-03    0.11144E-01   -0.25111E-02   -0.39869E-05   -0.26031E-04   -0.74576E-02   -0.12391E-01   -0.36580E-01    0.63791E-01    0.15878E+00    0.67489E-01   -0.60522E-01   -0.30700E-01    0.60453E-02    0.97080E+00    0.30994E-01   -0.14453E-01    0.71518E-01   -0.61271E-01    0.11604E+00    0.14716E+00   -0.13424E+00   -0.21775E+00    0.61689E+00    0.12512E+00   -0.59462E+00    0.19748E+00
   -0.94623E-05    0.17595E-04   -0.41285E-04   -0.18419E-03    0.31266E-03   -0.38601E-02   -0.23425E-03   -0.42130E-03   -0.50272E+00   -0.56851E-02   -0.12708E+00    0.40638E-01    0.24648E+00    0.78138E-01   -0.65609E-03    0.17776E-01    0.93821E-02   -0.15002E-05   -0.64783E-05    0.12222E-02   -0.50637E-01   -0.16739E-01   -0.54076E-01   -0.34618E-02   -0.13114E+00    0.42667E-01   -0.61945E-01   -0.10452E-01    0.30994E-01    0.10233E+01   -0.30720E-01    0.45769E-02   -0.11329E+00   -0.16897E+00   -0.37596E-01   -0.10158E+00   -0.10477E+00    0.91814E-01   -0.74964E-01    0.29134E+00    0.69287E+00
   -0.39552E-05    0.53712E-04   -0.10155E-04    0.16070E-04    0.63602E-03    0.39477E-03   -0.16936E-03    0.11434E-03   -0.26341E+00    0.46652E-01    0.97613E-01    0.12514E+00   -0.85036E-01   -0.40369E-01    0.11311E-02   -0.25904E-02   -0.59772E-02   -0.11498E-05    0.27206E-04    0.59371E-02    0.60173E-01   -0.45504E-01    0.43471E-01    0.81467E-01    0.50888E-01    0.10591E+00    0.67788E-02    0.24960E-01   -0.14453E-01   -0.30720E-01    0.10017E+01   -0.63544E-01    0.82318E-01    0.29162E-01    0.13736E+00    0.14781E-01    0.13144E+00   -0.56537E+00    0.41223E+00   -0.33989E+00    0.20035E+00
   -0.98660E-05    0.48935E-04   -0.98665E-06   -0.58013E-04    0.61859E-03    0.37537E-02   -0.17896E-03   -0.26139E-04    0.90157E+00    0.12691E+01   -0.13199E+01   -0.36051E+00    0.53022E+00   -0.82865E-01   -0.98574E-02    0.31408E-01   -0.10189E-01   -0.78823E-06   -0.19389E-03   -0.26194E-02   -0.50363E-01    0.17648E-01   -0.11913E+00   -0.18695E-01    0.92062E-01    0.68543E-01    0.19684E-01    0.39279E-01    0.71518E-01    0.45769E-02   -0.63544E-01    0.90340E+00   -0.39909E-02   -0.18434E-01    0.14415E-01   -0.13597E-02    0.58591E+00    0.16525E+00    0.11487E+00    0.67234E-01   -0.57108E-01
   -0.42119E-05    0.66239E-04    0.35796E-05    0.76945E-04    0.98218E-03    0.35657E-02   -0.92766E-04    0.36497E-03    0.65989E+00    0.68592E-01    0.43115E+00   -0.50219E-01   -0.33084E+00   -0.77949E-02   -0.91437E-03   -0.23317E-02   -0.16481E-01    0.25678E-05    0.16192E-04   -0.45795E-02    0.79156E-02    0.38453E-01    0.94881E-02    0.30276E-01    0.12959E+00   -0.62575E-01    0.13955E+00    0.51288E-02   -0.61271E-01   -0.11329E+00    0.82318E-01   -0.39909E-02    0.98640E+00    0.12500E-01   -0.16080E-01    0.16749E-01    0.11067E+00    0.15532E+00    0.16379E-01    0.15156E+00    0.14962E+00
    0.65933E-05    0.19911E-04    0.16686E-04   -0.26630E-04   -0.42852E-03    0.25759E-02   -0.83722E-04    0.39033E-04   -0.48220E-01    0.50278E+00   -0.36611E+00   -0.17886E+00    0.12912E+00   -0.35425E-01   -0.30064E-02    0.63587E-02   -0.14810E-02    0.31900E-05    0.55138E-05   -0.34532E-02   -0.48876E-01   -0.30972E-01    0.43146E-01   -0.25174E-01    0.53102E-01   -0.81252E-01   -0.98666E-01   -0.42272E-01    0.11604E+00   -0.16897E+00    0.29162E-01   -0.18434E-01    0.12500E-01    0.10132E+01    0.13797E-01    0.27321E-01   -0.12342E+00    0.43802E-01    0.16958E+00    0.57253E-01   -0.86336E-01
    0.35341E-05    0.24158E-04   -0.51553E-05   -0.49106E-03   -0.72601E-03   -0.11812E-02    0.83529E-04   -0.96780E-03   -0.78104E+00   -0.48709E+00    0.30021E+00    0.77237E-01   -0.26151E+00   -0.21099E-01   -0.10074E-02   -0.48789E-02   -0.11859E-01    0.14174E-05   -0.11149E-04   -0.68358E-03    0.18846E-01   -0.41914E-01    0.17658E-01   -0.10061E-01    0.16236E+00    0.72368E-01    0.27847E-01   -0.35408E-02    0.14716E+00   -0.37596E-01    0.13736E+00    0.14415E-01   -0.16080E-01    0.13797E-01    0.96830E+00   -0.55127E-02    0.87102E-02    0.48444E-01    0.13250E+00   -0.25496E+00    0.10002E+00
    0.41644E-05   -0.37463E-04    0.12802E-04    0.16667E-03   -0.21651E-03   -0.19667E-02    0.10025E-03    0.17709E-03   -0.51353E+01    0.41377E-01    0.42692E+00   -0.97704E-01   -0.28440E+00    0.29175E-01   -0.17502E-02   -0.11144E-02   -0.13719E-01    0.11400E-04   -0.15739E-04   -0.16976E-02    0.23046E-01   -0.15905E+00    0.15099E+00    0.10321E+00   -0.11437E+00    0.48879E-01   -0.72824E-01    0.15448E+00   -0.13424E+00   -0.10158E+00    0.14781E-01   -0.13597E-02    0.16749E-01    0.27321E-01   -0.55127E-02    0.10062E+01   -0.46038E-01   -0.49573E-01    0.39247E-01    0.17988E+00   -0.10926E+00
   -0.81357E-05    0.89677E-04   -0.26084E-05    0.17923E-05    0.52155E-03    0.61278E-02   -0.33010E-04    0.42906E-03    0.17490E+01   -0.43771E+00   -0.29648E+00    0.42437E+00    0.12032E+00   -0.14353E+00   -0.24695E-02   -0.80957E-02   -0.43217E-02    0.75133E-05    0.54059E-04   -0.18697E-02    0.31835E-01    0.16462E+00   -0.22262E+00   -0.62887E-01    0.12225E+00    0.10038E+00    0.67040E+00   -0.82741E-01   -0.21775E+00   -0.10477E+00    0.13144E+00    0.58591E+00    0.11067E+00   -0.12342E+00    0.87102E-02   -0.46038E-01    0.98537E+00   -0.34179E-01    0.19278E-01    0.27416E-02   -0.18565E-01
   -0.33050E-05   -0.84090E-05    0.57046E-06   -0.31491E-03   -0.61912E-03    0.42385E-02    0.23026E-04   -0.58798E-03   -0.19705E+01   -0.63088E+00    0.19746E+00    0.17833E+00   -0.41758E-01    0.39753E-01   -0.12073E-02    0.31214E-02   -0.29703E-02    0.29485E-05    0.32811E-04   -0.93960E-02   -0.55680E-01    0.24587E-01    0.42394E-01    0.19606E-01    0.45568E-01   -0.10190E+00    0.21768E+00    0.24449E+00    0.61689E+00    0.91814E-01   -0.56537E+00    0.16525E+00    0.15532E+00    0.43802E-01    0.48444E-01   -0.49573E-01   -0.34179E-01    0.96991E+00   -0.83168E-02    0.11170E-01    0.12573E-01
   -0.65831E-05    0.54553E-04   -0.16653E-04   -0.81355E-04   -0.12663E-03    0.36293E-02   -0.22840E-03    0.51790E-04   -0.18809E+01   -0.61980E-01   -0.25696E-01    0.14215E+00    0.82096E-01   -0.35159E-01   -0.25710E-02   -0.12765E-02    0.20829E-02    0.29223E-05   -0.62676E-05    0.18033E-02   -0.17043E-01   -0.14079E-01    0.10987E+00    0.15156E-01    0.12572E-01    0.10267E+00   -0.37071E-01    0.79162E+00    0.12512E+00   -0.74964E-01    0.41223E+00    0.11487E+00    0.16379E-01    0.16958E+00    0.13250E+00    0.39247E-01    0.19278E-01   -0.83168E-02    0.10212E+01   -0.32816E-02   -0.36710E-02
   -0.87962E-05    0.65963E-04   -0.16029E-04    0.38256E-03    0.38590E-03    0.49556E-02   -0.24039E-03    0.96674E-03   -0.86323E+00    0.45586E+00    0.73632E-01   -0.84102E-01    0.77968E-01    0.32977E-01   -0.48509E-02    0.73432E-02    0.55633E-03    0.43971E-05   -0.92471E-05    0.37336E-02   -0.78060E-01    0.69410E-02    0.41487E-02   -0.18390E+00   -0.12151E+00   -0.15733E-01   -0.64058E-01    0.28635E+00   -0.59462E+00    0.29134E+00   -0.33989E+00    0.67234E-01    0.15156E+00    0.57253E-01   -0.25496E+00    0.17988E+00    0.27416E-02    0.11170E-01   -0.32816E-02    0.96872E+00   -0.70654E-02
   -0.46426E-05    0.56760E-04   -0.29472E-04   -0.31043E-03    0.37873E-03   -0.49799E-02   -0.18519E-03   -0.53246E-03    0.32898E+01   -0.14122E+00   -0.34533E+00    0.16345E+00    0.27647E+00   -0.99331E-03   -0.91796E-03    0.75025E-02    0.13722E-01    0.13464E-05   -0.87593E-05   -0.88288E-03   -0.79993E-02    0.66783E-01   -0.23541E+00    0.96294E-01    0.36142E-01    0.15340E-01    0.62690E-01   -0.18428E+00    0.19748E+00    0.69287E+00    0.20035E+00   -0.57108E-01    0.14962E+00   -0.86336E-01    0.10002E+00   -0.10926E+00   -0.18565E-01    0.12573E-01   -0.36710E-02   -0.70654E-02    0.99768E+00
