# omegabh2 omegach2 theta tau Alens logA ns aps100 aps143 aps217 acib143 acib217 asz143 psr cibr ncib xi aksz cal0 cal2 bm_1_1
    0.8802057E-07   -0.4649712E-06    0.8747990E-07    0.6727225E-06    0.1667608E-04    0.4742243E-06    0.1403088E-05   -0.9245046E-03   -0.6137632E-03    0.3747354E-03   -0.1595939E-03   -0.4652826E-03   -0.1803535E-04    0.1034690E-05   -0.8047774E-05   -0.6359419E-05   -0.1900498E-06   -0.1832525E-03    0.1080669E-07   -0.1760870E-08   -0.1374256E-04
   -0.4649712E-06    0.5485070E-05   -0.6672173E-06   -0.6282344E-05   -0.1171131E-03   -0.7368853E-07   -0.1382529E-04    0.8528579E-02    0.2723791E-02   -0.1649506E-02    0.8113118E-03    0.2215011E-02    0.1715808E-03    0.4283098E-05    0.2615924E-04    0.3330138E-04   -0.2337976E-05    0.8301786E-03   -0.6767727E-07    0.4603162E-08    0.1521532E-03
    0.8747990E-07   -0.6672173E-06    0.2767518E-06    0.1026008E-05    0.1856321E-04    0.7702342E-06    0.2067061E-05   -0.1384997E-02   -0.3426805E-03    0.2124152E-03   -0.1557755E-03   -0.3052077E-03   -0.1278530E-04   -0.7786675E-06   -0.4711161E-05   -0.4383454E-05   -0.8007423E-06   -0.1891730E-03    0.4770983E-08   -0.3966346E-07   -0.2007244E-04
    0.6727225E-06   -0.6282344E-05    0.1026008E-05    0.1901816E-03   -0.2598585E-03    0.3639331E-03    0.2531892E-04   -0.1722248E-01   -0.2423656E-02    0.6885684E-02   -0.2900137E-02   -0.5705388E-02   -0.1189566E-02    0.4305113E-04   -0.3361628E-04   -0.9189828E-04    0.9128426E-04   -0.3154190E-02    0.2558743E-06    0.5014310E-07   -0.3830782E-03
    0.1667608E-04   -0.1171131E-03    0.1856321E-04   -0.2598585E-03    0.8809347E-02   -0.7463108E-03    0.3350607E-03   -0.2787375E+00   -0.1253098E+00    0.1114890E+00   -0.4337869E-01   -0.1168595E+00   -0.1189820E-01    0.2271868E-04   -0.2394125E-02   -0.1443876E-02   -0.3798102E-03   -0.4755662E-01    0.1434463E-05   -0.3059563E-05   -0.3255779E-02
    0.4742243E-06   -0.7368853E-07    0.7702342E-06    0.3639331E-03   -0.7463108E-03    0.7306308E-03    0.1900198E-04   -0.2014131E-01    0.5107274E-02    0.1708968E-01   -0.6318910E-02   -0.8762097E-02   -0.2386246E-02    0.1095571E-03   -0.8659991E-04   -0.1011768E-03    0.1897008E-03   -0.6552265E-02    0.6437503E-06    0.1791996E-05    0.7595190E-04
    0.1403088E-05   -0.1382529E-04    0.2067061E-05    0.2531892E-04    0.3350607E-03    0.1900198E-04    0.4999478E-04   -0.3733484E-01   -0.6952452E-02    0.1725021E-01   -0.6140663E-02   -0.1260389E-01   -0.1303976E-02    0.2450075E-04   -0.2090332E-03   -0.1507803E-03    0.5106528E-04   -0.5941624E-02   -0.9934949E-08    0.7759702E-06   -0.1999403E-03
   -0.9245046E-03    0.8528579E-02   -0.1384997E-02   -0.1722248E-01   -0.2787375E+00   -0.2014131E-01   -0.3733484E-01    0.2336296E+04    0.8463316E+02   -0.6612256E+02    0.4619226E+02    0.5186523E+02   -0.5345236E+02   -0.8205659E+00   -0.1434647E+01    0.4103482E+00    0.9454232E-02   -0.8726505E+01    0.2106131E-02   -0.1746903E-02    0.1120774E+02
   -0.6137632E-03    0.2723791E-02   -0.3426805E-03   -0.2423656E-02   -0.1253098E+00    0.5107274E-02   -0.6952452E-02    0.8463316E+02    0.9922257E+02    0.2107614E+02   -0.1258132E+02    0.4172582E+01   -0.6178992E+01   -0.1626777E+00    0.4322028E-01    0.1060801E+00    0.9229539E+00   -0.1086564E+02   -0.6925304E-04    0.1041312E-02    0.3448588E+00
    0.3747354E-03   -0.1649506E-02    0.2124152E-03    0.6885684E-02    0.1114890E+00    0.1708968E-01    0.1725021E-01   -0.6612256E+02    0.2107614E+02    0.2578533E+03   -0.2011072E+02   -0.1149184E+03    0.5514888E+00    0.3076290E-01   -0.1325099E+01   -0.1586781E+01    0.5628498E+00   -0.1151331E+02    0.6813009E-04   -0.3064523E-02    0.1859695E+00
   -0.1595939E-03    0.8113118E-03   -0.1557755E-03   -0.2900137E-02   -0.4337869E-01   -0.6318910E-02   -0.6140663E-02    0.4619226E+02   -0.1258132E+02   -0.2011072E+02    0.1753612E+02    0.1258213E+02   -0.1865732E+01    0.1071413E-01   -0.4479921E-01    0.1762618E+00    0.1507721E+00   -0.3276530E+00   -0.1795583E-03   -0.1517666E-02   -0.2973776E+00
   -0.4652826E-03    0.2215011E-02   -0.3052077E-03   -0.5705388E-02   -0.1168595E+00   -0.8762097E-02   -0.1260389E-01    0.5186523E+02    0.4172582E+01   -0.1149184E+03    0.1258213E+02    0.6274434E+02    0.6173895E+00    0.5276123E-01    0.6240383E+00    0.9755736E+00   -0.2835194E+00   -0.5395953E+00   -0.9345972E-04    0.6068772E-03    0.9880424E-01
   -0.1803535E-04    0.1715808E-03   -0.1278530E-04   -0.1189566E-02   -0.1189820E-01   -0.2386246E-02   -0.1303976E-02   -0.5345236E+02   -0.6178992E+01    0.5514888E+00   -0.1865732E+01    0.6173895E+00    0.6856465E+01    0.9089015E-01    0.2641443E+00    0.2340431E-01   -0.7948755E-01   -0.2751742E+00    0.7777295E-04   -0.7959011E-03    0.2104923E+00
    0.1034690E-05    0.4283098E-05   -0.7786675E-06    0.4305113E-04    0.2271868E-04    0.1095571E-03    0.2450075E-04   -0.8205659E+00   -0.1626777E+00    0.3076290E-01    0.1071413E-01    0.5276123E-01    0.9089015E-01    0.1340631E-01   -0.6168217E-02    0.4663350E-02    0.6975951E-02   -0.2641570E-01    0.2813441E-05   -0.2928088E-04    0.2788387E-02
   -0.8047774E-05    0.2615924E-04   -0.4711161E-05   -0.3361628E-04   -0.2394125E-02   -0.8659991E-04   -0.2090332E-03   -0.1434647E+01    0.4322028E-01   -0.1325099E+01   -0.4479921E-01    0.6240383E+00    0.2641443E+00   -0.6168217E-02    0.5293341E-01    0.1161897E-02    0.1865129E-02    0.1242203E-01   -0.1805906E-05    0.6216609E-04    0.5957662E-02
   -0.6359419E-05    0.3330138E-04   -0.4383454E-05   -0.9189828E-04   -0.1443876E-02   -0.1011768E-03   -0.1507803E-03    0.4103482E+00    0.1060801E+00   -0.1586781E+01    0.1762618E+00    0.9755736E+00    0.2340431E-01    0.4663350E-02    0.1161897E-02    0.2477505E-01   -0.1890693E-02   -0.1558270E-01    0.2189107E-05   -0.8028730E-04    0.7769403E-02
   -0.1900498E-06   -0.2337976E-05   -0.8007423E-06    0.9128426E-04   -0.3798102E-03    0.1897008E-03    0.5106528E-04    0.9454232E-02    0.9229539E+00    0.5628498E+00    0.1507721E+00   -0.2835194E+00   -0.7948755E-01    0.6975951E-02    0.1865129E-02   -0.1890693E-02    0.8136001E-01    0.2795740E-01   -0.1011728E-04   -0.3784741E-04   -0.9714688E-03
   -0.1832525E-03    0.8301786E-03   -0.1891730E-03   -0.3154190E-02   -0.4755662E-01   -0.6552265E-02   -0.5941624E-02   -0.8726505E+01   -0.1086564E+02   -0.1151331E+02   -0.3276530E+00   -0.5395953E+00   -0.2751742E+00   -0.2641570E-01    0.1242203E-01   -0.1558270E-01    0.2795740E-01    0.8295064E+01    0.3916905E-04    0.1688145E-03   -0.3140273E-01
    0.1080669E-07   -0.6767727E-07    0.4770983E-08    0.2558743E-06    0.1434463E-05    0.6437503E-06   -0.9934949E-08    0.2106131E-02   -0.6925304E-04    0.6813009E-04   -0.1795583E-03   -0.9345972E-04    0.7777295E-04    0.2813441E-05   -0.1805906E-05    0.2189107E-05   -0.1011728E-04    0.3916905E-04    0.8719974E-06    0.5257284E-07   -0.1037697E-03
   -0.1760870E-08    0.4603162E-08   -0.3966346E-07    0.5014310E-07   -0.3059563E-05    0.1791996E-05    0.7759702E-06   -0.1746903E-02    0.1041312E-02   -0.3064523E-02   -0.1517666E-02    0.6068772E-03   -0.7959011E-03   -0.2928088E-04    0.6216609E-04   -0.8028730E-04   -0.3784741E-04    0.1688145E-03    0.5257284E-07    0.5861306E-05    0.2501659E-03
   -0.1374256E-04    0.1521532E-03   -0.2007244E-04   -0.3830782E-03   -0.3255779E-02    0.7595190E-04   -0.1999403E-03    0.1120774E+02    0.3448588E+00    0.1859695E+00   -0.2973776E+00    0.9880424E-01    0.2104923E+00    0.2788387E-02    0.5957662E-02    0.7769403E-02   -0.9714688E-03   -0.3140273E-01   -0.1037697E-03    0.2501659E-03    0.2631803E+00
