# omegabh2 omegach2 theta tau Alens ns logA aps100 aps143 aps217 acib143 acib217 asz143 psr cibr ncib cal0 cal2 xi aksz bm_1_1
    0.10747E-06   -0.64511E-06    0.11786E-06    0.71276E-06    0.12395E-04    0.18241E-05    0.86378E-07   -0.11343E-02   -0.90565E-03   -0.22328E-03   -0.17057E-03   -0.27567E-03   -0.13998E-04    0.63110E-06   -0.76147E-05    0.41168E-06   -0.43884E-09   -0.21814E-07    0.47602E-05   -0.46359E-04   -0.15773E-04
   -0.64511E-06    0.87606E-05   -0.10658E-05   -0.79775E-05   -0.14411E-03   -0.21208E-04    0.45129E-05    0.11975E-01    0.62277E-02    0.21107E-02    0.53562E-03    0.15878E-02    0.32919E-03    0.30577E-05    0.44290E-04    0.29384E-05   -0.19905E-08    0.61744E-07   -0.65687E-04   -0.91448E-04    0.17851E-03
    0.11786E-06   -0.10658E-05    0.45395E-06    0.11527E-05    0.20385E-04    0.30914E-05    0.13635E-06   -0.17214E-02   -0.11442E-02   -0.45725E-03   -0.20110E-04   -0.13711E-03   -0.38355E-04    0.13831E-05   -0.71846E-05    0.12509E-05   -0.50608E-08   -0.16394E-07    0.58351E-05    0.15345E-04   -0.34204E-04
    0.71276E-06   -0.79775E-05    0.11527E-05    0.16114E-03   -0.18730E-03    0.30521E-04    0.30018E-03   -0.25628E-01   -0.10283E-02    0.10638E-01   -0.31619E-02   -0.86396E-02   -0.14368E-02   -0.34437E-04   -0.23700E-03   -0.29462E-04   -0.90686E-07    0.12452E-06    0.27188E-03   -0.94628E-03   -0.21848E-03
    0.12395E-04   -0.14411E-03    0.20385E-04   -0.18730E-03    0.47785E-02    0.33898E-03   -0.71272E-03   -0.20608E+00   -0.16239E+00   -0.86434E-01    0.80477E-02   -0.86475E-02   -0.27305E-02    0.15493E-03   -0.61367E-03    0.22053E-03    0.58442E-06   -0.33372E-05    0.68726E-03    0.17882E-02   -0.49944E-02
    0.18241E-05   -0.21208E-04    0.30914E-05    0.30521E-04    0.33898E-03    0.71336E-04    0.11592E-04   -0.84535E-01   -0.16189E-01    0.10646E-01   -0.61582E-02   -0.12860E-01   -0.14124E-02    0.41959E-04   -0.40226E-03    0.75766E-05   -0.89476E-07    0.89095E-07    0.26137E-03   -0.29461E-02   -0.31272E-03
    0.86378E-07    0.45129E-05    0.13635E-06    0.30018E-03   -0.71272E-03    0.11592E-04    0.61230E-03   -0.34932E-01    0.17718E-01    0.35915E-01   -0.91278E-02   -0.17758E-01   -0.28732E-02   -0.31540E-04   -0.50446E-03   -0.31399E-04   -0.16423E-06    0.11211E-05    0.43423E-03   -0.38033E-02    0.55097E-03
   -0.11343E-02    0.11975E-01   -0.17214E-02   -0.25628E-01   -0.20608E+00   -0.84535E-01   -0.34932E-01    0.34240E+04    0.10548E+03   -0.11864E+03    0.78618E+02    0.94777E+02   -0.64825E+02   -0.95498E+00   -0.21086E+00    0.60429E+00    0.13313E-02   -0.12469E-02   -0.74762E+00   -0.13621E+02    0.14899E+02
   -0.90565E-03    0.62277E-02   -0.11442E-02   -0.10283E-02   -0.16239E+00   -0.16189E-01    0.17718E-01    0.10548E+03    0.17860E+03    0.28170E+02   -0.35324E+02    0.41264E+01   -0.78679E+01   -0.15768E+00    0.73834E-01    0.91983E-01    0.87542E-04    0.17453E-02    0.96290E+00   -0.12649E+02    0.62734E+00
   -0.22328E-03    0.21107E-02   -0.45725E-03    0.10638E-01   -0.86434E-01    0.10646E-01    0.35915E-01   -0.11864E+03    0.28170E+02    0.26727E+03   -0.18677E+02   -0.10753E+03    0.31652E+01    0.68725E-01   -0.15396E+01   -0.91676E+00   -0.17961E-03   -0.27344E-02    0.68531E+00   -0.10916E+02    0.10687E+01
   -0.17057E-03    0.53562E-03   -0.20110E-04   -0.31619E-02    0.80477E-02   -0.61582E-02   -0.91278E-02    0.78618E+02   -0.35324E+02   -0.18677E+02    0.29952E+02    0.12130E+02   -0.22833E+01   -0.13468E-02    0.43505E-02    0.65509E-01   -0.27856E-04   -0.47450E-03    0.13378E+00   -0.88517E+00   -0.39103E+00
   -0.27567E-03    0.15878E-02   -0.13711E-03   -0.86396E-02   -0.86475E-02   -0.12860E-01   -0.17758E-01    0.94777E+02    0.41264E+01   -0.10753E+03    0.12130E+02    0.55398E+02   -0.13801E+01    0.27400E-02    0.69996E+00    0.54415E+00    0.89567E-04    0.14095E-02   -0.35728E+00   -0.12352E+01   -0.35106E+00
   -0.13998E-04    0.32919E-03   -0.38355E-04   -0.14368E-02   -0.27305E-02   -0.14124E-02   -0.28732E-02   -0.64825E+02   -0.78679E+01    0.31652E+01   -0.22833E+01   -0.13801E+01    0.80559E+01    0.49504E-01    0.28122E+00   -0.38559E-01   -0.18762E-04   -0.25608E-03   -0.64718E-01   -0.75332E-01    0.20478E+00
    0.63110E-06    0.30577E-05    0.13831E-05   -0.34437E-04    0.15493E-03    0.41959E-04   -0.31540E-04   -0.95498E+00   -0.15768E+00    0.68725E-01   -0.13468E-02    0.27400E-02    0.49504E-01    0.69956E-02   -0.51180E-02    0.44879E-02   -0.20134E-06   -0.11808E-04    0.48952E-02   -0.53190E-02    0.38727E-02
   -0.76147E-05    0.44290E-04   -0.71846E-05   -0.23700E-03   -0.61367E-03   -0.40226E-03   -0.50446E-03   -0.21086E+00    0.73834E-01   -0.15396E+01    0.43505E-02    0.69996E+00    0.28122E+00   -0.51180E-02    0.52563E-01   -0.48430E-02    0.27238E-05    0.28048E-04   -0.17736E-02   -0.95261E-02   -0.42099E-02
    0.41168E-06    0.29384E-05    0.12509E-05   -0.29462E-04    0.22053E-03    0.75766E-05   -0.31399E-04    0.60429E+00    0.91983E-01   -0.91676E+00    0.65509E-01    0.54415E+00   -0.38559E-01    0.44879E-02   -0.48430E-02    0.15492E-01    0.82322E-06   -0.28960E-05    0.61912E-04   -0.20212E-03    0.70908E-02
   -0.43884E-09   -0.19905E-08   -0.50608E-08   -0.90686E-07    0.58442E-06   -0.89476E-07   -0.16423E-06    0.13313E-02    0.87542E-04   -0.17961E-03   -0.27856E-04    0.89567E-04   -0.18762E-04   -0.20134E-06    0.27238E-05    0.82322E-06    0.15136E-06   -0.13126E-07   -0.10758E-05   -0.82858E-05   -0.16394E-04
   -0.21814E-07    0.61744E-07   -0.16394E-07    0.12452E-06   -0.33372E-05    0.89095E-07    0.11211E-05   -0.12469E-02    0.17453E-02   -0.27344E-02   -0.47450E-03    0.14095E-02   -0.25608E-03   -0.11808E-04    0.28048E-04   -0.28960E-05   -0.13126E-07    0.18774E-05   -0.17950E-04   -0.19388E-03    0.98063E-04
    0.47602E-05   -0.65687E-04    0.58351E-05    0.27188E-03    0.68726E-03    0.26137E-03    0.43423E-03   -0.74762E+00    0.96290E+00    0.68531E+00    0.13378E+00   -0.35728E+00   -0.64718E-01    0.48952E-02   -0.17736E-02    0.61912E-04   -0.10758E-05   -0.17950E-04    0.83837E-01    0.20060E-01    0.13476E-02
   -0.46359E-04   -0.91448E-04    0.15345E-04   -0.94628E-03    0.17882E-02   -0.29461E-02   -0.38033E-02   -0.13621E+02   -0.12649E+02   -0.10916E+02   -0.88517E+00   -0.12352E+01   -0.75332E-01   -0.53190E-02   -0.95261E-02   -0.20212E-03   -0.82858E-05   -0.19388E-03    0.20060E-01    0.78727E+01   -0.89151E-02
   -0.15773E-04    0.17851E-03   -0.34204E-04   -0.21848E-03   -0.49944E-02   -0.31272E-03    0.55097E-03    0.14899E+02    0.62734E+00    0.10687E+01   -0.39103E+00   -0.35106E+00    0.20478E+00    0.38727E-02   -0.42099E-02    0.70908E-02   -0.16394E-04    0.98063E-04    0.13476E-02   -0.89151E-02    0.29800E+00
