# omegabh2 omegach2 theta tau ns nrun logA r aps100 aps143 aps217 acib143 acib217 asz143 psr cibr cal0 cal2 xi aksz bm_1_1
2.766100E-07 -1.188900E-06 2.356000E-07 2.454500E-05 4.826400E-06 -7.315900E-06 4.765400E-05 7.493800E-06 -8.456100E-04 -4.525100E-04 -3.012900E-04 -2.084800E-04 -3.134900E-04 -1.000110E-04 -5.390000E-07 -7.426000E-06 -3.893700E-10 7.935400E-09 1.891400E-06 -9.437790E-05 -1.202100E-05
-1.188900E-06 9.492000E-06 -1.279700E-06 -1.224900E-04 -3.161900E-05 2.849400E-05 -2.264300E-04 -3.054300E-05 5.096800E-03 2.469600E-03 1.759400E-03 7.988700E-04 1.471400E-03 5.843926E-04 2.952900E-06 4.019200E-05 1.809600E-08 -4.966600E-08 -1.437100E-05 4.992266E-04 1.709900E-04
2.356000E-07 -1.279700E-06 5.153600E-07 2.152100E-05 5.149300E-06 -5.586300E-06 4.122100E-05 4.875900E-06 -6.762100E-04 -5.477900E-04 -2.970200E-04 -8.444800E-05 -1.905800E-04 -5.841048E-05 -3.571400E-07 -4.180500E-06 -2.939800E-09 1.732600E-08 1.343200E-06 -7.783574E-05 -8.807200E-06
2.454500E-05 -1.224900E-04 2.152100E-05 3.220400E-03 5.327000E-04 -7.863100E-04 6.265700E-03 6.114000E-05 -6.174200E-02 4.505600E-03 2.374200E-02 -2.827000E-02 -5.185000E-02 -2.061177E-02 -2.785600E-05 -1.418100E-03 -2.848200E-07 1.420900E-07 3.724400E-04 -1.492291E-02 -1.618300E-03
4.826400E-06 -3.161900E-05 5.149300E-06 5.327000E-04 1.378000E-04 -1.157700E-04 1.004900E-03 1.017700E-04 -3.642500E-02 4.312400E-04 1.183400E-02 -1.062700E-02 -1.839800E-02 -6.352782E-03 -6.037300E-06 -4.848600E-04 -1.438700E-07 2.362500E-07 1.113200E-04 -6.063536E-03 -9.466200E-04
-7.315900E-06 2.849400E-05 -5.586300E-06 -7.863100E-04 -1.157700E-04 3.122000E-04 -1.558400E-03 -5.317300E-04 -6.641200E-03 -3.204100E-03 5.830500E-03 -1.300000E-03 -2.564300E-03 1.207249E-03 9.185900E-06 -2.181800E-05 -1.030000E-08 -3.720100E-07 -3.380200E-05 -1.553588E-03 -8.015600E-04
4.765400E-05 -2.264300E-04 4.122100E-05 6.265700E-03 1.004900E-03 -1.558400E-03 1.223200E-02 1.420300E-04 -9.866200E-02 2.367500E-02 6.014000E-02 -5.652800E-02 -1.037800E-01 -4.237698E-02 -4.735300E-05 -2.875700E-03 -4.530200E-07 4.966000E-07 7.369600E-04 -2.956689E-02 -2.326400E-03
7.493800E-06 -3.054300E-05 4.875900E-06 6.114000E-05 1.017700E-04 -5.317300E-04 1.420300E-04 7.232700E-03 -5.896100E-02 -8.951800E-05 -2.865200E-02 1.859300E-02 3.895000E-02 1.328540E-02 5.780600E-07 1.132900E-03 1.113400E-07 3.928000E-07 -5.811000E-05 1.679249E-02 2.177700E-03
-8.456100E-04 5.096800E-03 -6.762100E-04 -6.174200E-02 -3.642500E-02 -6.641200E-03 -9.866200E-02 -5.896100E-02 2.752800E+03 2.147300E+02 1.144200E+02 9.080000E+01 -2.580400E+01 -1.301107E+02 6.871900E-02 -4.860600E+00 1.183300E-03 6.751500E-03 2.151700E+00 -6.864932E+00 1.215400E+01
-4.525100E-04 2.469600E-03 -5.477900E-04 4.505600E-03 4.312400E-04 -3.204100E-03 2.367500E-02 -8.951800E-05 2.147300E+02 1.696000E+02 1.316000E+02 -3.289200E+01 -4.854700E+01 -2.650078E+01 3.334200E-02 -1.584800E+00 3.012300E-05 2.547700E-04 4.158600E-01 -1.028053E+01 3.020300E-01
-3.012900E-04 1.759400E-03 -2.970200E-04 2.374200E-02 1.183400E-02 5.830500E-03 6.014000E-02 -2.865200E-02 1.144200E+02 1.316000E+02 2.261300E+02 -3.391000E+01 -9.095100E+01 -2.160646E+01 4.468200E-02 -2.253400E+00 2.555600E-05 -4.614500E-03 4.003500E-01 -1.176402E+01 4.253900E-02
-2.084800E-04 7.988700E-04 -8.444800E-05 -2.827000E-02 -1.062700E-02 -1.300000E-03 -5.652800E-02 1.859300E-02 9.080000E+01 -3.289200E+01 -3.391000E+01 2.924000E+01 1.999500E+01 -2.714440E+00 -4.885500E-03 1.720800E-01 -1.074100E-05 -3.630000E-05 1.755700E-01 -3.290535E-01 -5.849900E-01
-3.134900E-04 1.471400E-03 -1.905800E-04 -5.185000E-02 -1.839800E-02 -2.564300E-03 -1.037800E-01 3.895000E-02 -2.580400E+01 -4.854700E+01 -9.095100E+01 1.999500E+01 4.873900E+01 1.194780E+01 -1.857100E-02 1.196200E+00 1.576100E-05 2.407200E-03 -2.082200E-01 -3.906392E-01 1.708100E-01
-1.000110E-04 5.843926E-04 -5.841048E-05 -2.061177E-02 -6.352782E-03 1.207249E-03 -4.237698E-02 1.328540E-02 -1.301107E+02 -2.650078E+01 -2.160646E+01 -2.714440E+00 1.194780E+01 1.598152E+01 -9.253882E-03 7.348911E-01 1.880416E-05 -7.916278E-04 -2.440445E-01 -4.290684E-01 5.044912E-01
-5.390000E-07 2.952900E-06 -3.571400E-07 -2.785600E-05 -6.037300E-06 9.185900E-06 -4.735300E-05 5.780600E-07 6.871900E-02 3.334200E-02 4.468200E-02 -4.885500E-03 -1.857100E-02 -9.253882E-03 2.041100E-04 -7.294800E-04 9.353600E-08 -3.571500E-08 1.901000E-04 -2.004024E-03 -9.590700E-05
-7.426000E-06 4.019200E-05 -4.180500E-06 -1.418100E-03 -4.848600E-04 -2.181800E-05 -2.875700E-03 1.132900E-03 -4.860600E+00 -1.584800E+00 -2.253400E+00 1.720800E-01 1.196200E+00 7.348911E-01 -7.294800E-04 5.251600E-02 8.490000E-07 1.901900E-05 -9.332500E-03 -1.068596E-02 2.355100E-02
-3.893700E-10 1.809600E-08 -2.939800E-09 -2.848200E-07 -1.438700E-07 -1.030000E-08 -4.530200E-07 1.113400E-07 1.183300E-03 3.012300E-05 2.555600E-05 -1.074100E-05 1.576100E-05 1.880416E-05 9.353600E-08 8.490000E-07 1.541400E-07 6.833600E-09 -3.152100E-07 -1.879371E-05 -3.353400E-05
7.935400E-09 -4.966600E-08 1.732600E-08 1.420900E-07 2.362500E-07 -3.720100E-07 4.966000E-07 3.928000E-07 6.751500E-03 2.547700E-04 -4.614500E-03 -3.630000E-05 2.407200E-03 -7.916278E-04 -3.571500E-08 1.901900E-05 6.833600E-09 1.001600E-06 2.783400E-06 8.445096E-05 3.500100E-05
1.891400E-06 -1.437100E-05 1.343200E-06 3.724400E-04 1.113200E-04 -3.380200E-05 7.369600E-04 -5.811000E-05 2.151700E+00 4.158600E-01 4.003500E-01 1.755700E-01 -2.082200E-01 -2.440445E-01 1.901000E-04 -9.332500E-03 -3.152100E-07 2.783400E-06 2.166400E-02 2.029304E-02 -9.981000E-03
-9.437790E-05 4.992266E-04 -7.783574E-05 -1.492291E-02 -6.063536E-03 -1.553588E-03 -2.956689E-02 1.679249E-02 -6.864932E+00 -1.028053E+01 -1.176402E+01 -3.290535E-01 -3.906392E-01 -4.290684E-01 -2.004024E-03 -1.068596E-02 -1.879371E-05 8.445096E-05 2.029304E-02 8.254926E+00 2.170309E-02
-1.202100E-05 1.709900E-04 -8.807200E-06 -1.618300E-03 -9.466200E-04 -8.015600E-04 -2.326400E-03 2.177700E-03 1.215400E+01 3.020300E-01 4.253900E-02 -5.849900E-01 1.708100E-01 5.044912E-01 -9.590700E-05 2.355100E-02 -3.353400E-05 3.500100E-05 -9.981000E-03 2.170309E-02 6.294700E-01
