# omegabh2 omegach2 theta tau ns nrun logA aps100 aps143 aps217 acib143 acib217 asz143 psr cibr ncib cal0 cal2 xi aksz bm_1_1 bm_1_2 bm_1_3 bm_1_4 bm_1_5 bm_2_1 bm_2_2 bm_2_3 bm_2_4 bm_2_5 bm_3_1 bm_3_2 bm_3_3 bm_3_4 bm_3_5 bm_4_1 bm_4_2 bm_4_3 bm_4_4 bm_4_5 a_ps_act_148 a_ps_act_217 a_ps_spt_95 a_ps_spt_150 a_ps_spt_220 r_ps_spt_95x150 r_ps_spt_95x220 r_ps_150x220 act_dust_s act_dust_e cal_acts_148 cal_acts_217 cal_acte_148 cal_acte_217 cal_spt_95 cal_spt_150 cal_spt_220
    0.71478E-07   -0.12685E-06    0.43455E-07    0.14170E-05    0.33427E-06   -0.10923E-05    0.29768E-05   -0.31080E-04   -0.32739E-03   -0.31176E-03    0.60667E-05    0.31246E-04    0.18074E-04   -0.48174E-06   -0.63746E-07    0.38814E-06    0.17321E-09   -0.46558E-08   -0.26106E-05   -0.49517E-04    0.25561E-05   -0.10691E-04   -0.15445E-05    0.73156E-05    0.61004E-05    0.35383E-05   -0.66351E-05   -0.35998E-05   -0.35985E-05   -0.39740E-05    0.77369E-05   -0.70973E-06    0.39296E-05    0.26979E-05   -0.61892E-05    0.85469E-05    0.17209E-06   -0.30118E-05    0.19739E-05   -0.16414E-05    0.10278E-04    0.54094E-04    0.73868E-05    0.13792E-04    0.58321E-04    0.42288E-06    0.90134E-07   -0.21779E-06   -0.45561E-07   -0.56296E-06    0.24107E-06    0.21730E-06    0.20805E-06    0.22328E-06    0.39821E-06    0.42826E-06    0.32981E-06
   -0.12685E-06    0.29854E-05   -0.17958E-06   -0.43943E-05   -0.66676E-05   -0.15174E-05   -0.11322E-05    0.18171E-02    0.16307E-02    0.11581E-02    0.25640E-05    0.75142E-04   -0.10309E-04    0.35641E-05    0.24325E-05    0.57649E-06   -0.25938E-08    0.12909E-07    0.10318E-04    0.29327E-04    0.74448E-04    0.10338E-04   -0.21646E-04   -0.37403E-05   -0.14288E-04   -0.37580E-05    0.22132E-04    0.82837E-06    0.17382E-04    0.21010E-04   -0.14228E-04   -0.28966E-04   -0.21909E-04    0.23852E-04    0.22562E-04   -0.10207E-04   -0.15642E-04    0.20637E-04   -0.55132E-05    0.13629E-04   -0.24871E-04   -0.37095E-03   -0.80414E-04   -0.37647E-04   -0.23588E-03    0.24857E-05    0.50556E-05    0.20733E-07   -0.28013E-06    0.60614E-05   -0.10251E-05   -0.12609E-05   -0.10009E-05   -0.12622E-05   -0.88624E-06   -0.15447E-05   -0.12387E-05
    0.43455E-07   -0.17958E-06    0.31749E-06    0.77219E-06    0.85138E-06   -0.11139E-06    0.14737E-05    0.51611E-03   -0.11016E-03   -0.14244E-04    0.40143E-06   -0.36541E-04    0.28181E-05   -0.47923E-06   -0.27103E-06   -0.49738E-06   -0.43736E-08    0.37863E-09   -0.29378E-06   -0.12726E-04    0.10689E-04    0.42867E-05    0.63184E-05    0.28644E-05   -0.23736E-05    0.32232E-05   -0.38847E-05   -0.11031E-04   -0.58788E-05   -0.26719E-05   -0.83178E-05    0.87158E-05   -0.28466E-05   -0.88815E-05    0.35513E-05   -0.11871E-05   -0.33374E-05   -0.98771E-05    0.13571E-04   -0.44477E-05    0.57205E-05    0.38666E-04    0.12168E-04    0.77720E-05    0.42233E-04   -0.35141E-06   -0.87250E-06   -0.14632E-06   -0.18303E-06   -0.23228E-05    0.13754E-06    0.83232E-07    0.33676E-07   -0.21326E-07    0.62367E-07    0.13886E-06    0.14525E-06
    0.14170E-05   -0.43943E-05    0.77219E-06    0.23330E-03    0.13605E-04   -0.57077E-04    0.46858E-03    0.58789E-02    0.16627E-02    0.10964E-04    0.40335E-03    0.93469E-03    0.29254E-03    0.40034E-05   -0.67386E-05   -0.59268E-07   -0.45736E-07   -0.36213E-06   -0.33136E-04   -0.18596E-02    0.29565E-03   -0.34813E-03   -0.25837E-03    0.31017E-03   -0.16380E-03   -0.13648E-03   -0.59275E-03   -0.84111E-04   -0.86063E-04   -0.13447E-03    0.33086E-03   -0.18162E-04    0.16972E-03    0.24049E-03   -0.23997E-03    0.14571E-03   -0.53845E-04   -0.42865E-03    0.52750E-04   -0.66283E-04    0.23723E-03    0.10066E-02    0.25082E-04    0.23978E-03    0.51795E-03    0.44067E-04    0.21640E-04   -0.83821E-05   -0.29285E-04    0.10800E-04    0.86777E-06    0.23632E-05   -0.87220E-06    0.33221E-06    0.14502E-05    0.48444E-05    0.81589E-05
    0.33427E-06   -0.66676E-05    0.85138E-06    0.13605E-04    0.31981E-04    0.12201E-04    0.49211E-05   -0.35829E-01   -0.19867E-01   -0.14002E-01   -0.37287E-04    0.10320E-02    0.64908E-03   -0.31328E-04   -0.10389E-04    0.26203E-04   -0.90035E-07    0.24881E-06   -0.19057E-03   -0.14561E-02   -0.35179E-03   -0.36895E-03   -0.42103E-04    0.10940E-03    0.78953E-04    0.36733E-03    0.48564E-04   -0.66921E-04   -0.54571E-05   -0.11014E-03    0.74373E-04   -0.96059E-05   -0.95675E-04   -0.52964E-04   -0.14739E-03    0.31677E-03    0.12367E-03   -0.14539E-04    0.49311E-04    0.47432E-04    0.14129E-03    0.16977E-02    0.42020E-03    0.25179E-03    0.12403E-02   -0.21606E-04   -0.37512E-04   -0.12220E-05   -0.60616E-05   -0.18465E-04    0.86262E-05    0.86618E-05    0.90763E-05    0.80843E-05    0.13140E-04    0.11900E-04    0.68217E-05
   -0.10923E-05   -0.15174E-05   -0.11139E-06   -0.57077E-04    0.12201E-04    0.78692E-04   -0.13868E-03   -0.32467E-01   -0.20848E-01   -0.16067E-01   -0.18097E-03    0.85277E-03    0.24212E-03   -0.30177E-04   -0.58096E-05    0.24571E-04   -0.27479E-07    0.16417E-06   -0.12810E-03   -0.51076E-03   -0.85792E-03   -0.17184E-03    0.10024E-03   -0.14199E-03   -0.99014E-04   -0.79746E-04    0.32842E-03    0.57708E-04    0.14600E-03   -0.21058E-04   -0.22358E-03   -0.91481E-04   -0.96951E-04   -0.17528E-03    0.10890E-03   -0.26176E-03    0.92797E-04    0.11073E-03    0.74624E-04    0.95009E-04    0.15818E-03    0.17650E-02    0.57020E-03    0.31857E-03    0.13712E-02   -0.34100E-04   -0.41973E-04    0.84469E-06   -0.21643E-04   -0.15027E-04    0.83977E-05    0.98537E-05    0.10938E-04    0.10685E-04    0.14505E-04    0.11791E-04    0.88259E-05
    0.29768E-05   -0.11322E-05    0.14737E-05    0.46858E-03    0.49211E-05   -0.13868E-03    0.97193E-03    0.14821E-01    0.93545E-02    0.51852E-02    0.78434E-03    0.22446E-02    0.55622E-03    0.21947E-04   -0.11375E-04    0.76223E-05   -0.40513E-07   -0.40816E-06   -0.51350E-04   -0.38424E-02    0.14446E-02   -0.56195E-03   -0.57631E-03    0.62965E-03   -0.33882E-03    0.13091E-03   -0.10493E-02   -0.14934E-03   -0.15739E-03   -0.30878E-03    0.71561E-03   -0.50938E-04    0.27482E-03    0.53241E-03   -0.48478E-03    0.60435E-03    0.48463E-04   -0.72963E-03    0.11861E-03   -0.97435E-04    0.39045E-03    0.62559E-03   -0.11069E-03    0.32377E-03    0.16190E-04    0.91317E-04    0.50811E-04   -0.17053E-04   -0.47331E-04    0.41829E-04   -0.16714E-05   -0.26236E-06   -0.59941E-05   -0.43466E-05   -0.13981E-05    0.37482E-05    0.11463E-04
   -0.31080E-04    0.18171E-02    0.51611E-03    0.58789E-02   -0.35829E-01   -0.32467E-01    0.14821E-01    0.16021E+04    0.92839E+02    0.30963E+02    0.73034E+00   -0.42630E+01   -0.10650E+02   -0.62706E-01   -0.94990E-01   -0.13286E+00    0.12095E-02   -0.27991E-02    0.11593E+01    0.70596E+01    0.16212E+02   -0.67211E+01    0.43273E+00    0.64458E+00   -0.58687E+00   -0.28594E+01   -0.48121E+01   -0.11351E+01   -0.12780E+01   -0.12105E+01    0.25618E+00    0.37375E+00    0.12761E+01   -0.74830E+00   -0.32091E+01   -0.12542E+01   -0.24226E+01   -0.24240E+01   -0.48698E-01    0.18893E+01    0.82601E+00   -0.20739E+01    0.43850E+01   -0.28860E+00    0.35093E+01    0.83708E-02   -0.31821E+00   -0.90533E-01   -0.11615E+00    0.21000E+00   -0.34036E-01   -0.13075E-01   -0.27112E-01   -0.82051E-02   -0.75768E-01   -0.35372E-01   -0.46367E-02
   -0.32739E-03    0.16307E-02   -0.11016E-03    0.16627E-02   -0.19867E-01   -0.20848E-01    0.93545E-02    0.92839E+02    0.69164E+02    0.22991E+02    0.16747E+00   -0.69183E+00   -0.18892E+01    0.35076E-01    0.18470E-01   -0.34774E-01    0.65118E-04   -0.10704E-02    0.24033E+00    0.61124E+00    0.49052E-01    0.11025E+00    0.39863E-01   -0.18914E-01   -0.10139E+00    0.23256E+00   -0.35552E+00   -0.21928E+00   -0.19828E+00    0.42114E-01   -0.17379E+00    0.25832E+00    0.46057E-01   -0.47216E-01    0.90837E-01    0.15326E+00   -0.16612E+00   -0.34200E+00   -0.31833E-01    0.22923E-01    0.20205E+00   -0.17541E+01    0.76746E+00   -0.29160E+00   -0.13677E+01    0.77016E-02   -0.35987E-01   -0.27284E-01   -0.11052E-01    0.28893E-01   -0.15588E-01   -0.10045E-01   -0.16105E-01   -0.99163E-02   -0.28487E-01   -0.20459E-01   -0.11288E-01
   -0.31176E-03    0.11581E-02   -0.14244E-04    0.10964E-04   -0.14002E-01   -0.16067E-01    0.51852E-02    0.30963E+02    0.22991E+02    0.10189E+03   -0.10524E+01   -0.35040E+02    0.31886E+00   -0.34866E+00   -0.51258E-01   -0.46521E+00   -0.30779E-04   -0.13759E-03    0.58927E-01    0.10690E+01    0.78786E-02    0.42939E+00    0.22611E+00    0.90709E-01   -0.14220E+00   -0.21765E-01   -0.11755E+00    0.10212E+00   -0.91326E-01    0.39723E+00   -0.56730E-02    0.40647E+00    0.17454E+00    0.31265E+00    0.19908E+00    0.28493E-03   -0.55573E-01    0.50310E-01   -0.43981E-01   -0.77238E-01    0.17614E+00    0.17275E+02   -0.96949E+00    0.51214E+00    0.87839E+01   -0.30171E-01   -0.70691E-01    0.14239E-02    0.39784E-01    0.39845E-01   -0.94316E-02   -0.29272E-01   -0.77909E-02   -0.34721E-01   -0.11573E-01   -0.12025E-01   -0.54190E-01
    0.60667E-05    0.25640E-05    0.40143E-06    0.40335E-03   -0.37287E-04   -0.18097E-03    0.78434E-03    0.73034E+00    0.16747E+00   -0.10524E+01    0.62712E+00    0.11040E+01    0.51347E+00    0.27385E-02   -0.30510E-02   -0.24384E-02    0.12746E-05    0.71295E-04    0.73069E-02   -0.84938E+00    0.93602E-02   -0.28338E-01   -0.19459E-01   -0.17864E-01    0.36388E-03   -0.19848E-01    0.96184E-03   -0.62848E-02    0.22633E-01   -0.77431E-02    0.14669E-01   -0.37987E-01   -0.86703E-02   -0.12464E-01   -0.24349E-01   -0.43555E-02   -0.11812E-01    0.92069E-02    0.10152E-01    0.21190E-01    0.62551E-01   -0.10300E+00   -0.20202E+00   -0.15692E-01   -0.99792E-01    0.46800E-01    0.45729E-01   -0.37343E-02    0.10634E-02    0.19340E-02    0.20867E-03    0.42093E-03    0.12917E-03    0.52518E-03   -0.65343E-03    0.69530E-03    0.21392E-02
    0.31246E-04    0.75142E-04   -0.36541E-04    0.93469E-03    0.10320E-02    0.85277E-03    0.22446E-02   -0.42630E+01   -0.69183E+00   -0.35040E+02    0.11040E+01    0.21095E+02    0.16912E+01    0.20362E+00    0.27024E-01    0.28376E+00    0.22382E-04    0.11862E-04   -0.36401E+00   -0.40228E+01    0.16022E+00   -0.19481E+00   -0.12030E+00   -0.15800E+00    0.63823E-01    0.17423E-02    0.11784E+00   -0.91912E-01    0.20201E+00   -0.27615E+00   -0.10302E+00   -0.53114E+00   -0.68041E-01   -0.22329E+00   -0.18366E+00   -0.82593E-01   -0.33015E-01    0.27357E-01    0.89152E-01    0.18917E+00   -0.39293E+00   -0.11377E+02    0.59409E-01   -0.70876E+00   -0.75480E+01    0.42588E-01    0.49625E-01   -0.86177E-02   -0.88609E-02   -0.17142E-01   -0.29352E-03    0.74067E-02   -0.19521E-02    0.96259E-02   -0.56931E-03   -0.24851E-02    0.19956E-01
    0.18074E-04   -0.10309E-04    0.28181E-05    0.29254E-03    0.64908E-03    0.24212E-03    0.55622E-03   -0.10650E+02   -0.18892E+01    0.31886E+00    0.51347E+00    0.16912E+01    0.18334E+01    0.15530E-01    0.21177E-01    0.12611E-01   -0.54128E-05   -0.11336E-03   -0.18460E+00   -0.22017E+01    0.42061E-01   -0.68533E-03   -0.10576E-01   -0.33257E-01    0.10488E-02    0.39864E-01    0.31741E-01   -0.46874E-03    0.11593E-01   -0.28488E-01   -0.63129E-01   -0.62678E-01   -0.15576E-01   -0.16380E-01   -0.22189E-01   -0.16247E-01    0.82311E-02   -0.55001E-02   -0.10940E-01    0.92454E-02   -0.66962E-01   -0.58847E+00   -0.73549E+00   -0.80812E-01   -0.11131E+01    0.40233E-01    0.66179E-01   -0.10990E-02    0.11372E-02   -0.84706E-03    0.51415E-03   -0.22402E-02    0.34023E-03   -0.22093E-02    0.37941E-02    0.67101E-03   -0.12350E-02
   -0.48174E-06    0.35641E-05   -0.47923E-06    0.40034E-05   -0.31328E-04   -0.30177E-04    0.21947E-04   -0.62706E-01    0.35076E-01   -0.34866E+00    0.27385E-02    0.20362E+00    0.15530E-01    0.40883E-02   -0.65221E-04    0.28953E-02    0.60334E-06   -0.24333E-05   -0.93861E-03   -0.15612E-01    0.44194E-03    0.15810E-02   -0.85599E-03   -0.17118E-03    0.64460E-03    0.14308E-02   -0.20661E-02    0.41521E-03   -0.28436E-02   -0.34552E-03   -0.14784E-03    0.14955E-04   -0.72796E-03    0.12767E-02    0.61118E-03    0.13201E-02   -0.18866E-03   -0.27062E-02   -0.32581E-02   -0.39282E-02   -0.18599E-02   -0.14187E+00   -0.61921E-02   -0.30669E-02   -0.98665E-01    0.33881E-03    0.13868E-02    0.37158E-03   -0.10215E-03   -0.81315E-04   -0.30344E-04   -0.10110E-04   -0.47435E-04    0.31206E-04    0.27986E-04   -0.55456E-04    0.14123E-03
   -0.63746E-07    0.24325E-05   -0.27103E-06   -0.67386E-05   -0.10389E-04   -0.58096E-05   -0.11375E-04   -0.94990E-01    0.18470E-01   -0.51258E-01   -0.30510E-02    0.27024E-01    0.21177E-01   -0.65221E-04    0.30256E-02   -0.27789E-03    0.64924E-07    0.36255E-05   -0.36721E-03   -0.12885E-01    0.20764E-03    0.16166E-03   -0.25623E-03   -0.10533E-02    0.35557E-03   -0.24697E-02   -0.87081E-04    0.20024E-05    0.11697E-02   -0.47765E-03    0.18603E-02   -0.16899E-02    0.78556E-03   -0.10639E-02   -0.14577E-02   -0.61315E-03   -0.48266E-03    0.20907E-03    0.42839E-03    0.23538E-03    0.64577E-02    0.13834E-02   -0.13416E-01    0.40559E-02    0.47231E-02    0.13075E-03    0.16035E-02   -0.43237E-03    0.10381E-03   -0.22585E-03    0.18773E-05    0.32497E-04    0.46356E-06    0.28187E-04    0.64794E-04    0.78470E-05    0.10997E-03
    0.38814E-06    0.57649E-06   -0.49738E-06   -0.59268E-07    0.26203E-04    0.24571E-04    0.76223E-05   -0.13286E+00   -0.34774E-01   -0.46521E+00   -0.24384E-02    0.28376E+00    0.12611E-01    0.28953E-02   -0.27789E-03    0.51551E-02    0.11584E-06   -0.83180E-05   -0.56674E-02   -0.32218E-01    0.46771E-02   -0.56915E-02   -0.21815E-02   -0.33549E-02    0.66925E-03    0.26752E-02    0.52174E-02   -0.34213E-02    0.70773E-02   -0.69369E-02   -0.62369E-02   -0.12246E-01   -0.62653E-03   -0.60924E-02   -0.44913E-02   -0.29039E-02    0.16902E-03    0.37434E-02    0.62465E-02    0.82311E-02   -0.99240E-02   -0.18779E+00    0.47239E-02   -0.10755E-01   -0.13337E+00   -0.68427E-03   -0.42240E-03    0.27434E-03   -0.12142E-03   -0.25451E-03   -0.28614E-05    0.51109E-04   -0.31709E-04    0.85640E-04    0.45949E-04   -0.49828E-04    0.16873E-03
    0.17321E-09   -0.25938E-08   -0.43736E-08   -0.45736E-07   -0.90035E-07   -0.27479E-07   -0.40513E-07    0.12095E-02    0.65118E-04   -0.30779E-04    0.12746E-05    0.22382E-04   -0.54128E-05    0.60334E-06    0.64924E-07    0.11584E-06    0.15949E-06    0.24615E-08    0.19782E-05    0.13149E-04   -0.31751E-04   -0.13738E-04    0.88158E-06   -0.59030E-05    0.12213E-05    0.65959E-05    0.65787E-05    0.86532E-05    0.77814E-05    0.58626E-05    0.12859E-04   -0.25403E-05   -0.32966E-05   -0.59589E-05    0.15033E-04    0.11616E-04    0.69587E-05    0.55249E-05   -0.40361E-05    0.34811E-05    0.42794E-05   -0.94880E-05    0.86799E-05    0.21712E-05   -0.21605E-06    0.41438E-08    0.24154E-06    0.20072E-07    0.29958E-06   -0.30060E-06    0.92147E-07   -0.46885E-07   -0.18332E-07    0.36663E-07   -0.19368E-06   -0.36564E-07    0.33966E-07
   -0.46558E-08    0.12909E-07    0.37863E-09   -0.36213E-06    0.24881E-06    0.16417E-06   -0.40816E-06   -0.27991E-02   -0.10704E-02   -0.13759E-03    0.71295E-04    0.11862E-04   -0.11336E-03   -0.24333E-05    0.36255E-05   -0.83180E-05    0.24615E-08    0.11258E-05    0.24454E-04    0.76879E-04    0.93258E-04    0.25932E-04   -0.25880E-04   -0.27359E-04   -0.11271E-04    0.40716E-03    0.35773E-04    0.26319E-05   -0.21516E-05    0.34789E-04   -0.36395E-03    0.35362E-04   -0.83508E-04    0.17174E-04   -0.37811E-04    0.60386E-04    0.70957E-04   -0.44905E-04   -0.85847E-04    0.96382E-05    0.48198E-04    0.30792E-03    0.10019E-03    0.21776E-04    0.49481E-03    0.31270E-05    0.41256E-06   -0.28781E-05    0.19048E-05    0.15888E-05    0.45091E-06    0.11826E-05    0.63982E-06    0.11872E-05   -0.16007E-06    0.52897E-06    0.19729E-05
   -0.26106E-05    0.10318E-04   -0.29378E-06   -0.33136E-04   -0.19057E-03   -0.12810E-03   -0.51350E-04    0.11593E+01    0.24033E+00    0.58927E-01    0.73069E-02   -0.36401E+00   -0.18460E+00   -0.93861E-03   -0.36721E-03   -0.56674E-02    0.19782E-05    0.24454E-04    0.69499E-01    0.37582E+00   -0.46010E-02   -0.26690E-02   -0.96861E-04   -0.45591E-02    0.16895E-02   -0.75183E-02   -0.27628E-02   -0.28030E-02    0.24792E-02    0.56541E-02    0.12356E-01    0.68920E-02    0.57895E-03   -0.45256E-02   -0.13835E-02    0.39012E-02   -0.35796E-02    0.37135E-02    0.53912E-02   -0.59833E-03    0.64977E-01    0.11660E+00   -0.29572E-03    0.58952E-01    0.19752E+00    0.52433E-02    0.99616E-02    0.11241E-02    0.43829E-03    0.42035E-03    0.77892E-05    0.97435E-04    0.36264E-04    0.16337E-03   -0.26205E-03    0.22320E-03    0.48692E-03
   -0.49517E-04    0.29327E-04   -0.12726E-04   -0.18596E-02   -0.14561E-02   -0.51076E-03   -0.38424E-02    0.70596E+01    0.61124E+00    0.10690E+01   -0.84938E+00   -0.40228E+01   -0.22017E+01   -0.15612E-01   -0.12885E-01   -0.32218E-01    0.13149E-04    0.76879E-04    0.37582E+00    0.44121E+01   -0.54897E-01    0.28239E-01    0.15201E-01    0.22069E-01    0.11134E-03   -0.30581E-01   -0.26934E-01   -0.13245E-01   -0.27301E-02    0.44176E-01    0.49085E-01    0.10707E+00    0.19618E-01   -0.94730E-02    0.28844E-01    0.16648E-01   -0.12389E-01    0.10492E-01    0.40371E-01   -0.13616E-01    0.77682E-01    0.10105E+01    0.24963E+00    0.23330E+00    0.17151E+01   -0.40182E-01   -0.21192E-01    0.16421E-01   -0.25218E-02   -0.55488E-02    0.26856E-03    0.16819E-02    0.59834E-03    0.17936E-02   -0.49709E-03    0.12369E-02    0.19149E-02
    0.25561E-05    0.74448E-04    0.10689E-04    0.29565E-03   -0.35179E-03   -0.85792E-03    0.14446E-02    0.16212E+02    0.49052E-01    0.78786E-02    0.93602E-02    0.16022E+00    0.42061E-01    0.44194E-03    0.20764E-03    0.46771E-02   -0.31751E-04    0.93258E-04   -0.46010E-02   -0.54897E-01    0.65944E+00   -0.15829E+00    0.13190E-01    0.51405E-02   -0.10124E-01    0.19423E+00   -0.42833E-01   -0.35220E-01   -0.20053E-01   -0.69359E-01    0.21329E-01    0.22643E-01   -0.16259E-01   -0.37202E-01   -0.11356E+00    0.16238E+00    0.43037E-01   -0.12665E-01    0.27804E-01    0.71504E-01   -0.23964E-02   -0.17967E+00   -0.15482E-01   -0.74783E-02   -0.12556E+00    0.45101E-03    0.16749E-02    0.58110E-04   -0.20850E-02    0.26245E-02   -0.35953E-04   -0.23970E-03   -0.64487E-04   -0.28046E-03   -0.95706E-04   -0.52049E-04    0.14816E-03
   -0.10691E-04    0.10338E-04    0.42867E-05   -0.34813E-03   -0.36895E-03   -0.17184E-03   -0.56195E-03   -0.67211E+01    0.11025E+00    0.42939E+00   -0.28338E-01   -0.19481E+00   -0.68533E-03    0.15810E-02    0.16166E-03   -0.56915E-02   -0.13738E-04    0.25932E-04   -0.26690E-02    0.28239E-01   -0.15829E+00    0.91739E+00   -0.12683E-01    0.13389E-01   -0.50287E-02   -0.15422E+00    0.20616E+00    0.78089E-01   -0.21932E-01    0.55945E-01   -0.11420E+00    0.25480E-01    0.37128E-01    0.45382E-01    0.18101E+00   -0.22578E+00    0.46770E-01    0.12582E+00    0.11206E-03   -0.20245E+00   -0.11472E-01    0.13809E+00   -0.21244E-01   -0.14092E-01   -0.13485E-01   -0.15094E-02   -0.14616E-02    0.21489E-03   -0.23692E-02   -0.14164E-02   -0.90759E-04   -0.13702E-03   -0.17973E-03   -0.15162E-03   -0.50940E-04   -0.26827E-03   -0.85815E-03
   -0.15445E-05   -0.21646E-04    0.63184E-05   -0.25837E-03   -0.42103E-04    0.10024E-03   -0.57631E-03    0.43273E+00    0.39863E-01    0.22611E+00   -0.19459E-01   -0.12030E+00   -0.10576E-01   -0.85599E-03   -0.25623E-03   -0.21815E-02    0.88158E-06   -0.25880E-04   -0.96861E-04    0.15201E-01    0.13190E-01   -0.12683E-01    0.99568E+00    0.29869E-01    0.17758E-01   -0.32203E-01   -0.22365E-01    0.16500E+00   -0.19622E-01    0.68325E-01    0.66417E-03    0.38919E-01   -0.92840E-02   -0.72399E-02    0.12555E+00   -0.43121E-01    0.37188E-01    0.16980E-01   -0.17128E+00    0.11105E+00    0.45584E-02    0.22904E-01    0.44977E-01   -0.16110E-02   -0.40023E-02   -0.27813E-02   -0.22584E-02    0.78339E-04   -0.10022E-02    0.27165E-02    0.53228E-04   -0.12765E-03   -0.34582E-04    0.55805E-04    0.33233E-03    0.34181E-04   -0.18072E-03
    0.73156E-05   -0.37403E-05    0.28644E-05    0.31017E-03    0.10940E-03   -0.14199E-03    0.62965E-03    0.64458E+00   -0.18914E-01    0.90709E-01   -0.17864E-01   -0.15800E+00   -0.33257E-01   -0.17118E-03   -0.10533E-02   -0.33549E-02   -0.59030E-05   -0.27359E-04   -0.45591E-02    0.22069E-01    0.51405E-02    0.13389E-01    0.29869E-01    0.10326E+01   -0.70279E-04    0.48723E-01   -0.95137E-01    0.67094E-01   -0.99878E-01    0.50051E-01    0.91697E-01    0.12871E+00    0.69365E-01    0.15216E+00   -0.81821E-01    0.98331E-01    0.40129E-01   -0.10652E-01   -0.10689E+00    0.43216E-01   -0.38694E-02    0.13901E+00    0.19952E-01    0.99090E-03    0.14108E+00   -0.25877E-02   -0.48725E-02   -0.29980E-03   -0.32957E-02   -0.67795E-03   -0.63417E-04   -0.32780E-04    0.95719E-04    0.46455E-04   -0.46314E-04    0.57249E-04    0.39784E-03
    0.61004E-05   -0.14288E-04   -0.23736E-05   -0.16380E-03    0.78953E-04   -0.99014E-04   -0.33882E-03   -0.58687E+00   -0.10139E+00   -0.14220E+00    0.36388E-03    0.63823E-01    0.10488E-02    0.64460E-03    0.35557E-03    0.66925E-03    0.12213E-05   -0.11271E-04    0.16895E-02    0.11134E-03   -0.10124E-01   -0.50287E-02    0.17758E-01   -0.70279E-04    0.99296E+00    0.28852E-01    0.48607E-01   -0.45421E-01    0.52525E-01    0.82310E-01    0.92081E-01   -0.74507E-01   -0.81319E-01    0.79922E-01    0.38782E-01    0.10724E+00   -0.75192E-01    0.89686E-01   -0.18574E-01    0.37208E-02    0.78865E-02   -0.24198E-01    0.15372E-01    0.33601E-02    0.68185E-01   -0.55370E-03   -0.18431E-03   -0.27388E-03    0.19996E-02   -0.24503E-04    0.17058E-03    0.49856E-04    0.38564E-04    0.22299E-03   -0.18483E-03    0.27005E-03    0.42728E-03
    0.35383E-05   -0.37580E-05    0.32232E-05   -0.13648E-03    0.36733E-03   -0.79746E-04    0.13091E-03   -0.28594E+01    0.23256E+00   -0.21765E-01   -0.19848E-01    0.17423E-02    0.39864E-01    0.14308E-02   -0.24697E-02    0.26752E-02    0.65959E-05    0.40716E-03   -0.75183E-02   -0.30581E-01    0.19423E+00   -0.15422E+00   -0.32203E-01    0.48723E-01    0.28852E-01    0.79377E+00   -0.21412E-01   -0.19577E-01   -0.17050E-01   -0.54349E-01    0.77050E-01    0.98401E-01   -0.83789E-01   -0.13281E-01   -0.63938E-01    0.63565E+00    0.23396E+00   -0.58752E-01   -0.21443E-01    0.70968E-01   -0.52384E-02   -0.36404E-01    0.20797E-01   -0.19848E-03    0.34029E-01   -0.20702E-02   -0.19356E-02    0.92141E-03    0.12093E-02   -0.26762E-03    0.27424E-03   -0.93818E-04    0.35193E-03   -0.48012E-04    0.60727E-03    0.46593E-03    0.12157E-03
   -0.66351E-05    0.22132E-04   -0.38847E-05   -0.59275E-03    0.48564E-04    0.32842E-03   -0.10493E-02   -0.48121E+01   -0.35552E+00   -0.11755E+00    0.96184E-03    0.11784E+00    0.31741E-01   -0.20661E-02   -0.87081E-04    0.52174E-02    0.65787E-05    0.35773E-04   -0.27628E-02   -0.26934E-01   -0.42833E-01    0.20616E+00   -0.22365E-01   -0.95137E-01    0.48607E-01   -0.21412E-01    0.10164E+01    0.36707E-01    0.27158E-02   -0.13171E-01    0.56896E-01   -0.12462E-01   -0.54231E-01   -0.18882E-01    0.14814E+00   -0.92829E-01    0.28793E+00    0.79087E+00    0.28472E+00   -0.19401E+00   -0.99127E-02   -0.89368E-01   -0.21775E-01   -0.48147E-02   -0.19385E+00    0.85418E-03    0.15308E-02    0.24915E-03   -0.49265E-03    0.10407E-02    0.17375E-03    0.13391E-03    0.84396E-04    0.64854E-04    0.48081E-03    0.22179E-03   -0.68998E-04
   -0.35998E-05    0.82837E-06   -0.11031E-04   -0.84111E-04   -0.66921E-04    0.57708E-04   -0.14934E-03   -0.11351E+01   -0.21928E+00    0.10212E+00   -0.62848E-02   -0.91912E-01   -0.46874E-03    0.41521E-03    0.20024E-05   -0.34213E-02    0.86532E-05    0.26319E-05   -0.28030E-02   -0.13245E-01   -0.35220E-01    0.78089E-01    0.16500E+00    0.67094E-01   -0.45421E-01   -0.19577E-01    0.36707E-01    0.97422E+00    0.11011E-01   -0.56072E-02    0.77725E-01   -0.68536E-01    0.13090E+00    0.16504E+00   -0.12473E+00   -0.20703E+00    0.62071E+00    0.16298E+00   -0.59396E+00    0.18155E+00    0.46996E-02    0.26680E-01    0.28568E-01    0.68657E-02    0.42768E-01   -0.11038E-02   -0.16775E-02   -0.21461E-03    0.81250E-05    0.98532E-03   -0.75835E-04   -0.14673E-03    0.32244E-04   -0.45918E-04   -0.32548E-03   -0.97588E-04    0.12164E-04
   -0.35985E-05    0.17382E-04   -0.58788E-05   -0.86063E-04   -0.54571E-05    0.14600E-03   -0.15739E-03   -0.12780E+01   -0.19828E+00   -0.91326E-01    0.22633E-01    0.20201E+00    0.11593E-01   -0.28436E-02    0.11697E-02    0.70773E-02    0.77814E-05   -0.21516E-05    0.24792E-02   -0.27301E-02   -0.20053E-01   -0.21932E-01   -0.19622E-01   -0.99878E-01    0.52525E-01   -0.17050E-01    0.27158E-02    0.11011E-01    0.98462E+00    0.22404E-01   -0.18220E-01   -0.10360E+00   -0.14353E+00    0.55849E-02   -0.89741E-01   -0.78391E-01    0.70658E-01   -0.24030E-01    0.29259E+00    0.68404E+00   -0.91034E-02   -0.16122E+00   -0.38871E-02   -0.12606E-01   -0.10004E+00    0.26699E-02    0.28764E-02   -0.58326E-04    0.47415E-02    0.16949E-02    0.20229E-03    0.83737E-04   -0.53444E-04    0.11958E-03    0.70578E-04    0.90882E-04    0.30708E-03
   -0.39740E-05    0.21010E-04   -0.26719E-05   -0.13447E-03   -0.11014E-03   -0.21058E-04   -0.30878E-03   -0.12105E+01    0.42114E-01    0.39723E+00   -0.77431E-02   -0.27615E+00   -0.28488E-01   -0.34552E-03   -0.47765E-03   -0.69369E-02    0.58626E-05    0.34789E-04    0.56541E-02    0.44176E-01   -0.69359E-01    0.55945E-01    0.68325E-01    0.50051E-01    0.82310E-01   -0.54349E-01   -0.13171E-01   -0.56072E-02    0.22404E-01    0.99739E+00   -0.63722E-01    0.61959E-01    0.32851E-01    0.15860E+00    0.85707E-02    0.85093E-01   -0.58221E+00    0.37727E+00   -0.33853E+00    0.23176E+00    0.11938E-01    0.14989E+00   -0.54932E-02    0.87395E-02    0.15503E+00    0.52077E-03   -0.34846E-03    0.12902E-03    0.25027E-02   -0.47958E-02    0.60186E-04   -0.24451E-03    0.13597E-03   -0.16347E-03   -0.14935E-03   -0.35219E-04   -0.16320E-03
    0.77369E-05   -0.14228E-04   -0.83178E-05    0.33086E-03    0.74373E-04   -0.22358E-03    0.71561E-03    0.25618E+00   -0.17379E+00   -0.56730E-02    0.14669E-01   -0.10302E+00   -0.63129E-01   -0.14784E-03    0.18603E-02   -0.62369E-02    0.12859E-04   -0.36395E-03    0.12356E-01    0.49085E-01    0.21329E-01   -0.11420E+00    0.66417E-03    0.91697E-01    0.92081E-01    0.77050E-01    0.56896E-01    0.77725E-01   -0.18220E-01   -0.63722E-01    0.86074E+00   -0.48729E-02   -0.28867E-01    0.13693E-01    0.75438E-02    0.59900E+00    0.18265E+00    0.11916E+00    0.38868E-01   -0.96099E-01    0.24022E-01    0.18426E+00    0.15524E-01    0.23229E-01    0.15284E+00    0.20590E-02    0.23098E-03   -0.12184E-02   -0.37656E-03   -0.16834E-02   -0.59008E-04    0.53609E-03   -0.11836E-04    0.33003E-03   -0.15291E-03    0.22304E-03    0.62100E-03
   -0.70973E-06   -0.28966E-04    0.87158E-05   -0.18162E-04   -0.96059E-05   -0.91481E-04   -0.50938E-04    0.37375E+00    0.25832E+00    0.40647E+00   -0.37987E-01   -0.53114E+00   -0.62678E-01    0.14955E-04   -0.16899E-02   -0.12246E-01   -0.25403E-05    0.35362E-04    0.68920E-02    0.10707E+00    0.22643E-01    0.25480E-01    0.38919E-01    0.12871E+00   -0.74507E-01    0.98401E-01   -0.12462E-01   -0.68536E-01   -0.10360E+00    0.61959E-01   -0.48729E-02    0.96924E+00   -0.12289E-02   -0.23011E-01   -0.95006E-02    0.79584E-01    0.14723E+00   -0.27926E-01    0.15686E+00    0.12800E+00    0.13459E-01    0.37949E+00    0.11900E-01    0.12100E-01    0.33328E+00   -0.21392E-02   -0.45863E-02    0.26248E-04   -0.31447E-02   -0.47648E-03   -0.17757E-04    0.12558E-03    0.77936E-05   -0.11863E-03    0.12546E-03   -0.12304E-03   -0.26404E-03
    0.39296E-05   -0.21909E-04   -0.28466E-05    0.16972E-03   -0.95675E-04   -0.96951E-04    0.27482E-03    0.12761E+01    0.46057E-01    0.17454E+00   -0.86703E-02   -0.68041E-01   -0.15576E-01   -0.72796E-03    0.78556E-03   -0.62653E-03   -0.32966E-05   -0.83508E-04    0.57895E-03    0.19618E-01   -0.16259E-01    0.37128E-01   -0.92840E-02    0.69365E-01   -0.81319E-01   -0.83789E-01   -0.54231E-01    0.13090E+00   -0.14353E+00    0.32851E-01   -0.28867E-01   -0.12289E-02    0.99692E+00    0.20672E-01    0.15801E-02   -0.11869E+00    0.44252E-01    0.16447E+00    0.28139E-01   -0.66824E-01   -0.40267E-02    0.23538E-01    0.98069E-02    0.89302E-03    0.50578E-01   -0.66402E-03   -0.13460E-02   -0.22239E-03    0.70493E-03   -0.62997E-03   -0.11568E-03    0.86614E-04   -0.88007E-04   -0.16188E-03   -0.48614E-04   -0.25069E-04   -0.26997E-03
    0.26979E-05    0.23852E-04   -0.88815E-05    0.24049E-03   -0.52964E-04   -0.17528E-03    0.53241E-03   -0.74830E+00   -0.47216E-01    0.31265E+00   -0.12464E-01   -0.22329E+00   -0.16380E-01    0.12767E-02   -0.10639E-02   -0.60924E-02   -0.59589E-05    0.17174E-04   -0.45256E-02   -0.94730E-02   -0.37202E-01    0.45382E-01   -0.72399E-02    0.15216E+00    0.79922E-01   -0.13281E-01   -0.18882E-01    0.16504E+00    0.55849E-02    0.15860E+00    0.13693E-01   -0.23011E-01    0.20672E-01    0.10211E+01   -0.16224E-02   -0.20823E-01    0.28537E-01    0.13753E+00   -0.26251E+00    0.14164E+00    0.65523E-03    0.17470E+00    0.14592E-01    0.13016E-02    0.96967E-01   -0.16902E-02   -0.31754E-02   -0.24029E-03    0.31888E-03    0.41519E-02    0.30748E-04   -0.20149E-03    0.99757E-04   -0.17496E-03   -0.31343E-04   -0.92685E-05   -0.48503E-03
   -0.61892E-05    0.22562E-04    0.35513E-05   -0.23997E-03   -0.14739E-03    0.10890E-03   -0.48478E-03   -0.32091E+01    0.90837E-01    0.19908E+00   -0.24349E-01   -0.18366E+00   -0.22189E-01    0.61118E-03   -0.14577E-02   -0.44913E-02    0.15033E-04   -0.37811E-04   -0.13835E-02    0.28844E-01   -0.11356E+00    0.18101E+00    0.12555E+00   -0.81821E-01    0.38782E-01   -0.63938E-01    0.14814E+00   -0.12473E+00   -0.89741E-01    0.85707E-02    0.75438E-02   -0.95006E-02    0.15801E-02   -0.16224E-02    0.96963E+00   -0.33353E-01   -0.51548E-01    0.34176E-01    0.16256E+00   -0.93554E-01   -0.12316E-01    0.10356E+00    0.11777E-01   -0.21032E-02    0.59919E-01   -0.21012E-02   -0.39736E-02    0.37839E-03    0.20692E-02    0.49656E-02    0.74725E-04   -0.25496E-04   -0.23732E-04    0.24301E-04    0.26573E-04   -0.64582E-04   -0.32845E-03
    0.85469E-05   -0.10207E-04   -0.11871E-05    0.14571E-03    0.31677E-03   -0.26176E-03    0.60435E-03   -0.12542E+01    0.15326E+00    0.28493E-03   -0.43555E-02   -0.82593E-01   -0.16247E-01    0.13201E-02   -0.61315E-03   -0.29039E-02    0.11616E-04    0.60386E-04    0.39012E-02    0.16648E-01    0.16238E+00   -0.22578E+00   -0.43121E-01    0.98331E-01    0.10724E+00    0.63565E+00   -0.92829E-01   -0.20703E+00   -0.78391E-01    0.85093E-01    0.59900E+00    0.79584E-01   -0.11869E+00   -0.20823E-01   -0.33353E-01    0.95942E+00   -0.18437E-01   -0.90192E-02    0.13824E-01   -0.32454E-01    0.14540E-01    0.11174E+00    0.17085E-01    0.15604E-01    0.15129E+00    0.19168E-03   -0.83198E-03   -0.10008E-03    0.74413E-03   -0.26546E-02    0.15657E-03    0.25462E-03    0.27147E-03    0.16162E-03    0.33857E-03    0.49863E-03    0.46016E-03
    0.17209E-06   -0.15642E-04   -0.33374E-05   -0.53845E-04    0.12367E-03    0.92797E-04    0.48463E-04   -0.24226E+01   -0.16612E+00   -0.55573E-01   -0.11812E-01   -0.33015E-01    0.82311E-02   -0.18866E-03   -0.48266E-03    0.16902E-03    0.69587E-05    0.70957E-04   -0.35796E-02   -0.12389E-01    0.43037E-01    0.46770E-01    0.37188E-01    0.40129E-01   -0.75192E-01    0.23396E+00    0.28793E+00    0.62071E+00    0.70658E-01   -0.58221E+00    0.18265E+00    0.14723E+00    0.44252E-01    0.28537E-01   -0.51548E-01   -0.18437E-01    0.99627E+00    0.24463E-01    0.26707E-01   -0.14709E-01   -0.39223E-02    0.25191E-01    0.31425E-01    0.45028E-02    0.11636E-01   -0.17969E-02   -0.24858E-02   -0.36845E-04   -0.14980E-02    0.33069E-02    0.71416E-04    0.16777E-03    0.37686E-04    0.50507E-04    0.17018E-03    0.99416E-04    0.18623E-03
   -0.30118E-05    0.20637E-04   -0.98771E-05   -0.42865E-03   -0.14539E-04    0.11073E-03   -0.72963E-03   -0.24240E+01   -0.34200E+00    0.50310E-01    0.92069E-02    0.27357E-01   -0.55001E-02   -0.27062E-02    0.20907E-03    0.37434E-02    0.55249E-05   -0.44905E-04    0.37135E-02    0.10492E-01   -0.12665E-01    0.12582E+00    0.16980E-01   -0.10652E-01    0.89686E-01   -0.58752E-01    0.79087E+00    0.16298E+00   -0.24030E-01    0.37727E+00    0.11916E+00   -0.27926E-01    0.16447E+00    0.13753E+00    0.34176E-01   -0.90192E-02    0.24463E-01    0.10031E+01   -0.15899E-01    0.80872E-02    0.19078E-02   -0.57957E-01   -0.13206E-01    0.55792E-03   -0.12580E+00    0.22709E-02    0.20209E-02   -0.62307E-04    0.11639E-02   -0.48259E-03    0.99218E-04    0.52547E-04    0.91257E-04    0.48936E-04    0.16604E-03    0.15654E-03   -0.56915E-04
    0.19739E-05   -0.55132E-05    0.13571E-04    0.52750E-04    0.49311E-04    0.74624E-04    0.11861E-03   -0.48698E-01   -0.31833E-01   -0.43981E-01    0.10152E-01    0.89152E-01   -0.10940E-01   -0.32581E-02    0.42839E-03    0.62465E-02   -0.40361E-05   -0.85847E-04    0.53912E-02    0.40371E-01    0.27804E-01    0.11206E-03   -0.17128E+00   -0.10689E+00   -0.18574E-01   -0.21443E-01    0.28472E+00   -0.59396E+00    0.29259E+00   -0.33853E+00    0.38868E-01    0.15686E+00    0.28139E-01   -0.26251E+00    0.16256E+00    0.13824E-01    0.26707E-01   -0.15899E-01    0.95830E+00   -0.45633E-02   -0.10533E-01   -0.47560E-01   -0.10291E-01   -0.87374E-02   -0.12162E+00    0.13031E-02    0.16022E-02    0.15263E-03    0.10550E-02    0.18285E-02    0.15185E-03    0.39630E-03   -0.12014E-03    0.17928E-03    0.48992E-03    0.86732E-04    0.44184E-04
   -0.16414E-05    0.13629E-04   -0.44477E-05   -0.66283E-04    0.47432E-04    0.95009E-04   -0.97435E-04    0.18893E+01    0.22923E-01   -0.77238E-01    0.21190E-01    0.18917E+00    0.92454E-02   -0.39282E-02    0.23538E-03    0.82311E-02    0.34811E-05    0.96382E-05   -0.59833E-03   -0.13616E-01    0.71504E-01   -0.20245E+00    0.11105E+00    0.43216E-01    0.37208E-02    0.70968E-01   -0.19401E+00    0.18155E+00    0.68404E+00    0.23176E+00   -0.96099E-01    0.12800E+00   -0.66824E-01    0.14164E+00   -0.93554E-01   -0.32454E-01   -0.14709E-01    0.80872E-02   -0.45633E-02    0.99553E+00   -0.45466E-02   -0.21949E+00    0.14272E-01   -0.15176E-01   -0.13478E+00    0.17412E-02    0.13209E-02    0.79561E-04    0.55399E-02    0.16832E-02    0.13459E-03   -0.18724E-03    0.25234E-04    0.49613E-04    0.11473E-03    0.64386E-05    0.31264E-04
    0.10278E-04   -0.24871E-04    0.57205E-05    0.23723E-03    0.14129E-03    0.15818E-03    0.39045E-03    0.82601E+00    0.20205E+00    0.17614E+00    0.62551E-01   -0.39293E+00   -0.66962E-01   -0.18599E-02    0.64577E-02   -0.99240E-02    0.42794E-05    0.48198E-04    0.64977E-01    0.77682E-01   -0.23964E-02   -0.11472E-01    0.45584E-02   -0.38694E-02    0.78865E-02   -0.52384E-02   -0.99127E-02    0.46996E-02   -0.91034E-02    0.11938E-01    0.24022E-01    0.13459E-01   -0.40267E-02    0.65523E-03   -0.12316E-01    0.14540E-01   -0.39223E-02    0.19078E-02   -0.10533E-01   -0.45466E-02    0.34422E+00    0.23051E+00   -0.20969E-02    0.15485E+00    0.48567E+00    0.14007E-01    0.18454E-01   -0.46129E-02   -0.35983E-02   -0.29553E-02    0.68278E-03   -0.67052E-05    0.90074E-03    0.41418E-04   -0.38831E-03    0.26716E-03    0.14237E-02
    0.54094E-04   -0.37095E-03    0.38666E-04    0.10066E-02    0.16977E-02    0.17650E-02    0.62559E-03   -0.20739E+01   -0.17541E+01    0.17275E+02   -0.10300E+00   -0.11377E+02   -0.58847E+00   -0.14187E+00    0.13834E-02   -0.18779E+00   -0.94880E-05    0.30792E-03    0.11660E+00    0.10105E+01   -0.17967E+00    0.13809E+00    0.22904E-01    0.13901E+00   -0.24198E-01   -0.36404E-01   -0.89368E-01    0.26680E-01   -0.16122E+00    0.14989E+00    0.18426E+00    0.37949E+00    0.23538E-01    0.17470E+00    0.10356E+00    0.11174E+00    0.25191E-01   -0.57957E-01   -0.47560E-01   -0.21949E+00    0.23051E+00    0.15932E+02    0.87300E-01    0.35502E+00    0.56305E+01   -0.13057E-03   -0.27404E-01   -0.13171E-01    0.13309E-01    0.17979E-01    0.16857E-02    0.21874E-01    0.29447E-02    0.13502E-01    0.15329E-02    0.36891E-02   -0.72350E-02
    0.73868E-05   -0.80414E-04    0.12168E-04    0.25082E-04    0.42020E-03    0.57020E-03   -0.11069E-03    0.43850E+01    0.76746E+00   -0.96949E+00   -0.20202E+00    0.59409E-01   -0.73549E+00   -0.61921E-02   -0.13416E-01    0.47239E-02    0.86799E-05    0.10019E-03   -0.29572E-03    0.24963E+00   -0.15482E-01   -0.21244E-01    0.44977E-01    0.19952E-01    0.15372E-01    0.20797E-01   -0.21775E-01    0.28568E-01   -0.38871E-02   -0.54932E-02    0.15524E-01    0.11900E-01    0.98069E-02    0.14592E-01    0.11777E-01    0.17085E-01    0.31425E-01   -0.13206E-01   -0.10291E-01    0.14272E-01   -0.20969E-02    0.87300E-01    0.22165E+01   -0.27734E-01    0.33468E+00   -0.91458E-01   -0.10580E+00   -0.42112E-02   -0.20067E-02    0.17989E-02   -0.53084E-03    0.11364E-02   -0.32202E-03    0.11677E-02    0.67656E-03    0.11379E-05    0.79675E-03
    0.13792E-04   -0.37647E-04    0.77720E-05    0.23978E-03    0.25179E-03    0.31857E-03    0.32377E-03   -0.28860E+00   -0.29160E+00    0.51214E+00   -0.15692E-01   -0.70876E+00   -0.80812E-01   -0.30669E-02    0.40559E-02   -0.10755E-01    0.21712E-05    0.21776E-04    0.58952E-01    0.23330E+00   -0.74783E-02   -0.14092E-01   -0.16110E-02    0.99090E-03    0.33601E-02   -0.19848E-03   -0.48147E-02    0.68657E-02   -0.12606E-01    0.87395E-02    0.23229E-01    0.12100E-01    0.89302E-03    0.13016E-02   -0.21032E-02    0.15604E-01    0.45028E-02    0.55792E-03   -0.87374E-02   -0.15176E-01    0.15485E+00    0.35502E+00   -0.27734E-01    0.24148E+00    0.32708E+00    0.80641E-02    0.17391E-01   -0.23390E-04   -0.27922E-03    0.14927E-02    0.20335E-03   -0.20128E-03    0.26009E-03   -0.14854E-03    0.41719E-03    0.29680E-03    0.10658E-03
    0.58321E-04   -0.23588E-03    0.42233E-04    0.51795E-03    0.12403E-02    0.13712E-02    0.16190E-04    0.35093E+01   -0.13677E+01    0.87839E+01   -0.99792E-01   -0.75480E+01   -0.11131E+01   -0.98665E-01    0.47231E-02   -0.13337E+00   -0.21605E-06    0.49481E-03    0.19752E+00    0.17151E+01   -0.12556E+00   -0.13485E-01   -0.40023E-02    0.14108E+00    0.68185E-01    0.34029E-01   -0.19385E+00    0.42768E-01   -0.10004E+00    0.15503E+00    0.15284E+00    0.33328E+00    0.50578E-01    0.96967E-01    0.59919E-01    0.15129E+00    0.11636E-01   -0.12580E+00   -0.12162E+00   -0.13478E+00    0.48567E+00    0.56305E+01    0.33468E+00    0.32708E+00    0.16415E+02   -0.67955E-02   -0.60916E-01   -0.24184E-01   -0.99242E-02    0.92811E-02    0.20554E-02    0.32623E-02    0.28527E-02    0.12728E-02    0.39376E-03    0.53703E-02    0.29765E-01
    0.42288E-06    0.24857E-05   -0.35141E-06    0.44067E-04   -0.21606E-04   -0.34100E-04    0.91317E-04    0.83708E-02    0.77016E-02   -0.30171E-01    0.46800E-01    0.42588E-01    0.40233E-01    0.33881E-03    0.13075E-03   -0.68427E-03    0.41438E-08    0.31270E-05    0.52433E-02   -0.40182E-01    0.45101E-03   -0.15094E-02   -0.27813E-02   -0.25877E-02   -0.55370E-03   -0.20702E-02    0.85418E-03   -0.11038E-02    0.26699E-02    0.52077E-03    0.20590E-02   -0.21392E-02   -0.66402E-03   -0.16902E-02   -0.21012E-02    0.19168E-03   -0.17969E-02    0.22709E-02    0.13031E-02    0.17412E-02    0.14007E-01   -0.13057E-03   -0.91458E-01    0.80641E-02   -0.67955E-02    0.83724E-02    0.79209E-02   -0.13401E-03    0.16066E-03    0.14564E-03    0.28298E-04   -0.49071E-05    0.20923E-04    0.34977E-05   -0.87428E-04    0.45717E-04    0.12911E-03
