# omegabh2 omegach2 theta tau logA ns nrun r calPlanck acib217 xi asz143 aps100 aps143 aps143217 aps217 aksz kgal100 kgal143 kgal143217 kgal217 galfEE100 galfEE100143 galfEE100217 galfEE143 galfEE143217 galfEE217 galfTE100 galfTE100143 galfTE100217 galfTE143 galfTE143217 galfTE217 cal0 cal2
    0.2812960E-07   -0.1409777E-06    0.2037985E-07    0.1222559E-05    0.2344591E-05    0.3458128E-06   -0.4114954E-06    0.9816940E-06    0.2995197E-07   -0.6818868E-04    0.1833802E-05    0.1477948E-04   -0.3051375E-03   -0.1439153E-03   -0.2281105E-04    0.3184845E-04   -0.3059343E-04    0.1043124E-05   -0.4819501E-05   -0.1476242E-04   -0.1434444E-05    0.1396963E-06    0.4695537E-07   -0.9478366E-08    0.5148822E-07    0.3998146E-07   -0.6399637E-07   -0.5424485E-06   -0.2380919E-06   -0.6809368E-06   -0.1199238E-06   -0.6067579E-06   -0.1617760E-05    0.3758121E-08   -0.5211202E-08
   -0.1409777E-06    0.2133738E-05   -0.1809606E-06   -0.1038927E-04   -0.1620148E-04   -0.5391856E-05    0.8873294E-07   -0.6844167E-05   -0.2764997E-06    0.3545381E-03   -0.9441333E-05   -0.1986765E-03    0.2824834E-02    0.1431805E-02    0.2901058E-03    0.4966639E-04    0.2907605E-03    0.4663380E-05   -0.7533934E-05   -0.9909784E-05   -0.3115599E-04   -0.9718140E-06   -0.4112481E-06    0.1834514E-06   -0.4528227E-06   -0.6738901E-06    0.1043483E-05    0.3554263E-05    0.1601494E-05    0.1957132E-05    0.1413645E-06    0.2565083E-05    0.9157260E-05   -0.5050337E-08    0.3488935E-07
    0.2037985E-07   -0.1809606E-06    0.9935941E-07    0.9572549E-06    0.1608410E-05    0.5903605E-06   -0.7501159E-08    0.8430755E-06    0.1630671E-07   -0.1233041E-04    0.1572895E-05    0.1781281E-04   -0.1891461E-03   -0.7738707E-04    0.1525478E-04   -0.1120902E-04   -0.4324065E-04    0.1799299E-05    0.8279100E-06    0.1345449E-04    0.7171972E-05    0.7288892E-07    0.2465090E-07   -0.3796028E-08    0.2252446E-07   -0.1026169E-06   -0.3035262E-06   -0.7776227E-06   -0.3704986E-06   -0.7667032E-06   -0.5641307E-07   -0.4256861E-06   -0.1151233E-05    0.5622348E-09    0.7660372E-09
    0.1222559E-05   -0.1038927E-04    0.9572549E-06    0.3231887E-03    0.6253934E-03    0.3280487E-04   -0.3547253E-04   -0.2659017E-05   -0.1821714E-05   -0.9073582E-02    0.2859211E-03    0.1339164E-02   -0.3782509E-01   -0.9147294E-02    0.3974810E-02    0.8250072E-02   -0.2971250E-02   -0.6954931E-04   -0.8431272E-03   -0.1710352E-02   -0.4709338E-03    0.1087090E-04    0.3712862E-05   -0.5629001E-06    0.5000041E-05    0.2378290E-05   -0.8106235E-05   -0.4131882E-04   -0.1811760E-04   -0.4387935E-04    0.5008866E-06   -0.2526276E-04   -0.9009152E-04    0.7569044E-07   -0.9437834E-06
    0.2344591E-05   -0.1620148E-04    0.1608410E-05    0.6253934E-03    0.1249561E-02    0.5143778E-04   -0.8150985E-04   -0.4521027E-05    0.8161211E-05   -0.1638058E-01    0.5776686E-03    0.2077452E-02   -0.6197769E-01   -0.1145975E-01    0.1199299E-01    0.2221660E-01   -0.5891531E-02   -0.1584433E-03   -0.2180978E-02   -0.3990923E-02   -0.9176580E-04    0.2279034E-04    0.7075869E-05   -0.1980374E-06    0.1064723E-04    0.3055598E-05   -0.1383972E-04   -0.7789728E-04   -0.3302607E-04   -0.7960506E-04    0.2197623E-05   -0.5029656E-04   -0.1729463E-03    0.3742848E-06   -0.1865609E-05
    0.3458128E-06   -0.5391856E-05    0.5903605E-06    0.3280487E-04    0.5143778E-04    0.2462024E-04    0.5532531E-05    0.2774113E-04    0.9245562E-06   -0.6536301E-02    0.1475363E-03    0.1695102E-02   -0.3165484E-01   -0.9363546E-02    0.3188978E-02    0.7435418E-02   -0.3495195E-02    0.9757382E-04   -0.2303496E-03   -0.3674752E-03    0.1380250E-02    0.4362993E-05    0.1573654E-05   -0.9839856E-06    0.1976054E-05    0.1255250E-05   -0.3837200E-05   -0.4703280E-05   -0.3057424E-05   -0.3741908E-05   -0.1161652E-05   -0.6657746E-05   -0.2608687E-04   -0.1140643E-06   -0.5396262E-06
   -0.4114954E-06    0.8873294E-07   -0.7501159E-08   -0.3547253E-04   -0.8150985E-04    0.5532531E-05    0.5389491E-04   -0.1072297E-03    0.3189305E-06   -0.8169312E-02    0.1437415E-03    0.1878094E-02   -0.2710619E-01   -0.1330349E-01    0.4154377E-03    0.6384119E-02   -0.3207965E-02   -0.4211124E-03   -0.3271081E-04   -0.1128732E-04    0.2815040E-02   -0.6539542E-05   -0.1940696E-05    0.1375261E-06   -0.2089100E-05   -0.1366169E-06    0.1575237E-05    0.4546945E-06   -0.8085879E-06    0.1173874E-04   -0.6118785E-06    0.1127937E-04    0.6765277E-05    0.9547406E-07   -0.5989347E-06
    0.9816940E-06   -0.6844167E-05    0.8430755E-06   -0.2659017E-05   -0.4521027E-05    0.2774113E-04   -0.1072297E-03    0.1984435E-02    0.2280506E-05    0.1096499E-01   -0.2343938E-03   -0.1485085E-02    0.4027907E-01    0.1677546E-01    0.2706662E-02   -0.4855518E-02    0.3594219E-02   -0.7467883E-03   -0.1866936E-03    0.8053161E-03   -0.2581139E-02   -0.1666203E-04   -0.8886585E-05    0.1799562E-05   -0.8603430E-05    0.4150907E-05    0.7869140E-05    0.1588811E-03    0.7167911E-04    0.1611668E-03    0.2797262E-04    0.3175465E-04    0.7055901E-04   -0.4046271E-06    0.5764807E-06
    0.2995197E-07   -0.2764997E-06    0.1630671E-07   -0.1821714E-05    0.8161211E-05    0.9245562E-06    0.3189305E-06    0.2280506E-05    0.6207904E-05    0.5698204E-03    0.1804269E-05    0.9533350E-04    0.2069706E-02    0.1049423E-03    0.4606034E-03    0.1529598E-02   -0.1835518E-03    0.5899199E-04    0.3594806E-04   -0.4600419E-04    0.6338664E-03    0.1497323E-05    0.2516718E-06    0.6017781E-07    0.7578966E-06    0.2084435E-06    0.1965969E-06    0.4944041E-06    0.3041670E-06    0.6482974E-05    0.6877312E-07   -0.2068599E-06   -0.3255004E-05    0.5651516E-08   -0.6383471E-07
   -0.6818868E-04    0.3545381E-03   -0.1233041E-04   -0.9073582E-02   -0.1638058E-01   -0.6536301E-02   -0.8169312E-02    0.1096499E-01    0.5698204E-03    0.5022223E+02   -0.4955810E+00   -0.1879468E+01    0.4609646E+02    0.2803336E+01   -0.2130971E+02   -0.6770268E+02    0.9070049E+00   -0.3494610E-01    0.5663399E+00   -0.2838999E+01   -0.2561482E+02    0.5732446E-03   -0.1380193E-04   -0.7329616E-03   -0.4365762E-03   -0.1607958E-02    0.1305160E-02   -0.2716152E-02    0.3783654E-02   -0.1013343E-01    0.7739570E-03   -0.6461146E-03   -0.1428093E-02   -0.2383128E-03    0.4474448E-02
    0.1833802E-05   -0.9441333E-05    0.1572895E-05    0.2859211E-03    0.5776686E-03    0.1475363E-03    0.1437415E-03   -0.2343938E-03    0.1804269E-05   -0.4955810E+00    0.8227118E-01   -0.7170514E-01   -0.4785012E+00    0.9036447E+00    0.1735215E+01    0.7389696E+00    0.6168469E-01   -0.1079286E-01   -0.1539121E-02    0.7443102E-01    0.9236764E-01   -0.1163689E-05    0.3493042E-05   -0.1875200E-04    0.1876949E-05    0.3813646E-04    0.4825784E-04    0.1183644E-03   -0.1383683E-04   -0.1000236E-03    0.3356641E-05    0.2716866E-04    0.1731284E-03    0.8667442E-05   -0.1685200E-04
    0.1477948E-04   -0.1986765E-03    0.1781281E-04    0.1339164E-02    0.2077452E-02    0.1695102E-02    0.1878094E-02   -0.1485085E-02    0.9533350E-04   -0.1879468E+01   -0.7170514E-01    0.3905675E+01   -0.3140356E+02   -0.4091264E+01    0.7996141E+01    0.7134488E+01   -0.2939052E+01   -0.1859039E+00    0.7255454E-01    0.2571225E+01    0.2361088E+01    0.5711015E-04    0.5082837E-04    0.4819768E-03    0.7066552E-04    0.3261400E-03    0.2768530E-03    0.6118444E-03   -0.2611113E-03    0.3526824E-02   -0.1267135E-02    0.1150408E-02   -0.4570417E-02    0.1867136E-03   -0.3811760E-03
   -0.3051375E-03    0.2824834E-02   -0.1891461E-03   -0.3782509E-01   -0.6197769E-01   -0.3165484E-01   -0.2710619E-01    0.4027907E-01    0.2069706E-02    0.4609646E+02   -0.4785012E+00   -0.3140356E+02    0.7543598E+03    0.7557369E+02   -0.6176135E+02   -0.7482691E+02    0.1639767E+02   -0.1788354E+00    0.7075461E-01   -0.1493510E+02   -0.2422561E+02   -0.1025169E-02   -0.2295941E-04   -0.4486316E-02   -0.8321615E-03   -0.9398393E-02    0.2157415E-01    0.5993024E-01    0.1155593E-01   -0.1608763E-01    0.1934624E-02   -0.6311330E-02    0.6282895E-01    0.4517232E-02    0.4108869E-02
   -0.1439153E-03    0.1431805E-02   -0.7738707E-04   -0.9147294E-02   -0.1145975E-01   -0.9363546E-02   -0.1330349E-01    0.1677546E-01    0.1049423E-03    0.2803336E+01    0.9036447E+00   -0.4091264E+01    0.7557369E+02    0.6021968E+02    0.4024055E+02    0.1528906E+02   -0.3854210E+01   -0.3831298E+00   -0.8040541E+00    0.3680216E+01    0.2815050E+01   -0.2144197E-03   -0.3277874E-03    0.1466584E-02   -0.4058041E-03   -0.9419081E-03    0.4546749E-02    0.1291128E-01    0.6382247E-02   -0.1271369E-02    0.1095857E-02    0.1995924E-02    0.3133828E-01    0.1248197E-03    0.3603024E-03
   -0.2281105E-04    0.2901058E-03    0.1525478E-04    0.3974810E-02    0.1199299E-01    0.3188978E-02    0.4154377E-03    0.2706662E-02    0.4606034E-03   -0.2130971E+02    0.1735215E+01    0.7996141E+01   -0.6176135E+02    0.4024055E+02    0.9229896E+02    0.6662387E+02   -0.1261911E+02   -0.8447985E+00   -0.3263759E+00    0.4738890E+01    0.6260291E+01   -0.1921396E-03    0.5569660E-04    0.2033136E-02    0.1934997E-03    0.1503245E-03    0.3636367E-02    0.9926255E-02    0.1137442E-02    0.9645994E-02   -0.8287571E-03    0.4215009E-02    0.2050760E-02    0.7377758E-03   -0.2537649E-02
    0.3184845E-04    0.4966639E-04   -0.1120902E-04    0.8250072E-02    0.2221660E-01    0.7435418E-02    0.6384119E-02   -0.4855518E-02    0.1529598E-02   -0.6770268E+02    0.7389696E+00    0.7134488E+01   -0.7482691E+02    0.1528906E+02    0.6662387E+02    0.1280203E+03   -0.1128880E+02   -0.3826271E+00   -0.7764595E+00    0.8694195E+00    0.2318693E+02   -0.2631786E-03    0.1425796E-03    0.2556871E-02    0.1018452E-02    0.1182240E-02   -0.5160707E-04    0.6959135E-02   -0.2625900E-02    0.2035833E-01   -0.6173636E-04    0.2634523E-02    0.1298451E-02    0.6929503E-03   -0.7758691E-02
   -0.3059343E-04    0.2907605E-03   -0.4324065E-04   -0.2971250E-02   -0.5891531E-02   -0.3495195E-02   -0.3207965E-02    0.3594219E-02   -0.1835518E-03    0.9070049E+00    0.6168469E-01   -0.2939052E+01    0.1639767E+02   -0.3854210E+01   -0.1261911E+02   -0.1128880E+02    0.6512224E+01    0.1762083E+00   -0.9896515E-01   -0.2178979E+01   -0.2020962E+01   -0.1019726E-03   -0.2955247E-04   -0.6604889E-03   -0.1854807E-03    0.3577315E-03   -0.8034477E-03   -0.1170673E-02   -0.8229807E-03    0.1211646E-02    0.5589642E-03    0.4172530E-03    0.5934186E-02   -0.1338374E-03    0.1836827E-03
    0.1043124E-05    0.4663380E-05    0.1799299E-05   -0.6954931E-04   -0.1584433E-03    0.9757382E-04   -0.4211124E-03   -0.7467883E-03    0.5899199E-04   -0.3494610E-01   -0.1079286E-01   -0.1859039E+00   -0.1788354E+00   -0.3831298E+00   -0.8447985E+00   -0.3826271E+00    0.1762083E+00    0.3084718E+01    0.7390099E+00    0.3647267E+00    0.5801299E+00    0.1271535E-03    0.1143214E-03    0.3670106E-03    0.5524698E-04    0.8313840E-04    0.8094591E-03   -0.4473385E-02   -0.3885170E-03    0.2013268E-02    0.1227988E-03   -0.8896053E-03    0.1345480E-02    0.4168656E-03    0.1504610E-04
   -0.4819501E-05   -0.7533934E-05    0.8279100E-06   -0.8431272E-03   -0.2180978E-02   -0.2303496E-03   -0.3271081E-04   -0.1866936E-03    0.3594806E-04    0.5663399E+00   -0.1539121E-02    0.7255454E-01    0.7075461E-01   -0.8040541E+00   -0.3263759E+00   -0.7764595E+00   -0.9896515E-01    0.7390099E+00    0.3104862E+01    0.2309017E+01    0.1165483E+01    0.1732521E-03    0.5141577E-04   -0.9951457E-04   -0.4430061E-04    0.2277505E-03    0.1179871E-02    0.1196765E-02   -0.7813880E-03   -0.9047355E-03    0.3150307E-03   -0.2807124E-03    0.3139434E-02   -0.4331474E-03   -0.1889143E-03
   -0.1476242E-04   -0.9909784E-05    0.1345449E-04   -0.1710352E-02   -0.3990923E-02   -0.3674752E-03   -0.1128732E-04    0.8053161E-03   -0.4600419E-04   -0.2838999E+01    0.7443102E-01    0.2571225E+01   -0.1493510E+02    0.3680216E+01    0.4738890E+01    0.8694195E+00   -0.2178979E+01    0.3647267E+00    0.2309017E+01    0.1775547E+02    0.2706149E+02   -0.5175063E-04   -0.5835602E-04    0.2835031E-03   -0.3549736E-03    0.9565309E-03    0.8309972E-03    0.5158209E-02    0.1278345E-02   -0.2564342E-02   -0.4771439E-03    0.2584940E-02    0.6620817E-02   -0.8777069E-04    0.2505827E-02
   -0.1434444E-05   -0.3115599E-04    0.7171972E-05   -0.4709338E-03   -0.9176580E-04    0.1380250E-02    0.2815040E-02   -0.2581139E-02    0.6338664E-03   -0.2561482E+02    0.9236764E-01    0.2361088E+01   -0.2422561E+02    0.2815050E+01    0.6260291E+01    0.2318693E+02   -0.2020962E+01    0.5801299E+00    0.1165483E+01    0.2706149E+02    0.6201107E+02   -0.4388769E-03   -0.9124884E-04    0.3434970E-03   -0.2421267E-03    0.2088493E-02   -0.1637421E-02    0.7445470E-02   -0.3503742E-03    0.7262788E-02   -0.4517541E-03    0.3567811E-02    0.4075216E-02   -0.4721298E-04    0.4370629E-02
    0.1396963E-06   -0.9718140E-06    0.7288892E-07    0.1087090E-04    0.2279034E-04    0.4362993E-05   -0.6539542E-05   -0.1666203E-04    0.1497323E-05    0.5732446E-03   -0.1163689E-05    0.5711015E-04   -0.1025169E-02   -0.2144197E-03   -0.1921396E-03   -0.2631786E-03   -0.1019726E-03    0.1271535E-03    0.1732521E-03   -0.5175063E-04   -0.4388769E-03    0.1282335E-03    0.1122459E-04   -0.5005764E-06    0.3834023E-05   -0.1334430E-05   -0.5741576E-06   -0.1964563E-04   -0.8364180E-05   -0.1176530E-04   -0.2868032E-06    0.1329657E-05   -0.2090263E-04   -0.8319834E-07   -0.9416490E-07
    0.4695537E-07   -0.4112481E-06    0.2465090E-07    0.3712862E-05    0.7075869E-05    0.1573654E-05   -0.1940696E-05   -0.8886585E-05    0.2516718E-06   -0.1380193E-04    0.3493042E-05    0.5082837E-04   -0.2295941E-04   -0.3277874E-03    0.5569660E-04    0.1425796E-03   -0.2955247E-04    0.1143214E-03    0.5141577E-04   -0.5835602E-04   -0.9124884E-04    0.1122459E-04    0.1406797E-04    0.2613245E-06    0.6411282E-05    0.7661267E-06    0.2018740E-06   -0.5694295E-05   -0.1381613E-05   -0.3446954E-05    0.1589117E-05   -0.1943875E-05   -0.6860527E-05    0.4077578E-08   -0.4554742E-08
   -0.9478366E-08    0.1834514E-06   -0.3796028E-08   -0.5629001E-06   -0.1980374E-06   -0.9839856E-06    0.1375261E-06    0.1799562E-05    0.6017781E-07   -0.7329616E-03   -0.1875200E-04    0.4819768E-03   -0.4486316E-02    0.1466584E-02    0.2033136E-02    0.2556871E-02   -0.6604889E-03    0.3670106E-03   -0.9951457E-04    0.2835031E-03    0.3434970E-03   -0.5005764E-06    0.2613245E-06    0.2244680E-03   -0.3229348E-07   -0.1921274E-05    0.7669421E-07   -0.2644746E-05   -0.1330986E-06    0.3209343E-04    0.6389035E-05    0.4841186E-05   -0.1205581E-05    0.1321761E-06   -0.1861416E-06
    0.5148822E-07   -0.4528227E-06    0.2252446E-07    0.5000041E-05    0.1064723E-04    0.1976054E-05   -0.2089100E-05   -0.8603430E-05    0.7578966E-06   -0.4365762E-03    0.1876949E-05    0.7066552E-04   -0.8321615E-03   -0.4058041E-03    0.1934997E-03    0.1018452E-02   -0.1854807E-03    0.5524698E-04   -0.4430061E-04   -0.3549736E-03   -0.2421267E-03    0.3834023E-05    0.6411282E-05   -0.3229348E-07    0.2989727E-04   -0.1294697E-06    0.2702867E-06   -0.8647178E-05   -0.4205338E-05   -0.1939952E-04   -0.2764223E-06   -0.3555013E-05    0.2594369E-05    0.1789110E-08   -0.7058157E-07
    0.3998146E-07   -0.6738901E-06   -0.1026169E-06    0.2378290E-05    0.3055598E-05    0.1255250E-05   -0.1366169E-06    0.4150907E-05    0.2084435E-06   -0.1607958E-02    0.3813646E-04    0.3261400E-03   -0.9398393E-02   -0.9419081E-03    0.1503245E-03    0.1182240E-02    0.3577315E-03    0.8313840E-04    0.2277505E-03    0.9565309E-03    0.2088493E-02   -0.1334430E-05    0.7661267E-06   -0.1921274E-05   -0.1294697E-06    0.4018641E-03   -0.1491402E-04   -0.1222836E-04   -0.1377971E-05   -0.3490377E-04   -0.6466858E-06    0.1444160E-04   -0.2838775E-05   -0.1231583E-06   -0.5408995E-07
   -0.6399637E-07    0.1043483E-05   -0.3035262E-06   -0.8106235E-05   -0.1383972E-04   -0.3837200E-05    0.1575237E-05    0.7869140E-05    0.1965969E-06    0.1305160E-02    0.4825784E-04    0.2768530E-03    0.2157415E-01    0.4546749E-02    0.3636367E-02   -0.5160707E-04   -0.8034477E-03    0.8094591E-03    0.1179871E-02    0.8309972E-03   -0.1637421E-02   -0.5741576E-06    0.2018740E-06    0.7669421E-07    0.2702867E-06   -0.1491402E-04    0.3501566E-02    0.2198493E-05   -0.3745021E-05   -0.5215124E-04   -0.3642814E-05    0.1617358E-04   -0.1308427E-04   -0.1027515E-06   -0.6430344E-06
   -0.5424485E-06    0.3554263E-05   -0.7776227E-06   -0.4131882E-04   -0.7789728E-04   -0.4703280E-05    0.4546945E-06    0.1588811E-03    0.4944041E-06   -0.2716152E-02    0.1183644E-03    0.6118444E-03    0.5993024E-01    0.1291128E-01    0.9926255E-02    0.6959135E-02   -0.1170673E-02   -0.4473385E-02    0.1196765E-02    0.5158209E-02    0.7445470E-02   -0.1964563E-04   -0.5694295E-05   -0.2644746E-05   -0.8647178E-05   -0.1222836E-04    0.2198493E-05    0.5889440E-02    0.1858533E-02    0.1755225E-02   -0.7273859E-03   -0.5737063E-04   -0.1818430E-03    0.2433611E-05   -0.6881402E-06
   -0.2380919E-06    0.1601494E-05   -0.3704986E-06   -0.1811760E-04   -0.3302607E-04   -0.3057424E-05   -0.8085879E-06    0.7167911E-04    0.3041670E-06    0.3783654E-02   -0.1383683E-04   -0.2611113E-03    0.1155593E-01    0.6382247E-02    0.1137442E-02   -0.2625900E-02   -0.8229807E-03   -0.3885170E-03   -0.7813880E-03    0.1278345E-02   -0.3503742E-03   -0.8364180E-05   -0.1381613E-05   -0.1330986E-06   -0.4205338E-05   -0.1377971E-05   -0.3745021E-05    0.1858533E-02    0.1235077E-02    0.7777365E-03    0.1912758E-03    0.3048820E-04   -0.2329130E-03   -0.1504596E-07   -0.1806721E-06
   -0.6809368E-06    0.1957132E-05   -0.7667032E-06   -0.4387935E-04   -0.7960506E-04   -0.3741908E-05    0.1173874E-04    0.1611668E-03    0.6482974E-05   -0.1013343E-01   -0.1000236E-03    0.3526824E-02   -0.1608763E-01   -0.1271369E-02    0.9645994E-02    0.2035833E-01    0.1211646E-02    0.2013268E-02   -0.9047355E-03   -0.2564342E-02    0.7262788E-02   -0.1176530E-04   -0.3446954E-05    0.3209343E-04   -0.1939952E-04   -0.3490377E-04   -0.5215124E-04    0.1755225E-02    0.7777365E-03    0.3251927E-01   -0.5815316E-03    0.1445857E-02    0.1067202E-01   -0.9247302E-06   -0.1334807E-06
   -0.1199238E-06    0.1413645E-06   -0.5641307E-07    0.5008866E-06    0.2197623E-05   -0.1161652E-05   -0.6118785E-06    0.2797262E-04    0.6877312E-07    0.7739570E-03    0.3356641E-05   -0.1267135E-02    0.1934624E-02    0.1095857E-02   -0.8287571E-03   -0.6173636E-04    0.5589642E-03    0.1227988E-03    0.3150307E-03   -0.4771439E-03   -0.4517541E-03   -0.2868032E-06    0.1589117E-05    0.6389035E-05   -0.2764223E-06   -0.6466858E-06   -0.3642814E-05   -0.7273859E-03    0.1912758E-03   -0.5815316E-03    0.1394111E-02    0.1535850E-03   -0.3974263E-03   -0.1233424E-06    0.9362615E-07
   -0.6067579E-06    0.2565083E-05   -0.4256861E-06   -0.2526276E-04   -0.5029656E-04   -0.6657746E-05    0.1127937E-04    0.3175465E-04   -0.2068599E-06   -0.6461146E-03    0.2716866E-04    0.1150408E-02   -0.6311330E-02    0.1995924E-02    0.4215009E-02    0.2634523E-02    0.4172530E-03   -0.8896053E-03   -0.2807124E-03    0.2584940E-02    0.3567811E-02    0.1329657E-05   -0.1943875E-05    0.4841186E-05   -0.3555013E-05    0.1444160E-04    0.1617358E-04   -0.5737063E-04    0.3048820E-04    0.1445857E-02    0.1535850E-03    0.5132536E-02    0.3982811E-02    0.1864533E-06    0.1424896E-06
   -0.1617760E-05    0.9157260E-05   -0.1151233E-05   -0.9009152E-04   -0.1729463E-03   -0.2608687E-04    0.6765277E-05    0.7055901E-04   -0.3255004E-05   -0.1428093E-02    0.1731284E-03   -0.4570417E-02    0.6282895E-01    0.3133828E-01    0.2050760E-02    0.1298451E-02    0.5934186E-02    0.1345480E-02    0.3139434E-02    0.6620817E-02    0.4075216E-02   -0.2090263E-04   -0.6860527E-05   -0.1205581E-05    0.2594369E-05   -0.2838775E-05   -0.1308427E-04   -0.1818430E-03   -0.2329130E-03    0.1067202E-01   -0.3974263E-03    0.3982811E-02    0.3624515E-01   -0.1749507E-06   -0.2134772E-05
    0.3758121E-08   -0.5050337E-08    0.5622348E-09    0.7569044E-07    0.3742848E-06   -0.1140643E-06    0.9547406E-07   -0.4046271E-06    0.5651516E-08   -0.2383128E-03    0.8667442E-05    0.1867136E-03    0.4517232E-02    0.1248197E-03    0.7377758E-03    0.6929503E-03   -0.1338374E-03    0.4168656E-03   -0.4331474E-03   -0.8777069E-04   -0.4721298E-04   -0.8319834E-07    0.4077578E-08    0.1321761E-06    0.1789110E-08   -0.1231583E-06   -0.1027515E-06    0.2433611E-05   -0.1504596E-07   -0.9247302E-06   -0.1233424E-06    0.1864533E-06   -0.1749507E-06    0.5300854E-06    0.3049055E-09
   -0.5211202E-08    0.3488935E-07    0.7660372E-09   -0.9437834E-06   -0.1865609E-05   -0.5396262E-06   -0.5989347E-06    0.5764807E-06   -0.6383471E-07    0.4474448E-02   -0.1685200E-04   -0.3811760E-03    0.4108869E-02    0.3603024E-03   -0.2537649E-02   -0.7758691E-02    0.1836827E-03    0.1504610E-04   -0.1889143E-03    0.2505827E-02    0.4370629E-02   -0.9416490E-07   -0.4554742E-08   -0.1861416E-06   -0.7058157E-07   -0.5408995E-07   -0.6430344E-06   -0.6881402E-06   -0.1806721E-06   -0.1334807E-06    0.9362615E-07    0.1424896E-06   -0.2134772E-05    0.3049055E-09    0.2062971E-05
