# omegabh2 omegach2 theta tau logA ns nrun r calPlanck acib217 xi asz143 aps100 aps143 aps143217 aps217 aksz kgal100 kgal143 kgal143217 kgal217 cal0 cal2
    0.7773660E-07   -0.3357742E-06    0.6467412E-07    0.3553509E-05    0.6731624E-05    0.9620142E-06   -0.1292469E-05    0.2771044E-05    0.1182624E-07   -0.1469535E-03    0.1355862E-05    0.3422977E-04   -0.5743110E-03   -0.4303046E-03   -0.2097923E-03   -0.6267898E-04   -0.4339486E-04    0.1294096E-04    0.4088325E-05   -0.1028928E-04    0.2649470E-04    0.6544963E-08   -0.1495403E-07
   -0.3357742E-06    0.5270103E-05   -0.5542079E-06   -0.2250062E-04   -0.3300008E-04   -0.1295665E-04    0.1984591E-05   -0.1806978E-04   -0.1564266E-06    0.1000087E-02   -0.1880317E-04   -0.2261335E-03    0.3529203E-02    0.2320277E-02    0.7986499E-03    0.2311911E-04    0.3127428E-03    0.1757830E-04   -0.4482292E-04    0.5609882E-04   -0.1083517E-03   -0.1773380E-07    0.1203166E-06
    0.6467412E-07   -0.5542079E-06    0.2407584E-06    0.3526083E-05    0.6050996E-05    0.1681079E-05   -0.6587895E-06    0.3020838E-05    0.4841227E-08   -0.1080631E-03    0.5230888E-06    0.2882323E-04   -0.2975977E-03   -0.3206724E-03   -0.1599710E-03   -0.4758035E-04   -0.3453477E-04   -0.1256613E-06    0.2247125E-05    0.2168172E-04    0.6173784E-04    0.8487596E-08   -0.1886958E-08
    0.3553509E-05   -0.2250062E-04    0.3526083E-05    0.5159021E-03    0.9929162E-03    0.7234421E-04   -0.8520601E-04    0.8205157E-04   -0.1788350E-05   -0.1183426E-01    0.1601979E-03    0.1841939E-02   -0.4674792E-01   -0.2192461E-01   -0.7485486E-02    0.2030206E-02   -0.4167825E-02    0.4729818E-03   -0.7834686E-03   -0.2526017E-02   -0.5238104E-03    0.1627149E-06   -0.1562298E-05
    0.6731624E-05   -0.3300008E-04    0.6050996E-05    0.9929162E-03    0.1969393E-02    0.1117612E-03   -0.1829415E-03    0.1512282E-03    0.8760861E-05   -0.2054602E-01    0.2902916E-03    0.2729853E-02   -0.7533991E-01   -0.3443936E-01   -0.1038376E-01    0.9607763E-02   -0.7832462E-02    0.8932492E-03   -0.2220104E-02   -0.5515924E-02   -0.1387142E-03    0.5862178E-06   -0.2889820E-05
    0.9620142E-06   -0.1295665E-04    0.1681079E-05    0.7234421E-04    0.1117612E-03    0.4551197E-04   -0.2057974E-05    0.6094466E-04    0.1294036E-06   -0.8729198E-02    0.1718368E-03    0.2083428E-02   -0.3800438E-01   -0.1315054E-01    0.1891841E-02    0.8188234E-02   -0.4198874E-02    0.2446025E-03    0.9547426E-05   -0.5161444E-03    0.1422173E-02   -0.1480982E-06   -0.8294501E-06
   -0.1292469E-05    0.1984591E-05   -0.6587895E-06   -0.8520601E-04   -0.1829415E-03   -0.2057974E-05    0.7897376E-04   -0.1849604E-03    0.2027583E-06   -0.7475153E-02    0.1250868E-03    0.2049739E-02   -0.2479244E-01   -0.1032997E-01    0.3217131E-02    0.8942852E-02   -0.3664647E-02   -0.8739389E-03    0.1766426E-04   -0.2037182E-03    0.1776043E-02   -0.5918388E-07   -0.7166267E-06
    0.2771044E-05   -0.1806978E-04    0.3020838E-05    0.8205157E-04    0.1512282E-03    0.6094466E-04   -0.1849604E-03    0.3027306E-02   -0.6377712E-06    0.9287724E-02   -0.8721006E-04   -0.1970063E-02    0.4062968E-01    0.2037731E-01    0.6926873E-02   -0.2948418E-02    0.3845847E-02   -0.6529722E-03   -0.6792033E-03    0.2682070E-02    0.2362792E-02    0.2873528E-06    0.2429207E-05
    0.1182624E-07   -0.1564266E-06    0.4841227E-08   -0.1788350E-05    0.8760861E-05    0.1294036E-06    0.2027583E-06   -0.6377712E-06    0.6226241E-05    0.4667895E-03   -0.5211480E-06   -0.1310952E-04    0.3163403E-02    0.5639720E-03    0.5501448E-03    0.1824366E-02   -0.5494924E-04    0.1360028E-04    0.3095546E-04   -0.7869997E-04    0.6713920E-03    0.1996351E-10   -0.6262553E-07
   -0.1469535E-03    0.1000087E-02   -0.1080631E-03   -0.1183426E-01   -0.2054602E-01   -0.8729198E-02   -0.7475153E-02    0.9287724E-02    0.4667895E-03    0.5039054E+02   -0.5107597E+00   -0.1785262E+01    0.4881440E+02    0.3641481E+01   -0.2071652E+02   -0.6745956E+02    0.8935438E+00   -0.1912873E+00    0.3029363E+00   -0.2786418E+01   -0.2540447E+02   -0.1091004E-03    0.4506036E-02
    0.1355862E-05   -0.1880317E-04    0.5230888E-06    0.1601979E-03    0.2902916E-03    0.1718368E-03    0.1250868E-03   -0.8721006E-04   -0.5211480E-06   -0.5107597E+00    0.8289553E-01   -0.6956267E-01   -0.4452968E+00    0.8860749E+00    0.1698189E+01    0.7400985E+00    0.6176513E-01   -0.1928150E-03    0.5226902E-02    0.9863804E-01    0.1400818E+00    0.6937474E-05   -0.1857267E-04
    0.3422977E-04   -0.2261335E-03    0.2882323E-04    0.1841939E-02    0.2729853E-02    0.2083428E-02    0.2049739E-02   -0.1970063E-02   -0.1310952E-04   -0.1785262E+01   -0.6956267E-01    0.3889883E+01   -0.3050507E+02   -0.4127401E+01    0.8069350E+01    0.7073104E+01   -0.3088697E+01   -0.2256221E+00    0.4400150E-01    0.2396264E+01    0.2126301E+01    0.1911704E-03   -0.3826742E-03
   -0.5743110E-03    0.3529203E-02   -0.2975977E-03   -0.4674792E-01   -0.7533991E-01   -0.3800438E-01   -0.2479244E-01    0.4062968E-01    0.3163403E-02    0.4881440E+02   -0.4452968E+00   -0.3050507E+02    0.7514504E+03    0.7717817E+02   -0.5832336E+02   -0.7699893E+02    0.1664770E+02   -0.6829886E+00    0.8156731E+00   -0.1133921E+02   -0.2060699E+02    0.4804081E-02    0.4929493E-02
   -0.4303046E-03    0.2320277E-02   -0.3206724E-03   -0.2192461E-01   -0.3443936E-01   -0.1315054E-01   -0.1032997E-01    0.2037731E-01    0.5639720E-03    0.3641481E+01    0.8860749E+00   -0.4127401E+01    0.7717817E+02    0.6252215E+02    0.4130583E+02    0.1554092E+02   -0.3899278E+01   -0.3230128E+00   -0.1223766E+01    0.4118564E+01    0.3752810E+01    0.2603151E-03    0.5343677E-03
   -0.2097923E-03    0.7986499E-03   -0.1599710E-03   -0.7485486E-02   -0.1038376E-01    0.1891841E-02    0.3217131E-02    0.6926873E-02    0.5501448E-03   -0.2071652E+02    0.1698189E+01    0.8069350E+01   -0.5832336E+02    0.4130583E+02    0.9246532E+02    0.6717526E+02   -0.1334457E+02   -0.7299985E+00   -0.6388474E+00    0.4887149E+01    0.7178532E+01    0.8078061E-03   -0.2449900E-02
   -0.6267898E-04    0.2311911E-04   -0.4758035E-04    0.2030206E-02    0.9607763E-02    0.8188234E-02    0.8942852E-02   -0.2948418E-02    0.1824366E-02   -0.6745956E+02    0.7400985E+00    0.7073104E+01   -0.7699893E+02    0.1554092E+02    0.6717526E+02    0.1288217E+03   -0.1192701E+02   -0.2507213E+00   -0.7757546E+00    0.4990265E+00    0.2279674E+02    0.5664858E-03   -0.7730859E-02
   -0.4339486E-04    0.3127428E-03   -0.3453477E-04   -0.4167825E-02   -0.7832462E-02   -0.4198874E-02   -0.3664647E-02    0.3845847E-02   -0.5494924E-04    0.8935438E+00    0.6176513E-01   -0.3088697E+01    0.1664770E+02   -0.3899278E+01   -0.1334457E+02   -0.1192701E+02    0.7096098E+01    0.2103800E+00   -0.1392257E-01   -0.1965571E+01   -0.1604398E+01   -0.1635160E-03    0.2591971E-03
    0.1294096E-04    0.1757830E-04   -0.1256613E-06    0.4729818E-03    0.8932492E-03    0.2446025E-03   -0.8739389E-03   -0.6529722E-03    0.1360028E-04   -0.1912873E+00   -0.1928150E-03   -0.2256221E+00   -0.6829886E+00   -0.3230128E+00   -0.7299985E+00   -0.2507213E+00    0.2103800E+00    0.3173246E+01    0.7319108E+00    0.3543440E+00    0.6133869E+00    0.3965331E-03   -0.1217848E-05
    0.4088325E-05   -0.4482292E-04    0.2247125E-05   -0.7834686E-03   -0.2220104E-02    0.9547426E-05    0.1766426E-04   -0.6792033E-03    0.3095546E-04    0.3029363E+00    0.5226902E-02    0.4400150E-01    0.8156731E+00   -0.1223766E+01   -0.6388474E+00   -0.7757546E+00   -0.1392257E-01    0.7319108E+00    0.3145964E+01    0.2283606E+01    0.1212845E+01   -0.4054276E-03   -0.2272904E-03
   -0.1028928E-04    0.5609882E-04    0.2168172E-04   -0.2526017E-02   -0.5515924E-02   -0.5161444E-03   -0.2037182E-03    0.2682070E-02   -0.7869997E-04   -0.2786418E+01    0.9863804E-01    0.2396264E+01   -0.1133921E+02    0.4118564E+01    0.4887149E+01    0.4990265E+00   -0.1965571E+01    0.3543440E+00    0.2283606E+01    0.1747582E+02    0.2667973E+02   -0.2265711E-04    0.2436382E-02
    0.2649470E-04   -0.1083517E-03    0.6173784E-04   -0.5238104E-03   -0.1387142E-03    0.1422173E-02    0.1776043E-02    0.2362792E-02    0.6713920E-03   -0.2540447E+02    0.1400818E+00    0.2126301E+01   -0.2060699E+02    0.3752810E+01    0.7178532E+01    0.2279674E+02   -0.1604398E+01    0.6133869E+00    0.1212845E+01    0.2667973E+02    0.6114491E+02    0.6459461E-05    0.4263555E-02
    0.6544963E-08   -0.1773380E-07    0.8487596E-08    0.1627149E-06    0.5862178E-06   -0.1480982E-06   -0.5918388E-07    0.2873528E-06    0.1996351E-10   -0.1091004E-03    0.6937474E-05    0.1911704E-03    0.4804081E-02    0.2603151E-03    0.8078061E-03    0.5664858E-03   -0.1635160E-03    0.3965331E-03   -0.4054276E-03   -0.2265711E-04    0.6459461E-05    0.5466904E-06    0.2228504E-07
   -0.1495403E-07    0.1203166E-06   -0.1886958E-08   -0.1562298E-05   -0.2889820E-05   -0.8294501E-06   -0.7166267E-06    0.2429207E-05   -0.6262553E-07    0.4506036E-02   -0.1857267E-04   -0.3826742E-03    0.4929493E-02    0.5343677E-03   -0.2449900E-02   -0.7730859E-02    0.2591971E-03   -0.1217848E-05   -0.2272904E-03    0.2436382E-02    0.4263555E-02    0.2228504E-07    0.2050656E-05
