# omegabh2 omegach2 theta tau Alens logA ns acib217 xi asz143 aps100 aps143 aps143217 aps217 aksz kgal100 kgal143 kgal143217 kgal217 cal0 cal2 calPlanck
  8.7255091E-08  -5.7480696E-07   9.4907400E-08   1.7127488E-06   1.5095798E-05   2.2141088E-06   1.7334549E-06  -3.8733930E-04   7.5143339E-06   8.3849034E-05  -1.8596473E-03  -1.1481609E-03  -4.4912533E-04  -1.1220444E-04  -1.2173367E-04   3.3214555E-07  -2.1449214E-05  -4.5293662E-05   6.5176111E-05   1.0394375E-10  -1.0410928E-08  -1.1393811E-09
 -5.7480696E-07   7.4053804E-06  -8.6753582E-07  -2.8668349E-05  -1.0683603E-04  -3.9939300E-05  -1.9737719E-05   2.5174081E-03  -4.7949318E-05  -4.4913746E-04   1.1693519E-02   7.4013315E-03   3.2491926E-03   9.0461200E-04   7.3007104E-04   3.1245505E-06   1.5736437E-04   3.3724754E-04  -3.7704482E-04  -8.9430653E-09   7.0665631E-08   1.3243305E-09
  9.4907400E-08  -8.6753582E-07   2.9245407E-07   3.2831773E-06   1.7533351E-05   4.7562182E-06   2.6555183E-06  -3.4668099E-04   7.3275764E-06   6.5860409E-05  -1.5998557E-03  -1.0449718E-03  -4.5226435E-04  -1.4759294E-04  -1.0719111E-04  -2.1765445E-06  -2.3927925E-05  -5.3597424E-05   3.7720963E-05   1.4469049E-09  -1.0932421E-08   4.4629147E-10
  1.7127488E-06  -2.8668349E-05   3.2831773E-06   2.5070386E-03  -4.9664245E-03   4.9145880E-03   1.4754299E-04  -3.1570090E-02   6.1977920E-04   5.4266026E-03  -1.2046798E-01  -6.2998421E-02  -1.3669410E-02   1.2491258E-02  -8.5104731E-03  -5.2468531E-03  -3.1160720E-03  -4.4426853E-03   6.0031505E-03  -6.6390062E-07  -7.3892418E-07  -2.0819530E-07
  1.5095798E-05  -1.0683603E-04   1.7533351E-05  -4.9664245E-03   1.7970410E-02  -1.0119627E-02   1.8247012E-04  -4.2361125E-02   9.3591460E-04   7.6675330E-03  -2.8889624E-01  -1.5753742E-01  -7.9788910E-02  -4.0849987E-02  -1.7137424E-02   1.0752266E-02  -3.2507581E-03  -8.0752586E-03  -3.9430128E-03   1.1192653E-06  -1.8430243E-06  -1.3612806E-05
  2.2141088E-06  -3.9939300E-05   4.7562182E-06   4.9145880E-03  -1.0119627E-02   9.7001188E-03   2.4609715E-04  -5.7652551E-02   1.1504373E-03   9.7701239E-03  -2.1008587E-01  -1.0787749E-01  -1.8069199E-02   3.2372460E-02  -1.5880558E-02  -1.0726451E-02  -6.4444968E-03  -8.4785688E-03   1.3053443E-02  -1.1753965E-06  -1.3051032E-06   1.1924322E-05
  1.7334549E-06  -1.9737719E-05   2.6555183E-06   1.4754299E-04   1.8247012E-04   2.4609715E-04   6.7057042E-05  -1.2719259E-02   2.5947730E-04   2.2520154E-03  -6.0706284E-02  -2.9690006E-02  -8.2673769E-03   2.7052582E-03  -4.2981374E-03   2.6052620E-04  -8.1878566E-04  -1.5028416E-03   2.5026013E-03  -1.4343623E-07  -2.7477740E-07   1.3743370E-08
 -3.8733930E-04   2.5174081E-03  -3.4668099E-04  -3.1570090E-02  -4.2361125E-02  -5.7652551E-02  -1.2719259E-02   4.5377119E+01  -4.0421814E-01  -1.3224715E+00   4.4744248E+01   7.4862503E+00  -1.0581811E+01  -5.3792068E+01   7.5873636E-01   1.6837665E-01   5.4816582E-01  -5.4221222E+00  -3.2892673E+01  -1.6398368E-04   7.4271275E-04   5.6972390E-04
  7.5143339E-06  -4.7949318E-05   7.3275764E-06   6.1977920E-04   9.3591460E-04   1.1504373E-03   2.5947730E-04  -4.0421814E-01   7.9618025E-02  -1.6182691E-02  -9.1054296E-01   7.7010773E-01   1.6386067E+00   6.2327053E-01   1.0965974E-02  -1.1091181E-02   6.9816828E-03   1.0686148E-01   1.3084880E-01   4.2705270E-06  -3.6641459E-06  -1.2648924E-05
  8.3849034E-05  -4.4913746E-04   6.5860409E-05   5.4266026E-03   7.6675330E-03   9.7701239E-03   2.2520154E-03  -1.3224715E+00  -1.6182691E-02   3.6560168E+00  -3.0704642E+01  -4.5555543E+00   6.4911967E+00   4.5108727E+00  -2.2813447E+00  -1.8150745E-01   1.4961257E-01   2.4273715E+00   3.1731417E+00   8.1497940E-05  -5.3640129E-05   2.5892372E-05
 -1.8596473E-03   1.1693519E-02  -1.5998557E-03  -1.2046798E-01  -2.8889624E-01  -2.1008587E-01  -6.0706284E-02   4.4744248E+01  -9.1054296E-01  -3.0704642E+01   8.0701605E+02   9.2854642E+01  -4.4304357E+01  -5.6137759E+01   1.4668582E+01  -6.2446459E+00   6.0001149E+00  -1.0253717E+01  -2.4010088E+01   3.7726376E-03   7.1313382E-04   3.6958201E-03
 -1.1481609E-03   7.4013315E-03  -1.0449718E-03  -6.2998421E-02  -1.5753742E-01  -1.0787749E-01  -2.9690006E-02   7.4862503E+00   7.7010773E-01  -4.5555543E+00   9.2854642E+01   7.3313943E+01   4.2238427E+01   1.3416879E+01  -2.3569003E+00  -3.4768841E-01  -1.0985020E+00   3.6260513E+00   2.5719385E+00   1.3087201E-04   2.1708119E-04   5.1595796E-04
 -4.4912533E-04   3.2491926E-03  -4.5226435E-04  -1.3669410E-02  -7.9788910E-02  -1.8069199E-02  -8.2673769E-03  -1.0581811E+01   1.6386067E+00   6.4911967E+00  -4.4304357E+01   4.2238427E+01   8.1965056E+01   4.8950009E+01  -9.2401941E+00  -8.0439903E-01  -6.3239881E-01   4.2330550E+00   6.3080381E+00   3.9566450E-04  -3.6874458E-04   1.9475281E-04
 -1.1220444E-04   9.0461200E-04  -1.4759294E-04   1.2491258E-02  -4.0849987E-02   3.2372460E-02   2.7052582E-03  -5.3792068E+01   6.2327053E-01   4.5108727E+00  -5.6137759E+01   1.3416879E+01   4.8950009E+01   9.9709547E+01  -7.7204577E+00  -5.7507499E-01  -1.2065554E+00   4.6000629E+00   3.1858716E+01   4.0986818E-04  -1.3281114E-03   1.3109922E-03
 -1.2173367E-04   7.3007104E-04  -1.0719111E-04  -8.5104731E-03  -1.7137424E-02  -1.5880558E-02  -4.2981374E-03   7.5873636E-01   1.0965974E-02  -2.2813447E+00   1.4668582E+01  -2.3569003E+00  -9.2401941E+00  -7.7204577E+00   4.9244513E+00   5.3082874E-02  -8.8949739E-02  -1.5767611E+00  -2.0841045E+00  -4.6806236E-05   2.5238707E-05   3.5559950E-05
  3.3214555E-07   3.1245505E-06  -2.1765445E-06  -5.2468531E-03   1.0752266E-02  -1.0726451E-02   2.6052620E-04   1.6837665E-01  -1.1091181E-02  -1.8150745E-01  -6.2446459E+00  -3.4768841E-01  -8.0439903E-01  -5.7507499E-01   5.3082874E-02   3.4054820E+00   5.4993659E-01   1.7166678E-01   1.4838366E-01   1.7549908E-04  -1.0347801E-05   2.2436831E-05
 -2.1449214E-05   1.5736437E-04  -2.3927925E-05  -3.1160720E-03  -3.2507581E-03  -6.4444968E-03  -8.1878566E-04   5.4816582E-01   6.9816828E-03   1.4961257E-01   6.0001149E+00  -1.0985020E+00  -6.3239881E-01  -1.2065554E+00  -8.8949739E-02   5.4993659E-01   3.1511268E+00   2.7210091E+00   2.7462598E+00  -1.8219709E-04  -4.7268971E-05   8.9110182E-06
 -4.5293662E-05   3.3724754E-04  -5.3597424E-05  -4.4426853E-03  -8.0752586E-03  -8.4785688E-03  -1.5028416E-03  -5.4221222E+00   1.0686148E-01   2.4273715E+00  -1.0253717E+01   3.6260513E+00   4.2330550E+00   4.6000629E+00  -1.5767611E+00   1.7166678E-01   2.7210091E+00   1.0660865E+01   1.8903646E+01  -4.9080300E-05   4.0447347E-04   1.1503295E-04
  6.5176111E-05  -3.7704482E-04   3.7720963E-05   6.0031505E-03  -3.9430128E-03   1.3053443E-02   2.5026013E-03  -3.2892673E+01   1.3084880E-01   3.1731417E+00  -2.4010088E+01   2.5719385E+00   6.3080381E+00   3.1858716E+01  -2.0841045E+00   1.4838366E-01   2.7462598E+00   1.8903646E+01   5.2890387E+01   7.6554407E-06   9.1732408E-04   1.0977817E-03
  1.0394375E-10  -8.9430653E-09   1.4469049E-09  -6.6390062E-07   1.1192653E-06  -1.1753965E-06  -1.4343623E-07  -1.6398368E-04   4.2705270E-06   8.1497940E-05   3.7726376E-03   1.3087201E-04   3.9566450E-04   4.0986818E-04  -4.6806236E-05   1.7549908E-04  -1.8219709E-04  -4.9080300E-05   7.6554407E-06   3.7162093E-07  -1.2041979E-09  -4.1612219E-09
 -1.0410928E-08   7.0665631E-08  -1.0932421E-08  -7.3892418E-07  -1.8430243E-06  -1.3051032E-06  -2.7477740E-07   7.4271275E-04  -3.6641459E-06  -5.3640129E-05   7.1313382E-04   2.1708119E-04  -3.6874458E-04  -1.3281114E-03   2.5238707E-05  -1.0347801E-05  -4.7268971E-05   4.0447347E-04   9.1732408E-04  -1.2041979E-09   3.8663716E-07   5.8698969E-09
 -1.1393811E-09   1.3243305E-09   4.4629147E-10  -2.0819530E-07  -1.3612806E-05   1.1924322E-05   1.3743370E-08   5.6972390E-04  -1.2648924E-05   2.5892372E-05   3.6958201E-03   5.1595796E-04   1.9475281E-04   1.3109922E-03   3.5559950E-05   2.2436831E-05   8.9110182E-06   1.1503295E-04   1.0977817E-03  -4.1612219E-09   5.8698969E-09   6.1647323E-06
