# omegabh2 omegach2 theta tau mnu nnu logA ns calPlanck acib217 xi asz143 aps100 aps143 aps143217 aps217 aksz kgal100 kgal143 kgal143217 kgal217 cal0 cal2
    0.8675986E-07   -0.1952372E-06    0.5784252E-07    0.2673372E-05   -0.2111401E-04    0.2059214E-04    0.5126047E-05    0.2085169E-05    0.1173760E-07   -0.2255375E-03    0.2021168E-05    0.5964504E-04   -0.8651429E-03   -0.5938300E-03   -0.1993470E-03    0.1418219E-04   -0.8672117E-04    0.5490131E-08    0.3813501E-05   -0.2983009E-04    0.1703527E-04    0.7696728E-08   -0.2434112E-07
   -0.1952372E-06    0.8829850E-05   -0.8649959E-06   -0.1423025E-04    0.1143490E-03    0.2469625E-03   -0.9659288E-05   -0.3990444E-05   -0.2624110E-06    0.2397307E-02   -0.2778212E-04   -0.6185470E-03    0.9874088E-02    0.5949575E-02    0.1934256E-02   -0.2492564E-03    0.9782117E-03    0.8968040E-04    0.1047935E-04    0.2196117E-03   -0.3243325E-03   -0.6315347E-07    0.2732728E-06
    0.5784252E-07   -0.8649959E-06    0.2795646E-06    0.1809632E-05   -0.3437355E-04   -0.1684426E-04    0.2067459E-05    0.1262449E-05    0.2983145E-07   -0.2514701E-03    0.1784875E-05    0.6719624E-04   -0.1269314E-02   -0.7553335E-03   -0.2993123E-03   -0.5108492E-04   -0.1113424E-03   -0.9430544E-05   -0.1728239E-05   -0.5994385E-04   -0.1732920E-04    0.3196662E-08   -0.3387943E-07
    0.2673372E-05   -0.1423025E-04    0.1809632E-05    0.4480932E-03    0.3186150E-03    0.7604459E-03    0.8578161E-03    0.1042201E-03   -0.1118388E-05   -0.1521380E-01    0.2500425E-03    0.3130037E-02   -0.5417732E-01   -0.2686647E-01   -0.2898741E-02    0.1005019E-01   -0.6762758E-02   -0.3312892E-03   -0.2843036E-03   -0.2060385E-02    0.5619901E-03    0.2077165E-06   -0.1837305E-05
   -0.2111401E-04    0.1143490E-03   -0.3437355E-04    0.3186150E-03    0.3345045E-01   -0.1322115E-02    0.7403732E-03   -0.4912539E-03    0.3619637E-05    0.1137287E+00   -0.1092485E-02   -0.2168483E-01    0.4693400E+00    0.2338351E+00    0.8142362E-01   -0.2854947E-01    0.3966355E-01   -0.6679674E-03   -0.4932115E-03    0.1405585E-01   -0.8633260E-02   -0.1329272E-06    0.1497331E-04
    0.2059214E-04    0.2469625E-03   -0.1684426E-04    0.7604459E-03   -0.1322115E-02    0.2385073E-01    0.2056542E-02    0.1053731E-02   -0.8674499E-05    0.9294457E-01   -0.1087828E-02   -0.2268799E-01    0.3762812E+00    0.1857380E+00    0.3636529E-01   -0.4248390E-01    0.4066918E-01    0.5171876E-02    0.7928463E-03    0.3273833E-02   -0.2351799E-01   -0.4878988E-06    0.9310485E-05
    0.5126047E-05   -0.9659288E-05    0.2067459E-05    0.8578161E-03    0.7403732E-03    0.2056542E-02    0.1708927E-02    0.1992355E-03    0.9744844E-05   -0.2625970E-01    0.4956093E-03    0.5149373E-02   -0.8671169E-01   -0.4017257E-01    0.1470257E-02    0.2667549E-01   -0.1263743E-01   -0.7506925E-03   -0.1146335E-02   -0.4107548E-02    0.2246626E-02    0.5323757E-06   -0.3246460E-05
    0.2085169E-05   -0.3990444E-05    0.1262449E-05    0.1042201E-03   -0.4912539E-03    0.1053731E-02    0.1992355E-03    0.9516700E-04    0.2904436E-06   -0.4902527E-02    0.8591713E-04    0.1353271E-02   -0.2516551E-01   -0.8641306E-02    0.8652417E-03    0.4943466E-02   -0.2769793E-02    0.4039448E-03   -0.1110866E-03   -0.7923636E-03   -0.3220898E-05   -0.6199338E-07   -0.5562583E-06
    0.1173760E-07   -0.2624110E-06    0.2983145E-07   -0.1118388E-05    0.3619637E-05   -0.8674499E-05    0.9744844E-05    0.2904436E-06    0.6258571E-05    0.4708617E-03    0.4842183E-05    0.7463340E-04    0.1422958E-02    0.2864312E-03    0.5538688E-03    0.1797052E-02   -0.1362339E-03   -0.1193751E-04   -0.2979964E-04   -0.1925733E-04    0.7730462E-03   -0.2743047E-08   -0.3766124E-07
   -0.2255375E-03    0.2397307E-02   -0.2514701E-03   -0.1521380E-01    0.1137287E+00    0.9294457E-01   -0.2625970E-01   -0.4902527E-02    0.4708617E-03    0.5007467E+02   -0.4650073E+00   -0.1556810E+01    0.4388234E+02    0.3419957E+01   -0.1901128E+02   -0.6610706E+02    0.5187804E+00   -0.8950302E-01    0.3802833E+00   -0.2655731E+01   -0.2498362E+02   -0.1717716E-03    0.4610060E-02
    0.2021168E-05   -0.2778212E-04    0.1784875E-05    0.2500425E-03   -0.1092485E-02   -0.1087828E-02    0.4956093E-03    0.8591713E-04    0.4842183E-05   -0.4650073E+00    0.8095660E-01   -0.9598554E-01   -0.2147971E+00    0.8552158E+00    0.1508294E+01    0.6417639E+00    0.9325462E-01   -0.4956902E-02    0.5219518E-02    0.5337745E-01    0.7221480E-01    0.5394078E-05   -0.1948101E-04
    0.5964504E-04   -0.6185470E-03    0.6719624E-04    0.3130037E-02   -0.2168483E-01   -0.2268799E-01    0.5149373E-02    0.1353271E-02    0.7463340E-04   -0.1556810E+01   -0.9598554E-01    0.3984540E+01   -0.3094190E+02   -0.4199679E+01    0.7922406E+01    0.7043388E+01   -0.3264920E+01   -0.1943040E+00    0.7506339E-01    0.2482968E+01    0.2036346E+01    0.1986473E-03   -0.3824249E-03
   -0.8651429E-03    0.9874088E-02   -0.1269314E-02   -0.5417732E-01    0.4693400E+00    0.3762812E+00   -0.8671169E-01   -0.2516551E-01    0.1422958E-02    0.4388234E+02   -0.2147971E+00   -0.3094190E+02    0.7427721E+03    0.7918308E+02   -0.5285024E+02   -0.7014056E+02    0.1733426E+02   -0.6972994E+00    0.3229139E+00   -0.1291733E+02   -0.2015594E+02    0.4665152E-02    0.4473749E-02
   -0.5938300E-03    0.5949575E-02   -0.7553335E-03   -0.2686647E-01    0.2338351E+00    0.1857380E+00   -0.4017257E-01   -0.8641306E-02    0.2864312E-03    0.3419957E+01    0.8552158E+00   -0.4199679E+01    0.7918308E+02    0.6397155E+02    0.4150574E+02    0.1738675E+02   -0.3911640E+01   -0.2926237E+00   -0.9882919E+00    0.4123754E+01    0.3786197E+01    0.1216514E-03    0.4547025E-03
   -0.1993470E-03    0.1934256E-02   -0.2993123E-03   -0.2898741E-02    0.8142362E-01    0.3636529E-01    0.1470257E-02    0.8652417E-03    0.5538688E-03   -0.1901128E+02    0.1508294E+01    0.7922406E+01   -0.5285024E+02    0.4150574E+02    0.8844368E+02    0.6601417E+02   -0.1318934E+02   -0.6670862E+00   -0.3928843E+00    0.4463666E+01    0.5660460E+01    0.7278620E-03   -0.2495250E-02
    0.1418219E-04   -0.2492564E-03   -0.5108492E-04    0.1005019E-01   -0.2854947E-01   -0.4248390E-01    0.2667549E-01    0.4943466E-02    0.1797052E-02   -0.6610706E+02    0.6417639E+00    0.7043388E+01   -0.7014056E+02    0.1738675E+02    0.6601417E+02    0.1277114E+03   -0.1174304E+02   -0.3264163E+00   -0.6638124E+00    0.7344081E+00    0.2190920E+02    0.6214084E-03   -0.7853781E-02
   -0.8672117E-04    0.9782117E-03   -0.1113424E-03   -0.6762758E-02    0.3966355E-01    0.4066918E-01   -0.1263743E-01   -0.2769793E-02   -0.1362339E-03    0.5187804E+00    0.9325462E-01   -0.3264920E+01    0.1733426E+02   -0.3911640E+01   -0.1318934E+02   -0.1174304E+02    0.7336778E+01    0.1169205E+00   -0.1163330E+00   -0.2299313E+01   -0.1751356E+01   -0.1636891E-03    0.2324193E-03
    0.5490131E-08    0.8968040E-04   -0.9430544E-05   -0.3312892E-03   -0.6679674E-03    0.5171876E-02   -0.7506925E-03    0.4039448E-03   -0.1193751E-04   -0.8950302E-01   -0.4956902E-02   -0.1943040E+00   -0.6972994E+00   -0.2926237E+00   -0.6670862E+00   -0.3264163E+00    0.1169205E+00    0.3182347E+01    0.7288406E+00    0.2866024E+00    0.4245977E+00    0.4119777E-03   -0.2025679E-04
    0.3813501E-05    0.1047935E-04   -0.1728239E-05   -0.2843036E-03   -0.4932115E-03    0.7928463E-03   -0.1146335E-02   -0.1110866E-03   -0.2979964E-04    0.3802833E+00    0.5219518E-02    0.7506339E-01    0.3229139E+00   -0.9882919E+00   -0.3928843E+00   -0.6638124E+00   -0.1163330E+00    0.7288406E+00    0.3139327E+01    0.2405911E+01    0.1333212E+01   -0.4023510E-03   -0.2055975E-03
   -0.2983009E-04    0.2196117E-03   -0.5994385E-04   -0.2060385E-02    0.1405585E-01    0.3273833E-02   -0.4107548E-02   -0.7923636E-03   -0.1925733E-04   -0.2655731E+01    0.5337745E-01    0.2482968E+01   -0.1291733E+02    0.4123754E+01    0.4463666E+01    0.7344081E+00   -0.2299313E+01    0.2866024E+00    0.2405911E+01    0.1795337E+02    0.2732278E+02   -0.8502770E-04    0.2490446E-02
    0.1703527E-04   -0.3243325E-03   -0.1732920E-04    0.5619901E-03   -0.8633260E-02   -0.2351799E-01    0.2246626E-02   -0.3220898E-05    0.7730462E-03   -0.2498362E+02    0.7221480E-01    0.2036346E+01   -0.2015594E+02    0.3786197E+01    0.5660460E+01    0.2190920E+02   -0.1751356E+01    0.4245977E+00    0.1333212E+01    0.2732278E+02    0.6205462E+02   -0.6344098E-04    0.4376999E-02
    0.7696728E-08   -0.6315347E-07    0.3196662E-08    0.2077165E-06   -0.1329272E-06   -0.4878988E-06    0.5323757E-06   -0.6199338E-07   -0.2743047E-08   -0.1717716E-03    0.5394078E-05    0.1986473E-03    0.4665152E-02    0.1216514E-03    0.7278620E-03    0.6214084E-03   -0.1636891E-03    0.4119777E-03   -0.4023510E-03   -0.8502770E-04   -0.6344098E-04    0.5446331E-06    0.1018885E-08
   -0.2434112E-07    0.2732728E-06   -0.3387943E-07   -0.1837305E-05    0.1497331E-04    0.9310485E-05   -0.3246460E-05   -0.5562583E-06   -0.3766124E-07    0.4610060E-02   -0.1948101E-04   -0.3824249E-03    0.4473749E-02    0.4547025E-03   -0.2495250E-02   -0.7853781E-02    0.2324193E-03   -0.2025679E-04   -0.2055975E-03    0.2490446E-02    0.4376999E-02    0.1018885E-08    0.2093780E-05
