# omegabh2 omegach2 theta tau ns logA r aps100 aps143 aps217 acib143 acib217 asz143 psr cibr ncib cal0 cal2 xi aksz bm_1_1
    0.10898E-06   -0.68962E-06    0.12339E-06    0.69747E-05    0.21678E-05    0.12437E-04   -0.27888E-07   -0.23719E-02   -0.10142E-02   -0.61908E-04   -0.17828E-03   -0.42227E-03    0.81336E-05    0.55308E-06   -0.86751E-05   -0.14086E-05    0.30230E-08   -0.15029E-07    0.44341E-05   -0.10394E-03   -0.21735E-04
   -0.68962E-06    0.97240E-05   -0.11386E-05   -0.68610E-04   -0.25265E-04   -0.11352E-03   -0.82372E-05    0.22470E-01    0.65235E-02    0.14667E-02    0.85932E-03    0.22419E-02    0.68674E-05    0.21687E-06    0.43912E-04    0.11777E-04   -0.28196E-07    0.13326E-06   -0.23997E-04    0.54799E-03    0.27534E-03
    0.12339E-06   -0.11386E-05    0.45902E-06    0.98730E-05    0.35751E-05    0.17320E-04    0.94653E-06   -0.28448E-02   -0.95988E-03   -0.12748E-03   -0.14950E-03   -0.35813E-03   -0.48629E-05    0.18042E-06   -0.82099E-05   -0.77424E-06    0.40127E-08   -0.19528E-07    0.19925E-05   -0.74724E-04   -0.32121E-04
    0.69747E-05   -0.68610E-04    0.98730E-05    0.14320E-02    0.23880E-03    0.26934E-02   -0.12467E-03   -0.36512E+00   -0.75802E-01    0.32070E-01   -0.24367E-01   -0.51885E-01   -0.33485E-03    0.15792E-03   -0.11898E-02   -0.98375E-04   -0.75283E-08   -0.18789E-05    0.55589E-03   -0.14591E-01   -0.26424E-02
    0.21678E-05   -0.25265E-04    0.35751E-05    0.23880E-03    0.88666E-04    0.41505E-03    0.34865E-04   -0.10619E+00   -0.21756E-01    0.11907E-01   -0.78859E-02   -0.16049E-01   -0.38836E-03    0.45238E-04   -0.38734E-03   -0.26691E-04    0.25439E-08   -0.11945E-06    0.14781E-03   -0.48750E-02   -0.60030E-03
    0.12437E-04   -0.11352E-03    0.17320E-04    0.26934E-02    0.41505E-03    0.51119E-02   -0.27749E-03   -0.68005E+00   -0.13139E+00    0.78719E-01   -0.49973E-01   -0.10274E+00   -0.13083E-02    0.34611E-03   -0.24265E-02   -0.14851E-03   -0.30174E-07   -0.28069E-05    0.10982E-02   -0.29529E-01   -0.39825E-02
   -0.27888E-07   -0.82372E-05    0.94653E-06   -0.12467E-03    0.34865E-04   -0.27749E-03    0.13527E-02   -0.48597E-01   -0.61516E-02    0.68620E-03    0.76793E-03   -0.17829E-02    0.83651E-03   -0.39765E-04   -0.79286E-05   -0.29719E-04   -0.34497E-08   -0.29520E-06   -0.49078E-04   -0.53506E-03   -0.45490E-03
   -0.23719E-02    0.22470E-01   -0.28448E-02   -0.36512E+00   -0.10619E+00   -0.68005E+00   -0.48597E-01    0.35860E+04    0.12685E+03   -0.13629E+03    0.76548E+02    0.10490E+03   -0.65745E+02   -0.83165E+00   -0.21085E+00    0.83685E+00    0.41442E-03   -0.75741E-03   -0.11063E+00   -0.14789E+02    0.17452E+02
   -0.10142E-02    0.65235E-02   -0.95988E-03   -0.75802E-01   -0.21756E-01   -0.13139E+00   -0.61516E-02    0.12685E+03    0.17901E+03    0.24471E+02   -0.33005E+02    0.66485E+01   -0.77491E+01   -0.15157E+00    0.14700E+00    0.51124E-01    0.15088E-04    0.13810E-02    0.10649E+01   -0.12462E+02    0.48207E+00
   -0.61908E-04    0.14667E-02   -0.12748E-03    0.32070E-01    0.11907E-01    0.78719E-01    0.68620E-03   -0.13629E+03    0.24471E+02    0.27580E+03   -0.21777E+02   -0.11125E+03    0.30994E+01    0.50860E-01   -0.16044E+01   -0.94991E+00   -0.97727E-05   -0.26690E-02    0.57179E+00   -0.10792E+02    0.89329E+00
   -0.17828E-03    0.85932E-03   -0.14950E-03   -0.24367E-01   -0.78859E-02   -0.49973E-01    0.76793E-03    0.76548E+02   -0.33005E+02   -0.21777E+02    0.28507E+02    0.13264E+02   -0.22509E+01    0.36669E-02    0.70717E-01    0.94402E-01   -0.65909E-05   -0.46670E-03    0.12589E+00   -0.40779E+00   -0.33116E+00
   -0.42227E-03    0.22419E-02   -0.35813E-03   -0.51885E-01   -0.16049E-01   -0.10274E+00   -0.17829E-02    0.10490E+03    0.66485E+01   -0.11125E+03    0.13264E+02    0.57513E+02   -0.13235E+01    0.22281E-01    0.75186E+00    0.57287E+00    0.57903E-05    0.13907E-02   -0.30521E+00   -0.93892E+00   -0.20837E+00
    0.81336E-05    0.68674E-05   -0.48629E-05   -0.33485E-03   -0.38836E-03   -0.13083E-02    0.83651E-03   -0.65745E+02   -0.77491E+01    0.30994E+01   -0.22509E+01   -0.13235E+01    0.76376E+01    0.46097E-01    0.25901E+00   -0.35383E-01    0.58275E-05   -0.18465E-03   -0.56085E-01   -0.11449E+00    0.20326E+00
    0.55308E-06    0.21687E-06    0.18042E-06    0.15792E-03    0.45238E-04    0.34611E-03   -0.39765E-04   -0.83165E+00   -0.15157E+00    0.50860E-01    0.36669E-02    0.22281E-01    0.46097E-01    0.63565E-02   -0.51589E-02    0.44810E-02    0.22208E-06   -0.67952E-05    0.37303E-02   -0.14075E-01    0.33990E-02
   -0.86751E-05    0.43912E-04   -0.82099E-05   -0.11898E-02   -0.38734E-03   -0.24265E-02   -0.79286E-05   -0.21085E+00    0.14700E+00   -0.16044E+01    0.70717E-01    0.75186E+00    0.25901E+00   -0.51589E-02    0.50909E-01   -0.46497E-02   -0.34220E-06    0.36203E-04    0.94149E-03   -0.24837E-01   -0.44437E-02
   -0.14086E-05    0.11777E-04   -0.77424E-06   -0.98375E-04   -0.26691E-04   -0.14851E-03   -0.29719E-04    0.83685E+00    0.51124E-01   -0.94991E+00    0.94402E-01    0.57287E+00   -0.35383E-01    0.44810E-02   -0.46497E-02    0.15869E-01    0.26468E-06    0.16593E-05   -0.15943E-02   -0.52227E-02    0.73415E-02
    0.30230E-08   -0.28196E-07    0.40127E-08   -0.75283E-08    0.25439E-08   -0.30174E-07   -0.34497E-08    0.41442E-03    0.15088E-04   -0.97727E-05   -0.65909E-05    0.57903E-05    0.58275E-05    0.22208E-06   -0.34220E-06    0.26468E-06    0.15967E-06    0.61890E-09    0.38014E-06    0.16075E-05   -0.18739E-04
   -0.15029E-07    0.13326E-06   -0.19528E-07   -0.18789E-05   -0.11945E-06   -0.28069E-05   -0.29520E-06   -0.75741E-03    0.13810E-02   -0.26690E-02   -0.46670E-03    0.13907E-02   -0.18465E-03   -0.67952E-05    0.36203E-04    0.16593E-05    0.61890E-09    0.18690E-05    0.38483E-06   -0.52137E-04    0.10783E-03
    0.44341E-05   -0.23997E-04    0.19925E-05    0.55589E-03    0.14781E-03    0.10982E-02   -0.49078E-04   -0.11063E+00    0.10649E+01    0.57179E+00    0.12589E+00   -0.30521E+00   -0.56085E-01    0.37303E-02    0.94149E-03   -0.15943E-02    0.38014E-06    0.38483E-06    0.82822E-01   -0.19752E-02    0.84118E-03
   -0.10394E-03    0.54799E-03   -0.74724E-04   -0.14591E-01   -0.48750E-02   -0.29529E-01   -0.53506E-03   -0.14789E+02   -0.12462E+02   -0.10792E+02   -0.40779E+00   -0.93892E+00   -0.11449E+00   -0.14075E-01   -0.24837E-01   -0.52227E-02    0.16075E-05   -0.52137E-04   -0.19752E-02    0.80757E+01   -0.35949E-01
   -0.21735E-04    0.27534E-03   -0.32121E-04   -0.26424E-02   -0.60030E-03   -0.39825E-02   -0.45490E-03    0.17452E+02    0.48207E+00    0.89329E+00   -0.33116E+00   -0.20837E+00    0.20326E+00    0.33990E-02   -0.44437E-02    0.73415E-02   -0.18739E-04    0.10783E-03    0.84118E-03   -0.35949E-01    0.32355E+00
