# omegabh2 omegach2 theta tau mnu ns logA aps100 aps143 aps217 acib143 acib217 asz143 psr cibr ncib cal0 cal2 xi aksz bm_1_1 bm_1_2 bm_1_3 bm_1_4 bm_1_5 bm_2_1 bm_2_2 bm_2_3 bm_2_4 bm_2_5 bm_3_1 bm_3_2 bm_3_3 bm_3_4 bm_3_5 bm_4_1 bm_4_2 bm_4_3 bm_4_4 bm_4_5 a_ps_act_148 a_ps_act_217 a_ps_spt_95 a_ps_spt_150 a_ps_spt_220 r_ps_spt_95x150 r_ps_spt_95x220 r_ps_150x220 act_dust_s act_dust_e cal_acts_148 cal_acts_217 cal_acte_148 cal_acte_217 cal_spt_95 cal_spt_150 cal_spt_220
    0.62657E-07   -0.26153E-06    0.58252E-07    0.86554E-06   -0.68701E-06    0.81257E-06    0.12467E-05   -0.31534E-03   -0.64323E-03   -0.61010E-03    0.21494E-05    0.79145E-04    0.23409E-04   -0.13293E-05   -0.56486E-06    0.17123E-05    0.43535E-08    0.52513E-09   -0.73531E-05   -0.60744E-04   -0.13915E-04   -0.64105E-05    0.21986E-05   -0.35938E-05   -0.19851E-05   -0.53274E-06    0.30193E-05   -0.30175E-06    0.11362E-04   -0.64201E-06   -0.12444E-04   -0.10918E-04    0.16372E-05    0.27347E-05   -0.10197E-05   -0.90988E-05   -0.18867E-05    0.16662E-06    0.74308E-06    0.99581E-05    0.69414E-05    0.40304E-04    0.14039E-04    0.15720E-04    0.81763E-04   -0.12849E-06   -0.11699E-05   -0.14856E-06   -0.36519E-06    0.94494E-06    0.34502E-06    0.34529E-06    0.35935E-06    0.37480E-06    0.55418E-06    0.64581E-06    0.53880E-06
   -0.26153E-06    0.52276E-05   -0.44235E-06   -0.73398E-05   -0.12871E-05   -0.12222E-04   -0.16693E-05    0.91092E-03    0.19779E-02    0.16725E-02    0.54266E-04    0.31896E-04   -0.10071E-04    0.61902E-05    0.63769E-05   -0.55251E-05   -0.12444E-07    0.10265E-06    0.17479E-04   -0.15433E-03    0.13200E-03    0.68965E-05   -0.67579E-04    0.32416E-04    0.20970E-04    0.15249E-03   -0.32376E-04   -0.12613E-04    0.79425E-04   -0.28115E-04    0.14027E-03    0.90631E-04   -0.66932E-04   -0.46780E-05   -0.75933E-04    0.20163E-03    0.77766E-04   -0.41326E-04    0.49656E-04    0.10212E-03    0.55335E-04   -0.23250E-03   -0.24732E-04   -0.10271E-04   -0.32537E-03    0.58916E-05    0.11945E-04   -0.25236E-05   -0.59617E-05   -0.31503E-05   -0.13031E-05   -0.16993E-05   -0.12951E-05   -0.85565E-06   -0.28605E-05   -0.31880E-05   -0.15015E-05
    0.58252E-07   -0.44235E-06    0.32639E-06    0.14354E-05   -0.21425E-05    0.15239E-05    0.20801E-05    0.71410E-03   -0.14965E-03   -0.33436E-03   -0.18218E-04    0.76127E-04    0.65404E-05    0.66934E-07   -0.17979E-06    0.23399E-05    0.54222E-08    0.69131E-08   -0.85846E-05   -0.51012E-05   -0.26978E-05    0.11462E-05   -0.40153E-05    0.15485E-05    0.17993E-04    0.93174E-05    0.85751E-05   -0.16395E-05    0.23403E-05   -0.50649E-05   -0.32112E-04   -0.25222E-04    0.53628E-05   -0.95440E-05   -0.40642E-05   -0.14819E-04   -0.42059E-05   -0.98983E-06    0.32906E-05    0.51852E-05   -0.37804E-05    0.62492E-05   -0.75134E-05   -0.90794E-05    0.12549E-05   -0.13791E-05   -0.24522E-05    0.16364E-07    0.16650E-05   -0.19933E-05    0.20879E-06    0.32599E-06    0.88150E-07    0.26154E-06    0.40839E-06    0.50899E-06    0.28992E-06
    0.86554E-06   -0.73398E-05    0.14354E-05    0.19125E-03    0.55258E-04    0.29667E-04    0.36374E-03   -0.94053E-02   -0.16956E-01   -0.94171E-02   -0.30601E-03   -0.18364E-02   -0.51483E-03   -0.66125E-04   -0.24400E-04   -0.10117E-04   -0.35456E-07    0.12913E-06   -0.90137E-05   -0.53949E-03   -0.47160E-03    0.19108E-03   -0.27591E-03   -0.37986E-03   -0.43680E-03   -0.35345E-03    0.33609E-04   -0.42329E-03    0.17998E-04   -0.24343E-04   -0.19363E-03    0.20987E-04   -0.28893E-03    0.46178E-04    0.16620E-03   -0.28715E-03   -0.30941E-03   -0.14154E-03    0.21508E-03   -0.29715E-03    0.20036E-03    0.36442E-02    0.10922E-02    0.49441E-03    0.25252E-02   -0.43967E-04   -0.68312E-04    0.60239E-06    0.89355E-04    0.86014E-04    0.77487E-05    0.10185E-04    0.11525E-04    0.11905E-04    0.89589E-05    0.16059E-04    0.80931E-05
   -0.68701E-06   -0.12871E-05   -0.21425E-05    0.55258E-04    0.37245E-02    0.34679E-05    0.91460E-04   -0.18577E-02    0.18486E-01    0.26062E-01    0.30988E-03   -0.12511E-01    0.57155E-03   -0.93817E-04    0.48081E-04   -0.19830E-03    0.34295E-06   -0.16369E-05    0.52861E-03    0.46744E-02   -0.61275E-04   -0.49679E-03    0.85281E-04    0.17743E-02    0.27024E-03   -0.68549E-03   -0.34890E-03    0.57142E-03   -0.11720E-02   -0.47211E-03    0.75900E-03    0.15587E-02    0.88625E-03   -0.40617E-03    0.89530E-03   -0.22980E-03    0.94561E-03   -0.68810E-03    0.18067E-03   -0.15381E-02    0.14031E-03    0.31168E-02   -0.91373E-04    0.84496E-04    0.12215E-02    0.28933E-04    0.19921E-03    0.27769E-04    0.56620E-05    0.47490E-04   -0.22794E-05   -0.25355E-04   -0.82249E-05   -0.10448E-05   -0.84287E-06   -0.10792E-06   -0.16025E-04
    0.81257E-06   -0.12222E-04    0.15239E-05    0.29667E-04    0.34679E-05    0.44991E-04    0.25690E-04   -0.23647E-01   -0.17901E-01   -0.13341E-01   -0.10652E-03    0.70827E-03    0.52164E-03   -0.36124E-04   -0.29171E-04    0.33558E-04   -0.13311E-06   -0.74768E-07   -0.16012E-03   -0.86870E-03   -0.31906E-03   -0.21516E-03    0.10171E-03   -0.11201E-04    0.83651E-04    0.15488E-04    0.95173E-04   -0.55004E-05   -0.15690E-03    0.42374E-04   -0.22502E-03   -0.29364E-03    0.14286E-03    0.16468E-03    0.12995E-03   -0.12329E-03   -0.94461E-04    0.18657E-03   -0.12883E-03   -0.14062E-03    0.80360E-05    0.11554E-02    0.31357E-03    0.21552E-03    0.15306E-02   -0.18221E-04   -0.45587E-04    0.24358E-05    0.43631E-05    0.11720E-04    0.76730E-05    0.72767E-05    0.86692E-05    0.70826E-05    0.14753E-04    0.15301E-04    0.72952E-05
    0.12467E-05   -0.16693E-05    0.20801E-05    0.36374E-03    0.91460E-04    0.25690E-04    0.72829E-03   -0.29157E-01   -0.32589E-01   -0.16724E-01   -0.51461E-03   -0.28191E-02   -0.85922E-03   -0.11906E-03   -0.34224E-04   -0.16394E-04   -0.19506E-07    0.82944E-06   -0.35927E-04   -0.19265E-02   -0.26568E-03    0.48797E-03   -0.73938E-03   -0.68863E-03   -0.80637E-03   -0.15997E-04    0.20947E-03   -0.84194E-03    0.23965E-03   -0.19456E-03   -0.25758E-04    0.25834E-03   -0.78774E-03    0.31733E-04    0.56736E-05    0.12719E-03   -0.24388E-03   -0.23534E-03    0.57029E-03   -0.29931E-03    0.52928E-03    0.65795E-02    0.20867E-02    0.95598E-03    0.36564E-02   -0.74529E-04   -0.11171E-03   -0.45078E-05    0.16469E-03    0.16217E-03    0.14176E-04    0.16673E-04    0.20821E-04    0.22506E-04    0.11336E-04    0.25227E-04    0.10808E-04
   -0.31534E-03    0.91092E-03    0.71410E-03   -0.94053E-02   -0.18577E-02   -0.23647E-01   -0.29157E-01    0.16338E+04    0.88967E+02    0.20444E+02   -0.93297E+00   -0.75296E+01   -0.13038E+02   -0.15809E+00   -0.80323E-01   -0.13264E+00    0.15055E-02   -0.25615E-02    0.10592E+01    0.10227E+02    0.16339E+02   -0.81023E+01    0.83998E+00    0.11609E+01   -0.96121E+00   -0.21821E+01   -0.53228E+01   -0.24873E+01   -0.91737E-01   -0.94558E+00   -0.81442E+00    0.20496E+00   -0.16844E+01   -0.23478E+01   -0.21949E+01   -0.96967E+00   -0.36554E+01   -0.34539E+01    0.71450E+00    0.29890E+01    0.24704E+00    0.41034E+01    0.53114E+01   -0.58157E+00    0.11893E+02   -0.18345E+00   -0.53438E+00   -0.10188E+00   -0.34257E-01   -0.25267E-01   -0.42556E-01    0.10499E-01   -0.15766E-01    0.56164E-03   -0.63378E-01   -0.35221E-01    0.82588E-02
   -0.64323E-03    0.19779E-02   -0.14965E-03   -0.16956E-01    0.18486E-01   -0.17901E-01   -0.32589E-01    0.88967E+02    0.64938E+02    0.15716E+02    0.74441E-01    0.22756E+00   -0.23423E+01    0.31560E-01    0.12596E-01   -0.22217E-01    0.18347E-03   -0.93166E-03    0.15689E+00    0.81615E+00   -0.10299E+00   -0.17458E+00   -0.25702E+00    0.84626E-01    0.16669E+00    0.19051E+00   -0.26857E+00   -0.29292E+00   -0.58387E-01    0.38013E-01   -0.36584E+00    0.24655E+00   -0.14809E+00   -0.15156E+00   -0.52833E-01    0.79364E-02   -0.25780E+00   -0.35079E+00    0.82939E-01    0.15330E+00    0.16992E+00   -0.16315E+01    0.10864E+01   -0.28506E+00   -0.85856E+00   -0.86470E-02   -0.78014E-01   -0.31663E-01   -0.33139E-01   -0.26733E-01   -0.14452E-01   -0.66810E-02   -0.14837E-01   -0.67188E-02   -0.18970E-01   -0.19548E-01   -0.99833E-02
   -0.61010E-03    0.16725E-02   -0.33436E-03   -0.94171E-02    0.26062E-01   -0.13341E-01   -0.16724E-01    0.20444E+02    0.15716E+02    0.92971E+02   -0.11976E+01   -0.33860E+02   -0.43549E-01   -0.34279E+00   -0.38972E-01   -0.45117E+00    0.42608E-04    0.31603E-03    0.99515E-01    0.16526E+01    0.11954E+00    0.94652E-01    0.85279E-01   -0.45899E-01    0.16370E+00    0.19619E+00   -0.64631E-01    0.21542E+00   -0.85913E-02    0.12112E+00    0.27893E+00    0.16787E+00   -0.61663E-01    0.20969E+00    0.40784E+00    0.32922E+00    0.78120E-01    0.47855E-03   -0.28219E+00   -0.17420E+00    0.88008E-01    0.16776E+02   -0.70236E+00    0.59840E+00    0.91827E+01   -0.56490E-01   -0.93212E-01    0.76445E-02    0.53008E-01    0.45669E-01   -0.67426E-02   -0.27138E-01   -0.25279E-02   -0.30768E-01   -0.80102E-03   -0.10122E-01   -0.55133E-01
    0.21494E-05    0.54266E-04   -0.18218E-04   -0.30601E-03    0.30988E-03   -0.10652E-03   -0.51461E-03   -0.93297E+00    0.74441E-01   -0.11976E+01    0.64592E+00    0.12490E+01    0.54816E+00    0.27929E-02   -0.40766E-02   -0.80660E-03   -0.22855E-05    0.71563E-04    0.30865E-02   -0.94810E+00   -0.11885E-02   -0.26896E-01   -0.15990E-01   -0.24080E-01    0.81629E-02   -0.52471E-03    0.15325E-01    0.66526E-03   -0.10899E-01   -0.28363E-01    0.24499E-01   -0.35001E-01    0.15703E-01   -0.20800E-01    0.24225E-02    0.84222E-02    0.16274E-01    0.51508E-02    0.25793E-01   -0.47140E-02    0.48938E-01   -0.25909E+00   -0.20890E+00   -0.19758E-01   -0.14896E+00    0.47038E-01    0.43835E-01   -0.39232E-02    0.21470E-02   -0.67440E-02    0.11844E-03    0.20133E-03    0.17728E-03    0.14608E-03   -0.11605E-02    0.55674E-03    0.19342E-02
    0.79145E-04    0.31896E-04    0.76127E-04   -0.18364E-02   -0.12511E-01    0.70827E-03   -0.28191E-02   -0.75296E+01    0.22756E+00   -0.33860E+02    0.12490E+01    0.21228E+02    0.20621E+01    0.21215E+00    0.29409E-01    0.28400E+00    0.25322E-04   -0.19555E-03   -0.36128E+00   -0.44224E+01    0.65717E-01   -0.14252E+00   -0.82679E-01   -0.74894E-01   -0.10946E+00   -0.50488E-01    0.11385E+00   -0.14918E+00    0.22125E+00   -0.22506E+00   -0.16910E+00   -0.39499E+00   -0.45418E-01   -0.28361E+00   -0.35278E+00   -0.17466E+00   -0.17128E-01    0.34356E-02    0.30309E+00    0.26939E+00   -0.28154E+00   -0.11482E+02   -0.29234E+00   -0.71056E+00   -0.78587E+01    0.71722E-01    0.89980E-01   -0.12329E-01   -0.14536E-01   -0.47149E-01   -0.78092E-03    0.49560E-02   -0.27254E-02    0.83791E-02   -0.35007E-02   -0.20687E-02    0.22058E-01
    0.23409E-04   -0.10071E-04    0.65404E-05   -0.51483E-03    0.57155E-03    0.52164E-03   -0.85922E-03   -0.13038E+02   -0.23423E+01   -0.43549E-01    0.54816E+00    0.20621E+01    0.20197E+01    0.20651E-01    0.25974E-01    0.16966E-01    0.63405E-05   -0.11290E-03   -0.18757E+00   -0.23999E+01    0.67424E-01   -0.24469E-03   -0.95851E-02   -0.34053E-01    0.10229E-01    0.69642E-01    0.34180E-01   -0.70014E-02    0.32146E-01   -0.45944E-01   -0.50580E-01   -0.53387E-01   -0.79053E-02   -0.22705E-01   -0.50873E-01    0.82603E-02    0.27309E-01   -0.76235E-02    0.24121E-01    0.22292E-01   -0.60743E-01   -0.95909E+00   -0.82178E+00   -0.87638E-01   -0.13151E+01    0.45625E-01    0.74410E-01   -0.23117E-02    0.52967E-03   -0.46909E-02    0.43076E-03   -0.31002E-02    0.46066E-03   -0.26998E-02    0.36657E-02    0.66235E-03   -0.86238E-03
   -0.13293E-05    0.61902E-05    0.66934E-07   -0.66125E-04   -0.93817E-04   -0.36124E-04   -0.11906E-03   -0.15809E+00    0.31560E-01   -0.34279E+00    0.27929E-02    0.21215E+00    0.20651E-01    0.44617E-02    0.49089E-04    0.30691E-02    0.48181E-06   -0.28658E-05   -0.13161E-02   -0.21629E-01    0.82570E-03    0.29640E-02    0.11009E-02    0.77208E-03   -0.11614E-02    0.15860E-02   -0.24004E-02    0.78027E-03   -0.20015E-02    0.77933E-05   -0.31684E-02    0.33812E-02   -0.12044E-02   -0.13959E-03   -0.20376E-02   -0.91198E-03    0.10094E-02   -0.30435E-02   -0.13516E-02   -0.14621E-02   -0.15476E-03   -0.14436E+00   -0.90396E-02   -0.39118E-02   -0.10661E+00    0.47460E-03    0.18871E-02    0.32101E-03    0.10154E-03   -0.23876E-04   -0.35368E-04   -0.38024E-05   -0.55560E-04    0.30028E-04    0.31345E-04   -0.62575E-04    0.19026E-03
   -0.56486E-06    0.63769E-05   -0.17979E-06   -0.24400E-04    0.48081E-04   -0.29171E-04   -0.34224E-04   -0.80323E-01    0.12596E-01   -0.38972E-01   -0.40766E-02    0.29409E-01    0.25974E-01    0.49089E-04    0.33283E-02   -0.28699E-03    0.54120E-06    0.64065E-05   -0.11135E-02   -0.16386E-01    0.13178E-02   -0.39574E-03   -0.92716E-03   -0.84217E-04   -0.45945E-03   -0.11071E-02    0.67295E-04   -0.64708E-03    0.32068E-03    0.12565E-02   -0.36905E-03   -0.10468E-02   -0.72761E-04    0.15745E-02   -0.12212E-02   -0.93560E-03   -0.14231E-02    0.12200E-02    0.85669E-03    0.78971E-03    0.62087E-02   -0.40995E-03   -0.14597E-01    0.39587E-02   -0.69623E-05    0.18470E-03    0.17603E-02   -0.45089E-03   -0.17816E-03    0.88089E-04   -0.12101E-04    0.19318E-04    0.39187E-05    0.14409E-04    0.86212E-04   -0.25984E-06    0.70037E-04
    0.17123E-05   -0.55251E-05    0.23399E-05   -0.10117E-04   -0.19830E-03    0.33558E-04   -0.16394E-04   -0.13264E+00   -0.22217E-01   -0.45117E+00   -0.80660E-03    0.28400E+00    0.16966E-01    0.30691E-02   -0.28699E-03    0.51945E-02   -0.18933E-06   -0.12056E-04   -0.54127E-02   -0.35276E-01    0.34046E-02   -0.49661E-02   -0.13370E-02   -0.10629E-03   -0.13322E-02    0.14223E-02    0.47141E-02   -0.43540E-02    0.85618E-02   -0.61224E-02   -0.68594E-02   -0.11049E-01   -0.18775E-02   -0.61724E-02   -0.86113E-02   -0.41150E-02   -0.20379E-03    0.29923E-02    0.83306E-02    0.10150E-01   -0.72202E-02   -0.18659E+00   -0.94581E-03   -0.10301E-01   -0.13653E+00   -0.27959E-03    0.21082E-03    0.22327E-03   -0.23132E-03   -0.38820E-03    0.26862E-05    0.19515E-04   -0.39532E-04    0.80224E-04    0.23344E-04   -0.40270E-04    0.24019E-03
    0.43535E-08   -0.12444E-07    0.54222E-08   -0.35456E-07    0.34295E-06   -0.13311E-06   -0.19506E-07    0.15055E-02    0.18347E-03    0.42608E-04   -0.22855E-05    0.25322E-04    0.63405E-05    0.48181E-06    0.54120E-06   -0.18933E-06    0.15378E-06   -0.10585E-07   -0.28975E-05   -0.26746E-04   -0.37327E-04   -0.65916E-05    0.12770E-05   -0.57907E-05    0.11121E-04    0.37668E-05    0.50367E-05    0.11033E-04    0.12563E-04    0.14340E-05    0.16472E-04   -0.67696E-05    0.21097E-05    0.14920E-05    0.96100E-05    0.93319E-05    0.11379E-04   -0.93081E-06   -0.53111E-06    0.22604E-05   -0.11773E-06    0.15215E-04    0.11220E-04   -0.14878E-05    0.48091E-05    0.12296E-06   -0.51541E-06   -0.25151E-06    0.18645E-06   -0.64402E-06   -0.32939E-07    0.55487E-07    0.65730E-07    0.20880E-07    0.14148E-06   -0.20310E-06    0.26405E-07
    0.52513E-09    0.10265E-06    0.69131E-08    0.12913E-06   -0.16369E-05   -0.74768E-07    0.82944E-06   -0.25615E-02   -0.93166E-03    0.31603E-03    0.71563E-04   -0.19555E-03   -0.11290E-03   -0.28658E-05    0.64065E-05   -0.12056E-04   -0.10585E-07    0.11333E-05    0.39465E-04    0.13073E-03    0.11515E-03    0.60504E-04   -0.14018E-04   -0.55092E-05   -0.75499E-07    0.41065E-03    0.40524E-04    0.38482E-04   -0.35012E-04    0.49478E-04   -0.34289E-03    0.20612E-04   -0.85885E-04    0.65003E-04   -0.53103E-05    0.68130E-04    0.91746E-04   -0.25671E-04   -0.11668E-03    0.95195E-05    0.62542E-04    0.31074E-03    0.61036E-04    0.39666E-04    0.52077E-03    0.56564E-05    0.59230E-05   -0.17420E-05    0.21123E-05    0.49425E-05    0.26976E-06    0.61461E-06    0.44111E-06    0.10895E-05    0.45316E-06    0.62167E-06    0.84683E-06
   -0.73531E-05    0.17479E-04   -0.85846E-05   -0.90137E-05    0.52861E-03   -0.16012E-03   -0.35927E-04    0.10592E+01    0.15689E+00    0.99515E-01    0.30865E-02   -0.36128E+00   -0.18757E+00   -0.13161E-02   -0.11135E-02   -0.54127E-02   -0.28975E-05    0.39465E-04    0.63751E-01    0.35583E+00   -0.30398E-02    0.21992E-02    0.40978E-02    0.48995E-02    0.19006E-02   -0.68556E-03    0.21810E-02    0.13067E-01   -0.10700E-01   -0.14404E-02    0.40990E-02    0.38412E-02    0.56699E-02    0.88235E-02    0.92772E-02   -0.18903E-02    0.11620E-01    0.47065E-02   -0.52531E-02   -0.50661E-02    0.52723E-01    0.14666E+00    0.95299E-02    0.51460E-01    0.19911E+00    0.36593E-02    0.72916E-02    0.13083E-02    0.98061E-03    0.28772E-02    0.51260E-04    0.32622E-03    0.49921E-04    0.17567E-03   -0.18642E-03    0.15410E-03    0.42124E-03
   -0.60744E-04   -0.15433E-03   -0.51012E-05   -0.53949E-03    0.46744E-02   -0.86870E-03   -0.19265E-02    0.10227E+02    0.81615E+00    0.16526E+01   -0.94810E+00   -0.44224E+01   -0.23999E+01   -0.21629E-01   -0.16386E-01   -0.35276E-01   -0.26746E-04    0.13073E-03    0.35583E+00    0.45569E+01   -0.57386E-01    0.37560E-01    0.59689E-01    0.64030E-01    0.46784E-02   -0.43601E-01   -0.34209E-01    0.46660E-01   -0.93632E-01    0.77261E-01   -0.18393E-01    0.63345E-01   -0.67919E-02    0.39963E-01    0.56695E-01   -0.35834E-01   -0.25515E-01    0.16535E-01   -0.10191E+00   -0.54184E-01    0.45041E-01    0.16661E+01    0.40875E+00    0.21406E+00    0.18604E+01   -0.56195E-01   -0.39992E-01    0.17683E-01   -0.97046E-03    0.15244E-01    0.86537E-03    0.41940E-02    0.54025E-03    0.27130E-02    0.61651E-03    0.11784E-02    0.13495E-02
   -0.13915E-04    0.13200E-03   -0.26978E-05   -0.47160E-03   -0.61275E-04   -0.31906E-03   -0.26568E-03    0.16339E+02   -0.10299E+00    0.11954E+00   -0.11885E-02    0.65717E-01    0.67424E-01    0.82570E-03    0.13178E-02    0.34046E-02   -0.37327E-04    0.11515E-03   -0.30398E-02   -0.57386E-01    0.68566E+00   -0.16151E+00    0.16435E-01    0.43754E-01   -0.54908E-02    0.20067E+00   -0.45036E-01   -0.45876E-01   -0.14397E-01   -0.62903E-01    0.36906E-02    0.28878E-01   -0.58859E-01   -0.65858E-01   -0.11211E+00    0.16236E+00    0.28169E-01   -0.17694E-01    0.23591E-01    0.77721E-01    0.24770E-02   -0.38678E-01   -0.56170E-01   -0.74961E-02   -0.56353E-01    0.18006E-03    0.33684E-02    0.34836E-03   -0.16517E-02   -0.13363E-02   -0.13031E-03    0.17298E-04    0.29196E-03   -0.20773E-03    0.26075E-03   -0.10819E-03   -0.82338E-04
   -0.64105E-05    0.68965E-05    0.11462E-05    0.19108E-03   -0.49679E-03   -0.21516E-03    0.48797E-03   -0.81023E+01   -0.17458E+00    0.94652E-01   -0.26896E-01   -0.14252E+00   -0.24469E-03    0.29640E-02   -0.39574E-03   -0.49661E-02   -0.65916E-05    0.60504E-04    0.21992E-02    0.37560E-01   -0.16151E+00    0.89701E+00   -0.86918E-03   -0.29577E-01    0.15183E-01   -0.12616E+00    0.19863E+00    0.98615E-01   -0.12876E-01    0.48927E-01   -0.10215E+00    0.50072E-01    0.38416E-01    0.27008E-01    0.14133E+00   -0.20430E+00    0.76228E-01    0.12151E+00   -0.84386E-02   -0.20122E+00    0.25332E-03   -0.11450E-01   -0.84030E-02    0.80377E-02    0.26400E-01   -0.53231E-03    0.79121E-03    0.78759E-03    0.45362E-02    0.30315E-02    0.95513E-04   -0.31127E-03    0.24444E-04   -0.43483E-03    0.97940E-04   -0.66782E-04    0.13863E-05
    0.21986E-05   -0.67579E-04   -0.40153E-05   -0.27591E-03    0.85281E-04    0.10171E-03   -0.73938E-03    0.83998E+00   -0.25702E+00    0.85279E-01   -0.15990E-01   -0.82679E-01   -0.95851E-02    0.11009E-02   -0.92716E-03   -0.13370E-02    0.12770E-05   -0.14018E-04    0.40978E-02    0.59689E-01    0.16435E-01   -0.86918E-03    0.10162E+01   -0.18671E-02    0.21394E-01   -0.75858E-01   -0.34688E-01    0.17519E+00   -0.32121E-01    0.85160E-01   -0.35930E-01    0.66151E-02   -0.12508E-02   -0.34844E-01    0.90465E-01   -0.97194E-01    0.11296E-01    0.12273E-01   -0.19570E+00    0.77469E-01    0.19297E-02    0.50712E-01   -0.32741E-01    0.45767E-02    0.43942E-01   -0.83762E-03   -0.75743E-03    0.83648E-03   -0.17961E-03    0.91708E-04    0.32949E-04    0.24862E-03    0.40431E-03    0.33073E-03    0.17140E-03    0.19796E-03   -0.32593E-03
   -0.35938E-05    0.32416E-04    0.15485E-05   -0.37986E-03    0.17743E-02   -0.11201E-04   -0.68863E-03    0.11609E+01    0.84626E-01   -0.45899E-01   -0.24080E-01   -0.74894E-01   -0.34053E-01    0.77208E-03   -0.84217E-04   -0.10629E-03   -0.57907E-05   -0.55092E-05    0.48995E-02    0.64030E-01    0.43754E-01   -0.29577E-01   -0.18671E-02    0.95799E+00   -0.26181E-01    0.80911E-01   -0.61389E-01    0.32132E-01   -0.86082E-01    0.38190E-01    0.39126E-01    0.13545E+00    0.34167E-01    0.11486E+00   -0.11887E+00    0.92350E-01    0.29949E-01    0.12087E-01   -0.84471E-01    0.70920E-01    0.15994E-01   -0.38776E-02    0.26783E-01    0.32685E-02    0.19042E+00   -0.28331E-02   -0.30047E-02    0.43030E-03    0.56124E-03    0.21264E-02    0.15450E-03    0.21006E-03    0.10666E-03   -0.83793E-04    0.60185E-03    0.15046E-03    0.46170E-03
   -0.19851E-05    0.20970E-04    0.17993E-04   -0.43680E-03    0.27024E-03    0.83651E-04   -0.80637E-03   -0.96121E+00    0.16669E+00    0.16370E+00    0.81629E-02   -0.10946E+00    0.10229E-01   -0.11614E-02   -0.45945E-03   -0.13322E-02    0.11121E-04   -0.75499E-07    0.19006E-02    0.46784E-02   -0.54908E-02    0.15183E-01    0.21394E-01   -0.26181E-01    0.99193E+00    0.65307E-01    0.42541E-01   -0.19969E-01    0.64695E-01    0.79103E-01    0.93029E-01   -0.10940E+00   -0.10762E+00    0.91181E-01    0.32529E-01    0.13083E+00   -0.61852E-01    0.95396E-01   -0.56202E-01    0.22140E-01   -0.10247E-01    0.98730E-01   -0.14431E-01    0.16983E-02    0.42416E-01    0.16700E-02    0.52769E-03    0.76776E-03    0.77574E-02    0.30272E-02    0.15461E-03    0.47240E-04    0.11192E-03    0.23619E-04    0.10396E-02    0.23753E-03   -0.25494E-03
   -0.53274E-06    0.15249E-03    0.93174E-05   -0.35345E-03   -0.68549E-03    0.15488E-04   -0.15997E-04   -0.21821E+01    0.19051E+00    0.19619E+00   -0.52471E-03   -0.50488E-01    0.69642E-01    0.15860E-02   -0.11071E-02    0.14223E-02    0.37668E-05    0.41065E-03   -0.68556E-03   -0.43601E-01    0.20067E+00   -0.12616E+00   -0.75858E-01    0.80911E-01    0.65307E-01    0.78425E+00   -0.89962E-02   -0.44954E-02   -0.25857E-02   -0.33447E-01    0.98985E-01    0.94169E-01   -0.99972E-01    0.20024E-01   -0.84669E-01    0.64002E+00    0.23994E+00   -0.38325E-01   -0.26989E-01    0.86479E-01   -0.64258E-03   -0.35445E-01   -0.43433E-01    0.76635E-02    0.19017E+00    0.17310E-03    0.23687E-02    0.13272E-02   -0.33738E-02    0.42642E-02    0.31148E-03   -0.21825E-03    0.15628E-03   -0.50668E-05    0.13474E-02    0.22543E-03    0.45030E-03
    0.30193E-05   -0.32376E-04    0.85751E-05    0.33609E-04   -0.34890E-03    0.95173E-04    0.20947E-03   -0.53228E+01   -0.26857E+00   -0.64631E-01    0.15325E-01    0.11385E+00    0.34180E-01   -0.24004E-02    0.67295E-04    0.47141E-02    0.50367E-05    0.40524E-04    0.21810E-02   -0.34209E-01   -0.45036E-01    0.19863E+00   -0.34688E-01   -0.61389E-01    0.42541E-01   -0.89962E-02    0.99513E+00    0.18885E-01   -0.24237E-01    0.29395E-02    0.69201E-01    0.14848E-01   -0.63580E-01    0.23967E-01    0.15368E+00   -0.64750E-01    0.26650E+00    0.77843E+00    0.27277E+00   -0.19899E+00    0.21166E-01   -0.14056E+00   -0.27141E-01    0.81164E-02   -0.95472E-01    0.12963E-02    0.45166E-02    0.68956E-04    0.15070E-03   -0.37287E-02    0.26198E-03   -0.45395E-03    0.59809E-04   -0.69635E-04    0.34617E-03   -0.17507E-04   -0.50530E-03
   -0.30175E-06   -0.12613E-04   -0.16395E-05   -0.42329E-03    0.57142E-03   -0.55004E-05   -0.84194E-03   -0.24873E+01   -0.29292E+00    0.21542E+00    0.66526E-03   -0.14918E+00   -0.70014E-02    0.78027E-03   -0.64708E-03   -0.43540E-02    0.11033E-04    0.38482E-04    0.13067E-01    0.46660E-01   -0.45876E-01    0.98615E-01    0.17519E+00    0.32132E-01   -0.19969E-01   -0.44954E-02    0.18885E-01    0.97291E+00    0.86128E-02   -0.13500E-01    0.47377E-01   -0.64563E-01    0.14376E+00    0.12858E+00   -0.13133E+00   -0.21873E+00    0.63244E+00    0.12839E+00   -0.57139E+00    0.17628E+00    0.10204E-01    0.56011E-01   -0.50299E-01    0.25297E-02    0.11148E+00    0.22234E-02    0.30957E-02    0.69165E-03   -0.21438E-02   -0.16861E-02    0.19786E-03    0.26708E-03    0.57427E-04    0.83550E-04    0.43715E-04    0.99297E-04    0.11948E-04
    0.11362E-04    0.79425E-04    0.23403E-05    0.17998E-04   -0.11720E-02   -0.15690E-03    0.23965E-03   -0.91737E-01   -0.58387E-01   -0.85913E-02   -0.10899E-01    0.22125E+00    0.32146E-01   -0.20015E-02    0.32068E-03    0.85618E-02    0.12563E-04   -0.35012E-04   -0.10700E-01   -0.93632E-01   -0.14397E-01   -0.12876E-01   -0.32121E-01   -0.86082E-01    0.64695E-01   -0.25857E-02   -0.24237E-01    0.86128E-02    0.10105E+01   -0.38028E-01   -0.21338E-01   -0.96811E-01   -0.15098E+00   -0.30807E-01   -0.90537E-01   -0.78091E-01    0.10979E+00   -0.93651E-01    0.31618E+00    0.67794E+00    0.58743E-03   -0.14968E+00   -0.52900E-01    0.77281E-02   -0.17886E+00    0.19271E-02    0.14873E-02   -0.29407E-03    0.76832E-02    0.18896E-02    0.46387E-04   -0.12617E-03   -0.77011E-04   -0.16139E-04   -0.26259E-03    0.55304E-04    0.34423E-03
   -0.64201E-06   -0.28115E-04   -0.50649E-05   -0.24343E-04   -0.47211E-03    0.42374E-04   -0.19456E-03   -0.94558E+00    0.38013E-01    0.12112E+00   -0.28363E-01   -0.22506E+00   -0.45944E-01    0.77933E-05    0.12565E-02   -0.61224E-02    0.14340E-05    0.49478E-04   -0.14404E-02    0.77261E-01   -0.62903E-01    0.48927E-01    0.85160E-01    0.38190E-01    0.79103E-01   -0.33447E-01    0.29395E-02   -0.13500E-01   -0.38028E-01    0.98599E+00   -0.73043E-01    0.72788E-01    0.31047E-01    0.15494E+00    0.36789E-01    0.98326E-01   -0.57890E+00    0.38402E+00   -0.35911E+00    0.18672E+00    0.70317E-03    0.14036E+00    0.59711E-01    0.52189E-02    0.10739E+00   -0.32052E-02   -0.30685E-02   -0.18695E-03    0.86777E-02    0.16298E-02   -0.92561E-04    0.32656E-04    0.13191E-03    0.10305E-03   -0.40897E-04   -0.79042E-04    0.16104E-04
   -0.12444E-04    0.14027E-03   -0.32112E-04   -0.19363E-03    0.75900E-03   -0.22502E-03   -0.25758E-04   -0.81442E+00   -0.36584E+00    0.27893E+00    0.24499E-01   -0.16910E+00   -0.50580E-01   -0.31684E-02   -0.36905E-03   -0.68594E-02    0.16472E-04   -0.34289E-03    0.40990E-02   -0.18393E-01    0.36906E-02   -0.10215E+00   -0.35930E-01    0.39126E-01    0.93029E-01    0.98985E-01    0.69201E-01    0.47377E-01   -0.21338E-01   -0.73043E-01    0.85463E+00   -0.57418E-02   -0.27725E-01   -0.22968E-01    0.19514E-01    0.61535E+00    0.17571E+00    0.11812E+00    0.79560E-01   -0.11028E+00    0.10479E-01    0.24316E+00    0.40888E-02    0.10239E-01    0.28264E+00    0.10042E-02   -0.15887E-02   -0.15574E-02   -0.46713E-04   -0.41614E-02   -0.62549E-05    0.88318E-04    0.11070E-03    0.34924E-03   -0.66840E-03   -0.22151E-03    0.24103E-03
   -0.10918E-04    0.90631E-04   -0.25222E-04    0.20987E-04    0.15587E-02   -0.29364E-03    0.25834E-03    0.20496E+00    0.24655E+00    0.16787E+00   -0.35001E-01   -0.39499E+00   -0.53387E-01    0.33812E-02   -0.10468E-02   -0.11049E-01   -0.67696E-05    0.20612E-04    0.38412E-02    0.63345E-01    0.28878E-01    0.50072E-01    0.66151E-02    0.13545E+00   -0.10940E+00    0.94169E-01    0.14848E-01   -0.64563E-01   -0.96811E-01    0.72788E-01   -0.57418E-02    0.10156E+01    0.41920E-01   -0.28651E-01    0.20585E-01    0.72170E-01    0.16280E+00    0.22139E-01    0.17419E+00    0.11485E+00    0.18059E-01    0.30455E+00    0.39399E-01    0.39362E-02    0.23207E+00   -0.29520E-02   -0.43824E-02   -0.81969E-04   -0.57387E-03    0.43470E-02   -0.10860E-03    0.51776E-03   -0.17042E-03   -0.18705E-03    0.14238E-03   -0.16699E-04    0.22694E-03
    0.16372E-05   -0.66932E-04    0.53628E-05   -0.28893E-03    0.88625E-03    0.14286E-03   -0.78774E-03   -0.16844E+01   -0.14809E+00   -0.61663E-01    0.15703E-01   -0.45418E-01   -0.79053E-02   -0.12044E-02   -0.72761E-04   -0.18775E-02    0.21097E-05   -0.85885E-04    0.56699E-02   -0.67919E-02   -0.58859E-01    0.38416E-01   -0.12508E-02    0.34167E-01   -0.10762E+00   -0.99972E-01   -0.63580E-01    0.14376E+00   -0.15098E+00    0.31047E-01   -0.27725E-01    0.41920E-01    0.10051E+01    0.12818E-01    0.73917E-02   -0.13311E+00    0.54706E-01    0.15396E+00    0.19073E-01   -0.67207E-01    0.89817E-02    0.32605E-01    0.11184E-01    0.59255E-02    0.75793E-02    0.11695E-03   -0.12617E-02   -0.26549E-03   -0.32580E-02   -0.14024E-02   -0.77126E-04    0.29097E-03   -0.14369E-03   -0.11822E-03   -0.28779E-03    0.14416E-04   -0.78524E-03
    0.27347E-05   -0.46780E-05   -0.95440E-05    0.46178E-04   -0.40617E-03    0.16468E-03    0.31733E-04   -0.23478E+01   -0.15156E+00    0.20969E+00   -0.20800E-01   -0.28361E+00   -0.22705E-01   -0.13959E-03    0.15745E-02   -0.61724E-02    0.14920E-05    0.65003E-04    0.88235E-02    0.39963E-01   -0.65858E-01    0.27008E-01   -0.34844E-01    0.11486E+00    0.91181E-01    0.20024E-01    0.23967E-01    0.12858E+00   -0.30807E-01    0.15494E+00   -0.22968E-01   -0.28651E-01    0.12818E-01    0.93099E+00    0.36189E-01   -0.12964E-01    0.90728E-02    0.15003E+00   -0.23506E+00    0.12923E+00    0.98154E-02    0.14031E+00    0.71534E-01    0.22152E-01    0.17120E+00   -0.34760E-02   -0.13359E-02    0.22089E-03    0.30131E-03    0.47820E-03   -0.10988E-03   -0.26126E-03    0.25401E-03   -0.12731E-03    0.53969E-03    0.14342E-03    0.40356E-03
   -0.10197E-05   -0.75933E-04   -0.40642E-05    0.16620E-03    0.89530E-03    0.12995E-03    0.56736E-05   -0.21949E+01   -0.52833E-01    0.40784E+00    0.24225E-02   -0.35278E+00   -0.50873E-01   -0.20376E-02   -0.12212E-02   -0.86113E-02    0.96100E-05   -0.53103E-05    0.92772E-02    0.56695E-01   -0.11211E+00    0.14133E+00    0.90465E-01   -0.11887E+00    0.32529E-01   -0.84669E-01    0.15368E+00   -0.13133E+00   -0.90537E-01    0.36789E-01    0.19514E-01    0.20585E-01    0.73917E-02    0.36189E-01    0.95299E+00   -0.34308E-01   -0.68886E-01    0.59908E-01    0.15120E+00   -0.83270E-01    0.10621E-01    0.27416E+00    0.47132E-01    0.77076E-02    0.21858E+00   -0.12691E-02   -0.24974E-02   -0.18774E-03   -0.28853E-02   -0.14947E-02   -0.15092E-03   -0.10970E-03    0.67256E-04   -0.68101E-04    0.62743E-03    0.12483E-04    0.51455E-03
   -0.90988E-05    0.20163E-03   -0.14819E-04   -0.28715E-03   -0.22980E-03   -0.12329E-03    0.12719E-03   -0.96967E+00    0.79364E-02    0.32922E+00    0.84222E-02   -0.17466E+00    0.82603E-02   -0.91198E-03   -0.93560E-03   -0.41150E-02    0.93319E-05    0.68130E-04   -0.18903E-02   -0.35834E-01    0.16236E+00   -0.20430E+00   -0.97194E-01    0.92350E-01    0.13083E+00    0.64002E+00   -0.64750E-01   -0.21873E+00   -0.78091E-01    0.98326E-01    0.61535E+00    0.72170E-01   -0.13311E+00   -0.12964E-01   -0.34308E-01    0.97565E+00   -0.24327E-01    0.19311E-01    0.29539E-01   -0.36184E-01    0.15221E-03    0.16260E+00   -0.47857E-02    0.10897E-01    0.33466E+00   -0.61844E-03   -0.11784E-02   -0.19889E-03   -0.60077E-03    0.13063E-02    0.14243E-03   -0.10472E-03    0.19290E-03    0.22387E-03    0.50256E-03   -0.29380E-04    0.48806E-03
   -0.18867E-05    0.77766E-04   -0.42059E-05   -0.30941E-03    0.94561E-03   -0.94461E-04   -0.24388E-03   -0.36554E+01   -0.25780E+00    0.78120E-01    0.16274E-01   -0.17128E-01    0.27309E-01    0.10094E-02   -0.14231E-02   -0.20379E-03    0.11379E-04    0.91746E-04    0.11620E-01   -0.25515E-01    0.28169E-01    0.76228E-01    0.11296E-01    0.29949E-01   -0.61852E-01    0.23994E+00    0.26650E+00    0.63244E+00    0.10979E+00   -0.57890E+00    0.17571E+00    0.16280E+00    0.54706E-01    0.90728E-02   -0.68886E-01   -0.24327E-01    0.10126E+01    0.34840E-02    0.51532E-01    0.13812E-01    0.18673E-01   -0.19877E-01   -0.74987E-01    0.70601E-02    0.98896E-01    0.36895E-02    0.46626E-02    0.66386E-03   -0.67974E-02   -0.15552E-03    0.30184E-03    0.78848E-04    0.18305E-04   -0.35052E-04    0.53804E-03    0.13823E-03    0.14224E-03
    0.16662E-06   -0.41326E-04   -0.98983E-06   -0.14154E-03   -0.68810E-03    0.18657E-03   -0.23534E-03   -0.34539E+01   -0.35079E+00    0.47855E-03    0.51508E-02    0.34356E-02   -0.76235E-02   -0.30435E-02    0.12200E-02    0.29923E-02   -0.93081E-06   -0.25671E-04    0.47065E-02    0.16535E-01   -0.17694E-01    0.12151E+00    0.12273E-01    0.12087E-01    0.95396E-01   -0.38325E-01    0.77843E+00    0.12839E+00   -0.93651E-01    0.38402E+00    0.11812E+00    0.22139E-01    0.15396E+00    0.15003E+00    0.59908E-01    0.19311E-01    0.34840E-02    0.98733E+00   -0.17435E-01   -0.31700E-01    0.24587E-01   -0.81331E-01    0.21693E-01    0.10063E-01   -0.90868E-01   -0.30372E-03    0.20695E-02   -0.51499E-03    0.15105E-02   -0.58338E-02    0.24544E-03   -0.31093E-03    0.12557E-03   -0.45524E-05    0.78070E-04   -0.52122E-04   -0.46240E-03
    0.74308E-06    0.49656E-04    0.32906E-05    0.21508E-03    0.18067E-03   -0.12883E-03    0.57029E-03    0.71450E+00    0.82939E-01   -0.28219E+00    0.25793E-01    0.30309E+00    0.24121E-01   -0.13516E-02    0.85669E-03    0.83306E-02   -0.53111E-06   -0.11668E-03   -0.52531E-02   -0.10191E+00    0.23591E-01   -0.84386E-02   -0.19570E+00   -0.84471E-01   -0.56202E-01   -0.26989E-01    0.27277E+00   -0.57139E+00    0.31618E+00   -0.35911E+00    0.79560E-01    0.17419E+00    0.19073E-01   -0.23506E+00    0.15120E+00    0.29539E-01    0.51532E-01   -0.17435E-01    0.95319E+00    0.79331E-02    0.13352E-01   -0.15143E+00    0.14909E-01    0.35644E-02   -0.21750E+00    0.10214E-02    0.53392E-03   -0.11160E-02   -0.92419E-03   -0.12721E-02   -0.15033E-03   -0.31412E-03   -0.13585E-03   -0.14457E-04   -0.38555E-03   -0.13990E-03    0.11277E-03
    0.99581E-05    0.10212E-03    0.51852E-05   -0.29715E-03   -0.15381E-02   -0.14062E-03   -0.29931E-03    0.29890E+01    0.15330E+00   -0.17420E+00   -0.47140E-02    0.26939E+00    0.22292E-01   -0.14621E-02    0.78971E-03    0.10150E-01    0.22604E-05    0.95195E-05   -0.50661E-02   -0.54184E-01    0.77721E-01   -0.20122E+00    0.77469E-01    0.70920E-01    0.22140E-01    0.86479E-01   -0.19899E+00    0.17628E+00    0.67794E+00    0.18672E+00   -0.11028E+00    0.11485E+00   -0.67207E-01    0.12923E+00   -0.83270E-01   -0.36184E-01    0.13812E-01   -0.31700E-01    0.79331E-02    0.96747E+00    0.74230E-02   -0.18997E+00   -0.36351E-01    0.30623E-02   -0.16994E+00    0.18074E-02    0.22854E-02   -0.23440E-05    0.38213E-02    0.16047E-03    0.33406E-04    0.18689E-03   -0.43756E-04    0.19465E-03   -0.24837E-03    0.20544E-03    0.94537E-03
    0.69414E-05    0.55335E-04   -0.37804E-05    0.20036E-03    0.14031E-03    0.80360E-05    0.52928E-03    0.24704E+00    0.16992E+00    0.88008E-01    0.48938E-01   -0.28154E+00   -0.60743E-01   -0.15476E-03    0.62087E-02   -0.72202E-02   -0.11773E-06    0.62542E-04    0.52723E-01    0.45041E-01    0.24770E-02    0.25332E-03    0.19297E-02    0.15994E-01   -0.10247E-01   -0.64258E-03    0.21166E-01    0.10204E-01    0.58743E-03    0.70317E-03    0.10479E-01    0.18059E-01    0.89817E-02    0.98154E-02    0.10621E-01    0.15221E-03    0.18673E-01    0.24587E-01    0.13352E-01    0.74230E-02    0.32227E+00    0.10576E+00    0.28569E-01    0.13967E+00    0.43768E+00    0.11182E-01    0.14328E-01   -0.43240E-02   -0.71765E-03   -0.19834E-02    0.40441E-03   -0.26292E-04    0.74953E-03   -0.11455E-03   -0.32569E-03    0.10721E-03    0.86636E-03
    0.40304E-04   -0.23250E-03    0.62492E-05    0.36442E-02    0.31168E-02    0.11554E-02    0.65795E-02    0.41034E+01   -0.16315E+01    0.16776E+02   -0.25909E+00   -0.11482E+02   -0.95909E+00   -0.14436E+00   -0.40995E-03   -0.18659E+00    0.15215E-04    0.31074E-03    0.14666E+00    0.16661E+01   -0.38678E-01   -0.11450E-01    0.50712E-01   -0.38776E-02    0.98730E-01   -0.35445E-01   -0.14056E+00    0.56011E-01   -0.14968E+00    0.14036E+00    0.24316E+00    0.30455E+00    0.32605E-01    0.14031E+00    0.27416E+00    0.16260E+00   -0.19877E-01   -0.81331E-01   -0.15143E+00   -0.18997E+00    0.10576E+00    0.14935E+02    0.17470E+00    0.37495E+00    0.56629E+01   -0.11782E-01   -0.56518E-01   -0.75204E-02    0.15947E-01    0.18308E-01    0.21990E-02    0.20529E-01    0.23665E-02    0.13318E-01    0.20230E-02    0.32216E-02   -0.96699E-02
    0.14039E-04   -0.24732E-04   -0.75134E-05    0.10922E-02   -0.91373E-04    0.31357E-03    0.20867E-02    0.53114E+01    0.10864E+01   -0.70236E+00   -0.20890E+00   -0.29234E+00   -0.82178E+00   -0.90396E-02   -0.14597E-01   -0.94581E-03    0.11220E-04    0.61036E-04    0.95299E-02    0.40875E+00   -0.56170E-01   -0.84030E-02   -0.32741E-01    0.26783E-01   -0.14431E-01   -0.43433E-01   -0.27141E-01   -0.50299E-01   -0.52900E-01    0.59711E-01    0.40888E-02    0.39399E-01    0.11184E-01    0.71534E-01    0.47132E-01   -0.47857E-02   -0.74987E-01    0.21693E-01    0.14909E-01   -0.36351E-01    0.28569E-01    0.17470E+00    0.22557E+01   -0.33798E-02    0.52091E+00   -0.91743E-01   -0.10554E+00   -0.37979E-02    0.24280E-02   -0.14073E-02   -0.86966E-03    0.11313E-02   -0.16800E-03    0.88164E-03    0.57893E-04   -0.31747E-03    0.92459E-03
    0.15720E-04   -0.10271E-04   -0.90794E-05    0.49441E-03    0.84496E-04    0.21552E-03    0.95598E-03   -0.58157E+00   -0.28506E+00    0.59840E+00   -0.19758E-01   -0.71056E+00   -0.87638E-01   -0.39118E-02    0.39587E-02   -0.10301E-01   -0.14878E-05    0.39666E-04    0.51460E-01    0.21406E+00   -0.74961E-02    0.80377E-02    0.45767E-02    0.32685E-02    0.16983E-02    0.76635E-02    0.81164E-02    0.25297E-02    0.77281E-02    0.52189E-02    0.10239E-01    0.39362E-02    0.59255E-02    0.22152E-01    0.77076E-02    0.10897E-01    0.70601E-02    0.10063E-01    0.35644E-02    0.30623E-02    0.13967E+00    0.37495E+00   -0.33798E-02    0.23281E+00    0.31339E+00    0.61748E-02    0.13361E-01   -0.89580E-04   -0.14457E-03    0.62931E-02    0.88268E-04   -0.17542E-03    0.26237E-03   -0.18927E-03    0.34560E-03    0.98052E-04   -0.23285E-03
    0.81763E-04   -0.32537E-03    0.12549E-05    0.25252E-02    0.12215E-02    0.15306E-02    0.36564E-02    0.11893E+02   -0.85856E+00    0.91827E+01   -0.14896E+00   -0.78587E+01   -0.13151E+01   -0.10661E+00   -0.69623E-05   -0.13653E+00    0.48091E-05    0.52077E-03    0.19911E+00    0.18604E+01   -0.56353E-01    0.26400E-01    0.43942E-01    0.19042E+00    0.42416E-01    0.19017E+00   -0.95472E-01    0.11148E+00   -0.17886E+00    0.10739E+00    0.28264E+00    0.23207E+00    0.75793E-02    0.17120E+00    0.21858E+00    0.33466E+00    0.98896E-01   -0.90868E-01   -0.21750E+00   -0.16994E+00    0.43768E+00    0.56629E+01    0.52091E+00    0.31339E+00    0.16947E+02   -0.18644E-01   -0.86649E-01   -0.21747E-01   -0.96440E-03    0.19713E-01    0.21999E-02    0.40283E-02    0.28175E-02    0.14192E-02    0.72944E-03    0.46819E-02    0.28495E-01
   -0.12849E-06    0.58916E-05   -0.13791E-05   -0.43967E-04    0.28933E-04   -0.18221E-04   -0.74529E-04   -0.18345E+00   -0.86470E-02   -0.56490E-01    0.47038E-01    0.71722E-01    0.45625E-01    0.47460E-03    0.18470E-03   -0.27959E-03    0.12296E-06    0.56564E-05    0.36593E-02   -0.56195E-01    0.18006E-03   -0.53231E-03   -0.83762E-03   -0.28331E-02    0.16700E-02    0.17310E-03    0.12963E-02    0.22234E-02    0.19271E-02   -0.32052E-02    0.10042E-02   -0.29520E-02    0.11695E-03   -0.34760E-02   -0.12691E-02   -0.61844E-03    0.36895E-02   -0.30372E-03    0.10214E-02    0.18074E-02    0.11182E-01   -0.11782E-01   -0.91743E-01    0.61748E-02   -0.18644E-01    0.82182E-02    0.74965E-02   -0.20550E-03    0.60322E-04   -0.20121E-03    0.36245E-04   -0.14944E-04    0.96181E-05   -0.13601E-04   -0.74722E-04    0.24705E-04    0.77178E-04
