# omegabh2 omegach2 theta tau nnu logA ns calPlanck aps100 aps143 aps217 acib217 asz143 psr xi aksz dust100 dust143 dust217 dust143x217 cal0 cal2 bm_1_1
    0.7505207E-07   -0.1203830E-06    0.4096087E-07    0.2751427E-05    0.1846006E-04    0.5377369E-05    0.1748566E-05    0.2820463E-07   -0.7861734E-03   -0.4489209E-03    0.4171581E-04   -0.1634922E-03    0.5726143E-04    0.5630168E-06    0.1351699E-05   -0.7665889E-04    0.2285040E-05    0.1437651E-05    0.8841335E-06    0.7904996E-06    0.5651093E-08   -0.2784488E-07   -0.1424015E-04
   -0.1203830E-06    0.7466651E-05   -0.7185331E-06   -0.1353530E-04    0.2371629E-03   -0.1035313E-04   -0.1930013E-05   -0.1330687E-06    0.1011102E-01    0.5710552E-02   -0.2040468E-02    0.2796317E-02   -0.5077693E-03    0.9015719E-05    0.1536318E-04    0.6152699E-03   -0.1072857E-05    0.6656441E-05   -0.1476312E-04    0.6528838E-05   -0.5266012E-07    0.4480332E-06    0.4312210E-04
    0.4096087E-07   -0.7185331E-06    0.2452023E-06    0.2484623E-05   -0.1919595E-04    0.3521618E-05    0.7476067E-06    0.5810946E-08   -0.6797925E-03   -0.6628433E-03    0.2349947E-04   -0.1997671E-03    0.1099006E-03   -0.4987860E-07   -0.6227573E-05   -0.1219236E-03    0.1398516E-05   -0.5439391E-06    0.1543054E-05    0.3003450E-05    0.2953801E-07   -0.3922097E-07   -0.1304170E-04
    0.2751427E-05   -0.1353530E-04    0.2484623E-05    0.4380844E-03    0.6179751E-03    0.8385012E-03    0.9800336E-04   -0.1870058E-05   -0.8622048E-01   -0.3435214E-01    0.2259427E-01   -0.1864437E-01    0.6340326E-02    0.8079021E-04   -0.8709158E-04   -0.8560862E-02    0.5199642E-04    0.4821052E-04    0.5437457E-04    0.3533869E-04    0.3163350E-06   -0.3704027E-05   -0.5678870E-03
    0.1846006E-04    0.2371629E-03   -0.1919595E-04    0.6179751E-03    0.2283921E-01    0.1801618E-02    0.9728573E-03    0.1365182E-04    0.4440537E+00    0.2481125E+00   -0.8869566E-01    0.1137114E+00   -0.1784213E-01    0.3182842E-03    0.8939414E-03    0.3243912E-01    0.1060560E-02    0.4239523E-03   -0.7707619E-03    0.8488296E-03    0.6162278E-05    0.1343541E-04   -0.2738493E-02
    0.5377369E-05   -0.1035313E-04    0.3521618E-05    0.8385012E-03    0.1801618E-02    0.1667249E-02    0.1910770E-03    0.7933880E-05   -0.1387764E+00   -0.5248874E-01    0.4585184E-01   -0.3044566E-01    0.1177075E-01    0.2140754E-03   -0.6569755E-04   -0.1662600E-01    0.6392378E-04    0.2257185E-04    0.1112204E-03    0.8753007E-04    0.1103004E-05   -0.6204199E-05   -0.1133593E-02
    0.1748566E-05   -0.1930013E-05    0.7476067E-06    0.9800336E-04    0.9728573E-03    0.1910770E-03    0.8332392E-04    0.8361392E-06   -0.2066632E-01   -0.5517037E-02    0.9375846E-02   -0.5996838E-02    0.1142605E-02    0.4420372E-04    0.8505247E-04   -0.2123091E-02    0.1019743E-03    0.2992523E-04    0.3104961E-04    0.1900972E-04    0.2486222E-06   -0.9547577E-06   -0.4157624E-03
    0.2820463E-07   -0.1330687E-06    0.5810946E-08   -0.1870058E-05    0.1365182E-04    0.7933880E-05    0.8361392E-06    0.5927502E-05    0.5039548E-02    0.1190649E-02    0.1054162E-02    0.8526741E-03    0.2171936E-04    0.4601015E-05    0.2182332E-04    0.8777455E-04   -0.4753215E-05   -0.3281354E-05    0.9384758E-05    0.1905221E-05    0.3607208E-07    0.4518683E-07   -0.6203367E-04
   -0.7861734E-03    0.1011102E-01   -0.6797925E-03   -0.8622048E-01    0.4440537E+00   -0.1387764E+00   -0.2066632E-01    0.5039548E-02    0.4993273E+03    0.6930122E+02   -0.6662170E+02    0.4053351E+02   -0.2102574E+02   -0.7042063E+00   -0.6674636E-01    0.1069389E+02    0.5796173E-01    0.1008778E+00   -0.1457781E+00   -0.2090351E+00    0.5734940E-02    0.7272735E-02    0.1845442E+01
   -0.4489209E-03    0.5710552E-02   -0.6628433E-03   -0.3435214E-01    0.2481125E+00   -0.5248874E-01   -0.5517037E-02    0.1190649E-02    0.6930122E+02    0.6189022E+02    0.9242551E+01    0.7673684E+01   -0.2703751E+01    0.2013951E+00    0.7740784E+00   -0.4724876E+01   -0.4063512E-02   -0.1866337E+00   -0.6806840E-01    0.1542555E+00    0.2381870E-03   -0.4377039E-03    0.1223591E+00
    0.4171581E-04   -0.2040468E-02    0.2349947E-04    0.2259427E-01   -0.8869566E-01    0.4585184E-01    0.9375846E-02    0.1054162E-02   -0.6662170E+02    0.9242551E+01    0.1686137E+03   -0.7878350E+02    0.5006051E+01    0.4440441E+00    0.4620268E+00   -0.9189047E+01   -0.5692542E-01   -0.4995593E-01    0.6165043E+00   -0.8341892E-01    0.9665231E-03   -0.1197387E-01   -0.1828714E+00
   -0.1634922E-03    0.2796317E-02   -0.1997671E-03   -0.1864437E-01    0.1137114E+00   -0.3044566E-01   -0.5996838E-02    0.8526741E-03    0.4053351E+02    0.7673684E+01   -0.7878350E+02    0.4680564E+02   -0.3682054E+00   -0.8055402E-01   -0.3109062E+00   -0.2822091E+00    0.3221346E-01    0.1848858E-01   -0.4704199E+00   -0.2090756E-01   -0.1416697E-03    0.5469865E-02    0.5902856E-01
    0.5726143E-04   -0.5077693E-03    0.1099006E-03    0.6340326E-02   -0.1784213E-01    0.1177075E-01    0.1142605E-02    0.2171936E-04   -0.2102574E+02   -0.2703751E+01    0.5006051E+01   -0.3682054E+00    0.3380249E+01    0.1178031E+00   -0.7450594E-01   -0.2697849E+01   -0.5608168E-02   -0.1338881E-01   -0.3671111E-01    0.5494349E-01    0.4189421E-03   -0.9966852E-03   -0.5904252E-01
    0.5630168E-06    0.9015719E-05   -0.4987860E-07    0.8079021E-04    0.3182842E-03    0.2140754E-03    0.4420372E-04    0.4601015E-05   -0.7042063E+00    0.2013951E+00    0.4440441E+00   -0.8055402E-01    0.1178031E+00    0.1012855E-01    0.1329598E-01   -0.1348290E+00   -0.2951027E-03   -0.1660746E-03   -0.1156164E-02    0.7651380E-03    0.1693021E-04   -0.3731668E-04   -0.1424267E-02
    0.1351699E-05    0.1536318E-04   -0.6227573E-05   -0.8709158E-04    0.8939414E-03   -0.6569755E-04    0.8505247E-04    0.2182332E-04   -0.6674636E-01    0.7740784E+00    0.4620268E+00   -0.3109062E+00   -0.7450594E-01    0.1329598E-01    0.8117918E-01    0.5428563E-01   -0.7634467E-03   -0.9345293E-04   -0.9056595E-04    0.1536854E-02    0.6090294E-05   -0.4324308E-04   -0.3758675E-02
   -0.7665889E-04    0.6152699E-03   -0.1219236E-03   -0.8560862E-02    0.3243912E-01   -0.1662600E-01   -0.2123091E-02    0.8777455E-04    0.1069389E+02   -0.4724876E+01   -0.9189047E+01   -0.2822091E+00   -0.2697849E+01   -0.1348290E+00    0.5428563E-01    0.6357037E+01   -0.2869118E-03    0.1805178E-01    0.3083999E-01   -0.5466809E-01   -0.3300113E-03    0.7644220E-03    0.6770654E-01
    0.2285040E-05   -0.1072857E-05    0.1398516E-05    0.5199642E-04    0.1060560E-02    0.6392378E-04    0.1019743E-03   -0.4753215E-05    0.5796173E-01   -0.4063512E-02   -0.5692542E-01    0.3221346E-01   -0.5608168E-02   -0.2951027E-03   -0.7634467E-03   -0.2869118E-03    0.3731693E-01    0.4757881E-02   -0.7123672E-03    0.2139147E-03    0.3879878E-04   -0.4151384E-05    0.2431977E-02
    0.1437651E-05    0.6656441E-05   -0.5439391E-06    0.4821052E-04    0.4239523E-03    0.2257185E-04    0.2992523E-04   -0.3281354E-05    0.1008778E+00   -0.1866337E+00   -0.4995593E-01    0.1848858E-01   -0.1338881E-01   -0.1660746E-03   -0.9345293E-04    0.1805178E-01    0.4757881E-02    0.3533749E-01   -0.1807093E-02    0.5094847E-02   -0.6413180E-04   -0.6401225E-04    0.4666544E-02
    0.8841335E-06   -0.1476312E-04    0.1543054E-05    0.5437457E-04   -0.7707619E-03    0.1112204E-03    0.3104961E-04    0.9384758E-05   -0.1457781E+00   -0.6806840E-01    0.6165043E+00   -0.4704199E+00   -0.3671111E-01   -0.1156164E-02   -0.9056595E-04    0.3083999E-01   -0.7123672E-03   -0.1807093E-02    0.1301471E-01    0.1118163E-01   -0.3776924E-05    0.5985523E-04    0.1084356E-02
    0.7904996E-06    0.6528838E-05    0.3003450E-05    0.3533869E-04    0.8488296E-03    0.8753007E-04    0.1900972E-04    0.1905221E-05   -0.2090351E+00    0.1542555E+00   -0.8341892E-01   -0.2090756E-01    0.5494349E-01    0.7651380E-03    0.1536854E-02   -0.5466809E-01    0.2139147E-03    0.5094847E-02    0.1118163E-01    0.3225187E-01   -0.6890586E-06    0.8319890E-04    0.1498677E-02
    0.5651093E-08   -0.5266012E-07    0.2953801E-07    0.3163350E-06    0.6162278E-05    0.1103004E-05    0.2486222E-06    0.3607208E-07    0.5734940E-02    0.2381870E-03    0.9665231E-03   -0.1416697E-03    0.4189421E-03    0.1693021E-04    0.6090294E-05   -0.3300113E-03    0.3879878E-04   -0.6413180E-04   -0.3776924E-05   -0.6890586E-06    0.9397510E-06   -0.6577887E-07   -0.6562483E-04
   -0.2784488E-07    0.4480332E-06   -0.3922097E-07   -0.3704027E-05    0.1343541E-04   -0.6204199E-05   -0.9547577E-06    0.4518683E-07    0.7272735E-02   -0.4377039E-03   -0.1197387E-01    0.5469865E-02   -0.9966852E-03   -0.3731668E-04   -0.4324308E-04    0.7644220E-03   -0.4151384E-05   -0.6401225E-04    0.5985523E-04    0.8319890E-04   -0.6577887E-07    0.3177467E-05    0.1586291E-04
   -0.1424015E-04    0.4312210E-04   -0.1304170E-04   -0.5678870E-03   -0.2738493E-02   -0.1133593E-02   -0.4157624E-03   -0.6203367E-04    0.1845442E+01    0.1223591E+00   -0.1828714E+00    0.5902856E-01   -0.5904252E-01   -0.1424267E-02   -0.3758675E-02    0.6770654E-01    0.2431977E-02    0.4666544E-02    0.1084356E-02    0.1498677E-02   -0.6562483E-04    0.1586291E-04    0.1039403E+01
