# omegabh2 omegach2 theta tau ns nrun logA aps100 aps143 aps217 acib143 acib217 asz143 psr cibr ncib cal0 cal2 xi aksz bm_1_1 bm_1_2 bm_1_3 bm_1_4 bm_1_5 bm_2_1 bm_2_2 bm_2_3 bm_2_4 bm_2_5 bm_3_1 bm_3_2 bm_3_3 bm_3_4 bm_3_5 bm_4_1 bm_4_2 bm_4_3 bm_4_4 bm_4_5 a_ps_act_148 a_ps_act_217 a_ps_spt_95 a_ps_spt_150 a_ps_spt_220 r_ps_spt_95x150 r_ps_spt_95x220 r_ps_150x220 act_dust_s act_dust_e cal_acts_148 cal_acts_217 cal_acte_148 cal_acte_217 cal_spt_95 cal_spt_150 cal_spt_220
    0.87010E-07   -0.30687E-06    0.70939E-07    0.20398E-05    0.76592E-06   -0.11878E-05    0.37997E-05    0.13996E-03   -0.37678E-03   -0.40593E-03    0.68690E-05    0.40590E-04    0.10933E-04   -0.18208E-06   -0.46947E-06    0.49483E-06    0.72570E-09   -0.10236E-07   -0.24666E-05   -0.37227E-04   -0.62623E-05   -0.10786E-04    0.11306E-05    0.78493E-05   -0.11351E-05   -0.72163E-06   -0.30211E-05    0.37296E-05    0.19058E-05   -0.43275E-05    0.13702E-04    0.34881E-05    0.53318E-06    0.64429E-05   -0.12091E-04    0.71964E-05    0.61521E-05    0.24354E-05   -0.37381E-06    0.27960E-05    0.10404E-04    0.59134E-04    0.95694E-05    0.19231E-04    0.58261E-04    0.41150E-06    0.46704E-06   -0.11132E-06   -0.93070E-06   -0.15476E-06    0.27305E-06    0.31389E-06    0.22118E-06    0.25806E-06    0.57922E-06    0.49722E-06    0.37586E-06
   -0.30687E-06    0.57835E-05   -0.54497E-06   -0.10134E-04   -0.13373E-04   -0.13331E-05   -0.59244E-05    0.55098E-03    0.31139E-02    0.24967E-02   -0.29358E-05   -0.91595E-04   -0.32623E-04    0.27195E-05    0.21307E-05   -0.21092E-05   -0.16953E-07   -0.47157E-08    0.11574E-04   -0.35975E-05    0.11286E-03    0.19897E-04   -0.18688E-04    0.78115E-04    0.30400E-04    0.14901E-04   -0.47261E-06    0.29111E-04    0.46069E-04    0.23375E-04    0.21700E-05   -0.20006E-04   -0.36819E-04    0.34161E-04    0.46948E-04    0.71843E-05    0.42934E-05   -0.15930E-04   -0.24170E-04    0.19182E-04   -0.61307E-04   -0.44911E-03   -0.68577E-04   -0.85824E-04   -0.50322E-03    0.20930E-05   -0.43419E-06    0.80683E-07    0.60618E-05    0.13472E-05   -0.17186E-05   -0.27014E-05   -0.17039E-05   -0.20123E-05   -0.20120E-05   -0.30221E-05   -0.22697E-05
    0.70939E-07   -0.54497E-06    0.36400E-06    0.14944E-05    0.17239E-05   -0.25068E-06    0.20535E-05    0.84670E-03   -0.27280E-03   -0.13033E-03    0.61696E-05   -0.65097E-04    0.52384E-06   -0.81148E-06   -0.74774E-07   -0.12040E-05    0.12097E-08   -0.12210E-07    0.27589E-05    0.11035E-04   -0.49375E-05    0.53530E-05    0.16090E-04    0.50159E-05   -0.67552E-05   -0.76506E-05    0.28788E-05   -0.11898E-04   -0.57211E-05   -0.13872E-04    0.29710E-05    0.14544E-04    0.82975E-06   -0.28819E-05    0.81016E-06   -0.34062E-05    0.23681E-05   -0.17189E-05    0.16707E-04   -0.90550E-05    0.15727E-04    0.93951E-04    0.14210E-05    0.26605E-04    0.45731E-04    0.10019E-05    0.15955E-05   -0.13350E-06   -0.11218E-05   -0.35976E-06    0.27859E-06    0.24841E-06    0.16685E-06    0.16697E-06    0.36042E-06    0.44752E-06    0.16601E-06
    0.20398E-05   -0.10134E-04    0.14944E-05    0.25752E-03    0.28144E-04   -0.63583E-04    0.50545E-03    0.65620E-02   -0.18238E-02   -0.53591E-02    0.21086E-03    0.21889E-02    0.32556E-03    0.16005E-04    0.55496E-05    0.22240E-04   -0.81544E-08   -0.41989E-06   -0.15132E-03   -0.20504E-02    0.11776E-03    0.28027E-04   -0.26304E-03    0.64065E-03   -0.26935E-03   -0.27904E-03   -0.24925E-03    0.34493E-03    0.17654E-03   -0.13291E-04    0.34200E-03    0.17699E-03   -0.47591E-04    0.23769E-03   -0.58801E-03   -0.58551E-04    0.18439E-03    0.73558E-04   -0.20790E-03    0.20305E-03    0.17500E-03    0.47214E-03    0.61930E-03    0.41603E-03    0.34367E-04    0.71564E-05   -0.22303E-04   -0.80240E-05   -0.72467E-04   -0.49378E-05    0.16016E-05    0.64762E-05    0.33968E-06    0.21694E-05    0.82924E-05    0.91740E-05    0.39578E-05
    0.76592E-06   -0.13373E-04    0.17239E-05    0.28144E-04    0.48420E-04    0.11458E-04    0.17696E-04   -0.36828E-01   -0.23133E-01   -0.17366E-01   -0.68847E-04    0.12611E-02    0.56366E-03   -0.32771E-04   -0.12500E-04    0.31982E-04   -0.54713E-07    0.24537E-06   -0.16971E-03   -0.12429E-02   -0.58192E-03   -0.35478E-03    0.18622E-04   -0.71918E-04   -0.39831E-04    0.26971E-03    0.40115E-04   -0.11345E-03   -0.69620E-04   -0.48383E-04    0.39049E-04   -0.50056E-04   -0.11993E-03   -0.45574E-04   -0.31281E-03    0.25270E-03    0.19051E-04    0.31844E-04    0.41667E-04    0.68073E-04    0.29647E-03    0.19460E-02    0.57011E-03    0.39216E-03    0.17120E-02   -0.28768E-04   -0.32134E-04   -0.19229E-05   -0.37072E-04   -0.54870E-06    0.10551E-04    0.12421E-04    0.11153E-04    0.95874E-05    0.16838E-04    0.14984E-04    0.90749E-05
   -0.11878E-05   -0.13331E-05   -0.25068E-06   -0.63583E-04    0.11458E-04    0.82841E-04   -0.15238E-03   -0.41358E-01   -0.21265E-01   -0.16025E-01   -0.15052E-03    0.63846E-03    0.42216E-03   -0.42571E-04   -0.92607E-06    0.20921E-04   -0.49577E-07    0.93859E-07   -0.12238E-03   -0.69511E-03   -0.97049E-03   -0.20227E-03    0.15929E-03   -0.28776E-03    0.61038E-04   -0.11157E-03    0.28093E-03   -0.10439E-03    0.20047E-04    0.56419E-04   -0.20268E-03   -0.27122E-03    0.25391E-04   -0.10136E-03    0.18398E-03   -0.20708E-03   -0.11407E-03    0.11838E-03    0.62835E-04   -0.27611E-04    0.17539E-03    0.19347E-02    0.47991E-03    0.28130E-03    0.18945E-02   -0.32999E-04   -0.30373E-04   -0.15444E-05   -0.10286E-06    0.15361E-04    0.84550E-05    0.97982E-05    0.11291E-04    0.10494E-04    0.14143E-04    0.12098E-04    0.10988E-04
    0.37997E-05   -0.59244E-05    0.20535E-05    0.50545E-03    0.17696E-04   -0.15238E-03    0.10388E-02    0.17118E-01    0.63050E-02   -0.21076E-02    0.38071E-03    0.44001E-02    0.48953E-03    0.48951E-04    0.12626E-04    0.45403E-04    0.16457E-07   -0.51917E-06   -0.27445E-03   -0.41181E-02    0.12189E-02    0.20169E-03   -0.59818E-03    0.15499E-02   -0.49979E-03   -0.11808E-03   -0.42044E-03    0.78189E-03    0.45493E-03   -0.69619E-04    0.78923E-03    0.43275E-03   -0.16494E-03    0.51638E-03   -0.11550E-02    0.23551E-03    0.59345E-03    0.19857E-03   -0.43102E-03    0.45194E-03    0.15103E-03   -0.65166E-03    0.10567E-02    0.57952E-03   -0.15956E-02    0.19747E-04   -0.49467E-04   -0.15283E-04   -0.11881E-03   -0.97624E-05   -0.20254E-05    0.44458E-05   -0.53802E-05   -0.24531E-05    0.99296E-05    0.89222E-05    0.17960E-05
    0.13996E-03    0.55098E-03    0.84670E-03    0.65620E-02   -0.36828E-01   -0.41358E-01    0.17118E-01    0.16187E+04    0.95670E+02    0.32951E+02    0.73258E+00   -0.45412E+01   -0.10619E+02   -0.26533E-01   -0.90606E-01   -0.16857E+00    0.12702E-02   -0.27650E-02    0.11437E+01    0.78025E+01    0.16740E+02   -0.67912E+01   -0.14044E+00    0.61387E+00   -0.90919E+00   -0.25406E+01   -0.48048E+01   -0.15976E+01   -0.76047E+00   -0.15994E+01    0.86963E+00    0.53020E+00    0.11553E+01    0.13032E+00   -0.23026E+01   -0.68125E+00   -0.20779E+01   -0.30085E+01    0.70323E+00    0.20211E+01    0.67521E+00   -0.23096E+01    0.47028E+01   -0.45120E+00    0.34319E+00    0.17755E-01   -0.28924E+00   -0.72773E-01   -0.10063E-02    0.14504E+00   -0.28626E-01   -0.84386E-02   -0.30182E-01   -0.94454E-02   -0.81360E-01   -0.33275E-01   -0.17066E-01
   -0.37678E-03    0.31139E-02   -0.27280E-03   -0.18238E-02   -0.23133E-01   -0.21265E-01    0.63050E-02    0.95670E+02    0.69828E+02    0.22786E+02    0.29301E+00   -0.34691E+00   -0.16668E+01    0.38474E-01    0.26058E-01   -0.40356E-01   -0.15431E-04   -0.10842E-02    0.19731E+00    0.16761E+00    0.28883E+00    0.10139E+00    0.61106E-01    0.99999E-02    0.87542E-01    0.22556E+00   -0.34003E+00   -0.15194E+00   -0.81276E-01   -0.15236E+00   -0.15364E+00    0.13114E+00    0.76120E-01   -0.69540E-01    0.35952E+00    0.10788E+00   -0.18282E-01   -0.48973E+00   -0.23882E-01   -0.94271E-01    0.11150E+00   -0.18898E+01    0.70982E+00   -0.29530E+00   -0.17790E+01    0.18136E-01   -0.28751E-01   -0.28490E-01    0.94526E-02    0.31787E-01   -0.15574E-01   -0.12484E-01   -0.16670E-01   -0.10650E-01   -0.30232E-01   -0.20311E-01   -0.14403E-01
   -0.40593E-03    0.24967E-02   -0.13033E-03   -0.53591E-02   -0.17366E-01   -0.16025E-01   -0.21076E-02    0.32951E+02    0.22786E+02    0.10441E+03   -0.10862E+01   -0.36028E+02    0.54542E+00   -0.35545E+00   -0.37040E-01   -0.48396E+00    0.62565E-04    0.11420E-03    0.21072E-01    0.87259E+00    0.17174E+00    0.28462E+00    0.65104E-01    0.10846E+00   -0.10327E+00    0.75601E-01   -0.18042E+00   -0.13800E+00   -0.35002E+00    0.42920E+00   -0.14832E+00    0.50190E+00    0.15840E+00    0.38681E+00    0.44923E+00    0.51249E-01   -0.21624E+00   -0.18226E-01    0.10000E-01   -0.27187E+00    0.15526E+00    0.18222E+02   -0.10662E+01    0.54554E+00    0.90695E+01   -0.30777E-01   -0.87521E-01   -0.16348E-03    0.20410E-01    0.27588E-01   -0.97224E-02   -0.30594E-01   -0.86556E-02   -0.34429E-01   -0.15518E-01   -0.11541E-01   -0.57752E-01
    0.68690E-05   -0.29358E-05    0.61696E-05    0.21086E-03   -0.68847E-04   -0.15052E-03    0.38071E-03    0.73258E+00    0.29301E+00   -0.10862E+01    0.62557E+00    0.11135E+01    0.49946E+00    0.28557E-02   -0.27086E-02   -0.27777E-02   -0.56336E-05    0.68290E-04    0.11195E-01   -0.83849E+00   -0.34939E-02   -0.10884E-01   -0.19850E-01   -0.11156E-01    0.45700E-02   -0.27744E-01   -0.25834E-02   -0.45707E-03    0.36818E-01   -0.10260E-01    0.16956E-01   -0.20918E-01   -0.51289E-02   -0.13293E-01   -0.26481E-01   -0.96319E-02   -0.10885E-01    0.12012E-01    0.10903E-01    0.29922E-01    0.54258E-01   -0.13028E+00   -0.20123E+00   -0.13442E-01   -0.10608E+00    0.46891E-01    0.46270E-01   -0.35025E-02    0.16765E-02    0.86969E-04    0.11492E-03    0.41861E-03    0.11677E-03    0.64666E-03   -0.73927E-03    0.67835E-03    0.21312E-02
    0.40590E-04   -0.91595E-04   -0.65097E-04    0.21889E-02    0.12611E-02    0.63846E-03    0.44001E-02   -0.45412E+01   -0.34691E+00   -0.36028E+02    0.11135E+01    0.21586E+02    0.16371E+01    0.20942E+00    0.25200E-01    0.29114E+00   -0.20292E-04   -0.91065E-04   -0.34865E+00   -0.40099E+01    0.13210E+00   -0.13471E+00   -0.64442E-01   -0.17823E+00    0.20361E-01   -0.34849E-01    0.13913E+00    0.43682E-01    0.31944E+00   -0.35526E+00   -0.41420E-01   -0.54214E+00   -0.14628E-01   -0.31422E+00   -0.27003E+00   -0.11681E+00    0.87641E-01    0.37922E-01    0.88024E-01    0.27082E+00   -0.42101E+00   -0.11956E+02    0.89697E-01   -0.73394E+00   -0.78312E+01    0.43067E-01    0.60503E-01   -0.76296E-02   -0.15906E-03   -0.82267E-02   -0.62080E-03    0.66556E-02   -0.14622E-02    0.91991E-02   -0.16237E-03   -0.25948E-02    0.19525E-01
    0.10933E-04   -0.32623E-04    0.52384E-06    0.32556E-03    0.56366E-03    0.42216E-03    0.48953E-03   -0.10619E+02   -0.16668E+01    0.54542E+00    0.49946E+00    0.16371E+01    0.18009E+01    0.15790E-01    0.21306E-01    0.12456E-01   -0.43247E-05   -0.11110E-03   -0.17633E+00   -0.21750E+01    0.31914E-01    0.28693E-01   -0.67114E-02   -0.54742E-01   -0.21213E-01    0.30525E-01    0.25397E-01   -0.11436E-01    0.18957E-01   -0.24618E-01   -0.71658E-01   -0.39695E-01   -0.25461E-01   -0.18608E-01   -0.49219E-01   -0.23665E-01   -0.75932E-02   -0.18950E-02    0.26023E-02    0.15562E-01   -0.71677E-01   -0.65192E+00   -0.72479E+00   -0.81026E-01   -0.10849E+01    0.39052E-01    0.66902E-01   -0.92574E-03   -0.20207E-02   -0.10944E-02    0.36086E-03   -0.26101E-02    0.35145E-03   -0.23714E-02    0.29714E-02    0.50902E-03   -0.15655E-02
   -0.18208E-06    0.27195E-05   -0.81148E-06    0.16005E-04   -0.32771E-04   -0.42571E-04    0.48951E-04   -0.26533E-01    0.38474E-01   -0.35545E+00    0.28557E-02    0.20942E+00    0.15790E-01    0.42072E-02   -0.80070E-04    0.30051E-02    0.24154E-06   -0.33259E-05   -0.77149E-03   -0.16417E-01    0.17024E-02    0.17173E-02    0.35470E-03   -0.79745E-03    0.12212E-02    0.97542E-03   -0.13730E-02    0.16449E-02   -0.14872E-02   -0.33942E-03   -0.53388E-03    0.34762E-03   -0.63686E-03    0.89074E-03    0.14550E-02    0.27192E-03    0.82235E-03   -0.22419E-02   -0.32627E-02   -0.23126E-02   -0.17896E-02   -0.14723E+00   -0.73221E-02   -0.33882E-02   -0.10095E+00    0.41658E-03    0.15787E-02    0.37668E-03   -0.40798E-04   -0.17809E-04   -0.22793E-04   -0.19983E-04   -0.51549E-04    0.13834E-04    0.25988E-04   -0.57010E-04    0.13401E-03
   -0.46947E-06    0.21307E-05   -0.74774E-07    0.55496E-05   -0.12500E-04   -0.92607E-06    0.12626E-04   -0.90606E-01    0.26058E-01   -0.37040E-01   -0.27086E-02    0.25200E-01    0.21306E-01   -0.80070E-04    0.30361E-02   -0.30659E-03    0.18431E-06    0.43748E-05   -0.21455E-03   -0.13363E-01    0.35674E-03    0.18078E-02   -0.21047E-03   -0.15907E-02   -0.13019E-02   -0.22307E-02    0.10096E-03   -0.55642E-03    0.14307E-02   -0.18218E-02    0.20510E-02   -0.19202E-02    0.74757E-04   -0.25383E-02   -0.27983E-02   -0.34934E-03   -0.62346E-04   -0.54202E-03    0.12145E-02   -0.90025E-03    0.68206E-02   -0.16593E-02   -0.12624E-01    0.45541E-02    0.17833E-02    0.11308E-03    0.16478E-02   -0.44078E-03    0.99727E-04   -0.11516E-03   -0.49121E-05    0.18373E-04   -0.21016E-05    0.11225E-04    0.63139E-04    0.53498E-05    0.93426E-04
    0.49483E-06   -0.21092E-05   -0.12040E-05    0.22240E-04    0.31982E-04    0.20921E-04    0.45403E-04   -0.16857E+00   -0.40356E-01   -0.48396E+00   -0.27777E-02    0.29114E+00    0.12456E-01    0.30051E-02   -0.30659E-03    0.52839E-02   -0.13033E-06   -0.99685E-05   -0.56378E-02   -0.32204E-01    0.41960E-02   -0.55840E-02   -0.14358E-02   -0.34382E-02   -0.42792E-03    0.24730E-02    0.56820E-02   -0.13342E-02    0.79613E-02   -0.80060E-02   -0.55564E-02   -0.12595E-01    0.28640E-04   -0.69970E-02   -0.54403E-02   -0.33292E-02    0.20845E-02    0.37606E-02    0.59747E-02    0.90846E-02   -0.10108E-01   -0.19295E+00    0.43083E-02   -0.11492E-01   -0.13406E+00   -0.68122E-03   -0.29449E-03    0.28301E-03   -0.61933E-04    0.22731E-04   -0.50824E-05    0.47068E-04   -0.19448E-04    0.80756E-04    0.47713E-04   -0.55698E-04    0.15854E-03
    0.72570E-09   -0.16953E-07    0.12097E-08   -0.81544E-08   -0.54713E-07   -0.49577E-07    0.16457E-07    0.12702E-02   -0.15431E-04    0.62565E-04   -0.56336E-05   -0.20292E-04   -0.43247E-05    0.24154E-06    0.18431E-06   -0.13033E-06    0.16030E-06    0.10910E-07    0.12917E-05    0.19144E-04   -0.28485E-04   -0.10265E-04   -0.13010E-05   -0.16613E-05   -0.56288E-06    0.12561E-04   -0.35562E-05    0.56312E-06    0.17210E-05   -0.10130E-06    0.37390E-05   -0.50760E-05    0.54722E-05   -0.73999E-05    0.13104E-05    0.11657E-04    0.36370E-05   -0.61510E-05    0.88981E-07    0.14490E-05    0.22732E-05   -0.18987E-05    0.12428E-04    0.23060E-05    0.19487E-04   -0.11385E-05   -0.70010E-06    0.86451E-07    0.62576E-06   -0.20566E-05    0.59342E-07   -0.83276E-07   -0.69752E-07   -0.15327E-07   -0.11523E-06    0.26035E-07   -0.47887E-07
   -0.10236E-07   -0.47157E-08   -0.12210E-07   -0.41989E-06    0.24537E-06    0.93859E-07   -0.51917E-06   -0.27650E-02   -0.10842E-02    0.11420E-03    0.68290E-04   -0.91065E-04   -0.11110E-03   -0.33259E-05    0.43748E-05   -0.99685E-05    0.10910E-07    0.11593E-05    0.27918E-04    0.93819E-04    0.97257E-04    0.16848E-04   -0.31185E-04   -0.78974E-05   -0.11076E-05    0.41890E-03    0.24464E-04   -0.80514E-05   -0.22769E-04    0.41747E-04   -0.36473E-03    0.42395E-04   -0.10005E-03    0.26999E-04   -0.42664E-04    0.74676E-04    0.60146E-04   -0.54807E-04   -0.94403E-04    0.61192E-05    0.55397E-04    0.40048E-03    0.10587E-03    0.30037E-04    0.51373E-03    0.31787E-05    0.99195E-06   -0.25712E-05   -0.98654E-06    0.10113E-05    0.54002E-06    0.12115E-05    0.55606E-06    0.11091E-05    0.19955E-06    0.51287E-06    0.21900E-05
   -0.24666E-05    0.11574E-04    0.27589E-05   -0.15132E-03   -0.16971E-03   -0.12238E-03   -0.27445E-03    0.11437E+01    0.19731E+00    0.21072E-01    0.11195E-01   -0.34865E+00   -0.17633E+00   -0.77149E-03   -0.21455E-03   -0.56378E-02    0.12917E-05    0.27918E-04    0.68957E-01    0.36903E+00   -0.36020E-02   -0.21060E-02   -0.73621E-03    0.29967E-02    0.60991E-02   -0.71274E-02   -0.76902E-03   -0.54252E-02    0.18220E-02    0.59143E-02    0.92684E-02    0.10270E-01   -0.16698E-02   -0.62592E-02    0.41493E-02    0.26623E-02   -0.43885E-02    0.32292E-02    0.58822E-02   -0.20986E-02    0.68086E-01    0.13226E+00   -0.94078E-02    0.60962E-01    0.20935E+00    0.57970E-02    0.10281E-01    0.10772E-02    0.63428E-03    0.70443E-03    0.47876E-04    0.18541E-03    0.31377E-04    0.20370E-03   -0.16433E-03    0.19126E-03    0.57481E-03
   -0.37227E-04   -0.35975E-05    0.11035E-04   -0.20504E-02   -0.12429E-02   -0.69511E-03   -0.41181E-02    0.78025E+01    0.16761E+00    0.87259E+00   -0.83849E+00   -0.40099E+01   -0.21750E+01   -0.16417E-01   -0.13363E-01   -0.32204E-01    0.19144E-04    0.93819E-04    0.36903E+00    0.43780E+01   -0.21447E-01   -0.77334E-03    0.10085E-01    0.69782E-01    0.88354E-02   -0.14924E-01   -0.11335E-01   -0.15759E-01   -0.40250E-01    0.23813E-01    0.37964E-01    0.90645E-01    0.68286E-03    0.87071E-02    0.68150E-01    0.14069E-01    0.14621E-01   -0.85800E-03    0.33113E-01   -0.45607E-01    0.11472E+00    0.11924E+01    0.23652E+00    0.23369E+00    0.18222E+01   -0.38529E-01   -0.23296E-01    0.15599E-01   -0.25153E-02   -0.35315E-02    0.54045E-03    0.25796E-02    0.57982E-03    0.20755E-02    0.52643E-04    0.13115E-02    0.22725E-02
   -0.62623E-05    0.11286E-03   -0.49375E-05    0.11776E-03   -0.58192E-03   -0.97049E-03    0.12189E-02    0.16740E+02    0.28883E+00    0.17174E+00   -0.34939E-02    0.13210E+00    0.31914E-01    0.17024E-02    0.35674E-03    0.41960E-02   -0.28485E-04    0.97257E-04   -0.36020E-02   -0.21447E-01    0.67516E+00   -0.15206E+00   -0.86952E-02    0.35320E-02   -0.20182E-01    0.20180E+00   -0.54172E-01   -0.45330E-01   -0.27819E-01   -0.76829E-01    0.20353E-01    0.29035E-01   -0.11971E-01   -0.22316E-01   -0.10144E+00    0.16847E+00    0.44409E-01   -0.33507E-01    0.31854E-01    0.61975E-01   -0.78476E-02   -0.19755E+00   -0.18707E-01   -0.98069E-02   -0.10372E+00    0.70347E-03    0.21971E-02    0.46900E-03   -0.52710E-02    0.27316E-02   -0.11553E-03   -0.36058E-03   -0.21911E-03   -0.51294E-03   -0.24554E-03   -0.16646E-03    0.98015E-04
   -0.10786E-04    0.19897E-04    0.53530E-05    0.28027E-04   -0.35478E-03   -0.20227E-03    0.20169E-03   -0.67912E+01    0.10139E+00    0.28462E+00   -0.10884E-01   -0.13471E+00    0.28693E-01    0.17173E-02    0.18078E-02   -0.55840E-02   -0.10265E-04    0.16848E-04   -0.21060E-02   -0.77334E-03   -0.15206E+00    0.92340E+00   -0.10553E-02    0.97452E-03    0.21630E-01   -0.15807E+00    0.18732E+00    0.66981E-01   -0.27163E-02    0.48316E-01   -0.11153E+00    0.32968E-01    0.24025E-01    0.16676E-01    0.15819E+00   -0.22423E+00    0.41936E-01    0.10677E+00    0.12232E-01   -0.20157E+00   -0.11841E-01    0.74160E-01   -0.51662E-01   -0.57237E-02   -0.32043E-01    0.73212E-03    0.14792E-02   -0.23230E-04    0.23582E-02   -0.39766E-02   -0.13283E-03   -0.11155E-03   -0.23261E-03   -0.12046E-03   -0.95453E-04   -0.26823E-03   -0.10568E-02
    0.11306E-05   -0.18688E-04    0.16090E-04   -0.26304E-03    0.18622E-04    0.15929E-03   -0.59818E-03   -0.14044E+00    0.61106E-01    0.65104E-01   -0.19850E-01   -0.64442E-01   -0.67114E-02    0.35470E-03   -0.21047E-03   -0.14358E-02   -0.13010E-05   -0.31185E-04   -0.73621E-03    0.10085E-01   -0.86952E-02   -0.10553E-02    0.96219E+00    0.16864E-01    0.11736E-01   -0.25064E-01   -0.41168E-01    0.16131E+00   -0.22916E-01    0.79158E-01   -0.10525E-01    0.47964E-01   -0.11863E-01    0.41736E-02    0.10080E+00   -0.41657E-01    0.29648E-01   -0.30737E-03   -0.17897E+00    0.98683E-01    0.16045E-02    0.50327E-02    0.58611E-01   -0.21420E-02    0.30813E-01   -0.31480E-02   -0.20794E-02    0.21007E-03    0.14226E-02   -0.22032E-03    0.14852E-03   -0.21160E-03   -0.52189E-04    0.19779E-04    0.33300E-03    0.23626E-03   -0.15179E-03
    0.78493E-05    0.78115E-04    0.50159E-05    0.64065E-03   -0.71918E-04   -0.28776E-03    0.15499E-02    0.61387E+00    0.99999E-02    0.10846E+00   -0.11156E-01   -0.17823E+00   -0.54742E-01   -0.79745E-03   -0.15907E-02   -0.34382E-02   -0.16613E-05   -0.78974E-05    0.29967E-02    0.69782E-01    0.35320E-02    0.97452E-03    0.16864E-01    0.10380E+01   -0.18894E-02    0.49529E-01   -0.89938E-01    0.93378E-01   -0.75806E-01    0.22147E-01    0.76950E-01    0.10571E+00    0.46610E-01    0.17136E+00   -0.81005E-01    0.73935E-01    0.76457E-01   -0.21578E-01   -0.10083E+00    0.60902E-01    0.30264E-02    0.16029E+00    0.32187E-01    0.12620E-02    0.10113E+00   -0.15769E-02   -0.46704E-02   -0.67226E-04   -0.59391E-04   -0.92450E-03    0.13292E-03    0.17014E-03    0.62137E-04   -0.64511E-05    0.38062E-03    0.20197E-03    0.21992E-03
   -0.11351E-05    0.30400E-04   -0.67552E-05   -0.26935E-03   -0.39831E-04    0.61038E-04   -0.49979E-03   -0.90919E+00    0.87542E-01   -0.10327E+00    0.45700E-02    0.20361E-01   -0.21213E-01    0.12212E-02   -0.13019E-02   -0.42792E-03   -0.56288E-06   -0.11076E-05    0.60991E-02    0.88354E-02   -0.20182E-01    0.21630E-01    0.11736E-01   -0.18894E-02    0.99868E+00    0.33209E-01    0.31193E-01   -0.67949E-01    0.27287E-01    0.97823E-01    0.71704E-01   -0.60560E-01   -0.10035E+00    0.74370E-01    0.47761E-01    0.10931E+00   -0.10368E+00    0.72096E-01   -0.33035E-01   -0.17692E-01    0.15295E-01    0.14069E-01    0.63277E-02    0.55379E-02    0.81102E-01    0.11983E-02   -0.14567E-03   -0.18628E-03    0.32851E-02   -0.18396E-02    0.68275E-04    0.33277E-04   -0.13742E-03    0.39358E-03   -0.15761E-04    0.21858E-03    0.40161E-03
   -0.72163E-06    0.14901E-04   -0.76506E-05   -0.27904E-03    0.26971E-03   -0.11157E-03   -0.11808E-03   -0.25406E+01    0.22556E+00    0.75601E-01   -0.27744E-01   -0.34849E-01    0.30525E-01    0.97542E-03   -0.22307E-02    0.24730E-02    0.12561E-04    0.41890E-03   -0.71274E-02   -0.14924E-01    0.20180E+00   -0.15807E+00   -0.25064E-01    0.49529E-01    0.33209E-01    0.79296E+00   -0.34084E-01   -0.17784E-01   -0.27339E-01   -0.38062E-01    0.68457E-01    0.97048E-01   -0.79708E-01    0.15358E-03   -0.64555E-01    0.63239E+00    0.22244E+00   -0.61103E-01   -0.30649E-01    0.75343E-01   -0.77761E-02    0.17724E-01    0.29842E-01    0.18059E-02    0.93675E-01   -0.28383E-02   -0.19852E-02    0.10633E-02   -0.21484E-02   -0.12900E-02    0.21474E-03   -0.52370E-04    0.28026E-03   -0.20173E-03    0.72544E-03    0.31383E-03    0.12440E-03
   -0.30211E-05   -0.47261E-06    0.28788E-05   -0.24925E-03    0.40115E-04    0.28093E-03   -0.42044E-03   -0.48048E+01   -0.34003E+00   -0.18042E+00   -0.25834E-02    0.13913E+00    0.25397E-01   -0.13730E-02    0.10096E-03    0.56820E-02   -0.35562E-05    0.24464E-04   -0.76902E-03   -0.11335E-01   -0.54172E-01    0.18732E+00   -0.41168E-01   -0.89938E-01    0.31193E-01   -0.34084E-01    0.99415E+00    0.29735E-01    0.11815E-01   -0.16796E-01    0.55038E-01   -0.27826E-01   -0.46924E-01   -0.18224E-01    0.14823E+00   -0.97797E-01    0.26644E+00    0.77692E+00    0.27645E+00   -0.18524E+00   -0.25419E-02   -0.96009E-01    0.91279E-02    0.26682E-02   -0.17475E+00   -0.12310E-02    0.91690E-03    0.33426E-03    0.78748E-03    0.26120E-02    0.31617E-04    0.76864E-04    0.99863E-04    0.15424E-03    0.64884E-03   -0.11256E-03   -0.15709E-03
    0.37296E-05    0.29111E-04   -0.11898E-04    0.34493E-03   -0.11345E-03   -0.10439E-03    0.78189E-03   -0.15976E+01   -0.15194E+00   -0.13800E+00   -0.45707E-03    0.43682E-01   -0.11436E-01    0.16449E-02   -0.55642E-03   -0.13342E-02    0.56312E-06   -0.80514E-05   -0.54252E-02   -0.15759E-01   -0.45330E-01    0.66981E-01    0.16131E+00    0.93378E-01   -0.67949E-01   -0.17784E-01    0.29735E-01    0.98097E+00    0.20762E-01   -0.73503E-02    0.65724E-01   -0.71687E-01    0.13475E+00    0.16407E+00   -0.12574E+00   -0.21674E+00    0.62712E+00    0.16571E+00   -0.59670E+00    0.19627E+00   -0.12450E-02   -0.38080E-01    0.27270E-01   -0.12810E-02   -0.14584E-01   -0.10070E-02   -0.13836E-02   -0.29530E-03    0.17273E-02    0.23456E-02    0.33500E-04    0.40550E-04    0.65991E-04   -0.63724E-04   -0.10006E-04   -0.13734E-04   -0.96710E-04
    0.19058E-05    0.46069E-04   -0.57211E-05    0.17654E-03   -0.69620E-04    0.20047E-04    0.45493E-03   -0.76047E+00   -0.81276E-01   -0.35002E+00    0.36818E-01    0.31944E+00    0.18957E-01   -0.14872E-02    0.14307E-02    0.79613E-02    0.17210E-05   -0.22769E-04    0.18220E-02   -0.40250E-01   -0.27819E-01   -0.27163E-02   -0.22916E-01   -0.75806E-01    0.27287E-01   -0.27339E-01    0.11815E-01    0.20762E-01    0.98815E+00    0.12284E-01   -0.11973E-01   -0.79093E-01   -0.15477E+00   -0.24086E-01   -0.10262E+00   -0.87838E-01    0.88667E-01   -0.31511E-01    0.29818E+00    0.67311E+00   -0.37838E-02   -0.21817E+00   -0.74013E-02   -0.87110E-02   -0.11160E+00    0.44655E-02    0.37427E-02   -0.13155E-03    0.49477E-02    0.14158E-02    0.21261E-03    0.14153E-03   -0.50872E-04    0.85667E-04    0.60102E-04    0.93645E-04    0.62849E-03
   -0.43275E-05    0.23375E-04   -0.13872E-04   -0.13291E-04   -0.48383E-04    0.56419E-04   -0.69619E-04   -0.15994E+01   -0.15236E+00    0.42920E+00   -0.10260E-01   -0.35526E+00   -0.24618E-01   -0.33942E-03   -0.18218E-02   -0.80060E-02   -0.10130E-06    0.41747E-04    0.59143E-02    0.23813E-01   -0.76829E-01    0.48316E-01    0.79158E-01    0.22147E-01    0.97823E-01   -0.38062E-01   -0.16796E-01   -0.73503E-02    0.12284E-01    0.10361E+01   -0.47584E-01    0.79474E-01    0.21611E-01    0.17147E+00    0.23867E-01    0.11422E+00   -0.59442E+00    0.38738E+00   -0.35408E+00    0.22679E+00    0.92408E-02    0.22252E+00   -0.12999E-01    0.10461E-01    0.19284E+00    0.83847E-03   -0.17700E-02    0.31906E-03   -0.12840E-02   -0.16336E-02    0.10598E-03   -0.18546E-03    0.12089E-03   -0.22761E-03   -0.12598E-03    0.62544E-04   -0.22944E-03
    0.13702E-04    0.21700E-05    0.29710E-05    0.34200E-03    0.39049E-04   -0.20268E-03    0.78923E-03    0.86963E+00   -0.15364E+00   -0.14832E+00    0.16956E-01   -0.41420E-01   -0.71658E-01   -0.53388E-03    0.20510E-02   -0.55564E-02    0.37390E-05   -0.36473E-03    0.92684E-02    0.37964E-01    0.20353E-01   -0.11153E+00   -0.10525E-01    0.76950E-01    0.71704E-01    0.68457E-01    0.55038E-01    0.65724E-01   -0.11973E-01   -0.47584E-01    0.85768E+00   -0.22380E-01   -0.20155E-01    0.23133E-01    0.28794E-01    0.59529E+00    0.16280E+00    0.12414E+00    0.46327E-01   -0.91189E-01    0.25509E-01    0.16181E+00    0.35394E-01    0.27380E-01    0.16702E+00    0.89907E-03   -0.80561E-03   -0.15733E-02    0.15614E-02   -0.10238E-02   -0.33631E-04    0.58096E-03   -0.50645E-04    0.31712E-03   -0.22508E-03    0.68733E-04    0.70032E-03
    0.34881E-05   -0.20006E-04    0.14544E-04    0.17699E-03   -0.50056E-04   -0.27122E-03    0.43275E-03    0.53020E+00    0.13114E+00    0.50190E+00   -0.20918E-01   -0.54214E+00   -0.39695E-01    0.34762E-03   -0.19202E-02   -0.12595E-01   -0.50760E-05    0.42395E-04    0.10270E-01    0.90645E-01    0.29035E-01    0.32968E-01    0.47964E-01    0.10571E+00   -0.60560E-01    0.97048E-01   -0.27826E-01   -0.71687E-01   -0.79093E-01    0.79474E-01   -0.22380E-01    0.97901E+00   -0.57007E-02   -0.26390E-01   -0.25483E-01    0.70755E-01    0.13681E+00   -0.35741E-01    0.16070E+00    0.14624E+00    0.10136E-01    0.39409E+00   -0.21329E-01    0.20021E-01    0.29958E+00   -0.11129E-03   -0.17690E-02    0.49111E-04   -0.33369E-02   -0.30178E-02   -0.10596E-03   -0.83137E-04    0.49169E-04   -0.19163E-04   -0.32790E-03    0.67571E-04    0.56720E-04
    0.53318E-06   -0.36819E-04    0.82975E-06   -0.47591E-04   -0.11993E-03    0.25391E-04   -0.16494E-03    0.11553E+01    0.76120E-01    0.15840E+00   -0.51289E-02   -0.14628E-01   -0.25461E-01   -0.63686E-03    0.74757E-04    0.28640E-04    0.54722E-05   -0.10005E-03   -0.16698E-02    0.68286E-03   -0.11971E-01    0.24025E-01   -0.11863E-01    0.46610E-01   -0.10035E+00   -0.79708E-01   -0.46924E-01    0.13475E+00   -0.15477E+00    0.21611E-01   -0.20155E-01   -0.57007E-02    0.99950E+00    0.10709E-01    0.10018E-01   -0.11256E+00    0.54935E-01    0.16215E+00    0.31910E-01   -0.73852E-01   -0.13334E-01    0.27416E-01    0.13481E-01   -0.16051E-02   -0.65598E-01   -0.80080E-03   -0.25807E-02   -0.19509E-03    0.36565E-03   -0.10319E-02   -0.26297E-03    0.65738E-04    0.15818E-05   -0.44533E-06   -0.29557E-03   -0.10565E-03   -0.80188E-03
    0.64429E-05    0.34161E-04   -0.28819E-05    0.23769E-03   -0.45574E-04   -0.10136E-03    0.51638E-03    0.13032E+00   -0.69540E-01    0.38681E+00   -0.13293E-01   -0.31422E+00   -0.18608E-01    0.89074E-03   -0.25383E-02   -0.69970E-02   -0.73999E-05    0.26999E-04   -0.62592E-02    0.87071E-02   -0.22316E-01    0.16676E-01    0.41736E-02    0.17136E+00    0.74370E-01    0.15358E-03   -0.18224E-01    0.16407E+00   -0.24086E-01    0.17147E+00    0.23133E-01   -0.26390E-01    0.10709E-01    0.10282E+01    0.36407E-01   -0.24742E-02    0.22940E-01    0.15214E+00   -0.26966E+00    0.13573E+00    0.26878E-02    0.23203E+00    0.22367E-01    0.53551E-03    0.14981E+00   -0.19561E-02   -0.37651E-02   -0.24718E-03   -0.19616E-02   -0.90644E-03    0.13490E-03   -0.30246E-03    0.42533E-04   -0.30038E-03    0.75260E-04    0.21780E-03   -0.40696E-03
   -0.12091E-04    0.46948E-04    0.81016E-06   -0.58801E-03   -0.31281E-03    0.18398E-03   -0.11550E-02   -0.23026E+01    0.35952E+00    0.44923E+00   -0.26481E-01   -0.27003E+00   -0.49219E-01    0.14550E-02   -0.27983E-02   -0.54403E-02    0.13104E-05   -0.42664E-04    0.41493E-02    0.68150E-01   -0.10144E+00    0.15819E+00    0.10080E+00   -0.81005E-01    0.47761E-01   -0.64555E-01    0.14823E+00   -0.12574E+00   -0.10262E+00    0.23867E-01    0.28794E-01   -0.25483E-01    0.10018E-01    0.36407E-01    0.97380E+00   -0.16514E-01   -0.61780E-01    0.47814E-01    0.15051E+00   -0.10156E+00   -0.19336E-02    0.82627E-01    0.11621E-01    0.50832E-02    0.53526E-01   -0.17754E-02   -0.33549E-02    0.64720E-03    0.29700E-02   -0.90124E-04    0.44403E-04   -0.40609E-03   -0.20008E-03   -0.21569E-03    0.52373E-04   -0.18111E-03   -0.55032E-03
    0.71964E-05    0.71843E-05   -0.34062E-05   -0.58551E-04    0.25270E-03   -0.20708E-03    0.23551E-03   -0.68125E+00    0.10788E+00    0.51249E-01   -0.96319E-02   -0.11681E+00   -0.23665E-01    0.27192E-03   -0.34934E-03   -0.33292E-02    0.11657E-04    0.74676E-04    0.26623E-02    0.14069E-01    0.16847E+00   -0.22423E+00   -0.41657E-01    0.73935E-01    0.10931E+00    0.63239E+00   -0.97797E-01   -0.21674E+00   -0.87838E-01    0.11422E+00    0.59529E+00    0.70755E-01   -0.11256E+00   -0.24742E-02   -0.16514E-01    0.96161E+00   -0.43197E-01   -0.29390E-02    0.10898E-01   -0.33662E-01    0.13700E-01    0.16910E+00    0.34625E-01    0.20657E-01    0.23259E+00   -0.10555E-02   -0.18259E-02   -0.20124E-03   -0.13868E-02   -0.27636E-02    0.11669E-03    0.31106E-03    0.17944E-03    0.43063E-04    0.31746E-03    0.30654E-03    0.58670E-03
    0.61521E-05    0.42934E-05    0.23681E-05    0.18439E-03    0.19051E-04   -0.11407E-03    0.59345E-03   -0.20779E+01   -0.18282E-01   -0.21624E+00   -0.10885E-01    0.87641E-01   -0.75932E-02    0.82235E-03   -0.62346E-04    0.20845E-02    0.36370E-05    0.60146E-04   -0.43885E-02    0.14621E-01    0.44409E-01    0.41936E-01    0.29648E-01    0.76457E-01   -0.10368E+00    0.22244E+00    0.26644E+00    0.62712E+00    0.88667E-01   -0.59442E+00    0.16280E+00    0.13681E+00    0.54935E-01    0.22940E-01   -0.61780E-01   -0.43197E-01    0.99802E+00    0.98803E-02    0.31346E-01    0.11156E-01   -0.40068E-02   -0.49790E-01    0.39237E-01    0.38540E-02   -0.58324E-01   -0.23512E-02   -0.13104E-02   -0.88544E-04    0.13435E-02    0.20172E-02    0.69531E-04    0.15749E-03    0.55691E-04    0.56121E-04    0.28947E-03    0.10580E-04    0.91399E-04
    0.24354E-05   -0.15930E-04   -0.17189E-05    0.73558E-04    0.31844E-04    0.11838E-03    0.19857E-03   -0.30085E+01   -0.48973E+00   -0.18226E-01    0.12012E-01    0.37922E-01   -0.18950E-02   -0.22419E-02   -0.54202E-03    0.37606E-02   -0.61510E-05   -0.54807E-04    0.32292E-02   -0.85800E-03   -0.33507E-01    0.10677E+00   -0.30737E-03   -0.21578E-01    0.72096E-01   -0.61103E-01    0.77692E+00    0.16571E+00   -0.31511E-01    0.38738E+00    0.12414E+00   -0.35741E-01    0.16215E+00    0.15214E+00    0.47814E-01   -0.29390E-02    0.98803E-02    0.10011E+01   -0.38934E-01    0.60503E-02    0.80358E-03   -0.41986E-02    0.27543E-02    0.27121E-02   -0.10220E+00    0.81027E-03    0.10434E-02    0.56014E-05    0.71505E-04    0.21312E-02    0.77948E-06    0.16960E-03    0.12052E-03    0.16343E-03    0.30909E-03    0.42183E-05   -0.24076E-03
   -0.37381E-06   -0.24170E-04    0.16707E-04   -0.20790E-03    0.41667E-04    0.62835E-04   -0.43102E-03    0.70323E+00   -0.23882E-01    0.10000E-01    0.10903E-01    0.88024E-01    0.26023E-02   -0.32627E-02    0.12145E-02    0.59747E-02    0.88981E-07   -0.94403E-04    0.58822E-02    0.33113E-01    0.31854E-01    0.12232E-01   -0.17897E+00   -0.10083E+00   -0.33035E-01   -0.30649E-01    0.27645E+00   -0.59670E+00    0.29818E+00   -0.35408E+00    0.46327E-01    0.16070E+00    0.31910E-01   -0.26966E+00    0.15051E+00    0.10898E-01    0.31346E-01   -0.38934E-01    0.97015E+00   -0.44318E-02   -0.57388E-02   -0.67588E-01   -0.24720E-01    0.19050E-02   -0.14761E+00    0.21117E-02    0.24732E-02    0.11111E-03    0.14797E-02    0.66932E-03    0.14205E-04    0.13162E-03   -0.10769E-03    0.20095E-03    0.99776E-04   -0.10978E-03   -0.33312E-04
    0.27960E-05    0.19182E-04   -0.90550E-05    0.20305E-03    0.68073E-04   -0.27611E-04    0.45194E-03    0.20211E+01   -0.94271E-01   -0.27187E+00    0.29922E-01    0.27082E+00    0.15562E-01   -0.23126E-02   -0.90025E-03    0.90846E-02    0.14490E-05    0.61192E-05   -0.20986E-02   -0.45607E-01    0.61975E-01   -0.20157E+00    0.98683E-01    0.60902E-01   -0.17692E-01    0.75343E-01   -0.18524E+00    0.19627E+00    0.67311E+00    0.22679E+00   -0.91189E-01    0.14624E+00   -0.73852E-01    0.13573E+00   -0.10156E+00   -0.33662E-01    0.11156E-01    0.60503E-02   -0.44318E-02    0.98026E+00   -0.55567E-02   -0.22885E+00    0.66767E-02   -0.15236E-01   -0.13443E+00    0.32898E-02    0.18796E-02    0.90304E-04    0.38710E-02    0.14783E-02    0.15042E-03   -0.31468E-04    0.44370E-04   -0.82793E-04    0.84725E-04    0.14162E-03    0.92395E-04
    0.10404E-04   -0.61307E-04    0.15727E-04    0.17500E-03    0.29647E-03    0.17539E-03    0.15103E-03    0.67521E+00    0.11150E+00    0.15526E+00    0.54258E-01   -0.42101E+00   -0.71677E-01   -0.17896E-02    0.68206E-02   -0.10108E-01    0.22732E-05    0.55397E-04    0.68086E-01    0.11472E+00   -0.78476E-02   -0.11841E-01    0.16045E-02    0.30264E-02    0.15295E-01   -0.77761E-02   -0.25419E-02   -0.12450E-02   -0.37838E-02    0.92408E-02    0.25509E-01    0.10136E-01   -0.13334E-01    0.26878E-02   -0.19336E-02    0.13700E-01   -0.40068E-02    0.80358E-03   -0.57388E-02   -0.55567E-02    0.34852E+00    0.24531E+00   -0.22892E-02    0.16052E+00    0.49406E+00    0.13198E-01    0.18211E-01   -0.45033E-02   -0.31489E-02   -0.21204E-02    0.74777E-03   -0.20554E-04    0.91152E-03   -0.59462E-04    0.14921E-04    0.22403E-03    0.13443E-02
    0.59134E-04   -0.44911E-03    0.93951E-04    0.47214E-03    0.19460E-02    0.19347E-02   -0.65166E-03   -0.23096E+01   -0.18898E+01    0.18222E+02   -0.13028E+00   -0.11956E+02   -0.65192E+00   -0.14723E+00   -0.16593E-02   -0.19295E+00   -0.18987E-05    0.40048E-03    0.13226E+00    0.11924E+01   -0.19755E+00    0.74160E-01    0.50327E-02    0.16029E+00    0.14069E-01    0.17724E-01   -0.96009E-01   -0.38080E-01   -0.21817E+00    0.22252E+00    0.16181E+00    0.39409E+00    0.27416E-01    0.23203E+00    0.82627E-01    0.16910E+00   -0.49790E-01   -0.41986E-02   -0.67588E-01   -0.22885E+00    0.24531E+00    0.16048E+02    0.10036E+00    0.39370E+00    0.56827E+01   -0.34548E-02   -0.35955E-01   -0.11573E-01    0.25068E-01    0.18089E-01    0.21045E-02    0.21272E-01    0.29736E-02    0.13286E-01    0.20554E-02    0.39067E-02   -0.53046E-02
    0.95694E-05   -0.68577E-04    0.14210E-05    0.61930E-03    0.57011E-03    0.47991E-03    0.10567E-02    0.47028E+01    0.70982E+00   -0.10662E+01   -0.20123E+00    0.89697E-01   -0.72479E+00   -0.73221E-02   -0.12624E-01    0.43083E-02    0.12428E-04    0.10587E-03   -0.94078E-02    0.23652E+00   -0.18707E-01   -0.51662E-01    0.58611E-01    0.32187E-01    0.63277E-02    0.29842E-01    0.91279E-02    0.27270E-01   -0.74013E-02   -0.12999E-01    0.35394E-01   -0.21329E-01    0.13481E-01    0.22367E-01    0.11621E-01    0.34625E-01    0.39237E-01    0.27543E-02   -0.24720E-01    0.66767E-02   -0.22892E-02    0.10036E+00    0.22130E+01   -0.24138E-01    0.29022E+00   -0.91961E-01   -0.10695E+00   -0.47887E-02    0.55465E-02    0.19647E-02   -0.45774E-03    0.15072E-02    0.19184E-04    0.10920E-02    0.10841E-02    0.13003E-03    0.64941E-03
    0.19231E-04   -0.85824E-04    0.26605E-04    0.41603E-03    0.39216E-03    0.28130E-03    0.57952E-03   -0.45120E+00   -0.29530E+00    0.54554E+00   -0.13442E-01   -0.73394E+00   -0.81026E-01   -0.33882E-02    0.45541E-02   -0.11492E-01    0.23060E-05    0.30037E-04    0.60962E-01    0.23369E+00   -0.98069E-02   -0.57237E-02   -0.21420E-02    0.12620E-02    0.55379E-02    0.18059E-02    0.26682E-02   -0.12810E-02   -0.87110E-02    0.10461E-01    0.27380E-01    0.20021E-01   -0.16051E-02    0.53551E-03    0.50832E-02    0.20657E-01    0.38540E-02    0.27121E-02    0.19050E-02   -0.15236E-01    0.16052E+00    0.39370E+00   -0.24138E-01    0.25090E+00    0.34840E+00    0.79381E-02    0.17518E-01   -0.10446E-03   -0.80506E-04    0.33306E-03    0.25468E-03   -0.10377E-03    0.27275E-03   -0.24496E-03    0.75019E-03    0.32614E-03   -0.53864E-04
    0.58261E-04   -0.50322E-03    0.45731E-04    0.34367E-04    0.17120E-02    0.18945E-02   -0.15956E-02    0.34319E+00   -0.17790E+01    0.90695E+01   -0.10608E+00   -0.78312E+01   -0.10849E+01   -0.10095E+00    0.17833E-02   -0.13406E+00    0.19487E-04    0.51373E-03    0.20935E+00    0.18222E+01   -0.10372E+00   -0.32043E-01    0.30813E-01    0.10113E+00    0.81102E-01    0.93675E-01   -0.17475E+00   -0.14584E-01   -0.11160E+00    0.19284E+00    0.16702E+00    0.29958E+00   -0.65598E-01    0.14981E+00    0.53526E-01    0.23259E+00   -0.58324E-01   -0.10220E+00   -0.14761E+00   -0.13443E+00    0.49406E+00    0.56827E+01    0.29022E+00    0.34840E+00    0.16792E+02   -0.62453E-02   -0.58766E-01   -0.22855E-01   -0.21608E-01   -0.90388E-02    0.19797E-02    0.34354E-02    0.24114E-02    0.12001E-02    0.24319E-02    0.57180E-02    0.31062E-01
    0.41150E-06    0.20930E-05    0.10019E-05    0.71564E-05   -0.28768E-04   -0.32999E-04    0.19747E-04    0.17755E-01    0.18136E-01   -0.30777E-01    0.46891E-01    0.43067E-01    0.39052E-01    0.41658E-03    0.11308E-03   -0.68122E-03   -0.11385E-05    0.31787E-05    0.57970E-02   -0.38529E-01    0.70347E-03    0.73212E-03   -0.31480E-02   -0.15769E-02    0.11983E-02   -0.28383E-02   -0.12310E-02   -0.10070E-02    0.44655E-02    0.83847E-03    0.89907E-03   -0.11129E-03   -0.80080E-03   -0.19561E-02   -0.17754E-02   -0.10555E-02   -0.23512E-02    0.81027E-03    0.21117E-02    0.32898E-02    0.13198E-01   -0.34548E-02   -0.91961E-01    0.79381E-02   -0.62453E-02    0.84576E-02    0.79992E-02   -0.92891E-04    0.45434E-04    0.75523E-05    0.21089E-04   -0.18118E-04   -0.14567E-05    0.31336E-05   -0.97568E-04    0.35533E-04    0.14145E-03
