# omegabh2 omegach2 theta tau Alens ns logA aps100 aps143 aps217 acib143 acib217 asz143 psr cibr cal0 cal2 xi aksz bm_1_1
1.299000E-07 -7.986900E-07 1.495000E-07 1.531900E-06 2.700400E-05 2.366000E-06 1.484200E-06 -1.820200E-03 -6.824100E-04 -3.936200E-04 -3.134300E-04 -4.006300E-04 -6.650134E-05 -4.530700E-08 -8.568900E-06 1.392800E-09 -3.162200E-09 2.184200E-06 -1.353116E-04 -4.188100E-05
-7.986900E-07 1.006500E-05 -1.305100E-06 -2.194300E-05 -1.987700E-04 -2.565200E-05 -2.092100E-05 4.810000E-03 4.372900E-03 3.096000E-03 9.960700E-04 2.052100E-03 8.566136E-04 5.282400E-07 6.338600E-05 -2.387900E-08 -1.599000E-08 -3.375000E-05 7.323225E-04 3.174700E-04
1.495000E-07 -1.305100E-06 5.051100E-07 3.045500E-06 3.473700E-05 3.891000E-06 3.492100E-06 -1.454900E-03 -8.265600E-04 -6.739700E-04 -2.441100E-04 -2.828000E-04 -5.132679E-05 -2.082200E-07 -7.659000E-06 1.804600E-09 -1.470700E-09 1.629200E-06 -6.188394E-05 -3.261400E-05
1.531900E-06 -2.194300E-05 3.045500E-06 1.215300E-03 -2.371000E-03 9.211000E-05 2.366200E-03 -3.653200E-02 8.293200E-04 4.004500E-03 -1.069500E-02 -1.341000E-02 -3.680259E-03 -1.713600E-05 -4.608400E-04 1.591500E-07 5.125200E-07 8.525100E-05 -4.930557E-03 -1.580700E-03
2.700400E-05 -1.987700E-04 3.473700E-05 -2.371000E-03 2.112200E-02 5.289700E-04 -5.106000E-03 -3.502000E-01 -1.214300E-01 -2.340200E-02 -7.774200E-02 -1.353900E-01 -4.160338E-02 3.713400E-05 -3.251300E-03 -7.889200E-08 -2.281700E-06 1.275000E-03 -3.240139E-02 -9.842000E-03
2.366000E-06 -2.565200E-05 3.891000E-06 9.211000E-05 5.289700E-04 8.484600E-05 1.239100E-04 -3.303300E-02 -7.258000E-03 1.768600E-03 -7.874100E-03 -1.297600E-02 -4.009360E-03 -4.483500E-07 -3.494500E-04 -3.542300E-08 1.475400E-07 1.273100E-04 -5.174514E-03 -1.133900E-03
1.484200E-06 -2.092100E-05 3.492100E-06 2.366200E-03 -5.106000E-03 1.239100E-04 4.663000E-03 -5.351300E-02 1.948700E-02 2.423000E-02 -2.154300E-02 -2.666900E-02 -7.822756E-03 -2.946700E-05 -9.301600E-04 3.199000E-07 1.146800E-06 1.258200E-04 -1.002547E-02 -2.087400E-03
-1.820200E-03 4.810000E-03 -1.454900E-03 -3.653200E-02 -3.502000E-01 -3.303300E-02 -5.351300E-02 2.569400E+03 1.812700E+02 8.506000E+01 1.054800E+02 -9.761900E+00 -1.227728E+02 4.825100E-02 -4.830900E+00 6.567700E-04 5.188600E-03 2.094600E+00 -9.611809E+00 1.202800E+01
-6.824100E-04 4.372900E-03 -8.265600E-04 8.293200E-04 -1.214300E-01 -7.258000E-03 1.948700E-02 1.812700E+02 1.528100E+02 1.086700E+02 -2.595700E+01 -3.538100E+01 -2.218390E+01 3.239900E-02 -1.364200E+00 -9.215700E-05 5.217000E-04 3.276300E-01 -1.107534E+01 1.339400E-01
-3.936200E-04 3.096000E-03 -6.739700E-04 4.004500E-03 -2.340200E-02 1.768600E-03 2.423000E-02 8.506000E+01 1.086700E+02 1.946200E+02 -2.529000E+01 -7.253800E+01 -1.527430E+01 3.976900E-02 -1.830600E+00 -7.023100E-05 -4.018200E-03 2.752200E-01 -1.213036E+01 4.653000E-01
-3.134300E-04 9.960700E-04 -2.441100E-04 -1.069500E-02 -7.774200E-02 -7.874100E-03 -2.154300E-02 1.054800E+02 -2.595700E+01 -2.529000E+01 2.912000E+01 1.568400E+01 -5.636259E+00 -6.212600E-03 1.509900E-02 -6.938200E-05 -3.154800E-05 2.507700E-01 -5.397695E-01 -6.145400E-01
-4.006300E-04 2.052100E-03 -2.828000E-04 -1.341000E-02 -1.353900E-01 -1.297600E-02 -2.666900E-02 -9.761900E+00 -3.538100E+01 -7.253800E+01 1.568400E+01 3.862000E+01 8.096128E+00 -1.668300E-02 9.625500E-01 6.111500E-06 2.169300E-03 -1.447300E-01 -1.902533E-01 -2.593100E-02
-6.650134E-05 8.566136E-04 -5.132679E-05 -3.680259E-03 -4.160338E-02 -4.009360E-03 -7.822756E-03 -1.227728E+02 -2.218390E+01 -1.527430E+01 -5.636259E+00 8.096128E+00 1.501545E+01 -7.981983E-03 6.873148E-01 7.291838E-05 -7.734509E-04 -2.619144E-01 -1.004083E-01 5.187833E-01
-4.530700E-08 5.282400E-07 -2.082200E-07 -1.713600E-05 3.713400E-05 -4.483500E-07 -2.946700E-05 4.825100E-02 3.239900E-02 3.976900E-02 -6.212600E-03 -1.668300E-02 -7.981983E-03 1.873500E-04 -5.712300E-04 3.536500E-08 -1.746800E-07 1.975400E-04 -2.401718E-03 -1.016100E-04
-8.568900E-06 6.338600E-05 -7.659000E-06 -4.608400E-04 -3.251300E-03 -3.494500E-04 -9.301600E-04 -4.830900E+00 -1.364200E+00 -1.830600E+00 1.509900E-02 9.625500E-01 6.873148E-01 -5.712300E-04 5.191400E-02 1.922000E-06 1.565000E-05 -8.958500E-03 -4.257722E-03 2.017100E-02
1.392800E-09 -2.387900E-08 1.804600E-09 1.591500E-07 -7.889200E-08 -3.542300E-08 3.199000E-07 6.567700E-04 -9.215700E-05 -7.023100E-05 -6.938200E-05 6.111500E-06 7.291838E-05 3.536500E-08 1.922000E-06 1.509200E-07 -2.071400E-10 -2.053900E-06 1.469890E-05 -2.580000E-05
-3.162200E-09 -1.599000E-08 -1.470700E-09 5.125200E-07 -2.281700E-06 1.475400E-07 1.146800E-06 5.188600E-03 5.217000E-04 -4.018200E-03 -3.154800E-05 2.169300E-03 -7.734509E-04 -1.746800E-07 1.565000E-05 -2.071400E-10 9.346300E-07 9.111100E-06 5.679500E-05 -1.859400E-05
2.184200E-06 -3.375000E-05 1.629200E-06 8.525100E-05 1.275000E-03 1.273100E-04 1.258200E-04 2.094600E+00 3.276300E-01 2.752200E-01 2.507700E-01 -1.447300E-01 -2.619144E-01 1.975400E-04 -8.958500E-03 -2.053900E-06 9.111100E-06 2.471800E-02 -3.476279E-03 -1.352200E-02
-1.353116E-04 7.323225E-04 -6.188394E-05 -4.930557E-03 -3.240139E-02 -5.174514E-03 -1.002547E-02 -9.611809E+00 -1.107534E+01 -1.213036E+01 -5.397695E-01 -1.902533E-01 -1.004083E-01 -2.401718E-03 -4.257722E-03 1.469890E-05 5.679500E-05 -3.476279E-03 7.960863E+00 -7.875521E-04
-4.188100E-05 3.174700E-04 -3.261400E-05 -1.580700E-03 -9.842000E-03 -1.133900E-03 -2.087400E-03 1.202800E+01 1.339400E-01 4.653000E-01 -6.145400E-01 -2.593100E-02 5.187833E-01 -1.016100E-04 2.017100E-02 -2.580000E-05 -1.859400E-05 -1.352200E-02 -7.875521E-04 6.371100E-01
