# omegabh2 omegach2 theta tau logA ns Aphiphi calPlanck acib217 xi asz143 aps100 aps143 aps143217 aps217 aksz kgal100 kgal143 kgal143217 kgal217 cal0 cal2
    0.5363131E-07   -0.2763816E-06    0.5090948E-07    0.1931113E-05    0.3350046E-05    0.8150522E-06    0.4706877E-06    0.1987389E-07   -0.2118467E-03    0.3863821E-05    0.5763550E-04   -0.9255150E-03   -0.5770805E-03   -0.1838324E-03   -0.2883161E-05   -0.7783595E-04   -0.5928236E-05    0.4975652E-05   -0.2422755E-04    0.5918327E-05    0.3060797E-08   -0.2294467E-07
   -0.2763816E-06    0.4855079E-05   -0.5128072E-06   -0.1887958E-04   -0.2633596E-04   -0.1150187E-04   -0.3285485E-04   -0.9991728E-07    0.7154213E-03   -0.8574121E-05   -0.2113448E-03    0.3773765E-02    0.2627561E-02    0.1237474E-02    0.3920109E-03    0.2541686E-03   -0.6838573E-04   -0.9223305E-05    0.2218327E-03    0.2384861E-03   -0.3270381E-07    0.1053889E-06
    0.5090948E-07   -0.5128072E-06    0.2277600E-06    0.2477302E-05    0.3957698E-05    0.1475920E-05    0.5149108E-05    0.2673265E-07   -0.4640606E-04    0.6571580E-06    0.1794138E-04   -0.2933303E-03   -0.3519079E-03   -0.2271820E-03   -0.1550781E-03   -0.1898386E-04    0.2243000E-05    0.1166798E-04   -0.1174429E-04   -0.1092498E-04    0.2281430E-08   -0.1920567E-08
    0.1931113E-05   -0.1887958E-04    0.2477302E-05    0.3734459E-03    0.6965901E-03    0.6224633E-04   -0.3761614E-03   -0.2156298E-05   -0.1768749E-01    0.2921425E-03    0.3081686E-02   -0.6461946E-01   -0.3084481E-01   -0.4796428E-02    0.1006762E-01   -0.6316594E-02    0.2333731E-03    0.3816083E-03   -0.3144969E-02   -0.8067495E-03   -0.3103714E-07   -0.2333117E-05
    0.3350046E-05   -0.2633596E-04    0.3957698E-05    0.6965901E-03    0.1347898E-02    0.9481206E-04   -0.8507095E-03    0.7491740E-05   -0.3407952E-01    0.6304922E-03    0.5726983E-02   -0.1142189E+00   -0.5371297E-01   -0.3677538E-02    0.2700826E-01   -0.1283129E-01   -0.1153077E-03    0.1353724E-03   -0.5919789E-02    0.8534333E-03    0.1861100E-06   -0.4441923E-05
    0.8150522E-06   -0.1150187E-04    0.1475920E-05    0.6224633E-04    0.9481206E-04    0.3983434E-04    0.5626696E-04    0.5440389E-07   -0.7330574E-02    0.1278993E-03    0.1821677E-02   -0.3664325E-01   -0.1310882E-01    0.2536492E-03    0.6129137E-02   -0.3465418E-02    0.3707168E-03   -0.7994126E-04   -0.9828363E-03    0.2301467E-03   -0.1828954E-06   -0.7774443E-06
    0.4706877E-06   -0.3285485E-04    0.5149108E-05   -0.3761614E-03   -0.8507095E-03    0.5626696E-04    0.1675733E-02   -0.6464652E-05    0.2649963E-01   -0.4765764E-03   -0.3836274E-02    0.7090595E-01    0.1621815E-01   -0.1786108E-01   -0.3961670E-01    0.1150411E-01    0.5336851E-03    0.1163020E-02    0.2476418E-02   -0.5389671E-02   -0.4722903E-06    0.3002347E-05
    0.1987389E-07   -0.9991728E-07    0.2673265E-07   -0.2156298E-05    0.7491740E-05    0.5440389E-07   -0.6464652E-05    0.5921423E-05    0.6748715E-03    0.2781485E-05    0.2393616E-04    0.3572058E-02    0.4878707E-03    0.2916883E-03    0.1206140E-02    0.2542516E-04   -0.6141940E-04   -0.1806391E-04    0.8575874E-04    0.7763640E-03    0.1799167E-07    0.1535364E-08
   -0.2118467E-03    0.7154213E-03   -0.4640606E-04   -0.1768749E-01   -0.3407952E-01   -0.7330574E-02    0.2649963E-01    0.6748715E-03    0.4883579E+02   -0.4474023E+00   -0.1701399E+01    0.4443207E+02    0.3166333E+01   -0.1912944E+02   -0.6511451E+02    0.3446496E+00   -0.1043094E+00    0.5012234E+00   -0.3220218E+01   -0.2543816E+02   -0.1884603E-03    0.4370951E-02
    0.3863821E-05   -0.8574121E-05    0.6571580E-06    0.2921425E-03    0.6304922E-03    0.1278993E-03   -0.4765764E-03    0.2781485E-05   -0.4474023E+00    0.8153361E-01   -0.5823408E-01   -0.5806795E+00    0.9087553E+00    0.1739756E+01    0.6890109E+00    0.6048189E-01   -0.6586874E-02   -0.4021388E-02    0.9939796E-01    0.9998222E-01    0.7848271E-05   -0.1598099E-04
    0.5763550E-04   -0.2113448E-03    0.1794138E-04    0.3081686E-02    0.5726983E-02    0.1821677E-02   -0.3836274E-02    0.2393616E-04   -0.1701399E+01   -0.5823408E-01    0.3739491E+01   -0.2891178E+02   -0.3819004E+01    0.7829943E+01    0.6678199E+01   -0.2771483E+01   -0.1889581E+00    0.9531365E-01    0.2436064E+01    0.2078082E+01    0.2051488E-03   -0.3532525E-03
   -0.9255150E-03    0.3773765E-02   -0.2933303E-03   -0.6461946E-01   -0.1142189E+00   -0.3664325E-01    0.7090595E-01    0.3572058E-02    0.4443207E+02   -0.5806795E+00   -0.2891178E+02    0.7341713E+03    0.7244981E+02   -0.5781678E+02   -0.6948920E+02    0.1392350E+02   -0.1139451E+01   -0.3011377E+00   -0.1292906E+02   -0.2084695E+02    0.4665899E-02    0.3789364E-02
   -0.5770805E-03    0.2627561E-02   -0.3519079E-03   -0.3084481E-01   -0.5371297E-01   -0.1310882E-01    0.1621815E-01    0.4878707E-03    0.3166333E+01    0.9087553E+00   -0.3819004E+01    0.7244981E+02    0.6158925E+02    0.4244303E+02    0.1633241E+02   -0.4539178E+01   -0.3446781E+00   -0.1141702E+01    0.4048283E+01    0.3411241E+01    0.1786470E-03    0.4131206E-03
   -0.1838324E-03    0.1237474E-02   -0.2271820E-03   -0.4796428E-02   -0.3677538E-02    0.2536492E-03   -0.1786108E-01    0.2916883E-03   -0.1912944E+02    0.1739756E+01    0.7829943E+01   -0.5781678E+02    0.4244303E+02    0.9257882E+02    0.6425291E+02   -0.1248856E+02   -0.7346904E+00   -0.6317496E+00    0.5059256E+01    0.5992248E+01    0.8121466E-03   -0.2313127E-02
   -0.2883161E-05    0.3920109E-03   -0.1550781E-03    0.1006762E-01    0.2700826E-01    0.6129137E-02   -0.3961670E-01    0.1206140E-02   -0.6511451E+02    0.6890109E+00    0.6678199E+01   -0.6948920E+02    0.1633241E+02    0.6425291E+02    0.1240953E+03   -0.1053602E+02   -0.3965852E+00   -0.9490497E+00    0.1150059E+01    0.2244666E+02    0.6712543E-03   -0.7514041E-02
   -0.7783595E-04    0.2541686E-03   -0.1898386E-04   -0.6316594E-02   -0.1283129E-01   -0.3465418E-02    0.1150411E-01    0.2542516E-04    0.3446496E+00    0.6048189E-01   -0.2771483E+01    0.1392350E+02   -0.4539178E+01   -0.1248856E+02   -0.1053602E+02    0.6418927E+01    0.1727100E+00   -0.7803598E-01   -0.2009950E+01   -0.1447251E+01   -0.1341764E-03    0.1642024E-03
   -0.5928236E-05   -0.6838573E-04    0.2243000E-05    0.2333731E-03   -0.1153077E-03    0.3707168E-03    0.5336851E-03   -0.6141940E-04   -0.1043094E+00   -0.6586874E-02   -0.1889581E+00   -0.1139451E+01   -0.3446781E+00   -0.7346904E+00   -0.3965852E+00    0.1727100E+00    0.3197304E+01    0.7081212E+00    0.2600538E+00    0.3918631E+00    0.4010600E-03    0.7096596E-05
    0.4975652E-05   -0.9223305E-05    0.1166798E-04    0.3816083E-03    0.1353724E-03   -0.7994126E-04    0.1163020E-02   -0.1806391E-04    0.5012234E+00   -0.4021388E-02    0.9531365E-01   -0.3011377E+00   -0.1141702E+01   -0.6317496E+00   -0.9490497E+00   -0.7803598E-01    0.7081212E+00    0.3104021E+01    0.2385474E+01    0.1350537E+01   -0.4063398E-03   -0.1694172E-03
   -0.2422755E-04    0.2218327E-03   -0.1174429E-04   -0.3144969E-02   -0.5919789E-02   -0.9828363E-03    0.2476418E-02    0.8575874E-04   -0.3220218E+01    0.9939796E-01    0.2436064E+01   -0.1292906E+02    0.4048283E+01    0.5059256E+01    0.1150059E+01   -0.2009950E+01    0.2600538E+00    0.2385474E+01    0.1803810E+02    0.2776433E+02   -0.8732633E-04    0.2548215E-02
    0.5918327E-05    0.2384861E-03   -0.1092498E-04   -0.8067495E-03    0.8534333E-03    0.2301467E-03   -0.5389671E-02    0.7763640E-03   -0.2543816E+02    0.9998222E-01    0.2078082E+01   -0.2084695E+02    0.3411241E+01    0.5992248E+01    0.2244666E+02   -0.1447251E+01    0.3918631E+00    0.1350537E+01    0.2776433E+02    0.6307575E+02   -0.9106743E-04    0.4518673E-02
    0.3060797E-08   -0.3270381E-07    0.2281430E-08   -0.3103714E-07    0.1861100E-06   -0.1828954E-06   -0.4722903E-06    0.1799167E-07   -0.1884603E-03    0.7848271E-05    0.2051488E-03    0.4665899E-02    0.1786470E-03    0.8121466E-03    0.6712543E-03   -0.1341764E-03    0.4010600E-03   -0.4063398E-03   -0.8732633E-04   -0.9106743E-04    0.5418993E-06   -0.6411555E-10
   -0.2294467E-07    0.1053889E-06   -0.1920567E-08   -0.2333117E-05   -0.4441923E-05   -0.7774443E-06    0.3002347E-05    0.1535364E-08    0.4370951E-02   -0.1598099E-04   -0.3532525E-03    0.3789364E-02    0.4131206E-03   -0.2313127E-02   -0.7514041E-02    0.1642024E-03    0.7096596E-05   -0.1694172E-03    0.2548215E-02    0.4518673E-02   -0.6411555E-10    0.2075891E-05
