# omegabh2 omegach2 theta tau meffsterile nnu logA ns r calPlanck acib217 xi asz143 aps100 aps143 aps143217 aps217 aksz kgal100 kgal143 kgal143217 kgal217 galfEE100 galfEE100143 galfEE100217 galfEE143 galfEE143217 galfEE217 galfTE100 galfTE100143 galfTE100217 galfTE143 galfTE143217 galfTE217 cal0 cal2
    0.3403315E-07    0.1280609E-06   -0.9381983E-09    0.1418800E-05   -0.9580811E-06    0.1338425E-04    0.3053921E-05    0.8620712E-06    0.4039466E-06    0.1619634E-07   -0.4725483E-04    0.9345483E-06    0.1777180E-04   -0.2569165E-03   -0.1122666E-03   -0.8051316E-05    0.2178591E-04   -0.2271428E-04    0.8589090E-05    0.2300783E-05    0.5706809E-05    0.1808094E-04    0.1494128E-06    0.5039450E-07   -0.1917050E-07    0.5147817E-07   -0.3587081E-08   -0.7024921E-07   -0.5859936E-06   -0.1543874E-06   -0.5162078E-06   -0.4166183E-07   -0.3221127E-06   -0.1723960E-05    0.2494407E-08   -0.2209282E-08
    0.1280609E-06    0.1051941E-04   -0.6757319E-06    0.2942644E-05   -0.2321450E-03    0.3208366E-03    0.2141586E-04    0.8655334E-05    0.4843115E-05    0.1923379E-06    0.2718734E-02   -0.3917251E-04   -0.5085037E-03    0.9233133E-02    0.3569280E-02   -0.5668172E-04   -0.2293982E-02    0.1070114E-02    0.1987614E-03    0.1260436E-03    0.1436942E-03   -0.5911080E-03    0.5366221E-06    0.1026339E-06    0.8058649E-06    0.1029074E-06   -0.2896596E-06   -0.3201711E-06   -0.1264729E-05   -0.1066625E-06   -0.7675809E-05    0.8870363E-06    0.1865632E-05    0.1241218E-04   -0.2665998E-07    0.2361155E-06
   -0.9381983E-09   -0.6757319E-06    0.1397071E-06    0.5201166E-06   -0.2416645E-05   -0.2711919E-04   -0.1358328E-06   -0.4252669E-06   -0.4397115E-06    0.2194491E-08   -0.2615098E-03    0.3900656E-05    0.4422785E-04   -0.8684976E-03   -0.3723494E-03   -0.3716135E-04    0.1835023E-03   -0.9570107E-04   -0.1501582E-04   -0.1169475E-04   -0.6301390E-05    0.7578730E-04    0.1558117E-08   -0.3383089E-08   -0.2112761E-07    0.1892391E-07   -0.3465795E-07    0.1281954E-07   -0.8096159E-07   -0.9356807E-07   -0.4681248E-06   -0.8324005E-07   -0.1609769E-06   -0.2122605E-05    0.5460715E-08   -0.2405813E-07
    0.1418800E-05    0.2942644E-05    0.5201166E-06    0.2184338E-03   -0.1188635E-03    0.6978404E-03    0.4211082E-03    0.6400110E-04   -0.2432106E-05   -0.3031407E-05   -0.3916494E-02    0.8801606E-04    0.1075017E-02   -0.2399213E-01   -0.7871022E-02   -0.4217035E-03    0.1244742E-02   -0.1281800E-02    0.7194381E-03    0.1851823E-03   -0.3936241E-03   -0.7958715E-03    0.1255259E-04    0.3762543E-05    0.1771288E-05    0.4029768E-05   -0.3455143E-05   -0.9962231E-06   -0.2324680E-04   -0.3561502E-05   -0.3324625E-06   -0.4477131E-05   -0.1098728E-04   -0.9240037E-04   -0.1371661E-06   -0.5369907E-06
   -0.9580811E-06   -0.2321450E-03   -0.2416645E-05   -0.1188635E-03    0.4007847E-01    0.2161112E-02   -0.2161691E-03   -0.4247876E-03   -0.3477651E-03   -0.1665879E-04    0.1735637E-01   -0.3921816E-03   -0.6558942E-02    0.1099079E+00    0.1603884E+00    0.1182052E+00    0.1054990E+00    0.5300523E-02   -0.6086145E-03   -0.1138315E-02   -0.9919337E-03   -0.1572025E-01   -0.8627437E-04   -0.1604070E-04   -0.6251580E-05   -0.3016969E-04    0.7228405E-04    0.7959739E-04   -0.8156459E-04   -0.2154057E-04    0.8228714E-04    0.2635249E-05    0.9588338E-04    0.1736892E-03   -0.1178147E-05    0.2124460E-06
    0.1338425E-04    0.3208366E-03   -0.2711919E-04    0.6978404E-03    0.2161112E-02    0.1736551E-01    0.1957839E-02    0.6148214E-03    0.3378362E-03    0.7587076E-05    0.1065812E+00   -0.1549455E-02   -0.1615531E-01    0.3117124E+00    0.1499591E+00    0.2207447E-01   -0.6551274E-01    0.3945592E-01    0.1080546E-01    0.6711443E-02    0.4509455E-02   -0.3397361E-01    0.6897537E-04    0.2296711E-04    0.2285863E-04    0.2087900E-04   -0.1526371E-04   -0.2786407E-04   -0.1838339E-03   -0.3007447E-04   -0.1793846E-03    0.1219472E-04   -0.3190358E-04    0.1289440E-03   -0.1971875E-05    0.8064294E-05
    0.3053921E-05    0.2141586E-04   -0.1358328E-06    0.4211082E-03   -0.2161691E-03    0.1957839E-02    0.8676882E-03    0.1349028E-03    0.2957354E-05    0.6258695E-05   -0.2605020E-02    0.1586277E-03    0.1196414E-02   -0.2512398E-01   -0.5542931E-02    0.3661849E-02    0.5067065E-02   -0.1398493E-02    0.1533882E-02    0.2804960E-04   -0.1030360E-02   -0.1492875E-02    0.2642271E-04    0.7735563E-05    0.4108236E-05    0.8632840E-05   -0.7165347E-05    0.2396124E-05   -0.5022097E-04   -0.6720346E-05   -0.7420017E-05   -0.7083149E-05   -0.1674899E-04   -0.1335102E-03   -0.1143861E-06   -0.7333265E-06
    0.8620712E-06    0.8655334E-05   -0.4252669E-06    0.6400110E-04   -0.4247876E-03    0.6148214E-03    0.1349028E-03    0.5267995E-04    0.4564844E-04    0.8680978E-06   -0.2265640E-02    0.7593982E-04    0.1028880E-02   -0.1975117E-01   -0.4410588E-02    0.2523609E-02    0.3554719E-02   -0.1813783E-02    0.6320708E-03    0.9658134E-04   -0.3499403E-03   -0.5558683E-03    0.9234379E-05    0.2806606E-05    0.3458731E-06    0.3126391E-05   -0.1764352E-05   -0.4644050E-06   -0.8098532E-05   -0.1307288E-05    0.1193466E-05   -0.1100914E-05   -0.8347795E-05   -0.3378518E-04   -0.1776543E-06   -0.2958651E-06
    0.4039466E-06    0.4843115E-05   -0.4397115E-06   -0.2432106E-05   -0.3477651E-03    0.3378362E-03    0.2957354E-05    0.4564844E-04    0.1528724E-02    0.4140686E-05   -0.7415493E-02    0.3044285E-03    0.1810012E-02   -0.3491568E-01   -0.3100397E-02    0.1111640E-01    0.1288903E-01   -0.3548672E-02   -0.1849697E-02   -0.3469741E-03    0.1427748E-02    0.4671064E-02   -0.3173905E-04   -0.1166755E-04   -0.6543138E-05   -0.9688088E-05    0.2353126E-05    0.2998859E-04    0.1846131E-03    0.5446341E-04    0.6403541E-04   -0.6677943E-05    0.5128198E-05   -0.1064910E-04   -0.4557473E-06   -0.7905141E-07
    0.1619634E-07    0.1923379E-06    0.2194491E-08   -0.3031407E-05   -0.1665879E-04    0.7587076E-05    0.6258695E-05    0.8680978E-06    0.4140686E-05    0.6137260E-05    0.1032155E-02    0.9489121E-05   -0.8147317E-05    0.3092491E-02    0.7097426E-03    0.5944758E-03    0.9459577E-03   -0.2083175E-04    0.4673250E-05   -0.8170874E-05   -0.5515625E-04    0.4819663E-03    0.1585712E-05    0.4070815E-06   -0.3471161E-06    0.7017887E-06   -0.2875917E-06    0.2811748E-05   -0.2922971E-06    0.4978425E-06    0.2584909E-05    0.2140178E-06    0.2532710E-06    0.1179318E-04   -0.1302609E-07    0.1563219E-08
   -0.4725483E-04    0.2718734E-02   -0.2615098E-03   -0.3916494E-02    0.1735637E-01    0.1065812E+00   -0.2605020E-02   -0.2265640E-02   -0.7415493E-02    0.1032155E-02    0.4918064E+02   -0.4625856E+00   -0.1409575E+01    0.4231428E+02    0.1443129E+01   -0.1965258E+02   -0.6585312E+02    0.7954464E-01   -0.2221667E+00    0.3117354E+00   -0.3431991E+01   -0.2573759E+02   -0.4162372E-03   -0.3905682E-04    0.5395585E-03    0.1136626E-03   -0.1852047E-03   -0.1679201E-03   -0.4081398E-02   -0.1323064E-02    0.1004927E-01   -0.2917755E-02   -0.3354447E-02    0.1504625E-01   -0.2039444E-03    0.4384664E-02
    0.9345483E-06   -0.3917251E-04    0.3900656E-05    0.8801606E-04   -0.3921816E-03   -0.1549455E-02    0.1586277E-03    0.7593982E-04    0.3044285E-03    0.9489121E-05   -0.4625856E+00    0.8204694E-01   -0.8044034E-01   -0.3923138E+00    0.9257171E+00    0.1692984E+01    0.6720833E+00    0.9011928E-01   -0.5675706E-02    0.1492673E-02    0.8315260E-01    0.8730102E-01   -0.4510008E-05   -0.3272778E-05    0.3446689E-04   -0.2795595E-05    0.2213720E-04    0.1925807E-03   -0.9261249E-04    0.5494812E-04    0.1084268E-03    0.1421286E-03    0.2536491E-04   -0.4746305E-03    0.7587302E-05   -0.1640047E-04
    0.1777180E-04   -0.5085037E-03    0.4422785E-04    0.1075017E-02   -0.6558942E-02   -0.1615531E-01    0.1196414E-02    0.1028880E-02    0.1810012E-02   -0.8147317E-05   -0.1409575E+01   -0.8044034E-01    0.3860928E+01   -0.2971872E+02   -0.3672783E+01    0.7990713E+01    0.6776139E+01   -0.2970664E+01   -0.1891562E+00    0.1033499E+00    0.2571778E+01    0.2165356E+01    0.2913244E-03    0.1286703E-03    0.3842160E-04    0.1100534E-03    0.3659448E-03   -0.1057240E-02   -0.8759805E-04    0.1390255E-03   -0.2772223E-03    0.1677316E-03    0.8885743E-03   -0.1417956E-02    0.1971036E-03   -0.3375047E-03
   -0.2569165E-03    0.9233133E-02   -0.8684976E-03   -0.2399213E-01    0.1099079E+00    0.3117124E+00   -0.2512398E-01   -0.1975117E-01   -0.3491568E-01    0.3092491E-02    0.4231428E+02   -0.3923138E+00   -0.2971872E+02    0.7243176E+03    0.6952863E+02   -0.5743132E+02   -0.6999446E+02    0.1448294E+02    0.7431641E-02   -0.6243434E+00   -0.1512935E+02   -0.2191760E+02   -0.2032982E-03   -0.1373977E-03    0.1944112E-02   -0.1513399E-02   -0.6048218E-02    0.1665169E-01    0.3821401E-01    0.5470732E-02    0.1846368E-01    0.5159092E-02   -0.7212147E-02    0.2272427E-01    0.4504057E-02    0.4038866E-02
   -0.1122666E-03    0.3569280E-02   -0.3723494E-03   -0.7871022E-02    0.1603884E+00    0.1499591E+00   -0.5542931E-02   -0.4410588E-02   -0.3100397E-02    0.7097426E-03    0.1443129E+01    0.9257171E+00   -0.3672783E+01    0.6952863E+02    0.5821387E+02    0.4101413E+02    0.1668897E+02   -0.4553925E+01   -0.2989262E+00   -0.8633307E+00    0.4251114E+01    0.4209721E+01   -0.1356074E-02   -0.6295886E-03    0.2288326E-02   -0.9812683E-03   -0.6002742E-03    0.7217829E-02    0.7373487E-04    0.2839896E-02    0.5041893E-03   -0.6961229E-04   -0.1935771E-03    0.1348873E-01    0.1443126E-03    0.3267238E-03
   -0.8051316E-05   -0.5668172E-04   -0.3716135E-04   -0.4217035E-03    0.1182052E+00    0.2207447E-01    0.3661849E-02    0.2523609E-02    0.1111640E-01    0.5944758E-03   -0.1965258E+02    0.1692984E+01    0.7990713E+01   -0.5743132E+02    0.4101413E+02    0.9185330E+02    0.6489342E+02   -0.1262340E+02   -0.6287293E+00   -0.2890105E+00    0.5254021E+01    0.6354548E+01    0.2045772E-03   -0.1278082E-03    0.1912713E-02   -0.4385862E-03    0.2181878E-02    0.4403011E-02   -0.2175634E-02    0.2227970E-02    0.4077597E-02    0.4521292E-02    0.6426845E-02   -0.3787552E-02    0.7982696E-03   -0.2336046E-02
    0.2178591E-04   -0.2293982E-02    0.1835023E-03    0.1244742E-02    0.1054990E+00   -0.6551274E-01    0.5067065E-02    0.3554719E-02    0.1288903E-01    0.9459577E-03   -0.6585312E+02    0.6720833E+00    0.6776139E+01   -0.6999446E+02    0.1668897E+02    0.6489342E+02    0.1257651E+03   -0.1076892E+02   -0.1395663E+00   -0.4607549E+00    0.1755830E+01    0.2341307E+02    0.1368175E-02   -0.4511144E-04    0.5889793E-03   -0.4515047E-03    0.1817172E-02    0.7698956E-03    0.5238080E-02    0.3127503E-02   -0.9145018E-02    0.4265966E-02    0.9896408E-02   -0.4285117E-02    0.6552689E-03   -0.7522947E-02
   -0.2271428E-04    0.1070114E-02   -0.9570107E-04   -0.1281800E-02    0.5300523E-02    0.3945592E-01   -0.1398493E-02   -0.1813783E-02   -0.3548672E-02   -0.2083175E-04    0.7954464E-01    0.9011928E-01   -0.2970664E+01    0.1448294E+02   -0.4553925E+01   -0.1262340E+02   -0.1076892E+02    0.6654281E+01    0.1263543E+00   -0.1107198E+00   -0.2293262E+01   -0.1701269E+01   -0.5387133E-03   -0.8697311E-04   -0.3155389E-03   -0.4678275E-04   -0.3756365E-03    0.3098489E-04    0.4592558E-03    0.2371453E-05   -0.2294398E-02    0.5677387E-03   -0.8473002E-03    0.5329856E-02   -0.1546240E-03    0.1463430E-03
    0.8589090E-05    0.1987614E-03   -0.1501582E-04    0.7194381E-03   -0.6086145E-03    0.1080546E-01    0.1533882E-02    0.6320708E-03   -0.1849697E-02    0.4673250E-05   -0.2221667E+00   -0.5675706E-02   -0.1891562E+00    0.7431641E-02   -0.2989262E+00   -0.6287293E+00   -0.1395663E+00    0.1263543E+00    0.3191081E+01    0.7969892E+00    0.3449114E+00    0.6089257E+00    0.2517778E-03   -0.1068691E-04   -0.5985954E-04    0.5310006E-04   -0.2082052E-04   -0.8497653E-04   -0.4644082E-02   -0.4033711E-03   -0.1036207E-03   -0.2370670E-03   -0.1118681E-02   -0.1581658E-02    0.4310142E-03   -0.1352997E-04
    0.2300783E-05    0.1260436E-03   -0.1169475E-04    0.1851823E-03   -0.1138315E-02    0.6711443E-02    0.2804960E-04    0.9658134E-04   -0.3469741E-03   -0.8170874E-05    0.3117354E+00    0.1492673E-02    0.1033499E+00   -0.6243434E+00   -0.8633307E+00   -0.2890105E+00   -0.4607549E+00   -0.1107198E+00    0.7969892E+00    0.3113934E+01    0.2376899E+01    0.1292902E+01    0.3601414E-03    0.4050229E-04    0.2312378E-03    0.2121504E-04   -0.9418957E-04    0.1002999E-02    0.1980527E-02   -0.1913473E-04   -0.1131629E-02    0.1009927E-03   -0.3331766E-04    0.1570815E-02   -0.4280467E-03   -0.2170237E-03
    0.5706809E-05    0.1436942E-03   -0.6301390E-05   -0.3936241E-03   -0.9919337E-03    0.4509455E-02   -0.1030360E-02   -0.3499403E-03    0.1427748E-02   -0.5515625E-04   -0.3431991E+01    0.8315260E-01    0.2571778E+01   -0.1512935E+02    0.4251114E+01    0.5254021E+01    0.1755830E+01   -0.2293262E+01    0.3449114E+00    0.2376899E+01    0.1801423E+02    0.2750448E+02   -0.2321501E-03    0.1245667E-03    0.3308415E-03    0.1361475E-03   -0.7490857E-03    0.2220806E-02    0.2210733E-03    0.8122679E-03   -0.1008581E-01    0.8936401E-04   -0.8848740E-03   -0.1395001E-02   -0.1037793E-03    0.2395525E-02
    0.1808094E-04   -0.5911080E-03    0.7578730E-04   -0.7958715E-03   -0.1572025E-01   -0.3397361E-01   -0.1492875E-02   -0.5558683E-03    0.4671064E-02    0.4819663E-03   -0.2573759E+02    0.8730102E-01    0.2165356E+01   -0.2191760E+02    0.4209721E+01    0.6354548E+01    0.2341307E+02   -0.1701269E+01    0.6089257E+00    0.1292902E+01    0.2750448E+02    0.6222053E+02   -0.4520585E-03    0.2248878E-03   -0.6984342E-03    0.2941168E-03   -0.1742507E-02    0.3993484E-02    0.1271604E-03    0.1270410E-02   -0.1310946E-01    0.3009571E-02   -0.1611219E-02   -0.6271257E-02   -0.5529280E-04    0.4255754E-02
    0.1494128E-06    0.5366221E-06    0.1558117E-08    0.1255259E-04   -0.8627437E-04    0.6897537E-04    0.2642271E-04    0.9234379E-05   -0.3173905E-04    0.1585712E-05   -0.4162372E-03   -0.4510008E-05    0.2913244E-03   -0.2032982E-03   -0.1356074E-02    0.2045772E-03    0.1368175E-02   -0.5387133E-03    0.2517778E-03    0.3601414E-03   -0.2321501E-03   -0.4520585E-03    0.1284958E-03    0.1161786E-04    0.7774701E-06    0.3262565E-05    0.1487955E-06   -0.2500282E-05   -0.7580201E-05    0.1124159E-05    0.1822229E-04    0.1505285E-05   -0.2702346E-05    0.6324717E-05    0.5053038E-07   -0.1905963E-06
    0.5039450E-07    0.1026339E-06   -0.3383089E-08    0.3762543E-05   -0.1604070E-04    0.2296711E-04    0.7735563E-05    0.2806606E-05   -0.1166755E-04    0.4070815E-06   -0.3905682E-04   -0.3272778E-05    0.1286703E-03   -0.1373977E-03   -0.6295886E-03   -0.1278082E-03   -0.4511144E-04   -0.8697311E-04   -0.1068691E-04    0.4050229E-04    0.1245667E-03    0.2248878E-03    0.1161786E-04    0.1381354E-04    0.8714977E-06    0.6274049E-05   -0.4444989E-07   -0.2093848E-05   -0.2757310E-05   -0.1154202E-05   -0.6006244E-05   -0.4890000E-06   -0.3682506E-06    0.2901951E-05   -0.9297996E-08   -0.4126961E-08
   -0.1917050E-07    0.8058649E-06   -0.2112761E-07    0.1771288E-05   -0.6251580E-05    0.2285863E-04    0.4108236E-05    0.3458731E-06   -0.6543138E-05   -0.3471161E-06    0.5395585E-03    0.3446689E-04    0.3842160E-04    0.1944112E-02    0.2288326E-02    0.1912713E-02    0.5889793E-03   -0.3155389E-03   -0.5985954E-04    0.2312378E-03    0.3308415E-03   -0.6984342E-03    0.7774701E-06    0.8714977E-06    0.2268649E-03    0.4481709E-07    0.1799835E-05    0.4864801E-05   -0.1907654E-04   -0.3498645E-05   -0.2530241E-04   -0.6650724E-06    0.2503694E-05    0.3384662E-05   -0.5648157E-07   -0.3414973E-07
    0.5147817E-07    0.1029074E-06    0.1892391E-07    0.4029768E-05   -0.3016969E-04    0.2087900E-04    0.8632840E-05    0.3126391E-05   -0.9688088E-05    0.7017887E-06    0.1136626E-03   -0.2795595E-05    0.1100534E-03   -0.1513399E-02   -0.9812683E-03   -0.4385862E-03   -0.4515047E-03   -0.4678275E-04    0.5310006E-04    0.2121504E-04    0.1361475E-03    0.2941168E-03    0.3262565E-05    0.6274049E-05    0.4481709E-07    0.2972452E-04   -0.5009958E-06   -0.2418302E-05    0.1167016E-05   -0.3721402E-06   -0.1730061E-05   -0.3348281E-05    0.1691216E-05   -0.2999305E-05   -0.3976621E-07    0.4240042E-07
   -0.3587081E-08   -0.2896596E-06   -0.3465795E-07   -0.3455143E-05    0.7228405E-04   -0.1526371E-04   -0.7165347E-05   -0.1764352E-05    0.2353126E-05   -0.2875917E-06   -0.1852047E-03    0.2213720E-04    0.3659448E-03   -0.6048218E-02   -0.6002742E-03    0.2181878E-02    0.1817172E-02   -0.3756365E-03   -0.2082052E-04   -0.9418957E-04   -0.7490857E-03   -0.1742507E-02    0.1487955E-06   -0.4444989E-07    0.1799835E-05   -0.5009958E-06    0.3955693E-03    0.1104489E-04   -0.7401875E-05   -0.3604871E-05    0.1870371E-04   -0.3635844E-05   -0.5010086E-05   -0.3408370E-04   -0.4194869E-07   -0.1833212E-06
   -0.7024921E-07   -0.3201711E-06    0.1281954E-07   -0.9962231E-06    0.7959739E-04   -0.2786407E-04    0.2396124E-05   -0.4644050E-06    0.2998859E-04    0.2811748E-05   -0.1679201E-03    0.1925807E-03   -0.1057240E-02    0.1665169E-01    0.7217829E-02    0.4403011E-02    0.7698956E-03    0.3098489E-04   -0.8497653E-04    0.1002999E-02    0.2220806E-02    0.3993484E-02   -0.2500282E-05   -0.2093848E-05    0.4864801E-05   -0.2418302E-05    0.1104489E-04    0.3488485E-02    0.2315384E-04    0.4691712E-05    0.4948989E-04   -0.7991174E-05    0.1754094E-04   -0.2017522E-04   -0.3833340E-06   -0.9529071E-07
   -0.5859936E-06   -0.1264729E-05   -0.8096159E-07   -0.2324680E-04   -0.8156459E-04   -0.1838339E-03   -0.5022097E-04   -0.8098532E-05    0.1846131E-03   -0.2922971E-06   -0.4081398E-02   -0.9261249E-04   -0.8759805E-04    0.3821401E-01    0.7373487E-04   -0.2175634E-02    0.5238080E-02    0.4592558E-03   -0.4644082E-02    0.1980527E-02    0.2210733E-03    0.1271604E-03   -0.7580201E-05   -0.2757310E-05   -0.1907654E-04    0.1167016E-05   -0.7401875E-05    0.2315384E-04    0.5888419E-02    0.1847760E-02    0.1828255E-02   -0.6967083E-03   -0.1211283E-03   -0.4001396E-05    0.1491221E-05   -0.8780247E-06
   -0.1543874E-06   -0.1066625E-06   -0.9356807E-07   -0.3561502E-05   -0.2154057E-04   -0.3007447E-04   -0.6720346E-05   -0.1307288E-05    0.5446341E-04    0.4978425E-06   -0.1323064E-02    0.5494812E-04    0.1390255E-03    0.5470732E-02    0.2839896E-02    0.2227970E-02    0.3127503E-02    0.2371453E-05   -0.4033711E-03   -0.1913473E-04    0.8122679E-03    0.1270410E-02    0.1124159E-05   -0.1154202E-05   -0.3498645E-05   -0.3721402E-06   -0.3604871E-05    0.4691712E-05    0.1847760E-02    0.1224903E-02    0.8154713E-03    0.1970456E-03   -0.7694047E-05   -0.2475347E-03   -0.1972902E-06   -0.1440680E-06
   -0.5162078E-06   -0.7675809E-05   -0.4681248E-06   -0.3324625E-06    0.8228714E-04   -0.1793846E-03   -0.7420017E-05    0.1193466E-05    0.6403541E-04    0.2584909E-05    0.1004927E-01    0.1084268E-03   -0.2772223E-03    0.1846368E-01    0.5041893E-03    0.4077597E-02   -0.9145018E-02   -0.2294398E-02   -0.1036207E-03   -0.1131629E-02   -0.1008581E-01   -0.1310946E-01    0.1822229E-04   -0.6006244E-05   -0.2530241E-04   -0.1730061E-05    0.1870371E-04    0.4948989E-04    0.1828255E-02    0.8154713E-03    0.3293577E-01   -0.5990409E-03    0.1398931E-02    0.1060125E-01   -0.4956537E-06    0.1872179E-05
   -0.4166183E-07    0.8870363E-06   -0.8324005E-07   -0.4477131E-05    0.2635249E-05    0.1219472E-04   -0.7083149E-05   -0.1100914E-05   -0.6677943E-05    0.2140178E-06   -0.2917755E-02    0.1421286E-03    0.1677316E-03    0.5159092E-02   -0.6961229E-04    0.4521292E-02    0.4265966E-02    0.5677387E-03   -0.2370670E-03    0.1009927E-03    0.8936401E-04    0.3009571E-02    0.1505285E-05   -0.4890000E-06   -0.6650724E-06   -0.3348281E-05   -0.3635844E-05   -0.7991174E-05   -0.6967083E-03    0.1970456E-03   -0.5990409E-03    0.1366073E-02    0.1772802E-03   -0.4555448E-03    0.1401488E-06   -0.1234708E-06
   -0.3221127E-06    0.1865632E-05   -0.1609769E-06   -0.1098728E-04    0.9588338E-04   -0.3190358E-04   -0.1674899E-04   -0.8347795E-05    0.5128198E-05    0.2532710E-06   -0.3354447E-02    0.2536491E-04    0.8885743E-03   -0.7212147E-02   -0.1935771E-03    0.6426845E-02    0.9896408E-02   -0.8473002E-03   -0.1118681E-02   -0.3331766E-04   -0.8848740E-03   -0.1611219E-02   -0.2702346E-05   -0.3682506E-06    0.2503694E-05    0.1691216E-05   -0.5010086E-05    0.1754094E-04   -0.1211283E-03   -0.7694047E-05    0.1398931E-02    0.1772802E-03    0.4990694E-02    0.3746389E-02    0.4315356E-06   -0.7432499E-06
   -0.1723960E-05    0.1241218E-04   -0.2122605E-05   -0.9240037E-04    0.1736892E-03    0.1289440E-03   -0.1335102E-03   -0.3378518E-04   -0.1064910E-04    0.1179318E-04    0.1504625E-01   -0.4746305E-03   -0.1417956E-02    0.2272427E-01    0.1348873E-01   -0.3787552E-02   -0.4285117E-02    0.5329856E-02   -0.1581658E-02    0.1570815E-02   -0.1395001E-02   -0.6271257E-02    0.6324717E-05    0.2901951E-05    0.3384662E-05   -0.2999305E-05   -0.3408370E-04   -0.2017522E-04   -0.4001396E-05   -0.2475347E-03    0.1060125E-01   -0.4555448E-03    0.3746389E-02    0.3511726E-01   -0.7105283E-06   -0.1338647E-05
    0.2494407E-08   -0.2665998E-07    0.5460715E-08   -0.1371661E-06   -0.1178147E-05   -0.1971875E-05   -0.1143861E-06   -0.1776543E-06   -0.4557473E-06   -0.1302609E-07   -0.2039444E-03    0.7587302E-05    0.1971036E-03    0.4504057E-02    0.1443126E-03    0.7982696E-03    0.6552689E-03   -0.1546240E-03    0.4310142E-03   -0.4280467E-03   -0.1037793E-03   -0.5529280E-04    0.5053038E-07   -0.9297996E-08   -0.5648157E-07   -0.3976621E-07   -0.4194869E-07   -0.3833340E-06    0.1491221E-05   -0.1972902E-06   -0.4956537E-06    0.1401488E-06    0.4315356E-06   -0.7105283E-06    0.5362374E-06    0.1164363E-08
   -0.2209282E-08    0.2361155E-06   -0.2405813E-07   -0.5369907E-06    0.2124460E-06    0.8064294E-05   -0.7333265E-06   -0.2958651E-06   -0.7905141E-07    0.1563219E-08    0.4384664E-02   -0.1640047E-04   -0.3375047E-03    0.4038866E-02    0.3267238E-03   -0.2336046E-02   -0.7522947E-02    0.1463430E-03   -0.1352997E-04   -0.2170237E-03    0.2395525E-02    0.4255754E-02   -0.1905963E-06   -0.4126961E-08   -0.3414973E-07    0.4240042E-07   -0.1833212E-06   -0.9529071E-07   -0.8780247E-06   -0.1440680E-06    0.1872179E-05   -0.1234708E-06   -0.7432499E-06   -0.1338647E-05    0.1164363E-08    0.2047428E-05
