# omegabh2 omegach2 theta tau mnu logA ns calPlanck aps100 aps143 aps217 acib217 asz143 psr xi aksz dust100 dust143 dust217 dust143x217 cal0 cal2 bm_1_1
    0.3935912E-07   -0.1010546E-06    0.2726568E-07    0.1148639E-05    0.2631245E-05    0.2208074E-05    0.4034196E-06    0.2845309E-07   -0.7492909E-03   -0.4388411E-03    0.1578792E-03   -0.2096500E-03    0.4382042E-04    0.5558253E-06    0.1488982E-05   -0.7003372E-04    0.1103628E-06    0.3115677E-06    0.1408301E-05   -0.7477767E-06    0.3274547E-08   -0.2444967E-07    0.2084365E-06
   -0.1010546E-06    0.1967688E-05   -0.8978025E-07   -0.1613837E-04   -0.4794157E-04   -0.2788103E-04   -0.4783509E-05   -0.2542179E-06    0.1589379E-02    0.1152581E-02   -0.5957376E-03    0.6173397E-03   -0.9350405E-04   -0.1015965E-05   -0.5333662E-05    0.1713093E-03   -0.1245358E-06    0.5825535E-06   -0.4613364E-05    0.4207593E-05   -0.3991740E-07    0.5756279E-07    0.1190288E-05
    0.2726568E-07   -0.8978025E-07    0.1762233E-06    0.1952096E-05    0.2619585E-05    0.3902929E-05    0.5092643E-06    0.6222302E-08   -0.2696271E-03   -0.1877671E-03    0.5034892E-04   -0.8301441E-04    0.1491083E-04   -0.2071042E-06    0.3511481E-06   -0.3231334E-04   -0.1692330E-06    0.1076797E-06    0.3153044E-06   -0.7553216E-06    0.3349733E-08   -0.1063024E-07    0.1755267E-05
    0.1148639E-05   -0.1613837E-04    0.1952096E-05    0.2886371E-03    0.8002452E-03    0.5307843E-03    0.4918734E-04   -0.1699742E-05   -0.3707807E-01   -0.1829617E-01    0.6404016E-02   -0.9299773E-02    0.1509283E-02    0.2079649E-04    0.8456403E-04   -0.2388729E-02    0.1547833E-04    0.4794141E-04    0.4250238E-04   -0.7035724E-04   -0.2424124E-06   -0.1365058E-05   -0.3471231E-04
    0.2631245E-05   -0.4794157E-04    0.2619585E-05    0.8002452E-03    0.5502548E-02    0.1493959E-02    0.1262959E-03    0.1019583E-04   -0.5785304E-01   -0.3166986E-01    0.2557109E-01   -0.2024873E-01    0.3874577E-02    0.1631195E-03    0.3203881E-03   -0.6511160E-02   -0.3161596E-04   -0.2130556E-03    0.1937033E-03   -0.1178169E-03    0.2005251E-05   -0.1502449E-05   -0.5101210E-03
    0.2208074E-05   -0.2788103E-04    0.3902929E-05    0.5307843E-03    0.1493959E-02    0.1006750E-02    0.8583092E-04    0.8132126E-05   -0.6462591E-01   -0.3219802E-01    0.1874153E-01   -0.1795335E-01    0.3020717E-02    0.7046019E-04    0.2056954E-03   -0.5560025E-02    0.9511440E-05    0.3687899E-04    0.1060650E-03   -0.1519694E-03   -0.3334245E-07   -0.2800518E-05   -0.4515179E-04
    0.4034196E-06   -0.4783509E-05    0.5092643E-06    0.4918734E-04    0.1262959E-03    0.8583092E-04    0.2341787E-04    0.6106011E-06   -0.2776258E-01   -0.9159816E-02    0.1124387E-01   -0.7708648E-02    0.1005856E-02    0.5071340E-04    0.8382164E-04   -0.2867741E-02    0.2814127E-04    0.9158958E-05    0.5592371E-04   -0.3522447E-04   -0.3218819E-06   -0.7577542E-06    0.2961174E-04
    0.2845309E-07   -0.2542179E-06    0.6222302E-08   -0.1699742E-05    0.1019583E-04    0.8132126E-05    0.6106011E-06    0.6031517E-05    0.3270340E-02    0.5642262E-03    0.1375835E-02    0.5016651E-03   -0.1758654E-04    0.9761758E-06    0.7299021E-05   -0.1947353E-04   -0.3126638E-05    0.1770916E-05    0.6170693E-05   -0.1168548E-04    0.3651455E-08   -0.8953082E-07    0.2338141E-05
   -0.7492909E-03    0.1589379E-02   -0.2696271E-03   -0.3707807E-01   -0.5785304E-01   -0.6462591E-01   -0.2776258E-01    0.3270340E-02    0.4954942E+03    0.6266400E+02   -0.6221014E+02    0.3396775E+02   -0.2115230E+02   -0.8304586E+00   -0.1411403E+00    0.9007191E+01   -0.7606020E-01    0.5326243E-01   -0.6969507E-01   -0.2076722E+00    0.5806671E-02    0.7588395E-02    0.1321797E+01
   -0.4388411E-03    0.1152581E-02   -0.1877671E-03   -0.1829617E-01   -0.3166986E-01   -0.3219802E-01   -0.9159816E-02    0.5642262E-03    0.6266400E+02    0.5710962E+02    0.1063211E+02    0.5789756E+01   -0.2162144E+01    0.2104941E+00    0.7556454E+00   -0.6298885E+01   -0.2748729E-01   -0.1630273E+00   -0.6954763E-01    0.1322910E+00    0.3666486E-03   -0.6500741E-03   -0.7682664E-02
    0.1578792E-03   -0.5957376E-03    0.5034892E-04    0.6404016E-02    0.2557109E-01    0.1874153E-01    0.1124387E-01    0.1375835E-02   -0.6221014E+02    0.1063211E+02    0.1681952E+03   -0.7698639E+02    0.4655082E+01    0.5154497E+00    0.4608381E+00   -0.9199615E+01   -0.9732733E-03   -0.4265407E-01    0.6177573E+00   -0.3788305E-01    0.1389847E-02   -0.1121411E-01    0.1109683E+00
   -0.2096500E-03    0.6173397E-03   -0.8301441E-04   -0.9299773E-02   -0.2024873E-01   -0.1795335E-01   -0.7708648E-02    0.5016651E-03    0.3396775E+02    0.5789756E+01   -0.7698639E+02    0.4588982E+02    0.4378874E+00   -0.8699530E-01   -0.3452028E+00   -0.1646119E+01   -0.5238629E-02    0.3830504E-01   -0.4812861E+00   -0.3758226E-01   -0.3773907E-03    0.4913254E-02   -0.2325173E-01
    0.4382042E-04   -0.9350405E-04    0.1491083E-04    0.1509283E-02    0.3874577E-02    0.3020717E-02    0.1005856E-02   -0.1758654E-04   -0.2115230E+02   -0.2162144E+01    0.4655082E+01    0.4378874E+00    0.3512157E+01    0.1341986E+00   -0.8115825E-01   -0.2932286E+01   -0.6585432E-02   -0.1491794E-01   -0.4164054E-01    0.5876076E-01    0.3899962E-03   -0.9359902E-03    0.9690397E-02
    0.5558253E-06   -0.1015965E-05   -0.2071042E-06    0.2079649E-04    0.1631195E-03    0.7046019E-04    0.5071340E-04    0.9761758E-06   -0.8304586E+00    0.2104941E+00    0.5154497E+00   -0.8699530E-01    0.1341986E+00    0.1223833E-01    0.1425900E-01   -0.1609109E+00   -0.4778616E-03   -0.9127286E-04   -0.1342613E-02    0.6759744E-03    0.1814788E-04   -0.4039895E-04    0.8617351E-05
    0.1488982E-05   -0.5333662E-05    0.3511481E-06    0.8456403E-04    0.3203881E-03    0.2056954E-03    0.8382164E-04    0.7299021E-05   -0.1411403E+00    0.7556454E+00    0.4608381E+00   -0.3452028E+00   -0.8115825E-01    0.1425900E-01    0.8008674E-01    0.8363643E-01   -0.3556347E-03   -0.7443898E-04    0.9565098E-04    0.1021942E-02    0.8030211E-05   -0.3847106E-04   -0.2050425E-02
   -0.7003372E-04    0.1713093E-03   -0.3231334E-04   -0.2388729E-02   -0.6511160E-02   -0.5560025E-02   -0.2867741E-02   -0.1947353E-04    0.9007191E+01   -0.6298885E+01   -0.9199615E+01   -0.1646119E+01   -0.2932286E+01   -0.1609109E+00    0.8363643E-01    0.7072551E+01    0.7518696E-03    0.9943780E-02    0.4598748E-01   -0.5595785E-01   -0.3311366E-03    0.6817684E-03   -0.2662744E-01
    0.1103628E-06   -0.1245358E-06   -0.1692330E-06    0.1547833E-04   -0.3161596E-04    0.9511440E-05    0.2814127E-04   -0.3126638E-05   -0.7606020E-01   -0.2748729E-01   -0.9732733E-03   -0.5238629E-02   -0.6585432E-02   -0.4778616E-03   -0.3556347E-03    0.7518696E-03    0.3662881E-01    0.3320857E-02   -0.1271044E-03    0.4233944E-03    0.4045747E-04   -0.5283798E-05   -0.4690942E-03
    0.3115677E-06    0.5825535E-06    0.1076797E-06    0.4794141E-04   -0.2130556E-03    0.3687899E-04    0.9158958E-05    0.1770916E-05    0.5326243E-01   -0.1630273E+00   -0.4265407E-01    0.3830504E-01   -0.1491794E-01   -0.9127286E-04   -0.7443898E-04    0.9943780E-02    0.3320857E-02    0.3318893E-01   -0.2897022E-02    0.3032479E-02   -0.5977040E-04   -0.6684357E-04    0.3595369E-03
    0.1408301E-05   -0.4613364E-05    0.3153044E-06    0.4250238E-04    0.1937033E-03    0.1060650E-03    0.5592371E-04    0.6170693E-05   -0.6969507E-01   -0.6954763E-01    0.6177573E+00   -0.4812861E+00   -0.4164054E-01   -0.1342613E-02    0.9565098E-04    0.4598748E-01   -0.1271044E-03   -0.2897022E-02    0.1343580E-01    0.1148679E-01    0.1960253E-05    0.6517565E-04   -0.9879953E-03
   -0.7477767E-06    0.4207593E-05   -0.7553216E-06   -0.7035724E-04   -0.1178169E-03   -0.1519694E-03   -0.3522447E-04   -0.1168548E-04   -0.2076722E+00    0.1322910E+00   -0.3788305E-01   -0.3758226E-01    0.5876076E-01    0.6759744E-03    0.1021942E-02   -0.5595785E-01    0.4233944E-03    0.3032479E-02    0.1148679E-01    0.3166558E-01    0.5316337E-05    0.8743408E-04   -0.1347960E-02
    0.3274547E-08   -0.3991740E-07    0.3349733E-08   -0.2424124E-06    0.2005251E-05   -0.3334245E-07   -0.3218819E-06    0.3651455E-08    0.5806671E-02    0.3666486E-03    0.1389847E-02   -0.3773907E-03    0.3899962E-03    0.1814788E-04    0.8030211E-05   -0.3311366E-03    0.4045747E-04   -0.5977040E-04    0.1960253E-05    0.5316337E-05    0.9316434E-06   -0.5273288E-07   -0.7192756E-04
   -0.2444967E-07    0.5756279E-07   -0.1063024E-07   -0.1365058E-05   -0.1502449E-05   -0.2800518E-05   -0.7577542E-06   -0.8953082E-07    0.7588395E-02   -0.6500741E-03   -0.1121411E-01    0.4913254E-02   -0.9359902E-03   -0.4039895E-04   -0.3847106E-04    0.6817684E-03   -0.5283798E-05   -0.6684357E-04    0.6517565E-04    0.8743408E-04   -0.5273288E-07    0.3107973E-05   -0.1710346E-04
    0.2084365E-06    0.1190288E-05    0.1755267E-05   -0.3471231E-04   -0.5101210E-03   -0.4515179E-04    0.2961174E-04    0.2338141E-05    0.1321797E+01   -0.7682664E-02    0.1109683E+00   -0.2325173E-01    0.9690397E-02    0.8617351E-05   -0.2050425E-02   -0.2662744E-01   -0.4690942E-03    0.3595369E-03   -0.9879953E-03   -0.1347960E-02   -0.7192756E-04   -0.1710346E-04    0.1004906E+01
