# omegabh2 omegach2 theta tau mnu logA ns acib217 acibsz143 asz143 aps100 aps143 aps143217 aps217 aksz kgal100 t1gal143 t1gal143217 t1gal217 calib_100T calib_217T
    0.4895528E-07   -0.8743128E-07    0.2800021E-07    0.6358743E-06    0.1776155E-05    0.1125002E-05    0.3661221E-06   -0.3041909E-03   -0.1286157E-03    0.2092077E-05   -0.8290635E-03   -0.3222537E-03   -0.1090642E-04    0.6114198E-04   -0.7519932E-04    0.8842450E-03    0.4725953E-03    0.4384128E-03    0.4099635E-03   -0.5330147E-07    0.1593835E-07
   -0.8743128E-07    0.2098633E-05   -0.9526399E-07   -0.4908492E-05   -0.4304941E-04   -0.4789225E-05   -0.4485465E-05    0.1287233E-03   -0.5452264E-04   -0.1223669E-03    0.3954882E-03    0.8778310E-03    0.6087802E-03    0.3643967E-03   -0.6141733E-04    0.1286870E-02    0.6326858E-03    0.7201923E-03    0.9242375E-03   -0.5905885E-07   -0.6508002E-07
    0.2800021E-07   -0.9526399E-07    0.1951881E-06    0.4802610E-06    0.2086388E-05    0.8839538E-06    0.4971076E-06   -0.1458261E-04    0.4048870E-04    0.3161353E-05   -0.3077375E-03   -0.2153479E-03   -0.2261267E-03   -0.9786612E-04   -0.2517549E-04    0.4802143E-03    0.3365442E-03    0.3563344E-03    0.4092810E-03   -0.2574929E-07   -0.2618240E-08
    0.6358743E-06   -0.4908492E-05    0.4802610E-06    0.1760605E-03    0.1898203E-03    0.3411101E-03    0.2280779E-04   -0.1019731E-01   -0.3926021E-02   -0.5193551E-03   -0.1485815E-01   -0.2607251E-03    0.8328329E-02    0.1156159E-01   -0.2864701E-02   -0.3016078E-02   -0.1168288E-01   -0.1225845E-01   -0.1188805E-01   -0.3206798E-06    0.4177338E-06
    0.1776155E-05   -0.4304941E-04    0.2086388E-05    0.1898203E-03    0.4382275E-02    0.2681655E-03    0.8387324E-04    0.7468497E-02    0.5875544E-02    0.4970443E-02    0.1180675E-01   -0.3055797E-01   -0.3141865E-01   -0.2922422E-01    0.4010112E-02    0.4098217E-02    0.4549523E-02    0.1216309E-01    0.1345808E-01   -0.2101569E-05   -0.2055553E-06
    0.1125002E-05   -0.4789225E-05    0.8839538E-06    0.3411101E-03    0.2681655E-03    0.6877920E-03    0.3327631E-04   -0.1990182E-01   -0.8619236E-02   -0.1996551E-02   -0.6919221E-02    0.1756600E-01    0.3342216E-01    0.3725465E-01   -0.7026165E-02   -0.2713437E-01   -0.7412116E-01   -0.7503642E-01   -0.7366582E-01   -0.3611624E-05    0.4991946E-06
    0.3661221E-06   -0.4485465E-05    0.4971076E-06    0.2280779E-04    0.8387324E-04    0.3327631E-04    0.2473329E-04   -0.1034911E-01   -0.3853392E-02   -0.1117337E-02   -0.1278586E-01    0.2973994E-02    0.9980913E-02    0.1323574E-01   -0.2889469E-02   -0.2759972E-02   -0.4165220E-02   -0.5927221E-02   -0.5781202E-02    0.4295981E-06    0.5877502E-06
   -0.3041909E-03    0.1287233E-03   -0.1458261E-04   -0.1019731E-01    0.7468497E-02   -0.1990182E-01   -0.1034911E-01    0.6560786E+02    0.2252146E+02    0.2812346E+00    0.2716725E+02   -0.1480508E+02   -0.5842876E+02   -0.8096495E+02   -0.2738830E+01   -0.8525184E+01   -0.1905402E+02   -0.2199599E+02   -0.2557938E+02   -0.1197892E-03   -0.3525235E-02
   -0.1286157E-03   -0.5452264E-04    0.4048870E-04   -0.3926021E-02    0.5875544E-02   -0.8619236E-02   -0.3853392E-02    0.2252146E+02    0.1642501E+02    0.2336276E+01   -0.1014264E+02   -0.2107834E+02   -0.3930772E+02   -0.2361187E+02   -0.1108489E+01   -0.6140000E+01   -0.1040107E+02   -0.1662311E+02   -0.1800117E+02   -0.7633672E-04   -0.8163371E-04
    0.2092077E-05   -0.1223669E-03    0.3161353E-05   -0.5193551E-03    0.4970443E-02   -0.1996551E-02   -0.1117337E-02    0.2812346E+00    0.2336276E+01    0.5736747E+01   -0.3878584E+02   -0.1644273E+02   -0.4505645E+01    0.3507363E+00   -0.2585047E+00   -0.2218042E+01   -0.2046373E+01    0.1490213E+01    0.2208719E+01   -0.3091590E-03    0.2205123E-03
   -0.8290635E-03    0.3954882E-03   -0.3077375E-03   -0.1485815E-01    0.1180675E-01   -0.6919221E-02   -0.1278586E-01    0.2716725E+02   -0.1014264E+02   -0.3878584E+02    0.7782485E+03    0.1829788E+03    0.6909702E+02    0.8084322E+01   -0.1164777E+02   -0.7432532E+02   -0.5127357E+02   -0.5885494E+02   -0.5792244E+02   -0.2963623E-02   -0.4452018E-02
   -0.3222537E-03    0.8778310E-03   -0.2153479E-03   -0.2607251E-03   -0.3055797E-01    0.1756600E-01    0.2973994E-02   -0.1480508E+02   -0.2107834E+02   -0.1644273E+02    0.1829788E+03    0.1261039E+03    0.9615083E+02    0.5375351E+02   -0.1151885E+02   -0.2415899E+02   -0.4571668E+02   -0.3995495E+02   -0.3728310E+02   -0.1259577E-02   -0.1302753E-02
   -0.1090642E-04    0.6087802E-03   -0.2261267E-03    0.8328329E-02   -0.3141865E-01    0.3342216E-01    0.9980913E-02   -0.5842876E+02   -0.3930772E+02   -0.4505645E+01    0.6909702E+02    0.9615083E+02    0.1446736E+03    0.1089723E+03   -0.9385309E+01   -0.1741446E+02   -0.3443467E+02   -0.2542602E+02   -0.2539248E+02   -0.2208830E-02    0.1591646E-02
    0.6114198E-04    0.3643967E-03   -0.9786612E-04    0.1156159E-01   -0.2922422E-01    0.3725465E-01    0.1323574E-01   -0.8096495E+02   -0.2361187E+02    0.3507363E+00    0.8084322E+01    0.5375351E+02    0.1089723E+03    0.1516255E+03   -0.8495597E+01   -0.1959397E+02   -0.3481000E+02   -0.4335815E+02   -0.4718254E+02   -0.2287453E-02    0.6359527E-02
   -0.7519932E-04   -0.6141733E-04   -0.2517549E-04   -0.2864701E-02    0.4010112E-02   -0.7026165E-02   -0.2889469E-02   -0.2738830E+01   -0.1108489E+01   -0.2585047E+00   -0.1164777E+02   -0.1151885E+02   -0.9385309E+01   -0.8495597E+01    0.8169164E+01   -0.3761613E+01   -0.2399603E+01   -0.3269380E+01   -0.3870346E+01    0.2458432E-03    0.2290974E-03
    0.8842450E-03    0.1286870E-02    0.4802143E-03   -0.3016078E-02    0.4098217E-02   -0.2713437E-01   -0.2759972E-02   -0.8525184E+01   -0.6140000E+01   -0.2218042E+01   -0.7432532E+02   -0.2415899E+02   -0.1741446E+02   -0.1959397E+02   -0.3761613E+01    0.2276383E+03    0.1459312E+03    0.1423221E+03    0.1381720E+03   -0.1306738E-01    0.5665294E-03
    0.4725953E-03    0.6326858E-03    0.3365442E-03   -0.1168288E-01    0.4549523E-02   -0.7412116E-01   -0.4165220E-02   -0.1905402E+02   -0.1040107E+02   -0.2046373E+01   -0.5127357E+02   -0.4571668E+02   -0.3443467E+02   -0.3481000E+02   -0.2399603E+01    0.1459312E+03    0.2735383E+03    0.2753189E+03    0.2739186E+03    0.9935142E-02    0.6851200E-03
    0.4384128E-03    0.7201923E-03    0.3563344E-03   -0.1225845E-01    0.1216309E-01   -0.7503642E-01   -0.5927221E-02   -0.2199599E+02   -0.1662311E+02    0.1490213E+01   -0.5885494E+02   -0.3995495E+02   -0.2542602E+02   -0.4335815E+02   -0.3269380E+01    0.1423221E+03    0.2753189E+03    0.3163934E+03    0.3413316E+03    0.9839591E-02   -0.4871485E-02
    0.4099635E-03    0.9242375E-03    0.4092810E-03   -0.1188805E-01    0.1345808E-01   -0.7366582E-01   -0.5781202E-02   -0.2557938E+02   -0.1800117E+02    0.2208719E+01   -0.5792244E+02   -0.3728310E+02   -0.2539248E+02   -0.4718254E+02   -0.3870346E+01    0.1381720E+03    0.2739186E+03    0.3413316E+03    0.3922981E+03    0.9965699E-02   -0.9794869E-02
   -0.5330147E-07   -0.5905885E-07   -0.2574929E-07   -0.3206798E-06   -0.2101569E-05   -0.3611624E-05    0.4295981E-06   -0.1197892E-03   -0.7633672E-04   -0.3091590E-03   -0.2963623E-02   -0.1259577E-02   -0.2208830E-02   -0.2287453E-02    0.2458432E-03   -0.1306738E-01    0.9935142E-02    0.9839591E-02    0.9965699E-02    0.3154750E-05   -0.5119351E-08
    0.1593835E-07   -0.6508002E-07   -0.2618240E-08    0.4177338E-06   -0.2055553E-06    0.4991946E-06    0.5877502E-06   -0.3525235E-02   -0.8163371E-04    0.2205123E-03   -0.4452018E-02   -0.1302753E-02    0.1591646E-02    0.6359527E-02    0.2290974E-03    0.5665294E-03    0.6851200E-03   -0.4871485E-02   -0.9794869E-02   -0.5119351E-08    0.1468925E-05
