# omegabh2 omegach2 theta tau mnu logA ns acib217 acibsz143 asz143 aps100 aps143 aps143217 aps217 aksz kgal100 t1gal143 t1gal143217 t1gal217 galfEE100 galfEE100143 galfEE100217 galfEE143 galfEE143217 galfEE217 galfTE100 galfTE100143 galfTE100217 galfTE143 galfTE143217 galfTE217 calib_100T calib_217T
    0.2075647E-07   -0.7791090E-07    0.1155488E-07    0.4574401E-06    0.1160034E-05    0.8574845E-06    0.2170066E-06   -0.1509330E-03   -0.7297787E-04   -0.1381953E-04   -0.1154975E-03   -0.1704445E-04    0.1187881E-03    0.1338316E-03   -0.3201951E-04    0.1521836E-03   -0.1262312E-03   -0.1472550E-03   -0.1516358E-03    0.7873584E-07    0.9731750E-07    0.1274356E-06    0.1309665E-06    0.1423763E-06    0.1828380E-06   -0.1388906E-05   -0.1880023E-05   -0.2374255E-05   -0.3058474E-05   -0.4137931E-05   -0.6886974E-05   -0.3211508E-07    0.4670787E-08
   -0.7791090E-07    0.1266367E-05   -0.6764117E-07   -0.4389513E-05   -0.2221495E-04   -0.5444180E-05   -0.2964218E-05    0.2323823E-03    0.4108281E-04   -0.8369789E-04    0.1662829E-02    0.1031586E-02    0.5505858E-03    0.3385213E-03    0.2561541E-04   -0.3964631E-03   -0.7984994E-03   -0.6540536E-03   -0.6040389E-03   -0.1298255E-05   -0.1231244E-05   -0.1371866E-05   -0.1581347E-05   -0.1475818E-05   -0.8391100E-06    0.9660781E-05    0.9929111E-05    0.8947931E-05    0.1743129E-04    0.2087929E-04    0.3206420E-04   -0.4876622E-07   -0.2637421E-07
    0.1155488E-07   -0.6764117E-07    0.8382387E-07    0.4081125E-06    0.1154805E-05    0.7391144E-06    0.2840932E-06   -0.9546445E-04   -0.3712463E-04   -0.8767749E-05    0.1608190E-03    0.1261323E-04    0.6279088E-04    0.8169946E-04    0.2230498E-05    0.1685490E-03    0.4133109E-04    0.2380535E-04    0.1756842E-04    0.3865444E-07    0.4875230E-07   -0.4127499E-08    0.5368691E-07   -0.2859283E-08   -0.4724173E-07   -0.1099022E-05   -0.1619612E-05   -0.1757687E-05   -0.2095577E-05   -0.2096455E-05   -0.2912895E-05   -0.2535368E-07    0.7052410E-08
    0.4574401E-06   -0.4389513E-05    0.4081125E-06    0.1683203E-03    0.1807425E-03    0.3281631E-03    0.1968518E-04   -0.1172284E-01   -0.5248837E-02   -0.2445392E-02    0.1360529E-02    0.7264207E-02    0.1351820E-01    0.1612404E-01   -0.2671582E-02   -0.7942540E-02   -0.9663406E-02   -0.1435208E-01   -0.1655323E-01    0.5850123E-05    0.5926780E-05    0.6213666E-05    0.5760068E-05    0.8126911E-05    0.3667840E-05   -0.4595363E-04   -0.3046105E-04   -0.3766245E-04   -0.7053389E-04   -0.9288944E-04   -0.1290662E-03    0.3760312E-06    0.8796653E-06
    0.1160034E-05   -0.2221495E-04    0.1154805E-05    0.1807425E-03    0.3755235E-02    0.2881439E-03    0.5032084E-04    0.8527902E-02    0.7493915E-02    0.2025113E-02   -0.3703416E-01   -0.4144803E-01   -0.4252503E-01   -0.3022050E-01    0.5627934E-02    0.2492443E-01    0.3740745E-01    0.2949294E-01    0.2314126E-01    0.2516295E-04    0.1782036E-04    0.1534611E-04    0.3288414E-04    0.2454959E-04    0.1936674E-04   -0.1836800E-03   -0.1594769E-03   -0.2035031E-03   -0.2473019E-03   -0.3367789E-03   -0.4859048E-03    0.1282559E-05    0.1066844E-05
    0.8574845E-06   -0.5444180E-05    0.7391144E-06    0.3281631E-03    0.2881439E-03    0.6557491E-03    0.3103154E-04   -0.2570080E-01   -0.1257066E-01   -0.6207877E-02    0.2048381E-01    0.2649413E-01    0.3860594E-01    0.4149369E-01   -0.6422683E-02   -0.2400851E-01   -0.3817975E-01   -0.4710539E-01   -0.5130661E-01    0.6345693E-05    0.6738487E-05    0.6084901E-05    0.5626872E-05    0.9833529E-05    0.1698665E-05   -0.7184612E-04   -0.3273272E-04   -0.5447097E-04   -0.9379314E-04   -0.1372682E-03   -0.1924965E-03   -0.5013334E-06    0.1627228E-05
    0.2170066E-06   -0.2964218E-05    0.2840932E-06    0.1968518E-04    0.5032084E-04    0.3103154E-04    0.1945578E-04   -0.9450496E-02   -0.4259404E-02   -0.1621453E-02   -0.4320370E-02    0.5526233E-02    0.1140125E-01    0.1261445E-01   -0.2583607E-02   -0.1723957E-02   -0.2868309E-02   -0.4732081E-02   -0.4644461E-02    0.6964850E-05    0.7190476E-05    0.8573986E-05    0.8545455E-05    0.9123494E-05    0.7700503E-05   -0.2967268E-04   -0.2270576E-04   -0.1723580E-04   -0.3384229E-04   -0.4089738E-04   -0.6628552E-04    0.2988918E-06    0.4303829E-06
   -0.1509330E-03    0.2323823E-03   -0.9546445E-04   -0.1172284E-01    0.8527902E-02   -0.2570080E-01   -0.9450496E-02    0.6400135E+02    0.2319313E+02    0.1135658E+01    0.1024526E+02   -0.2180098E+02   -0.6347868E+02   -0.8184285E+02   -0.3338470E+01    0.1169143E+01   -0.6199403E+01   -0.1100791E+02   -0.1640008E+02   -0.3986915E-02   -0.2980765E-02   -0.3765151E-02   -0.5002842E-02   -0.4367356E-02   -0.3885557E-02    0.1111282E-01    0.1109189E-01    0.1983919E-01   -0.5764341E-02   -0.6613101E-02   -0.7054522E-01    0.1100003E-03   -0.2983029E-02
   -0.7297787E-04    0.4108281E-04   -0.3712463E-04   -0.5248837E-02    0.7493915E-02   -0.1257066E-01   -0.4259404E-02    0.2319313E+02    0.1690836E+02    0.2720447E+01   -0.1793895E+02   -0.2408292E+02   -0.4213925E+02   -0.2575953E+02   -0.1459118E+01   -0.1398395E+01   -0.3749989E+01   -0.9921991E+01   -0.1151014E+02   -0.1246592E-02   -0.8739124E-03   -0.1000333E-02   -0.1789058E-02   -0.9882466E-03   -0.4697336E-04    0.2981018E-03    0.7122983E-02    0.1605463E-01    0.7967284E-02    0.1680854E-01    0.8907007E-02    0.1280421E-03   -0.7337807E-04
   -0.1381953E-04   -0.8369789E-04   -0.8767749E-05   -0.2445392E-02    0.2025113E-02   -0.6207877E-02   -0.1621453E-02    0.1135658E+01    0.2720447E+01    0.6588678E+01   -0.4342057E+02   -0.1942033E+02   -0.5931609E+01   -0.1019622E+01   -0.2654148E+00   -0.2906498E+01   -0.3932990E+00    0.3728073E+01    0.4334162E+01   -0.2287513E-03   -0.5218420E-03   -0.2362632E-04   -0.5072486E-03   -0.1955212E-03    0.4724487E-03   -0.3936598E-02   -0.4739935E-02   -0.9123195E-02   -0.8769327E-02   -0.6660107E-02    0.6394455E-02   -0.1304458E-03    0.1712957E-03
   -0.1154975E-03    0.1662829E-02    0.1608190E-03    0.1360529E-02   -0.3703416E-01    0.2048381E-01   -0.4320370E-02    0.1024526E+02   -0.1793895E+02   -0.4342057E+02    0.7731577E+03    0.1913025E+03    0.7811949E+02    0.1832494E+02   -0.1385727E+02   -0.4864419E+02   -0.1107224E+02   -0.2173609E+02   -0.2146898E+02   -0.5224829E-03   -0.2339755E-02   -0.1320700E-01   -0.2612130E-02   -0.1114168E-01   -0.1843375E-01    0.5289830E-01    0.6630920E-01    0.6291741E-01    0.1456024E+00    0.1336876E+00    0.3594698E-02   -0.8753205E-03   -0.3325386E-02
   -0.1704445E-04    0.1031586E-02    0.1261323E-04    0.7264207E-02   -0.4144803E-01    0.2649413E-01    0.5526233E-02   -0.2180098E+02   -0.2408292E+02   -0.1942033E+02    0.1913025E+03    0.1264938E+03    0.9459775E+02    0.5289064E+02   -0.1129267E+02   -0.3416035E+01   -0.1333678E+02   -0.9502424E+01   -0.6493620E+01    0.7229954E-03   -0.5118337E-03   -0.2592896E-02    0.5689640E-03   -0.3067721E-02   -0.3558185E-02    0.3484167E-01    0.5310124E-01    0.3858261E-01    0.7988271E-01    0.5244924E-01    0.1455212E-02   -0.2002066E-03   -0.1012759E-02
    0.1187881E-03    0.5505858E-03    0.6279088E-04    0.1351820E-01   -0.4252503E-01    0.3860594E-01    0.1140125E-01   -0.6347868E+02   -0.4213925E+02   -0.5931609E+01    0.7811949E+02    0.9459775E+02    0.1439915E+03    0.1067814E+03   -0.8543290E+01   -0.7632705E+01   -0.8523309E+01    0.1493176E+01    0.2840779E+01    0.2658356E-02    0.8662556E-03    0.1090567E-02    0.3469430E-02    0.5536882E-03    0.6520841E-03    0.1636503E-01    0.2408730E-01   -0.5683168E-02    0.4302826E-01    0.1182846E-01    0.5391602E-02   -0.7958966E-03    0.1489633E-02
    0.1338316E-03    0.3385213E-03    0.8169946E-04    0.1612404E-01   -0.3022050E-01    0.4149369E-01    0.1261445E-01   -0.8184285E+02   -0.2575953E+02   -0.1019622E+01    0.1832494E+02    0.5289064E+02    0.1067814E+03    0.1447397E+03   -0.7790365E+01   -0.1162105E+02   -0.1014701E+02   -0.1512230E+02   -0.1588089E+02    0.4330017E-02    0.2696042E-02    0.3738729E-02    0.5460264E-02    0.4112097E-02    0.5155569E-02   -0.2559968E-02    0.2453329E-01    0.8715694E-02    0.6604699E-01    0.5457989E-01    0.9358716E-01   -0.6843674E-03    0.5575858E-02
   -0.3201951E-04    0.2561541E-04    0.2230498E-05   -0.2671582E-02    0.5627934E-02   -0.6422683E-02   -0.2583607E-02   -0.3338470E+01   -0.1459118E+01   -0.2654148E+00   -0.1385727E+02   -0.1129267E+02   -0.8543290E+01   -0.7790365E+01    0.7934106E+01   -0.7543964E+00   -0.1528845E+01   -0.2195409E+01   -0.2583082E+01   -0.8219737E-03   -0.5663394E-03   -0.5957479E-03   -0.5806097E-03   -0.4844735E-03   -0.1926671E-02   -0.6660449E-03   -0.4705099E-02   -0.7595826E-03   -0.3614237E-02    0.3740776E-02    0.2470108E-01   -0.2744492E-04    0.2420728E-03
    0.1521836E-03   -0.3964631E-03    0.1685490E-03   -0.7942540E-02    0.2492443E-01   -0.2400851E-01   -0.1723957E-02    0.1169143E+01   -0.1398395E+01   -0.2906498E+01   -0.4864419E+02   -0.3416035E+01   -0.7632705E+01   -0.1162105E+02   -0.7543964E+00    0.1509985E+03    0.5187871E+02    0.4826544E+02    0.4600090E+02    0.1471726E-02   -0.7825580E-03    0.2031131E-02    0.1512346E-02    0.2541267E-02    0.4631219E-02   -0.2683999E-01   -0.6565871E-01   -0.8611807E-01   -0.3064190E-01   -0.8024314E-01   -0.1819169E+00   -0.1271119E-01   -0.1296292E-03
   -0.1262312E-03   -0.7984994E-03    0.4133109E-04   -0.9663406E-02    0.3740745E-01   -0.3817975E-01   -0.2868309E-02   -0.6199403E+01   -0.3749989E+01   -0.3932990E+00   -0.1107224E+02   -0.1333678E+02   -0.8523309E+01   -0.1014701E+02   -0.1528845E+01    0.5187871E+02    0.9960996E+02    0.1009207E+03    0.1003711E+03    0.4432910E-02    0.3614459E-02    0.4276867E-02    0.3637018E-02    0.3760102E-02    0.5774635E-02   -0.2672680E-02   -0.6192986E-01   -0.6295439E-01   -0.8111352E-01   -0.7959886E-01   -0.7292306E-01    0.3288999E-02    0.2260336E-03
   -0.1472550E-03   -0.6540536E-03    0.2380535E-04   -0.1435208E-01    0.2949294E-01   -0.4710539E-01   -0.4732081E-02   -0.1100791E+02   -0.9921991E+01    0.3728073E+01   -0.2173609E+02   -0.9502424E+01    0.1493176E+01   -0.1512230E+02   -0.2195409E+01    0.4826544E+02    0.1009207E+03    0.1398042E+03    0.1642468E+03    0.4017323E-02    0.2713694E-02    0.1617383E-02    0.2856458E-02    0.1188533E-02    0.2628177E-02    0.2446218E-02   -0.5803800E-01   -0.6455891E-01   -0.8045042E-01   -0.7273445E-01   -0.3900035E-02    0.3049098E-02   -0.4910791E-02
   -0.1516358E-03   -0.6040389E-03    0.1756842E-04   -0.1655323E-01    0.2314126E-01   -0.5130661E-01   -0.4644461E-02   -0.1640008E+02   -0.1151014E+02    0.4334162E+01   -0.2146898E+02   -0.6493620E+01    0.2840779E+01   -0.1588089E+02   -0.2583082E+01    0.4600090E+02    0.1003711E+03    0.1642468E+03    0.2138162E+03    0.4255558E-02    0.3069915E-02    0.1084622E-03    0.2905407E-02   -0.1007065E-03    0.5961165E-03    0.7207591E-02   -0.4970293E-01   -0.3806015E-01   -0.7415727E-01   -0.4397971E-01    0.9513298E-01    0.3038326E-02   -0.9482393E-02
    0.7873584E-07   -0.1298255E-05    0.3865444E-07    0.5850123E-05    0.2516295E-04    0.6345693E-05    0.6964850E-05   -0.3986915E-02   -0.1246592E-02   -0.2287513E-03   -0.5224829E-03    0.7229954E-03    0.2658356E-02    0.4330017E-02   -0.8219737E-03    0.1471726E-02    0.4432910E-02    0.4017323E-02    0.4255558E-02    0.6935658E-04    0.2363992E-04    0.3063740E-04    0.1339369E-04    0.1500781E-04    0.1631191E-04   -0.9332970E-04   -0.5996052E-04   -0.3960150E-04   -0.3527598E-04   -0.3256435E-04   -0.5743355E-04    0.3965605E-06    0.2669504E-06
    0.9731750E-07   -0.1231244E-05    0.4875230E-07    0.5926780E-05    0.1782036E-04    0.6738487E-05    0.7190476E-05   -0.2980765E-02   -0.8739124E-03   -0.5218420E-03   -0.2339755E-02   -0.5118337E-03    0.8662556E-03    0.2696042E-02   -0.5663394E-03   -0.7825580E-03    0.3614459E-02    0.2713694E-02    0.3069915E-02    0.2363992E-04    0.4107254E-04    0.3700510E-04    0.3099013E-04    0.3162206E-04    0.2727098E-04   -0.5091837E-04   -0.8522878E-04   -0.6023501E-04   -0.9614466E-04   -0.9037286E-04   -0.1282366E-03    0.7072512E-06    0.1074276E-06
    0.1274356E-06   -0.1371866E-05   -0.4127499E-08    0.6213666E-05    0.1534611E-04    0.6084901E-05    0.8573986E-05   -0.3765151E-02   -0.1000333E-02   -0.2362632E-04   -0.1320700E-01   -0.2592896E-02    0.1090567E-02    0.3738729E-02   -0.5957479E-03    0.2031131E-02    0.4276867E-02    0.1617383E-02    0.1084622E-03    0.3063740E-04    0.3700510E-04    0.1178201E-03    0.2733045E-04    0.6245063E-04    0.1111932E-03   -0.5383367E-04   -0.9089863E-04   -0.1180866E-03   -0.7294846E-04   -0.1711007E-03   -0.4306477E-03    0.6364610E-06    0.5485914E-06
    0.1309665E-06   -0.1581347E-05    0.5368691E-07    0.5760068E-05    0.3288414E-04    0.5626872E-05    0.8545455E-05   -0.5002842E-02   -0.1789058E-02   -0.5072486E-03   -0.2612130E-02    0.5689640E-03    0.3469430E-02    0.5460264E-02   -0.5806097E-03    0.1512346E-02    0.3637018E-02    0.2856458E-02    0.2905407E-02    0.1339369E-04    0.3099013E-04    0.2733045E-04    0.8847093E-04    0.5770056E-04    0.4173653E-04   -0.2332370E-04   -0.6844295E-04   -0.4188115E-04   -0.1641594E-03   -0.1511343E-03   -0.1659937E-03    0.3830549E-06    0.2696717E-06
    0.1423763E-06   -0.1475818E-05   -0.2859283E-08    0.8126911E-05    0.2454959E-04    0.9833529E-05    0.9123494E-05   -0.4367356E-02   -0.9882466E-03   -0.1955212E-03   -0.1114168E-01   -0.3067721E-02    0.5536882E-03    0.4112097E-02   -0.4844735E-03    0.2541267E-02    0.3760102E-02    0.1188533E-02   -0.1007065E-03    0.1500781E-04    0.3162206E-04    0.6245063E-04    0.5770056E-04    0.1295349E-03    0.1614704E-03   -0.2536672E-04   -0.8541403E-04   -0.1150546E-03   -0.1673867E-03   -0.2393279E-03   -0.4610967E-03    0.4820490E-06    0.5476250E-06
    0.1828380E-06   -0.8391100E-06   -0.4724173E-07    0.3667840E-05    0.1936674E-04    0.1698665E-05    0.7700503E-05   -0.3885557E-02   -0.4697336E-04    0.4724487E-03   -0.1843375E-01   -0.3558185E-02    0.6520841E-03    0.5155569E-02   -0.1926671E-02    0.4631219E-02    0.5774635E-02    0.2628177E-02    0.5961165E-03    0.1631191E-04    0.2727098E-04    0.1111932E-03    0.4173653E-04    0.1614704E-03    0.6426702E-03   -0.3234362E-04   -0.9438525E-04   -0.1767556E-03   -0.1587927E-03   -0.3223762E-03   -0.6305715E-03    0.6922222E-06    0.9956441E-06
   -0.1388906E-05    0.9660781E-05   -0.1099022E-05   -0.4595363E-04   -0.1836800E-03   -0.7184612E-04   -0.2967268E-04    0.1111282E-01    0.2981018E-03   -0.3936598E-02    0.5289830E-01    0.3484167E-01    0.1636503E-01   -0.2559968E-02   -0.6660449E-03   -0.2683999E-01   -0.2672680E-02    0.2446218E-02    0.7207591E-02   -0.9332970E-04   -0.5091837E-04   -0.5383367E-04   -0.2332370E-04   -0.2536672E-04   -0.3234362E-04    0.1302101E-01    0.8539442E-02    0.9495129E-02    0.2142811E-02    0.2242975E-02    0.3073282E-02    0.3959914E-05   -0.1603600E-05
   -0.1880023E-05    0.9929111E-05   -0.1619612E-05   -0.3046105E-04   -0.1594769E-03   -0.3273272E-04   -0.2270576E-04    0.1109189E-01    0.7122983E-02   -0.4739935E-02    0.6630920E-01    0.5310124E-01    0.2408730E-01    0.2453329E-01   -0.4705099E-02   -0.6565871E-01   -0.6192986E-01   -0.5803800E-01   -0.4970293E-01   -0.5996052E-04   -0.8522878E-04   -0.9089863E-04   -0.6844295E-04   -0.8541403E-04   -0.9438525E-04    0.8539442E-02    0.1234468E-01    0.1352178E-01    0.8692975E-02    0.8372729E-02    0.7959869E-02    0.2797739E-05   -0.1256127E-05
   -0.2374255E-05    0.8947931E-05   -0.1757687E-05   -0.3766245E-04   -0.2035031E-03   -0.5447097E-04   -0.1723580E-04    0.1983919E-01    0.1605463E-01   -0.9123195E-02    0.6291741E-01    0.3858261E-01   -0.5683168E-02    0.8715694E-02   -0.7595826E-03   -0.8611807E-01   -0.6295439E-01   -0.6455891E-01   -0.3806015E-01   -0.3960150E-04   -0.6023501E-04   -0.1180866E-03   -0.4188115E-04   -0.1150546E-03   -0.1767556E-03    0.9495129E-02    0.1352178E-01    0.2549227E-01    0.5034673E-02    0.1186216E-01    0.2275583E-01    0.6573499E-05   -0.4868991E-05
   -0.3058474E-05    0.1743129E-04   -0.2095577E-05   -0.7053389E-04   -0.2473019E-03   -0.9379314E-04   -0.3384229E-04   -0.5764341E-02    0.7967284E-02   -0.8769327E-02    0.1456024E+00    0.7988271E-01    0.4302826E-01    0.6604699E-01   -0.3614237E-02   -0.3064190E-01   -0.8111352E-01   -0.8045042E-01   -0.7415727E-01   -0.3527598E-04   -0.9614466E-04   -0.7294846E-04   -0.1641594E-03   -0.1673867E-03   -0.1587927E-03    0.2142811E-02    0.8692975E-02    0.5034673E-02    0.2164937E-01    0.1960429E-01    0.1392966E-01   -0.5616908E-05    0.7639144E-06
   -0.4137931E-05    0.2087929E-04   -0.2096455E-05   -0.9288944E-04   -0.3367789E-03   -0.1372682E-03   -0.4089738E-04   -0.6613101E-02    0.1680854E-01   -0.6660107E-02    0.1336876E+00    0.5244924E-01    0.1182846E-01    0.5457989E-01    0.3740776E-02   -0.8024314E-01   -0.7959886E-01   -0.7273445E-01   -0.4397971E-01   -0.3256435E-04   -0.9037286E-04   -0.1711007E-03   -0.1511343E-03   -0.2393279E-03   -0.3223762E-03    0.2242975E-02    0.8372729E-02    0.1186216E-01    0.1960429E-01    0.2963745E-01    0.4125618E-01    0.9730296E-06   -0.1836094E-05
   -0.6886974E-05    0.3206420E-04   -0.2912895E-05   -0.1290662E-03   -0.4859048E-03   -0.1924965E-03   -0.6628552E-04   -0.7054522E-01    0.8907007E-02    0.6394455E-02    0.3594698E-02    0.1455212E-02    0.5391602E-02    0.9358716E-01    0.2470108E-01   -0.1819169E+00   -0.7292306E-01   -0.3900035E-02    0.9513298E-01   -0.5743355E-04   -0.1282366E-03   -0.4306477E-03   -0.1659937E-03   -0.4610967E-03   -0.6305715E-03    0.3073282E-02    0.7959869E-02    0.2275583E-01    0.1392966E-01    0.4125618E-01    0.1028662E+00    0.1307137E-04   -0.7842651E-05
   -0.3211508E-07   -0.4876622E-07   -0.2535368E-07    0.3760312E-06    0.1282559E-05   -0.5013334E-06    0.2988918E-06    0.1100003E-03    0.1280421E-03   -0.1304458E-03   -0.8753205E-03   -0.2002066E-03   -0.7958966E-03   -0.6843674E-03   -0.2744492E-04   -0.1271119E-01    0.3288999E-02    0.3049098E-02    0.3038326E-02    0.3965605E-06    0.7072512E-06    0.6364610E-06    0.3830549E-06    0.4820490E-06    0.6922222E-06    0.3959914E-05    0.2797739E-05    0.6573499E-05   -0.5616908E-05    0.9730296E-06    0.1307137E-04    0.2284784E-05    0.3216488E-07
    0.4670787E-08   -0.2637421E-07    0.7052410E-08    0.8796653E-06    0.1066844E-05    0.1627228E-05    0.4303829E-06   -0.2983029E-02   -0.7337807E-04    0.1712957E-03   -0.3325386E-02   -0.1012759E-02    0.1489633E-02    0.5575858E-02    0.2420728E-03   -0.1296292E-03    0.2260336E-03   -0.4910791E-02   -0.9482393E-02    0.2669504E-06    0.1074276E-06    0.5485914E-06    0.2696717E-06    0.5476250E-06    0.9956441E-06   -0.1603600E-05   -0.1256127E-05   -0.4868991E-05    0.7639144E-06   -0.1836094E-05   -0.7842651E-05    0.3216488E-07    0.1342262E-05
