# omegabh2 omegach2 theta tau logA ns calPlanck aps100 aps143 aps217 acib217 asz143 psr cibr xi aksz dust100 dust143 dust217 dust143x217 cal0 cal2
  7.5989883E-08  -4.8528286E-07   8.2068842E-08   5.8628319E-06   1.0719301E-05   1.6186897E-06   2.6728224E-08  -1.6559528E-03  -1.0395737E-03   2.8195653E-04  -4.7083148E-04   6.5910505E-05   4.0631956E-06  -8.0342124E-06   3.1904770E-06  -1.3364967E-04   4.2781161E-07  -1.6983060E-06   2.3161739E-06  -1.3331085E-06   4.7649048E-09  -2.9457536E-08
 -4.8528286E-07   6.6662473E-06  -7.6383581E-07  -5.6990758E-05  -9.8171780E-05  -1.8552810E-05  -1.7335439E-07   9.2929967E-03   6.7467374E-03  -1.1933588E-03   2.8233225E-03  -3.1203023E-04  -2.0164007E-05   5.1177662E-05  -1.7912054E-05   6.9282935E-04   1.0559210E-06   8.0531847E-06  -1.2270094E-05   9.4051331E-06  -5.5871820E-08   2.1736990E-07
  8.2068842E-08  -7.6383581E-07   2.7761038E-07   8.0797971E-06   1.4579125E-05   2.5154853E-06   3.5625240E-08  -1.2935729E-03  -9.5029021E-04   1.8321403E-04  -4.2099221E-04   3.4329253E-05   2.9356742E-06  -8.1382128E-06   1.8258171E-06  -9.5020287E-05   7.4825168E-07  -1.8221145E-06   2.0908107E-06  -1.2897103E-06   3.5484499E-09  -2.1177693E-08
  5.8628319E-06  -5.6990758E-05   8.0797971E-06   1.1341091E-03   2.1242010E-03   2.0386431E-04  -1.9051457E-06  -2.0415977E-01  -1.0861831E-01   4.8733252E-02  -5.8495349E-02   6.3160374E-03   5.0724469E-04  -1.0679593E-03   3.9587219E-04  -1.7248367E-02  -1.0237787E-04  -3.9559800E-04   2.1347069E-04  -2.6086461E-04   1.3931041E-07  -4.6419359E-06
  1.0719301E-05  -9.8171780E-05   1.4579125E-05   2.1242010E-03   4.0268177E-03   3.6190273E-04   8.0789520E-06  -3.8154699E-01  -2.0008976E-01   1.0187810E-01  -1.1133959E-01   1.1978384E-02   9.9124745E-04  -2.0737508E-03   7.7410514E-04  -3.3800789E-02  -2.0078005E-04  -8.6555070E-04   4.1980357E-04  -5.0961502E-04   8.2487816E-07  -8.7581604E-06
  1.6186897E-06  -1.8552810E-05   2.5154853E-06   2.0386431E-04   3.6190273E-04   6.5906170E-05   4.3911146E-07  -5.8058299E-02  -2.9253802E-02   1.4338255E-02  -1.5919049E-02   1.6513636E-03   1.4652889E-04  -2.8680515E-04   1.2733145E-04  -4.7058097E-03   8.9521535E-06  -6.7049827E-05   7.0470435E-05  -5.4694788E-05  -3.0362748E-07  -1.0896604E-06
  2.6728224E-08  -1.7335439E-07   3.5625240E-08  -1.9051457E-06   8.0789520E-06   4.3911146E-07   6.0956371E-06   2.6832893E-03   2.1349956E-04   1.1116967E-03   6.4356313E-04   9.1575145E-06  -1.4995159E-06  -2.5831817E-06  -6.8186435E-06  -2.9614666E-05   6.0898616E-06   3.0711282E-06   3.8032421E-06   6.5490103E-07  -8.3065236E-09  -3.6845709E-08
 -1.6559528E-03   9.2929967E-03  -1.2935729E-03  -2.0415977E-01  -3.8154699E-01  -5.8058299E-02   2.6832893E-03   6.4924193E+02   7.8477088E+01  -6.6867684E+01   4.1901784E+01  -2.6573893E+01  -1.0824342E+00   9.3207097E-02  -4.1752786E-01   1.5368356E+01  -1.8816052E-01   2.9930676E-01  -2.9229488E-01  -1.7140827E-01   7.0185174E-03   3.8003595E-03
 -1.0395737E-03   6.7467374E-03  -9.5029021E-04  -1.0861831E-01  -2.0008976E-01  -2.9253802E-02   2.1349956E-04   7.8477088E+01   7.8645260E+01   5.2383978E+00   1.1555045E+01  -1.4913721E+00  -1.2464721E-01   5.3116954E-01   8.7105817E-01  -5.8826517E+00  -4.0446168E-02  -2.0045502E-01   3.2659770E-02   9.4504393E-02   7.5374676E-04   1.1021362E-03
  2.8195653E-04  -1.1933588E-03   1.8321403E-04   4.8733252E-02   1.0187810E-01   1.4338255E-02   1.1116967E-03  -6.6867684E+01   5.2383978E+00   1.7209252E+02  -8.2609645E+01   2.8540051E+00   3.3335077E-01  -1.0788223E+00   3.8126011E-01  -7.9889845E+00  -1.7670005E-02  -2.7016451E-01   5.6118127E-01  -3.5379119E-02   1.4888954E-03  -7.3502213E-03
 -4.7083148E-04   2.8233225E-03  -4.2099221E-04  -5.8495349E-02  -1.1133959E-01  -1.5919049E-02   6.4356313E-04   4.1901784E+01   1.1555045E+01  -8.2609645E+01   5.3128746E+01   1.1801309E+00  -5.9370738E-02   7.7146642E-01  -2.9518979E-01  -1.4504691E+00  -2.3990312E-03   1.7674671E-01  -4.6206381E-01  -9.1637150E-02  -5.3576827E-04   3.0112961E-03
  6.5910505E-05  -3.1203023E-04   3.4329253E-05   6.3160374E-03   1.1978384E-02   1.6513636E-03   9.1575145E-06  -2.6573893E+01  -1.4913721E+00   2.8540051E+00   1.1801309E+00   4.2867032E+00   1.1368506E-01   1.4056850E-01  -3.0749901E-02  -3.4557098E+00  -9.7106985E-03  -4.9946030E-03   8.8552409E-03   5.2301607E-02   4.0243593E-04  -2.8560558E-04
  4.0631956E-06  -2.0164007E-05   2.9356742E-06   5.0724469E-04   9.9124745E-04   1.4652889E-04  -1.4995159E-06  -1.0824342E+00  -1.2464721E-01   3.3335077E-01  -5.9370738E-02   1.1368506E-01   1.8059672E-02  -1.7702381E-02   1.1436264E-02  -1.0990384E-01  -4.7007178E-04  -1.6447473E-03  -2.6738544E-03   4.9364897E-03   1.6277657E-05  -3.6154397E-05
 -8.0342124E-06   5.1177662E-05  -8.1382128E-06  -1.0679593E-03  -2.0737508E-03  -2.8680515E-04  -2.5831817E-06   9.3207097E-02   5.3116954E-01  -1.0788223E+00   7.7146642E-01   1.4056850E-01  -1.7702381E-02   7.0791890E-02   4.5472384E-03  -1.3184919E-01   7.1086479E-04   8.3739461E-03  -1.0099334E-03  -1.7652619E-02  -1.0984127E-05   8.9839417E-05
  3.1904770E-06  -1.7912054E-05   1.8258171E-06   3.9587219E-04   7.7410514E-04   1.2733145E-04  -6.8186435E-06  -4.1752786E-01   8.7105817E-01   3.8126011E-01  -2.9518979E-01  -3.0749901E-02   1.1436264E-02   4.5472384E-03   8.2257244E-02   2.5077020E-02  -1.2207490E-04  -3.3605620E-05   1.8109308E-03   1.0674871E-03   1.1435704E-05  -2.4751832E-06
 -1.3364967E-04   6.9282935E-04  -9.5020287E-05  -1.7248367E-02  -3.3800789E-02  -4.7058097E-03  -2.9614666E-05   1.5368356E+01  -5.8826517E+00  -7.9889845E+00  -1.4504691E+00  -3.4557098E+00  -1.0990384E-01  -1.3184919E-01   2.5077020E-02   7.3036450E+00   4.4859047E-03   2.9123172E-03  -6.8465704E-03  -4.2619932E-02  -2.9541082E-04   1.6792367E-04
  4.2781161E-07   1.0559210E-06   7.4825168E-07  -1.0237787E-04  -2.0078005E-04   8.9521535E-06   6.0898616E-06  -1.8816052E-01  -4.0446168E-02  -1.7670005E-02  -2.3990312E-03  -9.7106985E-03  -4.7007178E-04   7.1086479E-04  -1.2207490E-04   4.4859047E-03   3.8550738E-02   3.0966568E-03   3.1848490E-04   3.3690556E-04   3.5768163E-05   1.2013759E-06
 -1.6983060E-06   8.0531847E-06  -1.8221145E-06  -3.9559800E-04  -8.6555070E-04  -6.7049827E-05   3.0711282E-06   2.9930676E-01  -2.0045502E-01  -2.7016451E-01   1.7674671E-01  -4.9946030E-03  -1.6447473E-03   8.3739461E-03  -3.3605620E-05   2.9123172E-03   3.0966568E-03   3.1725417E-02  -7.4074280E-04   5.3853705E-03  -8.3383814E-05  -4.4635955E-05
  2.3161739E-06  -1.2270094E-05   2.0908107E-06   2.1347069E-04   4.1980357E-04   7.0470435E-05   3.8032421E-06  -2.9229488E-01   3.2659770E-02   5.6118127E-01  -4.6206381E-01   8.8552409E-03  -2.6738544E-03  -1.0099334E-03   1.8109308E-03  -6.8465704E-03   3.1848490E-04  -7.4074280E-04   1.0808400E-02   8.5919238E-03   4.1657568E-06   6.2986254E-05
 -1.3331085E-06   9.4051331E-06  -1.2897103E-06  -2.6086461E-04  -5.0961502E-04  -5.4694788E-05   6.5490103E-07  -1.7140827E-01   9.4504393E-02  -3.5379119E-02  -9.1637150E-02   5.2301607E-02   4.9364897E-03  -1.7652619E-02   1.0674871E-03  -4.2619932E-02   3.3690556E-04   5.3853705E-03   8.5919238E-03   2.6571337E-02  -4.1841828E-06   6.1974622E-05
  4.7649048E-09  -5.5871820E-08   3.5484499E-09   1.3931041E-07   8.2487816E-07  -3.0362748E-07  -8.3065236E-09   7.0185174E-03   7.5374676E-04   1.4888954E-03  -5.3576827E-04   4.0243593E-04   1.6277657E-05  -1.0984127E-05   1.1435704E-05  -2.9541082E-04   3.5768163E-05  -8.3383814E-05   4.1657568E-06  -4.1841828E-06   1.1254960E-06   7.3600477E-08
 -2.9457536E-08   2.1736990E-07  -2.1177693E-08  -4.6419359E-06  -8.7581604E-06  -1.0896604E-06  -3.6845709E-08   3.8003595E-03   1.1021362E-03  -7.3502213E-03   3.0112961E-03  -2.8560558E-04  -3.6154397E-05   8.9839417E-05  -2.4751832E-06   1.6792367E-04   1.2013759E-06  -4.4635955E-05   6.2986254E-05   6.1974622E-05   7.3600477E-08   2.4415262E-06
