# omegabh2 omegach2 theta tau logA ns
    0.1230344E-05   -0.4060980E-05    0.2434926E-06    0.2476283E-05    0.9557041E-05    0.8827059E-05
   -0.4060980E-05    0.1808579E-04   -0.1055278E-05   -0.1234718E-04   -0.2182605E-04   -0.3530731E-04
    0.2434926E-06   -0.1055278E-05    0.6160286E-06    0.5726247E-06    0.5428429E-06    0.2609308E-05
    0.2476283E-05   -0.1234718E-04    0.5726247E-06    0.2076173E-03    0.4113507E-03    0.4566201E-04
    0.9557041E-05   -0.2182605E-04    0.5428429E-06    0.4113507E-03    0.9204443E-03    0.1096822E-03
    0.8827059E-05   -0.3530731E-04    0.2609308E-05    0.4566201E-04    0.1096822E-03    0.1215944E-03
