# omegabh2 omegach2 theta tau mnu logA ns acib217 acibsz143 asz143 aps100 aps143 aps143217 aps217 aksz kgal100 t1gal143 t1gal143217 t1gal217 calib_100T calib_217T
    0.5055469E-07   -0.9555501E-07    0.3044734E-07    0.6924036E-06    0.1623439E-05    0.1214972E-05    0.3987576E-06   -0.3028038E-03   -0.1363596E-03    0.7349875E-05   -0.8825062E-03   -0.3468082E-03   -0.2515328E-06    0.6581816E-04   -0.8230346E-04    0.8782663E-03    0.4835280E-03    0.4547477E-03    0.4245450E-03   -0.4966522E-07    0.1503096E-07
   -0.9555501E-07    0.2207772E-05   -0.1008394E-06   -0.5283818E-05   -0.4728404E-04   -0.5339783E-05   -0.4706503E-05    0.4280397E-04   -0.2706294E-04   -0.1242098E-03    0.6264664E-03    0.8412112E-03    0.5712970E-03    0.4324090E-03   -0.6057082E-04    0.1558241E-02    0.9380661E-03    0.8597965E-03    0.9139714E-03   -0.8408210E-07   -0.1591530E-07
    0.3044734E-07   -0.1008394E-06    0.1958874E-06    0.5295621E-06    0.1611027E-05    0.9642338E-06    0.5181809E-06   -0.1037673E-04    0.1529585E-04    0.1589168E-04   -0.4023942E-03   -0.2490744E-03   -0.1940567E-03   -0.1361844E-03   -0.1672766E-04    0.4929836E-03    0.3102717E-03    0.3252361E-03    0.3489717E-03   -0.3149454E-07   -0.9652436E-09
    0.6924036E-06   -0.5283818E-05    0.5295621E-06    0.1789904E-03    0.1971620E-03    0.3464314E-03    0.2340628E-04   -0.9320163E-02   -0.3070072E-02   -0.4479292E-03   -0.1724601E-01   -0.2040745E-02    0.5978878E-02    0.1056844E-01   -0.2554354E-02   -0.5656654E-02   -0.1286505E-01   -0.1498447E-01   -0.1531721E-01    0.2964360E-07    0.5461709E-06
    0.1623439E-05   -0.4728404E-04    0.1611027E-05    0.1971620E-03    0.5151890E-02    0.2689060E-03    0.8881671E-04    0.1499207E-01    0.9559165E-02    0.5783581E-02   -0.2702050E-01   -0.3330103E-01   -0.3869631E-01   -0.3570167E-01    0.4366685E-02    0.6779492E-02    0.6297437E-02    0.1816414E-01    0.2434120E-01   -0.7813649E-06   -0.1782303E-05
    0.1214972E-05   -0.5339783E-05    0.9642338E-06    0.3464314E-03    0.2689060E-03    0.6975529E-03    0.3399888E-04   -0.1859455E-01   -0.7017591E-02   -0.1887212E-02   -0.1063552E-01    0.1309231E-01    0.2808843E-01    0.3485564E-01   -0.6080310E-02   -0.3205760E-01   -0.7501176E-01   -0.7909640E-01   -0.7930945E-01   -0.2873800E-05    0.8220168E-06
    0.3987576E-06   -0.4706503E-05    0.5181809E-06    0.2340628E-04    0.8881671E-04    0.3399888E-04    0.2522664E-04   -0.1022438E-01   -0.4302461E-02   -0.1199616E-02   -0.1143985E-01    0.3419842E-02    0.1070992E-01    0.1288408E-01   -0.2838295E-02   -0.3085077E-02   -0.4176650E-02   -0.5681300E-02   -0.5457816E-02    0.4970178E-06    0.4751183E-06
   -0.3028038E-03    0.4280397E-04   -0.1037673E-04   -0.9320163E-02    0.1499207E-01   -0.1859455E-01   -0.1022438E-01    0.6722611E+02    0.2407014E+02    0.7105745E+00    0.2154655E+02   -0.1728175E+02   -0.6229189E+02   -0.8276159E+02   -0.3056870E+01   -0.8842980E+01   -0.1893625E+02   -0.2240034E+02   -0.2631331E+02   -0.5212836E-04   -0.3462257E-02
   -0.1363596E-03   -0.2706294E-04    0.1529585E-04   -0.3070072E-02    0.9559165E-02   -0.7017591E-02   -0.4302461E-02    0.2407014E+02    0.1719431E+02    0.2264523E+01   -0.1055467E+02   -0.2156413E+02   -0.4144479E+02   -0.2559360E+02   -0.1235396E+01   -0.5403875E+01   -0.9998258E+01   -0.1627970E+02   -0.1763035E+02   -0.6408962E-04   -0.1625482E-03
    0.7349875E-05   -0.1242098E-03    0.1589168E-04   -0.4479292E-03    0.5783581E-02   -0.1887212E-02   -0.1199616E-02    0.7105745E+00    0.2264523E+01    0.5725110E+01   -0.3840412E+02   -0.1654109E+02   -0.4720730E+01   -0.4501447E+00   -0.1865424E+00   -0.2227881E+01   -0.1856221E+01    0.1756963E+01    0.2297416E+01   -0.2920996E-03    0.1906913E-03
   -0.8825062E-03    0.6264664E-03   -0.4023942E-03   -0.1724601E-01   -0.2702050E-01   -0.1063552E-01   -0.1143985E-01    0.2154655E+02   -0.1055467E+02   -0.3840412E+02    0.7673657E+03    0.1838428E+03    0.7198811E+02    0.1558904E+02   -0.1208525E+02   -0.7779654E+02   -0.5378290E+02   -0.6058264E+02   -0.5801841E+02   -0.2726229E-02   -0.4017291E-02
   -0.3468082E-03    0.8412112E-03   -0.2490744E-03   -0.2040745E-02   -0.3330103E-01    0.1309231E-01    0.3419842E-02   -0.1728175E+02   -0.2156413E+02   -0.1654109E+02    0.1838428E+03    0.1249257E+03    0.9604360E+02    0.5511853E+02   -0.1087240E+02   -0.2441932E+02   -0.4295169E+02   -0.3724570E+02   -0.3412470E+02   -0.1016797E-02   -0.1160393E-02
   -0.2515328E-06    0.5712970E-03   -0.1940567E-03    0.5978878E-02   -0.3869631E-01    0.2808843E-01    0.1070992E-01   -0.6229189E+02   -0.4144479E+02   -0.4720730E+01    0.7198811E+02    0.9604360E+02    0.1478256E+03    0.1113141E+03   -0.8425279E+01   -0.1833643E+02   -0.3098340E+02   -0.2156127E+02   -0.2136148E+02   -0.1869727E-02    0.1699525E-02
    0.6581816E-04    0.4324090E-03   -0.1361844E-03    0.1056844E-01   -0.3570167E-01    0.3485564E-01    0.1288408E-01   -0.8276159E+02   -0.2559360E+02   -0.4501447E+00    0.1558904E+02    0.5511853E+02    0.1113141E+03    0.1511916E+03   -0.7602684E+01   -0.1845917E+02   -0.3099292E+02   -0.3853187E+02   -0.4160409E+02   -0.2016768E-02    0.6148606E-02
   -0.8230346E-04   -0.6057082E-04   -0.1672766E-04   -0.2554354E-02    0.4366685E-02   -0.6080310E-02   -0.2838295E-02   -0.3056870E+01   -0.1235396E+01   -0.1865424E+00   -0.1208525E+02   -0.1087240E+02   -0.8425279E+01   -0.7602684E+01    0.8159809E+01   -0.3958217E+01   -0.3975423E+01   -0.4630169E+01   -0.5015834E+01    0.1029490E-03    0.2177128E-03
    0.8782663E-03    0.1558241E-02    0.4929836E-03   -0.5656654E-02    0.6779492E-02   -0.3205760E-01   -0.3085077E-02   -0.8842980E+01   -0.5403875E+01   -0.2227881E+01   -0.7779654E+02   -0.2441932E+02   -0.1833643E+02   -0.1845917E+02   -0.3958217E+01    0.2293498E+03    0.1464313E+03    0.1419535E+03    0.1380325E+03   -0.1317384E-01    0.6701531E-03
    0.4835280E-03    0.9380661E-03    0.3102717E-03   -0.1286505E-01    0.6297437E-02   -0.7501176E-01   -0.4176650E-02   -0.1893625E+02   -0.9998258E+01   -0.1856221E+01   -0.5378290E+02   -0.4295169E+02   -0.3098340E+02   -0.3099292E+02   -0.3975423E+01    0.1464313E+03    0.2704233E+03    0.2708994E+03    0.2687778E+03    0.9583908E-02    0.9776972E-03
    0.4547477E-03    0.8597965E-03    0.3252361E-03   -0.1498447E-01    0.1816414E-01   -0.7909640E-01   -0.5681300E-02   -0.2240034E+02   -0.1627970E+02    0.1756963E+01   -0.6058264E+02   -0.3724570E+02   -0.2156127E+02   -0.3853187E+02   -0.4630169E+01    0.1419535E+03    0.2708994E+03    0.3104892E+03    0.3344984E+03    0.9380016E-02   -0.4497825E-02
    0.4245450E-03    0.9139714E-03    0.3489717E-03   -0.1531721E-01    0.2434120E-01   -0.7930945E-01   -0.5457816E-02   -0.2631331E+02   -0.1763035E+02    0.2297416E+01   -0.5801841E+02   -0.3412470E+02   -0.2136148E+02   -0.4160409E+02   -0.5015834E+01    0.1380325E+03    0.2687778E+03    0.3344984E+03    0.3846310E+03    0.9383366E-02   -0.9407385E-02
   -0.4966522E-07   -0.8408210E-07   -0.3149454E-07    0.2964360E-07   -0.7813649E-06   -0.2873800E-05    0.4970178E-06   -0.5212836E-04   -0.6408962E-04   -0.2920996E-03   -0.2726229E-02   -0.1016797E-02   -0.1869727E-02   -0.2016768E-02    0.1029490E-03   -0.1317384E-01    0.9583908E-02    0.9380016E-02    0.9383366E-02    0.3126267E-05    0.2013277E-07
    0.1503096E-07   -0.1591530E-07   -0.9652436E-09    0.5461709E-06   -0.1782303E-05    0.8220168E-06    0.4751183E-06   -0.3462257E-02   -0.1625482E-03    0.1906913E-03   -0.4017291E-02   -0.1160393E-02    0.1699525E-02    0.6148606E-02    0.2177128E-03    0.6701531E-03    0.9776972E-03   -0.4497825E-02   -0.9407385E-02    0.2013277E-07    0.1452741E-05
