# omegabh2 omegach2 theta tau meffsterile nnu logA ns calPlanck acib217 xi asz143 aps100 aps143 aps143217 aps217 aksz kgal100 kgal143 kgal143217 kgal217 cal0 cal2
  4.5917146E-08   2.0278600E-07  -8.9906865E-10   3.4098124E-07  -7.8313179E-07   1.5268828E-05   1.2036323E-06   7.8680902E-07   1.9074308E-08  -4.7718333E-05   2.1919508E-07   2.5121011E-05  -2.8826484E-04  -2.3833678E-04  -1.0081739E-04  -4.6349374E-05  -2.5577771E-05   6.8393711E-06   3.8187565E-06   6.0870004E-06   2.4932647E-05   1.7837577E-09   3.2209122E-10
  2.0278600E-07   1.8771991E-05  -1.1253571E-06   4.8682971E-07  -7.0139530E-04   6.0589223E-04   2.7781784E-05   2.1162408E-05  -1.7920564E-07   3.1973923E-03  -4.8438839E-05  -8.5361281E-04   1.6426378E-02   6.8473061E-03   1.5099827E-03  -1.0592502E-03   1.5744451E-03   1.1140124E-04   2.4857620E-04  -8.4494101E-06  -1.2458247E-03   2.6744510E-08   5.9679177E-08
 -8.9906865E-10  -1.1253571E-06   2.5706467E-07   8.5420168E-08   2.9138700E-05  -4.7365595E-05  -1.6011646E-06  -1.4123625E-06  -3.3710603E-09  -2.3071958E-04   2.5067860E-06   6.1967132E-05  -1.2116970E-03  -5.8633741E-04  -1.9533312E-04   1.5461089E-05  -1.1431638E-04  -1.2427022E-05  -1.2949756E-05  -8.7866339E-07   7.9138925E-05  -4.1323581E-09  -3.8273663E-09
  3.4098124E-07   4.8682971E-07   8.5420168E-08   6.7270494E-05  -5.4162385E-06   1.0697970E-04   1.3333056E-04   1.0845528E-05  -5.3014144E-07  -1.2053979E-03   2.5050924E-05   3.7882891E-04  -8.0356416E-03  -4.1438766E-03  -1.3129256E-03  -1.6929724E-04  -8.7351364E-04  -6.9052615E-06  -1.0647658E-04  -1.0786738E-04  -4.5236319E-05   2.8874411E-09  -2.1101401E-08
 -7.8313179E-07  -7.0139530E-04   2.9138700E-05  -5.4162385E-06   4.8891225E-02  -1.1393115E-02  -5.4666660E-04  -6.1258075E-04   1.2987325E-05  -7.3321827E-02   1.3036791E-03   2.3746943E-02  -4.0842819E-01  -8.3706003E-02   3.7063091E-02   8.0208933E-02  -4.0444961E-02  -1.4927480E-03  -7.5323060E-03   1.2365514E-02   5.2783963E-02  -1.1112313E-06   7.4192276E-08
  1.5268828E-05   6.0589223E-04  -4.7365595E-05   1.0697970E-04  -1.1393115E-02   2.9922269E-02   1.3077091E-03   1.0952559E-03   2.3110580E-06   1.4778990E-01  -2.3841802E-03  -3.8269048E-02   7.5503187E-01   3.4644091E-01   8.8448209E-02  -3.1703879E-02   7.2886389E-02   8.2523693E-03   1.2127707E-02   9.2242459E-03  -3.8127236E-02   1.6385602E-06   3.4517504E-06
  1.2036323E-06   2.7781784E-05  -1.6011646E-06   1.3333056E-04  -5.4666660E-04   1.3077091E-03   3.4288751E-04   5.2832437E-05   1.0988378E-05   2.3342226E-03   3.3765781E-05  -4.9126414E-04   1.3664687E-02   6.7635909E-03   5.2126741E-03   5.9356909E-03  -3.0452652E-04  -1.8147351E-04  -4.7856014E-04  -4.3687230E-04   2.3069459E-05   2.1081603E-07   1.0542840E-07
  7.8680902E-07   2.1162408E-05  -1.4123625E-06   1.0845528E-05  -6.1258075E-04   1.0952559E-03   5.2832437E-05   5.8833075E-05   3.7112105E-07   1.2918373E-03  -5.6101389E-06  -4.6718804E-04   5.9387064E-03   6.0040883E-03   4.2667770E-03   3.0386671E-03   3.6195311E-04   7.2032938E-04   2.6799378E-04   1.1439670E-04  -2.0327872E-04  -3.5191108E-08   4.4226421E-08
  1.9074308E-08  -1.7920564E-07  -3.3710603E-09  -5.3014144E-07   1.2987325E-05   2.3110580E-06   1.0988378E-05   3.7112105E-07   6.0983210E-06   6.7028248E-04   8.8679863E-06   8.2570131E-06   3.8828478E-03   8.7902365E-04   7.5780902E-04   1.4315221E-03  -6.1524399E-05   1.1992884E-05  -1.2926595E-05   6.3735021E-06   7.4265861E-04   3.3498655E-09   6.2170555E-09
 -4.7718333E-05   3.1973923E-03  -2.3071958E-04  -1.2053979E-03  -7.3321827E-02   1.4778990E-01   2.3342226E-03   1.2918373E-03   6.7028248E-04   4.5443249E+01  -4.1481849E-01  -1.1265551E+00   4.0647563E+01   3.4707052E+00  -1.3548747E+01  -5.5520865E+01   3.5390113E-01   3.0933641E-01   7.2412380E-01  -5.6841618E+00  -3.3336050E+01  -1.8378132E-04   7.3121840E-04
  2.1919508E-07  -4.8438839E-05   2.5067860E-06   2.5050924E-05   1.3036791E-03  -2.3841802E-03   3.3765781E-05  -5.6101389E-06   8.8679863E-06  -4.1481849E-01   8.1898964E-02  -4.4428769E-02  -5.7130085E-01   8.3882008E-01   1.6076851E+00   6.4120255E-01   4.5214090E-02  -1.0539451E-02   6.6049275E-03   9.7863002E-02   1.5195317E-01   2.2656041E-06  -1.6454322E-06
  2.5121011E-05  -8.5361281E-04   6.1967132E-05   3.7882891E-04   2.3746943E-02  -3.8269048E-02  -4.9126414E-04  -4.6718804E-04   8.2570131E-06  -1.1265551E+00  -4.4428769E-02   4.1346876E+00  -3.2705202E+01  -3.4952690E+00   8.3831766E+00   6.0067979E+00  -3.2411615E+00  -2.3766692E-01   1.0322479E-01   2.7578378E+00   3.5406985E+00   1.1347040E-04  -3.4088337E-05
 -2.8826484E-04   1.6426378E-02  -1.2116970E-03  -8.0356416E-03  -4.0842819E-01   7.5503187E-01   1.3664687E-02   5.9387064E-03   3.8828478E-03   4.0647563E+01  -5.7130085E-01  -3.2705202E+01   8.0842142E+02   7.7130513E+01  -5.7172756E+01  -6.5409393E+01   1.8457201E+01  -5.9022666E+00   6.4046563E+00  -1.2155831E+01  -2.5537152E+01   3.7533896E-03   5.5910053E-04
 -2.3833678E-04   6.8473061E-03  -5.8633741E-04  -4.1438766E-03  -8.3706003E-02   3.4644091E-01   6.7635909E-03   6.0040883E-03   8.7902365E-04   3.4707052E+00   8.3882008E-01  -3.4952690E+00   7.7130513E+01   6.7079177E+01   4.2667733E+01   1.7843256E+01  -4.6637887E+00  -2.9253282E-01  -1.0910587E+00   3.7191349E+00   4.2471023E+00   1.1018810E-04   1.2184498E-04
 -1.0081739E-04   1.5099827E-03  -1.9533312E-04  -1.3129256E-03   3.7063091E-02   8.8448209E-02   5.2126741E-03   4.2667770E-03   7.5780902E-04  -1.3548747E+01   1.6076851E+00   8.3831766E+00  -5.7172756E+01   4.2667733E+01   8.8441246E+01   5.8199870E+01  -1.3468127E+01  -9.6814604E-01  -7.9925114E-01   5.3158434E+00   9.3861710E+00   4.1076386E-04  -3.7247462E-04
 -4.6349374E-05  -1.0592502E-03   1.5461089E-05  -1.6929724E-04   8.0208933E-02  -3.1703879E-02   5.9356909E-03   3.0386671E-03   1.4315221E-03  -5.5520865E+01   6.4120255E-01   6.0067979E+00  -6.5409393E+01   1.7843256E+01   5.8199870E+01   1.0782058E+02  -1.0979166E+01  -8.2818250E-01  -1.5059168E+00   5.6806084E+00   3.3781907E+01   4.3901578E-04  -1.3767449E-03
 -2.5577771E-05   1.5744451E-03  -1.1431638E-04  -8.7351364E-04  -4.0444961E-02   7.2886389E-02  -3.0452652E-04   3.6195311E-04  -6.1524399E-05   3.5390113E-01   4.5214090E-02  -3.2411615E+00   1.8457201E+01  -4.6637887E+00  -1.3468127E+01  -1.0979166E+01   7.0215924E+00   1.2873107E-01  -1.6922270E-01  -2.3181295E+00  -2.7718901E+00  -7.8142888E-05   1.3275669E-05
  6.8393711E-06   1.1140124E-04  -1.2427022E-05  -6.9052615E-06  -1.4927480E-03   8.2523693E-03  -1.8147351E-04   7.2032938E-04   1.1992884E-05   3.0933641E-01  -1.0539451E-02  -2.3766692E-01  -5.9022666E+00  -2.9253282E-01  -9.6814604E-01  -8.2818250E-01   1.2873107E-01   3.4377315E+00   5.9303343E-01   2.0035593E-01   5.6417920E-02   1.7044652E-04  -7.7688203E-06
  3.8187565E-06   2.4857620E-04  -1.2949756E-05  -1.0647658E-04  -7.5323060E-03   1.2127707E-02  -4.7856014E-04   2.6799378E-04  -1.2926595E-05   7.2412380E-01   6.6049275E-03   1.0322479E-01   6.4046563E+00  -1.0910587E+00  -7.9925114E-01  -1.5059168E+00  -1.6922270E-01   5.9303343E-01   3.1883015E+00   2.7271637E+00   2.6878560E+00  -1.7744510E-04  -2.8350378E-05
  6.0870004E-06  -8.4494101E-06  -8.7866339E-07  -1.0786738E-04   1.2365514E-02   9.2242459E-03  -4.3687230E-04   1.1439670E-04   6.3735021E-06  -5.6841618E+00   9.7863002E-02   2.7578378E+00  -1.2155831E+01   3.7191349E+00   5.3158434E+00   5.6806084E+00  -2.3181295E+00   2.0035593E-01   2.7271637E+00   1.0878146E+01   1.9361882E+01   4.6818292E-06   4.1643389E-04
  2.4932647E-05  -1.2458247E-03   7.9138925E-05  -4.5236319E-05   5.2783963E-02  -3.8127236E-02   2.3069459E-05  -2.0327872E-04   7.4265861E-04  -3.3336050E+01   1.5195317E-01   3.5406985E+00  -2.5537152E+01   4.2471023E+00   9.3861710E+00   3.3781907E+01  -2.7718901E+00   5.6417920E-02   2.6878560E+00   1.9361882E+01   5.3656771E+01   1.1539585E-04   9.5071814E-04
  1.7837577E-09   2.6744510E-08  -4.1323581E-09   2.8874411E-09  -1.1112313E-06   1.6385602E-06   2.1081603E-07  -3.5191108E-08   3.3498655E-09  -1.8378132E-04   2.2656041E-06   1.1347040E-04   3.7533896E-03   1.1018810E-04   4.1076386E-04   4.3901578E-04  -7.8142888E-05   1.7044652E-04  -1.7744510E-04   4.6818292E-06   1.1539585E-04   3.7570494E-07   2.1772285E-09
  3.2209122E-10   5.9679177E-08  -3.8273663E-09  -2.1101401E-08   7.4192276E-08   3.4517504E-06   1.0542840E-07   4.4226421E-08   6.2170555E-09   7.3121840E-04  -1.6454322E-06  -3.4088337E-05   5.5910053E-04   1.2184498E-04  -3.7247462E-04  -1.3767449E-03   1.3275669E-05  -7.7688203E-06  -2.8350378E-05   4.1643389E-04   9.5071814E-04   2.1772285E-09   3.8398744E-07
