# omegabh2 omegach2 theta tau w logA ns calPlanck acib217 xi asz143 aps100 aps143 aps143217 aps217 aksz kgal100 kgal143 kgal143217 kgal217 cal0 cal2
    0.5540452E-07   -0.2937683E-06    0.5162201E-07    0.1943828E-05   -0.3058056E-05    0.3357514E-05    0.8436404E-06    0.2252181E-07   -0.2242229E-03    0.3466175E-05    0.6503216E-04   -0.1003075E-02   -0.5884516E-03   -0.1689191E-03    0.1537172E-04   -0.8969597E-04   -0.7927652E-06    0.9236232E-06   -0.2153777E-04    0.2296519E-04    0.5114766E-08   -0.2297048E-07
   -0.2937683E-06    0.5035552E-05   -0.4960231E-06   -0.1923273E-04   -0.3358306E-04   -0.2683273E-04   -0.1184045E-04   -0.1566623E-06    0.6726338E-03   -0.1231318E-04   -0.2523764E-03    0.4502378E-02    0.2530786E-02    0.9919385E-03    0.3615701E-03    0.3731687E-03   -0.2652924E-04    0.2870302E-04    0.1021984E-03    0.1379695E-03   -0.4063961E-07    0.6709101E-07
    0.5162201E-07   -0.4960231E-06    0.2295037E-06    0.2522897E-05   -0.1240202E-05    0.4097338E-05    0.1467753E-05    0.1383399E-07   -0.7561840E-04    0.1792691E-05    0.4242599E-04   -0.5950528E-03   -0.3036460E-03   -0.1014265E-03   -0.7610114E-04   -0.6365558E-04    0.3542508E-05   -0.2596836E-05    0.1632092E-05   -0.1286052E-04    0.4733892E-08   -0.8680702E-08
    0.1943828E-05   -0.1923273E-04    0.2522897E-05    0.3880605E-03    0.5684544E-03    0.7247026E-03    0.6096445E-04   -0.2999644E-05   -0.1592100E-01    0.2603646E-03    0.3622223E-02   -0.7148009E-01   -0.2997533E-01   -0.4810296E-02    0.7904938E-02   -0.6624102E-02   -0.3028342E-03   -0.5883776E-03   -0.2063938E-02   -0.4196630E-03    0.4702699E-07   -0.1885465E-05
   -0.3058056E-05   -0.3358306E-04   -0.1240202E-05    0.5684544E-03    0.9122117E-01    0.1033376E-02    0.1123091E-03    0.8498219E-05    0.3411464E-01   -0.3197572E-03   -0.5177069E-02    0.9675788E-01    0.2218521E-01   -0.1227178E-01   -0.3451354E-01    0.6330770E-02   -0.2183446E-02    0.8227558E-02    0.2008793E-01    0.1976650E-01   -0.4176305E-05    0.8306815E-05
    0.3357514E-05   -0.2683273E-04    0.4097338E-05    0.7247026E-03    0.1033376E-02    0.1402121E-02    0.9266992E-04    0.5863447E-05   -0.3127773E-01    0.5609342E-03    0.6698792E-02   -0.1280820E+00   -0.5251168E-01   -0.3805943E-02    0.2357031E-01   -0.1346231E-01   -0.9213659E-03   -0.1672708E-02   -0.4308328E-02    0.1476708E-02    0.2254462E-06   -0.3786095E-05
    0.8436404E-06   -0.1184045E-04    0.1467753E-05    0.6096445E-04    0.1123091E-03    0.9266992E-04    0.4018133E-04    0.4712801E-06   -0.6664588E-02    0.1476142E-03    0.1876325E-02   -0.3773961E-01   -0.1240936E-01    0.7992015E-03    0.5401804E-02   -0.3632518E-02    0.3693664E-03   -0.1593388E-03   -0.5039001E-03    0.6017739E-03   -0.1304185E-06   -0.5789242E-06
    0.2252181E-07   -0.1566623E-06    0.1383399E-07   -0.2999644E-05    0.8498219E-05    0.5863447E-05    0.4712801E-06    0.6089054E-05    0.6352537E-03    0.7124550E-05   -0.9740805E-05    0.3064818E-02    0.5060716E-03    0.4888412E-03    0.1335538E-02   -0.6824935E-04    0.1838743E-04    0.2334670E-04    0.1486183E-04    0.8084836E-03   -0.3016698E-07   -0.2379003E-07
   -0.2242229E-03    0.6726338E-03   -0.7561840E-04   -0.1592100E-01    0.3411464E-01   -0.3127773E-01   -0.6664588E-02    0.6352537E-03    0.4965449E+02   -0.4851695E+00   -0.1548085E+01    0.4351301E+02    0.1797816E+01   -0.2034719E+02   -0.6680267E+02    0.5022507E+00   -0.2088054E+00    0.4047932E+00   -0.3144698E+01   -0.2563085E+02   -0.2177730E-03    0.4440925E-02
    0.3466175E-05   -0.1231318E-04    0.1792691E-05    0.2603646E-03   -0.3197572E-03    0.5609342E-03    0.1476142E-03    0.7124550E-05   -0.4851695E+00    0.8271479E-01   -0.6608418E-01   -0.4924714E+00    0.9178780E+00    0.1740165E+01    0.7245827E+00    0.6559874E-01   -0.3018904E-02    0.1079016E-01    0.9996757E-01    0.1069194E+00    0.6658654E-05   -0.1644713E-04
    0.6503216E-04   -0.2523764E-03    0.4242599E-04    0.3622223E-02   -0.5177069E-02    0.6698792E-02    0.1876325E-02   -0.9740805E-05   -0.1548085E+01   -0.6608418E-01    0.3799094E+01   -0.2983311E+02   -0.3940350E+01    0.7694191E+01    0.6437212E+01   -0.2787899E+01   -0.1929851E+00    0.6133017E-01    0.2520308E+01    0.2114975E+01    0.1966419E-03   -0.3422228E-03
   -0.1003075E-02    0.4502378E-02   -0.5950528E-03   -0.7148009E-01    0.9675788E-01   -0.1280820E+00   -0.3773961E-01    0.3064818E-02    0.4351301E+02   -0.4924714E+00   -0.2983311E+02    0.7366273E+03    0.7352366E+02   -0.5612368E+02   -0.6767558E+02    0.1452341E+02   -0.5228034E+00    0.7058889E-01   -0.1453151E+02   -0.2163867E+02    0.4720929E-02    0.4015782E-02
   -0.5884516E-03    0.2530786E-02   -0.3036460E-03   -0.2997533E-01    0.2218521E-01   -0.5251168E-01   -0.1240936E-01    0.5060716E-03    0.1797816E+01    0.9178780E+00   -0.3940350E+01    0.7352366E+02    0.6071564E+02    0.4213593E+02    0.1770584E+02   -0.4177767E+01   -0.3260570E+00   -0.9140242E+00    0.3697358E+01    0.3397493E+01    0.2101995E-03    0.2875392E-03
   -0.1689191E-03    0.9919385E-03   -0.1014265E-03   -0.4810296E-02   -0.1227178E-01   -0.3805943E-02    0.7992015E-03    0.4888412E-03   -0.2034719E+02    0.1740165E+01    0.7694191E+01   -0.5612368E+02    0.4213593E+02    0.9223200E+02    0.6556870E+02   -0.1223856E+02   -0.6679182E+00   -0.2702919E+00    0.4980993E+01    0.6186750E+01    0.7867244E-03   -0.2389170E-02
    0.1537172E-04    0.3615701E-03   -0.7610114E-04    0.7904938E-02   -0.3451354E-01    0.2357031E-01    0.5401804E-02    0.1335538E-02   -0.6680267E+02    0.7245827E+00    0.6437212E+01   -0.6767558E+02    0.1770584E+02    0.6556870E+02    0.1271033E+03   -0.1061978E+02   -0.2035942E+00   -0.7045554E+00    0.9597122E+00    0.2302212E+02    0.6852979E-03   -0.7623305E-02
   -0.8969597E-04    0.3731687E-03   -0.6365558E-04   -0.6624102E-02    0.6330770E-02   -0.1346231E-01   -0.3632518E-02   -0.6824935E-04    0.5022507E+00    0.6559874E-01   -0.2787899E+01    0.1452341E+02   -0.4177767E+01   -0.1223856E+02   -0.1061978E+02    0.6306543E+01    0.1309486E+00   -0.8064997E-01   -0.2000414E+01   -0.1555729E+01   -0.1424041E-03    0.1919515E-03
   -0.7927652E-06   -0.2652924E-04    0.3542508E-05   -0.3028342E-03   -0.2183446E-02   -0.9213659E-03    0.3693664E-03    0.1838743E-04   -0.2088054E+00   -0.3018904E-02   -0.1929851E+00   -0.5228034E+00   -0.3260570E+00   -0.6679182E+00   -0.2035942E+00    0.1309486E+00    0.3224371E+01    0.6999903E+00    0.3353793E+00    0.5912497E+00    0.4272424E-03    0.1029975E-04
    0.9236232E-06    0.2870302E-04   -0.2596836E-05   -0.5883776E-03    0.8227558E-02   -0.1672708E-02   -0.1593388E-03    0.2334670E-04    0.4047932E+00    0.1079016E-01    0.6133017E-01    0.7058889E-01   -0.9140242E+00   -0.2702919E+00   -0.7045554E+00   -0.8064997E-01    0.6999903E+00    0.3147600E+01    0.2430276E+01    0.1381962E+01   -0.4208452E-03   -0.1837596E-03
   -0.2153777E-04    0.1021984E-03    0.1632092E-05   -0.2063938E-02    0.2008793E-01   -0.4308328E-02   -0.5039001E-03    0.1486183E-04   -0.3144698E+01    0.9996757E-01    0.2520308E+01   -0.1453151E+02    0.3697358E+01    0.4980993E+01    0.9597122E+00   -0.2000414E+01    0.3353793E+00    0.2430276E+01    0.1793227E+02    0.2737952E+02   -0.5276320E-04    0.2452843E-02
    0.2296519E-04    0.1379695E-03   -0.1286052E-04   -0.4196630E-03    0.1976650E-01    0.1476708E-02    0.6017739E-03    0.8084836E-03   -0.2563085E+02    0.1069194E+00    0.2114975E+01   -0.2163867E+02    0.3397493E+01    0.6186750E+01    0.2302212E+02   -0.1555729E+01    0.5912497E+00    0.1381962E+01    0.2737952E+02    0.6247478E+02    0.1030203E-04    0.4340911E-02
    0.5114766E-08   -0.4063961E-07    0.4733892E-08    0.4702699E-07   -0.4176305E-05    0.2254462E-06   -0.1304185E-06   -0.3016698E-07   -0.2177730E-03    0.6658654E-05    0.1966419E-03    0.4720929E-02    0.2101995E-03    0.7867244E-03    0.6852979E-03   -0.1424041E-03    0.4272424E-03   -0.4208452E-03   -0.5276320E-04    0.1030203E-04    0.5529507E-06    0.8201231E-08
   -0.2297048E-07    0.6709101E-07   -0.8680702E-08   -0.1885465E-05    0.8306815E-05   -0.3786095E-05   -0.5789242E-06   -0.2379003E-07    0.4440925E-02   -0.1644713E-04   -0.3422228E-03    0.4015782E-02    0.2875392E-03   -0.2389170E-02   -0.7623305E-02    0.1919515E-03    0.1029975E-04   -0.1837596E-03    0.2452843E-02    0.4340911E-02    0.8201231E-08    0.2063279E-05
