# omegabh2 omegach2 theta tau logA ns nrun acib217 acibsz143 asz143 aps100 aps143 aps143217 aps217 aksz kgal100 t1gal143 t1gal143217 t1gal217 galfEE100 galfEE100143 galfEE100217 galfEE143 galfEE143217 galfEE217 galfTE100 galfTE100143 galfTE100217 galfTE143 galfTE143217 galfTE217 calib_100T calib_217T
    0.2578239E-07   -0.1093017E-06    0.1604338E-07    0.5514952E-06    0.1030307E-05    0.1914679E-06   -0.3657201E-06    0.4804025E-05   -0.6342793E-05    0.1299190E-04    0.2266162E-05   -0.8381369E-04   -0.2332238E-04   -0.6513776E-04   -0.1293550E-04    0.1224626E-03   -0.1014895E-03   -0.1227560E-03   -0.1425467E-03    0.2937965E-06    0.1859996E-06    0.2773906E-06    0.2336446E-06    0.2165277E-06    0.3900611E-06   -0.1885207E-05   -0.1868345E-05   -0.2543256E-05   -0.3810944E-05   -0.5693526E-05   -0.9879682E-05   -0.3004469E-07    0.3035152E-08
   -0.1093017E-06    0.1536576E-05   -0.1205112E-06   -0.7109754E-05   -0.1060743E-04   -0.3779796E-05    0.5181151E-07    0.2391620E-03    0.2222153E-03   -0.1056979E-03    0.1428325E-02    0.7107423E-03   -0.1549948E-03    0.4772056E-04    0.3292195E-03    0.7215978E-03   -0.2301602E-03    0.1601308E-03    0.6886345E-03   -0.1709930E-05   -0.1589209E-05   -0.1879401E-05   -0.1268623E-05   -0.1982352E-05   -0.3302131E-05    0.1605978E-04    0.1505494E-04    0.2003026E-04    0.2176254E-04    0.3101972E-04    0.5944166E-04   -0.1056177E-06   -0.9749770E-07
    0.1604338E-07   -0.1205112E-06    0.8508110E-07    0.1043569E-05    0.1882295E-05    0.3888953E-06   -0.5103716E-07    0.1372693E-05   -0.1990319E-04    0.5354721E-04   -0.3730771E-03   -0.9104974E-04    0.6335770E-04   -0.5565024E-05   -0.3872958E-04   -0.5911539E-04   -0.9411591E-05    0.6152014E-04    0.7491344E-04    0.1390768E-06    0.1362851E-06    0.1770047E-06    0.1187014E-06    0.1221038E-06    0.2304560E-06    0.6191600E-06    0.3064633E-06    0.1049541E-05   -0.2237871E-05   -0.3177211E-05   -0.4278741E-05    0.6855023E-08   -0.8500592E-08
    0.5514952E-06   -0.7109754E-05    0.1043569E-05    0.1116895E-03    0.2061757E-03    0.2318647E-04   -0.7365972E-05   -0.2730074E-02   -0.2154841E-02    0.6999131E-03   -0.1311214E-01   -0.4264798E-02    0.3541293E-02    0.2285131E-02   -0.1677834E-02    0.9170964E-03   -0.8839754E-03   -0.2078862E-02   -0.3657048E-02    0.6494157E-05    0.8154710E-05    0.1193050E-04    0.5005417E-05    0.1060209E-04    0.1273795E-04   -0.5067718E-04   -0.3156637E-04   -0.4672353E-04   -0.8879311E-04   -0.1784810E-03   -0.2704447E-03   -0.4773220E-06    0.2223287E-06
    0.1030307E-05   -0.1060743E-04    0.1882295E-05    0.2061757E-03    0.3947482E-03    0.3542501E-04   -0.2306934E-04   -0.4771083E-02   -0.3923532E-02    0.3965756E-03   -0.9097238E-02   -0.1864008E-03    0.1113681E-01    0.8588308E-02   -0.2321331E-02   -0.3900869E-02   -0.1982280E-01   -0.2097969E-01   -0.2250816E-01    0.9161097E-05    0.1114986E-04    0.1787880E-04    0.6574031E-05    0.1459823E-04    0.1597184E-04   -0.6568564E-04   -0.3449442E-04   -0.6476433E-04   -0.1536813E-03   -0.3261829E-03   -0.4678595E-03   -0.2319676E-05    0.9409926E-07
    0.1914679E-06   -0.3779796E-05    0.3888953E-06    0.2318647E-04    0.3542501E-04    0.2336588E-04    0.8036020E-05   -0.1068974E-01   -0.5346839E-02   -0.1381433E-02   -0.9369270E-02    0.6546070E-02    0.1570490E-01    0.1577462E-01   -0.3883887E-02   -0.5912036E-02   -0.7042216E-02   -0.1053737E-01   -0.1224200E-01    0.6522471E-05    0.6499237E-05    0.8733704E-05    0.5568831E-05    0.7008652E-05    0.1121891E-04   -0.4271776E-04   -0.2487191E-04   -0.2709095E-04   -0.1982855E-04   -0.1953590E-04   -0.3482517E-04    0.5206134E-06    0.8199655E-06
   -0.3657201E-06    0.5181151E-07   -0.5103716E-07   -0.7365972E-05   -0.2306934E-04    0.8036020E-05    0.4406749E-04   -0.1060716E-01   -0.5348067E-02   -0.1691658E-02   -0.3234903E-02    0.4806701E-02    0.1166966E-01    0.1191359E-01   -0.4212917E-02   -0.1343226E-03    0.1162040E-02   -0.4252671E-03   -0.7412831E-03   -0.8590588E-05   -0.8382253E-05   -0.4257546E-05   -0.1060362E-04   -0.6008898E-05   -0.8904416E-06    0.2582981E-04    0.1626994E-04    0.6512661E-04    0.7103474E-04    0.1471681E-03    0.2581482E-03    0.7851578E-06    0.4906153E-06
    0.4804025E-05    0.2391620E-03    0.1372693E-05   -0.2730074E-02   -0.4771083E-02   -0.1068974E-01   -0.1060716E-01    0.6529385E+02    0.2382291E+02    0.1317477E+01    0.1711658E+02   -0.2113642E+02   -0.6362682E+02   -0.8100131E+02   -0.2310073E+01    0.2365077E+00   -0.1018557E+02   -0.1378958E+02   -0.1826360E+02   -0.2882618E-02    0.4585674E-03    0.4084592E-03   -0.2101517E-03    0.3556132E-03    0.1006114E-01    0.2638113E-01   -0.1654602E-01   -0.5198149E-01   -0.1583975E-01   -0.9060518E-01   -0.2281283E+00   -0.5453560E-03   -0.3378916E-02
   -0.6342793E-05    0.2222153E-03   -0.1990319E-04   -0.2154841E-02   -0.3923532E-02   -0.5346839E-02   -0.5348067E-02    0.2382291E+02    0.1643142E+02    0.2471023E+01   -0.8755039E+01   -0.2113581E+02   -0.3959469E+02   -0.2493394E+02   -0.1426909E+01   -0.3497424E+01   -0.5849335E+01   -0.1043591E+02   -0.1102260E+02   -0.9820953E-04    0.1761351E-03   -0.1876286E-03   -0.2616787E-03   -0.1151474E-03    0.3421974E-02   -0.7956236E-02   -0.1416986E-01   -0.2901380E-01   -0.4376042E-02   -0.3599173E-01   -0.9209714E-01   -0.3166916E-04   -0.4705386E-03
    0.1299190E-04   -0.1056979E-03    0.5354721E-04    0.6999131E-03    0.3965756E-03   -0.1381433E-02   -0.1691658E-02    0.1317477E+01    0.2471023E+01    0.6312434E+01   -0.4025289E+02   -0.1743293E+02   -0.4749963E+01   -0.4555156E+00   -0.3150512E+00   -0.4263377E+01   -0.1619974E+01    0.2893542E+01    0.3514461E+01    0.5436098E-03    0.6244050E-03    0.1027931E-02   -0.6957305E-03   -0.6438559E-03    0.4835446E-03   -0.7344578E-02   -0.2042668E-02   -0.8697778E-02   -0.1727197E-01   -0.2230252E-01   -0.1452812E-01   -0.5678116E-04    0.1322988E-03
    0.2266162E-05    0.1428325E-02   -0.3730771E-03   -0.1311214E-01   -0.9097238E-02   -0.9369270E-02   -0.3234903E-02    0.1711658E+02   -0.8755039E+01   -0.4025289E+02    0.7416339E+03    0.1618810E+03    0.4433149E+02   -0.2130534E+01   -0.1213092E+02   -0.3718606E+02    0.3710173E+01   -0.4611729E+01   -0.3819370E-01   -0.5552845E-02   -0.8002998E-02   -0.1951012E-01    0.1024478E-01    0.2435427E-02   -0.2703565E-01    0.3069680E-01   -0.4459831E-01    0.5840194E-01    0.4715050E-01    0.1262471E+00    0.2161962E+00   -0.1225278E-02   -0.3717408E-02
   -0.8381369E-04    0.7107423E-03   -0.9104974E-04   -0.4264798E-02   -0.1864008E-03    0.6546070E-02    0.4806701E-02   -0.2113642E+02   -0.2113581E+02   -0.1743293E+02    0.1618810E+03    0.1126729E+03    0.8252047E+02    0.4561860E+02   -0.1010886E+02    0.6157644E+01   -0.8090628E+01   -0.5226802E+01   -0.1673291E+01   -0.3808717E-02   -0.2755565E-02   -0.3620690E-02    0.4785248E-02   -0.2438229E-02   -0.1245861E-01    0.5316422E-01    0.1870432E-01    0.6032285E-01    0.5283014E-01    0.1229342E+00    0.1832855E+00   -0.6326717E-03   -0.7511650E-03
   -0.2332238E-04   -0.1549948E-03    0.6335770E-04    0.3541293E-02    0.1113681E-01    0.1570490E-01    0.1166966E-01   -0.6362682E+02   -0.3959469E+02   -0.4749963E+01    0.4433149E+02    0.8252047E+02    0.1323713E+03    0.1006439E+03   -0.7917964E+01    0.3914313E+00   -0.2713666E+01    0.3860522E+01    0.3624415E+01    0.1221807E-03   -0.1726542E-02    0.2037706E-02    0.9801251E-03   -0.2980275E-02   -0.1425111E-01    0.2670907E-01    0.3711388E-01    0.9335760E-01    0.3047530E-01    0.1477691E+00    0.3244900E+00   -0.4351343E-03    0.2386319E-02
   -0.6513776E-04    0.4772056E-04   -0.5565024E-05    0.2285131E-02    0.8588308E-02    0.1577462E-01    0.1191359E-01   -0.8100131E+02   -0.2493394E+02   -0.4555156E+00   -0.2130534E+01    0.4561860E+02    0.1006439E+03    0.1378686E+03   -0.8031324E+01   -0.1065294E+02   -0.5406145E+01   -0.1141872E+02   -0.1220836E+02    0.4511675E-02   -0.2590823E-02    0.1286558E-02   -0.6156895E-03   -0.3888057E-02   -0.1691137E-01   -0.4389233E-01    0.1553616E-01    0.7595527E-01    0.4313881E-01    0.1670648E+00    0.3600643E+00    0.4108110E-03    0.5834581E-02
   -0.1293550E-04    0.3292195E-03   -0.3872958E-04   -0.1677834E-02   -0.2321331E-02   -0.3883887E-02   -0.4212917E-02   -0.2310073E+01   -0.1426909E+01   -0.3150512E+00   -0.1213092E+02   -0.1010886E+02   -0.7917964E+01   -0.8031324E+01    0.8001491E+01   -0.1504364E+01   -0.3251652E+01   -0.3374678E+01   -0.3696664E+01   -0.7929939E-03    0.1185098E-03   -0.1738844E-02   -0.7322537E-03   -0.2043770E-03   -0.8051612E-03    0.1043281E-01    0.1762877E-01    0.1470904E-01   -0.5872292E-02   -0.1451116E-01   -0.1934796E-01   -0.1667021E-03    0.1153545E-03
    0.1224626E-03    0.7215978E-03   -0.5911539E-04    0.9170964E-03   -0.3900869E-02   -0.5912036E-02   -0.1343226E-03    0.2365077E+00   -0.3497424E+01   -0.4263377E+01   -0.3718606E+02    0.6157644E+01    0.3914313E+00   -0.1065294E+02   -0.1504364E+01    0.1528537E+03    0.5663965E+02    0.5484625E+02    0.5535482E+02   -0.1841397E-02    0.4677302E-03    0.1363102E-02    0.8497518E-02    0.4579205E-02    0.2737437E-02    0.3622902E-01   -0.3309935E-02    0.2717706E-01   -0.1472478E-01   -0.8623662E-02   -0.1215027E-01   -0.1245143E-01   -0.7931954E-03
   -0.1014895E-03   -0.2301602E-03   -0.9411591E-05   -0.8839754E-03   -0.1982280E-01   -0.7042216E-02    0.1162040E-02   -0.1018557E+02   -0.5849335E+01   -0.1619974E+01    0.3710173E+01   -0.8090628E+01   -0.2713666E+01   -0.5406145E+01   -0.3251652E+01    0.5663965E+02    0.1178288E+03    0.1171010E+03    0.1154716E+03    0.6035230E-02    0.4913997E-02    0.5577594E-02    0.5308970E-02    0.8982181E-02    0.2852544E-02   -0.3712037E-01   -0.3325233E-01    0.1961727E-02    0.1541476E-02    0.1862774E-01   -0.1418063E-01    0.4073541E-02    0.3628130E-03
   -0.1227560E-03    0.1601308E-03    0.6152014E-04   -0.2078862E-02   -0.2097969E-01   -0.1053737E-01   -0.4252671E-03   -0.1378958E+02   -0.1043591E+02    0.2893542E+01   -0.4611729E+01   -0.5226802E+01    0.3860522E+01   -0.1141872E+02   -0.3374678E+01    0.5484625E+02    0.1171010E+03    0.1529283E+03    0.1751151E+03    0.3000692E-02    0.5383215E-02    0.2036014E-02    0.6275123E-02    0.7767290E-02   -0.4597936E-02    0.1117895E-01   -0.2622919E-02    0.1995910E-01   -0.6553597E-02    0.1822476E-01    0.8484236E-01    0.3316052E-02   -0.4427123E-02
   -0.1425467E-03    0.6886345E-03    0.7491344E-04   -0.3657048E-02   -0.2250816E-01   -0.1224200E-01   -0.7412831E-03   -0.1826360E+02   -0.1102260E+02    0.3514461E+01   -0.3819370E-01   -0.1673291E+01    0.3624415E+01   -0.1220836E+02   -0.3696664E+01    0.5535482E+02    0.1154716E+03    0.1751151E+03    0.2209928E+03    0.1334266E-02    0.5475047E-02   -0.9327648E-03    0.6860979E-02    0.6875734E-02   -0.1241162E-01    0.5631574E-01    0.1758001E-01    0.4710390E-01   -0.2579408E-02    0.4618365E-01    0.2084888E+00    0.2728022E-02   -0.8653232E-02
    0.2937965E-06   -0.1709930E-05    0.1390768E-06    0.6494157E-05    0.9161097E-05    0.6522471E-05   -0.8590588E-05   -0.2882618E-02   -0.9820953E-04    0.5436098E-03   -0.5552845E-02   -0.3808717E-02    0.1221807E-03    0.4511675E-02   -0.7929939E-03   -0.1841397E-02    0.6035230E-02    0.3000692E-02    0.1334266E-02    0.7433909E-04    0.2431794E-04    0.3294711E-04    0.1135621E-04    0.1585279E-04    0.2241800E-04   -0.1183680E-03   -0.6516758E-04   -0.1102919E-03   -0.4688285E-04   -0.9558688E-04   -0.2546889E-03    0.7145490E-06    0.6009122E-06
    0.1859996E-06   -0.1589209E-05    0.1362851E-06    0.8154710E-05    0.1114986E-04    0.6499237E-05   -0.8382253E-05    0.4585674E-03    0.1761351E-03    0.6244050E-03   -0.8002998E-02   -0.2755565E-02   -0.1726542E-02   -0.2590823E-02    0.1185098E-03    0.4677302E-03    0.4913997E-02    0.5383215E-02    0.5475047E-02    0.2431794E-04    0.3900376E-04    0.3375793E-04    0.2732065E-04    0.2668890E-04    0.2982963E-04   -0.5329272E-04   -0.7700072E-04   -0.1094510E-03   -0.1070707E-03   -0.1623163E-03   -0.2520387E-03    0.4084207E-06    0.2335847E-07
    0.2773906E-06   -0.1879401E-05    0.1770047E-06    0.1193050E-04    0.1787880E-04    0.8733704E-05   -0.4257546E-05    0.4084592E-03   -0.1876286E-03    0.1027931E-02   -0.1951012E-01   -0.3620690E-02    0.2037706E-02    0.1286558E-02   -0.1738844E-02    0.1363102E-02    0.5577594E-02    0.2036014E-02   -0.9327648E-03    0.3294711E-04    0.3375793E-04    0.1154582E-03    0.1761029E-04    0.5424134E-04    0.1098817E-03   -0.6597757E-04   -0.6274328E-04   -0.1035806E-03   -0.9424682E-04   -0.2153218E-03   -0.4763285E-03    0.8676335E-06    0.4851687E-06
    0.2336446E-06   -0.1268623E-05    0.1187014E-06    0.5005417E-05    0.6574031E-05    0.5568831E-05   -0.1060362E-04   -0.2101517E-03   -0.2616787E-03   -0.6957305E-03    0.1024478E-01    0.4785248E-02    0.9801251E-03   -0.6156895E-03   -0.7322537E-03    0.8497518E-02    0.5308970E-02    0.6275123E-02    0.6860979E-02    0.1135621E-04    0.2732065E-04    0.1761029E-04    0.8403236E-04    0.4875841E-04    0.3876496E-04   -0.3587404E-04   -0.7353787E-04   -0.1290766E-03   -0.1463373E-03   -0.1965841E-03   -0.2999665E-03   -0.6883705E-06   -0.4472125E-07
    0.2165277E-06   -0.1982352E-05    0.1221038E-06    0.1060209E-04    0.1459823E-04    0.7008652E-05   -0.6008898E-05    0.3556132E-03   -0.1151474E-03   -0.6438559E-03    0.2435427E-02   -0.2438229E-02   -0.2980275E-02   -0.3888057E-02   -0.2043770E-03    0.4579205E-02    0.8982181E-02    0.7767290E-02    0.6875734E-02    0.1585279E-04    0.2668890E-04    0.5424134E-04    0.4875841E-04    0.1221089E-03    0.1657028E-03   -0.8491790E-04   -0.5759639E-04   -0.1578325E-03   -0.1482452E-03   -0.2732132E-03   -0.5180336E-03    0.2433181E-06    0.3091042E-07
    0.3900611E-06   -0.3302131E-05    0.2304560E-06    0.1273795E-04    0.1597184E-04    0.1121891E-04   -0.8904416E-06    0.1006114E-01    0.3421974E-02    0.4835446E-03   -0.2703565E-01   -0.1245861E-01   -0.1425111E-01   -0.1691137E-01   -0.8051612E-03    0.2737437E-02    0.2852544E-02   -0.4597936E-02   -0.1241162E-01    0.2241800E-04    0.2982963E-04    0.1098817E-03    0.3876496E-04    0.1657028E-03    0.6609667E-03   -0.1848546E-03   -0.1334801E-03   -0.4083082E-03   -0.1683495E-03   -0.4647695E-03   -0.7978630E-03    0.6727412E-06    0.7591640E-06
   -0.1885207E-05    0.1605978E-04    0.6191600E-06   -0.5067718E-04   -0.6568564E-04   -0.4271776E-04    0.2582981E-04    0.2638113E-01   -0.7956236E-02   -0.7344578E-02    0.3069680E-01    0.5316422E-01    0.2670907E-01   -0.4389233E-01    0.1043281E-01    0.3622902E-01   -0.3712037E-01    0.1117895E-01    0.5631574E-01   -0.1183680E-03   -0.5329272E-04   -0.6597757E-04   -0.3587404E-04   -0.8491790E-04   -0.1848546E-03    0.1174164E-01    0.7599848E-02    0.8751974E-02    0.1803725E-02    0.2223712E-02    0.2593451E-02   -0.8502686E-05   -0.1318135E-04
   -0.1868345E-05    0.1505494E-04    0.3064633E-06   -0.3156637E-04   -0.3449442E-04   -0.2487191E-04    0.1626994E-04   -0.1654602E-01   -0.1416986E-01   -0.2042668E-02   -0.4459831E-01    0.1870432E-01    0.3711388E-01    0.1553616E-01    0.1762877E-01   -0.3309935E-02   -0.3325233E-01   -0.2622919E-02    0.1758001E-01   -0.6516758E-04   -0.7700072E-04   -0.6274328E-04   -0.7353787E-04   -0.5759639E-04   -0.1334801E-03    0.7599848E-02    0.1123509E-01    0.1243888E-01    0.8050895E-02    0.7800758E-02    0.6438499E-02   -0.2815967E-05   -0.5192533E-05
   -0.2543256E-05    0.2003026E-04    0.1049541E-05   -0.4672353E-04   -0.6476433E-04   -0.2709095E-04    0.6512661E-04   -0.5198149E-01   -0.2901380E-01   -0.8697778E-02    0.5840194E-01    0.6032285E-01    0.9335760E-01    0.7595527E-01    0.1470904E-01    0.2717706E-01    0.1961727E-02    0.1995910E-01    0.4710390E-01   -0.1102919E-03   -0.1094510E-03   -0.1035806E-03   -0.1290766E-03   -0.1578325E-03   -0.4083082E-03    0.8751974E-02    0.1243888E-01    0.2394232E-01    0.4820747E-02    0.1198716E-01    0.2217737E-01   -0.4170548E-05   -0.5237450E-05
   -0.3810944E-05    0.2176254E-04   -0.2237871E-05   -0.8879311E-04   -0.1536813E-03   -0.1982855E-04    0.7103474E-04   -0.1583975E-01   -0.4376042E-02   -0.1727197E-01    0.4715050E-01    0.5283014E-01    0.3047530E-01    0.4313881E-01   -0.5872292E-02   -0.1472478E-01    0.1541476E-02   -0.6553597E-02   -0.2579408E-02   -0.4688285E-04   -0.1070707E-03   -0.9424682E-04   -0.1463373E-03   -0.1482452E-03   -0.1683495E-03    0.1803725E-02    0.8050895E-02    0.4820747E-02    0.2022479E-01    0.1815442E-01    0.1189397E-01    0.3154202E-05   -0.1971010E-05
   -0.5693526E-05    0.3101972E-04   -0.3177211E-05   -0.1784810E-03   -0.3261829E-03   -0.1953590E-04    0.1471681E-03   -0.9060518E-01   -0.3599173E-01   -0.2230252E-01    0.1262471E+00    0.1229342E+00    0.1477691E+00    0.1670648E+00   -0.1451116E-01   -0.8623662E-02    0.1862774E-01    0.1822476E-01    0.4618365E-01   -0.9558688E-04   -0.1623163E-03   -0.2153218E-03   -0.1965841E-03   -0.2732132E-03   -0.4647695E-03    0.2223712E-02    0.7800758E-02    0.1198716E-01    0.1815442E-01    0.2840251E-01    0.3964254E-01    0.1985300E-05   -0.2259372E-05
   -0.9879682E-05    0.5944166E-04   -0.4278741E-05   -0.2704447E-03   -0.4678595E-03   -0.3482517E-04    0.2581482E-03   -0.2281283E+00   -0.9209714E-01   -0.1452812E-01    0.2161962E+00    0.1832855E+00    0.3244900E+00    0.3600643E+00   -0.1934796E-01   -0.1215027E-01   -0.1418063E-01    0.8484236E-01    0.2084888E+00   -0.2546889E-03   -0.2520387E-03   -0.4763285E-03   -0.2999665E-03   -0.5180336E-03   -0.7978630E-03    0.2593451E-02    0.6438499E-02    0.2217737E-01    0.1189397E-01    0.3964254E-01    0.1019284E+00   -0.7854018E-05   -0.9733047E-05
   -0.3004469E-07   -0.1056177E-06    0.6855023E-08   -0.4773220E-06   -0.2319676E-05    0.5206134E-06    0.7851578E-06   -0.5453560E-03   -0.3166916E-04   -0.5678116E-04   -0.1225278E-02   -0.6326717E-03   -0.4351343E-03    0.4108110E-03   -0.1667021E-03   -0.1245143E-01    0.4073541E-02    0.3316052E-02    0.2728022E-02    0.7145490E-06    0.4084207E-06    0.8676335E-06   -0.6883705E-06    0.2433181E-06    0.6727412E-06   -0.8502686E-05   -0.2815967E-05   -0.4170548E-05    0.3154202E-05    0.1985300E-05   -0.7854018E-05    0.2260125E-05    0.1571191E-06
    0.3035152E-08   -0.9749770E-07   -0.8500592E-08    0.2223287E-06    0.9409926E-07    0.8199655E-06    0.4906153E-06   -0.3378916E-02   -0.4705386E-03    0.1322988E-03   -0.3717408E-02   -0.7511650E-03    0.2386319E-02    0.5834581E-02    0.1153545E-03   -0.7931954E-03    0.3628130E-03   -0.4427123E-02   -0.8653232E-02    0.6009122E-06    0.2335847E-07    0.4851687E-06   -0.4472125E-07    0.3091042E-07    0.7591640E-06   -0.1318135E-04   -0.5192533E-05   -0.5237450E-05   -0.1971010E-05   -0.2259372E-05   -0.9733047E-05    0.1571191E-06    0.1269868E-05
