# omegabh2 omegach2 theta tau ns logA r aps100 aps143 aps217 acib143 acib217 asz143 psr cibr ncib cal0 cal2 xi aksz bm_1_1 bm_1_2 bm_1_3 bm_1_4 bm_1_5 bm_2_1 bm_2_2 bm_2_3 bm_2_4 bm_2_5 bm_3_1 bm_3_2 bm_3_3 bm_3_4 bm_3_5 bm_4_1 bm_4_2 bm_4_3 bm_4_4 bm_4_5 a_ps_act_148 a_ps_act_217 a_ps_spt_95 a_ps_spt_150 a_ps_spt_220 r_ps_spt_95x150 r_ps_spt_95x220 r_ps_150x220 act_dust_s act_dust_e cal_acts_148 cal_acts_217 cal_acte_148 cal_acte_217 cal_spt_95 cal_spt_150 cal_spt_220
    0.55397E-07   -0.13907E-06    0.41188E-07    0.58913E-06    0.47531E-06    0.98412E-06    0.93795E-07   -0.39267E-03   -0.58777E-03   -0.47466E-03   -0.20312E-07    0.12076E-04    0.14095E-04   -0.13864E-05   -0.47906E-06    0.50221E-06    0.26814E-08    0.15742E-09   -0.33321E-05   -0.40600E-04   -0.10891E-04   -0.11803E-04   -0.31911E-05    0.54949E-06    0.75589E-06    0.33750E-05   -0.14183E-05    0.21732E-05    0.91713E-06   -0.23563E-05   -0.17870E-05    0.18879E-05    0.15252E-05   -0.32905E-06   -0.33818E-05    0.79733E-06    0.30045E-05   -0.11108E-05   -0.21482E-05    0.34031E-05    0.87940E-05    0.76755E-04    0.18949E-04    0.17225E-04    0.79549E-04   -0.31194E-06   -0.57837E-06   -0.28732E-07   -0.11491E-05    0.48178E-06    0.29643E-06    0.36072E-06    0.35057E-06    0.34274E-06    0.49807E-06    0.63337E-06    0.34005E-06
   -0.13907E-06    0.30602E-05   -0.18123E-06   -0.46828E-05   -0.68984E-05   -0.17978E-05   -0.65716E-05    0.15534E-02    0.12358E-02    0.11757E-02   -0.47404E-05   -0.98082E-04   -0.54893E-04    0.36713E-05    0.19030E-06   -0.20745E-05   -0.10943E-07    0.34880E-07    0.12490E-04    0.31818E-04    0.60824E-04   -0.13704E-05    0.13320E-04    0.22559E-05    0.52344E-05    0.21248E-04   -0.80070E-06    0.12021E-04   -0.22696E-04    0.33672E-04   -0.30181E-05   -0.28783E-05   -0.19957E-06    0.24311E-04   -0.10493E-04    0.15357E-04   -0.62353E-05    0.23851E-04   -0.13537E-04   -0.66206E-05    0.16227E-05   -0.13258E-03   -0.23386E-04   -0.12338E-04   -0.15875E-03    0.29918E-05    0.21780E-05    0.22823E-06    0.28108E-06   -0.26865E-05   -0.81365E-06   -0.87405E-06   -0.88850E-06   -0.69844E-06   -0.15531E-05   -0.16206E-05   -0.49747E-06
    0.41188E-07   -0.18123E-06    0.31354E-06    0.75809E-06    0.89290E-06    0.13824E-05   -0.22423E-08    0.14969E-03   -0.13479E-03   -0.46711E-04    0.64255E-05   -0.46561E-04    0.21987E-04   -0.10777E-05    0.77199E-07   -0.88159E-06   -0.32940E-09   -0.42054E-08   -0.20491E-05   -0.21965E-04    0.35762E-05   -0.66445E-05    0.67974E-05   -0.51487E-05   -0.28459E-05   -0.23811E-05   -0.63231E-05    0.69903E-05    0.28574E-05    0.60955E-05    0.11158E-05    0.72186E-05    0.15007E-05   -0.34317E-05   -0.12521E-04   -0.42146E-06   -0.42590E-06   -0.27101E-05   -0.89889E-05    0.36742E-05   -0.89951E-06    0.64992E-04   -0.74929E-05    0.43138E-05    0.52938E-04    0.49816E-06    0.50187E-06    0.23176E-07    0.47370E-06    0.13302E-05    0.16855E-06    0.88841E-07    0.19909E-06    0.16845E-06    0.16025E-06    0.27048E-06    0.21069E-06
    0.58913E-06   -0.46828E-05    0.75809E-06    0.16529E-03    0.20474E-04    0.31790E-03   -0.30139E-04   -0.22514E-01   -0.15285E-01   -0.11623E-01   -0.11240E-03    0.14723E-02    0.37287E-03   -0.29849E-04    0.38853E-05    0.29758E-04    0.50435E-07    0.23634E-06   -0.15765E-03   -0.15849E-02   -0.31244E-03   -0.17529E-03    0.32011E-04   -0.12505E-04   -0.18903E-03    0.21684E-03    0.89146E-04   -0.48612E-04    0.33746E-03   -0.13469E-03   -0.17287E-03    0.23999E-04   -0.36669E-04    0.47261E-06    0.20246E-04    0.44082E-04    0.49737E-04    0.49222E-04    0.10237E-03    0.29147E-03    0.11865E-03    0.10372E-02    0.81749E-03    0.30120E-03    0.17408E-02   -0.40299E-04   -0.48551E-04   -0.37602E-05    0.10507E-04    0.32473E-04    0.49393E-05    0.98296E-05    0.85143E-05    0.81512E-05    0.62020E-05    0.12887E-04    0.57179E-05
    0.47531E-06   -0.68984E-05    0.89290E-06    0.20474E-04    0.31768E-04    0.20457E-04    0.34063E-04   -0.35028E-01   -0.16325E-01   -0.10729E-01   -0.28900E-04    0.76982E-03    0.67141E-03   -0.31936E-04   -0.65795E-05    0.20659E-04   -0.68037E-07    0.25839E-06   -0.15703E-03   -0.11882E-02   -0.38320E-03   -0.19516E-03   -0.11393E-03   -0.11200E-04    0.16813E-04    0.24068E-03    0.14534E-03    0.34755E-04    0.17695E-03   -0.59139E-04    0.40112E-04    0.89856E-05   -0.11560E-03   -0.85077E-04    0.37273E-04    0.16443E-03    0.18591E-03    0.52700E-06    0.46442E-04    0.99671E-04    0.10989E-03    0.12944E-02    0.17762E-03    0.22351E-03    0.11685E-02   -0.15585E-04   -0.17886E-04   -0.48484E-06    0.44450E-05    0.19890E-04    0.72939E-05    0.65957E-05    0.83428E-05    0.60907E-05    0.11705E-04    0.11598E-04    0.80823E-05
    0.98412E-06   -0.17978E-05    0.13824E-05    0.31790E-03    0.20457E-04    0.63504E-03   -0.83347E-04   -0.50012E-01   -0.30585E-01   -0.21673E-01   -0.28123E-03    0.29909E-02    0.72427E-03   -0.56549E-04    0.39136E-05    0.64116E-04    0.15835E-06    0.83981E-06   -0.33796E-03   -0.34790E-02   -0.43246E-04   -0.30106E-03    0.11800E-03    0.44246E-05   -0.38084E-03    0.84621E-03    0.26474E-03   -0.77626E-04    0.55510E-03   -0.28680E-03   -0.31332E-03    0.10610E-03   -0.11383E-03    0.32707E-04   -0.97388E-04    0.40596E-03    0.23308E-03    0.22790E-03    0.18806E-03    0.56322E-03    0.25558E-03    0.17302E-02    0.17119E-02    0.57769E-03    0.28760E-02   -0.79981E-04   -0.10794E-03   -0.83473E-05    0.20390E-04    0.56132E-04    0.88542E-05    0.17863E-04    0.15647E-04    0.14986E-04    0.99256E-05    0.22359E-04    0.88925E-05
    0.93795E-07   -0.65716E-05   -0.22423E-08   -0.30139E-04    0.34063E-04   -0.83347E-04    0.16318E-02   -0.27269E-01   -0.14750E-01   -0.14590E-01    0.94561E-04    0.22662E-02   -0.50236E-03   -0.91757E-05   -0.74575E-04    0.53240E-04   -0.71071E-07    0.39702E-06   -0.27201E-04    0.34091E-03   -0.55175E-03    0.80898E-05   -0.12246E-02   -0.28044E-03   -0.17407E-03    0.62875E-03    0.61380E-03   -0.25311E-03   -0.47523E-03    0.54244E-04   -0.16682E-03   -0.35109E-04    0.45892E-04   -0.26037E-03   -0.39959E-03    0.43690E-03   -0.29693E-04    0.29784E-03   -0.20586E-03   -0.91981E-03   -0.18551E-03   -0.14651E-02    0.77777E-03   -0.16063E-03   -0.29230E-02   -0.45318E-04   -0.58009E-04    0.13242E-04    0.68156E-04    0.52825E-04    0.78979E-05    0.90143E-05    0.62133E-05    0.19688E-05    0.52880E-05    0.10813E-04    0.10539E-04
   -0.39267E-03    0.15534E-02    0.14969E-03   -0.22514E-01   -0.35028E-01   -0.50012E-01   -0.27269E-01    0.15952E+04    0.84165E+02    0.13417E+02    0.15280E+00   -0.13225E-01   -0.11591E+02   -0.46071E-01   -0.11043E+00   -0.46551E-01    0.91131E-03   -0.35772E-02    0.93428E+00    0.77688E+01    0.16376E+02   -0.68735E+01    0.61643E+00   -0.35352E+00   -0.24399E+00   -0.28148E+01   -0.50809E+01   -0.12846E+01   -0.50908E+00   -0.17973E+01    0.21616E+00    0.43754E+00    0.42034E+00   -0.74804E+00   -0.36257E+01   -0.13829E+01   -0.20339E+01   -0.30128E+01    0.50084E+00    0.22539E+01    0.26673E+00   -0.73409E+00    0.50754E+01   -0.77871E+00    0.38341E+01   -0.74348E-01   -0.37226E+00   -0.71631E-01   -0.60468E-01    0.96444E-01   -0.16632E-01    0.87125E-02   -0.26213E-01    0.88620E-02   -0.78738E-01   -0.30609E-01    0.93929E-02
   -0.58777E-03    0.12358E-02   -0.13479E-03   -0.15285E-01   -0.16325E-01   -0.30585E-01   -0.14750E-01    0.84165E+02    0.63209E+02    0.15805E+02    0.14083E+00    0.11152E+00   -0.20779E+01    0.29237E-01    0.24689E-01   -0.25035E-01   -0.19763E-04   -0.96717E-03    0.21213E+00    0.63073E+00   -0.67986E-01   -0.17206E+00    0.76137E-01    0.96846E-01    0.23363E-01    0.23120E+00   -0.24093E+00   -0.17972E+00   -0.12299E+00    0.62258E-01   -0.12361E+00    0.75955E-01    0.66474E-01    0.51573E-01   -0.63591E-01    0.17428E+00   -0.18006E+00   -0.22629E+00   -0.49609E-01    0.94375E-01    0.28377E+00   -0.15096E+01    0.10785E+01   -0.16524E+00   -0.40556E+00   -0.51059E-02   -0.52167E-01   -0.30341E-01    0.27554E-01    0.25101E-02   -0.12233E-01   -0.77035E-02   -0.13296E-01   -0.64415E-02   -0.26364E-01   -0.17480E-01   -0.79881E-02
   -0.47466E-03    0.11757E-02   -0.46711E-04   -0.11623E-01   -0.10729E-01   -0.21673E-01   -0.14590E-01    0.13417E+02    0.15805E+02    0.95124E+02   -0.99898E+00   -0.33874E+02    0.60711E+00   -0.36287E+00   -0.43169E-01   -0.44202E+00   -0.28744E-04    0.43331E-04   -0.28354E-01    0.46820E+00   -0.10357E+00    0.28549E+00    0.34836E-01   -0.15267E+00    0.18146E+00    0.15340E+00    0.11914E+00    0.25193E-01   -0.18290E-01    0.21266E+00    0.16851E+00    0.23510E+00   -0.22196E+00    0.28089E+00    0.11697E+00    0.22646E+00    0.56443E-01    0.22260E+00    0.69997E-01   -0.12753E+00    0.12248E+00    0.17818E+02   -0.90492E+00    0.53694E+00    0.86810E+01   -0.40549E-01   -0.86200E-01   -0.21035E-03    0.30594E-01    0.45457E-01   -0.55711E-02   -0.26196E-01   -0.42098E-02   -0.31007E-01   -0.43811E-02   -0.86734E-02   -0.56018E-01
   -0.20312E-07   -0.47404E-05    0.64255E-05   -0.11240E-03   -0.28900E-04   -0.28123E-03    0.94561E-04    0.15280E+00    0.14083E+00   -0.99898E+00    0.64644E+00    0.10993E+01    0.53653E+00    0.21472E-02   -0.36936E-02   -0.33830E-02   -0.10143E-06    0.68772E-04    0.92807E-02   -0.88709E+00   -0.10347E-01    0.94601E-02   -0.25816E-02   -0.38264E-02    0.17615E-01   -0.28423E-01    0.18638E-01   -0.77231E-02    0.60893E-02    0.76529E-03    0.76810E-02   -0.16693E-01    0.19270E-01   -0.13970E-01    0.54840E-02   -0.17193E-01   -0.84645E-02    0.28221E-01    0.16692E-01    0.57158E-02    0.54697E-01   -0.15922E+00   -0.20623E+00   -0.26910E-01    0.31888E-01    0.47853E-01    0.44768E-01   -0.40189E-02   -0.26945E-02   -0.35599E-02    0.49097E-04    0.29884E-03    0.76246E-04    0.12535E-03   -0.79149E-03    0.55209E-03    0.17832E-02
    0.12076E-04   -0.98082E-04   -0.46561E-04    0.14723E-02    0.76982E-03    0.29909E-02    0.22662E-02   -0.13225E-01    0.11152E+00   -0.33874E+02    0.10993E+01    0.20910E+02    0.18056E+01    0.21520E+00    0.29683E-01    0.27833E+00    0.17050E-04   -0.70256E-04   -0.32740E+00   -0.39950E+01    0.20707E+00   -0.19870E+00   -0.10076E+00    0.70622E-01   -0.51143E-02   -0.20771E-01    0.67705E-02   -0.13450E+00    0.21181E+00   -0.22959E+00   -0.14150E+00   -0.42527E+00    0.10509E+00   -0.30941E+00   -0.20687E+00   -0.10729E+00   -0.78154E-01   -0.63284E-01    0.12866E+00    0.25076E+00   -0.33934E+00   -0.11661E+02   -0.46674E-01   -0.73366E+00   -0.74527E+01    0.49851E-01    0.60656E-01   -0.93194E-02   -0.66229E-02   -0.21040E-01   -0.11529E-02    0.61563E-02   -0.23190E-02    0.81855E-02   -0.74730E-03   -0.30524E-02    0.19875E-01
    0.14095E-04   -0.54893E-04    0.21987E-04    0.37287E-03    0.67141E-03    0.72427E-03   -0.50236E-03   -0.11591E+02   -0.20779E+01    0.60711E+00    0.53653E+00    0.18056E+01    0.19624E+01    0.17637E-01    0.22387E-01    0.13442E-01    0.73209E-05   -0.13973E-03   -0.18585E+00   -0.23579E+01    0.41657E-01    0.33985E-01   -0.20660E-01    0.51585E-02    0.24848E-01    0.33212E-01    0.39653E-01   -0.48012E-02    0.16347E-01   -0.46030E-03   -0.44744E-01   -0.19793E-01    0.11513E-01   -0.16789E-01   -0.69219E-02   -0.90683E-02    0.11573E-01    0.23099E-01    0.86728E-02    0.64312E-02   -0.86563E-01   -0.67988E+00   -0.79210E+00   -0.11607E+00   -0.10344E+01    0.43234E-01    0.67671E-01   -0.18810E-02   -0.15389E-02   -0.32991E-02    0.35657E-03   -0.24447E-02    0.43404E-03   -0.26673E-02    0.36774E-02    0.37233E-03   -0.15964E-02
   -0.13864E-05    0.36713E-05   -0.10777E-05   -0.29849E-04   -0.31936E-04   -0.56549E-04   -0.91757E-05   -0.46071E-01    0.29237E-01   -0.36287E+00    0.21472E-02    0.21520E+00    0.17637E-01    0.45610E-02   -0.31398E-04    0.30609E-02    0.50950E-06   -0.37263E-05   -0.85373E-03   -0.17215E-01    0.99216E-03    0.17391E-02   -0.73774E-03    0.77547E-03   -0.29728E-04    0.25184E-03   -0.35264E-02    0.98001E-03   -0.28227E-02    0.73399E-03   -0.14641E-02    0.48335E-03    0.49830E-03    0.36540E-03   -0.62557E-04   -0.25689E-03   -0.83038E-03   -0.35631E-02   -0.46849E-02   -0.32342E-02   -0.11673E-02   -0.14872E+00   -0.78294E-02   -0.34275E-02   -0.10148E+00    0.36762E-03    0.15539E-02    0.38040E-03   -0.13793E-03    0.13415E-03   -0.26990E-04   -0.48019E-05   -0.51566E-04    0.36967E-04    0.15484E-04   -0.56458E-04    0.17125E-03
   -0.47906E-06    0.19030E-06    0.77199E-07    0.38853E-05   -0.65795E-05    0.39136E-05   -0.74575E-04   -0.11043E+00    0.24689E-01   -0.43169E-01   -0.36936E-02    0.29683E-01    0.22387E-01   -0.31398E-04    0.29998E-02   -0.19807E-03    0.50884E-07    0.32109E-05   -0.69470E-03   -0.15132E-01    0.10312E-02   -0.65579E-03    0.56385E-03    0.12956E-03   -0.42590E-03   -0.18336E-02   -0.58215E-03   -0.11184E-03    0.16512E-02    0.21027E-04    0.13798E-02   -0.13277E-02    0.69117E-03    0.34041E-04   -0.29605E-03   -0.50065E-03   -0.48756E-03    0.68914E-04    0.12214E-02    0.15700E-02    0.63802E-02    0.14602E-02   -0.13412E-01    0.36206E-02    0.64492E-02    0.12191E-03    0.14972E-02   -0.42838E-03   -0.52011E-04   -0.30353E-03    0.88709E-06    0.32677E-04    0.26570E-05    0.32914E-04    0.70677E-04   -0.86362E-06    0.92525E-04
    0.50221E-06   -0.20745E-05   -0.88159E-06    0.29758E-04    0.20659E-04    0.64116E-04    0.53240E-04   -0.46551E-01   -0.25035E-01   -0.44202E+00   -0.33830E-02    0.27833E+00    0.13442E-01    0.30609E-02   -0.19807E-03    0.50605E-02    0.17517E-06   -0.93177E-05   -0.51757E-02   -0.30335E-01    0.58187E-02   -0.64657E-02   -0.31260E-02    0.49568E-03   -0.17449E-03    0.24528E-02    0.31437E-02   -0.43617E-02    0.75967E-02   -0.65658E-02   -0.62174E-02   -0.11289E-01    0.77715E-03   -0.77482E-02   -0.60431E-02   -0.25622E-02   -0.97192E-03    0.19111E-02    0.66673E-02    0.89338E-02   -0.87187E-02   -0.18886E+00    0.32795E-02   -0.10905E-01   -0.13479E+00   -0.63457E-03   -0.26063E-03    0.25629E-03    0.60948E-04   -0.13549E-03   -0.79696E-05    0.34890E-04   -0.30237E-04    0.72602E-04    0.45745E-04   -0.58363E-04    0.17917E-03
    0.26814E-08   -0.10943E-07   -0.32940E-09    0.50435E-07   -0.68037E-07    0.15835E-06   -0.71071E-07    0.91131E-03   -0.19763E-04   -0.28744E-04   -0.10143E-06    0.17050E-04    0.73209E-05    0.50950E-06    0.50884E-07    0.17517E-06    0.15533E-06    0.52600E-08   -0.18661E-05   -0.12989E-04   -0.31456E-04   -0.17687E-04    0.10639E-05   -0.58532E-05    0.59517E-05    0.72518E-05    0.58718E-05    0.49386E-05    0.35448E-05    0.15111E-05    0.36388E-05    0.16772E-05    0.22205E-05    0.16137E-05    0.25876E-05    0.59657E-05    0.67823E-05    0.44422E-05    0.44698E-06    0.27962E-05    0.12899E-05   -0.91386E-05    0.66500E-05   -0.64328E-06   -0.31674E-05   -0.18435E-06   -0.21578E-06   -0.71269E-07    0.50940E-06   -0.13173E-05   -0.54446E-07    0.36549E-07   -0.10727E-07    0.41329E-07    0.90461E-07   -0.50291E-07   -0.55615E-07
    0.15742E-09    0.34880E-07   -0.42054E-08    0.23634E-06    0.25839E-06    0.83981E-06    0.39702E-06   -0.35772E-02   -0.96717E-03    0.43331E-04    0.68772E-04   -0.70256E-04   -0.13973E-03   -0.37263E-05    0.32109E-05   -0.93177E-05    0.52600E-08    0.11738E-05    0.27194E-04    0.10264E-03    0.71963E-04    0.41381E-04   -0.32582E-05   -0.35618E-04   -0.50704E-06    0.40753E-03    0.47055E-04   -0.14348E-04   -0.20500E-04    0.51148E-04   -0.39654E-03    0.48511E-04   -0.10916E-03    0.22871E-04    0.28898E-04    0.43967E-04    0.59985E-04   -0.50086E-04   -0.86024E-04   -0.11626E-06    0.57722E-04    0.22428E-03    0.60346E-04    0.40673E-04    0.33391E-03    0.45137E-05    0.21051E-05   -0.26075E-05   -0.85873E-06    0.32124E-05    0.30118E-06    0.71450E-06    0.45079E-06    0.83357E-06   -0.16629E-06    0.54951E-06    0.10771E-05
   -0.33321E-05    0.12490E-04   -0.20491E-05   -0.15765E-03   -0.15703E-03   -0.33796E-03   -0.27201E-04    0.93428E+00    0.21213E+00   -0.28354E-01    0.92807E-02   -0.32740E+00   -0.18585E+00   -0.85373E-03   -0.69470E-03   -0.51757E-02   -0.18661E-05    0.27194E-04    0.65126E-01    0.36238E+00   -0.89080E-02   -0.66976E-03    0.56783E-02   -0.33703E-02   -0.42857E-03   -0.95539E-02   -0.24369E-02    0.52158E-03   -0.43107E-02    0.27049E-02    0.68782E-02    0.17409E-02   -0.28468E-02    0.66169E-03    0.58836E-02   -0.16616E-02   -0.35306E-02    0.15160E-02   -0.23408E-02   -0.53335E-02    0.64125E-01    0.12566E+00    0.65147E-02    0.58120E-01    0.20273E+00    0.48160E-02    0.91078E-02    0.11498E-02   -0.68962E-03    0.34411E-03    0.39422E-04    0.22090E-03    0.27169E-04    0.26232E-03   -0.34171E-03    0.22061E-03    0.49933E-03
   -0.40600E-04    0.31818E-04   -0.21965E-04   -0.15849E-02   -0.11882E-02   -0.34790E-02    0.34091E-03    0.77688E+01    0.63073E+00    0.46820E+00   -0.88709E+00   -0.39950E+01   -0.23579E+01   -0.17215E-01   -0.15132E-01   -0.30335E-01   -0.12989E-04    0.10264E-03    0.36238E+00    0.45004E+01   -0.48409E-01   -0.22977E-01    0.37854E-01   -0.10439E-01   -0.34007E-01   -0.21241E-01   -0.50451E-01    0.17548E-01   -0.27755E-01    0.22470E-01    0.26432E-01    0.34951E-01   -0.45758E-01    0.39670E-01    0.28517E-01    0.97816E-02   -0.18155E-01   -0.25833E-01   -0.38803E-01   -0.21680E-01    0.99984E-01    0.11996E+01    0.34949E+00    0.26171E+00    0.15353E+01   -0.46026E-01   -0.26794E-01    0.17211E-01   -0.24662E-02    0.11719E-02    0.79986E-03    0.24881E-02    0.78263E-03    0.29799E-02   -0.51101E-03    0.14368E-02    0.23455E-02
   -0.10891E-04    0.60824E-04    0.35762E-05   -0.31244E-03   -0.38320E-03   -0.43246E-04   -0.55175E-03    0.16376E+02   -0.67986E-01   -0.10357E+00   -0.10347E-01    0.20707E+00    0.41657E-01    0.99216E-03    0.10312E-02    0.58187E-02   -0.31456E-04    0.71963E-04   -0.89080E-02   -0.48409E-01    0.65410E+00   -0.14577E+00   -0.27713E-02    0.10326E-01   -0.73554E-03    0.17774E+00   -0.43961E-01   -0.43686E-01   -0.62401E-02   -0.68941E-01    0.19352E-01    0.42458E-01   -0.36240E-01   -0.43642E-01   -0.13933E+00    0.15154E+00    0.35503E-01   -0.15363E-01    0.33935E-01    0.75560E-01   -0.13959E-01   -0.19057E+00   -0.25568E-01   -0.15100E-01   -0.18125E+00   -0.55199E-04    0.75325E-03    0.16806E-03   -0.10576E-02    0.15814E-02    0.19573E-03   -0.27843E-03   -0.23095E-04   -0.12872E-03   -0.81266E-04   -0.26375E-03   -0.87629E-04
   -0.11803E-04   -0.13704E-05   -0.66445E-05   -0.17529E-03   -0.19516E-03   -0.30106E-03    0.80898E-05   -0.68735E+01   -0.17206E+00    0.28549E+00    0.94601E-02   -0.19870E+00    0.33985E-01    0.17391E-02   -0.65579E-03   -0.64657E-02   -0.17687E-04    0.41381E-04   -0.66976E-03   -0.22977E-01   -0.14577E+00    0.92209E+00   -0.12921E-02   -0.31184E-02    0.95570E-02   -0.15063E+00    0.17833E+00    0.77806E-01   -0.20544E-01    0.30692E-01   -0.10732E+00   -0.11885E-01    0.14624E-01    0.69221E-02    0.16473E+00   -0.22078E+00    0.51766E-01    0.98147E-01   -0.26410E-03   -0.23067E+00    0.11114E-02    0.12804E+00   -0.35257E-01    0.39428E-03    0.15300E+00    0.55029E-03    0.74934E-03    0.16243E-03    0.10760E-02    0.43832E-05   -0.15948E-03   -0.46814E-03   -0.18882E-03   -0.10940E-03    0.15437E-03   -0.13760E-03   -0.17333E-03
   -0.31911E-05    0.13320E-04    0.67974E-05    0.32011E-04   -0.11393E-03    0.11800E-03   -0.12246E-02    0.61643E+00    0.76137E-01    0.34836E-01   -0.25816E-02   -0.10076E+00   -0.20660E-01   -0.73774E-03    0.56385E-03   -0.31260E-02    0.10639E-05   -0.32582E-05    0.56783E-02    0.37854E-01   -0.27713E-02   -0.12921E-02    0.97528E+00   -0.31660E-02    0.26643E-02   -0.45586E-01   -0.29777E-01    0.15536E+00   -0.16152E-01    0.84929E-01   -0.23002E-02    0.49570E-01   -0.27461E-01   -0.19487E-01    0.92626E-01   -0.49099E-01    0.22634E-01    0.21134E-02   -0.17409E+00    0.87348E-01   -0.17442E-03    0.10101E+00    0.73490E-03    0.28412E-02    0.78271E-01    0.45493E-03    0.19196E-03   -0.67715E-04    0.82535E-03    0.36357E-03   -0.41829E-05   -0.58033E-04   -0.56626E-05    0.13045E-03   -0.52711E-04   -0.31343E-04   -0.20490E-03
    0.54949E-06    0.22559E-05   -0.51487E-05   -0.12505E-04   -0.11200E-04    0.44246E-05   -0.28044E-03   -0.35352E+00    0.96846E-01   -0.15267E+00   -0.38264E-02    0.70622E-01    0.51585E-02    0.77547E-03    0.12956E-03    0.49568E-03   -0.58532E-05   -0.35618E-04   -0.33703E-02   -0.10439E-01    0.10326E-01   -0.31184E-02   -0.31660E-02    0.98538E+00   -0.20369E-01    0.68017E-01   -0.93795E-01    0.79349E-01   -0.82431E-01    0.49809E-01    0.77425E-01    0.11579E+00    0.43151E-01    0.14965E+00   -0.10963E+00    0.99589E-01    0.49930E-01   -0.19008E-01   -0.12092E+00    0.60132E-01    0.69877E-03    0.44525E-02    0.20585E-01    0.15358E-02   -0.37757E-01   -0.16318E-02   -0.95797E-03   -0.12033E-03    0.29207E-02    0.33797E-04    0.72812E-04    0.18100E-03    0.35170E-04    0.11071E-03    0.10680E-04   -0.81198E-05   -0.11391E-03
    0.75589E-06    0.52344E-05   -0.28459E-05   -0.18903E-03    0.16813E-04   -0.38084E-03   -0.17407E-03   -0.24399E+00    0.23363E-01    0.18146E+00    0.17615E-01   -0.51143E-02    0.24848E-01   -0.29728E-04   -0.42590E-03   -0.17449E-03    0.59517E-05   -0.50704E-06   -0.42857E-03   -0.34007E-01   -0.73554E-03    0.95570E-02    0.26643E-02   -0.20369E-01    0.10120E+01    0.36840E-01    0.44218E-01   -0.40368E-01    0.40676E-01    0.78561E-01    0.59401E-01   -0.62345E-01   -0.90336E-01    0.45110E-01    0.56238E-01    0.91308E-01   -0.72958E-01    0.79535E-01   -0.23144E-01    0.67889E-02    0.18185E-02   -0.80582E-02   -0.91004E-02    0.22683E-02   -0.13935E-02    0.17651E-02    0.19498E-02   -0.33766E-05   -0.43051E-03    0.26802E-02   -0.40336E-04   -0.87974E-04   -0.29590E-04   -0.99508E-04    0.44089E-04   -0.36901E-04   -0.79236E-04
    0.33750E-05    0.21248E-04   -0.23811E-05    0.21684E-03    0.24068E-03    0.84621E-03    0.62875E-03   -0.28148E+01    0.23120E+00    0.15340E+00   -0.28423E-01   -0.20771E-01    0.33212E-01    0.25184E-03   -0.18336E-02    0.24528E-02    0.72518E-05    0.40753E-03   -0.95539E-02   -0.21241E-01    0.17774E+00   -0.15063E+00   -0.45586E-01    0.68017E-01    0.36840E-01    0.77539E+00   -0.11801E-01   -0.14030E-01   -0.13952E-01   -0.26621E-01    0.69306E-01    0.11866E+00   -0.10310E+00   -0.20861E-03   -0.66258E-01    0.61986E+00    0.22478E+00   -0.51010E-01   -0.29643E-01    0.78011E-01   -0.10018E-01   -0.48934E-01   -0.17916E-01    0.10005E-01   -0.55136E-01   -0.23312E-02   -0.11813E-02    0.85025E-03   -0.62966E-03    0.50345E-02    0.38411E-03   -0.20128E-03    0.30961E-03   -0.24685E-04    0.57065E-03    0.30196E-03   -0.89489E-04
   -0.14183E-05   -0.80070E-06   -0.63231E-05    0.89146E-04    0.14534E-03    0.26474E-03    0.61380E-03   -0.50809E+01   -0.24093E+00    0.11914E+00    0.18638E-01    0.67705E-02    0.39653E-01   -0.35264E-02   -0.58215E-03    0.31437E-02    0.58718E-05    0.47055E-04   -0.24369E-02   -0.50451E-01   -0.43961E-01    0.17833E+00   -0.29777E-01   -0.93795E-01    0.44218E-01   -0.11801E-01    0.98739E+00    0.94330E-02   -0.97692E-02    0.88418E-02    0.43373E-01   -0.16431E-01   -0.55040E-01   -0.24192E-01    0.14534E+00   -0.79974E-01    0.24360E+00    0.78154E+00    0.28983E+00   -0.19523E+00   -0.36435E-02   -0.47576E-01    0.19611E-01    0.12497E-02   -0.59965E-01    0.11291E-03    0.63836E-03    0.91541E-04    0.27606E-03    0.59656E-03    0.72947E-04   -0.38260E-03    0.16714E-03   -0.44218E-04    0.43386E-04    0.14586E-03    0.24523E-03
    0.21732E-05    0.12021E-04    0.69903E-05   -0.48612E-04    0.34755E-04   -0.77626E-04   -0.25311E-03   -0.12846E+01   -0.17972E+00    0.25193E-01   -0.77231E-02   -0.13450E+00   -0.48012E-02    0.98001E-03   -0.11184E-03   -0.43617E-02    0.49386E-05   -0.14348E-04    0.52158E-03    0.17548E-01   -0.43686E-01    0.77806E-01    0.15536E+00    0.79349E-01   -0.40368E-01   -0.14030E-01    0.94330E-02    0.97908E+00    0.10583E-01   -0.10010E-01    0.79862E-01   -0.27834E-01    0.12288E+00    0.16292E+00   -0.14353E+00   -0.20086E+00    0.62762E+00    0.14438E+00   -0.60075E+00    0.17961E+00    0.57303E-02    0.13689E+00    0.23652E-01    0.12827E-01    0.23691E+00   -0.10224E-02   -0.78297E-03   -0.10859E-04    0.28907E-03    0.11968E-02    0.35900E-04    0.17608E-03    0.55637E-04    0.30642E-04    0.29320E-03    0.13002E-03    0.19200E-03
    0.91713E-06   -0.22696E-04    0.28574E-05    0.33746E-03    0.17695E-03    0.55510E-03   -0.47523E-03   -0.50908E+00   -0.12299E+00   -0.18290E-01    0.60893E-02    0.21181E+00    0.16347E-01   -0.28227E-02    0.16512E-02    0.75967E-02    0.35448E-05   -0.20500E-04   -0.43107E-02   -0.27755E-01   -0.62401E-02   -0.20544E-01   -0.16152E-01   -0.82431E-01    0.40676E-01   -0.13952E-01   -0.97692E-02    0.10583E-01    0.98922E+00    0.21934E-02   -0.32341E-01   -0.96278E-01   -0.14327E+00   -0.35956E-01   -0.10660E+00   -0.86096E-01    0.77476E-01   -0.46055E-01    0.29941E+00    0.67696E+00   -0.83301E-02   -0.15006E+00    0.10698E-01   -0.14722E-01   -0.15358E+00   -0.26557E-03    0.10006E-03   -0.49190E-03    0.10948E-02   -0.67311E-03   -0.12804E-03    0.33016E-03    0.63803E-04    0.64386E-04    0.31357E-03    0.71621E-04   -0.28844E-05
   -0.23563E-05    0.33672E-04    0.60955E-05   -0.13469E-03   -0.59139E-04   -0.28680E-03    0.54244E-04   -0.17973E+01    0.62258E-01    0.21266E+00    0.76529E-03   -0.22959E+00   -0.46030E-03    0.73399E-03    0.21027E-04   -0.65658E-02    0.15111E-05    0.51148E-04    0.27049E-02    0.22470E-01   -0.68941E-01    0.30692E-01    0.84929E-01    0.49809E-01    0.78561E-01   -0.26621E-01    0.88418E-02   -0.10010E-01    0.21934E-02    0.10152E+01   -0.69335E-01    0.82016E-01    0.33023E-01    0.14129E+00    0.28324E-01    0.10492E+00   -0.57900E+00    0.38945E+00   -0.33930E+00    0.22004E+00   -0.47021E-02    0.12950E+00   -0.77184E-02    0.10477E-01    0.47159E-01   -0.23986E-03    0.10809E-02    0.29603E-03    0.30778E-02   -0.23600E-02   -0.21869E-03   -0.10410E-03   -0.53472E-04   -0.69796E-04    0.28280E-03   -0.64404E-04   -0.13021E-03
   -0.17870E-05   -0.30181E-05    0.11158E-05   -0.17287E-03    0.40112E-04   -0.31332E-03   -0.16682E-03    0.21616E+00   -0.12361E+00    0.16851E+00    0.76810E-02   -0.14150E+00   -0.44744E-01   -0.14641E-02    0.13798E-02   -0.62174E-02    0.36388E-05   -0.39654E-03    0.68782E-02    0.26432E-01    0.19352E-01   -0.10732E+00   -0.23002E-02    0.77425E-01    0.59401E-01    0.69306E-01    0.43373E-01    0.79862E-01   -0.32341E-01   -0.69335E-01    0.85558E+00   -0.44103E-02   -0.50536E-02    0.12083E-01   -0.18975E-01    0.59089E+00    0.17668E+00    0.10690E+00    0.40445E-01   -0.86698E-01    0.12183E-01    0.24902E+00    0.39796E-01    0.12612E-01    0.20267E+00    0.74257E-05   -0.17189E-02   -0.91115E-03   -0.18958E-02   -0.43088E-03    0.66699E-04    0.40331E-03    0.32641E-04    0.46261E-03   -0.31602E-03    0.58979E-04    0.59964E-03
    0.18879E-05   -0.28783E-05    0.72186E-05    0.23999E-04    0.89856E-05    0.10610E-03   -0.35109E-04    0.43754E+00    0.75955E-01    0.23510E+00   -0.16693E-01   -0.42527E+00   -0.19793E-01    0.48335E-03   -0.13277E-02   -0.11289E-01    0.16772E-05    0.48511E-04    0.17409E-02    0.34951E-01    0.42458E-01   -0.11885E-01    0.49570E-01    0.11579E+00   -0.62345E-01    0.11866E+00   -0.16431E-01   -0.27834E-01   -0.96278E-01    0.82016E-01   -0.44103E-02    0.98219E+00    0.84312E-02   -0.21144E-02   -0.63803E-02    0.88033E-01    0.17090E+00   -0.16422E-01    0.12417E+00    0.15808E+00    0.43819E-02    0.39672E+00    0.11567E-01    0.14516E-01    0.26237E+00   -0.17255E-02   -0.28736E-02   -0.76612E-04    0.17966E-02   -0.12268E-02    0.11716E-03    0.29843E-03    0.86069E-04    0.15145E-03   -0.29536E-03    0.12508E-03   -0.16821E-03
    0.15252E-05   -0.19957E-06    0.15007E-05   -0.36669E-04   -0.11560E-03   -0.11383E-03    0.45892E-04    0.42034E+00    0.66474E-01   -0.22196E+00    0.19270E-01    0.10509E+00    0.11513E-01    0.49830E-03    0.69117E-03    0.77715E-03    0.22205E-05   -0.10916E-03   -0.28468E-02   -0.45758E-01   -0.36240E-01    0.14624E-01   -0.27461E-01    0.43151E-01   -0.90336E-01   -0.10310E+00   -0.55040E-01    0.12288E+00   -0.14327E+00    0.33023E-01   -0.50536E-02    0.84312E-02    0.99383E+00    0.89534E-02    0.12516E-01   -0.11496E+00    0.36619E-01    0.15849E+00    0.46671E-01   -0.73031E-01   -0.14111E-01   -0.20212E-01    0.24120E-01   -0.11919E-01    0.27662E-01   -0.18208E-03   -0.10867E-02   -0.50097E-03   -0.12064E-02   -0.35194E-02   -0.23528E-03    0.12764E-03   -0.17861E-03   -0.14643E-04    0.40287E-03   -0.86769E-04    0.59715E-04
   -0.32905E-06    0.24311E-04   -0.34317E-05    0.47261E-06   -0.85077E-04    0.32707E-04   -0.26037E-03   -0.74804E+00    0.51573E-01    0.28089E+00   -0.13970E-01   -0.30941E+00   -0.16789E-01    0.36540E-03    0.34041E-04   -0.77482E-02    0.16137E-05    0.22871E-04    0.66169E-03    0.39670E-01   -0.43642E-01    0.69221E-02   -0.19487E-01    0.14965E+00    0.45110E-01   -0.20861E-03   -0.24192E-01    0.16292E+00   -0.35956E-01    0.14129E+00    0.12083E-01   -0.21144E-02    0.89534E-02    0.98308E+00    0.35160E-02   -0.13021E-01    0.41535E-01    0.11759E+00   -0.26365E+00    0.11480E+00    0.15235E-02    0.27589E+00    0.27770E-01    0.16054E-01    0.13549E+00   -0.19078E-02   -0.16439E-02   -0.36837E-04    0.39353E-02   -0.48467E-02   -0.79465E-04    0.49479E-04    0.22785E-04   -0.40984E-05   -0.12790E-03   -0.48842E-04   -0.57651E-03
   -0.33818E-05   -0.10493E-04   -0.12521E-04    0.20246E-04    0.37273E-04   -0.97388E-04   -0.39959E-03   -0.36257E+01   -0.63591E-01    0.11697E+00    0.54840E-02   -0.20687E+00   -0.69219E-02   -0.62557E-04   -0.29605E-03   -0.60431E-02    0.25876E-05    0.28898E-04    0.58836E-02    0.28517E-01   -0.13933E+00    0.16473E+00    0.92626E-01   -0.10963E+00    0.56238E-01   -0.66258E-01    0.14534E+00   -0.14353E+00   -0.10660E+00    0.28324E-01   -0.18975E-01   -0.63803E-02    0.12516E-01    0.35160E-02    0.97876E+00   -0.46403E-01   -0.71520E-01    0.40704E-01    0.17034E+00   -0.97300E-01    0.70556E-02    0.14237E+00   -0.20967E-01    0.23969E-02    0.92210E-01    0.11630E-02    0.18202E-03   -0.42609E-04   -0.17784E-03   -0.37550E-02    0.72003E-04    0.22065E-04    0.58301E-04    0.36899E-04    0.18432E-03    0.71150E-04   -0.98690E-04
    0.79733E-06    0.15357E-04   -0.42146E-06    0.44082E-04    0.16443E-03    0.40596E-03    0.43690E-03   -0.13829E+01    0.17428E+00    0.22646E+00   -0.17193E-01   -0.10729E+00   -0.90683E-02   -0.25689E-03   -0.50065E-03   -0.25622E-02    0.59657E-05    0.43967E-04   -0.16616E-02    0.97816E-02    0.15154E+00   -0.22078E+00   -0.49099E-01    0.99589E-01    0.91308E-01    0.61986E+00   -0.79974E-01   -0.20086E+00   -0.86096E-01    0.10492E+00    0.59089E+00    0.88033E-01   -0.11496E+00   -0.13021E-01   -0.46403E-01    0.94405E+00   -0.26258E-01   -0.21343E-02    0.97600E-02   -0.20353E-01   -0.22501E-03    0.10609E+00    0.28228E-02    0.14526E-01    0.48903E-01   -0.14723E-02   -0.16500E-02    0.14666E-03   -0.13464E-02    0.30010E-02    0.28929E-03    0.42765E-04    0.20005E-03    0.25674E-03    0.12654E-03    0.20763E-03    0.24924E-03
    0.30045E-05   -0.62353E-05   -0.42590E-06    0.49737E-04    0.18591E-03    0.23308E-03   -0.29693E-04   -0.20339E+01   -0.18006E+00    0.56443E-01   -0.84645E-02   -0.78154E-01    0.11573E-01   -0.83038E-03   -0.48756E-03   -0.97192E-03    0.67823E-05    0.59985E-04   -0.35306E-02   -0.18155E-01    0.35503E-01    0.51766E-01    0.22634E-01    0.49930E-01   -0.72958E-01    0.22478E+00    0.24360E+00    0.62762E+00    0.77476E-01   -0.57900E+00    0.17668E+00    0.17090E+00    0.36619E-01    0.41535E-01   -0.71520E-01   -0.26258E-01    0.98925E+00   -0.91769E-03    0.13917E-01   -0.56284E-02    0.35208E-02    0.13009E+00    0.25569E-01    0.93677E-02    0.15947E+00   -0.15130E-02   -0.19240E-02   -0.13797E-03   -0.21646E-02    0.22942E-02    0.25890E-03    0.22029E-03    0.23747E-03    0.15045E-03    0.25349E-03    0.26154E-03    0.21286E-03
   -0.11108E-05    0.23851E-04   -0.27101E-05    0.49222E-04    0.52700E-06    0.22790E-03    0.29784E-03   -0.30128E+01   -0.22629E+00    0.22260E+00    0.28221E-01   -0.63284E-01    0.23099E-01   -0.35631E-02    0.68914E-04    0.19111E-02    0.44422E-05   -0.50086E-04    0.15160E-02   -0.25833E-01   -0.15363E-01    0.98147E-01    0.21134E-02   -0.19008E-01    0.79535E-01   -0.51010E-01    0.78154E+00    0.14438E+00   -0.46055E-01    0.38945E+00    0.10690E+00   -0.16422E-01    0.15849E+00    0.11759E+00    0.40704E-01   -0.21343E-02   -0.91769E-03    0.99725E+00   -0.22074E-02   -0.18473E-02   -0.13838E-02    0.35526E-02    0.28517E-01    0.31783E-02   -0.20979E-01    0.71566E-03    0.12145E-02   -0.16126E-03    0.20609E-02   -0.13512E-02   -0.10527E-04   -0.26191E-03    0.50180E-04   -0.41969E-04    0.88919E-04    0.57906E-04    0.12315E-03
   -0.21482E-05   -0.13537E-04   -0.89889E-05    0.10237E-03    0.46442E-04    0.18806E-03   -0.20586E-03    0.50084E+00   -0.49609E-01    0.69997E-01    0.16692E-01    0.12866E+00    0.86728E-02   -0.46849E-02    0.12214E-02    0.66673E-02    0.44698E-06   -0.86024E-04   -0.23408E-02   -0.38803E-01    0.33935E-01   -0.26410E-03   -0.17409E+00   -0.12092E+00   -0.23144E-01   -0.29643E-01    0.28983E+00   -0.60075E+00    0.29941E+00   -0.33930E+00    0.40445E-01    0.12417E+00    0.46671E-01   -0.26365E+00    0.17034E+00    0.97600E-02    0.13917E-01   -0.22074E-02    0.98044E+00    0.56021E-02   -0.83743E-02   -0.78160E-01    0.13464E-01   -0.17941E-01   -0.16711E+00    0.35473E-03   -0.56542E-03   -0.72868E-03    0.55853E-04   -0.25073E-02    0.18077E-04    0.11561E-03    0.40294E-04    0.92064E-04   -0.47829E-04   -0.55268E-04   -0.32282E-05
    0.34031E-05   -0.66206E-05    0.36742E-05    0.29147E-03    0.99671E-04    0.56322E-03   -0.91981E-03    0.22539E+01    0.94375E-01   -0.12753E+00    0.57158E-02    0.25076E+00    0.64312E-02   -0.32342E-02    0.15700E-02    0.89338E-02    0.27962E-05   -0.11626E-06   -0.53335E-02   -0.21680E-01    0.75560E-01   -0.23067E+00    0.87348E-01    0.60132E-01    0.67889E-02    0.78011E-01   -0.19523E+00    0.17961E+00    0.67696E+00    0.22004E+00   -0.86698E-01    0.15808E+00   -0.73031E-01    0.11480E+00   -0.97300E-01   -0.20353E-01   -0.56284E-02   -0.18473E-02    0.56021E-02    0.99235E+00   -0.11648E-01   -0.18750E+00    0.24246E-01   -0.14661E-01   -0.14918E+00   -0.50192E-03    0.12492E-03   -0.51772E-03    0.42204E-02   -0.14593E-02   -0.59545E-04    0.48684E-03    0.20979E-04    0.84120E-04    0.24664E-03   -0.48096E-04   -0.20919E-03
    0.87940E-05    0.16227E-05   -0.89951E-06    0.11865E-03    0.10989E-03    0.25558E-03   -0.18551E-03    0.26673E+00    0.28377E+00    0.12248E+00    0.54697E-01   -0.33934E+00   -0.86563E-01   -0.11673E-02    0.63802E-02   -0.87187E-02    0.12899E-05    0.57722E-04    0.64125E-01    0.99984E-01   -0.13959E-01    0.11114E-02   -0.17442E-03    0.69877E-03    0.18185E-02   -0.10018E-01   -0.36435E-02    0.57303E-02   -0.83301E-02   -0.47021E-02    0.12183E-01    0.43819E-02   -0.14111E-01    0.15235E-02    0.70556E-02   -0.22501E-03    0.35208E-02   -0.13838E-02   -0.83743E-02   -0.11648E-01    0.34624E+00    0.16348E+00    0.21022E-01    0.15344E+00    0.54676E+00    0.12869E-01    0.16493E-01   -0.45956E-02   -0.35751E-02    0.12163E-03    0.64615E-03   -0.68197E-04    0.73433E-03    0.49528E-04   -0.55859E-03    0.22922E-03    0.15102E-02
    0.76755E-04   -0.13258E-03    0.64992E-04    0.10372E-02    0.12944E-02    0.17302E-02   -0.14651E-02   -0.73409E+00   -0.15096E+01    0.17818E+02   -0.15922E+00   -0.11661E+02   -0.67988E+00   -0.14872E+00    0.14602E-02   -0.18886E+00   -0.91386E-05    0.22428E-03    0.12566E+00    0.11996E+01   -0.19057E+00    0.12804E+00    0.10101E+00    0.44525E-02   -0.80582E-02   -0.48934E-01   -0.47576E-01    0.13689E+00   -0.15006E+00    0.12950E+00    0.24902E+00    0.39672E+00   -0.20212E-01    0.27589E+00    0.14237E+00    0.10609E+00    0.13009E+00    0.35526E-02   -0.78160E-01   -0.18750E+00    0.16348E+00    0.15896E+02    0.10088E+00    0.39356E+00    0.54301E+01   -0.46072E-02   -0.37430E-01   -0.11319E-01    0.10857E-01    0.78659E-02    0.19550E-02    0.21313E-01    0.25533E-02    0.13385E-01   -0.44389E-03    0.35257E-02   -0.73863E-02
    0.18949E-04   -0.23386E-04   -0.74929E-05    0.81749E-03    0.17762E-03    0.17119E-02    0.77777E-03    0.50754E+01    0.10785E+01   -0.90492E+00   -0.20623E+00   -0.46674E-01   -0.79210E+00   -0.78294E-02   -0.13412E-01    0.32795E-02    0.66500E-05    0.60346E-04    0.65147E-02    0.34949E+00   -0.25568E-01   -0.35257E-01    0.73490E-03    0.20585E-01   -0.91004E-02   -0.17916E-01    0.19611E-01    0.23652E-01    0.10698E-01   -0.77184E-02    0.39796E-01    0.11567E-01    0.24120E-01    0.27770E-01   -0.20967E-01    0.28228E-02    0.25569E-01    0.28517E-01    0.13464E-01    0.24246E-01    0.21022E-01    0.10088E+00    0.22362E+01    0.36868E-03    0.21568E+00   -0.92579E-01   -0.10628E+00   -0.40433E-02    0.53522E-02    0.37517E-02   -0.34235E-03    0.12647E-02   -0.56390E-03    0.13469E-02    0.78020E-03    0.87541E-04    0.56697E-03
    0.17225E-04   -0.12338E-04    0.43138E-05    0.30120E-03    0.22351E-03    0.57769E-03   -0.16063E-03   -0.77871E+00   -0.16524E+00    0.53694E+00   -0.26910E-01   -0.73366E+00   -0.11607E+00   -0.34275E-02    0.36206E-02   -0.10905E-01   -0.64328E-06    0.40673E-04    0.58120E-01    0.26171E+00   -0.15100E-01    0.39428E-03    0.28412E-02    0.15358E-02    0.22683E-02    0.10005E-01    0.12497E-02    0.12827E-01   -0.14722E-01    0.10477E-01    0.12612E-01    0.14516E-01   -0.11919E-01    0.16054E-01    0.23969E-02    0.14526E-01    0.93677E-02    0.31783E-02   -0.17941E-01   -0.14661E-01    0.15344E+00    0.39356E+00    0.36868E-03    0.24523E+00    0.38436E+00    0.66985E-02    0.14485E-01   -0.16563E-04   -0.86536E-03    0.39247E-02    0.20712E-03   -0.91287E-04    0.18220E-03   -0.70137E-04    0.19960E-03    0.29322E-03    0.11424E-03
    0.79549E-04   -0.15875E-03    0.52938E-04    0.17408E-02    0.11685E-02    0.28760E-02   -0.29230E-02    0.38341E+01   -0.40556E+00    0.86810E+01    0.31888E-01   -0.74527E+01   -0.10344E+01   -0.10148E+00    0.64492E-02   -0.13479E+00   -0.31674E-05    0.33391E-03    0.20273E+00    0.15353E+01   -0.18125E+00    0.15300E+00    0.78271E-01   -0.37757E-01   -0.13935E-02   -0.55136E-01   -0.59965E-01    0.23691E+00   -0.15358E+00    0.47159E-01    0.20267E+00    0.26237E+00    0.27662E-01    0.13549E+00    0.92210E-01    0.48903E-01    0.15947E+00   -0.20979E-01   -0.16711E+00   -0.14918E+00    0.54676E+00    0.54301E+01    0.21568E+00    0.38436E+00    0.16873E+02    0.84640E-02   -0.46178E-01   -0.25519E-01   -0.12971E-01    0.39016E-02    0.20311E-02    0.14473E-02    0.27038E-02    0.96048E-03    0.11425E-03    0.54994E-02    0.32017E-01
   -0.31194E-06    0.29918E-05    0.49816E-06   -0.40299E-04   -0.15585E-04   -0.79981E-04   -0.45318E-04   -0.74348E-01   -0.51059E-02   -0.40549E-01    0.47853E-01    0.49851E-01    0.43234E-01    0.36762E-03    0.12191E-03   -0.63457E-03   -0.18435E-06    0.45137E-05    0.48160E-02   -0.46026E-01   -0.55199E-04    0.55029E-03    0.45493E-03   -0.16318E-02    0.17651E-02   -0.23312E-02    0.11291E-03   -0.10224E-02   -0.26557E-03   -0.23986E-03    0.74257E-05   -0.17255E-02   -0.18208E-03   -0.19078E-02    0.11630E-02   -0.14723E-02   -0.15130E-02    0.71566E-03    0.35473E-03   -0.50192E-03    0.12869E-01   -0.46072E-02   -0.92579E-01    0.66985E-02    0.84640E-02    0.85303E-02    0.78536E-02   -0.18000E-03   -0.34512E-03   -0.31402E-03    0.14073E-04   -0.22281E-05    0.22981E-04   -0.18424E-04   -0.94300E-04    0.39138E-04    0.13197E-03
