# omegabh2 omegach2 theta tau logA ns nrun acib217 acibsz143 asz143 aps100 aps143 aps143217 aps217 aksz kgal100 t1gal143 t1gal143217 t1gal217 calib_100T calib_217T
    0.7086179E-07   -0.2180377E-06    0.5205444E-07    0.1602054E-05    0.2955723E-05    0.5358223E-06   -0.8087042E-06   -0.1412411E-03   -0.7571141E-04    0.1533428E-04   -0.6951691E-03   -0.4238435E-03   -0.1976893E-03   -0.1901070E-03   -0.2859807E-04    0.1005667E-02    0.5399031E-03    0.5341756E-03    0.5167824E-03   -0.6812547E-07    0.3848099E-08
   -0.2180377E-06    0.4485884E-05   -0.4476901E-06   -0.9342051E-05   -0.8299803E-05   -0.1050579E-04   -0.2040268E-05    0.1396139E-02    0.5762450E-03   -0.3441308E-04    0.3252730E-03    0.9867925E-03   -0.4587855E-03   -0.8343273E-03    0.1095398E-03    0.3121075E-02    0.2698974E-02    0.2599807E-02    0.2585459E-02   -0.1154437E-06   -0.5306131E-07
    0.5205444E-07   -0.4476901E-06    0.2478911E-06    0.1645761E-05    0.2463545E-05    0.1392760E-05   -0.3387545E-07   -0.1431573E-03   -0.6768414E-04    0.2341308E-04   -0.5920448E-03   -0.3314759E-03   -0.8289660E-04   -0.8943025E-04    0.1115300E-05    0.2863196E-03    0.1328935E-05    0.5402128E-04    0.1184153E-03   -0.3426734E-07   -0.1096510E-07
    0.1602054E-05   -0.9342051E-05    0.1645761E-05    0.2269574E-03    0.4453129E-03    0.2745601E-04   -0.4210225E-04   -0.3667909E-02   -0.2198285E-02   -0.1262086E-02    0.3058916E-02   -0.1674635E-02    0.3600507E-03    0.3181066E-03    0.6171006E-03   -0.3997908E-03   -0.1254498E-01   -0.1351998E-01   -0.1471925E-01   -0.1348468E-05    0.2196882E-06
    0.2955723E-05   -0.8299803E-05    0.2463545E-05    0.4453129E-03    0.9171121E-03    0.2637520E-04   -0.1038798E-03   -0.4623338E-03   -0.2091894E-02   -0.3449035E-02    0.3555251E-01    0.1467874E-01    0.1066229E-01    0.7678461E-02    0.1240642E-02   -0.1884798E-01   -0.7105409E-01   -0.7287518E-01   -0.7511011E-01   -0.5794109E-05   -0.3855083E-07
    0.5358223E-06   -0.1050579E-04    0.1392760E-05    0.2745601E-04    0.2637520E-04    0.4283668E-04    0.1661275E-04   -0.1787684E-01   -0.8263740E-02   -0.1792707E-02   -0.1366872E-01    0.4835104E-02    0.1903591E-01    0.2077413E-01   -0.3719206E-02   -0.7331344E-02   -0.9625309E-02   -0.1142840E-01   -0.1120661E-01    0.5583712E-06    0.7280354E-06
   -0.8087042E-06   -0.2040268E-05   -0.3387545E-07   -0.4210225E-04   -0.1038798E-03    0.1661275E-04    0.6474425E-04   -0.1677707E-01   -0.8060272E-02   -0.1433520E-02   -0.1220993E-01    0.5350549E-02    0.1884171E-01    0.1937328E-01   -0.3619575E-02   -0.9879104E-02   -0.5611921E-02   -0.7545990E-02   -0.8046754E-02    0.1395701E-05    0.7558435E-06
   -0.1412411E-03    0.1396139E-02   -0.1431573E-03   -0.3667909E-02   -0.4623338E-03   -0.1787684E-01   -0.1677707E-01    0.7602478E+02    0.2958563E+02    0.1539694E+01    0.2302896E+02   -0.2259174E+02   -0.7548666E+02   -0.9250227E+02   -0.2215021E+01   -0.6956783E+01   -0.1883177E+02   -0.2261795E+02   -0.2641758E+02   -0.4175240E-03   -0.3808008E-02
   -0.7571141E-04    0.5762450E-03   -0.6768414E-04   -0.2198285E-02   -0.2091894E-02   -0.8263740E-02   -0.8060272E-02    0.2958563E+02    0.2065126E+02    0.2785631E+01   -0.1121073E+02   -0.2466618E+02   -0.4916789E+02   -0.3118446E+02   -0.1031616E+01   -0.4979226E+01   -0.1070068E+02   -0.1766250E+02   -0.1927414E+02   -0.2349919E-03   -0.3034479E-03
    0.1533428E-04   -0.3441308E-04    0.2341308E-04   -0.1262086E-02   -0.3449035E-02   -0.1792707E-02   -0.1433520E-02    0.1539694E+01    0.2785631E+01    0.5408870E+01   -0.3620732E+02   -0.1642514E+02   -0.6350349E+01   -0.1706269E+01   -0.1754889E-01   -0.2102890E+01    0.1326745E+00    0.3266399E+01    0.3640088E+01   -0.6834173E-04    0.1850396E-03
   -0.6951691E-03    0.3252730E-03   -0.5920448E-03    0.3058916E-02    0.3555251E-01   -0.1366872E-01   -0.1220993E-01    0.2302896E+02   -0.1121073E+02   -0.3620732E+02    0.7583492E+03    0.1791201E+03    0.7389188E+02    0.1407488E+02   -0.9888446E+01   -0.8169475E+02   -0.7126075E+02   -0.7383290E+02   -0.7023417E+02   -0.4575274E-02   -0.4374360E-02
   -0.4238435E-03    0.9867925E-03   -0.3314759E-03   -0.1674635E-02    0.1467874E-01    0.4835104E-02    0.5350549E-02   -0.2259174E+02   -0.2466618E+02   -0.1642514E+02    0.1791201E+03    0.1254330E+03    0.1028125E+03    0.6062412E+02   -0.1040106E+02   -0.2743264E+02   -0.4838739E+02   -0.4133554E+02   -0.3777543E+02   -0.1350153E-02   -0.1042990E-02
   -0.1976893E-03   -0.4587855E-03   -0.8289660E-04    0.3600507E-03    0.1066229E-01    0.1903591E-01    0.1884171E-01   -0.7548666E+02   -0.4916789E+02   -0.6350349E+01    0.7389188E+02    0.1028125E+03    0.1649436E+03    0.1250487E+03   -0.8625482E+01   -0.2286271E+02   -0.3038319E+02   -0.2044135E+02   -0.2008425E+02   -0.1160679E-02    0.2119717E-02
   -0.1901070E-03   -0.8343273E-03   -0.8943025E-04    0.3181066E-03    0.7678461E-02    0.2077413E-01    0.1937328E-01   -0.9250227E+02   -0.3118446E+02   -0.1706269E+01    0.1407488E+02    0.6062412E+02    0.1250487E+03    0.1626233E+03   -0.8335524E+01   -0.2549663E+02   -0.3361911E+02   -0.4226728E+02   -0.4629615E+02   -0.1251146E-02    0.6709424E-02
   -0.2859807E-04    0.1095398E-03    0.1115300E-05    0.6171006E-03    0.1240642E-02   -0.3719206E-02   -0.3619575E-02   -0.2215021E+01   -0.1031616E+01   -0.1754889E-01   -0.9888446E+01   -0.1040106E+02   -0.8625482E+01   -0.8335524E+01    0.8070053E+01   -0.2228005E+01   -0.2590368E+01   -0.2798474E+01   -0.3201136E+01   -0.2493258E-04    0.2100516E-03
    0.1005667E-02    0.3121075E-02    0.2863196E-03   -0.3997908E-03   -0.1884798E-01   -0.7331344E-02   -0.9879104E-02   -0.6956783E+01   -0.4979226E+01   -0.2102890E+01   -0.8169475E+02   -0.2743264E+02   -0.2286271E+02   -0.2549663E+02   -0.2228005E+01    0.2377472E+03    0.1556827E+03    0.1512290E+03    0.1475291E+03   -0.1317897E-01    0.5309716E-03
    0.5399031E-03    0.2698974E-02    0.1328935E-05   -0.1254498E-01   -0.7105409E-01   -0.9625309E-02   -0.5611921E-02   -0.1883177E+02   -0.1070068E+02    0.1326745E+00   -0.7126075E+02   -0.4838739E+02   -0.3038319E+02   -0.3361911E+02   -0.2590368E+01    0.1556827E+03    0.2755354E+03    0.2793292E+03    0.2793966E+03    0.8974300E-02    0.5335647E-03
    0.5341756E-03    0.2599807E-02    0.5402128E-04   -0.1351998E-01   -0.7287518E-01   -0.1142840E-01   -0.7545990E-02   -0.2261795E+02   -0.1766250E+02    0.3266399E+01   -0.7383290E+02   -0.4133554E+02   -0.2044135E+02   -0.4226728E+02   -0.2798474E+01    0.1512290E+03    0.2793292E+03    0.3231324E+03    0.3500462E+03    0.9095403E-02   -0.5137002E-02
    0.5167824E-03    0.2585459E-02    0.1184153E-03   -0.1471925E-01   -0.7511011E-01   -0.1120661E-01   -0.8046754E-02   -0.2641758E+02   -0.1927414E+02    0.3640088E+01   -0.7023417E+02   -0.3777543E+02   -0.2008425E+02   -0.4629615E+02   -0.3201136E+01    0.1475291E+03    0.2793966E+03    0.3500462E+03    0.4037955E+03    0.9290811E-02   -0.1025185E-01
   -0.6812547E-07   -0.1154437E-06   -0.3426734E-07   -0.1348468E-05   -0.5794109E-05    0.5583712E-06    0.1395701E-05   -0.4175240E-03   -0.2349919E-03   -0.6834173E-04   -0.4575274E-02   -0.1350153E-02   -0.1160679E-02   -0.1251146E-02   -0.2493258E-04   -0.1317897E-01    0.8974300E-02    0.9095403E-02    0.9290811E-02    0.3046501E-05   -0.7042750E-08
    0.3848099E-08   -0.5306131E-07   -0.1096510E-07    0.2196882E-06   -0.3855083E-07    0.7280354E-06    0.7558435E-06   -0.3808008E-02   -0.3034479E-03    0.1850396E-03   -0.4374360E-02   -0.1042990E-02    0.2119717E-02    0.6709424E-02    0.2100516E-03    0.5309716E-03    0.5335647E-03   -0.5137002E-02   -0.1025185E-01   -0.7042750E-08    0.1518618E-05
