# omegabh2 omegach2 theta tau yhe logA ns acib217 acibsz143 asz143 aps100 aps143 aps143217 aps217 aksz kgal100 t1gal143 t1gal143217 t1gal217 calib_100T calib_217T
    0.1122809E-06   -0.3541861E-06    0.2299245E-06    0.1937114E-05    0.4894821E-05    0.4226201E-05    0.2849835E-05    0.3316240E-03    0.1367176E-03    0.4845872E-04   -0.4059833E-03   -0.1855464E-03   -0.3733252E-03   -0.4453873E-03    0.3144565E-04    0.1485188E-02    0.1114346E-02    0.1163188E-02    0.1139936E-02   -0.7000301E-07   -0.1384315E-07
   -0.3541861E-06    0.4583779E-05   -0.7952349E-06   -0.1055904E-04   -0.1058082E-04   -0.1303784E-04   -0.1428607E-04   -0.1171507E-02   -0.5422064E-03   -0.1608367E-03   -0.8254715E-03    0.8842130E-03    0.1514985E-02    0.1474764E-02   -0.5754384E-04   -0.2010679E-03   -0.4688662E-03   -0.4475777E-03   -0.5802233E-04    0.2307452E-07    0.8196492E-08
    0.2299245E-06   -0.7952349E-06    0.8277029E-06    0.4255009E-05    0.1611939E-04    0.1058044E-04    0.8178908E-05    0.2143899E-02    0.9731853E-03    0.1906259E-03    0.1391265E-02    0.2766013E-03   -0.1506779E-02   -0.1818879E-02    0.3532593E-03    0.2398810E-02    0.2131736E-02    0.2473133E-02    0.2500088E-02   -0.1237294E-06   -0.9423077E-07
    0.1937114E-05   -0.1055904E-04    0.4255009E-05    0.2075557E-03    0.8205341E-04    0.4120966E-03    0.7000567E-04   -0.6507607E-02   -0.2919465E-02    0.1095343E-03   -0.1420727E-01    0.5623705E-02    0.1173315E-01    0.1304988E-01   -0.1264685E-02    0.1009173E-02   -0.5246258E-02   -0.6514854E-02   -0.9054259E-02   -0.8703177E-07    0.6979570E-06
    0.4894821E-05   -0.1058082E-04    0.1611939E-04    0.8205341E-04    0.4384147E-03    0.2420735E-03    0.1894191E-03    0.6127765E-01    0.2726977E-01    0.3706585E-02    0.5148158E-01    0.1780901E-01   -0.3622014E-01   -0.4651948E-01    0.9617771E-02    0.5272724E-01    0.5307195E-01    0.6221763E-01    0.6432479E-01   -0.2235252E-05   -0.2996569E-05
    0.4226201E-05   -0.1303784E-04    0.1058044E-04    0.4120966E-03    0.2420735E-03    0.8707294E-03    0.1495938E-03   -0.2030018E-02   -0.2114300E-02   -0.2982038E-03    0.8361088E-02    0.3487199E-01    0.3499884E-01    0.3222355E-01   -0.1030844E-02   -0.1334503E-01   -0.5235317E-01   -0.5209932E-01   -0.5571424E-01   -0.3202948E-05    0.5209220E-06
    0.2849835E-05   -0.1428607E-04    0.8178908E-05    0.7000567E-04    0.1894191E-03    0.1495938E-03    0.1196580E-03    0.1408161E-01    0.6201416E-02    0.4825127E-03    0.1017377E-01    0.1094925E-01   -0.2097774E-02   -0.4768006E-02    0.6464270E-03    0.1977734E-01    0.1792643E-01    0.2007842E-01    0.2076732E-01   -0.5911203E-06   -0.7444403E-06
    0.3316240E-03   -0.1171507E-02    0.2143899E-02   -0.6507607E-02    0.6127765E-01   -0.2030018E-02    0.1408161E-01    0.8298192E+02    0.3294200E+02    0.2015945E+01    0.2338214E+02   -0.2425533E+02   -0.8200679E+02   -0.9905150E+02   -0.5688914E+00   -0.5105978E+01   -0.1465597E+02   -0.1908348E+02   -0.2371415E+02   -0.2171712E-03   -0.3892370E-02
    0.1367176E-03   -0.5422064E-03    0.9731853E-03   -0.2919465E-02    0.2726977E-01   -0.2114300E-02    0.6201416E-02    0.3294200E+02    0.2197183E+02    0.2734400E+01   -0.9581292E+01   -0.2468715E+02   -0.5200121E+02   -0.3486814E+02   -0.2052563E+00   -0.3017945E+01   -0.8007076E+01   -0.1505137E+02   -0.1685968E+02   -0.1255434E-03   -0.4064445E-03
    0.4845872E-04   -0.1608367E-03    0.1906259E-03    0.1095343E-03    0.3706585E-02   -0.2982038E-03    0.4825127E-03    0.2015945E+01    0.2734400E+01    0.5581328E+01   -0.3789173E+02   -0.1638281E+02   -0.5807953E+01   -0.1990966E+01   -0.2501194E-01   -0.1925066E+01   -0.7321609E+00    0.2548940E+01    0.2754361E+01   -0.1461718E-03    0.1510757E-03
   -0.4059833E-03   -0.8254715E-03    0.1391265E-02   -0.1420727E-01    0.5148158E-01    0.8361088E-02    0.1017377E-01    0.2338214E+02   -0.9581292E+01   -0.3789173E+02    0.7698050E+03    0.1848356E+03    0.7037876E+02    0.1451115E+02   -0.9511659E+01   -0.7938416E+02   -0.5890889E+02   -0.5973660E+02   -0.5470647E+02   -0.3556638E-02   -0.4335877E-02
   -0.1855464E-03    0.8842130E-03    0.2766013E-03    0.5623705E-02    0.1780901E-01    0.3487199E-01    0.1094925E-01   -0.2425533E+02   -0.2468715E+02   -0.1638281E+02    0.1848356E+03    0.1306670E+03    0.1062656E+03    0.6553013E+02   -0.1018911E+02   -0.2640789E+02   -0.4578682E+02   -0.3738752E+02   -0.3278924E+02   -0.1325083E-02   -0.1009009E-02
   -0.3733252E-03    0.1514985E-02   -0.1506779E-02    0.1173315E-01   -0.3622014E-01    0.3499884E-01   -0.2097774E-02   -0.8200679E+02   -0.5200121E+02   -0.5807953E+01    0.7037876E+02    0.1062656E+03    0.1727964E+03    0.1333516E+03   -0.9580504E+01   -0.2587084E+02   -0.3518698E+02   -0.2214654E+02   -0.2006393E+02   -0.1416855E-02    0.2070934E-02
   -0.4453873E-03    0.1474764E-02   -0.1818879E-02    0.1304988E-01   -0.4651948E-01    0.3222355E-01   -0.4768006E-02   -0.9905150E+02   -0.3486814E+02   -0.1990966E+01    0.1451115E+02    0.6553013E+02    0.1333516E+03    0.1691290E+03   -0.9309712E+01   -0.2569119E+02   -0.3594932E+02   -0.4103894E+02   -0.4280982E+02   -0.1420863E-02    0.6468967E-02
    0.3144565E-04   -0.5754384E-04    0.3532593E-03   -0.1264685E-02    0.9617771E-02   -0.1030844E-02    0.6464270E-03   -0.5688914E+00   -0.2052563E+00   -0.2501194E-01   -0.9511659E+01   -0.1018911E+02   -0.9580504E+01   -0.9309712E+01    0.7814395E+01   -0.6482566E+00   -0.2468195E+01   -0.2892347E+01   -0.3359257E+01   -0.2053854E-03    0.1312421E-03
    0.1485188E-02   -0.2010679E-03    0.2398810E-02    0.1009173E-02    0.5272724E-01   -0.1334503E-01    0.1977734E-01   -0.5105978E+01   -0.3017945E+01   -0.1925066E+01   -0.7938416E+02   -0.2640789E+02   -0.2587084E+02   -0.2569119E+02   -0.6482566E+00    0.2516217E+03    0.1643254E+03    0.1602355E+03    0.1576895E+03   -0.1413365E-01    0.5017343E-03
    0.1114346E-02   -0.4688662E-03    0.2131736E-02   -0.5246258E-02    0.5307195E-01   -0.5235317E-01    0.1792643E-01   -0.1465597E+02   -0.8007076E+01   -0.7321609E+00   -0.5890889E+02   -0.4578682E+02   -0.3518698E+02   -0.3594932E+02   -0.2468195E+01    0.1643254E+03    0.2890868E+03    0.2912245E+03    0.2909473E+03    0.9033628E-02    0.5594778E-03
    0.1163188E-02   -0.4475777E-03    0.2473133E-02   -0.6514854E-02    0.6221763E-01   -0.5209932E-01    0.2007842E-01   -0.1908348E+02   -0.1505137E+02    0.2548940E+01   -0.5973660E+02   -0.3738752E+02   -0.2214654E+02   -0.4103894E+02   -0.2892347E+01    0.1602355E+03    0.2912245E+03    0.3314189E+03    0.3565919E+03    0.8865691E-02   -0.4803035E-02
    0.1139936E-02   -0.5802233E-04    0.2500088E-02   -0.9054259E-02    0.6432479E-01   -0.5571424E-01    0.2076732E-01   -0.2371415E+02   -0.1685968E+02    0.2754361E+01   -0.5470647E+02   -0.3278924E+02   -0.2006393E+02   -0.4280982E+02   -0.3359257E+01    0.1576895E+03    0.2909473E+03    0.3565919E+03    0.4079070E+03    0.8861631E-02   -0.9699995E-02
   -0.7000301E-07    0.2307452E-07   -0.1237294E-06   -0.8703177E-07   -0.2235252E-05   -0.3202948E-05   -0.5911203E-06   -0.2171712E-03   -0.1255434E-03   -0.1461718E-03   -0.3556638E-02   -0.1325083E-02   -0.1416855E-02   -0.1420863E-02   -0.2053854E-03   -0.1413365E-01    0.9033628E-02    0.8865691E-02    0.8861631E-02    0.3159286E-05    0.1933648E-07
   -0.1384315E-07    0.8196492E-08   -0.9423077E-07    0.6979570E-06   -0.2996569E-05    0.5209220E-06   -0.7444403E-06   -0.3892370E-02   -0.4064445E-03    0.1510757E-03   -0.4335877E-02   -0.1009009E-02    0.2070934E-02    0.6468967E-02    0.1312421E-03    0.5017343E-03    0.5594778E-03   -0.4803035E-02   -0.9699995E-02    0.1933648E-07    0.1467854E-05
