# omegabh2 omegach2 theta tau meffsterile nnu logA ns calPlanck acib217 xi asz143 aps100 aps143 aps143217 aps217 aksz kgal100 kgal143 kgal143217 kgal217 galfEE100 galfEE100143 galfEE100217 galfEE143 galfEE143217 galfEE217 galfTE100 galfTE100143 galfTE100217 galfTE143 galfTE143217 galfTE217 cal0 cal2
    0.2717991E-07    0.1290274E-06    0.1127723E-08    0.1077029E-05   -0.2935879E-05    0.8542235E-05    0.2370814E-05    0.5469218E-06    0.1876425E-07   -0.5613240E-04    0.2128317E-05    0.1846170E-04   -0.2362839E-03   -0.1406876E-03    0.4750626E-05    0.3289156E-04   -0.2859444E-04   -0.6013801E-05   -0.5639571E-05   -0.1205167E-04   -0.1875088E-04    0.1284504E-06    0.5069243E-07   -0.2480191E-09    0.5236595E-07    0.9060978E-08   -0.1185743E-06   -0.5789946E-06   -0.2051617E-06   -0.1881018E-06   -0.7356120E-07   -0.3113359E-06   -0.1061579E-05    0.2999544E-08   -0.6625204E-08
    0.1290274E-06    0.1223130E-04   -0.5686248E-06    0.2212891E-06   -0.5928828E-03    0.2596372E-03    0.1294062E-04    0.9969100E-05   -0.1310914E-06    0.2191446E-02   -0.3261256E-04   -0.3726258E-03    0.6156421E-02    0.2052953E-02   -0.6155123E-03   -0.2475236E-02    0.7910083E-03    0.1035382E-03    0.4337720E-05    0.1966244E-04   -0.5663150E-03    0.2106442E-06    0.4771708E-06    0.1118112E-05    0.6631035E-06   -0.3276057E-05   -0.3318253E-05    0.2070313E-06   -0.1756555E-05   -0.8648907E-05   -0.7574784E-06    0.6761863E-06    0.6806979E-05   -0.1698070E-07    0.2759375E-06
    0.1127723E-08   -0.5686248E-06    0.1248861E-06    0.3997413E-06    0.1667020E-04   -0.1807259E-04    0.5006182E-08   -0.4057538E-06    0.4563739E-08   -0.1268054E-03    0.1007740E-05    0.3373391E-04   -0.6384091E-03   -0.2628492E-03   -0.3932773E-04    0.8541193E-04   -0.7512657E-04   -0.1093757E-04   -0.4341239E-05   -0.3208281E-04   -0.4376402E-04    0.1664800E-07   -0.2737944E-07   -0.5879593E-07    0.7389977E-08    0.5439395E-07   -0.3878832E-07   -0.4220909E-06   -0.7461614E-07    0.7335253E-06   -0.1112648E-06    0.6023985E-06   -0.5504777E-06   -0.4981890E-08   -0.3185612E-07
    0.1077029E-05    0.2212891E-06    0.3997413E-06    0.3129054E-03    0.2832268E-03    0.3899005E-03    0.6116393E-03    0.3956516E-04   -0.2228475E-05   -0.9686614E-02    0.2312305E-03    0.1363509E-02   -0.2681999E-01   -0.1458234E-01   -0.1388149E-02    0.5980817E-02   -0.2491885E-02   -0.3437109E-03    0.2999593E-04    0.6989695E-03    0.2511051E-02    0.8893937E-05    0.2766210E-05   -0.2705341E-05    0.1090331E-05    0.1001533E-04   -0.1220217E-04   -0.1309771E-04   -0.2393824E-05    0.1452683E-04   -0.6081596E-05   -0.2437210E-04   -0.4205640E-04   -0.3219617E-07   -0.8050401E-06
   -0.2935879E-05   -0.5928828E-03    0.1667020E-04    0.2832268E-03    0.4529132E-01   -0.6165569E-02    0.2133304E-03   -0.4467914E-03    0.1720185E-05   -0.7633095E-01    0.7920368E-03    0.8625392E-02   -0.1318599E+00   -0.1225801E-01    0.5966998E-01    0.1397977E+00   -0.2557815E-01   -0.8468752E-02    0.4900888E-02   -0.7841290E-03    0.1704462E-01   -0.2890840E-04   -0.2327893E-04   -0.7968683E-04   -0.4248489E-04    0.1722114E-03    0.2109909E-03    0.9628637E-04    0.1423505E-03   -0.2486756E-03    0.8020589E-04   -0.2224762E-03   -0.4742662E-03    0.2269054E-06   -0.1147691E-04
    0.8542235E-05    0.2596372E-03   -0.1807259E-04    0.3899005E-03   -0.6165569E-02    0.1059277E-01    0.1129155E-02    0.4337512E-03   -0.8540970E-06    0.5167317E-01   -0.8478100E-03   -0.1054078E-01    0.2239916E+00    0.6923075E-01   -0.3914540E-02   -0.3795471E-01    0.2500255E-01    0.6355754E-03    0.6414605E-02    0.3575436E-02   -0.1498023E-01    0.4428957E-04    0.2615350E-04    0.9238129E-05    0.2635343E-04   -0.5600592E-04   -0.1013569E-03   -0.1287643E-05   -0.2405429E-04   -0.5995318E-03   -0.1861002E-04   -0.1584054E-03   -0.2091564E-05   -0.1033520E-05    0.4992203E-05
    0.2370814E-05    0.1294062E-04    0.5006182E-08    0.6116393E-03    0.2133304E-03    0.1129155E-02    0.1243707E-02    0.8567539E-04    0.7927544E-05   -0.1772588E-01    0.4710950E-03    0.2563027E-02   -0.4600324E-01   -0.2391694E-01    0.1234660E-02    0.1709597E-01   -0.5027873E-02   -0.1081938E-02   -0.6845283E-03    0.8897869E-03    0.6231678E-02    0.1985420E-04    0.6315051E-05   -0.2873089E-05    0.3329271E-05    0.1454457E-04   -0.1952457E-04   -0.2278141E-04   -0.5313715E-05    0.1300030E-04   -0.1775213E-04   -0.4485502E-04   -0.5291322E-04    0.2090968E-06   -0.1325390E-05
    0.5469218E-06    0.9969100E-05   -0.4057538E-06    0.3956516E-04   -0.4467914E-03    0.4337512E-03    0.8567539E-04    0.3670242E-04    0.3146143E-06   -0.3191682E-02    0.1078566E-03    0.8087140E-03   -0.1606822E-01   -0.3445789E-02    0.3198954E-02    0.5187406E-02   -0.1575097E-02    0.3266041E-03    0.1885476E-03   -0.2395648E-03   -0.3554985E-03    0.7688514E-05    0.3183281E-05   -0.9284262E-06    0.3354037E-05    0.6827043E-06   -0.5013133E-05   -0.2989637E-05   -0.2019604E-05   -0.1524893E-04   -0.3342469E-05   -0.8491511E-05   -0.2027023E-05   -0.2065134E-06   -0.4343991E-06
    0.1876425E-07   -0.1310914E-06    0.4563739E-08   -0.2228475E-05    0.1720185E-05   -0.8540970E-06    0.7927544E-05    0.3146143E-06    0.6195045E-05    0.4097368E-03    0.6351769E-05    0.1967680E-03    0.2306028E-03    0.3529700E-03    0.9212590E-03    0.1825501E-02   -0.1210344E-03   -0.8398244E-04   -0.1081725E-03   -0.8611140E-04    0.5682654E-03    0.1892898E-05    0.3484591E-06    0.3174067E-06    0.6252475E-06    0.4668370E-07    0.4835606E-05    0.2739481E-05    0.1452192E-05    0.8382195E-05   -0.3344116E-05    0.2910610E-05    0.1295319E-04    0.3135754E-07   -0.2549490E-07
   -0.5613240E-04    0.2191446E-02   -0.1268054E-03   -0.9686614E-02   -0.7633095E-01    0.5167317E-01   -0.1772588E-01   -0.3191682E-02    0.4097368E-03    0.4717638E+02   -0.5003203E+00   -0.1203189E+01    0.4320643E+02    0.1723658E-01   -0.2047065E+02   -0.6392276E+02    0.1791874E+00    0.8766852E-01    0.6937013E+00   -0.2822481E+01   -0.2437366E+02   -0.1966429E-02   -0.8395218E-03   -0.6531589E-03   -0.4655470E-04   -0.1743589E-04   -0.6951169E-03    0.9601860E-02    0.1838219E-03    0.2116375E-01   -0.5235139E-02   -0.2338994E-02    0.1289516E-01   -0.3741945E-04    0.4146208E-02
    0.2128317E-05   -0.3261256E-04    0.1007740E-05    0.2312305E-03    0.7920368E-03   -0.8478100E-03    0.4710950E-03    0.1078566E-03    0.6351769E-05   -0.5003203E+00    0.8053419E-01   -0.6404543E-01   -0.4200537E+00    0.9800147E+00    0.1814988E+01    0.7979158E+00    0.5113757E-01   -0.1346817E-01   -0.4688871E-02    0.7708737E-01    0.8291029E-01    0.3266539E-04    0.2947964E-04    0.6660489E-04    0.8378368E-05   -0.9299012E-04    0.3415767E-03   -0.1366825E-03    0.4083359E-04   -0.5709275E-03   -0.4027127E-04   -0.1520313E-03   -0.1373693E-03    0.7242739E-05   -0.2057751E-04
    0.1846170E-04   -0.3726258E-03    0.3373391E-04    0.1363509E-02    0.8625392E-02   -0.1054078E-01    0.2563027E-02    0.8087140E-03    0.1967680E-03   -0.1203189E+01   -0.6404543E-01    0.3712193E+01   -0.2975860E+02   -0.3653437E+01    0.7578471E+01    0.6306475E+01   -0.2666692E+01   -0.2036841E+00    0.2931846E-01    0.2199929E+01    0.1468529E+01    0.3211178E-03    0.1141594E-03   -0.1713608E-03    0.7752481E-04    0.9617893E-03    0.1381219E-02   -0.2115610E-03    0.8115747E-03   -0.1135596E-02    0.6238432E-03   -0.3656801E-02   -0.1054747E-01    0.1689895E-03   -0.3910346E-03
   -0.2362839E-03    0.6156421E-02   -0.6384091E-03   -0.2681999E-01   -0.1318599E+00    0.2239916E+00   -0.4600324E-01   -0.1606822E-01    0.2306028E-03    0.4320643E+02   -0.4200537E+00   -0.2975860E+02    0.7526670E+03    0.6661523E+02   -0.6080829E+02   -0.7672118E+02    0.1489033E+02    0.1678967E+00    0.4981846E+00   -0.1193347E+02   -0.1665890E+02   -0.4463676E-02   -0.1245821E-02   -0.7897221E-02   -0.1683985E-02   -0.5855300E-02   -0.6054091E-02    0.1022361E-01   -0.2674546E-01    0.6598183E-01   -0.1492203E-01    0.3886876E-02    0.3161855E-02    0.4976554E-02    0.4785846E-02
   -0.1406876E-03    0.2052953E-02   -0.2628492E-03   -0.1458234E-01   -0.1225801E-01    0.6923075E-01   -0.2391694E-01   -0.3445789E-02    0.3529700E-03    0.1723658E-01    0.9800147E+00   -0.3653437E+01    0.6661523E+02    0.5777415E+02    0.4220072E+02    0.1799877E+02   -0.4591395E+01   -0.4049089E+00   -0.6515303E+00    0.3583151E+01    0.3333898E+01   -0.2453373E-02   -0.2295000E-03    0.4551253E-03   -0.5659152E-03   -0.4090713E-02   -0.2608374E-02   -0.1443803E-01   -0.2400951E-02   -0.3305689E-01   -0.1620656E-02   -0.7822671E-02   -0.4740729E-02    0.1582390E-03    0.2361464E-04
    0.4750626E-05   -0.6155123E-03   -0.3932773E-04   -0.1388149E-02    0.5966998E-01   -0.3914540E-02    0.1234660E-02    0.3198954E-02    0.9212590E-03   -0.2047065E+02    0.1814988E+01    0.7578471E+01   -0.6080829E+02    0.4220072E+02    0.9343537E+02    0.6552268E+02   -0.1207206E+02   -0.8479778E+00   -0.5030002E+00    0.3589540E+01    0.3405806E+01    0.7627300E-04    0.8466613E-03    0.3665525E-03    0.5431782E-03   -0.2124149E-02    0.1010559E-01   -0.1869250E-01   -0.2876004E-02   -0.2679464E-01   -0.2014712E-02   -0.1963698E-01   -0.4078459E-01    0.6731876E-03   -0.2779564E-02
    0.3289156E-04   -0.2475236E-02    0.8541193E-04    0.5980817E-02    0.1397977E+00   -0.3795471E-01    0.1709597E-01    0.5187406E-02    0.1825501E-02   -0.6392276E+02    0.7979158E+00    0.6306475E+01   -0.7672118E+02    0.1799877E+02    0.6552268E+02    0.1224928E+03   -0.1013071E+02   -0.5826643E+00   -0.9818921E+00    0.2616985E+00    0.2037198E+02    0.1430885E-02    0.1330703E-02    0.1883197E-03    0.8616934E-03    0.8094629E-03    0.4871440E-02   -0.2499874E-01   -0.3018828E-02   -0.3388471E-01    0.5110400E-02   -0.7145520E-02   -0.1192827E-01    0.3502111E-03   -0.7426029E-02
   -0.2859444E-04    0.7910083E-03   -0.7512657E-04   -0.2491885E-02   -0.2557815E-01    0.2500255E-01   -0.5027873E-02   -0.1575097E-02   -0.1210344E-03    0.1791874E+00    0.5113757E-01   -0.2666692E+01    0.1489033E+02   -0.4591395E+01   -0.1207206E+02   -0.1013071E+02    0.6019205E+01    0.6622656E-01   -0.1002475E+00   -0.1834962E+01   -0.9738466E+00   -0.3299060E-03   -0.2029897E-03    0.7202517E-03   -0.1993254E-03   -0.5894264E-03    0.4456414E-03    0.5227849E-02    0.1638545E-02    0.2750619E-02    0.1305544E-02    0.5270494E-02    0.9536880E-02   -0.1258866E-03    0.2671835E-03
   -0.6013801E-05    0.1035382E-03   -0.1093757E-04   -0.3437109E-03   -0.8468752E-02    0.6355754E-03   -0.1081938E-02    0.3266041E-03   -0.8398244E-04    0.8766852E-01   -0.1346817E-01   -0.2036841E+00    0.1678967E+00   -0.4049089E+00   -0.8479778E+00   -0.5826643E+00    0.6622656E-01    0.3208740E+01    0.7662550E+00    0.3697307E+00    0.6312497E+00   -0.2027104E-03    0.7316876E-04    0.2092166E-03   -0.2899356E-04    0.5307136E-03   -0.1165758E-03   -0.4030131E-02   -0.1525436E-02   -0.5894469E-02   -0.1445992E-02    0.3147663E-02    0.5635446E-02    0.4552447E-03    0.8660055E-04
   -0.5639571E-05    0.4337720E-05   -0.4341239E-05    0.2999593E-04    0.4900888E-02    0.6414605E-02   -0.6845283E-03    0.1885476E-03   -0.1081725E-03    0.6937013E+00   -0.4688871E-02    0.2931846E-01    0.4981846E+00   -0.6515303E+00   -0.5030002E+00   -0.9818921E+00   -0.1002475E+00    0.7662550E+00    0.3073134E+01    0.2405779E+01    0.1211809E+01   -0.1042656E-05   -0.3356638E-04    0.4142409E-03   -0.1492309E-03   -0.5950116E-03   -0.3215557E-04    0.6146439E-02    0.5195910E-03   -0.1226341E-04   -0.2040246E-02   -0.3613932E-02   -0.2561051E-03   -0.4066044E-03   -0.1540853E-03
   -0.1205167E-04    0.1966244E-04   -0.3208281E-04    0.6989695E-03   -0.7841290E-03    0.3575436E-02    0.8897869E-03   -0.2395648E-03   -0.8611140E-04   -0.2822481E+01    0.7708737E-01    0.2199929E+01   -0.1193347E+02    0.3583151E+01    0.3589540E+01    0.2616985E+00   -0.1834962E+01    0.3697307E+00    0.2405779E+01    0.1717452E+02    0.2612786E+02    0.5552315E-03   -0.1286986E-03    0.2463358E-03   -0.9573549E-03   -0.8955274E-03   -0.3439132E-02    0.3720146E-02    0.3165336E-02   -0.1316854E-01    0.1866843E-02   -0.1404488E-02   -0.6048321E-02   -0.9034065E-04    0.2363069E-02
   -0.1875088E-04   -0.5663150E-03   -0.4376402E-04    0.2511051E-02    0.1704462E-01   -0.1498023E-01    0.6231678E-02   -0.3554985E-03    0.5682654E-03   -0.2437366E+02    0.8291029E-01    0.1468529E+01   -0.1665890E+02    0.3333898E+01    0.3405806E+01    0.2037198E+02   -0.9738466E+00    0.6312497E+00    0.1211809E+01    0.2612786E+02    0.6008629E+02    0.2689595E-02   -0.9671279E-04   -0.5367895E-03   -0.1672553E-02   -0.1484403E-02   -0.7645595E-02    0.1324615E-03    0.4641262E-02   -0.1577530E-01    0.5385799E-02    0.8079118E-02   -0.9120731E-02   -0.6026971E-04    0.4257159E-02
    0.1284504E-06    0.2106442E-06    0.1664800E-07    0.8893937E-05   -0.2890840E-04    0.4428957E-04    0.1985420E-04    0.7688514E-05    0.1892898E-05   -0.1966429E-02    0.3266539E-04    0.3211178E-03   -0.4463676E-02   -0.2453373E-02    0.7627300E-04    0.1430885E-02   -0.3299060E-03   -0.2027104E-03   -0.1042656E-05    0.5552315E-03    0.2689595E-02    0.1266156E-03    0.1105262E-04    0.2490488E-06    0.5031020E-05   -0.1996256E-05   -0.4767082E-05   -0.2363185E-04   -0.3982321E-05   -0.1162947E-04    0.2721218E-05    0.1002523E-04    0.6288992E-05   -0.1177712E-06    0.3808451E-07
    0.5069243E-07    0.4771708E-06   -0.2737944E-07    0.2766210E-05   -0.2327893E-04    0.2615350E-04    0.6315051E-05    0.3183281E-05    0.3484591E-06   -0.8395218E-03    0.2947964E-04    0.1141594E-03   -0.1245821E-02   -0.2295000E-03    0.8466613E-03    0.1330703E-02   -0.2029897E-03    0.7316876E-04   -0.3356638E-04   -0.1286986E-03   -0.9671279E-04    0.1105262E-04    0.1366710E-04    0.1180974E-06    0.6493418E-05   -0.1053750E-06   -0.1335418E-05   -0.4424117E-05   -0.1652409E-05   -0.1995297E-05    0.4928800E-06   -0.1222762E-05   -0.8457860E-05   -0.4073406E-07   -0.1837784E-06
   -0.2480191E-09    0.1118112E-05   -0.5879593E-07   -0.2705341E-05   -0.7968683E-04    0.9238129E-05   -0.2873089E-05   -0.9284262E-06    0.3174067E-06   -0.6531589E-03    0.6660489E-04   -0.1713608E-03   -0.7897221E-02    0.4551253E-03    0.3665525E-03    0.1883197E-03    0.7202517E-03    0.2092166E-03    0.4142409E-03    0.2463358E-03   -0.5367895E-03    0.2490488E-06    0.1180974E-06    0.2232440E-03   -0.1577184E-05    0.1150309E-05    0.5712383E-05   -0.2041384E-04   -0.5870088E-05   -0.3521508E-04    0.4517911E-05   -0.1720599E-04    0.3902470E-04   -0.1470883E-06   -0.3571134E-06
    0.5236595E-07    0.6631035E-06    0.7389977E-08    0.1090331E-05   -0.4248489E-04    0.2635343E-04    0.3329271E-05    0.3354037E-05    0.6252475E-06   -0.4655470E-04    0.8378368E-05    0.7752481E-04   -0.1683985E-02   -0.5659152E-03    0.5431782E-03    0.8616934E-03   -0.1993254E-03   -0.2899356E-04   -0.1492309E-03   -0.9573549E-03   -0.1672553E-02    0.5031020E-05    0.6493418E-05   -0.1577184E-05    0.3065678E-04   -0.1864840E-05    0.3501348E-05   -0.1231920E-06    0.1588386E-06   -0.1358937E-04   -0.2828063E-05    0.4811720E-05    0.7377931E-05   -0.1305677E-06   -0.2288726E-06
    0.9060978E-08   -0.3276057E-05    0.5439395E-07    0.1001533E-04    0.1722114E-03   -0.5600592E-04    0.1454457E-04    0.6827043E-06    0.4668370E-07   -0.1743589E-04   -0.9299012E-04    0.9617893E-03   -0.5855300E-02   -0.4090713E-02   -0.2124149E-02    0.8094629E-03   -0.5894264E-03    0.5307136E-03   -0.5950116E-03   -0.8955274E-03   -0.1484403E-02   -0.1996256E-05   -0.1053750E-06    0.1150309E-05   -0.1864840E-05    0.3895633E-03    0.1017986E-04    0.1200215E-04    0.1390558E-04    0.5240442E-04    0.1269454E-04    0.1349318E-04   -0.6592974E-04    0.1896717E-06   -0.2301753E-06
   -0.1185743E-06   -0.3318253E-05   -0.3878832E-07   -0.1220217E-04    0.2109909E-03   -0.1013569E-03   -0.1952457E-04   -0.5013133E-05    0.4835606E-05   -0.6951169E-03    0.3415767E-03    0.1381219E-02   -0.6054091E-02   -0.2608374E-02    0.1010559E-01    0.4871440E-02    0.4456414E-03   -0.1165758E-03   -0.3215557E-04   -0.3439132E-02   -0.7645595E-02   -0.4767082E-05   -0.1335418E-05    0.5712383E-05    0.3501348E-05    0.1017986E-04    0.3455767E-02   -0.4007419E-04   -0.2398028E-05    0.3287541E-03    0.2992228E-04    0.1009794E-03    0.3875044E-03    0.1726058E-07   -0.1638745E-05
   -0.5789946E-06    0.2070313E-06   -0.4220909E-06   -0.1309771E-04    0.9628637E-04   -0.1287643E-05   -0.2278141E-04   -0.2989637E-05    0.2739481E-05    0.9601860E-02   -0.1366825E-03   -0.2115610E-03    0.1022361E-01   -0.1443803E-01   -0.1869250E-01   -0.2499874E-01    0.5227849E-02   -0.4030131E-02    0.6146439E-02    0.3720146E-02    0.1324615E-03   -0.2363185E-04   -0.4424117E-05   -0.2041384E-04   -0.1231920E-06    0.1200215E-04   -0.4007419E-04    0.5763878E-02    0.1806643E-02    0.1820564E-02   -0.6725213E-03   -0.6774633E-04    0.4034093E-04    0.6841570E-06    0.2692672E-06
   -0.2051617E-06   -0.1756555E-05   -0.7461614E-07   -0.2393824E-05    0.1423505E-03   -0.2405429E-04   -0.5313715E-05   -0.2019604E-05    0.1452192E-05    0.1838219E-03    0.4083359E-04    0.8115747E-03   -0.2674546E-01   -0.2400951E-02   -0.2876004E-02   -0.3018828E-02    0.1638545E-02   -0.1525436E-02    0.5195910E-03    0.3165336E-02    0.4641262E-02   -0.3982321E-05   -0.1652409E-05   -0.5870088E-05    0.1588386E-06    0.1390558E-04   -0.2398028E-05    0.1806643E-02    0.1223350E-02    0.7743127E-03    0.2105064E-03    0.9137159E-04   -0.1760063E-03   -0.9584601E-06    0.7161675E-07
   -0.1881018E-06   -0.8648907E-05    0.7335253E-06    0.1452683E-04   -0.2486756E-03   -0.5995318E-03    0.1300030E-04   -0.1524893E-04    0.8382195E-05    0.2116375E-01   -0.5709275E-03   -0.1135596E-02    0.6598183E-01   -0.3305689E-01   -0.2679464E-01   -0.3388471E-01    0.2750619E-02   -0.5894469E-02   -0.1226341E-04   -0.1316854E-01   -0.1577530E-01   -0.1162947E-04   -0.1995297E-05   -0.3521508E-04   -0.1358937E-04    0.5240442E-04    0.3287541E-03    0.1820564E-02    0.7743127E-03    0.3312379E-01   -0.4864348E-03    0.1525606E-02    0.1083616E-01    0.3517985E-06    0.2410752E-05
   -0.7356120E-07   -0.7574784E-06   -0.1112648E-06   -0.6081596E-05    0.8020589E-04   -0.1861002E-04   -0.1775213E-04   -0.3342469E-05   -0.3344116E-05   -0.5235139E-02   -0.4027127E-04    0.6238432E-03   -0.1492203E-01   -0.1620656E-02   -0.2014712E-02    0.5110400E-02    0.1305544E-02   -0.1445992E-02   -0.2040246E-02    0.1866843E-02    0.5385799E-02    0.2721218E-05    0.4928800E-06    0.4517911E-05   -0.2828063E-05    0.1269454E-04    0.2992228E-04   -0.6725213E-03    0.2105064E-03   -0.4864348E-03    0.1339030E-02    0.1731143E-03   -0.3800294E-03    0.2954859E-08    0.1605059E-07
   -0.3113359E-06    0.6761863E-06    0.6023985E-06   -0.2437210E-04   -0.2224762E-03   -0.1584054E-03   -0.4485502E-04   -0.8491511E-05    0.2910610E-05   -0.2338994E-02   -0.1520313E-03   -0.3656801E-02    0.3886876E-02   -0.7822671E-02   -0.1963698E-01   -0.7145520E-02    0.5270494E-02    0.3147663E-02   -0.3613932E-02   -0.1404488E-02    0.8079118E-02    0.1002523E-04   -0.1222762E-05   -0.1720599E-04    0.4811720E-05    0.1349318E-04    0.1009794E-03   -0.6774633E-04    0.9137159E-04    0.1525606E-02    0.1731143E-03    0.5116108E-02    0.4299062E-02    0.1441698E-05    0.1688848E-05
   -0.1061579E-05    0.6806979E-05   -0.5504777E-06   -0.4205640E-04   -0.4742662E-03   -0.2091564E-05   -0.5291322E-04   -0.2027023E-05    0.1295319E-04    0.1289516E-01   -0.1373693E-03   -0.1054747E-01    0.3161855E-02   -0.4740729E-02   -0.4078459E-01   -0.1192827E-01    0.9536880E-02    0.5635446E-02   -0.2561051E-03   -0.6048321E-02   -0.9120731E-02    0.6288992E-05   -0.8457860E-05    0.3902470E-04    0.7377931E-05   -0.6592974E-04    0.3875044E-03    0.4034093E-04   -0.1760063E-03    0.1083616E-01   -0.3800294E-03    0.4299062E-02    0.3645940E-01   -0.7701722E-06    0.1456217E-05
    0.2999544E-08   -0.1698070E-07   -0.4981890E-08   -0.3219617E-07    0.2269054E-06   -0.1033520E-05    0.2090968E-06   -0.2065134E-06    0.3135754E-07   -0.3741945E-04    0.7242739E-05    0.1689895E-03    0.4976554E-02    0.1582390E-03    0.6731876E-03    0.3502111E-03   -0.1258866E-03    0.4552447E-03   -0.4066044E-03   -0.9034065E-04   -0.6026971E-04   -0.1177712E-06   -0.4073406E-07   -0.1470883E-06   -0.1305677E-06    0.1896717E-06    0.1726058E-07    0.6841570E-06   -0.9584601E-06    0.3517985E-06    0.2954859E-08    0.1441698E-05   -0.7701722E-06    0.5284323E-06    0.3509138E-07
   -0.6625204E-08    0.2759375E-06   -0.3185612E-07   -0.8050401E-06   -0.1147691E-04    0.4992203E-05   -0.1325390E-05   -0.4343991E-06   -0.2549490E-07    0.4146208E-02   -0.2057751E-04   -0.3910346E-03    0.4785846E-02    0.2361464E-04   -0.2779564E-02   -0.7426029E-02    0.2671835E-03    0.8660055E-04   -0.1540853E-03    0.2363069E-02    0.4257159E-02    0.3808451E-07   -0.1837784E-06   -0.3571134E-06   -0.2288726E-06   -0.2301753E-06   -0.1638745E-05    0.2692672E-06    0.7161675E-07    0.2410752E-05    0.1605059E-07    0.1688848E-05    0.1456217E-05    0.3509138E-07    0.2017208E-05
