# omegabh2 omegach2 theta tau logA ns nrun nrunrun r aps100 aps143 aps217 acib143 acib217 asz143 psr cibr ncib cal0 cal2 xi aksz bm_1_1
    0.1127226E-06   -0.5305992E-06    0.1038914E-06    0.1734167E-05    0.2830158E-05    0.1631971E-05   -0.2823551E-05   -0.2499806E-05    0.3028534E-05   -0.1517753E-04   -0.3253512E-03   -0.3537494E-03    0.9933973E-04    0.1106617E-03    0.2946043E-04   -0.6836115E-06    0.4804703E-05   -0.8628174E-06    0.3029880E-09    0.5855860E-08   -0.8695775E-07    0.4590327E-04   -0.3056847E-05
   -0.5305992E-06    0.8088398E-05   -0.8605017E-06   -0.1276667E-04   -0.6462948E-05   -0.1995505E-04    0.6003969E-05    0.1160706E-04   -0.2355311E-04    0.1140943E-01    0.4095629E-02    0.3194152E-02   -0.7118320E-03   -0.5790997E-03   -0.6569761E-04    0.6092813E-05   -0.1368324E-04    0.5637534E-05   -0.1204251E-07    0.3910333E-07    0.1898184E-04   -0.2683587E-03    0.2150035E-03
    0.1038914E-06   -0.8605017E-06    0.4265391E-06    0.2172126E-05    0.2813329E-05    0.2677872E-05   -0.1366896E-05   -0.1672883E-05    0.3100074E-05   -0.1384615E-02   -0.4827011E-03   -0.1390356E-03    0.1318593E-03   -0.3071419E-04    0.2106294E-04   -0.3284405E-06    0.6337773E-06   -0.2135377E-05   -0.4415927E-08   -0.2116679E-07    0.3070199E-05    0.2088340E-04   -0.1891706E-04
    0.1734167E-05   -0.1276667E-04    0.2172126E-05    0.2948795E-03    0.5647063E-03    0.3038565E-04   -0.2303206E-04    0.6363354E-04    0.7082094E-04   -0.4862916E-01   -0.2067749E-01   -0.3683427E-02   -0.2737831E-02   -0.6429912E-02   -0.1046282E-02    0.9361725E-05   -0.1570656E-03   -0.2398976E-04    0.1788965E-06   -0.4651701E-06    0.8775792E-04   -0.1178732E-02   -0.6025112E-03
    0.2830158E-05   -0.6462948E-05    0.2813329E-05    0.5647063E-03    0.1140399E-02    0.1344302E-04   -0.7278426E-04    0.1279681E-03    0.1076176E-03   -0.4924760E-01   -0.2032704E-01    0.7321785E-02   -0.8281595E-02   -0.1359103E-01   -0.2542577E-02    0.5083921E-04   -0.3623098E-03   -0.9094294E-05    0.3474781E-06   -0.4344663E-07    0.2549760E-03   -0.3237339E-02    0.1585408E-03
    0.1631971E-05   -0.1995505E-04    0.2677872E-05    0.3038565E-04    0.1344302E-04    0.7688007E-04   -0.2831786E-04   -0.6851256E-04    0.6217753E-04   -0.6730430E-01   -0.7430542E-02    0.9369303E-02   -0.2968910E-02   -0.6429181E-02   -0.8554163E-04    0.2261264E-04   -0.1587092E-03   -0.7680950E-05   -0.9082091E-07    0.3237129E-06   -0.9617126E-05   -0.2193200E-02   -0.2875969E-03
   -0.2823551E-05    0.6003969E-05   -0.1366896E-05   -0.2303206E-04   -0.7278426E-04   -0.2831786E-04    0.2413158E-03    0.2106108E-03   -0.1211307E-03   -0.1416938E+00   -0.4440843E-01    0.1730004E-01   -0.1257438E-01   -0.2949049E-01   -0.1637609E-02    0.6794274E-04   -0.7794247E-03   -0.6780788E-04    0.1544777E-06   -0.1194976E-05    0.2180452E-03   -0.7607992E-02   -0.1130483E-02
   -0.2499806E-05    0.1160706E-04   -0.1672883E-05    0.6363354E-04    0.1279681E-03   -0.6851256E-04    0.2106108E-03    0.3217272E-03    0.6715955E-04   -0.9086145E-01   -0.4532822E-01    0.4641738E-02   -0.1179059E-01   -0.2517866E-01   -0.1910828E-02    0.6215071E-04   -0.7064159E-03   -0.4154284E-04    0.2296077E-06   -0.1376893E-05    0.2690366E-03   -0.5247251E-02   -0.6664159E-03
    0.3028534E-05   -0.2355311E-04    0.3100074E-05    0.7082094E-04    0.1076176E-03    0.6217753E-04   -0.1211307E-03    0.6715955E-04    0.1960615E-02    0.3273445E-01    0.9516662E-03   -0.5892261E-02   -0.6503793E-02   -0.1881488E-02    0.3736953E-03    0.1722622E-04    0.1717598E-03   -0.9829481E-04    0.7937964E-07    0.4918694E-06    0.1941122E-03    0.2522660E-02    0.9266795E-03
   -0.1517753E-04    0.1140943E-01   -0.1384615E-02   -0.4862916E-01   -0.4924760E-01   -0.6730430E-01   -0.1416938E+00   -0.9086145E-01    0.3273445E-01    0.3776894E+04    0.1684936E+03   -0.1458961E+03    0.7546367E+02    0.1178031E+03   -0.7414402E+02   -0.8339799E+00   -0.2167546E+00    0.9388754E+00    0.5263097E-03   -0.7037178E-03    0.3755173E-02   -0.1288464E+02    0.1789446E+02
   -0.3253512E-03    0.4095629E-02   -0.4827011E-03   -0.2067749E-01   -0.2032704E-01   -0.7430542E-02   -0.4440843E-01   -0.4532822E-01    0.9516662E-03    0.1684936E+03    0.1954369E+03    0.2958638E+02   -0.3387588E+02    0.7958427E+01   -0.8229480E+01   -0.1392383E+00    0.1906496E+00    0.9642332E-01    0.7958278E-04    0.1332569E-02    0.1117395E+01   -0.1206545E+02    0.7893135E+00
   -0.3537494E-03    0.3194152E-02   -0.1390356E-03   -0.3683427E-02    0.7321785E-02    0.9369303E-02    0.1730004E-01    0.4641738E-02   -0.5892261E-02   -0.1458961E+03    0.2958638E+02    0.2867530E+03   -0.2540596E+02   -0.1168818E+03    0.3599353E+01    0.7345382E-01   -0.1671574E+01   -0.9593172E+00   -0.9650719E-04   -0.2823303E-02    0.5662531E+00   -0.1128380E+02    0.9372488E+00
    0.9933973E-04   -0.7118320E-03    0.1318593E-03   -0.2737831E-02   -0.8281595E-02   -0.2968910E-02   -0.1257438E-01   -0.1179059E-01   -0.6503793E-02    0.7546367E+02   -0.3387588E+02   -0.2540596E+02    0.2933516E+02    0.1550034E+02   -0.2040308E+01   -0.6962042E-02    0.1413093E+00    0.9579821E-01   -0.5923532E-04   -0.3911049E-03    0.9587849E-01   -0.2060722E+00   -0.3777904E+00
    0.1106617E-03   -0.5790997E-03   -0.3071419E-04   -0.6429912E-02   -0.1359103E-01   -0.6429181E-02   -0.2949049E-01   -0.2517866E-01   -0.1881488E-02    0.1178031E+03    0.7958427E+01   -0.1168818E+03    0.1550034E+02    0.6211932E+02   -0.1434162E+01    0.1074926E-01    0.8286026E+00    0.5919912E+00    0.3498007E-05    0.1458187E-02   -0.3241849E+00   -0.5797566E+00   -0.1713984E+00
    0.2946043E-04   -0.6569761E-04    0.2106294E-04   -0.1046282E-02   -0.2542577E-02   -0.8554163E-04   -0.1637609E-02   -0.1910828E-02    0.3736953E-03   -0.7414402E+02   -0.8229480E+01    0.3599353E+01   -0.2040308E+01   -0.1434162E+01    0.7761306E+01    0.4299238E-01    0.2515438E+00   -0.4089457E-01    0.1656308E-04   -0.1984030E-03   -0.6939355E-01    0.8242776E-02    0.1550766E+00
   -0.6836115E-06    0.6092813E-05   -0.3284405E-06    0.9361725E-05    0.5083921E-04    0.2261264E-04    0.6794274E-04    0.6215071E-04    0.1722622E-04   -0.8339799E+00   -0.1392383E+00    0.7345382E-01   -0.6962042E-02    0.1074926E-01    0.4299238E-01    0.6643334E-02   -0.5646975E-02    0.4541971E-02    0.8232668E-07   -0.6406733E-05    0.3720553E-02   -0.1188877E-01    0.4107599E-02
    0.4804703E-05   -0.1368324E-04    0.6337773E-06   -0.1570656E-03   -0.3623098E-03   -0.1587092E-03   -0.7794247E-03   -0.7064159E-03    0.1717598E-03   -0.2167546E+00    0.1906496E+00   -0.1671574E+01    0.1413093E+00    0.8286026E+00    0.2515438E+00   -0.5646975E-02    0.5082363E-01   -0.4263129E-02    0.2469943E-05    0.4101869E-04    0.1026243E-02   -0.3066203E-02   -0.5274083E-02
   -0.8628174E-06    0.5637534E-05   -0.2135377E-05   -0.2398976E-04   -0.9094294E-05   -0.7680950E-05   -0.6780788E-04   -0.4154284E-04   -0.9829481E-04    0.9388754E+00    0.9642332E-01   -0.9593172E+00    0.9579821E-01    0.5919912E+00   -0.4089457E-01    0.4541971E-02   -0.4263129E-02    0.1593715E-01   -0.4714163E-06    0.2096324E-05   -0.2103418E-02   -0.1019225E-01    0.7610559E-02
    0.3029880E-09   -0.1204251E-07   -0.4415927E-08    0.1788965E-06    0.3474781E-06   -0.9082091E-07    0.1544777E-06    0.2296077E-06    0.7937964E-07    0.5263097E-03    0.7958278E-04   -0.9650719E-04   -0.5923532E-04    0.3498007E-05    0.1656308E-04    0.8232668E-07    0.2469943E-05   -0.4714163E-06    0.1597890E-06    0.7964659E-08    0.4683307E-05    0.1184821E-04   -0.2002757E-04
    0.5855860E-08    0.3910333E-07   -0.2116679E-07   -0.4651701E-06   -0.4344663E-07    0.3237129E-06   -0.1194976E-05   -0.1376893E-05    0.4918694E-06   -0.7037178E-03    0.1332569E-02   -0.2823303E-02   -0.3911049E-03    0.1458187E-02   -0.1984030E-03   -0.6406733E-05    0.4101869E-04    0.2096324E-05    0.7964659E-08    0.1902756E-05    0.5481667E-05    0.2986565E-04    0.1155768E-03
   -0.8695775E-07    0.1898184E-04    0.3070199E-05    0.8775792E-04    0.2549760E-03   -0.9617126E-05    0.2180452E-03    0.2690366E-03    0.1941122E-03    0.3755173E-02    0.1117395E+01    0.5662531E+00    0.9587849E-01   -0.3241849E+00   -0.6939355E-01    0.3720553E-02    0.1026243E-02   -0.2103418E-02    0.4683307E-05    0.5481667E-05    0.8382706E-01    0.1431599E-01    0.4537735E-02
    0.4590327E-04   -0.2683587E-03    0.2088340E-04   -0.1178732E-02   -0.3237339E-02   -0.2193200E-02   -0.7607992E-02   -0.5247251E-02    0.2522660E-02   -0.1288464E+02   -0.1206545E+02   -0.1128380E+02   -0.2060722E+00   -0.5797566E+00    0.8242776E-02   -0.1188877E-01   -0.3066203E-02   -0.1019225E-01    0.1184821E-04    0.2986565E-04    0.1431599E-01    0.8308046E+01   -0.5501447E-02
   -0.3056847E-05    0.2150035E-03   -0.1891706E-04   -0.6025112E-03    0.1585408E-03   -0.2875969E-03   -0.1130483E-02   -0.6664159E-03    0.9266795E-03    0.1789446E+02    0.7893135E+00    0.9372488E+00   -0.3777904E+00   -0.1713984E+00    0.1550766E+00    0.4107599E-02   -0.5274083E-02    0.7610559E-02   -0.2002757E-04    0.1155768E-03    0.4537735E-02   -0.5501447E-02    0.3286008E+00
