# omegabh2 omegach2 theta tau ns nrun logA aps100 aps143 aps217 acib143 acib217 asz143 psr cibr ncib cal0 cal2 xi aksz bm_1_1 bm_1_2 bm_1_3 bm_1_4 bm_1_5 bm_2_1 bm_2_2 bm_2_3 bm_2_4 bm_2_5 bm_3_1 bm_3_2 bm_3_3 bm_3_4 bm_3_5 bm_4_1 bm_4_2 bm_4_3 bm_4_4 bm_4_5
    0.28213E-06   -0.12344E-05    0.24924E-06    0.25866E-04    0.51582E-05   -0.69341E-05    0.50117E-04   -0.34052E-02   -0.84462E-03   -0.19034E-03   -0.32889E-03   -0.38296E-03    0.16425E-04    0.94647E-06   -0.11118E-04   -0.11637E-05    0.17310E-08   -0.23762E-07    0.14122E-05   -0.96833E-04   -0.88043E-05   -0.68243E-05    0.97592E-05   -0.19913E-05   -0.68770E-05   -0.86606E-06    0.54937E-05    0.14297E-05    0.16901E-05    0.64718E-05   -0.41479E-05    0.55268E-05    0.20727E-05   -0.58122E-05    0.53469E-05   -0.38843E-05    0.83630E-06    0.58893E-05    0.13281E-05    0.79836E-06
   -0.12344E-05    0.98241E-05   -0.13194E-05   -0.13270E-03   -0.33589E-04    0.28151E-04   -0.24582E-03    0.16269E-01    0.44197E-02    0.11972E-02    0.14139E-02    0.18733E-02   -0.32381E-04    0.63079E-06    0.43668E-04    0.11142E-04   -0.19030E-07    0.15762E-06   -0.56519E-05    0.44673E-03    0.15252E-03   -0.71457E-05   -0.42691E-04    0.14340E-05    0.39804E-04    0.18962E-04    0.69634E-05   -0.39913E-05    0.27118E-04   -0.51491E-04   -0.14730E-04   -0.69180E-04   -0.67116E-05    0.33408E-04   -0.62222E-04    0.44124E-06    0.84982E-05   -0.39320E-05   -0.10491E-04    0.26273E-04
    0.24924E-06   -0.13194E-05    0.54399E-06    0.23430E-04    0.55184E-05   -0.55723E-05    0.44951E-04   -0.25463E-02   -0.70100E-03   -0.19228E-03   -0.23467E-03   -0.31670E-03   -0.52503E-05   -0.47089E-06   -0.10813E-04   -0.14012E-05    0.45956E-08   -0.29583E-07    0.24355E-06   -0.54717E-04   -0.12407E-04    0.39414E-05    0.12855E-04   -0.28224E-05   -0.43103E-05   -0.31341E-05   -0.66399E-05    0.97354E-06   -0.27307E-05    0.88062E-06    0.63522E-05    0.14018E-05   -0.73555E-05   -0.63794E-05    0.96828E-05    0.21496E-05   -0.81150E-06   -0.73850E-05   -0.37214E-05   -0.27571E-05
    0.25866E-04   -0.13270E-03    0.23430E-04    0.33497E-02    0.58188E-03   -0.80427E-03    0.64998E-02   -0.39916E+00   -0.54430E-01    0.12793E-01   -0.39496E-01   -0.43390E-01   -0.10352E-02    0.18485E-03   -0.13857E-02   -0.16283E-04    0.40481E-06   -0.22254E-05    0.12832E-03   -0.11240E-01   -0.72709E-03   -0.32112E-03    0.39498E-03   -0.47556E-03   -0.65628E-03    0.56253E-03    0.63446E-03   -0.34233E-03    0.24250E-04    0.81062E-03   -0.59378E-03    0.15340E-03    0.25956E-03   -0.93924E-03    0.39849E-03    0.11860E-03   -0.24722E-03    0.46865E-03    0.42282E-03   -0.22658E-03
    0.51582E-05   -0.33589E-04    0.55184E-05    0.58188E-03    0.15024E-03   -0.11558E-03    0.10989E-02   -0.14377E+00   -0.15823E-01    0.13813E-01   -0.15391E-01   -0.18230E-01   -0.13022E-03    0.60781E-04   -0.52562E-03   -0.59299E-04    0.35522E-07   -0.72776E-06    0.10932E-03   -0.58002E-02   -0.37160E-03   -0.73487E-04    0.35892E-05   -0.72830E-04   -0.18566E-03    0.29882E-03    0.14992E-03    0.67609E-05   -0.14952E-03    0.18760E-03   -0.11624E-03    0.76036E-04   -0.82033E-04   -0.60412E-04    0.49482E-05    0.15300E-03    0.37609E-04    0.16070E-03   -0.44859E-04   -0.16595E-03
   -0.69341E-05    0.28151E-04   -0.55723E-05   -0.80427E-03   -0.11558E-03    0.27317E-03   -0.15872E-02    0.26599E-01    0.35224E-02    0.85316E-02    0.14493E-02   -0.82676E-03    0.13162E-03   -0.99156E-05    0.40512E-04   -0.48327E-04   -0.61357E-07    0.32471E-07    0.76154E-04   -0.14056E-02   -0.36723E-03    0.73536E-04   -0.19146E-03    0.20721E-03    0.39021E-04    0.43964E-04   -0.21502E-03    0.11113E-03   -0.81824E-04   -0.16766E-03   -0.17975E-04   -0.46154E-05   -0.21326E-03    0.35696E-03   -0.32069E-04   -0.83975E-05    0.10984E-03   -0.21048E-03   -0.17466E-03    0.29963E-04
    0.50117E-04   -0.24582E-03    0.44951E-04    0.64998E-02    0.10989E-02   -0.15872E-02    0.12655E-01   -0.78257E+00   -0.91730E-01    0.34730E-01   -0.79843E-01   -0.85053E-01   -0.33866E-02    0.40344E-03   -0.28509E-02    0.44721E-04    0.83682E-06   -0.38179E-05    0.25359E-03   -0.22387E-01   -0.30777E-03   -0.43700E-03    0.79667E-03   -0.94416E-03   -0.12251E-02    0.14675E-02    0.14340E-02   -0.71866E-03    0.15247E-03    0.13886E-02   -0.12099E-02    0.21980E-03    0.46047E-03   -0.19753E-02    0.57575E-03    0.43579E-03   -0.30202E-03    0.10263E-02    0.94555E-03   -0.38408E-03
   -0.34052E-02    0.16269E-01   -0.25463E-02   -0.39916E+00   -0.14377E+00    0.26599E-01   -0.78257E+00    0.27558E+04    0.57867E+02   -0.15877E+03    0.12218E+03    0.11258E+03   -0.72218E+02   -0.10949E+01    0.34770E+00    0.13775E+01    0.74718E-03   -0.20159E-02   -0.59028E+00   -0.87638E+01    0.10543E+02   -0.10123E+02    0.24153E+00    0.81630E+00   -0.34215E+00   -0.10352E+01   -0.50743E+01   -0.92012E+00    0.91006E+00   -0.58696E+00    0.17426E+01   -0.43404E+00    0.34261E+00    0.42270E+00   -0.28573E+01    0.10875E+01   -0.21329E+01   -0.25770E+01   -0.47334E+00    0.40265E+01
   -0.84462E-03    0.44197E-02   -0.70100E-03   -0.54430E-01   -0.15823E-01    0.35224E-02   -0.91730E-01    0.57867E+02    0.17841E+03    0.49179E+02   -0.31150E+02   -0.78539E+01   -0.73283E+01   -0.28392E+00   -0.88995E-01   -0.16375E+00    0.11426E-03    0.31957E-02    0.11192E+01   -0.11210E+02    0.12704E+01    0.54459E+00    0.22341E+00    0.18417E+00   -0.98651E-02   -0.17526E+01   -0.66111E+00   -0.92618E-01   -0.44078E+00   -0.47494E+00    0.12420E+01    0.14198E+00    0.25293E+00   -0.23283E+00    0.24937E-01   -0.42998E+00   -0.36085E+00   -0.31984E+00    0.30881E+00   -0.30389E+00
   -0.19034E-03    0.11972E-02   -0.19228E-03    0.12793E-01    0.13813E-01    0.85316E-02    0.34730E-01   -0.15877E+03    0.49179E+02    0.19976E+03   -0.31721E+02   -0.70385E+02    0.47400E+01   -0.55116E-01   -0.92806E+00   -0.10398E+01    0.91772E-04   -0.42182E-02    0.27038E+00   -0.10981E+02    0.13825E+01    0.10290E+01   -0.92273E-01   -0.28667E-01   -0.75178E-01    0.11568E+01    0.33488E+00   -0.23068E+00   -0.52231E+00    0.22366E-01   -0.11737E+01    0.86335E+00   -0.37920E+00    0.32279E+00    0.24191E+00    0.81481E-01    0.31360E+00    0.15917E+00    0.20165E+00   -0.63044E+00
   -0.32889E-03    0.14139E-02   -0.23467E-03   -0.39496E-01   -0.15391E-01    0.14493E-02   -0.79843E-01    0.12218E+03   -0.31150E+02   -0.31721E+02    0.25816E+02    0.17648E+02   -0.26110E+01    0.21993E-01    0.21818E+00    0.22650E+00   -0.99045E-04   -0.10820E-02    0.39351E-01   -0.29349E+00   -0.93851E+00   -0.58118E+00   -0.14263E+00   -0.75265E-01    0.32715E-01    0.73671E+00    0.87924E-01   -0.85242E-02    0.24741E+00    0.11087E+00   -0.35223E+00   -0.11558E+00   -0.88032E-01    0.51969E-01    0.67789E-01    0.31038E+00    0.11888E+00   -0.45165E-01   -0.94501E-01    0.32795E+00
   -0.38296E-03    0.18733E-02   -0.31670E-03   -0.43390E-01   -0.18230E-01   -0.82676E-03   -0.85053E-01    0.11258E+03   -0.78539E+01   -0.70385E+02    0.17648E+02    0.34297E+02   -0.23928E+01    0.72928E-01    0.41705E+00    0.52891E+00   -0.41908E-04    0.18249E-02   -0.16707E+00   -0.39707E+00   -0.51947E+00   -0.51335E+00    0.43164E-01   -0.67669E-01    0.28624E-01   -0.42573E+00   -0.14696E+00    0.62360E-01    0.31295E+00   -0.11960E+00    0.42138E+00   -0.52164E+00    0.13348E+00   -0.28505E+00   -0.74326E-01   -0.41679E-01   -0.13354E+00   -0.12383E+00   -0.36222E-01    0.37755E+00
    0.16425E-04   -0.32381E-04   -0.52503E-05   -0.10352E-02   -0.13022E-03    0.13162E-03   -0.33866E-02   -0.72218E+02   -0.73283E+01    0.47400E+01   -0.26110E+01   -0.23928E+01    0.77253E+01    0.52493E-01    0.27059E+00   -0.13879E+00    0.21675E-04    0.16109E-05   -0.16094E-01   -0.22492E+00    0.19782E+00    0.10861E+00    0.65355E-01   -0.61130E-01   -0.73125E-02   -0.51061E-01    0.17134E-01   -0.24995E-01   -0.71568E-01    0.17036E-02   -0.81121E-01    0.36864E-01    0.44694E-01   -0.38390E-01    0.19391E-01   -0.80558E-01   -0.37831E-01    0.88149E-02   -0.11864E-01   -0.50201E-01
    0.94647E-06    0.63079E-06   -0.47089E-06    0.18485E-03    0.60781E-04   -0.99156E-05    0.40344E-03   -0.10949E+01   -0.28392E+00   -0.55116E-01    0.21993E-01    0.72928E-01    0.52493E-01    0.84705E-02   -0.62198E-02    0.77406E-02    0.57096E-06   -0.23021E-04    0.39645E-02   -0.18144E-01    0.84527E-02    0.48564E-02    0.12928E-02   -0.27658E-02   -0.47364E-03    0.81200E-02    0.10763E-02    0.21590E-03   -0.31361E-02   -0.12317E-02   -0.11749E-01    0.60106E-04   -0.46965E-03   -0.33879E-02   -0.18026E-03   -0.18087E-02    0.12789E-02   -0.28510E-02   -0.47006E-02   -0.20843E-02
   -0.11118E-04    0.43668E-04   -0.10813E-04   -0.13857E-02   -0.52562E-03    0.40512E-04   -0.28509E-02    0.34770E+00   -0.88995E-01   -0.92806E+00    0.21818E+00    0.41705E+00    0.27059E+00   -0.62198E-02    0.47005E-01   -0.12017E-01    0.69941E-06    0.91596E-04    0.17018E-02   -0.16985E-01   -0.14959E-01   -0.65760E-02    0.58649E-02   -0.31458E-02    0.33128E-02   -0.27584E-01   -0.72041E-02    0.46121E-02    0.15717E-02    0.42332E-02    0.26921E-01   -0.31089E-03    0.81065E-02    0.28456E-02    0.11465E-02   -0.24034E-02   -0.53811E-02    0.41477E-02    0.11203E-02   -0.14841E-03
   -0.11637E-05    0.11142E-04   -0.14012E-05   -0.16283E-04   -0.59299E-04   -0.48327E-04    0.44721E-04    0.13775E+01   -0.16375E+00   -0.10398E+01    0.22650E+00    0.52891E+00   -0.13879E+00    0.77406E-02   -0.12017E-01    0.21292E-01   -0.27694E-06   -0.16089E-04   -0.18700E-02    0.17290E-03    0.54208E-02   -0.77337E-02   -0.12427E-02   -0.35602E-02   -0.33880E-03    0.54618E-02    0.53062E-02   -0.46902E-02    0.90920E-02   -0.93779E-02   -0.13470E-01   -0.18132E-01    0.63934E-03   -0.15278E-01   -0.66351E-02   -0.52487E-02   -0.17535E-02   -0.55911E-03    0.37075E-02    0.13216E-01
    0.17310E-08   -0.19030E-07    0.45956E-08    0.40481E-06    0.35522E-07   -0.61357E-07    0.83682E-06    0.74718E-03    0.11426E-03    0.91772E-04   -0.99045E-04   -0.41908E-04    0.21675E-04    0.57096E-06    0.69941E-06   -0.27694E-06    0.15681E-06    0.14720E-07    0.16400E-06    0.44636E-05   -0.19561E-04   -0.16026E-04    0.40207E-06   -0.48761E-05    0.38077E-05    0.86291E-05    0.53695E-05   -0.33622E-05    0.12520E-05    0.49064E-05    0.64894E-05   -0.10986E-05    0.91814E-06    0.12997E-05    0.15037E-05    0.11246E-04   -0.52171E-06    0.41058E-05    0.37005E-05   -0.43209E-06
   -0.23762E-07    0.15762E-06   -0.29583E-07   -0.22254E-05   -0.72776E-06    0.32471E-07   -0.38179E-05   -0.20159E-02    0.31957E-02   -0.42182E-02   -0.10820E-02    0.18249E-02    0.16109E-05   -0.23021E-04    0.91596E-04   -0.16089E-04    0.14720E-07    0.16764E-05   -0.92721E-05   -0.25907E-04    0.10161E-03    0.39612E-04    0.18058E-04   -0.14718E-05    0.26200E-05    0.20795E-03    0.16556E-04    0.30986E-04    0.17692E-04    0.28416E-04   -0.21454E-03   -0.40308E-04   -0.42333E-04   -0.68739E-05   -0.19891E-04    0.51526E-05    0.41227E-04   -0.18367E-04   -0.62919E-04    0.79529E-05
    0.14122E-05   -0.56519E-05    0.24355E-06    0.12832E-03    0.10932E-03    0.76154E-04    0.25359E-03   -0.59028E+00    0.11192E+01    0.27038E+00    0.39351E-01   -0.16707E+00   -0.16094E-01    0.39645E-02    0.17018E-02   -0.18700E-02    0.16400E-06   -0.92721E-05    0.82825E-01    0.72455E-02    0.16364E-02    0.12672E-02   -0.22158E-03   -0.14919E-02    0.56836E-02   -0.98082E-03   -0.29843E-02   -0.31984E-02   -0.70401E-03   -0.47629E-02   -0.11109E-02   -0.68054E-03   -0.30475E-02    0.13256E-02   -0.41841E-03   -0.14528E-02   -0.27706E-03   -0.24780E-02    0.28487E-02   -0.11477E-02
   -0.96833E-04    0.44673E-03   -0.54717E-04   -0.11240E-01   -0.58002E-02   -0.14056E-02   -0.22387E-01   -0.87638E+01   -0.11210E+02   -0.10981E+02   -0.29349E+00   -0.39707E+00   -0.22492E+00   -0.18144E-01   -0.16985E-01    0.17290E-03    0.44636E-05   -0.25907E-04    0.72455E-02    0.80600E+01    0.26214E-01    0.23990E-01    0.19124E-01    0.34784E-01    0.53590E-01   -0.12372E-01    0.38718E-01   -0.10316E-01    0.52095E-01    0.13707E-01    0.18880E-01   -0.21947E-01    0.48208E-02    0.59685E-02   -0.39660E-01    0.51880E-04   -0.18713E-02    0.23434E-01    0.34604E-01    0.22904E-01
   -0.88043E-05    0.15252E-03   -0.12407E-04   -0.72709E-03   -0.37160E-03   -0.36723E-03   -0.30777E-03    0.10543E+02    0.12704E+01    0.13825E+01   -0.93851E+00   -0.51947E+00    0.19782E+00    0.84527E-02   -0.14959E-01    0.54208E-02   -0.19561E-04    0.10161E-03    0.16364E-02    0.26214E-01    0.70644E+00   -0.11177E+00    0.21342E-01    0.13054E-01   -0.97139E-03    0.18175E+00   -0.40375E-01   -0.44215E-01   -0.18599E-01   -0.67014E-01    0.22988E-01    0.42592E-01   -0.25825E-01   -0.56190E-01   -0.12851E+00    0.15789E+00    0.34170E-01   -0.90774E-02    0.29966E-01    0.66908E-01
   -0.68243E-05   -0.71457E-05    0.39414E-05   -0.32112E-03   -0.73487E-04    0.73536E-04   -0.43700E-03   -0.10123E+02    0.54459E+00    0.10290E+01   -0.58118E+00   -0.51335E+00    0.10861E+00    0.48564E-02   -0.65760E-02   -0.77337E-02   -0.16026E-04    0.39612E-04    0.12672E-02    0.23990E-01   -0.11177E+00    0.94666E+00   -0.14980E-02    0.87850E-02    0.43863E-02   -0.15672E+00    0.19797E+00    0.56460E-01   -0.21840E-01    0.56699E-01   -0.13054E+00    0.24204E-01    0.18648E-01    0.14897E-01    0.16333E+00   -0.23396E+00    0.30060E-01    0.11919E+00    0.14387E-01   -0.21846E+00
    0.97592E-05   -0.42691E-04    0.12855E-04    0.39498E-03    0.35892E-05   -0.19146E-03    0.79667E-03    0.24153E+00    0.22341E+00   -0.92273E-01   -0.14263E+00    0.43164E-01    0.65355E-01    0.12928E-02    0.58649E-02   -0.12427E-02    0.40207E-06    0.18058E-04   -0.22158E-03    0.19124E-01    0.21342E-01   -0.14980E-02    0.98422E+00    0.20982E-01    0.43627E-02   -0.55675E-01   -0.16991E-01    0.15305E+00   -0.31540E-01    0.81450E-01    0.71595E-02    0.49548E-01   -0.62939E-02   -0.16417E-01    0.10767E+00   -0.50367E-01    0.18705E-01    0.32989E-01   -0.16636E+00    0.85007E-01
   -0.19913E-05    0.14340E-05   -0.28224E-05   -0.47556E-03   -0.72830E-04    0.20721E-03   -0.94416E-03    0.81630E+00    0.18417E+00   -0.28667E-01   -0.75265E-01   -0.67669E-01   -0.61130E-01   -0.27658E-02   -0.31458E-02   -0.35602E-02   -0.48761E-05   -0.14718E-05   -0.14919E-02    0.34784E-01    0.13054E-01    0.87850E-02    0.20982E-01    0.10115E+01   -0.32953E-02    0.53775E-01   -0.78213E-01    0.78765E-01   -0.92400E-01    0.49601E-01    0.68000E-01    0.10590E+00    0.30319E-01    0.14580E+00   -0.10445E+00    0.82674E-01    0.44114E-01    0.26215E-02   -0.12307E+00    0.48297E-01
   -0.68770E-05    0.39804E-04   -0.43103E-05   -0.65628E-03   -0.18566E-03    0.39021E-04   -0.12251E-02   -0.34215E+00   -0.98651E-02   -0.75178E-01    0.32715E-01    0.28624E-01   -0.73125E-02   -0.47364E-03    0.33128E-02   -0.33880E-03    0.38077E-05    0.26200E-05    0.56836E-02    0.53590E-01   -0.97139E-03    0.43863E-02    0.43627E-02   -0.32953E-02    0.99372E+00    0.25222E-01    0.50569E-01   -0.49671E-01    0.42965E-01    0.82568E-01    0.65937E-01   -0.87758E-01   -0.68951E-01    0.53587E-01    0.59857E-01    0.90426E-01   -0.89167E-01    0.95423E-01   -0.22796E-01   -0.94529E-02
   -0.86606E-06    0.18962E-04   -0.31341E-05    0.56253E-03    0.29882E-03    0.43964E-04    0.14675E-02   -0.10352E+01   -0.17526E+01    0.11568E+01    0.73671E+00   -0.42573E+00   -0.51061E-01    0.81200E-02   -0.27584E-01    0.54618E-02    0.86291E-05    0.20795E-03   -0.98082E-03   -0.12372E-01    0.18175E+00   -0.15672E+00   -0.55675E-01    0.53775E-01    0.25222E-01    0.87844E+00   -0.19195E-01    0.11161E-01   -0.14712E-01   -0.17010E-01    0.21178E-01    0.12618E+00   -0.96757E-01   -0.51200E-02   -0.68280E-01    0.65654E+00    0.26444E+00   -0.65358E-01   -0.57299E-01    0.84108E-01
    0.54937E-05    0.69634E-05   -0.66399E-05    0.63446E-03    0.14992E-03   -0.21502E-03    0.14340E-02   -0.50743E+01   -0.66111E+00    0.33488E+00    0.87924E-01   -0.14696E+00    0.17134E-01    0.10763E-02   -0.72041E-02    0.53062E-02    0.53695E-05    0.16556E-04   -0.29843E-02    0.38718E-01   -0.40375E-01    0.19797E+00   -0.16991E-01   -0.78213E-01    0.50569E-01   -0.19195E-01    0.99056E+00    0.93650E-03   -0.19533E-02    0.13368E-01    0.38168E-01   -0.10616E-01   -0.40438E-01   -0.50198E-02    0.15649E+00   -0.87165E-01    0.23955E+00    0.77445E+00    0.28094E+00   -0.19413E+00
    0.14297E-05   -0.39913E-05    0.97354E-06   -0.34233E-03    0.67609E-05    0.11113E-03   -0.71866E-03   -0.92012E+00   -0.92618E-01   -0.23068E+00   -0.85242E-02    0.62360E-01   -0.24995E-01    0.21590E-03    0.46121E-02   -0.46902E-02   -0.33622E-05    0.30986E-04   -0.31984E-02   -0.10316E-01   -0.44215E-01    0.56460E-01    0.15305E+00    0.78765E-01   -0.49671E-01    0.11161E-01    0.93650E-03    0.99232E+00   -0.15547E-01   -0.18274E-01    0.82738E-01   -0.54101E-01    0.13774E+00    0.14628E+00   -0.13431E+00   -0.18192E+00    0.63774E+00    0.13594E+00   -0.62034E+00    0.16393E+00
    0.16901E-05    0.27118E-04   -0.27307E-05    0.24250E-04   -0.14952E-03   -0.81824E-04    0.15247E-03    0.91006E+00   -0.44078E+00   -0.52231E+00    0.24741E+00    0.31295E+00   -0.71568E-01   -0.31361E-02    0.15717E-02    0.90920E-02    0.12520E-05    0.17692E-04   -0.70401E-03    0.52095E-01   -0.18599E-01   -0.21840E-01   -0.31540E-01   -0.92400E-01    0.42965E-01   -0.14712E-01   -0.19533E-02   -0.15547E-01    0.96004E+00   -0.83850E-02   -0.56197E-02   -0.87641E-01   -0.14994E+00   -0.34552E-01   -0.74891E-01   -0.63610E-01    0.72353E-01   -0.60931E-01    0.31339E+00    0.64639E+00
    0.64718E-05   -0.51491E-04    0.88062E-06    0.81062E-03    0.18760E-03   -0.16766E-03    0.13886E-02   -0.58696E+00   -0.47494E+00    0.22366E-01    0.11087E+00   -0.11960E+00    0.17036E-02   -0.12317E-02    0.42332E-02   -0.93779E-02    0.49064E-05    0.28416E-04   -0.47629E-02    0.13707E-01   -0.67014E-01    0.56699E-01    0.81450E-01    0.49601E-01    0.82568E-01   -0.17010E-01    0.13368E-01   -0.18274E-01   -0.83850E-02    0.99993E+00   -0.66203E-01    0.89515E-01    0.25147E-01    0.17506E+00    0.19857E-01    0.11242E+00   -0.56921E+00    0.39605E+00   -0.33896E+00    0.20087E+00
   -0.41479E-05   -0.14730E-04    0.63522E-05   -0.59378E-03   -0.11624E-03   -0.17975E-04   -0.12099E-02    0.17426E+01    0.12420E+01   -0.11737E+01   -0.35223E+00    0.42138E+00   -0.81121E-01   -0.11749E-01    0.26921E-01   -0.13470E-01    0.64894E-05   -0.21454E-03   -0.11109E-02    0.18880E-01    0.22988E-01   -0.13054E+00    0.71595E-02    0.68000E-01    0.65937E-01    0.21178E-01    0.38168E-01    0.82738E-01   -0.56197E-02   -0.66203E-01    0.90294E+00   -0.44966E-02   -0.24204E-01    0.21182E-02   -0.20383E-02    0.58550E+00    0.17141E+00    0.11440E+00    0.52890E-01   -0.70754E-01
    0.55268E-05   -0.69180E-04    0.14018E-05    0.15340E-03    0.76036E-04   -0.46154E-05    0.21980E-03   -0.43404E+00    0.14198E+00    0.86335E+00   -0.11558E+00   -0.52164E+00    0.36864E-01    0.60106E-04   -0.31089E-03   -0.18132E-01   -0.10986E-05   -0.40308E-04   -0.68054E-03   -0.21947E-01    0.42592E-01    0.24204E-01    0.49548E-01    0.10590E+00   -0.87758E-01    0.12618E+00   -0.10616E-01   -0.54101E-01   -0.87641E-01    0.89515E-01   -0.44966E-02    0.96936E+00    0.15155E-01    0.21731E-02   -0.26860E-01    0.99384E-01    0.14975E+00   -0.40618E-02    0.14347E+00    0.15781E+00
    0.20727E-05   -0.67116E-05   -0.73555E-05    0.25956E-03   -0.82033E-04   -0.21326E-03    0.46047E-03    0.34261E+00    0.25293E+00   -0.37920E+00   -0.88032E-01    0.13348E+00    0.44694E-01   -0.46965E-03    0.81065E-02    0.63934E-03    0.91814E-06   -0.42333E-04   -0.30475E-02    0.48208E-02   -0.25825E-01    0.18648E-01   -0.62939E-02    0.30319E-01   -0.68951E-01   -0.96757E-01   -0.40438E-01    0.13774E+00   -0.14994E+00    0.25147E-01   -0.24204E-01    0.15155E-01    0.99648E+00   -0.14237E-01    0.86301E-02   -0.13003E+00    0.56400E-01    0.16505E+00    0.39338E-01   -0.64645E-01
   -0.58122E-05    0.33408E-04   -0.63794E-05   -0.93924E-03   -0.60412E-04    0.35696E-03   -0.19753E-02    0.42270E+00   -0.23283E+00    0.32279E+00    0.51969E-01   -0.28505E+00   -0.38390E-01   -0.33879E-02    0.28456E-02   -0.15278E-01    0.12997E-05   -0.68739E-05    0.13256E-02    0.59685E-02   -0.56190E-01    0.14897E-01   -0.16417E-01    0.14580E+00    0.53587E-01   -0.51200E-02   -0.50198E-02    0.14628E+00   -0.34552E-01    0.17506E+00    0.21182E-02    0.21731E-02   -0.14237E-01    0.10114E+01   -0.66001E-02   -0.17047E-01    0.19061E-01    0.14365E+00   -0.26478E+00    0.12048E+00
    0.53469E-05   -0.62222E-04    0.96828E-05    0.39849E-03    0.49482E-05   -0.32069E-04    0.57575E-03   -0.28573E+01    0.24937E-01    0.24191E+00    0.67789E-01   -0.74326E-01    0.19391E-01   -0.18026E-03    0.11465E-02   -0.66351E-02    0.15037E-05   -0.19891E-04   -0.41841E-03   -0.39660E-01   -0.12851E+00    0.16333E+00    0.10767E+00   -0.10445E+00    0.59857E-01   -0.68280E-01    0.15649E+00   -0.13431E+00   -0.74891E-01    0.19857E-01   -0.20383E-02   -0.26860E-01    0.86301E-02   -0.66001E-02    0.98832E+00   -0.41166E-01   -0.61206E-01    0.39049E-01    0.17003E+00   -0.89962E-01
   -0.38843E-05    0.44124E-06    0.21496E-05    0.11860E-03    0.15300E-03   -0.83975E-05    0.43579E-03    0.10875E+01   -0.42998E+00    0.81481E-01    0.31038E+00   -0.41679E-01   -0.80558E-01   -0.18087E-02   -0.24034E-02   -0.52487E-02    0.11246E-04    0.51526E-05   -0.14528E-02    0.51880E-04    0.15789E+00   -0.23396E+00   -0.50367E-01    0.82674E-01    0.90426E-01    0.65654E+00   -0.87165E-01   -0.18192E+00   -0.63610E-01    0.11242E+00    0.58550E+00    0.99384E-01   -0.13003E+00   -0.17047E-01   -0.41166E-01    0.96068E+00   -0.84264E-03   -0.39066E-02    0.31561E-02   -0.34041E-02
    0.83630E-06    0.84982E-05   -0.81150E-06   -0.24722E-03    0.37609E-04    0.10984E-03   -0.30202E-03   -0.21329E+01   -0.36085E+00    0.31360E+00    0.11888E+00   -0.13354E+00   -0.37831E-01    0.12789E-02   -0.53811E-02   -0.17535E-02   -0.52171E-06    0.41227E-04   -0.27706E-03   -0.18713E-02    0.34170E-01    0.30060E-01    0.18705E-01    0.44114E-01   -0.89167E-01    0.26444E+00    0.23955E+00    0.63774E+00    0.72353E-01   -0.56921E+00    0.17141E+00    0.14975E+00    0.56400E-01    0.19061E-01   -0.61206E-01   -0.84264E-03    0.99531E+00   -0.90032E-02   -0.33949E-02   -0.14547E-02
    0.58893E-05   -0.39320E-05   -0.73850E-05    0.46865E-03    0.16070E-03   -0.21048E-03    0.10263E-02   -0.25770E+01   -0.31984E+00    0.15917E+00   -0.45165E-01   -0.12383E+00    0.88149E-02   -0.28510E-02    0.41477E-02   -0.55911E-03    0.41058E-05   -0.18367E-04   -0.24780E-02    0.23434E-01   -0.90774E-02    0.11919E+00    0.32989E-01    0.26215E-02    0.95423E-01   -0.65358E-01    0.77445E+00    0.13594E+00   -0.60931E-01    0.39605E+00    0.11440E+00   -0.40618E-02    0.16505E+00    0.14365E+00    0.39049E-01   -0.39066E-02   -0.90032E-02    0.99260E+00   -0.21415E-01   -0.16071E-01
    0.13281E-05   -0.10491E-04   -0.37214E-05    0.42282E-03   -0.44859E-04   -0.17466E-03    0.94555E-03   -0.47334E+00    0.30881E+00    0.20165E+00   -0.94501E-01   -0.36222E-01   -0.11864E-01   -0.47006E-02    0.11203E-02    0.37075E-02    0.37005E-05   -0.62919E-04    0.28487E-02    0.34604E-01    0.29966E-01    0.14387E-01   -0.16636E+00   -0.12307E+00   -0.22796E-01   -0.57299E-01    0.28094E+00   -0.62034E+00    0.31339E+00   -0.33896E+00    0.52890E-01    0.14347E+00    0.39338E-01   -0.26478E+00    0.17003E+00    0.31561E-02   -0.33949E-02   -0.21415E-01    0.98751E+00    0.81408E-02
    0.79836E-06    0.26273E-04   -0.27571E-05   -0.22658E-03   -0.16595E-03    0.29963E-04   -0.38408E-03    0.40265E+01   -0.30389E+00   -0.63044E+00    0.32795E+00    0.37755E+00   -0.50201E-01   -0.20843E-02   -0.14841E-03    0.13216E-01   -0.43209E-06    0.79529E-05   -0.11477E-02    0.22904E-01    0.66908E-01   -0.21846E+00    0.85007E-01    0.48297E-01   -0.94529E-02    0.84108E-01   -0.19413E+00    0.16393E+00    0.64639E+00    0.20087E+00   -0.70754E-01    0.15781E+00   -0.64645E-01    0.12048E+00   -0.89962E-01   -0.34041E-02   -0.14547E-02   -0.16071E-01    0.81408E-02    0.96040E+00
