# omegabh2 omegach2 theta tau Alens logA ns galfTE100 galfTE100143 galfTE100217 galfTE143 galfTE143217 galfTE217 calib_100TE calib_217TE
    0.9234218E-07   -0.3372211E-06    0.4670523E-07    0.8644415E-06    0.3116407E-04    0.3146113E-05    0.2966713E-05   -0.5694827E-05   -0.6448221E-05   -0.6875802E-05   -0.1050749E-04   -0.1292765E-04   -0.1851578E-04    0.2010530E-07   -0.2309312E-07
   -0.3372211E-06    0.4294587E-05   -0.3428727E-06   -0.4768247E-05   -0.1402949E-03   -0.5283078E-05   -0.1480729E-04    0.3714551E-04    0.4605851E-04    0.4995658E-04    0.8143293E-04    0.1013279E-03    0.1445283E-03   -0.4545451E-07    0.9355936E-07
    0.4670523E-07   -0.3428727E-06    0.2440374E-06    0.4746042E-06    0.1365981E-04    0.1024791E-05    0.1673217E-05   -0.3689865E-05   -0.4952840E-05   -0.5541816E-05   -0.6906852E-05   -0.8683041E-05   -0.1354393E-04    0.1554354E-07   -0.4233524E-07
    0.8644415E-06   -0.4768247E-05    0.4746042E-06    0.1950979E-03    0.5996719E-04    0.4044124E-03    0.5607535E-04   -0.8076088E-04   -0.6198551E-04   -0.5809524E-04   -0.1024853E-03   -0.9442228E-04   -0.8824960E-04    0.5700440E-06    0.1623193E-05
    0.3116407E-04   -0.1402949E-03    0.1365981E-04    0.5996719E-04    0.2945570E-01    0.1243419E-02    0.1526277E-02   -0.1246294E-02   -0.8861204E-03   -0.9690722E-03   -0.1385529E-02   -0.1436669E-02   -0.1860085E-02    0.3113833E-06   -0.1125571E-04
    0.3146113E-05   -0.5283078E-05    0.1024791E-05    0.4044124E-03    0.1243419E-02    0.9602793E-03    0.1848207E-03   -0.1070263E-03    0.1562376E-04    0.5324796E-04    0.1052902E-03    0.1990526E-03    0.3149312E-03   -0.5426463E-05   -0.1498186E-05
    0.2966713E-05   -0.1480729E-04    0.1673217E-05    0.5607535E-04    0.1526277E-02    0.1848207E-03    0.1690300E-03   -0.2056454E-03   -0.1606421E-03   -0.1519856E-03   -0.2267649E-03   -0.2527258E-03   -0.3429378E-03    0.4292667E-06   -0.1493482E-05
   -0.5694827E-05    0.3714551E-04   -0.3689865E-05   -0.8076088E-04   -0.1246294E-02   -0.1070263E-03   -0.2056454E-03    0.1670866E-01    0.1160033E-01    0.1276891E-01    0.4737875E-02    0.5236034E-02    0.6596040E-02    0.9459119E-05    0.4474631E-05
   -0.6448221E-05    0.4605851E-04   -0.4952840E-05   -0.6198551E-04   -0.8861204E-03    0.1562376E-04   -0.1606421E-03    0.1160033E-01    0.1670420E-01    0.1789915E-01    0.1446735E-01    0.1447841E-01    0.1401079E-01    0.1510652E-04    0.2430821E-05
   -0.6875802E-05    0.4995658E-04   -0.5541816E-05   -0.5809524E-04   -0.9690722E-03    0.5324796E-04   -0.1519856E-03    0.1276891E-01    0.1789915E-01    0.3128212E-01    0.9899219E-02    0.1822814E-01    0.3044102E-01   -0.2054662E-05   -0.8344932E-05
   -0.1050749E-04    0.8143293E-04   -0.6906852E-05   -0.1024853E-03   -0.1385529E-02    0.1052902E-03   -0.2267649E-03    0.4737875E-02    0.1446735E-01    0.9899219E-02    0.3424106E-01    0.3232322E-01    0.2555764E-01   -0.6077188E-04   -0.1478067E-04
   -0.1292765E-04    0.1013279E-03   -0.8683041E-05   -0.9442228E-04   -0.1436669E-02    0.1990526E-03   -0.2527258E-03    0.5236034E-02    0.1447841E-01    0.1822814E-01    0.3232322E-01    0.4367751E-01    0.5633263E-01   -0.6808399E-04   -0.1121386E-04
   -0.1851578E-04    0.1445283E-03   -0.1354393E-04   -0.8824960E-04   -0.1860085E-02    0.3149312E-03   -0.3429378E-03    0.6596040E-02    0.1401079E-01    0.3044102E-01    0.2555764E-01    0.5633263E-01    0.1246849E+00   -0.4955973E-04    0.6687912E-04
    0.2010530E-07   -0.4545451E-07    0.1554354E-07    0.5700440E-06    0.3113833E-06   -0.5426463E-05    0.4292667E-06    0.9459119E-05    0.1510652E-04   -0.2054662E-05   -0.6077188E-04   -0.6808399E-04   -0.4955973E-04    0.1791049E-04    0.2103088E-05
   -0.2309312E-07    0.9355936E-07   -0.4233524E-07    0.1623193E-05   -0.1125571E-04   -0.1498186E-05   -0.1493482E-05    0.4474631E-05    0.2430821E-05   -0.8344932E-05   -0.1478067E-04   -0.1121386E-04    0.6687912E-04    0.2103088E-05    0.1478286E-04
