# omegabh2 omegach2 theta tau nnu ns logA aps100 aps143 aps217 acib143 acib217 asz143 psr cibr ncib cal0 cal2 xi aksz bm_1_1 bm_1_2 bm_1_3 bm_1_4 bm_1_5 bm_2_1 bm_2_2 bm_2_3 bm_2_4 bm_2_5 bm_3_1 bm_3_2 bm_3_3 bm_3_4 bm_3_5 bm_4_1 bm_4_2 bm_4_3 bm_4_4 bm_4_5
    0.17435E-06    0.99276E-06   -0.41699E-07    0.26009E-05    0.12168E-03    0.58242E-05    0.75980E-05    0.19531E-02   -0.14059E-04   -0.42301E-03    0.24289E-03    0.28766E-03    0.42845E-04   -0.15605E-05    0.80828E-05   -0.41385E-06    0.33197E-08    0.26495E-07   -0.40848E-05    0.10393E-03    0.35694E-05   -0.14687E-04    0.15639E-05   -0.91800E-06   -0.17798E-05   -0.20119E-05   -0.54926E-05    0.80097E-05    0.32990E-05    0.22155E-05    0.47669E-06    0.78681E-06   -0.52583E-05   -0.25213E-05   -0.49874E-05   -0.16339E-05   -0.92405E-07   -0.17823E-06   -0.64796E-05    0.15783E-04
    0.99276E-06    0.29936E-04   -0.26711E-05    0.84480E-05    0.18933E-02    0.54137E-04    0.83791E-04    0.59846E-01    0.13452E-01   -0.34206E-02    0.60347E-02    0.89335E-02    0.25937E-03   -0.31415E-04    0.21421E-03    0.16240E-04    0.60261E-08    0.64250E-06   -0.11016E-03    0.20575E-02    0.27984E-03   -0.10317E-03    0.22208E-04   -0.87770E-04    0.26344E-04   -0.90556E-04   -0.59182E-04   -0.24342E-04   -0.12165E-04   -0.75210E-04    0.20182E-03   -0.61233E-04    0.86136E-04   -0.10624E-03    0.19259E-04    0.71614E-04   -0.34994E-04   -0.24135E-04    0.10240E-03    0.38822E-04
   -0.41699E-07   -0.26711E-05    0.55997E-06   -0.11095E-06   -0.16299E-03   -0.39827E-05   -0.58725E-05   -0.54946E-02   -0.12661E-02    0.21172E-03   -0.52952E-03   -0.77779E-03   -0.61822E-05    0.23506E-05   -0.17203E-04   -0.18963E-05    0.16576E-08   -0.40067E-07    0.86316E-05   -0.18739E-03   -0.24544E-04    0.58614E-05   -0.16087E-05    0.71022E-05   -0.12898E-05    0.98075E-05   -0.25156E-06    0.70708E-05   -0.69674E-05    0.20997E-04   -0.22225E-04    0.17365E-04   -0.83516E-05    0.18942E-04   -0.93474E-05   -0.45556E-05   -0.47049E-05    0.90753E-05   -0.25218E-04    0.40959E-05
    0.26009E-05    0.84480E-05   -0.11095E-06    0.22705E-03    0.18476E-02    0.11480E-03    0.47371E-03   -0.10838E-01    0.25535E-02    0.30211E-02   -0.11435E-02   -0.12942E-02   -0.91679E-04    0.20733E-04   -0.11480E-03    0.30633E-04    0.85472E-07    0.74251E-09    0.15442E-04   -0.16234E-03    0.20361E-03    0.84672E-04    0.91187E-04   -0.40640E-04    0.12069E-03    0.25076E-03    0.20014E-03    0.36341E-03    0.17687E-03   -0.13286E-03   -0.46372E-04    0.91761E-04   -0.13349E-03   -0.81026E-04   -0.11662E-03   -0.48442E-05    0.48430E-03    0.80742E-04    0.24079E-04    0.39502E-03
    0.12168E-03    0.18933E-02   -0.16299E-03    0.18476E-02    0.16130E+00    0.60593E-02    0.78957E-02    0.47359E+01    0.83734E+00   -0.51935E+00    0.51655E+00    0.74473E+00    0.29817E-01   -0.26404E-02    0.17810E-01    0.15413E-02    0.15699E-05    0.49217E-04   -0.91052E-02    0.17735E+00    0.12478E-01   -0.95965E-02    0.32281E-02   -0.59659E-02   -0.62902E-03   -0.11559E-01   -0.17814E-02    0.25307E-02   -0.16550E-02   -0.60668E-02    0.16540E-01   -0.32543E-02    0.26823E-02   -0.85365E-02    0.69811E-03    0.15650E-02   -0.59296E-04    0.50731E-03    0.49568E-02    0.43316E-02
    0.58242E-05    0.54137E-04   -0.39827E-05    0.11480E-03    0.60593E-02    0.28897E-03    0.34949E-03    0.99351E-01    0.28736E-01   -0.51085E-02    0.95217E-02    0.16517E-01    0.14656E-03   -0.24776E-04    0.29700E-03    0.98041E-04    0.89000E-07    0.15306E-05   -0.25006E-03    0.38917E-02    0.58841E-03   -0.29333E-03    0.76998E-04   -0.15921E-03   -0.33665E-04   -0.79342E-04    0.80390E-04    0.16873E-03   -0.18105E-03   -0.20706E-03    0.32804E-03   -0.13514E-03    0.28246E-04   -0.24109E-03   -0.13099E-03    0.10698E-03    0.10885E-03    0.15154E-03    0.53015E-04    0.15451E-03
    0.75980E-05    0.83791E-04   -0.58725E-05    0.47371E-03    0.78957E-02    0.34949E-03    0.11455E-02    0.84137E-01    0.44862E-01    0.99285E-02    0.54838E-02    0.12577E-01   -0.11005E-02    0.15319E-04    0.46283E-04    0.14879E-03    0.28953E-06    0.15816E-05   -0.16660E-03    0.28518E-02    0.17925E-02    0.19335E-03    0.20655E-03   -0.20951E-03    0.32370E-03    0.62563E-03    0.32758E-03    0.65393E-03    0.33300E-03   -0.53825E-03    0.26607E-03    0.87813E-04   -0.12387E-03   -0.42477E-03   -0.34382E-03    0.31129E-03    0.10363E-02    0.14540E-03    0.32158E-03    0.88822E-03
    0.19531E-02    0.59846E-01   -0.54946E-02   -0.10838E-01    0.47359E+01    0.99351E-01    0.84137E-01    0.28530E+04    0.59164E+02   -0.16654E+03    0.13715E+03    0.12693E+03   -0.68192E+02   -0.13269E+01    0.12815E+01    0.79207E+00    0.63590E-03    0.15729E-02   -0.46516E+00   -0.15407E+02    0.92054E+01   -0.11103E+02   -0.30867E-01   -0.33162E+00   -0.11344E+01   -0.90891E+00   -0.46926E+01   -0.11244E+00    0.70184E+00   -0.62814E+00    0.22594E+01    0.53528E+00    0.66150E+00   -0.12825E+01   -0.28767E+01    0.12937E+01   -0.12488E+01   -0.24787E+01   -0.42651E+00    0.38120E+01
   -0.14059E-04    0.13452E-01   -0.12661E-02    0.25535E-02    0.83734E+00    0.28736E-01    0.44862E-01    0.59164E+02    0.22168E+03    0.68122E+02   -0.39257E+02   -0.13317E+02   -0.88743E+01   -0.22006E+00   -0.11019E+00   -0.18585E+00    0.13291E-03    0.38039E-02    0.14990E+01   -0.12988E+02    0.17408E+01    0.75147E+00    0.33187E-01    0.18951E+00   -0.17426E+00   -0.21129E+01   -0.74234E+00   -0.24047E+00   -0.44771E+00   -0.46119E+00    0.13610E+01   -0.18128E+00    0.69262E+00   -0.31040E+00   -0.19837E+00   -0.57178E+00   -0.66203E+00   -0.24960E+00    0.43485E+00   -0.51385E+00
   -0.42301E-03   -0.34206E-02    0.21172E-03    0.30211E-02   -0.51935E+00   -0.51085E-02    0.99285E-02   -0.16654E+03    0.68122E+02    0.22411E+03   -0.40697E+02   -0.82710E+02    0.19902E+01    0.37580E-02   -0.10659E+01   -0.98287E+00    0.34904E-03   -0.47542E-02    0.41482E+00   -0.11128E+02    0.18493E+01    0.11098E+01   -0.71764E-01    0.74834E-01    0.11017E+00    0.14277E+01    0.36705E+00   -0.25610E+00   -0.49870E+00    0.32734E-01   -0.14047E+01    0.73918E+00   -0.26534E+00    0.49816E+00    0.24815E+00    0.10083E+00    0.41450E+00    0.23944E+00    0.33691E+00   -0.61015E+00
    0.24289E-03    0.60347E-02   -0.52952E-03   -0.11435E-02    0.51655E+00    0.95217E-02    0.54838E-02    0.13715E+03   -0.39257E+02   -0.40697E+02    0.30180E+02    0.22484E+02   -0.15682E+01   -0.17440E-01    0.32777E+00    0.18427E+00   -0.14365E-03   -0.72415E-03   -0.20246E-01   -0.34738E+00   -0.11103E+01   -0.75383E+00   -0.55163E-01   -0.10746E+00    0.43196E-01    0.79934E+00    0.14118E+00    0.85081E-01    0.22588E+00    0.14415E+00   -0.16850E+00    0.70591E-02   -0.14683E+00   -0.61788E-01    0.94658E-01    0.45905E+00    0.23506E+00   -0.43773E-01   -0.14073E+00    0.32561E+00
    0.28766E-03    0.89335E-02   -0.77779E-03   -0.12942E-02    0.74473E+00    0.16517E-01    0.12577E-01    0.12693E+03   -0.13317E+02   -0.82710E+02    0.22484E+02    0.41622E+02   -0.13312E+01    0.41184E-01    0.51452E+00    0.51121E+00   -0.13241E-03    0.21883E-02   -0.25158E+00   -0.48681E+00   -0.72939E+00   -0.56089E+00    0.66811E-02   -0.11364E+00   -0.55377E-01   -0.60881E+00   -0.11368E+00    0.65661E-01    0.30185E+00   -0.12854E+00    0.61487E+00   -0.47269E+00    0.12501E+00   -0.36204E+00   -0.14441E+00   -0.41090E-01   -0.16917E+00   -0.12843E+00   -0.48843E-01    0.31913E+00
    0.42845E-04    0.25937E-03   -0.61822E-05   -0.91679E-04    0.29817E-01    0.14656E-03   -0.11005E-02   -0.68192E+02   -0.88743E+01    0.19902E+01   -0.15682E+01   -0.13312E+01    0.79843E+01    0.43254E-01    0.25722E+00   -0.13461E+00    0.28893E-05   -0.46910E-04   -0.43363E-01    0.70492E-01    0.11294E+00    0.80415E-01    0.12725E-01   -0.11388E-01   -0.12658E-01   -0.10451E+00    0.42959E-02   -0.47386E-01   -0.63326E-01    0.15583E-01   -0.16884E-01    0.14127E-01   -0.67942E-01   -0.21500E-01    0.62326E-01   -0.69628E-01   -0.76741E-01   -0.55955E-02    0.86011E-02   -0.35910E-01
   -0.15605E-05   -0.31415E-04    0.23506E-05    0.20733E-04   -0.26404E-02   -0.24776E-04    0.15319E-04   -0.13269E+01   -0.22006E+00    0.37580E-02   -0.17440E-01    0.41184E-01    0.43254E-01    0.78469E-02   -0.69777E-02    0.77167E-02    0.12586E-05   -0.27013E-04    0.28162E-02   -0.15288E-01    0.10442E-01    0.72418E-02    0.16202E-02   -0.21473E-02   -0.12773E-02    0.74738E-02   -0.10812E-02   -0.84525E-03   -0.18781E-02   -0.88207E-03   -0.13270E-01   -0.15483E-02   -0.14497E-02   -0.16942E-02   -0.53181E-03   -0.26821E-02   -0.54864E-03   -0.54726E-02   -0.51319E-02   -0.24085E-02
    0.80828E-05    0.21421E-03   -0.17203E-04   -0.11480E-03    0.17810E-01    0.29700E-03    0.46283E-04    0.12815E+01   -0.11019E+00   -0.10659E+01    0.32777E+00    0.51452E+00    0.25722E+00   -0.69777E-02    0.40109E-01   -0.11706E-01   -0.40533E-05    0.86235E-04   -0.83475E-03   -0.12375E-01   -0.23834E-01   -0.10053E-01   -0.32678E-02    0.42846E-02   -0.38579E-02   -0.31199E-01   -0.46218E-02    0.40290E-02    0.32258E-03    0.36711E-02    0.33632E-01    0.23286E-02    0.13996E-02    0.13769E-03    0.68483E-02   -0.66525E-03   -0.57308E-02    0.38181E-02    0.32157E-02    0.16179E-02
   -0.41385E-06    0.16240E-04   -0.18963E-05    0.30633E-04    0.15413E-02    0.98041E-04    0.14879E-03    0.79207E+00   -0.18585E+00   -0.98287E+00    0.18427E+00    0.51121E+00   -0.13461E+00    0.77167E-02   -0.11706E-01    0.21083E-01    0.40944E-06   -0.21287E-04   -0.30151E-02   -0.12466E-04    0.10001E-01   -0.38836E-02    0.11650E-02   -0.54693E-02   -0.14857E-02    0.39030E-02    0.39712E-02   -0.44469E-02    0.10198E-01   -0.85918E-02   -0.16182E-01   -0.19092E-01    0.14110E-02   -0.13419E-01   -0.96776E-02   -0.79028E-02   -0.30457E-02   -0.25083E-02    0.18316E-02    0.11473E-01
    0.33197E-08    0.60261E-08    0.16576E-08    0.85472E-07    0.15699E-05    0.89000E-07    0.28953E-06    0.63590E-03    0.13291E-03    0.34904E-03   -0.14365E-03   -0.13241E-03    0.28893E-05    0.12586E-05   -0.40533E-05    0.40944E-06    0.15653E-06   -0.67821E-08   -0.25124E-05   -0.46000E-05   -0.20789E-04   -0.74335E-05   -0.16759E-05   -0.52063E-05    0.17702E-05    0.60327E-05    0.22517E-05   -0.22088E-05    0.68440E-05    0.14226E-05    0.44131E-06    0.39017E-05   -0.32427E-05    0.14282E-04   -0.24948E-05    0.47308E-05    0.21053E-05    0.13981E-05    0.22888E-05    0.55687E-05
    0.26495E-07    0.64250E-06   -0.40067E-07    0.74251E-09    0.49217E-04    0.15306E-05    0.15816E-05    0.15729E-02    0.38039E-02   -0.47542E-02   -0.72415E-03    0.21883E-02   -0.46910E-04   -0.27013E-04    0.86235E-04   -0.21287E-04   -0.67821E-08    0.17138E-05    0.28247E-05   -0.85187E-04    0.72373E-04    0.35320E-04   -0.26682E-04   -0.19334E-04   -0.55054E-05    0.19921E-03    0.58178E-05    0.12472E-04    0.19867E-04    0.39960E-05   -0.17730E-03   -0.26322E-05   -0.33729E-04    0.33942E-04   -0.37859E-04    0.24073E-04    0.48777E-04   -0.28358E-04   -0.34051E-04    0.14632E-04
   -0.40848E-05   -0.11016E-03    0.86316E-05    0.15442E-04   -0.91052E-02   -0.25006E-03   -0.16660E-03   -0.46516E+00    0.14990E+01    0.41482E+00   -0.20246E-01   -0.25158E+00   -0.43363E-01    0.28162E-02   -0.83475E-03   -0.30151E-02   -0.25124E-05    0.28247E-05    0.82920E-01   -0.20301E-01    0.60503E-02   -0.29219E-02   -0.23977E-02    0.51525E-03    0.49592E-03    0.70355E-02   -0.47308E-02   -0.17134E-02    0.28037E-02    0.11416E-02    0.91696E-03   -0.59360E-03   -0.34604E-03   -0.13975E-02    0.27581E-03    0.67266E-02   -0.10979E-02   -0.34152E-02    0.99600E-03    0.32308E-02
    0.10393E-03    0.20575E-02   -0.18739E-03   -0.16234E-03    0.17735E+00    0.38917E-02    0.28518E-02   -0.15407E+02   -0.12988E+02   -0.11128E+02   -0.34738E+00   -0.48681E+00    0.70492E-01   -0.15288E-01   -0.12375E-01   -0.12466E-04   -0.46000E-05   -0.85187E-04   -0.20301E-01    0.82335E+01   -0.24072E-01    0.15386E-01    0.52210E-01   -0.34279E-01    0.21633E-01   -0.94429E-02    0.39662E-01    0.45258E-01    0.28208E-01    0.16905E-01   -0.12285E-01   -0.36449E-01   -0.35626E-01    0.29390E-01    0.12207E-01   -0.26535E-01    0.14455E-01    0.50473E-01   -0.28527E-01    0.40979E-01
    0.35694E-05    0.27984E-03   -0.24544E-04    0.20361E-03    0.12478E-01    0.58841E-03    0.17925E-02    0.92054E+01    0.17408E+01    0.18493E+01   -0.11103E+01   -0.72939E+00    0.11294E+00    0.10442E-01   -0.23834E-01    0.10001E-01   -0.20789E-04    0.72373E-04    0.60503E-02   -0.24072E-01    0.70088E+00   -0.11002E+00   -0.33071E-02    0.95943E-02    0.12966E-02    0.17383E+00   -0.53697E-01   -0.44918E-01   -0.21561E-01   -0.76904E-01   -0.62609E-02    0.18644E-01   -0.29513E-01   -0.56370E-01   -0.12736E+00    0.13357E+00    0.24414E-01   -0.23912E-01    0.20939E-01    0.64864E-01
   -0.14687E-04   -0.10317E-03    0.58614E-05    0.84672E-04   -0.95965E-02   -0.29333E-03    0.19335E-03   -0.11103E+02    0.75147E+00    0.11098E+01   -0.75383E+00   -0.56089E+00    0.80415E-01    0.72418E-02   -0.10053E-01   -0.38836E-02   -0.74335E-05    0.35320E-04   -0.29219E-02    0.15386E-01   -0.11002E+00    0.92129E+00   -0.99462E-02    0.40236E-02    0.70219E-02   -0.15333E+00    0.18952E+00    0.39219E-01   -0.33855E-01    0.32494E-01   -0.11577E+00    0.19232E-01    0.27603E-01    0.17942E-01    0.15717E+00   -0.21854E+00    0.27105E-01    0.10644E+00    0.23294E-01   -0.23098E+00
    0.15639E-05    0.22208E-04   -0.16087E-05    0.91187E-04    0.32281E-02    0.76998E-04    0.20655E-03   -0.30867E-01    0.33187E-01   -0.71764E-01   -0.55163E-01    0.66811E-02    0.12725E-01    0.16202E-02   -0.32678E-02    0.11650E-02   -0.16759E-05   -0.26682E-04   -0.23977E-02    0.52210E-01   -0.33071E-02   -0.99462E-02    0.98619E+00   -0.31788E-01   -0.19622E-02   -0.43082E-01   -0.33772E-01    0.15795E+00   -0.21511E-01    0.70562E-01   -0.10902E-01    0.21656E-01   -0.15449E-01   -0.10171E-01    0.88539E-01   -0.53445E-01    0.19176E-01    0.82116E-02   -0.18177E+00    0.83106E-01
   -0.91800E-06   -0.87770E-04    0.71022E-05   -0.40640E-04   -0.59659E-02   -0.15921E-03   -0.20951E-03   -0.33162E+00    0.18951E+00    0.74834E-01   -0.10746E+00   -0.11364E+00   -0.11388E-01   -0.21473E-02    0.42846E-02   -0.54693E-02   -0.52063E-05   -0.19334E-04    0.51525E-03   -0.34279E-01    0.95943E-02    0.40236E-02   -0.31788E-01    0.10169E+01   -0.93713E-02    0.58676E-01   -0.88113E-01    0.75530E-01   -0.94289E-01    0.47626E-01    0.79011E-01    0.12425E+00    0.49061E-01    0.13834E+00   -0.11818E+00    0.93512E-01    0.49201E-01   -0.72297E-02   -0.10407E+00    0.47863E-01
   -0.17798E-05    0.26344E-04   -0.12898E-05    0.12069E-03   -0.62902E-03   -0.33665E-04    0.32370E-03   -0.11344E+01   -0.17426E+00    0.11017E+00    0.43196E-01   -0.55377E-01   -0.12658E-01   -0.12773E-02   -0.38579E-02   -0.14857E-02    0.17702E-05   -0.55054E-05    0.49592E-03    0.21633E-01    0.12966E-02    0.70219E-02   -0.19622E-02   -0.93713E-02    0.97495E+00    0.28636E-01    0.55950E-01   -0.37978E-01    0.46323E-01    0.78148E-01    0.53125E-01   -0.69873E-01   -0.70791E-01    0.69744E-01    0.52763E-01    0.78048E-01   -0.68778E-01    0.95066E-01   -0.18818E-01    0.70981E-02
   -0.20119E-05   -0.90556E-04    0.98075E-05    0.25076E-03   -0.11559E-01   -0.79342E-04    0.62563E-03   -0.90891E+00   -0.21129E+01    0.14277E+01    0.79934E+00   -0.60881E+00   -0.10451E+00    0.74738E-02   -0.31199E-01    0.39030E-02    0.60327E-05    0.19921E-03    0.70355E-02   -0.94429E-02    0.17383E+00   -0.15333E+00   -0.43082E-01    0.58676E-01    0.28636E-01    0.90271E+00   -0.21532E-01    0.17032E-01   -0.17950E-01   -0.22865E-01    0.33048E-02    0.14075E+00   -0.92727E-01    0.38834E-01   -0.73225E-01    0.65945E+00    0.28411E+00   -0.70210E-01   -0.63314E-01    0.85338E-01
   -0.54926E-05   -0.59182E-04   -0.25156E-06    0.20014E-03   -0.17814E-02    0.80390E-04    0.32758E-03   -0.46926E+01   -0.74234E+00    0.36705E+00    0.14118E+00   -0.11368E+00    0.42959E-02   -0.10812E-02   -0.46218E-02    0.39712E-02    0.22517E-05    0.58178E-05   -0.47308E-02    0.39662E-01   -0.53697E-01    0.18952E+00   -0.33772E-01   -0.88113E-01    0.55950E-01   -0.21532E-01    0.10029E+01    0.15635E-01    0.55071E-02   -0.16897E-01    0.54098E-01   -0.10384E-01   -0.48059E-01   -0.77159E-02    0.14259E+00   -0.89082E-01    0.26853E+00    0.78475E+00    0.29911E+00   -0.19329E+00
    0.80097E-05   -0.24342E-04    0.70708E-05    0.36341E-03    0.25307E-02    0.16873E-03    0.65393E-03   -0.11244E+00   -0.24047E+00   -0.25610E+00    0.85081E-01    0.65661E-01   -0.47386E-01   -0.84525E-03    0.40290E-02   -0.44469E-02   -0.22088E-05    0.12472E-04   -0.17134E-02    0.45258E-01   -0.44918E-01    0.39219E-01    0.15795E+00    0.75530E-01   -0.37978E-01    0.17032E-01    0.15635E-01    0.95823E+00   -0.25280E-02   -0.77805E-02    0.91066E-01   -0.42225E-01    0.14051E+00    0.15385E+00   -0.15352E+00   -0.16481E+00    0.62130E+00    0.14916E+00   -0.59346E+00    0.16868E+00
    0.32990E-05   -0.12165E-04   -0.69674E-05    0.17687E-03   -0.16550E-02   -0.18105E-03    0.33300E-03    0.70184E+00   -0.44771E+00   -0.49870E+00    0.22588E+00    0.30185E+00   -0.63326E-01   -0.18781E-02    0.32258E-03    0.10198E-01    0.68440E-05    0.19867E-04    0.28037E-02    0.28208E-01   -0.21561E-01   -0.33855E-01   -0.21511E-01   -0.94289E-01    0.46323E-01   -0.17950E-01    0.55071E-02   -0.25280E-02    0.98981E+00   -0.68036E-02   -0.27282E-02   -0.82284E-01   -0.14146E+00   -0.50100E-01   -0.95409E-01   -0.68401E-01    0.84282E-01   -0.50329E-01    0.30976E+00    0.66373E+00
    0.22155E-05   -0.75210E-04    0.20997E-04   -0.13286E-03   -0.60668E-02   -0.20706E-03   -0.53825E-03   -0.62814E+00   -0.46119E+00    0.32734E-01    0.14415E+00   -0.12854E+00    0.15583E-01   -0.88207E-03    0.36711E-02   -0.85918E-02    0.14226E-05    0.39960E-05    0.11416E-02    0.16905E-01   -0.76904E-01    0.32494E-01    0.70562E-01    0.47626E-01    0.78148E-01   -0.22865E-01   -0.16897E-01   -0.77805E-02   -0.68036E-02    0.98978E+00   -0.77258E-01    0.78997E-01    0.39650E-01    0.15309E+00    0.24471E-01    0.10220E+00   -0.57995E+00    0.37487E+00   -0.34667E+00    0.22630E+00
    0.47669E-06    0.20182E-03   -0.22225E-04   -0.46372E-04    0.16540E-01    0.32804E-03    0.26607E-03    0.22594E+01    0.13610E+01   -0.14047E+01   -0.16850E+00    0.61487E+00   -0.16884E-01   -0.13270E-01    0.33632E-01   -0.16182E-01    0.44131E-06   -0.17730E-03    0.91696E-03   -0.12285E-01   -0.62609E-02   -0.11577E+00   -0.10902E-01    0.79011E-01    0.53125E-01    0.33048E-02    0.54098E-01    0.91066E-01   -0.27282E-02   -0.77258E-01    0.90833E+00   -0.15635E-01   -0.16215E-01   -0.43278E-02   -0.16459E-01    0.57042E+00    0.18045E+00    0.12801E+00    0.59074E-01   -0.72868E-01
    0.78681E-06   -0.61233E-04    0.17365E-04    0.91761E-04   -0.32543E-02   -0.13514E-03    0.87813E-04    0.53528E+00   -0.18128E+00    0.73918E+00    0.70591E-02   -0.47269E+00    0.14127E-01   -0.15483E-02    0.23286E-02   -0.19092E-01    0.39017E-05   -0.26322E-05   -0.59360E-03   -0.36449E-01    0.18644E-01    0.19232E-01    0.21656E-01    0.12425E+00   -0.69873E-01    0.14075E+00   -0.10384E-01   -0.42225E-01   -0.82284E-01    0.78997E-01   -0.15635E-01    0.97590E+00   -0.12034E-02   -0.38877E-02   -0.18365E-01    0.98507E-01    0.16806E+00   -0.76261E-02    0.13821E+00    0.16292E+00
   -0.52583E-05    0.86136E-04   -0.83516E-05   -0.13349E-03    0.26823E-02    0.28246E-04   -0.12387E-03    0.66150E+00    0.69262E+00   -0.26534E+00   -0.14683E+00    0.12501E+00   -0.67942E-01   -0.14497E-02    0.13996E-02    0.14110E-02   -0.32427E-05   -0.33729E-04   -0.34604E-03   -0.35626E-01   -0.29513E-01    0.27603E-01   -0.15449E-01    0.49061E-01   -0.70791E-01   -0.92727E-01   -0.48059E-01    0.14051E+00   -0.14146E+00    0.39650E-01   -0.16215E-01   -0.12034E-02    0.98185E+00   -0.56285E-02    0.12600E-01   -0.11701E+00    0.40598E-01    0.16610E+00    0.25588E-01   -0.57197E-01
   -0.25213E-05   -0.10624E-03    0.18942E-04   -0.81026E-04   -0.85365E-02   -0.24109E-03   -0.42477E-03   -0.12825E+01   -0.31040E+00    0.49816E+00   -0.61788E-01   -0.36204E+00   -0.21500E-01   -0.16942E-02    0.13769E-03   -0.13419E-01    0.14282E-04    0.33942E-04   -0.13975E-02    0.29390E-01   -0.56370E-01    0.17942E-01   -0.10171E-01    0.13834E+00    0.69744E-01    0.38834E-01   -0.77159E-02    0.15385E+00   -0.50100E-01    0.15309E+00   -0.43278E-02   -0.38877E-02   -0.56285E-02    0.99352E+00   -0.17427E-01    0.91103E-02    0.39676E-01    0.12934E+00   -0.27977E+00    0.96046E-01
   -0.49874E-05    0.19259E-04   -0.93474E-05   -0.11662E-03    0.69811E-03   -0.13099E-03   -0.34382E-03   -0.28767E+01   -0.19837E+00    0.24815E+00    0.94658E-01   -0.14441E+00    0.62326E-01   -0.53181E-03    0.68483E-02   -0.96776E-02   -0.24948E-05   -0.37859E-04    0.27581E-03    0.12207E-01   -0.12736E+00    0.15717E+00    0.88539E-01   -0.11818E+00    0.52763E-01   -0.73225E-01    0.14259E+00   -0.15352E+00   -0.95409E-01    0.24471E-01   -0.16459E-01   -0.18365E-01    0.12600E-01   -0.17427E-01    0.99060E+00   -0.49203E-01   -0.77936E-01    0.27779E-01    0.18652E+00   -0.10454E+00
   -0.16339E-05    0.71614E-04   -0.45556E-05   -0.48442E-05    0.15650E-02    0.10698E-03    0.31129E-03    0.12937E+01   -0.57178E+00    0.10083E+00    0.45905E+00   -0.41090E-01   -0.69628E-01   -0.26821E-02   -0.66525E-03   -0.79028E-02    0.47308E-05    0.24073E-04    0.67266E-02   -0.26535E-01    0.13357E+00   -0.21854E+00   -0.53445E-01    0.93512E-01    0.78048E-01    0.65945E+00   -0.89082E-01   -0.16481E+00   -0.68401E-01    0.10220E+00    0.57042E+00    0.98507E-01   -0.11701E+00    0.91103E-02   -0.49203E-01    0.94700E+00    0.16785E-01   -0.53110E-02   -0.74796E-02   -0.80108E-03
   -0.92405E-07   -0.34994E-04   -0.47049E-05    0.48430E-03   -0.59296E-04    0.10885E-03    0.10363E-02   -0.12488E+01   -0.66203E+00    0.41450E+00    0.23506E+00   -0.16917E+00   -0.76741E-01   -0.54864E-03   -0.57308E-02   -0.30457E-02    0.21053E-05    0.48777E-04   -0.10979E-02    0.14455E-01    0.24414E-01    0.27105E-01    0.19176E-01    0.49201E-01   -0.68778E-01    0.28411E+00    0.26853E+00    0.62130E+00    0.84282E-01   -0.57995E+00    0.18045E+00    0.16806E+00    0.40598E-01    0.39676E-01   -0.77936E-01    0.16785E-01    0.10162E+01    0.53708E-02    0.23298E-01   -0.11749E-01
   -0.17823E-06   -0.24135E-04    0.90753E-05    0.80742E-04    0.50731E-03    0.15154E-03    0.14540E-03   -0.24787E+01   -0.24960E+00    0.23944E+00   -0.43773E-01   -0.12843E+00   -0.55955E-02   -0.54726E-02    0.38181E-02   -0.25083E-02    0.13981E-05   -0.28358E-04   -0.34152E-02    0.50473E-01   -0.23912E-01    0.10644E+00    0.82116E-02   -0.72297E-02    0.95066E-01   -0.70210E-01    0.78475E+00    0.14916E+00   -0.50329E-01    0.37487E+00    0.12801E+00   -0.76261E-02    0.16610E+00    0.12934E+00    0.27779E-01   -0.53110E-02    0.53708E-02    0.10064E+01   -0.94271E-02   -0.49465E-02
   -0.64796E-05    0.10240E-03   -0.25218E-04    0.24079E-04    0.49568E-02    0.53015E-04    0.32158E-03   -0.42651E+00    0.43485E+00    0.33691E+00   -0.14073E+00   -0.48843E-01    0.86011E-02   -0.51319E-02    0.32157E-02    0.18316E-02    0.22888E-05   -0.34051E-04    0.99600E-03   -0.28527E-01    0.20939E-01    0.23294E-01   -0.18177E+00   -0.10407E+00   -0.18818E-01   -0.63314E-01    0.29911E+00   -0.59346E+00    0.30976E+00   -0.34667E+00    0.59074E-01    0.13821E+00    0.25588E-01   -0.27977E+00    0.18652E+00   -0.74796E-02    0.23298E-01   -0.94271E-02    0.98339E+00   -0.25298E-02
    0.15783E-04    0.38822E-04    0.40959E-05    0.39502E-03    0.43316E-02    0.15451E-03    0.88822E-03    0.38120E+01   -0.51385E+00   -0.61015E+00    0.32561E+00    0.31913E+00   -0.35910E-01   -0.24085E-02    0.16179E-02    0.11473E-01    0.55687E-05    0.14632E-04    0.32308E-02    0.40979E-01    0.64864E-01   -0.23098E+00    0.83106E-01    0.47863E-01    0.70981E-02    0.85338E-01   -0.19329E+00    0.16868E+00    0.66373E+00    0.22630E+00   -0.72868E-01    0.16292E+00   -0.57197E-01    0.96046E-01   -0.10454E+00   -0.80108E-03   -0.11749E-01   -0.49465E-02   -0.25298E-02    0.97069E+00
