# omegabh2 omegach2 theta tau alpha1 ns logA aps100 aps143 aps217 acib143 acib217 asz143 psr cibr ncib cal0 cal2 xi aksz bm_1_1 bm_1_2 bm_1_3 bm_1_4 bm_1_5 bm_2_1 bm_2_2 bm_2_3 bm_2_4 bm_2_5 bm_3_1 bm_3_2 bm_3_3 bm_3_4 bm_3_5 bm_4_1 bm_4_2 bm_4_3 bm_4_4 bm_4_5
    0.86557E-07   -0.39674E-06    0.64733E-07    0.15425E-05   -0.20178E-06    0.10255E-05    0.24288E-05   -0.12232E-02   -0.61108E-03   -0.16099E-03   -0.14753E-03   -0.20501E-03    0.37356E-04   -0.29694E-07   -0.31916E-05   -0.18442E-05    0.13621E-08   -0.80457E-08    0.17037E-05   -0.60134E-04   -0.66535E-05   -0.11330E-04    0.50639E-05    0.88986E-06    0.71458E-06    0.40637E-05   -0.37098E-05    0.54245E-05   -0.30867E-06   -0.30140E-05    0.13755E-05    0.10698E-06    0.46640E-06   -0.27298E-05   -0.47568E-05    0.27064E-05    0.44302E-05   -0.41387E-05   -0.47093E-05    0.10588E-05
   -0.39674E-06    0.79260E-05   -0.99849E-06   -0.11488E-04   -0.16322E-05   -0.20249E-04   -0.30339E-05    0.38742E-02    0.27344E-02    0.19865E-02    0.40805E-03    0.48988E-03   -0.40226E-04    0.37889E-05    0.33350E-05    0.53572E-05   -0.15942E-07    0.28049E-07   -0.11240E-04    0.82964E-04    0.17382E-03    0.58232E-04   -0.64265E-04   -0.11476E-05   -0.22124E-04    0.10842E-04    0.21043E-04   -0.41227E-04   -0.29134E-04    0.68171E-05   -0.31896E-04   -0.10359E-04   -0.35480E-04   -0.77258E-05   -0.83837E-05   -0.21118E-05   -0.28370E-04    0.22299E-04    0.19991E-04   -0.23576E-04
    0.64733E-07   -0.99849E-06    0.49157E-06    0.88706E-06    0.75469E-06    0.36610E-05   -0.67709E-06   -0.11515E-02   -0.23929E-03   -0.95735E-04   -0.11014E-03   -0.10551E-03    0.57546E-05    0.13215E-06   -0.18954E-05    0.25266E-06    0.12276E-08   -0.22299E-08   -0.10378E-05   -0.39549E-04   -0.20581E-04    0.53194E-05   -0.11478E-05   -0.84546E-05   -0.75922E-06   -0.23277E-05   -0.33167E-05    0.12378E-05    0.13869E-06   -0.78524E-05   -0.36847E-06   -0.83668E-05    0.26773E-05   -0.10495E-04   -0.23558E-05   -0.30150E-05    0.24907E-05   -0.10788E-04    0.12661E-06   -0.95875E-05
    0.15425E-05   -0.11488E-04    0.88706E-06    0.21214E-03   -0.10904E-04    0.33717E-04    0.40201E-03   -0.47031E-01   -0.78032E-02    0.34907E-02   -0.69910E-02   -0.78869E-02   -0.26318E-03    0.18268E-04   -0.22236E-03   -0.18963E-04   -0.18337E-07   -0.22198E-06    0.10594E-03   -0.26194E-02   -0.49147E-04   -0.16109E-03    0.35490E-04    0.14109E-03   -0.10282E-03    0.14429E-03   -0.19053E-03   -0.57154E-04   -0.21291E-03    0.14146E-04   -0.35288E-04   -0.47103E-04    0.57984E-04    0.27218E-04    0.18834E-04    0.13076E-03   -0.99634E-04   -0.21806E-03   -0.13948E-03   -0.18378E-03
   -0.20178E-06   -0.16322E-05    0.75469E-06   -0.10904E-04    0.81213E-05    0.10815E-04   -0.29496E-04   -0.49111E-02    0.42590E-03    0.98054E-03   -0.27219E-03   -0.19783E-03   -0.16753E-04    0.10477E-04   -0.12730E-04    0.11596E-04   -0.48367E-08   -0.49132E-07   -0.12135E-05   -0.41030E-04   -0.87231E-04   -0.17492E-05   -0.23648E-04    0.72554E-05   -0.11520E-04    0.20286E-04    0.25240E-04    0.84813E-05   -0.23693E-04   -0.51822E-04   -0.12558E-04   -0.24626E-04    0.44034E-04   -0.52983E-04    0.14132E-04   -0.10173E-04    0.46679E-04    0.11849E-04    0.38164E-04   -0.24295E-04
    0.10255E-05   -0.20249E-04    0.36610E-05    0.33717E-04    0.10815E-04    0.79026E-04    0.12604E-04   -0.72574E-01   -0.39579E-02    0.10044E-01   -0.91950E-02   -0.96699E-02   -0.24475E-03    0.56488E-04   -0.29468E-03    0.73339E-05    0.23696E-08   -0.21740E-06    0.70184E-04   -0.29340E-02   -0.26295E-03   -0.15349E-03    0.66588E-04   -0.32330E-04    0.82509E-04    0.26270E-03    0.63489E-04    0.14582E-03   -0.94289E-05   -0.84158E-04    0.48906E-05   -0.59168E-04    0.20279E-04    0.15433E-04   -0.29474E-04    0.14305E-03    0.21093E-03   -0.76163E-05   -0.10980E-03   -0.17132E-04
    0.24288E-05   -0.30339E-05   -0.67709E-06    0.40201E-03   -0.29496E-04    0.12604E-04    0.81925E-03   -0.10490E+00   -0.20081E-02    0.20104E-01   -0.17481E-01   -0.18105E-01   -0.16684E-02    0.73066E-04   -0.61173E-03    0.98256E-05   -0.29330E-08   -0.20456E-06    0.20973E-03   -0.63678E-02    0.10398E-02   -0.70006E-05   -0.54658E-04    0.32718E-03   -0.26135E-03    0.59102E-03   -0.32395E-03   -0.20291E-03   -0.56233E-03   -0.81193E-05   -0.11471E-03   -0.10539E-03    0.34935E-04   -0.12589E-04   -0.86120E-04    0.47923E-03   -0.18382E-03   -0.34615E-03   -0.25029E-03   -0.44327E-03
   -0.12232E-02    0.38742E-02   -0.11515E-02   -0.47031E-01   -0.49111E-02   -0.72574E-01   -0.10490E+00    0.26736E+04    0.53216E+02   -0.14859E+03    0.11384E+03    0.10152E+03   -0.73350E+02   -0.11046E+01    0.17470E+00    0.11530E+01    0.56910E-03   -0.65440E-03   -0.29291E+00   -0.20865E+02    0.97589E+01   -0.92288E+01   -0.58623E+00   -0.42482E+00    0.55937E+00   -0.11482E+01   -0.42472E+01   -0.66175E+00    0.49839E+00   -0.19001E+00    0.12781E+01    0.37228E+00    0.24249E+00   -0.10409E+01   -0.29927E+01    0.62860E+00   -0.18757E+01   -0.19252E+01   -0.50566E-01    0.27705E+01
   -0.61108E-03    0.27344E-02   -0.23929E-03   -0.78032E-02    0.42590E-03   -0.39579E-02   -0.20081E-02    0.53216E+02    0.19219E+03    0.61235E+02   -0.35719E+02   -0.12195E+02   -0.80944E+01   -0.25868E+00   -0.19979E+00   -0.19031E+00    0.94460E-04    0.30417E-02    0.12140E+01   -0.13035E+02    0.12594E+01    0.78757E+00    0.10318E+00    0.28702E+00   -0.12708E+00   -0.21177E+01   -0.56318E+00    0.57206E-01   -0.35570E+00    0.21521E-01    0.11935E+01    0.41265E-02    0.57303E+00   -0.69807E-01   -0.49603E-01   -0.70375E+00   -0.64507E+00    0.71436E-01    0.15796E+00   -0.18955E+00
   -0.16099E-03    0.19865E-02   -0.95735E-04    0.34907E-02    0.98054E-03    0.10044E-01    0.20104E-01   -0.14859E+03    0.61235E+02    0.20539E+03   -0.33187E+02   -0.71086E+02    0.43238E+01   -0.53181E-01   -0.85128E+00   -0.10357E+01    0.48829E-04   -0.43829E-02    0.27672E+00   -0.10287E+02    0.14342E+01    0.10223E+01   -0.16686E+00   -0.28460E-01    0.67760E-02    0.10507E+01    0.22723E+00   -0.23416E+00   -0.46385E+00    0.33696E+00   -0.11254E+01    0.62998E+00   -0.10862E+00    0.58594E+00    0.40687E+00    0.72570E-01    0.12366E+00    0.29026E+00    0.17058E+00   -0.52723E+00
   -0.14753E-03    0.40805E-03   -0.11014E-03   -0.69910E-02   -0.27219E-03   -0.91950E-02   -0.17481E-01    0.11384E+03   -0.35719E+02   -0.33187E+02    0.26192E+02    0.17347E+02   -0.24896E+01    0.16822E-01    0.21468E+00    0.21130E+00   -0.96414E-04   -0.99467E-03    0.50896E-01   -0.10391E+01   -0.10406E+01   -0.59477E+00   -0.71354E-01   -0.15447E+00    0.37949E-01    0.85375E+00    0.19666E+00   -0.84377E-01    0.26656E+00    0.10901E+00   -0.40671E+00   -0.51997E-01   -0.15529E+00   -0.48890E-01    0.33820E-02    0.36742E+00    0.14926E+00   -0.18769E-01   -0.17614E-03    0.25258E+00
   -0.20501E-03    0.48988E-03   -0.10551E-03   -0.78869E-02   -0.19783E-03   -0.96699E-02   -0.18105E-01    0.10152E+03   -0.12195E+02   -0.71086E+02    0.17347E+02    0.33552E+02   -0.23598E+01    0.69880E-01    0.36333E+00    0.52034E+00   -0.42563E-04    0.18507E-02   -0.16334E+00   -0.15106E+01   -0.58568E+00   -0.48978E+00    0.59566E-01   -0.40737E-01   -0.84526E-02   -0.41794E+00   -0.71024E-01    0.21988E-01    0.33144E+00   -0.17835E+00    0.39557E+00   -0.44521E+00    0.24625E-01   -0.34243E+00   -0.19300E+00   -0.54395E-01   -0.10628E+00   -0.12979E+00    0.39909E-02    0.32496E+00
    0.37356E-04   -0.40226E-04    0.57546E-05   -0.26318E-03   -0.16753E-04   -0.24475E-03   -0.16684E-02   -0.73350E+02   -0.80944E+01    0.43238E+01   -0.24896E+01   -0.23598E+01    0.78826E+01    0.46179E-01    0.27203E+00   -0.14255E+00    0.24195E-04   -0.48620E-04   -0.27032E-01   -0.93887E-01    0.19255E+00    0.12226E+00    0.24788E-01   -0.22760E-01   -0.47171E-01   -0.31560E-01    0.38035E-01   -0.59247E-01   -0.30600E-01   -0.71532E-01   -0.25273E-01    0.21990E-01   -0.41647E-01   -0.10282E-01    0.39207E-01   -0.39507E-01    0.70082E-04   -0.75628E-04    0.46062E-01   -0.37756E-01
   -0.29694E-07    0.37889E-05    0.13215E-06    0.18268E-04    0.10477E-04    0.56488E-04    0.73066E-04   -0.11046E+01   -0.25868E+00   -0.53181E-01    0.16822E-01    0.69880E-01    0.46179E-01    0.79304E-02   -0.66815E-02    0.78354E-02    0.73215E-06   -0.25357E-04    0.33373E-02   -0.13392E-01    0.87596E-02    0.32486E-02    0.11411E-02   -0.18407E-02   -0.79569E-03    0.75376E-02   -0.10570E-02   -0.10302E-02   -0.99055E-03   -0.21226E-02   -0.10131E-01   -0.13206E-02   -0.26902E-02   -0.27280E-02   -0.14409E-02   -0.75594E-03    0.35360E-03   -0.58851E-02   -0.38823E-02   -0.14658E-02
   -0.31916E-05    0.33350E-05   -0.18954E-05   -0.22236E-03   -0.12730E-04   -0.29468E-03   -0.61173E-03    0.17470E+00   -0.19979E+00   -0.85128E+00    0.21468E+00    0.36333E+00    0.27203E+00   -0.66815E-02    0.43444E-01   -0.12787E-01   -0.83419E-06    0.83246E-04    0.88503E-03   -0.41877E-01   -0.20383E-01   -0.66362E-02    0.16344E-02    0.51078E-03   -0.43855E-02   -0.26541E-01    0.37975E-03    0.24174E-02    0.45023E-02   -0.11563E-02    0.28592E-01   -0.28033E-02    0.56816E-03    0.24079E-02    0.51642E-02   -0.19238E-02   -0.17549E-02    0.75023E-02    0.61543E-02    0.23139E-02
   -0.18442E-05    0.53572E-05    0.25266E-06   -0.18963E-04    0.11596E-04    0.73339E-05    0.98256E-05    0.11530E+01   -0.19031E+00   -0.10357E+01    0.21130E+00    0.52034E+00   -0.14255E+00    0.78354E-02   -0.12787E-01    0.21798E-01    0.67860E-07   -0.17253E-04   -0.23031E-02   -0.86368E-02    0.75050E-02   -0.82612E-02    0.55035E-03   -0.29456E-02   -0.10252E-03    0.45358E-02    0.28826E-02   -0.43079E-02    0.10377E-01   -0.94212E-02   -0.13721E-01   -0.18549E-01   -0.15207E-02   -0.14950E-01   -0.10582E-01   -0.56546E-02   -0.28319E-02   -0.36522E-02    0.16844E-02    0.12525E-01
    0.13621E-08   -0.15942E-07    0.12276E-08   -0.18337E-07   -0.48367E-08    0.23696E-08   -0.29330E-08    0.56910E-03    0.94460E-04    0.48829E-04   -0.96414E-04   -0.42563E-04    0.24195E-04    0.73215E-06   -0.83419E-06    0.67860E-07    0.15742E-06    0.92389E-08    0.15323E-05    0.18928E-04   -0.25102E-04   -0.14855E-04   -0.40840E-05   -0.10399E-05   -0.23036E-05    0.65878E-05   -0.47076E-06    0.10445E-05    0.66146E-06    0.46021E-05    0.69896E-05   -0.34600E-05   -0.21644E-05   -0.25381E-05    0.11950E-05    0.10267E-04   -0.74401E-06   -0.84703E-06   -0.33536E-05    0.19431E-05
   -0.80457E-08    0.28049E-07   -0.22299E-08   -0.22198E-06   -0.49132E-07   -0.21740E-06   -0.20456E-06   -0.65440E-03    0.30417E-02   -0.43829E-02   -0.99467E-03    0.18507E-02   -0.48620E-04   -0.25357E-04    0.83246E-04   -0.17253E-04    0.92389E-08    0.16751E-05   -0.48427E-05   -0.28261E-04    0.94032E-04    0.30413E-04   -0.10715E-04    0.92950E-05   -0.96123E-05    0.21515E-03    0.16166E-04    0.27986E-04    0.12351E-04    0.13820E-04   -0.20478E-03   -0.26208E-05   -0.25129E-04    0.85240E-05   -0.21000E-04    0.13681E-04    0.58525E-04   -0.22439E-04   -0.44181E-04    0.28886E-04
    0.17037E-05   -0.11240E-04   -0.10378E-05    0.10594E-03   -0.12135E-05    0.70184E-04    0.20973E-03   -0.29291E+00    0.12140E+01    0.27672E+00    0.50896E-01   -0.16334E+00   -0.27032E-01    0.33373E-02    0.88503E-03   -0.23031E-02    0.15323E-05   -0.48427E-05    0.83057E-01    0.21005E-01   -0.70503E-03   -0.23638E-02   -0.17753E-02   -0.20149E-02   -0.41409E-02    0.34280E-03   -0.12549E-02   -0.16275E-02    0.39446E-02    0.53448E-02   -0.16348E-02    0.19238E-02    0.57302E-02   -0.24231E-02   -0.34768E-02    0.45960E-04   -0.35128E-02    0.11581E-02    0.39591E-02    0.45796E-02
   -0.60134E-04    0.82964E-04   -0.39549E-04   -0.26194E-02   -0.41030E-04   -0.29340E-02   -0.63678E-02   -0.20865E+02   -0.13035E+02   -0.10287E+02   -0.10391E+01   -0.15106E+01   -0.93887E-01   -0.13392E-01   -0.41877E-01   -0.86368E-02    0.18928E-04   -0.28261E-04    0.21005E-01    0.81260E+01    0.85672E-03    0.20305E-01   -0.20001E-01    0.23306E-01    0.19626E-01    0.58589E-01    0.21896E-01   -0.82529E-02    0.54178E-02   -0.88855E-02   -0.48428E-01    0.13260E-01   -0.38929E-01    0.29081E-02   -0.12570E-01    0.83483E-02    0.17295E-01   -0.10277E-01    0.10060E-01    0.77489E-02
   -0.66535E-05    0.17382E-03   -0.20581E-04   -0.49147E-04   -0.87231E-04   -0.26295E-03    0.10398E-02    0.97589E+01    0.12594E+01    0.14342E+01   -0.10406E+01   -0.58568E+00    0.19255E+00    0.87596E-02   -0.20383E-01    0.75050E-02   -0.25102E-04    0.94032E-04   -0.70503E-03    0.85672E-03    0.70936E+00   -0.10841E+00   -0.22918E-02    0.46829E-02    0.58496E-02    0.16832E+00   -0.49537E-01   -0.21486E-01   -0.19368E-01   -0.73202E-01    0.23451E-01    0.23990E-01   -0.25415E-01   -0.54643E-01   -0.11913E+00    0.14349E+00    0.39789E-01   -0.17053E-01    0.16588E-01    0.64436E-01
   -0.11330E-04    0.58232E-04    0.53194E-05   -0.16109E-03   -0.17492E-05   -0.15349E-03   -0.70006E-05   -0.92288E+01    0.78757E+00    0.10223E+01   -0.59477E+00   -0.48978E+00    0.12226E+00    0.32486E-02   -0.66362E-02   -0.82612E-02   -0.14855E-04    0.30413E-04   -0.23638E-02    0.20305E-01   -0.10841E+00    0.90057E+00    0.69856E-02    0.36788E-02    0.61764E-02   -0.13675E+00    0.18180E+00    0.56450E-01   -0.31767E-01    0.46112E-01   -0.11354E+00    0.16090E-01    0.35906E-01    0.20067E-01    0.16249E+00   -0.20754E+00    0.36952E-01    0.11291E+00    0.80278E-02   -0.21222E+00
    0.50639E-05   -0.64265E-04   -0.11478E-05    0.35490E-04   -0.23648E-04    0.66588E-04   -0.54658E-04   -0.58623E+00    0.10318E+00   -0.16686E+00   -0.71354E-01    0.59566E-01    0.24788E-01    0.11411E-02    0.16344E-02    0.55035E-03   -0.40840E-05   -0.10715E-04   -0.17753E-02   -0.20001E-01   -0.22918E-02    0.69856E-02    0.98128E+00    0.14971E-01    0.11986E-02   -0.50266E-01   -0.37565E-01    0.15198E+00   -0.17893E-01    0.59480E-01   -0.12849E-01    0.47027E-01   -0.21051E-01   -0.16377E-01    0.91336E-01   -0.62720E-01    0.30307E-01   -0.10119E-01   -0.16145E+00    0.81765E-01
    0.88986E-06   -0.11476E-05   -0.84546E-05    0.14109E-03    0.72554E-05   -0.32330E-04    0.32718E-03   -0.42482E+00    0.28702E+00   -0.28460E-01   -0.15447E+00   -0.40737E-01   -0.22760E-01   -0.18407E-02    0.51078E-03   -0.29456E-02   -0.10399E-05    0.92950E-05   -0.20149E-02    0.23306E-01    0.46829E-02    0.36788E-02    0.14971E-01    0.10288E+01    0.63931E-02    0.38823E-01   -0.10399E+00    0.74032E-01   -0.97329E-01    0.61367E-01    0.69275E-01    0.12361E+00    0.62846E-01    0.15685E+00   -0.10623E+00    0.77314E-01    0.28496E-01   -0.13725E-01   -0.12331E+00    0.59959E-01
    0.71458E-06   -0.22124E-04   -0.75922E-06   -0.10282E-03   -0.11520E-04    0.82509E-04   -0.26135E-03    0.55937E+00   -0.12708E+00    0.67760E-02    0.37949E-01   -0.84526E-02   -0.47171E-01   -0.79569E-03   -0.43855E-02   -0.10252E-03   -0.23036E-05   -0.96123E-05   -0.41409E-02    0.19626E-01    0.58496E-02    0.61764E-02    0.11986E-02    0.63931E-02    0.98216E+00    0.49888E-01    0.36087E-01   -0.39160E-01    0.49652E-01    0.71363E-01    0.79064E-01   -0.65203E-01   -0.78754E-01    0.58650E-01    0.59066E-01    0.11150E+00   -0.63396E-01    0.77095E-01   -0.13486E-01    0.11692E-01
    0.40637E-05    0.10842E-04   -0.23277E-05    0.14429E-03    0.20286E-04    0.26270E-03    0.59102E-03   -0.11482E+01   -0.21177E+01    0.10507E+01    0.85375E+00   -0.41794E+00   -0.31560E-01    0.75376E-02   -0.26541E-01    0.45358E-02    0.65878E-05    0.21515E-03    0.34280E-03    0.58589E-01    0.16832E+00   -0.13675E+00   -0.50266E-01    0.38823E-01    0.49888E-01    0.88001E+00   -0.64165E-02   -0.12215E-01   -0.20632E-01   -0.12236E-01    0.10210E-01    0.12429E+00   -0.11401E+00    0.16451E-01   -0.53945E-01    0.65609E+00    0.25067E+00   -0.68115E-01   -0.43508E-01    0.66576E-01
   -0.37098E-05    0.21043E-04   -0.33167E-05   -0.19053E-03    0.25240E-04    0.63489E-04   -0.32395E-03   -0.42472E+01   -0.56318E+00    0.22723E+00    0.19666E+00   -0.71024E-01    0.38035E-01   -0.10570E-02    0.37975E-03    0.28826E-02   -0.47076E-06    0.16166E-04   -0.12549E-02    0.21896E-01   -0.49537E-01    0.18180E+00   -0.37565E-01   -0.10399E+00    0.36087E-01   -0.64165E-02    0.98248E+00    0.15905E-01   -0.17132E-02   -0.17878E-02    0.46930E-01   -0.14584E-01   -0.64656E-01   -0.10720E-01    0.14704E+00   -0.77833E-01    0.26117E+00    0.76415E+00    0.27416E+00   -0.19759E+00
    0.54245E-05   -0.41227E-04    0.12378E-05   -0.57154E-04    0.84813E-05    0.14582E-03   -0.20291E-03   -0.66175E+00    0.57206E-01   -0.23416E+00   -0.84377E-01    0.21988E-01   -0.59247E-01   -0.10302E-02    0.24174E-02   -0.43079E-02    0.10445E-05    0.27986E-04   -0.16275E-02   -0.82529E-02   -0.21486E-01    0.56450E-01    0.15198E+00    0.74032E-01   -0.39160E-01   -0.12215E-01    0.15905E-01    0.98572E+00   -0.56187E-02   -0.16248E-01    0.77307E-01   -0.52507E-01    0.12451E+00    0.15805E+00   -0.14267E+00   -0.20443E+00    0.63449E+00    0.14656E+00   -0.60699E+00    0.17046E+00
   -0.30867E-06   -0.29134E-04    0.13869E-06   -0.21291E-03   -0.23693E-04   -0.94289E-05   -0.56233E-03    0.49839E+00   -0.35570E+00   -0.46385E+00    0.26656E+00    0.33144E+00   -0.30600E-01   -0.99055E-03    0.45023E-02    0.10377E-01    0.66146E-06    0.12351E-04    0.39446E-02    0.54178E-02   -0.19368E-01   -0.31767E-01   -0.17893E-01   -0.97329E-01    0.49652E-01   -0.20632E-01   -0.17132E-02   -0.56187E-02    0.99280E+00   -0.98122E-02   -0.65644E-02   -0.10195E+00   -0.15687E+00   -0.32882E-01   -0.10056E+00   -0.71036E-01    0.73778E-01   -0.55766E-01    0.30310E+00    0.66127E+00
   -0.30140E-05    0.68171E-05   -0.78524E-05    0.14146E-04   -0.51822E-04   -0.84158E-04   -0.81193E-05   -0.19001E+00    0.21521E-01    0.33696E+00    0.10901E+00   -0.17835E+00   -0.71532E-01   -0.21226E-02   -0.11563E-02   -0.94212E-02    0.46021E-05    0.13820E-04    0.53448E-02   -0.88855E-02   -0.73202E-01    0.46112E-01    0.59480E-01    0.61367E-01    0.71363E-01   -0.12236E-01   -0.17878E-02   -0.16248E-01   -0.98122E-02    0.99138E+00   -0.70199E-01    0.10109E+00    0.40117E-01    0.15594E+00    0.15863E-01    0.11393E+00   -0.56910E+00    0.38658E+00   -0.33375E+00    0.21987E+00
    0.13755E-05   -0.31896E-04   -0.36847E-06   -0.35288E-04   -0.12558E-04    0.48906E-05   -0.11471E-03    0.12781E+01    0.11935E+01   -0.11254E+01   -0.40671E+00    0.39557E+00   -0.25273E-01   -0.10131E-01    0.28592E-01   -0.13721E-01    0.69896E-05   -0.20478E-03   -0.16348E-02   -0.48428E-01    0.23451E-01   -0.11354E+00   -0.12849E-01    0.69275E-01    0.79064E-01    0.10210E-01    0.46930E-01    0.77307E-01   -0.65644E-02   -0.70199E-01    0.90667E+00   -0.21861E-01   -0.36178E-01    0.82077E-02    0.13330E-03    0.58011E+00    0.16657E+00    0.11773E+00    0.54073E-01   -0.83535E-01
    0.10698E-06   -0.10359E-04   -0.83668E-05   -0.47103E-04   -0.24626E-04   -0.59168E-04   -0.10539E-03    0.37228E+00    0.41265E-02    0.62998E+00   -0.51997E-01   -0.44521E+00    0.21990E-01   -0.13206E-02   -0.28033E-02   -0.18549E-01   -0.34600E-05   -0.26208E-05    0.19238E-02    0.13260E-01    0.23990E-01    0.16090E-01    0.47027E-01    0.12361E+00   -0.65203E-01    0.12429E+00   -0.14584E-01   -0.52507E-01   -0.10195E+00    0.10109E+00   -0.21861E-01    0.97559E+00   -0.53314E-02   -0.80257E-02   -0.53117E-02    0.90346E-01    0.14090E+00   -0.11796E-01    0.13200E+00    0.13965E+00
    0.46640E-06   -0.35480E-04    0.26773E-05    0.57984E-04    0.44034E-04    0.20279E-04    0.34935E-04    0.24249E+00    0.57303E+00   -0.10862E+00   -0.15529E+00    0.24625E-01   -0.41647E-01   -0.26902E-02    0.56816E-03   -0.15207E-02   -0.21644E-05   -0.25129E-04    0.57302E-02   -0.38929E-01   -0.25415E-01    0.35906E-01   -0.21051E-01    0.62846E-01   -0.78754E-01   -0.11401E+00   -0.64656E-01    0.12451E+00   -0.15687E+00    0.40117E-01   -0.36178E-01   -0.53314E-02    0.10109E+01   -0.65593E-02    0.15112E-02   -0.14014E+00    0.18781E-01    0.15953E+00    0.24721E-01   -0.75779E-01
   -0.27298E-05   -0.77258E-05   -0.10495E-04    0.27218E-04   -0.52983E-04    0.15433E-04   -0.12589E-04   -0.10409E+01   -0.69807E-01    0.58594E+00   -0.48890E-01   -0.34243E+00   -0.10282E-01   -0.27280E-02    0.24079E-02   -0.14950E-01   -0.25381E-05    0.85240E-05   -0.24231E-02    0.29081E-02   -0.54643E-01    0.20067E-01   -0.16377E-01    0.15685E+00    0.58650E-01    0.16451E-01   -0.10720E-01    0.15805E+00   -0.32882E-01    0.15594E+00    0.82077E-02   -0.80257E-02   -0.65593E-02    0.99302E+00   -0.12479E-01   -0.17915E-02    0.38575E-01    0.13096E+00   -0.27017E+00    0.11056E+00
   -0.47568E-05   -0.83837E-05   -0.23558E-05    0.18834E-04    0.14132E-04   -0.29474E-04   -0.86120E-04   -0.29927E+01   -0.49603E-01    0.40687E+00    0.33820E-02   -0.19300E+00    0.39207E-01   -0.14409E-02    0.51642E-02   -0.10582E-01    0.11950E-05   -0.21000E-04   -0.34768E-02   -0.12570E-01   -0.11913E+00    0.16249E+00    0.91336E-01   -0.10623E+00    0.59066E-01   -0.53945E-01    0.14704E+00   -0.14267E+00   -0.10056E+00    0.15863E-01    0.13330E-03   -0.53117E-02    0.15112E-02   -0.12479E-01    0.97509E+00   -0.27255E-01   -0.59358E-01    0.31977E-01    0.17891E+00   -0.98836E-01
    0.27064E-05   -0.21118E-05   -0.30150E-05    0.13076E-03   -0.10173E-04    0.14305E-03    0.47923E-03    0.62860E+00   -0.70375E+00    0.72570E-01    0.36742E+00   -0.54395E-01   -0.39507E-01   -0.75594E-03   -0.19238E-02   -0.56546E-02    0.10267E-04    0.13681E-04    0.45960E-04    0.83483E-02    0.14349E+00   -0.20754E+00   -0.62720E-01    0.77314E-01    0.11150E+00    0.65609E+00   -0.77833E-01   -0.20443E+00   -0.71036E-01    0.11393E+00    0.58011E+00    0.90346E-01   -0.14014E+00   -0.17915E-02   -0.27255E-01    0.96250E+00   -0.16259E-01   -0.70518E-02    0.14624E-01   -0.22461E-01
    0.44302E-05   -0.28370E-04    0.24907E-05   -0.99634E-04    0.46679E-04    0.21093E-03   -0.18382E-03   -0.18757E+01   -0.64507E+00    0.12366E+00    0.14926E+00   -0.10628E+00    0.70082E-04    0.35360E-03   -0.17549E-02   -0.28319E-02   -0.74401E-06    0.58525E-04   -0.35128E-02    0.17295E-01    0.39789E-01    0.36952E-01    0.30307E-01    0.28496E-01   -0.63396E-01    0.25067E+00    0.26117E+00    0.63449E+00    0.73778E-01   -0.56910E+00    0.16657E+00    0.14090E+00    0.18781E-01    0.38575E-01   -0.59358E-01   -0.16259E-01    0.99792E+00   -0.19168E-02   -0.30987E-03   -0.19131E-01
   -0.41387E-05    0.22299E-04   -0.10788E-04   -0.21806E-03    0.11849E-04   -0.76163E-05   -0.34615E-03   -0.19252E+01    0.71436E-01    0.29026E+00   -0.18769E-01   -0.12979E+00   -0.75628E-04   -0.58851E-02    0.75023E-02   -0.36522E-02   -0.84703E-06   -0.22439E-04    0.11581E-02   -0.10277E-01   -0.17053E-01    0.11291E+00   -0.10119E-01   -0.13725E-01    0.77095E-01   -0.68115E-01    0.76415E+00    0.14656E+00   -0.55766E-01    0.38658E+00    0.11773E+00   -0.11796E-01    0.15953E+00    0.13096E+00    0.31977E-01   -0.70518E-02   -0.19168E-02    0.98806E+00   -0.23028E-01   -0.13551E-01
   -0.47093E-05    0.19991E-04    0.12661E-06   -0.13948E-03    0.38164E-04   -0.10980E-03   -0.25029E-03   -0.50566E-01    0.15796E+00    0.17058E+00   -0.17614E-03    0.39909E-02    0.46062E-01   -0.38823E-02    0.61543E-02    0.16844E-02   -0.33536E-05   -0.44181E-04    0.39591E-02    0.10060E-01    0.16588E-01    0.80278E-02   -0.16145E+00   -0.12331E+00   -0.13486E-01   -0.43508E-01    0.27416E+00   -0.60699E+00    0.30310E+00   -0.33375E+00    0.54073E-01    0.13200E+00    0.24721E-01   -0.27017E+00    0.17891E+00    0.14624E-01   -0.30987E-03   -0.23028E-01    0.96052E+00   -0.89449E-02
    0.10588E-05   -0.23576E-04   -0.95875E-05   -0.18378E-03   -0.24295E-04   -0.17132E-04   -0.44327E-03    0.27705E+01   -0.18955E+00   -0.52723E+00    0.25258E+00    0.32496E+00   -0.37756E-01   -0.14658E-02    0.23139E-02    0.12525E-01    0.19431E-05    0.28886E-04    0.45796E-02    0.77489E-02    0.64436E-01   -0.21222E+00    0.81765E-01    0.59959E-01    0.11692E-01    0.66576E-01   -0.19759E+00    0.17046E+00    0.66127E+00    0.21987E+00   -0.83535E-01    0.13965E+00   -0.75779E-01    0.11056E+00   -0.98836E-01   -0.22461E-01   -0.19131E-01   -0.13551E-01   -0.89449E-02    0.96021E+00
