# omegabh2 omegach2 theta tau ns nrun logA r aps100 aps143 aps217 acib143 acib217 asz143 psr cibr cal0 cal2 xi aksz bm_1_1 a_ps_act_148 a_ps_act_217 a_ps_spt_95 a_ps_spt_150 a_ps_spt_220 r_ps_spt_95x150 r_ps_spt_95x220 r_ps_150x220 act_dust_s act_dust_e cal_acts_148 cal_acts_217 cal_acte_148 cal_acte_217 cal_spt_95 cal_spt_150 cal_spt_220
    0.78858E-07   -0.13873E-06    0.51698E-07    0.13194E-05    0.43738E-06   -0.12406E-05    0.27807E-05    0.27950E-05   -0.25839E-03   -0.43463E-03   -0.34321E-03    0.29211E-05   -0.52893E-05    0.22052E-05   -0.66539E-07   -0.86034E-07    0.43207E-09    0.36156E-08    0.12336E-06   -0.71644E-05   -0.63513E-05    0.16841E-04    0.97121E-04    0.12631E-04    0.10570E-04    0.83671E-04   -0.22834E-06   -0.16347E-06   -0.14388E-06    0.10184E-05   -0.26969E-05    0.54553E-06    0.41598E-06    0.48136E-06    0.39773E-06    0.47541E-06    0.50658E-06    0.38602E-06
   -0.13873E-06    0.31886E-05   -0.18555E-06   -0.38511E-05   -0.70508E-05   -0.18891E-05    0.49223E-06   -0.82580E-05    0.34162E-02    0.19665E-02    0.16247E-02   -0.33307E-04   -0.15086E-06   -0.17326E-04    0.13340E-05    0.44291E-06   -0.11701E-09   -0.68974E-08    0.10640E-05    0.14788E-04    0.94656E-04   -0.38746E-04   -0.34473E-03    0.31559E-04   -0.18668E-04   -0.29591E-03   -0.26328E-05    0.23134E-06    0.50536E-06   -0.78636E-06    0.12285E-05   -0.23485E-05   -0.11155E-05   -0.24788E-05   -0.11715E-05   -0.22799E-05   -0.23765E-05   -0.23034E-05
    0.51698E-07   -0.18555E-06    0.32594E-06    0.83029E-06    0.94426E-06   -0.43459E-06    0.16658E-05    0.27371E-05    0.65710E-03   -0.30796E-03   -0.15357E-03    0.42340E-05   -0.13371E-04    0.20806E-05    0.45041E-07   -0.82120E-06    0.34965E-08   -0.47616E-08    0.37572E-06    0.17612E-05    0.16071E-05   -0.96503E-06    0.89776E-04   -0.46123E-05   -0.19202E-05    0.50859E-04    0.18707E-06    0.90168E-06    0.43562E-06   -0.37690E-05   -0.51270E-06    0.75943E-07    0.28362E-06    0.26546E-06    0.25462E-06    0.48973E-07    0.16382E-06   -0.40213E-06
    0.13194E-05   -0.38511E-05    0.83029E-06    0.25522E-03    0.15600E-04   -0.55131E-04    0.51208E-03    0.33714E-04   -0.16872E-01   -0.11910E-02   -0.45011E-02   -0.22033E-03    0.18574E-03   -0.40058E-04    0.49891E-05   -0.25540E-05    0.12723E-06   -0.48809E-06   -0.20050E-04   -0.36074E-03   -0.48033E-03    0.80606E-03   -0.56586E-03    0.55391E-03    0.36244E-03    0.99732E-03   -0.13357E-04   -0.52795E-04   -0.14089E-04   -0.20766E-04   -0.97003E-04    0.14869E-05    0.43486E-05    0.29133E-05   -0.13607E-05    0.56495E-05   -0.85759E-06    0.10064E-04
    0.43738E-06   -0.70508E-05    0.94426E-06    0.15600E-04    0.33802E-04    0.98277E-05    0.75406E-05    0.48844E-04   -0.38837E-01   -0.22092E-01   -0.13502E-01    0.11492E-03   -0.53400E-03    0.14897E-03   -0.49913E-05   -0.46142E-05   -0.63754E-07    0.18161E-06   -0.42371E-05   -0.32658E-03   -0.69148E-03    0.29095E-03    0.25305E-02    0.15112E-04    0.31706E-03    0.18718E-02    0.10412E-04    0.95501E-05    0.19798E-05   -0.46077E-05    0.13459E-04    0.14337E-04    0.61602E-05    0.15356E-04    0.68157E-05    0.14431E-04    0.15200E-04    0.10891E-04
   -0.12406E-05   -0.18891E-05   -0.43459E-06   -0.55131E-04    0.98277E-05    0.96298E-04   -0.13895E-03   -0.22069E-03   -0.36703E-01   -0.24804E-01   -0.16389E-01   -0.13843E-03   -0.61436E-03    0.12810E-03   -0.87872E-05    0.11761E-04    0.15186E-07    0.29009E-06   -0.79630E-05   -0.28437E-03   -0.11630E-02    0.42505E-03    0.21290E-02   -0.19253E-03    0.59981E-03    0.25591E-02    0.92367E-05    0.17658E-04    0.37858E-05   -0.11551E-05    0.44517E-04    0.16865E-04    0.52347E-05    0.21514E-04    0.65591E-05    0.20052E-04    0.18637E-04    0.86430E-05
    0.27807E-05    0.49223E-06    0.16658E-05    0.51208E-03    0.75406E-05   -0.13895E-03    0.10604E-02    0.84265E-04   -0.24216E-01    0.58709E-02   -0.19897E-02   -0.50998E-03    0.47714E-03   -0.15143E-03    0.14341E-04   -0.68306E-05    0.33250E-06   -0.90490E-06   -0.35946E-04   -0.68339E-03   -0.98179E-04    0.14966E-02   -0.24406E-02    0.11868E-02    0.59430E-03    0.87033E-03   -0.31736E-04   -0.10507E-03   -0.28479E-04   -0.40730E-04   -0.20898E-03   -0.57383E-05    0.47989E-05   -0.47905E-05   -0.67999E-05   -0.11009E-07   -0.10909E-04    0.11358E-04
    0.27950E-05   -0.82580E-05    0.27371E-05    0.33714E-04    0.48844E-04   -0.22069E-03    0.84265E-04    0.34375E-02    0.13725E+00    0.38930E-01    0.21050E-01    0.14013E-02    0.22532E-02   -0.74800E-04    0.27453E-04   -0.67099E-04   -0.74624E-06   -0.15513E-05    0.63255E-04    0.35457E-03    0.33791E-02   -0.16403E-02    0.30136E-02    0.41296E-03   -0.83558E-03   -0.63461E-02    0.13455E-03    0.97383E-04   -0.22893E-04    0.36112E-03    0.16614E-03   -0.20991E-04    0.42552E-05   -0.37679E-04    0.44701E-05   -0.59321E-04   -0.30479E-04   -0.48751E-04
   -0.25839E-03    0.34162E-02    0.65710E-03   -0.16872E-01   -0.38837E-01   -0.36703E-01   -0.24216E-01    0.13725E+00    0.15794E+04    0.10523E+03    0.24253E+02   -0.46137E+00    0.49331E+01   -0.24335E+01    0.24332E-01   -0.20236E+00    0.10026E-02   -0.99418E-03    0.17364E-01    0.36803E+01    0.16384E+02   -0.69287E+00   -0.31939E+01    0.82608E+01   -0.23772E+00    0.49809E+00   -0.24409E+00   -0.66515E+00   -0.16755E-01    0.26818E+00    0.23902E+00   -0.53299E-01    0.26882E-01   -0.51610E-01    0.14735E-01   -0.51606E-01   -0.57701E-01   -0.12850E-01
   -0.43463E-03    0.19665E-02   -0.30796E-03   -0.11910E-02   -0.22092E-01   -0.24804E-01    0.58709E-02    0.38930E-01    0.10523E+03    0.72045E+02    0.23463E+02   -0.87125E-01    0.83178E+00   -0.52008E+00    0.88832E-02   -0.21660E-01   -0.79018E-04   -0.12703E-02    0.13373E-01    0.38500E+00    0.64659E+00   -0.16753E+00   -0.36622E+01    0.14063E+01   -0.34817E+00   -0.35568E+01   -0.39349E-01   -0.12048E+00   -0.14426E-01   -0.49506E-01   -0.14287E-01   -0.31172E-01   -0.96516E-02   -0.30790E-01   -0.11001E-01   -0.29009E-01   -0.27447E-01   -0.12262E-01
   -0.34321E-03    0.16247E-02   -0.15357E-03   -0.45011E-02   -0.13502E-01   -0.16389E-01   -0.19897E-02    0.21050E-01    0.24253E+02    0.23463E+02    0.37289E+02   -0.43304E+00   -0.39454E+01    0.37393E+00   -0.69699E-02   -0.16419E-02   -0.28045E-04   -0.55911E-03   -0.29723E-02   -0.62303E+00    0.62744E+00   -0.37201E-01   -0.35129E+01   -0.13232E+01   -0.10194E-01   -0.30410E+01    0.14953E-01    0.98779E-01    0.21295E-01    0.27433E-01    0.17130E-01   -0.16052E-01   -0.30875E-01   -0.15672E-01   -0.29018E-01   -0.54454E-02   -0.16233E-01   -0.24716E-01
    0.29211E-05   -0.33307E-04    0.42340E-05   -0.22033E-03    0.11492E-03   -0.13843E-03   -0.50998E-03    0.14013E-02   -0.46137E+00   -0.87125E-01   -0.43304E+00    0.40614E+00    0.77882E+00    0.61637E-01   -0.24264E-03   -0.75917E-02    0.39682E-05    0.27927E-05    0.43583E-02   -0.26231E+00    0.83885E-03   -0.12087E+00   -0.49706E-01   -0.45097E-01   -0.15746E+00   -0.23710E+00    0.25785E-01    0.22309E-01   -0.23267E-02   -0.22920E-02    0.94190E-03    0.57388E-03    0.87356E-03    0.20325E-03    0.61248E-03    0.38224E-05    0.30006E-03    0.44334E-03
   -0.52893E-05   -0.15086E-06   -0.13371E-04    0.18574E-03   -0.53400E-03   -0.61436E-03    0.47714E-03    0.22532E-02    0.49331E+01    0.83178E+00   -0.39454E+01    0.77882E+00    0.35563E+01    0.27867E-02    0.43446E-02    0.10785E-01   -0.46646E-05    0.45010E-03   -0.48629E-03   -0.39784E+00   -0.22353E-01   -0.22557E+00   -0.22409E-01    0.25076E+00   -0.34503E+00   -0.62995E+00    0.37625E-01    0.17363E-01   -0.17930E-01   -0.89599E-02   -0.18657E-02   -0.78421E-04    0.88447E-02   -0.22017E-03    0.79597E-02   -0.25189E-02   -0.15649E-03    0.51676E-02
    0.22052E-05   -0.17326E-04    0.20806E-05   -0.40058E-04    0.14897E-03    0.12810E-03   -0.15143E-03   -0.74800E-04   -0.24335E+01   -0.52008E+00    0.37393E+00    0.61637E-01    0.27867E-02    0.64406E-01   -0.55761E-05    0.44596E-02    0.14571E-05   -0.50643E-04   -0.90992E-03   -0.12449E+00    0.49757E-02   -0.20099E-01   -0.65182E-01   -0.16262E+00   -0.22785E-01   -0.10295E+00    0.71662E-02    0.16449E-01   -0.92808E-04    0.57152E-03   -0.54367E-03    0.60608E-03   -0.84633E-03    0.47575E-03   -0.80761E-03    0.11262E-02    0.31786E-03   -0.56444E-03
   -0.66539E-07    0.13340E-05    0.45041E-07    0.49891E-05   -0.49913E-05   -0.87872E-05    0.14341E-04    0.27453E-04    0.24332E-01    0.88832E-02   -0.69699E-02   -0.24264E-03    0.43446E-02   -0.55761E-05    0.25989E-03   -0.18011E-04    0.17027E-06    0.35870E-06   -0.30016E-04   -0.14897E-03    0.31205E-03    0.23989E-03   -0.28077E-02    0.56969E-03   -0.73716E-04   -0.82253E-03   -0.40314E-04   -0.58858E-04    0.42411E-05   -0.84926E-04    0.21185E-04   -0.52760E-06   -0.59900E-05   -0.27389E-05   -0.38365E-05    0.23396E-05   -0.54403E-05    0.37175E-05
   -0.86034E-07    0.44291E-06   -0.82120E-06   -0.25540E-05   -0.46142E-05    0.11761E-04   -0.68306E-05   -0.67099E-04   -0.20236E+00   -0.21660E-01   -0.16419E-02   -0.75917E-02    0.10785E-01    0.44596E-02   -0.18011E-04    0.21947E-02   -0.42459E-06    0.50705E-06    0.59460E-04   -0.33118E-02    0.54259E-03    0.39328E-02   -0.48482E-02   -0.15738E-01    0.34975E-02   -0.99597E-02   -0.18861E-03    0.14570E-02   -0.31850E-03    0.13532E-03   -0.24901E-03    0.39210E-04   -0.19614E-05    0.66072E-04    0.16270E-04    0.12550E-03    0.17533E-04    0.74786E-05
    0.43207E-09   -0.11701E-09    0.34965E-08    0.12723E-06   -0.63754E-07    0.15186E-07    0.33250E-06   -0.74624E-06    0.10026E-02   -0.79018E-04   -0.28045E-04    0.39682E-05   -0.46646E-05    0.14571E-05    0.17027E-06   -0.42459E-06    0.15771E-06   -0.24355E-08   -0.76441E-07    0.16885E-06   -0.37688E-04   -0.62981E-05   -0.41041E-05   -0.21657E-04   -0.46439E-05    0.18654E-04    0.13673E-05    0.97387E-06    0.27745E-06   -0.19844E-05   -0.17542E-06   -0.18551E-07    0.10265E-06   -0.58715E-07   -0.65330E-07    0.19197E-06    0.87395E-07    0.10849E-06
    0.36156E-08   -0.68974E-08   -0.47616E-08   -0.48809E-06    0.18161E-06    0.29009E-06   -0.90490E-06   -0.15513E-05   -0.99418E-03   -0.12703E-02   -0.55911E-03    0.27927E-05    0.45010E-03   -0.50643E-04    0.35870E-06    0.50705E-06   -0.24355E-08    0.62760E-06    0.65977E-06    0.65580E-04   -0.13650E-04    0.15650E-04    0.77162E-04    0.11897E-03    0.10085E-04    0.93559E-04   -0.15373E-05   -0.89307E-05   -0.21723E-05   -0.11132E-05   -0.16757E-05   -0.20750E-06    0.19000E-05    0.11855E-06    0.18915E-05   -0.59276E-06    0.40400E-06    0.19343E-05
    0.12336E-06    0.10640E-05    0.37572E-06   -0.20050E-04   -0.42371E-05   -0.79630E-05   -0.35946E-04    0.63255E-04    0.17364E-01    0.13373E-01   -0.29723E-02    0.43583E-02   -0.48629E-03   -0.90992E-03   -0.30016E-04    0.59460E-04   -0.76441E-07    0.65977E-06    0.13255E-02    0.38348E-02    0.60937E-03    0.31012E-02   -0.28387E-02    0.13405E-02    0.17658E-02    0.20042E-02    0.46760E-03    0.87491E-03    0.49302E-04   -0.11307E-03    0.92481E-04   -0.38138E-05   -0.17346E-04    0.14569E-04    0.37320E-05   -0.10888E-04    0.75592E-05    0.22779E-04
   -0.71644E-05    0.14788E-04    0.17612E-05   -0.36074E-03   -0.32658E-03   -0.28437E-03   -0.68339E-03    0.35457E-03    0.36803E+01    0.38500E+00   -0.62303E+00   -0.26231E+00   -0.39784E+00   -0.12449E+00   -0.14897E-03   -0.33118E-02    0.16885E-06    0.65580E-04    0.38348E-02    0.43821E+00   -0.18845E-02    0.34270E-01    0.20701E+00    0.16923E+00    0.51444E-01    0.43060E+00   -0.21497E-01   -0.30904E-01    0.28308E-02   -0.58422E-03   -0.23952E-02   -0.10573E-03    0.17140E-02    0.19689E-03    0.16815E-02   -0.10820E-02   -0.16335E-03    0.13205E-02
   -0.63513E-05    0.94656E-04    0.16071E-05   -0.48033E-03   -0.69148E-03   -0.11630E-02   -0.98179E-04    0.33791E-02    0.16384E+02    0.64659E+00    0.62744E+00    0.83885E-03   -0.22353E-01    0.49757E-02    0.31205E-03    0.54259E-03   -0.37688E-04   -0.13650E-04    0.60937E-03   -0.18845E-02    0.58971E+00   -0.10139E-01   -0.49856E-01   -0.13542E-01   -0.54753E-02   -0.10879E-02    0.84730E-03    0.21325E-02    0.83522E-04    0.30779E-02    0.37832E-02   -0.41112E-03   -0.18667E-03   -0.33466E-03   -0.15957E-03   -0.64175E-03   -0.55590E-03   -0.10729E-02
    0.16841E-04   -0.38746E-04   -0.96503E-06    0.80606E-03    0.29095E-03    0.42505E-03    0.14966E-02   -0.16403E-02   -0.69287E+00   -0.16753E+00   -0.37201E-01   -0.12087E+00   -0.22557E+00   -0.20099E-01    0.23989E-03    0.39328E-02   -0.62981E-05    0.15650E-04    0.31012E-02    0.34270E-01   -0.10139E-01    0.29947E+00   -0.19281E+00    0.56279E-01    0.11226E+00    0.37073E+00   -0.49833E-02   -0.56901E-02   -0.31333E-02   -0.11191E-02   -0.70154E-04    0.21158E-02   -0.11197E-02    0.22097E-02   -0.67007E-03   -0.10158E-03   -0.19659E-05    0.92254E-03
    0.97121E-04   -0.34473E-03    0.89776E-04   -0.56586E-03    0.25305E-02    0.21290E-02   -0.24406E-02    0.30136E-02   -0.31939E+01   -0.36622E+01   -0.35129E+01   -0.49706E-01   -0.22409E-01   -0.65182E-01   -0.28077E-02   -0.48482E-02   -0.41041E-05    0.77162E-04   -0.28387E-02    0.20701E+00   -0.49856E-01   -0.19281E+00    0.13472E+02    0.15805E+00    0.40297E-01    0.11467E+01   -0.12714E-01   -0.24338E-01   -0.32051E-02    0.71923E-02    0.81481E-02    0.18328E-02    0.50495E-01    0.18061E-02    0.38970E-01    0.18387E-02    0.27885E-02    0.50301E-02
    0.12631E-04    0.31559E-04   -0.46123E-05    0.55391E-03    0.15112E-04   -0.19253E-03    0.11868E-02    0.41296E-03    0.82608E+01    0.14063E+01   -0.13232E+01   -0.45097E-01    0.25076E+00   -0.16262E+00    0.56969E-03   -0.15738E-01   -0.21657E-04    0.11897E-03    0.13405E-02    0.16923E+00   -0.13542E-01    0.56279E-01    0.15805E+00    0.21020E+01    0.52643E-01    0.13364E+00   -0.86449E-01   -0.11043E+00   -0.12650E-02    0.35627E-02   -0.17163E-02   -0.20042E-02    0.24173E-02   -0.17035E-02    0.21103E-02   -0.47825E-03   -0.33911E-03    0.16757E-02
    0.10570E-04   -0.18668E-04   -0.19202E-05    0.36244E-03    0.31706E-03    0.59981E-03    0.59430E-03   -0.83558E-03   -0.23772E+00   -0.34817E+00   -0.10194E-01   -0.15746E+00   -0.34503E+00   -0.22785E-01   -0.73716E-04    0.34975E-02   -0.46439E-05    0.10085E-04    0.17658E-02    0.51444E-01   -0.54753E-02    0.11226E+00    0.40297E-01    0.52643E-01    0.21995E+00    0.11837E+00   -0.63182E-02   -0.48478E-02    0.36764E-04    0.24742E-02    0.29554E-02   -0.22276E-03   -0.80542E-03    0.38493E-04   -0.48922E-03    0.56728E-03   -0.50766E-04   -0.39211E-03
    0.83671E-04   -0.29591E-03    0.50859E-04    0.99732E-03    0.18718E-02    0.25591E-02    0.87033E-03   -0.63461E-02    0.49809E+00   -0.35568E+01   -0.30410E+01   -0.23710E+00   -0.62995E+00   -0.10295E+00   -0.82253E-03   -0.99597E-02    0.18654E-04    0.93559E-04    0.20042E-02    0.43060E+00   -0.10879E-02    0.37073E+00    0.11467E+01    0.13364E+00    0.11837E+00    0.11909E+02   -0.25382E-01   -0.61951E-01   -0.12139E-01   -0.63508E-02   -0.25066E-01    0.50805E-02    0.35785E-02    0.48248E-02    0.46064E-02    0.19492E-02    0.51911E-02    0.29237E-01
   -0.22834E-06   -0.26328E-05    0.18707E-06   -0.13357E-04    0.10412E-04    0.92367E-05   -0.31736E-04    0.13455E-03   -0.24409E+00   -0.39349E-01    0.14953E-01    0.25785E-01    0.37625E-01    0.71662E-02   -0.40314E-04   -0.18861E-03    0.13673E-05   -0.15373E-05    0.46760E-03   -0.21497E-01    0.84730E-03   -0.49833E-02   -0.12714E-01   -0.86449E-01   -0.63182E-02   -0.25382E-01    0.74369E-02    0.64150E-02   -0.17063E-03   -0.26518E-03    0.45078E-03    0.75236E-04   -0.60387E-04    0.50520E-04   -0.38471E-04   -0.41693E-04    0.17045E-04   -0.46805E-04
   -0.16347E-06    0.23134E-06    0.90168E-06   -0.52795E-04    0.95501E-05    0.17658E-04   -0.10507E-03    0.97383E-04   -0.66515E+00   -0.12048E+00    0.98779E-01    0.22309E-01    0.17363E-01    0.16449E-01   -0.58858E-04    0.14570E-02    0.97387E-06   -0.89307E-05    0.87491E-03   -0.30904E-01    0.21325E-02   -0.56901E-02   -0.24338E-01   -0.11043E+00   -0.48478E-02   -0.61951E-01    0.64150E-02    0.12610E-01    0.49020E-04   -0.27686E-03    0.81362E-04    0.14128E-03   -0.21812E-03    0.12459E-03   -0.19771E-03    0.18347E-03    0.46751E-04   -0.29817E-03
   -0.14388E-06    0.50536E-06    0.43562E-06   -0.14089E-04    0.19798E-05    0.37858E-05   -0.28479E-04   -0.22893E-04   -0.16755E-01   -0.14426E-01    0.21295E-01   -0.23267E-02   -0.17930E-01   -0.92808E-04    0.42411E-05   -0.31850E-03    0.27745E-06   -0.21723E-05    0.49302E-04    0.28308E-02    0.83522E-04   -0.31333E-02   -0.32051E-02   -0.12650E-02    0.36764E-04   -0.12139E-01   -0.17063E-03    0.49020E-04    0.34149E-03    0.56832E-04    0.70356E-04   -0.79873E-05   -0.50014E-04   -0.98327E-05   -0.46315E-04    0.22156E-04    0.65132E-05   -0.86472E-04
    0.10184E-05   -0.78636E-06   -0.37690E-05   -0.20766E-04   -0.46077E-05   -0.11551E-05   -0.40730E-04    0.36112E-03    0.26818E+00   -0.49506E-01    0.27433E-01   -0.22920E-02   -0.89599E-02    0.57152E-03   -0.84926E-04    0.13532E-03   -0.19844E-05   -0.11132E-05   -0.11307E-03   -0.58422E-03    0.30779E-02   -0.11191E-02    0.71923E-02    0.35627E-02    0.24742E-02   -0.63508E-02   -0.26518E-03   -0.27686E-03    0.56832E-04    0.35571E-01   -0.60932E-03    0.29841E-03    0.10804E-03   -0.12416E-04    0.23482E-04    0.17659E-03   -0.12410E-04   -0.14818E-04
   -0.26969E-05    0.12285E-05   -0.51270E-06   -0.97003E-04    0.13459E-04    0.44517E-04   -0.20898E-03    0.16614E-03    0.23902E+00   -0.14287E-01    0.17130E-01    0.94190E-03   -0.18657E-02   -0.54367E-03    0.21185E-04   -0.24901E-03   -0.17542E-06   -0.16757E-05    0.92481E-04   -0.23952E-02    0.37832E-02   -0.70154E-04    0.81481E-02   -0.17163E-02    0.29554E-02   -0.25066E-01    0.45078E-03    0.81362E-04    0.70356E-04   -0.60932E-03    0.39789E-01   -0.92234E-04   -0.47345E-05    0.24987E-03    0.10999E-03   -0.90849E-04   -0.28209E-04   -0.63803E-04
    0.54553E-06   -0.23485E-05    0.75943E-07    0.14869E-05    0.14337E-04    0.16865E-04   -0.57383E-05   -0.20991E-04   -0.53299E-01   -0.31172E-01   -0.16052E-01    0.57388E-03   -0.78421E-04    0.60608E-03   -0.52760E-06    0.39210E-04   -0.18551E-07   -0.20750E-06   -0.38138E-05   -0.10573E-03   -0.41112E-03    0.21158E-02    0.18328E-02   -0.20042E-02   -0.22276E-03    0.50805E-02    0.75236E-04    0.14128E-03   -0.79873E-05    0.29841E-03   -0.92234E-04    0.16433E-03    0.45071E-05    0.63763E-04    0.16008E-04    0.36685E-04    0.22434E-04    0.20119E-04
    0.41598E-06   -0.11155E-05    0.28362E-06    0.43486E-05    0.61602E-05    0.52347E-05    0.47989E-05    0.42552E-05    0.26882E-01   -0.96516E-02   -0.30875E-01    0.87356E-03    0.88447E-02   -0.84633E-03   -0.59900E-05   -0.19614E-05    0.10265E-06    0.19000E-05   -0.17346E-04    0.17140E-02   -0.18667E-03   -0.11197E-02    0.50495E-01    0.24173E-02   -0.80542E-03    0.35785E-02   -0.60387E-04   -0.21812E-03   -0.50014E-04    0.10804E-03   -0.47345E-05    0.45071E-05    0.34671E-03    0.12914E-04    0.17709E-03   -0.72336E-05    0.91346E-05    0.37145E-04
    0.48136E-06   -0.24788E-05    0.26546E-06    0.29133E-05    0.15356E-04    0.21514E-04   -0.47905E-05   -0.37679E-04   -0.51610E-01   -0.30790E-01   -0.15672E-01    0.20325E-03   -0.22017E-03    0.47575E-03   -0.27389E-05    0.66072E-04   -0.58715E-07    0.11855E-06    0.14569E-04    0.19689E-03   -0.33466E-03    0.22097E-02    0.18061E-02   -0.17035E-02    0.38493E-04    0.48248E-02    0.50520E-04    0.12459E-03   -0.98327E-05   -0.12416E-04    0.24987E-03    0.63763E-04    0.12914E-04    0.12314E-03    0.11211E-04    0.27044E-04    0.22631E-04    0.20034E-04
    0.39773E-06   -0.11715E-05    0.25462E-06   -0.13607E-05    0.68157E-05    0.65591E-05   -0.67999E-05    0.44701E-05    0.14735E-01   -0.11001E-01   -0.29018E-01    0.61248E-03    0.79597E-02   -0.80761E-03   -0.38365E-05    0.16270E-04   -0.65330E-07    0.18915E-05    0.37320E-05    0.16815E-02   -0.15957E-03   -0.67007E-03    0.38970E-01    0.21103E-02   -0.48922E-03    0.46064E-02   -0.38471E-04   -0.19771E-03   -0.46315E-04    0.23482E-04    0.10999E-03    0.16008E-04    0.17709E-03    0.11211E-04    0.21182E-03   -0.33039E-05    0.97264E-05    0.43171E-04
    0.47541E-06   -0.22799E-05    0.48973E-07    0.56495E-05    0.14431E-04    0.20052E-04   -0.11009E-07   -0.59321E-04   -0.51606E-01   -0.29009E-01   -0.54454E-02    0.38224E-05   -0.25189E-02    0.11262E-02    0.23396E-05    0.12550E-03    0.19197E-06   -0.59276E-06   -0.10888E-04   -0.10820E-02   -0.64175E-03   -0.10158E-03    0.18387E-02   -0.47825E-03    0.56728E-03    0.19492E-02   -0.41693E-04    0.18347E-03    0.22156E-04    0.17659E-03   -0.90849E-04    0.36685E-04   -0.72336E-05    0.27044E-04   -0.33039E-05    0.39556E-03    0.32126E-04   -0.18030E-04
    0.50658E-06   -0.23765E-05    0.16382E-06   -0.85759E-06    0.15200E-04    0.18637E-04   -0.10909E-04   -0.30479E-04   -0.57701E-01   -0.27447E-01   -0.16233E-01    0.30006E-03   -0.15649E-03    0.31786E-03   -0.54403E-05    0.17533E-04    0.87395E-07    0.40400E-06    0.75592E-05   -0.16335E-03   -0.55590E-03   -0.19659E-05    0.27885E-02   -0.33911E-03   -0.50766E-04    0.51911E-02    0.17045E-04    0.46751E-04    0.65132E-05   -0.12410E-04   -0.28209E-04    0.22434E-04    0.91346E-05    0.22631E-04    0.97264E-05    0.32126E-04    0.94447E-04    0.33156E-04
    0.38602E-06   -0.23034E-05   -0.40213E-06    0.10064E-04    0.10891E-04    0.86430E-05    0.11358E-04   -0.48751E-04   -0.12850E-01   -0.12262E-01   -0.24716E-01    0.44334E-03    0.51676E-02   -0.56444E-03    0.37175E-05    0.74786E-05    0.10849E-06    0.19343E-05    0.22779E-04    0.13205E-02   -0.10729E-02    0.92254E-03    0.50301E-02    0.16757E-02   -0.39211E-03    0.29237E-01   -0.46805E-04   -0.29817E-03   -0.86472E-04   -0.14818E-04   -0.63803E-04    0.20119E-04    0.37145E-04    0.20034E-04    0.43171E-04   -0.18030E-04    0.33156E-04    0.48604E-03
