# omegabh2 omegach2 theta tau omegak mnu ns logA aps100 aps143 aps217 acib143 acib217 asz143 psr cibr cal0 cal2 xi aksz bm_1_1
    0.12431E-06   -0.67769E-06    0.14672E-06    0.78377E-06   -0.23714E-05   -0.55471E-04    0.21403E-05    0.52886E-06   -0.14521E-02   -0.54323E-03   -0.28986E-03   -0.32372E-03   -0.38785E-03   -0.13801E-04   -0.13416E-06   -0.77013E-05    0.75354E-09    0.73820E-08    0.10795E-05   -0.78386E-04   -0.29160E-04
   -0.67769E-06    0.85141E-05   -0.10899E-05   -0.91943E-05    0.18312E-04    0.29881E-03   -0.21159E-04   -0.32832E-06    0.94861E-02    0.39759E-02    0.30770E-02    0.11691E-02    0.11771E-02    0.40036E-04    0.63648E-06    0.21083E-04   -0.44913E-07   -0.61581E-07    0.31125E-05    0.35069E-03    0.22093E-03
    0.14672E-06   -0.10899E-05    0.50801E-06    0.11175E-05   -0.14236E-05   -0.88410E-04    0.36031E-05    0.57049E-06   -0.16715E-02   -0.65066E-03   -0.44240E-03   -0.22842E-03   -0.31018E-03   -0.14148E-04   -0.28198E-06   -0.84813E-05    0.38954E-08   -0.40426E-08    0.14323E-05   -0.68625E-04   -0.35682E-04
    0.78377E-06   -0.91943E-05    0.11175E-05    0.19156E-03    0.51951E-04    0.83691E-04    0.29143E-04    0.36044E-03    0.16640E-01   -0.13477E-02   -0.16504E-02   -0.46245E-03   -0.42238E-02   -0.71466E-03    0.23736E-05   -0.21962E-03   -0.34212E-07    0.73063E-08    0.13153E-03   -0.60383E-03   -0.73168E-03
   -0.23714E-05    0.18312E-04   -0.14236E-05    0.51951E-04    0.10021E-02   -0.24142E-02   -0.46813E-04    0.14624E-03    0.38616E-01    0.14136E-02   -0.64578E-02    0.15359E-01    0.19584E-01    0.16421E-02    0.49386E-05    0.48991E-03    0.18908E-06   -0.12100E-05   -0.23537E-03    0.31513E-02    0.89533E-03
   -0.55471E-04    0.29881E-03   -0.88410E-04    0.83691E-04   -0.24142E-02    0.10070E+00   -0.13087E-02    0.29477E-03    0.79608E+00    0.16784E+00    0.24589E-02    0.16536E+00    0.25386E+00    0.13928E-01    0.44488E-04    0.46828E-02    0.18634E-05    0.87956E-06   -0.21713E-02    0.56063E-01    0.15348E-01
    0.21403E-05   -0.21159E-04    0.36031E-05    0.29143E-04   -0.46813E-04   -0.13087E-02    0.74737E-04    0.15670E-04   -0.32142E-01   -0.26330E-02    0.40142E-02   -0.91419E-02   -0.12909E-01   -0.91854E-03    0.47665E-06   -0.35378E-03    0.25805E-07    0.32774E-06    0.44128E-04   -0.25296E-02   -0.93352E-03
    0.52886E-06   -0.32832E-06    0.57049E-06    0.36044E-03    0.14624E-03    0.29477E-03    0.15670E-04    0.72365E-03    0.58249E-01    0.15314E-01    0.14169E-01   -0.22858E-02   -0.12102E-01   -0.19910E-02    0.75410E-05   -0.56881E-03   -0.13235E-06    0.17182E-06    0.32932E-03   -0.16038E-02   -0.70119E-03
   -0.14521E-02    0.94861E-02   -0.16715E-02    0.16640E-01    0.38616E-01    0.79608E+00   -0.32142E-01    0.58249E-01    0.26907E+04    0.19960E+03    0.94880E+02    0.98547E+02   -0.18739E+02   -0.26223E+02    0.36246E-01   -0.50258E+01    0.31961E-03    0.35388E-02    0.24918E+01   -0.58472E+01    0.10869E+02
   -0.54323E-03    0.39759E-02   -0.65066E-03   -0.13477E-02    0.14136E-02    0.16784E+00   -0.26330E-02    0.15314E-01    0.19960E+03    0.16753E+03    0.12049E+03   -0.32155E+02   -0.42296E+02   -0.51079E+01    0.33378E-01   -0.14404E+01    0.89802E-04    0.70720E-03    0.49394E+00   -0.56736E+01    0.20807E+00
   -0.28986E-03    0.30770E-02   -0.44240E-03   -0.16504E-02   -0.64578E-02    0.24589E-02    0.40142E-02    0.14169E-01    0.94880E+02    0.12049E+03    0.20514E+03   -0.30307E+02   -0.79603E+02   -0.35034E+01    0.40224E-01   -0.18706E+01   -0.21242E-04   -0.42859E-02    0.36508E+00   -0.56606E+01    0.55571E+00
   -0.32372E-03    0.11691E-02   -0.22842E-03   -0.46245E-03    0.15359E-01    0.16536E+00   -0.91419E-02   -0.22858E-02    0.98547E+02   -0.32155E+02   -0.30307E+02    0.29685E+02    0.17789E+02   -0.69899E+00   -0.86282E-02    0.96178E-01   -0.95592E-04   -0.37490E-03    0.19154E+00   -0.12029E+00   -0.59055E+00
   -0.38785E-03    0.11771E-02   -0.31018E-03   -0.42238E-02    0.19584E-01    0.25386E+00   -0.12909E-01   -0.12102E-01   -0.18739E+02   -0.42296E+02   -0.79603E+02    0.17789E+02    0.42742E+02    0.20131E+01   -0.17307E-01    0.10195E+01    0.38529E-04    0.22030E-02   -0.19798E+00   -0.20300E+00   -0.52273E-01
   -0.13801E-04    0.40036E-04   -0.14148E-04   -0.71466E-03    0.16421E-02    0.13928E-01   -0.91854E-03   -0.19910E-02   -0.26223E+02   -0.51079E+01   -0.35034E+01   -0.69899E+00    0.20131E+01    0.65998E+00   -0.13223E-02    0.14311E+00    0.15814E-04   -0.16446E-03   -0.55466E-01   -0.54655E-02    0.97039E-01
   -0.13416E-06    0.63648E-06   -0.28198E-06    0.23736E-05    0.49386E-05    0.44488E-04    0.47665E-06    0.75410E-05    0.36246E-01    0.33378E-01    0.40224E-01   -0.86282E-02   -0.17307E-01   -0.13223E-02    0.19355E-03   -0.51214E-03   -0.11388E-06   -0.48857E-06    0.14764E-03   -0.74061E-03   -0.13381E-03
   -0.77013E-05    0.21083E-04   -0.84813E-05   -0.21962E-03    0.48991E-03    0.46828E-02   -0.35378E-03   -0.56881E-03   -0.50258E+01   -0.14404E+01   -0.18706E+01    0.96178E-01    0.10195E+01    0.14311E+00   -0.51214E-03    0.50655E-01    0.30609E-05    0.21570E-04   -0.10117E-01   -0.49480E-02    0.22077E-01
    0.75354E-09   -0.44913E-07    0.38954E-08   -0.34212E-07    0.18908E-06    0.18634E-05    0.25805E-07   -0.13235E-06    0.31961E-03    0.89802E-04   -0.21242E-04   -0.95592E-04    0.38529E-04    0.15814E-04   -0.11388E-06    0.30609E-05    0.15894E-06    0.55853E-08   -0.18341E-05   -0.86797E-05   -0.40440E-04
    0.73820E-08   -0.61581E-07   -0.40426E-08    0.73063E-08   -0.12100E-05    0.87956E-06    0.32774E-06    0.17182E-06    0.35388E-02    0.70720E-03   -0.42859E-02   -0.37490E-03    0.22030E-02   -0.16446E-03   -0.48857E-06    0.21570E-04    0.55853E-08    0.98723E-06    0.19356E-06   -0.20224E-06    0.16955E-05
    0.10795E-05    0.31125E-05    0.14323E-05    0.13153E-03   -0.23537E-03   -0.21713E-02    0.44128E-04    0.32932E-03    0.24918E+01    0.49394E+00    0.36508E+00    0.19154E+00   -0.19798E+00   -0.55466E-01    0.14764E-03   -0.10117E-01   -0.18341E-05    0.19356E-06    0.25354E-01   -0.46081E-03   -0.85682E-02
   -0.78386E-04    0.35069E-03   -0.68625E-04   -0.60383E-03    0.31513E-02    0.56063E-01   -0.25296E-02   -0.16038E-02   -0.58472E+01   -0.56736E+01   -0.56606E+01   -0.12029E+00   -0.20300E+00   -0.54655E-02   -0.74061E-03   -0.49480E-02   -0.86797E-05   -0.20224E-06   -0.46081E-03    0.18851E+01   -0.13710E-01
   -0.29160E-04    0.22093E-03   -0.35682E-04   -0.73168E-03    0.89533E-03    0.15348E-01   -0.93352E-03   -0.70119E-03    0.10869E+02    0.20807E+00    0.55571E+00   -0.59055E+00   -0.52273E-01    0.97039E-01   -0.13381E-03    0.22077E-01   -0.40440E-04    0.16955E-05   -0.85682E-02   -0.13710E-01    0.62108E+00
