# omegabh2 omegach2 theta tau meffsterile nnu logA ns alpha_JLA beta_JLA acib217 acibsz143 asz143 aps100 aps143 aps143217 aps217 aksz kgal100 t1gal143 t1gal143217 t1gal217 galfEE100 galfEE100143 galfEE100217 galfEE143 galfEE143217 galfEE217 galfTE100 galfTE100143 galfTE100217 galfTE143 galfTE143217 galfTE217 calib_100T calib_217T
    0.3691336E-07    0.2364072E-06   -0.1904444E-07    0.8480415E-06    0.4537223E-05    0.1982743E-04    0.2245748E-05    0.8917275E-06    0.1504297E-07    0.5582911E-06   -0.9510250E-05   -0.2437085E-04    0.2419645E-05   -0.5801171E-04   -0.4900849E-04   -0.6346701E-05   -0.6186234E-04    0.1582594E-04    0.4065307E-03    0.1099070E-03    0.1320519E-03    0.1436815E-03    0.1793445E-06    0.2336040E-06    0.2426034E-06    0.2053010E-06    0.2336304E-06    0.1908158E-06   -0.1947439E-05   -0.2921433E-05   -0.3811975E-05   -0.3375580E-05   -0.5042518E-05   -0.8527772E-05   -0.3990754E-07   -0.5297234E-08
    0.2364072E-06    0.8148284E-05   -0.7852163E-06    0.1625688E-05    0.1007217E-04    0.4235178E-03    0.1840709E-04    0.1250113E-04   -0.3424433E-07   -0.7863425E-05    0.4428983E-02    0.2143285E-02    0.3605381E-03    0.6142510E-03   -0.2112008E-02   -0.5944099E-02   -0.6315587E-02    0.9392932E-03    0.7423152E-02    0.8139091E-02    0.9105356E-02    0.9938207E-02    0.1568403E-05    0.9993714E-06    0.8082448E-06    0.4835322E-06    0.3672430E-06    0.4506006E-06   -0.5844230E-05   -0.1460585E-04   -0.2032850E-04   -0.8167021E-05   -0.9180080E-05   -0.6003862E-05   -0.1529673E-06   -0.3330750E-06
   -0.1904444E-07   -0.7852163E-06    0.1482369E-06   -0.1324770E-06   -0.2820318E-05   -0.4450808E-04   -0.1616390E-05   -0.1293990E-05   -0.1053730E-07    0.1485442E-05   -0.4686440E-03   -0.2526741E-03   -0.5977124E-04   -0.9830711E-04    0.2910008E-03    0.6838804E-03    0.6555929E-03   -0.1019628E-03   -0.7053994E-03   -0.9269176E-03   -0.1027701E-02   -0.1121409E-02   -0.2682619E-06   -0.1628340E-06   -0.1907584E-06   -0.8179916E-07   -0.1507502E-06   -0.1218142E-06    0.2599079E-06    0.1246900E-05    0.2115469E-05   -0.3603833E-06   -0.1851125E-06   -0.1830039E-06    0.1799503E-08    0.3390900E-07
    0.8480415E-06    0.1625688E-05   -0.1324770E-06    0.1437830E-03    0.5025980E-03    0.5770071E-03    0.2840976E-03    0.3893218E-04    0.2107731E-05    0.1754830E-04   -0.1590228E-02   -0.5682161E-03   -0.4792266E-03   -0.4548178E-02   -0.3028916E-03    0.1059916E-02    0.7419257E-03   -0.2561553E-03    0.3481688E-03    0.6680485E-02    0.3675451E-02    0.1805710E-02    0.8469709E-05    0.8761434E-05    0.9862091E-05    0.1095293E-04    0.1481314E-04    0.1348118E-04   -0.4687166E-04   -0.6473079E-04   -0.9528182E-04   -0.1785133E-03   -0.2180991E-03   -0.2217116E-03    0.1381597E-05    0.6637122E-06
    0.4537223E-05    0.1007217E-04   -0.2820318E-05    0.5025980E-03    0.1130900E-01    0.4455422E-02    0.1062290E-02    0.7608785E-04    0.1826372E-04    0.3937464E-04   -0.4163244E-03    0.5035591E-02   -0.5699905E-03    0.1092641E+00    0.4647425E-01    0.3374591E-01    0.4493733E-01    0.7837363E-02   -0.5310343E-03    0.4410351E-02    0.4609615E-02    0.4131927E-02    0.1342500E-04    0.1552744E-04    0.1525106E-04    0.1971637E-04    0.5075791E-04    0.4282702E-04   -0.4294827E-03   -0.3452266E-03   -0.3243129E-03   -0.6207951E-03   -0.7558018E-03   -0.7564941E-03   -0.1162234E-05    0.1316220E-05
    0.1982743E-04    0.4235178E-03   -0.4450808E-04    0.5770071E-03    0.4455422E-02    0.2671874E-01    0.1934317E-02    0.9291326E-03    0.1442842E-04   -0.2465042E-03    0.2272959E+00    0.1118265E+00    0.2299145E-01    0.3508923E-01   -0.1266754E+00   -0.3104323E+00   -0.3280372E+00    0.5270127E-01    0.4174062E+00    0.4580256E+00    0.5039030E+00    0.5447474E+00    0.1458172E-03    0.1334187E-03    0.1294371E-03    0.9831860E-04    0.1197962E-03    0.7138554E-04   -0.7233525E-03   -0.1286909E-02   -0.1807397E-02   -0.1245957E-02   -0.1671455E-02   -0.2118531E-02   -0.7782533E-05   -0.1594376E-04
    0.2245748E-05    0.1840709E-04   -0.1616390E-05    0.2840976E-03    0.1062290E-02    0.1934317E-02    0.5979839E-03    0.9829810E-04    0.3879881E-05    0.3156298E-04    0.2830528E-02    0.1301590E-02   -0.9739163E-03    0.2900986E-02    0.4089492E-02    0.3028629E-03   -0.2198019E-02    0.6041133E-03    0.5129489E-02    0.8184121E-02    0.4524607E-02    0.2815420E-02    0.1692079E-04    0.1691898E-04    0.1718580E-04    0.2081667E-04    0.2612877E-04    0.2301471E-04   -0.1093026E-03   -0.1499604E-03   -0.2181772E-03   -0.3503334E-03   -0.4297368E-03   -0.4397983E-03    0.1297578E-05    0.6113638E-06
    0.8917275E-06    0.1250113E-04   -0.1293990E-05    0.3893218E-04    0.7608785E-04    0.9291326E-03    0.9829810E-04    0.5244943E-04    0.1341233E-05    0.2096248E-06   -0.1411499E-02   -0.4892131E-03   -0.6921240E-03   -0.5264618E-02    0.1335919E-02    0.1712142E-02    0.1420204E-02   -0.6014739E-03    0.1182733E-01    0.9231868E-02    0.9078777E-02    0.1064553E-01    0.1088334E-04    0.1165613E-04    0.1297790E-04    0.9734074E-05    0.1313990E-04    0.1044143E-04   -0.4903374E-04   -0.5969591E-04   -0.7950787E-04   -0.5868547E-04   -0.7913581E-04   -0.9971805E-04   -0.1311951E-06   -0.1474703E-06
    0.1504297E-07   -0.3424433E-07   -0.1053730E-07    0.2107731E-05    0.1826372E-04    0.1442842E-04    0.3879881E-05    0.1341233E-05    0.4626104E-04   -0.4074209E-04   -0.5255890E-03   -0.2819166E-04    0.1842470E-03    0.3478162E-02   -0.7356933E-03   -0.9597445E-04    0.6753846E-03    0.1481905E-03   -0.1749902E-02   -0.9071554E-03   -0.6535308E-03   -0.7175096E-03    0.3031806E-06   -0.2529172E-06    0.2515301E-06   -0.1275392E-05   -0.3752621E-06   -0.1839883E-05   -0.1247673E-06   -0.2659728E-05   -0.1503605E-04    0.9143088E-05    0.8023229E-05    0.1320663E-04    0.1057360E-06    0.8552159E-07
    0.5582911E-06   -0.7863425E-05    0.1485442E-05    0.1754830E-04    0.3937464E-04   -0.2465042E-03    0.3156298E-04    0.2096248E-06   -0.4074209E-04    0.6339595E-02   -0.9507969E-02   -0.1014783E-03   -0.9880136E-02    0.1876456E-01    0.8223572E-02   -0.1149686E-01    0.2687142E-02    0.8379849E-02   -0.5906711E-03   -0.4293563E-01   -0.5185810E-01   -0.4759925E-01   -0.2192066E-05   -0.1020068E-05   -0.1583782E-04   -0.8608134E-05   -0.1466382E-04   -0.1579152E-04   -0.2851367E-03   -0.8803225E-04   -0.1617916E-03   -0.2479055E-03   -0.2460575E-03   -0.4488435E-03   -0.3490033E-05   -0.1281659E-06
   -0.9510250E-05    0.4428983E-02   -0.4686440E-03   -0.1590228E-02   -0.4163244E-03    0.2272959E+00    0.2830528E-02   -0.1411499E-02   -0.5255890E-03   -0.9507969E-02    0.7105914E+02    0.2867341E+02    0.1668988E+01    0.1171618E+02   -0.2636725E+02   -0.7587236E+02   -0.8821860E+02   -0.3679211E+01   -0.4306177E+01   -0.9722210E+01   -0.1618451E+02   -0.2197708E+02    0.4807152E-03   -0.1231005E-02   -0.1425968E-02   -0.3412614E-02   -0.3335139E-02   -0.8123529E-02    0.1910704E-01    0.2207733E-01    0.1996060E-01    0.1767890E-01    0.8254843E-02   -0.4997239E-01    0.4481704E-03   -0.2947815E-02
   -0.2437085E-04    0.2143285E-02   -0.2526741E-03   -0.5682161E-03    0.5035591E-02    0.1118265E+00    0.1301590E-02   -0.4892131E-03   -0.2819166E-04   -0.1014783E-03    0.2867341E+02    0.2128050E+02    0.2733195E+01   -0.1467613E+02   -0.2622661E+02   -0.5124323E+02   -0.3013218E+02   -0.2249031E+01   -0.4324876E+01   -0.7745820E+01   -0.1553102E+02   -0.1711928E+02    0.8943073E-03   -0.7430414E-03   -0.7253645E-03   -0.2226154E-02   -0.2011106E-02   -0.4610059E-02    0.4806441E-02    0.1537716E-01    0.3206136E-01    0.2529303E-01    0.4086919E-01    0.5946802E-01    0.1828077E-03   -0.8813398E-04
    0.2419645E-05    0.3605381E-03   -0.5977124E-04   -0.4792266E-03   -0.5699905E-03    0.2299145E-01   -0.9739163E-03   -0.6921240E-03    0.1842470E-03   -0.9880136E-02    0.1668988E+01    0.2733195E+01    0.5537425E+01   -0.3588058E+02   -0.1644286E+02   -0.6159403E+01   -0.1768159E+01   -0.2212838E+00   -0.2772785E+01   -0.1334717E+01    0.2276459E+01    0.2914814E+01    0.4687248E-03    0.5564134E-04   -0.4059832E-03    0.2826947E-03    0.2540556E-03   -0.4249051E-03   -0.4423177E-03   -0.3644201E-02   -0.7620185E-02   -0.1511186E-03   -0.5224644E-03   -0.1070006E-01   -0.1632533E-03    0.1005206E-03
   -0.5801171E-04    0.6142510E-03   -0.9830711E-04   -0.4548178E-02    0.1092641E+00    0.3508923E-01    0.2900986E-02   -0.5264618E-02    0.3478162E-02    0.1876456E-01    0.1171618E+02   -0.1467613E+02   -0.3588058E+02    0.7195791E+03    0.1632014E+03    0.6895815E+02    0.1643112E+02   -0.1296900E+02   -0.4236530E+02    0.1032447E+01   -0.7915754E+01   -0.8922541E+01   -0.1009866E-01   -0.8155970E-02   -0.1042636E-01   -0.1254076E-01   -0.1424671E-01   -0.2070632E-01    0.3200149E-01    0.5624406E-02   -0.8525473E-01   -0.1424685E-01   -0.1213456E+00   -0.2499809E+00   -0.1101676E-02   -0.2690157E-02
   -0.4900849E-04   -0.2112008E-02    0.2910008E-03   -0.3028916E-03    0.4647425E-01   -0.1266754E+00    0.4089492E-02    0.1335919E-02   -0.7356933E-03    0.8223572E-02   -0.2636725E+02   -0.2622661E+02   -0.1644286E+02    0.1632014E+03    0.1171331E+03    0.9814560E+02    0.5670424E+02   -0.1015133E+02   -0.2385963E+01   -0.1048654E+02   -0.4556771E+01   -0.1858981E+01   -0.5266672E-02   -0.3340417E-02   -0.5170081E-02   -0.2230949E-02   -0.3069897E-02   -0.2607116E-02   -0.1141934E-01    0.1624231E-01    0.6899986E-02    0.3486888E-02    0.7832841E-03    0.5012806E-01   -0.3332906E-03   -0.7310297E-03
   -0.6346701E-05   -0.5944099E-02    0.6838804E-03    0.1059916E-02    0.3374591E-01   -0.3104323E+00    0.3028629E-03    0.1712142E-02   -0.9597445E-04   -0.1149686E-01   -0.7587236E+02   -0.5124323E+02   -0.6159403E+01    0.6895815E+02    0.9814560E+02    0.1619922E+03    0.1165237E+03   -0.6307290E+01   -0.2613720E+01   -0.2994104E+01    0.9793306E+01    0.1087321E+02   -0.4952184E-02   -0.7845039E-03   -0.3263591E-02    0.3355147E-02    0.2544100E-02    0.4014567E-02   -0.2016805E-01   -0.1331186E-01   -0.3634680E-01   -0.2653566E-01   -0.4323204E-01   -0.4807524E-01   -0.1020292E-02    0.1684465E-02
   -0.6186234E-04   -0.6315587E-02    0.6555929E-03    0.7419257E-03    0.4493733E-01   -0.3280372E+00   -0.2198019E-02    0.1420204E-02    0.6753846E-03    0.2687142E-02   -0.8821860E+02   -0.3013218E+02   -0.1768159E+01    0.1643112E+02    0.5670424E+02    0.1165237E+03    0.1504742E+03   -0.7568513E+01   -0.7793300E+01   -0.9615053E+01   -0.1379675E+02   -0.1402732E+02   -0.3297693E-02   -0.1156105E-02   -0.3607524E-02    0.1243841E-02    0.5332679E-03    0.1881083E-02   -0.2471418E-01    0.8415098E-02    0.3327676E-01    0.1550398E-01    0.4429493E-01    0.1388506E+00   -0.1008649E-02    0.5621180E-02
    0.1582594E-04    0.9392932E-03   -0.1019628E-03   -0.2561553E-03    0.7837363E-02    0.5270127E-01    0.6041133E-03   -0.6014739E-03    0.1481905E-03    0.8379849E-02   -0.3679211E+01   -0.2249031E+01   -0.2212838E+00   -0.1296900E+02   -0.1015133E+02   -0.6307290E+01   -0.7568513E+01    0.8073312E+01   -0.8434723E+00   -0.2630711E+01   -0.2545915E+01   -0.2491103E+01   -0.1797871E-03   -0.1941717E-03    0.1524582E-03    0.2774933E-03   -0.4521987E-03    0.1170448E-02    0.6524156E-02    0.5852407E-03   -0.5148528E-02    0.1213003E-02   -0.6078978E-02   -0.1660754E-01   -0.1328230E-03    0.9492807E-04
    0.4065307E-03    0.7423152E-02   -0.7053994E-03    0.3481688E-03   -0.5310343E-03    0.4174062E+00    0.5129489E-02    0.1182733E-01   -0.1749902E-02   -0.5906711E-03   -0.4306177E+01   -0.4324876E+01   -0.2772785E+01   -0.4236530E+02   -0.2385963E+01   -0.2613720E+01   -0.7793300E+01   -0.8434723E+00    0.1706537E+03    0.8011779E+02    0.7773826E+02    0.7495950E+02    0.4191606E-02    0.5018650E-02    0.6600601E-02    0.4892638E-02    0.9207788E-02    0.1501074E-01   -0.6899294E-01   -0.1244473E+00   -0.1422821E+00   -0.1008984E+00   -0.9589637E-01   -0.1077823E+00   -0.1269630E-01    0.2894079E-03
    0.1099070E-03    0.8139091E-02   -0.9269176E-03    0.6680485E-02    0.4410351E-02    0.4580256E+00    0.8184121E-02    0.9231868E-02   -0.9071554E-03   -0.4293563E-01   -0.9722210E+01   -0.7745820E+01   -0.1334717E+01    0.1032447E+01   -0.1048654E+02   -0.2994104E+01   -0.9615053E+01   -0.2630711E+01    0.8011779E+02    0.1456373E+03    0.1473382E+03    0.1453778E+03    0.5682869E-02    0.5582860E-02    0.1062820E-01    0.4067365E-02    0.9400249E-02    0.1287478E-01   -0.7892201E-03   -0.1035525E+00   -0.1256419E+00   -0.1577591E+00   -0.1738374E+00   -0.1693430E+00    0.3938939E-02    0.2607095E-03
    0.1320519E-03    0.9105356E-02   -0.1027701E-02    0.3675451E-02    0.4609615E-02    0.5039030E+00    0.4524607E-02    0.9078777E-02   -0.6535308E-03   -0.5185810E-01   -0.1618451E+02   -0.1553102E+02    0.2276459E+01   -0.7915754E+01   -0.4556771E+01    0.9793306E+01   -0.1379675E+02   -0.2545915E+01    0.7773826E+02    0.1473382E+03    0.1869900E+03    0.2095785E+03    0.5537273E-02    0.5200234E-02    0.7804902E-02    0.3881553E-02    0.7036062E-02    0.9088272E-02   -0.4925711E-02   -0.1137814E+00   -0.1572119E+00   -0.1654851E+00   -0.1783865E+00   -0.1400505E+00    0.3484499E-02   -0.4771964E-02
    0.1436815E-03    0.9938207E-02   -0.1121409E-02    0.1805710E-02    0.4131927E-02    0.5447474E+00    0.2815420E-02    0.1064553E-01   -0.7175096E-03   -0.4759925E-01   -0.2197708E+02   -0.1711928E+02    0.2914814E+01   -0.8922541E+01   -0.1858981E+01    0.1087321E+02   -0.1402732E+02   -0.2491103E+01    0.7495950E+02    0.1453778E+03    0.2095785E+03    0.2564507E+03    0.5565918E-02    0.5077656E-02    0.6485339E-02    0.3628766E-02    0.5376671E-02    0.6231970E-02   -0.5964882E-02   -0.1152067E+00   -0.1521163E+00   -0.1501886E+00   -0.1404701E+00   -0.3628451E-01    0.3316833E-02   -0.9097672E-02
    0.1793445E-06    0.1568403E-05   -0.2682619E-06    0.8469709E-05    0.1342500E-04    0.1458172E-03    0.1692079E-04    0.1088334E-04    0.3031806E-06   -0.2192066E-05    0.4807152E-03    0.8943073E-03    0.4687248E-03   -0.1009866E-01   -0.5266672E-02   -0.4952184E-02   -0.3297693E-02   -0.1797871E-03    0.4191606E-02    0.5682869E-02    0.5537273E-02    0.5565918E-02    0.6989779E-04    0.2415554E-04    0.3164487E-04    0.1146429E-04    0.1504015E-04    0.1691797E-04   -0.8849695E-04   -0.7682014E-04   -0.6348010E-04   -0.4468147E-04   -0.3564456E-04   -0.4108406E-04    0.1942189E-06    0.1147936E-06
    0.2336040E-06    0.9993714E-06   -0.1628340E-06    0.8761434E-05    0.1552744E-04    0.1334187E-03    0.1691898E-04    0.1165613E-04   -0.2529172E-06   -0.1020068E-05   -0.1231005E-02   -0.7430414E-03    0.5564134E-04   -0.8155970E-02   -0.3340417E-02   -0.7845039E-03   -0.1156105E-02   -0.1941717E-03    0.5018650E-02    0.5582860E-02    0.5200234E-02    0.5077656E-02    0.2415554E-04    0.4032507E-04    0.3872649E-04    0.2919310E-04    0.3149225E-04    0.3019981E-04   -0.6851372E-04   -0.1061316E-03   -0.1092400E-03   -0.9801842E-04   -0.1046843E-03   -0.1342296E-03    0.1606676E-06    0.9155123E-07
    0.2426034E-06    0.8082448E-06   -0.1907584E-06    0.9862091E-05    0.1525106E-04    0.1294371E-03    0.1718580E-04    0.1297790E-04    0.2515301E-06   -0.1583782E-04   -0.1425968E-02   -0.7253645E-03   -0.4059832E-03   -0.1042636E-01   -0.5170081E-02   -0.3263591E-02   -0.3607524E-02    0.1524582E-03    0.6600601E-02    0.1062820E-01    0.7804902E-02    0.6485339E-02    0.3164487E-04    0.3872649E-04    0.1203917E-03    0.2597684E-04    0.6299071E-04    0.1124007E-03   -0.7160363E-04   -0.1328206E-03   -0.1708169E-03   -0.1084399E-03   -0.2074239E-03   -0.4077321E-03    0.7018103E-06    0.3742243E-06
    0.2053010E-06    0.4835322E-06   -0.8179916E-07    0.1095293E-04    0.1971637E-04    0.9831860E-04    0.2081667E-04    0.9734074E-05   -0.1275392E-05   -0.8608134E-05   -0.3412614E-02   -0.2226154E-02    0.2826947E-03   -0.1254076E-01   -0.2230949E-02    0.3355147E-02    0.1243841E-02    0.2774933E-03    0.4892638E-02    0.4067365E-02    0.3881553E-02    0.3628766E-02    0.1146429E-04    0.2919310E-04    0.2597684E-04    0.8280338E-04    0.5635494E-04    0.4454671E-04   -0.4562445E-04   -0.8344284E-04   -0.6258364E-04   -0.1413358E-03   -0.1309039E-03   -0.1589351E-03    0.1211077E-07    0.1436575E-06
    0.2336304E-06    0.3672430E-06   -0.1507502E-06    0.1481314E-04    0.5075791E-04    0.1197962E-03    0.2612877E-04    0.1313990E-04   -0.3752621E-06   -0.1466382E-04   -0.3335139E-02   -0.2011106E-02    0.2540556E-03   -0.1424671E-01   -0.3069897E-02    0.2544100E-02    0.5332679E-03   -0.4521987E-03    0.9207788E-02    0.9400249E-02    0.7036062E-02    0.5376671E-02    0.1504015E-04    0.3149225E-04    0.6299071E-04    0.5635494E-04    0.1272399E-03    0.1648831E-03   -0.6963362E-04   -0.1084290E-03   -0.1429603E-03   -0.1564876E-03   -0.2376115E-03   -0.4613839E-03    0.2155307E-06    0.5469832E-06
    0.1908158E-06    0.4506006E-06   -0.1218142E-06    0.1348118E-04    0.4282702E-04    0.7138554E-04    0.2301471E-04    0.1044143E-04   -0.1839883E-05   -0.1579152E-04   -0.8123529E-02   -0.4610059E-02   -0.4249051E-03   -0.2070632E-01   -0.2607116E-02    0.4014567E-02    0.1881083E-02    0.1170448E-02    0.1501074E-01    0.1287478E-01    0.9088272E-02    0.6231970E-02    0.1691797E-04    0.3019981E-04    0.1124007E-03    0.4454671E-04    0.1648831E-03    0.6493166E-03   -0.2731056E-04   -0.1030654E-03   -0.1660998E-03   -0.1510785E-03   -0.3480412E-03   -0.6738466E-03   -0.2297764E-06    0.1123441E-05
   -0.1947439E-05   -0.5844230E-05    0.2599079E-06   -0.4687166E-04   -0.4294827E-03   -0.7233525E-03   -0.1093026E-03   -0.4903374E-04   -0.1247673E-06   -0.2851367E-03    0.1910704E-01    0.4806441E-02   -0.4423177E-03    0.3200149E-01   -0.1141934E-01   -0.2016805E-01   -0.2471418E-01    0.6524156E-02   -0.6899294E-01   -0.7892201E-03   -0.4925711E-02   -0.5964882E-02   -0.8849695E-04   -0.6851372E-04   -0.7160363E-04   -0.4562445E-04   -0.6963362E-04   -0.2731056E-04    0.1127714E-01    0.7279563E-02    0.8122675E-02    0.1614931E-02    0.1739624E-02    0.2279816E-02    0.9104714E-05   -0.1382240E-05
   -0.2921433E-05   -0.1460585E-04    0.1246900E-05   -0.6473079E-04   -0.3452266E-03   -0.1286909E-02   -0.1499604E-03   -0.5969591E-04   -0.2659728E-05   -0.8803225E-04    0.2207733E-01    0.1537716E-01   -0.3644201E-02    0.5624406E-02    0.1624231E-01   -0.1331186E-01    0.8415098E-02    0.5852407E-03   -0.1244473E+00   -0.1035525E+00   -0.1137814E+00   -0.1152067E+00   -0.7682014E-04   -0.1061316E-03   -0.1328206E-03   -0.8344284E-04   -0.1084290E-03   -0.1030654E-03    0.7279563E-02    0.1059967E-01    0.1192560E-01    0.6783970E-02    0.6689382E-02    0.6220243E-02    0.6821008E-05   -0.4021627E-06
   -0.3811975E-05   -0.2032850E-04    0.2115469E-05   -0.9528182E-04   -0.3243129E-03   -0.1807397E-02   -0.2181772E-03   -0.7950787E-04   -0.1503605E-04   -0.1617916E-03    0.1996060E-01    0.3206136E-01   -0.7620185E-02   -0.8525473E-01    0.6899986E-02   -0.3634680E-01    0.3327676E-01   -0.5148528E-02   -0.1422821E+00   -0.1256419E+00   -0.1572119E+00   -0.1521163E+00   -0.6348010E-04   -0.1092400E-03   -0.1708169E-03   -0.6258364E-04   -0.1429603E-03   -0.1660998E-03    0.8122675E-02    0.1192560E-01    0.2404995E-01    0.3778267E-02    0.1099074E-01    0.2240623E-01    0.1129771E-04    0.7415597E-06
   -0.3375580E-05   -0.8167021E-05   -0.3603833E-06   -0.1785133E-03   -0.6207951E-03   -0.1245957E-02   -0.3503334E-03   -0.5868547E-04    0.9143088E-05   -0.2479055E-03    0.1767890E-01    0.2529303E-01   -0.1511186E-03   -0.1424685E-01    0.3486888E-02   -0.2653566E-01    0.1550398E-01    0.1213003E-02   -0.1008984E+00   -0.1577591E+00   -0.1654851E+00   -0.1501886E+00   -0.4468147E-04   -0.9801842E-04   -0.1084399E-03   -0.1413358E-03   -0.1564876E-03   -0.1510785E-03    0.1614931E-02    0.6783970E-02    0.3778267E-02    0.1807823E-01    0.1627832E-01    0.1052770E-01   -0.5642514E-05   -0.2121311E-05
   -0.5042518E-05   -0.9180080E-05   -0.1851125E-06   -0.2180991E-03   -0.7558018E-03   -0.1671455E-02   -0.4297368E-03   -0.7913581E-04    0.8023229E-05   -0.2460575E-03    0.8254843E-02    0.4086919E-01   -0.5224644E-03   -0.1213456E+00    0.7832841E-03   -0.4323204E-01    0.4429493E-01   -0.6078978E-02   -0.9589637E-01   -0.1738374E+00   -0.1783865E+00   -0.1404701E+00   -0.3564456E-04   -0.1046843E-03   -0.2074239E-03   -0.1309039E-03   -0.2376115E-03   -0.3480412E-03    0.1739624E-02    0.6689382E-02    0.1099074E-01    0.1627832E-01    0.2654729E-01    0.3864778E-01   -0.4952491E-05   -0.2764272E-05
   -0.8527772E-05   -0.6003862E-05   -0.1830039E-06   -0.2217116E-03   -0.7564941E-03   -0.2118531E-02   -0.4397983E-03   -0.9971805E-04    0.1320663E-04   -0.4488435E-03   -0.4997239E-01    0.5946802E-01   -0.1070006E-01   -0.2499809E+00    0.5012806E-01   -0.4807524E-01    0.1388506E+00   -0.1660754E-01   -0.1077823E+00   -0.1693430E+00   -0.1400505E+00   -0.3628451E-01   -0.4108406E-04   -0.1342296E-03   -0.4077321E-03   -0.1589351E-03   -0.4613839E-03   -0.6738466E-03    0.2279816E-02    0.6220243E-02    0.2240623E-01    0.1052770E-01    0.3864778E-01    0.1019305E+00    0.2127883E-05   -0.3862779E-05
   -0.3990754E-07   -0.1529673E-06    0.1799503E-08    0.1381597E-05   -0.1162234E-05   -0.7782533E-05    0.1297578E-05   -0.1311951E-06    0.1057360E-06   -0.3490033E-05    0.4481704E-03    0.1828077E-03   -0.1632533E-03   -0.1101676E-02   -0.3332906E-03   -0.1020292E-02   -0.1008649E-02   -0.1328230E-03   -0.1269630E-01    0.3938939E-02    0.3484499E-02    0.3316833E-02    0.1942189E-06    0.1606676E-06    0.7018103E-06    0.1211077E-07    0.2155307E-06   -0.2297764E-06    0.9104714E-05    0.6821008E-05    0.1129771E-04   -0.5642514E-05   -0.4952491E-05    0.2127883E-05    0.2344536E-05    0.4323240E-08
   -0.5297234E-08   -0.3330750E-06    0.3390900E-07    0.6637122E-06    0.1316220E-05   -0.1594376E-04    0.6113638E-06   -0.1474703E-06    0.8552159E-07   -0.1281659E-06   -0.2947815E-02   -0.8813398E-04    0.1005206E-03   -0.2690157E-02   -0.7310297E-03    0.1684465E-02    0.5621180E-02    0.9492807E-04    0.2894079E-03    0.2607095E-03   -0.4771964E-02   -0.9097672E-02    0.1147936E-06    0.9155123E-07    0.3742243E-06    0.1436575E-06    0.5469832E-06    0.1123441E-05   -0.1382240E-05   -0.4021627E-06    0.7415597E-06   -0.2121311E-05   -0.2764272E-05   -0.3862779E-05    0.4323240E-08    0.1275733E-05
