# omegabh2 omegach2 theta tau ns nrun logA aps100 aps143 aps217 acib143 acib217 asz143 psr cibr cal0 cal2 xi aksz bm_1_1
    0.85786E-07   -0.34878E-06    0.74292E-07    0.20313E-05    0.87364E-06   -0.10657E-05    0.36398E-05   -0.77089E-04   -0.25878E-04   -0.14803E-04   -0.16994E-03   -0.12822E-03    0.97398E-05   -0.10080E-06    0.17302E-05   -0.80295E-10   -0.10091E-07    0.13970E-05    0.63042E-06   -0.74030E-06
   -0.34878E-06    0.64478E-05   -0.63285E-06   -0.12986E-04   -0.14921E-04   -0.12525E-05   -0.10342E-04    0.11762E-02    0.45916E-04   -0.39125E-04    0.56830E-03    0.11358E-02    0.22365E-04   -0.33348E-05    0.22665E-04    0.18790E-07    0.51734E-07   -0.40427E-04    0.12785E-03    0.10663E-03
    0.74292E-07   -0.63285E-06    0.34255E-06    0.20354E-05    0.18654E-05   -0.19615E-06    0.29140E-05   -0.11906E-03   -0.15536E-04   -0.12883E-04   -0.66804E-04   -0.12197E-03    0.83438E-05   -0.72409E-06    0.29310E-05   -0.69275E-08   -0.18324E-07    0.87238E-05    0.37796E-05   -0.61342E-05
    0.20313E-05   -0.12986E-04    0.20354E-05    0.25011E-03    0.38239E-04   -0.52895E-04    0.48014E-03   -0.41546E-02    0.94788E-04   -0.73049E-04   -0.35588E-02   -0.38219E-02   -0.24479E-03   -0.12769E-05   -0.61591E-04    0.10777E-06    0.85121E-08    0.13324E-03   -0.92430E-04   -0.33880E-03
    0.87364E-06   -0.14921E-04    0.18654E-05    0.38239E-04    0.53446E-04    0.11840E-04    0.36031E-04   -0.58376E-02    0.86541E-03    0.22352E-02   -0.71918E-02   -0.13354E-01   -0.52242E-03    0.30324E-04   -0.27772E-03   -0.14439E-06   -0.40695E-06    0.22925E-03   -0.23000E-02   -0.47727E-03
   -0.10657E-05   -0.12525E-05   -0.19615E-06   -0.52895E-04    0.11840E-04    0.78440E-04   -0.12672E-03   -0.38549E-02    0.93335E-03    0.22636E-02   -0.24179E-02   -0.11322E-01   -0.87616E-03    0.16975E-04   -0.29546E-03    0.57953E-07   -0.45977E-06    0.25661E-03   -0.24844E-02   -0.62534E-03
    0.36398E-05   -0.10342E-04    0.29140E-05    0.48014E-03    0.36031E-04   -0.12672E-03    0.96885E-03   -0.13783E-02    0.95556E-03    0.27749E-03   -0.74437E-02   -0.64164E-02   -0.74715E-03   -0.73030E-06   -0.14202E-03    0.26580E-06    0.38670E-06    0.17168E-03   -0.13670E-03   -0.49671E-04
   -0.77089E-04    0.11762E-02   -0.11906E-03   -0.41546E-02   -0.58376E-02   -0.38549E-02   -0.13783E-02    0.32945E+02    0.14115E+01    0.55614E+00    0.61499E+01   -0.41345E+00   -0.22009E+01   -0.97765E-02   -0.44336E+00   -0.14498E-03    0.64627E-03    0.41141E-01   -0.64659E+00    0.12829E+01
   -0.25878E-04    0.45916E-04   -0.15536E-04    0.94788E-04    0.86541E-03    0.93335E-03    0.95556E-03    0.14115E+01    0.15032E+01    0.88570E+00   -0.25445E+01   -0.30657E+01   -0.38796E+00    0.19760E-02   -0.88604E-01   -0.91376E-05    0.13210E-03    0.16027E+00   -0.58048E+00    0.98121E-02
   -0.14803E-04   -0.39125E-04   -0.12883E-04   -0.73049E-04    0.22352E-02    0.22636E-02    0.27749E-03    0.55614E+00    0.88570E+00    0.22895E+01   -0.29033E+01   -0.89976E+01   -0.30758E+00    0.19248E-01   -0.18798E+00   -0.35637E-04   -0.67538E-03    0.76764E-01   -0.63164E+00    0.18056E-01
   -0.16994E-03    0.56830E-03   -0.66804E-04   -0.35588E-02   -0.71918E-02   -0.24179E-02   -0.74437E-02    0.61499E+01   -0.25445E+01   -0.29033E+01    0.30740E+02    0.15850E+02   -0.70611E+00   -0.11776E-01   -0.25085E-02    0.56824E-04   -0.23207E-03    0.26757E+00   -0.41628E+00   -0.39469E+00
   -0.12822E-03    0.11358E-02   -0.12197E-03   -0.38219E-02   -0.13354E-01   -0.11322E-01   -0.64164E-02   -0.41345E+00   -0.30657E+01   -0.89976E+01    0.15850E+02    0.43717E+02    0.16809E+01   -0.84308E-01    0.93112E+00    0.14140E-03    0.30878E-02   -0.43708E+00   -0.33910E+00    0.21815E-01
    0.97398E-05    0.22365E-04    0.83438E-05   -0.24479E-03   -0.52242E-03   -0.87616E-03   -0.74715E-03   -0.22009E+01   -0.38796E+00   -0.30758E+00   -0.70611E+00    0.16809E+01    0.65067E+00   -0.13748E-02    0.14716E+00    0.49737E-05   -0.14303E-03   -0.46702E-01   -0.26370E-01    0.79878E-01
   -0.10080E-06   -0.33348E-05   -0.72409E-06   -0.12769E-05    0.30324E-04    0.16975E-04   -0.73030E-06   -0.97765E-02    0.19760E-02    0.19248E-01   -0.11776E-01   -0.84308E-01   -0.13748E-02    0.22884E-02   -0.24666E-02   -0.65533E-06   -0.47818E-05    0.18641E-02   -0.45985E-02    0.39585E-03
    0.17302E-05    0.22665E-04    0.29310E-05   -0.61591E-04   -0.27772E-03   -0.29546E-03   -0.14202E-03   -0.44336E+00   -0.88604E-01   -0.18798E+00   -0.25085E-02    0.93112E+00    0.14716E+00   -0.24666E-02    0.52923E-01    0.25306E-05    0.29065E-04   -0.71176E-02   -0.58518E-02    0.15515E-01
   -0.80295E-10    0.18790E-07   -0.69275E-08    0.10777E-06   -0.14439E-06    0.57953E-07    0.26580E-06   -0.14498E-03   -0.91376E-05   -0.35637E-04    0.56824E-04    0.14140E-03    0.49737E-05   -0.65533E-06    0.25306E-05    0.15895E-06    0.73097E-09    0.17270E-05    0.51181E-05   -0.29964E-04
   -0.10091E-07    0.51734E-07   -0.18324E-07    0.85121E-08   -0.40695E-06   -0.45977E-06    0.38670E-06    0.64627E-03    0.13210E-03   -0.67538E-03   -0.23207E-03    0.30878E-02   -0.14303E-03   -0.47818E-05    0.29065E-04    0.73097E-09    0.86812E-06   -0.10646E-04    0.14046E-04   -0.17634E-06
    0.13970E-05   -0.40427E-04    0.87238E-05    0.13324E-03    0.22925E-03    0.25661E-03    0.17168E-03    0.41141E-01    0.16027E+00    0.76764E-01    0.26757E+00   -0.43708E+00   -0.46702E-01    0.18641E-02   -0.71176E-02    0.17270E-05   -0.10646E-04    0.72137E-01    0.10290E-01   -0.88238E-02
    0.63042E-06    0.12785E-03    0.37796E-05   -0.92430E-04   -0.23000E-02   -0.24844E-02   -0.13670E-03   -0.64659E+00   -0.58048E+00   -0.63164E+00   -0.41628E+00   -0.33910E+00   -0.26370E-01   -0.45985E-02   -0.58518E-02    0.51181E-05    0.14046E-04    0.10290E-01    0.20557E+01   -0.13796E-01
   -0.74030E-06    0.10663E-03   -0.61342E-05   -0.33880E-03   -0.47727E-03   -0.62534E-03   -0.49671E-04    0.12829E+01    0.98121E-02    0.18056E-01   -0.39469E+00    0.21815E-01    0.79878E-01    0.39585E-03    0.15515E-01   -0.29964E-04   -0.17634E-06   -0.88238E-02   -0.13796E-01    0.15553E+00
