# omegabh2 omegach2 theta tau mnu logA ns acib217 acibsz143 asz143 aps100 aps143 aps143217 aps217 aksz kgal100 t1gal143 t1gal143217 t1gal217 calib_100T calib_217T
    0.5803679E-07   -0.2118307E-06    0.4743681E-07    0.7449170E-06   -0.6782288E-05    0.1080161E-05    0.6651857E-06   -0.3338294E-03   -0.1519073E-03    0.1457376E-04   -0.9054369E-03   -0.4173216E-03   -0.3031053E-04    0.3436754E-04   -0.6668123E-04    0.8660902E-03    0.4176764E-03    0.4026374E-03    0.3769067E-03   -0.5380554E-07    0.1597456E-07
   -0.2118307E-06    0.4071921E-05   -0.3497051E-06   -0.8546968E-05    0.1480153E-04   -0.7770096E-05   -0.8934249E-05    0.2280022E-03    0.2773716E-04   -0.1982950E-03    0.7915791E-03    0.1622683E-02    0.1041045E-02    0.6874342E-03   -0.6583961E-04    0.1614530E-02    0.1461416E-02    0.1386629E-02    0.1486689E-02   -0.3604395E-07   -0.3027574E-07
    0.4743681E-07   -0.3497051E-06    0.2255154E-06    0.7991316E-06   -0.1274922E-04    0.9980184E-06    0.1049986E-05   -0.6360466E-04   -0.4011464E-04    0.1739524E-04   -0.2896647E-03   -0.3258843E-03   -0.2335958E-03   -0.2532729E-03    0.2271727E-04    0.2593767E-03    0.1482620E-03    0.2286818E-03    0.2439140E-03   -0.1818931E-07   -0.8913295E-09
    0.7449170E-06   -0.8546968E-05    0.7991316E-06    0.1925449E-03    0.1950327E-03    0.3655314E-03    0.3037752E-04   -0.8975623E-02   -0.3761829E-02   -0.7479496E-03   -0.6118956E-02   -0.1155210E-02    0.6697501E-02    0.1005825E-01   -0.2960621E-02   -0.9992143E-02   -0.1245008E-01   -0.1412792E-01   -0.1443590E-01    0.2372149E-06    0.4736879E-06
   -0.6782288E-05    0.1480153E-04   -0.1274922E-04    0.1950327E-03    0.1566454E-01    0.3197121E-03   -0.9196680E-04    0.5386382E-01    0.2690969E-01    0.4371213E-02   -0.2216834E-02   -0.5371572E-02   -0.6238743E-01   -0.7122740E-01    0.1753008E-01    0.8069199E-01    0.1471111E+00    0.1643555E+00    0.1772942E+00    0.3898711E-05   -0.4534414E-05
    0.1080161E-05   -0.7770096E-05    0.9980184E-06    0.3655314E-03    0.3197121E-03    0.7292143E-03    0.3875339E-04   -0.1762572E-01   -0.8284897E-02   -0.2954990E-02    0.1298007E-01    0.1742933E-01    0.3034572E-01    0.3435781E-01   -0.7010051E-02   -0.4175764E-01   -0.7321173E-01   -0.7667717E-01   -0.7688449E-01   -0.2180238E-05    0.7232995E-06
    0.6651857E-06   -0.8934249E-05    0.1049986E-05    0.3037752E-04   -0.9196680E-04    0.3875339E-04    0.3488397E-04   -0.1087129E-01   -0.4752103E-02   -0.1043065E-02   -0.1180956E-01    0.2694095E-02    0.1088150E-01    0.1281290E-01   -0.3123163E-02   -0.1938981E-02   -0.5246544E-02   -0.6665392E-02   -0.6609019E-02    0.2793410E-06    0.5317324E-06
   -0.3338294E-03    0.2280022E-03   -0.6360466E-04   -0.8975623E-02    0.5386382E-01   -0.1762572E-01   -0.1087129E-01    0.6786774E+02    0.2516609E+02    0.7013111E+00    0.1931606E+02   -0.2149053E+02   -0.6683237E+02   -0.8386233E+02   -0.2049364E+01   -0.1286958E+02   -0.2015512E+02   -0.2523200E+02   -0.2976435E+02    0.2330806E-03   -0.3376643E-02
   -0.1519073E-03    0.2773716E-04   -0.4011464E-04   -0.3761829E-02    0.2690969E-01   -0.8284897E-02   -0.4752103E-02    0.2516609E+02    0.1822799E+02    0.2224516E+01   -0.1141070E+02   -0.2296921E+02   -0.4394178E+02   -0.2623020E+02   -0.1027811E+01   -0.7272736E+01   -0.1166250E+02   -0.1863097E+02   -0.1990706E+02   -0.4423609E-05   -0.1947378E-03
    0.1457376E-04   -0.1982950E-03    0.1739524E-04   -0.7479496E-03    0.4371213E-02   -0.2954990E-02   -0.1043065E-02    0.7013111E+00    0.2224516E+01    0.5591230E+01   -0.3663278E+02   -0.1634102E+02   -0.4885169E+01   -0.6837067E+00   -0.1191128E+00   -0.2276720E+01   -0.7947100E+00    0.2689740E+01    0.3089722E+01   -0.1823159E-03    0.2037930E-03
   -0.9054369E-03    0.7915791E-03   -0.2896647E-03   -0.6118956E-02   -0.2216834E-02    0.1298007E-01   -0.1180956E-01    0.1931606E+02   -0.1141070E+02   -0.3663278E+02    0.7407197E+03    0.1731244E+03    0.6993760E+02    0.1515227E+02   -0.1140439E+02   -0.8304511E+02   -0.5209647E+02   -0.5917925E+02   -0.5880130E+02   -0.2039838E-02   -0.3472500E-02
   -0.4173216E-03    0.1622683E-02   -0.3258843E-03   -0.1155210E-02   -0.5371572E-02    0.1742933E-01    0.2694095E-02   -0.2149053E+02   -0.2296921E+02   -0.1634102E+02    0.1731244E+03    0.1262163E+03    0.1008131E+03    0.6068223E+02   -0.1094973E+02   -0.2569924E+02   -0.4389827E+02   -0.3898339E+02   -0.3625568E+02   -0.8456199E-03   -0.7409850E-03
   -0.3031053E-04    0.1041045E-02   -0.2335958E-03    0.6697501E-02   -0.6238743E-01    0.3034572E-01    0.1088150E-01   -0.6683237E+02   -0.4394178E+02   -0.4885169E+01    0.6993760E+02    0.1008131E+03    0.1550847E+03    0.1158409E+03   -0.9020003E+01   -0.1599919E+02   -0.2659975E+02   -0.1668877E+02   -0.1676793E+02   -0.1567905E-02    0.2075341E-02
    0.3436754E-04    0.6874342E-03   -0.2532729E-03    0.1005825E-01   -0.7122740E-01    0.3435781E-01    0.1281290E-01   -0.8386233E+02   -0.2623020E+02   -0.6837067E+00    0.1515227E+02    0.6068223E+02    0.1158409E+03    0.1532541E+03   -0.8888913E+01   -0.1623058E+02   -0.3019976E+02   -0.3665411E+02   -0.3881279E+02   -0.1964988E-02    0.6200424E-02
   -0.6668123E-04   -0.6583961E-04    0.2271727E-04   -0.2960621E-02    0.1753008E-01   -0.7010051E-02   -0.3123163E-02   -0.2049364E+01   -0.1027811E+01   -0.1191128E+00   -0.1140439E+02   -0.1094973E+02   -0.9020003E+01   -0.8888913E+01    0.8104775E+01   -0.2377136E+01   -0.3639528E+01   -0.4109237E+01   -0.4556844E+01   -0.7171311E-04    0.1574365E-03
    0.8660902E-03    0.1614530E-02    0.2593767E-03   -0.9992143E-02    0.8069199E-01   -0.4175764E-01   -0.1938981E-02   -0.1286958E+02   -0.7272736E+01   -0.2276720E+01   -0.8304511E+02   -0.2569924E+02   -0.1599919E+02   -0.1623058E+02   -0.2377136E+01    0.2273505E+03    0.1460670E+03    0.1428049E+03    0.1397293E+03   -0.1287383E-01    0.7480969E-03
    0.4176764E-03    0.1461416E-02    0.1482620E-03   -0.1245008E-01    0.1471111E+00   -0.7321173E-01   -0.5246544E-02   -0.2015512E+02   -0.1166250E+02   -0.7947100E+00   -0.5209647E+02   -0.4389827E+02   -0.2659975E+02   -0.3019976E+02   -0.3639528E+01    0.1460670E+03    0.2705992E+03    0.2745399E+03    0.2735435E+03    0.9374843E-02    0.5842083E-03
    0.4026374E-03    0.1386629E-02    0.2286818E-03   -0.1412792E-01    0.1643555E+00   -0.7667717E-01   -0.6665392E-02   -0.2523200E+02   -0.1863097E+02    0.2689740E+01   -0.5917925E+02   -0.3898339E+02   -0.1668877E+02   -0.3665411E+02   -0.4109237E+01    0.1428049E+03    0.2745399E+03    0.3174675E+03    0.3423263E+03    0.9317763E-02   -0.4840814E-02
    0.3769067E-03    0.1486689E-02    0.2439140E-03   -0.1443590E-01    0.1772942E+00   -0.7688449E-01   -0.6609019E-02   -0.2976435E+02   -0.1990706E+02    0.3089722E+01   -0.5880130E+02   -0.3625568E+02   -0.1676793E+02   -0.3881279E+02   -0.4556844E+01    0.1397293E+03    0.2735435E+03    0.3423263E+03    0.3933321E+03    0.9373903E-02   -0.9724013E-02
   -0.5380554E-07   -0.3604395E-07   -0.1818931E-07    0.2372149E-06    0.3898711E-05   -0.2180238E-05    0.2793410E-06    0.2330806E-03   -0.4423609E-05   -0.1823159E-03   -0.2039838E-02   -0.8456199E-03   -0.1567905E-02   -0.1964988E-02   -0.7171311E-04   -0.1287383E-01    0.9374843E-02    0.9317763E-02    0.9373903E-02    0.3041593E-05   -0.3380149E-07
    0.1597456E-07   -0.3027574E-07   -0.8913295E-09    0.4736879E-06   -0.4534414E-05    0.7232995E-06    0.5317324E-06   -0.3376643E-02   -0.1947378E-03    0.2037930E-03   -0.3472500E-02   -0.7409850E-03    0.2075341E-02    0.6200424E-02    0.1574365E-03    0.7480969E-03    0.5842083E-03   -0.4840814E-02   -0.9724013E-02   -0.3380149E-07    0.1450662E-05
