# omegabh2 omegach2 theta tau nnu yhe ns logA aps100 aps143 aps217 acib143 acib217 asz143 psr cibr cal0 cal2 xi aksz bm_1_1 a_ps_act_148 a_ps_act_217 a_ps_spt_95 a_ps_spt_150 a_ps_spt_220 r_ps_spt_95x150 r_ps_spt_95x220 r_ps_150x220 cal_acts_148 cal_acts_217 cal_acte_148 cal_acte_217 cal_spt_95 cal_spt_150 cal_spt_220
7.974100E-08 5.563400E-07 -2.484400E-08 1.048900E-06 4.382300E-05 6.049500E-07 1.965200E-06 3.615600E-06 1.336770E-03 -6.933600E-05 1.346850E-04 -6.869900E-06 -4.037100E-05 4.126900E-06 -9.886400E-07 2.602200E-08 1.030200E-09 -6.010100E-09 -2.821400E-06 -1.434700E-05 1.232600E-05 1.934400E-07 1.728500E-05 -2.994800E-06 1.056200E-06 2.173800E-05 -8.770900E-07 -9.161800E-07 -1.707000E-07 7.731400E-08 -2.920500E-07 1.422700E-08 -6.001100E-08 3.859500E-07 8.424800E-08 1.599300E-07
5.563400E-07 1.994700E-05 -1.928700E-06 4.704400E-06 1.087900E-03 1.439700E-05 3.162900E-05 5.956200E-05 6.553890E-02 1.113750E-02 9.712800E-03 -4.302600E-04 -2.083500E-04 -3.235800E-05 3.837200E-05 6.500300E-06 -7.134800E-08 -5.716400E-08 -3.696900E-05 1.481100E-04 5.791100E-04 -3.375100E-04 -1.722400E-03 -1.214300E-05 -2.863400E-04 -1.400200E-03 -4.397600E-05 -4.715300E-05 2.789800E-06 -1.521300E-05 -8.579000E-06 -1.508200E-05 -8.704900E-06 -1.329300E-05 -1.308900E-05 -5.549700E-06
-2.484400E-08 -1.928700E-06 4.611200E-07 -5.057000E-07 -1.115400E-04 -1.465400E-06 -2.990400E-06 -5.640600E-06 -7.067340E-03 -1.226520E-03 -1.111230E-03 4.228400E-05 4.407900E-05 4.608400E-06 -3.175700E-06 -8.356400E-07 1.500200E-08 1.596900E-08 4.168900E-06 -1.645500E-05 -6.284600E-05 2.950700E-05 2.212400E-04 -3.679800E-06 4.430100E-05 1.174200E-04 6.018900E-06 6.693500E-06 -2.642500E-07 1.519700E-06 9.096700E-07 1.557400E-06 9.872000E-07 1.822500E-06 1.534000E-06 6.602600E-07
1.048900E-06 4.704400E-06 -5.057000E-07 1.810100E-04 6.265500E-04 8.650100E-06 4.046900E-05 3.715400E-04 -2.443050E-02 -3.353670E-03 3.402810E-04 9.856700E-05 -1.896300E-03 3.828700E-05 -6.010300E-05 -1.725400E-05 7.152600E-08 -8.953700E-07 -3.631300E-05 -3.622500E-04 -2.372700E-04 4.836600E-04 3.056700E-03 2.794600E-04 -5.244400E-05 1.672600E-03 -3.738400E-06 -2.113400E-05 -1.151700E-05 1.014600E-05 -1.591700E-06 7.679300E-06 7.793100E-06 3.877000E-06 5.764300E-06 -8.525900E-06
4.382300E-05 1.087900E-03 -1.115400E-04 6.265500E-04 6.984700E-02 9.281400E-04 2.440400E-03 4.013500E-03 3.722580E+00 6.369390E-01 5.779620E-01 -2.318700E-02 -1.002400E-02 -2.177800E-03 2.148000E-03 3.307800E-04 -2.607800E-06 -1.173300E-06 -2.038200E-03 1.003700E-02 3.252800E-02 -1.945100E-02 -1.015100E-01 4.319400E-05 -1.926000E-02 -7.844500E-02 -2.408600E-03 -2.605800E-03 1.321400E-04 -8.944900E-04 -5.412000E-04 -8.671400E-04 -4.698900E-04 -7.742800E-04 -7.956300E-04 -3.597900E-04
6.049500E-07 1.439700E-05 -1.465400E-06 8.650100E-06 9.281400E-04 1.235100E-05 3.264200E-05 5.393200E-05 4.887720E-02 8.272890E-03 7.618230E-03 -3.047600E-04 -1.552600E-04 -2.591600E-05 2.741100E-05 4.182100E-06 -3.510600E-08 -2.088200E-08 -2.836000E-05 1.208800E-04 4.286200E-04 -2.541700E-04 -1.332000E-03 5.319900E-07 -2.503600E-04 -1.001100E-03 -3.183200E-05 -3.461100E-05 1.648700E-06 -1.165900E-05 -7.291700E-06 -1.132800E-05 -6.238800E-06 -9.907400E-06 -1.032800E-05 -4.625200E-06
1.965200E-06 3.162900E-05 -2.990400E-06 4.046900E-05 2.440400E-03 3.264200E-05 1.130200E-04 1.582800E-04 6.755580E-02 1.078560E-02 1.464660E-02 -6.320900E-04 -8.642400E-05 1.076400E-04 5.133900E-05 8.854100E-06 -1.256900E-07 1.570600E-07 -1.291700E-04 -3.430200E-04 7.483300E-04 -4.737200E-04 -1.949700E-03 -1.122700E-04 -5.023000E-04 -2.016100E-03 -6.897900E-05 -7.787400E-05 -9.586600E-07 -2.371500E-05 -1.507900E-05 -2.268900E-05 -1.137600E-05 -1.616900E-05 -2.002800E-05 -1.418300E-05
3.615600E-06 5.956200E-05 -5.640600E-06 3.715400E-04 4.013500E-03 5.393200E-05 1.582800E-04 8.937800E-04 1.286370E-01 2.036700E-02 2.546100E-02 -8.512800E-04 -4.482500E-03 7.382700E-07 -2.761000E-05 -2.116600E-05 -4.376200E-09 -1.909900E-06 -1.616900E-04 -3.979300E-04 1.215800E-03 1.226500E-04 1.548800E-03 6.616600E-04 -7.908600E-04 -8.618700E-05 -1.162400E-04 -1.580500E-04 -1.557100E-05 -1.850900E-05 -2.808700E-05 -2.274500E-05 -7.413800E-06 -2.396800E-05 -2.172900E-05 -3.018900E-05
1.336770E-03 6.553890E-02 -7.067340E-03 -2.443050E-02 3.722580E+00 4.887720E-02 6.755580E-02 1.286370E-01 2.291004E+03 1.001727E+02 3.778893E+01 -3.081600E+00 1.527840E+00 -2.410470E+00 4.106520E-02 -1.065060E-02 -4.814820E-04 1.263150E-03 1.430910E-02 4.799790E+00 1.582020E+01 -1.969560E+00 -1.001340E+01 1.862460E+00 -1.400040E+00 1.763550E+00 -3.334590E-01 -4.695300E-01 -6.496380E-02 -1.074870E-01 -3.974310E-02 -1.052640E-01 -1.347390E-02 -5.572440E-02 -7.317630E-02 4.367700E-02
-6.933600E-05 1.113750E-02 -1.226520E-03 -3.353670E-03 6.369390E-01 8.272890E-03 1.078560E-02 2.036700E-02 1.001727E+02 4.257765E+01 1.146636E+01 -2.647620E-01 9.225900E-01 -6.729300E-01 -1.030770E-02 -1.397880E-02 -1.584090E-05 -3.944340E-04 2.999520E-02 5.818860E-01 2.839500E-01 4.737600E-03 -1.665360E+00 1.839780E+00 -2.617110E-01 -1.253430E+00 -5.344470E-02 -1.553400E-01 -2.527470E-02 -2.449080E-02 -4.879890E-03 -2.327040E-02 -3.847500E-03 -3.419640E-02 -2.292030E-02 -4.726440E-03
1.346850E-04 9.712800E-03 -1.111230E-03 3.402810E-04 5.779620E-01 7.618230E-03 1.464660E-02 2.546100E-02 3.778893E+01 1.146636E+01 4.989762E+01 -8.772750E-01 -1.402200E+01 4.593960E-01 -1.315710E-01 -6.549030E-03 6.236730E-05 -2.428470E-03 -1.179990E-01 -6.349590E-01 3.263580E-01 -3.940290E-01 -2.600280E-01 -1.331460E+00 -2.110590E-01 4.567680E-01 -2.250450E-02 -3.387600E-03 2.761110E-02 -1.094580E-02 -4.457160E-02 -9.477000E-03 -4.265910E-02 -3.349350E-03 -1.063890E-02 -3.212820E-02
-6.869900E-06 -4.302600E-04 4.228400E-05 9.856700E-05 -2.318700E-02 -3.047600E-04 -6.320900E-04 -8.512800E-04 -3.081600E+00 -2.647620E-01 -8.772750E-01 6.207000E-01 1.118800E+00 9.551800E-02 -1.360700E-03 -2.887500E-03 -1.104400E-05 -3.962600E-06 9.106700E-03 -4.323700E-01 -1.317400E-02 -9.121600E-02 -1.083500E-01 -1.159300E-01 -1.717000E-01 -2.527600E-01 4.386100E-02 3.748400E-02 -5.201400E-03 1.230000E-03 7.034000E-04 7.094600E-04 5.947600E-04 -6.297000E-04 7.151300E-04 -2.541100E-04
-4.037100E-05 -2.083500E-04 4.407900E-05 -1.896300E-03 -1.002400E-02 -1.552600E-04 -8.642400E-05 -4.482500E-03 1.527840E+00 9.225900E-01 -1.402200E+01 1.118800E+00 8.422500E+00 1.215900E-01 8.295800E-02 2.099200E-02 -3.103200E-05 1.171800E-03 -2.703500E-02 -1.070000E+00 1.527100E-02 -1.070400E-01 -1.740300E+00 2.282400E-01 -3.176700E-01 -1.688200E+00 5.982600E-02 4.694400E-02 -2.732100E-02 -1.396300E-03 1.221800E-02 -3.096700E-03 9.837600E-03 -2.788400E-03 -1.328800E-03 7.095400E-03
4.126900E-06 -3.235800E-05 4.608400E-06 3.828700E-05 -2.177800E-03 -2.591600E-05 1.076400E-04 7.382700E-07 -2.410470E+00 -6.729300E-01 4.593960E-01 9.551800E-02 1.215900E-01 8.897700E-02 1.830600E-03 4.994500E-03 -3.012800E-06 -5.273100E-05 -1.187500E-02 -2.123100E-01 5.986300E-03 -3.158000E-02 -1.474300E-01 -1.823700E-01 -3.585400E-02 -1.793300E-01 9.676500E-03 1.748300E-02 -4.032000E-04 6.308200E-04 -1.061800E-03 4.740100E-04 -1.345400E-03 1.525300E-03 4.200000E-04 -9.920900E-04
-9.886400E-07 3.837200E-05 -3.175700E-06 -6.010300E-05 2.148000E-03 2.741100E-05 5.133900E-05 -2.761000E-05 4.106520E-02 -1.030770E-02 -1.315710E-01 -1.360700E-03 8.295800E-02 1.830600E-03 3.116800E-03 -8.714400E-05 -9.379000E-08 1.723000E-05 5.289100E-04 -2.788400E-03 1.568500E-03 2.395300E-03 -5.103700E-02 -5.714400E-03 2.207700E-03 -3.830200E-02 1.526900E-04 9.517600E-04 2.201100E-04 -7.237400E-05 2.818400E-05 -9.971700E-05 -7.197000E-06 -7.513100E-06 -3.769600E-05 4.851400E-05
2.602200E-08 6.500300E-06 -8.356400E-07 -1.725400E-05 3.307800E-04 4.182100E-06 8.854100E-06 -2.116600E-05 -1.065060E-02 -1.397880E-02 -6.549030E-03 -2.887500E-03 2.099200E-02 4.994500E-03 -8.714400E-05 2.025900E-03 -3.266600E-09 -5.606800E-07 -4.084600E-04 -8.607100E-03 8.971800E-04 3.135900E-03 7.509800E-04 -8.775600E-03 1.699600E-03 -1.161900E-02 -8.902000E-05 1.123200E-03 -4.904100E-04 1.651100E-05 2.499500E-05 1.233100E-05 -7.634800E-06 1.049100E-04 -4.871400E-06 3.727800E-05
1.030200E-09 -7.134800E-08 1.500200E-08 7.152600E-08 -2.607800E-06 -3.510600E-08 -1.256900E-07 -4.376200E-09 -4.814820E-04 -1.584090E-05 6.236730E-05 -1.104400E-05 -3.103200E-05 -3.012800E-06 -9.379000E-08 -3.266600E-09 1.612300E-07 5.121500E-09 -9.314900E-08 1.086600E-05 -2.840800E-05 -5.445200E-06 4.797200E-06 3.420100E-05 3.984100E-06 -2.205400E-05 -1.569100E-06 -2.519100E-06 1.580600E-07 -6.555700E-08 8.321100E-08 -1.311900E-07 5.218100E-08 -1.694400E-07 8.872200E-08 5.484600E-07
-6.010100E-09 -5.716400E-08 1.596900E-08 -8.953700E-07 -1.173300E-06 -2.088200E-08 1.570600E-07 -1.909900E-06 1.263150E-03 -3.944340E-04 -2.428470E-03 -3.962600E-06 1.171800E-03 -5.273100E-05 1.723000E-05 -5.606800E-07 5.121500E-09 5.854600E-07 7.807500E-06 6.446700E-05 9.814600E-06 3.927200E-05 -2.040900E-04 1.613300E-04 2.990200E-05 -6.391500E-05 -3.744600E-06 -8.690400E-06 -2.107900E-06 -9.505800E-07 2.757000E-06 -8.886700E-07 2.571200E-06 -6.387500E-08 -1.634900E-07 2.308700E-06
-2.821400E-06 -3.696900E-05 4.168900E-06 -3.631300E-05 -2.038200E-03 -2.836000E-05 -1.291700E-04 -1.616900E-04 1.430910E-02 2.999520E-02 -1.179990E-01 9.106700E-03 -2.703500E-02 -1.187500E-02 5.289100E-04 -4.084600E-04 -9.314900E-08 7.807500E-06 1.018400E-02 4.846800E-02 -2.021500E-03 1.412000E-02 2.018800E-02 7.044900E-03 1.256100E-02 1.493700E-02 1.512000E-03 2.644200E-03 5.158000E-04 2.562300E-05 1.964200E-04 2.804400E-05 2.692100E-04 -1.712700E-04 1.004900E-04 2.055400E-04
-1.434700E-05 1.481100E-04 -1.645500E-05 -3.622500E-04 1.003700E-02 1.208800E-04 -3.430200E-04 -3.979300E-04 4.799790E+00 5.818860E-01 -6.349590E-01 -4.323700E-01 -1.070000E+00 -2.123100E-01 -2.788400E-03 -8.607100E-03 1.086600E-05 6.446700E-05 4.846800E-02 8.607600E-01 -3.718800E-03 5.493800E-02 5.149800E-01 2.220100E-01 1.203200E-01 5.252300E-01 -3.138100E-02 -3.184700E-02 8.741400E-03 -3.682800E-04 2.744100E-03 2.799000E-04 3.386700E-03 -1.902600E-03 7.716700E-05 2.633700E-03
1.232600E-05 5.791100E-04 -6.284600E-05 -2.372700E-04 3.252800E-02 4.286200E-04 7.483300E-04 1.215800E-03 1.582020E+01 2.839500E-01 3.263580E-01 -1.317400E-02 1.527100E-02 5.986300E-03 1.568500E-03 8.971800E-04 -2.840800E-05 9.814600E-06 -2.021500E-03 -3.718800E-03 1.582200E-01 -1.715900E-02 -1.115200E-01 -4.866600E-02 -1.084700E-02 -4.115500E-02 -4.502800E-04 1.713400E-03 1.472600E-05 -5.087600E-04 -5.744200E-04 -5.067600E-04 -4.587700E-04 2.539600E-04 -4.125300E-04 1.227000E-04
1.934400E-07 -3.375100E-04 2.950700E-05 4.836600E-04 -1.945100E-02 -2.541700E-04 -4.737200E-04 1.226500E-04 -1.969560E+00 4.737600E-03 -3.940290E-01 -9.121600E-02 -1.070400E-01 -3.158000E-02 2.395300E-03 3.135900E-03 -5.445200E-06 3.927200E-05 1.412000E-02 5.493800E-02 -1.715900E-02 3.105300E-01 -1.175600E-01 9.043900E-02 1.232400E-01 3.986600E-01 -2.754800E-03 -5.730000E-03 -4.523400E-03 1.824200E-03 -4.074200E-04 1.852900E-03 -3.154600E-04 5.954800E-04 1.431200E-04 1.586500E-03
1.728500E-05 -1.722400E-03 2.212400E-04 3.056700E-03 -1.015100E-01 -1.332000E-03 -1.949700E-03 1.548800E-03 -1.001340E+01 -1.665360E+00 -2.600280E-01 -1.083500E-01 -1.740300E+00 -1.474300E-01 -5.103700E-02 7.509800E-04 4.797200E-06 -2.040900E-04 2.018800E-02 5.149800E-01 -1.115200E-01 -1.175600E-01 1.535900E+01 4.264700E-01 7.815900E-02 2.116300E-01 -2.592900E-02 -2.309300E-02 1.588300E-04 1.541300E-03 5.394900E-02 2.473000E-03 4.418400E-02 2.196000E-03 3.912700E-03 -1.021100E-03
-2.994800E-06 -1.214300E-05 -3.679800E-06 2.794600E-04 4.319400E-05 5.319900E-07 -1.122700E-04 6.616600E-04 1.862460E+00 1.839780E+00 -1.331460E+00 -1.159300E-01 2.282400E-01 -1.823700E-01 -5.714400E-03 -8.775600E-03 3.420100E-05 1.613300E-04 7.044900E-03 2.220100E-01 -4.866600E-02 9.043900E-02 4.264700E-01 1.997700E+00 7.820400E-02 4.366400E-01 -8.082000E-02 -1.016900E-01 -5.186000E-03 -2.117000E-03 2.772500E-03 -1.837100E-03 3.251600E-03 -1.450100E-03 -8.868600E-04 3.322100E-03
1.056200E-06 -2.863400E-04 4.430100E-05 -5.244400E-05 -1.926000E-02 -2.503600E-04 -5.023000E-04 -7.908600E-04 -1.400040E+00 -2.617110E-01 -2.110590E-01 -1.717000E-01 -3.176700E-01 -3.585400E-02 2.207700E-03 1.699600E-03 3.984100E-06 2.990200E-05 1.256100E-02 1.203200E-01 -1.084700E-02 1.232400E-01 7.815900E-02 7.820400E-02 2.334500E-01 1.577800E-01 -8.931700E-03 -4.818500E-03 7.904100E-04 -1.244300E-04 3.889100E-05 5.838300E-05 1.257000E-04 7.106900E-04 1.869300E-04 2.861200E-04
2.173800E-05 -1.400200E-03 1.174200E-04 1.672600E-03 -7.844500E-02 -1.001100E-03 -2.016100E-03 -8.618700E-05 1.763550E+00 -1.253430E+00 4.567680E-01 -2.527600E-01 -1.688200E+00 -1.793300E-01 -3.830200E-02 -1.161900E-02 -2.205400E-05 -6.391500E-05 1.493700E-02 5.252300E-01 -4.115500E-02 3.986600E-01 2.116300E-01 4.366400E-01 1.577800E-01 1.173300E+01 -3.119500E-02 -8.670800E-02 -1.438200E-02 4.198200E-03 -1.962800E-03 3.460200E-03 -1.199200E-03 3.409500E-03 3.402900E-03 3.012600E-02
-8.770900E-07 -4.397600E-05 6.018900E-06 -3.738400E-06 -2.408600E-03 -3.183200E-05 -6.897900E-05 -1.162400E-04 -3.334590E-01 -5.344470E-02 -2.250450E-02 4.386100E-02 5.982600E-02 9.676500E-03 1.526900E-04 -8.902000E-05 -1.569100E-06 -3.744600E-06 1.512000E-03 -3.138100E-02 -4.502800E-04 -2.754800E-03 -2.592900E-02 -8.082000E-02 -8.931700E-03 -3.119500E-02 7.915900E-03 6.819900E-03 -2.364100E-04 1.146400E-04 -6.904700E-05 9.074800E-05 -5.082800E-05 -3.314600E-05 7.274900E-05 -1.174800E-04
-9.161800E-07 -4.715300E-05 6.693500E-06 -2.113400E-05 -2.605800E-03 -3.461100E-05 -7.787400E-05 -1.580500E-04 -4.695300E-01 -1.553400E-01 -3.387600E-03 3.748400E-02 4.694400E-02 1.748300E-02 9.517600E-04 1.123200E-03 -2.519100E-06 -8.690400E-06 2.644200E-03 -3.184700E-02 1.713400E-03 -5.730000E-03 -2.309300E-02 -1.016900E-01 -4.818500E-03 -8.670800E-02 6.819900E-03 1.236700E-02 3.439900E-04 1.773300E-04 -9.473800E-05 1.706000E-04 -1.129100E-04 1.453200E-04 1.399700E-04 -3.474100E-04
-1.707000E-07 2.789800E-06 -2.642500E-07 -1.151700E-05 1.321400E-04 1.648700E-06 -9.586600E-07 -1.557100E-05 -6.496380E-02 -2.527470E-02 2.761110E-02 -5.201400E-03 -2.732100E-02 -4.032000E-04 2.201100E-04 -4.904100E-04 1.580600E-07 -2.107900E-06 5.158000E-04 8.741400E-03 1.472600E-05 -4.523400E-03 1.588300E-04 -5.186000E-03 7.904100E-04 -1.438200E-02 -2.364100E-04 3.439900E-04 5.854500E-04 3.783300E-06 -1.305500E-05 1.345500E-05 -2.009500E-05 2.729000E-05 2.871700E-05 -8.674600E-05
7.731400E-08 -1.521300E-05 1.519700E-06 1.014600E-05 -8.944900E-04 -1.165900E-05 -2.371500E-05 -1.850900E-05 -1.074870E-01 -2.449080E-02 -1.094580E-02 1.230000E-03 -1.396300E-03 6.308200E-04 -7.237400E-05 1.651100E-05 -6.555700E-08 -9.505800E-07 2.562300E-05 -3.682800E-04 -5.087600E-04 1.824200E-03 1.541300E-03 -2.117000E-03 -1.244300E-04 4.198200E-03 1.146400E-04 1.773300E-04 3.783300E-06 1.560400E-04 9.965500E-07 5.792300E-05 8.149300E-06 3.801000E-05 2.768400E-05 1.347900E-05
-2.920500E-07 -8.579000E-06 9.096700E-07 -1.591700E-06 -5.412000E-04 -7.291700E-06 -1.507900E-05 -2.808700E-05 -3.974310E-02 -4.879890E-03 -4.457160E-02 7.034000E-04 1.221800E-02 -1.061800E-03 2.818400E-05 2.499500E-05 8.321100E-08 2.757000E-06 1.964200E-04 2.744100E-03 -5.744200E-04 -4.074200E-04 5.394900E-02 2.772500E-03 3.889100E-05 -1.962800E-03 -6.904700E-05 -9.473800E-05 -1.305500E-05 9.965500E-07 3.671900E-04 1.237200E-05 2.058300E-04 6.271900E-06 1.399400E-05 6.912100E-06
1.422700E-08 -1.508200E-05 1.557400E-06 7.679300E-06 -8.671400E-04 -1.132800E-05 -2.268900E-05 -2.274500E-05 -1.052640E-01 -2.327040E-02 -9.477000E-03 7.094600E-04 -3.096700E-03 4.740100E-04 -9.971700E-05 1.233100E-05 -1.311900E-07 -8.886700E-07 2.804400E-05 2.799000E-04 -5.067600E-04 1.852900E-03 2.473000E-03 -1.837100E-03 5.838300E-05 3.460200E-03 9.074800E-05 1.706000E-04 1.345500E-05 5.792300E-05 1.237200E-05 1.204700E-04 7.419500E-07 3.824000E-05 2.824000E-05 3.465000E-06
-6.001100E-08 -8.704900E-06 9.872000E-07 7.793100E-06 -4.698900E-04 -6.238800E-06 -1.137600E-05 -7.413800E-06 -1.347390E-02 -3.847500E-03 -4.265910E-02 5.947600E-04 9.837600E-03 -1.345400E-03 -7.197000E-06 -7.634800E-06 5.218100E-08 2.571200E-06 2.692100E-04 3.386700E-03 -4.587700E-04 -3.154600E-04 4.418400E-02 3.251600E-03 1.257000E-04 -1.199200E-03 -5.082800E-05 -1.129100E-04 -2.009500E-05 8.149300E-06 2.058300E-04 7.419500E-07 2.439300E-04 -1.163300E-05 1.186300E-05 3.661600E-05
3.859500E-07 -1.329300E-05 1.822500E-06 3.877000E-06 -7.742800E-04 -9.907400E-06 -1.616900E-05 -2.396800E-05 -5.572440E-02 -3.419640E-02 -3.349350E-03 -6.297000E-04 -2.788400E-03 1.525300E-03 -7.513100E-06 1.049100E-04 -1.694400E-07 -6.387500E-08 -1.712700E-04 -1.902600E-03 2.539600E-04 5.954800E-04 2.196000E-03 -1.450100E-03 7.106900E-04 3.409500E-03 -3.314600E-05 1.453200E-04 2.729000E-05 3.801000E-05 6.271900E-06 3.824000E-05 -1.163300E-05 4.170700E-04 4.546600E-05 1.897900E-06
8.424800E-08 -1.308900E-05 1.534000E-06 5.764300E-06 -7.956300E-04 -1.032800E-05 -2.002800E-05 -2.172900E-05 -7.317630E-02 -2.292030E-02 -1.063890E-02 7.151300E-04 -1.328800E-03 4.200000E-04 -3.769600E-05 -4.871400E-06 8.872200E-08 -1.634900E-07 1.004900E-04 7.716700E-05 -4.125300E-04 1.431200E-04 3.912700E-03 -8.868600E-04 1.869300E-04 3.402900E-03 7.274900E-05 1.399700E-04 2.871700E-05 2.768400E-05 1.399400E-05 2.824000E-05 1.186300E-05 4.546600E-05 9.934600E-05 2.428300E-05
1.599300E-07 -5.549700E-06 6.602600E-07 -8.525900E-06 -3.597900E-04 -4.625200E-06 -1.418300E-05 -3.018900E-05 4.367700E-02 -4.726440E-03 -3.212820E-02 -2.541100E-04 7.095400E-03 -9.920900E-04 4.851400E-05 3.727800E-05 5.484600E-07 2.308700E-06 2.055400E-04 2.633700E-03 1.227000E-04 1.586500E-03 -1.021100E-03 3.322100E-03 2.861200E-04 3.012600E-02 -1.174800E-04 -3.474100E-04 -8.674600E-05 1.347900E-05 6.912100E-06 3.465000E-06 3.661600E-05 1.897900E-06 2.428300E-05 5.042900E-04
