# omegabh2 omegach2 theta tau nnu ns logA aps100 aps143 aps217 acib143 acib217 asz143 psr cibr cal0 cal2 xi aksz bm_1_1 a_ps_act_148 a_ps_act_217 a_ps_spt_95 a_ps_spt_150 a_ps_spt_220 r_ps_spt_95x150 r_ps_spt_95x220 r_ps_150x220 cal_acts_148 cal_acts_217 cal_acte_148 cal_acte_217 cal_spt_95 cal_spt_150 cal_spt_220
    0.77997E-07    0.51328E-06   -0.28041E-07    0.93370E-06    0.42041E-04    0.19223E-05    0.33121E-05    0.64028E-04   -0.10437E-04   -0.13776E-04    0.32480E-05    0.33139E-04    0.19327E-05    0.54520E-06    0.22545E-06   -0.20768E-08    0.13204E-07    0.93412E-06   -0.90965E-07    0.63171E-05   -0.20212E-05   -0.82081E-05    0.71366E-05    0.59941E-05    0.24100E-05   -0.42984E-06    0.85347E-06    0.68515E-07    0.81343E-07   -0.24369E-07    0.57338E-07    0.86028E-07    0.42474E-07    0.16623E-06   -0.51854E-07
    0.51328E-06    0.18966E-04   -0.17438E-05    0.20339E-05    0.10254E-02    0.30050E-04    0.52453E-04    0.45770E-02    0.11585E-02    0.84577E-03   -0.24987E-04    0.60515E-03   -0.27514E-04    0.34527E-04    0.10890E-04   -0.14477E-07    0.15953E-06    0.10050E-04    0.99913E-04    0.41823E-03   -0.42330E-03   -0.24569E-02   -0.33779E-03   -0.32533E-03   -0.25219E-02    0.15400E-05    0.23140E-04   -0.83727E-06   -0.14118E-04   -0.10049E-04   -0.15437E-04   -0.10311E-04   -0.16582E-04   -0.11616E-04   -0.12905E-04
   -0.28041E-07   -0.17438E-05    0.42509E-06   -0.26666E-07   -0.99895E-04   -0.27310E-05   -0.42751E-05   -0.45552E-03   -0.11407E-03   -0.82391E-04    0.25619E-05   -0.55350E-04    0.56040E-05   -0.32853E-05   -0.25188E-06    0.40521E-08   -0.16381E-07   -0.17101E-05   -0.16681E-04   -0.39157E-04    0.44760E-04    0.22503E-03    0.16424E-04    0.34494E-04    0.19406E-03   -0.64796E-06   -0.21055E-05   -0.39457E-06    0.14550E-05    0.93962E-06    0.15616E-05    0.91048E-06    0.15418E-05    0.10478E-05    0.75792E-06
    0.93370E-06    0.20339E-05   -0.26666E-07    0.17125E-03    0.46270E-03    0.36883E-04    0.34539E-03   -0.39949E-02   -0.75245E-03   -0.35509E-03    0.28287E-03   -0.91100E-04    0.23787E-03   -0.23793E-04    0.17531E-04    0.12984E-06    0.21398E-07   -0.22001E-04   -0.79802E-03   -0.19840E-03    0.40625E-04    0.14617E-02   -0.37656E-04    0.37260E-03    0.56858E-04   -0.41443E-07    0.58503E-04    0.18922E-07    0.74512E-05    0.27948E-05    0.12688E-04    0.32742E-05    0.13843E-04    0.11773E-04   -0.29380E-05
    0.42041E-04    0.10254E-02   -0.99895E-04    0.46270E-03    0.65896E-01    0.23456E-02    0.35602E-02    0.25821E+00    0.67749E-01    0.44948E-01   -0.17278E-02    0.37867E-01   -0.28372E-02    0.20975E-02    0.46642E-03   -0.93595E-06    0.96570E-05    0.10214E-02    0.13579E-01    0.22846E-01   -0.27964E-01   -0.13582E+00   -0.14584E-01   -0.20463E-01   -0.14948E+00   -0.17122E-03    0.11717E-02    0.12231E-03   -0.84260E-03   -0.53065E-03   -0.84239E-03   -0.53922E-03   -0.95601E-03   -0.61863E-03   -0.75103E-03
    0.19223E-05    0.30050E-04   -0.27310E-05    0.36883E-04    0.23456E-02    0.11196E-03    0.14754E-03    0.37275E-02    0.10886E-02    0.91320E-03   -0.61767E-04    0.42909E-03   -0.30483E-04    0.45055E-04    0.72909E-07   -0.12175E-06    0.24935E-06    0.22947E-04    0.36161E-03    0.47588E-03   -0.81869E-03   -0.32699E-02   -0.28944E-03   -0.48327E-03   -0.35858E-02   -0.14079E-04    0.39503E-04    0.11103E-04   -0.21019E-04   -0.14357E-04   -0.19300E-04   -0.14271E-04   -0.20456E-04   -0.10336E-04   -0.23115E-04
    0.33121E-05    0.52453E-04   -0.42751E-05    0.34539E-03    0.35602E-02    0.14754E-03    0.82587E-03    0.51250E-02    0.12931E-02    0.13841E-02    0.59852E-03    0.17113E-02    0.44578E-03    0.41346E-04    0.66338E-04    0.24115E-06    0.59654E-06   -0.24357E-04   -0.15152E-02    0.91045E-03   -0.97989E-03   -0.37282E-02   -0.10006E-02   -0.85995E-04   -0.68436E-02    0.97636E-05    0.18383E-03   -0.41306E-05   -0.21166E-04   -0.21352E-04   -0.13357E-04   -0.20832E-04   -0.15739E-04   -0.63881E-05   -0.42555E-04
    0.64028E-04    0.45770E-02   -0.45552E-03   -0.39949E-02    0.25821E+00    0.37275E-02    0.51250E-02    0.24899E+02    0.81926E+00    0.18656E+00    0.19223E-01    0.11960E+01   -0.17335E+00    0.94981E-02    0.17367E-02   -0.60825E-04    0.26261E-03   -0.28716E-03    0.16800E+00    0.15682E+01   -0.18188E+00   -0.22391E+00    0.39005E+00   -0.16894E+00   -0.11543E+01   -0.13570E-01   -0.35151E-01   -0.82895E-02   -0.91307E-02    0.35633E-02   -0.85614E-02    0.26075E-02   -0.10974E-01   -0.50044E-02   -0.24110E-02
   -0.10437E-04    0.11585E-02   -0.11407E-03   -0.75245E-03    0.67749E-01    0.10886E-02    0.12931E-02    0.81926E+00    0.52586E+00    0.14077E+00    0.43432E-03    0.19194E+00   -0.61373E-01   -0.88420E-03    0.11797E-02    0.71514E-05   -0.38064E-04    0.55795E-02    0.50728E-01    0.12590E-01   -0.12800E-01   -0.18652E+00    0.11786E+00   -0.45777E-01   -0.31251E+00   -0.69294E-03   -0.87115E-02   -0.35355E-02   -0.27879E-02   -0.30460E-03   -0.27659E-02   -0.45945E-03   -0.41255E-02   -0.24084E-02   -0.72022E-03
   -0.13776E-04    0.84577E-03   -0.82391E-04   -0.35509E-03    0.44948E-01    0.91320E-03    0.13841E-02    0.18656E+00    0.14077E+00    0.61608E+00   -0.63730E-01   -0.15709E+01    0.47201E-01   -0.15909E-01   -0.16943E-02    0.15516E-04   -0.26542E-03   -0.98064E-02   -0.98624E-01    0.24608E-01   -0.30809E-01    0.17532E+00   -0.14624E+00   -0.74826E-02   -0.99033E-01   -0.74836E-03    0.15865E-02    0.19620E-02   -0.12860E-02   -0.43582E-02   -0.11460E-02   -0.45447E-02   -0.99291E-03   -0.12790E-02   -0.39741E-02
    0.32480E-05   -0.24987E-04    0.25619E-05    0.28287E-03   -0.17278E-02   -0.61767E-04    0.59852E-03    0.19223E-01    0.43432E-03   -0.63730E-01    0.62220E+00    0.10887E+01    0.88082E-01   -0.25163E-02   -0.29411E-02   -0.21754E-05    0.14766E-04    0.90405E-02   -0.42060E+00    0.47697E-02   -0.97055E-01   -0.32133E+00    0.16439E-01   -0.17378E+00   -0.22455E+00    0.36976E-01    0.31249E-01   -0.55849E-02   -0.98012E-04    0.19337E-03    0.50468E-04    0.81536E-04   -0.36638E-03    0.23193E-03    0.10327E-02
    0.33139E-04    0.60515E-03   -0.55350E-04   -0.91100E-04    0.37867E-01    0.42909E-03    0.17113E-02    0.11960E+01    0.19194E+00   -0.15709E+01    0.10887E+01    0.84395E+01    0.84998E-01    0.80482E-01    0.19769E-01   -0.40109E-04    0.11903E-02   -0.19846E-01   -0.83846E+00    0.40893E-01   -0.22634E+00   -0.26104E+01    0.28002E+00   -0.41896E+00   -0.16481E+01    0.52947E-01    0.40090E-01   -0.22253E-01   -0.22113E-02    0.93978E-02   -0.23181E-02    0.10254E-01   -0.33650E-02   -0.14998E-02    0.10074E-01
    0.19327E-05   -0.27514E-04    0.56040E-05    0.23787E-03   -0.28372E-02   -0.30483E-04    0.44578E-03   -0.17335E+00   -0.61373E-01    0.47201E-01    0.88082E-01    0.84998E-01    0.75617E-01    0.15750E-02    0.37853E-02   -0.24558E-05   -0.46322E-04   -0.85795E-02   -0.18207E+00    0.10163E-01   -0.29273E-01   -0.18796E+00   -0.13996E+00   -0.28061E-01   -0.15786E+00    0.68103E-02    0.13865E-01   -0.23967E-05    0.47484E-03   -0.13420E-02    0.40093E-03   -0.12663E-02    0.93272E-03    0.22283E-03   -0.60961E-03
    0.54520E-06    0.34527E-04   -0.32853E-05   -0.23793E-04    0.20975E-02    0.45055E-04    0.41346E-04    0.94981E-02   -0.88420E-03   -0.15909E-01   -0.25163E-02    0.80482E-01    0.15750E-02    0.30733E-02   -0.11306E-03   -0.12620E-06    0.13319E-04    0.46086E-03   -0.60006E-03    0.11802E-02   -0.23940E-03   -0.57957E-01   -0.53620E-02    0.14545E-02   -0.35094E-01   -0.65410E-05    0.83815E-03    0.35675E-03   -0.59188E-04   -0.29168E-04   -0.78009E-04   -0.16929E-04   -0.24921E-04   -0.54564E-04    0.87760E-05
    0.22545E-06    0.10890E-04   -0.25188E-06    0.17531E-04    0.46642E-03    0.72909E-07    0.66338E-04    0.17367E-02    0.11797E-02   -0.16943E-02   -0.29411E-02    0.19769E-01    0.37853E-02   -0.11306E-03    0.20822E-02   -0.24788E-06    0.39155E-06    0.23506E-03   -0.46873E-02    0.12873E-02    0.42476E-02   -0.23383E-02   -0.11452E-01    0.18058E-02   -0.78701E-02    0.90283E-04    0.14390E-02   -0.47487E-03    0.33980E-04    0.33497E-05    0.29782E-04    0.98759E-05    0.34201E-04    0.92174E-05    0.34947E-04
   -0.20768E-08   -0.14477E-07    0.40521E-08    0.12984E-06   -0.93595E-06   -0.12175E-06    0.24115E-06   -0.60825E-04    0.71514E-05    0.15516E-04   -0.21754E-05   -0.40109E-04   -0.24558E-05   -0.12620E-06   -0.24788E-06    0.16098E-06   -0.58792E-08    0.26611E-06    0.33888E-05   -0.26451E-04    0.40483E-05   -0.30253E-04    0.21818E-04    0.30783E-05   -0.67668E-04   -0.12613E-05    0.30160E-06    0.12290E-06   -0.63957E-07   -0.15918E-06    0.44917E-07   -0.18704E-06   -0.14265E-06   -0.14237E-06   -0.37385E-06
    0.13204E-07    0.15953E-06   -0.16381E-07    0.21398E-07    0.96570E-05    0.24935E-06    0.59654E-06    0.26261E-03   -0.38064E-04   -0.26542E-03    0.14766E-04    0.11903E-02   -0.46322E-04    0.13319E-04    0.39155E-06   -0.58792E-08    0.54638E-06    0.27643E-05    0.59884E-04    0.83106E-05    0.37487E-05   -0.20797E-03    0.13811E-03   -0.78990E-05   -0.12417E-03   -0.30193E-05   -0.72250E-05   -0.18158E-05   -0.23574E-06    0.27665E-05   -0.13207E-06    0.27747E-05   -0.70373E-06   -0.23312E-06    0.21127E-05
    0.93412E-06    0.10050E-04   -0.17101E-05   -0.22001E-04    0.10214E-02    0.22947E-04   -0.24357E-04   -0.28716E-03    0.55795E-02   -0.98064E-02    0.90405E-02   -0.19846E-01   -0.85795E-02    0.46086E-03    0.23506E-03    0.26611E-06    0.27643E-05    0.85338E-02    0.38206E-01   -0.19351E-02    0.14892E-01    0.12864E-01    0.88483E-02    0.11727E-01    0.21326E-01    0.14279E-02    0.31937E-02    0.30767E-03   -0.41533E-05    0.16327E-03   -0.13565E-04    0.13279E-03   -0.85444E-04    0.34097E-04    0.14218E-03
   -0.90965E-07    0.99913E-04   -0.16681E-04   -0.79802E-03    0.13579E-01    0.36161E-03   -0.15152E-02    0.16800E+00    0.50728E-01   -0.98624E-01   -0.42060E+00   -0.83846E+00   -0.18207E+00   -0.60006E-03   -0.46873E-02    0.33888E-05    0.59884E-04    0.38206E-01    0.75786E+00   -0.22322E-01    0.61666E-01    0.57128E+00    0.12282E+00    0.10957E+00    0.47774E+00   -0.24808E-01   -0.24283E-01    0.68393E-02    0.33292E-03    0.30871E-02    0.32064E-03    0.29048E-02   -0.56569E-03    0.24990E-03    0.14503E-02
    0.63171E-05    0.41823E-03   -0.39157E-04   -0.19840E-03    0.22846E-01    0.47588E-03    0.91045E-03    0.15682E+01    0.12590E-01    0.24608E-01    0.47697E-02    0.40893E-01    0.10163E-01    0.11802E-02    0.12873E-02   -0.26451E-04    0.83106E-05   -0.19351E-02   -0.22322E-01    0.14605E+00   -0.17770E-01   -0.95628E-01   -0.31763E-01   -0.12720E-01   -0.12206E+00    0.33285E-03    0.17776E-02   -0.25371E-04   -0.43595E-03   -0.31471E-03   -0.39372E-03   -0.45313E-03   -0.27481E-03   -0.18640E-03   -0.55974E-03
   -0.20212E-05   -0.42330E-03    0.44760E-04    0.40625E-04   -0.27964E-01   -0.81869E-03   -0.97989E-03   -0.18188E+00   -0.12800E-01   -0.30809E-01   -0.97055E-01   -0.22634E+00   -0.29273E-01   -0.23940E-03    0.42476E-02    0.40483E-05    0.37487E-05    0.14892E-01    0.61666E-01   -0.17770E-01    0.32905E+00   -0.92634E-01    0.52376E-01    0.12588E+00    0.46346E+00   -0.59353E-03   -0.16590E-02   -0.47072E-02    0.21678E-02   -0.44116E-03    0.22751E-02   -0.29202E-03   -0.32606E-03    0.27548E-03    0.16016E-02
   -0.82081E-05   -0.24569E-02    0.22503E-03    0.14617E-02   -0.13582E+00   -0.32699E-02   -0.37282E-02   -0.22391E+00   -0.18652E+00    0.17532E+00   -0.32133E+00   -0.26104E+01   -0.18796E+00   -0.57957E-01   -0.23383E-02   -0.30253E-04   -0.20797E-03    0.12864E-01    0.57128E+00   -0.95628E-01   -0.92634E-01    0.15165E+02    0.40848E+00    0.81987E-01    0.17816E+01   -0.35467E-01   -0.56249E-01   -0.26006E-02    0.18508E-02    0.50627E-01    0.86732E-03    0.38833E-01    0.27132E-02    0.32088E-02    0.34455E-02
    0.71366E-05   -0.33779E-03    0.16424E-04   -0.37656E-04   -0.14584E-01   -0.28944E-03   -0.10006E-02    0.39005E+00    0.11786E+00   -0.14624E+00    0.16439E-01    0.28002E+00   -0.13996E+00   -0.53620E-02   -0.11452E-01    0.21818E-04    0.13811E-03    0.88483E-02    0.12282E+00   -0.31763E-01    0.52376E-01    0.40848E+00    0.19036E+01    0.35417E-01    0.31437E+00   -0.69007E-01   -0.84653E-01   -0.38253E-02   -0.17357E-02    0.30463E-02   -0.16092E-02    0.32177E-02    0.85751E-03   -0.23900E-04    0.21957E-02
    0.59941E-05   -0.32533E-03    0.34494E-04    0.37260E-03   -0.20463E-01   -0.48327E-03   -0.85995E-04   -0.16894E+00   -0.45777E-01   -0.74826E-02   -0.17378E+00   -0.41896E+00   -0.28061E-01    0.14545E-02    0.18058E-02    0.30783E-05   -0.78990E-05    0.11727E-01    0.10957E+00   -0.12720E-01    0.12588E+00    0.81987E-01    0.35417E-01    0.23369E+00    0.18566E+00   -0.64858E-02   -0.70496E-03    0.12811E-02    0.30912E-03   -0.38879E-03    0.19998E-03   -0.21465E-03    0.59899E-03    0.25091E-03   -0.76525E-04
    0.24100E-05   -0.25219E-02    0.19406E-03    0.56858E-04   -0.14948E+00   -0.35858E-02   -0.68436E-02   -0.11543E+01   -0.31251E+00   -0.99033E-01   -0.22455E+00   -0.16481E+01   -0.15786E+00   -0.35094E-01   -0.78701E-02   -0.67668E-04   -0.12417E-03    0.21326E-01    0.47774E+00   -0.12206E+00    0.46346E+00    0.17816E+01    0.31437E+00    0.18566E+00    0.11948E+02   -0.16188E-01   -0.67700E-01   -0.15996E-01    0.45632E-02    0.43145E-02    0.57140E-02    0.42945E-02    0.15397E-02    0.59358E-02    0.30336E-01
   -0.42984E-06    0.15400E-05   -0.64796E-06   -0.41443E-07   -0.17122E-03   -0.14079E-04    0.97636E-05   -0.13570E-01   -0.69294E-03   -0.74836E-03    0.36976E-01    0.52947E-01    0.68103E-02   -0.65410E-05    0.90283E-04   -0.12613E-05   -0.30193E-05    0.14279E-02   -0.24808E-01    0.33285E-03   -0.59353E-03   -0.35467E-01   -0.69007E-01   -0.64858E-02   -0.16188E-01    0.70211E-02    0.58155E-02   -0.36133E-03    0.37581E-04   -0.86295E-04    0.32473E-04   -0.98931E-04   -0.10916E-03    0.10277E-04    0.23534E-04
    0.85347E-06    0.23140E-04   -0.21055E-05    0.58503E-04    0.11717E-02    0.39503E-04    0.18383E-03   -0.35151E-01   -0.87115E-02    0.15865E-02    0.31249E-01    0.40090E-01    0.13865E-01    0.83815E-03    0.14390E-02    0.30160E-06   -0.72250E-05    0.31937E-02   -0.24283E-01    0.17776E-02   -0.16590E-02   -0.56249E-01   -0.84653E-01   -0.70496E-03   -0.67700E-01    0.58155E-02    0.11908E-01    0.24613E-03    0.98657E-04   -0.22645E-03    0.61523E-04   -0.21199E-03    0.24158E-04    0.36513E-04   -0.28922E-03
    0.68515E-07   -0.83727E-06   -0.39457E-06    0.18922E-07    0.12231E-03    0.11103E-04   -0.41306E-05   -0.82895E-02   -0.35355E-02    0.19620E-02   -0.55849E-02   -0.22253E-01   -0.23967E-05    0.35675E-03   -0.47487E-03    0.12290E-06   -0.18158E-05    0.30767E-03    0.68393E-02   -0.25371E-04   -0.47072E-02   -0.26006E-02   -0.38253E-02    0.12811E-02   -0.15996E-01   -0.36133E-03    0.24613E-03    0.59359E-03    0.11688E-05   -0.36319E-04   -0.12624E-05   -0.34456E-04    0.53058E-04    0.11628E-04   -0.10433E-03
    0.81343E-07   -0.14118E-04    0.14550E-05    0.74512E-05   -0.84260E-03   -0.21019E-04   -0.21166E-04   -0.91307E-02   -0.27879E-02   -0.12860E-02   -0.98012E-04   -0.22113E-02    0.47484E-03   -0.59188E-04    0.33980E-04   -0.63957E-07   -0.23574E-06   -0.41533E-05    0.33292E-03   -0.43595E-03    0.21678E-02    0.18508E-02   -0.17357E-02    0.30912E-03    0.45632E-02    0.37581E-04    0.98657E-04    0.11688E-05    0.15162E-03    0.63286E-05    0.60151E-04    0.11875E-04    0.34524E-04    0.25677E-04    0.19472E-04
   -0.24369E-07   -0.10049E-04    0.93962E-06    0.27948E-05   -0.53065E-03   -0.14357E-04   -0.21352E-04    0.35633E-02   -0.30460E-03   -0.43582E-02    0.19337E-03    0.93978E-02   -0.13420E-02   -0.29168E-04    0.33497E-05   -0.15918E-06    0.27665E-05    0.16327E-03    0.30871E-02   -0.31471E-03   -0.44116E-03    0.50627E-01    0.30463E-02   -0.38879E-03    0.43145E-02   -0.86295E-04   -0.22645E-03   -0.36319E-04    0.63286E-05    0.33680E-03    0.69530E-05    0.18410E-03   -0.21196E-05    0.18112E-04    0.55355E-04
    0.57338E-07   -0.15437E-04    0.15616E-05    0.12688E-04   -0.84239E-03   -0.19300E-04   -0.13357E-04   -0.85614E-02   -0.27659E-02   -0.11460E-02    0.50468E-04   -0.23181E-02    0.40093E-03   -0.78009E-04    0.29782E-04    0.44917E-07   -0.13207E-06   -0.13565E-04    0.32064E-03   -0.39372E-03    0.22751E-02    0.86732E-03   -0.16092E-02    0.19998E-03    0.57140E-02    0.32473E-04    0.61523E-04   -0.12624E-05    0.60151E-04    0.69530E-05    0.12671E-03    0.51532E-05    0.27464E-04    0.23098E-04    0.25444E-04
    0.86028E-07   -0.10311E-04    0.91048E-06    0.32742E-05   -0.53922E-03   -0.14271E-04   -0.20832E-04    0.26075E-02   -0.45945E-03   -0.45447E-02    0.81536E-04    0.10254E-01   -0.12663E-02   -0.16929E-04    0.98759E-05   -0.18704E-06    0.27747E-05    0.13279E-03    0.29048E-02   -0.45313E-03   -0.29202E-03    0.38833E-01    0.32177E-02   -0.21465E-03    0.42945E-02   -0.98931E-04   -0.21199E-03   -0.34456E-04    0.11875E-04    0.18410E-03    0.51532E-05    0.22058E-03    0.82311E-05    0.14556E-04    0.51640E-04
    0.42474E-07   -0.16582E-04    0.15418E-05    0.13843E-04   -0.95601E-03   -0.20456E-04   -0.15739E-04   -0.10974E-01   -0.41255E-02   -0.99291E-03   -0.36638E-03   -0.33650E-02    0.93272E-03   -0.24921E-04    0.34201E-04   -0.14265E-06   -0.70373E-06   -0.85444E-04   -0.56569E-03   -0.27481E-03   -0.32606E-03    0.27132E-02    0.85751E-03    0.59899E-03    0.15397E-02   -0.10916E-03    0.24158E-04    0.53058E-04    0.34524E-04   -0.21196E-05    0.27464E-04    0.82311E-05    0.40786E-03    0.49610E-04    0.40105E-05
    0.16623E-06   -0.11616E-04    0.10478E-05    0.11773E-04   -0.61863E-03   -0.10336E-04   -0.63881E-05   -0.50044E-02   -0.24084E-02   -0.12790E-02    0.23193E-03   -0.14998E-02    0.22283E-03   -0.54564E-04    0.92174E-05   -0.14237E-06   -0.23312E-06    0.34097E-04    0.24990E-03   -0.18640E-03    0.27548E-03    0.32088E-02   -0.23900E-04    0.25091E-03    0.59358E-02    0.10277E-04    0.36513E-04    0.11628E-04    0.25677E-04    0.18112E-04    0.23098E-04    0.14556E-04    0.49610E-04    0.91520E-04    0.25178E-04
   -0.51854E-07   -0.12905E-04    0.75792E-06   -0.29380E-05   -0.75103E-03   -0.23115E-04   -0.42555E-04   -0.24110E-02   -0.72022E-03   -0.39741E-02    0.10327E-02    0.10074E-01   -0.60961E-03    0.87760E-05    0.34947E-04   -0.37385E-06    0.21127E-05    0.14218E-03    0.14503E-02   -0.55974E-03    0.16016E-02    0.34455E-02    0.21957E-02   -0.76525E-04    0.30336E-01    0.23534E-04   -0.28922E-03   -0.10433E-03    0.19472E-04    0.55355E-04    0.25444E-04    0.51640E-04    0.40105E-05    0.25178E-04    0.51473E-03
