# omegabh2 omegach2 theta tau nnu logA ns calPlanck acib217 xi asz143 aps100 aps143 aps143217 aps217 aksz kgal100 kgal143 kgal143217 kgal217 galfEE100 galfEE100143 galfEE100217 galfEE143 galfEE143217 galfEE217 galfTE100 galfTE100143 galfTE100217 galfTE143 galfTE143217 galfTE217 cal0 cal2
    0.3808342E-07    0.3404072E-06   -0.3398179E-07    0.1174386E-05    0.2578044E-04    0.3272610E-05    0.1118520E-05   -0.3643754E-10    0.5445728E-05   -0.1867730E-06    0.2132211E-05    0.1950507E-03    0.2530239E-04    0.4732930E-04    0.2708651E-04   -0.2408295E-05    0.9440280E-05    0.6777382E-05    0.1368470E-04    0.4966845E-04    0.1142342E-06    0.5238937E-07    0.6799736E-08    0.5018673E-07    0.9936857E-07    0.5465322E-06   -0.3021709E-06   -0.1652766E-06   -0.8068564E-07   -0.5498243E-07   -0.4558107E-06   -0.1060129E-07    0.3911783E-08    0.1074153E-07
    0.3404072E-06    0.9261543E-05   -0.1013950E-05    0.5383124E-05    0.5297654E-03    0.3411115E-04    0.1640604E-04    0.4695072E-07    0.3210583E-02   -0.3354244E-04   -0.5386166E-03    0.1094265E-01    0.5310674E-02    0.1528756E-02   -0.1615203E-02    0.9475966E-03    0.7268253E-04    0.2031766E-03    0.1915688E-03   -0.4390713E-03    0.1602151E-05    0.1505045E-06   -0.3817467E-06    0.5434109E-06    0.3833414E-06    0.1945473E-05    0.2855792E-05    0.2353618E-05   -0.1162386E-04    0.1509991E-05    0.2050285E-05    0.1689790E-04   -0.1156080E-06    0.3790047E-06
   -0.3398179E-07   -0.1013950E-05    0.1960211E-06   -0.7374644E-06   -0.6069162E-04   -0.3852984E-05   -0.1870073E-05    0.4824256E-07   -0.3292758E-03    0.1764402E-05    0.6413680E-04   -0.1226981E-02   -0.5852467E-03   -0.1932305E-03    0.1895598E-03   -0.1248114E-03   -0.5531171E-05   -0.2274426E-04   -0.4964516E-04    0.2536093E-04   -0.1987956E-06   -0.4351737E-07   -0.3645361E-07   -0.8582032E-07   -0.1417701E-06   -0.8593976E-06   -0.3920442E-06   -0.1623658E-06    0.1693986E-05    0.7645637E-07    0.5656352E-06   -0.1486768E-05    0.1188358E-07   -0.4505300E-07
    0.1174386E-05    0.5383124E-05   -0.7374644E-06    0.2599659E-03    0.6416185E-03    0.5309901E-03    0.4327447E-04   -0.9338245E-06   -0.9572713E-02    0.2530507E-03    0.4918874E-03   -0.2343121E-01   -0.7369474E-02    0.2895831E-02    0.8855407E-02   -0.1885101E-02    0.4933503E-04   -0.4590276E-03   -0.9072592E-03    0.3204085E-02    0.1074814E-04    0.1890089E-05    0.3050551E-05    0.8504735E-07   -0.2546423E-05    0.2219598E-04   -0.6319334E-04   -0.2146363E-04   -0.8980255E-04   -0.5000665E-05   -0.1421725E-04    0.5182940E-04    0.1124731E-08   -0.6493384E-06
    0.2578044E-04    0.5297654E-03   -0.6069162E-04    0.6416185E-03    0.3406034E-01    0.2620437E-02    0.1208805E-02    0.2554871E-07    0.1856219E+00   -0.2205041E-02   -0.3214547E-01    0.6739043E+00    0.2994217E+00    0.7680318E-01   -0.1018585E+00    0.5788488E-01    0.8901766E-02    0.1319834E-01    0.1140291E-01   -0.2088978E-01    0.1278238E-03    0.2872419E-04   -0.6100650E-05    0.4032561E-04    0.2799601E-04    0.3171814E-03    0.3965320E-04    0.5538036E-04   -0.2713855E-03    0.6005378E-04   -0.7822119E-04    0.9969747E-03   -0.4928481E-05    0.2245667E-04
    0.3272610E-05    0.3411115E-04   -0.3852984E-05    0.5309901E-03    0.2620437E-02    0.1173679E-02    0.1273777E-03    0.1204810E-04   -0.9769237E-02    0.4786324E-03    0.3113513E-04   -0.1732890E-01    0.8047550E-03    0.1435402E-01    0.1912602E-01   -0.2771283E-02    0.8877038E-04   -0.9065023E-03   -0.1703077E-02    0.6521294E-02    0.2682606E-04    0.4303349E-05    0.3495728E-05    0.2097532E-05   -0.7506169E-05    0.4818437E-04   -0.1212325E-03   -0.3509763E-04   -0.2074556E-03   -0.4365702E-05   -0.2304180E-04    0.1610673E-03   -0.5519420E-07   -0.1770007E-06
    0.1118520E-05    0.1640604E-04   -0.1870073E-05    0.4327447E-04    0.1208805E-02    0.1273777E-03    0.5976994E-04    0.4615228E-06    0.1718889E-03    0.5409653E-04   -0.4054551E-04   -0.8951061E-03    0.4482236E-02    0.6504454E-02    0.4676039E-02   -0.8578110E-03    0.4292608E-03    0.2672039E-04   -0.1634711E-03    0.1129340E-02    0.7634351E-05    0.2483494E-05    0.2212575E-06    0.3081955E-05   -0.1249780E-05    0.2321112E-04   -0.3591535E-05   -0.9761659E-06    0.2984290E-04   -0.2558328E-05   -0.1018107E-04    0.5010254E-04   -0.3418539E-06    0.4134690E-06
   -0.3643754E-10    0.4695072E-07    0.4824256E-07   -0.9338245E-06    0.2554871E-07    0.1204810E-04    0.4615228E-06    0.6917456E-05    0.1161635E-02    0.7600914E-05    0.1618900E-03    0.1710579E-02    0.7623807E-03    0.1267355E-02    0.1442659E-02   -0.2984755E-03   -0.3171648E-04   -0.2193607E-04   -0.5133125E-04    0.5255299E-03    0.1142034E-05    0.2267870E-06   -0.8896767E-06    0.4973828E-06   -0.1413645E-05   -0.6129533E-06    0.4384980E-06    0.1479674E-05   -0.2881286E-05    0.1453392E-06   -0.1592707E-06    0.8180801E-05   -0.6853225E-08    0.6337722E-07
    0.5445728E-05    0.3210583E-02   -0.3292758E-03   -0.9572713E-02    0.1856219E+00   -0.9769237E-02    0.1718889E-03    0.1161635E-02    0.5022698E+02   -0.5228152E+00   -0.1394053E+01    0.4542898E+02    0.1916008E+01   -0.2065603E+02   -0.6669541E+02    0.4042621E+00   -0.3210440E+00    0.2128116E+00   -0.3478307E+01   -0.2643830E+02    0.3927730E-03   -0.2285379E-03    0.1537159E-02   -0.8831529E-03    0.2636049E-03   -0.3988716E-03    0.8617806E-02    0.2009628E-02   -0.8109370E-02    0.6148755E-02   -0.3644904E-02    0.1763534E-01   -0.6416511E-04    0.4297422E-02
   -0.1867730E-06   -0.3354244E-04    0.1764402E-05    0.2530507E-03   -0.2205041E-02    0.4786324E-03    0.5409653E-04    0.7600914E-05   -0.5228152E+00    0.8217047E-01   -0.5914498E-01   -0.4902930E+00    0.9993877E+00    0.1840850E+01    0.8048215E+00    0.5311314E-01   -0.1742267E-01   -0.1321354E-01    0.9841471E-01    0.1409616E+00   -0.8526597E-05    0.7885704E-05    0.3895544E-04    0.2434110E-04   -0.1644721E-03    0.3364772E-04   -0.1433700E-03    0.9663263E-04   -0.5161421E-03   -0.1340606E-03    0.1334174E-03    0.8382073E-03    0.1170858E-04   -0.1836519E-04
    0.2132211E-05   -0.5386166E-03    0.6413680E-04    0.4918874E-03   -0.3214547E-01    0.3113513E-04   -0.4054551E-04    0.1618900E-03   -0.1394053E+01   -0.5914498E-01    0.3830229E+01   -0.3044193E+02   -0.3584301E+01    0.8228532E+01    0.6739288E+01   -0.2807411E+01   -0.1008315E+00    0.6140173E-01    0.2402427E+01    0.1785983E+01   -0.1081303E-03   -0.5832999E-05    0.2189053E-03    0.3500434E-03    0.6567894E-03    0.1331342E-02   -0.1696360E-02   -0.7819779E-03    0.3974382E-02   -0.4430140E-03    0.2684512E-02   -0.3702877E-02    0.2189002E-03   -0.3757347E-03
    0.1950507E-03    0.1094265E-01   -0.1226981E-02   -0.2343121E-01    0.6739043E+00   -0.1732890E-01   -0.8951061E-03    0.1710579E-02    0.4542898E+02   -0.4902930E+00   -0.3044193E+02    0.7286070E+03    0.6758150E+02   -0.6185870E+02   -0.7496031E+02    0.1577163E+02    0.3054011E+00    0.9811691E+00   -0.1412407E+02   -0.2201550E+02   -0.3264572E-02   -0.8847330E-03   -0.3253615E-03   -0.3012258E-02    0.6916526E-02   -0.4082042E-01    0.9604596E-01    0.2984041E-01    0.1920835E-01    0.1828018E-01   -0.3994385E-01    0.3637762E-01    0.4176944E-02    0.4511824E-02
    0.2530239E-04    0.5310674E-02   -0.5852467E-03   -0.7369474E-02    0.2994217E+00    0.8047550E-03    0.4482236E-02    0.7623807E-03    0.1916008E+01    0.9993877E+00   -0.3584301E+01    0.6758150E+02    0.5887262E+02    0.4253546E+02    0.1558292E+02   -0.3714372E+01   -0.1430363E+00   -0.9101908E+00    0.3867790E+01    0.2942593E+01   -0.1616261E-02   -0.4574674E-03    0.3667020E-03    0.2405584E-03   -0.3390195E-03   -0.1499639E-01    0.6074854E-02    0.1034944E-01    0.2224903E-02    0.5419343E-03   -0.4342731E-03    0.3102695E-01    0.2527294E-03    0.2761335E-03
    0.4732930E-04    0.1528756E-02   -0.1932305E-03    0.2895831E-02    0.7680318E-01    0.1435402E-01    0.6504454E-02    0.1267355E-02   -0.2065603E+02    0.1840850E+01    0.8228532E+01   -0.6185870E+02    0.4253546E+02    0.9573708E+02    0.6637009E+02   -0.1212434E+02   -0.2905870E+00   -0.5334638E+00    0.5203570E+01    0.6132808E+01   -0.8331868E-03   -0.6191349E-04    0.1335897E-02    0.1882893E-02   -0.1103862E-02    0.5446755E-03   -0.1086883E-01    0.3707217E-02    0.1827448E-01    0.1060069E-02    0.1418388E-01    0.2016281E-01    0.9598441E-03   -0.2380554E-02
    0.2708651E-04   -0.1615203E-02    0.1895598E-03    0.8855407E-02   -0.1018585E+00    0.1912602E-01    0.4676039E-02    0.1442659E-02   -0.6669541E+02    0.8048215E+00    0.6739288E+01   -0.7496031E+02    0.1558292E+02    0.6637009E+02    0.1256369E+03   -0.1030232E+02    0.3812536E+00   -0.3041702E+00    0.1577494E+01    0.2337890E+02   -0.1391489E-02    0.6001896E-04   -0.2999800E-02    0.1898390E-02    0.5800390E-03    0.3022682E-02   -0.2091918E-01   -0.2646564E-02    0.1529784E-01   -0.1967931E-02    0.1791591E-01   -0.6968674E-02    0.5884441E-03   -0.7321240E-02
   -0.2408295E-05    0.9475966E-03   -0.1248114E-03   -0.1885101E-02    0.5788488E-01   -0.2771283E-02   -0.8578110E-03   -0.2984755E-03    0.4042621E+00    0.5311314E-01   -0.2807411E+01    0.1577163E+02   -0.3714372E+01   -0.1212434E+02   -0.1030232E+02    0.6142917E+01    0.6096197E-01   -0.1263755E-02   -0.1965637E+01   -0.1482575E+01    0.4670497E-03    0.1269669E-04   -0.2077675E-03   -0.5867513E-03   -0.3441381E-03   -0.7728691E-03    0.2772045E-02    0.1050016E-03   -0.1303158E-01    0.2098461E-03   -0.3124186E-02   -0.3723158E-02   -0.1393714E-03    0.1307052E-03
    0.9440280E-05    0.7268253E-04   -0.5531171E-05    0.4933503E-04    0.8901766E-02    0.8877038E-04    0.4292608E-03   -0.3171648E-04   -0.3210440E+00   -0.1742267E-01   -0.1008315E+00    0.3054011E+00   -0.1430363E+00   -0.2905870E+00    0.3812536E+00    0.6096197E-01    0.3172449E+01    0.7705551E+00    0.2862088E+00    0.4645261E+00    0.2542010E-03    0.2094008E-04    0.6092058E-03   -0.1368635E-04   -0.6212810E-03    0.1669532E-03   -0.6876153E-02   -0.8016820E-03   -0.1638201E-02   -0.1713877E-02   -0.1638359E-02   -0.3013058E-02    0.4649419E-03   -0.4304525E-04
    0.6777382E-05    0.2031766E-03   -0.2274426E-04   -0.4590276E-03    0.1319834E-01   -0.9065023E-03    0.2672039E-04   -0.2193607E-04    0.2128116E+00   -0.1321354E-01    0.6140173E-01    0.9811691E+00   -0.9101908E+00   -0.5334638E+00   -0.3041702E+00   -0.1263755E-02    0.7705551E+00    0.3109686E+01    0.2298094E+01    0.1368217E+01   -0.2256191E-04   -0.1440027E-03   -0.2493591E-04   -0.1968059E-03    0.1342414E-03    0.8264516E-03    0.1041221E-02   -0.1670505E-02   -0.5480809E-02   -0.1575514E-02    0.8192750E-03   -0.4270297E-02   -0.4101686E-03   -0.2182554E-03
    0.1368470E-04    0.1915688E-03   -0.4964516E-04   -0.9072592E-03    0.1140291E-01   -0.1703077E-02   -0.1634711E-03   -0.5133125E-04   -0.3478307E+01    0.9841471E-01    0.2402427E+01   -0.1412407E+02    0.3867790E+01    0.5203570E+01    0.1577494E+01   -0.1965637E+01    0.2862088E+00    0.2298094E+01    0.1725756E+02    0.2655690E+02   -0.6715561E-03   -0.1776058E-03    0.5021485E-03    0.3210544E-03    0.1337515E-02   -0.2477890E-02    0.9844569E-02    0.2630950E-02    0.1234707E-01   -0.9439101E-02    0.6968379E-02   -0.4275025E-02   -0.9168483E-04    0.2373752E-02
    0.4966845E-04   -0.4390713E-03    0.2536093E-04    0.3204085E-02   -0.2088978E-01    0.6521294E-02    0.1129340E-02    0.5255299E-03   -0.2643830E+02    0.1409616E+00    0.1785983E+01   -0.2201550E+02    0.2942593E+01    0.6132808E+01    0.2337890E+02   -0.1482575E+01    0.4645261E+00    0.1368217E+01    0.2655690E+02    0.6144394E+02   -0.1771189E-03    0.3018902E-03    0.1011007E-03    0.1300233E-02    0.1060277E-02   -0.3553782E-02    0.1333847E-01    0.6959399E-02    0.4235439E-01   -0.1322505E-01    0.1574815E-01   -0.1486062E-01   -0.2126494E-03    0.4269056E-02
    0.1142342E-06    0.1602151E-05   -0.1987956E-06    0.1074814E-04    0.1278238E-03    0.2682606E-04    0.7634351E-05    0.1142034E-05    0.3927730E-03   -0.8526597E-05   -0.1081303E-03   -0.3264572E-02   -0.1616261E-02   -0.8331868E-03   -0.1391489E-02    0.4670497E-03    0.2542010E-03   -0.2256191E-04   -0.6715561E-03   -0.1771189E-03    0.1206513E-03    0.1003993E-04    0.6967689E-06    0.3753802E-05    0.3116525E-05   -0.3133694E-05   -0.7479275E-05    0.2790306E-05   -0.3500058E-04   -0.4044197E-05   -0.4130594E-04   -0.4504577E-04   -0.4243680E-07    0.7457978E-07
    0.5238937E-07    0.1505045E-06   -0.4351737E-07    0.1890089E-05    0.2872419E-04    0.4303349E-05    0.2483494E-05    0.2267870E-06   -0.2285379E-03    0.7885704E-05   -0.5832999E-05   -0.8847330E-03   -0.4574674E-03   -0.6191349E-04    0.6001896E-04    0.1269669E-04    0.2094008E-04   -0.1440027E-03   -0.1776058E-03    0.3018902E-03    0.1003993E-04    0.1357836E-04    0.1049032E-05    0.6201481E-05    0.8922343E-06    0.1567409E-06    0.6908003E-06    0.6462381E-06    0.3623293E-06    0.9219519E-06    0.1553271E-05   -0.3731638E-05    0.1872473E-07    0.8641804E-07
    0.6799736E-08   -0.3817467E-06   -0.3645361E-07    0.3050551E-05   -0.6100650E-05    0.3495728E-05    0.2212575E-06   -0.8896767E-06    0.1537159E-02    0.3895544E-04    0.2189053E-03   -0.3253615E-03    0.3667020E-03    0.1335897E-02   -0.2999800E-02   -0.2077675E-03    0.6092058E-03   -0.2493591E-04    0.5021485E-03    0.1011007E-03    0.6967689E-06    0.1049032E-05    0.2264642E-03   -0.3949040E-06   -0.4372390E-05   -0.1863576E-04   -0.2226895E-04   -0.3105380E-05    0.2567113E-04    0.1700171E-05    0.1381811E-04   -0.1358393E-04    0.1018135E-06    0.2957384E-06
    0.5018673E-07    0.5434109E-06   -0.8582032E-07    0.8504735E-07    0.4032561E-04    0.2097532E-05    0.3081955E-05    0.4973828E-06   -0.8831529E-03    0.2434110E-04    0.3500434E-03   -0.3012258E-02    0.2405584E-03    0.1882893E-02    0.1898390E-02   -0.5867513E-03   -0.1368635E-04   -0.1968059E-03    0.3210544E-03    0.1300233E-02    0.3753802E-05    0.6201481E-05   -0.3949040E-06    0.3069623E-04   -0.1906713E-05   -0.5312460E-05    0.2577724E-05    0.5019931E-05    0.3533604E-04    0.1915146E-05    0.5611804E-05    0.3478348E-05   -0.1119153E-07    0.1278821E-06
    0.9936857E-07    0.3833414E-06   -0.1417701E-06   -0.2546423E-05    0.2799601E-04   -0.7506169E-05   -0.1249780E-05   -0.1413645E-05    0.2636049E-03   -0.1644721E-03    0.6567894E-03    0.6916526E-02   -0.3390195E-03   -0.1103862E-02    0.5800390E-03   -0.3441381E-03   -0.6212810E-03    0.1342414E-03    0.1337515E-02    0.1060277E-02    0.3116525E-05    0.8922343E-06   -0.4372390E-05   -0.1906713E-05    0.3866836E-03   -0.1413995E-06    0.2561624E-05   -0.6402997E-05    0.3216409E-04   -0.2044385E-06   -0.5344628E-05    0.4802330E-04    0.1191994E-08   -0.5453487E-08
    0.5465322E-06    0.1945473E-05   -0.8593976E-06    0.2219598E-04    0.3171814E-03    0.4818437E-04    0.2321112E-04   -0.6129533E-06   -0.3988716E-03    0.3364772E-04    0.1331342E-02   -0.4082042E-01   -0.1499639E-01    0.5446755E-03    0.3022682E-02   -0.7728691E-03    0.1669532E-03    0.8264516E-03   -0.2477890E-02   -0.3553782E-02   -0.3133694E-05    0.1567409E-06   -0.1863576E-04   -0.5312460E-05   -0.1413995E-06    0.3459631E-02   -0.5892616E-04   -0.3834418E-04    0.1445033E-03    0.5434855E-04   -0.6589183E-05    0.1258514E-03   -0.6547282E-06    0.5652188E-06
   -0.3021709E-06    0.2855792E-05   -0.3920442E-06   -0.6319334E-04    0.3965320E-04   -0.1212325E-03   -0.3591535E-05    0.4384980E-06    0.8617806E-02   -0.1433700E-03   -0.1696360E-02    0.9604596E-01    0.6074854E-02   -0.1086883E-01   -0.2091918E-01    0.2772045E-02   -0.6876153E-02    0.1041221E-02    0.9844569E-02    0.1333847E-01   -0.7479275E-05    0.6908003E-06   -0.2226895E-04    0.2577724E-05    0.2561624E-05   -0.5892616E-04    0.5750718E-02    0.1794834E-02    0.2037995E-02   -0.7094351E-03    0.5397246E-05    0.3885134E-03    0.1359736E-05    0.2667391E-05
   -0.1652766E-06    0.2353618E-05   -0.1623658E-06   -0.2146363E-04    0.5538036E-04   -0.3509763E-04   -0.9761659E-06    0.1479674E-05    0.2009628E-02    0.9663263E-04   -0.7819779E-03    0.2984041E-01    0.1034944E-01    0.3707217E-02   -0.2646564E-02    0.1050016E-03   -0.8016820E-03   -0.1670505E-02    0.2630950E-02    0.6959399E-02    0.2790306E-05    0.6462381E-06   -0.3105380E-05    0.5019931E-05   -0.6402997E-05   -0.3834418E-04    0.1794834E-02    0.1229698E-02    0.7777988E-03    0.2245579E-03    0.6361977E-04   -0.2628623E-04   -0.3415982E-06    0.1580850E-05
   -0.8068564E-07   -0.1162386E-04    0.1693986E-05   -0.8980255E-04   -0.2713855E-03   -0.2074556E-03    0.2984290E-04   -0.2881286E-05   -0.8109370E-02   -0.5161421E-03    0.3974382E-02    0.1920835E-01    0.2224903E-02    0.1827448E-01    0.1529784E-01   -0.1303158E-01   -0.1638201E-02   -0.5480809E-02    0.1234707E-01    0.4235439E-01   -0.3500058E-04    0.3623293E-06    0.2567113E-04    0.3533604E-04    0.3216409E-04    0.1445033E-03    0.2037995E-02    0.7777988E-03    0.3409722E-01   -0.6171644E-03    0.1665839E-02    0.1084962E-01    0.1820856E-05    0.6051701E-05
   -0.5498243E-07    0.1509991E-05    0.7645637E-07   -0.5000665E-05    0.6005378E-04   -0.4365702E-05   -0.2558328E-05    0.1453392E-06    0.6148755E-02   -0.1340606E-03   -0.4430140E-03    0.1828018E-01    0.5419343E-03    0.1060069E-02   -0.1967931E-02    0.2098461E-03   -0.1713877E-02   -0.1575514E-02   -0.9439101E-02   -0.1322505E-01   -0.4044197E-05    0.9219519E-06    0.1700171E-05    0.1915146E-05   -0.2044385E-06    0.5434855E-04   -0.7094351E-03    0.2245579E-03   -0.6171644E-03    0.1396119E-02    0.1840337E-03   -0.2758995E-03   -0.5887448E-07   -0.1934419E-06
   -0.4558107E-06    0.2050285E-05    0.5656352E-06   -0.1421725E-04   -0.7822119E-04   -0.2304180E-04   -0.1018107E-04   -0.1592707E-06   -0.3644904E-02    0.1334174E-03    0.2684512E-02   -0.3994385E-01   -0.4342731E-03    0.1418388E-01    0.1791591E-01   -0.3124186E-02   -0.1638359E-02    0.8192750E-03    0.6968379E-02    0.1574815E-01   -0.4130594E-04    0.1553271E-05    0.1381811E-04    0.5611804E-05   -0.5344628E-05   -0.6589183E-05    0.5397246E-05    0.6361977E-04    0.1665839E-02    0.1840337E-03    0.4994026E-02    0.4492015E-02   -0.1517222E-07    0.3509706E-05
   -0.1060129E-07    0.1689790E-04   -0.1486768E-05    0.5182940E-04    0.9969747E-03    0.1610673E-03    0.5010254E-04    0.8180801E-05    0.1763534E-01    0.8382073E-03   -0.3702877E-02    0.3637762E-01    0.3102695E-01    0.2016281E-01   -0.6968674E-02   -0.3723158E-02   -0.3013058E-02   -0.4270297E-02   -0.4275025E-02   -0.1486062E-01   -0.4504577E-04   -0.3731638E-05   -0.1358393E-04    0.3478348E-05    0.4802330E-04    0.1258514E-03    0.3885134E-03   -0.2628623E-04    0.1084962E-01   -0.2758995E-03    0.4492015E-02    0.3635731E-01    0.3632723E-06    0.5530174E-06
    0.3911783E-08   -0.1156080E-06    0.1188358E-07    0.1124731E-08   -0.4928481E-05   -0.5519420E-07   -0.3418539E-06   -0.6853225E-08   -0.6416511E-04    0.1170858E-04    0.2189002E-03    0.4176944E-02    0.2527294E-03    0.9598441E-03    0.5884441E-03   -0.1393714E-03    0.4649419E-03   -0.4101686E-03   -0.9168483E-04   -0.2126494E-03   -0.4243680E-07    0.1872473E-07    0.1018135E-06   -0.1119153E-07    0.1191994E-08   -0.6547282E-06    0.1359736E-05   -0.3415982E-06    0.1820856E-05   -0.5887448E-07   -0.1517222E-07    0.3632723E-06    0.5474205E-06    0.9406697E-09
    0.1074153E-07    0.3790047E-06   -0.4505300E-07   -0.6493384E-06    0.2245667E-04   -0.1770007E-06    0.4134690E-06    0.6337722E-07    0.4297422E-02   -0.1836519E-04   -0.3757347E-03    0.4511824E-02    0.2761335E-03   -0.2380554E-02   -0.7321240E-02    0.1307052E-03   -0.4304525E-04   -0.2182554E-03    0.2373752E-02    0.4269056E-02    0.7457978E-07    0.8641804E-07    0.2957384E-06    0.1278821E-06   -0.5453487E-08    0.5652188E-06    0.2667391E-05    0.1580850E-05    0.6051701E-05   -0.1934419E-06    0.3509706E-05    0.5530174E-06    0.9406697E-09    0.2051538E-05
