# omegabh2 omegach2 theta tau meffsterile nnu logA ns r calPlanck acib217 xi asz143 aps100 aps143 aps143217 aps217 aksz kgal100 kgal143 kgal143217 kgal217 cal0 cal2
    0.9686151E-07    0.4096643E-06    0.6854442E-08    0.4224256E-05   -0.1367740E-04    0.4891076E-04    0.9147449E-05    0.3177993E-05    0.1930063E-05    0.3035030E-07   -0.4272984E-04    0.2214715E-06    0.2183013E-04   -0.2213522E-03   -0.2309049E-03   -0.1142946E-03   -0.5868218E-04   -0.1469867E-04    0.1461878E-04    0.1193358E-04    0.8112427E-05    0.2409329E-04    0.2513098E-08   -0.1461401E-08
    0.4096643E-06    0.1778179E-04   -0.1189376E-05    0.1462192E-04   -0.2843397E-03    0.7955855E-03    0.5879735E-04    0.2694302E-04    0.2174284E-04   -0.2327998E-06    0.4788733E-02   -0.7821595E-04   -0.9482738E-03    0.1866966E-01    0.8646365E-02    0.1310544E-02   -0.2606539E-02    0.1781882E-02    0.2449000E-03    0.9181858E-04    0.6691965E-03   -0.4071676E-03   -0.2800284E-07    0.5441537E-06
    0.6854442E-08   -0.1189376E-05    0.2830202E-06    0.1094697E-05   -0.9258077E-05   -0.5885758E-04   -0.1372741E-07   -0.1119568E-05   -0.1474446E-05    0.4985094E-07   -0.4393547E-03    0.7308930E-05    0.8624579E-04   -0.1720001E-02   -0.9092183E-03   -0.2373207E-03    0.1310823E-03   -0.1701570E-03   -0.1012415E-04   -0.1004303E-04   -0.6330425E-04    0.4739603E-04    0.4982454E-08   -0.5079308E-07
    0.4224256E-05    0.1462192E-04    0.1094697E-05    0.4301406E-03   -0.8100336E-03    0.2663363E-02    0.8536302E-03    0.2040920E-03    0.9793486E-04   -0.2717169E-05   -0.1105322E-02    0.9522805E-05    0.5450945E-03   -0.9233834E-02   -0.6836913E-02   -0.3879982E-02   -0.2974879E-02   -0.3824085E-03    0.5732363E-03    0.5064295E-03    0.4340671E-03   -0.4257757E-03   -0.1693712E-06   -0.2841071E-06
   -0.1367740E-04   -0.2843397E-03   -0.9258077E-05   -0.8100336E-03    0.4603497E-01   -0.5423462E-02   -0.1604553E-02   -0.9477626E-03   -0.7141790E-03    0.4326021E-05    0.1997101E-01   -0.1480932E-03   -0.5288084E-02    0.9506808E-01    0.1440693E+00    0.1063923E+00    0.8725752E-01    0.4884736E-02   -0.6384458E-02    0.2788317E-02    0.3997786E-02   -0.7042550E-02   -0.3665396E-05    0.5859896E-06
    0.4891076E-04    0.7955855E-03   -0.5885758E-04    0.2663363E-02   -0.5423462E-02    0.5899148E-01    0.6804461E-02    0.2686762E-02    0.2024492E-02    0.1092063E-04    0.2504225E+00   -0.3958130E-02   -0.5052580E-01    0.9745368E+00    0.4570231E+00    0.7471173E-01   -0.1177616E+00    0.9416003E-01    0.1351895E-01    0.8885931E-02    0.3903763E-01   -0.1740835E-01   -0.2214098E-05    0.2860689E-04
    0.9147449E-05    0.5879735E-04   -0.1372741E-07    0.8536302E-03   -0.1604553E-02    0.6804461E-02    0.1782922E-02    0.4461959E-03    0.2284172E-03    0.6914935E-05    0.7308413E-02   -0.9429399E-04   -0.8436140E-03    0.2495514E-01    0.7425863E-02   -0.6312631E-03   -0.3826935E-02    0.1988025E-02    0.1333969E-02    0.7512446E-03    0.1914809E-02    0.2399039E-03   -0.1778690E-06    0.4448562E-06
    0.3177993E-05    0.2694302E-04   -0.1119568E-05    0.2040920E-03   -0.9477626E-03    0.2686762E-02    0.4461959E-03    0.1743227E-03    0.1361631E-03    0.1167746E-05    0.2028189E-02   -0.1837121E-04   -0.8272092E-04    0.1979421E-02    0.4639426E-02    0.3226606E-02    0.1894174E-02   -0.1783265E-03    0.8543216E-03    0.2689728E-03    0.1042902E-02    0.7969615E-03   -0.2087542E-06    0.3613734E-06
    0.1930063E-05    0.2174284E-04   -0.1474446E-05    0.9793486E-04   -0.7141790E-03    0.2024492E-02    0.2284172E-03    0.1361631E-03    0.2026828E-02    0.4730230E-05    0.3611810E-03   -0.5394507E-04   -0.1426304E-03    0.1333401E-01    0.5698937E-02    0.5266843E-02    0.5345216E-02   -0.8568250E-04   -0.2793397E-02    0.8518492E-04    0.1282366E-02    0.4622757E-02   -0.2658208E-06    0.7025841E-06
    0.3035030E-07   -0.2327998E-06    0.4985094E-07   -0.2717169E-05    0.4326021E-05    0.1092063E-04    0.6914935E-05    0.1167746E-05    0.4730230E-05    0.6381779E-05    0.7907299E-03   -0.2716217E-05   -0.1445923E-04    0.3600591E-02    0.7357343E-03    0.3601890E-03    0.1213399E-02    0.2440273E-04    0.1024018E-04    0.1257671E-05    0.7193925E-04    0.9353167E-03   -0.2776381E-09    0.8999874E-08
   -0.4272984E-04    0.4788733E-02   -0.4393547E-03   -0.1105322E-02    0.1997101E-01    0.2504225E+00    0.7308413E-02    0.2028189E-02    0.3611810E-03    0.7907299E-03    0.5071542E+02   -0.4713405E+00   -0.1674725E+01    0.4699014E+02    0.3968345E+01   -0.1897963E+02   -0.6632016E+02    0.5918521E+00   -0.1779032E+00    0.3186934E+00   -0.2959132E+01   -0.2581433E+02   -0.1390415E-03    0.4671436E-02
    0.2214715E-06   -0.7821595E-04    0.7308930E-05    0.9522805E-05   -0.1480932E-03   -0.3958130E-02   -0.9429399E-04   -0.1837121E-04   -0.5394507E-04   -0.2716217E-05   -0.4713405E+00    0.8087980E-01   -0.8019334E-01   -0.3455796E+00    0.8377377E+00    0.1566938E+01    0.6370661E+00    0.8389015E-01   -0.7538242E-02    0.3371617E-02    0.7325797E-01    0.9622587E-01    0.6982202E-05   -0.1735470E-04
    0.2183013E-04   -0.9482738E-03    0.8624579E-04    0.5450945E-03   -0.5288084E-02   -0.5052580E-01   -0.8436140E-03   -0.8272092E-04   -0.1426304E-03   -0.1445923E-04   -0.1674725E+01   -0.8019334E-01    0.3979423E+01   -0.3094967E+02   -0.4126364E+01    0.8065682E+01    0.7086640E+01   -0.3247746E+01   -0.1540858E+00    0.6544307E-01    0.2533741E+01    0.2116060E+01    0.2114666E-03   -0.4025470E-03
   -0.2213522E-03    0.1866966E-01   -0.1720001E-02   -0.9233834E-02    0.9506808E-01    0.9745368E+00    0.2495514E-01    0.1979421E-02    0.1333401E-01    0.3600591E-02    0.4699014E+02   -0.3455796E+00   -0.3094967E+02    0.7461577E+03    0.7926732E+02   -0.5456712E+02   -0.7224689E+02    0.1772033E+02   -0.8323967E+00    0.2294547E+00   -0.1311771E+02   -0.2091407E+02    0.4578783E-02    0.4885372E-02
   -0.2309049E-03    0.8646365E-02   -0.9092183E-03   -0.6836913E-02    0.1440693E+00    0.4570231E+00    0.7425863E-02    0.4639426E-02    0.5698937E-02    0.7357343E-03    0.3968345E+01    0.8377377E+00   -0.4126364E+01    0.7926732E+02    0.6374311E+02    0.4178109E+02    0.1705457E+02   -0.3909367E+01   -0.4124072E+00   -0.9964510E+00    0.4182550E+01    0.3675819E+01    0.1293260E-03    0.5342366E-03
   -0.1142946E-03    0.1310544E-02   -0.2373207E-03   -0.3879982E-02    0.1063923E+00    0.7471173E-01   -0.6312631E-03    0.3226606E-02    0.5266843E-02    0.3601890E-03   -0.1897963E+02    0.1566938E+01    0.8065682E+01   -0.5456712E+02    0.4178109E+02    0.9003893E+02    0.6559966E+02   -0.1325882E+02   -0.6403915E+00   -0.4871775E+00    0.4946765E+01    0.6267819E+01    0.7816348E-03   -0.2447360E-02
   -0.5868218E-04   -0.2606539E-02    0.1310823E-03   -0.2974879E-02    0.8725752E-01   -0.1177616E+00   -0.3826935E-02    0.1894174E-02    0.5345216E-02    0.1213399E-02   -0.6632016E+02    0.6370661E+00    0.7086640E+01   -0.7224689E+02    0.1705457E+02    0.6559966E+02    0.1269975E+03   -0.1172870E+02   -0.1441308E+00   -0.6423591E+00    0.1290482E+01    0.2312636E+02    0.6073962E-03   -0.7853964E-02
   -0.1469867E-04    0.1781882E-02   -0.1701570E-03   -0.3824085E-03    0.4884736E-02    0.9416003E-01    0.1988025E-02   -0.1783265E-03   -0.8568250E-04    0.2440273E-04    0.5918521E+00    0.8389015E-01   -0.3247746E+01    0.1772033E+02   -0.3909367E+01   -0.1325882E+02   -0.1172870E+02    0.7239751E+01    0.1216333E+00   -0.7979336E-01   -0.2176772E+01   -0.1541991E+01   -0.1531170E-03    0.2789605E-03
    0.1461878E-04    0.2449000E-03   -0.1012415E-04    0.5732363E-03   -0.6384458E-02    0.1351895E-01    0.1333969E-02    0.8543216E-03   -0.2793397E-02    0.1024018E-04   -0.1779032E+00   -0.7538242E-02   -0.1540858E+00   -0.8323967E+00   -0.4124072E+00   -0.6403915E+00   -0.1441308E+00    0.1216333E+00    0.3201920E+01    0.7207493E+00    0.3092002E+00    0.5273643E+00    0.4161341E-03   -0.6875733E-05
    0.1193358E-04    0.9181858E-04   -0.1004303E-04    0.5064295E-03    0.2788317E-02    0.8885931E-02    0.7512446E-03    0.2689728E-03    0.8518492E-04    0.1257671E-05    0.3186934E+00    0.3371617E-02    0.6544307E-01    0.2294547E+00   -0.9964510E+00   -0.4871775E+00   -0.6423591E+00   -0.7979336E-01    0.7207493E+00    0.3091805E+01    0.2446122E+01    0.1437092E+01   -0.4043269E-03   -0.1907388E-03
    0.8112427E-05    0.6691965E-03   -0.6330425E-04    0.4340671E-03    0.3997786E-02    0.3903763E-01    0.1914809E-02    0.1042902E-02    0.1282366E-02    0.7193925E-04   -0.2959132E+01    0.7325797E-01    0.2533741E+01   -0.1311771E+02    0.4182550E+01    0.4946765E+01    0.1290482E+01   -0.2176772E+01    0.3092002E+00    0.2446122E+01    0.1790926E+02    0.2719838E+02   -0.8946831E-04    0.2444697E-02
    0.2409329E-04   -0.4071676E-03    0.4739603E-04   -0.4257757E-03   -0.7042550E-02   -0.1740835E-01    0.2399039E-03    0.7969615E-03    0.4622757E-02    0.9353167E-03   -0.2581433E+02    0.9622587E-01    0.2116060E+01   -0.2091407E+02    0.3675819E+01    0.6267819E+01    0.2312636E+02   -0.1541991E+01    0.5273643E+00    0.1437092E+01    0.2719838E+02    0.6212013E+02   -0.1097496E-03    0.4258246E-02
    0.2513098E-08   -0.2800284E-07    0.4982454E-08   -0.1693712E-06   -0.3665396E-05   -0.2214098E-05   -0.1778690E-06   -0.2087542E-06   -0.2658208E-06   -0.2776381E-09   -0.1390415E-03    0.6982202E-05    0.2114666E-03    0.4578783E-02    0.1293260E-03    0.7816348E-03    0.6073962E-03   -0.1531170E-03    0.4161341E-03   -0.4043269E-03   -0.8946831E-04   -0.1097496E-03    0.5491980E-06   -0.1185669E-08
   -0.1461401E-08    0.5441537E-06   -0.5079308E-07   -0.2841071E-06    0.5859896E-06    0.2860689E-04    0.4448562E-06    0.3613734E-06    0.7025841E-06    0.8999874E-08    0.4671436E-02   -0.1735470E-04   -0.4025470E-03    0.4885372E-02    0.5342366E-03   -0.2447360E-02   -0.7853964E-02    0.2789605E-03   -0.6875733E-05   -0.1907388E-03    0.2444697E-02    0.4258246E-02   -0.1185669E-08    0.2102641E-05
