# omegam omegab H0 mnu A ns DES_b1 DES_b2 DES_b3 DES_b4 DES_b5 DES_m1 DES_m2 DES_m3 DES_m4 DES_AIA DES_alphaIA DES_DzL1 DES_DzL2 DES_DzL3 DES_DzL4 DES_DzL5 DES_DzS1 DES_DzS2 DES_DzS3 DES_DzS4
  2.2983147E-03   6.1940244E-05  -3.1608849E-01   5.2106550E-03  -1.1222605E-02  -8.0067175E-04   6.7332769E-03   7.5055436E-03   7.2749270E-03   8.6266148E-03   8.6262807E-03  -9.8643772E-06  -2.1940802E-05  -1.4453449E-05   2.0095423E-05  -2.1192835E-03  -9.8350547E-03   2.0318959E-06  -6.1167545E-06  -1.1406673E-05  -2.8722482E-05  -2.6353319E-05  -1.5670608E-05  -1.1486630E-05   2.1454283E-05   8.5005372E-05
  6.1940244E-05   1.1275850E-04   3.4568390E-02   4.2252547E-06  -1.5898134E-03  -4.6339188E-06   2.0518507E-04   2.2918779E-04   2.3881890E-04   2.7454032E-04   2.7751797E-04   1.6571658E-06  -2.5617227E-06  -1.2624762E-06   1.1435976E-06  -6.4127698E-05  -4.4211078E-04  -5.9254494E-07  -1.0458851E-06   3.4569729E-07  -2.6485724E-06  -5.5773148E-06   1.7010378E-06   3.5967034E-08   2.0976146E-07   2.2762551E-06
 -3.1608849E-01   3.4568390E-02   9.4927757E+01  -5.5225710E-02  -1.0400910E+00  -2.0272807E-02  -9.0408446E-01  -1.0023347E+00  -9.6216370E-01  -1.1294236E+00  -1.0927371E+00   2.2035660E-03   1.9683545E-03   3.6350324E-04  -1.9817777E-03   3.0600173E-01   1.3024858E+00  -4.6109988E-04   4.3123333E-05   6.2415846E-04   2.7239523E-03   3.4110583E-03   3.6956672E-03   1.4044661E-03  -2.6348559E-03  -1.0618211E-02
  5.2106550E-03   4.2252547E-06  -5.5225710E-02   6.8580115E-02  -1.1090719E-02   1.3186791E-03   1.4935414E-02   1.6805965E-02   1.6064261E-02   1.8701986E-02   1.8288789E-02  -3.8561946E-05  -5.5850768E-05  -1.1790127E-04  -1.8550444E-05  -4.7035232E-03  -2.0638376E-02   1.9907274E-05   1.5079454E-06  -1.9194230E-06  -5.3989468E-05   2.4267786E-05   5.2251342E-07  -4.3420852E-05   5.3740261E-05   2.1607274E-04
 -1.1222605E-02  -1.5898134E-03  -1.0400910E+00  -1.1090719E-02   3.6555411E-01   2.1094222E-02  -4.9820583E-02  -5.7397330E-02  -5.7390764E-02  -7.0624243E-02  -7.6310165E-02   5.7076371E-05   1.2308922E-05  -1.0343853E-03  -1.3693259E-03   1.0823828E-02   6.6147350E-03   5.4477253E-05   2.0515328E-04   3.9438064E-04   3.3341540E-04   1.8455473E-04   9.0931578E-06  -1.1634731E-04  -6.1101225E-04  -1.7744464E-03
 -8.0067175E-04  -4.6339188E-06  -2.0272807E-02   1.3186791E-03   2.1094222E-02   3.2229029E-03  -1.9549480E-03  -2.2282398E-03  -2.0991783E-03  -2.5061770E-03  -2.4119557E-03   1.0128517E-05   6.9847365E-06  -4.8902493E-06  -1.4714302E-05   8.9632457E-04   3.6641215E-03  -9.9693042E-06   3.0721239E-06   9.7030181E-06   3.3292092E-06  -1.5202237E-06   3.4462215E-06   9.5487167E-06  -1.4085114E-05  -3.1190152E-05
  6.7332769E-03   2.0518507E-04  -9.0408446E-01   1.4935414E-02  -4.9820583E-02  -1.9549480E-03   2.9813209E-02   2.6739043E-02   2.6140291E-02   3.1184691E-02   3.1667989E-02  -3.9596748E-06  -1.8464003E-05   3.1065644E-04   3.6145864E-04  -6.7640606E-03  -3.9028921E-03   1.3030582E-04  -4.0190572E-05  -7.9455524E-05  -1.0082890E-04  -8.7851955E-05  -3.9655424E-05   1.0739650E-05   1.9069546E-04   5.7696535E-04
  7.5055436E-03   2.2918779E-04  -1.0023347E+00   1.6805965E-02  -5.7397330E-02  -2.2282398E-03   2.6739043E-02   3.3122173E-02   2.9661693E-02   3.5431315E-02   3.5833348E-02  -1.9166918E-05  -1.9696106E-05   3.2547460E-04   4.4480456E-04  -7.6849522E-03  -1.2238445E-02  -5.6454884E-06   2.1350572E-05  -9.0850447E-05  -1.1328228E-04  -8.6646906E-05  -4.9703457E-05   3.3281578E-05   2.2755644E-04   6.9741437E-04
  7.2749270E-03   2.3881890E-04  -9.6216370E-01   1.6064261E-02  -5.7390764E-02  -2.0991783E-03   2.6140291E-02   2.9661693E-02   3.0961452E-02   3.4713321E-02   3.5246070E-02  -2.3387169E-05  -2.5931957E-05   3.1930132E-04   4.2438894E-04  -7.2209710E-03  -1.5085975E-02  -1.3290242E-05  -4.8034872E-05  -3.6048402E-05  -1.2035146E-04  -9.1398971E-05  -5.1135555E-05   2.0985008E-05   2.3205723E-04   6.8074037E-04
  8.6266148E-03   2.7454032E-04  -1.1294236E+00   1.8701986E-02  -7.0624243E-02  -2.5061770E-03   3.1184691E-02   3.5431315E-02   3.4713321E-02   4.3980736E-02   4.2291133E-02  -4.7173964E-05  -2.8845220E-05   3.8000402E-04   5.2142125E-04  -8.7382532E-03  -1.9242363E-02  -1.4176854E-05  -5.7142570E-05  -1.1934214E-04  -3.3925783E-05  -1.1086986E-04  -5.6667095E-05   2.4614997E-05   2.8231341E-04   8.4647856E-04
  8.6262807E-03   2.7751797E-04  -1.0927371E+00   1.8288789E-02  -7.6310165E-02  -2.4119557E-03   3.1667989E-02   3.5833348E-02   3.5246070E-02   4.2291133E-02   4.8955401E-02  -2.6104374E-05  -4.8214730E-05   3.8514693E-04   5.2000717E-04  -8.5079959E-03  -2.1247793E-02  -1.9082763E-05  -6.8582107E-05  -1.2295358E-04  -1.5208085E-04   6.7544472E-06  -5.4664880E-05   2.8897885E-05   2.7091230E-04   8.2188691E-04
 -9.8643772E-06   1.6571658E-06   2.2035660E-03  -3.8561946E-05   5.7076371E-05   1.0128517E-05  -3.9596748E-06  -1.9166918E-05  -2.3387169E-05  -4.7173964E-05  -2.6104374E-05   5.1986715E-04   1.8959914E-06  -7.2085217E-06  -1.5103044E-06   6.9374954E-05  -3.2484677E-03   2.9353143E-06  -8.8282531E-07   1.5039682E-06   4.9323179E-08   1.3057439E-06  -1.6212141E-05   6.6725601E-07   3.2094516E-07   2.4370785E-06
 -2.1940802E-05  -2.5617227E-06   1.9683545E-03  -5.5850768E-05   1.2308922E-05   6.9847365E-06  -1.8464003E-05  -1.9696106E-05  -2.5931957E-05  -2.8845220E-05  -4.8214730E-05   1.8959914E-06   5.1001254E-04   1.0960271E-05   1.2287909E-06   1.9592768E-04  -1.5871550E-03   1.3172533E-06   1.5361755E-06   1.3347486E-06  -2.0593760E-06  -1.5600515E-07   1.1616804E-05  -2.4821321E-05   3.2395793E-06   1.7424710E-06
 -1.4453449E-05  -1.2624762E-06   3.6350324E-04  -1.1790127E-04  -1.0343853E-03  -4.8902493E-06   3.1065644E-04   3.2547460E-04   3.1930132E-04   3.8000402E-04   3.8514693E-04  -7.2085217E-06   1.0960271E-05   4.6374398E-04   4.9527759E-05  -1.0516796E-04   2.9866758E-03  -1.3720503E-06   1.3817046E-06   1.7342017E-06   2.1116086E-06   1.0914666E-06   3.5829223E-06   1.3647838E-05  -2.4026585E-05   3.8049133E-05
  2.0095423E-05   1.1435976E-06  -1.9817777E-03  -1.8550444E-05  -1.3693259E-03  -1.4714302E-05   3.6145864E-04   4.4480456E-04   4.2438894E-04   5.2142125E-04   5.2000717E-04  -1.5103044E-06   1.2287909E-06   4.9527759E-05   4.7661410E-04  -2.2127213E-04   1.4612408E-03  -1.5001170E-06  -4.6825726E-06  -1.7547079E-06   1.3028949E-06  -6.5018887E-07   5.8700328E-06   8.8494969E-06   1.9178985E-05  -4.8238806E-05
 -2.1192835E-03  -6.4127698E-05   3.0600173E-01  -4.7035232E-03   1.0823828E-02   8.9632457E-04  -6.7640606E-03  -7.6849522E-03  -7.2209710E-03  -8.7382532E-03  -8.5079959E-03   6.9374954E-05   1.9592768E-04  -1.0516796E-04  -2.2127213E-04   3.0877949E-02   1.0498837E-01  -4.7686878E-05  -7.6064861E-05   3.3495792E-05  -1.4018560E-04  -1.8622074E-05   2.5615777E-04   2.3233252E-04   1.1819162E-04  -1.9307192E-04
 -9.8350547E-03  -4.4211078E-04   1.3024858E+00  -2.0638376E-02   6.6147350E-03   3.6641215E-03  -3.9028921E-03  -1.2238445E-02  -1.5085975E-02  -1.9242363E-02  -2.1247793E-02  -3.2484677E-03  -1.5871550E-03   2.9866758E-03   1.4612408E-03   1.0498837E-01   6.2266439E+00   1.8083778E-03   8.5851883E-04   1.7600847E-05  -1.0018699E-03  -4.9835917E-04  -9.7660461E-03  -2.2106103E-03   1.8800382E-03   2.1519006E-03
  2.0318959E-06  -5.9254494E-07  -4.6109988E-04   1.9907274E-05   5.4477253E-05  -9.9693042E-06   1.3030582E-04  -5.6454884E-06  -1.3290242E-05  -1.4176854E-05  -1.9082763E-05   2.9353143E-06   1.3172533E-06  -1.3720503E-06  -1.5001170E-06  -4.7686878E-05   1.8083778E-03   5.9541178E-05   9.3771136E-07  -8.6507947E-08   1.2055085E-06  -2.9096286E-07   6.3255992E-06   3.0466886E-07   1.0643101E-06   1.1408831E-06
 -6.1167545E-06  -1.0458851E-06   4.3123333E-05   1.5079454E-06   2.0515328E-04   3.0721239E-06  -4.0190572E-05   2.1350572E-05  -4.8034872E-05  -5.7142570E-05  -6.8582107E-05  -8.8282531E-07   1.5361755E-06   1.3817046E-06  -4.6825726E-06  -7.6064861E-05   8.5851883E-04   9.3771136E-07   4.5550122E-05   1.1095775E-06   5.0955462E-07   1.9455560E-09  -1.7024125E-07   4.0719647E-06   1.8452500E-07  -2.1298549E-06
 -1.1406673E-05   3.4569729E-07   6.2415846E-04  -1.9194230E-06   3.9438064E-04   9.7030181E-06  -7.9455524E-05  -9.0850447E-05  -3.6048402E-05  -1.1934214E-04  -1.2295358E-04   1.5039682E-06   1.3347486E-06   1.7342017E-06  -1.7547079E-06   3.3495792E-05   1.7600847E-05  -8.6507947E-08   1.1095775E-06   4.5087179E-05   1.6207259E-06   3.8064959E-07  -1.9839422E-06   4.7331712E-06   3.4994182E-06  -2.8760680E-06
 -2.8722482E-05  -2.6485724E-06   2.7239523E-03  -5.3989468E-05   3.3341540E-04   3.3292092E-06  -1.0082890E-04  -1.1328228E-04  -1.2035146E-04  -3.3925783E-05  -1.5208085E-04   4.9323179E-08  -2.0593760E-06   2.1116086E-06   1.3028949E-06  -1.4018560E-04  -1.0018699E-03   1.2055085E-06   5.0955462E-07   1.6207259E-06   8.4637059E-05   1.0930909E-06   1.4948699E-06   6.7606154E-07   7.8734350E-06   8.9729983E-06
 -2.6353319E-05  -5.5773148E-06   3.4110583E-03   2.4267786E-05   1.8455473E-04  -1.5202237E-06  -8.7851955E-05  -8.6646906E-05  -9.1398971E-05  -1.1086986E-04   6.7544472E-06   1.3057439E-06  -1.5600515E-07   1.0914666E-06  -6.5018887E-07  -1.8622074E-05  -4.9835917E-04  -2.9096286E-07   1.9455560E-09   3.8064959E-07   1.0930909E-06   9.5503570E-05  -8.1311944E-07   1.1019053E-06  -4.5822193E-07   9.8883646E-06
 -1.5670608E-05   1.7010378E-06   3.6956672E-03   5.2251342E-07   9.0931578E-06   3.4462215E-06  -3.9655424E-05  -4.9703457E-05  -5.1135555E-05  -5.6667095E-05  -5.4664880E-05  -1.6212141E-05   1.1616804E-05   3.5829223E-06   5.8700328E-06   2.5615777E-04  -9.7660461E-03   6.3255992E-06  -1.7024125E-07  -1.9839422E-06   1.4948699E-06  -8.1311944E-07   2.1163015E-04   1.5131442E-05   1.0775474E-06  -3.9111236E-06
 -1.1486630E-05   3.5967034E-08   1.4044661E-03  -4.3420852E-05  -1.1634731E-04   9.5487167E-06   1.0739650E-05   3.3281578E-05   2.0985008E-05   2.4614997E-05   2.8897885E-05   6.6725601E-07  -2.4821321E-05   1.3647838E-05   8.8494969E-06   2.3233252E-04  -2.2106103E-03   3.0466886E-07   4.0719647E-06   4.7331712E-06   6.7606154E-07   1.1019053E-06   1.5131442E-05   1.2227261E-04   5.6518070E-06   6.6165566E-06
  2.1454283E-05   2.0976146E-07  -2.6348559E-03   5.3740261E-05  -6.1101225E-04  -1.4085114E-05   1.9069546E-04   2.2755644E-04   2.3205723E-04   2.8231341E-04   2.7091230E-04   3.2094516E-07   3.2395793E-06  -2.4026585E-05   1.9178985E-05   1.1819162E-04   1.8800382E-03   1.0643101E-06   1.8452500E-07   3.4994182E-06   7.8734350E-06  -4.5822193E-07   1.0775474E-06   5.6518070E-06   9.8718439E-05   2.6415689E-05
  8.5005372E-05   2.2762551E-06  -1.0618211E-02   2.1607274E-04  -1.7744464E-03  -3.1190152E-05   5.7696535E-04   6.9741437E-04   6.8074037E-04   8.4647856E-04   8.2188691E-04   2.4370785E-06   1.7424710E-06   3.8049133E-05  -4.8238806E-05  -1.9307192E-04   2.1519006E-03   1.1408831E-06  -2.1298549E-06  -2.8760680E-06   8.9729983E-06   9.8883646E-06  -3.9111236E-06   6.6165566E-06   2.6415689E-05   3.7093424E-04
