# omegabh2 omegach2 theta tau mnu logA ns acib217 acibsz143 asz143 aps100 aps143 aps143217 aps217 aksz kgal100 t1gal143 t1gal143217 t1gal217 galfEE100 galfEE100143 galfEE100217 galfEE143 galfEE143217 galfEE217 galfTE100 galfTE100143 galfTE100217 galfTE143 galfTE143217 galfTE217 calib_100T calib_217T
    0.3478949E-07   -0.1997912E-06    0.3455691E-07    0.1166291E-06   -0.2039741E-04   -0.1589697E-07    0.6441653E-06   -0.2461527E-03   -0.1244541E-03   -0.1036758E-04   -0.3643641E-03   -0.7510258E-04    0.1729908E-03    0.1781203E-03   -0.5855788E-04    0.7129544E-04   -0.1969512E-03   -0.2166955E-03   -0.2221072E-03    0.2221938E-06    0.2326537E-06    0.2626778E-06    0.2233118E-06    0.2821511E-06    0.3251741E-06   -0.1910029E-05   -0.2933561E-05   -0.3251976E-05   -0.5431774E-05   -0.7042178E-05   -0.1071157E-04   -0.2507472E-07    0.9524239E-08
   -0.1997912E-06    0.2221463E-05   -0.2644093E-06   -0.3517121E-05    0.1694794E-03   -0.2574981E-05   -0.6518420E-05    0.1459084E-02    0.6034494E-03    0.9360413E-05    0.2682009E-02    0.1174593E-02   -0.3053569E-03   -0.6982890E-03    0.2594802E-03    0.5722753E-03    0.4599971E-03    0.7885059E-03    0.9153248E-03   -0.2232661E-05   -0.2505878E-05   -0.2629070E-05   -0.2129479E-05   -0.2351009E-05   -0.2529384E-05    0.1292572E-04    0.1743191E-04    0.1991938E-04    0.3327445E-04    0.4414837E-04    0.7521319E-04   -0.6960542E-07   -0.9832088E-07
    0.3455691E-07   -0.2644093E-06    0.1212564E-06    0.3558447E-07   -0.3387416E-04   -0.3230064E-06    0.9236775E-06   -0.1724660E-03   -0.5347021E-04    0.1082014E-04   -0.4915992E-03   -0.2317919E-03   -0.5948167E-04    0.1526542E-04   -0.2210827E-04   -0.3827498E-04   -0.4792054E-04   -0.1090064E-03   -0.1434687E-03    0.2533363E-06    0.2536871E-06    0.3235203E-06    0.1932181E-06    0.2626336E-06    0.2055728E-06   -0.1460209E-05   -0.2584762E-05   -0.2798470E-05   -0.5847460E-05   -0.7816746E-05   -0.1196709E-04    0.4031676E-08    0.2138806E-07
    0.1166291E-06   -0.3517121E-05    0.3558447E-07    0.1609912E-03    0.1090905E-02    0.3071956E-03    0.1236040E-04   -0.5007481E-02   -0.1880852E-02   -0.1212319E-02   -0.3430234E-02    0.3120956E-02    0.5129450E-02    0.6783538E-02   -0.1279877E-02   -0.3796721E-02   -0.3501463E-02   -0.6576825E-02   -0.7850314E-02    0.9315391E-05    0.8638596E-05    0.1036271E-04    0.6355471E-05    0.8763107E-05    0.1072921E-04   -0.8545242E-04   -0.8042178E-04   -0.5832079E-04   -0.1061877E-03   -0.8534483E-04   -0.1111208E-03    0.5043264E-06    0.5286523E-06
   -0.2039741E-04    0.1694794E-03   -0.3387416E-04    0.1090905E-02    0.3922275E-01    0.2435962E-02   -0.5789404E-03    0.1109387E+00    0.5241923E-01   -0.9611396E-02    0.3375257E+00    0.2074516E+00    0.5820860E-01    0.4670959E-01    0.1044528E-01    0.2888668E-02   -0.9209734E-01   -0.8611501E-01   -0.8600516E-01   -0.1677939E-03   -0.1535531E-03   -0.1390723E-03   -0.1532121E-03   -0.1711438E-03   -0.1181165E-03    0.3554190E-03    0.1099394E-02    0.1680542E-02    0.2381485E-02    0.3616202E-02    0.6475584E-02   -0.1453165E-04   -0.6177243E-05
   -0.1589697E-07   -0.2574981E-05   -0.3230064E-06    0.3071956E-03    0.2435962E-02    0.6008890E-03    0.1137195E-04   -0.8947809E-02   -0.4154011E-02   -0.3140411E-02    0.7683075E-02    0.1600688E-01    0.1777451E-01    0.1861354E-01   -0.3055684E-02   -0.1371712E-01   -0.2193936E-01   -0.2718986E-01   -0.2949971E-01    0.1238592E-04    0.1005343E-04    0.1304567E-04    0.6154453E-05    0.1016002E-04    0.1329273E-04   -0.1493103E-03   -0.1227162E-03   -0.7457408E-04   -0.1413404E-03   -0.8572507E-04   -0.8673932E-04   -0.3404944E-07    0.8309323E-06
    0.6441653E-06   -0.6518420E-05    0.9236775E-06    0.1236040E-04   -0.5789404E-03    0.1137195E-04    0.3142828E-04   -0.1245413E-01   -0.5711974E-02   -0.1619809E-02   -0.9327561E-02    0.3925085E-02    0.1304708E-01    0.1448581E-01   -0.3066987E-02   -0.4222807E-02   -0.6228679E-02   -0.8907134E-02   -0.9440780E-02    0.1111084E-04    0.1226509E-04    0.1296223E-04    0.1071125E-04    0.1235088E-04    0.1233785E-04   -0.4775395E-04   -0.5835836E-04   -0.7016451E-04   -0.9891472E-04   -0.1254948E-03   -0.2068316E-03    0.3690151E-06    0.6898872E-06
   -0.2461527E-03    0.1459084E-02   -0.1724660E-03   -0.5007481E-02    0.1109387E+00   -0.8947809E-02   -0.1245413E-01    0.6708450E+02    0.2606139E+02    0.8661877E+00    0.1125037E+02   -0.2357053E+02   -0.6983054E+02   -0.8369186E+02   -0.3765638E+01   -0.2745588E+01   -0.9866637E+01   -0.1618241E+02   -0.2145824E+02   -0.4383160E-02   -0.4527824E-02   -0.4039112E-02   -0.2383287E-02   -0.3687379E-02   -0.9650086E-03    0.4142273E-01    0.4912121E-01    0.6660762E-01    0.4778226E-01    0.5008421E-01    0.1176802E-01    0.1577259E-03   -0.2914149E-02
   -0.1244541E-03    0.6034494E-03   -0.5347021E-04   -0.1880852E-02    0.5241923E-01   -0.4154011E-02   -0.5711974E-02    0.2606139E+02    0.1890088E+02    0.2490074E+01   -0.1364707E+02   -0.2498234E+02   -0.4676063E+02   -0.2851321E+02   -0.1781528E+01   -0.3405707E+01   -0.6489648E+01   -0.1304861E+02   -0.1413134E+02   -0.2074221E-02   -0.2019514E-02   -0.2264929E-02   -0.9478249E-03   -0.1762071E-02   -0.6040372E-03    0.1237399E-01    0.2111289E-01    0.3424091E-01    0.1758227E-01    0.3275572E-01    0.4332701E-01    0.1367261E-04   -0.2266405E-03
   -0.1036758E-04    0.9360413E-05    0.1082014E-04   -0.1212319E-02   -0.9611396E-02   -0.3140411E-02   -0.1619809E-02    0.8661877E+00    0.2490074E+01    0.5948986E+01   -0.3872638E+02   -0.1727481E+02   -0.5239314E+01   -0.6768006E+00   -0.1653412E+00   -0.3377726E+01   -0.1533234E+01    0.2505881E+01    0.3416787E+01   -0.1990576E-03   -0.1520499E-03   -0.9595395E-03    0.1796862E-03   -0.1003524E-03   -0.7528379E-05    0.9976101E-03    0.2960086E-02    0.4871704E-02    0.2829940E-02    0.2505025E-02    0.4481599E-02   -0.1492520E-03    0.1091061E-03
   -0.3643641E-03    0.2682009E-02   -0.4915992E-03   -0.3430234E-02    0.3375257E+00    0.7683075E-02   -0.9327561E-02    0.1125037E+02   -0.1364707E+02   -0.3872638E+02    0.7181666E+03    0.1704145E+03    0.6610190E+02    0.1612813E+02   -0.1326114E+02   -0.4218221E+02   -0.2134059E+01   -0.1315039E+02   -0.1430732E+02   -0.7933660E-02   -0.1004749E-01   -0.3929237E-02   -0.8597178E-02   -0.8759750E-02   -0.1541772E-01   -0.1709329E-01    0.3048298E-01    0.4973889E-01    0.8533627E-01    0.8594513E-01    0.7277878E-01   -0.6784348E-03   -0.2499206E-02
   -0.7510258E-04    0.1174593E-02   -0.2317919E-03    0.3120956E-02    0.2074516E+00    0.1600688E-01    0.3925085E-02   -0.2357053E+02   -0.2498234E+02   -0.1727481E+02    0.1704145E+03    0.1212911E+03    0.9661527E+02    0.5455776E+02   -0.1095885E+02    0.9024018E+00   -0.7874234E+01   -0.3357101E+01   -0.1719889E+01   -0.6936979E-03   -0.7370018E-03    0.1357853E-02   -0.2951870E-02   -0.1885946E-02   -0.3419391E-02    0.1491595E-03    0.1778280E-01    0.1066503E-01    0.5087200E-01    0.5462089E-01    0.9085826E-01   -0.2835259E-03   -0.6033863E-03
    0.1729908E-03   -0.3053569E-03   -0.5948167E-04    0.5129450E-02    0.5820860E-01    0.1777451E-01    0.1304708E-01   -0.6983054E+02   -0.4676063E+02   -0.5239314E+01    0.6610190E+02    0.9661527E+02    0.1547710E+03    0.1125938E+03   -0.7462886E+01   -0.1334236E+01   -0.1477579E+01    0.9513879E+01    0.9311297E+01    0.3414739E-02    0.3746587E-02    0.4034836E-02    0.4165371E-03    0.2711688E-02   -0.1420402E-02   -0.3292651E-01   -0.3103775E-01   -0.5505380E-01    0.6034442E-02   -0.1346214E-01   -0.1056200E-01   -0.7368834E-03    0.1911768E-02
    0.1781203E-03   -0.6982890E-03    0.1526542E-04    0.6783538E-02    0.4670959E-01    0.1861354E-01    0.1448581E-01   -0.8369186E+02   -0.2851321E+02   -0.6768006E+00    0.1612813E+02    0.5455776E+02    0.1125938E+03    0.1443366E+03   -0.7048265E+01   -0.5355771E+01   -0.5611870E+01   -0.8598684E+01   -0.9337824E+01    0.4040942E-02    0.4466520E-02    0.3620802E-02    0.1327476E-02    0.3672154E-02   -0.1018093E-02   -0.5085675E-01   -0.3768099E-01   -0.5630216E-01   -0.8599243E-02    0.9855367E-05    0.4968413E-01   -0.9480404E-03    0.5370265E-02
   -0.5855788E-04    0.2594802E-03   -0.2210827E-04   -0.1279877E-02    0.1044528E-01   -0.3055684E-02   -0.3066987E-02   -0.3765638E+01   -0.1781528E+01   -0.1653412E+00   -0.1326114E+02   -0.1095885E+02   -0.7462886E+01   -0.7048265E+01    0.7984281E+01   -0.1103732E+01   -0.2120725E+01   -0.2539769E+01   -0.2899841E+01   -0.9788947E-03   -0.1208342E-02   -0.9407589E-03   -0.1069896E-02   -0.1206927E-02   -0.6152728E-03    0.3961769E-02    0.9351304E-02    0.1103760E-01    0.1240027E-01    0.1191105E-01    0.1199042E-01   -0.1434840E-04    0.2189579E-03
    0.7129544E-04    0.5722753E-03   -0.3827498E-04   -0.3796721E-02    0.2888668E-02   -0.1371712E-01   -0.4222807E-02   -0.2745588E+01   -0.3405707E+01   -0.3377726E+01   -0.4218221E+02    0.9024018E+00   -0.1334236E+01   -0.5355771E+01   -0.1103732E+01    0.1583763E+03    0.5692376E+02    0.5287267E+02    0.5051372E+02   -0.1346373E-02    0.5092820E-03    0.6598073E-03    0.9744186E-03    0.4101856E-02    0.9385525E-02   -0.3603881E-02   -0.8600763E-01   -0.1001813E+00   -0.6668955E-01   -0.7411295E-01   -0.6526780E-01   -0.1323438E-01    0.1127083E-03
   -0.1969512E-03    0.4599971E-03   -0.4792054E-04   -0.3501463E-02   -0.9209734E-01   -0.2193936E-01   -0.6228679E-02   -0.9866637E+01   -0.6489648E+01   -0.1533234E+01   -0.2134059E+01   -0.7874234E+01   -0.1477579E+01   -0.5611870E+01   -0.2120725E+01    0.5692376E+02    0.1080152E+03    0.1101123E+03    0.1107073E+03    0.1260389E-02    0.1574362E-02    0.6883634E-03    0.2081435E-02    0.1812159E-02   -0.7981342E-03    0.2315793E-01   -0.6862897E-01   -0.9344340E-01   -0.9833260E-01   -0.1051966E+00   -0.8820209E-01    0.3265450E-02   -0.5596457E-04
   -0.2166955E-03    0.7885059E-03   -0.1090064E-03   -0.6576825E-02   -0.8611501E-01   -0.2718986E-01   -0.8907134E-02   -0.1618241E+02   -0.1304861E+02    0.2505881E+01   -0.1315039E+02   -0.3357101E+01    0.9513879E+01   -0.8598684E+01   -0.2539769E+01    0.5287267E+02    0.1101123E+03    0.1493331E+03    0.1744964E+03    0.8523802E-03    0.5618315E-03   -0.1130439E-02    0.1534068E-02   -0.1273664E-03   -0.2703759E-02    0.2348034E-01   -0.6772343E-01   -0.1003011E+00   -0.9159414E-01   -0.9232127E-01   -0.1430329E-01    0.3181691E-02   -0.4945178E-02
   -0.2221072E-03    0.9153248E-03   -0.1434687E-03   -0.7850314E-02   -0.8600516E-01   -0.2949971E-01   -0.9440780E-02   -0.2145824E+02   -0.1413134E+02    0.3416787E+01   -0.1430732E+02   -0.1719889E+01    0.9311297E+01   -0.9337824E+01   -0.2899841E+01    0.5051372E+02    0.1107073E+03    0.1744964E+03    0.2241579E+03    0.1011700E-02    0.4026204E-04   -0.1654798E-02    0.1150594E-02   -0.1578362E-02   -0.4835465E-02    0.1813369E-01   -0.7259577E-01   -0.9646796E-01   -0.9074038E-01   -0.6114087E-01    0.9542721E-01    0.3259885E-02   -0.9326151E-02
    0.2221938E-06   -0.2232661E-05    0.2533363E-06    0.9315391E-05   -0.1677939E-03    0.1238592E-04    0.1111084E-04   -0.4383160E-02   -0.2074221E-02   -0.1990576E-03   -0.7933660E-02   -0.6936979E-03    0.3414739E-02    0.4040942E-02   -0.9788947E-03   -0.1346373E-02    0.1260389E-02    0.8523802E-03    0.1011700E-02    0.7001443E-04    0.2535289E-04    0.3025702E-04    0.1399524E-04    0.1546960E-04    0.1813145E-04   -0.8559902E-04   -0.8328053E-04   -0.7455996E-04   -0.5643749E-04   -0.2991213E-04   -0.2288651E-04    0.5816523E-06    0.1359197E-06
    0.2326537E-06   -0.2505878E-05    0.2536871E-06    0.8638596E-05   -0.1535531E-03    0.1005343E-04    0.1226509E-04   -0.4527824E-02   -0.2019514E-02   -0.1520499E-03   -0.1004749E-01   -0.7370018E-03    0.3746587E-02    0.4466520E-02   -0.1208342E-02    0.5092820E-03    0.1574362E-02    0.5618315E-03    0.4026204E-04    0.2535289E-04    0.4271445E-04    0.3779914E-04    0.3196606E-04    0.3221404E-04    0.3132911E-04   -0.6731696E-04   -0.1013185E-03   -0.7794911E-04   -0.1110227E-03   -0.8840608E-04   -0.6624273E-04    0.4084711E-06    0.3261515E-06
    0.2626778E-06   -0.2629070E-05    0.3235203E-06    0.1036271E-04   -0.1390723E-03    0.1304567E-04    0.1296223E-04   -0.4039112E-02   -0.2264929E-02   -0.9595395E-03   -0.3929237E-02    0.1357853E-02    0.4034836E-02    0.3620802E-02   -0.9407589E-03    0.6598073E-03    0.6883634E-03   -0.1130439E-02   -0.1654798E-02    0.3025702E-04    0.3779914E-04    0.1140886E-03    0.2673405E-04    0.5894173E-04    0.1078204E-03   -0.6361868E-04   -0.8960452E-04   -0.8903220E-04   -0.8313009E-04   -0.1353444E-03   -0.2660916E-03    0.3803054E-06    0.2621457E-06
    0.2233118E-06   -0.2129479E-05    0.1932181E-06    0.6355471E-05   -0.1532121E-03    0.6154453E-05    0.1071125E-04   -0.2383287E-02   -0.9478249E-03    0.1796862E-03   -0.8597178E-02   -0.2951870E-02    0.4165371E-03    0.1327476E-02   -0.1069896E-02    0.9744186E-03    0.2081435E-02    0.1534068E-02    0.1150594E-02    0.1399524E-04    0.3196606E-04    0.2673405E-04    0.8844579E-04    0.5828756E-04    0.4311047E-04   -0.4519529E-04   -0.9902699E-04   -0.7851223E-04   -0.1957306E-03   -0.1743419E-03   -0.1982056E-03    0.3587852E-06    0.1743193E-06
    0.2821511E-06   -0.2351009E-05    0.2626336E-06    0.8763107E-05   -0.1711438E-03    0.1016002E-04    0.1235088E-04   -0.3687379E-02   -0.1762071E-02   -0.1003524E-03   -0.8759750E-02   -0.1885946E-02    0.2711688E-02    0.3672154E-02   -0.1206927E-02    0.4101856E-02    0.1812159E-02   -0.1273664E-03   -0.1578362E-02    0.1546960E-04    0.3221404E-04    0.5894173E-04    0.5828756E-04    0.1258546E-03    0.1565546E-03   -0.3665021E-04   -0.8272806E-04   -0.9403432E-04   -0.1709908E-03   -0.2079785E-03   -0.3733001E-03    0.7802700E-07    0.4882926E-06
    0.3251741E-06   -0.2529384E-05    0.2055728E-06    0.1072921E-04   -0.1181165E-03    0.1329273E-04    0.1233785E-04   -0.9650086E-03   -0.6040372E-03   -0.7528379E-05   -0.1541772E-01   -0.3419391E-02   -0.1420402E-02   -0.1018093E-02   -0.6152728E-03    0.9385525E-02   -0.7981342E-03   -0.2703759E-02   -0.4835465E-02    0.1813145E-04    0.3132911E-04    0.1078204E-03    0.4311047E-04    0.1565546E-03    0.6394693E-03    0.2977753E-04   -0.1645955E-04   -0.6754112E-04   -0.1253723E-03   -0.2399594E-03   -0.4175931E-03   -0.7178921E-06    0.5315702E-06
   -0.1910029E-05    0.1292572E-04   -0.1460209E-05   -0.8545242E-04    0.3554190E-03   -0.1493103E-03   -0.4775395E-04    0.4142273E-01    0.1237399E-01    0.9976101E-03   -0.1709329E-01    0.1491595E-03   -0.3292651E-01   -0.5085675E-01    0.3961769E-02   -0.3603881E-02    0.2315793E-01    0.2348034E-01    0.1813369E-01   -0.8559902E-04   -0.6731696E-04   -0.6361868E-04   -0.4519529E-04   -0.3665021E-04    0.2977753E-04    0.1261257E-01    0.8366210E-02    0.9202170E-02    0.2377671E-02    0.2759202E-02    0.3688078E-02    0.4046778E-05   -0.6648801E-06
   -0.2933561E-05    0.1743191E-04   -0.2584762E-05   -0.8042178E-04    0.1099394E-02   -0.1227162E-03   -0.5835836E-04    0.4912121E-01    0.2111289E-01    0.2960086E-02    0.3048298E-01    0.1778280E-01   -0.3103775E-01   -0.3768099E-01    0.9351304E-02   -0.8600763E-01   -0.6862897E-01   -0.6772343E-01   -0.7259577E-01   -0.8328053E-04   -0.1013185E-03   -0.8960452E-04   -0.9902699E-04   -0.8272806E-04   -0.1645955E-04    0.8366210E-02    0.1227431E-01    0.1349865E-01    0.8733873E-02    0.8704397E-02    0.8573781E-02    0.5442531E-05   -0.4907442E-06
   -0.3251976E-05    0.1991938E-04   -0.2798470E-05   -0.5832079E-04    0.1680542E-02   -0.7457408E-04   -0.7016451E-04    0.6660762E-01    0.3424091E-01    0.4871704E-02    0.4973889E-01    0.1066503E-01   -0.5505380E-01   -0.5630216E-01    0.1103760E-01   -0.1001813E+00   -0.9344340E-01   -0.1003011E+00   -0.9646796E-01   -0.7455996E-04   -0.7794911E-04   -0.8903220E-04   -0.7851223E-04   -0.9403432E-04   -0.6754112E-04    0.9202170E-02    0.1349865E-01    0.2560967E-01    0.5129477E-02    0.1212755E-01    0.2332312E-01    0.5833290E-05   -0.2743597E-05
   -0.5431774E-05    0.3327445E-04   -0.5847460E-05   -0.1061877E-03    0.2381485E-02   -0.1413404E-03   -0.9891472E-04    0.4778226E-01    0.1758227E-01    0.2829940E-02    0.8533627E-01    0.5087200E-01    0.6034442E-02   -0.8599243E-02    0.1240027E-01   -0.6668955E-01   -0.9833260E-01   -0.9159414E-01   -0.9074038E-01   -0.5643749E-04   -0.1110227E-03   -0.8313009E-04   -0.1957306E-03   -0.1709908E-03   -0.1253723E-03    0.2377671E-02    0.8733873E-02    0.5129477E-02    0.2140411E-01    0.1947487E-01    0.1380926E-01   -0.2915334E-05   -0.2154222E-05
   -0.7042178E-05    0.4414837E-04   -0.7816746E-05   -0.8534483E-04    0.3616202E-02   -0.8572507E-04   -0.1254948E-03    0.5008421E-01    0.3275572E-01    0.2505025E-02    0.8594513E-01    0.5462089E-01   -0.1346214E-01    0.9855367E-05    0.1191105E-01   -0.7411295E-01   -0.1051966E+00   -0.9232127E-01   -0.6114087E-01   -0.2991213E-04   -0.8840608E-04   -0.1353444E-03   -0.1743419E-03   -0.2079785E-03   -0.2399594E-03    0.2759202E-02    0.8704397E-02    0.1212755E-01    0.1947487E-01    0.2909281E-01    0.4034815E-01   -0.4036182E-06   -0.6465656E-05
   -0.1071157E-04    0.7521319E-04   -0.1196709E-04   -0.1111208E-03    0.6475584E-02   -0.8673932E-04   -0.2068316E-03    0.1176802E-01    0.4332701E-01    0.4481599E-02    0.7277878E-01    0.9085826E-01   -0.1056200E-01    0.4968413E-01    0.1199042E-01   -0.6526780E-01   -0.8820209E-01   -0.1430329E-01    0.9542721E-01   -0.2288651E-04   -0.6624273E-04   -0.2660916E-03   -0.1982056E-03   -0.3733001E-03   -0.4175931E-03    0.3688078E-02    0.8573781E-02    0.2332312E-01    0.1380926E-01    0.4034815E-01    0.1014915E+00    0.1477570E-05   -0.1354284E-04
   -0.2507472E-07   -0.6960542E-07    0.4031676E-08    0.5043264E-06   -0.1453165E-04   -0.3404944E-07    0.3690151E-06    0.1577259E-03    0.1367261E-04   -0.1492520E-03   -0.6784348E-03   -0.2835259E-03   -0.7368834E-03   -0.9480404E-03   -0.1434840E-04   -0.1323438E-01    0.3265450E-02    0.3181691E-02    0.3259885E-02    0.5816523E-06    0.4084711E-06    0.3803054E-06    0.3587852E-06    0.7802700E-07   -0.7178921E-06    0.4046778E-05    0.5442531E-05    0.5833290E-05   -0.2915334E-05   -0.4036182E-06    0.1477570E-05    0.2306320E-05   -0.2481698E-07
    0.9524239E-08   -0.9832088E-07    0.2138806E-07    0.5286523E-06   -0.6177243E-05    0.8309323E-06    0.6898872E-06   -0.2914149E-02   -0.2266405E-03    0.1091061E-03   -0.2499206E-02   -0.6033863E-03    0.1911768E-02    0.5370265E-02    0.2189579E-03    0.1127083E-03   -0.5596457E-04   -0.4945178E-02   -0.9326151E-02    0.1359197E-06    0.3261515E-06    0.2621457E-06    0.1743193E-06    0.4882926E-06    0.5315702E-06   -0.6648801E-06   -0.4907442E-06   -0.2743597E-05   -0.2154222E-05   -0.6465656E-05   -0.1354284E-04   -0.2481698E-07    0.1266704E-05
