# omegabh2 omegach2 theta tau nnu ns logA aps100 aps143 aps217 acib143 acib217 asz143 psr cibr cal0 cal2 xi aksz bm_1_1
    0.92051E-07    0.18538E-06    0.14616E-07    0.12698E-05    0.35690E-04    0.20903E-05    0.30713E-05   -0.98114E-03   -0.32207E-03   -0.26089E-03   -0.77503E-04    0.14897E-04    0.16952E-04   -0.17752E-06    0.42594E-05   -0.63520E-09   -0.10166E-09   -0.63744E-07   -0.61905E-05   -0.88226E-05
    0.18538E-06    0.23592E-04   -0.21772E-05   -0.42200E-05    0.11128E-02    0.18770E-04    0.43213E-04    0.55325E-02    0.25306E-02   -0.32976E-02    0.38167E-02    0.78742E-02    0.49149E-03   -0.43289E-06    0.16303E-03   -0.72881E-08    0.19350E-06   -0.49608E-04    0.76567E-03    0.49418E-03
    0.14616E-07   -0.21772E-05    0.50709E-06    0.64206E-06   -0.10445E-03   -0.13562E-05   -0.32006E-05   -0.84739E-03   -0.41874E-03    0.24111E-03   -0.33843E-03   -0.65457E-03   -0.31931E-04   -0.15151E-06   -0.10198E-04    0.45249E-08   -0.12191E-07    0.48866E-05   -0.86304E-04   -0.34631E-04
    0.12698E-05   -0.42200E-05    0.64206E-06    0.22592E-03    0.44191E-03    0.52179E-04    0.44112E-03   -0.67857E-02    0.62445E-02    0.15037E-01   -0.61405E-02   -0.10779E-01   -0.53598E-03   -0.49039E-05   -0.11880E-03    0.18413E-07   -0.36670E-06    0.45588E-04   -0.13453E-02   -0.39385E-03
    0.35690E-04    0.11128E-02   -0.10445E-03    0.44191E-03    0.73002E-01    0.21648E-02    0.32983E-02    0.14681E+00    0.29159E-01   -0.25523E+00    0.22136E+00    0.45751E+00    0.32536E-01   -0.10334E-03    0.10367E-01   -0.61582E-06    0.82704E-05   -0.29212E-02    0.51911E-01    0.22911E-01
    0.20903E-05    0.18770E-04   -0.13562E-05    0.52179E-04    0.21648E-02    0.11372E-03    0.14227E-03   -0.14611E-01    0.61112E-02    0.72289E-02   -0.86926E-03    0.12484E-02    0.32006E-03   -0.61434E-07    0.10073E-03   -0.32062E-07    0.10411E-06   -0.11750E-05    0.91521E-04    0.15164E-03
    0.30713E-05    0.43213E-04   -0.32006E-05    0.44112E-03    0.32983E-02    0.14227E-03    0.98127E-03    0.13307E-01    0.29179E-01    0.35411E-01   -0.69095E-02   -0.10168E-01   -0.67736E-03   -0.67659E-05   -0.32237E-04    0.66680E-07   -0.60250E-07    0.24763E-04   -0.17189E-02    0.66100E-03
   -0.98114E-03    0.55325E-02   -0.84739E-03   -0.67857E-02    0.14681E+00   -0.14611E-01    0.13307E-01    0.26849E+04    0.23289E+03    0.12700E+03    0.81686E+02   -0.30185E+02   -0.27398E+02    0.69033E-01   -0.48564E+01    0.12439E-02    0.71741E-02    0.17253E+01   -0.60015E+01    0.12826E+02
   -0.32207E-03    0.25306E-02   -0.41874E-03    0.62445E-02    0.29159E-01    0.61112E-02    0.29179E-01    0.23289E+03    0.18566E+03    0.14932E+03   -0.35696E+02   -0.56339E+02   -0.61743E+01    0.53287E-01   -0.14338E+01    0.86061E-04    0.23381E-03    0.55126E+00   -0.60536E+01    0.42135E+00
   -0.26089E-03   -0.32976E-02    0.24111E-03    0.15037E-01   -0.25523E+00    0.72289E-02    0.35411E-01    0.12700E+03    0.14932E+03    0.25079E+03   -0.39138E+02   -0.10367E+03   -0.53795E+01    0.64905E-01   -0.20482E+01    0.70240E-04   -0.50444E-02    0.49996E+00   -0.58500E+01    0.38943E+00
   -0.77503E-04    0.38167E-02   -0.33843E-03   -0.61405E-02    0.22136E+00   -0.86926E-03   -0.69095E-02    0.81686E+02   -0.35696E+02   -0.39138E+02    0.31310E+02    0.23108E+02   -0.45738E+00   -0.11132E-01    0.44886E-01   -0.87857E-04    0.98568E-04    0.10723E+00   -0.35171E+00   -0.59024E+00
    0.14897E-04    0.78742E-02   -0.65457E-03   -0.10779E-01    0.45751E+00    0.12484E-02   -0.10168E-01   -0.30185E+02   -0.56339E+02   -0.10367E+03    0.23108E+02    0.56815E+02    0.30144E+01   -0.29417E-01    0.11250E+01   -0.22817E-04    0.28283E-02   -0.24619E+00   -0.64630E+00    0.49100E-01
    0.16952E-04    0.49149E-03   -0.31931E-04   -0.53598E-03    0.32536E-01    0.32006E-03   -0.67736E-03   -0.27398E+02   -0.61743E+01   -0.53795E+01   -0.45738E+00    0.30144E+01    0.74192E+00   -0.26601E-02    0.15607E+00    0.18639E-05   -0.12534E-03   -0.47655E-01   -0.50818E-01    0.84371E-01
   -0.17752E-06   -0.43289E-06   -0.15151E-06   -0.49039E-05   -0.10334E-03   -0.61434E-07   -0.67659E-05    0.69033E-01    0.53287E-01    0.64905E-01   -0.11132E-01   -0.29417E-01   -0.26601E-02    0.21713E-03   -0.76421E-03   -0.15848E-06   -0.80519E-06    0.23980E-03   -0.13261E-02   -0.36315E-03
    0.42594E-05    0.16303E-03   -0.10198E-04   -0.11880E-03    0.10367E-01    0.10073E-03   -0.32237E-04   -0.48564E+01   -0.14338E+01   -0.20482E+01    0.44886E-01    0.11250E+01    0.15607E+00   -0.76421E-03    0.47687E-01    0.62215E-06    0.23407E-04   -0.90960E-02   -0.16232E-01    0.18035E-01
   -0.63520E-09   -0.72881E-08    0.45249E-08    0.18413E-07   -0.61582E-06   -0.32062E-07    0.66680E-07    0.12439E-02    0.86061E-04    0.70240E-04   -0.87857E-04   -0.22817E-04    0.18639E-05   -0.15848E-06    0.62215E-06    0.14940E-06    0.11901E-07   -0.22843E-06    0.20986E-05   -0.26165E-04
   -0.10166E-09    0.19350E-06   -0.12191E-07   -0.36670E-06    0.82704E-05    0.10411E-06   -0.60250E-07    0.71741E-02    0.23381E-03   -0.50444E-02    0.98568E-04    0.28283E-02   -0.12534E-03   -0.80519E-06    0.23407E-04    0.11901E-07    0.95758E-06   -0.10916E-05   -0.29736E-04    0.38847E-04
   -0.63744E-07   -0.49608E-04    0.48866E-05    0.45588E-04   -0.29212E-02   -0.11750E-05    0.24763E-04    0.17253E+01    0.55126E+00    0.49996E+00    0.10723E+00   -0.24619E+00   -0.47655E-01    0.23980E-03   -0.90960E-02   -0.22843E-06   -0.10916E-05    0.18215E-01   -0.75007E-02   -0.66590E-02
   -0.61905E-05    0.76567E-03   -0.86304E-04   -0.13453E-02    0.51911E-01    0.91521E-04   -0.17189E-02   -0.60015E+01   -0.60536E+01   -0.58500E+01   -0.35171E+00   -0.64630E+00   -0.50818E-01   -0.13261E-02   -0.16232E-01    0.20986E-05   -0.29736E-04   -0.75007E-02    0.20975E+01   -0.20132E-01
   -0.88226E-05    0.49418E-03   -0.34631E-04   -0.39385E-03    0.22911E-01    0.15164E-03    0.66100E-03    0.12826E+02    0.42135E+00    0.38943E+00   -0.59024E+00    0.49100E-01    0.84371E-01   -0.36315E-03    0.18035E-01   -0.26165E-04    0.38847E-04   -0.66590E-02   -0.20132E-01    0.60126E+00
