# omegabh2 omegach2 theta tau mnu logA ns aps100 aps143 aps217 acib143 acib217 asz143 psr cibr ncib xi aksz cal0 cal2 calTE calEE bm_1_1
    0.3910678E-07   -0.1919545E-06    0.3681274E-07    0.2818816E-06   -0.2910881E-04    0.3258262E-06    0.6799383E-06   -0.5493741E-03   -0.3147867E-03    0.1485187E-03   -0.4255269E-04   -0.2048303E-03   -0.1529610E-04    0.5194987E-06   -0.3885524E-05   -0.2159089E-05    0.3683238E-05   -0.7080476E-04    0.2170155E-08    0.5699645E-09   -0.1497790E-06   -0.1927763E-06   -0.3109510E-05
   -0.1919545E-06    0.2366715E-05   -0.2702201E-06   -0.4261885E-05    0.1504721E-03   -0.3566850E-05   -0.6170518E-05    0.4389084E-02    0.1706738E-02    0.4842013E-03   -0.5137924E-04    0.4638135E-03    0.6730201E-04   -0.1307351E-05    0.5922292E-05    0.4583295E-05   -0.2723404E-04    0.2357757E-03   -0.3583772E-07    0.4725135E-07    0.2872245E-06   -0.5011118E-06    0.6519992E-04
    0.3681274E-07   -0.2702201E-06    0.1290392E-06    0.2156018E-06   -0.4528889E-04    0.9500583E-07    0.1006638E-05   -0.5794304E-03   -0.2273373E-03   -0.3255274E-04   -0.9778343E-05   -0.1017966E-03   -0.2092042E-04    0.3925132E-06   -0.1512456E-05   -0.1267886E-05    0.5436971E-05   -0.6091604E-04    0.1828537E-08    0.1503566E-07   -0.1696017E-06    0.3317169E-07   -0.7676900E-05
    0.2818816E-06   -0.4261885E-05    0.2156018E-06    0.1691452E-03    0.6707106E-03    0.3245777E-03    0.1519051E-04    0.2534301E-04    0.1522205E-02    0.8716594E-02   -0.3596265E-02   -0.4226709E-02   -0.4379142E-03    0.1097683E-03   -0.1355994E-03    0.7536122E-04    0.2306435E-03   -0.2331452E-02    0.2103352E-07   -0.1331956E-05   -0.6417808E-05   -0.2891506E-05    0.1150705E-03
   -0.2910881E-04    0.1504721E-03   -0.4528889E-04    0.6707106E-03    0.7515750E-01    0.1316722E-02   -0.8366973E-03    0.7578264E+00    0.1529810E+00   -0.2529297E+00    0.8889921E-01    0.2474751E+00    0.1216628E-01    0.4331922E-03    0.2573768E-02    0.2419048E-02   -0.3572273E-02    0.9456332E-01    0.2855071E-05   -0.3439155E-05    0.1906188E-03   -0.4177432E-04   -0.1517671E-02
    0.3258262E-06   -0.3566850E-05    0.9500583E-07    0.3245777E-03    0.1316722E-02    0.6400997E-03    0.1914214E-04    0.8763770E-02    0.9557726E-02    0.2560296E-01   -0.9665320E-02   -0.1044059E-01   -0.1684823E-02    0.2255702E-03   -0.3622074E-03    0.1622595E-03    0.4331473E-03   -0.5886166E-02    0.1510052E-06   -0.1187939E-05   -0.1136003E-04   -0.2996239E-05    0.8706216E-03
    0.6799383E-06   -0.6170518E-05    0.1006638E-05    0.1519051E-04   -0.8366973E-03    0.1914214E-04    0.3144802E-04   -0.2378608E-01   -0.3970421E-02    0.1325839E-01   -0.3369323E-02   -0.8951830E-02   -0.1135701E-02    0.3354723E-04   -0.1564551E-03   -0.6896779E-04    0.1646121E-03   -0.3682112E-02   -0.2609334E-06    0.4709576E-06   -0.2825077E-05   -0.1195266E-05    0.1293366E-03
   -0.5493741E-03    0.4389084E-02   -0.5794304E-03    0.2534301E-04    0.7578264E+00    0.8763770E-02   -0.2378608E-01    0.2380813E+04    0.9356082E+02   -0.8881328E+02    0.5175696E+02    0.6462870E+02   -0.5654662E+02   -0.8798306E+00   -0.8556209E+00    0.5551076E+00    0.1683445E+00   -0.1695153E+02    0.2198917E-02    0.4908620E-02    0.1239640E-01    0.2558191E-02    0.1138751E+02
   -0.3147867E-03    0.1706738E-02   -0.2273373E-03    0.1522205E-02    0.1529810E+00    0.9557726E-02   -0.3970421E-02    0.9356082E+02    0.1107351E+03    0.2785119E+02   -0.1665503E+02   -0.8169911E+00   -0.7972889E+01   -0.2414974E+00    0.1358682E+00    0.4182338E-02    0.8849079E+00   -0.1198556E+02   -0.8784946E-04    0.4729187E-03    0.3451388E-02    0.4664403E-02   -0.2492759E-01
    0.1485187E-03    0.4842013E-03   -0.3255274E-04    0.8716594E-02   -0.2529297E+00    0.2560296E-01    0.1325839E-01   -0.8881328E+02    0.2785119E+02    0.2931307E+03   -0.2529267E+02   -0.1341972E+03    0.5641352E+00    0.2069747E-01   -0.1372392E+01   -0.1785289E+01    0.5895803E+00   -0.9137006E+01   -0.4807651E-03   -0.3936259E-02    0.1269177E-02   -0.3852200E-03    0.1366724E+00
   -0.4255269E-04   -0.5137924E-04   -0.9778343E-05   -0.3596265E-02    0.8889921E-01   -0.9665320E-02   -0.3369323E-02    0.5175696E+02   -0.1665503E+02   -0.2529267E+02    0.1929669E+02    0.1543728E+02   -0.1561083E+01    0.3043006E-01   -0.4261099E-01    0.2052163E+00    0.1622302E+00   -0.1246935E+01   -0.1736114E-03   -0.7198102E-03   -0.2865468E-03   -0.7241807E-03   -0.1858162E+00
   -0.2048303E-03    0.4638135E-03   -0.1017966E-03   -0.4226709E-02    0.2474751E+00   -0.1044059E-01   -0.8951830E-02    0.6462870E+02   -0.8169911E+00   -0.1341972E+03    0.1543728E+02    0.7284655E+02    0.2919400E+00    0.4974922E-01    0.6365198E+00    0.1060379E+01   -0.3266409E+00   -0.2069544E+01    0.1723911E-03    0.1407082E-02    0.1740393E-03    0.1429369E-02    0.4340968E-01
   -0.1529610E-04    0.6730201E-04   -0.2092042E-04   -0.4379142E-03    0.1216628E-01   -0.1684823E-02   -0.1135701E-02   -0.5654662E+02   -0.7972889E+01    0.5641352E+00   -0.1561083E+01    0.2919400E+00    0.6995023E+01    0.8605895E-01    0.2473482E+00    0.4142817E-02   -0.8685854E-01   -0.1674385E+00    0.1191064E-03   -0.7253711E-03   -0.4226200E-03   -0.7564882E-03    0.1481216E+00
    0.5194987E-06   -0.1307351E-05    0.3925132E-06    0.1097683E-03    0.4331922E-03    0.2255702E-03    0.3354723E-04   -0.8798306E+00   -0.2414974E+00    0.2069747E-01    0.3043006E-01    0.4974922E-01    0.8605895E-01    0.1350567E-01   -0.8769534E-02    0.5044813E-02    0.7779371E-02   -0.9235843E-02    0.5165761E-06   -0.2903669E-04   -0.6026397E-05   -0.7105280E-05    0.3931624E-02
   -0.3885524E-05    0.5922292E-05   -0.1512456E-05   -0.1355994E-03    0.2573768E-02   -0.3622074E-03   -0.1564551E-03   -0.8556209E+00    0.1358682E+00   -0.1372392E+01   -0.4261099E-01    0.6365198E+00    0.2473482E+00   -0.8769534E-02    0.5623134E-01   -0.1462816E-02   -0.2083720E-02   -0.2055524E-01    0.3891220E-05    0.8454993E-04   -0.2238850E-04   -0.3538900E-04    0.3347270E-02
   -0.2159089E-05    0.4583295E-05   -0.1267886E-05    0.7536122E-04    0.2419048E-02    0.1622595E-03   -0.6896779E-04    0.5551076E+00    0.4182338E-02   -0.1785289E+01    0.2052163E+00    0.1060379E+01    0.4142817E-02    0.5044813E-02   -0.1462816E-02    0.2547437E-01   -0.1514310E-02   -0.1807595E-01    0.3161862E-05   -0.6783601E-04    0.8605058E-05    0.3520092E-04    0.7297299E-02
    0.3683238E-05   -0.2723404E-04    0.5436971E-05    0.2306435E-03   -0.3572273E-02    0.4331473E-03    0.1646121E-03    0.1683445E+00    0.8849079E+00    0.5895803E+00    0.1622302E+00   -0.3266409E+00   -0.8685854E-01    0.7779371E-02   -0.2083720E-02   -0.1514310E-02    0.8300990E-01    0.2326765E-01   -0.8975930E-05   -0.1703731E-04   -0.6227001E-05    0.9914578E-05    0.1808484E-04
   -0.7080476E-04    0.2357757E-03   -0.6091604E-04   -0.2331452E-02    0.9456332E-01   -0.5886166E-02   -0.3682112E-02   -0.1695153E+02   -0.1198556E+02   -0.9137006E+01   -0.1246935E+01   -0.2069544E+01   -0.1674385E+00   -0.9235843E-02   -0.2055524E-01   -0.1807595E-01    0.2326765E-01    0.8011550E+01    0.8498357E-04    0.9071063E-04    0.2025647E-03   -0.2691393E-03   -0.4302319E-01
    0.2170155E-08   -0.3583772E-07    0.1828537E-08    0.2103352E-07    0.2855071E-05    0.1510052E-06   -0.2609334E-06    0.2198917E-02   -0.8784946E-04   -0.4807651E-03   -0.1736114E-03    0.1723911E-03    0.1191064E-03    0.5165761E-06    0.3891220E-05    0.3161862E-05   -0.8975930E-05    0.8498357E-04    0.8541637E-06   -0.1163539E-07    0.5924366E-07    0.2444684E-06   -0.1084345E-03
    0.5699645E-09    0.4725135E-07    0.1503566E-07   -0.1331956E-05   -0.3439155E-05   -0.1187939E-05    0.4709576E-06    0.4908620E-02    0.4729187E-03   -0.3936259E-02   -0.7198102E-03    0.1407082E-02   -0.7253711E-03   -0.2903669E-04    0.8454993E-04   -0.6783601E-04   -0.1703731E-04    0.9071063E-04   -0.1163539E-07    0.5526230E-05    0.7113584E-06    0.1015302E-05    0.2574192E-03
   -0.1497790E-06    0.2872245E-06   -0.1696017E-06   -0.6417808E-05    0.1906188E-03   -0.1136003E-04   -0.2825077E-05    0.1239640E-01    0.3451388E-02    0.1269177E-02   -0.2865468E-03    0.1740393E-03   -0.4226200E-03   -0.6026397E-05   -0.2238850E-04    0.8605058E-05   -0.6227001E-05    0.2025647E-03    0.5924366E-07    0.7113584E-06    0.2148202E-04    0.6995475E-05    0.3015858E-03
   -0.1927763E-06   -0.5011118E-06    0.3317169E-07   -0.2891506E-05   -0.4177432E-04   -0.2996239E-05   -0.1195266E-05    0.2558191E-02    0.4664403E-02   -0.3852200E-03   -0.7241807E-03    0.1429369E-02   -0.7564882E-03   -0.7105280E-05   -0.3538900E-04    0.3520092E-04    0.9914578E-05   -0.2691393E-03    0.2444684E-06    0.1015302E-05    0.6995475E-05    0.2030377E-04    0.2797789E-03
   -0.3109510E-05    0.6519992E-04   -0.7676900E-05    0.1150705E-03   -0.1517671E-02    0.8706216E-03    0.1293366E-03    0.1138751E+02   -0.2492759E-01    0.1366724E+00   -0.1858162E+00    0.4340968E-01    0.1481216E+00    0.3931624E-02    0.3347270E-02    0.7297299E-02    0.1808484E-04   -0.4302319E-01   -0.1084345E-03    0.2574192E-03    0.3015858E-03    0.2797789E-03    0.2562140E+00
