# omegabh2 omegach2 theta tau nnu logA ns calPlanck galfEE100 galfEE100143 galfEE100217 galfEE143 galfEE143217 galfEE217
    0.5727357E-05    0.3530998E-04   -0.6512900E-05    0.1525791E-04    0.2884625E-02    0.1517450E-03    0.7899276E-04    0.8578884E-08   -0.3081523E-06   -0.9816371E-08   -0.1141539E-07   -0.8871199E-07    0.4743319E-06    0.1086648E-05
    0.3530998E-04    0.4199390E-03   -0.6723601E-04    0.1141350E-03    0.2865452E-01    0.1307196E-02    0.6108903E-03   -0.1597546E-06   -0.3397907E-05   -0.4702195E-06   -0.2003303E-05   -0.9581691E-06    0.6568535E-06    0.1634277E-04
   -0.6512900E-05   -0.6723601E-04    0.1247696E-04   -0.2009564E-04   -0.4731150E-02   -0.2336871E-03   -0.1088449E-03    0.4398072E-07    0.1127535E-06   -0.9649518E-07    0.5660145E-07   -0.7045081E-07   -0.1443900E-06   -0.2673469E-05
    0.1525791E-04    0.1141350E-03   -0.2009564E-04    0.5148793E-03    0.9165416E-02    0.1371323E-02    0.2820415E-03    0.3920091E-06    0.1110067E-04    0.4278480E-05   -0.2769193E-05    0.4415138E-05   -0.5017488E-05    0.2622897E-05
    0.2884625E-02    0.2865452E-01   -0.4731150E-02    0.9165416E-02    0.2056400E+01    0.9592413E-01    0.4719468E-01   -0.1068934E-04    0.6730289E-05    0.6296550E-04   -0.9397341E-04    0.3049058E-04    0.1496586E-03    0.1123087E-02
    0.1517450E-03    0.1307196E-02   -0.2336871E-03    0.1371323E-02    0.9592413E-01    0.6811862E-02    0.2444736E-02    0.1304149E-04    0.5051781E-05    0.4271636E-05   -0.6561056E-05    0.3779255E-05   -0.1048600E-04    0.3264760E-04
    0.7899276E-04    0.6108903E-03   -0.1088449E-03    0.2820415E-03    0.4719468E-01    0.2444736E-02    0.1286939E-02   -0.5606287E-06    0.2643451E-04    0.1074995E-04   -0.1894963E-06    0.1074427E-04    0.2305720E-05    0.1084073E-04
    0.8578884E-08   -0.1597546E-06    0.4398072E-07    0.3920091E-06   -0.1068934E-04    0.1304149E-04   -0.5606287E-06    0.6176550E-05    0.1238382E-05    0.1977900E-06    0.4723229E-06    0.5864013E-06   -0.1654946E-06    0.4520168E-06
   -0.3081523E-06   -0.3397907E-05    0.1127535E-06    0.1110067E-04    0.6730289E-05    0.5051781E-05    0.2643451E-04    0.1238382E-05    0.1354416E-03    0.1425233E-04    0.9265691E-06    0.6055147E-05    0.4883771E-06   -0.5016901E-05
   -0.9816371E-08   -0.4702195E-06   -0.9649518E-07    0.4278480E-05    0.6296550E-04    0.4271636E-05    0.1074995E-04    0.1977900E-06    0.1425233E-04    0.1501672E-04    0.5052553E-06    0.7710644E-05    0.5062984E-06   -0.5274340E-06
   -0.1141539E-07   -0.2003303E-05    0.5660145E-07   -0.2769193E-05   -0.9397341E-04   -0.6561056E-05   -0.1894963E-06    0.4723229E-06    0.9265691E-06    0.5052553E-06    0.2259209E-03   -0.8815482E-07    0.5541759E-06    0.2694637E-05
   -0.8871199E-07   -0.9581691E-06   -0.7045081E-07    0.4415138E-05    0.3049058E-04    0.3779255E-05    0.1074427E-04    0.5864013E-06    0.6055147E-05    0.7710644E-05   -0.8815482E-07    0.3205624E-04   -0.9064261E-07   -0.4410183E-07
    0.4743319E-06    0.6568535E-06   -0.1443900E-06   -0.5017488E-05    0.1496586E-03   -0.1048600E-04    0.2305720E-05   -0.1654946E-06    0.4883771E-06    0.5062984E-06    0.5541759E-06   -0.9064261E-07    0.3963261E-03   -0.1483549E-05
    0.1086648E-05    0.1634277E-04   -0.2673469E-05    0.2622897E-05    0.1123087E-02    0.3264760E-04    0.1084073E-04    0.4520168E-06   -0.5016901E-05   -0.5274340E-06    0.2694637E-05   -0.4410183E-07   -0.1483549E-05    0.3489152E-02
