# omegabh2 omegach2 theta tau Alens ns logA aps100 aps143 aps217 acib143 acib217 asz143 psr cibr cal0 cal2 xi aksz bm_1_1
1.047500E-07 -5.265600E-07 1.050800E-07 5.080400E-07 2.251400E-05 1.617400E-06 4.101100E-08 -6.220100E-04 -5.686800E-04 -4.609100E-04 -1.708900E-04 -2.294900E-04 -4.233573E-05 -1.866400E-08 -6.254000E-06 3.361600E-09 2.653300E-10 3.077500E-06 -1.146123E-04 -2.253600E-05
-5.265600E-07 6.929900E-06 -7.727300E-07 -5.726400E-06 -1.684900E-04 -1.727500E-05 4.504900E-06 1.126000E-03 2.356000E-03 2.288500E-03 6.089100E-04 9.643400E-04 3.928787E-04 -2.100600E-08 4.322900E-05 -4.122700E-08 -2.667100E-08 -2.422200E-05 4.563799E-04 1.537900E-04
1.050800E-07 -7.727300E-07 4.176700E-07 1.337500E-06 2.551900E-05 2.531700E-06 1.268500E-06 -1.144100E-04 -2.357300E-04 -3.627600E-04 -8.296900E-05 -1.352200E-04 -7.741703E-05 1.133100E-07 -7.206300E-06 6.743800E-09 1.590900E-08 6.433300E-06 -8.734923E-05 -1.811200E-05
5.080400E-07 -5.726400E-06 1.337500E-06 2.242200E-04 -3.654400E-04 2.291900E-05 4.324900E-04 -1.336200E-02 2.513500E-05 1.909700E-03 -4.452600E-03 -3.933400E-03 5.923060E-04 3.035400E-06 -1.282900E-04 2.113900E-08 -1.659400E-07 -1.445900E-05 -6.372287E-04 -3.032600E-04
2.251400E-05 -1.684900E-04 2.551900E-05 -3.654400E-04 1.551600E-02 4.885000E-04 -1.066700E-03 -1.760500E-01 -9.231300E-02 -6.674500E-02 -5.181600E-02 -9.086600E-02 -3.452736E-02 9.419800E-06 -2.925000E-03 6.929400E-07 2.331900E-06 2.278200E-03 -3.684033E-02 -7.078000E-03
1.617400E-06 -1.727500E-05 2.531700E-06 2.291900E-05 4.885000E-04 6.198800E-05 4.980800E-06 -2.251900E-02 -2.974000E-03 1.052800E-03 -5.904600E-03 -9.129700E-03 -3.153993E-03 1.712900E-06 -2.988700E-04 1.433200E-08 2.448200E-07 1.218300E-04 -4.232216E-03 -6.669100E-04
4.101100E-08 4.504900E-06 1.268500E-06 4.324900E-04 -1.066700E-03 4.980800E-06 8.768600E-04 -1.431700E-02 1.211800E-02 1.647600E-02 -9.871100E-03 -9.595700E-03 -2.043288E-04 8.675700E-06 -3.135000E-04 3.315800E-08 -1.167700E-07 -3.895600E-05 -2.081859E-03 1.458900E-04
-6.220100E-04 1.126000E-03 -1.144100E-04 -1.336200E-02 -1.760500E-01 -2.251900E-02 -1.431700E-02 2.757100E+03 1.837500E+02 6.885900E+01 1.071700E+02 -6.997200E+00 -1.287438E+02 1.658800E-02 -4.787500E+00 1.196400E-03 4.887500E-03 3.166800E+00 -1.096447E+01 1.252900E+01
-5.686800E-04 2.356000E-03 -2.357300E-04 2.513500E-05 -9.231300E-02 -2.974000E-03 1.211800E-02 1.837500E+02 1.378100E+02 9.279100E+01 -2.419000E+01 -2.904900E+01 -1.966264E+01 2.064400E-02 -1.152500E+00 9.464100E-05 9.858500E-04 5.109700E-01 -9.991526E+00 4.730300E-01
-4.609100E-04 2.288500E-03 -3.627600E-04 1.909700E-03 -6.674500E-02 1.052800E-03 1.647600E-02 6.885900E+01 9.279100E+01 1.732000E+02 -2.081200E+01 -6.307000E+01 -1.204611E+01 2.938700E-02 -1.616100E+00 4.887700E-06 -3.458100E-03 4.300100E-01 -1.087911E+01 3.000200E-01
-1.708900E-04 6.089100E-04 -8.296900E-05 -4.452600E-03 -5.181600E-02 -5.904600E-03 -9.871100E-03 1.071700E+02 -2.419000E+01 -2.081200E+01 2.735000E+01 1.246600E+01 -5.890447E+00 -5.354800E-03 -7.480800E-03 -1.089400E-04 -3.571700E-04 2.965500E-01 -4.086582E-01 -6.238100E-01
-2.294900E-04 9.643400E-04 -1.352200E-04 -3.933400E-03 -9.086600E-02 -9.129700E-03 -9.595700E-03 -6.997200E+00 -2.904900E+01 -6.307000E+01 1.246600E+01 3.340600E+01 6.678910E+00 -1.205600E-02 8.860100E-01 2.415000E-05 1.939300E-03 -2.153500E-01 -2.596925E-01 -3.426200E-02
-4.233573E-05 3.928787E-04 -7.741703E-05 5.923060E-04 -3.452736E-02 -3.153993E-03 -2.043288E-04 -1.287438E+02 -1.966264E+01 -1.204611E+01 -5.890447E+00 6.678910E+00 1.432725E+01 -4.581043E-03 6.476518E-01 1.624693E-05 -7.392554E-04 -3.277299E-01 2.330463E-02 3.717140E-01
-1.866400E-08 -2.100600E-08 1.133100E-07 3.035400E-06 9.419800E-06 1.712900E-06 8.675700E-06 1.658800E-02 2.064400E-02 2.938700E-02 -5.354800E-03 -1.205600E-02 -4.581043E-03 1.846500E-04 -4.119200E-04 -8.808200E-08 -7.554900E-08 4.787800E-05 -2.120325E-03 -2.141100E-04
-6.254000E-06 4.322900E-05 -7.206300E-06 -1.282900E-04 -2.925000E-03 -2.988700E-04 -3.135000E-04 -4.787500E+00 -1.152500E+00 -1.616100E+00 -7.480800E-03 8.860100E-01 6.476518E-01 -4.119200E-04 5.046600E-02 2.376000E-06 1.425400E-05 -1.208200E-02 -1.885254E-02 1.524300E-02
3.361600E-09 -4.122700E-08 6.743800E-09 2.113900E-08 6.929400E-07 1.433200E-08 3.315800E-08 1.196400E-03 9.464100E-05 4.887700E-06 -1.089400E-04 2.415000E-05 1.624693E-05 -8.808200E-08 2.376000E-06 1.654400E-07 6.077200E-09 -3.742500E-07 -1.697617E-05 -3.392200E-05
2.653300E-10 -2.667100E-08 1.590900E-08 -1.659400E-07 2.331900E-06 2.448200E-07 -1.167700E-07 4.887500E-03 9.858500E-04 -3.458100E-03 -3.571700E-04 1.939300E-03 -7.392554E-04 -7.554900E-08 1.425400E-05 6.077200E-09 9.074300E-07 8.214000E-07 -5.320353E-05 1.178400E-05
3.077500E-06 -2.422200E-05 6.433300E-06 -1.445900E-05 2.278200E-03 1.218300E-04 -3.895600E-05 3.166800E+00 5.109700E-01 4.300100E-01 2.965500E-01 -2.153500E-01 -3.277299E-01 4.787800E-05 -1.208200E-02 -3.742500E-07 8.214000E-07 3.557200E-02 -1.101590E-02 -8.583600E-03
-1.146123E-04 4.563799E-04 -8.734923E-05 -6.372287E-04 -3.684033E-02 -4.232216E-03 -2.081859E-03 -1.096447E+01 -9.991526E+00 -1.087911E+01 -4.086582E-01 -2.596925E-01 2.330463E-02 -2.120325E-03 -1.885254E-02 -1.697617E-05 -5.320353E-05 -1.101590E-02 7.079096E+00 -4.707993E-02
-2.253600E-05 1.537900E-04 -1.811200E-05 -3.032600E-04 -7.078000E-03 -6.669100E-04 1.458900E-04 1.252900E+01 4.730300E-01 3.000200E-01 -6.238100E-01 -3.426200E-02 3.717140E-01 -2.141100E-04 1.524300E-02 -3.392200E-05 1.178400E-05 -8.583600E-03 -4.707993E-02 6.299000E-01
