# omegabh2 omegach2 theta mnu logA ns
    0.7987790E-06    0.1766083E-05   -0.7872197E-06    0.6730668E-05   -0.1968341E-04    0.1547677E-06
    0.1766083E-05    0.1512622E-02    0.1342562E-02    0.1305316E-01   -0.1765799E-01   -0.3051616E-04
   -0.7872197E-06    0.1342562E-02    0.1401815E-02    0.1645022E-01   -0.1408162E-01   -0.1041462E-04
    0.6730668E-05    0.1305316E-01    0.1645022E-01    0.4188608E+00   -0.5902298E-01    0.8331966E-03
   -0.1968341E-04   -0.1765799E-01   -0.1408162E-01   -0.5902298E-01    0.2554419E+00    0.3396388E-03
    0.1547677E-06   -0.3051616E-04   -0.1041462E-04    0.8331966E-03    0.3396388E-03    0.4043680E-03
