# omegabh2 omegach2 theta tau ns nrun logA aps100 aps143 aps217 acib143 acib217 asz143 psr cibr ncib cal0 cal2 xi aksz bm_1_1 bm_1_2 bm_1_3 bm_1_4 bm_1_5 bm_2_1 bm_2_2 bm_2_3 bm_2_4 bm_2_5 bm_3_1 bm_3_2 bm_3_3 bm_3_4 bm_3_5 bm_4_1 bm_4_2 bm_4_3 bm_4_4 bm_4_5
    0.95278E-07   -0.35526E-06    0.81842E-07    0.22165E-05    0.10042E-05   -0.11940E-05    0.40417E-05   -0.49535E-03   -0.60354E-03   -0.21911E-03   -0.23356E-04   -0.10697E-03    0.26726E-04    0.14623E-06   -0.13435E-05   -0.10657E-05   -0.23255E-08   -0.72189E-08    0.15882E-06   -0.92707E-05   -0.44989E-05   -0.70428E-06   -0.77884E-05   -0.25794E-05   -0.15525E-04    0.88205E-05   -0.68007E-06    0.83868E-05   -0.54443E-05    0.30364E-05   -0.28342E-05   -0.19694E-05    0.37364E-05    0.32368E-05    0.47935E-05    0.33591E-05    0.41992E-05    0.12442E-05   -0.61817E-05    0.68441E-06
   -0.35526E-06    0.60501E-05   -0.63328E-06   -0.11273E-04   -0.14777E-04   -0.13388E-05   -0.76463E-05    0.27083E-02    0.36144E-02    0.10661E-03    0.49713E-03    0.11796E-02   -0.16035E-03    0.44326E-05    0.99975E-05    0.18721E-04    0.14023E-08   -0.19385E-07   -0.50466E-05    0.86979E-04    0.13936E-03   -0.70860E-04    0.10096E-04    0.24467E-04    0.79149E-04   -0.67965E-05    0.39188E-04   -0.32089E-04    0.22137E-04   -0.45335E-04    0.30422E-04    0.43208E-04   -0.79017E-04   -0.12339E-03   -0.67102E-04    0.86244E-05    0.32629E-04   -0.47246E-05    0.65322E-04   -0.15319E-04
    0.81842E-07   -0.63328E-06    0.38163E-06    0.21309E-05    0.21034E-05   -0.33811E-06    0.31387E-05   -0.24106E-03   -0.54140E-03   -0.10670E-03   -0.39933E-04   -0.11779E-03    0.19422E-04    0.58882E-07   -0.26355E-05   -0.13090E-05   -0.30538E-08   -0.60142E-08   -0.11475E-05    0.18132E-04   -0.68456E-05    0.91420E-05   -0.12385E-04   -0.35743E-05   -0.10485E-04    0.10383E-04   -0.58406E-06    0.24198E-04   -0.27677E-05   -0.11307E-04    0.86309E-06   -0.10228E-04    0.82208E-05    0.16289E-04    0.53824E-05    0.13992E-05    0.20399E-04   -0.12346E-05   -0.12909E-04   -0.23826E-05
    0.22165E-05   -0.11273E-04    0.21309E-05    0.26813E-03    0.38783E-04   -0.60473E-04    0.52413E-03   -0.41510E-01    0.32116E-02    0.72978E-02   -0.49588E-02   -0.51420E-02   -0.13035E-02    0.42602E-04   -0.23054E-03    0.53767E-04   -0.25773E-07    0.13119E-06    0.41559E-04   -0.11920E-02    0.16741E-03    0.16689E-03    0.25547E-03   -0.25234E-03   -0.81484E-03    0.44193E-03    0.50389E-03    0.47697E-03   -0.29998E-03   -0.44193E-03   -0.16323E-03   -0.23153E-03    0.47904E-03    0.48859E-03   -0.35929E-05   -0.29030E-04    0.72619E-03    0.41079E-03   -0.37394E-04   -0.17614E-03
    0.10042E-05   -0.14777E-04    0.21034E-05    0.38783E-04    0.62782E-04    0.21099E-04    0.38640E-04   -0.93681E-01   -0.33810E-02    0.20560E-01   -0.13932E-01   -0.15699E-01   -0.66086E-03    0.86272E-04   -0.41350E-03    0.39411E-06   -0.58288E-07   -0.41233E-06    0.10770E-03   -0.36463E-02   -0.11847E-05    0.22726E-03   -0.65778E-04   -0.23099E-03   -0.28456E-03    0.35122E-03    0.76436E-04   -0.32559E-04   -0.22441E-03   -0.27008E-04   -0.19158E-03   -0.16524E-03    0.18474E-03    0.46697E-03    0.25845E-03    0.13887E-03    0.28584E-04    0.12976E-03   -0.11564E-03   -0.12231E-03
   -0.11940E-05   -0.13388E-05   -0.33811E-06   -0.60473E-04    0.21099E-04    0.92379E-04   -0.14354E-03   -0.87736E-01   -0.23833E-02    0.19575E-01   -0.13245E-01   -0.15165E-01   -0.32134E-03    0.81528E-04   -0.34986E-03   -0.21290E-04    0.56582E-07   -0.78666E-06    0.12755E-03   -0.31167E-02   -0.21230E-03   -0.75612E-04   -0.11381E-03   -0.61668E-04    0.26379E-03    0.89296E-04    0.26760E-04   -0.28732E-03   -0.24505E-03    0.73692E-04   -0.21478E-03   -0.23044E-04   -0.10254E-03    0.46466E-04    0.81034E-04    0.11264E-04   -0.20886E-03   -0.32397E-04   -0.10346E-03   -0.25347E-03
    0.40417E-05   -0.76463E-05    0.31387E-05    0.52413E-03    0.38640E-04   -0.14354E-03    0.10729E-02   -0.88608E-01    0.23910E-01    0.21355E-01   -0.11556E-01   -0.90768E-02   -0.43808E-02    0.12788E-03   -0.56371E-03    0.20856E-03   -0.97458E-08    0.40193E-06    0.95988E-04   -0.28515E-02    0.14426E-02    0.39429E-03    0.55573E-03   -0.38950E-03   -0.14426E-02    0.11901E-02    0.12512E-02    0.95221E-03   -0.60771E-03   -0.11385E-02   -0.22707E-03   -0.33718E-03    0.75158E-03    0.58122E-03   -0.18342E-03    0.15889E-03    0.17885E-02    0.88004E-03    0.16772E-03   -0.47011E-03
   -0.49535E-03    0.27083E-02   -0.24106E-03   -0.41510E-01   -0.93681E-01   -0.87736E-01   -0.88608E-01    0.28220E+04    0.25927E+02   -0.18140E+03    0.14092E+03    0.12535E+03   -0.67874E+02   -0.12692E+01    0.84510E+00    0.96029E+00    0.51136E-03    0.25003E-03   -0.24455E+00   -0.17968E+02    0.93290E+01   -0.11155E+02    0.12862E+00    0.15130E+01   -0.79962E+00   -0.49247E+00   -0.69196E+01   -0.89006E+00    0.15523E+01   -0.11884E+01    0.93909E+00    0.76779E+00    0.34404E+00   -0.46554E-01   -0.60979E+01    0.10068E+01   -0.19874E+01   -0.43534E+01   -0.33483E+00    0.47937E+01
   -0.60354E-03    0.36144E-02   -0.54140E-03    0.32116E-02   -0.33810E-02   -0.23833E-02    0.23910E-01    0.25927E+02    0.19854E+03    0.65014E+02   -0.37437E+02   -0.14730E+02   -0.90346E+01   -0.20113E+00   -0.23330E+00   -0.14767E+00    0.10316E-03    0.29593E-02    0.13482E+01   -0.12973E+02    0.16256E+01    0.56987E+00    0.31519E+00   -0.70011E-01   -0.24752E+00   -0.16671E+01   -0.65533E+00   -0.56364E-01   -0.38063E+00   -0.93554E+00    0.13237E+01    0.21048E+00    0.62623E+00   -0.29549E+00    0.86621E-01   -0.41581E+00   -0.13542E-01   -0.36117E+00    0.54783E+00   -0.40618E+00
   -0.21911E-03    0.10661E-03   -0.10670E-03    0.72978E-02    0.20560E-01    0.19575E-01    0.21355E-01   -0.18140E+03    0.65014E+02    0.21528E+03   -0.40589E+02   -0.77994E+02    0.25405E+01    0.39334E-01   -0.96616E+00   -0.94516E+00    0.10972E-03   -0.43710E-02    0.35161E+00   -0.10389E+02    0.19240E+01    0.11432E+01   -0.35999E+00   -0.18305E+00    0.19022E+00    0.10862E+01    0.62119E+00   -0.16592E+00   -0.64086E+00    0.33976E+00   -0.10531E+01    0.54627E+00   -0.56660E-01    0.55135E+00    0.76033E+00    0.12891E+00    0.13174E+00    0.62034E+00    0.33931E-01   -0.52005E+00
   -0.23356E-04    0.49713E-03   -0.39933E-04   -0.49588E-02   -0.13932E-01   -0.13245E-01   -0.11556E-01    0.14092E+03   -0.37437E+02   -0.40589E+02    0.30014E+02    0.22174E+02   -0.20823E+01   -0.24367E-01    0.27274E+00    0.19755E+00   -0.87661E-04   -0.81849E-03    0.90345E-02   -0.62234E+00   -0.11419E+01   -0.66400E+00   -0.53442E-01    0.14650E+00   -0.43497E-01    0.65761E+00    0.71177E-01    0.16166E+00    0.39485E+00    0.14234E+00   -0.33375E+00   -0.16647E+00   -0.21702E+00    0.29120E-01   -0.23296E+00    0.24228E+00    0.14751E+00   -0.24381E-01   -0.24527E+00    0.42372E+00
   -0.10697E-03    0.11796E-02   -0.11779E-03   -0.51420E-02   -0.15699E-01   -0.15165E-01   -0.90768E-02    0.12535E+03   -0.14730E+02   -0.77994E+02    0.22174E+02    0.38565E+02   -0.14711E+01    0.26904E-01    0.44374E+00    0.48952E+00   -0.37060E-04    0.18866E-02   -0.20694E+00   -0.13658E+01   -0.75071E+00   -0.60489E+00    0.13711E+00    0.61943E-01   -0.14563E+00   -0.47015E+00   -0.19166E+00    0.90658E-01    0.46159E+00   -0.23005E+00    0.39178E+00   -0.48061E+00   -0.34047E-01   -0.37729E+00   -0.49882E+00   -0.11346E+00   -0.76524E-01   -0.19675E+00    0.22959E-01    0.44099E+00
    0.26726E-04   -0.16035E-03    0.19422E-04   -0.13035E-02   -0.66086E-03   -0.32134E-03   -0.43808E-02   -0.67874E+02   -0.90346E+01    0.25405E+01   -0.20823E+01   -0.14711E+01    0.81365E+01    0.43874E-01    0.28133E+00   -0.14278E+00    0.51329E-04    0.10080E-03   -0.56857E-01   -0.92375E-01    0.17055E+00    0.10051E+00   -0.48879E-01   -0.85755E-01    0.50844E-01   -0.13683E+00    0.27239E-01   -0.90329E-01   -0.49554E-01    0.26278E-01   -0.70259E-01    0.82096E-02   -0.91220E-02   -0.10597E+00    0.32104E-01   -0.11730E+00   -0.12503E+00    0.19175E-01    0.61798E-01   -0.65063E-02
    0.14623E-06    0.44326E-05    0.58882E-07    0.42602E-04    0.86272E-04    0.81528E-04    0.12788E-03   -0.12692E+01   -0.20113E+00    0.39334E-01   -0.24367E-01    0.26904E-01    0.43874E-01    0.83346E-02   -0.70689E-02    0.78935E-02   -0.34562E-07   -0.33904E-04    0.38290E-02   -0.17212E-01    0.12104E-01    0.48340E-02    0.12453E-02   -0.10307E-02   -0.36997E-03    0.51065E-02    0.21622E-02   -0.14818E-02   -0.36007E-02    0.29294E-03   -0.11211E-01   -0.51009E-03   -0.59169E-03   -0.46799E-02    0.57624E-03   -0.29768E-02   -0.14277E-02   -0.16796E-02   -0.32196E-02   -0.25324E-02
   -0.13435E-05    0.99975E-05   -0.26355E-05   -0.23054E-03   -0.41350E-03   -0.34986E-03   -0.56371E-03    0.84510E+00   -0.23330E+00   -0.96616E+00    0.27274E+00    0.44374E+00    0.28133E+00   -0.70689E-02    0.41012E-01   -0.12919E-01    0.14317E-05    0.95846E-04   -0.14416E-02   -0.30066E-01   -0.19943E-01   -0.13230E-01   -0.22415E-02   -0.14913E-02    0.13632E-03   -0.23724E-01   -0.14677E-01    0.94763E-03    0.79156E-02    0.31496E-02    0.24893E-01    0.43296E-02    0.86361E-02   -0.26903E-02   -0.19996E-02   -0.10070E-03   -0.65482E-02   -0.33189E-02    0.66914E-02    0.10971E-01
   -0.10657E-05    0.18721E-04   -0.13090E-05    0.53767E-04    0.39411E-06   -0.21290E-04    0.20856E-03    0.96029E+00   -0.14767E+00   -0.94516E+00    0.19755E+00    0.48952E+00   -0.14278E+00    0.78935E-02   -0.12919E-01    0.21292E-01   -0.36222E-06   -0.31166E-04   -0.10749E-02   -0.10879E-01    0.86385E-02   -0.72318E-02    0.29658E-02   -0.78395E-03   -0.38112E-02    0.45864E-02    0.51964E-02   -0.32105E-02    0.10761E-01   -0.10277E-01   -0.14032E-01   -0.18149E-01   -0.14425E-02   -0.13395E-01   -0.11766E-01   -0.68083E-02   -0.27258E-03   -0.97569E-03    0.30010E-02    0.11851E-01
   -0.23255E-08    0.14023E-08   -0.30538E-08   -0.25773E-07   -0.58288E-07    0.56582E-07   -0.97458E-08    0.51136E-03    0.10316E-03    0.10972E-03   -0.87661E-04   -0.37060E-04    0.51329E-04   -0.34562E-07    0.14317E-05   -0.36222E-06    0.15360E-06    0.12636E-08   -0.21709E-05   -0.94980E-05   -0.34351E-04   -0.14060E-04   -0.84017E-05    0.82167E-05    0.77812E-05    0.57137E-06    0.13676E-06   -0.33307E-05    0.25223E-05    0.11970E-04    0.65050E-05   -0.77046E-05    0.12897E-05   -0.10718E-04    0.32862E-06    0.78439E-05   -0.10127E-04    0.13331E-05    0.74725E-06    0.19926E-05
   -0.72189E-08   -0.19385E-07   -0.60142E-08    0.13119E-06   -0.41233E-06   -0.78666E-06    0.40193E-06    0.25003E-03    0.29593E-02   -0.43710E-02   -0.81849E-03    0.18866E-02    0.10080E-03   -0.33904E-04    0.95846E-04   -0.31166E-04    0.12636E-08    0.17184E-05   -0.17659E-04   -0.96243E-04    0.49080E-04    0.13410E-04   -0.12698E-04   -0.24447E-04   -0.35583E-05    0.20786E-03   -0.12428E-04    0.22474E-04    0.33450E-04    0.61024E-05   -0.21659E-03    0.87020E-05   -0.52521E-04    0.14247E-04   -0.43738E-04    0.96324E-07    0.60435E-04   -0.49462E-04   -0.28796E-04    0.43140E-04
    0.15882E-06   -0.50466E-05   -0.11475E-05    0.41559E-04    0.10770E-03    0.12755E-03    0.95988E-04   -0.24455E+00    0.13482E+01    0.35161E+00    0.90345E-02   -0.20694E+00   -0.56857E-01    0.38290E-02   -0.14416E-02   -0.10749E-02   -0.21709E-05   -0.17659E-04    0.81641E-01    0.12546E-01    0.14222E-01   -0.22195E-02   -0.55761E-02    0.10399E-03    0.15372E-02    0.65735E-02    0.35870E-02   -0.75822E-03   -0.22436E-03   -0.37501E-02    0.86598E-02    0.55696E-02    0.73405E-02   -0.30258E-02    0.65298E-02    0.98273E-02    0.53038E-02    0.59342E-02    0.41166E-02   -0.26720E-03
   -0.92707E-05    0.86979E-04    0.18132E-04   -0.11920E-02   -0.36463E-02   -0.31167E-02   -0.28515E-02   -0.17968E+02   -0.12973E+02   -0.10389E+02   -0.62234E+00   -0.13658E+01   -0.92375E-01   -0.17212E-01   -0.30066E-01   -0.10879E-01   -0.94980E-05   -0.96243E-04    0.12546E-01    0.82584E+01   -0.35560E-01    0.68921E-01    0.88409E-02    0.62794E-01    0.68704E-01    0.39234E-01   -0.42707E-01    0.21324E-01    0.32511E-01    0.45856E-01    0.32229E-01    0.55359E-01   -0.58528E-02   -0.77151E-02    0.57070E-01    0.50114E-01    0.24837E-01   -0.73301E-01   -0.14337E-01   -0.84313E-02
   -0.44989E-05    0.13936E-03   -0.68456E-05    0.16741E-03   -0.11847E-05   -0.21230E-03    0.14426E-02    0.93290E+01    0.16256E+01    0.19240E+01   -0.11419E+01   -0.75071E+00    0.17055E+00    0.12104E-01   -0.19943E-01    0.86385E-02   -0.34351E-04    0.49080E-04    0.14222E-01   -0.35560E-01    0.72409E+00   -0.12725E+00   -0.11103E-02    0.70349E-02    0.77854E-02    0.17057E+00   -0.46790E-01   -0.53550E-01   -0.29310E-01   -0.86976E-01    0.81177E-02    0.58977E-01   -0.10639E-01   -0.47657E-01   -0.13399E+00    0.13817E+00    0.38128E-01   -0.22207E-01    0.46851E-01    0.65061E-01
   -0.70428E-06   -0.70860E-04    0.91420E-05    0.16689E-03    0.22726E-03   -0.75612E-04    0.39429E-03   -0.11155E+02    0.56987E+00    0.11432E+01   -0.66400E+00   -0.60489E+00    0.10051E+00    0.48340E-02   -0.13230E-01   -0.72318E-02   -0.14060E-04    0.13410E-04   -0.22195E-02    0.68921E-01   -0.12725E+00    0.92309E+00    0.56902E-02    0.76313E-02   -0.10796E-02   -0.15658E+00    0.20117E+00    0.83366E-01   -0.30995E-01    0.26376E-01   -0.10083E+00    0.13389E-01    0.27600E-02   -0.38205E-02    0.19697E+00   -0.22253E+00    0.64328E-01    0.10958E+00   -0.40804E-02   -0.24198E+00
   -0.77884E-05    0.10096E-04   -0.12385E-04    0.25547E-03   -0.65778E-04   -0.11381E-03    0.55573E-03    0.12862E+00    0.31519E+00   -0.35999E+00   -0.53442E-01    0.13711E+00   -0.48879E-01    0.12453E-02   -0.22415E-02    0.29658E-02   -0.84017E-05   -0.12698E-04   -0.55761E-02    0.88409E-02   -0.11103E-02    0.56902E-02    0.95286E+00   -0.60177E-02   -0.28970E-02   -0.42129E-01   -0.43789E-01    0.15577E+00   -0.36938E-01    0.64869E-01    0.17721E-01    0.24839E-01    0.80544E-03   -0.33348E-01    0.10530E+00   -0.35241E-01    0.29931E-01    0.91585E-03   -0.15854E+00    0.63750E-01
   -0.25794E-05    0.24467E-04   -0.35743E-05   -0.25234E-03   -0.23099E-03   -0.61668E-04   -0.38950E-03    0.15130E+01   -0.70011E-01   -0.18305E+00    0.14650E+00    0.61943E-01   -0.85755E-01   -0.10307E-02   -0.14913E-02   -0.78395E-03    0.82167E-05   -0.24447E-04    0.10399E-03    0.62794E-01    0.70349E-02    0.76313E-02   -0.60177E-02    0.98098E+00   -0.12925E-01    0.43597E-01   -0.10162E+00    0.78099E-01   -0.10053E+00    0.75724E-01    0.67669E-01    0.94682E-01    0.54462E-01    0.14886E+00   -0.99092E-01    0.80115E-01    0.23588E-01   -0.14127E-01   -0.13757E+00    0.44803E-01
   -0.15525E-04    0.79149E-04   -0.10485E-04   -0.81484E-03   -0.28456E-03    0.26379E-03   -0.14426E-02   -0.79962E+00   -0.24752E+00    0.19022E+00   -0.43497E-01   -0.14563E+00    0.50844E-01   -0.36997E-03    0.13632E-03   -0.38112E-02    0.77812E-05   -0.35583E-05    0.15372E-02    0.68704E-01    0.77854E-02   -0.10796E-02   -0.28970E-02   -0.12925E-01    0.99659E+00    0.37582E-01    0.25997E-01   -0.64854E-01    0.44032E-01    0.53750E-01    0.43430E-01   -0.64673E-01   -0.71525E-01    0.63401E-01    0.54046E-01    0.81418E-01   -0.74297E-01    0.52569E-01    0.39401E-02   -0.85295E-03
    0.88205E-05   -0.67965E-05    0.10383E-04    0.44193E-03    0.35122E-03    0.89296E-04    0.11901E-02   -0.49247E+00   -0.16671E+01    0.10862E+01    0.65761E+00   -0.47015E+00   -0.13683E+00    0.51065E-02   -0.23724E-01    0.45864E-02    0.57137E-06    0.20786E-03    0.65735E-02    0.39234E-01    0.17057E+00   -0.15658E+00   -0.42129E-01    0.43597E-01    0.37582E-01    0.83562E+00   -0.17883E-01   -0.71283E-02   -0.30785E-01   -0.17038E-01    0.93071E-02    0.14267E+00   -0.89597E-01    0.31707E-01   -0.63628E-01    0.62046E+00    0.24555E+00   -0.59284E-01   -0.40560E-01    0.75654E-01
   -0.68007E-06    0.39188E-04   -0.58406E-06    0.50389E-03    0.76436E-04    0.26760E-04    0.12512E-02   -0.69196E+01   -0.65533E+00    0.62119E+00    0.71177E-01   -0.19166E+00    0.27239E-01    0.21622E-02   -0.14677E-01    0.51964E-02    0.13676E-06   -0.12428E-04    0.35870E-02   -0.42707E-01   -0.46790E-01    0.20117E+00   -0.43789E-01   -0.10162E+00    0.25997E-01   -0.17883E-01    0.99463E+00    0.34200E-01   -0.44662E-02    0.92612E-02    0.66391E-01   -0.32489E-01   -0.74159E-01    0.47826E-02    0.13084E+00   -0.73286E-01    0.25952E+00    0.77966E+00    0.25083E+00   -0.20052E+00
    0.83868E-05   -0.32089E-04    0.24198E-04    0.47697E-03   -0.32559E-04   -0.28732E-03    0.95221E-03   -0.89006E+00   -0.56364E-01   -0.16592E+00    0.16166E+00    0.90658E-01   -0.90329E-01   -0.14818E-02    0.94763E-03   -0.32105E-02   -0.33307E-05    0.22474E-04   -0.75822E-03    0.21324E-01   -0.53550E-01    0.83366E-01    0.15577E+00    0.78099E-01   -0.64854E-01   -0.71283E-02    0.34200E-01    0.96609E+00    0.87737E-02   -0.62361E-02    0.74510E-01   -0.66029E-01    0.10497E+00    0.14978E+00   -0.10546E+00   -0.19941E+00    0.62386E+00    0.15434E+00   -0.58563E+00    0.17011E+00
   -0.54443E-05    0.22137E-04   -0.27677E-05   -0.29998E-03   -0.22441E-03   -0.24505E-03   -0.60771E-03    0.15523E+01   -0.38063E+00   -0.64086E+00    0.39485E+00    0.46159E+00   -0.49554E-01   -0.36007E-02    0.79156E-02    0.10761E-01    0.25223E-05    0.33450E-04   -0.22436E-03    0.32511E-01   -0.29310E-01   -0.30995E-01   -0.36938E-01   -0.10053E+00    0.44032E-01   -0.30785E-01   -0.44662E-02    0.87737E-02    0.98724E+00   -0.67237E-02   -0.30696E-01   -0.94355E-01   -0.16305E+00   -0.36351E-01   -0.94253E-01   -0.96132E-01    0.73063E-01   -0.56832E-01    0.28583E+00    0.67555E+00
    0.30364E-05   -0.45335E-04   -0.11307E-04   -0.44193E-03   -0.27008E-04    0.73692E-04   -0.11385E-02   -0.11884E+01   -0.93554E+00    0.33976E+00    0.14234E+00   -0.23005E+00    0.26278E-01    0.29294E-03    0.31496E-02   -0.10277E-01    0.11970E-04    0.61024E-05   -0.37501E-02    0.45856E-01   -0.86976E-01    0.26376E-01    0.64869E-01    0.75724E-01    0.53750E-01   -0.17038E-01    0.92612E-02   -0.62361E-02   -0.67237E-02    0.98904E+00   -0.57697E-01    0.73786E-01    0.33179E-01    0.17513E+00    0.22382E-01    0.11321E+00   -0.55923E+00    0.39637E+00   -0.33143E+00    0.21761E+00
   -0.28342E-05    0.30422E-04    0.86309E-06   -0.16323E-03   -0.19158E-03   -0.21478E-03   -0.22707E-03    0.93909E+00    0.13237E+01   -0.10531E+01   -0.33375E+00    0.39178E+00   -0.70259E-01   -0.11211E-01    0.24893E-01   -0.14032E-01    0.65050E-05   -0.21659E-03    0.86598E-02    0.32229E-01    0.81177E-02   -0.10083E+00    0.17721E-01    0.67669E-01    0.43430E-01    0.93071E-02    0.66391E-01    0.74510E-01   -0.30696E-01   -0.57697E-01    0.89788E+00   -0.26317E-01   -0.77055E-02   -0.28780E-02   -0.10015E-01    0.57517E+00    0.15810E+00    0.14271E+00    0.59455E-01   -0.99076E-01
   -0.19694E-05    0.43208E-04   -0.10228E-04   -0.23153E-03   -0.16524E-03   -0.23044E-04   -0.33718E-03    0.76779E+00    0.21048E+00    0.54627E+00   -0.16647E+00   -0.48061E+00    0.82096E-02   -0.51009E-03    0.43296E-02   -0.18149E-01   -0.77046E-05    0.87020E-05    0.55696E-02    0.55359E-01    0.58977E-01    0.13389E-01    0.24839E-01    0.94682E-01   -0.64673E-01    0.14267E+00   -0.32489E-01   -0.66029E-01   -0.94355E-01    0.73786E-01   -0.26317E-01    0.10068E+01    0.17124E-01   -0.13809E-01   -0.33087E-01    0.10007E+00    0.15413E+00   -0.31620E-01    0.15162E+00    0.15170E+00
    0.37364E-05   -0.79017E-04    0.82208E-05    0.47904E-03    0.18474E-03   -0.10254E-03    0.75158E-03    0.34404E+00    0.62623E+00   -0.56660E-01   -0.21702E+00   -0.34047E-01   -0.91220E-02   -0.59169E-03    0.86361E-02   -0.14425E-02    0.12897E-05   -0.52521E-04    0.73405E-02   -0.58528E-02   -0.10639E-01    0.27600E-02    0.80544E-03    0.54462E-01   -0.71525E-01   -0.89597E-01   -0.74159E-01    0.10497E+00   -0.16305E+00    0.33179E-01   -0.77055E-02    0.17124E-01    0.98556E+00   -0.18555E-01    0.18080E-01   -0.10075E+00    0.26494E-01    0.13905E+00    0.49272E-01   -0.72473E-01
    0.32368E-05   -0.12339E-03    0.16289E-04    0.48859E-03    0.46697E-03    0.46466E-04    0.58122E-03   -0.46554E-01   -0.29549E+00    0.55135E+00    0.29120E-01   -0.37729E+00   -0.10597E+00   -0.46799E-02   -0.26903E-02   -0.13395E-01   -0.10718E-04    0.14247E-04   -0.30258E-02   -0.77151E-02   -0.47657E-01   -0.38205E-02   -0.33348E-01    0.14886E+00    0.63401E-01    0.31707E-01    0.47826E-02    0.14978E+00   -0.36351E-01    0.17513E+00   -0.28780E-02   -0.13809E-01   -0.18555E-01    0.99677E+00   -0.99090E-02    0.86255E-02    0.22193E-01    0.15947E+00   -0.28236E+00    0.10765E+00
    0.47935E-05   -0.67102E-04    0.53824E-05   -0.35929E-05    0.25845E-03    0.81034E-04   -0.18342E-03   -0.60979E+01    0.86621E-01    0.76033E+00   -0.23296E+00   -0.49882E+00    0.32104E-01    0.57624E-03   -0.19996E-02   -0.11766E-01    0.32862E-06   -0.43738E-04    0.65298E-02    0.57070E-01   -0.13399E+00    0.19697E+00    0.10530E+00   -0.99092E-01    0.54046E-01   -0.63628E-01    0.13084E+00   -0.10546E+00   -0.94253E-01    0.22382E-01   -0.10015E-01   -0.33087E-01    0.18080E-01   -0.99090E-02    0.98542E+00   -0.45553E-01   -0.51273E-01    0.30444E-01    0.14077E+00   -0.10797E+00
    0.33591E-05    0.86244E-05    0.13992E-05   -0.29030E-04    0.13887E-03    0.11264E-04    0.15889E-03    0.10068E+01   -0.41581E+00    0.12891E+00    0.24228E+00   -0.11346E+00   -0.11730E+00   -0.29768E-02   -0.10070E-03   -0.68083E-02    0.78439E-05    0.96324E-07    0.98273E-02    0.50114E-01    0.13817E+00   -0.22253E+00   -0.35241E-01    0.80115E-01    0.81418E-01    0.62046E+00   -0.73286E-01   -0.19941E+00   -0.96132E-01    0.11321E+00    0.57517E+00    0.10007E+00   -0.10075E+00    0.86255E-02   -0.45553E-01    0.93030E+00   -0.20201E-01    0.16274E-01    0.20262E-01   -0.27979E-01
    0.41992E-05    0.32629E-04    0.20399E-04    0.72619E-03    0.28584E-04   -0.20886E-03    0.17885E-02   -0.19874E+01   -0.13542E-01    0.13174E+00    0.14751E+00   -0.76524E-01   -0.12503E+00   -0.14277E-02   -0.65482E-02   -0.27258E-03   -0.10127E-04    0.60435E-04    0.53038E-02    0.24837E-01    0.38128E-01    0.64328E-01    0.29931E-01    0.23588E-01   -0.74297E-01    0.24555E+00    0.25952E+00    0.62386E+00    0.73063E-01   -0.55923E+00    0.15810E+00    0.15413E+00    0.26494E-01    0.22193E-01   -0.51273E-01   -0.20201E-01    0.98099E+00    0.12508E-02    0.31462E-02   -0.15102E-01
    0.12442E-05   -0.47246E-05   -0.12346E-05    0.41079E-03    0.12976E-03   -0.32397E-04    0.88004E-03   -0.43534E+01   -0.36117E+00    0.62034E+00   -0.24381E-01   -0.19675E+00    0.19175E-01   -0.16796E-02   -0.33189E-02   -0.97569E-03    0.13331E-05   -0.49462E-04    0.59342E-02   -0.73301E-01   -0.22207E-01    0.10958E+00    0.91585E-03   -0.14127E-01    0.52569E-01   -0.59284E-01    0.77966E+00    0.15434E+00   -0.56832E-01    0.39637E+00    0.14271E+00   -0.31620E-01    0.13905E+00    0.15947E+00    0.30444E-01    0.16274E-01    0.12508E-02    0.99824E+00   -0.36356E-01   -0.11255E-01
   -0.61817E-05    0.65322E-04   -0.12909E-04   -0.37394E-04   -0.11564E-03   -0.10346E-03    0.16772E-03   -0.33483E+00    0.54783E+00    0.33931E-01   -0.24527E+00    0.22959E-01    0.61798E-01   -0.32196E-02    0.66914E-02    0.30010E-02    0.74725E-06   -0.28796E-04    0.41166E-02   -0.14337E-01    0.46851E-01   -0.40804E-02   -0.15854E+00   -0.13757E+00    0.39401E-02   -0.40560E-01    0.25083E+00   -0.58563E+00    0.28583E+00   -0.33143E+00    0.59455E-01    0.15162E+00    0.49272E-01   -0.28236E+00    0.14077E+00    0.20262E-01    0.31462E-02   -0.36356E-01    0.93456E+00    0.10650E-02
    0.68441E-06   -0.15319E-04   -0.23826E-05   -0.17614E-03   -0.12231E-03   -0.25347E-03   -0.47011E-03    0.47937E+01   -0.40618E+00   -0.52005E+00    0.42372E+00    0.44099E+00   -0.65063E-02   -0.25324E-02    0.10971E-01    0.11851E-01    0.19926E-05    0.43140E-04   -0.26720E-03   -0.84313E-02    0.65061E-01   -0.24198E+00    0.63750E-01    0.44803E-01   -0.85295E-03    0.75654E-01   -0.20052E+00    0.17011E+00    0.67555E+00    0.21761E+00   -0.99076E-01    0.15170E+00   -0.72473E-01    0.10765E+00   -0.10797E+00   -0.27979E-01   -0.15102E-01   -0.11255E-01    0.10650E-02    0.99577E+00
