# omegabh2 omegach2 theta tau Alens ns logA aps100 aps143 aps217 acib143 acib217 asz143 psr cibr cal0 cal2 xi aksz bm_1_1
    0.10475E-06   -0.52656E-06    0.10508E-06    0.50804E-06    0.22514E-04    0.16174E-05    0.41011E-07   -0.62201E-03   -0.56868E-03   -0.46091E-03   -0.17089E-03   -0.22949E-03   -0.88273E-05   -0.18664E-07   -0.62540E-05    0.33616E-08    0.26533E-09    0.30775E-05   -0.55719E-04   -0.22536E-04
   -0.52656E-06    0.69299E-05   -0.77273E-06   -0.57264E-05   -0.16849E-03   -0.17275E-04    0.45049E-05    0.11260E-02    0.23560E-02    0.22885E-02    0.60891E-03    0.96434E-03    0.81918E-04   -0.21006E-07    0.43229E-04   -0.41227E-07   -0.26671E-07   -0.24222E-04    0.22187E-03    0.15379E-03
    0.10508E-06   -0.77273E-06    0.41767E-06    0.13375E-05    0.25519E-04    0.25317E-05    0.12685E-05   -0.11441E-03   -0.23573E-03   -0.36276E-03   -0.82969E-04   -0.13522E-03   -0.16142E-04    0.11331E-06   -0.72063E-05    0.67438E-08    0.15909E-07    0.64333E-05   -0.42465E-04   -0.18112E-04
    0.50804E-06   -0.57264E-05    0.13375E-05    0.22422E-03   -0.36544E-03    0.22919E-04    0.43249E-03   -0.13362E-01    0.25135E-04    0.19097E-02   -0.44526E-02   -0.39334E-02    0.12350E-03    0.30354E-05   -0.12829E-03    0.21139E-07   -0.16594E-06   -0.14459E-04   -0.30979E-03   -0.30326E-03
    0.22514E-04   -0.16849E-03    0.25519E-04   -0.36544E-03    0.15516E-01    0.48850E-03   -0.10667E-02   -0.17605E+00   -0.92313E-01   -0.66745E-01   -0.51816E-01   -0.90866E-01   -0.71992E-02    0.94198E-05   -0.29250E-02    0.69294E-06    0.23319E-05    0.22782E-02   -0.17910E-01   -0.70780E-02
    0.16174E-05   -0.17275E-04    0.25317E-05    0.22919E-04    0.48850E-03    0.61988E-04    0.49808E-05   -0.22519E-01   -0.29740E-02    0.10528E-02   -0.59046E-02   -0.91297E-02   -0.65763E-03    0.17129E-05   -0.29887E-03    0.14332E-07    0.24482E-06    0.12183E-03   -0.20575E-02   -0.66691E-03
    0.41011E-07    0.45049E-05    0.12685E-05    0.43249E-03   -0.10667E-02    0.49808E-05    0.87686E-03   -0.14317E-01    0.12118E-01    0.16476E-01   -0.98711E-02   -0.95957E-02   -0.42604E-04    0.86757E-05   -0.31350E-03    0.33158E-07   -0.11677E-06   -0.38956E-04   -0.10121E-02    0.14589E-03
   -0.62201E-03    0.11260E-02   -0.11441E-03   -0.13362E-01   -0.17605E+00   -0.22519E-01   -0.14317E-01    0.27571E+04    0.18375E+03    0.68859E+02    0.10717E+03   -0.69972E+01   -0.26844E+02    0.16588E-01   -0.47875E+01    0.11964E-02    0.48875E-02    0.31668E+01   -0.53304E+01    0.12529E+02
   -0.56868E-03    0.23560E-02   -0.23573E-03    0.25135E-04   -0.92313E-01   -0.29740E-02    0.12118E-01    0.18375E+03    0.13781E+03    0.92791E+02   -0.24190E+02   -0.29049E+02   -0.40998E+01    0.20644E-01   -0.11525E+01    0.94641E-04    0.98585E-03    0.51097E+00   -0.48574E+01    0.47303E+00
   -0.46091E-03    0.22885E-02   -0.36276E-03    0.19097E-02   -0.66745E-01    0.10528E-02    0.16476E-01    0.68859E+02    0.92791E+02    0.17320E+03   -0.20812E+02   -0.63070E+02   -0.25117E+01    0.29387E-01   -0.16161E+01    0.48877E-05   -0.34581E-02    0.43001E+00   -0.52889E+01    0.30002E+00
   -0.17089E-03    0.60891E-03   -0.82969E-04   -0.44526E-02   -0.51816E-01   -0.59046E-02   -0.98711E-02    0.10717E+03   -0.24190E+02   -0.20812E+02    0.27350E+02    0.12466E+02   -0.12282E+01   -0.53548E-02   -0.74808E-02   -0.10894E-03   -0.35717E-03    0.29655E+00   -0.19867E+00   -0.62381E+00
   -0.22949E-03    0.96434E-03   -0.13522E-03   -0.39334E-02   -0.90866E-01   -0.91297E-02   -0.95957E-02   -0.69972E+01   -0.29049E+02   -0.63070E+02    0.12466E+02    0.33406E+02    0.13926E+01   -0.12056E-01    0.88601E+00    0.24150E-04    0.19393E-02   -0.21535E+00   -0.12625E+00   -0.34262E-01
   -0.88273E-05    0.81918E-04   -0.16142E-04    0.12350E-03   -0.71992E-02   -0.65763E-03   -0.42604E-04   -0.26844E+02   -0.40998E+01   -0.25117E+01   -0.12282E+01    0.13926E+01    0.62288E+00   -0.95518E-03    0.13504E+00    0.33876E-05   -0.15414E-03   -0.68334E-01    0.23623E-02    0.77505E-01
   -0.18664E-07   -0.21006E-07    0.11331E-06    0.30354E-05    0.94198E-05    0.17129E-05    0.86757E-05    0.16588E-01    0.20644E-01    0.29387E-01   -0.53548E-02   -0.12056E-01   -0.95518E-03    0.18465E-03   -0.41192E-03   -0.88082E-07   -0.75549E-07    0.47878E-04   -0.10308E-02   -0.21411E-03
   -0.62540E-05    0.43229E-04   -0.72063E-05   -0.12829E-03   -0.29250E-02   -0.29887E-03   -0.31350E-03   -0.47875E+01   -0.11525E+01   -0.16161E+01   -0.74808E-02    0.88601E+00    0.13504E+00   -0.41192E-03    0.50466E-01    0.23760E-05    0.14254E-04   -0.12082E-01   -0.91652E-02    0.15243E-01
    0.33616E-08   -0.41227E-07    0.67438E-08    0.21139E-07    0.69294E-06    0.14332E-07    0.33158E-07    0.11964E-02    0.94641E-04    0.48877E-05   -0.10894E-03    0.24150E-04    0.33876E-05   -0.88082E-07    0.23760E-05    0.16544E-06    0.60772E-08   -0.37425E-06   -0.82530E-05   -0.33922E-04
    0.26533E-09   -0.26671E-07    0.15909E-07   -0.16594E-06    0.23319E-05    0.24482E-06   -0.11677E-06    0.48875E-02    0.98585E-03   -0.34581E-02   -0.35717E-03    0.19393E-02   -0.15414E-03   -0.75549E-07    0.14254E-04    0.60772E-08    0.90743E-06    0.82140E-06   -0.25865E-04    0.11784E-04
    0.30775E-05   -0.24222E-04    0.64333E-05   -0.14459E-04    0.22782E-02    0.12183E-03   -0.38956E-04    0.31668E+01    0.51097E+00    0.43001E+00    0.29655E+00   -0.21535E+00   -0.68334E-01    0.47878E-04   -0.12082E-01   -0.37425E-06    0.82140E-06    0.35572E-01   -0.53554E-02   -0.85836E-02
   -0.55719E-04    0.22187E-03   -0.42465E-04   -0.30979E-03   -0.17910E-01   -0.20575E-02   -0.10121E-02   -0.53304E+01   -0.48574E+01   -0.52889E+01   -0.19867E+00   -0.12625E+00    0.23623E-02   -0.10308E-02   -0.91652E-02   -0.82530E-05   -0.25865E-04   -0.53554E-02    0.16731E+01   -0.22888E-01
   -0.22536E-04    0.15379E-03   -0.18112E-04   -0.30326E-03   -0.70780E-02   -0.66691E-03    0.14589E-03    0.12529E+02    0.47303E+00    0.30002E+00   -0.62381E+00   -0.34262E-01    0.77505E-01   -0.21411E-03    0.15243E-01   -0.33922E-04    0.11784E-04   -0.85836E-02   -0.22888E-01    0.62990E+00
