# omegabh2 omegach2 theta tau ns logA r aps100 aps143 aps217 acib143 acib217 asz143 psr cibr ncib cal0 cal2 xi aksz bm_1_1 bm_1_2 bm_1_3 bm_1_4 bm_1_5 bm_2_1 bm_2_2 bm_2_3 bm_2_4 bm_2_5 bm_3_1 bm_3_2 bm_3_3 bm_3_4 bm_3_5 bm_4_1 bm_4_2 bm_4_3 bm_4_4 bm_4_5
    0.11412E-06   -0.74885E-06    0.13561E-06    0.77262E-05    0.24345E-05    0.13831E-04    0.27986E-06   -0.30633E-02   -0.10441E-02   -0.26373E-03   -0.28004E-03   -0.33896E-03    0.77788E-04    0.16278E-05   -0.51313E-05   -0.17811E-05    0.53145E-08   -0.27878E-07    0.28904E-05   -0.13142E-03   -0.21396E-04   -0.61815E-05    0.44726E-06   -0.14528E-04   -0.77023E-05   -0.55084E-05   -0.10842E-04   -0.17599E-04    0.23101E-05   -0.80529E-06   -0.55893E-05    0.10900E-04    0.37443E-05   -0.12274E-04    0.26264E-05   -0.33512E-05   -0.11293E-04   -0.82505E-05    0.92622E-05   -0.42388E-05
   -0.74885E-06    0.10365E-04   -0.12335E-05   -0.75419E-04   -0.27986E-04   -0.12564E-03   -0.76658E-05    0.19620E-01    0.77196E-02    0.32333E-02    0.14187E-02    0.15708E-02   -0.56639E-03   -0.92703E-05   -0.59811E-05    0.95227E-05   -0.42647E-07    0.25746E-06   -0.18791E-05    0.85020E-03    0.24185E-03    0.45040E-04   -0.58837E-04    0.15812E-03    0.32814E-04    0.18750E-03    0.69404E-04    0.23644E-03   -0.19558E-05   -0.53317E-04   -0.27279E-04   -0.89267E-04   -0.95371E-05    0.10498E-03   -0.93482E-04    0.54885E-04    0.20753E-03    0.41455E-04   -0.14065E-03    0.60342E-04
    0.13561E-06   -0.12335E-05    0.48506E-06    0.11374E-04    0.39612E-05    0.20161E-04    0.39279E-06   -0.31987E-02   -0.98441E-03   -0.41287E-03   -0.27196E-03   -0.26737E-03    0.79039E-04    0.11905E-05   -0.74204E-06   -0.12178E-05    0.16928E-07   -0.52522E-07   -0.71015E-06   -0.14368E-03   -0.32026E-04   -0.11309E-04    0.91870E-05   -0.40880E-04   -0.20664E-05   -0.36367E-04   -0.24913E-04   -0.41156E-04    0.10334E-04   -0.80584E-05    0.18265E-04    0.85705E-05    0.42551E-05   -0.19505E-04    0.25738E-04   -0.68565E-05   -0.25992E-04   -0.25968E-04    0.34169E-04   -0.56084E-05
    0.77262E-05   -0.75419E-04    0.11374E-04    0.16469E-02    0.28207E-03    0.31072E-02   -0.42723E-04   -0.42961E+00   -0.86703E-01    0.18207E-01   -0.46272E-01   -0.50352E-01    0.90487E-02    0.36275E-03   -0.46744E-03   -0.18424E-03    0.52267E-06   -0.54988E-05    0.16303E-03   -0.18835E-01   -0.24429E-02   -0.85497E-03   -0.81493E-03   -0.24378E-02   -0.12027E-02   -0.29860E-02   -0.14479E-03   -0.40188E-02   -0.10964E-02   -0.30154E-03   -0.95932E-04    0.43405E-03   -0.14711E-03   -0.24251E-02    0.23847E-02   -0.14231E-02   -0.27705E-02   -0.40334E-03    0.22312E-02   -0.29716E-02
    0.24345E-05   -0.27986E-04    0.39612E-05    0.28207E-03    0.10046E-03    0.49566E-03    0.31840E-04   -0.12661E+00   -0.23206E-01    0.54449E-02   -0.12581E-01   -0.13920E-01    0.16071E-02    0.92893E-04   -0.28733E-03   -0.22267E-04    0.66502E-07   -0.11254E-05    0.78205E-04   -0.57616E-02   -0.49198E-03   -0.25822E-03   -0.22595E-04   -0.55353E-03   -0.22891E-03   -0.26807E-03    0.54121E-04   -0.96195E-03   -0.15424E-03   -0.89151E-04    0.10188E-03    0.34516E-03   -0.27357E-03   -0.57923E-03    0.38380E-03    0.70468E-04   -0.50919E-03   -0.23621E-04    0.59328E-03   -0.44635E-03
    0.13831E-04   -0.12564E-03    0.20161E-04    0.31072E-02    0.49566E-03    0.59107E-02   -0.10822E-03   -0.83247E+00   -0.14784E+00    0.53767E-01   -0.93727E-01   -0.10045E+00    0.15510E-01    0.74027E-03   -0.11455E-02   -0.29763E-03    0.10791E-05   -0.10123E-04    0.33667E-03   -0.37271E-01   -0.35469E-02   -0.13642E-02   -0.16122E-02   -0.45447E-02   -0.23757E-02   -0.52016E-02   -0.82264E-05   -0.75121E-02   -0.23042E-02   -0.80024E-03   -0.29036E-03    0.74130E-03   -0.55046E-03   -0.47298E-02    0.44999E-02   -0.24965E-02   -0.49415E-02   -0.69163E-03    0.41271E-02   -0.58630E-02
    0.27986E-06   -0.76658E-05    0.39279E-06   -0.42723E-04    0.31840E-04   -0.10822E-03    0.11694E-02    0.11959E-02   -0.52717E-02    0.23398E-01   -0.94302E-02   -0.95813E-02    0.29389E-02    0.14606E-03    0.76858E-04    0.61058E-04    0.15567E-06   -0.10223E-05   -0.18474E-03   -0.49466E-03    0.11656E-02   -0.95585E-03   -0.88549E-03   -0.19917E-02   -0.30191E-03   -0.16731E-03    0.30508E-03   -0.24838E-02   -0.85602E-03    0.17941E-02   -0.15037E-02    0.43040E-03   -0.10664E-02   -0.21144E-02    0.19465E-02   -0.40504E-03   -0.24031E-02    0.50988E-03    0.16580E-02   -0.32384E-03
   -0.30633E-02    0.19620E-01   -0.31987E-02   -0.42961E+00   -0.12661E+00   -0.83247E+00    0.11959E-02    0.27235E+04    0.71415E+02   -0.13082E+03    0.12235E+03    0.10158E+03   -0.73275E+02   -0.10913E+01    0.21246E+00    0.11743E+01    0.63085E-03   -0.14773E-02   -0.22094E+00   -0.15533E+02    0.10889E+02   -0.88379E+01   -0.32482E+00   -0.38440E+00    0.49952E+00    0.20923E+00   -0.62821E+01    0.34975E+00    0.33760E+01   -0.10231E+01    0.29172E-01   -0.30788E+01    0.12747E+00    0.97834E+00   -0.33932E+01    0.42890E+00   -0.12948E+01   -0.42980E+01   -0.50097E+00    0.55465E+01
   -0.10441E-02    0.77196E-02   -0.98441E-03   -0.86703E-01   -0.23206E-01   -0.14784E+00   -0.52717E-02    0.71415E+02    0.19102E+03    0.60764E+02   -0.31387E+02   -0.98920E+01   -0.83781E+01   -0.34026E+00   -0.14999E+00   -0.24862E+00    0.23248E-03    0.36367E-02    0.11238E+01   -0.11658E+02    0.92013E+00    0.10731E+01    0.11319E-01    0.47870E+00   -0.19285E+00   -0.17571E+01   -0.56532E+00    0.22002E+00    0.66326E-01   -0.26965E+00    0.88127E+00    0.29925E+00   -0.67886E-01    0.77256E+00   -0.97433E-01   -0.76554E+00   -0.18193E+00   -0.21184E+00    0.13873E+00    0.28768E+00
   -0.26373E-03    0.32333E-02   -0.41287E-03    0.18207E-01    0.54449E-02    0.53767E-01    0.23398E-01   -0.13082E+03    0.60764E+02    0.19858E+03   -0.30691E+02   -0.67668E+02    0.31106E+01   -0.94486E-01   -0.10030E+01   -0.99673E+00    0.15085E-03   -0.36231E-02    0.28499E+00   -0.10579E+02    0.15993E+01    0.93161E+00   -0.59833E+00    0.26886E+00   -0.74109E+00    0.13474E+01    0.60893E+00   -0.39155E+00   -0.43545E+00    0.15800E+00   -0.86442E+00    0.73636E+00   -0.38328E+00    0.94366E+00    0.18961E+00    0.47736E+00    0.29646E+00    0.51124E+00    0.22781E+00   -0.53982E+00
   -0.28004E-03    0.14187E-02   -0.27196E-03   -0.46272E-01   -0.12581E-01   -0.93727E-01   -0.94302E-02    0.12235E+03   -0.31387E+02   -0.30691E+02    0.27249E+02    0.17080E+02   -0.33423E+01    0.77308E-02    0.11420E+00    0.21461E+00   -0.16970E-03   -0.91848E-03    0.11139E+00   -0.51914E+00   -0.97360E+00   -0.36203E+00   -0.47316E-01    0.30037E+00    0.14998E+00    0.13027E+01    0.14403E+00    0.46210E+00    0.38565E+00   -0.35201E-01   -0.23650E+00   -0.36525E+00   -0.19171E-01    0.22954E+00   -0.24822E+00    0.65757E+00    0.63183E+00   -0.11460E+00   -0.28652E+00    0.46978E+00
   -0.33896E-03    0.15708E-02   -0.26737E-03   -0.50352E-01   -0.13920E-01   -0.10045E+00   -0.95813E-02    0.10158E+03   -0.98920E+01   -0.67668E+02    0.17080E+02    0.32477E+02   -0.22335E+01    0.79396E-01    0.40637E+00    0.51216E+00   -0.88764E-04    0.16221E-02   -0.14624E+00   -0.69475E+00   -0.58267E+00   -0.38822E+00    0.23238E+00   -0.71759E-01    0.33498E+00   -0.41439E+00   -0.16540E+00    0.34353E+00    0.36041E+00   -0.18034E+00    0.26049E+00   -0.54880E+00    0.57845E-01   -0.35756E+00   -0.18267E+00   -0.22429E+00    0.47949E-01   -0.21911E+00   -0.16231E+00    0.46215E+00
    0.77788E-04   -0.56639E-03    0.79039E-04    0.90487E-02    0.16071E-02    0.15510E-01    0.29389E-02   -0.73275E+02   -0.83781E+01    0.31106E+01   -0.33423E+01   -0.22335E+01    0.78978E+01    0.56792E-01    0.28542E+00   -0.12932E+00    0.25286E-04   -0.66903E-04   -0.43086E-01   -0.18272E-01    0.19371E+00    0.20119E-01   -0.11862E+00   -0.44487E-01    0.56508E-02   -0.23068E+00    0.61647E-01   -0.90963E-01   -0.86105E-01    0.77055E-01   -0.88874E-01    0.12581E+00    0.13770E+00   -0.35108E-01    0.44605E-01   -0.19740E+00   -0.14179E+00    0.12562E+00    0.28772E-01   -0.82474E-01
    0.16278E-05   -0.92703E-05    0.11905E-05    0.36275E-03    0.92893E-04    0.74027E-03    0.14606E-03   -0.10913E+01   -0.34026E+00   -0.94486E-01    0.77308E-02    0.79396E-01    0.56792E-01    0.83932E-02   -0.52333E-02    0.82497E-02    0.91054E-06   -0.29082E-04    0.29232E-02   -0.19977E-01    0.87609E-02    0.12469E-02    0.71491E-02   -0.87341E-02    0.28365E-02   -0.94554E-03    0.25144E-02   -0.60170E-03   -0.63285E-02   -0.39384E-03   -0.12535E-01    0.12295E-02   -0.82180E-02   -0.10230E-01    0.41945E-02   -0.80179E-02   -0.32163E-02   -0.28328E-02   -0.80622E-02   -0.50258E-02
   -0.51313E-05   -0.59811E-05   -0.74204E-06   -0.46744E-03   -0.28733E-03   -0.11455E-02    0.76858E-04    0.21246E+00   -0.14999E+00   -0.10030E+01    0.11420E+00    0.40637E+00    0.28542E+00   -0.52333E-02    0.51180E-01   -0.11078E-01    0.17958E-05    0.72977E-04   -0.16522E-02   -0.14024E-01   -0.16138E-01   -0.25091E-01   -0.75854E-02   -0.94954E-02    0.51800E-02   -0.55306E-01   -0.19558E-01   -0.73305E-02   -0.37814E-02    0.17910E-01    0.27912E-01   -0.16838E-02    0.12967E-01    0.28624E-02    0.14646E-01   -0.16622E-01   -0.29872E-01    0.34982E-02    0.29351E-02    0.37455E-03
   -0.17811E-05    0.95227E-05   -0.12178E-05   -0.18424E-03   -0.22267E-04   -0.29763E-03    0.61058E-04    0.11743E+01   -0.24862E+00   -0.99673E+00    0.21461E+00    0.51216E+00   -0.12932E+00    0.82497E-02   -0.11078E-01    0.21851E-01   -0.59431E-06   -0.24837E-04   -0.20499E-02   -0.16846E-01    0.63157E-02   -0.56438E-02    0.11238E-01   -0.11931E-01    0.58804E-02   -0.41747E-03    0.87419E-02   -0.26630E-02    0.63776E-02   -0.99653E-02   -0.18459E-01   -0.16243E-01   -0.88972E-02   -0.24488E-01   -0.26766E-02   -0.13308E-01   -0.22881E-02   -0.12226E-02    0.37024E-03    0.99110E-02
    0.53145E-08   -0.42647E-07    0.16928E-07    0.52267E-06    0.66502E-07    0.10791E-05    0.15567E-06    0.63085E-03    0.23248E-03    0.15085E-03   -0.16970E-03   -0.88764E-04    0.25286E-04    0.91054E-06    0.17958E-05   -0.59431E-06    0.16331E-06    0.43472E-08    0.56607E-06   -0.61397E-05   -0.18489E-04    0.25425E-05    0.18834E-05   -0.13514E-04    0.21158E-05   -0.67680E-05   -0.11073E-04   -0.12110E-05   -0.51398E-05    0.10988E-04    0.20490E-05    0.60939E-05   -0.86782E-05   -0.16016E-05    0.23851E-04   -0.79041E-06   -0.78947E-05   -0.10601E-04   -0.87331E-05   -0.76879E-05
   -0.27878E-07    0.25746E-06   -0.52522E-07   -0.54988E-05   -0.11254E-05   -0.10123E-04   -0.10223E-05   -0.14773E-02    0.36367E-02   -0.36231E-02   -0.91848E-03    0.16221E-02   -0.66903E-04   -0.29082E-04    0.72977E-04   -0.24837E-04    0.43472E-08    0.16382E-05   -0.37633E-05    0.77652E-04    0.85648E-04    0.69629E-04   -0.16996E-04    0.14869E-04    0.11361E-04    0.25135E-03    0.14408E-04    0.52863E-04    0.62192E-04    0.11044E-04   -0.19625E-03   -0.11101E-05   -0.33948E-04    0.58413E-04   -0.88264E-04    0.37944E-04    0.89302E-04   -0.17029E-04   -0.39022E-04    0.75554E-04
    0.28904E-05   -0.18791E-05   -0.71015E-06    0.16303E-03    0.78205E-04    0.33667E-03   -0.18474E-03   -0.22094E+00    0.11238E+01    0.28499E+00    0.11139E+00   -0.14624E+00   -0.43086E-01    0.29232E-02   -0.16522E-02   -0.20499E-02    0.56607E-06   -0.37633E-05    0.82806E-01   -0.14956E-02   -0.76710E-02    0.75176E-02   -0.18973E-03    0.10807E-01    0.49312E-02    0.93585E-02   -0.20177E-02    0.94073E-02    0.87791E-03    0.34758E-03    0.50680E-02    0.43867E-02   -0.67322E-02    0.15045E-01   -0.62195E-02    0.92274E-02    0.58647E-02   -0.10594E-02   -0.13639E-01    0.68254E-02
   -0.13142E-03    0.85020E-03   -0.14368E-03   -0.18835E-01   -0.57616E-02   -0.37271E-01   -0.49466E-03   -0.15533E+02   -0.11658E+02   -0.10579E+02   -0.51914E+00   -0.69475E+00   -0.18272E-01   -0.19977E-01   -0.14024E-01   -0.16846E-01   -0.61397E-05    0.77652E-04   -0.14956E-02    0.80320E+01    0.66692E-02   -0.19172E-02    0.70738E-01   -0.17330E-01    0.52184E-01    0.53276E-01    0.58537E-01    0.35415E-01   -0.41605E-01    0.87100E-01    0.59051E-01    0.43589E-01    0.10314E+00    0.18267E-01   -0.98997E-01    0.85832E-01   -0.43617E-02    0.12425E+00   -0.25669E-01    0.11904E-02
   -0.21396E-04    0.24185E-03   -0.32026E-04   -0.24429E-02   -0.49198E-03   -0.35469E-02    0.11656E-02    0.10889E+02    0.92013E+00    0.15993E+01   -0.97360E+00   -0.58267E+00    0.19371E+00    0.87609E-02   -0.16138E-01    0.63157E-02   -0.18489E-04    0.85648E-04   -0.76710E-02    0.66692E-02    0.72074E+00   -0.13726E+00    0.19821E-01   -0.24972E-01   -0.15280E-01    0.16079E+00   -0.21563E-01   -0.45455E-01   -0.31247E-01   -0.53113E-01    0.20293E-02    0.42194E-01   -0.40698E-01   -0.64654E-01   -0.11543E+00    0.13075E+00    0.20285E-01    0.82676E-02    0.21403E-01    0.56389E-01
   -0.61815E-05    0.45040E-04   -0.11309E-04   -0.85497E-03   -0.25822E-03   -0.13642E-02   -0.95585E-03   -0.88379E+01    0.10731E+01    0.93161E+00   -0.36203E+00   -0.38822E+00    0.20119E-01    0.12469E-02   -0.25091E-01   -0.56438E-02    0.25425E-05    0.69629E-04    0.75176E-02   -0.19172E-02   -0.13726E+00    0.90865E+00    0.12909E-01    0.53708E-01   -0.29354E-02   -0.67073E-01    0.18527E+00    0.92193E-01   -0.15112E-01   -0.34727E-02   -0.13506E+00    0.27441E-01    0.45923E-01    0.26282E-01    0.84932E-01   -0.18489E+00    0.10241E+00    0.88646E-01    0.47203E-03   -0.19861E+00
    0.44726E-06   -0.58837E-04    0.91870E-05   -0.81493E-03   -0.22595E-04   -0.16122E-02   -0.88549E-03   -0.32482E+00    0.11319E-01   -0.59833E+00   -0.47316E-01    0.23238E+00   -0.11862E+00    0.71491E-02   -0.75854E-02    0.11238E-01    0.18834E-05   -0.16996E-04   -0.18973E-03    0.70738E-01    0.19821E-01    0.12909E-01    0.10228E+01   -0.86506E-02    0.51774E-01   -0.37447E-01   -0.17517E-01    0.15535E+00   -0.74487E-01    0.82109E-01   -0.89122E-02    0.36170E-01   -0.11246E+00   -0.15968E-01    0.88094E-01   -0.43392E-01    0.19919E-01   -0.85248E-02   -0.21080E+00    0.12185E-01
   -0.14528E-04    0.15812E-03   -0.40880E-04   -0.24378E-02   -0.55353E-03   -0.45447E-02   -0.19917E-02   -0.38440E+00    0.47870E+00    0.26886E+00    0.30037E+00   -0.71759E-01   -0.44487E-01   -0.87341E-02   -0.94954E-02   -0.11931E-01   -0.13514E-04    0.14869E-04    0.10807E-01   -0.17330E-01   -0.24972E-01    0.53708E-01   -0.86506E-02    0.99946E+00    0.15263E-01    0.89543E-01   -0.43527E-01    0.13684E+00   -0.26389E-01    0.14317E-02    0.69780E-01    0.11000E+00    0.44274E-01    0.17233E+00   -0.14690E+00    0.79848E-01    0.13747E+00    0.36096E-02   -0.89478E-01    0.93756E-01
   -0.77023E-05    0.32814E-04   -0.20664E-05   -0.12027E-02   -0.22891E-03   -0.23757E-02   -0.30191E-03    0.49952E+00   -0.19285E+00   -0.74109E+00    0.14998E+00    0.33498E+00    0.56508E-02    0.28365E-02    0.51800E-02    0.58804E-02    0.21158E-05    0.11361E-04    0.49312E-02    0.52184E-01   -0.15280E-01   -0.29354E-02    0.51774E-01    0.15263E-01    0.94733E+00   -0.11475E-01    0.19674E-01   -0.12960E-01    0.56334E-01    0.92563E-01    0.54595E-01   -0.76430E-01   -0.86545E-01    0.49913E-01    0.54505E-01    0.50702E-01   -0.86597E-01    0.69645E-01   -0.51408E-01    0.25981E-01
   -0.55084E-05    0.18750E-03   -0.36367E-04   -0.29860E-02   -0.26807E-03   -0.52016E-02   -0.16731E-03    0.20923E+00   -0.17571E+01    0.13474E+01    0.13027E+01   -0.41439E+00   -0.23068E+00   -0.94554E-03   -0.55306E-01   -0.41747E-03   -0.67680E-05    0.25135E-03    0.93585E-02    0.53276E-01    0.16079E+00   -0.67073E-01   -0.37447E-01    0.89543E-01   -0.11475E-01    0.10008E+01    0.63816E-01    0.53491E-01   -0.30821E-01   -0.19785E-01    0.40957E-01    0.12515E+00   -0.13378E+00    0.79488E-01   -0.12579E+00    0.74583E+00    0.34262E+00   -0.20640E-01   -0.84577E-01    0.60559E-01
   -0.10842E-04    0.69404E-04   -0.24913E-04   -0.14479E-03    0.54121E-04   -0.82264E-05    0.30508E-03   -0.62821E+01   -0.56532E+00    0.60893E+00    0.14403E+00   -0.16540E+00    0.61647E-01    0.25144E-02   -0.19558E-01    0.87419E-02   -0.11073E-04    0.14408E-04   -0.20177E-02    0.58537E-01   -0.21563E-01    0.18527E+00   -0.17517E-01   -0.43527E-01    0.19674E-01    0.63816E-01    0.94980E+00    0.45208E-01   -0.10479E-01   -0.79122E-01    0.49137E-01   -0.16569E-02   -0.34700E-01   -0.42015E-01    0.98147E-01   -0.38797E-01    0.32899E+00    0.70493E+00    0.27559E+00   -0.18480E+00
   -0.17599E-04    0.23644E-03   -0.41156E-04   -0.40188E-02   -0.96195E-03   -0.75121E-02   -0.24838E-02    0.34975E+00    0.22002E+00   -0.39155E+00    0.46210E+00    0.34353E+00   -0.90963E-01   -0.60170E-03   -0.73305E-02   -0.26630E-02   -0.12110E-05    0.52863E-04    0.94073E-02    0.35415E-01   -0.45455E-01    0.92193E-01    0.15535E+00    0.13684E+00   -0.12960E-01    0.53491E-01    0.45208E-01    0.99984E+00    0.55344E-01   -0.25058E-01    0.98936E-01   -0.73559E-01    0.12472E+00    0.18322E+00   -0.24156E+00   -0.14910E+00    0.66841E+00    0.16400E+00   -0.58047E+00    0.21283E+00
    0.23101E-05   -0.19558E-05    0.10334E-04   -0.10964E-02   -0.15424E-03   -0.23042E-02   -0.85602E-03    0.33760E+01    0.66326E-01   -0.43545E+00    0.38565E+00    0.36041E+00   -0.86105E-01   -0.63285E-02   -0.37814E-02    0.63776E-02   -0.51398E-05    0.62192E-04    0.87791E-03   -0.41605E-01   -0.31247E-01   -0.15112E-01   -0.74487E-01   -0.26389E-01    0.56334E-01   -0.30821E-01   -0.10479E-01    0.55344E-01    0.98655E+00    0.10125E-01   -0.43102E-01   -0.51959E-01   -0.56869E-01    0.14530E-01   -0.13188E+00   -0.11624E+00    0.10561E+00   -0.25201E-01    0.27820E+00    0.70473E+00
   -0.80529E-06   -0.53317E-04   -0.80584E-05   -0.30154E-03   -0.89151E-04   -0.80024E-03    0.17941E-02   -0.10231E+01   -0.26965E+00    0.15800E+00   -0.35201E-01   -0.18034E+00    0.77055E-01   -0.39384E-03    0.17910E-01   -0.99653E-02    0.10988E-04    0.11044E-04    0.34758E-03    0.87100E-01   -0.53113E-01   -0.34727E-02    0.82109E-01    0.14317E-02    0.92563E-01   -0.19785E-01   -0.79122E-01   -0.25058E-01    0.10125E-01    0.94826E+00   -0.54291E-01    0.13831E-01    0.14144E-02    0.14918E+00    0.30931E-01    0.12172E+00   -0.58177E+00    0.30475E+00   -0.35157E+00    0.21365E+00
   -0.55893E-05   -0.27279E-04    0.18265E-04   -0.95932E-04    0.10188E-03   -0.29036E-03   -0.15037E-02    0.29172E-01    0.88127E+00   -0.86442E+00   -0.23650E+00    0.26049E+00   -0.88874E-01   -0.12535E-01    0.27912E-01   -0.18459E-01    0.20490E-05   -0.19625E-03    0.50680E-02    0.59051E-01    0.20293E-02   -0.13506E+00   -0.89122E-02    0.69780E-01    0.54595E-01    0.40957E-01    0.49137E-01    0.98936E-01   -0.43102E-01   -0.54291E-01    0.89369E+00    0.11492E-02   -0.36732E-01    0.17813E-01   -0.22159E-03    0.59316E+00    0.17865E+00    0.12068E+00    0.31195E-01   -0.89008E-01
    0.10900E-04   -0.89267E-04    0.85705E-05    0.43405E-03    0.34516E-03    0.74130E-03    0.43040E-03   -0.30788E+01    0.29925E+00    0.73636E+00   -0.36525E+00   -0.54880E+00    0.12581E+00    0.12295E-02   -0.16838E-02   -0.16243E-01    0.60939E-05   -0.11101E-05    0.43867E-02    0.43589E-01    0.42194E-01    0.27441E-01    0.36170E-01    0.11000E+00   -0.76430E-01    0.12515E+00   -0.16569E-02   -0.73559E-01   -0.51959E-01    0.13831E-01    0.11492E-02    0.91616E+00   -0.16423E-02   -0.39207E-01    0.24076E-03    0.91873E-01    0.17776E+00   -0.32066E-01    0.20193E+00    0.13727E+00
    0.37443E-05   -0.95371E-05    0.42551E-05   -0.14711E-03   -0.27357E-03   -0.55046E-03   -0.10664E-02    0.12747E+00   -0.67886E-01   -0.38328E+00   -0.19171E-01    0.57845E-01    0.13770E+00   -0.82180E-02    0.12967E-01   -0.88972E-02   -0.86782E-05   -0.33948E-04   -0.67322E-02    0.10314E+00   -0.40698E-01    0.45923E-01   -0.11246E+00    0.44274E-01   -0.86545E-01   -0.13378E+00   -0.34700E-01    0.12472E+00   -0.56869E-01    0.14144E-02   -0.36732E-01   -0.16423E-02    0.10370E+01    0.54159E-02   -0.36623E-01   -0.16921E+00    0.45830E-01    0.18429E+00    0.87207E-01   -0.60411E-02
   -0.12274E-04    0.10498E-03   -0.19505E-04   -0.24251E-02   -0.57923E-03   -0.47298E-02   -0.21144E-02    0.97834E+00    0.77256E+00    0.94366E+00    0.22954E+00   -0.35756E+00   -0.35108E-01   -0.10230E-01    0.28624E-02   -0.24488E-01   -0.16016E-05    0.58413E-04    0.15045E-01    0.18267E-01   -0.64654E-01    0.26282E-01   -0.15968E-01    0.17233E+00    0.49913E-01    0.79488E-01   -0.42015E-01    0.18322E+00    0.14530E-01    0.14918E+00    0.17813E-01   -0.39207E-01    0.54159E-02    0.97160E+00   -0.45304E-01    0.48047E-01    0.58129E-01    0.99674E-01   -0.27734E+00    0.15735E+00
    0.26264E-05   -0.93482E-04    0.25738E-04    0.23847E-02    0.38380E-03    0.44999E-02    0.19465E-02   -0.33932E+01   -0.97433E-01    0.18961E+00   -0.24822E+00   -0.18267E+00    0.44605E-01    0.41945E-02    0.14646E-01   -0.26766E-02    0.23851E-04   -0.88264E-04   -0.62195E-02   -0.98997E-01   -0.11543E+00    0.84932E-01    0.88094E-01   -0.14690E+00    0.54505E-01   -0.12579E+00    0.98147E-01   -0.24156E+00   -0.13188E+00    0.30931E-01   -0.22159E-03    0.24076E-03   -0.36623E-01   -0.45304E-01    0.98333E+00   -0.46945E-01   -0.16111E+00   -0.14273E-01    0.20275E+00   -0.14133E+00
   -0.33512E-05    0.54885E-04   -0.68565E-05   -0.14231E-02    0.70468E-04   -0.24965E-02   -0.40504E-03    0.42890E+00   -0.76554E+00    0.47736E+00    0.65757E+00   -0.22429E+00   -0.19740E+00   -0.80179E-02   -0.16622E-01   -0.13308E-01   -0.79041E-06    0.37944E-04    0.92274E-02    0.85832E-01    0.13075E+00   -0.18489E+00   -0.43392E-01    0.79848E-01    0.50702E-01    0.74583E+00   -0.38797E-01   -0.14910E+00   -0.11624E+00    0.12172E+00    0.59316E+00    0.91873E-01   -0.16921E+00    0.48047E-01   -0.46945E-01    0.10257E+01    0.44094E-01    0.18752E-01   -0.42768E-01   -0.48117E-01
   -0.11293E-04    0.20753E-03   -0.25992E-04   -0.27705E-02   -0.50919E-03   -0.49415E-02   -0.24031E-02   -0.12948E+01   -0.18193E+00    0.29646E+00    0.63183E+00    0.47949E-01   -0.14179E+00   -0.32163E-02   -0.29872E-01   -0.22881E-02   -0.78947E-05    0.89302E-04    0.58647E-02   -0.43617E-02    0.20285E-01    0.10241E+00    0.19919E-01    0.13747E+00   -0.86597E-01    0.34262E+00    0.32899E+00    0.66841E+00    0.10561E+00   -0.58177E+00    0.17865E+00    0.17776E+00    0.45830E-01    0.58129E-01   -0.16111E+00    0.44094E-01    0.10668E+01    0.46862E-01    0.28488E-01    0.20333E-01
   -0.82505E-05    0.41455E-04   -0.25968E-04   -0.40334E-03   -0.23621E-04   -0.69163E-03    0.50988E-03   -0.42980E+01   -0.21184E+00    0.51124E+00   -0.11460E+00   -0.21911E+00    0.12562E+00   -0.28328E-02    0.34982E-02   -0.12226E-02   -0.10601E-04   -0.17029E-04   -0.10594E-02    0.12425E+00    0.82676E-02    0.88646E-01   -0.85248E-02    0.36096E-02    0.69645E-01   -0.20640E-01    0.70493E+00    0.16400E+00   -0.25201E-01    0.30475E+00    0.12068E+00   -0.32066E-01    0.18429E+00    0.99674E-01   -0.14273E-01    0.18752E-01    0.46862E-01    0.90417E+00   -0.13795E-01    0.18590E-01
    0.92622E-05   -0.14065E-03    0.34169E-04    0.22312E-02    0.59328E-03    0.41271E-02    0.16580E-02   -0.50097E+00    0.13873E+00    0.22781E+00   -0.28652E+00   -0.16231E+00    0.28772E-01   -0.80622E-02    0.29351E-02    0.37024E-03   -0.87331E-05   -0.39022E-04   -0.13639E-01   -0.25669E-01    0.21403E-01    0.47203E-03   -0.21080E+00   -0.89478E-01   -0.51408E-01   -0.84577E-01    0.27559E+00   -0.58047E+00    0.27820E+00   -0.35157E+00    0.31195E-01    0.20193E+00    0.87207E-01   -0.27734E+00    0.20275E+00   -0.42768E-01    0.28488E-01   -0.13795E-01    0.96679E+00    0.57617E-02
   -0.42388E-05    0.60342E-04   -0.56084E-05   -0.29716E-02   -0.44635E-03   -0.58630E-02   -0.32384E-03    0.55465E+01    0.28768E+00   -0.53982E+00    0.46978E+00    0.46215E+00   -0.82474E-01   -0.50258E-02    0.37455E-03    0.99110E-02   -0.76879E-05    0.75554E-04    0.68254E-02    0.11904E-02    0.56389E-01   -0.19861E+00    0.12185E-01    0.93756E-01    0.25981E-01    0.60559E-01   -0.18480E+00    0.21283E+00    0.70473E+00    0.21365E+00   -0.89008E-01    0.13727E+00   -0.60411E-02    0.15735E+00   -0.14133E+00   -0.48117E-01    0.20333E-01    0.18590E-01    0.57617E-02    0.99989E+00
