# omegabh2 omegach2 theta mnu logA ns
  2.5399251E-07   1.6076922E-07  -3.6611416E-07  -3.8036319E-06   1.0905254E-07   8.0960609E-08
  1.6076922E-07   1.3127927E-03   1.5798370E-03   4.4458710E-02  -5.4392026E-03  -1.1483484E-04
 -3.6611416E-07   1.5798370E-03   4.3598940E-03   5.0245388E-02  -1.4099218E-03  -5.3589943E-05
 -3.8036319E-06   4.4458710E-02   5.0245388E-02   1.8278562E+00  -1.8170632E-01  -6.4898730E-04
  1.0905254E-07  -5.4392026E-03  -1.4099218E-03  -1.8170632E-01   3.5204315E-02   1.0033167E-03
  8.0960609E-08  -1.1483484E-04  -5.3589943E-05  -6.4898730E-04   1.0033167E-03   4.1030038E-04
