# omegabh2 omegach2 theta tau ns logA r aps100 aps143 aps217 acib143 acib217 asz143 psr cibr ncib cal0 cal2 xi aksz bm_1_1 bm_1_2 bm_1_3 bm_1_4 bm_1_5 bm_2_1 bm_2_2 bm_2_3 bm_2_4 bm_2_5 bm_3_1 bm_3_2 bm_3_3 bm_3_4 bm_3_5 bm_4_1 bm_4_2 bm_4_3 bm_4_4 bm_4_5
    0.63195E-07   -0.14858E-06    0.46790E-07    0.62837E-06    0.59775E-06    0.10818E-05   -0.23791E-06   -0.11520E-02   -0.50158E-03   -0.19617E-03   -0.11505E-03   -0.15173E-03    0.17632E-04    0.23382E-06   -0.56589E-05   -0.80441E-06   -0.42675E-09   -0.73903E-08    0.33322E-06   -0.45682E-04   -0.75430E-05   -0.79898E-05   -0.25268E-05   -0.51036E-05   -0.10233E-05   -0.12103E-06   -0.61838E-05    0.87091E-06    0.92050E-06    0.28084E-05   -0.56871E-05   -0.49586E-05   -0.35394E-05   -0.45640E-05   -0.64455E-06   -0.37067E-05   -0.16769E-05   -0.79622E-05   -0.37901E-05   -0.26872E-05
   -0.14858E-06    0.30243E-05   -0.17627E-06   -0.43308E-05   -0.68380E-05   -0.12343E-05   -0.37147E-05    0.81083E-03    0.15827E-02    0.99044E-03   -0.95146E-04    0.75300E-04   -0.19975E-04    0.29885E-06    0.57362E-05    0.13916E-05    0.44606E-08    0.43529E-07    0.36430E-05    0.16843E-04    0.50327E-04   -0.61224E-05   -0.20932E-04    0.26782E-04    0.38753E-05    0.82643E-05    0.88756E-05   -0.32891E-04   -0.23618E-04    0.10718E-04   -0.95076E-06   -0.97416E-06    0.37144E-04    0.38205E-04    0.17011E-04    0.15921E-04   -0.28976E-04    0.20238E-04    0.90637E-05    0.38683E-05
    0.46790E-07   -0.17627E-06    0.32010E-06    0.82015E-06    0.89392E-06    0.15167E-05    0.24859E-06   -0.22140E-03   -0.29276E-03   -0.21559E-03    0.71982E-05    0.12223E-04    0.25257E-05   -0.43882E-06   -0.31226E-05    0.39253E-06    0.23005E-08    0.36442E-08   -0.23630E-05    0.49089E-05   -0.56666E-05   -0.26164E-05    0.26189E-05    0.30699E-06   -0.71052E-05   -0.71909E-05    0.51147E-05   -0.23155E-05   -0.89563E-06    0.47312E-05   -0.11896E-04    0.24472E-05   -0.50269E-05    0.64898E-05   -0.73926E-05   -0.13890E-04   -0.11884E-05    0.12092E-05    0.16532E-05    0.56244E-05
    0.62837E-06   -0.43308E-05    0.82015E-06    0.16415E-03    0.21255E-04    0.31682E-03   -0.44993E-04   -0.34110E-01   -0.74979E-02    0.11514E-02   -0.25774E-02   -0.37868E-02   -0.23017E-03    0.23866E-04   -0.34738E-03    0.37223E-04   -0.30541E-07   -0.72299E-06   -0.10710E-04   -0.16624E-02   -0.16396E-03   -0.67537E-04    0.14112E-03   -0.16964E-03   -0.21450E-03   -0.39130E-03   -0.14998E-03   -0.13038E-04   -0.16912E-04    0.17172E-03   -0.39577E-03   -0.39868E-03    0.12370E-03   -0.14438E-03    0.61660E-04   -0.56078E-03   -0.18009E-03   -0.20305E-03   -0.12432E-03   -0.19468E-03
    0.59775E-06   -0.68380E-05    0.89392E-06    0.21255E-04    0.36660E-04    0.25298E-04    0.31982E-04   -0.66235E-01   -0.15519E-02    0.12425E-01   -0.82253E-02   -0.91529E-02   -0.18773E-03    0.42984E-04   -0.27925E-03   -0.20895E-04   -0.46376E-07   -0.12942E-06    0.63164E-04   -0.25628E-02    0.11816E-03   -0.22771E-04   -0.62658E-04   -0.46790E-04    0.33578E-04    0.23680E-03    0.53066E-04    0.95155E-04    0.20556E-04   -0.36663E-04   -0.14054E-03    0.21887E-04   -0.65897E-04   -0.90618E-04   -0.11291E-03    0.39200E-04    0.18161E-03   -0.62095E-05   -0.34139E-04   -0.44741E-04
    0.10818E-05   -0.12343E-05    0.15167E-05    0.31682E-03    0.25298E-04    0.63694E-03   -0.10062E-03   -0.89162E-01   -0.32819E-02    0.13907E-01   -0.10418E-01   -0.11091E-01   -0.16789E-02    0.81483E-04   -0.83664E-03    0.11182E-03    0.37207E-07   -0.93919E-06    0.23863E-04   -0.47536E-02    0.44750E-03    0.56581E-04    0.18030E-03   -0.25445E-03   -0.36734E-03   -0.41703E-03   -0.18924E-03   -0.13459E-03   -0.12242E-03    0.37114E-03   -0.78908E-03   -0.76686E-03    0.31682E-03   -0.17801E-03    0.96710E-04   -0.82114E-03   -0.34638E-03   -0.27450E-03   -0.19687E-03   -0.37578E-03
   -0.23791E-06   -0.37147E-05    0.24859E-06   -0.44993E-04    0.31982E-04   -0.10062E-03    0.17303E-02   -0.94210E-01   -0.80278E-02    0.23744E-01   -0.13074E-01   -0.14764E-01    0.35241E-03    0.63873E-04    0.21253E-03   -0.16670E-03    0.85142E-06    0.92912E-06    0.80781E-04    0.75691E-03    0.87125E-04    0.31510E-03    0.20482E-03    0.10845E-02    0.17242E-03    0.14642E-02    0.11230E-03    0.27911E-03   -0.36919E-03    0.38337E-03    0.57916E-03    0.16749E-02    0.46634E-03    0.24616E-03   -0.34636E-03    0.17053E-02    0.60122E-05    0.62015E-03   -0.52452E-03    0.15133E-03
   -0.11520E-02    0.81083E-03   -0.22140E-03   -0.34110E-01   -0.66235E-01   -0.89162E-01   -0.94210E-01    0.26503E+04    0.45177E+02   -0.16296E+03    0.12129E+03    0.10753E+03   -0.71954E+02   -0.10680E+01   -0.24515E+00    0.14015E+01    0.32481E-03   -0.20720E-02   -0.60749E+00   -0.20046E+02    0.10290E+02   -0.10236E+02    0.10720E+01   -0.22018E+00   -0.56124E+00   -0.72497E+00   -0.43604E+01   -0.11616E+01    0.57416E+00   -0.15756E+01    0.47480E+00   -0.29176E+00   -0.10888E+01   -0.16111E+01   -0.22460E+01    0.14616E+00   -0.99717E+00   -0.37236E+01    0.52493E+00    0.30256E+01
   -0.50158E-03    0.15827E-02   -0.29276E-03   -0.74979E-02   -0.15519E-02   -0.32819E-02   -0.80278E-02    0.45177E+02    0.18097E+03    0.58700E+02   -0.33281E+02   -0.11427E+02   -0.78588E+01   -0.26885E+00   -0.18237E+00   -0.18396E+00    0.87416E-04    0.35324E-02    0.11810E+01   -0.13607E+02    0.12070E+01    0.48783E+00   -0.13486E+00   -0.14900E-01   -0.70162E-01   -0.16017E+01   -0.28027E+00   -0.13504E+00   -0.15703E+00   -0.16028E+00    0.98658E+00   -0.16409E+00    0.65339E+00   -0.12189E+00   -0.17123E+00   -0.47981E+00   -0.47335E+00    0.15804E+00    0.34804E+00   -0.23911E+00
   -0.19617E-03    0.99044E-03   -0.21559E-03    0.11514E-02    0.12425E-01    0.13907E-01    0.23744E-01   -0.16296E+03    0.58700E+02    0.20864E+03   -0.34286E+02   -0.71819E+02    0.50384E+01   -0.45816E-01   -0.78646E+00   -0.10665E+01    0.15759E-03   -0.39244E-02    0.38556E+00   -0.10453E+02    0.15055E+01    0.99063E+00   -0.43308E+00   -0.16689E+00    0.41617E-01    0.10524E+01    0.39254E+00   -0.11049E+00   -0.52949E+00    0.46739E+00   -0.12633E+01    0.60815E+00    0.20166E+00    0.60626E+00    0.11223E+00   -0.51841E-02    0.62015E-01    0.56930E+00    0.10487E+00   -0.46315E+00
   -0.11505E-03   -0.95146E-04    0.71982E-05   -0.25774E-02   -0.82253E-02   -0.10418E-01   -0.13074E-01    0.12129E+03   -0.33281E+02   -0.34286E+02    0.26524E+02    0.17991E+02   -0.26794E+01    0.70980E-02    0.16956E+00    0.22682E+00   -0.14481E-03   -0.11699E-02    0.14197E-01   -0.12013E+01   -0.10034E+01   -0.51995E+00    0.12503E+00   -0.65482E-02   -0.46976E-01    0.68562E+00    0.13766E+00   -0.39738E-01    0.15558E+00   -0.10173E-01   -0.39200E+00   -0.17197E+00   -0.27474E+00   -0.67090E-01    0.78260E-01    0.22750E+00    0.16874E+00   -0.16644E+00   -0.91609E-01    0.17986E+00
   -0.15173E-03    0.75300E-04    0.12223E-04   -0.37868E-02   -0.91529E-02   -0.11091E-01   -0.14764E-01    0.10753E+03   -0.11427E+02   -0.71819E+02    0.17991E+02    0.33743E+02   -0.26507E+01    0.65638E-01    0.33237E+00    0.53148E+00   -0.82501E-04    0.16971E-02   -0.19301E+00   -0.15777E+01   -0.61532E+00   -0.50332E+00    0.18573E+00    0.82665E-01   -0.52550E-01   -0.38792E+00   -0.90887E-01   -0.45339E-01    0.32678E+00   -0.25393E+00    0.43279E+00   -0.48641E+00   -0.97255E-01   -0.37207E+00   -0.97281E-01   -0.13463E-01   -0.78345E-01   -0.22770E+00    0.38683E-01    0.29503E+00
    0.17632E-04   -0.19975E-04    0.25257E-05   -0.23017E-03   -0.18773E-03   -0.16789E-02    0.35241E-03   -0.71954E+02   -0.78588E+01    0.50384E+01   -0.26794E+01   -0.26507E+01    0.76974E+01    0.51369E-01    0.27256E+00   -0.14220E+00    0.34007E-04   -0.74255E-04   -0.93619E-02    0.14353E+00    0.17813E+00    0.81057E-01    0.26350E-01    0.26807E-01    0.32840E-01   -0.29765E-01    0.30007E-01   -0.51789E-01   -0.93705E-01   -0.48120E-01   -0.29627E-01    0.26563E-01    0.50902E-02   -0.87742E-02   -0.14243E-01   -0.21807E-01   -0.57303E-01    0.46937E-01    0.82209E-02   -0.57321E-01
    0.23382E-06    0.29885E-06   -0.43882E-06    0.23866E-04    0.42984E-04    0.81483E-04    0.63873E-04   -0.10680E+01   -0.26885E+00   -0.45816E-01    0.70980E-02    0.65638E-01    0.51369E-01    0.78823E-02   -0.54315E-02    0.73772E-02    0.15055E-05   -0.21747E-04    0.38461E-02   -0.85883E-02    0.81160E-02    0.26286E-02    0.83463E-03    0.79169E-03    0.45122E-03    0.67183E-02   -0.10002E-02    0.12790E-03   -0.31325E-02   -0.15029E-02   -0.88972E-02   -0.14088E-02   -0.97873E-03   -0.14250E-02   -0.10265E-02   -0.34506E-03   -0.29071E-03   -0.39408E-02   -0.56652E-02   -0.17026E-02
   -0.56589E-05    0.57362E-05   -0.31226E-05   -0.34738E-03   -0.27925E-03   -0.83664E-03    0.21253E-03   -0.24515E+00   -0.18237E+00   -0.78646E+00    0.16956E+00    0.33237E+00    0.27256E+00   -0.54315E-02    0.46306E-01   -0.12282E-01    0.13043E-06    0.86170E-04    0.26952E-02   -0.25470E-01   -0.19190E-01   -0.93160E-02   -0.80133E-03    0.11941E-01    0.22602E-02   -0.14986E-01   -0.52708E-02    0.29541E-02    0.27277E-04   -0.60370E-02    0.35214E-01    0.90527E-02    0.20536E-02    0.88263E-02   -0.95236E-03    0.12252E-01    0.82482E-03    0.50538E-02    0.58288E-02    0.58435E-02
   -0.80441E-06    0.13916E-05    0.39253E-06    0.37223E-04   -0.20895E-04    0.11182E-03   -0.16670E-03    0.14015E+01   -0.18396E+00   -0.10665E+01    0.22682E+00    0.53148E+00   -0.14220E+00    0.73772E-02   -0.12282E-01    0.21244E-01    0.96714E-07   -0.14158E-04   -0.22794E-02   -0.10359E-01    0.61003E-02   -0.89710E-02    0.16373E-02   -0.17354E-02   -0.17929E-02    0.56652E-02    0.33327E-02   -0.39849E-02    0.10494E-01   -0.85098E-02   -0.10727E-01   -0.20284E-01   -0.25418E-02   -0.14824E-01   -0.80070E-02   -0.31498E-02   -0.17315E-02   -0.29332E-02    0.10227E-02    0.12076E-01
   -0.42675E-09    0.44606E-08    0.23005E-08   -0.30541E-07   -0.46376E-07    0.37207E-07    0.85142E-06    0.32481E-03    0.87416E-04    0.15759E-03   -0.14481E-03   -0.82501E-04    0.34007E-04    0.15055E-05    0.13043E-06    0.96714E-07    0.16047E-06    0.13680E-07    0.16516E-05    0.26765E-04   -0.23264E-04   -0.11322E-04   -0.87495E-06    0.98332E-05    0.13545E-04    0.14324E-04    0.70069E-05    0.12116E-04   -0.37498E-05    0.65011E-05    0.64032E-05    0.46737E-05   -0.71556E-05    0.92048E-05   -0.27067E-05    0.14327E-04    0.54735E-05    0.10423E-04   -0.12616E-04    0.84356E-05
   -0.73903E-08    0.43529E-07    0.36442E-08   -0.72299E-06   -0.12942E-06   -0.93919E-06    0.92912E-06   -0.20720E-02    0.35324E-02   -0.39244E-02   -0.11699E-02    0.16971E-02   -0.74255E-04   -0.21747E-04    0.86170E-04   -0.14158E-04    0.13680E-07    0.16671E-05    0.24930E-05   -0.12037E-03    0.95294E-04    0.21004E-04   -0.27376E-04    0.28704E-05    0.28456E-04    0.24047E-03    0.15667E-04    0.30766E-05    0.53372E-04    0.15976E-04   -0.19461E-03    0.76884E-05   -0.27827E-04    0.17633E-04   -0.31931E-04    0.46217E-04    0.46366E-04   -0.10158E-04   -0.16053E-04    0.66534E-04
    0.33322E-06    0.36430E-05   -0.23630E-05   -0.10710E-04    0.63164E-04    0.23863E-04    0.80781E-04   -0.60749E+00    0.11810E+01    0.38556E+00    0.14197E-01   -0.19301E+00   -0.93619E-02    0.38461E-02    0.26952E-02   -0.22794E-02    0.16516E-05    0.24930E-05    0.82742E-01    0.10444E-01   -0.47040E-03   -0.17068E-02   -0.27460E-02    0.17761E-02    0.62890E-02    0.59168E-02    0.18362E-02    0.51764E-02   -0.34184E-02   -0.50231E-02   -0.47607E-03   -0.70986E-02    0.89641E-02    0.41766E-02   -0.26401E-02    0.28054E-02    0.31934E-02    0.38310E-02   -0.39694E-02    0.12431E-02
   -0.45682E-04    0.16843E-04    0.49089E-05   -0.16624E-02   -0.25628E-02   -0.47536E-02    0.75691E-03   -0.20046E+02   -0.13607E+02   -0.10453E+02   -0.12013E+01   -0.15777E+01    0.14353E+00   -0.85883E-02   -0.25470E-01   -0.10359E-01    0.26765E-04   -0.12037E-03    0.10444E-01    0.81279E+01    0.69399E-02   -0.76731E-02   -0.18955E-02   -0.19857E-02    0.49941E-02    0.69258E-01   -0.21591E-01    0.70517E-01    0.90587E-02    0.80851E-02    0.67624E-01    0.84076E-01   -0.20452E-01    0.50562E-01   -0.15626E-01    0.84523E-01    0.55674E-01    0.31986E-01   -0.43445E-01    0.64742E-01
   -0.75430E-05    0.50327E-04   -0.56666E-05   -0.16396E-03    0.11816E-03    0.44750E-03    0.87125E-04    0.10290E+02    0.12070E+01    0.15055E+01   -0.10034E+01   -0.61532E+00    0.17813E+00    0.81160E-02   -0.19190E-01    0.61003E-02   -0.23264E-04    0.95294E-04   -0.47040E-03    0.69399E-02    0.70024E+00   -0.13324E+00   -0.41787E-02    0.61640E-02    0.76066E-02    0.17836E+00   -0.44717E-01   -0.55386E-01   -0.13939E-01   -0.69424E-01    0.16897E-01    0.36058E-01   -0.29571E-01   -0.47208E-01   -0.11918E+00    0.15400E+00    0.25990E-01   -0.12081E-01    0.38787E-01    0.67135E-01
   -0.79898E-05   -0.61224E-05   -0.26164E-05   -0.67537E-04   -0.22771E-04    0.56581E-04    0.31510E-03   -0.10236E+02    0.48783E+00    0.99063E+00   -0.51995E+00   -0.50332E+00    0.81057E-01    0.26286E-02   -0.93160E-02   -0.89710E-02   -0.11322E-04    0.21004E-04   -0.17068E-02   -0.76731E-02   -0.13324E+00    0.93001E+00   -0.28213E-02   -0.16372E-01   -0.13234E-03   -0.15387E+00    0.20010E+00    0.68250E-01   -0.83292E-02    0.32097E-01   -0.11505E+00   -0.10444E-01    0.20180E-01    0.21222E-01    0.16551E+00   -0.22921E+00    0.50378E-01    0.11472E+00    0.94719E-02   -0.21010E+00
   -0.25268E-05   -0.20932E-04    0.26189E-05    0.14112E-03   -0.62658E-04    0.18030E-03    0.20482E-03    0.10720E+01   -0.13486E+00   -0.43308E+00    0.12503E+00    0.18573E+00    0.26350E-01    0.83463E-03   -0.80133E-03    0.16373E-02   -0.87495E-06   -0.27376E-04   -0.27460E-02   -0.18955E-02   -0.41787E-02   -0.28213E-02    0.99568E+00    0.49698E-02   -0.16340E-02   -0.52328E-01   -0.20279E-01    0.15728E+00   -0.16683E-01    0.73667E-01   -0.10562E-01    0.26587E-01   -0.33626E-01   -0.24348E-01    0.10606E+00   -0.62688E-01    0.26151E-01    0.48776E-02   -0.17178E+00    0.83258E-01
   -0.51036E-05    0.26782E-04    0.30699E-06   -0.16964E-03   -0.46790E-04   -0.25445E-03    0.10845E-02   -0.22018E+00   -0.14900E-01   -0.16689E+00   -0.65482E-02    0.82665E-01    0.26807E-01    0.79169E-03    0.11941E-01   -0.17354E-02    0.98332E-05    0.28704E-05    0.17761E-02   -0.19857E-02    0.61640E-02   -0.16372E-01    0.49698E-02    0.10103E+01   -0.84205E-02    0.71576E-01   -0.80988E-01    0.65197E-01   -0.81029E-01    0.56871E-01    0.85985E-01    0.12029E+00    0.56394E-01    0.14557E+00   -0.87903E-01    0.11378E+00    0.34140E-01    0.80688E-02   -0.10654E+00    0.69929E-01
   -0.10233E-05    0.38753E-05   -0.71052E-05   -0.21450E-03    0.33578E-04   -0.36734E-03    0.17242E-03   -0.56124E+00   -0.70162E-01    0.41617E-01   -0.46976E-01   -0.52550E-01    0.32840E-01    0.45122E-03    0.22602E-02   -0.17929E-02    0.13545E-04    0.28456E-04    0.62890E-02    0.49941E-02    0.76066E-02   -0.13234E-03   -0.16340E-02   -0.84205E-02    0.10279E+01    0.52282E-01    0.43382E-01   -0.59813E-01    0.37539E-01    0.96379E-01    0.69207E-01   -0.70235E-01   -0.78148E-01    0.55150E-01    0.54000E-01    0.11692E+00   -0.91658E-01    0.90914E-01   -0.21368E-01    0.41198E-02
   -0.12103E-06    0.82643E-05   -0.71909E-05   -0.39130E-03    0.23680E-03   -0.41703E-03    0.14642E-02   -0.72497E+00   -0.16017E+01    0.10524E+01    0.68562E+00   -0.38792E+00   -0.29765E-01    0.67183E-02   -0.14986E-01    0.56652E-02    0.14324E-04    0.24047E-03    0.59168E-02    0.69258E-01    0.17836E+00   -0.15387E+00   -0.52328E-01    0.71576E-01    0.52282E-01    0.88378E+00   -0.19518E-01   -0.93663E-02   -0.14338E-01   -0.14602E-02    0.16909E-01    0.14468E+00   -0.97553E-01    0.30865E-01   -0.60927E-01    0.67070E+00    0.23076E+00   -0.46938E-01   -0.56414E-01    0.10909E+00
   -0.61838E-05    0.88756E-05    0.51147E-05   -0.14998E-03    0.53066E-04   -0.18924E-03    0.11230E-03   -0.43604E+01   -0.28027E+00    0.39254E+00    0.13766E+00   -0.90887E-01    0.30007E-01   -0.10002E-02   -0.52708E-02    0.33327E-02    0.70069E-05    0.15667E-04    0.18362E-02   -0.21591E-01   -0.44717E-01    0.20010E+00   -0.20279E-01   -0.80988E-01    0.43382E-01   -0.19518E-01    0.94856E+00    0.37982E-02   -0.10463E-01    0.14199E-01    0.29643E-01   -0.28429E-01   -0.47521E-01   -0.23349E-01    0.14193E+00   -0.88465E-01    0.22352E+00    0.74478E+00    0.26716E+00   -0.19517E+00
    0.87091E-06   -0.32891E-04   -0.23155E-05   -0.13038E-04    0.95155E-04   -0.13459E-03    0.27911E-03   -0.11616E+01   -0.13504E+00   -0.11049E+00   -0.39738E-01   -0.45339E-01   -0.51789E-01    0.12790E-03    0.29541E-02   -0.39849E-02    0.12116E-04    0.30766E-05    0.51764E-02    0.70517E-01   -0.55386E-01    0.68250E-01    0.15728E+00    0.65197E-01   -0.59813E-01   -0.93663E-02    0.37982E-02    0.94310E+00    0.19075E-01   -0.18893E-01    0.65900E-01   -0.54337E-01    0.11974E+00    0.15591E+00   -0.12420E+00   -0.19962E+00    0.60839E+00    0.12156E+00   -0.57003E+00    0.18181E+00
    0.92050E-06   -0.23618E-04   -0.89563E-06   -0.16912E-04    0.20556E-04   -0.12242E-03   -0.36919E-03    0.57416E+00   -0.15703E+00   -0.52949E+00    0.15558E+00    0.32678E+00   -0.93705E-01   -0.31325E-02    0.27277E-04    0.10494E-01   -0.37498E-05    0.53372E-04   -0.34184E-02    0.90587E-02   -0.13939E-01   -0.83292E-02   -0.16683E-01   -0.81029E-01    0.37539E-01   -0.14338E-01   -0.10463E-01    0.19075E-01    0.96749E+00    0.66419E-02   -0.21885E-01   -0.88771E-01   -0.12123E+00   -0.17838E-01   -0.79118E-01   -0.79260E-01    0.78941E-01   -0.53460E-01    0.28101E+00    0.67130E+00
    0.28084E-05    0.10718E-04    0.47312E-05    0.17172E-03   -0.36663E-04    0.37114E-03    0.38337E-03   -0.15756E+01   -0.16028E+00    0.46739E+00   -0.10173E-01   -0.25393E+00   -0.48120E-01   -0.15029E-02   -0.60370E-02   -0.85098E-02    0.65011E-05    0.15976E-04   -0.50231E-02    0.80851E-02   -0.69424E-01    0.32097E-01    0.73667E-01    0.56871E-01    0.96379E-01   -0.14602E-02    0.14199E-01   -0.18893E-01    0.66419E-02    0.94849E+00   -0.53530E-01    0.71861E-01    0.48575E-01    0.13199E+00    0.92622E-02    0.12513E+00   -0.54417E+00    0.38515E+00   -0.31389E+00    0.20965E+00
   -0.56871E-05   -0.95076E-06   -0.11896E-04   -0.39577E-03   -0.14054E-03   -0.78908E-03    0.57916E-03    0.47480E+00    0.98658E+00   -0.12633E+01   -0.39200E+00    0.43279E+00   -0.29627E-01   -0.88972E-02    0.35214E-01   -0.10727E-01    0.64032E-05   -0.19461E-03   -0.47607E-03    0.67624E-01    0.16897E-01   -0.11505E+00   -0.10562E-01    0.85985E-01    0.69207E-01    0.16909E-01    0.29643E-01    0.65900E-01   -0.21885E-01   -0.53530E-01    0.88893E+00    0.52813E-02   -0.28975E-01    0.35378E-02   -0.13079E-01    0.58340E+00    0.14008E+00    0.11415E+00    0.51704E-01   -0.72946E-01
   -0.49586E-05   -0.97416E-06    0.24472E-05   -0.39868E-03    0.21887E-04   -0.76686E-03    0.16749E-02   -0.29176E+00   -0.16409E+00    0.60815E+00   -0.17197E+00   -0.48641E+00    0.26563E-01   -0.14088E-02    0.90527E-02   -0.20284E-01    0.46737E-05    0.76884E-05   -0.70986E-02    0.84076E-01    0.36058E-01   -0.10444E-01    0.26587E-01    0.12029E+00   -0.70235E-01    0.14468E+00   -0.28429E-01   -0.54337E-01   -0.88771E-01    0.71861E-01    0.52813E-02    0.97606E+00    0.51241E-03   -0.43974E-02   -0.87416E-02    0.12108E+00    0.15485E+00   -0.22632E-01    0.14066E+00    0.16445E+00
   -0.35394E-05    0.37144E-04   -0.50269E-05    0.12370E-03   -0.65897E-04    0.31682E-03    0.46634E-03   -0.10888E+01    0.65339E+00    0.20166E+00   -0.27474E+00   -0.97255E-01    0.50902E-02   -0.97873E-03    0.20536E-02   -0.25418E-02   -0.71556E-05   -0.27827E-04    0.89641E-02   -0.20452E-01   -0.29571E-01    0.20180E-01   -0.33626E-01    0.56394E-01   -0.78148E-01   -0.97553E-01   -0.47521E-01    0.11974E+00   -0.12123E+00    0.48575E-01   -0.28975E-01    0.51241E-03    0.10034E+01    0.18854E-01   -0.39867E-02   -0.12555E+00    0.30918E-01    0.17830E+00    0.38817E-01   -0.54917E-01
   -0.45640E-05    0.38205E-04    0.64898E-05   -0.14438E-03   -0.90618E-04   -0.17801E-03    0.24616E-03   -0.16111E+01   -0.12189E+00    0.60626E+00   -0.67090E-01   -0.37207E+00   -0.87742E-02   -0.14250E-02    0.88263E-02   -0.14824E-01    0.92048E-05    0.17633E-04    0.41766E-02    0.50562E-01   -0.47208E-01    0.21222E-01   -0.24348E-01    0.14557E+00    0.55150E-01    0.30865E-01   -0.23349E-01    0.15591E+00   -0.17838E-01    0.13199E+00    0.35378E-02   -0.43974E-02    0.18854E-01    0.99815E+00    0.55408E-02    0.64046E-02    0.42287E-01    0.11862E+00   -0.26047E+00    0.12649E+00
   -0.64455E-06    0.17011E-04   -0.73926E-05    0.61660E-04   -0.11291E-03    0.96710E-04   -0.34636E-03   -0.22460E+01   -0.17123E+00    0.11223E+00    0.78260E-01   -0.97281E-01   -0.14243E-01   -0.10265E-02   -0.95236E-03   -0.80070E-02   -0.27067E-05   -0.31931E-04   -0.26401E-02   -0.15626E-01   -0.11918E+00    0.16551E+00    0.10606E+00   -0.87903E-01    0.54000E-01   -0.60927E-01    0.14193E+00   -0.12420E+00   -0.79118E-01    0.92622E-02   -0.13079E-01   -0.87416E-02   -0.39867E-02    0.55408E-02    0.98173E+00   -0.50078E-01   -0.37339E-01    0.19178E-01    0.18305E+00   -0.88080E-01
   -0.37067E-05    0.15921E-04   -0.13890E-04   -0.56078E-03    0.39200E-04   -0.82114E-03    0.17053E-02    0.14616E+00   -0.47981E+00   -0.51841E-02    0.22750E+00   -0.13463E-01   -0.21807E-01   -0.34506E-03    0.12252E-01   -0.31498E-02    0.14327E-04    0.46217E-04    0.28054E-02    0.84523E-01    0.15400E+00   -0.22921E+00   -0.62688E-01    0.11378E+00    0.11692E+00    0.67070E+00   -0.88465E-01   -0.19962E+00   -0.79260E-01    0.12513E+00    0.58340E+00    0.12108E+00   -0.12555E+00    0.64046E-02   -0.50078E-01    0.98333E+00   -0.34072E-01    0.16375E-01   -0.16775E-02    0.11624E-01
   -0.16769E-05   -0.28976E-04   -0.11884E-05   -0.18009E-03    0.18161E-03   -0.34638E-03    0.60122E-05   -0.99717E+00   -0.47335E+00    0.62015E-01    0.16874E+00   -0.78345E-01   -0.57303E-01   -0.29071E-03    0.82482E-03   -0.17315E-02    0.54735E-05    0.46366E-04    0.31934E-02    0.55674E-01    0.25990E-01    0.50378E-01    0.26151E-01    0.34140E-01   -0.91658E-01    0.23076E+00    0.22352E+00    0.60839E+00    0.78941E-01   -0.54417E+00    0.14008E+00    0.15485E+00    0.30918E-01    0.42287E-01   -0.37339E-01   -0.34072E-01    0.95092E+00   -0.26854E-01    0.69291E-02    0.62775E-02
   -0.79622E-05    0.20238E-04    0.12092E-05   -0.20305E-03   -0.62095E-05   -0.27450E-03    0.62015E-03   -0.37236E+01    0.15804E+00    0.56930E+00   -0.16644E+00   -0.22770E+00    0.46937E-01   -0.39408E-02    0.50538E-02   -0.29332E-02    0.10423E-04   -0.10158E-04    0.38310E-02    0.31986E-01   -0.12081E-01    0.11472E+00    0.48776E-02    0.80688E-02    0.90914E-01   -0.46938E-01    0.74478E+00    0.12156E+00   -0.53460E-01    0.38515E+00    0.11415E+00   -0.22632E-01    0.17830E+00    0.11862E+00    0.19178E-01    0.16375E-01   -0.26854E-01    0.97397E+00   -0.13805E-01   -0.77854E-02
   -0.37901E-05    0.90637E-05    0.16532E-05   -0.12432E-03   -0.34139E-04   -0.19687E-03   -0.52452E-03    0.52493E+00    0.34804E+00    0.10487E+00   -0.91609E-01    0.38683E-01    0.82209E-02   -0.56652E-02    0.58288E-02    0.10227E-02   -0.12616E-04   -0.16053E-04   -0.39694E-02   -0.43445E-01    0.38787E-01    0.94719E-02   -0.17178E+00   -0.10654E+00   -0.21368E-01   -0.56414E-01    0.26716E+00   -0.57003E+00    0.28101E+00   -0.31389E+00    0.51704E-01    0.14066E+00    0.38817E-01   -0.26047E+00    0.18305E+00   -0.16775E-02    0.69291E-02   -0.13805E-01    0.92391E+00   -0.23453E-02
   -0.26872E-05    0.38683E-05    0.56244E-05   -0.19468E-03   -0.44741E-04   -0.37578E-03    0.15133E-03    0.30256E+01   -0.23911E+00   -0.46315E+00    0.17986E+00    0.29503E+00   -0.57321E-01   -0.17026E-02    0.58435E-02    0.12076E-01    0.84356E-05    0.66534E-04    0.12431E-02    0.64742E-01    0.67135E-01   -0.21010E+00    0.83258E-01    0.69929E-01    0.41198E-02    0.10909E+00   -0.19517E+00    0.18181E+00    0.67130E+00    0.20965E+00   -0.72946E-01    0.16445E+00   -0.54917E-01    0.12649E+00   -0.88080E-01    0.11624E-01    0.62775E-02   -0.77854E-02   -0.23453E-02    0.98809E+00
