# omegabh2 omegach2 theta tau Alens ns logA aps100 aps143 aps217 acib143 acib217 asz143 psr cibr ncib cal0 cal2 xi aksz bm_1_1 a_ps_act_148 a_ps_act_217 a_ps_spt_95 a_ps_spt_150 a_ps_spt_220 r_ps_spt_95x150 r_ps_spt_95x220 r_ps_150x220 act_dust_s act_dust_e cal_acts_148 cal_acts_217 cal_acte_148 cal_acte_217 cal_spt_95 cal_spt_150 cal_spt_220
    0.10979E-06   -0.65372E-06    0.12372E-06    0.66545E-06    0.20613E-04    0.17996E-05   -0.12632E-07   -0.13581E-02   -0.11803E-02   -0.10762E-02    0.54424E-05    0.14536E-03    0.31578E-04   -0.24864E-05   -0.48833E-06    0.26753E-05    0.30620E-08   -0.91320E-08   -0.73807E-05   -0.11380E-03   -0.22705E-04    0.19148E-04    0.75683E-04    0.42730E-04    0.38987E-04    0.10897E-03   -0.46531E-06   -0.11054E-05   -0.23221E-06   -0.43734E-06   -0.99504E-06    0.58274E-06    0.72582E-06    0.59676E-06    0.66893E-06    0.11555E-05    0.11665E-05    0.91821E-06
   -0.65372E-06    0.85434E-05   -0.10406E-05   -0.78966E-05   -0.17421E-03   -0.20241E-04    0.41069E-05    0.14680E-01    0.63722E-02    0.62911E-02   -0.26806E-04   -0.89107E-03   -0.14908E-03    0.11206E-04    0.20069E-05   -0.13512E-04   -0.26927E-07    0.12695E-06    0.38733E-04    0.54304E-03    0.24238E-03   -0.10200E-03   -0.44115E-03   -0.24573E-03   -0.20410E-03   -0.62142E-03    0.38050E-05    0.76018E-05    0.12955E-05    0.40041E-05    0.44300E-05   -0.31169E-05   -0.43387E-05   -0.32962E-05   -0.40638E-05   -0.64584E-05   -0.64306E-05   -0.56530E-05
    0.12372E-06   -0.10406E-05    0.45658E-06    0.10650E-05    0.27973E-04    0.30079E-05    0.88302E-07   -0.17351E-02   -0.10160E-02   -0.96815E-03   -0.37282E-05    0.11966E-03    0.15193E-04   -0.17973E-05   -0.56739E-06    0.21487E-05    0.26490E-08   -0.21264E-07   -0.57628E-05   -0.72120E-04   -0.30969E-04    0.12997E-04    0.75182E-04    0.48689E-04    0.36088E-04    0.99700E-04   -0.12891E-05   -0.19600E-05   -0.75188E-07   -0.74120E-06   -0.10194E-05    0.51625E-06    0.69190E-06    0.50600E-06    0.64183E-06    0.10206E-05    0.10593E-05    0.87263E-06
    0.66545E-06   -0.78966E-05    0.10650E-05    0.16339E-03   -0.20323E-03    0.26761E-04    0.30531E-03   -0.23632E-01   -0.10959E-01   -0.10136E-01    0.10470E-04    0.11201E-02    0.79023E-04   -0.26301E-04   -0.66562E-05    0.16746E-04    0.30457E-07   -0.70916E-07   -0.54034E-04   -0.75849E-03   -0.35609E-03    0.18039E-03    0.10040E-02    0.41789E-03    0.27168E-03    0.78247E-03   -0.43715E-05   -0.12015E-04   -0.29270E-05   -0.55319E-05   -0.16654E-04    0.53857E-05    0.73359E-05    0.59138E-05    0.65907E-05    0.89114E-05    0.91636E-05    0.47851E-05
    0.20613E-04   -0.17421E-03    0.27973E-04   -0.20323E-03    0.12483E-01    0.44958E-03   -0.77986E-03   -0.62319E+00   -0.27070E+00   -0.24988E+00    0.10465E-02    0.44488E-01    0.88620E-02   -0.50207E-03   -0.92845E-04    0.77301E-03    0.28562E-06   -0.35249E-05   -0.23853E-02   -0.41646E-01   -0.75340E-02    0.64581E-02    0.12111E-01    0.13907E-01    0.10789E-01    0.21043E-01   -0.19205E-03   -0.39608E-03   -0.12151E-03   -0.31177E-03   -0.19752E-03    0.11759E-03    0.15702E-03    0.13186E-03    0.15431E-03    0.27852E-03    0.27716E-03    0.22990E-03
    0.17996E-05   -0.20241E-04    0.30079E-05    0.26761E-04    0.44958E-03    0.64113E-04    0.43917E-05   -0.66161E-01   -0.29219E-01   -0.24426E-01    0.15340E-03    0.39637E-02    0.10913E-02   -0.58664E-04   -0.11458E-04    0.75454E-04    0.11619E-07    0.13023E-06   -0.23045E-03   -0.27999E-02   -0.54768E-03    0.31332E-03    0.11107E-02    0.73925E-03    0.64789E-03    0.11738E-02   -0.10224E-04   -0.24421E-04   -0.31197E-05   -0.44896E-05   -0.15134E-04    0.13689E-04    0.15480E-04    0.13815E-04    0.14268E-04    0.25136E-04    0.24185E-04    0.17936E-04
   -0.12632E-07    0.41069E-05    0.88302E-07    0.30531E-03   -0.77986E-03    0.43917E-05    0.62138E-03   -0.16923E-01   -0.11785E-01   -0.77770E-02   -0.55532E-04    0.88332E-03    0.99987E-04   -0.39818E-04   -0.12536E-04    0.25128E-04    0.50988E-07    0.83023E-06   -0.72589E-04   -0.86777E-03    0.40098E-03    0.14749E-03    0.74943E-03    0.35998E-03    0.12314E-03   -0.23963E-03   -0.48266E-05   -0.12149E-04   -0.23349E-05   -0.34615E-05   -0.16823E-04    0.59249E-05    0.58453E-05    0.65139E-05    0.49173E-05    0.60535E-05    0.59457E-05   -0.31516E-05
   -0.13581E-02    0.14680E-01   -0.17351E-02   -0.23632E-01   -0.62319E+00   -0.66161E-01   -0.16923E-01    0.28624E+04    0.99568E+02    0.23342E+02   -0.68423E-01    0.11279E+01   -0.12579E+02   -0.24107E-01   -0.59409E-01    0.35286E-01    0.91928E-03   -0.36126E-02    0.98145E+00    0.10736E+02    0.19678E+02    0.39742E+00   -0.34173E+01    0.49441E+01   -0.93941E+00    0.76458E+00   -0.43461E-01   -0.34269E+00   -0.79821E-01    0.12608E-01   -0.10936E-01   -0.27956E-01    0.86552E-02   -0.27980E-01    0.29728E-02   -0.73989E-01   -0.38640E-01    0.39243E-02
   -0.11803E-02    0.63722E-02   -0.10160E-02   -0.10959E-01   -0.27070E+00   -0.29219E-01   -0.11785E-01    0.99568E+02    0.71259E+02    0.22374E+02    0.90404E-01   -0.18999E+01   -0.24439E+01    0.62119E-01    0.13964E-01   -0.70081E-01    0.65370E-05   -0.61296E-03    0.23468E+00    0.16933E+01    0.98995E-01    0.19743E+00   -0.60865E+00    0.72696E+00   -0.42450E+00   -0.37987E+00    0.91604E-02   -0.52165E-01   -0.30368E-01    0.22517E-01    0.14450E-01   -0.15746E-01   -0.98481E-02   -0.15563E-01   -0.91462E-02   -0.31946E-01   -0.24008E-01   -0.11852E-01
   -0.10762E-02    0.62911E-02   -0.96815E-03   -0.10136E-01   -0.24988E+00   -0.24426E-01   -0.77770E-02    0.23342E+02    0.22374E+02    0.10037E+03   -0.10704E+01   -0.37454E+02    0.67878E+00   -0.36355E+00   -0.24494E-01   -0.42718E+00    0.19143E-05    0.19820E-05    0.34835E-01    0.12080E+01    0.17424E+00    0.22368E+00    0.21064E+02   -0.13016E+01    0.51631E+00    0.12097E+02   -0.38281E-01   -0.66678E-01    0.18489E-02    0.22744E-01    0.26768E-01   -0.95802E-02   -0.31260E-01   -0.86861E-02   -0.33961E-01   -0.13132E-01   -0.15989E-01   -0.59379E-01
    0.54424E-05   -0.26806E-04   -0.37282E-05    0.10470E-04    0.10465E-02    0.15340E-03   -0.55532E-04   -0.68423E-01    0.90404E-01   -0.10704E+01    0.70224E+00    0.14383E+01    0.57749E+00    0.73142E-03   -0.22692E-02    0.40402E-02   -0.33237E-06    0.13823E-04   -0.43805E-02   -0.10177E+01    0.10576E-01   -0.15359E-01   -0.39616E+00   -0.17120E+00   -0.10129E+00   -0.33642E+00    0.48240E-01    0.45152E-01   -0.54327E-02   -0.17790E-02   -0.10898E-02    0.15511E-03    0.24694E-03    0.12659E-03    0.26703E-03   -0.49744E-03    0.48481E-03    0.16925E-02
    0.14536E-03   -0.89107E-03    0.11966E-03    0.11201E-02    0.44488E-01    0.39637E-02    0.88332E-03    0.11279E+01   -0.18999E+01   -0.37454E+02    0.14383E+01    0.25922E+02    0.21430E+01    0.22058E+00    0.26179E-01    0.33782E+00    0.17052E-05   -0.16183E-04   -0.34959E+00   -0.46507E+01    0.16121E+00   -0.57077E+00   -0.16693E+02   -0.77957E-01   -0.10014E+01   -0.12331E+02    0.72130E-01    0.92311E-01   -0.10074E-01   -0.56575E-02   -0.22927E-02    0.41307E-03    0.65637E-02   -0.29991E-03    0.85238E-02    0.17601E-02   -0.89533E-03    0.20653E-01
    0.31578E-04   -0.14908E-03    0.15193E-04    0.79023E-04    0.88620E-02    0.10913E-02    0.99987E-04   -0.12579E+02   -0.24439E+01    0.67878E+00    0.57749E+00    0.21430E+01    0.21242E+01    0.17480E-01    0.19969E-01    0.23713E-01    0.16001E-05   -0.91838E-04   -0.19464E+00   -0.25515E+01    0.56381E-01   -0.16393E+00   -0.11807E+01   -0.83947E+00   -0.17774E+00   -0.16903E+01    0.43110E-01    0.71526E-01   -0.19439E-02   -0.13132E-02   -0.15303E-02    0.81491E-03   -0.32263E-02    0.66659E-03   -0.30906E-02    0.44283E-02    0.56324E-03   -0.25591E-02
   -0.24864E-05    0.11206E-04   -0.17973E-05   -0.26301E-04   -0.50207E-03   -0.58664E-04   -0.39818E-04   -0.24107E-01    0.62119E-01   -0.36355E+00    0.73142E-03    0.22058E+00    0.17480E-01    0.58354E-02   -0.91887E-04    0.20420E-02   -0.22617E-06   -0.22249E-07   -0.81616E-03   -0.14754E-01   -0.54736E-03   -0.11748E-02   -0.16270E+00   -0.96312E-02   -0.36212E-02   -0.11314E+00    0.29070E-03    0.15572E-02    0.44132E-03    0.69069E-04    0.10767E-03   -0.35646E-04   -0.30543E-04   -0.47890E-04    0.11199E-04    0.72849E-05   -0.72956E-04    0.15892E-03
   -0.48833E-06    0.20069E-05   -0.56739E-06   -0.66562E-05   -0.92845E-04   -0.11458E-04   -0.12536E-04   -0.59409E-01    0.13964E-01   -0.24494E-01   -0.22692E-02    0.26179E-01    0.19969E-01   -0.91887E-04    0.24739E-02   -0.55089E-04    0.62801E-07    0.91385E-06   -0.32907E-03   -0.12706E-01    0.55512E-03    0.54170E-02   -0.24264E-02   -0.11956E-01    0.31026E-02   -0.15101E-02    0.15227E-03    0.14213E-02   -0.45792E-03   -0.37088E-04   -0.15938E-03    0.24467E-05    0.27502E-04   -0.31668E-06    0.22069E-04    0.59147E-04   -0.26674E-05    0.58692E-04
    0.26753E-05   -0.13512E-04    0.21487E-05    0.16746E-04    0.77301E-03    0.75454E-04    0.25128E-04    0.35286E-01   -0.70081E-01   -0.42718E+00    0.40402E-02    0.33782E+00    0.23713E-01    0.20420E-02   -0.55089E-04    0.66771E-02    0.97921E-07   -0.62009E-05   -0.46653E-02   -0.39014E-01    0.58325E-02   -0.10657E-01   -0.27162E+00   -0.20935E-02   -0.13508E-01   -0.22030E+00    0.68161E-04    0.87264E-03    0.31740E-03   -0.67115E-04    0.11393E-03    0.22914E-04    0.18027E-04    0.15555E-04    0.42176E-04    0.10087E-03   -0.10279E-05    0.14636E-03
    0.30620E-08   -0.26927E-07    0.26490E-08    0.30457E-07    0.28562E-06    0.11619E-07    0.50988E-07    0.91928E-03    0.65370E-05    0.19143E-05   -0.33237E-06    0.17052E-05    0.16001E-05   -0.22617E-06    0.62801E-07    0.97921E-07    0.15570E-06    0.25647E-08   -0.54132E-06   -0.29728E-05   -0.16003E-04   -0.10947E-05   -0.60414E-05   -0.17329E-05    0.20651E-06   -0.15405E-05   -0.88117E-07   -0.19448E-07    0.96932E-08   -0.18572E-06    0.32058E-06    0.41135E-07   -0.48937E-08    0.71846E-08    0.42774E-08   -0.14302E-07    0.11138E-07   -0.87081E-08
   -0.91320E-08    0.12695E-06   -0.21264E-07   -0.70916E-07   -0.35249E-05    0.13023E-06    0.83023E-06   -0.36126E-02   -0.61296E-03    0.19820E-05    0.13823E-04   -0.16183E-04   -0.91838E-04   -0.22249E-07    0.91385E-06   -0.62009E-05    0.25647E-08    0.18135E-05    0.14247E-04    0.73368E-04    0.11023E-03    0.29098E-04    0.28152E-03    0.60964E-04    0.20701E-04    0.30861E-03   -0.83596E-07   -0.27977E-05   -0.12570E-05    0.23673E-05   -0.11863E-05    0.51044E-06    0.10242E-05    0.44943E-06    0.96170E-06    0.14173E-06    0.50533E-06    0.11821E-05
   -0.73807E-05    0.38733E-04   -0.57628E-05   -0.54034E-04   -0.23853E-02   -0.23045E-03   -0.72589E-04    0.98145E+00    0.23468E+00    0.34835E-01   -0.43805E-02   -0.34959E+00   -0.19464E+00   -0.81616E-03   -0.32907E-03   -0.46653E-02   -0.54132E-06    0.14247E-04    0.57018E-01    0.35689E+00   -0.44269E-02    0.54278E-01    0.16817E+00    0.22855E-01    0.49564E-01    0.22595E+00    0.28726E-02    0.61549E-02    0.10141E-02    0.28859E-04    0.12553E-03   -0.29960E-04    0.24039E-03   -0.16447E-04    0.23733E-03   -0.34731E-03    0.10499E-03    0.46508E-03
   -0.11380E-03    0.54304E-03   -0.72120E-04   -0.75849E-03   -0.41646E-01   -0.27999E-02   -0.86777E-03    0.10736E+02    0.16933E+01    0.12080E+01   -0.10177E+01   -0.46507E+01   -0.25515E+01   -0.14754E-01   -0.12706E-01   -0.39014E-01   -0.29728E-05    0.73368E-04    0.35689E+00    0.48419E+01   -0.35008E-01    0.15013E+00    0.18114E+01    0.37992E+00    0.30306E+00    0.23398E+01   -0.54557E-01   -0.39871E-01    0.18881E-01   -0.36774E-02   -0.39725E-02   -0.20878E-03    0.28413E-02    0.49079E-04    0.27247E-02   -0.19172E-02    0.40071E-03    0.23347E-02
   -0.22705E-04    0.24238E-03   -0.30969E-04   -0.35609E-03   -0.75340E-02   -0.54768E-03    0.40098E-03    0.19678E+02    0.98995E-01    0.17424E+00    0.10576E-01    0.16121E+00    0.56381E-01   -0.54736E-03    0.55512E-03    0.58325E-02   -0.16003E-04    0.11023E-03   -0.44269E-02   -0.35008E-01    0.31271E+00   -0.12594E-01   -0.16280E+00   -0.35274E-01   -0.16625E-01   -0.20278E+00    0.11469E-02    0.29490E-02    0.42408E-03   -0.44245E-03    0.14454E-03    0.16067E-03   -0.66334E-04    0.16818E-03   -0.94133E-04    0.18830E-03    0.13924E-04   -0.20081E-03
    0.19148E-04   -0.10200E-03    0.12997E-04    0.18039E-03    0.64581E-02    0.31332E-03    0.14749E-03    0.39742E+00    0.19743E+00    0.22368E+00   -0.15359E-01   -0.57077E+00   -0.16393E+00   -0.11748E-02    0.54170E-02   -0.10657E-01   -0.10947E-05    0.29098E-04    0.54278E-01    0.15013E+00   -0.12594E-01    0.34765E+00    0.36557E+00    0.85378E-01    0.16099E+00    0.69352E+00    0.56419E-02    0.75012E-02   -0.47054E-02   -0.11625E-02   -0.31649E-02    0.60935E-03    0.52810E-04    0.74073E-03    0.86848E-04   -0.34379E-03    0.18206E-03    0.14366E-02
    0.75683E-04   -0.44115E-03    0.75182E-04    0.10040E-02    0.12111E-01    0.11107E-02    0.74943E-03   -0.34173E+01   -0.60865E+00    0.21064E+02   -0.39616E+00   -0.16693E+02   -0.11807E+01   -0.16270E+00   -0.24264E-02   -0.27162E+00   -0.60414E-05    0.28152E-03    0.16817E+00    0.18114E+01   -0.16280E+00    0.36557E+00    0.21107E+02    0.29673E+00    0.66246E+00    0.10183E+02   -0.23010E-01   -0.70260E-01   -0.15163E-01    0.74965E-02    0.71131E-02    0.12833E-02    0.22385E-01    0.19048E-02    0.14763E-01   -0.97594E-03    0.31769E-02   -0.80022E-02
    0.42730E-04   -0.24573E-03    0.48689E-04    0.41789E-03    0.13907E-01    0.73925E-03    0.35998E-03    0.49441E+01    0.72696E+00   -0.13016E+01   -0.17120E+00   -0.77957E-01   -0.83947E+00   -0.96312E-02   -0.11956E-01   -0.20935E-02   -0.17329E-05    0.60964E-04    0.22855E-01    0.37992E+00   -0.35274E-01    0.85378E-01    0.29673E+00    0.22696E+01    0.53053E-01    0.52919E+00   -0.84324E-01   -0.10029E+00   -0.46193E-02    0.17221E-02    0.36199E-02   -0.39335E-03    0.18286E-02   -0.33950E-03    0.17749E-02    0.71079E-03    0.44550E-03    0.18135E-02
    0.38987E-04   -0.20410E-03    0.36088E-04    0.27168E-03    0.10789E-01    0.64789E-03    0.12314E-03   -0.93941E+00   -0.42450E+00    0.51631E+00   -0.10129E+00   -0.10014E+01   -0.17774E+00   -0.36212E-02    0.31026E-02   -0.13508E-01    0.20651E-06    0.20701E-04    0.49564E-01    0.30306E+00   -0.16625E-01    0.16099E+00    0.66246E+00    0.53053E-01    0.27076E+00    0.61944E+00   -0.52523E-03    0.60623E-02    0.17358E-03    0.78226E-03    0.14967E-02    0.21509E-03    0.38879E-04    0.22579E-03    0.36999E-04    0.54572E-03    0.45933E-03    0.93352E-04
    0.10897E-03   -0.62142E-03    0.99700E-04    0.78247E-03    0.21043E-01    0.11738E-02   -0.23963E-03    0.76458E+00   -0.37987E+00    0.12097E+02   -0.33642E+00   -0.12331E+02   -0.16903E+01   -0.11314E+00   -0.15101E-02   -0.22030E+00   -0.15405E-05    0.30861E-03    0.22595E+00    0.23398E+01   -0.20278E+00    0.69352E+00    0.10183E+02    0.52919E+00    0.61944E+00    0.21113E+02   -0.23255E-01   -0.10101E+00   -0.28344E-01   -0.29854E-02   -0.10947E-01    0.16124E-02    0.32291E-02    0.16572E-02    0.19030E-02   -0.65099E-03    0.51459E-02    0.31271E-01
   -0.46531E-06    0.38050E-05   -0.12891E-05   -0.43715E-05   -0.19205E-03   -0.10224E-04   -0.48266E-05   -0.43461E-01    0.91604E-02   -0.38281E-01    0.48240E-01    0.72130E-01    0.43110E-01    0.29070E-03    0.15227E-03    0.68161E-04   -0.88117E-07   -0.83596E-07    0.28726E-02   -0.54557E-01    0.11469E-02    0.56419E-02   -0.23010E-01   -0.84324E-01   -0.52523E-03   -0.23255E-01    0.77617E-02    0.70696E-02   -0.26449E-03   -0.88280E-04   -0.81546E-04    0.14788E-04   -0.20773E-04    0.15024E-04   -0.16937E-04   -0.75416E-04    0.16975E-04    0.85893E-04
   -0.11054E-05    0.76018E-05   -0.19600E-05   -0.12015E-04   -0.39608E-03   -0.24421E-04   -0.12149E-04   -0.34269E+00   -0.52165E-01   -0.66678E-01    0.45152E-01    0.92311E-01    0.71526E-01    0.15572E-02    0.14213E-02    0.87264E-03   -0.19448E-07   -0.27977E-05    0.61549E-02   -0.39871E-01    0.29490E-02    0.75012E-02   -0.70260E-01   -0.10029E+00    0.60623E-02   -0.10101E+00    0.70696E-02    0.13005E-01    0.40714E-03   -0.25520E-04    0.40546E-04    0.30730E-04   -0.88616E-04    0.32548E-04   -0.75284E-04    0.64084E-04    0.60984E-04   -0.12066E-03
   -0.23221E-06    0.12955E-05   -0.75188E-07   -0.29270E-05   -0.12151E-03   -0.31197E-05   -0.23349E-05   -0.79821E-01   -0.30368E-01    0.18489E-02   -0.54327E-02   -0.10074E-01   -0.19439E-02    0.44132E-03   -0.45792E-03    0.31740E-03    0.96932E-08   -0.12570E-05    0.10141E-02    0.18881E-01    0.42408E-03   -0.47054E-02   -0.15163E-01   -0.46193E-02    0.17358E-03   -0.28344E-01   -0.26449E-03    0.40714E-03    0.55657E-03    0.38031E-04    0.82415E-04    0.41849E-05   -0.28046E-04    0.68967E-05   -0.22918E-04    0.43227E-04    0.14342E-04   -0.88906E-04
   -0.43734E-06    0.40041E-05   -0.74120E-06   -0.55319E-05   -0.31177E-03   -0.44896E-05   -0.34615E-05    0.12608E-01    0.22517E-01    0.22744E-01   -0.17790E-02   -0.56575E-02   -0.13132E-02    0.69069E-04   -0.37088E-04   -0.67115E-04   -0.18572E-06    0.23673E-05    0.28859E-04   -0.36774E-02   -0.44245E-03   -0.11625E-02    0.74965E-02    0.17221E-02    0.78226E-03   -0.29854E-02   -0.88280E-04   -0.25520E-04    0.38031E-04    0.35713E-01    0.28513E-03    0.13214E-03    0.90810E-04   -0.21520E-04   -0.21489E-05   -0.39198E-05   -0.20653E-05   -0.76978E-04
   -0.99504E-06    0.44300E-05   -0.10194E-05   -0.16654E-04   -0.19752E-03   -0.15134E-04   -0.16823E-04   -0.10936E-01    0.14450E-01    0.26768E-01   -0.10898E-02   -0.22927E-02   -0.15303E-02    0.10767E-03   -0.15938E-03    0.11393E-03    0.32058E-06   -0.11863E-05    0.12553E-03   -0.39725E-02    0.14454E-03   -0.31649E-02    0.71131E-02    0.36199E-02    0.14967E-02   -0.10947E-01   -0.81546E-04    0.40546E-04    0.82415E-04    0.28513E-03    0.39190E-01   -0.32150E-04   -0.23780E-05    0.15237E-03    0.97810E-04   -0.63356E-04   -0.39133E-04   -0.71246E-04
    0.58274E-06   -0.31169E-05    0.51625E-06    0.53857E-05    0.11759E-03    0.13689E-04    0.59249E-05   -0.27956E-01   -0.15746E-01   -0.95802E-02    0.15511E-03    0.41307E-03    0.81491E-03   -0.35646E-04    0.24467E-05    0.22914E-04    0.41135E-07    0.51044E-06   -0.29960E-04   -0.20878E-03    0.16067E-03    0.60935E-03    0.12833E-02   -0.39335E-03    0.21509E-03    0.16124E-02    0.14788E-04    0.30730E-04    0.41849E-05    0.13214E-03   -0.32150E-04    0.54575E-04    0.84687E-05    0.11920E-04    0.76971E-05    0.14088E-04    0.12613E-04    0.10313E-04
    0.72582E-06   -0.43387E-05    0.69190E-06    0.73359E-05    0.15702E-03    0.15480E-04    0.58453E-05    0.86552E-02   -0.98481E-02   -0.31260E-01    0.24694E-03    0.65637E-02   -0.32263E-02   -0.30543E-04    0.27502E-04    0.18027E-04   -0.48937E-08    0.10242E-05    0.24039E-03    0.28413E-02   -0.66334E-04    0.52810E-04    0.22385E-01    0.18286E-02    0.38879E-04    0.32291E-02   -0.20773E-04   -0.88616E-04   -0.28046E-04    0.90810E-04   -0.23780E-05    0.84687E-05    0.18373E-03    0.98455E-05    0.69507E-04    0.46531E-05    0.13312E-04    0.32152E-04
    0.59676E-06   -0.32962E-05    0.50600E-06    0.59138E-05    0.13186E-03    0.13815E-04    0.65139E-05   -0.27980E-01   -0.15563E-01   -0.86861E-02    0.12659E-03   -0.29991E-03    0.66659E-03   -0.47890E-04   -0.31668E-06    0.15555E-04    0.71846E-08    0.44943E-06   -0.16447E-04    0.49079E-04    0.16818E-03    0.74073E-03    0.19048E-02   -0.33950E-03    0.22579E-03    0.16572E-02    0.15024E-04    0.32548E-04    0.68967E-05   -0.21520E-04    0.15237E-03    0.11920E-04    0.98455E-05    0.52541E-04    0.98349E-05    0.14699E-04    0.13127E-04    0.93846E-05
    0.66893E-06   -0.40638E-05    0.64183E-06    0.65907E-05    0.15431E-03    0.14268E-04    0.49173E-05    0.29728E-02   -0.91462E-02   -0.33961E-01    0.26703E-03    0.85238E-02   -0.30906E-02    0.11199E-04    0.22069E-04    0.42176E-04    0.42774E-08    0.96170E-06    0.23733E-03    0.27247E-02   -0.94133E-04    0.86848E-04    0.14763E-01    0.17749E-02    0.36999E-04    0.19030E-02   -0.16937E-04   -0.75284E-04   -0.22918E-04   -0.21489E-05    0.97810E-04    0.76971E-05    0.69507E-04    0.98349E-05    0.11003E-03    0.24425E-05    0.12196E-04    0.32491E-04
    0.11555E-05   -0.64584E-05    0.10206E-05    0.89114E-05    0.27852E-03    0.25136E-04    0.60535E-05   -0.73989E-01   -0.31946E-01   -0.13132E-01   -0.49744E-03    0.17601E-02    0.44283E-02    0.72849E-05    0.59147E-04    0.10087E-03   -0.14302E-07    0.14173E-06   -0.34731E-03   -0.19172E-02    0.18830E-03   -0.34379E-03   -0.97594E-03    0.71079E-03    0.54572E-03   -0.65099E-03   -0.75416E-04    0.64084E-04    0.43227E-04   -0.39198E-05   -0.63356E-04    0.14088E-04    0.46531E-05    0.14699E-04    0.24425E-05    0.39226E-03    0.36311E-04    0.63412E-05
    0.11665E-05   -0.64306E-05    0.10593E-05    0.91636E-05    0.27716E-03    0.24185E-04    0.59457E-05   -0.38640E-01   -0.24008E-01   -0.15989E-01    0.48481E-03   -0.89533E-03    0.56324E-03   -0.72956E-04   -0.26674E-05   -0.10279E-05    0.11138E-07    0.50533E-06    0.10499E-03    0.40071E-03    0.13924E-04    0.18206E-03    0.31769E-02    0.44550E-03    0.45933E-03    0.51459E-02    0.16975E-04    0.60984E-04    0.14342E-04   -0.20653E-05   -0.39133E-04    0.12613E-04    0.13312E-04    0.13127E-04    0.12196E-04    0.36311E-04    0.98006E-04    0.31454E-04
    0.91821E-06   -0.56530E-05    0.87263E-06    0.47851E-05    0.22990E-03    0.17936E-04   -0.31516E-05    0.39243E-02   -0.11852E-01   -0.59379E-01    0.16925E-02    0.20653E-01   -0.25591E-02    0.15892E-03    0.58692E-04    0.14636E-03   -0.87081E-08    0.11821E-05    0.46508E-03    0.23347E-02   -0.20081E-03    0.14366E-02   -0.80022E-02    0.18135E-02    0.93352E-04    0.31271E-01    0.85893E-04   -0.12066E-03   -0.88906E-04   -0.76978E-04   -0.71246E-04    0.10313E-04    0.32152E-04    0.93846E-05    0.32491E-04    0.63412E-05    0.31454E-04    0.54165E-03
