# omegabh2 omegach2 theta tau w logA ns acib217 acibsz143 asz143 aps100 aps143 aps143217 aps217 aksz kgal100 t1gal143 t1gal143217 t1gal217 galfEE100 galfEE100143 galfEE100217 galfEE143 galfEE143217 galfEE217 galfTE100 galfTE100143 galfTE100217 galfTE143 galfTE143217 galfTE217 calib_100T calib_217T
    0.2338484E-07   -0.1122798E-06    0.1619290E-07    0.5368484E-06    0.3642774E-05    0.9080363E-06    0.3300745E-06   -0.1320893E-03   -0.6204401E-04   -0.8944533E-05   -0.1895848E-03   -0.5345762E-04    0.6423704E-04    0.8988407E-04   -0.4921367E-04    0.1833015E-03   -0.9184538E-04   -0.1041947E-03   -0.1129811E-03    0.1838098E-06    0.1735149E-06    0.2211124E-06    0.2057237E-06    0.2100301E-06    0.2688395E-06   -0.1950997E-05   -0.2666553E-05   -0.3259504E-05   -0.3989036E-05   -0.5561011E-05   -0.8897275E-05   -0.2919594E-07    0.5242860E-08
   -0.1122798E-06    0.1777596E-05   -0.1291644E-06   -0.5476454E-05   -0.5448465E-04   -0.6362436E-05   -0.4411300E-05    0.3183436E-03    0.3797840E-04   -0.1107228E-03    0.2216385E-02    0.1356875E-02    0.8755678E-03    0.5168577E-03    0.8111028E-04   -0.1221515E-03   -0.7798047E-03   -0.6569216E-03   -0.5161750E-03   -0.2082223E-05   -0.2032745E-05   -0.2141684E-05   -0.2253562E-05   -0.2037649E-05   -0.2400748E-05    0.1091331E-04    0.1169590E-04    0.1409399E-04    0.2309685E-04    0.3016393E-04    0.4543937E-04   -0.1007216E-06   -0.5788550E-07
    0.1619290E-07   -0.1291644E-06    0.9262592E-07    0.5259930E-06    0.6077062E-05    0.7889979E-06    0.4727121E-06   -0.7038429E-04   -0.1231848E-05   -0.7141333E-05   -0.1953746E-03   -0.9297099E-04   -0.9674001E-04   -0.2279179E-04   -0.3635057E-06    0.1256494E-03    0.9559081E-04    0.8351066E-04    0.9556373E-04    0.1490069E-06    0.1263947E-06    0.1020477E-06    0.1534660E-06    0.1455372E-06    0.1067384E-06   -0.1462715E-05   -0.1557223E-05   -0.1694388E-05   -0.3435589E-05   -0.4202604E-05   -0.5155698E-05   -0.1078166E-08    0.6476050E-08
    0.5368484E-06   -0.5476454E-05    0.5259930E-06    0.1690813E-03    0.2072972E-03    0.3275248E-03    0.2361634E-04   -0.1093574E-01   -0.4640512E-02   -0.1462985E-02   -0.4362627E-02    0.5718929E-02    0.1299650E-01    0.1511318E-01   -0.3610855E-02   -0.1221199E-01   -0.1377794E-01   -0.1632169E-01   -0.1689732E-01    0.8082517E-05    0.7741010E-05    0.6064789E-05    0.9403901E-05    0.7360382E-05    0.4987450E-05   -0.6365326E-04   -0.6463933E-04   -0.5541408E-04   -0.1076109E-03   -0.1359809E-03   -0.2178441E-03    0.5261884E-06    0.6279782E-06
    0.3642774E-05   -0.5448465E-04    0.6077062E-05    0.2072972E-03    0.4845002E-02    0.2736858E-03    0.1463022E-03   -0.9100873E-02   -0.3706345E-03    0.4247935E-02   -0.1079586E+00   -0.4239443E-01   -0.2809419E-01   -0.1727070E-01   -0.3436280E-02    0.6985048E-02    0.2065092E-01    0.1814389E-01    0.1435870E-01    0.5794277E-04    0.5848926E-04    0.7039507E-04    0.6831781E-04    0.6758354E-04    0.9177340E-04   -0.3250495E-03   -0.3529780E-03   -0.2902330E-03   -0.9049384E-03   -0.1098618E-02   -0.1400897E-02    0.2914461E-05    0.1762456E-05
    0.9080363E-06   -0.6362436E-05    0.7889979E-06    0.3275248E-03    0.2736858E-03    0.6520420E-03    0.3538656E-04   -0.2347879E-01   -0.1100657E-01   -0.4129971E-02    0.9099736E-02    0.2313845E-01    0.3722188E-01    0.3894697E-01   -0.8300970E-02   -0.3033829E-01   -0.4352534E-01   -0.4837177E-01   -0.4934414E-01    0.9747698E-05    0.8806726E-05    0.4747564E-05    0.1161860E-04    0.7367880E-05    0.1504494E-06   -0.1086683E-03   -0.1032822E-03   -0.8149735E-04   -0.1524106E-03   -0.1945399E-03   -0.3289252E-03   -0.1665200E-06    0.1123611E-05
    0.3300745E-06   -0.4411300E-05    0.4727121E-06    0.2361634E-04    0.1463022E-03    0.3538656E-04    0.2266919E-04   -0.8821785E-02   -0.3843932E-02   -0.1276768E-02   -0.9790214E-02    0.3207670E-02    0.9321747E-02    0.1079832E-01   -0.2635145E-02   -0.1648402E-02   -0.2603317E-02   -0.4076901E-02   -0.3806824E-02    0.9659194E-05    0.9025224E-05    0.9360422E-05    0.9679188E-05    0.1000943E-04    0.1060307E-04   -0.3252520E-04   -0.3465170E-04   -0.3334883E-04   -0.6582510E-04   -0.7619014E-04   -0.1087314E-03    0.4309378E-06    0.3628339E-06
   -0.1320893E-03    0.3183436E-03   -0.7038429E-04   -0.1093574E-01   -0.9100873E-02   -0.2347879E-01   -0.8821785E-02    0.6294841E+02    0.2261426E+02    0.8324893E+00    0.1362177E+02   -0.2101522E+02   -0.6254842E+02   -0.8001682E+02   -0.3248094E+01   -0.3024497E+01   -0.7259909E+01   -0.1261492E+02   -0.1875878E+02   -0.1877411E-02   -0.2110938E-02   -0.9932964E-03   -0.3539447E-02   -0.1953504E-02    0.3261114E-02    0.1503715E-01    0.1798633E-01    0.2208861E-01    0.2816720E-02   -0.2816085E-02   -0.4722573E-01    0.3956516E-03   -0.2793103E-02
   -0.6204401E-04    0.3797840E-04   -0.1231848E-05   -0.4640512E-02   -0.3706345E-03   -0.1100657E-01   -0.3843932E-02    0.2261426E+02    0.1653538E+02    0.2457318E+01   -0.1604014E+02   -0.2345883E+02   -0.4149218E+02   -0.2523764E+02   -0.1352794E+01   -0.2504678E+01   -0.4412290E+01   -0.1059033E+02   -0.1215909E+02   -0.9689930E-03   -0.1030450E-02   -0.6832501E-03   -0.1118881E-02   -0.1137670E-02    0.1535320E-02    0.3392737E-02    0.6124772E-02    0.1297997E-01    0.3018065E-03    0.9696966E-02    0.1602341E-01    0.1429611E-03   -0.7658672E-04
   -0.8944533E-05   -0.1107228E-03   -0.7141333E-05   -0.1462985E-02    0.4247935E-02   -0.4129971E-02   -0.1276768E-02    0.8324893E+00    0.2457318E+01    0.6509635E+01   -0.4457932E+02   -0.1893493E+02   -0.5146375E+01   -0.5871630E+00   -0.2346974E+00   -0.3130504E+01   -0.1426260E+01    0.2715909E+01    0.3288764E+01   -0.3849185E-03   -0.4525125E-03   -0.6333938E-03   -0.2880243E-03   -0.3003453E-03   -0.5447698E-04    0.9436761E-03    0.3581807E-03   -0.7252250E-02   -0.2767483E-02   -0.1035806E-01   -0.2163543E-01   -0.1708781E-03    0.1945647E-03
   -0.1895848E-03    0.2216385E-02   -0.1953746E-03   -0.4362627E-02   -0.1079586E+00    0.9099736E-02   -0.9790214E-02    0.1362177E+02   -0.1604014E+02   -0.4457932E+02    0.7703305E+03    0.1867159E+03    0.6905261E+02    0.1043732E+02   -0.1219641E+02   -0.3868518E+02   -0.1565223E+01   -0.1529805E+02   -0.1694981E+02   -0.5023980E-02   -0.5819820E-02   -0.6159413E-02   -0.8324709E-02   -0.5929256E-02   -0.4874783E-02    0.6348075E-02    0.4032305E-01    0.8491367E-01    0.1114335E+00    0.1728393E+00    0.3116102E+00   -0.1199631E-02   -0.3037184E-02
   -0.5345762E-04    0.1356875E-02   -0.9297099E-04    0.5718929E-02   -0.4239443E-01    0.2313845E-01    0.3207670E-02   -0.2101522E+02   -0.2345883E+02   -0.1893493E+02    0.1867159E+03    0.1240016E+03    0.9264959E+02    0.5141023E+02   -0.1135423E+02    0.1794430E+01   -0.6960397E+01   -0.3703203E+01   -0.1051933E+01   -0.6986998E-03   -0.8653928E-03   -0.1290704E-02   -0.1167175E-02   -0.4877803E-03   -0.5413766E-02    0.1227279E-01    0.2972931E-01    0.3192058E-01    0.5209547E-01    0.6780366E-01    0.1163616E+00   -0.2600771E-03   -0.9150184E-03
    0.6423704E-04    0.8755678E-03   -0.9674001E-04    0.1299650E-01   -0.2809419E-01    0.3722188E-01    0.9321747E-02   -0.6254842E+02   -0.4149218E+02   -0.5146375E+01    0.6905261E+02    0.9264959E+02    0.1433578E+03    0.1060123E+03   -0.8843905E+01   -0.2028311E+01   -0.4485968E+01    0.5160918E+01    0.6107624E+01    0.6341801E-03    0.3115766E-03   -0.1120859E-02    0.1165997E-02    0.8645101E-03   -0.7789867E-02    0.7105839E-03    0.9353551E-02   -0.3375479E-02    0.3992438E-01    0.3493040E-01    0.5616560E-01   -0.9794781E-03    0.1622662E-02
    0.8988407E-04    0.5168577E-03   -0.2279179E-04    0.1511318E-01   -0.1727070E-01    0.3894697E-01    0.1079832E-01   -0.8001682E+02   -0.2523764E+02   -0.5871630E+00    0.1043732E+02    0.5141023E+02    0.1060123E+03    0.1413234E+03   -0.7995689E+01   -0.3308382E+01   -0.5999327E+01   -0.1032066E+02   -0.1014273E+02    0.1317226E-02    0.6695158E-03   -0.4952775E-03    0.2966605E-02    0.6719086E-03   -0.5911453E-02   -0.1388135E-01   -0.1243977E-02   -0.1817704E-04    0.3624856E-01    0.6171551E-01    0.1405614E+00   -0.1130260E-02    0.5292548E-02
   -0.4921367E-04    0.8111028E-04   -0.3635057E-06   -0.3610855E-02   -0.3436280E-02   -0.8300970E-02   -0.2635145E-02   -0.3248094E+01   -0.1352794E+01   -0.2346974E+00   -0.1219641E+02   -0.1135423E+02   -0.8843905E+01   -0.7995689E+01    0.7989836E+01   -0.1604325E+01   -0.1543237E+01   -0.2188174E+01   -0.2445712E+01   -0.1088172E-02   -0.5700432E-03   -0.7421524E-03   -0.5603241E-03   -0.9809040E-03   -0.1620620E-02    0.3774834E-02    0.5605495E-02    0.1061874E-01    0.6413997E-02    0.7817133E-02    0.1573313E-01    0.8272362E-04    0.2063637E-03
    0.1833015E-03   -0.1221515E-03    0.1256494E-03   -0.1221199E-01    0.6985048E-02   -0.3033829E-01   -0.1648402E-02   -0.3024497E+01   -0.2504678E+01   -0.3130504E+01   -0.3868518E+02    0.1794430E+01   -0.2028311E+01   -0.3308382E+01   -0.1604325E+01    0.1475563E+03    0.4669415E+02    0.4422436E+02    0.4320063E+02   -0.1335941E-02    0.3436542E-03    0.1683211E-02    0.1836365E-02    0.3491112E-02    0.6869411E-02   -0.7341441E-02   -0.7169192E-01   -0.9957986E-01   -0.4017351E-01   -0.7071269E-01   -0.1467989E+00   -0.1311294E-01   -0.5255992E-04
   -0.9184538E-04   -0.7798047E-03    0.9559081E-04   -0.1377794E-01    0.2065092E-01   -0.4352534E-01   -0.2603317E-02   -0.7259909E+01   -0.4412290E+01   -0.1426260E+01   -0.1565223E+01   -0.6960397E+01   -0.4485968E+01   -0.5999327E+01   -0.1543237E+01    0.4669415E+02    0.8959516E+02    0.9117979E+02    0.9106756E+02    0.1664897E-02    0.2356741E-02    0.4208454E-02    0.1428053E-02    0.3556007E-02    0.7936724E-02    0.9776872E-02   -0.4669699E-01   -0.5659897E-01   -0.7901613E-01   -0.9622252E-01   -0.1075157E+00    0.2811951E-02    0.1289962E-03
   -0.1041947E-03   -0.6569216E-03    0.8351066E-04   -0.1632169E-01    0.1814389E-01   -0.4837177E-01   -0.4076901E-02   -0.1261492E+02   -0.1059033E+02    0.2715909E+01   -0.1529805E+02   -0.3703203E+01    0.5160918E+01   -0.1032066E+02   -0.2188174E+01    0.4422436E+02    0.9117979E+02    0.1294178E+03    0.1532489E+03    0.1089338E-02    0.1755246E-02    0.2829969E-02    0.4178484E-03    0.3765177E-02    0.7856483E-02    0.6638618E-02   -0.3694486E-01   -0.7064239E-01   -0.6867529E-01   -0.1017621E+00   -0.1029011E+00    0.2514451E-02   -0.4697840E-02
   -0.1129811E-03   -0.5161750E-03    0.9556373E-04   -0.1689732E-01    0.1435870E-01   -0.4934414E-01   -0.3806824E-02   -0.1875878E+02   -0.1215909E+02    0.3288764E+01   -0.1694981E+02   -0.1051933E+01    0.6107624E+01   -0.1014273E+02   -0.2445712E+01    0.4320063E+02    0.9106756E+02    0.1532489E+03    0.2010407E+03    0.9548753E-03    0.1694987E-02    0.1885606E-02    0.2581436E-03    0.4068833E-02    0.7284803E-02   -0.3470820E-02   -0.3095798E-01   -0.6019980E-01   -0.5618509E-01   -0.7462001E-01   -0.2713708E-01    0.2441748E-02   -0.8957155E-02
    0.1838098E-06   -0.2082223E-05    0.1490069E-06    0.8082517E-05    0.5794277E-04    0.9747698E-05    0.9659194E-05   -0.1877411E-02   -0.9689930E-03   -0.3849185E-03   -0.5023980E-02   -0.6986998E-03    0.6341801E-03    0.1317226E-02   -0.1088172E-02   -0.1335941E-02    0.1664897E-02    0.1089338E-02    0.9548753E-03    0.7174541E-04    0.2505209E-04    0.3144872E-04    0.1283446E-04    0.1559336E-04    0.1538747E-04   -0.1015461E-03   -0.7798660E-04   -0.6946609E-04   -0.4747641E-04   -0.4736648E-04   -0.9688024E-04    0.5795549E-06    0.2198420E-07
    0.1735149E-06   -0.2032745E-05    0.1263947E-06    0.7741010E-05    0.5848926E-04    0.8806726E-05    0.9025224E-05   -0.2110938E-02   -0.1030450E-02   -0.4525125E-03   -0.5819820E-02   -0.8653928E-03    0.3115766E-03    0.6695158E-03   -0.5700432E-03    0.3436542E-03    0.2356741E-02    0.1755246E-02    0.1694987E-02    0.2505209E-04    0.4214411E-04    0.3807882E-04    0.3159146E-04    0.3243321E-04    0.3101144E-04   -0.5252006E-04   -0.9533263E-04   -0.8111465E-04   -0.1273413E-03   -0.1409981E-03   -0.1842823E-03    0.5302625E-06    0.6970118E-07
    0.2211124E-06   -0.2141684E-05    0.1020477E-06    0.6064789E-05    0.7039507E-04    0.4747564E-05    0.9360422E-05   -0.9932964E-03   -0.6832501E-03   -0.6333938E-03   -0.6159413E-02   -0.1290704E-02   -0.1120859E-02   -0.4952775E-03   -0.7421524E-03    0.1683211E-02    0.4208454E-02    0.2829969E-02    0.1885606E-02    0.3144872E-04    0.3807882E-04    0.1212804E-03    0.2630873E-04    0.6308145E-04    0.1161444E-03   -0.5619811E-04   -0.1091631E-03   -0.1205962E-03   -0.1435217E-03   -0.2608227E-03   -0.5007387E-03    0.6372648E-06    0.1124931E-06
    0.2057237E-06   -0.2253562E-05    0.1534660E-06    0.9403901E-05    0.6831781E-04    0.1161860E-04    0.9679188E-05   -0.3539447E-02   -0.1118881E-02   -0.2880243E-03   -0.8324709E-02   -0.1167175E-02    0.1165997E-02    0.2966605E-02   -0.5603241E-03    0.1836365E-02    0.1428053E-02    0.4178484E-03    0.2581436E-03    0.1283446E-04    0.3159146E-04    0.2630873E-04    0.8798521E-04    0.5829389E-04    0.4205257E-04   -0.1658500E-04   -0.8196223E-04   -0.4040540E-04   -0.2121332E-03   -0.2013236E-03   -0.2150897E-03    0.1585160E-06    0.2394779E-06
    0.2100301E-06   -0.2037649E-05    0.1455372E-06    0.7360382E-05    0.6758354E-04    0.7367880E-05    0.1000943E-04   -0.1953504E-02   -0.1137670E-02   -0.3003453E-03   -0.5929256E-02   -0.4877803E-03    0.8645101E-03    0.6719086E-03   -0.9809040E-03    0.3491112E-02    0.3556007E-02    0.3765177E-02    0.4068833E-02    0.1559336E-04    0.3243321E-04    0.6308145E-04    0.5829389E-04    0.1306685E-03    0.1663436E-03   -0.2553345E-04   -0.1012712E-03   -0.1260179E-03   -0.2240729E-03   -0.3060686E-03   -0.5325725E-03    0.1779340E-06   -0.3330052E-07
    0.2688395E-06   -0.2400748E-05    0.1067384E-06    0.4987450E-05    0.9177340E-04    0.1504494E-06    0.1060307E-04    0.3261114E-02    0.1535320E-02   -0.5447698E-04   -0.4874783E-02   -0.5413766E-02   -0.7789867E-02   -0.5911453E-02   -0.1620620E-02    0.6869411E-02    0.7936724E-02    0.7856483E-02    0.7284803E-02    0.1538747E-04    0.3101144E-04    0.1161444E-03    0.4205257E-04    0.1663436E-03    0.6642668E-03   -0.1878352E-04   -0.1038086E-03   -0.1782223E-03   -0.2586660E-03   -0.4379893E-03   -0.7381998E-03    0.3302194E-06   -0.1532970E-06
   -0.1950997E-05    0.1091331E-04   -0.1462715E-05   -0.6365326E-04   -0.3250495E-03   -0.1086683E-03   -0.3252520E-04    0.1503715E-01    0.3392737E-02    0.9436761E-03    0.6348075E-02    0.1227279E-01    0.7105839E-03   -0.1388135E-01    0.3774834E-02   -0.7341441E-02    0.9776872E-02    0.6638618E-02   -0.3470820E-02   -0.1015461E-03   -0.5252006E-04   -0.5619811E-04   -0.1658500E-04   -0.2553345E-04   -0.1878352E-04    0.1300249E-01    0.8518631E-02    0.9702486E-02    0.1654324E-02    0.2029995E-02    0.3176600E-02    0.1420551E-05    0.1853498E-05
   -0.2666553E-05    0.1169590E-04   -0.1557223E-05   -0.6463933E-04   -0.3529780E-03   -0.1032822E-03   -0.3465170E-04    0.1798633E-01    0.6124772E-02    0.3581807E-03    0.4032305E-01    0.2972931E-01    0.9353551E-02   -0.1243977E-02    0.5605495E-02   -0.7169192E-01   -0.4669699E-01   -0.3694486E-01   -0.3095798E-01   -0.7798660E-04   -0.9533263E-04   -0.1091631E-03   -0.8196223E-04   -0.1012712E-03   -0.1038086E-03    0.8518631E-02    0.1244711E-01    0.1370920E-01    0.8494433E-02    0.8265762E-02    0.7720866E-02    0.4386104E-05   -0.1413494E-05
   -0.3259504E-05    0.1409399E-04   -0.1694388E-05   -0.5541408E-04   -0.2902330E-03   -0.8149735E-04   -0.3334883E-04    0.2208861E-01    0.1297997E-01   -0.7252250E-02    0.8491367E-01    0.3192058E-01   -0.3375479E-02   -0.1817704E-04    0.1061874E-01   -0.9957986E-01   -0.5659897E-01   -0.7064239E-01   -0.6019980E-01   -0.6946609E-04   -0.8111465E-04   -0.1205962E-03   -0.4040540E-04   -0.1260179E-03   -0.1782223E-03    0.9702486E-02    0.1370920E-01    0.2627568E-01    0.4495326E-02    0.1183775E-01    0.2337314E-01    0.7656969E-05   -0.2669253E-05
   -0.3989036E-05    0.2309685E-04   -0.3435589E-05   -0.1076109E-03   -0.9049384E-03   -0.1524106E-03   -0.6582510E-04    0.2816720E-02    0.3018065E-03   -0.2767483E-02    0.1114335E+00    0.5209547E-01    0.3992438E-01    0.3624856E-01    0.6413997E-02   -0.4017351E-01   -0.7901613E-01   -0.6867529E-01   -0.5618509E-01   -0.4747641E-04   -0.1273413E-03   -0.1435217E-03   -0.2121332E-03   -0.2240729E-03   -0.2586660E-03    0.1654324E-02    0.8494433E-02    0.4495326E-02    0.2240999E-01    0.2017761E-01    0.1393129E-01   -0.4773040E-05   -0.2315264E-05
   -0.5561011E-05    0.3016393E-04   -0.4202604E-05   -0.1359809E-03   -0.1098618E-02   -0.1945399E-03   -0.7619014E-04   -0.2816085E-02    0.9696966E-02   -0.1035806E-01    0.1728393E+00    0.6780366E-01    0.3493040E-01    0.6171551E-01    0.7817133E-02   -0.7071269E-01   -0.9622252E-01   -0.1017621E+00   -0.7462001E-01   -0.4736648E-04   -0.1409981E-03   -0.2608227E-03   -0.2013236E-03   -0.3060686E-03   -0.4379893E-03    0.2029995E-02    0.8265762E-02    0.1183775E-01    0.2017761E-01    0.3034737E-01    0.4202135E-01   -0.2605034E-05   -0.3801828E-05
   -0.8897275E-05    0.4543937E-04   -0.5155698E-05   -0.2178441E-03   -0.1400897E-02   -0.3289252E-03   -0.1087314E-03   -0.4722573E-01    0.1602341E-01   -0.2163543E-01    0.3116102E+00    0.1163616E+00    0.5616560E-01    0.1405614E+00    0.1573313E-01   -0.1467989E+00   -0.1075157E+00   -0.1029011E+00   -0.2713708E-01   -0.9688024E-04   -0.1842823E-03   -0.5007387E-03   -0.2150897E-03   -0.5325725E-03   -0.7381998E-03    0.3176600E-02    0.7720866E-02    0.2337314E-01    0.1393129E-01    0.4202135E-01    0.1042403E+00    0.4777358E-05   -0.6671309E-05
   -0.2919594E-07   -0.1007216E-06   -0.1078166E-08    0.5261884E-06    0.2914461E-05   -0.1665200E-06    0.4309378E-06    0.3956516E-03    0.1429611E-03   -0.1708781E-03   -0.1199631E-02   -0.2600771E-03   -0.9794781E-03   -0.1130260E-02    0.8272362E-04   -0.1311294E-01    0.2811951E-02    0.2514451E-02    0.2441748E-02    0.5795549E-06    0.5302625E-06    0.6372648E-06    0.1585160E-06    0.1779340E-06    0.3302194E-06    0.1420551E-05    0.4386104E-05    0.7656969E-05   -0.4773040E-05   -0.2605034E-05    0.4777358E-05    0.2300508E-05    0.4541264E-08
    0.5242860E-08   -0.5788550E-07    0.6476050E-08    0.6279782E-06    0.1762456E-05    0.1123611E-05    0.3628339E-06   -0.2793103E-02   -0.7658672E-04    0.1945647E-03   -0.3037184E-02   -0.9150184E-03    0.1622662E-02    0.5292548E-02    0.2063637E-03   -0.5255992E-04    0.1289962E-03   -0.4697840E-02   -0.8957155E-02    0.2198420E-07    0.6970118E-07    0.1124931E-06    0.2394779E-06   -0.3330052E-07   -0.1532970E-06    0.1853498E-05   -0.1413494E-05   -0.2669253E-05   -0.2315264E-05   -0.3801828E-05   -0.6671309E-05    0.4541264E-08    0.1259924E-05
