# omegabh2 omegach2 theta tau nnu ns logA aps100 aps143 aps217 acib143 acib217 asz143 psr cibr cal0 cal2 xi aksz bm_1_1
    0.12586E-06    0.10623E-06    0.28664E-07    0.77787E-05    0.48349E-04    0.35273E-05    0.15780E-04   -0.43987E-03   -0.18174E-03   -0.88142E-04   -0.16554E-03   -0.24348E-03   -0.13194E-04   -0.72220E-07   -0.43285E-05   -0.54789E-09    0.67356E-09   -0.85563E-07   -0.21882E-04   -0.19579E-04
    0.10623E-06    0.20929E-04   -0.18904E-05   -0.16263E-04    0.95380E-03    0.14784E-04    0.12607E-04    0.13676E-01    0.49959E-02    0.98250E-03    0.24269E-02    0.44265E-02    0.23074E-03   -0.99439E-06    0.11127E-03   -0.35121E-07    0.68171E-08   -0.14015E-04    0.86441E-03    0.64058E-03
    0.28664E-07   -0.18904E-05    0.48877E-06    0.32122E-05   -0.84508E-04   -0.58918E-06    0.25948E-05   -0.14406E-02   -0.36470E-03   -0.88622E-04   -0.26700E-03   -0.43091E-03   -0.25286E-04   -0.16380E-07   -0.11911E-04    0.68576E-08    0.94918E-08    0.17800E-05   -0.94457E-04   -0.60605E-04
    0.77787E-05   -0.16263E-04    0.32122E-05    0.14951E-02    0.32159E-02    0.34285E-03    0.29309E-02   -0.82317E-01    0.65881E-02    0.35555E-01   -0.28487E-01   -0.50375E-01   -0.34048E-02   -0.16852E-04   -0.10859E-02    0.97829E-08    0.23748E-06    0.17238E-03   -0.54853E-02   -0.29055E-02
    0.48349E-04    0.95380E-03   -0.84508E-04    0.32159E-02    0.72188E-01    0.27024E-02    0.84013E-02    0.47919E+00    0.20371E+00    0.35502E-01    0.91972E-01    0.18028E+00    0.10450E-01   -0.82602E-04    0.52917E-02   -0.26458E-06   -0.39843E-06   -0.97257E-03    0.40191E-01    0.24242E-01
    0.35273E-05    0.14784E-04   -0.58918E-06    0.34285E-03    0.27024E-02    0.17955E-03    0.70812E-03   -0.96328E-02    0.10385E-01    0.17672E-01   -0.69280E-02   -0.11551E-01   -0.77735E-03   -0.25747E-05   -0.22405E-03   -0.42769E-07    0.17997E-07    0.37728E-04   -0.11513E-02   -0.31220E-03
    0.15780E-04    0.12607E-04    0.25948E-05    0.29309E-02    0.84013E-02    0.70812E-03    0.58479E-02   -0.11677E+00    0.34828E-01    0.83397E-01   -0.53484E-01   -0.95391E-01   -0.69417E-02   -0.31735E-04   -0.20919E-02    0.28490E-07    0.69354E-06    0.35850E-03   -0.97430E-02   -0.40674E-02
   -0.43987E-03    0.13676E-01   -0.14406E-02   -0.82317E-01    0.47919E+00   -0.96328E-02   -0.11677E+00    0.25414E+04    0.20973E+03    0.13725E+03    0.81160E+02   -0.45834E+02   -0.26514E+02    0.44432E-01   -0.51227E+01    0.91735E-03    0.22080E-02    0.21981E+01   -0.40510E+01    0.12008E+02
   -0.18174E-03    0.49959E-02   -0.36470E-03    0.65881E-02    0.20371E+00    0.10385E-01    0.34828E-01    0.20973E+03    0.18519E+03    0.13824E+03   -0.36010E+02   -0.50668E+02   -0.57777E+01    0.41884E-01   -0.16109E+01    0.80399E-04    0.11558E-03    0.48799E+00   -0.60602E+01    0.23911E+00
   -0.88142E-04    0.98250E-03   -0.88622E-04    0.35555E-01    0.35502E-01    0.17672E-01    0.83397E-01    0.13725E+03    0.13824E+03    0.22744E+03   -0.33095E+02   -0.91427E+02   -0.50126E+01    0.52647E-01   -0.21771E+01    0.58645E-04   -0.43581E-02    0.46801E+00   -0.60320E+01    0.16743E+00
   -0.16554E-03    0.24269E-02   -0.26700E-03   -0.28487E-01    0.91972E-01   -0.69280E-02   -0.53484E-01    0.81160E+02   -0.36010E+02   -0.33095E+02    0.30042E+02    0.19034E+02   -0.52177E+00   -0.77751E-02    0.12694E+00   -0.57451E-04   -0.32268E-03    0.15978E+00   -0.12492E+00   -0.61425E+00
   -0.24348E-03    0.44265E-02   -0.43091E-03   -0.50375E-01    0.18028E+00   -0.11551E-01   -0.95391E-01   -0.45834E+02   -0.50668E+02   -0.91427E+02    0.19034E+02    0.49387E+02    0.28885E+01   -0.20720E-01    0.11867E+01   -0.18907E-04    0.23140E-02   -0.24970E+00   -0.13755E+00    0.14875E+00
   -0.13194E-04    0.23074E-03   -0.25286E-04   -0.34048E-02    0.10450E-01   -0.77735E-03   -0.69417E-02   -0.26514E+02   -0.57777E+01   -0.50126E+01   -0.52177E+00    0.28885E+01    0.71832E+00   -0.15788E-02    0.16096E+00   -0.52270E-07   -0.75778E-04   -0.56627E-01   -0.25003E-01    0.10647E+00
   -0.72220E-07   -0.99439E-06   -0.16380E-07   -0.16852E-04   -0.82602E-04   -0.25747E-05   -0.31735E-04    0.44432E-01    0.41884E-01    0.52647E-01   -0.77751E-02   -0.20720E-01   -0.15788E-02    0.18660E-03   -0.61138E-03   -0.11354E-06   -0.82138E-06    0.28823E-03   -0.19625E-02   -0.53857E-04
   -0.43285E-05    0.11127E-03   -0.11911E-04   -0.10859E-02    0.52917E-02   -0.22405E-03   -0.20919E-02   -0.51227E+01   -0.16109E+01   -0.21771E+01    0.12694E+00    0.11867E+01    0.16096E+00   -0.61138E-03    0.51925E-01   -0.12622E-05    0.30139E-04   -0.11206E-01    0.16788E-02    0.26219E-01
   -0.54789E-09   -0.35121E-07    0.68576E-08    0.97829E-08   -0.26458E-06   -0.42769E-07    0.28490E-07    0.91735E-03    0.80399E-04    0.58645E-04   -0.57451E-04   -0.18907E-04   -0.52270E-07   -0.11354E-06   -0.12622E-05    0.15206E-06    0.35375E-08   -0.94104E-06    0.49508E-05   -0.30473E-04
    0.67356E-09    0.68171E-08    0.94918E-08    0.23748E-06   -0.39843E-06    0.17997E-07    0.69354E-06    0.22080E-02    0.11558E-03   -0.43581E-02   -0.32268E-03    0.23140E-02   -0.75778E-04   -0.82138E-06    0.30139E-04    0.35375E-08    0.88337E-06    0.28459E-05    0.13193E-04    0.47629E-04
   -0.85563E-07   -0.14015E-04    0.17800E-05    0.17238E-03   -0.97257E-03    0.37728E-04    0.35850E-03    0.21981E+01    0.48799E+00    0.46801E+00    0.15978E+00   -0.24970E+00   -0.56627E-01    0.28823E-03   -0.11206E-01   -0.94104E-06    0.28459E-05    0.23463E-01    0.18364E-02   -0.95874E-02
   -0.21882E-04    0.86441E-03   -0.94457E-04   -0.54853E-02    0.40191E-01   -0.11513E-02   -0.97430E-02   -0.40510E+01   -0.60602E+01   -0.60320E+01   -0.12492E+00   -0.13755E+00   -0.25003E-01   -0.19625E-02    0.16788E-02    0.49508E-05    0.13193E-04    0.18364E-02    0.20134E+01    0.44162E-01
   -0.19579E-04    0.64058E-03   -0.60605E-04   -0.29055E-02    0.24242E-01   -0.31220E-03   -0.40674E-02    0.12008E+02    0.23911E+00    0.16743E+00   -0.61425E+00    0.14875E+00    0.10647E+00   -0.53857E-04    0.26219E-01   -0.30473E-04    0.47629E-04   -0.95874E-02    0.44162E-01    0.64548E+00
