# omegabh2 omegach2 theta tau logA ns calPlanck acib217 xi asz143 aps100 aps143 aps143217 aps217 aksz kgal100 kgal143 kgal143217 kgal217 galfEE100 galfEE100143 galfEE100217 galfEE143 galfEE143217 galfEE217 galfTE100 galfTE100143 galfTE100217 galfTE143 galfTE143217 galfTE217 cal0 cal2
    0.2261605E-07   -0.1234993E-06    0.1827947E-07    0.8359174E-06    0.1470857E-05    0.3243786E-06    0.6206079E-08   -0.8643377E-04    0.1609798E-05    0.3143677E-04   -0.3899730E-03   -0.2068478E-03   -0.1524303E-04    0.4068985E-04   -0.5287293E-04    0.5478077E-06   -0.9538770E-05   -0.1430750E-04   -0.7571733E-06    0.4791763E-07    0.1368508E-07   -0.3076217E-07    0.1724092E-07   -0.4995768E-07   -0.6141454E-07   -0.3089149E-06   -0.1354422E-06    0.1637622E-06   -0.1586880E-06   -0.3142486E-06   -0.9889920E-06    0.7664440E-08   -0.8980761E-08
   -0.1234993E-06    0.1744837E-05   -0.1520644E-06   -0.1148374E-04   -0.1873890E-04   -0.4470858E-05    0.1013775E-06    0.4834655E-03    0.9751025E-06   -0.2231066E-03    0.2706345E-02    0.1349098E-02    0.3019383E-03   -0.1617218E-03    0.3916023E-03   -0.2354227E-04    0.5046610E-04    0.5583291E-05   -0.5269409E-04   -0.1037294E-05   -0.3141755E-06    0.4726796E-06   -0.2952473E-06    0.5935050E-06    0.1157114E-05    0.2267371E-05    0.8129189E-06   -0.2788904E-05    0.7879551E-06    0.2263396E-05    0.1190308E-04   -0.2851137E-07    0.4455983E-07
    0.1827947E-07   -0.1520644E-06    0.9090085E-07    0.1536456E-05    0.2862778E-05    0.4779263E-06    0.1956090E-07   -0.8867188E-04    0.7677524E-06    0.1159761E-04   -0.1071440E-03   -0.8389324E-04   -0.1890773E-04    0.6467140E-04   -0.3368614E-04   -0.1058495E-04   -0.1950955E-04   -0.1552050E-05    0.4656626E-04   -0.1175725E-08   -0.1101898E-07   -0.1083062E-06   -0.1632706E-07   -0.9245671E-07   -0.5325192E-06   -0.8928115E-06   -0.2918695E-06    0.7902241E-06   -0.4086776E-07   -0.4683932E-06   -0.1067344E-05    0.5793395E-08   -0.5235691E-08
    0.8359174E-06   -0.1148374E-04    0.1536456E-05    0.1787129E-03    0.3181726E-03    0.3500258E-04   -0.5302556E-05   -0.6056325E-02   -0.4618576E-04    0.2250998E-02   -0.2832758E-01   -0.1427852E-01   -0.3861878E-02    0.1563745E-02   -0.3379527E-02   -0.1011023E-03   -0.3952288E-03   -0.8862914E-03   -0.4970370E-03    0.6822536E-05    0.2043030E-05   -0.2535171E-05    0.2185567E-05   -0.6038075E-05   -0.1856022E-04   -0.1240426E-04   -0.7010271E-05    0.4057997E-04   -0.8098690E-05   -0.1051061E-04   -0.7501765E-04    0.1408242E-06   -0.6821914E-06
    0.1470857E-05   -0.1873890E-04    0.2862778E-05    0.3181726E-03    0.5970883E-03    0.5803615E-04    0.2344565E-05   -0.1171417E-01   -0.1744349E-04    0.4006765E-02   -0.4651949E-01   -0.2385110E-01   -0.3670954E-02    0.9111168E-02   -0.6715742E-02   -0.2901844E-03   -0.9313870E-03   -0.2081848E-02    0.8084676E-03    0.1207850E-04    0.3654566E-05   -0.4612938E-05    0.4821551E-05   -0.9810027E-05   -0.3581075E-04   -0.2079517E-04   -0.1121602E-04    0.6583496E-04   -0.1165752E-04   -0.2462504E-04   -0.1277861E-03    0.4876798E-06   -0.1501196E-05
    0.3243786E-06   -0.4470858E-05    0.4779263E-06    0.3500258E-04    0.5803615E-04    0.2068780E-04    0.2653812E-07   -0.5976807E-02    0.1066399E-03    0.1602113E-02   -0.2612592E-01   -0.7083181E-02    0.3517631E-02    0.7750971E-02   -0.3263265E-02    0.1363071E-03   -0.3649587E-03   -0.1729807E-03    0.1328640E-02    0.5833484E-05    0.1720252E-05   -0.8698894E-06    0.1842641E-05   -0.8992776E-06   -0.7595184E-05   -0.1835572E-05    0.7598873E-06    0.6476047E-05   -0.1150438E-05   -0.5962479E-05   -0.4725499E-04   -0.7932498E-08   -0.4626156E-06
    0.6206079E-08    0.1013775E-06    0.1956090E-07   -0.5302556E-05    0.2344565E-05    0.2653812E-07    0.6290806E-05    0.4872595E-03    0.1636406E-04    0.3562867E-05    0.2561697E-02    0.3911316E-03    0.5374385E-03    0.1366694E-02   -0.6421906E-05    0.8911071E-04    0.1391449E-03    0.1302005E-03    0.9855160E-03    0.1211041E-05    0.4437672E-06   -0.2965523E-06    0.7993442E-06    0.9229641E-06   -0.1155416E-05    0.1395862E-05    0.1062926E-05   -0.1516604E-05    0.9923419E-06   -0.4353079E-05   -0.3337261E-05    0.1875749E-07   -0.7310471E-07
   -0.8643377E-04    0.4834655E-03   -0.8867188E-04   -0.6056325E-02   -0.1171417E-01   -0.5976807E-02    0.4872595E-03    0.4906077E+02   -0.4570761E+00   -0.1150567E+01    0.3812661E+02   -0.7165610E+00   -0.2055559E+02   -0.6707499E+02   -0.2372138E-02   -0.2870514E+00    0.3640296E+00   -0.2851949E+01   -0.2525865E+02   -0.2187258E-02   -0.3157862E-03   -0.2570585E-03   -0.5268467E-04    0.2758059E-03   -0.3187870E-02    0.3120270E-02    0.6477847E-03   -0.2744212E-02   -0.6381230E-02   -0.1096141E-01    0.4401219E-02   -0.1773497E-03    0.4348343E-02
    0.1609798E-05    0.9751025E-06    0.7677524E-06   -0.4618576E-04   -0.1744349E-04    0.1066399E-03    0.1636406E-04   -0.4570761E+00    0.8055102E-01   -0.7356193E-01   -0.2922831E+00    0.1016953E+01    0.1791939E+01    0.7225998E+00    0.7095888E-01   -0.7612928E-02    0.5690182E-02    0.9365936E-01    0.1071060E+00    0.8061183E-04    0.1867698E-04    0.1338018E-04   -0.6260009E-05    0.4440401E-04   -0.1700782E-03    0.1599053E-03    0.9812434E-04   -0.8201182E-04    0.1207401E-03    0.2279004E-03   -0.8334093E-04    0.7600834E-05   -0.1261276E-04
    0.3143677E-04   -0.2231066E-03    0.1159761E-04    0.2250998E-02    0.4006765E-02    0.1602113E-02    0.3562867E-05   -0.1150567E+01   -0.7356193E-01    0.3696219E+01   -0.2782144E+02   -0.3923995E+01    0.7227704E+01    0.6182063E+01   -0.2693326E+01   -0.2671135E+00    0.9972115E-01    0.2145614E+01    0.1329849E+01    0.2165042E-03    0.1777073E-03    0.3691196E-03    0.2897945E-03    0.2333171E-03    0.5015482E-03    0.3782684E-02    0.1445674E-02    0.1856690E-02    0.1923006E-04    0.2213363E-03   -0.1437829E-02    0.1917618E-03   -0.3919628E-03
   -0.3899730E-03    0.2706345E-02   -0.1071440E-03   -0.2832758E-01   -0.4651949E-01   -0.2612592E-01    0.2561697E-02    0.3812661E+02   -0.2922831E+00   -0.2782144E+02    0.6944342E+03    0.6550591E+02   -0.5189234E+02   -0.6612552E+02    0.1203577E+02    0.1869828E+00   -0.1715767E+00   -0.1076395E+02   -0.1351563E+02    0.2251376E-02   -0.2405945E-02   -0.4112061E-02   -0.2042111E-03    0.4015395E-02    0.1976846E-01    0.1087266E-01   -0.5008669E-02    0.4742801E-01    0.1870521E-02    0.1338831E-01    0.1222612E+00    0.4371755E-02    0.4944457E-02
   -0.2068478E-03    0.1349098E-02   -0.8389324E-04   -0.1427852E-01   -0.2385110E-01   -0.7083181E-02    0.3911316E-03   -0.7165610E+00    0.1016953E+01   -0.3923995E+01    0.6550591E+02    0.5850383E+02    0.4271799E+02    0.1843845E+02   -0.4897425E+01   -0.4500282E+00   -0.9900521E+00    0.3573659E+01    0.4533330E+01    0.8589140E-03   -0.1208096E-03   -0.7282624E-03    0.1099287E-04    0.1006743E-02    0.1549744E-02    0.1180324E-01    0.7720919E-02    0.4447964E-02    0.3309696E-02    0.6489340E-02    0.4795011E-01    0.5101598E-04    0.2892503E-03
   -0.1524303E-04    0.3019383E-03   -0.1890773E-04   -0.3861878E-02   -0.3670954E-02    0.3517631E-02    0.5374385E-03   -0.2055559E+02    0.1791939E+01    0.7227704E+01   -0.5189234E+02    0.4271799E+02    0.9251883E+02    0.6539650E+02   -0.1218415E+02   -0.1045310E+01   -0.2966988E+00    0.3501179E+01    0.4095614E+01    0.3375850E-02    0.6092010E-03    0.1190114E-02    0.1103733E-02    0.1520131E-02   -0.4565409E-02    0.2300203E-01    0.8713520E-02    0.1693946E-01    0.2564786E-02    0.1172836E-01    0.2675374E-01    0.7147718E-03   -0.2575303E-02
    0.4068985E-04   -0.1617218E-03    0.6467140E-04    0.1563745E-02    0.9111168E-02    0.7750971E-02    0.1366694E-02   -0.6707499E+02    0.7225998E+00    0.6182063E+01   -0.6612552E+02    0.1843845E+02    0.6539650E+02    0.1277579E+03   -0.1034279E+02   -0.3671702E+00   -0.5586736E+00    0.1093901E+00    0.2186677E+02    0.3903153E-02    0.3088423E-03    0.1083621E-02    0.7897603E-03   -0.3215995E-03    0.1009388E-02    0.5703375E-02    0.5092998E-02    0.1152541E-01    0.1012427E-01    0.1882530E-01   -0.2652021E-02    0.5950047E-03   -0.7707366E-02
   -0.5287293E-04    0.3916023E-03   -0.3368614E-04   -0.3379527E-02   -0.6715742E-02   -0.3263265E-02   -0.6421906E-05   -0.2372138E-02    0.7095888E-01   -0.2693326E+01    0.1203577E+02   -0.4897425E+01   -0.1218415E+02   -0.1034279E+02    0.6216679E+01    0.2585279E+00   -0.3268282E-01   -0.1796408E+01   -0.1023401E+01   -0.6191758E-03   -0.2159358E-03   -0.2242763E-03   -0.6331187E-03   -0.2089097E-03    0.5528116E-03   -0.5997557E-02   -0.3211045E-02   -0.2733858E-02   -0.8472351E-04    0.7926345E-03    0.5930392E-03   -0.1379110E-03    0.1739655E-03
    0.5478077E-06   -0.2354227E-04   -0.1058495E-04   -0.1011023E-03   -0.2901844E-03    0.1363071E-03    0.8911071E-04   -0.2870514E+00   -0.7612928E-02   -0.2671135E+00    0.1869828E+00   -0.4500282E+00   -0.1045310E+01   -0.3671702E+00    0.2585279E+00    0.3105080E+01    0.7162001E+00    0.2996024E+00    0.7213254E+00   -0.2226787E-03    0.8852351E-04   -0.8577578E-03    0.1447796E-03    0.1382093E-03   -0.7777349E-03   -0.4274083E-03    0.1451896E-02   -0.2433490E-02    0.1468478E-03   -0.2148724E-02   -0.5702817E-02    0.4356851E-03    0.9874547E-05
   -0.9538770E-05    0.5046610E-04   -0.1950955E-04   -0.3952288E-03   -0.9313870E-03   -0.3649587E-03    0.1391449E-03    0.3640296E+00    0.5690182E-02    0.9972115E-01   -0.1715767E+00   -0.9900521E+00   -0.2966988E+00   -0.5586736E+00   -0.3268282E-01    0.7162001E+00    0.3084007E+01    0.2276062E+01    0.1101123E+01   -0.6458396E-04    0.1858938E-03   -0.1671591E-03   -0.2522253E-03    0.1154501E-02    0.9394854E-03    0.4261064E-03   -0.6231309E-03   -0.4799311E-02    0.3106777E-03   -0.7962249E-04   -0.1488653E-02   -0.4095684E-03   -0.2561503E-03
   -0.1430750E-04    0.5583291E-05   -0.1552050E-05   -0.8862914E-03   -0.2081848E-02   -0.1729807E-03    0.1302005E-03   -0.2851949E+01    0.9365936E-01    0.2145614E+01   -0.1076395E+02    0.3573659E+01    0.3501179E+01    0.1093901E+00   -0.1796408E+01    0.2996024E+00    0.2276062E+01    0.1737928E+02    0.2659141E+02   -0.6320153E-04    0.4309387E-03    0.2551186E-03   -0.1009671E-03    0.2103310E-02    0.6011546E-02    0.6548701E-02    0.4081544E-02    0.9141992E-03    0.3399099E-02   -0.2731613E-02    0.8523000E-02   -0.1289441E-03    0.2499452E-02
   -0.7571733E-06   -0.5269409E-04    0.4656626E-04   -0.4970370E-03    0.8084676E-03    0.1328640E-02    0.9855160E-03   -0.2525865E+02    0.1071060E+00    0.1329849E+01   -0.1351563E+02    0.4533330E+01    0.4095614E+01    0.2186677E+02   -0.1023401E+01    0.7213254E+00    0.1101123E+01    0.2659141E+02    0.6132355E+02    0.1023585E-02    0.4664018E-03   -0.2625920E-05   -0.1774277E-03    0.3063323E-02    0.1053983E-01    0.6288113E-02    0.4210734E-02    0.1556396E-01    0.6148795E-02   -0.1417408E-02    0.1774266E-01   -0.9983809E-04    0.4421990E-02
    0.4791763E-07   -0.1037294E-05   -0.1175725E-08    0.6822536E-05    0.1207850E-04    0.5833484E-05    0.1211041E-05   -0.2187258E-02    0.8061183E-04    0.2165042E-03    0.2251376E-02    0.8589140E-03    0.3375850E-02    0.3903153E-02   -0.6191758E-03   -0.2226787E-03   -0.6458396E-04   -0.6320153E-04    0.1023585E-02    0.1213157E-03    0.1007651E-04    0.1061151E-05    0.2248683E-05    0.5035837E-05   -0.5673643E-05   -0.1107243E-04    0.1853016E-05   -0.2466666E-04    0.6478095E-05   -0.2525476E-04   -0.3702279E-04   -0.7398590E-07   -0.1624933E-06
    0.1368508E-07   -0.3141755E-06   -0.1101898E-07    0.2043030E-05    0.3654566E-05    0.1720252E-05    0.4437672E-06   -0.3157862E-03    0.1867698E-04    0.1777073E-03   -0.2405945E-02   -0.1208096E-03    0.6092010E-03    0.3088423E-03   -0.2159358E-03    0.8852351E-04    0.1858938E-03    0.4309387E-03    0.4664018E-03    0.1007651E-04    0.1395199E-04    0.1082447E-05    0.6276647E-05    0.1441900E-05   -0.8034859E-06    0.7746174E-06    0.1825994E-05   -0.2378263E-05   -0.6413119E-06    0.5558054E-07    0.1252071E-05   -0.8040853E-07   -0.4343529E-07
   -0.3076217E-07    0.4726796E-06   -0.1083062E-06   -0.2535171E-05   -0.4612938E-05   -0.8698894E-06   -0.2965523E-06   -0.2570585E-03    0.1338018E-04    0.3691196E-03   -0.4112061E-02   -0.7282624E-03    0.1190114E-02    0.1083621E-02   -0.2242763E-03   -0.8577578E-03   -0.1671591E-03    0.2551186E-03   -0.2625920E-05    0.1061151E-05    0.1082447E-05    0.2262613E-03   -0.1934308E-05   -0.7697874E-06    0.6517219E-05    0.2222191E-04    0.1095237E-04    0.2380919E-04    0.1000447E-04    0.1679343E-04    0.2115231E-04   -0.2509978E-07   -0.2415723E-06
    0.1724092E-07   -0.2952473E-06   -0.1632706E-07    0.2185567E-05    0.4821551E-05    0.1842641E-05    0.7993442E-06   -0.5268467E-04   -0.6260009E-05    0.2897945E-03   -0.2042111E-03    0.1099287E-04    0.1103733E-02    0.7897603E-03   -0.6331187E-03    0.1447796E-03   -0.2522253E-03   -0.1009671E-03   -0.1774277E-03    0.2248683E-05    0.6276647E-05   -0.1934308E-05    0.3067542E-04   -0.1164928E-05    0.4593411E-05    0.5986177E-05    0.1897415E-05    0.7142142E-05   -0.4201861E-05   -0.8187891E-05   -0.5636778E-05    0.6879189E-07   -0.6920624E-07
   -0.4995768E-07    0.5935050E-06   -0.9245671E-07   -0.6038075E-05   -0.9810027E-05   -0.8992776E-06    0.9229641E-06    0.2758059E-03    0.4440401E-04    0.2333171E-03    0.4015395E-02    0.1006743E-02    0.1520131E-02   -0.3215995E-03   -0.2089097E-03    0.1382093E-03    0.1154501E-02    0.2103310E-02    0.3063323E-02    0.5035837E-05    0.1441900E-05   -0.7697874E-06   -0.1164928E-05    0.4016989E-03    0.2820026E-04    0.1002005E-07   -0.4547394E-05   -0.7382555E-04   -0.1080416E-04    0.3359887E-04   -0.6503174E-04   -0.1185542E-06    0.1099174E-06
   -0.6141454E-07    0.1157114E-05   -0.5325192E-06   -0.1856022E-04   -0.3581075E-04   -0.7595184E-05   -0.1155416E-05   -0.3187870E-02   -0.1700782E-03    0.5015482E-03    0.1976846E-01    0.1549744E-02   -0.4565409E-02    0.1009388E-02    0.5528116E-03   -0.7777349E-03    0.9394854E-03    0.6011546E-02    0.1053983E-01   -0.5673643E-05   -0.8034859E-06    0.6517219E-05    0.4593411E-05    0.2820026E-04    0.3554890E-02   -0.9584226E-04   -0.8422795E-04   -0.1547602E-03   -0.3467640E-04   -0.4720955E-04    0.1407866E-03    0.8331616E-07    0.9765802E-06
   -0.3089149E-06    0.2267371E-05   -0.8928115E-06   -0.1240426E-04   -0.2079517E-04   -0.1835572E-05    0.1395862E-05    0.3120270E-02    0.1599053E-03    0.3782684E-02    0.1087266E-01    0.1180324E-01    0.2300203E-01    0.5703375E-02   -0.5997557E-02   -0.4274083E-03    0.4261064E-03    0.6548701E-02    0.6288113E-02   -0.1107243E-04    0.7746174E-06    0.2222191E-04    0.5986177E-05    0.1002005E-07   -0.9584226E-04    0.5825663E-02    0.1834542E-02    0.2034257E-02   -0.7692946E-03   -0.2119260E-03    0.2492536E-03    0.3105085E-05    0.7519321E-06
   -0.1354422E-06    0.8129189E-06   -0.2918695E-06   -0.7010271E-05   -0.1121602E-04    0.7598873E-06    0.1062926E-05    0.6477847E-03    0.9812434E-04    0.1445674E-02   -0.5008669E-02    0.7720919E-02    0.8713520E-02    0.5092998E-02   -0.3211045E-02    0.1451896E-02   -0.6231309E-03    0.4081544E-02    0.4210734E-02    0.1853016E-05    0.1825994E-05    0.1095237E-04    0.1897415E-05   -0.4547394E-05   -0.8422795E-04    0.1834542E-02    0.1238856E-02    0.9673479E-03    0.1788785E-03   -0.2877445E-04   -0.7466332E-04    0.2408962E-06    0.4680453E-06
    0.1637622E-06   -0.2788904E-05    0.7902241E-06    0.4057997E-04    0.6583496E-04    0.6476047E-05   -0.1516604E-05   -0.2744212E-02   -0.8201182E-04    0.1856690E-02    0.4742801E-01    0.4447964E-02    0.1693946E-01    0.1152541E-01   -0.2733858E-02   -0.2433490E-02   -0.4799311E-02    0.9141992E-03    0.1556396E-01   -0.2466666E-04   -0.2378263E-05    0.2380919E-04    0.7142142E-05   -0.7382555E-04   -0.1547602E-03    0.2034257E-02    0.9673479E-03    0.3333740E-01   -0.6187231E-03    0.1293122E-02    0.1115952E-01    0.7904930E-06    0.4021567E-05
   -0.1586880E-06    0.7879551E-06   -0.4086776E-07   -0.8098690E-05   -0.1165752E-04   -0.1150438E-05    0.9923419E-06   -0.6381230E-02    0.1207401E-03    0.1923006E-04    0.1870521E-02    0.3309696E-02    0.2564786E-02    0.1012427E-01   -0.8472351E-04    0.1468478E-03    0.3106777E-03    0.3399099E-02    0.6148795E-02    0.6478095E-05   -0.6413119E-06    0.1000447E-04   -0.4201861E-05   -0.1080416E-04   -0.3467640E-04   -0.7692946E-03    0.1788785E-03   -0.6187231E-03    0.1411267E-02    0.2466920E-03   -0.2655868E-03   -0.1511567E-06   -0.2745072E-06
   -0.3142486E-06    0.2263396E-05   -0.4683932E-06   -0.1051061E-04   -0.2462504E-04   -0.5962479E-05   -0.4353079E-05   -0.1096141E-01    0.2279004E-03    0.2213363E-03    0.1338831E-01    0.6489340E-02    0.1172836E-01    0.1882530E-01    0.7926345E-03   -0.2148724E-02   -0.7962249E-04   -0.2731613E-02   -0.1417408E-02   -0.2525476E-04    0.5558054E-07    0.1679343E-04   -0.8187891E-05    0.3359887E-04   -0.4720955E-04   -0.2119260E-03   -0.2877445E-04    0.1293122E-02    0.2466920E-03    0.5024303E-02    0.3902820E-02   -0.3341772E-06   -0.1605505E-05
   -0.9889920E-06    0.1190308E-04   -0.1067344E-05   -0.7501765E-04   -0.1277861E-03   -0.4725499E-04   -0.3337261E-05    0.4401219E-02   -0.8334093E-04   -0.1437829E-02    0.1222612E+00    0.4795011E-01    0.2675374E-01   -0.2652021E-02    0.5930392E-03   -0.5702817E-02   -0.1488653E-02    0.8523000E-02    0.1774266E-01   -0.3702279E-04    0.1252071E-05    0.2115231E-04   -0.5636778E-05   -0.6503174E-04    0.1407866E-03    0.2492536E-03   -0.7466332E-04    0.1115952E-01   -0.2655868E-03    0.3902820E-02    0.3679142E-01    0.2078168E-05    0.1205863E-05
    0.7664440E-08   -0.2851137E-07    0.5793395E-08    0.1408242E-06    0.4876798E-06   -0.7932498E-08    0.1875749E-07   -0.1773497E-03    0.7600834E-05    0.1917618E-03    0.4371755E-02    0.5101598E-04    0.7147718E-03    0.5950047E-03   -0.1379110E-03    0.4356851E-03   -0.4095684E-03   -0.1289441E-03   -0.9983809E-04   -0.7398590E-07   -0.8040853E-07   -0.2509978E-07    0.6879189E-07   -0.1185542E-06    0.8331616E-07    0.3105085E-05    0.2408962E-06    0.7904930E-06   -0.1511567E-06   -0.3341772E-06    0.2078168E-05    0.5275454E-06    0.5663824E-08
   -0.8980761E-08    0.4455983E-07   -0.5235691E-08   -0.6821914E-06   -0.1501196E-05   -0.4626156E-06   -0.7310471E-07    0.4348343E-02   -0.1261276E-04   -0.3919628E-03    0.4944457E-02    0.2892503E-03   -0.2575303E-02   -0.7707366E-02    0.1739655E-03    0.9874547E-05   -0.2561503E-03    0.2499452E-02    0.4421990E-02   -0.1624933E-06   -0.4343529E-07   -0.2415723E-06   -0.6920624E-07    0.1099174E-06    0.9765802E-06    0.7519321E-06    0.4680453E-06    0.4021567E-05   -0.2745072E-06   -0.1605505E-05    0.1205863E-05    0.5663824E-08    0.2082478E-05
