# omegabh2 omegach2 theta tau nnu logA ns calPlanck calEE
    0.4006828E-05    0.2478747E-04   -0.3637472E-05    0.1180999E-04    0.2070624E-02    0.9333723E-04    0.5384337E-04    0.5275240E-07    0.2259318E-05
    0.2478747E-04    0.3151648E-03   -0.3878902E-04    0.9366529E-04    0.2139203E-01    0.8372724E-03    0.4293706E-03    0.7492655E-07    0.1826428E-04
   -0.3637472E-05   -0.3878902E-04    0.5696241E-05   -0.1296671E-04   -0.2743477E-02   -0.1156681E-03   -0.5932743E-04   -0.3068489E-07   -0.2541370E-05
    0.1180999E-04    0.9366529E-04   -0.1296671E-04    0.4847632E-03    0.7569773E-02    0.1171798E-02    0.2165540E-03   -0.3258070E-07   -0.5579062E-05
    0.2070624E-02    0.2139203E-01   -0.2743477E-02    0.7569773E-02    0.1541786E+01    0.6191630E-01    0.3359169E-01    0.1589813E-04    0.1461162E-02
    0.9333723E-04    0.8372724E-03   -0.1156681E-03    0.1171798E-02    0.6191630E-01    0.4502968E-02    0.1496968E-02    0.1357760E-04    0.1324167E-03
    0.5384337E-04    0.4293706E-03   -0.5932743E-04    0.2165540E-03    0.3359169E-01    0.1496968E-02    0.8739968E-03    0.8681487E-06    0.4315956E-04
    0.5275240E-07    0.7492655E-07   -0.3068489E-07   -0.3258070E-07    0.1589813E-04    0.1357760E-04    0.8681487E-06    0.6320168E-05    0.1386121E-06
    0.2259318E-05    0.1826428E-04   -0.2541370E-05   -0.5579062E-05    0.1461162E-02    0.1324167E-03    0.4315956E-04    0.1386121E-06    0.1010427E-03
