# omegabh2 omegach2 theta tau logA ns nrun r calPlanck BBdust BBsync BBalphadust BBbetadust BBalphasync BBbetasync BBdustsynccorr aps100 aps143 aps217 acib217 asz143 psr cibr xi aksz dust100 dust143 dust217 dust143x217 cal0 cal2
  5.4570125E-08  -2.0896737E-07   4.4478751E-08   6.2639040E-07   1.0778163E-06   5.3025502E-07  -6.5070994E-07   4.7310366E-07   3.1139845E-08  -5.3929997E-07  -1.0607973E-06   1.5348153E-06  -2.7404974E-07   4.9245406E-08  -4.5972693E-07  -3.2897259E-07  -2.7078801E-04  -3.4465266E-04  -6.1461379E-05  -9.6787928E-05   1.7405343E-05  -3.2046160E-07  -1.0756771E-06  -1.7915145E-07  -1.2684569E-05   8.0489593E-07   6.0521548E-08   7.8958431E-07   1.4638346E-07   8.7355148E-09  -3.7342143E-09
 -2.0896737E-07   4.2832789E-06  -4.2128734E-07  -4.2452139E-06   1.4221155E-06  -9.7236939E-06  -1.4756520E-06  -4.6026018E-06  -3.0182113E-07   9.8850085E-07   4.0512605E-07  -2.6270970E-05   7.2993635E-06  -7.4174516E-07   9.7796322E-08  -9.7887708E-06   1.2455952E-03   2.0783174E-03   2.1491906E-04   6.3395688E-04  -7.9022566E-05  -6.6440993E-07   1.2826039E-05  -9.8424548E-07   7.9557364E-05  -3.6198948E-06   2.8951755E-06  -3.9188374E-06  -7.9062392E-08  -6.2674927E-08   3.7288755E-08
  4.4478751E-08  -4.2128734E-07   2.2866352E-07   6.6704276E-07   6.6049953E-07   1.2034469E-06  -7.7290081E-08   4.9548045E-07   5.3257609E-08  -2.4012813E-06  -2.4883298E-06   3.1271671E-06  -3.1602644E-07  -1.8769894E-07  -5.4915659E-08   8.0164425E-07  -4.5806568E-05  -1.7063432E-04  -1.3432185E-04  -7.2044126E-06   9.7823330E-06  -6.7685545E-07   4.1739831E-07  -8.5472062E-09  -1.8671085E-06   1.0914922E-06  -4.7892486E-07   4.7448419E-07   1.7085196E-07   9.0482911E-09   7.2223671E-09
  6.2639040E-07  -4.2452139E-06   6.6704276E-07   7.1525799E-05   1.3662181E-04   1.1196866E-05  -1.5288645E-05   2.3457177E-06  -7.7572619E-08  -2.5716664E-07   2.7450262E-05  -2.1230760E-05   1.1101313E-05   1.3108929E-05  -1.2206434E-05  -6.1727624E-06  -2.8990086E-03  -3.5533262E-03  -6.8456343E-04  -1.0772983E-03   3.5472224E-05  -1.6021398E-06  -3.4712656E-05   3.2075940E-06  -4.0822315E-05   7.7274654E-06  -5.4361190E-06   6.4203329E-06   1.0491855E-05   1.1768832E-07  -5.0182600E-08
  1.0778163E-06   1.4221155E-06   6.6049953E-07   1.3662181E-04   3.1605250E-04  -3.3918795E-06  -4.6898089E-05  -6.2227824E-06   1.1789480E-05  -3.7191008E-05   1.7486334E-05  -1.2539962E-04   4.5735413E-05   1.9909832E-05  -1.9400901E-05  -5.4466267E-05   9.7399627E-03   2.4085425E-03   4.4728542E-03   2.0413920E-04  -3.7754067E-04  -5.8790727E-07  -5.2575574E-05   3.0225439E-05  -2.7116576E-04  -1.1774452E-06  -8.9872066E-05   1.5017017E-05   8.3885007E-07   7.9702204E-07   7.3159054E-08
  5.3025502E-07  -9.7236939E-06   1.2034469E-06   1.1196866E-05  -3.3918795E-06   3.4950968E-05   1.1524326E-05   1.1920157E-05   8.1460146E-07  -1.3857139E-05  -2.0880612E-06   6.6247559E-05  -1.8144383E-05  -3.8032847E-06  -1.1725667E-06   2.1428603E-05  -3.2399738E-02  -1.4590489E-02   1.1053545E-02  -9.6029003E-03   9.0588724E-04   7.8243917E-05  -1.7408530E-04   8.0066886E-05  -2.6557115E-03   2.5740236E-05  -4.3927076E-05   4.8606871E-05  -6.6216801E-06  -2.3310335E-07  -5.8691881E-07
 -6.5070994E-07  -1.4756520E-06  -7.7290081E-08  -1.5288645E-05  -4.6898089E-05   1.1524326E-05   5.8067110E-05  -1.9017677E-05   2.9147793E-07   5.1413263E-05   7.0497527E-05   1.6560641E-05  -2.2520515E-05   1.4561012E-06   1.6212565E-07   4.3132328E-05  -3.7230548E-02  -1.6121211E-02   1.4358671E-02  -1.1547383E-02   1.2015691E-03   9.7848258E-05  -2.0583939E-04   8.7968609E-05  -3.0018800E-03  -4.4488569E-05  -6.5459434E-05   4.7171236E-05  -2.3714828E-05  -2.1952381E-07  -9.5366311E-07
  4.7310366E-07  -4.6026018E-06   4.9548045E-07   2.3457177E-06  -6.2227824E-06   1.1920157E-05  -1.9017677E-05   3.6100404E-04  -1.1512631E-06  -6.3377113E-04  -9.0327444E-04  -6.8579402E-05   2.7600927E-04  -1.3094702E-05  -7.9268414E-05  -8.3526804E-04   7.0947988E-03   2.2807398E-03  -2.6726222E-03   1.3432514E-03   3.0961846E-05  -1.6725824E-05   1.0074956E-05  -2.5843144E-05   2.9834231E-04  -6.0480251E-07   7.3108690E-06  -9.0637000E-07   3.3422314E-05   3.8149386E-08   4.3112918E-08
  3.1139845E-08  -3.0182113E-07   5.3257609E-08  -7.7572619E-08   1.1789480E-05   8.1460146E-07   2.9147793E-07  -1.1512631E-06   6.2808772E-06  -1.2170277E-05  -1.2573312E-05  -7.3126968E-06   8.4348112E-07  -2.1947293E-06   1.6009145E-06  -4.5396235E-06   2.8355208E-03   2.9406840E-04   1.5251266E-03   4.2016531E-04  -3.8517037E-05  -8.7968399E-07  -2.8200225E-06   2.0607308E-06  -5.1337635E-05   9.4583106E-07  -1.3497198E-06   4.9992969E-06  -5.5768411E-06  -9.2000448E-09  -5.8849361E-08
 -5.3929997E-07   9.8850085E-07  -2.4012813E-06  -2.5716664E-07  -3.7191008E-05  -1.3857139E-05   5.1413263E-05  -6.3377113E-04  -1.2170277E-05   1.0630815E+00   2.1804337E-02  -1.1831961E-01   4.4358117E-02  -2.4334744E-03   4.6058324E-03  -9.7041111E-03  -2.6990198E-02  -3.0274652E-02  -9.3847254E-03   1.6032384E-02   9.6681398E-03   2.2203385E-04   5.0432621E-04  -1.0270570E-03  -1.0092278E-02  -3.4425787E-04   2.0587465E-04  -6.1505624E-05   1.6219079E-04   3.1238535E-07   5.8388094E-07
 -1.0607973E-06   4.0512605E-07  -2.4883298E-06   2.7450262E-05   1.7486334E-05  -2.0880612E-06   7.0497527E-05  -9.0327444E-04  -1.2573312E-05   2.1804337E-02   1.1376677E+00  -3.1033665E-03  -1.6506128E-03   1.9233830E-02  -4.2433579E-02   4.3622134E-02  -2.0117068E-01  -2.9566063E-02   3.8846254E-02  -2.1058195E-02   1.6798299E-03  -7.7073606E-05  -1.2958908E-04   4.1490536E-04  -5.7055255E-03  -7.0782651E-04  -3.4777127E-05  -5.4728354E-04  -1.0260579E-03  -3.1073082E-06  -5.3478531E-06
  1.5348153E-06  -2.6270970E-05   3.1271671E-06  -2.1230760E-05  -1.2539962E-04   6.6247559E-05   1.6560641E-05  -6.8579402E-05  -7.3126968E-06  -1.1831961E-01  -3.1033665E-03   5.9749974E-02  -6.8539583E-04   1.2034558E-03   7.4778874E-05   3.1441284E-04  -2.7725974E-02  -1.6435810E-02   4.8630546E-03  -1.0945478E-02   1.2233407E-03  -5.6799200E-05   1.4070023E-05   2.3871968E-04   2.2530424E-03   5.9991944E-05  -1.8726074E-05   3.7594176E-05  -6.4097314E-05   3.4937093E-07  -9.2654818E-07
 -2.7404974E-07   7.2993635E-06  -3.1602644E-07   1.1101313E-05   4.5735413E-05  -1.8144383E-05  -2.2520515E-05   2.7600927E-04   8.4348112E-07   4.4358117E-02  -1.6506128E-03  -6.8539583E-04   9.1811720E-03  -2.0417149E-04  -1.4315249E-03   9.8785793E-04   1.2502455E-02   1.2392924E-02  -1.1730443E-03   6.9720639E-03   1.2077384E-03  -6.4398710E-05   2.6654209E-04  -1.8465381E-04  -1.2976573E-03  -4.2415110E-06  -2.7320258E-05   4.5023894E-07  -4.9608045E-05   6.7884403E-07   1.0882393E-06
  4.9245406E-08  -7.4174516E-07  -1.8769894E-07   1.3108929E-05   1.9909832E-05  -3.8032847E-06   1.4561012E-06  -1.3094702E-05  -2.1947293E-06  -2.4334744E-03   1.9233830E-02   1.2034558E-03  -2.0417149E-04   8.1990783E-02  -2.7712582E-05   6.1108137E-04   6.5178319E-02   9.2209523E-03   1.2636693E-02  -1.1608416E-02  -2.5990023E-03  -4.0489312E-05  -2.9548090E-04  -5.5855809E-06   1.3117326E-03  -9.9744495E-05   3.1118591E-04   2.0811275E-04   3.3827618E-04   1.1198653E-07   6.4036959E-07
 -4.5972693E-07   9.7796322E-08  -5.4915659E-08  -1.2206434E-05  -1.9400901E-05  -1.1725667E-06   1.6212565E-07  -7.9268414E-05   1.6009145E-06   4.6058324E-03  -4.2433579E-02   7.4778874E-05  -1.4315249E-03  -2.7712582E-05   7.5431287E-02  -4.4816014E-03   8.6575875E-03   2.1633576E-03  -1.2595893E-02   8.8352332E-03  -1.1785709E-03   2.3803548E-04  -4.6395002E-04   1.5112886E-04   1.0719070E-03   1.0590006E-04   1.4982845E-04   7.9553230E-06   3.7930476E-04  -7.2840352E-07   1.9516682E-06
 -3.2897259E-07  -9.7887708E-06   8.0164425E-07  -6.1727624E-06  -5.4466267E-05   2.1428603E-05   4.3132328E-05  -8.3526804E-04  -4.5396235E-06  -9.7041111E-03   4.3622134E-02   3.1441284E-04   9.8785793E-04   6.1108137E-04  -4.4816014E-03   8.0337912E-02  -5.5302531E-03  -9.7195614E-03  -1.3304283E-02   4.9440395E-03   1.4207898E-03  -2.5188663E-05   3.7875215E-05  -4.2150061E-06  -2.3481464E-03   9.5582688E-05   3.2794670E-05  -5.5005037E-05   1.3024015E-04   1.3317273E-06   9.7090646E-07
 -2.7078801E-04   1.2455952E-03  -4.5806568E-05  -2.8990086E-03   9.7399627E-03  -3.2399738E-02  -3.7230548E-02   7.0947988E-03   2.8355208E-03  -2.6990198E-02  -2.0117068E-01  -2.7725974E-02   1.2502455E-02   6.5178319E-02   8.6575875E-03  -5.5302531E-03   6.3565051E+02   7.2901159E+01  -6.6296983E+01   4.0541818E+01  -2.4887155E+01  -8.5551760E-01   1.1701236E-01  -3.1111376E-01   1.2553086E+01  -1.5835972E-01   3.5338553E-01  -2.8202353E-01  -1.9256305E-01   6.8724710E-03   3.5237399E-03
 -3.4465266E-04   2.0783174E-03  -1.7063432E-04  -3.5533262E-03   2.4085425E-03  -1.4590489E-02  -1.6121211E-02   2.2807398E-03   2.9406840E-04  -3.0274652E-02  -2.9566063E-02  -1.6435810E-02   1.2392924E-02   9.2209523E-03   2.1633576E-03  -9.7195614E-03   7.2901159E+01   7.4207209E+01   4.5935053E+00   1.1072755E+01  -8.5349070E-01  -1.3408129E-02   4.9927198E-01   8.3209072E-01  -7.1323630E+00  -3.5321461E-02  -2.0781224E-01   2.9168636E-02   6.8382151E-02   8.6682979E-04   1.0274019E-03
 -6.1461379E-05   2.1491906E-04  -1.3432185E-04  -6.8456343E-04   4.4728542E-03   1.1053545E-02   1.4358671E-02  -2.6726222E-03   1.5251266E-03  -9.3847254E-03   3.8846254E-02   4.8630546E-03  -1.1730443E-03   1.2636693E-02  -1.2595893E-02  -1.3304283E-02  -6.6296983E+01   4.5935053E+00   1.8288453E+02  -8.8572891E+01   2.4937744E+00   3.8574351E-01  -1.1313856E+00   3.6705681E-01  -7.7700799E+00  -4.1635066E-02  -3.2631899E-01   5.7601534E-01   1.7719320E-02   1.7600714E-03  -8.0561060E-03
 -9.6787928E-05   6.3395688E-04  -7.2044126E-06  -1.0772983E-03   2.0413920E-04  -9.6029003E-03  -1.1547383E-02   1.3432514E-03   4.2016531E-04   1.6032384E-02  -2.1058195E-02  -1.0945478E-02   6.9720639E-03  -1.1608416E-02   8.8352332E-03   4.9440395E-03   4.0541818E+01   1.1072755E+01  -8.8572891E+01   5.6332054E+01   1.6018522E+00  -7.7972630E-02   7.7999623E-01  -2.8265814E-01  -2.1610642E+00   1.6259657E-02   1.9957856E-01  -4.7162674E-01  -1.2894919E-01  -5.7733164E-04   3.4084280E-03
  1.7405343E-05  -7.9022566E-05   9.7823330E-06   3.5472224E-05  -3.7754067E-04   9.0588724E-04   1.2015691E-03   3.0961846E-05  -3.8517037E-05   9.6681398E-03   1.6798299E-03   1.2233407E-03   1.2077384E-03  -2.5990023E-03  -1.1785709E-03   1.4207898E-03  -2.4887155E+01  -8.5349070E-01   2.4937744E+00   1.6018522E+00   4.2475522E+00   9.8332286E-02   1.3772966E-01  -4.5202830E-02  -3.5412886E+00  -5.3574349E-03  -3.4111975E-03   6.0571278E-03   4.9208690E-02   4.4287066E-04  -2.4063135E-04
 -3.2046160E-07  -6.6440993E-07  -6.7685545E-07  -1.6021398E-06  -5.8790727E-07   7.8243917E-05   9.7848258E-05  -1.6725824E-05  -8.7968399E-07   2.2203385E-04  -7.7073606E-05  -5.6799200E-05  -6.4398710E-05  -4.0489312E-05   2.3803548E-04  -2.5188663E-05  -8.5551760E-01  -1.3408129E-02   3.8574351E-01  -7.7972630E-02   9.8332286E-02   1.5674394E-02  -1.6294794E-02   1.2220562E-02  -1.0816933E-01  -3.6678981E-04  -1.5313287E-03  -2.3487171E-03   5.1777051E-03   1.7708041E-05  -3.7637921E-05
 -1.0756771E-06   1.2826039E-05   4.1739831E-07  -3.4712656E-05  -5.2575574E-05  -1.7408530E-04  -2.0583939E-04   1.0074956E-05  -2.8200225E-06   5.0432621E-04  -1.2958908E-04   1.4070023E-05   2.6654209E-04  -2.9548090E-04  -4.6395002E-04   3.7875215E-05   1.1701236E-01   4.9927198E-01  -1.1313856E+00   7.7999623E-01   1.3772966E-01  -1.6294794E-02   6.4088164E-02   2.6607826E-03  -1.3141406E-01   5.2222919E-04   7.4766389E-03  -7.6175728E-04  -1.7455122E-02  -9.8494530E-06   9.7102570E-05
 -1.7915145E-07  -9.8424548E-07  -8.5472062E-09   3.2075940E-06   3.0225439E-05   8.0066886E-05   8.7968609E-05  -2.5843144E-05   2.0607308E-06  -1.0270570E-03   4.1490536E-04   2.3871968E-04  -1.8465381E-04  -5.5855809E-06   1.5112886E-04  -4.2150061E-06  -3.1111376E-01   8.3209072E-01   3.6705681E-01  -2.8265814E-01  -4.5202830E-02   1.2220562E-02   2.6607826E-03   8.2694674E-02   3.6884600E-02  -2.1020812E-04  -5.9978676E-05   1.1787245E-03   9.7791618E-04   1.2443962E-05  -4.6918252E-06
 -1.2684569E-05   7.9557364E-05  -1.8671085E-06  -4.0822315E-05  -2.7116576E-04  -2.6557115E-03  -3.0018800E-03   2.9834231E-04  -5.1337635E-05  -1.0092278E-02  -5.7055255E-03   2.2530424E-03  -1.2976573E-03   1.3117326E-03   1.0719070E-03  -2.3481464E-03   1.2553086E+01  -7.1323630E+00  -7.7700799E+00  -2.1610642E+00  -3.5412886E+00  -1.0816933E-01  -1.3141406E-01   3.6884600E-02   7.4971043E+00   6.4311369E-03   9.6797430E-04  -2.4314515E-03  -4.4806994E-02  -3.6668286E-04   1.3508499E-04
  8.0489593E-07  -3.6198948E-06   1.0914922E-06   7.7274654E-06  -1.1774452E-06   2.5740236E-05  -4.4488569E-05  -6.0480251E-07   9.4583106E-07  -3.4425787E-04  -7.0782651E-04   5.9991944E-05  -4.2415110E-06  -9.9744495E-05   1.0590006E-04   9.5582688E-05  -1.5835972E-01  -3.5321461E-02  -4.1635066E-02   1.6259657E-02  -5.3574349E-03  -3.6678981E-04   5.2222919E-04  -2.1020812E-04   6.4311369E-03   3.8002144E-02   3.0998113E-03  -1.7989821E-05   6.4860487E-04   3.4893661E-05  -2.4470537E-06
  6.0521548E-08   2.8951755E-06  -4.7892486E-07  -5.4361190E-06  -8.9872066E-05  -4.3927076E-05  -6.5459434E-05   7.3108690E-06  -1.3497198E-06   2.0587465E-04  -3.4777127E-05  -1.8726074E-05  -2.7320258E-05   3.1118591E-04   1.4982845E-04   3.2794670E-05   3.5338553E-01  -2.0781224E-01  -3.2631899E-01   1.9957856E-01  -3.4111975E-03  -1.5313287E-03   7.4766389E-03  -5.9978676E-05   9.6797430E-04   3.0998113E-03   3.1168862E-02  -8.9730431E-04   5.2471517E-03  -8.0078723E-05  -3.9469620E-05
  7.8958431E-07  -3.9188374E-06   4.7448419E-07   6.4203329E-06   1.5017017E-05   4.8606871E-05   4.7171236E-05  -9.0637000E-07   4.9992969E-06  -6.1505624E-05  -5.4728354E-04   3.7594176E-05   4.5023894E-07   2.0811275E-04   7.9553230E-06  -5.5005037E-05  -2.8202353E-01   2.9168636E-02   5.7601534E-01  -4.7162674E-01   6.0571278E-03  -2.3487171E-03  -7.6175728E-04   1.1787245E-03  -2.4314515E-03  -1.7989821E-05  -8.9730431E-04   1.0710335E-02   8.6065127E-03   3.6655689E-06   6.0505397E-05
  1.4638346E-07  -7.9062392E-08   1.7085196E-07   1.0491855E-05   8.3885007E-07  -6.6216801E-06  -2.3714828E-05   3.3422314E-05  -5.5768411E-06   1.6219079E-04  -1.0260579E-03  -6.4097314E-05  -4.9608045E-05   3.3827618E-04   3.7930476E-04   1.3024015E-04  -1.9256305E-01   6.8382151E-02   1.7719320E-02  -1.2894919E-01   4.9208690E-02   5.1777051E-03  -1.7455122E-02   9.7791618E-04  -4.4806994E-02   6.4860487E-04   5.2471517E-03   8.6065127E-03   2.6497672E-02  -2.6434613E-06   5.7525049E-05
  8.7355148E-09  -6.2674927E-08   9.0482911E-09   1.1768832E-07   7.9702204E-07  -2.3310335E-07  -2.1952381E-07   3.8149386E-08  -9.2000448E-09   3.1238535E-07  -3.1073082E-06   3.4937093E-07   6.7884403E-07   1.1198653E-07  -7.2840352E-07   1.3317273E-06   6.8724710E-03   8.6682979E-04   1.7600714E-03  -5.7733164E-04   4.4287066E-04   1.7708041E-05  -9.8494530E-06   1.2443962E-05  -3.6668286E-04   3.4893661E-05  -8.0078723E-05   3.6655689E-06  -2.6434613E-06   1.1162116E-06   3.8767452E-08
 -3.7342143E-09   3.7288755E-08   7.2223671E-09  -5.0182600E-08   7.3159054E-08  -5.8691881E-07  -9.5366311E-07   4.3112918E-08  -5.8849361E-08   5.8388094E-07  -5.3478531E-06  -9.2654818E-07   1.0882393E-06   6.4036959E-07   1.9516682E-06   9.7090646E-07   3.5237399E-03   1.0274019E-03  -8.0561060E-03   3.4084280E-03  -2.4063135E-04  -3.7637921E-05   9.7102570E-05  -4.6918252E-06   1.3508499E-04  -2.4470537E-06  -3.9469620E-05   6.0505397E-05   5.7525049E-05   3.8767452E-08   2.4684442E-06
