# omegabh2 omegach2 theta tau nnu ns logA aps100 aps143 aps217 acib143 acib217 asz143 psr cibr cal0 cal2 xi aksz bm_1_1 a_ps_act_148 a_ps_act_217 a_ps_spt_95 a_ps_spt_150 a_ps_spt_220 r_ps_spt_95x150 r_ps_spt_95x220 r_ps_150x220 act_dust_s act_dust_e cal_acts_148 cal_acts_217 cal_acte_148 cal_acte_217 cal_spt_95 cal_spt_150 cal_spt_220
1.710300E-07 8.504700E-07 -3.885900E-08 3.116900E-06 1.095200E-04 5.749700E-06 8.710000E-06 1.015000E-03 3.593600E-04 2.672700E-04 1.966800E-06 1.203500E-05 4.943237E-06 7.569400E-08 1.652500E-07 1.610300E-09 -2.515300E-09 -2.471500E-08 1.007504E-05 1.455100E-05 -1.286100E-05 -6.476500E-05 -1.428700E-05 -1.469700E-05 -6.488000E-05 2.173600E-07 7.242800E-07 1.001900E-07 -9.126900E-07 -2.219200E-07 -2.876000E-07 -2.637400E-07 -2.769000E-07 -1.930300E-07 -2.594700E-07 -2.977800E-07 -2.974600E-07
8.504700E-07 2.466500E-05 -2.356300E-06 1.239900E-05 1.465700E-03 4.561500E-05 8.697600E-05 2.933400E-02 1.935600E-02 1.432200E-02 9.170500E-07 5.114000E-04 -3.802988E-04 3.997500E-06 3.809300E-06 3.338100E-08 -6.240900E-08 2.464300E-06 3.284775E-04 5.374700E-04 -5.154200E-04 -2.891300E-03 -2.761300E-04 -6.031500E-04 -2.759500E-03 7.099700E-06 -5.390800E-07 2.859100E-07 -7.071900E-06 -1.702800E-05 -1.932800E-05 -1.140200E-05 -1.880600E-05 -1.100500E-05 -1.909600E-05 -1.879700E-05 -1.237700E-05
-3.885900E-08 -2.356300E-06 5.502700E-07 -3.476900E-07 -1.363500E-04 -3.629400E-06 -6.317100E-06 -1.917600E-03 -1.977200E-03 -1.417000E-03 -3.153700E-06 -5.570400E-05 3.063301E-05 -3.882200E-07 -5.351800E-07 -1.942400E-09 6.780200E-09 -1.006100E-07 -2.988366E-05 -3.899600E-05 5.283000E-05 2.417100E-04 2.857600E-05 6.990600E-05 2.615400E-04 -5.843200E-07 -2.021400E-07 7.203600E-08 3.378300E-06 2.410700E-07 1.931900E-06 9.799300E-07 1.761500E-06 9.428800E-07 2.039700E-06 1.875000E-06 1.264500E-06
3.116900E-06 1.239900E-05 -3.476900E-07 2.585000E-04 2.233800E-03 1.363700E-04 5.505200E-04 -1.361300E-02 1.743300E-03 2.295100E-03 -1.377700E-04 -4.306500E-05 1.149409E-04 3.629400E-06 7.829400E-06 -1.026500E-07 1.139900E-07 -1.547200E-06 9.253691E-05 -1.783300E-04 -6.269200E-05 -1.480700E-03 -2.496700E-04 -7.798600E-06 -1.037500E-03 -5.743900E-06 5.422600E-06 6.153800E-06 -2.768000E-05 -1.668300E-05 -1.833900E-06 -4.700600E-06 -1.425500E-06 -2.241200E-06 -2.887100E-06 -4.021300E-06 -2.314300E-06
1.095200E-04 1.465700E-03 -1.363500E-04 2.233800E-03 1.260000E-01 5.355000E-03 8.284300E-03 1.983900E+00 1.344100E+00 9.748200E-01 1.799200E-03 3.749500E-02 -2.020219E-02 3.261800E-04 2.517400E-04 3.294000E-06 -6.668900E-06 1.786900E-04 3.231500E-02 3.607900E-02 -4.025200E-02 -2.072400E-01 -2.455000E-02 -4.503800E-02 -2.057300E-01 4.656900E-04 4.276500E-04 1.347000E-04 -1.038400E-03 -6.124800E-04 -1.306500E-03 -8.018000E-04 -1.264200E-03 -7.483400E-04 -1.290100E-03 -1.276100E-03 -8.763300E-04
5.749700E-06 4.561500E-05 -3.629400E-06 1.363700E-04 5.355000E-03 2.797400E-04 3.924900E-04 4.107400E-02 3.535000E-02 2.731500E-02 1.308000E-04 9.778500E-04 -1.190943E-04 7.969800E-06 7.995000E-06 3.571900E-08 -1.482800E-07 3.189700E-06 9.706636E-04 9.327200E-04 -1.373800E-03 -6.809700E-03 -1.053400E-03 -1.484100E-03 -6.650300E-03 1.788500E-05 3.678100E-05 8.896100E-06 -5.643300E-05 -8.643000E-06 -3.911900E-05 -2.729300E-05 -3.845700E-05 -2.443700E-05 -3.706200E-05 -3.768700E-05 -2.723900E-05
8.710000E-06 8.697600E-05 -6.317100E-06 5.505200E-04 8.284300E-03 3.924900E-04 1.332000E-03 4.201100E-02 4.997400E-02 3.973300E-02 -2.970100E-04 1.141700E-03 -7.526363E-04 1.718000E-05 2.261700E-05 -4.622200E-08 2.226400E-07 1.277700E-06 1.004542E-03 1.409100E-03 -1.393400E-03 -1.034400E-02 -1.147100E-03 -1.511400E-03 -9.190000E-03 5.033000E-06 6.803900E-06 1.341900E-05 -7.403800E-05 -7.235900E-05 -5.224300E-05 -3.884800E-05 -4.992100E-05 -3.247400E-05 -5.291700E-05 -5.509800E-05 -3.618300E-05
1.015000E-03 2.933400E-02 -1.917600E-03 -1.361300E-02 1.983900E+00 4.107400E-02 4.201100E-02 1.611500E+03 1.121200E+02 3.844600E+01 -1.043300E-01 6.512000E+00 -1.141976E+01 1.209400E-02 -1.816400E-01 1.556800E-03 -3.861700E-04 5.301300E-02 6.678982E+00 1.688200E+01 -9.391200E-01 -3.781400E+00 5.185400E+00 -1.089600E+00 -5.142700E+00 -1.082100E-01 -5.060300E-01 -1.655900E-02 2.692800E-02 -3.336600E-03 -6.856300E-02 9.708800E-03 -6.686100E-02 6.652400E-03 -8.655100E-02 -5.890300E-02 -1.067500E-02
3.593600E-04 1.935600E-02 -1.977200E-03 1.743300E-03 1.344100E+00 3.535000E-02 4.997400E-02 1.121200E+02 7.877600E+01 2.900500E+01 -6.105800E-02 1.306800E+00 -2.678038E+00 1.399300E-02 -1.557600E-02 1.077400E-04 -1.263700E-03 1.677400E-02 9.941953E-01 3.322200E-01 -5.933100E-01 -3.894300E+00 1.067700E+00 -6.894700E-01 -4.373500E+00 -1.260700E-02 -9.355800E-02 -1.359200E-02 -1.335700E-02 -6.474000E-03 -3.925600E-02 -1.229300E-02 -3.746600E-02 -1.345300E-02 -4.160400E-02 -3.446100E-02 -2.118200E-02
2.672700E-04 1.432200E-02 -1.417000E-03 2.295100E-03 9.748200E-01 2.731500E-02 3.973300E-02 3.844600E+01 2.900500E+01 4.190900E+01 -5.945100E-01 -4.071500E+00 1.494913E+00 -3.856300E-03 -5.526800E-03 7.816500E-05 -6.029500E-04 -1.164200E-02 -9.798582E-01 5.312400E-01 -2.577900E-01 -4.135900E+00 -1.200500E+00 -2.049500E-01 -4.102200E+00 4.778200E-04 6.605800E-02 2.531500E-02 -8.930100E-03 7.843700E-03 -2.250200E-02 -3.329200E-02 -2.113700E-02 -3.202600E-02 -1.382900E-02 -2.273800E-02 -2.907000E-02
1.966800E-06 9.170500E-07 -3.153700E-06 -1.377700E-04 1.799200E-03 1.308000E-04 -2.970100E-04 -1.043300E-01 -6.105800E-02 -5.945100E-01 4.121900E-01 8.106100E-01 2.527252E-01 -2.058400E-04 -9.155400E-03 1.481300E-06 2.405600E-05 4.035100E-03 -5.216682E-01 2.233400E-03 -1.223700E-01 -9.967000E-02 -3.283200E-02 -1.580100E-01 -1.863200E-01 2.536700E-02 1.994900E-02 -2.462000E-03 9.184200E-04 3.378200E-04 2.893600E-04 7.717600E-04 3.074800E-04 7.701600E-04 -6.555900E-04 2.853200E-04 8.555800E-04
1.203500E-05 5.114000E-04 -5.570400E-05 -4.306500E-05 3.749500E-02 9.778500E-04 1.141700E-03 6.512000E+00 1.306800E+00 -4.071500E+00 8.106100E-01 3.654000E+00 -5.594534E-02 5.283800E-03 8.057700E-03 9.311100E-06 4.666300E-04 4.052600E-04 -8.118655E-01 1.285200E-02 -2.761800E-01 -2.198700E-01 2.439200E-01 -3.654400E-01 -6.716300E-01 4.002600E-02 1.814600E-02 -1.828100E-02 3.313300E-03 -6.304300E-03 -1.336500E-03 8.005500E-03 -1.249800E-03 7.724100E-03 -4.436100E-03 -5.323400E-04 5.286000E-03
4.943237E-06 -3.802988E-04 3.063301E-05 1.149409E-04 -2.020219E-02 -1.190943E-04 -7.526363E-04 -1.141976E+01 -2.678038E+00 1.494913E+00 2.527252E-01 -5.594534E-02 1.424605E+00 -3.230490E-04 2.044391E-02 -4.787415E-07 -2.560680E-04 -6.815596E-03 -1.154824E+00 3.651866E-02 -8.736394E-02 -2.956590E-01 -7.057794E-01 -8.380051E-02 -5.150424E-01 2.832518E-02 7.310543E-02 -2.238773E-04 1.212189E-03 -8.939744E-04 2.585092E-03 -4.201872E-03 2.469364E-03 -3.774596E-03 5.042514E-03 1.451078E-03 -2.880238E-03
7.569400E-08 3.997500E-06 -3.882200E-07 3.629400E-06 3.261800E-04 7.969800E-06 1.718000E-05 1.209400E-02 1.399300E-02 -3.856300E-03 -2.058400E-04 5.283800E-03 -3.230490E-04 2.795100E-04 8.664600E-06 7.778700E-08 4.888100E-07 1.076200E-05 5.231697E-05 -1.384600E-04 -7.500300E-05 -3.081100E-03 -1.590600E-04 -1.128200E-04 -3.309200E-03 4.447700E-06 3.310700E-05 8.785600E-06 4.761400E-05 -5.097400E-05 -1.345400E-05 -1.059700E-07 -1.045000E-05 5.933600E-07 -1.632800E-05 -8.584400E-06 -4.293800E-06
1.652500E-07 3.809300E-06 -5.351800E-07 7.829400E-06 2.517400E-04 7.995000E-06 2.261700E-05 -1.816400E-01 -1.557600E-02 -5.526800E-03 -9.155400E-03 8.057700E-03 2.044391E-02 8.664600E-06 2.224900E-03 1.092200E-07 -1.420700E-06 2.871100E-05 -4.319637E-03 1.077100E-03 2.892200E-03 -9.464100E-04 -1.457200E-02 3.621800E-03 -1.432100E-02 -3.068200E-04 1.472300E-03 -3.095700E-04 8.782700E-06 -1.402300E-04 2.714100E-05 3.614100E-06 2.157500E-05 8.535500E-06 1.143400E-04 1.115700E-05 -3.258300E-05
1.610300E-09 3.338100E-08 -1.942400E-09 -1.026500E-07 3.294000E-06 3.571900E-08 -4.622200E-08 1.556800E-03 1.077400E-04 7.816500E-05 1.481300E-06 9.311100E-06 -4.787415E-07 7.778700E-08 1.092200E-07 1.573900E-07 -2.321100E-10 1.627500E-07 -5.786257E-07 -2.991400E-05 -2.913300E-06 6.004500E-06 4.698000E-06 -2.478200E-06 -1.044700E-05 -4.569900E-07 -4.757300E-07 -1.110000E-08 -8.317700E-07 -6.323500E-07 -1.286700E-07 5.335900E-08 -1.650200E-07 1.058100E-08 -1.370300E-07 -1.310000E-07 -8.471300E-08
-2.515300E-09 -6.240900E-08 6.780200E-09 1.139900E-07 -6.668900E-06 -1.482800E-07 2.226400E-07 -3.861700E-04 -1.263700E-03 -6.029500E-04 2.405600E-05 4.666300E-04 -2.560680E-04 4.888100E-07 -1.420700E-06 -2.321100E-10 6.315700E-07 1.629600E-06 1.412336E-04 1.325900E-05 4.555400E-06 6.529300E-05 1.619300E-04 -6.158000E-06 7.885700E-05 -2.505400E-06 -1.065300E-05 -1.834500E-06 1.283200E-06 -1.432800E-06 -7.909600E-08 2.086400E-06 -1.099900E-07 2.033400E-06 -7.805500E-07 1.703000E-07 1.789500E-06
-2.471500E-08 2.464300E-06 -1.006100E-07 -1.547200E-06 1.786900E-04 3.189700E-06 1.277700E-06 5.301300E-02 1.677400E-02 -1.164200E-02 4.035100E-03 4.052600E-04 -6.815596E-03 1.076200E-05 2.871100E-05 1.627500E-07 1.629600E-06 1.418800E-03 1.059751E-02 -2.710500E-04 2.608600E-03 6.908600E-04 1.808500E-03 1.538600E-03 4.500800E-03 4.548400E-04 8.092300E-04 5.633600E-05 6.795400E-05 8.153200E-05 -3.791900E-06 1.752200E-05 -6.702700E-06 2.390900E-05 -2.750800E-05 9.342000E-06 5.240000E-05
1.007504E-05 3.284775E-04 -2.988366E-05 9.253691E-05 3.231500E-02 9.706636E-04 1.004542E-03 6.678982E+00 9.941953E-01 -9.798582E-01 -5.216682E-01 -8.118655E-01 -1.154824E+00 5.231697E-05 -4.319637E-03 -5.786257E-07 1.412336E-04 1.059751E-02 1.791162E+00 -1.025317E-02 5.157029E-02 3.914003E-01 2.981372E-01 9.165653E-02 7.780695E-01 -3.990727E-02 -5.787902E-02 6.034739E-03 -6.352746E-03 -4.154462E-03 -5.807238E-05 3.327355E-03 -1.523063E-04 2.998239E-03 -1.314383E-03 -3.722499E-04 2.809821E-03
1.455100E-05 5.374700E-04 -3.899600E-05 -1.783300E-04 3.607900E-02 9.327200E-04 1.409100E-03 1.688200E+01 3.322200E-01 5.312400E-01 2.233400E-03 1.285200E-02 3.651866E-02 -1.384600E-04 1.077100E-03 -2.991400E-05 1.325900E-05 -2.710500E-04 -1.025317E-02 6.056900E-01 -1.830300E-02 -1.253800E-01 -5.397600E-02 -2.233800E-02 -1.190600E-01 1.800200E-03 3.187200E-03 2.165400E-04 2.782000E-03 1.281900E-03 -4.543600E-04 -6.704000E-04 -4.274600E-04 -5.135300E-04 -4.574100E-04 -5.342700E-04 -5.891900E-04
-1.286100E-05 -5.154200E-04 5.283000E-05 -6.269200E-05 -4.025200E-02 -1.373800E-03 -1.393400E-03 -9.391200E-01 -5.933100E-01 -2.577900E-01 -1.223700E-01 -2.761800E-01 -8.736394E-02 -7.500300E-05 2.892200E-03 -2.913300E-06 4.555400E-06 2.608600E-03 5.157029E-02 -1.830300E-02 3.053300E-01 -9.073400E-02 6.927000E-02 1.188400E-01 3.772800E-01 -5.220600E-03 -7.210900E-03 -2.736600E-03 -1.165400E-03 -1.026100E-03 2.434500E-03 -7.530000E-04 2.408700E-03 -5.167100E-04 3.663100E-04 4.707800E-04 6.632700E-04
-6.476500E-05 -2.891300E-03 2.417100E-04 -1.480700E-03 -2.072400E-01 -6.809700E-03 -1.034400E-02 -3.781400E+00 -3.894300E+00 -4.135900E+00 -9.967000E-02 -2.198700E-01 -2.956590E-01 -3.081100E-03 -9.464100E-04 6.004500E-06 6.529300E-05 6.908600E-04 3.914003E-01 -1.253800E-01 -9.073400E-02 1.308000E+01 1.668000E-01 1.359100E-01 1.031500E+00 -7.385300E-03 -2.448400E-02 -3.586600E-03 1.700400E-02 2.842800E-02 3.093200E-03 4.885200E-02 3.691000E-03 3.809800E-02 3.806200E-03 3.941600E-03 5.039300E-03
-1.428700E-05 -2.761300E-04 2.857600E-05 -2.496700E-04 -2.455000E-02 -1.053400E-03 -1.147100E-03 5.185400E+00 1.067700E+00 -1.200500E+00 -3.283200E-02 2.439200E-01 -7.057794E-01 -1.590600E-04 -1.457200E-02 4.698000E-06 1.619300E-04 1.808500E-03 2.981372E-01 -5.397600E-02 6.927000E-02 1.668000E-01 2.050600E+00 5.266300E-02 2.388400E-01 -8.199100E-02 -1.077300E-01 -1.562100E-03 -5.253700E-04 8.361600E-03 -1.439600E-03 2.419300E-03 -1.250500E-03 2.197200E-03 1.184700E-04 3.785500E-04 1.984800E-03
-1.469700E-05 -6.031500E-04 6.990600E-05 -7.798600E-06 -4.503800E-02 -1.484100E-03 -1.511400E-03 -1.089600E+00 -6.894700E-01 -2.049500E-01 -1.580100E-01 -3.654400E-01 -8.380051E-02 -1.128200E-04 3.621800E-03 -2.478200E-06 -6.158000E-06 1.538600E-03 9.165653E-02 -2.233800E-02 1.188400E-01 1.359100E-01 5.266300E-02 2.300200E-01 1.884200E-01 -7.125400E-03 -4.621200E-03 2.227000E-04 4.996600E-04 1.604200E-03 3.093200E-04 -2.678400E-04 3.176300E-04 -2.759700E-04 8.952500E-04 3.668100E-04 7.806300E-05
-6.488000E-05 -2.759500E-03 2.615400E-04 -1.037500E-03 -2.057300E-01 -6.650300E-03 -9.190000E-03 -5.142700E+00 -4.373500E+00 -4.102200E+00 -1.863200E-01 -6.716300E-01 -5.150424E-01 -3.309200E-03 -1.432100E-02 -1.044700E-05 7.885700E-05 4.500800E-03 7.780695E-01 -1.190600E-01 3.772800E-01 1.031500E+00 2.388400E-01 1.884200E-01 1.222200E+01 -2.162200E-02 -6.780500E-02 -1.154200E-02 -1.285700E-03 -6.147900E-04 5.923800E-03 3.554100E-03 5.312200E-03 2.974200E-03 4.703300E-03 6.934800E-03 3.024300E-02
2.173600E-07 7.099700E-06 -5.843200E-07 -5.743900E-06 4.656900E-04 1.788500E-05 5.033000E-06 -1.082100E-01 -1.260700E-02 4.778200E-04 2.536700E-02 4.002600E-02 2.832518E-02 4.447700E-06 -3.068200E-04 -4.569900E-07 -2.505400E-06 4.548400E-04 -3.990727E-02 1.800200E-03 -5.220600E-03 -7.385300E-03 -8.199100E-02 -7.125400E-03 -2.162200E-02 7.056000E-03 5.966200E-03 -1.689200E-04 1.788800E-04 -1.647100E-04 3.182700E-05 -1.601500E-05 4.426500E-05 -1.172000E-05 -8.058600E-05 -1.374100E-05 -2.430900E-05
7.242800E-07 -5.390800E-07 -2.021400E-07 5.422600E-06 4.276500E-04 3.678100E-05 6.803900E-06 -5.060300E-01 -9.355800E-02 6.605800E-02 1.994900E-02 1.814600E-02 7.310543E-02 3.310700E-05 1.472300E-03 -4.757300E-07 -1.065300E-05 8.092300E-04 -5.787902E-02 3.187200E-03 -7.210900E-03 -2.448400E-02 -1.077300E-01 -4.621200E-03 -6.780500E-02 5.966200E-03 1.242100E-02 8.679300E-05 1.920200E-04 -3.257700E-04 1.002600E-04 -1.977700E-04 1.045400E-04 -1.636300E-04 9.084200E-05 2.846000E-05 -3.249000E-04
1.001900E-07 2.859100E-07 7.203600E-08 6.153800E-06 1.347000E-04 8.896100E-06 1.341900E-05 -1.655900E-02 -1.359200E-02 2.531500E-02 -2.462000E-03 -1.828100E-02 -2.238773E-04 8.785600E-06 -3.095700E-04 -1.110000E-08 -1.834500E-06 5.633600E-05 6.034739E-03 2.165400E-04 -2.736600E-03 -3.586600E-03 -1.562100E-03 2.227000E-04 -1.154200E-02 -1.689200E-04 8.679300E-05 3.499000E-04 -4.066600E-05 5.274700E-05 -1.872600E-06 -4.659500E-05 4.425500E-08 -4.022100E-05 2.221300E-05 3.115200E-06 -7.247800E-05
-9.126900E-07 -7.071900E-06 3.378300E-06 -2.768000E-05 -1.038400E-03 -5.643300E-05 -7.403800E-05 2.692800E-02 -1.335700E-02 -8.930100E-03 9.184200E-04 3.313300E-03 1.212189E-03 4.761400E-05 8.782700E-06 -8.317700E-07 1.283200E-06 6.795400E-05 -6.352746E-03 2.782000E-03 -1.165400E-03 1.700400E-02 -5.253700E-04 4.996600E-04 -1.285700E-03 1.788800E-04 1.920200E-04 -4.066600E-05 3.973400E-02 -2.892500E-04 2.863800E-04 1.153900E-04 -5.605400E-05 5.150200E-05 1.866800E-05 3.997500E-06 -6.247000E-06
-2.219200E-07 -1.702800E-05 2.410700E-07 -1.668300E-05 -6.124800E-04 -8.643000E-06 -7.235900E-05 -3.336600E-03 -6.474000E-03 7.843700E-03 3.378200E-04 -6.304300E-03 -8.939744E-04 -5.097400E-05 -1.402300E-04 -6.323500E-07 -1.432800E-06 8.153200E-05 -4.154462E-03 1.281900E-03 -1.026100E-03 2.842800E-02 8.361600E-03 1.604200E-03 -6.147900E-04 -1.647100E-04 -3.257700E-04 5.274700E-05 -2.892500E-04 3.954800E-02 -1.592400E-05 6.238500E-05 3.150200E-04 1.709500E-04 1.055500E-06 -3.146100E-08 1.036000E-05
-2.876000E-07 -1.932800E-05 1.931900E-06 -1.833900E-06 -1.306500E-03 -3.911900E-05 -5.224300E-05 -6.856300E-02 -3.925600E-02 -2.250200E-02 2.893600E-04 -1.336500E-03 2.585092E-03 -1.345400E-05 2.714100E-05 -1.286700E-07 -7.909600E-08 -3.791900E-06 -5.807238E-05 -4.543600E-04 2.434500E-03 3.093200E-03 -1.439600E-03 3.093200E-04 5.923800E-03 3.182700E-05 1.002600E-04 -1.872600E-06 2.863800E-04 -1.592400E-05 1.674700E-04 8.769400E-06 6.840200E-05 1.651700E-05 3.906600E-05 3.124700E-05 2.161600E-05
-2.637400E-07 -1.140200E-05 9.799300E-07 -4.700600E-06 -8.018000E-04 -2.729300E-05 -3.884800E-05 9.708800E-03 -1.229300E-02 -3.329200E-02 7.717600E-04 8.005500E-03 -4.201872E-03 -1.059700E-07 3.614100E-06 5.335900E-08 2.086400E-06 1.752200E-05 3.327355E-03 -6.704000E-04 -7.530000E-04 4.885200E-02 2.419300E-03 -2.678400E-04 3.554100E-03 -1.601500E-05 -1.977700E-04 -4.659500E-05 1.153900E-04 6.238500E-05 8.769400E-06 3.412700E-04 1.658200E-05 1.744400E-04 8.917900E-07 1.627400E-05 3.850200E-05
-2.769000E-07 -1.880600E-05 1.761500E-06 -1.425500E-06 -1.264200E-03 -3.845700E-05 -4.992100E-05 -6.686100E-02 -3.746600E-02 -2.113700E-02 3.074800E-04 -1.249800E-03 2.469364E-03 -1.045000E-05 2.157500E-05 -1.650200E-07 -1.099900E-07 -6.702700E-06 -1.523063E-04 -4.274600E-04 2.408700E-03 3.691000E-03 -1.250500E-03 3.176300E-04 5.312200E-03 4.426500E-05 1.045400E-04 4.425500E-08 -5.605400E-05 3.150200E-04 6.840200E-05 1.658200E-05 1.350500E-04 1.668100E-05 3.950300E-05 3.230800E-05 1.993400E-05
-1.930300E-07 -1.100500E-05 9.428800E-07 -2.241200E-06 -7.483400E-04 -2.443700E-05 -3.247400E-05 6.652400E-03 -1.345300E-02 -3.202600E-02 7.701600E-04 7.724100E-03 -3.774596E-03 5.933600E-07 8.535500E-06 1.058100E-08 2.033400E-06 2.390900E-05 2.998239E-03 -5.135300E-04 -5.167100E-04 3.809800E-02 2.197200E-03 -2.759700E-04 2.974200E-03 -1.172000E-05 -1.636300E-04 -4.022100E-05 5.150200E-05 1.709500E-04 1.651700E-05 1.744400E-04 1.668100E-05 2.104100E-04 1.157500E-06 1.544900E-05 3.784300E-05
-2.594700E-07 -1.909600E-05 2.039700E-06 -2.887100E-06 -1.290100E-03 -3.706200E-05 -5.291700E-05 -8.655100E-02 -4.160400E-02 -1.382900E-02 -6.555900E-04 -4.436100E-03 5.042514E-03 -1.632800E-05 1.143400E-04 -1.370300E-07 -7.805500E-07 -2.750800E-05 -1.314383E-03 -4.574100E-04 3.663100E-04 3.806200E-03 1.184700E-04 8.952500E-04 4.703300E-03 -8.058600E-05 9.084200E-05 2.221300E-05 1.866800E-05 1.055500E-06 3.906600E-05 8.917900E-07 3.950300E-05 1.157500E-06 4.099200E-04 4.612500E-05 1.336100E-05
-2.977800E-07 -1.879700E-05 1.875000E-06 -4.021300E-06 -1.276100E-03 -3.768700E-05 -5.509800E-05 -5.890300E-02 -3.446100E-02 -2.273800E-02 2.853200E-04 -5.323400E-04 1.451078E-03 -8.584400E-06 1.115700E-05 -1.310000E-07 1.703000E-07 9.342000E-06 -3.722499E-04 -5.342700E-04 4.707800E-04 3.941600E-03 3.785500E-04 3.668100E-04 6.934800E-03 -1.374100E-05 2.846000E-05 3.115200E-06 3.997500E-06 -3.146100E-08 3.124700E-05 1.627400E-05 3.230800E-05 1.544900E-05 4.612500E-05 1.038500E-04 3.846200E-05
-2.974600E-07 -1.237700E-05 1.264500E-06 -2.314300E-06 -8.763300E-04 -2.723900E-05 -3.618300E-05 -1.067500E-02 -2.118200E-02 -2.907000E-02 8.555800E-04 5.286000E-03 -2.880238E-03 -4.293800E-06 -3.258300E-05 -8.471300E-08 1.789500E-06 5.240000E-05 2.809821E-03 -5.891900E-04 6.632700E-04 5.039300E-03 1.984800E-03 7.806300E-05 3.024300E-02 -2.430900E-05 -3.249000E-04 -7.247800E-05 -6.247000E-06 1.036000E-05 2.161600E-05 3.850200E-05 1.993400E-05 3.784300E-05 1.336100E-05 3.846200E-05 4.765000E-04
