# omegabh2 omegach2 theta tau mnu ns logA aps100 aps143 aps217 acib143 acib217 asz143 psr cibr ncib cal0 cal2 xi aksz bm_1_1 a_ps_act_148 a_ps_act_217 a_ps_spt_95 a_ps_spt_150 a_ps_spt_220 r_ps_spt_95x150 r_ps_spt_95x220 r_ps_150x220 act_dust_s act_dust_e cal_acts_148 cal_acts_217 cal_acte_148 cal_acte_217 cal_spt_95 cal_spt_150 cal_spt_220
    0.84326E-07   -0.45845E-06    0.10552E-06    0.91943E-06   -0.24553E-04    0.12975E-05    0.98244E-06   -0.85936E-03   -0.85694E-03   -0.79663E-03    0.78559E-05    0.97635E-04    0.22567E-04   -0.16242E-05   -0.32077E-06    0.15801E-05    0.20860E-08   -0.64037E-08   -0.50461E-05   -0.79773E-04   -0.15128E-04    0.13340E-04    0.68754E-04    0.29868E-04    0.26104E-04    0.81033E-04   -0.45642E-07   -0.65335E-06   -0.20556E-06   -0.56172E-06   -0.10109E-05    0.43980E-06    0.55328E-06    0.45561E-06    0.53298E-06    0.90563E-06    0.85612E-06    0.64044E-06
   -0.45845E-06    0.73140E-05   -0.88727E-06   -0.10564E-04    0.16345E-03   -0.16586E-04   -0.42597E-05    0.84610E-02    0.36732E-02    0.37621E-02   -0.44571E-04   -0.33063E-03   -0.47880E-04    0.63171E-05    0.20863E-05   -0.29460E-05   -0.25051E-07    0.69777E-07    0.13703E-04    0.18952E-03    0.15939E-03   -0.49402E-04   -0.50311E-03   -0.10413E-03   -0.10501E-03   -0.60360E-03   -0.18672E-05    0.21451E-05    0.71874E-06    0.27284E-05    0.57829E-05   -0.20442E-05   -0.31266E-05   -0.20412E-05   -0.28039E-05   -0.39489E-05   -0.39220E-05   -0.34571E-05
    0.10552E-06   -0.88727E-06    0.45413E-06    0.15432E-05   -0.49385E-04    0.26741E-05    0.15655E-05   -0.11881E-02   -0.80816E-03   -0.78602E-03    0.76960E-05    0.95691E-04    0.19498E-04   -0.10689E-05   -0.22537E-06    0.11223E-05    0.54112E-08    0.20795E-08   -0.43339E-05   -0.72637E-04   -0.14845E-04    0.14491E-04    0.83027E-04    0.30401E-04    0.25590E-04    0.11649E-03   -0.68066E-07   -0.59697E-06   -0.16559E-06   -0.31911E-06   -0.11883E-05    0.46256E-06    0.62213E-06    0.46013E-06    0.58194E-06    0.81663E-06    0.84464E-06    0.71537E-06
    0.91943E-06   -0.10564E-04    0.15432E-05    0.17183E-03    0.24412E-04    0.33579E-04    0.31595E-03   -0.35559E-01   -0.15963E-01   -0.13179E-01    0.63991E-04    0.18090E-02    0.58093E-03   -0.32325E-04   -0.65313E-06    0.33998E-04    0.56190E-07   -0.14963E-06   -0.13329E-03   -0.19020E-02   -0.44301E-03    0.26197E-03    0.13962E-02    0.51327E-03    0.43780E-03    0.11390E-02   -0.72123E-05   -0.25652E-04   -0.69733E-05   -0.18344E-05   -0.93963E-05    0.77702E-05    0.99099E-05    0.86044E-05    0.90616E-05    0.13774E-04    0.12696E-04    0.93069E-05
   -0.24553E-04    0.16345E-03   -0.49385E-04    0.24412E-04    0.45787E-01   -0.58853E-03    0.22623E-03    0.49805E+00    0.30363E+00    0.30535E+00   -0.15109E-02   -0.49079E-01   -0.56668E-02    0.49052E-03    0.28277E-03   -0.86618E-03   -0.10269E-05    0.17323E-05    0.25999E-02    0.49999E-01    0.44429E-02   -0.81042E-02   -0.24392E-01   -0.18068E-01   -0.13725E-01   -0.30918E-01    0.58822E-04    0.66118E-03    0.18074E-03   -0.96421E-04    0.30629E-03   -0.15636E-03   -0.20582E-03   -0.17003E-03   -0.19945E-03   -0.31930E-03   -0.32716E-03   -0.25423E-03
    0.12975E-05   -0.16586E-04    0.26741E-05    0.33579E-04   -0.58853E-03    0.54846E-04    0.27366E-04   -0.49960E-01   -0.22682E-01   -0.18628E-01    0.12654E-03    0.25724E-02    0.74384E-03   -0.41461E-04   -0.10241E-04    0.48728E-04   -0.34928E-09    0.21469E-06   -0.17743E-03   -0.19727E-02   -0.33811E-03    0.20955E-03    0.14123E-02    0.49572E-03    0.43432E-03    0.13261E-02   -0.39209E-05   -0.22592E-04   -0.35605E-05   -0.49463E-05   -0.17509E-04    0.10704E-04    0.12989E-04    0.11010E-04    0.11803E-04    0.19055E-04    0.17424E-04    0.13193E-04
    0.98244E-06   -0.42597E-05    0.15655E-05    0.31595E-03    0.22623E-03    0.27366E-04    0.62348E-03   -0.55861E-01   -0.27990E-01   -0.20589E-01    0.14008E-04    0.39282E-02    0.13363E-02   -0.57220E-04    0.87441E-06    0.86802E-04    0.10529E-06    0.53553E-06   -0.30748E-03   -0.41129E-02    0.20718E-04    0.43208E-03    0.12969E-02    0.90979E-03    0.67545E-03    0.50479E-03   -0.24578E-04   -0.55604E-04   -0.12999E-04    0.18389E-05   -0.56241E-05    0.13300E-04    0.13897E-04    0.14929E-04    0.13184E-04    0.21934E-04    0.19038E-04    0.11570E-04
   -0.85936E-03    0.84610E-02   -0.11881E-02   -0.35559E-01    0.49805E+00   -0.49960E-01   -0.55861E-01    0.27759E+04    0.85374E+02    0.19904E+02   -0.28839E+00    0.25231E+01   -0.10359E+02   -0.57796E-01   -0.70190E-01    0.11505E+00    0.46814E-03   -0.42371E-02    0.85324E+00    0.81127E+01    0.19206E+02    0.24667E+00   -0.58284E+01    0.50109E+01   -0.92123E+00   -0.54382E+00   -0.77551E-01   -0.35878E+00   -0.58744E-01    0.39483E-01    0.89671E-01   -0.19454E-01    0.38524E-02   -0.22190E-01    0.18721E-02   -0.48637E-01   -0.25785E-01    0.77006E-02
   -0.85694E-03    0.36732E-02   -0.80816E-03   -0.15963E-01    0.30363E+00   -0.22682E-01   -0.27990E-01    0.85374E+02    0.66466E+02    0.19665E+02    0.30430E-01   -0.12290E+01   -0.20869E+01    0.37284E-01    0.10922E-01   -0.45709E-01   -0.59386E-06   -0.56718E-03    0.20268E+00    0.10972E+01    0.64013E-02    0.19901E+00   -0.10045E+01    0.96571E+00   -0.28930E+00   -0.36489E+00   -0.78909E-02   -0.59492E-01   -0.26754E-01    0.25689E-01    0.36676E-01   -0.13246E-01   -0.88552E-02   -0.13661E-01   -0.80148E-02   -0.27715E-01   -0.19578E-01   -0.90482E-02
   -0.79663E-03    0.37621E-02   -0.78602E-03   -0.13179E-01    0.30535E+00   -0.18628E-01   -0.20589E-01    0.19904E+02    0.19665E+02    0.97669E+02   -0.97872E+00   -0.36497E+02    0.72534E+00   -0.35410E+00   -0.20895E-01   -0.42446E+00    0.74365E-05    0.88452E-04    0.29037E-01    0.69533E+00    0.15436E-01    0.30512E+00    0.20851E+02   -0.10603E+01    0.66550E+00    0.11730E+02   -0.32133E-01   -0.64051E-01   -0.30486E-02    0.25851E-01    0.40060E-01   -0.72339E-02   -0.28720E-01   -0.73223E-02   -0.32330E-01   -0.99702E-02   -0.12311E-01   -0.58483E-01
    0.78559E-05   -0.44571E-04    0.76960E-05    0.63991E-04   -0.15109E-02    0.12654E-03    0.14008E-04   -0.28839E+00    0.30430E-01   -0.97872E+00    0.67201E+00    0.12424E+01    0.53433E+00    0.52528E-03   -0.16920E-02    0.14800E-02    0.40190E-05    0.18783E-04    0.50137E-02   -0.89544E+00    0.46543E-02    0.11847E-01   -0.29198E+00   -0.14924E+00   -0.68916E-01   -0.20937E+00    0.47278E-01    0.46295E-01   -0.51525E-02   -0.15946E-02   -0.13519E-02    0.12884E-03    0.27332E-03    0.12890E-03    0.30827E-03   -0.44057E-03    0.62765E-03    0.15443E-02
    0.97635E-04   -0.33063E-03    0.95691E-04    0.18090E-02   -0.49079E-01    0.25724E-02    0.39282E-02    0.25231E+01   -0.12290E+01   -0.36497E+02    0.12424E+01    0.24920E+02    0.18591E+01    0.20366E+00    0.18048E-01    0.33202E+00    0.83214E-05   -0.42085E-04   -0.38531E+00   -0.43464E+01    0.19984E+00   -0.59900E+00   -0.15860E+02    0.95092E-01   -0.10189E+01   -0.11554E+02    0.51780E-01    0.64644E-01   -0.85901E-02   -0.65476E-02   -0.39555E-02   -0.32519E-03    0.62332E-02   -0.92971E-03    0.86362E-02    0.55841E-03   -0.15522E-02    0.20404E-01
    0.22567E-04   -0.47880E-04    0.19498E-04    0.58093E-03   -0.56668E-02    0.74384E-03    0.13363E-02   -0.10359E+02   -0.20869E+01    0.72534E+00    0.53433E+00    0.18591E+01    0.19082E+01    0.15457E-01    0.16286E-01    0.18064E-01    0.68450E-05   -0.67706E-04   -0.19590E+00   -0.23483E+01    0.54767E-01   -0.14428E+00   -0.91425E+00   -0.69349E+00   -0.15780E+00   -0.14102E+01    0.38582E-01    0.63339E-01   -0.21727E-02   -0.11575E-02    0.47106E-03    0.54879E-03   -0.28651E-02    0.36785E-03   -0.27636E-02    0.38580E-02    0.41886E-03   -0.29938E-02
   -0.16242E-05    0.63171E-05   -0.10689E-05   -0.32325E-04    0.49052E-03   -0.41461E-04   -0.57220E-04   -0.57796E-01    0.37284E-01   -0.35410E+00    0.52528E-03    0.20366E+00    0.15457E-01    0.48806E-02   -0.12198E-03    0.19790E-02    0.45779E-07   -0.67672E-07   -0.96732E-03   -0.13195E-01   -0.48442E-04   -0.77110E-03   -0.14537E+00   -0.86921E-02   -0.28966E-02   -0.99494E-01    0.27384E-03    0.14888E-02    0.42825E-03   -0.12048E-04    0.82899E-04   -0.30312E-04   -0.86052E-05   -0.43236E-04    0.27549E-04    0.20224E-04   -0.50708E-04    0.17124E-03
   -0.32077E-06    0.20863E-05   -0.22537E-06   -0.65313E-06    0.28277E-03   -0.10241E-04    0.87441E-06   -0.70190E-01    0.10922E-01   -0.20895E-01   -0.16920E-02    0.18048E-01    0.16286E-01   -0.12198E-03    0.21881E-02   -0.15201E-03    0.60739E-07    0.64075E-06   -0.13914E-03   -0.98940E-02    0.31753E-03    0.54321E-02    0.10055E-02   -0.98331E-02    0.32279E-02    0.27629E-02    0.14975E-03    0.13070E-02   -0.40700E-03   -0.55285E-04   -0.52751E-04    0.24638E-05    0.21518E-04    0.64377E-06    0.23576E-04    0.38500E-04    0.13964E-05    0.60691E-04
    0.15801E-05   -0.29460E-05    0.11223E-05    0.33998E-04   -0.86618E-03    0.48728E-04    0.86802E-04    0.11505E+00   -0.45709E-01   -0.42446E+00    0.14800E-02    0.33202E+00    0.18064E-01    0.19790E-02   -0.15201E-03    0.66943E-02    0.33197E-07   -0.65445E-05   -0.50870E-02   -0.34960E-01    0.64424E-02   -0.11198E-01   -0.26402E+00    0.16649E-02   -0.14451E-01   -0.21226E+00   -0.23011E-03    0.42378E-03    0.31278E-03    0.44761E-05    0.12380E-03    0.89102E-05    0.12686E-04    0.28994E-05    0.47988E-04    0.82330E-04   -0.21373E-04    0.14705E-03
    0.20860E-08   -0.25051E-07    0.54112E-08    0.56190E-07   -0.10269E-05   -0.34928E-09    0.10529E-06    0.46814E-03   -0.59386E-06    0.74365E-05    0.40190E-05    0.83214E-05    0.68450E-05    0.45779E-07    0.60739E-07    0.33197E-07    0.15895E-06    0.64306E-08   -0.21927E-06   -0.43624E-05   -0.19547E-04    0.29617E-06   -0.37300E-05   -0.32909E-05   -0.80435E-06   -0.10141E-04    0.24030E-06    0.64444E-06    0.46269E-07   -0.62164E-07   -0.48681E-06    0.19621E-07   -0.32257E-08    0.12371E-07   -0.48905E-08   -0.16638E-08    0.22632E-07    0.25763E-07
   -0.64037E-08    0.69777E-07    0.20795E-08   -0.14963E-06    0.17323E-05    0.21469E-06    0.53553E-06   -0.42371E-02   -0.56718E-03    0.88452E-04    0.18783E-04   -0.42085E-04   -0.67706E-04   -0.67672E-07    0.64075E-06   -0.65445E-05    0.64306E-08    0.18147E-05    0.96000E-05    0.51004E-04    0.11066E-03    0.23599E-04    0.26638E-03    0.53624E-04    0.18803E-04    0.35749E-03   -0.58306E-06   -0.26383E-05   -0.13350E-05   -0.25137E-05   -0.15176E-05    0.38308E-06    0.80346E-06    0.48576E-06    0.84451E-06    0.38268E-06    0.53851E-06    0.11246E-05
   -0.50461E-05    0.13703E-04   -0.43339E-05   -0.13329E-03    0.25999E-02   -0.17743E-03   -0.30748E-03    0.85324E+00    0.20268E+00    0.29037E-01    0.50137E-02   -0.38531E+00   -0.19590E+00   -0.96732E-03   -0.13914E-03   -0.50870E-02   -0.21927E-06    0.96000E-05    0.66083E-01    0.38659E+00   -0.69097E-02    0.66265E-01    0.17320E+00    0.81410E-02    0.59957E-01    0.24587E+00    0.46027E-02    0.91780E-02    0.12057E-02   -0.23892E-03    0.13318E-03    0.17231E-04    0.23222E-03    0.42273E-04    0.25872E-03   -0.26890E-03    0.19645E-03    0.63306E-03
   -0.79773E-04    0.18952E-03   -0.72637E-04   -0.19020E-02    0.49999E-01   -0.19727E-02   -0.41129E-02    0.81127E+01    0.10972E+01    0.69533E+00   -0.89544E+00   -0.43464E+01   -0.23483E+01   -0.13195E-01   -0.98940E-02   -0.34960E-01   -0.43624E-05    0.51004E-04    0.38659E+00    0.46525E+01   -0.50131E-01    0.18158E+00    0.15585E+01    0.22055E+00    0.32607E+00    0.21923E+01   -0.40876E-01   -0.19601E-01    0.19233E-01   -0.37966E-02   -0.57846E-02    0.28939E-03    0.26894E-02    0.57855E-03    0.26594E-02   -0.10360E-02    0.11631E-02    0.37227E-02
   -0.15128E-04    0.15939E-03   -0.14845E-04   -0.44301E-03    0.44429E-02   -0.33811E-03    0.20718E-04    0.19206E+02    0.64013E-02    0.15436E-01    0.46543E-02    0.19984E+00    0.54767E-01   -0.48442E-04    0.31753E-03    0.64424E-02   -0.19547E-04    0.11066E-03   -0.69097E-02   -0.50131E-01    0.30747E+00   -0.10952E-01   -0.18232E+00   -0.20122E-01   -0.13882E-01   -0.18228E+00    0.42553E-03    0.19018E-02    0.41223E-03    0.11075E-04    0.60454E-03    0.21506E-03   -0.51575E-04    0.18166E-03   -0.35453E-04    0.30543E-03    0.88073E-04   -0.10654E-03
    0.13340E-04   -0.49402E-04    0.14491E-04    0.26197E-03   -0.81042E-02    0.20955E-03    0.43208E-03    0.24667E+00    0.19901E+00    0.30512E+00    0.11847E-01   -0.59900E+00   -0.14428E+00   -0.77110E-03    0.54321E-02   -0.11198E-01    0.29617E-06    0.23599E-04    0.66265E-01    0.18158E+00   -0.10952E-01    0.35590E+00    0.35680E+00    0.47605E-01    0.16678E+00    0.67132E+00    0.89307E-02    0.12726E-01   -0.44551E-02   -0.23593E-02   -0.22255E-02    0.64834E-03    0.16246E-04    0.74090E-03    0.69306E-04   -0.37941E-03    0.13544E-03    0.14492E-02
    0.68754E-04   -0.50311E-03    0.83027E-04    0.13962E-02   -0.24392E-01    0.14123E-02    0.12969E-02   -0.58284E+01   -0.10045E+01    0.20851E+02   -0.29198E+00   -0.15860E+02   -0.91425E+00   -0.14537E+00    0.10055E-02   -0.26402E+00   -0.37300E-05    0.26638E-03    0.17320E+00    0.15585E+01   -0.18232E+00    0.35680E+00    0.20096E+02    0.15628E+00    0.64600E+00    0.93796E+01   -0.12254E-01   -0.55196E-01   -0.14824E-01    0.85577E-02    0.65164E-02    0.15114E-02    0.21777E-01    0.19849E-02    0.13639E-01   -0.72332E-03    0.29148E-02   -0.88194E-02
    0.29868E-04   -0.10413E-03    0.30401E-04    0.51327E-03   -0.18068E-01    0.49572E-03    0.90979E-03    0.50109E+01    0.96571E+00   -0.10603E+01   -0.14924E+00    0.95092E-01   -0.69349E+00   -0.86921E-02   -0.98331E-02    0.16649E-02   -0.32909E-05    0.53624E-04    0.81410E-02    0.22055E+00   -0.20122E-01    0.47605E-01    0.15628E+00    0.20947E+01    0.19177E-01    0.30519E+00   -0.82608E-01   -0.98432E-01   -0.46668E-02    0.24866E-02    0.30217E-02   -0.38070E-03    0.14474E-02   -0.34921E-03    0.13164E-02    0.37627E-03    0.38993E-04    0.14156E-02
    0.26104E-04   -0.10501E-03    0.25590E-04    0.43780E-03   -0.13725E-01    0.43432E-03    0.67545E-03   -0.92123E+00   -0.28930E+00    0.66550E+00   -0.68916E-01   -0.10189E+01   -0.15780E+00   -0.28966E-02    0.32279E-02   -0.14451E-01   -0.80435E-06    0.18803E-04    0.59957E-01    0.32607E+00   -0.13882E-01    0.16678E+00    0.64600E+00    0.19177E-01    0.26630E+00    0.59532E+00    0.29081E-02    0.10997E-01    0.30618E-03    0.59675E-03    0.15410E-02    0.20919E-03   -0.31253E-05    0.19379E-03   -0.33266E-04    0.48280E-03    0.31839E-03    0.18422E-03
    0.81033E-04   -0.60360E-03    0.11649E-03    0.11390E-02   -0.30918E-01    0.13261E-02    0.50479E-03   -0.54382E+00   -0.36489E+00    0.11730E+02   -0.20937E+00   -0.11554E+02   -0.14102E+01   -0.99494E-01    0.27629E-02   -0.21226E+00   -0.10141E-04    0.35749E-03    0.24587E+00    0.21923E+01   -0.18228E+00    0.67132E+00    0.93796E+01    0.30519E+00    0.59532E+00    0.19989E+02   -0.93189E-02   -0.78100E-01   -0.26920E-01   -0.47014E-02   -0.23970E-01    0.17462E-02    0.25196E-02    0.19792E-02    0.14573E-02   -0.56186E-03    0.50066E-02    0.29533E-01
   -0.45642E-07   -0.18672E-05   -0.68066E-07   -0.72123E-05    0.58822E-04   -0.39209E-05   -0.24578E-04   -0.77551E-01   -0.78909E-02   -0.32133E-01    0.47278E-01    0.51780E-01    0.38582E-01    0.27384E-03    0.14975E-03   -0.23011E-03    0.24030E-06   -0.58306E-06    0.46027E-02   -0.40876E-01    0.42553E-03    0.89307E-02   -0.12254E-01   -0.82608E-01    0.29081E-02   -0.93189E-02    0.80098E-02    0.75774E-02   -0.21345E-03   -0.17669E-03   -0.14964E-03    0.16173E-04   -0.14762E-04    0.18165E-04   -0.47474E-05   -0.58141E-04    0.42962E-04    0.92403E-04
   -0.65335E-06    0.21451E-05   -0.59697E-06   -0.25652E-04    0.66118E-03   -0.22592E-04   -0.55604E-04   -0.35878E+00   -0.59492E-01   -0.64051E-01    0.46295E-01    0.64644E-01    0.63339E-01    0.14888E-02    0.13070E-02    0.42378E-03    0.64444E-06   -0.26383E-05    0.91780E-02   -0.19601E-01    0.19018E-02    0.12726E-01   -0.55196E-01   -0.98432E-01    0.10997E-01   -0.78100E-01    0.75774E-02    0.14017E-01    0.50238E-03   -0.24124E-03    0.11328E-03    0.35455E-04   -0.76395E-04    0.33454E-04   -0.57029E-04    0.79137E-04    0.88453E-04   -0.93852E-04
   -0.20556E-06    0.71874E-06   -0.16559E-06   -0.69733E-05    0.18074E-03   -0.35605E-05   -0.12999E-04   -0.58744E-01   -0.26754E-01   -0.30486E-02   -0.51525E-02   -0.85901E-02   -0.21727E-02    0.42825E-03   -0.40700E-03    0.31278E-03    0.46269E-07   -0.13350E-05    0.12057E-02    0.19233E-01    0.41223E-03   -0.44551E-02   -0.14824E-01   -0.46668E-02    0.30618E-03   -0.26920E-01   -0.21345E-03    0.50238E-03    0.54571E-03    0.35835E-04    0.74432E-04    0.30255E-05   -0.22264E-04    0.61754E-05   -0.19125E-04    0.50910E-04    0.15835E-04   -0.78066E-04
   -0.56172E-06    0.27284E-05   -0.31911E-06   -0.18344E-05   -0.96421E-04   -0.49463E-05    0.18389E-05    0.39483E-01    0.25689E-01    0.25851E-01   -0.15946E-02   -0.65476E-02   -0.11575E-02   -0.12048E-04   -0.55285E-04    0.44761E-05   -0.62164E-07   -0.25137E-05   -0.23892E-03   -0.37966E-02    0.11075E-04   -0.23593E-02    0.85577E-02    0.24866E-02    0.59675E-03   -0.47014E-02   -0.17669E-03   -0.24124E-03    0.35835E-04    0.35906E-01    0.13785E-03    0.12763E-03    0.10154E-03   -0.23712E-04   -0.67708E-05   -0.72469E-05   -0.77358E-05   -0.16924E-04
   -0.10109E-05    0.57829E-05   -0.11883E-05   -0.93963E-05    0.30629E-03   -0.17509E-04   -0.56241E-05    0.89671E-01    0.36676E-01    0.40060E-01   -0.13519E-02   -0.39555E-02    0.47106E-03    0.82899E-04   -0.52751E-04    0.12380E-03   -0.48681E-06   -0.15176E-05    0.13318E-03   -0.57846E-02    0.60454E-03   -0.22255E-02    0.65164E-02    0.30217E-02    0.15410E-02   -0.23970E-01   -0.14964E-03    0.11328E-03    0.74432E-04    0.13785E-03    0.39576E-01   -0.37818E-04   -0.17986E-04    0.15626E-03    0.91697E-04   -0.60627E-04   -0.39449E-04   -0.10135E-03
    0.43980E-06   -0.20442E-05    0.46256E-06    0.77702E-05   -0.15636E-03    0.10704E-04    0.13300E-04   -0.19454E-01   -0.13246E-01   -0.72339E-02    0.12884E-03   -0.32519E-03    0.54879E-03   -0.30312E-04    0.24638E-05    0.89102E-05    0.19621E-07    0.38308E-06    0.17231E-04    0.28939E-03    0.21506E-03    0.64834E-03    0.15114E-02   -0.38070E-03    0.20919E-03    0.17462E-02    0.16173E-04    0.35455E-04    0.30255E-05    0.12763E-03   -0.37818E-04    0.53087E-04    0.82594E-05    0.11408E-04    0.74988E-05    0.12419E-04    0.10693E-04    0.84313E-05
    0.55328E-06   -0.31266E-05    0.62213E-06    0.99099E-05   -0.20582E-03    0.12989E-04    0.13897E-04    0.38524E-02   -0.88552E-02   -0.28720E-01    0.27332E-03    0.62332E-02   -0.28651E-02   -0.86052E-05    0.21518E-04    0.12686E-04   -0.32257E-08    0.80346E-06    0.23222E-03    0.26894E-02   -0.51575E-04    0.16246E-04    0.21777E-01    0.14474E-02   -0.31253E-05    0.25196E-02   -0.14762E-04   -0.76395E-04   -0.22264E-04    0.10154E-03   -0.17986E-04    0.82594E-05    0.18014E-03    0.95178E-05    0.66489E-04    0.21166E-05    0.10611E-04    0.29188E-04
    0.45561E-06   -0.20412E-05    0.46013E-06    0.86044E-05   -0.17003E-03    0.11010E-04    0.14929E-04   -0.22190E-01   -0.13661E-01   -0.73223E-02    0.12890E-03   -0.92971E-03    0.36785E-03   -0.43236E-04    0.64377E-06    0.28994E-05    0.12371E-07    0.48576E-06    0.42273E-04    0.57855E-03    0.18166E-03    0.74090E-03    0.19849E-02   -0.34921E-03    0.19379E-03    0.19792E-02    0.18165E-04    0.33454E-04    0.61754E-05   -0.23712E-04    0.15626E-03    0.11408E-04    0.95178E-05    0.52091E-04    0.95746E-05    0.12194E-04    0.11220E-04    0.81378E-05
    0.53298E-06   -0.28039E-05    0.58194E-06    0.90616E-05   -0.19945E-03    0.11803E-04    0.13184E-04    0.18721E-02   -0.80148E-02   -0.32330E-01    0.30827E-03    0.86362E-02   -0.27636E-02    0.27549E-04    0.23576E-04    0.47988E-04   -0.48905E-08    0.84451E-06    0.25872E-03    0.26594E-02   -0.35453E-04    0.69306E-04    0.13639E-01    0.13164E-02   -0.33266E-04    0.14573E-02   -0.47474E-05   -0.57029E-04   -0.19125E-04   -0.67708E-05    0.91697E-04    0.74988E-05    0.66489E-04    0.95746E-05    0.10652E-03    0.22923E-05    0.10833E-04    0.31990E-04
    0.90563E-06   -0.39489E-05    0.81663E-06    0.13774E-04   -0.31930E-03    0.19055E-04    0.21934E-04   -0.48637E-01   -0.27715E-01   -0.99702E-02   -0.44057E-03    0.55841E-03    0.38580E-02    0.20224E-04    0.38500E-04    0.82330E-04   -0.16638E-08    0.38268E-06   -0.26890E-03   -0.10360E-02    0.30543E-03   -0.37941E-03   -0.72332E-03    0.37627E-03    0.48280E-03   -0.56186E-03   -0.58141E-04    0.79137E-04    0.50910E-04   -0.72469E-05   -0.60627E-04    0.12419E-04    0.21166E-05    0.12194E-04    0.22923E-05    0.38035E-03    0.32214E-04    0.99553E-06
    0.85612E-06   -0.39220E-05    0.84464E-06    0.12696E-04   -0.32716E-03    0.17424E-04    0.19038E-04   -0.25785E-01   -0.19578E-01   -0.12311E-01    0.62765E-03   -0.15522E-02    0.41886E-03   -0.50708E-04    0.13964E-05   -0.21373E-04    0.22632E-07    0.53851E-06    0.19645E-03    0.11631E-02    0.88073E-04    0.13544E-03    0.29148E-02    0.38993E-04    0.31839E-03    0.50066E-02    0.42962E-04    0.88453E-04    0.15835E-04   -0.77358E-05   -0.39449E-04    0.10693E-04    0.10611E-04    0.11220E-04    0.10833E-04    0.32214E-04    0.92393E-04    0.28020E-04
    0.64044E-06   -0.34571E-05    0.71537E-06    0.93069E-05   -0.25423E-03    0.13193E-04    0.11570E-04    0.77006E-02   -0.90482E-02   -0.58483E-01    0.15443E-02    0.20404E-01   -0.29938E-02    0.17124E-03    0.60691E-04    0.14705E-03    0.25763E-07    0.11246E-05    0.63306E-03    0.37227E-02   -0.10654E-03    0.14492E-02   -0.88194E-02    0.14156E-02    0.18422E-03    0.29533E-01    0.92403E-04   -0.93852E-04   -0.78066E-04   -0.16924E-04   -0.10135E-03    0.84313E-05    0.29188E-04    0.81378E-05    0.31990E-04    0.99553E-06    0.28020E-04    0.53513E-03
