# omegabh2 omegach2 theta tau yhe logA ns aps100 aps143 aps217 acib143 acib217 asz143 psr cibr ncib xi aksz cal0 cal2 bm_1_1
    0.6550598E-07   -0.5751323E-07    0.1095422E-06    0.9777285E-06    0.2710846E-05    0.2627688E-05    0.1158110E-05    0.9655155E-04    0.2425998E-03   -0.3545494E-03   -0.5451589E-04    0.1692824E-03    0.3938436E-04   -0.5596876E-05    0.3212350E-05   -0.1020788E-05   -0.1004308E-05    0.7317172E-04    0.2542844E-07   -0.5633836E-08   -0.1339672E-04
   -0.5751323E-07    0.1292066E-05    0.7444722E-07   -0.5152115E-05    0.3719695E-05   -0.6474212E-05   -0.1353605E-05    0.3720639E-02    0.2014198E-02   -0.6282728E-03    0.4953773E-04    0.7701638E-03   -0.1558894E-03   -0.8851687E-05    0.1474961E-04   -0.2050109E-05    0.1612820E-04    0.2132639E-03    0.3432580E-07    0.2341205E-07   -0.9567847E-05
    0.1095422E-06    0.7444722E-07    0.5369598E-06    0.1753954E-05    0.1167365E-04    0.6834563E-05    0.4298994E-05    0.3679019E-02    0.2645502E-02   -0.1101966E-02    0.2578135E-03    0.1419102E-02   -0.8902793E-06   -0.7062868E-05    0.1743737E-04    0.8100874E-05   -0.4800716E-05    0.3766043E-03    0.6555724E-07    0.6092619E-07   -0.4221560E-05
    0.9777285E-06   -0.5152115E-05    0.1753954E-05    0.1092471E-03    0.2577608E-04    0.2080829E-03    0.2308523E-04    0.3517904E-02   -0.4857420E-02    0.1095256E-01    0.7474748E-03   -0.7543936E-02   -0.8103793E-03   -0.2045734E-03   -0.1513202E-03   -0.1974371E-03   -0.2259721E-03    0.2324958E-02   -0.3231995E-07   -0.3534237E-06   -0.8940269E-03
    0.2710846E-05    0.3719695E-05    0.1167365E-04    0.2577608E-04    0.3696002E-03    0.1580101E-03    0.1245329E-03    0.1138642E+00    0.8505286E-01   -0.4318147E-01    0.1109553E-01    0.4974812E-01   -0.2285720E-02   -0.2922793E-03    0.6291422E-03    0.3221349E-03    0.1255033E-03    0.1254907E-01    0.1156191E-05    0.3671600E-05    0.2127782E-03
    0.2627688E-05   -0.6474212E-05    0.6834563E-05    0.2080829E-03    0.1580101E-03    0.4411736E-03    0.7531687E-04    0.2033734E-01    0.2411613E-01    0.1510060E-01    0.2188424E-02   -0.4965764E-03   -0.3731127E-02   -0.4731250E-03   -0.2169159E-03   -0.1924690E-03   -0.3273438E-03    0.6650099E-02    0.5423502E-06    0.1988508E-05   -0.1157697E-02
    0.1158110E-05   -0.1353605E-05    0.4298994E-05    0.2308523E-04    0.1245329E-03    0.7531687E-04    0.5846782E-04    0.2084545E-01    0.2608661E-01    0.9128809E-02   -0.1580315E-02    0.5288276E-02   -0.1865572E-03    0.5109157E-04    0.4326579E-04    0.1735825E-04    0.9828153E-05    0.2108151E-02    0.6722722E-06    0.1715466E-05    0.2326554E-03
    0.9655155E-04    0.3720639E-02    0.3679019E-02    0.3517904E-02    0.1138642E+00    0.2033734E-01    0.2084545E-01    0.2321161E+04    0.4109451E+02   -0.1904282E+03    0.5192538E+02    0.1165230E+03   -0.4350958E+02   -0.2343651E+01    0.9314029E+00    0.3112568E+00   -0.1867219E+01   -0.3408078E+01    0.3957800E-02   -0.5880092E-02    0.9197078E+01
    0.2425998E-03    0.2014198E-02    0.2645502E-02   -0.4857420E-02    0.8505286E-01    0.2411613E-01    0.2608661E-01    0.4109451E+02    0.1683107E+03    0.4444143E+02   -0.2875167E+02    0.3761754E+01   -0.4235843E+01    0.3712420E+00    0.1275059E+00    0.2960650E+00    0.1394087E+01   -0.9036231E+01    0.1211713E-02    0.2877895E-02    0.1190680E+00
   -0.3545494E-03   -0.6282728E-03   -0.1101966E-02    0.1095256E-01   -0.4318147E-01    0.1510060E-01    0.9128809E-02   -0.1904282E+03    0.4444143E+02    0.4393905E+03   -0.4608194E+02   -0.2098984E+03   -0.1290850E+01    0.1352429E+01   -0.2085921E+01   -0.2151519E+01    0.1328045E+01   -0.6598974E+01    0.4561233E-03   -0.3018995E-03    0.2917626E+00
   -0.5451589E-04    0.4953773E-04    0.2578135E-03    0.7474748E-03    0.1109553E-01    0.2188424E-02   -0.1580315E-02    0.5192538E+02   -0.2875167E+02   -0.4608194E+02    0.2846735E+02    0.2466370E+02   -0.2535081E+01   -0.2381848E+00    0.1165895E+00    0.2334061E+00    0.7714236E-01   -0.1148027E+00   -0.9327958E-03   -0.2156976E-02   -0.2705214E+00
    0.1692824E-03    0.7701638E-03    0.1419102E-02   -0.7543936E-02    0.4974812E-01   -0.4965764E-03    0.5288276E-02    0.1165230E+03    0.3761754E+01   -0.2098984E+03    0.2466370E+02    0.1157901E+03    0.8323071E-01   -0.5918226E+00    0.1029977E+01    0.1352162E+01   -0.5263767E+00   -0.2030371E+01   -0.5424689E-04    0.3422487E-03    0.1558426E+00
    0.3938436E-04   -0.1558894E-03   -0.8902793E-06   -0.8103793E-03   -0.2285720E-02   -0.3731127E-02   -0.1865572E-03   -0.4350958E+02   -0.4235843E+01   -0.1290850E+01   -0.2535081E+01    0.8323071E-01    0.5826513E+01    0.6255162E-01    0.1938125E+00   -0.5877189E-01    0.1509153E-01   -0.7564566E+00    0.3025076E-03   -0.1983394E-04   -0.2430594E-01
   -0.5596876E-05   -0.8851687E-05   -0.7062868E-05   -0.2045734E-03   -0.2922793E-03   -0.4731250E-03    0.5109157E-04   -0.2343651E+01    0.3712420E+00    0.1352429E+01   -0.2381848E+00   -0.5918226E+00    0.6255162E-01    0.2947811E-01   -0.1371558E-01    0.1185303E-02    0.1815732E-01    0.1633821E-01   -0.6895294E-05   -0.2416313E-04    0.6102764E-02
    0.3212350E-05    0.1474961E-04    0.1743737E-04   -0.1513202E-03    0.6291422E-03   -0.2169159E-03    0.4326579E-04    0.9314029E+00    0.1275059E+00   -0.2085921E+01    0.1165895E+00    0.1029977E+01    0.1938125E+00   -0.1371558E-01    0.3714692E-01    0.2275696E-03   -0.1211272E-02   -0.5967098E-01   -0.5917577E-06    0.6889236E-04   -0.1783980E-02
   -0.1020788E-05   -0.2050109E-05    0.8100874E-05   -0.1974371E-03    0.3221349E-03   -0.1924690E-03    0.1735825E-04    0.3112568E+00    0.2960650E+00   -0.2151519E+01    0.2334061E+00    0.1352162E+01   -0.5877189E-01    0.1185303E-02    0.2275696E-03    0.2973205E-01    0.1320585E-02    0.7211615E-03   -0.1833440E-05   -0.7661854E-04    0.1208720E-01
   -0.1004308E-05    0.1612820E-04   -0.4800716E-05   -0.2259721E-03    0.1255033E-03   -0.3273438E-03    0.9828153E-05   -0.1867219E+01    0.1394087E+01    0.1328045E+01    0.7714236E-01   -0.5263767E+00    0.1509153E-01    0.1815732E-01   -0.1211272E-02    0.1320585E-02    0.7573988E-01   -0.5286803E-02    0.1732664E-05   -0.5286241E-04   -0.3629795E-02
    0.7317172E-04    0.2132639E-03    0.3766043E-03    0.2324958E-02    0.1254907E-01    0.6650099E-02    0.2108151E-02   -0.3408078E+01   -0.9036231E+01   -0.6598974E+01   -0.1148027E+00   -0.2030371E+01   -0.7564566E+00    0.1633821E-01   -0.5967098E-01    0.7211615E-03   -0.5286803E-02    0.7563357E+01   -0.1538185E-03   -0.4007814E-03    0.5253542E-01
    0.2542844E-07    0.3432580E-07    0.6555724E-07   -0.3231995E-07    0.1156191E-05    0.5423502E-06    0.6722722E-06    0.3957800E-02    0.1211713E-02    0.4561233E-03   -0.9327958E-03   -0.5424689E-04    0.3025076E-03   -0.6895294E-05   -0.5917577E-06   -0.1833440E-05    0.1732664E-05   -0.1538185E-03    0.8160327E-06    0.7736425E-07   -0.7028367E-04
   -0.5633836E-08    0.2341205E-07    0.6092619E-07   -0.3534237E-06    0.3671600E-05    0.1988508E-05    0.1715466E-05   -0.5880092E-02    0.2877895E-02   -0.3018995E-03   -0.2156976E-02    0.3422487E-03   -0.1983394E-04   -0.2416313E-04    0.6889236E-04   -0.7661854E-04   -0.5286241E-04   -0.4007814E-03    0.7736425E-07    0.5275158E-05    0.2636965E-03
   -0.1339672E-04   -0.9567847E-05   -0.4221560E-05   -0.8940269E-03    0.2127782E-03   -0.1157697E-02    0.2326554E-03    0.9197078E+01    0.1190680E+00    0.2917626E+00   -0.2705214E+00    0.1558426E+00   -0.2430594E-01    0.6102764E-02   -0.1783980E-02    0.1208720E-01   -0.3629795E-02    0.5253542E-01   -0.7028367E-04    0.2636965E-03    0.2371744E+00
