# omegabh2 omegach2 theta tau Alens logA ns aps100 aps143 aps217 acib143 acib217 asz143 psr cibr ncib xi aksz cal0 cal2 calTE calEE bm_1_1
    0.3400214E-07   -0.2050601E-06    0.3236144E-07    0.2472367E-06    0.3176176E-05    0.8627344E-07    0.5375858E-06   -0.4098755E-03   -0.2496491E-03    0.2902116E-03   -0.4150063E-04   -0.2482667E-03    0.3584869E-05    0.7345626E-06   -0.2953750E-05   -0.3260329E-05    0.9180322E-06   -0.5104720E-04    0.6188083E-08   -0.1198300E-07   -0.1396696E-06   -0.2313466E-06   -0.4877225E-05
   -0.2050601E-06    0.2584086E-05   -0.2728537E-06   -0.2214281E-05   -0.3626725E-04    0.1449824E-05   -0.6039713E-05    0.6083385E-02    0.1516441E-02   -0.1970408E-02    0.1389476E-04    0.1465196E-02   -0.4159568E-04   -0.1593765E-05    0.2041513E-04    0.2107698E-04   -0.9348859E-05    0.4490332E-03   -0.5186897E-07    0.1002589E-06    0.6930758E-06   -0.2960127E-06    0.7266338E-04
    0.3236144E-07   -0.2728537E-06    0.1153285E-06    0.2565271E-06    0.5674144E-05   -0.3709226E-07    0.7662782E-06   -0.5581389E-03   -0.2427788E-03    0.1255540E-03    0.4294553E-04   -0.7993715E-04    0.7243106E-05    0.1553017E-05   -0.1825508E-05   -0.4733933E-07    0.8425544E-06   -0.5759004E-04   -0.9832722E-08   -0.1219926E-07   -0.2132700E-06   -0.6417988E-07   -0.4790362E-05
    0.2472367E-06   -0.2214281E-05    0.2565271E-06    0.1780702E-03   -0.2930635E-03    0.3465533E-03    0.1327363E-04   -0.2406607E-03   -0.8175918E-02    0.5872784E-02    0.9507385E-03   -0.5131548E-02   -0.1487817E-03   -0.1097982E-04   -0.1025331E-03   -0.6002271E-04   -0.5262033E-05   -0.7149155E-03   -0.3052432E-07   -0.2117033E-05   -0.5180959E-05   -0.5565816E-05   -0.2053545E-03
    0.3176176E-05   -0.3626725E-04    0.5674144E-05   -0.2930635E-03    0.1788580E-02   -0.6703903E-03    0.8803735E-04   -0.1430055E+00   -0.2382227E-01    0.1246413E-01   -0.4520750E-03   -0.1419033E-01    0.2706794E-02   -0.2456137E-04   -0.1203528E-03   -0.1576601E-03    0.1081591E-03   -0.8353539E-02    0.6435575E-06   -0.1601547E-05   -0.3191623E-04   -0.6204813E-05   -0.1788725E-02
    0.8627344E-07    0.1449824E-05   -0.3709226E-07    0.3465533E-03   -0.6703903E-03    0.6934872E-03    0.1225857E-04    0.1593425E-01   -0.7415022E-02    0.1426103E-01   -0.8453959E-03   -0.9251831E-02   -0.1321165E-02   -0.1979011E-04   -0.2305069E-03   -0.5347530E-04   -0.1425663E-04   -0.1576652E-02    0.3213594E-07   -0.2478370E-05   -0.6486005E-05   -0.7686933E-05    0.2652213E-03
    0.5375858E-06   -0.6039713E-05    0.7662782E-06    0.1327363E-04    0.8803735E-04    0.1225857E-04    0.2660370E-04   -0.2499145E-01   -0.2876078E-02    0.1556758E-01   -0.2920862E-02   -0.8746984E-02   -0.8699195E-03    0.4647998E-04   -0.1649433E-03   -0.6438885E-04    0.9682823E-04   -0.3785745E-02   -0.5204117E-07    0.4154656E-06   -0.2853949E-05   -0.2351769E-05    0.7141278E-04
   -0.4098755E-03    0.6083385E-02   -0.5581389E-03   -0.2406607E-03   -0.1430055E+00    0.1593425E-01   -0.2499145E-01    0.2470300E+04    0.8691917E+02   -0.1061964E+03    0.5677379E+02    0.7486564E+02   -0.5934239E+02   -0.7687772E+00   -0.1014706E+01    0.8874406E+00    0.4377589E+00   -0.1403897E+02    0.3142493E-02    0.1903095E-02    0.1742579E-02    0.5251965E-03    0.1199423E+02
   -0.2496491E-03    0.1516441E-02   -0.2427788E-03   -0.8175918E-02   -0.2382227E-01   -0.7415022E-02   -0.2876078E-02    0.8691917E+02    0.1101274E+03    0.2382321E+02   -0.1869099E+02    0.1226004E+01   -0.6874803E+01   -0.1464799E+00    0.7564525E-01    0.7822911E-01    0.1063750E+01   -0.1119076E+02   -0.1327835E-04    0.1802582E-02    0.3524297E-02    0.6182493E-02    0.4615775E+00
    0.2902116E-03   -0.1970408E-02    0.1255540E-03    0.5872784E-02    0.1246413E-01    0.1426103E-01    0.1556758E-01   -0.1061964E+03    0.2382321E+02    0.2836413E+03   -0.2448695E+02   -0.1304216E+03    0.1468709E+01    0.3292968E-01   -0.1471241E+01   -0.1759985E+01    0.3990908E+00   -0.8861997E+01   -0.2839671E-03   -0.2854522E-02    0.3733281E-02    0.3811432E-02   -0.2125045E-01
   -0.4150063E-04    0.1389476E-04    0.4294553E-04    0.9507385E-03   -0.4520750E-03   -0.8453959E-03   -0.2920862E-02    0.5677379E+02   -0.1869099E+02   -0.2448695E+02    0.2135431E+02    0.1479285E+02   -0.1420126E+01    0.1689500E-01    0.1140453E-01    0.1831799E+00    0.1693504E+00   -0.1507954E+01   -0.1067611E-03   -0.1244713E-02   -0.9615861E-03   -0.1162171E-02   -0.2829293E+00
   -0.2482667E-03    0.1465196E-02   -0.7993715E-04   -0.5131548E-02   -0.1419033E-01   -0.9251831E-02   -0.8746984E-02    0.7486564E+02    0.1226004E+01   -0.1304216E+03    0.1479285E+02    0.7115952E+02   -0.7283143E-01    0.4874939E-01    0.7139417E+00    0.1058663E+01   -0.2163842E+00   -0.2139573E+01    0.1173282E-03    0.8306190E-03   -0.8430745E-03   -0.1144661E-03    0.1712153E+00
    0.3584869E-05   -0.4159568E-04    0.7243106E-05   -0.1487817E-03    0.2706794E-02   -0.1321165E-02   -0.8699195E-03   -0.5934239E+02   -0.6874803E+01    0.1468709E+01   -0.1420126E+01   -0.7283143E-01    0.6828423E+01    0.6788621E-01    0.2294833E+00   -0.6054285E-02   -0.6943355E-01   -0.4286026E+00    0.1169131E-03   -0.8393988E-03   -0.3663680E-03   -0.7097677E-03    0.5811561E-01
    0.7345626E-06   -0.1593765E-05    0.1553017E-05   -0.1097982E-04   -0.2456137E-04   -0.1979011E-04    0.4647998E-04   -0.7687772E+00   -0.1464799E+00    0.3292968E-01    0.1689500E-01    0.4874939E-01    0.6788621E-01    0.1366680E-01   -0.7198597E-02    0.5020051E-02    0.7442891E-02   -0.1501167E-01    0.8395007E-06   -0.2109062E-04    0.5423898E-05    0.7323195E-05    0.1798767E-02
   -0.2953750E-05    0.2041513E-04   -0.1825508E-05   -0.1025331E-03   -0.1203528E-03   -0.2305069E-03   -0.1649433E-03   -0.1014706E+01    0.7564525E-01   -0.1471241E+01    0.1140453E-01    0.7139417E+00    0.2294833E+00   -0.7198597E-02    0.5022771E-01    0.1411672E-02    0.4969398E-02   -0.3842524E-01   -0.3558548E-07    0.7669188E-04   -0.5973712E-04   -0.5387896E-04    0.3748970E-02
   -0.3260329E-05    0.2107698E-04   -0.4733933E-07   -0.6002271E-04   -0.1576601E-03   -0.5347530E-04   -0.6438885E-04    0.8874406E+00    0.7822911E-01   -0.1759985E+01    0.1831799E+00    0.1058663E+01   -0.6054285E-02    0.5020051E-02    0.1411672E-02    0.2582187E-01    0.4112672E-03   -0.1635254E-01    0.4919387E-05   -0.6901274E-04   -0.5540336E-05    0.2819347E-04    0.1238623E-01
    0.9180322E-06   -0.9348859E-05    0.8425544E-06   -0.5262033E-05    0.1081591E-03   -0.1425663E-04    0.9682823E-04    0.4377589E+00    0.1063750E+01    0.3990908E+00    0.1693504E+00   -0.2163842E+00   -0.6943355E-01    0.7442891E-02    0.4969398E-02    0.4112672E-03    0.8270026E-01    0.2361378E-01   -0.4727727E-05    0.1687809E-05   -0.1364506E-05    0.2621233E-04    0.4793042E-02
   -0.5104720E-04    0.4490332E-03   -0.5759004E-04   -0.7149155E-03   -0.8353539E-02   -0.1576652E-02   -0.3785745E-02   -0.1403897E+02   -0.1119076E+02   -0.8861997E+01   -0.1507954E+01   -0.2139573E+01   -0.4286026E+00   -0.1501167E-01   -0.3842524E-01   -0.1635254E-01    0.2361378E-01    0.7987949E+01    0.3828523E-04    0.1274855E-03   -0.1346499E-04   -0.3537730E-03    0.2373298E-01
    0.6188083E-08   -0.5186897E-07   -0.9832722E-08   -0.3052432E-07    0.6435575E-06    0.3213594E-07   -0.5204117E-07    0.3142493E-02   -0.1327835E-04   -0.2839671E-03   -0.1067611E-03    0.1173282E-03    0.1169131E-03    0.8395007E-06   -0.3558548E-07    0.4919387E-05   -0.4727727E-05    0.3828523E-04    0.8335205E-06    0.2914593E-07   -0.2424160E-07    0.1119814E-06   -0.8615750E-04
   -0.1198300E-07    0.1002589E-06   -0.1219926E-07   -0.2117033E-05   -0.1601547E-05   -0.2478370E-05    0.4154656E-06    0.1903095E-02    0.1802582E-02   -0.2854522E-02   -0.1244713E-02    0.8306190E-03   -0.8393988E-03   -0.2109062E-04    0.7669188E-04   -0.6901274E-04    0.1687809E-05    0.1274855E-03    0.2914593E-07    0.5676512E-05    0.1336287E-05    0.1127913E-05    0.2623375E-03
   -0.1396696E-06    0.6930758E-06   -0.2132700E-06   -0.5180959E-05   -0.3191623E-04   -0.6486005E-05   -0.2853949E-05    0.1742579E-02    0.3524297E-02    0.3733281E-02   -0.9615861E-03   -0.8430745E-03   -0.3663680E-03    0.5423898E-05   -0.5973712E-04   -0.5540336E-05   -0.1364506E-05   -0.1346499E-04   -0.2424160E-07    0.1336287E-05    0.2249091E-04    0.7588051E-05    0.3399798E-03
   -0.2313466E-06   -0.2960127E-06   -0.6417988E-07   -0.5565816E-05   -0.6204813E-05   -0.7686933E-05   -0.2351769E-05    0.5251965E-03    0.6182493E-02    0.3811432E-02   -0.1162171E-02   -0.1144661E-03   -0.7097677E-03    0.7323195E-05   -0.5387896E-04    0.2819347E-04    0.2621233E-04   -0.3537730E-03    0.1119814E-06    0.1127913E-05    0.7588051E-05    0.2137676E-04    0.3175741E-03
   -0.4877225E-05    0.7266338E-04   -0.4790362E-05   -0.2053545E-03   -0.1788725E-02    0.2652213E-03    0.7141278E-04    0.1199423E+02    0.4615775E+00   -0.2125045E-01   -0.2829293E+00    0.1712153E+00    0.5811561E-01    0.1798767E-02    0.3748970E-02    0.1238623E-01    0.4793042E-02    0.2373298E-01   -0.8615750E-04    0.2623375E-03    0.3399798E-03    0.3175741E-03    0.2564300E+00
