# omegabh2 omegach2 theta tau logA ns calPlanck
  6.5591409E-08  -2.0493135E-07   3.6486862E-08   4.1541371E-07   1.0615153E-06   1.6803859E-06   2.5181690E-08
 -2.0493135E-07   4.2951661E-06  -3.6238241E-07  -2.9928240E-06   5.4490140E-06  -1.0255510E-05  -9.8897371E-08
  3.6486862E-08  -3.6238241E-07   2.6034384E-07   3.1994533E-07  -7.6778180E-10   1.3111473E-06   3.6765067E-08
  4.1541371E-07  -2.9928240E-06   3.1994533E-07   7.6796159E-05   1.5569671E-04   2.2419261E-05   3.4840965E-08
  1.0615153E-06   5.4490140E-06  -7.6778180E-10   1.5569671E-04   4.2129712E-04   4.6533504E-05   1.3200115E-05
  1.6803859E-06  -1.0255510E-05   1.3111473E-06   2.2419261E-05   4.6533504E-05   1.2690321E-04   9.7192314E-07
  2.5181690E-08  -9.8897371E-08   3.6765067E-08   3.4840965E-08   1.3200115E-05   9.7192314E-07   6.3177976E-06
