# omegabh2 omegach2 theta tau w logA ns alpha_JLA beta_JLA acib217 acibsz143 asz143 aps100 aps143 aps143217 aps217 aksz kgal100 t1gal143 t1gal143217 t1gal217 galfEE100 galfEE100143 galfEE100217 galfEE143 galfEE143217 galfEE217 galfTE100 galfTE100143 galfTE100217 galfTE143 galfTE143217 galfTE217 calib_100T calib_217T
    0.2083682E-07   -0.9167109E-07    0.1410086E-07    0.5469289E-06    0.1728276E-05    0.9984706E-06    0.2784978E-06   -0.2895673E-07   -0.6906301E-06   -0.1358649E-03   -0.9263319E-04   -0.1231302E-04   -0.1967004E-03   -0.1947121E-05    0.1378417E-03    0.5664267E-04   -0.2387153E-04    0.1301940E-03   -0.1813496E-03   -0.1681148E-03   -0.1663258E-03    0.1526704E-06    0.1429914E-06    0.1975934E-06    0.1436654E-06    0.2674041E-06    0.3167487E-06   -0.1688861E-05   -0.2552471E-05   -0.3315326E-05   -0.2781885E-05   -0.4379422E-05   -0.8186530E-05   -0.3318699E-07   -0.8399358E-10
   -0.9167109E-07    0.1262617E-05   -0.7796080E-07   -0.6574638E-05   -0.2351240E-04   -0.9958490E-05   -0.3396963E-05    0.9086725E-07    0.5048798E-05    0.1830959E-03    0.1924359E-04   -0.4504438E-04    0.7898075E-03    0.8656192E-03    0.5875716E-03    0.4709214E-03    0.2408599E-03   -0.2406999E-03   -0.2396877E-03   -0.1633264E-03   -0.1528329E-03   -0.1418902E-05   -0.1588015E-05   -0.2314472E-05   -0.1419986E-05   -0.2165280E-05   -0.2923420E-05    0.9017450E-05    0.1098639E-04    0.1064365E-04    0.2275011E-04    0.2895755E-04    0.4919919E-04   -0.3685267E-07   -0.1228854E-07
    0.1410086E-07   -0.7796080E-07    0.8823671E-07    0.9213670E-06    0.2572820E-05    0.1746590E-05    0.3335171E-06   -0.1101165E-07   -0.1921813E-05    0.5956904E-04    0.2741468E-05   -0.1626712E-04   -0.3619424E-04    0.1018722E-04   -0.6320339E-04   -0.1359827E-03   -0.6039023E-05    0.7083397E-04   -0.1262252E-03   -0.7085606E-04   -0.7608309E-05    0.8671996E-07    0.1300764E-06    0.1676640E-06    0.4806006E-07    0.8799899E-07    0.8659303E-07   -0.1095596E-05   -0.8030063E-06   -0.1080283E-05   -0.1898061E-05   -0.3349712E-05   -0.5708473E-05   -0.5413782E-08   -0.1866996E-07
    0.5469289E-06   -0.6574638E-05    0.9213670E-06    0.1167676E-03    0.1444327E-03    0.2147268E-03    0.2399778E-04    0.6980507E-06   -0.4518517E-04   -0.6216806E-02   -0.1918220E-02   -0.1649235E-02   -0.4345473E-03   -0.4302142E-03    0.4363190E-04    0.3383494E-02   -0.1456613E-02    0.3351919E-02    0.2145488E-02    0.1263193E-02    0.3453981E-02    0.1270539E-04    0.1143624E-04    0.1829894E-04    0.1163032E-04    0.1679615E-04    0.1752800E-04   -0.1028763E-03   -0.1184979E-03   -0.8901196E-04   -0.1471568E-03   -0.1727174E-03   -0.2449021E-03    0.4331764E-06   -0.2116278E-06
    0.1728276E-05   -0.2351240E-04    0.2572820E-05    0.1444327E-03    0.1584037E-02    0.2250556E-03    0.6336791E-04   -0.5567054E-05   -0.3470135E-03    0.1466247E-01    0.7617897E-02   -0.5722723E-03    0.8381881E-02   -0.2673497E-01   -0.3542344E-01   -0.3302646E-01   -0.6912065E-02    0.1179558E-01    0.2666438E-01    0.2069462E-01    0.2019365E-01    0.2171249E-04    0.2885104E-04    0.4891943E-04    0.3573046E-05    0.1384414E-04    0.4289523E-04    0.1145123E-03   -0.5020012E-04   -0.2306458E-03   -0.4433506E-03   -0.7569216E-03   -0.1562605E-02    0.2194291E-05   -0.7841719E-06
    0.9984706E-06   -0.9958490E-05    0.1746590E-05    0.2147268E-03    0.2250556E-03    0.4074751E-03    0.3900364E-04    0.1943394E-05   -0.7400108E-04   -0.1334846E-01   -0.5040271E-02   -0.4230568E-02    0.7637701E-02    0.8857330E-02    0.9162194E-02    0.1425426E-01   -0.3014470E-02   -0.3053500E-02   -0.1739418E-01   -0.1887224E-01   -0.1434368E-01    0.2068342E-04    0.1708352E-04    0.2759100E-04    0.1735862E-04    0.2622836E-04    0.2333003E-04   -0.1938423E-03   -0.2218532E-03   -0.1637312E-03   -0.2385345E-03   -0.2607460E-03   -0.3472357E-03   -0.4453368E-06   -0.5285697E-06
    0.2784978E-06   -0.3396963E-05    0.3335171E-06    0.2399778E-04    0.6336791E-04    0.3900364E-04    0.2095448E-04   -0.3430490E-06   -0.2314391E-04   -0.8845562E-02   -0.4436927E-02   -0.2014480E-02   -0.8122203E-03    0.7456256E-02    0.1151162E-01    0.1092959E-01   -0.2858237E-02   -0.1942175E-02   -0.4205991E-02   -0.4983317E-02   -0.4098193E-02    0.7626843E-05    0.8364619E-05    0.1241532E-04    0.9442256E-05    0.1187044E-04    0.1603179E-04   -0.4484662E-04   -0.2790930E-04   -0.1028203E-04   -0.5119263E-04   -0.4993972E-04   -0.6526533E-04    0.2900554E-06    0.1839186E-06
   -0.2895673E-07    0.9086725E-07   -0.1101165E-07    0.6980507E-06   -0.5567054E-05    0.1943394E-05   -0.3430490E-06    0.4077556E-04   -0.5189828E-04   -0.8868340E-03   -0.4213529E-03   -0.4574204E-03   -0.4100175E-02   -0.1195031E-02   -0.1804550E-02   -0.1086273E-02    0.1131114E-02   -0.1674061E-03    0.7183268E-03    0.4651182E-03    0.3017518E-04    0.2287215E-05    0.1951500E-05    0.3544677E-08    0.4449750E-06   -0.1731703E-05   -0.2124555E-05   -0.9034004E-05   -0.8112545E-05    0.1160607E-04   -0.4846891E-04   -0.3803691E-04   -0.4464820E-04    0.1371353E-06    0.8547176E-07
   -0.6906301E-06    0.5048798E-05   -0.1921813E-05   -0.4518517E-04   -0.3470135E-03   -0.7400108E-04   -0.2314391E-04   -0.5189828E-04    0.6411121E-02   -0.1188152E-01    0.4079026E-02    0.8764999E-02   -0.9643811E-01   -0.4286742E-02    0.3529272E-02    0.2699977E-01    0.2974727E-02   -0.1390202E-01   -0.4134218E-01   -0.2168273E-01   -0.7214749E-02   -0.6878942E-05   -0.3025781E-04   -0.1382668E-04   -0.4548647E-04   -0.3760965E-04   -0.2079945E-04   -0.8240142E-04   -0.1394081E-03   -0.4097973E-03    0.5867681E-04    0.1406319E-03    0.8063891E-03   -0.1559090E-05   -0.4174808E-06
   -0.1358649E-03    0.1830959E-03    0.5956904E-04   -0.6216806E-02    0.1466247E-01   -0.1334846E-01   -0.8845562E-02   -0.8868340E-03   -0.1188152E-01    0.6568592E+02    0.2453219E+02    0.1587907E+01    0.1794253E+02   -0.2106878E+02   -0.6351518E+02   -0.7969352E+02   -0.5148675E+01   -0.8332211E+01   -0.1098037E+02   -0.1581405E+02   -0.2158262E+02   -0.3202025E-02    0.5071919E-03    0.3008993E-03   -0.3772504E-02   -0.4938306E-02   -0.6750482E-02    0.4270308E-01    0.3341792E-01    0.2938365E-01    0.3146510E-01   -0.1224552E-01   -0.1076073E+00    0.6065490E-03   -0.2951115E-02
   -0.9263319E-04    0.1924359E-04    0.2741468E-05   -0.1918220E-02    0.7617897E-02   -0.5040271E-02   -0.4436927E-02   -0.4213529E-03    0.4079026E-02    0.2453219E+02    0.1820282E+02    0.2979825E+01   -0.1569741E+02   -0.2449717E+02   -0.4362832E+02   -0.2528180E+02   -0.2053392E+01   -0.4664285E+01   -0.8093273E+01   -0.1449533E+02   -0.1609671E+02   -0.2084384E-02    0.1696199E-03   -0.2028387E-02   -0.9672854E-03   -0.2938918E-02   -0.5994958E-02    0.3273709E-01    0.2632100E-01    0.3430809E-01    0.2962198E-01    0.1964623E-01    0.8973423E-02    0.1047007E-03   -0.6017600E-04
   -0.1231302E-04   -0.4504438E-04   -0.1626712E-04   -0.1649235E-02   -0.5722723E-03   -0.4230568E-02   -0.2014480E-02   -0.4574204E-03    0.8764999E-02    0.1587907E+01    0.2979825E+01    0.6380027E+01   -0.4194914E+02   -0.1863713E+02   -0.6299518E+01   -0.1409617E+01   -0.1253405E+00   -0.4244786E+01   -0.2563694E+01    0.1149056E+01    0.1853217E+01   -0.1259835E-02   -0.5095871E-03   -0.2591160E-02    0.3544663E-03   -0.4352204E-03   -0.9359215E-04    0.1163439E-02    0.9514065E-02   -0.3698948E-04    0.2198983E-01    0.4744822E-02   -0.1644955E-01   -0.1267826E-03    0.1692046E-03
   -0.1967004E-03    0.7898075E-03   -0.3619424E-04   -0.4345473E-03    0.8381881E-02    0.7637701E-02   -0.8122203E-03   -0.4100175E-02   -0.9643811E-01    0.1794253E+02   -0.1569741E+02   -0.4194914E+02    0.7644841E+03    0.1793117E+03    0.6781694E+02    0.2713313E+01   -0.1489281E+02   -0.4371409E+02    0.1307186E+02    0.3976665E+01    0.2521861E+01   -0.2712091E-02   -0.1403616E-01   -0.9070991E-02   -0.1485840E-01   -0.9259992E-02   -0.2454831E-01   -0.4415998E-01   -0.1516660E+00   -0.4987939E-01   -0.3453411E+00   -0.2113892E+00   -0.7072265E-01    0.1055084E-02   -0.3375734E-02
   -0.1947121E-05    0.8656192E-03    0.1018722E-04   -0.4302142E-03   -0.2673497E-01    0.8857330E-02    0.7456256E-02   -0.1195031E-02   -0.4286742E-02   -0.2106878E+02   -0.2449717E+02   -0.1863713E+02    0.1793117E+03    0.1210350E+03    0.9188271E+02    0.4813261E+02   -0.1080996E+02    0.2879601E+01   -0.6749054E+01   -0.1583819E+01    0.1624339E+01    0.2281148E-02   -0.3938620E-02    0.2717048E-02   -0.4126570E-02    0.3408760E-03    0.7995248E-02   -0.5745938E-01   -0.3547065E-01    0.3132661E-02   -0.7125890E-01    0.4850949E-01    0.2739558E+00   -0.4403056E-03   -0.1141281E-02
    0.1378417E-03    0.5875716E-03   -0.6320339E-04    0.4363190E-04   -0.3542344E-01    0.9162194E-02    0.1151162E-01   -0.1804550E-02    0.3529272E-02   -0.6351518E+02   -0.4362832E+02   -0.6299518E+01    0.6781694E+02    0.9188271E+02    0.1422141E+03    0.1004500E+03   -0.6692529E+01    0.2884753E+01    0.1498395E+01    0.1115831E+02    0.1249145E+02    0.2137650E-02   -0.5133243E-02   -0.2841321E-02    0.5188128E-04    0.3268743E-02    0.9406278E-02   -0.8996048E-01   -0.4335974E-01   -0.4715919E-01   -0.2722370E-01    0.5908826E-01    0.2178611E+00   -0.1036456E-02    0.1381330E-02
    0.5664267E-04    0.4709214E-03   -0.1359827E-03    0.3383494E-02   -0.3302646E-01    0.1425426E-01    0.1092959E-01   -0.1086273E-02    0.2699977E-01   -0.7969352E+02   -0.2528180E+02   -0.1409617E+01    0.2713313E+01    0.4813261E+02    0.1004500E+03    0.1360071E+03   -0.5231026E+01    0.3627192E+01   -0.4059256E+01   -0.1033587E+02   -0.1087670E+02    0.1319016E-02   -0.4766218E-02   -0.7679574E-02    0.3247866E-02    0.2325465E-02   -0.5488523E-03   -0.5097641E-01   -0.1506884E-01    0.6311284E-02    0.3819360E-03    0.1075482E+00    0.3436341E+00   -0.1577248E-02    0.5403556E-02
   -0.2387153E-04    0.2408599E-03   -0.6039023E-05   -0.1456613E-02   -0.6912065E-02   -0.3014470E-02   -0.2858237E-02    0.1131114E-02    0.2974727E-02   -0.5148675E+01   -0.2053392E+01   -0.1253405E+00   -0.1489281E+02   -0.1080996E+02   -0.6692529E+01   -0.5231026E+01    0.8260828E+01   -0.3833589E+01   -0.4035436E+01   -0.4585159E+01   -0.5039739E+01   -0.3737841E-03   -0.3369517E-03   -0.8738274E-03   -0.6098295E-03   -0.1081220E-02   -0.1716160E-02    0.1109111E-01    0.3738099E-03   -0.7601587E-02   -0.7178290E-03   -0.1651525E-01   -0.5011588E-01    0.1050675E-03    0.3617685E-03
    0.1301940E-03   -0.2406999E-03    0.7083397E-04    0.3351919E-02    0.1179558E-01   -0.3053500E-02   -0.1942175E-02   -0.1674061E-03   -0.1390202E-01   -0.8332211E+01   -0.4664285E+01   -0.4244786E+01   -0.4371409E+02    0.2879601E+01    0.2884753E+01    0.3627192E+01   -0.3833589E+01    0.1820452E+03    0.7733375E+02    0.7186116E+02    0.6859014E+02    0.3314001E-02    0.3021870E-02    0.1144527E-01    0.1753769E-02    0.2799426E-02    0.3000702E-02   -0.1882364E-02   -0.3318279E-01   -0.7320907E-01   -0.6280014E-01   -0.9153513E-01   -0.2282952E+00   -0.1390041E-01    0.4810465E-03
   -0.1813496E-03   -0.2396877E-03   -0.1262252E-03    0.2145488E-02    0.2666438E-01   -0.1739418E-01   -0.4205991E-02    0.7183268E-03   -0.4134218E-01   -0.1098037E+02   -0.8093273E+01   -0.2563694E+01    0.1307186E+02   -0.6749054E+01    0.1498395E+01   -0.4059256E+01   -0.4035436E+01    0.7733375E+02    0.1356372E+03    0.1341749E+03    0.1311413E+03    0.4285507E-02    0.3339915E-02    0.9771086E-02    0.2946939E-02    0.3303379E-02    0.7022701E-02    0.1668358E-01   -0.7904899E-02   -0.1796084E-01   -0.9520563E-01   -0.1332406E+00   -0.1590357E+00    0.3605152E-02    0.4816585E-03
   -0.1681148E-03   -0.1633264E-03   -0.7085606E-04    0.1263193E-02    0.2069462E-01   -0.1887224E-01   -0.4983317E-02    0.4651182E-03   -0.2168273E-01   -0.1581405E+02   -0.1449533E+02    0.1149056E+01    0.3976665E+01   -0.1583819E+01    0.1115831E+02   -0.1033587E+02   -0.4585159E+01    0.7186116E+02    0.1341749E+03    0.1697532E+03    0.1912578E+03    0.2989601E-02    0.2948413E-02    0.1093929E-01    0.2261456E-02    0.4578235E-02    0.1770285E-01    0.6862057E-03   -0.2135435E-01   -0.4425609E-01   -0.1159731E+00   -0.1237689E+00   -0.7154008E-01    0.3374107E-02   -0.4433849E-02
   -0.1663258E-03   -0.1528329E-03   -0.7608309E-05    0.3453981E-02    0.2019365E-01   -0.1434368E-01   -0.4098193E-02    0.3017518E-04   -0.7214749E-02   -0.2158262E+02   -0.1609671E+02    0.1853217E+01    0.2521861E+01    0.1624339E+01    0.1249145E+02   -0.1087670E+02   -0.5039739E+01    0.6859014E+02    0.1311413E+03    0.1912578E+03    0.2369684E+03    0.1745726E-02    0.3229323E-02    0.1252529E-01    0.2593891E-02    0.5399022E-02    0.2427130E-01    0.5858353E-02   -0.2622846E-01   -0.3365686E-01   -0.1247535E+00   -0.7650196E-01    0.7940596E-01    0.3335292E-02   -0.8684629E-02
    0.1526704E-06   -0.1418902E-05    0.8671996E-07    0.1270539E-04    0.2171249E-04    0.2068342E-04    0.7626843E-05    0.2287215E-05   -0.6878942E-05   -0.3202025E-02   -0.2084384E-02   -0.1259835E-02   -0.2712091E-02    0.2281148E-02    0.2137650E-02    0.1319016E-02   -0.3737841E-03    0.3314001E-02    0.4285507E-02    0.2989601E-02    0.1745726E-02    0.6713357E-04    0.2182798E-04    0.2858029E-04    0.8708819E-05    0.1282766E-04    0.1564973E-04   -0.1032172E-03   -0.7022373E-04   -0.4054206E-04   -0.1564342E-04    0.3999246E-04    0.5112310E-04    0.3474992E-06    0.3604743E-06
    0.1429914E-06   -0.1588015E-05    0.1300764E-06    0.1143624E-04    0.2885104E-04    0.1708352E-04    0.8364619E-05    0.1951500E-05   -0.3025781E-04    0.5071919E-03    0.1696199E-03   -0.5095871E-03   -0.1403616E-01   -0.3938620E-02   -0.5133243E-02   -0.4766218E-02   -0.3369517E-03    0.3021870E-02    0.3339915E-02    0.2948413E-02    0.3229323E-02    0.2182798E-04    0.4232160E-04    0.3729817E-04    0.3099963E-04    0.3202155E-04    0.3479145E-04   -0.4380545E-04   -0.7025018E-04   -0.2620833E-04   -0.1130173E-03   -0.9088623E-04   -0.4595955E-04    0.4885609E-06   -0.4784040E-07
    0.1975934E-06   -0.2314472E-05    0.1676640E-06    0.1829894E-04    0.4891943E-04    0.2759100E-04    0.1241532E-04    0.3544677E-08   -0.1382668E-04    0.3008993E-03   -0.2028387E-02   -0.2591160E-02   -0.9070991E-02    0.2717048E-02   -0.2841321E-02   -0.7679574E-02   -0.8738274E-03    0.1144527E-01    0.9771086E-02    0.1093929E-01    0.1252529E-01    0.2858029E-04    0.3729817E-04    0.1182122E-03    0.2556368E-04    0.6016135E-04    0.1012053E-03   -0.2452977E-04   -0.8595351E-04   -0.6788463E-04   -0.7380995E-04   -0.1024165E-03   -0.1446196E-03    0.5918874E-06   -0.5397218E-06
    0.1436654E-06   -0.1419986E-05    0.4806006E-07    0.1163032E-04    0.3573046E-05    0.1735862E-04    0.9442256E-05    0.4449750E-06   -0.4548647E-04   -0.3772504E-02   -0.9672854E-03    0.3544663E-03   -0.1485840E-01   -0.4126570E-02    0.5188128E-04    0.3247866E-02   -0.6098295E-03    0.1753769E-02    0.2946939E-02    0.2261456E-02    0.2593891E-02    0.8708819E-05    0.3099963E-04    0.2556368E-04    0.8839596E-04    0.6332250E-04    0.5666522E-04   -0.5224531E-04   -0.8814171E-04   -0.8420748E-05   -0.2187338E-03   -0.2088811E-03   -0.2476260E-03    0.5702633E-06    0.2457767E-06
    0.2674041E-06   -0.2165280E-05    0.8799899E-07    0.1679615E-04    0.1384414E-04    0.2622836E-04    0.1187044E-04   -0.1731703E-05   -0.3760965E-04   -0.4938306E-02   -0.2938918E-02   -0.4352204E-03   -0.9259992E-02    0.3408760E-03    0.3268743E-02    0.2325465E-02   -0.1081220E-02    0.2799426E-02    0.3303379E-02    0.4578235E-02    0.5399022E-02    0.1282766E-04    0.3202155E-04    0.6016135E-04    0.6332250E-04    0.1374342E-03    0.1731251E-03   -0.3757572E-04   -0.7574199E-04   -0.5209390E-04   -0.1838098E-03   -0.2453217E-03   -0.4213810E-03    0.5719195E-06   -0.9989492E-07
    0.3167487E-06   -0.2923420E-05    0.8659303E-07    0.1752800E-04    0.4289523E-04    0.2333003E-04    0.1603179E-04   -0.2124555E-05   -0.2079945E-04   -0.6750482E-02   -0.5994958E-02   -0.9359215E-04   -0.2454831E-01    0.7995248E-02    0.9406278E-02   -0.5488523E-03   -0.1716160E-02    0.3000702E-02    0.7022701E-02    0.1770285E-01    0.2427130E-01    0.1564973E-04    0.3479145E-04    0.1012053E-03    0.5666522E-04    0.1731251E-03    0.6233481E-03   -0.5132785E-04   -0.6530906E-04    0.3078357E-05   -0.1885683E-03   -0.2559352E-03   -0.3697086E-03    0.1203992E-05   -0.1301297E-05
   -0.1688861E-05    0.9017450E-05   -0.1095596E-05   -0.1028763E-03    0.1145123E-03   -0.1938423E-03   -0.4484662E-04   -0.9034004E-05   -0.8240142E-04    0.4270308E-01    0.3273709E-01    0.1163439E-02   -0.4415998E-01   -0.5745938E-01   -0.8996048E-01   -0.5097641E-01    0.1109111E-01   -0.1882364E-02    0.1668358E-01    0.6862057E-03    0.5858353E-02   -0.1032172E-03   -0.4380545E-04   -0.2452977E-04   -0.5224531E-04   -0.3757572E-04   -0.5132785E-04    0.1311499E-01    0.7936445E-02    0.8621742E-02    0.1174407E-02    0.1500645E-02    0.2237573E-02    0.5576815E-05   -0.1822670E-05
   -0.2552471E-05    0.1098639E-04   -0.8030063E-06   -0.1184979E-03   -0.5020012E-04   -0.2218532E-03   -0.2790930E-04   -0.8112545E-05   -0.1394081E-03    0.3341792E-01    0.2632100E-01    0.9514065E-02   -0.1516660E+00   -0.3547065E-01   -0.4335974E-01   -0.1506884E-01    0.3738099E-03   -0.3318279E-01   -0.7904899E-02   -0.2135435E-01   -0.2622846E-01   -0.7022373E-04   -0.7025018E-04   -0.8595351E-04   -0.8814171E-04   -0.7574199E-04   -0.6530906E-04    0.7936445E-02    0.1144968E-01    0.1248325E-01    0.7505399E-02    0.7384473E-02    0.6727679E-02    0.1059676E-04    0.1366663E-06
   -0.3315326E-05    0.1064365E-04   -0.1080283E-05   -0.8901196E-04   -0.2306458E-03   -0.1637312E-03   -0.1028203E-04    0.1160607E-04   -0.4097973E-03    0.2938365E-01    0.3430809E-01   -0.3698948E-04   -0.4987939E-01    0.3132661E-02   -0.4715919E-01    0.6311284E-02   -0.7601587E-02   -0.7320907E-01   -0.1796084E-01   -0.4425609E-01   -0.3365686E-01   -0.4054206E-04   -0.2620833E-04   -0.6788463E-04   -0.8420748E-05   -0.5209390E-04    0.3078357E-05    0.8621742E-02    0.1248325E-01    0.2411853E-01    0.3669419E-02    0.1091035E-01    0.2169695E-01    0.1385979E-04   -0.2193717E-05
   -0.2781885E-05    0.2275011E-04   -0.1898061E-05   -0.1471568E-03   -0.4433506E-03   -0.2385345E-03   -0.5119263E-04   -0.4846891E-04    0.5867681E-04    0.3146510E-01    0.2962198E-01    0.2198983E-01   -0.3453411E+00   -0.7125890E-01   -0.2722370E-01    0.3819360E-03   -0.7178290E-03   -0.6280014E-01   -0.9520563E-01   -0.1159731E+00   -0.1247535E+00   -0.1564342E-04   -0.1130173E-03   -0.7380995E-04   -0.2187338E-03   -0.1838098E-03   -0.1885683E-03    0.1174407E-02    0.7505399E-02    0.3669419E-02    0.2108979E-01    0.1894579E-01    0.1271870E-01    0.3585072E-05    0.4723097E-05
   -0.4379422E-05    0.2895755E-04   -0.3349712E-05   -0.1727174E-03   -0.7569216E-03   -0.2607460E-03   -0.4993972E-04   -0.3803691E-04    0.1406319E-03   -0.1224552E-01    0.1964623E-01    0.4744822E-02   -0.2113892E+00    0.4850949E-01    0.5908826E-01    0.1075482E+00   -0.1651525E-01   -0.9153513E-01   -0.1332406E+00   -0.1237689E+00   -0.7650196E-01    0.3999246E-04   -0.9088623E-04   -0.1024165E-03   -0.2088811E-03   -0.2453217E-03   -0.2559352E-03    0.1500645E-02    0.7384473E-02    0.1091035E-01    0.1894579E-01    0.2932304E-01    0.4168671E-01    0.1768183E-05   -0.3469521E-05
   -0.8186530E-05    0.4919919E-04   -0.5708473E-05   -0.2449021E-03   -0.1562605E-02   -0.3472357E-03   -0.6526533E-04   -0.4464820E-04    0.8063891E-03   -0.1076073E+00    0.8973423E-02   -0.1644955E-01   -0.7072265E-01    0.2739558E+00    0.2178611E+00    0.3436341E+00   -0.5011588E-01   -0.2282952E+00   -0.1590357E+00   -0.7154008E-01    0.7940596E-01    0.5112310E-04   -0.4595955E-04   -0.1446196E-03   -0.2476260E-03   -0.4213810E-03   -0.3697086E-03    0.2237573E-02    0.6727679E-02    0.2169695E-01    0.1271870E-01    0.4168671E-01    0.1064513E+00    0.1518717E-04   -0.1571521E-04
   -0.3318699E-07   -0.3685267E-07   -0.5413782E-08    0.4331764E-06    0.2194291E-05   -0.4453368E-06    0.2900554E-06    0.1371353E-06   -0.1559090E-05    0.6065490E-03    0.1047007E-03   -0.1267826E-03    0.1055084E-02   -0.4403056E-03   -0.1036456E-02   -0.1577248E-02    0.1050675E-03   -0.1390041E-01    0.3605152E-02    0.3374107E-02    0.3335292E-02    0.3474992E-06    0.4885609E-06    0.5918874E-06    0.5702633E-06    0.5719195E-06    0.1203992E-05    0.5576815E-05    0.1059676E-04    0.1385979E-04    0.3585072E-05    0.1768183E-05    0.1518717E-04    0.2399358E-05   -0.1772476E-07
   -0.8399358E-10   -0.1228854E-07   -0.1866996E-07   -0.2116278E-06   -0.7841719E-06   -0.5285697E-06    0.1839186E-06    0.8547176E-07   -0.4174808E-06   -0.2951115E-02   -0.6017600E-04    0.1692046E-03   -0.3375734E-02   -0.1141281E-02    0.1381330E-02    0.5403556E-02    0.3617685E-03    0.4810465E-03    0.4816585E-03   -0.4433849E-02   -0.8684629E-02    0.3604743E-06   -0.4784040E-07   -0.5397218E-06    0.2457767E-06   -0.9989492E-07   -0.1301297E-05   -0.1822670E-05    0.1366663E-06   -0.2193717E-05    0.4723097E-05   -0.3469521E-05   -0.1571521E-04   -0.1772476E-07    0.1261011E-05
