# omegabh2 omegach2 theta tau yhe ns logA asz
    0.21530E-06   -0.30529E-06    0.35462E-06    0.19341E-05   -0.52552E-05    0.37612E-05    0.41779E-05   -0.31287E-05
   -0.30529E-06    0.22819E-04    0.10388E-04   -0.11685E-04    0.26567E-03    0.11849E-04    0.10081E-03   -0.90609E-04
    0.35462E-06    0.10388E-04    0.13558E-04    0.76110E-06    0.26408E-03    0.34334E-04    0.88625E-04    0.65038E-05
    0.19341E-05   -0.11685E-04    0.76110E-06    0.20325E-03   -0.83437E-04    0.54275E-04    0.37624E-03    0.27408E-04
   -0.52552E-05    0.26567E-03    0.26408E-03   -0.83437E-04    0.77418E-02    0.67585E-03    0.20000E-02    0.23250E-02
    0.37612E-05    0.11849E-04    0.34334E-04    0.54275E-04    0.67585E-03    0.18959E-03    0.32302E-03   -0.33084E-03
    0.41779E-05    0.10081E-03    0.88625E-04    0.37624E-03    0.20000E-02    0.32302E-03    0.15366E-02   -0.85297E-03
   -0.31287E-05   -0.90609E-04    0.65038E-05    0.27408E-04    0.23250E-02   -0.33084E-03   -0.85297E-03    0.34299E+00
