# omegabh2 omegach2 theta tau logA ns nrun r calPlanck acib217 xi asz143 aps100 aps143 aps143217 aps217 aksz kgal100 kgal143 kgal143217 kgal217 galfTE100 galfTE100143 galfTE100217 galfTE143 galfTE143217 galfTE217 cal0 cal2
  2.4230748E-08  -1.1928134E-07   1.9158622E-08   3.4164718E-07   5.4210115E-07   2.7899445E-07  -3.0417077E-07   1.2622116E-06   2.7865098E-09  -3.6846788E-05   4.8394262E-07   1.1823149E-05  -1.6283915E-04  -1.2424403E-04  -5.5350490E-05  -1.3573473E-05  -1.9373865E-05   4.5440894E-06  -5.2185355E-06  -6.6007034E-06  -2.5803465E-06  -2.9370833E-08  -4.7913161E-08  -1.4360615E-07  -2.8787229E-07  -5.9685943E-07  -2.4187358E-06   4.7331301E-09  -1.3671292E-09
 -1.1928134E-07   1.9766080E-06  -1.6241522E-07  -2.4348361E-06  -1.4062620E-07  -4.8633198E-06  -6.4775154E-07  -9.0986875E-06  -1.2493456E-07   2.8054642E-04  -1.5146467E-06  -1.4594248E-04   2.0887356E-03   1.3983884E-03   6.3199125E-04   3.0692990E-04   1.7042691E-04  -1.6445493E-05  -8.4856408E-06  -2.3211827E-05  -8.5679810E-05   6.9777760E-08  -6.4193789E-08  -5.8816488E-07   1.9024896E-06   3.5909911E-06   1.7478056E-05  -9.8781461E-09   5.8975689E-09
  1.9158622E-08  -1.6241522E-07   1.0091596E-07   2.8945588E-07   2.6443053E-07   5.1867082E-07  -2.1042910E-08   7.6996220E-07  -6.9327228E-09  -8.1550080E-06   5.6120197E-07   1.0228161E-05  -1.0650657E-04  -8.2439288E-05  -3.8712172E-05  -3.9977681E-05  -1.2741856E-05   4.1806024E-06   2.7342726E-06   3.1401051E-06  -8.5979198E-06  -1.2298414E-07  -6.2102455E-08   1.3119047E-07  -1.7656992E-07  -6.7236891E-07  -2.4814328E-06   2.4939542E-09  -1.0957753E-09
  3.4164718E-07  -2.4348361E-06   2.8945588E-07   6.7548045E-05   1.3050196E-04   7.1762323E-06  -1.2923873E-05   4.1151036E-05  -7.9208645E-07  -4.5207886E-04   1.8426326E-05  -1.2841840E-04  -2.0061902E-03  -1.3168611E-03  -1.2192824E-03  -5.1559183E-04  -1.5861857E-04   1.0052404E-04  -1.5143101E-05  -9.5921894E-05  -2.2726422E-04   7.3607669E-07  -1.7687386E-06  -5.8299094E-06  -4.6672508E-06  -3.8946548E-06  -5.4462630E-05   7.4088434E-08   3.7538823E-08
  5.4210115E-07  -1.4062620E-07   2.6443053E-07   1.3050196E-04   2.9346117E-04  -2.4171881E-07  -3.7848288E-05   8.4512734E-05   1.0472256E-05   1.0084262E-03   7.1717561E-05  -9.4206887E-04   1.1427954E-02   5.8376093E-03   2.8325311E-03   4.9838979E-03  -9.5096839E-05  -1.5230304E-04  -5.1368237E-04  -4.9721588E-04   6.3481029E-04   4.6689088E-06  -3.3110196E-06  -1.2794293E-05  -4.5095272E-06  -3.8300261E-06  -6.3895498E-05   2.9321230E-07   7.4581911E-08
  2.7899445E-07  -4.8633198E-06   5.1867082E-07   7.1762323E-06  -2.4171881E-07   2.2406775E-05   7.7894864E-06   3.4792559E-05   2.9860166E-07  -5.5073470E-03   9.9377946E-05   1.4843343E-03  -3.0367815E-02  -1.0231480E-02   8.2789899E-04   5.2200037E-03  -3.1084594E-03   2.7012677E-04  -3.6478014E-04  -3.4864032E-04   1.4552091E-03  -5.5842842E-07   9.9204173E-07   2.6844567E-06  -3.1319456E-06  -4.5228029E-06  -3.6653202E-05  -8.4774713E-08  -1.1378855E-07
 -3.0417077E-07  -6.4775154E-07  -2.1042910E-08  -1.2923873E-05  -3.7848288E-05   7.7894864E-06   5.5368001E-05  -1.6663462E-04   4.2529139E-07  -7.9287113E-03   1.5574407E-04   2.0999421E-03  -3.6923959E-02  -1.6627223E-02  -1.5349425E-03   4.5073110E-03  -3.8162437E-03  -3.6392992E-04  -5.5318765E-04  -4.9011617E-04   2.0748177E-03  -4.0630729E-06  -2.1983322E-06   5.1193622E-06  -2.0384090E-06   9.5691803E-06   4.5862916E-05  -1.6045856E-07  -1.8954501E-07
  1.2622116E-06  -9.0986875E-06   7.6996220E-07   4.1151036E-05   8.4512734E-05   3.4792559E-05  -1.6663462E-04   2.7209539E-03   1.3239557E-06   1.7871599E-02  -2.9657195E-04  -2.5189579E-03   5.6821438E-02   3.1956629E-02   7.1892891E-03  -6.8769112E-03   5.4385989E-03  -4.9525529E-04   5.4886680E-04   1.6538829E-03  -5.1104030E-03   4.5533406E-05   4.7296514E-05  -1.7123771E-06   1.1173313E-04  -2.8049228E-05  -1.9563625E-04   1.7569916E-07   3.5163292E-07
  2.7865098E-09  -1.2493456E-07  -6.9327228E-09  -7.9208645E-07   1.0472256E-05   2.9860166E-07   4.2529139E-07   1.3239557E-06   6.1810173E-06   6.2654939E-04   1.2587078E-05   3.8075445E-05   3.4383270E-03   6.6286075E-04   7.2776902E-04   1.4401989E-03  -7.2288565E-05  -4.9765153E-05  -1.1930522E-05   4.4831220E-05   8.3845700E-04   1.4115238E-06   1.3006455E-07   7.0593240E-07   3.3406121E-07  -8.1980189E-07   8.2357582E-06  -9.3337483E-09  -1.8539978E-08
 -3.6846788E-05   2.8054642E-04  -8.1550080E-06  -4.5207886E-04   1.0084262E-03  -5.5073470E-03  -7.9287113E-03   1.7871599E-02   6.2654939E-04   4.5912092E+01  -4.0184078E-01  -1.0311890E+00   3.8472313E+01   3.3587515E+00  -1.3163541E+01  -5.6078430E+01   4.2918005E-01   2.0766833E-01   7.2903517E-01  -5.5943773E+00  -3.3517538E+01   1.0019335E-03   4.1425795E-04   4.5358408E-03  -7.3939143E-04  -6.1928577E-03   3.5537164E-03  -1.5964594E-04   7.9694726E-04
  4.8394262E-07  -1.5146467E-06   5.6120197E-07   1.8426326E-05   7.1717561E-05   9.9377946E-05   1.5574407E-04  -2.9657195E-04   1.2587078E-05  -4.0184078E-01   8.1676561E-02  -5.1545941E-02  -5.0624289E-01   8.4196025E-01   1.6031687E+00   6.1098451E-01   4.7391355E-02  -9.8114313E-03   8.5035587E-03   8.6910148E-02   1.2031294E-01   5.7401389E-05   3.7212396E-05  -5.2687156E-05  -3.4702533E-05  -1.2711617E-04   3.3098921E-04   2.2446187E-06  -3.2757525E-06
  1.1823149E-05  -1.4594248E-04   1.0228161E-05  -1.2841840E-04  -9.4206887E-04   1.4843343E-03   2.0999421E-03  -2.5189579E-03   3.8075445E-05  -1.0311890E+00  -5.1545941E-02   4.0752549E+00  -3.2512726E+01  -3.7680005E+00   7.9860627E+00   5.8278240E+00  -3.1565222E+00  -1.9276200E-01   1.4135156E-01   2.7087051E+00   3.4105446E+00  -5.1954802E-04  -5.0242699E-04   1.0024938E-03  -1.0315701E-03   5.1390932E-04  -5.5003146E-03   1.0711368E-04  -4.6657177E-05
 -1.6283915E-04   2.0887356E-03  -1.0650657E-04  -2.0061902E-03   1.1427954E-02  -3.0367815E-02  -3.6923959E-02   5.6821438E-02   3.4383270E-03   3.8472313E+01  -5.0624289E-01  -3.2512726E+01   8.0099344E+02   7.5706075E+01  -5.7028568E+01  -6.4709703E+01   1.8556228E+01  -6.0323795E+00   6.0490657E+00  -1.2011871E+01  -2.3656063E+01   4.9720361E-03  -2.0339472E-04  -3.9567175E-04   8.0172223E-03  -5.4206447E-03   5.8727284E-02   3.8433169E-03   7.4991519E-04
 -1.2424403E-04   1.3983884E-03  -8.2439288E-05  -1.3168611E-03   5.8376093E-03  -1.0231480E-02  -1.6627223E-02   3.1956629E-02   6.6286075E-04   3.3587515E+00   8.4196025E-01  -3.7680005E+00   7.5706075E+01   6.5578948E+01   4.0168409E+01   1.4866535E+01  -3.9842990E+00  -3.4926275E-01  -1.2410168E+00   3.6554578E+00   4.3304059E+00   2.7592490E-05   1.1930882E-03  -1.0396211E-03   4.1405899E-03  -5.2548380E-03   1.9418936E-02   1.1068366E-04   1.9702600E-04
 -5.5350490E-05   6.3199125E-04  -3.8712172E-05  -1.2192824E-03   2.8325311E-03   8.2789899E-04  -1.5349425E-03   7.1892891E-03   7.2776902E-04  -1.3163541E+01   1.6031687E+00   7.9860627E+00  -5.7028568E+01   4.0168409E+01   8.5404691E+01   5.5016826E+01  -1.2772307E+01  -7.7486279E-01  -6.0901567E-01   5.0455289E+00   8.5740407E+00  -4.5274297E-04   5.0412366E-05   1.4138375E-03   8.2148952E-04  -1.2963066E-03  -5.9059761E-03   4.0872253E-04  -3.9323828E-04
 -1.3573473E-05   3.0692990E-04  -3.9977681E-05  -5.1559183E-04   4.9838979E-03   5.2200037E-03   4.5073110E-03  -6.8769112E-03   1.4401989E-03  -5.6078430E+01   6.1098451E-01   5.8278240E+00  -6.4709703E+01   1.4866535E+01   5.5016826E+01   1.0651448E+02  -1.0574438E+01  -6.7099927E-01  -1.3592264E+00   5.4585667E+00   3.3727848E+01  -2.1930417E-03  -6.6561726E-04  -4.4168325E-03   3.9158018E-03   1.1848016E-02  -6.3192546E-03   4.1208318E-04  -1.4355036E-03
 -1.9373865E-05   1.7042691E-04  -1.2741856E-05  -1.5861857E-04  -9.5096839E-05  -3.1084594E-03  -3.8162437E-03   5.4385989E-03  -7.2288565E-05   4.2918005E-01   4.7391355E-02  -3.1565222E+00   1.8556228E+01  -3.9842990E+00  -1.2772307E+01  -1.0574438E+01   6.7040691E+00   1.1108732E-01  -1.8998782E-01  -2.2585590E+00  -2.7385665E+00   1.8791579E-03   3.9995299E-04  -2.3391056E-03   1.6767510E-04  -2.1621065E-03  -5.3399897E-04  -7.3875287E-05   2.3065821E-05
  4.5440894E-06  -1.6445493E-05   4.1806024E-06   1.0052404E-04  -1.5230304E-04   2.7012677E-04  -3.6392992E-04  -4.9525529E-04  -4.9765153E-05   2.0766833E-01  -9.8114313E-03  -1.9276200E-01  -6.0323795E+00  -3.4926275E-01  -7.7486279E-01  -6.7099927E-01   1.1108732E-01   3.3997305E+00   5.1918492E-01   1.5102463E-01   1.0233678E-01  -2.2663533E-04   4.2009285E-04   1.6799939E-03  -9.1003528E-04   3.3023467E-04  -3.6473689E-03   1.9435523E-04   8.8849734E-06
 -5.2185355E-06  -8.4856408E-06   2.7342726E-06  -1.5143101E-05  -5.1368237E-04  -3.6478014E-04  -5.5318765E-04   5.4886680E-04  -1.1930522E-05   7.2903517E-01   8.5035587E-03   1.4135156E-01   6.0490657E+00  -1.2410168E+00  -6.0901567E-01  -1.3592264E+00  -1.8998782E-01   5.1918492E-01   3.1420912E+00   2.6324190E+00   2.5250984E+00  -6.5601081E-04  -2.7214603E-04   7.4810946E-04  -2.9664626E-04  -2.4976891E-04  -4.3108234E-03  -1.7730238E-04  -3.8968050E-05
 -6.6007034E-06  -2.3211827E-05   3.1401051E-06  -9.5921894E-05  -4.9721588E-04  -3.4864032E-04  -4.9011617E-04   1.6538829E-03   4.4831220E-05  -5.5943773E+00   8.6910148E-02   2.7087051E+00  -1.2011871E+01   3.6554578E+00   5.0455289E+00   5.4585667E+00  -2.2585590E+00   1.5102463E-01   2.6324190E+00   1.0769189E+01   1.9212442E+01  -1.3635558E-03  -5.1414733E-04  -3.6800025E-04  -6.3625227E-04  -2.0544091E-04  -4.0864280E-03  -1.6122186E-05   4.0151942E-04
 -2.5803465E-06  -8.5679810E-05  -8.5979198E-06  -2.2726422E-04   6.3481029E-04   1.4552091E-03   2.0748177E-03  -5.1104030E-03   8.3845700E-04  -3.3517538E+01   1.2031294E-01   3.4105446E+00  -2.3656063E+01   4.3304059E+00   8.5740407E+00   3.3727848E+01  -2.7385665E+00   1.0233678E-01   2.5250984E+00   1.9212442E+01   5.3747698E+01  -2.3777837E-03  -5.0389924E-04  -2.3986579E-03  -8.2573858E-07   2.2168276E-03  -8.3803136E-03   7.0988483E-05   8.9280653E-04
 -2.9370833E-08   6.9777760E-08  -1.2298414E-07   7.3607669E-07   4.6689088E-06  -5.5842842E-07  -4.0630729E-06   4.5533406E-05   1.4115238E-06   1.0019335E-03   5.7401389E-05  -5.1954802E-04   4.9720361E-03   2.7592490E-05  -4.5274297E-04  -2.1930417E-03   1.8791579E-03  -2.2663533E-04  -6.5601081E-04  -1.3635558E-03  -2.3777837E-03   1.4602134E-03   2.6573704E-04   6.0300973E-05  -3.8662832E-04  -1.3288114E-04  -6.0087223E-05   2.4082286E-07   1.3434544E-08
 -4.7913161E-08  -6.4193789E-08  -6.2102455E-08  -1.7687386E-06  -3.3110196E-06   9.9204173E-07  -2.1983322E-06   4.7296514E-05   1.3006455E-07   4.1425795E-04   3.7212396E-05  -5.0242699E-04  -2.0339472E-04   1.1930882E-03   5.0412366E-05  -6.6561726E-04   3.9995299E-04   4.2009285E-04  -2.7214603E-04  -5.1414733E-04  -5.0389924E-04   2.6573704E-04   8.6345972E-04   2.2570012E-05   7.4435312E-04   6.1748839E-05  -6.8304078E-04   1.2348476E-07   1.6070572E-07
 -1.4360615E-07  -5.8816488E-07   1.3119047E-07  -5.8299094E-06  -1.2794293E-05   2.6844567E-06   5.1193622E-06  -1.7123771E-06   7.0593240E-07   4.5358408E-03  -5.2687156E-05   1.0024938E-03  -3.9567175E-04  -1.0396211E-03   1.4138375E-03  -4.4168325E-03  -2.3391056E-03   1.6799939E-03   7.4810946E-04  -3.6800025E-04  -2.3986579E-03   6.0300973E-05   2.2570012E-05   7.0735586E-03  -2.9139924E-04   6.8030809E-04   4.3173304E-03   1.0545924E-07  -2.9034993E-07
 -2.8787229E-07   1.9024896E-06  -1.7656992E-07  -4.6672508E-06  -4.5095272E-06  -3.1319456E-06  -2.0384090E-06   1.1173313E-04   3.3406121E-07  -7.3939143E-04  -3.4702533E-05  -1.0315701E-03   8.0172223E-03   4.1405899E-03   8.2148952E-04   3.9158018E-03   1.6767510E-04  -9.1003528E-04  -2.9664626E-04  -6.3625227E-04  -8.2573858E-07  -3.8662832E-04   7.4435312E-04  -2.9139924E-04   2.9448708E-03   5.7229515E-04  -9.4204633E-04   3.0456529E-07   2.7715698E-07
 -5.9685943E-07   3.5909911E-06  -6.7236891E-07  -3.8946548E-06  -3.8300261E-06  -4.5228029E-06   9.5691803E-06  -2.8049228E-05  -8.1980189E-07  -6.1928577E-03  -1.2711617E-04   5.1390932E-04  -5.4206447E-03  -5.2548380E-03  -1.2963066E-03   1.1848016E-02  -2.1621065E-03   3.3023467E-04  -2.4976891E-04  -2.0544091E-04   2.2168276E-03  -1.3288114E-04   6.1748839E-05   6.8030809E-04   5.7229515E-04   6.3686402E-03   7.8816744E-03   2.0067642E-07  -2.1699949E-07
 -2.4187358E-06   1.7478056E-05  -2.4814328E-06  -5.4462630E-05  -6.3895498E-05  -3.6653202E-05   4.5862916E-05  -1.9563625E-04   8.2357582E-06   3.5537164E-03   3.3098921E-04  -5.5003146E-03   5.8727284E-02   1.9418936E-02  -5.9059761E-03  -6.3192546E-03  -5.3399897E-04  -3.6473689E-03  -4.3108234E-03  -4.0864280E-03  -8.3803136E-03  -6.0087223E-05  -6.8304078E-04   4.3173304E-03  -9.4204633E-04   7.8816744E-03   7.0914699E-02  -1.1410084E-07  -1.8882708E-06
  4.7331301E-09  -9.8781461E-09   2.4939542E-09   7.4088434E-08   2.9321230E-07  -8.4774713E-08  -1.6045856E-07   1.7569916E-07  -9.3337483E-09  -1.5964594E-04   2.2446187E-06   1.0711368E-04   3.8433169E-03   1.1068366E-04   4.0872253E-04   4.1208318E-04  -7.3875287E-05   1.9435523E-04  -1.7730238E-04  -1.6122186E-05   7.0988483E-05   2.4082286E-07   1.2348476E-07   1.0545924E-07   3.0456529E-07   2.0067642E-07  -1.1410084E-07   3.7879592E-07   2.5194060E-09
 -1.3671292E-09   5.8975689E-09  -1.0957753E-09   3.7538823E-08   7.4581911E-08  -1.1378855E-07  -1.8954501E-07   3.5163292E-07  -1.8539978E-08   7.9694726E-04  -3.2757525E-06  -4.6657177E-05   7.4991519E-04   1.9702600E-04  -3.9323828E-04  -1.4355036E-03   2.3065821E-05   8.8849734E-06  -3.8968050E-05   4.0151942E-04   8.9280653E-04   1.3434544E-08   1.6070572E-07  -2.9034993E-07   2.7715698E-07  -2.1699949E-07  -1.8882708E-06   2.5194060E-09   3.9191679E-07
