# omegabh2 omegach2 theta tau Alens logA ns calPlanck acib217 xi asz143 aps100 aps143 aps143217 aps217 aksz kgal100 kgal143 kgal143217 kgal217 cal0 cal2
    0.8649822E-07   -0.4931162E-06    0.9173537E-07    0.5822946E-06    0.1712494E-04    0.2385722E-06    0.1444721E-05    0.1055069E-07   -0.4292185E-03    0.8140839E-05    0.8810914E-04   -0.1634500E-02   -0.9607480E-03   -0.2728053E-03    0.6896944E-04   -0.1282548E-03    0.5545986E-05   -0.4235339E-05   -0.7328095E-04    0.1080049E-04    0.1160519E-07   -0.4642115E-07
   -0.4931162E-06    0.6254309E-05   -0.7483605E-06   -0.6961826E-05   -0.1357889E-03    0.1061069E-06   -0.1547978E-04   -0.6912649E-07    0.2025303E-02   -0.4900530E-04   -0.4184609E-03    0.7249115E-02    0.4852253E-02    0.1640324E-02    0.1960075E-03    0.5912417E-03    0.9590665E-05    0.2430176E-04    0.2592812E-03    0.8446221E-05   -0.6981241E-07    0.2535189E-06
    0.9173537E-07   -0.7483605E-06    0.2819492E-06    0.6743345E-06    0.2252254E-04   -0.7862962E-07    0.2186267E-05   -0.1599839E-08   -0.3481451E-03    0.8377773E-05    0.5648921E-04   -0.1233008E-02   -0.7940416E-03   -0.2755146E-03    0.3693745E-06   -0.9952833E-04   -0.8090065E-05   -0.9227893E-05   -0.7696555E-04   -0.3711569E-04    0.1010397E-07   -0.3933389E-07
    0.5822946E-06   -0.6961826E-05    0.6743345E-06    0.4172509E-03   -0.7861571E-03    0.8157274E-03    0.2597058E-04    0.6937739E-06   -0.5493428E-02    0.1629597E-03    0.1418388E-02   -0.2591785E-01   -0.1022184E-01   -0.4528794E-03    0.9718822E-03   -0.1112368E-02   -0.4378027E-03   -0.3369759E-03   -0.5004747E-03    0.1059391E-02    0.9570653E-08   -0.4891453E-06
    0.1712494E-04   -0.1357889E-03    0.2252254E-04   -0.7861571E-03    0.1034494E-01   -0.1867147E-02    0.3788426E-03   -0.1135353E-04   -0.1197965E+00    0.2274593E-02    0.2070046E-01   -0.4130770E+00   -0.2193978E+00   -0.4863380E-01    0.4985284E-01   -0.3654962E-01    0.4307859E-03   -0.3054738E-02   -0.2218413E-01   -0.4901578E-02    0.2332221E-05   -0.1461828E-04
    0.2385722E-06    0.1061069E-06   -0.7862962E-07    0.8157274E-03   -0.1867147E-02    0.1654637E-02    0.1579281E-04    0.1377584E-04   -0.7369220E-02    0.2803568E-03    0.2021492E-02   -0.3460516E-01   -0.9425045E-02    0.5224897E-02    0.8322760E-02   -0.1738601E-02   -0.1113000E-02   -0.1228614E-02   -0.1059382E-02    0.3779505E-02    0.1234587E-06   -0.5582788E-06
    0.1444721E-05   -0.1547978E-04    0.2186267E-05    0.2597058E-04    0.3788426E-03    0.1579281E-04    0.5055835E-04    0.4084089E-06   -0.1105188E-01    0.2579752E-03    0.2132376E-02   -0.4480084E-01   -0.1942241E-01   -0.1653076E-02    0.5922842E-02   -0.3783473E-02    0.3076104E-03   -0.1946180E-03   -0.1517367E-02    0.6166896E-03   -0.2588062E-07   -0.1205280E-05
    0.1055069E-07   -0.6912649E-07   -0.1599839E-08    0.6937739E-06   -0.1135353E-04    0.1377584E-04    0.4084089E-06    0.6317900E-05    0.6856573E-03    0.2298229E-05    0.3872499E-04    0.2404556E-02    0.3455144E-03    0.3901269E-03    0.1176964E-02    0.1334264E-04   -0.2629177E-04   -0.2432589E-04   -0.4142744E-04    0.7427339E-03   -0.7328143E-08   -0.2202958E-07
   -0.4292185E-03    0.2025303E-02   -0.3481451E-03   -0.5493428E-02   -0.1197965E+00   -0.7369220E-02   -0.1105188E-01    0.6856573E-03    0.5119055E+02   -0.4950731E+00   -0.1771373E+01    0.5036452E+02    0.4704606E+01   -0.1894146E+02   -0.6741494E+02    0.7743912E+00   -0.3885411E+00    0.5213262E+00   -0.2297169E+01   -0.2486110E+02   -0.2139078E-03    0.4748798E-02
    0.8140839E-05   -0.4900530E-04    0.8377773E-05    0.1629597E-03    0.2274593E-02    0.2803568E-03    0.2579752E-03    0.2298229E-05   -0.4950731E+00    0.8042640E-01   -0.4625694E-01   -0.7500078E+00    0.9012885E+00    0.1787309E+01    0.7423957E+00    0.3233190E-01   -0.4116396E-02    0.9541167E-03    0.1032106E+00    0.1085999E+00    0.8325169E-05   -0.2267839E-04
    0.8810914E-04   -0.4184609E-03    0.5648921E-04    0.1418388E-02    0.2070046E-01    0.2021492E-02    0.2132376E-02    0.3872499E-04   -0.1771373E+01   -0.4625694E-01    0.3560197E+01   -0.2879396E+02   -0.4290336E+01    0.7098597E+01    0.6025723E+01   -0.2376926E+01   -0.1485652E+00    0.4114086E-01    0.2161442E+01    0.1792105E+01    0.2073573E-03   -0.3827837E-03
   -0.1634500E-02    0.7249115E-02   -0.1233008E-02   -0.2591785E-01   -0.4130770E+00   -0.3460516E-01   -0.4480084E-01    0.2404556E-02    0.5036452E+02   -0.7500078E+00   -0.2879396E+02    0.7445412E+03    0.7850758E+02   -0.5547289E+02   -0.7114039E+02    0.1345402E+02   -0.1412745E+01    0.5201351E+00   -0.9608990E+01   -0.1767082E+02    0.4472165E-02    0.5301309E-02
   -0.9607480E-03    0.4852253E-02   -0.7940416E-03   -0.1022184E-01   -0.2193978E+00   -0.9425045E-02   -0.1942241E-01    0.3455144E-03    0.4704606E+01    0.9012885E+00   -0.4290336E+01    0.7850758E+02    0.6522711E+02    0.4305318E+02    0.1506204E+02   -0.2969477E+01   -0.4816637E+00   -0.9725048E+00    0.4929790E+01    0.3997100E+01    0.6565998E-04    0.7133793E-03
   -0.2728053E-03    0.1640324E-02   -0.2755146E-03   -0.4528794E-03   -0.4863380E-01    0.5224897E-02   -0.1653076E-02    0.3901269E-03   -0.1894146E+02    0.1787309E+01    0.7098597E+01   -0.5547289E+02    0.4305318E+02    0.9114755E+02    0.6154522E+02   -0.1026045E+02   -0.5289492E+00   -0.6167880E+00    0.4786454E+01    0.5490171E+01    0.7848558E-03   -0.2278835E-02
    0.6896944E-04    0.1960075E-03    0.3693745E-06    0.9718822E-03    0.4985284E-01    0.8322760E-02    0.5922842E-02    0.1176964E-02   -0.6741494E+02    0.7423957E+00    0.6025723E+01   -0.7114039E+02    0.1506204E+02    0.6154522E+02    0.1245365E+03   -0.8881029E+01    0.1057224E+00   -0.9320371E+00   -0.1161560E+00    0.2166271E+02    0.6677942E-03   -0.7899751E-02
   -0.1282548E-03    0.5912417E-03   -0.9952833E-04   -0.1112368E-02   -0.3654962E-01   -0.1738601E-02   -0.3783473E-02    0.1334264E-04    0.7743912E+00    0.3233190E-01   -0.2376926E+01    0.1345402E+02   -0.2969477E+01   -0.1026045E+02   -0.8881029E+01    0.5238953E+01    0.5927244E-01   -0.3363729E-01   -0.1584430E+01   -0.1167034E+01   -0.1424330E-03    0.2140476E-03
    0.5545986E-05    0.9590665E-05   -0.8090065E-05   -0.4378027E-03    0.4307859E-03   -0.1113000E-02    0.3076104E-03   -0.2629177E-04   -0.3885411E+00   -0.4116396E-02   -0.1485652E+00   -0.1412745E+01   -0.4816637E+00   -0.5289492E+00    0.1057224E+00    0.5927244E-01    0.3242824E+01    0.7046192E+00    0.3094864E+00    0.6515931E+00    0.4214040E-03   -0.1117004E-04
   -0.4235339E-05    0.2430176E-04   -0.9227893E-05   -0.3369759E-03   -0.3054738E-02   -0.1228614E-02   -0.1946180E-03   -0.2432589E-04    0.5213262E+00    0.9541167E-03    0.4114086E-01    0.5201351E+00   -0.9725048E+00   -0.6167880E+00   -0.9320371E+00   -0.3363729E-01    0.7046192E+00    0.3117566E+01    0.2388996E+01    0.1211750E+01   -0.4103017E-03   -0.2110523E-03
   -0.7328095E-04    0.2592812E-03   -0.7696555E-04   -0.5004747E-03   -0.2218413E-01   -0.1059382E-02   -0.1517367E-02   -0.4142744E-04   -0.2297169E+01    0.1032106E+00    0.2161442E+01   -0.9608990E+01    0.4929790E+01    0.4786454E+01   -0.1161560E+00   -0.1584430E+01    0.3094864E+00    0.2388996E+01    0.1771734E+02    0.2684245E+02   -0.9138224E-04    0.2550827E-02
    0.1080049E-04    0.8446221E-05   -0.3711569E-04    0.1059391E-02   -0.4901578E-02    0.3779505E-02    0.6166896E-03    0.7427339E-03   -0.2486110E+02    0.1085999E+00    0.1792105E+01   -0.1767082E+02    0.3997100E+01    0.5490171E+01    0.2166271E+02   -0.1167034E+01    0.6515931E+00    0.1211750E+01    0.2684245E+02    0.6168007E+02   -0.6327860E-04    0.4446557E-02
    0.1160519E-07   -0.6981241E-07    0.1010397E-07    0.9570653E-08    0.2332221E-05    0.1234587E-06   -0.2588062E-07   -0.7328143E-08   -0.2139078E-03    0.8325169E-05    0.2073573E-03    0.4472165E-02    0.6565998E-04    0.7848558E-03    0.6677942E-03   -0.1424330E-03    0.4214040E-03   -0.4103017E-03   -0.9138224E-04   -0.6327860E-04    0.5452945E-06    0.8358558E-08
   -0.4642115E-07    0.2535189E-06   -0.3933389E-07   -0.4891453E-06   -0.1461828E-04   -0.5582788E-06   -0.1205280E-05   -0.2202958E-07    0.4748798E-02   -0.2267839E-04   -0.3827837E-03    0.5301309E-02    0.7133793E-03   -0.2278835E-02   -0.7899751E-02    0.2140476E-03   -0.1117004E-04   -0.2110523E-03    0.2550827E-02    0.4446557E-02    0.8358558E-08    0.2126315E-05
