# omegabh2 omegach2 theta tau omegak ns logA aps100 aps143 aps217 acib143 acib217 asz143 psr cibr ncib cal0 cal2 xi aksz bm_1_1 a_ps_act_148 a_ps_act_217 a_ps_spt_95 a_ps_spt_150 a_ps_spt_220 r_ps_spt_95x150 r_ps_spt_95x220 r_ps_150x220 act_dust_s act_dust_e cal_acts_148 cal_acts_217 cal_acte_148 cal_acte_217 cal_spt_95 cal_spt_150 cal_spt_220
    0.96536E-07   -0.53748E-06    0.10194E-06    0.10541E-05   -0.12697E-05    0.14316E-05    0.95184E-06   -0.13592E-02   -0.98165E-03   -0.78173E-03   -0.19072E-05    0.26421E-04    0.58453E-05   -0.88886E-06   -0.70497E-06    0.67406E-06    0.13625E-07    0.13358E-08   -0.14948E-06   -0.20779E-04   -0.19417E-04    0.18756E-04    0.95242E-04    0.44721E-04    0.31828E-04    0.19175E-03   -0.83593E-06   -0.54624E-06    0.17246E-06   -0.41284E-05   -0.63913E-05    0.29238E-06    0.43730E-06    0.62142E-06    0.52360E-06    0.10240E-05    0.90481E-06    0.58820E-06
   -0.53748E-06    0.79449E-05   -0.87483E-06   -0.11448E-04    0.17900E-04   -0.17500E-04   -0.40521E-05    0.26639E-02    0.39737E-02    0.65289E-02    0.91854E-04   -0.14504E-02    0.15348E-03   -0.18397E-04    0.18578E-05   -0.16265E-04   -0.51890E-07   -0.11291E-06   -0.15547E-04   -0.93034E-04    0.14925E-03   -0.10128E-03    0.26003E-03   -0.37530E-03   -0.18452E-03   -0.10165E-02    0.13677E-04    0.45849E-05   -0.37852E-05   -0.59270E-05    0.81477E-04   -0.17946E-05   -0.31597E-05   -0.28116E-05   -0.37021E-05   -0.11177E-05   -0.67046E-05   -0.57700E-05
    0.10194E-06   -0.87483E-06    0.47918E-06    0.15593E-05   -0.21535E-05    0.26084E-05    0.12847E-05    0.87995E-03   -0.68186E-03   -0.32257E-03   -0.37551E-04   -0.16936E-03   -0.39199E-04    0.53302E-06    0.19346E-05   -0.21437E-05    0.23627E-07   -0.36608E-07    0.14858E-04    0.67738E-04   -0.25457E-04    0.66541E-04    0.97967E-05    0.14915E-04    0.64275E-04    0.23978E-03   -0.81622E-06    0.60310E-06    0.21286E-06   -0.99857E-05    0.10920E-05    0.29186E-06   -0.35505E-06    0.52540E-06    0.25074E-06    0.14846E-05    0.87964E-06    0.15288E-05
    0.10541E-05   -0.11448E-04    0.15593E-05    0.18065E-03    0.16845E-04    0.32709E-04    0.33043E-03   -0.34153E-01   -0.16628E-01   -0.14425E-01   -0.15242E-03   -0.12402E-02   -0.48707E-04   -0.27989E-05    0.45245E-05   -0.21681E-04   -0.71739E-07    0.40589E-06    0.19243E-03    0.26663E-02   -0.59673E-03   -0.24543E-05   -0.78528E-03   -0.15054E-02    0.48114E-03    0.35285E-02    0.61908E-04    0.11925E-03    0.45806E-04   -0.16153E-03   -0.11018E-03    0.90731E-05    0.95228E-05    0.15414E-04    0.39407E-05    0.37253E-05    0.20970E-04    0.28503E-04
   -0.12697E-05    0.17900E-04   -0.21535E-05    0.16845E-04    0.91370E-04   -0.41030E-04    0.76122E-04    0.32662E-01    0.10080E-01    0.18041E-01    0.34264E-04   -0.78695E-02   -0.14461E-03   -0.52291E-04    0.22045E-04   -0.11825E-03   -0.37117E-07   -0.52784E-06    0.12807E-03    0.22601E-02    0.46243E-03   -0.21739E-03    0.31802E-02   -0.17056E-02   -0.46187E-03   -0.24287E-02    0.52828E-04    0.24492E-04   -0.56912E-06   -0.44853E-04    0.20741E-03   -0.25194E-05   -0.74080E-05   -0.69162E-05   -0.69893E-05   -0.14353E-04   -0.18692E-04   -0.23003E-04
    0.14316E-05   -0.17500E-04    0.26084E-05    0.32709E-04   -0.41030E-04    0.53427E-04    0.21928E-04   -0.39525E-01   -0.21149E-01   -0.19698E-01   -0.23180E-03    0.36169E-02    0.41113E-03    0.98113E-05   -0.10595E-04    0.76910E-04    0.14819E-06    0.94997E-06   -0.98929E-04   -0.95526E-03   -0.33467E-03    0.34351E-03   -0.11112E-02    0.88723E-03    0.49008E-03    0.30465E-02   -0.43141E-04   -0.19093E-05    0.13193E-04   -0.32975E-04   -0.20569E-03    0.63949E-05    0.36852E-05    0.12423E-04    0.10512E-04    0.98726E-05    0.22583E-04    0.20859E-04
    0.95184E-06   -0.40521E-05    0.12847E-05    0.33043E-03    0.76122E-04    0.21928E-04    0.64961E-03   -0.63284E-01   -0.25910E-01   -0.13590E-01   -0.95887E-04   -0.56118E-02    0.48937E-03   -0.64595E-04    0.14737E-04   -0.71576E-04   -0.20906E-06    0.99821E-06    0.27594E-03    0.44766E-02   -0.38963E-03   -0.24200E-03   -0.57343E-03   -0.40252E-02    0.51542E-03    0.42334E-02    0.15959E-03    0.22845E-03    0.76134E-04   -0.35199E-03   -0.10972E-04    0.15128E-04    0.14153E-04    0.24189E-04   -0.72821E-06    0.75679E-05    0.28045E-04    0.41049E-04
   -0.13592E-02    0.26639E-02    0.87995E-03   -0.34153E-01    0.32662E-01   -0.39525E-01   -0.63284E-01    0.30730E+04    0.90761E+02    0.18898E+02   -0.56313E+01   -0.38113E+01   -0.10935E+02   -0.12971E+00    0.25021E+00    0.18414E+00    0.11004E-02   -0.65624E-02    0.98749E+00    0.11364E+02    0.21606E+02    0.44322E+01   -0.33316E+01    0.74805E+01    0.19601E+01   -0.24764E+02   -0.58232E+00   -0.60668E+00   -0.19421E+00    0.37621E+00    0.96939E+00   -0.22682E-02   -0.22503E-01   -0.40712E-01   -0.17517E-01   -0.53643E-01   -0.93197E-02   -0.96326E-01
   -0.98165E-03    0.39737E-02   -0.68186E-03   -0.16628E-01    0.10080E-01   -0.21149E-01   -0.25910E-01    0.90761E+02    0.59613E+02    0.16886E+02    0.49925E+00    0.16338E+01   -0.13905E+01    0.60434E-01    0.97321E-02   -0.36328E-01   -0.43680E-04   -0.25271E-03    0.10400E+00   -0.62056E+00    0.34032E+00    0.36602E+00    0.61095E+00    0.39211E+00   -0.30238E+00   -0.96299E+00    0.36741E-01   -0.35389E-01   -0.34519E-01    0.78655E-01    0.73882E-01   -0.61928E-02   -0.51400E-03   -0.14611E-01   -0.39416E-02   -0.22530E-01   -0.15741E-01    0.19785E-02
   -0.78173E-03    0.65289E-02   -0.32257E-03   -0.14425E-01    0.18041E-01   -0.19698E-01   -0.13590E-01    0.18898E+02    0.16886E+02    0.86571E+02   -0.58539E+00   -0.31989E+02    0.10362E+01   -0.30816E+00   -0.44322E-01   -0.36035E+00    0.18843E-04    0.73927E-03    0.43779E-02   -0.64482E-01    0.48677E+00    0.41421E+00    0.20726E+02   -0.16720E+01    0.42254E+00    0.71796E+01    0.40777E-01   -0.78884E-02    0.67279E-02    0.22151E-01    0.11071E+00   -0.91144E-03   -0.26753E-01   -0.65999E-03   -0.24468E-01    0.58766E-02   -0.16938E-01   -0.47654E-01
   -0.19072E-05    0.91854E-04   -0.37551E-04   -0.15242E-03    0.34264E-04   -0.23180E-03   -0.95887E-04   -0.56313E+01    0.49925E+00   -0.58539E+00    0.70802E+00    0.12955E+01    0.59190E+00    0.15456E-03   -0.37233E-02    0.65328E-03   -0.29756E-04    0.98870E-04   -0.43016E-02   -0.10287E+01   -0.30969E-01    0.53639E-01   -0.34408E+00   -0.25978E+00   -0.61430E-01    0.13503E+00    0.53328E-01    0.45702E-01   -0.71188E-02    0.75266E-02    0.52934E-02    0.28425E-03   -0.16262E-04   -0.43084E-03    0.70251E-05   -0.10108E-02    0.27874E-03    0.33590E-02
    0.26421E-04   -0.14504E-02   -0.16936E-03   -0.12402E-02   -0.78695E-02    0.36169E-02   -0.56118E-02   -0.38113E+01    0.16338E+01   -0.31989E+02    0.12955E+01    0.22906E+02    0.16890E+01    0.17841E+00    0.18320E-01    0.29339E+00   -0.10691E-03    0.13546E-03   -0.36351E+00   -0.40911E+01    0.22950E-01   -0.56583E+00   -0.14235E+02    0.43896E+00   -0.86595E+00   -0.82943E+01    0.38885E-01    0.56228E-01   -0.14666E-01    0.31027E-03   -0.58744E-01   -0.17098E-04    0.96662E-02   -0.53508E-02    0.72454E-02   -0.26665E-02    0.16334E-02    0.21492E-01
    0.58453E-05    0.15348E-03   -0.39199E-04   -0.48707E-04   -0.14461E-03    0.41113E-03    0.48937E-03   -0.10935E+02   -0.13905E+01    0.10362E+01    0.59190E+00    0.16890E+01    0.17277E+01    0.14156E-01    0.77479E-02    0.18260E-01   -0.41652E-04    0.13959E-03   -0.16303E+00   -0.21000E+01    0.50792E-01   -0.10318E+00   -0.91772E+00   -0.65497E+00   -0.14970E+00   -0.73951E+00    0.47087E-01    0.62223E-01   -0.30088E-02   -0.10145E-01    0.97602E-02    0.56778E-03   -0.30833E-02   -0.73926E-03   -0.25230E-02    0.27032E-02    0.65936E-03    0.84564E-03
   -0.88886E-06   -0.18397E-04    0.53302E-06   -0.27989E-05   -0.52291E-04    0.98113E-05   -0.64595E-04   -0.12971E+00    0.60434E-01   -0.30816E+00    0.15456E-03    0.17841E+00    0.14156E-01    0.46871E-02   -0.10765E-03    0.15342E-02   -0.30113E-05    0.12590E-05   -0.11472E-02   -0.11060E-01   -0.14128E-02   -0.33645E-02   -0.13596E+00    0.20623E-02   -0.45662E-03   -0.69051E-01   -0.75333E-04    0.93415E-03    0.46026E-03    0.27019E-03    0.11445E-04   -0.16031E-04    0.63890E-05   -0.89094E-04    0.13625E-04    0.36013E-04    0.34153E-05    0.13946E-03
   -0.70497E-06    0.18578E-05    0.19346E-05    0.45245E-05    0.22045E-04   -0.10595E-04    0.14737E-04    0.25021E+00    0.97321E-02   -0.44322E-01   -0.37233E-02    0.18320E-01    0.77479E-02   -0.10765E-03    0.19673E-02   -0.11236E-03    0.60344E-06   -0.19336E-05    0.25822E-03   -0.31957E-02    0.85310E-03    0.51403E-02    0.69111E-03   -0.34654E-02    0.33143E-02    0.44662E-02   -0.12230E-03    0.69146E-03   -0.41534E-03   -0.58870E-03    0.84035E-03    0.76507E-05    0.22504E-05   -0.15590E-04    0.24521E-04   -0.20272E-05    0.25770E-04    0.67631E-04
    0.67406E-06   -0.16265E-04   -0.21437E-05   -0.21681E-04   -0.11825E-03    0.76910E-04   -0.71576E-04    0.18414E+00   -0.36328E-01   -0.36035E+00    0.65328E-03    0.29339E+00    0.18260E-01    0.15342E-02   -0.11236E-03    0.61975E-02   -0.80878E-06    0.26669E-06   -0.43311E-02   -0.26706E-01    0.65350E-02   -0.11551E-01   -0.23187E+00    0.35033E-03   -0.12811E-01   -0.17278E+00   -0.53873E-03    0.74391E-03    0.35247E-03    0.22959E-03   -0.16035E-02    0.14511E-04    0.58569E-04   -0.45331E-04    0.51453E-04    0.87669E-04    0.28947E-04    0.10347E-03
    0.13625E-07   -0.51890E-07    0.23627E-07   -0.71739E-07   -0.37117E-07    0.14819E-06   -0.20906E-06    0.11004E-02   -0.43680E-04    0.18843E-04   -0.29756E-04   -0.10691E-03   -0.41652E-04   -0.30113E-05    0.60344E-06   -0.80878E-06    0.15872E-06   -0.39673E-07   -0.13348E-05    0.23148E-04   -0.32076E-04    0.88265E-05    0.98441E-04    0.10751E-03    0.10406E-04   -0.14401E-04   -0.49195E-05   -0.61746E-05   -0.77701E-06   -0.84935E-05   -0.40189E-05   -0.65993E-07   -0.16154E-06    0.18598E-06    0.12751E-06    0.40983E-06    0.53310E-08   -0.68075E-06
    0.13358E-08   -0.11291E-06   -0.36608E-07    0.40589E-06   -0.52784E-06    0.94997E-06    0.99821E-06   -0.65624E-02   -0.25271E-03    0.73927E-03    0.98870E-04    0.13546E-03    0.13959E-03    0.12590E-05   -0.19336E-05    0.26669E-06   -0.39673E-07    0.16357E-05   -0.22157E-04   -0.28341E-03    0.95610E-04   -0.15226E-04    0.10204E-03    0.80134E-04    0.28858E-04    0.34879E-03    0.30404E-05    0.14434E-05    0.81481E-06    0.10670E-04    0.13200E-04    0.19076E-06   -0.19008E-06   -0.84205E-07    0.51237E-06   -0.10641E-05    0.19929E-05    0.20019E-05
   -0.14948E-06   -0.15547E-04    0.14858E-04    0.19243E-03    0.12807E-03   -0.98929E-04    0.27594E-03    0.98749E+00    0.10400E+00    0.43779E-02   -0.43016E-02   -0.36351E+00   -0.16303E+00   -0.11472E-02    0.25822E-03   -0.43311E-02   -0.13348E-05   -0.22157E-04    0.58115E-01    0.33093E+00   -0.79117E-02    0.62912E-01    0.12210E+00   -0.15238E-01    0.58568E-01    0.16227E+00    0.30228E-02    0.73924E-02    0.11799E-02    0.59333E-02    0.24818E-02   -0.11064E-04   -0.98609E-04    0.10885E-03    0.13773E-03   -0.17543E-03    0.54437E-04    0.16479E-03
   -0.20779E-04   -0.93034E-04    0.67738E-04    0.26663E-02    0.22601E-02   -0.95526E-03    0.44766E-02    0.11364E+02   -0.62056E+00   -0.64482E-01   -0.10287E+01   -0.40911E+01   -0.21000E+01   -0.11060E-01   -0.31957E-02   -0.26706E-01    0.23148E-04   -0.28341E-03    0.33093E+00    0.43000E+01   -0.44352E-01    0.79734E-01    0.98380E+00    0.17471E+00    0.30539E+00    0.84774E+00   -0.59901E-01   -0.29738E-01    0.22241E-01    0.17430E-01   -0.24012E-01    0.14447E-03    0.13455E-02    0.23533E-02    0.24602E-02    0.10065E-02    0.13824E-02   -0.25354E-02
   -0.19417E-04    0.14925E-03   -0.25457E-04   -0.59673E-03    0.46243E-03   -0.33467E-03   -0.38963E-03    0.21606E+02    0.34032E+00    0.48677E+00   -0.30969E-01    0.22950E-01    0.50792E-01   -0.14128E-02    0.85310E-03    0.65350E-02   -0.32076E-04    0.95610E-04   -0.79117E-02   -0.44352E-01    0.31686E+00    0.20106E-01   -0.14497E+00   -0.38164E-01   -0.56063E-02   -0.33141E+00   -0.26169E-02   -0.14690E-02   -0.86219E-03    0.32404E-02    0.31175E-02    0.11416E-03   -0.40467E-03   -0.22769E-03   -0.36557E-03    0.20171E-03    0.39460E-03   -0.12963E-02
    0.18756E-04   -0.10128E-03    0.66541E-04   -0.24543E-05   -0.21739E-03    0.34351E-03   -0.24200E-03    0.44322E+01    0.36602E+00    0.41421E+00    0.53639E-01   -0.56583E+00   -0.10318E+00   -0.33645E-02    0.51403E-02   -0.11551E-01    0.88265E-05   -0.15226E-04    0.62912E-01    0.79734E-01    0.20106E-01    0.34133E+00    0.47662E+00    0.57745E-01    0.15276E+00    0.58581E+00    0.86814E-02    0.98386E-02   -0.55156E-02    0.29351E-02    0.10393E-01    0.72770E-03   -0.62843E-03    0.55304E-03   -0.15161E-03   -0.33490E-03   -0.19723E-04    0.20828E-02
    0.95242E-04    0.26003E-03    0.97967E-05   -0.78528E-03    0.31802E-02   -0.11112E-02   -0.57343E-03   -0.33316E+01    0.61095E+00    0.20726E+02   -0.34408E+00   -0.14235E+02   -0.91772E+00   -0.13596E+00    0.69111E-03   -0.23187E+00    0.98441E-04    0.10204E-03    0.12210E+00    0.98380E+00   -0.14497E+00    0.47662E+00    0.18469E+02    0.25945E+00    0.54818E+00    0.70928E+01   -0.95229E-02   -0.71483E-01   -0.18630E-01    0.20182E-01    0.24508E-01    0.18670E-02    0.15833E-01    0.48934E-02    0.11462E-01   -0.10241E-02   -0.10779E-02   -0.65872E-02
    0.44721E-04   -0.37530E-03    0.14915E-04   -0.15054E-02   -0.17056E-02    0.88723E-03   -0.40252E-02    0.74805E+01    0.39211E+00   -0.16720E+01   -0.25978E+00    0.43896E+00   -0.65497E+00    0.20623E-02   -0.34654E-02    0.35033E-03    0.10751E-03    0.80134E-04   -0.15238E-01    0.17471E+00   -0.38164E-01    0.57745E-01    0.25945E+00    0.22396E+01    0.68975E-01    0.27711E+00   -0.89983E-01   -0.91286E-01   -0.36741E-02    0.63663E-02   -0.24949E-01   -0.29046E-04    0.98107E-03   -0.10530E-03    0.16263E-02    0.34306E-02    0.47731E-03    0.18500E-02
    0.31828E-04   -0.18452E-03    0.64275E-04    0.48114E-03   -0.46187E-03    0.49008E-03    0.51542E-03    0.19601E+01   -0.30238E+00    0.42254E+00   -0.61430E-01   -0.86595E+00   -0.14970E+00   -0.45662E-03    0.33143E-02   -0.12811E-01    0.10406E-04    0.28858E-04    0.58568E-01    0.30539E+00   -0.56063E-02    0.15276E+00    0.54818E+00    0.68975E-01    0.23572E+00    0.49660E+00    0.77784E-03    0.69955E-02    0.26637E-03    0.37920E-02    0.44273E-02    0.20152E-03   -0.48324E-03    0.65844E-04   -0.77663E-04    0.19694E-03    0.33330E-03   -0.41533E-04
    0.19175E-03   -0.10165E-02    0.23978E-03    0.35285E-02   -0.24287E-02    0.30465E-02    0.42334E-02   -0.24764E+02   -0.96299E+00    0.71796E+01    0.13503E+00   -0.82943E+01   -0.73951E+00   -0.69051E-01    0.44662E-02   -0.17278E+00   -0.14401E-04    0.34879E-03    0.16227E+00    0.84774E+00   -0.33141E+00    0.58581E+00    0.70928E+01    0.27711E+00    0.49660E+00    0.19777E+02    0.15369E-01   -0.45102E-01   -0.24898E-01    0.14911E-01    0.78957E-01    0.13631E-02    0.30078E-02    0.34223E-02    0.37573E-02   -0.53361E-02    0.42763E-02    0.41706E-01
   -0.83593E-06    0.13677E-04   -0.81622E-06    0.61908E-04    0.52828E-04   -0.43141E-04    0.15959E-03   -0.58232E+00    0.36741E-01    0.40777E-01    0.53328E-01    0.38885E-01    0.47087E-01   -0.75333E-04   -0.12230E-03   -0.53873E-03   -0.49195E-05    0.30404E-05    0.30228E-02   -0.59901E-01   -0.26169E-02    0.86814E-02   -0.95229E-02   -0.89983E-01    0.77784E-03    0.15369E-01    0.79400E-02    0.65289E-02   -0.42602E-03    0.55088E-03    0.15377E-02    0.99742E-05   -0.41440E-04   -0.48163E-04   -0.68289E-04   -0.18679E-03   -0.28263E-04    0.16448E-03
   -0.54624E-06    0.45849E-05    0.60310E-06    0.11925E-03    0.24492E-04   -0.19093E-05    0.22845E-03   -0.60668E+00   -0.35389E-01   -0.78884E-02    0.45702E-01    0.56228E-01    0.62223E-01    0.93415E-03    0.69146E-03    0.74391E-03   -0.61746E-05    0.14434E-05    0.73924E-02   -0.29738E-01   -0.14690E-02    0.98386E-02   -0.71483E-01   -0.91286E-01    0.69955E-02   -0.45102E-01    0.65289E-02    0.11725E-01    0.42271E-03    0.20957E-02    0.21165E-02    0.33323E-04   -0.19398E-03   -0.33618E-04   -0.58820E-04   -0.21704E-04    0.73347E-04    0.42580E-04
    0.17246E-06   -0.37852E-05    0.21286E-06    0.45806E-04   -0.56912E-06    0.13193E-04    0.76134E-04   -0.19421E+00   -0.34519E-01    0.67279E-02   -0.71188E-02   -0.14666E-01   -0.30088E-02    0.46026E-03   -0.41534E-03    0.35247E-03   -0.77701E-06    0.81481E-06    0.11799E-02    0.22241E-01   -0.86219E-03   -0.55156E-02   -0.18630E-01   -0.36741E-02    0.26637E-03   -0.24898E-01   -0.42602E-03    0.42271E-03    0.61393E-03    0.20677E-03   -0.48000E-03   -0.23332E-05   -0.34662E-04    0.11674E-04   -0.15584E-04    0.68139E-04    0.19656E-04   -0.98473E-04
   -0.41284E-05   -0.59270E-05   -0.99857E-05   -0.16153E-03   -0.44853E-04   -0.32975E-04   -0.35199E-03    0.37621E+00    0.78655E-01    0.22151E-01    0.75266E-02    0.31027E-03   -0.10145E-01    0.27019E-03   -0.58870E-03    0.22959E-03   -0.84935E-05    0.10670E-04    0.59333E-02    0.17430E-01    0.32404E-02    0.29351E-02    0.20182E-01    0.63663E-02    0.37920E-02    0.14911E-01    0.55088E-03    0.20957E-02    0.20677E-03    0.32521E-01   -0.17677E-02    0.20382E-03    0.17369E-04   -0.20236E-05    0.12179E-03   -0.41490E-03    0.31709E-04    0.21695E-03
   -0.63913E-05    0.81477E-04    0.10920E-05   -0.11018E-03    0.20741E-03   -0.20569E-03   -0.10972E-04    0.96939E+00    0.73882E-01    0.11071E+00    0.52934E-02   -0.58744E-01    0.97602E-02    0.11445E-04    0.84035E-03   -0.16035E-02   -0.40189E-05    0.13200E-04    0.24818E-02   -0.24012E-01    0.31175E-02    0.10393E-01    0.24508E-01   -0.24949E-01    0.44273E-02    0.78957E-01    0.15377E-02    0.21165E-02   -0.48000E-03   -0.17677E-02    0.43523E-01   -0.56993E-04   -0.95173E-04    0.14564E-03   -0.60759E-04   -0.24427E-03   -0.14276E-03    0.39184E-03
    0.29238E-06   -0.17946E-05    0.29186E-06    0.90731E-05   -0.25194E-05    0.63949E-05    0.15128E-04   -0.22682E-02   -0.61928E-02   -0.91144E-03    0.28425E-03   -0.17098E-04    0.56778E-03   -0.16031E-04    0.76507E-05    0.14511E-04   -0.65993E-07    0.19076E-06   -0.11064E-04    0.14447E-03    0.11416E-03    0.72770E-03    0.18670E-02   -0.29046E-04    0.20152E-03    0.13631E-02    0.99742E-05    0.33323E-04   -0.23332E-05    0.20382E-03   -0.56993E-04    0.43729E-04    0.97984E-05    0.74328E-05    0.60751E-05   -0.29780E-06    0.13954E-04    0.94202E-05
    0.43730E-06   -0.31597E-05   -0.35505E-06    0.95228E-05   -0.74080E-05    0.36852E-05    0.14153E-04   -0.22503E-01   -0.51400E-03   -0.26753E-01   -0.16262E-04    0.96662E-02   -0.30833E-02    0.63890E-05    0.22504E-05    0.58569E-04   -0.16154E-06   -0.19008E-06   -0.98609E-04    0.13455E-02   -0.40467E-03   -0.62843E-03    0.15833E-01    0.98107E-03   -0.48324E-03    0.30078E-02   -0.41440E-04   -0.19398E-03   -0.34662E-04    0.17369E-04   -0.95173E-04    0.97984E-05    0.16264E-03    0.96961E-05    0.55598E-04   -0.78709E-05    0.96494E-05    0.28841E-04
    0.62142E-06   -0.28116E-05    0.52540E-06    0.15414E-04   -0.69162E-05    0.12423E-04    0.24189E-04   -0.40712E-01   -0.14611E-01   -0.65999E-03   -0.43084E-03   -0.53508E-02   -0.73926E-03   -0.89094E-04   -0.15590E-04   -0.45331E-04    0.18598E-06   -0.84205E-07    0.10885E-03    0.23533E-02   -0.22769E-03    0.55304E-03    0.48934E-02   -0.10530E-03    0.65844E-04    0.34223E-02   -0.48163E-04   -0.33618E-04    0.11674E-04   -0.20236E-05    0.14564E-03    0.74328E-05    0.96961E-05    0.47512E-04    0.78890E-05    0.25164E-04    0.72394E-05   -0.19000E-05
    0.52360E-06   -0.37021E-05    0.25074E-06    0.39407E-05   -0.69893E-05    0.10512E-04   -0.72821E-06   -0.17517E-01   -0.39416E-02   -0.24468E-01    0.70251E-05    0.72454E-02   -0.25230E-02    0.13625E-04    0.24521E-04    0.51453E-04    0.12751E-06    0.51237E-06    0.13773E-03    0.24602E-02   -0.36557E-03   -0.15161E-03    0.11462E-01    0.16263E-02   -0.77663E-04    0.37573E-02   -0.68289E-04   -0.58820E-04   -0.15584E-04    0.12179E-03   -0.60759E-04    0.60751E-05    0.55598E-04    0.78890E-05    0.90324E-04    0.51601E-05    0.14593E-04    0.35188E-04
    0.10240E-05   -0.11177E-05    0.14846E-05    0.37253E-05   -0.14353E-04    0.98726E-05    0.75679E-05   -0.53643E-01   -0.22530E-01    0.58766E-02   -0.10108E-02   -0.26665E-02    0.27032E-02    0.36013E-04   -0.20272E-05    0.87669E-04    0.40983E-06   -0.10641E-05   -0.17543E-03    0.10065E-02    0.20171E-03   -0.33490E-03   -0.10241E-02    0.34306E-02    0.19694E-03   -0.53361E-02   -0.18679E-03   -0.21704E-04    0.68139E-04   -0.41490E-03   -0.24427E-03   -0.29780E-06   -0.78709E-05    0.25164E-04    0.51601E-05    0.35610E-03    0.33877E-04   -0.11148E-04
    0.90481E-06   -0.67046E-05    0.87964E-06    0.20970E-04   -0.18692E-04    0.22583E-04    0.28045E-04   -0.93197E-02   -0.15741E-01   -0.16938E-01    0.27874E-03    0.16334E-02    0.65936E-03    0.34153E-05    0.25770E-04    0.28947E-04    0.53310E-08    0.19929E-05    0.54437E-04    0.13824E-02    0.39460E-03   -0.19723E-04   -0.10779E-02    0.47731E-03    0.33330E-03    0.42763E-02   -0.28263E-04    0.73347E-04    0.19656E-04    0.31709E-04   -0.14276E-03    0.13954E-04    0.96494E-05    0.72394E-05    0.14593E-04    0.33877E-04    0.10097E-03    0.39631E-04
    0.58820E-06   -0.57700E-05    0.15288E-05    0.28503E-04   -0.23003E-04    0.20859E-04    0.41049E-04   -0.96326E-01    0.19785E-02   -0.47654E-01    0.33590E-02    0.21492E-01    0.84564E-03    0.13946E-03    0.67631E-04    0.10347E-03   -0.68075E-06    0.20019E-05    0.16479E-03   -0.25354E-02   -0.12963E-02    0.20828E-02   -0.65872E-02    0.18500E-02   -0.41533E-04    0.41706E-01    0.16448E-03    0.42580E-04   -0.98473E-04    0.21695E-03    0.39184E-03    0.94202E-05    0.28841E-04   -0.19000E-05    0.35188E-04   -0.11148E-04    0.39631E-04    0.62167E-03
