# omegabh2 omegach2 theta tau ns nrun logA r asz
    0.63214E-06   -0.40602E-05    0.12664E-05    0.17146E-05    0.24340E-04    0.98593E-05   -0.37682E-05    0.37540E-04    0.15610E-04
   -0.40602E-05    0.52510E-04   -0.53641E-05   -0.73294E-05   -0.20999E-03   -0.11168E-03    0.12604E-03   -0.25065E-03   -0.19978E-03
    0.12664E-05   -0.53641E-05    0.63303E-05    0.68465E-05    0.36499E-04    0.22664E-05    0.11208E-04    0.10609E-03    0.10322E-04
    0.17146E-05   -0.73294E-05    0.68465E-05    0.23371E-03   -0.93658E-06   -0.97599E-04    0.46252E-03    0.28417E-03    0.91236E-04
    0.24340E-04   -0.20999E-03    0.36499E-04   -0.93658E-06    0.12588E-02    0.75337E-03   -0.44668E-03    0.75087E-03   -0.31476E-03
    0.98593E-05   -0.11168E-03    0.22664E-05   -0.97599E-04    0.75337E-03    0.70742E-03   -0.48017E-03   -0.96485E-03   -0.32479E-03
   -0.37682E-05    0.12604E-03    0.11208E-04    0.46252E-03   -0.44668E-03   -0.48017E-03    0.13667E-02    0.16104E-03   -0.11784E-02
    0.37540E-04   -0.25065E-03    0.10609E-03    0.28417E-03    0.75087E-03   -0.96485E-03    0.16104E-03    0.12811E-01    0.12979E-02
    0.15610E-04   -0.19978E-03    0.10322E-04    0.91236E-04   -0.31476E-03   -0.32479E-03   -0.11784E-02    0.12979E-02    0.32972E+00
