# omegabh2 omegach2 theta tau nnu ns logA aps100 aps143 aps217 acib143 acib217 asz143 psr cibr ncib cal0 cal2 xi aksz bm_1_1 bm_1_2 bm_1_3 bm_1_4 bm_1_5 bm_2_1 bm_2_2 bm_2_3 bm_2_4 bm_2_5 bm_3_1 bm_3_2 bm_3_3 bm_3_4 bm_3_5 bm_4_1 bm_4_2 bm_4_3 bm_4_4 bm_4_5
    0.88046E-07    0.58934E-06   -0.24607E-07    0.95196E-06    0.47950E-04    0.20410E-05    0.34776E-05    0.84510E-05   -0.18742E-03   -0.16164E-03   -0.19225E-04   -0.23226E-06    0.26224E-04   -0.10025E-05    0.32120E-05   -0.15136E-05    0.29152E-08    0.84870E-08   -0.14943E-05    0.63332E-04    0.35609E-05   -0.67535E-05   -0.40231E-05   -0.80680E-05    0.67366E-06   -0.10344E-05    0.16734E-05   -0.44521E-05    0.25124E-05   -0.75989E-05    0.37354E-05   -0.77173E-05   -0.22856E-05   -0.57885E-05   -0.33535E-05    0.21287E-05   -0.17274E-05    0.40674E-05    0.67169E-05   -0.43608E-05
    0.58934E-06    0.26433E-04   -0.24933E-05    0.18467E-05    0.14841E-02    0.37503E-04    0.66077E-04    0.48137E-01    0.13033E-01   -0.95143E-03    0.41678E-02    0.67131E-02   -0.26100E-03   -0.36179E-04    0.18572E-03    0.12049E-04   -0.16144E-07    0.63763E-06   -0.96617E-04    0.23758E-02    0.37907E-03   -0.36580E-04   -0.69545E-04   -0.11600E-03    0.31899E-04    0.64588E-05   -0.41949E-04   -0.67447E-04    0.60948E-04   -0.74832E-04    0.10023E-03   -0.70519E-04   -0.58093E-04   -0.45637E-04   -0.98426E-04    0.90934E-04   -0.61584E-04    0.62823E-04    0.10820E-03    0.10026E-03
   -0.24607E-07   -0.24933E-05    0.55645E-06    0.30957E-06   -0.14770E-03   -0.35787E-05   -0.49060E-05   -0.53798E-02   -0.12023E-02    0.15098E-03   -0.53491E-03   -0.76338E-03    0.32882E-04    0.35048E-05   -0.15871E-04   -0.24325E-05    0.32859E-08   -0.59855E-07    0.12371E-04   -0.19926E-03   -0.22613E-04    0.14247E-04    0.81619E-06   -0.44910E-05   -0.16553E-04   -0.28675E-05    0.49563E-05    0.11933E-04   -0.38273E-05   -0.24739E-05   -0.19704E-05    0.77647E-05    0.13085E-04   -0.71271E-05   -0.13702E-05   -0.88648E-05    0.16417E-04   -0.42298E-05   -0.48628E-05   -0.13924E-04
    0.95196E-06    0.18467E-05    0.30957E-06    0.17601E-03    0.44511E-03    0.41809E-04    0.35737E-03   -0.61754E-01    0.15909E-02    0.12399E-01   -0.85491E-02   -0.93616E-02   -0.10056E-02    0.23732E-04   -0.21150E-03   -0.12809E-04    0.37612E-07   -0.38529E-06   -0.33933E-05   -0.15352E-03    0.32114E-03    0.72232E-04   -0.35656E-03   -0.14135E-03   -0.10519E-03    0.19270E-03    0.14320E-03   -0.35424E-03    0.20668E-03   -0.44327E-03   -0.14849E-03   -0.44551E-04    0.11518E-03    0.14424E-03    0.54971E-04    0.34214E-04    0.94888E-04   -0.69785E-05    0.41781E-03    0.18434E-04
    0.47950E-04    0.14841E-02   -0.14770E-03    0.44511E-03    0.94712E-01    0.28316E-02    0.43792E-02    0.30544E+01    0.70951E+00   -0.14020E+00    0.27855E+00    0.42684E+00   -0.14668E-01   -0.23852E-02    0.11566E-01    0.70219E-03   -0.11681E-06    0.38140E-04   -0.61182E-02    0.15284E+00    0.19151E-01   -0.60294E-02   -0.52767E-02   -0.68897E-02    0.24622E-02    0.52147E-03   -0.22505E-02   -0.55350E-02    0.44547E-02   -0.44564E-02    0.81200E-02   -0.57747E-02   -0.34194E-02   -0.54174E-02   -0.58146E-02    0.74009E-02   -0.48109E-02    0.38372E-02    0.81172E-02    0.50817E-02
    0.20410E-05    0.37503E-04   -0.35787E-05    0.41809E-04    0.28316E-02    0.12288E-03    0.17160E-03    0.13373E-01    0.23494E-01    0.10540E-01   -0.19506E-02    0.24295E-02   -0.10008E-02   -0.15080E-05    0.56955E-04    0.36760E-04    0.29447E-07    0.10753E-05   -0.83603E-04    0.19508E-02    0.81273E-03   -0.23278E-03   -0.27592E-03   -0.31312E-03    0.16037E-03    0.26959E-03    0.47239E-04   -0.23793E-03    0.27380E-03   -0.18954E-03    0.90204E-04   -0.22695E-03    0.48869E-04   -0.16536E-03   -0.10220E-03    0.29346E-03   -0.78583E-04    0.21371E-03    0.37275E-03    0.20030E-03
    0.34776E-05    0.66077E-04   -0.49060E-05    0.35737E-03    0.43792E-02    0.17160E-03    0.88193E-03   -0.35832E-01    0.43361E-01    0.33507E-01   -0.12817E-01   -0.75087E-02   -0.39852E-02    0.28427E-05   -0.17997E-03    0.46520E-04    0.15504E-06    0.92805E-06   -0.16677E-03    0.38121E-02    0.23629E-02    0.29082E-03   -0.90877E-03   -0.58100E-03   -0.15019E-03    0.74920E-03    0.27716E-03   -0.93507E-03    0.56276E-03   -0.10733E-02   -0.34825E-04   -0.14129E-03   -0.11906E-04    0.69232E-04   -0.18538E-03    0.56265E-03    0.12332E-03    0.22129E-03    0.11868E-02    0.31183E-03
    0.84510E-05    0.48137E-01   -0.53798E-02   -0.61754E-01    0.30544E+01    0.13373E-01   -0.35832E-01    0.28738E+04    0.52375E+02   -0.16309E+03    0.13700E+03    0.12595E+03   -0.71550E+02   -0.11793E+01    0.72976E+00    0.11452E+01    0.24997E-03    0.19601E-03   -0.73344E+00   -0.14525E+02    0.10282E+02   -0.95835E+01    0.11299E+01    0.10288E+00    0.13698E+00   -0.48680E+00   -0.52465E+01    0.11478E+00    0.24010E+00   -0.88429E+00    0.15996E+01    0.39981E+00   -0.12566E+00   -0.10583E+01   -0.41748E+01    0.12055E+01   -0.11853E+01   -0.27613E+01   -0.68985E+00    0.31372E+01
   -0.18742E-03    0.13033E-01   -0.12023E-02    0.15909E-02    0.70951E+00    0.23494E-01    0.43361E-01    0.52375E+02    0.20762E+03    0.70393E+02   -0.38111E+02   -0.14010E+02   -0.91254E+01   -0.22783E+00   -0.15801E+00   -0.19090E+00    0.13627E-03    0.38012E-02    0.13525E+01   -0.12704E+02    0.18356E+01    0.35448E+00    0.26624E-01   -0.34409E+00    0.20132E-01   -0.18186E+01   -0.84390E+00   -0.14026E+00    0.47325E-01   -0.11566E+00    0.10570E+01    0.18427E+00    0.26095E+00   -0.23458E+00   -0.22051E+00   -0.53476E+00   -0.64656E+00   -0.36267E+00    0.30367E+00    0.14959E+00
   -0.16164E-03   -0.95143E-03    0.15098E-03    0.12399E-01   -0.14020E+00    0.10540E-01    0.33507E-01   -0.16309E+03    0.70393E+02    0.22023E+03   -0.39450E+02   -0.78151E+02    0.40383E+01   -0.82172E-02   -0.92740E+00   -0.10010E+01    0.24524E-03   -0.43654E-02    0.36904E+00   -0.11687E+02    0.20434E+01    0.10593E+01   -0.44759E+00   -0.19106E+00    0.13298E+00    0.96039E+00    0.27253E-01   -0.25595E+00    0.46640E-01    0.62678E+00   -0.12189E+01    0.98710E+00   -0.30364E+00    0.40893E+00    0.36078E+00   -0.41584E-01    0.15477E-01    0.14509E+00    0.33410E+00    0.70283E-01
   -0.19225E-04    0.41678E-02   -0.53491E-03   -0.85491E-02    0.27855E+00   -0.19506E-02   -0.12817E-01    0.13700E+03   -0.38111E+02   -0.39450E+02    0.29587E+02    0.21554E+02   -0.20470E+01   -0.33946E-02    0.25387E+00    0.22300E+00   -0.14827E-03   -0.10825E-02   -0.31536E-01   -0.17721E+00   -0.11096E+01   -0.64203E+00    0.50699E-01    0.85924E-01    0.15057E-01    0.85226E+00    0.22093E+00    0.54138E-01    0.54754E-02    0.46785E-01   -0.20600E+00   -0.19073E+00   -0.11736E+00   -0.27172E-01   -0.36195E-01    0.47873E+00    0.20503E+00    0.54272E-01   -0.13849E+00    0.12019E+00
   -0.23226E-06    0.67131E-02   -0.76338E-03   -0.93616E-02    0.42684E+00    0.24295E-02   -0.75087E-02    0.12595E+03   -0.14010E+02   -0.78151E+02    0.21554E+02    0.38416E+02   -0.23389E+01    0.41064E-01    0.42146E+00    0.51261E+00   -0.12727E-03    0.19006E-02   -0.22152E+00   -0.32001E+00   -0.74117E+00   -0.57596E+00    0.16137E+00   -0.20326E-01   -0.43723E-01   -0.37969E+00   -0.20652E-01    0.10589E+00    0.14310E+00   -0.24573E+00    0.49356E+00   -0.56211E+00    0.99002E-01   -0.32461E+00   -0.22188E+00    0.25087E-01   -0.55224E-01   -0.56667E-01   -0.93353E-01    0.18524E+00
    0.26224E-04   -0.26100E-03    0.32882E-04   -0.10056E-02   -0.14668E-01   -0.10008E-02   -0.39852E-02   -0.71550E+02   -0.91254E+01    0.40383E+01   -0.20470E+01   -0.23389E+01    0.78386E+01    0.39522E-01    0.26092E+00   -0.14314E+00    0.36041E-04   -0.68256E-04   -0.36094E-01   -0.18892E-01    0.10041E+00    0.61042E-01   -0.14606E-01    0.14047E-01   -0.35376E-01   -0.62706E-01    0.62904E-01   -0.50068E-01   -0.68590E-02   -0.10149E-01   -0.61730E-01   -0.38793E-01   -0.59757E-02   -0.47890E-01    0.21329E-01   -0.83955E-01   -0.31887E-01    0.20310E-01    0.34423E-01   -0.45851E-01
   -0.10025E-05   -0.36179E-04    0.35048E-05    0.23732E-04   -0.23852E-02   -0.15080E-05    0.28427E-05   -0.11793E+01   -0.22783E+00   -0.82172E-02   -0.33946E-02    0.41064E-01    0.39522E-01    0.77065E-02   -0.69558E-02    0.75082E-02    0.15591E-05   -0.27440E-04    0.39652E-02   -0.16935E-01    0.89558E-02    0.53215E-02    0.12482E-02   -0.66258E-03    0.82154E-03    0.75489E-02    0.11564E-02    0.76498E-03   -0.21829E-02    0.60713E-03   -0.10755E-01   -0.74004E-03   -0.10402E-02   -0.11499E-02    0.15236E-04   -0.14598E-02    0.73182E-03   -0.27568E-02   -0.53370E-02   -0.10706E-02
    0.32120E-05    0.18572E-03   -0.15871E-04   -0.21150E-03    0.11566E-01    0.56955E-04   -0.17997E-03    0.72976E+00   -0.15801E+00   -0.92740E+00    0.25387E+00    0.42146E+00    0.26092E+00   -0.69558E-02    0.43402E-01   -0.12801E-01   -0.16527E-05    0.91807E-04    0.63727E-03   -0.15787E-01   -0.20145E-01   -0.65082E-02   -0.32229E-02   -0.30141E-03   -0.57395E-02   -0.28406E-01   -0.51127E-02    0.45383E-02    0.54166E-02   -0.45085E-03    0.29634E-01   -0.34070E-02    0.56890E-02   -0.15524E-02   -0.26833E-02   -0.23648E-02   -0.16944E-02    0.12257E-02    0.45818E-02    0.26376E-03
   -0.15136E-05    0.12049E-04   -0.24325E-05   -0.12809E-04    0.70219E-03    0.36760E-04    0.46520E-04    0.11452E+01   -0.19090E+00   -0.10010E+01    0.22300E+00    0.51261E+00   -0.14314E+00    0.75082E-02   -0.12801E-01    0.20583E-01   -0.20692E-06   -0.19387E-04   -0.16497E-02   -0.29310E-02    0.72988E-02   -0.71547E-02    0.22684E-02   -0.47072E-02    0.55036E-03    0.76674E-02    0.62392E-02   -0.34365E-02    0.70872E-02   -0.89498E-02   -0.14940E-01   -0.17247E-01    0.38155E-03   -0.12153E-01   -0.77304E-02   -0.46462E-02   -0.10105E-02    0.17680E-03    0.12205E-02    0.11393E-01
    0.29152E-08   -0.16144E-07    0.32859E-08    0.37612E-07   -0.11681E-06    0.29447E-07    0.15504E-06    0.24997E-03    0.13627E-03    0.24524E-03   -0.14827E-03   -0.12727E-03    0.36041E-04    0.15591E-05   -0.16527E-05   -0.20692E-06    0.15471E-06    0.93754E-08    0.34172E-05    0.30970E-05   -0.14075E-04   -0.12580E-04   -0.43739E-05    0.45153E-05    0.31881E-05    0.12867E-04   -0.31724E-05    0.18602E-05    0.50974E-05    0.24584E-05   -0.73719E-05    0.25992E-05   -0.25464E-05    0.49046E-05    0.51058E-05    0.40330E-05    0.49636E-05   -0.61188E-05   -0.10294E-05    0.60590E-05
    0.84870E-08    0.63763E-06   -0.59855E-07   -0.38529E-06    0.38140E-04    0.10753E-05    0.92805E-06    0.19601E-03    0.38012E-02   -0.43654E-02   -0.10825E-02    0.19006E-02   -0.68256E-04   -0.27440E-04    0.91807E-04   -0.19387E-04    0.93754E-08    0.17178E-05   -0.42301E-05    0.17298E-04    0.91930E-04    0.97788E-05   -0.75984E-05   -0.28715E-04   -0.14722E-04    0.19667E-03   -0.52405E-05    0.12729E-04    0.47623E-04    0.37878E-04   -0.21435E-03   -0.25192E-04   -0.50596E-04    0.15099E-04   -0.49806E-04    0.38836E-05    0.20394E-04   -0.26019E-04   -0.51396E-04    0.48532E-04
   -0.14943E-05   -0.96617E-04    0.12371E-04   -0.33933E-05   -0.61182E-02   -0.83603E-04   -0.16677E-03   -0.73344E+00    0.13525E+01    0.36904E+00   -0.31536E-01   -0.22152E+00   -0.36094E-01    0.39652E-02    0.63727E-03   -0.16497E-02    0.34172E-05   -0.42301E-05    0.83067E-01   -0.20508E-02    0.35303E-02    0.19182E-02    0.30544E-02    0.45799E-02    0.70115E-03    0.26630E-02    0.35843E-02    0.23154E-02   -0.13380E-02    0.29066E-02    0.14150E-02    0.10074E-02    0.21392E-02   -0.27560E-02   -0.40231E-02    0.27675E-02    0.46879E-03    0.40178E-02   -0.24167E-04    0.95579E-03
    0.63332E-04    0.23758E-02   -0.19926E-03   -0.15352E-03    0.15284E+00    0.19508E-02    0.38121E-02   -0.14525E+02   -0.12704E+02   -0.11687E+02   -0.17721E+00   -0.32001E+00   -0.18892E-01   -0.16935E-01   -0.15787E-01   -0.29310E-02    0.30970E-05    0.17298E-04   -0.20508E-02    0.81928E+01   -0.39817E-01    0.15523E-02   -0.52999E-02    0.46245E-01    0.96904E-02    0.36906E-01    0.31628E-01   -0.16744E-01   -0.46929E-01   -0.43378E-01   -0.81059E-02   -0.69784E-01   -0.76358E-01    0.48509E-01   -0.38234E-01    0.26715E-01   -0.11652E-02    0.36723E-01   -0.35023E-01   -0.42248E-01
    0.35609E-05    0.37907E-03   -0.22613E-04    0.32114E-03    0.19151E-01    0.81273E-03    0.23629E-02    0.10282E+02    0.18356E+01    0.20434E+01   -0.11096E+01   -0.74117E+00    0.10041E+00    0.89558E-02   -0.20145E-01    0.72988E-02   -0.14075E-04    0.91930E-04    0.35303E-02   -0.39817E-01    0.72588E+00   -0.99005E-01    0.67149E-02   -0.65102E-02    0.10099E-01    0.17665E+00   -0.41542E-01   -0.42629E-01    0.19587E-03   -0.52685E-01    0.19371E-01    0.55608E-01   -0.32636E-01   -0.55184E-01   -0.13144E+00    0.15148E+00    0.31963E-01   -0.18821E-02    0.36922E-01    0.85475E-01
   -0.67535E-05   -0.36580E-04    0.14247E-04    0.72232E-04   -0.60294E-02   -0.23278E-03    0.29082E-03   -0.95835E+01    0.35448E+00    0.10593E+01   -0.64203E+00   -0.57596E+00    0.61042E-01    0.53215E-02   -0.65082E-02   -0.71547E-02   -0.12580E-04    0.97788E-05    0.19182E-02    0.15523E-02   -0.99005E-01    0.94071E+00   -0.19722E-01    0.13883E-01    0.22885E-02   -0.15450E+00    0.18384E+00    0.62930E-01   -0.25088E-01    0.25548E-01   -0.99006E-01    0.33062E-01    0.28380E-01    0.82401E-03    0.16870E+00   -0.21718E+00    0.56457E-01    0.10106E+00    0.18428E-01   -0.21101E+00
   -0.40231E-05   -0.69545E-04    0.81619E-06   -0.35656E-03   -0.52767E-02   -0.27592E-03   -0.90877E-03    0.11299E+01    0.26624E-01   -0.44759E+00    0.50699E-01    0.16137E+00   -0.14606E-01    0.12482E-02   -0.32229E-02    0.22684E-02   -0.43739E-05   -0.75984E-05    0.30544E-02   -0.52999E-02    0.67149E-02   -0.19722E-01    0.10407E+01    0.20073E-01   -0.27553E-02   -0.45373E-01   -0.31272E-01    0.18256E+00   -0.12957E-01    0.70448E-01    0.77589E-02    0.29625E-01   -0.29375E-01    0.14807E-01    0.11058E+00   -0.48074E-01    0.36710E-01    0.12492E-01   -0.20233E+00    0.91162E-01
   -0.80680E-05   -0.11600E-03   -0.44910E-05   -0.14135E-03   -0.68897E-02   -0.31312E-03   -0.58100E-03    0.10288E+00   -0.34409E+00   -0.19106E+00    0.85924E-01   -0.20326E-01    0.14047E-01   -0.66258E-03   -0.30141E-03   -0.47072E-02    0.45153E-05   -0.28715E-04    0.45799E-02    0.46245E-01   -0.65102E-02    0.13883E-01    0.20073E-01    0.10228E+01   -0.20721E-01    0.57566E-01   -0.90427E-01    0.70115E-01   -0.11529E+00    0.51830E-01    0.91168E-01    0.11502E+00    0.47819E-01    0.14978E+00   -0.96722E-01    0.10698E+00    0.35359E-01   -0.66224E-02   -0.12553E+00    0.32537E-01
    0.67366E-06    0.31899E-04   -0.16553E-04   -0.10519E-03    0.24622E-02    0.16037E-03   -0.15019E-03    0.13698E+00    0.20132E-01    0.13298E+00    0.15057E-01   -0.43723E-01   -0.35376E-01    0.82154E-03   -0.57395E-02    0.55036E-03    0.31881E-05   -0.14722E-04    0.70115E-03    0.96904E-02    0.10099E-01    0.22885E-02   -0.27553E-02   -0.20721E-01    0.10065E+01    0.45584E-01    0.35705E-01   -0.56866E-01    0.37781E-01    0.93432E-01    0.57309E-01   -0.88764E-01   -0.94348E-01    0.61450E-01    0.38104E-01    0.10569E+00   -0.10049E+00    0.76748E-01   -0.39282E-01   -0.14208E-01
   -0.10344E-05    0.64588E-05   -0.28675E-05    0.19270E-03    0.52147E-03    0.26959E-03    0.74920E-03   -0.48680E+00   -0.18186E+01    0.96039E+00    0.85226E+00   -0.37969E+00   -0.62706E-01    0.75489E-02   -0.28406E-01    0.76674E-02    0.12867E-04    0.19667E-03    0.26630E-02    0.36906E-01    0.17665E+00   -0.15450E+00   -0.45373E-01    0.57566E-01    0.45584E-01    0.87629E+00    0.72444E-03   -0.15655E-01   -0.33120E-01    0.14845E-01    0.16446E-01    0.13686E+00   -0.99791E-01    0.42549E-01   -0.63879E-01    0.66263E+00    0.23251E+00   -0.31230E-01   -0.53124E-01    0.76267E-01
    0.16734E-05   -0.41949E-04    0.49563E-05    0.14320E-03   -0.22505E-02    0.47239E-04    0.27716E-03   -0.52465E+01   -0.84390E+00    0.27253E-01    0.22093E+00   -0.20652E-01    0.62904E-01    0.11564E-02   -0.51127E-02    0.62392E-02   -0.31724E-05   -0.52405E-05    0.35843E-02    0.31628E-01   -0.41542E-01    0.18384E+00   -0.31272E-01   -0.90427E-01    0.35705E-01    0.72444E-03    0.97401E+00   -0.10531E-01   -0.17592E-01    0.49067E-02    0.38748E-01   -0.11236E-01   -0.68750E-01   -0.25708E-01    0.16425E+00   -0.68055E-01    0.23395E+00    0.76007E+00    0.28413E+00   -0.19611E+00
   -0.44521E-05   -0.67447E-04    0.11933E-04   -0.35424E-03   -0.55350E-02   -0.23793E-03   -0.93507E-03    0.11478E+00   -0.14026E+00   -0.25595E+00    0.54138E-01    0.10589E+00   -0.50068E-01    0.76498E-03    0.45383E-02   -0.34365E-02    0.18602E-05    0.12729E-04    0.23154E-02   -0.16744E-01   -0.42629E-01    0.62930E-01    0.18256E+00    0.70115E-01   -0.56866E-01   -0.15655E-01   -0.10531E-01    0.98180E+00    0.18066E-01    0.13281E-01    0.84820E-01   -0.22039E-01    0.11090E+00    0.15817E+00   -0.15429E+00   -0.19341E+00    0.61497E+00    0.13332E+00   -0.61328E+00    0.20667E+00
    0.25124E-05    0.60948E-04   -0.38273E-05    0.20668E-03    0.44547E-02    0.27380E-03    0.56276E-03    0.24010E+00    0.47325E-01    0.46640E-01    0.54754E-02    0.14310E+00   -0.68590E-02   -0.21829E-02    0.54166E-02    0.70872E-02    0.50974E-05    0.47623E-04   -0.13380E-02   -0.46929E-01    0.19587E-03   -0.25088E-01   -0.12957E-01   -0.11529E+00    0.37781E-01   -0.33120E-01   -0.17592E-01    0.18066E-01    0.99834E+00    0.32736E-02   -0.24346E-01   -0.10596E+00   -0.12739E+00   -0.10711E-01   -0.11196E+00   -0.94859E-01    0.70299E-01   -0.52170E-01    0.28414E+00    0.68894E+00
   -0.75989E-05   -0.74832E-04   -0.24739E-05   -0.44327E-03   -0.44564E-02   -0.18954E-03   -0.10733E-02   -0.88429E+00   -0.11566E+00    0.62678E+00    0.46785E-01   -0.24573E+00   -0.10149E-01    0.60713E-03   -0.45085E-03   -0.89498E-02    0.24584E-05    0.37878E-04    0.29066E-02   -0.43378E-01   -0.52685E-01    0.25548E-01    0.70448E-01    0.51830E-01    0.93432E-01    0.14845E-01    0.49067E-02    0.13281E-01    0.32736E-02    0.97217E+00   -0.60415E-01    0.73041E-01    0.42298E-02    0.15831E+00    0.24709E-02    0.12936E+00   -0.53414E+00    0.38538E+00   -0.35134E+00    0.22059E+00
    0.37354E-05    0.10023E-03   -0.19704E-05   -0.14849E-03    0.81200E-02    0.90204E-04   -0.34825E-04    0.15996E+01    0.10570E+01   -0.12189E+01   -0.20600E+00    0.49356E+00   -0.61730E-01   -0.10755E-01    0.29634E-01   -0.14940E-01   -0.73719E-05   -0.21435E-03    0.14150E-02   -0.81059E-02    0.19371E-01   -0.99006E-01    0.77589E-02    0.91168E-01    0.57309E-01    0.16446E-01    0.38748E-01    0.84820E-01   -0.24346E-01   -0.60415E-01    0.90558E+00    0.13240E-01   -0.15076E-01    0.77800E-02    0.69846E-03    0.58615E+00    0.16849E+00    0.11935E+00    0.46876E-01   -0.84637E-01
   -0.77173E-05   -0.70519E-04    0.77647E-05   -0.44551E-04   -0.57747E-02   -0.22695E-03   -0.14129E-03    0.39981E+00    0.18427E+00    0.98710E+00   -0.19073E+00   -0.56211E+00   -0.38793E-01   -0.74004E-03   -0.34070E-02   -0.17247E-01    0.25992E-05   -0.25192E-04    0.10074E-02   -0.69784E-01    0.55608E-01    0.33062E-01    0.29625E-01    0.11502E+00   -0.88764E-01    0.13686E+00   -0.11236E-01   -0.22039E-01   -0.10596E+00    0.73041E-01    0.13240E-01    0.10184E+01    0.13915E-01   -0.91993E-02    0.57188E-03    0.10769E+00    0.19205E+00   -0.32840E-02    0.13890E+00    0.15303E+00
   -0.22856E-05   -0.58093E-04    0.13085E-04    0.11518E-03   -0.34194E-02    0.48869E-04   -0.11906E-04   -0.12566E+00    0.26095E+00   -0.30364E+00   -0.11736E+00    0.99002E-01   -0.59757E-02   -0.10402E-02    0.56890E-02    0.38155E-03   -0.25464E-05   -0.50596E-04    0.21392E-02   -0.76358E-01   -0.32636E-01    0.28380E-01   -0.29375E-01    0.47819E-01   -0.94348E-01   -0.99791E-01   -0.68750E-01    0.11090E+00   -0.12739E+00    0.42298E-02   -0.15076E-01    0.13915E-01    0.98385E+00   -0.16684E-01   -0.87114E-02   -0.12026E+00    0.44111E-01    0.13246E+00    0.65286E-01   -0.52615E-01
   -0.57885E-05   -0.45637E-04   -0.71271E-05    0.14424E-03   -0.54174E-02   -0.16536E-03    0.69232E-04   -0.10583E+01   -0.23458E+00    0.40893E+00   -0.27172E-01   -0.32461E+00   -0.47890E-01   -0.11499E-02   -0.15524E-02   -0.12153E-01    0.49046E-05    0.15099E-04   -0.27560E-02    0.48509E-01   -0.55184E-01    0.82401E-03    0.14807E-01    0.14978E+00    0.61450E-01    0.42549E-01   -0.25708E-01    0.15817E+00   -0.10711E-01    0.15831E+00    0.77800E-02   -0.91993E-02   -0.16684E-01    0.10175E+01    0.41040E-02    0.19072E-01    0.37752E-01    0.11611E+00   -0.27411E+00    0.13986E+00
   -0.33535E-05   -0.98426E-04   -0.13702E-05    0.54971E-04   -0.58146E-02   -0.10220E-03   -0.18538E-03   -0.41748E+01   -0.22051E+00    0.36078E+00   -0.36195E-01   -0.22188E+00    0.21329E-01    0.15236E-04   -0.26833E-02   -0.77304E-02    0.51058E-05   -0.49806E-04   -0.40231E-02   -0.38234E-01   -0.13144E+00    0.16870E+00    0.11058E+00   -0.96722E-01    0.38104E-01   -0.63879E-01    0.16425E+00   -0.15429E+00   -0.11196E+00    0.24709E-02    0.69846E-03    0.57188E-03   -0.87114E-02    0.41040E-02    0.99937E+00   -0.35292E-01   -0.54328E-01    0.40097E-01    0.18862E+00   -0.12170E+00
    0.21287E-05    0.90934E-04   -0.88648E-05    0.34214E-04    0.74009E-02    0.29346E-03    0.56265E-03    0.12055E+01   -0.53476E+00   -0.41584E-01    0.47873E+00    0.25087E-01   -0.83955E-01   -0.14598E-02   -0.23648E-02   -0.46462E-02    0.40330E-05    0.38836E-05    0.27675E-02    0.26715E-01    0.15148E+00   -0.21718E+00   -0.48074E-01    0.10698E+00    0.10569E+00    0.66263E+00   -0.68055E-01   -0.19341E+00   -0.94859E-01    0.12936E+00    0.58615E+00    0.10769E+00   -0.12026E+00    0.19072E-01   -0.35292E-01    0.97173E+00   -0.14818E-01    0.25177E-01   -0.92778E-03   -0.27540E-01
   -0.17274E-05   -0.61584E-04    0.16417E-04    0.94888E-04   -0.48109E-02   -0.78583E-04    0.12332E-03   -0.11853E+01   -0.64656E+00    0.15477E-01    0.20503E+00   -0.55224E-01   -0.31887E-01    0.73182E-03   -0.16944E-02   -0.10105E-02    0.49636E-05    0.20394E-04    0.46879E-03   -0.11652E-02    0.31963E-01    0.56457E-01    0.36710E-01    0.35359E-01   -0.10049E+00    0.23251E+00    0.23395E+00    0.61497E+00    0.70299E-01   -0.53414E+00    0.16849E+00    0.19205E+00    0.44111E-01    0.37752E-01   -0.54328E-01   -0.14818E-01    0.95927E+00   -0.70174E-03    0.42936E-02    0.11870E-01
    0.40674E-05    0.62823E-04   -0.42298E-05   -0.69785E-05    0.38372E-02    0.21371E-03    0.22129E-03   -0.27613E+01   -0.36267E+00    0.14509E+00    0.54272E-01   -0.56667E-01    0.20310E-01   -0.27568E-02    0.12257E-02    0.17680E-03   -0.61188E-05   -0.26019E-04    0.40178E-02    0.36723E-01   -0.18821E-02    0.10106E+00    0.12492E-01   -0.66224E-02    0.76748E-01   -0.31230E-01    0.76007E+00    0.13332E+00   -0.52170E-01    0.38538E+00    0.11935E+00   -0.32840E-02    0.13246E+00    0.11611E+00    0.40097E-01    0.25177E-01   -0.70174E-03    0.97895E+00   -0.14364E-01    0.10669E-02
    0.67169E-05    0.10820E-03   -0.48628E-05    0.41781E-03    0.81172E-02    0.37275E-03    0.11868E-02   -0.68985E+00    0.30367E+00    0.33410E+00   -0.13849E+00   -0.93353E-01    0.34423E-01   -0.53370E-02    0.45818E-02    0.12205E-02   -0.10294E-05   -0.51396E-04   -0.24167E-04   -0.35023E-01    0.36922E-01    0.18428E-01   -0.20233E+00   -0.12553E+00   -0.39282E-01   -0.53124E-01    0.28413E+00   -0.61328E+00    0.28414E+00   -0.35134E+00    0.46876E-01    0.13890E+00    0.65286E-01   -0.27411E+00    0.18862E+00   -0.92778E-03    0.42936E-02   -0.14364E-01    0.98446E+00   -0.16314E-01
   -0.43608E-05    0.10026E-03   -0.13924E-04    0.18434E-04    0.50817E-02    0.20030E-03    0.31183E-03    0.31372E+01    0.14959E+00    0.70283E-01    0.12019E+00    0.18524E+00   -0.45851E-01   -0.10706E-02    0.26376E-03    0.11393E-01    0.60590E-05    0.48532E-04    0.95579E-03   -0.42248E-01    0.85475E-01   -0.21101E+00    0.91162E-01    0.32537E-01   -0.14208E-01    0.76267E-01   -0.19611E+00    0.20667E+00    0.68894E+00    0.22059E+00   -0.84637E-01    0.15303E+00   -0.52615E-01    0.13986E+00   -0.12170E+00   -0.27540E-01    0.11870E-01    0.10669E-02   -0.16314E-01    0.99946E+00
