# omegabh2 omegach2 theta tau alpha1 ns logA asz
    0.19607E-06    0.21673E-06    0.49389E-06    0.11891E-05   -0.12139E-07    0.37769E-05    0.51324E-05    0.62861E-05
    0.21673E-06    0.61576E-05    0.28202E-05   -0.32227E-05    0.38682E-06    0.17883E-05    0.18905E-04   -0.60311E-04
    0.49389E-06    0.28202E-05    0.65589E-05   -0.56153E-05    0.30120E-05    0.19772E-04    0.62780E-05   -0.84158E-04
    0.11891E-05   -0.32227E-05   -0.56153E-05    0.19180E-03   -0.97802E-05    0.10717E-04    0.38870E-03   -0.83297E-05
   -0.12139E-07    0.38682E-06    0.30120E-05   -0.97802E-05    0.46782E-05    0.13812E-04   -0.17798E-04   -0.65368E-04
    0.37769E-05    0.17883E-05    0.19772E-04    0.10717E-04    0.13812E-04    0.16240E-03    0.87308E-04   -0.79156E-03
    0.51324E-05    0.18905E-04    0.62780E-05    0.38870E-03   -0.17798E-04    0.87308E-04    0.93988E-03   -0.12093E-02
    0.62861E-05   -0.60311E-04   -0.84158E-04   -0.83297E-05   -0.65368E-04   -0.79156E-03   -0.12093E-02    0.33783E+00
