# omegabh2 omegach2 theta tau meffsterile nnu logA ns acib217 acibsz143 asz143 aps100 aps143 aps143217 aps217 aksz kgal100 t1gal143 t1gal143217 t1gal217 calib_100T calib_217T
    0.8400652E-07    0.2434391E-06    0.9203332E-08    0.1458557E-05    0.7067510E-06    0.3417837E-04    0.3316188E-05    0.2008930E-05   -0.1107111E-03   -0.7269299E-04    0.2224236E-04   -0.6337081E-03   -0.4049230E-03   -0.1935425E-03   -0.2366626E-03    0.6026247E-05    0.1274133E-02    0.9216042E-03    0.9312041E-03    0.9109757E-03   -0.6701749E-07    0.3182215E-08
    0.2434391E-06    0.1618390E-04   -0.1333339E-05    0.1684533E-06   -0.4208600E-04    0.7358536E-03    0.3113347E-04    0.1776214E-04    0.7754545E-02    0.3595446E-02    0.3459489E-03    0.2537186E-02   -0.4966747E-03   -0.7163247E-02   -0.8300843E-02    0.1640436E-02    0.1010070E-01    0.8744404E-02    0.9474511E-02    0.1011844E-01   -0.5594041E-06   -0.4395127E-06
    0.9203332E-08   -0.1333339E-05    0.3125415E-06    0.5521649E-06   -0.1262924E-04   -0.6074255E-04   -0.1447870E-05   -0.7384717E-06   -0.7661259E-03   -0.3743513E-03   -0.2071597E-04   -0.5344632E-03   -0.1824819E-04    0.6703005E-03    0.7169238E-03   -0.1623161E-03   -0.4140856E-03   -0.5197129E-03   -0.5117544E-03   -0.5477331E-03    0.1841771E-07    0.3676090E-07
    0.1458557E-05    0.1684533E-06    0.5521649E-06    0.2133046E-03   -0.2263912E-05    0.7325616E-03    0.4228168E-03    0.6408863E-04   -0.7630589E-02   -0.3376684E-02   -0.8315392E-03   -0.2532684E-02    0.1313483E-02    0.5570294E-02    0.7485144E-02   -0.3268285E-03   -0.5005230E-02   -0.8524738E-02   -0.1005125E-01   -0.1138736E-01   -0.1354095E-06    0.6135874E-06
    0.7067510E-06   -0.4208600E-04   -0.1262924E-04   -0.2263912E-05    0.4478612E-01    0.5480478E-02    0.1392430E-03   -0.5810827E-03    0.1576054E+00    0.7380329E-01    0.4618047E-03    0.1997266E+00    0.1082516E+00   -0.5514246E-01   -0.7412396E-01    0.1014808E-01    0.8912152E-01    0.1349527E+00    0.1735340E+00    0.2095639E+00    0.3532366E-05   -0.1379859E-04
    0.3417837E-04    0.7358536E-03   -0.6074255E-04    0.7325616E-03    0.5480478E-02    0.5126688E-01    0.2876979E-02    0.1836093E-02    0.5007893E+00    0.2326548E+00    0.3216532E-01    0.2342520E+00   -0.7895270E-01   -0.4911362E+00   -0.5571448E+00    0.1112734E+00    0.4873185E+00    0.4249543E+00    0.4808926E+00    0.5202058E+00   -0.3102468E-04   -0.2791625E-04
    0.3316188E-05    0.3113347E-04   -0.1447870E-05    0.4228168E-03    0.1392430E-03    0.2876979E-02    0.9165278E-03    0.1541205E-03    0.5194930E-03    0.1714009E-03   -0.2050327E-02    0.2469165E-01    0.1962596E-01    0.1235882E-01    0.1276105E-01    0.1835513E-02   -0.2018735E-01   -0.5700521E-01   -0.5910692E-01   -0.6066655E-01   -0.3880535E-05    0.2557520E-06
    0.2008930E-05    0.1776214E-04   -0.7384717E-06    0.6408863E-04   -0.5810827E-03    0.1836093E-02    0.1541205E-03    0.1179325E-03    0.3101352E-02    0.1109509E-02   -0.1893395E-03   -0.1435490E-02    0.6697173E-03   -0.2344487E-02   -0.4149547E-02    0.1119246E-02    0.1144441E-01    0.6033058E-02    0.6656603E-02    0.7819272E-02   -0.8471096E-06   -0.3184850E-06
   -0.1107111E-03    0.7754545E-02   -0.7661259E-03   -0.7630589E-02    0.1576054E+00    0.5007893E+00    0.5194930E-03    0.3101352E-02    0.8230678E+02    0.3361777E+02    0.1847274E+01    0.1822613E+02   -0.2529941E+02   -0.8254677E+02   -0.9670869E+02   -0.2423158E+01   -0.1151300E+02   -0.2402671E+02   -0.3070805E+02   -0.3546069E+02   -0.2425606E-03   -0.3770832E-02
   -0.7269299E-04    0.3595446E-02   -0.3743513E-03   -0.3376684E-02    0.7380329E-01    0.2326548E+00    0.1714009E-03    0.1109509E-02    0.3361777E+02    0.2319480E+02    0.2696000E+01   -0.1074233E+02   -0.2553768E+02   -0.5385096E+02   -0.3412857E+02   -0.1115502E+01   -0.7463589E+01   -0.1523908E+02   -0.2360389E+02   -0.2521129E+02   -0.3079710E-03   -0.4086928E-03
    0.2224236E-04    0.3459489E-03   -0.2071597E-04   -0.8315392E-03    0.4618047E-03    0.3216532E-01   -0.2050327E-02   -0.1893395E-03    0.1847274E+01    0.2696000E+01    0.5273446E+01   -0.3437195E+02   -0.1585032E+02   -0.6184261E+01   -0.2232415E+01   -0.3225094E-02   -0.2298091E+01   -0.4711261E+00    0.2813028E+01    0.3332884E+01   -0.9867396E-04    0.1158717E-03
   -0.6337081E-03    0.2537186E-02   -0.5344632E-03   -0.2532684E-02    0.1997266E+00    0.2342520E+00    0.2469165E-01   -0.1435490E-02    0.1822613E+02   -0.1074233E+02   -0.3437195E+02    0.7366415E+03    0.1746946E+03    0.7396743E+02    0.2090221E+02   -0.1135729E+02   -0.8051487E+02   -0.6370940E+02   -0.6811193E+02   -0.6648259E+02   -0.3982398E-02   -0.3567688E-02
   -0.4049230E-03   -0.4966747E-03   -0.1824819E-04    0.1313483E-02    0.1082516E+00   -0.7895270E-01    0.1962596E-01    0.6697173E-03   -0.2529941E+02   -0.2553768E+02   -0.1585032E+02    0.1746946E+03    0.1257043E+03    0.1057054E+03    0.6401320E+02   -0.9967812E+01   -0.3025425E+02   -0.4943498E+02   -0.4213313E+02   -0.3883841E+02   -0.1065362E-02   -0.7618621E-03
   -0.1935425E-03   -0.7163247E-02    0.6703005E-03    0.5570294E-02   -0.5514246E-01   -0.4911362E+00    0.1235882E-01   -0.2344487E-02   -0.8254677E+02   -0.5385096E+02   -0.6184261E+01    0.7396743E+02    0.1057054E+03    0.1731218E+03    0.1289138E+03   -0.7696757E+01   -0.1971640E+02   -0.2589672E+02   -0.1224601E+02   -0.1131608E+02   -0.1155896E-02    0.2247737E-02
   -0.2366626E-03   -0.8300843E-02    0.7169238E-03    0.7485144E-02   -0.7412396E-01   -0.5571448E+00    0.1276105E-01   -0.4149547E-02   -0.9670869E+02   -0.3412857E+02   -0.2232415E+01    0.2090221E+02    0.6401320E+02    0.1289138E+03    0.1634127E+03   -0.7391834E+01   -0.2305777E+02   -0.3389742E+02   -0.3882636E+02   -0.4096825E+02   -0.1634723E-02    0.6469957E-02
    0.6026247E-05    0.1640436E-02   -0.1623161E-03   -0.3268285E-03    0.1014808E-01    0.1112734E+00    0.1835513E-02    0.1119246E-02   -0.2423158E+01   -0.1115502E+01   -0.3225094E-02   -0.1135729E+02   -0.9967812E+01   -0.7696757E+01   -0.7391834E+01    0.7872523E+01   -0.2133749E+01   -0.2734646E+01   -0.2838442E+01   -0.3063862E+01   -0.5569904E-04    0.1617944E-03
    0.1274133E-02    0.1010070E-01   -0.4140856E-03   -0.5005230E-02    0.8912152E-01    0.4873185E+00   -0.2018735E-01    0.1144441E-01   -0.1151300E+02   -0.7463589E+01   -0.2298091E+01   -0.8051487E+02   -0.3025425E+02   -0.1971640E+02   -0.2305777E+02   -0.2133749E+01    0.2551935E+03    0.1821037E+03    0.1800376E+03    0.1786779E+03   -0.1275217E-01    0.2768609E-03
    0.9216042E-03    0.8744404E-02   -0.5197129E-03   -0.8524738E-02    0.1349527E+00    0.4249543E+00   -0.5700521E-01    0.6033058E-02   -0.2402671E+02   -0.1523908E+02   -0.4711261E+00   -0.6370940E+02   -0.4943498E+02   -0.2589672E+02   -0.3389742E+02   -0.2734646E+01    0.1821037E+03    0.3125467E+03    0.3194215E+03    0.3202933E+03    0.9014409E-02    0.3488226E-03
    0.9312041E-03    0.9474511E-02   -0.5117544E-03   -0.1005125E-01    0.1735340E+00    0.4808926E+00   -0.5910692E-01    0.6656603E-02   -0.3070805E+02   -0.2360389E+02    0.2813028E+01   -0.6811193E+02   -0.4213313E+02   -0.1224601E+02   -0.3882636E+02   -0.2838442E+01    0.1800376E+03    0.3194215E+03    0.3656987E+03    0.3925160E+03    0.9206107E-02   -0.5035391E-02
    0.9109757E-03    0.1011844E-01   -0.5477331E-03   -0.1138736E-01    0.2095639E+00    0.5202058E+00   -0.6066655E-01    0.7819272E-02   -0.3546069E+02   -0.2521129E+02    0.3332884E+01   -0.6648259E+02   -0.3883841E+02   -0.1131608E+02   -0.4096825E+02   -0.3063862E+01    0.1786779E+03    0.3202933E+03    0.3925160E+03    0.4453357E+03    0.9320636E-02   -0.9893388E-02
   -0.6701749E-07   -0.5594041E-06    0.1841771E-07   -0.1354095E-06    0.3532366E-05   -0.3102468E-04   -0.3880535E-05   -0.8471096E-06   -0.2425606E-03   -0.3079710E-03   -0.9867396E-04   -0.3982398E-02   -0.1065362E-02   -0.1155896E-02   -0.1634723E-02   -0.5569904E-04   -0.1275217E-01    0.9014409E-02    0.9206107E-02    0.9320636E-02    0.2971065E-05   -0.1695818E-07
    0.3182215E-08   -0.4395127E-06    0.3676090E-07    0.6135874E-06   -0.1379859E-04   -0.2791625E-04    0.2557520E-06   -0.3184850E-06   -0.3770832E-02   -0.4086928E-03    0.1158717E-03   -0.3567688E-02   -0.7618621E-03    0.2247737E-02    0.6469957E-02    0.1617944E-03    0.2768609E-03    0.3488226E-03   -0.5035391E-02   -0.9893388E-02   -0.1695818E-07    0.1456633E-05
