# omegabh2 omegach2 theta tau omegak logA ns calPlanck acib217 xi asz143 aps100 aps143 aps143217 aps217 aksz kgal100 kgal143 kgal143217 kgal217 cal0 cal2
  5.6948340E-08  -3.1930422E-07   5.6124370E-08   3.1563651E-07  -8.5790069E-07   4.2153699E-08   9.1621211E-07   1.4963943E-08  -1.7877946E-04   2.8682876E-06   5.2936606E-05  -1.0110264E-03  -6.6766416E-04  -2.9990061E-04  -1.3174508E-04  -8.0560199E-05   1.0692363E-06  -4.2528359E-06  -1.1030656E-05   3.7915098E-05   2.3787094E-09  -6.2549508E-09
 -3.1930422E-07   4.6095024E-06  -5.1894823E-07  -3.7040269E-06   1.0991684E-05   3.0357946E-06  -1.1183551E-05  -4.4573991E-08   1.0825565E-03  -2.3702281E-05  -2.2032812E-04   5.0120002E-03   3.4489045E-03   1.7385567E-03   7.6768510E-04   3.7104390E-04   3.8108807E-05   3.2833900E-05   1.0053552E-05  -3.1157057E-04  -3.2181391E-08   2.8376822E-08
  5.6124370E-08  -5.1894823E-07   2.3533014E-07   5.1005163E-07  -1.3595883E-06   9.2517185E-08   1.5282483E-06   2.5988231E-08  -1.0378582E-04   1.5071831E-06   2.9460991E-05  -6.1071035E-04  -4.7425304E-04  -2.5954038E-04  -1.2522239E-04  -5.4078857E-05   1.1478180E-05  -2.7366575E-06  -2.4411598E-05  -1.9241487E-05   4.9066424E-09  -5.5944884E-09
  3.1563651E-07  -3.7040269E-06   5.1005163E-07   6.6306444E-05   1.4430486E-05   1.2447349E-04   1.1437134E-05   2.0428884E-07  -1.7824170E-03   5.1842651E-05   2.3113121E-04  -1.0344412E-02  -4.7987088E-03  -1.3117963E-03   2.3321665E-04  -7.8874653E-04   1.3267153E-05  -1.7998601E-04  -4.8954698E-04  -9.7183332E-05  -3.2553444E-09  -1.9793667E-08
 -8.5790069E-07   1.0991684E-05  -1.3595883E-06   1.4430486E-05   5.6830267E-05   5.9391266E-05  -2.7998459E-05   2.1659301E-06   2.5726031E-03  -3.5654879E-05  -9.1903285E-04   1.4812856E-02   1.1230865E-02   6.2799659E-03   4.6393937E-03   9.8188358E-04  -9.6141222E-05  -3.6617050E-04  -4.3997995E-04  -8.6794399E-04  -1.0741115E-08   8.8895819E-08
  4.2153699E-08   3.0357946E-06   9.2517185E-08   1.2447349E-04   5.9391266E-05   2.8562600E-04  -3.9097318E-06   1.2923380E-05  -1.4004697E-03   1.1589142E-04   1.2167831E-04  -6.2952992E-03  -1.0536488E-04   4.7479035E-03   8.2887133E-03  -1.7920237E-03  -2.0772842E-04  -9.3350229E-04  -1.2837316E-03   7.9665332E-04   9.4162690E-08  -1.3494775E-08
  9.1621211E-07  -1.1183551E-05   1.5282483E-06   1.1437134E-05  -2.7998459E-05  -3.9097318E-06   3.7852068E-05   2.0814968E-07  -6.6585372E-03   1.3952071E-04   1.5408458E-03  -3.7050272E-02  -1.5019692E-02  -2.7539987E-03   2.6402993E-03  -3.1725249E-03   3.1407657E-04  -4.6904792E-04  -5.0000172E-04   1.5234637E-03  -5.8024076E-08  -1.7459020E-07
  1.4963943E-08  -4.4573991E-08   2.5988231E-08   2.0428884E-07   2.1659301E-06   1.2923380E-05   2.0814968E-07   6.2371491E-06   6.4504382E-04   8.5621421E-06   7.7492252E-05   3.6221088E-03   6.6329765E-04   7.4943423E-04   1.4005005E-03  -6.2779195E-05   7.3929830E-07  -3.9772346E-05   7.5596508E-05   8.8593374E-04   4.9270250E-09  -3.2529593E-09
 -1.7877946E-04   1.0825565E-03  -1.0378582E-04  -1.7824170E-03   2.5726031E-03  -1.4004697E-03  -6.6585372E-03   6.4504382E-04   4.4049940E+01  -4.1171927E-01  -9.2481311E-01   3.5497993E+01   1.8363480E+00  -1.3313868E+01  -5.3733421E+01   9.4984888E-02   3.4865207E-01   5.4297539E-01  -6.1921935E+00  -3.3721733E+01  -1.8711865E-04   6.8250539E-04
  2.8682876E-06  -2.3702281E-05   1.5071831E-06   5.1842651E-05  -3.5654879E-05   1.1589142E-04   1.3952071E-04   8.5621421E-06  -4.1171927E-01   8.2173269E-02  -3.5109842E-02  -6.6679730E-01   8.8157708E-01   1.6705303E+00   6.3951082E-01   4.2735136E-02  -2.2297354E-03   1.5726953E-02   1.1881974E-01   1.7506007E-01   7.2327290E-06  -1.0700702E-06
  5.2936606E-05  -2.2032812E-04   2.9460991E-05   2.3113121E-04  -9.1903285E-04   1.2167831E-04   1.5408458E-03   7.7492252E-05  -9.2481311E-01  -3.5109842E-02   3.9215814E+00  -3.1333224E+01  -3.5704474E+00   7.7083416E+00   5.2656780E+00  -2.8606843E+00  -2.2257016E-01   1.8982469E-01   2.7279058E+00   3.4583810E+00   9.0036009E-05  -4.8708403E-05
 -1.0110264E-03   5.0120002E-03  -6.1071035E-04  -1.0344412E-02   1.4812856E-02  -6.2952992E-03  -3.7050272E-02   3.6221088E-03   3.5497993E+01  -6.6679730E-01  -3.1333224E+01   8.0998857E+02   7.7582032E+01  -5.2271126E+01  -5.5460033E+01   1.5499725E+01  -7.0479594E+00   5.6077927E+00  -1.2174192E+01  -2.2788616E+01   3.8645652E-03   6.7824080E-04
 -6.6766416E-04   3.4489045E-03  -4.7425304E-04  -4.7987088E-03   1.1230865E-02  -1.0536488E-04  -1.5019692E-02   6.6329765E-04   1.8363480E+00   8.8157708E-01  -3.5704474E+00   7.7582032E+01   6.7854302E+01   4.3926354E+01   1.9626736E+01  -4.9392306E+00  -4.0654875E-01  -1.5779553E+00   3.5419921E+00   4.8697844E+00   2.2533559E-04   1.9126836E-04
 -2.9990061E-04   1.7385567E-03  -2.5954038E-04  -1.3117963E-03   6.2799659E-03   4.7479035E-03  -2.7539987E-03   7.4943423E-04  -1.3313868E+01   1.6705303E+00   7.7083416E+00  -5.2271126E+01   4.3926354E+01   8.7738553E+01   5.6064139E+01  -1.2395066E+01  -8.6409720E-01  -6.3633993E-01   5.4803072E+00   9.7198502E+00   4.8607855E-04  -3.3116364E-04
 -1.3174508E-04   7.6768510E-04  -1.2522239E-04   2.3321665E-04   4.6393937E-03   8.2887133E-03   2.6402993E-03   1.4005005E-03  -5.3733421E+01   6.3951082E-01   5.2656780E+00  -5.5460033E+01   1.9626736E+01   5.6064139E+01   1.0423312E+02  -9.9374728E+00  -9.0694615E-01  -1.3107355E+00   6.0983040E+00   3.4160901E+01   4.0336284E-04  -1.2507481E-03
 -8.0560199E-05   3.7104390E-04  -5.4078857E-05  -7.8874653E-04   9.8188358E-04  -1.7920237E-03  -3.1725249E-03  -6.2779195E-05   9.4984888E-02   4.2735136E-02  -2.8606843E+00   1.5499725E+01  -4.9392306E+00  -1.2395066E+01  -9.9374728E+00   6.3248983E+00   1.3958923E-01  -1.3148430E-01  -2.1179405E+00  -2.4907802E+00  -6.4925323E-05   2.8839620E-05
  1.0692363E-06   3.8108807E-05   1.1478180E-05   1.3267153E-05  -9.6141222E-05  -2.0772842E-04   3.1407657E-04   7.3929830E-07   3.4865207E-01  -2.2297354E-03  -2.2257016E-01  -7.0479594E+00  -4.0654875E-01  -8.6409720E-01  -9.0694615E-01   1.3958923E-01   3.3756302E+00   5.6019778E-01   1.2065168E-01  -7.6605959E-02   1.5470699E-04   1.1522581E-05
 -4.2528359E-06   3.2833900E-05  -2.7366575E-06  -1.7998601E-04  -3.6617050E-04  -9.3350229E-04  -4.6904792E-04  -3.9772346E-05   5.4297539E-01   1.5726953E-02   1.8982469E-01   5.6077927E+00  -1.5779553E+00  -6.3633993E-01  -1.3107355E+00  -1.3148430E-01   5.6019778E-01   3.1669684E+00   2.6732503E+00   2.5701456E+00  -1.6968069E-04  -5.5804242E-05
 -1.1030656E-05   1.0053552E-05  -2.4411598E-05  -4.8954698E-04  -4.3997995E-04  -1.2837316E-03  -5.0000172E-04   7.5596508E-05  -6.1921935E+00   1.1881974E-01   2.7279058E+00  -1.2174192E+01   3.5419921E+00   5.4803072E+00   6.0983040E+00  -2.1179405E+00   1.2065168E-01   2.6732503E+00   1.0947644E+01   1.9768698E+01  -5.1320152E-06   3.9600701E-04
  3.7915098E-05  -3.1157057E-04  -1.9241487E-05  -9.7183332E-05  -8.6794399E-04   7.9665332E-04   1.5234637E-03   8.8593374E-04  -3.3721733E+01   1.7506007E-01   3.4583810E+00  -2.2788616E+01   4.8697844E+00   9.7198502E+00   3.4160901E+01  -2.4907802E+00  -7.6605959E-02   2.5701456E+00   1.9768698E+01   5.4763818E+01   1.2023238E-04   9.3941440E-04
  2.3787094E-09  -3.2181391E-08   4.9066424E-09  -3.2553444E-09  -1.0741115E-08   9.4162690E-08  -5.8024076E-08   4.9270250E-09  -1.8711865E-04   7.2327290E-06   9.0036009E-05   3.8645652E-03   2.2533559E-04   4.8607855E-04   4.0336284E-04  -6.4925323E-05   1.5470699E-04  -1.6968069E-04  -5.1320152E-06   1.2023238E-04   3.7392812E-07   2.6230549E-09
 -6.2549508E-09   2.8376822E-08  -5.5944884E-09  -1.9793667E-08   8.8895819E-08  -1.3494775E-08  -1.7459020E-07  -3.2529593E-09   6.8250539E-04  -1.0700702E-06  -4.8708403E-05   6.7824080E-04   1.9126836E-04  -3.3116364E-04  -1.2507481E-03   2.8839620E-05   1.1522581E-05  -5.5804242E-05   3.9600701E-04   9.3941440E-04   2.6230549E-09   3.8705210E-07
