# omegabh2 omegach2 theta tau alpha1 ns logA asz
    0.21142E-06   -0.17426E-06    0.62673E-06    0.11376E-05    0.20087E-06    0.46733E-05    0.38365E-05    0.14982E-04
   -0.17426E-06    0.14678E-04   -0.12708E-05   -0.32616E-05   -0.55626E-05   -0.24782E-04    0.44951E-04   -0.16736E-03
    0.62673E-06   -0.12708E-05    0.75393E-05   -0.34687E-05    0.62260E-05    0.26835E-04   -0.22933E-05   -0.52469E-04
    0.11376E-05   -0.32616E-05   -0.34687E-05    0.19064E-03   -0.10184E-04    0.18047E-04    0.38275E-03    0.19182E-04
    0.20087E-06   -0.55626E-05    0.62260E-05   -0.10184E-04    0.15804E-04    0.34480E-04   -0.37373E-04    0.74835E-05
    0.46733E-05   -0.24782E-04    0.26835E-04    0.18047E-04    0.34480E-04    0.21777E-03    0.17782E-04   -0.34303E-03
    0.38365E-05    0.44951E-04   -0.22933E-05    0.38275E-03   -0.37373E-04    0.17782E-04    0.10022E-02   -0.14039E-02
    0.14982E-04   -0.16736E-03   -0.52469E-04    0.19182E-04    0.74835E-05   -0.34303E-03   -0.14039E-02    0.32777E+00
