# omegabh2 omegach2 theta tau Alens ns logA asz
    0.23816E-06   -0.13193E-06    0.57013E-06    0.19049E-05    0.87686E-04    0.46849E-05    0.56819E-05    0.80503E-06
   -0.13193E-06    0.12904E-04    0.97866E-06   -0.87618E-05   -0.88870E-04   -0.11650E-04    0.29105E-04   -0.20042E-03
    0.57013E-06    0.97866E-06    0.43436E-05    0.34972E-05    0.15373E-03    0.11508E-04    0.18159E-04   -0.72087E-04
    0.19049E-05   -0.87618E-05    0.34972E-05    0.20154E-03    0.13230E-03    0.62423E-04    0.39371E-03   -0.66811E-04
    0.87686E-04   -0.88870E-04    0.15373E-03    0.13230E-03    0.38145E+00    0.14479E-02    0.49930E-03   -0.80592E-02
    0.46849E-05   -0.11650E-04    0.11508E-04    0.62423E-04    0.14479E-02    0.13636E-03    0.14792E-03   -0.36056E-03
    0.56819E-05    0.29105E-04    0.18159E-04    0.39371E-03    0.49930E-03    0.14792E-03    0.98919E-03   -0.15067E-02
    0.80503E-06   -0.20042E-03   -0.72087E-04   -0.66811E-04   -0.80592E-02   -0.36056E-03   -0.15067E-02    0.32945E+00
