# omegabh2 omegach2 theta tau ns logA r aps100 aps143 aps217 acib143 acib217 asz143 psr cibr ncib cal0 cal2 xi aksz bm_1_1 a_ps_act_148 a_ps_act_217 a_ps_spt_95 a_ps_spt_150 a_ps_spt_220 r_ps_spt_95x150 r_ps_spt_95x220 r_ps_150x220 act_dust_s act_dust_e cal_acts_148 cal_acts_217 cal_acte_148 cal_acte_217 cal_spt_95 cal_spt_150 cal_spt_220
    0.7570049E-07   -0.3888741E-06    0.7909972E-07    0.9705502E-06    0.1052623E-05    0.1135168E-05    0.9353499E-06   -0.3523022E-03   -0.7334839E-03   -0.7088128E-03    0.6297737E-05    0.9543724E-04    0.1918489E-04   -0.1258287E-05   -0.4428409E-07    0.1495816E-05    0.2313415E-08    0.1853524E-08   -0.3352587E-05   -0.4913319E-04   -0.1303434E-04    0.1100026E-04    0.5197395E-04    0.2346513E-04    0.2076952E-04    0.6191767E-04   -0.1381972E-06   -0.3751535E-06   -0.1933301E-06   -0.2752910E-06   -0.5538032E-06    0.3621325E-06    0.4582550E-06    0.3793608E-06    0.4862072E-06    0.7429791E-06    0.7541079E-06    0.6067635E-06
   -0.3888741E-06    0.6513227E-05   -0.6593071E-06   -0.1049809E-04   -0.1500337E-04   -0.4963706E-05   -0.1833369E-04    0.4392489E-02    0.3073467E-02    0.3683173E-02   -0.5913446E-04   -0.5777327E-03   -0.7721765E-04    0.5594946E-05   -0.2010546E-05   -0.6325099E-05   -0.1698184E-07    0.5808453E-07    0.1259906E-04    0.7114186E-04    0.1415121E-03   -0.6453950E-05   -0.1857661E-03   -0.9125854E-04   -0.6754904E-04   -0.1804126E-03    0.5729652E-06    0.1539409E-05    0.4986329E-06   -0.4395412E-06    0.5986170E-05   -0.1588372E-05   -0.2318600E-05   -0.1708266E-05   -0.2595686E-05   -0.3013184E-05   -0.3314453E-05   -0.2978876E-05
    0.7909972E-07   -0.6593071E-06    0.3877024E-06    0.1481430E-05    0.2012770E-05    0.1704661E-05    0.1635916E-05   -0.4734254E-04   -0.4064627E-03   -0.4275221E-03    0.7374647E-05    0.2874588E-04    0.5773187E-05   -0.1633812E-05    0.2689516E-06    0.2603278E-06    0.7781955E-08    0.2560898E-10   -0.2337264E-05   -0.1439969E-04   -0.1405270E-04    0.2949189E-05    0.6036535E-04    0.2257601E-04    0.1005563E-04    0.2428237E-04   -0.4198003E-06   -0.9141987E-06   -0.1837812E-06   -0.1758098E-05   -0.1662629E-05    0.2504272E-06    0.3552044E-06    0.2457785E-06    0.3491872E-06    0.3802109E-06    0.5336787E-06    0.2200006E-06
    0.9705502E-06   -0.1049809E-04    0.1481430E-05    0.1629701E-03    0.3274390E-04    0.2983894E-03   -0.1734587E-04   -0.2276159E-01   -0.1611718E-01   -0.1443773E-01    0.1062825E-03    0.2724978E-02    0.4032991E-03   -0.3000425E-04    0.2592115E-06    0.5002991E-04    0.6614532E-07   -0.2213036E-06   -0.1073789E-03   -0.1369496E-02   -0.2671123E-03    0.3027791E-03    0.8351173E-04    0.3775839E-03    0.4962758E-03    0.3185931E-03   -0.3184057E-05   -0.8834570E-05   -0.6008356E-05   -0.1976036E-04   -0.3489688E-04    0.8135566E-05    0.8080186E-05    0.8074209E-05    0.9066938E-05    0.1137210E-04    0.1267704E-04    0.1025652E-04
    0.1052623E-05   -0.1500337E-04    0.2012770E-05    0.3274390E-04    0.5114949E-04    0.2598366E-04    0.5805981E-04   -0.4241912E-01   -0.2091127E-01   -0.1721955E-01    0.2537080E-03    0.2980340E-02    0.9580630E-03   -0.4289444E-04   -0.7561321E-06    0.5353375E-04   -0.2740675E-07    0.3481217E-06   -0.1807467E-03   -0.1547895E-02   -0.2596079E-03    0.6472791E-04    0.6261651E-03    0.2262823E-03    0.2591153E-03    0.5783766E-04    0.2761943E-05   -0.3681569E-05   -0.1666360E-05   -0.1045395E-04   -0.2191185E-04    0.9715251E-05    0.1031393E-04    0.1010207E-04    0.1104084E-04    0.1618936E-04    0.1567888E-04    0.1008403E-04
    0.1135168E-05   -0.4963706E-05    0.1704661E-05    0.2983894E-03    0.2598366E-04    0.5880818E-03   -0.8652301E-04   -0.3656055E-01   -0.2830186E-01   -0.2141217E-01    0.4171345E-04    0.4679843E-02    0.8458782E-03   -0.5236784E-04   -0.6171343E-05    0.1027629E-03    0.1437935E-06    0.3669479E-06   -0.2395088E-03   -0.3088258E-02    0.3368881E-03    0.6043707E-03   -0.4071124E-03    0.6251898E-03    0.8397466E-03   -0.1368951E-04   -0.1154483E-04   -0.2367683E-04   -0.1173681E-04   -0.4278365E-04   -0.5248886E-04    0.1420532E-04    0.1174774E-04    0.1367165E-04    0.1270360E-04    0.1770081E-04    0.1888045E-04    0.1398077E-04
    0.9353499E-06   -0.1833369E-04    0.1635916E-05   -0.1734587E-04    0.5805981E-04   -0.8652301E-04    0.1170704E-02   -0.1293780E-01   -0.1421352E-01   -0.2182926E-01    0.2379141E-03    0.6353648E-02    0.9934081E-03   -0.8403498E-05    0.1172061E-04    0.8964321E-04    0.2708650E-06    0.6689777E-06   -0.2166624E-03   -0.1435971E-02   -0.5166677E-03    0.3010326E-04   -0.2482835E-02   -0.6126880E-03    0.2934935E-04   -0.2146335E-02    0.1872178E-04    0.3831053E-04   -0.4885834E-05   -0.5319080E-04    0.4115668E-04    0.1165820E-04    0.9906735E-05    0.1020118E-04    0.1229016E-04    0.8839324E-05    0.1412629E-04    0.9779856E-06
   -0.3523022E-03    0.4392489E-02   -0.4734254E-04   -0.2276159E-01   -0.4241912E-01   -0.3656055E-01   -0.1293780E-01    0.2830782E+04    0.8656717E+02    0.1521350E+02   -0.9196562E+00   -0.2098389E+00   -0.1298611E+02   -0.1013061E+00   -0.6014143E-01    0.7083797E-01    0.5527120E-03   -0.3666191E-02    0.1082308E+01    0.1033591E+02    0.1920848E+02    0.8456066E+00   -0.3640877E+01    0.6401947E+01   -0.3268513E+00    0.1764034E+01   -0.1320570E+00   -0.4318729E+00   -0.7517534E-01   -0.1645086E-01    0.4735239E-01   -0.2126594E-01    0.1096670E-01   -0.1667354E-01    0.1534397E-01   -0.7013052E-01   -0.2684997E-01   -0.4758639E-02
   -0.7334839E-03    0.3073467E-02   -0.4064627E-03   -0.1611718E-01   -0.2091127E-01   -0.2830186E-01   -0.1421352E-01    0.8656717E+02    0.6595185E+02    0.1905738E+02   -0.6122315E-01   -0.1873756E+01   -0.2273130E+01    0.3222407E-01    0.1218720E-01   -0.5294116E-01    0.8598992E-04   -0.6322395E-03    0.2222280E+00    0.1021182E+01   -0.5758356E-01    0.2953453E+00   -0.3522105E+00    0.1150860E+01   -0.1314285E+00    0.4702364E+00   -0.1515913E-01   -0.6508893E-01   -0.2800718E-01    0.3673549E-01    0.3740379E-01   -0.1282073E-01   -0.7072594E-02   -0.1328523E-01   -0.8264548E-02   -0.2486973E-01   -0.1891570E-01   -0.7651549E-02
   -0.7088128E-03    0.3683173E-02   -0.4275221E-03   -0.1443773E-01   -0.1721955E-01   -0.2141217E-01   -0.2182926E-01    0.1521350E+02    0.1905738E+02    0.9801862E+02   -0.1141228E+01   -0.3743421E+02    0.6935405E+00   -0.3694709E+00   -0.2147949E-01   -0.4292170E+00    0.5195360E-04   -0.4081851E-05    0.1966085E-01    0.3154467E+00    0.4627466E-01    0.4209312E+00    0.2172337E+02   -0.1011157E+01    0.8044194E+00    0.1270271E+02   -0.4580997E-01   -0.8263627E-01   -0.4380864E-02    0.7993502E-02    0.3760610E-01   -0.7794310E-02   -0.2893539E-01   -0.6039259E-02   -0.3276096E-01   -0.1005168E-01   -0.1245056E-01   -0.5751218E-01
    0.6297737E-05   -0.5913446E-04    0.7374647E-05    0.1062825E-03    0.2537080E-03    0.4171345E-04    0.2379141E-03   -0.9196562E+00   -0.6122315E-01   -0.1141228E+01    0.6748463E+00    0.1377602E+01    0.5653875E+00    0.1237965E-02   -0.2096779E-02    0.3287897E-02   -0.7317577E-05    0.1750643E-04   -0.3561038E-02   -0.9706615E+00    0.5018203E-02    0.2248856E-02   -0.3611903E+00   -0.1402592E+00   -0.8610156E-01   -0.3238265E+00    0.4615094E-01    0.4446580E-01   -0.5301587E-02   -0.1026009E-02   -0.2934073E-02    0.9962068E-04    0.3065454E-03    0.5353971E-04    0.1653800E-03   -0.5568310E-03    0.4748116E-03    0.1640900E-02
    0.9543724E-04   -0.5777327E-03    0.2874588E-04    0.2724978E-02    0.2980340E-02    0.4679843E-02    0.6353648E-02   -0.2098389E+00   -0.1873756E+01   -0.3743421E+02    0.1377602E+01    0.2591356E+02    0.2093903E+01    0.2151611E+00    0.2108665E-01    0.3425461E+00   -0.4251200E-04   -0.1021158E-03   -0.3859177E+00   -0.4528544E+01    0.1470404E+00   -0.6224507E+00   -0.1675255E+02   -0.8493533E-02   -0.1063108E+01   -0.1226490E+02    0.6493294E-01    0.8432489E-01   -0.8261082E-02   -0.2219232E-02   -0.2361062E-03    0.1012165E-03    0.6244055E-02   -0.1367702E-02    0.8371879E-02    0.1895841E-02   -0.1400855E-02    0.2139506E-01
    0.1918489E-04   -0.7721765E-04    0.5773187E-05    0.4032991E-03    0.9580630E-03    0.8458782E-03    0.9934081E-03   -0.1298611E+02   -0.2273130E+01    0.6935405E+00    0.5653875E+00    0.2093903E+01    0.2081716E+01    0.1790464E-01    0.1884673E-01    0.2134991E-01   -0.8299068E-05   -0.7356017E-04   -0.2052508E+00   -0.2553023E+01    0.4126718E-01   -0.1539331E+00   -0.1052178E+01   -0.7876797E+00   -0.1786260E+00   -0.1613574E+01    0.4224930E-01    0.6865092E-01   -0.2400221E-02   -0.4529094E-02    0.3175325E-02    0.4609524E-03   -0.3304020E-02    0.4267745E-03   -0.3072499E-02    0.4069271E-02    0.2944208E-03   -0.2499279E-02
   -0.1258287E-05    0.5594946E-05   -0.1633812E-05   -0.3000425E-04   -0.4289444E-04   -0.5236784E-04   -0.8403498E-05   -0.1013061E+00    0.3222407E-01   -0.3694709E+00    0.1237965E-02    0.2151611E+00    0.1790464E-01    0.5255937E-02   -0.8305438E-04    0.2084282E-02   -0.9651853E-07    0.4546068E-06   -0.9573725E-03   -0.1648423E-01   -0.8301246E-03   -0.8792021E-03   -0.1542432E+00   -0.8981526E-02   -0.2790849E-02   -0.1062270E+00    0.3274249E-03    0.1650726E-02    0.4391112E-03    0.7145609E-04    0.1002903E-03   -0.2142191E-04   -0.1236398E-04   -0.4633899E-04    0.2422590E-04    0.3352141E-04   -0.4803750E-04    0.1881624E-03
   -0.4428409E-07   -0.2010546E-05    0.2689516E-06    0.2592115E-06   -0.7561321E-06   -0.6171343E-05    0.1172061E-04   -0.6014143E-01    0.1218720E-01   -0.2147949E-01   -0.2096779E-02    0.2108665E-01    0.1884673E-01   -0.8305438E-04    0.2265675E-02   -0.7621578E-04    0.1106744E-06   -0.5739198E-06   -0.5262572E-03   -0.1203897E-01    0.2229601E-03    0.4958096E-02    0.2579384E-03   -0.1132046E-01    0.3012693E-02   -0.9748580E-04    0.1632064E-03    0.1352019E-02   -0.4107872E-03   -0.2195786E-03    0.2150151E-04   -0.1263241E-05    0.2024495E-04    0.3381899E-05    0.2615273E-04    0.4858064E-04    0.3026720E-05    0.6646316E-04
    0.1495816E-05   -0.6325099E-05    0.2603278E-06    0.5002991E-04    0.5353375E-04    0.1027629E-03    0.8964321E-04    0.7083797E-01   -0.5294116E-01   -0.4292170E+00    0.3287897E-02    0.3425461E+00    0.2134991E-01    0.2084282E-02   -0.7621578E-04    0.6769557E-02   -0.7849055E-06   -0.7143486E-05   -0.5115460E-02   -0.3683589E-01    0.5544614E-02   -0.1125613E-01   -0.2748831E+00   -0.1042534E-02   -0.1468693E-01   -0.2191165E+00    0.3353879E-05    0.7566630E-03    0.3112938E-03   -0.8072152E-05    0.2171328E-03    0.1488051E-04    0.9842079E-05   -0.1495686E-05    0.4597962E-04    0.1085896E-03   -0.1568532E-04    0.1628403E-03
    0.2313415E-08   -0.1698184E-07    0.7781955E-08    0.6614532E-07   -0.2740675E-07    0.1437935E-06    0.2708650E-06    0.5527120E-03    0.8598992E-04    0.5195360E-04   -0.7317577E-05   -0.4251200E-04   -0.8299068E-05   -0.9651853E-07    0.1106744E-06   -0.7849055E-06    0.1541734E-06    0.4720230E-08   -0.4900203E-07    0.8800784E-05   -0.2006351E-04   -0.1505268E-05    0.5434594E-04    0.5311986E-05    0.5670882E-06    0.2703921E-04   -0.7483965E-06   -0.8792665E-06   -0.2618716E-07    0.2060086E-06    0.1827081E-06   -0.3687542E-07    0.8955038E-07   -0.3356953E-07    0.8177939E-07    0.4404730E-07   -0.2538734E-07   -0.5420261E-07
    0.1853524E-08    0.5808453E-07    0.2560898E-10   -0.2213036E-06    0.3481217E-06    0.3669479E-06    0.6689777E-06   -0.3666191E-02   -0.6322395E-03   -0.4081851E-05    0.1750643E-04   -0.1021158E-03   -0.7356017E-04    0.4546068E-06   -0.5739198E-06   -0.7143486E-05    0.4720230E-08    0.1803655E-05    0.7730384E-05    0.5271461E-04    0.1154224E-03    0.3635827E-04    0.3419000E-03    0.6667750E-04    0.3838800E-04    0.4174353E-03    0.5223681E-07   -0.2145935E-05   -0.1160418E-05   -0.6629229E-06   -0.2524992E-05    0.4701951E-06    0.1133311E-05    0.4298998E-06    0.8690358E-06    0.5300163E-06    0.6524290E-06    0.1219676E-05
   -0.3352587E-05    0.1259906E-04   -0.2337264E-05   -0.1073789E-03   -0.1807467E-03   -0.2395088E-03   -0.2166624E-03    0.1082308E+01    0.2222280E+00    0.1966085E-01   -0.3561038E-02   -0.3859177E+00   -0.2052508E+00   -0.9573725E-03   -0.5262572E-03   -0.5115460E-02   -0.4900203E-07    0.7730384E-05    0.6216360E-01    0.3788860E+00   -0.4916190E-02    0.6061228E-01    0.1852854E+00    0.2369415E-01    0.5754405E-01    0.2404273E+00    0.3320226E-02    0.7244147E-02    0.1161321E-02   -0.9246438E-04   -0.1707386E-03    0.2999986E-05    0.2782290E-03    0.1365004E-04    0.2672667E-03   -0.3229616E-03    0.2013155E-03    0.5125924E-03
   -0.4913319E-04    0.7114186E-04   -0.1439969E-04   -0.1369496E-02   -0.1547895E-02   -0.3088258E-02   -0.1435971E-02    0.1033591E+02    0.1021182E+01    0.3154467E+00   -0.9706615E+00   -0.4528544E+01   -0.2553023E+01   -0.1648423E-01   -0.1203897E-01   -0.3683589E-01    0.8800784E-05    0.5271461E-04    0.3788860E+00    0.4805025E+01   -0.5270564E-01    0.1791607E+00    0.1769501E+01    0.3587249E+00    0.3527114E+00    0.2416543E+01   -0.4923815E-01   -0.3239151E-01    0.1911135E-01   -0.6800560E-03   -0.8159228E-02    0.5053655E-03    0.3389759E-02    0.7313453E-03    0.3256118E-02   -0.1124794E-02    0.1597665E-02    0.3472420E-02
   -0.1303434E-04    0.1415121E-03   -0.1405270E-04   -0.2671123E-03   -0.2596079E-03    0.3368881E-03   -0.5166677E-03    0.1920848E+02   -0.5758356E-01    0.4627466E-01    0.5018203E-02    0.1470404E+00    0.4126718E-01   -0.8301246E-03    0.2229601E-03    0.5544614E-02   -0.2006351E-04    0.1154224E-03   -0.4916190E-02   -0.5270564E-01    0.3048586E+00    0.3611832E-04   -0.1287624E+00   -0.1130860E-01   -0.6694166E-02   -0.1378255E+00    0.7034564E-03    0.1563766E-02    0.1177794E-03   -0.9484532E-03    0.1027567E-02    0.2327761E-03    0.6565037E-04    0.2627990E-03    0.5167783E-04    0.2144865E-03    0.1012302E-03   -0.1080788E-03
    0.1100026E-04   -0.6453950E-05    0.2949189E-05    0.3027791E-03    0.6472791E-04    0.6043707E-03    0.3010326E-04    0.8456066E+00    0.2953453E+00    0.4209312E+00    0.2248856E-02   -0.6224507E+00   -0.1539331E+00   -0.8792021E-03    0.4958096E-02   -0.1125613E-01   -0.1505268E-05    0.3635827E-04    0.6061228E-01    0.1791607E+00    0.3611832E-04    0.3438412E+00    0.3846584E+00    0.6546442E-01    0.1599728E+00    0.6624755E+00    0.7456577E-02    0.1090986E-01   -0.4450838E-02   -0.3115858E-02   -0.2650635E-02    0.6001952E-03    0.2205521E-04    0.6931046E-03    0.7487867E-04   -0.5294840E-03    0.5659417E-04    0.1185101E-02
    0.5197395E-04   -0.1857661E-03    0.6036535E-04    0.8351173E-04    0.6261651E-03   -0.4071124E-03   -0.2482835E-02   -0.3640877E+01   -0.3522105E+00    0.2172337E+02   -0.3611903E+00   -0.1675255E+02   -0.1052178E+01   -0.1542432E+00    0.2579384E-03   -0.2748831E+00    0.5434594E-04    0.3419000E-03    0.1852854E+00    0.1769501E+01   -0.1287624E+00    0.3846584E+00    0.2080024E+02    0.1664409E+00    0.6673034E+00    0.1007049E+02   -0.1785312E-01   -0.6617835E-01   -0.1573281E-01    0.7317180E-02    0.2968124E-02    0.1202924E-02    0.2144871E-01    0.2409982E-02    0.1364326E-01   -0.2322513E-02    0.2484835E-02   -0.9126960E-02
    0.2346513E-04   -0.9125854E-04    0.2257601E-04    0.3775839E-03    0.2262823E-03    0.6251898E-03   -0.6126880E-03    0.6401947E+01    0.1150860E+01   -0.1011157E+01   -0.1402592E+00   -0.8493533E-02   -0.7876797E+00   -0.8981526E-02   -0.1132046E-01   -0.1042534E-02    0.5311986E-05    0.6667750E-04    0.2369415E-01    0.3587249E+00   -0.1130860E-01    0.6546442E-01    0.1664409E+00    0.2152156E+01    0.1989190E-01    0.4606846E+00   -0.8212044E-01   -0.9905095E-01   -0.4702472E-02    0.5431254E-02   -0.2554254E-02   -0.3633910E-03    0.1730792E-02   -0.5094857E-03    0.1416608E-02    0.1960675E-03    0.7281147E-04    0.1353950E-02
    0.2076952E-04   -0.6754904E-04    0.1005563E-04    0.4962758E-03    0.2591153E-03    0.8397466E-03    0.2934935E-04   -0.3268513E+00   -0.1314285E+00    0.8044194E+00   -0.8610156E-01   -0.1063108E+01   -0.1786260E+00   -0.2790849E-02    0.3012693E-02   -0.1468693E-01    0.5670882E-06    0.3838800E-04    0.5754405E-01    0.3527114E+00   -0.6694166E-02    0.1599728E+00    0.6673034E+00    0.1989190E-01    0.2600930E+00    0.6076642E+00    0.1695441E-02    0.9447567E-02    0.3936202E-03    0.2341613E-03    0.9255762E-03    0.1540899E-03   -0.8691730E-04    0.1525310E-03   -0.7721398E-04    0.3977874E-03    0.2474805E-03   -0.6800524E-04
    0.6191767E-04   -0.1804126E-03    0.2428237E-04    0.3185931E-03    0.5783766E-04   -0.1368951E-04   -0.2146335E-02    0.1764034E+01    0.4702364E+00    0.1270271E+02   -0.3238265E+00   -0.1226490E+02   -0.1613574E+01   -0.1062270E+00   -0.9748580E-04   -0.2191165E+00    0.2703921E-04    0.4174353E-03    0.2404273E+00    0.2416543E+01   -0.1378255E+00    0.6624755E+00    0.1007049E+02    0.4606846E+00    0.6076642E+00    0.2066782E+02   -0.2137597E-01   -0.9574396E-01   -0.2772353E-01   -0.1159549E-01   -0.1955767E-01    0.1183067E-02    0.2943389E-02    0.1898056E-02    0.1698473E-02   -0.2135584E-02    0.4497163E-02    0.2908906E-01
   -0.1381972E-06    0.5729652E-06   -0.4198003E-06   -0.3184057E-05    0.2761943E-05   -0.1154483E-04    0.1872178E-04   -0.1320570E+00   -0.1515913E-01   -0.4580997E-01    0.4615094E-01    0.6493294E-01    0.4224930E-01    0.3274249E-03    0.1632064E-03    0.3353879E-05   -0.7483965E-06    0.5223681E-07    0.3320226E-02   -0.4923815E-01    0.7034564E-03    0.7456577E-02   -0.1785312E-01   -0.8212044E-01    0.1695441E-02   -0.2137597E-01    0.7761004E-02    0.7312599E-02   -0.2288680E-03   -0.2966346E-03    0.1520772E-04    0.1594831E-04   -0.2040035E-04    0.1514178E-04   -0.1446371E-04   -0.6651718E-04    0.2772345E-04    0.8601562E-04
   -0.3751535E-06    0.1539409E-05   -0.9141987E-06   -0.8834570E-05   -0.3681569E-05   -0.2367683E-04    0.3831053E-04   -0.4318729E+00   -0.6508893E-01   -0.8263627E-01    0.4446580E-01    0.8432489E-01    0.6865092E-01    0.1650726E-02    0.1352019E-02    0.7566630E-03   -0.8792665E-06   -0.2145935E-05    0.7244147E-02   -0.3239151E-01    0.1563766E-02    0.1090986E-01   -0.6617835E-01   -0.9905095E-01    0.9447567E-02   -0.9574396E-01    0.7312599E-02    0.1367294E-01    0.4706895E-03   -0.2083621E-03    0.3845098E-03    0.3570288E-04   -0.1040417E-03    0.2913407E-04   -0.7410695E-04    0.7391555E-04    0.7410410E-04   -0.8749839E-04
   -0.1933301E-06    0.4986329E-06   -0.1837812E-06   -0.6008356E-05   -0.1666360E-05   -0.1173681E-04   -0.4885834E-05   -0.7517534E-01   -0.2800718E-01   -0.4380864E-02   -0.5301587E-02   -0.8261082E-02   -0.2400221E-02    0.4391112E-03   -0.4107872E-03    0.3112938E-03   -0.2618716E-07   -0.1160418E-05    0.1161321E-02    0.1911135E-01    0.1177794E-03   -0.4450838E-02   -0.1573281E-01   -0.4702472E-02    0.3936202E-03   -0.2772353E-01   -0.2288680E-03    0.4706895E-03    0.5472921E-03    0.7675373E-04    0.1156412E-03    0.5631922E-05   -0.2698916E-04    0.6332509E-05   -0.2065217E-04    0.4932098E-04    0.1726816E-04   -0.7903248E-04
   -0.2752910E-06   -0.4395412E-06   -0.1758098E-05   -0.1976036E-04   -0.1045395E-04   -0.4278365E-04   -0.5319080E-04   -0.1645086E-01    0.3673549E-01    0.7993502E-02   -0.1026009E-02   -0.2219232E-02   -0.4529094E-02    0.7145609E-04   -0.2195786E-03   -0.8072152E-05    0.2060086E-06   -0.6629229E-06   -0.9246438E-04   -0.6800560E-03   -0.9484532E-03   -0.3115858E-02    0.7317180E-02    0.5431254E-02    0.2341613E-03   -0.1159549E-01   -0.2966346E-03   -0.2083621E-03    0.7675373E-04    0.3623714E-01    0.4260040E-03    0.1258214E-03    0.1011071E-03   -0.4264116E-04   -0.9127375E-05   -0.7219362E-04   -0.2775719E-04   -0.4372040E-04
   -0.5538032E-06    0.5986170E-05   -0.1662629E-05   -0.3489688E-04   -0.2191185E-04   -0.5248886E-04    0.4115668E-04    0.4735239E-01    0.3740379E-01    0.3760610E-01   -0.2934073E-02   -0.2361062E-03    0.3175325E-02    0.1002903E-03    0.2150151E-04    0.2171328E-03    0.1827081E-06   -0.2524992E-05   -0.1707386E-03   -0.8159228E-02    0.1027567E-02   -0.2650635E-02    0.2968124E-02   -0.2554254E-02    0.9255762E-03   -0.1955767E-01    0.1520772E-04    0.3845098E-03    0.1156412E-03    0.4260040E-03    0.3987135E-01   -0.1714958E-04   -0.4112408E-04    0.1529698E-03    0.1044263E-03   -0.1358272E-04   -0.3071990E-04   -0.3665265E-04
    0.3621325E-06   -0.1588372E-05    0.2504272E-06    0.8135566E-05    0.9715251E-05    0.1420532E-04    0.1165820E-04   -0.2126594E-01   -0.1282073E-01   -0.7794310E-02    0.9962068E-04    0.1012165E-03    0.4609524E-03   -0.2142191E-04   -0.1263241E-05    0.1488051E-04   -0.3687542E-07    0.4701951E-06    0.2999986E-05    0.5053655E-03    0.2327761E-03    0.6001952E-03    0.1202924E-02   -0.3633910E-03    0.1540899E-03    0.1183067E-02    0.1594831E-04    0.3570288E-04    0.5631922E-05    0.1258214E-03   -0.1714958E-04    0.5298089E-04    0.8351457E-05    0.1035995E-04    0.7377474E-05    0.1087080E-04    0.9131200E-05    0.8129119E-05
    0.4582550E-06   -0.2318600E-05    0.3552044E-06    0.8080186E-05    0.1031393E-04    0.1174774E-04    0.9906735E-05    0.1096670E-01   -0.7072594E-02   -0.2893539E-01    0.3065454E-03    0.6244055E-02   -0.3304020E-02   -0.1236398E-04    0.2024495E-04    0.9842079E-05    0.8955038E-07    0.1133311E-05    0.2782290E-03    0.3389759E-02    0.6565037E-04    0.2205521E-04    0.2144871E-01    0.1730792E-02   -0.8691730E-04    0.2943389E-02   -0.2040035E-04   -0.1040417E-03   -0.2698916E-04    0.1011071E-03   -0.4112408E-04    0.8351457E-05    0.1782881E-03    0.1009775E-04    0.6723685E-04   -0.1585232E-05    0.9763905E-05    0.3166647E-04
    0.3793608E-06   -0.1708266E-05    0.2457785E-06    0.8074209E-05    0.1010207E-04    0.1367165E-04    0.1020118E-04   -0.1667354E-01   -0.1328523E-01   -0.6039259E-02    0.5353971E-04   -0.1367702E-02    0.4267745E-03   -0.4633899E-04    0.3381899E-05   -0.1495686E-05   -0.3356953E-07    0.4298998E-06    0.1365004E-04    0.7313453E-03    0.2627990E-03    0.6931046E-03    0.2409982E-02   -0.5094857E-03    0.1525310E-03    0.1898056E-02    0.1514178E-04    0.2913407E-04    0.6332509E-05   -0.4264116E-04    0.1529698E-03    0.1035995E-04    0.1009775E-04    0.5181626E-04    0.8641246E-05    0.1051462E-04    0.9693525E-05    0.8818772E-05
    0.4862072E-06   -0.2595686E-05    0.3491872E-06    0.9066938E-05    0.1104084E-04    0.1270360E-04    0.1229016E-04    0.1534397E-01   -0.8264548E-02   -0.3276096E-01    0.1653800E-03    0.8371879E-02   -0.3072499E-02    0.2422590E-04    0.2615273E-04    0.4597962E-04    0.8177939E-07    0.8690358E-06    0.2672667E-03    0.3256118E-02    0.5167783E-04    0.7487867E-04    0.1364326E-01    0.1416608E-02   -0.7721398E-04    0.1698473E-02   -0.1446371E-04   -0.7410695E-04   -0.2065217E-04   -0.9127375E-05    0.1044263E-03    0.7377474E-05    0.6723685E-04    0.8641246E-05    0.1076492E-03   -0.8070228E-06    0.9238104E-05    0.3242640E-04
    0.7429791E-06   -0.3013184E-05    0.3802109E-06    0.1137210E-04    0.1618936E-04    0.1770081E-04    0.8839324E-05   -0.7013052E-01   -0.2486973E-01   -0.1005168E-01   -0.5568310E-03    0.1895841E-02    0.4069271E-02    0.3352141E-04    0.4858064E-04    0.1085896E-03    0.4404730E-07    0.5300163E-06   -0.3229616E-03   -0.1124794E-02    0.2144865E-03   -0.5294840E-03   -0.2322513E-02    0.1960675E-03    0.3977874E-03   -0.2135584E-02   -0.6651718E-04    0.7391555E-04    0.4932098E-04   -0.7219362E-04   -0.1358272E-04    0.1087080E-04   -0.1585232E-05    0.1051462E-04   -0.8070228E-06    0.3805875E-03    0.3048828E-04    0.7221065E-05
    0.7541079E-06   -0.3314453E-05    0.5336787E-06    0.1267704E-04    0.1567888E-04    0.1888045E-04    0.1412629E-04   -0.2684997E-01   -0.1891570E-01   -0.1245056E-01    0.4748116E-03   -0.1400855E-02    0.2944208E-03   -0.4803750E-04    0.3026720E-05   -0.1568532E-04   -0.2538734E-07    0.6524290E-06    0.2013155E-03    0.1597665E-02    0.1012302E-03    0.5659417E-04    0.2484835E-02    0.7281147E-04    0.2474805E-03    0.4497163E-02    0.2772345E-04    0.7410410E-04    0.1726816E-04   -0.2775719E-04   -0.3071990E-04    0.9131200E-05    0.9763905E-05    0.9693525E-05    0.9238104E-05    0.3048828E-04    0.9178575E-04    0.2873568E-04
    0.6067635E-06   -0.2978876E-05    0.2200006E-06    0.1025652E-04    0.1008403E-04    0.1398077E-04    0.9779856E-06   -0.4758639E-02   -0.7651549E-02   -0.5751218E-01    0.1640900E-02    0.2139506E-01   -0.2499279E-02    0.1881624E-03    0.6646316E-04    0.1628403E-03   -0.5420261E-07    0.1219676E-05    0.5125924E-03    0.3472420E-02   -0.1080788E-03    0.1185101E-02   -0.9126960E-02    0.1353950E-02   -0.6800524E-04    0.2908906E-01    0.8601562E-04   -0.8749839E-04   -0.7903248E-04   -0.4372040E-04   -0.3665265E-04    0.8129119E-05    0.3166647E-04    0.8818772E-05    0.3242640E-04    0.7221065E-05    0.2873568E-04    0.5292851E-03
