# omegabh2 omegach2 theta tau logA ns calPlanck acib217 xi asz143 aps100 aps143 aps143217 aps217 aksz kgal100 kgal143 kgal143217 kgal217 galfTE100 galfTE100143 galfTE100217 galfTE143 galfTE143217 galfTE217 cal0 cal2
  2.2026352E-08  -1.1709527E-07   1.8088440E-08   2.4806928E-07   3.3938593E-07   2.9161200E-07   2.0522843E-08  -8.4449346E-05   1.2862403E-06   1.6211643E-05  -3.6370403E-04  -2.1594931E-04  -9.3865556E-05  -1.7311826E-07  -2.8057559E-05   1.4116552E-06  -6.9148437E-06  -1.9927687E-06   2.4514394E-05  -6.1422597E-08  -4.6497540E-08  -4.2222887E-09  -2.0545804E-07  -6.5455830E-07  -2.1857168E-06   1.2927770E-09  -6.1464953E-10
 -1.1709527E-07   1.8264349E-06  -1.6864015E-07  -2.4286210E-06  -6.2692834E-07  -4.2414802E-06  -9.6373872E-08  -5.7590093E-06   1.8522512E-06  -6.8913122E-05   1.4793017E-03   1.1516520E-03   8.3303412E-04   7.2430535E-04   1.5250830E-05  -5.3955178E-05  -6.5801093E-05  -6.0813428E-05  -1.0316838E-05   6.0444799E-07   7.3278588E-07  -1.6858031E-06   1.5117668E-06   5.0001326E-06   1.4592383E-05   1.5531566E-08  -4.0775628E-09
  1.8088440E-08  -1.6864015E-07   1.0175322E-07   2.6823931E-07   2.4527254E-07   5.1794238E-07   1.6975450E-08  -5.9174128E-06   2.5576368E-07  -3.3100313E-06  -7.5694148E-05  -9.5514052E-05  -1.0015038E-04  -6.0270004E-05   5.4565108E-06   1.8894668E-07   1.0841347E-05   1.4692521E-05   1.5720126E-05  -1.0655192E-08  -7.4606744E-08   3.4733825E-07  -3.1682953E-07  -1.0924674E-06  -2.4241010E-06  -4.6143037E-09   4.6074562E-10
  2.4806928E-07  -2.4286210E-06   2.6823931E-07   6.8207271E-05   1.3017171E-04   8.1086120E-06  -2.5108098E-07  -1.9365058E-03   1.2987703E-05   4.9947409E-04  -9.7265407E-03  -4.8454793E-03  -9.3765055E-04   1.2475833E-03  -1.2313773E-03  -2.8027124E-04  -1.7602060E-04  -3.7195414E-04   4.0010982E-05  -2.5021570E-06   2.4762015E-06  -7.3271210E-06  -1.7299545E-06  -6.2379687E-06  -2.7918544E-05  -2.7344114E-08  -7.5428779E-08
  3.3938593E-07  -6.2692834E-07   2.4527254E-07   1.3017171E-04   2.8644325E-04   4.8961315E-06   1.1770785E-05  -4.3453366E-03   7.1723272E-05   7.2180458E-04  -1.1882252E-02  -6.0331428E-03   2.1472911E-03   1.0122871E-02  -3.2746042E-03  -1.1844960E-03  -1.2450828E-03  -1.5937338E-03   1.2158502E-03  -9.0776043E-07   8.1415733E-06  -1.1909432E-05  -6.6209530E-07  -5.1513038E-06  -2.7339589E-06   1.1086514E-07  -2.4295398E-07
  2.9161200E-07  -4.2414802E-06   5.1794238E-07   8.1086120E-06   4.8961315E-06   1.8714439E-05   1.7262098E-07  -4.1828328E-03   1.0167916E-04   8.4195111E-04  -2.3061127E-02  -7.3277542E-03   4.9038040E-04   3.6312811E-03  -1.8663892E-03   3.4631050E-04  -1.0471734E-04  -9.8965481E-05   1.3796562E-03  -2.4442423E-06   3.1466797E-07   5.1303587E-06  -2.7110289E-06  -1.4768463E-05  -3.6056665E-05  -1.3159814E-07  -4.1287121E-08
  2.0522843E-08  -9.6373872E-08   1.6975450E-08  -2.5108098E-07   1.1770785E-05   1.7262098E-07   6.1273090E-06   6.6625940E-04  -2.6017128E-06  -5.3444855E-05   4.2973301E-03   4.0006344E-04   1.5075243E-04   1.2097250E-03  -7.4210726E-06  -7.1838604E-05  -6.8086544E-05  -1.1554745E-04   5.7399474E-04   1.1379613E-06   8.4598929E-07   3.6551498E-06   6.6996997E-08  -1.7576053E-06   1.3837611E-05  -7.4153059E-09  -3.5807917E-08
 -8.4449346E-05  -5.7590093E-06  -5.9174128E-06  -1.9365058E-03  -4.3453366E-03  -4.1828328E-03   6.6625940E-04   4.4719072E+01  -4.2193642E-01  -6.7612526E-01   3.6037463E+01   1.6390522E+00  -1.3323859E+01  -5.4873094E+01  -1.4785153E-01   3.0216763E-01   5.3029660E-01  -5.9538432E+00  -3.3846090E+01   1.4989123E-03  -2.4448373E-04  -3.4870415E-03  -2.5489027E-03   9.3527663E-04  -4.8308395E-03  -1.4143444E-04   6.4291542E-04
  1.2862403E-06   1.8522512E-06   2.5576368E-07   1.2987703E-05   7.1723272E-05   1.0167916E-04  -2.6017128E-06  -4.2193642E-01   8.1103265E-02  -3.9789633E-02  -5.6788710E-01   9.2458615E-01   1.7110576E+00   6.6807057E-01   3.3930284E-02  -1.9208574E-02   1.1104033E-02   1.2517759E-01   1.9009746E-01  -1.1554169E-06  -8.8310352E-06  -2.9501823E-05   3.4154798E-05  -2.4316816E-04   4.8277718E-04   3.3699757E-06  -7.4115476E-07
  1.6211643E-05  -6.8913122E-05  -3.3100313E-06   4.9947409E-04   7.2180458E-04   8.4195111E-04  -5.3444855E-05  -6.7612526E-01  -3.9789633E-02   3.8057058E+00  -3.0016357E+01  -3.1208436E+00   7.5507174E+00   4.9558479E+00  -2.6475170E+00  -2.0940135E-01   1.4811252E-01   2.6330753E+00   3.2267529E+00   5.3389688E-05   4.6525154E-05  -5.1947444E-04  -1.2369613E-03  -5.6215761E-04  -1.9790256E-04   1.0047938E-04  -1.7877754E-05
 -3.6370403E-04   1.4793017E-03  -7.5694148E-05  -9.7265407E-03  -1.1882252E-02  -2.3061127E-02   4.2973301E-03   3.6037463E+01  -5.6788710E-01  -3.0016357E+01   7.7347777E+02   6.5801129E+01  -5.4272226E+01  -5.9504286E+01   1.3655040E+01  -5.4939126E+00   5.3795016E+00  -1.3821133E+01  -2.7596431E+01  -9.2999537E-04  -4.7754622E-03   6.2444283E-04   3.0952088E-02   1.6128372E-02   6.0389751E-02   3.7710356E-03   8.4253495E-05
 -2.1594931E-04   1.1516520E-03  -9.5514052E-05  -4.8454793E-03  -6.0331428E-03  -7.3277542E-03   4.0006344E-04   1.6390522E+00   9.2458615E-01  -3.1208436E+00   6.5801129E+01   6.0696910E+01   4.0823380E+01   1.5579686E+01  -5.0602291E+00  -5.7134569E-01  -1.4513096E+00   3.0755159E+00   3.5327006E+00  -2.3481303E-03  -3.9149731E-03  -1.0869008E-03  -2.3669779E-03   1.2871040E-03   2.5485071E-02   5.9479610E-05   7.2512670E-05
 -9.3865556E-05   8.3303412E-04  -1.0015038E-04  -9.3765055E-04   2.1472911E-03   4.9038040E-04   1.5075243E-04  -1.3323859E+01   1.7110576E+00   7.5507174E+00  -5.4272226E+01   4.0823380E+01   8.6037976E+01   5.3401317E+01  -1.1950769E+01  -1.2304566E+00  -7.3362240E-01   4.9193882E+00   8.3718857E+00  -2.0013395E-03  -1.0818126E-03  -2.2334150E-03  -2.2060122E-03   8.2573756E-04   2.0927865E-02   3.7294125E-04  -3.3590803E-04
 -1.7311826E-07   7.2430535E-04  -6.0270004E-05   1.2475833E-03   1.0122871E-02   3.6312811E-03   1.2097250E-03  -5.4873094E+01   6.6807057E-01   4.9558479E+00  -5.9504286E+01   1.5579686E+01   5.3401317E+01   1.0326679E+02  -9.3095150E+00  -1.0450032E+00  -1.3798647E+00   5.3240089E+00   3.3567751E+01  -3.2250525E-03   7.4172273E-04   5.3154838E-03   3.4737593E-03   4.7855298E-03   2.9548911E-02   3.2094344E-04  -1.2449001E-03
 -2.8057559E-05   1.5250830E-05   5.4565108E-06  -1.2313773E-03  -3.2746042E-03  -1.8663892E-03  -7.4210726E-06  -1.4785153E-01   3.3930284E-02  -2.6475170E+00   1.3655040E+01  -5.0602291E+00  -1.1950769E+01  -9.3095150E+00   5.7591673E+00   1.3913713E-01  -1.4712044E-01  -1.9956955E+00  -2.1769518E+00   8.7771683E-04   2.6482955E-04   1.5418066E-03   1.5774232E-03   1.0077644E-03   1.0309190E-03  -6.4996425E-05  -2.9995994E-06
  1.4116552E-06  -5.3955178E-05   1.8894668E-07  -2.8027124E-04  -1.1844960E-03   3.4631050E-04  -7.1838604E-05   3.0216763E-01  -1.9208574E-02  -2.0940135E-01  -5.4939126E+00  -5.7134569E-01  -1.2304566E+00  -1.0450032E+00   1.3913713E-01   3.3383861E+00   5.9491224E-01   2.1915818E-01   1.8879248E-01  -1.6378709E-04  -3.5394141E-04  -1.0577251E-03  -8.7914310E-04  -1.5704081E-03  -5.1120584E-03   1.6988637E-04   8.6187830E-06
 -6.9148437E-06  -6.5801093E-05   1.0841347E-05  -1.7602060E-04  -1.2450828E-03  -1.0471734E-04  -6.8086544E-05   5.3029660E-01   1.1104033E-02   1.4811252E-01   5.3795016E+00  -1.4513096E+00  -7.3362240E-01  -1.3798647E+00  -1.4712044E-01   5.9491224E-01   3.1691355E+00   2.7174072E+00   2.7786205E+00   4.8544707E-04  -7.6140825E-04  -1.3739374E-03   2.0864143E-04  -6.9935027E-04   7.7406216E-04  -1.8939756E-04  -2.6768600E-05
 -1.9927687E-06  -6.0813428E-05   1.4692521E-05  -3.7195414E-04  -1.5937338E-03  -9.8965481E-05  -1.1554745E-04  -5.9538432E+00   1.2517759E-01   2.6330753E+00  -1.3821133E+01   3.0755159E+00   4.9193882E+00   5.3240089E+00  -1.9956955E+00   2.1915818E-01   2.7174072E+00   1.0835443E+01   1.9400962E+01  -8.6989573E-05  -2.0492070E-03  -3.5378322E-03  -2.0808642E-03  -4.6753497E-03   7.2372371E-03  -1.9579025E-05   4.3416453E-04
  2.4514394E-05  -1.0316838E-05   1.5720126E-05   4.0010982E-05   1.2158502E-03   1.3796562E-03   5.7399474E-04  -3.3846090E+01   1.9009746E-01   3.2267529E+00  -2.7596431E+01   3.5327006E+00   8.3718857E+00   3.3567751E+01  -2.1769518E+00   1.8879248E-01   2.7786205E+00   1.9400962E+01   5.4005630E+01  -7.4828848E-04  -3.4032418E-03  -4.4537508E-03  -2.6808184E-03  -8.8807958E-03   1.3211859E-02   5.3352692E-05   9.7998888E-04
 -6.1422597E-08   6.0444799E-07  -1.0655192E-08  -2.5021570E-06  -9.0776043E-07  -2.4442423E-06   1.1379613E-06   1.4989123E-03  -1.1554169E-06   5.3389688E-05  -9.2999537E-04  -2.3481303E-03  -2.0013395E-03  -3.2250525E-03   8.7771683E-04  -1.6378709E-04   4.8544707E-04  -8.6989573E-05  -7.4828848E-04   1.4490951E-03   2.8430011E-04   6.4410344E-05  -3.4010598E-04  -1.0427039E-04  -2.6426115E-04   1.9285142E-07  -4.9509505E-08
 -4.6497540E-08   7.3278588E-07  -7.4606744E-08   2.4762015E-06   8.1415733E-06   3.1466797E-07   8.4598929E-07  -2.4448373E-04  -8.8310352E-06   4.6525154E-05  -4.7754622E-03  -3.9149731E-03  -1.0818126E-03   7.4172273E-04   2.6482955E-04  -3.5394141E-04  -7.6140825E-04  -2.0492070E-03  -3.4032418E-03   2.8430011E-04   8.8962012E-04   1.4463459E-05   7.5907962E-04   2.9567973E-05  -8.6137641E-04  -5.4924332E-08  -2.3422954E-07
 -4.2222887E-09  -1.6858031E-06   3.4733825E-07  -7.3271210E-06  -1.1909432E-05   5.1303587E-06   3.6551498E-06  -3.4870415E-03  -2.9501823E-05  -5.1947444E-04   6.2444283E-04  -1.0869008E-03  -2.2334150E-03   5.3154838E-03   1.5418066E-03  -1.0577251E-03  -1.3739374E-03  -3.5378322E-03  -4.4537508E-03   6.4410344E-05   1.4463459E-05   7.4300176E-03  -3.1559141E-04   5.6511336E-04   4.3810895E-03   4.6146547E-08  -1.1359083E-06
 -2.0545804E-07   1.5117668E-06  -3.1682953E-07  -1.7299545E-06  -6.6209530E-07  -2.7110289E-06   6.6996997E-08  -2.5489027E-03   3.4154798E-05  -1.2369613E-03   3.0952088E-02  -2.3669779E-03  -2.2060122E-03   3.4737593E-03   1.5774232E-03  -8.7914310E-04   2.0864143E-04  -2.0808642E-03  -2.6808184E-03  -3.4010598E-04   7.5907962E-04  -3.1559141E-04   2.9189039E-03   4.5323695E-04  -1.0253111E-03   2.2860825E-07  -3.5706291E-07
 -6.5455830E-07   5.0001326E-06  -1.0924674E-06  -6.2379687E-06  -5.1513038E-06  -1.4768463E-05  -1.7576053E-06   9.3527663E-04  -2.4316816E-04  -5.6215761E-04   1.6128372E-02   1.2871040E-03   8.2573756E-04   4.7855298E-03   1.0077644E-03  -1.5704081E-03  -6.9935027E-04  -4.6753497E-03  -8.8807958E-03  -1.0427039E-04   2.9567973E-05   5.6511336E-04   4.5323695E-04   6.3531246E-03   8.0390518E-03   4.6727598E-07  -4.2489731E-08
 -2.1857168E-06   1.4592383E-05  -2.4241010E-06  -2.7918544E-05  -2.7339589E-06  -3.6056665E-05   1.3837611E-05  -4.8308395E-03   4.8277718E-04  -1.9790256E-04   6.0389751E-02   2.5485071E-02   2.0927865E-02   2.9548911E-02   1.0309190E-03  -5.1120584E-03   7.7406216E-04   7.2372371E-03   1.3211859E-02  -2.6426115E-04  -8.6137641E-04   4.3810895E-03  -1.0253111E-03   8.0390518E-03   7.1549345E-02   4.7776415E-07  -1.3263039E-06
  1.2927770E-09   1.5531566E-08  -4.6143037E-09  -2.7344114E-08   1.1086514E-07  -1.3159814E-07  -7.4153059E-09  -1.4143444E-04   3.3699757E-06   1.0047938E-04   3.7710356E-03   5.9479610E-05   3.7294125E-04   3.2094344E-04  -6.4996425E-05   1.6988637E-04  -1.8939756E-04  -1.9579025E-05   5.3352692E-05   1.9285142E-07  -5.4924332E-08   4.6146547E-08   2.2860825E-07   4.6727598E-07   4.7776415E-07   3.7408478E-07   1.0038180E-09
 -6.1464953E-10  -4.0775628E-09   4.6074562E-10  -7.5428779E-08  -2.4295398E-07  -4.1287121E-08  -3.5807917E-08   6.4291542E-04  -7.4115476E-07  -1.7877754E-05   8.4253495E-05   7.2512670E-05  -3.3590803E-04  -1.2449001E-03  -2.9995994E-06   8.6187830E-06  -2.6768600E-05   4.3416453E-04   9.7998888E-04  -4.9509505E-08  -2.3422954E-07  -1.1359083E-06  -3.5706291E-07  -4.2489731E-08  -1.3263039E-06   1.0038180E-09   3.8722114E-07
