# omegabh2 omegach2 theta tau logA ns nrun r calPlanck acib217 xi asz143 aps100 aps143 aps143217 aps217 aksz kgal100 kgal143 kgal143217 kgal217 galfEE100 galfEE100143 galfEE100217 galfEE143 galfEE143217 galfEE217 galfTE100 galfTE100143 galfTE100217 galfTE143 galfTE143217 galfTE217 cal0 cal2
    0.2843419E-07   -0.1420032E-06    0.2100047E-07    0.1269719E-05    0.2422344E-05    0.3471250E-06   -0.4117940E-06    0.1030044E-05    0.2206015E-07   -0.6870234E-04    0.2141125E-05    0.1402233E-04   -0.2596727E-03   -0.1459677E-03   -0.2240429E-04    0.2822211E-04   -0.2978460E-04    0.9814794E-07   -0.6364724E-05   -0.1867816E-04   -0.1143771E-04    0.1430197E-06    0.5030781E-07    0.4609214E-08    0.5611902E-07    0.3907327E-07    0.4490600E-07   -0.6106497E-06   -0.2539081E-06   -0.2408252E-06   -0.1130587E-06   -0.5747194E-06   -0.1325372E-05    0.5011205E-08   -0.6533245E-08
   -0.1420032E-06    0.2136746E-05   -0.1851928E-06   -0.1101345E-04   -0.1718624E-04   -0.5415303E-05    0.1631948E-06   -0.6515095E-05   -0.1711131E-06    0.3367842E-03   -0.1310138E-04   -0.1919167E-03    0.2403790E-02    0.1342853E-02    0.2306871E-03    0.1192642E-03    0.2661964E-03    0.4754429E-05    0.1901638E-05    0.3837137E-04    0.8878101E-04   -0.1126542E-05   -0.4323133E-06    0.4226669E-07   -0.5570826E-06   -0.3059347E-06    0.3713013E-06    0.3104201E-05    0.1253903E-05   -0.1517834E-05    0.6623379E-06    0.3220767E-05    0.6970244E-05   -0.4803100E-08    0.5364447E-07
    0.2100047E-07   -0.1851928E-06    0.1013894E-06    0.1002570E-05    0.1709750E-05    0.5869027E-06   -0.4151409E-08    0.8637128E-06    0.2264627E-07   -0.1156667E-04    0.2718600E-05    0.1660777E-04   -0.1788533E-03   -0.8064671E-04    0.2426737E-04   -0.2172492E-04   -0.3502205E-04    0.1906701E-05   -0.3873465E-05   -0.2862510E-07   -0.1196664E-04    0.9581264E-07    0.3570369E-07   -0.1054778E-07    0.3875290E-07   -0.8553334E-07   -0.1482154E-06   -0.6099022E-06   -0.3086816E-06   -0.4055802E-06   -0.9748429E-07   -0.4308895E-06   -0.1128284E-05    0.4030981E-08   -0.3014702E-09
    0.1269719E-05   -0.1101345E-04    0.1002570E-05    0.3254853E-03    0.6271955E-03    0.3458281E-04   -0.3711481E-04    0.6799869E-05   -0.2278645E-05   -0.8021392E-02    0.1914003E-03    0.1379387E-02   -0.3271201E-01   -0.9083705E-02    0.2503713E-02    0.7044480E-02   -0.3168922E-02   -0.3698370E-04   -0.9322286E-03   -0.2369259E-02   -0.2140014E-02    0.1225552E-04    0.4430523E-05    0.1248283E-05    0.4930274E-05    0.1363538E-05   -0.7328330E-05   -0.3916732E-04   -0.1649337E-04   -0.5776016E-05   -0.9864924E-05   -0.2492772E-04   -0.8398500E-04    0.3603775E-07   -0.1136917E-05
    0.2422344E-05   -0.1718624E-04    0.1709750E-05    0.6271955E-03    0.1249585E-02    0.5411895E-04   -0.8522934E-04    0.1524169E-04    0.7754403E-05   -0.1410086E-01    0.3949726E-03    0.2000942E-02   -0.5196399E-01   -0.1066069E-01    0.9141980E-02    0.1970766E-01   -0.6161868E-02   -0.4887847E-04   -0.2387225E-02   -0.5068547E-02   -0.2854424E-02    0.2534554E-04    0.8428171E-05    0.2783730E-05    0.1033461E-04    0.1838009E-05   -0.1476925E-04   -0.7250389E-04   -0.2856621E-04   -0.1578820E-04   -0.1757679E-04   -0.5138224E-04   -0.1618570E-03    0.3041298E-06   -0.2128972E-05
    0.3471250E-06   -0.5415303E-05    0.5869027E-06    0.3458281E-04    0.5411895E-04    0.2468208E-04    0.5242634E-05    0.2528339E-04    0.6431136E-06   -0.6356672E-02    0.1526673E-03    0.1640454E-02   -0.2984220E-01   -0.8918683E-02    0.3288585E-02    0.7059974E-02   -0.3407801E-02    0.6521511E-04   -0.2020382E-03   -0.5055952E-03    0.9490561E-03    0.5020905E-05    0.1812223E-05   -0.3135403E-06    0.2223698E-05    0.2852767E-06   -0.2351159E-05   -0.2611660E-05   -0.1205539E-05    0.3885626E-05   -0.1816992E-05   -0.7979308E-05   -0.2544003E-04   -0.1367953E-06   -0.5892837E-06
   -0.4117940E-06    0.1631948E-06   -0.4151409E-08   -0.3711481E-04   -0.8522934E-04    0.5242634E-05    0.5406786E-04   -0.1104280E-03    0.2596575E-07   -0.8325019E-02    0.1464828E-03    0.1951267E-02   -0.2793569E-01   -0.1326531E-01    0.7088014E-03    0.6657480E-02   -0.3182007E-02   -0.4096619E-03    0.3598758E-04    0.5520823E-04    0.2880249E-02   -0.6309602E-05   -0.2006388E-05   -0.2617894E-06   -0.1864881E-05   -0.6925908E-06    0.4770963E-06    0.4207560E-05    0.1860244E-05    0.3669850E-05    0.5185590E-07    0.1337794E-04    0.2656986E-05    0.8654398E-07   -0.6127122E-06
    0.1030044E-05   -0.6515095E-05    0.8637128E-06    0.6799869E-05    0.1524169E-04    0.2528339E-04   -0.1104280E-03    0.2043035E-02    0.2026594E-05    0.1113878E-01   -0.1755018E-03   -0.2434902E-02    0.4301127E-01    0.1759024E-01   -0.9918087E-03   -0.9382788E-02    0.5423152E-02   -0.1672431E-02   -0.1209026E-03    0.1194575E-02   -0.6671781E-03   -0.2108072E-04   -0.1005506E-04    0.3749939E-05   -0.1027341E-04    0.2167375E-05    0.9673069E-05    0.1675681E-03    0.6796784E-04    0.1256847E-03    0.2414588E-04    0.5263025E-05    0.2259536E-04   -0.5388550E-06    0.9923084E-06
    0.2206015E-07   -0.1711131E-06    0.2264627E-07   -0.2278645E-05    0.7754403E-05    0.6431136E-06    0.2596575E-07    0.2026594E-05    0.6311172E-05    0.6791861E-03    0.6036545E-05    0.3371391E-04    0.2244035E-02    0.4819754E-03    0.5973130E-03    0.1432214E-02   -0.1142038E-03    0.7014340E-04    0.1560645E-04   -0.4767987E-05    0.7143491E-03    0.1610781E-05    0.2284611E-06   -0.2133634E-07    0.8426965E-06    0.5680575E-07   -0.4472202E-06    0.2103355E-05    0.1578992E-05    0.2776602E-05   -0.1125234E-07   -0.2483160E-05   -0.3497240E-05    0.3985114E-09   -0.3510840E-07
   -0.6870234E-04    0.3367842E-03   -0.1156667E-04   -0.8021392E-02   -0.1410086E-01   -0.6356672E-02   -0.8325019E-02    0.1113878E-01    0.6791861E-03    0.5050351E+02   -0.5073623E+00   -0.1736331E+01    0.4627811E+02    0.2393093E+01   -0.2118196E+02   -0.6765633E+02    0.7925623E+00   -0.1385118E+00    0.4480856E+00   -0.3016168E+01   -0.2605409E+02    0.6931462E-04   -0.2854622E-04   -0.7115088E-03   -0.3824087E-03   -0.5175450E-03   -0.4054325E-02   -0.5920138E-02    0.1059356E-02   -0.6201648E-02   -0.1232826E-03   -0.2848920E-02   -0.3732891E-02   -0.1989985E-03    0.4467527E-02
    0.2141125E-05   -0.1310138E-04    0.2718600E-05    0.1914003E-03    0.3949726E-03    0.1526673E-03    0.1464828E-03   -0.1755018E-03    0.6036545E-05   -0.5073623E+00    0.8226660E-01   -0.6875167E-01   -0.5304609E+00    0.9066598E+00    0.1737641E+01    0.7507067E+00    0.5786923E-01   -0.8269568E-02    0.2320321E-02    0.8606416E-01    0.1144542E+00    0.2659395E-04    0.1336915E-04    0.3542726E-05    0.7624200E-06   -0.3089270E-05    0.8389718E-04    0.6424587E-04    0.2273180E-04    0.2315186E-03    0.4673252E-04    0.1307325E-03    0.2056069E-03    0.8128483E-05   -0.1763042E-04
    0.1402233E-04   -0.1919167E-03    0.1660777E-04    0.1379387E-02    0.2000942E-02    0.1640454E-02    0.1951267E-02   -0.2434902E-02    0.3371391E-04   -0.1736331E+01   -0.6875167E-01    0.3857455E+01   -0.3046631E+02   -0.4031197E+01    0.7897709E+01    0.6895257E+01   -0.2896229E+01   -0.2067432E+00    0.8888947E-01    0.2560048E+01    0.2237386E+01    0.1347757E-03    0.2478300E-04    0.2036667E-03    0.6529256E-04    0.2410320E-03    0.5338740E-03    0.6738973E-03    0.1448239E-03    0.2710448E-02   -0.1057818E-02    0.5807034E-03   -0.4770820E-02    0.1860862E-03   -0.3773938E-03
   -0.2596727E-03    0.2403790E-02   -0.1788533E-03   -0.3271201E-01   -0.5196399E-01   -0.2984220E-01   -0.2793569E-01    0.4301127E-01    0.2244035E-02    0.4627811E+02   -0.5304609E+00   -0.3046631E+02    0.7396352E+03    0.7315229E+02   -0.6090243E+02   -0.7401923E+02    0.1548129E+02    0.8383157E-01   -0.4772060E+00   -0.1518175E+02   -0.2418243E+02   -0.2470571E-02   -0.7706377E-03   -0.5293822E-02   -0.1221041E-02   -0.9138437E-02    0.1571963E-01    0.3503971E-01   -0.7287502E-02   -0.4340432E-01   -0.7024747E-03   -0.1170028E-01    0.4719440E-01    0.4393101E-02    0.4352994E-02
   -0.1459677E-03    0.1342853E-02   -0.8064671E-04   -0.9083705E-02   -0.1066069E-01   -0.8918683E-02   -0.1326531E-01    0.1759024E-01    0.4819754E-03    0.2393093E+01    0.9066598E+00   -0.4031197E+01    0.7315229E+02    0.6027572E+02    0.4050049E+02    0.1577235E+02   -0.3981731E+01   -0.3278442E+00   -0.9477964E+00    0.3801171E+01    0.3403839E+01   -0.4810703E-03   -0.1741523E-03    0.8295294E-03   -0.3574354E-03   -0.1358828E-02    0.2704585E-02    0.4515743E-02    0.2901771E-02    0.9670949E-03   -0.2645753E-03   -0.4076131E-03    0.2838649E-01    0.1230332E-03    0.3413331E-03
   -0.2240429E-04    0.2306871E-03    0.2426737E-04    0.2503713E-02    0.9141980E-02    0.3288585E-02    0.7088014E-03   -0.9918087E-03    0.5973130E-03   -0.2118196E+02    0.1737641E+01    0.7897709E+01   -0.6090243E+02    0.4050049E+02    0.9185627E+02    0.6604506E+02   -0.1259788E+02   -0.7922020E+00   -0.2654017E+00    0.4911070E+01    0.6614012E+01    0.7017811E-03    0.2186416E-03    0.1591701E-02    0.2337873E-04   -0.7898848E-03    0.5896419E-02    0.7004723E-02    0.1536416E-02    0.1896082E-01   -0.1232277E-02    0.5165465E-02    0.4371002E-02    0.7228834E-03   -0.2530244E-02
    0.2822211E-04    0.1192642E-03   -0.2172492E-04    0.7044480E-02    0.1970766E-01    0.7059974E-02    0.6657480E-02   -0.9382788E-02    0.1432214E-02   -0.6765633E+02    0.7507067E+00    0.6895257E+01   -0.7401923E+02    0.1577235E+02    0.6604506E+02    0.1272215E+03   -0.1106107E+02   -0.2572797E+00   -0.6013510E+00    0.9793883E+00    0.2341881E+02    0.5467326E-03    0.6805805E-04    0.1993492E-02    0.6013783E-03   -0.3007954E-04    0.7232480E-02    0.8888204E-02   -0.8566395E-03    0.1670333E-01   -0.3418505E-03    0.5497567E-02    0.3655630E-02    0.6334098E-03   -0.7743634E-02
   -0.2978460E-04    0.2661964E-03   -0.3502205E-04   -0.3168922E-02   -0.6161868E-02   -0.3407801E-02   -0.3182007E-02    0.5423152E-02   -0.1142038E-03    0.7925623E+00    0.5786923E-01   -0.2896229E+01    0.1548129E+02   -0.3981731E+01   -0.1259788E+02   -0.1106107E+02    0.6459175E+01    0.1915808E+00   -0.9655221E-01   -0.2119861E+01   -0.1854726E+01   -0.1157192E-03   -0.4073437E-04   -0.3167501E-03   -0.1295199E-03    0.3987167E-03   -0.6790327E-04   -0.4250799E-03   -0.4909010E-03    0.1053672E-02    0.7840220E-03    0.1009821E-02    0.5547771E-02   -0.1337043E-03    0.2030071E-03
    0.9814794E-07    0.4754429E-05    0.1906701E-05   -0.3698370E-04   -0.4887847E-04    0.6521511E-04   -0.4096619E-03   -0.1672431E-02    0.7014340E-04   -0.1385118E+00   -0.8269568E-02   -0.2067432E+00    0.8383157E-01   -0.3278442E+00   -0.7922020E+00   -0.2572797E+00    0.1915808E+00    0.3108288E+01    0.7368842E+00    0.3443219E+00    0.6242722E+00    0.5025570E-05    0.7890258E-04    0.2511184E-03    0.1077816E-03    0.3117419E-03   -0.1835591E-03   -0.4245839E-02   -0.1245308E-03    0.1555151E-02    0.2521653E-03   -0.1326212E-03    0.1919079E-02    0.4201305E-03    0.8402751E-05
   -0.6364724E-05    0.1901638E-05   -0.3873465E-05   -0.9322286E-03   -0.2387225E-02   -0.2020382E-03    0.3598758E-04   -0.1209026E-03    0.1560645E-04    0.4480856E+00    0.2320321E-02    0.8888947E-01   -0.4772060E+00   -0.9477964E+00   -0.2654017E+00   -0.6013510E+00   -0.9655221E-01    0.7368842E+00    0.3082773E+01    0.2275872E+01    0.1146981E+01    0.1511910E-03    0.1268991E-04   -0.1299562E-03   -0.2080438E-04    0.7574395E-04    0.7644535E-03    0.2278307E-02   -0.2393416E-03   -0.8741224E-03    0.8573016E-03    0.1076663E-02    0.8393397E-03   -0.4302985E-03   -0.1992132E-03
   -0.1867816E-04    0.3837137E-04   -0.2862510E-07   -0.2369259E-02   -0.5068547E-02   -0.5055952E-03    0.5520823E-04    0.1194575E-02   -0.4767987E-05   -0.3016168E+01    0.8606416E-01    0.2560048E+01   -0.1518175E+02    0.3801171E+01    0.4911070E+01    0.9793883E+00   -0.2119861E+01    0.3443219E+00    0.2275872E+01    0.1799021E+02    0.2747386E+02   -0.1629508E-03   -0.1662648E-03    0.5413492E-04   -0.1481705E-03    0.3247476E-03    0.5876001E-03    0.4187952E-02    0.1602608E-02   -0.8876233E-02    0.1968096E-03    0.7263933E-03    0.4187702E-02   -0.9367774E-04    0.2511288E-02
   -0.1143771E-04    0.8878101E-04   -0.1196664E-04   -0.2140014E-02   -0.2854424E-02    0.9490561E-03    0.2880249E-02   -0.6671781E-03    0.7143491E-03   -0.2605409E+02    0.1144542E+00    0.2237386E+01   -0.2418243E+02    0.3403839E+01    0.6614012E+01    0.2341881E+02   -0.1854726E+01    0.6242722E+00    0.1146981E+01    0.2747386E+02    0.6292268E+02   -0.5627301E-03   -0.2616510E-03    0.4765158E-03    0.1147803E-03    0.7537769E-03    0.1326320E-02    0.8199792E-02    0.1705166E-02   -0.6390808E-02    0.6347665E-05    0.1198869E-02    0.1075269E-01   -0.6366436E-04    0.4382801E-02
    0.1430197E-06   -0.1126542E-05    0.9581264E-07    0.1225552E-04    0.2534554E-04    0.5020905E-05   -0.6309602E-05   -0.2108072E-04    0.1610781E-05    0.6931462E-04    0.2659395E-04    0.1347757E-03   -0.2470571E-02   -0.4810703E-03    0.7017811E-03    0.5467326E-03   -0.1157192E-03    0.5025570E-05    0.1511910E-03   -0.1629508E-03   -0.5627301E-03    0.1280385E-03    0.1129731E-04    0.6192814E-06    0.4290736E-05    0.5125133E-06   -0.1517286E-05   -0.1810909E-04   -0.7135704E-05    0.4276753E-05   -0.1272059E-06    0.1410879E-05   -0.7676774E-05   -0.9550688E-07   -0.1483753E-06
    0.5030781E-07   -0.4323133E-06    0.3570369E-07    0.4430523E-05    0.8428171E-05    0.1812223E-05   -0.2006388E-05   -0.1005506E-04    0.2284611E-06   -0.2854622E-04    0.1336915E-04    0.2478300E-04   -0.7706377E-03   -0.1741523E-03    0.2186416E-03    0.6805805E-04   -0.4073437E-04    0.7890258E-04    0.1268991E-04   -0.1662648E-03   -0.2616510E-03    0.1129731E-04    0.1433290E-04    0.8079890E-07    0.6637752E-05    0.4146962E-06   -0.1224009E-05   -0.5201134E-05   -0.1171115E-05   -0.1458639E-05    0.1093858E-05    0.8694422E-06    0.4469874E-06   -0.2872426E-08   -0.2238246E-07
    0.4609214E-08    0.4226669E-07   -0.1054778E-07    0.1248283E-05    0.2783730E-05   -0.3135403E-06   -0.2617894E-06    0.3749939E-05   -0.2133634E-07   -0.7115088E-03    0.3542726E-05    0.2036667E-03   -0.5293822E-02    0.8295294E-03    0.1591701E-02    0.1993492E-02   -0.3167501E-03    0.2511184E-03   -0.1299562E-03    0.5413492E-04    0.4765158E-03    0.6192814E-06    0.8079890E-07    0.2215876E-03    0.3179632E-06   -0.4998888E-07    0.2720645E-05    0.2575993E-05   -0.2111521E-06    0.2391565E-04    0.3168694E-05   -0.7053001E-05    0.1063364E-04    0.5640775E-07   -0.1035214E-07
    0.5611902E-07   -0.5570826E-06    0.3875290E-07    0.4930274E-05    0.1033461E-04    0.2223698E-05   -0.1864881E-05   -0.1027341E-04    0.8426965E-06   -0.3824087E-03    0.7624200E-06    0.6529256E-04   -0.1221041E-02   -0.3574354E-03    0.2337873E-04    0.6013783E-03   -0.1295199E-03    0.1077816E-03   -0.2080438E-04   -0.1481705E-03    0.1147803E-03    0.4290736E-05    0.6637752E-05    0.3179632E-06    0.3004261E-04    0.3678459E-06   -0.1510571E-05   -0.5224879E-05   -0.2812585E-05   -0.1094601E-04   -0.1088588E-05   -0.2411387E-05   -0.2054342E-05   -0.2131666E-08   -0.3870143E-07
    0.3907327E-07   -0.3059347E-06   -0.8553334E-07    0.1363538E-05    0.1838009E-05    0.2852767E-06   -0.6925908E-06    0.2167375E-05    0.5680575E-07   -0.5175450E-03   -0.3089270E-05    0.2410320E-03   -0.9138437E-02   -0.1358828E-02   -0.7898848E-03   -0.3007954E-04    0.3987167E-03    0.3117419E-03    0.7574395E-04    0.3247476E-03    0.7537769E-03    0.5125133E-06    0.4146962E-06   -0.4998888E-07    0.3678459E-06    0.3979771E-03   -0.7326904E-05   -0.5666935E-05    0.1523784E-05   -0.1514017E-04   -0.5202458E-06    0.1716651E-04   -0.1459724E-04   -0.2904152E-08    0.3126348E-07
    0.4490600E-07    0.3713013E-06   -0.1482154E-06   -0.7328330E-05   -0.1476925E-04   -0.2351159E-05    0.4770963E-06    0.9673069E-05   -0.4472202E-06   -0.4054325E-02    0.8389718E-04    0.5338740E-03    0.1571963E-01    0.2704585E-02    0.5896419E-02    0.7232480E-02   -0.6790327E-04   -0.1835591E-03    0.7644535E-03    0.5876001E-03    0.1326320E-02   -0.1517286E-05   -0.1224009E-05    0.2720645E-05   -0.1510571E-05   -0.7326904E-05    0.3466593E-02    0.1250029E-04    0.1012608E-05   -0.3315513E-04   -0.7381382E-05    0.6593350E-05   -0.4288391E-04   -0.1448973E-06   -0.8586273E-06
   -0.6106497E-06    0.3104201E-05   -0.6099022E-06   -0.3916732E-04   -0.7250389E-04   -0.2611660E-05    0.4207560E-05    0.1675681E-03    0.2103355E-05   -0.5920138E-02    0.6424587E-04    0.6738973E-03    0.3503971E-01    0.4515743E-02    0.7004723E-02    0.8888204E-02   -0.4250799E-03   -0.4245839E-02    0.2278307E-02    0.4187952E-02    0.8199792E-02   -0.1810909E-04   -0.5201134E-05    0.2575993E-05   -0.5224879E-05   -0.5666935E-05    0.1250029E-04    0.5847344E-02    0.1850313E-02    0.1758804E-02   -0.7096246E-03   -0.4212166E-04   -0.9294524E-04    0.2111250E-05   -0.1155179E-05
   -0.2539081E-06    0.1253903E-05   -0.3086816E-06   -0.1649337E-04   -0.2856621E-04   -0.1205539E-05    0.1860244E-05    0.6796784E-04    0.1578992E-05    0.1059356E-02    0.2273180E-04    0.1448239E-03   -0.7287502E-02    0.2901771E-02    0.1536416E-02   -0.8566395E-03   -0.4909010E-03   -0.1245308E-03   -0.2393416E-03    0.1602608E-02    0.1705166E-02   -0.7135704E-05   -0.1171115E-05   -0.2111521E-06   -0.2812585E-05    0.1523784E-05    0.1012608E-05    0.1850313E-02    0.1239142E-02    0.7946107E-03    0.1996208E-03    0.3621654E-04   -0.1706884E-03   -0.2176012E-06   -0.3721090E-06
   -0.2408252E-06   -0.1517834E-05   -0.4055802E-06   -0.5776016E-05   -0.1578820E-04    0.3885626E-05    0.3669850E-05    0.1256847E-03    0.2776602E-05   -0.6201648E-02    0.2315186E-03    0.2710448E-02   -0.4340432E-01    0.9670949E-03    0.1896082E-01    0.1670333E-01    0.1053672E-02    0.1555151E-02   -0.8741224E-03   -0.8876233E-02   -0.6390808E-02    0.4276753E-05   -0.1458639E-05    0.2391565E-04   -0.1094601E-04   -0.1514017E-04   -0.3315513E-04    0.1758804E-02    0.7946107E-03    0.3282028E-01   -0.5704251E-03    0.1485021E-02    0.1073893E-01   -0.1105697E-05   -0.1037660E-05
   -0.1130587E-06    0.6623379E-06   -0.9748429E-07   -0.9864924E-05   -0.1757679E-04   -0.1816992E-05    0.5185590E-07    0.2414588E-04   -0.1125234E-07   -0.1232826E-03    0.4673252E-04   -0.1057818E-02   -0.7024747E-03   -0.2645753E-03   -0.1232277E-02   -0.3418505E-03    0.7840220E-03    0.2521653E-03    0.8573016E-03    0.1968096E-03    0.6347665E-05   -0.1272059E-06    0.1093858E-05    0.3168694E-05   -0.1088588E-05   -0.5202458E-06   -0.7381382E-05   -0.7096246E-03    0.1996208E-03   -0.5704251E-03    0.1385631E-02    0.1595455E-03   -0.3492102E-03   -0.2457382E-06   -0.1357571E-06
   -0.5747194E-06    0.3220767E-05   -0.4308895E-06   -0.2492772E-04   -0.5138224E-04   -0.7979308E-05    0.1337794E-04    0.5263025E-05   -0.2483160E-05   -0.2848920E-02    0.1307325E-03    0.5807034E-03   -0.1170028E-01   -0.4076131E-03    0.5165465E-02    0.5497567E-02    0.1009821E-02   -0.1326212E-03    0.1076663E-02    0.7263933E-03    0.1198869E-02    0.1410879E-05    0.8694422E-06   -0.7053001E-05   -0.2411387E-05    0.1716651E-04    0.6593350E-05   -0.4212166E-04    0.3621654E-04    0.1485021E-02    0.1595455E-03    0.5137559E-02    0.3956793E-02    0.1405416E-06    0.3881507E-06
   -0.1325372E-05    0.6970244E-05   -0.1128284E-05   -0.8398500E-04   -0.1618570E-03   -0.2544003E-04    0.2656986E-05    0.2259536E-04   -0.3497240E-05   -0.3732891E-02    0.2056069E-03   -0.4770820E-02    0.4719440E-01    0.2838649E-01    0.4371002E-02    0.3655630E-02    0.5547771E-02    0.1919079E-02    0.8393397E-03    0.4187702E-02    0.1075269E-01   -0.7676774E-05    0.4469874E-06    0.1063364E-04   -0.2054342E-05   -0.1459724E-04   -0.4288391E-04   -0.9294524E-04   -0.1706884E-03    0.1073893E-01   -0.3492102E-03    0.3956793E-02    0.3628847E-01    0.6619564E-06   -0.1048987E-05
    0.5011205E-08   -0.4803100E-08    0.4030981E-08    0.3603775E-07    0.3041298E-06   -0.1367953E-06    0.8654398E-07   -0.5388550E-06    0.3985114E-09   -0.1989985E-03    0.8128483E-05    0.1860862E-03    0.4393101E-02    0.1230332E-03    0.7228834E-03    0.6334098E-03   -0.1337043E-03    0.4201305E-03   -0.4302985E-03   -0.9367774E-04   -0.6366436E-04   -0.9550688E-07   -0.2872426E-08    0.5640775E-07   -0.2131666E-08   -0.2904152E-08   -0.1448973E-06    0.2111250E-05   -0.2176012E-06   -0.1105697E-05   -0.2457382E-06    0.1405416E-06    0.6619564E-06    0.5251335E-06    0.8514212E-08
   -0.6533245E-08    0.5364447E-07   -0.3014702E-09   -0.1136917E-05   -0.2128972E-05   -0.5892837E-06   -0.6127122E-06    0.9923084E-06   -0.3510840E-07    0.4467527E-02   -0.1763042E-04   -0.3773938E-03    0.4352994E-02    0.3413331E-03   -0.2530244E-02   -0.7743634E-02    0.2030071E-03    0.8402751E-05   -0.1992132E-03    0.2511288E-02    0.4382801E-02   -0.1483753E-06   -0.2238246E-07   -0.1035214E-07   -0.3870143E-07    0.3126348E-07   -0.8586273E-06   -0.1155179E-05   -0.3721090E-06   -0.1037660E-05   -0.1357571E-06    0.3881507E-06   -0.1048987E-05    0.8514212E-08    0.2063388E-05
