# omegabh2 omegach2 theta tau logA ns
    0.5546067E-07   -0.8887589E-07    0.2074466E-07    0.2814492E-06    0.8678347E-06    0.1249439E-05
   -0.8887589E-07    0.1805368E-05   -0.3455117E-07   -0.1038592E-04   -0.1712244E-04   -0.5898707E-05
    0.2074466E-07   -0.3455117E-07    0.2290355E-06    0.1782619E-05    0.3908681E-05    0.7335660E-06
    0.2814492E-06   -0.1038592E-04    0.1782619E-05    0.2776164E-03    0.5108374E-03    0.3721804E-04
    0.8678347E-06   -0.1712244E-04    0.3908681E-05    0.5108374E-03    0.9761605E-03    0.8014946E-04
    0.1249439E-05   -0.5898707E-05    0.7335660E-06    0.3721804E-04    0.8014946E-04    0.1080204E-03
