# omegabh2 omegach2 theta tau mnu nnu logA ns calPlanck aps100 aps143 aps217 acib217 asz143 psr xi aksz dust100 dust143 dust217 dust143x217 cal0 cal2 calTE calEE bm_1_1
    0.3864018E-07    0.1947784E-07    0.4229320E-08    0.1268607E-05   -0.6712851E-05    0.1349552E-04    0.2688459E-05    0.1002088E-05    0.1546059E-07   -0.3806614E-03   -0.2161559E-03    0.5393050E-04   -0.9051311E-04    0.2554195E-04    0.1751871E-06    0.2965055E-06   -0.3113909E-04    0.7588698E-06   -0.2801846E-06    0.8542868E-06   -0.5525561E-07    0.2767559E-08   -0.3824041E-08   -0.7161193E-07   -0.8296157E-07    0.2801093E-06
    0.1947784E-07    0.5658586E-05   -0.5510266E-06   -0.3926566E-05    0.5088294E-04    0.2489074E-03    0.5036245E-05    0.3525513E-05   -0.4708683E-07    0.7622927E-02    0.4003556E-02   -0.2090418E-02    0.2375822E-02   -0.3088415E-03   -0.4066015E-05   -0.2872755E-04    0.6582925E-03    0.7821908E-05    0.5764955E-06   -0.1738215E-04    0.1021518E-04   -0.1291926E-07    0.2127217E-06    0.1589246E-05    0.2346180E-05    0.2343573E-04
    0.4229320E-08   -0.5510266E-06    0.1374309E-06    0.5439712E-07   -0.1487028E-04   -0.2575336E-04   -0.1044136E-05   -0.3224092E-06    0.1091731E-07   -0.7664429E-03   -0.4156442E-03    0.1255064E-03   -0.2012350E-03    0.3115470E-04    0.2103737E-06    0.2975386E-05   -0.5363694E-04   -0.6908326E-06    0.3782625E-06    0.1463305E-05   -0.1493755E-05   -0.1249187E-08   -0.1739862E-07   -0.2466495E-06   -0.2559148E-06    0.2744729E-05
    0.1268607E-05   -0.3926566E-05    0.5439712E-07    0.3435746E-03    0.5129681E-03    0.4452970E-03    0.6692222E-03    0.5510521E-04   -0.2156597E-05   -0.4736241E-01   -0.1812535E-01    0.1597804E-01   -0.1314189E-01    0.2403683E-02    0.6309292E-04   -0.1486086E-04   -0.4753642E-02    0.5432312E-04   -0.1324485E-04    0.1313031E-03    0.1519471E-05    0.6275913E-07   -0.6404740E-06   -0.1630004E-04   -0.6478910E-05    0.4505483E-05
   -0.6712851E-05    0.5088294E-04   -0.1487028E-04    0.5129681E-03    0.1988346E-01    0.5073136E-03    0.1066807E-02   -0.1366726E-03    0.5957451E-05    0.2160207E+00    0.1039383E+00   -0.4080741E-01    0.5848737E-01   -0.8144791E-02   -0.3242553E-05   -0.1124059E-02    0.1848687E-01    0.6040324E-03    0.3583603E-03   -0.3456437E-03    0.3583098E-03   -0.6137238E-06    0.6609367E-05    0.5839560E-04   -0.1203221E-04   -0.9621215E-03
    0.1349552E-04    0.2489074E-03   -0.2575336E-04    0.4452970E-03    0.5073136E-03    0.1868000E-01    0.1466522E-02    0.7023255E-03    0.1209171E-05    0.3492968E+00    0.1666375E+00   -0.1232885E+00    0.1171832E+00   -0.1139519E-01   -0.3058577E-03   -0.1535273E-02    0.3318143E-01    0.6401697E-03   -0.9765205E-04   -0.7597413E-03    0.7782700E-03   -0.3924011E-06    0.1260604E-04    0.8645983E-04    0.1895094E-03    0.1655519E-02
    0.2688459E-05    0.5036245E-05   -0.1044136E-05    0.6692222E-03    0.1066807E-02    0.1466522E-02    0.1360625E-02    0.1164711E-03    0.7682838E-05   -0.6843058E-01   -0.2500651E-01    0.3298041E-01   -0.2086115E-01    0.4246028E-02    0.1386922E-03   -0.4158445E-04   -0.9032067E-02    0.1057887E-03   -0.8983430E-04    0.2470596E-03    0.5500324E-05    0.7475926E-06   -0.8379982E-06   -0.3002032E-04   -0.5402379E-05    0.1021822E-04
    0.1002088E-05    0.3525513E-05   -0.3224092E-06    0.5510521E-04   -0.1366726E-03    0.7023255E-03    0.1164711E-03    0.5152782E-04   -0.1442575E-07   -0.1676109E-01   -0.4099675E-02    0.5728780E-02   -0.3554486E-02    0.6705305E-03    0.2650343E-04    0.1365204E-04   -0.1495275E-02    0.4931174E-04    0.1102612E-05    0.4186505E-04    0.1284524E-04   -0.3575786E-06   -0.8462699E-07    0.1055521E-05    0.3953265E-05    0.4494137E-05
    0.1546059E-07   -0.4708683E-07    0.1091731E-07   -0.2156597E-05    0.5957451E-05    0.1209171E-05    0.7682838E-05   -0.1442575E-07    0.5955908E-05    0.4635763E-02    0.8471840E-03    0.8218084E-03    0.8374545E-03   -0.1668625E-04   -0.3172556E-06    0.5715412E-05   -0.1232870E-04   -0.1970119E-05   -0.1140240E-05    0.5183858E-05   -0.7565631E-05    0.6346301E-07    0.8058078E-08   -0.5298582E-06   -0.8990202E-07   -0.3096220E-04
   -0.3806614E-03    0.7622927E-02   -0.7664429E-03   -0.4736241E-01    0.2160207E+00    0.3492968E+00   -0.6843058E-01   -0.1676109E-01    0.4635763E-02    0.5135728E+03    0.6793621E+02   -0.6326386E+02    0.3578535E+02   -0.2193458E+02   -0.7835599E+00   -0.5435321E-01    0.9610454E+01   -0.8434500E-02    0.1826128E-01   -0.3674353E-01   -0.1332764E+00    0.5554270E-02    0.8550358E-02    0.6705872E-02    0.1047931E-01    0.1881564E+01
   -0.2161559E-03    0.4003556E-02   -0.4156442E-03   -0.1812535E-01    0.1039383E+00    0.1666375E+00   -0.2500651E-01   -0.4099675E-02    0.8471840E-03    0.6793621E+02    0.5723972E+02    0.8657784E+01    0.6509557E+01   -0.2375727E+01    0.1975681E+00    0.7202268E+00   -0.5537493E+01    0.2859298E-02   -0.1810432E+00   -0.5638336E-01    0.1535662E+00    0.3232526E-03   -0.3209601E-03    0.3656058E-02    0.5831615E-02    0.2165643E+00
    0.5393050E-04   -0.2090418E-02    0.1255064E-03    0.1597804E-01   -0.4080741E-01   -0.1232885E+00    0.3298041E-01    0.5728780E-02    0.8218084E-03   -0.6326386E+02    0.8657784E+01    0.1687632E+03   -0.7789257E+02    0.4614218E+01    0.4501469E+00    0.3622178E+00   -0.9160024E+01   -0.4202196E-02   -0.1945501E-01    0.6193863E+00   -0.6155187E-01    0.1423900E-02   -0.1132473E-01   -0.1036636E-02   -0.3130565E-04   -0.2504971E-01
   -0.9051311E-04    0.2375822E-02   -0.2012350E-03   -0.1314189E-01    0.5848737E-01    0.1171832E+00   -0.2086115E-01   -0.3554486E-02    0.8374545E-03    0.3578535E+02    0.6509557E+01   -0.7789257E+02    0.4642304E+02    0.4064223E+00   -0.6944509E-01   -0.3207517E+00   -0.1211155E+01    0.1235550E-01    0.1780563E-01   -0.4781914E+00   -0.2236467E-01   -0.3258238E-03    0.5044504E-02    0.1588656E-02    0.1978324E-02    0.3276262E-01
    0.2554195E-04   -0.3088415E-03    0.3115470E-04    0.2403683E-02   -0.8144791E-02   -0.1139519E-01    0.4246028E-02    0.6705305E-03   -0.1668625E-04   -0.2193458E+02   -0.2375727E+01    0.4614218E+01    0.4064223E+00    0.3576864E+01    0.1272123E+00   -0.9568338E-01   -0.2920550E+01    0.3563280E-03   -0.1627941E-01   -0.4338495E-01    0.5511730E-01    0.4609829E-03   -0.9606641E-03   -0.2231406E-03   -0.3096924E-03   -0.3988365E-01
    0.1751871E-06   -0.4066015E-05    0.2103737E-06    0.6309292E-04   -0.3242553E-05   -0.3058577E-03    0.1386922E-03    0.2650343E-04   -0.3172556E-06   -0.7835599E+00    0.1975681E+00    0.4501469E+00   -0.6944509E-01    0.1272123E+00    0.1100570E-01    0.1300744E-01   -0.1460411E+00    0.3263244E-03   -0.1759923E-03   -0.1368045E-02    0.6527667E-03    0.1974505E-04   -0.3653476E-04    0.1276488E-04    0.7532112E-05   -0.2765691E-03
    0.2965055E-06   -0.2872755E-04    0.2975386E-05   -0.1486086E-04   -0.1124059E-02   -0.1535273E-02   -0.4158445E-04    0.1365204E-04    0.5715412E-05   -0.5435321E-01    0.7202268E+00    0.3622178E+00   -0.3207517E+00   -0.9568338E-01    0.1300744E-01    0.8044844E-01    0.9461130E-01   -0.8274985E-04   -0.4535255E-03    0.6351655E-03    0.1526563E-02    0.3443976E-05   -0.2491835E-04   -0.2528107E-06    0.3070532E-05    0.4645940E-02
   -0.3113909E-04    0.6582925E-03   -0.5363694E-04   -0.4753642E-02    0.1848687E-01    0.3318143E-01   -0.9032067E-02   -0.1495275E-02   -0.1232870E-04    0.9610454E+01   -0.5537493E+01   -0.9160024E+01   -0.1211155E+01   -0.2920550E+01   -0.1460411E+00    0.9461130E-01    0.6801158E+01   -0.6534359E-02    0.1508337E-01    0.3811341E-01   -0.5940898E-01   -0.3817154E-03    0.6442117E-03    0.1520953E-03    0.2328932E-03    0.1633059E-01
    0.7588698E-06    0.7821908E-05   -0.6908326E-06    0.5432312E-04    0.6040324E-03    0.6401697E-03    0.1057887E-03    0.4931174E-04   -0.1970119E-05   -0.8434500E-02    0.2859298E-02   -0.4202196E-02    0.1235550E-01    0.3563280E-03    0.3263244E-03   -0.8274985E-04   -0.6534359E-02    0.3582863E-01    0.3529756E-02   -0.5067764E-03    0.2431018E-03    0.4210221E-04   -0.7987659E-05   -0.5541485E-05   -0.1777915E-04    0.6166914E-03
   -0.2801846E-06    0.5764955E-06    0.3782625E-06   -0.1324485E-04    0.3583603E-03   -0.9765205E-04   -0.8983430E-04    0.1102612E-05   -0.1140240E-05    0.1826128E-01   -0.1810432E+00   -0.1945501E-01    0.1780563E-01   -0.1627941E-01   -0.1759923E-03   -0.4535255E-03    0.1508337E-01    0.3529756E-02    0.3283004E-01   -0.2466862E-02    0.3257982E-02   -0.5731294E-04   -0.6426251E-04   -0.6703664E-04   -0.6412784E-04    0.1937767E-02
    0.8542868E-06   -0.1738215E-04    0.1463305E-05    0.1313031E-03   -0.3456437E-03   -0.7597413E-03    0.2470596E-03    0.4186505E-04    0.5183858E-05   -0.3674353E-01   -0.5638336E-01    0.6193863E+00   -0.4781914E+00   -0.4338495E-01   -0.1368045E-02    0.6351655E-03    0.3811341E-01   -0.5067764E-03   -0.2466862E-02    0.1333016E-01    0.1147794E-01   -0.8391302E-06    0.6335976E-04    0.9177102E-05   -0.9728418E-05   -0.9804288E-03
   -0.5525561E-07    0.1021518E-04   -0.1493755E-05    0.1519471E-05    0.3583098E-03    0.7782700E-03    0.5500324E-05    0.1284524E-04   -0.7565631E-05   -0.1332764E+00    0.1535662E+00   -0.6155187E-01   -0.2236467E-01    0.5511730E-01    0.6527667E-03    0.1526563E-02   -0.5940898E-01    0.2431018E-03    0.3257982E-02    0.1147794E-01    0.3195602E-01    0.3007195E-05    0.8923513E-04    0.2726187E-05    0.1526570E-04   -0.1088786E-02
    0.2767559E-08   -0.1291926E-07   -0.1249187E-08    0.6275913E-07   -0.6137238E-06   -0.3924011E-06    0.7475926E-06   -0.3575786E-06    0.6346301E-07    0.5554270E-02    0.3232526E-03    0.1423900E-02   -0.3258238E-03    0.4609829E-03    0.1974505E-04    0.3443976E-05   -0.3817154E-03    0.4210221E-04   -0.5731294E-04   -0.8391302E-06    0.3007195E-05    0.9408495E-06   -0.8034754E-07    0.2332955E-06    0.4631867E-06   -0.7721504E-04
   -0.3824041E-08    0.2127217E-06   -0.1739862E-07   -0.6404740E-06    0.6609367E-05    0.1260604E-04   -0.8379982E-06   -0.8462699E-07    0.8058078E-08    0.8550358E-02   -0.3209601E-03   -0.1132473E-01    0.5044504E-02   -0.9606641E-03   -0.3653476E-04   -0.2491835E-04    0.6442117E-03   -0.7987659E-05   -0.6426251E-04    0.6335976E-04    0.8923513E-04   -0.8034754E-07    0.3071256E-05    0.7568019E-06    0.3209549E-06   -0.1525900E-04
   -0.7161193E-07    0.1589246E-05   -0.2466495E-06   -0.1630004E-04    0.5839560E-04    0.8645983E-04   -0.3002032E-04    0.1055521E-05   -0.5298582E-06    0.6705872E-02    0.3656058E-02   -0.1036636E-02    0.1588656E-02   -0.2231406E-03    0.1276488E-04   -0.2528107E-06    0.1520953E-03   -0.5541485E-05   -0.6703664E-04    0.9177102E-05    0.2726187E-05    0.2332955E-06    0.7568019E-06    0.2092458E-04    0.7074772E-05   -0.4100390E-04
   -0.8296157E-07    0.2346180E-05   -0.2559148E-06   -0.6478910E-05   -0.1203221E-04    0.1895094E-03   -0.5402379E-05    0.3953265E-05   -0.8990202E-07    0.1047931E-01    0.5831615E-02   -0.3130565E-04    0.1978324E-02   -0.3096924E-03    0.7532112E-05    0.3070532E-05    0.2328932E-03   -0.1777915E-04   -0.6412784E-04   -0.9728418E-05    0.1526570E-04    0.4631867E-06    0.3209549E-06    0.7074772E-05    0.1974846E-04    0.3670409E-04
    0.2801093E-06    0.2343573E-04    0.2744729E-05    0.4505483E-05   -0.9621215E-03    0.1655519E-02    0.1021822E-04    0.4494137E-05   -0.3096220E-04    0.1881564E+01    0.2165643E+00   -0.2504971E-01    0.3276262E-01   -0.3988365E-01   -0.2765691E-03    0.4645940E-02    0.1633059E-01    0.6166914E-03    0.1937767E-02   -0.9804288E-03   -0.1088786E-02   -0.7721504E-04   -0.1525900E-04   -0.4100390E-04    0.3670409E-04    0.1012574E+01
