# omegabh2 omegach2 theta tau logA ns calPlanck acib217 xi asz143 aps100 aps143 aps143217 aps217 aksz kgal100 kgal143 kgal143217 kgal217 cal0 cal2
    0.5372566E-07   -0.2517249E-06    0.5158400E-07    0.1812426E-05    0.3178821E-05    0.7749721E-06    0.1981752E-07   -0.2477584E-03    0.3332537E-05    0.6755934E-04   -0.9885369E-03   -0.5656650E-03   -0.1450986E-03    0.5740811E-04   -0.9363206E-04   -0.5009517E-05    0.2920941E-05   -0.4335044E-05    0.7286886E-04    0.4387387E-08   -0.1992237E-07
   -0.2517249E-06    0.3915095E-05   -0.3986984E-06   -0.2415902E-04   -0.3976998E-04   -0.9580532E-05   -0.3360661E-06    0.1040634E-02   -0.1347005E-04   -0.3374346E-03    0.4805862E-02    0.2511150E-02    0.6544303E-03   -0.2409086E-03    0.4568871E-03    0.3328455E-04    0.2164157E-04    0.1700298E-04   -0.2443096E-03   -0.4003847E-07    0.1147206E-06
    0.5158400E-07   -0.3986984E-06    0.2142762E-06    0.3502789E-05    0.6398960E-05    0.1272565E-05    0.5921677E-07   -0.1560101E-03    0.1891248E-05    0.4373115E-04   -0.7363529E-03   -0.3948422E-03   -0.1420275E-03    0.1356413E-04   -0.6831590E-04   -0.2041571E-04   -0.7750959E-05   -0.1816689E-04    0.2667415E-04    0.5383338E-08   -0.2006729E-07
    0.1812426E-05   -0.2415902E-04    0.3502789E-05    0.2664809E-03    0.4678991E-03    0.6922653E-04   -0.2735145E-05   -0.1130662E-01    0.1211687E-03    0.3079160E-02   -0.5220471E-01   -0.2424533E-01   -0.6172896E-02    0.2655557E-02   -0.3859255E-02   -0.2087515E-03    0.3335203E-03   -0.4360750E-03    0.1354404E-02   -0.6036972E-07   -0.1351568E-05
    0.3178821E-05   -0.3976998E-04    0.6398960E-05    0.4678991E-03    0.8528618E-03    0.1153930E-03    0.6120361E-05   -0.1999925E-01    0.2649990E-03    0.5398923E-02   -0.8758915E-01   -0.4032365E-01   -0.7443712E-02    0.1019628E-01   -0.7609839E-02   -0.5722673E-03    0.2590054E-03   -0.1023644E-02    0.4019011E-02    0.9690984E-07   -0.2485633E-05
    0.7749721E-06   -0.9580532E-05    0.1272565E-05    0.6922653E-04    0.1153930E-03    0.3546878E-04    0.8263762E-06   -0.7586828E-02    0.1426344E-03    0.2075285E-02   -0.3765754E-01   -0.1220999E-01    0.1801072E-02    0.7222073E-02   -0.3853764E-02    0.8371135E-05   -0.2294756E-03   -0.4194811E-03    0.1582160E-02   -0.1226589E-06   -0.6748299E-06
    0.1981752E-07   -0.3360661E-06    0.5921677E-07   -0.2735145E-05    0.6120361E-05    0.8263762E-06    0.6194390E-05    0.8223684E-03    0.5652651E-05   -0.2699524E-04    0.3647931E-02    0.8124027E-03    0.5338468E-03    0.1125323E-02   -0.8921806E-05   -0.2467247E-06    0.2159725E-04    0.6047487E-04    0.8297048E-03    0.1489719E-07   -0.8288140E-08
   -0.2477584E-03    0.1040634E-02   -0.1560101E-03   -0.1130662E-01   -0.1999925E-01   -0.7586828E-02    0.8223684E-03    0.4759076E+02   -0.4344007E+00   -0.1514289E+01    0.4236435E+02    0.2357713E+01   -0.1877869E+02   -0.6343210E+02    0.1677683E+00   -0.1757918E+00    0.2682960E+00   -0.2853029E+01   -0.2459148E+02   -0.1165222E-03    0.4288870E-02
    0.3332537E-05   -0.1347005E-04    0.1891248E-05    0.1211687E-03    0.2649990E-03    0.1426344E-03    0.5652651E-05   -0.4344007E+00    0.8207340E-01   -0.6387382E-01   -0.5232769E+00    0.9397125E+00    0.1734759E+01    0.6712048E+00    0.7005053E-01   -0.1047876E-01    0.4885040E-03    0.7736392E-01    0.6746751E-01    0.7077014E-05   -0.1739947E-04
    0.6755934E-04   -0.3374346E-03    0.4373115E-04    0.3079160E-02    0.5398923E-02    0.2075285E-02   -0.2699524E-04   -0.1514289E+01   -0.6387382E-01    0.3883502E+01   -0.3000092E+02   -0.3888724E+01    0.8100991E+01    0.6740629E+01   -0.2957407E+01   -0.1684830E+00    0.1053420E+00    0.2600830E+01    0.2131835E+01    0.2141086E-03   -0.3516613E-03
   -0.9885369E-03    0.4805862E-02   -0.7363529E-03   -0.5220471E-01   -0.8758915E-01   -0.3765754E-01    0.3647931E-02    0.4236435E+02   -0.5232769E+00   -0.3000092E+02    0.7309450E+03    0.7339842E+02   -0.5717168E+02   -0.6801093E+02    0.1437873E+02   -0.8440096E+00    0.7550740E-01   -0.1450439E+02   -0.2083693E+02    0.4478705E-02    0.4074412E-02
   -0.5656650E-03    0.2511150E-02   -0.3948422E-03   -0.2424533E-01   -0.4032365E-01   -0.1220999E-01    0.8124027E-03    0.2357713E+01    0.9397125E+00   -0.3888724E+01    0.7339842E+02    0.6176418E+02    0.4317480E+02    0.1785832E+02   -0.4805116E+01   -0.4686586E+00   -0.1221324E+01    0.3358333E+01    0.2669826E+01    0.2263603E-03    0.2175544E-03
   -0.1450986E-03    0.6544303E-03   -0.1420275E-03   -0.6172896E-02   -0.7443712E-02    0.1801072E-02    0.5338468E-03   -0.1877869E+02    0.1734759E+01    0.8100991E+01   -0.5717168E+02    0.4317480E+02    0.9434468E+02    0.6568486E+02   -0.1318673E+02   -0.7146647E+00   -0.4937550E+00    0.4514408E+01    0.4906259E+01    0.8735682E-03   -0.2460369E-02
    0.5740811E-04   -0.2409086E-03    0.1356413E-04    0.2655557E-02    0.1019628E-01    0.7222073E-02    0.1125323E-02   -0.6343210E+02    0.6712048E+00    0.6740629E+01   -0.6801093E+02    0.1785832E+02    0.6568486E+02    0.1235316E+03   -0.1102787E+02   -0.1277876E+00   -0.4708182E+00    0.6292338E+00    0.2094162E+02    0.6196444E-03   -0.7503021E-02
   -0.9363206E-04    0.4568871E-03   -0.6831590E-04   -0.3859255E-02   -0.7609839E-02   -0.3853764E-02   -0.8921806E-05    0.1677683E+00    0.7005053E-01   -0.2957407E+01    0.1437873E+02   -0.4805116E+01   -0.1318673E+02   -0.1102787E+02    0.6751517E+01    0.1224860E+00   -0.8686264E-01   -0.2233205E+01   -0.1688672E+01   -0.1782290E-03    0.1475053E-03
   -0.5009517E-05    0.3328455E-04   -0.2041571E-04   -0.2087515E-03   -0.5722673E-03    0.8371135E-05   -0.2467247E-06   -0.1757918E+00   -0.1047876E-01   -0.1684830E+00   -0.8440096E+00   -0.4686586E+00   -0.7146647E+00   -0.1277876E+00    0.1224860E+00    0.3108766E+01    0.6933025E+00    0.2610714E+00    0.4976283E+00    0.4022382E-03   -0.1245018E-05
    0.2920941E-05    0.2164157E-04   -0.7750959E-05    0.3335203E-03    0.2590054E-03   -0.2294756E-03    0.2159725E-04    0.2682960E+00    0.4885040E-03    0.1053420E+00    0.7550740E-01   -0.1221324E+01   -0.4937550E+00   -0.4708182E+00   -0.8686264E-01    0.6933025E+00    0.3086593E+01    0.2349910E+01    0.1308848E+01   -0.4033667E-03   -0.2039922E-03
   -0.4335044E-05    0.1700298E-04   -0.1816689E-04   -0.4360750E-03   -0.1023644E-02   -0.4194811E-03    0.6047487E-04   -0.2853029E+01    0.7736392E-01    0.2600830E+01   -0.1450439E+02    0.3358333E+01    0.4514408E+01    0.6292338E+00   -0.2233205E+01    0.2610714E+00    0.2349910E+01    0.1787338E+02    0.2714192E+02   -0.4312872E-04    0.2472944E-02
    0.7286886E-04   -0.2443096E-03    0.2667415E-04    0.1354404E-02    0.4019011E-02    0.1582160E-02    0.8297048E-03   -0.2459148E+02    0.6746751E-01    0.2131835E+01   -0.2083693E+02    0.2669826E+01    0.4906259E+01    0.2094162E+02   -0.1688672E+01    0.4976283E+00    0.1308848E+01    0.2714192E+02    0.6184668E+02   -0.2612562E-04    0.4436346E-02
    0.4387387E-08   -0.4003847E-07    0.5383338E-08   -0.6036972E-07    0.9690984E-07   -0.1226589E-06    0.1489719E-07   -0.1165222E-03    0.7077014E-05    0.2141086E-03    0.4478705E-02    0.2263603E-03    0.8735682E-03    0.6196444E-03   -0.1782290E-03    0.4022382E-03   -0.4033667E-03   -0.4312872E-04   -0.2612562E-04    0.5459285E-06    0.1626796E-07
   -0.1992237E-07    0.1147206E-06   -0.2006729E-07   -0.1351568E-05   -0.2485633E-05   -0.6748299E-06   -0.8288140E-08    0.4288870E-02   -0.1739947E-04   -0.3516613E-03    0.4074412E-02    0.2175544E-03   -0.2460369E-02   -0.7503021E-02    0.1475053E-03   -0.1245018E-05   -0.2039922E-03    0.2472944E-02    0.4436346E-02    0.1626796E-07    0.2066497E-05
