# omegabh2 omegach2 theta tau ns nrun logA asz
    0.45889E-06   -0.30521E-05    0.82498E-06    0.64352E-06    0.19151E-04    0.10725E-04   -0.44409E-05    0.15865E-04
   -0.30521E-05    0.47894E-04   -0.25736E-05   -0.25748E-05   -0.18114E-03   -0.11800E-03    0.13014E-03   -0.25857E-03
    0.82498E-06   -0.25736E-05    0.52077E-05    0.38087E-05    0.24502E-04    0.71500E-05    0.96382E-05    0.20871E-04
    0.64352E-06   -0.25748E-05    0.38087E-05    0.20256E-03   -0.14100E-04   -0.63076E-04    0.40657E-03   -0.25012E-04
    0.19151E-04   -0.18114E-03    0.24502E-04   -0.14100E-04    0.10539E-02    0.68411E-03   -0.42922E-03   -0.20212E-03
    0.10725E-04   -0.11800E-03    0.71500E-05   -0.63076E-04    0.68411E-03    0.52394E-03   -0.41660E-03   -0.42794E-04
   -0.44409E-05    0.13014E-03    0.96382E-05    0.40657E-03   -0.42922E-03   -0.41660E-03    0.12607E-02   -0.16977E-02
    0.15865E-04   -0.25857E-03    0.20871E-04   -0.25012E-04   -0.20212E-03   -0.42794E-04   -0.16977E-02    0.33787E+00
