# omegabh2 omegach2 theta tau alpha1 ns logA aps100 aps143 aps217 acib143 acib217 asz143 psr cibr ncib cal0 cal2 xi aksz bm_1_1 bm_1_2 bm_1_3 bm_1_4 bm_1_5 bm_2_1 bm_2_2 bm_2_3 bm_2_4 bm_2_5 bm_3_1 bm_3_2 bm_3_3 bm_3_4 bm_3_5 bm_4_1 bm_4_2 bm_4_3 bm_4_4 bm_4_5 a_ps_act_148 a_ps_act_217 a_ps_spt_95 a_ps_spt_150 a_ps_spt_220 r_ps_spt_95x150 r_ps_spt_95x220 r_ps_150x220 act_dust_s act_dust_e cal_acts_148 cal_acts_217 cal_acte_148 cal_acte_217 cal_spt_95 cal_spt_150 cal_spt_220
    0.76052E-07   -0.36152E-06    0.59882E-07    0.13024E-05   -0.19639E-06    0.84591E-06    0.19448E-05   -0.26301E-03   -0.70407E-03   -0.61166E-03   -0.12440E-05    0.36487E-04    0.12991E-04   -0.12863E-05   -0.27029E-06    0.80361E-06    0.75204E-09    0.45202E-11   -0.38435E-05   -0.41437E-04   -0.14533E-04   -0.11855E-04    0.26651E-05   -0.17529E-05   -0.27666E-05   -0.34467E-05   -0.90510E-05    0.50316E-05    0.23114E-05    0.15320E-05   -0.33562E-05   -0.29966E-05    0.77139E-06    0.21911E-05   -0.24335E-05   -0.47445E-05   -0.13874E-05   -0.64887E-05   -0.74526E-05    0.51211E-05    0.10214E-04    0.88551E-04    0.23578E-04    0.22001E-04    0.10337E-03   -0.62395E-06   -0.98367E-06   -0.10943E-06   -0.59697E-06   -0.52863E-06    0.37952E-06    0.46174E-06    0.40443E-06    0.41862E-06    0.74858E-06    0.74201E-06    0.57859E-06
   -0.36152E-06    0.81760E-05   -0.10099E-05   -0.10713E-04   -0.19431E-05   -0.20755E-04   -0.43421E-06    0.26909E-02    0.35780E-02    0.28781E-02    0.16084E-04    0.67028E-04   -0.16256E-04    0.98252E-05    0.29292E-05    0.69683E-07    0.94999E-09    0.35404E-07    0.18317E-04   -0.67523E-04    0.17999E-03    0.28181E-04   -0.80089E-04    0.52297E-05    0.42959E-04    0.53920E-04    0.40010E-04    0.79834E-06    0.34503E-04   -0.15826E-04   -0.10211E-04   -0.71587E-06   -0.43016E-04   -0.47468E-05   -0.36610E-04    0.26045E-04    0.29095E-04    0.28782E-04    0.21836E-04    0.31689E-04    0.21821E-06   -0.63756E-03   -0.56349E-04   -0.46139E-04   -0.56037E-03    0.36247E-05    0.69834E-05   -0.21397E-06    0.38727E-05    0.57021E-05   -0.21161E-05   -0.23379E-05   -0.22407E-05   -0.23118E-05   -0.36198E-05   -0.35067E-05   -0.30063E-05
    0.59882E-07   -0.10099E-05    0.48759E-06    0.72296E-06    0.77821E-06    0.36112E-05   -0.11131E-05   -0.36886E-03   -0.52404E-03   -0.42713E-03    0.29134E-05    0.19083E-04    0.20710E-04   -0.79037E-06   -0.54703E-06    0.38168E-06    0.29756E-09   -0.14736E-07   -0.43856E-05   -0.12532E-04   -0.29635E-04   -0.45556E-05    0.72442E-05   -0.21314E-05   -0.65512E-05   -0.15438E-04   -0.79544E-05    0.86778E-06   -0.62309E-05    0.78137E-05   -0.54687E-06   -0.36645E-05    0.95995E-05   -0.52284E-06    0.14814E-06   -0.96394E-05   -0.98371E-05   -0.31102E-05   -0.72526E-05   -0.58895E-05   -0.99216E-06    0.58811E-04    0.27293E-05    0.27440E-05    0.48076E-04   -0.82969E-07   -0.12657E-06    0.21957E-06   -0.86615E-06   -0.85773E-06    0.34270E-06    0.34664E-06    0.31435E-06    0.29505E-06    0.43094E-06    0.44584E-06    0.30801E-06
    0.13024E-05   -0.10713E-04    0.72296E-06    0.20953E-03   -0.11308E-04    0.25891E-04    0.39624E-03   -0.25974E-01   -0.17601E-01   -0.15308E-01    0.16147E-03    0.18088E-02    0.51492E-03   -0.26044E-04   -0.45321E-05    0.23932E-04   -0.27738E-07    0.36099E-06   -0.13815E-03   -0.20503E-02   -0.42173E-03   -0.13583E-03    0.58279E-04   -0.15931E-03   -0.45224E-04    0.13909E-03   -0.10523E-03   -0.10241E-03    0.10158E-03   -0.18272E-04    0.57365E-05   -0.63577E-05   -0.12815E-03   -0.23247E-03   -0.84297E-04    0.13536E-03   -0.35015E-04   -0.21255E-03    0.46567E-04    0.13027E-04    0.42642E-03    0.19946E-02    0.64434E-03    0.69848E-03    0.27315E-02    0.14728E-05   -0.56595E-05   -0.77780E-05   -0.36697E-04   -0.19470E-04    0.85126E-05    0.12896E-04    0.99279E-05    0.10428E-04    0.17770E-04    0.17344E-04    0.15821E-04
   -0.19639E-06   -0.19431E-05    0.77821E-06   -0.11308E-04    0.89932E-05    0.12024E-04   -0.31427E-04   -0.47742E-02   -0.97969E-03    0.19625E-04   -0.27543E-04   -0.20820E-03   -0.46116E-05   -0.29739E-05   -0.23357E-05   -0.17173E-05   -0.19605E-07   -0.43779E-07   -0.30809E-05    0.12959E-03   -0.13862E-03   -0.44241E-04    0.17519E-04    0.25286E-04    0.32239E-04   -0.21151E-04    0.20622E-04   -0.26857E-04   -0.40288E-04    0.52985E-04    0.47730E-04   -0.36334E-04    0.32948E-04    0.10688E-04    0.23405E-04    0.30612E-04   -0.48361E-04    0.36321E-04   -0.32663E-05   -0.51294E-04   -0.31408E-04    0.17292E-04   -0.32581E-04   -0.55394E-04   -0.13825E-03   -0.14883E-05   -0.39969E-05    0.11697E-05    0.64226E-05    0.21142E-05    0.20465E-06   -0.22928E-06    0.22883E-06   -0.20342E-06   -0.53173E-06   -0.53812E-06   -0.11338E-05
    0.84591E-06   -0.20755E-04    0.36112E-05    0.25891E-04    0.12024E-04    0.75500E-04   -0.80495E-05   -0.40783E-01   -0.23167E-01   -0.15677E-01   -0.62731E-04    0.65666E-03    0.61050E-03   -0.46252E-04   -0.18393E-04    0.22040E-04   -0.95458E-07    0.14661E-06   -0.17744E-03   -0.10196E-02   -0.72945E-03   -0.32430E-03    0.10950E-03    0.50178E-04   -0.38238E-04    0.12633E-03   -0.90272E-05   -0.14684E-04   -0.84822E-04    0.49534E-05    0.12806E-03   -0.11793E-03    0.13246E-03   -0.98155E-05    0.26258E-04    0.18306E-03    0.27838E-04   -0.22770E-04   -0.40957E-04   -0.96939E-04    0.56554E-04    0.21479E-02    0.32366E-03    0.23270E-03    0.16298E-02   -0.16706E-04   -0.35446E-04    0.11912E-05   -0.10180E-04   -0.10851E-04    0.10891E-04    0.95924E-05    0.10839E-04    0.95600E-05    0.16484E-04    0.15327E-04    0.98339E-05
    0.19448E-05   -0.43421E-06   -0.11131E-05    0.39624E-03   -0.31427E-04   -0.80495E-05    0.80821E-03   -0.52921E-01   -0.29057E-01   -0.25039E-01    0.30406E-03    0.42331E-02    0.10585E-02   -0.29384E-04   -0.64446E-05    0.60420E-04    0.26376E-07    0.11444E-05   -0.27811E-03   -0.46344E-02    0.78329E-04   -0.11847E-03   -0.82734E-04   -0.32066E-03    0.24861E-04    0.81192E-03   -0.39523E-04   -0.17706E-03    0.31801E-03   -0.13157E-03   -0.21608E-04    0.59413E-04   -0.40061E-03   -0.51151E-03   -0.36535E-03    0.60219E-03    0.17992E-03   -0.29917E-03    0.16019E-03    0.16000E-03    0.87364E-03    0.22781E-02    0.13403E-02    0.13008E-02    0.39608E-02   -0.47500E-06   -0.84652E-05   -0.16789E-04   -0.64780E-04   -0.18272E-04    0.12798E-04    0.20576E-04    0.15447E-04    0.15373E-04    0.28232E-04    0.27114E-04    0.24845E-04
   -0.26301E-03    0.26909E-02   -0.36886E-03   -0.25974E-01   -0.47742E-02   -0.40783E-01   -0.52921E-01    0.16236E+04    0.86364E+02    0.23204E+02    0.30437E+00   -0.31828E+01   -0.11166E+02   -0.67178E-01   -0.91535E-01   -0.10238E+00    0.12686E-02   -0.26635E-02    0.10498E+01    0.82929E+01    0.16554E+02   -0.66679E+01    0.14906E+00    0.51844E+00   -0.41966E+00   -0.21843E+01   -0.44754E+01   -0.55585E+00   -0.88704E+00   -0.15299E+01    0.35935E-01    0.32911E+00   -0.86736E-01   -0.11207E+01   -0.35037E+01   -0.10746E+01   -0.17981E+01   -0.24130E+01   -0.32011E+00    0.21111E+01    0.42568E+00    0.15000E+01    0.51514E+01   -0.28338E+00    0.45275E+01   -0.40965E-01   -0.34302E+00   -0.71748E-01    0.83251E-01   -0.16926E-01   -0.25179E-01    0.89997E-02   -0.23143E-01    0.67637E-02   -0.69625E-01   -0.27234E-01    0.10407E-01
   -0.70407E-03    0.35780E-02   -0.52404E-03   -0.17601E-01   -0.97969E-03   -0.23167E-01   -0.29057E-01    0.86364E+02    0.65340E+02    0.16798E+02    0.25473E+00    0.24422E+00   -0.18142E+01    0.32430E-01    0.29237E-01   -0.27924E-01    0.11931E-04   -0.10110E-02    0.19129E+00    0.34048E+00    0.28845E-01   -0.10252E+00    0.43654E-01    0.15815E-01   -0.29615E-01    0.18856E+00   -0.78025E-01   -0.19075E+00   -0.16145E+00    0.36466E-01   -0.13133E+00    0.14732E+00   -0.70843E-01    0.29098E-02    0.10163E+00    0.12965E+00   -0.15613E+00   -0.11817E+00   -0.10051E-01    0.57394E-01    0.29948E+00   -0.13077E+01    0.96371E+00   -0.19906E+00   -0.10170E+01    0.10678E-01   -0.39730E-01   -0.32772E-01    0.12447E-01    0.71878E-02   -0.13685E-01   -0.66046E-02   -0.13288E-01   -0.61940E-02   -0.26593E-01   -0.19036E-01   -0.60329E-02
   -0.61166E-03    0.28781E-02   -0.42713E-03   -0.15308E-01    0.19625E-04   -0.15677E-01   -0.25039E-01    0.23204E+02    0.16798E+02    0.96135E+02   -0.11770E+01   -0.34734E+02    0.23433E+00   -0.36836E+00   -0.38126E-01   -0.45350E+00    0.38639E-04   -0.18138E-03    0.36290E-01    0.12092E+01    0.12702E-01    0.31462E+00    0.11429E-01   -0.22772E-01    0.77514E-01    0.10661E-01    0.96422E-01   -0.14362E-01   -0.25649E+00    0.18960E+00    0.17010E+00    0.35376E+00   -0.54377E-01    0.26805E+00    0.33877E+00    0.12968E+00    0.19741E-01    0.15998E+00    0.14045E+00   -0.25405E+00    0.18548E+00    0.18301E+02   -0.78869E+00    0.53272E+00    0.87352E+01   -0.54650E-01   -0.96297E-01   -0.99900E-04    0.39076E-01    0.24449E-01   -0.66804E-02   -0.25866E-01   -0.50136E-02   -0.30474E-01   -0.53143E-02   -0.10672E-01   -0.55260E-01
   -0.12440E-05    0.16084E-04    0.29134E-05    0.16147E-03   -0.27543E-04   -0.62731E-04    0.30406E-03    0.30437E+00    0.25473E+00   -0.11770E+01    0.66651E+00    0.12464E+01    0.55870E+00    0.35665E-02   -0.34545E-02   -0.19565E-02   -0.44200E-06    0.73823E-04    0.27622E-02   -0.94709E+00    0.95752E-03   -0.23962E-01   -0.88241E-04   -0.40333E-02   -0.97233E-02   -0.14384E-01   -0.10995E-03   -0.57706E-02    0.15810E-01   -0.43937E-02    0.18470E-01   -0.10825E-01   -0.64435E-02   -0.11997E-01   -0.10040E-01    0.34190E-02   -0.83194E-02    0.93089E-02    0.51996E-02    0.22748E-01    0.53865E-01   -0.21274E+00   -0.21582E+00   -0.20241E-01   -0.73140E-01    0.49183E-01    0.47042E-01   -0.41121E-02   -0.14308E-02   -0.57756E-03    0.11176E-03    0.33163E-03    0.71409E-04    0.24673E-03   -0.69880E-03    0.60764E-03    0.18516E-02
    0.36487E-04    0.67028E-04    0.19083E-04    0.18088E-02   -0.20820E-03    0.65666E-03    0.42331E-02   -0.31828E+01    0.24422E+00   -0.34734E+02    0.12464E+01    0.21654E+02    0.20078E+01    0.22044E+00    0.29936E-01    0.28489E+00    0.19449E-05    0.48524E-04   -0.36356E+00   -0.44478E+01    0.16135E+00   -0.20008E+00   -0.16646E-01   -0.50847E-01   -0.71850E-01    0.12795E-01    0.57794E-01   -0.10647E+00    0.33916E+00   -0.21149E+00   -0.18869E+00   -0.40826E+00   -0.34806E-01   -0.31715E+00   -0.29671E+00   -0.12146E+00   -0.57113E-01   -0.58645E-02    0.10739E+00    0.33743E+00   -0.35438E+00   -0.12166E+02   -0.10607E+00   -0.70556E+00   -0.77976E+01    0.60669E-01    0.76844E-01   -0.97553E-02   -0.12109E-01   -0.11732E-02   -0.11037E-02    0.51441E-02   -0.21444E-02    0.80727E-02   -0.11054E-02   -0.20834E-02    0.19566E-01
    0.12991E-04   -0.16256E-04    0.20710E-04    0.51492E-03   -0.46116E-05    0.61050E-03    0.10585E-02   -0.11166E+02   -0.18142E+01    0.23433E+00    0.55870E+00    0.20078E+01    0.19687E+01    0.19558E-01    0.22543E-01    0.15875E-01    0.30291E-05   -0.12764E-03   -0.19234E+00   -0.24049E+01    0.42149E-01    0.32144E-02    0.10542E-01   -0.21776E-01   -0.19373E-01    0.40095E-01    0.10963E-01   -0.21447E-01    0.36879E-02   -0.11605E-01   -0.81687E-01    0.23545E-03   -0.23631E-01   -0.23459E-01   -0.61141E-02   -0.19820E-01   -0.68292E-02   -0.16478E-01   -0.68996E-02    0.22694E-01   -0.71310E-01   -0.86921E+00   -0.79764E+00   -0.98167E-01   -0.11778E+01    0.44572E-01    0.72114E-01   -0.18889E-02   -0.26209E-02    0.16414E-02    0.40320E-03   -0.28173E-02    0.33044E-03   -0.27261E-02    0.38085E-02    0.46128E-03   -0.17069E-02
   -0.12863E-05    0.98252E-05   -0.79037E-06   -0.26044E-04   -0.29739E-05   -0.46252E-04   -0.29384E-04   -0.67178E-01    0.32430E-01   -0.36836E+00    0.35665E-02    0.22044E+00    0.19558E-01    0.45029E-02    0.75738E-06    0.30918E-02   -0.22799E-06   -0.25074E-05   -0.13597E-02   -0.21625E-01    0.11963E-02    0.17670E-02    0.85645E-03   -0.84134E-04   -0.52194E-03    0.11618E-02   -0.24434E-02    0.66146E-03   -0.99504E-03    0.98800E-03   -0.19406E-02    0.95693E-03   -0.50889E-03   -0.27535E-03   -0.33874E-03    0.63724E-05   -0.63234E-03   -0.25574E-02   -0.33586E-02   -0.16261E-02   -0.12852E-02   -0.15311E+00   -0.86954E-02   -0.36330E-02   -0.10333E+00    0.45728E-03    0.16695E-02    0.35766E-03   -0.95164E-04    0.23383E-03   -0.31004E-04   -0.20830E-04   -0.47885E-04    0.25584E-04    0.13926E-04   -0.46731E-04    0.16051E-03
   -0.27029E-06    0.29292E-05   -0.54703E-06   -0.45321E-05   -0.23357E-05   -0.18393E-04   -0.64446E-05   -0.91535E-01    0.29237E-01   -0.38126E-01   -0.34545E-02    0.29936E-01    0.22543E-01    0.75738E-06    0.30407E-02   -0.21340E-03   -0.10562E-07    0.44562E-05   -0.70867E-03   -0.15302E-01    0.19749E-03   -0.16906E-03   -0.36994E-03   -0.46904E-03   -0.71001E-03   -0.19079E-02   -0.39374E-03   -0.59189E-03    0.51949E-03   -0.55297E-03    0.73303E-03   -0.86515E-03   -0.10408E-03   -0.16458E-03    0.21380E-03   -0.77543E-03   -0.93004E-03   -0.23872E-03    0.72104E-03    0.66379E-03    0.66786E-02   -0.11619E-02   -0.14264E-01    0.38305E-02    0.60930E-02    0.15590E-03    0.16144E-02   -0.44078E-03   -0.14735E-03   -0.15406E-03   -0.26042E-05    0.28887E-04   -0.32554E-05    0.28688E-04    0.58801E-04   -0.14725E-05    0.93349E-04
    0.80361E-06    0.69683E-07    0.38168E-06    0.23932E-04   -0.17173E-05    0.22040E-04    0.60420E-04   -0.10238E+00   -0.27924E-01   -0.45350E+00   -0.19565E-02    0.28489E+00    0.15875E-01    0.30918E-02   -0.21340E-03    0.51307E-02    0.12020E-06   -0.86959E-05   -0.54640E-02   -0.35158E-01    0.48022E-02   -0.56849E-02   -0.15018E-02   -0.13875E-02   -0.66957E-03    0.22042E-02    0.42039E-02   -0.38675E-02    0.94202E-02   -0.60853E-02   -0.72901E-02   -0.11498E-01   -0.43628E-03   -0.76001E-02   -0.71983E-02   -0.37638E-02   -0.57255E-03    0.31547E-02    0.66786E-02    0.10044E-01   -0.91498E-02   -0.19506E+00    0.30941E-02   -0.10668E-01   -0.13816E+00   -0.54313E-03   -0.12756E-03    0.26671E-03   -0.92135E-04    0.84995E-04   -0.11883E-04    0.17833E-04   -0.27581E-04    0.68392E-04    0.44350E-04   -0.39870E-04    0.17308E-03
    0.75204E-09    0.94999E-09    0.29756E-09   -0.27738E-07   -0.19605E-07   -0.95458E-07    0.26376E-07    0.12686E-02    0.11931E-04    0.38639E-04   -0.44200E-06    0.19449E-05    0.30291E-05   -0.22799E-06   -0.10562E-07    0.12020E-06    0.15508E-06    0.36692E-08   -0.17241E-05   -0.29779E-05   -0.26208E-04   -0.14279E-04    0.33573E-05   -0.56219E-06   -0.10962E-05    0.10876E-04    0.12861E-05    0.82572E-05    0.52338E-05   -0.47321E-06    0.60784E-05    0.69311E-06    0.28220E-06    0.22971E-05    0.69044E-06    0.94968E-05    0.10325E-04    0.32692E-06   -0.38548E-05    0.49033E-05   -0.37943E-05   -0.23996E-06    0.38098E-05   -0.18112E-05   -0.15388E-04   -0.51629E-06   -0.34021E-06    0.45957E-07   -0.11149E-05    0.47336E-07   -0.39488E-07   -0.27128E-08   -0.77546E-08    0.12341E-07    0.22699E-07   -0.23090E-07   -0.33414E-07
    0.45202E-11    0.35404E-07   -0.14736E-07    0.36099E-06   -0.43779E-07    0.14661E-06    0.11444E-05   -0.26635E-02   -0.10110E-02   -0.18138E-03    0.73823E-04    0.48524E-04   -0.12764E-03   -0.25074E-05    0.44562E-05   -0.86959E-05    0.36692E-08    0.11478E-05    0.24387E-04    0.87091E-04    0.85972E-04    0.43486E-04   -0.26759E-04   -0.27129E-04    0.62914E-05    0.41111E-03    0.34355E-04    0.98694E-05   -0.80986E-05    0.50768E-04   -0.35895E-03    0.28513E-04   -0.88080E-04    0.31612E-04   -0.10164E-04    0.66179E-04    0.72344E-04   -0.47815E-04   -0.93233E-04    0.12528E-06    0.50043E-04    0.31790E-03    0.58085E-04    0.24477E-04    0.37554E-03    0.49052E-05    0.18843E-05   -0.30423E-05   -0.29479E-06   -0.26603E-05    0.35079E-06    0.13298E-05    0.42988E-06    0.12298E-05   -0.14050E-06    0.46783E-06    0.15216E-05
   -0.38435E-05    0.18317E-04   -0.43856E-05   -0.13815E-03   -0.30809E-05   -0.17744E-03   -0.27811E-03    0.10498E+01    0.19129E+00    0.36290E-01    0.27622E-02   -0.36356E+00   -0.19234E+00   -0.13597E-02   -0.70867E-03   -0.54640E-02   -0.17241E-05    0.24387E-04    0.66349E-01    0.37531E+00   -0.67723E-02    0.41918E-03   -0.17290E-02    0.43790E-03    0.11993E-02   -0.83962E-02    0.23224E-03    0.35195E-02    0.10547E-03    0.30673E-02    0.14241E-01   -0.21402E-02    0.17095E-02    0.43592E-02    0.48113E-02    0.24637E-02    0.13201E-03    0.56026E-02    0.22632E-02   -0.68799E-03    0.60906E-01    0.14969E+00    0.53007E-02    0.56716E-01    0.20911E+00    0.44593E-02    0.82219E-02    0.11542E-02    0.29293E-04    0.17151E-03    0.38914E-04    0.27227E-03    0.38124E-04    0.25191E-03   -0.30245E-03    0.22624E-03    0.52530E-03
   -0.41437E-04   -0.67523E-04   -0.12532E-04   -0.20503E-02    0.12959E-03   -0.10196E-02   -0.46344E-02    0.82929E+01    0.34048E+00    0.12092E+01   -0.94709E+00   -0.44478E+01   -0.24049E+01   -0.21625E-01   -0.15302E-01   -0.35158E-01   -0.29779E-05    0.87091E-04    0.37531E+00    0.46471E+01   -0.48632E-01    0.22203E-01   -0.21367E-01    0.23733E-01    0.31900E-01   -0.29618E-01   -0.76860E-02    0.29339E-01   -0.22039E-01    0.22642E-01    0.76136E-01    0.10146E-01    0.13118E-01    0.48973E-01    0.42983E-01    0.22565E-01    0.12108E-01    0.21607E-01    0.38173E-02   -0.38382E-01    0.72777E-01    0.14902E+01    0.35021E+00    0.23455E+00    0.18279E+01   -0.50335E-01   -0.36038E-01    0.17414E-01   -0.43938E-03   -0.77530E-02    0.63938E-03    0.29906E-02    0.76671E-03    0.28709E-02   -0.82692E-03    0.14289E-02    0.23027E-02
   -0.14533E-04    0.17999E-03   -0.29635E-04   -0.42173E-03   -0.13862E-03   -0.72945E-03    0.78329E-04    0.16554E+02    0.28845E-01    0.12702E-01    0.95752E-03    0.16135E+00    0.42149E-01    0.11963E-02    0.19749E-03    0.48022E-02   -0.26208E-04    0.85972E-04   -0.67723E-02   -0.48632E-01    0.65508E+00   -0.13792E+00   -0.67961E-02    0.21082E-01    0.10547E-01    0.19873E+00   -0.39486E-01   -0.31734E-01   -0.22043E-01   -0.69402E-01    0.19672E-01    0.34290E-01   -0.32605E-01   -0.43132E-01   -0.12091E+00    0.16448E+00    0.47372E-01   -0.99558E-02    0.23184E-01    0.62533E-01   -0.41680E-02   -0.16501E+00   -0.17519E-01   -0.10888E-01   -0.14453E+00    0.27085E-03    0.17993E-02    0.26302E-03    0.15478E-03    0.57657E-04    0.23046E-04   -0.14798E-03    0.56764E-04   -0.18546E-03   -0.47242E-04   -0.67484E-04   -0.19362E-03
   -0.11855E-04    0.28181E-04   -0.45556E-05   -0.13583E-03   -0.44241E-04   -0.32430E-03   -0.11847E-03   -0.66679E+01   -0.10252E+00    0.31462E+00   -0.23962E-01   -0.20008E+00    0.32144E-02    0.17670E-02   -0.16906E-03   -0.56849E-02   -0.14279E-04    0.43486E-04    0.41918E-03    0.22203E-01   -0.13792E+00    0.91707E+00   -0.52392E-02    0.20102E-03    0.93296E-02   -0.14594E+00    0.19109E+00    0.66708E-01   -0.11737E-01    0.47993E-01   -0.11124E+00    0.24997E-01    0.20237E-01    0.11229E-01    0.17093E+00   -0.21704E+00    0.48069E-01    0.11048E+00    0.12246E-01   -0.21007E+00   -0.75926E-02    0.10562E+00   -0.50390E-02   -0.35615E-02    0.11576E+00   -0.22637E-02   -0.17811E-02    0.24688E-03    0.13072E-02    0.12724E-02   -0.17293E-03   -0.31176E-03   -0.11158E-03   -0.22173E-03    0.78957E-04   -0.24180E-03   -0.15622E-03
    0.26651E-05   -0.80089E-04    0.72442E-05    0.58279E-04    0.17519E-04    0.10950E-03   -0.82734E-04    0.14906E+00    0.43654E-01    0.11429E-01   -0.88241E-04   -0.16646E-01    0.10542E-01    0.85645E-03   -0.36994E-03   -0.15018E-02    0.33573E-05   -0.26759E-04   -0.17290E-02   -0.21367E-01   -0.67961E-02   -0.52392E-02    0.99782E+00    0.33010E-02   -0.47378E-02   -0.43194E-01   -0.36497E-01    0.16208E+00   -0.24030E-01    0.87438E-01   -0.82578E-02    0.41606E-01   -0.13111E-01   -0.85314E-02    0.10014E+00   -0.50903E-01    0.20031E-01    0.91922E-02   -0.18740E+00    0.88421E-01    0.47345E-02    0.17042E-01   -0.19755E-01    0.42645E-02    0.21599E-01    0.71075E-03    0.11186E-03   -0.12819E-03   -0.12543E-02    0.40837E-03   -0.10313E-03   -0.57600E-05   -0.27384E-04   -0.87154E-04    0.12849E-03   -0.84538E-04    0.52472E-04
   -0.17529E-05    0.52297E-05   -0.21314E-05   -0.15931E-03    0.25286E-04    0.50178E-04   -0.32066E-03    0.51844E+00    0.15815E-01   -0.22772E-01   -0.40333E-02   -0.50847E-01   -0.21776E-01   -0.84134E-04   -0.46904E-03   -0.13875E-02   -0.56219E-06   -0.27129E-04    0.43790E-03    0.23733E-01    0.21082E-01    0.20102E-03    0.33010E-02    0.10161E+01   -0.78399E-02    0.54649E-01   -0.84864E-01    0.83226E-01   -0.94705E-01    0.53890E-01    0.67532E-01    0.11732E+00    0.58486E-01    0.15486E+00   -0.10013E+00    0.81355E-01    0.48974E-01   -0.55564E-02   -0.11678E+00    0.54609E-01   -0.76013E-03    0.55289E-01    0.25707E-02    0.29175E-02    0.52085E-01   -0.86125E-04   -0.91020E-03   -0.95057E-05    0.92363E-03    0.77135E-03    0.28628E-04    0.11542E-03    0.36875E-04    0.14672E-03   -0.96665E-04    0.15617E-04    0.39924E-04
   -0.27666E-05    0.42959E-04   -0.65512E-05   -0.45224E-04    0.32239E-04   -0.38238E-04    0.24861E-04   -0.41966E+00   -0.29615E-01    0.77514E-01   -0.97233E-02   -0.71850E-01   -0.19373E-01   -0.52194E-03   -0.71001E-03   -0.66957E-03   -0.10962E-05    0.62914E-05    0.11993E-02    0.31900E-01    0.10547E-01    0.93296E-02   -0.47378E-02   -0.78399E-02    0.10049E+01    0.32993E-01    0.57849E-01   -0.40844E-01    0.63568E-01    0.81586E-01    0.69058E-01   -0.73743E-01   -0.85855E-01    0.56110E-01    0.59029E-01    0.92687E-01   -0.71939E-01    0.95662E-01   -0.15374E-01    0.11506E-01    0.10634E-02    0.26306E-01    0.28418E-02    0.16567E-02    0.31101E-01   -0.53166E-03   -0.97705E-03    0.24777E-03    0.41614E-03    0.18001E-02   -0.27344E-04   -0.10272E-03   -0.44518E-04   -0.11124E-04    0.37239E-04   -0.43649E-04    0.66494E-04
   -0.34467E-05    0.53920E-04   -0.15438E-04    0.13909E-03   -0.21151E-04    0.12633E-03    0.81192E-03   -0.21843E+01    0.18856E+00    0.10661E-01   -0.14384E-01    0.12795E-01    0.40095E-01    0.11618E-02   -0.19079E-02    0.22042E-02    0.10876E-04    0.41111E-03   -0.83962E-02   -0.29618E-01    0.19873E+00   -0.14594E+00   -0.43194E-01    0.54649E-01    0.32993E-01    0.77783E+00   -0.17866E-01   -0.10800E-02   -0.29473E-01   -0.31022E-01    0.78365E-01    0.11397E+00   -0.83129E-01    0.16472E-01   -0.74213E-01    0.62281E+00    0.23645E+00   -0.43170E-01   -0.35895E-01    0.70566E-01   -0.47588E-02   -0.18237E-01   -0.42203E-02    0.99125E-04   -0.65417E-01   -0.15032E-02   -0.90559E-03    0.75146E-03   -0.74701E-04    0.46467E-03    0.29251E-03    0.45206E-05    0.36286E-03    0.33314E-04    0.55945E-03    0.19448E-03    0.65851E-04
   -0.90510E-05    0.40010E-04   -0.79544E-05   -0.10523E-03    0.20622E-04   -0.90272E-05   -0.39523E-04   -0.44754E+01   -0.78025E-01    0.96422E-01   -0.10995E-03    0.57794E-01    0.10963E-01   -0.24434E-02   -0.39374E-03    0.42039E-02    0.12861E-05    0.34355E-04    0.23224E-03   -0.76860E-02   -0.39486E-01    0.19109E+00   -0.36497E-01   -0.84864E-01    0.57849E-01   -0.17866E-01    0.97649E+00    0.41288E-02   -0.28015E-02   -0.53697E-02    0.61389E-01   -0.12237E-01   -0.55222E-01   -0.34477E-01    0.14808E+00   -0.74020E-01    0.25219E+00    0.76324E+00    0.29495E+00   -0.19756E+00   -0.50851E-02   -0.11314E+00    0.17731E-01   -0.10142E-01   -0.11903E+00   -0.81405E-03   -0.76793E-04    0.26019E-03   -0.40907E-03   -0.12350E-02    0.17490E-04   -0.87522E-04    0.73669E-04   -0.11197E-03    0.17101E-03    0.84362E-04   -0.66206E-04
    0.50316E-05    0.79834E-06    0.86778E-06   -0.10241E-03   -0.26857E-04   -0.14684E-04   -0.17706E-03   -0.55585E+00   -0.19075E+00   -0.14362E-01   -0.57706E-02   -0.10647E+00   -0.21447E-01    0.66146E-03   -0.59189E-03   -0.38675E-02    0.82572E-05    0.98694E-05    0.35195E-02    0.29339E-01   -0.31734E-01    0.66708E-01    0.16208E+00    0.83226E-01   -0.40844E-01   -0.10800E-02    0.41288E-02    0.98707E+00    0.46052E-03    0.51119E-02    0.66572E-01   -0.31999E-01    0.13635E+00    0.15936E+00   -0.13527E+00   -0.20001E+00    0.62905E+00    0.13602E+00   -0.61106E+00    0.18303E+00    0.50439E-03    0.10738E+00   -0.10198E-01    0.51207E-02    0.11115E+00   -0.30810E-03   -0.55066E-04    0.11024E-03    0.23046E-02   -0.80612E-03    0.33853E-04    0.22604E-03    0.49685E-05    0.93262E-04    0.65663E-04    0.38796E-05    0.12906E-03
    0.23114E-05    0.34503E-04   -0.62309E-05    0.10158E-03   -0.40288E-04   -0.84822E-04    0.31801E-03   -0.88704E+00   -0.16145E+00   -0.25649E+00    0.15810E-01    0.33916E+00    0.36879E-02   -0.99504E-03    0.51949E-03    0.94202E-02    0.52338E-05   -0.80986E-05    0.10547E-03   -0.22039E-01   -0.22043E-01   -0.11737E-01   -0.24030E-01   -0.94705E-01    0.63568E-01   -0.29473E-01   -0.28015E-02    0.46052E-03    0.10071E+01   -0.11967E-02   -0.22717E-01   -0.10202E+00   -0.13955E+00   -0.26091E-01   -0.94553E-01   -0.90795E-01    0.73166E-01   -0.48789E-01    0.31070E+00    0.68233E+00   -0.42226E-02   -0.24308E+00    0.12823E-01   -0.16122E-01   -0.19798E+00    0.95980E-03    0.73741E-03   -0.88546E-04   -0.59359E-03    0.18344E-02   -0.22109E-04    0.18416E-03   -0.33171E-05    0.23240E-03    0.90961E-04   -0.55804E-04    0.30374E-03
    0.15320E-05   -0.15826E-04    0.78137E-05   -0.18272E-04    0.52985E-04    0.49534E-05   -0.13157E-03   -0.15299E+01    0.36466E-01    0.18960E+00   -0.43937E-02   -0.21149E+00   -0.11605E-01    0.98800E-03   -0.55297E-03   -0.60853E-02   -0.47321E-06    0.50768E-04    0.30673E-02    0.22642E-01   -0.69402E-01    0.47993E-01    0.87438E-01    0.53890E-01    0.81586E-01   -0.31022E-01   -0.53697E-02    0.51119E-02   -0.11967E-02    0.99921E+00   -0.66238E-01    0.78470E-01    0.44087E-01    0.15527E+00    0.14116E-01    0.98878E-01   -0.56739E+00    0.38556E+00   -0.35687E+00    0.21361E+00    0.59123E-02    0.17844E+00   -0.11165E-01    0.10713E-01    0.14342E+00    0.27610E-03    0.23369E-03   -0.12294E-03    0.34815E-05    0.11634E-02   -0.95418E-05   -0.36930E-04   -0.12849E-04   -0.56266E-04   -0.54823E-04   -0.62052E-04   -0.20387E-03
   -0.33562E-05   -0.10211E-04   -0.54687E-06    0.57365E-05    0.47730E-04    0.12806E-03   -0.21608E-04    0.35935E-01   -0.13133E+00    0.17010E+00    0.18470E-01   -0.18869E+00   -0.81687E-01   -0.19406E-02    0.73303E-03   -0.72901E-02    0.60784E-05   -0.35895E-03    0.14241E-01    0.76136E-01    0.19672E-01   -0.11124E+00   -0.82578E-02    0.67532E-01    0.69058E-01    0.78365E-01    0.61389E-01    0.66572E-01   -0.22717E-01   -0.66238E-01    0.85973E+00    0.86111E-02   -0.16320E-01    0.29783E-02    0.42644E-02    0.60065E+00    0.18060E+00    0.11909E+00    0.54784E-01   -0.90488E-01    0.25467E-01    0.20422E+00    0.35850E-01    0.19322E-01    0.26934E+00    0.90538E-03   -0.13869E-02   -0.10991E-02   -0.53098E-03    0.20214E-02    0.66366E-04    0.29171E-03    0.50288E-04    0.28515E-03   -0.35864E-03    0.17480E-03    0.61405E-03
   -0.29966E-05   -0.71587E-06   -0.36645E-05   -0.63577E-05   -0.36334E-04   -0.11793E-03    0.59413E-04    0.32911E+00    0.14732E+00    0.35376E+00   -0.10825E-01   -0.40826E+00    0.23545E-03    0.95693E-03   -0.86515E-03   -0.11498E-01    0.69311E-06    0.28513E-04   -0.21402E-02    0.10146E-01    0.34290E-01    0.24997E-01    0.41606E-01    0.11732E+00   -0.73743E-01    0.11397E+00   -0.12237E-01   -0.31999E-01   -0.10202E+00    0.78470E-01    0.86111E-02    0.97324E+00    0.13071E-01   -0.81770E-02   -0.69331E-02    0.95077E-01    0.16031E+00   -0.83145E-02    0.12862E+00    0.15344E+00    0.96008E-02    0.31859E+00    0.43354E-02    0.12996E-01    0.24505E+00   -0.87408E-03   -0.15220E-02   -0.22552E-03    0.14549E-02   -0.48389E-03    0.72458E-04   -0.14096E-03    0.11860E-05   -0.13090E-03   -0.19234E-03   -0.13319E-04   -0.35611E-03
    0.77139E-06   -0.43016E-04    0.95995E-05   -0.12815E-03    0.32948E-04    0.13246E-03   -0.40061E-03   -0.86736E-01   -0.70843E-01   -0.54377E-01   -0.64435E-02   -0.34806E-01   -0.23631E-01   -0.50889E-03   -0.10408E-03   -0.43628E-03    0.28220E-06   -0.88080E-04    0.17095E-02    0.13118E-01   -0.32605E-01    0.20237E-01   -0.13111E-01    0.58486E-01   -0.85855E-01   -0.83129E-01   -0.55222E-01    0.13635E+00   -0.13955E+00    0.44087E-01   -0.16320E-01    0.13071E-01    0.97516E+00    0.19682E-01   -0.69260E-03   -0.10734E+00    0.40247E-01    0.16193E+00    0.14751E-01   -0.50474E-01    0.31570E-02    0.23607E-01    0.97035E-02    0.32746E-04    0.46315E-01   -0.42964E-03   -0.88068E-03   -0.18439E-03    0.74781E-03   -0.61092E-03   -0.76160E-05    0.91060E-05   -0.25849E-04   -0.33260E-04   -0.80058E-04   -0.40075E-05    0.22421E-03
    0.21911E-05   -0.47468E-05   -0.52284E-06   -0.23247E-03    0.10688E-04   -0.98155E-05   -0.51151E-03   -0.11207E+01    0.29098E-02    0.26805E+00   -0.11997E-01   -0.31715E+00   -0.23459E-01   -0.27535E-03   -0.16458E-03   -0.76001E-02    0.22971E-05    0.31612E-04    0.43592E-02    0.48973E-01   -0.43132E-01    0.11229E-01   -0.85314E-02    0.15486E+00    0.56110E-01    0.16472E-01   -0.34477E-01    0.15936E+00   -0.26091E-01    0.15527E+00    0.29783E-02   -0.81770E-02    0.19682E-01    0.98113E+00    0.21687E-02   -0.12648E-02    0.25828E-01    0.12024E+00   -0.27726E+00    0.13032E+00    0.11868E-01    0.24704E+00   -0.29241E-01    0.14941E-01    0.20272E+00    0.14034E-03    0.22771E-03   -0.14551E-03    0.71564E-03   -0.36498E-03    0.41686E-04    0.75026E-04    0.15816E-04   -0.22996E-04   -0.24516E-03   -0.95394E-04   -0.23217E-03
   -0.24335E-05   -0.36610E-04    0.14814E-06   -0.84297E-04    0.23405E-04    0.26258E-04   -0.36535E-03   -0.35037E+01    0.10163E+00    0.33877E+00   -0.10040E-01   -0.29671E+00   -0.61141E-02   -0.33874E-03    0.21380E-03   -0.71983E-02    0.69044E-06   -0.10164E-04    0.48113E-02    0.42983E-01   -0.12091E+00    0.17093E+00    0.10014E+00   -0.10013E+00    0.59029E-01   -0.74213E-01    0.14808E+00   -0.13527E+00   -0.94553E-01    0.14116E-01    0.42644E-02   -0.69331E-02   -0.69260E-03    0.21687E-02    0.97837E+00   -0.42311E-01   -0.55730E-01    0.35197E-01    0.17428E+00   -0.97740E-01    0.89294E-02    0.22087E+00   -0.67670E-02    0.95250E-02    0.16700E+00   -0.47749E-03    0.21332E-03    0.15577E-04   -0.73428E-03    0.88826E-03   -0.50759E-04   -0.10728E-03   -0.19710E-04   -0.61178E-04    0.19582E-03    0.21165E-04   -0.15924E-03
   -0.47445E-05    0.26045E-04   -0.96394E-05    0.13536E-03    0.30612E-04    0.18306E-03    0.60219E-03   -0.10746E+01    0.12965E+00    0.12968E+00    0.34190E-02   -0.12146E+00   -0.19820E-01    0.63724E-05   -0.77543E-03   -0.37638E-02    0.94968E-05    0.66179E-04    0.24637E-02    0.22565E-01    0.16448E+00   -0.21704E+00   -0.50903E-01    0.81355E-01    0.92687E-01    0.62281E+00   -0.74020E-01   -0.20001E+00   -0.90795E-01    0.98878E-01    0.60065E+00    0.95077E-01   -0.10734E+00   -0.12648E-02   -0.42311E-01    0.94886E+00   -0.14893E-01    0.14258E-01    0.15185E-01   -0.31001E-01    0.14357E-01    0.13534E+00    0.18454E-01    0.14369E-01    0.13645E+00   -0.27888E-03   -0.14291E-02   -0.24009E-03   -0.10074E-02    0.23105E-02    0.25103E-03    0.15189E-03    0.29548E-03    0.20038E-03    0.12176E-03    0.24755E-03    0.39557E-03
   -0.13874E-05    0.29095E-04   -0.98371E-05   -0.35015E-04   -0.48361E-04    0.27838E-04    0.17992E-03   -0.17981E+01   -0.15613E+00    0.19741E-01   -0.83194E-02   -0.57113E-01   -0.68292E-02   -0.63234E-03   -0.93004E-03   -0.57255E-03    0.10325E-04    0.72344E-04    0.13201E-03    0.12108E-01    0.47372E-01    0.48069E-01    0.20031E-01    0.48974E-01   -0.71939E-01    0.23645E+00    0.25219E+00    0.62905E+00    0.73166E-01   -0.56739E+00    0.18060E+00    0.16031E+00    0.40247E-01    0.25828E-01   -0.55730E-01   -0.14893E-01    0.98925E+00   -0.74740E-03    0.15839E-01   -0.82615E-03   -0.25509E-03    0.29853E-01    0.69915E-02   -0.13090E-03    0.29277E-01   -0.10114E-02   -0.10618E-02    0.23152E-03    0.19209E-02   -0.16167E-02    0.12178E-03    0.14171E-03    0.11650E-03    0.56709E-04    0.23564E-03    0.11080E-03    0.18245E-03
   -0.64887E-05    0.28782E-04   -0.31102E-05   -0.21255E-03    0.36321E-04   -0.22770E-04   -0.29917E-03   -0.24130E+01   -0.11817E+00    0.15998E+00    0.93089E-02   -0.58645E-02   -0.16478E-01   -0.25574E-02   -0.23872E-03    0.31547E-02    0.32692E-06   -0.47815E-04    0.56026E-02    0.21607E-01   -0.99558E-02    0.11048E+00    0.91922E-02   -0.55564E-02    0.95662E-01   -0.43170E-01    0.76324E+00    0.13602E+00   -0.48789E-01    0.38556E+00    0.11909E+00   -0.83145E-02    0.16193E+00    0.12024E+00    0.35197E-01    0.14258E-01   -0.74740E-03    0.98482E+00   -0.13706E-01   -0.75518E-02    0.16336E-02   -0.51142E-01    0.18166E-01   -0.45407E-02   -0.52304E-01    0.12199E-03    0.55608E-03   -0.54910E-04   -0.12312E-03   -0.83407E-03    0.37598E-04    0.89046E-05    0.67423E-04   -0.72108E-04    0.15558E-04    0.92045E-04   -0.29914E-04
   -0.74526E-05    0.21836E-04   -0.72526E-05    0.46567E-04   -0.32663E-05   -0.40957E-04    0.16019E-03   -0.32011E+00   -0.10051E-01    0.14045E+00    0.51996E-02    0.10739E+00   -0.68996E-02   -0.33586E-02    0.72104E-03    0.66786E-02   -0.38548E-05   -0.93233E-04    0.22632E-02    0.38173E-02    0.23184E-01    0.12246E-01   -0.18740E+00   -0.11678E+00   -0.15374E-01   -0.35895E-01    0.29495E+00   -0.61106E+00    0.31070E+00   -0.35687E+00    0.54784E-01    0.12862E+00    0.14751E-01   -0.27726E+00    0.17428E+00    0.15185E-01    0.15839E-01   -0.13706E-01    0.98320E+00    0.11740E-02    0.11365E-02   -0.15422E+00    0.32930E-01   -0.87802E-02   -0.13084E+00   -0.77403E-04   -0.72579E-03   -0.21803E-03   -0.79725E-03   -0.25046E-03   -0.39607E-04   -0.15714E-03   -0.27865E-04   -0.62209E-04   -0.38171E-04    0.22141E-04    0.70987E-04
    0.51211E-05    0.31689E-04   -0.58895E-05    0.13027E-04   -0.51294E-04   -0.96939E-04    0.16000E-03    0.21111E+01    0.57394E-01   -0.25405E+00    0.22748E-01    0.33743E+00    0.22694E-01   -0.16261E-02    0.66379E-03    0.10044E-01    0.49033E-05    0.12528E-06   -0.68799E-03   -0.38382E-01    0.62533E-01   -0.21007E+00    0.88421E-01    0.54609E-01    0.11506E-01    0.70566E-01   -0.19756E+00    0.18303E+00    0.68233E+00    0.21361E+00   -0.90488E-01    0.15344E+00   -0.50474E-01    0.13032E+00   -0.97740E-01   -0.31001E-01   -0.82615E-03   -0.75518E-02    0.11740E-02    0.98674E+00   -0.56224E-02   -0.23549E+00   -0.92931E-02   -0.13824E-01   -0.20672E+00    0.19171E-02    0.25227E-02   -0.32151E-04    0.96180E-03    0.11644E-02    0.66195E-04    0.17672E-03    0.32212E-04    0.19282E-03    0.89242E-04   -0.86669E-04    0.18295E-03
    0.10214E-04    0.21821E-06   -0.99216E-06    0.42642E-03   -0.31408E-04    0.56554E-04    0.87364E-03    0.42568E+00    0.29948E+00    0.18548E+00    0.53865E-01   -0.35438E+00   -0.71310E-01   -0.12852E-02    0.66786E-02   -0.91498E-02   -0.37943E-05    0.50043E-04    0.60906E-01    0.72777E-01   -0.41680E-02   -0.75926E-02    0.47345E-02   -0.76013E-03    0.10634E-02   -0.47588E-02   -0.50851E-02    0.50439E-03   -0.42226E-02    0.59123E-02    0.25467E-01    0.96008E-02    0.31570E-02    0.11868E-01    0.89294E-02    0.14357E-01   -0.25509E-03    0.16336E-02    0.11365E-02   -0.56224E-02    0.33997E+00    0.20150E+00    0.13703E-01    0.15328E+00    0.52362E+00    0.12107E-01    0.15917E-01   -0.47763E-02   -0.26169E-02   -0.30426E-02    0.61401E-03    0.10571E-04    0.72230E-03   -0.22283E-04   -0.44198E-03    0.11027E-03    0.14076E-02
    0.88551E-04   -0.63756E-03    0.58811E-04    0.19946E-02    0.17292E-04    0.21479E-02    0.22781E-02    0.15000E+01   -0.13077E+01    0.18301E+02   -0.21274E+00   -0.12166E+02   -0.86921E+00   -0.15311E+00   -0.11619E-02   -0.19506E+00   -0.23996E-06    0.31790E-03    0.14969E+00    0.14902E+01   -0.16501E+00    0.10562E+00    0.17042E-01    0.55289E-01    0.26306E-01   -0.18237E-01   -0.11314E+00    0.10738E+00   -0.24308E+00    0.17844E+00    0.20422E+00    0.31859E+00    0.23607E-01    0.24704E+00    0.22087E+00    0.13534E+00    0.29853E-01   -0.51142E-01   -0.15422E+00   -0.23549E+00    0.20150E+00    0.16279E+02    0.14950E+00    0.37910E+00    0.59243E+01   -0.97003E-02   -0.46400E-01   -0.11817E-01    0.14926E-01    0.88215E-02    0.19410E-02    0.21950E-01    0.26930E-02    0.13546E-01    0.45570E-03    0.30662E-02   -0.78623E-02
    0.23578E-04   -0.56349E-04    0.27293E-05    0.64434E-03   -0.32581E-04    0.32366E-03    0.13403E-02    0.51514E+01    0.96371E+00   -0.78869E+00   -0.21582E+00   -0.10607E+00   -0.79764E+00   -0.86954E-02   -0.14264E-01    0.30941E-02    0.38098E-05    0.58085E-04    0.53007E-02    0.35021E+00   -0.17519E-01   -0.50390E-02   -0.19755E-01    0.25707E-02    0.28418E-02   -0.42203E-02    0.17731E-01   -0.10198E-01    0.12823E-01   -0.11165E-01    0.35850E-01    0.43354E-02    0.97035E-02   -0.29241E-01   -0.67670E-02    0.18454E-01    0.69915E-02    0.18166E-01    0.32930E-01   -0.92931E-02    0.13703E-01    0.14950E+00    0.22514E+01   -0.37305E-02    0.27273E+00   -0.92032E-01   -0.10823E+00   -0.40910E-02    0.68395E-02    0.50339E-02   -0.44922E-03    0.12536E-02   -0.41211E-03    0.12581E-02    0.57097E-03    0.86096E-04    0.75057E-03
    0.22001E-04   -0.46139E-04    0.27440E-05    0.69848E-03   -0.55394E-04    0.23270E-03    0.13008E-02   -0.28338E+00   -0.19906E+00    0.53272E+00   -0.20241E-01   -0.70556E+00   -0.98167E-01   -0.36330E-02    0.38305E-02   -0.10668E-01   -0.18112E-05    0.24477E-04    0.56716E-01    0.23455E+00   -0.10888E-01   -0.35615E-02    0.42645E-02    0.29175E-02    0.16567E-02    0.99125E-04   -0.10142E-01    0.51207E-02   -0.16122E-01    0.10713E-01    0.19322E-01    0.12996E-01    0.32746E-04    0.14941E-01    0.95250E-02    0.14369E-01   -0.13090E-03   -0.45407E-02   -0.87802E-02   -0.13824E-01    0.15328E+00    0.37910E+00   -0.37305E-02    0.24026E+00    0.37448E+00    0.65854E-02    0.14115E-01   -0.28520E-03   -0.42471E-03    0.14619E-02    0.20040E-03   -0.48226E-04    0.18142E-03   -0.15147E-03    0.40540E-03    0.26169E-03    0.14406E-03
    0.10337E-03   -0.56037E-03    0.48076E-04    0.27315E-02   -0.13825E-03    0.16298E-02    0.39608E-02    0.45275E+01   -0.10170E+01    0.87352E+01   -0.73140E-01   -0.77976E+01   -0.11778E+01   -0.10333E+00    0.60930E-02   -0.13816E+00   -0.15388E-04    0.37554E-03    0.20911E+00    0.18279E+01   -0.14453E+00    0.11576E+00    0.21599E-01    0.52085E-01    0.31101E-01   -0.65417E-01   -0.11903E+00    0.11115E+00   -0.19798E+00    0.14342E+00    0.26934E+00    0.24505E+00    0.46315E-01    0.20272E+00    0.16700E+00    0.13645E+00    0.29277E-01   -0.52304E-01   -0.13084E+00   -0.20672E+00    0.52362E+00    0.59243E+01    0.27273E+00    0.37448E+00    0.16713E+02   -0.32783E-02   -0.58464E-01   -0.24640E-01   -0.57332E-02   -0.20033E-01    0.21005E-02    0.31959E-02    0.22625E-02    0.15040E-02    0.75300E-03    0.50129E-02    0.30248E-01
   -0.62395E-06    0.36247E-05   -0.82969E-07    0.14728E-05   -0.14883E-05   -0.16706E-04   -0.47500E-06   -0.40965E-01    0.10678E-01   -0.54650E-01    0.49183E-01    0.60669E-01    0.44572E-01    0.45728E-03    0.15590E-03   -0.54313E-03   -0.51629E-06    0.49052E-05    0.44593E-02   -0.50335E-01    0.27085E-03   -0.22637E-02    0.71075E-03   -0.86125E-04   -0.53166E-03   -0.15032E-02   -0.81405E-03   -0.30810E-03    0.95980E-03    0.27610E-03    0.90538E-03   -0.87408E-03   -0.42964E-03    0.14034E-03   -0.47749E-03   -0.27888E-03   -0.10114E-02    0.12199E-03   -0.77403E-04    0.19171E-02    0.12107E-01   -0.97003E-02   -0.92032E-01    0.65854E-02   -0.32783E-02    0.84369E-02    0.79027E-02   -0.18054E-03   -0.29589E-03   -0.96584E-04    0.18402E-04   -0.13905E-04    0.13736E-04   -0.13196E-04   -0.79942E-04    0.37376E-04    0.10946E-03
