# omegabh2 omegach2 theta tau logA ns calPlanck aps100 aps143 aps217 acib217 asz143 psr xi aksz dust100 dust143 dust217 dust143x217 cal0 cal2 bm_1_1
    0.6836972E-07   -0.4612433E-06    0.7696385E-07    0.4238764E-05    0.7487231E-05    0.1400035E-05   -0.7516999E-09   -0.1397746E-02   -0.7889178E-03    0.2810660E-03   -0.3969410E-03    0.7607467E-04    0.1190709E-05    0.2996604E-05   -0.1208956E-03    0.3508682E-06    0.9593441E-07    0.2735303E-05   -0.1328090E-05    0.3710154E-08   -0.4704960E-07   -0.1083615E-05
   -0.4612433E-06    0.6450433E-05   -0.7747494E-06   -0.5385255E-04   -0.9242274E-04   -0.1718200E-04    0.1021395E-08    0.8891840E-02    0.5541571E-02   -0.1977735E-02    0.2833295E-02   -0.4848678E-03   -0.5126894E-05   -0.2040592E-04    0.8213475E-03   -0.5565239E-05    0.7821889E-06   -0.1976485E-04    0.7974909E-05   -0.8086775E-07    0.3495122E-06    0.1958733E-05
    0.7696385E-07   -0.7747494E-06    0.2726878E-06    0.7891931E-05    0.1413689E-04    0.2397453E-05   -0.4532515E-08   -0.1375368E-02   -0.7218177E-03    0.2688004E-03   -0.3835173E-03    0.7025372E-04    0.2033545E-05    0.5768743E-05   -0.1330125E-03   -0.9066175E-07   -0.3834314E-06    0.2633810E-05   -0.1433507E-05    0.7202749E-08   -0.4263351E-07   -0.3109014E-05
    0.4238764E-05   -0.5385255E-04    0.7891931E-05    0.6058724E-03    0.1069605E-02    0.1561010E-03   -0.5784331E-05   -0.1000767E+00   -0.5611368E-01    0.1919606E-01   -0.2928049E-01    0.4828693E-02    0.5644328E-04    0.2319796E-03   -0.8355224E-02    0.8468586E-05    0.4832365E-04    0.1800868E-03   -0.9434566E-04   -0.1136520E-06   -0.3767180E-05   -0.1253963E-03
    0.7487231E-05   -0.9242274E-04    0.1413689E-04    0.1069605E-02    0.1919797E-02    0.2696111E-03    0.7966976E-06   -0.1738462E+00   -0.9714683E-01    0.4036856E-01   -0.5219448E-01    0.8752047E-02    0.1347979E-03    0.4746080E-03   -0.1585486E-01   -0.5788955E-05    0.4596260E-04    0.3452515E-03   -0.1765812E-03    0.1312636E-06   -0.6796860E-05   -0.2900769E-03
    0.1400035E-05   -0.1718200E-04    0.2397453E-05    0.1561010E-03    0.2696111E-03    0.5741519E-04   -0.9518030E-07   -0.4834745E-01   -0.2128300E-01    0.1516224E-01   -0.1389833E-01    0.2164848E-02    0.6459625E-04    0.1209448E-03   -0.4634486E-02    0.3288215E-04    0.3553886E-05    0.9880087E-04   -0.4507299E-04   -0.2185318E-06   -0.1591594E-05    0.1798893E-05
   -0.7516999E-09    0.1021395E-08   -0.4532515E-08   -0.5784331E-05    0.7966976E-06   -0.9518030E-07    0.6166068E-05    0.3176103E-02    0.8006880E-03    0.1100548E-02    0.7552623E-03    0.2440670E-04    0.2146035E-05    0.4113891E-05    0.1112266E-04    0.1790402E-05    0.1662125E-05    0.7128489E-05   -0.1931045E-05    0.1708980E-07   -0.3816870E-07   -0.1935754E-04
   -0.1397746E-02    0.8891840E-02   -0.1375368E-02   -0.1000767E+00   -0.1738462E+00   -0.4834745E-01    0.3176103E-02    0.5101217E+03    0.7058992E+02   -0.6854293E+02    0.3995748E+02   -0.2229158E+02   -0.8645940E+00   -0.1701295E+00    0.1013183E+02   -0.3486986E-01    0.4688355E-01   -0.8511479E-01   -0.1595304E+00    0.5640448E-02    0.8963691E-02    0.1348330E+01
   -0.7889178E-03    0.5541571E-02   -0.7218177E-03   -0.5611368E-01   -0.9714683E-01   -0.2128300E-01    0.8006880E-03    0.7058992E+02    0.6089347E+02    0.7561471E+01    0.8698940E+01   -0.2673667E+01    0.2023863E+00    0.7448398E+00   -0.5469490E+01   -0.2080316E-01   -0.1566887E+00   -0.8575020E-01    0.1403743E+00    0.2700570E-03   -0.1923477E-03    0.9638141E-01
    0.2810660E-03   -0.1977735E-02    0.2688004E-03    0.1919606E-01    0.4036856E-01    0.1516224E-01    0.1100548E-02   -0.6854293E+02    0.7561471E+01    0.1684348E+03   -0.7781112E+02    0.4775689E+01    0.5075464E+00    0.4508159E+00   -0.8988546E+01   -0.5998816E-02   -0.2433278E-01    0.6079054E+00   -0.8489134E-01    0.1253284E-02   -0.1129364E-01    0.1025829E+00
   -0.3969410E-03    0.2833295E-02   -0.3835173E-03   -0.2928049E-01   -0.5219448E-01   -0.1389833E-01    0.7552623E-03    0.3995748E+02    0.8698940E+01   -0.7781112E+02    0.4693443E+02    0.1224734E+00   -0.8907841E-01   -0.3347028E+00   -0.1277317E+01   -0.5921164E-03    0.3170362E-01   -0.4823519E+00   -0.2040748E-01   -0.3603072E-03    0.5000393E-02    0.8587960E-02
    0.7607467E-04   -0.4848678E-03    0.7025372E-04    0.4828693E-02    0.8752047E-02    0.2164848E-02    0.2440670E-04   -0.2229158E+02   -0.2673667E+01    0.4775689E+01    0.1224734E+00    0.3572999E+01    0.1354160E+00   -0.7080853E-01   -0.2904122E+01   -0.5874146E-02   -0.1433701E-01   -0.4331839E-01    0.5393790E-01    0.3826717E-03   -0.1058841E-02    0.4400573E-01
    0.1190709E-05   -0.5126894E-05    0.2033545E-05    0.5644328E-04    0.1347979E-03    0.6459625E-04    0.2146035E-05   -0.8645940E+00    0.2023863E+00    0.5075464E+00   -0.8907841E-01    0.1354160E+00    0.1246613E-01    0.1508297E-01   -0.1560886E+00   -0.3198472E-03   -0.1281790E-03   -0.1543953E-02    0.4089138E-03    0.1726916E-04   -0.4322817E-04    0.2105876E-02
    0.2996604E-05   -0.2040592E-04    0.5768743E-05    0.2319796E-03    0.4746080E-03    0.1209448E-03    0.4113891E-05   -0.1701295E+00    0.7448398E+00    0.4508159E+00   -0.3347028E+00   -0.7080853E-01    0.1508297E-01    0.7940973E-01    0.7151689E-01   -0.2462669E-03   -0.9411904E-03    0.5657601E-04    0.1349736E-02    0.1146585E-04   -0.3245649E-04   -0.4352384E-03
   -0.1208956E-03    0.8213475E-03   -0.1330125E-03   -0.8355224E-02   -0.1585486E-01   -0.4634486E-02    0.1112266E-04    0.1013183E+02   -0.5469490E+01   -0.8988546E+01   -0.1277317E+01   -0.2904122E+01   -0.1560886E+00    0.7151689E-01    0.6951925E+01   -0.2108700E-03    0.6291923E-02    0.4526781E-01   -0.5133472E-01   -0.2805116E-03    0.7850300E-03   -0.5456636E-01
    0.3508682E-06   -0.5565239E-05   -0.9066175E-07    0.8468586E-05   -0.5788955E-05    0.3288215E-04    0.1790402E-05   -0.3486986E-01   -0.2080316E-01   -0.5998816E-02   -0.5921164E-03   -0.5874146E-02   -0.3198472E-03   -0.2462669E-03   -0.2108700E-03    0.3688336E-01    0.4081479E-02   -0.2364240E-03    0.5703852E-03    0.4085216E-04   -0.7229567E-05   -0.6747956E-03
    0.9593441E-07    0.7821889E-06   -0.3834314E-06    0.4832365E-04    0.4596260E-04    0.3553886E-05    0.1662125E-05    0.4688355E-01   -0.1566887E+00   -0.2433278E-01    0.3170362E-01   -0.1433701E-01   -0.1281790E-03   -0.9411904E-03    0.6291923E-02    0.4081479E-02    0.3316554E-01   -0.2920937E-02    0.2710672E-02   -0.5742943E-04   -0.6903756E-04   -0.2437799E-02
    0.2735303E-05   -0.1976485E-04    0.2633810E-05    0.1800868E-03    0.3452515E-03    0.9880087E-04    0.7128489E-05   -0.8511479E-01   -0.8575020E-01    0.6079054E+00   -0.4823519E+00   -0.4331839E-01   -0.1543953E-02    0.5657601E-04    0.4526781E-01   -0.2364240E-03   -0.2920937E-02    0.1353521E-01    0.1154091E-01    0.9748914E-06    0.6658678E-04   -0.5118265E-03
   -0.1328090E-05    0.7974909E-05   -0.1433507E-05   -0.9434566E-04   -0.1765812E-03   -0.4507299E-04   -0.1931045E-05   -0.1595304E+00    0.1403743E+00   -0.8489134E-01   -0.2040748E-01    0.5393790E-01    0.4089138E-03    0.1349736E-02   -0.5133472E-01    0.5703852E-03    0.2710672E-02    0.1154091E-01    0.3206014E-01    0.5565791E-05    0.8900056E-04    0.1425356E-03
    0.3710154E-08   -0.8086775E-07    0.7202749E-08   -0.1136520E-06    0.1312636E-06   -0.2185318E-06    0.1708980E-07    0.5640448E-02    0.2700570E-03    0.1253284E-02   -0.3603072E-03    0.3826717E-03    0.1726916E-04    0.1146585E-04   -0.2805116E-03    0.4085216E-04   -0.5742943E-04    0.9748914E-06    0.5565791E-05    0.9241121E-06   -0.5611435E-07   -0.6934753E-04
   -0.4704960E-07    0.3495122E-06   -0.4263351E-07   -0.3767180E-05   -0.6796860E-05   -0.1591594E-05   -0.3816870E-07    0.8963691E-02   -0.1923477E-03   -0.1129364E-01    0.5000393E-02   -0.1058841E-02   -0.4322817E-04   -0.3245649E-04    0.7850300E-03   -0.7229567E-05   -0.6903756E-04    0.6658678E-04    0.8900056E-04   -0.5611435E-07    0.3120430E-05   -0.1199026E-04
   -0.1083615E-05    0.1958733E-05   -0.3109014E-05   -0.1253963E-03   -0.2900769E-03    0.1798893E-05   -0.1935754E-04    0.1348330E+01    0.9638141E-01    0.1025829E+00    0.8587960E-02    0.4400573E-01    0.2105876E-02   -0.4352384E-03   -0.5456636E-01   -0.6747956E-03   -0.2437799E-02   -0.5118265E-03    0.1425356E-03   -0.6934753E-04   -0.1199026E-04    0.1003747E+01
