# omegabh2 omegach2 theta tau ns logA asz
    0.31336E-06   -0.29100E-06    0.91934E-06    0.23530E-05    0.62423E-05    0.68215E-05    0.40902E-04
   -0.29100E-06    0.30828E-04    0.13071E-05   -0.19478E-04   -0.22966E-04    0.75512E-04   -0.35844E-03
    0.91934E-06    0.13071E-05    0.73753E-05    0.46738E-05    0.19869E-04    0.28116E-04    0.10318E-04
    0.23530E-05   -0.19478E-04    0.46738E-05    0.22739E-03    0.80468E-04    0.41273E-03    0.19108E-03
    0.62423E-05   -0.22966E-04    0.19869E-04    0.80468E-04    0.19407E-03    0.18127E-03   -0.68871E-03
    0.68215E-05    0.75512E-04    0.28116E-04    0.41273E-03    0.18127E-03    0.12619E-02   -0.30490E-02
    0.40902E-04   -0.35844E-03    0.10318E-04    0.19108E-03   -0.68871E-03   -0.30490E-02    0.33548E+00
