# omegabh2 omegach2 theta tau nnu logA ns calPlanck acib217 xi asz143 aps100 aps143 aps143217 aps217 aksz kgal100 kgal143 kgal143217 kgal217 cal0 cal2
    0.1351255E-06    0.6823741E-06   -0.3489507E-07    0.4693351E-05    0.9068535E-04    0.1141167E-04    0.4916197E-05    0.3570393E-07    0.2175995E-03   -0.5632745E-05   -0.2624641E-04    0.7298438E-03    0.1774304E-03   -0.9073070E-04   -0.2222988E-03    0.6478338E-04    0.2255851E-04    0.1177563E-04    0.2712659E-04   -0.1698443E-04    0.2335312E-08    0.3000935E-07
    0.6823741E-06    0.1681665E-04   -0.1524494E-05    0.1411195E-04    0.1082383E-02    0.7056994E-04    0.3653362E-04   -0.6608248E-07    0.6008667E-02   -0.1116303E-03   -0.1259567E-02    0.2326455E-01    0.1142216E-01    0.2094271E-02   -0.2330662E-02    0.2102626E-02    0.2787993E-03    0.2260917E-03    0.6897450E-03   -0.7860143E-03   -0.9100473E-07    0.6421215E-06
   -0.3489507E-07   -0.1524494E-05    0.3176941E-06   -0.3063341E-06   -0.9525719E-04   -0.4208560E-05   -0.2798347E-05    0.2762403E-07   -0.5860505E-03    0.9103869E-05    0.1248938E-03   -0.2163109E-02   -0.1132971E-02   -0.2499138E-03    0.2121970E-03   -0.2085010E-03   -0.2090138E-04   -0.1636216E-04   -0.6356498E-04    0.9324634E-04    0.1143577E-07   -0.6414577E-07
    0.4693351E-05    0.1411195E-04   -0.3063341E-06    0.4636748E-03    0.3100860E-02    0.9675764E-03    0.2030103E-03   -0.1324301E-06   -0.1930222E-02   -0.2379900E-04    0.1431083E-02   -0.1507995E-01   -0.3346349E-02    0.2103305E-02    0.2902232E-02   -0.3029448E-02   -0.1550847E-03   -0.3732517E-03    0.6824845E-03    0.1193775E-02   -0.3622104E-07   -0.2063271E-07
    0.9068535E-04    0.1082383E-02   -0.9525719E-04    0.3100860E-02    0.1009184E+00    0.9045424E-02    0.4543375E-02    0.1721072E-04    0.4885754E+00   -0.9352505E-02   -0.9411327E-01    0.1782630E+01    0.8184448E+00    0.9959047E-01   -0.2530211E+00    0.1665222E+00    0.2106408E-01    0.1219877E-01    0.5253709E-01   -0.6466081E-01   -0.3831313E-05    0.5566593E-04
    0.1141167E-04    0.7056994E-04   -0.4208560E-05    0.9675764E-03    0.9045424E-02    0.2153047E-02    0.5042568E-03    0.1238789E-04    0.1119553E-01   -0.3056013E-03   -0.1440632E-03    0.3490365E-01    0.2408583E-01    0.1293128E-01    0.6350936E-02   -0.1717045E-02    0.1581110E-03   -0.7321663E-03    0.2681836E-02    0.1931818E-02    0.1856165E-07    0.1424021E-05
    0.4916197E-05    0.3653362E-04   -0.2798347E-05    0.2030103E-03    0.4543375E-02    0.5042568E-03    0.2457445E-03    0.1483614E-05    0.1517062E-01   -0.2937938E-03   -0.2349203E-02    0.4373907E-01    0.2398625E-01    0.4828894E-02   -0.6348120E-02    0.4072651E-02    0.1108021E-02    0.3558010E-03    0.1703444E-02   -0.1971016E-02   -0.3328024E-06    0.1858459E-05
    0.3570393E-07   -0.6608248E-07    0.2762403E-07   -0.1324301E-06    0.1721072E-04    0.1238789E-04    0.1483614E-05    0.6336205E-05    0.7238915E-03   -0.7525981E-05    0.1327255E-03    0.2915805E-02    0.4460358E-03    0.7062650E-03    0.1489531E-02   -0.1231907E-03   -0.1891413E-04    0.1037460E-04    0.4596786E-04    0.6836419E-03    0.1270696E-07   -0.6700968E-07
    0.2175995E-03    0.6008667E-02   -0.5860505E-03   -0.1930222E-02    0.4885754E+00    0.1119553E-01    0.1517062E-01    0.7238915E-03    0.5125500E+02   -0.5193769E+00   -0.1813960E+01    0.5135546E+02    0.5584876E+01   -0.1944695E+02   -0.6700527E+02    0.1047395E+01   -0.8972188E-01    0.3214807E+00   -0.2496381E+01   -0.2494792E+02   -0.9201538E-04    0.4722267E-02
   -0.5632745E-05   -0.1116303E-03    0.9103869E-05   -0.2379900E-04   -0.9352505E-02   -0.3056013E-03   -0.2937938E-03   -0.7525981E-05   -0.5193769E+00    0.8143537E-01   -0.6593179E-01   -0.5835082E+00    0.8474532E+00    0.1675954E+01    0.7330148E+00    0.5574985E-01   -0.3325083E-02    0.5871862E-02    0.6923710E-01    0.1011204E+00    0.7125638E-05   -0.2506548E-04
   -0.2624641E-04   -0.1259567E-02    0.1248938E-03    0.1431083E-02   -0.9411327E-01   -0.1440632E-03   -0.2349203E-02    0.1327255E-03   -0.1813960E+01   -0.6593179E-01    0.3853438E+01   -0.3079045E+02   -0.4448365E+01    0.7506898E+01    0.6546092E+01   -0.2985352E+01   -0.2196085E+00    0.4493659E-01    0.2492857E+01    0.2124852E+01    0.1833258E-03   -0.4095763E-03
    0.7298438E-03    0.2326455E-01   -0.2163109E-02   -0.1507995E-01    0.1782630E+01    0.3490365E-01    0.4373907E-01    0.2915805E-02    0.5135546E+02   -0.5835082E+00   -0.3079045E+02    0.7682010E+03    0.8433598E+02   -0.5457940E+02   -0.7396251E+02    0.1744065E+02   -0.3780926E+00    0.5036420E-01   -0.1190241E+02   -0.1921987E+02    0.5035784E-02    0.5626152E-02
    0.1774304E-03    0.1142216E-01   -0.1132971E-02   -0.3346349E-02    0.8184448E+00    0.2408583E-01    0.2398625E-01    0.4460358E-03    0.5584876E+01    0.8474532E+00   -0.4448365E+01    0.8433598E+02    0.6777072E+02    0.4396574E+02    0.1647170E+02   -0.3357546E+01   -0.3848581E+00   -0.6530102E+00    0.4738377E+01    0.3929690E+01    0.1069030E-03    0.7528734E-03
   -0.9073070E-04    0.2094271E-02   -0.2499138E-03    0.2103305E-02    0.9959047E-01    0.1293128E-01    0.4828894E-02    0.7062650E-03   -0.1944695E+02    0.1675954E+01    0.7506898E+01   -0.5457940E+02    0.4396574E+02    0.9193909E+02    0.6552778E+02   -0.1227396E+02   -0.7853308E+00   -0.2463640E+00    0.4917354E+01    0.6270488E+01    0.6658165E-03   -0.2489630E-02
   -0.2222988E-03   -0.2330662E-02    0.2121970E-03    0.2902232E-02   -0.2530211E+00    0.6350936E-02   -0.6348120E-02    0.1489531E-02   -0.6700527E+02    0.7330148E+00    0.6546092E+01   -0.7396251E+02    0.1647170E+02    0.6552778E+02    0.1267032E+03   -0.1085843E+02   -0.2889014E+00   -0.5109271E+00    0.6680808E+00    0.2240425E+02    0.4647097E-03   -0.7791177E-02
    0.6478338E-04    0.2102626E-02   -0.2085010E-03   -0.3029448E-02    0.1665222E+00   -0.1717045E-02    0.4072651E-02   -0.1231907E-03    0.1047395E+01    0.5574985E-01   -0.2985352E+01    0.1744065E+02   -0.3357546E+01   -0.1227396E+02   -0.1085843E+02    0.6719106E+01    0.1637952E+00   -0.1286157E+00   -0.2141317E+01   -0.1834191E+01   -0.1132426E-03    0.2949062E-03
    0.2255851E-04    0.2787993E-03   -0.2090138E-04   -0.1550847E-03    0.2106408E-01    0.1581110E-03    0.1108021E-02   -0.1891413E-04   -0.8972188E-01   -0.3325083E-02   -0.2196085E+00   -0.3780926E+00   -0.3848581E+00   -0.7853308E+00   -0.2889014E+00    0.1637952E+00    0.3233660E+01    0.7109199E+00    0.2385072E+00    0.4356436E+00    0.4110243E-03   -0.1123770E-04
    0.1177563E-04    0.2260917E-03   -0.1636216E-04   -0.3732517E-03    0.1219877E-01   -0.7321663E-03    0.3558010E-03    0.1037460E-04    0.3214807E+00    0.5871862E-02    0.4493659E-01    0.5036420E-01   -0.6530102E+00   -0.2463640E+00   -0.5109271E+00   -0.1286157E+00    0.7109199E+00    0.3074494E+01    0.2384617E+01    0.1422615E+01   -0.4120316E-03   -0.1969823E-03
    0.2712659E-04    0.6897450E-03   -0.6356498E-04    0.6824845E-03    0.5253709E-01    0.2681836E-02    0.1703444E-02    0.4596786E-04   -0.2496381E+01    0.6923710E-01    0.2492857E+01   -0.1190241E+02    0.4738377E+01    0.4917354E+01    0.6680808E+00   -0.2141317E+01    0.2385072E+00    0.2384617E+01    0.1810193E+02    0.2745370E+02   -0.7811220E-04    0.2524931E-02
   -0.1698443E-04   -0.7860143E-03    0.9324634E-04    0.1193775E-02   -0.6466081E-01    0.1931818E-02   -0.1971016E-02    0.6836419E-03   -0.2494792E+02    0.1011204E+00    0.2124852E+01   -0.1921987E+02    0.3929690E+01    0.6270488E+01    0.2240425E+02   -0.1834191E+01    0.4356436E+00    0.1422615E+01    0.2745370E+02    0.6198083E+02   -0.6728403E-04    0.4356075E-02
    0.2335312E-08   -0.9100473E-07    0.1143577E-07   -0.3622104E-07   -0.3831313E-05    0.1856165E-07   -0.3328024E-06    0.1270696E-07   -0.9201538E-04    0.7125638E-05    0.1833258E-03    0.5035784E-02    0.1069030E-03    0.6658165E-03    0.4647097E-03   -0.1132426E-03    0.4110243E-03   -0.4120316E-03   -0.7811220E-04   -0.6728403E-04    0.5542818E-06    0.2152658E-07
    0.3000935E-07    0.6421215E-06   -0.6414577E-07   -0.2063271E-07    0.5566593E-04    0.1424021E-05    0.1858459E-05   -0.6700968E-07    0.4722267E-02   -0.2506548E-04   -0.4095763E-03    0.5626152E-02    0.7528734E-03   -0.2489630E-02   -0.7791177E-02    0.2949062E-03   -0.1123770E-04   -0.1969823E-03    0.2524931E-02    0.4356075E-02    0.2152658E-07    0.2102610E-05
