# omegabh2 omegach2 theta tau Alens logA ns calPlanck acib217 xi asz143 aps100 aps143 aps143217 aps217 aksz kgal100 kgal143 kgal143217 kgal217 galfEE100 galfEE100143 galfEE100217 galfEE143 galfEE143217 galfEE217 galfTE100 galfTE100143 galfTE100217 galfTE143 galfTE143217 galfTE217 cal0 cal2
    0.2677201E-07   -0.1675199E-06    0.2471054E-07    0.1620278E-06    0.2722355E-05    0.3175839E-07    0.4185778E-06    0.1268987E-07   -0.1077207E-03    0.1997128E-05    0.3138810E-04   -0.4416727E-03   -0.2529475E-03   -0.5414947E-04    0.3531020E-04   -0.4830998E-04    0.2725873E-05    0.4738874E-06   -0.7789862E-05    0.6952558E-05    0.1120542E-06    0.3729819E-07   -0.1263945E-07    0.4150987E-07    0.4665786E-07   -0.3657559E-07   -0.4972777E-06   -0.1945386E-06   -0.2747186E-06   -0.4646978E-07   -0.4587000E-06   -0.1794712E-05    0.4983043E-08   -0.1163888E-07
   -0.1675199E-06    0.2378968E-05   -0.2252053E-06   -0.2881830E-05   -0.3313057E-04   -0.3041160E-06   -0.5825993E-05   -0.1158803E-06    0.5700502E-03   -0.8980529E-05   -0.2092369E-03    0.3051039E-02    0.1783264E-02    0.6515287E-03    0.1258877E-03    0.2484998E-03   -0.5361125E-04   -0.1504621E-04    0.3911947E-04    0.4753316E-04   -0.1462901E-05   -0.4983739E-06    0.1603427E-06   -0.5577099E-06   -0.2873035E-06    0.1194086E-05    0.3033178E-05    0.1063200E-05    0.8414359E-06    0.7524431E-07    0.3143504E-05    0.1330412E-04   -0.1478480E-07    0.9308246E-07
    0.2471054E-07   -0.2252053E-06    0.1060842E-06    0.3699771E-06    0.4310505E-05    0.3463743E-06    0.6838318E-06    0.2254307E-07   -0.3994465E-04    0.1292793E-05    0.2396463E-04   -0.4309337E-03   -0.2015270E-03   -0.6394540E-04   -0.3945004E-04   -0.3319657E-04   -0.1928565E-06   -0.7352084E-06   -0.7572609E-05   -0.1409394E-04    0.1221231E-06    0.4197649E-07    0.5700173E-10    0.6471022E-07    0.8668532E-07   -0.3196100E-06   -0.2591212E-06   -0.1731970E-06   -0.4945568E-06   -0.1019874E-06   -0.5251822E-06   -0.1822149E-05   -0.1173536E-08   -0.8645959E-08
    0.1620278E-06   -0.2881830E-05    0.3699771E-06    0.3942291E-03   -0.7402313E-03    0.7787644E-03    0.1476911E-04    0.6554514E-07   -0.3140792E-02    0.1034552E-03    0.5897973E-03   -0.1400455E-01   -0.3651124E-02   -0.2070541E-03    0.1526098E-02   -0.1486999E-02    0.2791742E-03    0.5320071E-04    0.1744382E-02    0.3085252E-02    0.1362411E-06    0.4178686E-06   -0.7140662E-06    0.5686659E-07    0.2741308E-05   -0.1770241E-05   -0.6734530E-05    0.9265579E-05    0.8942854E-05    0.1460865E-04   -0.5886308E-05   -0.8043199E-04    0.4040660E-07   -0.1069022E-07
    0.2722355E-05   -0.3313057E-04    0.4310505E-05   -0.7402313E-03    0.2676955E-02   -0.1572558E-02    0.7306101E-04   -0.7441209E-05   -0.7605707E-02    0.4930499E-04    0.3082853E-02   -0.5132779E-01   -0.2971763E-01   -0.1472784E-01   -0.8504178E-02   -0.1192951E-02    0.1855782E-02    0.1632628E-02   -0.2657640E-02   -0.5742141E-02    0.2444269E-04    0.5600394E-05   -0.9190909E-05    0.4538939E-05    0.1445863E-04   -0.7848864E-05   -0.5384753E-04   -0.3533488E-04   -0.8388389E-04   -0.1508396E-04   -0.5244046E-04   -0.1471305E-03   -0.2227944E-06   -0.1855412E-05
    0.3175839E-07   -0.3041160E-06    0.3463743E-06    0.7787644E-03   -0.1572558E-02    0.1579472E-02    0.1362408E-04    0.1245376E-04   -0.4932974E-02    0.2425979E-03    0.5475390E-03   -0.1433101E-01   -0.9109139E-03    0.3695704E-02    0.8801584E-02   -0.2801759E-02    0.3743028E-03   -0.2793252E-03    0.3224575E-02    0.7860806E-02   -0.2136714E-05   -0.5204988E-06   -0.1713055E-05   -0.6341648E-06    0.6735681E-05    0.1939830E-05   -0.1140414E-04    0.2043274E-04   -0.2572993E-05    0.3046129E-04   -0.1206632E-04   -0.1465435E-03    0.3030991E-06    0.1362084E-06
    0.4185778E-06   -0.5825993E-05    0.6838318E-06    0.1476911E-04    0.7306101E-04    0.1362408E-04    0.2443152E-04   -0.3221669E-07   -0.5629858E-02    0.1305333E-03    0.1419554E-02   -0.2735406E-01   -0.8172595E-02    0.2532700E-02    0.6043488E-02   -0.3004253E-02    0.1677577E-03   -0.2405011E-03   -0.8142506E-03   -0.3245249E-04    0.6451443E-05    0.2361408E-05   -0.4958025E-07    0.2858749E-05   -0.9366282E-06   -0.5687015E-05   -0.2707565E-05   -0.3911868E-06    0.9330664E-05   -0.2294470E-06   -0.5058677E-05   -0.2682221E-04   -0.1405334E-06   -0.6728012E-06
    0.1268987E-07   -0.1158803E-06    0.2254307E-07    0.6554514E-07   -0.7441209E-05    0.1245376E-04   -0.3221669E-07    0.6265267E-05    0.8675360E-03    0.5421829E-05   -0.8758482E-04    0.4211979E-02    0.7975303E-03    0.1487681E-03    0.9277769E-03    0.2134595E-03    0.8757771E-04    0.7038098E-04    0.2174192E-04    0.6830876E-03    0.1048898E-05    0.7695396E-07   -0.2552630E-06    0.5069648E-06    0.1048708E-05    0.1785207E-05   -0.1486378E-05    0.4298171E-06   -0.1161484E-04    0.7684817E-06   -0.2623098E-05   -0.8071923E-05    0.1107352E-07    0.2961554E-08
   -0.1077207E-03    0.5700502E-03   -0.3994465E-04   -0.3140792E-02   -0.7605707E-02   -0.4932974E-02   -0.5629858E-02    0.8675360E-03    0.4813264E+02   -0.4692211E+00   -0.1327679E+01    0.4034219E+02   -0.2362069E+00   -0.2055806E+02   -0.6527108E+02    0.6734387E-01   -0.2893647E+00    0.4139982E+00   -0.3266523E+01   -0.2529425E+02   -0.1025694E-02   -0.3302338E-03   -0.8576871E-03    0.1732196E-04    0.1246207E-02   -0.2539656E-03    0.1285826E-02    0.1404204E-02    0.8928182E-02   -0.5908248E-03   -0.1160558E-02    0.4751120E-02   -0.1923964E-03    0.4291271E-02
    0.1997128E-05   -0.8980529E-05    0.1292793E-05    0.1034552E-03    0.4930499E-04    0.2425979E-03    0.1305333E-03    0.5421829E-05   -0.4692211E+00    0.8156863E-01   -0.7909255E-01   -0.3919694E+00    0.9750800E+00    0.1745326E+01    0.6894904E+00    0.8325189E-01   -0.6959997E-02    0.4760479E-02    0.1054549E+00    0.1196540E+00    0.2742133E-04    0.1039380E-05    0.2256010E-05   -0.1149624E-04    0.2011250E-04   -0.6094617E-04    0.1744280E-04    0.1373776E-03   -0.2218298E-03    0.3602457E-04   -0.1631230E-03   -0.4542338E-03    0.7407019E-05   -0.1180259E-04
    0.3138810E-04   -0.2092369E-03    0.2396463E-04    0.5897973E-03    0.3082853E-02    0.5475390E-03    0.1419554E-02   -0.8758482E-04   -0.1327679E+01   -0.7909255E-01    0.3753266E+01   -0.2847583E+02   -0.3683861E+01    0.7608520E+01    0.6562859E+01   -0.2745486E+01   -0.2124288E+00    0.8185735E-01    0.2344289E+01    0.1850327E+01    0.3793892E-03    0.1457956E-03    0.1117110E-03    0.3259064E-03    0.2238763E-03    0.4262238E-03   -0.1589436E-02   -0.1030098E-02    0.6857064E-02   -0.5555253E-03   -0.2653869E-03    0.1340996E-02    0.1845409E-03   -0.3596800E-03
   -0.4416727E-03    0.3051039E-02   -0.4309337E-03   -0.1400455E-01   -0.5132779E-01   -0.1433101E-01   -0.2735406E-01    0.4211979E-02    0.4034219E+02   -0.3919694E+00   -0.2847583E+02    0.7028320E+03    0.6415070E+02   -0.5750692E+02   -0.6836251E+02    0.1299884E+02    0.1614114E+00   -0.4240122E+00   -0.1350686E+02   -0.1988861E+02   -0.7719932E-02   -0.1673634E-02   -0.2327157E-02   -0.2603325E-02   -0.3336515E-02   -0.4717860E-02    0.4289074E-01    0.4655588E-02   -0.3505149E-01    0.3636068E-02    0.6273953E-02    0.2103163E-01    0.4519812E-02    0.4025493E-02
   -0.2529475E-03    0.1783264E-02   -0.2015270E-03   -0.3651124E-02   -0.2971763E-01   -0.9109139E-03   -0.8172595E-02    0.7975303E-03   -0.2362069E+00    0.9750800E+00   -0.3683861E+01    0.6415070E+02    0.5691485E+02    0.4091679E+02    0.1741935E+02   -0.4503399E+01   -0.5325425E+00   -0.1070009E+01    0.4064799E+01    0.4619586E+01   -0.2557277E-02   -0.9080710E-03    0.2959437E-03   -0.1357615E-02    0.5643453E-03    0.2466791E-02    0.9345621E-03    0.3858369E-02   -0.6493892E-02    0.4192095E-03    0.9279622E-03    0.1693271E-01    0.1676928E-03    0.2796456E-03
   -0.5414947E-04    0.6515287E-03   -0.6394540E-04   -0.2070541E-03   -0.1472784E-01    0.3695704E-02    0.2532700E-02    0.1487681E-03   -0.2055806E+02    0.1745326E+01    0.7608520E+01   -0.5750692E+02    0.4091679E+02    0.9184782E+02    0.6495396E+02   -0.1213831E+02   -0.1065716E+01   -0.5496841E+00    0.4331197E+01    0.5561065E+01   -0.7397993E-05    0.1241039E-03    0.1549281E-02    0.3447417E-03   -0.1029261E-02   -0.7124066E-03   -0.1194629E-02    0.7900929E-03    0.2915074E-01   -0.1000213E-02   -0.8654475E-03    0.1689529E-01    0.6971419E-03   -0.2488139E-02
    0.3531020E-04    0.1258877E-03   -0.3945004E-04    0.1526098E-02   -0.8504178E-02    0.8801584E-02    0.6043488E-02    0.9277769E-03   -0.6527108E+02    0.6894904E+00    0.6562859E+01   -0.6836251E+02    0.1741935E+02    0.6495396E+02    0.1247322E+03   -0.1045177E+02   -0.3380150E+00   -0.8530141E+00    0.7451093E+00    0.2229582E+02    0.1427962E-02    0.4819682E-03    0.1737516E-02    0.4922786E-03   -0.2593661E-02    0.2059868E-02   -0.2885360E-02   -0.2656081E-02    0.7574849E-02    0.6844512E-03    0.4488561E-02    0.1472473E-01    0.6176852E-03   -0.7579232E-02
   -0.4830998E-04    0.2484998E-03   -0.3319657E-04   -0.1486999E-02   -0.1192951E-02   -0.2801759E-02   -0.3004253E-02    0.2134595E-03    0.6734387E-01    0.8325189E-01   -0.2745486E+01    0.1299884E+02   -0.4503399E+01   -0.1213831E+02   -0.1045177E+02    0.6246082E+01    0.2326188E+00   -0.1251836E-01   -0.1731680E+01   -0.1018432E+01   -0.6718832E-03   -0.3757193E-03   -0.3042590E-03   -0.5806733E-03    0.7803997E-03    0.8689200E-03    0.7957786E-03    0.5145241E-03   -0.1219120E-01    0.3961325E-03   -0.4857918E-04   -0.7622368E-02   -0.1209853E-03    0.2212179E-03
    0.2725873E-05   -0.5361125E-04   -0.1928565E-06    0.2791742E-03    0.1855782E-02    0.3743028E-03    0.1677577E-03    0.8757771E-04   -0.2893647E+00   -0.6959997E-02   -0.2124288E+00    0.1614114E+00   -0.5325425E+00   -0.1065716E+01   -0.3380150E+00    0.2326188E+00    0.3191351E+01    0.7969274E+00    0.4583833E+00    0.7961131E+00   -0.2089761E-04    0.8323672E-06   -0.2785624E-03   -0.1061647E-03    0.6542815E-03    0.5502857E-03   -0.5392047E-02    0.5218719E-04   -0.3263759E-02    0.1102813E-02   -0.1758844E-03   -0.2647212E-02    0.4454843E-03    0.1151330E-05
    0.4738874E-06   -0.1504621E-04   -0.7352084E-06    0.5320071E-04    0.1632628E-02   -0.2793252E-03   -0.2405011E-03    0.7038098E-04    0.4139982E+00    0.4760479E-02    0.8185735E-01   -0.4240122E+00   -0.1070009E+01   -0.5496841E+00   -0.8530141E+00   -0.1251836E-01    0.7969274E+00    0.3092274E+01    0.2445814E+01    0.1389788E+01   -0.1309790E-04   -0.3848812E-04   -0.2069316E-03   -0.9786997E-04    0.3050489E-03    0.8663497E-03    0.1371562E-02   -0.2247946E-03   -0.3782016E-02    0.1343946E-02   -0.6115718E-03   -0.5994852E-02   -0.4009206E-03   -0.1766138E-03
   -0.7789862E-05    0.3911947E-04   -0.7572609E-05    0.1744382E-02   -0.2657640E-02    0.3224575E-02   -0.8142506E-03    0.2174192E-04   -0.3266523E+01    0.1054549E+00    0.2344289E+01   -0.1350686E+02    0.4064799E+01    0.4331197E+01    0.7451093E+00   -0.1731680E+01    0.4583833E+00    0.2445814E+01    0.1804841E+02    0.2750578E+02   -0.2147203E-03   -0.2873326E-03   -0.9257116E-04   -0.4614786E-03    0.1850438E-02    0.2325292E-02    0.9435961E-04    0.8700223E-03   -0.9008070E-02    0.3425422E-03   -0.4846024E-02   -0.1186462E-01   -0.5133321E-04    0.2543632E-02
    0.6952558E-05    0.4753316E-04   -0.1409394E-04    0.3085252E-02   -0.5742141E-02    0.7860806E-02   -0.3245249E-04    0.6830876E-03   -0.2529425E+02    0.1196540E+00    0.1850327E+01   -0.1988861E+02    0.4619586E+01    0.5561065E+01    0.2229582E+02   -0.1018432E+01    0.7961131E+00    0.1389788E+01    0.2750578E+02    0.6223880E+02   -0.1243316E-03   -0.3448086E-03    0.2138693E-03   -0.6976775E-03    0.1892437E-02    0.1774168E-02    0.1418301E-02    0.5564731E-03   -0.1490814E-01   -0.5331305E-03   -0.7747019E-02   -0.2069731E-01   -0.1922481E-04    0.4475514E-02
    0.1120542E-06   -0.1462901E-05    0.1221231E-06    0.1362411E-06    0.2444269E-04   -0.2136714E-05    0.6451443E-05    0.1048898E-05   -0.1025694E-02    0.2742133E-04    0.3793892E-03   -0.7719932E-02   -0.2557277E-02   -0.7397993E-05    0.1427962E-02   -0.6718832E-03   -0.2089761E-04   -0.1309790E-04   -0.2147203E-03   -0.1243316E-03    0.1257417E-03    0.1033872E-04    0.1157433E-05    0.2689838E-05   -0.7985210E-07   -0.1709415E-05   -0.1472367E-04   -0.2857669E-05   -0.2868658E-04    0.1038760E-05   -0.1065736E-04   -0.2052377E-04   -0.8897746E-07   -0.1543485E-06
    0.3729819E-07   -0.4983739E-06    0.4197649E-07    0.4178686E-06    0.5600394E-05   -0.5204988E-06    0.2361408E-05    0.7695396E-07   -0.3302338E-03    0.1039380E-05    0.1457956E-03   -0.1673634E-02   -0.9080710E-03    0.1241039E-03    0.4819682E-03   -0.3757193E-03    0.8323672E-06   -0.3848812E-04   -0.2873326E-03   -0.3448086E-03    0.1033872E-04    0.1381476E-04    0.1802597E-06    0.6426089E-05   -0.9810588E-06   -0.1183321E-05   -0.1861598E-05   -0.4577820E-06    0.2011459E-05    0.8780679E-06    0.2027490E-05    0.7803664E-05   -0.6505897E-08   -0.1039062E-06
   -0.1263945E-07    0.1603427E-06    0.5700173E-10   -0.7140662E-06   -0.9190909E-05   -0.1713055E-05   -0.4958025E-07   -0.2552630E-06   -0.8576871E-03    0.2256010E-05    0.1117110E-03   -0.2327157E-02    0.2959437E-03    0.1549281E-02    0.1737516E-02   -0.3042590E-03   -0.2785624E-03   -0.2069316E-03   -0.9257116E-04    0.2138693E-03    0.1157433E-05    0.1802597E-06    0.2251656E-03    0.1087089E-05    0.5646957E-06    0.6360891E-05   -0.6116257E-05   -0.3066549E-05    0.3153213E-05    0.4190609E-06    0.3578095E-05    0.1759268E-04   -0.5653822E-07   -0.1799391E-06
    0.4150987E-07   -0.5577099E-06    0.6471022E-07    0.5686659E-07    0.4538939E-05   -0.6341648E-06    0.2858749E-05    0.5069648E-06    0.1732196E-04   -0.1149624E-04    0.3259064E-03   -0.2603325E-02   -0.1357615E-02    0.3447417E-03    0.4922786E-03   -0.5806733E-03   -0.1061647E-03   -0.9786997E-04   -0.4614786E-03   -0.6976775E-03    0.2689838E-05    0.6426089E-05    0.1087089E-05    0.3023498E-04   -0.2190686E-05   -0.5188804E-05    0.2098502E-05    0.3506024E-06    0.8245715E-05   -0.1452983E-05    0.1044405E-05    0.9579002E-05   -0.4177861E-07   -0.1264434E-06
    0.4665786E-07   -0.2873035E-06    0.8668532E-07    0.2741308E-05    0.1445863E-04    0.6735681E-05   -0.9366282E-06    0.1048708E-05    0.1246207E-02    0.2011250E-04    0.2238763E-03   -0.3336515E-02    0.5643453E-03   -0.1029261E-02   -0.2593661E-02    0.7803997E-03    0.6542815E-03    0.3050489E-03    0.1850438E-02    0.1892437E-02   -0.7985210E-07   -0.9810588E-06    0.5646957E-06   -0.2190686E-05    0.3939923E-03    0.1551103E-04   -0.2934335E-04   -0.7209969E-05   -0.3567905E-04    0.2038418E-05   -0.2220244E-04   -0.8038500E-04    0.1506615E-06    0.5034200E-06
   -0.3657559E-07    0.1194086E-05   -0.3196100E-06   -0.1770241E-05   -0.7848864E-05    0.1939830E-05   -0.5687015E-05    0.1785207E-05   -0.2539656E-03   -0.6094617E-04    0.4262238E-03   -0.4717860E-02    0.2466791E-02   -0.7124066E-03    0.2059868E-02    0.8689200E-03    0.5502857E-03    0.8663497E-03    0.2325292E-02    0.1774168E-02   -0.1709415E-05   -0.1183321E-05    0.6360891E-05   -0.5188804E-05    0.1551103E-04    0.3529822E-02   -0.4663112E-04    0.3563343E-05   -0.8469825E-04    0.1643731E-04   -0.1082313E-04   -0.3086997E-04    0.8069833E-08    0.1488849E-06
   -0.4972777E-06    0.3033178E-05   -0.2591212E-06   -0.6734530E-05   -0.5384753E-04   -0.1140414E-04   -0.2707565E-05   -0.1486378E-05    0.1285826E-02    0.1744280E-04   -0.1589436E-02    0.4289074E-01    0.9345621E-03   -0.1194629E-02   -0.2885360E-02    0.7957786E-03   -0.5392047E-02    0.1371562E-02    0.9435961E-04    0.1418301E-02   -0.1472367E-04   -0.1861598E-05   -0.6116257E-05    0.2098502E-05   -0.2934335E-04   -0.4663112E-04    0.5831046E-02    0.1837112E-02    0.1635785E-02   -0.6929303E-03   -0.1023131E-03   -0.7066892E-04    0.1742527E-05    0.2829394E-06
   -0.1945386E-06    0.1063200E-05   -0.1731970E-06    0.9265579E-05   -0.3533488E-04    0.2043274E-04   -0.3911868E-06    0.4298171E-06    0.1404204E-02    0.1373776E-03   -0.1030098E-02    0.4655588E-02    0.3858369E-02    0.7900929E-03   -0.2656081E-02    0.5145241E-03    0.5218719E-04   -0.2247946E-03    0.8700223E-03    0.5564731E-03   -0.2857669E-05   -0.4577820E-06   -0.3066549E-05    0.3506024E-06   -0.7209969E-05    0.3563343E-05    0.1837112E-02    0.1232515E-02    0.7334293E-03    0.2053994E-03    0.9669996E-05   -0.1830113E-03   -0.1156175E-06    0.3006476E-06
   -0.2747186E-06    0.8414359E-06   -0.4945568E-06    0.8942854E-05   -0.8388389E-04   -0.2572993E-05    0.9330664E-05   -0.1161484E-04    0.8928182E-02   -0.2218298E-03    0.6857064E-02   -0.3505149E-01   -0.6493892E-02    0.2915074E-01    0.7574849E-02   -0.1219120E-01   -0.3263759E-02   -0.3782016E-02   -0.9008070E-02   -0.1490814E-01   -0.2868658E-04    0.2011459E-05    0.3153213E-05    0.8245715E-05   -0.3567905E-04   -0.8469825E-04    0.1635785E-02    0.7334293E-03    0.3284074E-01   -0.5803584E-03    0.1468150E-02    0.1120764E-01   -0.1061626E-05   -0.5562959E-06
   -0.4646978E-07    0.7524431E-07   -0.1019874E-06    0.1460865E-04   -0.1508396E-04    0.3046129E-04   -0.2294470E-06    0.7684817E-06   -0.5908248E-03    0.3602457E-04   -0.5555253E-03    0.3636068E-02    0.4192095E-03   -0.1000213E-02    0.6844512E-03    0.3961325E-03    0.1102813E-02    0.1343946E-02    0.3425422E-03   -0.5331305E-03    0.1038760E-05    0.8780679E-06    0.4190609E-06   -0.1452983E-05    0.2038418E-05    0.1643731E-04   -0.6929303E-03    0.2053994E-03   -0.5803584E-03    0.1384333E-02    0.1749053E-03   -0.3209816E-03    0.1149403E-06    0.7047203E-07
   -0.4587000E-06    0.3143504E-05   -0.5251822E-06   -0.5886308E-05   -0.5244046E-04   -0.1206632E-04   -0.5058677E-05   -0.2623098E-05   -0.1160558E-02   -0.1631230E-03   -0.2653869E-03    0.6273953E-02    0.9279622E-03   -0.8654475E-03    0.4488561E-02   -0.4857918E-04   -0.1758844E-03   -0.6115718E-03   -0.4846024E-02   -0.7747019E-02   -0.1065736E-04    0.2027490E-05    0.3578095E-05    0.1044405E-05   -0.2220244E-04   -0.1082313E-04   -0.1023131E-03    0.9669996E-05    0.1468150E-02    0.1749053E-03    0.5079147E-02    0.4017686E-02   -0.1987405E-06   -0.1463272E-05
   -0.1794712E-05    0.1330412E-04   -0.1822149E-05   -0.8043199E-04   -0.1471305E-03   -0.1465435E-03   -0.2682221E-04   -0.8071923E-05    0.4751120E-02   -0.4542338E-03    0.1340996E-02    0.2103163E-01    0.1693271E-01    0.1689529E-01    0.1472473E-01   -0.7622368E-02   -0.2647212E-02   -0.5994852E-02   -0.1186462E-01   -0.2069731E-01   -0.2052377E-04    0.7803664E-05    0.1759268E-04    0.9579002E-05   -0.8038500E-04   -0.3086997E-04   -0.7066892E-04   -0.1830113E-03    0.1120764E-01   -0.3209816E-03    0.4017686E-02    0.3575341E-01   -0.7710046E-08   -0.5806217E-05
    0.4983043E-08   -0.1478480E-07   -0.1173536E-08    0.4040660E-07   -0.2227944E-06    0.3030991E-06   -0.1405334E-06    0.1107352E-07   -0.1923964E-03    0.7407019E-05    0.1845409E-03    0.4519812E-02    0.1676928E-03    0.6971419E-03    0.6176852E-03   -0.1209853E-03    0.4454843E-03   -0.4009206E-03   -0.5133321E-04   -0.1922481E-04   -0.8897746E-07   -0.6505897E-08   -0.5653822E-07   -0.4177861E-07    0.1506615E-06    0.8069833E-08    0.1742527E-05   -0.1156175E-06   -0.1061626E-05    0.1149403E-06   -0.1987405E-06   -0.7710046E-08    0.5326166E-06    0.8608540E-08
   -0.1163888E-07    0.9308246E-07   -0.8645959E-08   -0.1069022E-07   -0.1855412E-05    0.1362084E-06   -0.6728012E-06    0.2961554E-08    0.4291271E-02   -0.1180259E-04   -0.3596800E-03    0.4025493E-02    0.2796456E-03   -0.2488139E-02   -0.7579232E-02    0.2212179E-03    0.1151330E-05   -0.1766138E-03    0.2543632E-02    0.4475514E-02   -0.1543485E-06   -0.1039062E-06   -0.1799391E-06   -0.1264434E-06    0.5034200E-06    0.1488849E-06    0.2829394E-06    0.3006476E-06   -0.5562959E-06    0.7047203E-07   -0.1463272E-05   -0.5806217E-05    0.8608540E-08    0.2072691E-05
