# omegabh2 omegach2 theta tau yhe ns logA aps100 aps143 aps217 acib143 acib217 asz143 psr cibr ncib cal0 cal2 xi aksz bm_1_1 bm_1_2 bm_1_3 bm_1_4 bm_1_5 bm_2_1 bm_2_2 bm_2_3 bm_2_4 bm_2_5 bm_3_1 bm_3_2 bm_3_3 bm_3_4 bm_3_5 bm_4_1 bm_4_2 bm_4_3 bm_4_4 bm_4_5 a_ps_act_148 a_ps_act_217 a_ps_spt_95 a_ps_spt_150 a_ps_spt_220 r_ps_spt_95x150 r_ps_spt_95x220 r_ps_150x220 act_dust_s act_dust_e cal_acts_148 cal_acts_217 cal_acte_148 cal_acte_217 cal_spt_95 cal_spt_150 cal_spt_220
    0.99166E-07   -0.14393E-06    0.18570E-06    0.12083E-05    0.40678E-05    0.21857E-05    0.33258E-05    0.53769E-03    0.22938E-03    0.19648E-03    0.23616E-05   -0.72826E-05    0.34916E-05    0.58084E-06    0.25102E-06   -0.34609E-06    0.21260E-08    0.32619E-08    0.10669E-05    0.16610E-04    0.73983E-05   -0.13580E-04   -0.65475E-05    0.39442E-06    0.43067E-05    0.11007E-04   -0.78249E-05    0.29968E-06    0.42711E-05    0.12648E-05    0.46439E-05   -0.29163E-05   -0.27333E-05   -0.11464E-05   -0.23645E-05    0.12218E-04   -0.11061E-05   -0.48557E-05   -0.44005E-05    0.49731E-05   -0.33899E-05   -0.27585E-04   -0.17015E-04   -0.93030E-05   -0.47393E-04    0.44495E-06    0.89975E-06    0.69576E-07    0.58596E-06    0.10190E-06   -0.67974E-07   -0.18797E-06   -0.13963E-06   -0.18065E-06   -0.31227E-06   -0.18037E-06   -0.25606E-06
   -0.14393E-06    0.31096E-05   -0.14410E-06   -0.47341E-05    0.32568E-06   -0.66773E-05   -0.17153E-05    0.19309E-02    0.13853E-02    0.11299E-02    0.14687E-05   -0.12208E-04   -0.13278E-04    0.30119E-05    0.94904E-06   -0.81735E-06    0.59424E-08    0.19312E-07    0.44461E-05   -0.32894E-04    0.66197E-04    0.15681E-04   -0.41604E-05   -0.13911E-04    0.23108E-04    0.17646E-04   -0.16826E-04   -0.12005E-05    0.27294E-05   -0.68688E-05   -0.13612E-04    0.12739E-04   -0.11714E-04   -0.70901E-05    0.43388E-05    0.53639E-05    0.43139E-05   -0.15481E-04   -0.91712E-05    0.14960E-04    0.42880E-05   -0.19286E-03   -0.31319E-04   -0.27936E-04   -0.17640E-03    0.22225E-05    0.21991E-05   -0.56371E-06    0.20696E-05    0.67555E-06   -0.84473E-06   -0.83873E-06   -0.73018E-06   -0.85407E-06   -0.16519E-05   -0.15698E-05   -0.96617E-06
    0.18570E-06   -0.14410E-06    0.82259E-06    0.27216E-05    0.14516E-04    0.68856E-05    0.94296E-05    0.33035E-02    0.28896E-02    0.25412E-02    0.12439E-04   -0.28170E-03   -0.80613E-04    0.36835E-05    0.10833E-05   -0.58666E-05    0.93390E-08    0.94656E-08    0.25197E-04    0.26493E-03    0.61065E-04   -0.40830E-05   -0.14003E-04    0.12965E-04    0.23508E-04    0.24051E-04   -0.25601E-04    0.12139E-04   -0.29856E-05    0.91349E-06    0.18985E-04    0.24804E-04   -0.34205E-05    0.76135E-05   -0.56969E-05    0.29536E-04    0.10845E-04   -0.10436E-04   -0.10759E-04    0.14193E-04   -0.29499E-04   -0.27211E-03   -0.98356E-04   -0.82792E-04   -0.29686E-03    0.29467E-05    0.51912E-05    0.42669E-06    0.35219E-05   -0.17862E-07   -0.12602E-05   -0.18458E-05   -0.15519E-05   -0.17228E-05   -0.32703E-05   -0.27228E-05   -0.21828E-05
    0.12083E-05   -0.47341E-05    0.27216E-05    0.19046E-03    0.62100E-04    0.47619E-04    0.38465E-03   -0.53350E-02   -0.11638E-02   -0.16847E-02   -0.13581E-03    0.16078E-02    0.20724E-03    0.66246E-05   -0.56821E-05    0.39467E-04    0.10078E-06   -0.83230E-07   -0.14900E-03   -0.13878E-02   -0.13631E-03   -0.29154E-03    0.94909E-05    0.72057E-04   -0.57317E-04    0.38086E-04   -0.19264E-06   -0.27074E-03   -0.55226E-04    0.34925E-04    0.17944E-04   -0.82715E-05    0.95080E-04   -0.14844E-03   -0.22499E-03    0.13577E-03   -0.27124E-03    0.94704E-04    0.10297E-04    0.14472E-03   -0.39206E-04   -0.12121E-02    0.65771E-03   -0.74442E-04   -0.13481E-02   -0.48362E-04   -0.50660E-04   -0.24823E-05   -0.69658E-05    0.13773E-04   -0.35519E-06   -0.71494E-06   -0.30004E-06   -0.16206E-05   -0.21123E-06   -0.10754E-05    0.13736E-06
    0.40678E-05    0.32568E-06    0.14516E-04    0.62100E-04    0.41581E-03    0.17314E-03    0.23925E-03    0.93825E-01    0.89155E-01    0.75038E-01    0.32207E-03   -0.56462E-02   -0.18273E-02    0.14532E-03    0.41668E-04   -0.13464E-03    0.13596E-06   -0.55150E-07    0.64569E-03    0.68527E-02    0.16447E-02    0.45283E-05   -0.24775E-03    0.25592E-03    0.65331E-03    0.49726E-03   -0.80761E-03    0.21358E-03   -0.87887E-04    0.27694E-03    0.47932E-03    0.51650E-03    0.15673E-03    0.84789E-04   -0.58553E-04    0.75160E-03   -0.46434E-04   -0.33580E-03   -0.26798E-03    0.40734E-03   -0.12126E-02   -0.97561E-02   -0.33423E-02   -0.27635E-02   -0.11439E-01    0.93120E-04    0.16712E-03    0.14938E-04    0.10348E-03    0.92447E-05   -0.41682E-04   -0.55421E-04   -0.47073E-04   -0.51599E-04   -0.96001E-04   -0.86007E-04   -0.71982E-04
    0.21857E-05   -0.66773E-05    0.68856E-05    0.47619E-04    0.17314E-03    0.10334E-03    0.12322E-03    0.57209E-02    0.20766E-01    0.20175E-01    0.23724E-04   -0.15287E-02   -0.20645E-03    0.33973E-04    0.14410E-04   -0.31006E-04    0.19531E-07    0.22189E-06    0.13046E-03    0.17983E-02    0.33882E-03   -0.31675E-03   -0.96229E-04    0.22087E-03    0.17858E-03    0.56011E-03   -0.23436E-03    0.79078E-04   -0.36932E-04    0.11269E-03    0.28696E-03    0.17841E-03    0.13424E-04    0.40832E-04   -0.94688E-04    0.63286E-03    0.59406E-04   -0.33070E-04   -0.11719E-03    0.23475E-03   -0.41514E-03   -0.30448E-02   -0.10804E-02   -0.92825E-03   -0.36350E-02    0.16483E-04    0.41142E-04    0.58301E-05    0.29923E-04    0.39915E-05   -0.10161E-04   -0.17623E-04   -0.13058E-04   -0.16184E-04   -0.27982E-04   -0.24750E-04   -0.21134E-04
    0.33258E-05   -0.17153E-05    0.94296E-05    0.38465E-03    0.23925E-03    0.12322E-03    0.83323E-03    0.95915E-02    0.22539E-01    0.18605E-01   -0.28129E-03    0.18984E-02   -0.99239E-04    0.58193E-04   -0.45789E-05    0.51028E-04    0.29994E-06    0.15311E-06   -0.16484E-03   -0.12532E-02    0.77453E-03   -0.45654E-03   -0.11451E-03    0.16766E-03    0.14235E-03    0.60936E-03   -0.16113E-03   -0.49763E-03   -0.12482E-03    0.22127E-04    0.18011E-03    0.17753E-03    0.16678E-03   -0.30532E-03   -0.51446E-03    0.75271E-03   -0.35867E-03    0.11841E-03   -0.95914E-05    0.43968E-03   -0.41970E-03   -0.55361E-02    0.50158E-03   -0.98858E-03   -0.64582E-02   -0.79038E-04   -0.72409E-04   -0.24995E-05    0.22047E-04    0.35118E-04   -0.13314E-04   -0.18148E-04   -0.14365E-04   -0.18991E-04   -0.30067E-04   -0.28913E-04   -0.22783E-04
    0.53769E-03    0.19309E-02    0.33035E-02   -0.53350E-02    0.93825E-01    0.57209E-02    0.95915E-02    0.16209E+04    0.98929E+02    0.37458E+02    0.85538E+00   -0.24402E+00   -0.10125E+02   -0.28531E-01   -0.89564E-01   -0.79769E-01    0.15027E-02   -0.27545E-02    0.84989E+00    0.65564E+01    0.16744E+02   -0.67786E+01    0.13033E+00    0.64911E+00   -0.82615E+00   -0.19727E+01   -0.53649E+01   -0.12957E+01   -0.65757E+00   -0.12263E+01   -0.17638E+00    0.11395E+01    0.26352E+00   -0.10611E+01   -0.33731E+01   -0.85877E+00   -0.21564E+01   -0.34185E+01   -0.78345E-01    0.23978E+01   -0.28274E+00   -0.12173E+01    0.46735E+01   -0.10753E+01    0.16565E+01   -0.30918E-01   -0.32223E+00   -0.75022E-01    0.54262E-01   -0.37156E-01   -0.34614E-01   -0.60062E-02   -0.38142E-01    0.60648E-02   -0.91678E-01   -0.54759E-01   -0.19928E-01
    0.22938E-03    0.13853E-02    0.28896E-02   -0.11638E-02    0.89155E-01    0.20766E-01    0.22539E-01    0.98929E+02    0.82645E+02    0.32496E+02    0.36325E+00   -0.13951E+01   -0.23095E+01    0.53962E-01    0.24177E-01   -0.61032E-01    0.25310E-04   -0.86541E-03    0.35755E+00    0.18906E+01    0.32781E+00   -0.11249E-02   -0.12544E+00    0.88584E-01    0.20204E+00    0.35364E+00   -0.32764E+00   -0.19184E+00   -0.15382E+00    0.13716E+00   -0.18062E+00    0.34163E+00   -0.72229E-01   -0.51942E-02    0.11260E+00    0.24211E+00   -0.16907E+00   -0.33982E+00   -0.36599E-01    0.10709E+00    0.81394E-01   -0.33560E+01    0.25405E+00   -0.70333E+00   -0.31844E+01    0.30175E-01   -0.68859E-02   -0.27841E-01    0.52081E-01    0.35256E-01   -0.21646E-01   -0.18654E-01   -0.22256E-01   -0.17028E-01   -0.43792E-01   -0.36890E-01   -0.27801E-01
    0.19648E-03    0.11299E-02    0.25412E-02   -0.16847E-02    0.75038E-01    0.20175E-01    0.18605E-01    0.37458E+02    0.32496E+02    0.11177E+03   -0.95031E+00   -0.36014E+02    0.15752E+00   -0.33341E+00   -0.32772E-01   -0.49390E+00    0.16312E-04   -0.14797E-03    0.12794E+00    0.19254E+01    0.28398E+00    0.36766E+00   -0.49882E-01   -0.15878E+00    0.28902E+00   -0.49021E-01   -0.16525E+00    0.18002E+00    0.11561E-01    0.13522E+00    0.85472E-01    0.53470E+00   -0.14850E+00    0.39371E+00    0.10606E+00   -0.20993E-02    0.10797E+00   -0.69970E-02   -0.88149E-01    0.16429E-01    0.34372E-01    0.16233E+02   -0.15301E+01    0.10652E+00    0.64251E+01   -0.18593E-01   -0.57423E-01    0.15905E-02    0.64331E-01    0.37417E-01   -0.13539E-01   -0.38466E-01   -0.12782E-01   -0.40238E-01   -0.27103E-01   -0.25898E-01   -0.77119E-01
    0.23616E-05    0.14687E-05    0.12439E-04   -0.13581E-03    0.32207E-03    0.23724E-04   -0.28129E-03    0.85538E+00    0.36325E+00   -0.95031E+00    0.65503E+00    0.10829E+01    0.51997E+00    0.24599E-02   -0.32496E-02   -0.38370E-02   -0.22627E-05    0.55390E-04    0.13742E-01   -0.82348E+00    0.43835E-02   -0.20034E-01   -0.30430E-02   -0.60692E-02    0.56781E-02   -0.30997E-01    0.45977E-02   -0.15660E-01    0.10539E-01   -0.13282E-01    0.22101E-01   -0.20736E-01    0.12930E-02   -0.17330E-01   -0.51519E-03   -0.78337E-02   -0.10683E-01    0.55927E-02    0.31628E-01    0.14490E-01    0.67889E-01   -0.11027E+00   -0.19537E+00   -0.46143E-02   -0.36895E-01    0.48692E-01    0.48827E-01   -0.38704E-02    0.14379E-03   -0.60242E-02    0.12799E-03    0.49520E-03    0.75084E-04    0.31746E-03   -0.74294E-03    0.66110E-03    0.20178E-02
   -0.72826E-05   -0.12208E-04   -0.28170E-03    0.16078E-02   -0.56462E-02   -0.15287E-02    0.18984E-02   -0.24402E+00   -0.13951E+01   -0.36014E+02    0.10829E+01    0.21349E+02    0.17110E+01    0.20420E+00    0.25296E-01    0.29140E+00    0.13397E-05    0.12623E-04   -0.36278E+00   -0.40628E+01    0.16228E+00   -0.26575E+00   -0.11285E-01   -0.26909E-01   -0.95458E-01   -0.80794E-02    0.10472E+00   -0.17859E+00    0.12882E+00   -0.13818E+00   -0.13343E+00   -0.43816E+00    0.73060E-01   -0.32534E+00   -0.19680E+00   -0.70915E-01   -0.14914E+00    0.60618E-01    0.16304E+00    0.24423E+00   -0.37580E+00   -0.11495E+02    0.16913E+00   -0.68855E+00   -0.73090E+01    0.42017E-01    0.59735E-01   -0.86355E-02   -0.13288E-01   -0.16310E-01   -0.24776E-03    0.79532E-02   -0.94792E-03    0.98276E-02    0.93980E-03   -0.51746E-03    0.23694E-01
    0.34916E-05   -0.13278E-04   -0.80613E-04    0.20724E-03   -0.18273E-02   -0.20645E-03   -0.99239E-04   -0.10125E+02   -0.23095E+01    0.15752E+00    0.51997E+00    0.17110E+01    0.18195E+01    0.13965E-01    0.19230E-01    0.13674E-01   -0.73685E-05   -0.13535E-03   -0.18380E+00   -0.22028E+01    0.49741E-01    0.49819E-02    0.25396E-02   -0.43374E-01   -0.32012E-02    0.27549E-01    0.57338E-01   -0.18054E-01    0.61639E-03   -0.13552E-01   -0.43984E-01   -0.12312E-01   -0.15593E-01   -0.32172E-01   -0.75513E-02   -0.83744E-02   -0.11342E-02    0.31995E-01    0.12261E-01    0.15177E-01   -0.59476E-01   -0.53776E+00   -0.69918E+00   -0.71241E-01   -0.10159E+01    0.40722E-01    0.66375E-01   -0.14831E-02   -0.14209E-02   -0.58833E-02    0.77197E-03   -0.19437E-02    0.66028E-03   -0.21360E-02    0.34471E-02    0.11398E-02   -0.98838E-03
    0.58084E-06    0.30119E-05    0.36835E-05    0.66246E-05    0.14532E-03    0.33973E-04    0.58193E-04   -0.28531E-01    0.53962E-01   -0.33341E+00    0.24599E-02    0.20420E+00    0.13965E-01    0.40548E-02   -0.87000E-04    0.29536E-02   -0.23621E-07   -0.11891E-05   -0.70441E-03   -0.13339E-01    0.12326E-02    0.99902E-03    0.61959E-03    0.44089E-03    0.62851E-03    0.20034E-02   -0.21509E-02    0.65255E-03   -0.31219E-02    0.20584E-02   -0.10423E-02    0.92146E-03    0.34814E-03   -0.96020E-03    0.37289E-03    0.14533E-02   -0.95168E-03   -0.18220E-02   -0.36877E-02   -0.22211E-02   -0.18221E-02   -0.14307E+00   -0.72447E-02   -0.42496E-02   -0.98043E-01    0.34958E-03    0.15112E-02    0.35634E-03   -0.14848E-03    0.21275E-04   -0.40967E-04   -0.13099E-04   -0.55289E-04    0.20935E-04   -0.60628E-05   -0.73161E-04    0.16581E-03
    0.25102E-06    0.94904E-06    0.10833E-05   -0.56821E-05    0.41668E-04    0.14410E-04   -0.45789E-05   -0.89564E-01    0.24177E-01   -0.32772E-01   -0.32496E-02    0.25296E-01    0.19230E-01   -0.87000E-04    0.28338E-02   -0.22631E-03    0.18009E-06    0.40736E-05   -0.38584E-03   -0.11293E-01    0.37544E-03   -0.13681E-03    0.21300E-03   -0.16525E-03   -0.48576E-03   -0.18732E-02    0.58675E-03    0.38215E-03    0.25026E-03   -0.10279E-02    0.75005E-03   -0.98607E-03    0.12925E-02   -0.27976E-03    0.25158E-03   -0.12130E-02    0.19394E-03    0.13011E-02    0.98758E-03    0.60967E-03    0.63461E-02    0.18653E-02   -0.11393E-01    0.34315E-02    0.39249E-02    0.16025E-03    0.15450E-02   -0.42033E-03    0.42644E-04   -0.10598E-03   -0.39422E-05    0.32288E-04   -0.35508E-06    0.30586E-04    0.40562E-04   -0.48808E-05    0.66521E-04
   -0.34609E-06   -0.81735E-06   -0.58666E-05    0.39467E-04   -0.13464E-03   -0.31006E-04    0.51028E-04   -0.79769E-01   -0.61032E-01   -0.49390E+00   -0.38370E-02    0.29140E+00    0.13674E-01    0.29536E-02   -0.22631E-03    0.53646E-02   -0.23712E-06   -0.83633E-05   -0.59818E-02   -0.35466E-01    0.48279E-02   -0.64843E-02   -0.17721E-02   -0.13128E-02   -0.17953E-02    0.22956E-02    0.46318E-02   -0.44772E-02    0.66090E-02   -0.42008E-02   -0.67204E-02   -0.11616E-01    0.11096E-02   -0.75589E-02   -0.60102E-02   -0.26824E-02   -0.24268E-02    0.44542E-02    0.62023E-02    0.94803E-02   -0.94269E-02   -0.19145E+00    0.60116E-02   -0.10444E-01   -0.13131E+00   -0.76168E-03   -0.36945E-03    0.25888E-03   -0.17938E-03   -0.17904E-04    0.37026E-05    0.52253E-04   -0.66131E-05    0.93452E-04    0.81080E-04   -0.11903E-04    0.24101E-03
    0.21260E-08    0.59424E-08    0.93390E-08    0.10078E-06    0.13596E-06    0.19531E-07    0.29994E-06    0.15027E-02    0.25310E-04    0.16312E-04   -0.22627E-05    0.13397E-05   -0.73685E-05   -0.23621E-07    0.18009E-06   -0.23712E-06    0.15815E-06    0.69453E-09   -0.21095E-06    0.46867E-05   -0.31026E-04   -0.97451E-05   -0.84011E-05    0.33849E-05    0.64022E-05    0.47978E-05   -0.29008E-05    0.73058E-05    0.65457E-05    0.89359E-05    0.67303E-05   -0.49897E-05    0.16582E-05    0.89370E-05    0.25674E-05    0.69736E-05    0.27935E-05   -0.29742E-05   -0.44891E-05    0.63824E-05   -0.30191E-05   -0.23233E-05    0.76566E-05   -0.93729E-06   -0.85627E-05   -0.41745E-06   -0.56139E-06   -0.81613E-07    0.98885E-06   -0.99978E-06   -0.40278E-07   -0.32111E-07   -0.36560E-07    0.43378E-07   -0.92676E-07    0.15574E-07   -0.67760E-07
    0.32619E-08    0.19312E-07    0.94656E-08   -0.83230E-07   -0.55150E-07    0.22189E-06    0.15311E-06   -0.27545E-02   -0.86541E-03   -0.14797E-03    0.55390E-04    0.12623E-04   -0.13535E-03   -0.11891E-05    0.40736E-05   -0.83633E-05    0.69453E-09    0.11159E-05    0.27703E-04    0.11806E-03    0.82265E-04    0.30782E-04   -0.10397E-04   -0.28101E-04   -0.16315E-05    0.40663E-03    0.71115E-05    0.36176E-05   -0.28402E-04    0.41034E-04   -0.35973E-03    0.37539E-04   -0.88196E-04    0.48061E-04    0.13557E-04    0.64247E-04    0.73201E-04   -0.71418E-04   -0.93969E-04    0.39796E-05    0.47462E-04    0.31533E-03    0.83463E-04    0.26631E-04    0.39756E-03    0.30675E-05    0.12926E-05   -0.25461E-05   -0.47480E-06   -0.11142E-05    0.32630E-06    0.13055E-05    0.36524E-06    0.11747E-05    0.17035E-06    0.64937E-06    0.16296E-05
    0.10669E-05    0.44461E-05    0.25197E-04   -0.14900E-03    0.64569E-03    0.13046E-03   -0.16484E-03    0.84989E+00    0.35755E+00    0.12794E+00    0.13742E-01   -0.36278E+00   -0.18380E+00   -0.70441E-03   -0.38584E-03   -0.59818E-02   -0.21095E-06    0.27703E-04    0.70345E-01    0.38069E+00   -0.88719E-02    0.17071E-03   -0.27528E-02    0.44633E-02    0.54042E-02   -0.75017E-02   -0.70084E-02    0.73422E-02    0.15744E-02    0.67010E-03    0.79737E-02   -0.79205E-03    0.66058E-02    0.70623E-02    0.58556E-02   -0.19533E-02    0.31006E-02   -0.98804E-03   -0.14028E-02    0.64708E-03    0.65870E-01    0.11649E+00   -0.94204E-02    0.57821E-01    0.17963E+00    0.60480E-02    0.10712E-01    0.11458E-02    0.13526E-03    0.11253E-03   -0.62231E-04    0.82969E-04   -0.68536E-04    0.14881E-03   -0.32899E-03    0.56058E-04    0.36823E-03
    0.16610E-04   -0.32894E-04    0.26493E-03   -0.13878E-02    0.68527E-02    0.17983E-02   -0.12532E-02    0.65564E+01    0.18906E+01    0.19254E+01   -0.82348E+00   -0.40628E+01   -0.22028E+01   -0.13339E-01   -0.11293E-01   -0.35466E-01    0.46867E-05    0.11806E-03    0.38069E+00    0.44324E+01   -0.56645E-01    0.32750E-01   -0.12699E-01    0.52201E-01    0.40016E-01   -0.21416E-02   -0.59210E-01    0.59813E-01   -0.81925E-02    0.24174E-01    0.44178E-01    0.34195E-01    0.19553E-01    0.51619E-01    0.29562E-01    0.19551E-01    0.32099E-01   -0.25280E-01   -0.45326E-01   -0.31358E-01    0.74875E-01    0.92864E+00    0.16424E+00    0.19244E+00    0.15302E+01   -0.36593E-01   -0.18286E-01    0.16550E-01   -0.10382E-02   -0.11926E-02   -0.32136E-03    0.11285E-02   -0.27215E-03    0.13802E-02   -0.10779E-02   -0.37563E-03    0.67705E-03
    0.73983E-05    0.66197E-04    0.61065E-04   -0.13631E-03    0.16447E-02    0.33882E-03    0.77453E-03    0.16744E+02    0.32781E+00    0.28398E+00    0.43835E-02    0.16228E+00    0.49741E-01    0.12326E-02    0.37544E-03    0.48279E-02   -0.31026E-04    0.82265E-04   -0.88719E-02   -0.56645E-01    0.65770E+00   -0.15620E+00    0.23092E-02    0.22035E-01   -0.70022E-02    0.20290E+00   -0.60074E-01   -0.45231E-01   -0.14690E-01   -0.59870E-01    0.16502E-01    0.58687E-01   -0.33589E-01   -0.49395E-01   -0.12932E+00    0.17076E+00    0.37698E-01   -0.29231E-01    0.32056E-01    0.94127E-01   -0.24756E-01   -0.15588E+00   -0.18485E-01   -0.26253E-01   -0.16706E+00    0.38910E-03    0.12476E-02    0.30290E-03   -0.57994E-03   -0.91226E-04   -0.14519E-03   -0.40748E-03   -0.25219E-03   -0.21697E-03   -0.22753E-03   -0.45478E-03   -0.73420E-03
   -0.13580E-04    0.15681E-04   -0.40830E-05   -0.29154E-03    0.45283E-05   -0.31675E-03   -0.45654E-03   -0.67786E+01   -0.11249E-02    0.36766E+00   -0.20034E-01   -0.26575E+00    0.49819E-02    0.99902E-03   -0.13681E-03   -0.64843E-02   -0.97451E-05    0.30782E-04    0.17071E-03    0.32750E-01   -0.15620E+00    0.90362E+00   -0.10083E-03   -0.15796E-02   -0.13813E-02   -0.15075E+00    0.20845E+00    0.50261E-01   -0.14170E-01    0.46929E-01   -0.11752E+00    0.14013E-01    0.29043E-01    0.24449E-01    0.18935E+00   -0.22360E+00    0.39820E-01    0.12678E+00    0.29425E-01   -0.21033E+00   -0.58849E-02    0.19855E+00    0.10125E-02    0.81629E-03    0.10720E+00   -0.17746E-02   -0.12874E-02    0.48556E-03    0.35437E-02   -0.12637E-02   -0.72321E-04   -0.56902E-04   -0.20494E-03   -0.30936E-03   -0.15326E-03   -0.11561E-03   -0.13424E-03
   -0.65475E-05   -0.41604E-05   -0.14003E-04    0.94909E-05   -0.24775E-03   -0.96229E-04   -0.11451E-03    0.13033E+00   -0.12544E+00   -0.49882E-01   -0.30430E-02   -0.11285E-01    0.25396E-02    0.61959E-03    0.21300E-03   -0.17721E-02   -0.84011E-05   -0.10397E-04   -0.27528E-02   -0.12699E-01    0.23092E-02   -0.10083E-03    0.99633E+00   -0.47396E-02    0.12519E-01   -0.56084E-01   -0.24783E-01    0.17881E+00   -0.32194E-01    0.80421E-01    0.35288E-02    0.22476E-01   -0.32936E-01   -0.50262E-02    0.10276E+00   -0.56688E-01    0.29991E-01    0.16722E-01   -0.20577E+00    0.74202E-01    0.36463E-02    0.14777E-01    0.37657E-02   -0.74206E-02    0.66941E-01   -0.73989E-03   -0.22004E-03   -0.36429E-03   -0.14311E-02   -0.16329E-03   -0.69413E-04   -0.14422E-03    0.30723E-04    0.42867E-04   -0.17868E-03    0.71731E-05    0.31491E-03
    0.39442E-06   -0.13911E-04    0.12965E-04    0.72057E-04    0.25592E-03    0.22087E-03    0.16766E-03    0.64911E+00    0.88584E-01   -0.15878E+00   -0.60692E-02   -0.26909E-01   -0.43374E-01    0.44089E-03   -0.16525E-03   -0.13128E-02    0.33849E-05   -0.28101E-04    0.44633E-02    0.52201E-01    0.22035E-01   -0.15796E-02   -0.47396E-02    0.10147E+01    0.99575E-02    0.48514E-01   -0.94500E-01    0.70099E-01   -0.83735E-01    0.55122E-01    0.64698E-01    0.12748E+00    0.45112E-01    0.15417E+00   -0.94895E-01    0.79732E-01    0.37161E-01   -0.96742E-02   -0.11502E+00    0.55425E-01    0.21794E-02    0.12471E+00    0.30717E-01   -0.31818E-02    0.18397E-01   -0.77967E-03   -0.30687E-03   -0.31837E-04    0.25238E-02    0.27681E-03    0.43338E-04    0.41176E-03   -0.16346E-03    0.22447E-03    0.20928E-03   -0.17074E-04    0.38701E-03
    0.43067E-05    0.23108E-04    0.23508E-04   -0.57317E-04    0.65331E-03    0.17858E-03    0.14235E-03   -0.82615E+00    0.20204E+00    0.28902E+00    0.56781E-02   -0.95458E-01   -0.32012E-02    0.62851E-03   -0.48576E-03   -0.17953E-02    0.64022E-05   -0.16315E-05    0.54042E-02    0.40016E-01   -0.70022E-02   -0.13813E-02    0.12519E-01    0.99575E-02    0.99001E+00    0.42654E-01    0.53281E-01   -0.39758E-01    0.46350E-01    0.77122E-01    0.79143E-01   -0.74744E-01   -0.83667E-01    0.47760E-01    0.70321E-01    0.10864E+00   -0.69749E-01    0.89183E-01   -0.25776E-01   -0.93572E-02    0.60529E-02    0.42825E-01    0.14377E-02   -0.10069E-02    0.29886E-01   -0.58822E-04    0.15417E-02    0.34558E-03    0.20177E-02    0.29605E-02   -0.83903E-04   -0.17836E-03   -0.64337E-05    0.12224E-03   -0.26924E-04    0.21735E-03    0.18211E-03
    0.11007E-04    0.17646E-04    0.24051E-04    0.38086E-04    0.49726E-03    0.56011E-03    0.60936E-03   -0.19727E+01    0.35364E+00   -0.49021E-01   -0.30997E-01   -0.80794E-02    0.27549E-01    0.20034E-02   -0.18732E-02    0.22956E-02    0.47978E-05    0.40663E-03   -0.75017E-02   -0.21416E-02    0.20290E+00   -0.15075E+00   -0.56084E-01    0.48514E-01    0.42654E-01    0.81698E+00   -0.39733E-01   -0.21204E-01   -0.57163E-01   -0.38405E-01    0.88672E-01    0.12951E+00   -0.10799E+00    0.13172E-01   -0.59041E-01    0.66634E+00    0.23424E+00   -0.73715E-01   -0.41355E-01    0.64172E-01   -0.12500E-01   -0.89840E-02    0.34338E-01    0.42465E-03   -0.82542E-01   -0.39984E-02   -0.26827E-02    0.11499E-02    0.10696E-02    0.11306E-04    0.24482E-03   -0.25444E-05    0.19883E-03   -0.38377E-04    0.95904E-03    0.53346E-03   -0.44086E-03
   -0.78249E-05   -0.16826E-04   -0.25601E-04   -0.19264E-06   -0.80761E-03   -0.23436E-03   -0.16113E-03   -0.53649E+01   -0.32764E+00   -0.16525E+00    0.45977E-02    0.10472E+00    0.57338E-01   -0.21509E-02    0.58675E-03    0.46318E-02   -0.29008E-05    0.71115E-05   -0.70084E-02   -0.59210E-01   -0.60074E-01    0.20845E+00   -0.24783E-01   -0.94500E-01    0.53281E-01   -0.39733E-01    0.10100E+01   -0.41882E-02    0.12950E-02   -0.16312E-01    0.59871E-01   -0.19197E-01   -0.56317E-01   -0.85555E-02    0.16903E+00   -0.96684E-01    0.25881E+00    0.78170E+00    0.31760E+00   -0.20821E+00   -0.63713E-02   -0.88271E-01   -0.28852E-01   -0.32410E-03   -0.54642E-01    0.74589E-03    0.27397E-02    0.35179E-03    0.31248E-02   -0.38049E-02    0.17588E-03   -0.18692E-06    0.18331E-03   -0.16703E-03    0.67192E-03    0.61222E-03    0.99083E-04
    0.29968E-06   -0.12005E-05    0.12139E-04   -0.27074E-03    0.21358E-03    0.79078E-04   -0.49763E-03   -0.12957E+01   -0.19184E+00    0.18002E+00   -0.15660E-01   -0.17859E+00   -0.18054E-01    0.65255E-03    0.38215E-03   -0.44772E-02    0.73058E-05    0.36176E-05    0.73422E-02    0.59813E-01   -0.45231E-01    0.50261E-01    0.17881E+00    0.70099E-01   -0.39758E-01   -0.21204E-01   -0.41882E-02    0.98537E+00    0.71823E-02   -0.79263E-03    0.69980E-01   -0.41083E-01    0.13321E+00    0.16829E+00   -0.13304E+00   -0.21099E+00    0.61761E+00    0.13669E+00   -0.61588E+00    0.19844E+00    0.82236E-02    0.13547E+00    0.66811E-02    0.13740E-01    0.10376E+00   -0.10822E-02    0.56747E-04    0.30122E-03   -0.12284E-02    0.31617E-02    0.21073E-04   -0.72043E-04    0.44333E-04    0.55028E-04    0.42618E-03   -0.53955E-04   -0.32982E-03
    0.42711E-05    0.27294E-05   -0.29856E-05   -0.55226E-04   -0.87887E-04   -0.36932E-04   -0.12482E-03   -0.65757E+00   -0.15382E+00    0.11561E-01    0.10539E-01    0.12882E+00    0.61639E-03   -0.31219E-02    0.25026E-03    0.66090E-02    0.65457E-05   -0.28402E-04    0.15744E-02   -0.81925E-02   -0.14690E-01   -0.14170E-01   -0.32194E-01   -0.83735E-01    0.46350E-01   -0.57163E-01    0.12950E-02    0.71823E-02    0.10026E+01   -0.33900E-02   -0.34242E-01   -0.76308E-01   -0.13207E+00   -0.19462E-01   -0.83619E-01   -0.12062E+00    0.72174E-01   -0.37604E-01    0.31009E+00    0.68714E+00    0.73781E-02   -0.12679E+00    0.11662E-01   -0.67406E-02   -0.72897E-01    0.10263E-02    0.17094E-02   -0.20016E-03   -0.14245E-02    0.19874E-02    0.11684E-03   -0.24510E-04   -0.45628E-04    0.51869E-04   -0.38749E-03    0.14528E-03   -0.10884E-03
    0.12648E-05   -0.68688E-05    0.91349E-06    0.34925E-04    0.27694E-03    0.11269E-03    0.22127E-04   -0.12263E+01    0.13716E+00    0.13522E+00   -0.13282E-01   -0.13818E+00   -0.13552E-01    0.20584E-02   -0.10279E-02   -0.42008E-02    0.89359E-05    0.41034E-04    0.67010E-03    0.24174E-01   -0.59870E-01    0.46929E-01    0.80421E-01    0.55122E-01    0.77122E-01   -0.38405E-01   -0.16312E-01   -0.79263E-03   -0.33900E-02    0.99483E+00   -0.82143E-01    0.65066E-01    0.27915E-01    0.16535E+00    0.35736E-01    0.85737E-01   -0.57812E+00    0.37178E+00   -0.36067E+00    0.22131E+00    0.38885E-02    0.98837E-01    0.96605E-02    0.21402E-02    0.43884E-01   -0.21165E-02   -0.13880E-02    0.31700E-03    0.27248E-02    0.38723E-03   -0.43398E-04    0.39771E-04   -0.34566E-04    0.10552E-03   -0.13399E-03   -0.23755E-03    0.38586E-04
    0.46439E-05   -0.13612E-04    0.18985E-04    0.17944E-04    0.47932E-03    0.28696E-03    0.18011E-03   -0.17638E+00   -0.18062E+00    0.85472E-01    0.22101E-01   -0.13343E+00   -0.43984E-01   -0.10423E-02    0.75005E-03   -0.67204E-02    0.67303E-05   -0.35973E-03    0.79737E-02    0.44178E-01    0.16502E-01   -0.11752E+00    0.35288E-02    0.64698E-01    0.79143E-01    0.88672E-01    0.59871E-01    0.69980E-01   -0.34242E-01   -0.82143E-01    0.83434E+00    0.25741E-01   -0.25325E-01   -0.14284E-01   -0.62700E-02    0.59049E+00    0.18762E+00    0.10371E+00    0.47760E-01   -0.98122E-01    0.15335E-01    0.19029E+00    0.40620E-01    0.89046E-02    0.18425E+00    0.61164E-03   -0.41534E-03   -0.91911E-03   -0.94296E-03   -0.14560E-02   -0.31978E-04    0.23246E-03   -0.57700E-04    0.34673E-03   -0.10857E-03    0.23702E-03    0.25640E-03
   -0.29163E-05    0.12739E-04    0.24804E-04   -0.82715E-05    0.51650E-03    0.17841E-03    0.17753E-03    0.11395E+01    0.34163E+00    0.53470E+00   -0.20736E-01   -0.43816E+00   -0.12312E-01    0.92146E-03   -0.98607E-03   -0.11616E-01   -0.49897E-05    0.37539E-04   -0.79205E-03    0.34195E-01    0.58687E-01    0.14013E-01    0.22476E-01    0.12748E+00   -0.74744E-01    0.12951E+00   -0.19197E-01   -0.41083E-01   -0.76308E-01    0.65066E-01    0.25741E-01    0.98472E+00   -0.65657E-02   -0.20540E-02   -0.19104E-01    0.11878E+00    0.16856E+00   -0.17635E-01    0.13666E+00    0.17534E+00   -0.50257E-02    0.39818E+00   -0.61406E-02    0.75815E-02    0.16717E+00   -0.20682E-02   -0.20100E-02    0.16409E-03   -0.73598E-03    0.11039E-02    0.16906E-04   -0.37655E-05   -0.26877E-04   -0.18895E-03   -0.36649E-03   -0.12355E-03   -0.11630E-02
   -0.27333E-05   -0.11714E-04   -0.34205E-05    0.95080E-04    0.15673E-03    0.13424E-04    0.16678E-03    0.26352E+00   -0.72229E-01   -0.14850E+00    0.12930E-02    0.73060E-01   -0.15593E-01    0.34814E-03    0.12925E-02    0.11096E-02    0.16582E-05   -0.88196E-04    0.66058E-02    0.19553E-01   -0.33589E-01    0.29043E-01   -0.32936E-01    0.45112E-01   -0.83667E-01   -0.10799E+00   -0.56317E-01    0.13321E+00   -0.13207E+00    0.27915E-01   -0.25325E-01   -0.65657E-02    0.97117E+00    0.14635E-02   -0.10861E-02   -0.13491E+00    0.38494E-01    0.16047E+00    0.29854E-01   -0.60385E-01    0.39810E-02   -0.58914E-01   -0.20639E-01    0.23917E-02   -0.40854E-01    0.13779E-02    0.31811E-02   -0.19065E-03    0.17116E-02    0.21642E-02   -0.13064E-03   -0.12569E-03   -0.48149E-04   -0.12138E-03   -0.15500E-04   -0.18037E-03    0.23853E-03
   -0.11464E-05   -0.70901E-05    0.76135E-05   -0.14844E-03    0.84789E-04    0.40832E-04   -0.30532E-03   -0.10611E+01   -0.51942E-02    0.39371E+00   -0.17330E-01   -0.32534E+00   -0.32172E-01   -0.96020E-03   -0.27976E-03   -0.75589E-02    0.89370E-05    0.48061E-04    0.70623E-02    0.51619E-01   -0.49395E-01    0.24449E-01   -0.50262E-02    0.15417E+00    0.47760E-01    0.13172E-01   -0.85555E-02    0.16829E+00   -0.19462E-01    0.16535E+00   -0.14284E-01   -0.20540E-02    0.14635E-02    0.97387E+00    0.98279E-02   -0.19178E-01    0.33585E-01    0.13956E+00   -0.27795E+00    0.12428E+00    0.11685E-02    0.32019E+00    0.16447E-01    0.11069E-01    0.15618E+00   -0.68758E-03   -0.90868E-03   -0.29839E-04   -0.26032E-02    0.25288E-02    0.53228E-04    0.21245E-03   -0.89110E-04    0.27526E-03    0.14531E-03   -0.12118E-03    0.39823E-04
   -0.23645E-05    0.43388E-05   -0.56969E-05   -0.22499E-03   -0.58553E-04   -0.94688E-04   -0.51446E-03   -0.33731E+01    0.11260E+00    0.10606E+00   -0.51519E-03   -0.19680E+00   -0.75513E-02    0.37289E-03    0.25158E-03   -0.60102E-02    0.25674E-05    0.13557E-04    0.58556E-02    0.29562E-01   -0.12932E+00    0.18935E+00    0.10276E+00   -0.94895E-01    0.70321E-01   -0.59041E-01    0.16903E+00   -0.13304E+00   -0.83619E-01    0.35736E-01   -0.62700E-02   -0.19104E-01   -0.10861E-02    0.98279E-02    0.97579E+00   -0.38395E-01   -0.56074E-01    0.58419E-01    0.17284E+00   -0.10669E+00    0.14305E-01    0.15861E+00    0.10728E-01    0.45161E-02    0.12661E+00   -0.16939E-03   -0.52721E-03   -0.14851E-03    0.14274E-02   -0.16393E-02    0.79223E-04   -0.18817E-04    0.30463E-04   -0.23925E-04   -0.76032E-04    0.83403E-04    0.24335E-03
    0.12218E-04    0.53639E-05    0.29536E-04    0.13577E-03    0.75160E-03    0.63286E-03    0.75271E-03   -0.85877E+00    0.24211E+00   -0.20993E-02   -0.78337E-02   -0.70915E-01   -0.83744E-02    0.14533E-02   -0.12130E-02   -0.26824E-02    0.69736E-05    0.64247E-04   -0.19533E-02    0.19551E-01    0.17076E+00   -0.22360E+00   -0.56688E-01    0.79732E-01    0.10864E+00    0.66634E+00   -0.96684E-01   -0.21099E+00   -0.12062E+00    0.85737E-01    0.59049E+00    0.11878E+00   -0.13491E+00   -0.19178E-01   -0.38395E-01    0.98006E+00   -0.10848E-01   -0.24755E-01    0.39684E-02   -0.40418E-01   -0.10594E-02    0.10042E+00    0.51649E-01    0.33985E-02    0.36916E-01   -0.27084E-02   -0.27767E-02    0.21625E-03    0.31848E-03   -0.13926E-02    0.12135E-03    0.17740E-03    0.73629E-04    0.21036E-03    0.46449E-03    0.44917E-03   -0.77485E-04
   -0.11061E-05    0.43139E-05    0.10845E-04   -0.27124E-03   -0.46434E-04    0.59406E-04   -0.35867E-03   -0.21564E+01   -0.16907E+00    0.10797E+00   -0.10683E-01   -0.14914E+00   -0.11342E-02   -0.95168E-03    0.19394E-03   -0.24268E-02    0.27935E-05    0.73201E-04    0.31006E-02    0.32099E-01    0.37698E-01    0.39820E-01    0.29991E-01    0.37161E-01   -0.69749E-01    0.23424E+00    0.25881E+00    0.61761E+00    0.72174E-01   -0.57812E+00    0.18762E+00    0.16856E+00    0.38494E-01    0.33585E-01   -0.56074E-01   -0.10848E-01    0.98712E+00    0.51243E-02    0.21637E-01   -0.17551E-02    0.21971E-02    0.14186E+00    0.13147E-01    0.10961E-01    0.98769E-01   -0.85412E-03   -0.51634E-04    0.27898E-03   -0.72163E-03    0.11642E-02    0.16733E-03    0.88657E-05    0.14742E-03   -0.93908E-05    0.65678E-03    0.45474E-03   -0.43596E-03
   -0.48557E-05   -0.15481E-04   -0.10436E-04    0.94704E-04   -0.33580E-03   -0.33070E-04    0.11841E-03   -0.34185E+01   -0.33982E+00   -0.69970E-02    0.55927E-02    0.60618E-01    0.31995E-01   -0.18220E-02    0.13011E-02    0.44542E-02   -0.29742E-05   -0.71418E-04   -0.98804E-03   -0.25280E-01   -0.29231E-01    0.12678E+00    0.16722E-01   -0.96742E-02    0.89183E-01   -0.73715E-01    0.78170E+00    0.13669E+00   -0.37604E-01    0.37178E+00    0.10371E+00   -0.17635E-01    0.16047E+00    0.13956E+00    0.58419E-01   -0.24755E-01    0.51243E-02    0.99076E+00    0.29131E-02    0.41780E-05   -0.71119E-03   -0.76898E-01   -0.28689E-01    0.35633E-02   -0.76458E-01    0.11983E-02    0.37106E-02    0.13252E-03    0.28189E-02   -0.28924E-02    0.61570E-04   -0.15611E-03    0.13414E-03   -0.10465E-03    0.50218E-03    0.29411E-03   -0.98179E-04
   -0.44005E-05   -0.91712E-05   -0.10759E-04    0.10297E-04   -0.26798E-03   -0.11719E-03   -0.95914E-05   -0.78345E-01   -0.36599E-01   -0.88149E-01    0.31628E-01    0.16304E+00    0.12261E-01   -0.36877E-02    0.98758E-03    0.62023E-02   -0.44891E-05   -0.93969E-04   -0.14028E-02   -0.45326E-01    0.32056E-01    0.29425E-01   -0.20577E+00   -0.11502E+00   -0.25776E-01   -0.41355E-01    0.31760E+00   -0.61588E+00    0.31009E+00   -0.36067E+00    0.47760E-01    0.13666E+00    0.29854E-01   -0.27795E+00    0.17284E+00    0.39684E-02    0.21637E-01    0.29131E-02    0.99818E+00   -0.15938E-01    0.11930E-02   -0.14325E+00   -0.48063E-02   -0.11944E-01   -0.67620E-01    0.27970E-02    0.23826E-02   -0.65226E-03    0.19077E-02   -0.35740E-02    0.87253E-04   -0.58165E-04    0.16131E-04   -0.14612E-03   -0.38785E-03    0.30805E-03    0.87564E-04
    0.49731E-05    0.14960E-04    0.14193E-04    0.14472E-03    0.40734E-03    0.23475E-03    0.43968E-03    0.23978E+01    0.10709E+00    0.16429E-01    0.14490E-01    0.24423E+00    0.15177E-01   -0.22211E-02    0.60967E-03    0.94803E-02    0.63824E-05    0.39796E-05    0.64708E-03   -0.31358E-01    0.94127E-01   -0.21033E+00    0.74202E-01    0.55425E-01   -0.93572E-02    0.64172E-01   -0.20821E+00    0.19844E+00    0.68714E+00    0.22131E+00   -0.98122E-01    0.17534E+00   -0.60385E-01    0.12428E+00   -0.10669E+00   -0.40418E-01   -0.17551E-02    0.41780E-05   -0.15938E-01    0.10118E+01    0.25293E-02   -0.20611E+00    0.24491E-01   -0.10409E-01   -0.21310E+00    0.68852E-03    0.23506E-02   -0.13174E-03   -0.19892E-02    0.32937E-02    0.82823E-04   -0.93645E-04   -0.88136E-04    0.97714E-04   -0.28599E-03   -0.18748E-03   -0.60128E-03
   -0.33899E-05    0.42880E-05   -0.29499E-04   -0.39206E-04   -0.12126E-02   -0.41514E-03   -0.41970E-03   -0.28274E+00    0.81394E-01    0.34372E-01    0.67889E-01   -0.37580E+00   -0.59476E-01   -0.18221E-02    0.63461E-02   -0.94269E-02   -0.30191E-05    0.47462E-04    0.65870E-01    0.74875E-01   -0.24756E-01   -0.58849E-02    0.36463E-02    0.21794E-02    0.60529E-02   -0.12500E-01   -0.63713E-02    0.82236E-02    0.73781E-02    0.38885E-02    0.15335E-01   -0.50257E-02    0.39810E-02    0.11685E-02    0.14305E-01   -0.10594E-02    0.21971E-02   -0.71119E-03    0.11930E-02    0.25293E-02    0.34903E+00    0.22891E+00    0.15225E-01    0.16729E+00    0.51693E+00    0.14273E-01    0.18670E-01   -0.46424E-02   -0.36488E-02   -0.88246E-03    0.72343E-03    0.53909E-04    0.83305E-03    0.14572E-03   -0.33336E-03    0.30579E-03    0.14923E-02
   -0.27585E-04   -0.19286E-03   -0.27211E-03   -0.12121E-02   -0.97561E-02   -0.30448E-02   -0.55361E-02   -0.12173E+01   -0.33560E+01    0.16233E+02   -0.11027E+00   -0.11495E+02   -0.53776E+00   -0.14307E+00    0.18653E-02   -0.19145E+00   -0.23233E-05    0.31533E-03    0.11649E+00    0.92864E+00   -0.15588E+00    0.19855E+00    0.14777E-01    0.12471E+00    0.42825E-01   -0.89840E-02   -0.88271E-01    0.13547E+00   -0.12679E+00    0.98837E-01    0.19029E+00    0.39818E+00   -0.58914E-01    0.32019E+00    0.15861E+00    0.10042E+00    0.14186E+00   -0.76898E-01   -0.14325E+00   -0.20611E+00    0.22891E+00    0.15906E+02    0.11313E+00    0.43311E+00    0.57025E+01   -0.11546E-02   -0.38901E-01   -0.13420E-01    0.22255E-01    0.30414E-01    0.27828E-02    0.22359E-01    0.35974E-02    0.13906E-01    0.23628E-02    0.49064E-02   -0.74728E-02
   -0.17015E-04   -0.31319E-04   -0.98356E-04    0.65771E-03   -0.33423E-02   -0.10804E-02    0.50158E-03    0.46735E+01    0.25405E+00   -0.15301E+01   -0.19537E+00    0.16913E+00   -0.69918E+00   -0.72447E-02   -0.11393E-01    0.60116E-02    0.76566E-05    0.83463E-04   -0.94204E-02    0.16424E+00   -0.18485E-01    0.10125E-02    0.37657E-02    0.30717E-01    0.14377E-02    0.34338E-01   -0.28852E-01    0.66811E-02    0.11662E-01    0.96605E-02    0.40620E-01   -0.61406E-02   -0.20639E-01    0.16447E-01    0.10728E-01    0.51649E-01    0.13147E-01   -0.28689E-01   -0.48063E-02    0.24491E-01    0.15225E-01    0.11313E+00    0.22187E+01   -0.48795E-02    0.30938E+00   -0.92923E-01   -0.10978E+00   -0.46949E-02    0.48353E-02    0.32063E-02   -0.18602E-04    0.16022E-02   -0.28683E-05    0.15032E-02    0.15829E-02    0.63791E-03    0.15615E-02
   -0.93030E-05   -0.27936E-04   -0.82792E-04   -0.74442E-04   -0.27635E-02   -0.92825E-03   -0.98858E-03   -0.10753E+01   -0.70333E+00    0.10652E+00   -0.46143E-02   -0.68855E+00   -0.71241E-01   -0.42496E-02    0.34315E-02   -0.10444E-01   -0.93729E-06    0.26631E-04    0.57821E-01    0.19244E+00   -0.26253E-01    0.81629E-03   -0.74206E-02   -0.31818E-02   -0.10069E-02    0.42465E-03   -0.32410E-03    0.13740E-01   -0.67406E-02    0.21402E-02    0.89046E-02    0.75815E-02    0.23917E-02    0.11069E-01    0.45161E-02    0.33985E-02    0.10961E-01    0.35633E-02   -0.11944E-01   -0.10409E-01    0.16729E+00    0.43311E+00   -0.48795E-02    0.25998E+00    0.42576E+00    0.82897E-02    0.16051E-01   -0.23859E-03   -0.72364E-03    0.32941E-02    0.46084E-03    0.11579E-03    0.43144E-03    0.94030E-04    0.91852E-03    0.84106E-03    0.48155E-03
   -0.47393E-04   -0.17640E-03   -0.29686E-03   -0.13481E-02   -0.11439E-01   -0.36350E-02   -0.64582E-02    0.16565E+01   -0.31844E+01    0.64251E+01   -0.36895E-01   -0.73090E+01   -0.10159E+01   -0.98043E-01    0.39249E-02   -0.13131E+00   -0.85627E-05    0.39756E-03    0.17963E+00    0.15302E+01   -0.16706E+00    0.10720E+00    0.66941E-01    0.18397E-01    0.29886E-01   -0.82542E-01   -0.54642E-01    0.10376E+00   -0.72897E-01    0.43884E-01    0.18425E+00    0.16717E+00   -0.40854E-01    0.15618E+00    0.12661E+00    0.36916E-01    0.98769E-01   -0.76458E-01   -0.67620E-01   -0.21310E+00    0.51693E+00    0.57025E+01    0.30938E+00    0.42576E+00    0.16826E+02   -0.17785E-02   -0.63977E-01   -0.24231E-01   -0.17277E-01   -0.46397E-02    0.29497E-02    0.46487E-02    0.33634E-02    0.25784E-02    0.26342E-02    0.76788E-02    0.30682E-01
    0.44495E-06    0.22225E-05    0.29467E-05   -0.48362E-04    0.93120E-04    0.16483E-04   -0.79038E-04   -0.30918E-01    0.30175E-01   -0.18593E-01    0.48692E-01    0.42017E-01    0.40722E-01    0.34958E-03    0.16025E-03   -0.76168E-03   -0.41745E-06    0.30675E-05    0.60480E-02   -0.36593E-01    0.38910E-03   -0.17746E-02   -0.73989E-03   -0.77967E-03   -0.58822E-04   -0.39984E-02    0.74589E-03   -0.10822E-02    0.10263E-02   -0.21165E-02    0.61164E-03   -0.20682E-02    0.13779E-02   -0.68758E-03   -0.16939E-03   -0.27084E-02   -0.85412E-03    0.11983E-02    0.27970E-02    0.68852E-03    0.14273E-01   -0.11546E-02   -0.92923E-01    0.82897E-02   -0.17785E-02    0.87148E-02    0.84495E-02   -0.14462E-03    0.78059E-04   -0.26298E-03    0.13506E-04   -0.17018E-05    0.58980E-05   -0.57873E-05   -0.12357E-03    0.20992E-04    0.95097E-04
