# omegabh2 omegach2 theta tau mnu nnu logA ns calPlanck acib217 xi asz143 aps100 aps143 aps143217 aps217 aksz kgal100 kgal143 kgal143217 kgal217 cal0 cal2
    0.1756474E-06    0.6771516E-06    0.3633935E-08    0.4444830E-05   -0.4933558E-04    0.1015555E-03    0.1128011E-04    0.6057494E-05    0.4004437E-07    0.6741618E-04   -0.1563109E-05    0.7300097E-05    0.1305283E-03   -0.8724620E-04   -0.1278547E-03   -0.1779532E-03    0.3225664E-04    0.1237192E-04    0.2085172E-04    0.2403104E-04   -0.1774636E-04    0.5507165E-08   -0.3244602E-08
    0.6771516E-06    0.1630384E-04   -0.1499537E-05    0.1555664E-04   -0.5212732E-05    0.1047559E-02    0.7338782E-04    0.3638499E-04    0.1534093E-06    0.5660953E-02   -0.1008377E-03   -0.1198546E-02    0.2298439E-01    0.1144709E-01    0.2602395E-02   -0.1777444E-02    0.2004199E-02    0.2262905E-03    0.1387796E-03    0.5817335E-03   -0.8686792E-03   -0.5343263E-07    0.5104988E-06
    0.3633935E-08   -0.1499537E-05    0.3474072E-06   -0.5029971E-06   -0.3950650E-04   -0.7949683E-04   -0.4440186E-05   -0.1643656E-05   -0.8688988E-08   -0.6425168E-03    0.1276041E-04    0.1333001E-03   -0.2607899E-02   -0.1340619E-02   -0.3435058E-03    0.1244458E-03   -0.2255128E-03   -0.1830843E-04    0.3631436E-05   -0.4590702E-04    0.1119057E-03    0.7809350E-08   -0.6300279E-07
    0.4444830E-05    0.1555664E-04   -0.5029971E-06    0.4592554E-03    0.1427246E-03    0.2985419E-02    0.9628573E-03    0.1938826E-03   -0.1257560E-06   -0.4259997E-02   -0.4428412E-04    0.1396061E-02   -0.1660568E-01   -0.3870424E-02    0.1830168E-02    0.7743589E-02   -0.2145104E-02    0.1913877E-03   -0.1211668E-03   -0.4728691E-03   -0.9089452E-03    0.1546884E-06   -0.1003895E-05
   -0.4933558E-04   -0.5212732E-05   -0.3950650E-04    0.1427246E-03    0.5689330E-01   -0.1715972E-01   -0.9628914E-04   -0.1497804E-02    0.9382259E-05    0.1179438E+00   -0.3218158E-02   -0.2352859E-01    0.5614111E+00    0.2643820E+00    0.1050263E+00    0.4205755E-01    0.2729602E-01    0.3107257E-02   -0.1117734E-02   -0.7313185E-02   -0.3502079E-01   -0.3535107E-05    0.1214266E-04
    0.1015555E-03    0.1047559E-02   -0.7949683E-04    0.2985419E-02   -0.1715972E-01    0.1003606E+00    0.8913015E-02    0.4766624E-02    0.2529838E-04    0.4162943E+00   -0.7797521E-02   -0.7816953E-01    0.1555363E+01    0.7091085E+00    0.9565227E-01   -0.2168115E+00    0.1502688E+00    0.1935473E-01    0.1581671E-01    0.3694725E-01   -0.8911692E-01   -0.1731716E-05    0.3198505E-04
    0.1128011E-04    0.7338782E-04   -0.4440186E-05    0.9628573E-03   -0.9628914E-04    0.8913015E-02    0.2157753E-02    0.4988645E-03    0.1321935E-04    0.5160950E-02   -0.2638289E-03   -0.1711323E-03    0.2706017E-01    0.2189060E-01    0.1298052E-01    0.1678129E-01   -0.2408481E-03    0.7032820E-03   -0.3229745E-03    0.2598702E-03   -0.1841925E-02    0.4261912E-06   -0.8282553E-06
    0.6057494E-05    0.3638499E-04   -0.1643656E-05    0.1938826E-03   -0.1497804E-02    0.4766624E-02    0.4988645E-03    0.2736584E-03    0.1613153E-05    0.1003902E-01   -0.1876627E-03   -0.1316948E-02    0.2736912E-01    0.1571785E-01    0.3494197E-02   -0.4033114E-02    0.2921061E-02    0.1124290E-02    0.6604619E-03    0.8795375E-03   -0.3226951E-02   -0.1642239E-06    0.4547342E-06
    0.4004437E-07    0.1534093E-06   -0.8688988E-08   -0.1257560E-06    0.9382259E-05    0.2529838E-04    0.1321935E-04    0.1613153E-05    0.6476174E-05    0.8884254E-03    0.6550256E-05   -0.5453427E-04    0.3439949E-02    0.6356784E-03    0.3742417E-03    0.1109792E-02   -0.1293888E-04   -0.1178284E-04    0.1990574E-04   -0.2497276E-04    0.7688027E-03   -0.2532947E-07    0.9871157E-08
    0.6741618E-04    0.5660953E-02   -0.6425168E-03   -0.4259997E-02    0.1179438E+00    0.4162943E+00    0.5160950E-02    0.1003902E-01    0.8884254E-03    0.5201690E+02   -0.5268583E+00   -0.2147026E+01    0.5590085E+02    0.6447514E+01   -0.1975078E+02   -0.6769391E+02    0.1510818E+01    0.1324600E+00    0.6520008E+00   -0.2731567E+01   -0.2570324E+02   -0.1783375E-03    0.4655272E-02
   -0.1563109E-05   -0.1008377E-03    0.1276041E-04   -0.4428412E-04   -0.3218158E-02   -0.7797521E-02   -0.2638289E-03   -0.1876627E-03    0.6550256E-05   -0.5268583E+00    0.8315399E-01   -0.6692097E-01   -0.5588041E+00    0.8471608E+00    0.1681918E+01    0.7403898E+00    0.4944506E-01   -0.1282088E-01    0.7795395E-03    0.9758650E-01    0.1397923E+00    0.4390076E-05   -0.1663324E-04
    0.7300097E-05   -0.1198546E-02    0.1333001E-03    0.1396061E-02   -0.2352859E-01   -0.7816953E-01   -0.1711323E-03   -0.1316948E-02   -0.5453427E-04   -0.2147026E+01   -0.6692097E-01    0.3940284E+01   -0.3162286E+02   -0.4882294E+01    0.7656969E+01    0.7051121E+01   -0.3088529E+01   -0.2423411E+00    0.1589032E-01    0.2390916E+01    0.2123839E+01    0.2109682E-03   -0.4281593E-03
    0.1305283E-03    0.2298439E-01   -0.2607899E-02   -0.1660568E-01    0.5614111E+00    0.1555363E+01    0.2706017E-01    0.2736912E-01    0.3439949E-02    0.5590085E+02   -0.5588041E+00   -0.3162286E+02    0.7707048E+03    0.9032532E+02   -0.5354478E+02   -0.7875625E+02    0.1878057E+02    0.1799022E+00    0.9864306E+00   -0.1117057E+02   -0.2091355E+02    0.4458604E-02    0.5967203E-02
   -0.8724620E-04    0.1144709E-01   -0.1340619E-02   -0.3870424E-02    0.2643820E+00    0.7091085E+00    0.2189060E-01    0.1571785E-01    0.6356784E-03    0.6447514E+01    0.8471608E+00   -0.4882294E+01    0.9032532E+02    0.6951848E+02    0.4365967E+02    0.1557471E+02   -0.2852469E+01   -0.2750137E+00   -0.8356397E+00    0.4670721E+01    0.3386887E+01    0.7021512E-04    0.8535205E-03
   -0.1278547E-03    0.2602395E-02   -0.3435058E-03    0.1830168E-02    0.1050263E+00    0.9565227E-01    0.1298052E-01    0.3494197E-02    0.3742417E-03   -0.1975078E+02    0.1681918E+01    0.7656969E+01   -0.5354478E+02    0.4365967E+02    0.9224221E+02    0.6642330E+02   -0.1253674E+02   -0.1047531E+01   -0.5537840E+00    0.5222567E+01    0.6489376E+01    0.6799230E-03   -0.2362929E-02
   -0.1779532E-03   -0.1777444E-02    0.1244458E-03    0.7743589E-02    0.4205755E-01   -0.2168115E+00    0.1678129E-01   -0.4033114E-02    0.1109792E-02   -0.6769391E+02    0.7403898E+00    0.7051121E+01   -0.7875625E+02    0.1557471E+02    0.6642330E+02    0.1279154E+03   -0.1163486E+02   -0.6913886E+00   -0.1027977E+01    0.8875812E+00    0.2276555E+02    0.5929326E-03   -0.7753833E-02
    0.3225664E-04    0.2004199E-02   -0.2255128E-03   -0.2145104E-02    0.2729602E-01    0.1502688E+00   -0.2408481E-03    0.2921061E-02   -0.1293888E-04    0.1510818E+01    0.4944506E-01   -0.3088529E+01    0.1878057E+02   -0.2852469E+01   -0.1253674E+02   -0.1163486E+02    0.6873842E+01    0.1498893E+00   -0.5577648E-01   -0.2127708E+01   -0.1876172E+01   -0.1654175E-03    0.2873049E-03
    0.1237192E-04    0.2262905E-03   -0.1830843E-04    0.1913877E-03    0.3107257E-02    0.1935473E-01    0.7032820E-03    0.1124290E-02   -0.1178284E-04    0.1324600E+00   -0.1282088E-01   -0.2423411E+00    0.1799022E+00   -0.2750137E+00   -0.1047531E+01   -0.6913886E+00    0.1498893E+00    0.3221486E+01    0.7228544E+00    0.3027284E+00    0.4701334E+00    0.3992049E-03    0.2273450E-04
    0.2085172E-04    0.1387796E-03    0.3631436E-05   -0.1211668E-03   -0.1117734E-02    0.1581671E-01   -0.3229745E-03    0.6604619E-03    0.1990574E-04    0.6520008E+00    0.7795395E-03    0.1589032E-01    0.9864306E+00   -0.8356397E+00   -0.5537840E+00   -0.1027977E+01   -0.5577648E-01    0.7228544E+00    0.3144000E+01    0.2338604E+01    0.1189715E+01   -0.4215844E-03   -0.1718038E-03
    0.2403104E-04    0.5817335E-03   -0.4590702E-04   -0.4728691E-03   -0.7313185E-02    0.3694725E-01    0.2598702E-03    0.8795375E-03   -0.2497276E-04   -0.2731567E+01    0.9758650E-01    0.2390916E+01   -0.1117057E+02    0.4670721E+01    0.5222567E+01    0.8875812E+00   -0.2127708E+01    0.3027284E+00    0.2338604E+01    0.1813420E+02    0.2769879E+02   -0.4046111E-04    0.2638977E-02
   -0.1774636E-04   -0.8686792E-03    0.1119057E-03   -0.9089452E-03   -0.3502079E-01   -0.8911692E-01   -0.1841925E-02   -0.3226951E-02    0.7688027E-03   -0.2570324E+02    0.1397923E+00    0.2123839E+01   -0.2091355E+02    0.3386887E+01    0.6489376E+01    0.2276555E+02   -0.1876172E+01    0.4701334E+00    0.1189715E+01    0.2769879E+02    0.6300877E+02    0.2787494E-04    0.4577408E-02
    0.5507165E-08   -0.5343263E-07    0.7809350E-08    0.1546884E-06   -0.3535107E-05   -0.1731716E-05    0.4261912E-06   -0.1642239E-06   -0.2532947E-07   -0.1783375E-03    0.4390076E-05    0.2109682E-03    0.4458604E-02    0.7021512E-04    0.6799230E-03    0.5929326E-03   -0.1654175E-03    0.3992049E-03   -0.4215844E-03   -0.4046111E-04    0.2787494E-04    0.5494871E-06    0.2084555E-07
   -0.3244602E-08    0.5104988E-06   -0.6300279E-07   -0.1003895E-05    0.1214266E-04    0.3198505E-04   -0.8282553E-06    0.4547342E-06    0.9871157E-08    0.4655272E-02   -0.1663324E-04   -0.4281593E-03    0.5967203E-02    0.8535205E-03   -0.2362929E-02   -0.7753833E-02    0.2873049E-03    0.2273450E-04   -0.1718038E-03    0.2638977E-02    0.4577408E-02    0.2084555E-07    0.2129718E-05
