# omegabh2 omegach2 theta tau meffsterile nnu logA ns acib217 acibsz143 asz143 aps100 aps143 aps143217 aps217 aksz kgal100 t1gal143 t1gal143217 t1gal217 galfEE100 galfEE100143 galfEE100217 galfEE143 galfEE143217 galfEE217 galfTE100 galfTE100143 galfTE100217 galfTE143 galfTE143217 galfTE217 calib_100T calib_217T
    0.4234817E-07    0.2160990E-06   -0.1474159E-07    0.1062301E-05    0.1215996E-05    0.2210393E-04    0.2492107E-05    0.1173361E-05    0.3162837E-04    0.7897491E-05    0.1649671E-04   -0.1971804E-03   -0.1437915E-03   -0.1143077E-03   -0.1320970E-03   -0.5883787E-05    0.5515646E-03    0.3729768E-03    0.3738163E-03    0.3608142E-03    0.2694831E-06    0.2822867E-06    0.3321139E-06    0.3125276E-06    0.3690927E-06    0.4136973E-06   -0.2276370E-05   -0.3270612E-05   -0.3955799E-05   -0.5526318E-05   -0.7549471E-05   -0.1249920E-04   -0.2957527E-07   -0.2446439E-08
    0.2160990E-06    0.1128076E-04   -0.9928294E-06    0.1965331E-05   -0.2204994E-04    0.4936221E-03    0.2304690E-04    0.1233264E-04    0.5221177E-02    0.2605187E-02    0.5012241E-03    0.9390088E-03   -0.2367394E-02   -0.6368068E-02   -0.6380008E-02    0.1086909E-02    0.8965258E-02    0.9817991E-02    0.1026608E-01    0.1056658E-01    0.9317289E-06    0.2683191E-06    0.4345012E-06    0.6024168E-06   -0.3690484E-06   -0.1821197E-05    0.1816410E-06   -0.7625300E-05   -0.7266496E-05   -0.1044610E-04   -0.5424149E-05    0.1136088E-04   -0.2198269E-06   -0.2376649E-06
   -0.1474159E-07   -0.9928294E-06    0.1767686E-06   -0.7520788E-07   -0.7510287E-05   -0.4851565E-04   -0.1786173E-05   -0.1106457E-05   -0.5057573E-03   -0.2463884E-03   -0.4153193E-04   -0.1291779E-03    0.1952650E-03    0.6037157E-03    0.6173271E-03   -0.1042284E-03   -0.8003736E-03   -0.1024600E-02   -0.1111726E-02   -0.1180060E-02   -0.1187045E-06   -0.6852767E-07   -0.1497144E-06   -0.1309508E-06   -0.1150735E-06   -0.1833279E-06   -0.2783797E-07    0.5622913E-06    0.2198566E-06    0.6790553E-06    0.1211713E-06   -0.2130032E-05    0.1910379E-08    0.3278186E-07
    0.1062301E-05    0.1965331E-05   -0.7520788E-07    0.1821528E-03    0.1018374E-03    0.5285028E-03    0.3646611E-03    0.4192710E-04   -0.6475968E-02   -0.3300166E-02   -0.3317766E-03   -0.1321194E-02    0.3275911E-02    0.9613287E-02    0.9427783E-02   -0.1522775E-02   -0.4565711E-02   -0.4281996E-02   -0.7270459E-02   -0.9583778E-02    0.1084212E-04    0.9058894E-05    0.1058037E-04    0.9891323E-05    0.1471295E-04    0.1366327E-04   -0.8016067E-04   -0.8827206E-04   -0.1152208E-03   -0.1326808E-03   -0.1956293E-03   -0.3411806E-03    0.5025432E-06    0.6499877E-06
    0.1215996E-05   -0.2204994E-04   -0.7510287E-05    0.1018374E-03    0.3203479E-01    0.6573194E-02    0.3041531E-03   -0.2226279E-03    0.1254071E+00    0.6450642E-01   -0.3502955E-02    0.1037073E+00    0.6053457E-01   -0.8615203E-01   -0.8462081E-01    0.3026616E-01    0.6083402E-01    0.1050293E+00    0.1254146E+00    0.1480976E+00   -0.1086746E-03   -0.8479940E-04   -0.8401857E-04   -0.5350718E-04   -0.4727244E-04   -0.1623789E-05   -0.6277427E-03   -0.2945898E-03   -0.4734278E-03    0.3543626E-03    0.5088198E-03    0.9478277E-03    0.4438646E-05   -0.9463946E-05
    0.2210393E-04    0.4936221E-03   -0.4851565E-04    0.5285028E-03    0.6573194E-02    0.3049330E-01    0.1871817E-02    0.1002721E-02    0.2805621E+00    0.1449015E+00    0.3160073E-01   -0.2557140E-01   -0.1775933E+00   -0.3911329E+00   -0.3810563E+00    0.6026362E-01    0.5605456E+00    0.6713696E+00    0.6998209E+00    0.7159811E+00    0.1521412E-03    0.1338920E-03    0.1562969E-03    0.1621653E-03    0.1363834E-03    0.9911464E-04   -0.9430252E-03   -0.1385870E-02   -0.1660084E-02   -0.2088743E-02   -0.2578002E-02   -0.3407882E-02   -0.4779934E-05   -0.1301706E-04
    0.2492107E-05    0.2304690E-04   -0.1786173E-05    0.3646611E-03    0.3041531E-03    0.1871817E-02    0.7725337E-03    0.9829259E-04   -0.5635786E-02   -0.3700398E-02   -0.6586467E-03    0.1063180E-01    0.1171703E-01    0.1775788E-01    0.1533151E-01   -0.1803495E-02   -0.4132463E-02   -0.1231742E-01   -0.1678479E-01   -0.2023276E-01    0.1900008E-04    0.1455943E-04    0.1664833E-04    0.1639931E-04    0.2405593E-04    0.1906925E-04   -0.1459894E-03   -0.1677892E-03   -0.2221000E-03   -0.2439328E-03   -0.3562016E-03   -0.6068847E-03   -0.3755354E-06    0.6801910E-06
    0.1173361E-05    0.1233264E-04   -0.1106457E-05    0.4192710E-04   -0.2226279E-03    0.1002721E-02    0.9829259E-04    0.6392569E-04   -0.2438811E-02   -0.9567142E-03   -0.5275679E-04   -0.8993034E-02   -0.1871577E-02    0.5543135E-03    0.8193002E-03   -0.8734246E-03    0.1809073E-01    0.1994073E-01    0.1947906E-01    0.1968112E-01    0.1618209E-04    0.1575029E-04    0.1764085E-04    0.1653806E-04    0.1701544E-04    0.1592950E-04   -0.7100331E-04   -0.8736425E-04   -0.1055112E-03   -0.1479291E-03   -0.1984963E-03   -0.3101485E-03    0.2299922E-07    0.8868783E-07
    0.3162837E-04    0.5221177E-02   -0.5057573E-03   -0.6475968E-02    0.1254071E+00    0.2805621E+00   -0.5635786E-02   -0.2438811E-02    0.7436395E+02    0.3018626E+02    0.1670245E+01    0.8403184E+01   -0.2928003E+02   -0.8044696E+02   -0.9275386E+02   -0.3521148E+01    0.1317832E+01   -0.6720673E+01   -0.1359228E+02   -0.1940440E+02   -0.2132539E-02   -0.1867464E-02   -0.1015274E-02   -0.1811762E-02   -0.2052462E-02   -0.1269982E-02   -0.4779845E-02   -0.1136225E-02    0.1307978E-01    0.3049764E-02    0.1841012E-02   -0.3384081E-01   -0.3086276E-04   -0.3081994E-02
    0.7897491E-05    0.2605187E-02   -0.2463884E-03   -0.3300166E-02    0.6450642E-01    0.1449015E+00   -0.3700398E-02   -0.9567142E-03    0.3018626E+02    0.2205283E+02    0.3153751E+01   -0.1869547E+02   -0.2954503E+02   -0.5441914E+02   -0.3291334E+02   -0.1613145E+01   -0.1011999E+01   -0.5413982E+01   -0.1320291E+02   -0.1505510E+02   -0.8374865E-03   -0.6052262E-03    0.3842594E-04   -0.7649285E-03   -0.7582416E-03   -0.4013089E-03   -0.2807060E-02   -0.5179979E-02    0.1069546E-01    0.9510234E-03    0.1087471E-01    0.2557133E-01   -0.1437569E-03   -0.1281984E-03
    0.1649671E-04    0.5012241E-03   -0.4153193E-04   -0.3317766E-03   -0.3502955E-02    0.3160073E-01   -0.6586467E-03   -0.5275679E-04    0.1670245E+01    0.3153751E+01    0.6048521E+01   -0.3934734E+02   -0.1801692E+02   -0.6739827E+01   -0.1395677E+01   -0.2959415E+00   -0.2869736E+01   -0.1792082E+01    0.2007176E+01    0.2765942E+01   -0.2039414E-03    0.2180896E-03    0.2216348E-03    0.1550881E-03    0.2130794E-03   -0.5176160E-03    0.4480667E-02   -0.9736329E-03   -0.5746625E-02   -0.4500217E-02   -0.1023712E-01   -0.1407708E-01   -0.2431182E-03    0.1514278E-03
   -0.1971804E-03    0.9390088E-03   -0.1291779E-03   -0.1321194E-02    0.1037073E+00   -0.2557140E-01    0.1063180E-01   -0.8993034E-02    0.8403184E+01   -0.1869547E+02   -0.3934734E+02    0.7323273E+03    0.1733264E+03    0.7440289E+02    0.1462732E+02   -0.1211018E+02   -0.4359864E+02    0.2229917E+01   -0.6120242E+01   -0.5463668E+01   -0.4844629E-02   -0.6826416E-02   -0.7578320E-02   -0.4300456E-02   -0.8046579E-02   -0.6960828E-02    0.1012502E-01    0.3847643E-01    0.6922590E-01    0.8869397E-01    0.1341640E+00    0.1880986E+00   -0.2059330E-03   -0.3364272E-02
   -0.1437915E-03   -0.2367394E-02    0.1952650E-03    0.3275911E-02    0.6053457E-01   -0.1775933E+00    0.1171703E-01   -0.1871577E-02   -0.2928003E+02   -0.2954503E+02   -0.1801692E+02    0.1733264E+03    0.1255043E+03    0.1054428E+03    0.5854100E+02   -0.1017690E+02   -0.3590588E+01   -0.9865440E+01   -0.2763132E+01    0.7008598E+00    0.9434292E-04   -0.1910544E-02   -0.3856992E-02   -0.2121634E-02   -0.3776389E-02   -0.4008154E-02    0.8065218E-02    0.3168938E-01    0.9018832E-02    0.6805999E-01    0.8112579E-01    0.9984575E-01    0.2019177E-03   -0.1031525E-02
   -0.1143077E-03   -0.6368068E-02    0.6037157E-03    0.9613287E-02   -0.8615203E-01   -0.3911329E+00    0.1775788E-01    0.5543135E-03   -0.8044696E+02   -0.5441914E+02   -0.6739827E+01    0.7440289E+02    0.1054428E+03    0.1719587E+03    0.1230592E+03   -0.7251494E+01   -0.1005940E+02   -0.7566747E+01    0.6255081E+01    0.8182596E+01    0.9992448E-03    0.3303587E-03   -0.1941063E-02    0.5683313E-03   -0.5886431E-03   -0.3224190E-02    0.2147919E-01    0.3754082E-01   -0.7876767E-03    0.4913270E-01    0.4453834E-01    0.4404387E-01   -0.2087574E-03    0.1620519E-02
   -0.1320970E-03   -0.6380008E-02    0.6173271E-03    0.9427783E-02   -0.8462081E-01   -0.3810563E+00    0.1533151E-01    0.8193002E-03   -0.9275386E+02   -0.3291334E+02   -0.1395677E+01    0.1462732E+02    0.5854100E+02    0.1230592E+03    0.1553925E+03   -0.6872111E+01   -0.1262865E+02   -0.1228192E+02   -0.1519810E+02   -0.1537346E+02    0.1601598E-02    0.1293678E-02   -0.2028673E-03    0.1111843E-02    0.8064785E-03   -0.2041779E-02    0.2123682E-01    0.2388151E-01    0.1384953E-01    0.4371961E-01    0.6392219E-01    0.1393750E+00   -0.5825242E-03    0.5620193E-02
   -0.5883787E-05    0.1086909E-02   -0.1042284E-03   -0.1522775E-02    0.3026616E-01    0.6026362E-01   -0.1803495E-02   -0.8734246E-03   -0.3521148E+01   -0.1613145E+01   -0.2959415E+00   -0.1211018E+02   -0.1017690E+02   -0.7251494E+01   -0.6872111E+01    0.7937067E+01   -0.9751531E+00   -0.1584859E+01   -0.2284294E+01   -0.2655480E+01   -0.8825005E-03   -0.1017882E-02   -0.1145652E-02   -0.7753997E-03   -0.1119204E-02   -0.1536280E-02   -0.1125031E-02    0.5009619E-02    0.1114841E-01    0.5151737E-03    0.3796160E-02    0.1993197E-01    0.6004327E-05    0.2621294E-03
    0.5515646E-03    0.8965258E-02   -0.8003736E-03   -0.4565711E-02    0.6083402E-01    0.5605456E+00   -0.4132463E-02    0.1809073E-01    0.1317832E+01   -0.1011999E+01   -0.2869736E+01   -0.4359864E+02   -0.3590588E+01   -0.1005940E+02   -0.1262865E+02   -0.9751531E+00    0.1756323E+03    0.7922857E+02    0.7684376E+02    0.7477024E+02    0.2254719E-02    0.4392703E-02    0.4735327E-02    0.7424038E-02    0.8019081E-02    0.1643406E-01   -0.4667468E-01   -0.1016243E+00   -0.1082503E+00   -0.9111293E-01   -0.1115383E+00   -0.1615741E+00   -0.1316690E-01   -0.9661895E-04
    0.3729768E-03    0.9817991E-02   -0.1024600E-02   -0.4281996E-02    0.1050293E+00    0.6713696E+00   -0.1231742E-01    0.1994073E-01   -0.6720673E+01   -0.5413982E+01   -0.1792082E+01    0.2229917E+01   -0.9865440E+01   -0.7566747E+01   -0.1228192E+02   -0.1584859E+01    0.7922857E+02    0.1410617E+03    0.1427730E+03    0.1416881E+03    0.7116377E-02    0.6952100E-02    0.9152448E-02    0.8555845E-02    0.9860801E-02    0.1348870E-01   -0.3248100E-01   -0.1066068E+00   -0.1361276E+00   -0.1597329E+00   -0.1928296E+00   -0.2629920E+00    0.3748358E-02    0.1804201E-03
    0.3738163E-03    0.1026608E-01   -0.1111726E-02   -0.7270459E-02    0.1254146E+00    0.6998209E+00   -0.1678479E-01    0.1947906E-01   -0.1359228E+02   -0.1320291E+02    0.2007176E+01   -0.6120242E+01   -0.2763132E+01    0.6255081E+01   -0.1519810E+02   -0.2284294E+01    0.7684376E+02    0.1427730E+03    0.1831336E+03    0.2071225E+03    0.6804923E-02    0.6489068E-02    0.8054809E-02    0.7800258E-02    0.8978115E-02    0.1084983E-01   -0.2541852E-01   -0.1003325E+00   -0.1645925E+00   -0.1524200E+00   -0.2055294E+00   -0.2854680E+00    0.3371447E-02   -0.4904633E-02
    0.3608142E-03    0.1056658E-01   -0.1180060E-02   -0.9583778E-02    0.1480976E+00    0.7159811E+00   -0.2023276E-01    0.1968112E-01   -0.1940440E+02   -0.1505510E+02    0.2765942E+01   -0.5463668E+01    0.7008598E+00    0.8182596E+01   -0.1537346E+02   -0.2655480E+01    0.7477024E+02    0.1416881E+03    0.2071225E+03    0.2555754E+03    0.6646721E-02    0.6111191E-02    0.7482054E-02    0.7237189E-02    0.8464657E-02    0.9757073E-02   -0.2187171E-01   -0.9385159E-01   -0.1678001E+00   -0.1429754E+00   -0.1900411E+00   -0.2440768E+00    0.3215094E-02   -0.9307528E-02
    0.2694831E-06    0.9317289E-06   -0.1187045E-06    0.1084212E-04   -0.1086746E-03    0.1521412E-03    0.1900008E-04    0.1618209E-04   -0.2132539E-02   -0.8374865E-03   -0.2039414E-03   -0.4844629E-02    0.9434292E-04    0.9992448E-03    0.1601598E-02   -0.8825005E-03    0.2254719E-02    0.7116377E-02    0.6804923E-02    0.6646721E-02    0.7014017E-04    0.2485763E-04    0.2975832E-04    0.1295083E-04    0.1604005E-04    0.1518649E-04   -0.9278480E-04   -0.6697280E-04   -0.6537215E-04   -0.5221779E-04   -0.6867447E-04   -0.1321823E-03    0.6913904E-06    0.1321494E-06
    0.2822867E-06    0.2683191E-06   -0.6852767E-07    0.9058894E-05   -0.8479940E-04    0.1338920E-03    0.1455943E-04    0.1575029E-04   -0.1867464E-02   -0.6052262E-03    0.2180896E-03   -0.6826416E-02   -0.1910544E-02    0.3303587E-03    0.1293678E-02   -0.1017882E-02    0.4392703E-02    0.6952100E-02    0.6489068E-02    0.6111191E-02    0.2485763E-04    0.4169896E-04    0.3748265E-04    0.3115939E-04    0.3190182E-04    0.2803522E-04   -0.6156334E-04   -0.9738866E-04   -0.7996250E-04   -0.1341245E-03   -0.1405428E-03   -0.1898156E-03    0.3465428E-06    0.1620590E-06
    0.3321139E-06    0.4345012E-06   -0.1497144E-06    0.1058037E-04   -0.8401857E-04    0.1562969E-03    0.1664833E-04    0.1764085E-04   -0.1015274E-02    0.3842594E-04    0.2216348E-03   -0.7578320E-02   -0.3856992E-02   -0.1941063E-02   -0.2028673E-03   -0.1145652E-02    0.4735327E-02    0.9152448E-02    0.8054809E-02    0.7482054E-02    0.2975832E-04    0.3748265E-04    0.1193868E-03    0.2741528E-04    0.6290659E-04    0.1139307E-03   -0.7392267E-04   -0.9957742E-04   -0.1024045E-03   -0.1251163E-03   -0.2318564E-03   -0.4686311E-03    0.5924273E-06    0.1619618E-06
    0.3125276E-06    0.6024168E-06   -0.1309508E-06    0.9891323E-05   -0.5350718E-04    0.1621653E-03    0.1639931E-04    0.1653806E-04   -0.1811762E-02   -0.7649285E-03    0.1550881E-03   -0.4300456E-02   -0.2121634E-02    0.5683313E-03    0.1111843E-02   -0.7753997E-03    0.7424038E-02    0.8555845E-02    0.7800258E-02    0.7237189E-02    0.1295083E-04    0.3115939E-04    0.2741528E-04    0.8732801E-04    0.5657716E-04    0.4223028E-04   -0.5378828E-04   -0.9513312E-04   -0.5783563E-04   -0.2010714E-03   -0.1879023E-03   -0.2358383E-03   -0.1382303E-08    0.1125508E-06
    0.3690927E-06   -0.3690484E-06   -0.1150735E-06    0.1471295E-04   -0.4727244E-04    0.1363834E-03    0.2405593E-04    0.1701544E-04   -0.2052462E-02   -0.7582416E-03    0.2130794E-03   -0.8046579E-02   -0.3776389E-02   -0.5886431E-03    0.8064785E-03   -0.1119204E-02    0.8019081E-02    0.9860801E-02    0.8978115E-02    0.8464657E-02    0.1604005E-04    0.3190182E-04    0.6290659E-04    0.5657716E-04    0.1280980E-03    0.1617241E-03   -0.4952084E-04   -0.9036034E-04   -0.1041735E-03   -0.2091158E-03   -0.2948514E-03   -0.5491378E-03    0.2375569E-06    0.1026193E-06
    0.4136973E-06   -0.1821197E-05   -0.1833279E-06    0.1366327E-04   -0.1623789E-05    0.9911464E-04    0.1906925E-04    0.1592950E-04   -0.1269982E-02   -0.4013089E-03   -0.5176160E-03   -0.6960828E-02   -0.4008154E-02   -0.3224190E-02   -0.2041779E-02   -0.1536280E-02    0.1643406E-01    0.1348870E-01    0.1084983E-01    0.9757073E-02    0.1518649E-04    0.2803522E-04    0.1139307E-03    0.4223028E-04    0.1617241E-03    0.6537297E-03   -0.7304316E-04   -0.9499953E-04   -0.1542267E-03   -0.2117855E-03   -0.3956524E-03   -0.6660106E-03   -0.1524552E-06    0.1768391E-06
   -0.2276370E-05    0.1816410E-06   -0.2783797E-07   -0.8016067E-04   -0.6277427E-03   -0.9430252E-03   -0.1459894E-03   -0.7100331E-04   -0.4779845E-02   -0.2807060E-02    0.4480667E-02    0.1012502E-01    0.8065218E-02    0.2147919E-01    0.2123682E-01   -0.1125031E-02   -0.4667468E-01   -0.3248100E-01   -0.2541852E-01   -0.2187171E-01   -0.9278480E-04   -0.6156334E-04   -0.7392267E-04   -0.5378828E-04   -0.4952084E-04   -0.7304316E-04    0.1256322E-01    0.8039498E-02    0.9164654E-02    0.1622785E-02    0.2063770E-02    0.3159424E-02    0.8361948E-06   -0.1741848E-06
   -0.3270612E-05   -0.7625300E-05    0.5622913E-06   -0.8827206E-04   -0.2945898E-03   -0.1385870E-02   -0.1677892E-03   -0.8736425E-04   -0.1136225E-02   -0.5179979E-02   -0.9736329E-03    0.3847643E-01    0.3168938E-01    0.3754082E-01    0.2388151E-01    0.5009619E-02   -0.1016243E+00   -0.1066068E+00   -0.1003325E+00   -0.9385159E-01   -0.6697280E-04   -0.9738866E-04   -0.9957742E-04   -0.9513312E-04   -0.9036034E-04   -0.9499953E-04    0.8039498E-02    0.1185510E-01    0.1324229E-01    0.8164598E-02    0.7968776E-02    0.7568234E-02    0.2294216E-05   -0.9805787E-06
   -0.3955799E-05   -0.7266496E-05    0.2198566E-06   -0.1152208E-03   -0.4734278E-03   -0.1660084E-02   -0.2221000E-03   -0.1055112E-03    0.1307978E-01    0.1069546E-01   -0.5746625E-02    0.6922590E-01    0.9018832E-02   -0.7876767E-03    0.1384953E-01    0.1114841E-01   -0.1082503E+00   -0.1361276E+00   -0.1645925E+00   -0.1678001E+00   -0.6537215E-04   -0.7996250E-04   -0.1024045E-03   -0.5783563E-04   -0.1041735E-03   -0.1542267E-03    0.9164654E-02    0.1324229E-01    0.2566681E-01    0.4493768E-02    0.1174913E-01    0.2324364E-01    0.1119460E-05    0.9721934E-06
   -0.5526318E-05   -0.1044610E-04    0.6790553E-06   -0.1326808E-03    0.3543626E-03   -0.2088743E-02   -0.2439328E-03   -0.1479291E-03    0.3049764E-02    0.9510234E-03   -0.4500217E-02    0.8869397E-01    0.6805999E-01    0.4913270E-01    0.4371961E-01    0.5151737E-03   -0.9111293E-01   -0.1597329E+00   -0.1524200E+00   -0.1429754E+00   -0.5221779E-04   -0.1341245E-03   -0.1251163E-03   -0.2010714E-03   -0.2091158E-03   -0.2117855E-03    0.1622785E-02    0.8164598E-02    0.4493768E-02    0.2140674E-01    0.1908938E-01    0.1296854E-01   -0.4764860E-05   -0.1422026E-05
   -0.7549471E-05   -0.5424149E-05    0.1211713E-06   -0.1956293E-03    0.5088198E-03   -0.2578002E-02   -0.3562016E-03   -0.1984963E-03    0.1841012E-02    0.1087471E-01   -0.1023712E-01    0.1341640E+00    0.8112579E-01    0.4453834E-01    0.6392219E-01    0.3796160E-02   -0.1115383E+00   -0.1928296E+00   -0.2055294E+00   -0.1900411E+00   -0.6867447E-04   -0.1405428E-03   -0.2318564E-03   -0.1879023E-03   -0.2948514E-03   -0.3956524E-03    0.2063770E-02    0.7968776E-02    0.1174913E-01    0.1908938E-01    0.2909938E-01    0.4092791E-01   -0.4835047E-05   -0.7821129E-06
   -0.1249920E-04    0.1136088E-04   -0.2130032E-05   -0.3411806E-03    0.9478277E-03   -0.3407882E-02   -0.6068847E-03   -0.3101485E-03   -0.3384081E-01    0.2557133E-01   -0.1407708E-01    0.1880986E+00    0.9984575E-01    0.4404387E-01    0.1393750E+00    0.1993197E-01   -0.1615741E+00   -0.2629920E+00   -0.2854680E+00   -0.2440768E+00   -0.1321823E-03   -0.1898156E-03   -0.4686311E-03   -0.2358383E-03   -0.5491378E-03   -0.6660106E-03    0.3159424E-02    0.7568234E-02    0.2324364E-01    0.1296854E-01    0.4092791E-01    0.1036499E+00   -0.6175280E-05    0.2365998E-05
   -0.2957527E-07   -0.2198269E-06    0.1910379E-08    0.5025432E-06    0.4438646E-05   -0.4779934E-05   -0.3755354E-06    0.2299922E-07   -0.3086276E-04   -0.1437569E-03   -0.2431182E-03   -0.2059330E-03    0.2019177E-03   -0.2087574E-03   -0.5825242E-03    0.6004327E-05   -0.1316690E-01    0.3748358E-02    0.3371447E-02    0.3215094E-02    0.6913904E-06    0.3465428E-06    0.5924273E-06   -0.1382303E-08    0.2375569E-06   -0.1524552E-06    0.8361948E-06    0.2294216E-05    0.1119460E-05   -0.4764860E-05   -0.4835047E-05   -0.6175280E-05    0.2357604E-05    0.3429169E-07
   -0.2446439E-08   -0.2376649E-06    0.3278186E-07    0.6499877E-06   -0.9463946E-05   -0.1301706E-04    0.6801910E-06    0.8868783E-07   -0.3081994E-02   -0.1281984E-03    0.1514278E-03   -0.3364272E-02   -0.1031525E-02    0.1620519E-02    0.5620193E-02    0.2621294E-03   -0.9661895E-04    0.1804201E-03   -0.4904633E-02   -0.9307528E-02    0.1321494E-06    0.1620590E-06    0.1619618E-06    0.1125508E-06    0.1026193E-06    0.1768391E-06   -0.1741848E-06   -0.9805787E-06    0.9721934E-06   -0.1422026E-05   -0.7821129E-06    0.2365998E-05    0.3429169E-07    0.1303294E-05
