# omegabh2 omegach2 theta tau logA ns galfEE100 galfEE100143 galfEE100217 galfEE143 galfEE143217 galfEE217
    0.3597720E-06   -0.4034069E-06    0.3842458E-07   -0.3217936E-05   -0.2047652E-05   -0.3972141E-06   -0.1735386E-05   -0.1673147E-05   -0.1678174E-05   -0.2108646E-05   -0.1935875E-05   -0.2113035E-05
   -0.4034069E-06    0.2322367E-05    0.1519738E-06   -0.6035300E-05   -0.1048867E-04   -0.7022548E-05   -0.6826153E-06   -0.1544167E-05   -0.2160708E-05   -0.1594653E-05   -0.2741939E-05   -0.4427655E-05
    0.3842458E-07    0.1519738E-06    0.4404343E-06    0.1236189E-05    0.3808879E-05    0.3345982E-06   -0.3199040E-06   -0.1536051E-07   -0.1421754E-06   -0.1460733E-06   -0.3659945E-06   -0.4514383E-06
   -0.3217936E-05   -0.6035300E-05    0.1236189E-05    0.2871199E-03    0.4866829E-03    0.3367125E-04    0.2194978E-04    0.2861348E-04    0.2984514E-04    0.2719987E-04    0.2556102E-04    0.3758562E-04
   -0.2047652E-05   -0.1048867E-04    0.3808879E-05    0.4866829E-03    0.8877695E-03    0.4199739E-04    0.7803811E-05    0.2228230E-04    0.1889898E-04    0.1412334E-04    0.9171871E-05    0.1785435E-04
   -0.3972141E-06   -0.7022548E-05    0.3345982E-06    0.3367125E-04    0.4199739E-04    0.1067119E-03    0.4039931E-04    0.4573786E-04    0.5185392E-04    0.5144452E-04    0.5867633E-04    0.8955266E-04
   -0.1735386E-05   -0.6826153E-06   -0.3199040E-06    0.2194978E-04    0.7803811E-05    0.4039931E-04    0.9416646E-04    0.4807922E-04    0.5965294E-04    0.3722284E-04    0.3969329E-04    0.6132466E-04
   -0.1673147E-05   -0.1544167E-05   -0.1536051E-07    0.2861348E-04    0.2228230E-04    0.4573786E-04    0.4807922E-04    0.6427506E-04    0.6909535E-04    0.5996688E-04    0.6494621E-04    0.7760068E-04
   -0.1678174E-05   -0.2160708E-05   -0.1421754E-06    0.2984514E-04    0.1889898E-04    0.5185392E-04    0.5965294E-04    0.6909535E-04    0.1571815E-03    0.5789010E-04    0.1117562E-03    0.1800194E-03
   -0.2108646E-05   -0.1594653E-05   -0.1460733E-06    0.2719987E-04    0.1412334E-04    0.5144452E-04    0.3722284E-04    0.5996688E-04    0.5789010E-04    0.1248793E-03    0.9444618E-04    0.9615392E-04
   -0.1935875E-05   -0.2741939E-05   -0.3659945E-06    0.2556102E-04    0.9171871E-05    0.5867633E-04    0.3969329E-04    0.6494621E-04    0.1117562E-03    0.9444618E-04    0.1708670E-03    0.2372358E-03
   -0.2113035E-05   -0.4427655E-05   -0.4514383E-06    0.3758562E-04    0.1785435E-04    0.8955266E-04    0.6132466E-04    0.7760068E-04    0.1800194E-03    0.9615392E-04    0.2372358E-03    0.7810365E-03
