# omegabh2 omegach2 theta tau logA ns calPlanck aps100 aps143 aps217 acib217 asz143 psr cibr xi aksz dust100 dust143 dust217 dust143x217 cal0 cal2 calTE calEE
  3.3718765E-08  -1.8386734E-07   2.6659524E-08   2.8091175E-06   5.2428764E-06   6.3933636E-07   5.3046600E-09  -8.3011337E-04  -4.7378152E-04   1.7345818E-04  -2.4156016E-04   2.8720885E-05   1.7440041E-06  -3.2054648E-06   2.2228530E-06  -6.3028267E-05  -7.3499325E-07  -1.1954882E-06   1.0093153E-06  -1.3441855E-06   2.7222820E-09  -1.7874920E-08  -2.7752174E-07  -3.3258659E-07
 -1.8386734E-07   2.4407069E-06  -2.3145721E-07  -2.4262857E-05  -4.2642230E-05  -6.7243571E-06   3.7439185E-09   4.5831708E-03   2.6471291E-03  -6.7304544E-04   1.2134269E-03  -1.5958014E-04  -8.1222776E-06   1.4936577E-05  -1.0799146E-05   2.9062536E-04   7.0757865E-06   5.5333691E-06  -5.6317199E-06   5.9276944E-06  -1.7857961E-08   6.8548625E-08   1.4233414E-06   1.4145117E-07
  2.6659524E-08  -2.3145721E-07   1.0888304E-07   2.6974018E-06   4.9499283E-06   7.6252172E-07   1.0349202E-08  -4.1341954E-04  -2.9581306E-04   4.8002429E-05  -1.1448465E-04   2.0369510E-05   8.0311915E-07  -1.9386835E-06   1.0053036E-07  -3.6454597E-05  -6.9933514E-07  -2.0430495E-07   5.9135428E-07  -2.8326410E-07   1.4359956E-09  -6.2503104E-09  -1.9684759E-07  -3.6944170E-08
  2.8091175E-06  -2.4262857E-05   2.6974018E-06   7.8637498E-04   1.5028124E-03   9.7109364E-05  -4.4077166E-06  -1.4408547E-01  -6.6775301E-02   3.2218138E-02  -3.7190223E-02   4.0941247E-03   3.1700171E-04  -6.2740466E-04   3.7654712E-04  -9.8323547E-03  -2.2274425E-04  -2.2835325E-04   1.1239794E-04  -1.8648601E-04  -4.8843048E-07  -3.3633228E-06  -6.0617136E-05  -3.1050886E-05
  5.2428764E-06  -4.2642230E-05   4.9499283E-06   1.5028124E-03   2.9076855E-03   1.7606884E-04   3.1283320E-06  -2.7051912E-01  -1.2466671E-01   7.1690891E-02  -7.3020203E-02   7.8400635E-03   6.4928738E-04  -1.2804087E-03   7.7074729E-04  -1.9930904E-02  -4.3882885E-04  -5.4140206E-04   2.3119739E-04  -3.8287296E-04  -2.8236851E-07  -6.7329557E-06  -1.1692579E-04  -5.9116539E-05
  6.3933636E-07  -6.7243571E-06   7.6252172E-07   9.7109364E-05   1.7606884E-04   2.9748141E-05  -8.8449938E-08  -3.8417055E-02  -1.5396111E-02   1.1289880E-02  -1.0064581E-02   9.8914348E-04   8.9799570E-05  -1.6007018E-04   9.6876710E-05  -2.8272294E-03  -1.7520350E-05  -4.3637038E-05   4.8422935E-05  -3.2808444E-05  -3.0901154E-07  -5.8852002E-07  -6.8240596E-06  -5.9961808E-06
  5.3046600E-09   3.7439185E-09   1.0349202E-08  -4.4077166E-06   3.1283320E-06  -8.8449938E-08   5.9306234E-06   3.4830068E-03   7.9371820E-04   1.9471349E-03   2.5339591E-04  -8.3330401E-06   4.1508291E-06  -8.1214020E-06   9.1475584E-07  -2.2607953E-05   2.4404813E-06   5.1933960E-08   7.0729775E-06  -2.2574789E-07   3.2749064E-08  -8.9338439E-08   6.1235193E-08   7.4064272E-09
 -8.3011337E-04   4.5831708E-03  -4.1341954E-04  -1.4408547E-01  -2.7051912E-01  -3.8417055E-02   3.4830068E-03   6.3636812E+02   6.8893726E+01  -6.0504242E+01   3.6348210E+01  -2.5867921E+01  -9.2934962E-01  -1.8020641E-01  -4.2028409E-01   1.1955497E+01  -1.2119504E-01   3.2073808E-01  -2.7002882E-01  -1.1408227E-01   6.7750059E-03   3.3669447E-03   1.1333137E-02   1.3388064E-02
 -4.7378152E-04   2.6471291E-03  -2.9581306E-04  -6.6775301E-02  -1.2466671E-01  -1.5396111E-02   7.9371820E-04   6.8893726E+01   7.3168546E+01   8.2630173E+00   8.6441113E+00  -6.0800252E-01  -8.5114014E-02   5.0216122E-01   8.7864850E-01  -7.8344609E+00   5.0596228E-03  -2.2630107E-01   5.1263587E-02   8.3958158E-02   1.0056435E-03   9.3603605E-04   6.8338969E-03   7.4385834E-03
  1.7345818E-04  -6.7304544E-04   4.8002429E-05   3.2218138E-02   7.1690891E-02   1.1289880E-02   1.9471349E-03  -6.0504242E+01   8.2630173E+00   1.7404507E+02  -8.1949217E+01   3.3833661E+00   3.0450614E-01  -9.6156952E-01   3.8543292E-01  -8.3312061E+00  -4.6688050E-02  -2.6979566E-01   5.5091875E-01  -9.2282834E-02   1.8219586E-03  -7.7293004E-03   1.0594276E-03   1.2491155E-03
 -2.4156016E-04   1.2134269E-03  -1.1448465E-04  -3.7190223E-02  -7.3020203E-02  -1.0064581E-02   2.5339591E-04   3.6348210E+01   8.6441113E+00  -8.1949217E+01   5.1137514E+01   1.0128996E+00  -3.2320426E-02   6.8574266E-01  -2.7217032E-01  -1.6541914E+00   3.6620538E-02   1.5705889E-01  -4.4397458E-01  -6.3813470E-02  -5.7422495E-04   3.1530721E-03   1.5873701E-03   1.6079650E-03
  2.8720885E-05  -1.5958014E-04   2.0369510E-05   4.0941247E-03   7.8400635E-03   9.8914348E-04  -8.3330401E-06  -2.5867921E+01  -6.0800252E-01   3.3833661E+00   1.0128996E+00   4.2587726E+00   1.0594138E-01   1.5748181E-01  -1.9541163E-02  -3.3714508E+00  -5.5592647E-03  -4.8464979E-03   1.4049236E-02   5.1687493E-02   4.4122996E-04  -2.5586590E-04  -4.3290621E-04  -4.0854745E-04
  1.7440041E-06  -8.1222776E-06   8.0311915E-07   3.1700171E-04   6.4928738E-04   8.9799570E-05   4.1508291E-06  -9.2934962E-01  -8.5114014E-02   3.0450614E-01  -3.2320426E-02   1.0594138E-01   1.7208604E-02  -1.6904438E-02   1.2217262E-02  -9.8851861E-02  -4.2522038E-04  -9.2444306E-04  -2.9592275E-03   4.7488190E-03   1.5631995E-05  -3.9166734E-05  -1.1207533E-05  -3.9804579E-06
 -3.2054648E-06   1.4936577E-05  -1.9386835E-06  -6.2740466E-04  -1.2804087E-03  -1.6007018E-04  -8.1214020E-06  -1.8020641E-01   5.0216122E-01  -9.6156952E-01   6.8574266E-01   1.5748181E-01  -1.6904438E-02   7.0681404E-02   4.4265205E-03  -1.5639605E-01   1.2276042E-03   6.7952185E-03   3.4095754E-04  -1.6934288E-02  -5.3686818E-06   9.7605439E-05   2.3954830E-05  -2.8073446E-06
  2.2228530E-06  -1.0799146E-05   1.0053036E-07   3.7654712E-04   7.7074729E-04   9.6876710E-05   9.1475584E-07  -4.2028409E-01   8.7864850E-01   3.8543292E-01  -2.7217032E-01  -1.9541163E-02   1.2217262E-02   4.4265205E-03   8.3921514E-02   1.9211914E-02   4.4440280E-05  -2.0034789E-04   1.1969181E-03   9.6153038E-04   1.7240158E-05  -1.4364342E-05  -4.2410018E-06   3.9684448E-06
 -6.3028267E-05   2.9062536E-04  -3.6454597E-05  -9.8323547E-03  -1.9930904E-02  -2.8272294E-03  -2.2607953E-05   1.1955497E+01  -7.8344609E+00  -8.3312061E+00  -1.6541914E+00  -3.3714508E+00  -9.8851861E-02  -1.5639605E-01   1.9211914E-02   7.1288344E+00   2.5893271E-03   4.6598868E-03  -1.0690387E-02  -4.1862073E-02  -3.8123574E-04   8.8651775E-05   4.8415614E-04   3.5890248E-04
 -7.3499325E-07   7.0757865E-06  -6.9933514E-07  -2.2274425E-04  -4.3882885E-04  -1.7520350E-05   2.4404813E-06  -1.2119504E-01   5.0596228E-03  -4.6688050E-02   3.6620538E-02  -5.5592647E-03  -4.2522038E-04   1.2276042E-03   4.4440280E-05   2.5893271E-03   3.8446241E-02   2.5603150E-03  -2.0761944E-04   1.9546665E-04   3.6215116E-05  -2.4772425E-07   8.4896590E-07  -9.4304503E-06
 -1.1954882E-06   5.5333691E-06  -2.0430495E-07  -2.2835325E-04  -5.4140206E-04  -4.3637038E-05   5.1933960E-08   3.2073808E-01  -2.2630107E-01  -2.6979566E-01   1.5705889E-01  -4.8464979E-03  -9.2444306E-04   6.7952185E-03  -2.0034789E-04   4.6598868E-03   2.5603150E-03   3.0994895E-02  -5.2412712E-04   5.7961541E-03  -8.2798534E-05  -4.2829063E-05  -6.6939407E-05  -7.3548195E-05
  1.0093153E-06  -5.6317199E-06   5.9135428E-07   1.1239794E-04   2.3119739E-04   4.8422935E-05   7.0729775E-06  -2.7002882E-01   5.1263587E-02   5.5091875E-01  -4.4397458E-01   1.4049236E-02  -2.9592275E-03   3.4095754E-04   1.1969181E-03  -1.0690387E-02  -2.0761944E-04  -5.2412712E-04   1.0823621E-02   8.3797392E-03   3.5006893E-06   6.5372329E-05  -5.8085729E-06  -6.8846985E-06
 -1.3441855E-06   5.9276944E-06  -2.8326410E-07  -1.8648601E-04  -3.8287296E-04  -3.2808444E-05  -2.2574789E-07  -1.1408227E-01   8.3958158E-02  -9.2282834E-02  -6.3813470E-02   5.1687493E-02   4.7488190E-03  -1.6934288E-02   9.6153038E-04  -4.1862073E-02   1.9546665E-04   5.7961541E-03   8.3797392E-03   2.6344556E-02  -6.6848000E-06   6.5189758E-05  -1.8804040E-05   4.8173462E-06
  2.7222820E-09  -1.7857961E-08   1.4359956E-09  -4.8843048E-07  -2.8236851E-07  -3.0901154E-07   3.2749064E-08   6.7750059E-03   1.0056435E-03   1.8219586E-03  -5.7422495E-04   4.4122996E-04   1.5631995E-05  -5.3686818E-06   1.7240158E-05  -3.8123574E-04   3.6215116E-05  -8.2798534E-05   3.5006893E-06  -6.6848000E-06   1.1195679E-06   3.5107945E-08   4.1932910E-07   6.4433125E-07
 -1.7874920E-08   6.8548625E-08  -6.2503104E-09  -3.3633228E-06  -6.7329557E-06  -5.8852002E-07  -8.9338439E-08   3.3669447E-03   9.3603605E-04  -7.7293004E-03   3.1530721E-03  -2.5586590E-04  -3.9166734E-05   9.7605439E-05  -1.4364342E-05   8.8651775E-05  -2.4772425E-07  -4.2829063E-05   6.5372329E-05   6.5189758E-05   3.5107945E-08   2.5253151E-06   3.9012871E-07   2.8561535E-07
 -2.7752174E-07   1.4233414E-06  -1.9684759E-07  -6.0617136E-05  -1.1692579E-04  -6.8240596E-06   6.1235193E-08   1.1333137E-02   6.8338969E-03   1.0594276E-03   1.5873701E-03  -4.3290621E-04  -1.1207533E-05   2.3954830E-05  -4.2410018E-06   4.8415614E-04   8.4896590E-07  -6.6939407E-05  -5.8085729E-06  -1.8804040E-05   4.1932910E-07   3.9012871E-07   2.8297821E-05   1.0332377E-05
 -3.3258659E-07   1.4145117E-07  -3.6944170E-08  -3.1050886E-05  -5.9116539E-05  -5.9961808E-06   7.4064272E-09   1.3388064E-02   7.4385834E-03   1.2491155E-03   1.6079650E-03  -4.0854745E-04  -3.9804579E-06  -2.8073446E-06   3.9684448E-06   3.5890248E-04  -9.4304503E-06  -7.3548195E-05  -6.8846985E-06   4.8173462E-06   6.4433125E-07   2.8561535E-07   1.0332377E-05   2.4952960E-05
