# omegabh2 omegach2 theta tau w wa ns logA aps100 aps143 aps217 acib143 acib217 asz143 psr cibr ncib cal0 cal2 xi aksz bm_1_1
    0.70458E-07   -0.32148E-06    0.66582E-07    0.86444E-06    0.11640E-04    0.66842E-05    0.94471E-06    0.11076E-05   -0.76133E-03   -0.61921E-03   -0.12858E-03   -0.83568E-04   -0.20027E-03    0.21579E-04    0.10298E-06   -0.34687E-05   -0.74824E-06    0.14856E-08   -0.79457E-08    0.10661E-05   -0.44693E-04   -0.59945E-05
   -0.32148E-06    0.58985E-05   -0.54631E-06   -0.93935E-05   -0.11934E-03   -0.27921E-03   -0.12985E-04   -0.44417E-05    0.59863E-02    0.28409E-02    0.22667E-02   -0.22168E-04    0.70875E-04   -0.14664E-03    0.23475E-05   -0.19357E-05    0.21572E-05   -0.16625E-07    0.29189E-08    0.40343E-05   -0.90391E-04    0.10503E-03
    0.66582E-07   -0.54631E-06    0.37237E-06    0.13438E-05    0.23522E-04    0.17479E-04    0.17270E-05    0.17178E-05   -0.62618E-03   -0.37337E-03   -0.15148E-03   -0.60313E-04   -0.67757E-04    0.29858E-04   -0.36643E-07   -0.12002E-06    0.50076E-07    0.34917E-08   -0.30840E-08   -0.12649E-05    0.58809E-07   -0.43478E-05
    0.86444E-06   -0.93935E-05    0.13438E-05    0.15982E-03    0.11833E-03    0.71176E-03    0.33264E-04    0.29600E-03   -0.48312E-01   -0.86105E-02    0.61841E-02   -0.38291E-02   -0.72886E-02   -0.13388E-04    0.15236E-04   -0.15918E-03   -0.85337E-05    0.37701E-07   -0.28596E-06    0.48183E-04   -0.19665E-02   -0.26136E-03
    0.11640E-04   -0.11934E-03    0.23522E-04    0.11833E-03    0.13968E+00   -0.33510E+00    0.33831E-03   -0.17776E-05   -0.50739E+00   -0.13439E+00    0.59643E-01   -0.27835E-01   -0.67347E-01    0.15134E-01    0.42856E-03   -0.13581E-02   -0.72815E-04    0.11561E-05   -0.22851E-05    0.12968E-02   -0.14537E-01   -0.13764E-02
    0.66842E-05   -0.27921E-03    0.17479E-04    0.71176E-03   -0.33510E+00    0.90977E+00    0.47536E-03    0.63836E-03    0.64278E+00    0.27281E-01   -0.34714E+00    0.57252E-01    0.14455E+00   -0.18745E-01   -0.10815E-02    0.31147E-02    0.11285E-03    0.17865E-06    0.39533E-05   -0.33744E-02    0.45390E-01   -0.58892E-02
    0.94471E-06   -0.12985E-04    0.17270E-05    0.33264E-04    0.33831E-03    0.47536E-03    0.48204E-04    0.34636E-04   -0.52787E-01   -0.77548E-02    0.11505E-01   -0.51681E-02   -0.97418E-02   -0.21851E-03    0.37243E-04   -0.25586E-03   -0.44932E-05   -0.13281E-07    0.24024E-06    0.73413E-04   -0.28659E-02   -0.43649E-04
    0.11076E-05   -0.44417E-05    0.17178E-05    0.29600E-03   -0.17776E-05    0.63836E-03    0.34636E-04    0.58785E-03   -0.88411E-01   -0.57288E-02    0.29290E-01   -0.11316E-01   -0.19185E-01   -0.96834E-03    0.61413E-04   -0.47548E-03    0.30157E-06    0.78253E-07   -0.50439E-07    0.15229E-03   -0.58268E-02    0.34041E-03
   -0.76133E-03    0.59863E-02   -0.62618E-03   -0.48312E-01   -0.50739E+00    0.64278E+00   -0.52787E-01   -0.88411E-01    0.35012E+04    0.10125E+03   -0.13649E+03    0.68547E+02    0.94358E+02   -0.64757E+02   -0.75606E+00   -0.18513E+00    0.80020E+00    0.69243E-03   -0.81655E-03   -0.66286E-01   -0.13972E+02    0.16749E+02
   -0.61921E-03    0.28409E-02   -0.37337E-03   -0.86105E-02   -0.13439E+00    0.27281E-01   -0.77548E-02   -0.57288E-02    0.10125E+03    0.17574E+03    0.30736E+02   -0.34891E+02    0.18643E+01   -0.78635E+01   -0.12873E+00    0.22907E-02    0.40184E-01    0.38588E-04    0.96290E-03    0.11249E+01   -0.13285E+02    0.32062E+00
   -0.12858E-03    0.22667E-02   -0.15148E-03    0.61841E-02    0.59643E-01   -0.34714E+00    0.11505E-01    0.29290E-01   -0.13649E+03    0.30736E+02    0.28458E+03   -0.23787E+02   -0.11434E+03    0.26403E+01    0.55861E-01   -0.17145E+01   -0.93009E+00   -0.34824E-04   -0.28284E-02    0.61074E+00   -0.10958E+02    0.10595E+01
   -0.83568E-04   -0.22168E-04   -0.60313E-04   -0.38291E-02   -0.27835E-01    0.57252E-01   -0.51681E-02   -0.11316E-01    0.68547E+02   -0.34891E+02   -0.23787E+02    0.28679E+02    0.13747E+02   -0.20879E+01    0.10247E-02    0.11954E+00    0.96395E-01   -0.30029E-04   -0.39559E-03    0.13113E+00   -0.63927E+00   -0.42780E+00
   -0.20027E-03    0.70875E-04   -0.67757E-04   -0.72886E-02   -0.67347E-01    0.14455E+00   -0.97418E-02   -0.19185E-01    0.94358E+02    0.18643E+01   -0.11434E+03    0.13747E+02    0.57518E+02   -0.12000E+01    0.17785E-01    0.77672E+00    0.55491E+00    0.20940E-05    0.13754E-02   -0.30019E+00   -0.11779E+01   -0.40364E+00
    0.21579E-04   -0.14664E-03    0.29858E-04   -0.13388E-04    0.15134E-01   -0.18745E-01   -0.21851E-03   -0.96834E-03   -0.64757E+02   -0.78635E+01    0.26403E+01   -0.20879E+01   -0.12000E+01    0.75435E+01    0.41654E-01    0.25858E+00   -0.36341E-01    0.24113E-05   -0.17937E-03   -0.53085E-01   -0.61494E-01    0.19448E+00
    0.10298E-06    0.23475E-05   -0.36643E-07    0.15236E-04    0.42856E-03   -0.10815E-02    0.37243E-04    0.61413E-04   -0.75606E+00   -0.12873E+00    0.55861E-01    0.10247E-02    0.17785E-01    0.41654E-01    0.62098E-02   -0.52285E-02    0.43726E-02    0.78598E-07   -0.87783E-05    0.36087E-02   -0.11228E-01    0.36699E-02
   -0.34687E-05   -0.19357E-05   -0.12002E-06   -0.15918E-03   -0.13581E-02    0.31147E-02   -0.25586E-03   -0.47548E-03   -0.18513E+00    0.22907E-02   -0.17145E+01    0.11954E+00    0.77672E+00    0.25858E+00   -0.52285E-02    0.49022E-01   -0.45081E-02    0.36836E-07    0.34932E-04    0.73397E-03   -0.25743E-01   -0.65434E-02
   -0.74824E-06    0.21572E-05    0.50076E-07   -0.85337E-05   -0.72815E-04    0.11285E-03   -0.44932E-05    0.30157E-06    0.80020E+00    0.40184E-01   -0.93009E+00    0.96395E-01    0.55491E+00   -0.36341E-01    0.43726E-02   -0.45081E-02    0.15454E-01    0.19808E-07   -0.11630E-05   -0.15598E-02   -0.34362E-02    0.62018E-02
    0.14856E-08   -0.16625E-07    0.34917E-08    0.37701E-07    0.11561E-05    0.17865E-06   -0.13281E-07    0.78253E-07    0.69243E-03    0.38588E-04   -0.34824E-04   -0.30029E-04    0.20940E-05    0.24113E-05    0.78598E-07    0.36836E-07    0.19808E-07    0.15719E-06    0.93249E-08    0.25248E-06    0.14509E-04   -0.18301E-04
   -0.79457E-08    0.29189E-08   -0.30840E-08   -0.28596E-06   -0.22851E-05    0.39533E-05    0.24024E-06   -0.50439E-07   -0.81655E-03    0.96290E-03   -0.28284E-02   -0.39559E-03    0.13754E-02   -0.17937E-03   -0.87783E-05    0.34932E-04   -0.11630E-05    0.93249E-08    0.18832E-05   -0.67089E-05   -0.19438E-04    0.93228E-04
    0.10661E-05    0.40343E-05   -0.12649E-05    0.48183E-04    0.12968E-02   -0.33744E-02    0.73413E-04    0.15229E-03   -0.66286E-01    0.11249E+01    0.61074E+00    0.13113E+00   -0.30019E+00   -0.53085E-01    0.36087E-02    0.73397E-03   -0.15598E-02    0.25248E-06   -0.67089E-05    0.82505E-01   -0.28755E-02    0.34371E-02
   -0.44693E-04   -0.90391E-04    0.58809E-07   -0.19665E-02   -0.14537E-01    0.45390E-01   -0.28659E-02   -0.58268E-02   -0.13972E+02   -0.13285E+02   -0.10958E+02   -0.63927E+00   -0.11779E+01   -0.61494E-01   -0.11228E-01   -0.25743E-01   -0.34362E-02    0.14509E-04   -0.19438E-04   -0.28755E-02    0.80002E+01   -0.12842E-01
   -0.59945E-05    0.10503E-03   -0.43478E-05   -0.26136E-03   -0.13764E-02   -0.58892E-02   -0.43649E-04    0.34041E-03    0.16749E+02    0.32062E+00    0.10595E+01   -0.42780E+00   -0.40364E+00    0.19448E+00    0.36699E-02   -0.65434E-02    0.62018E-02   -0.18301E-04    0.93228E-04    0.34371E-02   -0.12842E-01    0.31852E+00
