# omegabh2 omegach2 theta tau Alens logA ns aps100 aps143 aps217 acib143 acib217 asz143 psr cibr ncib xi aksz cal0 cal2 bm_1_1
    0.9704403E-07   -0.5616476E-06    0.1019006E-06    0.7171999E-06    0.1883806E-04    0.3432272E-06    0.1628926E-05   -0.1114168E-02   -0.6690660E-03    0.3952770E-03   -0.1654091E-03   -0.5177197E-03   -0.2394865E-04    0.6238711E-06   -0.7809628E-05   -0.7410484E-05    0.1266412E-05   -0.1791966E-03    0.1153146E-07   -0.2507686E-08   -0.1654199E-04
   -0.5616476E-06    0.6539669E-05   -0.8131324E-06   -0.7116173E-05   -0.1401381E-03    0.6220336E-06   -0.1630045E-04    0.9363316E-02    0.3219509E-02   -0.1942910E-02    0.9187092E-03    0.2786797E-02    0.2411675E-03    0.6494977E-05    0.3180828E-04    0.4255965E-04   -0.6975284E-05    0.9014765E-03   -0.8848180E-07    0.8712590E-07    0.1817527E-03
    0.1019006E-06   -0.8131324E-06    0.2975534E-06    0.1129404E-05    0.2180116E-04    0.6656534E-06    0.2409914E-05   -0.1601241E-02   -0.4212109E-03    0.3101240E-03   -0.1732873E-03   -0.4309014E-03   -0.3718241E-04   -0.1548066E-05   -0.6383725E-05   -0.6538147E-05    0.9133109E-06   -0.1753131E-03    0.4766883E-08   -0.4454680E-07   -0.2575768E-04
    0.7171999E-06   -0.7116173E-05    0.1129404E-05    0.1899965E-03   -0.2429648E-03    0.3615979E-03    0.2657097E-04   -0.1867635E-01   -0.4293602E-02    0.7930577E-02   -0.2952984E-02   -0.6711603E-02   -0.1070392E-02    0.1641346E-04   -0.3576293E-05   -0.1184543E-03    0.7347908E-04   -0.2804288E-02    0.4703863E-08    0.1835058E-06   -0.3592797E-03
    0.1883806E-04   -0.1401381E-03    0.2180116E-04   -0.2429648E-03    0.9285777E-02   -0.7632982E-03    0.3906439E-03   -0.3429103E+00   -0.1303248E+00    0.1010182E+00   -0.4364935E-01   -0.1213000E+00   -0.1304735E-01   -0.4883230E-04   -0.2344180E-02   -0.1522951E-02    0.7554267E-04   -0.4859823E-01    0.2381307E-05   -0.2074101E-05   -0.4066470E-02
    0.3432272E-06    0.6220336E-06    0.6656534E-06    0.3615979E-03   -0.7632982E-03    0.7273659E-03    0.1589654E-04   -0.1983858E-01    0.2685945E-02    0.1935484E-01   -0.6263250E-02   -0.9846779E-02   -0.2053468E-02    0.6023880E-04   -0.1483583E-04   -0.1397683E-03    0.1571664E-03   -0.5617604E-02    0.9110993E-07    0.2321403E-05    0.1976804E-03
    0.1628926E-05   -0.1630045E-04    0.2409914E-05    0.2657097E-04    0.3906439E-03    0.1589654E-04    0.5609324E-04   -0.4259398E-01   -0.8424322E-02    0.1791528E-01   -0.6419718E-02   -0.1404083E-01   -0.1495591E-02    0.1438320E-04   -0.2201624E-03   -0.1758720E-03    0.5073691E-04   -0.6086528E-02    0.6629745E-07    0.7273200E-06   -0.2961833E-03
   -0.1114168E-02    0.9363316E-02   -0.1601241E-02   -0.1867635E-01   -0.3429103E+00   -0.1983858E-01   -0.4259398E-01    0.2352549E+04    0.8556817E+02   -0.6831611E+02    0.4967682E+02    0.5654888E+02   -0.5272675E+02   -0.7687488E+00   -0.1366177E+01    0.4677832E+00   -0.2463387E-01   -0.1130459E+02    0.2384963E-02   -0.7309091E-03    0.1140297E+02
   -0.6690660E-03    0.3219509E-02   -0.4212109E-03   -0.4293602E-02   -0.1303248E+00    0.2685945E-02   -0.8424322E-02    0.8556817E+02    0.9952819E+02    0.2222898E+02   -0.1278195E+02    0.3593583E+01   -0.6208645E+01   -0.1551708E+00    0.1382420E-01    0.1043528E+00    0.9489711E+00   -0.1054032E+02    0.1738981E-04    0.1086062E-02    0.3808350E+00
    0.3952770E-03   -0.1942910E-02    0.3101240E-03    0.7930577E-02    0.1010182E+00    0.1935484E-01    0.1791528E-01   -0.6831611E+02    0.2222898E+02    0.2603891E+03   -0.2039787E+02   -0.1166243E+03    0.2626197E+00    0.3207375E-01   -0.1350555E+01   -0.1612132E+01    0.6048264E+00   -0.1143398E+02    0.1953124E-03   -0.2513950E-02    0.1829629E+00
   -0.1654091E-03    0.9187092E-03   -0.1732873E-03   -0.2952984E-02   -0.4364935E-01   -0.6263250E-02   -0.6419718E-02    0.4967682E+02   -0.1278195E+02   -0.2039787E+02    0.1796865E+02    0.1294977E+02   -0.1776380E+01    0.1810411E-01   -0.4614137E-01    0.1821548E+00    0.1520596E+00   -0.4575212E+00   -0.1645514E-03   -0.1586445E-02   -0.2673424E+00
   -0.5177197E-03    0.2786797E-02   -0.4309014E-03   -0.6711603E-02   -0.1213000E+00   -0.9846779E-02   -0.1404083E-01    0.5654888E+02    0.3593583E+01   -0.1166243E+03    0.1294977E+02    0.6396860E+02    0.7264416E+00    0.5855803E-01    0.6326687E+00    0.9934637E+00   -0.3042402E+00   -0.4952822E+00   -0.1180945E-03    0.4241619E-03    0.1386999E+00
   -0.2394865E-04    0.2411675E-03   -0.3718241E-04   -0.1070392E-02   -0.1304735E-01   -0.2053468E-02   -0.1495591E-02   -0.5272675E+02   -0.6208645E+01    0.2626197E+00   -0.1776380E+01    0.7264416E+00    0.6882935E+01    0.9217613E-01    0.2703976E+00    0.2329376E-01   -0.7941280E-01   -0.2835996E+00    0.7915360E-04   -0.8289498E-03    0.2057855E+00
    0.6238711E-06    0.6494977E-05   -0.1548066E-05    0.1641346E-04   -0.4883230E-04    0.6023880E-04    0.1438320E-04   -0.7687488E+00   -0.1551708E+00    0.3207375E-01    0.1810411E-01    0.5855803E-01    0.9217613E-01    0.1354285E-01   -0.6139908E-02    0.4863762E-02    0.7120348E-02   -0.2837846E-01    0.1989730E-05   -0.3040507E-04    0.3582189E-02
   -0.7809628E-05    0.3180828E-04   -0.6383725E-05   -0.3576293E-05   -0.2344180E-02   -0.1483583E-04   -0.2201624E-03   -0.1366177E+01    0.1382420E-01   -0.1350555E+01   -0.4614137E-01    0.6326687E+00    0.2703976E+00   -0.6139908E-02    0.5369664E-01    0.9993817E-03    0.1007479E-02    0.7402040E-02    0.1026839E-05    0.6465141E-04    0.6254279E-02
   -0.7410484E-05    0.4255965E-04   -0.6538147E-05   -0.1184543E-03   -0.1522951E-02   -0.1397683E-03   -0.1758720E-03    0.4677832E+00    0.1043528E+00   -0.1612132E+01    0.1821548E+00    0.9934637E+00    0.2329376E-01    0.4863762E-02    0.9993817E-03    0.2516022E-01   -0.1937539E-02   -0.7879817E-02    0.1018773E-05   -0.8199745E-04    0.8833450E-02
    0.1266412E-05   -0.6975284E-05    0.9133109E-06    0.7347908E-04    0.7554267E-04    0.1571664E-03    0.5073691E-04   -0.2463387E-01    0.9489711E+00    0.6048264E+00    0.1520596E+00   -0.3042402E+00   -0.7941280E-01    0.7120348E-02    0.1007479E-02   -0.1937539E-02    0.8132245E-01    0.2080557E-01   -0.6068051E-05   -0.3552941E-04   -0.1246243E-02
   -0.1791966E-03    0.9014765E-03   -0.1753131E-03   -0.2804288E-02   -0.4859823E-01   -0.5617604E-02   -0.6086528E-02   -0.1130459E+02   -0.1054032E+02   -0.1143398E+02   -0.4575212E+00   -0.4952822E+00   -0.2835996E+00   -0.2837846E-01    0.7402040E-02   -0.7879817E-02    0.2080557E-01    0.8278179E+01    0.5219301E-05    0.3287502E-04   -0.4919850E-01
    0.1153146E-07   -0.8848180E-07    0.4766883E-08    0.4703863E-08    0.2381307E-05    0.9110993E-07    0.6629745E-07    0.2384963E-02    0.1738981E-04    0.1953124E-03   -0.1645514E-03   -0.1180945E-03    0.7915360E-04    0.1989730E-05    0.1026839E-05    0.1018773E-05   -0.6068051E-05    0.5219301E-05    0.8681922E-06    0.8573932E-07   -0.9856566E-04
   -0.2507686E-08    0.8712590E-07   -0.4454680E-07    0.1835058E-06   -0.2074101E-05    0.2321403E-05    0.7273200E-06   -0.7309091E-03    0.1086062E-02   -0.2513950E-02   -0.1586445E-02    0.4241619E-03   -0.8289498E-03   -0.3040507E-04    0.6465141E-04   -0.8199745E-04   -0.3552941E-04    0.3287502E-04    0.8573932E-07    0.5891740E-05    0.2524659E-03
   -0.1654199E-04    0.1817527E-03   -0.2575768E-04   -0.3592797E-03   -0.4066470E-02    0.1976804E-03   -0.2961833E-03    0.1140297E+02    0.3808350E+00    0.1829629E+00   -0.2673424E+00    0.1386999E+00    0.2057855E+00    0.3582189E-02    0.6254279E-02    0.8833450E-02   -0.1246243E-02   -0.4919850E-01   -0.9856566E-04    0.2524659E-03    0.2619053E+00
