# omegabh2 omegach2 theta tau w wa logA ns calPlanck acib217 xi asz143 aps100 aps143 aps143217 aps217 aksz kgal100 kgal143 kgal143217 kgal217 cal0 cal2
    0.4924981E-07   -0.1960442E-06    0.4036787E-07    0.1588337E-05    0.2732197E-05    0.1256499E-04    0.2863234E-05    0.6141767E-06    0.2108762E-07   -0.2087523E-03    0.2848190E-05    0.5648615E-04   -0.8642563E-03   -0.5149923E-03   -0.1523192E-03    0.2014168E-04   -0.8054034E-04   -0.7672035E-05    0.2622025E-05   -0.1502787E-04    0.3611035E-04    0.3452257E-08   -0.1814108E-07
   -0.1960442E-06    0.3762548E-05   -0.3238578E-06   -0.1416583E-04   -0.2548529E-04   -0.2679971E-03   -0.1967009E-04   -0.8633334E-05   -0.2152101E-06    0.2846975E-03   -0.6130751E-05   -0.1411216E-03    0.1833915E-02    0.1555070E-02    0.7741307E-03    0.5296774E-03    0.1677576E-03    0.2719415E-04   -0.1322170E-04    0.4243215E-05    0.2687764E-04   -0.2561118E-07    0.5146226E-07
    0.4036787E-07   -0.3238578E-06    0.2119220E-06    0.1973960E-05    0.3700290E-05    0.3028337E-04    0.3427137E-05    0.1045080E-05    0.3377004E-07   -0.6240461E-04   -0.3101877E-06    0.2003988E-04   -0.3396504E-03   -0.2373463E-03   -0.1433256E-03   -0.6383679E-04   -0.2505168E-04   -0.6708229E-05    0.5200445E-05    0.1046103E-04    0.3522185E-04    0.5067175E-09   -0.3808008E-08
    0.1588337E-05   -0.1416583E-04    0.1973960E-05    0.3510174E-03   -0.8627634E-05    0.1395023E-02    0.6639246E-03    0.4960809E-04   -0.1923256E-05   -0.1459615E-01    0.2473750E-03    0.3143869E-02   -0.5813689E-01   -0.2672077E-01   -0.3706456E-02    0.7455551E-02   -0.6006973E-02   -0.3474523E-03   -0.2179803E-03   -0.1435465E-02    0.1035154E-02    0.5499062E-07   -0.1675847E-05
    0.2732197E-05   -0.2548529E-04    0.3700290E-05   -0.8627634E-05    0.5382705E-01   -0.1368748E+00   -0.5873524E-04    0.6531565E-04    0.6901215E-05   -0.3708215E-01    0.7260684E-03    0.5625872E-02   -0.2234464E-01   -0.2174573E-01    0.1533930E-01    0.4740480E-01   -0.8346048E-02   -0.2099327E-02    0.4038224E-02    0.6334015E-02    0.1953878E-01    0.1425347E-05   -0.4071091E-05
    0.1256499E-04   -0.2679971E-03    0.3028337E-04    0.1395023E-02   -0.1368748E+00    0.3992385E+00    0.2134727E-02    0.6183097E-03   -0.1397003E-05    0.7126389E-01   -0.1332604E-02   -0.6994375E-03   -0.1225846E+00   -0.8873034E-01   -0.1137471E+00   -0.1758343E+00    0.6458160E-02    0.3724387E-02   -0.9421988E-02   -0.1952095E-01   -0.5899670E-01   -0.9843735E-06    0.5262053E-05
    0.2863234E-05   -0.1967009E-04    0.3427137E-05    0.6639246E-03   -0.5873524E-04    0.2134727E-02    0.1301210E-02    0.7724345E-04    0.8375775E-05   -0.2886341E-01    0.5295134E-03    0.6140622E-02   -0.1075110E+00   -0.4834796E-01   -0.2286594E-02    0.2271866E-01   -0.1266384E-01   -0.9216111E-03   -0.1024894E-02   -0.3527687E-02    0.3219749E-02    0.3070715E-06   -0.3435917E-05
    0.6141767E-06   -0.8633334E-05    0.1045080E-05    0.4960809E-04    0.6531565E-04    0.6183097E-03    0.7724345E-04    0.3197322E-04    0.4767369E-06   -0.6120424E-02    0.1227414E-03    0.1574736E-02   -0.3038012E-01   -0.9906131E-02    0.1341451E-02    0.5659057E-02   -0.3213771E-02    0.1901352E-03   -0.8826775E-04   -0.3646462E-03    0.9608719E-03   -0.1446255E-06   -0.5839933E-06
    0.2108762E-07   -0.2152101E-06    0.3377004E-07   -0.1923256E-05    0.6901215E-05   -0.1397003E-05    0.8375775E-05    0.4767369E-06    0.6301046E-05    0.8152066E-03   -0.3551048E-06    0.6299679E-04    0.3213650E-02    0.4930844E-03    0.5263993E-03    0.1384475E-02   -0.7806028E-04   -0.2334950E-04   -0.9821777E-05   -0.1202658E-03    0.4037906E-03   -0.4363738E-08   -0.5651364E-07
   -0.2087523E-03    0.2846975E-03   -0.6240461E-04   -0.1459615E-01   -0.3708215E-01    0.7126389E-01   -0.2886341E-01   -0.6120424E-02    0.8152066E-03    0.5003453E+02   -0.4879164E+00   -0.1589339E+01    0.4432697E+02    0.1474887E+01   -0.2071546E+02   -0.6744479E+02    0.4894435E+00   -0.2104405E+00    0.3730424E+00   -0.3249805E+01   -0.2588053E+02   -0.1882083E-03    0.4431546E-02
    0.2848190E-05   -0.6130751E-05   -0.3101877E-06    0.2473750E-03    0.7260684E-03   -0.1332604E-02    0.5295134E-03    0.1227414E-03   -0.3551048E-06   -0.4879164E+00    0.8128573E-01   -0.7373424E-01   -0.4171073E+00    0.9270167E+00    0.1704732E+01    0.7308002E+00    0.7228687E-01   -0.5595203E-02    0.3629913E-02    0.8080495E-01    0.8304139E-01    0.7266806E-05   -0.2311445E-04
    0.5648615E-04   -0.1411216E-03    0.2003988E-04    0.3143869E-02    0.5625872E-02   -0.6994375E-03    0.6140622E-02    0.1574736E-02    0.6299679E-04   -0.1589339E+01   -0.7373424E-01    0.3785818E+01   -0.2964042E+02   -0.3852414E+01    0.7661027E+01    0.6608201E+01   -0.2837731E+01   -0.1570152E+00    0.9462015E-01    0.2529295E+01    0.2237752E+01    0.1854034E-03   -0.3494488E-03
   -0.8642563E-03    0.1833915E-02   -0.3396504E-03   -0.5813689E-01   -0.2234464E-01   -0.1225846E+00   -0.1075110E+00   -0.3038012E-01    0.3213650E-02    0.4432697E+02   -0.4171073E+00   -0.2964042E+02    0.7325966E+03    0.7140931E+02   -0.5678226E+02   -0.7093268E+02    0.1455155E+02   -0.9007785E+00    0.2244140E+00   -0.1355484E+02   -0.2090092E+02    0.4699435E-02    0.4339740E-02
   -0.5149923E-03    0.1555070E-02   -0.2373463E-03   -0.2672077E-01   -0.2174573E-01   -0.8873034E-01   -0.4834796E-01   -0.9906131E-02    0.4930844E-03    0.1474887E+01    0.9270167E+00   -0.3852414E+01    0.7140931E+02    0.6031272E+02    0.4191748E+02    0.1777447E+02   -0.4282808E+01   -0.3165466E+00   -0.9927825E+00    0.3830218E+01    0.3439598E+01    0.2034766E-03    0.1361726E-03
   -0.1523192E-03    0.7741307E-03   -0.1433256E-03   -0.3706456E-02    0.1533930E-01   -0.1137471E+00   -0.2286594E-02    0.1341451E-02    0.5263993E-03   -0.2071546E+02    0.1704732E+01    0.7661027E+01   -0.5678226E+02    0.4191748E+02    0.9130647E+02    0.6608099E+02   -0.1227743E+02   -0.4750948E+00   -0.3512256E+00    0.4757489E+01    0.6040232E+01    0.7795972E-03   -0.2652392E-02
    0.2014168E-04    0.5296774E-03   -0.6383679E-04    0.7455551E-02    0.4740480E-01   -0.1758343E+00    0.2271866E-01    0.5659057E-02    0.1384475E-02   -0.6744479E+02    0.7308002E+00    0.6608201E+01   -0.7093268E+02    0.1777447E+02    0.6608099E+02    0.1280269E+03   -0.1064814E+02   -0.3586689E-01   -0.6868132E+00    0.1074338E+01    0.2326682E+02    0.6356818E-03   -0.7763184E-02
   -0.8054034E-04    0.1677576E-03   -0.2505168E-04   -0.6006973E-02   -0.8346048E-02    0.6458160E-02   -0.1266384E-01   -0.3213771E-02   -0.7806028E-04    0.4894435E+00    0.7228687E-01   -0.2837731E+01    0.1455155E+02   -0.4282808E+01   -0.1227743E+02   -0.1064814E+02    0.6382826E+01    0.6612431E-01   -0.1117910E+00   -0.2125381E+01   -0.1720392E+01   -0.1412834E-03    0.2043935E-03
   -0.7672035E-05    0.2719415E-04   -0.6708229E-05   -0.3474523E-03   -0.2099327E-02    0.3724387E-02   -0.9216111E-03    0.1901352E-03   -0.2334950E-04   -0.2104405E+00   -0.5595203E-02   -0.1570152E+00   -0.9007785E+00   -0.3165466E+00   -0.4750948E+00   -0.3586689E-01    0.6612431E-01    0.3195541E+01    0.7313088E+00    0.3260537E+00    0.5724456E+00    0.4130235E-03   -0.1965947E-05
    0.2622025E-05   -0.1322170E-04    0.5200445E-05   -0.2179803E-03    0.4038224E-02   -0.9421988E-02   -0.1024894E-02   -0.8826775E-04   -0.9821777E-05    0.3730424E+00    0.3629913E-02    0.9462015E-01    0.2244140E+00   -0.9927825E+00   -0.3512256E+00   -0.6868132E+00   -0.1117910E+00    0.7313088E+00    0.3099049E+01    0.2436417E+01    0.1436855E+01   -0.4033738E-03   -0.1757782E-03
   -0.1502787E-04    0.4243215E-05    0.1046103E-04   -0.1435465E-02    0.6334015E-02   -0.1952095E-01   -0.3527687E-02   -0.3646462E-03   -0.1202658E-03   -0.3249805E+01    0.8080495E-01    0.2529295E+01   -0.1355484E+02    0.3830218E+01    0.4757489E+01    0.1074338E+01   -0.2125381E+01    0.3260537E+00    0.2436417E+01    0.1811950E+02    0.2769051E+02   -0.6888936E-04    0.2475824E-02
    0.3611035E-04    0.2687764E-04    0.3522185E-04    0.1035154E-02    0.1953878E-01   -0.5899670E-01    0.3219749E-02    0.9608719E-03    0.4037906E-03   -0.2588053E+02    0.8304139E-01    0.2237752E+01   -0.2090092E+02    0.3439598E+01    0.6040232E+01    0.2326682E+02   -0.1720392E+01    0.5724456E+00    0.1436855E+01    0.2769051E+02    0.6280402E+02   -0.9678905E-05    0.4364315E-02
    0.3452257E-08   -0.2561118E-07    0.5067175E-09    0.5499062E-07    0.1425347E-05   -0.9843735E-06    0.3070715E-06   -0.1446255E-06   -0.4363738E-08   -0.1882083E-03    0.7266806E-05    0.1854034E-03    0.4699435E-02    0.2034766E-03    0.7795972E-03    0.6356818E-03   -0.1412834E-03    0.4130235E-03   -0.4033738E-03   -0.6888936E-04   -0.9678905E-05    0.5438200E-06    0.1010613E-07
   -0.1814108E-07    0.5146226E-07   -0.3808008E-08   -0.1675847E-05   -0.4071091E-05    0.5262053E-05   -0.3435917E-05   -0.5839933E-06   -0.5651364E-07    0.4431546E-02   -0.2311445E-04   -0.3494488E-03    0.4339740E-02    0.1361726E-03   -0.2652392E-02   -0.7763184E-02    0.2043935E-03   -0.1965947E-05   -0.1757782E-03    0.2475824E-02    0.4364315E-02    0.1010613E-07    0.2060240E-05
