# omegabh2 omegach2 theta tau yhe logA ns acib217 acibsz143 asz143 aps100 aps143 aps143217 aps217 aksz kgal100 t1gal143 t1gal143217 t1gal217 galfEE100 galfEE100143 galfEE100217 galfEE143 galfEE143217 galfEE217 galfTE100 galfTE100143 galfTE100217 galfTE143 galfTE143217 galfTE217 calib_100T calib_217T
    0.5101579E-07   -0.1814579E-06    0.1041872E-06    0.1091109E-05    0.2190554E-05    0.2202911E-05    0.1374759E-05    0.1175056E-03    0.5530720E-04    0.2522753E-04   -0.3139374E-03   -0.1826125E-03   -0.2331885E-03   -0.2364834E-03    0.1570787E-04    0.7613741E-03    0.6856232E-03    0.7190457E-03    0.7289630E-03    0.2365939E-06    0.2510644E-06    0.2931822E-06    0.2726949E-06    0.3019308E-06    0.4008805E-06   -0.2716245E-05   -0.4314129E-05   -0.5290362E-05   -0.6340804E-05   -0.8359576E-05   -0.1231835E-04   -0.2339546E-07   -0.6126958E-08
   -0.1814579E-06    0.2098408E-05   -0.3125062E-06   -0.6940565E-05   -0.3796032E-05   -0.9228836E-05   -0.6803718E-05    0.4912674E-03    0.1038990E-03   -0.1054968E-03    0.1922008E-02    0.1361360E-02    0.6764725E-03    0.2185669E-03    0.4138670E-04   -0.1270684E-02   -0.2208967E-02   -0.2157626E-02   -0.2103668E-02   -0.2070124E-05   -0.2324456E-05   -0.2311509E-05   -0.2536211E-05   -0.2563829E-05   -0.3004313E-05    0.1590023E-04    0.1978697E-04    0.2362818E-04    0.3071559E-04    0.3952365E-04    0.5703871E-04   -0.8922880E-07   -0.4585992E-07
    0.1041872E-06   -0.3125062E-06    0.3769091E-06    0.2228138E-05    0.7268908E-05    0.4854701E-05    0.3923279E-05    0.8054413E-03    0.4376056E-03    0.1167592E-03   -0.8008351E-03   -0.6259272E-03   -0.1227946E-02   -0.1144361E-02    0.1911933E-03    0.2120899E-02    0.2755168E-02    0.2897228E-02    0.2981671E-02    0.4117009E-06    0.4435008E-06    0.5063029E-06    0.4292629E-06    0.4043437E-06    0.5563012E-06   -0.3206434E-05   -0.6380512E-05   -0.8398958E-05   -0.9662356E-05   -0.1248184E-04   -0.1704682E-04    0.2329441E-07   -0.3518763E-07
    0.1091109E-05   -0.6940565E-05    0.2228138E-05    0.1839980E-03    0.4102015E-04    0.3610023E-03    0.4674858E-04   -0.8365113E-02   -0.3910727E-02   -0.1185843E-02    0.8752849E-03    0.5537392E-02    0.1168610E-01    0.1263587E-01   -0.2954774E-02   -0.5685050E-02   -0.3712879E-02   -0.6302812E-02   -0.7588578E-02    0.1085965E-04    0.1121835E-04    0.1229290E-04    0.1201041E-04    0.1227848E-04    0.1409687E-04   -0.6220828E-04   -0.8283826E-04   -0.1028806E-03   -0.1366715E-03   -0.1889727E-03   -0.2780600E-03    0.8183806E-06    0.5639415E-06
    0.2190554E-05   -0.3796032E-05    0.7268908E-05    0.4102015E-04    0.1880684E-03    0.1004716E-03    0.8758097E-04    0.2434712E-01    0.1303336E-01    0.2802675E-02   -0.1497398E-01   -0.1404816E-01   -0.3355802E-01   -0.3170663E-01    0.5054419E-02    0.5339883E-01    0.6997654E-01    0.7313326E-01    0.7536672E-01    0.7615504E-05    0.7149253E-05    0.7781851E-05    0.6589079E-05    0.6025663E-05    0.7789032E-05   -0.3619749E-04   -0.1098669E-03   -0.1581809E-03   -0.1780036E-03   -0.2284937E-03   -0.3036343E-03    0.6338926E-06   -0.1082901E-05
    0.2202911E-05   -0.9228836E-05    0.4854701E-05    0.3610023E-03    0.1004716E-03    0.7301980E-03    0.8923590E-04   -0.1415804E-01   -0.7580296E-02   -0.3092120E-02    0.1528106E-01    0.2101856E-01    0.2970151E-01    0.2860072E-01   -0.5875993E-02   -0.1621761E-01   -0.2329757E-01   -0.2811339E-01   -0.3058790E-01    0.1599837E-04    0.1577189E-04    0.1775662E-04    0.1639057E-04    0.1624630E-04    0.1944279E-04   -0.1061024E-03   -0.1396093E-03   -0.1854801E-03   -0.2153238E-03   -0.3153788E-03   -0.4788204E-03    0.3872364E-06    0.8919398E-06
    0.1374759E-05   -0.6803718E-05    0.3923279E-05    0.4674858E-04    0.8758097E-04    0.8923590E-04    0.6542737E-04   -0.1097026E-03    0.5895004E-03   -0.6784834E-04   -0.1246901E-01   -0.5985837E-03   -0.1287198E-02    0.1361584E-03   -0.3741845E-03    0.2145440E-01    0.2817980E-01    0.2877967E-01    0.3025591E-01    0.1270752E-04    0.1283024E-04    0.1389613E-04    0.1306671E-04    0.1360115E-04    0.1584793E-04   -0.5970370E-04   -0.8835928E-04   -0.1107755E-03   -0.1373801E-03   -0.1688103E-03   -0.2197379E-03    0.6339210E-06   -0.1036493E-06
    0.1175056E-03    0.4912674E-03    0.8054413E-03   -0.8365113E-02    0.2434712E-01   -0.1415804E-01   -0.1097026E-03    0.7204399E+02    0.2887534E+02    0.1634718E+01    0.4620861E+01   -0.2851731E+02   -0.7749653E+02   -0.9026255E+02   -0.2757141E+01    0.4865591E+01   -0.2262411E+01   -0.8802367E+01   -0.1445049E+02   -0.2489781E-02   -0.2141611E-02   -0.3816532E-02   -0.1918100E-02   -0.1806346E-02   -0.2424515E-02    0.1210552E-01    0.1005893E-01   -0.7031455E-02    0.1917321E-01   -0.1523274E-02   -0.9095960E-01    0.1802734E-03   -0.3046868E-02
    0.5530720E-04    0.1038990E-03    0.4376056E-03   -0.3910727E-02    0.1303336E-01   -0.7580296E-02    0.5895004E-03    0.2887534E+02    0.2101186E+02    0.2917914E+01   -0.1882931E+02   -0.2836432E+02   -0.5222231E+02   -0.3180825E+02   -0.1211295E+01    0.9484855E+00   -0.2144907E+01   -0.9747512E+01   -0.1153107E+02   -0.1186501E-02   -0.8774044E-03   -0.1459333E-02   -0.7452818E-03   -0.5225882E-03    0.1074220E-02    0.2500404E-02    0.5633042E-02    0.1755513E-01   -0.8198475E-03    0.6507315E-02    0.4761493E-02    0.6198776E-04   -0.1343392E-03
    0.2522753E-04   -0.1054968E-03    0.1167592E-03   -0.1185843E-02    0.2802675E-02   -0.3092120E-02   -0.6784834E-04    0.1634718E+01    0.2917914E+01    0.6366569E+01   -0.4187113E+02   -0.1837209E+02   -0.5984601E+01   -0.1280891E+01   -0.2819913E+00   -0.2597147E+01   -0.8124348E+00    0.3203151E+01    0.3829684E+01   -0.2855892E-03   -0.2899664E-04    0.1366361E-03    0.7845880E-04    0.1228136E-03    0.7585633E-03   -0.4673879E-03    0.3484516E-03   -0.6759506E-02   -0.3781127E-02   -0.1267366E-01   -0.2283324E-01   -0.1731211E-03    0.1525531E-03
   -0.3139374E-03    0.1922008E-02   -0.8008351E-03    0.8752849E-03   -0.1497398E-01    0.1528106E-01   -0.1246901E-01    0.4620861E+01   -0.1882931E+02   -0.4187113E+02    0.7511410E+03    0.1789406E+03    0.7494258E+02    0.1984063E+02   -0.1173225E+02   -0.4658708E+02   -0.8879706E+01   -0.2054722E+02   -0.2118068E+02   -0.4996270E-02   -0.7201608E-02   -0.9462290E-02   -0.1061688E-01   -0.7892259E-02   -0.1018446E-01    0.2031494E-01    0.3411049E-01    0.2401974E-01    0.1074423E+00    0.9721007E-01    0.1175212E+00   -0.9651479E-03   -0.2384003E-02
   -0.1826125E-03    0.1361360E-02   -0.6259272E-03    0.5537392E-02   -0.1404816E-01    0.2101856E-01   -0.5985837E-03   -0.2851731E+02   -0.2836432E+02   -0.1837209E+02    0.1789406E+03    0.1259741E+03    0.1036842E+03    0.5873467E+02   -0.1103951E+02   -0.4141994E+01   -0.1399765E+02   -0.8199751E+01   -0.5151057E+01   -0.5844784E-03   -0.2005528E-02   -0.2749029E-02   -0.2157137E-02   -0.3017640E-02   -0.5842952E-02    0.6182352E-02    0.2162556E-01    0.1671241E-01    0.5840797E-01    0.7541631E-01    0.1309981E+00   -0.3461517E-03   -0.7674376E-03
   -0.2331885E-03    0.6764725E-03   -0.1227946E-02    0.1168610E-01   -0.3355802E-01    0.2970151E-01   -0.1287198E-02   -0.7749653E+02   -0.5222231E+02   -0.5984601E+01    0.7494258E+02    0.1036842E+03    0.1682686E+03    0.1210234E+03   -0.8754486E+01   -0.1442627E+02   -0.1539809E+02   -0.1914976E+01   -0.4615092E+00    0.7991440E-03    0.1282944E-03    0.1076203E-02   -0.1146189E-03   -0.5674485E-03   -0.3012021E-02   -0.1100178E-01    0.7867229E-02   -0.1557491E-01    0.4313059E-01    0.3744052E-01    0.8292809E-01   -0.8331808E-03    0.1778284E-02
   -0.2364834E-03    0.2185669E-03   -0.1144361E-02    0.1263587E-01   -0.3170663E-01    0.2860072E-01    0.1361584E-03   -0.9026255E+02   -0.3180825E+02   -0.1280891E+01    0.1984063E+02    0.5873467E+02    0.1210234E+03    0.1525975E+03   -0.8204500E+01   -0.1760281E+02   -0.1772128E+02   -0.2083681E+02   -0.2136953E+02    0.9205324E-03    0.4312265E-03    0.2128129E-02    0.1192169E-03    0.3345973E-03    0.1974523E-02   -0.2023877E-01    0.9941589E-02    0.3792586E-01    0.1329678E-01    0.4632187E-01    0.1832966E+00   -0.8104371E-03    0.5669100E-02
    0.1570787E-04    0.4138670E-04    0.1911933E-03   -0.2954774E-02    0.5054419E-02   -0.5875993E-02   -0.3741845E-03   -0.2757141E+01   -0.1211295E+01   -0.2819913E+00   -0.1173225E+02   -0.1103951E+02   -0.8754486E+01   -0.8204500E+01    0.8078902E+01   -0.1045551E+01   -0.1240056E+01   -0.1915899E+01   -0.2227246E+01   -0.4046477E-03   -0.5284174E-03   -0.1444204E-03   -0.8342689E-03   -0.1020976E-02   -0.1403400E-02    0.5681864E-02    0.1927396E-02    0.2548242E-02   -0.3385369E-03   -0.4574212E-03   -0.3010787E-02    0.5004789E-04    0.1859564E-03
    0.7613741E-03   -0.1270684E-02    0.2120899E-02   -0.5685050E-02    0.5339883E-01   -0.1621761E-01    0.2145440E-01    0.4865591E+01    0.9484855E+00   -0.2597147E+01   -0.4658708E+02   -0.4141994E+01   -0.1442627E+02   -0.1760281E+02   -0.1045551E+01    0.1805799E+03    0.9117691E+02    0.9003624E+02    0.8968036E+02    0.1650770E-02    0.1322259E-02    0.1859836E-02    0.3328866E-02    0.6249675E-02    0.1042269E-01   -0.2128242E-01   -0.1236604E+00   -0.1092513E+00   -0.1418257E+00   -0.1507872E+00   -0.2074868E+00   -0.1263806E-01   -0.4837802E-03
    0.6856232E-03   -0.2208967E-02    0.2755168E-02   -0.3712879E-02    0.6997654E-01   -0.2329757E-01    0.2817980E-01   -0.2262411E+01   -0.2144907E+01   -0.8124348E+00   -0.8879706E+01   -0.1399765E+02   -0.1539809E+02   -0.1772128E+02   -0.1240056E+01    0.9117691E+02    0.1573399E+03    0.1614204E+03    0.1629021E+03    0.4778030E-02    0.6060681E-02    0.6730494E-02    0.7060094E-02    0.8313850E-02    0.8363518E-02    0.2040261E-01   -0.1005880E+00   -0.1148909E+00   -0.2002951E+00   -0.2123665E+00   -0.2372513E+00    0.4046414E-02   -0.4114964E-03
    0.7190457E-03   -0.2157626E-02    0.2897228E-02   -0.6302812E-02    0.7313326E-01   -0.2811339E-01    0.2877967E-01   -0.8802367E+01   -0.9747512E+01    0.3203151E+01   -0.2054722E+02   -0.8199751E+01   -0.1914976E+01   -0.2083681E+02   -0.1915899E+01    0.9003624E+02    0.1614204E+03    0.2033582E+03    0.2293442E+03    0.5577249E-02    0.6127853E-02    0.6158274E-02    0.7102867E-02    0.7555280E-02    0.5446392E-02    0.2968142E-01   -0.9586932E-01   -0.1324178E+00   -0.1911282E+00   -0.2158294E+00   -0.2324927E+00    0.3814204E-02   -0.5378761E-02
    0.7289630E-03   -0.2103668E-02    0.2981671E-02   -0.7588578E-02    0.7536672E-01   -0.3058790E-01    0.3025591E-01   -0.1445049E+02   -0.1153107E+02    0.3829684E+01   -0.2118068E+02   -0.5151057E+01   -0.4615092E+00   -0.2136953E+02   -0.2227246E+01    0.8968036E+02    0.1629021E+03    0.2293442E+03    0.2795346E+03    0.6465213E-02    0.6575809E-02    0.5917493E-02    0.7407928E-02    0.7555339E-02    0.4562591E-02    0.3358270E-01   -0.9256390E-01   -0.1203706E+00   -0.1778561E+00   -0.1853096E+00   -0.1537956E+00    0.3793531E-02   -0.9739435E-02
    0.2365939E-06   -0.2070124E-05    0.4117009E-06    0.1085965E-04    0.7615504E-05    0.1599837E-04    0.1270752E-04   -0.2489781E-02   -0.1186501E-02   -0.2855892E-03   -0.4996270E-02   -0.5844784E-03    0.7991440E-03    0.9205324E-03   -0.4046477E-03    0.1650770E-02    0.4778030E-02    0.5577249E-02    0.6465213E-02    0.7099178E-04    0.2431376E-04    0.3043524E-04    0.1204689E-04    0.1509220E-04    0.1741535E-04   -0.1023286E-03   -0.8238667E-04   -0.8206000E-04   -0.6046830E-04   -0.6388903E-04   -0.8490062E-04    0.5600376E-06   -0.9969827E-07
    0.2510644E-06   -0.2324456E-05    0.4435008E-06    0.1121835E-04    0.7149253E-05    0.1577189E-04    0.1283024E-04   -0.2141611E-02   -0.8774044E-03   -0.2899664E-04   -0.7201608E-02   -0.2005528E-02    0.1282944E-03    0.4312265E-03   -0.5284174E-03    0.1322259E-02    0.6060681E-02    0.6127853E-02    0.6575809E-02    0.2431376E-04    0.4128437E-04    0.3787123E-04    0.3042713E-04    0.3184487E-04    0.3067637E-04   -0.5597964E-04   -0.8582849E-04   -0.6683178E-04   -0.1174702E-03   -0.1142998E-03   -0.1228569E-03    0.7260700E-06    0.1851501E-07
    0.2931822E-06   -0.2311509E-05    0.5063029E-06    0.1229290E-04    0.7781851E-05    0.1775662E-04    0.1389613E-04   -0.3816532E-02   -0.1459333E-02    0.1366361E-03   -0.9462290E-02   -0.2749029E-02    0.1076203E-02    0.2128129E-02   -0.1444204E-03    0.1859836E-02    0.6730494E-02    0.6158274E-02    0.5917493E-02    0.3043524E-04    0.3787123E-04    0.1192978E-03    0.2699625E-04    0.6162511E-04    0.1097646E-03   -0.8437512E-04   -0.1089843E-03   -0.1281643E-03   -0.1191274E-03   -0.2214507E-03   -0.4270594E-03    0.7725258E-06    0.2421148E-06
    0.2726949E-06   -0.2536211E-05    0.4292629E-06    0.1201041E-04    0.6589079E-05    0.1639057E-04    0.1306671E-04   -0.1918100E-02   -0.7452818E-03    0.7845880E-04   -0.1061688E-01   -0.2157137E-02   -0.1146189E-03    0.1192169E-03   -0.8342689E-03    0.3328866E-02    0.7060094E-02    0.7102867E-02    0.7407928E-02    0.1204689E-04    0.3042713E-04    0.2699625E-04    0.8612629E-04    0.5591111E-04    0.4123712E-04   -0.4459972E-04   -0.8166386E-04   -0.4982544E-04   -0.1796378E-03   -0.1466392E-03   -0.1376640E-03    0.5974375E-06    0.5192068E-07
    0.3019308E-06   -0.2563829E-05    0.4043437E-06    0.1227848E-04    0.6025663E-05    0.1624630E-04    0.1360115E-04   -0.1806346E-02   -0.5225882E-03    0.1228136E-03   -0.7892259E-02   -0.3017640E-02   -0.5674485E-03    0.3345973E-03   -0.1020976E-02    0.6249675E-02    0.8313850E-02    0.7555280E-02    0.7555339E-02    0.1509220E-04    0.3184487E-04    0.6162511E-04    0.5591111E-04    0.1267162E-03    0.1586718E-03   -0.5797975E-04   -0.1023504E-03   -0.1204405E-03   -0.1762241E-03   -0.2284071E-03   -0.4060194E-03    0.3256570E-06    0.8270988E-07
    0.4008805E-06   -0.3004313E-05    0.5563012E-06    0.1409687E-04    0.7789032E-05    0.1944279E-04    0.1584793E-04   -0.2424515E-02    0.1074220E-02    0.7585633E-03   -0.1018446E-01   -0.5842952E-02   -0.3012021E-02    0.1974523E-02   -0.1403400E-02    0.1042269E-01    0.8363518E-02    0.5446392E-02    0.4562591E-02    0.1741535E-04    0.3067637E-04    0.1097646E-03    0.4123712E-04    0.1586718E-03    0.6498919E-03   -0.4832321E-04   -0.1175928E-03   -0.1952795E-03   -0.2032048E-03   -0.3925526E-03   -0.6578665E-03   -0.3921752E-06    0.5803579E-06
   -0.2716245E-05    0.1590023E-04   -0.3206434E-05   -0.6220828E-04   -0.3619749E-04   -0.1061024E-03   -0.5970370E-04    0.1210552E-01    0.2500404E-02   -0.4673879E-03    0.2031494E-01    0.6182352E-02   -0.1100178E-01   -0.2023877E-01    0.5681864E-02   -0.2128242E-01    0.2040261E-01    0.2968142E-01    0.3358270E-01   -0.1023286E-03   -0.5597964E-04   -0.8437512E-04   -0.4459972E-04   -0.5797975E-04   -0.4832321E-04    0.1368212E-01    0.9042149E-02    0.1034449E-01    0.2265266E-02    0.2887757E-02    0.4080376E-02    0.4592953E-05   -0.1691323E-05
   -0.4314129E-05    0.1978697E-04   -0.6380512E-05   -0.8283826E-04   -0.1098669E-03   -0.1396093E-03   -0.8835928E-04    0.1005893E-01    0.5633042E-02    0.3484516E-03    0.3411049E-01    0.2162556E-01    0.7867229E-02    0.9941589E-02    0.1927396E-02   -0.1236604E+00   -0.1005880E+00   -0.9586932E-01   -0.9256390E-01   -0.8238667E-04   -0.8582849E-04   -0.1089843E-03   -0.8166386E-04   -0.1023504E-03   -0.1175928E-03    0.9042149E-02    0.1274046E-01    0.1435905E-01    0.8750933E-02    0.8900042E-02    0.9003016E-02    0.6520895E-05   -0.6038403E-06
   -0.5290362E-05    0.2362818E-04   -0.8398958E-05   -0.1028806E-03   -0.1581809E-03   -0.1854801E-03   -0.1107755E-03   -0.7031455E-02    0.1755513E-01   -0.6759506E-02    0.2401974E-01    0.1671241E-01   -0.1557491E-01    0.3792586E-01    0.2548242E-02   -0.1092513E+00   -0.1148909E+00   -0.1324178E+00   -0.1203706E+00   -0.8206000E-04   -0.6683178E-04   -0.1281643E-03   -0.4982544E-04   -0.1204405E-03   -0.1952795E-03    0.1034449E-01    0.1435905E-01    0.2708563E-01    0.5449462E-02    0.1294250E-01    0.2466339E-01    0.5485606E-05    0.6293831E-06
   -0.6340804E-05    0.3071559E-04   -0.9662356E-05   -0.1366715E-03   -0.1780036E-03   -0.2153238E-03   -0.1373801E-03    0.1917321E-01   -0.8198475E-03   -0.3781127E-02    0.1074423E+00    0.5840797E-01    0.4313059E-01    0.1329678E-01   -0.3385369E-03   -0.1418257E+00   -0.2002951E+00   -0.1911282E+00   -0.1778561E+00   -0.6046830E-04   -0.1174702E-03   -0.1191274E-03   -0.1796378E-03   -0.1762241E-03   -0.2032048E-03    0.2265266E-02    0.8750933E-02    0.5449462E-02    0.2185307E-01    0.2024010E-01    0.1515842E-01   -0.3834756E-05   -0.4685499E-05
   -0.8359576E-05    0.3952365E-04   -0.1248184E-04   -0.1889727E-03   -0.2284937E-03   -0.3153788E-03   -0.1688103E-03   -0.1523274E-02    0.6507315E-02   -0.1267366E-01    0.9721007E-01    0.7541631E-01    0.3744052E-01    0.4632187E-01   -0.4574212E-03   -0.1507872E+00   -0.2123665E+00   -0.2158294E+00   -0.1853096E+00   -0.6388903E-04   -0.1142998E-03   -0.2214507E-03   -0.1466392E-03   -0.2284071E-03   -0.3925526E-03    0.2887757E-02    0.8900042E-02    0.1294250E-01    0.2024010E-01    0.3067624E-01    0.4310589E-01   -0.1786296E-05   -0.5049204E-05
   -0.1231835E-04    0.5703871E-04   -0.1704682E-04   -0.2780600E-03   -0.3036343E-03   -0.4788204E-03   -0.2197379E-03   -0.9095960E-01    0.4761493E-02   -0.2283324E-01    0.1175212E+00    0.1309981E+00    0.8292809E-01    0.1832966E+00   -0.3010787E-02   -0.2074868E+00   -0.2372513E+00   -0.2324927E+00   -0.1537956E+00   -0.8490062E-04   -0.1228569E-03   -0.4270594E-03   -0.1376640E-03   -0.4060194E-03   -0.6578665E-03    0.4080376E-02    0.9003016E-02    0.2466339E-01    0.1515842E-01    0.4310589E-01    0.1053392E+00    0.5045806E-05   -0.4009045E-05
   -0.2339546E-07   -0.8922880E-07    0.2329441E-07    0.8183806E-06    0.6338926E-06    0.3872364E-06    0.6339210E-06    0.1802734E-03    0.6198776E-04   -0.1731211E-03   -0.9651479E-03   -0.3461517E-03   -0.8331808E-03   -0.8104371E-03    0.5004789E-04   -0.1263806E-01    0.4046414E-02    0.3814204E-02    0.3793531E-02    0.5600376E-06    0.7260700E-06    0.7725258E-06    0.5974375E-06    0.3256570E-06   -0.3921752E-06    0.4592953E-05    0.6520895E-05    0.5485606E-05   -0.3834756E-05   -0.1786296E-05    0.5045806E-05    0.2344075E-05   -0.9223003E-08
   -0.6126958E-08   -0.4585992E-07   -0.3518763E-07    0.5639415E-06   -0.1082901E-05    0.8919398E-06   -0.1036493E-06   -0.3046868E-02   -0.1343392E-03    0.1525531E-03   -0.2384003E-02   -0.7674376E-03    0.1778284E-02    0.5669100E-02    0.1859564E-03   -0.4837802E-03   -0.4114964E-03   -0.5378761E-02   -0.9739435E-02   -0.9969827E-07    0.1851501E-07    0.2421148E-06    0.5192068E-07    0.8270988E-07    0.5803579E-06   -0.1691323E-05   -0.6038403E-06    0.6293831E-06   -0.4685499E-05   -0.5049204E-05   -0.4009045E-05   -0.9223003E-08    0.1293250E-05
