# omegabh2 omegach2 theta tau nnu ns logA aps100 aps143 aps217 acib143 acib217 asz143 psr cibr cal0 cal2 xi aksz bm_1_1 a_ps_act_148 a_ps_act_217 a_ps_spt_95 a_ps_spt_150 a_ps_spt_220 r_ps_spt_95x150 r_ps_spt_95x220 r_ps_150x220 cal_acts_148 cal_acts_217 cal_acte_148 cal_acte_217 cal_spt_95 cal_spt_150 cal_spt_220
7.799700E-08 5.132800E-07 -2.804100E-08 9.337000E-07 4.204100E-05 1.922300E-06 3.312100E-06 5.762520E-04 -9.393300E-05 -1.239840E-04 3.248000E-06 3.313900E-05 1.932700E-06 5.452000E-07 2.254500E-07 -2.076800E-09 1.320400E-08 9.341200E-07 -9.096500E-08 6.317100E-06 -2.021200E-06 -8.208100E-06 7.136600E-06 5.994100E-06 2.410000E-06 -4.298400E-07 8.534700E-07 6.851500E-08 8.134300E-08 -2.436900E-08 5.733800E-08 8.602800E-08 4.247400E-08 1.662300E-07 -5.185400E-08
5.132800E-07 1.896600E-05 -1.743800E-06 2.033900E-06 1.025400E-03 3.005000E-05 5.245300E-05 4.119300E-02 1.042650E-02 7.611930E-03 -2.498700E-05 6.051500E-04 -2.751400E-05 3.452700E-05 1.089000E-05 -1.447700E-08 1.595300E-07 1.005000E-05 9.991300E-05 4.182300E-04 -4.233000E-04 -2.456900E-03 -3.377900E-04 -3.253300E-04 -2.521900E-03 1.540000E-06 2.314000E-05 -8.372700E-07 -1.411800E-05 -1.004900E-05 -1.543700E-05 -1.031100E-05 -1.658200E-05 -1.161600E-05 -1.290500E-05
-2.804100E-08 -1.743800E-06 4.250900E-07 -2.666600E-08 -9.989500E-05 -2.731000E-06 -4.275100E-06 -4.099680E-03 -1.026630E-03 -7.415190E-04 2.561900E-06 -5.535000E-05 5.604000E-06 -3.285300E-06 -2.518800E-07 4.052100E-09 -1.638100E-08 -1.710100E-06 -1.668100E-05 -3.915700E-05 4.476000E-05 2.250300E-04 1.642400E-05 3.449400E-05 1.940600E-04 -6.479600E-07 -2.105500E-06 -3.945700E-07 1.455000E-06 9.396200E-07 1.561600E-06 9.104800E-07 1.541800E-06 1.047800E-06 7.579200E-07
9.337000E-07 2.033900E-06 -2.666600E-08 1.712500E-04 4.627000E-04 3.688300E-05 3.453900E-04 -3.595410E-02 -6.772050E-03 -3.195810E-03 2.828700E-04 -9.110000E-05 2.378700E-04 -2.379300E-05 1.753100E-05 1.298400E-07 2.139800E-08 -2.200100E-05 -7.980200E-04 -1.984000E-04 4.062500E-05 1.461700E-03 -3.765600E-05 3.726000E-04 5.685800E-05 -4.144300E-08 5.850300E-05 1.892200E-08 7.451200E-06 2.794800E-06 1.268800E-05 3.274200E-06 1.384300E-05 1.177300E-05 -2.938000E-06
4.204100E-05 1.025400E-03 -9.989500E-05 4.627000E-04 6.589600E-02 2.345600E-03 3.560200E-03 2.323890E+00 6.097410E-01 4.045320E-01 -1.727800E-03 3.786700E-02 -2.837200E-03 2.097500E-03 4.664200E-04 -9.359500E-07 9.657000E-06 1.021400E-03 1.357900E-02 2.284600E-02 -2.796400E-02 -1.358200E-01 -1.458400E-02 -2.046300E-02 -1.494800E-01 -1.712200E-04 1.171700E-03 1.223100E-04 -8.426000E-04 -5.306500E-04 -8.423900E-04 -5.392200E-04 -9.560100E-04 -6.186300E-04 -7.510300E-04
1.922300E-06 3.005000E-05 -2.731000E-06 3.688300E-05 2.345600E-03 1.119600E-04 1.475400E-04 3.354750E-02 9.797400E-03 8.218800E-03 -6.176700E-05 4.290900E-04 -3.048300E-05 4.505500E-05 7.290900E-08 -1.217500E-07 2.493500E-07 2.294700E-05 3.616100E-04 4.758800E-04 -8.186900E-04 -3.269900E-03 -2.894400E-04 -4.832700E-04 -3.585800E-03 -1.407900E-05 3.950300E-05 1.110300E-05 -2.101900E-05 -1.435700E-05 -1.930000E-05 -1.427100E-05 -2.045600E-05 -1.033600E-05 -2.311500E-05
3.312100E-06 5.245300E-05 -4.275100E-06 3.453900E-04 3.560200E-03 1.475400E-04 8.258700E-04 4.612500E-02 1.163790E-02 1.245690E-02 5.985200E-04 1.711300E-03 4.457800E-04 4.134600E-05 6.633800E-05 2.411500E-07 5.965400E-07 -2.435700E-05 -1.515200E-03 9.104500E-04 -9.798900E-04 -3.728200E-03 -1.000600E-03 -8.599500E-05 -6.843600E-03 9.763600E-06 1.838300E-04 -4.130600E-06 -2.116600E-05 -2.135200E-05 -1.335700E-05 -2.083200E-05 -1.573900E-05 -6.388100E-06 -4.255500E-05
5.762520E-04 4.119300E-02 -4.099680E-03 -3.595410E-02 2.323890E+00 3.354750E-02 4.612500E-02 2.016819E+03 6.636006E+01 1.511136E+01 1.730070E-01 1.076400E+01 -1.560150E+00 8.548290E-02 1.563030E-02 -5.474250E-04 2.363490E-03 -2.584440E-03 1.512000E+00 1.411380E+01 -1.636920E+00 -2.015190E+00 3.510450E+00 -1.520460E+00 -1.038870E+01 -1.221300E-01 -3.163590E-01 -7.460550E-02 -8.217630E-02 3.206970E-02 -7.705260E-02 2.346750E-02 -9.876600E-02 -4.503960E-02 -2.169900E-02
-9.393300E-05 1.042650E-02 -1.026630E-03 -6.772050E-03 6.097410E-01 9.797400E-03 1.163790E-02 6.636006E+01 4.259466E+01 1.140237E+01 3.908880E-03 1.727460E+00 -5.523570E-01 -7.957800E-03 1.061730E-02 6.436260E-05 -3.425760E-04 5.021550E-02 4.565520E-01 1.133100E-01 -1.152000E-01 -1.678680E+00 1.060740E+00 -4.119930E-01 -2.812590E+00 -6.236460E-03 -7.840350E-02 -3.181950E-02 -2.509110E-02 -2.741400E-03 -2.489310E-02 -4.135050E-03 -3.712950E-02 -2.167560E-02 -6.481980E-03
-1.239840E-04 7.611930E-03 -7.415190E-04 -3.195810E-03 4.045320E-01 8.218800E-03 1.245690E-02 1.511136E+01 1.140237E+01 4.990248E+01 -5.735700E-01 -1.413810E+01 4.248090E-01 -1.431810E-01 -1.524870E-02 1.396440E-04 -2.388780E-03 -8.825760E-02 -8.876160E-01 2.214720E-01 -2.772810E-01 1.577880E+00 -1.316160E+00 -6.734340E-02 -8.912970E-01 -6.735240E-03 1.427850E-02 1.765800E-02 -1.157400E-02 -3.922380E-02 -1.031400E-02 -4.090230E-02 -8.936190E-03 -1.151100E-02 -3.576690E-02
3.248000E-06 -2.498700E-05 2.561900E-06 2.828700E-04 -1.727800E-03 -6.176700E-05 5.985200E-04 1.730070E-01 3.908880E-03 -5.735700E-01 6.222000E-01 1.088700E+00 8.808200E-02 -2.516300E-03 -2.941100E-03 -2.175400E-06 1.476600E-05 9.040500E-03 -4.206000E-01 4.769700E-03 -9.705500E-02 -3.213300E-01 1.643900E-02 -1.737800E-01 -2.245500E-01 3.697600E-02 3.124900E-02 -5.584900E-03 -9.801200E-05 1.933700E-04 5.046800E-05 8.153600E-05 -3.663800E-04 2.319300E-04 1.032700E-03
3.313900E-05 6.051500E-04 -5.535000E-05 -9.110000E-05 3.786700E-02 4.290900E-04 1.711300E-03 1.076400E+01 1.727460E+00 -1.413810E+01 1.088700E+00 8.439500E+00 8.499800E-02 8.048200E-02 1.976900E-02 -4.010900E-05 1.190300E-03 -1.984600E-02 -8.384600E-01 4.089300E-02 -2.263400E-01 -2.610400E+00 2.800200E-01 -4.189600E-01 -1.648100E+00 5.294700E-02 4.009000E-02 -2.225300E-02 -2.211300E-03 9.397800E-03 -2.318100E-03 1.025400E-02 -3.365000E-03 -1.499800E-03 1.007400E-02
1.932700E-06 -2.751400E-05 5.604000E-06 2.378700E-04 -2.837200E-03 -3.048300E-05 4.457800E-04 -1.560150E+00 -5.523570E-01 4.248090E-01 8.808200E-02 8.499800E-02 7.561700E-02 1.575000E-03 3.785300E-03 -2.455800E-06 -4.632200E-05 -8.579500E-03 -1.820700E-01 1.016300E-02 -2.927300E-02 -1.879600E-01 -1.399600E-01 -2.806100E-02 -1.578600E-01 6.810300E-03 1.386500E-02 -2.396700E-06 4.748400E-04 -1.342000E-03 4.009300E-04 -1.266300E-03 9.327200E-04 2.228300E-04 -6.096100E-04
5.452000E-07 3.452700E-05 -3.285300E-06 -2.379300E-05 2.097500E-03 4.505500E-05 4.134600E-05 8.548290E-02 -7.957800E-03 -1.431810E-01 -2.516300E-03 8.048200E-02 1.575000E-03 3.073300E-03 -1.130600E-04 -1.262000E-07 1.331900E-05 4.608600E-04 -6.000600E-04 1.180200E-03 -2.394000E-04 -5.795700E-02 -5.362000E-03 1.454500E-03 -3.509400E-02 -6.541000E-06 8.381500E-04 3.567500E-04 -5.918800E-05 -2.916800E-05 -7.800900E-05 -1.692900E-05 -2.492100E-05 -5.456400E-05 8.776000E-06
2.254500E-07 1.089000E-05 -2.518800E-07 1.753100E-05 4.664200E-04 7.290900E-08 6.633800E-05 1.563030E-02 1.061730E-02 -1.524870E-02 -2.941100E-03 1.976900E-02 3.785300E-03 -1.130600E-04 2.082200E-03 -2.478800E-07 3.915500E-07 2.350600E-04 -4.687300E-03 1.287300E-03 4.247600E-03 -2.338300E-03 -1.145200E-02 1.805800E-03 -7.870100E-03 9.028300E-05 1.439000E-03 -4.748700E-04 3.398000E-05 3.349700E-06 2.978200E-05 9.875900E-06 3.420100E-05 9.217400E-06 3.494700E-05
-2.076800E-09 -1.447700E-08 4.052100E-09 1.298400E-07 -9.359500E-07 -1.217500E-07 2.411500E-07 -5.474250E-04 6.436260E-05 1.396440E-04 -2.175400E-06 -4.010900E-05 -2.455800E-06 -1.262000E-07 -2.478800E-07 1.609800E-07 -5.879200E-09 2.661100E-07 3.388800E-06 -2.645100E-05 4.048300E-06 -3.025300E-05 2.181800E-05 3.078300E-06 -6.766800E-05 -1.261300E-06 3.016000E-07 1.229000E-07 -6.395700E-08 -1.591800E-07 4.491700E-08 -1.870400E-07 -1.426500E-07 -1.423700E-07 -3.738500E-07
1.320400E-08 1.595300E-07 -1.638100E-08 2.139800E-08 9.657000E-06 2.493500E-07 5.965400E-07 2.363490E-03 -3.425760E-04 -2.388780E-03 1.476600E-05 1.190300E-03 -4.632200E-05 1.331900E-05 3.915500E-07 -5.879200E-09 5.463800E-07 2.764300E-06 5.988400E-05 8.310600E-06 3.748700E-06 -2.079700E-04 1.381100E-04 -7.899000E-06 -1.241700E-04 -3.019300E-06 -7.225000E-06 -1.815800E-06 -2.357400E-07 2.766500E-06 -1.320700E-07 2.774700E-06 -7.037300E-07 -2.331200E-07 2.112700E-06
9.341200E-07 1.005000E-05 -1.710100E-06 -2.200100E-05 1.021400E-03 2.294700E-05 -2.435700E-05 -2.584440E-03 5.021550E-02 -8.825760E-02 9.040500E-03 -1.984600E-02 -8.579500E-03 4.608600E-04 2.350600E-04 2.661100E-07 2.764300E-06 8.533800E-03 3.820600E-02 -1.935100E-03 1.489200E-02 1.286400E-02 8.848300E-03 1.172700E-02 2.132600E-02 1.427900E-03 3.193700E-03 3.076700E-04 -4.153300E-06 1.632700E-04 -1.356500E-05 1.327900E-04 -8.544400E-05 3.409700E-05 1.421800E-04
-9.096500E-08 9.991300E-05 -1.668100E-05 -7.980200E-04 1.357900E-02 3.616100E-04 -1.515200E-03 1.512000E+00 4.565520E-01 -8.876160E-01 -4.206000E-01 -8.384600E-01 -1.820700E-01 -6.000600E-04 -4.687300E-03 3.388800E-06 5.988400E-05 3.820600E-02 7.578600E-01 -2.232200E-02 6.166600E-02 5.712800E-01 1.228200E-01 1.095700E-01 4.777400E-01 -2.480800E-02 -2.428300E-02 6.839300E-03 3.329200E-04 3.087100E-03 3.206400E-04 2.904800E-03 -5.656900E-04 2.499000E-04 1.450300E-03
6.317100E-06 4.182300E-04 -3.915700E-05 -1.984000E-04 2.284600E-02 4.758800E-04 9.104500E-04 1.411380E+01 1.133100E-01 2.214720E-01 4.769700E-03 4.089300E-02 1.016300E-02 1.180200E-03 1.287300E-03 -2.645100E-05 8.310600E-06 -1.935100E-03 -2.232200E-02 1.460500E-01 -1.777000E-02 -9.562800E-02 -3.176300E-02 -1.272000E-02 -1.220600E-01 3.328500E-04 1.777600E-03 -2.537100E-05 -4.359500E-04 -3.147100E-04 -3.937200E-04 -4.531300E-04 -2.748100E-04 -1.864000E-04 -5.597400E-04
-2.021200E-06 -4.233000E-04 4.476000E-05 4.062500E-05 -2.796400E-02 -8.186900E-04 -9.798900E-04 -1.636920E+00 -1.152000E-01 -2.772810E-01 -9.705500E-02 -2.263400E-01 -2.927300E-02 -2.394000E-04 4.247600E-03 4.048300E-06 3.748700E-06 1.489200E-02 6.166600E-02 -1.777000E-02 3.290500E-01 -9.263400E-02 5.237600E-02 1.258800E-01 4.634600E-01 -5.935300E-04 -1.659000E-03 -4.707200E-03 2.167800E-03 -4.411600E-04 2.275100E-03 -2.920200E-04 -3.260600E-04 2.754800E-04 1.601600E-03
-8.208100E-06 -2.456900E-03 2.250300E-04 1.461700E-03 -1.358200E-01 -3.269900E-03 -3.728200E-03 -2.015190E+00 -1.678680E+00 1.577880E+00 -3.213300E-01 -2.610400E+00 -1.879600E-01 -5.795700E-02 -2.338300E-03 -3.025300E-05 -2.079700E-04 1.286400E-02 5.712800E-01 -9.562800E-02 -9.263400E-02 1.516500E+01 4.084800E-01 8.198700E-02 1.781600E+00 -3.546700E-02 -5.624900E-02 -2.600600E-03 1.850800E-03 5.062700E-02 8.673200E-04 3.883300E-02 2.713200E-03 3.208800E-03 3.445500E-03
7.136600E-06 -3.377900E-04 1.642400E-05 -3.765600E-05 -1.458400E-02 -2.894400E-04 -1.000600E-03 3.510450E+00 1.060740E+00 -1.316160E+00 1.643900E-02 2.800200E-01 -1.399600E-01 -5.362000E-03 -1.145200E-02 2.181800E-05 1.381100E-04 8.848300E-03 1.228200E-01 -3.176300E-02 5.237600E-02 4.084800E-01 1.903600E+00 3.541700E-02 3.143700E-01 -6.900700E-02 -8.465300E-02 -3.825300E-03 -1.735700E-03 3.046300E-03 -1.609200E-03 3.217700E-03 8.575100E-04 -2.390000E-05 2.195700E-03
5.994100E-06 -3.253300E-04 3.449400E-05 3.726000E-04 -2.046300E-02 -4.832700E-04 -8.599500E-05 -1.520460E+00 -4.119930E-01 -6.734340E-02 -1.737800E-01 -4.189600E-01 -2.806100E-02 1.454500E-03 1.805800E-03 3.078300E-06 -7.899000E-06 1.172700E-02 1.095700E-01 -1.272000E-02 1.258800E-01 8.198700E-02 3.541700E-02 2.336900E-01 1.856600E-01 -6.485800E-03 -7.049600E-04 1.281100E-03 3.091200E-04 -3.887900E-04 1.999800E-04 -2.146500E-04 5.989900E-04 2.509100E-04 -7.652500E-05
2.410000E-06 -2.521900E-03 1.940600E-04 5.685800E-05 -1.494800E-01 -3.585800E-03 -6.843600E-03 -1.038870E+01 -2.812590E+00 -8.912970E-01 -2.245500E-01 -1.648100E+00 -1.578600E-01 -3.509400E-02 -7.870100E-03 -6.766800E-05 -1.241700E-04 2.132600E-02 4.777400E-01 -1.220600E-01 4.634600E-01 1.781600E+00 3.143700E-01 1.856600E-01 1.194800E+01 -1.618800E-02 -6.770000E-02 -1.599600E-02 4.563200E-03 4.314500E-03 5.714000E-03 4.294500E-03 1.539700E-03 5.935800E-03 3.033600E-02
-4.298400E-07 1.540000E-06 -6.479600E-07 -4.144300E-08 -1.712200E-04 -1.407900E-05 9.763600E-06 -1.221300E-01 -6.236460E-03 -6.735240E-03 3.697600E-02 5.294700E-02 6.810300E-03 -6.541000E-06 9.028300E-05 -1.261300E-06 -3.019300E-06 1.427900E-03 -2.480800E-02 3.328500E-04 -5.935300E-04 -3.546700E-02 -6.900700E-02 -6.485800E-03 -1.618800E-02 7.021100E-03 5.815500E-03 -3.613300E-04 3.758100E-05 -8.629500E-05 3.247300E-05 -9.893100E-05 -1.091600E-04 1.027700E-05 2.353400E-05
8.534700E-07 2.314000E-05 -2.105500E-06 5.850300E-05 1.171700E-03 3.950300E-05 1.838300E-04 -3.163590E-01 -7.840350E-02 1.427850E-02 3.124900E-02 4.009000E-02 1.386500E-02 8.381500E-04 1.439000E-03 3.016000E-07 -7.225000E-06 3.193700E-03 -2.428300E-02 1.777600E-03 -1.659000E-03 -5.624900E-02 -8.465300E-02 -7.049600E-04 -6.770000E-02 5.815500E-03 1.190800E-02 2.461300E-04 9.865700E-05 -2.264500E-04 6.152300E-05 -2.119900E-04 2.415800E-05 3.651300E-05 -2.892200E-04
6.851500E-08 -8.372700E-07 -3.945700E-07 1.892200E-08 1.223100E-04 1.110300E-05 -4.130600E-06 -7.460550E-02 -3.181950E-02 1.765800E-02 -5.584900E-03 -2.225300E-02 -2.396700E-06 3.567500E-04 -4.748700E-04 1.229000E-07 -1.815800E-06 3.076700E-04 6.839300E-03 -2.537100E-05 -4.707200E-03 -2.600600E-03 -3.825300E-03 1.281100E-03 -1.599600E-02 -3.613300E-04 2.461300E-04 5.935900E-04 1.168800E-06 -3.631900E-05 -1.262400E-06 -3.445600E-05 5.305800E-05 1.162800E-05 -1.043300E-04
8.134300E-08 -1.411800E-05 1.455000E-06 7.451200E-06 -8.426000E-04 -2.101900E-05 -2.116600E-05 -8.217630E-02 -2.509110E-02 -1.157400E-02 -9.801200E-05 -2.211300E-03 4.748400E-04 -5.918800E-05 3.398000E-05 -6.395700E-08 -2.357400E-07 -4.153300E-06 3.329200E-04 -4.359500E-04 2.167800E-03 1.850800E-03 -1.735700E-03 3.091200E-04 4.563200E-03 3.758100E-05 9.865700E-05 1.168800E-06 1.516200E-04 6.328600E-06 6.015100E-05 1.187500E-05 3.452400E-05 2.567700E-05 1.947200E-05
-2.436900E-08 -1.004900E-05 9.396200E-07 2.794800E-06 -5.306500E-04 -1.435700E-05 -2.135200E-05 3.206970E-02 -2.741400E-03 -3.922380E-02 1.933700E-04 9.397800E-03 -1.342000E-03 -2.916800E-05 3.349700E-06 -1.591800E-07 2.766500E-06 1.632700E-04 3.087100E-03 -3.147100E-04 -4.411600E-04 5.062700E-02 3.046300E-03 -3.887900E-04 4.314500E-03 -8.629500E-05 -2.264500E-04 -3.631900E-05 6.328600E-06 3.368000E-04 6.953000E-06 1.841000E-04 -2.119600E-06 1.811200E-05 5.535500E-05
5.733800E-08 -1.543700E-05 1.561600E-06 1.268800E-05 -8.423900E-04 -1.930000E-05 -1.335700E-05 -7.705260E-02 -2.489310E-02 -1.031400E-02 5.046800E-05 -2.318100E-03 4.009300E-04 -7.800900E-05 2.978200E-05 4.491700E-08 -1.320700E-07 -1.356500E-05 3.206400E-04 -3.937200E-04 2.275100E-03 8.673200E-04 -1.609200E-03 1.999800E-04 5.714000E-03 3.247300E-05 6.152300E-05 -1.262400E-06 6.015100E-05 6.953000E-06 1.267100E-04 5.153200E-06 2.746400E-05 2.309800E-05 2.544400E-05
8.602800E-08 -1.031100E-05 9.104800E-07 3.274200E-06 -5.392200E-04 -1.427100E-05 -2.083200E-05 2.346750E-02 -4.135050E-03 -4.090230E-02 8.153600E-05 1.025400E-02 -1.266300E-03 -1.692900E-05 9.875900E-06 -1.870400E-07 2.774700E-06 1.327900E-04 2.904800E-03 -4.531300E-04 -2.920200E-04 3.883300E-02 3.217700E-03 -2.146500E-04 4.294500E-03 -9.893100E-05 -2.119900E-04 -3.445600E-05 1.187500E-05 1.841000E-04 5.153200E-06 2.205800E-04 8.231100E-06 1.455600E-05 5.164000E-05
4.247400E-08 -1.658200E-05 1.541800E-06 1.384300E-05 -9.560100E-04 -2.045600E-05 -1.573900E-05 -9.876600E-02 -3.712950E-02 -8.936190E-03 -3.663800E-04 -3.365000E-03 9.327200E-04 -2.492100E-05 3.420100E-05 -1.426500E-07 -7.037300E-07 -8.544400E-05 -5.656900E-04 -2.748100E-04 -3.260600E-04 2.713200E-03 8.575100E-04 5.989900E-04 1.539700E-03 -1.091600E-04 2.415800E-05 5.305800E-05 3.452400E-05 -2.119600E-06 2.746400E-05 8.231100E-06 4.078600E-04 4.961000E-05 4.010500E-06
1.662300E-07 -1.161600E-05 1.047800E-06 1.177300E-05 -6.186300E-04 -1.033600E-05 -6.388100E-06 -4.503960E-02 -2.167560E-02 -1.151100E-02 2.319300E-04 -1.499800E-03 2.228300E-04 -5.456400E-05 9.217400E-06 -1.423700E-07 -2.331200E-07 3.409700E-05 2.499000E-04 -1.864000E-04 2.754800E-04 3.208800E-03 -2.390000E-05 2.509100E-04 5.935800E-03 1.027700E-05 3.651300E-05 1.162800E-05 2.567700E-05 1.811200E-05 2.309800E-05 1.455600E-05 4.961000E-05 9.152000E-05 2.517800E-05
-5.185400E-08 -1.290500E-05 7.579200E-07 -2.938000E-06 -7.510300E-04 -2.311500E-05 -4.255500E-05 -2.169900E-02 -6.481980E-03 -3.576690E-02 1.032700E-03 1.007400E-02 -6.096100E-04 8.776000E-06 3.494700E-05 -3.738500E-07 2.112700E-06 1.421800E-04 1.450300E-03 -5.597400E-04 1.601600E-03 3.445500E-03 2.195700E-03 -7.652500E-05 3.033600E-02 2.353400E-05 -2.892200E-04 -1.043300E-04 1.947200E-05 5.535500E-05 2.544400E-05 5.164000E-05 4.010500E-06 2.517800E-05 5.147300E-04
