# omegabh2 omegach2 theta tau logA ns
    0.6223864E-07   -0.1692695E-06    0.2950385E-07    0.9174247E-06    0.2195715E-05    0.1266859E-05
   -0.1692695E-06    0.3848028E-05   -0.2536204E-06   -0.7118943E-05   -0.4445025E-05   -0.6831887E-05
    0.2950385E-07   -0.2536204E-06    0.2358170E-06    0.5741918E-06    0.7034289E-06    0.6819746E-06
    0.9174247E-06   -0.7118943E-05    0.5741918E-06    0.2202338E-03    0.4515931E-03    0.5754826E-04
    0.2195715E-05   -0.4445025E-05    0.7034289E-06    0.4515931E-03    0.1004467E-02    0.1293062E-03
    0.1266859E-05   -0.6831887E-05    0.6819746E-06    0.5754826E-04    0.1293062E-03    0.8550347E-04
