# omegabh2 omegach2 theta tau omegak ns logA aps100 aps143 aps217 acib143 acib217 asz143 psr cibr ncib cal0 cal2 xi aksz bm_1_1 bm_1_2 bm_1_3 bm_1_4 bm_1_5 bm_2_1 bm_2_2 bm_2_3 bm_2_4 bm_2_5 bm_3_1 bm_3_2 bm_3_3 bm_3_4 bm_3_5 bm_4_1 bm_4_2 bm_4_3 bm_4_4 bm_4_5 a_ps_act_148 a_ps_act_217 a_ps_spt_95 a_ps_spt_150 a_ps_spt_220 r_ps_spt_95x150 r_ps_spt_95x220 r_ps_150x220 act_dust_s act_dust_e cal_acts_148 cal_acts_217 cal_acte_148 cal_acte_217 cal_spt_95 cal_spt_150 cal_spt_220
    0.77239E-07   -0.42340E-06    0.85828E-07    0.83443E-06   -0.47294E-06    0.10990E-05    0.83140E-06   -0.37109E-03   -0.69368E-03   -0.63571E-03    0.57089E-05    0.24715E-04    0.23984E-04   -0.15692E-05   -0.18188E-06    0.40859E-06    0.47704E-08    0.48224E-08   -0.42171E-05   -0.58575E-04   -0.13040E-04   -0.80331E-05   -0.56099E-06   -0.28265E-05   -0.62951E-06    0.87694E-05   -0.21381E-05    0.12750E-05   -0.90350E-05    0.16592E-05    0.19961E-05   -0.27936E-05    0.10782E-05    0.62862E-05   -0.93271E-06    0.92299E-05   -0.12026E-05    0.14157E-05   -0.11140E-04   -0.57442E-05    0.12369E-04    0.11766E-03    0.26216E-04    0.25150E-04    0.11175E-03   -0.32048E-06   -0.48125E-06   -0.15048E-06   -0.40360E-06   -0.53155E-06    0.36783E-06    0.48779E-06    0.39956E-06    0.45920E-06    0.79466E-06    0.73652E-06    0.55370E-06
   -0.42340E-06    0.69824E-05   -0.79209E-06   -0.90277E-05    0.65947E-05   -0.15811E-04   -0.15832E-05    0.21115E-02    0.31372E-02    0.36495E-02   -0.51911E-04   -0.30197E-03   -0.12594E-03    0.71710E-05   -0.64626E-06   -0.44239E-05   -0.38725E-07    0.24720E-07    0.10516E-04    0.18904E-03    0.75021E-04    0.20276E-04    0.13217E-04    0.26881E-04   -0.21153E-04   -0.59810E-04   -0.80408E-04   -0.19551E-04    0.10500E-03    0.56416E-04   -0.88510E-04    0.39460E-04   -0.53677E-05   -0.42478E-04   -0.10897E-04   -0.86278E-04   -0.69515E-04   -0.64143E-04    0.42078E-05    0.85042E-04   -0.48312E-04   -0.56176E-03   -0.14882E-03   -0.11173E-03   -0.43158E-03    0.99100E-06   -0.25275E-05    0.16865E-06    0.77695E-05   -0.38391E-05   -0.21427E-05   -0.26515E-05   -0.22365E-05   -0.28019E-05   -0.40459E-05   -0.38836E-05   -0.32554E-05
    0.85828E-07   -0.79209E-06    0.42060E-06    0.12437E-05   -0.10130E-05    0.22728E-05    0.99838E-06   -0.17471E-03   -0.40768E-03   -0.49595E-03    0.48693E-05    0.96200E-04    0.44160E-04    0.83853E-08    0.78430E-06    0.12193E-05    0.62874E-08   -0.12656E-07   -0.69917E-05   -0.79377E-04   -0.92064E-05    0.23887E-05    0.10608E-04   -0.81411E-06    0.45077E-05   -0.10955E-04    0.15309E-05    0.10789E-04   -0.17743E-04   -0.73823E-05    0.82402E-05   -0.39100E-05    0.10308E-04    0.37017E-05    0.19971E-05   -0.57709E-05    0.60605E-05    0.11417E-04   -0.89943E-05   -0.13729E-04    0.12688E-04    0.61581E-04    0.26374E-04    0.16144E-04    0.22526E-04   -0.70045E-06   -0.33752E-06   -0.26705E-06   -0.11862E-06   -0.19866E-05    0.24083E-06    0.40241E-06    0.23676E-06    0.32095E-06    0.37924E-06    0.44068E-06    0.37277E-06
    0.83443E-06   -0.90277E-05    0.12437E-05    0.16780E-03   -0.75252E-05    0.29697E-04    0.31159E-03   -0.20670E-01   -0.16023E-01   -0.12054E-01    0.32755E-03    0.20297E-02    0.99763E-03   -0.28170E-04   -0.21968E-04    0.34723E-04   -0.60969E-08    0.23990E-06   -0.16712E-03   -0.25999E-02   -0.19372E-03   -0.21657E-03    0.18293E-03    0.24833E-03    0.34972E-03    0.41464E-03    0.14766E-03   -0.20897E-03   -0.24455E-03   -0.52572E-04    0.76856E-04   -0.84417E-04    0.45103E-04    0.68540E-04   -0.99415E-05    0.40249E-03    0.30840E-04    0.22322E-03    0.53704E-04   -0.23189E-03    0.93345E-04    0.13362E-02    0.96291E-03    0.35046E-03    0.11928E-02   -0.65759E-05   -0.21708E-04   -0.68533E-05    0.28997E-04    0.25450E-04    0.65602E-05    0.78297E-05    0.72103E-05    0.93116E-05    0.12636E-04    0.14507E-04    0.74532E-05
   -0.47294E-06    0.65947E-05   -0.10130E-05   -0.75252E-05    0.10911E-04   -0.15253E-04   -0.82770E-08    0.35993E-02    0.33831E-02    0.40148E-02   -0.19242E-04   -0.27829E-03   -0.14590E-03    0.57755E-05   -0.35498E-06   -0.42451E-05   -0.50976E-07    0.31150E-07    0.16951E-04    0.27672E-03    0.73101E-04    0.38419E-04    0.50496E-04    0.15154E-04   -0.22472E-04   -0.74645E-04   -0.40093E-04   -0.37679E-04    0.94884E-04    0.45389E-04   -0.11803E-03   -0.51098E-05   -0.13504E-04   -0.57571E-04    0.19562E-04   -0.12093E-03   -0.78424E-04   -0.45183E-04    0.30766E-04    0.86843E-04   -0.68635E-04   -0.70788E-03   -0.12868E-03   -0.13503E-03   -0.63668E-03    0.16580E-06   -0.32724E-05    0.39744E-06    0.94204E-05    0.43643E-05   -0.22787E-05   -0.28127E-05   -0.23653E-05   -0.26189E-05   -0.50664E-05   -0.38727E-05   -0.38111E-05
    0.10990E-05   -0.15811E-04    0.22728E-05    0.29697E-04   -0.15253E-04    0.51575E-04    0.18044E-04   -0.31232E-01   -0.18862E-01   -0.16128E-01    0.62058E-04    0.15836E-02    0.77775E-03   -0.29495E-04   -0.16923E-05    0.32637E-04   -0.74808E-08    0.27102E-06   -0.12202E-03   -0.13636E-02   -0.44908E-03   -0.30546E-03   -0.95192E-04   -0.70440E-04    0.92044E-04    0.43179E-03    0.24622E-03   -0.19092E-05   -0.24454E-03   -0.14054E-03    0.96641E-04   -0.16803E-03    0.59270E-04    0.13974E-03    0.21828E-04    0.35403E-03    0.19838E-03    0.18524E-03   -0.42312E-04   -0.17567E-03    0.16601E-03    0.20689E-02    0.49655E-03    0.41876E-03    0.12363E-02   -0.12461E-04   -0.42831E-05    0.57335E-06   -0.19570E-04    0.10448E-04    0.93630E-05    0.98558E-05    0.94604E-05    0.11361E-04    0.17495E-04    0.15682E-04    0.11312E-04
    0.83140E-06   -0.15832E-05    0.99838E-06    0.31159E-03   -0.82770E-08    0.18044E-04    0.62034E-03   -0.45903E-01   -0.27520E-01   -0.16717E-01    0.50151E-03    0.38049E-02    0.18662E-02   -0.42382E-04   -0.48522E-04    0.69798E-04   -0.22876E-07    0.83117E-06   -0.36491E-03   -0.52145E-02    0.24221E-03   -0.24422E-03    0.35999E-03    0.54071E-03    0.66841E-03    0.10416E-02    0.16308E-03   -0.48548E-03   -0.21212E-03   -0.17717E-04   -0.39787E-04   -0.14596E-05    0.17589E-04   -0.46114E-04   -0.57653E-04    0.85887E-03    0.31975E-04    0.33311E-03    0.18506E-03   -0.22440E-03    0.63656E-04    0.10836E-02    0.16237E-02    0.44952E-03    0.11090E-02   -0.16334E-04   -0.60800E-04   -0.13973E-04    0.80167E-04    0.36463E-04    0.89411E-05    0.97341E-05    0.97728E-05    0.11521E-04    0.17173E-04    0.20087E-04    0.73268E-05
   -0.37109E-03    0.21115E-02   -0.17471E-03   -0.20670E-01    0.35993E-02   -0.31232E-01   -0.45903E-01    0.15449E+04    0.76275E+02    0.22490E+02    0.64551E+00   -0.26284E+01   -0.93103E+01   -0.89077E-01   -0.10344E+00   -0.74845E-01    0.16887E-02   -0.34803E-02    0.82196E+00    0.58027E+01    0.16104E+02   -0.71277E+01    0.26753E+00   -0.74526E-01   -0.46671E+00   -0.23909E+01   -0.50430E+01   -0.71809E+00   -0.57466E+00   -0.79633E+00    0.10741E+00   -0.21931E+00    0.40705E+00   -0.11637E+01   -0.40514E+01   -0.87837E+00   -0.28682E+01   -0.24646E+01   -0.93477E+00    0.25531E+01    0.69569E+00    0.21939E+01    0.46291E+01   -0.53577E+00    0.38578E+01   -0.47517E-01   -0.29074E+00   -0.72891E-01    0.13530E+00   -0.69787E-01   -0.21142E-01    0.52264E-02   -0.22839E-01    0.75844E-02   -0.62385E-01   -0.25089E-01   -0.32472E-02
   -0.69368E-03    0.31372E-02   -0.40768E-03   -0.16023E-01    0.33831E-02   -0.18862E-01   -0.27520E-01    0.76275E+02    0.61298E+02    0.17622E+02    0.14086E+00   -0.76312E+00   -0.18287E+01    0.21524E-01    0.14577E-01   -0.35043E-01   -0.43662E-04   -0.87724E-03    0.13157E+00    0.32991E+00   -0.17365E-01   -0.27182E+00    0.19257E+00    0.75520E-01   -0.54293E-01    0.26886E+00   -0.24588E+00    0.35055E-01   -0.19187E+00    0.10421E+00   -0.48463E-01    0.20725E+00    0.15729E+00    0.18425E-01   -0.12702E+00    0.20383E+00   -0.24106E-01   -0.18677E+00   -0.16100E+00    0.91428E-01    0.34907E+00   -0.11142E+01    0.11302E+01   -0.21200E+00   -0.54409E+00   -0.78708E-02   -0.62788E-01   -0.29417E-01    0.87247E-02    0.55941E-02   -0.11131E-01   -0.77158E-02   -0.11658E-01   -0.75571E-02   -0.27179E-01   -0.17567E-01   -0.10444E-01
   -0.63571E-03    0.36495E-02   -0.49595E-03   -0.12054E-01    0.40148E-02   -0.16128E-01   -0.16717E-01    0.22490E+02    0.17622E+02    0.95030E+02   -0.10867E+01   -0.34401E+02    0.18481E+00   -0.36644E+00   -0.48061E-01   -0.45336E+00    0.63213E-04   -0.31208E-03   -0.27808E-02    0.64366E+00   -0.11521E+00    0.31324E+00    0.16543E+00    0.22371E-01    0.27971E-02   -0.12196E+00   -0.74219E-01    0.86011E-01    0.82537E-01    0.30943E+00    0.15352E-01    0.38330E+00   -0.13179E+00    0.36554E+00    0.39717E+00   -0.82274E-01   -0.40946E-02    0.53772E-01    0.21105E-01   -0.40798E-03    0.20669E+00    0.17876E+02   -0.67887E+00    0.60402E+00    0.91820E+01   -0.48366E-01   -0.95722E-01   -0.23128E-02    0.31597E-01    0.21738E-01   -0.67982E-02   -0.24824E-01   -0.61668E-02   -0.31685E-01   -0.12700E-01   -0.99472E-02   -0.57392E-01
    0.57089E-05   -0.51911E-04    0.48693E-05    0.32755E-03   -0.19242E-04    0.62058E-04    0.50151E-03    0.64551E+00    0.14086E+00   -0.10867E+01    0.64114E+00    0.11516E+01    0.53317E+00    0.21799E-02   -0.28163E-02   -0.22229E-02   -0.64656E-05    0.74495E-04    0.10518E-01   -0.89448E+00    0.14862E-01   -0.27414E-01    0.10530E-02   -0.91636E-02   -0.86981E-02   -0.88521E-02   -0.58421E-02   -0.33243E-01    0.11809E-01   -0.15746E-01    0.24212E-01   -0.32180E-01   -0.65460E-02   -0.21374E-01   -0.14958E-01    0.17727E-01   -0.27131E-01    0.27755E-02    0.26516E-01    0.13212E-01    0.55297E-01   -0.15566E+00   -0.21967E+00   -0.16004E-01   -0.12724E+00    0.47862E-01    0.45312E-01   -0.39430E-02    0.59946E-03   -0.34606E-02    0.13149E-03    0.27343E-03    0.82463E-04    0.43207E-03   -0.61372E-03    0.69911E-03    0.15832E-02
    0.24715E-04   -0.30197E-03    0.96200E-04    0.20297E-02   -0.27829E-03    0.15836E-02    0.38049E-02   -0.26284E+01   -0.76312E+00   -0.34401E+02    0.11516E+01    0.21491E+02    0.19470E+01    0.22112E+00    0.31269E-01    0.28668E+00   -0.17854E-04    0.81809E-04   -0.34106E+00   -0.41876E+01    0.23446E+00   -0.21166E+00   -0.73653E-01   -0.23319E-01   -0.28872E-01    0.35738E-01    0.48579E-01   -0.69160E-01    0.19700E+00   -0.28124E+00   -0.93531E-01   -0.47388E+00    0.31220E-01   -0.34141E+00   -0.33578E+00   -0.56321E-01   -0.75101E-02   -0.31548E-01    0.12613E+00    0.22946E+00   -0.38185E+00   -0.11895E+02   -0.78494E-01   -0.74718E+00   -0.79405E+01    0.52936E-01    0.60660E-01   -0.84394E-02    0.31657E-02   -0.11153E-01   -0.43975E-03    0.54837E-02   -0.14668E-02    0.85544E-02    0.89670E-04   -0.29071E-02    0.20507E-01
    0.23984E-04   -0.12594E-03    0.44160E-04    0.99763E-03   -0.14590E-03    0.77775E-03    0.18662E-02   -0.93103E+01   -0.18287E+01    0.18481E+00    0.53317E+00    0.19470E+01    0.19196E+01    0.19727E-01    0.22519E-01    0.16094E-01    0.11906E-04   -0.15997E-03   -0.16970E+00   -0.23376E+01    0.67931E-01   -0.35535E-02   -0.23891E-02   -0.10345E-03   -0.27181E-01    0.31724E-01   -0.27421E-01   -0.35041E-01   -0.25558E-01   -0.35045E-01   -0.50247E-01   -0.45914E-01   -0.55196E-02   -0.17396E-01   -0.15072E-01    0.15384E-02   -0.29681E-01   -0.38972E-01   -0.11173E-01   -0.49232E-02   -0.82796E-01   -0.75126E+00   -0.78979E+00   -0.88206E-01   -0.12397E+01    0.43195E-01    0.69066E-01   -0.15373E-02    0.41072E-02   -0.71298E-03    0.52545E-03   -0.25164E-02    0.30841E-03   -0.25039E-02    0.34995E-02    0.36568E-03   -0.21830E-02
   -0.15692E-05    0.71710E-05    0.83853E-08   -0.28170E-04    0.57755E-05   -0.29495E-04   -0.42382E-04   -0.89077E-01    0.21524E-01   -0.36644E+00    0.21799E-02    0.22112E+00    0.19727E-01    0.45884E-02   -0.22027E-04    0.31693E-02    0.79090E-07   -0.32441E-05   -0.13351E-02   -0.20742E-01    0.11303E-02    0.15190E-02   -0.59154E-03    0.12394E-02   -0.10372E-02    0.44035E-03   -0.30407E-02    0.11238E-02   -0.24649E-02    0.68635E-04   -0.82091E-03    0.74414E-03    0.72340E-03   -0.36043E-03   -0.17230E-02    0.25347E-04   -0.17188E-03   -0.30545E-02   -0.34486E-02   -0.26456E-02   -0.15252E-02   -0.15520E+00   -0.80223E-02   -0.40617E-02   -0.10595E+00    0.39516E-03    0.15175E-02    0.36419E-03    0.13660E-03    0.35482E-04   -0.18657E-04   -0.27020E-04   -0.36787E-04    0.15598E-04    0.39456E-04   -0.65438E-04    0.17451E-03
   -0.18188E-06   -0.64626E-06    0.78430E-06   -0.21968E-04   -0.35498E-06   -0.16923E-05   -0.48522E-04   -0.10344E+00    0.14577E-01   -0.48061E-01   -0.28163E-02    0.31269E-01    0.22519E-01   -0.22027E-04    0.28834E-02   -0.16657E-03    0.30352E-07    0.30002E-05   -0.67523E-03   -0.15850E-01    0.28718E-04   -0.11286E-02    0.61425E-03    0.62417E-03    0.49806E-03   -0.24525E-02   -0.19262E-03    0.23333E-03   -0.67706E-03   -0.14331E-02    0.28228E-02   -0.14336E-02   -0.32017E-03   -0.92884E-04   -0.13786E-03   -0.94051E-04    0.46951E-04   -0.19929E-03    0.22570E-03   -0.49047E-03    0.62169E-02    0.16760E-02   -0.12692E-01    0.37462E-02    0.63126E-02    0.12213E-03    0.15098E-02   -0.42015E-03   -0.92088E-04    0.34503E-04    0.68926E-05    0.32314E-04    0.66652E-05    0.35419E-04    0.73893E-04   -0.27651E-06    0.77815E-04
    0.40859E-06   -0.44239E-05    0.12193E-05    0.34723E-04   -0.42451E-05    0.32637E-04    0.69798E-04   -0.74845E-01   -0.35043E-01   -0.45336E+00   -0.22229E-02    0.28668E+00    0.16094E-01    0.31693E-02   -0.16657E-03    0.51457E-02    0.24823E-07   -0.78444E-05   -0.53077E-02   -0.33253E-01    0.62190E-02   -0.52795E-02   -0.22892E-02   -0.10875E-02   -0.15262E-03    0.26308E-02    0.43863E-02   -0.25247E-02    0.80454E-02   -0.67479E-02   -0.67549E-02   -0.11411E-01    0.78497E-03   -0.79462E-02   -0.71331E-02   -0.35016E-02    0.78378E-03    0.28586E-02    0.63157E-02    0.91521E-02   -0.95483E-02   -0.19331E+00    0.28212E-02   -0.11182E-01   -0.13812E+00   -0.57215E-03   -0.22448E-03    0.27088E-03    0.70835E-04   -0.96515E-04   -0.37945E-05    0.28922E-04   -0.18410E-04    0.69580E-04    0.37283E-04   -0.56940E-04    0.20313E-03
    0.47704E-08   -0.38725E-07    0.62874E-08   -0.60969E-08   -0.50976E-07   -0.74808E-08   -0.22876E-07    0.16887E-02   -0.43662E-04    0.63213E-04   -0.64656E-05   -0.17854E-04    0.11906E-04    0.79090E-07    0.30352E-07    0.24823E-07    0.16235E-06   -0.56872E-08   -0.26302E-05   -0.64824E-05   -0.19814E-04   -0.12768E-04   -0.62750E-05    0.12009E-04   -0.41131E-05    0.76469E-05   -0.57371E-05   -0.22134E-05   -0.26126E-05   -0.46847E-06    0.45393E-05   -0.59762E-05   -0.98069E-05    0.41438E-05    0.16785E-05    0.10241E-04   -0.17407E-05   -0.99102E-05   -0.56655E-05   -0.31827E-05   -0.30659E-05    0.19988E-05    0.15384E-05   -0.34515E-06    0.19204E-04   -0.25778E-06   -0.62112E-07    0.23925E-06   -0.68837E-06    0.14056E-05    0.34943E-07   -0.13328E-06    0.29224E-07   -0.41207E-07    0.86727E-07    0.12863E-06   -0.14604E-06
    0.48224E-08    0.24720E-07   -0.12656E-07    0.23990E-06    0.31150E-07    0.27102E-06    0.83117E-06   -0.34803E-02   -0.87724E-03   -0.31208E-03    0.74495E-04    0.81809E-04   -0.15997E-03   -0.32441E-05    0.30002E-05   -0.78444E-05   -0.56872E-08    0.11439E-05    0.18695E-04    0.65587E-04    0.52652E-04    0.40085E-04   -0.25158E-04   -0.15974E-04    0.12574E-05    0.40724E-03    0.34994E-04   -0.13787E-04   -0.23639E-05    0.70300E-04   -0.37066E-03    0.30582E-04   -0.84567E-04    0.44435E-04    0.11504E-04    0.62701E-04    0.51049E-04   -0.46853E-04   -0.74515E-04    0.77045E-05    0.40676E-04    0.26556E-03    0.11118E-03    0.33182E-04    0.44411E-03    0.27882E-05   -0.18420E-05   -0.32851E-05   -0.15455E-05    0.19833E-05    0.32429E-06    0.11199E-05    0.22042E-06    0.11611E-05   -0.10451E-06    0.66813E-06    0.21201E-05
   -0.42171E-05    0.10516E-04   -0.69917E-05   -0.16712E-03    0.16951E-04   -0.12202E-03   -0.36491E-03    0.82196E+00    0.13157E+00   -0.27808E-02    0.10518E-01   -0.34106E+00   -0.16970E+00   -0.13351E-02   -0.67523E-03   -0.53077E-02   -0.26302E-05    0.18695E-04    0.60236E-01    0.34929E+00   -0.49722E-02   -0.15238E-02    0.34388E-02    0.33839E-03    0.27823E-02   -0.86571E-02    0.63989E-02   -0.23972E-02    0.51950E-02   -0.89949E-03    0.15758E-01    0.71151E-02   -0.23238E-02   -0.21783E-02    0.39449E-02    0.35243E-02    0.17600E-02    0.68097E-02    0.87001E-02    0.30467E-02    0.61721E-01    0.13174E+00   -0.20146E-02    0.57426E-01    0.20551E+00    0.49686E-02    0.93673E-02    0.10941E-02   -0.32462E-04   -0.32680E-04    0.44776E-04    0.21105E-03    0.61409E-04    0.23184E-03   -0.15736E-03    0.25676E-03    0.54784E-03
   -0.58575E-04    0.18904E-03   -0.79377E-04   -0.25999E-02    0.27672E-03   -0.13636E-02   -0.52145E-02    0.58027E+01    0.32991E+00    0.64366E+00   -0.89448E+00   -0.41876E+01   -0.23376E+01   -0.20742E-01   -0.15850E-01   -0.33253E-01   -0.64824E-05    0.65587E-04    0.34929E+00    0.45484E+01   -0.63668E-01    0.29870E-01    0.51383E-02    0.29203E-01    0.37773E-01   -0.29298E-01    0.47190E-01    0.23081E-01    0.32575E-01    0.35866E-01    0.62173E-01    0.80832E-01   -0.34717E-02    0.22225E-01    0.37001E-01    0.67742E-02    0.41684E-01    0.45000E-01    0.35375E-01    0.79784E-02    0.95680E-01    0.12172E+01    0.34923E+00    0.23142E+00    0.19026E+01   -0.46848E-01   -0.28436E-01    0.16715E-01   -0.11159E-01   -0.19744E-02    0.64567E-03    0.26363E-02    0.10734E-02    0.26653E-02    0.10912E-04    0.16972E-02    0.33200E-02
   -0.13040E-04    0.75021E-04   -0.92064E-05   -0.19372E-03    0.73101E-04   -0.44908E-03    0.24221E-03    0.16104E+02   -0.17365E-01   -0.11521E+00    0.14862E-01    0.23446E+00    0.67931E-01    0.11303E-02    0.28718E-04    0.62190E-02   -0.19814E-04    0.52652E-04   -0.49722E-02   -0.63668E-01    0.64876E+00   -0.14261E+00   -0.13148E-01    0.10363E-01    0.61466E-02    0.19506E+00   -0.51717E-01   -0.38418E-01    0.24805E-02   -0.74529E-01    0.16238E-01    0.33866E-01   -0.24524E-01   -0.47188E-01   -0.11798E+00    0.16122E+00    0.41061E-01   -0.23276E-01    0.32777E-01    0.88317E-01   -0.10883E-01   -0.21436E+00   -0.29037E-01   -0.14980E-01   -0.21283E+00    0.52067E-03    0.33955E-02    0.48527E-03    0.31612E-02   -0.20955E-02    0.73277E-04   -0.28753E-03   -0.40969E-04   -0.15249E-03    0.14968E-03   -0.10075E-03   -0.19754E-03
   -0.80331E-05    0.20276E-04    0.23887E-05   -0.21657E-03    0.38419E-04   -0.30546E-03   -0.24422E-03   -0.71277E+01   -0.27182E+00    0.31324E+00   -0.27414E-01   -0.21166E+00   -0.35535E-02    0.15190E-02   -0.11286E-02   -0.52795E-02   -0.12768E-04    0.40085E-04   -0.15238E-02    0.29870E-01   -0.14261E+00    0.90066E+00   -0.11359E-01    0.14827E-02   -0.11937E-01   -0.14314E+00    0.19136E+00    0.39219E-01   -0.80866E-02    0.43585E-01   -0.10658E+00    0.24759E-01    0.97535E-02    0.19645E-01    0.18176E+00   -0.20737E+00    0.36885E-01    0.10008E+00    0.44760E-01   -0.20063E+00    0.78624E-03    0.86203E-01   -0.18657E-01   -0.55758E-02    0.12761E+00   -0.64521E-03   -0.13789E-02    0.31030E-03   -0.14227E-03   -0.28950E-04    0.30547E-04   -0.21289E-03   -0.37712E-04   -0.26259E-03    0.52668E-04   -0.22655E-03   -0.36676E-04
   -0.56099E-06    0.13217E-04    0.10608E-04    0.18293E-03    0.50496E-04   -0.95192E-04    0.35999E-03    0.26753E+00    0.19257E+00    0.16543E+00    0.10530E-02   -0.73653E-01   -0.23891E-02   -0.59154E-03    0.61425E-03   -0.22892E-02   -0.62750E-05   -0.25158E-04    0.34388E-02    0.51383E-02   -0.13148E-01   -0.11359E-01    0.97638E+00   -0.11300E-01    0.10338E-01   -0.56009E-01   -0.19659E-01    0.14450E+00   -0.12930E-01    0.79106E-01   -0.12680E-01    0.48635E-02   -0.20085E-01    0.44388E-02    0.12537E+00   -0.62387E-01    0.45324E-02    0.24814E-01   -0.17222E+00    0.81917E-01    0.81617E-02    0.60698E-01   -0.34100E-02    0.46773E-02    0.73198E-01    0.48413E-03    0.14202E-03   -0.50748E-03    0.38782E-02   -0.30451E-02   -0.56755E-04   -0.12348E-04   -0.11108E-03   -0.17273E-03    0.16676E-03   -0.76359E-04   -0.19176E-04
   -0.28265E-05    0.26881E-04   -0.81411E-06    0.24833E-03    0.15154E-04   -0.70440E-04    0.54071E-03   -0.74526E-01    0.75520E-01    0.22371E-01   -0.91636E-02   -0.23319E-01   -0.10345E-03    0.12394E-02    0.62417E-03   -0.10875E-02    0.12009E-04   -0.15974E-04    0.33839E-03    0.29203E-01    0.10363E-01    0.14827E-02   -0.11300E-01    0.98855E+00   -0.17933E-01    0.71216E-01   -0.10009E+00    0.74080E-01   -0.89665E-01    0.75706E-01    0.87662E-01    0.11158E+00    0.62933E-01    0.15847E+00   -0.12760E+00    0.11301E+00    0.35068E-01   -0.30214E-02   -0.11178E+00    0.68356E-01   -0.21178E-02    0.54518E-01   -0.51652E-02    0.21662E-02    0.83257E-01   -0.11290E-02    0.19145E-02    0.30754E-03   -0.39612E-02    0.27749E-02   -0.69885E-04    0.35932E-04    0.50885E-04    0.21028E-03   -0.42742E-03   -0.68517E-04    0.88964E-04
   -0.62951E-06   -0.21153E-04    0.45077E-05    0.34972E-03   -0.22472E-04    0.92044E-04    0.66841E-03   -0.46671E+00   -0.54293E-01    0.27971E-02   -0.86981E-02   -0.28872E-01   -0.27181E-01   -0.10372E-02    0.49806E-03   -0.15262E-03   -0.41131E-05    0.12574E-05    0.27823E-02    0.37773E-01    0.61466E-02   -0.11937E-01    0.10338E-01   -0.17933E-01    0.10105E+01    0.36584E-01    0.41452E-01   -0.14098E-01    0.54124E-01    0.90141E-01    0.74843E-01   -0.87825E-01   -0.67336E-01    0.62254E-01    0.48026E-01    0.95868E-01   -0.64325E-01    0.92595E-01   -0.36929E-01    0.14446E-01    0.49866E-02    0.74669E-01    0.30091E-01    0.26048E-02   -0.78247E-01   -0.61226E-03   -0.10962E-02   -0.19951E-03    0.32845E-03    0.10513E-02    0.31930E-04   -0.46123E-04    0.54141E-04    0.25336E-03    0.12990E-03    0.76589E-05   -0.55938E-03
    0.87694E-05   -0.59810E-04   -0.10955E-04    0.41464E-03   -0.74645E-04    0.43179E-03    0.10416E-02   -0.23909E+01    0.26886E+00   -0.12196E+00   -0.88521E-02    0.35738E-01    0.31724E-01    0.44035E-03   -0.24525E-02    0.26308E-02    0.76469E-05    0.40724E-03   -0.86571E-02   -0.29298E-01    0.19506E+00   -0.14314E+00   -0.56009E-01    0.71216E-01    0.36584E-01    0.80348E+00   -0.50238E-01   -0.10898E-01   -0.11632E-03   -0.33872E-02    0.72522E-01    0.13283E+00   -0.73624E-01    0.30424E-01   -0.77869E-01    0.64595E+00    0.21954E+00   -0.55141E-01   -0.33717E-01    0.11484E+00   -0.15315E-01   -0.12823E-01    0.12554E-01    0.26729E-02   -0.69051E-02   -0.19347E-02   -0.12300E-02    0.91866E-03    0.26965E-02    0.55260E-03    0.39939E-03   -0.99862E-05    0.30664E-03    0.14098E-03    0.45913E-03    0.53503E-03    0.35737E-03
   -0.21381E-05   -0.80408E-04    0.15309E-05    0.14766E-03   -0.40093E-04    0.24622E-03    0.16308E-03   -0.50430E+01   -0.24588E+00   -0.74219E-01   -0.58421E-02    0.48579E-01   -0.27421E-01   -0.30407E-02   -0.19262E-03    0.43863E-02   -0.57371E-05    0.34994E-04    0.63989E-02    0.47190E-01   -0.51717E-01    0.19136E+00   -0.19659E-01   -0.10009E+00    0.41452E-01   -0.50238E-01    0.98720E+00    0.18433E-01    0.23907E-01   -0.11202E-02    0.30885E-01   -0.72122E-02   -0.53100E-01   -0.17168E-01    0.16250E+00   -0.12629E+00    0.26310E+00    0.76005E+00    0.30289E+00   -0.17846E+00    0.11845E-01   -0.15738E+00    0.18509E-01    0.60946E-02   -0.61058E-01   -0.45282E-03    0.58258E-03    0.40437E-03   -0.50606E-03    0.15188E-02    0.43225E-04   -0.22926E-03    0.12858E-03   -0.15589E-04    0.46988E-04    0.18278E-04    0.52057E-04
    0.12750E-05   -0.19551E-04    0.10789E-04   -0.20897E-03   -0.37679E-04   -0.19092E-05   -0.48548E-03   -0.71809E+00    0.35055E-01    0.86011E-01   -0.33243E-01   -0.69160E-01   -0.35041E-01    0.11238E-02    0.23333E-03   -0.25247E-02   -0.22134E-05   -0.13787E-04   -0.23972E-02    0.23081E-01   -0.38418E-01    0.39219E-01    0.14450E+00    0.74080E-01   -0.14098E-01   -0.10898E-01    0.18433E-01    0.99358E+00    0.66463E-02   -0.33197E-02    0.97322E-01   -0.58203E-01    0.15457E+00    0.15451E+00   -0.15535E+00   -0.19102E+00    0.63465E+00    0.16321E+00   -0.60013E+00    0.19230E+00   -0.87194E-02    0.75578E-01    0.52984E-01   -0.68285E-02    0.71016E-01   -0.43342E-02   -0.61928E-02   -0.13251E-03    0.42887E-03   -0.86473E-03   -0.16539E-03    0.15475E-03   -0.61662E-04    0.14154E-03   -0.10087E-05    0.37382E-05    0.42943E-03
   -0.90350E-05    0.10500E-03   -0.17743E-04   -0.24455E-03    0.94884E-04   -0.24454E-03   -0.21212E-03   -0.57466E+00   -0.19187E+00    0.82537E-01    0.11809E-01    0.19700E+00   -0.25558E-01   -0.24649E-02   -0.67706E-03    0.80454E-02   -0.26126E-05   -0.23639E-05    0.51950E-02    0.32575E-01    0.24805E-02   -0.80866E-02   -0.12930E-01   -0.89665E-01    0.54124E-01   -0.11632E-03    0.23907E-01    0.66463E-02    0.98350E+00   -0.20217E-01   -0.13169E-01   -0.76533E-01   -0.15475E+00   -0.33024E-01   -0.10746E+00   -0.66989E-01    0.99807E-01   -0.30795E-01    0.30922E+00    0.66391E+00   -0.48990E-02   -0.29083E+00   -0.81641E-02   -0.90620E-02   -0.14724E+00    0.20067E-02    0.58337E-03    0.42174E-04   -0.32069E-03   -0.18463E-02   -0.83186E-04   -0.29022E-03   -0.10734E-03   -0.21873E-03   -0.14271E-03   -0.36282E-04    0.20794E-03
    0.16592E-05    0.56416E-04   -0.73823E-05   -0.52572E-04    0.45389E-04   -0.14054E-03   -0.17717E-04   -0.79633E+00    0.10421E+00    0.30943E+00   -0.15746E-01   -0.28124E+00   -0.35045E-01    0.68635E-04   -0.14331E-02   -0.67479E-02   -0.46847E-06    0.70300E-04   -0.89949E-03    0.35866E-01   -0.74529E-01    0.43585E-01    0.79106E-01    0.75706E-01    0.90141E-01   -0.33872E-02   -0.11202E-02   -0.33197E-02   -0.20217E-01    0.98180E+00   -0.58135E-01    0.90358E-01    0.24637E-01    0.18323E+00    0.16857E-01    0.12333E+00   -0.55153E+00    0.38109E+00   -0.35224E+00    0.22104E+00    0.58031E-02    0.19722E+00   -0.86078E-02    0.89385E-02    0.17263E+00   -0.54924E-03   -0.86292E-03   -0.28193E-03    0.16815E-02   -0.39994E-03    0.45937E-05    0.11354E-03    0.51095E-05   -0.15087E-03   -0.32464E-03    0.57923E-05   -0.26140E-03
    0.19961E-05   -0.88510E-04    0.82402E-05    0.76856E-04   -0.11803E-03    0.96641E-04   -0.39787E-04    0.10741E+00   -0.48463E-01    0.15352E-01    0.24212E-01   -0.93531E-01   -0.50247E-01   -0.82091E-03    0.28228E-02   -0.67549E-02    0.45393E-05   -0.37066E-03    0.15758E-01    0.62173E-01    0.16238E-01   -0.10658E+00   -0.12680E-01    0.87662E-01    0.74843E-01    0.72522E-01    0.30885E-01    0.97322E-01   -0.13169E-01   -0.58135E-01    0.84603E+00   -0.36481E-02   -0.27294E-01    0.26115E-01   -0.30642E-01    0.58489E+00    0.18030E+00    0.10155E+00    0.17244E-01   -0.64067E-01    0.32384E-01    0.14711E+00    0.18882E-01    0.14888E-01    0.14232E+00    0.23655E-02    0.19221E-02   -0.11112E-02   -0.17183E-02   -0.63691E-03   -0.10600E-04    0.21889E-03    0.30575E-04    0.36542E-03    0.34594E-04    0.44478E-04    0.38449E-03
   -0.27936E-05    0.39460E-04   -0.39100E-05   -0.84417E-04   -0.51098E-05   -0.16803E-03   -0.14596E-05   -0.21931E+00    0.20725E+00    0.38330E+00   -0.32180E-01   -0.47388E+00   -0.45914E-01    0.74414E-03   -0.14336E-02   -0.11411E-01   -0.59762E-05    0.30582E-04    0.71151E-02    0.80832E-01    0.33866E-01    0.24759E-01    0.48635E-02    0.11158E+00   -0.87825E-01    0.13283E+00   -0.72122E-02   -0.58203E-01   -0.76533E-01    0.90358E-01   -0.36481E-02    0.97279E+00    0.17673E-01    0.12832E-01   -0.44654E-02    0.10581E+00    0.14827E+00    0.65829E-02    0.15005E+00    0.17519E+00    0.13963E-01    0.36031E+00    0.26933E-02    0.23831E-01    0.28713E+00   -0.17855E-02   -0.28698E-02    0.18196E-03    0.82647E-03    0.29939E-02   -0.30739E-04    0.13453E-03   -0.14340E-04   -0.11111E-04   -0.61335E-05    0.90583E-04   -0.27126E-03
    0.10782E-05   -0.53677E-05    0.10308E-04    0.45103E-04   -0.13504E-04    0.59270E-04    0.17589E-04    0.40705E+00    0.15729E+00   -0.13179E+00   -0.65460E-02    0.31220E-01   -0.55196E-02    0.72340E-03   -0.32017E-03    0.78497E-03   -0.98069E-05   -0.84567E-04   -0.23238E-02   -0.34717E-02   -0.24524E-01    0.97535E-02   -0.20085E-01    0.62933E-01   -0.67336E-01   -0.73624E-01   -0.53100E-01    0.15457E+00   -0.15475E+00    0.24637E-01   -0.27294E-01    0.17673E-01    0.99099E+00   -0.12073E-01    0.77302E-02   -0.11699E+00    0.67446E-01    0.15738E+00    0.14605E-01   -0.67045E-01   -0.87300E-02   -0.64548E-01    0.98246E-02   -0.83604E-02    0.53930E-02   -0.12250E-02   -0.92157E-03    0.85316E-04    0.31956E-02    0.94997E-03   -0.31445E-04   -0.10378E-03   -0.13912E-03   -0.33507E-05   -0.32835E-03   -0.36520E-04   -0.38892E-03
    0.62862E-05   -0.42478E-04    0.37017E-05    0.68540E-04   -0.57571E-04    0.13974E-03   -0.46114E-04   -0.11637E+01    0.18425E-01    0.36554E+00   -0.21374E-01   -0.34141E+00   -0.17396E-01   -0.36043E-03   -0.92884E-04   -0.79462E-02    0.41438E-05    0.44435E-04   -0.21783E-02    0.22225E-01   -0.47188E-01    0.19645E-01    0.44388E-02    0.15847E+00    0.62254E-01    0.30424E-01   -0.17168E-01    0.15451E+00   -0.33024E-01    0.18323E+00    0.26115E-01    0.12832E-01   -0.12073E-01    0.10022E+01   -0.15766E-01    0.28955E-01    0.21896E-01    0.14126E+00   -0.28324E+00    0.13256E+00    0.39981E-03    0.26470E+00    0.69528E-03    0.10475E-01    0.23546E+00   -0.17694E-02   -0.36118E-02   -0.45091E-03    0.23498E-02   -0.12226E-02   -0.10002E-03    0.78277E-04    0.10007E-03   -0.99339E-04    0.12919E-03   -0.21519E-04   -0.37614E-03
   -0.93271E-06   -0.10897E-04    0.19971E-05   -0.99415E-05    0.19562E-04    0.21828E-04   -0.57653E-04   -0.40514E+01   -0.12702E+00    0.39717E+00   -0.14958E-01   -0.33578E+00   -0.15072E-01   -0.17230E-02   -0.13786E-03   -0.71331E-02    0.16785E-05    0.11504E-04    0.39449E-02    0.37001E-01   -0.11798E+00    0.18176E+00    0.12537E+00   -0.12760E+00    0.48026E-01   -0.77869E-01    0.16250E+00   -0.15535E+00   -0.10746E+00    0.16857E-01   -0.30642E-01   -0.44654E-02    0.77302E-02   -0.15766E-01    0.10074E+01   -0.65618E-01   -0.66760E-01    0.40625E-01    0.19637E+00   -0.11102E+00    0.10088E-01    0.24821E+00   -0.49374E-01    0.13938E-01    0.20689E+00    0.16604E-02    0.10576E-02    0.13422E-03    0.22858E-02    0.49505E-03    0.14288E-03    0.58887E-04    0.21489E-04   -0.54133E-04    0.26183E-04   -0.22792E-04   -0.34883E-03
    0.92299E-05   -0.86278E-04   -0.57709E-05    0.40249E-03   -0.12093E-03    0.35403E-03    0.85887E-03   -0.87837E+00    0.20383E+00   -0.82274E-01    0.17727E-01   -0.56321E-01    0.15384E-02    0.25347E-04   -0.94051E-04   -0.35016E-02    0.10241E-04    0.62701E-04    0.35243E-02    0.67742E-02    0.16122E+00   -0.20737E+00   -0.62387E-01    0.11301E+00    0.95868E-01    0.64595E+00   -0.12629E+00   -0.19102E+00   -0.66989E-01    0.12333E+00    0.58489E+00    0.10581E+00   -0.11699E+00    0.28955E-01   -0.65618E-01    0.96179E+00   -0.29107E-01   -0.17323E-01   -0.11812E-01    0.18735E-01    0.12759E-01    0.12300E+00    0.64352E-02    0.14501E-01    0.10589E+00    0.11994E-02    0.19087E-02   -0.14361E-03    0.10032E-02   -0.28209E-03    0.34227E-03    0.15148E-03    0.25490E-03    0.30192E-03    0.34170E-03    0.43173E-03    0.41687E-03
   -0.12026E-05   -0.69515E-04    0.60605E-05    0.30840E-04   -0.78424E-04    0.19838E-03    0.31975E-04   -0.28682E+01   -0.24106E-01   -0.40946E-02   -0.27131E-01   -0.75101E-02   -0.29681E-01   -0.17188E-03    0.46951E-04    0.78378E-03   -0.17407E-05    0.51049E-04    0.17600E-02    0.41684E-01    0.41061E-01    0.36885E-01    0.45324E-02    0.35068E-01   -0.64325E-01    0.21954E+00    0.26310E+00    0.63465E+00    0.99807E-01   -0.55153E+00    0.18030E+00    0.14827E+00    0.67446E-01    0.21896E-01   -0.66760E-01   -0.29107E-01    0.98299E+00    0.26759E-01    0.27333E-01    0.17055E-01   -0.55328E-02   -0.25058E-01    0.46230E-01   -0.13160E-02    0.15743E-01   -0.35470E-02   -0.46183E-02    0.42441E-03   -0.90204E-04    0.15177E-02   -0.26067E-04    0.31806E-04    0.64357E-04    0.22173E-03    0.24378E-03    0.12880E-03    0.43339E-03
    0.14157E-05   -0.64143E-04    0.11417E-04    0.22322E-03   -0.45183E-04    0.18524E-03    0.33311E-03   -0.24646E+01   -0.18677E+00    0.53772E-01    0.27755E-02   -0.31548E-01   -0.38972E-01   -0.30545E-02   -0.19929E-03    0.28586E-02   -0.99102E-05   -0.46853E-04    0.68097E-02    0.45000E-01   -0.23276E-01    0.10008E+00    0.24814E-01   -0.30214E-02    0.92595E-01   -0.55141E-01    0.76005E+00    0.16321E+00   -0.30795E-01    0.38109E+00    0.10155E+00    0.65829E-02    0.15738E+00    0.14126E+00    0.40625E-01   -0.17323E-01    0.26759E-01    0.96685E+00   -0.18078E-01    0.23382E-01    0.10798E-01   -0.75660E-01    0.31059E-01    0.18278E-02   -0.14388E-01   -0.47073E-03   -0.11376E-03   -0.12432E-03    0.17519E-02    0.11118E-02   -0.10843E-04   -0.11893E-03    0.10269E-03   -0.26591E-04   -0.14022E-03    0.70507E-04   -0.89434E-04
   -0.11140E-04    0.42078E-05   -0.89943E-05    0.53704E-04    0.30766E-04   -0.42312E-04    0.18506E-03   -0.93477E+00   -0.16100E+00    0.21105E-01    0.26516E-01    0.12613E+00   -0.11173E-01   -0.34486E-02    0.22570E-03    0.63157E-02   -0.56655E-05   -0.74515E-04    0.87001E-02    0.35375E-01    0.32777E-01    0.44760E-01   -0.17222E+00   -0.11178E+00   -0.36929E-01   -0.33717E-01    0.30289E+00   -0.60013E+00    0.30922E+00   -0.35224E+00    0.17244E-01    0.15005E+00    0.14605E-01   -0.28324E+00    0.19637E+00   -0.11812E-01    0.27333E-01   -0.18078E-01    0.97567E+00   -0.15355E-01    0.38650E-02   -0.20096E+00   -0.31900E-01   -0.10335E-02   -0.15080E+00    0.38232E-02    0.45443E-02    0.22075E-03   -0.22571E-02    0.21725E-02   -0.65031E-05   -0.27436E-03   -0.27338E-04   -0.83531E-04   -0.17971E-03   -0.96300E-04   -0.30712E-03
   -0.57442E-05    0.85042E-04   -0.13729E-04   -0.23189E-03    0.86843E-04   -0.17567E-03   -0.22440E-03    0.25531E+01    0.91428E-01   -0.40798E-03    0.13212E-01    0.22946E+00   -0.49232E-02   -0.26456E-02   -0.49047E-03    0.91521E-02   -0.31827E-05    0.77045E-05    0.30467E-02    0.79784E-02    0.88317E-01   -0.20063E+00    0.81917E-01    0.68356E-01    0.14446E-01    0.11484E+00   -0.17846E+00    0.19230E+00    0.66391E+00    0.22104E+00   -0.64067E-01    0.17519E+00   -0.67045E-01    0.13256E+00   -0.11102E+00    0.18735E-01    0.17055E-01    0.23382E-01   -0.15355E-01    0.98814E+00   -0.12150E-01   -0.23063E+00   -0.40050E-02   -0.69400E-02   -0.14934E+00    0.12129E-02    0.60007E-03    0.14594E-04    0.14436E-02   -0.23195E-02   -0.11353E-03    0.88201E-05   -0.53554E-04   -0.11677E-04   -0.15751E-03    0.43232E-04    0.19004E-03
    0.12369E-04   -0.48312E-04    0.12688E-04    0.93345E-04   -0.68635E-04    0.16601E-03    0.63656E-04    0.69569E+00    0.34907E+00    0.20669E+00    0.55297E-01   -0.38185E+00   -0.82796E-01   -0.15252E-02    0.62169E-02   -0.95483E-02   -0.30659E-05    0.40676E-04    0.61721E-01    0.95680E-01   -0.10883E-01    0.78624E-03    0.81617E-02   -0.21178E-02    0.49866E-02   -0.15315E-01    0.11845E-01   -0.87194E-02   -0.48990E-02    0.58031E-02    0.32384E-01    0.13963E-01   -0.87300E-02    0.39981E-03    0.10088E-01    0.12759E-01   -0.55328E-02    0.10798E-01    0.38650E-02   -0.12150E-01    0.33806E+00    0.23446E+00    0.30112E-01    0.15445E+00    0.51329E+00    0.11991E-01    0.16325E-01   -0.45967E-02   -0.18641E-02   -0.35351E-02    0.57527E-03    0.37371E-04    0.63768E-03    0.32839E-06   -0.56416E-03    0.18939E-03    0.15666E-02
    0.11766E-03   -0.56176E-03    0.61581E-04    0.13362E-02   -0.70788E-03    0.20689E-02    0.10836E-02    0.21939E+01   -0.11142E+01    0.17876E+02   -0.15566E+00   -0.11895E+02   -0.75126E+00   -0.15520E+00    0.16760E-02   -0.19331E+00    0.19988E-05    0.26556E-03    0.13174E+00    0.12172E+01   -0.21436E+00    0.86203E-01    0.60698E-01    0.54518E-01    0.74669E-01   -0.12823E-01   -0.15738E+00    0.75578E-01   -0.29083E+00    0.19722E+00    0.14711E+00    0.36031E+00   -0.64548E-01    0.26470E+00    0.24821E+00    0.12300E+00   -0.25058E-01   -0.75660E-01   -0.20096E+00   -0.23063E+00    0.23446E+00    0.16043E+02    0.11734E+00    0.41059E+00    0.57766E+01   -0.53016E-02   -0.35546E-01   -0.13027E-01   -0.24271E-02    0.18510E-01    0.19617E-02    0.21852E-01    0.20164E-02    0.13867E-01    0.56174E-03    0.36920E-02   -0.91036E-02
    0.26216E-04   -0.14882E-03    0.26374E-04    0.96291E-03   -0.12868E-03    0.49655E-03    0.16237E-02    0.46291E+01    0.11302E+01   -0.67887E+00   -0.21967E+00   -0.78494E-01   -0.78979E+00   -0.80223E-02   -0.12692E-01    0.28212E-02    0.15384E-05    0.11118E-03   -0.20146E-02    0.34923E+00   -0.29037E-01   -0.18657E-01   -0.34100E-02   -0.51652E-02    0.30091E-01    0.12554E-01    0.18509E-01    0.52984E-01   -0.81641E-02   -0.86078E-02    0.18882E-01    0.26933E-02    0.98246E-02    0.69528E-03   -0.49374E-01    0.64352E-02    0.46230E-01    0.31059E-01   -0.31900E-01   -0.40050E-02    0.30112E-01    0.11734E+00    0.22438E+01   -0.70509E-02    0.33332E+00   -0.92103E-01   -0.10925E+00   -0.44597E-02   -0.51792E-03   -0.31182E-02   -0.65714E-03    0.12389E-02   -0.33094E-03    0.11801E-02    0.20361E-04    0.34879E-04    0.13049E-02
    0.25150E-04   -0.11173E-03    0.16144E-04    0.35046E-03   -0.13503E-03    0.41876E-03    0.44952E-03   -0.53577E+00   -0.21200E+00    0.60402E+00   -0.16004E-01   -0.74718E+00   -0.88206E-01   -0.40617E-02    0.37462E-02   -0.11182E-01   -0.34515E-06    0.33182E-04    0.57426E-01    0.23142E+00   -0.14980E-01   -0.55758E-02    0.46773E-02    0.21662E-02    0.26048E-02    0.26729E-02    0.60946E-02   -0.68285E-02   -0.90620E-02    0.89385E-02    0.14888E-01    0.23831E-01   -0.83604E-02    0.10475E-01    0.13938E-01    0.14501E-01   -0.13160E-02    0.18278E-02   -0.10335E-02   -0.69400E-02    0.15445E+00    0.41059E+00   -0.70509E-02    0.24996E+00    0.36890E+00    0.76427E-02    0.15934E-01   -0.10618E-03    0.10756E-02    0.19952E-02    0.15167E-03   -0.98457E-04    0.15387E-03   -0.14843E-03    0.62370E-03    0.36937E-03    0.45796E-04
    0.11175E-03   -0.43158E-03    0.22526E-04    0.11928E-02   -0.63668E-03    0.12363E-02    0.11090E-02    0.38578E+01   -0.54409E+00    0.91820E+01   -0.12724E+00   -0.79405E+01   -0.12397E+01   -0.10595E+00    0.63126E-02   -0.13812E+00    0.19204E-04    0.44411E-03    0.20551E+00    0.19026E+01   -0.21283E+00    0.12761E+00    0.73198E-01    0.83257E-01   -0.78247E-01   -0.69051E-02   -0.61058E-01    0.71016E-01   -0.14724E+00    0.17263E+00    0.14232E+00    0.28713E+00    0.53930E-02    0.23546E+00    0.20689E+00    0.10589E+00    0.15743E-01   -0.14388E-01   -0.15080E+00   -0.14934E+00    0.51329E+00    0.57766E+01    0.33332E+00    0.36890E+00    0.16761E+02   -0.74425E-02   -0.61710E-01   -0.23865E-01   -0.79317E-02   -0.15947E-01    0.18757E-02    0.21180E-02    0.17638E-02    0.11020E-02    0.17601E-03    0.54433E-02    0.30907E-01
   -0.32048E-06    0.99100E-06   -0.70045E-06   -0.65759E-05    0.16580E-06   -0.12461E-04   -0.16334E-04   -0.47517E-01   -0.78708E-02   -0.48366E-01    0.47862E-01    0.52936E-01    0.43195E-01    0.39516E-03    0.12213E-03   -0.57215E-03   -0.25778E-06    0.27882E-05    0.49686E-02   -0.46848E-01    0.52067E-03   -0.64521E-03    0.48413E-03   -0.11290E-02   -0.61226E-03   -0.19347E-02   -0.45282E-03   -0.43342E-02    0.20067E-02   -0.54924E-03    0.23655E-02   -0.17855E-02   -0.12250E-02   -0.17694E-02    0.16604E-02    0.11994E-02   -0.35470E-02   -0.47073E-03    0.38232E-02    0.12129E-02    0.11991E-01   -0.53016E-02   -0.92103E-01    0.76427E-02   -0.74425E-02    0.84191E-02    0.79030E-02   -0.15494E-03    0.15461E-03   -0.16999E-03    0.20235E-04   -0.17103E-04    0.47016E-05   -0.83198E-05   -0.47542E-04    0.44227E-04    0.87319E-04
