# omegabh2 omegach2 theta tau nnu logA ns calPlanck galfEE100 galfEE100143 galfEE100217 galfEE143 galfEE143217 galfEE217
    0.5614900E-05    0.3148061E-04   -0.6406117E-05    0.1761439E-04    0.2652202E-02    0.1527999E-03    0.7663214E-04   -0.5814667E-07   -0.3095008E-06    0.1878247E-06   -0.2399299E-06   -0.1314225E-07    0.7788050E-06    0.4116469E-05
    0.3148061E-04    0.3426054E-03   -0.6061260E-04    0.1146483E-03    0.2386405E-01    0.1187150E-02    0.5350503E-03    0.6484247E-06   -0.4977151E-06    0.6205626E-06   -0.2995691E-05   -0.1310822E-05    0.1079073E-05    0.1288439E-04
   -0.6406117E-05   -0.6061260E-04    0.1236749E-04   -0.2104185E-04   -0.4365141E-02   -0.2301616E-03   -0.1056110E-03   -0.9775873E-09   -0.6291624E-06   -0.3728666E-06    0.3859532E-06    0.1925404E-07   -0.3141306E-06   -0.3999251E-05
    0.1761439E-04    0.1146483E-03   -0.2104185E-04    0.5591367E-03    0.9669599E-02    0.1482451E-02    0.3100754E-03    0.7307520E-06    0.1052469E-04    0.5044024E-05   -0.5049513E-05    0.5308373E-05   -0.3933668E-06    0.1118277E-04
    0.2652202E-02    0.2386405E-01   -0.4365141E-02    0.9669599E-02    0.1757501E+01    0.8984104E-01    0.4263264E-01    0.2231332E-04    0.1261359E-03    0.1526707E-03   -0.1900223E-03    0.1253070E-04    0.1728951E-03    0.1540502E-02
    0.1527999E-03    0.1187150E-02   -0.2301616E-03    0.1482451E-02    0.8984104E-01    0.6941163E-02    0.2419254E-02    0.1382379E-04    0.1525025E-04    0.1030583E-04   -0.2061368E-04    0.4882834E-05    0.8949877E-05    0.7514241E-04
    0.7663214E-04    0.5350503E-03   -0.1056110E-03    0.3100754E-03    0.4263264E-01    0.2419254E-02    0.1233984E-02   -0.1053291E-05    0.2877135E-04    0.1380853E-04   -0.4617180E-05    0.1082148E-04    0.6682864E-05    0.5318211E-04
   -0.5814667E-07    0.6484247E-06   -0.9775873E-09    0.7307520E-06    0.2231332E-04    0.1382379E-04   -0.1053291E-05    0.6132252E-05    0.1603212E-05    0.5533006E-07   -0.4550216E-06    0.4243764E-06   -0.7858097E-06   -0.3785107E-05
   -0.3095008E-06   -0.4977151E-06   -0.6291624E-06    0.1052469E-04    0.1261359E-03    0.1525025E-04    0.2877135E-04    0.1603212E-05    0.1352957E-03    0.1398666E-04    0.5543632E-06    0.6407882E-05   -0.2777942E-05   -0.5031403E-05
    0.1878247E-06    0.6205626E-06   -0.3728666E-06    0.5044024E-05    0.1526707E-03    0.1030583E-04    0.1380853E-04    0.5533006E-07    0.1398666E-04    0.1534652E-04    0.8083551E-06    0.7690231E-05   -0.1271630E-05    0.9663195E-07
   -0.2399299E-06   -0.2995691E-05    0.3859532E-06   -0.5049513E-05   -0.1900223E-03   -0.2061368E-04   -0.4617180E-05   -0.4550216E-06    0.5543632E-06    0.8083551E-06    0.2158750E-03    0.1466978E-05   -0.2531445E-05    0.5665036E-05
   -0.1314225E-07   -0.1310822E-05    0.1925404E-07    0.5308373E-05    0.1253070E-04    0.4882834E-05    0.1082148E-04    0.4243764E-06    0.6407882E-05    0.7690231E-05    0.1466978E-05    0.3251399E-04   -0.1813249E-05    0.2368352E-05
    0.7788050E-06    0.1079073E-05   -0.3141306E-06   -0.3933668E-06    0.1728951E-03    0.8949877E-05    0.6682864E-05   -0.7858097E-06   -0.2777942E-05   -0.1271630E-05   -0.2531445E-05   -0.1813249E-05    0.3960900E-03    0.1249340E-05
    0.4116469E-05    0.1288439E-04   -0.3999251E-05    0.1118277E-04    0.1540502E-02    0.7514241E-04    0.5318211E-04   -0.3785107E-05   -0.5031403E-05    0.9663195E-07    0.5665036E-05    0.2368352E-05    0.1249340E-05    0.3493020E-02
