# omegabh2 omegach2 theta tau nnu logA ns calPlanck acib217 xi asz143 aps100 aps143 aps143217 aps217 aksz kgal100 kgal143 kgal143217 kgal217 cal0 cal2
    0.7260240E-07   -0.1289366E-06    0.3255531E-07    0.2696306E-05    0.1828235E-04    0.5234074E-05    0.1696988E-05    0.3073835E-07   -0.1691423E-03    0.1315238E-05    0.3262347E-04   -0.5869060E-03   -0.4150676E-03   -0.1734125E-03   -0.2215574E-06   -0.5706013E-04    0.2764440E-04    0.1737390E-04   -0.1112643E-04    0.4241358E-04    0.2775699E-08   -0.1536141E-07
   -0.1289366E-06    0.8281515E-05   -0.7351807E-06   -0.1450739E-04    0.2505750E-03   -0.1089094E-04   -0.2401044E-05   -0.2255192E-06    0.2658439E-02   -0.1443151E-04   -0.5439368E-03    0.8959092E-02    0.5242123E-02    0.1756773E-02   -0.8795834E-03    0.9276398E-03    0.7448051E-04   -0.5389455E-04   -0.2113146E-03   -0.1098092E-02   -0.7066178E-07    0.2737599E-06
    0.3255531E-07   -0.7351807E-06    0.2258478E-06    0.2083637E-05   -0.2058072E-04    0.2709165E-05    0.6001148E-06    0.1725742E-07   -0.2560804E-03    0.1753428E-05    0.5483858E-04   -0.1080404E-02   -0.5886138E-03   -0.2284040E-03    0.8613935E-05   -0.6448393E-04    0.2230018E-05    0.2118856E-04    0.1835467E-04    0.8361570E-04    0.3335843E-08   -0.2656696E-07
    0.2696306E-05   -0.1450739E-04    0.2083637E-05    0.4550078E-03    0.6921997E-03    0.8771043E-03    0.1017017E-03    0.9623131E-06   -0.2120863E-01    0.6565561E-04    0.3210766E-02   -0.6890567E-01   -0.3020665E-01   -0.7144538E-02    0.1673942E-01   -0.6801835E-02    0.2065114E-03   -0.1064180E-02   -0.1654444E-02    0.6143715E-02    0.1554244E-06   -0.1825816E-05
    0.1828235E-04    0.2505750E-03   -0.2058072E-04    0.6921997E-03    0.2328280E-01    0.1941913E-02    0.9849197E-03    0.9590712E-06    0.1076146E+00   -0.1007494E-02   -0.3463950E-01    0.4575533E+00    0.2210062E+00    0.2510934E-01   -0.6172905E-01    0.5053252E-01    0.1319147E-01   -0.1857789E-02   -0.1124994E-01   -0.3413442E-01   -0.2547031E-05    0.1426718E-04
    0.5234074E-05   -0.1089094E-04    0.2709165E-05    0.8771043E-03    0.1941913E-02    0.1758725E-02    0.1960937E-03    0.1477222E-04   -0.3784268E-01    0.1677956E-03    0.5126686E-02   -0.1088124E+00   -0.4658764E-01   -0.6810842E-02    0.3924309E-01   -0.1220242E-01    0.5858379E-03   -0.2468915E-02   -0.4389335E-02    0.1213791E-01    0.3793192E-06   -0.3280862E-05
    0.1696988E-05   -0.2401044E-05    0.6001148E-06    0.1017017E-03    0.9849197E-03    0.1960937E-03    0.8459735E-04    0.4513045E-06   -0.4774947E-02    0.4002346E-04    0.5016813E-03   -0.1994297E-01   -0.4742102E-02    0.1054714E-02    0.6113446E-02   -0.2068168E-02    0.8688710E-03   -0.1522164E-03   -0.8908535E-03    0.9577435E-03   -0.2068490E-06   -0.3167543E-06
    0.3073835E-07   -0.2255192E-06    0.1725742E-07    0.9623131E-06    0.9590712E-06    0.1477222E-04    0.4513045E-06    0.6638056E-05    0.1843281E-03    0.1350204E-04   -0.7357937E-04    0.5272074E-02    0.6591581E-03    0.5988791E-03    0.2069229E-02    0.5290984E-04    0.8624303E-04    0.1126822E-03   -0.1405115E-03    0.1014496E-02   -0.2432753E-08   -0.7902674E-07
   -0.1691423E-03    0.2658439E-02   -0.2560804E-03   -0.2120863E-01    0.1076146E+00   -0.3784268E-01   -0.4774947E-02    0.1843281E-03    0.5068371E+02   -0.4488109E+00   -0.1858942E+01    0.4759627E+02    0.3847480E+01   -0.1944276E+02   -0.6812384E+02    0.8629635E+00   -0.2054046E+00    0.6181805E+00   -0.2438289E+01   -0.2464650E+02   -0.2467954E-03    0.4836472E-02
    0.1315238E-05   -0.1443151E-04    0.1753428E-05    0.6565561E-04   -0.1007494E-02    0.1677956E-03    0.4002346E-04    0.1350204E-04   -0.4488109E+00    0.8096678E-01   -0.7148399E-01   -0.1760052E+00    0.8861952E+00    0.1603765E+01    0.6611824E+00    0.8343417E-01   -0.8292900E-02    0.2564000E-02    0.9979451E-01    0.1194038E+00    0.1069343E-04   -0.1302801E-04
    0.3262347E-04   -0.5439368E-03    0.5483858E-04    0.3210766E-02   -0.3463950E-01    0.5126686E-02    0.5016813E-03   -0.7357937E-04   -0.1858942E+01   -0.7148399E-01    0.3935690E+01   -0.3027762E+02   -0.4136215E+01    0.8107787E+01    0.7235914E+01   -0.3251669E+01   -0.1595425E+00    0.2069469E+00    0.2533687E+01    0.2090288E+01    0.1896688E-03   -0.4478952E-03
   -0.5869060E-03    0.8959092E-02   -0.1080404E-02   -0.6890567E-01    0.4575533E+00   -0.1088124E+00   -0.1994297E-01    0.5272074E-02    0.4759627E+02   -0.1760052E+00   -0.3027762E+02    0.7445498E+03    0.8185105E+02   -0.5056478E+02   -0.7429010E+02    0.1857535E+02   -0.9650654E+00   -0.8970648E+00   -0.1331419E+02   -0.2095362E+02    0.4898869E-02    0.5088657E-02
   -0.4150676E-03    0.5242123E-02   -0.5886138E-03   -0.3020665E-01    0.2210062E+00   -0.4658764E-01   -0.4742102E-02    0.6591581E-03    0.3847480E+01    0.8861952E+00   -0.4136215E+01    0.8185105E+02    0.6301921E+02    0.4062732E+02    0.1534410E+02   -0.3529783E+01   -0.4355936E+00   -0.1486491E+01    0.3571168E+01    0.3010106E+01    0.2441043E-03    0.5923865E-03
   -0.1734125E-03    0.1756773E-02   -0.2284040E-03   -0.7144538E-02    0.2510934E-01   -0.6810842E-02    0.1054714E-02    0.5988791E-03   -0.1944276E+02    0.1603765E+01    0.8107787E+01   -0.5056478E+02    0.4062732E+02    0.8952322E+02    0.6575515E+02   -0.1316051E+02   -0.6914949E+00   -0.2579866E+00    0.4234877E+01    0.5172491E+01    0.8162037E-03   -0.2581513E-02
   -0.2215574E-06   -0.8795834E-03    0.8613935E-05    0.1673942E-01   -0.6172905E-01    0.3924309E-01    0.6113446E-02    0.2069229E-02   -0.6812384E+02    0.6611824E+00    0.7235914E+01   -0.7429010E+02    0.1534410E+02    0.6575515E+02    0.1305612E+03   -0.1179981E+02   -0.8858544E-01   -0.9334689E+00   -0.5885327E+00    0.2052851E+02    0.6989240E-03   -0.8391095E-02
   -0.5706013E-04    0.9276398E-03   -0.6448393E-04   -0.6801835E-02    0.5053252E-01   -0.1220242E-01   -0.2068168E-02    0.5290984E-04    0.8629635E+00    0.8343417E-01   -0.3251669E+01    0.1857535E+02   -0.3529783E+01   -0.1316051E+02   -0.1179981E+02    0.7175277E+01    0.1047513E+00   -0.1488095E+00   -0.2101275E+01   -0.1552576E+01   -0.1229678E-03    0.3311081E-03
    0.2764440E-04    0.7448051E-04    0.2230018E-05    0.2065114E-03    0.1319147E-01    0.5858379E-03    0.8688710E-03    0.8624303E-04   -0.2054046E+00   -0.8292900E-02   -0.1595425E+00   -0.9650654E+00   -0.4355936E+00   -0.6914949E+00   -0.8858544E-01    0.1047513E+00    0.3207556E+01    0.7251012E+00    0.1999753E+00    0.2197633E+00    0.4314560E-03   -0.7672094E-04
    0.1737390E-04   -0.5389455E-04    0.2118856E-04   -0.1064180E-02   -0.1857789E-02   -0.2468915E-02   -0.1522164E-03    0.1126822E-03    0.6181805E+00    0.2564000E-02    0.2069469E+00   -0.8970648E+00   -0.1486491E+01   -0.2579866E+00   -0.9334689E+00   -0.1488095E+00    0.7251012E+00    0.3202126E+01    0.2534379E+01    0.1325071E+01   -0.3910940E-03   -0.1567404E-03
   -0.1112643E-04   -0.2113146E-03    0.1835467E-04   -0.1654444E-02   -0.1124994E-01   -0.4389335E-02   -0.8908535E-03   -0.1405115E-03   -0.2438289E+01    0.9979451E-01    0.2533687E+01   -0.1331419E+02    0.3571168E+01    0.4234877E+01   -0.5885327E+00   -0.2101275E+01    0.1999753E+00    0.2534379E+01    0.1842678E+02    0.2752917E+02   -0.9969137E-04    0.2587204E-02
    0.4241358E-04   -0.1098092E-02    0.8361570E-04    0.6143715E-02   -0.3413442E-01    0.1213791E-01    0.9577435E-03    0.1014496E-02   -0.2464650E+02    0.1194038E+00    0.2090288E+01   -0.2095362E+02    0.3010106E+01    0.5172491E+01    0.2052851E+02   -0.1552576E+01    0.2197633E+00    0.1325071E+01    0.2752917E+02    0.6179446E+02   -0.1117980E-03    0.4380520E-02
    0.2775699E-08   -0.7066178E-07    0.3335843E-08    0.1554244E-06   -0.2547031E-05    0.3793192E-06   -0.2068490E-06   -0.2432753E-08   -0.2467954E-03    0.1069343E-04    0.1896688E-03    0.4898869E-02    0.2441043E-03    0.8162037E-03    0.6989240E-03   -0.1229678E-03    0.4314560E-03   -0.3910940E-03   -0.9969137E-04   -0.1117980E-03    0.5394307E-06   -0.3020044E-07
   -0.1536141E-07    0.2737599E-06   -0.2656696E-07   -0.1825816E-05    0.1426718E-04   -0.3280862E-05   -0.3167543E-06   -0.7902674E-07    0.4836472E-02   -0.1302801E-04   -0.4478952E-03    0.5088657E-02    0.5923865E-03   -0.2581513E-02   -0.8391095E-02    0.3311081E-03   -0.7672094E-04   -0.1567404E-03    0.2587204E-02    0.4380520E-02   -0.3020044E-07    0.2129668E-05
