# omegabh2 omegach2 theta tau logA ns r acib217 acibsz143 asz143 aps100 aps143 aps143217 aps217 aksz kgal100 t1gal143 t1gal143217 t1gal217 calib_100T calib_217T
    0.5787518E-07   -0.1978611E-06    0.4866909E-07    0.1219226E-05    0.2081502E-05    0.7260080E-06    0.6723654E-06   -0.3202295E-03   -0.1441248E-03   -0.7027876E-05   -0.7655594E-03   -0.2486295E-03    0.7515042E-04    0.1389507E-03   -0.1102812E-03    0.6605495E-03    0.2045493E-03    0.1900496E-03    0.2074603E-03   -0.4267782E-07    0.7635828E-08
   -0.1978611E-06    0.3447534E-05   -0.2733402E-06   -0.1451202E-04   -0.2237313E-04   -0.8463749E-05   -0.8859768E-05    0.8682425E-03    0.2331164E-03   -0.2610828E-03    0.1045392E-02    0.6922851E-03   -0.1000999E-02   -0.1598017E-02    0.3449022E-03    0.5443745E-02    0.5923578E-02    0.6041504E-02    0.6053898E-02   -0.6575080E-07   -0.2331883E-07
    0.4866909E-07   -0.2733402E-06    0.2160935E-06    0.2065079E-05    0.3911579E-05    0.1042074E-05   -0.3243680E-06   -0.1867863E-03   -0.9524537E-04   -0.7103371E-04    0.5098861E-03    0.1421966E-03    0.2141411E-03    0.2747555E-03   -0.7962763E-04   -0.4585146E-04   -0.5958507E-03   -0.7562413E-03   -0.8358160E-03   -0.6029491E-07    0.2338556E-07
    0.1219226E-05   -0.1451202E-04    0.2065079E-05    0.1618416E-03    0.2901976E-03    0.4545731E-04    0.7294061E-05   -0.1161535E-01   -0.4227896E-02    0.2794068E-03   -0.1933872E-01   -0.8723320E-02    0.4992987E-02    0.1055732E-01   -0.2987041E-02   -0.1295141E-01   -0.3157642E-02   -0.7878778E-02   -0.1006247E-01    0.1586372E-05    0.9334949E-06
    0.2081502E-05   -0.2237313E-04    0.3911579E-05    0.2901976E-03    0.5413863E-03    0.7271366E-04   -0.2729138E-04   -0.1892931E-01   -0.7569598E-02   -0.1166699E-02   -0.8449196E-02   -0.9849661E-04    0.1990273E-01    0.2794870E-01   -0.6788235E-02   -0.3676267E-01   -0.4477420E-01   -0.5450980E-01   -0.5913967E-01    0.1044243E-06    0.1612726E-05
    0.7260080E-06   -0.8463749E-05    0.1042074E-05    0.4545731E-04    0.7271366E-04    0.3575164E-04    0.6079982E-04   -0.1251607E-01   -0.4888829E-02   -0.6728151E-03   -0.1403821E-01    0.2895244E-02    0.1408819E-01    0.1782122E-01   -0.3841633E-02   -0.1129524E-01   -0.1488025E-01   -0.1642301E-01   -0.1573737E-01    0.4447904E-06    0.4851284E-06
    0.6723654E-06   -0.8859768E-05   -0.3243680E-06    0.7294061E-05   -0.2729138E-04    0.6079982E-04    0.1907943E-02   -0.2751822E-01   -0.1083572E-01   -0.3021472E-03   -0.7641328E-01   -0.2300401E-01    0.5208630E-02    0.9578564E-02   -0.1024149E-02   -0.6482656E-03    0.2942943E-01    0.2941552E-01    0.3397657E-01    0.5736186E-05    0.9859453E-06
   -0.3202295E-03    0.8682425E-03   -0.1867863E-03   -0.1161535E-01   -0.1892931E-01   -0.1251607E-01   -0.2751822E-01    0.6832221E+02    0.2385015E+02    0.2612851E+00    0.2534318E+02   -0.1254673E+02   -0.5927382E+02   -0.8133841E+02   -0.2376492E+01   -0.1970456E+02   -0.3319033E+02   -0.3777841E+02   -0.4339170E+02   -0.9395604E-04   -0.3388750E-02
   -0.1441248E-03    0.2331164E-03   -0.9524537E-04   -0.4227896E-02   -0.7569598E-02   -0.4888829E-02   -0.1083572E-01    0.2385015E+02    0.1704047E+02    0.1785280E+01   -0.6375074E+01   -0.1766447E+02   -0.3850899E+02   -0.2308044E+02   -0.1391306E+01   -0.8750305E+01   -0.1661745E+02   -0.2374799E+02   -0.2550758E+02   -0.2854069E-03   -0.1245114E-03
   -0.7027876E-05   -0.2610828E-03   -0.7103371E-04    0.2794068E-03   -0.1166699E-02   -0.6728151E-03   -0.3021472E-03    0.2612851E+00    0.1785280E+01    0.5236345E+01   -0.3543369E+02   -0.1495477E+02   -0.3859382E+01   -0.2522853E+00    0.9684981E-01   -0.2162041E+01   -0.1036733E+01    0.1899766E+01    0.1853160E+01   -0.1059210E-03    0.2577846E-03
   -0.7655594E-03    0.1045392E-02    0.5098861E-03   -0.1933872E-01   -0.8449196E-02   -0.1403821E-01   -0.7641328E-01    0.2534318E+02   -0.6375074E+01   -0.3543369E+02    0.7123017E+03    0.1671608E+03    0.5906119E+02    0.9159212E+01   -0.1337286E+02   -0.7503950E+02   -0.6087284E+02   -0.6784522E+02   -0.6616759E+02   -0.4219127E-02   -0.3419991E-02
   -0.2486295E-03    0.6922851E-03    0.1421966E-03   -0.8723320E-02   -0.9849661E-04    0.2895244E-02   -0.2300401E-01   -0.1254673E+02   -0.1766447E+02   -0.1495477E+02    0.1671608E+03    0.1152031E+03    0.8576295E+02    0.4968584E+02   -0.1251221E+02   -0.1920269E+02   -0.3944976E+02   -0.3410962E+02   -0.3088371E+02   -0.1414231E-02   -0.1078580E-02
    0.7515042E-04   -0.1000999E-02    0.2141411E-03    0.4992987E-02    0.1990273E-01    0.1408819E-01    0.5208630E-02   -0.5927382E+02   -0.3850899E+02   -0.3859382E+01    0.5906119E+02    0.8576295E+02    0.1361056E+03    0.1038131E+03   -0.9568516E+01   -0.5650282E+01   -0.1388099E+02   -0.5133121E+01   -0.5060952E+01   -0.1619653E-02    0.1943740E-02
    0.1389507E-03   -0.1598017E-02    0.2747555E-03    0.1055732E-01    0.2794870E-01    0.1782122E-01    0.9578564E-02   -0.8133841E+02   -0.2308044E+02   -0.2522853E+00    0.9159212E+01    0.4968584E+02    0.1038131E+03    0.1471789E+03   -0.9750890E+01   -0.2231117E+01   -0.1473005E+02   -0.2252125E+02   -0.2396884E+02   -0.2288141E-02    0.6230272E-02
   -0.1102812E-03    0.3449022E-03   -0.7962763E-04   -0.2987041E-02   -0.6788235E-02   -0.3841633E-02   -0.1024149E-02   -0.2376492E+01   -0.1391306E+01    0.9684981E-01   -0.1337286E+02   -0.1251221E+02   -0.9568516E+01   -0.9750890E+01    0.8500848E+01   -0.1824805E+01   -0.1831827E+01   -0.1637640E+01   -0.1820971E+01   -0.1602701E-04    0.8405642E-04
    0.6605495E-03    0.5443745E-02   -0.4585146E-04   -0.1295141E-01   -0.3676267E-01   -0.1129524E-01   -0.6482656E-03   -0.1970456E+02   -0.8750305E+01   -0.2162041E+01   -0.7503950E+02   -0.1920269E+02   -0.5650282E+01   -0.2231117E+01   -0.1824805E+01    0.2179282E+03    0.1375720E+03    0.1352635E+03    0.1348704E+03   -0.1268337E-01    0.8501255E-03
    0.2045493E-03    0.5923578E-02   -0.5958507E-03   -0.3157642E-02   -0.4477420E-01   -0.1488025E-01    0.2942943E-01   -0.3319033E+02   -0.1661745E+02   -0.1036733E+01   -0.6087284E+02   -0.3944976E+02   -0.1388099E+02   -0.1473005E+02   -0.1831827E+01    0.1375720E+03    0.2766601E+03    0.2811234E+03    0.2826327E+03    0.1106276E-01    0.1078933E-02
    0.1900496E-03    0.6041504E-02   -0.7562413E-03   -0.7878778E-02   -0.5450980E-01   -0.1642301E-01    0.2941552E-01   -0.3777841E+02   -0.2374799E+02    0.1899766E+01   -0.6784522E+02   -0.3410962E+02   -0.5133121E+01   -0.2252125E+02   -0.1637640E+01    0.1352635E+03    0.2811234E+03    0.3239569E+03    0.3507828E+03    0.1120029E-01   -0.4328028E-02
    0.2074603E-03    0.6053898E-02   -0.8358160E-03   -0.1006247E-01   -0.5913967E-01   -0.1573737E-01    0.3397657E-01   -0.4339170E+02   -0.2550758E+02    0.1853160E+01   -0.6616759E+02   -0.3088371E+02   -0.5060952E+01   -0.2396884E+02   -0.1820971E+01    0.1348704E+03    0.2826327E+03    0.3507828E+03    0.4035628E+03    0.1127223E-01   -0.9141837E-02
   -0.4267782E-07   -0.6575080E-07   -0.6029491E-07    0.1586372E-05    0.1044243E-06    0.4447904E-06    0.5736186E-05   -0.9395604E-04   -0.2854069E-03   -0.1059210E-03   -0.4219127E-02   -0.1414231E-02   -0.1619653E-02   -0.2288141E-02   -0.1602701E-04   -0.1268337E-01    0.1106276E-01    0.1120029E-01    0.1127223E-01    0.3180884E-05   -0.2236885E-07
    0.7635828E-08   -0.2331883E-07    0.2338556E-07    0.9334949E-06    0.1612726E-05    0.4851284E-06    0.9859453E-06   -0.3388750E-02   -0.1245114E-03    0.2577846E-03   -0.3419991E-02   -0.1078580E-02    0.1943740E-02    0.6230272E-02    0.8405642E-04    0.8501255E-03    0.1078933E-02   -0.4328028E-02   -0.9141837E-02   -0.2236885E-07    0.1444687E-05
