# omegabh2 omegach2 theta tau w ns logA aps100 aps143 aps217 acib143 acib217 asz143 psr cibr cal0 cal2 xi aksz bm_1_1
    0.77153E-07   -0.42559E-06    0.81472E-07    0.10632E-05   -0.13432E-05    0.11717E-05    0.12905E-05   -0.10142E-02   -0.41115E-03   -0.23949E-03   -0.16407E-03   -0.17587E-03    0.20084E-05   -0.10384E-06   -0.21250E-05    0.17977E-08   -0.22507E-08   -0.13971E-05   -0.35679E-04   -0.14951E-04
   -0.42559E-06    0.71778E-05   -0.77246E-06   -0.11343E-04   -0.78091E-04   -0.16119E-04   -0.55793E-05    0.52399E-02    0.34167E-02    0.28131E-02    0.28769E-03    0.10082E-04   -0.58415E-04    0.14679E-05   -0.12117E-04   -0.28651E-07    0.95036E-08    0.15747E-04    0.31705E-04    0.12345E-03
    0.81472E-07   -0.77246E-06    0.40106E-06    0.15490E-05    0.60724E-05    0.23009E-05    0.15979E-05   -0.79220E-03   -0.34847E-03   -0.29999E-03   -0.10916E-03   -0.28852E-04    0.88140E-05   -0.16013E-06    0.13661E-05    0.56094E-08   -0.38120E-08   -0.30875E-05   -0.21118E-04   -0.16539E-04
    0.10632E-05   -0.11343E-04    0.15490E-05    0.20020E-03    0.22700E-03    0.37422E-04    0.37329E-03   -0.18170E-01   -0.35745E-02    0.16719E-02   -0.46771E-02   -0.67970E-02   -0.30825E-03   -0.34166E-05   -0.13405E-03    0.31124E-07   -0.32745E-07   -0.79056E-05   -0.15126E-02   -0.34811E-03
   -0.13432E-05   -0.78091E-04    0.60724E-05    0.22700E-03    0.11359E+00    0.20361E-03    0.21320E-03    0.31089E+00   -0.29260E-01   -0.69466E-01    0.44738E-01    0.64810E-01    0.14903E-02    0.98636E-04    0.45888E-03   -0.17795E-06    0.43270E-05   -0.66875E-03    0.73458E-03   -0.87483E-03
    0.11717E-05   -0.16119E-04    0.23009E-05    0.37422E-04    0.20361E-03    0.55295E-04    0.34761E-04   -0.29602E-01   -0.16030E-02    0.57664E-02   -0.59361E-02   -0.84012E-02   -0.35344E-03   -0.26353E-06   -0.17986E-03   -0.95907E-08    0.11454E-06   -0.27563E-04   -0.16842E-02   -0.57174E-03
    0.12905E-05   -0.55793E-05    0.15979E-05    0.37329E-03    0.21320E-03    0.34761E-04    0.74025E-03   -0.11013E-01    0.10681E-01    0.20875E-01   -0.11261E-01   -0.18622E-01   -0.13345E-02   -0.11015E-05   -0.46428E-03    0.44986E-07    0.11513E-06    0.57146E-04   -0.38559E-02    0.58366E-05
   -0.10142E-02    0.52399E-02   -0.79220E-03   -0.18170E-01    0.31089E+00   -0.29602E-01   -0.11013E-01    0.27935E+04    0.21531E+03    0.13648E+03    0.10134E+03   -0.38281E+02   -0.28909E+02    0.42277E-01   -0.55113E+01    0.72528E-03    0.34615E-02    0.27850E+01   -0.60012E+01    0.11256E+02
   -0.41115E-03    0.34167E-02   -0.34847E-03   -0.35745E-02   -0.29260E-01   -0.16030E-02    0.10681E-01    0.21531E+03    0.16839E+03    0.12555E+03   -0.30750E+02   -0.44727E+02   -0.52067E+01    0.29139E-01   -0.14801E+01   -0.35286E-04    0.15574E-03    0.53104E+00   -0.60601E+01    0.40259E+00
   -0.23949E-03    0.28131E-02   -0.29999E-03    0.16719E-02   -0.69466E-01    0.57664E-02    0.20875E-01    0.13648E+03    0.12555E+03    0.21763E+03   -0.27504E+02   -0.84615E+02   -0.42662E+01    0.40530E-01   -0.20955E+01    0.54465E-05   -0.45869E-02    0.51117E+00   -0.64442E+01    0.31304E+00
   -0.16407E-03    0.28769E-03   -0.10916E-03   -0.46771E-02    0.44738E-01   -0.59361E-02   -0.11261E-01    0.10134E+03   -0.30750E+02   -0.27504E+02    0.29761E+02    0.16275E+02   -0.10388E+01   -0.67391E-02    0.14756E-01   -0.64225E-04   -0.79515E-04    0.24825E+00   -0.40735E+00   -0.77768E+00
   -0.17587E-03    0.10082E-04   -0.28852E-04   -0.67970E-02    0.64810E-01   -0.84012E-02   -0.18622E-01   -0.38281E+02   -0.44727E+02   -0.84615E+02    0.16275E+02    0.43719E+02    0.22209E+01   -0.17266E-01    0.10639E+01    0.31500E-04    0.23819E-02   -0.24045E+00   -0.23271E+00   -0.15165E+00
    0.20084E-05   -0.58415E-04    0.88140E-05   -0.30825E-03    0.14903E-02   -0.35344E-03   -0.13345E-02   -0.28909E+02   -0.52067E+01   -0.42662E+01   -0.10388E+01    0.22209E+01    0.69662E+00   -0.13058E-02    0.15063E+00    0.15314E-04   -0.13639E-03   -0.64048E-01   -0.30346E-01    0.86324E-01
   -0.10384E-06    0.14679E-05   -0.16013E-06   -0.34166E-05    0.98636E-04   -0.26353E-06   -0.11015E-05    0.42277E-01    0.29139E-01    0.40530E-01   -0.67391E-02   -0.17266E-01   -0.13058E-02    0.17666E-03   -0.48746E-03   -0.17836E-07   -0.37372E-06    0.22500E-03   -0.95787E-03    0.10627E-03
   -0.21250E-05   -0.12117E-04    0.13661E-05   -0.13405E-03    0.45888E-03   -0.17986E-03   -0.46428E-03   -0.55113E+01   -0.14801E+01   -0.20955E+01    0.14756E-01    0.10639E+01    0.15063E+00   -0.48746E-03    0.50991E-01    0.29683E-05    0.22150E-04   -0.12013E-01   -0.41000E-02    0.18409E-01
    0.17977E-08   -0.28651E-07    0.56094E-08    0.31124E-07   -0.17795E-06   -0.95907E-08    0.44986E-07    0.72528E-03   -0.35286E-04    0.54465E-05   -0.64225E-04    0.31500E-04    0.15314E-04   -0.17836E-07    0.29683E-05    0.15498E-06   -0.26126E-08    0.57321E-07   -0.94949E-05   -0.33132E-04
   -0.22507E-08    0.95036E-08   -0.38120E-08   -0.32745E-07    0.43270E-05    0.11454E-06    0.11513E-06    0.34615E-02    0.15574E-03   -0.45869E-02   -0.79515E-04    0.23819E-02   -0.13639E-03   -0.37372E-06    0.22150E-04   -0.26126E-08    0.94796E-06   -0.36895E-05    0.38569E-04   -0.75432E-05
   -0.13971E-05    0.15747E-04   -0.30875E-05   -0.79056E-05   -0.66875E-03   -0.27563E-04    0.57146E-04    0.27850E+01    0.53104E+00    0.51117E+00    0.24825E+00   -0.24045E+00   -0.64048E-01    0.22500E-03   -0.12013E-01    0.57321E-07   -0.36895E-05    0.30085E-01    0.80276E-02   -0.14030E-01
   -0.35679E-04    0.31705E-04   -0.21118E-04   -0.15126E-02    0.73458E-03   -0.16842E-02   -0.38559E-02   -0.60012E+01   -0.60601E+01   -0.64442E+01   -0.40735E+00   -0.23271E+00   -0.30346E-01   -0.95787E-03   -0.41000E-02   -0.94949E-05    0.38569E-04    0.80276E-02    0.19944E+01   -0.24411E-01
   -0.14951E-04    0.12345E-03   -0.16539E-04   -0.34811E-03   -0.87483E-03   -0.57174E-03    0.58366E-05    0.11256E+02    0.40259E+00    0.31304E+00   -0.77768E+00   -0.15165E+00    0.86324E-01    0.10627E-03    0.18409E-01   -0.33132E-04   -0.75432E-05   -0.14030E-01   -0.24411E-01    0.61455E+00
