# omegabh2 omegach2 theta tau logA ns calPlanck acib217 xi asz143 aps100 aps143 aps143217 aps217 aksz kgal100 kgal143 kgal143217 kgal217 galfTE100 galfTE100143 galfTE100217 galfTE143 galfTE143217 galfTE217 cal0 cal2
  2.1238517E-08  -9.0296572E-08   1.7632299E-08   2.9612764E-07   4.9722174E-07   2.3773256E-07   1.5367585E-08  -9.0412856E-05   1.5496307E-06   1.8500792E-05  -3.5306085E-04  -1.9709267E-04  -5.2621702E-05   3.3287160E-05  -3.9755393E-05  -1.9546378E-06  -7.3943349E-06  -7.8546498E-06   2.2677498E-05  -9.9033330E-08  -6.2703938E-09   2.7768363E-07  -2.6369116E-07  -5.0912561E-07  -2.1770911E-06   2.5429044E-09  -3.0447713E-09
 -9.0296572E-08   1.3879427E-06  -1.2602979E-07  -3.4095486E-06  -4.1497946E-06  -3.2764275E-06  -2.5822899E-07   1.9281184E-04  -1.6406409E-06  -6.0598000E-05   1.2485824E-03   8.7622605E-04   3.9938370E-04   9.7743845E-05   1.1363033E-04  -2.2212009E-05   2.6075289E-05   6.0809739E-05   2.9313025E-05  -1.1181818E-09  -1.8246139E-07  -1.7194288E-06   1.2313306E-06   2.1898034E-06   1.1542724E-05  -1.2676670E-08   1.8354524E-08
  1.7632299E-08  -1.2602979E-07   9.7141363E-08   4.2964594E-07   7.4069991E-07   4.1269392E-07   3.6764850E-08  -2.4745996E-05   2.7788951E-07   4.8526654E-06  -8.3372727E-05  -1.1168074E-04  -5.8282811E-05  -1.1513091E-05  -6.6367829E-06  -2.4830540E-06   6.9505951E-06   3.3721279E-08   1.3495463E-05  -1.1818510E-07  -1.4442939E-07   7.2562619E-07  -2.1389853E-07  -4.9110897E-07  -2.2010097E-06  -1.9755787E-09  -1.7401260E-09
  2.9612764E-07  -3.4095486E-06   4.2964594E-07   5.3343291E-05   9.5353554E-05   1.0510708E-05  -1.2158919E-06  -2.2340669E-03   3.0132643E-05   3.4885574E-04  -7.7178487E-03  -4.2970052E-03  -1.5278118E-03   3.5265674E-04  -7.0325913E-04   3.2866329E-05  -4.2038813E-05  -7.5221177E-05   4.6298108E-04   3.3902977E-06  -3.8377671E-06   8.0844078E-06  -1.1643241E-05  -1.4812529E-05  -2.9468465E-05  -1.5491807E-08  -1.0205921E-07
  4.9722174E-07  -4.1497946E-06   7.4069991E-07   9.5353554E-05   2.0012580E-04   1.3511066E-05   8.9461857E-06  -4.1963434E-03   1.0806541E-04   5.7469813E-04  -8.5042698E-03  -5.4226853E-03   6.3651348E-04   6.4804796E-03  -2.0001302E-03  -1.8205531E-04  -4.8745527E-04  -5.8129474E-04   2.0678243E-03   6.4064439E-06  -1.0740854E-05   1.2227511E-05  -2.5946769E-05  -2.6762514E-05  -3.3953514E-05   1.4046648E-07  -2.3185822E-07
  2.3773256E-07  -3.2764275E-06   4.1269392E-07   1.0510708E-05   1.3511066E-05   1.7251624E-05   7.3367670E-07  -4.7765333E-03   8.8403521E-05   8.9928949E-04  -2.3734938E-02  -6.9118152E-03   1.2749726E-03   5.3829940E-03  -2.3604958E-03   1.9802344E-04  -4.0719259E-04  -3.7845075E-04   1.3414463E-03   7.9494135E-07   8.0349628E-07   5.9478592E-06  -7.8070041E-07  -4.4894146E-06  -2.2412823E-05  -7.0562078E-08  -1.1844905E-07
  1.5367585E-08  -2.5822899E-07   3.6764850E-08  -1.2158919E-06   8.9461857E-06   7.3367670E-07   5.9785216E-06   7.0413788E-04   1.5396612E-06   7.6306173E-06   4.3795776E-03   6.1651360E-04   5.5579616E-04   1.2740968E-03  -5.9678099E-05   3.6321160E-05   3.8701262E-05  -3.1653444E-05   6.0674194E-04   1.7768122E-07  -1.3024125E-06   3.6566615E-07  -2.6059480E-06  -5.8636833E-07   2.2729327E-06   2.3382266E-08  -2.7090379E-08
 -9.0412856E-05   1.9281184E-04  -2.4745996E-05  -2.2340669E-03  -4.1963434E-03  -4.7765333E-03   7.0413788E-04   4.3442152E+01  -3.8178607E-01  -7.6469175E-01   3.7622706E+01   2.2383947E+00  -1.2371150E+01  -5.3310731E+01  -1.5309927E-01  -1.2035783E-02   5.4192235E-01  -5.4354409E+00  -3.2020936E+01  -3.5123746E-04  -3.1237238E-04   8.5468000E-03  -2.8775541E-03   1.9712116E-03   4.1650094E-02  -1.8879472E-04   7.4277097E-04
  1.5496307E-06  -1.6406409E-06   2.7788951E-07   3.0132643E-05   1.0806541E-04   8.8403521E-05   1.5396612E-06  -3.8178607E-01   8.1195682E-02  -5.0465556E-02  -6.3896913E-01   9.0209691E-01   1.6508963E+00   6.0117647E-01   5.6391172E-02  -5.0128562E-03   6.1435025E-03   9.0823446E-02   1.1747801E-01  -7.6690781E-05   3.7834562E-05   5.0198382E-05   1.5998052E-04   1.7410646E-04   1.5126459E-04   5.1682794E-06  -9.8358725E-07
  1.8500792E-05  -6.0598000E-05   4.8526654E-06   3.4885574E-04   5.7469813E-04   8.9928949E-04   7.6306173E-06  -7.6469175E-01  -5.0465556E-02   3.9036370E+00  -3.0524900E+01  -3.2022364E+00   7.7310576E+00   5.2668293E+00  -2.7567760E+00  -2.8342048E-01   1.4572020E-01   2.6906147E+00   3.2935325E+00  -1.6692891E-04  -4.6001605E-04   5.2673511E-04  -5.2162051E-04  -1.4714700E-03  -4.7609493E-03   1.0717942E-04  -4.0988992E-05
 -3.5306085E-04   1.2485824E-03  -8.3372727E-05  -7.7178487E-03  -8.5042698E-03  -2.3734938E-02   4.3795776E-03   3.7622706E+01  -6.3896913E-01  -3.0524900E+01   7.8908641E+02   6.7176683E+01  -5.7668847E+01  -6.2515282E+01   1.3836700E+01  -5.3400377E+00   5.9017206E+00  -1.2802179E+01  -2.4843121E+01   4.7341919E-03  -6.6806143E-03  -2.3392962E-03   6.5606198E-04  -1.8464490E-02   5.0824806E-02   3.6934972E-03   6.9647628E-04
 -1.9709267E-04   8.7622605E-04  -1.1168074E-04  -4.2970052E-03  -5.4226853E-03  -6.9118152E-03   6.1651360E-04   2.2383947E+00   9.0209691E-01  -3.2022364E+00   6.7176683E+01   6.0032784E+01   3.9127741E+01   1.4112004E+01  -4.8176805E+00  -2.8287052E-01  -1.2438337E+00   3.1438909E+00   3.6195360E+00   1.7633100E-03   7.9036028E-04   1.3540265E-03   3.3274639E-05   5.0571781E-03   1.8035567E-02   9.9513965E-05   1.3780248E-04
 -5.2621702E-05   3.9938370E-04  -5.8282811E-05  -1.5278118E-03   6.3651348E-04   1.2749726E-03   5.5579616E-04  -1.2371150E+01   1.6508963E+00   7.7310576E+00  -5.7668847E+01   3.9127741E+01   8.3968587E+01   5.1794388E+01  -1.1710219E+01  -9.5033748E-01  -7.3975549E-01   4.5818551E+00   7.2990339E+00  -3.8874075E-04   6.9751385E-05   9.4253667E-04   5.1113336E-03   5.5280937E-03  -6.2203989E-03   4.5356534E-04  -3.7709985E-04
  3.3287160E-05   9.7743845E-05  -1.1513091E-05   3.5265674E-04   6.4804796E-03   5.3829940E-03   1.2740968E-03  -5.3310731E+01   6.0117647E-01   5.2668293E+00  -6.2515282E+01   1.4112004E+01   5.1794388E+01   1.0113159E+02  -9.3317838E+00  -5.3066487E-01  -1.2816574E+00   4.8153637E+00   3.1399770E+01  -9.3428618E-05  -1.1004041E-03  -1.2577258E-02   4.2141897E-03   2.0521988E-04  -5.0689329E-02   4.6255731E-04  -1.3926144E-03
 -3.9755393E-05   1.1363033E-04  -6.6367829E-06  -7.0325913E-04  -2.0001302E-03  -2.3604958E-03  -5.9678099E-05  -1.5309927E-01   5.6391172E-02  -2.7567760E+00   1.3836700E+01  -4.8176805E+00  -1.1710219E+01  -9.3317838E+00   5.9398662E+00   2.0426748E-01  -1.8931447E-01  -2.1451231E+00  -2.3853639E+00  -7.9338514E-04   1.9906875E-04   7.6925435E-05   8.3995165E-04   5.5075440E-04   5.3285537E-03  -7.8491501E-05   9.4689801E-06
 -1.9546378E-06  -2.2212009E-05  -2.4830540E-06   3.2866329E-05  -1.8205531E-04   1.9802344E-04   3.6321160E-05  -1.2035783E-02  -5.0128562E-03  -2.8342048E-01  -5.3400377E+00  -2.8287052E-01  -9.5033748E-01  -5.3066487E-01   2.0426748E-01   3.3488385E+00   5.2741472E-01   1.8647292E-01   3.1305134E-01  -2.3626144E-04  -1.9889656E-04   1.1548419E-03  -2.5314773E-05  -1.2737495E-05   1.3088791E-03   1.8547416E-04  -6.0673827E-06
 -7.3943349E-06   2.6075289E-05   6.9505951E-06  -4.2038813E-05  -4.8745527E-04  -4.0719259E-04   3.8701262E-05   5.4192235E-01   6.1435025E-03   1.4572020E-01   5.9017206E+00  -1.2438337E+00  -7.3975549E-01  -1.2816574E+00  -1.8931447E-01   5.2741472E-01   3.1086366E+00   2.6704474E+00   2.7447802E+00  -9.4902221E-05  -8.9746286E-04  -2.3606834E-03  -4.1827764E-04   6.5418755E-04  -1.4319852E-03  -1.9135042E-04  -4.1333154E-05
 -7.8546498E-06   6.0809739E-05   3.3721279E-08  -7.5221177E-05  -5.8129474E-04  -3.7845075E-04  -3.1653444E-05  -5.4354409E+00   9.0823446E-02   2.6906147E+00  -1.2802179E+01   3.1438909E+00   4.5818551E+00   4.8153637E+00  -2.1451231E+00   1.8647292E-01   2.6704474E+00   1.0689778E+01   1.8969266E+01   2.6470028E-04  -5.5041744E-04  -2.8311133E-03  -2.4230509E-03  -2.0816035E-03  -8.0553181E-03  -2.9077417E-05   4.0419941E-04
  2.2677498E-05   2.9313025E-05   1.3495463E-05   4.6298108E-04   2.0678243E-03   1.3414463E-03   6.0674194E-04  -3.2020936E+01   1.1747801E-01   3.2935325E+00  -2.4843121E+01   3.6195360E+00   7.2990339E+00   3.1399770E+01  -2.3853639E+00   3.1305134E-01   2.7447802E+00   1.8969266E+01   5.2346721E+01   2.1110998E-03  -3.3469180E-04  -8.0984074E-03  -2.4207511E-03  -5.4354949E-03  -3.9340352E-02   5.3816238E-05   9.1115461E-04
 -9.9033330E-08  -1.1181818E-09  -1.1818510E-07   3.3902977E-06   6.4064439E-06   7.9494135E-07   1.7768122E-07  -3.5123746E-04  -7.6690781E-05  -1.6692891E-04   4.7341919E-03   1.7633100E-03  -3.8874075E-04  -9.3428618E-05  -7.9338514E-04  -2.3626144E-04  -9.4902221E-05   2.6470028E-04   2.1110998E-03   1.4376677E-03   2.5431030E-04   4.8423590E-05  -3.6327835E-04  -1.3587008E-04  -1.7023987E-04   1.7493441E-07   2.2666624E-07
 -6.2703938E-09  -1.8246139E-07  -1.4442939E-07  -3.8377671E-06  -1.0740854E-05   8.0349628E-07  -1.3024125E-06  -3.1237238E-04   3.7834562E-05  -4.6001605E-04  -6.6806143E-03   7.9036028E-04   6.9751385E-05  -1.1004041E-03   1.9906875E-04  -1.9889656E-04  -8.9746286E-04  -5.5041744E-04  -3.3469180E-04   2.5431030E-04   8.6550106E-04   7.6604683E-06   7.3534673E-04   3.0900980E-05  -8.2394325E-04  -3.4481881E-07   1.4699380E-07
  2.7768363E-07  -1.7194288E-06   7.2562619E-07   8.0844078E-06   1.2227511E-05   5.9478592E-06   3.6566615E-07   8.5468000E-03   5.0198382E-05   5.2673511E-04  -2.3392962E-03   1.3540265E-03   9.4253667E-04  -1.2577258E-02   7.6925435E-05   1.1548419E-03  -2.3606834E-03  -2.8311133E-03  -8.0984074E-03   4.8423590E-05   7.6604683E-06   7.2394940E-03  -3.2943488E-04   6.2872238E-04   4.6743298E-03  -3.5524948E-08   1.4226574E-07
 -2.6369116E-07   1.2313306E-06  -2.1389853E-07  -1.1643241E-05  -2.5946769E-05  -7.8070041E-07  -2.6059480E-06  -2.8775541E-03   1.5998052E-04  -5.2162051E-04   6.5606198E-04   3.3274639E-05   5.1113336E-03   4.2141897E-03   8.3995165E-04  -2.5314773E-05  -4.1827764E-04  -2.4230509E-03  -2.4207511E-03  -3.6327835E-04   7.3534673E-04  -3.2943488E-04   2.8933094E-03   5.4401084E-04  -1.1006506E-03  -2.9281083E-07   1.8558712E-07
 -5.0912561E-07   2.1898034E-06  -4.9110897E-07  -1.4812529E-05  -2.6762514E-05  -4.4894146E-06  -5.8636833E-07   1.9712116E-03   1.7410646E-04  -1.4714700E-03  -1.8464490E-02   5.0571781E-03   5.5280937E-03   2.0521988E-04   5.5075440E-04  -1.2737495E-05   6.5418755E-04  -2.0816035E-03  -5.4354949E-03  -1.3587008E-04   3.0900980E-05   6.2872238E-04   5.4401084E-04   6.3864635E-03   8.0535932E-03  -3.5806844E-07  -4.2760267E-08
 -2.1770911E-06   1.1542724E-05  -2.2010097E-06  -2.9468465E-05  -3.3953514E-05  -2.2412823E-05   2.2729327E-06   4.1650094E-02   1.5126459E-04  -4.7609493E-03   5.0824806E-02   1.8035567E-02  -6.2203989E-03  -5.0689329E-02   5.3285537E-03   1.3088791E-03  -1.4319852E-03  -8.0553181E-03  -3.9340352E-02  -1.7023987E-04  -8.2394325E-04   4.6743298E-03  -1.1006506E-03   8.0535932E-03   7.3947589E-02   1.5537268E-06  -4.3439919E-07
  2.5429044E-09  -1.2676670E-08  -1.9755787E-09  -1.5491807E-08   1.4046648E-07  -7.0562078E-08   2.3382266E-08  -1.8879472E-04   5.1682794E-06   1.0717942E-04   3.6934972E-03   9.9513965E-05   4.5356534E-04   4.6255731E-04  -7.8491501E-05   1.8547416E-04  -1.9135042E-04  -2.9077417E-05   5.3816238E-05   1.7493441E-07  -3.4481881E-07  -3.5524948E-08  -2.9281083E-07  -3.5806844E-07   1.5537268E-06   3.7522495E-07  -4.1974614E-10
 -3.0447713E-09   1.8354524E-08  -1.7401260E-09  -1.0205921E-07  -2.3185822E-07  -1.1844905E-07  -2.7090379E-08   7.4277097E-04  -9.8358725E-07  -4.0988992E-05   6.9647628E-04   1.3780248E-04  -3.7709985E-04  -1.3926144E-03   9.4689801E-06  -6.0673827E-06  -4.1333154E-05   4.0419941E-04   9.1115461E-04   2.2666624E-07   1.4699380E-07   1.4226574E-07   1.8558712E-07  -4.2760267E-08  -4.3439919E-07  -4.1974614E-10   3.8722893E-07
