# omegabh2 omegach2 theta tau mnu nnu logA ns calPlanck acib217 xi asz143 aps100 aps143 aps143217 aps217 aksz kgal100 kgal143 kgal143217 kgal217 galfEE100 galfEE100143 galfEE100217 galfEE143 galfEE143217 galfEE217 galfTE100 galfTE100143 galfTE100217 galfTE143 galfTE143217 galfTE217 cal0 cal2
    0.5719860E-07    0.3185265E-06   -0.2215250E-07    0.9815181E-06   -0.7810620E-05    0.3427950E-04    0.2966505E-05    0.1758372E-05    0.1103491E-07    0.5050050E-04   -0.2519542E-05   -0.7969717E-05   -0.5167057E-04   -0.4633895E-04   -0.1357976E-03   -0.1264643E-03    0.3703509E-04    0.1065235E-04    0.2484392E-04    0.2952995E-04    0.5643943E-04    0.1986936E-06    0.7843260E-07    0.6348643E-07    0.9428327E-07   -0.7430770E-07   -0.7921055E-06   -0.4924417E-06   -0.1814591E-06   -0.4935711E-06   -0.5272842E-06   -0.8789476E-06   -0.3018358E-05   -0.5353031E-08    0.1493655E-07
    0.3185265E-06    0.9267419E-05   -0.1019516E-05    0.1855006E-05    0.9537571E-04    0.5301109E-03    0.2712366E-04    0.1656749E-04    0.3560613E-07    0.2815648E-02   -0.4738567E-04   -0.4375955E-03    0.1068595E-01    0.5432395E-02    0.1394318E-02   -0.8203362E-03    0.9872933E-03    0.3005848E-03    0.3421804E-03    0.7701042E-03    0.3155752E-03    0.5840010E-06    0.5123678E-06   -0.1949169E-05    0.4287432E-06   -0.4449729E-06   -0.2759837E-05    0.3938682E-05    0.3670923E-05   -0.2299083E-04    0.1170198E-05   -0.3550026E-05   -0.7525808E-05   -0.5167856E-07    0.3679571E-06
   -0.2215250E-07   -0.1019516E-05    0.2139229E-06   -0.8453277E-06   -0.2418556E-04   -0.5802993E-04   -0.4112455E-05   -0.1701028E-05   -0.1391339E-07   -0.2914454E-03    0.5988362E-05    0.5440443E-04   -0.1186607E-02   -0.6868435E-03   -0.2143562E-03   -0.3106381E-04   -0.9023049E-04   -0.3531203E-04   -0.3309559E-04   -0.6267064E-04    0.1860807E-04   -0.1100425E-06   -0.7759748E-07    0.3321930E-06   -0.6551815E-07    0.1116923E-06    0.1431876E-06   -0.6900452E-07   -0.2371372E-06    0.2467002E-05   -0.2814294E-06   -0.2366416E-06   -0.1847114E-06    0.9894550E-08   -0.2003111E-07
    0.9815181E-06    0.1855006E-05   -0.8453277E-06    0.2937345E-03    0.1521340E-02    0.7177679E-03    0.5745314E-03    0.5276030E-04   -0.4602714E-05    0.1291017E-02   -0.3024081E-03    0.4069980E-03   -0.3930144E-02   -0.7855373E-02   -0.1144813E-01   -0.7531045E-02   -0.2765856E-03    0.5573580E-03    0.1513633E-02    0.1156504E-02    0.2198197E-03    0.1780096E-04    0.5032716E-05    0.9240581E-06    0.5951035E-05   -0.3359905E-04   -0.2972171E-04   -0.8010624E-04   -0.2812590E-04   -0.1245974E-03   -0.1565209E-05   -0.1393161E-04   -0.7187688E-04   -0.5719779E-06   -0.4732228E-06
   -0.7810620E-05    0.9537571E-04   -0.2418556E-04    0.1521340E-02    0.2524854E-01    0.1343231E-02    0.3174408E-02   -0.1596659E-03    0.6605350E-05    0.3567760E-01   -0.1321207E-02    0.2816483E-02    0.2061821E+00    0.1120137E+00    0.7804025E-01    0.4720523E-01   -0.9028236E-02    0.2391351E-02    0.1229182E-02    0.7025366E-02   -0.6893897E-02    0.3561428E-04    0.2145975E-04   -0.8833207E-04   -0.4752992E-05   -0.1508152E-03    0.1801260E-03   -0.2282569E-03   -0.1018446E-03   -0.5652478E-03    0.7433586E-04    0.3284457E-03   -0.2376843E-03   -0.7968505E-06   -0.3314237E-05
    0.3427950E-04    0.5301109E-03   -0.5802993E-04    0.7177679E-03    0.1343231E-02    0.3912172E-01    0.2803319E-02    0.1588778E-02   -0.3250405E-05    0.1790447E+00   -0.3942905E-02   -0.3394522E-01    0.5679006E+00    0.2683575E+00   -0.1886461E-01   -0.1299025E+00    0.7742209E-01    0.2203014E-01    0.3005988E-01    0.4931760E-01    0.2594818E-01    0.1358597E-03    0.5676955E-04   -0.7280231E-04    0.6842231E-04   -0.1163711E-03   -0.3579991E-03   -0.2853449E-03   -0.2617356E-05   -0.1376837E-02   -0.7359475E-04   -0.5488887E-03   -0.1278696E-02   -0.6978935E-05    0.2340628E-04
    0.2966505E-05    0.2712366E-04   -0.4112455E-05    0.5745314E-03    0.3174408E-02    0.2803319E-02    0.1206634E-02    0.1475490E-03    0.8009054E-06    0.8715257E-02   -0.6519772E-03   -0.3786745E-03    0.2215641E-01   -0.6862833E-03   -0.1670311E-01   -0.1147585E-01    0.1287756E-02    0.1567464E-02    0.3365592E-02    0.3514281E-02    0.2568114E-02    0.3693370E-04    0.1125855E-04   -0.4114787E-05    0.1322142E-04   -0.6478325E-04   -0.8105934E-04   -0.1440134E-03   -0.4408260E-04   -0.2987143E-03    0.2648797E-05   -0.4558649E-04   -0.1667813E-03   -0.1134314E-05   -0.2112281E-06
    0.1758372E-05    0.1656749E-04   -0.1701028E-05    0.5276030E-04   -0.1596659E-03    0.1588778E-02    0.1475490E-03    0.8495542E-04   -0.6036364E-06    0.2552460E-02   -0.1214356E-03   -0.5053918E-03    0.1718826E-03    0.2405119E-02   -0.2265069E-02   -0.2007832E-02    0.1133814E-02    0.9891663E-03    0.1187752E-02    0.1248494E-02    0.1387571E-02    0.1045727E-04    0.3759274E-05   -0.1152383E-05    0.4756533E-05   -0.8596627E-05   -0.1849297E-04   -0.3152987E-04   -0.7392220E-05   -0.4400411E-04   -0.3714222E-05   -0.3007911E-04   -0.8608934E-04   -0.3832230E-06    0.4030816E-06
    0.1103491E-07    0.3560613E-07   -0.1391339E-07   -0.4602714E-05    0.6605350E-05   -0.3250405E-05    0.8009054E-06   -0.6036364E-06    0.4877188E-05    0.4370807E-03    0.1371777E-04   -0.7410076E-04    0.2893239E-02    0.8250403E-03    0.4521115E-03    0.1294408E-02    0.3768483E-04   -0.4375050E-04   -0.7925370E-05   -0.1427684E-03    0.4243933E-03    0.5486354E-06    0.1350148E-06   -0.3479539E-06    0.3118651E-06    0.1297634E-05   -0.5429240E-05    0.1049937E-05    0.8306182E-06    0.1733763E-05    0.2826360E-05   -0.2133502E-05    0.9528571E-06   -0.3997260E-07   -0.8546867E-07
    0.5050050E-04    0.2815648E-02   -0.2914454E-03    0.1291017E-02    0.3567760E-01    0.1790447E+00    0.8715257E-02    0.2552460E-02    0.4370807E-03    0.4747465E+02   -0.4196791E+00   -0.1521789E+01    0.4211344E+02    0.2479094E+01   -0.1863721E+02   -0.6376552E+02    0.2657059E+00   -0.5998510E-01   -0.2041396E+00   -0.3476351E+01   -0.2483508E+02   -0.1759892E-02    0.1979082E-03    0.2705563E-02    0.8719124E-04    0.1013866E-05   -0.9416946E-02   -0.6031994E-02   -0.4824047E-03    0.2124847E-02   -0.2857550E-02    0.1586433E-01    0.7258318E-02   -0.8437729E-04    0.4400022E-02
   -0.2519542E-05   -0.4738567E-04    0.5988362E-05   -0.3024081E-03   -0.1321207E-02   -0.3942905E-02   -0.6519772E-03   -0.1214356E-03    0.1371777E-04   -0.4196791E+00    0.8079746E-01   -0.7348588E-01   -0.3913431E+00    0.9405186E+00    0.1744621E+01    0.6332116E+00    0.9177792E-01   -0.1172429E-01    0.1628648E-01    0.8985691E-01    0.7433785E-01   -0.1650504E-04   -0.9340191E-05   -0.8474569E-04    0.1366356E-04    0.2483544E-03    0.2494994E-03    0.1377813E-02    0.3312858E-03    0.9216611E-03   -0.1454952E-03    0.4271572E-03    0.5224442E-03    0.4870002E-05   -0.1331583E-04
   -0.7969717E-05   -0.4375955E-03    0.5440443E-04    0.4069980E-03    0.2816483E-02   -0.3394522E-01   -0.3786745E-03   -0.5053918E-03   -0.7410076E-04   -0.1521789E+01   -0.7348588E-01    0.3637767E+01   -0.2781670E+02   -0.3785953E+01    0.7116721E+01    0.6423444E+01   -0.2669908E+01   -0.2065966E+00   -0.3487892E-01    0.2282221E+01    0.1868041E+01    0.7935046E-03    0.2385096E-03   -0.4461982E-03    0.1706434E-03    0.3722943E-03   -0.1221643E-02   -0.1401395E-02   -0.5893811E-03    0.1184370E-01    0.1073414E-02    0.2920373E-02   -0.8029870E-02    0.2194951E-03   -0.3921301E-03
   -0.5167057E-04    0.1068595E-01   -0.1186607E-02   -0.3930144E-02    0.2061821E+00    0.5679006E+00    0.2215641E-01    0.1718826E-03    0.2893239E-02    0.4211344E+02   -0.3913431E+00   -0.2781670E+02    0.6841093E+03    0.6393787E+02   -0.5571052E+02   -0.7229468E+02    0.1287520E+02    0.1758083E+00    0.3210369E+00   -0.1141951E+02   -0.1674724E+02   -0.1115306E-01   -0.3125290E-02   -0.1374055E-02   -0.2602489E-02   -0.1663566E-02   -0.2696118E-02    0.3570807E-01    0.1950403E-02   -0.1337344E+00    0.6711307E-02   -0.9975541E-02    0.5556656E-01    0.4121325E-02    0.4713522E-02
   -0.4633895E-04    0.5432395E-02   -0.6868435E-03   -0.7855373E-02    0.1120137E+00    0.2683575E+00   -0.6862833E-03    0.2405119E-02    0.8250403E-03    0.2479094E+01    0.9405186E+00   -0.3785953E+01    0.6393787E+02    0.5717537E+02    0.4050145E+02    0.1422901E+02   -0.3528884E+01    0.4085581E-01   -0.7320344E+00    0.4041327E+01    0.3809438E+01   -0.1259228E-02    0.5829692E-04   -0.2883762E-02    0.5061222E-03    0.6522905E-02    0.8709833E-02   -0.4337945E-02    0.3772940E-04   -0.6180824E-02    0.9814172E-03    0.1252459E-01    0.4964042E-02    0.1112366E-03    0.6541310E-03
   -0.1357976E-03    0.1394318E-02   -0.2143562E-03   -0.1144813E-01    0.7804025E-01   -0.1886461E-01   -0.1670311E-01   -0.2265069E-02    0.4521115E-03   -0.1863721E+02    0.1744621E+01    0.7116721E+01   -0.5571052E+02    0.4050145E+02    0.8936155E+02    0.6096375E+02   -0.1085163E+02   -0.5390460E+00   -0.4197389E+00    0.4149787E+01    0.4486094E+01    0.2132047E-02    0.7364587E-03   -0.6396157E-02    0.1210143E-02    0.1026370E-01    0.1191021E-01    0.2282865E-01    0.4590772E-02    0.6062123E-01   -0.3056468E-02    0.2811024E-01    0.3540073E-02    0.7572481E-03   -0.2380812E-02
   -0.1264643E-03   -0.8203362E-03   -0.3106381E-04   -0.7531045E-02    0.4720523E-01   -0.1299025E+00   -0.1147585E-01   -0.2007832E-02    0.1294408E-02   -0.6376552E+02    0.6332116E+00    0.6423444E+01   -0.7229468E+02    0.1422901E+02    0.6096375E+02    0.1210800E+03   -0.9711665E+01   -0.5341175E-01    0.6205533E-01    0.9591144E+00    0.2094372E+02    0.3646018E-02    0.2900347E-03   -0.6442804E-02    0.1175034E-02    0.4663827E-02    0.1679792E-01    0.6175032E-02    0.1710494E-02    0.3527833E-01    0.7726747E-02   -0.6475885E-02   -0.1797485E-01    0.4776711E-03   -0.7775175E-02
    0.3703509E-04    0.9872933E-03   -0.9023049E-04   -0.2765856E-03   -0.9028236E-02    0.7742209E-01    0.1287756E-02    0.1133814E-02    0.3768483E-04    0.2657059E+00    0.9177792E-01   -0.2669908E+01    0.1287520E+02   -0.3528884E+01   -0.1085163E+02   -0.9711665E+01    0.6009638E+01    0.7196139E-01    0.1507194E+00   -0.1784938E+01   -0.1481105E+01   -0.5342118E-03   -0.4625171E-03    0.7446334E-03   -0.1391518E-03   -0.5621453E-03   -0.1359230E-02    0.7230537E-02    0.2037542E-02   -0.1385068E-01   -0.9870636E-03   -0.4561226E-02    0.7290689E-02   -0.2235567E-03    0.1696167E-03
    0.1065235E-04    0.3005848E-03   -0.3531203E-04    0.5573580E-03    0.2391351E-02    0.2203014E-01    0.1567464E-02    0.9891663E-03   -0.4375050E-04   -0.5998510E-01   -0.1172429E-01   -0.2065966E+00    0.1758083E+00    0.4085581E-01   -0.5390460E+00   -0.5341175E-01    0.7196139E-01    0.3176022E+01    0.8645309E+00    0.2720077E+00    0.3176406E+00    0.5611720E-04    0.7340322E-04   -0.5066667E-04    0.4496589E-04   -0.1161145E-02   -0.1911124E-02   -0.6918343E-02   -0.1516882E-02   -0.1000877E-01    0.5462762E-03   -0.8644807E-03   -0.3467176E-02    0.3845448E-03   -0.9336124E-04
    0.2484392E-04    0.3421804E-03   -0.3309559E-04    0.1513633E-02    0.1229182E-02    0.3005988E-01    0.3365592E-02    0.1187752E-02   -0.7925370E-05   -0.2041396E+00    0.1628648E-01   -0.3487892E-01    0.3210369E+00   -0.7320344E+00   -0.4197389E+00    0.6205533E-01    0.1507194E+00    0.8645309E+00    0.3139861E+01    0.2507756E+01    0.1763990E+01   -0.1175393E-03   -0.5845890E-04    0.3570587E-04    0.5643883E-04   -0.2145943E-02   -0.1152647E-03    0.2396762E-02    0.3103677E-03    0.3053745E-02   -0.7093840E-03   -0.4035660E-02   -0.1313140E-02   -0.4413486E-03   -0.2309067E-03
    0.2952995E-04    0.7701042E-03   -0.6267064E-04    0.1156504E-02    0.7025366E-02    0.4931760E-01    0.3514281E-02    0.1248494E-02   -0.1427684E-03   -0.3476351E+01    0.8985691E-01    0.2282221E+01   -0.1141951E+02    0.4041327E+01    0.4149787E+01    0.9591144E+00   -0.1784938E+01    0.2720077E+00    0.2507756E+01    0.1825910E+02    0.2850518E+02   -0.1837431E-03    0.7764044E-04    0.4204695E-03   -0.6724299E-04   -0.3298749E-03   -0.1999583E-02   -0.2159309E-02   -0.6761429E-03   -0.2001000E-01    0.2642030E-02   -0.8396130E-02   -0.2444397E-02   -0.1517056E-03    0.2560620E-02
    0.5643943E-04    0.3155752E-03    0.1860807E-04    0.2198197E-03   -0.6893897E-02    0.2594818E-01    0.2568114E-02    0.1387571E-02    0.4243933E-03   -0.2483508E+02    0.7433785E-01    0.1868041E+01   -0.1674724E+02    0.3809438E+01    0.4486094E+01    0.2094372E+02   -0.1481105E+01    0.3176406E+00    0.1763990E+01    0.2850518E+02    0.6452656E+02    0.8086071E-03    0.3862012E-03    0.4536739E-03   -0.3231167E-03    0.9869387E-03    0.2103503E-02   -0.4531596E-02   -0.2125031E-02   -0.4580581E-01    0.4429198E-02   -0.2112941E-01    0.1032350E-01   -0.1888777E-03    0.4702175E-02
    0.1986936E-06    0.5840010E-06   -0.1100425E-06    0.1780096E-04    0.3561428E-04    0.1358597E-03    0.3693370E-04    0.1045727E-04    0.5486354E-06   -0.1759892E-02   -0.1650504E-04    0.7935046E-03   -0.1115306E-01   -0.1259228E-02    0.2132047E-02    0.3646018E-02   -0.5342118E-03    0.5611720E-04   -0.1175393E-03   -0.1837431E-03    0.8086071E-03    0.1197522E-03    0.1020475E-04   -0.1979488E-05    0.2677187E-05    0.1990236E-05    0.1180658E-04   -0.1272310E-04   -0.6100203E-05    0.2382559E-04   -0.1390098E-04   -0.2170565E-04   -0.2027017E-05    0.2101488E-07   -0.1489127E-06
    0.7843260E-07    0.5123678E-06   -0.7759748E-07    0.5032716E-05    0.2145975E-04    0.5676955E-04    0.1125855E-04    0.3759274E-05    0.1350148E-06    0.1979082E-03   -0.9340191E-05    0.2385096E-03   -0.3125290E-02    0.5829692E-04    0.7364587E-03    0.2900347E-03   -0.4625171E-03    0.7340322E-04   -0.5845890E-04    0.7764044E-04    0.3862012E-03    0.1020475E-04    0.1401144E-04   -0.1045600E-05    0.5814141E-05   -0.1513068E-05   -0.1801354E-05   -0.1024938E-05    0.5349551E-06    0.1054466E-04   -0.1607201E-05   -0.8778710E-07    0.4205689E-05   -0.2704734E-08    0.7932339E-07
    0.6348643E-07   -0.1949169E-05    0.3321930E-06    0.9240581E-06   -0.8833207E-04   -0.7280231E-04   -0.4114787E-05   -0.1152383E-05   -0.3479539E-06    0.2705563E-02   -0.8474569E-04   -0.4461982E-03   -0.1374055E-02   -0.2883762E-02   -0.6396157E-02   -0.6442804E-02    0.7446334E-03   -0.5066667E-04    0.3570587E-04    0.4204695E-03    0.4536739E-03   -0.1979488E-05   -0.1045600E-05    0.2146642E-03    0.1805443E-06    0.1668616E-04   -0.6016152E-06   -0.8759037E-05    0.1218258E-05   -0.2302395E-04   -0.8780791E-05   -0.2794748E-04    0.5225296E-05   -0.2914093E-06    0.7583221E-06
    0.9428327E-07    0.4287432E-06   -0.6551815E-07    0.5951035E-05   -0.4752992E-05    0.6842231E-04    0.1322142E-04    0.4756533E-05    0.3118651E-06    0.8719124E-04    0.1366356E-04    0.1706434E-03   -0.2602489E-02    0.5061222E-03    0.1210143E-02    0.1175034E-02   -0.1391518E-03    0.4496589E-04    0.5643883E-04   -0.6724299E-04   -0.3231167E-03    0.2677187E-05    0.5814141E-05    0.1805443E-06    0.3025899E-04   -0.1604121E-05   -0.4410158E-06    0.8371271E-05    0.5871902E-05    0.2350365E-04   -0.4858958E-08    0.6810981E-05   -0.1960088E-04   -0.3472504E-07   -0.1334044E-07
   -0.7430770E-07   -0.4449729E-06    0.1116923E-06   -0.3359905E-04   -0.1508152E-03   -0.1163711E-03   -0.6478325E-04   -0.8596627E-05    0.1297634E-05    0.1013866E-05    0.2483544E-03    0.3722943E-03   -0.1663566E-02    0.6522905E-02    0.1026370E-01    0.4663827E-02   -0.5621453E-03   -0.1161145E-02   -0.2145943E-02   -0.3298749E-03    0.9869387E-03    0.1990236E-05   -0.1513068E-05    0.1668616E-04   -0.1604121E-05    0.3829059E-03    0.5565736E-04    0.3266622E-04    0.1206331E-04    0.1310838E-03   -0.1263084E-06    0.3528660E-04    0.5225723E-04    0.1779847E-06    0.8251370E-06
   -0.7921055E-06   -0.2759837E-05    0.1431876E-06   -0.2972171E-04    0.1801260E-03   -0.3579991E-03   -0.8105934E-04   -0.1849297E-04   -0.5429240E-05   -0.9416946E-02    0.2494994E-03   -0.1221643E-02   -0.2696118E-02    0.8709833E-02    0.1191021E-01    0.1679792E-01   -0.1359230E-02   -0.1911124E-02   -0.1152647E-03   -0.1999583E-02    0.2103503E-02    0.1180658E-04   -0.1801354E-05   -0.6016152E-06   -0.4410158E-06    0.5565736E-04    0.3216878E-02    0.2037809E-03    0.6285236E-04    0.4154832E-03   -0.2103704E-04    0.1363335E-03    0.1063075E-03   -0.5012973E-06   -0.1499089E-05
   -0.4924417E-06    0.3938682E-05   -0.6900452E-07   -0.8010624E-04   -0.2282569E-03   -0.2853449E-03   -0.1440134E-03   -0.3152987E-04    0.1049937E-05   -0.6031994E-02    0.1377813E-02   -0.1401395E-02    0.3570807E-01   -0.4337945E-02    0.2282865E-01    0.6175032E-02    0.7230537E-02   -0.6918343E-02    0.2396762E-02   -0.2159309E-02   -0.4531596E-02   -0.1272310E-04   -0.1024938E-05   -0.8759037E-05    0.8371271E-05    0.3266622E-04    0.2037809E-03    0.5741515E-02    0.1893186E-02    0.1532654E-02   -0.6409612E-03    0.5097974E-04   -0.6730008E-04    0.1434663E-05    0.2900126E-06
   -0.1814591E-06    0.3670923E-05   -0.2371372E-06   -0.2812590E-04   -0.1018446E-03   -0.2617356E-05   -0.4408260E-04   -0.7392220E-05    0.8306182E-06   -0.4824047E-03    0.3312858E-03   -0.5893811E-03    0.1950403E-02    0.3772940E-04    0.4590772E-02    0.1710494E-02    0.2037542E-02   -0.1516882E-02    0.3103677E-03   -0.6761429E-03   -0.2125031E-02   -0.6100203E-05    0.5349551E-06    0.1218258E-05    0.5871902E-05    0.1206331E-04    0.6285236E-04    0.1893186E-02    0.1251069E-02    0.6944977E-03    0.2159110E-03    0.5538054E-04   -0.2973821E-03   -0.4721991E-06    0.1124468E-06
   -0.4935711E-06   -0.2299083E-04    0.2467002E-05   -0.1245974E-03   -0.5652478E-03   -0.1376837E-02   -0.2987143E-03   -0.4400411E-04    0.1733763E-05    0.2124847E-02    0.9216611E-03    0.1184370E-01   -0.1337344E+00   -0.6180824E-02    0.6062123E-01    0.3527833E-01   -0.1385068E-01   -0.1000877E-01    0.3053745E-02   -0.2001000E-01   -0.4580581E-01    0.2382559E-04    0.1054466E-04   -0.2302395E-04    0.2350365E-04    0.1310838E-03    0.4154832E-03    0.1532654E-02    0.6944977E-03    0.3125405E-01   -0.5557361E-03    0.1543562E-02    0.9137571E-02   -0.3447105E-05   -0.5520007E-05
   -0.5272842E-06    0.1170198E-05   -0.2814294E-06   -0.1565209E-05    0.7433586E-04   -0.7359475E-04    0.2648797E-05   -0.3714222E-05    0.2826360E-05   -0.2857550E-02   -0.1454952E-03    0.1073414E-02    0.6711307E-02    0.9814172E-03   -0.3056468E-02    0.7726747E-02   -0.9870636E-03    0.5462762E-03   -0.7093840E-03    0.2642030E-02    0.4429198E-02   -0.1390098E-04   -0.1607201E-05   -0.8780791E-05   -0.4858958E-08   -0.1263084E-06   -0.2103704E-04   -0.6409612E-03    0.2159110E-03   -0.5557361E-03    0.1392324E-02    0.1849627E-03   -0.2539316E-03    0.6372573E-06   -0.2611226E-06
   -0.8789476E-06   -0.3550026E-05   -0.2366416E-06   -0.1393161E-04    0.3284457E-03   -0.5488887E-03   -0.4558649E-04   -0.3007911E-04   -0.2133502E-05    0.1586433E-01    0.4271572E-03    0.2920373E-02   -0.9975541E-02    0.1252459E-01    0.2811024E-01   -0.6475885E-02   -0.4561226E-02   -0.8644807E-03   -0.4035660E-02   -0.8396130E-02   -0.2112941E-01   -0.2170565E-04   -0.8778710E-07   -0.2794748E-04    0.6810981E-05    0.3528660E-04    0.1363335E-03    0.5097974E-04    0.5538054E-04    0.1543562E-02    0.1849627E-03    0.4869486E-02    0.3835683E-02    0.1873396E-05    0.9491414E-06
   -0.3018358E-05   -0.7525808E-05   -0.1847114E-06   -0.7187688E-04   -0.2376843E-03   -0.1278696E-02   -0.1667813E-03   -0.8608934E-04    0.9528571E-06    0.7258318E-02    0.5224442E-03   -0.8029870E-02    0.5556656E-01    0.4964042E-02    0.3540073E-02   -0.1797485E-01    0.7290689E-02   -0.3467176E-02   -0.1313140E-02   -0.2444397E-02    0.1032350E-01   -0.2027017E-05    0.4205689E-05    0.5225296E-05   -0.1960088E-04    0.5225723E-04    0.1063075E-03   -0.6730008E-04   -0.2973821E-03    0.9137571E-02   -0.2539316E-03    0.3835683E-02    0.3390517E-01   -0.2047089E-06    0.3163794E-05
   -0.5353031E-08   -0.5167856E-07    0.9894550E-08   -0.5719779E-06   -0.7968505E-06   -0.6978935E-05   -0.1134314E-05   -0.3832230E-06   -0.3997260E-07   -0.8437729E-04    0.4870002E-05    0.2194951E-03    0.4121325E-02    0.1112366E-03    0.7572481E-03    0.4776711E-03   -0.2235567E-03    0.3845448E-03   -0.4413486E-03   -0.1517056E-03   -0.1888777E-03    0.2101488E-07   -0.2704734E-08   -0.2914093E-06   -0.3472504E-07    0.1779847E-06   -0.5012973E-06    0.1434663E-05   -0.4721991E-06   -0.3447105E-05    0.6372573E-06    0.1873396E-05   -0.2047089E-06    0.5189147E-06   -0.8468264E-08
    0.1493655E-07    0.3679571E-06   -0.2003111E-07   -0.4732228E-06   -0.3314237E-05    0.2340628E-04   -0.2112281E-06    0.4030816E-06   -0.8546867E-07    0.4400022E-02   -0.1331583E-04   -0.3921301E-03    0.4713522E-02    0.6541310E-03   -0.2380812E-02   -0.7775175E-02    0.1696167E-03   -0.9336124E-04   -0.2309067E-03    0.2560620E-02    0.4702175E-02   -0.1489127E-06    0.7932339E-07    0.7583221E-06   -0.1334044E-07    0.8251370E-06   -0.1499089E-05    0.2900126E-06    0.1124468E-06   -0.5520007E-05   -0.2611226E-06    0.9491414E-06    0.3163794E-05   -0.8468264E-08    0.2121618E-05
