# omegabh2 omegach2 theta tau w wa logA ns calPlanck alpha_JLA beta_JLA acib217 xi asz143 aps100 aps143 aps143217 aps217 aksz kgal100 kgal143 kgal143217 kgal217 galfEE100 galfEE100143 galfEE100217 galfEE143 galfEE143217 galfEE217 galfTE100 galfTE100143 galfTE100217 galfTE143 galfTE143217 galfTE217 cal0 cal2
    0.2356501E-07   -0.1245650E-06    0.1909453E-07    0.9677589E-06   -0.1292456E-05    0.1492596E-04    0.1734250E-05    0.3233762E-06    0.3663673E-08    0.2134924E-07   -0.1932391E-06   -0.1046462E-03    0.2049416E-05    0.2677391E-04   -0.4390351E-03   -0.2455228E-03   -0.4741655E-04    0.3100894E-04   -0.4646769E-04   -0.7221248E-05   -0.7867469E-05   -0.2266628E-04   -0.7020831E-05    0.8963809E-07    0.3232715E-07   -0.7721177E-08    0.2985863E-07   -0.3735519E-09    0.4402853E-07   -0.5775676E-06   -0.2329700E-06   -0.2012559E-06   -0.9202801E-07   -0.2996482E-06   -0.1228519E-05    0.6583935E-08   -0.1136759E-07
   -0.1245650E-06    0.1951891E-05   -0.1618529E-06   -0.1089577E-04    0.2326679E-04   -0.2300176E-03   -0.1720845E-04   -0.4805644E-05   -0.9182027E-07   -0.1049159E-06    0.1934029E-06    0.2780044E-03   -0.7097312E-05   -0.1202119E-03    0.2118694E-02    0.1315799E-02    0.5642767E-03    0.3820015E-03    0.1470069E-03   -0.2085145E-04    0.5663948E-05    0.9608542E-04    0.1365993E-03   -0.1123585E-05   -0.4307641E-06    0.1710612E-06   -0.3920081E-06    0.2675995E-07   -0.2415798E-06    0.3694798E-05    0.1843417E-05   -0.1323493E-05    0.2500154E-06    0.2030559E-05    0.7678562E-05   -0.1302713E-07    0.5729429E-07
    0.1909453E-07   -0.1618529E-06    0.9780024E-07    0.1168174E-05   -0.2214631E-05    0.2404619E-04    0.2039133E-05    0.5306394E-06   -0.1962616E-08    0.2362635E-07   -0.3691375E-06   -0.3527549E-04    0.9877698E-06    0.1501918E-04   -0.2845423E-03   -0.1029816E-03   -0.3748099E-05   -0.1977480E-05   -0.3291087E-04   -0.1837116E-06   -0.1402047E-05   -0.9093024E-05   -0.1336969E-04    0.1044083E-06    0.3213515E-07    0.1129265E-07    0.2656739E-07   -0.1076279E-06    0.1589871E-07   -0.4323517E-06   -0.2150693E-06    0.2238549E-06   -0.1872177E-06   -0.2747668E-06   -0.1201446E-05    0.1014254E-08   -0.2239879E-08
    0.9677589E-06   -0.1089577E-04    0.1168174E-05    0.3004736E-03   -0.1915421E-03    0.1608806E-02    0.5718357E-03    0.3701435E-04   -0.1454371E-05    0.1702374E-05   -0.2734844E-04   -0.1001154E-01    0.2055300E-03    0.2442965E-02   -0.5375084E-01   -0.1948033E-01   -0.2787535E-03    0.6619844E-02   -0.4987942E-02   -0.6058627E-03   -0.9712299E-03   -0.2893977E-02   -0.2187496E-02    0.5574511E-05    0.1779649E-05    0.3108803E-05    0.1172418E-05   -0.3668768E-06    0.7009753E-05   -0.2976850E-04   -0.1331033E-04    0.3391093E-04   -0.7990067E-05   -0.1340924E-04   -0.9947040E-05    0.1228730E-06   -0.1330065E-05
   -0.1292456E-05    0.2326679E-04   -0.2214631E-05   -0.1915421E-03    0.1125174E-01   -0.3735498E-01   -0.3488413E-03   -0.5128704E-04   -0.1451588E-04   -0.4859766E-04   -0.7947943E-03   -0.1288956E-01    0.4106312E-03   -0.4534956E-03   -0.3960022E-01   -0.2358605E-02    0.1272548E-01    0.1422444E-01    0.9207449E-03    0.2236024E-02    0.7624097E-03   -0.1334706E-02    0.1219519E-02   -0.1529278E-04   -0.8766805E-05   -0.9457985E-05   -0.7276934E-05    0.7329325E-05   -0.3128319E-04    0.1085883E-03    0.5708780E-04    0.4872912E-04    0.3251487E-04    0.8881802E-04    0.1174059E-03    0.2887987E-06   -0.2837307E-06
    0.1492596E-04   -0.2300176E-03    0.2404619E-04    0.1608806E-02   -0.3735498E-01    0.1520301E+00    0.2743709E-02    0.5610475E-03    0.5074978E-04    0.1346437E-03    0.2069938E-02    0.8110266E-02   -0.3153281E-03    0.1323042E-01   -0.8325571E-01   -0.1100610E+00   -0.7279408E-01   -0.5315247E-01   -0.1847286E-01   -0.4628299E-02   -0.2685553E-02   -0.1085392E-02   -0.1591369E-01    0.1113214E-03    0.6286170E-04    0.5141064E-04    0.6224694E-04   -0.5425281E-04    0.1310286E-03   -0.6420315E-03   -0.3033877E-03    0.2659283E-03   -0.1495585E-03   -0.6928701E-03   -0.1037561E-02    0.1456298E-05   -0.2853782E-05
    0.1734250E-05   -0.1720845E-04    0.2039133E-05    0.5718357E-03   -0.3488413E-03    0.2743709E-02    0.1126852E-02    0.6070177E-04    0.1015656E-04    0.3698193E-05   -0.5660614E-04   -0.2035039E-01    0.4701783E-03    0.4687587E-02   -0.9895615E-01   -0.3435942E-01    0.4539006E-02    0.2149877E-01   -0.1053094E-01   -0.1469834E-02   -0.2468579E-02   -0.5837780E-02   -0.1840549E-02    0.1076660E-04    0.2576848E-05    0.7339896E-05    0.2444797E-05   -0.4637541E-06    0.1315714E-04   -0.5370252E-04   -0.2597442E-04    0.4814613E-04   -0.1699683E-04   -0.1821562E-04    0.8089501E-06    0.4853934E-06   -0.2634636E-05
    0.3233762E-06   -0.4805644E-05    0.5306394E-06    0.3701435E-04   -0.5128704E-04    0.5610475E-03    0.6070177E-04    0.2192774E-04    0.1512377E-06    0.1656755E-06   -0.5076390E-05   -0.4871421E-02    0.1208659E-03    0.1113081E-02   -0.2596498E-01   -0.7443210E-02    0.1847831E-02    0.5012385E-02   -0.2610679E-02    0.2226810E-03   -0.2422045E-03   -0.8727925E-03   -0.4454861E-04    0.4974886E-05    0.2125415E-05   -0.8465209E-08    0.2027361E-05    0.3966726E-06    0.3244566E-05   -0.3629759E-05   -0.2300518E-05    0.8811584E-05    0.7015864E-06   -0.4908602E-05   -0.2039271E-04   -0.1521161E-06   -0.5040120E-06
    0.3663673E-08   -0.9182027E-07   -0.1962616E-08   -0.1454371E-05   -0.1451588E-04    0.5074978E-04    0.1015656E-04    0.1512377E-06    0.6514228E-05    0.2578738E-06   -0.1397257E-05    0.4215994E-03    0.8295964E-05    0.4969714E-05    0.3111640E-02    0.5310694E-03    0.6321865E-03    0.1851307E-02   -0.3473632E-04    0.2439716E-04    0.1729769E-05    0.7409156E-04    0.1020824E-02    0.1693953E-05    0.2398977E-06    0.5318947E-06    0.7229728E-06    0.4950072E-06    0.2994449E-06   -0.9810423E-07   -0.1258817E-05   -0.4760156E-05   -0.2747142E-06    0.1302255E-05    0.1684107E-05    0.1299038E-07   -0.1768603E-07
    0.2134924E-07   -0.1049159E-06    0.2362635E-07    0.1702374E-05   -0.4859766E-04    0.1346437E-03    0.3698193E-05    0.1656755E-06    0.2578738E-06    0.4346463E-04   -0.2794014E-04    0.4510337E-04    0.9022684E-05   -0.2030449E-04   -0.1383644E-02   -0.1290335E-04    0.5303717E-04   -0.3445863E-03   -0.6056738E-04    0.4374437E-05    0.4299968E-04    0.1285362E-03    0.3892821E-03    0.1721611E-06   -0.1233281E-06   -0.1281846E-05   -0.2307455E-06   -0.1988020E-05    0.1437746E-05    0.8013326E-06   -0.8390096E-06    0.2204698E-04   -0.7594981E-06    0.1887243E-05    0.8143343E-05   -0.4669797E-07    0.1303373E-07
   -0.1932391E-06    0.1934029E-06   -0.3691375E-06   -0.2734844E-04   -0.7947943E-03    0.2069938E-02   -0.5660614E-04   -0.5076390E-05   -0.1397257E-05   -0.2794014E-04    0.6632184E-02    0.1287741E-02    0.2591499E-03    0.9103862E-04    0.2037384E-01    0.7494893E-02    0.5299927E-02   -0.2905681E-02    0.2245719E-02   -0.2806453E-02   -0.5902124E-03    0.1520404E-02    0.6799592E-03    0.1513037E-04   -0.3880828E-06   -0.7103414E-05   -0.4855187E-05   -0.1330613E-05    0.5298305E-04   -0.5054752E-04   -0.2852144E-04   -0.1154908E-03    0.4336396E-05    0.1384608E-03    0.1153659E-03    0.2010408E-07    0.8852438E-06
   -0.1046462E-03    0.2780044E-03   -0.3527549E-04   -0.1001154E-01   -0.1288956E-01    0.8110266E-02   -0.2035039E-01   -0.4871421E-02    0.4215994E-03    0.4510337E-04    0.1287741E-02    0.4706063E+02   -0.5138159E+00   -0.1260223E+01    0.4112916E+02   -0.8952644E+00   -0.2160572E+02   -0.6467788E+02    0.6590468E-01   -0.1867676E+00    0.4658060E+00   -0.2875724E+01   -0.2409219E+02    0.2057925E-03   -0.2040077E-03    0.8498444E-03   -0.3427635E-03    0.2781470E-03   -0.1318870E-02   -0.1268736E-02    0.6377904E-03    0.1081077E-01    0.4762353E-02   -0.4058740E-02    0.9201477E-02   -0.1139987E-03    0.4213891E-02
    0.2049416E-05   -0.7097312E-05    0.9877698E-06    0.2055300E-03    0.4106312E-03   -0.3153281E-03    0.4701783E-03    0.1208659E-03    0.8295964E-05    0.9022684E-05    0.2591499E-03   -0.5138159E+00    0.8144317E-01   -0.6470614E-01   -0.5251340E+00    0.9508681E+00    0.1805742E+01    0.7856997E+00    0.6674766E-01   -0.8782040E-02    0.2590892E-02    0.1037596E+00    0.1430834E+00    0.2490090E-04    0.1634646E-04   -0.4921911E-04    0.2239830E-04    0.2941273E-04    0.1611771E-03   -0.1109915E-03   -0.1652888E-04    0.1393134E-03   -0.1059998E-03   -0.5487568E-05   -0.2600375E-04    0.5835167E-05   -0.1758781E-04
    0.2677391E-04   -0.1202119E-03    0.1501918E-04    0.2442965E-02   -0.4534956E-03    0.1323042E-01    0.4687587E-02    0.1113081E-02    0.4969714E-05   -0.2030449E-04    0.9103862E-04   -0.1260223E+01   -0.6470614E-01    0.3594951E+01   -0.2784183E+02   -0.3408068E+01    0.7476104E+01    0.6133890E+01   -0.2547866E+01   -0.2268506E+00    0.8688779E-02    0.2257929E+01    0.1735900E+01    0.1541838E-03    0.1254389E-04    0.8028953E-04    0.1832685E-03    0.3471164E-03   -0.6616632E-03   -0.1507263E-02   -0.4260064E-03    0.5485905E-02   -0.7402734E-03   -0.6540650E-03    0.3211761E-02    0.2012998E-03   -0.3454875E-03
   -0.4390351E-03    0.2118694E-02   -0.2845423E-03   -0.5375084E-01   -0.3960022E-01   -0.8325571E-01   -0.9895615E-01   -0.2596498E-01    0.3111640E-02   -0.1383644E-02    0.2037384E-01    0.4112916E+02   -0.5251340E+00   -0.2784183E+02    0.7090217E+03    0.6463914E+02   -0.5880737E+02   -0.6835806E+02    0.1251453E+02   -0.2382674E-01    0.4385816E+00   -0.1167998E+02   -0.1780351E+02   -0.9207562E-03   -0.2024605E-02    0.2120838E-02   -0.2620268E-02   -0.1159904E-01   -0.1808045E-01    0.4836721E-01    0.4612965E-02   -0.2755259E-01    0.6551286E-02    0.1146443E-01   -0.9797870E-03    0.4332661E-02    0.4326625E-02
   -0.2455228E-03    0.1315799E-02   -0.1029816E-03   -0.1948033E-01   -0.2358605E-02   -0.1100610E+00   -0.3435942E-01   -0.7443210E-02    0.5310694E-03   -0.1290335E-04    0.7494893E-02   -0.8952644E+00    0.9508681E+00   -0.3408068E+01    0.6463914E+02    0.5607078E+02    0.4095686E+02    0.1826917E+02   -0.4306791E+01   -0.3141189E+00   -0.8901553E+00    0.4287630E+01    0.5603102E+01   -0.1030364E-02   -0.6941692E-03   -0.1675875E-03   -0.3012506E-03   -0.1961922E-02   -0.5742896E-03   -0.2405566E-02    0.7832236E-03    0.8441254E-02    0.2145193E-02    0.5559893E-02    0.3453977E-01    0.1543487E-03    0.2620022E-03
   -0.4741655E-04    0.5642767E-03   -0.3748099E-05   -0.2787535E-03    0.1272548E-01   -0.7279408E-01    0.4539006E-02    0.1847831E-02    0.6321865E-03    0.5303717E-04    0.5299927E-02   -0.2160572E+02    0.1805742E+01    0.7476104E+01   -0.5880737E+02    0.4095686E+02    0.9231423E+02    0.6530419E+02   -0.1126880E+02   -0.7748314E+00   -0.5770322E+00    0.4767379E+01    0.7120903E+01    0.2154488E-03   -0.1782012E-03   -0.1258394E-02    0.6378747E-03   -0.3468139E-03    0.9806203E-03   -0.7504337E-02   -0.1706145E-02    0.2604732E-01   -0.3231497E-02   -0.9117936E-03    0.1814668E-01    0.7255564E-03   -0.2355545E-02
    0.3100894E-04    0.3820015E-03   -0.1977480E-05    0.6619844E-02    0.1422444E-01   -0.5315247E-01    0.2149877E-01    0.5012385E-02    0.1851307E-02   -0.3445863E-03   -0.2905681E-02   -0.6467788E+02    0.7856997E+00    0.6133890E+01   -0.6835806E+02    0.1826917E+02    0.6530419E+02    0.1233388E+03   -0.9448293E+01   -0.2302583E+00   -0.8344253E+00    0.8867063E+00    0.2223218E+02   -0.1588278E-03   -0.1556336E-03   -0.1732335E-02    0.4822541E-03   -0.1075083E-02   -0.1515163E-02   -0.2575817E-02   -0.6823250E-03    0.3880468E-03   -0.5779948E-02    0.4018846E-02    0.5100220E-02    0.5168485E-03   -0.7311854E-02
   -0.4646769E-04    0.1470069E-03   -0.3291087E-04   -0.4987942E-02    0.9207449E-03   -0.1847286E-01   -0.1053094E-01   -0.2610679E-02   -0.3473632E-04   -0.6056738E-04    0.2245719E-02    0.6590468E-01    0.6674766E-01   -0.2547866E+01    0.1251453E+02   -0.4306791E+01   -0.1126880E+02   -0.9448293E+01    0.5758667E+01    0.1282900E+00   -0.3201191E-01   -0.1877891E+01   -0.1377217E+01   -0.3466162E-03   -0.1064618E-03    0.5372404E-04   -0.2033105E-03    0.2456218E-03    0.1375783E-02    0.9996611E-03   -0.4940138E-04   -0.6469267E-02   -0.5402047E-03   -0.9650524E-04   -0.6387030E-02   -0.1437439E-03    0.1422756E-03
   -0.7221248E-05   -0.2085145E-04   -0.1837116E-06   -0.6058627E-03    0.2236024E-02   -0.4628299E-02   -0.1469834E-02    0.2226810E-03    0.2439716E-04    0.4374437E-05   -0.2806453E-02   -0.1867676E+00   -0.8782040E-02   -0.2268506E+00   -0.2382674E-01   -0.3141189E+00   -0.7748314E+00   -0.2302583E+00    0.1282900E+00    0.3147813E+01    0.7975106E+00    0.3052876E+00    0.5682156E+00    0.2413635E-03    0.4428912E-04   -0.1911683E-03   -0.1492219E-03   -0.1168018E-03    0.1890797E-03   -0.3504599E-02   -0.1209304E-03   -0.3639325E-02   -0.8411736E-03   -0.1840796E-02   -0.1526087E-02    0.4315633E-03   -0.1865043E-05
   -0.7867469E-05    0.5663948E-05   -0.1402047E-05   -0.9712299E-03    0.7624097E-03   -0.2685553E-02   -0.2468579E-02   -0.2422045E-03    0.1729769E-05    0.4299968E-04   -0.5902124E-03    0.4658060E+00    0.2590892E-02    0.8688779E-02    0.4385816E+00   -0.8901553E+00   -0.5770322E+00   -0.8344253E+00   -0.3201191E-01    0.7975106E+00    0.3097373E+01    0.2326915E+01    0.1226799E+01   -0.2339418E-04   -0.5480040E-04   -0.7536106E-04   -0.1022079E-03   -0.1050817E-03   -0.3935872E-03    0.1312001E-02   -0.6342833E-03    0.2848899E-03   -0.1928350E-04   -0.2856202E-03   -0.3900561E-02   -0.4171249E-03   -0.2072032E-03
   -0.2266628E-04    0.9608542E-04   -0.9093024E-05   -0.2893977E-02   -0.1334706E-02   -0.1085392E-02   -0.5837780E-02   -0.8727925E-03    0.7409156E-04    0.1285362E-03    0.1520404E-02   -0.2875724E+01    0.1037596E+00    0.2257929E+01   -0.1167998E+02    0.4287630E+01    0.4767379E+01    0.8867063E+00   -0.1877891E+01    0.3052876E+00    0.2326915E+01    0.1747591E+02    0.2665116E+02   -0.2851796E-03   -0.1944616E-03   -0.1522428E-03    0.1342845E-03    0.7465381E-03   -0.4896005E-03    0.1208892E-02    0.1664928E-03   -0.4641762E-02   -0.5057408E-03    0.3558353E-02    0.2160335E-02   -0.7231993E-04    0.2464282E-02
   -0.7020831E-05    0.1365993E-03   -0.1336969E-04   -0.2187496E-02    0.1219519E-02   -0.1591369E-01   -0.1840549E-02   -0.4454861E-04    0.1020824E-02    0.3892821E-03    0.6799592E-03   -0.2409219E+02    0.1430834E+00    0.1735900E+01   -0.1780351E+02    0.5603102E+01    0.7120903E+01    0.2223218E+02   -0.1377217E+01    0.5682156E+00    0.1226799E+01    0.2665116E+02    0.6052232E+02   -0.1449204E-03   -0.1067203E-03   -0.5488181E-03    0.4258654E-03    0.1332856E-02    0.2668800E-02    0.5198252E-02    0.5712616E-04   -0.8540347E-02   -0.2442659E-02    0.7723664E-02   -0.1205331E-01   -0.4853402E-04    0.4437166E-02
    0.8963809E-07   -0.1123585E-05    0.1044083E-06    0.5574511E-05   -0.1529278E-04    0.1113214E-03    0.1076660E-04    0.4974886E-05    0.1693953E-05    0.1721611E-06    0.1513037E-04    0.2057925E-03    0.2490090E-04    0.1541838E-03   -0.9207562E-03   -0.1030364E-02    0.2154488E-03   -0.1588278E-03   -0.3466162E-03    0.2413635E-03   -0.2339418E-04   -0.2851796E-03   -0.1449204E-03    0.1243995E-03    0.1058023E-04    0.2119010E-05    0.2452967E-05    0.1687701E-05   -0.3313628E-06   -0.1161012E-04   -0.2449448E-05    0.1146804E-04    0.3662908E-05    0.7006329E-05    0.2005679E-04   -0.2331194E-07    0.7356700E-07
    0.3232715E-07   -0.4307641E-06    0.3213515E-07    0.1779649E-05   -0.8766805E-05    0.6286170E-04    0.2576848E-05    0.2125415E-05    0.2398977E-06   -0.1233281E-06   -0.3880828E-06   -0.2040077E-03    0.1634646E-04    0.1254389E-04   -0.2024605E-02   -0.6941692E-03   -0.1782012E-03   -0.1556336E-03   -0.1064618E-03    0.4428912E-04   -0.5480040E-04   -0.1944616E-03   -0.1067203E-03    0.1058023E-04    0.1379258E-04   -0.3675900E-06    0.6293263E-05   -0.3719487E-06    0.3738437E-06   -0.5861894E-05   -0.1841948E-05   -0.3823595E-05    0.2073218E-05    0.2834328E-05   -0.3979702E-06   -0.3848635E-07   -0.2082469E-07
   -0.7721177E-08    0.1710612E-06    0.1129265E-07    0.3108803E-05   -0.9457985E-05    0.5141064E-04    0.7339896E-05   -0.8465209E-08    0.5318947E-06   -0.1281846E-05   -0.7103414E-05    0.8498444E-03   -0.4921911E-04    0.8028953E-04    0.2120838E-02   -0.1675875E-03   -0.1258394E-02   -0.1732335E-02    0.5372404E-04   -0.1911683E-03   -0.7536106E-04   -0.1522428E-03   -0.5488181E-03    0.2119010E-05   -0.3675900E-06    0.2217506E-03    0.3653366E-07   -0.7611110E-06   -0.2413200E-07    0.3275986E-05    0.4798869E-05   -0.3672152E-04    0.8810524E-05    0.4340074E-05    0.3919127E-04   -0.1044596E-06   -0.4443847E-08
    0.2985863E-07   -0.3920081E-06    0.2656739E-07    0.1172418E-05   -0.7276934E-05    0.6224694E-04    0.2444797E-05    0.2027361E-05    0.7229728E-06   -0.2307455E-06   -0.4855187E-05   -0.3427635E-03    0.2239830E-04    0.1832685E-03   -0.2620268E-02   -0.3012506E-03    0.6378747E-03    0.4822541E-03   -0.2033105E-03   -0.1492219E-03   -0.1022079E-03    0.1342845E-03    0.4258654E-03    0.2452967E-05    0.6293263E-05    0.3653366E-07    0.3023294E-04   -0.7234934E-06   -0.9639960E-07    0.7343160E-06    0.1357210E-06    0.9459728E-05    0.9094150E-07   -0.1836448E-05    0.1574656E-04   -0.4380892E-07   -0.2113259E-07
   -0.3735519E-09    0.2675995E-07   -0.1076279E-06   -0.3668768E-06    0.7329325E-05   -0.5425281E-04   -0.4637541E-06    0.3966726E-06    0.4950072E-06   -0.1988020E-05   -0.1330613E-05    0.2781470E-03    0.2941273E-04    0.3471164E-03   -0.1159904E-01   -0.1961922E-02   -0.3468139E-03   -0.1075083E-02    0.2456218E-03   -0.1168018E-03   -0.1050817E-03    0.7465381E-03    0.1332856E-02    0.1687701E-05   -0.3719487E-06   -0.7611110E-06   -0.7234934E-06    0.4005617E-03   -0.4833240E-05    0.2648025E-06   -0.8070900E-05   -0.7481496E-05    0.3108678E-05   -0.2007662E-05   -0.3556350E-04    0.1079792E-06    0.2527282E-06
    0.4402853E-07   -0.2415798E-06    0.1589871E-07    0.7009753E-05   -0.3128319E-04    0.1310286E-03    0.1315714E-04    0.3244566E-05    0.2994449E-06    0.1437746E-05    0.5298305E-04   -0.1318870E-02    0.1611771E-03   -0.6616632E-03   -0.1808045E-01   -0.5742896E-03    0.9806203E-03   -0.1515163E-02    0.1375783E-02    0.1890797E-03   -0.3935872E-03   -0.4896005E-03    0.2668800E-02   -0.3313628E-06    0.3738437E-06   -0.2413200E-07   -0.9639960E-07   -0.4833240E-05    0.3427144E-02    0.2289303E-04    0.4898014E-05   -0.7456046E-05   -0.1603078E-04   -0.1954895E-04   -0.1558349E-04   -0.1365553E-06    0.7235421E-06
   -0.5775676E-06    0.3694798E-05   -0.4323517E-06   -0.2976850E-04    0.1085883E-03   -0.6420315E-03   -0.5370252E-04   -0.3629759E-05   -0.9810423E-07    0.8013326E-06   -0.5054752E-04   -0.1268736E-02   -0.1109915E-03   -0.1507263E-02    0.4836721E-01   -0.2405566E-02   -0.7504337E-02   -0.2575817E-02    0.9996611E-03   -0.3504599E-02    0.1312001E-02    0.1208892E-02    0.5198252E-02   -0.1161012E-04   -0.5861894E-05    0.3275986E-05    0.7343160E-06    0.2648025E-06    0.2289303E-04    0.5820026E-02    0.1821955E-02    0.1796628E-02   -0.6684737E-03   -0.5202207E-04    0.5841701E-04    0.2358938E-05    0.2549164E-06
   -0.2329700E-06    0.1843417E-05   -0.2150693E-06   -0.1331033E-04    0.5708780E-04   -0.3033877E-03   -0.2597442E-04   -0.2300518E-05   -0.1258817E-05   -0.8390096E-06   -0.2852144E-04    0.6377904E-03   -0.1652888E-04   -0.4260064E-03    0.4612965E-02    0.7832236E-03   -0.1706145E-02   -0.6823250E-03   -0.4940138E-04   -0.1209304E-03   -0.6342833E-03    0.1664928E-03    0.5712616E-04   -0.2449448E-05   -0.1841948E-05    0.4798869E-05    0.1357210E-06   -0.8070900E-05    0.4898014E-05    0.1821955E-02    0.1213205E-02    0.7950805E-03    0.2101485E-03    0.2992441E-04   -0.1610735E-03    0.1123631E-06    0.4600167E-07
   -0.2012559E-06   -0.1323493E-05    0.2238549E-06    0.3391093E-04    0.4872912E-04    0.2659283E-03    0.4814613E-04    0.8811584E-05   -0.4760156E-05    0.2204698E-04   -0.1154908E-03    0.1081077E-01    0.1393134E-03    0.5485905E-02   -0.2755259E-01    0.8441254E-02    0.2604732E-01    0.3880468E-03   -0.6469267E-02   -0.3639325E-02    0.2848899E-03   -0.4641762E-02   -0.8540347E-02    0.1146804E-04   -0.3823595E-05   -0.3672152E-04    0.9459728E-05   -0.7481496E-05   -0.7456046E-05    0.1796628E-02    0.7950805E-03    0.3284262E-01   -0.6632754E-03    0.1561307E-02    0.1085783E-01   -0.2286020E-05    0.1223653E-05
   -0.9202801E-07    0.2500154E-06   -0.1872177E-06   -0.7990067E-05    0.3251487E-04   -0.1495585E-03   -0.1699683E-04    0.7015864E-06   -0.2747142E-06   -0.7594981E-06    0.4336396E-05    0.4762353E-02   -0.1059998E-03   -0.7402734E-03    0.6551286E-02    0.2145193E-02   -0.3231497E-02   -0.5779948E-02   -0.5402047E-03   -0.8411736E-03   -0.1928350E-04   -0.5057408E-03   -0.2442659E-02    0.3662908E-05    0.2073218E-05    0.8810524E-05    0.9094150E-07    0.3108678E-05   -0.1603078E-04   -0.6684737E-03    0.2101485E-03   -0.6632754E-03    0.1398081E-02    0.1618133E-03   -0.4289297E-03   -0.3292020E-06    0.5423531E-06
   -0.2996482E-06    0.2030559E-05   -0.2747668E-06   -0.1340924E-04    0.8881802E-04   -0.6928701E-03   -0.1821562E-04   -0.4908602E-05    0.1302255E-05    0.1887243E-05    0.1384608E-03   -0.4058740E-02   -0.5487568E-05   -0.6540650E-03    0.1146443E-01    0.5559893E-02   -0.9117936E-03    0.4018846E-02   -0.9650524E-04   -0.1840796E-02   -0.2856202E-03    0.3558353E-02    0.7723664E-02    0.7006329E-05    0.2834328E-05    0.4340074E-05   -0.1836448E-05   -0.2007662E-05   -0.1954895E-04   -0.5202207E-04    0.2992441E-04    0.1561307E-02    0.1618133E-03    0.5217342E-02    0.4209780E-02   -0.1243701E-07    0.8489509E-06
   -0.1228519E-05    0.7678562E-05   -0.1201446E-05   -0.9947040E-05    0.1174059E-03   -0.1037561E-02    0.8089501E-06   -0.2039271E-04    0.1684107E-05    0.8143343E-05    0.1153659E-03    0.9201477E-02   -0.2600375E-04    0.3211761E-02   -0.9797870E-03    0.3453977E-01    0.1814668E-01    0.5100220E-02   -0.6387030E-02   -0.1526087E-02   -0.3900561E-02    0.2160335E-02   -0.1205331E-01    0.2005679E-04   -0.3979702E-06    0.3919127E-04    0.1574656E-04   -0.3556350E-04   -0.1558349E-04    0.5841701E-04   -0.1610735E-03    0.1085783E-01   -0.4289297E-03    0.4209780E-02    0.3620320E-01   -0.1787842E-06   -0.2646066E-05
    0.6583935E-08   -0.1302713E-07    0.1014254E-08    0.1228730E-06    0.2887987E-06    0.1456298E-05    0.4853934E-06   -0.1521161E-06    0.1299038E-07   -0.4669797E-07    0.2010408E-07   -0.1139987E-03    0.5835167E-05    0.2012998E-03    0.4332661E-02    0.1543487E-03    0.7255564E-03    0.5168485E-03   -0.1437439E-03    0.4315633E-03   -0.4171249E-03   -0.7231993E-04   -0.4853402E-04   -0.2331194E-07   -0.3848635E-07   -0.1044596E-06   -0.4380892E-07    0.1079792E-06   -0.1365553E-06    0.2358938E-05    0.1123631E-06   -0.2286020E-05   -0.3292020E-06   -0.1243701E-07   -0.1787842E-06    0.5284209E-06    0.2527973E-07
   -0.1136759E-07    0.5729429E-07   -0.2239879E-08   -0.1330065E-05   -0.2837307E-06   -0.2853782E-05   -0.2634636E-05   -0.5040120E-06   -0.1768603E-07    0.1303373E-07    0.8852438E-06    0.4213891E-02   -0.1758781E-04   -0.3454875E-03    0.4326625E-02    0.2620022E-03   -0.2355545E-02   -0.7311854E-02    0.1422756E-03   -0.1865043E-05   -0.2072032E-03    0.2464282E-02    0.4437166E-02    0.7356700E-07   -0.2082469E-07   -0.4443847E-08   -0.2113259E-07    0.2527282E-06    0.7235421E-06    0.2549164E-06    0.4600167E-07    0.1223653E-05    0.5423531E-06    0.8489509E-06   -0.2646066E-05    0.2527973E-07    0.2061162E-05
