# omegabh2 omegach2 theta tau mnu nnu logA ns acib217 acibsz143 asz143 aps100 aps143 aps143217 aps217 aksz kgal100 t1gal143 t1gal143217 t1gal217 galfEE100 galfEE100143 galfEE100217 galfEE143 galfEE143217 galfEE217 galfTE100 galfTE100143 galfTE100217 galfTE143 galfTE143217 galfTE217 calib_100T calib_217T
    0.4161419E-07    0.3162761E-06   -0.2740997E-07    0.7543992E-06    0.5953427E-05    0.2658379E-04    0.2227431E-05    0.1126086E-05    0.1299398E-03    0.4933491E-04    0.6464948E-05   -0.3741954E-03   -0.1375363E-03   -0.2195287E-03   -0.2448863E-03    0.1898163E-04    0.6924005E-03    0.4273178E-03    0.4446446E-03    0.4487697E-03    0.2260307E-06    0.1898846E-06    0.3093855E-06    0.2244993E-06    0.2305869E-06    0.2427174E-06   -0.1882321E-05   -0.2854884E-05   -0.3583620E-05   -0.4267488E-05   -0.5738388E-05   -0.9005348E-05   -0.3367362E-07   -0.8445845E-08
    0.3162761E-06    0.1024766E-04   -0.9155712E-06    0.1135107E-05    0.4035452E-04    0.5656994E-03    0.2399149E-04    0.1474575E-04    0.5573080E-02    0.2664229E-02    0.4071196E-03   -0.5619626E-03   -0.1570864E-02   -0.6407364E-02   -0.6701784E-02    0.1078503E-02    0.1186461E-01    0.1149594E-01    0.1224910E-01    0.1265212E-01    0.9735564E-06    0.7705703E-07   -0.2076660E-06    0.9203367E-06    0.3849932E-06   -0.1209463E-05    0.1882127E-05   -0.1656663E-06   -0.8498669E-05    0.2045992E-04    0.2410839E-04    0.2846199E-04   -0.3320764E-06   -0.2906327E-06
   -0.2740997E-07   -0.9155712E-06    0.1694183E-06   -0.3849126E-06   -0.5600925E-05   -0.5464699E-04   -0.2606524E-05   -0.1446848E-05   -0.4811199E-03   -0.2315987E-03   -0.1080987E-04   -0.3212220E-05    0.7555812E-04    0.5498107E-03    0.6120088E-03   -0.1092091E-03   -0.1157816E-02   -0.1188591E-02   -0.1212354E-02   -0.1246614E-02   -0.1996428E-06   -0.1341259E-06   -0.7545000E-07   -0.1942913E-06   -0.1105010E-06    0.8889708E-07   -0.5227833E-06   -0.3293094E-06    0.1271461E-05   -0.2030890E-05   -0.1923768E-05   -0.1758032E-05    0.2324776E-07    0.2094778E-07
    0.7543992E-06    0.1135107E-05   -0.3849126E-06    0.1676521E-03    0.2799534E-03    0.4061527E-03    0.3377881E-03    0.3125899E-04   -0.6005468E-02   -0.2440105E-02   -0.5876953E-03   -0.4639676E-02    0.4964539E-02    0.8077815E-02    0.9096054E-02   -0.1762854E-02   -0.3041623E-02   -0.6002554E-02   -0.3509314E-02   -0.4120409E-03    0.5754358E-05    0.6912125E-05    0.9240535E-05    0.7761790E-05    0.7252890E-05    0.8492650E-05   -0.8492996E-04   -0.5975733E-04   -0.5493149E-04   -0.9792537E-04   -0.1498786E-03   -0.2768426E-03    0.1111540E-06   -0.2613479E-06
    0.5953427E-05    0.4035452E-04   -0.5600925E-05    0.2799534E-03    0.6127634E-02    0.5226614E-02    0.5980686E-03    0.2620811E-03    0.4665881E-01    0.1319550E-01    0.3785681E-02   -0.1014813E+00   -0.3437666E-01   -0.6323851E-01   -0.9048889E-01    0.1097899E-01    0.1745151E+00    0.1802625E+00    0.1989513E+00    0.2031381E+00    0.7877143E-04    0.8215019E-04    0.1028037E-03    0.8514181E-04    0.7644881E-04    0.7071482E-04   -0.2500261E-03   -0.1989059E-03   -0.2477179E-03   -0.4973078E-03   -0.6144560E-03   -0.1035657E-02   -0.1088961E-05   -0.4154229E-05
    0.2658379E-04    0.5656994E-03   -0.5464699E-04    0.4061527E-03    0.5226614E-02    0.3674745E-01    0.1959476E-02    0.1198691E-02    0.3325704E+00    0.1566200E+00    0.2508177E-01   -0.1811400E+00   -0.1528389E+00   -0.4326371E+00   -0.4514392E+00    0.7261230E-01    0.7906378E+00    0.8046316E+00    0.8500681E+00    0.8689878E+00    0.1655844E-03    0.1278533E-03    0.1337658E-03    0.1723972E-03    0.1314410E-03    0.4413222E-04   -0.5531740E-03   -0.7370898E-03   -0.1430324E-02   -0.2600122E-03   -0.6706967E-03   -0.1669129E-02   -0.1481226E-04   -0.1660925E-04
    0.2227431E-05    0.2399149E-04   -0.2606524E-05    0.3377881E-03    0.5980686E-03    0.1959476E-02    0.7348749E-03    0.8995212E-04   -0.2562620E-02   -0.7969453E-03   -0.1068242E-02    0.3598495E-02    0.1611616E-01    0.1292452E-01    0.1326625E-01   -0.2664514E-02    0.8367413E-02   -0.9941597E-02   -0.2968209E-02    0.4607431E-02    0.9943375E-05    0.1029684E-04    0.1502372E-04    0.1333000E-04    0.1166271E-04    0.1141025E-04   -0.1663227E-03   -0.1164814E-03   -0.1164635E-03   -0.1506947E-03   -0.2431190E-03   -0.4758268E-03   -0.1654710E-05   -0.1210256E-05
    0.1126086E-05    0.1474575E-04   -0.1446848E-05    0.3125899E-04    0.2620811E-03    0.1198691E-02    0.8995212E-04    0.6003637E-04    0.1416966E-02    0.3333364E-03   -0.7684649E-03   -0.1390882E-01    0.1048047E-02   -0.1472627E-02   -0.1862573E-02    0.1085393E-03    0.2246587E-01    0.2142603E-01    0.2129024E-01    0.2164732E-01    0.1335179E-04    0.1292374E-04    0.1447914E-04    0.1353116E-04    0.1147389E-04    0.1044310E-04   -0.5147352E-04   -0.5422890E-04   -0.8199894E-04   -0.6377013E-04   -0.1116387E-03   -0.2086061E-03   -0.6834549E-07   -0.8782024E-07
    0.1299398E-03    0.5573080E-02   -0.4811199E-03   -0.6005468E-02    0.4665881E-01    0.3325704E+00   -0.2562620E-02    0.1416966E-02    0.6626873E+02    0.2584287E+02    0.9464953E+00    0.8533798E+01   -0.2495960E+02   -0.7149656E+02   -0.8560813E+02   -0.2359613E+01    0.3972835E+01   -0.4993233E+00   -0.5434784E+01   -0.9663041E+01    0.5339176E-03   -0.1242086E-02    0.3077925E-04    0.1145297E-02    0.9125957E-03    0.4218712E-02    0.9584527E-02    0.1764074E-01   -0.5262666E-02    0.3358049E-02   -0.3406449E-01   -0.1418907E+00    0.3487004E-03   -0.3077743E-02
    0.4933491E-04    0.2664229E-02   -0.2315987E-03   -0.2440105E-02    0.1319550E-01    0.1566200E+00   -0.7969453E-03    0.3333364E-03    0.2584287E+02    0.1930643E+02    0.2630443E+01   -0.1854667E+02   -0.2673459E+02   -0.4862850E+02   -0.2939424E+02   -0.1100074E+01   -0.1109398E+00   -0.2851955E+01   -0.9312004E+01   -0.9908806E+01    0.5480040E-03   -0.3118854E-05    0.6854443E-03    0.3783905E-03    0.2834763E-03    0.2203972E-02    0.1804420E-01    0.9692186E-02    0.1488814E-01   -0.5870758E-02    0.4469671E-02    0.1119153E-01    0.6466746E-04   -0.2677140E-03
    0.6464948E-05    0.4071196E-03   -0.1080987E-04   -0.5876953E-03    0.3785681E-02    0.2508177E-01   -0.1068242E-02   -0.7684649E-03    0.9464953E+00    0.2630443E+01    0.6518155E+01   -0.4640686E+02   -0.1947789E+02   -0.5636904E+01   -0.8907715E+00    0.1363538E+00   -0.3325753E+01   -0.2247802E+01    0.1593049E+01    0.2175869E+01   -0.3222483E-03    0.2799618E-03    0.4603732E-03    0.8848853E-04    0.1327086E-03    0.1611397E-04   -0.4803956E-02   -0.2651752E-02   -0.6201537E-02    0.6023192E-02    0.7251442E-02    0.1706428E-01   -0.2149635E-03    0.1782883E-03
   -0.3741954E-03   -0.5619626E-03   -0.3212220E-05   -0.4639676E-02   -0.1014813E+00   -0.1811400E+00    0.3598495E-02   -0.1390882E-01    0.8533798E+01   -0.1854667E+02   -0.4640686E+02    0.8124856E+03    0.1992815E+03    0.7858911E+02    0.1983214E+02   -0.1558296E+02   -0.4998392E+02   -0.5407264E+00   -0.9886486E+01   -0.7017342E+01   -0.5716008E-02   -0.1397129E-01   -0.2416201E-01   -0.1356222E-01   -0.1842602E-01   -0.2877201E-01    0.4267342E-01    0.9854542E-01    0.1522833E+00    0.1224318E+00    0.1524639E+00    0.1332338E+00    0.5472261E-04   -0.3527404E-02
   -0.1375363E-03   -0.1570864E-02    0.7555812E-04    0.4964539E-02   -0.3437666E-01   -0.1528389E+00    0.1611616E-01    0.1048047E-02   -0.2495960E+02   -0.2673459E+02   -0.1947789E+02    0.1992815E+03    0.1304106E+03    0.1019512E+03    0.5777894E+02   -0.1264476E+02   -0.2501858E+01   -0.1078080E+02   -0.6196437E+01   -0.4394043E+01   -0.2393983E-02   -0.3820410E-02   -0.4870422E-02   -0.3888113E-02   -0.4557017E-02   -0.2186669E-02   -0.1494350E-01    0.3054903E-01    0.3725413E-01    0.5509281E-01    0.4724471E-01    0.3089422E-01   -0.1382607E-03   -0.6326135E-03
   -0.2195287E-03   -0.6407364E-02    0.5498107E-03    0.8077815E-02   -0.6323851E-01   -0.4326371E+00    0.1292452E-01   -0.1472627E-02   -0.7149656E+02   -0.4862850E+02   -0.5636904E+01    0.7858911E+02    0.1019512E+03    0.1630345E+03    0.1190507E+03   -0.9977601E+01   -0.1244526E+02   -0.1558735E+02   -0.5151380E+01   -0.6447735E+01   -0.3252438E-02   -0.2023363E-02   -0.3517969E-02   -0.3530658E-02   -0.4198575E-02   -0.4644724E-02   -0.4695004E-01    0.1743248E-03    0.1182839E-01    0.5051841E-01    0.5051444E-01    0.7701552E-01   -0.9608242E-03    0.2197059E-02
   -0.2448863E-03   -0.6701784E-02    0.6120088E-03    0.9096054E-02   -0.9048889E-01   -0.4514392E+00    0.1326625E-01   -0.1862573E-02   -0.8560813E+02   -0.2939424E+02   -0.8907715E+00    0.1983214E+02    0.5777894E+02    0.1190507E+03    0.1518839E+03   -0.9628755E+01   -0.1555352E+02   -0.2145109E+02   -0.2631683E+02   -0.2821993E+02   -0.2823805E-02   -0.7958348E-03   -0.1575967E-02   -0.3703867E-02   -0.4319322E-02   -0.5065747E-02   -0.7039748E-02    0.2338949E-03    0.3861591E-01    0.3430311E-01    0.9925413E-01    0.2433149E+00   -0.1357413E-02    0.5785139E-02
    0.1898163E-04    0.1078503E-02   -0.1092091E-03   -0.1762854E-02    0.1097899E-01    0.7261230E-01   -0.2664514E-02    0.1085393E-03   -0.2359613E+01   -0.1100074E+01    0.1363538E+00   -0.1558296E+02   -0.1264476E+02   -0.9977601E+01   -0.9628755E+01    0.8152522E+01    0.7215079E+00   -0.7406137E-01   -0.1088311E+00   -0.1311691E+00   -0.3193979E-03   -0.2588399E-05   -0.1996167E-03   -0.1270725E-04    0.7182516E-03   -0.2572291E-02    0.1280319E-02   -0.3912172E-02   -0.3454670E-02   -0.6981056E-02   -0.5196505E-02    0.5630557E-02   -0.1061430E-03    0.7828594E-04
    0.6924005E-03    0.1186461E-01   -0.1157816E-02   -0.3041623E-02    0.1745151E+00    0.7906378E+00    0.8367413E-02    0.2246587E-01    0.3972835E+01   -0.1109398E+00   -0.3325753E+01   -0.4998392E+02   -0.2501858E+01   -0.1244526E+02   -0.1555352E+02    0.7215079E+00    0.1807480E+03    0.8393243E+02    0.7997569E+02    0.7618074E+02    0.2844866E-02    0.1896010E-02    0.1539442E-02    0.5395851E-02    0.6135826E-02    0.2353406E-02   -0.4654395E-01   -0.8460817E-01   -0.1255839E+00   -0.3081632E-01   -0.3327759E-01   -0.8333655E-01   -0.1316499E-01    0.2208398E-05
    0.4273178E-03    0.1149594E-01   -0.1188591E-02   -0.6002554E-02    0.1802625E+00    0.8046316E+00   -0.9941597E-02    0.2142603E-01   -0.4993233E+00   -0.2851955E+01   -0.2247802E+01   -0.5407264E+00   -0.1078080E+02   -0.1558735E+02   -0.2145109E+02   -0.7406137E-01    0.8393243E+02    0.1446955E+03    0.1454069E+03    0.1429508E+03    0.9405671E-02    0.6666004E-02    0.2429201E-02    0.8474056E-02    0.6153353E-02    0.1646458E-02    0.1100957E-01   -0.4941062E-01   -0.9644933E-01   -0.3855737E-01   -0.5381312E-01   -0.1156886E+00    0.3795118E-02   -0.1809138E-04
    0.4446446E-03    0.1224910E-01   -0.1212354E-02   -0.3509314E-02    0.1989513E+00    0.8500681E+00   -0.2968209E-02    0.2129024E-01   -0.5434784E+01   -0.9312004E+01    0.1593049E+01   -0.9886486E+01   -0.6196437E+01   -0.5151380E+01   -0.2631683E+02   -0.1088311E+00    0.7997569E+02    0.1454069E+03    0.1813946E+03    0.2015090E+03    0.8686395E-02    0.5997563E-02    0.8317413E-03    0.7544806E-02    0.3731125E-02   -0.1228081E-02   -0.3718153E-02   -0.4464793E-01   -0.1125732E+00    0.7608141E-03   -0.2625757E-01   -0.6629470E-01    0.3597680E-02   -0.4695692E-02
    0.4487697E-03    0.1265212E-01   -0.1246614E-02   -0.4120409E-03    0.2031381E+00    0.8689878E+00    0.4607431E-02    0.2164732E-01   -0.9663041E+01   -0.9908806E+01    0.2175869E+01   -0.7017342E+01   -0.4394043E+01   -0.6447735E+01   -0.2821993E+02   -0.1311691E+00    0.7618074E+02    0.1429508E+03    0.2015090E+03    0.2447997E+03    0.9094152E-02    0.5964090E-02    0.3011080E-03    0.6967409E-02    0.2060076E-02   -0.1441569E-02   -0.3925439E-02   -0.3619577E-01   -0.9450194E-01    0.1300374E-01    0.1206055E-02    0.1467749E-01    0.3586509E-02   -0.8885931E-02
    0.2260307E-06    0.9735564E-06   -0.1996428E-06    0.5754358E-05    0.7877143E-04    0.1655844E-03    0.9943375E-05    0.1335179E-04    0.5339176E-03    0.5480040E-03   -0.3222483E-03   -0.5716008E-02   -0.2393983E-02   -0.3252438E-02   -0.2823805E-02   -0.3193979E-03    0.2844866E-02    0.9405671E-02    0.8686395E-02    0.9094152E-02    0.6994235E-04    0.2537481E-04    0.3199441E-04    0.1377310E-04    0.1393447E-04    0.1440828E-04   -0.1004648E-03   -0.5782604E-04   -0.4886871E-04   -0.4330258E-04   -0.6416372E-04   -0.1459722E-03    0.8278886E-06   -0.9585091E-07
    0.1898846E-06    0.7705703E-07   -0.1341259E-06    0.6912125E-05    0.8215019E-04    0.1278533E-03    0.1029684E-04    0.1292374E-04   -0.1242086E-02   -0.3118854E-05    0.2799618E-03   -0.1397129E-01   -0.3820410E-02   -0.2023363E-02   -0.7958348E-03   -0.2588399E-05    0.1896010E-02    0.6666004E-02    0.5997563E-02    0.5964090E-02    0.2537481E-04    0.4253923E-04    0.3876485E-04    0.3130540E-04    0.3213116E-04    0.3163011E-04   -0.4630044E-04   -0.7713492E-04   -0.5580143E-04   -0.1135645E-03   -0.1145584E-03   -0.1466366E-03    0.6841141E-06    0.1622154E-06
    0.3093855E-06   -0.2076660E-06   -0.7545000E-07    0.9240535E-05    0.1028037E-03    0.1337658E-03    0.1502372E-04    0.1447914E-04    0.3077925E-04    0.6854443E-03    0.4603732E-03   -0.2416201E-01   -0.4870422E-02   -0.3517969E-02   -0.1575967E-02   -0.1996167E-03    0.1539442E-02    0.2429201E-02    0.8317413E-03    0.3011080E-03    0.3199441E-04    0.3876485E-04    0.1243100E-03    0.2658917E-04    0.6357906E-04    0.1189227E-03   -0.7281040E-04   -0.1052678E-03   -0.1713611E-03   -0.9098763E-04   -0.2360309E-03   -0.5585076E-03    0.5657184E-06    0.1529089E-07
    0.2244993E-06    0.9203367E-06   -0.1942913E-06    0.7761790E-05    0.8514181E-04    0.1723972E-03    0.1333000E-04    0.1353116E-04    0.1145297E-02    0.3783905E-03    0.8848853E-04   -0.1356222E-01   -0.3888113E-02   -0.3530658E-02   -0.3703867E-02   -0.1270725E-04    0.5395851E-02    0.8474056E-02    0.7544806E-02    0.6967409E-02    0.1377310E-04    0.3130540E-04    0.2658917E-04    0.8802541E-04    0.5804911E-04    0.3526416E-04    0.2612757E-04   -0.4997486E-04   -0.2293078E-04   -0.1636469E-03   -0.1432312E-03   -0.1925214E-03    0.2747830E-06    0.1333468E-06
    0.2305869E-06    0.3849932E-06   -0.1105010E-06    0.7252890E-05    0.7644881E-04    0.1314410E-03    0.1166271E-04    0.1147389E-04    0.9125957E-03    0.2834763E-03    0.1327086E-03   -0.1842602E-01   -0.4557017E-02   -0.4198575E-02   -0.4319322E-02    0.7182516E-03    0.6135826E-02    0.6153353E-02    0.3731125E-02    0.2060076E-02    0.1393447E-04    0.3213116E-04    0.6357906E-04    0.5804911E-04    0.1298907E-03    0.1594647E-03    0.3948623E-04   -0.4502368E-04   -0.3986868E-04   -0.1637806E-03   -0.2033352E-03   -0.4049212E-03    0.2473258E-06    0.3629896E-06
    0.2427174E-06   -0.1209463E-05    0.8889708E-07    0.8492650E-05    0.7071482E-04    0.4413222E-04    0.1141025E-04    0.1044310E-04    0.4218712E-02    0.2203972E-02    0.1611397E-04   -0.2877201E-01   -0.2186669E-02   -0.4644724E-02   -0.5065747E-02   -0.2572291E-02    0.2353406E-02    0.1646458E-02   -0.1228081E-02   -0.1441569E-02    0.1440828E-04    0.3163011E-04    0.1189227E-03    0.3526416E-04    0.1594647E-03    0.6549347E-03    0.6056443E-04   -0.6570051E-04   -0.1643197E-03   -0.1759617E-03   -0.3801492E-03   -0.6732335E-03    0.1244580E-05   -0.6672722E-07
   -0.1882321E-05    0.1882127E-05   -0.5227833E-06   -0.8492996E-04   -0.2500261E-03   -0.5531740E-03   -0.1663227E-03   -0.5147352E-04    0.9584527E-02    0.1804420E-01   -0.4803956E-02    0.4267342E-01   -0.1494350E-01   -0.4695004E-01   -0.7039748E-02    0.1280319E-02   -0.4654395E-01    0.1100957E-01   -0.3718153E-02   -0.3925439E-02   -0.1004648E-03   -0.4630044E-04   -0.7281040E-04    0.2612757E-04    0.3948623E-04    0.6056443E-04    0.1301841E-01    0.7915849E-02    0.8924736E-02    0.1300693E-02    0.1509607E-02    0.2648790E-02    0.7296730E-05    0.6643908E-06
   -0.2854884E-05   -0.1656663E-06   -0.3293094E-06   -0.5975733E-04   -0.1989059E-03   -0.7370898E-03   -0.1164814E-03   -0.5422890E-04    0.1764074E-01    0.9692186E-02   -0.2651752E-02    0.9854542E-01    0.3054903E-01    0.1743248E-03    0.2338949E-03   -0.3912172E-02   -0.8460817E-01   -0.4941062E-01   -0.4464793E-01   -0.3619577E-01   -0.5782604E-04   -0.7713492E-04   -0.1052678E-03   -0.4997486E-04   -0.4502368E-04   -0.6570051E-04    0.7915849E-02    0.1139418E-01    0.1273927E-01    0.7905070E-02    0.7623308E-02    0.7025868E-02    0.5195915E-05   -0.2850646E-05
   -0.3583620E-05   -0.8498669E-05    0.1271461E-05   -0.5493149E-04   -0.2477179E-03   -0.1430324E-02   -0.1164635E-03   -0.8199894E-04   -0.5262666E-02    0.1488814E-01   -0.6201537E-02    0.1522833E+00    0.3725413E-01    0.1182839E-01    0.3861591E-01   -0.3454670E-02   -0.1255839E+00   -0.9644933E-01   -0.1125732E+00   -0.9450194E-01   -0.4886871E-04   -0.5580143E-04   -0.1713611E-03   -0.2293078E-04   -0.3986868E-04   -0.1643197E-03    0.8924736E-02    0.1273927E-01    0.2514875E-01    0.4161597E-02    0.1127488E-01    0.2249401E-01    0.5094512E-05   -0.1724593E-05
   -0.4267488E-05    0.2045992E-04   -0.2030890E-05   -0.9792537E-04   -0.4973078E-03   -0.2600122E-03   -0.1506947E-03   -0.6377013E-04    0.3358049E-02   -0.5870758E-02    0.6023192E-02    0.1224318E+00    0.5509281E-01    0.5051841E-01    0.3430311E-01   -0.6981056E-02   -0.3081632E-01   -0.3855737E-01    0.7608141E-03    0.1300374E-01   -0.4330258E-04   -0.1135645E-03   -0.9098763E-04   -0.1636469E-03   -0.1637806E-03   -0.1759617E-03    0.1300693E-02    0.7905070E-02    0.4161597E-02    0.2163889E-01    0.1939703E-01    0.1354214E-01   -0.4379622E-05   -0.3472607E-05
   -0.5738388E-05    0.2410839E-04   -0.1923768E-05   -0.1498786E-03   -0.6144560E-03   -0.6706967E-03   -0.2431190E-03   -0.1116387E-03   -0.3406449E-01    0.4469671E-02    0.7251442E-02    0.1524639E+00    0.4724471E-01    0.5051444E-01    0.9925413E-01   -0.5196505E-02   -0.3327759E-01   -0.5381312E-01   -0.2625757E-01    0.1206055E-02   -0.6416372E-04   -0.1145584E-03   -0.2360309E-03   -0.1432312E-03   -0.2033352E-03   -0.3801492E-03    0.1509607E-02    0.7623308E-02    0.1127488E-01    0.1939703E-01    0.2960949E-01    0.4165161E-01   -0.7784694E-05   -0.1479150E-05
   -0.9005348E-05    0.2846199E-04   -0.1758032E-05   -0.2768426E-03   -0.1035657E-02   -0.1669129E-02   -0.4758268E-03   -0.2086061E-03   -0.1418907E+00    0.1119153E-01    0.1706428E-01    0.1332338E+00    0.3089422E-01    0.7701552E-01    0.2433149E+00    0.5630557E-02   -0.8333655E-01   -0.1156886E+00   -0.6629470E-01    0.1467749E-01   -0.1459722E-03   -0.1466366E-03   -0.5585076E-03   -0.1925214E-03   -0.4049212E-03   -0.6732335E-03    0.2648790E-02    0.7025868E-02    0.2249401E-01    0.1354214E-01    0.4165161E-01    0.1035754E+00   -0.1237851E-04    0.3470356E-05
   -0.3367362E-07   -0.3320764E-06    0.2324776E-07    0.1111540E-06   -0.1088961E-05   -0.1481226E-04   -0.1654710E-05   -0.6834549E-07    0.3487004E-03    0.6466746E-04   -0.2149635E-03    0.5472261E-04   -0.1382607E-03   -0.9608242E-03   -0.1357413E-02   -0.1061430E-03   -0.1316499E-01    0.3795118E-02    0.3597680E-02    0.3586509E-02    0.8278886E-06    0.6841141E-06    0.5657184E-06    0.2747830E-06    0.2473258E-06    0.1244580E-05    0.7296730E-05    0.5195915E-05    0.5094512E-05   -0.4379622E-05   -0.7784694E-05   -0.1237851E-04    0.2375694E-05   -0.1141623E-07
   -0.8445845E-08   -0.2906327E-06    0.2094778E-07   -0.2613479E-06   -0.4154229E-05   -0.1660925E-04   -0.1210256E-05   -0.8782024E-07   -0.3077743E-02   -0.2677140E-03    0.1782883E-03   -0.3527404E-02   -0.6326135E-03    0.2197059E-02    0.5785139E-02    0.7828594E-04    0.2208398E-05   -0.1809138E-04   -0.4695692E-02   -0.8885931E-02   -0.9585091E-07    0.1622154E-06    0.1529089E-07    0.1333468E-06    0.3629896E-06   -0.6672722E-07    0.6643908E-06   -0.2850646E-05   -0.1724593E-05   -0.3472607E-05   -0.1479150E-05    0.3470356E-05   -0.1141623E-07    0.1246638E-05
