# omegabh2 omegach2 theta tau logA ns calPlanck
  4.0600617E-07  -2.6621547E-07  -5.7878509E-08   3.1923534E-07   6.5147145E-06   5.0018152E-07  -5.8332082E-09
 -2.6621547E-07   2.0729765E-06   2.2542553E-07  -1.0028525E-06   1.3196934E-06  -3.6109189E-06  -2.6442136E-08
 -5.7878509E-08   2.2542553E-07   6.2695018E-07  -3.7229073E-08  -7.2730497E-07   3.2159866E-07  -1.4532207E-08
  3.1923534E-07  -1.0028525E-06  -3.7229073E-08   6.4906528E-05   1.3139731E-04   6.1135984E-06  -2.8819767E-07
  6.5147145E-06   1.3196934E-06  -7.2730497E-07   1.3139731E-04   4.2222863E-04   1.9949445E-05   1.1265747E-05
  5.0018152E-07  -3.6109189E-06   3.2159866E-07   6.1135984E-06   1.9949445E-05   8.8205818E-05   1.9392375E-07
 -5.8332082E-09  -2.6442136E-08  -1.4532207E-08  -2.8819767E-07   1.1265747E-05   1.9392375E-07   6.0947045E-06
