# omegabh2 omegach2 theta tau logA ns calPlanck acib217 xi asz143 aps100 aps143 aps143217 aps217 aksz kgal100 kgal143 kgal143217 kgal217 galfEE100 galfEE100143 galfEE100217 galfEE143 galfEE143217 galfEE217 galfTE100 galfTE100143 galfTE100217 galfTE143 galfTE143217 galfTE217 cal0 cal2
    0.2474789E-07   -0.1473824E-06    0.2073859E-07    0.9503064E-06    0.1684020E-05    0.3650214E-06    0.2512815E-07   -0.1061140E-03    0.2048104E-05    0.1867869E-04   -0.4026872E-03   -0.2283177E-03   -0.6978726E-04    0.3043512E-04   -0.3486707E-04   -0.1162625E-04   -0.8920560E-05   -0.2393976E-04   -0.6342195E-05    0.1199857E-06    0.3527139E-07    0.1983819E-07    0.3696330E-07    0.1440164E-07   -0.5311255E-08   -0.4677567E-06   -0.1264749E-06   -0.3604968E-06    0.1892049E-07   -0.4333561E-06   -0.1382223E-05    0.2396445E-08   -0.1227229E-07
   -0.1473824E-06    0.2193447E-05   -0.1967461E-06   -0.1080287E-04   -0.1684347E-04   -0.5357613E-05   -0.2416163E-06    0.4078119E-03   -0.4344031E-05   -0.1174355E-03    0.1945281E-02    0.1515574E-02    0.6858792E-03    0.1537643E-03    0.1552995E-03    0.5939305E-04    0.1690224E-04    0.1947532E-03    0.2492272E-03   -0.1508536E-05   -0.4952856E-06   -0.2027819E-06   -0.5662085E-06    0.5013965E-06    0.1364086E-05    0.4085338E-05    0.1362340E-05    0.1862302E-05   -0.9924805E-06    0.1604454E-05    0.7872305E-05   -0.6243819E-08    0.1004477E-06
    0.2073859E-07   -0.1967461E-06    0.9825130E-07    0.1078266E-05    0.1835335E-05    0.5708990E-06    0.2846616E-07   -0.4266718E-04    0.1504279E-05   -0.1141844E-04   -0.4017047E-04   -0.1068186E-03   -0.1052851E-03   -0.5161342E-04    0.1574122E-04   -0.1475905E-06   -0.9170117E-05   -0.2034016E-04    0.4890351E-07    0.1321504E-06    0.3822646E-07    0.2075530E-07    0.3009744E-07    0.8660145E-07   -0.4912978E-06   -0.4429596E-06   -0.1964913E-06   -0.3989868E-06    0.3973372E-06    0.9890508E-08   -0.9469627E-06    0.2515513E-08   -0.3984065E-08
    0.9503064E-06   -0.1080287E-04    0.1078266E-05    0.2846032E-03    0.5428359E-03    0.3534975E-04   -0.4361037E-06   -0.1365373E-01    0.2094617E-03    0.1588919E-02   -0.4350768E-01   -0.1412086E-01    0.1172399E-02    0.1247014E-01   -0.4882575E-02   -0.6955696E-03   -0.1144187E-02   -0.2298691E-02    0.1374319E-02    0.4041550E-05    0.1481291E-05   -0.5966909E-05    0.2140545E-05   -0.1020858E-04   -0.1464570E-04   -0.7190476E-04   -0.1413785E-04   -0.3053963E-04    0.2474634E-04    0.1742601E-04   -0.1485161E-04   -0.1628716E-07   -0.1504921E-05
    0.1684020E-05   -0.1684347E-04    0.1835335E-05    0.5428359E-03    0.1071717E-02    0.5724750E-04    0.1087543E-04   -0.2667147E-01    0.5051349E-03    0.3053543E-02   -0.8083329E-01   -0.2220162E-01    0.8946774E-02    0.3221331E-01   -0.1061000E-01   -0.1537292E-02   -0.2821271E-02   -0.4946469E-02    0.4102916E-02    0.8000091E-05    0.2205189E-05   -0.1330267E-04    0.3614959E-05   -0.1943089E-04   -0.1930516E-04   -0.1434381E-03   -0.2652099E-04   -0.5696939E-04    0.4918954E-04    0.2971863E-04   -0.1622220E-04    0.2328541E-06   -0.2950376E-05
    0.3650214E-06   -0.5357613E-05    0.5708990E-06    0.3534975E-04    0.5724750E-04    0.2283665E-04    0.6900796E-06   -0.5259505E-02    0.1145920E-03    0.1011661E-02   -0.2226491E-01   -0.7590016E-02    0.1301587E-02    0.5305158E-02   -0.2325665E-02    0.9229534E-04   -0.2617993E-03   -0.9229569E-03    0.1213904E-03    0.6536452E-05    0.2086200E-05   -0.2099484E-06    0.2625279E-05   -0.2081762E-05   -0.5234649E-05   -0.1265563E-04   -0.5533265E-05    0.4327602E-05    0.2784240E-05   -0.3548711E-05   -0.1990426E-04   -0.1170779E-06   -0.5836621E-06
    0.2512815E-07   -0.2416163E-06    0.2846616E-07   -0.4361037E-06    0.1087543E-04    0.6900796E-06    0.6087071E-05    0.8317326E-03    0.1812046E-04    0.7756545E-04    0.2344710E-02    0.7641734E-03    0.1162384E-02    0.1433752E-02   -0.1633185E-03   -0.5729375E-04   -0.1510010E-04   -0.1958631E-03    0.2362569E-03    0.2357592E-05    0.3410177E-06   -0.3059275E-06    0.5947149E-06   -0.1424893E-06    0.4221624E-05   -0.3221617E-05   -0.6521362E-06    0.3197662E-05    0.8465189E-06   -0.3691855E-05   -0.2522957E-05    0.2568738E-07   -0.4441609E-07
   -0.1061140E-03    0.4078119E-03   -0.4266718E-04   -0.1365373E-01   -0.2667147E-01   -0.5259505E-02    0.8317326E-03    0.4814486E+02   -0.4748926E+00   -0.1261899E+01    0.3975663E+02   -0.2315995E+00   -0.2053105E+02   -0.6582311E+02    0.2626352E+00   -0.3005555E+00    0.4417521E+00   -0.2984817E+01   -0.2485839E+02   -0.2339827E-03   -0.5857950E-03    0.1636559E-02   -0.4428868E-03    0.1436209E-02    0.2051573E-02    0.1701358E-01    0.4459838E-02    0.1381729E-01   -0.4066861E-02   -0.8585534E-02   -0.2988542E-02   -0.1687189E-03    0.4278232E-02
    0.2048104E-05   -0.4344031E-05    0.1504279E-05    0.2094617E-03    0.5051349E-03    0.1145920E-03    0.1812046E-04   -0.4748926E+00    0.8173957E-01   -0.6410035E-01   -0.5426441E+00    0.9953722E+00    0.1852865E+01    0.7545617E+00    0.6283003E-01   -0.1389730E-02   -0.1534643E-02    0.1079879E+00    0.1304669E+00    0.3171848E-04    0.1988475E-04   -0.1485026E-04    0.2332165E-04   -0.5382593E-04   -0.2133411E-03   -0.3457399E-03   -0.1001322E-03   -0.1530714E-03   -0.2233682E-04   -0.1600809E-03   -0.8404189E-03    0.8860564E-05   -0.1372521E-04
    0.1867869E-04   -0.1174355E-03   -0.1141844E-04    0.1588919E-02    0.3053543E-02    0.1011661E-02    0.7756545E-04   -0.1261899E+01   -0.6410035E-01    0.3560146E+01   -0.2789009E+02   -0.3486905E+01    0.7261475E+01    0.6065445E+01   -0.2435401E+01   -0.1151073E+00    0.6077279E-01    0.2199873E+01    0.1517965E+01    0.5865361E-03    0.2103228E-03    0.4428803E-03    0.6611520E-04    0.2454038E-03    0.1400386E-02   -0.1899316E-02   -0.5451763E-03    0.3197147E-02    0.5107801E-04   -0.2519986E-02   -0.3978189E-02    0.1839923E-03   -0.3912125E-03
   -0.4026872E-03    0.1945281E-02   -0.4017047E-04   -0.4350768E-01   -0.8083329E-01   -0.2226491E-01    0.2344710E-02    0.3975663E+02   -0.5426441E+00   -0.2789009E+02    0.7144423E+03    0.6331183E+02   -0.5724205E+02   -0.6576862E+02    0.1140099E+02   -0.5439648E+00   -0.4623804E-01   -0.1187841E+02   -0.1442566E+02   -0.9035565E-02   -0.1373899E-02    0.6373175E-02   -0.2427395E-04    0.6354434E-02    0.4318642E-02    0.9136174E-01    0.1940282E-01    0.4502249E-01    0.1110214E-02    0.3666409E-01    0.8375958E-01    0.4380834E-02    0.4770434E-02
   -0.2283177E-03    0.1515574E-02   -0.1068186E-03   -0.1412086E-01   -0.2220162E-01   -0.7590016E-02    0.7641734E-03   -0.2315995E+00    0.9953722E+00   -0.3486905E+01    0.6331183E+02    0.5691748E+02    0.4260045E+02    0.1845192E+02   -0.4867552E+01   -0.4463798E+00   -0.1133932E+01    0.3860630E+01    0.4427954E+01   -0.1732418E-02   -0.6622566E-03    0.8947725E-03   -0.3837958E-03    0.5457508E-03   -0.7344063E-02    0.3451925E-02    0.2823207E-02    0.7273862E-02   -0.2735303E-02    0.1078103E-01    0.2339349E-01    0.2588254E-03    0.2308506E-03
   -0.6978726E-04    0.6858792E-03   -0.1052851E-03    0.1172399E-02    0.8946774E-02    0.1301587E-02    0.1162384E-02   -0.2053105E+02    0.1852865E+01    0.7261475E+01   -0.5724205E+02    0.4260045E+02    0.9369032E+02    0.6498549E+02   -0.1146714E+02   -0.4722871E+00   -0.6202578E+00    0.4377932E+01    0.5323288E+01    0.4200535E-03    0.4342132E-03    0.7239369E-03    0.4355267E-03   -0.7276582E-03   -0.4693927E-02   -0.1098454E-01   -0.3442402E-02    0.1448649E-01   -0.3992643E-02   -0.4223793E-02   -0.1680955E-01    0.8145505E-03   -0.2482205E-02
    0.3043512E-04    0.1537643E-03   -0.5161342E-04    0.1247014E-01    0.3221331E-01    0.5305158E-02    0.1433752E-02   -0.6582311E+02    0.7545617E+00    0.6065445E+01   -0.6576862E+02    0.1845192E+02    0.6498549E+02    0.1258486E+03   -0.1006951E+02    0.3351009E-01   -0.8236651E+00    0.1975798E+00    0.2115243E+02   -0.9213399E-04    0.7550855E-03   -0.1000798E-02    0.8414576E-03   -0.7960687E-03    0.2363943E-03   -0.1879048E-01   -0.3069640E-02   -0.1427041E-01    0.4527828E-02    0.3389033E-02   -0.4982281E-02    0.6479195E-03   -0.7720142E-02
   -0.3486707E-04    0.1552995E-03    0.1574122E-04   -0.4882575E-02   -0.1061000E-01   -0.2325665E-02   -0.1633185E-03    0.2626352E+00    0.6283003E-01   -0.2435401E+01    0.1140099E+02   -0.4867552E+01   -0.1146714E+02   -0.1006951E+02    0.5738897E+01    0.6781262E-01   -0.1867790E-01   -0.1719639E+01   -0.1123041E+01   -0.4766751E-03   -0.2356255E-03   -0.3241084E-03   -0.2482370E-03   -0.3480842E-03    0.5805443E-03    0.1142817E-02    0.4056327E-03   -0.3390937E-02    0.1596661E-03    0.1340777E-02    0.4630615E-04   -0.1435065E-03    0.2132881E-03
   -0.1162625E-04    0.5939305E-04   -0.1475905E-06   -0.6955696E-03   -0.1537292E-02    0.9229534E-04   -0.5729375E-04   -0.3005555E+00   -0.1389730E-02   -0.1151073E+00   -0.5439648E+00   -0.4463798E+00   -0.4722871E+00    0.3351009E-01    0.6781262E-01    0.3249317E+01    0.7847432E+00    0.4394460E+00    0.6753473E+00   -0.2385285E-03    0.4510638E-04   -0.4456432E-03    0.7774118E-04   -0.1298970E-03   -0.1387226E-02   -0.4212444E-02   -0.2671828E-03   -0.1819348E-02   -0.7789842E-03    0.7965912E-03    0.2803123E-02    0.4602603E-03   -0.2311599E-05
   -0.8920560E-05    0.1690224E-04   -0.9170117E-05   -0.1144187E-02   -0.2821271E-02   -0.2617993E-03   -0.1510010E-04    0.4417521E+00   -0.1534643E-02    0.6077279E-01   -0.4623804E-01   -0.1133932E+01   -0.6202578E+00   -0.8236651E+00   -0.1867790E-01    0.7847432E+00    0.3099874E+01    0.2310019E+01    0.1218257E+01    0.6577389E-04    0.1081179E-04    0.1191812E-04   -0.3952119E-04    0.4061203E-03    0.1334804E-02    0.2201891E-02   -0.6386705E-03    0.3772047E-02   -0.7494713E-04    0.1361951E-02    0.1906662E-02   -0.4167552E-03   -0.2144756E-03
   -0.2393976E-04    0.1947532E-03   -0.2034016E-04   -0.2298691E-02   -0.4946469E-02   -0.9229569E-03   -0.1958631E-03   -0.2984817E+01    0.1079879E+00    0.2199873E+01   -0.1187841E+02    0.3860630E+01    0.4377932E+01    0.1975798E+00   -0.1719639E+01    0.4394460E+00    0.2310019E+01    0.1766711E+02    0.2729387E+02    0.5256149E-03    0.1036492E-04   -0.1516731E-03   -0.2971126E-03   -0.5866938E-03   -0.5125612E-03    0.4725711E-03   -0.8392272E-03    0.1219550E-01   -0.1671738E-03    0.3223975E-02    0.1063465E-01   -0.6691046E-04    0.2559097E-02
   -0.6342195E-05    0.2492272E-03    0.4890351E-07    0.1374319E-02    0.4102916E-02    0.1213904E-03    0.2362569E-03   -0.2485839E+02    0.1304669E+00    0.1517965E+01   -0.1442566E+02    0.4427954E+01    0.5323288E+01    0.2115243E+02   -0.1123041E+01    0.6753473E+00    0.1218257E+01    0.2729387E+02    0.6273206E+02   -0.2789556E-04   -0.2961235E-04   -0.2296663E-02   -0.4565425E-03   -0.1095164E-02   -0.7234599E-02   -0.6496913E-02   -0.3553949E-02    0.1642970E-01    0.1770165E-02    0.1097474E-01    0.1484580E-01   -0.3325158E-04    0.4747298E-02
    0.1199857E-06   -0.1508536E-05    0.1321504E-06    0.4041550E-05    0.8000091E-05    0.6536452E-05    0.2357592E-05   -0.2339827E-03    0.3171848E-04    0.5865361E-03   -0.9035565E-02   -0.1732418E-02    0.4200535E-03   -0.9213399E-04   -0.4766751E-03   -0.2385285E-03    0.6577389E-04    0.5256149E-03   -0.2789556E-04    0.1274176E-03    0.9925430E-05   -0.1248914E-05    0.2504300E-05   -0.1579407E-05   -0.3915156E-05   -0.1283089E-04   -0.4387183E-05   -0.2747849E-04   -0.6635117E-05    0.1147623E-04   -0.2606596E-05   -0.1304766E-06   -0.2461902E-06
    0.3527139E-07   -0.4952856E-06    0.3822646E-07    0.1481291E-05    0.2205189E-05    0.2086200E-05    0.3410177E-06   -0.5857950E-03    0.1988475E-04    0.2103228E-03   -0.1373899E-02   -0.6622566E-03    0.4342132E-03    0.7550855E-03   -0.2356255E-03    0.4510638E-04    0.1081179E-04    0.1036492E-04   -0.2961235E-04    0.9925430E-05    0.1362719E-04    0.1015636E-06    0.5866392E-05   -0.4954867E-06    0.5632944E-06   -0.6461091E-05   -0.4262541E-05   -0.1666135E-04   -0.2205649E-05   -0.4926391E-05   -0.1011337E-04    0.3400385E-07   -0.1515640E-06
    0.1983819E-07   -0.2027819E-06    0.2075530E-07   -0.5966909E-05   -0.1330267E-04   -0.2099484E-06   -0.3059275E-06    0.1636559E-02   -0.1485026E-04    0.4428803E-03    0.6373175E-02    0.8947725E-03    0.7239369E-03   -0.1000798E-02   -0.3241084E-03   -0.4456432E-03    0.1191812E-04   -0.1516731E-03   -0.2296663E-02   -0.1248914E-05    0.1015636E-06    0.2211803E-03   -0.1391746E-05    0.1888664E-05    0.8725223E-05    0.2105597E-04    0.2471098E-05   -0.1054220E-04   -0.1350609E-05   -0.1392125E-04   -0.1984109E-04    0.1114128E-06   -0.2073219E-06
    0.3696330E-07   -0.5662085E-06    0.3009744E-07    0.2140545E-05    0.3614959E-05    0.2625279E-05    0.5947149E-06   -0.4428868E-03    0.2332165E-04    0.6611520E-04   -0.2427395E-04   -0.3837958E-03    0.4355267E-03    0.8414576E-03   -0.2482370E-03    0.7774118E-04   -0.3952119E-04   -0.2971126E-03   -0.4565425E-03    0.2504300E-05    0.5866392E-05   -0.1391746E-05    0.2976634E-04    0.2518696E-06    0.6079677E-05    0.5281680E-05    0.1900599E-06    0.1042323E-04   -0.5330365E-05    0.3328595E-05    0.9207139E-05    0.2961672E-07   -0.1264370E-06
    0.1440164E-07    0.5013965E-06    0.8660145E-07   -0.1020858E-04   -0.1943089E-04   -0.2081762E-05   -0.1424893E-06    0.1436209E-02   -0.5382593E-04    0.2454038E-03    0.6354434E-02    0.5457508E-03   -0.7276582E-03   -0.7960687E-03   -0.3480842E-03   -0.1298970E-03    0.4061203E-03   -0.5866938E-03   -0.1095164E-02   -0.1579407E-05   -0.4954867E-06    0.1888664E-05    0.2518696E-06    0.4015266E-03    0.3870613E-04    0.1948528E-04    0.2157219E-05   -0.8857116E-06    0.5180097E-05    0.7068849E-06   -0.1949382E-04   -0.2312678E-06    0.4252975E-07
   -0.5311255E-08    0.1364086E-05   -0.4912978E-06   -0.1464570E-04   -0.1930516E-04   -0.5234649E-05    0.4221624E-05    0.2051573E-02   -0.2133411E-03    0.1400386E-02    0.4318642E-02   -0.7344063E-02   -0.4693927E-02    0.2363943E-03    0.5805443E-03   -0.1387226E-02    0.1334804E-02   -0.5125612E-03   -0.7234599E-02   -0.3915156E-05    0.5632944E-06    0.8725223E-05    0.6079677E-05    0.3870613E-04    0.3529004E-02   -0.6151441E-05   -0.1861515E-04    0.8547647E-04   -0.8441127E-05    0.3373436E-04    0.1577626E-03   -0.5975486E-06   -0.2205433E-05
   -0.4677567E-06    0.4085338E-05   -0.4429596E-06   -0.7190476E-04   -0.1434381E-03   -0.1265563E-04   -0.3221617E-05    0.1701358E-01   -0.3457399E-03   -0.1899316E-02    0.9136174E-01    0.3451925E-02   -0.1098454E-01   -0.1879048E-01    0.1142817E-02   -0.4212444E-02    0.2201891E-02    0.4725711E-03   -0.6496913E-02   -0.1283089E-04   -0.6461091E-05    0.2105597E-04    0.5281680E-05    0.1948528E-04   -0.6151441E-05    0.5845301E-02    0.1838783E-02    0.1714814E-02   -0.6921462E-03   -0.9959329E-04    0.2643553E-04    0.2528487E-05    0.1803633E-05
   -0.1264749E-06    0.1362340E-05   -0.1964913E-06   -0.1413785E-04   -0.2652099E-04   -0.5533265E-05   -0.6521362E-06    0.4459838E-02   -0.1001322E-03   -0.5451763E-03    0.1940282E-01    0.2823207E-02   -0.3442402E-02   -0.3069640E-02    0.4056327E-03   -0.2671828E-03   -0.6386705E-03   -0.8392272E-03   -0.3553949E-02   -0.4387183E-05   -0.4262541E-05    0.2471098E-05    0.1900599E-06    0.2157219E-05   -0.1861515E-04    0.1838783E-02    0.1224244E-02    0.6259898E-03    0.2254553E-03    0.1503838E-04   -0.1412806E-03    0.4271908E-06    0.3566442E-06
   -0.3604968E-06    0.1862302E-05   -0.3989868E-06   -0.3053963E-04   -0.5696939E-04    0.4327602E-05    0.3197662E-05    0.1381729E-01   -0.1530714E-03    0.3197147E-02    0.4502249E-01    0.7273862E-02    0.1448649E-01   -0.1427041E-01   -0.3390937E-02   -0.1819348E-02    0.3772047E-02    0.1219550E-01    0.1642970E-01   -0.2747849E-04   -0.1666135E-04   -0.1054220E-04    0.1042323E-04   -0.8857116E-06    0.8547647E-04    0.1714814E-02    0.6259898E-03    0.3249167E-01   -0.7132851E-03    0.1460124E-02    0.1066786E-01   -0.9565876E-06    0.4194303E-05
    0.1892049E-07   -0.9924805E-06    0.3973372E-06    0.2474634E-04    0.4918954E-04    0.2784240E-05    0.8465189E-06   -0.4066861E-02   -0.2233682E-04    0.5107801E-04    0.1110214E-02   -0.2735303E-02   -0.3992643E-02    0.4527828E-02    0.1596661E-03   -0.7789842E-03   -0.7494713E-04   -0.1671738E-03    0.1770165E-02   -0.6635117E-05   -0.2205649E-05   -0.1350609E-05   -0.5330365E-05    0.5180097E-05   -0.8441127E-05   -0.6921462E-03    0.2254553E-03   -0.7132851E-03    0.1421974E-02    0.1397563E-03   -0.4317772E-03    0.2032968E-06   -0.3488905E-06
   -0.4333561E-06    0.1604454E-05    0.9890508E-08    0.1742601E-04    0.2971863E-04   -0.3548711E-05   -0.3691855E-05   -0.8585534E-02   -0.1600809E-03   -0.2519986E-02    0.3666409E-01    0.1078103E-01   -0.4223793E-02    0.3389033E-02    0.1340777E-02    0.7965912E-03    0.1361951E-02    0.3223975E-02    0.1097474E-01    0.1147623E-04   -0.4926391E-05   -0.1392125E-04    0.3328595E-05    0.7068849E-06    0.3373436E-04   -0.9959329E-04    0.1503838E-04    0.1460124E-02    0.1397563E-03    0.5035754E-02    0.4055581E-02   -0.1050630E-05   -0.2048905E-06
   -0.1382223E-05    0.7872305E-05   -0.9469627E-06   -0.1485161E-04   -0.1622220E-04   -0.1990426E-04   -0.2522957E-05   -0.2988542E-02   -0.8404189E-03   -0.3978189E-02    0.8375958E-01    0.2339349E-01   -0.1680955E-01   -0.4982281E-02    0.4630615E-04    0.2803123E-02    0.1906662E-02    0.1063465E-01    0.1484580E-01   -0.2606596E-05   -0.1011337E-04   -0.1984109E-04    0.9207139E-05   -0.1949382E-04    0.1577626E-03    0.2643553E-04   -0.1412806E-03    0.1066786E-01   -0.4317772E-03    0.4055581E-02    0.3526875E-01    0.4326046E-06   -0.1144343E-05
    0.2396445E-08   -0.6243819E-08    0.2515513E-08   -0.1628716E-07    0.2328541E-06   -0.1170779E-06    0.2568738E-07   -0.1687189E-03    0.8860564E-05    0.1839923E-03    0.4380834E-02    0.2588254E-03    0.8145505E-03    0.6479195E-03   -0.1435065E-03    0.4602603E-03   -0.4167552E-03   -0.6691046E-04   -0.3325158E-04   -0.1304766E-06    0.3400385E-07    0.1114128E-06    0.2961672E-07   -0.2312678E-06   -0.5975486E-06    0.2528487E-05    0.4271908E-06   -0.9565876E-06    0.2032968E-06   -0.1050630E-05    0.4326046E-06    0.5367948E-06    0.1363591E-07
   -0.1227229E-07    0.1004477E-06   -0.3984065E-08   -0.1504921E-05   -0.2950376E-05   -0.5836621E-06   -0.4441609E-07    0.4278232E-02   -0.1372521E-04   -0.3912125E-03    0.4770434E-02    0.2308506E-03   -0.2482205E-02   -0.7720142E-02    0.2132881E-03   -0.2311599E-05   -0.2144756E-03    0.2559097E-02    0.4747298E-02   -0.2461902E-06   -0.1515640E-06   -0.2073219E-06   -0.1264370E-06    0.4252975E-07   -0.2205433E-05    0.1803633E-05    0.3566442E-06    0.4194303E-05   -0.3488905E-06   -0.2048905E-06   -0.1144343E-05    0.1363591E-07    0.2121169E-05
