# omegabh2 omegach2 theta tau meffsterile nnu logA ns calPlanck acib217 xi asz143 aps100 aps143 aps143217 aps217 aksz kgal100 kgal143 kgal143217 kgal217 cal0 cal2
    0.6360673E-07    0.2886849E-06   -0.7948147E-08    0.2183639E-05    0.6475831E-05    0.2791037E-04    0.4998219E-05    0.1483322E-05    0.6880653E-09   -0.8533873E-04    0.1811745E-06    0.9205011E-05   -0.1200807E-03   -0.1735048E-03   -0.8592905E-04    0.8790614E-05   -0.1604934E-04    0.9177913E-05    0.1874884E-05    0.1246619E-04    0.5607620E-04    0.4547604E-08   -0.1238899E-08
    0.2886849E-06    0.1385000E-04   -0.1128163E-05    0.9152303E-05   -0.2076635E-03    0.6320904E-03    0.4198209E-04    0.2130299E-04   -0.3444879E-06    0.3710840E-02   -0.8725500E-04   -0.7438241E-03    0.1513137E-01    0.7067744E-02    0.1045434E-02   -0.1824226E-02    0.1494951E-02    0.2291761E-03    0.1261122E-03    0.4283915E-03   -0.4195253E-03   -0.6392337E-07    0.3776626E-06
   -0.7948147E-08   -0.1128163E-05    0.2584861E-06   -0.5388932E-07    0.1508473E-04   -0.5665884E-04   -0.1921101E-05   -0.1750740E-05    0.3611256E-07   -0.3528544E-03    0.7636958E-05    0.7748691E-04   -0.1371363E-02   -0.6617847E-03   -0.7953492E-04    0.1669477E-03   -0.1516459E-03   -0.1917430E-04   -0.1047041E-04   -0.2695615E-04    0.7525201E-04    0.9968698E-08   -0.2968244E-07
    0.2183639E-05    0.9152303E-05   -0.5388932E-07    0.2912515E-03    0.6461641E-03    0.1575253E-02    0.5779757E-03    0.1016065E-03   -0.5171529E-05   -0.7095328E-03   -0.7452655E-04    0.7317516E-03   -0.1117834E-01   -0.4220247E-02   -0.1843784E-02   -0.4735098E-03    0.1245473E-03    0.5053670E-03    0.3161949E-03    0.3742092E-03   -0.6821845E-03   -0.2049506E-06   -0.7061181E-07
    0.6475831E-05   -0.2076635E-03    0.1508473E-04    0.6461641E-03    0.2217723E-01    0.1117274E-02    0.1111576E-02    0.1407201E-04   -0.1356309E-04   -0.1103905E-01    0.1003440E-02   -0.2247880E-02   -0.1690244E-01    0.3632423E-02    0.2643335E-01    0.2603379E-01   -0.6475229E-02    0.4061030E-02    0.3676855E-03    0.3181194E-02    0.2185669E-02    0.1685308E-05    0.1754500E-08
    0.2791037E-04    0.6320904E-03   -0.5665884E-04    0.1575253E-02    0.1117274E-02    0.4064936E-01    0.4306631E-02    0.1613755E-02   -0.2184983E-04    0.1878935E+00   -0.4385871E-02   -0.4236412E-01    0.8020337E+00    0.3726464E+00    0.5656098E-01   -0.7427769E-01    0.7845078E-01    0.1609500E-01    0.5493239E-02    0.2503240E-01   -0.1753939E-01   -0.2797139E-05    0.2016453E-04
    0.4998219E-05    0.4198209E-04   -0.1921101E-05    0.5779757E-03    0.1111576E-02    0.4306631E-02    0.1221859E-02    0.2369922E-03    0.1612377E-05    0.5537125E-02   -0.2734952E-03   -0.2547257E-03    0.1177643E-01    0.7683781E-02    0.1449904E-02    0.1924087E-02    0.2283931E-02    0.1380710E-02    0.2956191E-03    0.6458944E-03   -0.1175585E-02   -0.2788048E-06    0.4539575E-06
    0.1483322E-05    0.2130299E-04   -0.1750740E-05    0.1016065E-03    0.1407201E-04    0.1613755E-02    0.2369922E-03    0.8674634E-04   -0.3982758E-06    0.1333863E-02   -0.6008079E-04   -0.1765191E-03    0.1966383E-02    0.6112800E-02    0.4426644E-02    0.4343073E-02   -0.4291647E-04    0.7149503E-03   -0.1988765E-04    0.5592030E-03    0.5978939E-03   -0.3008257E-06    0.3608050E-06
    0.6880653E-09   -0.3444879E-06    0.3611256E-07   -0.5171529E-05   -0.1356309E-04   -0.2184983E-04    0.1612377E-05   -0.3982758E-06    0.6316393E-05    0.5283402E-03    0.1901044E-05   -0.5714913E-04    0.2202567E-02    0.4717618E-03    0.4149571E-03    0.1580229E-02   -0.8269011E-05    0.3092829E-04   -0.4782400E-04   -0.2248878E-03    0.5453667E-03   -0.1929261E-07   -0.4450632E-07
   -0.8533873E-04    0.3710840E-02   -0.3528544E-03   -0.7095328E-03   -0.1103905E-01    0.1878935E+00    0.5537125E-02    0.1333863E-02    0.5283402E-03    0.5007844E+02   -0.4374083E+00   -0.1604938E+01    0.4558551E+02    0.3439392E+01   -0.1893588E+02   -0.6650542E+02    0.3160880E+00   -0.9632536E-01    0.2689956E+00   -0.2892368E+01   -0.2536410E+02   -0.8764391E-04    0.4627567E-02
    0.1811745E-06   -0.8725500E-04    0.7636958E-05   -0.7452655E-04    0.1003440E-02   -0.4385871E-02   -0.2734952E-03   -0.6008079E-04    0.1901044E-05   -0.4374083E+00    0.7988633E-01   -0.8231165E-01   -0.4622740E+00    0.8059328E+00    0.1510827E+01    0.5812032E+00    0.8860753E-01   -0.1562759E-01    0.4677853E-02    0.6028174E-01    0.5828955E-01    0.1994628E-05   -0.1770906E-04
    0.9205011E-05   -0.7438241E-03    0.7748691E-04    0.7317516E-03   -0.2247880E-02   -0.4236412E-01   -0.2547257E-03   -0.1765191E-03   -0.5714913E-04   -0.1604938E+01   -0.8231165E-01    0.4010344E+01   -0.3079630E+02   -0.3931909E+01    0.8279996E+01    0.7223339E+01   -0.3245321E+01   -0.1745038E+00    0.1251270E+00    0.2738313E+01    0.2400885E+01    0.1993677E-03   -0.3433432E-03
   -0.1200807E-03    0.1513137E-01   -0.1371363E-02   -0.1117834E-01   -0.1690244E-01    0.8020337E+00    0.1177643E-01    0.1966383E-02    0.2202567E-02    0.4558551E+02   -0.4622740E+00   -0.3079630E+02    0.7446956E+03    0.7411315E+02   -0.5933821E+02   -0.7470346E+02    0.1742912E+02   -0.4488040E+00    0.1218667E+00   -0.1550958E+02   -0.2404020E+02    0.4750262E-02    0.4416851E-02
   -0.1735048E-03    0.7067744E-02   -0.6617847E-03   -0.4220247E-02    0.3632423E-02    0.3726464E+00    0.7683781E-02    0.6112800E-02    0.4717618E-03    0.3439392E+01    0.8059328E+00   -0.3931909E+01    0.7411315E+02    0.6187457E+02    0.4099041E+02    0.1677834E+02   -0.4465292E+01   -0.3642721E+00   -0.9265180E+00    0.3497811E+01    0.2652387E+01    0.9848172E-04    0.3728844E-03
   -0.8592905E-04    0.1045434E-02   -0.7953492E-04   -0.1843784E-02    0.2643335E-01    0.5656098E-01    0.1449904E-02    0.4426644E-02    0.4149571E-03   -0.1893588E+02    0.1510827E+01    0.8279996E+01   -0.5933821E+02    0.4099041E+02    0.8946457E+02    0.6573911E+02   -0.1357564E+02   -0.6871807E+00   -0.1122548E+00    0.5218222E+01    0.6483900E+01    0.6649036E-03   -0.2331788E-02
    0.8790614E-05   -0.1824226E-02    0.1669477E-03   -0.4735098E-03    0.2603379E-01   -0.7427769E-01    0.1924087E-02    0.4343073E-02    0.1580229E-02   -0.6650542E+02    0.5812032E+00    0.7223339E+01   -0.7470346E+02    0.1677834E+02    0.6573911E+02    0.1288594E+03   -0.1171633E+02   -0.1164545E+00   -0.3240499E+00    0.1259143E+01    0.2269737E+02    0.5032757E-03   -0.7831571E-02
   -0.1604934E-04    0.1494951E-02   -0.1516459E-03    0.1245473E-03   -0.6475229E-02    0.7845078E-01    0.2283931E-02   -0.4291647E-04   -0.8269011E-05    0.3160880E+00    0.8860753E-01   -0.3245321E+01    0.1742912E+02   -0.4465292E+01   -0.1357564E+02   -0.1171633E+02    0.7249589E+01    0.1271207E+00   -0.2161182E+00   -0.2469094E+01   -0.1897028E+01   -0.1546178E-03    0.1553665E-03
    0.9177913E-05    0.2291761E-03   -0.1917430E-04    0.5053670E-03    0.4061030E-02    0.1609500E-01    0.1380710E-02    0.7149503E-03    0.3092829E-04   -0.9632536E-01   -0.1562759E-01   -0.1745038E+00   -0.4488040E+00   -0.3642721E+00   -0.6871807E+00   -0.1164545E+00    0.1271207E+00    0.3203559E+01    0.7288199E+00    0.2660902E+00    0.4676768E+00    0.4260169E-03   -0.1296146E-04
    0.1874884E-05    0.1261122E-03   -0.1047041E-04    0.3161949E-03    0.3676855E-03    0.5493239E-02    0.2956191E-03   -0.1988765E-04   -0.4782400E-04    0.2689956E+00    0.4677853E-02    0.1251270E+00    0.1218667E+00   -0.9265180E+00   -0.1122548E+00   -0.3240499E+00   -0.2161182E+00    0.7288199E+00    0.3165698E+01    0.2430628E+01    0.1260351E+01   -0.4119049E-03   -0.2486941E-03
    0.1246619E-04    0.4283915E-03   -0.2695615E-04    0.3742092E-03    0.3181194E-02    0.2503240E-01    0.6458944E-03    0.5592030E-03   -0.2248878E-03   -0.2892368E+01    0.6028174E-01    0.2738313E+01   -0.1550958E+02    0.3497811E+01    0.5218222E+01    0.1259143E+01   -0.2469094E+01    0.2660902E+00    0.2430628E+01    0.1788562E+02    0.2722095E+02   -0.8229634E-04    0.2430881E-02
    0.5607620E-04   -0.4195253E-03    0.7525201E-04   -0.6821845E-03    0.2185669E-02   -0.1753939E-01   -0.1175585E-02    0.5978939E-03    0.5453667E-03   -0.2536410E+02    0.5828955E-01    0.2400885E+01   -0.2404020E+02    0.2652387E+01    0.6483900E+01    0.2269737E+02   -0.1897028E+01    0.4676768E+00    0.1260351E+01    0.2722095E+02    0.6219201E+02   -0.3417899E-04    0.4291932E-02
    0.4547604E-08   -0.6392337E-07    0.9968698E-08   -0.2049506E-06    0.1685308E-05   -0.2797139E-05   -0.2788048E-06   -0.3008257E-06   -0.1929261E-07   -0.8764391E-04    0.1994628E-05    0.1993677E-03    0.4750262E-02    0.9848172E-04    0.6649036E-03    0.5032757E-03   -0.1546178E-03    0.4260169E-03   -0.4119049E-03   -0.8229634E-04   -0.3417899E-04    0.5505364E-06    0.2487121E-07
   -0.1238899E-08    0.3776626E-06   -0.2968244E-07   -0.7061181E-07    0.1754500E-08    0.2016453E-04    0.4539575E-06    0.3608050E-06   -0.4450632E-07    0.4627567E-02   -0.1770906E-04   -0.3433432E-03    0.4416851E-02    0.3728844E-03   -0.2331788E-02   -0.7831571E-02    0.1553665E-03   -0.1296146E-04   -0.2486941E-03    0.2430881E-02    0.4291932E-02    0.2487121E-07    0.2105349E-05
