# omegabh2 omegach2 theta tau nnu logA ns acib217 acibsz143 asz143 aps100 aps143 aps143217 aps217 aksz kgal100 t1gal143 t1gal143217 t1gal217 galfEE100 galfEE100143 galfEE100217 galfEE143 galfEE143217 galfEE217 galfTE100 galfTE100143 galfTE100217 galfTE143 galfTE143217 galfTE217 calib_100T calib_217T
    0.3761101E-07    0.3079056E-06   -0.3073351E-07    0.3757682E-06    0.2423921E-04    0.1512929E-05    0.9606426E-06    0.8485567E-04   -0.3132802E-05    0.2080793E-04   -0.5353556E-03   -0.1429812E-03   -0.1246799E-03   -0.2469921E-03    0.3610112E-04    0.6944686E-03    0.4136379E-03    0.4427668E-03    0.4129533E-03    0.2289865E-06    0.1673482E-06    0.1828653E-06    0.1789738E-06    0.1987955E-06    0.1858097E-06   -0.1669974E-05   -0.2072527E-05   -0.3841474E-05   -0.3715686E-05   -0.5498488E-05   -0.8493122E-05   -0.4604864E-07   -0.5218253E-08
    0.3079056E-06    0.8977691E-05   -0.9480413E-06   -0.4783002E-05    0.5091644E-03    0.1000595E-04    0.1259942E-04    0.6104253E-02    0.2659261E-02    0.3953546E-03   -0.7301587E-03   -0.2774113E-02   -0.7264549E-02   -0.8225929E-02    0.1466132E-02    0.1086357E-01    0.1122886E-01    0.1124597E-01    0.1110276E-01    0.1268706E-05    0.1607082E-06   -0.1362663E-05   -0.2126082E-06   -0.9539062E-06   -0.6445446E-06   -0.1170755E-04   -0.6449898E-05   -0.1959276E-04   -0.1064260E-04   -0.1521211E-04    0.1916848E-05   -0.2398506E-06   -0.2927594E-06
   -0.3073351E-07   -0.9480413E-06    0.1793973E-06    0.6579375E-06   -0.5692587E-04   -0.6443256E-06   -0.1416348E-05   -0.5465373E-03   -0.2698624E-03   -0.5465194E-04   -0.2011720E-03    0.4022798E-03    0.8217953E-03    0.8130092E-03   -0.1706667E-03   -0.1193273E-02   -0.1430809E-02   -0.1491696E-02   -0.1552211E-02   -0.2151099E-06   -0.1814777E-06   -0.4336970E-07   -0.4100717E-07    0.5863121E-07    0.5301629E-07    0.1033243E-05    0.3826543E-06    0.2428124E-05   -0.3739444E-07    0.1682393E-06   -0.4119829E-05    0.2366506E-07    0.3574934E-07
    0.3757682E-06   -0.4783002E-05    0.6579375E-06    0.1117879E-03    0.3060597E-04    0.2116518E-03    0.2160706E-04   -0.9360702E-02   -0.2521479E-02    0.8281505E-03   -0.2896941E-01   -0.1212411E-02    0.7176583E-02    0.1250447E-01   -0.1292098E-02   -0.8487252E-02   -0.8549456E-02   -0.8889294E-02   -0.1021831E-01    0.7448322E-05    0.8966433E-05    0.3310059E-05    0.5917378E-05    0.7256477E-05    0.1474309E-05   -0.3167795E-04   -0.5999917E-04   -0.6545872E-04   -0.7675540E-04   -0.1062671E-03   -0.1886542E-03    0.3605476E-06    0.9714033E-06
    0.2423921E-04    0.5091644E-03   -0.5692587E-04    0.3060597E-04    0.3272656E-01    0.1150328E-02    0.9908001E-03    0.3348013E+00    0.1471739E+00    0.3052889E-01   -0.1917283E+00   -0.2242676E+00   -0.4513394E+00   -0.5014968E+00    0.9273106E-01    0.6926136E+00    0.7410168E+00    0.7539843E+00    0.7483623E+00    0.1489349E-03    0.8987573E-04   -0.1640385E-05    0.7391861E-04    0.2653746E-04    0.1000051E-04   -0.1173993E-02   -0.9419206E-03   -0.2222586E-02   -0.1316315E-02   -0.2051037E-02   -0.2067929E-02   -0.1327542E-04   -0.1594777E-04
    0.1512929E-05    0.1000595E-04   -0.6443256E-06    0.2116518E-03    0.1150328E-02    0.4498212E-03    0.6934401E-04   -0.6988438E-02   -0.4957334E-03    0.2277194E-02   -0.5531580E-01   -0.1902481E-02    0.6044142E-02    0.1317554E-01    0.1800931E-03   -0.3704743E-02   -0.1523233E-01   -0.1507521E-01   -0.1799135E-01    0.1604911E-04    0.1652360E-04    0.1443450E-05    0.9729863E-05    0.1079800E-04   -0.3223171E-06   -0.7874393E-04   -0.1151439E-03   -0.1568344E-03   -0.1846941E-03   -0.2544559E-03   -0.3857069E-03   -0.9416651E-06    0.1287846E-05
    0.9606426E-06    0.1259942E-04   -0.1416348E-05    0.2160706E-04    0.9908001E-03    0.6934401E-04    0.4961642E-04    0.6943626E-03    0.3543998E-03   -0.3661583E-03   -0.1597115E-01   -0.1431241E-02   -0.1953164E-02   -0.1829182E-02    0.3780995E-03    0.1605218E-01    0.1389717E-01    0.1341172E-01    0.1391820E-01    0.1208549E-04    0.1155632E-04    0.7320503E-05    0.9409512E-05    0.8760705E-05    0.3163183E-07   -0.5938323E-04   -0.4656822E-04   -0.9168972E-04   -0.6885188E-04   -0.9235186E-04   -0.1006864E-03   -0.2985098E-06   -0.9959558E-07
    0.8485567E-04    0.6104253E-02   -0.5465373E-03   -0.9360702E-02    0.3348013E+00   -0.6988438E-02    0.6943626E-03    0.6714844E+02    0.2764104E+02    0.2573591E+01    0.7827352E+00   -0.2870066E+02   -0.7286128E+02   -0.8390827E+02   -0.3249097E+01    0.4289946E+01   -0.5620150E+01   -0.9374710E+01   -0.1303795E+02   -0.2224552E-02   -0.2830777E-02   -0.4438913E-02    0.2210007E-02   -0.2494793E-02    0.1943206E-02    0.1108015E-01    0.3435033E-01    0.6857065E-01    0.4487386E-01    0.5909480E-01    0.1457501E-02   -0.3285828E-03   -0.2983918E-02
   -0.3132802E-05    0.2659261E-02   -0.2698624E-03   -0.2521479E-02    0.1471739E+00   -0.4957334E-03    0.3543998E-03    0.2764104E+02    0.2064829E+02    0.3030170E+01   -0.1643786E+02   -0.2643756E+02   -0.4924978E+02   -0.2883130E+02   -0.1989104E+01   -0.3464917E+01   -0.7452470E+01   -0.1460268E+02   -0.1580921E+02   -0.7785426E-04   -0.1291337E-02   -0.2394740E-02    0.3071331E-03   -0.1245696E-02   -0.5991960E-03   -0.5807238E-02    0.2028025E-01    0.3670958E-01    0.4562197E-01    0.5550165E-01    0.3584845E-01   -0.5344878E-04   -0.8730495E-04
    0.2080793E-04    0.3953546E-03   -0.5465194E-04    0.8281505E-03    0.3052889E-01    0.2277194E-02   -0.3661583E-03    0.2573591E+01    0.3030170E+01    0.6165903E+01   -0.3883555E+02   -0.1746358E+02   -0.5742180E+01   -0.1646309E+01   -0.6180689E+00   -0.4040764E+01   -0.3534403E+01    0.8553587E-01    0.5189382E+00    0.3593964E-03    0.5942207E-03    0.9565802E-03   -0.3381532E-03    0.6091041E-03    0.9834763E-03   -0.1464435E-02   -0.1090882E-01   -0.2779603E-01   -0.2282982E-01   -0.3341755E-01   -0.6312516E-01   -0.3762946E-03    0.8755864E-04
   -0.5353556E-03   -0.7301587E-03   -0.2011720E-03   -0.2896941E-01   -0.1917283E+00   -0.5531580E-01   -0.1597115E-01    0.7827352E+00   -0.1643786E+02   -0.3883555E+02    0.7258181E+03    0.1724853E+03    0.7039072E+02    0.2596012E+02   -0.1417949E+02   -0.4430235E+02    0.1891359E+02    0.1744764E+02    0.2443434E+02   -0.2123018E-01   -0.1453094E-01   -0.2583229E-01   -0.8754023E-02   -0.1098336E-01   -0.1928813E-01    0.8542188E-01    0.1189139E+00    0.1956295E+00    0.1534221E+00    0.2432369E+00    0.4578369E+00    0.2911792E-02   -0.3715079E-02
   -0.1429812E-03   -0.2774113E-02    0.4022798E-03   -0.1212411E-02   -0.2242676E+00   -0.1902481E-02   -0.1431241E-02   -0.2870066E+02   -0.2643756E+02   -0.1746358E+02    0.1724853E+03    0.1159196E+03    0.9392322E+02    0.5474866E+02   -0.8629082E+01   -0.7604151E+01   -0.8802192E+01   -0.3111095E+01   -0.2393704E+00   -0.2379769E-02   -0.2512331E-02   -0.3406942E-02   -0.5166950E-02   -0.1520523E-02   -0.3832066E-02    0.2363052E-01    0.5255858E-01    0.7941005E-01    0.6516246E-01    0.1078759E+00    0.2402060E+00    0.1092868E-02   -0.6187136E-03
   -0.1246799E-03   -0.7264549E-02    0.8217953E-03    0.7176583E-02   -0.4513394E+00    0.6044142E-02   -0.1953164E-02   -0.7286128E+02   -0.4924978E+02   -0.5742180E+01    0.7039072E+02    0.9392322E+02    0.1551492E+03    0.1117851E+03   -0.6144537E+01   -0.1206343E+02   -0.7944127E+01    0.3383172E+01    0.3129628E+01   -0.1190303E-03    0.1887252E-02    0.4313367E-02   -0.5342987E-02    0.2481187E-02   -0.3551081E-02    0.3492589E-01   -0.4445409E-02   -0.2233492E-01   -0.6264061E-01   -0.4537250E-01    0.3554549E-01    0.3123985E-04    0.1753095E-02
   -0.2469921E-03   -0.8225929E-02    0.8130092E-03    0.1250447E-01   -0.5014968E+00    0.1317554E-01   -0.1829182E-02   -0.8390827E+02   -0.2883130E+02   -0.1646309E+01    0.2596012E+02    0.5474866E+02    0.1117851E+03    0.1449627E+03   -0.7171135E+01   -0.2534555E+02   -0.1859775E+02   -0.2560907E+02   -0.2874171E+02    0.1891773E-02    0.2982395E-02    0.4886361E-02   -0.6215950E-02    0.2582098E-02   -0.1074423E-01    0.6493153E-02    0.2794340E-02   -0.1902016E-01    0.1257803E-01    0.2602984E-01    0.1061103E+00    0.3106513E-03    0.5708376E-02
    0.3610112E-04    0.1466132E-02   -0.1706667E-03   -0.1292098E-02    0.9273106E-01    0.1800931E-03    0.3780995E-03   -0.3249097E+01   -0.1989104E+01   -0.6180689E+00   -0.1417949E+02   -0.8629082E+01   -0.6144537E+01   -0.7171135E+01    0.7822685E+01    0.2838968E+01   -0.2675589E+00   -0.1028848E+01   -0.1456336E+01   -0.5711067E-04   -0.4071384E-03   -0.1217469E-02    0.4698446E-03   -0.1546239E-02    0.2470586E-02   -0.1078609E-01   -0.1086031E-01   -0.1674399E-01   -0.1033168E-01   -0.2323678E-01   -0.1935374E-01   -0.2402554E-03    0.1521482E-03
    0.6944686E-03    0.1086357E-01   -0.1193273E-02   -0.8487252E-02    0.6926136E+00   -0.3704743E-02    0.1605218E-01    0.4289946E+01   -0.3464917E+01   -0.4040764E+01   -0.4430235E+02   -0.7604151E+01   -0.1206343E+02   -0.2534555E+02    0.2838968E+01    0.1786138E+03    0.9186321E+02    0.8619405E+02    0.8059036E+02    0.3743975E-02   -0.1387874E-02    0.2792103E-02    0.3807338E-02    0.3634812E-02    0.1010576E-01    0.4776455E-01   -0.9372946E-01   -0.7477008E-01   -0.1472208E+00   -0.9918222E-01    0.1338872E-02   -0.1241569E-01   -0.9229012E-04
    0.4136379E-03    0.1122886E-01   -0.1430809E-02   -0.8549456E-02    0.7410168E+00   -0.1523233E-01    0.1389717E-01   -0.5620150E+01   -0.7452470E+01   -0.3534403E+01    0.1891359E+02   -0.8802192E+01   -0.7944127E+01   -0.1859775E+02   -0.2675589E+00    0.9186321E+02    0.1608232E+03    0.1613791E+03    0.1598396E+03    0.1987628E-02   -0.3853041E-03    0.5174308E-02    0.7275366E-03    0.1239752E-02    0.1434833E-02   -0.2049009E-01   -0.1227844E+00   -0.1802510E+00   -0.8241864E-01   -0.1297280E+00   -0.1835641E+00    0.3954701E-02   -0.2644963E-03
    0.4427668E-03    0.1124597E-01   -0.1491696E-02   -0.8889294E-02    0.7539843E+00   -0.1507521E-01    0.1341172E-01   -0.9374710E+01   -0.1460268E+02    0.8553587E-01    0.1744764E+02   -0.3111095E+01    0.3383172E+01   -0.2560907E+02   -0.1028848E+01    0.8619405E+02    0.1613791E+03    0.1986388E+03    0.2205701E+03    0.4436154E-02    0.1308007E-02    0.6273153E-02    0.2417337E-02    0.3249775E-02    0.6009506E-02   -0.2287883E-01   -0.1448924E+00   -0.2537384E+00   -0.1272818E+00   -0.1803845E+00   -0.1846627E+00    0.3701477E-02   -0.5300243E-02
    0.4129533E-03    0.1110276E-01   -0.1552211E-02   -0.1021831E-01    0.7483623E+00   -0.1799135E-01    0.1391820E-01   -0.1303795E+02   -0.1580921E+02    0.5189382E+00    0.2443434E+02   -0.2393704E+00    0.3129628E+01   -0.2874171E+02   -0.1456336E+01    0.8059036E+02    0.1598396E+03    0.2205701E+03    0.2661295E+03    0.7227568E-02    0.1883013E-02    0.6096489E-02    0.3193314E-02    0.3371686E-02    0.8307931E-02   -0.2629539E-01   -0.1404831E+00   -0.2552252E+00   -0.1250354E+00   -0.1504567E+00   -0.6313702E-01    0.3853504E-02   -0.9624371E-02
    0.2289865E-06    0.1268706E-05   -0.2151099E-06    0.7448322E-05    0.1489349E-03    0.1604911E-04    0.1208549E-04   -0.2224552E-02   -0.7785426E-04    0.3593964E-03   -0.2123018E-01   -0.2379769E-02   -0.1190303E-03    0.1891773E-02   -0.5711067E-04    0.3743975E-02    0.1987628E-02    0.4436154E-02    0.7227568E-02    0.7522311E-04    0.2731304E-04    0.3353792E-04    0.1249747E-04    0.1477061E-04    0.1864654E-04   -0.1416426E-03   -0.1078871E-03   -0.1015901E-03   -0.4779799E-04   -0.4127043E-04   -0.6195355E-04    0.1551619E-06   -0.3050561E-06
    0.1673482E-06    0.1607082E-06   -0.1814777E-06    0.8966433E-05    0.8987573E-04    0.1652360E-04    0.1155632E-04   -0.2830777E-02   -0.1291337E-02    0.5942207E-03   -0.1453094E-01   -0.2512331E-02    0.1887252E-02    0.2982395E-02   -0.4071384E-03   -0.1387874E-02   -0.3853041E-03    0.1308007E-02    0.1883013E-02    0.2731304E-04    0.4421285E-04    0.3812144E-04    0.2866190E-04    0.2964997E-04    0.2402330E-04   -0.1056017E-03   -0.9729348E-04   -0.6552228E-04   -0.9544885E-04   -0.7016874E-04   -0.7174727E-04    0.3604246E-06   -0.6298166E-07
    0.1828653E-06   -0.1362663E-05   -0.4336970E-07    0.3310059E-05   -0.1640385E-05    0.1443450E-05    0.7320503E-05   -0.4438913E-02   -0.2394740E-02    0.9565802E-03   -0.2583229E-01   -0.3406942E-02    0.4313367E-02    0.4886361E-02   -0.1217469E-02    0.2792103E-02    0.5174308E-02    0.6273153E-02    0.6096489E-02    0.3353792E-04    0.3812144E-04    0.1167067E-03    0.1670124E-04    0.5473060E-04    0.1093843E-03   -0.8210291E-04   -0.6290102E-04   -0.6373583E-04   -0.5126896E-04   -0.1463217E-03   -0.4398367E-03    0.4748781E-06    0.9969149E-07
    0.1789738E-06   -0.2126082E-06   -0.4100717E-07    0.5917378E-05    0.7391861E-04    0.9729863E-05    0.9409512E-05    0.2210007E-02    0.3071331E-03   -0.3381532E-03   -0.8754023E-02   -0.5166950E-02   -0.5342987E-02   -0.6215950E-02    0.4698446E-03    0.3807338E-02    0.7275366E-03    0.2417337E-02    0.3193314E-02    0.1249747E-04    0.2866190E-04    0.1670124E-04    0.8441461E-04    0.5038652E-04    0.2867944E-04   -0.8302703E-04   -0.1024375E-03   -0.5516941E-04   -0.1733142E-03   -0.9359972E-04    0.8814989E-05   -0.2883938E-06   -0.5657406E-06
    0.1987955E-06   -0.9539062E-06    0.5863121E-07    0.7256477E-05    0.2653746E-04    0.1079800E-04    0.8760705E-05   -0.2494793E-02   -0.1245696E-02    0.6091041E-03   -0.1098336E-01   -0.1520523E-02    0.2481187E-02    0.2582098E-02   -0.1546239E-02    0.3634812E-02    0.1239752E-02    0.3249775E-02    0.3371686E-02    0.1477061E-04    0.2964997E-04    0.5473060E-04    0.5038652E-04    0.1172180E-03    0.1382034E-03   -0.6743652E-04   -0.4882519E-04   -0.1153813E-04   -0.9724750E-04   -0.8564818E-04   -0.2260703E-03   -0.2813514E-06    0.5183042E-07
    0.1858097E-06   -0.6445446E-06    0.5301629E-07    0.1474309E-05    0.1000051E-04   -0.3223171E-06    0.3163183E-07    0.1943206E-02   -0.5991960E-03    0.9834763E-03   -0.1928813E-01   -0.3832066E-02   -0.3551081E-02   -0.1074423E-01    0.2470586E-02    0.1010576E-01    0.1434833E-02    0.6009506E-02    0.8307931E-02    0.1864654E-04    0.2402330E-04    0.1093843E-03    0.2867944E-04    0.1382034E-03    0.6102787E-03    0.3613621E-04    0.1660522E-04    0.5561660E-04   -0.2561829E-03   -0.3052442E-03   -0.4776708E-03   -0.8371137E-06   -0.5704984E-06
   -0.1669974E-05   -0.1170755E-04    0.1033243E-05   -0.3167795E-04   -0.1173993E-02   -0.7874393E-04   -0.5938323E-04    0.1108015E-01   -0.5807238E-02   -0.1464435E-02    0.8542188E-01    0.2363052E-01    0.3492589E-01    0.6493153E-02   -0.1078609E-01    0.4776455E-01   -0.2049009E-01   -0.2287883E-01   -0.2629539E-01   -0.1416426E-03   -0.1056017E-03   -0.8210291E-04   -0.8302703E-04   -0.6743652E-04    0.3613621E-04    0.1214621E-01    0.7259778E-02    0.8165455E-02    0.1484468E-02    0.1989090E-02    0.2202964E-02   -0.1124878E-04    0.3557602E-06
   -0.2072527E-05   -0.6449898E-05    0.3826543E-06   -0.5999917E-04   -0.9419206E-03   -0.1151439E-03   -0.4656822E-04    0.3435033E-01    0.2028025E-01   -0.1090882E-01    0.1189139E+00    0.5255858E-01   -0.4445409E-02    0.2794340E-02   -0.1086031E-01   -0.9372946E-01   -0.1227844E+00   -0.1448924E+00   -0.1404831E+00   -0.1078871E-03   -0.9729348E-04   -0.6290102E-04   -0.1024375E-03   -0.4882519E-04    0.1660522E-04    0.7259778E-02    0.1039802E-01    0.1213290E-01    0.7347972E-02    0.7791939E-02    0.7575210E-02    0.3396747E-05   -0.2950384E-06
   -0.3841474E-05   -0.1959276E-04    0.2428124E-05   -0.6545872E-04   -0.2222586E-02   -0.1568344E-03   -0.9168972E-04    0.6857065E-01    0.3670958E-01   -0.2779603E-01    0.1956295E+00    0.7941005E-01   -0.2233492E-01   -0.1902016E-01   -0.1674399E-01   -0.7477008E-01   -0.1802510E+00   -0.2537384E+00   -0.2552252E+00   -0.1015901E-03   -0.6552228E-04   -0.6373583E-04   -0.5516941E-04   -0.1153813E-04    0.5561660E-04    0.8165455E-02    0.1213290E-01    0.2501242E-01    0.4667684E-02    0.1231672E-01    0.2328734E-01   -0.9468556E-07   -0.1099923E-05
   -0.3715686E-05   -0.1064260E-04   -0.3739444E-07   -0.7675540E-04   -0.1316315E-02   -0.1846941E-03   -0.6885188E-04    0.4487386E-01    0.4562197E-01   -0.2282982E-01    0.1534221E+00    0.6516246E-01   -0.6264061E-01    0.1257803E-01   -0.1033168E-01   -0.1472208E+00   -0.8241864E-01   -0.1272818E+00   -0.1250354E+00   -0.4779799E-04   -0.9544885E-04   -0.5126896E-04   -0.1733142E-03   -0.9724750E-04   -0.2561829E-03    0.1484468E-02    0.7347972E-02    0.4667684E-02    0.2055228E-01    0.1918073E-01    0.1400507E-01    0.1744314E-04    0.3092401E-05
   -0.5498488E-05   -0.1521211E-04    0.1682393E-06   -0.1062671E-03   -0.2051037E-02   -0.2544559E-03   -0.9235186E-04    0.5909480E-01    0.5550165E-01   -0.3341755E-01    0.2432369E+00    0.1078759E+00   -0.4537250E-01    0.2602984E-01   -0.2323678E-01   -0.9918222E-01   -0.1297280E+00   -0.1803845E+00   -0.1504567E+00   -0.4127043E-04   -0.7016874E-04   -0.1463217E-03   -0.9359972E-04   -0.8564818E-04   -0.3052442E-03    0.1989090E-02    0.7791939E-02    0.1231672E-01    0.1918073E-01    0.2993359E-01    0.4302203E-01    0.6140735E-05   -0.1517746E-05
   -0.8493122E-05    0.1916848E-05   -0.4119829E-05   -0.1886542E-03   -0.2067929E-02   -0.3857069E-03   -0.1006864E-03    0.1457501E-02    0.3584845E-01   -0.6312516E-01    0.4578369E+00    0.2402060E+00    0.3554549E-01    0.1061103E+00   -0.1935374E-01    0.1338872E-02   -0.1835641E+00   -0.1846627E+00   -0.6313702E-01   -0.6195355E-04   -0.7174727E-04   -0.4398367E-03    0.8814989E-05   -0.2260703E-03   -0.4776708E-03    0.2202964E-02    0.7575210E-02    0.2328734E-01    0.1400507E-01    0.4302203E-01    0.1089800E+00   -0.1281592E-04   -0.1358352E-04
   -0.4604864E-07   -0.2398506E-06    0.2366506E-07    0.3605476E-06   -0.1327542E-04   -0.9416651E-06   -0.2985098E-06   -0.3285828E-03   -0.5344878E-04   -0.3762946E-03    0.2911792E-02    0.1092868E-02    0.3123985E-04    0.3106513E-03   -0.2402554E-03   -0.1241569E-01    0.3954701E-02    0.3701477E-02    0.3853504E-02    0.1551619E-06    0.3604246E-06    0.4748781E-06   -0.2883938E-06   -0.2813514E-06   -0.8371137E-06   -0.1124878E-04    0.3396747E-05   -0.9468556E-07    0.1744314E-04    0.6140735E-05   -0.1281592E-04    0.2278362E-05    0.1484798E-07
   -0.5218253E-08   -0.2927594E-06    0.3574934E-07    0.9714033E-06   -0.1594777E-04    0.1287846E-05   -0.9959558E-07   -0.2983918E-02   -0.8730495E-04    0.8755864E-04   -0.3715079E-02   -0.6187136E-03    0.1753095E-02    0.5708376E-02    0.1521482E-03   -0.9229012E-04   -0.2644963E-03   -0.5300243E-02   -0.9624371E-02   -0.3050561E-06   -0.6298166E-07    0.9969149E-07   -0.5657406E-06    0.5183042E-07   -0.5704984E-06    0.3557602E-06   -0.2950384E-06   -0.1099923E-05    0.3092401E-05   -0.1517746E-05   -0.1358352E-04    0.1484798E-07    0.1264559E-05
