# omegabh2 omegach2 theta tau omegak mnu ns logA aps100 aps143 aps217 acib143 acib217 asz143 psr cibr ncib cal0 cal2 xi aksz bm_1_1 bm_1_2 bm_1_3 bm_1_4 bm_1_5 bm_2_1 bm_2_2 bm_2_3 bm_2_4 bm_2_5 bm_3_1 bm_3_2 bm_3_3 bm_3_4 bm_3_5 bm_4_1 bm_4_2 bm_4_3 bm_4_4 bm_4_5
    0.93732E-07   -0.52436E-06    0.10874E-06    0.11758E-05   -0.86119E-06   -0.15203E-04    0.15963E-05    0.13802E-05   -0.17594E-02   -0.75926E-03   -0.11471E-03   -0.20696E-03   -0.28881E-03    0.45841E-04   -0.16370E-06   -0.47734E-05   -0.28189E-05   -0.13257E-08   -0.10682E-07    0.80625E-06   -0.84847E-04   -0.94026E-05   -0.10975E-04    0.29832E-05    0.77995E-06   -0.69524E-05    0.37426E-06    0.51601E-07    0.95510E-05   -0.58464E-05    0.21009E-05   -0.76859E-05   -0.45398E-05   -0.17032E-05    0.60737E-05    0.16631E-05   -0.59957E-05    0.23441E-05    0.16205E-05   -0.13263E-04    0.77406E-06
   -0.52436E-06    0.74904E-05   -0.91283E-06   -0.11027E-04    0.87525E-05    0.84140E-04   -0.18139E-04   -0.49118E-05    0.51128E-02    0.47667E-02    0.14751E-02    0.25739E-03    0.95007E-03   -0.14786E-03    0.49354E-05    0.99944E-05    0.14888E-04   -0.65627E-08    0.75330E-07   -0.92052E-05    0.51465E-03    0.15801E-03   -0.10305E-04   -0.35028E-04   -0.13522E-04    0.48643E-04    0.32807E-04   -0.30728E-04   -0.43004E-04    0.31869E-04   -0.39592E-04    0.29806E-04   -0.13201E-04    0.72010E-05   -0.55004E-04   -0.40819E-04    0.48174E-04   -0.41508E-05   -0.35471E-04    0.61806E-04    0.21709E-04
    0.10874E-06   -0.91283E-06    0.43159E-06    0.17444E-05   -0.16071E-05   -0.27109E-04    0.28639E-05    0.18198E-05   -0.13948E-02   -0.85895E-03   -0.20608E-03   -0.17924E-03   -0.23328E-03    0.57991E-04   -0.56653E-07   -0.12782E-05   -0.28926E-05    0.80258E-09   -0.94982E-08   -0.72807E-06   -0.61175E-04   -0.31222E-05   -0.12814E-04    0.13938E-05   -0.32839E-05   -0.15032E-05   -0.44580E-05   -0.44389E-05    0.60999E-05   -0.13316E-04    0.12220E-04   -0.15828E-04    0.26019E-05    0.10951E-04    0.14328E-04   -0.57788E-05   -0.12686E-04   -0.60969E-05    0.73112E-05   -0.12434E-04   -0.32638E-05
    0.11758E-05   -0.11027E-04    0.17444E-05    0.17990E-03   -0.11544E-04   -0.24686E-04    0.39231E-04    0.33404E-03   -0.44958E-01   -0.12762E-01    0.48327E-02   -0.53211E-02   -0.76020E-02   -0.27089E-03    0.16658E-04   -0.21964E-03   -0.32280E-04    0.11957E-06   -0.63709E-06   -0.28149E-05   -0.21147E-02   -0.34712E-03    0.40149E-04   -0.27606E-04   -0.10805E-03   -0.25704E-03   -0.20788E-03   -0.53428E-04   -0.16472E-04    0.12779E-04    0.19078E-03   -0.29114E-03    0.13444E-03   -0.12012E-03    0.36761E-03   -0.25024E-04   -0.27205E-03   -0.28109E-03    0.20162E-03   -0.29138E-03    0.18504E-03
   -0.86119E-06    0.87525E-05   -0.16071E-05   -0.11544E-04    0.21155E-04    0.45573E-03   -0.23890E-04   -0.53957E-05    0.17569E-01    0.79624E-02    0.65588E-03    0.14951E-02    0.27898E-02   -0.27653E-03    0.18075E-05    0.45362E-04    0.30978E-04   -0.14244E-07    0.16588E-06   -0.17263E-04    0.11127E-02    0.22599E-03    0.20016E-04   -0.76283E-04   -0.21934E-05    0.17764E-04    0.46442E-04   -0.23668E-04   -0.12371E-03    0.89034E-04   -0.92446E-04    0.13338E-03    0.54452E-04   -0.36517E-04   -0.89410E-04   -0.76462E-04    0.14010E-03   -0.91500E-06   -0.96161E-04    0.14790E-03    0.29492E-04
   -0.15203E-04    0.84140E-04   -0.27109E-04   -0.24686E-04    0.45573E-03    0.21471E-01   -0.31646E-03    0.36429E-04    0.55797E+00    0.14331E+00   -0.48932E-01    0.46399E-01    0.81502E-01   -0.56312E-02   -0.35556E-03    0.21004E-02    0.49694E-03    0.24457E-06    0.46943E-05   -0.10605E-02    0.33706E-01    0.23434E-02    0.27761E-02   -0.66278E-03    0.12903E-02   -0.29989E-02   -0.13620E-02    0.17955E-02   -0.36507E-02    0.28544E-02   -0.82976E-03    0.46018E-02    0.17371E-02   -0.33517E-02   -0.24142E-02   -0.21780E-02    0.27094E-02   -0.91121E-03   -0.84945E-03    0.43493E-02   -0.12095E-03
    0.15963E-05   -0.18139E-04    0.28639E-05    0.39231E-04   -0.23890E-04   -0.31646E-03    0.67229E-04    0.37965E-04   -0.78139E-01   -0.82398E-02    0.12959E-01   -0.10069E-01   -0.12141E-01   -0.24157E-03    0.43603E-04   -0.34835E-03   -0.31919E-04   -0.37538E-07   -0.18858E-06    0.10438E-03   -0.45181E-02   -0.19142E-04   -0.65839E-04    0.41158E-04    0.13269E-05    0.27966E-04    0.16105E-03    0.15071E-03    0.92388E-04   -0.50725E-04   -0.20789E-04   -0.32195E-03   -0.13189E-03    0.27092E-04    0.11879E-03    0.84312E-04   -0.12926E-03    0.90994E-04    0.13428E-03   -0.12945E-03   -0.59025E-04
    0.13802E-05   -0.49118E-05    0.18198E-05    0.33404E-03   -0.53957E-05    0.36429E-04    0.37965E-04    0.66448E-03   -0.10537E+00   -0.75447E-02    0.23898E-01   -0.15310E-01   -0.17610E-01   -0.19393E-02    0.87287E-04   -0.62771E-03    0.97401E-05    0.31075E-06   -0.90771E-06    0.40349E-05   -0.49990E-02    0.42743E-03    0.20953E-03   -0.15080E-03   -0.26075E-03   -0.34692E-03    0.77000E-05   -0.11710E-03   -0.19922E-03    0.19070E-04    0.19023E-03   -0.54146E-03    0.20152E-03   -0.34091E-03    0.58232E-03   -0.23230E-03   -0.18816E-03   -0.49548E-03    0.35392E-03   -0.43293E-03    0.34121E-03
   -0.17594E-02    0.51128E-02   -0.13948E-02   -0.44958E-01    0.17569E-01    0.55797E+00   -0.78139E-01   -0.10537E+00    0.27223E+04    0.45390E+02   -0.18164E+03    0.12032E+03    0.11270E+03   -0.74255E+02   -0.11086E+01    0.40920E+00    0.13311E+01    0.89445E-03   -0.72262E-03   -0.25699E+00   -0.13753E+02    0.94842E+01   -0.99301E+01   -0.61227E-02   -0.92682E-01   -0.58215E+00   -0.10921E+01   -0.47376E+01   -0.12940E+00    0.16390E+01   -0.66876E+00    0.27504E+01   -0.52325E+00    0.45401E+00   -0.46665E+00   -0.40740E+01    0.13931E+01   -0.11651E+01   -0.23757E+01   -0.11946E+00    0.42764E+01
   -0.75926E-03    0.47667E-02   -0.85895E-03   -0.12762E-01    0.79624E-02    0.14331E+00   -0.82398E-02   -0.75447E-02    0.45390E+02    0.19092E+03    0.60207E+02   -0.34144E+02   -0.11055E+02   -0.77027E+01   -0.27081E+00   -0.18520E+00   -0.18929E+00    0.19678E-03    0.33840E-02    0.12867E+01   -0.13856E+02    0.12107E+01    0.42429E+00   -0.30835E-01    0.22691E-01   -0.12287E+00   -0.19155E+01   -0.58473E+00   -0.27228E+00   -0.20319E+00   -0.27028E+00    0.12465E+01    0.62190E-01    0.18229E+00   -0.15618E+00   -0.20164E+00   -0.48658E+00   -0.60303E+00   -0.22603E+00    0.32169E+00   -0.32252E+00
   -0.11471E-03    0.14751E-02   -0.20608E-03    0.48327E-02    0.65588E-03   -0.48932E-01    0.12959E-01    0.23898E-01   -0.18164E+03    0.60207E+02    0.21452E+03   -0.35918E+02   -0.74640E+02    0.49354E+01   -0.38022E-01   -0.93384E+00   -0.10583E+01    0.16088E-03   -0.41375E-02    0.34168E+00   -0.11348E+02    0.16242E+01    0.12687E+01   -0.31094E+00    0.11600E+00    0.43526E+00    0.10928E+01    0.22094E+00   -0.12535E+00   -0.23701E+00    0.25843E+00   -0.14178E+01    0.43206E+00   -0.29555E+00    0.64155E+00    0.12483E+00   -0.10172E+00    0.12017E+00    0.29335E+00   -0.22978E-02   -0.37509E+00
   -0.20696E-03    0.25739E-03   -0.17924E-03   -0.53211E-02    0.14951E-02    0.46399E-01   -0.10069E-01   -0.15310E-01    0.12032E+03   -0.34144E+02   -0.35918E+02    0.25866E+02    0.18381E+02   -0.27394E+01    0.22217E-01    0.23360E+00    0.23487E+00   -0.11541E-03   -0.10500E-02    0.29694E-01   -0.46086E-01   -0.10400E+01   -0.47976E+00    0.65118E-01   -0.32091E-02    0.15153E-01    0.76657E+00    0.21982E+00    0.41918E-01    0.20695E+00    0.13151E+00   -0.19281E+00    0.27067E-01   -0.17859E+00   -0.28509E-01   -0.95212E-02    0.40733E+00    0.24008E+00    0.28246E-01   -0.27776E-01    0.34395E+00
   -0.28881E-03    0.95007E-03   -0.23328E-03   -0.76020E-02    0.27898E-02    0.81502E-01   -0.12141E-01   -0.17610E-01    0.11270E+03   -0.11055E+02   -0.74640E+02    0.18381E+02    0.35199E+02   -0.25115E+01    0.71847E-01    0.39917E+00    0.53850E+00   -0.36707E-04    0.16719E-02   -0.17458E+00   -0.84417E+00   -0.65408E+00   -0.52429E+00    0.12772E+00   -0.45188E-01   -0.10681E+00   -0.42791E+00   -0.42163E-01   -0.72767E-02    0.19610E+00   -0.16102E+00    0.62669E+00   -0.28372E+00    0.53082E-01   -0.34369E+00   -0.17167E+00    0.88838E-01   -0.60800E-01   -0.93529E-01    0.65754E-01    0.26767E+00
    0.45841E-04   -0.14786E-03    0.57991E-04   -0.27089E-03   -0.27653E-03   -0.56312E-02   -0.24157E-03   -0.19393E-02   -0.74255E+02   -0.77027E+01    0.49354E+01   -0.27394E+01   -0.25115E+01    0.79624E+01    0.48892E-01    0.27221E+00   -0.14430E+00    0.30190E-04   -0.69014E-04   -0.32583E-01   -0.12058E+00    0.19199E+00    0.13533E+00   -0.34345E-02    0.24981E-02   -0.19529E-02   -0.68415E-01    0.28845E-01   -0.39351E-01   -0.10663E+00   -0.64464E-02   -0.80189E-01    0.81199E-01    0.39076E-01   -0.31456E-01    0.23478E-01   -0.89271E-01   -0.49301E-01    0.22777E-01    0.20302E-01   -0.82076E-01
   -0.16370E-06    0.49354E-05   -0.56653E-07    0.16658E-04    0.18075E-05   -0.35556E-03    0.43603E-04    0.87287E-04   -0.11086E+01   -0.27081E+00   -0.38022E-01    0.22217E-01    0.71847E-01    0.48892E-01    0.79112E-02   -0.63398E-02    0.76786E-02    0.11581E-05   -0.23533E-04    0.26589E-02   -0.19112E-01    0.98948E-02    0.52786E-02    0.21427E-02   -0.15236E-02    0.17688E-02    0.75690E-02   -0.64840E-03   -0.11745E-02   -0.29054E-02   -0.18179E-02   -0.10680E-01   -0.79742E-03   -0.14519E-02   -0.27873E-02   -0.15559E-02   -0.95257E-03    0.15538E-03   -0.47483E-02   -0.40642E-02   -0.32882E-02
   -0.47734E-05    0.99944E-05   -0.12782E-05   -0.21964E-03    0.45362E-04    0.21004E-02   -0.34835E-03   -0.62771E-03    0.40920E+00   -0.18520E+00   -0.93384E+00    0.23360E+00    0.39917E+00    0.27221E+00   -0.63398E-02    0.43615E-01   -0.12359E-01   -0.34552E-08    0.75884E-04    0.18425E-02   -0.22154E-01   -0.21519E-01   -0.66705E-02    0.12749E-02    0.52486E-02   -0.59514E-02   -0.28832E-01   -0.30189E-02    0.80653E-02   -0.30216E-02    0.88996E-03    0.31181E-01    0.52542E-02    0.51379E-02    0.57969E-02    0.41396E-02   -0.19644E-02   -0.55595E-03    0.64273E-02    0.35569E-03   -0.55164E-03
   -0.28189E-05    0.14888E-04   -0.28926E-05   -0.32280E-04    0.30978E-04    0.49694E-03   -0.31919E-04    0.97401E-05    0.13311E+01   -0.18929E+00   -0.10583E+01    0.23487E+00    0.53850E+00   -0.14430E+00    0.76786E-02   -0.12359E-01    0.21678E-01    0.44135E-06   -0.16810E-04   -0.27538E-02   -0.11598E-01    0.71508E-02   -0.81840E-02    0.29141E-02   -0.43441E-02   -0.40820E-04    0.66520E-02    0.38858E-02   -0.71994E-02    0.91322E-02   -0.96205E-02   -0.10567E-01   -0.18232E-01   -0.22928E-02   -0.13812E-01   -0.92174E-02   -0.17811E-02   -0.23281E-02   -0.27662E-02    0.43883E-02    0.10656E-01
   -0.13257E-08   -0.65627E-08    0.80258E-09    0.11957E-06   -0.14244E-07    0.24457E-06   -0.37538E-07    0.31075E-06    0.89445E-03    0.19678E-03    0.16088E-03   -0.11541E-03   -0.36707E-04    0.30190E-04    0.11581E-05   -0.34552E-08    0.44135E-06    0.15628E-06    0.35099E-08    0.85246E-06   -0.12808E-04   -0.18059E-04   -0.12956E-04    0.19231E-05    0.35867E-05   -0.39917E-06    0.21687E-05   -0.66368E-05   -0.52640E-06    0.39457E-05    0.85995E-06    0.10088E-04   -0.68251E-05    0.32185E-05   -0.11744E-05    0.13030E-05    0.10004E-04   -0.35115E-05   -0.28270E-05   -0.35836E-05    0.16678E-05
   -0.10682E-07    0.75330E-07   -0.94982E-08   -0.63709E-06    0.16588E-06    0.46943E-05   -0.18858E-06   -0.90771E-06   -0.72262E-03    0.33840E-02   -0.41375E-02   -0.10500E-02    0.16719E-02   -0.69014E-04   -0.23533E-04    0.75884E-04   -0.16810E-04    0.35099E-08    0.16247E-05    0.71341E-05   -0.76148E-04    0.96328E-04    0.38492E-04   -0.46545E-05   -0.86149E-05   -0.98469E-05    0.20230E-03   -0.20504E-05   -0.11720E-04    0.49882E-05    0.58960E-05   -0.21699E-03   -0.75048E-05   -0.39959E-04    0.33127E-04   -0.62340E-05    0.64135E-05    0.26147E-04   -0.42401E-04   -0.35343E-04   -0.35628E-05
    0.80625E-06   -0.92052E-05   -0.72807E-06   -0.28149E-05   -0.17263E-04   -0.10605E-02    0.10438E-03    0.40349E-05   -0.25699E+00    0.12867E+01    0.34168E+00    0.29694E-01   -0.17458E+00   -0.32583E-01    0.26589E-02    0.18425E-02   -0.27538E-02    0.85246E-06    0.71341E-05    0.81883E-01    0.55062E-02    0.32225E-02    0.20359E-02   -0.72404E-03   -0.17987E-02    0.19058E-02   -0.14205E-02    0.43039E-02   -0.31068E-02   -0.16470E-03    0.22895E-02   -0.22837E-02   -0.52392E-03   -0.32899E-02   -0.53522E-04   -0.12680E-02   -0.16958E-02   -0.35335E-02    0.25856E-02    0.11125E-02   -0.13602E-02
   -0.84847E-04    0.51465E-03   -0.61175E-04   -0.21147E-02    0.11127E-02    0.33706E-01   -0.45181E-02   -0.49990E-02   -0.13753E+02   -0.13856E+02   -0.11348E+02   -0.46086E-01   -0.84417E+00   -0.12058E+00   -0.19112E-01   -0.22154E-01   -0.11598E-01   -0.12808E-04   -0.76148E-04    0.55062E-02    0.81397E+01   -0.78808E-01    0.50645E-02   -0.22156E-01   -0.77232E-02   -0.61383E-01    0.49541E-01   -0.46784E-01    0.40065E-02    0.79446E-03    0.32694E-01   -0.86113E-01   -0.10866E-01    0.65573E-01   -0.91245E-02    0.23724E-01   -0.13846E-01   -0.18228E-01   -0.37533E-01   -0.14856E-01   -0.38914E-02
   -0.94026E-05    0.15801E-03   -0.31222E-05   -0.34712E-03    0.22599E-03    0.23434E-02   -0.19142E-04    0.42743E-03    0.94842E+01    0.12107E+01    0.16242E+01   -0.10400E+01   -0.65408E+00    0.19199E+00    0.98948E-02   -0.21519E-01    0.71508E-02   -0.18059E-04    0.96328E-04    0.32225E-02   -0.78808E-01    0.71108E+00   -0.11050E+00   -0.10990E-01    0.13368E-02    0.10993E-01    0.16915E+00   -0.61469E-01   -0.60880E-01   -0.20940E-01   -0.81342E-01    0.20456E-01    0.14539E-01   -0.21750E-01   -0.45361E-01   -0.12950E+00    0.15136E+00    0.17974E-01   -0.30353E-01    0.35891E-01    0.45608E-01
   -0.10975E-04   -0.10305E-04   -0.12814E-04    0.40149E-04    0.20016E-04    0.27761E-02   -0.65839E-04    0.20953E-03   -0.99301E+01    0.42429E+00    0.12687E+01   -0.47976E+00   -0.52429E+00    0.13533E+00    0.52786E-02   -0.66705E-02   -0.81840E-02   -0.12956E-04    0.38492E-04    0.20359E-02    0.50645E-02   -0.11050E+00    0.92758E+00   -0.99521E-02   -0.14474E-01    0.56362E-02   -0.14116E+00    0.19491E+00    0.56644E-01   -0.23270E-01    0.51548E-01   -0.14400E+00    0.27502E-01    0.12715E-01    0.68855E-02    0.16435E+00   -0.23314E+00    0.40501E-01    0.11052E+00    0.16517E-01   -0.22072E+00
    0.29832E-05   -0.35028E-04    0.13938E-05   -0.27606E-04   -0.76283E-04   -0.66278E-03    0.41158E-04   -0.15080E-03   -0.61227E-02   -0.30835E-01   -0.31094E+00    0.65118E-01    0.12772E+00   -0.34345E-02    0.21427E-02    0.12749E-02    0.29141E-02    0.19231E-05   -0.46545E-05   -0.72404E-03   -0.22156E-01   -0.10990E-01   -0.99521E-02    0.10093E+01   -0.89821E-02   -0.92534E-02   -0.49573E-01   -0.25943E-01    0.17670E+00   -0.33502E-01    0.74829E-01   -0.14109E-01    0.20344E-01   -0.58241E-02   -0.19885E-01    0.90129E-01   -0.62667E-01    0.24070E-01    0.21565E-01   -0.19962E+00    0.80966E-01
    0.77995E-06   -0.13522E-04   -0.32839E-05   -0.10805E-03   -0.21934E-05    0.12903E-02    0.13269E-05   -0.26075E-03   -0.92682E-01    0.22691E-01    0.11600E+00   -0.32091E-02   -0.45188E-01    0.24981E-02   -0.15236E-02    0.52486E-02   -0.43441E-02    0.35867E-05   -0.86149E-05   -0.17987E-02   -0.77232E-02    0.13368E-02   -0.14474E-01   -0.89821E-02    0.10217E+01    0.75957E-02    0.65614E-01   -0.83011E-01    0.85750E-01   -0.86957E-01    0.53662E-01    0.74676E-01    0.12160E+00    0.39728E-01    0.13437E+00   -0.10951E+00    0.95562E-01    0.49115E-01    0.53364E-02   -0.12689E+00    0.59381E-01
   -0.69524E-05    0.48643E-04   -0.15032E-05   -0.25704E-03    0.17764E-04   -0.29989E-02    0.27966E-04   -0.34692E-03   -0.58215E+00   -0.12287E+00    0.43526E+00    0.15153E-01   -0.10681E+00   -0.19529E-02    0.17688E-02   -0.59514E-02   -0.40820E-04   -0.39917E-06   -0.98469E-05    0.19058E-02   -0.61383E-01    0.10993E-01    0.56362E-02   -0.92534E-02    0.75957E-02    0.10109E+01    0.43724E-01    0.61759E-01   -0.53456E-01    0.46986E-01    0.95593E-01    0.54129E-01   -0.86806E-01   -0.72789E-01    0.65210E-01    0.47901E-01    0.94077E-01   -0.83742E-01    0.99119E-01   -0.15426E-01   -0.39011E-02
    0.37426E-06    0.32807E-04   -0.44580E-05   -0.20788E-03    0.46442E-04   -0.13620E-02    0.16105E-03    0.77000E-05   -0.10921E+01   -0.19155E+01    0.10928E+01    0.76657E+00   -0.42791E+00   -0.68415E-01    0.75690E-02   -0.28832E-01    0.66520E-02    0.21687E-05    0.20230E-03   -0.14205E-02    0.49541E-01    0.16915E+00   -0.14116E+00   -0.49573E-01    0.65614E-01    0.43724E-01    0.87263E+00   -0.20387E-01   -0.14888E-01   -0.19009E-01   -0.23539E-01    0.15242E-01    0.11354E+00   -0.11349E+00    0.27054E-01   -0.68590E-01    0.65490E+00    0.24675E+00   -0.70978E-01   -0.51556E-01    0.63975E-01
    0.51601E-07   -0.30728E-04   -0.44389E-05   -0.53428E-04   -0.23668E-04    0.17955E-02    0.15071E-03   -0.11710E-03   -0.47376E+01   -0.58473E+00    0.22094E+00    0.21982E+00   -0.42163E-01    0.28845E-01   -0.64840E-03   -0.30189E-02    0.38858E-02   -0.66368E-05   -0.20504E-05    0.43039E-02   -0.46784E-01   -0.61469E-01    0.19491E+00   -0.25943E-01   -0.83011E-01    0.61759E-01   -0.20387E-01    0.10144E+01   -0.11210E-01   -0.85371E-02    0.19387E-01    0.48676E-01   -0.48683E-02   -0.54715E-01   -0.17665E-01    0.14217E+00   -0.80287E-01    0.23716E+00    0.79313E+00    0.30811E+00   -0.20961E+00
    0.95510E-05   -0.43004E-04    0.60999E-05   -0.16472E-04   -0.12371E-03   -0.36507E-02    0.92388E-04   -0.19922E-03   -0.12940E+00   -0.27228E+00   -0.12535E+00    0.41918E-01   -0.72767E-02   -0.39351E-01   -0.11745E-02    0.80653E-02   -0.71994E-02   -0.52640E-06   -0.11720E-04   -0.31068E-02    0.40065E-02   -0.60880E-01    0.56644E-01    0.17670E+00    0.85750E-01   -0.53456E-01   -0.14888E-01   -0.11210E-01    0.97997E+00   -0.73458E-03   -0.10833E-03    0.83452E-01   -0.48369E-01    0.15708E+00    0.14838E+00   -0.13551E+00   -0.19625E+00    0.61659E+00    0.14088E+00   -0.60631E+00    0.18352E+00
   -0.58464E-05    0.31869E-04   -0.13316E-04    0.12779E-04    0.89034E-04    0.28544E-02   -0.50725E-04    0.19070E-04    0.16390E+01   -0.20319E+00   -0.23701E+00    0.20695E+00    0.19610E+00   -0.10663E+00   -0.29054E-02   -0.30216E-02    0.91322E-02    0.39457E-05    0.49882E-05   -0.16470E-03    0.79446E-03   -0.20940E-01   -0.23270E-01   -0.33502E-01   -0.86957E-01    0.46986E-01   -0.19009E-01   -0.85371E-02   -0.73458E-03    0.98582E+00   -0.93216E-02   -0.14047E-01   -0.94889E-01   -0.14896E+00   -0.27625E-01   -0.70906E-01   -0.77366E-01    0.81888E-01   -0.65518E-01    0.30335E+00    0.66807E+00
    0.21009E-05   -0.39592E-04    0.12220E-04    0.19078E-03   -0.92446E-04   -0.82976E-03   -0.20789E-04    0.19023E-03   -0.66876E+00   -0.27028E+00    0.25843E+00    0.13151E+00   -0.16102E+00   -0.64464E-02   -0.18179E-02    0.88996E-03   -0.96205E-02    0.85995E-06    0.58960E-05    0.22895E-02    0.32694E-01   -0.81342E-01    0.51548E-01    0.74829E-01    0.53662E-01    0.95593E-01   -0.23539E-01    0.19387E-01   -0.10833E-03   -0.93216E-02    0.99015E+00   -0.61902E-01    0.72041E-01    0.38026E-01    0.16385E+00    0.50932E-02    0.10478E+00   -0.55717E+00    0.40198E+00   -0.34606E+00    0.20393E+00
   -0.76859E-05    0.29806E-04   -0.15828E-04   -0.29114E-03    0.13338E-03    0.46018E-02   -0.32195E-03   -0.54146E-03    0.27504E+01    0.12465E+01   -0.14178E+01   -0.19281E+00    0.62669E+00   -0.80189E-01   -0.10680E-01    0.31181E-01   -0.10567E-01    0.10088E-04   -0.21699E-03   -0.22837E-02   -0.86113E-01    0.20456E-01   -0.14400E+00   -0.14109E-01    0.74676E-01    0.54129E-01    0.15242E-01    0.48676E-01    0.83452E-01   -0.14047E-01   -0.61902E-01    0.90242E+00    0.43151E-02   -0.25104E-01   -0.18513E-01   -0.40189E-01    0.58148E+00    0.17061E+00    0.12342E+00    0.47784E-01   -0.74412E-01
   -0.45398E-05   -0.13201E-04    0.26019E-05    0.13444E-03    0.54452E-04    0.17371E-02   -0.13189E-03    0.20152E-03   -0.52325E+00    0.62190E-01    0.43206E+00    0.27067E-01   -0.28372E+00    0.81199E-01   -0.79742E-03    0.52542E-02   -0.18232E-01   -0.68251E-05   -0.75048E-05   -0.52392E-03   -0.10866E-01    0.14539E-01    0.27502E-01    0.20344E-01    0.12160E+00   -0.86806E-01    0.11354E+00   -0.48683E-02   -0.48369E-01   -0.94889E-01    0.72041E-01    0.43151E-02    0.99299E+00   -0.13227E-01   -0.55741E-03   -0.20954E-01    0.96172E-01    0.15489E+00   -0.49636E-02    0.13011E+00    0.15984E+00
   -0.17032E-05    0.72010E-05    0.10951E-04   -0.12012E-03   -0.36517E-04   -0.33517E-02    0.27092E-04   -0.34091E-03    0.45401E+00    0.18229E+00   -0.29555E+00   -0.17859E+00    0.53082E-01    0.39076E-01   -0.14519E-02    0.51379E-02   -0.22928E-02    0.32185E-05   -0.39959E-04   -0.32899E-02    0.65573E-01   -0.21750E-01    0.12715E-01   -0.58241E-02    0.39728E-01   -0.72789E-01   -0.11349E+00   -0.54715E-01    0.15708E+00   -0.14896E+00    0.38026E-01   -0.25104E-01   -0.13227E-01    0.98656E+00    0.41472E-02    0.17635E-01   -0.14077E+00    0.39157E-01    0.17201E+00    0.67073E-02   -0.54968E-01
    0.60737E-05   -0.55004E-04    0.14328E-04    0.36761E-03   -0.89410E-04   -0.24142E-02    0.11879E-03    0.58232E-03   -0.46665E+00   -0.15618E+00    0.64155E+00   -0.28509E-01   -0.34369E+00   -0.31456E-01   -0.27873E-02    0.57969E-02   -0.13812E-01   -0.11744E-05    0.33127E-04   -0.53522E-04   -0.91245E-02   -0.45361E-01    0.68855E-02   -0.19885E-01    0.13437E+00    0.65210E-01    0.27054E-01   -0.17665E-01    0.14838E+00   -0.27625E-01    0.16385E+00   -0.18513E-01   -0.55741E-03    0.41472E-02    0.98293E+00    0.15166E-02   -0.76670E-02    0.24947E-01    0.13045E+00   -0.26241E+00    0.12743E+00
    0.16631E-05   -0.40819E-04   -0.57788E-05   -0.25024E-04   -0.76462E-04   -0.21780E-02    0.84312E-04   -0.23230E-03   -0.40740E+01   -0.20164E+00    0.12483E+00   -0.95212E-02   -0.17167E+00    0.23478E-01   -0.15559E-02    0.41396E-02   -0.92174E-02    0.13030E-05   -0.62340E-05   -0.12680E-02    0.23724E-01   -0.12950E+00    0.16435E+00    0.90129E-01   -0.10951E+00    0.47901E-01   -0.68590E-01    0.14217E+00   -0.13551E+00   -0.70906E-01    0.50932E-02   -0.40189E-01   -0.20954E-01    0.17635E-01    0.15166E-02    0.96217E+00   -0.68909E-01   -0.58894E-01    0.26906E-01    0.18271E+00   -0.79162E-01
   -0.59957E-05    0.48174E-04   -0.12686E-04   -0.27205E-03    0.14010E-03    0.27094E-02   -0.12926E-03   -0.18816E-03    0.13931E+01   -0.48658E+00   -0.10172E+00    0.40733E+00    0.88838E-01   -0.89271E-01   -0.95257E-03   -0.19644E-02   -0.17811E-02    0.10004E-04    0.64135E-05   -0.16958E-02   -0.13846E-01    0.15136E+00   -0.23314E+00   -0.62667E-01    0.95562E-01    0.94077E-01    0.65490E+00   -0.80287E-01   -0.19625E+00   -0.77366E-01    0.10478E+00    0.58148E+00    0.96172E-01   -0.14077E+00   -0.76670E-02   -0.68909E-01    0.96076E+00   -0.78227E-02   -0.37475E-02   -0.10256E-02   -0.23926E-01
    0.23441E-05   -0.41508E-05   -0.60969E-05   -0.28109E-03   -0.91500E-06   -0.91121E-03    0.90994E-04   -0.49548E-03   -0.11651E+01   -0.60303E+00    0.12017E+00    0.24008E+00   -0.60800E-01   -0.49301E-01    0.15538E-03   -0.55595E-03   -0.23281E-02   -0.35115E-05    0.26147E-04   -0.35335E-02   -0.18228E-01    0.17974E-01    0.40501E-01    0.24070E-01    0.49115E-01   -0.83742E-01    0.24675E+00    0.23716E+00    0.61659E+00    0.81888E-01   -0.55717E+00    0.17061E+00    0.15489E+00    0.39157E-01    0.24947E-01   -0.58894E-01   -0.78227E-02    0.97246E+00   -0.75493E-02    0.11598E-01    0.13095E-02
    0.16205E-05   -0.35471E-04    0.73112E-05    0.20162E-03   -0.96161E-04   -0.84945E-03    0.13428E-03    0.35392E-03   -0.23757E+01   -0.22603E+00    0.29335E+00    0.28246E-01   -0.93529E-01    0.22777E-01   -0.47483E-02    0.64273E-02   -0.27662E-02   -0.28270E-05   -0.42401E-04    0.25856E-02   -0.37533E-01   -0.30353E-01    0.11052E+00    0.21565E-01    0.53364E-02    0.99119E-01   -0.70978E-01    0.79313E+00    0.14088E+00   -0.65518E-01    0.40198E+00    0.12342E+00   -0.49636E-02    0.17201E+00    0.13045E+00    0.26906E-01   -0.37475E-02   -0.75493E-02    0.10154E+01   -0.13769E-01   -0.23514E-01
   -0.13263E-04    0.61806E-04   -0.12434E-04   -0.29138E-03    0.14790E-03    0.43493E-02   -0.12945E-03   -0.43293E-03   -0.11946E+00    0.32169E+00   -0.22978E-02   -0.27776E-01    0.65754E-01    0.20302E-01   -0.40642E-02    0.35569E-03    0.43883E-02   -0.35836E-05   -0.35343E-04    0.11125E-02   -0.14856E-01    0.35891E-01    0.16517E-01   -0.19962E+00   -0.12689E+00   -0.15426E-01   -0.51556E-01    0.30811E+00   -0.60631E+00    0.30335E+00   -0.34606E+00    0.47784E-01    0.13011E+00    0.67073E-02   -0.26241E+00    0.18271E+00   -0.10256E-02    0.11598E-01   -0.13769E-01    0.97362E+00   -0.93730E-02
    0.77406E-06    0.21709E-04   -0.32638E-05    0.18504E-03    0.29492E-04   -0.12095E-03   -0.59025E-04    0.34121E-03    0.42764E+01   -0.32252E+00   -0.37509E+00    0.34395E+00    0.26767E+00   -0.82076E-01   -0.32882E-02   -0.55164E-03    0.10656E-01    0.16678E-05   -0.35628E-05   -0.13602E-02   -0.38914E-02    0.45608E-01   -0.22072E+00    0.80966E-01    0.59381E-01   -0.39011E-02    0.63975E-01   -0.20961E+00    0.18352E+00    0.66807E+00    0.20393E+00   -0.74412E-01    0.15984E+00   -0.54968E-01    0.12743E+00   -0.79162E-01   -0.23926E-01    0.13095E-02   -0.23514E-01   -0.93730E-02    0.98543E+00
