# omegabh2 omegach2 theta tau mnu nnu logA ns calPlanck aps100 aps143 aps217 acib217 asz143 psr xi aksz dust100 dust143 dust217 dust143x217 cal0 cal2 calTE calEE bm_1_1
    0.3462937E-07    0.6786226E-07    0.3042719E-08    0.2543365E-06   -0.9247548E-05    0.1295109E-04    0.7213362E-06    0.7741265E-06   -0.3073687E-07   -0.2948134E-03   -0.1250420E-03    0.2731800E-03   -0.1335044E-03    0.1678354E-05    0.2738099E-06   -0.2170332E-05   -0.2472073E-04    0.7802027E-07    0.3739404E-05    0.4372894E-06   -0.2766043E-05   -0.2973720E-07   -0.3508578E-07   -0.1080994E-06   -0.2576601E-07   -0.1641817E-04
    0.6786226E-07    0.6540755E-05   -0.5489032E-06   -0.1509040E-04    0.5461088E-05    0.2714741E-03   -0.1517476E-04    0.2265989E-05   -0.3248204E-06    0.3077503E-02    0.2741869E-02   -0.4156728E-02    0.4128825E-02   -0.5154665E-03    0.1725286E-05   -0.3607630E-04    0.8817567E-03   -0.3360063E-04    0.5329946E-04   -0.2955500E-04   -0.2305643E-05   -0.4929851E-06    0.8721625E-06    0.1375045E-05    0.2419922E-05   -0.3520966E-03
    0.3042719E-08   -0.5489032E-06    0.1502153E-06    0.1261822E-06   -0.1528251E-04   -0.2442005E-04   -0.1067653E-05   -0.2254341E-06   -0.5748802E-07   -0.3405507E-03   -0.3317167E-06    0.5605432E-03   -0.4086469E-03   -0.8516893E-05    0.1182069E-06    0.4160925E-05   -0.3769540E-04    0.4344749E-05   -0.1135855E-06   -0.7051948E-06   -0.1058759E-04    0.3323625E-07   -0.1121056E-06   -0.2609844E-06   -0.2154671E-06   -0.1067387E-04
    0.2543365E-06   -0.1509040E-04    0.1261822E-06    0.2696459E-03    0.1193867E-02   -0.2337977E-03    0.4955637E-03    0.2679551E-04   -0.1621537E-05   -0.1577217E-01   -0.1756406E-01    0.3358787E-02   -0.1194398E-01    0.9456630E-03    0.2974965E-04    0.2861715E-03    0.4206102E-03   -0.3270695E-03   -0.1344007E-03    0.1822271E-03    0.1328803E-03   -0.3205071E-06   -0.1091974E-05   -0.1689248E-05   -0.4456701E-05   -0.2869838E-03
   -0.9247548E-05    0.5461088E-05   -0.1528251E-04    0.1193867E-02    0.2115597E-01   -0.3067429E-02    0.2373908E-02   -0.2322602E-03    0.4183395E-04    0.2758860E+00   -0.3711663E-01   -0.1135464E+00    0.8090118E-02   -0.1957444E-02   -0.6677765E-03   -0.9868570E-03    0.5070866E-01   -0.1090230E-02   -0.4526139E-02    0.1855479E-02    0.2046740E-02    0.1216585E-04    0.1838391E-04    0.7153571E-04   -0.9504651E-04   -0.2008423E-03
    0.1295109E-04    0.2714741E-03   -0.2442005E-04   -0.2337977E-03   -0.3067429E-02    0.1787122E-01    0.1957754E-03    0.5419273E-03   -0.2152486E-05   -0.8506922E-01    0.1619304E+00   -0.2196120E+00    0.2171490E+00   -0.2295427E-01    0.7173559E-03   -0.8473263E-03    0.3492773E-01   -0.3967324E-02    0.4190817E-02   -0.1975976E-02   -0.1130995E-02   -0.4584861E-04    0.3563019E-04    0.5469929E-04    0.2138109E-03   -0.1519031E-01
    0.7213362E-06   -0.1517476E-04   -0.1067653E-05    0.4955637E-03    0.2373908E-02    0.1957754E-03    0.9623203E-03    0.5967632E-04    0.7090848E-05   -0.1885952E-01   -0.2645934E-01   -0.1181257E-02   -0.1152149E-01    0.6268885E-03    0.6981130E-04    0.4046134E-03    0.1885611E-02   -0.8035259E-03   -0.1591095E-03    0.3296062E-03    0.2328750E-03   -0.1810025E-05    0.7749632E-06    0.1012644E-05   -0.7507593E-06   -0.1772097E-02
    0.7741265E-06    0.2265989E-05   -0.2254341E-06    0.2679551E-04   -0.2322602E-03    0.5419273E-03    0.5967632E-04    0.3947198E-04    0.7739507E-06   -0.2267717E-01   -0.9354119E-03    0.2719529E-02   -0.1027872E-02   -0.2657462E-03    0.7097463E-04    0.1419879E-03   -0.2542557E-03   -0.4755081E-04    0.1666151E-03   -0.4621096E-04   -0.1457276E-03   -0.2139898E-05   -0.7580911E-06   -0.2523061E-05    0.5067503E-05    0.6755200E-04
   -0.3073687E-07   -0.3248204E-06   -0.5748802E-07   -0.1621537E-05    0.4183395E-04   -0.2152486E-05    0.7090848E-05    0.7739507E-06    0.5948753E-05    0.2947406E-02    0.1021769E-02   -0.1533651E-02    0.1958924E-02   -0.2363615E-03   -0.1039117E-04   -0.4000733E-04    0.1483392E-03   -0.3612089E-04   -0.2062722E-04    0.7261143E-05   -0.3038472E-04   -0.2355772E-06    0.4518918E-06    0.4759247E-06    0.2431761E-06   -0.1267893E-03
   -0.2948134E-03    0.3077503E-02   -0.3405507E-03   -0.1577217E-01    0.2758860E+00   -0.8506922E-01   -0.1885952E-01   -0.2267717E-01    0.2947406E-02    0.3437890E+03    0.3510938E+02   -0.4035756E+02    0.2289106E+02   -0.1075788E+02   -0.5138169E+00   -0.2865569E+00    0.2042806E+01    0.6783908E-02   -0.3049021E+00    0.8946172E-01    0.1413905E+00    0.6387444E-02    0.7721885E-02    0.1769115E-01    0.5167880E-02    0.4116357E+00
   -0.1250420E-03    0.2741869E-02   -0.3317167E-06   -0.1756406E-01   -0.3711663E-01    0.1619304E+00   -0.2645934E-01   -0.9354119E-03    0.1021769E-02    0.3510938E+02    0.5466956E+02    0.2125697E+01    0.1300669E+02   -0.7943626E+00    0.1800819E+00    0.3897290E+00   -0.7667434E+01   -0.1053576E+00   -0.2166333E+00   -0.1665646E+00    0.2496508E-01   -0.2607702E-03    0.1661431E-03    0.7185198E-02    0.1069150E-01   -0.5205492E+00
    0.2731800E-03   -0.4156728E-02    0.5605432E-03    0.3358787E-02   -0.1135464E+00   -0.2196120E+00   -0.1181257E-02    0.2719529E-02   -0.1533651E-02   -0.4035756E+02    0.2125697E+01    0.1665573E+03   -0.8058521E+02    0.2878328E+01    0.4174593E+00    0.6261482E+00   -0.6102415E+01    0.3549976E+00    0.2173567E+00    0.6279801E+00   -0.1701474E+00    0.7913901E-03   -0.1149887E-01   -0.8031405E-02   -0.4685522E-02   -0.2330240E-01
   -0.1335044E-03    0.4128825E-02   -0.4086469E-03   -0.1194398E-01    0.8090118E-02    0.2171490E+00   -0.1152149E-01   -0.1027872E-02    0.1958924E-02    0.2289106E+02    0.1300669E+02   -0.8058521E+02    0.5011265E+02    0.6396357E+00   -0.9059063E-01   -0.4951529E+00   -0.3076687E+01   -0.1812392E+00   -0.1052302E+00   -0.4691631E+00    0.4452493E-01   -0.3073411E-03    0.6192805E-02    0.6869497E-02    0.7509921E-02   -0.3762323E+00
    0.1678354E-05   -0.5154665E-03   -0.8516893E-05    0.9456630E-03   -0.1957444E-02   -0.2295427E-01    0.6268885E-03   -0.2657462E-03   -0.2363615E-03   -0.1075788E+02   -0.7943626E+00    0.2878328E+01    0.6396357E+00    0.2860743E+01    0.8975686E-01   -0.9635118E-01   -0.2508924E+01    0.4248280E-01   -0.6344563E-01   -0.3768689E-01    0.5178700E-01    0.6723205E-03   -0.8510056E-03   -0.8791224E-03    0.3882157E-04    0.2117792E+00
    0.2738099E-06    0.1725286E-05    0.1182069E-06    0.2974965E-04   -0.6677765E-03    0.7173559E-03    0.6981130E-04    0.7097463E-04   -0.1039117E-04   -0.5138169E+00    0.1800819E+00    0.4174593E+00   -0.9059063E-01    0.8975686E-01    0.9639325E-02    0.1434400E-01   -0.1048917E+00    0.1043521E-02    0.1407421E-02   -0.9472388E-03    0.4163777E-03    0.2091123E-04   -0.3772913E-04    0.8479958E-05    0.5399026E-04    0.7413463E-02
   -0.2170332E-05   -0.3607630E-04    0.4160925E-05    0.2861715E-03   -0.9868570E-03   -0.8473263E-03    0.4046134E-03    0.1419879E-03   -0.4000733E-04   -0.2865569E+00    0.3897290E+00    0.6261482E+00   -0.4951529E+00   -0.9635118E-01    0.1434400E-01    0.7996935E-01    0.1560894E+00   -0.9002929E-03    0.1019545E-01   -0.1116723E-02   -0.9078989E-03    0.4001550E-05   -0.1144379E-03    0.6923566E-04    0.3648781E-04    0.3194015E-01
   -0.2472073E-04    0.8817567E-03   -0.3769540E-04    0.4206102E-03    0.5070866E-01    0.3492773E-01    0.1885611E-02   -0.2542557E-03    0.1483392E-03    0.2042806E+01   -0.7667434E+01   -0.6102415E+01   -0.3076687E+01   -0.2508924E+01   -0.1048917E+00    0.1560894E+00    0.6514945E+01   -0.9629053E-01    0.6438901E-01    0.3981976E-01   -0.6512495E-01   -0.7184619E-03    0.1797724E-03   -0.4421818E-03   -0.1407684E-02    0.1013967E+00
    0.7802027E-07   -0.3360063E-04    0.4344749E-05   -0.3270695E-03   -0.1090230E-02   -0.3967324E-02   -0.8035259E-03   -0.4755081E-04   -0.3612089E-04    0.6783908E-02   -0.1053576E+00    0.3549976E+00   -0.1812392E+00    0.4248280E-01    0.1043521E-02   -0.9002929E-03   -0.9629053E-01    0.4275722E-01    0.3457177E-02    0.1638362E-02    0.4854655E-02    0.6581817E-04   -0.3314462E-04   -0.1538755E-03   -0.1513433E-03    0.1644306E-01
    0.3739404E-05    0.5329946E-04   -0.1135855E-06   -0.1344007E-03   -0.4526139E-02    0.4190817E-02   -0.1591095E-03    0.1666151E-03   -0.2062722E-04   -0.3049021E+00   -0.2166333E+00    0.2173567E+00   -0.1052302E+00   -0.6344563E-01    0.1407421E-02    0.1019545E-01    0.6438901E-01    0.3457177E-02    0.3511937E-01   -0.1503707E-02   -0.9399141E-04   -0.6996556E-04   -0.3454762E-04   -0.9579186E-04    0.5327954E-04   -0.5757898E-02
    0.4372894E-06   -0.2955500E-04   -0.7051948E-06    0.1822271E-03    0.1855479E-02   -0.1975976E-02    0.3296062E-03   -0.4621096E-04    0.7261143E-05    0.8946172E-01   -0.1665646E+00    0.6279801E+00   -0.4691631E+00   -0.3768689E-01   -0.9472388E-03   -0.1116723E-02    0.3981976E-01    0.1638362E-02   -0.1503707E-02    0.1323919E-01    0.1040876E-01    0.8799097E-05    0.7014216E-04   -0.1115264E-05   -0.7034759E-04   -0.1274335E-01
   -0.2766043E-05   -0.2305643E-05   -0.1058759E-04    0.1328803E-03    0.2046740E-02   -0.1130995E-02    0.2328750E-03   -0.1457276E-03   -0.3038472E-04    0.1413905E+00    0.2496508E-01   -0.1701474E+00    0.4452493E-01    0.5178700E-01    0.4163777E-03   -0.9078989E-03   -0.6512495E-01    0.4854655E-02   -0.9399141E-04    0.1040876E-01    0.2820549E-01    0.4176785E-04    0.1188083E-03    0.4371768E-04    0.4329057E-04   -0.1520491E-01
   -0.2973720E-07   -0.4929851E-06    0.3323625E-07   -0.3205071E-06    0.1216585E-04   -0.4584861E-04   -0.1810025E-05   -0.2139898E-05   -0.2355772E-06    0.6387444E-02   -0.2607702E-03    0.7913901E-03   -0.3073411E-03    0.6723205E-03    0.2091123E-04    0.4001550E-05   -0.7184619E-03    0.6581817E-04   -0.6996556E-04    0.8799097E-05    0.4176785E-04    0.1133978E-05   -0.3649575E-07    0.3045114E-06   -0.2693423E-06    0.4362524E-04
   -0.3508578E-07    0.8721625E-06   -0.1121056E-06   -0.1091974E-05    0.1838391E-04    0.3563019E-04    0.7749632E-06   -0.7580911E-06    0.4518918E-06    0.7721885E-02    0.1661431E-03   -0.1149887E-01    0.6192805E-02   -0.8510056E-03   -0.3772913E-04   -0.1144379E-03    0.1797724E-03   -0.3314462E-04   -0.3454762E-04    0.7014216E-04    0.1188083E-03   -0.3649575E-07    0.3358637E-05    0.2166432E-05    0.1033316E-05   -0.2851111E-03
   -0.1080994E-06    0.1375045E-05   -0.2609844E-06   -0.1689248E-05    0.7153571E-04    0.5469929E-04    0.1012644E-05   -0.2523061E-05    0.4759247E-06    0.1769115E-01    0.7185198E-02   -0.8031405E-02    0.6869497E-02   -0.8791224E-03    0.8479958E-05    0.6923566E-04   -0.4421818E-03   -0.1538755E-03   -0.9579186E-04   -0.1115264E-05    0.4371768E-04    0.3045114E-06    0.2166432E-05    0.1961129E-04    0.7429095E-05   -0.7866547E-03
   -0.2576601E-07    0.2419922E-05   -0.2154671E-06   -0.4456701E-05   -0.9504651E-04    0.2138109E-03   -0.7507593E-06    0.5067503E-05    0.2431761E-06    0.5167880E-02    0.1069150E-01   -0.4685522E-02    0.7509921E-02    0.3882157E-04    0.5399026E-04    0.3648781E-04   -0.1407684E-02   -0.1513433E-03    0.5327954E-04   -0.7034759E-04    0.4329057E-04   -0.2693423E-06    0.1033316E-05    0.7429095E-05    0.1878356E-04   -0.7162745E-03
   -0.1641817E-04   -0.3520966E-03   -0.1067387E-04   -0.2869838E-03   -0.2008423E-03   -0.1519031E-01   -0.1772097E-02    0.6755200E-04   -0.1267893E-03    0.4116357E+00   -0.5205492E+00   -0.2330240E-01   -0.3762323E+00    0.2117792E+00    0.7413463E-02    0.3194015E-01    0.1013967E+00    0.1644306E-01   -0.5757898E-02   -0.1274335E-01   -0.1520491E-01    0.4362524E-04   -0.2851111E-03   -0.7866547E-03   -0.7162745E-03    0.1121288E+01
