# omegabh2 omegach2 theta tau Alens logA ns calPlanck calTE
    0.1045378E-06   -0.3863229E-06    0.5403356E-07    0.1388193E-05    0.4009085E-04    0.4960676E-05    0.3798969E-05    0.1598557E-07    0.3165828E-06
   -0.3863229E-06    0.4863260E-05   -0.3988648E-06   -0.7344180E-05   -0.2056666E-03   -0.1425977E-04   -0.2033241E-04   -0.1127109E-06   -0.1886139E-05
    0.5403356E-07   -0.3988648E-06    0.2511883E-06    0.1050333E-05    0.2032216E-04    0.2494078E-05    0.2230708E-05    0.8762604E-08    0.1429591E-06
    0.1388193E-05   -0.7344180E-05    0.1050333E-05    0.4623075E-03   -0.2179487E-03    0.9432016E-03    0.8064634E-04   -0.2546510E-06   -0.8678351E-05
    0.4009085E-04   -0.2056666E-03    0.2032216E-04   -0.2179487E-03    0.3832996E-01    0.9014917E-03    0.2085412E-02   -0.7198044E-05    0.6717979E-04
    0.4960676E-05   -0.1425977E-04    0.2494078E-05    0.9432016E-03    0.9014917E-03    0.2182314E-02    0.2686038E-03    0.1224274E-04    0.8577935E-04
    0.3798969E-05   -0.2033241E-04    0.2230708E-05    0.8064634E-04    0.2085412E-02    0.2686038E-03    0.2325856E-03    0.1014910E-06    0.2036298E-04
    0.1598557E-07   -0.1127109E-06    0.8762604E-08   -0.2546510E-06   -0.7198044E-05    0.1224274E-04    0.1014910E-06    0.6132949E-05    0.3203639E-06
    0.3165828E-06   -0.1886139E-05    0.1429591E-06   -0.8678351E-05    0.6717979E-04    0.8577935E-04    0.2036298E-04    0.3203639E-06    0.9775293E-04
