# omegabh2 omegach2 theta tau ns nrun logA r aps100 aps143 aps217 acib143 acib217 asz143 psr cibr ncib cal0 cal2 xi aksz bm_1_1 bm_1_2 bm_1_3 bm_1_4 bm_1_5 bm_2_1 bm_2_2 bm_2_3 bm_2_4 bm_2_5 bm_3_1 bm_3_2 bm_3_3 bm_3_4 bm_3_5 bm_4_1 bm_4_2 bm_4_3 bm_4_4 bm_4_5
    0.37323E-06   -0.19899E-05    0.36465E-06    0.35773E-04    0.74144E-05   -0.87810E-05    0.68458E-04    0.54053E-05   -0.38791E-02   -0.12904E-02   -0.27561E-03   -0.37568E-03   -0.53251E-03    0.20701E-04    0.23708E-06   -0.10773E-04   -0.35719E-05    0.21342E-08   -0.19080E-07    0.65013E-05   -0.13192E-03   -0.17366E-04   -0.21767E-04    0.31031E-06   -0.15711E-05    0.14155E-05    0.10962E-04   -0.59359E-05   -0.19943E-05   -0.59083E-05    0.11146E-04   -0.17208E-04    0.94058E-05   -0.43773E-05    0.10353E-04   -0.38062E-05   -0.97543E-06   -0.45383E-05   -0.42322E-05   -0.35347E-05    0.58356E-05
   -0.19899E-05    0.15877E-04   -0.23071E-05   -0.21109E-03   -0.52458E-04    0.42340E-04   -0.39087E-03   -0.27444E-04    0.24785E-01    0.85817E-02    0.18179E-02    0.20494E-02    0.31048E-02   -0.89230E-04   -0.30981E-05    0.71700E-04    0.15366E-04   -0.11045E-07    0.18445E-06   -0.25451E-04    0.85192E-03    0.22682E-03    0.73430E-04   -0.47254E-04    0.16155E-04    0.10405E-04   -0.35297E-04   -0.45141E-06    0.22846E-04    0.13568E-04   -0.54356E-04    0.95338E-04   -0.19400E-04    0.42740E-04   -0.49248E-04   -0.12001E-04    0.22161E-04    0.39294E-04    0.49538E-05    0.17116E-04   -0.11241E-04
    0.36465E-06   -0.23071E-05    0.67722E-06    0.36240E-04    0.84941E-05   -0.79264E-05    0.68575E-04    0.43717E-05   -0.32184E-02   -0.13176E-02   -0.29632E-03   -0.29277E-03   -0.46688E-03    0.13638E-04   -0.51595E-07   -0.99458E-05   -0.34143E-05    0.27433E-08   -0.27145E-07    0.43568E-05   -0.13216E-03   -0.26930E-04   -0.11127E-04    0.54555E-05    0.37928E-05    0.37982E-05    0.41356E-05   -0.40928E-05   -0.32745E-05   -0.57166E-05    0.15194E-04   -0.14633E-04    0.11791E-04   -0.40347E-05    0.10928E-04    0.65410E-07   -0.36407E-05   -0.74466E-05   -0.33910E-06   -0.60178E-05    0.44641E-05
    0.35773E-04   -0.21109E-03    0.36240E-04    0.45261E-02    0.81776E-03   -0.97344E-03    0.87019E-02    0.12827E-03   -0.46073E+00   -0.11561E+00   -0.43848E-02   -0.44836E-01   -0.59963E-01   -0.24984E-02    0.18058E-03   -0.15502E-02   -0.14212E-03    0.13424E-06   -0.31162E-05    0.66256E-03   -0.15785E-01   -0.19122E-02   -0.13529E-02   -0.24450E-03    0.24252E-03    0.16934E-03    0.12718E-02    0.69014E-04   -0.68377E-03   -0.57312E-03    0.93694E-03   -0.16693E-02    0.97160E-03   -0.55299E-03    0.89731E-03    0.18087E-03    0.52389E-04   -0.37834E-03   -0.16270E-03    0.28903E-03    0.33208E-03
    0.74144E-05   -0.52458E-04    0.84941E-05    0.81776E-03    0.20799E-03   -0.15349E-03    0.15335E-02    0.95867E-04   -0.16799E+00   -0.26922E-01    0.13992E-01   -0.18484E-01   -0.23513E-01   -0.47733E-03    0.82568E-04   -0.63400E-03   -0.55738E-04   -0.40800E-08   -0.97650E-06    0.21249E-03   -0.64875E-02   -0.50886E-03   -0.35383E-03    0.79727E-04   -0.34825E-04   -0.12580E-04    0.52338E-03    0.11806E-03   -0.15886E-04   -0.80725E-04    0.24386E-03   -0.49274E-03    0.16212E-03   -0.15090E-03    0.22857E-03   -0.71836E-04    0.82709E-04    0.24026E-04    0.10303E-03   -0.61949E-04    0.13844E-03
   -0.87810E-05    0.42340E-04   -0.79264E-05   -0.97344E-03   -0.15349E-03    0.32099E-03   -0.19013E-02   -0.32602E-03    0.92689E-02    0.11272E-01    0.14971E-01   -0.91853E-03   -0.12590E-02    0.44752E-03    0.37909E-04   -0.82954E-04    0.18027E-04   -0.12046E-07   -0.32740E-06   -0.68122E-04   -0.15391E-02   -0.17913E-03    0.27788E-03   -0.10083E-03   -0.23933E-04   -0.14232E-03   -0.11797E-03    0.16510E-03    0.10320E-03    0.15571E-03   -0.73814E-04    0.10234E-03   -0.26799E-03   -0.45450E-04   -0.15663E-03    0.33662E-04   -0.34117E-04    0.14648E-05    0.14933E-03   -0.15754E-03   -0.45634E-05
    0.68458E-04   -0.39087E-03    0.68575E-04    0.87019E-02    0.15335E-02   -0.19013E-02    0.16780E-01    0.24064E-03   -0.88160E+00   -0.20324E+00    0.27736E-02   -0.89133E-01   -0.11572E+00   -0.65396E-02    0.38111E-03   -0.30942E-02   -0.20634E-03    0.33715E-06   -0.55109E-05    0.13119E-02   -0.30700E-01   -0.24810E-02   -0.23711E-02   -0.58484E-03    0.56264E-03    0.40612E-03    0.28213E-02    0.19892E-03   -0.13898E-02   -0.11689E-02    0.16864E-02   -0.31333E-02    0.20487E-02   -0.10205E-02    0.16343E-02    0.25757E-03    0.40862E-03   -0.55364E-03   -0.26863E-03    0.73314E-03    0.67895E-03
    0.54053E-05   -0.27444E-04    0.43717E-05    0.12827E-03    0.95867E-04   -0.32602E-03    0.24064E-03    0.45366E-02    0.20047E-01    0.12734E-01   -0.19699E-01    0.13029E-01    0.16913E-01    0.27974E-02   -0.16606E-03    0.61030E-03   -0.89884E-04   -0.18221E-06    0.19069E-05   -0.16583E-03    0.64130E-02    0.49581E-03   -0.56059E-03    0.71242E-03    0.93682E-03   -0.74787E-03    0.61293E-03   -0.25963E-03   -0.38761E-03   -0.38233E-03   -0.17108E-03    0.56312E-04    0.40743E-03   -0.21037E-03   -0.11291E-03   -0.26479E-03    0.57032E-03    0.13354E-03   -0.42485E-03    0.29101E-03   -0.56512E-03
   -0.38791E-02    0.24785E-01   -0.32184E-02   -0.46073E+00   -0.16799E+00    0.92689E-02   -0.88160E+00    0.20047E-01    0.27658E+04    0.56706E+02   -0.16399E+03    0.12903E+03    0.12022E+03   -0.70628E+02   -0.11828E+01    0.74071E+00    0.11400E+01    0.59407E-03    0.56901E-03   -0.58856E+00   -0.12979E+02    0.10484E+02   -0.96124E+01   -0.90232E+00    0.35957E+00    0.23373E-01   -0.57876E+00   -0.48919E+01   -0.46830E+00   -0.14259E+00   -0.13293E+01    0.21972E+01   -0.16476E+00    0.46894E+00   -0.71769E+00   -0.36500E+01    0.15045E+01   -0.10983E+01   -0.27183E+01   -0.38243E+00    0.22172E+01
   -0.12904E-02    0.85817E-02   -0.13176E-02   -0.11561E+00   -0.26922E-01    0.11272E-01   -0.20324E+00    0.12734E-01    0.56706E+02    0.19731E+03    0.66438E+02   -0.35591E+02   -0.12262E+02   -0.84218E+01   -0.25498E+00   -0.16475E+00   -0.16755E+00    0.21353E-03    0.32517E-02    0.12123E+01   -0.12054E+02    0.14756E+01    0.60389E+00    0.28681E+00    0.25956E+00   -0.96656E-01   -0.17168E+01   -0.75369E+00   -0.20846E+00   -0.34756E+00   -0.39373E+00    0.13535E+01    0.15460E+00    0.49732E+00   -0.11964E+00    0.51472E-01   -0.30489E+00   -0.45606E+00   -0.26888E+00    0.43644E+00   -0.16013E+00
   -0.27561E-03    0.18179E-02   -0.29632E-03   -0.43848E-02    0.13992E-01    0.14971E-01    0.27736E-02   -0.19699E-01   -0.16399E+03    0.66438E+02    0.22068E+03   -0.37428E+02   -0.78212E+02    0.31159E+01   -0.32370E-01   -0.10181E+01   -0.10255E+01    0.20765E-03   -0.44697E-02    0.42615E+00   -0.11524E+02    0.15549E+01    0.92012E+00   -0.21623E+00   -0.14102E+00    0.90324E-01    0.12858E+01    0.32792E+00   -0.25403E+00   -0.18509E+00    0.35890E+00   -0.11277E+01    0.94466E+00   -0.32321E+00    0.74716E+00    0.37966E+00    0.19812E+00    0.31973E+00    0.27652E+00    0.40190E+00   -0.98375E-01
   -0.37568E-03    0.20494E-02   -0.29277E-03   -0.44836E-01   -0.18484E-01   -0.91853E-03   -0.89133E-01    0.13029E-01    0.12903E+03   -0.35591E+02   -0.37428E+02    0.28314E+02    0.20417E+02   -0.20503E+01    0.52744E-02    0.27979E+00    0.20593E+00   -0.12610E-03   -0.86145E-03    0.25216E-02   -0.43143E+00   -0.98148E+00   -0.49900E+00   -0.11697E+00   -0.71327E-01    0.46344E-01    0.74324E+00    0.19658E+00    0.59424E-01    0.15439E+00    0.71179E-01   -0.32133E+00   -0.14608E+00   -0.13093E+00    0.27376E-01   -0.47013E-01    0.31686E+00    0.19717E+00    0.84904E-02   -0.17963E+00    0.12110E+00
   -0.53251E-03    0.31048E-02   -0.46688E-03   -0.59963E-01   -0.23513E-01   -0.12590E-02   -0.11572E+00    0.16913E-01    0.12022E+03   -0.12262E+02   -0.78212E+02    0.20417E+02    0.38260E+02   -0.18048E+01    0.58172E-01    0.47325E+00    0.52165E+00   -0.88141E-04    0.19784E-02   -0.23782E+00   -0.44697E+00   -0.55426E+00   -0.41174E+00    0.98409E-01    0.11550E-01   -0.15739E-01   -0.51611E+00   -0.11660E+00    0.56664E-01    0.20044E+00   -0.25610E+00    0.46434E+00   -0.55371E+00    0.13038E+00   -0.41412E+00   -0.22214E+00   -0.80591E-01   -0.12850E+00   -0.12596E+00   -0.81114E-01    0.15826E+00
    0.20701E-04   -0.89230E-04    0.13638E-04   -0.24984E-02   -0.47733E-03    0.44752E-03   -0.65396E-02    0.27974E-02   -0.70628E+02   -0.84218E+01    0.31159E+01   -0.20503E+01   -0.18048E+01    0.78355E+01    0.48102E-01    0.26121E+00   -0.13312E+00    0.22407E-04   -0.44338E-05   -0.28344E-01   -0.78819E-01    0.17873E+00    0.91365E-01    0.15767E-01   -0.15704E-01    0.46538E-02   -0.45475E-01    0.18862E-01   -0.50071E-01    0.10777E-01    0.22192E-01   -0.90674E-01    0.11637E-01   -0.74064E-01   -0.16606E-02    0.85563E-04   -0.76306E-01   -0.64400E-01   -0.46879E-02   -0.38570E-03    0.67711E-02
    0.23708E-06   -0.30981E-05   -0.51595E-07    0.18058E-03    0.82568E-04    0.37909E-04    0.38111E-03   -0.16606E-03   -0.11828E+01   -0.25498E+00   -0.32370E-01    0.52744E-02    0.58172E-01    0.48102E-01    0.83096E-02   -0.68628E-02    0.78408E-02    0.37621E-06   -0.27132E-04    0.35946E-02   -0.16925E-01    0.94712E-02    0.40622E-02    0.17182E-02   -0.13074E-02   -0.50775E-03    0.66972E-02    0.99193E-05   -0.34233E-03   -0.19458E-02   -0.14235E-02   -0.12672E-01   -0.10138E-02   -0.18516E-02   -0.25328E-02   -0.15064E-02   -0.29618E-02   -0.47743E-03   -0.40474E-02   -0.54660E-02   -0.83213E-03
   -0.10773E-04    0.71700E-04   -0.99458E-05   -0.15502E-02   -0.63400E-03   -0.82954E-04   -0.30942E-02    0.61030E-03    0.74071E+00   -0.16475E+00   -0.10181E+01    0.27979E+00    0.47325E+00    0.26121E+00   -0.68628E-02    0.45877E-01   -0.11959E-01   -0.11675E-05    0.89672E-04    0.54000E-03   -0.25084E-02   -0.20449E-01   -0.66335E-02   -0.69153E-03    0.27852E-02   -0.13975E-02   -0.30547E-01   -0.64228E-02    0.25839E-02   -0.16161E-02   -0.14498E-02    0.29585E-01   -0.29072E-02    0.74999E-02   -0.26032E-04    0.43958E-02   -0.36818E-02   -0.36469E-02    0.20488E-02    0.55484E-02   -0.41836E-02
   -0.35719E-05    0.15366E-04   -0.34143E-05   -0.14212E-03   -0.55738E-04    0.18027E-04   -0.20634E-03   -0.89884E-04    0.11400E+01   -0.16755E+00   -0.10255E+01    0.20593E+00    0.52165E+00   -0.13312E+00    0.78408E-02   -0.11959E-01    0.21085E-01   -0.48962E-06   -0.19431E-04   -0.26673E-02   -0.30171E-02    0.78901E-02   -0.70278E-02    0.23395E-02   -0.20095E-02   -0.11081E-02    0.33633E-02    0.45539E-02   -0.34458E-02    0.67424E-02   -0.11831E-01   -0.14520E-01   -0.18980E-01    0.17427E-02   -0.15309E-01   -0.91574E-02   -0.75986E-02   -0.16201E-02   -0.13084E-02    0.12166E-02    0.98565E-02
    0.21342E-08   -0.11045E-07    0.27433E-08    0.13424E-06   -0.40800E-08   -0.12046E-07    0.33715E-06   -0.18221E-06    0.59407E-03    0.21353E-03    0.20765E-03   -0.12610E-03   -0.88141E-04    0.22407E-04    0.37621E-06   -0.11675E-05   -0.48962E-06    0.15421E-06    0.53570E-08    0.11803E-05    0.74557E-05   -0.20677E-04   -0.12044E-04   -0.32026E-05    0.43401E-05   -0.18633E-05    0.77570E-05   -0.13401E-05    0.30232E-05    0.49067E-05    0.38250E-06    0.40540E-05    0.16159E-05   -0.13735E-05    0.49035E-05   -0.24377E-05    0.75830E-05    0.44500E-05   -0.19066E-05   -0.17940E-05    0.69614E-05
   -0.19080E-07    0.18445E-06   -0.27145E-07   -0.31162E-05   -0.97650E-06   -0.32740E-06   -0.55109E-05    0.19069E-05    0.56901E-03    0.32517E-02   -0.44697E-02   -0.86145E-03    0.19784E-02   -0.44338E-05   -0.27132E-04    0.89672E-04   -0.19431E-04    0.53570E-08    0.16519E-05   -0.75782E-05   -0.16822E-04    0.10020E-03    0.35130E-04   -0.10187E-04   -0.21225E-04   -0.47617E-05    0.20093E-03   -0.64975E-06    0.16552E-05    0.32718E-04    0.25076E-04   -0.18946E-03   -0.49935E-05   -0.42274E-04   -0.11681E-04   -0.24423E-04    0.24220E-04    0.21780E-04   -0.18272E-04   -0.31915E-04    0.39905E-04
    0.65013E-05   -0.25451E-04    0.43568E-05    0.66256E-03    0.21249E-03   -0.68122E-04    0.13119E-02   -0.16583E-03   -0.58856E+00    0.12123E+01    0.42615E+00    0.25216E-02   -0.23782E+00   -0.28344E-01    0.35946E-02    0.54000E-03   -0.26673E-02    0.11803E-05   -0.75782E-05    0.82989E-01    0.52634E-02    0.32118E-02   -0.12869E-02    0.10589E-03    0.39783E-03   -0.14560E-03    0.28985E-02    0.22628E-02    0.27156E-02   -0.15120E-02   -0.34212E-03   -0.26461E-02    0.43538E-03    0.17485E-02    0.61877E-02    0.26583E-02   -0.62864E-03    0.25064E-02    0.25483E-02   -0.73659E-03    0.21557E-02
   -0.13192E-03    0.85192E-03   -0.13216E-03   -0.15785E-01   -0.64875E-02   -0.15391E-02   -0.30700E-01    0.64130E-02   -0.12979E+02   -0.12054E+02   -0.11524E+02   -0.43143E+00   -0.44697E+00   -0.78819E-01   -0.16925E-01   -0.25084E-02   -0.30171E-02    0.74557E-05   -0.16822E-04    0.52634E-02    0.83359E+01    0.49668E-02    0.91161E-02    0.45682E-02   -0.13124E-02   -0.14570E-01   -0.42976E-01   -0.41220E-02    0.10969E-01   -0.38199E-01   -0.55088E-01    0.67295E-02   -0.57042E-01    0.77082E-02   -0.23429E-01    0.27550E-01   -0.36969E-01    0.14875E-01   -0.29214E-01   -0.72861E-02   -0.74089E-01
   -0.17366E-04    0.22682E-03   -0.26930E-04   -0.19122E-02   -0.50886E-03   -0.17913E-03   -0.24810E-02    0.49581E-03    0.10484E+02    0.14756E+01    0.15549E+01   -0.98148E+00   -0.55426E+00    0.17873E+00    0.94712E-02   -0.20449E-01    0.78901E-02   -0.20677E-04    0.10020E-03    0.32118E-02    0.49668E-02    0.71975E+00   -0.12033E+00   -0.12149E-01    0.83507E-02    0.90411E-02    0.18968E+00   -0.53688E-01   -0.47086E-01   -0.12266E-01   -0.71039E-01    0.23841E-01    0.44044E-01   -0.34110E-01   -0.54442E-01   -0.12842E+00    0.16477E+00    0.34606E-01   -0.24959E-01    0.36342E-01    0.74741E-01
   -0.21767E-04    0.73430E-04   -0.11127E-04   -0.13529E-02   -0.35383E-03    0.27788E-03   -0.23711E-02   -0.56059E-03   -0.96124E+01    0.60389E+00    0.92012E+00   -0.49900E+00   -0.41174E+00    0.91365E-01    0.40622E-02   -0.66335E-02   -0.70278E-02   -0.12044E-04    0.35130E-04   -0.12869E-02    0.91161E-02   -0.12033E+00    0.92090E+00   -0.84131E-02   -0.10796E-01    0.14939E-02   -0.15237E+00    0.18840E+00    0.58629E-01   -0.12193E-02    0.47490E-01   -0.13498E+00    0.27641E-01    0.13077E-01    0.22689E-01    0.15442E+00   -0.23485E+00    0.37091E-01    0.11140E+00    0.14938E-01   -0.19681E+00
    0.31031E-06   -0.47254E-04    0.54555E-05   -0.24450E-03    0.79727E-04   -0.10083E-03   -0.58484E-03    0.71242E-03   -0.90232E+00    0.28681E+00   -0.21623E+00   -0.11697E+00    0.98409E-01    0.15767E-01    0.17182E-02   -0.69153E-03    0.23395E-02   -0.32026E-05   -0.10187E-04    0.10589E-03    0.45682E-02   -0.12149E-01   -0.84131E-02    0.10007E+01   -0.15003E-03    0.12073E-02   -0.55735E-01   -0.25722E-01    0.15942E+00   -0.17001E-01    0.65071E-01   -0.30185E-02    0.27565E-01   -0.14577E-01   -0.22588E-01    0.10592E+00   -0.59774E-01    0.24984E-01    0.84245E-02   -0.17224E+00    0.87971E-01
   -0.15711E-05    0.16155E-04    0.37928E-05    0.24252E-03   -0.34825E-04   -0.23933E-04    0.56264E-03    0.93682E-03    0.35957E+00    0.25956E+00   -0.14102E+00   -0.71327E-01    0.11550E-01   -0.15704E-01   -0.13074E-02    0.27852E-02   -0.20095E-02    0.43401E-05   -0.21225E-04    0.39783E-03   -0.13124E-02    0.83507E-02   -0.10796E-01   -0.15003E-03    0.10024E+01    0.36854E-02    0.48196E-01   -0.91918E-01    0.79735E-01   -0.91641E-01    0.36629E-01    0.77238E-01    0.10194E+00    0.61529E-01    0.14299E+00   -0.11222E+00    0.82598E-01    0.50801E-01   -0.11812E-01   -0.11848E+00    0.53588E-01
    0.14155E-05    0.10405E-04    0.37982E-05    0.16934E-03   -0.12580E-04   -0.14232E-03    0.40612E-03   -0.74787E-03    0.23373E-01   -0.96656E-01    0.90324E-01    0.46344E-01   -0.15739E-01    0.46538E-02   -0.50775E-03   -0.13975E-02   -0.11081E-02   -0.18633E-05   -0.47617E-05   -0.14560E-03   -0.14570E-01    0.90411E-02    0.14939E-02    0.12073E-02    0.36854E-02    0.99363E+00    0.36300E-01    0.39532E-01   -0.56692E-01    0.48663E-01    0.69024E-01    0.72277E-01   -0.83137E-01   -0.78898E-01    0.67397E-01    0.50285E-01    0.10065E+00   -0.77364E-01    0.80535E-01   -0.10308E-01   -0.52414E-03
    0.10962E-04   -0.35297E-04    0.41356E-05    0.12718E-02    0.52338E-03   -0.11797E-03    0.28213E-02    0.61293E-03   -0.57876E+00   -0.17168E+01    0.12858E+01    0.74324E+00   -0.51611E+00   -0.45475E-01    0.66972E-02   -0.30547E-01    0.33633E-02    0.77570E-05    0.20093E-03    0.28985E-02   -0.42976E-01    0.18968E+00   -0.15237E+00   -0.55735E-01    0.48196E-01    0.36300E-01    0.88241E+00   -0.89750E-02   -0.56731E-03   -0.19383E-01   -0.37621E-02    0.27014E-01    0.13870E+00   -0.10705E+00    0.30585E-01   -0.79424E-01    0.66912E+00    0.25240E+00   -0.49599E-01   -0.58312E-01    0.85041E-01
   -0.59359E-05   -0.45141E-06   -0.40928E-05    0.69014E-04    0.11806E-03    0.16510E-03    0.19892E-03   -0.25963E-03   -0.48919E+01   -0.75369E+00    0.32792E+00    0.19658E+00   -0.11660E+00    0.18862E-01    0.99193E-05   -0.64228E-02    0.45539E-02   -0.13401E-05   -0.64975E-06    0.22628E-02   -0.41220E-02   -0.53688E-01    0.18840E+00   -0.25722E-01   -0.91918E-01    0.39532E-01   -0.89750E-02    0.98760E+00    0.46888E-02    0.17366E-01    0.41917E-02    0.35438E-01    0.47470E-02   -0.57400E-01   -0.88053E-02    0.14798E+00   -0.86478E-01    0.25814E+00    0.76448E+00    0.30105E+00   -0.17804E+00
   -0.19943E-05    0.22846E-04   -0.32745E-05   -0.68377E-03   -0.15886E-04    0.10320E-03   -0.13898E-02   -0.38761E-03   -0.46830E+00   -0.20846E+00   -0.25403E+00    0.59424E-01    0.56664E-01   -0.50071E-01   -0.34233E-03    0.25839E-02   -0.34458E-02    0.30232E-05    0.16552E-05    0.27156E-02    0.10969E-01   -0.47086E-01    0.58629E-01    0.15942E+00    0.79735E-01   -0.56692E-01   -0.56731E-03    0.46888E-02    0.98609E+00   -0.82012E-02    0.14827E-02    0.72692E-01   -0.31150E-01    0.14421E+00    0.13659E+00   -0.13885E+00   -0.19564E+00    0.62917E+00    0.14226E+00   -0.60422E+00    0.18361E+00
   -0.59083E-05    0.13568E-04   -0.57166E-05   -0.57312E-03   -0.80725E-04    0.15571E-03   -0.11689E-02   -0.38233E-03   -0.14259E+00   -0.34756E+00   -0.18509E+00    0.15439E+00    0.20044E+00    0.10777E-01   -0.19458E-02   -0.16161E-02    0.67424E-02    0.49067E-05    0.32718E-04   -0.15120E-02   -0.38199E-01   -0.12266E-01   -0.12193E-02   -0.17001E-01   -0.91641E-01    0.48663E-01   -0.19383E-01    0.17366E-01   -0.82012E-02    0.98642E+00   -0.16820E-03   -0.20692E-01   -0.74676E-01   -0.16447E+00   -0.26526E-01   -0.10470E+00   -0.78243E-01    0.72520E-01   -0.39072E-01    0.30225E+00    0.65826E+00
    0.11146E-04   -0.54356E-04    0.15194E-04    0.93694E-03    0.24386E-03   -0.73814E-04    0.16864E-02   -0.17108E-03   -0.13293E+01   -0.39373E+00    0.35890E+00    0.71179E-01   -0.25610E+00    0.22192E-01   -0.14235E-02   -0.14498E-02   -0.11831E-01    0.38250E-06    0.25076E-04   -0.34212E-03   -0.55088E-01   -0.71039E-01    0.47490E-01    0.65071E-01    0.36629E-01    0.69024E-01   -0.37621E-02    0.41917E-02    0.14827E-02   -0.16820E-03    0.99660E+00   -0.79862E-01    0.99226E-01    0.34424E-01    0.15990E+00    0.97956E-02    0.10776E+00   -0.55354E+00    0.39163E+00   -0.34227E+00    0.21829E+00
   -0.17208E-04    0.95338E-04   -0.14633E-04   -0.16693E-02   -0.49274E-03    0.10234E-03   -0.31333E-02    0.56312E-04    0.21972E+01    0.13535E+01   -0.11277E+01   -0.32133E+00    0.46434E+00   -0.90674E-01   -0.12672E-01    0.29585E-01   -0.14520E-01    0.40540E-05   -0.18946E-03   -0.26461E-02    0.67295E-02    0.23841E-01   -0.13498E+00   -0.30185E-02    0.77238E-01    0.72277E-01    0.27014E-01    0.35438E-01    0.72692E-01   -0.20692E-01   -0.79862E-01    0.91670E+00   -0.16234E-01   -0.14740E-01   -0.28926E-03   -0.88556E-02    0.60029E+00    0.17212E+00    0.10517E+00    0.59363E-01   -0.85112E-01
    0.94058E-05   -0.19400E-04    0.11791E-04    0.97160E-03    0.16212E-03   -0.26799E-03    0.20487E-02    0.40743E-03   -0.16476E+00    0.15460E+00    0.94466E+00   -0.14608E+00   -0.55371E+00    0.11637E-01   -0.10138E-02   -0.29072E-02   -0.18980E-01    0.16159E-05   -0.49935E-05    0.43538E-03   -0.57042E-01    0.44044E-01    0.27641E-01    0.27565E-01    0.10194E+00   -0.83137E-01    0.13870E+00    0.47470E-02   -0.31150E-01   -0.74676E-01    0.99226E-01   -0.16234E-01    0.99457E+00   -0.84449E-02   -0.11970E-02   -0.33897E-01    0.97007E-01    0.16472E+00    0.82692E-02    0.12832E+00    0.17357E+00
   -0.43773E-05    0.42740E-04   -0.40347E-05   -0.55299E-03   -0.15090E-03   -0.45450E-04   -0.10205E-02   -0.21037E-03    0.46894E+00    0.49732E+00   -0.32321E+00   -0.13093E+00    0.13038E+00   -0.74064E-01   -0.18516E-02    0.74999E-02    0.17427E-02   -0.13735E-05   -0.42274E-04    0.17485E-02    0.77082E-02   -0.34110E-01    0.13077E-01   -0.14577E-01    0.61529E-01   -0.78898E-01   -0.10705E+00   -0.57400E-01    0.14421E+00   -0.16447E+00    0.34424E-01   -0.14740E-01   -0.84449E-02    0.10111E+01    0.52402E-02    0.14354E-01   -0.12891E+00    0.42199E-01    0.17223E+00    0.22960E-01   -0.68981E-01
    0.10353E-04   -0.49248E-04    0.10928E-04    0.89731E-03    0.22857E-03   -0.15663E-03    0.16343E-02   -0.11291E-03   -0.71769E+00   -0.11964E+00    0.74716E+00    0.27376E-01   -0.41412E+00   -0.16606E-02   -0.25328E-02   -0.26032E-04   -0.15309E-01    0.49035E-05   -0.11681E-04    0.61877E-02   -0.23429E-01   -0.54442E-01    0.22689E-01   -0.22588E-01    0.14299E+00    0.67397E-01    0.30585E-01   -0.88053E-02    0.13659E+00   -0.26526E-01    0.15990E+00   -0.28926E-03   -0.11970E-02    0.52402E-02    0.98385E+00    0.28250E-02    0.67466E-02    0.32775E-01    0.12432E+00   -0.24548E+00    0.10838E+00
   -0.38062E-05   -0.12001E-04    0.65410E-07    0.18087E-03   -0.71836E-04    0.33662E-04    0.25757E-03   -0.26479E-03   -0.36500E+01    0.51472E-01    0.37966E+00   -0.47013E-01   -0.22214E+00    0.85563E-04   -0.15064E-02    0.43958E-02   -0.91574E-02   -0.24377E-05   -0.24423E-04    0.26583E-02    0.27550E-01   -0.12842E+00    0.15442E+00    0.10592E+00   -0.11222E+00    0.50285E-01   -0.79424E-01    0.14798E+00   -0.13885E+00   -0.10470E+00    0.97956E-02   -0.88556E-02   -0.33897E-01    0.14354E-01    0.28250E-02    0.98112E+00   -0.54885E-01   -0.62773E-01    0.37756E-01    0.18046E+00   -0.10593E+00
   -0.97543E-06    0.22161E-04   -0.36407E-05    0.52389E-04    0.82709E-04   -0.34117E-04    0.40862E-03    0.57032E-03    0.15045E+01   -0.30489E+00    0.19812E+00    0.31686E+00   -0.80591E-01   -0.76306E-01   -0.29618E-02   -0.36818E-02   -0.75986E-02    0.75830E-05    0.24220E-04   -0.62864E-03   -0.36969E-01    0.16477E+00   -0.23485E+00   -0.59774E-01    0.82598E-01    0.10065E+00    0.66912E+00   -0.86478E-01   -0.19564E+00   -0.78243E-01    0.10776E+00    0.60029E+00    0.97007E-01   -0.12891E+00    0.67466E-02   -0.54885E-01    0.98481E+00   -0.70271E-02   -0.33359E-02    0.16014E-02   -0.15226E-01
   -0.45383E-05    0.39294E-04   -0.74466E-05   -0.37834E-03    0.24026E-04    0.14648E-05   -0.55364E-03    0.13354E-03   -0.10983E+01   -0.45606E+00    0.31973E+00    0.19717E+00   -0.12850E+00   -0.64400E-01   -0.47743E-03   -0.36469E-02   -0.16201E-02    0.44500E-05    0.21780E-04    0.25064E-02    0.14875E-01    0.34606E-01    0.37091E-01    0.24984E-01    0.50801E-01   -0.77364E-01    0.25240E+00    0.25814E+00    0.62917E+00    0.72520E-01   -0.55354E+00    0.17212E+00    0.16472E+00    0.42199E-01    0.32775E-01   -0.62773E-01   -0.70271E-02    0.98749E+00    0.60784E-02    0.89376E-02    0.30402E-02
   -0.42322E-05    0.49538E-05   -0.33910E-06   -0.16270E-03    0.10303E-03    0.14933E-03   -0.26863E-03   -0.42485E-03   -0.27183E+01   -0.26888E+00    0.27652E+00    0.84904E-02   -0.12596E+00   -0.46879E-02   -0.40474E-02    0.20488E-02   -0.13084E-02   -0.19066E-05   -0.18272E-04    0.25483E-02   -0.29214E-01   -0.24959E-01    0.11140E+00    0.84245E-02   -0.11812E-01    0.80535E-01   -0.49599E-01    0.76448E+00    0.14226E+00   -0.39072E-01    0.39163E+00    0.10517E+00    0.82692E-02    0.17223E+00    0.12432E+00    0.37756E-01   -0.33359E-02    0.60784E-02    0.98278E+00    0.33281E-03    0.70526E-02
   -0.35347E-05    0.17116E-04   -0.60178E-05    0.28903E-03   -0.61949E-04   -0.15754E-03    0.73314E-03    0.29101E-03   -0.38243E+00    0.43644E+00    0.40190E+00   -0.17963E+00   -0.81114E-01   -0.38570E-03   -0.54660E-02    0.55484E-02    0.12166E-02   -0.17940E-05   -0.31915E-04   -0.73659E-03   -0.72861E-02    0.36342E-01    0.14938E-01   -0.17224E+00   -0.11848E+00   -0.10308E-01   -0.58312E-01    0.30105E+00   -0.60422E+00    0.30225E+00   -0.34227E+00    0.59363E-01    0.12832E+00    0.22960E-01   -0.24548E+00    0.18046E+00    0.16014E-02    0.89376E-02    0.33281E-03    0.97342E+00   -0.75498E-02
    0.58356E-05   -0.11241E-04    0.44641E-05    0.33208E-03    0.13844E-03   -0.45634E-05    0.67895E-03   -0.56512E-03    0.22172E+01   -0.16013E+00   -0.98375E-01    0.12110E+00    0.15826E+00    0.67711E-02   -0.83213E-03   -0.41836E-02    0.98565E-02    0.69614E-05    0.39905E-04    0.21557E-02   -0.74089E-01    0.74741E-01   -0.19681E+00    0.87971E-01    0.53588E-01   -0.52414E-03    0.85041E-01   -0.17804E+00    0.18361E+00    0.65826E+00    0.21829E+00   -0.85112E-01    0.17357E+00   -0.68981E-01    0.10838E+00   -0.10593E+00   -0.15226E-01    0.30402E-02    0.70526E-02   -0.75498E-02    0.96564E+00
