# omegabh2 omegach2 theta tau logA ns aps100 aps143 aps217 acib143 acib217 asz143 psr cibr ncib xi aksz cal0 cal2 bm_1_1
    0.5460688E-07   -0.2564094E-06    0.5222358E-07    0.1068312E-05    0.1647120E-05    0.7349554E-06   -0.3968390E-03   -0.4175375E-03    0.1462768E-03   -0.7659738E-04   -0.2830452E-03   -0.5251846E-05    0.5969382E-06   -0.3656101E-05   -0.4297505E-05    0.1019684E-05   -0.5696263E-04    0.5801969E-08    0.1472230E-07   -0.6354367E-05
   -0.2564094E-06    0.4309505E-05   -0.4053744E-06   -0.1025486E-04   -0.9998435E-05   -0.9627101E-05    0.5495837E-02    0.2387619E-02   -0.4392368E-03   -0.7213397E-06    0.1191814E-02   -0.2906401E-04   -0.1370230E-05    0.1866102E-04    0.2302671E-04    0.6192604E-05    0.6533362E-04    0.7625969E-08    0.1394603E-06    0.1067172E-03
    0.5222358E-07   -0.4053744E-06    0.2476433E-06    0.1474122E-05    0.2165723E-05    0.1280232E-05   -0.3897996E-04   -0.3883695E-03   -0.9339531E-04    0.8059881E-05   -0.1304902E-03    0.1257467E-04   -0.1089808E-05   -0.1079374E-05   -0.5234903E-05   -0.1679698E-05   -0.2262088E-04    0.5865059E-08    0.3306224E-07   -0.7078455E-05
    0.1068312E-05   -0.1025486E-04    0.1474122E-05    0.1799341E-03    0.3332068E-03    0.3485967E-04   -0.3643529E-01   -0.1331593E-01    0.1083853E-01   -0.7570381E-03   -0.1066577E-01   -0.3235303E-04    0.6023118E-04   -0.2035500E-03   -0.1639244E-03    0.1800092E-03   -0.2764181E-02   -0.1264606E-06    0.1042908E-05   -0.3703251E-03
    0.1647120E-05   -0.9998435E-05    0.2165723E-05    0.3332068E-03    0.6459288E-03    0.4577729E-04   -0.6463836E-01   -0.1543456E-01    0.2772988E-01   -0.4768133E-02   -0.2114328E-01   -0.9010741E-03    0.1377709E-03   -0.4458933E-03   -0.2530989E-03    0.4002033E-03   -0.6708841E-02    0.1210521E-06    0.3913235E-05    0.3354994E-04
    0.7349554E-06   -0.9627101E-05    0.1280232E-05    0.3485967E-04    0.4577729E-04    0.3715040E-04   -0.3131554E-01   -0.4336780E-02    0.1776578E-01   -0.5024151E-02   -0.1165966E-01   -0.5939865E-03    0.5086649E-04   -0.1933644E-03   -0.1288339E-03    0.4347624E-04   -0.3497960E-02   -0.2472978E-06    0.7607801E-06    0.9604887E-05
   -0.3968390E-03    0.5495837E-02   -0.3897996E-04   -0.3643529E-01   -0.6463836E-01   -0.3131554E-01    0.2337176E+04    0.6953991E+02   -0.1079906E+03    0.5878923E+02    0.7302151E+02   -0.5309169E+02   -0.8530407E+00   -0.8160901E+00    0.6459815E+00   -0.8037905E-01   -0.1099468E+02    0.2476891E-02   -0.5013788E-03    0.1064402E+02
   -0.4175375E-03    0.2387619E-02   -0.3883695E-03   -0.1331593E-01   -0.1543456E-01   -0.4336780E-02    0.6953991E+02    0.1196858E+03    0.3372959E+02   -0.1996698E+02   -0.1471431E+01   -0.6816721E+01   -0.1426338E+00    0.1023527E+00    0.7690008E-01    0.1032804E+01   -0.1296314E+02    0.1133047E-03    0.2561859E-03    0.2320899E+00
    0.1462768E-03   -0.4392368E-03   -0.9339531E-04    0.1083853E-01    0.2772988E-01    0.1776578E-01   -0.1079906E+03    0.3372959E+02    0.3038904E+03   -0.3212832E+02   -0.1417884E+03    0.1509482E+01    0.1404524E+00   -0.1392903E+01   -0.1764845E+01    0.5087880E+00   -0.9336320E+01    0.8413697E-04   -0.3176031E-02    0.2772439E+00
   -0.7659738E-04   -0.7213397E-06    0.8059881E-05   -0.7570381E-03   -0.4768133E-02   -0.5024151E-02    0.5878923E+02   -0.1996698E+02   -0.3212832E+02    0.2243420E+02    0.1876328E+02   -0.1400541E+01   -0.2517964E-03    0.4958297E-01    0.2038065E+00    0.1520247E+00   -0.8885981E+00   -0.2733030E-03   -0.1197707E-02   -0.3305707E+00
   -0.2830452E-03    0.1191814E-02   -0.1304902E-03   -0.1066577E-01   -0.2114328E-01   -0.1165966E-01    0.7302151E+02   -0.1471431E+01   -0.1417884E+03    0.1876328E+02    0.7814965E+02   -0.2210494E+00   -0.1655961E-01    0.6712921E+00    0.1070274E+01   -0.2645748E+00   -0.1938004E+01   -0.3222492E-04    0.8275187E-03   -0.1452073E-01
   -0.5251846E-05   -0.2906401E-04    0.1257467E-04   -0.3235303E-04   -0.9010741E-03   -0.5939865E-03   -0.5309169E+02   -0.6816721E+01    0.1509482E+01   -0.1400541E+01   -0.2210494E+00    0.6631059E+01    0.7173598E-01    0.2153410E+00   -0.1140838E-01   -0.5952892E-01   -0.3040096E+00    0.1006638E-03   -0.5313816E-03    0.1527127E+00
    0.5969382E-06   -0.1370230E-05   -0.1089808E-05    0.6023118E-04    0.1377709E-03    0.5086649E-04   -0.8530407E+00   -0.1426338E+00    0.1404524E+00   -0.2517964E-03   -0.1655961E-01    0.7173598E-01    0.1406806E-01   -0.8496905E-02    0.4021381E-02    0.8128960E-02   -0.1470648E-01    0.2009551E-05   -0.1602985E-04    0.3905743E-02
   -0.3656101E-05    0.1866102E-04   -0.1079374E-05   -0.2035500E-03   -0.4458933E-03   -0.1933644E-03   -0.8160901E+00    0.1023527E+00   -0.1392903E+01    0.4958297E-01    0.6712921E+00    0.2153410E+00   -0.8496905E-02    0.4877655E-01   -0.1199761E-02    0.3864145E-02   -0.4504592E-01    0.5727172E-05    0.8181744E-04   -0.1491461E-02
   -0.4297505E-05    0.2302671E-04   -0.5234903E-05   -0.1639244E-03   -0.2530989E-03   -0.1288339E-03    0.6459815E+00    0.7690008E-01   -0.1764845E+01    0.2038065E+00    0.1070274E+01   -0.1140838E-01    0.4021381E-02   -0.1199761E-02    0.2499636E-01   -0.1334373E-02   -0.9680543E-02    0.1485311E-05   -0.6697371E-04    0.9239144E-02
    0.1019684E-05    0.6192604E-05   -0.1679698E-05    0.1800092E-03    0.4002033E-03    0.4347624E-04   -0.8037905E-01    0.1032804E+01    0.5087880E+00    0.1520247E+00   -0.2645748E+00   -0.5952892E-01    0.8128960E-02    0.3864145E-02   -0.1334373E-02    0.7998560E-01    0.2886297E-02   -0.7712980E-05   -0.1405364E-04   -0.2283105E-02
   -0.5696263E-04    0.6533362E-04   -0.2262088E-04   -0.2764181E-02   -0.6708841E-02   -0.3497960E-02   -0.1099468E+02   -0.1296314E+02   -0.9336320E+01   -0.8885981E+00   -0.1938004E+01   -0.3040096E+00   -0.1470648E-01   -0.4504592E-01   -0.9680543E-02    0.2886297E-02    0.8143036E+01    0.4060717E-04    0.1059981E-05    0.1515587E-01
    0.5801969E-08    0.7625969E-08    0.5865059E-08   -0.1264606E-06    0.1210521E-06   -0.2472978E-06    0.2476891E-02    0.1133047E-03    0.8413697E-04   -0.2733030E-03   -0.3222492E-04    0.1006638E-03    0.2009551E-05    0.5727172E-05    0.1485311E-05   -0.7712980E-05    0.4060717E-04    0.8609251E-06    0.6246000E-07   -0.8968250E-04
    0.1472230E-07    0.1394603E-06    0.3306224E-07    0.1042908E-05    0.3913235E-05    0.7607801E-06   -0.5013788E-03    0.2561859E-03   -0.3176031E-02   -0.1197707E-02    0.8275187E-03   -0.5313816E-03   -0.1602985E-04    0.8181744E-04   -0.6697371E-04   -0.1405364E-04    0.1059981E-05    0.6246000E-07    0.5487853E-05    0.2446792E-03
   -0.6354367E-05    0.1067172E-03   -0.7078455E-05   -0.3703251E-03    0.3354994E-04    0.9604887E-05    0.1064402E+02    0.2320899E+00    0.2772439E+00   -0.3305707E+00   -0.1452073E-01    0.1527127E+00    0.3905743E-02   -0.1491461E-02    0.9239144E-02   -0.2283105E-02    0.1515587E-01   -0.8968250E-04    0.2446792E-03    0.2567089E+00
