# omegabh2 omegach2 theta tau Alens ns logA aps100 aps143 aps217 acib143 acib217 asz143 psr cibr cal0 cal2 xi aksz bm_1_1
    0.12588E-06   -0.78198E-06    0.14192E-06    0.68159E-06    0.26593E-04    0.22333E-05   -0.18213E-06   -0.10993E-02   -0.64197E-03   -0.39584E-03   -0.24372E-03   -0.33939E-03   -0.14795E-04   -0.43405E-07   -0.88871E-05    0.30242E-08    0.23656E-08    0.17975E-05   -0.73482E-04   -0.33560E-04
   -0.78198E-06    0.97958E-05   -0.11824E-05   -0.78234E-05   -0.21666E-03   -0.24257E-04    0.66132E-05    0.51003E-02    0.36056E-02    0.24533E-02    0.12837E-02    0.19071E-02    0.12062E-03    0.33988E-06    0.62542E-04   -0.32087E-07   -0.15360E-07   -0.79537E-05    0.41297E-03    0.25782E-03
    0.14192E-06   -0.11824E-05    0.47929E-06    0.12716E-05    0.33011E-04    0.35224E-05    0.23551E-06   -0.73914E-04   -0.58818E-03   -0.47196E-03   -0.10055E-03   -0.23844E-03   -0.25029E-04    0.79244E-07   -0.11630E-04    0.57013E-08    0.10880E-07    0.32819E-05   -0.64631E-04   -0.30231E-04
    0.68159E-06   -0.78234E-05    0.12716E-05    0.21496E-03   -0.32290E-03    0.26149E-04    0.41041E-03   -0.96854E-02    0.90918E-03    0.41265E-02   -0.42969E-02   -0.49097E-02   -0.57595E-04    0.45334E-05   -0.14312E-03    0.27028E-07   -0.70711E-08   -0.37478E-04   -0.81867E-03   -0.26887E-03
    0.26593E-04   -0.21666E-03    0.33011E-04   -0.32290E-03    0.15300E-01    0.60517E-03   -0.10864E-02   -0.34430E+00   -0.12086E+00   -0.53763E-01   -0.70991E-01   -0.11478E+00   -0.75308E-02   -0.14472E-04   -0.32893E-02    0.22365E-06    0.54874E-06    0.11955E-02   -0.22082E-01   -0.10461E-01
    0.22333E-05   -0.24257E-04    0.35224E-05    0.26149E-04    0.60517E-03    0.78832E-04   -0.37038E-05   -0.24833E-01   -0.44664E-02    0.31409E-02   -0.78633E-02   -0.12318E-01   -0.86567E-03    0.20882E-05   -0.37833E-03   -0.18265E-07    0.20473E-06    0.79269E-04   -0.26459E-02   -0.92345E-03
   -0.18213E-06    0.66132E-05    0.23551E-06    0.41041E-03   -0.10864E-02   -0.37038E-05    0.83952E-03    0.89423E-03    0.17680E-01    0.22538E-01   -0.82599E-02   -0.99647E-02   -0.37492E-03    0.12563E-04   -0.31027E-03    0.69001E-07    0.23261E-06   -0.44091E-04   -0.16604E-02    0.40027E-03
   -0.10993E-02    0.51003E-02   -0.73914E-04   -0.96854E-02   -0.34430E+00   -0.24833E-01    0.89423E-03    0.27242E+04    0.18067E+03    0.78175E+02    0.10841E+03   -0.12730E+02   -0.27301E+02    0.39660E-01   -0.50332E+01    0.10323E-02    0.43321E-02    0.28476E+01   -0.46021E+01    0.10877E+02
   -0.64197E-03    0.36056E-02   -0.58818E-03    0.90918E-03   -0.12086E+00   -0.44664E-02    0.17680E-01    0.18067E+03    0.14555E+03    0.10139E+03   -0.25717E+02   -0.33063E+02   -0.43621E+01    0.27330E-01   -0.11960E+01    0.87836E-04    0.61838E-03    0.49515E+00   -0.50908E+01    0.11513E+00
   -0.39584E-03    0.24533E-02   -0.47196E-03    0.41265E-02   -0.53763E-01    0.31409E-02    0.22538E-01    0.78175E+02    0.10139E+03    0.18514E+03   -0.23779E+02   -0.69726E+02   -0.29491E+01    0.38110E-01   -0.17049E+01    0.26357E-04   -0.38524E-02    0.42904E+00   -0.55743E+01    0.20810E+00
   -0.24372E-03    0.12837E-02   -0.10055E-03   -0.42969E-02   -0.70991E-01   -0.78633E-02   -0.82599E-02    0.10841E+03   -0.25717E+02   -0.23779E+02    0.28864E+02    0.14490E+02   -0.11627E+01   -0.54056E-02   -0.12817E-01   -0.10715E-03   -0.25671E-03    0.27560E+00   -0.19460E+00   -0.61640E+00
   -0.33939E-03    0.19071E-02   -0.23844E-03   -0.49097E-02   -0.11478E+00   -0.12318E-01   -0.99647E-02   -0.12730E+02   -0.33063E+02   -0.69726E+02    0.14490E+02    0.37600E+02    0.16830E+01   -0.16005E-01    0.94242E+00    0.14564E-05    0.21500E-02   -0.22074E+00   -0.14280E+00    0.17378E-01
   -0.14795E-04    0.12062E-03   -0.25029E-04   -0.57595E-04   -0.75308E-02   -0.86567E-03   -0.37492E-03   -0.27301E+02   -0.43621E+01   -0.29491E+01   -0.11627E+01    0.16830E+01    0.65735E+00   -0.13607E-02    0.14471E+00    0.72848E-06   -0.14707E-03   -0.65409E-01   -0.97264E-02    0.10164E+00
   -0.43405E-07    0.33988E-06    0.79244E-07    0.45334E-05   -0.14472E-04    0.20882E-05    0.12563E-04    0.39660E-01    0.27330E-01    0.38110E-01   -0.54056E-02   -0.16005E-01   -0.13607E-02    0.18930E-03   -0.55024E-03    0.18475E-07   -0.57820E-06    0.12044E-03   -0.13297E-02   -0.28358E-03
   -0.88871E-05    0.62542E-04   -0.11630E-04   -0.14312E-03   -0.32893E-02   -0.37833E-03   -0.31027E-03   -0.50332E+01   -0.11960E+01   -0.17049E+01   -0.12817E-01    0.94242E+00    0.14471E+00   -0.55024E-03    0.52367E-01    0.56823E-06    0.18441E-04   -0.11938E-01   -0.86526E-02    0.22210E-01
    0.30242E-08   -0.32087E-07    0.57013E-08    0.27028E-07    0.22365E-06   -0.18265E-07    0.69001E-07    0.10323E-02    0.87836E-04    0.26357E-04   -0.10715E-03    0.14564E-05    0.72848E-06    0.18475E-07    0.56823E-06    0.16531E-06    0.78083E-08   -0.18533E-06   -0.23430E-05   -0.38995E-04
    0.23656E-08   -0.15360E-07    0.10880E-07   -0.70711E-08    0.54874E-06    0.20473E-06    0.23261E-06    0.43321E-02    0.61838E-03   -0.38524E-02   -0.25671E-03    0.21500E-02   -0.14707E-03   -0.57820E-06    0.18441E-04    0.78083E-08    0.95025E-06   -0.20678E-05   -0.17599E-04    0.15311E-04
    0.17975E-05   -0.79537E-05    0.32819E-05   -0.37478E-04    0.11955E-02    0.79269E-04   -0.44091E-04    0.28476E+01    0.49515E+00    0.42904E+00    0.27560E+00   -0.22074E+00   -0.65409E-01    0.12044E-03   -0.11938E-01   -0.18533E-06   -0.20678E-05    0.31831E-01    0.12397E-03   -0.11898E-01
   -0.73482E-04    0.41297E-03   -0.64631E-04   -0.81867E-03   -0.22082E-01   -0.26459E-02   -0.16604E-02   -0.46021E+01   -0.50908E+01   -0.55743E+01   -0.19460E+00   -0.14280E+00   -0.97264E-02   -0.13297E-02   -0.86526E-02   -0.23430E-05   -0.17599E-04    0.12397E-03    0.18374E+01    0.68383E-02
   -0.33560E-04    0.25782E-03   -0.30231E-04   -0.26887E-03   -0.10461E-01   -0.92345E-03    0.40027E-03    0.10877E+02    0.11513E+00    0.20810E+00   -0.61640E+00    0.17378E-01    0.10164E+00   -0.28358E-03    0.22210E-01   -0.38995E-04    0.15311E-04   -0.11898E-01    0.68383E-02    0.62213E+00
