# omegabh2 omegach2 theta tau meffsterile nnu logA ns aps100 aps143 aps217 acib143 acib217 asz143 psr cibr ncib xi aksz cal0 cal2 calTE calEE bm_1_1
    0.3879827E-07    0.1700829E-06   -0.1232492E-07    0.1052201E-05   -0.5294819E-06    0.1741479E-04    0.2467425E-05    0.9344941E-06    0.8154770E-04   -0.7947635E-04   -0.1303663E-03    0.4011659E-05    0.2830296E-04    0.8885037E-05   -0.6181265E-07    0.2040718E-05   -0.3280844E-06    0.2217023E-05   -0.1909167E-05    0.9386336E-09    0.1870510E-07   -0.2502904E-07   -0.8687756E-07   -0.5001540E-06
    0.1700829E-06    0.9619373E-05   -0.7973727E-06    0.2671253E-05   -0.4994948E-04    0.4093781E-03    0.2416125E-04    0.1041250E-04    0.1110965E-01    0.2823101E-02   -0.4644416E-02    0.1445169E-02    0.3734532E-02   -0.4029344E-04   -0.1570379E-04    0.8530295E-04    0.1836804E-04    0.1086029E-04    0.9953965E-03    0.3241805E-07    0.2210655E-06    0.9940372E-06    0.3685300E-05    0.3813250E-04
   -0.1232492E-07   -0.7973727E-06    0.1591169E-06   -0.2199205E-06   -0.6312498E-05   -0.4108937E-04   -0.2042071E-05   -0.1014255E-05   -0.7007908E-03   -0.4093620E-03    0.5104858E-03   -0.6514907E-04   -0.3904104E-03    0.1538195E-04    0.1161905E-05   -0.6869628E-05   -0.5156925E-05   -0.1179404E-05   -0.1149525E-03    0.4888440E-08   -0.1241528E-07   -0.1347188E-06   -0.3821759E-06   -0.7811251E-05
    0.1052201E-05    0.2671253E-05   -0.2199205E-06    0.1964101E-03   -0.2385199E-04    0.5157856E-03    0.3924106E-03    0.4394665E-04   -0.4834690E-01    0.9398952E-03    0.9668758E-02   -0.2090151E-02   -0.6250313E-02   -0.1023246E-03    0.7601570E-04   -0.1570238E-03   -0.2286057E-04    0.2490477E-03   -0.3259903E-02   -0.3377624E-06    0.2376938E-06   -0.9015309E-05   -0.3888370E-05   -0.5050683E-03
   -0.5294819E-06   -0.4994948E-04   -0.6312498E-05   -0.2385199E-04    0.2596726E-01    0.3633215E-02    0.1102665E-04   -0.2738175E-03   -0.5489969E-01    0.8171860E-01   -0.9659353E-02    0.2458881E-01    0.4498415E-01   -0.1635044E-02    0.4951852E-03   -0.1019905E-02    0.8879512E-03   -0.1230068E-02    0.2742954E-01   -0.8053699E-05   -0.5558539E-05    0.3811332E-04    0.2183265E-04    0.7438430E-03
    0.1741479E-04    0.4093781E-03   -0.4108937E-04    0.5157856E-03    0.3633215E-02    0.2530351E-01    0.1868192E-02    0.8534743E-03    0.5450693E+00    0.1735172E+00   -0.2462139E+00    0.7472353E-01    0.2000083E+00   -0.8851854E-02   -0.5450674E-03    0.3273415E-02    0.1423701E-02    0.7142104E-03    0.4769160E-01   -0.2111843E-06    0.9016326E-05    0.9016354E-04    0.2426605E-03    0.9591627E-03
    0.2467425E-05    0.2416125E-04   -0.2042071E-05    0.3924106E-03    0.1102665E-04    0.1868192E-02    0.8301494E-03    0.1046257E-03   -0.7257714E-01    0.1252673E-01    0.1606132E-01   -0.3334010E-02   -0.6428137E-02   -0.1050205E-02    0.1443567E-03   -0.2268351E-03    0.1899274E-04    0.5349812E-03   -0.5822148E-02   -0.4906347E-06    0.2349977E-05   -0.1396923E-04    0.4394288E-05   -0.4025235E-03
    0.9344941E-06    0.1041250E-04   -0.1014255E-05    0.4394665E-04   -0.2738175E-03    0.8534743E-03    0.1046257E-03    0.5792672E-04   -0.6864132E-02    0.3959126E-02    0.6480266E-02   -0.2236269E-02   -0.2207221E-02   -0.9469321E-03    0.2486530E-04   -0.2562502E-04   -0.5876528E-05    0.9788863E-04   -0.1334693E-02   -0.1145057E-07    0.7592971E-06    0.2290547E-05    0.6525914E-05    0.4408564E-04
    0.8154770E-04    0.1110965E-01   -0.7007908E-03   -0.4834690E-01   -0.5489969E-01    0.5450693E+00   -0.7257714E-01   -0.6864132E-02    0.2388948E+04    0.1074440E+03   -0.1018921E+03    0.5115836E+02    0.8016527E+02   -0.5219800E+02   -0.7629679E+00   -0.6034401E+00    0.6088698E+00    0.9388534E-01   -0.2002386E+02    0.2438375E-02    0.1021911E-02    0.5226523E-02    0.1327944E-01    0.1111777E+02
   -0.7947635E-04    0.2823101E-02   -0.4093620E-03    0.9398952E-03    0.8171860E-01    0.1735172E+00    0.1252673E-01    0.3959126E-02    0.1074440E+03    0.1139516E+03    0.2454805E+02   -0.1639055E+02    0.3142037E+01   -0.8003097E+01   -0.1834057E+00    0.1697624E+00    0.8831956E-01    0.8536556E+00   -0.1193013E+02    0.4361976E-03    0.1228333E-02    0.4438704E-02    0.9344835E-02    0.1398175E+00
   -0.1303663E-03   -0.4644416E-02    0.5104858E-03    0.9668758E-02   -0.9659353E-02   -0.2462139E+00    0.1606132E-01    0.6480266E-02   -0.1018921E+03    0.2454805E+02    0.2975946E+03   -0.3019428E+02   -0.1378536E+03    0.1455250E+01    0.2892610E-01   -0.1383670E+01   -0.1731590E+01    0.2083225E+00   -0.9118168E+01   -0.1319510E-03   -0.2474844E-02   -0.6816900E-03    0.2802393E-03    0.1078182E+00
    0.4011659E-05    0.1445169E-02   -0.6514907E-04   -0.2090151E-02    0.2458881E-01    0.7472353E-01   -0.3334010E-02   -0.2236269E-02    0.5115836E+02   -0.1639055E+02   -0.3019428E+02    0.2214206E+02    0.1795912E+02   -0.8301747E+00    0.1578124E-01   -0.2915308E-01    0.1886135E+00    0.2376680E+00   -0.1261072E+01   -0.2585196E-03   -0.1361792E-02    0.6931836E-03    0.2149904E-03   -0.1773261E+00
    0.2830296E-04    0.3734532E-02   -0.3904104E-03   -0.6250313E-02    0.4498415E-01    0.2000083E+00   -0.6428137E-02   -0.2207221E-02    0.8016527E+02    0.3142037E+01   -0.1378536E+03    0.1795912E+02    0.7575708E+02   -0.2202414E+00    0.3712552E-01    0.6556330E+00    0.1048798E+01   -0.1443137E+00   -0.2017286E+01    0.1596173E-03    0.3930606E-03    0.2251559E-02    0.3053667E-02    0.1326355E+00
    0.8885037E-05   -0.4029344E-04    0.1538195E-04   -0.1023246E-03   -0.1635044E-02   -0.8851854E-02   -0.1050205E-02   -0.9469321E-03   -0.5219800E+02   -0.8003097E+01    0.1455250E+01   -0.8301747E+00   -0.2202414E+00    0.6502487E+01    0.6941195E-01    0.2431078E+00   -0.1444586E-02   -0.4828516E-01   -0.2715142E+00    0.1558537E-03   -0.5920694E-03   -0.2763039E-03   -0.9534526E-03    0.1434107E+00
   -0.6181265E-07   -0.1570379E-04    0.1161905E-05    0.7601570E-04    0.4951852E-03   -0.5450674E-03    0.1443567E-03    0.2486530E-04   -0.7629679E+00   -0.1834057E+00    0.2892610E-01    0.1578124E-01    0.3712552E-01    0.6941195E-01    0.1239630E-01   -0.7705209E-02    0.4797492E-02    0.7903159E-02   -0.7828463E-02    0.5583286E-05   -0.2152873E-04   -0.4163340E-05    0.1431281E-04    0.3036126E-02
    0.2040718E-05    0.8530295E-04   -0.6869628E-05   -0.1570238E-03   -0.1019905E-02    0.3273415E-02   -0.2268351E-03   -0.2562502E-04   -0.6034401E+00    0.1697624E+00   -0.1383670E+01   -0.2915308E-01    0.6556330E+00    0.2431078E+00   -0.7705209E-02    0.5770790E-01   -0.1840232E-03    0.6201799E-02   -0.3975407E-01    0.1115176E-04    0.7728961E-04   -0.1297557E-04   -0.1360486E-04    0.4557366E-02
   -0.3280844E-06    0.1836804E-04   -0.5156925E-05   -0.2286057E-04    0.8879512E-03    0.1423701E-02    0.1899274E-04   -0.5876528E-05    0.6088698E+00    0.8831956E-01   -0.1731590E+01    0.1886135E+00    0.1048798E+01   -0.1444586E-02    0.4797492E-02   -0.1840232E-03    0.2495585E-01    0.9313230E-04   -0.1853371E-01    0.4913348E-05   -0.8654412E-04    0.4151522E-04    0.8220803E-04    0.9414885E-02
    0.2217023E-05    0.1086029E-04   -0.1179404E-05    0.2490477E-03   -0.1230068E-02    0.7142104E-03    0.5349812E-03    0.9788863E-04    0.9388534E-01    0.8536556E+00    0.2083225E+00    0.2376680E+00   -0.1443137E+00   -0.4828516E-01    0.7903159E-02    0.6201799E-02    0.9313230E-04    0.8252527E-01    0.4501259E-01    0.1018225E-04    0.6796592E-05    0.3265599E-04    0.6650484E-04   -0.6403944E-04
   -0.1909167E-05    0.9953965E-03   -0.1149525E-03   -0.3259903E-02    0.2742954E-01    0.4769160E-01   -0.5822148E-02   -0.1334693E-02   -0.2002386E+02   -0.1193013E+02   -0.9118168E+01   -0.1261072E+01   -0.2017286E+01   -0.2715142E+00   -0.7828463E-02   -0.3975407E-01   -0.1853371E-01    0.4501259E-01    0.7865168E+01   -0.6332507E-05    0.1783936E-03   -0.2198925E-03   -0.4361063E-03   -0.3051534E-01
    0.9386336E-09    0.3241805E-07    0.4888440E-08   -0.3377624E-06   -0.8053699E-05   -0.2111843E-06   -0.4906347E-06   -0.1145057E-07    0.2438375E-02    0.4361976E-03   -0.1319510E-03   -0.2585196E-03    0.1596173E-03    0.1558537E-03    0.5583286E-05    0.1115176E-04    0.4913348E-05    0.1018225E-04   -0.6332507E-05    0.8433927E-06    0.7077691E-07    0.3808395E-07    0.3454582E-06   -0.7837925E-04
    0.1870510E-07    0.2210655E-06   -0.1241528E-07    0.2376938E-06   -0.5558539E-05    0.9016326E-05    0.2349977E-05    0.7592971E-06    0.1021911E-02    0.1228333E-02   -0.2474844E-02   -0.1361792E-02    0.3930606E-03   -0.5920694E-03   -0.2152873E-04    0.7728961E-04   -0.8654412E-04    0.6796592E-05    0.1783936E-03    0.7077691E-07    0.5624928E-05    0.8968621E-06    0.6511656E-06    0.2539214E-03
   -0.2502904E-07    0.9940372E-06   -0.1347188E-06   -0.9015309E-05    0.3811332E-04    0.9016354E-04   -0.1396923E-04    0.2290547E-05    0.5226523E-02    0.4438704E-02   -0.6816900E-03    0.6931836E-03    0.2251559E-02   -0.2763039E-03   -0.4163340E-05   -0.1297557E-04    0.4151522E-04    0.3265599E-04   -0.2198925E-03    0.3808395E-07    0.8968621E-06    0.2408613E-04    0.1014705E-04    0.3320884E-03
   -0.8687756E-07    0.3685300E-05   -0.3821759E-06   -0.3888370E-05    0.2183265E-04    0.2426605E-03    0.4394288E-05    0.6525914E-05    0.1327944E-01    0.9344835E-02    0.2802393E-03    0.2149904E-03    0.3053667E-02   -0.9534526E-03    0.1431281E-04   -0.1360486E-04    0.8220803E-04    0.6650484E-04   -0.4361063E-03    0.3454582E-06    0.6511656E-06    0.1014705E-04    0.2520060E-04    0.4389711E-03
   -0.5001540E-06    0.3813250E-04   -0.7811251E-05   -0.5050683E-03    0.7438430E-03    0.9591627E-03   -0.4025235E-03    0.4408564E-04    0.1111777E+02    0.1398175E+00    0.1078182E+00   -0.1773261E+00    0.1326355E+00    0.1434107E+00    0.3036126E-02    0.4557366E-02    0.9414885E-02   -0.6403944E-04   -0.3051534E-01   -0.7837925E-04    0.2539214E-03    0.3320884E-03    0.4389711E-03    0.2431855E+00
