# omegabh2 omegach2 theta tau logA ns Aphiphi calPlanck acib217 xi asz143 aps100 aps143 aps143217 aps217 aksz kgal100 kgal143 kgal143217 kgal217 cal0 cal2
  4.6235919E-08  -2.0979866E-07   4.2073826E-08   4.0260773E-07   4.7458534E-07   6.1369273E-07   2.0430272E-06   3.4381228E-08  -1.4363652E-04   2.2213895E-06   4.1811619E-05  -7.1913401E-04  -4.7946120E-04  -2.0416252E-04  -6.1525846E-05  -5.8004471E-05   8.9366214E-06  -1.9065916E-06  -6.5905522E-06   3.6300847E-05   1.3000798E-09  -1.9418151E-09
 -2.0979866E-07   4.1982052E-06  -4.2001479E-07  -4.2194132E-06   1.2884048E-06  -9.4456157E-06  -4.8149601E-05  -1.6167343E-07   1.7692024E-04   6.6617509E-07  -1.8689097E-05   1.2087997E-03   1.4892674E-03   1.3395077E-03   9.1330224E-04   8.2911875E-06  -5.1278941E-05  -3.8948647E-05   7.8326170E-06   1.2285103E-05  -2.0046931E-08   1.0144032E-08
  4.2073826E-08  -4.2001479E-07   2.2576295E-07   6.1806878E-07   4.6353642E-07   1.2244724E-06   5.4743131E-06   1.7142680E-08  -6.7206373E-05   1.9059144E-06  -6.2351469E-07  -2.5362318E-04  -1.9729123E-04  -1.6930263E-04  -1.1093858E-04   1.1643682E-05   1.1805981E-05  -2.3527427E-06   7.7647801E-07   3.5129962E-05   1.1783218E-09  -3.9735210E-10
  4.0260773E-07  -4.2194132E-06   6.1806878E-07   6.4260988E-05   1.1766331E-04   1.3094363E-05  -5.0267698E-05  -4.5987345E-07  -2.1410469E-03   4.0347586E-05   3.9858993E-04  -1.2809219E-02  -6.2505489E-03  -2.1465512E-03   1.0256456E-04  -1.0792198E-03   1.0226863E-04  -1.4142317E-04  -5.9980850E-04  -6.2556411E-04  -2.2966656E-08  -5.6532138E-08
  4.7458534E-07   1.2884048E-06   4.6353642E-07   1.1766331E-04   2.6585054E-04   3.1178695E-06  -2.4146919E-04   1.1478929E-05  -4.4623811E-03   1.6375505E-04   6.6110892E-04  -2.0886266E-02  -7.7540666E-03   1.8028823E-03   8.5906795E-03  -3.2207417E-03  -2.0394509E-04  -1.1352534E-03  -1.9266296E-03   1.6376796E-05   8.8403966E-08  -1.0038022E-07
  6.1369273E-07  -9.4456157E-06   1.2244724E-06   1.3094363E-05   3.1178695E-06   3.2726754E-05   1.0716826E-04   6.3127821E-07  -4.9967463E-03   9.2410872E-05   1.1352150E-03  -2.8837851E-02  -1.0207233E-02  -1.0873112E-03   3.3081769E-03  -2.4899445E-03   5.0585841E-04  -2.8059576E-04  -3.7966707E-04   1.2710933E-03  -1.0316883E-07  -8.7236342E-08
  2.0430272E-06  -4.8149601E-05   5.4743131E-06  -5.0267698E-05  -2.4146919E-04   1.0716826E-04   1.3220651E-03  -8.3443398E-06   6.4095434E-03  -3.1291953E-04  -6.1691751E-04   1.4964330E-02  -1.2505827E-02  -2.5178217E-02  -2.8860726E-02   5.2630040E-03   1.3014509E-03   2.4211966E-03   2.4948627E-03  -1.4710339E-04  -3.5469434E-07   1.1753895E-07
  3.4381228E-08  -1.6167343E-07   1.7142680E-08  -4.5987345E-07   1.1478929E-05   6.3127821E-07  -8.3443398E-06   6.3035904E-06   5.7891920E-04   1.4825916E-05  -5.7323693E-05   3.3810618E-03   5.0858761E-04   4.1430680E-04   1.3273130E-03  -8.4711859E-05   2.3050835E-05  -6.1777777E-05  -9.8726151E-05   6.5436928E-04   5.0867759E-09   7.6566999E-10
 -1.4363652E-04   1.7692024E-04  -6.7206373E-05  -2.1410469E-03  -4.4623811E-03  -4.9967463E-03   6.4095434E-03   5.7891920E-04   4.4656481E+01  -3.9108279E-01  -9.0645316E-01   3.8663443E+01   2.7125530E+00  -1.2623032E+01  -5.4481550E+01  -6.9593573E-02   5.2658393E-02   5.5555184E-01  -5.9252480E+00  -3.3577369E+01  -1.5839489E-04   6.8504557E-04
  2.2213895E-06   6.6617509E-07   1.9059144E-06   4.0347586E-05   1.6375505E-04   9.2410872E-05  -3.1291953E-04   1.4825916E-05  -3.9108279E-01   8.1580766E-02  -5.1490109E-02  -4.2119001E-01   8.7949567E-01   1.6143052E+00   6.0428488E-01   4.9115175E-02  -1.5338463E-03   7.2569948E-03   1.0177339E-01   1.5476752E-01   4.7866839E-06   6.3464788E-07
  4.1811619E-05  -1.8689097E-05  -6.2351469E-07   3.9858993E-04   6.6110892E-04   1.1352150E-03  -6.1691751E-04  -5.7323693E-05  -9.0645316E-01  -5.1490109E-02   4.0721078E+00  -3.1855894E+01  -3.4244912E+00   8.1295124E+00   5.7908252E+00  -3.0679723E+00  -2.1737829E-01   1.3519031E-01   2.7864522E+00   3.4587960E+00   1.0400117E-04  -3.7568537E-05
 -7.1913401E-04   1.2087997E-03  -2.5362318E-04  -1.2809219E-02  -2.0886266E-02  -2.8837851E-02   1.4964330E-02   3.3810618E-03   3.8663443E+01  -4.2119001E-01  -3.1855894E+01   8.0280506E+02   7.7253924E+01  -5.2501214E+01  -6.2963885E+01   1.5816938E+01  -6.3124972E+00   6.0060183E+00  -1.2716150E+01  -2.6088661E+01   3.7993142E-03   5.5450784E-04
 -4.7946120E-04   1.4892674E-03  -1.9729123E-04  -6.2505489E-03  -7.7540666E-03  -1.0207233E-02  -1.2505827E-02   5.0858761E-04   2.7125530E+00   8.7949567E-01  -3.4244912E+00   7.7253924E+01   6.4636181E+01   4.1362351E+01   1.5877903E+01  -5.0463136E+00  -5.4519802E-01  -1.3289763E+00   3.6210729E+00   4.6377814E+00   1.5417689E-04   1.1719201E-04
 -2.0416252E-04   1.3395077E-03  -1.6930263E-04  -2.1465512E-03   1.8028823E-03  -1.0873112E-03  -2.5178217E-02   4.1430680E-04  -1.2623032E+01   1.6143052E+00   8.1295124E+00  -5.2501214E+01   4.1362351E+01   8.6302388E+01   5.4918385E+01  -1.3009879E+01  -8.7062789E-01  -8.8260420E-01   5.3347868E+00   9.0782164E+00   4.8503271E-04  -3.3578599E-04
 -6.1525846E-05   9.1330224E-04  -1.1093858E-04   1.0256456E-04   8.5906795E-03   3.3081769E-03  -2.8860726E-02   1.3273130E-03  -5.4481550E+01   6.0428488E-01   5.7908252E+00  -6.2963885E+01   1.5877903E+01   5.4918385E+01   1.0479387E+02  -1.0266053E+01  -6.4118420E-01  -1.3836022E+00   5.8365531E+00   3.3771817E+01   4.8125881E-04  -1.3103443E-03
 -5.8004471E-05   8.2911875E-06   1.1643682E-05  -1.0792198E-03  -3.2207417E-03  -2.4899445E-03   5.2630040E-03  -8.4711859E-05  -6.9593573E-02   4.9115175E-02  -3.0679723E+00   1.5816938E+01  -5.0463136E+00  -1.3009879E+01  -1.0266053E+01   6.5700624E+00   1.2499163E-01  -1.5627921E-01  -2.2749045E+00  -2.5735388E+00  -7.9162906E-05   1.4625984E-05
  8.9366214E-06  -5.1278941E-05   1.1805981E-05   1.0226863E-04  -2.0394509E-04   5.0585841E-04   1.3014509E-03   2.3050835E-05   5.2658393E-02  -1.5338463E-03  -2.1737829E-01  -6.3124972E+00  -5.4519802E-01  -8.7062789E-01  -6.4118420E-01   1.2499163E-01   3.3604998E+00   5.7530346E-01   1.8627735E-01   2.0373809E-01   1.8304349E-04  -8.2839058E-06
 -1.9065916E-06  -3.8948647E-05  -2.3527427E-06  -1.4142317E-04  -1.1352534E-03  -2.8059576E-04   2.4211966E-03  -6.1777777E-05   5.5555184E-01   7.2569948E-03   1.3519031E-01   6.0060183E+00  -1.3289763E+00  -8.8260420E-01  -1.3836022E+00  -1.5627921E-01   5.7530346E-01   3.2074144E+00   2.7815107E+00   2.7958136E+00  -1.8510310E-04  -3.2363735E-05
 -6.5905522E-06   7.8326170E-06   7.7647801E-07  -5.9980850E-04  -1.9266296E-03  -3.7966707E-04   2.4948627E-03  -9.8726151E-05  -5.9252480E+00   1.0177339E-01   2.7864522E+00  -1.2716150E+01   3.6210729E+00   5.3347868E+00   5.8365531E+00  -2.2749045E+00   1.8627735E-01   2.7815107E+00   1.1118599E+01   1.9800954E+01  -4.6670367E-05   4.1552220E-04
  3.6300847E-05   1.2285103E-05   3.5129962E-05  -6.2556411E-04   1.6376796E-05   1.2710933E-03  -1.4710339E-04   6.5436928E-04  -3.3577369E+01   1.5476752E-01   3.4587960E+00  -2.6088661E+01   4.6377814E+00   9.0782164E+00   3.3771817E+01  -2.5735388E+00   2.0373809E-01   2.7958136E+00   1.9800954E+01   5.4498977E+01  -8.9309827E-06   9.5103540E-04
  1.3000798E-09  -2.0046931E-08   1.1783218E-09  -2.2966656E-08   8.8403966E-08  -1.0316883E-07  -3.5469434E-07   5.0867759E-09  -1.5839489E-04   4.7866839E-06   1.0400117E-04   3.7993142E-03   1.5417689E-04   4.8503271E-04   4.8125881E-04  -7.9162906E-05   1.8304349E-04  -1.8510310E-04  -4.6670367E-05  -8.9309827E-06   3.8356075E-07  -2.9441362E-09
 -1.9418151E-09   1.0144032E-08  -3.9735210E-10  -5.6532138E-08  -1.0038022E-07  -8.7236342E-08   1.1753895E-07   7.6566999E-10   6.8504557E-04   6.3464788E-07  -3.7568537E-05   5.5450784E-04   1.1719201E-04  -3.3578599E-04  -1.3103443E-03   1.4625984E-05  -8.2839058E-06  -3.2363735E-05   4.1552220E-04   9.5103540E-04  -2.9441362E-09   3.8812012E-07
