# omegabh2 omegach2 theta tau mnu logA ns acib217 acibsz143 asz143 aps100 aps143 aps143217 aps217 aksz kgal100 t1gal143 t1gal143217 t1gal217 calib_100T calib_217T
    0.4840328E-07   -0.7281404E-07    0.3250879E-07    0.7259320E-06    0.1416793E-05    0.1341362E-05    0.3462317E-06   -0.2881635E-03   -0.1410964E-03    0.3382662E-06   -0.7891451E-03   -0.2847551E-03    0.3326518E-04    0.5879746E-04   -0.8021571E-04    0.8977831E-03    0.4820006E-03    0.4584578E-03    0.4395311E-03   -0.5200404E-07    0.1122686E-07
   -0.7281404E-07    0.1822189E-05   -0.8181741E-07   -0.1016866E-04   -0.4560944E-04   -0.1692610E-04   -0.4214742E-05    0.1459741E-03    0.4435109E-04   -0.3703493E-04   -0.9122463E-03   -0.5850452E-03   -0.8774125E-03   -0.1030625E-02    0.1154751E-03    0.3585203E-02    0.4872650E-02    0.4894724E-02    0.4969194E-02    0.7906632E-07   -0.1920893E-07
    0.3250879E-07   -0.8181741E-07    0.1938805E-06    0.1381971E-05    0.1748358E-05    0.2818040E-05    0.5157328E-06   -0.9951068E-04   -0.3531866E-04    0.1125668E-04   -0.1727357E-03   -0.1077658E-03    0.2145833E-05    0.5444483E-04   -0.3084819E-04    0.2544051E-03   -0.7958840E-04   -0.7515063E-04   -0.6963662E-04   -0.4372248E-07    0.5252794E-08
    0.7259320E-06   -0.1016866E-04    0.1381971E-05    0.1806473E-03    0.6031381E-03    0.3348377E-03    0.3399178E-04   -0.8108431E-02   -0.3494791E-02   -0.5771267E-03   -0.7731089E-02   -0.3234741E-03    0.6281159E-02    0.8312921E-02   -0.2591434E-02   -0.9608099E-02   -0.3798411E-02   -0.5319990E-02   -0.6336956E-02    0.1234333E-05    0.6307875E-06
    0.1416793E-05   -0.4560944E-04    0.1748358E-05    0.6031381E-03    0.6853052E-02    0.1114682E-02    0.1066852E-03   -0.7426609E-02   -0.4972733E-02   -0.1994120E-02    0.8405835E-01    0.4518202E-01    0.5211837E-01    0.4663940E-01   -0.7135077E-02   -0.9206876E-01   -0.1415690E+00   -0.1491993E+00   -0.1567075E+00   -0.4674110E-05    0.1554139E-05
    0.1341362E-05   -0.1692610E-04    0.2818040E-05    0.3348377E-03    0.1114682E-02    0.6379333E-03    0.5784794E-04   -0.1442772E-01   -0.7033998E-02   -0.2111062E-02    0.5318956E-02    0.1285913E-01    0.2308890E-01    0.2457470E-01   -0.5449493E-02   -0.3585006E-01   -0.4804067E-01   -0.5136487E-01   -0.5356977E-01   -0.2436574E-07    0.1061532E-05
    0.3462317E-06   -0.4214742E-05    0.5157328E-06    0.3399178E-04    0.1066852E-03    0.5784794E-04    0.2407171E-04   -0.9242590E-02   -0.4138004E-02   -0.1230712E-02   -0.7083821E-02    0.6019771E-02    0.1266120E-01    0.1395581E-01   -0.3147862E-02   -0.6217601E-02   -0.1083621E-01   -0.1208610E-01   -0.1166328E-01    0.1222040E-06    0.3434609E-06
   -0.2881635E-03    0.1459741E-03   -0.9951068E-04   -0.8108431E-02   -0.7426609E-02   -0.1442772E-01   -0.9242590E-02    0.6605224E+02    0.2422157E+02    0.5528000E+00    0.1935384E+02   -0.1677543E+02   -0.6128586E+02   -0.7931350E+02   -0.3201898E+01   -0.1375212E+02   -0.2674401E+02   -0.3202387E+02   -0.3696102E+02   -0.2206044E-03   -0.3182628E-02
   -0.1410964E-03    0.4435109E-04   -0.3531866E-04   -0.3494791E-02   -0.4972733E-02   -0.7033998E-02   -0.4138004E-02    0.2422157E+02    0.1775504E+02    0.1955341E+01   -0.9912068E+01   -0.2081192E+02   -0.4186976E+02   -0.2438010E+02   -0.1292602E+01   -0.7417832E+01   -0.1400596E+02   -0.2137436E+02   -0.2314783E+02   -0.2017239E-03   -0.6365737E-04
    0.3382662E-06   -0.3703493E-04    0.1125668E-04   -0.5771267E-03   -0.1994120E-02   -0.2111062E-02   -0.1230712E-02    0.5528000E+00    0.1955341E+01    0.5263418E+01   -0.3535220E+02   -0.1522872E+02   -0.4276709E+01   -0.4178915E+00   -0.1951201E+00   -0.1972712E+01   -0.5315173E+00    0.3000826E+01    0.3501002E+01   -0.1725679E-03    0.1395607E-03
   -0.7891451E-03   -0.9122463E-03   -0.1727357E-03   -0.7731089E-02    0.8405835E-01    0.5318956E-02   -0.7083821E-02    0.1935384E+02   -0.9912068E+01   -0.3535220E+02    0.7307381E+03    0.1734886E+03    0.6916935E+02    0.1639329E+02   -0.1090973E+02   -0.8333282E+02   -0.6383644E+02   -0.7150436E+02   -0.7087845E+02   -0.3130317E-02   -0.2936919E-02
   -0.2847551E-03   -0.5850452E-03   -0.1077658E-03   -0.3234741E-03    0.4518202E-01    0.1285913E-01    0.6019771E-02   -0.1677543E+02   -0.2081192E+02   -0.1522872E+02    0.1734886E+03    0.1193371E+03    0.9294493E+02    0.5247716E+02   -0.1048104E+02   -0.2498416E+02   -0.4312318E+02   -0.3723519E+02   -0.3438097E+02   -0.1049944E-02   -0.9077946E-03
    0.3326518E-04   -0.8774125E-03    0.2145833E-05    0.6281159E-02    0.5211837E-01    0.2308890E-01    0.1266120E-01   -0.6128586E+02   -0.4186976E+02   -0.4276709E+01    0.6916935E+02    0.9294493E+02    0.1453861E+03    0.1054994E+03   -0.7847454E+01   -0.1413594E+02   -0.2049859E+02   -0.9529106E+01   -0.8996224E+01   -0.1357954E-02    0.1585978E-02
    0.5879746E-04   -0.1030625E-02    0.5444483E-04    0.8312921E-02    0.4663940E-01    0.2457470E-01    0.1395581E-01   -0.7931350E+02   -0.2438010E+02   -0.4178915E+00    0.1639329E+02    0.5247716E+02    0.1054994E+03    0.1432594E+03   -0.6894333E+01   -0.1416583E+02   -0.2172693E+02   -0.2818034E+02   -0.3060237E+02   -0.1643411E-02    0.5905451E-02
   -0.8021571E-04    0.1154751E-03   -0.3084819E-04   -0.2591434E-02   -0.7135077E-02   -0.5449493E-02   -0.3147862E-02   -0.3201898E+01   -0.1292602E+01   -0.1951201E+00   -0.1090973E+02   -0.1048104E+02   -0.7847454E+01   -0.6894333E+01    0.8067125E+01   -0.3935521E+01   -0.4906076E+01   -0.5529862E+01   -0.5920008E+01    0.2328005E-04    0.2284665E-03
    0.8977831E-03    0.3585203E-02    0.2544051E-03   -0.9608099E-02   -0.9206876E-01   -0.3585006E-01   -0.6217601E-02   -0.1375212E+02   -0.7417832E+01   -0.1972712E+01   -0.8333282E+02   -0.2498416E+02   -0.1413594E+02   -0.1416583E+02   -0.3935521E+01    0.2357203E+03    0.1520584E+03    0.1492955E+03    0.1481499E+03   -0.1327406E-01    0.3624301E-03
    0.4820006E-03    0.4872650E-02   -0.7958840E-04   -0.3798411E-02   -0.1415690E+00   -0.4804067E-01   -0.1083621E-01   -0.2674401E+02   -0.1400596E+02   -0.5315173E+00   -0.6383644E+02   -0.4312318E+02   -0.2049859E+02   -0.2172693E+02   -0.4906076E+01    0.1520584E+03    0.2788409E+03    0.2829312E+03    0.2835900E+03    0.9727484E-02    0.8047655E-03
    0.4584578E-03    0.4894724E-02   -0.7515063E-04   -0.5319990E-02   -0.1491993E+00   -0.5136487E-01   -0.1208610E-01   -0.3202387E+02   -0.2137436E+02    0.3000826E+01   -0.7150436E+02   -0.3723519E+02   -0.9529106E+01   -0.2818034E+02   -0.5529862E+01    0.1492955E+03    0.2829312E+03    0.3268829E+03    0.3539820E+03    0.9730975E-02   -0.4701045E-02
    0.4395311E-03    0.4969194E-02   -0.6963662E-04   -0.6336956E-02   -0.1567075E+00   -0.5356977E-01   -0.1166328E-01   -0.3696102E+02   -0.2314783E+02    0.3501002E+01   -0.7087845E+02   -0.3438097E+02   -0.8996224E+01   -0.3060237E+02   -0.5920008E+01    0.1481499E+03    0.2835900E+03    0.3539820E+03    0.4073661E+03    0.9762593E-02   -0.9608818E-02
   -0.5200404E-07    0.7906632E-07   -0.4372248E-07    0.1234333E-05   -0.4674110E-05   -0.2436574E-07    0.1222040E-06   -0.2206044E-03   -0.2017239E-03   -0.1725679E-03   -0.3130317E-02   -0.1049944E-02   -0.1357954E-02   -0.1643411E-02    0.2328005E-04   -0.1327406E-01    0.9727484E-02    0.9730975E-02    0.9762593E-02    0.3139384E-05    0.2032334E-07
    0.1122686E-07   -0.1920893E-07    0.5252794E-08    0.6307875E-06    0.1554139E-05    0.1061532E-05    0.3434609E-06   -0.3182628E-02   -0.6365737E-04    0.1395607E-03   -0.2936919E-02   -0.9077946E-03    0.1585978E-02    0.5905451E-02    0.2284665E-03    0.3624301E-03    0.8047655E-03   -0.4701045E-02   -0.9608818E-02    0.2032334E-07    0.1440869E-05
