# omegabh2 omegach2 theta tau mnu logA ns calPlanck acib217 xi asz143 aps100 aps143 aps143217 aps217 aksz kgal100 kgal143 kgal143217 kgal217 cal0 cal2
    0.4323075E-07   -0.1136340E-06    0.2708047E-07    0.1204242E-05    0.1812408E-05    0.2278845E-05    0.4075281E-06    0.1771792E-07   -0.1872645E-03    0.2246187E-05    0.5860230E-04   -0.8403149E-03   -0.4730732E-03   -0.1210850E-03    0.3042462E-04   -0.7410100E-04    0.8917513E-06    0.1745891E-06   -0.8223280E-05    0.4870589E-04    0.5408191E-08   -0.1471676E-07
   -0.1136340E-06    0.2461045E-05   -0.1419208E-06   -0.1102001E-04   -0.5055239E-04   -0.1617792E-04   -0.5720628E-05   -0.1522729E-06    0.2043388E-03   -0.3545355E-05   -0.5807762E-04    0.1280122E-02    0.1073371E-02    0.5704340E-03    0.2627326E-03    0.8435155E-04    0.1053589E-04   -0.3535293E-04    0.8222869E-04    0.7955400E-04   -0.4622466E-08    0.1641299E-07
    0.2708047E-07   -0.1419208E-06    0.1764543E-06    0.1155309E-05    0.2935852E-05    0.2146915E-05    0.6195878E-06    0.9012503E-08   -0.2718145E-04    0.1307447E-05    0.7092948E-05   -0.2372787E-03   -0.1268122E-03   -0.5790863E-04   -0.5100561E-04   -0.1121438E-04    0.1701222E-05    0.2065892E-05   -0.6979375E-05   -0.1073561E-04   -0.1911621E-08   -0.6648622E-08
    0.1204242E-05   -0.1102001E-04    0.1155309E-05    0.3525365E-03    0.4929311E-03    0.6734315E-03    0.4110955E-04   -0.1735045E-05   -0.1418515E-01    0.2439944E-03    0.2707622E-02   -0.5278247E-01   -0.2215541E-01   -0.1793032E-02    0.9107764E-02   -0.5503589E-02   -0.3932706E-03    0.2487722E-04   -0.5962565E-03    0.2963053E-02    0.3639304E-07   -0.1366980E-05
    0.1812408E-05   -0.5055239E-04    0.2935852E-05    0.4929311E-03    0.5293204E-02    0.8554004E-03    0.1207119E-03    0.3814901E-05    0.1514859E-02    0.2700509E-03    0.1136297E-02   -0.2093286E-01   -0.9488751E-02   -0.8349402E-03   -0.4476029E-02   -0.1855993E-02   -0.4430030E-03    0.1969054E-02    0.4397950E-02    0.4625884E-02    0.2744435E-06    0.1261076E-05
    0.2278845E-05   -0.1617792E-04    0.2146915E-05    0.6734315E-03    0.8554004E-03    0.1326484E-02    0.6639465E-04    0.8541443E-05   -0.2820178E-01    0.5368347E-03    0.5514175E-02   -0.9973153E-01   -0.4075607E-01    0.1036012E-02    0.2483606E-01   -0.1167221E-01   -0.1052479E-02   -0.7700819E-03   -0.1330384E-02    0.7840151E-02    0.3420582E-06   -0.2715719E-05
    0.4075281E-06   -0.5720628E-05    0.6195878E-06    0.4110955E-04    0.1207119E-03    0.6639465E-04    0.2539049E-04    0.3072245E-06   -0.5850492E-02    0.1119122E-03    0.1399508E-02   -0.2873269E-01   -0.8308175E-02    0.2218523E-02    0.6530528E-02   -0.3048591E-02    0.2450889E-03   -0.5397121E-04   -0.4242098E-03    0.1016874E-02   -0.1848983E-06   -0.4966422E-06
    0.1771792E-07   -0.1522729E-06    0.9012503E-08   -0.1735045E-05    0.3814901E-05    0.8541443E-05    0.3072245E-06    0.6156255E-05    0.9531595E-03   -0.2563187E-05    0.6359536E-04    0.2693220E-02    0.2102662E-03    0.2568270E-03    0.8392293E-03    0.4229339E-04   -0.2110795E-04   -0.6429701E-04    0.4059035E-04    0.6587509E-03   -0.6502012E-08    0.3683324E-07
   -0.1872645E-03    0.2043388E-03   -0.2718145E-04   -0.1418515E-01    0.1514859E-02   -0.2820178E-01   -0.5850492E-02    0.9531595E-03    0.5010324E+02   -0.5065290E+00   -0.1605728E+01    0.4329101E+02    0.6253878E+00   -0.2143033E+02   -0.6775281E+02    0.7024337E+00   -0.8555041E-01    0.3310118E+00   -0.3611382E+01   -0.2639595E+02   -0.1705395E-03    0.4430385E-02
    0.2246187E-05   -0.3545355E-05    0.1307447E-05    0.2439944E-03    0.2700509E-03    0.5368347E-03    0.1119122E-03   -0.2563187E-05   -0.5065290E+00    0.8259429E-01   -0.7572678E-01   -0.4639659E+00    0.9634194E+00    0.1738992E+01    0.7643264E+00    0.6601414E-01   -0.3285353E-02    0.4015573E-02    0.9586518E-01    0.1241517E+00    0.9496374E-05   -0.1914800E-04
    0.5860230E-04   -0.5807762E-04    0.7092948E-05    0.2707622E-02    0.1136297E-02    0.5514175E-02    0.1399508E-02    0.6359536E-04   -0.1605728E+01   -0.7572678E-01    0.3831656E+01   -0.2961891E+02   -0.3853789E+01    0.7993989E+01    0.6962888E+01   -0.2946418E+01   -0.2070940E+00    0.1154120E+00    0.2522998E+01    0.2173153E+01    0.1855446E-03   -0.3623782E-03
   -0.8403149E-03    0.1280122E-02   -0.2372787E-03   -0.5278247E-01   -0.2093286E-01   -0.9973153E-01   -0.2873269E-01    0.2693220E-02    0.4329101E+02   -0.4639659E+00   -0.2961891E+02    0.7213619E+03    0.6823114E+02   -0.6127264E+02   -0.7373606E+02    0.1554571E+02   -0.7168018E+00   -0.1504078E+00   -0.1375385E+02   -0.2142228E+02    0.4545388E-02    0.4069862E-02
   -0.4730732E-03    0.1073371E-02   -0.1268122E-03   -0.2215541E-01   -0.9488751E-02   -0.4075607E-01   -0.8308175E-02    0.2102662E-03    0.6253878E+00    0.9634194E+00   -0.3853789E+01    0.6823114E+02    0.6033917E+02    0.4236798E+02    0.1864448E+02   -0.4591910E+01   -0.3271572E+00   -0.1076954E+01    0.4087570E+01    0.4240916E+01    0.2178112E-03    0.2732166E-03
   -0.1210850E-03    0.5704340E-03   -0.5790863E-04   -0.1793032E-02   -0.8349402E-03    0.1036012E-02    0.2218523E-02    0.2568270E-03   -0.2143033E+02    0.1738992E+01    0.7993989E+01   -0.6127264E+02    0.4236798E+02    0.9378583E+02    0.6839061E+02   -0.1314274E+02   -0.6669491E+00   -0.3902873E+00    0.5377341E+01    0.7233954E+01    0.8213854E-03   -0.2475234E-02
    0.3042462E-04    0.2627326E-03   -0.5100561E-04    0.9107764E-02   -0.4476029E-02    0.2483606E-01    0.6530528E-02    0.8392293E-03   -0.6775281E+02    0.7643264E+00    0.6962888E+01   -0.7373606E+02    0.1864448E+02    0.6839061E+02    0.1294595E+03   -0.1156023E+02   -0.3852144E+00   -0.6720688E+00    0.2048759E+01    0.2453333E+02    0.6303319E-03   -0.7651624E-02
   -0.7410100E-04    0.8435155E-04   -0.1121438E-04   -0.5503589E-02   -0.1855993E-02   -0.1167221E-01   -0.3048591E-02    0.4229339E-04    0.7024337E+00    0.6601414E-01   -0.2946418E+01    0.1554571E+02   -0.4591910E+01   -0.1314274E+02   -0.1156023E+02    0.6618628E+01    0.1100786E+00   -0.1066290E+00   -0.2294661E+01   -0.1999723E+01   -0.1456690E-03    0.1741781E-03
    0.8917513E-06    0.1053589E-04    0.1701222E-05   -0.3932706E-03   -0.4430030E-03   -0.1052479E-02    0.2450889E-03   -0.2110795E-04   -0.8555041E-01   -0.3285353E-02   -0.2070940E+00   -0.7168018E+00   -0.3271572E+00   -0.6669491E+00   -0.3852144E+00    0.1100786E+00    0.3243513E+01    0.7344392E+00    0.3323872E+00    0.5725087E+00    0.4218651E-03    0.1559750E-06
    0.1745891E-06   -0.3535293E-04    0.2065892E-05    0.2487722E-04    0.1969054E-02   -0.7700819E-03   -0.5397121E-04   -0.6429701E-04    0.3310118E+00    0.4015573E-02    0.1154120E+00   -0.1504078E+00   -0.1076954E+01   -0.3902873E+00   -0.6720688E+00   -0.1066290E+00    0.7344392E+00    0.3211214E+01    0.2495166E+01    0.1371089E+01   -0.4200517E-03   -0.2428408E-03
   -0.8223280E-05    0.8222869E-04   -0.6979375E-05   -0.5962565E-03    0.4397950E-02   -0.1330384E-02   -0.4242098E-03    0.4059035E-04   -0.3611382E+01    0.9586518E-01    0.2522998E+01   -0.1375385E+02    0.4087570E+01    0.5377341E+01    0.2048759E+01   -0.2294661E+01    0.3323872E+00    0.2495166E+01    0.1813815E+02    0.2779390E+02   -0.8612275E-04    0.2442021E-02
    0.4870589E-04    0.7955400E-04   -0.1073561E-04    0.2963053E-02    0.4625884E-02    0.7840151E-02    0.1016874E-02    0.6587509E-03   -0.2639595E+02    0.1241517E+00    0.2173153E+01   -0.2142228E+02    0.4240916E+01    0.7233954E+01    0.2453333E+02   -0.1999723E+01    0.5725087E+00    0.1371089E+01    0.2779390E+02    0.6334576E+02   -0.5806973E-04    0.4445493E-02
    0.5408191E-08   -0.4622466E-08   -0.1911621E-08    0.3639304E-07    0.2744435E-06    0.3420582E-06   -0.1848983E-06   -0.6502012E-08   -0.1705395E-03    0.9496374E-05    0.1855446E-03    0.4545388E-02    0.2178112E-03    0.8213854E-03    0.6303319E-03   -0.1456690E-03    0.4218651E-03   -0.4200517E-03   -0.8612275E-04   -0.5806973E-04    0.5503803E-06    0.1419803E-07
   -0.1471676E-07    0.1641299E-07   -0.6648622E-08   -0.1366980E-05    0.1261076E-05   -0.2715719E-05   -0.4966422E-06    0.3683324E-07    0.4430385E-02   -0.1914800E-04   -0.3623782E-03    0.4069862E-02    0.2732166E-03   -0.2475234E-02   -0.7651624E-02    0.1741781E-03    0.1559750E-06   -0.2428408E-03    0.2442021E-02    0.4445493E-02    0.1419803E-07    0.2099305E-05
