# omegabh2 omegach2 theta tau Alens logA ns calPlanck acib217 xi asz143 aps100 aps143 aps143217 aps217 aksz kgal100 kgal143 kgal143217 kgal217 galfEE100 galfEE100143 galfEE100217 galfEE143 galfEE143217 galfEE217 galfTE100 galfTE100143 galfTE100217 galfTE143 galfTE143217 galfTE217 cal0 cal2
    0.2984310E-07   -0.1816668E-06    0.2430903E-07    0.1163223E-06    0.5646458E-05   -0.1099138E-06    0.4780063E-06   -0.6720884E-08   -0.1744468E-03    0.2982993E-05    0.2813703E-04   -0.6038613E-03   -0.3391014E-03   -0.9790652E-04    0.6481031E-04   -0.5180908E-04   -0.6503288E-05   -0.9660333E-05   -0.2895117E-04    0.5456280E-05    0.1551243E-06    0.4036998E-07   -0.1925192E-07    0.6392983E-07   -0.2669959E-07   -0.3092689E-07   -0.5202467E-06   -0.2331531E-06   -0.3145204E-06   -0.9232173E-07   -0.4157564E-06   -0.1860241E-05    0.5097350E-08   -0.1759506E-07
   -0.1816668E-06    0.2486637E-05   -0.2164672E-06   -0.2312966E-05   -0.5210471E-04    0.1215589E-05   -0.6191175E-05    0.4588408E-10    0.8289197E-03   -0.1634982E-04   -0.1817210E-03    0.4012912E-02    0.2078690E-02    0.6988261E-03   -0.5726805E-04    0.2865844E-03    0.4510076E-04    0.2872698E-04    0.2264360E-03    0.2233994E-03   -0.1749045E-05   -0.4985980E-06    0.3170269E-06   -0.6785116E-06   -0.3737834E-07   -0.2973489E-06    0.2275298E-05    0.1070176E-05    0.3580242E-05    0.5168226E-06    0.2859983E-05    0.1528838E-04    0.2279132E-08    0.1372950E-06
    0.2430903E-07   -0.2164672E-06    0.1039479E-06    0.3023952E-06    0.5550520E-05    0.2462389E-06    0.6745916E-06    0.2814915E-07   -0.9407901E-04    0.1609511E-05    0.2112187E-04   -0.3692371E-03   -0.1955050E-03   -0.5846648E-04    0.3246543E-04   -0.4054017E-04   -0.9439946E-05    0.1214367E-05   -0.7325708E-05    0.1173774E-04    0.1256846E-06    0.3336567E-07   -0.4217967E-07    0.7109114E-07   -0.8762393E-07   -0.5392523E-07    0.1663044E-08   -0.1332624E-06   -0.5021407E-06   -0.9831267E-07   -0.4839854E-06   -0.2361728E-05    0.1173494E-08   -0.1498100E-07
    0.1163223E-06   -0.2312966E-05    0.3023952E-06    0.3820101E-03   -0.8543932E-03    0.7532661E-03    0.1258973E-04   -0.1405343E-05   -0.4102236E-02    0.1578119E-04    0.7540063E-03   -0.1129573E-01   -0.5986430E-02   -0.4266759E-03    0.3179746E-02   -0.1124035E-02   -0.5484012E-03    0.5762870E-04    0.7909257E-04    0.1750807E-02    0.4624955E-05    0.8583922E-06   -0.2555267E-06    0.2120760E-07    0.5380569E-05   -0.3910790E-06   -0.1398089E-05    0.7812663E-05    0.5844740E-04    0.9092286E-05    0.5402324E-05   -0.4599202E-05   -0.4788065E-07   -0.2560102E-06
    0.5646458E-05   -0.5210471E-04    0.5550520E-05   -0.8543932E-03    0.6172305E-02   -0.1834713E-02    0.1339675E-03   -0.1106219E-04   -0.5182993E-01    0.1214738E-02    0.6890957E-02   -0.2054837E+00   -0.7868483E-01   -0.9051790E-02    0.3049916E-01   -0.1751048E-01   -0.1467244E-03   -0.4023987E-02   -0.1689821E-01   -0.1504920E-01    0.2073330E-04    0.9320799E-05   -0.1030940E-04    0.1591998E-04   -0.1429884E-04   -0.5415938E-04   -0.1513294E-03   -0.8266226E-04   -0.2333418E-03   -0.3557177E-04   -0.7547176E-04   -0.3200932E-03    0.6514852E-07   -0.7829196E-05
   -0.1099138E-06    0.1215589E-05    0.2462389E-06    0.7532661E-03   -0.1834713E-02    0.1528344E-02    0.8411659E-05    0.1007591E-04   -0.6694400E-02    0.5041400E-04    0.1161383E-02   -0.8954880E-02   -0.5546907E-02    0.3909799E-02    0.1246816E-01   -0.2160076E-02   -0.1228506E-02   -0.2666856E-03    0.4823780E-03    0.5815407E-02    0.6936493E-05    0.6686498E-06   -0.6437656E-06   -0.4403783E-06    0.1028615E-04    0.2127496E-05    0.9158264E-06    0.1582312E-04    0.1230916E-03    0.1819012E-04    0.1279461E-04    0.2271384E-04    0.1585045E-06   -0.3382897E-06
    0.4780063E-06   -0.6191175E-05    0.6745916E-06    0.1258973E-04    0.1339675E-03    0.8411659E-05    0.2546123E-04   -0.1316217E-06   -0.6472766E-02    0.1451594E-03    0.1209456E-02   -0.3034081E-01   -0.9964576E-02    0.7248070E-03    0.5515822E-02   -0.2603174E-02   -0.2543995E-04   -0.2680947E-03   -0.1253690E-02   -0.1850721E-03    0.7066869E-05    0.2247238E-05   -0.8266038E-06    0.2769947E-05    0.9852527E-06    0.1833323E-06   -0.4221342E-05   -0.1806605E-05    0.2597949E-05   -0.8504798E-06   -0.8812647E-05   -0.3701397E-04   -0.1930057E-06   -0.7441640E-06
   -0.6720884E-08    0.4588408E-10    0.2814915E-07   -0.1405343E-05   -0.1106219E-04    0.1007591E-04   -0.1316217E-06    0.6388302E-05    0.7825811E-03    0.2330361E-05    0.2662873E-04    0.3518007E-02    0.7924508E-03    0.6631314E-03    0.1411973E-02    0.9821479E-04   -0.2869099E-04    0.8518352E-05    0.1370596E-04    0.6086429E-03    0.1528481E-05    0.2556326E-06   -0.4172882E-06    0.7187778E-06   -0.8010400E-07    0.2629504E-05    0.1147123E-05   -0.2420269E-06    0.4363911E-07   -0.1920954E-06   -0.1884935E-05    0.2772508E-05    0.9094677E-08   -0.5314772E-07
   -0.1744468E-03    0.8289197E-03   -0.9407901E-04   -0.4102236E-02   -0.5182993E-01   -0.6694400E-02   -0.6472766E-02    0.7825811E-03    0.4792786E+02   -0.4552705E+00   -0.1492245E+01    0.4175389E+02    0.1825855E+01   -0.1907349E+02   -0.6448286E+02    0.3105418E+00   -0.2413907E+00    0.2397431E+00   -0.3113080E+01   -0.2494461E+02   -0.1382553E-02   -0.5943832E-03    0.6417474E-03   -0.4567080E-03   -0.1423667E-02    0.3781096E-02    0.4803041E-03   -0.1115783E-02    0.4800845E-02   -0.2023033E-02   -0.1304565E-02    0.1919489E-01   -0.1588205E-03    0.4273216E-02
    0.2982993E-05   -0.1634982E-04    0.1609511E-05    0.1578119E-04    0.1214738E-02    0.5041400E-04    0.1451594E-03    0.2330361E-05   -0.4552705E+00    0.7936025E-01   -0.4055886E-01   -0.6487723E+00    0.9543796E+00    0.1840933E+01    0.7483777E+00    0.3740490E-01   -0.1342955E-01    0.1333608E-01    0.1119419E+00    0.9048346E-01    0.5591060E-06    0.1082713E-04   -0.6541905E-04    0.7757316E-05    0.2591761E-04   -0.2437338E-04    0.1021243E-03    0.4111969E-04    0.1745008E-03   -0.5373763E-04   -0.1255550E-03    0.8362421E-04    0.7946063E-05   -0.2060422E-04
    0.2813703E-04   -0.1817210E-03    0.2112187E-04    0.7540063E-03    0.6890957E-02    0.1161383E-02    0.1209456E-02    0.2662873E-04   -0.1492245E+01   -0.4055886E-01    0.3433229E+01   -0.2733350E+02   -0.3739725E+01    0.7096711E+01    0.5727765E+01   -0.2108799E+01   -0.1290148E+00    0.4015489E-01    0.2138692E+01    0.1633841E+01    0.5740245E-03    0.9729670E-04    0.1307382E-03    0.2552191E-03    0.5852845E-03    0.7216016E-03   -0.3882942E-03   -0.7199626E-03    0.2139585E-02   -0.7803127E-03   -0.7991048E-03    0.3612258E-03    0.1971178E-03   -0.3704720E-03
   -0.6038613E-03    0.4012912E-02   -0.3692371E-03   -0.1129573E-01   -0.2054837E+00   -0.8954880E-02   -0.3034081E-01    0.3518007E-02    0.4175389E+02   -0.6487723E+00   -0.2733350E+02    0.7075025E+03    0.6627502E+02   -0.5709614E+02   -0.6685574E+02    0.1157131E+02   -0.5697160E+00   -0.5013450E+00   -0.1198598E+02   -0.1696143E+02   -0.6073726E-02   -0.2415133E-02    0.1395884E-02   -0.5729053E-02   -0.6779130E-02    0.1723645E-01    0.5988035E-01    0.6190694E-02    0.6067998E-02   -0.1908451E-02    0.2340196E-01    0.1098841E+00    0.4545135E-02    0.4269577E-02
   -0.3391014E-03    0.2078690E-02   -0.1955050E-03   -0.5986430E-02   -0.7868483E-01   -0.5546907E-02   -0.9964576E-02    0.7924508E-03    0.1825855E+01    0.9543796E+00   -0.3739725E+01    0.6627502E+02    0.5687992E+02    0.4045371E+02    0.1469052E+02   -0.3504365E+01   -0.5437885E+00   -0.8114596E+00    0.3693165E+01    0.2929751E+01   -0.3411174E-02   -0.7515650E-03   -0.5805177E-03   -0.1024858E-02   -0.1154503E-02    0.1218590E-02    0.7993717E-02    0.3237888E-02   -0.6723508E-02    0.1270775E-02    0.1110118E-02    0.1429713E-01    0.1281907E-03    0.2513795E-03
   -0.9790652E-04    0.6988261E-03   -0.5846648E-04   -0.4266759E-03   -0.9051790E-02    0.3909799E-02    0.7248070E-03    0.6631314E-03   -0.1907349E+02    0.1840933E+01    0.7096711E+01   -0.5709614E+02    0.4045371E+02    0.9077504E+02    0.6027462E+02   -0.9827410E+01   -0.7624752E+00   -0.2364691E+00    0.4123412E+01    0.4067753E+01    0.3774095E-04    0.4493101E-04   -0.1048363E-02    0.1502081E-05    0.1235843E-02    0.9096492E-03    0.4336025E-02   -0.3729987E-03    0.6839587E-02   -0.2928160E-02   -0.5306138E-02    0.6257268E-03    0.7246852E-03   -0.2432277E-02
    0.6481031E-04   -0.5726805E-04    0.3246543E-04    0.3179746E-02    0.3049916E-01    0.1246816E-01    0.5515822E-02    0.1411973E-02   -0.6448286E+02    0.7483777E+00    0.5727765E+01   -0.6685574E+02    0.1469052E+02    0.6027462E+02    0.1198366E+03   -0.8219358E+01   -0.1697919E+00   -0.4937616E+00    0.3168886E+00    0.2129312E+02    0.1939860E-02    0.6005060E-03   -0.6512038E-03    0.4527547E-03    0.1318413E-02   -0.2979528E-02   -0.6250788E-03    0.5657597E-03   -0.8765289E-02    0.2083429E-02   -0.8929905E-03   -0.2992983E-01    0.5202144E-03   -0.7438583E-02
   -0.5180908E-04    0.2865844E-03   -0.4054017E-04   -0.1124035E-02   -0.1751048E-01   -0.2160076E-02   -0.2603174E-02    0.9821479E-04    0.3105418E+00    0.3740490E-01   -0.2108799E+01    0.1157131E+02   -0.3504365E+01   -0.9827410E+01   -0.8219358E+01    0.4810149E+01    0.1053332E+00   -0.1365468E-01   -0.1427978E+01   -0.8757605E+00   -0.6201825E-03   -0.1923838E-03   -0.3400278E-04   -0.2769579E-03   -0.2020394E-03   -0.3362154E-03    0.1356870E-02    0.1222487E-02   -0.3348213E-02    0.9212735E-03    0.1792030E-02    0.5926772E-02   -0.9923548E-04    0.1716578E-03
   -0.6503288E-05    0.4510076E-04   -0.9439946E-05   -0.5484012E-03   -0.1467244E-03   -0.1228506E-02   -0.2543995E-04   -0.2869099E-04   -0.2413907E+00   -0.1342955E-01   -0.1290148E+00   -0.5697160E+00   -0.5437885E+00   -0.7624752E+00   -0.1697919E+00    0.1053332E+00    0.3201077E+01    0.7147011E+00    0.3045222E+00    0.6401648E+00   -0.8571850E-04    0.2629944E-05   -0.1258521E-04   -0.7913586E-05   -0.3079642E-03    0.9263302E-03   -0.4092318E-02    0.1234797E-03   -0.2266865E-02    0.7143129E-03   -0.6993222E-03    0.1090773E-02    0.4389139E-03   -0.1174194E-04
   -0.9660333E-05    0.2872698E-04    0.1214367E-05    0.5762870E-04   -0.4023987E-02   -0.2666856E-03   -0.2680947E-03    0.8518352E-05    0.2397431E+00    0.1333608E-01    0.4015489E-01   -0.5013450E+00   -0.8114596E+00   -0.2364691E+00   -0.4937616E+00   -0.1365468E-01    0.7147011E+00    0.3022327E+01    0.2289334E+01    0.1245045E+01    0.3127614E-04   -0.5707864E-04    0.2103459E-03   -0.4873322E-04   -0.2756894E-03    0.2140655E-03    0.4286610E-02    0.2326891E-03    0.1881979E-02   -0.5421001E-04   -0.1063258E-02   -0.3519208E-02   -0.4143069E-03   -0.2246631E-03
   -0.2895117E-04    0.2264360E-03   -0.7325708E-05    0.7909257E-04   -0.1689821E-01    0.4823780E-03   -0.1253690E-02    0.1370596E-04   -0.3113080E+01    0.1119419E+00    0.2138692E+01   -0.1198598E+02    0.3693165E+01    0.4123412E+01    0.3168886E+00   -0.1427978E+01    0.3045222E+00    0.2289334E+01    0.1724028E+02    0.2629964E+02   -0.7569430E-03   -0.5353009E-04   -0.2653182E-03   -0.1578457E-03   -0.4935512E-03    0.6676118E-03    0.7156200E-02    0.1892239E-02    0.2300018E-02   -0.8859403E-03   -0.1500741E-02    0.2388997E-02   -0.6674255E-04    0.2358284E-02
    0.5456280E-05    0.2233994E-03    0.1173774E-04    0.1750807E-02   -0.1504920E-01    0.5815407E-02   -0.1850721E-03    0.6086429E-03   -0.2494461E+02    0.9048346E-01    0.1633841E+01   -0.1696143E+02    0.2929751E+01    0.4067753E+01    0.2129312E+02   -0.8757605E+00    0.6401648E+00    0.1245045E+01    0.2629964E+02    0.6055555E+02   -0.8624307E-03    0.1757058E-03   -0.7606995E-03   -0.3153392E-03    0.4642354E-04   -0.8233043E-03    0.9878200E-02    0.3045340E-02    0.9717944E-02   -0.6702024E-03   -0.1167640E-02    0.1667685E-02   -0.1527704E-04    0.4262611E-02
    0.1551243E-06   -0.1749045E-05    0.1256846E-06    0.4624955E-05    0.2073330E-04    0.6936493E-05    0.7066869E-05    0.1528481E-05   -0.1382553E-02    0.5591060E-06    0.5740245E-03   -0.6073726E-02   -0.3411174E-02    0.3774095E-04    0.1939860E-02   -0.6201825E-03   -0.8571850E-04    0.3127614E-04   -0.7569430E-03   -0.8624307E-03    0.1264959E-03    0.1085346E-04    0.1153074E-05    0.3528474E-05   -0.4446510E-06    0.1101502E-04   -0.6036103E-05   -0.5399364E-05   -0.4080849E-05    0.9459219E-06   -0.3954672E-05   -0.1029746E-04   -0.6022665E-07   -0.4378649E-06
    0.4036998E-07   -0.4985980E-06    0.3336567E-07    0.8583922E-06    0.9320799E-05    0.6686498E-06    0.2247238E-05    0.2556326E-06   -0.5943832E-03    0.1082713E-04    0.9729670E-04   -0.2415133E-02   -0.7515650E-03    0.4493101E-04    0.6005060E-03   -0.1923838E-03    0.2629944E-05   -0.5707864E-04   -0.5353009E-04    0.1757058E-03    0.1085346E-04    0.1367829E-04   -0.2230490E-06    0.6172220E-05   -0.4348586E-06    0.6183176E-06   -0.7307628E-06   -0.2169113E-05   -0.3848035E-05   -0.6142682E-07   -0.4642404E-06    0.1099553E-05   -0.2313908E-07   -0.4420831E-07
   -0.1925192E-07    0.3170269E-06   -0.4217967E-07   -0.2555267E-06   -0.1030940E-04   -0.6437656E-06   -0.8266038E-06   -0.4172882E-06    0.6417474E-03   -0.6541905E-04    0.1307382E-03    0.1395884E-02   -0.5805177E-03   -0.1048363E-02   -0.6512038E-03   -0.3400278E-04   -0.1258521E-04    0.2103459E-03   -0.2653182E-03   -0.7606995E-03    0.1153074E-05   -0.2230490E-06    0.2264205E-03    0.5183975E-06   -0.2952774E-05   -0.1460611E-04    0.1919289E-06   -0.6929938E-06   -0.2166537E-04   -0.7349653E-05    0.1036472E-04    0.1666699E-05    0.7285933E-07   -0.1241424E-06
    0.6392983E-07   -0.6785116E-06    0.7109114E-07    0.2120760E-07    0.1591998E-04   -0.4403783E-06    0.2769947E-05    0.7187778E-06   -0.4567080E-03    0.7757316E-05    0.2552191E-03   -0.5729053E-02   -0.1024858E-02    0.1502081E-05    0.4527547E-03   -0.2769579E-03   -0.7913586E-05   -0.4873322E-04   -0.1578457E-03   -0.3153392E-03    0.3528474E-05    0.6172220E-05    0.5183975E-06    0.3039703E-04    0.8460402E-06    0.1344615E-05   -0.2644417E-05   -0.1613585E-05    0.1351584E-04   -0.1659798E-05    0.4280534E-05    0.2800370E-05   -0.2381231E-07   -0.1655361E-06
   -0.2669959E-07   -0.3737834E-07   -0.8762393E-07    0.5380569E-05   -0.1429884E-04    0.1028615E-04    0.9852527E-06   -0.8010400E-07   -0.1423667E-02    0.2591761E-04    0.5852845E-03   -0.6779130E-02   -0.1154503E-02    0.1235843E-02    0.1318413E-02   -0.2020394E-03   -0.3079642E-03   -0.2756894E-03   -0.4935512E-03    0.4642354E-04   -0.4446510E-06   -0.4348586E-06   -0.2952774E-05    0.8460402E-06    0.3960624E-03   -0.1369457E-04   -0.4465174E-05    0.5306114E-06    0.2538493E-05    0.1132479E-04    0.1029386E-04   -0.3769484E-04   -0.7896110E-07   -0.2096939E-06
   -0.3092689E-07   -0.2973489E-06   -0.5392523E-07   -0.3910790E-06   -0.5415938E-04    0.2127496E-05    0.1833323E-06    0.2629504E-05    0.3781096E-02   -0.2437338E-04    0.7216016E-03    0.1723645E-01    0.1218590E-02    0.9096492E-03   -0.2979528E-02   -0.3362154E-03    0.9263302E-03    0.2140655E-03    0.6676118E-03   -0.8233043E-03    0.1101502E-04    0.6183176E-06   -0.1460611E-04    0.1344615E-05   -0.1369457E-04    0.3480020E-02    0.6735384E-04    0.3230745E-04   -0.2065802E-04   -0.1989534E-05    0.5656657E-04    0.5111040E-04    0.8047624E-07    0.3842074E-06
   -0.5202467E-06    0.2275298E-05    0.1663044E-08   -0.1398089E-05   -0.1513294E-03    0.9158264E-06   -0.4221342E-05    0.1147123E-05    0.4803041E-03    0.1021243E-03   -0.3882942E-03    0.5988035E-01    0.7993717E-02    0.4336025E-02   -0.6250788E-03    0.1356870E-02   -0.4092318E-02    0.4286610E-02    0.7156200E-02    0.9878200E-02   -0.6036103E-05   -0.7307628E-06    0.1919289E-06   -0.2644417E-05   -0.4465174E-05    0.6735384E-04    0.5749711E-02    0.1823078E-02    0.1862863E-02   -0.6743062E-03   -0.9196749E-04   -0.1155634E-03    0.1268957E-05    0.9216186E-06
   -0.2331531E-06    0.1070176E-05   -0.1332624E-06    0.7812663E-05   -0.8266226E-04    0.1582312E-04   -0.1806605E-05   -0.2420269E-06   -0.1115783E-02    0.4111969E-04   -0.7199626E-03    0.6190694E-02    0.3237888E-02   -0.3729987E-03    0.5657597E-03    0.1222487E-02    0.1234797E-03    0.2326891E-03    0.1892239E-02    0.3045340E-02   -0.5399364E-05   -0.2169113E-05   -0.6929938E-06   -0.1613585E-05    0.5306114E-06    0.3230745E-04    0.1823078E-02    0.1218355E-02    0.7809110E-03    0.1919496E-03    0.1064633E-04   -0.2499898E-03   -0.2271028E-06    0.8143396E-07
   -0.3145204E-06    0.3580242E-05   -0.5021407E-06    0.5844740E-04   -0.2333418E-03    0.1230916E-03    0.2597949E-05    0.4363911E-07    0.4800845E-02    0.1745008E-03    0.2139585E-02    0.6067998E-02   -0.6723508E-02    0.6839587E-02   -0.8765289E-02   -0.3348213E-02   -0.2266865E-02    0.1881979E-02    0.2300018E-02    0.9717944E-02   -0.4080849E-05   -0.3848035E-05   -0.2166537E-04    0.1351584E-04    0.2538493E-05   -0.2065802E-04    0.1862863E-02    0.7809110E-03    0.3363658E-01   -0.5989243E-03    0.1419743E-02    0.1087886E-01    0.3050997E-06    0.4740034E-05
   -0.9232173E-07    0.5168226E-06   -0.9831267E-07    0.9092286E-05   -0.3557177E-04    0.1819012E-04   -0.8504798E-06   -0.1920954E-06   -0.2023033E-02   -0.5373763E-04   -0.7803127E-03   -0.1908451E-02    0.1270775E-02   -0.2928160E-02    0.2083429E-02    0.9212735E-03    0.7143129E-03   -0.5421001E-04   -0.8859403E-03   -0.6702024E-03    0.9459219E-06   -0.6142682E-07   -0.7349653E-05   -0.1659798E-05    0.1132479E-04   -0.1989534E-05   -0.6743062E-03    0.1919496E-03   -0.5989243E-03    0.1360015E-02    0.1882508E-03   -0.3507166E-03    0.9589887E-07   -0.4143151E-06
   -0.4157564E-06    0.2859983E-05   -0.4839854E-06    0.5402324E-05   -0.7547176E-04    0.1279461E-04   -0.8812647E-05   -0.1884935E-05   -0.1304565E-02   -0.1255550E-03   -0.7991048E-03    0.2340196E-01    0.1110118E-02   -0.5306138E-02   -0.8929905E-03    0.1792030E-02   -0.6993222E-03   -0.1063258E-02   -0.1500741E-02   -0.1167640E-02   -0.3954672E-05   -0.4642404E-06    0.1036472E-04    0.4280534E-05    0.1029386E-04    0.5656657E-04   -0.9196749E-04    0.1064633E-04    0.1419743E-02    0.1882508E-03    0.5116833E-02    0.3978613E-02    0.3842721E-06   -0.6678801E-06
   -0.1860241E-05    0.1528838E-04   -0.2361728E-05   -0.4599202E-05   -0.3200932E-03    0.2271384E-04   -0.3701397E-04    0.2772508E-05    0.1919489E-01    0.8362421E-04    0.3612258E-03    0.1098841E+00    0.1429713E-01    0.6257268E-03   -0.2992983E-01    0.5926772E-02    0.1090773E-02   -0.3519208E-02    0.2388997E-02    0.1667685E-02   -0.1029746E-04    0.1099553E-05    0.1666699E-05    0.2800370E-05   -0.3769484E-04    0.5111040E-04   -0.1155634E-03   -0.2499898E-03    0.1087886E-01   -0.3507166E-03    0.3978613E-02    0.3563036E-01    0.2483974E-05    0.1736446E-05
    0.5097350E-08    0.2279132E-08    0.1173494E-08   -0.4788065E-07    0.6514852E-07    0.1585045E-06   -0.1930057E-06    0.9094677E-08   -0.1588205E-03    0.7946063E-05    0.1971178E-03    0.4545135E-02    0.1281907E-03    0.7246852E-03    0.5202144E-03   -0.9923548E-04    0.4389139E-03   -0.4143069E-03   -0.6674255E-04   -0.1527704E-04   -0.6022665E-07   -0.2313908E-07    0.7285933E-07   -0.2381231E-07   -0.7896110E-07    0.8047624E-07    0.1268957E-05   -0.2271028E-06    0.3050997E-06    0.9589887E-07    0.3842721E-06    0.2483974E-05    0.5337008E-06    0.1630177E-07
   -0.1759506E-07    0.1372950E-06   -0.1498100E-07   -0.2560102E-06   -0.7829196E-05   -0.3382897E-06   -0.7441640E-06   -0.5314772E-07    0.4273216E-02   -0.2060422E-04   -0.3704720E-03    0.4269577E-02    0.2513795E-03   -0.2432277E-02   -0.7438583E-02    0.1716578E-03   -0.1174194E-04   -0.2246631E-03    0.2358284E-02    0.4262611E-02   -0.4378649E-06   -0.4420831E-07   -0.1241424E-06   -0.1655361E-06   -0.2096939E-06    0.3842074E-06    0.9216186E-06    0.8143396E-07    0.4740034E-05   -0.4143151E-06   -0.6678801E-06    0.1736446E-05    0.1630177E-07    0.2031734E-05
