# omegabh2 omegach2 theta tau yhe logA ns calPlanck
  2.0122217E-06  -5.2533064E-06   2.0646532E-06   3.6784750E-06   4.7342296E-05   1.3681462E-05   2.5682132E-05  -2.2816478E-08
 -5.2533064E-06   2.2371163E-05  -2.8004152E-06  -1.1789486E-05  -3.3182986E-05  -1.9863806E-05  -6.2162379E-05   6.9916682E-08
  2.0646532E-06  -2.8004152E-06   6.1390579E-06   4.3702592E-06   1.4916738E-04   9.6393668E-06   4.8253110E-05  -1.2879756E-07
  3.6784750E-06  -1.1789486E-05   4.3702592E-06   7.8172889E-05   9.5855047E-05   1.6050961E-04   6.2626961E-05   2.6739483E-07
  4.7342296E-05  -3.3182986E-05   1.4916738E-04   9.5855047E-05   4.1841168E-03   2.3961947E-04   1.2157393E-03  -2.6989968E-06
  1.3681462E-05  -1.9863806E-05   9.6393668E-06   1.6050961E-04   2.3961947E-04   4.9091022E-04   1.4388843E-04   1.3390993E-05
  2.5682132E-05  -6.2162379E-05   4.8253110E-05   6.2626961E-05   1.2157393E-03   1.4388843E-04   5.6893773E-04  -1.7205291E-06
 -2.2816478E-08   6.9916682E-08  -1.2879756E-07   2.6739483E-07  -2.6989968E-06   1.3390993E-05  -1.7205291E-06   6.1608657E-06
