# omegabh2 omegach2 theta tau mnu ns logA aps100 aps143 aps217 acib143 acib217 asz143 psr cibr cal0 cal2 xi aksz bm_1_1
    0.78157E-07   -0.36534E-06    0.78175E-07    0.94247E-06   -0.62803E-06    0.11071E-05    0.12319E-05   -0.12536E-02   -0.38626E-03   -0.28669E-03   -0.16747E-03   -0.21373E-03   -0.52115E-05   -0.74821E-07   -0.65771E-06   -0.87245E-09   -0.79503E-08   -0.21178E-05   -0.29548E-04   -0.15403E-04
   -0.36534E-06    0.63593E-05   -0.67990E-06   -0.88169E-05    0.26582E-06   -0.14556E-04   -0.25214E-05    0.67643E-02    0.87148E-03    0.10322E-02    0.13548E-02    0.12617E-02   -0.50844E-05   -0.90847E-06   -0.99765E-06   -0.20469E-07    0.82933E-07    0.24001E-04   -0.21666E-03    0.58871E-04
    0.78175E-07   -0.67990E-06    0.38986E-06    0.15431E-05   -0.17285E-05    0.20240E-05    0.17536E-05   -0.15187E-02   -0.68719E-03   -0.83443E-03    0.38427E-04    0.86511E-04    0.87861E-05   -0.18545E-06    0.80565E-05    0.11419E-07   -0.26729E-08   -0.22065E-05    0.47942E-04   -0.18059E-04
    0.94247E-06   -0.88169E-05    0.15431E-05    0.20032E-03    0.62521E-04    0.32437E-04    0.37912E-03   -0.17751E-01   -0.54847E-02    0.13142E-02   -0.17788E-02   -0.60693E-02   -0.41680E-03    0.36514E-05   -0.23266E-03   -0.29307E-06   -0.80353E-07   -0.44131E-04   -0.11820E-02   -0.48418E-03
   -0.62803E-06    0.26582E-06   -0.17285E-05    0.62521E-04    0.42359E-02   -0.34641E-05    0.11105E-03   -0.68730E-01    0.89153E-02    0.13773E-01   -0.36857E-02    0.14555E-02    0.14789E-02   -0.64042E-05    0.17252E-03   -0.71987E-07    0.61799E-06   -0.14795E-03    0.16883E-02   -0.17827E-02
    0.11071E-05   -0.14556E-04    0.20240E-05    0.32437E-04   -0.34641E-05    0.50558E-04    0.28612E-04   -0.23453E-01    0.13816E-02    0.71748E-02   -0.74930E-02   -0.99320E-02   -0.35955E-03    0.42192E-05   -0.17921E-03   -0.21345E-07   -0.15346E-06   -0.48513E-04   -0.97705E-03   -0.23896E-03
    0.12319E-05   -0.25214E-05    0.17536E-05    0.37912E-03    0.11105E-03    0.28612E-04    0.75818E-03   -0.14123E-01    0.78399E-03    0.13764E-01   -0.31550E-02   -0.13294E-01   -0.13096E-02    0.73470E-05   -0.53817E-03   -0.61222E-06    0.22929E-06   -0.60301E-05   -0.38977E-02   -0.46302E-03
   -0.12536E-02    0.67643E-02   -0.15187E-02   -0.17751E-01   -0.68730E-01   -0.23453E-01   -0.14123E-01    0.26810E+04    0.16732E+03    0.53507E+02    0.11026E+03   -0.12250E+02   -0.28267E+02    0.71749E-01   -0.55131E+01    0.86172E-03    0.49424E-02    0.23112E+01   -0.27190E+01    0.10583E+02
   -0.38626E-03    0.87148E-03   -0.68719E-03   -0.54847E-02    0.89153E-02    0.13816E-02    0.78399E-03    0.16732E+03    0.17650E+03    0.13063E+03   -0.38106E+02   -0.42860E+02   -0.43216E+01    0.35993E-01   -0.10327E+01    0.17551E-03    0.13122E-02    0.30471E+00   -0.69794E+01    0.33892E+00
   -0.28669E-03    0.10322E-02   -0.83443E-03    0.13142E-02    0.13773E-01    0.71748E-02    0.13764E-01    0.53507E+02    0.13063E+03    0.22048E+03   -0.36328E+02   -0.83240E+02   -0.30184E+01    0.45327E-01   -0.18432E+01    0.15932E-03   -0.40250E-02    0.26707E+00   -0.61223E+01    0.24421E+00
   -0.16747E-03    0.13548E-02    0.38427E-04   -0.17788E-02   -0.36857E-02   -0.74930E-02   -0.31550E-02    0.11026E+03   -0.38106E+02   -0.36328E+02    0.33277E+02    0.18385E+02   -0.13085E+01   -0.66015E-02   -0.82653E-01   -0.15160E-03   -0.31465E-03    0.24677E+00   -0.14618E-01   -0.85906E+00
   -0.21373E-03    0.12617E-02    0.86511E-04   -0.60693E-02    0.14555E-02   -0.99320E-02   -0.13294E-01   -0.12250E+02   -0.42860E+02   -0.83240E+02    0.18385E+02    0.43656E+02    0.18166E+01   -0.17574E-01    0.10401E+01   -0.97845E-04    0.23718E-02   -0.13932E+00   -0.80835E+00   -0.52796E-01
   -0.52115E-05   -0.50844E-05    0.87861E-05   -0.41680E-03    0.14789E-02   -0.35955E-03   -0.13096E-02   -0.28267E+02   -0.43216E+01   -0.30184E+01   -0.13085E+01    0.18166E+01    0.67384E+00   -0.15035E-02    0.14756E+00    0.67159E-05   -0.12654E-03   -0.51659E-01   -0.74421E-01    0.10592E+00
   -0.74821E-07   -0.90847E-06   -0.18545E-06    0.36514E-05   -0.64042E-05    0.42192E-05    0.73470E-05    0.71749E-01    0.35993E-01    0.45327E-01   -0.66015E-02   -0.17574E-01   -0.15035E-02    0.20823E-03   -0.63119E-03   -0.77132E-07   -0.71866E-06    0.15146E-03   -0.19388E-02    0.15182E-03
   -0.65771E-06   -0.99765E-06    0.80565E-05   -0.23266E-03    0.17252E-03   -0.17921E-03   -0.53817E-03   -0.55131E+01   -0.10327E+01   -0.18432E+01   -0.82653E-01    0.10401E+01    0.14756E+00   -0.63119E-03    0.59318E-01    0.39145E-06    0.39861E-04   -0.94176E-02   -0.49597E-01    0.22005E-01
   -0.87245E-09   -0.20469E-07    0.11419E-07   -0.29307E-06   -0.71987E-07   -0.21345E-07   -0.61222E-06    0.86172E-03    0.17551E-03    0.15932E-03   -0.15160E-03   -0.97845E-04    0.67159E-05   -0.77132E-07    0.39145E-06    0.15167E-06    0.23440E-08   -0.98910E-06    0.34646E-04   -0.24401E-04
   -0.79503E-08    0.82933E-07   -0.26729E-08   -0.80353E-07    0.61799E-06   -0.15346E-06    0.22929E-06    0.49424E-02    0.13122E-02   -0.40250E-02   -0.31465E-03    0.23718E-02   -0.12654E-03   -0.71866E-06    0.39861E-04    0.23440E-08    0.95498E-06    0.25702E-05   -0.51901E-04    0.24877E-04
   -0.21178E-05    0.24001E-04   -0.22065E-05   -0.44131E-04   -0.14795E-03   -0.48513E-04   -0.60301E-05    0.23112E+01    0.30471E+00    0.26707E+00    0.24677E+00   -0.13932E+00   -0.51659E-01    0.15146E-03   -0.94176E-02   -0.98910E-06    0.25702E-05    0.21039E-01    0.12973E-01   -0.88646E-02
   -0.29548E-04   -0.21666E-03    0.47942E-04   -0.11820E-02    0.16883E-02   -0.97705E-03   -0.38977E-02   -0.27190E+01   -0.69794E+01   -0.61223E+01   -0.14618E-01   -0.80835E+00   -0.74421E-01   -0.19388E-02   -0.49597E-01    0.34646E-04   -0.51901E-04    0.12973E-01    0.20968E+01   -0.49225E-01
   -0.15403E-04    0.58871E-04   -0.18059E-04   -0.48418E-03   -0.17827E-02   -0.23896E-03   -0.46302E-03    0.10583E+02    0.33892E+00    0.24421E+00   -0.85906E+00   -0.52796E-01    0.10592E+00    0.15182E-03    0.22005E-01   -0.24401E-04    0.24877E-04   -0.88646E-02   -0.49225E-01    0.61844E+00
