# omegabh2 omegach2 theta tau ns logA r aps100 aps143 aps217 acib143 acib217 asz143 psr cibr ncib cal0 cal2 xi aksz bm_1_1 bm_1_2 bm_1_3 bm_1_4 bm_1_5 bm_2_1 bm_2_2 bm_2_3 bm_2_4 bm_2_5 bm_3_1 bm_3_2 bm_3_3 bm_3_4 bm_3_5 bm_4_1 bm_4_2 bm_4_3 bm_4_4 bm_4_5 a_ps_act_148 a_ps_act_217 a_ps_spt_95 a_ps_spt_150 a_ps_spt_220 r_ps_spt_95x150 r_ps_spt_95x220 r_ps_150x220 act_dust_s act_dust_e cal_acts_148 cal_acts_217 cal_acte_148 cal_acte_217 cal_spt_95 cal_spt_150 cal_spt_220
    0.56884E-07   -0.14498E-06    0.41821E-07    0.57885E-06    0.48522E-06    0.95011E-06    0.54540E-07   -0.25826E-03   -0.57756E-03   -0.50035E-03    0.65410E-06    0.28766E-04    0.14049E-04   -0.14243E-05   -0.34694E-06    0.71381E-06    0.10919E-08   -0.22192E-08   -0.35984E-05   -0.44478E-04   -0.10439E-04   -0.13147E-04   -0.24655E-05    0.17737E-05    0.83568E-07    0.18950E-06    0.14200E-06    0.17136E-05    0.32889E-05    0.37275E-06    0.10769E-07   -0.42977E-05    0.62204E-06    0.10234E-05   -0.42228E-05    0.89025E-07   -0.26085E-06    0.15629E-05   -0.22652E-05    0.53651E-05    0.82861E-05    0.73989E-04    0.17997E-04    0.17196E-04    0.82283E-04   -0.33504E-06   -0.85363E-06   -0.13534E-06   -0.53645E-06    0.21873E-06    0.30720E-06    0.37280E-06    0.34310E-06    0.35411E-06    0.56123E-06    0.61709E-06    0.43574E-06
   -0.14498E-06    0.30784E-05   -0.17007E-06   -0.46149E-05   -0.69101E-05   -0.16102E-05   -0.63404E-05    0.10115E-02    0.12113E-02    0.11546E-02   -0.56730E-05   -0.13045E-03   -0.48153E-04    0.37986E-05   -0.60447E-07   -0.21311E-05   -0.57223E-08    0.26133E-07    0.14712E-04    0.58151E-04    0.50139E-04    0.40637E-05   -0.84271E-05    0.33834E-05   -0.82859E-05    0.17587E-04    0.39002E-05   -0.32892E-05   -0.13963E-04    0.89132E-05    0.47568E-06    0.16955E-04   -0.43066E-05    0.13449E-04   -0.83812E-05    0.14241E-04    0.16734E-05    0.10687E-04    0.85738E-05   -0.62370E-05   -0.91113E-06   -0.12555E-03   -0.23531E-04   -0.18554E-04   -0.11095E-03    0.20997E-05    0.22237E-05    0.59038E-06   -0.28661E-06   -0.18087E-05   -0.70795E-06   -0.91591E-06   -0.71228E-06   -0.76673E-06   -0.13453E-05   -0.14053E-05   -0.59514E-06
    0.41821E-07   -0.17007E-06    0.31470E-06    0.69610E-06    0.81756E-06    0.13180E-05   -0.82632E-07    0.32867E-03   -0.10083E-03   -0.10315E-03    0.26744E-05   -0.33790E-05    0.16303E-04   -0.55662E-06    0.18681E-06   -0.89149E-07   -0.61718E-10   -0.24105E-08   -0.18768E-05   -0.22939E-04    0.73538E-05   -0.71514E-06    0.61037E-05    0.98716E-06    0.28636E-05   -0.36876E-05   -0.19020E-05    0.49329E-05    0.45365E-05    0.50550E-05   -0.47330E-06    0.10039E-06    0.15290E-05    0.52171E-05   -0.80784E-05   -0.25690E-05   -0.18981E-05    0.15165E-05   -0.86680E-05    0.40069E-05    0.95134E-06    0.36067E-04    0.89656E-06    0.28593E-05    0.19212E-04   -0.11956E-07    0.19707E-07   -0.59392E-07    0.25519E-07   -0.28344E-06    0.13947E-06    0.11205E-06    0.15039E-06    0.12006E-06    0.10064E-06    0.21063E-06    0.12875E-06
    0.57885E-06   -0.46149E-05    0.69610E-06    0.16095E-03    0.19365E-04    0.30984E-03   -0.31052E-04   -0.19431E-01   -0.14142E-01   -0.10504E-01   -0.23700E-03    0.14378E-02    0.39192E-03   -0.22995E-04    0.56882E-05    0.32511E-04    0.29938E-07    0.28575E-06   -0.16184E-03   -0.17170E-02   -0.23804E-03   -0.19293E-03    0.25621E-04    0.49364E-04   -0.46523E-04    0.17860E-03   -0.57924E-04   -0.52185E-04    0.25873E-03   -0.95745E-04   -0.20319E-03   -0.77094E-04    0.28903E-04    0.69047E-05   -0.45111E-04   -0.58662E-05    0.28822E-04   -0.11814E-03    0.96225E-04    0.20685E-03    0.20596E-03    0.11076E-02    0.58704E-03    0.36304E-03    0.14371E-02   -0.32155E-04   -0.50420E-04   -0.67992E-05    0.26882E-04    0.18101E-04    0.61097E-05    0.89554E-05    0.72650E-05    0.76132E-05    0.86182E-05    0.90626E-05    0.63914E-05
    0.48522E-06   -0.69101E-05    0.81756E-06    0.19365E-04    0.31537E-04    0.18227E-04    0.35580E-04   -0.32595E-01   -0.15808E-01   -0.10665E-01   -0.18857E-04    0.97084E-03    0.65954E-03   -0.31044E-04   -0.62444E-05    0.24039E-04   -0.75683E-07    0.20989E-06   -0.15977E-03   -0.12846E-02   -0.34774E-03   -0.23959E-03   -0.89609E-04    0.24618E-04    0.26132E-04    0.29854E-03    0.99255E-04    0.32710E-04    0.14374E-03   -0.73861E-04    0.75923E-04   -0.72180E-04   -0.68155E-04   -0.60282E-04    0.20928E-04    0.23704E-03    0.17614E-03    0.80714E-05    0.27073E-04    0.10617E-03    0.10831E-03    0.12315E-02    0.24795E-03    0.21928E-03    0.79571E-03   -0.16268E-04   -0.20261E-04   -0.21362E-05    0.56521E-06    0.14742E-04    0.70231E-05    0.69150E-05    0.73807E-05    0.62963E-05    0.11378E-04    0.10636E-04    0.65289E-05
    0.95011E-06   -0.16102E-05    0.13180E-05    0.30984E-03    0.18227E-04    0.62046E-03   -0.86951E-04   -0.45728E-01   -0.28273E-01   -0.19863E-01   -0.57083E-03    0.29831E-02    0.74099E-03   -0.40846E-04    0.72630E-05    0.72672E-04    0.10768E-06    0.92976E-06   -0.33742E-03   -0.36469E-02    0.11300E-03   -0.29618E-03    0.36940E-04    0.11220E-03   -0.10940E-03    0.75282E-03    0.24665E-04   -0.12364E-03    0.44712E-03   -0.25555E-03   -0.37728E-03   -0.73333E-04    0.13698E-04    0.13511E-04   -0.22004E-03    0.28466E-03    0.21083E-03   -0.10636E-03    0.24482E-03    0.38743E-03    0.41087E-03    0.17353E-02    0.12118E-02    0.67813E-03    0.24355E-02   -0.67104E-04   -0.11233E-03   -0.12949E-04    0.51763E-04    0.27728E-04    0.11490E-04    0.16090E-04    0.13691E-04    0.13648E-04    0.15328E-04    0.15204E-04    0.11018E-04
    0.54540E-07   -0.63404E-05   -0.82632E-07   -0.31052E-04    0.35580E-04   -0.86951E-04    0.16076E-02   -0.22867E-01   -0.15216E-01   -0.97921E-02    0.33199E-04    0.60762E-03   -0.16702E-03   -0.48272E-04   -0.43976E-04    0.23272E-04   -0.13350E-06    0.14266E-06   -0.96966E-04    0.14698E-03   -0.52508E-03   -0.30019E-03   -0.74396E-03   -0.35874E-03   -0.20094E-03    0.65912E-03    0.16999E-03    0.52495E-03   -0.34439E-04   -0.57822E-03    0.58961E-03    0.13462E-03    0.10503E-03   -0.16261E-03   -0.55298E-03    0.66498E-03    0.84744E-03    0.43791E-04   -0.70624E-04   -0.23016E-03   -0.41145E-03    0.41590E-03    0.32777E-04   -0.67481E-04   -0.10206E-02   -0.88161E-05   -0.40176E-04    0.64437E-05    0.83081E-04    0.52714E-04    0.54368E-05    0.95943E-05    0.55566E-05    0.66345E-05    0.58308E-05    0.10442E-04    0.10363E-04
   -0.25826E-03    0.10115E-02    0.32867E-03   -0.19431E-01   -0.32595E-01   -0.45728E-01   -0.22867E-01    0.16049E+04    0.82639E+02    0.18829E+02   -0.12050E+00   -0.32548E+01   -0.12038E+02   -0.76684E-01   -0.90042E-01   -0.89454E-01    0.12939E-02   -0.30401E-02    0.10214E+01    0.87332E+01    0.16113E+02   -0.69607E+01    0.87478E+00   -0.33849E+00   -0.72573E-02   -0.28535E+01   -0.49935E+01   -0.13771E+01   -0.41500E+00   -0.13439E+01    0.15200E+00    0.13870E+00    0.26985E+00   -0.72840E+00   -0.30345E+01   -0.13344E+01   -0.24372E+01   -0.29284E+01    0.44696E+00    0.24425E+01    0.56937E+00    0.57699E+00    0.56042E+01   -0.31058E+00    0.63675E+01   -0.10066E+00   -0.41534E+00   -0.74489E-01   -0.76343E-01    0.28596E-01   -0.20382E-01    0.18485E-02   -0.24438E-01    0.89141E-02   -0.75485E-01   -0.29213E-01    0.14376E-01
   -0.57756E-03    0.12113E-02   -0.10083E-03   -0.14142E-01   -0.15808E-01   -0.28273E-01   -0.15216E-01    0.82639E+02    0.61873E+02    0.15058E+02    0.19496E+00    0.26557E+00   -0.18999E+01    0.33333E-01    0.25363E-01   -0.26351E-01    0.40834E-04   -0.89233E-03    0.18936E+00    0.40520E+00   -0.71781E-01   -0.15373E+00    0.94585E-01    0.56241E-01    0.38951E-01    0.19913E+00   -0.31291E+00   -0.12554E+00   -0.18264E+00    0.46326E-01   -0.18223E+00    0.12142E+00    0.26106E-01    0.10380E-01   -0.42306E-01    0.10606E+00   -0.16682E+00   -0.32255E+00   -0.13665E+00    0.66844E-01    0.30179E+00   -0.15272E+01    0.10153E+01   -0.17353E+00   -0.52078E+00    0.28458E-03   -0.50073E-01   -0.30309E-01    0.29600E-01    0.30848E-02   -0.12401E-01   -0.71517E-02   -0.12426E-01   -0.65595E-02   -0.25547E-01   -0.17189E-01   -0.79073E-02
   -0.50035E-03    0.11546E-02   -0.10315E-03   -0.10504E-01   -0.10665E-01   -0.19863E-01   -0.97921E-02    0.18829E+02    0.15058E+02    0.95218E+02   -0.10621E+01   -0.34322E+02    0.37260E+00   -0.36451E+00   -0.43778E-01   -0.44945E+00    0.93642E-05    0.10321E-03    0.15794E-01    0.95077E+00   -0.71796E-01    0.38546E+00    0.11095E-02   -0.17228E+00    0.46063E-01    0.46717E-01    0.10122E+00   -0.12092E-01   -0.56293E-02    0.21346E+00    0.46196E-01    0.33549E+00   -0.13753E+00    0.20132E+00    0.10692E+00    0.74584E-01    0.24368E-01    0.13280E+00    0.61556E-01   -0.19813E+00    0.16502E+00    0.17879E+02   -0.82725E+00    0.60579E+00    0.89741E+01   -0.40452E-01   -0.80369E-01    0.32293E-02    0.45717E-01    0.24403E-01   -0.64310E-02   -0.26967E-01   -0.48985E-02   -0.31563E-01   -0.57041E-02   -0.86267E-02   -0.54801E-01
    0.65410E-06   -0.56730E-05    0.26744E-05   -0.23700E-03   -0.18857E-04   -0.57083E-03    0.33199E-04   -0.12050E+00    0.19496E+00   -0.10621E+01    0.65914E+00    0.11556E+01    0.55215E+00    0.27318E-02   -0.38701E-02   -0.28889E-02   -0.27331E-05    0.52923E-04    0.62651E-02   -0.91816E+00   -0.13055E-01   -0.44579E-02   -0.28146E-02   -0.59146E-02    0.16126E-01   -0.29686E-01    0.35967E-03   -0.44423E-02    0.11979E-01   -0.13290E-01    0.20165E-01   -0.21031E-01    0.90656E-02   -0.84468E-02   -0.17340E-02   -0.96505E-02   -0.67630E-02    0.84501E-02    0.12656E-01    0.12957E-01    0.56712E-01   -0.16308E+00   -0.20454E+00   -0.25294E-01   -0.19531E-01    0.48379E-01    0.45517E-01   -0.40019E-02   -0.16538E-02   -0.21825E-02    0.13944E-03    0.31693E-03    0.15080E-03    0.19655E-03   -0.62207E-03    0.54944E-03    0.18708E-02
    0.28766E-04   -0.13045E-03   -0.33790E-05    0.14378E-02    0.97084E-03    0.29831E-02    0.60762E-03   -0.32548E+01    0.26557E+00   -0.34322E+02    0.11556E+01    0.21269E+02    0.19124E+01    0.21866E+00    0.29190E-01    0.28250E+00    0.12752E-04   -0.65283E-04   -0.34931E+00   -0.42493E+01    0.19004E+00   -0.20441E+00   -0.32389E-01    0.37711E-01    0.41296E-01   -0.25412E-02   -0.59607E-02   -0.99749E-01    0.19793E+00   -0.22488E+00   -0.11843E+00   -0.43367E+00    0.57878E-01   -0.28487E+00   -0.20084E+00   -0.80419E-01   -0.77634E-01   -0.35058E-01    0.98529E-01    0.28636E+00   -0.34405E+00   -0.11822E+02   -0.10026E+00   -0.74268E+00   -0.75879E+01    0.52446E-01    0.65416E-01   -0.10213E-01   -0.11057E-01   -0.10489E-01   -0.74239E-03    0.62461E-02   -0.16277E-02    0.86375E-02   -0.75260E-03   -0.29602E-02    0.19687E-01
    0.14049E-04   -0.48153E-04    0.16303E-04    0.39192E-03    0.65954E-03    0.74099E-03   -0.16702E-03   -0.12038E+02   -0.18999E+01    0.37260E+00    0.55215E+00    0.19124E+01    0.19652E+01    0.19229E-01    0.21543E-01    0.14991E-01    0.42553E-05   -0.15533E-03   -0.18464E+00   -0.23595E+01    0.38000E-01    0.38651E-01   -0.11682E-01   -0.13834E-01    0.19973E-01    0.32382E-01    0.25558E-01   -0.14596E-01    0.20675E-01   -0.14220E-01   -0.43527E-01   -0.28161E-01   -0.80279E-02   -0.21691E-01   -0.14601E-01   -0.33911E-02   -0.36366E-02    0.10530E-01   -0.59708E-03    0.12179E-01   -0.86436E-01   -0.72707E+00   -0.80183E+00   -0.11145E+00   -0.11334E+01    0.44542E-01    0.70752E-01   -0.13261E-02    0.14505E-02   -0.25675E-02    0.51086E-03   -0.23738E-02    0.48622E-03   -0.24443E-02    0.38954E-02    0.32534E-03   -0.17070E-02
   -0.14243E-05    0.37986E-05   -0.55662E-06   -0.22995E-04   -0.31044E-04   -0.40846E-04   -0.48272E-04   -0.76684E-01    0.33333E-01   -0.36451E+00    0.27318E-02    0.21866E+00    0.19229E-01    0.45958E-02   -0.25712E-04    0.31039E-02    0.28310E-06   -0.33449E-05   -0.11954E-02   -0.20348E-01    0.12171E-02    0.14205E-02    0.10397E-03    0.84094E-03    0.32478E-03    0.12771E-02   -0.36757E-02    0.13973E-02   -0.26824E-02    0.70408E-03   -0.13932E-02    0.76721E-03    0.32955E-03    0.34131E-03    0.22790E-03    0.39261E-03   -0.31741E-03   -0.32523E-02   -0.43223E-02   -0.22847E-02   -0.12616E-02   -0.15108E+00   -0.84914E-02   -0.37979E-02   -0.10412E+00    0.40792E-03    0.15924E-02    0.36762E-03   -0.14384E-03    0.10063E-03   -0.26220E-04   -0.81082E-06   -0.42555E-04    0.33781E-04    0.12091E-04   -0.56040E-04    0.15865E-03
   -0.34694E-06   -0.60447E-07    0.18681E-06    0.56882E-05   -0.62444E-05    0.72630E-05   -0.43976E-04   -0.90042E-01    0.25363E-01   -0.43778E-01   -0.38701E-02    0.29190E-01    0.21543E-01   -0.25712E-04    0.29537E-02   -0.18617E-03   -0.11649E-07    0.34958E-05   -0.62582E-03   -0.13991E-01    0.44698E-03   -0.22393E-03    0.63345E-03   -0.15437E-03    0.23224E-03   -0.20112E-02   -0.36067E-03   -0.24523E-03    0.91550E-03    0.54042E-03    0.12062E-02   -0.12004E-02    0.22585E-03   -0.11283E-03   -0.49791E-03   -0.49492E-03   -0.12200E-02    0.70068E-03    0.46216E-03    0.11655E-02    0.60285E-02    0.21665E-02   -0.12713E-01    0.35537E-02    0.65426E-02    0.95038E-04    0.14601E-02   -0.42059E-03   -0.17157E-04   -0.24013E-03    0.41461E-05    0.33223E-04    0.33181E-05    0.40047E-04    0.63880E-04   -0.49504E-05    0.84500E-04
    0.71381E-06   -0.21311E-05   -0.89149E-07    0.32511E-04    0.24039E-04    0.72672E-04    0.23272E-04   -0.89454E-01   -0.26351E-01   -0.44945E+00   -0.28889E-02    0.28250E+00    0.14991E-01    0.31039E-02   -0.18617E-03    0.51126E-02    0.32810E-06   -0.89941E-05   -0.54385E-02   -0.33619E-01    0.58698E-02   -0.59814E-02   -0.22254E-02   -0.12726E-03    0.17369E-03    0.26986E-02    0.34486E-02   -0.39402E-02    0.76878E-02   -0.61991E-02   -0.62945E-02   -0.11421E-01    0.57139E-03   -0.75657E-02   -0.57220E-02   -0.25376E-02   -0.85932E-03    0.27484E-02    0.65097E-02    0.94017E-02   -0.88982E-02   -0.19079E+00    0.18947E-02   -0.11024E-01   -0.13567E+00   -0.61039E-03   -0.18665E-03    0.24749E-03   -0.73853E-04   -0.17841E-04   -0.75683E-05    0.38994E-04   -0.22252E-04    0.78064E-04    0.39467E-04   -0.52272E-04    0.17589E-03
    0.10919E-08   -0.57223E-08   -0.61718E-10    0.29938E-07   -0.75683E-07    0.10768E-06   -0.13350E-06    0.12939E-02    0.40834E-04    0.93642E-05   -0.27331E-05    0.12752E-04    0.42553E-05    0.28310E-06   -0.11649E-07    0.32810E-06    0.15606E-06   -0.13142E-08   -0.25360E-05   -0.12873E-04   -0.29383E-04   -0.14666E-04    0.30312E-07   -0.99899E-06   -0.33981E-05    0.61084E-05    0.20757E-05    0.11941E-05    0.93892E-06    0.46396E-05    0.40221E-05    0.32942E-05    0.32849E-05    0.58912E-06    0.43496E-05    0.74395E-05    0.13802E-05    0.21938E-05    0.57174E-06    0.54763E-05   -0.12152E-05   -0.71620E-05    0.29042E-05   -0.28365E-05   -0.98780E-05   -0.31936E-06   -0.66499E-06   -0.70280E-07   -0.26012E-06   -0.93482E-06   -0.59224E-07    0.24276E-07   -0.48967E-07    0.26647E-07    0.14461E-07   -0.58614E-07   -0.75255E-07
   -0.22192E-08    0.26133E-07   -0.24105E-08    0.28575E-06    0.20989E-06    0.92976E-06    0.14266E-06   -0.30401E-02   -0.89233E-03    0.10321E-03    0.52923E-04   -0.65283E-04   -0.15533E-03   -0.33449E-05    0.34958E-05   -0.89941E-05   -0.13142E-08    0.11717E-05    0.24832E-04    0.12063E-03    0.82204E-04    0.33545E-04   -0.33635E-05   -0.30617E-04   -0.71748E-05    0.40511E-03    0.46280E-04   -0.10622E-04   -0.24457E-04    0.47444E-04   -0.39350E-03    0.42877E-04   -0.88149E-04    0.15943E-04    0.20234E-04    0.43107E-04    0.60638E-04   -0.47356E-04   -0.84024E-04   -0.31822E-05    0.54896E-04    0.23782E-03    0.75136E-04    0.33441E-04    0.36028E-03    0.33599E-05    0.11610E-06   -0.27082E-05   -0.25840E-05    0.10535E-05    0.31683E-06    0.76840E-06    0.35082E-06    0.85748E-06   -0.18988E-06    0.47642E-06    0.12841E-05
   -0.35984E-05    0.14712E-04   -0.18768E-05   -0.16184E-03   -0.15977E-03   -0.33742E-03   -0.96966E-04    0.10214E+01    0.18936E+00    0.15794E-01    0.62651E-02   -0.34931E+00   -0.18464E+00   -0.11954E-02   -0.62582E-03   -0.54385E-02   -0.25360E-05    0.24832E-04    0.64441E-01    0.36136E+00   -0.77262E-02   -0.26307E-02    0.97017E-03   -0.19249E-02    0.37515E-03   -0.79827E-02   -0.32872E-02    0.16711E-02   -0.12887E-02    0.30777E-02    0.85032E-02    0.31343E-02   -0.10382E-02    0.28524E-02    0.54322E-02   -0.23705E-03   -0.72933E-03    0.72335E-03    0.45291E-03   -0.24604E-02    0.62584E-01    0.14245E+00    0.10010E-01    0.57645E-01    0.20295E+00    0.44908E-02    0.84298E-02    0.10899E-02   -0.77176E-03    0.18070E-03    0.20033E-04    0.22025E-03    0.30956E-04    0.23044E-03   -0.32877E-03    0.24083E-03    0.50515E-03
   -0.44478E-04    0.58151E-04   -0.22939E-04   -0.17170E-02   -0.12846E-02   -0.36469E-02    0.14698E-03    0.87332E+01    0.40520E+00    0.95077E+00   -0.91816E+00   -0.42493E+01   -0.23595E+01   -0.20348E-01   -0.13991E-01   -0.33619E-01   -0.12873E-04    0.12063E-03    0.36136E+00    0.45454E+01   -0.36243E-01   -0.15946E-01    0.15025E-01    0.84233E-02   -0.28499E-01   -0.11270E-01   -0.16194E-01    0.24098E-01   -0.24177E-01    0.46544E-01    0.26040E-01    0.46459E-01   -0.14692E-01    0.45102E-01    0.42287E-01    0.92761E-02    0.38895E-02    0.48529E-02   -0.14091E-01   -0.27115E-01    0.85159E-01    0.13405E+01    0.35139E+00    0.25443E+00    0.16679E+01   -0.48488E-01   -0.31520E-01    0.16864E-01   -0.68288E-02   -0.28838E-02    0.53392E-03    0.24434E-02    0.59712E-03    0.26107E-02   -0.80323E-03    0.17405E-02    0.21072E-02
   -0.10439E-04    0.50139E-04    0.73538E-05   -0.23804E-03   -0.34774E-03    0.11300E-03   -0.52508E-03    0.16113E+02   -0.71781E-01   -0.71796E-01   -0.13055E-01    0.19004E+00    0.38000E-01    0.12171E-02    0.44698E-03    0.58698E-02   -0.29383E-04    0.82204E-04   -0.77262E-02   -0.36243E-01    0.66259E+00   -0.14533E+00    0.44283E-02    0.25849E-02    0.77172E-02    0.18819E+00   -0.36911E-01   -0.44844E-01   -0.14496E-01   -0.72228E-01    0.18854E-01    0.37259E-01   -0.30740E-01   -0.48237E-01   -0.11951E+00    0.15824E+00    0.39802E-01   -0.11084E-01    0.37532E-01    0.69663E-01   -0.12405E-01   -0.20513E+00   -0.31814E-01   -0.17406E-01   -0.13457E+00   -0.26119E-03    0.66979E-03    0.43574E-03   -0.14100E-02   -0.17880E-03    0.13257E-03   -0.33730E-03   -0.63084E-05   -0.15844E-03   -0.82015E-04   -0.24108E-03   -0.76127E-05
   -0.13147E-04    0.40637E-05   -0.71514E-06   -0.19293E-03   -0.23959E-03   -0.29618E-03   -0.30019E-03   -0.69607E+01   -0.15373E+00    0.38546E+00   -0.44579E-02   -0.20441E+00    0.38651E-01    0.14205E-02   -0.22393E-03   -0.59814E-02   -0.14666E-04    0.33545E-04   -0.26307E-02   -0.15946E-01   -0.14533E+00    0.92646E+00   -0.20510E-03    0.79456E-02    0.80057E-02   -0.15163E+00    0.17595E+00    0.62775E-01   -0.27494E-01    0.47008E-01   -0.11206E+00    0.84291E-02    0.17951E-01    0.12308E-01    0.16584E+00   -0.21810E+00    0.34675E-01    0.10359E+00    0.38261E-02   -0.22676E+00   -0.43467E-02    0.13331E+00   -0.33515E-01   -0.71681E-03    0.10051E+00    0.41885E-04    0.77498E-03    0.33224E-03    0.10094E-02   -0.46765E-03   -0.12063E-03   -0.29496E-03   -0.21123E-03   -0.17314E-03    0.30554E-04   -0.17318E-03   -0.38669E-03
   -0.24655E-05   -0.84271E-05    0.61037E-05    0.25621E-04   -0.89609E-04    0.36940E-04   -0.74396E-03    0.87478E+00    0.94585E-01    0.11095E-02   -0.28146E-02   -0.32389E-01   -0.11682E-01    0.10397E-03    0.63345E-03   -0.22254E-02    0.30312E-07   -0.33635E-05    0.97017E-03    0.15025E-01    0.44283E-02   -0.20510E-03    0.97560E+00   -0.79103E-04    0.14569E-02   -0.44941E-01   -0.28655E-01    0.15005E+00   -0.20028E-01    0.82806E-01   -0.63619E-02    0.53206E-01   -0.14879E-01   -0.15847E-01    0.99684E-01   -0.51346E-01    0.23196E-01    0.72332E-02   -0.16791E+00    0.87835E-01   -0.58219E-02    0.55542E-01    0.32707E-02   -0.16432E-03    0.53632E-01   -0.14584E-03   -0.62882E-03   -0.20792E-03    0.95408E-03   -0.21526E-02   -0.10398E-03   -0.41649E-04   -0.54581E-04    0.10244E-03   -0.17220E-03   -0.22538E-04   -0.47906E-04
    0.17737E-05    0.33834E-05    0.98716E-06    0.49364E-04    0.24618E-04    0.11220E-03   -0.35874E-03   -0.33849E+00    0.56241E-01   -0.17228E+00   -0.59146E-02    0.37711E-01   -0.13834E-01    0.84094E-03   -0.15437E-03   -0.12726E-03   -0.99899E-06   -0.30617E-04   -0.19249E-02    0.84233E-02    0.25849E-02    0.79456E-02   -0.79103E-04    0.97764E+00   -0.75667E-02    0.50200E-01   -0.88649E-01    0.65700E-01   -0.86175E-01    0.51623E-01    0.73149E-01    0.10638E+00    0.42070E-01    0.14878E+00   -0.97945E-01    0.86534E-01    0.35247E-01   -0.16400E-01   -0.10983E+00    0.50430E-01   -0.33097E-02    0.52543E-01    0.26093E-01   -0.33559E-02    0.15518E-01   -0.17465E-02   -0.19374E-02   -0.11775E-03    0.49238E-03   -0.66684E-03    0.78885E-04    0.27192E-03   -0.65557E-05    0.20004E-03   -0.10752E-03   -0.11524E-04    0.63354E-04
    0.83568E-07   -0.82859E-05    0.28636E-05   -0.46523E-04    0.26132E-04   -0.10940E-03   -0.20094E-03   -0.72573E-02    0.38951E-01    0.46063E-01    0.16126E-01    0.41296E-01    0.19973E-01    0.32478E-03    0.23224E-03    0.17369E-03   -0.33981E-05   -0.71748E-05    0.37515E-03   -0.28499E-01    0.77172E-02    0.80057E-02    0.14569E-02   -0.75667E-02    0.10022E+01    0.27132E-01    0.38194E-01   -0.45605E-01    0.48440E-01    0.84578E-01    0.61604E-01   -0.55791E-01   -0.89048E-01    0.48335E-01    0.39789E-01    0.87385E-01   -0.80022E-01    0.76949E-01   -0.18930E-01    0.13380E-01    0.24373E-02   -0.29587E-01    0.16056E-02   -0.65219E-03    0.17067E-02    0.10841E-02    0.13078E-02   -0.11459E-03    0.40612E-03    0.56286E-03   -0.87785E-05   -0.65760E-04   -0.46035E-04   -0.11670E-03    0.24168E-03   -0.36923E-04   -0.49886E-04
    0.18950E-06    0.17587E-04   -0.36876E-05    0.17860E-03    0.29854E-03    0.75282E-03    0.65912E-03   -0.28535E+01    0.19913E+00    0.46717E-01   -0.29686E-01   -0.25412E-02    0.32382E-01    0.12771E-02   -0.20112E-02    0.26986E-02    0.61084E-05    0.40511E-03   -0.79827E-02   -0.11270E-01    0.18819E+00   -0.15163E+00   -0.44941E-01    0.50200E-01    0.27132E-01    0.77811E+00   -0.20376E-01   -0.81355E-02   -0.17729E-01   -0.31762E-01    0.74448E-01    0.12578E+00   -0.93248E-01   -0.89049E-02   -0.66121E-01    0.62402E+00    0.22970E+00   -0.53195E-01   -0.33826E-01    0.79403E-01   -0.91749E-02   -0.63395E-01   -0.14829E-01    0.35592E-02   -0.67293E-01   -0.20927E-02   -0.10837E-02    0.11610E-02   -0.12499E-02    0.13433E-02    0.34886E-03   -0.12317E-03    0.25059E-03   -0.55992E-04    0.47537E-03    0.28734E-03   -0.57315E-04
    0.14200E-06    0.39002E-05   -0.19020E-05   -0.57924E-04    0.99255E-04    0.24665E-04    0.16999E-03   -0.49935E+01   -0.31291E+00    0.10122E+00    0.35967E-03   -0.59607E-02    0.25558E-01   -0.36757E-02   -0.36067E-03    0.34486E-02    0.20757E-05    0.46280E-04   -0.32872E-02   -0.16194E-01   -0.36911E-01    0.17595E+00   -0.28655E-01   -0.88649E-01    0.38194E-01   -0.20376E-01    0.98964E+00    0.12005E-01   -0.73578E-02    0.41444E-02    0.47321E-01   -0.13002E-01   -0.50803E-01   -0.13733E-01    0.13847E+00   -0.85563E-01    0.24850E+00    0.78384E+00    0.28673E+00   -0.19163E+00   -0.90230E-02   -0.40077E-01    0.10727E-01   -0.65379E-03   -0.58047E-01   -0.41168E-03    0.39815E-03    0.24936E-03   -0.10697E-03    0.13699E-02    0.67055E-04   -0.15016E-03    0.14054E-03    0.46711E-04    0.14356E-03    0.13002E-03   -0.13326E-03
    0.17136E-05   -0.32892E-05    0.49329E-05   -0.52185E-04    0.32710E-04   -0.12364E-03    0.52495E-03   -0.13771E+01   -0.12554E+00   -0.12092E-01   -0.44423E-02   -0.99749E-01   -0.14596E-01    0.13973E-02   -0.24523E-03   -0.39402E-02    0.11941E-05   -0.10622E-04    0.16711E-02    0.24098E-01   -0.44844E-01    0.62775E-01    0.15005E+00    0.65700E-01   -0.45605E-01   -0.81355E-02    0.12005E-01    0.98193E+00    0.12027E-01   -0.85797E-02    0.81295E-01   -0.31607E-01    0.12690E+00    0.15232E+00   -0.14148E+00   -0.19771E+00    0.63513E+00    0.14255E+00   -0.59822E+00    0.18116E+00    0.68213E-02    0.60489E-01    0.12665E-01    0.96069E-02    0.13079E+00   -0.28287E-03   -0.66516E-04    0.49953E-04    0.28163E-03    0.31258E-02    0.43366E-04    0.20417E-04   -0.13390E-05   -0.11121E-04    0.20519E-03    0.68411E-04    0.42031E-04
    0.32889E-05   -0.13963E-04    0.45365E-05    0.25873E-03    0.14374E-03    0.44712E-03   -0.34439E-04   -0.41500E+00   -0.18264E+00   -0.56293E-02    0.11979E-01    0.19793E+00    0.20675E-01   -0.26824E-02    0.91550E-03    0.76878E-02    0.93892E-06   -0.24457E-04   -0.12887E-02   -0.24177E-01   -0.14496E-01   -0.27494E-01   -0.20028E-01   -0.86175E-01    0.48440E-01   -0.17729E-01   -0.73578E-02    0.12027E-01    0.98536E+00    0.79197E-02   -0.23390E-01   -0.10452E+00   -0.14539E+00   -0.24609E-01   -0.10473E+00   -0.81078E-01    0.72138E-01   -0.40992E-01    0.28780E+00    0.67095E+00   -0.44811E-02   -0.14627E+00   -0.12664E-02   -0.75007E-02   -0.17138E+00    0.62764E-03    0.77802E-03   -0.17526E-03   -0.12921E-02   -0.13973E-03   -0.78858E-04    0.24880E-03    0.77930E-04    0.21781E-04    0.25474E-03    0.67550E-04   -0.13950E-03
    0.37275E-06    0.89132E-05    0.50550E-05   -0.95745E-04   -0.73861E-04   -0.25555E-03   -0.57822E-03   -0.13439E+01    0.46326E-01    0.21346E+00   -0.13290E-01   -0.22488E+00   -0.14220E-01    0.70408E-03    0.54042E-03   -0.61991E-02    0.46396E-05    0.47444E-04    0.30777E-02    0.46544E-01   -0.72228E-01    0.47008E-01    0.82806E-01    0.51623E-01    0.84578E-01   -0.31762E-01    0.41444E-02   -0.85797E-02    0.79197E-02    0.10229E+01   -0.60778E-01    0.82417E-01    0.36386E-01    0.16111E+00    0.16658E-01    0.10793E+00   -0.58522E+00    0.39557E+00   -0.34519E+00    0.23047E+00   -0.43242E-02    0.18189E+00   -0.10867E-01    0.80692E-02    0.80149E-01   -0.23126E-03    0.25259E-03    0.10105E-03    0.29261E-03   -0.25099E-02   -0.16836E-03    0.63277E-04   -0.80970E-04   -0.39402E-04   -0.67445E-05   -0.43479E-04   -0.23070E-03
    0.10769E-07    0.47568E-06   -0.47330E-06   -0.20319E-03    0.75923E-04   -0.37728E-03    0.58961E-03    0.15200E+00   -0.18223E+00    0.46196E-01    0.20165E-01   -0.11843E+00   -0.43527E-01   -0.13932E-02    0.12062E-02   -0.62945E-02    0.40221E-05   -0.39350E-03    0.85032E-02    0.26040E-01    0.18854E-01   -0.11206E+00   -0.63619E-02    0.73149E-01    0.61604E-01    0.74448E-01    0.47321E-01    0.81295E-01   -0.23390E-01   -0.60778E-01    0.86093E+00    0.10503E-01   -0.16993E-01    0.13422E-01   -0.16122E-01    0.59755E+00    0.18029E+00    0.11574E+00    0.42936E-01   -0.73174E-01    0.17983E-01    0.22434E+00    0.40491E-01    0.12787E-01    0.23724E+00    0.76657E-03   -0.11851E-02   -0.10688E-02    0.54587E-03   -0.49432E-04    0.93654E-04    0.46523E-03    0.79283E-04    0.41937E-03   -0.39262E-03    0.11463E-03    0.55052E-03
   -0.42977E-05    0.16955E-04    0.10039E-06   -0.77094E-04   -0.72180E-04   -0.73333E-04    0.13462E-03    0.13870E+00    0.12142E+00    0.33549E+00   -0.21031E-01   -0.43367E+00   -0.28161E-01    0.76721E-03   -0.12004E-02   -0.11421E-01    0.32942E-05    0.42877E-04    0.31343E-02    0.46459E-01    0.37259E-01    0.84291E-02    0.53206E-01    0.10638E+00   -0.55791E-01    0.12578E+00   -0.13002E-01   -0.31607E-01   -0.10452E+00    0.82417E-01    0.10503E-01    0.97870E+00    0.95958E-02   -0.14930E-02   -0.10815E-01    0.10550E+00    0.16686E+00   -0.79530E-02    0.12095E+00    0.14422E+00    0.77946E-02    0.34467E+00    0.22934E-01    0.14672E-01    0.25046E+00   -0.22411E-02   -0.34701E-02   -0.82855E-04    0.35243E-03   -0.25740E-02    0.75548E-04    0.61401E-04   -0.32988E-04   -0.32129E-04   -0.49238E-03    0.62020E-04   -0.78504E-04
    0.62204E-06   -0.43066E-05    0.15290E-05    0.28903E-04   -0.68155E-04    0.13698E-04    0.10503E-03    0.26985E+00    0.26106E-01   -0.13753E+00    0.90656E-02    0.57878E-01   -0.80279E-02    0.32955E-03    0.22585E-03    0.57139E-03    0.32849E-05   -0.88149E-04   -0.10382E-02   -0.14692E-01   -0.30740E-01    0.17951E-01   -0.14879E-01    0.42070E-01   -0.89048E-01   -0.93248E-01   -0.50803E-01    0.12690E+00   -0.14539E+00    0.36386E-01   -0.16993E-01    0.95958E-02    0.99589E+00    0.11079E-01   -0.29674E-02   -0.11596E+00    0.38104E-01    0.16555E+00    0.38481E-01   -0.63938E-01   -0.10704E-01    0.77564E-02    0.29136E-01   -0.72232E-02    0.22654E-02   -0.43406E-03   -0.13911E-02   -0.18198E-03   -0.46580E-04   -0.72135E-03   -0.11896E-03    0.21241E-03   -0.10082E-03    0.99852E-04    0.13978E-03   -0.55378E-04    0.91187E-04
    0.10234E-05    0.13449E-04    0.52171E-05    0.69047E-05   -0.60282E-04    0.13511E-04   -0.16261E-03   -0.72840E+00    0.10380E-01    0.20132E+00   -0.84468E-02   -0.28487E+00   -0.21691E-01    0.34131E-03   -0.11283E-03   -0.75657E-02    0.58912E-06    0.15943E-04    0.28524E-02    0.45102E-01   -0.48237E-01    0.12308E-01   -0.15847E-01    0.14878E+00    0.48335E-01   -0.89049E-02   -0.13733E-01    0.15232E+00   -0.24609E-01    0.16111E+00    0.13422E-01   -0.14930E-02    0.11079E-01    0.99124E+00    0.38744E-02   -0.14809E-01    0.27409E-01    0.13019E+00   -0.25978E+00    0.12334E+00    0.51190E-03    0.24165E+00    0.21341E-01    0.11132E-01    0.16015E+00   -0.12867E-02   -0.12565E-02   -0.10065E-03    0.31422E-02   -0.97731E-03   -0.36482E-04    0.40269E-04    0.13397E-04   -0.27597E-04   -0.15606E-03    0.13671E-04   -0.52917E-03
   -0.42228E-05   -0.83812E-05   -0.80784E-05   -0.45111E-04    0.20928E-04   -0.22004E-03   -0.55298E-03   -0.30345E+01   -0.42306E-01    0.10692E+00   -0.17340E-02   -0.20084E+00   -0.14601E-01    0.22790E-03   -0.49791E-03   -0.57220E-02    0.43496E-05    0.20234E-04    0.54322E-02    0.42287E-01   -0.11951E+00    0.16584E+00    0.99684E-01   -0.97945E-01    0.39789E-01   -0.66121E-01    0.13847E+00   -0.14148E+00   -0.10473E+00    0.16658E-01   -0.16122E-01   -0.10815E-01   -0.29674E-02    0.38744E-02    0.97438E+00   -0.47111E-01   -0.63529E-01    0.27321E-01    0.17356E+00   -0.95616E-01    0.71927E-02    0.14267E+00   -0.97063E-02    0.70661E-02    0.13547E+00    0.61227E-03    0.17342E-04   -0.16544E-04   -0.66207E-03   -0.20974E-02   -0.11234E-04    0.50377E-04   -0.73999E-05    0.63189E-04    0.32053E-04    0.83475E-04   -0.19467E-03
    0.89025E-07    0.14241E-04   -0.25690E-05   -0.58662E-05    0.23704E-03    0.28466E-03    0.66498E-03   -0.13344E+01    0.10606E+00    0.74584E-01   -0.96505E-02   -0.80419E-01   -0.33911E-02    0.39261E-03   -0.49492E-03   -0.25376E-02    0.74395E-05    0.43107E-04   -0.23705E-03    0.92761E-02    0.15824E+00   -0.21810E+00   -0.51346E-01    0.86534E-01    0.87385E-01    0.62402E+00   -0.85563E-01   -0.19771E+00   -0.81078E-01    0.10793E+00    0.59755E+00    0.10550E+00   -0.11596E+00   -0.14809E-01   -0.47111E-01    0.95121E+00   -0.23750E-01    0.27993E-02    0.90394E-02   -0.86366E-02    0.36798E-02    0.11176E+00    0.80950E-02    0.98637E-02    0.91691E-01   -0.87839E-03   -0.13998E-02    0.14701E-03   -0.35255E-03   -0.12524E-03    0.28383E-03    0.19779E-03    0.20353E-03    0.22354E-03    0.12590E-04    0.25059E-03    0.32291E-03
   -0.26085E-06    0.16734E-05   -0.18981E-05    0.28822E-04    0.17614E-03    0.21083E-03    0.84744E-03   -0.24372E+01   -0.16682E+00    0.24368E-01   -0.67630E-02   -0.77634E-01   -0.36366E-02   -0.31741E-03   -0.12200E-02   -0.85932E-03    0.13802E-05    0.60638E-04   -0.72933E-03    0.38895E-02    0.39802E-01    0.34675E-01    0.23196E-01    0.35247E-01   -0.80022E-01    0.22970E+00    0.24850E+00    0.63513E+00    0.72138E-01   -0.58522E+00    0.18029E+00    0.16686E+00    0.38104E-01    0.27409E-01   -0.63529E-01   -0.23750E-01    0.10009E+01   -0.13083E-02    0.12188E-01   -0.96062E-02    0.66337E-02    0.29293E-01    0.24151E-01    0.82931E-02    0.92547E-01   -0.12631E-02   -0.14523E-02    0.21536E-03   -0.88950E-03    0.28059E-02    0.23022E-03    0.44982E-04    0.17017E-03    0.53600E-04    0.20469E-03    0.20937E-03    0.58966E-04
    0.15629E-05    0.10687E-04    0.15165E-05   -0.11814E-03    0.80714E-05   -0.10636E-03    0.43791E-04   -0.29284E+01   -0.32255E+00    0.13280E+00    0.84501E-02   -0.35058E-01    0.10530E-01   -0.32523E-02    0.70068E-03    0.27484E-02    0.21938E-05   -0.47356E-04    0.72335E-03    0.48529E-02   -0.11084E-01    0.10359E+00    0.72332E-02   -0.16400E-01    0.76949E-01   -0.53195E-01    0.78384E+00    0.14255E+00   -0.40992E-01    0.39557E+00    0.11574E+00   -0.79530E-02    0.16555E+00    0.13019E+00    0.27321E-01    0.27993E-02   -0.13083E-02    0.10060E+01   -0.59849E-02    0.52810E-02   -0.71998E-02    0.65234E-02    0.13279E-01    0.82321E-03   -0.36873E-01    0.45009E-03    0.12217E-02   -0.67817E-04    0.58308E-03    0.30465E-03    0.20092E-04   -0.24417E-04    0.48385E-04    0.61265E-04    0.77831E-04    0.70040E-04   -0.13433E-03
   -0.22652E-05    0.85738E-05   -0.86680E-05    0.96225E-04    0.27073E-04    0.24482E-03   -0.70624E-04    0.44696E+00   -0.13665E+00    0.61556E-01    0.12656E-01    0.98529E-01   -0.59708E-03   -0.43223E-02    0.46216E-03    0.65097E-02    0.57174E-06   -0.84024E-04    0.45291E-03   -0.14091E-01    0.37532E-01    0.38261E-02   -0.16791E+00   -0.10983E+00   -0.18930E-01   -0.33826E-01    0.28673E+00   -0.59822E+00    0.28780E+00   -0.34519E+00    0.42936E-01    0.12095E+00    0.38481E-01   -0.25978E+00    0.17356E+00    0.90394E-02    0.12188E-01   -0.59849E-02    0.96835E+00   -0.72211E-02   -0.29956E-02   -0.83983E-01    0.17081E-01   -0.84653E-02   -0.12288E+00   -0.53921E-05   -0.81275E-03   -0.33716E-03   -0.15697E-02   -0.21701E-02    0.23733E-04    0.14802E-03    0.95214E-04    0.10172E-03   -0.22342E-04    0.25475E-04   -0.35593E-04
    0.53651E-05   -0.62370E-05    0.40069E-05    0.20685E-03    0.10617E-03    0.38743E-03   -0.23016E-03    0.24425E+01    0.66844E-01   -0.19813E+00    0.12957E-01    0.28636E+00    0.12179E-01   -0.22847E-02    0.11655E-02    0.94017E-02    0.54763E-05   -0.31822E-05   -0.24604E-02   -0.27115E-01    0.69663E-01   -0.22676E+00    0.87835E-01    0.50430E-01    0.13380E-01    0.79403E-01   -0.19163E+00    0.18116E+00    0.67095E+00    0.23047E+00   -0.73174E-01    0.14422E+00   -0.63938E-01    0.12334E+00   -0.95616E-01   -0.86366E-02   -0.96062E-02    0.52810E-02   -0.72211E-02    0.97776E+00   -0.62324E-02   -0.21151E+00    0.11548E-01   -0.10044E-01   -0.19966E+00    0.36719E-03    0.93896E-03   -0.31787E-03   -0.15807E-03   -0.94007E-03   -0.28354E-04    0.30248E-03   -0.61155E-05    0.22096E-04    0.27337E-04   -0.32209E-04   -0.56691E-04
    0.82861E-05   -0.91113E-06    0.95134E-06    0.20596E-03    0.10831E-03    0.41087E-03   -0.41145E-03    0.56937E+00    0.30179E+00    0.16502E+00    0.56712E-01   -0.34405E+00   -0.86436E-01   -0.12616E-02    0.60285E-02   -0.88982E-02   -0.12152E-05    0.54896E-04    0.62584E-01    0.85159E-01   -0.12405E-01   -0.43467E-02   -0.58219E-02   -0.33097E-02    0.24373E-02   -0.91749E-02   -0.90230E-02    0.68213E-02   -0.44811E-02   -0.43242E-02    0.17983E-01    0.77946E-02   -0.10704E-01    0.51190E-03    0.71927E-02    0.36798E-02    0.66337E-02   -0.71998E-02   -0.29956E-02   -0.62324E-02    0.34338E+00    0.20073E+00    0.29925E-01    0.15166E+00    0.53788E+00    0.12772E-01    0.15358E-01   -0.47399E-02   -0.28622E-02   -0.87914E-04    0.62409E-03   -0.47901E-06    0.69356E-03    0.54609E-04   -0.57895E-03    0.12701E-03    0.15538E-02
    0.73989E-04   -0.12555E-03    0.36067E-04    0.11076E-02    0.12315E-02    0.17353E-02    0.41590E-03    0.57699E+00   -0.15272E+01    0.17879E+02   -0.16308E+00   -0.11822E+02   -0.72707E+00   -0.15108E+00    0.21665E-02   -0.19079E+00   -0.71620E-05    0.23782E-03    0.14245E+00    0.13405E+01   -0.20513E+00    0.13331E+00    0.55542E-01    0.52543E-01   -0.29587E-01   -0.63395E-01   -0.40077E-01    0.60489E-01   -0.14627E+00    0.18189E+00    0.22434E+00    0.34467E+00    0.77564E-02    0.24165E+00    0.14267E+00    0.11176E+00    0.29293E-01    0.65234E-02   -0.83983E-01   -0.21151E+00    0.20073E+00    0.16046E+02    0.14445E+00    0.40917E+00    0.56363E+01   -0.44108E-02   -0.36969E-01   -0.11218E-01    0.95673E-02    0.23188E-02    0.19087E-02    0.21476E-01    0.21934E-02    0.13398E-01    0.15317E-03    0.34035E-02   -0.69816E-02
    0.17997E-04   -0.23531E-04    0.89656E-06    0.58704E-03    0.24795E-03    0.12118E-02    0.32777E-04    0.56042E+01    0.10153E+01   -0.82725E+00   -0.20454E+00   -0.10026E+00   -0.80183E+00   -0.84914E-02   -0.12713E-01    0.18947E-02    0.29042E-05    0.75136E-04    0.10010E-01    0.35139E+00   -0.31814E-01   -0.33515E-01    0.32707E-02    0.26093E-01    0.16056E-02   -0.14829E-01    0.10727E-01    0.12665E-01   -0.12664E-02   -0.10867E-01    0.40491E-01    0.22934E-01    0.29136E-01    0.21341E-01   -0.97063E-02    0.80950E-02    0.24151E-01    0.13279E-01    0.17081E-01    0.11548E-01    0.29925E-01    0.14445E+00    0.22437E+01    0.32890E-02    0.25311E+00   -0.92436E-01   -0.10684E+00   -0.43361E-02    0.26623E-02    0.10071E-02   -0.42780E-03    0.12766E-02   -0.53205E-03    0.13263E-02    0.47053E-03    0.57508E-04    0.89653E-03
    0.17196E-04   -0.18554E-04    0.28593E-05    0.36304E-03    0.21928E-03    0.67813E-03   -0.67481E-04   -0.31058E+00   -0.17353E+00    0.60579E+00   -0.25294E-01   -0.74268E+00   -0.11145E+00   -0.37979E-02    0.35537E-02   -0.11024E-01   -0.28365E-05    0.33441E-04    0.57645E-01    0.25443E+00   -0.17406E-01   -0.71681E-03   -0.16432E-03   -0.33559E-02   -0.65219E-03    0.35592E-02   -0.65379E-03    0.96069E-02   -0.75007E-02    0.80692E-02    0.12787E-01    0.14672E-01   -0.72232E-02    0.11132E-01    0.70661E-02    0.98637E-02    0.82931E-02    0.82321E-03   -0.84653E-02   -0.10044E-01    0.15166E+00    0.40917E+00    0.32890E-02    0.24167E+00    0.38025E+00    0.65448E-02    0.13811E-01   -0.13596E-03   -0.26497E-03    0.33274E-02    0.17917E-03   -0.88974E-04    0.16895E-03   -0.79726E-04    0.22429E-03    0.25628E-03    0.16419E-03
    0.82283E-04   -0.11095E-03    0.19212E-04    0.14371E-02    0.79571E-03    0.24355E-02   -0.10206E-02    0.63675E+01   -0.52078E+00    0.89741E+01   -0.19531E-01   -0.75879E+01   -0.11334E+01   -0.10412E+00    0.65426E-02   -0.13567E+00   -0.98780E-05    0.36028E-03    0.20295E+00    0.16679E+01   -0.13457E+00    0.10051E+00    0.53632E-01    0.15518E-01    0.17067E-02   -0.67293E-01   -0.58047E-01    0.13079E+00   -0.17138E+00    0.80149E-01    0.23724E+00    0.25046E+00    0.22654E-02    0.16015E+00    0.13547E+00    0.91691E-01    0.92547E-01   -0.36873E-01   -0.12288E+00   -0.19966E+00    0.53788E+00    0.56363E+01    0.25311E+00    0.38025E+00    0.16943E+02    0.45578E-02   -0.53304E-01   -0.25507E-01   -0.12060E-01   -0.66382E-02    0.19159E-02    0.18470E-02    0.22483E-02    0.13091E-02    0.35439E-03    0.52375E-02    0.31938E-01
   -0.33504E-06    0.20997E-05   -0.11956E-07   -0.32155E-04   -0.16268E-04   -0.67104E-04   -0.88161E-05   -0.10066E+00    0.28458E-03   -0.40452E-01    0.48379E-01    0.52446E-01    0.44542E-01    0.40792E-03    0.95038E-04   -0.61039E-03   -0.31936E-06    0.33599E-05    0.44908E-02   -0.48488E-01   -0.26119E-03    0.41885E-04   -0.14584E-03   -0.17465E-02    0.10841E-02   -0.20927E-02   -0.41168E-03   -0.28287E-03    0.62764E-03   -0.23126E-03    0.76657E-03   -0.22411E-02   -0.43406E-03   -0.12867E-02    0.61227E-03   -0.87839E-03   -0.12631E-02    0.45009E-03   -0.53921E-05    0.36719E-03    0.12772E-01   -0.44108E-02   -0.92436E-01    0.65448E-02    0.45578E-02    0.85132E-02    0.78408E-02   -0.17873E-03   -0.19083E-03   -0.69317E-04    0.20087E-04   -0.45296E-05    0.22392E-04   -0.19878E-04   -0.86335E-04    0.37858E-04    0.12363E-03
