# omegabh2 omegach2 theta tau meffsterile nnu logA ns calPlanck acib217 xi asz143 aps100 aps143 aps143217 aps217 aksz kgal100 kgal143 kgal143217 kgal217 galfEE100 galfEE100143 galfEE100217 galfEE143 galfEE143217 galfEE217 galfTE100 galfTE100143 galfTE100217 galfTE143 galfTE143217 galfTE217 cal0 cal2
    0.3858841E-07    0.5654726E-07   -0.3711857E-09    0.1540169E-05   -0.5074192E-05    0.1424419E-04    0.3193968E-05    0.1105855E-05   -0.4442954E-08   -0.1031056E-03    0.3717524E-06    0.2786676E-04   -0.3529090E-03   -0.2069800E-03   -0.6136673E-04    0.4139551E-04   -0.4010413E-04   -0.4791346E-06    0.9420700E-05    0.1632008E-04    0.3650396E-04    0.1588478E-06    0.6717858E-07    0.3798046E-07    0.1053796E-06   -0.9779205E-07   -0.1896127E-06   -0.1703235E-06   -0.1826996E-06   -0.1082179E-05   -0.1170183E-06   -0.1102606E-05   -0.1226702E-05    0.6824914E-09   -0.1386169E-07
    0.5654726E-07    0.6781018E-05   -0.5747162E-06   -0.4834716E-06   -0.1297481E-03    0.2435362E-03    0.1160204E-04    0.6869649E-05   -0.1131395E-06    0.1452193E-02   -0.5747333E-04   -0.1147101E-03    0.5430892E-02    0.2221890E-02   -0.7735442E-04   -0.1256436E-02    0.5787994E-03    0.5828394E-04    0.1491531E-03    0.5209342E-03    0.4832113E-03    0.8282797E-06    0.3191686E-06    0.8877586E-06    0.4226724E-06   -0.1285381E-05    0.5097584E-05    0.1179833E-05    0.9532925E-06    0.1095943E-04    0.1451449E-05   -0.3218717E-05    0.3067447E-05   -0.5905545E-07    0.2106961E-06
   -0.3711857E-09   -0.5747162E-06    0.1339473E-06   -0.3758288E-06   -0.6882254E-05   -0.2652151E-04   -0.1725632E-05   -0.4895745E-06    0.3965901E-07   -0.2298331E-03    0.3524575E-05    0.4442370E-04   -0.9720344E-03   -0.3044109E-03    0.1915005E-04    0.2569950E-03   -0.9720266E-04   -0.1266445E-04   -0.8933674E-05   -0.4614840E-04   -0.2133896E-04   -0.1087135E-06   -0.5803398E-07   -0.1712574E-06   -0.6117439E-07   -0.2777361E-06    0.3577006E-07   -0.5559419E-06   -0.2951248E-06   -0.1535173E-05   -0.3201642E-06   -0.1775168E-06   -0.2174422E-05    0.6316108E-08   -0.3795089E-07
    0.1540169E-05   -0.4834716E-06   -0.3758288E-06    0.3198979E-03    0.5048213E-04    0.7725543E-03    0.6264148E-03    0.7445881E-04   -0.2467374E-05   -0.1165632E-01    0.7184136E-04    0.1536833E-02   -0.3288592E-01   -0.1285215E-01   -0.1059763E-02    0.1074261E-01   -0.4408103E-02   -0.7837110E-04   -0.2673557E-03   -0.2551436E-03    0.3274963E-02    0.7746729E-05    0.3410392E-05    0.4229584E-05    0.4429500E-05   -0.3272065E-05   -0.3576749E-04   -0.1190539E-04   -0.1182768E-04   -0.4300378E-04   -0.3780147E-05   -0.7833786E-04   -0.4888719E-04   -0.1931367E-06   -0.1077403E-05
   -0.5074192E-05   -0.1297481E-03   -0.6882254E-05    0.5048213E-04    0.8642019E-01    0.7749130E-02    0.3034811E-03   -0.1177228E-02    0.4090416E-04    0.2648408E+00   -0.3959593E-02   -0.5303945E-01    0.7438651E+00    0.4649950E+00    0.1214365E+00   -0.2090666E-01    0.6312880E-01    0.1580606E-01    0.1917926E-01   -0.1374306E-01   -0.1210347E+00   -0.2047668E-03   -0.9798408E-04    0.1052763E-03   -0.7967406E-04    0.9300802E-04    0.4974175E-05   -0.2260131E-03    0.7177523E-04   -0.7641177E-03    0.1989290E-03    0.8041139E-03    0.8449962E-03   -0.1315569E-04    0.1829384E-04
    0.1424419E-04    0.2435362E-03   -0.2652151E-04    0.7725543E-03    0.7749130E-02    0.1790237E-01    0.2019323E-02    0.6425107E-03   -0.4798377E-05    0.8959107E-01   -0.2910027E-02   -0.1239380E-01    0.3057861E+00    0.1142935E+00   -0.3099322E-01   -0.8555959E-01    0.3986267E-01    0.8075281E-02    0.1718581E-01    0.2549825E-01    0.7854470E-02    0.8901483E-04    0.3518833E-04    0.6894250E-04    0.5029486E-04   -0.3878765E-04    0.1006027E-03    0.1357301E-03    0.3698390E-04   -0.1110148E-03    0.8290204E-04   -0.4136805E-03   -0.1337018E-04   -0.6776558E-05    0.8476750E-05
    0.3193968E-05    0.1160204E-04   -0.1725632E-05    0.6264148E-03    0.3034811E-03    0.2019323E-02    0.1279575E-02    0.1491071E-03    0.6644646E-05   -0.1904887E-01    0.4127394E-04    0.2695817E-02   -0.4645144E-01   -0.1727728E-01    0.8706400E-03    0.2484140E-01   -0.8145300E-02   -0.2650125E-03   -0.3509941E-03    0.4622901E-03    0.8371095E-02    0.1680531E-04    0.6638446E-05    0.1074901E-04    0.8917368E-05   -0.1033299E-04   -0.6029961E-04   -0.3842405E-04   -0.3092043E-04   -0.7496960E-04   -0.8124913E-05   -0.1623437E-03   -0.9779679E-04   -0.4133962E-06   -0.1759861E-05
    0.1105855E-05    0.6869649E-05   -0.4895745E-06    0.7445881E-04   -0.1177228E-02    0.6425107E-03    0.1491071E-03    0.7267688E-04   -0.1305587E-05   -0.6460185E-02    0.5176164E-04    0.1685412E-02   -0.2680367E-01   -0.1086579E-01   -0.8936694E-03    0.3138352E-02   -0.2508040E-02    0.2656001E-03    0.2221641E-03    0.5176023E-03    0.2628157E-02    0.1377447E-04    0.5410567E-05    0.7207537E-06    0.6060772E-05   -0.2768959E-05   -0.5162691E-05    0.1186171E-04    0.6771554E-06   -0.4106341E-05   -0.2336489E-05   -0.4968336E-04   -0.2375814E-04   -0.1870011E-06   -0.6007271E-06
   -0.4442954E-08   -0.1131395E-06    0.3965901E-07   -0.2467374E-05    0.4090416E-04   -0.4798377E-05    0.6644646E-05   -0.1305587E-05    0.5926746E-05    0.1421989E-02   -0.1749852E-04   -0.1069873E-03    0.4693606E-02    0.6403136E-03   -0.3889743E-03    0.3844084E-03    0.1888319E-03   -0.8151833E-05    0.1444536E-03    0.8931393E-05    0.2790119E-03    0.1449226E-05    0.1922302E-06    0.1033178E-06    0.1537802E-06    0.1982278E-06   -0.1140335E-05   -0.5854624E-05   -0.3422192E-05    0.4611028E-06   -0.4145051E-06   -0.2705729E-05    0.1210600E-05   -0.5929250E-07    0.2741792E-07
   -0.1031056E-03    0.1452193E-02   -0.2298331E-03   -0.1165632E-01    0.2648408E+00    0.8959107E-01   -0.1904887E-01   -0.6460185E-02    0.1421989E-02    0.5173242E+02   -0.4828058E+00   -0.1782325E+01    0.4370747E+02    0.2836883E+01   -0.2092531E+02   -0.6879096E+02    0.8269259E+00    0.2554563E-01    0.2850798E+00   -0.3728598E+01   -0.2743190E+02   -0.1481353E-02   -0.8361380E-03   -0.4691055E-04   -0.4549727E-03    0.4383882E-02   -0.9658718E-02    0.8926033E-02    0.7302115E-02    0.2266749E-01    0.4152557E-02    0.1030533E-01   -0.1198985E-02   -0.3536658E-03    0.4564395E-02
    0.3717524E-06   -0.5747333E-04    0.3524575E-05    0.7184136E-04   -0.3959593E-02   -0.2910027E-02    0.4127394E-04    0.5176164E-04   -0.1749852E-04   -0.4828058E+00    0.8083148E-01   -0.7949143E-01   -0.3400595E+00    0.9051958E+00    0.1699034E+01    0.7409086E+00    0.7317227E-01   -0.1008771E-01    0.2709534E-02    0.4603194E-01    0.4075916E-01    0.7174055E-04    0.2290367E-04   -0.1835187E-03    0.2035193E-04   -0.1017312E-04   -0.5607866E-03   -0.2581045E-03    0.4928314E-04    0.9538005E-03   -0.3760983E-04   -0.2515598E-03   -0.2234666E-03    0.8296937E-05   -0.1870530E-04
    0.2786676E-04   -0.1147101E-03    0.4442370E-04    0.1536833E-02   -0.5303945E-01   -0.1239380E-01    0.2695817E-02    0.1685412E-02   -0.1069873E-03   -0.1782325E+01   -0.7949143E-01    0.3922942E+01   -0.3008649E+02   -0.4065751E+01    0.7987869E+01    0.7155170E+01   -0.3057191E+01   -0.2545843E+00    0.2195502E-01    0.2523750E+01    0.2332582E+01    0.3354095E-03    0.2226441E-03   -0.1084354E-04    0.4327357E-03    0.6987324E-03    0.1937622E-02    0.6375766E-03    0.1346644E-02    0.1064974E-03   -0.1327296E-02   -0.1431757E-02   -0.1203539E-02    0.2391591E-03   -0.3658232E-03
   -0.3529090E-03    0.5430892E-02   -0.9720344E-03   -0.3288592E-01    0.7438651E+00    0.3057861E+00   -0.4645144E-01   -0.2680367E-01    0.4693606E-02    0.4370747E+02   -0.3400595E+00   -0.3008649E+02    0.7239196E+03    0.7412437E+02   -0.5480036E+02   -0.6925529E+02    0.1506282E+02    0.2961091E+00    0.1212539E+01   -0.1294414E+02   -0.2093655E+02    0.3322174E-03   -0.1356476E-02   -0.8898009E-02   -0.4421435E-02   -0.5672468E-02   -0.2274965E-01    0.8125511E-01    0.2282591E-01    0.2245533E-01    0.3666656E-01    0.2335561E-01   -0.1087386E+00    0.3797988E-02    0.4463093E-02
   -0.2069800E-03    0.2221890E-02   -0.3044109E-03   -0.1285215E-01    0.4649950E+00    0.1142935E+00   -0.1727728E-01   -0.1086579E-01    0.6403136E-03    0.2836883E+01    0.9051958E+00   -0.4065751E+01    0.7412437E+02    0.5946755E+02    0.4073345E+02    0.1649902E+02   -0.4481341E+01   -0.8583512E-01   -0.4917294E+00    0.2824434E+01    0.1078630E+01   -0.1924335E-02   -0.1145446E-02   -0.1674563E-02   -0.7921909E-03    0.2226784E-03   -0.1783146E-02   -0.1561339E-01    0.3234414E-02    0.5027399E-01    0.8791631E-02    0.1528527E-01    0.1384755E-02    0.1098908E-03    0.2383675E-03
   -0.6136673E-04   -0.7735442E-04    0.1915005E-04   -0.1059763E-02    0.1214365E+00   -0.3099322E-01    0.8706400E-03   -0.8936694E-03   -0.3889743E-03   -0.2092531E+02    0.1699034E+01    0.7987869E+01   -0.5480036E+02    0.4073345E+02    0.9275532E+02    0.6787466E+02   -0.1338332E+02   -0.8589906E+00   -0.1957280E+00    0.3807592E+01    0.4390332E+01    0.1295144E-02    0.9617261E-03   -0.4567253E-02    0.1523444E-02    0.2431478E-02   -0.2141827E-02   -0.1813810E-01    0.4622636E-02    0.3774721E-01    0.4863166E-03    0.2131752E-02    0.3283676E-02    0.8748134E-03   -0.2686793E-02
    0.4139551E-04   -0.1256436E-02    0.2569950E-03    0.1074261E-01   -0.2090666E-01   -0.8555959E-01    0.2484140E-01    0.3138352E-02    0.3844084E-03   -0.6879096E+02    0.7409086E+00    0.7155170E+01   -0.6925529E+02    0.1649902E+02    0.6787466E+02    0.1297051E+03   -0.1186803E+02   -0.5557652E+00   -0.2224579E+00    0.1876531E+01    0.2447500E+02    0.1282832E-02    0.8878208E-03    0.2831248E-03    0.6661797E-03   -0.3750552E-02    0.1597039E-01   -0.2546416E-01   -0.4737260E-02   -0.1400106E-01   -0.5174711E-03    0.2793254E-02    0.1349957E-01    0.8358050E-03   -0.7912773E-02
   -0.4010413E-04    0.5787994E-03   -0.9720266E-04   -0.4408103E-02    0.6312880E-01    0.3986267E-01   -0.8145300E-02   -0.2508040E-02    0.1888319E-03    0.8269259E+00    0.7317227E-01   -0.3057191E+01    0.1506282E+02   -0.4481341E+01   -0.1338332E+02   -0.1186803E+02    0.6992457E+01    0.1856302E+00   -0.2667491E-01   -0.2053210E+01   -0.1535239E+01   -0.4171440E-03   -0.1943510E-03    0.9782935E-05   -0.5059350E-03    0.4801985E-04   -0.2745598E-02    0.5665557E-02   -0.4788243E-03   -0.2914965E-02    0.1673363E-02   -0.1863042E-02    0.7555456E-02   -0.2257380E-03    0.2838999E-03
   -0.4791346E-06    0.5828394E-04   -0.1266445E-04   -0.7837110E-04    0.1580606E-01    0.8075281E-02   -0.2650125E-03    0.2656001E-03   -0.8151833E-05    0.2554563E-01   -0.1008771E-01   -0.2545843E+00    0.2961091E+00   -0.8583512E-01   -0.8589906E+00   -0.5557652E+00    0.1856302E+00    0.3172562E+01    0.7438162E+00    0.3003584E+00    0.5628488E+00    0.2115940E-03   -0.2146759E-04    0.1348753E-03   -0.4708806E-04    0.6466611E-03    0.1954849E-02   -0.5003418E-02   -0.4133613E-03   -0.8937714E-02   -0.8972678E-03   -0.6310552E-03    0.3563006E-03    0.4431834E-03    0.3646264E-04
    0.9420700E-05    0.1491531E-03   -0.8933674E-05   -0.2673557E-03    0.1917926E-01    0.1718581E-01   -0.3509941E-03    0.2221641E-03    0.1444536E-03    0.2850798E+00    0.2709534E-02    0.2195502E-01    0.1212539E+01   -0.4917294E+00   -0.1957280E+00   -0.2224579E+00   -0.2667491E-01    0.7438162E+00    0.3014744E+01    0.2193899E+01    0.1247805E+01    0.2932902E-03    0.6281650E-04    0.4350754E-03    0.2294790E-04    0.2824366E-03    0.2677499E-02    0.2181218E-02    0.1784806E-03   -0.1055323E-01    0.1089686E-02   -0.6410561E-03   -0.4302039E-02   -0.3926689E-03   -0.2328369E-03
    0.1632008E-04    0.5209342E-03   -0.4614840E-04   -0.2551436E-03   -0.1374306E-01    0.2549825E-01    0.4622901E-03    0.5176023E-03    0.8931393E-05   -0.3728598E+01    0.4603194E-01    0.2523750E+01   -0.1294414E+02    0.2824434E+01    0.3807592E+01    0.1876531E+01   -0.2053210E+01    0.3003584E+00    0.2193899E+01    0.1737350E+02    0.2712602E+02    0.1473353E-04   -0.6750120E-04    0.1302650E-02    0.6018841E-04   -0.1085790E-02    0.2152538E-02    0.1035004E-02   -0.9434084E-03   -0.1354425E-01   -0.1143075E-02   -0.3464902E-02   -0.1878006E-01    0.1138902E-04    0.2386375E-02
    0.3650396E-04    0.4832113E-03   -0.2133896E-04    0.3274963E-02   -0.1210347E+00    0.7854470E-02    0.8371095E-02    0.2628157E-02    0.2790119E-03   -0.2743190E+02    0.4075916E-01    0.2332582E+01   -0.2093655E+02    0.1078630E+01    0.4390332E+01    0.2447500E+02   -0.1535239E+01    0.5628488E+00    0.1247805E+01    0.2712602E+02    0.6291593E+02    0.4679438E-03    0.2648983E-03    0.2083349E-02   -0.1339902E-03   -0.3508173E-02    0.6434313E-02   -0.2858492E-02   -0.7950602E-02   -0.3403694E-01   -0.4239981E-02   -0.1193724E-01   -0.3799549E-01    0.9949604E-04    0.4151336E-02
    0.1588478E-06    0.8282797E-06   -0.1087135E-06    0.7746729E-05   -0.2047668E-03    0.8901483E-04    0.1680531E-04    0.1377447E-04    0.1449226E-05   -0.1481353E-02    0.7174055E-04    0.3354095E-03    0.3322174E-03   -0.1924335E-02    0.1295144E-02    0.1282832E-02   -0.4171440E-03    0.2115940E-03    0.2932902E-03    0.1473353E-04    0.4679438E-03    0.1292533E-03    0.1086516E-04   -0.3652576E-06    0.3214819E-05    0.2586890E-05   -0.1688509E-05   -0.7158166E-05   -0.1657825E-05    0.2855214E-04   -0.4009800E-05    0.2636149E-05    0.2541514E-04    0.6153719E-08   -0.2997388E-06
    0.6717858E-07    0.3191686E-06   -0.5803398E-07    0.3410392E-05   -0.9798408E-04    0.3518833E-04    0.6638446E-05    0.5410567E-05    0.1922302E-06   -0.8361380E-03    0.2290367E-04    0.2226441E-03   -0.1356476E-02   -0.1145446E-02    0.9617261E-03    0.8878208E-03   -0.1943510E-03   -0.2146759E-04    0.6281650E-04   -0.6750120E-04    0.2648983E-03    0.1086516E-04    0.1423894E-04   -0.6620304E-07    0.6248537E-05   -0.2154196E-05    0.4496286E-05    0.4565901E-07   -0.2467631E-05   -0.1046794E-04   -0.2734785E-06   -0.4916163E-05   -0.8911429E-05    0.3869777E-07   -0.2713277E-07
    0.3798046E-07    0.8877586E-06   -0.1712574E-06    0.4229584E-05    0.1052763E-03    0.6894250E-04    0.1074901E-04    0.7207537E-06    0.1033178E-06   -0.4691055E-04   -0.1835187E-03   -0.1084354E-04   -0.8898009E-02   -0.1674563E-02   -0.4567253E-02    0.2831248E-03    0.9782935E-05    0.1348753E-03    0.4350754E-03    0.1302650E-02    0.2083349E-02   -0.3652576E-06   -0.6620304E-07    0.2208745E-03   -0.5971889E-06   -0.3522972E-05    0.2778637E-05   -0.1639748E-05    0.1630302E-05   -0.8312087E-04   -0.4220918E-07   -0.9348345E-05    0.6084228E-04   -0.4013274E-06    0.1910322E-06
    0.1053796E-06    0.4226724E-06   -0.6117439E-07    0.4429500E-05   -0.7967406E-04    0.5029486E-04    0.8917368E-05    0.6060772E-05    0.1537802E-06   -0.4549727E-03    0.2035193E-04    0.4327357E-03   -0.4421435E-02   -0.7921909E-03    0.1523444E-02    0.6661797E-03   -0.5059350E-03   -0.4708806E-04    0.2294790E-04    0.6018841E-04   -0.1339902E-03    0.3214819E-05    0.6248537E-05   -0.5971889E-06    0.2941910E-04   -0.4850828E-07   -0.3615359E-05   -0.1341577E-05    0.9021419E-06   -0.1622720E-04    0.1534305E-05    0.3389630E-05   -0.1243078E-05   -0.4412591E-08   -0.1449603E-06
   -0.9779205E-07   -0.1285381E-05   -0.2777361E-06   -0.3272065E-05    0.9300802E-04   -0.3878765E-04   -0.1033299E-04   -0.2768959E-05    0.1982278E-06    0.4383882E-02   -0.1017312E-04    0.6987324E-03   -0.5672468E-02    0.2226784E-03    0.2431478E-02   -0.3750552E-02    0.4801985E-04    0.6466611E-03    0.2824366E-03   -0.1085790E-02   -0.3508173E-02    0.2586890E-05   -0.2154196E-05   -0.3522972E-05   -0.4850828E-07    0.3917890E-03    0.1645857E-05    0.3819729E-04    0.3418722E-05   -0.1202564E-03   -0.3058164E-05    0.3351082E-04    0.6181123E-04    0.3380578E-06    0.1939709E-06
   -0.1896127E-06    0.5097584E-05    0.3577006E-07   -0.3576749E-04    0.4974175E-05    0.1006027E-03   -0.6029961E-04   -0.5162691E-05   -0.1140335E-05   -0.9658718E-02   -0.5607866E-03    0.1937622E-02   -0.2274965E-01   -0.1783146E-02   -0.2141827E-02    0.1597039E-01   -0.2745598E-02    0.1954849E-02    0.2677499E-02    0.2152538E-02    0.6434313E-02   -0.1688509E-05    0.4496286E-05    0.2778637E-05   -0.3615359E-05    0.1645857E-05    0.3362317E-02    0.3355503E-04   -0.7553063E-05    0.4147013E-03    0.6591271E-05    0.5463874E-06    0.1170658E-03   -0.1090172E-06   -0.1510979E-05
   -0.1703235E-06    0.1179833E-05   -0.5559419E-06   -0.1190539E-04   -0.2260131E-03    0.1357301E-03   -0.3842405E-04    0.1186171E-04   -0.5854624E-05    0.8926033E-02   -0.2581045E-03    0.6375766E-03    0.8125511E-01   -0.1561339E-01   -0.1813810E-01   -0.2546416E-01    0.5665557E-02   -0.5003418E-02    0.2181218E-02    0.1035004E-02   -0.2858492E-02   -0.7158166E-05    0.4565901E-07   -0.1639748E-05   -0.1341577E-05    0.3819729E-04    0.3355503E-04    0.5769278E-02    0.1811608E-02    0.1851091E-02   -0.6273165E-03   -0.1778865E-03   -0.1595131E-03    0.2297828E-05    0.1642712E-05
   -0.1826996E-06    0.9532925E-06   -0.2951248E-06   -0.1182768E-04    0.7177523E-04    0.3698390E-04   -0.3092043E-04    0.6771554E-06   -0.3422192E-05    0.7302115E-02    0.4928314E-04    0.1346644E-02    0.2282591E-01    0.3234414E-02    0.4622636E-02   -0.4737260E-02   -0.4788243E-03   -0.4133613E-03    0.1784806E-03   -0.9434084E-03   -0.7950602E-02   -0.1657825E-05   -0.2467631E-05    0.1630302E-05    0.9021419E-06    0.3418722E-05   -0.7553063E-05    0.1811608E-02    0.1218303E-02    0.7669597E-03    0.2115954E-03   -0.3479075E-04   -0.3657188E-03   -0.1189176E-06    0.2630102E-06
   -0.1082179E-05    0.1095943E-04   -0.1535173E-05   -0.4300378E-04   -0.7641177E-03   -0.1110148E-03   -0.7496960E-04   -0.4106341E-05    0.4611028E-06    0.2266749E-01    0.9538005E-03    0.1064974E-03    0.2245533E-01    0.5027399E-01    0.3774721E-01   -0.1400106E-01   -0.2914965E-02   -0.8937714E-02   -0.1055323E-01   -0.1354425E-01   -0.3403694E-01    0.2855214E-04   -0.1046794E-04   -0.8312087E-04   -0.1622720E-04   -0.1202564E-03    0.4147013E-03    0.1851091E-02    0.7669597E-03    0.3327403E-01   -0.4883562E-03    0.1237094E-02    0.1071716E-01   -0.1442879E-05    0.1443702E-05
   -0.1170183E-06    0.1451449E-05   -0.3201642E-06   -0.3780147E-05    0.1989290E-03    0.8290204E-04   -0.8124913E-05   -0.2336489E-05   -0.4145051E-06    0.4152557E-02   -0.3760983E-04   -0.1327296E-02    0.3666656E-01    0.8791631E-02    0.4863166E-03   -0.5174711E-03    0.1673363E-02   -0.8972678E-03    0.1089686E-02   -0.1143075E-02   -0.4239981E-02   -0.4009800E-05   -0.2734785E-06   -0.4220918E-07    0.1534305E-05   -0.3058164E-05    0.6591271E-05   -0.6273165E-03    0.2115954E-03   -0.4883562E-03    0.1374970E-02    0.2363972E-03   -0.3917899E-03   -0.6777399E-06   -0.4425997E-06
   -0.1102606E-05   -0.3218717E-05   -0.1775168E-06   -0.7833786E-04    0.8041139E-03   -0.4136805E-03   -0.1623437E-03   -0.4968336E-04   -0.2705729E-05    0.1030533E-01   -0.2515598E-03   -0.1431757E-02    0.2335561E-01    0.1528527E-01    0.2131752E-02    0.2793254E-02   -0.1863042E-02   -0.6310552E-03   -0.6410561E-03   -0.3464902E-02   -0.1193724E-01    0.2636149E-05   -0.4916163E-05   -0.9348345E-05    0.3389630E-05    0.3351082E-04    0.5463874E-06   -0.1778865E-03   -0.3479075E-04    0.1237094E-02    0.2363972E-03    0.5278686E-02    0.3982158E-02   -0.7049814E-06    0.1626431E-05
   -0.1226702E-05    0.3067447E-05   -0.2174422E-05   -0.4888719E-04    0.8449962E-03   -0.1337018E-04   -0.9779679E-04   -0.2375814E-04    0.1210600E-05   -0.1198985E-02   -0.2234666E-03   -0.1203539E-02   -0.1087386E+00    0.1384755E-02    0.3283676E-02    0.1349957E-01    0.7555456E-02    0.3563006E-03   -0.4302039E-02   -0.1878006E-01   -0.3799549E-01    0.2541514E-04   -0.8911429E-05    0.6084228E-04   -0.1243078E-05    0.6181123E-04    0.1170658E-03   -0.1595131E-03   -0.3657188E-03    0.1071716E-01   -0.3917899E-03    0.3982158E-02    0.3512868E-01   -0.9897897E-06   -0.9297907E-05
    0.6824914E-09   -0.5905545E-07    0.6316108E-08   -0.1931367E-06   -0.1315569E-04   -0.6776558E-05   -0.4133962E-06   -0.1870011E-06   -0.5929250E-07   -0.3536658E-03    0.8296937E-05    0.2391591E-03    0.3797988E-02    0.1098908E-03    0.8748134E-03    0.8358050E-03   -0.2257380E-03    0.4431834E-03   -0.3926689E-03    0.1138902E-04    0.9949604E-04    0.6153719E-08    0.3869777E-07   -0.4013274E-06   -0.4412591E-08    0.3380578E-06   -0.1090172E-06    0.2297828E-05   -0.1189176E-06   -0.1442879E-05   -0.6777399E-06   -0.7049814E-06   -0.9897897E-06    0.5491239E-06   -0.3707339E-08
   -0.1386169E-07    0.2106961E-06   -0.3795089E-07   -0.1077403E-05    0.1829384E-04    0.8476750E-05   -0.1759861E-05   -0.6007271E-06    0.2741792E-07    0.4564395E-02   -0.1870530E-04   -0.3658232E-03    0.4463093E-02    0.2383675E-03   -0.2686793E-02   -0.7912773E-02    0.2838999E-03    0.3646264E-04   -0.2328369E-03    0.2386375E-02    0.4151336E-02   -0.2997388E-06   -0.2713277E-07    0.1910322E-06   -0.1449603E-06    0.1939709E-06   -0.1510979E-05    0.1642712E-05    0.2630102E-06    0.1443702E-05   -0.4425997E-06    0.1626431E-05   -0.9297907E-05   -0.3707339E-08    0.2061389E-05
