# omegabh2 omegach2 theta tau w wa logA ns calPlanck acib217 xi asz143 aps100 aps143 aps143217 aps217 aksz kgal100 kgal143 kgal143217 kgal217 galfEE100 galfEE100143 galfEE100217 galfEE143 galfEE143217 galfEE217 galfTE100 galfTE100143 galfTE100217 galfTE143 galfTE143217 galfTE217 cal0 cal2
    0.2231687E-07   -0.1151465E-06    0.1710709E-07    0.8257921E-06    0.6354732E-06    0.8806878E-05    0.1482983E-05    0.2983149E-06    0.1217281E-07   -0.1092618E-03    0.1592102E-05    0.2415440E-04   -0.4035136E-03   -0.2253009E-03   -0.5003080E-04    0.5042718E-04   -0.4077417E-04   -0.5079172E-05   -0.6881899E-05   -0.1626703E-04    0.1401757E-04    0.8860078E-07    0.2724341E-07    0.1053269E-07    0.3306983E-07    0.4983544E-07    0.1020607E-06   -0.3863070E-06   -0.1356598E-06    0.5654528E-07   -0.2695137E-07   -0.3327319E-06   -0.1172497E-05    0.5760230E-08   -0.9511381E-08
   -0.1151465E-06    0.1822312E-05   -0.1538532E-06   -0.9177265E-05   -0.4735464E-05   -0.1430478E-03   -0.1418193E-04   -0.4542711E-05   -0.1197528E-06    0.4189598E-03   -0.6796531E-05   -0.1265207E-03    0.2094514E-02    0.1172360E-02    0.3889047E-03   -0.1020365E-04    0.1734332E-03   -0.7711732E-05    0.1324820E-04    0.4650424E-04   -0.5711523E-05   -0.1123646E-05   -0.3988127E-06   -0.1342085E-06   -0.4807183E-06   -0.1314962E-06   -0.2184975E-06    0.2835344E-05    0.1139414E-05    0.6170551E-06    0.1825716E-06    0.2040682E-05    0.7792974E-05   -0.1369583E-07    0.5037016E-07
    0.1710709E-07   -0.1538532E-06    0.9750145E-07    0.8637956E-06    0.1213197E-05    0.1464111E-04    0.1482878E-05    0.5015240E-06    0.1830475E-07   -0.1862217E-04    0.1671875E-06    0.1036973E-04   -0.2025794E-03   -0.1336931E-03   -0.7543124E-04   -0.4933806E-04   -0.6601341E-05   -0.3167441E-05   -0.7002458E-07    0.4683968E-05    0.1110580E-04    0.1113420E-06    0.2728378E-07    0.4126643E-07    0.3573916E-07   -0.1574295E-07   -0.2035749E-07   -0.4148866E-06   -0.1233917E-06    0.6369434E-06   -0.9999687E-07   -0.2519736E-06   -0.1367289E-05    0.7109768E-09   -0.9511118E-09
    0.8257921E-06   -0.9177265E-05    0.8637956E-06    0.2807798E-03   -0.2224632E-03    0.1429693E-02    0.5353804E-03    0.3276736E-04   -0.1849875E-05   -0.1353713E-01    0.2880308E-03    0.2008165E-02   -0.4237409E-01   -0.1559635E-01    0.2757515E-02    0.1211690E-01   -0.4284520E-02   -0.4422181E-03   -0.9325631E-03   -0.2200157E-02    0.2043287E-03    0.5701378E-05    0.1892615E-05   -0.6243415E-06    0.1924835E-05    0.9547405E-06    0.7036688E-05   -0.3041760E-04   -0.4743176E-05    0.1102274E-04    0.5053578E-06   -0.1404606E-04   -0.5130643E-04    0.2316011E-06   -0.1613258E-05
    0.6354732E-06   -0.4735464E-05    0.1213197E-05   -0.2224632E-03    0.5328038E-01   -0.1372213E+00   -0.4728684E-03    0.3541031E-05   -0.1352225E-04   -0.1053868E-01   -0.8871708E-03    0.1881781E-03   -0.9260304E-01   -0.1469655E-01   -0.2693141E-01    0.1187036E-02   -0.5075501E-02    0.3577365E-03   -0.4842013E-03    0.8741281E-02    0.2208042E-01    0.1583265E-04    0.2168540E-05    0.7462184E-05    0.3764949E-05    0.7900791E-04   -0.4760406E-04    0.1493926E-03    0.5887285E-04    0.5438514E-03   -0.4531316E-05    0.1344195E-03    0.3903071E-04   -0.5613608E-06    0.1041682E-05
    0.8806878E-05   -0.1430478E-03    0.1464111E-04    0.1429693E-02   -0.1372213E+00    0.3863052E+00    0.2587023E-02    0.3814492E-03    0.4875503E-04   -0.3436580E-02    0.2908834E-02    0.1112386E-01    0.6468820E-01   -0.6448312E-01    0.3154187E-01   -0.1584462E-01    0.2722751E-02    0.2457796E-02    0.1940511E-02   -0.1672898E-01   -0.4449600E-01    0.4773537E-04    0.3026870E-04    0.4605174E-05    0.3387817E-04   -0.1893066E-03    0.1879611E-03   -0.6732710E-03   -0.2605964E-03   -0.1562796E-02    0.2863247E-05   -0.4540354E-03   -0.1021111E-02    0.3455320E-05   -0.4446745E-05
    0.1482983E-05   -0.1418193E-04    0.1482878E-05    0.5353804E-03   -0.4728684E-03    0.2587023E-02    0.1056598E-02    0.5302901E-04    0.8551941E-05   -0.2600518E-01    0.6079242E-03    0.3655492E-02   -0.7396328E-01   -0.2681636E-01    0.8895589E-02    0.2936999E-01   -0.8808972E-02   -0.1110226E-02   -0.2314798E-02   -0.4820586E-02    0.1794429E-02    0.1020584E-04    0.3087924E-05   -0.1037650E-05    0.3856015E-05    0.1946715E-05    0.1245222E-04   -0.5170851E-04   -0.6151568E-05    0.2244493E-04    0.2691427E-05   -0.2749626E-04   -0.8248545E-04    0.6819118E-06   -0.3219949E-05
    0.2983149E-06   -0.4542711E-05    0.5015240E-06    0.3276736E-04    0.3541031E-05    0.3814492E-03    0.5302901E-04    0.2126716E-04    0.2076935E-06   -0.5715586E-02    0.1352679E-03    0.1217722E-02   -0.2683655E-01   -0.7136692E-02    0.2652196E-02    0.6452136E-02   -0.2565347E-02    0.1690881E-03   -0.1777090E-03   -0.4324388E-03    0.8651456E-03    0.5591134E-05    0.1960239E-05    0.2489572E-06    0.2235721E-05    0.8053103E-07    0.4583048E-06   -0.3932799E-05   -0.1149351E-05    0.9890137E-07   -0.1778210E-05   -0.3459086E-05   -0.2188694E-04   -0.1388907E-06   -0.5031372E-06
    0.1217281E-07   -0.1197528E-06    0.1830475E-07   -0.1849875E-05   -0.1352225E-04    0.4875503E-04    0.8551941E-05    0.2076935E-06    0.6219066E-05    0.8827225E-03    0.9311829E-06   -0.2638310E-04    0.3816319E-02    0.5935120E-03    0.2957351E-03    0.9902136E-03    0.3636348E-04    0.1175905E-04    0.1193221E-04   -0.6948819E-04    0.5676612E-03    0.1298410E-05    0.3360233E-06    0.1778389E-06    0.8067379E-06    0.1846503E-06   -0.3171050E-06    0.2396810E-05    0.7666165E-06   -0.2817214E-06    0.5250882E-06   -0.1802194E-05    0.2442948E-05    0.1045787E-07   -0.2589309E-07
   -0.1092618E-03    0.4189598E-03   -0.1862217E-04   -0.1353713E-01   -0.1053868E-01   -0.3436580E-02   -0.2600518E-01   -0.5715586E-02    0.8827225E-03    0.4870656E+02   -0.4913882E+00   -0.1462770E+01    0.4322118E+02    0.2802138E+00   -0.2087555E+02   -0.6592539E+02    0.1494104E+00   -0.1920360E+00    0.4318641E+00   -0.3241330E+01   -0.2526326E+02   -0.1194693E-02   -0.2216368E-03    0.3055380E-03    0.1401014E-04    0.9304743E-03    0.2623902E-02   -0.5397956E-02    0.4412742E-03    0.1291179E-01    0.1587767E-02    0.4528670E-03    0.1487202E-01   -0.1359251E-03    0.4410097E-02
    0.1592102E-05   -0.6796531E-05    0.1671875E-06    0.2880308E-03   -0.8871708E-03    0.2908834E-02    0.6079242E-03    0.1352679E-03    0.9311829E-06   -0.4913882E+00    0.8169586E-01   -0.6175396E-01   -0.4765922E+00    0.9779512E+00    0.1820361E+01    0.7780417E+00    0.5704079E-01   -0.6174943E-02    0.6191960E-02    0.1019304E+00    0.1077945E+00    0.4890942E-04    0.2025583E-04   -0.1490322E-04    0.2615208E-04    0.5243113E-05   -0.1507442E-04   -0.1823319E-04    0.3730656E-04   -0.8009447E-03    0.7688779E-04    0.6195280E-04    0.1724104E-03    0.7715064E-05   -0.2118354E-04
    0.2415440E-04   -0.1265207E-03    0.1036973E-04    0.2008165E-02    0.1881781E-03    0.1112386E-01    0.3655492E-02    0.1217722E-02   -0.2638310E-04   -0.1462770E+01   -0.6175396E-01    0.3605761E+01   -0.2853989E+02   -0.3609178E+01    0.7430816E+01    0.6285178E+01   -0.2450255E+01   -0.1734415E+00    0.1054052E+00    0.2405860E+01    0.1990169E+01    0.9854204E-04    0.1781193E-03   -0.3113019E-03    0.1110168E-03    0.2539898E-03    0.1023299E-03   -0.5169736E-03    0.1688459E-03    0.4002753E-02   -0.2588957E-03   -0.3777883E-03    0.6110339E-03    0.1832117E-03   -0.3275514E-03
   -0.4035136E-03    0.2094514E-02   -0.2025794E-03   -0.4237409E-01   -0.9260304E-01    0.6468820E-01   -0.7396328E-01   -0.2683655E-01    0.3816319E-02    0.4322118E+02   -0.4765922E+00   -0.2853989E+02    0.7181527E+03    0.6662791E+02   -0.5795940E+02   -0.7099550E+02    0.1211044E+02   -0.5109441E+00   -0.2981005E+00   -0.1346505E+02   -0.2035591E+02   -0.2984801E-02   -0.2433116E-02    0.3510778E-02   -0.1514193E-02   -0.5976444E-03   -0.6328785E-03    0.4035287E-01    0.9581565E-03    0.1317468E-02    0.1223149E-01    0.7299471E-02    0.2402855E-01    0.4347170E-02    0.4179225E-02
   -0.2253009E-03    0.1172360E-02   -0.1336931E-03   -0.1559635E-01   -0.1469655E-01   -0.6448312E-01   -0.2681636E-01   -0.7136692E-02    0.5935120E-03    0.2802138E+00    0.9779512E+00   -0.3609178E+01    0.6662791E+02    0.5630558E+02    0.4075162E+02    0.1684562E+02   -0.4360950E+01   -0.4573865E+00   -0.7916802E+00    0.3692402E+01    0.3332637E+01   -0.1290715E-02   -0.4407672E-03    0.4742034E-03   -0.4301700E-03    0.1657823E-02   -0.4756103E-03    0.1972753E-02    0.1833436E-02   -0.6401205E-02    0.4245241E-02    0.1913473E-02    0.1744102E-01    0.1381877E-03    0.8914609E-04
   -0.5003080E-04    0.3889047E-03   -0.7543124E-04    0.2757515E-02   -0.2693141E-01    0.3154187E-01    0.8895589E-02    0.2652196E-02    0.2957351E-03   -0.2087555E+02    0.1820361E+01    0.7430816E+01   -0.5795940E+02    0.4075162E+02    0.9182768E+02    0.6428726E+02   -0.1115893E+02   -0.6964783E+00   -0.8502166E-01    0.4792799E+01    0.5681666E+01    0.2743201E-03    0.5896525E-03   -0.1225432E-02    0.5810017E-03    0.1376703E-02   -0.1281932E-02    0.2073921E-02    0.2370718E-02   -0.2564841E-02    0.2329667E-02    0.2245199E-02    0.1285566E-01    0.7052146E-03   -0.2505667E-02
    0.5042718E-04   -0.1020365E-04   -0.4933806E-04    0.1211690E-01    0.1187036E-02   -0.1584462E-01    0.2936999E-01    0.6452136E-02    0.9902136E-03   -0.6592539E+02    0.7780417E+00    0.6285178E+01   -0.7099550E+02    0.1684562E+02    0.6428726E+02    0.1237661E+03   -0.9379967E+01   -0.2215183E+00   -0.5671524E+00    0.9878082E+00    0.2227963E+02    0.1227398E-02    0.4169828E-03   -0.1166228E-02    0.1673192E-03   -0.9196681E-04   -0.4460950E-02    0.1160614E-01    0.1713061E-02   -0.1342525E-01   -0.1972150E-02    0.1144934E-02   -0.9756136E-02    0.5122646E-03   -0.7631162E-02
   -0.4077417E-04    0.1734332E-03   -0.6601341E-05   -0.4284520E-02   -0.5075501E-02    0.2722751E-02   -0.8808972E-02   -0.2565347E-02    0.3636348E-04    0.1494104E+00    0.5704079E-01   -0.2450255E+01    0.1211044E+02   -0.4360950E+01   -0.1115893E+02   -0.9379967E+01    0.5538835E+01    0.1459219E+00   -0.1411359E+00   -0.1911938E+01   -0.1332461E+01   -0.3557359E-03   -0.2286689E-03    0.1794089E-04   -0.2237272E-03   -0.7629541E-03   -0.4260694E-03   -0.8839997E-04   -0.5299839E-03   -0.4933859E-02    0.2079720E-03   -0.1168009E-03   -0.6888029E-03   -0.1152876E-03    0.1386796E-03
   -0.5079172E-05   -0.7711732E-05   -0.3167441E-05   -0.4422181E-03    0.3577365E-03    0.2457796E-02   -0.1110226E-02    0.1690881E-03    0.1175905E-04   -0.1920360E+00   -0.6174943E-02   -0.1734415E+00   -0.5109441E+00   -0.4573865E+00   -0.6964783E+00   -0.2215183E+00    0.1459219E+00    0.3164030E+01    0.7477766E+00    0.3378976E+00    0.5857474E+00   -0.1401630E-03    0.9171128E-05    0.2409345E-03   -0.2958857E-04    0.2049166E-03    0.5033655E-03   -0.3839817E-02   -0.4866197E-04   -0.7853580E-03   -0.2972201E-03   -0.1124706E-02    0.8807367E-03    0.4423875E-03   -0.9209471E-05
   -0.6881899E-05    0.1324820E-04   -0.7002458E-07   -0.9325631E-03   -0.4842013E-03    0.1940511E-02   -0.2314798E-02   -0.1777090E-03    0.1193221E-04    0.4318641E+00    0.6191960E-02    0.1054052E+00   -0.2981005E+00   -0.7916802E+00   -0.8502166E-01   -0.5671524E+00   -0.1411359E+00    0.7477766E+00    0.3046887E+01    0.2369059E+01    0.1294247E+01    0.2599732E-04    0.1036169E-04   -0.2830416E-04   -0.2732411E-04    0.3281927E-03    0.6078074E-03    0.4444055E-02    0.2580744E-04   -0.5471260E-03   -0.6627575E-03    0.3567275E-03    0.1435198E-02   -0.4112813E-03   -0.1882011E-03
   -0.1626703E-04    0.4650424E-04    0.4683968E-05   -0.2200157E-02    0.8741281E-02   -0.1672898E-01   -0.4820586E-02   -0.4324388E-03   -0.6948819E-04   -0.3241330E+01    0.1019304E+00    0.2405860E+01   -0.1346505E+02    0.3692402E+01    0.4792799E+01    0.9878082E+00   -0.1911938E+01    0.3378976E+00    0.2369059E+01    0.1765266E+02    0.2692464E+02   -0.2280017E-03    0.5634012E-04    0.4187572E-03   -0.8845431E-04    0.5856663E-03   -0.1204638E-02    0.4031169E-02    0.5343908E-03   -0.1341776E-02   -0.3681380E-03   -0.2543955E-02    0.2924600E-02   -0.7380818E-04    0.2421487E-02
    0.1401757E-04   -0.5711523E-05    0.1110580E-04    0.2043287E-03    0.2208042E-01   -0.4449600E-01    0.1794429E-02    0.8651456E-03    0.5676612E-03   -0.2526326E+02    0.1077945E+00    0.1990169E+01   -0.2035591E+02    0.3332637E+01    0.5681666E+01    0.2227963E+02   -0.1332461E+01    0.5857474E+00    0.1294247E+01    0.2692464E+02    0.6129512E+02    0.2596060E-03    0.5633375E-04    0.1163140E-02   -0.1259776E-03   -0.3233017E-03   -0.4257213E-02    0.5689196E-02   -0.1254554E-03   -0.3889239E-02   -0.1120350E-03   -0.6642199E-02   -0.1086658E-01   -0.4310386E-04    0.4260954E-02
    0.8860078E-07   -0.1123646E-05    0.1113420E-06    0.5701378E-05    0.1583265E-04    0.4773537E-04    0.1020584E-04    0.5591134E-05    0.1298410E-05   -0.1194693E-02    0.4890942E-04    0.9854204E-04   -0.2984801E-02   -0.1290715E-02    0.2743201E-03    0.1227398E-02   -0.3557359E-03   -0.1401630E-03    0.2599732E-04   -0.2280017E-03    0.2596060E-03    0.1255758E-03    0.1068264E-04    0.4522751E-06    0.2894368E-05    0.6299413E-06    0.2402478E-05   -0.1037008E-04   -0.6286896E-05   -0.9936150E-05   -0.7384306E-06   -0.7075489E-05   -0.1625308E-04   -0.1130498E-06   -0.1120002E-06
    0.2724341E-07   -0.3988127E-06    0.2728378E-07    0.1892615E-05    0.2168540E-05    0.3026870E-04    0.3087924E-05    0.1960239E-05    0.3360233E-06   -0.2216368E-03    0.2025583E-04    0.1781193E-03   -0.2433116E-02   -0.4407672E-03    0.5896525E-03    0.4169828E-03   -0.2286689E-03    0.9171128E-05    0.1036169E-04    0.5634012E-04    0.5633375E-04    0.1068264E-04    0.1395668E-04    0.3442992E-06    0.6395574E-05   -0.6236200E-06    0.2637989E-06   -0.1934533E-05   -0.1113669E-05   -0.3069262E-05   -0.3407733E-06   -0.3660292E-06   -0.7233688E-05   -0.3073975E-07   -0.2701846E-07
    0.1053269E-07   -0.1342085E-06    0.4126643E-07   -0.6243415E-06    0.7462184E-05    0.4605174E-05   -0.1037650E-05    0.2489572E-06    0.1778389E-06    0.3055380E-03   -0.1490322E-04   -0.3113019E-03    0.3510778E-02    0.4742034E-03   -0.1225432E-02   -0.1166228E-02    0.1794089E-04    0.2409345E-03   -0.2830416E-04    0.4187572E-03    0.1163140E-02    0.4522751E-06    0.3442992E-06    0.2220462E-03    0.1965539E-06   -0.1379247E-05    0.4410604E-05   -0.1907539E-05   -0.1698457E-05   -0.7091738E-05    0.2257821E-05    0.2222227E-05   -0.6076736E-05    0.6821394E-07    0.1468188E-06
    0.3306983E-07   -0.4807183E-06    0.3573916E-07    0.1924835E-05    0.3764949E-05    0.3387817E-04    0.3856015E-05    0.2235721E-05    0.8067379E-06    0.1401014E-04    0.2615208E-04    0.1110168E-03   -0.1514193E-02   -0.4301700E-03    0.5810017E-03    0.1673192E-03   -0.2237272E-03   -0.2958857E-04   -0.2732411E-04   -0.8845431E-04   -0.1259776E-03    0.2894368E-05    0.6395574E-05    0.1965539E-06    0.3047031E-04    0.2567947E-06    0.2385760E-05   -0.1772147E-05   -0.2466280E-05   -0.1391554E-05   -0.3561810E-05   -0.2756844E-06    0.1935563E-05   -0.2262565E-07   -0.5057680E-07
    0.4983544E-07   -0.1314962E-06   -0.1574295E-07    0.9547405E-06    0.7900791E-04   -0.1893066E-03    0.1946715E-05    0.8053103E-07    0.1846503E-06    0.9304743E-03    0.5243113E-05    0.2539898E-03   -0.5976444E-03    0.1657823E-02    0.1376703E-02   -0.9196681E-04   -0.7629541E-03    0.2049166E-03    0.3281927E-03    0.5856663E-03   -0.3233017E-03    0.6299413E-06   -0.6236200E-06   -0.1379247E-05    0.2567947E-06    0.3979056E-03   -0.3098175E-05   -0.4080047E-05    0.4203563E-05   -0.5755014E-05    0.4110952E-05   -0.1681223E-04   -0.1103244E-04    0.3727645E-08    0.6674685E-07
    0.1020607E-06   -0.2184975E-06   -0.2035749E-07    0.7036688E-05   -0.4760406E-04    0.1879611E-03    0.1245222E-04    0.4583048E-06   -0.3171050E-06    0.2623902E-02   -0.1507442E-04    0.1023299E-03   -0.6328785E-03   -0.4756103E-03   -0.1281932E-02   -0.4460950E-02   -0.4260694E-03    0.5033655E-03    0.6078074E-03   -0.1204638E-02   -0.4257213E-02    0.2402478E-05    0.2637989E-06    0.4410604E-05    0.2385760E-05   -0.3098175E-05    0.3486141E-02    0.2928368E-04    0.1248119E-04    0.2693102E-04    0.5233610E-05   -0.8214477E-05   -0.9399034E-04    0.2652637E-06   -0.3162284E-06
   -0.3863070E-06    0.2835344E-05   -0.4148866E-06   -0.3041760E-04    0.1493926E-03   -0.6732710E-03   -0.5170851E-04   -0.3932799E-05    0.2396810E-05   -0.5397956E-02   -0.1823319E-04   -0.5169736E-03    0.4035287E-01    0.1972753E-02    0.2073921E-02    0.1160614E-01   -0.8839997E-04   -0.3839817E-02    0.4444055E-02    0.4031169E-02    0.5689196E-02   -0.1037008E-04   -0.1934533E-05   -0.1907539E-05   -0.1772147E-05   -0.4080047E-05    0.2928368E-04    0.5812697E-02    0.1832416E-02    0.1837050E-02   -0.6856703E-03   -0.5913203E-04    0.4743102E-04    0.1392165E-05   -0.7640529E-06
   -0.1356598E-06    0.1139414E-05   -0.1233917E-06   -0.4743176E-05    0.5887285E-04   -0.2605964E-03   -0.6151568E-05   -0.1149351E-05    0.7666165E-06    0.4412742E-03    0.3730656E-04    0.1688459E-03    0.9581565E-03    0.1833436E-02    0.2370718E-02    0.1713061E-02   -0.5299839E-03   -0.4866197E-04    0.2580744E-04    0.5343908E-03   -0.1254554E-03   -0.6286896E-05   -0.1113669E-05   -0.1698457E-05   -0.2466280E-05    0.4203563E-05    0.1248119E-04    0.1832416E-02    0.1232813E-02    0.8039108E-03    0.2107008E-03    0.5631760E-05   -0.2053102E-03   -0.2304578E-06   -0.4670015E-07
    0.5654528E-07    0.6170551E-06    0.6369434E-06    0.1102274E-04    0.5438514E-03   -0.1562796E-02    0.2244493E-04    0.9890137E-07   -0.2817214E-06    0.1291179E-01   -0.8009447E-03    0.4002753E-02    0.1317468E-02   -0.6401205E-02   -0.2564841E-02   -0.1342525E-01   -0.4933859E-02   -0.7853580E-03   -0.5471260E-03   -0.1341776E-02   -0.3889239E-02   -0.9936150E-05   -0.3069262E-05   -0.7091738E-05   -0.1391554E-05   -0.5755014E-05    0.2693102E-04    0.1837050E-02    0.8039108E-03    0.3275439E-01   -0.6194971E-03    0.1512096E-02    0.1074036E-01   -0.8499825E-06    0.1758975E-05
   -0.2695137E-07    0.1825716E-06   -0.9999687E-07    0.5053578E-06   -0.4531316E-05    0.2863247E-05    0.2691427E-05   -0.1778210E-05    0.5250882E-06    0.1587767E-02    0.7688779E-04   -0.2588957E-03    0.1223149E-01    0.4245241E-02    0.2329667E-02   -0.1972150E-02    0.2079720E-03   -0.2972201E-03   -0.6627575E-03   -0.3681380E-03   -0.1120350E-03   -0.7384306E-06   -0.3407733E-06    0.2257821E-05   -0.3561810E-05    0.4110952E-05    0.5233610E-05   -0.6856703E-03    0.2107008E-03   -0.6194971E-03    0.1395695E-02    0.1295163E-03   -0.5004283E-03    0.1123147E-06    0.2862932E-06
   -0.3327319E-06    0.2040682E-05   -0.2519736E-06   -0.1404606E-04    0.1344195E-03   -0.4540354E-03   -0.2749626E-04   -0.3459086E-05   -0.1802194E-05    0.4528670E-03    0.6195280E-04   -0.3777883E-03    0.7299471E-02    0.1913473E-02    0.2245199E-02    0.1144934E-02   -0.1168009E-03   -0.1124706E-02    0.3567275E-03   -0.2543955E-02   -0.6642199E-02   -0.7075489E-05   -0.3660292E-06    0.2222227E-05   -0.2756844E-06   -0.1681223E-04   -0.8214477E-05   -0.5913203E-04    0.5631760E-05    0.1512096E-02    0.1295163E-03    0.5125522E-02    0.4006716E-02   -0.2982486E-06   -0.8026698E-06
   -0.1172497E-05    0.7792974E-05   -0.1367289E-05   -0.5130643E-04    0.3903071E-04   -0.1021111E-02   -0.8248545E-04   -0.2188694E-04    0.2442948E-05    0.1487202E-01    0.1724104E-03    0.6110339E-03    0.2402855E-01    0.1744102E-01    0.1285566E-01   -0.9756136E-02   -0.6888029E-03    0.8807367E-03    0.1435198E-02    0.2924600E-02   -0.1086658E-01   -0.1625308E-04   -0.7233688E-05   -0.6076736E-05    0.1935563E-05   -0.1103244E-04   -0.9399034E-04    0.4743102E-04   -0.2053102E-03    0.1074036E-01   -0.5004283E-03    0.4006716E-02    0.3517157E-01    0.6506657E-07   -0.1397369E-05
    0.5760230E-08   -0.1369583E-07    0.7109768E-09    0.2316011E-06   -0.5613608E-06    0.3455320E-05    0.6819118E-06   -0.1388907E-06    0.1045787E-07   -0.1359251E-03    0.7715064E-05    0.1832117E-03    0.4347170E-02    0.1381877E-03    0.7052146E-03    0.5122646E-03   -0.1152876E-03    0.4423875E-03   -0.4112813E-03   -0.7380818E-04   -0.4310386E-04   -0.1130498E-06   -0.3073975E-07    0.6821394E-07   -0.2262565E-07    0.3727645E-08    0.2652637E-06    0.1392165E-05   -0.2304578E-06   -0.8499825E-06    0.1123147E-06   -0.2982486E-06    0.6506657E-07    0.5297801E-06    0.1486391E-07
   -0.9511381E-08    0.5037016E-07   -0.9511118E-09   -0.1613258E-05    0.1041682E-05   -0.4446745E-05   -0.3219949E-05   -0.5031372E-06   -0.2589309E-07    0.4410097E-02   -0.2118354E-04   -0.3275514E-03    0.4179225E-02    0.8914609E-04   -0.2505667E-02   -0.7631162E-02    0.1386796E-03   -0.9209471E-05   -0.1882011E-03    0.2421487E-02    0.4260954E-02   -0.1120002E-06   -0.2701846E-07    0.1468188E-06   -0.5057680E-07    0.6674685E-07   -0.3162284E-06   -0.7640529E-06   -0.4670015E-07    0.1758975E-05    0.2862932E-06   -0.8026698E-06   -0.1397369E-05    0.1486391E-07    0.2052837E-05
