# omegabh2 omegach2 theta tau logA ns r calPlanck acib217 xi asz143 aps100 aps143 aps143217 aps217 aksz kgal100 kgal143 kgal143217 kgal217 galfTE100 galfTE100143 galfTE100217 galfTE143 galfTE143217 galfTE217 cal0 cal2
  2.1815596E-08  -1.1534378E-07   1.7532375E-08   2.4424277E-07   3.0434711E-07   2.8812332E-07   2.4129394E-07   6.1255451E-09  -7.4112627E-05   1.6233664E-06   1.8035395E-05  -3.5797378E-04  -2.1270310E-04  -7.4871908E-05  -1.4326433E-05  -3.1049219E-05   1.6935195E-06  -4.6447203E-06  -3.1420388E-06   1.9386210E-05   9.6268626E-09  -2.8739176E-08   4.5903313E-08  -3.8048588E-07  -6.1028371E-07  -2.6962993E-06   2.7039348E-09  -9.3020505E-10
 -1.1534378E-07   1.8796113E-06  -1.5124598E-07  -2.5202890E-06  -6.5531222E-07  -4.4464341E-06  -5.8293880E-06  -1.0462141E-07   1.2453392E-04  -2.7159730E-07  -8.6693575E-05   1.2733174E-03   1.1651189E-03   7.2698723E-04   5.5403263E-04   4.9330799E-05  -3.7615345E-05  -4.9468279E-05  -5.3810572E-05  -1.0341854E-04  -1.1901245E-07  -1.5981758E-07  -2.1223786E-07   1.3450694E-06   3.1496110E-06   1.9304230E-05   3.8643247E-09  -1.3967008E-09
  1.7532375E-08  -1.5124598E-07   9.4207990E-08   2.7191023E-07   3.1847109E-07   4.6494687E-07   3.2811192E-07   2.2957112E-08  -1.3281493E-05   1.2523978E-06   7.5120932E-06  -1.9226979E-04  -7.0352093E-05  -3.1428573E-05  -6.1935594E-05  -7.6975002E-06   5.7623435E-06   2.1670988E-07   1.8217365E-05   4.5246534E-05  -4.9448915E-08   6.8588711E-08  -2.2576616E-07  -1.0320632E-07  -4.8380103E-07  -1.9265547E-06  -1.4297860E-09   3.2437593E-09
  2.4424277E-07  -2.5202890E-06   2.7191023E-07   5.8692901E-05   1.1101596E-04   8.5342885E-06  -4.7251272E-06  -3.5670323E-07  -2.4989585E-03   7.2487807E-05   3.9764967E-04  -1.0829334E-02  -4.8442865E-03  -6.0554799E-04   1.0554504E-03  -9.5680669E-04  -2.6370354E-05  -2.6502104E-04  -4.7880742E-04  -6.1783238E-05  -2.1777463E-06  -3.2784778E-06   8.1299789E-06  -5.9220806E-06  -2.3347176E-06  -3.2414150E-05   5.8757351E-08  -8.9076624E-08
  3.0434711E-07  -6.5531222E-07   3.1847109E-07   1.1101596E-04   2.4662411E-04   5.3890713E-06  -2.9609618E-05   1.0919436E-05  -4.7841382E-03   1.8167767E-04   4.8959764E-04  -1.4421077E-02  -5.2751297E-03   2.8367536E-03   8.6095958E-03  -2.5786308E-03  -4.2285921E-04  -1.3730475E-03  -1.7991498E-03   6.8292053E-04  -3.5298107E-06  -6.2669777E-06   2.0199724E-05  -1.0240553E-05  -1.9141035E-06  -1.4721304E-05   3.2638534E-07  -1.9658593E-07
  2.8812332E-07  -4.4464341E-06   4.6494687E-07   8.5342885E-06   5.3890713E-06   1.9449078E-05   3.1110889E-05   3.1622185E-07  -4.1615284E-03   8.8161022E-05   9.8459225E-04  -2.2036595E-02  -7.1398210E-03   6.2782322E-04   3.6616204E-03  -2.0761484E-03   2.8556766E-04  -3.2902163E-04  -2.1380374E-04   1.4170032E-03  -1.1567064E-06   6.3108187E-07   2.2221698E-06  -2.3577613E-06  -8.8990558E-06  -5.4448755E-05  -8.5288724E-08  -4.9979309E-08
  2.4129394E-07  -5.8293880E-06   3.2811192E-07  -4.7251272E-06  -2.9609618E-05   3.1110889E-05   1.2634452E-03   4.1446867E-07  -5.4976613E-03   2.3075557E-04   1.9061668E-03  -2.2932610E-02  -7.0765191E-03   4.6601764E-03   4.7680339E-03  -2.9753925E-03  -1.1550538E-03  -2.5323337E-05   9.9593560E-04   3.2250001E-03   2.4411839E-05   2.1597345E-05  -4.6237316E-05   4.1120999E-05  -1.3118795E-05  -9.5266140E-05  -2.6493759E-07  -9.6394059E-08
  6.1255451E-09  -1.0462141E-07   2.2957112E-08  -3.5670323E-07   1.0919436E-05   3.1622185E-07   4.1446867E-07   5.9298121E-06   7.4918438E-04  -4.3675363E-06  -3.1750494E-05   4.3158675E-03   7.8666418E-04   3.2195922E-04   1.1031150E-03   9.0231878E-08   8.2842498E-06  -6.6251234E-05  -9.0432034E-05   5.9057874E-04   6.3529185E-07   7.8200007E-07   2.1385910E-06   2.6446427E-07  -5.0838793E-07   6.5564308E-06   1.9253208E-08  -4.9957437E-10
 -7.4112627E-05   1.2453392E-04  -1.3281493E-05  -2.4989585E-03  -4.7841382E-03  -4.1615284E-03  -5.4976613E-03   7.4918438E-04   4.4482317E+01  -3.4811365E-01  -9.4310782E-01   3.4914408E+01   2.3218552E+00  -1.2334934E+01  -5.4730459E+01  -1.0571071E-01   2.6660710E-02   5.2833251E-01  -5.9170611E+00  -3.3633097E+01   2.1925373E-03  -1.1319571E-03  -5.0843997E-04   1.6066710E-03   4.6428169E-03   1.7253216E-02  -2.2207197E-04   7.1592225E-04
  1.6233664E-06  -2.7159730E-07   1.2523978E-06   7.2487807E-05   1.8167767E-04   8.8161022E-05   2.3075557E-04  -4.3675363E-06  -3.4811365E-01   8.1367702E-02  -4.3775369E-02  -5.3508584E-01   9.0784358E-01   1.6757725E+00   5.6192096E-01   5.0113544E-02  -3.6343663E-03   5.4810601E-03   9.8487700E-02   1.0501067E-01  -2.5734194E-05   4.7545233E-05   1.5646209E-04   5.5372715E-05  -3.1306862E-04  -1.0766519E-03   4.5698193E-06  -2.9982848E-06
  1.8035395E-05  -8.6693575E-05   7.5120932E-06   3.9764967E-04   4.8959764E-04   9.8459225E-04   1.9061668E-03  -3.1750494E-05  -9.4310782E-01  -4.3775369E-02   3.8826717E+00  -3.0739513E+01  -3.4463584E+00   7.5730038E+00   5.3067738E+00  -2.6636490E+00  -1.9460830E-01   1.8710349E-01   2.7058521E+00   3.4343874E+00   4.6730821E-04  -5.4868600E-04  -1.1014624E-03  -7.6956058E-04  -4.9164827E-05   4.0596003E-03   9.9822188E-05  -3.3427921E-05
 -3.5797378E-04   1.2733174E-03  -1.9226979E-04  -1.0829334E-02  -1.4421077E-02  -2.2036595E-02  -2.2932610E-02   4.3158675E-03   3.4914408E+01  -5.3508584E-01  -3.0739513E+01   7.7400152E+02   6.9759954E+01  -5.4987434E+01  -5.8402003E+01   1.3176862E+01  -6.4338729E+00   5.3866804E+00  -1.2512685E+01  -2.4204138E+01   2.2787577E-03  -1.9941245E-03   2.3928370E-03   1.7511903E-02   2.1076210E-02   2.8646469E-02   3.6874263E-03   4.9878632E-04
 -2.1270310E-04   1.1651189E-03  -7.0352093E-05  -4.8442865E-03  -5.2751297E-03  -7.1398210E-03  -7.0765191E-03   7.8666418E-04   2.3218552E+00   9.0784358E-01  -3.4463584E+00   6.9759954E+01   6.0862475E+01   3.9268850E+01   1.4080714E+01  -4.8977363E+00  -2.9047223E-01  -1.3256646E+00   3.1498389E+00   3.4270051E+00  -2.3432509E-03   2.0978300E-03  -2.7007110E-03   1.2013640E-03   2.3905802E-03   3.0876208E-03   4.1948109E-05   3.6394378E-05
 -7.4871908E-05   7.2698723E-04  -3.1428573E-05  -6.0554799E-04   2.8367536E-03   6.2782322E-04   4.6601764E-03   3.2195922E-04  -1.2334934E+01   1.6757725E+00   7.5730038E+00  -5.4987434E+01   3.9268850E+01   8.4134327E+01   5.1290418E+01  -1.1535195E+01  -6.6835065E-01  -7.0408434E-01   4.7056052E+00   7.4386776E+00  -1.3232577E-03   2.0512232E-04   1.8640693E-03   1.5948723E-03  -4.3412350E-03  -9.2470078E-03   3.7262072E-04  -4.3288296E-04
 -1.4326433E-05   5.5403263E-04  -6.1935594E-05   1.0554504E-03   8.6095958E-03   3.6616204E-03   4.7680339E-03   1.1031150E-03  -5.4730459E+01   5.6192096E-01   5.3067738E+00  -5.8402003E+01   1.4080714E+01   5.1290418E+01   1.0276690E+02  -9.1242041E+00  -4.7864142E-01  -1.1700396E+00   5.4564965E+00   3.3433084E+01  -3.3638719E-03   2.5641137E-04  -8.8723742E-04   2.5163776E-05  -5.2807946E-03  -1.6142175E-02   4.3504441E-04  -1.3771044E-03
 -3.1049219E-05   4.9330799E-05  -7.6975002E-06  -9.5680669E-04  -2.5786308E-03  -2.0761484E-03  -2.9753925E-03   9.0231878E-08  -1.0571071E-01   5.0113544E-02  -2.6636490E+00   1.3176862E+01  -4.8977363E+00  -1.1535195E+01  -9.1242041E+00   5.7743352E+00   1.0782561E-01  -1.8547784E-01  -2.0872603E+00  -2.3849246E+00   7.8554324E-04   8.4044908E-04   1.3115029E-03   1.3704475E-03   3.4387100E-04   6.3628771E-03  -7.2644256E-05   1.3400247E-05
  1.6935195E-06  -3.7615345E-05   5.7623435E-06  -2.6370354E-05  -4.2285921E-04   2.8556766E-04  -1.1550538E-03   8.2842498E-06   2.6660710E-02  -3.6343663E-03  -1.9460830E-01  -6.4338729E+00  -2.9047223E-01  -6.6835065E-01  -4.7864142E-01   1.0782561E-01   3.4120955E+00   5.6988664E-01   2.2899273E-01   2.8670767E-01  -1.1987290E-03   8.9616796E-04   1.5618272E-03   1.5361244E-04   6.7587704E-04   3.1278662E-03   1.7667967E-04  -1.4235996E-05
 -4.6447203E-06  -4.9468279E-05   2.1670988E-07  -2.6502104E-04  -1.3730475E-03  -3.2902163E-04  -2.5323337E-05  -6.6251234E-05   5.2833251E-01   5.4810601E-03   1.8710349E-01   5.3866804E+00  -1.3256646E+00  -7.0408434E-01  -1.1700396E+00  -1.8547784E-01   5.6988664E-01   3.1305932E+00   2.7554562E+00   2.7922382E+00   2.4912917E-04  -1.2512976E-04  -1.7626818E-03   4.5229535E-04   2.6174442E-04   2.6001604E-03  -1.7897454E-04  -2.7249414E-05
 -3.1420388E-06  -5.3810572E-05   1.8217365E-05  -4.7880742E-04  -1.7991498E-03  -2.1380374E-04   9.9593560E-04  -9.0432034E-05  -5.9170611E+00   9.8487700E-02   2.7058521E+00  -1.2512685E+01   3.1498389E+00   4.7056052E+00   5.4564965E+00  -2.0872603E+00   2.2899273E-01   2.7554562E+00   1.1025246E+01   1.9685668E+01   1.7826118E-04   4.3837359E-05  -5.7915710E-03  -2.0131555E-03   6.8402789E-05   7.0300340E-03  -1.9976181E-05   4.1333855E-04
  1.9386210E-05  -1.0341854E-04   4.5246534E-05  -6.1783238E-05   6.8292053E-04   1.4170032E-03   3.2250001E-03   5.9057874E-04  -3.3633097E+01   1.0501067E-01   3.4343874E+00  -2.4204138E+01   3.4270051E+00   7.4386776E+00   3.3433084E+01  -2.3849246E+00   2.8670767E-01   2.7922382E+00   1.9685668E+01   5.4576544E+01  -1.1541501E-03   9.3462943E-04  -6.5603157E-03  -3.9144912E-03   1.4295161E-04   4.0256312E-03   9.1659325E-05   9.3355517E-04
  9.6268626E-09  -1.1901245E-07  -4.9448915E-08  -2.1777463E-06  -3.5298107E-06  -1.1567064E-06   2.4411839E-05   6.3529185E-07   2.1925373E-03  -2.5734194E-05   4.6730821E-04   2.2787577E-03  -2.3432509E-03  -1.3232577E-03  -3.3638719E-03   7.8554324E-04  -1.1987290E-03   2.4912917E-04   1.7826118E-04  -1.1541501E-03   1.4221925E-03   2.5385220E-04   8.9608193E-05  -3.4679241E-04  -7.2733334E-05   4.0487033E-05   8.3150097E-08   4.1037381E-07
 -2.8739176E-08  -1.5981758E-07   6.8588711E-08  -3.2784778E-06  -6.2669777E-06   6.3108187E-07   2.1597345E-05   7.8200007E-07  -1.1319571E-03   4.7545233E-05  -5.4868600E-04  -1.9941245E-03   2.0978300E-03   2.0512232E-04   2.5641137E-04   8.4044908E-04   8.9616796E-04  -1.2512976E-04   4.3837359E-05   9.3462943E-04   2.5385220E-04   8.8036078E-04   2.9999670E-05   7.6630728E-04   6.7849274E-05  -7.6424620E-04  -1.4361360E-07  -4.2202395E-08
  4.5903313E-08  -2.1223786E-07  -2.2576616E-07   8.1299789E-06   2.0199724E-05   2.2221698E-06  -4.6237316E-05   2.1385910E-06  -5.0843997E-04   1.5646209E-04  -1.1014624E-03   2.3928370E-03  -2.7007110E-03   1.8640693E-03  -8.8723742E-04   1.3115029E-03   1.5618272E-03  -1.7626818E-03  -5.7915710E-03  -6.5603157E-03   8.9608193E-05   2.9999670E-05   7.0416702E-03  -3.0245422E-04   5.4471947E-04   4.2746855E-03   7.0766226E-07  -3.2949067E-07
 -3.8048588E-07   1.3450694E-06  -1.0320632E-07  -5.9220806E-06  -1.0240553E-05  -2.3577613E-06   4.1120999E-05   2.6446427E-07   1.6066710E-03   5.5372715E-05  -7.6956058E-04   1.7511903E-02   1.2013640E-03   1.5948723E-03   2.5163776E-05   1.3704475E-03   1.5361244E-04   4.5229535E-04  -2.0131555E-03  -3.9144912E-03  -3.4679241E-04   7.6630728E-04  -3.0245422E-04   2.9285728E-03   4.8547353E-04  -1.2505966E-03   5.0188872E-08  -1.8783686E-07
 -6.1028371E-07   3.1496110E-06  -4.8380103E-07  -2.3347176E-06  -1.9141035E-06  -8.8990558E-06  -1.3118795E-05  -5.0838793E-07   4.6428169E-03  -3.1306862E-04  -4.9164827E-05   2.1076210E-02   2.3905802E-03  -4.3412350E-03  -5.2807946E-03   3.4387100E-04   6.7587704E-04   2.6174442E-04   6.8402789E-05   1.4295161E-04  -7.2733334E-05   6.7849274E-05   5.4471947E-04   4.8547353E-04   6.2799289E-03   7.5621267E-03   5.5907301E-08   3.2237785E-08
 -2.6962993E-06   1.9304230E-05  -1.9265547E-06  -3.2414150E-05  -1.4721304E-05  -5.4448755E-05  -9.5266140E-05   6.5564308E-06   1.7253216E-02  -1.0766519E-03   4.0596003E-03   2.8646469E-02   3.0876208E-03  -9.2470078E-03  -1.6142175E-02   6.3628771E-03   3.1278662E-03   2.6001604E-03   7.0300340E-03   4.0256312E-03   4.0487033E-05  -7.6424620E-04   4.2746855E-03  -1.2505966E-03   7.5621267E-03   7.0864719E-02   1.0655966E-06  -7.0693838E-07
  2.7039348E-09   3.8643247E-09  -1.4297860E-09   5.8757351E-08   3.2638534E-07  -8.5288724E-08  -2.6493759E-07   1.9253208E-08  -2.2207197E-04   4.5698193E-06   9.9822188E-05   3.6874263E-03   4.1948109E-05   3.7262072E-04   4.3504441E-04  -7.2644256E-05   1.7667967E-04  -1.7897454E-04  -1.9976181E-05   9.1659325E-05   8.3150097E-08  -1.4361360E-07   7.0766226E-07   5.0188872E-08   5.5907301E-08   1.0655966E-06   3.7802433E-07  -4.9550714E-10
 -9.3020505E-10  -1.3967008E-09   3.2437593E-09  -8.9076624E-08  -1.9658593E-07  -4.9979309E-08  -9.6394059E-08  -4.9957437E-10   7.1592225E-04  -2.9982848E-06  -3.3427921E-05   4.9878632E-04   3.6394378E-05  -4.3288296E-04  -1.3771044E-03   1.3400247E-05  -1.4235996E-05  -2.7249414E-05   4.1333855E-04   9.3355517E-04   4.1037381E-07  -4.2202395E-08  -3.2949067E-07  -1.8783686E-07   3.2237785E-08  -7.0693838E-07  -4.9550714E-10   3.8605008E-07
