# omegabh2 omegach2 theta tau omegak logA ns calPlanck aps100 aps143 aps217 acib217 asz143 psr xi aksz dust100 dust143 dust217 dust143x217 cal0 cal2 calTE calEE bm_1_1
    0.3102655E-07   -0.1625088E-06    0.2266990E-07    0.5065833E-06   -0.9998917E-06    0.7021797E-06    0.4903180E-06   -0.3756220E-08   -0.7397232E-03   -0.3699842E-03    0.1499799E-03   -0.1944536E-03    0.4033640E-04    0.1664645E-05    0.2883771E-05   -0.6837757E-04    0.1273659E-06   -0.1247547E-06    0.1452957E-05   -0.5866588E-06    0.3837635E-08   -0.1922869E-07   -0.1700583E-06   -0.2471685E-06   -0.5543883E-06
   -0.1625088E-06    0.2222062E-05   -0.1920698E-06   -0.5402544E-05    0.7826338E-05   -0.5584702E-05   -0.5560054E-05    0.5023748E-07    0.3291714E-02    0.1834559E-02   -0.7242934E-03    0.9771160E-03   -0.2269806E-03   -0.8015536E-05   -0.8108179E-05    0.3830076E-03   -0.1189737E-05    0.1861830E-05   -0.8427632E-05   -0.6004003E-08   -0.3327109E-07    0.8143401E-07    0.6642657E-06   -0.1361922E-06   -0.1870876E-04
    0.2266990E-07   -0.1920698E-06    0.9678077E-07    0.4899742E-06   -0.9716318E-06    0.6147587E-06    0.6057004E-06   -0.5762711E-08   -0.3576822E-03   -0.1859081E-03    0.9314036E-04   -0.1139814E-03    0.2053373E-04    0.8936524E-06    0.1621325E-05   -0.3455562E-04   -0.8798636E-07   -0.5734920E-07    0.8559128E-06   -0.2205414E-06    0.2960202E-08   -0.1146878E-07   -0.1193156E-06    0.6418220E-08    0.3507772E-05
    0.5065833E-06   -0.5402544E-05    0.4899742E-06    0.4079407E-03    0.2120524E-03    0.8000158E-03    0.2341364E-04   -0.2928913E-06   -0.2214607E-01   -0.8069327E-02    0.1000174E-01   -0.6972980E-02    0.1179962E-02    0.7853153E-04    0.8905646E-04   -0.3063878E-02   -0.1450963E-04   -0.3710015E-04    0.6754737E-04    0.4909849E-05    0.6180901E-07   -0.4324234E-06   -0.8103800E-05   -0.3302063E-05   -0.3196259E-03
   -0.9998917E-06    0.7826338E-05   -0.9716318E-06    0.2120524E-03    0.3500207E-03    0.4439713E-03   -0.2133656E-04    0.3035334E-05    0.4850474E-01    0.2211522E-01   -0.1123896E-01    0.1262080E-01   -0.2583850E-02   -0.9679884E-04   -0.1404822E-03    0.4108211E-02   -0.2013405E-04   -0.7724378E-06   -0.4477901E-04    0.8171756E-04   -0.2724339E-06    0.2095825E-05    0.1615712E-04    0.7363892E-05   -0.2912718E-03
    0.7021797E-06   -0.5584702E-05    0.6147587E-06    0.8000158E-03    0.4439713E-03    0.1607790E-02    0.3211196E-04    0.1127498E-04   -0.3129655E-01   -0.1045361E-01    0.2447076E-01   -0.1184407E-01    0.2275972E-02    0.1781699E-03    0.1958454E-03   -0.6468170E-02   -0.5552299E-04   -0.1392951E-03    0.1385202E-03   -0.1526160E-04    0.6535826E-06   -0.7590010E-06   -0.1484189E-04   -0.5045379E-05   -0.7784150E-03
    0.4903180E-06   -0.5560054E-05    0.6057004E-06    0.2341364E-04   -0.2133656E-04    0.3211196E-04    0.2387235E-04   -0.2771925E-07   -0.2798631E-01   -0.9455526E-02    0.1038186E-01   -0.7708346E-02    0.1285226E-02    0.7884204E-04    0.1027896E-03   -0.3174389E-02    0.2332471E-04   -0.1371001E-05    0.6252712E-04   -0.1217472E-04   -0.2655098E-06   -0.6991576E-06   -0.2797475E-05   -0.3265916E-05    0.5333710E-04
   -0.3756220E-08    0.5023748E-07   -0.5762711E-08   -0.2928913E-06    0.3035334E-05    0.1127498E-04   -0.2771925E-07    0.5870652E-05    0.3587956E-02    0.5670824E-03    0.6171692E-03    0.9195883E-03    0.8320189E-04    0.1906621E-05   -0.5546103E-05   -0.3689918E-04   -0.1206257E-05   -0.2525485E-05    0.4641556E-05   -0.6466610E-05    0.3995937E-07    0.2031024E-07   -0.7907683E-07   -0.6601320E-07   -0.4976405E-04
   -0.7397232E-03    0.3291714E-02   -0.3576822E-03   -0.2214607E-01    0.4850474E-01   -0.3129655E-01   -0.2798631E-01    0.3587956E-02    0.5156716E+03    0.6696547E+02   -0.6014148E+02    0.3222895E+02   -0.2399696E+02   -0.1060630E+01   -0.2227663E+00    0.1004657E+02   -0.4616503E-01    0.5510140E-01    0.2339891E-01   -0.1459487E+00    0.5410450E-02    0.8792801E-02    0.6761239E-02    0.8409690E-02    0.1557162E+01
   -0.3699842E-03    0.1834559E-02   -0.1859081E-03   -0.8069327E-02    0.2211522E-01   -0.1045361E-01   -0.9455526E-02    0.5670824E-03    0.6696547E+02    0.5950354E+02    0.1132057E+02    0.5343538E+01   -0.2544719E+01    0.1826059E+00    0.8052663E+00   -0.6190143E+01   -0.2392658E-01   -0.1669605E+00   -0.6145040E-01    0.1544280E+00    0.3608680E-03   -0.5551257E-03    0.4164367E-02    0.4846188E-02   -0.3799325E-01
    0.1499799E-03   -0.7242934E-03    0.9314036E-04    0.1000174E-01   -0.1123896E-01    0.2447076E-01    0.1038186E-01    0.6171692E-03   -0.6014148E+02    0.1132057E+02    0.1689097E+03   -0.7645927E+02    0.5291733E+01    0.5500179E+00    0.4619752E+00   -0.9930143E+01   -0.5004662E-01   -0.9690649E-01    0.5834508E+00   -0.8198654E-01    0.1601083E-02   -0.1166689E-01    0.2743076E-03    0.1566654E-02   -0.2219780E-01
   -0.1944536E-03    0.9771160E-03   -0.1139814E-03   -0.6972980E-02    0.1262080E-01   -0.1184407E-01   -0.7708346E-02    0.9195883E-03    0.3222895E+02    0.5343538E+01   -0.7645927E+02    0.4507862E+02    0.2279148E+00   -0.1014154E+00   -0.3523787E+00   -0.1174401E+01    0.1535957E-01    0.4870544E-01   -0.4573684E+00   -0.1065858E-01   -0.4219064E-03    0.5090270E-02    0.1077420E-02    0.8775078E-03   -0.2556283E-01
    0.4033640E-04   -0.2269806E-03    0.2053373E-04    0.1179962E-02   -0.2583850E-02    0.2275972E-02    0.1285226E-02    0.8320189E-04   -0.2399696E+02   -0.2544719E+01    0.5291733E+01    0.2279148E+00    0.3885476E+01    0.1589727E+00   -0.7160321E-01   -0.3075711E+01   -0.8057585E-02   -0.2453799E-01   -0.4694046E-01    0.5884569E-01    0.4664486E-03   -0.1110152E-02   -0.3062114E-03   -0.2522196E-03    0.4092370E-02
    0.1664645E-05   -0.8015536E-05    0.8936524E-06    0.7853153E-04   -0.9679884E-04    0.1781699E-03    0.7884204E-04    0.1906621E-05   -0.1060630E+01    0.1826059E+00    0.5500179E+00   -0.1014154E+00    0.1589727E+00    0.1448518E-01    0.1648759E-01   -0.1733257E+00   -0.1773505E-03   -0.5692763E-03   -0.1868021E-02    0.7313682E-03    0.2457754E-04   -0.5045621E-04    0.5475755E-05    0.9554405E-05    0.1769365E-03
    0.2883771E-05   -0.8108179E-05    0.1621325E-05    0.8905646E-04   -0.1404822E-03    0.1958454E-03    0.1027896E-03   -0.5546103E-05   -0.2227663E+00    0.8052663E+00    0.4619752E+00   -0.3523787E+00   -0.7160321E-01    0.1648759E-01    0.8196459E-01    0.6916647E-01    0.2946673E-03   -0.2604272E-03   -0.3516486E-03    0.1949220E-02    0.1437561E-04   -0.4343462E-04   -0.2994348E-05    0.1406999E-04    0.2389769E-02
   -0.6837757E-04    0.3830076E-03   -0.3455562E-04   -0.3063878E-02    0.4108211E-02   -0.6468170E-02   -0.3174389E-02   -0.3689918E-04    0.1004657E+02   -0.6190143E+01   -0.9930143E+01   -0.1174401E+01   -0.3075711E+01   -0.1733257E+00    0.6916647E-01    0.7022963E+01    0.9316520E-02    0.2516063E-01    0.4441058E-01   -0.5620971E-01   -0.3883283E-03    0.7955445E-03    0.1132194E-03   -0.2318665E-04    0.1238438E-01
    0.1273659E-06   -0.1189737E-05   -0.8798636E-07   -0.1450963E-04   -0.2013405E-04   -0.5552299E-04    0.2332471E-04   -0.1206257E-05   -0.4616503E-01   -0.2392658E-01   -0.5004662E-01    0.1535957E-01   -0.8057585E-02   -0.1773505E-03    0.2946673E-03    0.9316520E-02    0.3838787E-01    0.4077012E-02   -0.2676300E-03    0.3212301E-03    0.4019947E-04   -0.2753860E-05   -0.1271690E-04   -0.2440834E-04    0.5269924E-03
   -0.1247547E-06    0.1861830E-05   -0.5734920E-07   -0.3710015E-04   -0.7724378E-06   -0.1392951E-03   -0.1371001E-05   -0.2525485E-05    0.5510140E-01   -0.1669605E+00   -0.9690649E-01    0.4870544E-01   -0.2453799E-01   -0.5692763E-03   -0.2604272E-03    0.2516063E-01    0.4077012E-02    0.3342928E-01   -0.2729145E-02    0.3280467E-02   -0.6128952E-04   -0.6176634E-04   -0.4853164E-04   -0.4869276E-04   -0.7035302E-03
    0.1452957E-05   -0.8427632E-05    0.8559128E-06    0.6754737E-04   -0.4477901E-04    0.1385202E-03    0.6252712E-04    0.4641556E-05    0.2339891E-01   -0.6145040E-01    0.5834508E+00   -0.4573684E+00   -0.4694046E-01   -0.1868021E-02   -0.3516486E-03    0.4441058E-01   -0.2676300E-03   -0.2729145E-02    0.1311554E-01    0.1091915E-01   -0.1390163E-06    0.6732460E-04    0.6275410E-05   -0.7666340E-05   -0.3521585E-03
   -0.5866588E-06   -0.6004003E-08   -0.2205414E-06    0.4909849E-05    0.8171756E-04   -0.1526160E-04   -0.1217472E-04   -0.6466610E-05   -0.1459487E+00    0.1544280E+00   -0.8198654E-01   -0.1065858E-01    0.5884569E-01    0.7313682E-03    0.1949220E-02   -0.5620971E-01    0.3212301E-03    0.3280467E-02    0.1091915E-01    0.3137543E-01    0.4529289E-05    0.8657337E-04   -0.1663553E-04   -0.6450068E-07   -0.1505512E-03
    0.3837635E-08   -0.3327109E-07    0.2960202E-08    0.6180901E-07   -0.2724339E-06    0.6535826E-06   -0.2655098E-06    0.3995937E-07    0.5410450E-02    0.3608680E-03    0.1601083E-02   -0.4219064E-03    0.4664486E-03    0.2457754E-04    0.1437561E-04   -0.3883283E-03    0.4019947E-04   -0.6128952E-04   -0.1390163E-06    0.4529289E-05    0.9480043E-06   -0.9431632E-07    0.1140701E-06    0.4198457E-06   -0.7446748E-04
   -0.1922869E-07    0.8143401E-07   -0.1146878E-07   -0.4324234E-06    0.2095825E-05   -0.7590010E-06   -0.6991576E-06    0.2031024E-07    0.8792801E-02   -0.5551257E-03   -0.1166689E-01    0.5090270E-02   -0.1110152E-02   -0.5045621E-04   -0.4343462E-04    0.7955445E-03   -0.2753860E-05   -0.6176634E-04    0.6732460E-04    0.8657337E-04   -0.9431632E-07    0.3215980E-05    0.5439403E-06    0.1910135E-06   -0.9292514E-05
   -0.1700583E-06    0.6642657E-06   -0.1193156E-06   -0.8103800E-05    0.1615712E-04   -0.1484189E-04   -0.2797475E-05   -0.7907683E-07    0.6761239E-02    0.4164367E-02    0.2743076E-03    0.1077420E-02   -0.3062114E-03    0.5475755E-05   -0.2994348E-05    0.1132194E-03   -0.1271690E-04   -0.4853164E-04    0.6275410E-05   -0.1663553E-04    0.1140701E-06    0.5439403E-06    0.2090957E-04    0.6628441E-05    0.6591849E-04
   -0.2471685E-06   -0.1361922E-06    0.6418220E-08   -0.3302063E-05    0.7363892E-05   -0.5045379E-05   -0.3265916E-05   -0.6601320E-07    0.8409690E-02    0.4846188E-02    0.1566654E-02    0.8775078E-03   -0.2522196E-03    0.9554405E-05    0.1406999E-04   -0.2318665E-04   -0.2440834E-04   -0.4869276E-04   -0.7666340E-05   -0.6450068E-07    0.4198457E-06    0.1910135E-06    0.6628441E-05    0.1828610E-04    0.2892439E-04
   -0.5543883E-06   -0.1870876E-04    0.3507772E-05   -0.3196259E-03   -0.2912718E-03   -0.7784150E-03    0.5333710E-04   -0.4976405E-04    0.1557162E+01   -0.3799325E-01   -0.2219780E-01   -0.2556283E-01    0.4092370E-02    0.1769365E-03    0.2389769E-02    0.1238438E-01    0.5269924E-03   -0.7035302E-03   -0.3521585E-03   -0.1505512E-03   -0.7446748E-04   -0.9292514E-05    0.6591849E-04    0.2892439E-04    0.1005975E+01
