# omegabh2 omegach2 theta tau omegak logA ns calPlanck acib217 xi asz143 aps100 aps143 aps143217 aps217 aksz kgal100 kgal143 kgal143217 kgal217 cal0 cal2
    0.7450812E-07   -0.3960417E-06    0.7084809E-07    0.9936008E-06   -0.2945628E-05    0.1245746E-05    0.1155346E-05    0.2410633E-08   -0.3856639E-03    0.7395354E-05    0.6718011E-04   -0.1315085E-02   -0.8638114E-03   -0.2900815E-03    0.2906619E-04   -0.9518683E-04   -0.2022550E-05    0.3764482E-05   -0.6560968E-04    0.3949832E-05    0.8037003E-08   -0.4359679E-07
   -0.3960417E-06    0.5334035E-05   -0.5812149E-06   -0.1166988E-04    0.1916140E-04   -0.1115685E-04   -0.1307524E-04    0.5444841E-07    0.1877817E-02   -0.4407934E-04   -0.3185613E-03    0.5995852E-02    0.4295286E-02    0.1473333E-02    0.1814303E-03    0.4164599E-03    0.5763762E-04   -0.2369393E-04    0.1102775E-03   -0.2306697E-03   -0.6796722E-07    0.1594519E-06
    0.7084809E-07   -0.5812149E-06    0.2414691E-06    0.1118062E-05   -0.3255379E-05    0.1110420E-05    0.1733891E-05   -0.2495913E-08   -0.2190923E-03    0.2456822E-05    0.4662583E-04   -0.8812026E-03   -0.6944006E-03   -0.3219153E-03   -0.1046358E-03   -0.6220225E-04    0.3763714E-05    0.1996519E-05   -0.6929705E-04   -0.5313559E-04    0.8562006E-08   -0.2948651E-07
    0.9936008E-06   -0.1166988E-04    0.1118062E-05    0.4558683E-03    0.2439916E-03    0.8816998E-03    0.3948009E-04    0.6405477E-06   -0.5887718E-02    0.4123978E-04    0.1825735E-02   -0.2390671E-01   -0.1581138E-01   -0.3164694E-02    0.3396697E-02   -0.2536848E-02   -0.6516003E-03    0.2455400E-03   -0.1820548E-02   -0.1554057E-02    0.7895059E-07   -0.8295219E-06
   -0.2945628E-05    0.1916140E-04   -0.3255379E-05    0.2439916E-03    0.6413977E-03    0.5325365E-03   -0.5337087E-04    0.6099189E-05    0.2520670E-01   -0.5914857E-03   -0.3044042E-02    0.8618281E-01    0.4563428E-01    0.1349654E-01   -0.3199952E-02    0.6692631E-02   -0.6706094E-03    0.1032546E-02    0.4045211E-02    0.2127078E-03   -0.6645767E-06    0.2878348E-05
    0.1245746E-05   -0.1115685E-04    0.1110420E-05    0.8816998E-03    0.5325365E-03    0.1761972E-02    0.4735980E-04    0.1489511E-04   -0.9338671E-02    0.5098100E-04    0.2875210E-02   -0.2967439E-01   -0.2026626E-01    0.5843653E-03    0.1558588E-01   -0.4858178E-02   -0.1289833E-02   -0.4042575E-05   -0.4219018E-02   -0.1693811E-02    0.2668143E-06   -0.1602514E-05
    0.1155346E-05   -0.1307524E-04    0.1733891E-05    0.3948009E-04   -0.5337087E-04    0.4735980E-04    0.4333101E-04   -0.5806649E-07   -0.9758294E-02    0.2238023E-03    0.1921420E-02   -0.4026474E-01   -0.1695080E-01   -0.6986917E-03    0.5674784E-02   -0.3417555E-02    0.9553557E-04   -0.6087651E-04   -0.9332140E-03    0.1115766E-02   -0.5354327E-07   -0.9153475E-06
    0.2410633E-08    0.5444841E-07   -0.2495913E-08    0.6405477E-06    0.6099189E-05    0.1489511E-04   -0.5806649E-07    0.6846270E-05    0.4394237E-03    0.1948938E-05   -0.2190911E-04    0.3711310E-02    0.1107511E-02    0.9332697E-03    0.2229251E-02    0.8050073E-04    0.3914704E-04    0.7216497E-04   -0.9969138E-04    0.8202505E-03   -0.1178536E-07   -0.8535519E-07
   -0.3856639E-03    0.1877817E-02   -0.2190923E-03   -0.5887718E-02    0.2520670E-01   -0.9338671E-02   -0.9758294E-02    0.4394237E-03    0.5023152E+02   -0.4906337E+00   -0.1773491E+01    0.4905944E+02    0.4068460E+01   -0.1941481E+02   -0.6615976E+02    0.9055116E+00   -0.3330956E+00    0.3137395E+00   -0.3237058E+01   -0.2614237E+02   -0.2176774E-03    0.4502201E-02
    0.7395354E-05   -0.4407934E-04    0.2456822E-05    0.4123978E-04   -0.5914857E-03    0.5098100E-04    0.2238023E-03    0.1948938E-05   -0.4906337E+00    0.8102296E-01   -0.4659945E-01   -0.6160568E+00    0.9003383E+00    0.1824514E+01    0.7588161E+00    0.3227332E-01   -0.5214402E-03    0.5681722E-02    0.1065713E+00    0.1061735E+00    0.1508667E-04   -0.2394337E-04
    0.6718011E-04   -0.3185613E-03    0.4662583E-04    0.1825735E-02   -0.3044042E-02    0.2875210E-02    0.1921420E-02   -0.2190911E-04   -0.1773491E+01   -0.4659945E-01    0.3651082E+01   -0.2957054E+02   -0.4536241E+01    0.7073015E+01    0.5961824E+01   -0.2374400E+01   -0.2232581E+00    0.6411320E-01    0.2321745E+01    0.1997625E+01    0.1842785E-03   -0.3485897E-03
   -0.1315085E-02    0.5995852E-02   -0.8812026E-03   -0.2390671E-01    0.8618281E-01   -0.2967439E-01   -0.4026474E-01    0.3711310E-02    0.4905944E+02   -0.6160568E+00   -0.2957054E+02    0.7400158E+03    0.8194261E+02   -0.5376478E+02   -0.7030446E+02    0.1339484E+02   -0.9145218E+00   -0.2419042E+00   -0.1225524E+02   -0.2102608E+02    0.4581046E-02    0.4770991E-02
   -0.8638114E-03    0.4295286E-02   -0.6944006E-03   -0.1581138E-01    0.4563428E-01   -0.2026626E-01   -0.1695080E-01    0.1107511E-02    0.4068460E+01    0.9003383E+00   -0.4536241E+01    0.8194261E+02    0.6470759E+02    0.4275311E+02    0.1595303E+02   -0.3123644E+01   -0.5885915E+00   -0.9876377E+00    0.4509505E+01    0.4355756E+01    0.1140038E-03    0.7899761E-03
   -0.2900815E-03    0.1473333E-02   -0.3219153E-03   -0.3164694E-02    0.1349654E-01    0.5843653E-03   -0.6986917E-03    0.9332697E-03   -0.1941481E+02    0.1824514E+01    0.7073015E+01   -0.5376478E+02    0.4275311E+02    0.9232779E+02    0.6278826E+02   -0.1045531E+02   -0.8916971E+00   -0.4347264E+00    0.4971144E+01    0.6215041E+01    0.7768542E-03   -0.2130210E-02
    0.2906619E-04    0.1814303E-03   -0.1046358E-03    0.3396697E-02   -0.3199952E-02    0.1558588E-01    0.5674784E-02    0.2229251E-02   -0.6615976E+02    0.7588161E+00    0.5961824E+01   -0.7030446E+02    0.1595303E+02    0.6278826E+02    0.1235455E+03   -0.9174446E+01   -0.3174771E+00   -0.6462219E+00    0.9511502E+00    0.2339473E+02    0.5454688E-03   -0.7444121E-02
   -0.9518683E-04    0.4164599E-03   -0.6220225E-04   -0.2536848E-02    0.6692631E-02   -0.4858178E-02   -0.3417555E-02    0.8050073E-04    0.9055116E+00    0.3227332E-01   -0.2374400E+01    0.1339484E+02   -0.3123644E+01   -0.1045531E+02   -0.9174446E+01    0.5313485E+01    0.2468002E+00   -0.3798820E-01   -0.1661076E+01   -0.1437638E+01   -0.9642581E-04    0.1684505E-03
   -0.2022550E-05    0.5763762E-04    0.3763714E-05   -0.6516003E-03   -0.6706094E-03   -0.1289833E-02    0.9553557E-04    0.3914704E-04   -0.3330956E+00   -0.5214402E-03   -0.2232581E+00   -0.9145218E+00   -0.5885915E+00   -0.8916971E+00   -0.3174771E+00    0.2468002E+00    0.3298047E+01    0.7682442E+00    0.2346577E+00    0.4831228E+00    0.4095138E-03   -0.3189084E-04
    0.3764482E-05   -0.2369393E-04    0.1996519E-05    0.2455400E-03    0.1032546E-02   -0.4042575E-05   -0.6087651E-04    0.7216497E-04    0.3137395E+00    0.5681722E-02    0.6411320E-01   -0.2419042E+00   -0.9876377E+00   -0.4347264E+00   -0.6462219E+00   -0.3798820E-01    0.7682442E+00    0.3070156E+01    0.2266909E+01    0.1190485E+01   -0.3852722E-03   -0.2200798E-03
   -0.6560968E-04    0.1102775E-03   -0.6929705E-04   -0.1820548E-02    0.4045211E-02   -0.4219018E-02   -0.9332140E-03   -0.9969138E-04   -0.3237058E+01    0.1065713E+00    0.2321745E+01   -0.1225524E+02    0.4509505E+01    0.4971144E+01    0.9511502E+00   -0.1661076E+01    0.2346577E+00    0.2266909E+01    0.1763487E+02    0.2706501E+02   -0.2070867E-04    0.2426582E-02
    0.3949832E-05   -0.2306697E-03   -0.5313559E-04   -0.1554057E-02    0.2127078E-03   -0.1693811E-02    0.1115766E-02    0.8202505E-03   -0.2614237E+02    0.1061735E+00    0.1997625E+01   -0.2102608E+02    0.4355756E+01    0.6215041E+01    0.2339473E+02   -0.1437638E+01    0.4831228E+00    0.1190485E+01    0.2706501E+02    0.6257280E+02   -0.1949638E-04    0.4313341E-02
    0.8037003E-08   -0.6796722E-07    0.8562006E-08    0.7895059E-07   -0.6645767E-06    0.2668143E-06   -0.5354327E-07   -0.1178536E-07   -0.2176774E-03    0.1508667E-04    0.1842785E-03    0.4581046E-02    0.1140038E-03    0.7768542E-03    0.5454688E-03   -0.9642581E-04    0.4095138E-03   -0.3852722E-03   -0.2070867E-04   -0.1949638E-04    0.5480719E-06    0.1326672E-07
   -0.4359679E-07    0.1594519E-06   -0.2948651E-07   -0.8295219E-06    0.2878348E-05   -0.1602514E-05   -0.9153475E-06   -0.8535519E-07    0.4502201E-02   -0.2394337E-04   -0.3485897E-03    0.4770991E-02    0.7899761E-03   -0.2130210E-02   -0.7444121E-02    0.1684505E-03   -0.3189084E-04   -0.2200798E-03    0.2426582E-02    0.4313341E-02    0.1326672E-07    0.2076682E-05
