# omegabh2 omegach2 theta tau omegak logA ns calPlanck acib217 xi asz143 aps100 aps143 aps143217 aps217 aksz kgal100 kgal143 kgal143217 kgal217 galfEE100 galfEE100143 galfEE100217 galfEE143 galfEE143217 galfEE217 galfTE100 galfTE100143 galfTE100217 galfTE143 galfTE143217 galfTE217 cal0 cal2
    0.2733686E-07   -0.1627052E-06    0.2461160E-07    0.9482596E-06   -0.1797226E-06    0.1630599E-05    0.4396313E-06    0.1237715E-07   -0.1683174E-03    0.3285225E-05    0.3413284E-04   -0.6199980E-03   -0.2822691E-03   -0.1715304E-04    0.1085734E-03   -0.5763457E-04   -0.1279019E-05   -0.1116737E-04   -0.1687127E-04    0.2901616E-04    0.1091895E-06    0.3331117E-07   -0.1341070E-07    0.3801039E-07    0.3813368E-07    0.4713877E-07   -0.4156795E-06   -0.1403232E-06    0.2547640E-06   -0.1437201E-06   -0.4270261E-06   -0.1390841E-05    0.5653447E-08   -0.1481889E-07
   -0.1627052E-06    0.2313669E-05   -0.2149209E-06   -0.9798252E-05    0.2301311E-05   -0.1422292E-04   -0.5896160E-05   -0.5641319E-07    0.8079991E-03   -0.1835387E-04   -0.2081781E-03    0.4063983E-02    0.1802287E-02    0.2647716E-03   -0.3062673E-03    0.3266655E-03   -0.1750633E-04    0.1185753E-04    0.9885081E-04   -0.4503897E-04   -0.1299402E-05   -0.5057464E-06    0.3318345E-06   -0.5457092E-06   -0.2240159E-06    0.5896045E-07    0.2709753E-05    0.1056500E-05   -0.5189398E-05    0.5241269E-06    0.2068446E-05    0.8564927E-05    0.3179080E-08    0.8594508E-07
    0.2461160E-07   -0.2149209E-06    0.1089297E-06    0.1129488E-05   -0.2851968E-06    0.1840561E-05    0.6951892E-06   -0.9525969E-08   -0.1283311E-03    0.3185054E-05    0.2425929E-04   -0.4254914E-03   -0.1980146E-03    0.6209877E-05    0.7222966E-04   -0.3923299E-04   -0.5528231E-05   -0.1279527E-04   -0.1521517E-04    0.1165287E-04    0.1208284E-06    0.3305126E-07   -0.4590015E-07    0.4326295E-07    0.2103655E-07   -0.3122169E-06   -0.6273729E-06   -0.2235945E-06    0.6212031E-06    0.3486318E-07   -0.1331853E-06   -0.8462807E-06    0.2419963E-08   -0.1202586E-07
    0.9482596E-06   -0.9798252E-05    0.1129488E-05    0.2902609E-03   -0.8257820E-05    0.5532219E-03    0.3605409E-04   -0.2125484E-05   -0.1444346E-01    0.3000784E-03    0.2359735E-02   -0.5075633E-01   -0.1926087E-01    0.2274608E-02    0.1302869E-01   -0.5140977E-02   -0.5213100E-03   -0.9956401E-03   -0.3004066E-02   -0.8096241E-03    0.4022851E-05    0.6857108E-06   -0.4104579E-05   -0.2723712E-06    0.5449229E-05   -0.9474099E-05   -0.1490306E-04   -0.7954576E-05    0.4120105E-04   -0.1272225E-04   -0.1086265E-04   -0.6347489E-04    0.1251674E-06   -0.1610816E-05
   -0.1797226E-06    0.2301311E-05   -0.2851968E-06   -0.8257820E-05    0.4465197E-05   -0.1133360E-04   -0.5879601E-05   -0.1683384E-07    0.8847808E-03   -0.1733017E-04   -0.1891331E-03    0.4116890E-02    0.1966159E-02    0.4182411E-03   -0.3053412E-03    0.3995512E-03   -0.1705377E-04    0.4034278E-04    0.1757092E-03    0.3411448E-04   -0.1341806E-05   -0.4895184E-06    0.1521262E-06   -0.5235219E-06   -0.4846922E-06   -0.1275935E-05    0.2723423E-05    0.3666467E-06   -0.7353524E-05   -0.7973995E-06    0.2384756E-05    0.7677974E-05   -0.5090942E-08    0.1049160E-06
    0.1630599E-05   -0.1422292E-04    0.1840561E-05    0.5532219E-03   -0.1133360E-04    0.1093170E-02    0.5679117E-04    0.8104340E-05   -0.2774762E-01    0.6037171E-03    0.4317564E-02   -0.8961064E-01   -0.3284438E-01    0.8053130E-02    0.3183171E-01   -0.1052018E-01   -0.1149878E-02   -0.2463793E-02   -0.6131501E-02    0.1205536E-03    0.6663853E-05    0.1099849E-06   -0.8563297E-05   -0.1286425E-05    0.9414159E-05   -0.1595502E-04   -0.2640223E-04   -0.1440425E-04    0.6144179E-04   -0.2599255E-04   -0.2235919E-04   -0.1057512E-03    0.5150799E-06   -0.3177470E-05
    0.4396313E-06   -0.5896160E-05    0.6951892E-06    0.3605409E-04   -0.5879601E-05    0.5679117E-04    0.2477070E-04    0.2855406E-06   -0.6430135E-02    0.1634410E-03    0.1402583E-02   -0.3073661E-01   -0.8812306E-02    0.2833277E-02    0.6786551E-02   -0.2877293E-02    0.2429158E-03   -0.2637301E-03   -0.6350295E-03    0.8069875E-03    0.5560532E-05    0.2139425E-05   -0.6667443E-06    0.2315980E-05    0.1908121E-05   -0.9385807E-06   -0.5566797E-05   -0.2241037E-05    0.1533077E-04   -0.6182928E-06   -0.5335422E-05   -0.1946738E-04   -0.1427684E-06   -0.5906950E-06
    0.1237715E-07   -0.5641319E-07   -0.9525969E-08   -0.2125484E-05   -0.1683384E-07    0.8104340E-05    0.2855406E-06    0.6190540E-05    0.5890485E-03   -0.1462777E-05    0.2689007E-04    0.2205155E-02    0.5410608E-03    0.3175378E-03    0.1356829E-02   -0.6898713E-04    0.1003992E-03    0.2637676E-04    0.7106791E-04    0.8654151E-03    0.1273646E-05    0.1944852E-06   -0.5043024E-06    0.5046785E-06   -0.2698189E-06    0.1671178E-05   -0.4948604E-06    0.1323395E-06   -0.3977920E-05   -0.4446216E-06   -0.2941343E-05    0.1901817E-05    0.7374534E-08   -0.2907964E-07
   -0.1683174E-03    0.8079991E-03   -0.1283311E-03   -0.1444346E-01    0.8847808E-03   -0.2774762E-01   -0.6430135E-02    0.5890485E-03    0.4879010E+02   -0.4522663E+00   -0.1674725E+01    0.4375984E+02    0.1342982E+01   -0.2076775E+02   -0.6647822E+02    0.3856181E+00   -0.3229054E+00    0.3545372E+00   -0.3140592E+01   -0.2553503E+02   -0.1213076E-02   -0.3622172E-03   -0.1969358E-02   -0.2808286E-03   -0.4913249E-03    0.2495233E-02   -0.1517041E-02    0.2994850E-02   -0.5091741E-02    0.1734071E-02   -0.2479265E-03   -0.1322259E-01   -0.1715582E-03    0.4360669E-02
    0.3285225E-05   -0.1835387E-04    0.3185054E-05    0.3000784E-03   -0.1733017E-04    0.6037171E-03    0.1634410E-03   -0.1462777E-05   -0.4522663E+00    0.8201255E-01   -0.7486147E-01   -0.4884351E+00    0.9758230E+00    0.1781532E+01    0.7032443E+00    0.6254383E-01   -0.6134963E-02    0.3063747E-02    0.9412387E-01    0.8882799E-01    0.3599896E-04    0.2523173E-04   -0.1871403E-04    0.1727398E-04    0.5294359E-04    0.8969085E-04    0.2068941E-03    0.5355734E-04    0.5069377E-03   -0.4251085E-04   -0.8791029E-04    0.4046905E-03    0.7058995E-05   -0.1346041E-04
    0.3413284E-04   -0.2081781E-03    0.2425929E-04    0.2359735E-02   -0.1891331E-03    0.4317564E-02    0.1402583E-02    0.2689007E-04   -0.1674725E+01   -0.7486147E-01    0.3741748E+01   -0.2923533E+02   -0.3923540E+01    0.7525195E+01    0.6666909E+01   -0.2562441E+01   -0.1757528E+00    0.6404908E-01    0.2335216E+01    0.2007440E+01    0.5103800E-03    0.2089849E-03   -0.5379722E-04    0.1029907E-03    0.7241809E-04   -0.1914745E-02   -0.1249367E-03   -0.5822333E-04    0.4107077E-02   -0.2829604E-03    0.1480044E-02    0.1558303E-02    0.1990247E-03   -0.3877462E-03
   -0.6199980E-03    0.4063983E-02   -0.4254914E-03   -0.5075633E-01    0.4116890E-02   -0.8961064E-01   -0.3073661E-01    0.2205155E-02    0.4375984E+02   -0.4884351E+00   -0.2923533E+02    0.7121410E+03    0.6451537E+02   -0.6310195E+02   -0.7382687E+02    0.1316536E+02   -0.4630394E+00    0.1107918E+00   -0.1282321E+02   -0.1978228E+02   -0.5392835E-02   -0.2557978E-02   -0.4386041E-02   -0.4930017E-02   -0.4944107E-03    0.2694724E-01    0.4626188E-01    0.1266479E-02   -0.2314647E-01    0.2356703E-02    0.2708369E-02    0.1423002E-01    0.4180978E-02    0.4493323E-02
   -0.2822691E-03    0.1802287E-02   -0.1980146E-03   -0.1926087E-01    0.1966159E-02   -0.3284438E-01   -0.8812306E-02    0.5410608E-03    0.1342982E+01    0.9758230E+00   -0.3923540E+01    0.6451537E+02    0.5672133E+02    0.3974502E+02    0.1496147E+02   -0.4011079E+01   -0.3919714E+00   -0.8873757E+00    0.3711451E+01    0.3235875E+01   -0.1003214E-02   -0.4837879E-03   -0.1131368E-02   -0.1136054E-02    0.7807698E-03    0.5086101E-02    0.9827024E-02    0.4395739E-02    0.6921175E-03    0.8159780E-03    0.3713578E-02    0.1520984E-01    0.9725334E-04    0.2675370E-03
   -0.1715304E-04    0.2647716E-03    0.6209877E-05    0.2274608E-02    0.4182411E-03    0.8053130E-02    0.2833277E-02    0.3175378E-03   -0.2076775E+02    0.1781532E+01    0.7525195E+01   -0.6310195E+02    0.3974502E+02    0.9136979E+02    0.6407009E+02   -0.1132443E+02   -0.7072107E+00   -0.3694209E+00    0.4374769E+01    0.5453725E+01    0.1506673E-02    0.6401622E-03   -0.1381030E-03   -0.2206925E-03    0.6945164E-03   -0.1264435E-02    0.1036566E-01    0.1581900E-02    0.2951067E-01   -0.1305191E-02    0.9472780E-02    0.2901109E-01    0.7200840E-03   -0.2515798E-02
    0.1085734E-03   -0.3062673E-03    0.7222966E-04    0.1302869E-01   -0.3053412E-03    0.3183171E-01    0.6786551E-02    0.1356829E-02   -0.6647822E+02    0.7032443E+00    0.6666909E+01   -0.7382687E+02    0.1496147E+02    0.6407009E+02    0.1253965E+03   -0.9803920E+01   -0.1082794E+00   -0.5762870E+00    0.5670196E+00    0.2241378E+02    0.2025359E-02    0.5635255E-03    0.3253785E-02    0.1841559E-03    0.7258191E-03   -0.3382133E-02    0.7144956E-02   -0.3409685E-02    0.1720035E-01   -0.2493767E-02    0.8056179E-02    0.3886711E-01    0.5619959E-03   -0.7695162E-02
   -0.5763457E-04    0.3266655E-03   -0.3923299E-04   -0.5140977E-02    0.3995512E-03   -0.1052018E-01   -0.2877293E-02   -0.6898713E-04    0.3856181E+00    0.6254383E-01   -0.2562441E+01    0.1316536E+02   -0.4011079E+01   -0.1132443E+02   -0.9803920E+01    0.5680056E+01    0.1381257E+00   -0.4159588E-01   -0.1843517E+01   -0.1378204E+01   -0.7645543E-03   -0.1946716E-03    0.2302503E-03    0.6231784E-05   -0.5890809E-03    0.4309364E-03   -0.6328375E-03    0.2065416E-03   -0.1115315E-02    0.4387127E-03   -0.1566698E-02    0.9354186E-03   -0.1401084E-03    0.1961689E-03
   -0.1279019E-05   -0.1750633E-04   -0.5528231E-05   -0.5213100E-03   -0.1705377E-04   -0.1149878E-02    0.2429158E-03    0.1003992E-03   -0.3229054E+00   -0.6134963E-02   -0.1757528E+00   -0.4630394E+00   -0.3919714E+00   -0.7072107E+00   -0.1082794E+00    0.1381257E+00    0.3192754E+01    0.7318655E+00    0.3399241E+00    0.6673254E+00   -0.4875222E-04    0.6885745E-04   -0.4000038E-05    0.3594545E-05    0.2160560E-03   -0.8856781E-03   -0.5030423E-02   -0.3729583E-03   -0.4452725E-02    0.1072724E-02   -0.1921408E-02   -0.4487113E-02    0.4443176E-03   -0.3753807E-04
   -0.1116737E-04    0.1185753E-04   -0.1279527E-04   -0.9956401E-03    0.4034278E-04   -0.2463793E-02   -0.2637301E-03    0.2637676E-04    0.3545372E+00    0.3063747E-02    0.6404908E-01    0.1107918E+00   -0.8873757E+00   -0.3694209E+00   -0.5762870E+00   -0.4159588E-01    0.7318655E+00    0.3035177E+01    0.2378365E+01    0.1405524E+01    0.1264045E-03    0.5111089E-04    0.1307225E-04   -0.6646587E-04   -0.1120047E-03   -0.5845024E-03    0.3456066E-02   -0.3551788E-04   -0.2569830E-02    0.5904824E-04   -0.1782711E-02   -0.2456581E-02   -0.4050869E-03   -0.1772929E-03
   -0.1687127E-04    0.9885081E-04   -0.1521517E-04   -0.3004066E-02    0.1757092E-03   -0.6131501E-02   -0.6350295E-03    0.7106791E-04   -0.3140592E+01    0.9412387E-01    0.2335216E+01   -0.1282321E+02    0.3711451E+01    0.4374769E+01    0.5670196E+00   -0.1843517E+01    0.3399241E+00    0.2378365E+01    0.1774692E+02    0.2734383E+02    0.2252064E-03    0.1273777E-03   -0.9592385E-03   -0.2425898E-03    0.2848107E-03   -0.1207539E-02    0.6481054E-02    0.1765564E-02   -0.6612606E-02    0.3315761E-04   -0.2004721E-02   -0.1008942E-03   -0.8900116E-04    0.2487359E-02
    0.2901616E-04   -0.4503897E-04    0.1165287E-04   -0.8096241E-03    0.3411448E-04    0.1205536E-03    0.8069875E-03    0.8654151E-03   -0.2553503E+02    0.8882799E-01    0.2007440E+01   -0.1978228E+02    0.3235875E+01    0.5453725E+01    0.2241378E+02   -0.1378204E+01    0.6673254E+00    0.1405524E+01    0.2734383E+02    0.6280564E+02    0.5599459E-03    0.7943108E-04   -0.8738056E-03   -0.3313666E-03   -0.2228518E-03   -0.8688850E-03    0.1022006E-01    0.1280771E-02   -0.1256154E-01   -0.9102541E-03   -0.4163883E-02   -0.4369459E-02   -0.7605271E-04    0.4423611E-02
    0.1091895E-06   -0.1299402E-05    0.1208284E-06    0.4022851E-05   -0.1341806E-05    0.6663853E-05    0.5560532E-05    0.1273646E-05   -0.1213076E-02    0.3599896E-04    0.5103800E-03   -0.5392835E-02   -0.1003214E-02    0.1506673E-02    0.2025359E-02   -0.7645543E-03   -0.4875222E-04    0.1264045E-03    0.2252064E-03    0.5599459E-03    0.1262514E-03    0.1094097E-04   -0.1363494E-06    0.2658310E-05   -0.7540253E-06    0.2595502E-06   -0.8455016E-05   -0.1967824E-06    0.1927093E-04   -0.8189179E-06   -0.1725064E-05    0.1400302E-04   -0.5480487E-07   -0.1971695E-06
    0.3331117E-07   -0.5057464E-06    0.3305126E-07    0.6857108E-06   -0.4895184E-06    0.1099849E-06    0.2139425E-05    0.1944852E-06   -0.3622172E-03    0.2523173E-04    0.2089849E-03   -0.2557978E-02   -0.4837879E-03    0.6401622E-03    0.5635255E-03   -0.1946716E-03    0.6885745E-04    0.5111089E-04    0.1273777E-03    0.7943108E-04    0.1094097E-04    0.1403022E-04    0.9993717E-06    0.6590444E-05    0.1144861E-05    0.3141558E-06   -0.4639190E-06   -0.8174704E-07    0.6406068E-05   -0.7687674E-06   -0.4259219E-05    0.7314876E-06   -0.3204962E-07   -0.7394967E-07
   -0.1341070E-07    0.3318345E-06   -0.4590015E-07   -0.4104579E-05    0.1521262E-06   -0.8563297E-05   -0.6667443E-06   -0.5043024E-06   -0.1969358E-02   -0.1871403E-04   -0.5379722E-04   -0.4386041E-02   -0.1131368E-02   -0.1381030E-03    0.3253785E-02    0.2302503E-03   -0.4000038E-05    0.1307225E-04   -0.9592385E-03   -0.8738056E-03   -0.1363494E-06    0.9993717E-06    0.2285009E-03    0.6453917E-06   -0.4064719E-05    0.4705227E-05   -0.3108066E-04   -0.1057106E-04   -0.4012056E-04    0.5868322E-05   -0.7984207E-05   -0.2402864E-04   -0.1070235E-06   -0.5159913E-06
    0.3801039E-07   -0.5457092E-06    0.4326295E-07   -0.2723712E-06   -0.5235219E-06   -0.1286425E-05    0.2315980E-05    0.5046785E-06   -0.2808286E-03    0.1727398E-04    0.1029907E-03   -0.4930017E-02   -0.1136054E-02   -0.2206925E-03    0.1841559E-03    0.6231784E-05    0.3594545E-05   -0.6646587E-04   -0.2425898E-03   -0.3313666E-03    0.2658310E-05    0.6590444E-05    0.6453917E-06    0.3024620E-04    0.1025798E-05    0.9079167E-06   -0.8804000E-07    0.1261552E-05    0.1285003E-04    0.1702079E-05   -0.6356462E-05   -0.2495466E-06   -0.8315815E-07   -0.5254496E-07
    0.3813368E-07   -0.2240159E-06    0.2103655E-07    0.5449229E-05   -0.4846922E-06    0.9414159E-05    0.1908121E-05   -0.2698189E-06   -0.4913249E-03    0.5294359E-04    0.7241809E-04   -0.4944107E-03    0.7807698E-03    0.6945164E-03    0.7258191E-03   -0.5890809E-03    0.2160560E-03   -0.1120047E-03    0.2848107E-03   -0.2228518E-03   -0.7540253E-06    0.1144861E-05   -0.4064719E-05    0.1025798E-05    0.4024305E-03    0.2039234E-05   -0.1162483E-04    0.4587441E-05    0.6840409E-05    0.5297267E-05    0.2397192E-05    0.1733269E-04    0.1121768E-06   -0.7563351E-07
    0.4713877E-07    0.5896045E-07   -0.3122169E-06   -0.9474099E-05   -0.1275935E-05   -0.1595502E-04   -0.9385807E-06    0.1671178E-05    0.2495233E-02    0.8969085E-04   -0.1914745E-02    0.2694724E-01    0.5086101E-02   -0.1264435E-02   -0.3382133E-02    0.4309364E-03   -0.8856781E-03   -0.5845024E-03   -0.1207539E-02   -0.8688850E-03    0.2595502E-06    0.3141558E-06    0.4705227E-05    0.9079167E-06    0.2039234E-05    0.3401899E-02    0.1982437E-04   -0.8386407E-06    0.7729232E-04   -0.1331296E-04   -0.3954133E-05    0.1133424E-03   -0.4233174E-06    0.4934439E-06
   -0.4156795E-06    0.2709753E-05   -0.6273729E-06   -0.1490306E-04    0.2723423E-05   -0.2640223E-04   -0.5566797E-05   -0.4948604E-06   -0.1517041E-02    0.2068941E-03   -0.1249367E-03    0.4626188E-01    0.9827024E-02    0.1036566E-01    0.7144956E-02   -0.6328375E-03   -0.5030423E-02    0.3456066E-02    0.6481054E-02    0.1022006E-01   -0.8455016E-05   -0.4639190E-06   -0.3108066E-04   -0.8804000E-07   -0.1162483E-04    0.1982437E-04    0.5782108E-02    0.1799754E-02    0.1818049E-02   -0.7044119E-03   -0.1208456E-03   -0.6016114E-04    0.1618711E-05    0.9341957E-06
   -0.1403232E-06    0.1056500E-05   -0.2235945E-06   -0.7954576E-05    0.3666467E-06   -0.1440425E-04   -0.2241037E-05    0.1323395E-06    0.2994850E-02    0.5355734E-04   -0.5822333E-04    0.1266479E-02    0.4395739E-02    0.1581900E-02   -0.3409685E-02    0.2065416E-03   -0.3729583E-03   -0.3551788E-04    0.1765564E-02    0.1280771E-02   -0.1967824E-06   -0.8174704E-07   -0.1057106E-04    0.1261552E-05    0.4587441E-05   -0.8386407E-06    0.1799754E-02    0.1212700E-02    0.7536312E-03    0.2032638E-03   -0.5436260E-05   -0.2394499E-03   -0.3150760E-06    0.5897958E-06
    0.2547640E-06   -0.5189398E-05    0.6212031E-06    0.4120105E-04   -0.7353524E-05    0.6144179E-04    0.1533077E-04   -0.3977920E-05   -0.5091741E-02    0.5069377E-03    0.4107077E-02   -0.2314647E-01    0.6921175E-03    0.2951067E-01    0.1720035E-01   -0.1115315E-02   -0.4452725E-02   -0.2569830E-02   -0.6612606E-02   -0.1256154E-01    0.1927093E-04    0.6406068E-05   -0.4012056E-04    0.1285003E-04    0.6840409E-05    0.7729232E-04    0.1818049E-02    0.7536312E-03    0.3264007E-01   -0.6482033E-03    0.1528913E-02    0.1075002E-01   -0.6294119E-06   -0.1950173E-05
   -0.1437201E-06    0.5241269E-06    0.3486318E-07   -0.1272225E-04   -0.7973995E-06   -0.2599255E-04   -0.6182928E-06   -0.4446216E-06    0.1734071E-02   -0.4251085E-04   -0.2829604E-03    0.2356703E-02    0.8159780E-03   -0.1305191E-02   -0.2493767E-02    0.4387127E-03    0.1072724E-02    0.5904824E-04    0.3315761E-04   -0.9102541E-03   -0.8189179E-06   -0.7687674E-06    0.5868322E-05    0.1702079E-05    0.5297267E-05   -0.1331296E-04   -0.7044119E-03    0.2032638E-03   -0.6482033E-03    0.1404436E-02    0.1504315E-03   -0.3738216E-03   -0.6138098E-07    0.1699643E-06
   -0.4270261E-06    0.2068446E-05   -0.1331853E-06   -0.1086265E-04    0.2384756E-05   -0.2235919E-04   -0.5335422E-05   -0.2941343E-05   -0.2479265E-03   -0.8791029E-04    0.1480044E-02    0.2708369E-02    0.3713578E-02    0.9472780E-02    0.8056179E-02   -0.1566698E-02   -0.1921408E-02   -0.1782711E-02   -0.2004721E-02   -0.4163883E-02   -0.1725064E-05   -0.4259219E-05   -0.7984207E-05   -0.6356462E-05    0.2397192E-05   -0.3954133E-05   -0.1208456E-03   -0.5436260E-05    0.1528913E-02    0.1504315E-03    0.5163528E-02    0.4108302E-02    0.8879936E-06   -0.4000070E-06
   -0.1390841E-05    0.8564927E-05   -0.8462807E-06   -0.6347489E-04    0.7677974E-05   -0.1057512E-03   -0.1946738E-04    0.1901817E-05   -0.1322259E-01    0.4046905E-03    0.1558303E-02    0.1423002E-01    0.1520984E-01    0.2901109E-01    0.3886711E-01    0.9354186E-03   -0.4487113E-02   -0.2456581E-02   -0.1008942E-03   -0.4369459E-02    0.1400302E-04    0.7314876E-06   -0.2402864E-04   -0.2495466E-06    0.1733269E-04    0.1133424E-03   -0.6016114E-04   -0.2394499E-03    0.1075002E-01   -0.3738216E-03    0.4108302E-02    0.3574034E-01   -0.1393665E-06   -0.4578387E-05
    0.5653447E-08    0.3179080E-08    0.2419963E-08    0.1251674E-06   -0.5090942E-08    0.5150799E-06   -0.1427684E-06    0.7374534E-08   -0.1715582E-03    0.7058995E-05    0.1990247E-03    0.4180978E-02    0.9725334E-04    0.7200840E-03    0.5619959E-03   -0.1401084E-03    0.4443176E-03   -0.4050869E-03   -0.8900116E-04   -0.7605271E-04   -0.5480487E-07   -0.3204962E-07   -0.1070235E-06   -0.8315815E-07    0.1121768E-06   -0.4233174E-06    0.1618711E-05   -0.3150760E-06   -0.6294119E-06   -0.6138098E-07    0.8879936E-06   -0.1393665E-06    0.5236259E-06   -0.1038015E-08
   -0.1481889E-07    0.8594508E-07   -0.1202586E-07   -0.1610816E-05    0.1049160E-06   -0.3177470E-05   -0.5906950E-06   -0.2907964E-07    0.4360669E-02   -0.1346041E-04   -0.3877462E-03    0.4493323E-02    0.2675370E-03   -0.2515798E-02   -0.7695162E-02    0.1961689E-03   -0.3753807E-04   -0.1772929E-03    0.2487359E-02    0.4423611E-02   -0.1971695E-06   -0.7394967E-07   -0.5159913E-06   -0.5254496E-07   -0.7563351E-07    0.4934439E-06    0.9341957E-06    0.5897958E-06   -0.1950173E-05    0.1699643E-06   -0.4000070E-06   -0.4578387E-05   -0.1038015E-08    0.2061905E-05
