# omegabh2 omegach2 theta tau nnu yhe ns logA aps100 aps143 aps217 acib143 acib217 asz143 psr cibr cal0 cal2 xi aksz bm_1_1 a_ps_act_148 a_ps_act_217 a_ps_spt_95 a_ps_spt_150 a_ps_spt_220 r_ps_spt_95x150 r_ps_spt_95x220 r_ps_150x220 cal_acts_148 cal_acts_217 cal_acte_148 cal_acte_217 cal_spt_95 cal_spt_150 cal_spt_220
    0.79741E-07    0.55634E-06   -0.24844E-07    0.10489E-05    0.43823E-04    0.60495E-06    0.19652E-05    0.36156E-05    0.14853E-03   -0.77040E-05    0.14965E-04   -0.68699E-05   -0.40371E-04    0.41269E-05   -0.98864E-06    0.26022E-07    0.10302E-08   -0.60101E-08   -0.28214E-05   -0.14347E-04    0.12326E-04    0.19344E-06    0.17285E-04   -0.29948E-05    0.10562E-05    0.21738E-04   -0.87709E-06   -0.91618E-06   -0.17070E-06    0.77314E-07   -0.29205E-06    0.14227E-07   -0.60011E-07    0.38595E-06    0.84248E-07    0.15993E-06
    0.55634E-06    0.19947E-04   -0.19287E-05    0.47044E-05    0.10879E-02    0.14397E-04    0.31629E-04    0.59562E-04    0.72821E-02    0.12375E-02    0.10792E-02   -0.43026E-03   -0.20835E-03   -0.32358E-04    0.38372E-04    0.65003E-05   -0.71348E-07   -0.57164E-07   -0.36969E-04    0.14811E-03    0.57911E-03   -0.33751E-03   -0.17224E-02   -0.12143E-04   -0.28634E-03   -0.14002E-02   -0.43976E-04   -0.47153E-04    0.27898E-05   -0.15213E-04   -0.85790E-05   -0.15082E-04   -0.87049E-05   -0.13293E-04   -0.13089E-04   -0.55497E-05
   -0.24844E-07   -0.19287E-05    0.46112E-06   -0.50570E-06   -0.11154E-03   -0.14654E-05   -0.29904E-05   -0.56406E-05   -0.78526E-03   -0.13628E-03   -0.12347E-03    0.42284E-04    0.44079E-04    0.46084E-05   -0.31757E-05   -0.83564E-06    0.15002E-07    0.15969E-07    0.41689E-05   -0.16455E-04   -0.62846E-04    0.29507E-04    0.22124E-03   -0.36798E-05    0.44301E-04    0.11742E-03    0.60189E-05    0.66935E-05   -0.26425E-06    0.15197E-05    0.90967E-06    0.15574E-05    0.98720E-06    0.18225E-05    0.15340E-05    0.66026E-06
    0.10489E-05    0.47044E-05   -0.50570E-06    0.18101E-03    0.62655E-03    0.86501E-05    0.40469E-04    0.37154E-03   -0.27145E-02   -0.37263E-03    0.37809E-04    0.98567E-04   -0.18963E-02    0.38287E-04   -0.60103E-04   -0.17254E-04    0.71526E-07   -0.89537E-06   -0.36313E-04   -0.36225E-03   -0.23727E-03    0.48366E-03    0.30567E-02    0.27946E-03   -0.52444E-04    0.16726E-02   -0.37384E-05   -0.21134E-04   -0.11517E-04    0.10146E-04   -0.15917E-05    0.76793E-05    0.77931E-05    0.38770E-05    0.57643E-05   -0.85259E-05
    0.43823E-04    0.10879E-02   -0.11154E-03    0.62655E-03    0.69847E-01    0.92814E-03    0.24404E-02    0.40135E-02    0.41362E+00    0.70771E-01    0.64218E-01   -0.23187E-01   -0.10024E-01   -0.21778E-02    0.21480E-02    0.33078E-03   -0.26078E-05   -0.11733E-05   -0.20382E-02    0.10037E-01    0.32528E-01   -0.19451E-01   -0.10151E+00    0.43194E-04   -0.19260E-01   -0.78445E-01   -0.24086E-02   -0.26058E-02    0.13214E-03   -0.89449E-03   -0.54120E-03   -0.86714E-03   -0.46989E-03   -0.77428E-03   -0.79563E-03   -0.35979E-03
    0.60495E-06    0.14397E-04   -0.14654E-05    0.86501E-05    0.92814E-03    0.12351E-04    0.32642E-04    0.53932E-04    0.54308E-02    0.91921E-03    0.84647E-03   -0.30476E-03   -0.15526E-03   -0.25916E-04    0.27411E-04    0.41821E-05   -0.35106E-07   -0.20882E-07   -0.28360E-04    0.12088E-03    0.42862E-03   -0.25417E-03   -0.13320E-02    0.53199E-06   -0.25036E-03   -0.10011E-02   -0.31832E-04   -0.34611E-04    0.16487E-05   -0.11659E-04   -0.72917E-05   -0.11328E-04   -0.62388E-05   -0.99074E-05   -0.10328E-04   -0.46252E-05
    0.19652E-05    0.31629E-04   -0.29904E-05    0.40469E-04    0.24404E-02    0.32642E-04    0.11302E-03    0.15828E-03    0.75062E-02    0.11984E-02    0.16274E-02   -0.63209E-03   -0.86424E-04    0.10764E-03    0.51339E-04    0.88541E-05   -0.12569E-06    0.15706E-06   -0.12917E-03   -0.34302E-03    0.74833E-03   -0.47372E-03   -0.19497E-02   -0.11227E-03   -0.50230E-03   -0.20161E-02   -0.68979E-04   -0.77874E-04   -0.95866E-06   -0.23715E-04   -0.15079E-04   -0.22689E-04   -0.11376E-04   -0.16169E-04   -0.20028E-04   -0.14183E-04
    0.36156E-05    0.59562E-04   -0.56406E-05    0.37154E-03    0.40135E-02    0.53932E-04    0.15828E-03    0.89378E-03    0.14293E-01    0.22630E-02    0.28290E-02   -0.85128E-03   -0.44825E-02    0.73827E-06   -0.27610E-04   -0.21166E-04   -0.43762E-08   -0.19099E-05   -0.16169E-03   -0.39793E-03    0.12158E-02    0.12265E-03    0.15488E-02    0.66166E-03   -0.79086E-03   -0.86187E-04   -0.11624E-03   -0.15805E-03   -0.15571E-04   -0.18509E-04   -0.28087E-04   -0.22745E-04   -0.74138E-05   -0.23968E-04   -0.21729E-04   -0.30189E-04
    0.14853E-03    0.72821E-02   -0.78526E-03   -0.27145E-02    0.41362E+00    0.54308E-02    0.75062E-02    0.14293E-01    0.28284E+02    0.12367E+01    0.46653E+00   -0.34240E+00    0.16976E+00   -0.26783E+00    0.45628E-02   -0.11834E-02   -0.53498E-04    0.14035E-03    0.15899E-02    0.53331E+00    0.17578E+01   -0.21884E+00   -0.11126E+01    0.20694E+00   -0.15556E+00    0.19595E+00   -0.37051E-01   -0.52170E-01   -0.72182E-02   -0.11943E-01   -0.44159E-02   -0.11696E-01   -0.14971E-02   -0.61916E-02   -0.81307E-02    0.48530E-02
   -0.77040E-05    0.12375E-02   -0.13628E-03   -0.37263E-03    0.70771E-01    0.91921E-03    0.11984E-02    0.22630E-02    0.12367E+01    0.52565E+00    0.14156E+00   -0.29418E-01    0.10251E+00   -0.74770E-01   -0.11453E-02   -0.15532E-02   -0.17601E-05   -0.43826E-04    0.33328E-02    0.64654E-01    0.31550E-01    0.52640E-03   -0.18504E+00    0.20442E+00   -0.29079E-01   -0.13927E+00   -0.59383E-02   -0.17260E-01   -0.28083E-02   -0.27212E-02   -0.54221E-03   -0.25856E-02   -0.42750E-03   -0.37996E-02   -0.25467E-02   -0.52516E-03
    0.14965E-04    0.10792E-02   -0.12347E-03    0.37809E-04    0.64218E-01    0.84647E-03    0.16274E-02    0.28290E-02    0.46653E+00    0.14156E+00    0.61602E+00   -0.97475E-01   -0.15580E+01    0.51044E-01   -0.14619E-01   -0.72767E-03    0.69297E-05   -0.26983E-03   -0.13111E-01   -0.70551E-01    0.36262E-01   -0.43781E-01   -0.28892E-01   -0.14794E+00   -0.23451E-01    0.50752E-01   -0.25005E-02   -0.37640E-03    0.30679E-02   -0.12162E-02   -0.49524E-02   -0.10530E-02   -0.47399E-02   -0.37215E-03   -0.11821E-02   -0.35698E-02
   -0.68699E-05   -0.43026E-03    0.42284E-04    0.98567E-04   -0.23187E-01   -0.30476E-03   -0.63209E-03   -0.85128E-03   -0.34240E+00   -0.29418E-01   -0.97475E-01    0.62070E+00    0.11188E+01    0.95518E-01   -0.13607E-02   -0.28875E-02   -0.11044E-04   -0.39626E-05    0.91067E-02   -0.43237E+00   -0.13174E-01   -0.91216E-01   -0.10835E+00   -0.11593E+00   -0.17170E+00   -0.25276E+00    0.43861E-01    0.37484E-01   -0.52014E-02    0.12300E-02    0.70340E-03    0.70946E-03    0.59476E-03   -0.62970E-03    0.71513E-03   -0.25411E-03
   -0.40371E-04   -0.20835E-03    0.44079E-04   -0.18963E-02   -0.10024E-01   -0.15526E-03   -0.86424E-04   -0.44825E-02    0.16976E+00    0.10251E+00   -0.15580E+01    0.11188E+01    0.84225E+01    0.12159E+00    0.82958E-01    0.20992E-01   -0.31032E-04    0.11718E-02   -0.27035E-01   -0.10700E+01    0.15271E-01   -0.10704E+00   -0.17403E+01    0.22824E+00   -0.31767E+00   -0.16882E+01    0.59826E-01    0.46944E-01   -0.27321E-01   -0.13963E-02    0.12218E-01   -0.30967E-02    0.98376E-02   -0.27884E-02   -0.13288E-02    0.70954E-02
    0.41269E-05   -0.32358E-04    0.46084E-05    0.38287E-04   -0.21778E-02   -0.25916E-04    0.10764E-03    0.73827E-06   -0.26783E+00   -0.74770E-01    0.51044E-01    0.95518E-01    0.12159E+00    0.88977E-01    0.18306E-02    0.49945E-02   -0.30128E-05   -0.52731E-04   -0.11875E-01   -0.21231E+00    0.59863E-02   -0.31580E-01   -0.14743E+00   -0.18237E+00   -0.35854E-01   -0.17933E+00    0.96765E-02    0.17483E-01   -0.40320E-03    0.63082E-03   -0.10618E-02    0.47401E-03   -0.13454E-02    0.15253E-02    0.42000E-03   -0.99209E-03
   -0.98864E-06    0.38372E-04   -0.31757E-05   -0.60103E-04    0.21480E-02    0.27411E-04    0.51339E-04   -0.27610E-04    0.45628E-02   -0.11453E-02   -0.14619E-01   -0.13607E-02    0.82958E-01    0.18306E-02    0.31168E-02   -0.87144E-04   -0.93790E-07    0.17230E-04    0.52891E-03   -0.27884E-02    0.15685E-02    0.23953E-02   -0.51037E-01   -0.57144E-02    0.22077E-02   -0.38302E-01    0.15269E-03    0.95176E-03    0.22011E-03   -0.72374E-04    0.28184E-04   -0.99717E-04   -0.71970E-05   -0.75131E-05   -0.37696E-04    0.48514E-04
    0.26022E-07    0.65003E-05   -0.83564E-06   -0.17254E-04    0.33078E-03    0.41821E-05    0.88541E-05   -0.21166E-04   -0.11834E-02   -0.15532E-02   -0.72767E-03   -0.28875E-02    0.20992E-01    0.49945E-02   -0.87144E-04    0.20259E-02   -0.32666E-08   -0.56068E-06   -0.40846E-03   -0.86071E-02    0.89718E-03    0.31359E-02    0.75098E-03   -0.87756E-02    0.16996E-02   -0.11619E-01   -0.89020E-04    0.11232E-02   -0.49041E-03    0.16511E-04    0.24995E-04    0.12331E-04   -0.76348E-05    0.10491E-03   -0.48714E-05    0.37278E-04
    0.10302E-08   -0.71348E-07    0.15002E-07    0.71526E-07   -0.26078E-05   -0.35106E-07   -0.12569E-06   -0.43762E-08   -0.53498E-04   -0.17601E-05    0.69297E-05   -0.11044E-04   -0.31032E-04   -0.30128E-05   -0.93790E-07   -0.32666E-08    0.16123E-06    0.51215E-08   -0.93149E-07    0.10866E-04   -0.28408E-04   -0.54452E-05    0.47972E-05    0.34201E-04    0.39841E-05   -0.22054E-04   -0.15691E-05   -0.25191E-05    0.15806E-06   -0.65557E-07    0.83211E-07   -0.13119E-06    0.52181E-07   -0.16944E-06    0.88722E-07    0.54846E-06
   -0.60101E-08   -0.57164E-07    0.15969E-07   -0.89537E-06   -0.11733E-05   -0.20882E-07    0.15706E-06   -0.19099E-05    0.14035E-03   -0.43826E-04   -0.26983E-03   -0.39626E-05    0.11718E-02   -0.52731E-04    0.17230E-04   -0.56068E-06    0.51215E-08    0.58546E-06    0.78075E-05    0.64467E-04    0.98146E-05    0.39272E-04   -0.20409E-03    0.16133E-03    0.29902E-04   -0.63915E-04   -0.37446E-05   -0.86904E-05   -0.21079E-05   -0.95058E-06    0.27570E-05   -0.88867E-06    0.25712E-05   -0.63875E-07   -0.16349E-06    0.23087E-05
   -0.28214E-05   -0.36969E-04    0.41689E-05   -0.36313E-04   -0.20382E-02   -0.28360E-04   -0.12917E-03   -0.16169E-03    0.15899E-02    0.33328E-02   -0.13111E-01    0.91067E-02   -0.27035E-01   -0.11875E-01    0.52891E-03   -0.40846E-03   -0.93149E-07    0.78075E-05    0.10184E-01    0.48468E-01   -0.20215E-02    0.14120E-01    0.20188E-01    0.70449E-02    0.12561E-01    0.14937E-01    0.15120E-02    0.26442E-02    0.51580E-03    0.25623E-04    0.19642E-03    0.28044E-04    0.26921E-03   -0.17127E-03    0.10049E-03    0.20554E-03
   -0.14347E-04    0.14811E-03   -0.16455E-04   -0.36225E-03    0.10037E-01    0.12088E-03   -0.34302E-03   -0.39793E-03    0.53331E+00    0.64654E-01   -0.70551E-01   -0.43237E+00   -0.10700E+01   -0.21231E+00   -0.27884E-02   -0.86071E-02    0.10866E-04    0.64467E-04    0.48468E-01    0.86076E+00   -0.37188E-02    0.54938E-01    0.51498E+00    0.22201E+00    0.12032E+00    0.52523E+00   -0.31381E-01   -0.31847E-01    0.87414E-02   -0.36828E-03    0.27441E-02    0.27990E-03    0.33867E-02   -0.19026E-02    0.77167E-04    0.26337E-02
    0.12326E-04    0.57911E-03   -0.62846E-04   -0.23727E-03    0.32528E-01    0.42862E-03    0.74833E-03    0.12158E-02    0.17578E+01    0.31550E-01    0.36262E-01   -0.13174E-01    0.15271E-01    0.59863E-02    0.15685E-02    0.89718E-03   -0.28408E-04    0.98146E-05   -0.20215E-02   -0.37188E-02    0.15822E+00   -0.17159E-01   -0.11152E+00   -0.48666E-01   -0.10847E-01   -0.41155E-01   -0.45028E-03    0.17134E-02    0.14726E-04   -0.50876E-03   -0.57442E-03   -0.50676E-03   -0.45877E-03    0.25396E-03   -0.41253E-03    0.12270E-03
    0.19344E-06   -0.33751E-03    0.29507E-04    0.48366E-03   -0.19451E-01   -0.25417E-03   -0.47372E-03    0.12265E-03   -0.21884E+00    0.52640E-03   -0.43781E-01   -0.91216E-01   -0.10704E+00   -0.31580E-01    0.23953E-02    0.31359E-02   -0.54452E-05    0.39272E-04    0.14120E-01    0.54938E-01   -0.17159E-01    0.31053E+00   -0.11756E+00    0.90439E-01    0.12324E+00    0.39866E+00   -0.27548E-02   -0.57300E-02   -0.45234E-02    0.18242E-02   -0.40742E-03    0.18529E-02   -0.31546E-03    0.59548E-03    0.14312E-03    0.15865E-02
    0.17285E-04   -0.17224E-02    0.22124E-03    0.30567E-02   -0.10151E+00   -0.13320E-02   -0.19497E-02    0.15488E-02   -0.11126E+01   -0.18504E+00   -0.28892E-01   -0.10835E+00   -0.17403E+01   -0.14743E+00   -0.51037E-01    0.75098E-03    0.47972E-05   -0.20409E-03    0.20188E-01    0.51498E+00   -0.11152E+00   -0.11756E+00    0.15359E+02    0.42647E+00    0.78159E-01    0.21163E+00   -0.25929E-01   -0.23093E-01    0.15883E-03    0.15413E-02    0.53949E-01    0.24730E-02    0.44184E-01    0.21960E-02    0.39127E-02   -0.10211E-02
   -0.29948E-05   -0.12143E-04   -0.36798E-05    0.27946E-03    0.43194E-04    0.53199E-06   -0.11227E-03    0.66166E-03    0.20694E+00    0.20442E+00   -0.14794E+00   -0.11593E+00    0.22824E+00   -0.18237E+00   -0.57144E-02   -0.87756E-02    0.34201E-04    0.16133E-03    0.70449E-02    0.22201E+00   -0.48666E-01    0.90439E-01    0.42647E+00    0.19977E+01    0.78204E-01    0.43664E+00   -0.80820E-01   -0.10169E+00   -0.51860E-02   -0.21170E-02    0.27725E-02   -0.18371E-02    0.32516E-02   -0.14501E-02   -0.88686E-03    0.33221E-02
    0.10562E-05   -0.28634E-03    0.44301E-04   -0.52444E-04   -0.19260E-01   -0.25036E-03   -0.50230E-03   -0.79086E-03   -0.15556E+00   -0.29079E-01   -0.23451E-01   -0.17170E+00   -0.31767E+00   -0.35854E-01    0.22077E-02    0.16996E-02    0.39841E-05    0.29902E-04    0.12561E-01    0.12032E+00   -0.10847E-01    0.12324E+00    0.78159E-01    0.78204E-01    0.23345E+00    0.15778E+00   -0.89317E-02   -0.48185E-02    0.79041E-03   -0.12443E-03    0.38891E-04    0.58383E-04    0.12570E-03    0.71069E-03    0.18693E-03    0.28612E-03
    0.21738E-04   -0.14002E-02    0.11742E-03    0.16726E-02   -0.78445E-01   -0.10011E-02   -0.20161E-02   -0.86187E-04    0.19595E+00   -0.13927E+00    0.50752E-01   -0.25276E+00   -0.16882E+01   -0.17933E+00   -0.38302E-01   -0.11619E-01   -0.22054E-04   -0.63915E-04    0.14937E-01    0.52523E+00   -0.41155E-01    0.39866E+00    0.21163E+00    0.43664E+00    0.15778E+00    0.11733E+02   -0.31195E-01   -0.86708E-01   -0.14382E-01    0.41982E-02   -0.19628E-02    0.34602E-02   -0.11992E-02    0.34095E-02    0.34029E-02    0.30126E-01
   -0.87709E-06   -0.43976E-04    0.60189E-05   -0.37384E-05   -0.24086E-02   -0.31832E-04   -0.68979E-04   -0.11624E-03   -0.37051E-01   -0.59383E-02   -0.25005E-02    0.43861E-01    0.59826E-01    0.96765E-02    0.15269E-03   -0.89020E-04   -0.15691E-05   -0.37446E-05    0.15120E-02   -0.31381E-01   -0.45028E-03   -0.27548E-02   -0.25929E-01   -0.80820E-01   -0.89317E-02   -0.31195E-01    0.79159E-02    0.68199E-02   -0.23641E-03    0.11464E-03   -0.69047E-04    0.90748E-04   -0.50828E-04   -0.33146E-04    0.72749E-04   -0.11748E-03
   -0.91618E-06   -0.47153E-04    0.66935E-05   -0.21134E-04   -0.26058E-02   -0.34611E-04   -0.77874E-04   -0.15805E-03   -0.52170E-01   -0.17260E-01   -0.37640E-03    0.37484E-01    0.46944E-01    0.17483E-01    0.95176E-03    0.11232E-02   -0.25191E-05   -0.86904E-05    0.26442E-02   -0.31847E-01    0.17134E-02   -0.57300E-02   -0.23093E-01   -0.10169E+00   -0.48185E-02   -0.86708E-01    0.68199E-02    0.12367E-01    0.34399E-03    0.17733E-03   -0.94738E-04    0.17060E-03   -0.11291E-03    0.14532E-03    0.13997E-03   -0.34741E-03
   -0.17070E-06    0.27898E-05   -0.26425E-06   -0.11517E-04    0.13214E-03    0.16487E-05   -0.95866E-06   -0.15571E-04   -0.72182E-02   -0.28083E-02    0.30679E-02   -0.52014E-02   -0.27321E-01   -0.40320E-03    0.22011E-03   -0.49041E-03    0.15806E-06   -0.21079E-05    0.51580E-03    0.87414E-02    0.14726E-04   -0.45234E-02    0.15883E-03   -0.51860E-02    0.79041E-03   -0.14382E-01   -0.23641E-03    0.34399E-03    0.58545E-03    0.37833E-05   -0.13055E-04    0.13455E-04   -0.20095E-04    0.27290E-04    0.28717E-04   -0.86746E-04
    0.77314E-07   -0.15213E-04    0.15197E-05    0.10146E-04   -0.89449E-03   -0.11659E-04   -0.23715E-04   -0.18509E-04   -0.11943E-01   -0.27212E-02   -0.12162E-02    0.12300E-02   -0.13963E-02    0.63082E-03   -0.72374E-04    0.16511E-04   -0.65557E-07   -0.95058E-06    0.25623E-04   -0.36828E-03   -0.50876E-03    0.18242E-02    0.15413E-02   -0.21170E-02   -0.12443E-03    0.41982E-02    0.11464E-03    0.17733E-03    0.37833E-05    0.15604E-03    0.99655E-06    0.57923E-04    0.81493E-05    0.38010E-04    0.27684E-04    0.13479E-04
   -0.29205E-06   -0.85790E-05    0.90967E-06   -0.15917E-05   -0.54120E-03   -0.72917E-05   -0.15079E-04   -0.28087E-04   -0.44159E-02   -0.54221E-03   -0.49524E-02    0.70340E-03    0.12218E-01   -0.10618E-02    0.28184E-04    0.24995E-04    0.83211E-07    0.27570E-05    0.19642E-03    0.27441E-02   -0.57442E-03   -0.40742E-03    0.53949E-01    0.27725E-02    0.38891E-04   -0.19628E-02   -0.69047E-04   -0.94738E-04   -0.13055E-04    0.99655E-06    0.36719E-03    0.12372E-04    0.20583E-03    0.62719E-05    0.13994E-04    0.69121E-05
    0.14227E-07   -0.15082E-04    0.15574E-05    0.76793E-05   -0.86714E-03   -0.11328E-04   -0.22689E-04   -0.22745E-04   -0.11696E-01   -0.25856E-02   -0.10530E-02    0.70946E-03   -0.30967E-02    0.47401E-03   -0.99717E-04    0.12331E-04   -0.13119E-06   -0.88867E-06    0.28044E-04    0.27990E-03   -0.50676E-03    0.18529E-02    0.24730E-02   -0.18371E-02    0.58383E-04    0.34602E-02    0.90748E-04    0.17060E-03    0.13455E-04    0.57923E-04    0.12372E-04    0.12047E-03    0.74195E-06    0.38240E-04    0.28240E-04    0.34650E-05
   -0.60011E-07   -0.87049E-05    0.98720E-06    0.77931E-05   -0.46989E-03   -0.62388E-05   -0.11376E-04   -0.74138E-05   -0.14971E-02   -0.42750E-03   -0.47399E-02    0.59476E-03    0.98376E-02   -0.13454E-02   -0.71970E-05   -0.76348E-05    0.52181E-07    0.25712E-05    0.26921E-03    0.33867E-02   -0.45877E-03   -0.31546E-03    0.44184E-01    0.32516E-02    0.12570E-03   -0.11992E-02   -0.50828E-04   -0.11291E-03   -0.20095E-04    0.81493E-05    0.20583E-03    0.74195E-06    0.24393E-03   -0.11633E-04    0.11863E-04    0.36616E-04
    0.38595E-06   -0.13293E-04    0.18225E-05    0.38770E-05   -0.77428E-03   -0.99074E-05   -0.16169E-04   -0.23968E-04   -0.61916E-02   -0.37996E-02   -0.37215E-03   -0.62970E-03   -0.27884E-02    0.15253E-02   -0.75131E-05    0.10491E-03   -0.16944E-06   -0.63875E-07   -0.17127E-03   -0.19026E-02    0.25396E-03    0.59548E-03    0.21960E-02   -0.14501E-02    0.71069E-03    0.34095E-02   -0.33146E-04    0.14532E-03    0.27290E-04    0.38010E-04    0.62719E-05    0.38240E-04   -0.11633E-04    0.41707E-03    0.45466E-04    0.18979E-05
    0.84248E-07   -0.13089E-04    0.15340E-05    0.57643E-05   -0.79563E-03   -0.10328E-04   -0.20028E-04   -0.21729E-04   -0.81307E-02   -0.25467E-02   -0.11821E-02    0.71513E-03   -0.13288E-02    0.42000E-03   -0.37696E-04   -0.48714E-05    0.88722E-07   -0.16349E-06    0.10049E-03    0.77167E-04   -0.41253E-03    0.14312E-03    0.39127E-02   -0.88686E-03    0.18693E-03    0.34029E-02    0.72749E-04    0.13997E-03    0.28717E-04    0.27684E-04    0.13994E-04    0.28240E-04    0.11863E-04    0.45466E-04    0.99346E-04    0.24283E-04
    0.15993E-06   -0.55497E-05    0.66026E-06   -0.85259E-05   -0.35979E-03   -0.46252E-05   -0.14183E-04   -0.30189E-04    0.48530E-02   -0.52516E-03   -0.35698E-02   -0.25411E-03    0.70954E-02   -0.99209E-03    0.48514E-04    0.37278E-04    0.54846E-06    0.23087E-05    0.20554E-03    0.26337E-02    0.12270E-03    0.15865E-02   -0.10211E-02    0.33221E-02    0.28612E-03    0.30126E-01   -0.11748E-03   -0.34741E-03   -0.86746E-04    0.13479E-04    0.69121E-05    0.34650E-05    0.36616E-04    0.18979E-05    0.24283E-04    0.50429E-03
