# omegabh2 omegach2 theta tau meffsterile nnu ns logA aps100 aps143 aps217 acib143 acib217 asz143 psr cibr ncib cal0 cal2 xi aksz bm_1_1 bm_1_2 bm_1_3 bm_1_4 bm_1_5 bm_2_1 bm_2_2 bm_2_3 bm_2_4 bm_2_5 bm_3_1 bm_3_2 bm_3_3 bm_3_4 bm_3_5 bm_4_1 bm_4_2 bm_4_3 bm_4_4 bm_4_5 a_ps_act_148 a_ps_act_217 a_ps_spt_95 a_ps_spt_150 a_ps_spt_220 r_ps_spt_95x150 r_ps_spt_95x220 r_ps_150x220 act_dust_s act_dust_e cal_acts_148 cal_acts_217 cal_acte_148 cal_acte_217 cal_spt_95 cal_spt_150 cal_spt_220
    0.93803E-07    0.30126E-06    0.11075E-07    0.10791E-05    0.12348E-05    0.41654E-04    0.23286E-05    0.29161E-05    0.21525E-03   -0.23025E-03   -0.34119E-03    0.22173E-05    0.89479E-04    0.84082E-05    0.49753E-07    0.20873E-06    0.13567E-05   -0.66295E-08   -0.16997E-07   -0.39856E-05   -0.31148E-04    0.20774E-05   -0.29636E-04    0.74656E-05   -0.25184E-05    0.73715E-06   -0.57323E-05    0.13499E-04    0.95273E-05    0.14636E-04    0.99277E-05    0.16679E-04   -0.45842E-05   -0.27402E-05   -0.68540E-06    0.24526E-05    0.45888E-05    0.24681E-05    0.20792E-04   -0.83722E-06    0.18288E-04   -0.13321E-05   -0.61572E-06    0.73212E-05   -0.10248E-05    0.28257E-04   -0.51493E-06   -0.87100E-06   -0.18949E-06   -0.86068E-06   -0.30114E-06    0.12876E-06    0.26939E-06    0.39818E-07    0.23287E-06    0.13485E-06    0.19449E-06    0.25271E-06
    0.30126E-06    0.22453E-04   -0.19823E-05   -0.53179E-05    0.78725E-05    0.10897E-02    0.23933E-04    0.39789E-04    0.10570E-01    0.15248E-01    0.16095E-01   -0.14133E-03   -0.24459E-02   -0.39062E-03    0.60838E-05    0.85077E-05   -0.36816E-04    0.43823E-07   -0.39561E-07    0.84892E-04    0.92697E-03    0.48536E-03   -0.27814E-04   -0.31465E-03   -0.38091E-04    0.14995E-03    0.11161E-03   -0.78914E-04   -0.21985E-03   -0.12082E-04   -0.61414E-04    0.21554E-03    0.11522E-03    0.10038E-03   -0.23961E-03   -0.99038E-04    0.27857E-03   -0.47375E-04   -0.40966E-04    0.14376E-03   -0.12098E-03   -0.18761E-03   -0.75876E-03   -0.20179E-03   -0.42197E-03   -0.14029E-02   -0.57008E-05   -0.10839E-05    0.21084E-05    0.36202E-05    0.38207E-04   -0.64762E-05   -0.98798E-05   -0.82539E-05   -0.95219E-05   -0.12489E-04   -0.14771E-04   -0.14601E-04
    0.11075E-07   -0.19823E-05    0.48441E-06    0.57671E-06   -0.44761E-05   -0.97695E-04   -0.16992E-05   -0.29083E-05   -0.10098E-02   -0.14847E-02   -0.18300E-02    0.14163E-04    0.36354E-03    0.35542E-04    0.44734E-06   -0.66556E-06    0.57419E-05    0.42976E-09    0.75892E-09   -0.64758E-05   -0.11620E-03   -0.32694E-04    0.52539E-05    0.38589E-04    0.57110E-06   -0.50851E-05   -0.34601E-05    0.16136E-04    0.16270E-04   -0.13410E-04    0.31578E-05   -0.13187E-04   -0.28266E-04   -0.79971E-05    0.34308E-04    0.22368E-04   -0.15449E-04    0.49630E-05    0.11045E-04   -0.16442E-04   -0.47439E-05    0.27742E-04   -0.13540E-04    0.40216E-04    0.44506E-04    0.11005E-03    0.45972E-06    0.10356E-05   -0.19187E-06    0.16076E-05   -0.24117E-06    0.60768E-06    0.95751E-06    0.77926E-06    0.10580E-05    0.13542E-05    0.13535E-05    0.14619E-05
    0.10791E-05   -0.53179E-05    0.57671E-06    0.21803E-03    0.15650E-03    0.46909E-03    0.55257E-04    0.41945E-03   -0.27961E-01   -0.12769E-01   -0.18223E-01    0.22895E-03    0.53731E-02    0.59116E-03    0.28555E-04   -0.25174E-04    0.81556E-04   -0.18346E-06   -0.31581E-06   -0.29123E-03   -0.21743E-02   -0.67635E-03   -0.48782E-03    0.60441E-03    0.46516E-03   -0.14086E-04   -0.35826E-03    0.50094E-04   -0.17057E-03    0.56047E-03    0.12207E-02   -0.79321E-04   -0.59484E-04   -0.21127E-03    0.48374E-03   -0.24855E-03   -0.10266E-03   -0.93241E-03    0.71965E-03   -0.57696E-04    0.10247E-02   -0.25347E-03   -0.18456E-02   -0.19984E-03   -0.90103E-05    0.92973E-03    0.66762E-05   -0.42503E-04   -0.48783E-05   -0.60820E-04    0.13524E-04    0.30322E-05    0.12082E-04    0.39543E-05    0.37947E-05    0.71134E-06    0.11778E-04    0.89003E-05
    0.12348E-05    0.78725E-05   -0.44761E-05    0.15650E-03    0.14327E-01    0.31524E-02    0.21416E-04    0.29751E-03    0.27261E+00    0.95958E-01    0.97788E-01    0.27784E-02   -0.12008E-01    0.17062E-02    0.10236E-03    0.22853E-03   -0.34647E-03   -0.74102E-06    0.50000E-06    0.72399E-03    0.10380E-01    0.58705E-02   -0.39907E-02    0.74058E-03    0.33220E-03   -0.85138E-03    0.29129E-02    0.75324E-03   -0.15865E-02    0.12552E-02    0.15136E-02    0.36546E-02    0.24753E-02   -0.45729E-02    0.55136E-03    0.21156E-02    0.53171E-02   -0.58807E-03    0.25308E-02    0.36539E-03    0.11758E-02   -0.27139E-02   -0.23719E-02   -0.10012E-01   -0.40398E-02   -0.66015E-03    0.39038E-03    0.64196E-03    0.19738E-04    0.41578E-03   -0.41153E-03   -0.29947E-04   -0.20242E-04   -0.38266E-04   -0.52094E-04   -0.18440E-03   -0.33223E-04   -0.60916E-04
    0.41654E-04    0.10897E-02   -0.97695E-04    0.46909E-03    0.31524E-02    0.73933E-01    0.25324E-02    0.33499E-02    0.69787E+00    0.88655E+00    0.84210E+00   -0.42570E-02   -0.11097E+00   -0.21571E-01    0.55523E-03    0.78272E-03   -0.19214E-02    0.41441E-06   -0.34093E-05    0.47448E-02    0.61825E-01    0.24409E-01   -0.78847E-02   -0.55598E-02    0.19290E-02    0.38723E-02    0.37888E-02   -0.38592E-02   -0.50428E-02    0.20911E-02   -0.13859E-02    0.12046E-01    0.14620E-02    0.60522E-02   -0.15539E-01   -0.28330E-02    0.12178E-01   -0.77435E-03    0.90845E-03    0.28808E-02   -0.10534E-02   -0.13450E-01   -0.62249E-01   -0.16059E-01   -0.27411E-01   -0.73355E-01   -0.18864E-03    0.41364E-03    0.10282E-03   -0.12005E-02    0.16190E-02   -0.37273E-03   -0.52903E-03   -0.47884E-03   -0.50097E-03   -0.78250E-03   -0.80373E-03   -0.82827E-03
    0.23286E-05    0.23933E-04   -0.16992E-05    0.55257E-04    0.21416E-04    0.25324E-02    0.13452E-03    0.15867E-03   -0.69471E-02    0.99458E-02    0.92074E-02   -0.94882E-04   -0.22784E-03    0.10767E-04    0.81042E-05    0.25346E-04   -0.63284E-05   -0.18122E-06   -0.42701E-07   -0.86644E-04    0.44726E-03    0.40221E-03   -0.81887E-03    0.27542E-03    0.32166E-03   -0.11358E-03    0.28650E-03    0.16343E-04    0.22778E-03    0.25718E-03    0.12466E-04    0.47787E-03   -0.23987E-04    0.65552E-04   -0.41452E-03   -0.12761E-03    0.46469E-03    0.25411E-03    0.29431E-03   -0.63252E-04    0.49114E-03   -0.48432E-03   -0.20028E-02   -0.33978E-03   -0.80101E-03   -0.13043E-02   -0.23221E-04   -0.86933E-05    0.27714E-05   -0.89127E-04    0.83507E-05   -0.55056E-05   -0.85077E-05   -0.76215E-05   -0.70567E-05   -0.12692E-04   -0.13136E-04   -0.19462E-04
    0.29161E-05    0.39789E-04   -0.29083E-05    0.41945E-03    0.29751E-03    0.33499E-02    0.15867E-03    0.92590E-03   -0.48425E-01    0.54526E-02   -0.32409E-02    0.66743E-04    0.58923E-02    0.26971E-03    0.70649E-04   -0.37936E-04    0.96260E-04   -0.18466E-06   -0.36028E-06   -0.42940E-03   -0.25561E-02    0.11580E-03   -0.10001E-02    0.35129E-03    0.85168E-03    0.35945E-03    0.12591E-04    0.57853E-04   -0.83949E-03    0.98747E-03    0.22689E-02    0.33673E-03    0.19427E-03   -0.24903E-03    0.45934E-03   -0.76286E-03    0.76747E-03   -0.17845E-02    0.14459E-02    0.20384E-03    0.16851E-02   -0.92284E-03   -0.58102E-02   -0.56148E-03   -0.92136E-03   -0.13917E-02   -0.16709E-04   -0.10878E-03   -0.60454E-05   -0.12729E-03    0.12039E-03   -0.72418E-05    0.23885E-05   -0.10031E-04   -0.13169E-04   -0.26436E-04   -0.95439E-05   -0.15019E-04
    0.21525E-03    0.10570E-01   -0.10098E-02   -0.27961E-01    0.27261E+00    0.69787E+00   -0.69471E-02   -0.48425E-01    0.16499E+04    0.91050E+02    0.33038E+02    0.13888E+01    0.12486E+01   -0.76776E+01    0.30788E-01   -0.40016E-01   -0.25745E-01    0.13440E-02   -0.50924E-02    0.13681E+01    0.58902E+01    0.17447E+02   -0.80202E+01   -0.32447E-01   -0.12324E+01   -0.50081E+00   -0.32870E+01   -0.55020E+01   -0.16376E+01    0.72027E+00   -0.12703E+01    0.12964E+01   -0.65414E+00    0.14785E+01   -0.19106E+01   -0.45791E+01   -0.75850E+00   -0.30258E+01   -0.29256E+01    0.93997E+00    0.31949E+01    0.16813E+01   -0.22361E+01    0.12814E+01   -0.18363E+00   -0.27466E+01    0.25382E+00    0.29077E-01   -0.79412E-01    0.25144E+00    0.96317E-01   -0.21325E-01    0.34802E-02   -0.28292E-01   -0.11377E-02   -0.70503E-01   -0.33522E-01   -0.28271E-02
   -0.23025E-03    0.15248E-01   -0.14847E-02   -0.12769E-01    0.95958E-01    0.88655E+00    0.99458E-02    0.54526E-02    0.91050E+02    0.76301E+02    0.31466E+02   -0.97285E-01   -0.24670E+01   -0.23486E+01    0.33761E-01    0.42474E-01   -0.67607E-01    0.19128E-03   -0.46534E-03    0.32812E+00    0.19237E+01    0.42395E+00    0.42063E+00    0.27063E+00    0.70056E-01    0.95454E-01    0.36797E+00   -0.44410E+00   -0.34942E+00   -0.52740E-02   -0.21938E+00   -0.29293E+00    0.36128E-01    0.25161E+00   -0.59065E+00    0.32148E+00    0.18118E+00   -0.13483E+00   -0.67698E+00   -0.50278E-01   -0.11104E+00    0.27973E+00   -0.23046E+01    0.89668E+00   -0.48761E+00   -0.23171E+01   -0.83794E-02   -0.38025E-01   -0.29249E-01    0.25362E-01   -0.86023E-03   -0.16143E-01   -0.13700E-01   -0.20244E-01   -0.16055E-01   -0.32808E-01   -0.27539E-01   -0.19764E-01
   -0.34119E-03    0.16095E-01   -0.18300E-02   -0.18223E-01    0.97788E-01    0.84210E+00    0.92074E-02   -0.32409E-02    0.33038E+02    0.31466E+02    0.11542E+03   -0.14106E+01   -0.38793E+02   -0.26501E+00   -0.34736E+00   -0.14504E-01   -0.53928E+00    0.10028E-03    0.44973E-03    0.22235E+00    0.26950E+01    0.34576E+00    0.21657E+00   -0.39454E+00   -0.34472E+00    0.20416E+00   -0.71476E-01   -0.47338E+00   -0.50328E+00   -0.26299E+00   -0.55340E+00   -0.16399E-01    0.13602E+00    0.78229E-01   -0.80986E+00    0.19481E+00    0.70301E-01   -0.21175E+00   -0.68195E+00    0.34430E-01   -0.88900E+00    0.39422E+00    0.17462E+02   -0.12820E+01    0.47408E+00    0.80951E+01   -0.40421E-01   -0.46138E-01   -0.67641E-03   -0.44058E-01    0.85160E-01   -0.13277E-01   -0.36086E-01   -0.10702E-01   -0.42124E-01   -0.18377E-01   -0.24162E-01   -0.63137E-01
    0.22173E-05   -0.14133E-03    0.14163E-04    0.22895E-03    0.27784E-02   -0.42570E-02   -0.94882E-04    0.66743E-04    0.13888E+01   -0.97285E-01   -0.14106E+01    0.61460E+00    0.11041E+01    0.47874E+00    0.36628E-02   -0.32996E-02   -0.17343E-02   -0.23123E-05    0.47235E-04    0.14953E-01   -0.73686E+00    0.10836E-01   -0.21969E-01    0.21076E-01    0.56501E-02    0.93093E-02   -0.17214E-01    0.26560E-01   -0.13705E-01    0.28699E-01    0.73207E-02    0.40297E-01   -0.15922E-01   -0.31202E-01   -0.76684E-02   -0.27091E-01    0.14214E-01   -0.78952E-02    0.29483E-01    0.30990E-01    0.34478E-01    0.72288E-01   -0.90482E-01   -0.17940E+00    0.33279E-02   -0.45263E-02    0.47039E-01    0.47709E-01   -0.32786E-02    0.20800E-02   -0.37410E-02    0.31576E-03    0.73225E-03    0.32136E-03    0.63484E-03   -0.67664E-03    0.83821E-03    0.18025E-02
    0.89479E-04   -0.24459E-02    0.36354E-03    0.53731E-02   -0.12008E-01   -0.11097E+00   -0.22784E-03    0.58923E-02    0.12486E+01   -0.24670E+01   -0.38793E+02    0.11041E+01    0.21808E+02    0.15466E+01    0.20282E+00    0.12927E-01    0.30637E+00   -0.33392E-04   -0.11131E-03   -0.36694E+00   -0.39391E+01    0.11435E+00   -0.80600E-01    0.23905E+00    0.71437E-01    0.12352E-01    0.57372E-01    0.24618E+00    0.13447E+00    0.29673E+00    0.15571E-01   -0.57238E-01   -0.46238E+00    0.51619E-01    0.75155E-01   -0.11565E+00   -0.63191E-01    0.44158E-01    0.34427E+00    0.10263E+00    0.54923E+00   -0.48701E+00   -0.11314E+02    0.34140E+00   -0.71993E+00   -0.73103E+01    0.38810E-01    0.37174E-01   -0.61276E-02    0.34096E-01   -0.14723E-01    0.33729E-03    0.86483E-02   -0.11196E-02    0.12882E-01    0.87595E-03    0.11474E-02    0.19616E-01
    0.84082E-05   -0.39062E-03    0.35542E-04    0.59116E-03    0.17062E-02   -0.21571E-01    0.10767E-04    0.26971E-03   -0.76776E+01   -0.23486E+01   -0.26501E+00    0.47874E+00    0.15466E+01    0.17239E+01    0.14857E-01    0.18598E-01    0.12004E-01    0.68750E-05   -0.16248E-03   -0.17770E+00   -0.19861E+01    0.65021E-01   -0.54444E-01    0.50904E-01   -0.12646E-01   -0.23356E-01    0.12774E-01    0.54968E-01   -0.84703E-02   -0.34808E-01   -0.33923E-01   -0.36828E-01    0.26334E-01   -0.45123E-01   -0.31320E-01   -0.28244E-01   -0.19351E-01    0.15050E-01    0.34134E-01    0.13811E-01    0.10292E-01   -0.86658E-01   -0.37086E+00   -0.71137E+00   -0.66402E-01   -0.90541E+00    0.41434E-01    0.66622E-01    0.54018E-03    0.31230E-02    0.43583E-02    0.37653E-03   -0.16172E-02    0.87273E-03   -0.15748E-02    0.40698E-02    0.11683E-02   -0.17102E-02
    0.49753E-07    0.60838E-05    0.44734E-06    0.28555E-04    0.10236E-03    0.55523E-03    0.81042E-05    0.70649E-04    0.30788E-01    0.33761E-01   -0.34736E+00    0.36628E-02    0.20282E+00    0.14857E-01    0.37040E-02   -0.44272E-04    0.29306E-02    0.39812E-07   -0.43718E-05   -0.10177E-02   -0.17522E-01    0.69064E-03    0.66418E-03    0.25445E-02    0.16622E-02    0.12569E-02    0.37676E-03   -0.92983E-03    0.20880E-02   -0.16744E-02    0.18292E-02    0.75819E-03   -0.21337E-02   -0.56202E-03    0.36832E-02   -0.33336E-03    0.57308E-03    0.15131E-03   -0.33000E-03   -0.25979E-02   -0.83674E-03   -0.22759E-02   -0.13132E+00   -0.50100E-02   -0.35077E-02   -0.94646E-01    0.42459E-03    0.13292E-02    0.31946E-03    0.62374E-03    0.27538E-03   -0.21711E-04    0.19371E-04   -0.47772E-04    0.55416E-04    0.31006E-04   -0.32245E-04    0.13128E-03
    0.20873E-06    0.85077E-05   -0.66556E-06   -0.25174E-04    0.22853E-03    0.78272E-03    0.25346E-04   -0.37936E-04   -0.40016E-01    0.42474E-01   -0.14504E-01   -0.32996E-02    0.12927E-01    0.18598E-01   -0.44272E-04    0.27743E-02   -0.47885E-03    0.95171E-06    0.58198E-05   -0.10583E-03   -0.84362E-02    0.12102E-02   -0.34301E-03   -0.85203E-03    0.67815E-03   -0.12804E-02   -0.28748E-03   -0.23933E-03    0.39475E-03   -0.17877E-03   -0.18526E-02    0.12762E-02   -0.91247E-03    0.25383E-02   -0.18605E-03    0.19539E-03    0.34277E-03    0.11410E-02   -0.62085E-03   -0.47641E-03   -0.18036E-02    0.63104E-02    0.87262E-02   -0.12009E-01    0.49644E-02    0.12547E-01    0.18763E-03    0.15385E-02   -0.38246E-03    0.13830E-03    0.14400E-03   -0.19760E-04    0.13712E-04   -0.12424E-04    0.20076E-04    0.40495E-04    0.22828E-05    0.60539E-04
    0.13567E-05   -0.36816E-04    0.57419E-05    0.81556E-04   -0.34647E-03   -0.19214E-02   -0.63284E-05    0.96260E-04   -0.25745E-01   -0.67607E-01   -0.53928E+00   -0.17343E-02    0.30637E+00    0.12004E-01    0.29306E-02   -0.47885E-03    0.56757E-02   -0.76550E-06   -0.11179E-04   -0.61626E-02   -0.35778E-01    0.41687E-02   -0.44957E-02    0.23751E-02   -0.57986E-03    0.55974E-03    0.24754E-02    0.57861E-02    0.71323E-03    0.86932E-02   -0.24328E-02   -0.49064E-02   -0.12501E-01    0.86514E-03   -0.13582E-02   -0.35146E-02   -0.28312E-02    0.51578E-03    0.82182E-02    0.55680E-02    0.14335E-01   -0.12287E-01   -0.19115E+00    0.75049E-02   -0.12585E-01   -0.13815E+00   -0.74093E-03   -0.68119E-03    0.29831E-03    0.30218E-03   -0.20054E-03    0.95547E-05    0.72014E-04   -0.12243E-04    0.14247E-03    0.82571E-04    0.10551E-05    0.20844E-03
   -0.66295E-08    0.43823E-07    0.42976E-09   -0.18346E-06   -0.74102E-06    0.41441E-06   -0.18122E-06   -0.18466E-06    0.13440E-02    0.19128E-03    0.10028E-03   -0.23123E-05   -0.33392E-04    0.68750E-05    0.39812E-07    0.95171E-06   -0.76550E-06    0.15051E-06    0.15754E-07    0.74749E-06    0.73132E-06   -0.19928E-04   -0.16196E-04   -0.39898E-06    0.88262E-05    0.39147E-05    0.21907E-04   -0.14858E-04    0.72492E-05   -0.83687E-05   -0.21414E-05   -0.13168E-05    0.18392E-05    0.10295E-04   -0.28137E-05   -0.96490E-06    0.15052E-04    0.94884E-05   -0.12457E-04   -0.15253E-04   -0.37406E-05    0.36253E-05   -0.85651E-05    0.99326E-05    0.17456E-05   -0.16836E-04    0.17786E-06    0.13189E-05   -0.32107E-07    0.55325E-06    0.22605E-05   -0.76600E-08   -0.80415E-07   -0.31029E-07   -0.18465E-06   -0.14183E-06   -0.89067E-07   -0.11661E-06
   -0.16997E-07   -0.39561E-07    0.75892E-09   -0.31581E-06    0.50000E-06   -0.34093E-05   -0.42701E-07   -0.36028E-06   -0.50924E-02   -0.46534E-03    0.44973E-03    0.47235E-04   -0.11131E-03   -0.16248E-03   -0.43718E-05    0.58198E-05   -0.11179E-04    0.15754E-07    0.12544E-05    0.21098E-04    0.11128E-03    0.42944E-04    0.94851E-04    0.94388E-05   -0.83571E-05    0.47209E-04    0.42686E-03    0.60877E-04    0.16846E-04   -0.98110E-06    0.34565E-04   -0.42235E-03    0.31851E-04   -0.95946E-04    0.29634E-04    0.17194E-04    0.27834E-04    0.10105E-03   -0.48869E-04   -0.98206E-04   -0.23473E-04    0.68593E-04    0.21958E-03    0.10588E-03    0.31628E-04    0.49040E-03    0.42776E-06   -0.22580E-05   -0.39139E-05   -0.47317E-06   -0.72063E-05    0.22214E-06    0.52051E-06    0.26847E-06    0.92282E-06   -0.88757E-06    0.12441E-06    0.15670E-05
   -0.39856E-05    0.84892E-04   -0.64758E-05   -0.29123E-03    0.72399E-03    0.47448E-02   -0.86644E-04   -0.42940E-03    0.13681E+01    0.32812E+00    0.22235E+00    0.14953E-01   -0.36694E+00   -0.17770E+00   -0.10177E-02   -0.10583E-03   -0.61626E-02    0.74749E-06    0.21098E-04    0.71646E-01    0.36549E+00   -0.93028E-02   -0.40968E-02   -0.15944E-01   -0.65817E-03    0.65206E-02   -0.94962E-02   -0.70673E-02   -0.84371E-02    0.80115E-02    0.59006E-02    0.19540E-01   -0.14986E-01    0.12184E-02    0.80484E-02   -0.70078E-02    0.89722E-02   -0.10610E-01   -0.76930E-02    0.40207E-02   -0.88695E-02    0.77720E-01    0.11304E+00   -0.13333E-01    0.63569E-01    0.17958E+00    0.64242E-02    0.11026E-01    0.85123E-03   -0.42783E-03   -0.20228E-03    0.42788E-04    0.14694E-03   -0.42790E-04    0.29814E-04   -0.46437E-03    0.59242E-04    0.61516E-03
   -0.31148E-04    0.92697E-03   -0.11620E-03   -0.21743E-02    0.10380E-01    0.61825E-01    0.44726E-03   -0.25561E-02    0.58902E+01    0.19237E+01    0.26950E+01   -0.73686E+00   -0.39391E+01   -0.19861E+01   -0.17522E-01   -0.84362E-02   -0.35778E-01    0.73132E-06    0.11128E-03    0.36549E+00    0.40541E+01   -0.75955E-01    0.24465E-01   -0.98274E-01    0.17978E-01    0.18760E-01   -0.25293E-01   -0.91490E-01    0.93644E-02    0.30792E-01    0.24574E-01    0.29705E-01   -0.32315E-01    0.64202E-01    0.52063E-01   -0.23783E-01    0.61923E-02   -0.16340E-01   -0.76674E-01   -0.26225E-01   -0.49881E-01    0.11825E+00    0.90599E+00    0.12279E+00    0.20637E+00    0.13701E+01   -0.33475E-01   -0.13360E-01    0.14172E-01   -0.11106E-01   -0.14765E-02    0.46162E-03    0.12071E-02   -0.30684E-04    0.68575E-03   -0.15317E-02   -0.21042E-04    0.28617E-02
    0.20774E-05    0.48536E-03   -0.32694E-04   -0.67635E-03    0.58705E-02    0.24409E-01    0.40221E-03    0.11580E-03    0.17447E+02    0.42395E+00    0.34576E+00    0.10836E-01    0.11435E+00    0.65021E-01    0.69064E-03    0.12102E-02    0.41687E-02   -0.19928E-04    0.42944E-04   -0.93028E-02   -0.75955E-01    0.67333E+00   -0.16573E+00   -0.82434E-02   -0.17354E-01    0.87138E-02    0.18432E+00   -0.52618E-01   -0.15615E-01    0.43975E-03   -0.94409E-01    0.58700E-01    0.29150E-01   -0.46680E-01   -0.42494E-01   -0.14848E+00    0.17469E+00    0.66662E-01   -0.19845E-01    0.14155E-01    0.79925E-01   -0.50855E-02   -0.10694E+00   -0.40393E-01   -0.14554E-01   -0.15926E+00    0.24622E-02    0.46572E-02   -0.10522E-03   -0.19684E-02    0.27993E-03   -0.20311E-04   -0.17005E-03   -0.13199E-03   -0.25042E-03   -0.41313E-03   -0.39473E-03   -0.58019E-03
   -0.29636E-04   -0.27814E-04    0.52539E-05   -0.48782E-03   -0.39907E-02   -0.78847E-02   -0.81887E-03   -0.10001E-02   -0.80202E+01    0.42063E+00    0.21657E+00   -0.21969E-01   -0.80600E-01   -0.54444E-01    0.66418E-03   -0.34301E-03   -0.44957E-02   -0.16196E-04    0.94851E-04   -0.40968E-02    0.24465E-01   -0.16573E+00    0.97471E+00   -0.61153E-01    0.16541E-01    0.90563E-02   -0.12817E+00    0.17509E+00    0.75603E-01   -0.31764E-01    0.90030E-02   -0.17158E+00   -0.30611E-01    0.80008E-01    0.28066E-01    0.17579E+00   -0.25162E+00    0.60615E-01    0.85753E-01    0.30990E-02   -0.25070E+00   -0.10698E-01    0.68573E-01    0.43665E-01   -0.21228E-01    0.10503E+00   -0.47501E-02   -0.75397E-02   -0.74077E-03    0.10058E-02    0.64730E-02   -0.15654E-03   -0.12492E-03   -0.29292E-03    0.25069E-04   -0.45599E-03   -0.28955E-03    0.68888E-03
    0.74656E-05   -0.31465E-03    0.38589E-04    0.60441E-03    0.74058E-03   -0.55598E-02    0.27542E-03    0.35129E-03   -0.32447E-01    0.27063E+00   -0.39454E+00    0.21076E-01    0.23905E+00    0.50904E-01    0.25445E-02   -0.85203E-03    0.23751E-02   -0.39898E-06    0.94388E-05   -0.15944E-01   -0.98274E-01   -0.82434E-02   -0.61153E-01    0.99675E+00    0.10020E-01    0.47243E-01    0.78953E-02   -0.66102E-01    0.16755E+00   -0.15621E-01    0.94680E-01   -0.30765E-01    0.19369E-01   -0.25135E-01   -0.27498E-03    0.10671E+00   -0.22627E-01    0.13721E-01   -0.18030E-01   -0.22838E+00    0.12120E+00   -0.23321E-01   -0.59225E-01    0.11286E-01   -0.28332E-01   -0.67559E-01    0.24139E-03   -0.28110E-04   -0.71752E-04    0.75518E-02   -0.10504E-02    0.10459E-03    0.15518E-03   -0.70408E-04    0.15481E-03   -0.25594E-03    0.26243E-03   -0.33045E-03
   -0.25184E-05   -0.38091E-04    0.57110E-06    0.46516E-03    0.33220E-03    0.19290E-02    0.32166E-03    0.85168E-03   -0.12324E+01    0.70056E-01   -0.34472E+00    0.56501E-02    0.71437E-01   -0.12646E-01    0.16622E-02    0.67815E-03   -0.57986E-03    0.88262E-05   -0.83571E-05   -0.65817E-03    0.17978E-01   -0.17354E-01    0.16541E-01    0.10020E-01    0.96190E+00   -0.69402E-01    0.61315E-01   -0.59487E-01    0.11455E+00   -0.87079E-01    0.52459E-01    0.64557E-01    0.10390E+00    0.43150E-01    0.14269E+00   -0.77906E-01    0.74932E-01    0.70889E-01    0.77132E-02   -0.11564E+00    0.47483E-01   -0.35996E-02   -0.39057E-01    0.14751E-01    0.61361E-02    0.67783E-01   -0.60608E-03   -0.14415E-02   -0.10379E-03    0.60255E-02   -0.95848E-02    0.13877E-03    0.67234E-03    0.75676E-04    0.45189E-04   -0.19991E-03    0.28293E-03    0.11633E-02
    0.73715E-06    0.14995E-03   -0.50851E-05   -0.14086E-04   -0.85138E-03    0.38723E-02   -0.11358E-03    0.35945E-03   -0.50081E+00    0.95454E-01    0.20416E+00    0.93093E-02    0.12352E-01   -0.23356E-01    0.12569E-02   -0.12804E-02    0.55974E-03    0.39147E-05    0.47209E-04    0.65206E-02    0.18760E-01    0.87138E-02    0.90563E-02    0.47243E-01   -0.69402E-01    0.10398E+01    0.51915E-01    0.48531E-01   -0.34749E-01    0.91451E-01    0.96011E-01    0.45720E-01   -0.14504E+00   -0.97247E-01    0.50227E-01    0.65754E-01    0.95550E-01   -0.96067E-01    0.10232E+00   -0.35650E-01    0.17823E-01    0.64096E-02    0.73196E-02    0.19075E-02    0.10080E-01    0.14583E-01   -0.69068E-04    0.30135E-03   -0.97583E-04    0.42255E-02    0.17429E-02   -0.70454E-04    0.67857E-04    0.28348E-04    0.71615E-04    0.18154E-03   -0.47798E-03    0.11019E-03
   -0.57323E-05    0.11161E-03   -0.34601E-05   -0.35826E-03    0.29129E-02    0.37888E-02    0.28650E-03    0.12591E-04   -0.32870E+01    0.36797E+00   -0.71476E-01   -0.17214E-01    0.57372E-01    0.12774E-01    0.37676E-03   -0.28748E-03    0.24754E-02    0.21907E-04    0.42686E-03   -0.94962E-02   -0.25293E-01    0.18432E+00   -0.12817E+00    0.78953E-02    0.61315E-01    0.51915E-01    0.77451E+00   -0.29676E-01    0.22549E-01    0.57327E-02   -0.49925E-01    0.76462E-01    0.13387E+00   -0.85902E-01   -0.15484E-01   -0.50963E-01    0.60938E+00    0.26846E+00   -0.51979E-01   -0.32451E-01    0.98427E-01    0.35434E-02   -0.32373E-01    0.76840E-01    0.92474E-03   -0.12022E+00   -0.48015E-02   -0.42022E-02    0.65696E-04   -0.17301E-02   -0.24315E-02    0.24612E-03    0.11842E-03    0.14787E-03    0.50450E-04    0.36448E-03    0.17418E-03   -0.42850E-03
    0.13499E-04   -0.78914E-04    0.16136E-04    0.50094E-04    0.75324E-03   -0.38592E-02    0.16343E-04    0.57853E-04   -0.55020E+01   -0.44410E+00   -0.47338E+00    0.26560E-01    0.24618E+00    0.54968E-01   -0.92983E-03   -0.23933E-03    0.57861E-02   -0.14858E-04    0.60877E-04   -0.70673E-02   -0.91490E-01   -0.52618E-01    0.17509E+00   -0.66102E-01   -0.59487E-01    0.48531E-01   -0.29676E-01    0.99139E+00    0.29284E-01   -0.14773E-01    0.28072E-01    0.30645E-01   -0.19831E-01   -0.78934E-01    0.38997E-01    0.12879E+00   -0.10532E+00    0.24527E+00    0.79628E+00    0.26375E+00   -0.18923E+00   -0.25532E-01   -0.18342E+00   -0.32431E-01   -0.10816E-01   -0.64772E-01    0.21020E-02    0.20845E-02    0.32681E-03    0.28988E-02   -0.28071E-02    0.22022E-03   -0.42719E-04   -0.12056E-03    0.91838E-04    0.59759E-03    0.37562E-03   -0.78141E-04
    0.95273E-05   -0.21985E-03    0.16270E-04   -0.17057E-03   -0.15865E-02   -0.50428E-02    0.22778E-03   -0.83949E-03   -0.16376E+01   -0.34942E+00   -0.50328E+00   -0.13705E-01    0.13447E+00   -0.84703E-02    0.20880E-02    0.39475E-03    0.71323E-03    0.72492E-05    0.16846E-04   -0.84371E-02    0.93644E-02   -0.15615E-01    0.75603E-01    0.16755E+00    0.11455E+00   -0.34749E-01    0.22549E-01    0.29284E-01    0.10172E+01    0.20738E-01   -0.30926E-01    0.41287E-01   -0.50688E-01    0.17439E+00    0.14844E+00   -0.17350E+00   -0.21688E+00    0.67568E+00    0.15800E+00   -0.59320E+00    0.19328E+00   -0.10856E-01   -0.30244E-02   -0.27337E-02   -0.15606E-01    0.25641E-01   -0.31837E-02   -0.14613E-02    0.21700E-03   -0.93772E-03   -0.42013E-03    0.16038E-03    0.51180E-03    0.10169E-03    0.39491E-03   -0.21617E-03    0.62101E-04    0.39698E-04
    0.14636E-04   -0.12082E-04   -0.13410E-04    0.56047E-03    0.12552E-02    0.20911E-02    0.25718E-03    0.98747E-03    0.72027E+00   -0.52740E-02   -0.26299E+00    0.28699E-01    0.29673E+00   -0.34808E-01   -0.16744E-02   -0.17877E-03    0.86932E-02   -0.83687E-05   -0.98110E-06    0.80115E-02    0.30792E-01    0.43975E-03   -0.31764E-01   -0.15621E-01   -0.87079E-01    0.91451E-01    0.57327E-02   -0.14773E-01    0.20738E-01    0.94298E+00    0.27751E-01    0.32664E-02   -0.11791E+00   -0.15819E+00   -0.34181E-01   -0.83180E-01   -0.41651E-01    0.68636E-01   -0.49774E-01    0.25737E+00    0.65624E+00    0.34061E-02   -0.16800E+00    0.32217E-01   -0.17202E-02   -0.10387E+00    0.29415E-02    0.32676E-02   -0.25450E-03   -0.56543E-02   -0.21314E-02   -0.28819E-04    0.45410E-03   -0.26790E-03    0.27825E-03    0.51043E-04    0.87566E-04    0.71065E-03
    0.99277E-05   -0.61414E-04    0.31578E-05    0.12207E-02    0.15136E-02   -0.13859E-02    0.12466E-04    0.22689E-02   -0.12703E+01   -0.21938E+00   -0.55340E+00    0.73207E-02    0.15571E-01   -0.33923E-01    0.18292E-02   -0.18526E-02   -0.24328E-02   -0.21414E-05    0.34565E-04    0.59006E-02    0.24574E-01   -0.94409E-01    0.90030E-02    0.94680E-01    0.52459E-01    0.96011E-01   -0.49925E-01    0.28072E-01   -0.30926E-01    0.27751E-01    0.10470E+01   -0.90603E-01    0.69261E-01   -0.21241E-01    0.19967E+00    0.56007E-02    0.82626E-01   -0.62147E+00    0.40028E+00   -0.34343E+00    0.25201E+00    0.14659E-01    0.12274E+00   -0.10863E-01    0.72811E-03    0.74199E-01    0.27527E-03   -0.18424E-02   -0.40211E-03    0.17070E-02   -0.71079E-03    0.10394E-03    0.45270E-03    0.11467E-04    0.17661E-03   -0.79726E-03    0.44429E-04   -0.64542E-03
    0.16679E-04    0.21554E-03   -0.13187E-04   -0.79321E-04    0.36546E-02    0.12046E-01    0.47787E-03    0.33673E-03    0.12964E+01   -0.29293E+00   -0.16399E-01    0.40297E-01   -0.57238E-01   -0.36828E-01    0.75819E-03    0.12762E-02   -0.49064E-02   -0.13168E-05   -0.42235E-03    0.19540E-01    0.29705E-01    0.58700E-01   -0.17158E+00   -0.30765E-01    0.64557E-01    0.45720E-01    0.76462E-01    0.30645E-01    0.41287E-01    0.32664E-02   -0.90603E-01    0.88405E+00    0.47541E-01   -0.33447E-01   -0.18651E-01   -0.32967E-01    0.61902E+00    0.17723E+00    0.98779E-01    0.93957E-01   -0.41944E-01    0.28810E-01    0.21062E+00    0.23874E-01    0.35231E-01    0.99274E-01    0.40026E-02    0.34930E-02   -0.91177E-03    0.22812E-02    0.77749E-02    0.61969E-04    0.65596E-03    0.40194E-05    0.40994E-03   -0.29476E-03    0.14588E-03   -0.18441E-03
   -0.45842E-05    0.11522E-03   -0.28266E-04   -0.59484E-04    0.24753E-02    0.14620E-02   -0.23987E-04    0.19427E-03   -0.65414E+00    0.36128E-01    0.13602E+00   -0.15922E-01   -0.46238E+00    0.26334E-01   -0.21337E-02   -0.91247E-03   -0.12501E-01    0.18392E-05    0.31851E-04   -0.14986E-01   -0.32315E-01    0.29150E-01   -0.30611E-01    0.19369E-01    0.10390E+00   -0.14504E+00    0.13387E+00   -0.19831E-01   -0.50688E-01   -0.11791E+00    0.69261E-01    0.47541E-01    0.10189E+01    0.35703E-02   -0.30413E-01   -0.40755E-01    0.13976E+00    0.17376E+00   -0.20020E-01    0.14321E+00    0.13395E+00   -0.13974E-01    0.41164E+00    0.16441E-02   -0.15178E-02    0.86030E-01   -0.28192E-02   -0.42056E-02   -0.48465E-03   -0.47648E-03   -0.13873E-01    0.15220E-03    0.53653E-03    0.21913E-03   -0.21511E-03   -0.30203E-03    0.25121E-03   -0.14092E-02
   -0.27402E-05    0.10038E-03   -0.79971E-05   -0.21127E-03   -0.45729E-02    0.60522E-02    0.65552E-04   -0.24903E-03    0.14785E+01    0.25161E+00    0.78229E-01   -0.31202E-01    0.51619E-01   -0.45123E-01   -0.56202E-03    0.25383E-02    0.86514E-03    0.10295E-04   -0.95946E-04    0.12184E-02    0.64202E-01   -0.46680E-01    0.80008E-01   -0.25135E-01    0.43150E-01   -0.97247E-01   -0.85902E-01   -0.78934E-01    0.17439E+00   -0.15819E+00   -0.21241E-01   -0.33447E-01    0.35703E-02    0.10707E+01   -0.10072E-01    0.26651E-01   -0.14179E+00    0.97224E-01    0.12469E+00    0.15775E-01   -0.81532E-01    0.14572E-01    0.27026E-01   -0.13390E-02   -0.12378E-01   -0.77628E-01   -0.27144E-02   -0.26543E-02   -0.78083E-03   -0.37749E-02    0.67403E-02    0.62834E-04    0.62607E-04    0.39031E-03    0.46540E-04   -0.14848E-03   -0.38770E-03    0.45029E-03
   -0.68540E-06   -0.23961E-03    0.34308E-04    0.48374E-03    0.55136E-03   -0.15539E-01   -0.41452E-03    0.45934E-03   -0.19106E+01   -0.59065E+00   -0.80986E+00   -0.76684E-02    0.75155E-01   -0.31320E-01    0.36832E-02   -0.18605E-03   -0.13582E-02   -0.28137E-05    0.29634E-04    0.80484E-02    0.52063E-01   -0.42494E-01    0.28066E-01   -0.27498E-03    0.14269E+00    0.50227E-01   -0.15484E-01    0.38997E-01    0.14844E+00   -0.34181E-01    0.19967E+00   -0.18651E-01   -0.30413E-01   -0.10072E-01    0.98968E+00   -0.41316E-02   -0.36295E-01   -0.33747E-02    0.17986E+00   -0.25878E+00    0.11760E+00    0.25000E-01   -0.49945E-01   -0.16254E-01    0.17535E-01    0.14011E+00    0.13908E-03   -0.14131E-03   -0.22401E-04   -0.40248E-02   -0.36807E-02    0.28407E-03    0.13251E-03    0.31333E-03    0.32125E-03   -0.49231E-03    0.35892E-03    0.20984E-03
    0.24526E-05   -0.99038E-04    0.22368E-04   -0.24855E-03    0.21156E-02   -0.28330E-02   -0.12761E-03   -0.76286E-03   -0.45791E+01    0.32148E+00    0.19481E+00   -0.27091E-01   -0.11565E+00   -0.28244E-01   -0.33336E-03    0.19539E-03   -0.35146E-02   -0.96490E-06    0.17194E-04   -0.70078E-02   -0.23783E-01   -0.14848E+00    0.17579E+00    0.10671E+00   -0.77906E-01    0.65754E-01   -0.50963E-01    0.12879E+00   -0.17350E+00   -0.83180E-01    0.56007E-02   -0.32967E-01   -0.40755E-01    0.26651E-01   -0.41316E-02    0.99461E+00   -0.39020E-01   -0.89233E-01    0.15054E-01    0.17381E+00   -0.85460E-01   -0.11983E-01    0.68566E-01    0.24274E-02   -0.11902E-01    0.12067E+00   -0.20911E-02   -0.68477E-02   -0.86279E-03    0.54667E-03    0.43145E-02   -0.15309E-03   -0.30579E-03   -0.17879E-03    0.14395E-03    0.14350E-03   -0.46362E-03    0.17594E-03
    0.45888E-05    0.27857E-03   -0.15449E-04   -0.10266E-03    0.53171E-02    0.12178E-01    0.46469E-03    0.76747E-03   -0.75850E+00    0.18118E+00    0.70301E-01    0.14214E-01   -0.63191E-01   -0.19351E-01    0.57308E-03    0.34277E-03   -0.28312E-02    0.15052E-04    0.27834E-04    0.89722E-02    0.61923E-02    0.17469E+00   -0.25162E+00   -0.22627E-01    0.74932E-01    0.95550E-01    0.60938E+00   -0.10532E+00   -0.21688E+00   -0.41651E-01    0.82626E-01    0.61902E+00    0.13976E+00   -0.14179E+00   -0.36295E-01   -0.39020E-01    0.95349E+00   -0.15086E-01   -0.12932E-01    0.46736E-01    0.27476E-01    0.28896E-01    0.16086E+00    0.70123E-01    0.29605E-01   -0.11756E-01   -0.36573E-03   -0.64829E-03   -0.71567E-03    0.14116E-02    0.39554E-02    0.17637E-03    0.40836E-03    0.10399E-03    0.20054E-03   -0.72717E-04    0.16235E-03   -0.62245E-03
    0.24681E-05   -0.47375E-04    0.49630E-05   -0.93241E-03   -0.58807E-03   -0.77435E-03    0.25411E-03   -0.17845E-02   -0.30258E+01   -0.13483E+00   -0.21175E+00   -0.78952E-02    0.44158E-01    0.15050E-01    0.15131E-03    0.11410E-02    0.51578E-03    0.94884E-05    0.10105E-03   -0.10610E-01   -0.16340E-01    0.66662E-01    0.60615E-01    0.13721E-01    0.70889E-01   -0.96067E-01    0.26846E+00    0.24527E+00    0.67568E+00    0.68636E-01   -0.62147E+00    0.17723E+00    0.17376E+00    0.97224E-01   -0.33747E-02   -0.89233E-01   -0.15086E-01    0.10641E+01    0.46363E-02    0.17542E-01   -0.90481E-02   -0.14777E-01   -0.10220E-01    0.27205E-01   -0.71791E-02   -0.38025E-02   -0.28574E-02   -0.12776E-02    0.22543E-03   -0.28692E-02   -0.22622E-02    0.16286E-03    0.40705E-03    0.91307E-04    0.26868E-03    0.42908E-03    0.22579E-03    0.21550E-03
    0.20792E-04   -0.40966E-04    0.11045E-04    0.71965E-03    0.25308E-02    0.90845E-03    0.29431E-03    0.14459E-02   -0.29256E+01   -0.67698E+00   -0.68195E+00    0.29483E-01    0.34427E+00    0.34134E-01   -0.33000E-03   -0.62085E-03    0.82182E-02   -0.12457E-04   -0.48869E-04   -0.76930E-02   -0.76674E-01   -0.19845E-01    0.85753E-01   -0.18030E-01    0.77132E-02    0.10232E+00   -0.51979E-01    0.79628E+00    0.15800E+00   -0.49774E-01    0.40028E+00    0.98779E-01   -0.20020E-01    0.12469E+00    0.17986E+00    0.15054E-01   -0.12932E-01    0.46363E-02    0.10190E+01   -0.13811E-01    0.11991E-01   -0.28099E-01   -0.17060E+00   -0.33241E-01   -0.21240E-01   -0.15020E+00    0.81313E-03    0.78218E-04    0.70479E-04    0.21897E-02   -0.27751E-02    0.33667E-03    0.19654E-03    0.30811E-04    0.29153E-03    0.65445E-04    0.49663E-03   -0.34944E-03
   -0.83722E-06    0.14376E-03   -0.16442E-04   -0.57696E-04    0.36539E-03    0.28808E-02   -0.63252E-04    0.20384E-03    0.93997E+00   -0.50278E-01    0.34430E-01    0.30990E-01    0.10263E+00    0.13811E-01   -0.25979E-02   -0.47641E-03    0.55680E-02   -0.15253E-04   -0.98206E-04    0.40207E-02   -0.26225E-01    0.14155E-01    0.30990E-02   -0.22838E+00   -0.11564E+00   -0.35650E-01   -0.32451E-01    0.26375E+00   -0.59320E+00    0.25737E+00   -0.34343E+00    0.93957E-01    0.14321E+00    0.15775E-01   -0.25878E+00    0.17381E+00    0.46736E-01    0.17542E-01   -0.13811E-01    0.93854E+00   -0.23893E-01   -0.12394E-01   -0.11654E+00    0.11471E-01   -0.21414E-02   -0.16175E+00    0.37251E-02    0.14383E-02    0.15146E-03   -0.17441E-02   -0.12792E-02   -0.26621E-04    0.47242E-04   -0.87266E-04   -0.14452E-03    0.66365E-03    0.17143E-03    0.29815E-03
    0.18288E-04   -0.12098E-03   -0.47439E-05    0.10247E-02    0.11758E-02   -0.10534E-02    0.49114E-03    0.16851E-02    0.31949E+01   -0.11104E+00   -0.88900E+00    0.34478E-01    0.54923E+00    0.10292E-01   -0.83674E-03   -0.18036E-02    0.14335E-01   -0.37406E-05   -0.23473E-04   -0.88695E-02   -0.49881E-01    0.79925E-01   -0.25070E+00    0.12120E+00    0.47483E-01    0.17823E-01    0.98427E-01   -0.18923E+00    0.19328E+00    0.65624E+00    0.25201E+00   -0.41944E-01    0.13395E+00   -0.81532E-01    0.11760E+00   -0.85460E-01    0.27476E-01   -0.90481E-02    0.11991E-01   -0.23893E-01    0.97871E+00   -0.20870E-01   -0.31131E+00    0.33495E-01   -0.30402E-01   -0.24623E+00    0.15862E-02   -0.45452E-03    0.98272E-04   -0.75896E-02   -0.12528E-01    0.13692E-03    0.64625E-03    0.59534E-04    0.45226E-03    0.21500E-04    0.19880E-03    0.30478E-03
   -0.13321E-05   -0.18761E-03    0.27742E-04   -0.25347E-03   -0.27139E-02   -0.13450E-01   -0.48432E-03   -0.92284E-03    0.16813E+01    0.27973E+00    0.39422E+00    0.72288E-01   -0.48701E+00   -0.86658E-01   -0.22759E-02    0.63104E-02   -0.12287E-01    0.36253E-05    0.68593E-04    0.77720E-01    0.11825E+00   -0.50855E-02   -0.10698E-01   -0.23321E-01   -0.35996E-02    0.64096E-02    0.35434E-02   -0.25532E-01   -0.10856E-01    0.34061E-02    0.14659E-01    0.28810E-01   -0.13974E-01    0.14572E-01    0.25000E-01   -0.11983E-01    0.28896E-01   -0.14777E-01   -0.28099E-01   -0.12394E-01   -0.20870E-01    0.36735E+00    0.30038E+00   -0.67616E-02    0.17974E+00    0.54776E+00    0.15752E-01    0.19757E-01   -0.49123E-02   -0.50784E-02   -0.63581E-02    0.62727E-03    0.53233E-04    0.68769E-03   -0.20104E-04   -0.29962E-03    0.32678E-04    0.14026E-02
   -0.61572E-06   -0.75876E-03   -0.13540E-04   -0.18456E-02   -0.23719E-02   -0.62249E-01   -0.20028E-02   -0.58102E-02   -0.22361E+01   -0.23046E+01    0.17462E+02   -0.90482E-01   -0.11314E+02   -0.37086E+00   -0.13132E+00    0.87262E-02   -0.19115E+00   -0.85651E-05    0.21958E-03    0.11304E+00    0.90599E+00   -0.10694E+00    0.68573E-01   -0.59225E-01   -0.39057E-01    0.73196E-02   -0.32373E-01   -0.18342E+00   -0.30244E-02   -0.16800E+00    0.12274E+00    0.21062E+00    0.41164E+00    0.27026E-01   -0.49945E-01    0.68566E-01    0.16086E+00   -0.10220E-01   -0.17060E+00   -0.11654E+00   -0.31131E+00    0.30038E+00    0.15369E+02    0.40819E-01    0.39955E+00    0.59726E+01   -0.22439E-02   -0.26214E-01   -0.13809E-01   -0.70368E-02    0.65779E-02    0.21794E-02    0.19809E-01    0.33139E-02    0.11545E-01    0.12938E-02    0.34588E-02   -0.60968E-02
    0.73212E-05   -0.20179E-03    0.40216E-04   -0.19984E-03   -0.10012E-01   -0.16059E-01   -0.33978E-03   -0.56148E-03    0.12814E+01    0.89668E+00   -0.12820E+01   -0.17940E+00    0.34140E+00   -0.71137E+00   -0.50100E-02   -0.12009E-01    0.75049E-02    0.99326E-05    0.10588E-03   -0.13333E-01    0.12279E+00   -0.40393E-01    0.43665E-01    0.11286E-01    0.14751E-01    0.19075E-02    0.76840E-01   -0.32431E-01   -0.27337E-02    0.32217E-01   -0.10863E-01    0.23874E-01    0.16441E-02   -0.13390E-02   -0.16254E-01    0.24274E-02    0.70123E-01    0.27205E-01   -0.33241E-01    0.11471E-01    0.33495E-01   -0.67616E-02    0.40819E-01    0.21420E+01   -0.51338E-01    0.22198E+00   -0.90594E-01   -0.10908E+00   -0.59051E-02    0.70211E-02   -0.49508E-02   -0.50994E-03    0.16912E-02   -0.51934E-03    0.18457E-02    0.53872E-03    0.22603E-03    0.32936E-03
   -0.10248E-05   -0.42197E-03    0.44506E-04   -0.90103E-05   -0.40398E-02   -0.27411E-01   -0.80101E-03   -0.92136E-03   -0.18363E+00   -0.48761E+00    0.47408E+00    0.33279E-02   -0.71993E+00   -0.66402E-01   -0.35077E-02    0.49644E-02   -0.12585E-01    0.17456E-05    0.31628E-04    0.63569E-01    0.20637E+00   -0.14554E-01   -0.21228E-01   -0.28332E-01    0.61361E-02    0.10080E-01    0.92474E-03   -0.10816E-01   -0.15606E-01   -0.17202E-02    0.72811E-03    0.35231E-01   -0.15178E-02   -0.12378E-01    0.17535E-01   -0.11902E-01    0.29605E-01   -0.71791E-02   -0.21240E-01   -0.21414E-02   -0.30402E-01    0.17974E+00    0.39955E+00   -0.51338E-01    0.26551E+00    0.40171E+00    0.11758E-01    0.19946E-01   -0.68953E-03   -0.37472E-03   -0.85822E-03    0.26701E-03   -0.26297E-04    0.26494E-03   -0.28127E-03    0.56915E-03    0.47662E-03    0.54307E-03
