# omegabh2 omegach2 theta tau nnu logA ns aps100 aps143 aps217 acib143 acib217 asz143 psr cibr ncib xi aksz cal0 cal2 calTE calEE bm_1_1
    0.5861748E-07    0.4192175E-06   -0.4168195E-07    0.1069057E-05    0.4139299E-04    0.3312901E-05    0.1961584E-05    0.6917971E-03    0.3230372E-05   -0.2083554E-03    0.5940586E-04    0.1690179E-03    0.4165393E-04    0.8942414E-06    0.3541166E-05    0.1779376E-05   -0.2419468E-05    0.3542791E-04   -0.1452588E-08   -0.4986654E-08    0.1484974E-06    0.1994276E-06    0.3558005E-05
    0.4192175E-06    0.1260214E-04   -0.1332750E-05    0.2154965E-05    0.7586886E-03    0.3662803E-04    0.2392364E-04    0.1730886E-01    0.5926076E-02   -0.4383972E-02    0.1885636E-02    0.5775033E-02    0.6777455E-03   -0.6123673E-05    0.1122596E-03    0.7279056E-04   -0.4466907E-04    0.1189957E-02   -0.1407671E-06    0.1364943E-07    0.3783629E-05    0.7296610E-05    0.1790972E-03
   -0.4168195E-07   -0.1332750E-05    0.2275770E-06   -0.3987196E-06   -0.8366717E-04   -0.4141602E-05   -0.2624205E-05   -0.2294928E-02   -0.6035279E-03    0.4394321E-03   -0.2072325E-03   -0.5861421E-03   -0.5725550E-04    0.1789292E-07   -0.1108446E-04   -0.7609597E-05    0.3583858E-05   -0.1560902E-03    0.8868509E-08   -0.6132688E-08   -0.4382213E-06   -0.8356977E-06   -0.1628975E-04
    0.1069057E-05    0.2154965E-05   -0.3987196E-06    0.1743293E-03    0.5889077E-03    0.3546413E-03    0.4389932E-04    0.5689891E-03    0.1797156E-02    0.8496624E-02   -0.3548478E-02   -0.4606735E-02   -0.1040417E-02    0.1626316E-04   -0.8710966E-04   -0.3331769E-04   -0.1291554E-04   -0.2006173E-02    0.1182987E-07    0.1775294E-06   -0.5876127E-05    0.8776044E-06   -0.9890283E-04
    0.4139299E-04    0.7586886E-03   -0.8366717E-04    0.5889077E-03    0.5554105E-01    0.3149320E-02    0.2105075E-02    0.1148226E+01    0.3462016E+00   -0.3855819E+00    0.1370518E+00    0.4196878E+00    0.5508525E-01   -0.1321003E-03    0.8198709E-02    0.5038207E-02   -0.3002168E-02    0.8264548E-01   -0.6639232E-05   -0.2275622E-09    0.2938741E-03    0.5651846E-03    0.9328086E-02
    0.3312901E-05    0.3662803E-04   -0.4141602E-05    0.3546413E-03    0.3149320E-02    0.8104941E-03    0.1500209E-03    0.4848388E-01    0.2256118E-01    0.1063898E-01   -0.4106064E-02    0.4113525E-02   -0.1090208E-02    0.1786694E-04    0.6434361E-04    0.1313758E-03   -0.1117941E-03   -0.2179216E-02   -0.2609613E-07    0.2057861E-05    0.4892933E-06    0.2494635E-04    0.7220789E-03
    0.1961584E-05    0.2392364E-04   -0.2624205E-05    0.4389932E-04    0.2105075E-02    0.1500209E-03    0.1024968E-03    0.2166396E-01    0.1064599E-01   -0.3748334E-02    0.1899255E-02    0.9102608E-02    0.1441845E-02    0.3654543E-04    0.1680486E-03    0.1255058E-03   -0.7077793E-04    0.2821354E-03   -0.4566874E-06    0.7319641E-06    0.1086179E-04    0.1971655E-04    0.3997146E-03
    0.6917971E-03    0.1730886E-01   -0.2294928E-02    0.5689891E-03    0.1148226E+01    0.4848388E-01    0.2166396E-01    0.2503520E+04    0.1177557E+03   -0.1089158E+03    0.4749657E+02    0.7465707E+02   -0.5772514E+02   -0.1063517E+01   -0.1203200E+01    0.6063330E+00   -0.1218310E+00   -0.1212775E+02    0.4332889E-02    0.4460468E-02    0.8840022E-02    0.1847684E-01    0.1149978E+02
    0.3230372E-05    0.5926076E-02   -0.6035279E-03    0.1797156E-02    0.3462016E+00    0.2256118E-01    0.1064599E-01    0.1177557E+03    0.1072613E+03    0.1723296E+02   -0.1061629E+02    0.6182791E+01   -0.8266966E+01   -0.2249574E+00    0.1235718E+00    0.9306068E-01    0.1028337E+01   -0.1159097E+02    0.2221144E-03    0.1569352E-02    0.5713462E-02    0.9518281E-02    0.1037577E+00
   -0.2083554E-03   -0.4383972E-02    0.4394321E-03    0.8496624E-02   -0.3855819E+00    0.1063898E-01   -0.3748334E-02   -0.1089158E+03    0.1723296E+02    0.2796569E+03   -0.2191535E+02   -0.1298702E+03    0.1945357E+01   -0.1170537E-01   -0.1410181E+01   -0.1733105E+01    0.5197808E+00   -0.9953265E+01   -0.3068546E-03   -0.1796050E-02   -0.6254341E-03   -0.2297925E-02    0.8919953E-01
    0.5940586E-04    0.1885636E-02   -0.2072325E-03   -0.3548478E-02    0.1370518E+00   -0.4106064E-02    0.1899255E-02    0.4749657E+02   -0.1061629E+02   -0.2191535E+02    0.1671057E+02    0.1448979E+02   -0.8746522E+00    0.1409743E-01    0.4071101E-02    0.1728750E+00    0.1232718E+00   -0.1312397E+01   -0.1417645E-03   -0.9053689E-03    0.2541108E-03    0.5913993E-03   -0.1873059E+00
    0.1690179E-03    0.5775033E-02   -0.5861421E-03   -0.4606735E-02    0.4196878E+00    0.4113525E-02    0.9102608E-02    0.7465707E+02    0.6182791E+01   -0.1298702E+03    0.1448979E+02    0.7282777E+02   -0.4670724E-01    0.5192732E-01    0.6977351E+00    0.1057024E+01   -0.2878810E+00   -0.1350832E+01    0.2774253E-03    0.4037283E-03    0.2823279E-02    0.5175349E-02    0.3564671E-01
    0.4165393E-04    0.6777455E-03   -0.5725550E-04   -0.1040417E-02    0.5508525E-01   -0.1090208E-02    0.1441845E-02   -0.5772514E+02   -0.8266966E+01    0.1945357E+01   -0.8746522E+00   -0.4670724E-01    0.6722489E+01    0.8734992E-01    0.2505970E+00    0.6726938E-02   -0.6869217E-01   -0.1412908E+00    0.7979337E-05   -0.9343909E-03   -0.1237846E-03    0.1756367E-04    0.1215457E+00
    0.8942414E-06   -0.6123673E-05    0.1789292E-07    0.1626316E-04   -0.1321003E-03    0.1786694E-04    0.3654543E-04   -0.1063517E+01   -0.2249574E+00   -0.1170537E-01    0.1409743E-01    0.5192732E-01    0.8734992E-01    0.1184716E-01   -0.5979676E-02    0.3996460E-02    0.6767322E-02   -0.1201166E-01    0.1259275E-05   -0.2085606E-04   -0.3437181E-05   -0.1032243E-04    0.9136509E-03
    0.3541166E-05    0.1122596E-03   -0.1108446E-04   -0.8710966E-04    0.8198709E-02    0.6434361E-04    0.1680486E-03   -0.1203200E+01    0.1235718E+00   -0.1410181E+01    0.4071101E-02    0.6977351E+00    0.2505970E+00   -0.5979676E-02    0.5515333E-01    0.1005456E-02    0.2752859E-02   -0.1444327E-01    0.2144483E-05    0.5188617E-04    0.4260518E-04    0.7146254E-04    0.4573798E-02
    0.1779376E-05    0.7279056E-04   -0.7609597E-05   -0.3331769E-04    0.5038207E-02    0.1313758E-03    0.1255058E-03    0.6063330E+00    0.9306068E-01   -0.1733105E+01    0.1728750E+00    0.1057024E+01    0.6726938E-02    0.3996460E-02    0.1005456E-02    0.2473165E-01   -0.2244212E-02   -0.7533330E-03    0.6967515E-05   -0.7826265E-04    0.4812319E-04    0.9041704E-04    0.6489456E-02
   -0.2419468E-05   -0.4466907E-04    0.3583858E-05   -0.1291554E-04   -0.3002168E-02   -0.1117941E-03   -0.7077793E-04   -0.1218310E+00    0.1028337E+01    0.5197808E+00    0.1232718E+00   -0.2878810E+00   -0.6869217E-01    0.6767322E-02    0.2752859E-02   -0.2244212E-02    0.8094153E-01    0.2136155E-03   -0.5008149E-05   -0.4951073E-07   -0.7957827E-05   -0.2017850E-05   -0.8806479E-03
    0.3542791E-04    0.1189957E-02   -0.1560902E-03   -0.2006173E-02    0.8264548E-01   -0.2179216E-02    0.2821354E-03   -0.1212775E+02   -0.1159097E+02   -0.9953265E+01   -0.1312397E+01   -0.1350832E+01   -0.1412908E+00   -0.1201166E-01   -0.1444327E-01   -0.7533330E-03    0.2136155E-03    0.8042740E+01   -0.2641924E-04   -0.1083236E-03   -0.9714714E-04    0.5792839E-03    0.5078853E-01
   -0.1452588E-08   -0.1407671E-06    0.8868509E-08    0.1182987E-07   -0.6639232E-05   -0.2609613E-07   -0.4566874E-06    0.4332889E-02    0.2221144E-03   -0.3068546E-03   -0.1417645E-03    0.2774253E-03    0.7979337E-05    0.1259275E-05    0.2144483E-05    0.6967515E-05   -0.5008149E-05   -0.2641924E-04    0.8869977E-06    0.1440805E-07    0.2246482E-06    0.2158410E-06   -0.9635906E-04
   -0.4986654E-08    0.1364943E-07   -0.6132688E-08    0.1775294E-06   -0.2275622E-09    0.2057861E-05    0.7319641E-06    0.4460468E-02    0.1569352E-02   -0.1796050E-02   -0.9053689E-03    0.4037283E-03   -0.9343909E-03   -0.2085606E-04    0.5188617E-04   -0.7826265E-04   -0.4951073E-07   -0.1083236E-03    0.1440805E-07    0.5714107E-05    0.1414264E-05    0.1359711E-05    0.2706990E-03
    0.1484974E-06    0.3783629E-05   -0.4382213E-06   -0.5876127E-05    0.2938741E-03    0.4892933E-06    0.1086179E-04    0.8840022E-02    0.5713462E-02   -0.6254341E-03    0.2541108E-03    0.2823279E-02   -0.1237846E-03   -0.3437181E-05    0.4260518E-04    0.4812319E-04   -0.7957827E-05   -0.9714714E-04    0.2246482E-06    0.1414264E-05    0.2357686E-04    0.1091989E-04    0.3731132E-03
    0.1994276E-06    0.7296610E-05   -0.8356977E-06    0.8776044E-06    0.5651846E-03    0.2494635E-04    0.1971655E-04    0.1847684E-01    0.9518281E-02   -0.2297925E-02    0.5913993E-03    0.5175349E-02    0.1756367E-04   -0.1032243E-04    0.7146254E-04    0.9041704E-04   -0.2017850E-05    0.5792839E-03    0.2158410E-06    0.1359711E-05    0.1091989E-04    0.2658279E-04    0.4808631E-03
    0.3558005E-05    0.1790972E-03   -0.1628975E-04   -0.9890283E-04    0.9328086E-02    0.7220789E-03    0.3997146E-03    0.1149978E+02    0.1037577E+00    0.8919953E-01   -0.1873059E+00    0.3564671E-01    0.1215457E+00    0.9136509E-03    0.4573798E-02    0.6489456E-02   -0.8806479E-03    0.5078853E-01   -0.9635906E-04    0.2706990E-03    0.3731132E-03    0.4808631E-03    0.2487914E+00
