# omegabh2 omegach2 theta tau nnu logA ns acib217 acibsz143 asz143 aps100 aps143 aps143217 aps217 aksz kgal100 t1gal143 t1gal143217 t1gal217 calib_100T calib_217T
    0.9554384E-07    0.4294136E-06   -0.1239504E-07    0.1703992E-05    0.5101912E-04    0.4413462E-05    0.2586953E-05    0.3047537E-04   -0.4295863E-05    0.2124263E-04   -0.3625475E-03   -0.3490124E-03   -0.3290440E-03   -0.3557780E-03    0.3076309E-04    0.1457238E-02    0.1081390E-02    0.1168912E-02    0.1207939E-02   -0.7905429E-07   -0.1487663E-07
    0.4294136E-06    0.1556143E-04   -0.1380717E-05    0.1940616E-06    0.8659318E-03    0.3546925E-04    0.2236518E-04    0.7354872E-02    0.3193306E-02    0.4258477E-03    0.6745011E-02    0.1190998E-02   -0.5423062E-02   -0.7084161E-02    0.1428567E-02    0.1137618E-01    0.1145577E-01    0.1268849E-01    0.1315886E-01   -0.5714916E-06   -0.3794522E-06
   -0.1239504E-07   -0.1380717E-05    0.3176233E-06    0.5622003E-06   -0.7454714E-04   -0.1857024E-05   -0.1519079E-05   -0.7565432E-03   -0.3253216E-03   -0.2408325E-04   -0.9053274E-03   -0.3133651E-03    0.3891373E-03    0.5757840E-03   -0.8723425E-04   -0.5454384E-03   -0.6404146E-03   -0.7566946E-03   -0.8246223E-03    0.2965438E-07    0.4361789E-07
    0.1703992E-05    0.1940616E-06    0.5622003E-06    0.2174318E-03    0.8607136E-03    0.4384152E-03    0.6943433E-04   -0.5438302E-02   -0.3504198E-02   -0.1912445E-02    0.8461111E-02    0.3620245E-02    0.7115158E-02    0.5934643E-02   -0.2980184E-03   -0.9964523E-02   -0.1190522E-01   -0.1297607E-01   -0.1290275E-01    0.4130263E-06    0.9994042E-08
    0.5101912E-04    0.8659318E-03   -0.7454714E-04    0.8607136E-03    0.6731193E-01    0.3698743E-02    0.2476064E-02    0.5358114E+00    0.2268058E+00    0.3614407E-01    0.5786823E+00    0.1624595E-01   -0.4436287E+00   -0.5655025E+00    0.1191106E+00    0.6439641E+00    0.7076083E+00    0.8176238E+00    0.8571044E+00   -0.3338291E-04   -0.3089787E-04
    0.4413462E-05    0.3546925E-04   -0.1857024E-05    0.4384152E-03    0.3698743E-02    0.9795726E-03    0.1890365E-03    0.6287519E-02   -0.2370770E-03   -0.3966450E-02    0.5927378E-01    0.2655206E-01    0.1670611E-01    0.8979283E-02    0.1844643E-02   -0.2174652E-01   -0.5241809E-01   -0.5233668E-01   -0.5120498E-01   -0.3140110E-05   -0.9993845E-06
    0.2586953E-05    0.2236518E-04   -0.1519079E-05    0.6943433E-04    0.2476064E-02    0.1890365E-03    0.1264618E-03    0.8904457E-02    0.2823554E-02   -0.2684918E-03    0.1413587E-01    0.4608403E-02   -0.4087692E-02   -0.8253096E-02    0.1703686E-02    0.1958361E-01    0.2000821E-01    0.2332887E-01    0.2542578E-01   -0.7693879E-06   -0.9354373E-06
    0.3047537E-04    0.7354872E-02   -0.7565432E-03   -0.5438302E-02    0.5358114E+00    0.6287519E-02    0.8904457E-02    0.7409577E+02    0.2912800E+02    0.1382300E+01    0.2444985E+02   -0.2007237E+02   -0.7227343E+02   -0.8807380E+02   -0.2168673E+01   -0.9845280E+01   -0.2189724E+02   -0.2610721E+02   -0.2975606E+02   -0.2596072E-03   -0.3623302E-02
   -0.4295863E-05    0.3193306E-02   -0.3253216E-03   -0.3504198E-02    0.2268058E+00   -0.2370770E-03    0.2823554E-02    0.2912800E+02    0.2059020E+02    0.2517502E+01   -0.8132782E+01   -0.2311369E+02   -0.4824457E+02   -0.2976116E+02   -0.1042546E+01   -0.7283892E+01   -0.1222346E+02   -0.1921235E+02   -0.2046495E+02   -0.6164573E-04   -0.2845429E-03
    0.2124263E-04    0.4258477E-03   -0.2408325E-04   -0.1912445E-02    0.3614407E-01   -0.3966450E-02   -0.2684918E-03    0.1382300E+01    0.2517502E+01    0.5619140E+01   -0.3722716E+02   -0.1623468E+02   -0.5720179E+01   -0.1836087E+01   -0.9423352E-01   -0.2049744E+01    0.2343522E+00    0.4132292E+01    0.4849151E+01   -0.8740336E-04    0.1279871E-03
   -0.3625475E-03    0.6745011E-02   -0.9053274E-03    0.8461111E-02    0.5786823E+00    0.5927378E-01    0.1413587E-01    0.2444985E+02   -0.8132782E+01   -0.3722716E+02    0.7695353E+03    0.1788077E+03    0.7079480E+02    0.1847579E+02   -0.1119586E+02   -0.7938485E+02   -0.6671981E+02   -0.7661386E+02   -0.7611199E+02   -0.4393090E-02   -0.3359115E-02
   -0.3490124E-03    0.1190998E-02   -0.3133651E-03    0.3620245E-02    0.1624595E-01    0.2655206E-01    0.4608403E-02   -0.2007237E+02   -0.2311369E+02   -0.1623468E+02    0.1788077E+03    0.1242258E+03    0.1011791E+03    0.5983864E+02   -0.1071634E+02   -0.2340615E+02   -0.4650419E+02   -0.4133341E+02   -0.3878414E+02   -0.1654523E-02   -0.1008169E-02
   -0.3290440E-03   -0.5423062E-02    0.3891373E-03    0.7115158E-02   -0.4436287E+00    0.1670611E-01   -0.4087692E-02   -0.7227343E+02   -0.4824457E+02   -0.5720179E+01    0.7079480E+02    0.1011791E+03    0.1629560E+03    0.1208068E+03   -0.8939185E+01   -0.1792416E+02   -0.2883821E+02   -0.1847525E+02   -0.1839411E+02   -0.1710530E-02    0.1908597E-02
   -0.3557780E-03   -0.7084161E-02    0.5757840E-03    0.5934643E-02   -0.5655025E+00    0.8979283E-02   -0.8253096E-02   -0.8807380E+02   -0.2976116E+02   -0.1836087E+01    0.1847579E+02    0.5983864E+02    0.1208068E+03    0.1565251E+03   -0.8761173E+01   -0.2302672E+02   -0.3295299E+02   -0.4069030E+02   -0.4403693E+02   -0.1603206E-02    0.6241146E-02
    0.3076309E-04    0.1428567E-02   -0.8723425E-04   -0.2980184E-03    0.1191106E+00    0.1844643E-02    0.1703686E-02   -0.2168673E+01   -0.1042546E+01   -0.9423352E-01   -0.1119586E+02   -0.1071634E+02   -0.8939185E+01   -0.8761173E+01    0.8226480E+01   -0.1738641E+01   -0.1585420E+01   -0.2152918E+01   -0.2762958E+01    0.4198341E-04    0.2311310E-03
    0.1457238E-02    0.1137618E-01   -0.5454384E-03   -0.9964523E-02    0.6439641E+00   -0.2174652E-01    0.1958361E-01   -0.9845280E+01   -0.7283892E+01   -0.2049744E+01   -0.7938485E+02   -0.2340615E+02   -0.1792416E+02   -0.2302672E+02   -0.1738641E+01    0.2472574E+03    0.1671180E+03    0.1676593E+03    0.1665486E+03   -0.1349770E-01   -0.2034109E-04
    0.1081390E-02    0.1145577E-01   -0.6404146E-03   -0.1190522E-01    0.7076083E+00   -0.5241809E-01    0.2000821E-01   -0.2189724E+02   -0.1222346E+02    0.2343522E+00   -0.6671981E+02   -0.4650419E+02   -0.2883821E+02   -0.3295299E+02   -0.1585420E+01    0.1671180E+03    0.2961724E+03    0.3025958E+03    0.3023482E+03    0.9129025E-02    0.8088232E-03
    0.1168912E-02    0.1268849E-01   -0.7566946E-03   -0.1297607E-01    0.8176238E+00   -0.5233668E-01    0.2332887E-01   -0.2610721E+02   -0.1921235E+02    0.4132292E+01   -0.7661386E+02   -0.4133341E+02   -0.1847525E+02   -0.4069030E+02   -0.2152918E+01    0.1676593E+03    0.3025958E+03    0.3483774E+03    0.3736310E+03    0.8876530E-02   -0.4584832E-02
    0.1207939E-02    0.1315886E-01   -0.8246223E-03   -0.1290275E-01    0.8571044E+00   -0.5120498E-01    0.2542578E-01   -0.2975606E+02   -0.2046495E+02    0.4849151E+01   -0.7611199E+02   -0.3878414E+02   -0.1839411E+02   -0.4403693E+02   -0.2762958E+01    0.1665486E+03    0.3023482E+03    0.3736310E+03    0.4242889E+03    0.8758259E-02   -0.9385466E-02
   -0.7905429E-07   -0.5714916E-06    0.2965438E-07    0.4130263E-06   -0.3338291E-04   -0.3140110E-05   -0.7693879E-06   -0.2596072E-03   -0.6164573E-04   -0.8740336E-04   -0.4393090E-02   -0.1654523E-02   -0.1710530E-02   -0.1603206E-02    0.4198341E-04   -0.1349770E-01    0.9129025E-02    0.8876530E-02    0.8758259E-02    0.3106531E-05    0.6363391E-07
   -0.1487663E-07   -0.3794522E-06    0.4361789E-07    0.9994042E-08   -0.3089787E-04   -0.9993845E-06   -0.9354373E-06   -0.3623302E-02   -0.2845429E-03    0.1279871E-03   -0.3359115E-02   -0.1008169E-02    0.1908597E-02    0.6241146E-02    0.2311310E-03   -0.2034109E-04    0.8088232E-03   -0.4584832E-02   -0.9385466E-02    0.6363391E-07    0.1442576E-05
