# omegabh2 omegach2 theta tau omegak logA ns calPlanck aps100 aps143 aps217 acib217 asz143 psr cibr xi aksz dust100 dust143 dust217 dust143x217 cal0 cal2
  7.6422103E-08  -3.9733954E-07   8.3216779E-08   2.9824558E-07  -3.8290840E-06  -7.5206306E-08   1.2317536E-06   1.9261604E-08  -1.5068834E-03  -9.9642659E-04   2.6120724E-04  -4.4678593E-04   6.3192139E-05   5.2106570E-06  -9.5072058E-06   5.6191306E-06  -1.0697435E-04   2.3250572E-07  -1.5425095E-06   1.9244737E-06  -4.4761316E-07   9.7679176E-09  -3.4044068E-08
 -3.9733954E-07   5.1748648E-06  -6.3681251E-07  -2.6488984E-06   2.6722600E-05   6.1067503E-06  -1.2664771E-05  -6.9177141E-08   6.1865481E-03   4.7212386E-03  -4.2482102E-04   1.8445550E-03  -2.1591865E-04  -1.9466557E-05   3.8182926E-05  -3.0967050E-05   2.9557153E-04  -7.3808419E-06  -4.2339338E-06  -6.8229429E-06   3.3542911E-06  -3.1481530E-08   1.5830296E-07
  8.3216779E-08  -6.3681251E-07   2.6837455E-07   5.6853615E-07  -4.7671686E-06   2.3217405E-08   1.8853941E-06   1.7531104E-08  -1.2194076E-03  -8.6215794E-04   8.0199911E-05  -3.1887734E-04   4.6071575E-05   3.1313483E-06  -5.2921196E-06   6.2019436E-06  -6.5429081E-05   6.5459842E-07  -1.2638419E-06   8.8100467E-07  -2.3669931E-06   1.5710360E-08  -1.8708175E-08
  2.9824558E-07  -2.6488984E-06   5.6853615E-07   6.6903861E-05   3.4735752E-05   1.2753030E-04   8.6310964E-06  -2.6349116E-07  -4.2957223E-03  -4.6209648E-03   2.1989803E-03  -2.8565381E-03  -1.0865923E-04   2.5907824E-05  -1.4068486E-04  -2.8196835E-05  -2.6918317E-04  -3.9922286E-05  -5.4261562E-06   1.5869404E-05   2.4217881E-05  -9.0385068E-08  -1.8186954E-07
 -3.8290840E-06   2.6722600E-05  -4.7671686E-06   3.4735752E-05   6.4573797E-04   1.2377508E-04  -8.4661695E-05   1.8970503E-06   1.3709410E-01   7.3384765E-02  -1.5901627E-02   3.2884630E-02  -4.4822767E-03  -2.5910579E-04   4.8114611E-04  -4.0698913E-04   8.0803316E-03  -1.0495451E-04   2.1344567E-04  -1.2631776E-04   1.9789078E-04  -1.9524972E-07   2.7892980E-06
 -7.5206306E-08   6.1067503E-06   2.3217405E-08   1.2753030E-04   1.2377508E-04   2.9646394E-04  -1.1648187E-05   1.1573580E-05   4.8792083E-03   4.7847831E-04   1.2004464E-02  -3.7277466E-03  -1.7483580E-04   6.8293784E-05  -2.5852062E-04  -6.4048084E-05  -8.4576963E-04  -1.1721352E-04  -1.2345825E-04   4.2189675E-05   3.4595351E-05   3.5757454E-07  -4.1769371E-08
  1.2317536E-06  -1.2664771E-05   1.8853941E-06   8.6310964E-06  -8.4661695E-05  -1.1648187E-05   4.3324498E-05   2.5362130E-07  -4.2979668E-02  -2.1381724E-02   1.0579458E-02  -1.1806208E-02   1.2229889E-03   1.3293892E-04  -2.2539060E-04   1.4187544E-04  -3.0020549E-03   2.9893277E-05  -2.2736725E-05   5.6599344E-05  -2.7265219E-05  -3.4203618E-07  -8.0984201E-07
  1.9261604E-08  -6.9177141E-08   1.7531104E-08  -2.6349116E-07   1.8970503E-06   1.1573580E-05   2.5362130E-07   6.1531561E-06   2.0854477E-03   1.3049773E-04   1.4787382E-03   3.9682132E-04   1.3245592E-04   1.0300921E-05   2.8372073E-06   9.2114162E-06   1.0830225E-04  -1.2657762E-06   3.6917728E-06   7.4357885E-06   1.0235865E-06  -4.2049835E-08   2.6975229E-09
 -1.5068834E-03   6.1865481E-03  -1.2194076E-03  -4.2957223E-03   1.3709410E-01   4.8792083E-03  -4.2979668E-02   2.0854477E-03   6.5405396E+02   7.5884841E+01  -6.8328699E+01   4.3269191E+01  -2.6176959E+01  -1.0586503E+00   6.4784319E-02  -4.1930297E-01   1.3405032E+01  -2.2636804E-01   3.4035942E-01  -3.0258566E-01  -1.5049847E-01   7.3754839E-03   4.7057581E-03
 -9.9642659E-04   4.7212386E-03  -8.6215794E-04  -4.6209648E-03   7.3384765E-02   4.7847831E-04  -2.1381724E-02   1.3049773E-04   7.5884841E+01   7.6430841E+01   7.3796346E+00   1.1374493E+01  -1.1017776E+00  -1.4266369E-01   5.3789831E-01   7.9665220E-01  -6.6365770E+00  -3.1471859E-02  -1.9106738E-01   1.7334613E-02   6.3677000E-02   8.7162443E-04   1.0057155E-03
  2.6120724E-04  -4.2482102E-04   8.0199911E-05   2.1989803E-03  -1.5901627E-02   1.2004464E-02   1.0579458E-02   1.4787382E-03  -6.8328699E+01   7.3796346E+00   1.7071630E+02  -7.9344310E+01   4.2410089E+00   3.6022504E-01  -9.9142165E-01   3.6022875E-01  -9.3056401E+00  -4.7283762E-03  -2.5173715E-01   5.4101053E-01  -7.4624041E-02   1.3850324E-03  -7.3458947E-03
 -4.4678593E-04   1.8445550E-03  -3.1887734E-04  -2.8565381E-03   3.2884630E-02  -3.7277466E-03  -1.1806208E-02   3.9682132E-04   4.3269191E+01   1.1374493E+01  -7.9344310E+01   4.9986622E+01   2.8099101E-01  -7.3075885E-02   7.1069729E-01  -2.6135211E-01  -7.9673737E-01  -2.4415539E-03   1.4010334E-01  -4.3541732E-01  -6.6584232E-02  -4.2085488E-04   3.0706085E-03
  6.3192139E-05  -2.1591865E-04   4.6071575E-05  -1.0865923E-04  -4.4822767E-03  -1.7483580E-04   1.2229889E-03   1.3245592E-04  -2.6176959E+01  -1.1017776E+00   4.2410089E+00   2.8099101E-01   4.1320837E+00   1.1562064E-01   1.2408631E-01  -2.5033880E-02  -3.2846353E+00  -7.7100628E-03  -2.0611802E-02   1.6915923E-02   5.6012375E-02   4.4490055E-04  -3.0723430E-04
  5.2106570E-06  -1.9466557E-05   3.1313483E-06   2.5907824E-05  -2.5910579E-04   6.8293784E-05   1.3293892E-04   1.0300921E-05  -1.0586503E+00  -1.4266369E-01   3.6022504E-01  -7.3075885E-02   1.1562064E-01   1.8480193E-02  -1.8116203E-02   1.1533614E-02  -1.0993960E-01  -6.5081146E-04  -1.5445399E-03  -2.5103709E-03   5.0242915E-03   1.8947563E-05  -3.6283928E-05
 -9.5072058E-06   3.8182926E-05  -5.2921196E-06  -1.4068486E-04   4.8114611E-04  -2.5852062E-04  -2.2539060E-04   2.8372073E-06   6.4784319E-02   5.3789831E-01  -9.9142165E-01   7.1069729E-01   1.2408631E-01  -1.8116203E-02   6.9676241E-02   3.8602876E-03  -1.1611173E-01   4.3988533E-04   6.4601372E-03  -7.5372739E-04  -1.7698078E-02  -1.2375588E-05   8.7967130E-05
  5.6191306E-06  -3.0967050E-05   6.2019436E-06  -2.8196835E-05  -4.0698913E-04  -6.4048084E-05   1.4187544E-04   9.2114162E-06  -4.1930297E-01   7.9665220E-01   3.6022875E-01  -2.6135211E-01  -2.5033880E-02   1.1533614E-02   3.8602876E-03   8.2109478E-02   2.5125691E-02  -8.1574982E-04   1.0474724E-03   8.2619003E-04   2.7257444E-04   1.2254211E-05  -1.1546574E-05
 -1.0697435E-04   2.9557153E-04  -6.5429081E-05  -2.6918317E-04   8.0803316E-03  -8.4576963E-04  -3.0020549E-03   1.0830225E-04   1.3405032E+01  -6.6365770E+00  -9.3056401E+00  -7.9673737E-01  -3.2846353E+00  -1.0993960E-01  -1.1611173E-01   2.5125691E-02   7.0178953E+00   2.7703186E-03   1.8056043E-02  -1.4120942E-02  -4.8991536E-02  -3.7236943E-04   1.6861658E-04
  2.3250572E-07  -7.3808419E-06   6.5459842E-07  -3.9922286E-05  -1.0495451E-04  -1.1721352E-04   2.9893277E-05  -1.2657762E-06  -2.2636804E-01  -3.1471859E-02  -4.7283762E-03  -2.4415539E-03  -7.7100628E-03  -6.5081146E-04   4.3988533E-04  -8.1574982E-04   2.7703186E-03   3.7853188E-02   2.4305667E-03   3.4591351E-04   4.3330340E-04   3.3694246E-05   2.7396400E-06
 -1.5425095E-06  -4.2339338E-06  -1.2638419E-06  -5.4261562E-06   2.1344567E-04  -1.2345825E-04  -2.2736725E-05   3.6917728E-06   3.4035942E-01  -1.9106738E-01  -2.5173715E-01   1.4010334E-01  -2.0611802E-02  -1.5445399E-03   6.4601372E-03   1.0474724E-03   1.8056043E-02   2.4305667E-03   3.0447723E-02  -3.9930573E-04   5.8699404E-03  -8.1413267E-05  -3.9649493E-05
  1.9244737E-06  -6.8229429E-06   8.8100467E-07   1.5869404E-05  -1.2631776E-04   4.2189675E-05   5.6599344E-05   7.4357885E-06  -3.0258566E-01   1.7334613E-02   5.4101053E-01  -4.3541732E-01   1.6915923E-02  -2.5103709E-03  -7.5372739E-04   8.2619003E-04  -1.4120942E-02   3.4591351E-04  -3.9930573E-04   1.0324062E-02   8.2097926E-03   4.1518119E-06   6.0096713E-05
 -4.4761316E-07   3.3542911E-06  -2.3669931E-06   2.4217881E-05   1.9789078E-04   3.4595351E-05  -2.7265219E-05   1.0235865E-06  -1.5049847E-01   6.3677000E-02  -7.4624041E-02  -6.6584232E-02   5.6012375E-02   5.0242915E-03  -1.7698078E-02   2.7257444E-04  -4.8991536E-02   4.3330340E-04   5.8699404E-03   8.2097926E-03   2.6675305E-02   3.9104806E-08   6.1935525E-05
  9.7679176E-09  -3.1481530E-08   1.5710360E-08  -9.0385068E-08  -1.9524972E-07   3.5757454E-07  -3.4203618E-07  -4.2049835E-08   7.3754839E-03   8.7162443E-04   1.3850324E-03  -4.2085488E-04   4.4490055E-04   1.8947563E-05  -1.2375588E-05   1.2254211E-05  -3.7236943E-04   3.3694246E-05  -8.1413267E-05   4.1518119E-06   3.9104806E-08   1.1339876E-06   7.4009746E-08
 -3.4044068E-08   1.5830296E-07  -1.8708175E-08  -1.8186954E-07   2.7892980E-06  -4.1769371E-08  -8.0984201E-07   2.6975229E-09   4.7057581E-03   1.0057155E-03  -7.3458947E-03   3.0706085E-03  -3.0723430E-04  -3.6283928E-05   8.7967130E-05  -1.1546574E-05   1.6861658E-04   2.7396400E-06  -3.9649493E-05   6.0096713E-05   6.1935525E-05   7.4009746E-08   2.4120468E-06
