# omegabh2 omegach2 theta tau yhe ns logA aps100 aps143 aps217 acib143 acib217 asz143 psr cibr ncib cal0 cal2 xi aksz bm_1_1
    0.13381E-06   -0.52888E-06    0.28962E-06    0.20305E-05    0.56036E-05    0.35798E-05    0.44600E-05    0.13145E-02    0.20814E-03   -0.32185E-03    0.11801E-03    0.27962E-03    0.54110E-04   -0.78102E-06    0.78881E-05   -0.28888E-06    0.50400E-09    0.10628E-07   -0.26242E-05    0.84651E-04    0.54142E-05
   -0.52888E-06    0.70708E-05   -0.11604E-05   -0.13765E-04   -0.12516E-04   -0.20483E-04   -0.13953E-04    0.24702E-02    0.21408E-02    0.26297E-02   -0.77397E-03   -0.74695E-03   -0.68282E-04    0.56044E-05   -0.18720E-04    0.67464E-05   -0.33047E-07    0.56905E-07    0.15185E-04   -0.36299E-03    0.13034E-03
    0.28962E-06   -0.11604E-05    0.12066E-05    0.48706E-05    0.21325E-04    0.11281E-04    0.12981E-04    0.86841E-02    0.30063E-02   -0.15253E-02    0.85104E-03    0.21179E-02    0.18362E-03   -0.51695E-05    0.47919E-04    0.76643E-06    0.19893E-08    0.72293E-07   -0.13783E-04    0.47518E-03    0.37490E-04
    0.20305E-05   -0.13765E-04    0.48706E-05    0.21187E-03    0.89147E-04    0.80692E-04    0.41426E-03   -0.19694E-01    0.23305E-02    0.77276E-02   -0.15739E-02   -0.29703E-02   -0.23110E-03    0.86639E-05   -0.79218E-04   -0.24787E-06   -0.10445E-08   -0.10333E-06    0.78662E-05   -0.16917E-03   -0.14501E-03
    0.56036E-05   -0.12516E-04    0.21325E-04    0.89147E-04    0.55847E-03    0.24222E-03    0.29822E-03    0.24489E+00    0.91588E-01   -0.30917E-01    0.21191E-01    0.56051E-01    0.41835E-02   -0.12352E-03    0.12909E-02    0.35035E-04   -0.11022E-06    0.21145E-05   -0.38482E-03    0.11761E-01    0.13651E-02
    0.35798E-05   -0.20483E-04    0.11281E-04    0.80692E-04    0.24222E-03    0.15892E-03    0.17746E-03    0.43351E-01    0.30023E-01    0.22588E-02    0.31770E-02    0.11793E-01    0.10027E-02   -0.20044E-05    0.26053E-03    0.23098E-04   -0.49323E-10    0.79623E-06   -0.93263E-04    0.26854E-02    0.45220E-03
    0.44600E-05   -0.13953E-04    0.12981E-04    0.41426E-03    0.29822E-03    0.17746E-03    0.88306E-03    0.25285E-01    0.39915E-01    0.27795E-01   -0.36820E-02    0.15028E-02   -0.55961E-03    0.42344E-04   -0.55196E-04    0.68966E-04   -0.55875E-07    0.10035E-05   -0.18871E-04    0.40367E-03    0.10589E-02
    0.13145E-02    0.24702E-02    0.86841E-02   -0.19694E-01    0.24489E+00    0.43351E-01    0.25285E-01    0.36636E+04    0.15338E+03   -0.16125E+03    0.82329E+02    0.12757E+03   -0.63178E+02   -0.98790E+00    0.38078E+00    0.56267E+00    0.33538E-03    0.80005E-03   -0.20595E+00   -0.11569E+02    0.17278E+02
    0.20814E-03    0.21408E-02    0.30063E-02    0.23305E-02    0.91588E-01    0.30023E-01    0.39915E-01    0.15338E+03    0.21313E+03    0.29737E+02   -0.35233E+02    0.96237E+01   -0.82026E+01   -0.99477E-01    0.26116E+00    0.83813E-01    0.28729E-04    0.14725E-02    0.12556E+01   -0.11506E+02    0.74897E+00
   -0.32185E-03    0.26297E-02   -0.15253E-02    0.77276E-02   -0.30917E-01    0.22588E-02    0.27795E-01   -0.16125E+03    0.29737E+02    0.32153E+03   -0.33469E+02   -0.13670E+03   -0.21811E+00    0.10840E+00   -0.19059E+01   -0.91093E+00    0.46683E-04   -0.35174E-02    0.57921E+00   -0.99035E+01    0.11853E+01
    0.11801E-03   -0.77397E-03    0.85104E-03   -0.15739E-02    0.21191E-01    0.31770E-02   -0.36820E-02    0.82329E+02   -0.35233E+02   -0.33469E+02    0.31761E+02    0.19910E+02   -0.10466E+01   -0.33983E-01    0.18749E+00    0.62284E-01   -0.62259E-04   -0.17444E-03    0.10598E+00   -0.44477E+00   -0.46432E+00
    0.27962E-03   -0.74695E-03    0.21179E-02   -0.29703E-02    0.56051E-01    0.11793E-01    0.15028E-02    0.12757E+03    0.96237E+01   -0.13670E+03    0.19910E+02    0.74009E+02    0.48050E+00   -0.11755E-01    0.96155E+00    0.57372E+00   -0.34175E-04    0.18897E-02   -0.33916E+00   -0.88832E+00   -0.29635E+00
    0.54110E-04   -0.68282E-04    0.18362E-03   -0.23110E-03    0.41835E-02    0.10027E-02   -0.55961E-03   -0.63178E+02   -0.82026E+01   -0.21811E+00   -0.10466E+01    0.48050E+00    0.78062E+01    0.33484E-01    0.28163E+00   -0.37901E-01    0.10144E-04   -0.13779E-03   -0.60618E-01   -0.20225E-01    0.15138E+00
   -0.78102E-06    0.56044E-05   -0.51695E-05    0.86639E-05   -0.12352E-03   -0.20044E-05    0.42344E-04   -0.98790E+00   -0.99477E-01    0.10840E+00   -0.33983E-01   -0.11755E-01    0.33484E-01    0.66112E-02   -0.62982E-02    0.48757E-02    0.36031E-06   -0.97835E-05    0.40181E-02   -0.11857E-01    0.45239E-02
    0.78881E-05   -0.18720E-04    0.47919E-04   -0.79218E-04    0.12909E-02    0.26053E-03   -0.55196E-04    0.38078E+00    0.26116E+00   -0.19059E+01    0.18749E+00    0.96155E+00    0.28163E+00   -0.62982E-02    0.49147E-01   -0.53700E-02   -0.47356E-06    0.43245E-04   -0.41731E-03   -0.42198E-02   -0.75264E-02
   -0.28888E-06    0.67464E-05    0.76643E-06   -0.24787E-06    0.35035E-04    0.23098E-04    0.68966E-04    0.56267E+00    0.83813E-01   -0.91093E+00    0.62284E-01    0.57372E+00   -0.37901E-01    0.48757E-02   -0.53700E-02    0.15988E-01    0.54259E-06   -0.19585E-05   -0.17912E-02   -0.86820E-02    0.89883E-02
    0.50400E-09   -0.33047E-07    0.19893E-08   -0.10445E-08   -0.11022E-06   -0.49323E-10   -0.55875E-07    0.33538E-03    0.28729E-04    0.46683E-04   -0.62259E-04   -0.34175E-04    0.10144E-04    0.36031E-06   -0.47356E-06    0.54259E-06    0.15942E-06   -0.10536E-08   -0.88971E-06    0.43735E-05   -0.19240E-04
    0.10628E-07    0.56905E-07    0.72293E-07   -0.10333E-06    0.21145E-05    0.79623E-06    0.10035E-05    0.80005E-03    0.14725E-02   -0.35174E-02   -0.17444E-03    0.18897E-02   -0.13779E-03   -0.97835E-05    0.43245E-04   -0.19585E-05   -0.10536E-08    0.18789E-05   -0.77750E-05   -0.40942E-05    0.99418E-04
   -0.26242E-05    0.15185E-04   -0.13783E-04    0.78662E-05   -0.38482E-03   -0.93263E-04   -0.18871E-04   -0.20595E+00    0.12556E+01    0.57921E+00    0.10598E+00   -0.33916E+00   -0.60618E-01    0.40181E-02   -0.41731E-03   -0.17912E-02   -0.88971E-06   -0.77750E-05    0.82248E-01    0.43998E-02    0.12660E-02
    0.84651E-04   -0.36299E-03    0.47518E-03   -0.16917E-03    0.11761E-01    0.26854E-02    0.40367E-03   -0.11569E+02   -0.11506E+02   -0.99035E+01   -0.44477E+00   -0.88832E+00   -0.20225E-01   -0.11857E-01   -0.42198E-02   -0.86820E-02    0.43735E-05   -0.40942E-05    0.43998E-02    0.81830E+01    0.13733E-01
    0.54142E-05    0.13034E-03    0.37490E-04   -0.14501E-03    0.13651E-02    0.45220E-03    0.10589E-02    0.17278E+02    0.74897E+00    0.11853E+01   -0.46432E+00   -0.29635E+00    0.15138E+00    0.45239E-02   -0.75264E-02    0.89883E-02   -0.19240E-04    0.99418E-04    0.12660E-02    0.13733E-01    0.32530E+00
