# omegabh2 omegach2 theta tau omegak yhe ns logA aps100 aps143 aps217 acib143 acib217 asz143 psr cibr cal0 cal2 xi aksz bm_1_1 a_ps_act_148 a_ps_act_217 a_ps_spt_95 a_ps_spt_150 a_ps_spt_220 r_ps_spt_95x150 r_ps_spt_95x220 r_ps_150x220 cal_acts_148 cal_acts_217 cal_acte_148 cal_acte_217 cal_spt_95 cal_spt_150 cal_spt_220
    0.58545E-07   -0.13341E-06    0.37486E-07    0.98045E-06   -0.24682E-06    0.25059E-07    0.10327E-06    0.17966E-05    0.10440E-03    0.23619E-05    0.26791E-04    0.76937E-05   -0.31801E-03   -0.27401E-05   -0.74873E-05   -0.23044E-05    0.90824E-08   -0.38130E-07    0.50269E-05    0.33481E-04   -0.20943E-05    0.59003E-04    0.70116E-04   -0.28772E-05    0.37028E-04    0.31863E-03   -0.14878E-05    0.47792E-05   -0.15985E-05    0.14570E-05   -0.17257E-05    0.12413E-05   -0.56649E-06    0.80466E-06    0.68301E-06   -0.44736E-07
   -0.13341E-06    0.25598E-05   -0.31605E-06   -0.25386E-05    0.22519E-05   -0.57183E-07   -0.47779E-05    0.10305E-05   -0.14773E-02    0.51507E-04    0.37759E-04   -0.46679E-03   -0.41093E-03   -0.22286E-04    0.18245E-05    0.14795E-04   -0.87765E-07    0.15379E-06   -0.22777E-04    0.17022E-03   -0.50645E-04    0.20756E-04    0.63118E-03   -0.85382E-03    0.61590E-04    0.71473E-03    0.13074E-04   -0.76543E-05    0.20530E-05   -0.49862E-05   -0.24975E-05   -0.34015E-05    0.95992E-06    0.43291E-05    0.10022E-05   -0.71353E-05
    0.37486E-07   -0.31605E-06    0.14309E-06    0.23738E-05   -0.50808E-06    0.16039E-07    0.88224E-06    0.38523E-05    0.20855E-03    0.49492E-04   -0.25572E-04    0.36017E-04    0.21233E-03    0.44920E-04    0.35963E-05    0.16999E-05    0.34737E-07   -0.74953E-07   -0.95037E-06   -0.92330E-04    0.47741E-05   -0.11124E-04   -0.22481E-03   -0.15063E-03    0.18537E-04    0.21475E-03    0.20115E-05    0.16712E-04    0.20347E-06    0.20707E-05   -0.51626E-06    0.62266E-06   -0.10410E-06    0.16501E-05   -0.18985E-06    0.20226E-05
    0.98045E-06   -0.25386E-05    0.23738E-05    0.12174E-03   -0.11104E-04    0.41783E-06    0.78747E-05    0.23273E-03    0.62878E-02    0.36536E-03   -0.10142E-02   -0.23610E-02    0.54902E-02    0.67109E-03    0.14555E-03   -0.10157E-04    0.72815E-06   -0.36445E-06   -0.22759E-03   -0.49665E-03    0.29219E-03   -0.96478E-04   -0.74394E-03   -0.11058E-01    0.36443E-03    0.12229E-01    0.89286E-04    0.37191E-03    0.68690E-05    0.16386E-04   -0.16409E-04    0.14283E-04    0.40408E-05    0.64969E-04   -0.81057E-05    0.68407E-04
   -0.24682E-06    0.22519E-05   -0.50808E-06   -0.11104E-04    0.57727E-05   -0.10554E-06   -0.50853E-05   -0.16068E-04   -0.95604E-03   -0.10228E-03    0.12173E-03   -0.16217E-03   -0.35073E-03   -0.11188E-03   -0.11014E-04    0.70864E-05   -0.12921E-06    0.27539E-06   -0.24571E-04    0.13848E-03   -0.19469E-04   -0.91208E-04    0.61418E-03    0.38550E-03   -0.92647E-04   -0.16118E-02    0.44142E-05   -0.61663E-04   -0.25662E-05   -0.94608E-05    0.16427E-05   -0.56315E-05    0.45729E-06   -0.85029E-05    0.70704E-06   -0.12232E-04
    0.25059E-07   -0.57183E-07    0.16039E-07    0.41783E-06   -0.10554E-06    0.10726E-07    0.44307E-07    0.76509E-06    0.45175E-04    0.10108E-05    0.11524E-04    0.33432E-05   -0.13636E-03   -0.11750E-05   -0.32116E-05   -0.98694E-06    0.38805E-08   -0.16362E-07    0.21495E-05    0.14354E-04   -0.88517E-06    0.25272E-04    0.29904E-04   -0.10411E-05    0.15881E-04    0.13634E-03   -0.64097E-06    0.20283E-05   -0.68464E-06    0.62586E-06   -0.73793E-06    0.53182E-06   -0.24199E-06    0.34406E-06    0.29231E-06   -0.17834E-07
    0.10327E-06   -0.47779E-05    0.88224E-06    0.78747E-05   -0.50853E-05    0.44307E-07    0.15806E-04    0.77718E-06    0.22680E-02    0.38021E-03   -0.22228E-03    0.75738E-03    0.43325E-02    0.50392E-03    0.81124E-04    0.20071E-04    0.30945E-06   -0.10162E-06   -0.73510E-04   -0.17411E-02    0.12704E-03    0.60866E-06   -0.28390E-02   -0.19231E-03   -0.81225E-04    0.18800E-02   -0.25704E-04    0.46134E-04   -0.14230E-06    0.14784E-04    0.10916E-04   -0.26894E-05   -0.25101E-05    0.16289E-04   -0.26488E-05    0.35873E-04
    0.17966E-05    0.10305E-05    0.38523E-05    0.23273E-03   -0.16068E-04    0.76509E-06    0.77718E-06    0.46216E-03    0.88827E-02    0.40946E-03   -0.16841E-02   -0.55987E-02    0.70125E-02    0.10698E-02    0.23484E-03   -0.98586E-06    0.12260E-05   -0.52995E-06   -0.41588E-03    0.58378E-07    0.45542E-03   -0.67530E-04    0.21291E-02   -0.22635E-01    0.90395E-03    0.24649E-01    0.20896E-03    0.72700E-03    0.76248E-05    0.15815E-04   -0.40165E-04    0.23425E-04    0.61032E-05    0.12665E-03   -0.78232E-05    0.96031E-04
    0.10440E-03   -0.14773E-02    0.20855E-03    0.62878E-02   -0.95604E-03    0.45175E-04    0.22680E-02    0.88827E-02    0.10288E+02    0.27824E+00    0.20208E+00    0.12639E+01    0.25472E+01    0.14142E+00   -0.14187E-01   -0.29865E-01    0.40587E-03    0.54680E-03   -0.13399E-01   -0.10148E+01    0.53091E+00    0.15764E+00   -0.93633E+00    0.39815E+00    0.12075E+00    0.20676E+01    0.52887E-01    0.27973E-01   -0.23026E-01    0.16976E-02    0.20983E-01    0.70537E-02    0.10452E-01   -0.64631E-02   -0.28633E-02    0.33234E-01
    0.23619E-05    0.51507E-04    0.49492E-04    0.36536E-03   -0.10228E-03    0.10108E-05    0.38021E-03    0.40946E-03    0.27824E+00    0.32414E+00    0.82921E-01    0.19889E+00    0.59934E+00    0.84203E-01   -0.16653E-02    0.41426E-02    0.60465E-04   -0.72577E-04   -0.27869E-01   -0.37713E+00   -0.10026E-01    0.33304E-01   -0.53100E+00    0.99094E-01    0.16010E-01    0.81021E+00   -0.44373E-02    0.34262E-02   -0.33375E-02    0.26333E-02    0.42857E-05    0.39673E-03    0.10242E-02    0.55777E-03   -0.39148E-03    0.23904E-02
    0.26791E-04    0.37759E-04   -0.25572E-04   -0.10142E-02    0.12173E-03    0.11524E-04   -0.22228E-03   -0.16841E-02    0.20208E+00    0.82921E-01    0.52632E+00    0.60623E-01   -0.11755E+01    0.52184E-01   -0.22440E-01   -0.29817E-02    0.74870E-04   -0.29285E-03   -0.52397E-01   -0.31961E+00   -0.48632E-01    0.73996E-02    0.72124E+00    0.56491E+00    0.24291E-01    0.36001E+00   -0.21076E-01   -0.34171E-01   -0.39749E-02    0.34964E-03   -0.17740E-02   -0.37069E-03   -0.27979E-03   -0.19846E-02    0.12865E-02   -0.78235E-02
    0.76937E-05   -0.46679E-03    0.36017E-04   -0.23610E-02   -0.16217E-03    0.33432E-05    0.75738E-03   -0.55987E-02    0.12639E+01    0.19889E+00    0.60623E-01    0.62616E+00    0.66662E+00    0.50576E-01   -0.99926E-02   -0.35375E-02    0.80529E-04    0.16843E-04    0.18847E-01   -0.39306E+00    0.53331E-01   -0.22951E-02   -0.31654E+00    0.82339E+00   -0.27525E-01    0.19077E-01    0.10038E-01    0.18234E-01   -0.56824E-02    0.10500E-02    0.62263E-02    0.19572E-02    0.21579E-02   -0.53968E-02    0.28187E-03    0.26464E-02
   -0.31801E-03   -0.41093E-03    0.21233E-03    0.54902E-02   -0.35073E-03   -0.13636E-03    0.43325E-02    0.70125E-02    0.25472E+01    0.59934E+00   -0.11755E+01    0.66662E+00    0.87821E+01    0.32926E+00    0.14587E+00    0.30785E-01    0.14692E-03    0.96884E-03   -0.32115E-01   -0.13939E+01    0.27624E+00   -0.37168E+00   -0.44807E+01   -0.15052E+01   -0.30262E+00    0.46005E+00    0.55147E-01    0.10104E+00    0.38585E-02   -0.66123E-02    0.26146E-01   -0.71084E-02    0.71226E-02   -0.12078E-02   -0.95296E-02    0.33036E-01
   -0.27401E-05   -0.22286E-04    0.44920E-04    0.67109E-03   -0.11188E-03   -0.11750E-05    0.50392E-03    0.10698E-02    0.14142E+00    0.84203E-01    0.52184E-01    0.50576E-01    0.32926E+00    0.66651E-01    0.64536E-02    0.48063E-02    0.39109E-04   -0.42271E-04   -0.17829E-01   -0.23596E+00    0.47755E-02   -0.11771E-01   -0.14687E+00   -0.54180E-01    0.72576E-02    0.36753E+00   -0.23494E-02    0.45190E-02   -0.70798E-03    0.70335E-03    0.89472E-03   -0.53157E-03    0.17759E-03    0.11252E-02    0.11516E-04    0.97903E-03
   -0.74873E-05    0.18245E-05    0.35963E-05    0.14555E-03   -0.11014E-04   -0.32116E-05    0.81124E-04    0.23484E-03   -0.14187E-01   -0.16653E-02   -0.22440E-01   -0.99926E-02    0.14587E+00    0.64536E-02    0.40764E-02    0.97801E-03   -0.81269E-06    0.16107E-04   -0.83087E-03   -0.16587E-01    0.31174E-02   -0.11479E-01   -0.78312E-01   -0.54023E-01   -0.59753E-02   -0.19606E-01    0.60471E-03    0.18506E-02    0.52384E-03   -0.25728E-03    0.41537E-03   -0.26426E-03    0.13908E-04    0.61683E-04   -0.19016E-03    0.32621E-03
   -0.23044E-05    0.14795E-04    0.16999E-05   -0.10157E-04    0.70864E-05   -0.98694E-06    0.20071E-04   -0.98586E-06   -0.29865E-01    0.41426E-02   -0.29817E-02   -0.35375E-02    0.30785E-01    0.48063E-02    0.97801E-03    0.91600E-03    0.10945E-06   -0.16195E-05   -0.77861E-03   -0.12579E-01   -0.48983E-03   -0.13397E-02   -0.11371E-01   -0.12872E-01    0.12432E-02    0.15159E-01   -0.15892E-03    0.57821E-03    0.70436E-04    0.27149E-04    0.36339E-04   -0.11964E-03   -0.26502E-04    0.16366E-03    0.13094E-05   -0.20138E-04
    0.90824E-08   -0.87765E-07    0.34737E-07    0.72815E-06   -0.12921E-06    0.38805E-08    0.30945E-06    0.12260E-05    0.40587E-03    0.60465E-04    0.74870E-04    0.80529E-04    0.14692E-03    0.39109E-04   -0.81269E-06    0.10945E-06    0.58185E-07   -0.32398E-07   -0.15041E-04   -0.18575E-03    0.12989E-04    0.38722E-05    0.54449E-04    0.54557E-04    0.41544E-05    0.35258E-03   -0.15768E-05   -0.59172E-06   -0.25376E-05    0.26270E-06    0.95710E-06   -0.99869E-07    0.41025E-06    0.44347E-06    0.20345E-06    0.10474E-05
   -0.38130E-07    0.15379E-06   -0.74953E-07   -0.36445E-06    0.27539E-06   -0.16362E-07   -0.10162E-06   -0.52995E-06    0.54680E-03   -0.72577E-04   -0.29285E-03    0.16843E-04    0.96884E-03   -0.42271E-04    0.16107E-04   -0.16195E-05   -0.32398E-07    0.38682E-06    0.29019E-04    0.12393E-03    0.75923E-04    0.53174E-04   -0.42749E-03   -0.37895E-03   -0.17823E-04    0.11061E-04    0.19748E-04    0.13723E-04   -0.38567E-06   -0.26438E-05    0.38114E-05   -0.30381E-06    0.77544E-06    0.16614E-06   -0.73524E-06    0.68242E-05
    0.50269E-05   -0.22777E-04   -0.95037E-06   -0.22759E-03   -0.24571E-04    0.21495E-05   -0.73510E-04   -0.41588E-03   -0.13399E-01   -0.27869E-01   -0.52397E-01    0.18847E-01   -0.32115E-01   -0.17829E-01   -0.83087E-03   -0.77861E-03   -0.15041E-04    0.29019E-04    0.15316E-01    0.82889E-01    0.69453E-02    0.81391E-02   -0.21252E-01    0.29164E-02    0.27820E-02   -0.11308E+00    0.39417E-02    0.65957E-02    0.45670E-03    0.63970E-06    0.11844E-03    0.46099E-03   -0.87935E-04   -0.20533E-03    0.13835E-03    0.35366E-03
    0.33481E-04    0.17022E-03   -0.92330E-04   -0.49665E-03    0.13848E-03    0.14354E-04   -0.17411E-02    0.58378E-07   -0.10148E+01   -0.37713E+00   -0.31961E+00   -0.39306E+00   -0.13939E+01   -0.23596E+00   -0.16587E-01   -0.12579E-01   -0.18575E-03    0.12393E-03    0.82889E-01    0.10800E+01   -0.21858E-01    0.57785E-01    0.39898E+00   -0.34510E+00    0.23994E-01   -0.11462E+01    0.12806E-01    0.22828E-02    0.70214E-02   -0.33238E-03   -0.61512E-02    0.27144E-02   -0.15853E-02    0.79850E-03    0.30576E-03   -0.10136E-02
   -0.20943E-05   -0.50645E-04    0.47741E-05    0.29219E-03   -0.19469E-04   -0.88517E-06    0.12704E-03    0.45542E-03    0.53091E+00   -0.10026E-01   -0.48632E-01    0.53331E-01    0.27624E+00    0.47755E-02    0.31174E-02   -0.48983E-03    0.12989E-04    0.75923E-04    0.69453E-02   -0.21858E-01    0.46450E-01    0.96697E-02   -0.13036E+00   -0.87217E-01    0.22380E-02    0.13899E+00    0.58330E-02    0.72664E-02   -0.87119E-03   -0.35662E-03    0.14276E-02    0.21407E-03    0.25433E-03    0.36935E-03    0.73404E-05    0.29848E-02
    0.59003E-04    0.20756E-04   -0.11124E-04   -0.96478E-04   -0.91208E-04    0.25272E-04    0.60866E-06   -0.67530E-04    0.15764E+00    0.33304E-01    0.73996E-02   -0.22951E-02   -0.37168E+00   -0.11771E-01   -0.11479E-01   -0.13397E-02    0.38722E-05    0.53174E-04    0.81391E-02    0.57785E-01    0.96697E-02    0.16952E+00    0.11883E+00   -0.35521E-01    0.78818E-01    0.80229E+00   -0.15294E-02   -0.22746E-02   -0.40098E-02    0.23061E-02   -0.24270E-02    0.14649E-02   -0.59050E-03    0.29675E-02    0.14671E-02    0.24134E-02
    0.70116E-04    0.63118E-03   -0.22481E-03   -0.74394E-03    0.61418E-03    0.29904E-04   -0.28390E-02    0.21291E-02   -0.93633E+00   -0.53100E+00    0.72124E+00   -0.31654E+00   -0.44807E+01   -0.14687E+00   -0.78312E-01   -0.11371E-01    0.54449E-04   -0.42749E-03   -0.21252E-01    0.39898E+00   -0.13036E+00    0.11883E+00    0.55296E+01    0.11647E+01    0.93801E-01   -0.17998E+00   -0.20457E-01   -0.79993E-01   -0.10505E-01   -0.19277E-02   -0.36716E-02   -0.10117E-02    0.18131E-02    0.25706E-02    0.70027E-02   -0.20170E-01
   -0.28772E-05   -0.85382E-03   -0.15063E-03   -0.11058E-01    0.38550E-03   -0.10411E-05   -0.19231E-03   -0.22635E-01    0.39815E+00    0.99094E-01    0.56491E+00    0.82339E+00   -0.15052E+01   -0.54180E-01   -0.54023E-01   -0.12872E-01    0.54557E-04   -0.37895E-03    0.29164E-02   -0.34510E+00   -0.87217E-01   -0.35521E-01    0.11647E+01    0.30357E+01   -0.51017E-01   -0.19224E+01   -0.34327E-01   -0.64382E-01   -0.80579E-02    0.65163E-03    0.51934E-02    0.21214E-02    0.24085E-02   -0.19202E-01    0.12352E-02   -0.17139E-01
    0.37028E-04    0.61590E-04    0.18537E-04    0.36443E-03   -0.92647E-04    0.15881E-04   -0.81225E-04    0.90395E-03    0.12075E+00    0.16010E-01    0.24291E-01   -0.27525E-01   -0.30262E+00    0.72576E-02   -0.59753E-02    0.12432E-02    0.41544E-05   -0.17823E-04    0.27820E-02    0.23994E-01    0.22380E-02    0.78818E-01    0.93801E-01   -0.51017E-01    0.73391E-01    0.41924E+00   -0.49361E-03    0.26708E-02   -0.10793E-02    0.17652E-02   -0.17138E-02    0.97426E-03   -0.71010E-04    0.18699E-02    0.54755E-03    0.75557E-03
    0.31863E-03    0.71473E-03    0.21475E-03    0.12229E-01   -0.16118E-02    0.13634E-03    0.18800E-02    0.24649E-01    0.20676E+01    0.81021E+00    0.36001E+00    0.19077E-01    0.46005E+00    0.36753E+00   -0.19606E-01    0.15159E-01    0.35258E-03    0.11061E-04   -0.11308E+00   -0.11462E+01    0.13899E+00    0.80229E+00   -0.17998E+00   -0.19224E+01    0.41924E+00    0.94061E+01   -0.13661E-01    0.27311E-01   -0.27692E-01    0.14984E-01   -0.91680E-02    0.47386E-02   -0.19044E-02    0.35369E-01    0.92758E-02    0.29290E-01
   -0.14878E-05    0.13074E-04    0.20115E-05    0.89286E-04    0.44142E-05   -0.64097E-06   -0.25704E-04    0.20896E-03    0.52887E-01   -0.44373E-02   -0.21076E-01    0.10038E-01    0.55147E-01   -0.23494E-02    0.60471E-03   -0.15892E-03   -0.15768E-05    0.19748E-04    0.39417E-02    0.12806E-01    0.58330E-02   -0.15294E-02   -0.20457E-01   -0.34327E-01   -0.49361E-03   -0.13661E-01    0.27508E-02    0.34805E-02    0.11483E-03   -0.12462E-03    0.27519E-03    0.81297E-04    0.12697E-03    0.54866E-04   -0.51232E-04    0.47009E-03
    0.47792E-05   -0.76543E-05    0.16712E-04    0.37191E-03   -0.61663E-04    0.20283E-05    0.46134E-04    0.72700E-03    0.27973E-01    0.34262E-02   -0.34171E-01    0.18234E-01    0.10104E+00    0.45190E-02    0.18506E-02    0.57821E-03   -0.59172E-06    0.13723E-04    0.65957E-02    0.22828E-02    0.72664E-02   -0.22746E-02   -0.79993E-01   -0.64382E-01    0.26708E-02    0.27311E-01    0.34805E-02    0.89262E-02    0.33822E-03    0.24220E-04    0.21651E-03    0.21305E-03   -0.26610E-04    0.22957E-03    0.12220E-05    0.55701E-03
   -0.15985E-05    0.20530E-05    0.20347E-06    0.68690E-05   -0.25662E-05   -0.68464E-06   -0.14230E-06    0.76248E-05   -0.23026E-01   -0.33375E-02   -0.39749E-02   -0.56824E-02    0.38585E-02   -0.70798E-03    0.52384E-03    0.70436E-04   -0.25376E-05   -0.38567E-06    0.45670E-03    0.70214E-02   -0.87119E-03   -0.40098E-02   -0.10505E-01   -0.80579E-02   -0.10793E-02   -0.27692E-01    0.11483E-03    0.33822E-03    0.30866E-03   -0.34531E-04   -0.64264E-05   -0.16934E-04    0.16315E-05   -0.17201E-04   -0.54761E-04   -0.42252E-04
    0.14570E-05   -0.49862E-05    0.20707E-05    0.16386E-04   -0.94608E-05    0.62586E-06    0.14784E-04    0.15815E-04    0.16976E-02    0.26333E-02    0.34964E-03    0.10500E-02   -0.66123E-02    0.70335E-03   -0.25728E-03    0.27149E-04    0.26270E-06   -0.26438E-05    0.63970E-06   -0.33238E-03   -0.35662E-03    0.23061E-02   -0.19277E-02    0.65163E-03    0.17652E-02    0.14984E-01   -0.12462E-03    0.24220E-04   -0.34531E-04    0.12964E-03   -0.66714E-04    0.50516E-04    0.40698E-05    0.78345E-04    0.19600E-04    0.77204E-04
   -0.17257E-05   -0.24975E-05   -0.51626E-06   -0.16409E-04    0.16427E-05   -0.73793E-06    0.10916E-04   -0.40165E-04    0.20983E-01    0.42857E-05   -0.17740E-02    0.62263E-02    0.26146E-01    0.89472E-03    0.41537E-03    0.36339E-04    0.95710E-06    0.38114E-05    0.11844E-03   -0.61512E-02    0.14276E-02   -0.24270E-02   -0.36716E-02    0.51934E-02   -0.17138E-02   -0.91680E-02    0.27519E-03    0.21651E-03   -0.64264E-05   -0.66714E-04    0.21804E-03   -0.27465E-04    0.53643E-04   -0.99306E-04   -0.20412E-04    0.64465E-04
    0.12413E-05   -0.34015E-05    0.62266E-06    0.14283E-04   -0.56315E-05    0.53182E-06   -0.26894E-05    0.23425E-04    0.70537E-02    0.39673E-03   -0.37069E-03    0.19572E-02   -0.71084E-02   -0.53157E-03   -0.26426E-03   -0.11964E-03   -0.99869E-07   -0.30381E-06    0.46099E-03    0.27144E-02    0.21407E-03    0.14649E-02   -0.10117E-02    0.21214E-02    0.97426E-03    0.47386E-02    0.81297E-04    0.21305E-03   -0.16934E-04    0.50516E-04   -0.27465E-04    0.63183E-04    0.99053E-05   -0.13814E-05    0.10394E-04    0.47686E-04
   -0.56649E-06    0.95992E-06   -0.10410E-06    0.40408E-05    0.45729E-06   -0.24199E-06   -0.25101E-05    0.61032E-05    0.10452E-01    0.10242E-02   -0.27979E-03    0.21579E-02    0.71226E-02    0.17759E-03    0.13908E-04   -0.26502E-04    0.41025E-06    0.77544E-06   -0.87935E-04   -0.15853E-02    0.25433E-03   -0.59050E-03    0.18131E-02    0.24085E-02   -0.71010E-04   -0.19044E-02    0.12697E-03   -0.26610E-04    0.16315E-05    0.40698E-05    0.53643E-04    0.99053E-05    0.57168E-04   -0.20927E-04   -0.21380E-04    0.51565E-04
    0.80466E-06    0.43291E-05    0.16501E-05    0.64969E-04   -0.85029E-05    0.34406E-06    0.16289E-04    0.12665E-03   -0.64631E-02    0.55777E-03   -0.19846E-02   -0.53968E-02   -0.12078E-02    0.11252E-02    0.61683E-04    0.16366E-03    0.44347E-06    0.16614E-06   -0.20533E-03    0.79850E-03    0.36935E-03    0.29675E-02    0.25706E-02   -0.19202E-01    0.18699E-02    0.35369E-01    0.54866E-04    0.22957E-03   -0.17201E-04    0.78345E-04   -0.99306E-04   -0.13814E-05   -0.20927E-04    0.30056E-03    0.34533E-04    0.18772E-03
    0.68301E-06    0.10022E-05   -0.18985E-06   -0.81057E-05    0.70704E-06    0.29231E-06   -0.26488E-05   -0.78232E-05   -0.28633E-02   -0.39148E-03    0.12865E-02    0.28187E-03   -0.95296E-02    0.11516E-04   -0.19016E-03    0.13094E-05    0.20345E-06   -0.73524E-06    0.13835E-03    0.30576E-03    0.73404E-05    0.14671E-02    0.70027E-02    0.12352E-02    0.54755E-03    0.92758E-02   -0.51232E-04    0.12220E-05   -0.54761E-04    0.19600E-04   -0.20412E-04    0.10394E-04   -0.21380E-04    0.34533E-04    0.44287E-04   -0.18969E-04
   -0.44736E-07   -0.71353E-05    0.20226E-05    0.68407E-04   -0.12232E-04   -0.17834E-07    0.35873E-04    0.96031E-04    0.33234E-01    0.23904E-02   -0.78235E-02    0.26464E-02    0.33036E-01    0.97903E-03    0.32621E-03   -0.20138E-04    0.10474E-05    0.68242E-05    0.35366E-03   -0.10136E-02    0.29848E-02    0.24134E-02   -0.20170E-01   -0.17139E-01    0.75557E-03    0.29290E-01    0.47009E-03    0.55701E-03   -0.42252E-04    0.77204E-04    0.64465E-04    0.47686E-04    0.51565E-04    0.18772E-03   -0.18969E-04    0.49902E-03
