# omegabh2 omegach2 theta tau ns logA r aps100 aps143 aps217 acib143 acib217 asz143 psr cibr ncib cal0 cal2 xi aksz bm_1_1
    0.78330E-07   -0.41520E-06    0.81950E-07    0.10149E-05    0.11850E-05    0.11881E-05    0.83824E-06   -0.11542E-02   -0.69965E-03   -0.14584E-03   -0.74435E-04   -0.22527E-03    0.13685E-04    0.45266E-07   -0.45098E-05   -0.11418E-05    0.25002E-08   -0.15061E-07    0.15784E-05   -0.42056E-04   -0.13409E-04
   -0.41520E-06    0.70580E-05   -0.73773E-06   -0.10904E-04   -0.15902E-04   -0.47504E-05   -0.17858E-04    0.75550E-02    0.36278E-02    0.24832E-02   -0.16302E-03    0.28856E-03    0.34409E-04    0.40581E-05    0.81367E-05    0.48188E-05   -0.22808E-07    0.10751E-06   -0.57391E-05   -0.55160E-04    0.17378E-03
    0.81950E-07   -0.73773E-06    0.40590E-06    0.15323E-05    0.22142E-05    0.16417E-05    0.19117E-05   -0.88102E-03   -0.50328E-03   -0.30487E-03   -0.95294E-05   -0.67443E-04    0.29060E-05   -0.45258E-06   -0.22203E-05   -0.61543E-06    0.18226E-08   -0.19757E-07    0.60718E-06   -0.50988E-06   -0.14244E-04
    0.10149E-05   -0.10904E-04    0.15323E-05    0.16805E-03    0.36005E-04    0.30914E-03   -0.17972E-04   -0.43083E-01   -0.10722E-01    0.46781E-02   -0.28295E-02   -0.72572E-02   -0.40702E-03    0.18163E-04   -0.18164E-03   -0.82440E-05    0.32102E-08   -0.33024E-06    0.77546E-04   -0.17823E-02   -0.37563E-03
    0.11850E-05   -0.15902E-04    0.22142E-05    0.36005E-04    0.56247E-04    0.32906E-04    0.68075E-04   -0.58967E-01   -0.10757E-01    0.85297E-02   -0.50247E-02   -0.95389E-02   -0.32786E-03    0.30061E-04   -0.25406E-03   -0.94377E-05   -0.19006E-07   -0.35341E-07    0.83623E-04   -0.28298E-02   -0.21895E-03
    0.11881E-05   -0.47504E-05    0.16417E-05    0.30914E-03    0.32906E-04    0.61436E-03   -0.87548E-04   -0.75561E-01   -0.80734E-02    0.27511E-01   -0.98942E-02   -0.18823E-01   -0.13398E-02    0.73928E-04   -0.50047E-03    0.10038E-04    0.21627E-07    0.23751E-06    0.17623E-03   -0.54060E-02    0.30900E-03
    0.83824E-06   -0.17858E-04    0.19117E-05   -0.17972E-04    0.68075E-04   -0.87548E-04    0.15929E-02   -0.78333E-01   -0.11410E-01    0.11998E-02   -0.41899E-02   -0.65172E-02    0.42071E-04    0.11456E-04   -0.13957E-03   -0.59504E-06    0.51441E-07    0.39515E-06    0.74292E-04   -0.12045E-02   -0.52683E-03
   -0.11542E-02    0.75550E-02   -0.88102E-03   -0.43083E-01   -0.58967E-01   -0.75561E-01   -0.78333E-01    0.35327E+04    0.11265E+03   -0.13595E+03    0.68158E+02    0.96180E+02   -0.66704E+02   -0.78898E+00   -0.16990E+00    0.75382E+00    0.71102E-03   -0.12337E-02   -0.16606E+00   -0.14964E+02    0.16462E+02
   -0.69965E-03    0.36278E-02   -0.50328E-03   -0.10722E-01   -0.10757E-01   -0.80734E-02   -0.11410E-01    0.11265E+03    0.17949E+03    0.27240E+02   -0.35803E+02    0.35511E+01   -0.75382E+01   -0.14160E+00    0.76600E-01    0.52547E-01    0.50007E-04    0.10972E-02    0.10948E+01   -0.13224E+02    0.45670E+00
   -0.14584E-03    0.24832E-02   -0.30487E-03    0.46781E-02    0.85297E-02    0.27511E-01    0.11998E-02   -0.13595E+03    0.27240E+02    0.27990E+03   -0.22924E+02   -0.11210E+03    0.27749E+01    0.51203E-01   -0.16583E+01   -0.93918E+00    0.93701E-05   -0.29813E-02    0.55603E+00   -0.10922E+02    0.10221E+01
   -0.74435E-04   -0.16302E-03   -0.95294E-05   -0.28295E-02   -0.50247E-02   -0.98942E-02   -0.41899E-02    0.68158E+02   -0.35803E+02   -0.22924E+02    0.29090E+02    0.13284E+02   -0.22042E+01    0.35817E-02    0.84776E-01    0.92726E-01   -0.23447E-04   -0.48237E-03    0.13584E+00   -0.41056E+00   -0.49222E+00
   -0.22527E-03    0.28856E-03   -0.67443E-04   -0.72572E-02   -0.95389E-02   -0.18823E-01   -0.65172E-02    0.96180E+02    0.35511E+01   -0.11210E+03    0.13284E+02    0.56688E+02   -0.12333E+01    0.21240E-01    0.75005E+00    0.56204E+00    0.88385E-07    0.14772E-02   -0.29253E+00   -0.12350E+01   -0.35534E+00
    0.13685E-04    0.34409E-04    0.29060E-05   -0.40702E-03   -0.32786E-03   -0.13398E-02    0.42071E-04   -0.66704E+02   -0.75382E+01    0.27749E+01   -0.22042E+01   -0.12333E+01    0.75361E+01    0.44872E-01    0.25249E+00   -0.34221E-01    0.56662E-05   -0.15818E-03   -0.43443E-01   -0.72608E-01    0.19920E+00
    0.45266E-07    0.40581E-05   -0.45258E-06    0.18163E-04    0.30061E-04    0.73928E-04    0.11456E-04   -0.78898E+00   -0.14160E+00    0.51203E-01    0.35817E-02    0.21240E-01    0.44872E-01    0.62443E-02   -0.52113E-02    0.43468E-02    0.36004E-06   -0.59907E-05    0.37532E-02   -0.11804E-01    0.38346E-02
   -0.45098E-05    0.81367E-05   -0.22203E-05   -0.18164E-03   -0.25406E-03   -0.50047E-03   -0.13957E-03   -0.16990E+00    0.76600E-01   -0.16583E+01    0.84776E-01    0.75005E+00    0.25249E+00   -0.52113E-02    0.50251E-01   -0.42458E-02    0.79931E-06    0.32724E-04    0.13576E-02   -0.24518E-01   -0.53470E-02
   -0.11418E-05    0.48188E-05   -0.61543E-06   -0.82440E-05   -0.94377E-05    0.10038E-04   -0.59504E-06    0.75382E+00    0.52547E-01   -0.93918E+00    0.92726E-01    0.56204E+00   -0.34221E-01    0.43468E-02   -0.42458E-02    0.15523E-01    0.35663E-06    0.25981E-05   -0.17737E-02   -0.59738E-02    0.64093E-02
    0.25002E-08   -0.22808E-07    0.18226E-08    0.32102E-08   -0.19006E-07    0.21627E-07    0.51441E-07    0.71102E-03    0.50007E-04    0.93701E-05   -0.23447E-04    0.88385E-07    0.56662E-05    0.36004E-06    0.79931E-06    0.35663E-06    0.15786E-06    0.41580E-08    0.65711E-07   -0.15565E-05   -0.16288E-04
   -0.15061E-07    0.10751E-06   -0.19757E-07   -0.33024E-06   -0.35341E-07    0.23751E-06    0.39515E-06   -0.12337E-02    0.10972E-02   -0.29813E-02   -0.48237E-03    0.14772E-02   -0.15818E-03   -0.59907E-05    0.32724E-04    0.25981E-05    0.41580E-08    0.18633E-05   -0.73058E-05   -0.47510E-04    0.11007E-03
    0.15784E-05   -0.57391E-05    0.60718E-06    0.77546E-04    0.83623E-04    0.17623E-03    0.74292E-04   -0.16606E+00    0.10948E+01    0.55603E+00    0.13584E+00   -0.29253E+00   -0.43443E-01    0.37532E-02    0.13576E-02   -0.17737E-02    0.65711E-07   -0.73058E-05    0.82217E-01    0.11700E-01    0.99713E-03
   -0.42056E-04   -0.55160E-04   -0.50988E-06   -0.17823E-02   -0.28298E-02   -0.54060E-02   -0.12045E-02   -0.14964E+02   -0.13224E+02   -0.10922E+02   -0.41056E+00   -0.12350E+01   -0.72608E-01   -0.11804E-01   -0.24518E-01   -0.59738E-02   -0.15565E-05   -0.47510E-04    0.11700E-01    0.79736E+01   -0.21077E-01
   -0.13409E-04    0.17378E-03   -0.14244E-04   -0.37563E-03   -0.21895E-03    0.30900E-03   -0.52683E-03    0.16462E+02    0.45670E+00    0.10221E+01   -0.49222E+00   -0.35534E+00    0.19920E+00    0.38346E-02   -0.53470E-02    0.64093E-02   -0.16288E-04    0.11007E-03    0.99713E-03   -0.21077E-01    0.32104E+00
