# omegabh2 omegach2 theta tau nnu logA ns calPlanck acib217 xi asz143 aps100 aps143 aps143217 aps217 aksz kgal100 kgal143 kgal143217 kgal217 galfEE100 galfEE100143 galfEE100217 galfEE143 galfEE143217 galfEE217 galfTE100 galfTE100143 galfTE100217 galfTE143 galfTE143217 galfTE217 cal0 cal2
    0.6081028E-07    0.3838365E-06   -0.3545460E-07    0.2042791E-05    0.3916782E-04    0.5211425E-05    0.2000081E-05    0.2273021E-07    0.1049042E-03   -0.1421473E-05   -0.3998270E-05    0.2430985E-03    0.5792543E-04   -0.2894053E-04   -0.1162965E-03    0.1442140E-04    0.1159456E-04    0.5462411E-05   -0.2582375E-05   -0.4508269E-04    0.2318487E-06    0.1030949E-06   -0.5370716E-07    0.1353689E-06   -0.7540168E-07   -0.2918432E-06   -0.8033131E-06   -0.4229016E-06   -0.4377891E-06   -0.1705221E-06   -0.3625038E-06   -0.1354072E-05   -0.2504587E-08    0.6045509E-08
    0.3838365E-06    0.9716401E-05   -0.1016749E-05    0.5405563E-05    0.5718711E-03    0.3531428E-04    0.1837647E-04   -0.1612589E-07    0.3629419E-02   -0.5819220E-04   -0.5154656E-03    0.1303071E-01    0.5988103E-02    0.1201278E-02   -0.1841580E-02    0.9860025E-03    0.1844302E-03    0.1490928E-03    0.6019313E-03   -0.3078100E-03    0.9470625E-06    0.3526482E-06   -0.3258241E-06    0.6706744E-06   -0.1831876E-05   -0.4036772E-05    0.1051182E-05   -0.4863097E-06   -0.1342030E-04   -0.2161613E-05   -0.2033380E-05   -0.9930828E-06   -0.6046121E-07    0.3785300E-06
   -0.3545460E-07   -0.1016749E-05    0.1994954E-06   -0.5286563E-06   -0.6155292E-04   -0.3573682E-05   -0.1935793E-05   -0.1454000E-07   -0.3599603E-03    0.5923651E-05    0.4547514E-04   -0.1314749E-02   -0.6048909E-03   -0.1332405E-03    0.1378998E-03   -0.9775462E-04   -0.3017367E-04   -0.1594293E-04   -0.5331125E-04    0.5567671E-04   -0.5918832E-07   -0.2862192E-07    0.4663603E-07   -0.1216984E-06    0.6466319E-07   -0.9829817E-07    0.2898766E-07    0.6245364E-07    0.2243528E-05   -0.1145334E-06    0.2254308E-06    0.3201421E-06    0.4502911E-08   -0.3252857E-07
    0.2042791E-05    0.5405563E-05   -0.5286563E-06    0.3303990E-03    0.1211590E-02    0.6733935E-03    0.8883502E-04   -0.8428385E-06   -0.4129998E-02    0.1643293E-03    0.1090361E-02   -0.2612615E-01   -0.8172252E-02    0.2075624E-02    0.3776683E-02   -0.3042749E-02   -0.5245104E-03   -0.1222238E-02   -0.3020014E-02   -0.4088552E-02    0.1357724E-04    0.4805861E-05   -0.5009245E-05    0.5992445E-05    0.7335843E-05   -0.1337346E-05   -0.4325760E-04   -0.2010683E-04   -0.1357306E-04    0.5286408E-05   -0.5600871E-05   -0.6935674E-04   -0.2955411E-06   -0.7979176E-06
    0.3916782E-04    0.5718711E-03   -0.6155292E-04    0.1211590E-02    0.4289128E-01    0.3905522E-02    0.1777076E-02    0.1345893E-04    0.2391854E+00   -0.3536349E-02   -0.3209753E-01    0.7960351E+00    0.3501205E+00    0.5020818E-01   -0.1511726E+00    0.6316816E-01    0.1343132E-01    0.1227037E-01    0.2785855E-01   -0.4429379E-01    0.1601043E-03    0.6163922E-04   -0.3934853E-04    0.9288754E-04   -0.9185305E-04   -0.3134643E-03   -0.2746444E-03   -0.1734440E-03   -0.6635370E-03   -0.1203906E-03   -0.2169704E-03   -0.5626087E-03   -0.6729098E-05    0.2119901E-04
    0.5211425E-05    0.3531428E-04   -0.3573682E-05    0.6733935E-03    0.3905522E-02    0.1464354E-02    0.2256706E-03    0.1167913E-04    0.5347443E-03    0.2502029E-03    0.1281010E-02   -0.2200632E-01   -0.4259400E-03    0.1100413E-01    0.9223276E-02   -0.4566722E-02   -0.7030383E-03   -0.2423790E-02   -0.4687986E-02   -0.7050332E-02    0.3290166E-04    0.1094442E-04   -0.1042228E-04    0.1467442E-04    0.7965629E-05   -0.1233730E-04   -0.8545573E-04   -0.4387391E-04   -0.5692617E-04    0.5010203E-06   -0.1619053E-04   -0.1136435E-03   -0.6182870E-06   -0.8016920E-06
    0.2000081E-05    0.1837647E-04   -0.1935793E-05    0.8883502E-04    0.1777076E-02    0.2256706E-03    0.9758668E-04    0.1298805E-05    0.4256462E-02   -0.1038392E-04   -0.3098336E-03    0.6324114E-02    0.6799617E-02    0.3982833E-02   -0.2689061E-03   -0.1895943E-04    0.6989390E-03    0.3228405E-03   -0.1066863E-03   -0.2019429E-02    0.1295527E-04    0.4747492E-05   -0.3049513E-05    0.6670075E-05   -0.2534762E-05   -0.1269220E-04   -0.1607846E-04   -0.1075062E-04   -0.2425430E-04   -0.3793063E-05   -0.1167212E-04   -0.3388359E-04   -0.5252486E-06    0.2433336E-06
    0.2273021E-07   -0.1612589E-07   -0.1454000E-07   -0.8428385E-06    0.1345893E-04    0.1167913E-04    0.1298805E-05    0.6689130E-05    0.7380330E-03    0.7256707E-05    0.1543636E-03    0.4112158E-03    0.3152556E-03    0.8222317E-03    0.1485390E-02   -0.6965255E-04    0.4581410E-04    0.8766281E-04    0.1047455E-03    0.7794540E-03    0.2160487E-05    0.3832584E-06    0.2281485E-06    0.6481564E-06   -0.5361835E-06    0.1927369E-05    0.8393547E-06   -0.2251753E-06    0.4235416E-05   -0.1412939E-05   -0.4940891E-06    0.1502871E-04   -0.5029406E-07   -0.5045431E-07
    0.1049042E-03    0.3629419E-02   -0.3599603E-03   -0.4129998E-02    0.2391854E+00    0.5347443E-03    0.4256462E-02    0.7380330E-03    0.4990375E+02   -0.4835731E+00   -0.1073255E+01    0.4243906E+02    0.2142613E+01   -0.1893366E+02   -0.6617349E+02    0.2020582E+00   -0.7680492E-01    0.4278142E+00   -0.2125093E+01   -0.2438013E+02   -0.4105454E-03    0.1165259E-03    0.1089068E-02   -0.2636845E-03    0.1305218E-02    0.3331183E-03   -0.1141956E-02    0.3780962E-02    0.1841361E-01   -0.1549819E-02   -0.7412071E-02    0.1779952E-01   -0.1665531E-03    0.4641913E-02
   -0.1421473E-05   -0.5819220E-04    0.5923651E-05    0.1643293E-03   -0.3536349E-02    0.2502029E-03   -0.1038392E-04    0.7256707E-05   -0.4835731E+00    0.8271797E-01   -0.6455403E-01   -0.5579209E+00    0.9585617E+00    0.1827161E+01    0.7718847E+00    0.5156794E-01   -0.1674267E-01   -0.5040708E-03    0.8025718E-01    0.6772675E-01    0.5846916E-04   -0.1901938E-05    0.2375319E-04   -0.1433297E-04    0.3969613E-04    0.1370008E-03   -0.1334939E-03    0.8891960E-04   -0.3333406E-03   -0.2028013E-04    0.1160078E-04   -0.1333081E-02    0.8992547E-05   -0.2249446E-04
   -0.3998270E-05   -0.5154656E-03    0.4547514E-04    0.1090361E-02   -0.3209753E-01    0.1281010E-02   -0.3098336E-03    0.1543636E-03   -0.1073255E+01   -0.6455403E-01    0.3644950E+01   -0.2933866E+02   -0.4027412E+01    0.7256603E+01    0.5826319E+01   -0.2521639E+01   -0.1983235E+00    0.1751789E-01    0.2121955E+01    0.1486800E+01   -0.1339140E-03   -0.2004643E-04   -0.4061375E-03    0.6498757E-04    0.4256959E-03   -0.1226403E-02    0.2565624E-02    0.5559446E-03    0.1556554E-02    0.2973323E-04    0.9763109E-03    0.4157729E-02    0.1932326E-03   -0.3114582E-03
    0.2430985E-03    0.1303071E-01   -0.1314749E-02   -0.2612615E-01    0.7960351E+00   -0.2200632E-01    0.6324114E-02    0.4112158E-03    0.4243906E+02   -0.5579209E+00   -0.2933866E+02    0.7384083E+03    0.7255271E+02   -0.5763413E+02   -0.7029931E+02    0.1400557E+02    0.6163732E+00    0.7900386E+00   -0.1073041E+02   -0.1568695E+02   -0.6656025E-02   -0.5783536E-04    0.5757606E-02   -0.4649988E-03   -0.7712254E-02    0.5172635E-01    0.4137851E-01    0.8163088E-03    0.8495405E-01   -0.1129585E-01   -0.9698432E-02    0.6136996E-01    0.4481251E-02    0.4600577E-02
    0.5792543E-04    0.5988103E-02   -0.6048909E-03   -0.8172252E-02    0.3501205E+00   -0.4259400E-03    0.6799617E-02    0.3152556E-03    0.2142613E+01    0.9585617E+00   -0.4027412E+01    0.7255271E+02    0.6102546E+02    0.4270433E+02    0.1601030E+02   -0.3842254E+01   -0.4757532E+00   -0.6421245E+00    0.4047047E+01    0.3320770E+01    0.1097243E-02   -0.4856052E-03    0.1599764E-02   -0.6416166E-04   -0.4279738E-02    0.5066529E-02   -0.1222910E-01    0.6027650E-03    0.2890129E-02   -0.2247876E-03   -0.2114151E-02    0.9278291E-02    0.4764795E-04    0.3381120E-03
   -0.2894053E-04    0.1201278E-02   -0.1332405E-03    0.2075624E-02    0.5020818E-01    0.1100413E-01    0.3982833E-02    0.8222317E-03   -0.1893366E+02    0.1827161E+01    0.7256603E+01   -0.5763413E+02    0.4270433E+02    0.9365190E+02    0.6346163E+02   -0.1136760E+02   -0.9248837E+00   -0.4114405E+00    0.3704081E+01    0.3494219E+01    0.1660581E-02   -0.4060200E-03   -0.6995667E-03   -0.6259885E-04   -0.1867065E-02    0.4063486E-02    0.2814230E-02    0.2582425E-02   -0.8361905E-02   -0.8251357E-03    0.5223647E-02   -0.1441347E-01    0.7626274E-03   -0.2446856E-02
   -0.1162965E-03   -0.1841580E-02    0.1378998E-03    0.3776683E-02   -0.1511726E+00    0.9223276E-02   -0.2689061E-03    0.1485390E-02   -0.6617349E+02    0.7718847E+00    0.5826319E+01   -0.7029931E+02    0.1601030E+02    0.6346163E+02    0.1238932E+03   -0.9451715E+01   -0.3277450E+00   -0.5977233E+00   -0.8149724E+00    0.1995927E+02    0.1285097E-02   -0.2037907E-03   -0.2153918E-02    0.8833341E-03   -0.3849902E-02    0.1709715E-02    0.6502418E-02   -0.4532929E-02   -0.3135554E-01    0.1441272E-02    0.1407960E-01   -0.2043018E-01    0.5494586E-03   -0.7920961E-02
    0.1442140E-04    0.9860025E-03   -0.9775462E-04   -0.3042749E-02    0.6316816E-01   -0.4566722E-02   -0.1895943E-04   -0.6965255E-04    0.2020582E+00    0.5156794E-01   -0.2521639E+01    0.1400557E+02   -0.3842254E+01   -0.1136760E+02   -0.9451715E+01    0.5766840E+01    0.1337788E+00   -0.2916602E-01   -0.1579392E+01   -0.1009396E+01   -0.6298169E-03    0.1284166E-04    0.3698091E-03   -0.2685692E-03    0.5120866E-03   -0.5425120E-03   -0.4991602E-03    0.2444473E-03   -0.2654783E-03   -0.6154762E-03   -0.5498049E-03   -0.1003576E-01   -0.1293321E-03    0.1465420E-03
    0.1159456E-04    0.1844302E-03   -0.3017367E-04   -0.5245104E-03    0.1343132E-01   -0.7030383E-03    0.6989390E-03    0.4581410E-04   -0.7680492E-01   -0.1674267E-01   -0.1983235E+00    0.6163732E+00   -0.4757532E+00   -0.9248837E+00   -0.3277450E+00    0.1337788E+00    0.3130698E+01    0.7697561E+00    0.3722640E+00    0.5979715E+00   -0.1267942E-04    0.2000823E-04    0.1395876E-03   -0.8580133E-04    0.4308365E-04    0.1263230E-02   -0.3826724E-02   -0.6478737E-03   -0.3932243E-02    0.2800865E-03   -0.6362567E-03    0.3797253E-02    0.4450196E-03   -0.1850094E-04
    0.5462411E-05    0.1490928E-03   -0.1594293E-04   -0.1222238E-02    0.1227037E-01   -0.2423790E-02    0.3228405E-03    0.8766281E-04    0.4278142E+00   -0.5040708E-03    0.1751789E-01    0.7900386E+00   -0.6421245E+00   -0.4114405E+00   -0.5977233E+00   -0.2916602E-01    0.7697561E+00    0.3063836E+01    0.2327109E+01    0.1272120E+01   -0.7189899E-04   -0.4203188E-04    0.1494429E-03   -0.2208809E-04    0.2418960E-03   -0.2677842E-03    0.2812998E-02   -0.4482374E-03   -0.1506653E-02    0.9319481E-03   -0.9842328E-04   -0.1117007E-02   -0.4224649E-03   -0.2058412E-03
   -0.2582375E-05    0.6019313E-03   -0.5331125E-04   -0.3020014E-02    0.2785855E-01   -0.4687986E-02   -0.1066863E-03    0.1047455E-03   -0.2125093E+01    0.8025718E-01    0.2121955E+01   -0.1073041E+02    0.4047047E+01    0.3704081E+01   -0.8149724E+00   -0.1579392E+01    0.3722640E+00    0.2327109E+01    0.1736173E+02    0.2650882E+02   -0.2397466E-03   -0.2046658E-03    0.1588879E-03   -0.8615452E-04    0.3953644E-03   -0.3445687E-02    0.3714193E-02    0.1324934E-02   -0.1431049E-02    0.1291695E-02   -0.6368608E-03    0.1297860E-01   -0.9752694E-04    0.2625262E-02
   -0.4508269E-04   -0.3078100E-03    0.5567671E-04   -0.4088552E-02   -0.4429379E-01   -0.7050332E-02   -0.2019429E-02    0.7794540E-03   -0.2438013E+02    0.6772675E-01    0.1486800E+01   -0.1568695E+02    0.3320770E+01    0.3494219E+01    0.1995927E+02   -0.1009396E+01    0.5979715E+00    0.1272120E+01    0.2650882E+02    0.6130763E+02    0.3446704E-03   -0.3397921E-03   -0.5008726E-03   -0.8644140E-04   -0.1066494E-02   -0.5551340E-02    0.3853216E-02   -0.1004975E-02    0.3510551E-03    0.7323327E-03    0.2547359E-02    0.2666493E-01   -0.8164314E-04    0.4565295E-02
    0.2318487E-06    0.9470625E-06   -0.5918832E-07    0.1357724E-04    0.1601043E-03    0.3290166E-04    0.1295527E-04    0.2160487E-05   -0.4105454E-03    0.5846916E-04   -0.1339140E-03   -0.6656025E-02    0.1097243E-02    0.1660581E-02    0.1285097E-02   -0.6298169E-03   -0.1267942E-04   -0.7189899E-04   -0.2397466E-03    0.3446704E-03    0.1272536E-03    0.1100152E-04    0.1953760E-06    0.3985413E-05   -0.3503044E-05   -0.6220857E-05   -0.1436761E-04   -0.8526267E-05   -0.7554413E-05    0.2076147E-05    0.7813820E-05    0.3161459E-05   -0.2040686E-06   -0.1814309E-06
    0.1030949E-06    0.3526482E-06   -0.2862192E-07    0.4805861E-05    0.6163922E-04    0.1094442E-04    0.4747492E-05    0.3832584E-06    0.1165259E-03   -0.1901938E-05   -0.2004643E-04   -0.5783536E-04   -0.4856052E-03   -0.4060200E-03   -0.2037907E-03    0.1284166E-04    0.2000823E-04   -0.4203188E-04   -0.2046658E-03   -0.3397921E-03    0.1100152E-04    0.1398941E-04   -0.9893665E-06    0.6680712E-05    0.1404862E-06   -0.6795950E-06    0.6064538E-06   -0.5926554E-06   -0.2766088E-05    0.1910170E-05   -0.1265955E-05   -0.1137836E-04   -0.7140214E-07   -0.5879724E-07
   -0.5370716E-07   -0.3258241E-06    0.4663603E-07   -0.5009245E-05   -0.3934853E-04   -0.1042228E-04   -0.3049513E-05    0.2281485E-06    0.1089068E-02    0.2375319E-04   -0.4061375E-03    0.5757606E-02    0.1599764E-02   -0.6995667E-03   -0.2153918E-02    0.3698091E-03    0.1395876E-03    0.1494429E-03    0.1588879E-03   -0.5008726E-03    0.1953760E-06   -0.9893665E-06    0.2162880E-03   -0.1063756E-06   -0.5667586E-06    0.7674859E-06    0.6992402E-05    0.4802503E-05    0.4077010E-04   -0.2431498E-05    0.4821957E-05   -0.1794643E-04    0.2811475E-06   -0.4314615E-07
    0.1353689E-06    0.6706744E-06   -0.1216984E-06    0.5992445E-05    0.9288754E-04    0.1467442E-04    0.6670075E-05    0.6481564E-06   -0.2636845E-03   -0.1433297E-04    0.6498757E-04   -0.4649988E-03   -0.6416166E-04   -0.6259885E-04    0.8833341E-03   -0.2685692E-03   -0.8580133E-04   -0.2208809E-04   -0.8615452E-04   -0.8644140E-04    0.3985413E-05    0.6680712E-05   -0.1063756E-06    0.3139539E-04    0.2778092E-06    0.1952227E-06   -0.1634028E-05   -0.1120639E-05   -0.1897913E-04    0.2642652E-05    0.4537494E-05   -0.1565846E-04   -0.1575711E-06   -0.1494055E-06
   -0.7540168E-07   -0.1831876E-05    0.6466319E-07    0.7335843E-05   -0.9185305E-04    0.7965629E-05   -0.2534762E-05   -0.5361835E-06    0.1305218E-02    0.3969613E-04    0.4256959E-03   -0.7712254E-02   -0.4279738E-02   -0.1867065E-02   -0.3849902E-02    0.5120866E-03    0.4308365E-04    0.2418960E-03    0.3953644E-03   -0.1066494E-02   -0.3503044E-05    0.1404862E-06   -0.5667586E-06    0.2778092E-06    0.4026180E-03   -0.1221628E-04    0.1847334E-04    0.1740037E-04   -0.4886214E-05    0.2407113E-05    0.3958239E-05   -0.1903669E-04    0.7132482E-07    0.2505655E-06
   -0.2918432E-06   -0.4036772E-05   -0.9829817E-07   -0.1337346E-05   -0.3134643E-03   -0.1233730E-04   -0.1269220E-04    0.1927369E-05    0.3331183E-03    0.1370008E-03   -0.1226403E-02    0.5172635E-01    0.5066529E-02    0.4063486E-02    0.1709715E-02   -0.5425120E-03    0.1263230E-02   -0.2677842E-03   -0.3445687E-02   -0.5551340E-02   -0.6220857E-05   -0.6795950E-06    0.7674859E-06    0.1952227E-06   -0.1221628E-04    0.3515360E-02    0.7757257E-05   -0.8243966E-05   -0.5565456E-04    0.4465064E-04   -0.4357811E-04   -0.1410894E-03    0.1109741E-05    0.3398708E-06
   -0.8033131E-06    0.1051182E-05    0.2898766E-07   -0.4325760E-04   -0.2746444E-03   -0.8545573E-04   -0.1607846E-04    0.8393547E-06   -0.1141956E-02   -0.1334939E-03    0.2565624E-02    0.4137851E-01   -0.1222910E-01    0.2814230E-02    0.6502418E-02   -0.4991602E-03   -0.3826724E-02    0.2812998E-02    0.3714193E-02    0.3853216E-02   -0.1436761E-04    0.6064538E-06    0.6992402E-05   -0.1634028E-05    0.1847334E-04    0.7757257E-05    0.5842956E-02    0.1828722E-02    0.1762630E-02   -0.7045155E-03   -0.1608174E-03   -0.1082826E-03    0.3144993E-05    0.8851871E-06
   -0.4229016E-06   -0.4863097E-06    0.6245364E-07   -0.2010683E-04   -0.1734440E-03   -0.4387391E-04   -0.1075062E-04   -0.2251753E-06    0.3780962E-02    0.8891960E-04    0.5559446E-03    0.8163088E-03    0.6027650E-03    0.2582425E-02   -0.4532929E-02    0.2444473E-03   -0.6478737E-03   -0.4482374E-03    0.1324934E-02   -0.1004975E-02   -0.8526267E-05   -0.5926554E-06    0.4802503E-05   -0.1120639E-05    0.1740037E-04   -0.8243966E-05    0.1828722E-02    0.1222687E-02    0.7483861E-03    0.2118102E-03   -0.2774623E-05   -0.2677500E-03    0.2304460E-06    0.4667487E-06
   -0.4377891E-06   -0.1342030E-04    0.2243528E-05   -0.1357306E-04   -0.6635370E-03   -0.5692617E-04   -0.2425430E-04    0.4235416E-05    0.1841361E-01   -0.3333406E-03    0.1556554E-02    0.8495405E-01    0.2890129E-02   -0.8361905E-02   -0.3135554E-01   -0.2654783E-03   -0.3932243E-02   -0.1506653E-02   -0.1431049E-02    0.3510551E-03   -0.7554413E-05   -0.2766088E-05    0.4077010E-04   -0.1897913E-04   -0.4886214E-05   -0.5565456E-04    0.1762630E-02    0.7483861E-03    0.3360557E-01   -0.6069954E-03    0.1471611E-02    0.1094512E-01   -0.1307312E-05    0.4333712E-05
   -0.1705221E-06   -0.2161613E-05   -0.1145334E-06    0.5286408E-05   -0.1203906E-03    0.5010203E-06   -0.3793063E-05   -0.1412939E-05   -0.1549819E-02   -0.2028013E-04    0.2973323E-04   -0.1129585E-01   -0.2247876E-03   -0.8251357E-03    0.1441272E-02   -0.6154762E-03    0.2800865E-03    0.9319481E-03    0.1291695E-02    0.7323327E-03    0.2076147E-05    0.1910170E-05   -0.2431498E-05    0.2642652E-05    0.2407113E-05    0.4465064E-04   -0.7045155E-03    0.2118102E-03   -0.6069954E-03    0.1351555E-02    0.1506519E-03   -0.4308003E-03   -0.4329932E-06   -0.1981404E-06
   -0.3625038E-06   -0.2033380E-05    0.2254308E-06   -0.5600871E-05   -0.2169704E-03   -0.1619053E-04   -0.1167212E-04   -0.4940891E-06   -0.7412071E-02    0.1160078E-04    0.9763109E-03   -0.9698432E-02   -0.2114151E-02    0.5223647E-02    0.1407960E-01   -0.5498049E-03   -0.6362567E-03   -0.9842328E-04   -0.6368608E-03    0.2547359E-02    0.7813820E-05   -0.1265955E-05    0.4821957E-05    0.4537494E-05    0.3958239E-05   -0.4357811E-04   -0.1608174E-03   -0.2774623E-05    0.1471611E-02    0.1506519E-03    0.4995185E-02    0.3792140E-02   -0.1071903E-06   -0.1048454E-07
   -0.1354072E-05   -0.9930828E-06    0.3201421E-06   -0.6935674E-04   -0.5626087E-03   -0.1136435E-03   -0.3388359E-04    0.1502871E-04    0.1779952E-01   -0.1333081E-02    0.4157729E-02    0.6136996E-01    0.9278291E-02   -0.1441347E-01   -0.2043018E-01   -0.1003576E-01    0.3797253E-02   -0.1117007E-02    0.1297860E-01    0.2666493E-01    0.3161459E-05   -0.1137836E-04   -0.1794643E-04   -0.1565846E-04   -0.1903669E-04   -0.1410894E-03   -0.1082826E-03   -0.2677500E-03    0.1094512E-01   -0.4308003E-03    0.3792140E-02    0.3522776E-01    0.2403036E-05    0.4020026E-05
   -0.2504587E-08   -0.6046121E-07    0.4502911E-08   -0.2955411E-06   -0.6729098E-05   -0.6182870E-06   -0.5252486E-06   -0.5029406E-07   -0.1665531E-03    0.8992547E-05    0.1932326E-03    0.4481251E-02    0.4764795E-04    0.7626274E-03    0.5494586E-03   -0.1293321E-03    0.4450196E-03   -0.4224649E-03   -0.9752694E-04   -0.8164314E-04   -0.2040686E-06   -0.7140214E-07    0.2811475E-06   -0.1575711E-06    0.7132482E-07    0.1109741E-05    0.3144993E-05    0.2304460E-06   -0.1307312E-05   -0.4329932E-06   -0.1071903E-06    0.2403036E-05    0.5437097E-06    0.9051079E-08
    0.6045509E-08    0.3785300E-06   -0.3252857E-07   -0.7979176E-06    0.2119901E-04   -0.8016920E-06    0.2433336E-06   -0.5045431E-07    0.4641913E-02   -0.2249446E-04   -0.3114582E-03    0.4600577E-02    0.3381120E-03   -0.2446856E-02   -0.7920961E-02    0.1465420E-03   -0.1850094E-04   -0.2058412E-03    0.2625262E-02    0.4565295E-02   -0.1814309E-06   -0.5879724E-07   -0.4314615E-07   -0.1494055E-06    0.2505655E-06    0.3398708E-06    0.8851871E-06    0.4667487E-06    0.4333712E-05   -0.1981404E-06   -0.1048454E-07    0.4020026E-05    0.9051079E-08    0.2139236E-05
