# omegabh2 omegach2 theta tau w logA ns calPlanck acib217 xi asz143 aps100 aps143 aps143217 aps217 aksz kgal100 kgal143 kgal143217 kgal217 galfTE100 galfTE100143 galfTE100217 galfTE143 galfTE143217 galfTE217 cal0 cal2
  2.1841616E-08  -1.1628858E-07   1.7778089E-08   2.5197089E-07  -1.0573250E-06   3.4011081E-07   2.8624654E-07   1.7446644E-08  -6.5520696E-05   1.5129143E-06   1.4877069E-05  -3.1487778E-04  -2.0940049E-04  -8.7886329E-05  -1.5854871E-05  -2.4835696E-05   1.5698305E-06  -9.3230884E-06  -1.1574373E-05   4.7359365E-07  -1.0386499E-07  -4.6972615E-08  -1.9308636E-07  -1.7235861E-07  -5.8931784E-07  -2.5830519E-06   1.8235562E-09  -5.8470889E-10
 -1.1628858E-07   1.8541422E-06  -1.5636696E-07  -2.5994948E-06  -2.9516886E-06  -9.4687502E-07  -4.2249607E-06  -9.2070669E-08   1.1466518E-04  -1.6563498E-06  -8.1440354E-05   1.3223265E-03   1.0008979E-03   6.7305239E-04   4.5030512E-04   4.5124726E-05  -5.0007923E-05   8.1400958E-06  -2.3502297E-05  -1.7961987E-05   8.9043677E-07  -3.0224061E-07   1.0148465E-06   5.8790182E-07   3.1854607E-06   1.8255340E-05  -5.3282190E-09  -4.0094762E-09
  1.7778089E-08  -1.5636696E-07   9.9722466E-08   3.2424390E-07   2.3734301E-06   3.9694541E-07   4.8962415E-07   1.9252031E-08   5.9173521E-06  -1.2204195E-06   7.1411339E-06  -1.1141951E-04  -1.3230290E-04  -1.1248079E-04  -7.3503680E-05   3.4835914E-06   1.2327474E-05  -8.4847614E-07  -8.1086419E-06  -2.7968972E-05  -2.1292967E-08   5.4194991E-08   1.3357684E-07  -1.8908359E-07  -2.5472709E-07  -1.0015024E-06  -2.2056305E-11  -3.9377073E-09
  2.5197089E-07  -2.5994948E-06   3.2424390E-07   6.2638628E-05   8.2742315E-05   1.1906037E-04   8.2488042E-06  -1.8611697E-07  -2.3173326E-03   4.6947952E-05   4.0250745E-04  -8.6618976E-03  -4.1567235E-03  -4.3546223E-04   1.6769722E-03  -1.0733063E-03   1.1778622E-05  -2.9026799E-04  -5.8250305E-04  -6.6536857E-05  -1.0435749E-06  -6.9315016E-07  -4.0361711E-06  -3.8666972E-06  -7.0417003E-06  -4.5746699E-05   3.7866188E-08  -9.1518518E-08
 -1.0573250E-06  -2.9516886E-06   2.3734301E-06   8.2742315E-05   7.0251160E-02   1.7738578E-04   1.2823802E-05   1.4895785E-05   5.9668660E-03  -6.6123209E-04  -1.3325951E-02   1.5306222E-01   4.2654380E-02  -2.4556934E-02  -1.6597054E-02   1.6836688E-02   6.1142403E-03   2.8573211E-03   2.9208646E-03   1.5452981E-02  -6.5325691E-06  -4.6982630E-06   2.6142065E-04  -4.7651794E-05   7.1707860E-05  -4.3246652E-04  -2.3028226E-06   2.8497919E-06
  3.4011081E-07  -9.4687502E-07   3.9694541E-07   1.1906037E-04   1.7738578E-04   2.6368993E-04   5.6325671E-06   1.1819801E-05  -5.1555308E-03   1.5451679E-04   5.5708411E-04  -1.2335329E-02  -4.6875013E-03   3.3931053E-03   1.0649728E-02  -2.8051139E-03  -3.5430650E-04  -1.1754861E-03  -1.7065753E-03   1.4978264E-03  -6.8033365E-07  -2.3906918E-06  -9.1912569E-06  -9.0367455E-06  -7.6240490E-06  -4.9870502E-05   1.9821396E-07  -2.0589023E-07
  2.8624654E-07  -4.2249607E-06   4.8962415E-07   8.2488042E-06   1.2823802E-05   5.6325671E-06   1.8723785E-05   3.4536808E-07  -3.7040913E-03   9.3619156E-05   9.8490509E-04  -2.3371239E-02  -7.2770645E-03   4.2567705E-04   3.2679912E-03  -1.9955027E-03   3.5108251E-04  -3.9013969E-04  -3.1794828E-04   7.9096894E-04  -1.4016800E-06   9.2455560E-07  -2.7311475E-07  -7.4957839E-07  -8.3867266E-06  -4.3074184E-05  -5.3797558E-08  -4.5214748E-08
  1.7446644E-08  -9.2070669E-08   1.9252031E-08  -1.8611697E-07   1.4895785E-05   1.1819801E-05   3.4536808E-07   6.1438485E-06   4.8958675E-04   8.1349102E-06  -5.0710535E-06   3.2615164E-03   6.1088935E-04   4.8655010E-04   1.4690039E-03  -3.1647871E-05   5.7815667E-06  -2.0111737E-05   4.1203779E-05   8.8399711E-04  -4.5508677E-07  -1.2087702E-07  -1.5025263E-06  -1.3332021E-06   1.6581647E-07   3.2056641E-06   2.0547124E-10   5.1571506E-09
 -6.5520696E-05   1.1466518E-04   5.9173521E-06  -2.3173326E-03   5.9668660E-03  -5.1555308E-03  -3.7040913E-03   4.8958675E-04   4.3708902E+01  -3.8791866E-01  -8.8993152E-01   3.4709188E+01   1.8147775E+00  -1.2933177E+01  -5.4128038E+01  -1.9185724E-01   2.6081111E-01   4.2886797E-01  -5.8706900E+00  -3.2897540E+01  -8.7415483E-04  -5.4555180E-04  -1.6663617E-03   1.1581830E-03   7.7403689E-03   2.0683421E-02  -1.9183303E-04   7.0880148E-04
  1.5129143E-06  -1.6563498E-06  -1.2204195E-06   4.6947952E-05  -6.6123209E-04   1.5451679E-04   9.3619156E-05   8.1349102E-06  -3.8791866E-01   8.1389928E-02  -3.3741990E-02  -6.4928258E-01   9.2950407E-01   1.7359899E+00   6.6914605E-01   3.2349261E-02  -4.4742349E-03   1.3506162E-02   1.0692063E-01   1.2560316E-01  -6.5422980E-05  -9.1648115E-06   1.3033504E-04  -3.7200715E-05  -8.5791154E-05   1.0760744E-03   4.7187238E-06  -2.1559888E-06
  1.4877069E-05  -8.1440354E-05   7.1411339E-06   4.0250745E-04  -1.3325951E-02   5.5708411E-04   9.8490509E-04  -5.0710535E-06  -8.8993152E-01  -3.3741990E-02   3.7925643E+00  -2.9776510E+01  -3.3438901E+00   7.4156478E+00   5.0338409E+00  -2.5209101E+00  -2.3183200E-01   1.2826017E-01   2.6705726E+00   3.3741549E+00   6.7214296E-04  -2.8303375E-05   4.7989326E-04   1.7017617E-04   3.3842894E-04   3.0566726E-03   1.1015003E-04  -3.8776721E-05
 -3.1487778E-04   1.3223265E-03  -1.1141951E-04  -8.6618976E-03   1.5306222E-01  -1.2335329E-02  -2.3371239E-02   3.2615164E-03   3.4709188E+01  -6.4928258E-01  -2.9776510E+01   7.7130508E+02   6.9015339E+01  -5.4261286E+01  -5.7014197E+01   1.2897671E+01  -6.0869537E+00   5.1986439E+00  -1.2538958E+01  -2.4217773E+01  -2.7023960E-03  -4.4043404E-03  -1.7152467E-04   2.6329968E-03   2.2921718E-04   8.6509649E-03   3.7419968E-03   4.0704593E-04
 -2.0940049E-04   1.0008979E-03  -1.3230290E-04  -4.1567235E-03   4.2654380E-02  -4.6875013E-03  -7.2770645E-03   6.1088935E-04   1.8147775E+00   9.2950407E-01  -3.3438901E+00   6.9015339E+01   6.1693992E+01   4.0634240E+01   1.5396724E+01  -4.9330216E+00  -5.1054875E-01  -1.2073033E+00   3.2124789E+00   3.6799773E+00   1.2556655E-03  -1.8283472E-04   9.3569715E-03   4.5712335E-04   4.3857768E-03   2.0845224E-02   6.7098799E-05   9.6809989E-05
 -8.7886329E-05   6.7305239E-04  -1.1248079E-04  -4.3546223E-04  -2.4556934E-02   3.3931053E-03   4.2567705E-04   4.8655010E-04  -1.2933177E+01   1.7359899E+00   7.4156478E+00  -5.4261286E+01   4.0634240E+01   8.5237642E+01   5.2352456E+01  -1.1252818E+01  -9.4566674E-01  -6.3562726E-01   4.8275246E+00   7.7245640E+00   9.2283245E-04  -2.8004381E-04   1.2592581E-02   9.9425984E-04   2.7492873E-04   4.0242339E-02   3.9463333E-04  -3.7166181E-04
 -1.5854871E-05   4.5030512E-04  -7.3503680E-05   1.6769722E-03  -1.6597054E-02   1.0649728E-02   3.2679912E-03   1.4690039E-03  -5.4128038E+01   6.6914605E-01   5.0338409E+00  -5.7014197E+01   1.5396724E+01   5.2352456E+01   1.0192214E+02  -8.6442080E+00  -8.4538906E-01  -1.0814904E+00   5.4777238E+00   3.2843836E+01   2.1343739E-03   5.7111292E-04   9.1863491E-03  -1.1476052E-03  -6.3948559E-03  -7.3396212E-03   3.9144850E-04  -1.3189068E-03
 -2.4835696E-05   4.5124726E-05   3.4835914E-06  -1.0733063E-03   1.6836688E-02  -2.8051139E-03  -1.9955027E-03  -3.1647871E-05  -1.9185724E-01   3.2349261E-02  -2.5209101E+00   1.2897671E+01  -4.9330216E+00  -1.1252818E+01  -8.6442080E+00   5.4728755E+00   1.3991878E-01  -1.6344050E-01  -2.0265332E+00  -2.2650210E+00  -1.0794405E-03  -1.2357912E-05  -9.7828267E-04  -3.3933263E-04   5.4441742E-04   3.9813664E-03  -6.4653610E-05  -7.9256778E-06
  1.5698305E-06  -5.0007923E-05   1.2327474E-05   1.1778622E-05   6.1142403E-03  -3.5430650E-04   3.5108251E-04   5.7815667E-06   2.6081111E-01  -4.4742349E-03  -2.3183200E-01  -6.0869537E+00  -5.1054875E-01  -9.4566674E-01  -8.4538906E-01   1.3991878E-01   3.3530419E+00   5.4200690E-01   1.2048806E-01  -4.0450292E-02  -6.7779249E-04   8.2131779E-04  -4.3788826E-04  -1.2579710E-04  -2.1629343E-03  -5.0416309E-03   1.8842697E-04   1.2980723E-05
 -9.3230884E-06   8.1400958E-06  -8.4847614E-07  -2.9026799E-04   2.8573211E-03  -1.1754861E-03  -3.9013969E-04  -2.0111737E-05   4.2886797E-01   1.3506162E-02   1.2826017E-01   5.1986439E+00  -1.2073033E+00  -6.3562726E-01  -1.0814904E+00  -1.6344050E-01   5.4200690E-01   3.1369820E+00   2.7106839E+00   2.7850962E+00   9.4550050E-05  -2.6059435E-05  -7.0435431E-04  -4.8198107E-04   8.7630276E-04   4.8591973E-03  -1.8017972E-04  -2.3811497E-05
 -1.1574373E-05  -2.3502297E-05  -8.1086419E-06  -5.8250305E-04   2.9208646E-03  -1.7065753E-03  -3.1794828E-04   4.1203779E-05  -5.8706900E+00   1.0692063E-01   2.6705726E+00  -1.2538958E+01   3.2124789E+00   4.8275246E+00   5.4777238E+00  -2.0265332E+00   1.2048806E-01   2.7106839E+00   1.0883387E+01   1.9466250E+01   1.4382825E-03  -1.4310474E-04  -1.2424318E-03  -1.3297977E-03   1.6340016E-03   1.1478448E-02  -2.5757623E-05   4.2173496E-04
  4.7359365E-07  -1.7961987E-05  -2.7968972E-05  -6.6536857E-05   1.5452981E-02   1.4978264E-03   7.9096894E-04   8.8399711E-04  -3.2897540E+01   1.2560316E-01   3.3741549E+00  -2.4217773E+01   3.6799773E+00   7.7245640E+00   3.2843836E+01  -2.2650210E+00  -4.0450292E-02   2.7850962E+00   1.9466250E+01   5.3716228E+01   1.6432015E-03  -4.8572999E-05  -1.0250030E-03  -1.8222638E-03  -3.9758331E-03  -2.6533654E-03   5.0135938E-05   9.5169098E-04
 -1.0386499E-07   8.9043677E-07  -2.1292967E-08  -1.0435749E-06  -6.5325691E-06  -6.8033365E-07  -1.4016800E-06  -4.5508677E-07  -8.7415483E-04  -6.5422980E-05   6.7214296E-04  -2.7023960E-03   1.2556655E-03   9.2283245E-04   2.1343739E-03  -1.0794405E-03  -6.7779249E-04   9.4550050E-05   1.4382825E-03   1.6432015E-03   1.4422348E-03   2.6760488E-04   8.1974472E-05  -3.5602085E-04  -9.8544806E-05   2.9322437E-06   1.7865613E-07  -2.0716992E-07
 -4.6972615E-08  -3.0224061E-07   5.4194991E-08  -6.9315016E-07  -4.6982630E-06  -2.3906918E-06   9.2455560E-07  -1.2087702E-07  -5.4555180E-04  -9.1648115E-06  -2.8303375E-05  -4.4043404E-03  -1.8283472E-04  -2.8004381E-04   5.7111292E-04  -1.2357912E-05   8.2131779E-04  -2.6059435E-05  -1.4310474E-04  -4.8572999E-05   2.6760488E-04   8.6000631E-04   3.3661261E-05   7.4427130E-04   5.2564412E-05  -6.9511145E-04   6.9491289E-08  -1.6726411E-07
 -1.9308636E-07   1.0148465E-06   1.3357684E-07  -4.0361711E-06   2.6142065E-04  -9.1912569E-06  -2.7311475E-07  -1.5025263E-06  -1.6663617E-03   1.3033504E-04   4.7989326E-04  -1.7152467E-04   9.3569715E-03   1.2592581E-02   9.1863491E-03  -9.7828267E-04  -4.3788826E-04  -7.0435431E-04  -1.2424318E-03  -1.0250030E-03   8.1974472E-05   3.3661261E-05   7.1641579E-03  -3.5277882E-04   6.8294010E-04   4.3643481E-03   6.3332273E-09   2.1765419E-07
 -1.7235861E-07   5.8790182E-07  -1.8908359E-07  -3.8666972E-06  -4.7651794E-05  -9.0367455E-06  -7.4957839E-07  -1.3332021E-06   1.1581830E-03  -3.7200715E-05   1.7017617E-04   2.6329968E-03   4.5712335E-04   9.9425984E-04  -1.1476052E-03  -3.3933263E-04  -1.2579710E-04  -4.8198107E-04  -1.3297977E-03  -1.8222638E-03  -3.5602085E-04   7.4427130E-04  -3.5277882E-04   2.9087559E-03   5.1956109E-04  -1.0813329E-03   2.0625144E-07   1.7301329E-07
 -5.8931784E-07   3.1854607E-06  -2.5472709E-07  -7.0417003E-06   7.1707860E-05  -7.6240490E-06  -8.3867266E-06   1.6581647E-07   7.7403689E-03  -8.5791154E-05   3.3842894E-04   2.2921718E-04   4.3857768E-03   2.7492873E-04  -6.3948559E-03   5.4441742E-04  -2.1629343E-03   8.7630276E-04   1.6340016E-03  -3.9758331E-03  -9.8544806E-05   5.2564412E-05   6.8294010E-04   5.1956109E-04   6.4709311E-03   7.8388742E-03  -5.3822213E-07  -1.9974872E-07
 -2.5830519E-06   1.8255340E-05  -1.0015024E-06  -4.5746699E-05  -4.3246652E-04  -4.9870502E-05  -4.3074184E-05   3.2056641E-06   2.0683421E-02   1.0760744E-03   3.0566726E-03   8.6509649E-03   2.0845224E-02   4.0242339E-02  -7.3396212E-03   3.9813664E-03  -5.0416309E-03   4.8591973E-03   1.1478448E-02  -2.6533654E-03   2.9322437E-06  -6.9511145E-04   4.3643481E-03  -1.0813329E-03   7.8388742E-03   7.2332543E-02   4.3641513E-07   3.4262775E-07
  1.8235562E-09  -5.3282190E-09  -2.2056305E-11   3.7866188E-08  -2.3028226E-06   1.9821396E-07  -5.3797558E-08   2.0547124E-10  -1.9183303E-04   4.7187238E-06   1.1015003E-04   3.7419968E-03   6.7098799E-05   3.9463333E-04   3.9144850E-04  -6.4653610E-05   1.8842697E-04  -1.8017972E-04  -2.5757623E-05   5.0135938E-05   1.7865613E-07   6.9491289E-08   6.3332273E-09   2.0625144E-07  -5.3822213E-07   4.3641513E-07   3.7780744E-07  -7.7399428E-09
 -5.8470889E-10  -4.0094762E-09  -3.9377073E-09  -9.1518518E-08   2.8497919E-06  -2.0589023E-07  -4.5214748E-08   5.1571506E-09   7.0880148E-04  -2.1559888E-06  -3.8776721E-05   4.0704593E-04   9.6809989E-05  -3.7166181E-04  -1.3189068E-03  -7.9256778E-06   1.2980723E-05  -2.3811497E-05   4.2173496E-04   9.5169098E-04  -2.0716992E-07  -1.6726411E-07   2.1765419E-07   1.7301329E-07  -1.9974872E-07   3.4262775E-07  -7.7399428E-09   3.9332641E-07
