# omegabh2 omegach2 theta tau Alens logA ns calPlanck acib217 xi asz143 aps100 aps143 aps143217 aps217 aksz kgal100 kgal143 kgal143217 kgal217 galfEE100 galfEE100143 galfEE100217 galfEE143 galfEE143217 galfEE217 galfTE100 galfTE100143 galfTE100217 galfTE143 galfTE143217 galfTE217 cal0 cal2
    0.2647851E-07   -0.1547830E-06    0.2486213E-07    0.7988098E-07    0.2561093E-05   -0.1317401E-06    0.3908609E-06   -0.7219236E-08   -0.1278392E-03    0.2460218E-05    0.3207722E-04   -0.4228211E-03   -0.2390982E-03   -0.1389654E-04    0.7236792E-04   -0.5633676E-04    0.3414143E-05   -0.6499808E-05   -0.2811270E-04   -0.2405449E-04    0.8276374E-07    0.3543066E-07    0.9766170E-08    0.5086578E-07   -0.7015312E-07    0.1749080E-06   -0.4834914E-06   -0.3946075E-07    0.6704227E-06    0.1195953E-06   -0.2183695E-06   -0.1923315E-05    0.8125420E-08   -0.1815959E-07
   -0.1547830E-06    0.2271839E-05   -0.2277268E-06   -0.2835027E-05   -0.3173919E-04   -0.8299384E-07   -0.5689255E-05    0.9959726E-07    0.6055168E-03   -0.1937376E-04   -0.1055155E-03    0.2650185E-02    0.1533948E-02    0.5748117E-03    0.2279684E-03    0.2229757E-03   -0.2804674E-04    0.6112936E-04    0.1959122E-03    0.3032994E-03   -0.1345595E-05   -0.5141267E-06   -0.3346237E-06   -0.4548253E-06    0.1061133E-05   -0.5806397E-06    0.2083234E-05    0.4186510E-06   -0.2083879E-05    0.5028579E-06    0.1966218E-05    0.8909110E-05   -0.1512028E-07    0.1166683E-06
    0.2486213E-07   -0.2277268E-06    0.1010553E-06   -0.1409914E-06    0.5604811E-05   -0.8378889E-06    0.6749696E-06   -0.5226099E-07   -0.8761596E-04    0.2784084E-05    0.1450968E-04   -0.2724666E-03   -0.2010827E-03   -0.5296286E-04   -0.1721427E-04   -0.1016335E-04   -0.2286712E-05   -0.1615661E-04   -0.4632699E-04   -0.7561635E-04    0.1783833E-06    0.5774503E-07   -0.2932995E-07    0.5410896E-07   -0.1882775E-06   -0.9053606E-06   -0.4393582E-06   -0.1632372E-06    0.1991838E-05   -0.2622327E-06   -0.2653652E-06   -0.8307664E-06    0.3350351E-08   -0.2149791E-07
    0.7988098E-07   -0.2835027E-05   -0.1409914E-06    0.3870939E-03   -0.7487697E-03    0.7632093E-03    0.1458449E-04   -0.2173885E-06   -0.1377470E-02    0.1220493E-03    0.4688736E-03   -0.1977862E-01   -0.8245734E-02   -0.1765767E-02    0.2297646E-02   -0.1583768E-03   -0.5342573E-04   -0.1874201E-03   -0.3130437E-02   -0.6926962E-02    0.8245355E-05    0.1673528E-05   -0.6070784E-05    0.2133165E-05    0.3300324E-05   -0.7149089E-05   -0.3876596E-04    0.3524891E-05   -0.1514056E-03   -0.5465549E-05   -0.8421322E-05    0.6196742E-05   -0.2435572E-06   -0.6239851E-06
    0.2561093E-05   -0.3173919E-04    0.5604811E-05   -0.7487697E-03    0.2652325E-02   -0.1590465E-02    0.7592533E-04   -0.1129328E-04   -0.1385818E-01    0.2113674E-03    0.3320432E-02   -0.4519085E-01   -0.1972965E-01   -0.4167987E-02   -0.3505294E-02   -0.6516755E-02   -0.7206014E-04    0.1139394E-03    0.2781265E-02    0.4801059E-02    0.2822040E-05    0.7387351E-05    0.1205141E-04    0.4694366E-05   -0.3907851E-04   -0.1048222E-04    0.2791306E-04   -0.3323792E-04    0.2824347E-03   -0.1333613E-05   -0.6140128E-05   -0.1439334E-03    0.3528202E-06   -0.2827919E-05
   -0.1317401E-06   -0.8299384E-07   -0.8378889E-06    0.7632093E-03   -0.1590465E-02    0.1550301E-02    0.1359202E-04    0.1383234E-04   -0.2452438E-02    0.2440036E-03    0.8560952E-03   -0.2742922E-01   -0.9531946E-02    0.2284697E-02    0.1342203E-01   -0.1348202E-02   -0.6268918E-03   -0.9297224E-03   -0.5322946E-02   -0.9043197E-02    0.1502748E-04    0.2479059E-05   -0.1372360E-04    0.5155866E-05    0.1096313E-04   -0.2616557E-04   -0.7080728E-04    0.1045396E-04   -0.3044580E-03   -0.6643944E-05   -0.1693677E-04    0.4991382E-04   -0.3077217E-06   -0.8470577E-06
    0.3908609E-06   -0.5689255E-05    0.6749696E-06    0.1458449E-04    0.7592533E-04    0.1359202E-04    0.2358188E-04    0.3724320E-07   -0.5232815E-02    0.1637585E-03    0.9983701E-03   -0.2289760E-01   -0.6843041E-02    0.2087041E-02    0.4885852E-02   -0.2600653E-02    0.2964501E-03   -0.1695300E-03   -0.6766086E-03   -0.7418294E-04    0.6573206E-05    0.2451327E-05    0.1477926E-05    0.1753005E-05   -0.5636806E-05    0.3651558E-06   -0.7744071E-06   -0.3105206E-06    0.1793159E-04   -0.2284873E-05   -0.7365759E-05   -0.2138678E-04   -0.1582999E-06   -0.6311442E-06
   -0.7219236E-08    0.9959726E-07   -0.5226099E-07   -0.2173885E-06   -0.1129328E-04    0.1383234E-04    0.3724320E-07    0.6888548E-05    0.2029934E-03    0.7516297E-05    0.3089231E-04    0.4395466E-02    0.1473808E-02    0.1194183E-02    0.2533323E-02   -0.3474818E-03   -0.9318412E-04   -0.8006737E-04    0.3821979E-03    0.1864532E-02    0.1497560E-05    0.4758756E-06   -0.1921407E-06    0.1099986E-05    0.1026966E-05   -0.4434746E-05    0.7466787E-06    0.1787605E-06    0.2709365E-05    0.1508407E-05   -0.3719404E-05    0.1079191E-04   -0.7063124E-08    0.8539826E-07
   -0.1278392E-03    0.6055168E-03   -0.8761596E-04   -0.1377470E-02   -0.1385818E-01   -0.2452438E-02   -0.5232815E-02    0.2029934E-03    0.4732754E+02   -0.5122696E+00   -0.1193034E+01    0.3339889E+02   -0.5306204E+00   -0.2016298E+02   -0.6349018E+02   -0.5574733E+00   -0.2714595E+00    0.4504915E+00   -0.3461890E+01   -0.2531998E+02   -0.1780854E-02   -0.6914250E-03   -0.1213330E-02   -0.5802251E-03    0.2357243E-02   -0.8395667E-02   -0.1322612E-01   -0.1712193E-02   -0.1270483E-01    0.3996088E-02    0.5425900E-02    0.1775914E-01   -0.3881582E-03    0.4228526E-02
    0.2460218E-05   -0.1937376E-04    0.2784084E-05    0.1220493E-03    0.2113674E-03    0.2440036E-03    0.1637585E-03    0.7516297E-05   -0.5122696E+00    0.8145760E-01   -0.5838508E-01   -0.3949815E+00    0.9326034E+00    0.1758591E+01    0.7380792E+00    0.8602295E-01    0.9272753E-03    0.1124982E-01    0.1346800E+00    0.1534130E+00    0.2960819E-04    0.1072363E-04   -0.2803952E-04    0.2830927E-04   -0.4063900E-04    0.3992083E-03    0.4999099E-03    0.1676240E-03   -0.1085799E-02   -0.1353258E-03   -0.1329201E-03    0.5918657E-03    0.1689201E-04   -0.2446935E-04
    0.3207722E-04   -0.1055155E-03    0.1450968E-04    0.4688736E-03    0.3320432E-02    0.8560952E-03    0.9983701E-03    0.3089231E-04   -0.1193034E+01   -0.5838508E-01    0.3666826E+01   -0.2754081E+02   -0.3153322E+01    0.7904790E+01    0.6341631E+01   -0.2680051E+01   -0.1480460E+00    0.1386222E+00    0.2589425E+01    0.2095176E+01   -0.1688805E-03    0.3271397E-04    0.7763480E-03   -0.3511223E-03   -0.9402270E-03   -0.2721631E-02   -0.2935618E-02   -0.1343698E-02   -0.1189406E-02    0.3115659E-03   -0.2779494E-02   -0.5407374E-02    0.2098773E-03   -0.2923318E-03
   -0.4228211E-03    0.2650185E-02   -0.2724666E-03   -0.1977862E-01   -0.4519085E-01   -0.2742922E-01   -0.2289760E-01    0.4395466E-02    0.3339889E+02   -0.3949815E+00   -0.2754081E+02    0.7063427E+03    0.6439357E+02   -0.5227632E+02   -0.5741569E+02    0.1174357E+02   -0.5607293E+00    0.4994605E+00   -0.1262965E+02   -0.1581489E+02    0.2760880E-03   -0.2484213E-02   -0.1025913E-01    0.4497136E-02   -0.4967298E-02    0.3591598E-01    0.8881362E-01    0.2255867E-01    0.1662416E-01    0.1064595E-01    0.4730585E-02    0.9680247E-01    0.4201573E-02    0.3144087E-02
   -0.2390982E-03    0.1533948E-02   -0.2010827E-03   -0.8245734E-02   -0.1972965E-01   -0.9531946E-02   -0.6843041E-02    0.1473808E-02   -0.5306204E+00    0.9326034E+00   -0.3153322E+01    0.6439357E+02    0.5462311E+02    0.4085805E+02    0.1840985E+02   -0.4712705E+01   -0.3130152E+00   -0.8089737E+00    0.3761352E+01    0.3835449E+01   -0.3568416E-03   -0.4375433E-03   -0.1502195E-02    0.1441147E-03    0.8287985E-03    0.2142710E-02    0.1657396E-01    0.8461665E-02   -0.9337051E-02    0.5148042E-02   -0.7384570E-03    0.2869460E-01    0.3117306E-03   -0.2288089E-04
   -0.1389654E-04    0.5748117E-03   -0.5296286E-04   -0.1765767E-02   -0.4167987E-02    0.2284697E-02    0.2087041E-02    0.1194183E-02   -0.2016298E+02    0.1758591E+01    0.7904790E+01   -0.5227632E+02    0.4085805E+02    0.9157310E+02    0.6362274E+02   -0.1175441E+02   -0.2386474E+00    0.7025905E-01    0.6127432E+01    0.7312977E+01    0.8249694E-04    0.3127735E-04    0.8888226E-03    0.5824624E-04   -0.2546311E-02    0.2535470E-02    0.1394159E-01    0.4172802E-02   -0.3717132E-01    0.9963701E-03   -0.1267949E-01    0.5610058E-02    0.1056544E-02   -0.2435474E-02
    0.7236792E-04    0.2279684E-03   -0.1721427E-04    0.2297646E-02   -0.3505294E-02    0.1342203E-01    0.4885852E-02    0.2533323E-02   -0.6349018E+02    0.7380792E+00    0.6341631E+01   -0.5741569E+02    0.1840985E+02    0.6362274E+02    0.1207688E+03   -0.9422786E+01    0.3426428E+00   -0.4491497E+00    0.1885079E+01    0.2282695E+02    0.1925388E-02    0.5047114E-03    0.1091902E-02    0.6682859E-03   -0.3387492E-02    0.5623250E-02    0.3185887E-01    0.7545044E-02    0.6649358E-02   -0.6276041E-02   -0.1067987E-01   -0.1316002E-01    0.9977139E-03   -0.7415737E-02
   -0.5633676E-04    0.2229757E-03   -0.1016335E-04   -0.1583768E-03   -0.6516755E-02   -0.1348202E-02   -0.2600653E-02   -0.3474818E-03   -0.5574733E+00    0.8602295E-01   -0.2680051E+01    0.1174357E+02   -0.4712705E+01   -0.1175441E+02   -0.9422786E+01    0.6170325E+01    0.4617089E-01   -0.2207408E+00   -0.2033563E+01   -0.1115623E+01   -0.5932226E-03   -0.3096664E-03   -0.4828415E-03    0.9654615E-04    0.2085779E-02    0.1343962E-02   -0.9829804E-03   -0.1449085E-02   -0.1605932E-02   -0.1811200E-02    0.5071747E-03    0.1338502E-02   -0.1200277E-03    0.1267394E-03
    0.3414143E-05   -0.2804674E-04   -0.2286712E-05   -0.5342573E-04   -0.7206014E-04   -0.6268918E-03    0.2964501E-03   -0.9318412E-04   -0.2714595E+00    0.9272753E-03   -0.1480460E+00   -0.5607293E+00   -0.3130152E+00   -0.2386474E+00    0.3426428E+00    0.4617089E-01    0.3249688E+01    0.7810521E+00    0.1563371E+00    0.1232210E+00    0.1109930E-03   -0.3095663E-04    0.2676725E-03   -0.3962463E-03   -0.1063140E-02   -0.1482202E-04   -0.6298054E-02   -0.2251542E-02    0.2652175E-03    0.5283746E-04    0.2397159E-02   -0.1224156E-02    0.4651788E-03   -0.5469285E-04
   -0.6499808E-05    0.6112936E-04   -0.1615661E-04   -0.1874201E-03    0.1139394E-03   -0.9297224E-03   -0.1695300E-03   -0.8006737E-04    0.4504915E+00    0.1124982E-01    0.1386222E+00    0.4994605E+00   -0.8089737E+00    0.7025905E-01   -0.4491497E+00   -0.2207408E+00    0.7810521E+00    0.2981166E+01    0.2235648E+01    0.1078768E+01    0.1109692E-03    0.9523221E-04    0.2033212E-03   -0.6954626E-04   -0.2170070E-03    0.2561274E-02    0.1181886E-02   -0.1545915E-02   -0.5233572E-02    0.1438003E-03   -0.2324283E-03    0.1758141E-03   -0.3721106E-03   -0.1453607E-03
   -0.2811270E-04    0.1959122E-03   -0.4632699E-04   -0.3130437E-02    0.2781265E-02   -0.5322946E-02   -0.6766086E-03    0.3821979E-03   -0.3461890E+01    0.1346800E+00    0.2589425E+01   -0.1262965E+02    0.3761352E+01    0.6127432E+01    0.1885079E+01   -0.2033563E+01    0.1563371E+00    0.2235648E+01    0.1752842E+02    0.2705364E+02    0.4066253E-03    0.2120503E-03    0.1673305E-02   -0.5188883E-03   -0.2658649E-02    0.3621800E-02   -0.6220575E-02   -0.3580903E-02   -0.2019821E-01    0.1143265E-02   -0.3036951E-03    0.4630832E-02   -0.2032786E-04    0.2522500E-02
   -0.2405449E-04    0.3032994E-03   -0.7561635E-04   -0.6926962E-02    0.4801059E-02   -0.9043197E-02   -0.7418294E-04    0.1864532E-02   -0.2531998E+02    0.1534130E+00    0.2095176E+01   -0.1581489E+02    0.3835449E+01    0.7312977E+01    0.2282695E+02   -0.1115623E+01    0.1232210E+00    0.1078768E+01    0.2705364E+02    0.6274323E+02    0.1537273E-02    0.6430946E-03    0.3507171E-02   -0.2331883E-05   -0.4449967E-02    0.8577923E-02   -0.7901853E-02   -0.5589897E-02   -0.1394675E-01   -0.2914558E-03   -0.3670236E-03    0.7123224E-02   -0.2237425E-04    0.4646862E-02
    0.8276374E-07   -0.1345595E-05    0.1783833E-06    0.8245355E-05    0.2822040E-05    0.1502748E-04    0.6573206E-05    0.1497560E-05   -0.1780854E-02    0.2960819E-04   -0.1688805E-03    0.2760880E-03   -0.3568416E-03    0.8249694E-04    0.1925388E-02   -0.5932226E-03    0.1109930E-03    0.1109692E-03    0.4066253E-03    0.1537273E-02    0.1234366E-03    0.1029999E-04   -0.1398097E-05    0.2930826E-05   -0.3825137E-05   -0.4735907E-05   -0.1345030E-05   -0.5558722E-05   -0.1752796E-04   -0.8487852E-05   -0.8081443E-05   -0.2468947E-04    0.3150796E-07    0.6927966E-07
    0.3543066E-07   -0.5141267E-06    0.5774503E-07    0.1673528E-05    0.7387351E-05    0.2479059E-05    0.2451327E-05    0.4758756E-06   -0.6914250E-03    0.1072363E-04    0.3271397E-04   -0.2484213E-02   -0.4375433E-03    0.3127735E-04    0.5047114E-03   -0.3096664E-03   -0.3095663E-04    0.9523221E-04    0.2120503E-03    0.6430946E-03    0.1029999E-04    0.1400964E-04   -0.1076102E-05    0.6813019E-05    0.1314123E-05   -0.4630959E-05    0.1904463E-05   -0.1744611E-05    0.2102609E-04   -0.3199576E-05   -0.2841018E-05    0.1075368E-04   -0.8892462E-07   -0.7762930E-07
    0.9766170E-08   -0.3346237E-06   -0.2932995E-07   -0.6070784E-05    0.1205141E-04   -0.1372360E-04    0.1477926E-05   -0.1921407E-06   -0.1213330E-02   -0.2803952E-04    0.7763480E-03   -0.1025913E-01   -0.1502195E-02    0.8888226E-03    0.1091902E-02   -0.4828415E-03    0.2676725E-03    0.2033212E-03    0.1673305E-02    0.3507171E-02   -0.1398097E-05   -0.1076102E-05    0.2250569E-03   -0.3087712E-05    0.2148164E-05   -0.1911812E-04   -0.2444855E-05   -0.1212503E-05   -0.5326274E-04    0.7989525E-05    0.1245245E-05   -0.6824894E-05   -0.2490111E-07    0.2592577E-06
    0.5086578E-07   -0.4548253E-06    0.5410896E-07    0.2133165E-05    0.4694366E-05    0.5155866E-05    0.1753005E-05    0.1099986E-05   -0.5802251E-03    0.2830927E-04   -0.3511223E-03    0.4497136E-02    0.1441147E-03    0.5824624E-04    0.6682859E-03    0.9654615E-04   -0.3962463E-03   -0.6954626E-04   -0.5188883E-03   -0.2331883E-05    0.2930826E-05    0.6813019E-05   -0.3087712E-05    0.3165197E-04    0.1354555E-05   -0.2132274E-05    0.6880514E-05    0.2836290E-05    0.6929893E-05   -0.7442849E-05   -0.5295965E-05    0.2892322E-04   -0.1523343E-06   -0.4891602E-07
   -0.7015312E-07    0.1061133E-05   -0.1882775E-06    0.3300324E-05   -0.3907851E-04    0.1096313E-04   -0.5636806E-05    0.1026966E-05    0.2357243E-02   -0.4063900E-04   -0.9402270E-03   -0.4967298E-02    0.8287985E-03   -0.2546311E-02   -0.3387492E-02    0.2085779E-02   -0.1063140E-02   -0.2170070E-03   -0.2658649E-02   -0.4449967E-02   -0.3825137E-05    0.1314123E-05    0.2148164E-05    0.1354555E-05    0.3929996E-03    0.1572123E-04    0.1651155E-04   -0.4097984E-06    0.1695870E-04    0.1953008E-05    0.8740456E-06   -0.4245869E-04   -0.3245568E-06   -0.2754738E-06
    0.1749080E-06   -0.5806397E-06   -0.9053606E-06   -0.7149089E-05   -0.1048222E-04   -0.2616557E-04    0.3651558E-06   -0.4434746E-05   -0.8395667E-02    0.3992083E-03   -0.2721631E-02    0.3591598E-01    0.2142710E-02    0.2535470E-02    0.5623250E-02    0.1343962E-02   -0.1482202E-04    0.2561274E-02    0.3621800E-02    0.8577923E-02   -0.4735907E-05   -0.4630959E-05   -0.1911812E-04   -0.2132274E-05    0.1572123E-04    0.3379057E-02    0.3718462E-04    0.5732132E-04   -0.9792335E-04    0.6175386E-04    0.7510370E-04   -0.9214837E-04    0.5920906E-06    0.6367244E-06
   -0.4834914E-06    0.2083234E-05   -0.4393582E-06   -0.3876596E-04    0.2791306E-04   -0.7080728E-04   -0.7744071E-06    0.7466787E-06   -0.1322612E-01    0.4999099E-03   -0.2935618E-02    0.8881362E-01    0.1657396E-01    0.1394159E-01    0.3185887E-01   -0.9829804E-03   -0.6298054E-02    0.1181886E-02   -0.6220575E-02   -0.7901853E-02   -0.1345030E-05    0.1904463E-05   -0.2444855E-05    0.6880514E-05    0.1651155E-04    0.3718462E-04    0.5652373E-02    0.1852931E-02    0.1451205E-02   -0.5950107E-03   -0.1430970E-03    0.1209459E-03    0.1447807E-05   -0.2129678E-05
   -0.3946075E-07    0.4186510E-06   -0.1632372E-06    0.3524891E-05   -0.3323792E-04    0.1045396E-04   -0.3105206E-06    0.1787605E-06   -0.1712193E-02    0.1676240E-03   -0.1343698E-02    0.2255867E-01    0.8461665E-02    0.4172802E-02    0.7545044E-02   -0.1449085E-02   -0.2251542E-02   -0.1545915E-02   -0.3580903E-02   -0.5589897E-02   -0.5558722E-05   -0.1744611E-05   -0.1212503E-05    0.2836290E-05   -0.4097984E-06    0.5732132E-04    0.1852931E-02    0.1273642E-02    0.8121854E-03    0.2292256E-03   -0.2071854E-04   -0.9864027E-04   -0.4446761E-06   -0.7096136E-06
    0.6704227E-06   -0.2083879E-05    0.1991838E-05   -0.1514056E-03    0.2824347E-03   -0.3044580E-03    0.1793159E-04    0.2709365E-05   -0.1270483E-01   -0.1085799E-02   -0.1189406E-02    0.1662416E-01   -0.9337051E-02   -0.3717132E-01    0.6649358E-02   -0.1605932E-02    0.2652175E-03   -0.5233572E-02   -0.2019821E-01   -0.1394675E-01   -0.1752796E-04    0.2102609E-04   -0.5326274E-04    0.6929893E-05    0.1695870E-04   -0.9792335E-04    0.1451205E-02    0.8121854E-03    0.3278315E-01   -0.3665289E-03    0.1658752E-02    0.1125218E-01   -0.2844409E-05   -0.7606177E-05
    0.1195953E-06    0.5028579E-06   -0.2622327E-06   -0.5465549E-05   -0.1333613E-05   -0.6643944E-05   -0.2284873E-05    0.1508407E-05    0.3996088E-02   -0.1353258E-03    0.3115659E-03    0.1064595E-01    0.5148042E-02    0.9963701E-03   -0.6276041E-02   -0.1811200E-02    0.5283746E-04    0.1438003E-03    0.1143265E-02   -0.2914558E-03   -0.8487852E-05   -0.3199576E-05    0.7989525E-05   -0.7442849E-05    0.1953008E-05    0.6175386E-04   -0.5950107E-03    0.2292256E-03   -0.3665289E-03    0.1347546E-02    0.1584823E-03   -0.4104444E-03   -0.1489985E-06   -0.2736967E-06
   -0.2183695E-06    0.1966218E-05   -0.2653652E-06   -0.8421322E-05   -0.6140128E-05   -0.1693677E-04   -0.7365759E-05   -0.3719404E-05    0.5425900E-02   -0.1329201E-03   -0.2779494E-02    0.4730585E-02   -0.7384570E-03   -0.1267949E-01   -0.1067987E-01    0.5071747E-03    0.2397159E-02   -0.2324283E-03   -0.3036951E-03   -0.3670236E-03   -0.8081443E-05   -0.2841018E-05    0.1245245E-05   -0.5295965E-05    0.8740456E-06    0.7510370E-04   -0.1430970E-03   -0.2071854E-04    0.1658752E-02    0.1584823E-03    0.5113524E-02    0.4409142E-02   -0.3121041E-06    0.2560973E-05
   -0.1923315E-05    0.8909110E-05   -0.8307664E-06    0.6196742E-05   -0.1439334E-03    0.4991382E-04   -0.2138678E-04    0.1079191E-04    0.1775914E-01    0.5918657E-03   -0.5407374E-02    0.9680247E-01    0.2869460E-01    0.5610058E-02   -0.1316002E-01    0.1338502E-02   -0.1224156E-02    0.1758141E-03    0.4630832E-02    0.7123224E-02   -0.2468947E-04    0.1075368E-04   -0.6824894E-05    0.2892322E-04   -0.4245869E-04   -0.9214837E-04    0.1209459E-03   -0.9864027E-04    0.1125218E-01   -0.4104444E-03    0.4409142E-02    0.3622755E-01   -0.2599914E-05    0.1097534E-05
    0.8125420E-08   -0.1512028E-07    0.3350351E-08   -0.2435572E-06    0.3528202E-06   -0.3077217E-06   -0.1582999E-06   -0.7063124E-08   -0.3881582E-03    0.1689201E-04    0.2098773E-03    0.4201573E-02    0.3117306E-03    0.1056544E-02    0.9977139E-03   -0.1200277E-03    0.4651788E-03   -0.3721106E-03   -0.2032786E-04   -0.2237425E-04    0.3150796E-07   -0.8892462E-07   -0.2490111E-07   -0.1523343E-06   -0.3245568E-06    0.5920906E-06    0.1447807E-05   -0.4446761E-06   -0.2844409E-05   -0.1489985E-06   -0.3121041E-06   -0.2599914E-05    0.5336449E-06   -0.4190191E-07
   -0.1815959E-07    0.1166683E-06   -0.2149791E-07   -0.6239851E-06   -0.2827919E-05   -0.8470577E-06   -0.6311442E-06    0.8539826E-07    0.4228526E-02   -0.2446935E-04   -0.2923318E-03    0.3144087E-02   -0.2288089E-04   -0.2435474E-02   -0.7415737E-02    0.1267394E-03   -0.5469285E-04   -0.1453607E-03    0.2522500E-02    0.4646862E-02    0.6927966E-07   -0.7762930E-07    0.2592577E-06   -0.4891602E-07   -0.2754738E-06    0.6367244E-06   -0.2129678E-05   -0.7096136E-06   -0.7606177E-05   -0.2736967E-06    0.2560973E-05    0.1097534E-05   -0.4190191E-07    0.2090224E-05
