# omegabh2 omegach2 theta tau nnu ns logA asz
    0.24051E-06    0.29952E-06    0.46914E-06    0.19815E-05    0.62562E-04    0.58451E-05    0.57124E-05    0.67142E-05
    0.29952E-06    0.13979E-02   -0.18162E-03   -0.10624E-04    0.76798E-01    0.85050E-03    0.23488E-02   -0.98557E-04
    0.46914E-06   -0.18162E-03    0.33487E-04    0.11730E-05   -0.10363E-01   -0.11676E-03   -0.32851E-03   -0.12289E-04
    0.19815E-05   -0.10624E-04    0.11730E-05    0.19065E-03    0.65013E-03    0.79347E-04    0.36531E-03    0.50887E-04
    0.62562E-04    0.76798E-01   -0.10363E-01    0.65013E-03    0.43305E+01    0.50404E-01    0.13120E+00    0.19596E-02
    0.58451E-05    0.85050E-03   -0.11676E-03    0.79347E-04    0.50404E-01    0.77371E-03    0.17014E-02   -0.53455E-03
    0.57124E-05    0.23488E-02   -0.32851E-03    0.36531E-03    0.13120E+00    0.17014E-02    0.50499E-02   -0.13358E-02
    0.67142E-05   -0.98557E-04   -0.12289E-04    0.50887E-04    0.19596E-02   -0.53455E-03   -0.13358E-02    0.33098E+00
