# omegabh2 omegach2 theta tau yhe logA ns calPlanck galfTE100 galfTE100143 galfTE100217 galfTE143 galfTE143217 galfTE217 cal0
    0.9934090E-07   -0.2439759E-06    0.3686031E-06    0.1583442E-05    0.9119265E-05    0.3551142E-05    0.3460831E-05   -0.1044579E-07   -0.5322283E-06   -0.2006615E-06   -0.5538077E-06   -0.1164514E-06   -0.6752408E-06   -0.1980694E-05    0.1700347E-08
   -0.2439759E-06    0.4081623E-05   -0.8534506E-06   -0.8996532E-05   -0.1472275E-04   -0.8508332E-05   -0.1179943E-04   -0.9567837E-07    0.4416287E-05    0.2469731E-05   -0.1786663E-05    0.2205222E-05    0.3176646E-05    0.1597625E-04   -0.2524532E-07
    0.3686031E-06   -0.8534506E-06    0.3021686E-05    0.1704354E-05    0.7501158E-04    0.3698950E-05    0.1816781E-04   -0.1495623E-06    0.1312702E-05    0.6729303E-06   -0.2394416E-05   -0.4191954E-06   -0.8973236E-06   -0.2495049E-05    0.2114901E-07
    0.1583442E-05   -0.8996532E-05    0.1704354E-05    0.4284143E-03    0.3042990E-04    0.8915401E-03    0.9178866E-04    0.1355076E-05   -0.1697054E-04    0.9402553E-07    0.1245094E-04   -0.1498825E-05   -0.8985803E-05    0.1857295E-05   -0.1546278E-06
    0.9119265E-05   -0.1472275E-04    0.7501158E-04    0.3042990E-04    0.2040393E-02    0.8508650E-04    0.4647965E-03   -0.3483286E-05    0.4060435E-04    0.2512254E-04   -0.2667943E-04   -0.1525380E-05   -0.1177321E-04   -0.1767402E-04    0.5407960E-06
    0.3551142E-05   -0.8508332E-05    0.3698950E-05    0.8915401E-03    0.8508650E-04    0.1952506E-02    0.2004903E-03    0.1540760E-04   -0.1860074E-04    0.7988639E-05    0.2339637E-04    0.4196959E-05    0.6048692E-05    0.9734412E-04   -0.2305351E-06
    0.3460831E-05   -0.1179943E-04    0.1816781E-04    0.9178866E-04    0.4647965E-03    0.2004903E-03    0.2064903E-03   -0.3756293E-06   -0.2432712E-04   -0.1102904E-04   -0.2394027E-06   -0.6344426E-05   -0.7449589E-05    0.1012844E-04    0.1983961E-07
   -0.1044579E-07   -0.9567837E-07   -0.1495623E-06    0.1355076E-05   -0.3483286E-05    0.1540760E-04   -0.3756293E-06    0.6180265E-05    0.1677749E-05    0.1114378E-05   -0.1874079E-05    0.6929328E-06    0.4794237E-06    0.2742409E-05    0.4961722E-08
   -0.5322283E-06    0.4416287E-05    0.1312702E-05   -0.1697054E-04    0.4060435E-04   -0.1860074E-04   -0.2432712E-04    0.1677749E-05    0.5873525E-02    0.1807988E-02    0.1945644E-02   -0.6957329E-03   -0.8400877E-04   -0.5763352E-04   -0.1969335E-06
   -0.2006615E-06    0.2469731E-05    0.6729303E-06    0.9402553E-07    0.2512254E-04    0.7988639E-05   -0.1102904E-04    0.1114378E-05    0.1807988E-02    0.1221000E-02    0.9131099E-03    0.2005750E-03    0.2358259E-04   -0.1665296E-03   -0.4614985E-06
   -0.5538077E-06   -0.1786663E-05   -0.2394416E-05    0.1245094E-04   -0.2667943E-04    0.2339637E-04   -0.2394027E-06   -0.1874079E-05    0.1945644E-02    0.9131099E-03    0.3366116E-01   -0.6108208E-03    0.1505674E-02    0.1124898E-01    0.9388702E-06
   -0.1164514E-06    0.2205222E-05   -0.4191954E-06   -0.1498825E-05   -0.1525380E-05    0.4196959E-05   -0.6344426E-05    0.6929328E-06   -0.6957329E-03    0.2005750E-03   -0.6108208E-03    0.1374715E-02    0.1598942E-03   -0.4520996E-03    0.2634163E-06
   -0.6752408E-06    0.3176646E-05   -0.8973236E-06   -0.8985803E-05   -0.1177321E-04    0.6048692E-05   -0.7449589E-05    0.4794237E-06   -0.8400877E-04    0.2358259E-04    0.1505674E-02    0.1598942E-03    0.5107444E-02    0.3798767E-02    0.6856806E-06
   -0.1980694E-05    0.1597625E-04   -0.2495049E-05    0.1857295E-05   -0.1767402E-04    0.9734412E-04    0.1012844E-04    0.2742409E-05   -0.5763352E-04   -0.1665296E-03    0.1124898E-01   -0.4520996E-03    0.3798767E-02    0.3484495E-01    0.5445217E-06
    0.1700347E-08   -0.2524532E-07    0.2114901E-07   -0.1546278E-06    0.5407960E-06   -0.2305351E-06    0.1983961E-07    0.4961722E-08   -0.1969335E-06   -0.4614985E-06    0.9388702E-06    0.2634163E-06    0.6856806E-06    0.5445217E-06    0.1000695E-05
