# omegabh2 omegach2 theta tau logA ns nrun calPlanck
  1.8495359E-06  -4.5895892E-06   2.5804411E-07   5.2064581E-06   2.4865268E-05   2.4884541E-06  -1.9763689E-05   6.3068346E-10
 -4.5895892E-06   2.3788710E-05  -1.5119058E-06  -7.3047442E-06   2.5623959E-06  -6.6787634E-05  -3.2777975E-05  -3.2246301E-08
  2.5804411E-07  -1.5119058E-06   7.8307862E-07   2.2184986E-07  -1.8824082E-06   5.8930068E-06   3.5409703E-06   4.5056136E-08
  5.2064581E-06  -7.3047442E-06   2.2184986E-07   9.1470873E-05   2.5249139E-04  -3.8363103E-05  -1.5723552E-04  -3.5602261E-07
  2.4865268E-05   2.5623959E-06  -1.8824082E-06   2.5249139E-04   1.0315317E-03  -3.1563229E-04  -8.4577035E-04   1.1084344E-05
  2.4884541E-06  -6.6787634E-05   5.8930068E-06  -3.8363103E-05  -3.1563229E-04   4.7307376E-04   5.8099325E-04   1.0204821E-06
 -1.9763689E-05  -3.2777975E-05   3.5409703E-06  -1.5723552E-04  -8.4577035E-04   5.8099325E-04   1.2665133E-03   3.3825557E-06
  6.3068346E-10  -3.2246301E-08   4.5056136E-08  -3.5602261E-07   1.1084344E-05   1.0204821E-06   3.3825557E-06   6.0945429E-06
