# omegabh2 omegach2 theta tau alpha1 logA ns calPlanck calEE
    0.3167527E-05   -0.1649511E-06   -0.2504488E-05    0.1060108E-04   -0.1410567E-04    0.7561221E-04   -0.2703326E-04   -0.7708266E-07    0.1368878E-05
   -0.1649511E-06    0.2098212E-04   -0.5761586E-05   -0.3906063E-05   -0.2148881E-04    0.7652099E-04   -0.9422172E-04   -0.3772367E-06   -0.1154403E-05
   -0.2504488E-05   -0.5761586E-05    0.4357310E-05   -0.8330306E-05    0.1852314E-04   -0.8551613E-04    0.5195311E-04    0.1500558E-06   -0.1202789E-05
    0.1060108E-04   -0.3906063E-05   -0.8330306E-05    0.4849665E-03   -0.5540241E-04    0.1136860E-02   -0.5258820E-04   -0.8583881E-06   -0.2408630E-05
   -0.1410567E-04   -0.2148881E-04    0.1852314E-04   -0.5540241E-04    0.1055635E-03   -0.4483050E-03    0.2347188E-03    0.9431203E-06   -0.7073958E-05
    0.7561221E-04    0.7652099E-04   -0.8551613E-04    0.1136860E-02   -0.4483050E-03    0.4045936E-02   -0.9622849E-03    0.7360193E-05    0.1120441E-03
   -0.2703326E-04   -0.9422172E-04    0.5195311E-04   -0.5258820E-04    0.2347188E-03   -0.9622849E-03    0.7682784E-03    0.2134831E-05   -0.3225017E-05
   -0.7708266E-07   -0.3772367E-06    0.1500558E-06   -0.8583881E-06    0.9431203E-06    0.7360193E-05    0.2134831E-05    0.5993760E-05   -0.8620898E-07
    0.1368878E-05   -0.1154403E-05   -0.1202789E-05   -0.2408630E-05   -0.7073958E-05    0.1120441E-03   -0.3225017E-05   -0.8620898E-07    0.9665311E-04
