# omegabh2 omegach2 theta tau mnu ns logA aps100 aps143 aps217 acib143 acib217 asz143 psr cibr ncib cal0 cal2 xi aksz bm_1_1 bm_1_2 bm_1_3 bm_1_4 bm_1_5 bm_2_1 bm_2_2 bm_2_3 bm_2_4 bm_2_5 bm_3_1 bm_3_2 bm_3_3 bm_3_4 bm_3_5 bm_4_1 bm_4_2 bm_4_3 bm_4_4 bm_4_5 a_ps_act_148 a_ps_act_217 a_ps_spt_95 a_ps_spt_150 a_ps_spt_220 r_ps_spt_95x150 r_ps_spt_95x220 r_ps_150x220 act_dust_s act_dust_e cal_acts_148 cal_acts_217 cal_acte_148 cal_acte_217 cal_spt_95 cal_spt_150 cal_spt_220
    0.83748E-07   -0.46483E-06    0.98625E-07    0.82943E-06   -0.26514E-04    0.12799E-05    0.80873E-06   -0.59908E-03   -0.88034E-03   -0.72884E-03    0.35681E-06    0.69688E-04    0.27696E-04   -0.99808E-06   -0.90536E-06    0.13587E-05   -0.15931E-08   -0.32839E-08   -0.85748E-05   -0.88885E-04   -0.19454E-04   -0.73717E-05    0.24460E-05   -0.76935E-05    0.88455E-05   -0.59858E-05    0.12270E-05   -0.60978E-05    0.26061E-05    0.25425E-05   -0.43175E-05   -0.11212E-04   -0.11923E-04   -0.82255E-05    0.45904E-05   -0.49823E-05   -0.94583E-05   -0.29854E-05    0.12344E-06   -0.17398E-05    0.10027E-04    0.96243E-04    0.33439E-04    0.25564E-04    0.10301E-03   -0.86404E-06   -0.20276E-05   -0.22255E-06   -0.28198E-06   -0.24483E-05    0.43736E-06    0.51911E-06    0.45595E-06    0.45297E-06    0.92592E-06    0.81770E-06    0.57371E-06
   -0.46483E-06    0.74997E-05   -0.83164E-06   -0.10062E-04    0.17933E-03   -0.17262E-04   -0.27472E-05    0.34162E-02    0.39921E-02    0.31153E-02    0.24158E-04    0.12192E-03    0.40972E-04    0.11486E-04    0.52681E-05   -0.14339E-06    0.14295E-07    0.49911E-07    0.18548E-04    0.35313E-04    0.19772E-03   -0.30713E-04   -0.20424E-04   -0.40480E-04   -0.50901E-04    0.11229E-03   -0.49300E-04    0.35478E-04    0.33146E-04   -0.78822E-04    0.41915E-04    0.33233E-04    0.57788E-04   -0.10082E-03   -0.26080E-04    0.92032E-04    0.89490E-04   -0.44081E-04    0.20837E-04    0.56547E-04   -0.42971E-04   -0.85720E-03   -0.93787E-04   -0.13192E-03   -0.73878E-03    0.83089E-06    0.78668E-05    0.77728E-06    0.38675E-05    0.18905E-04   -0.23983E-05   -0.30852E-05   -0.25194E-05   -0.30197E-05   -0.38100E-05   -0.39690E-05   -0.20150E-05
    0.98625E-07   -0.83164E-06    0.42626E-06    0.12919E-05   -0.51987E-04    0.25711E-05    0.11329E-05   -0.47371E-03   -0.81118E-03   -0.64762E-03   -0.50313E-06    0.60887E-04    0.11623E-04   -0.22046E-05   -0.13345E-05    0.13749E-05    0.13790E-08    0.16703E-08   -0.11309E-04   -0.75590E-04   -0.18776E-04   -0.48204E-05    0.33767E-05   -0.21159E-04    0.24302E-05   -0.15700E-04   -0.25325E-05   -0.13206E-04    0.16154E-04    0.14323E-04   -0.15813E-04   -0.14556E-04   -0.21029E-04   -0.13417E-04    0.76665E-05   -0.16726E-04   -0.22299E-04   -0.12911E-04    0.32959E-05    0.52750E-05   -0.88291E-06    0.11701E-03    0.36276E-04    0.10427E-04    0.83862E-04   -0.12297E-05   -0.37546E-05   -0.23311E-06    0.31721E-06   -0.50614E-05    0.41374E-06    0.51391E-06    0.46550E-06    0.39838E-06    0.93289E-06    0.74686E-06    0.36607E-06
    0.82943E-06   -0.10062E-04    0.12919E-05    0.16777E-03    0.76086E-04    0.31082E-04    0.30955E-03   -0.19043E-01   -0.12786E-01   -0.81886E-02   -0.92928E-04   -0.41003E-03    0.18991E-03   -0.41476E-04   -0.26148E-04    0.13101E-04    0.26284E-07    0.78324E-07   -0.13024E-03   -0.13118E-02   -0.39903E-03   -0.27555E-03   -0.24911E-03    0.27945E-03    0.34269E-03    0.15562E-03    0.31031E-03   -0.68227E-04    0.38107E-03    0.45791E-03   -0.55318E-04    0.14571E-03   -0.22134E-03    0.23716E-03   -0.31086E-03    0.87020E-04   -0.63509E-04    0.35990E-03    0.22750E-03    0.31977E-03    0.22554E-03    0.29823E-02    0.16691E-03    0.49891E-03    0.11672E-02    0.76604E-05   -0.20222E-04   -0.24174E-05    0.55851E-04    0.23916E-05    0.79311E-05    0.89118E-05    0.86707E-05    0.95802E-05    0.13311E-04    0.86968E-05   -0.41796E-05
   -0.26514E-04    0.17933E-03   -0.51987E-04    0.76086E-04    0.49599E-01   -0.60396E-03    0.33933E-03    0.50763E+00    0.33139E+00    0.26626E+00   -0.31355E-03   -0.50551E-01   -0.18819E-01    0.40231E-03    0.23379E-03   -0.10541E-02   -0.11151E-05   -0.15198E-06    0.52648E-02    0.69389E-01    0.52272E-02    0.73123E-03    0.29782E-02    0.54974E-02   -0.23957E-03   -0.43432E-02   -0.37167E-03    0.95286E-02   -0.54385E-02   -0.11668E-02    0.43629E-02    0.29454E-02    0.13387E-01    0.73568E-02    0.48261E-02   -0.21787E-02    0.39234E-02    0.55574E-02   -0.63634E-02    0.37971E-03   -0.69980E-02   -0.25838E-01   -0.19040E-01   -0.12262E-01   -0.26883E-01    0.63161E-03    0.11678E-02    0.23602E-03   -0.15327E-03    0.10387E-02   -0.17123E-03   -0.18707E-03   -0.16055E-03   -0.16539E-03   -0.36864E-03   -0.30408E-03   -0.23113E-03
    0.12799E-05   -0.17262E-04    0.25711E-05    0.31082E-04   -0.60396E-03    0.56118E-04    0.19897E-04   -0.36230E-01   -0.22262E-01   -0.15749E-01   -0.96902E-04    0.86826E-03    0.54567E-03   -0.46564E-04   -0.18341E-04    0.30078E-04   -0.80052E-07    0.64517E-07   -0.20808E-03   -0.15307E-02   -0.63421E-03   -0.78114E-04    0.69499E-04   -0.79966E-04    0.19946E-03   -0.48577E-05    0.32674E-03   -0.22943E-03   -0.23171E-05    0.50140E-04   -0.73796E-04   -0.22537E-03   -0.30434E-03    0.37383E-04    0.16008E-03   -0.20533E-04   -0.12049E-03    0.14724E-03    0.16441E-03   -0.13899E-03    0.19833E-03    0.25303E-02    0.49993E-03    0.49802E-03    0.17367E-02   -0.18667E-04   -0.40322E-04   -0.29660E-05   -0.35316E-05   -0.45703E-04    0.10706E-04    0.11430E-04    0.11170E-04    0.11682E-04    0.18677E-04    0.16644E-04    0.81223E-05
    0.80873E-06   -0.27472E-05    0.11329E-05    0.30955E-03    0.33933E-03    0.19897E-04    0.61458E-03   -0.44187E-01   -0.21094E-01   -0.12197E-01   -0.17949E-03    0.24488E-03    0.63295E-03   -0.56693E-04   -0.47860E-04    0.44151E-04    0.15802E-06    0.65691E-06   -0.28281E-03   -0.32031E-02    0.11858E-03   -0.55510E-03   -0.64141E-03    0.48501E-03    0.52354E-03    0.10723E-02    0.65697E-03   -0.13753E-03    0.90857E-03    0.58695E-03    0.83260E-04    0.43805E-03   -0.32940E-03    0.82008E-04   -0.76457E-03    0.79381E-03    0.31650E-03    0.65124E-03    0.68392E-03    0.78356E-03    0.36644E-03    0.40097E-02    0.34999E-03    0.73411E-03    0.58169E-03    0.52700E-05   -0.42373E-04   -0.40902E-05    0.12003E-03    0.40527E-04    0.12054E-04    0.12358E-04    0.12952E-04    0.13523E-04    0.20444E-04    0.10169E-04   -0.11474E-04
   -0.59908E-03    0.34162E-02   -0.47371E-03   -0.19043E-01    0.50763E+00   -0.36230E-01   -0.44187E-01    0.15811E+04    0.79306E+02    0.25288E+02    0.10147E+01   -0.47141E+01   -0.92791E+01   -0.66043E-01   -0.52172E-01   -0.16927E+00    0.11630E-02   -0.27850E-02    0.10311E+01    0.65886E+01    0.15703E+02   -0.64640E+01   -0.66015E+00    0.79847E+00    0.74218E+00   -0.34723E+01   -0.60024E+01    0.39508E+00   -0.11564E+01   -0.87624E+00   -0.61842E+00   -0.14444E+00    0.49858E+00   -0.49066E+00   -0.39144E+01   -0.24390E+01   -0.22591E+01   -0.35027E+01   -0.15532E+01    0.20308E+01    0.87953E+00    0.13904E+01    0.32257E+01   -0.15688E+00    0.38274E+01    0.48455E-01   -0.24395E+00   -0.84120E-01   -0.74490E-01    0.14156E+00   -0.25301E-01    0.40917E-02   -0.24476E-01    0.12343E-02   -0.56613E-01   -0.35594E-01    0.13826E-01
   -0.88034E-03    0.39921E-02   -0.81118E-03   -0.12786E-01    0.33139E+00   -0.22262E-01   -0.21094E-01    0.79306E+02    0.63742E+02    0.16268E+02    0.14231E+00   -0.13164E+00   -0.21486E+01    0.31176E-01    0.25604E-01   -0.29948E-01   -0.42561E-04   -0.10146E-02    0.25235E+00    0.12314E+01   -0.63867E-01   -0.88896E-01   -0.10632E+00    0.93042E-01   -0.32118E+00    0.11103E+00   -0.31918E+00    0.23616E-01   -0.14309E+00    0.15312E+00   -0.10640E+00    0.29748E+00    0.13212E+00    0.25534E-01   -0.20444E+00    0.64279E-01   -0.91573E-01   -0.25261E+00   -0.17703E+00    0.77365E-01    0.17691E+00   -0.12296E+01    0.67420E+00   -0.31304E+00   -0.12410E+01    0.13596E-01   -0.29914E-01   -0.25861E-01    0.66423E-03    0.54279E-01   -0.12938E-01   -0.63591E-02   -0.13002E-01   -0.76959E-02   -0.28037E-01   -0.19018E-01   -0.12307E-01
   -0.72884E-03    0.31153E-02   -0.64762E-03   -0.81886E-02    0.26626E+00   -0.15749E-01   -0.12197E-01    0.25288E+02    0.16268E+02    0.92859E+02   -0.12499E+01   -0.32846E+02    0.70481E-01   -0.34604E+00   -0.29521E-01   -0.42070E+00    0.13064E-04   -0.11124E-03    0.15215E+00    0.18086E+01    0.19565E+00   -0.24950E+00    0.32610E+00    0.29189E+00   -0.43719E+00   -0.17495E+00    0.28022E-02    0.30448E+00   -0.47860E+00    0.16789E+00   -0.91326E-01    0.53198E+00   -0.20534E+00    0.16033E+00   -0.95751E-01   -0.21416E+00    0.11253E+00    0.16521E+00   -0.40082E+00   -0.22637E+00    0.15400E+00    0.16163E+02   -0.73273E+00    0.50991E+00    0.76984E+01   -0.55829E-01   -0.72595E-01    0.92585E-02    0.54659E-01    0.68129E-01   -0.72727E-02   -0.29714E-01   -0.58841E-02   -0.31186E-01   -0.98158E-02   -0.96516E-02   -0.55805E-01
    0.35681E-06    0.24158E-04   -0.50313E-06   -0.92928E-04   -0.31355E-03   -0.96902E-04   -0.17949E-03    0.10147E+01    0.14231E+00   -0.12499E+01    0.67048E+00    0.12945E+01    0.54890E+00    0.36770E-02   -0.54589E-02    0.30987E-03   -0.97228E-05    0.52916E-04    0.46820E-04   -0.91777E+00    0.87403E-02   -0.29797E-01    0.16944E-01   -0.21304E-01    0.34561E-01   -0.23999E-01    0.10519E-01   -0.35281E-02    0.27606E-01   -0.18520E-01    0.23637E-01   -0.60189E-01   -0.26743E-01   -0.14573E-01   -0.21280E-01   -0.20108E-02   -0.14442E-01    0.19485E-01    0.43131E-02    0.31842E-01    0.53224E-01   -0.25775E+00   -0.20633E+00   -0.27622E-01   -0.10150E+00    0.49392E-01    0.46280E-01   -0.38266E-02   -0.43733E-03   -0.55040E-02    0.10813E-03    0.14204E-03    0.26515E-03    0.38275E-03   -0.56403E-03    0.61109E-03    0.18392E-02
    0.69688E-04    0.12192E-03    0.60887E-04   -0.41003E-03   -0.50551E-01    0.86826E-03    0.24488E-03   -0.47141E+01   -0.13164E+00   -0.32846E+02    0.12945E+01    0.20120E+02    0.18494E+01    0.20087E+00    0.20529E-01    0.25993E+00   -0.32804E-05    0.98251E-04   -0.38369E+00   -0.43565E+01    0.15715E-01    0.87021E-01   -0.12569E+00   -0.32103E+00    0.30866E+00    0.11195E+00    0.11778E+00   -0.36045E+00    0.42486E+00   -0.19648E+00    0.77439E-01   -0.56125E+00   -0.76804E-01   -0.44352E+00   -0.84494E-01    0.17853E+00   -0.16969E+00   -0.27415E-01    0.36324E+00    0.19471E+00   -0.34890E+00   -0.10816E+02   -0.79564E-01   -0.70743E+00   -0.68673E+01    0.60476E-01    0.60583E-01   -0.12295E-01   -0.19387E-01   -0.17042E-01   -0.15160E-03    0.68391E-02   -0.12236E-02    0.83487E-02   -0.64373E-03   -0.24690E-02    0.20064E-01
    0.27696E-04    0.40972E-04    0.11623E-04    0.18991E-03   -0.18819E-01    0.54567E-03    0.63295E-03   -0.92791E+01   -0.21486E+01    0.70481E-01    0.54890E+00    0.18494E+01    0.18102E+01    0.16012E-01    0.18473E-01    0.15228E-01    0.33436E-05   -0.12447E-03   -0.17354E+00   -0.22194E+01    0.24831E-01    0.11958E-01    0.44094E-01   -0.95392E-01    0.80304E-01    0.67984E-02    0.47071E-01   -0.12131E+00    0.33444E-01   -0.12092E-01   -0.27968E-01   -0.75276E-01   -0.96581E-01   -0.87852E-01   -0.11396E-01    0.15342E-01   -0.85054E-01    0.17824E-02    0.52626E-01   -0.15596E-01   -0.58187E-01   -0.75594E+00   -0.68985E+00   -0.85430E-01   -0.10878E+01    0.42273E-01    0.68657E-01   -0.14051E-02    0.28324E-02   -0.38609E-02    0.72387E-03   -0.27137E-02    0.61657E-03   -0.22171E-02    0.29665E-02    0.59901E-03   -0.12032E-02
   -0.99808E-06    0.11486E-04   -0.22046E-05   -0.41476E-04    0.40231E-03   -0.46564E-04   -0.56693E-04   -0.66043E-01    0.31176E-01   -0.34604E+00    0.36770E-02    0.20087E+00    0.16012E-01    0.42519E-02   -0.59190E-04    0.27326E-02    0.47384E-06   -0.10614E-05   -0.12238E-02   -0.19515E-01   -0.91429E-03    0.50714E-02   -0.29583E-02   -0.17006E-02    0.17996E-02    0.30791E-02   -0.58188E-02    0.92067E-04    0.15360E-02    0.17500E-02    0.28752E-02   -0.44918E-03    0.12459E-02   -0.17270E-03    0.20017E-02    0.49057E-02   -0.94937E-03   -0.57189E-02   -0.21331E-02   -0.80930E-03   -0.38329E-03   -0.13793E+00   -0.70457E-02   -0.27989E-02   -0.93595E-01    0.46004E-03    0.15121E-02    0.31431E-03   -0.11197E-03    0.70649E-04   -0.16118E-04    0.60531E-06   -0.42155E-04    0.19724E-04    0.17763E-04   -0.50895E-04    0.15831E-03
   -0.90536E-06    0.52681E-05   -0.13345E-05   -0.26148E-04    0.23379E-03   -0.18341E-04   -0.47860E-04   -0.52172E-01    0.25604E-01   -0.29521E-01   -0.54589E-02    0.20529E-01    0.18473E-01   -0.59190E-04    0.29123E-02   -0.24886E-03   -0.64434E-07    0.38086E-05   -0.34140E-04   -0.78227E-02    0.54315E-03   -0.76087E-03   -0.40124E-03    0.13567E-02   -0.69494E-03   -0.20146E-02    0.42981E-03   -0.81112E-03    0.94394E-03    0.12719E-02    0.16413E-02   -0.48290E-03    0.17717E-02    0.50046E-03   -0.18711E-02   -0.13595E-03   -0.12758E-02    0.19971E-02    0.10828E-02    0.58615E-03    0.60001E-02    0.21036E-02   -0.11841E-01    0.37225E-02    0.76035E-02   -0.21181E-04    0.15217E-02   -0.37898E-03   -0.23914E-03   -0.15560E-03    0.40273E-05    0.27270E-04   -0.35166E-05    0.32047E-04    0.33013E-04   -0.91609E-05    0.99372E-04
    0.13587E-05   -0.14339E-06    0.13749E-05    0.13101E-04   -0.10541E-02    0.30078E-04    0.44151E-04   -0.16927E+00   -0.29948E-01   -0.42070E+00    0.30987E-03    0.25993E+00    0.15228E-01    0.27326E-02   -0.24886E-03    0.45967E-02    0.34696E-06   -0.61788E-05   -0.57861E-02   -0.36998E-01    0.24234E-02   -0.12234E-02   -0.36276E-02   -0.52113E-02    0.47130E-02    0.51343E-02    0.50207E-02   -0.84594E-02    0.92581E-02   -0.53292E-02   -0.26703E-02   -0.12021E-01   -0.13754E-02   -0.10040E-01   -0.34419E-02    0.26162E-02   -0.25072E-02    0.25192E-02    0.10166E-01    0.66176E-02   -0.86627E-02   -0.16967E+00    0.23475E-02   -0.10336E-01   -0.12133E+00   -0.43464E-03   -0.23837E-03    0.19609E-03   -0.19221E-03    0.34514E-04    0.63039E-05    0.56717E-04   -0.15869E-04    0.72685E-04    0.50964E-04   -0.41653E-04    0.17988E-03
   -0.15931E-08    0.14295E-07    0.13790E-08    0.26284E-07   -0.11151E-05   -0.80052E-07    0.15802E-06    0.11630E-02   -0.42561E-04    0.13064E-04   -0.97228E-05   -0.32804E-05    0.33436E-05    0.47384E-06   -0.64434E-07    0.34696E-06    0.15921E-06    0.92301E-08   -0.15626E-06    0.69549E-05   -0.24757E-04   -0.30739E-06   -0.63109E-05    0.49781E-05    0.92697E-05    0.17531E-04   -0.10153E-05   -0.39213E-05    0.16202E-05    0.91627E-05    0.85522E-06    0.78712E-05    0.49722E-05   -0.12211E-06    0.64742E-05    0.15674E-04   -0.28351E-06   -0.18298E-05    0.10181E-05    0.30823E-06    0.15743E-05   -0.12596E-04   -0.25315E-05    0.27534E-05   -0.20390E-04   -0.56137E-06    0.90806E-07    0.19301E-06    0.56607E-06   -0.62156E-06   -0.77135E-08   -0.17914E-07   -0.23931E-07    0.18057E-07    0.14382E-06    0.47691E-08    0.15575E-06
   -0.32839E-08    0.49911E-07    0.16703E-08    0.78324E-07   -0.15198E-06    0.64517E-07    0.65691E-06   -0.27850E-02   -0.10146E-02   -0.11124E-03    0.52916E-04    0.98251E-04   -0.12447E-03   -0.10614E-05    0.38086E-05   -0.61788E-05    0.92301E-08    0.11160E-05    0.24272E-04    0.11721E-03    0.94149E-04    0.60932E-04   -0.26851E-04    0.14624E-04   -0.23714E-04    0.39241E-03    0.51340E-04   -0.27276E-06    0.17617E-04    0.11529E-04   -0.33829E-03    0.36192E-04   -0.56950E-04    0.22721E-04    0.13077E-05    0.56510E-04    0.97506E-04   -0.43628E-04   -0.42131E-04    0.12455E-04    0.42705E-04    0.21699E-03    0.67102E-04    0.24507E-04    0.37800E-03    0.34186E-05    0.13840E-05   -0.24930E-05   -0.65282E-06   -0.41093E-05    0.30764E-06    0.11718E-05    0.33740E-06    0.11533E-05   -0.29717E-06    0.42366E-06    0.15722E-05
   -0.85748E-05    0.18548E-04   -0.11309E-04   -0.13024E-03    0.52648E-02   -0.20808E-03   -0.28281E-03    0.10311E+01    0.25235E+00    0.15215E+00    0.46820E-04   -0.38369E+00   -0.17354E+00   -0.12238E-02   -0.34140E-04   -0.57861E-02   -0.15626E-06    0.24272E-04    0.63662E-01    0.36631E+00    0.26619E-02   -0.12376E-01   -0.80285E-02    0.26161E-01   -0.18069E-01    0.21071E-02   -0.11345E-01    0.34387E-01   -0.61913E-02    0.85236E-02    0.52847E-02    0.79846E-02    0.21029E-01    0.26052E-01   -0.48963E-02   -0.16986E-02    0.17665E-01    0.53994E-02   -0.21152E-01    0.14683E-01    0.60177E-01    0.15463E+00   -0.83611E-02    0.55945E-01    0.19672E+00    0.48100E-02    0.91500E-02    0.11759E-02   -0.57979E-03   -0.21544E-03   -0.17648E-05    0.20128E-03   -0.10104E-05    0.17406E-03   -0.16747E-03    0.17929E-03    0.41967E-03
   -0.88885E-04    0.35313E-04   -0.75590E-04   -0.13118E-02    0.69389E-01   -0.15307E-02   -0.32031E-02    0.65886E+01    0.12314E+01    0.18086E+01   -0.91777E+00   -0.43565E+01   -0.22194E+01   -0.19515E-01   -0.78227E-02   -0.36998E-01    0.69549E-05    0.11721E-03    0.36631E+00    0.44941E+01   -0.11643E-01   -0.17677E-01   -0.90936E-01    0.20221E+00   -0.13609E+00    0.47994E-01   -0.11786E+00    0.22000E+00   -0.62643E-01    0.76916E-01   -0.16852E-01    0.14953E+00    0.17627E+00    0.21731E+00   -0.14856E-01   -0.14481E-01    0.12054E+00   -0.24068E-02   -0.14776E+00    0.77884E-01    0.72510E-01    0.13742E+01    0.21090E+00    0.22171E+00    0.16817E+01   -0.44488E-01   -0.24330E-01    0.16819E-01   -0.86883E-02   -0.30914E-02    0.10446E-03    0.25860E-02    0.22225E-03    0.20521E-02   -0.74367E-04    0.10817E-02    0.16969E-02
   -0.19454E-04    0.19772E-03   -0.18776E-04   -0.39903E-03    0.52272E-02   -0.63421E-03    0.11858E-03    0.15703E+02   -0.63867E-01    0.19565E+00    0.87403E-02    0.15715E-01    0.24831E-01   -0.91429E-03    0.54315E-03    0.24234E-02   -0.24757E-04    0.94149E-04    0.26619E-02   -0.11643E-01    0.64551E+00   -0.15674E+00   -0.42721E-01    0.25493E-01    0.17230E-01    0.20259E+00   -0.28656E-01   -0.49588E-01   -0.19752E-01   -0.82576E-01    0.40119E-01    0.42074E-01   -0.22377E-01   -0.64027E-01   -0.13825E+00    0.18164E+00    0.54074E-01   -0.13467E-01    0.51677E-01    0.48461E-01    0.68637E-02   -0.39362E-01   -0.28182E-01    0.65352E-03   -0.81368E-01    0.16146E-02    0.31671E-02   -0.17238E-04    0.13417E-03    0.42353E-02    0.12480E-03    0.52767E-04    0.12193E-04   -0.34176E-04   -0.14575E-03   -0.22575E-03   -0.33317E-04
   -0.73717E-05   -0.30713E-04   -0.48204E-05   -0.27555E-03    0.73123E-03   -0.78114E-04   -0.55510E-03   -0.64640E+01   -0.88896E-01   -0.24950E+00   -0.29797E-01    0.87021E-01    0.11958E-01    0.50714E-02   -0.76087E-03   -0.12234E-02   -0.30739E-06    0.60932E-04   -0.12376E-01   -0.17677E-01   -0.15674E+00    0.89542E+00    0.37825E-01   -0.98872E-02   -0.67980E-02   -0.10296E+00    0.19260E+00    0.89278E-01    0.14562E-01    0.61262E-01   -0.95333E-01   -0.52830E-02    0.25479E-01    0.44409E-01    0.21166E+00   -0.18061E+00    0.63637E-01    0.11809E+00    0.96666E-03   -0.16078E+00   -0.27390E-01   -0.63563E-01    0.19068E-01   -0.17890E-01   -0.93063E-01   -0.39033E-02   -0.55843E-02    0.40089E-03    0.17377E-02   -0.18297E-02   -0.14893E-04   -0.23675E-04    0.21638E-04   -0.10773E-03   -0.12406E-03   -0.81279E-04   -0.19358E-03
    0.24460E-05   -0.20424E-04    0.33767E-05   -0.24911E-03    0.29782E-02    0.69499E-04   -0.64141E-03   -0.66015E+00   -0.10632E+00    0.32610E+00    0.16944E-01   -0.12569E+00    0.44094E-01   -0.29583E-02   -0.40124E-03   -0.36276E-02   -0.63109E-05   -0.26851E-04   -0.80285E-02   -0.90936E-01   -0.42721E-01    0.37825E-01    0.99437E+00    0.21372E-01   -0.69156E-02   -0.12331E+00   -0.72386E-01    0.16934E+00   -0.32462E-01    0.44024E-01   -0.88952E-01   -0.22580E-02   -0.79924E-01   -0.70190E-03    0.13274E+00   -0.16386E+00   -0.50010E-02   -0.52004E-01   -0.21172E+00    0.79990E-01   -0.17589E-01    0.11774E+00   -0.42911E-02   -0.17122E-01    0.81175E-01   -0.70024E-03   -0.31973E-02   -0.46966E-03   -0.45500E-02    0.17218E-02   -0.48185E-04   -0.13671E-03    0.86926E-04   -0.82046E-04    0.64168E-04   -0.22992E-03   -0.43435E-03
   -0.76935E-05   -0.40480E-04   -0.21159E-04    0.27945E-03    0.54974E-02   -0.79966E-04    0.48501E-03    0.79847E+00    0.93042E-01    0.29189E+00   -0.21304E-01   -0.32103E+00   -0.95392E-01   -0.17006E-02    0.13567E-02   -0.52113E-02    0.49781E-05    0.14624E-04    0.26161E-01    0.20221E+00    0.25493E-01   -0.98872E-02    0.21372E-01    0.93474E+00   -0.58215E-02    0.59737E-01   -0.84062E-01    0.92837E-01   -0.38350E-01    0.48995E-01    0.58708E-01    0.84593E-01    0.10302E+00    0.19849E+00   -0.90892E-01    0.72298E-01    0.60197E-01    0.76973E-02   -0.10571E+00    0.76454E-01    0.15103E-01    0.19064E+00   -0.17229E-02    0.24459E-01    0.18649E+00    0.65430E-03    0.19720E-02    0.53538E-03   -0.26208E-02    0.53931E-02   -0.10323E-03   -0.28755E-04   -0.12761E-04    0.23277E-04   -0.12876E-03    0.23146E-03   -0.87149E-04
    0.88455E-05   -0.50901E-04    0.24302E-05    0.34269E-03   -0.23957E-03    0.19946E-03    0.52354E-03    0.74218E+00   -0.32118E+00   -0.43719E+00    0.34561E-01    0.30866E+00    0.80304E-01    0.17996E-02   -0.69494E-03    0.47130E-02    0.92697E-05   -0.23714E-04   -0.18069E-01   -0.13609E+00    0.17230E-01   -0.67980E-02   -0.69156E-02   -0.58215E-02    0.98261E+00   -0.22688E-01    0.12859E+00   -0.12624E+00    0.16732E-02    0.59168E-01    0.52253E-01   -0.11068E+00   -0.12504E+00    0.11007E+00    0.78863E-01    0.53577E-01   -0.12114E+00    0.13637E+00    0.41798E-01   -0.57074E-01    0.11530E-02   -0.18991E+00   -0.13278E-01   -0.96995E-02   -0.14444E+00    0.21976E-02    0.19070E-02   -0.85683E-04   -0.11735E-02    0.43518E-02    0.11983E-04   -0.99521E-04   -0.44282E-04   -0.53171E-04    0.24593E-03    0.26884E-03    0.16226E-03
   -0.59858E-05    0.11229E-03   -0.15700E-04    0.15562E-03   -0.43432E-02   -0.48577E-05    0.10723E-02   -0.34723E+01    0.11103E+00   -0.17495E+00   -0.23999E-01    0.11195E+00    0.67984E-02    0.30791E-02   -0.20146E-02    0.51343E-02    0.17531E-04    0.39241E-03    0.21071E-02    0.47994E-01    0.20259E+00   -0.10296E+00   -0.12331E+00    0.59737E-01   -0.22688E-01    0.80940E+00    0.13751E-01   -0.34625E-01    0.42120E-01   -0.94245E-01    0.14978E+00    0.14327E+00   -0.98423E-02   -0.62830E-01   -0.10353E+00    0.68093E+00    0.29016E+00   -0.42501E-01    0.75492E-01    0.84278E-01   -0.99016E-02   -0.60226E-01    0.93497E-02    0.11461E-01   -0.84351E-01   -0.13281E-02    0.20525E-02    0.16396E-02   -0.24542E-02    0.21334E-02    0.37755E-03    0.21984E-03    0.18389E-03    0.21980E-03    0.56455E-03    0.26290E-03   -0.73566E-04
    0.12270E-05   -0.49300E-04   -0.25325E-05    0.31031E-03   -0.37167E-03    0.32674E-03    0.65697E-03   -0.60024E+01   -0.31918E+00    0.28022E-02    0.10519E-01    0.11778E+00    0.47071E-01   -0.58188E-02    0.42981E-03    0.50207E-02   -0.10153E-05    0.51340E-04   -0.11345E-01   -0.11786E+00   -0.28656E-01    0.19260E+00   -0.72386E-01   -0.84062E-01    0.12859E+00    0.13751E-01    0.10854E+01   -0.10313E+00    0.19921E-02    0.80689E-03    0.11327E+00   -0.71160E-03   -0.89652E-01   -0.29045E-01    0.16797E+00    0.92491E-03    0.21968E+00    0.83579E+00    0.38786E+00   -0.23202E+00   -0.10514E-01    0.16205E-02    0.75566E-02   -0.14103E-01   -0.11082E+00   -0.55243E-03   -0.22655E-02   -0.60574E-03    0.16660E-04   -0.41220E-02    0.18362E-03    0.16338E-03    0.21950E-03    0.21346E-03    0.28344E-03    0.29540E-03   -0.22477E-03
   -0.60978E-05    0.35478E-04   -0.13206E-04   -0.68227E-04    0.95286E-02   -0.22943E-03   -0.13753E-03    0.39508E+00    0.23616E-01    0.30448E+00   -0.35281E-02   -0.36045E+00   -0.12131E+00    0.92067E-04   -0.81112E-03   -0.84594E-02   -0.39213E-05   -0.27276E-06    0.34387E-01    0.22000E+00   -0.49588E-01    0.89278E-01    0.16934E+00    0.92837E-01   -0.12624E+00   -0.34625E-01   -0.10313E+00    0.10104E+01    0.24629E-01   -0.29149E-01    0.53334E-01   -0.64818E-01    0.18311E+00    0.17957E+00   -0.86286E-01   -0.23746E+00    0.62661E+00    0.41569E-01   -0.62365E+00    0.21725E+00    0.22060E-01    0.21814E+00    0.35698E-01    0.27839E-01    0.18589E+00    0.10455E-02    0.16552E-02    0.38309E-03    0.48704E-03   -0.47808E-03   -0.12714E-03    0.80139E-04   -0.61108E-04    0.10157E-04   -0.16996E-03    0.13668E-03    0.35287E-03
    0.26061E-05    0.33146E-04    0.16154E-04    0.38107E-03   -0.54385E-02   -0.23171E-05    0.90857E-03   -0.11564E+01   -0.14309E+00   -0.47860E+00    0.27606E-01    0.42486E+00    0.33444E-01    0.15360E-02    0.94394E-03    0.92581E-02    0.16202E-05    0.17617E-04   -0.61913E-02   -0.62643E-01   -0.19752E-01    0.14562E-01   -0.32462E-01   -0.38350E-01    0.16732E-02    0.42120E-01    0.19921E-02    0.24629E-01    0.85076E+00    0.28359E-01    0.21629E-01   -0.11789E+00   -0.67197E-01   -0.47994E-01   -0.11942E+00   -0.22883E-02    0.81643E-01   -0.14248E-01    0.23959E+00    0.54662E+00   -0.32470E-02   -0.31791E+00    0.23031E-01   -0.99245E-02   -0.16729E+00    0.23176E-03    0.11746E-02   -0.46143E-04   -0.51590E-03   -0.17331E-02    0.78965E-04   -0.48429E-05   -0.86717E-04    0.10296E-04    0.26147E-03    0.30359E-04    0.21659E-03
    0.25425E-05   -0.78822E-04    0.14323E-04    0.45791E-03   -0.11668E-02    0.50140E-04    0.58695E-03   -0.87624E+00    0.15312E+00    0.16789E+00   -0.18520E-01   -0.19648E+00   -0.12092E-01    0.17500E-02    0.12719E-02   -0.53292E-02    0.91627E-05    0.11529E-04    0.85236E-02    0.76916E-01   -0.82576E-01    0.61262E-01    0.44024E-01    0.48995E-01    0.59168E-01   -0.94245E-01    0.80689E-03   -0.29149E-01    0.28359E-01    0.86368E+00   -0.87372E-01    0.64234E-01    0.46555E-02    0.17882E+00    0.49922E-01    0.16079E-01   -0.51067E+00    0.31530E+00   -0.25826E+00    0.18809E+00    0.21317E-01    0.84543E-01   -0.31697E-01    0.15179E-01    0.18013E+00    0.16169E-02    0.31431E-02    0.25628E-03    0.24245E-02   -0.66964E-02   -0.47206E-04   -0.18888E-03   -0.13393E-03   -0.92373E-04   -0.20667E-03    0.70632E-04    0.27526E-03
   -0.43175E-05    0.41915E-04   -0.15813E-04   -0.55318E-04    0.43629E-02   -0.73796E-04    0.83260E-04   -0.61842E+00   -0.10640E+00   -0.91326E-01    0.23637E-01    0.77439E-01   -0.27968E-01    0.28752E-02    0.16413E-02   -0.26703E-02    0.85522E-06   -0.33829E-03    0.52847E-02   -0.16852E-01    0.40119E-01   -0.95333E-01   -0.88952E-01    0.58708E-01    0.52253E-01    0.14978E+00    0.11327E+00    0.53334E-01    0.21629E-01   -0.87372E-01    0.87824E+00    0.48064E-01    0.34185E-01   -0.36206E-01   -0.39768E-01    0.65520E+00    0.23234E+00    0.15446E+00    0.12158E+00   -0.72544E-01    0.23770E-01    0.81839E-01    0.28864E-01    0.18461E-01    0.81397E-01    0.19941E-02    0.19801E-02   -0.87018E-03   -0.46840E-02    0.21217E-02   -0.25098E-04    0.24149E-03   -0.17439E-03    0.24741E-03    0.60450E-04    0.13794E-03    0.47568E-03
   -0.11212E-04    0.33233E-04   -0.14556E-04    0.14571E-03    0.29454E-02   -0.22537E-03    0.43805E-03   -0.14444E+00    0.29748E+00    0.53198E+00   -0.60189E-01   -0.56125E+00   -0.75276E-01   -0.44918E-03   -0.48290E-03   -0.12021E-01    0.78712E-05    0.36192E-04    0.79846E-02    0.14953E+00    0.42074E-01   -0.52830E-02   -0.22580E-02    0.84593E-01   -0.11068E+00    0.14327E+00   -0.71160E-03   -0.64818E-01   -0.11789E+00    0.64234E-01    0.48064E-01    0.93465E+00    0.33677E-01   -0.43443E-02   -0.42278E-01    0.14716E+00    0.15942E+00   -0.65327E-02    0.14573E+00    0.10338E+00    0.14556E-01    0.40416E+00    0.11520E-01    0.26455E-01    0.32709E+00   -0.34458E-02   -0.30643E-02    0.16284E-03   -0.25278E-03   -0.18252E-02    0.38837E-04   -0.19503E-03   -0.17589E-04   -0.66032E-04   -0.21126E-03   -0.11028E-04   -0.39258E-03
   -0.11923E-04    0.57788E-04   -0.21029E-04   -0.22134E-03    0.13387E-01   -0.30434E-03   -0.32940E-03    0.49858E+00    0.13212E+00   -0.20534E+00   -0.26743E-01   -0.76804E-01   -0.96581E-01    0.12459E-02    0.17717E-02   -0.13754E-02    0.49722E-05   -0.56950E-04    0.21029E-01    0.17627E+00   -0.22377E-01    0.25479E-01   -0.79924E-01    0.10302E+00   -0.12504E+00   -0.98423E-02   -0.89652E-01    0.18311E+00   -0.67197E-01    0.46555E-02    0.34185E-01    0.33677E-01    0.96511E+00    0.24320E-01    0.19689E-01   -0.40607E-01    0.12102E+00    0.11772E+00    0.27973E-01    0.17194E-01    0.15445E-01    0.25369E-01    0.18862E-01    0.99782E-02    0.11697E-01   -0.86908E-03    0.20176E-03    0.29167E-03    0.12218E-02   -0.17792E-02   -0.93138E-04    0.19976E-03   -0.16962E-03    0.10949E-04   -0.21035E-03    0.91551E-04    0.16096E-03
   -0.82255E-05   -0.10082E-03   -0.13417E-04    0.23716E-03    0.73568E-02    0.37383E-04    0.82008E-04   -0.49066E+00    0.25534E-01    0.16033E+00   -0.14573E-01   -0.44352E+00   -0.87852E-01   -0.17270E-03    0.50046E-03   -0.10040E-01   -0.12211E-06    0.22721E-04    0.26052E-01    0.21731E+00   -0.64027E-01    0.44409E-01   -0.70190E-03    0.19849E+00    0.11007E+00   -0.62830E-01   -0.29045E-01    0.17957E+00   -0.47994E-01    0.17882E+00   -0.36206E-01   -0.43443E-02    0.24320E-01    0.11004E+01    0.64095E-01   -0.90578E-01    0.11620E-01    0.14124E+00   -0.29630E+00    0.13242E+00    0.31105E-01    0.28063E+00   -0.21459E-01    0.30888E-01    0.28390E+00    0.22712E-02    0.37378E-02    0.50088E-03    0.30966E-02   -0.33238E-02   -0.18167E-03    0.40311E-04    0.65649E-04    0.11231E-04   -0.22132E-03   -0.12064E-03    0.14408E-03
    0.45904E-05   -0.26080E-04    0.76665E-05   -0.31086E-03    0.48261E-02    0.16008E-03   -0.76457E-03   -0.39144E+01   -0.20444E+00   -0.95751E-01   -0.21280E-01   -0.84494E-01   -0.11396E-01    0.20017E-02   -0.18711E-02   -0.34419E-02    0.64742E-05    0.13077E-05   -0.48963E-02   -0.14856E-01   -0.13825E+00    0.21166E+00    0.13274E+00   -0.90892E-01    0.78863E-01   -0.10353E+00    0.16797E+00   -0.86286E-01   -0.11942E+00    0.49922E-01   -0.39768E-01   -0.42278E-01    0.19689E-01    0.64095E-01    0.93749E+00   -0.97427E-01   -0.67771E-01    0.87857E-01    0.11902E+00   -0.10819E+00    0.24285E-02    0.73749E-01    0.68641E-02   -0.72293E-02    0.40514E-01   -0.25519E-02   -0.44688E-02   -0.96365E-04   -0.58378E-03   -0.10771E-02   -0.34285E-04    0.20315E-03    0.64539E-04   -0.17653E-03   -0.88093E-04   -0.11530E-03   -0.22135E-03
   -0.49823E-05    0.92032E-04   -0.16726E-04    0.87020E-04   -0.21787E-02   -0.20533E-04    0.79381E-03   -0.24390E+01    0.64279E-01   -0.21416E+00   -0.20108E-02    0.17853E+00    0.15342E-01    0.49057E-02   -0.13595E-03    0.26162E-02    0.15674E-04    0.56510E-04   -0.16986E-02   -0.14481E-01    0.18164E+00   -0.18061E+00   -0.16386E+00    0.72298E-01    0.53577E-01    0.68093E+00    0.92491E-03   -0.23746E+00   -0.22883E-02    0.16079E-01    0.65520E+00    0.14716E+00   -0.40607E-01   -0.90578E-01   -0.97427E-01    0.10062E+01    0.73548E-01    0.37175E-01    0.16045E+00   -0.12389E-01    0.65462E-02   -0.26391E-01    0.58349E-02    0.16475E-01   -0.19235E-01    0.72804E-03    0.34230E-02    0.63903E-03   -0.46498E-02    0.26060E-02    0.26202E-03    0.24502E-03    0.48731E-05    0.29241E-03    0.41611E-03    0.22692E-03    0.25004E-03
   -0.94583E-05    0.89490E-04   -0.22299E-04   -0.63509E-04    0.39234E-02   -0.12049E-03    0.31650E-03   -0.22591E+01   -0.91573E-01    0.11253E+00   -0.14442E-01   -0.16969E+00   -0.85054E-01   -0.94937E-03   -0.12758E-02   -0.25072E-02   -0.28351E-06    0.97506E-04    0.17665E-01    0.12054E+00    0.54074E-01    0.63637E-01   -0.50010E-02    0.60197E-01   -0.12114E+00    0.29016E+00    0.21968E+00    0.62661E+00    0.81643E-01   -0.51067E+00    0.23234E+00    0.15942E+00    0.12102E+00    0.11620E-01   -0.67771E-01    0.73548E-01    0.95861E+00    0.13966E-01   -0.56114E-02    0.19288E-01    0.25796E-02    0.16762E+00    0.65427E-01    0.18392E-01    0.59138E-01   -0.21512E-02   -0.22262E-02    0.28668E-03   -0.22650E-02    0.23074E-02    0.99026E-04    0.27469E-03    0.79362E-04    0.16109E-03    0.29261E-03    0.21792E-03   -0.76781E-04
   -0.29854E-05   -0.44081E-04   -0.12911E-04    0.35990E-03    0.55574E-02    0.14724E-03    0.65124E-03   -0.35027E+01   -0.25261E+00    0.16521E+00    0.19485E-01   -0.27415E-01    0.17824E-02   -0.57189E-02    0.19971E-02    0.25192E-02   -0.18298E-05   -0.43628E-04    0.53994E-02   -0.24068E-02   -0.13467E-01    0.11809E+00   -0.52004E-01    0.76973E-02    0.13637E+00   -0.42501E-01    0.83579E+00    0.41569E-01   -0.14248E-01    0.31530E+00    0.15446E+00   -0.65327E-02    0.11772E+00    0.14124E+00    0.87857E-01    0.37175E-01    0.13966E-01    0.98435E+00    0.11573E+00   -0.29172E-01    0.12383E-01    0.40045E-01   -0.17797E-01    0.10566E-02    0.84357E-02    0.27163E-02    0.23691E-02   -0.66002E-03    0.81905E-03   -0.60792E-02    0.88459E-04    0.99927E-04    0.12066E-03    0.14068E-03   -0.42589E-04    0.31267E-03    0.16796E-03
    0.12344E-06    0.20837E-04    0.32959E-05    0.22750E-03   -0.63634E-02    0.16441E-03    0.68392E-03   -0.15532E+01   -0.17703E+00   -0.40082E+00    0.43131E-02    0.36324E+00    0.52626E-01   -0.21331E-02    0.10828E-02    0.10166E-01    0.10181E-05   -0.42131E-04   -0.21152E-01   -0.14776E+00    0.51677E-01    0.96666E-03   -0.21172E+00   -0.10571E+00    0.41798E-01    0.75492E-01    0.38786E+00   -0.62365E+00    0.23959E+00   -0.25826E+00    0.12158E+00    0.14573E+00    0.27973E-01   -0.29630E+00    0.11902E+00    0.16045E+00   -0.56114E-02    0.11573E+00    0.93687E+00   -0.66478E-01   -0.14068E-01   -0.21695E+00    0.23538E-01   -0.19483E-01   -0.18789E+00   -0.24828E-02   -0.37762E-02   -0.78393E-03   -0.19046E-02    0.13243E-02    0.18571E-03    0.10376E-03    0.47797E-04    0.80505E-04    0.17618E-03    0.83507E-05   -0.18200E-03
   -0.17398E-05    0.56547E-04    0.52750E-05    0.31977E-03    0.37971E-03   -0.13899E-03    0.78356E-03    0.20308E+01    0.77365E-01   -0.22637E+00    0.31842E-01    0.19471E+00   -0.15596E-01   -0.80930E-03    0.58615E-03    0.66176E-02    0.30823E-06    0.12455E-04    0.14683E-01    0.77884E-01    0.48461E-01   -0.16078E+00    0.79990E-01    0.76454E-01   -0.57074E-01    0.84278E-01   -0.23202E+00    0.21725E+00    0.54662E+00    0.18809E+00   -0.72544E-01    0.10338E+00    0.17194E-01    0.13242E+00   -0.10819E+00   -0.12389E-01    0.19288E-01   -0.29172E-01   -0.66478E-01    0.84453E+00    0.12273E-01   -0.22174E+00   -0.90443E-02    0.42527E-02   -0.57804E-01    0.29846E-02    0.58552E-02    0.54949E-03   -0.12039E-03   -0.14769E-02    0.37125E-04   -0.88820E-04   -0.15368E-04    0.98741E-05   -0.17043E-03   -0.65830E-05    0.49226E-03
    0.10027E-04   -0.42971E-04   -0.88291E-06    0.22554E-03   -0.69980E-02    0.19833E-03    0.36644E-03    0.87953E+00    0.17691E+00    0.15400E+00    0.53224E-01   -0.34890E+00   -0.58187E-01   -0.38329E-03    0.60001E-02   -0.86627E-02    0.15743E-05    0.42705E-04    0.60177E-01    0.72510E-01    0.68637E-02   -0.27390E-01   -0.17589E-01    0.15103E-01    0.11530E-02   -0.99016E-02   -0.10514E-01    0.22060E-01   -0.32470E-02    0.21317E-01    0.23770E-01    0.14556E-01    0.15445E-01    0.31105E-01    0.24285E-02    0.65462E-02    0.25796E-02    0.12383E-01   -0.14068E-01    0.12273E-01    0.34349E+00    0.17313E+00    0.94934E-02    0.15905E+00    0.49326E+00    0.13134E-01    0.17522E-01   -0.44498E-02   -0.24606E-02   -0.29317E-02    0.60870E-03    0.92083E-05    0.75533E-03   -0.55983E-04   -0.30969E-03    0.18793E-03    0.11310E-02
    0.96243E-04   -0.85720E-03    0.11701E-03    0.29823E-02   -0.25838E-01    0.25303E-02    0.40097E-02    0.13904E+01   -0.12296E+01    0.16163E+02   -0.25775E+00   -0.10816E+02   -0.75594E+00   -0.13793E+00    0.21036E-02   -0.16967E+00   -0.12596E-04    0.21699E-03    0.15463E+00    0.13742E+01   -0.39362E-01   -0.63563E-01    0.11774E+00    0.19064E+00   -0.18991E+00   -0.60226E-01    0.16205E-02    0.21814E+00   -0.31791E+00    0.84543E-01    0.81839E-01    0.40416E+00    0.25369E-01    0.28063E+00    0.73749E-01   -0.26391E-01    0.16762E+00    0.40045E-01   -0.21695E+00   -0.22174E+00    0.17313E+00    0.15439E+02    0.18179E+00    0.38289E+00    0.49990E+01   -0.11915E-01   -0.33882E-01   -0.93182E-02    0.19572E-01    0.10063E-01    0.12737E-02    0.21649E-01    0.22945E-02    0.14379E-01    0.45867E-03    0.32255E-02   -0.83212E-02
    0.33439E-04   -0.93787E-04    0.36276E-04    0.16691E-03   -0.19040E-01    0.49993E-03    0.34999E-03    0.32257E+01    0.67420E+00   -0.73273E+00   -0.20633E+00   -0.79564E-01   -0.68985E+00   -0.70457E-02   -0.11841E-01    0.23475E-02   -0.25315E-05    0.67102E-04   -0.83611E-02    0.21090E+00   -0.28182E-01    0.19068E-01   -0.42911E-02   -0.17229E-02   -0.13278E-01    0.93497E-02    0.75566E-02    0.35698E-01    0.23031E-01   -0.31697E-01    0.28864E-01    0.11520E-01    0.18862E-01   -0.21459E-01    0.68641E-02    0.58349E-02    0.65427E-01   -0.17797E-01    0.23538E-01   -0.90443E-02    0.94934E-02    0.18179E+00    0.21421E+01   -0.48964E-02    0.27887E+00   -0.90881E-01   -0.10637E+00   -0.42968E-02   -0.54011E-03    0.30003E-02   -0.33074E-03    0.14673E-02   -0.33861E-03    0.10338E-02    0.91600E-03    0.87624E-04    0.38138E-03
    0.25564E-04   -0.13192E-03    0.10427E-04    0.49891E-03   -0.12262E-01    0.49802E-03    0.73411E-03   -0.15688E+00   -0.31304E+00    0.50991E+00   -0.27622E-01   -0.70743E+00   -0.85430E-01   -0.27989E-02    0.37225E-02   -0.10336E-01    0.27534E-05    0.24507E-04    0.55945E-01    0.22171E+00    0.65352E-03   -0.17890E-01   -0.17122E-01    0.24459E-01   -0.96995E-02    0.11461E-01   -0.14103E-01    0.27839E-01   -0.99245E-02    0.15179E-01    0.18461E-01    0.26455E-01    0.99782E-02    0.30888E-01   -0.72293E-02    0.16475E-01    0.18392E-01    0.10566E-02   -0.19483E-01    0.42527E-02    0.15905E+00    0.38289E+00   -0.48964E-02    0.24794E+00    0.34934E+00    0.68684E-02    0.14972E-01   -0.10269E-03    0.72859E-03    0.18942E-02    0.22878E-03    0.28441E-04    0.19391E-03   -0.10627E-03    0.57743E-03    0.32561E-03    0.48860E-04
    0.10301E-03   -0.73878E-03    0.83862E-04    0.11672E-02   -0.26883E-01    0.17367E-02    0.58169E-03    0.38274E+01   -0.12410E+01    0.76984E+01   -0.10150E+00   -0.68673E+01   -0.10878E+01   -0.93595E-01    0.76035E-02   -0.12133E+00   -0.20390E-04    0.37800E-03    0.19672E+00    0.16817E+01   -0.81368E-01   -0.93063E-01    0.81175E-01    0.18649E+00   -0.14444E+00   -0.84351E-01   -0.11082E+00    0.18589E+00   -0.16729E+00    0.18013E+00    0.81397E-01    0.32709E+00    0.11697E-01    0.28390E+00    0.40514E-01   -0.19235E-01    0.59138E-01    0.84357E-02   -0.18789E+00   -0.57804E-01    0.49326E+00    0.49990E+01    0.27887E+00    0.34934E+00    0.16391E+02   -0.38023E-02   -0.61796E-01   -0.24448E-01   -0.93782E-02   -0.15811E-01    0.16338E-02    0.17476E-02    0.21315E-02    0.11457E-02    0.17594E-02    0.47669E-02    0.30230E-01
   -0.86404E-06    0.83089E-06   -0.12297E-05    0.76604E-05    0.63161E-03   -0.18667E-04    0.52700E-05    0.48455E-01    0.13596E-01   -0.55829E-01    0.49392E-01    0.60476E-01    0.42273E-01    0.46004E-03   -0.21181E-04   -0.43464E-03   -0.56137E-06    0.34186E-05    0.48100E-02   -0.44488E-01    0.16146E-02   -0.39033E-02   -0.70024E-03    0.65430E-03    0.21976E-02   -0.13281E-02   -0.55243E-03    0.10455E-02    0.23176E-03    0.16169E-02    0.19941E-02   -0.34458E-02   -0.86908E-03    0.22712E-02   -0.25519E-02    0.72804E-03   -0.21512E-02    0.27163E-02   -0.24828E-02    0.29846E-02    0.13134E-01   -0.11915E-01   -0.90881E-01    0.68684E-02   -0.38023E-02    0.86081E-02    0.79710E-02   -0.15712E-03    0.12838E-03   -0.48068E-03    0.11212E-04   -0.29106E-04    0.15568E-04   -0.29972E-05   -0.63981E-04    0.39815E-04    0.11408E-03
