# omegabh2 omegach2 theta tau alpha1 ns logA aps100 aps143 aps217 acib143 acib217 asz143 psr cibr ncib cal0 cal2 xi aksz bm_1_1
    0.13877E-06   -0.80407E-06    0.11051E-06    0.10763E-04   -0.50688E-06    0.24281E-05    0.19842E-04   -0.31022E-02   -0.12977E-02   -0.16437E-03   -0.21068E-03   -0.50207E-03    0.11806E-04    0.76387E-06   -0.12093E-04   -0.14176E-05    0.16584E-08   -0.21359E-07    0.27521E-05   -0.13353E-03   -0.25268E-04
   -0.80407E-06    0.11334E-04   -0.13756E-05   -0.86673E-04    0.21666E-06   -0.32229E-04   -0.14453E-03    0.28763E-01    0.79712E-02    0.11661E-02    0.11206E-02    0.30536E-02    0.83911E-04   -0.54690E-05    0.77485E-04    0.91574E-05   -0.17377E-07    0.19521E-06   -0.19747E-04    0.80562E-03    0.35007E-03
    0.11051E-06   -0.13756E-05    0.54363E-06    0.80961E-05    0.70637E-06    0.50042E-05    0.12741E-04   -0.36547E-02   -0.91009E-03    0.18832E-04   -0.14713E-03   -0.41843E-03   -0.14318E-04    0.59648E-06   -0.11418E-04   -0.18751E-05    0.40299E-08   -0.19798E-07    0.42701E-05   -0.11523E-03   -0.45069E-04
    0.10763E-04   -0.86673E-04    0.80961E-05    0.18563E-02   -0.64485E-04    0.28163E-03    0.35077E-02   -0.41116E+00   -0.11359E+00    0.16614E-01   -0.27997E-01   -0.60459E-01   -0.20152E-02    0.17179E-03   -0.16515E-02   -0.78742E-04    0.66413E-07   -0.31034E-05    0.36017E-03   -0.20248E-01   -0.33893E-02
   -0.50688E-06    0.21666E-06    0.70637E-06   -0.64485E-04    0.12507E-04    0.57802E-05   -0.13310E-03    0.93461E-03    0.39984E-02    0.15873E-02    0.33645E-03    0.94090E-03    0.32994E-04    0.63238E-06    0.39389E-04    0.56583E-06    0.16949E-08    0.27284E-07    0.76151E-05    0.37415E-03   -0.44518E-04
    0.24281E-05   -0.32229E-04    0.50042E-05    0.28163E-03    0.57802E-05    0.12060E-03    0.47713E-03   -0.13262E+00   -0.26468E-01    0.12906E-01   -0.88699E-02   -0.18744E-01   -0.66953E-03    0.56353E-04   -0.47561E-03   -0.27944E-04   -0.26487E-07   -0.38947E-06    0.14590E-03   -0.57955E-02   -0.92471E-03
    0.19842E-04   -0.14453E-03    0.12741E-04    0.35077E-02   -0.13310E-03    0.47713E-03    0.66895E-02   -0.75504E+00   -0.20457E+00    0.46274E-01   -0.56354E-01   -0.11788E+00   -0.44198E-02    0.35379E-03   -0.32733E-02   -0.12284E-03    0.14910E-06   -0.51536E-05    0.70198E-03   -0.40057E-01   -0.52730E-02
   -0.31022E-02    0.28763E-01   -0.36547E-02   -0.41116E+00    0.93461E-03   -0.13262E+00   -0.75504E+00    0.35787E+04    0.13135E+03   -0.11529E+03    0.72603E+02    0.96382E+02   -0.64613E+02   -0.72397E+00   -0.15656E+00    0.72357E+00    0.64823E-03   -0.86889E-03    0.43521E-01   -0.91911E+01    0.17660E+02
   -0.12977E-02    0.79712E-02   -0.91009E-03   -0.11359E+00    0.39984E-02   -0.26468E-01   -0.20457E+00    0.13135E+03    0.17570E+03    0.26470E+02   -0.31066E+02    0.70936E+01   -0.69309E+01   -0.15017E+00    0.11175E+00    0.51187E-01   -0.17542E-05    0.10716E-02    0.10553E+01   -0.11725E+02    0.51188E+00
   -0.16437E-03    0.11661E-02    0.18832E-04    0.16614E-01    0.15873E-02    0.12906E-01    0.46274E-01   -0.11529E+03    0.26470E+02    0.27488E+03   -0.21090E+02   -0.10964E+03    0.28358E+01    0.26668E-01   -0.16405E+01   -0.93976E+00   -0.98493E-05   -0.28601E-02    0.55441E+00   -0.11267E+02    0.98057E+00
   -0.21068E-03    0.11206E-02   -0.14713E-03   -0.27997E-01    0.33645E-03   -0.88699E-02   -0.56354E-01    0.72603E+02   -0.31066E+02   -0.21090E+02    0.28180E+02    0.13243E+02   -0.23701E+01    0.52511E-02    0.10496E+00    0.93494E-01   -0.29051E-04   -0.41906E-03    0.13768E+00   -0.48284E+00   -0.35912E+00
   -0.50207E-03    0.30536E-02   -0.41843E-03   -0.60459E-01    0.94090E-03   -0.18744E-01   -0.11788E+00    0.96382E+02    0.70936E+01   -0.10964E+03    0.13243E+02    0.56859E+02   -0.12024E+01    0.30999E-01    0.77335E+00    0.56505E+00    0.22218E-05    0.14552E-02   -0.29156E+00   -0.57071E+00   -0.25826E+00
    0.11806E-04    0.83911E-04   -0.14318E-04   -0.20152E-02    0.32994E-04   -0.66953E-03   -0.44198E-02   -0.64613E+02   -0.69309E+01    0.28358E+01   -0.23701E+01   -0.12024E+01    0.74644E+01    0.44777E-01    0.25496E+00   -0.31605E-01    0.12932E-04   -0.16027E-03   -0.57918E-01   -0.13740E+00    0.19534E+00
    0.76387E-06   -0.54690E-05    0.59648E-06    0.17179E-03    0.63238E-06    0.56353E-04    0.35379E-03   -0.72397E+00   -0.15017E+00    0.26668E-01    0.52511E-02    0.30999E-01    0.44777E-01    0.64947E-02   -0.52066E-02    0.46388E-02    0.56028E-06   -0.82573E-05    0.36776E-02   -0.12617E-01    0.37301E-02
   -0.12093E-04    0.77485E-04   -0.11418E-04   -0.16515E-02    0.39389E-04   -0.47561E-03   -0.32733E-02   -0.15656E+00    0.11175E+00   -0.16405E+01    0.10496E+00    0.77335E+00    0.25496E+00   -0.52066E-02    0.51068E-01   -0.43354E-02    0.38954E-06    0.39946E-04    0.57048E-03   -0.63824E-02   -0.37754E-02
   -0.14176E-05    0.91574E-05   -0.18751E-05   -0.78742E-04    0.56583E-06   -0.27944E-04   -0.12284E-03    0.72357E+00    0.51187E-01   -0.93976E+00    0.93494E-01    0.56505E+00   -0.31605E-01    0.46388E-02   -0.43354E-02    0.15747E-01    0.64983E-06    0.63052E-08   -0.15475E-02   -0.35800E-02    0.63292E-02
    0.16584E-08   -0.17377E-07    0.40299E-08    0.66413E-07    0.16949E-08   -0.26487E-07    0.14910E-06    0.64823E-03   -0.17542E-05   -0.98493E-05   -0.29051E-04    0.22218E-05    0.12932E-04    0.56028E-06    0.38954E-06    0.64983E-06    0.15670E-06    0.25474E-08   -0.75807E-06    0.94668E-05   -0.16002E-04
   -0.21359E-07    0.19521E-06   -0.19798E-07   -0.31034E-05    0.27284E-07   -0.38947E-06   -0.51536E-05   -0.86889E-03    0.10716E-02   -0.28601E-02   -0.41906E-03    0.14552E-02   -0.16027E-03   -0.82573E-05    0.39946E-04    0.63052E-08    0.25474E-08    0.18784E-05   -0.91193E-05    0.82164E-05    0.98287E-04
    0.27521E-05   -0.19747E-04    0.42701E-05    0.36017E-03    0.76151E-05    0.14590E-03    0.70198E-03    0.43521E-01    0.10553E+01    0.55441E+00    0.13768E+00   -0.29156E+00   -0.57918E-01    0.36776E-02    0.57048E-03   -0.15475E-02   -0.75807E-06   -0.91193E-05    0.82451E-01    0.70066E-02    0.14040E-02
   -0.13353E-03    0.80562E-03   -0.11523E-03   -0.20248E-01    0.37415E-03   -0.57955E-02   -0.40057E-01   -0.91911E+01   -0.11725E+02   -0.11267E+02   -0.48284E+00   -0.57071E+00   -0.13740E+00   -0.12617E-01   -0.63824E-02   -0.35800E-02    0.94668E-05    0.82164E-05    0.70066E-02    0.80818E+01    0.19173E-01
   -0.25268E-04    0.35007E-03   -0.45069E-04   -0.33893E-02   -0.44518E-04   -0.92471E-03   -0.52730E-02    0.17660E+02    0.51188E+00    0.98057E+00   -0.35912E+00   -0.25826E+00    0.19534E+00    0.37301E-02   -0.37754E-02    0.63292E-02   -0.16002E-04    0.98287E-04    0.14040E-02    0.19173E-01    0.32204E+00
