# omegabh2 omegach2 theta tau logA ns acib217 acibsz143 asz143 aps100 aps143 aps143217 aps217 aksz kgal100 t1gal143 t1gal143217 t1gal217 galfEE100 galfEE100143 galfEE100217 galfEE143 galfEE143217 galfEE217 galfTE100 galfTE100143 galfTE100217 galfTE143 galfTE143217 galfTE217 calib_100T calib_217T
    0.3128890E-07   -0.1969160E-06    0.2626028E-07    0.2532724E-05    0.4756133E-05    0.5957000E-06   -0.2627867E-03   -0.1342945E-03   -0.3152903E-04   -0.1538746E-03    0.4727454E-04    0.2587948E-03    0.2629299E-03   -0.6993815E-04   -0.3513855E-04   -0.2946584E-03   -0.3492823E-03   -0.3862523E-03    0.2270529E-06    0.2213880E-06    0.2489826E-06    0.2516534E-06    0.3087244E-06    0.3573271E-06   -0.2565323E-05   -0.3471373E-05   -0.4260643E-05   -0.5619242E-05   -0.7532618E-05   -0.1182694E-04   -0.1858879E-07    0.1455693E-07
   -0.1969160E-06    0.2562639E-05   -0.2398742E-06   -0.2440813E-04   -0.4291309E-04   -0.7160979E-05    0.1633118E-02    0.6104440E-03    0.9932353E-04    0.1441877E-02    0.7870114E-03   -0.5995761E-03   -0.1237912E-02    0.3694492E-03    0.1764380E-02    0.1240892E-02    0.1868389E-02    0.2249310E-02   -0.2735940E-05   -0.2664399E-05   -0.2746102E-05   -0.2932392E-05   -0.3021788E-05   -0.2982181E-05    0.1996239E-04    0.2299152E-04    0.2391817E-04    0.4057367E-04    0.5016992E-04    0.7308089E-04   -0.1507887E-06   -0.1619532E-06
    0.2626028E-07   -0.2398742E-06    0.1033579E-06    0.2502814E-05    0.4546268E-05    0.7917815E-06   -0.1446941E-03   -0.6841836E-04   -0.2335875E-04   -0.9184940E-04   -0.4037372E-04    0.6711336E-04    0.9012673E-04   -0.2892981E-04   -0.1084553E-03   -0.1683065E-03   -0.2174093E-03   -0.2449411E-03    0.2049377E-06    0.2099291E-06    0.1733760E-06    0.2796946E-06    0.2767193E-06    0.2454497E-06   -0.1709299E-05   -0.2589632E-05   -0.2974369E-05   -0.5924224E-05   -0.7729690E-05   -0.1173400E-04    0.3545828E-08    0.9800794E-08
    0.2532724E-05   -0.2440813E-04    0.2502814E-05    0.7291498E-03    0.1415101E-02    0.9576502E-04   -0.4793669E-01   -0.2266843E-01   -0.7461836E-02    0.2320395E-02    0.2984798E-01    0.5995607E-01    0.6419677E-01   -0.1155638E-01   -0.6187803E-01   -0.6850128E-01   -0.8022082E-01   -0.8682086E-01    0.2739766E-04    0.2726297E-04    0.2556086E-04    0.3113549E-04    0.3065893E-04    0.3025876E-04   -0.2605773E-03   -0.3014558E-03   -0.3184842E-03   -0.5456288E-03   -0.6803612E-03   -0.9472692E-03    0.2459333E-05    0.3313997E-05
    0.4756133E-05   -0.4291309E-04    0.4546268E-05    0.1415101E-02    0.2764281E-02    0.1745446E-03   -0.9486805E-01   -0.4603979E-01   -0.1580367E-01    0.1938630E-01    0.7026824E-01    0.1278476E+00    0.1329947E+00   -0.2336808E-01   -0.1265448E+00   -0.1492581E+00   -0.1711922E+00   -0.1835972E+00    0.4667983E-04    0.4627717E-04    0.4237231E-04    0.5296390E-04    0.5205076E-04    0.5140092E-04   -0.4759999E-03   -0.5516255E-03   -0.5886290E-03   -0.9980672E-03   -0.1254235E-02   -0.1745509E-02    0.3691830E-05    0.6239273E-05
    0.5957000E-06   -0.7160979E-05    0.7917815E-06    0.9576502E-04    0.1745446E-03    0.3239845E-04   -0.1304931E-01   -0.5850889E-02   -0.1984669E-02   -0.6017919E-02    0.5774729E-02    0.1451352E-01    0.1650932E-01   -0.3594158E-02   -0.8842239E-02   -0.9369137E-02   -0.1250966E-01   -0.1344305E-01    0.1156871E-04    0.1180982E-04    0.1220012E-04    0.1225776E-04    0.1288448E-04    0.1272334E-04   -0.5838303E-04   -0.6677120E-04   -0.6781697E-04   -0.1085841E-03   -0.1329654E-03   -0.2002822E-03    0.6874673E-06    0.8114719E-06
   -0.2627867E-03    0.1633118E-02   -0.1446941E-03   -0.4793669E-01   -0.9486805E-01   -0.1304931E-01    0.6477772E+02    0.2319599E+02    0.9316809E+00    0.1329100E+02   -0.2164462E+02   -0.6400232E+02   -0.8306422E+02   -0.3078331E+01    0.6617166E+00   -0.3294284E+01   -0.6927482E+01   -0.1140473E+02   -0.3844597E-02   -0.3641166E-02   -0.2020050E-02   -0.3945229E-02   -0.4709154E-02   -0.6936941E-02    0.6497485E-02    0.8666796E-02    0.2218706E-01    0.1153815E-01    0.2197081E-01    0.1559063E-01    0.3577369E-03   -0.3225791E-02
   -0.1342945E-03    0.6104440E-03   -0.6841836E-04   -0.2266843E-01   -0.4603979E-01   -0.5850889E-02    0.2319599E+02    0.1701740E+02    0.2667218E+01   -0.1525589E+02   -0.2400773E+02   -0.4259766E+02   -0.2607185E+02   -0.1205625E+01   -0.1778809E+01   -0.3079852E+01   -0.8484744E+01   -0.9315337E+01   -0.1546468E-02   -0.1313309E-02   -0.9181913E-03   -0.1763265E-02   -0.2250833E-02   -0.1923612E-02    0.9622154E-02    0.1157366E-01    0.3103113E-01    0.1555854E-01    0.3235554E-01    0.5476263E-01    0.1456134E-03   -0.2138574E-03
   -0.3152903E-04    0.9932353E-04   -0.2335875E-04   -0.7461836E-02   -0.1580367E-01   -0.1984669E-02    0.9316809E+00    0.2667218E+01    0.6499069E+01   -0.4284513E+02   -0.1866162E+02   -0.5426044E+01   -0.5139068E+00   -0.2289516E+00   -0.2338159E+01   -0.7295716E+00    0.3334911E+01    0.4052626E+01   -0.1346445E-03   -0.2409072E-03   -0.1520383E-03    0.1250766E-04   -0.1415242E-03    0.7028158E-03   -0.4159768E-03    0.7113779E-05   -0.4129991E-02    0.4237155E-02    0.2403794E-03   -0.3026584E-03   -0.2496169E-03    0.1730011E-03
   -0.1538746E-03    0.1441877E-02   -0.9184940E-04    0.2320395E-02    0.1938630E-01   -0.6017919E-02    0.1329100E+02   -0.1525589E+02   -0.4284513E+02    0.7661037E+03    0.1788469E+03    0.6490338E+02    0.9673523E+01   -0.1269361E+02   -0.3978427E+02    0.6097335E+00   -0.1023561E+02   -0.1086880E+02   -0.6520196E-02   -0.6678516E-02   -0.8622339E-02   -0.1084811E-01   -0.9902413E-02   -0.1620144E-01    0.8654605E-01    0.5754135E-01    0.1141195E+00    0.5653275E-01    0.1450341E+00    0.2389781E+00   -0.6842559E-03   -0.3078009E-02
    0.4727454E-04    0.7870114E-03   -0.4037372E-04    0.2984798E-01    0.7026824E-01    0.5774729E-02   -0.2164462E+02   -0.2400773E+02   -0.1866162E+02    0.1788469E+03    0.1205581E+03    0.9143789E+02    0.5024790E+02   -0.1106677E+02    0.3321368E+00   -0.8622483E+01   -0.4814139E+01   -0.2513996E+01    0.2678941E-03   -0.4701789E-03   -0.6813505E-03   -0.1846943E-02   -0.1387901E-02   -0.3276270E-02    0.1358384E-01    0.1558642E-01    0.3002537E-02    0.2927547E-01    0.3472500E-01    0.6846101E-01   -0.1120856E-03   -0.8314030E-03
    0.2587948E-03   -0.5995761E-03    0.6711336E-04    0.5995607E-01    0.1278476E+00    0.1451352E-01   -0.6400232E+02   -0.4259766E+02   -0.5426044E+01    0.6490338E+02    0.9143789E+02    0.1435941E+03    0.1060753E+03   -0.8705671E+01   -0.2905313E+01   -0.6209700E+01    0.1901502E+01    0.1098706E+01    0.3252233E-02    0.2480517E-02    0.1782174E-02    0.2459902E-02    0.3649530E-02    0.5228199E-02   -0.3269229E-02   -0.6272928E-02   -0.4953310E-01    0.8177056E-02   -0.1408372E-01   -0.2380424E-01   -0.9366622E-03    0.1982043E-02
    0.2629299E-03   -0.1237912E-02    0.9012673E-04    0.6419677E-01    0.1329947E+00    0.1650932E-01   -0.8306422E+02   -0.2607185E+02   -0.5139068E+00    0.9673523E+01    0.5024790E+02    0.1060753E+03    0.1440378E+03   -0.7598360E+01   -0.7403186E+01   -0.9611053E+01   -0.1565287E+02   -0.1742520E+02    0.4181816E-02    0.4026256E-02    0.2227734E-02    0.2986009E-02    0.3863281E-02    0.8716645E-02    0.8576654E-02    0.6725160E-02    0.2545328E-03    0.2208646E-01    0.3247332E-01    0.8147425E-01   -0.1006581E-02    0.5912164E-02
   -0.6993815E-04    0.3694492E-03   -0.2892981E-04   -0.1155638E-01   -0.2336808E-01   -0.3594158E-02   -0.3078331E+01   -0.1205625E+01   -0.2289516E+00   -0.1269361E+02   -0.1106677E+02   -0.8705671E+01   -0.7598360E+01    0.7976000E+01   -0.8623046E+00   -0.1655909E+01   -0.2312479E+01   -0.2539310E+01   -0.1459368E-02   -0.1393910E-02   -0.1894178E-02   -0.1003568E-02   -0.1255541E-02   -0.2357557E-02    0.6781753E-02    0.1521155E-01    0.1365459E-01    0.1706561E-01    0.1369031E-01    0.7591304E-02   -0.3788448E-04    0.1713678E-03
   -0.3513855E-04    0.1764380E-02   -0.1084553E-03   -0.6187803E-01   -0.1265448E+00   -0.8842239E-02    0.6617166E+00   -0.1778809E+01   -0.2338159E+01   -0.3978427E+02    0.3321368E+00   -0.2905313E+01   -0.7403186E+01   -0.8623046E+00    0.1513816E+03    0.5147658E+02    0.4895821E+02    0.4692508E+02   -0.1521315E-02   -0.6500800E-03    0.4357596E-03    0.1953289E-02    0.3509885E-02    0.4625062E-02   -0.1867984E-01   -0.7089916E-01   -0.8485518E-01   -0.6294606E-01   -0.8286178E-01   -0.9307059E-01   -0.1311873E-01   -0.8516434E-04
   -0.2946584E-03    0.1240892E-02   -0.1683065E-03   -0.6850128E-01   -0.1492581E+00   -0.9369137E-02   -0.3294284E+01   -0.3079852E+01   -0.7295716E+00    0.6097335E+00   -0.8622483E+01   -0.6209700E+01   -0.9611053E+01   -0.1655909E+01    0.5147658E+02    0.9528377E+02    0.9640451E+02    0.9589336E+02    0.6566153E-03    0.7402773E-03    0.1381026E-02    0.2336597E-02    0.3444516E-02    0.7394649E-02   -0.1720873E-02   -0.3782328E-01   -0.3572028E-01   -0.6070896E-01   -0.5153801E-01   -0.3670300E-01    0.2638316E-02   -0.1500322E-04
   -0.3492823E-03    0.1868389E-02   -0.2174093E-03   -0.8022082E-01   -0.1711922E+00   -0.1250966E-01   -0.6927482E+01   -0.8484744E+01    0.3334911E+01   -0.1023561E+02   -0.4814139E+01    0.1901502E+01   -0.1565287E+02   -0.2312479E+01    0.4895821E+02    0.9640451E+02    0.1344724E+03    0.1583139E+03    0.4367002E-03   -0.2523552E-03    0.1115669E-03    0.2152563E-02    0.2500071E-02    0.4568590E-02   -0.1422419E-02   -0.2754610E-01   -0.4211015E-01   -0.4877766E-01   -0.5278743E-01   -0.1954478E-01    0.2285756E-02   -0.5005594E-02
   -0.3862523E-03    0.2249310E-02   -0.2449411E-03   -0.8682086E-01   -0.1835972E+00   -0.1344305E-01   -0.1140473E+02   -0.9315337E+01    0.4052626E+01   -0.1086880E+02   -0.2513996E+01    0.1098706E+01   -0.1742520E+02   -0.2539310E+01    0.4692508E+02    0.9589336E+02    0.1583139E+03    0.2065304E+03    0.6195340E-03   -0.4842125E-03   -0.7292988E-03    0.1967887E-02    0.1489663E-02    0.1990846E-02    0.5880119E-02   -0.1056480E-01   -0.2016667E-01   -0.3071050E-01   -0.2691255E-01    0.4438262E-01    0.2276520E-02   -0.9393775E-02
    0.2270529E-06   -0.2735940E-05    0.2049377E-06    0.2739766E-04    0.4667983E-04    0.1156871E-04   -0.3844597E-02   -0.1546468E-02   -0.1346445E-03   -0.6520196E-02    0.2678941E-03    0.3252233E-02    0.4181816E-02   -0.1459368E-02   -0.1521315E-02    0.6566153E-03    0.4367002E-03    0.6195340E-03    0.7070976E-04    0.2430074E-04    0.3053842E-04    0.1220006E-04    0.1491275E-04    0.2029258E-04   -0.1151088E-03   -0.8811625E-04   -0.8068240E-04   -0.7075648E-04   -0.5610850E-04   -0.8291543E-04    0.5133372E-06    0.1782546E-06
    0.2213880E-06   -0.2664399E-05    0.2099291E-06    0.2726297E-04    0.4627717E-04    0.1180982E-04   -0.3641166E-02   -0.1313309E-02   -0.2409072E-03   -0.6678516E-02   -0.4701789E-03    0.2480517E-02    0.4026256E-02   -0.1393910E-02   -0.6500800E-03    0.7402773E-03   -0.2523552E-03   -0.4842125E-03    0.2430074E-04    0.4068567E-04    0.3745736E-04    0.2946863E-04    0.3128501E-04    0.2992487E-04   -0.7700523E-04   -0.1103043E-03   -0.9482141E-04   -0.1398487E-03   -0.1376569E-03   -0.1575412E-03    0.4361586E-06    0.2710631E-06
    0.2489826E-06   -0.2746102E-05    0.1733760E-06    0.2556086E-04    0.4237231E-04    0.1220012E-04   -0.2020050E-02   -0.9181913E-03   -0.1520383E-03   -0.8622339E-02   -0.6813505E-03    0.1782174E-02    0.2227734E-02   -0.1894178E-02    0.4357596E-03    0.1381026E-02    0.1115669E-03   -0.7292988E-03    0.3053842E-04    0.3745736E-04    0.1197745E-03    0.2496873E-04    0.6104017E-04    0.1121925E-03   -0.9881836E-04   -0.1169120E-03   -0.1253874E-03   -0.1288859E-03   -0.2190278E-03   -0.4456099E-03    0.4295892E-06    0.2122661E-06
    0.2516534E-06   -0.2932392E-05    0.2796946E-06    0.3113549E-04    0.5296390E-04    0.1225776E-04   -0.3945229E-02   -0.1763265E-02    0.1250766E-04   -0.1084811E-01   -0.1846943E-02    0.2459902E-02    0.2986009E-02   -0.1003568E-02    0.1953289E-02    0.2336597E-02    0.2152563E-02    0.1967887E-02    0.1220006E-04    0.2946863E-04    0.2496873E-04    0.8558201E-04    0.5607369E-04    0.4198132E-04   -0.3292334E-04   -0.6537934E-04   -0.1640327E-04   -0.1975288E-03   -0.1739022E-03   -0.1654338E-03    0.1660432E-06    0.2578621E-06
    0.3087244E-06   -0.3021788E-05    0.2767193E-06    0.3065893E-04    0.5205076E-04    0.1288448E-04   -0.4709154E-02   -0.2250833E-02   -0.1415242E-03   -0.9902413E-02   -0.1387901E-02    0.3649530E-02    0.3863281E-02   -0.1255541E-02    0.3509885E-02    0.3444516E-02    0.2500071E-02    0.1489663E-02    0.1491275E-04    0.3128501E-04    0.6104017E-04    0.5607369E-04    0.1262413E-03    0.1547428E-03   -0.5364972E-04   -0.1031804E-03   -0.1155194E-03   -0.2186585E-03   -0.2903290E-03   -0.5299249E-03    0.7211264E-07    0.3966453E-06
    0.3573271E-06   -0.2982181E-05    0.2454497E-06    0.3025876E-04    0.5140092E-04    0.1272334E-04   -0.6936941E-02   -0.1923612E-02    0.7028158E-03   -0.1620144E-01   -0.3276270E-02    0.5228199E-02    0.8716645E-02   -0.2357557E-02    0.4625062E-02    0.7394649E-02    0.4568590E-02    0.1990846E-02    0.2029258E-04    0.2992487E-04    0.1121925E-03    0.4198132E-04    0.1547428E-03    0.6273071E-03   -0.1899219E-04   -0.9940406E-04   -0.2061484E-03   -0.2095148E-03   -0.4214396E-03   -0.8012047E-03    0.7966705E-07    0.9547250E-06
   -0.2565323E-05    0.1996239E-04   -0.1709299E-05   -0.2605773E-03   -0.4759999E-03   -0.5838303E-04    0.6497485E-02    0.9622154E-02   -0.4159768E-03    0.8654605E-01    0.1358384E-01   -0.3269229E-02    0.8576654E-02    0.6781753E-02   -0.1867984E-01   -0.1720873E-02   -0.1422419E-02    0.5880119E-02   -0.1151088E-03   -0.7700523E-04   -0.9881836E-04   -0.3292334E-04   -0.5364972E-04   -0.1899219E-04    0.1370460E-01    0.9161064E-02    0.1032506E-01    0.2250347E-02    0.2614334E-02    0.3677381E-02    0.1522389E-07   -0.5637087E-06
   -0.3471373E-05    0.2299152E-04   -0.2589632E-05   -0.3014558E-03   -0.5516255E-03   -0.6677120E-04    0.8666796E-02    0.1157366E-01    0.7113779E-05    0.5754135E-01    0.1558642E-01   -0.6272928E-02    0.6725160E-02    0.1521155E-01   -0.7089916E-01   -0.3782328E-01   -0.2754610E-01   -0.1056480E-01   -0.8811625E-04   -0.1103043E-03   -0.1169120E-03   -0.6537934E-04   -0.1031804E-03   -0.9940406E-04    0.9161064E-02    0.1299273E-01    0.1443145E-01    0.9054849E-02    0.9076368E-02    0.8865190E-02    0.4971407E-05   -0.2220510E-05
   -0.4260643E-05    0.2391817E-04   -0.2974369E-05   -0.3184842E-03   -0.5886290E-03   -0.6781697E-04    0.2218706E-01    0.3103113E-01   -0.4129991E-02    0.1141195E+00    0.3002537E-02   -0.4953310E-01    0.2545328E-03    0.1365459E-01   -0.8485518E-01   -0.3572028E-01   -0.4211015E-01   -0.2016667E-01   -0.8068240E-04   -0.9482141E-04   -0.1253874E-03   -0.1640327E-04   -0.1155194E-03   -0.2061484E-03    0.1032506E-01    0.1443145E-01    0.2710546E-01    0.5309712E-02    0.1282692E-01    0.2483276E-01    0.6871484E-05   -0.1708681E-05
   -0.5619242E-05    0.4057367E-04   -0.5924224E-05   -0.5456288E-03   -0.9980672E-03   -0.1085841E-03    0.1153815E-01    0.1555854E-01    0.4237155E-02    0.5653275E-01    0.2927547E-01    0.8177056E-02    0.2208646E-01    0.1706561E-01   -0.6294606E-01   -0.6070896E-01   -0.4877766E-01   -0.3071050E-01   -0.7075648E-04   -0.1398487E-03   -0.1288859E-03   -0.1975288E-03   -0.2186585E-03   -0.2095148E-03    0.2250347E-02    0.9054849E-02    0.5309712E-02    0.2279289E-01    0.2075847E-01    0.1440763E-01   -0.1474877E-05   -0.1964389E-05
   -0.7532618E-05    0.5016992E-04   -0.7729690E-05   -0.6803612E-03   -0.1254235E-02   -0.1329654E-03    0.2197081E-01    0.3235554E-01    0.2403794E-03    0.1450341E+00    0.3472500E-01   -0.1408372E-01    0.3247332E-01    0.1369031E-01   -0.8286178E-01   -0.5153801E-01   -0.5278743E-01   -0.2691255E-01   -0.5610850E-04   -0.1376569E-03   -0.2190278E-03   -0.1739022E-03   -0.2903290E-03   -0.4214396E-03    0.2614334E-02    0.9076368E-02    0.1282692E-01    0.2075847E-01    0.3090669E-01    0.4263663E-01    0.7418004E-06   -0.1513303E-05
   -0.1182694E-04    0.7308089E-04   -0.1173400E-04   -0.9472692E-03   -0.1745509E-02   -0.2002822E-03    0.1559063E-01    0.5476263E-01   -0.3026584E-03    0.2389781E+00    0.6846101E-01   -0.2380424E-01    0.8147425E-01    0.7591304E-02   -0.9307059E-01   -0.3670300E-01   -0.1954478E-01    0.4438262E-01   -0.8291543E-04   -0.1575412E-03   -0.4456099E-03   -0.1654338E-03   -0.5299249E-03   -0.8012047E-03    0.3677381E-02    0.8865190E-02    0.2483276E-01    0.1440763E-01    0.4263663E-01    0.1059775E+00    0.3794427E-06   -0.3167683E-05
   -0.1858879E-07   -0.1507887E-06    0.3545828E-08    0.2459333E-05    0.3691830E-05    0.6874673E-06    0.3577369E-03    0.1456134E-03   -0.2496169E-03   -0.6842559E-03   -0.1120856E-03   -0.9366622E-03   -0.1006581E-02   -0.3788448E-04   -0.1311873E-01    0.2638316E-02    0.2285756E-02    0.2276520E-02    0.5133372E-06    0.4361586E-06    0.4295892E-06    0.1660432E-06    0.7211264E-07    0.7966705E-07    0.1522389E-07    0.4971407E-05    0.6871484E-05   -0.1474877E-05    0.7418004E-06    0.3794427E-06    0.2278917E-05   -0.9437518E-08
    0.1455693E-07   -0.1619532E-06    0.9800794E-08    0.3313997E-05    0.6239273E-05    0.8114719E-06   -0.3225791E-02   -0.2138574E-03    0.1730011E-03   -0.3078009E-02   -0.8314030E-03    0.1982043E-02    0.5912164E-02    0.1713678E-03   -0.8516434E-04   -0.1500322E-04   -0.5005594E-02   -0.9393775E-02    0.1782546E-06    0.2710631E-06    0.2122661E-06    0.2578621E-06    0.3966453E-06    0.9547250E-06   -0.5637087E-06   -0.2220510E-05   -0.1708681E-05   -0.1964389E-05   -0.1513303E-05   -0.3167683E-05   -0.9437518E-08    0.1303826E-05
