# omegabh2 omegach2 theta tau meffsterile nnu logA ns aps100 aps143 aps217 acib143 acib217 asz143 psr cibr ncib xi aksz cal0 cal2 bm_1_1
    0.6106420E-07    0.2409661E-06   -0.7103252E-08    0.1250911E-05    0.6770625E-05    0.2549152E-04    0.3125851E-05    0.1300848E-05    0.5812426E-03   -0.2234206E-03    0.1288640E-04   -0.1935244E-04   -0.8631910E-04    0.1483988E-04    0.6747422E-06   -0.1127289E-05   -0.1561851E-05   -0.7867002E-07   -0.3941524E-05    0.2855610E-08    0.8406465E-08    0.6704752E-05
    0.2409661E-06    0.1408510E-04   -0.1260235E-05    0.3935901E-05   -0.9875044E-04    0.7043841E-03    0.3829887E-04    0.2097435E-04    0.2814844E-01    0.4768430E-02   -0.6821345E-02    0.2962089E-02    0.6594044E-02    0.3501046E-03   -0.1854496E-04    0.9348544E-04    0.5028656E-04   -0.4303506E-04    0.7923501E-03   -0.1744107E-06    0.5425486E-06    0.3472546E-03
   -0.7103252E-08   -0.1260235E-05    0.3150802E-06   -0.1926221E-06    0.6957923E-05   -0.6933912E-04   -0.2958516E-05   -0.1949159E-05   -0.2535096E-02   -0.5308294E-03    0.6564598E-03   -0.2886890E-03   -0.6806107E-03   -0.3520062E-04    0.1028773E-05   -0.9037490E-05   -0.6353220E-05    0.3064147E-05   -0.7730859E-04    0.9427340E-08   -0.5742900E-07   -0.3702096E-04
    0.1250911E-05    0.3935901E-05   -0.1926221E-06    0.2193964E-03    0.3904660E-03    0.7429521E-03    0.4453181E-03    0.5078956E-04   -0.1677619E-01    0.2030025E-02    0.4883806E-02   -0.3203810E-02   -0.3868139E-02   -0.7063034E-03    0.3242348E-04   -0.1879373E-03   -0.4091855E-05    0.9134530E-04   -0.1551683E-02   -0.1618645E-06   -0.7716041E-06   -0.2123676E-04
    0.6770625E-05   -0.9875044E-04    0.6957923E-05    0.3904660E-03    0.1644918E-01    0.3672952E-02    0.6189585E-03    0.1286722E-03   -0.6913563E-01    0.5205646E-01   -0.4068016E-01    0.3410333E-02    0.3971098E-01    0.1374192E-01   -0.7108489E-03    0.1861545E-02   -0.8513713E-04   -0.9459476E-03    0.9274805E-02    0.9409252E-06    0.6042887E-06   -0.1858179E-02
    0.2549152E-04    0.7043841E-03   -0.6933912E-04    0.7429521E-03    0.3672952E-02    0.4676096E-01    0.3012801E-02    0.1667680E-02    0.1560485E+01    0.2674731E+00   -0.4558821E+00    0.1894827E+00    0.4190475E+00    0.3382770E-01   -0.1367884E-02    0.6377530E-02    0.2882110E-02   -0.3211360E-02    0.5379892E-01   -0.7241912E-05    0.2621617E-04    0.1704621E-01
    0.3125851E-05    0.3829887E-04   -0.2958516E-05    0.4453181E-03    0.6189585E-03    0.3012801E-02    0.9782316E-03    0.1449275E-03    0.2058257E-01    0.2102350E-01    0.4334615E-02   -0.3676662E-02    0.3342115E-02   -0.1569931E-02    0.4930934E-04   -0.2632756E-03    0.1349892E-03    0.1106263E-03   -0.2721949E-02   -0.3979389E-06    0.1164997E-05    0.1248079E-02
    0.1300848E-05    0.2097435E-04   -0.1949159E-05    0.5078956E-04    0.1286722E-03    0.1667680E-02    0.1449275E-03    0.8497167E-04    0.2985849E-01    0.1031058E-01    0.4537262E-02    0.3618861E-04    0.2774182E-02    0.3762627E-04    0.5288243E-04    0.2066298E-04    0.3202143E-04   -0.4324659E-04   -0.8123940E-03   -0.3083384E-06    0.1331649E-05    0.7506094E-03
    0.5812426E-03    0.2814844E-01   -0.2535096E-02   -0.1677619E-01   -0.6913563E-01    0.1560485E+01    0.2058257E-01    0.2985849E-01    0.2389064E+04    0.6131131E+02   -0.1246958E+03    0.7623973E+02    0.8412173E+02   -0.5036601E+02   -0.1037830E+01   -0.7702355E+00    0.2406242E+00    0.1262209E+00   -0.1263994E+02    0.3274262E-02    0.5959782E-02    0.1092502E+02
   -0.2234206E-03    0.4768430E-02   -0.5308294E-03    0.2030025E-02    0.5205646E-01    0.2674731E+00    0.2102350E-01    0.1031058E-01    0.6131131E+02    0.1356155E+03    0.4136098E+02   -0.2517242E+02   -0.5994289E+01   -0.7151368E+01    0.2626639E-02    0.1881184E+00    0.5025307E-01    0.1244473E+01   -0.1107982E+02    0.2575222E-03    0.1819528E-02    0.4727903E+00
    0.1288640E-04   -0.6821345E-02    0.6564598E-03    0.4883806E-02   -0.4068016E-01   -0.4558821E+00    0.4334615E-02    0.4537262E-02   -0.1246958E+03    0.4136098E+02    0.3596033E+03   -0.4253842E+02   -0.1742781E+03   -0.3009107E+01    0.3281010E+00   -0.1581758E+01   -0.1856094E+01    0.7112486E+00   -0.8405707E+01   -0.2777656E-03   -0.2828386E-02    0.2105986E+00
   -0.1935244E-04    0.2962089E-02   -0.2886890E-03   -0.3203810E-02    0.3410333E-02    0.1894827E+00   -0.3676662E-02    0.3618861E-04    0.7623973E+02   -0.2517242E+02   -0.4253842E+02    0.2825261E+02    0.2524968E+02   -0.6263453E+00   -0.7745058E-01    0.5220054E-01    0.2016070E+00    0.1087953E+00   -0.1263929E+01   -0.2283334E-03   -0.9772933E-03   -0.3088103E+00
   -0.8631910E-04    0.6594044E-02   -0.6806107E-03   -0.3868139E-02    0.3971098E-01    0.4190475E+00    0.3342115E-02    0.2774182E-02    0.8412173E+02   -0.5994289E+01   -0.1742781E+03    0.2524968E+02    0.9747285E+02    0.2133812E+01   -0.9921475E-01    0.7906681E+00    0.1148136E+01   -0.4061666E+00   -0.1809258E+01    0.1894489E-03    0.1065121E-02    0.9127958E-01
    0.1483988E-04    0.3501046E-03   -0.3520062E-04   -0.7063034E-03    0.1374192E-01    0.3382770E-01   -0.1569931E-02    0.3762627E-04   -0.5036601E+02   -0.7151368E+01   -0.3009107E+01   -0.6263453E+00    0.2133812E+01    0.6505674E+01    0.4730443E-01    0.2466897E+00    0.9540733E-02   -0.6451349E-01   -0.8123471E-01    0.8721104E-05   -0.5863841E-03    0.1287600E+00
    0.6747422E-06   -0.1854496E-04    0.1028773E-05    0.3242348E-04   -0.7108489E-03   -0.1367884E-02    0.4930934E-04    0.5288243E-04   -0.1037830E+01    0.2626639E-02    0.3281010E+00   -0.7745058E-01   -0.9921475E-01    0.4730443E-01    0.1775014E-01   -0.1089157E-01    0.4351787E-02    0.9362783E-02   -0.1893179E-01   -0.8978772E-06   -0.2784984E-04    0.3151845E-02
   -0.1127289E-05    0.9348544E-04   -0.9037490E-05   -0.1879373E-03    0.1861545E-02    0.6377530E-02   -0.2632756E-03    0.2066298E-04   -0.7702355E+00    0.1881184E+00   -0.1581758E+01    0.5220054E-01    0.7906681E+00    0.2466897E+00   -0.1089157E-01    0.4887338E-01   -0.9708703E-03    0.2621660E-02   -0.2577795E-01    0.1681263E-05    0.7511318E-04    0.2737484E-02
   -0.1561851E-05    0.5028656E-04   -0.6353220E-05   -0.4091855E-05   -0.8513713E-04    0.2882110E-02    0.1349892E-03    0.3202143E-04    0.2406242E+00    0.5025307E-01   -0.1856094E+01    0.2016070E+00    0.1148136E+01    0.9540733E-02    0.4351787E-02   -0.9708703E-03    0.2429721E-01   -0.2516583E-02   -0.8621161E-02    0.5589699E-05   -0.7270267E-04    0.8149023E-02
   -0.7867002E-07   -0.4303506E-04    0.3064147E-05    0.9134530E-04   -0.9459476E-03   -0.3211360E-02    0.1106263E-03   -0.4324659E-04    0.1262209E+00    0.1244473E+01    0.7112486E+00    0.1087953E+00   -0.4061666E+00   -0.6451349E-01    0.9362783E-02    0.2621660E-02   -0.2516583E-02    0.7976560E-01    0.1255091E-01   -0.5581361E-05   -0.2115118E-04    0.8763764E-03
   -0.3941524E-05    0.7923501E-03   -0.7730859E-04   -0.1551683E-02    0.9274805E-02    0.5379892E-01   -0.2721949E-02   -0.8123940E-03   -0.1263994E+02   -0.1107982E+02   -0.8405707E+01   -0.1263929E+01   -0.1809258E+01   -0.8123471E-01   -0.1893179E-01   -0.2577795E-01   -0.8621161E-02    0.1255091E-01    0.7566184E+01   -0.3497983E-04   -0.2206710E-03   -0.3256136E-02
    0.2855610E-08   -0.1744107E-06    0.9427340E-08   -0.1618645E-06    0.9409252E-06   -0.7241912E-05   -0.3979389E-06   -0.3083384E-06    0.3274262E-02    0.2575222E-03   -0.2777656E-03   -0.2283334E-03    0.1894489E-03    0.8721104E-05   -0.8978772E-06    0.1681263E-05    0.5589699E-05   -0.5581361E-05   -0.3497983E-04    0.8333900E-06    0.6208658E-07   -0.8811524E-04
    0.8406465E-08    0.5425486E-06   -0.5742900E-07   -0.7716041E-06    0.6042887E-06    0.2621617E-04    0.1164997E-05    0.1331649E-05    0.5959782E-02    0.1819528E-02   -0.2828386E-02   -0.9772933E-03    0.1065121E-02   -0.5863841E-03   -0.2784984E-04    0.7511318E-04   -0.7270267E-04   -0.2115118E-04   -0.2206710E-03    0.6208658E-07    0.5645731E-05    0.2985027E-03
    0.6704752E-05    0.3472546E-03   -0.3702096E-04   -0.2123676E-04   -0.1858179E-02    0.1704621E-01    0.1248079E-02    0.7506094E-03    0.1092502E+02    0.4727903E+00    0.2105986E+00   -0.3088103E+00    0.9127958E-01    0.1287600E+00    0.3151845E-02    0.2737484E-02    0.8149023E-02    0.8763764E-03   -0.3256136E-02   -0.8811524E-04    0.2985027E-03    0.2610672E+00
