# omegabh2 omegach2 theta tau meffsterile nnu logA ns calPlanck alpha_JLA beta_JLA acib217 xi asz143 aps100 aps143 aps143217 aps217 aksz kgal100 kgal143 kgal143217 kgal217 galfEE100 galfEE100143 galfEE100217 galfEE143 galfEE143217 galfEE217 galfTE100 galfTE100143 galfTE100217 galfTE143 galfTE143217 galfTE217 cal0 cal2
    0.3098647E-07    0.1221035E-06   -0.6520752E-08    0.1143120E-05    0.2738990E-05    0.1266364E-04    0.2596306E-05    0.6892254E-06    0.9782846E-08    0.1164244E-09   -0.7437989E-08   -0.8251617E-05   -0.4630390E-06    0.1957526E-04   -0.1831608E-03   -0.1081094E-03   -0.2339798E-04   -0.1424507E-04   -0.2402053E-04   -0.3232422E-07   -0.2404380E-05   -0.4102552E-05   -0.1026854E-04    0.9159199E-07    0.4038259E-07   -0.4042836E-08    0.3748034E-07   -0.6555999E-07   -0.6713624E-07   -0.2522433E-06   -0.1557484E-06   -0.2103675E-07   -0.1946452E-06   -0.3236958E-06   -0.1189494E-05    0.2870023E-08   -0.1804475E-08
    0.1221035E-06    0.6375459E-05   -0.5068987E-06    0.2137609E-05   -0.9083782E-04    0.2614746E-03    0.1564580E-04    0.8302124E-05   -0.5487342E-07   -0.2457621E-06   -0.1882968E-05    0.1976533E-02   -0.4819128E-04   -0.2830523E-03    0.5363197E-02    0.2120506E-02   -0.4984316E-03   -0.1784979E-02    0.7737048E-03    0.1629393E-03    0.8944850E-04    0.2510987E-03   -0.2048974E-03    0.2208604E-06    0.5446844E-07    0.5495051E-07    0.1298974E-06   -0.1827006E-06    0.2150087E-06    0.2488556E-05    0.7223384E-06   -0.8179545E-05   -0.2166964E-06   -0.1741402E-05    0.7059059E-06   -0.2857518E-07    0.1947720E-06
   -0.6520752E-08   -0.5068987E-06    0.1223125E-06    0.1087956E-06    0.3787048E-05   -0.2453348E-04   -0.6651286E-06   -0.7343716E-06   -0.4061182E-08   -0.4659113E-08    0.2244526E-06   -0.2005630E-03    0.4018434E-05    0.3422190E-04   -0.6343176E-03   -0.2293844E-03    0.1931886E-04    0.1533204E-03   -0.7167228E-04   -0.1412414E-04   -0.1726081E-04   -0.7990979E-05    0.5541858E-04   -0.6247257E-07   -0.8093664E-08    0.1121664E-07   -0.3385992E-08    0.3059326E-07    0.1241042E-06   -0.1797799E-06   -0.2266531E-06    0.6594090E-07   -0.1674767E-06    0.1041312E-06   -0.5465325E-06    0.5447772E-08   -0.1349726E-07
    0.1143120E-05    0.2137609E-05    0.1087956E-06    0.1991573E-03    0.3690403E-03    0.6815565E-03    0.3877015E-03    0.4962889E-04   -0.3894065E-05   -0.7943608E-07   -0.1286908E-04   -0.1307974E-02    0.6581668E-04    0.1071566E-02   -0.1412287E-01   -0.1997127E-02    0.2795076E-02    0.6639416E-03   -0.1247962E-02   -0.1374625E-03    0.2759711E-03   -0.2388592E-03   -0.1513772E-02    0.7350722E-05    0.3041833E-05    0.2160921E-05    0.2943024E-05   -0.3595838E-05   -0.1878826E-04   -0.1855623E-04   -0.1120537E-04    0.1848096E-04   -0.7598750E-05    0.6138889E-05   -0.1064340E-04   -0.3177689E-06   -0.3345557E-06
    0.2738990E-05   -0.9083782E-04    0.3787048E-05    0.3690403E-03    0.1274279E-01    0.1162270E-02    0.6828355E-03   -0.2297045E-04    0.1331202E-05   -0.8976385E-05    0.4299819E-04   -0.1785490E-01    0.1122548E-02   -0.1705339E-02   -0.2959056E-02    0.6149924E-01    0.6686843E-01    0.6286042E-01   -0.7545008E-02   -0.3018500E-02   -0.9338676E-03    0.4484297E-03    0.5629992E-02   -0.8975768E-05   -0.2372388E-05   -0.1246910E-04   -0.2086521E-05   -0.2643166E-04   -0.1163261E-03    0.5265438E-04   -0.1768833E-04   -0.1535967E-03   -0.2940426E-04   -0.7863171E-04    0.7941508E-04   -0.1209221E-05   -0.1346135E-05
    0.1266364E-04    0.2614746E-03   -0.2453348E-04    0.6815565E-03    0.1162270E-02    0.1607631E-01    0.1865040E-02    0.6404234E-03    0.2664550E-05   -0.8215897E-05   -0.4839355E-04    0.9750415E-01   -0.2002108E-02   -0.1229430E-01    0.2631591E+00    0.1150187E+00   -0.5215466E-02   -0.7756274E-01    0.3386664E-01    0.5602771E-02    0.4632008E-02    0.8814008E-02   -0.1829543E-01    0.4646492E-04    0.1886936E-04    0.4033716E-05    0.2134214E-04   -0.4463908E-04   -0.1130347E-03    0.8713726E-04   -0.1470117E-04   -0.3568348E-03   -0.6132529E-04   -0.1014330E-03   -0.2294004E-03   -0.2525827E-05    0.8302243E-05
    0.2596306E-05    0.1564580E-04   -0.6651286E-06    0.3877015E-03    0.6828355E-03    0.1865040E-02    0.8035736E-03    0.1115084E-03    0.3862991E-05   -0.4593454E-06   -0.1978646E-04    0.1496398E-02    0.9358128E-04    0.1429174E-02   -0.1199169E-01    0.2623686E-02    0.7792890E-02    0.3204508E-02   -0.1589844E-02   -0.1575985E-03    0.1527344E-04   -0.8297216E-03   -0.2794277E-02    0.1601815E-04    0.6245593E-05    0.3665272E-05    0.6748247E-05   -0.8581396E-05   -0.4172460E-04   -0.2964085E-04   -0.1925174E-04    0.3342278E-04   -0.1505613E-04    0.5057256E-05   -0.2289752E-04   -0.4043324E-06   -0.3707635E-06
    0.6892254E-06    0.8302124E-05   -0.7343716E-06    0.4962889E-04   -0.2297045E-04    0.6404234E-03    0.1115084E-03    0.4208208E-04    0.2910589E-06    0.2416319E-06    0.4437254E-06   -0.6875511E-03    0.2643954E-04    0.6255681E-03   -0.1089040E-01   -0.9229250E-03    0.2684042E-02    0.2624514E-02   -0.1169191E-02    0.3739391E-03    0.5753227E-04   -0.7990503E-04   -0.1171816E-03    0.6293523E-05    0.2489938E-05    0.9523739E-06    0.2676306E-05   -0.3025351E-05   -0.7005703E-05    0.8781515E-06   -0.3709553E-05   -0.2914347E-05   -0.5965569E-05   -0.1218467E-05   -0.2712286E-04   -0.2620718E-06   -0.1131398E-06
    0.9782846E-08   -0.5487342E-07   -0.4061182E-08   -0.3894065E-05    0.1331202E-05    0.2664550E-05    0.3862991E-05    0.2910589E-06    0.5898143E-05    0.2424498E-06    0.3477772E-05    0.1026119E-02    0.3924502E-05   -0.9057869E-04    0.4068219E-02    0.6753563E-03    0.2783788E-03    0.7350257E-03    0.1126808E-03    0.9209826E-05   -0.9226688E-04   -0.2991743E-03    0.6083272E-04    0.1368299E-05    0.2944690E-06   -0.2202740E-06    0.5664437E-06   -0.3806766E-06   -0.1824261E-05    0.1305852E-05    0.9082451E-06    0.9355986E-05    0.3197093E-06    0.1176993E-05    0.1173499E-05    0.2673748E-07   -0.3298243E-07
    0.1164244E-09   -0.2457621E-06   -0.4659113E-08   -0.7943608E-07   -0.8976385E-05   -0.8215897E-05   -0.4593454E-06    0.2416319E-06    0.2424498E-06    0.4268612E-04   -0.3336470E-04    0.4427344E-03    0.1001287E-04   -0.8233701E-04    0.2503320E-03    0.3171199E-03    0.8003012E-04   -0.4108260E-03   -0.4466531E-04   -0.1408713E-03    0.7716931E-04   -0.1740404E-04   -0.3382813E-03    0.5830733E-06    0.1144016E-06    0.2252180E-06    0.2978880E-06    0.4670210E-06    0.7311045E-05   -0.5221624E-05   -0.1321038E-05    0.5938520E-06    0.1078080E-05   -0.1421371E-05    0.1342061E-04   -0.1038759E-06    0.1075238E-07
   -0.7437989E-08   -0.1882968E-05    0.2244526E-06   -0.1286908E-04    0.4299819E-04   -0.4839355E-04   -0.1978646E-04    0.4437254E-06    0.3477772E-05   -0.3336470E-04    0.6434049E-02   -0.1832577E-02    0.1752345E-03    0.3589993E-03    0.8670263E-02   -0.2832585E-02    0.8237626E-02    0.9339327E-02   -0.7712522E-03   -0.1187904E-02   -0.3396461E-04   -0.3011101E-02   -0.5140028E-02   -0.5492728E-05   -0.6424532E-06   -0.8922049E-05   -0.5081166E-05   -0.1209585E-04    0.2910590E-04    0.9037152E-05    0.1965231E-04    0.5538085E-04    0.1954360E-04    0.5696709E-04   -0.5212479E-04    0.1277375E-06   -0.8304899E-06
   -0.8251617E-05    0.1976533E-02   -0.2005630E-03   -0.1307974E-02   -0.1785490E-01    0.9750415E-01    0.1496398E-02   -0.6875511E-03    0.1026119E-02    0.4427344E-03   -0.1832577E-02    0.4892457E+02   -0.4910756E+00   -0.1438115E+01    0.4299495E+02   -0.1863943E+00   -0.2146106E+02   -0.6646166E+02    0.2481527E+00   -0.3191121E+00    0.2742644E+00   -0.3571320E+01   -0.2592145E+02    0.4679487E-03    0.6543148E-04   -0.1162821E-02   -0.5700415E-03    0.1147852E-02   -0.2076673E-02    0.3561099E-02    0.4402361E-02    0.2032711E-01    0.5465739E-03    0.4664188E-02    0.1953401E-01   -0.1631841E-03    0.4352683E-02
   -0.4630390E-06   -0.4819128E-04    0.4018434E-05    0.6581668E-04    0.1122548E-02   -0.2002108E-02    0.9358128E-04    0.2643954E-04    0.3924502E-05    0.1001287E-04    0.1752345E-03   -0.4910756E+00    0.8145421E-01   -0.7855820E-01   -0.5392197E+00    0.9689103E+00    0.1743183E+01    0.7364422E+00    0.7798902E-01    0.1889306E-02    0.5210268E-03    0.8582165E-01    0.1023763E+00   -0.8943179E-05    0.6381921E-05    0.4620934E-05   -0.6758683E-05   -0.5078700E-05   -0.4722893E-05   -0.1013794E-03   -0.2541587E-04   -0.7874786E-03    0.2723856E-04   -0.5293250E-04    0.1785977E-03    0.6069551E-05   -0.2093779E-04
    0.1957526E-04   -0.2830523E-03    0.3422190E-04    0.1071566E-02   -0.1705339E-02   -0.1229430E-01    0.1429174E-02    0.6255681E-03   -0.9057869E-04   -0.8233701E-04    0.3589993E-03   -0.1438115E+01   -0.7855820E-01    0.3747159E+01   -0.2798919E+02   -0.3382532E+01    0.7840991E+01    0.6735530E+01   -0.2840106E+01   -0.2326486E+00    0.9458713E-01    0.2468392E+01    0.2021813E+01    0.2671086E-03    0.8882291E-04   -0.1828045E-03    0.5341204E-04   -0.1882640E-03   -0.1256012E-02   -0.1449586E-02   -0.1163787E-02    0.3095768E-02   -0.1468689E-02   -0.9137865E-03   -0.2100938E-02    0.1994664E-03   -0.3661684E-03
   -0.1831608E-03    0.5363197E-02   -0.6343176E-03   -0.1412287E-01   -0.2959056E-02    0.2631591E+00   -0.1199169E-01   -0.1089040E-01    0.4068219E-02    0.2503320E-03    0.8670263E-02    0.4299495E+02   -0.5392197E+00   -0.2798919E+02    0.7146772E+03    0.6427447E+02   -0.5899896E+02   -0.7061917E+02    0.1259735E+02    0.2317121E+00   -0.1682107E+00   -0.1299044E+02   -0.2055280E+02    0.2018043E-02   -0.8032905E-03    0.4764892E-02   -0.3789808E-04    0.1064314E-02    0.4496403E-02    0.4613485E-01    0.2138186E-02    0.3369995E-01    0.1642675E-01    0.2062466E-01    0.1159322E+00    0.4686798E-02    0.3961991E-02
   -0.1081094E-03    0.2120506E-02   -0.2293844E-03   -0.1997127E-02    0.6149924E-01    0.1150187E+00    0.2623686E-02   -0.9229250E-03    0.6753563E-03    0.3171199E-03   -0.2832585E-02   -0.1863943E+00    0.9689103E+00   -0.3382532E+01    0.6427447E+02    0.5777531E+02    0.4258246E+02    0.1858577E+02   -0.4848671E+01   -0.4012746E+00   -0.9766622E+00    0.3676346E+01    0.3708863E+01   -0.1406274E-02   -0.4995985E-03    0.1076447E-02   -0.5731841E-03   -0.2866685E-03   -0.2022347E-02   -0.2464081E-02    0.3510358E-03    0.1029067E-02    0.6026486E-02    0.9476384E-03    0.1580856E-01    0.1590009E-03   -0.7482774E-05
   -0.2339798E-04   -0.4984316E-03    0.1931886E-04    0.2795076E-02    0.6686843E-01   -0.5215466E-02    0.7792890E-02    0.2684042E-02    0.2783788E-03    0.8003012E-04    0.8237626E-02   -0.2146106E+02    0.1743183E+01    0.7840991E+01   -0.5899896E+02    0.4258246E+02    0.9362116E+02    0.6727378E+02   -0.1261930E+02   -0.7604865E+00   -0.2473701E+00    0.4858729E+01    0.6096533E+01   -0.2774640E-03    0.1126188E-03    0.1836937E-03   -0.3141610E-03   -0.2312944E-02   -0.5236950E-02   -0.4338853E-02   -0.4174665E-02   -0.4657704E-02    0.1504425E-03   -0.3857837E-02   -0.3666241E-02    0.7537646E-03   -0.2797416E-02
   -0.1424507E-04   -0.1784979E-02    0.1533204E-03    0.6639416E-03    0.6286042E-01   -0.7756274E-01    0.3204508E-02    0.2624514E-02    0.7350257E-03   -0.4108260E-03    0.9339327E-02   -0.6646166E+02    0.7364422E+00    0.6735530E+01   -0.7061917E+02    0.1858577E+02    0.6727378E+02    0.1269598E+03   -0.1082880E+02   -0.1766804E+00   -0.2727684E+00    0.1774913E+01    0.2339212E+02   -0.6585345E-03   -0.2297737E-04    0.1664174E-02    0.4846183E-03   -0.3697492E-02   -0.3442870E-02   -0.2291305E-02   -0.6614527E-02   -0.1905770E-01   -0.1209556E-02   -0.6711852E-02   -0.3077215E-01    0.6170613E-03   -0.7773618E-02
   -0.2402053E-04    0.7737048E-03   -0.7167228E-04   -0.1247962E-02   -0.7545008E-02    0.3386664E-01   -0.1589844E-02   -0.1169191E-02    0.1126808E-03   -0.4466531E-04   -0.7712522E-03    0.2481527E+00    0.7798902E-01   -0.2840106E+01    0.1259735E+02   -0.4848671E+01   -0.1261930E+02   -0.1082880E+02    0.6427196E+01    0.1944852E+00   -0.1635776E+00   -0.2153996E+01   -0.1532041E+01   -0.2642945E-03   -0.1238499E-03   -0.2076548E-03   -0.1273345E-03    0.7538759E-03    0.1230515E-02    0.9616299E-03    0.1406483E-02   -0.7408070E-02    0.9270973E-03    0.1739731E-02    0.3642438E-02   -0.1401009E-03    0.2168216E-03
   -0.3232422E-07    0.1629393E-03   -0.1412414E-04   -0.1374625E-03   -0.3018500E-02    0.5602771E-02   -0.1575985E-03    0.3739391E-03    0.9209826E-05   -0.1408713E-03   -0.1187904E-02   -0.3191121E+00    0.1889306E-02   -0.2326486E+00    0.2317121E+00   -0.4012746E+00   -0.7604865E+00   -0.1766804E+00    0.1944852E+00    0.3140643E+01    0.7077062E+00    0.3871676E+00    0.8077330E+00    0.1812105E-03   -0.1867577E-04    0.7884171E-04    0.1902266E-03   -0.8359952E-04    0.1139332E-02   -0.2403434E-02    0.6385213E-03   -0.3088054E-02   -0.2067791E-03   -0.1025549E-02    0.3951843E-03    0.4372732E-03    0.2730551E-04
   -0.2404380E-05    0.8944850E-04   -0.1726081E-04    0.2759711E-03   -0.9338676E-03    0.4632008E-02    0.1527344E-04    0.5753227E-04   -0.9226688E-04    0.7716931E-04   -0.3396461E-04    0.2742644E+00    0.5210268E-03    0.9458713E-01   -0.1682107E+00   -0.9766622E+00   -0.2473701E+00   -0.2727684E+00   -0.1635776E+00    0.7077062E+00    0.3057348E+01    0.2340515E+01    0.1311765E+01    0.2862238E-04   -0.2551506E-04   -0.1338151E-03    0.1143963E-04   -0.7465001E-04    0.1672032E-02    0.4445483E-02    0.1189761E-03   -0.4782443E-03   -0.2311787E-03   -0.9283580E-04    0.2286169E-02   -0.4269525E-03   -0.2039727E-03
   -0.4102552E-05    0.2510987E-03   -0.7990979E-05   -0.2388592E-03    0.4484297E-03    0.8814008E-02   -0.8297216E-03   -0.7990503E-04   -0.2991743E-03   -0.1740404E-04   -0.3011101E-02   -0.3571320E+01    0.8582165E-01    0.2468392E+01   -0.1299044E+02    0.3676346E+01    0.4858729E+01    0.1774913E+01   -0.2153996E+01    0.3871676E+00    0.2340515E+01    0.1759134E+02    0.2705420E+02   -0.1513864E-03   -0.3176372E-03    0.6972582E-04   -0.1667697E-03    0.4590632E-03    0.4269097E-02    0.1862438E-02   -0.4952072E-03    0.4168466E-03   -0.1380558E-02   -0.3883256E-02    0.5167102E-02   -0.8032578E-04    0.2420469E-02
   -0.1026854E-04   -0.2048974E-03    0.5541858E-04   -0.1513772E-02    0.5629992E-02   -0.1829543E-01   -0.2794277E-02   -0.1171816E-03    0.6083272E-04   -0.3382813E-03   -0.5140028E-02   -0.2592145E+02    0.1023763E+00    0.2021813E+01   -0.2055280E+02    0.3708863E+01    0.6096533E+01    0.2339212E+02   -0.1532041E+01    0.8077330E+00    0.1311765E+01    0.2705420E+02    0.6189863E+02   -0.1222175E-03   -0.5862218E-03    0.5648562E-03    0.8992247E-04    0.3093317E-03    0.8310896E-02   -0.1072560E-02   -0.2438943E-02   -0.1293977E-01   -0.7378773E-03   -0.9177777E-02   -0.3698833E-02   -0.5465463E-04    0.4325786E-02
    0.9159199E-07    0.2208604E-06   -0.6247257E-07    0.7350722E-05   -0.8975768E-05    0.4646492E-04    0.1601815E-04    0.6293523E-05    0.1368299E-05    0.5830733E-06   -0.5492728E-05    0.4679487E-03   -0.8943179E-05    0.2671086E-03    0.2018043E-02   -0.1406274E-02   -0.2774640E-03   -0.6585345E-03   -0.2642945E-03    0.1812105E-03    0.2862238E-04   -0.1513864E-03   -0.1222175E-03    0.1277209E-03    0.1089806E-04    0.1354622E-05    0.2017968E-05   -0.1146829E-05   -0.9368351E-05   -0.1036815E-04   -0.3869010E-05   -0.1966197E-04    0.2252870E-05    0.5478451E-05   -0.7226612E-05    0.2502800E-07    0.1472721E-06
    0.4038259E-07    0.5446844E-07   -0.8093664E-08    0.3041833E-05   -0.2372388E-05    0.1886936E-04    0.6245593E-05    0.2489938E-05    0.2944690E-06    0.1144016E-06   -0.6424532E-06    0.6543148E-04    0.6381921E-05    0.8882291E-04   -0.8032905E-03   -0.4995985E-03    0.1126188E-03   -0.2297737E-04   -0.1238499E-03   -0.1867577E-04   -0.2551506E-04   -0.3176372E-03   -0.5862218E-03    0.1089806E-04    0.1372566E-04   -0.5093766E-07    0.6259818E-05    0.3640477E-07   -0.8591056E-07    0.1237238E-05   -0.5894020E-06    0.8397038E-05   -0.8372796E-06    0.1858290E-05    0.5107522E-05    0.8545875E-08   -0.5983272E-07
   -0.4042836E-08    0.5495051E-07    0.1121664E-07    0.2160921E-05   -0.1246910E-04    0.4033716E-05    0.3665272E-05    0.9523739E-06   -0.2202740E-06    0.2252180E-06   -0.8922049E-05   -0.1162821E-02    0.4620934E-05   -0.1828045E-03    0.4764892E-02    0.1076447E-02    0.1836937E-03    0.1664174E-02   -0.2076548E-03    0.7884171E-04   -0.1338151E-03    0.6972582E-04    0.5648562E-03    0.1354622E-05   -0.5093766E-07    0.2215783E-03    0.8168146E-06   -0.2524553E-05   -0.3536472E-05    0.1115484E-04    0.3113803E-05    0.2350179E-04   -0.3716174E-05   -0.1131282E-04    0.1552570E-04    0.9665848E-07   -0.2278995E-06
    0.3748034E-07    0.1298974E-06   -0.3385992E-08    0.2943024E-05   -0.2086521E-05    0.2134214E-04    0.6748247E-05    0.2676306E-05    0.5664437E-06    0.2978880E-06   -0.5081166E-05   -0.5700415E-03   -0.6758683E-05    0.5341204E-04   -0.3789808E-04   -0.5731841E-03   -0.3141610E-03    0.4846183E-03   -0.1273345E-03    0.1902266E-03    0.1143963E-04   -0.1667697E-03    0.8992247E-04    0.2017968E-05    0.6259818E-05    0.8168146E-06    0.3030754E-04   -0.4904934E-06   -0.3971117E-05    0.2806331E-05    0.8156545E-06    0.2803529E-05   -0.2130687E-05   -0.1703195E-05    0.8098351E-05    0.5573555E-08   -0.1417942E-06
   -0.6555999E-07   -0.1827006E-06    0.3059326E-07   -0.3595838E-05   -0.2643166E-04   -0.4463908E-04   -0.8581396E-05   -0.3025351E-05   -0.3806766E-06    0.4670210E-06   -0.1209585E-04    0.1147852E-02   -0.5078700E-05   -0.1882640E-03    0.1064314E-02   -0.2866685E-03   -0.2312944E-02   -0.3697492E-02    0.7538759E-03   -0.8359952E-04   -0.7465001E-04    0.4590632E-03    0.3093317E-03   -0.1146829E-05    0.3640477E-07   -0.2524553E-05   -0.4904934E-06    0.3963933E-03    0.2626649E-04    0.2419397E-04    0.1254201E-04   -0.4028660E-04   -0.1423335E-05    0.1414608E-05   -0.8467440E-04   -0.7271100E-07    0.1731974E-06
   -0.6713624E-07    0.2150087E-06    0.1241042E-06   -0.1878826E-04   -0.1163261E-03   -0.1130347E-03   -0.4172460E-04   -0.7005703E-05   -0.1824261E-05    0.7311045E-05    0.2910590E-04   -0.2076673E-02   -0.4722893E-05   -0.1256012E-02    0.4496403E-02   -0.2022347E-02   -0.5236950E-02   -0.3442870E-02    0.1230515E-02    0.1139332E-02    0.1672032E-02    0.4269097E-02    0.8310896E-02   -0.9368351E-05   -0.8591056E-07   -0.3536472E-05   -0.3971117E-05    0.2626649E-04    0.3542319E-02    0.4437556E-06   -0.3959984E-06   -0.7421945E-04   -0.1881054E-04   -0.5307392E-04   -0.9464057E-06   -0.3381590E-06    0.3773273E-06
   -0.2522433E-06    0.2488556E-05   -0.1797799E-06   -0.1855623E-04    0.5265438E-04    0.8713726E-04   -0.2964085E-04    0.8781515E-06    0.1305852E-05   -0.5221624E-05    0.9037152E-05    0.3561099E-02   -0.1013794E-03   -0.1449586E-02    0.4613485E-01   -0.2464081E-02   -0.4338853E-02   -0.2291305E-02    0.9616299E-03   -0.2403434E-02    0.4445483E-02    0.1862438E-02   -0.1072560E-02   -0.1036815E-04    0.1237238E-05    0.1115484E-04    0.2806331E-05    0.2419397E-04    0.4437556E-06    0.5691949E-02    0.1791530E-02    0.1735427E-02   -0.6631367E-03   -0.1364353E-03   -0.1313362E-04    0.1988926E-05   -0.4864879E-06
   -0.1557484E-06    0.7223384E-06   -0.2266531E-06   -0.1120537E-04   -0.1768833E-04   -0.1470117E-04   -0.1925174E-04   -0.3709553E-05    0.9082451E-06   -0.1321038E-05    0.1965231E-04    0.4402361E-02   -0.2541587E-04   -0.1163787E-02    0.2138186E-02    0.3510358E-03   -0.4174665E-02   -0.6614527E-02    0.1406483E-02    0.6385213E-03    0.1189761E-03   -0.4952072E-03   -0.2438943E-02   -0.3869010E-05   -0.5894020E-06    0.3113803E-05    0.8156545E-06    0.1254201E-04   -0.3959984E-06    0.1791530E-02    0.1222605E-02    0.7618262E-03    0.2175256E-03    0.2084224E-04   -0.2259793E-03   -0.1226017E-06    0.4535796E-06
   -0.2103675E-07   -0.8179545E-05    0.6594090E-07    0.1848096E-04   -0.1535967E-03   -0.3568348E-03    0.3342278E-04   -0.2914347E-05    0.9355986E-05    0.5938520E-06    0.5538085E-04    0.2032711E-01   -0.7874786E-03    0.3095768E-02    0.3369995E-01    0.1029067E-02   -0.4657704E-02   -0.1905770E-01   -0.7408070E-02   -0.3088054E-02   -0.4782443E-03    0.4168466E-03   -0.1293977E-01   -0.1966197E-04    0.8397038E-05    0.2350179E-04    0.2803529E-05   -0.4028660E-04   -0.7421945E-04    0.1735427E-02    0.7618262E-03    0.3343640E-01   -0.5827452E-03    0.1385655E-02    0.1129432E-01   -0.3567649E-06   -0.1033069E-06
   -0.1946452E-06   -0.2166964E-06   -0.1674767E-06   -0.7598750E-05   -0.2940426E-04   -0.6132529E-04   -0.1505613E-04   -0.5965569E-05    0.3197093E-06    0.1078080E-05    0.1954360E-04    0.5465739E-03    0.2723856E-04   -0.1468689E-02    0.1642675E-01    0.6026486E-02    0.1504425E-03   -0.1209556E-02    0.9270973E-03   -0.2067791E-03   -0.2311787E-03   -0.1380558E-02   -0.7378773E-03    0.2252870E-05   -0.8372796E-06   -0.3716174E-05   -0.2130687E-05   -0.1423335E-05   -0.1881054E-04   -0.6631367E-03    0.2175256E-03   -0.5827452E-03    0.1387687E-02    0.1962813E-03   -0.3266140E-03   -0.7479103E-07    0.1780076E-06
   -0.3236958E-06   -0.1741402E-05    0.1041312E-06    0.6138889E-05   -0.7863171E-04   -0.1014330E-03    0.5057256E-05   -0.1218467E-05    0.1176993E-05   -0.1421371E-05    0.5696709E-04    0.4664188E-02   -0.5293250E-04   -0.9137865E-03    0.2062466E-01    0.9476384E-03   -0.3857837E-02   -0.6711852E-02    0.1739731E-02   -0.1025549E-02   -0.9283580E-04   -0.3883256E-02   -0.9177777E-02    0.5478451E-05    0.1858290E-05   -0.1131282E-04   -0.1703195E-05    0.1414608E-05   -0.5307392E-04   -0.1364353E-03    0.2084224E-04    0.1385655E-02    0.1962813E-03    0.5057207E-02    0.3935060E-02   -0.6950198E-06   -0.1236831E-05
   -0.1189494E-05    0.7059059E-06   -0.5465325E-06   -0.1064340E-04    0.7941508E-04   -0.2294004E-03   -0.2289752E-04   -0.2712286E-04    0.1173499E-05    0.1342061E-04   -0.5212479E-04    0.1953401E-01    0.1785977E-03   -0.2100938E-02    0.1159322E+00    0.1580856E-01   -0.3666241E-02   -0.3077215E-01    0.3642438E-02    0.3951843E-03    0.2286169E-02    0.5167102E-02   -0.3698833E-02   -0.7226612E-05    0.5107522E-05    0.1552570E-04    0.8098351E-05   -0.8467440E-04   -0.9464057E-06   -0.1313362E-04   -0.2259793E-03    0.1129432E-01   -0.3266140E-03    0.3935060E-02    0.3542200E-01    0.3808335E-06   -0.1226932E-05
    0.2870023E-08   -0.2857518E-07    0.5447772E-08   -0.3177689E-06   -0.1209221E-05   -0.2525827E-05   -0.4043324E-06   -0.2620718E-06    0.2673748E-07   -0.1038759E-06    0.1277375E-06   -0.1631841E-03    0.6069551E-05    0.1994664E-03    0.4686798E-02    0.1590009E-03    0.7537646E-03    0.6170613E-03   -0.1401009E-03    0.4372732E-03   -0.4269525E-03   -0.8032578E-04   -0.5465463E-04    0.2502800E-07    0.8545875E-08    0.9665848E-07    0.5573555E-08   -0.7271100E-07   -0.3381590E-06    0.1988926E-05   -0.1226017E-06   -0.3567649E-06   -0.7479103E-07   -0.6950198E-06    0.3808335E-06    0.5424617E-06    0.2877980E-08
   -0.1804475E-08    0.1947720E-06   -0.1349726E-07   -0.3345557E-06   -0.1346135E-05    0.8302243E-05   -0.3707635E-06   -0.1131398E-06   -0.3298243E-07    0.1075238E-07   -0.8304899E-06    0.4352683E-02   -0.2093779E-04   -0.3661684E-03    0.3961991E-02   -0.7482774E-05   -0.2797416E-02   -0.7773618E-02    0.2168216E-03    0.2730551E-04   -0.2039727E-03    0.2420469E-02    0.4325786E-02    0.1472721E-06   -0.5983272E-07   -0.2278995E-06   -0.1417942E-06    0.1731974E-06    0.3773273E-06   -0.4864879E-06    0.4535796E-06   -0.1033069E-06    0.1780076E-06   -0.1236831E-05   -0.1226932E-05    0.2877980E-08    0.2067542E-05
