# omegabh2 omegach2 theta tau logA ns acib217 acibsz143 asz143 aps100 aps143 aps143217 aps217 aksz kgal100 t1gal143 t1gal143217 t1gal217 galfEE100 galfEE100143 galfEE100217 galfEE143 galfEE143217 galfEE217 galfTE100 galfTE100143 galfTE100217 galfTE143 galfTE143217 galfTE217 calib_100T calib_217T
    0.2056116E-07   -0.6750697E-07    0.1358652E-07    0.4243823E-06    0.8261215E-06    0.1908833E-06   -0.1252779E-03   -0.7751199E-04   -0.1921728E-04   -0.2951145E-04    0.2490585E-04    0.1381144E-03    0.1023972E-03   -0.3091795E-04    0.9123604E-04   -0.1762792E-03   -0.1899978E-03   -0.2013677E-03    0.8866553E-07    0.9467002E-07    0.1245835E-06    0.8296788E-07    0.1055390E-06    0.1585851E-06   -0.1110311E-05   -0.1728407E-05   -0.2282053E-05   -0.3083958E-05   -0.4175515E-05   -0.6783717E-05   -0.2765785E-07    0.2478075E-08
   -0.6750697E-07    0.1029272E-05   -0.6092983E-07   -0.4718736E-05   -0.6985686E-05   -0.2567019E-05    0.4672030E-03    0.1301241E-03    0.8087268E-06    0.1016838E-02    0.3587478E-03   -0.4367495E-04   -0.3341083E-03    0.1158377E-03    0.2937005E-03    0.3141115E-04    0.1821316E-03    0.2477402E-03   -0.1056298E-05   -0.1247464E-05   -0.1241271E-05   -0.1152222E-05   -0.1387991E-05   -0.1098168E-05    0.6533156E-05    0.7387617E-05    0.7393452E-05    0.1497267E-04    0.1695230E-04    0.2255599E-04   -0.6012738E-07   -0.3790398E-07
    0.1358652E-07   -0.6092983E-07    0.8246187E-07    0.6417277E-06    0.1262409E-05    0.2477318E-06   -0.4414073E-04   -0.4996297E-04   -0.1309131E-04    0.1579607E-04    0.9260396E-04    0.1353695E-03    0.5506257E-04   -0.2518480E-04   -0.1535554E-04   -0.4739390E-04   -0.3905043E-04   -0.3986143E-04    0.4870117E-07    0.3705152E-07    0.1413727E-07    0.5140400E-08   -0.6163815E-07    0.2666325E-07   -0.6313447E-06   -0.1075269E-05   -0.1518136E-05   -0.1432757E-05   -0.2160637E-05   -0.3966066E-05   -0.4093608E-08   -0.2714412E-08
    0.4243823E-06   -0.4718736E-05    0.6417277E-06    0.1074106E-03    0.2028232E-03    0.1792399E-04   -0.6379336E-02   -0.2625488E-02   -0.8059453E-03   -0.5190848E-02   -0.8905232E-03    0.4578861E-02    0.6127062E-02   -0.1175521E-02   -0.4016756E-02   -0.2551955E-02   -0.5316966E-02   -0.6486085E-02    0.5489430E-05    0.6435643E-05    0.5783453E-05    0.6080975E-05    0.6149867E-05    0.5074898E-05   -0.6829242E-04   -0.7453833E-04   -0.7345095E-04   -0.1125329E-03   -0.1290329E-03   -0.1372448E-03    0.6323758E-06    0.5517591E-06
    0.8261215E-06   -0.6985686E-05    0.1262409E-05    0.2028232E-03    0.3945598E-03    0.2901063E-04   -0.1278893E-01   -0.6330540E-02   -0.2558405E-02    0.4061637E-02    0.7103182E-02    0.1674359E-01    0.1717452E-01   -0.2959480E-02   -0.1500199E-01   -0.2247625E-01   -0.2760665E-01   -0.2997808E-01    0.6370530E-05    0.7962727E-05    0.6114580E-05    0.7312563E-05    0.6343436E-05    0.4620271E-05   -0.1251995E-03   -0.1316907E-03   -0.1288379E-03   -0.1890005E-03   -0.2245495E-03   -0.2452028E-03    0.7870510E-07    0.9428809E-06
    0.1908833E-06   -0.2567019E-05    0.2477318E-06    0.1792399E-04    0.2901063E-04    0.1834497E-04   -0.9296238E-02   -0.4350637E-02   -0.1574896E-02   -0.4905309E-02    0.6567077E-02    0.1249499E-01    0.1327032E-01   -0.2676525E-02   -0.2381030E-02   -0.4563377E-02   -0.6121209E-02   -0.6087155E-02    0.6457907E-05    0.7262158E-05    0.7558596E-05    0.6620891E-05    0.7514480E-05    0.4994147E-05   -0.1607560E-04   -0.1081302E-04   -0.4112503E-05   -0.3213349E-04   -0.2260866E-04   -0.3298493E-04    0.2479615E-06    0.3982671E-06
   -0.1252779E-03    0.4672030E-03   -0.4414073E-04   -0.6379336E-02   -0.1278893E-01   -0.9296238E-02    0.6605666E+02    0.2468390E+02    0.9694216E+00    0.1360727E+02   -0.2224378E+02   -0.6576080E+02   -0.8181636E+02   -0.4173277E+01   -0.4763821E+01   -0.1188432E+02   -0.1838506E+02   -0.2442342E+02   -0.1992050E-02   -0.1850003E-02   -0.3191937E-02   -0.2384019E-02   -0.6527445E-03   -0.3281077E-03    0.2063071E-02    0.9657908E-02   -0.3407506E-03    0.9335991E-02   -0.1493294E-01   -0.8350238E-01    0.1368429E-03   -0.2885971E-02
   -0.7751199E-04    0.1301241E-03   -0.4996297E-04   -0.2625488E-02   -0.6330540E-02   -0.4350637E-02    0.2468390E+02    0.1791049E+02    0.2421873E+01   -0.1458924E+02   -0.2379052E+02   -0.4399397E+02   -0.2672837E+02   -0.1632446E+01   -0.4329387E+01   -0.7085058E+01   -0.1433907E+02   -0.1624654E+02   -0.8334019E-03   -0.5876524E-03   -0.1542351E-02   -0.9148568E-03   -0.7927064E-03   -0.1180461E-02    0.1360324E-02    0.4724343E-02    0.1259424E-01    0.1763719E-02    0.2857548E-02   -0.6393740E-02    0.1289253E-03   -0.3133606E-04
   -0.1921728E-04    0.8087268E-06   -0.1309131E-04   -0.8059453E-03   -0.2558405E-02   -0.1574896E-02    0.9694216E+00    0.2421873E+01    0.6004472E+01   -0.4102906E+02   -0.1724051E+02   -0.5002158E+01   -0.5759046E+00   -0.3000698E+00   -0.3555977E+01   -0.1011583E+01    0.2838172E+01    0.3438213E+01   -0.5219998E-03   -0.2330295E-03   -0.4970205E-03    0.1406924E-03   -0.5101168E-03   -0.3643770E-03    0.2336072E-02   -0.7443997E-03   -0.3639243E-02   -0.4274959E-02   -0.1596890E-02    0.7500985E-02   -0.3538310E-04    0.1486085E-03
   -0.2951145E-04    0.1016838E-02    0.1579607E-04   -0.5190848E-02    0.4061637E-02   -0.4905309E-02    0.1360727E+02   -0.1458924E+02   -0.4102906E+02    0.7345937E+03    0.1730817E+03    0.6398240E+02    0.8807547E+01   -0.1290867E+02   -0.3383491E+02   -0.5041712E+01   -0.1600660E+02   -0.1636130E+02   -0.5766413E-02   -0.5881482E-02   -0.5669102E-02   -0.8094776E-02   -0.1028569E-01   -0.1905081E-01    0.1419215E-01    0.5220490E-01    0.7260279E-01    0.8534994E-01    0.1033312E+00    0.1300570E+00   -0.1899818E-02   -0.3075491E-02
    0.2490585E-04    0.3587478E-03    0.9260396E-04   -0.8905232E-03    0.7103182E-02    0.6567077E-02   -0.2224378E+02   -0.2379052E+02   -0.1724051E+02    0.1730817E+03    0.1186179E+03    0.9247278E+02    0.5201302E+02   -0.1140086E+02    0.2606985E+01   -0.7608380E+01   -0.2262986E+01    0.7032673E+00   -0.1216428E-02   -0.1801801E-02   -0.1209726E-02   -0.2451825E-02   -0.1624596E-02   -0.3658434E-02    0.1200852E-01    0.3323245E-01    0.4152409E-01    0.5680872E-01    0.7318269E-01    0.1049231E+00   -0.4525608E-03   -0.8959437E-03
    0.1381144E-03   -0.4367495E-04    0.1353695E-03    0.4578861E-02    0.1674359E-01    0.1249499E-01   -0.6576080E+02   -0.4399397E+02   -0.5002158E+01    0.6398240E+02    0.9247278E+02    0.1465036E+03    0.1071312E+03   -0.8263221E+01    0.1599522E+01    0.1274949E+01    0.1371748E+02    0.1546934E+02   -0.7979638E-04   -0.2902507E-03    0.9469283E-03    0.1353280E-02   -0.7716823E-04   -0.1875077E-02    0.9107571E-02    0.1787171E-01    0.2381738E-01    0.4320022E-01    0.8028362E-01    0.1627080E+00   -0.7623665E-03    0.1415156E-02
    0.1023972E-03   -0.3341083E-03    0.5506257E-04    0.6127062E-02    0.1717452E-01    0.1327032E-01   -0.8181636E+02   -0.2672837E+02   -0.5759046E+00    0.8807547E+01    0.5201302E+02    0.1071312E+03    0.1414403E+03   -0.7046794E+01   -0.3166785E+01   -0.1997423E+01   -0.5001811E+01   -0.5335542E+01    0.8723882E-03    0.1027457E-02    0.1250969E-02    0.2717420E-02   -0.9448052E-03   -0.4478755E-02    0.1344097E-01    0.1241839E-01    0.5305350E-01    0.2843577E-01    0.9610389E-01    0.2228125E+00   -0.6012333E-03    0.5387371E-02
   -0.3091795E-04    0.1158377E-03   -0.2518480E-04   -0.1175521E-02   -0.2959480E-02   -0.2676525E-02   -0.4173277E+01   -0.1632446E+01   -0.3000698E+00   -0.1290867E+02   -0.1140086E+02   -0.8263221E+01   -0.7046794E+01    0.8337146E+01   -0.2288348E+01   -0.3448005E+01   -0.4031555E+01   -0.4125980E+01   -0.1196626E-03   -0.5101850E-03   -0.6296569E-04   -0.5342977E-03   -0.6846709E-03    0.2850398E-03   -0.3449455E-02   -0.4845658E-02   -0.6101373E-02   -0.7906478E-02   -0.1434424E-01   -0.1770236E-01   -0.4810784E-04    0.2297931E-03
    0.9123604E-04    0.2937005E-03   -0.1535554E-04   -0.4016756E-02   -0.1500199E-01   -0.2381030E-02   -0.4763821E+01   -0.4329387E+01   -0.3555977E+01   -0.3383491E+02    0.2606985E+01    0.1599522E+01   -0.3166785E+01   -0.2288348E+01    0.1584824E+03    0.6014279E+02    0.5817890E+02    0.5755507E+02   -0.3446412E-02   -0.1185128E-02   -0.1117518E-02    0.5286862E-03    0.2650771E-02    0.5626823E-02   -0.1214388E-01   -0.7182369E-01   -0.7800600E-01   -0.4950012E-01   -0.6530625E-01   -0.5550929E-01   -0.1308638E-01   -0.1026440E-03
   -0.1762792E-03    0.3141115E-04   -0.4739390E-04   -0.2551955E-02   -0.2247625E-01   -0.4563377E-02   -0.1188432E+02   -0.7085058E+01   -0.1011583E+01   -0.5041712E+01   -0.7608380E+01    0.1274949E+01   -0.1997423E+01   -0.3448005E+01    0.6014279E+02    0.1145874E+03    0.1166538E+03    0.1166408E+03    0.2803310E-02    0.2004430E-02    0.4271028E-02    0.2508259E-02    0.4623986E-02    0.1120570E-01    0.1164432E-01   -0.3000522E-01   -0.6530642E-01   -0.2112794E-01   -0.5508581E-01   -0.6827498E-01    0.3548171E-02    0.2393059E-03
   -0.1899978E-03    0.1821316E-03   -0.3905043E-04   -0.5316966E-02   -0.2760665E-01   -0.6121209E-02   -0.1838506E+02   -0.1433907E+02    0.2838172E+01   -0.1600660E+02   -0.2262986E+01    0.1371748E+02   -0.5001811E+01   -0.4031555E+01    0.5817890E+02    0.1166538E+03    0.1555288E+03    0.1794967E+03    0.2233470E-02    0.7591855E-03    0.2855654E-02    0.1284418E-02    0.3519571E-02    0.9998682E-02    0.1243321E-01   -0.2366624E-01   -0.7836671E-01   -0.2563378E-01   -0.5940597E-01   -0.1515110E-01    0.3201823E-02   -0.4581319E-02
   -0.2013677E-03    0.2477402E-03   -0.3986143E-04   -0.6486085E-02   -0.2997808E-01   -0.6087155E-02   -0.2442342E+02   -0.1624654E+02    0.3438213E+01   -0.1636130E+02    0.7032673E+00    0.1546934E+02   -0.5335542E+01   -0.4125980E+01    0.5755507E+02    0.1166408E+03    0.1794967E+03    0.2274369E+03    0.2822221E-02    0.4689740E-03    0.1850325E-02    0.1211287E-02    0.3530910E-02    0.8033177E-02    0.9252384E-02   -0.1567317E-01   -0.6686275E-01   -0.1818380E-01   -0.3364014E-01    0.7910441E-01    0.3090529E-02   -0.8806215E-02
    0.8866553E-07   -0.1056298E-05    0.4870117E-07    0.5489430E-05    0.6370530E-05    0.6457907E-05   -0.1992050E-02   -0.8334019E-03   -0.5219998E-03   -0.5766413E-02   -0.1216428E-02   -0.7979638E-04    0.8723882E-03   -0.1196626E-03   -0.3446412E-02    0.2803310E-02    0.2233470E-02    0.2822221E-02    0.6731606E-04    0.2353570E-04    0.2774557E-04    0.1095354E-04    0.1416510E-04    0.1571511E-04   -0.6338418E-04   -0.4841725E-04   -0.3575247E-04   -0.3767227E-04   -0.1855772E-05    0.4077079E-05    0.1047180E-05   -0.1335689E-06
    0.9467002E-07   -0.1247464E-05    0.3705152E-07    0.6435643E-05    0.7962727E-05    0.7262158E-05   -0.1850003E-02   -0.5876524E-03   -0.2330295E-03   -0.5881482E-02   -0.1801801E-02   -0.2902507E-03    0.1027457E-02   -0.5101850E-03   -0.1185128E-02    0.2004430E-02    0.7591855E-03    0.4689740E-03    0.2353570E-04    0.4176216E-04    0.3648414E-04    0.3025948E-04    0.3097448E-04    0.2814390E-04   -0.5896870E-04   -0.9308576E-04   -0.8144764E-04   -0.9845721E-04   -0.8534953E-04   -0.7962361E-04    0.6467715E-06    0.1383777E-06
    0.1245835E-06   -0.1241271E-05    0.1413727E-07    0.5783453E-05    0.6114580E-05    0.7558596E-05   -0.3191937E-02   -0.1542351E-02   -0.4970205E-03   -0.5669102E-02   -0.1209726E-02    0.9469283E-03    0.1250969E-02   -0.6296569E-04   -0.1117518E-02    0.4271028E-02    0.2855654E-02    0.1850325E-02    0.2774557E-04    0.3648414E-04    0.1120565E-03    0.2398961E-04    0.5842883E-04    0.1075608E-03   -0.6682299E-04   -0.9690025E-04   -0.9778566E-04   -0.1024364E-03   -0.1792904E-03   -0.3789203E-03    0.9264312E-06    0.2306166E-06
    0.8296788E-07   -0.1152222E-05    0.5140400E-08    0.6080975E-05    0.7312563E-05    0.6620891E-05   -0.2384019E-02   -0.9148568E-03    0.1406924E-03   -0.8094776E-02   -0.2451825E-02    0.1353280E-02    0.2717420E-02   -0.5342977E-03    0.5286862E-03    0.2508259E-02    0.1284418E-02    0.1211287E-02    0.1095354E-04    0.3025948E-04    0.2398961E-04    0.8717856E-04    0.5553119E-04    0.3363161E-04   -0.1317951E-04   -0.7453740E-04   -0.2323150E-04   -0.1656476E-03   -0.1072631E-03   -0.4730636E-04    0.3774926E-06    0.9988605E-07
    0.1055390E-06   -0.1387991E-05   -0.6163815E-07    0.6149867E-05    0.6343436E-05    0.7514480E-05   -0.6527445E-03   -0.7927064E-03   -0.5101168E-03   -0.1028569E-01   -0.1624596E-02   -0.7716823E-04   -0.9448052E-03   -0.6846709E-03    0.2650771E-02    0.4623986E-02    0.3519571E-02    0.3530910E-02    0.1416510E-04    0.3097448E-04    0.5842883E-04    0.5553119E-04    0.1274543E-03    0.1554034E-03   -0.4255330E-04   -0.9035298E-04   -0.9704128E-04   -0.1569803E-03   -0.1984324E-03   -0.3535307E-03    0.5575176E-06   -0.6746178E-07
    0.1585851E-06   -0.1098168E-05    0.2666325E-07    0.5074898E-05    0.4620271E-05    0.4994147E-05   -0.3281077E-03   -0.1180461E-02   -0.3643770E-03   -0.1905081E-01   -0.3658434E-02   -0.1875077E-02   -0.4478755E-02    0.2850398E-03    0.5626823E-02    0.1120570E-01    0.9998682E-02    0.8033177E-02    0.1571511E-04    0.2814390E-04    0.1075608E-03    0.3363161E-04    0.1554034E-03    0.6431553E-03   -0.5954637E-04   -0.1173311E-03   -0.2002586E-03   -0.1293795E-03   -0.3349681E-03   -0.5848037E-03    0.8265176E-06    0.3141612E-06
   -0.1110311E-05    0.6533156E-05   -0.6313447E-06   -0.6829242E-04   -0.1251995E-03   -0.1607560E-04    0.2063071E-02    0.1360324E-02    0.2336072E-02    0.1419215E-01    0.1200852E-01    0.9107571E-02    0.1344097E-01   -0.3449455E-02   -0.1214388E-01    0.1164432E-01    0.1243321E-01    0.9252384E-02   -0.6338418E-04   -0.5896870E-04   -0.6682299E-04   -0.1317951E-04   -0.4255330E-04   -0.5954637E-04    0.1247856E-01    0.8011239E-02    0.8804298E-02    0.1520631E-02    0.1869897E-02    0.2601820E-02    0.2005519E-05    0.2626169E-06
   -0.1728407E-05    0.7387617E-05   -0.1075269E-05   -0.7453833E-04   -0.1316907E-03   -0.1081302E-04    0.9657908E-02    0.4724343E-02   -0.7443997E-03    0.5220490E-01    0.3323245E-01    0.1787171E-01    0.1241839E-01   -0.4845658E-02   -0.7182369E-01   -0.3000522E-01   -0.2366624E-01   -0.1567317E-01   -0.4841725E-04   -0.9308576E-04   -0.9690025E-04   -0.7453740E-04   -0.9035298E-04   -0.1173311E-03    0.8011239E-02    0.1162539E-01    0.1286509E-01    0.7674251E-02    0.7656646E-02    0.7286626E-02    0.6014489E-05   -0.2624096E-05
   -0.2282053E-05    0.7393452E-05   -0.1518136E-05   -0.7345095E-04   -0.1288379E-03   -0.4112503E-05   -0.3407506E-03    0.1259424E-01   -0.3639243E-02    0.7260279E-01    0.4152409E-01    0.2381738E-01    0.5305350E-01   -0.6101373E-02   -0.7800600E-01   -0.6530642E-01   -0.7836671E-01   -0.6686275E-01   -0.3575247E-04   -0.8144764E-04   -0.9778566E-04   -0.2323150E-04   -0.9704128E-04   -0.2002586E-03    0.8804298E-02    0.1286509E-01    0.2511366E-01    0.4332161E-02    0.1177867E-01    0.2312611E-01    0.3658090E-05   -0.2026590E-05
   -0.3083958E-05    0.1497267E-04   -0.1432757E-05   -0.1125329E-03   -0.1890005E-03   -0.3213349E-04    0.9335991E-02    0.1763719E-02   -0.4274959E-02    0.8534994E-01    0.5680872E-01    0.4320022E-01    0.2843577E-01   -0.7906478E-02   -0.4950012E-01   -0.2112794E-01   -0.2563378E-01   -0.1818380E-01   -0.3767227E-04   -0.9845721E-04   -0.1024364E-03   -0.1656476E-03   -0.1569803E-03   -0.1293795E-03    0.1520631E-02    0.7674251E-02    0.4332161E-02    0.2076975E-01    0.1877546E-01    0.1289942E-01    0.2602425E-05   -0.1819513E-05
   -0.4175515E-05    0.1695230E-04   -0.2160637E-05   -0.1290329E-03   -0.2245495E-03   -0.2260866E-04   -0.1493294E-01    0.2857548E-02   -0.1596890E-02    0.1033312E+00    0.7318269E-01    0.8028362E-01    0.9610389E-01   -0.1434424E-01   -0.6530625E-01   -0.5508581E-01   -0.5940597E-01   -0.3364014E-01   -0.1855772E-05   -0.8534953E-04   -0.1792904E-03   -0.1072631E-03   -0.1984324E-03   -0.3349681E-03    0.1869897E-02    0.7656646E-02    0.1177867E-01    0.1877546E-01    0.2884145E-01    0.4057407E-01    0.2265717E-05   -0.2465023E-05
   -0.6783717E-05    0.2255599E-04   -0.3966066E-05   -0.1372448E-03   -0.2452028E-03   -0.3298493E-04   -0.8350238E-01   -0.6393740E-02    0.7500985E-02    0.1300570E+00    0.1049231E+00    0.1627080E+00    0.2228125E+00   -0.1770236E-01   -0.5550929E-01   -0.6827498E-01   -0.1515110E-01    0.7910441E-01    0.4077079E-05   -0.7962361E-04   -0.3789203E-03   -0.4730636E-04   -0.3535307E-03   -0.5848037E-03    0.2601820E-02    0.7286626E-02    0.2312611E-01    0.1289942E-01    0.4057407E-01    0.1026680E+00    0.6867347E-06   -0.7050326E-05
   -0.2765785E-07   -0.6012738E-07   -0.4093608E-08    0.6323758E-06    0.7870510E-07    0.2479615E-06    0.1368429E-03    0.1289253E-03   -0.3538310E-04   -0.1899818E-02   -0.4525608E-03   -0.7623665E-03   -0.6012333E-03   -0.4810784E-04   -0.1308638E-01    0.3548171E-02    0.3201823E-02    0.3090529E-02    0.1047180E-05    0.6467715E-06    0.9264312E-06    0.3774926E-06    0.5575176E-06    0.8265176E-06    0.2005519E-05    0.6014489E-05    0.3658090E-05    0.2602425E-05    0.2265717E-05    0.6867347E-06    0.2354302E-05    0.2505093E-07
    0.2478075E-08   -0.3790398E-07   -0.2714412E-08    0.5517591E-06    0.9428809E-06    0.3982671E-06   -0.2885971E-02   -0.3133606E-04    0.1486085E-03   -0.3075491E-02   -0.8959437E-03    0.1415156E-02    0.5387371E-02    0.2297931E-03   -0.1026440E-03    0.2393059E-03   -0.4581319E-02   -0.8806215E-02   -0.1335689E-06    0.1383777E-06    0.2306166E-06    0.9988605E-07   -0.6746178E-07    0.3141612E-06    0.2626169E-06   -0.2624096E-05   -0.2026590E-05   -0.1819513E-05   -0.2465023E-05   -0.7050326E-05    0.2505093E-07    0.1251297E-05
