# omegabh2 omegach2 theta mnu logA ns
    0.4225420E-05    0.7676509E-05    0.2053031E-05    0.7256406E-04   -0.1512236E-04   -0.4737066E-06
    0.7676509E-05    0.1074794E-02    0.1335790E-02    0.3535888E-01   -0.4405651E-02   -0.1504931E-04
    0.2053031E-05    0.1335790E-02    0.1754774E-02    0.4677458E-01   -0.5287687E-02   -0.1362892E-05
    0.7256406E-04    0.3535888E-01    0.4677458E-01    0.1393909E+01   -0.1329819E+00    0.4404759E-03
   -0.1512236E-04   -0.4405651E-02   -0.5287687E-02   -0.1329819E+00    0.2030781E-01    0.2092121E-03
   -0.4737066E-06   -0.1504931E-04   -0.1362892E-05    0.4404759E-03    0.2092121E-03    0.1057425E-03
