# omegabh2 omegach2 theta tau w wa logA ns alpha_JLA beta_JLA acib217 acibsz143 asz143 aps100 aps143 aps143217 aps217 aksz kgal100 t1gal143 t1gal143217 t1gal217 calib_100T calib_217T
    0.5236109E-07   -0.1835288E-06    0.4170613E-07    0.7359326E-06   -0.1675336E-05    0.2271664E-04    0.1092775E-05    0.5854981E-06    0.1017007E-07   -0.1248568E-06   -0.2952544E-03   -0.1312338E-03    0.2040286E-04   -0.9423714E-03   -0.4266828E-03   -0.3616623E-04    0.3000072E-04   -0.7413125E-04    0.8203037E-03    0.4648244E-03    0.4472319E-03    0.4303930E-03   -0.4731059E-07    0.1223216E-07
   -0.1835288E-06    0.3914400E-05   -0.3197506E-06   -0.8251820E-05    0.4655617E-04   -0.4593450E-03   -0.7322877E-05   -0.8520618E-05   -0.2204592E-06    0.1148481E-05    0.1899934E-03    0.1634325E-04   -0.2282562E-03    0.9405432E-03    0.1679611E-02    0.8881780E-03    0.6306842E-03   -0.6336201E-04    0.2222322E-02    0.9251803E-03    0.7461284E-03    0.6931182E-03   -0.1378391E-06   -0.6850378E-09
    0.4170613E-07   -0.3197506E-06    0.2254599E-06    0.1211963E-05   -0.5935213E-05    0.5596352E-04    0.1834520E-05    0.1065203E-05    0.4047894E-07   -0.2922983E-06   -0.1003565E-03   -0.3114123E-04    0.1496865E-04   -0.3565068E-03   -0.2502749E-03   -0.1188759E-03   -0.6051073E-04   -0.2736700E-04    0.3766744E-03    0.2390314E-03    0.2638190E-03    0.2884876E-03   -0.2126502E-07   -0.1890102E-08
    0.7359326E-06   -0.8251820E-05    0.1211963E-05    0.1770589E-03   -0.1184750E-03    0.1024511E-02    0.3379458E-03    0.3054997E-04    0.7488872E-06    0.2966491E-05   -0.9849351E-02   -0.4552123E-02   -0.6917070E-03   -0.7369351E-02    0.2494834E-02    0.1147643E-01    0.1286484E-01   -0.3141549E-02   -0.1577730E-01   -0.1812640E-01   -0.2063334E-01   -0.2197953E-01    0.4264374E-06    0.6836572E-06
   -0.1675336E-05    0.4655617E-04   -0.5935213E-05   -0.1184750E-03    0.1213320E-01   -0.4186016E-01   -0.1096231E-03   -0.9948165E-04   -0.5111118E-04   -0.1011827E-02   -0.7580579E-02   -0.1910448E-02   -0.4437167E-02   -0.1178291E-02    0.2708956E-01    0.3083716E-01    0.3525448E-01   -0.3152011E-02   -0.9982971E-02   -0.5610075E-01   -0.6867864E-01   -0.7760320E-01   -0.3767734E-05    0.2875138E-05
    0.2271664E-04   -0.4593450E-03    0.5596352E-04    0.1024511E-02   -0.4186016E-01    0.1867728E+00    0.9149040E-03    0.1011236E-02    0.1524442E-03    0.2499517E-02   -0.4991854E-02    0.6269831E-03    0.3173399E-01   -0.8226813E-01   -0.2444038E+00   -0.1831963E+00   -0.1678740E+00    0.1432165E-01   -0.5808987E-01    0.1792935E+00    0.2390317E+00    0.2773711E+00    0.1923372E-04   -0.9823771E-05
    0.1092775E-05   -0.7322877E-05    0.1834520E-05    0.3379458E-03   -0.1096231E-03    0.9149040E-03    0.6810766E-03    0.3959967E-04    0.1158600E-05    0.6490137E-05   -0.1917544E-01   -0.9912797E-02   -0.3050842E-02    0.1364512E-01    0.2557267E-01    0.4005510E-01    0.4021231E-01   -0.7287593E-02   -0.5255649E-01   -0.8770431E-01   -0.9345091E-01   -0.9665869E-01   -0.2180511E-05    0.1256570E-05
    0.5854981E-06   -0.8520618E-05    0.1065203E-05    0.3054997E-04   -0.9948165E-04    0.1011236E-02    0.3959967E-04    0.3416110E-04    0.6236555E-06   -0.4258148E-05   -0.1103278E-01   -0.4825893E-02   -0.1087059E-02   -0.1176450E-01    0.2447809E-02    0.1122449E-01    0.1305576E-01   -0.2917543E-02   -0.5094887E-02   -0.4184743E-02   -0.5520373E-02   -0.5179060E-02    0.6700846E-06    0.4711532E-06
    0.1017007E-07   -0.2204592E-06    0.4047894E-07    0.7488872E-06   -0.5111118E-04    0.1524442E-03    0.1158600E-05    0.6236555E-06    0.4445582E-04   -0.3002806E-04    0.5148702E-03    0.1924379E-03   -0.1055534E-03    0.7110888E-03    0.7559397E-04   -0.4544767E-03   -0.7080836E-03    0.8907070E-04   -0.9406125E-03   -0.1398144E-02   -0.1584120E-02   -0.1530751E-02    0.7137894E-08   -0.5739450E-07
   -0.1248568E-06    0.1148481E-05   -0.2922983E-06    0.2966491E-05   -0.1011827E-02    0.2499517E-02    0.6490137E-05   -0.4258148E-05   -0.3002806E-04    0.6506609E-02   -0.9173310E-02   -0.2687381E-02   -0.3178650E-02   -0.5174884E-02    0.8935586E-02    0.6630435E-02    0.1263336E-01    0.1413275E-02    0.1467456E-01    0.1090459E-01    0.6232780E-02    0.1547576E-02    0.4916725E-06    0.1490360E-05
   -0.2952544E-03    0.1899934E-03   -0.1003565E-03   -0.9849351E-02   -0.7580579E-02   -0.4991854E-02   -0.1917544E-01   -0.1103278E-01    0.5148702E-03   -0.9173310E-02    0.6766330E+02    0.2461080E+02    0.6034896E+00    0.2240351E+02   -0.1788740E+02   -0.6421371E+02   -0.8329935E+02   -0.2901555E+01   -0.1033281E+02   -0.1910395E+02   -0.2316666E+02   -0.2709652E+02    0.1044863E-03   -0.3542848E-02
   -0.1312338E-03    0.1634325E-04   -0.3114123E-04   -0.4552123E-02   -0.1910448E-02    0.6269831E-03   -0.9912797E-02   -0.4825893E-02    0.1924379E-03   -0.2687381E-02    0.2461080E+02    0.1781853E+02    0.2263596E+01   -0.1095469E+02   -0.2190072E+02   -0.4282773E+02   -0.2580222E+02   -0.1347034E+01   -0.5207070E+01   -0.9672139E+01   -0.1624431E+02   -0.1757011E+02   -0.6431143E-04   -0.1906243E-03
    0.2040286E-04   -0.2282562E-03    0.1496865E-04   -0.6917070E-03   -0.4437167E-02    0.3173399E-01   -0.3050842E-02   -0.1087059E-02   -0.1055534E-03   -0.3178650E-02    0.6034896E+00    0.2263596E+01    0.5781246E+01   -0.3852784E+02   -0.1706236E+02   -0.5270484E+01   -0.9327480E+00   -0.2306974E+00   -0.1227818E+01    0.4131211E+00    0.4139389E+01    0.4575398E+01   -0.2138100E-03    0.2292309E-03
   -0.9423714E-03    0.9405432E-03   -0.3565068E-03   -0.7369351E-02   -0.1178291E-02   -0.8226813E-01    0.1364512E-01   -0.1176450E-01    0.7110888E-03   -0.5174884E-02    0.2240351E+02   -0.1095469E+02   -0.3852784E+02    0.7626324E+03    0.1845774E+03    0.7513558E+02    0.1820196E+02   -0.1093507E+02   -0.9286518E+02   -0.7137020E+02   -0.8110305E+02   -0.8122939E+02   -0.2635377E-02   -0.3650210E-02
   -0.4266828E-03    0.1679611E-02   -0.2502749E-03    0.2494834E-02    0.2708956E-01   -0.2444038E+00    0.2557267E-01    0.2447809E-02    0.7559397E-04    0.8935586E-02   -0.1788740E+02   -0.2190072E+02   -0.1706236E+02    0.1845774E+03    0.1266369E+03    0.9759827E+02    0.5682499E+02   -0.1033097E+02   -0.2877268E+02   -0.4935293E+02   -0.4485892E+02   -0.4242421E+02   -0.1019177E-02   -0.1012423E-02
   -0.3616623E-04    0.8881780E-03   -0.1188759E-03    0.1147643E-01    0.3083716E-01   -0.1831963E+00    0.4005510E-01    0.1122449E-01   -0.4544767E-03    0.6630435E-02   -0.6421371E+02   -0.4282773E+02   -0.5270484E+01    0.7513558E+02    0.9759827E+02    0.1503593E+03    0.1123608E+03   -0.7935675E+01   -0.2003114E+02   -0.3133623E+02   -0.2254657E+02   -0.2360843E+02   -0.1660480E-02    0.2088304E-02
    0.3000072E-04    0.6306842E-03   -0.6051073E-04    0.1286484E-01    0.3525448E-01   -0.1678740E+00    0.4021231E-01    0.1305576E-01   -0.7080836E-03    0.1263336E-01   -0.8329935E+02   -0.2580222E+02   -0.9327480E+00    0.1820196E+02    0.5682499E+02    0.1123608E+03    0.1518479E+03   -0.7588819E+01   -0.1919842E+02   -0.3187814E+02   -0.4022085E+02   -0.4443766E+02   -0.1995790E-02    0.6544772E-02
   -0.7413125E-04   -0.6336201E-04   -0.2736700E-04   -0.3141549E-02   -0.3152011E-02    0.1432165E-01   -0.7287593E-02   -0.2917543E-02    0.8907070E-04    0.1413275E-02   -0.2901555E+01   -0.1347034E+01   -0.2306974E+00   -0.1093507E+02   -0.1033097E+02   -0.7935675E+01   -0.7588819E+01    0.8078616E+01   -0.2995790E+01   -0.4079866E+01   -0.4420869E+01   -0.4566751E+01   -0.1799454E-04    0.1519555E-03
    0.8203037E-03    0.2222322E-02    0.3766744E-03   -0.1577730E-01   -0.9982971E-02   -0.5808987E-01   -0.5255649E-01   -0.5094887E-02   -0.9406125E-03    0.1467456E-01   -0.1033281E+02   -0.5207070E+01   -0.1227818E+01   -0.9286518E+02   -0.2877268E+02   -0.2003114E+02   -0.1919842E+02   -0.2995790E+01    0.2329978E+03    0.1506640E+03    0.1484814E+03    0.1475761E+03   -0.1298064E-01    0.3235957E-03
    0.4648244E-03    0.9251803E-03    0.2390314E-03   -0.1812640E-01   -0.5610075E-01    0.1792935E+00   -0.8770431E-01   -0.4184743E-02   -0.1398144E-02    0.1090459E-01   -0.1910395E+02   -0.9672139E+01    0.4131211E+00   -0.7137020E+02   -0.4935293E+02   -0.3133623E+02   -0.3187814E+02   -0.4079866E+01    0.1506640E+03    0.2755932E+03    0.2790419E+03    0.2797087E+03    0.9586734E-02    0.5490915E-03
    0.4472319E-03    0.7461284E-03    0.2638190E-03   -0.2063334E-01   -0.6867864E-01    0.2390317E+00   -0.9345091E-01   -0.5520373E-02   -0.1584120E-02    0.6232780E-02   -0.2316666E+02   -0.1624431E+02    0.4139389E+01   -0.8110305E+02   -0.4485892E+02   -0.2254657E+02   -0.4022085E+02   -0.4420869E+01    0.1484814E+03    0.2790419E+03    0.3219337E+03    0.3489240E+03    0.9449570E-02   -0.4953980E-02
    0.4303930E-03    0.6931182E-03    0.2884876E-03   -0.2197953E-01   -0.7760320E-01    0.2773711E+00   -0.9665869E-01   -0.5179060E-02   -0.1530751E-02    0.1547576E-02   -0.2709652E+02   -0.1757011E+02    0.4575398E+01   -0.8122939E+02   -0.4242421E+02   -0.2360843E+02   -0.4443766E+02   -0.4566751E+01    0.1475761E+03    0.2797087E+03    0.3489240E+03    0.4022482E+03    0.9459958E-02   -0.9922069E-02
   -0.4731059E-07   -0.1378391E-06   -0.2126502E-07    0.4264374E-06   -0.3767734E-05    0.1923372E-04   -0.2180511E-05    0.6700846E-06    0.7137894E-08    0.4916725E-06    0.1044863E-03   -0.6431143E-04   -0.2138100E-03   -0.2635377E-02   -0.1019177E-02   -0.1660480E-02   -0.1995790E-02   -0.1799454E-04   -0.1298064E-01    0.9586734E-02    0.9449570E-02    0.9459958E-02    0.3081774E-05   -0.7003263E-08
    0.1223216E-07   -0.6850378E-09   -0.1890102E-08    0.6836572E-06    0.2875138E-05   -0.9823771E-05    0.1256570E-05    0.4711532E-06   -0.5739450E-07    0.1490360E-05   -0.3542848E-02   -0.1906243E-03    0.2292309E-03   -0.3650210E-02   -0.1012423E-02    0.2088304E-02    0.6544772E-02    0.1519555E-03    0.3235957E-03    0.5490915E-03   -0.4953980E-02   -0.9922069E-02   -0.7003263E-08    0.1478830E-05
