# omegabh2 omegach2 theta tau mnu logA ns calPlanck aps100 aps143 aps217 acib217 asz143 psr cibr xi aksz dust100 dust143 dust217 dust143x217 cal0 cal2
  6.2914008E-08  -3.2370408E-07   6.6182901E-08   4.6371907E-07  -2.1637023E-05   4.4295343E-07   9.6405222E-07   2.4584874E-08  -1.0417416E-03  -7.4597987E-04   1.3701521E-04  -3.2026277E-04   4.3238513E-05   1.7624762E-06  -5.3936517E-06   2.4665032E-06  -7.5114209E-05   4.9413823E-07  -7.2549774E-07   1.5398183E-06  -4.4611789E-07   9.9125615E-09  -2.4024304E-08
 -3.2370408E-07   4.9081702E-06  -5.6719234E-07  -4.7649008E-06   1.3536150E-04   1.1768885E-06  -1.1501269E-05  -1.3934498E-07   2.9311936E-03   3.2373486E-03   7.2450109E-04   7.9831393E-04  -1.5397329E-04  -2.3759476E-06   1.4034906E-05  -1.0651981E-06   1.5810661E-04   1.7391752E-06  -6.5985822E-07  -3.1061467E-06   1.9012946E-06  -7.4790232E-08   7.4704351E-08
  6.6182901E-08  -5.6719234E-07   2.5962787E-07   6.6120343E-07  -3.6217226E-05   3.3441770E-07   1.6820634E-06  -1.1764450E-08  -6.1068429E-04  -5.5989722E-04  -8.5567832E-05  -1.6862072E-04   2.5658071E-05   9.5606247E-07  -2.7166300E-06   1.7928888E-06  -4.3255048E-05  -5.5741533E-08  -9.0770786E-07   5.8546096E-07  -1.1232015E-06   1.3570749E-08  -1.1718409E-08
  4.6371907E-07  -4.7649008E-06   6.6120343E-07   6.4875016E-05  -5.2332721E-05   1.1842022E-04   1.5170726E-05  -9.8813390E-08  -1.3541729E-02  -7.8476179E-03   1.3866512E-03  -2.8865210E-03   5.7739071E-04   2.9799366E-05  -4.1430346E-05   2.2943407E-05  -1.2777158E-03   1.6335951E-06  -8.3460399E-06   5.5591154E-06  -1.9906755E-05   5.3261783E-08  -2.6569718E-07
 -2.1637023E-05   1.3536150E-04  -3.6217226E-05  -5.2332721E-05   3.5005625E-02   6.6961151E-05  -4.8377468E-04   1.6668957E-05   5.2701507E-01   3.2865935E-01  -7.9153166E-02   1.5797813E-01  -1.4793185E-02  -4.1477505E-04   2.4681895E-03  -1.0741970E-03   3.3204022E-02   2.5964669E-04   7.4819819E-04  -5.7384028E-04   4.8301424E-04  -2.0073451E-06   1.4409645E-05
  4.4295343E-07   1.1768885E-06   3.3441770E-07   1.1842022E-04   6.6961151E-05   2.6796235E-04   5.0725158E-06   1.2217860E-05  -2.2013085E-02  -8.9903386E-03   1.4156517E-02  -6.8501506E-03   9.9718965E-04   9.5900727E-05  -1.3531011E-04   9.7231875E-05  -3.4617004E-03  -1.4626609E-05  -1.4385318E-04   3.4906548E-05  -5.1598049E-05   6.0506111E-07  -4.7745115E-07
  9.6405222E-07  -1.1501269E-05   1.6820634E-06   1.5170726E-05  -4.8377468E-04   5.0725158E-06   3.9407862E-05   5.6860517E-07  -3.1915444E-02  -1.5964845E-02   8.6756314E-03  -8.9564612E-03   1.0822113E-03   7.9118397E-05  -1.6056090E-04   7.5357099E-05  -2.8305143E-03   1.4828221E-05  -1.9637918E-05   4.1585017E-05  -7.8694276E-06  -1.1055905E-07  -6.8175486E-07
  2.4584874E-08  -1.3934498E-07  -1.1764450E-08  -9.8813390E-08   1.6668957E-05   1.2217860E-05   5.6860517E-07   6.3681308E-06   1.7007137E-03   2.8042463E-04   1.9262386E-03   2.0772978E-04   5.5878959E-06   2.8332980E-06  -4.0043624E-06   4.7482826E-06  -3.7811002E-05  -1.2054814E-06  -6.8339828E-06   9.0420482E-06   5.2828640E-08  -2.5050985E-09  -2.3528963E-08
 -1.0417416E-03   2.9311936E-03  -6.1068429E-04  -1.3541729E-02   5.2701507E-01  -2.2013085E-02  -3.1915444E-02   1.7007137E-03   6.2447171E+02   6.9536633E+01  -5.9193203E+01   3.6007282E+01  -2.4723832E+01  -8.5798271E-01   1.0219008E-01  -2.4765864E-01   1.1035964E+01  -2.1967073E-01   3.0994846E-01  -2.4563879E-01  -2.1534294E-01   6.5673588E-03   3.8737045E-03
 -7.4597987E-04   3.2373486E-03  -5.5989722E-04  -7.8476179E-03   3.2865935E-01  -8.9903386E-03  -1.5964845E-02   2.8042463E-04   6.9536633E+01   7.3075594E+01   6.7433501E+00   9.9808781E+00  -7.4798930E-01  -1.9659447E-02   4.9768951E-01   8.4229362E-01  -7.6787729E+00  -3.6027995E-02  -2.3028546E-01   4.0278405E-02   6.8740063E-02   8.2973410E-04   1.1846976E-03
  1.3701521E-04   7.2450109E-04  -8.5567832E-05   1.3866512E-03  -7.9153166E-02   1.4156517E-02   8.6756314E-03   1.9262386E-03  -5.9193203E+01   6.7433501E+00   1.8061459E+02  -8.5191563E+01   3.2316831E+00   3.9716277E-01  -1.1158362E+00   2.5371647E-01  -8.0874832E+00  -5.7305993E-02  -3.0727350E-01   5.5053251E-01   3.7442057E-02   1.7656552E-03  -8.1926947E-03
 -3.2026277E-04   7.9831393E-04  -1.6862072E-04  -2.8865210E-03   1.5797813E-01  -6.8501506E-03  -8.9564612E-03   2.0772978E-04   3.6007282E+01   9.9808781E+00  -8.5191563E+01   5.3360490E+01   1.1767005E+00  -8.0087540E-02   7.5547124E-01  -2.1871951E-01  -2.0807385E+00   2.1746841E-02   1.7275741E-01  -4.4774264E-01  -1.3473523E-01  -6.0690423E-04   3.4214027E-03
  4.3238513E-05  -1.5397329E-04   2.5658071E-05   5.7739071E-04  -1.4793185E-02   9.9718965E-04   1.0822113E-03   5.5878959E-06  -2.4723832E+01  -7.4798930E-01   3.2316831E+00   1.1767005E+00   4.1564947E+00   9.8950416E-02   1.3002294E-01  -4.1580875E-02  -3.4586707E+00   1.6197710E-03  -6.4761422E-03   9.3502050E-03   4.9634717E-02   4.5077301E-04  -2.6652523E-04
  1.7624762E-06  -2.3759476E-06   9.5606247E-07   2.9799366E-05  -4.1477505E-04   9.5900727E-05   7.9118397E-05   2.8332980E-06  -8.5798271E-01  -1.9659447E-02   3.9716277E-01  -8.0087540E-02   9.8950416E-02   1.5771767E-02  -1.6675881E-02   1.1254631E-02  -1.0699386E-01   4.6662390E-06  -1.5592713E-03  -2.3017851E-03   5.3324222E-03   1.7786519E-05  -3.8984023E-05
 -5.3936517E-06   1.4034906E-05  -2.7166300E-06  -4.1430346E-05   2.4681895E-03  -1.3531011E-04  -1.6056090E-04  -4.0043624E-06   1.0219008E-01   4.9768951E-01  -1.1158362E+00   7.5547124E-01   1.3002294E-01  -1.6675881E-02   6.4710875E-02   4.7297166E-03  -1.2876442E-01   3.8912825E-04   6.9086170E-03  -4.9310409E-04  -1.7732608E-02  -8.2757127E-06   9.9227142E-05
  2.4665032E-06  -1.0651981E-06   1.7928888E-06   2.2943407E-05  -1.0741970E-03   9.7231875E-05   7.5357099E-05   4.7482826E-06  -2.4765864E-01   8.4229362E-01   2.5371647E-01  -2.1871951E-01  -4.1580875E-02   1.1254631E-02   4.7297166E-03   8.1695271E-02   3.8843490E-02  -1.1330605E-04   1.4807558E-04   8.7613201E-04   7.7436090E-04   1.3423617E-05  -2.3990000E-06
 -7.5114209E-05   1.5810661E-04  -4.3255048E-05  -1.2777158E-03   3.3204022E-02  -3.4617004E-03  -2.8305143E-03  -3.7811002E-05   1.1035964E+01  -7.6787729E+00  -8.0874832E+00  -2.0807385E+00  -3.4586707E+00  -1.0699386E-01  -1.2876442E-01   3.8843490E-02   7.4822615E+00   1.3683761E-03   5.1947221E-03  -4.8206977E-03  -4.7581222E-02  -3.9693148E-04   1.1438307E-04
  4.9413823E-07   1.7391752E-06  -5.5741533E-08   1.6335951E-06   2.5964669E-04  -1.4626609E-05   1.4828221E-05  -1.2054814E-06  -2.1967073E-01  -3.6027995E-02  -5.7305993E-02   2.1746841E-02   1.6197710E-03   4.6662390E-06   3.8912825E-04  -1.1330605E-04   1.3683761E-03   3.7093013E-02   2.7976100E-03  -3.2039826E-04   3.7099399E-04   3.2898610E-05  -7.1336000E-06
 -7.2549774E-07  -6.5985822E-07  -9.0770786E-07  -8.3460399E-06   7.4819819E-04  -1.4385318E-04  -1.9637918E-05  -6.8339828E-06   3.0994846E-01  -2.3028546E-01  -3.0727350E-01   1.7275741E-01  -6.4761422E-03  -1.5592713E-03   6.9086170E-03   1.4807558E-04   5.1947221E-03   2.7976100E-03   3.0743815E-02  -7.7333874E-04   5.2305922E-03  -8.1234460E-05  -4.2209085E-05
  1.5398183E-06  -3.1061467E-06   5.8546096E-07   5.5591154E-06  -5.7384028E-04   3.4906548E-05   4.1585017E-05   9.0420482E-06  -2.4563879E-01   4.0278405E-02   5.5053251E-01  -4.4774264E-01   9.3502050E-03  -2.3017851E-03  -4.9310409E-04   8.7613201E-04  -4.8206977E-03  -3.2039826E-04  -7.7333874E-04   1.0526379E-02   8.5571764E-03   3.9065399E-06   6.2320499E-05
 -4.4611789E-07   1.9012946E-06  -1.1232015E-06  -1.9906755E-05   4.8301424E-04  -5.1598049E-05  -7.8694276E-06   5.2828640E-08  -2.1534294E-01   6.8740063E-02   3.7442057E-02  -1.3473523E-01   4.9634717E-02   5.3324222E-03  -1.7732608E-02   7.7436090E-04  -4.7581222E-02   3.7099399E-04   5.2305922E-03   8.5571764E-03   2.6367111E-02  -3.9647438E-06   5.7166554E-05
  9.9125615E-09  -7.4790232E-08   1.3570749E-08   5.3261783E-08  -2.0073451E-06   6.0506111E-07  -1.1055905E-07  -2.5050985E-09   6.5673588E-03   8.2973410E-04   1.7656552E-03  -6.0690423E-04   4.5077301E-04   1.7786519E-05  -8.2757127E-06   1.3423617E-05  -3.9693148E-04   3.2898610E-05  -8.1234460E-05   3.9065399E-06  -3.9647438E-06   1.1009385E-06   4.4733562E-08
 -2.4024304E-08   7.4704351E-08  -1.1718409E-08  -2.6569718E-07   1.4409645E-05  -4.7745115E-07  -6.8175486E-07  -2.3528963E-08   3.8737045E-03   1.1846976E-03  -8.1926947E-03   3.4214027E-03  -2.6652523E-04  -3.8984023E-05   9.9227142E-05  -2.3990000E-06   1.1438307E-04  -7.1336000E-06  -4.2209085E-05   6.2320499E-05   5.7166554E-05   4.4733562E-08   2.5089536E-06
