# omegabh2 omegach2 theta tau Alens logA ns acib217 acibsz143 asz143 aps100 aps143 aps143217 aps217 aksz kgal100 t1gal143 t1gal143217 t1gal217 calib_100T calib_217T
    0.9119182E-07   -0.4907023E-06    0.9006556E-07    0.6861844E-06    0.1681199E-04    0.5576800E-06    0.1459176E-05   -0.5731718E-03   -0.2319644E-03   -0.1810182E-04   -0.9569917E-03   -0.3673844E-03    0.1973776E-03    0.3980560E-03   -0.1534598E-03    0.3338819E-03   -0.3202808E-03   -0.4744489E-03   -0.5750603E-03   -0.5331947E-07    0.4043690E-07
   -0.4907023E-06    0.6410420E-05   -0.7694134E-06   -0.7680341E-05   -0.1387969E-03   -0.2849925E-05   -0.1605104E-04    0.3050752E-02    0.1094107E-02    0.4457240E-04    0.1461048E-02    0.1039455E-02   -0.1869475E-02   -0.3259043E-02    0.7494505E-03    0.6480297E-02    0.7687703E-02    0.8595339E-02    0.9218307E-02   -0.6529061E-07   -0.2517984E-06
    0.9006556E-07   -0.7694134E-06    0.2845932E-06    0.1122190E-05    0.2036770E-04    0.9960215E-06    0.2293017E-05   -0.5313490E-03   -0.2119150E-03   -0.4277402E-04   -0.3156834E-03   -0.9593127E-04    0.3348235E-03    0.5185309E-03   -0.1080076E-03   -0.3683023E-03   -0.9532751E-03   -0.1117269E-02   -0.1220665E-02   -0.4108470E-07    0.4232771E-07
    0.6861844E-06   -0.7680341E-05    0.1122190E-05    0.1884320E-03   -0.2358214E-03    0.3605944E-03    0.2854046E-04   -0.8058896E-02   -0.4005155E-02   -0.8277831E-03    0.1958454E-03    0.2736830E-02    0.9889949E-02    0.1015780E-01   -0.2796915E-02   -0.9901247E-02   -0.1197619E-01   -0.1253176E-01   -0.1200357E-01    0.2650398E-06    0.1149449E-06
    0.1681199E-04   -0.1387969E-03    0.2036770E-04   -0.2358214E-03    0.9404104E-02   -0.6644746E-03    0.3867738E-03   -0.1460781E+00   -0.5380566E-01   -0.8847101E-02   -0.1010640E+00   -0.1514103E-01    0.1108053E+00    0.1756396E+00   -0.3325044E-01   -0.2369060E+00   -0.3706784E+00   -0.4236912E+00   -0.4614824E+00   -0.5137573E-05    0.1441385E-04
    0.5576800E-06   -0.2849925E-05    0.9960215E-06    0.3605944E-03   -0.6644746E-03    0.7289199E-03    0.2481246E-04   -0.1117230E-01   -0.7355172E-02   -0.2911153E-02    0.2891481E-01    0.2326156E-01    0.3108663E-01    0.2657886E-01   -0.5379709E-02   -0.3099384E-01   -0.5854786E-01   -0.5825979E-01   -0.5634542E-01   -0.2251745E-05   -0.3501583E-06
    0.1459176E-05   -0.1605104E-04    0.2293017E-05    0.2854046E-04    0.3867738E-03    0.2481246E-04    0.5539692E-04   -0.1741880E-01   -0.6706704E-02   -0.1609656E-02   -0.1337693E-01    0.2649871E-02    0.1600715E-01    0.2197040E-01   -0.5032094E-02   -0.1730144E-01   -0.2370129E-01   -0.2830660E-01   -0.2983664E-01    0.4403380E-06    0.1147700E-05
   -0.5731718E-03    0.3050752E-02   -0.5313490E-03   -0.8058896E-02   -0.1460781E+00   -0.1117230E-01   -0.1741880E-01    0.6340115E+02    0.2099162E+02    0.3760595E+00    0.2369386E+02   -0.1323134E+02   -0.5489070E+02   -0.7883610E+02   -0.2064602E+01   -0.4515401E+01   -0.1007810E+02   -0.1191362E+02   -0.1538702E+02    0.1934841E-03   -0.3561001E-02
   -0.2319644E-03    0.1094107E-02   -0.2119150E-03   -0.4005155E-02   -0.5380566E-01   -0.7355172E-02   -0.6706704E-02    0.2099162E+02    0.1474946E+02    0.1904659E+01   -0.1017066E+02   -0.1834023E+02   -0.3563359E+02   -0.2242040E+02   -0.7230662E+00   -0.2833244E+01   -0.5232577E+01   -0.1026711E+02   -0.1114903E+02    0.6744697E-04   -0.2461990E-03
   -0.1810182E-04    0.4457240E-04   -0.4277402E-04   -0.8277831E-03   -0.8847101E-02   -0.2911153E-02   -0.1609656E-02    0.3760595E+00    0.1904659E+01    0.5919399E+01   -0.3982965E+02   -0.1680778E+02   -0.4152911E+01   -0.4202595E+00   -0.1170934E+00   -0.1723845E+01    0.2978465E+00    0.4504551E+01    0.5139163E+01   -0.1460101E-03    0.1601945E-03
   -0.9569917E-03    0.1461048E-02   -0.3156834E-03    0.1958454E-03   -0.1010640E+00    0.2891481E-01   -0.1337693E-01    0.2369386E+02   -0.1017066E+02   -0.3982965E+02    0.7853328E+03    0.1868320E+03    0.7158356E+02    0.1304389E+02   -0.1265590E+02   -0.7629962E+02   -0.5840321E+02   -0.6668379E+02   -0.6410903E+02   -0.3835585E-02   -0.4136857E-02
   -0.3673844E-03    0.1039455E-02   -0.9593127E-04    0.2736830E-02   -0.1514103E-01    0.2326156E-01    0.2649871E-02   -0.1323134E+02   -0.1834023E+02   -0.1680778E+02    0.1868320E+03    0.1210713E+03    0.8719545E+02    0.4966043E+02   -0.1112535E+02   -0.2154500E+02   -0.4214598E+02   -0.3938324E+02   -0.3743313E+02   -0.1329964E-02   -0.9455970E-03
    0.1973776E-03   -0.1869475E-02    0.3348235E-03    0.9889949E-02    0.1108053E+00    0.3108663E-01    0.1600715E-01   -0.5489070E+02   -0.3563359E+02   -0.4152911E+01    0.7158356E+02    0.8719545E+02    0.1321351E+03    0.1018378E+03   -0.9671687E+01   -0.2024363E+02   -0.3434241E+02   -0.2841300E+02   -0.2991841E+02   -0.1946643E-02    0.1986843E-02
    0.3980560E-03   -0.3259043E-02    0.5185309E-03    0.1015780E-01    0.1756396E+00    0.2657886E-01    0.2197040E-01   -0.7883610E+02   -0.2242040E+02   -0.4202595E+00    0.1304389E+02    0.4966043E+02    0.1018378E+03    0.1454617E+03   -0.8747166E+01   -0.2121166E+02   -0.3508323E+02   -0.4529518E+02   -0.4974176E+02   -0.1970013E-02    0.6433030E-02
   -0.1534598E-03    0.7494505E-03   -0.1080076E-03   -0.2796915E-02   -0.3325044E-01   -0.5379709E-02   -0.5032094E-02   -0.2064602E+01   -0.7230662E+00   -0.1170934E+00   -0.1265590E+02   -0.1112535E+02   -0.9671687E+01   -0.8747166E+01    0.8146015E+01   -0.1683256E+01   -0.1510793E+01   -0.1866582E+01   -0.1962521E+01    0.6654195E-04    0.1390675E-03
    0.3338819E-03    0.6480297E-02   -0.3683023E-03   -0.9901247E-02   -0.2369060E+00   -0.3099384E-01   -0.1730144E-01   -0.4515401E+01   -0.2833244E+01   -0.1723845E+01   -0.7629962E+02   -0.2154500E+02   -0.2024363E+02   -0.2121166E+02   -0.1683256E+01    0.2213590E+03    0.1414212E+03    0.1390363E+03    0.1379660E+03   -0.1242043E-01    0.1332434E-03
   -0.3202808E-03    0.7687703E-02   -0.9532751E-03   -0.1197619E-01   -0.3706784E+00   -0.5854786E-01   -0.2370129E-01   -0.1007810E+02   -0.5232577E+01    0.2978465E+00   -0.5840321E+02   -0.4214598E+02   -0.3434241E+02   -0.3508323E+02   -0.1510793E+01    0.1414212E+03    0.2564734E+03    0.2603089E+03    0.2617480E+03    0.8995779E-02    0.1106725E-03
   -0.4744489E-03    0.8595339E-02   -0.1117269E-02   -0.1253176E-01   -0.4236912E+00   -0.5825979E-01   -0.2830660E-01   -0.1191362E+02   -0.1026711E+02    0.4504551E+01   -0.6668379E+02   -0.3938324E+02   -0.2841300E+02   -0.4529518E+02   -0.1866582E+01    0.1390363E+03    0.2603089E+03    0.3033887E+03    0.3310960E+03    0.8784178E-02   -0.5413357E-02
   -0.5750603E-03    0.9218307E-02   -0.1220665E-02   -0.1200357E-01   -0.4614824E+00   -0.5634542E-01   -0.2983664E-01   -0.1538702E+02   -0.1114903E+02    0.5139163E+01   -0.6410903E+02   -0.3743313E+02   -0.2991841E+02   -0.4974176E+02   -0.1962521E+01    0.1379660E+03    0.2617480E+03    0.3310960E+03    0.3852618E+03    0.8734226E-02   -0.1039165E-01
   -0.5331947E-07   -0.6529061E-07   -0.4108470E-07    0.2650398E-06   -0.5137573E-05   -0.2251745E-05    0.4403380E-06    0.1934841E-03    0.6744697E-04   -0.1460101E-03   -0.3835585E-02   -0.1329964E-02   -0.1946643E-02   -0.1970013E-02    0.6654195E-04   -0.1242043E-01    0.8995779E-02    0.8784178E-02    0.8734226E-02    0.2974131E-05    0.8279447E-08
    0.4043690E-07   -0.2517984E-06    0.4232771E-07    0.1149449E-06    0.1441385E-04   -0.3501583E-06    0.1147700E-05   -0.3561001E-02   -0.2461990E-03    0.1601945E-03   -0.4136857E-02   -0.9455970E-03    0.1986843E-02    0.6433030E-02    0.1390675E-03    0.1332434E-03    0.1106725E-03   -0.5413357E-02   -0.1039165E-01    0.8279447E-08    0.1468480E-05
