# omegabh2 omegach2 theta tau alpha1 ns logA aps100 aps143 aps217 acib143 acib217 asz143 psr cibr ncib cal0 cal2 xi aksz bm_1_1 bm_1_2 bm_1_3 bm_1_4 bm_1_5 bm_2_1 bm_2_2 bm_2_3 bm_2_4 bm_2_5 bm_3_1 bm_3_2 bm_3_3 bm_3_4 bm_3_5 bm_4_1 bm_4_2 bm_4_3 bm_4_4 bm_4_5
    0.14276E-06   -0.79848E-06    0.11577E-06    0.10968E-04   -0.58845E-06    0.24676E-05    0.20355E-04   -0.33604E-02   -0.12349E-02   -0.16509E-03   -0.32017E-03   -0.49520E-03    0.40093E-04    0.64617E-06   -0.12307E-04   -0.38309E-05    0.38320E-10   -0.32134E-07    0.43477E-05   -0.13239E-03   -0.27800E-04   -0.62107E-05   -0.14988E-05   -0.64310E-06   -0.83519E-05    0.22121E-05   -0.73078E-05    0.38295E-05   -0.46094E-05   -0.97237E-06   -0.90033E-05   -0.13510E-05   -0.84377E-06    0.46140E-05    0.53664E-05   -0.47708E-05    0.13540E-05   -0.90487E-05   -0.60754E-05   -0.12716E-05
   -0.79848E-06    0.11250E-04   -0.13969E-05   -0.84798E-04    0.46388E-06   -0.32324E-04   -0.14159E-03    0.20319E-01    0.80915E-02    0.20509E-02    0.16380E-02    0.25951E-02   -0.14209E-03   -0.38903E-05    0.67355E-04    0.14965E-04    0.13641E-07    0.25845E-06   -0.19699E-04    0.60549E-03    0.32077E-03   -0.45495E-04   -0.60378E-04   -0.25234E-04    0.17013E-04    0.57583E-04    0.49103E-04   -0.17558E-04    0.15698E-04    0.20431E-04    0.66089E-04    0.17984E-04    0.18218E-04   -0.19740E-04   -0.88745E-04    0.89648E-04    0.79795E-05    0.89853E-04    0.31384E-04    0.26455E-04
    0.11577E-06   -0.13969E-05    0.54972E-06    0.91002E-05    0.68764E-06    0.51502E-05    0.14785E-04   -0.22166E-02   -0.88046E-03   -0.81869E-04   -0.23785E-03   -0.38737E-03    0.15582E-04    0.66567E-06   -0.99411E-05   -0.26997E-05   -0.33027E-08   -0.36227E-07    0.47378E-05   -0.12661E-03   -0.35508E-04    0.13297E-04    0.43419E-05   -0.76973E-07   -0.96173E-05   -0.65998E-05   -0.29172E-06   -0.11147E-04   -0.20785E-05    0.34301E-05   -0.44865E-05   -0.15702E-05   -0.84107E-05    0.35054E-05    0.97109E-05   -0.47035E-05   -0.81987E-05   -0.10125E-04    0.16767E-05   -0.12097E-04
    0.10968E-04   -0.84798E-04    0.91002E-05    0.19026E-02   -0.70740E-04    0.29324E-03    0.36128E-02   -0.41260E+00   -0.10057E+00    0.63724E-02   -0.43576E-01   -0.57847E-01    0.41695E-03    0.17666E-03   -0.19153E-02   -0.17359E-03   -0.12182E-08   -0.39533E-05    0.47221E-03   -0.17709E-01   -0.27654E-02    0.40680E-03    0.32569E-04    0.88204E-04   -0.55363E-03   -0.32726E-04   -0.45042E-03    0.25517E-03   -0.74594E-03    0.54473E-03   -0.85901E-03   -0.13268E-03    0.26833E-03    0.23849E-03    0.73424E-03   -0.52716E-03   -0.26760E-03   -0.52028E-03   -0.53898E-03   -0.23442E-03
   -0.58845E-06    0.46388E-06    0.68764E-06   -0.70740E-04    0.15030E-04    0.48787E-05   -0.14536E-03    0.12423E-01    0.43005E-02    0.81420E-03    0.11161E-02    0.16723E-02   -0.17013E-03   -0.16610E-05    0.33733E-04    0.15303E-04   -0.13234E-07    0.72449E-07   -0.12269E-04    0.24482E-03   -0.67412E-05    0.15179E-04    0.39443E-04    0.24282E-04    0.57440E-04    0.41301E-05   -0.14011E-05    0.90216E-05    0.92055E-04    0.97440E-05    0.22744E-04   -0.31738E-05   -0.27730E-04    0.26731E-04   -0.19487E-04    0.13402E-04    0.12717E-04   -0.15396E-05    0.48478E-05    0.64648E-04
    0.24676E-05   -0.32324E-04    0.51502E-05    0.29324E-03    0.48787E-05    0.12280E-03    0.50260E-03   -0.12495E+00   -0.22280E-01    0.73356E-02   -0.12868E-01   -0.16205E-01   -0.74209E-04    0.61647E-04   -0.53638E-03   -0.47209E-04   -0.96219E-07   -0.78399E-06    0.14521E-03   -0.54517E-02   -0.82404E-03    0.19509E-03    0.90734E-04    0.29020E-04   -0.11322E-03    0.19822E-03    0.18186E-04    0.71390E-04   -0.78713E-04    0.32723E-05   -0.21257E-03   -0.28340E-05   -0.43781E-04    0.95214E-04    0.23527E-03   -0.23062E-04    0.13196E-03   -0.14827E-03   -0.91006E-04   -0.10899E-03
    0.20355E-04   -0.14159E-03    0.14785E-04    0.36128E-02   -0.14536E-03    0.50260E-03    0.69201E-02   -0.79496E+00   -0.17640E+00    0.25339E-01   -0.87115E-01   -0.11276E+00   -0.49194E-03    0.37342E-03   -0.38367E-02   -0.28153E-03    0.10157E-06   -0.70572E-05    0.93556E-03   -0.35508E-01   -0.40921E-02    0.88684E-03   -0.13461E-03    0.79896E-04   -0.10125E-02    0.35540E-03   -0.72466E-03    0.43128E-03   -0.15017E-02    0.10438E-02   -0.15927E-02   -0.15433E-03    0.55212E-03    0.40146E-03    0.11990E-02   -0.65724E-03   -0.41817E-03   -0.78166E-03   -0.95944E-03   -0.42394E-03
   -0.33604E-02    0.20319E-01   -0.22166E-02   -0.41260E+00    0.12423E-01   -0.12495E+00   -0.79496E+00    0.27163E+04    0.75198E+02   -0.13109E+03    0.11525E+03    0.10651E+03   -0.72727E+02   -0.10142E+01    0.46107E+00    0.13974E+01    0.96237E-03    0.56031E-03   -0.53024E+00   -0.14885E+02    0.11194E+02   -0.11233E+02    0.35221E+00    0.98487E-01    0.35077E-01   -0.15990E+00   -0.45128E+01   -0.68329E+00    0.17407E+00   -0.65800E+00    0.15125E+01   -0.86129E+00   -0.57522E-01   -0.83564E+00   -0.36531E+01    0.15528E+01   -0.18766E+01   -0.21223E+01   -0.82168E+00    0.32876E+01
   -0.12349E-02    0.80915E-02   -0.88046E-03   -0.10057E+00    0.43005E-02   -0.22280E-01   -0.17640E+00    0.75198E+02    0.18416E+03    0.54407E+02   -0.30270E+02   -0.61728E+01   -0.74073E+01   -0.27924E+00   -0.47717E-01   -0.13765E+00    0.10237E-03    0.32722E-02    0.10319E+01   -0.11697E+02    0.13789E+01    0.41605E+00    0.18156E-01    0.19943E+00    0.47413E-01   -0.18424E+01   -0.65225E+00   -0.33322E-02   -0.16753E+00   -0.21335E+00    0.13048E+01    0.25043E+00    0.59121E+00   -0.22348E+00   -0.20443E+00   -0.44481E+00   -0.46228E+00   -0.67933E-01    0.32844E+00   -0.90503E-01
   -0.16509E-03    0.20509E-02   -0.81869E-04    0.63724E-02    0.81420E-03    0.73356E-02    0.25339E-01   -0.13109E+03    0.54407E+02    0.19174E+03   -0.27935E+02   -0.64577E+02    0.44871E+01   -0.62573E-01   -0.82212E+00   -0.10002E+01    0.41149E-04   -0.37604E-02    0.33062E+00   -0.10859E+02    0.13860E+01    0.99659E+00   -0.39338E+00   -0.17674E+00    0.18494E-01    0.11419E+01    0.17094E+00   -0.16663E+00   -0.13416E+00    0.42116E+00   -0.11398E+01    0.87735E+00   -0.18666E+00    0.46402E+00    0.20663E+00    0.12829E+00    0.15037E+00    0.32650E+00    0.12053E+00   -0.17942E+00
   -0.32017E-03    0.16380E-02   -0.23785E-03   -0.43576E-01    0.11161E-02   -0.12868E-01   -0.87115E-01    0.11525E+03   -0.30270E+02   -0.27935E+02    0.24586E+02    0.16006E+02   -0.26874E+01    0.26305E-01    0.21611E+00    0.22018E+00   -0.60865E-04   -0.10342E-02    0.49861E-01   -0.53426E+00   -0.84332E+00   -0.59678E+00    0.12078E-01   -0.90228E-01   -0.18187E-02    0.83890E+00    0.24754E+00   -0.29509E-01    0.18055E+00    0.15568E-01   -0.39260E+00   -0.23028E+00   -0.18003E+00   -0.54362E-01    0.26896E-01    0.33959E+00    0.19267E+00    0.93725E-02   -0.73001E-01    0.21077E+00
   -0.49520E-03    0.25951E-02   -0.38737E-03   -0.57847E-01    0.16723E-02   -0.16205E-01   -0.11276E+00    0.10651E+03   -0.61728E+01   -0.64577E+02    0.16006E+02    0.32084E+02   -0.25075E+01    0.71526E-01    0.39206E+00    0.51727E+00   -0.18443E-05    0.17240E-02   -0.19528E+00   -0.79883E+00   -0.44290E+00   -0.55684E+00    0.16002E+00    0.25436E-01    0.31117E-01   -0.42177E+00   -0.45227E-01    0.44340E-01    0.22523E+00   -0.23382E+00    0.42293E+00   -0.55349E+00    0.36389E-01   -0.31605E+00   -0.21647E+00   -0.53220E-01   -0.81567E-01   -0.10838E+00   -0.14415E-01    0.24846E+00
    0.40093E-04   -0.14209E-03    0.15582E-04    0.41695E-03   -0.17013E-03   -0.74209E-04   -0.49194E-03   -0.72727E+02   -0.74073E+01    0.44871E+01   -0.26874E+01   -0.25075E+01    0.77072E+01    0.51710E-01    0.25576E+00   -0.14172E+00    0.21894E-04   -0.10446E-03   -0.25365E-01   -0.17824E-01    0.21227E+00    0.14342E+00   -0.41396E-02    0.71754E-02   -0.45445E-01   -0.62611E-01    0.46039E-01   -0.29952E-01   -0.14138E-01   -0.14638E-01   -0.41468E-01    0.31140E-01   -0.28801E-01   -0.11949E-01    0.50365E-03   -0.75238E-01   -0.80391E-02    0.12871E-01    0.36025E-01   -0.55885E-01
    0.64617E-06   -0.38903E-05    0.66567E-06    0.17666E-03   -0.16610E-05    0.61647E-04    0.37342E-03   -0.10142E+01   -0.27924E+00   -0.62573E-01    0.26305E-01    0.71526E-01    0.51710E-01    0.81039E-02   -0.67147E-02    0.76691E-02    0.92098E-06   -0.24797E-04    0.37494E-02   -0.15685E-01    0.82804E-02    0.50751E-02    0.89453E-03   -0.15990E-02   -0.11670E-02    0.70058E-02    0.65075E-03    0.36346E-03   -0.19165E-02   -0.13305E-02   -0.12461E-01   -0.14653E-02   -0.27593E-02   -0.19998E-02   -0.82557E-03   -0.30963E-02    0.93627E-03   -0.39194E-02   -0.50446E-02   -0.19593E-02
   -0.12307E-04    0.67355E-04   -0.99411E-05   -0.19153E-02    0.33733E-04   -0.53638E-03   -0.38367E-02    0.46107E+00   -0.47717E-01   -0.82212E+00    0.21611E+00    0.39206E+00    0.25576E+00   -0.67147E-02    0.45357E-01   -0.12105E-01   -0.70187E-06    0.80543E-04   -0.90843E-03   -0.96529E-02   -0.13123E-01   -0.10071E-01    0.14166E-02    0.22541E-02    0.22827E-02   -0.25038E-01   -0.23454E-02    0.57608E-02    0.56184E-02   -0.11632E-02    0.33856E-01    0.25262E-03    0.42500E-02    0.21436E-02   -0.24923E-03    0.21138E-02    0.17503E-02    0.49338E-02    0.61271E-02    0.21415E-02
   -0.38309E-05    0.14965E-04   -0.26997E-05   -0.17359E-03    0.15303E-04   -0.47209E-04   -0.28153E-03    0.13974E+01   -0.13765E+00   -0.10002E+01    0.22018E+00    0.51727E+00   -0.14172E+00    0.76691E-02   -0.12105E-01    0.21543E-01    0.60475E-06   -0.16689E-04   -0.17399E-02   -0.89446E-02    0.57616E-02   -0.90121E-02    0.17190E-02   -0.19860E-02    0.49823E-04    0.41971E-02    0.39039E-02   -0.31193E-02    0.89610E-02   -0.98029E-02   -0.16098E-01   -0.19559E-01   -0.90761E-03   -0.13442E-01   -0.95591E-02   -0.81410E-02   -0.16787E-02   -0.23499E-02    0.12128E-02    0.12908E-01
    0.38320E-10    0.13641E-07   -0.33027E-08   -0.12182E-08   -0.13234E-07   -0.96219E-07    0.10157E-06    0.96237E-03    0.10237E-03    0.41149E-04   -0.60865E-04   -0.18443E-05    0.21894E-04    0.92098E-06   -0.70187E-06    0.60475E-06    0.15795E-06    0.13694E-07   -0.43945E-07   -0.47996E-06   -0.25631E-04   -0.92318E-05    0.31603E-05   -0.23431E-05    0.53527E-06    0.77152E-05    0.12725E-05    0.38908E-05   -0.42518E-05   -0.62096E-06    0.55304E-05    0.14906E-05    0.43031E-07    0.67700E-05    0.68530E-05    0.81661E-05    0.59881E-05   -0.36311E-06   -0.35424E-05    0.48690E-06
   -0.32134E-07    0.25845E-06   -0.36227E-07   -0.39533E-05    0.72449E-07   -0.78399E-06   -0.70572E-05    0.56031E-03    0.32722E-02   -0.37604E-02   -0.10342E-02    0.17240E-02   -0.10446E-03   -0.24797E-04    0.80543E-04   -0.16689E-04    0.13694E-07    0.16299E-05   -0.13681E-04   -0.63787E-04    0.11013E-03    0.28883E-04    0.93419E-06   -0.15813E-04    0.84295E-05    0.20905E-03    0.12217E-04    0.16328E-04    0.13642E-04    0.24391E-04   -0.19892E-03   -0.65047E-05   -0.24938E-04    0.23833E-04   -0.41433E-04    0.20950E-04    0.34313E-04   -0.99151E-05   -0.47276E-04    0.25801E-04
    0.43477E-05   -0.19699E-04    0.47378E-05    0.47221E-03   -0.12269E-04    0.14521E-03    0.93556E-03   -0.53024E+00    0.10319E+01    0.33062E+00    0.49861E-01   -0.19528E+00   -0.25365E-01    0.37494E-02   -0.90843E-03   -0.17399E-02   -0.43945E-07   -0.13681E-04    0.81963E-01    0.19445E-01    0.39787E-02    0.23840E-02   -0.20178E-02   -0.79038E-02   -0.63522E-02    0.31340E-02    0.74825E-02    0.14772E-02    0.19255E-02   -0.20280E-02   -0.30070E-02   -0.11848E-02    0.38382E-02   -0.17942E-02    0.40822E-02   -0.11766E-02    0.41485E-02    0.55353E-02    0.41809E-02   -0.21795E-02
   -0.13239E-03    0.60549E-03   -0.12661E-03   -0.17709E-01    0.24482E-03   -0.54517E-02   -0.35508E-01   -0.14885E+02   -0.11697E+02   -0.10859E+02   -0.53426E+00   -0.79883E+00   -0.17824E-01   -0.15685E-01   -0.96529E-02   -0.89446E-02   -0.47996E-06   -0.63787E-04    0.19445E-01    0.81122E+01   -0.36822E-02    0.30191E-01   -0.22912E-01    0.31132E-01   -0.85375E-02   -0.10006E-01   -0.50301E-02   -0.43387E-01   -0.20537E-02    0.34808E-02   -0.18350E-01   -0.14842E-01   -0.43301E-01    0.24595E-01   -0.13718E-01   -0.49321E-02   -0.43709E-01   -0.14163E-01    0.11751E-01   -0.12317E-01
   -0.27800E-04    0.32077E-03   -0.35508E-04   -0.27654E-02   -0.67412E-05   -0.82404E-03   -0.40921E-02    0.11194E+02    0.13789E+01    0.13860E+01   -0.84332E+00   -0.44290E+00    0.21227E+00    0.82804E-02   -0.13123E-01    0.57616E-02   -0.25631E-04    0.11013E-03    0.39787E-02   -0.36822E-02    0.72096E+00   -0.11614E+00   -0.10452E-01    0.33704E-03    0.47874E-02    0.17516E+00   -0.53205E-01   -0.43642E-01   -0.11287E-01   -0.57732E-01    0.28580E-01    0.33766E-01   -0.32495E-01   -0.45849E-01   -0.12619E+00    0.15977E+00    0.21802E-01   -0.14103E-01    0.22794E-01    0.72613E-01
   -0.62107E-05   -0.45495E-04    0.13297E-04    0.40680E-03    0.15179E-04    0.19509E-03    0.88684E-03   -0.11233E+02    0.41605E+00    0.99659E+00   -0.59678E+00   -0.55684E+00    0.14342E+00    0.50751E-02   -0.10071E-01   -0.90121E-02   -0.92318E-05    0.28883E-04    0.23840E-02    0.30191E-01   -0.11614E+00    0.94514E+00    0.32354E-02   -0.12056E-01    0.13694E-01   -0.13937E+00    0.18692E+00    0.50340E-01   -0.18254E-01    0.43117E-01   -0.13494E+00    0.22462E-01    0.35635E-01    0.42274E-03    0.18782E+00   -0.22320E+00    0.35097E-01    0.10436E+00    0.18330E-01   -0.22543E+00
   -0.14988E-05   -0.60378E-04    0.43419E-05    0.32569E-04    0.39443E-04    0.90734E-04   -0.13461E-03    0.35221E+00    0.18156E-01   -0.39338E+00    0.12078E-01    0.16002E+00   -0.41396E-02    0.89453E-03    0.14166E-02    0.17190E-02    0.31603E-05    0.93419E-06   -0.20178E-02   -0.22912E-01   -0.10452E-01    0.32354E-02    0.99166E+00   -0.55706E-02   -0.42185E-02   -0.45041E-01   -0.23104E-01    0.15943E+00   -0.21939E-01    0.77655E-01   -0.32565E-02    0.40398E-01   -0.12167E-01   -0.34017E-01    0.10718E+00   -0.50374E-01    0.25634E-01    0.19765E-01   -0.17824E+00    0.73424E-01
   -0.64310E-06   -0.25234E-04   -0.76973E-07    0.88204E-04    0.24282E-04    0.29020E-04    0.79896E-04    0.98487E-01    0.19943E+00   -0.17674E+00   -0.90228E-01    0.25436E-01    0.71754E-02   -0.15990E-02    0.22541E-02   -0.19860E-02   -0.23431E-05   -0.15813E-04   -0.79038E-02    0.31132E-01    0.33704E-03   -0.12056E-01   -0.55706E-02    0.10151E+01   -0.71322E-02    0.51173E-01   -0.10030E+00    0.76498E-01   -0.94822E-01    0.44970E-01    0.86566E-01    0.11573E+00    0.61070E-01    0.14348E+00   -0.10808E+00    0.94228E-01    0.43443E-01   -0.11546E-01   -0.11185E+00    0.49309E-01
   -0.83519E-05    0.17013E-04   -0.96173E-05   -0.55363E-03    0.57440E-04   -0.11322E-03   -0.10125E-02    0.35077E-01    0.47413E-01    0.18494E-01   -0.18187E-02    0.31117E-01   -0.45445E-01   -0.11670E-02    0.22827E-02    0.49823E-04    0.53527E-06    0.84295E-05   -0.63522E-02   -0.85375E-02    0.47874E-02    0.13694E-01   -0.42185E-02   -0.71322E-02    0.99433E+00    0.38927E-01    0.44840E-01   -0.51759E-01    0.53746E-01    0.75936E-01    0.69758E-01   -0.79370E-01   -0.82248E-01    0.65877E-01    0.51744E-01    0.10153E+00   -0.81450E-01    0.88303E-01   -0.11252E-01    0.97869E-02
    0.22121E-05    0.57583E-04   -0.65998E-05   -0.32726E-04    0.41301E-05    0.19822E-03    0.35540E-03   -0.15990E+00   -0.18424E+01    0.11419E+01    0.83890E+00   -0.42177E+00   -0.62611E-01    0.70058E-02   -0.25038E-01    0.41971E-02    0.77152E-05    0.20905E-03    0.31340E-02   -0.10006E-01    0.17516E+00   -0.13937E+00   -0.45041E-01    0.51173E-01    0.38927E-01    0.87376E+00   -0.39023E-02   -0.10068E-01   -0.32415E-01   -0.11467E-01    0.17260E-01    0.12440E+00   -0.10609E+00    0.39440E-01   -0.45994E-01    0.65705E+00    0.24557E+00   -0.50172E-01   -0.54010E-01    0.71922E-01
   -0.73078E-05    0.49103E-04   -0.29172E-06   -0.45042E-03   -0.14011E-05    0.18186E-04   -0.72466E-03   -0.45128E+01   -0.65225E+00    0.17094E+00    0.24754E+00   -0.45227E-01    0.46039E-01    0.65075E-03   -0.23454E-02    0.39039E-02    0.12725E-05    0.12217E-04    0.74825E-02   -0.50301E-02   -0.53205E-01    0.18692E+00   -0.23104E-01   -0.10030E+00    0.44840E-01   -0.39023E-02    0.96461E+00    0.10356E-01   -0.16464E-02   -0.42974E-02    0.31030E-01   -0.11874E-02   -0.55189E-01   -0.34524E-01    0.16027E+00   -0.85025E-01    0.25951E+00    0.74352E+00    0.28484E+00   -0.19438E+00
    0.38295E-05   -0.17558E-04   -0.11147E-04    0.25517E-03    0.90216E-05    0.71390E-04    0.43128E-03   -0.68329E+00   -0.33322E-02   -0.16663E+00   -0.29509E-01    0.44340E-01   -0.29952E-01    0.36346E-03    0.57608E-02   -0.31193E-02    0.38908E-05    0.16328E-04    0.14772E-02   -0.43387E-01   -0.43642E-01    0.50340E-01    0.15943E+00    0.76498E-01   -0.51759E-01   -0.10068E-01    0.10356E-01    0.98468E+00    0.39858E-02   -0.27352E-02    0.69706E-01   -0.46660E-01    0.14255E+00    0.14771E+00   -0.13503E+00   -0.20677E+00    0.62966E+00    0.14652E+00   -0.59732E+00    0.18482E+00
   -0.46094E-05    0.15698E-04   -0.20785E-05   -0.74594E-03    0.92055E-04   -0.78713E-04   -0.15017E-02    0.17407E+00   -0.16753E+00   -0.13416E+00    0.18055E+00    0.22523E+00   -0.14138E-01   -0.19165E-02    0.56184E-02    0.89610E-02   -0.42518E-05    0.13642E-04    0.19255E-02   -0.20537E-02   -0.11287E-01   -0.18254E-01   -0.21939E-01   -0.94822E-01    0.53746E-01   -0.32415E-01   -0.16464E-02    0.39858E-02    0.98364E+00   -0.13536E-01   -0.10351E-01   -0.11837E+00   -0.15248E+00   -0.18744E-01   -0.90481E-01   -0.84899E-01    0.73857E-01   -0.50426E-01    0.29668E+00    0.66327E+00
   -0.97237E-06    0.20431E-04    0.34301E-05    0.54473E-03    0.97440E-05    0.32723E-05    0.10438E-02   -0.65800E+00   -0.21335E+00    0.42116E+00    0.15568E-01   -0.23382E+00   -0.14638E-01   -0.13305E-02   -0.11632E-02   -0.98029E-02   -0.62096E-06    0.24391E-04   -0.20280E-02    0.34808E-02   -0.57732E-01    0.43117E-01    0.77655E-01    0.44970E-01    0.75936E-01   -0.11467E-01   -0.42974E-02   -0.27352E-02   -0.13536E-01    0.97622E+00   -0.64985E-01    0.73891E-01    0.27764E-01    0.16254E+00    0.16600E-01    0.11301E+00   -0.55631E+00    0.37091E+00   -0.34547E+00    0.20196E+00
   -0.90033E-05    0.66089E-04   -0.44865E-05   -0.85901E-03    0.22744E-04   -0.21257E-03   -0.15927E-02    0.15125E+01    0.13048E+01   -0.11398E+01   -0.39260E+00    0.42293E+00   -0.41468E-01   -0.12461E-01    0.33856E-01   -0.16098E-01    0.55304E-05   -0.19892E-03   -0.30070E-02   -0.18350E-01    0.28580E-01   -0.13494E+00   -0.32565E-02    0.86566E-01    0.69758E-01    0.17260E-01    0.31030E-01    0.69706E-01   -0.10351E-01   -0.64985E-01    0.92229E+00   -0.82637E-02   -0.36750E-01    0.62946E-02   -0.11883E-01    0.60021E+00    0.15869E+00    0.10842E+00    0.57649E-01   -0.69647E-01
   -0.13510E-05    0.17984E-04   -0.15702E-05   -0.13268E-03   -0.31738E-05   -0.28340E-05   -0.15433E-03   -0.86129E+00    0.25043E+00    0.87735E+00   -0.23028E+00   -0.55349E+00    0.31140E-01   -0.14653E-02    0.25262E-03   -0.19559E-01    0.14906E-05   -0.65047E-05   -0.11848E-02   -0.14842E-01    0.33766E-01    0.22462E-01    0.40398E-01    0.11573E+00   -0.79370E-01    0.12440E+00   -0.11874E-02   -0.46660E-01   -0.11837E+00    0.73891E-01   -0.82637E-02    0.98786E+00    0.44958E-02   -0.45626E-03   -0.24246E-02    0.93537E-01    0.16187E+00   -0.48919E-03    0.13681E+00    0.12968E+00
   -0.84377E-06    0.18218E-04   -0.84107E-05    0.26833E-03   -0.27730E-04   -0.43781E-04    0.55212E-03   -0.57522E-01    0.59121E+00   -0.18666E+00   -0.18003E+00    0.36389E-01   -0.28801E-01   -0.27593E-02    0.42500E-02   -0.90761E-03    0.43031E-07   -0.24938E-04    0.38382E-02   -0.43301E-01   -0.32495E-01    0.35635E-01   -0.12167E-01    0.61070E-01   -0.82248E-01   -0.10609E+00   -0.55189E-01    0.14255E+00   -0.15248E+00    0.27764E-01   -0.36750E-01    0.44958E-02    0.99253E+00   -0.48551E-02    0.49424E-02   -0.14429E+00    0.48993E-01    0.15797E+00    0.27997E-01   -0.66107E-01
    0.46140E-05   -0.19740E-04    0.35054E-05    0.23849E-03    0.26731E-04    0.95214E-04    0.40146E-03   -0.83564E+00   -0.22348E+00    0.46402E+00   -0.54362E-01   -0.31605E+00   -0.11949E-01   -0.19998E-02    0.21436E-02   -0.13442E-01    0.67700E-05    0.23833E-04   -0.17942E-02    0.24595E-01   -0.45849E-01    0.42274E-03   -0.34017E-01    0.14348E+00    0.65877E-01    0.39440E-01   -0.34524E-01    0.14771E+00   -0.18744E-01    0.16254E+00    0.62946E-02   -0.45626E-03   -0.48551E-02    0.99295E+00    0.68207E-03    0.18770E-01    0.31677E-01    0.11001E+00   -0.25933E+00    0.13075E+00
    0.53664E-05   -0.88745E-04    0.97109E-05    0.73424E-03   -0.19487E-04    0.23527E-03    0.11990E-02   -0.36531E+01   -0.20443E+00    0.20663E+00    0.26896E-01   -0.21647E+00    0.50365E-03   -0.82557E-03   -0.24923E-03   -0.95591E-02    0.68530E-05   -0.41433E-04    0.40822E-02   -0.13718E-01   -0.12619E+00    0.18782E+00    0.10718E+00   -0.10808E+00    0.51744E-01   -0.45994E-01    0.16027E+00   -0.13503E+00   -0.90481E-01    0.16600E-01   -0.11883E-01   -0.24246E-02    0.49424E-02    0.68207E-03    0.99081E+00   -0.33936E-01   -0.45911E-01    0.44419E-01    0.18136E+00   -0.10058E+00
   -0.47708E-05    0.89648E-04   -0.47035E-05   -0.52716E-03    0.13402E-04   -0.23062E-04   -0.65724E-03    0.15528E+01   -0.44481E+00    0.12829E+00    0.33959E+00   -0.53220E-01   -0.75238E-01   -0.30963E-02    0.21138E-02   -0.81410E-02    0.81661E-05    0.20950E-04   -0.11766E-02   -0.49321E-02    0.15977E+00   -0.22320E+00   -0.50374E-01    0.94228E-01    0.10153E+00    0.65705E+00   -0.85025E-01   -0.20677E+00   -0.84899E-01    0.11301E+00    0.60021E+00    0.93537E-01   -0.14429E+00    0.18770E-01   -0.33936E-01    0.97975E+00   -0.22871E-01   -0.20517E-02    0.38156E-02   -0.16553E-01
    0.13540E-05    0.79795E-05   -0.81987E-05   -0.26760E-03    0.12717E-04    0.13196E-03   -0.41817E-03   -0.18766E+01   -0.46228E+00    0.15037E+00    0.19267E+00   -0.81567E-01   -0.80391E-02    0.93627E-03    0.17503E-02   -0.16787E-02    0.59881E-05    0.34313E-04    0.41485E-02   -0.43709E-01    0.21802E-01    0.35097E-01    0.25634E-01    0.43443E-01   -0.81450E-01    0.24557E+00    0.25951E+00    0.62966E+00    0.73857E-01   -0.55631E+00    0.15869E+00    0.16187E+00    0.48993E-01    0.31677E-01   -0.45911E-01   -0.22871E-01    0.98872E+00    0.11865E-01    0.12111E-01    0.43184E-03
   -0.90487E-05    0.89853E-04   -0.10125E-04   -0.52028E-03   -0.15396E-05   -0.14827E-03   -0.78166E-03   -0.21223E+01   -0.67933E-01    0.32650E+00    0.93725E-02   -0.10838E+00    0.12871E-01   -0.39194E-02    0.49338E-02   -0.23499E-02   -0.36311E-06   -0.99151E-05    0.55353E-02   -0.14163E-01   -0.14103E-01    0.10436E+00    0.19765E-01   -0.11546E-01    0.88303E-01   -0.50172E-01    0.74352E+00    0.14652E+00   -0.50426E-01    0.37091E+00    0.10842E+00   -0.48919E-03    0.15797E+00    0.11001E+00    0.44419E-01   -0.20517E-02    0.11865E-01    0.95420E+00   -0.12284E-01   -0.50274E-02
   -0.60754E-05    0.31384E-04    0.16767E-05   -0.53898E-03    0.48478E-05   -0.91006E-04   -0.95944E-03   -0.82168E+00    0.32844E+00    0.12053E+00   -0.73001E-01   -0.14415E-01    0.36025E-01   -0.50446E-02    0.61271E-02    0.12128E-02   -0.35424E-05   -0.47276E-04    0.41809E-02    0.11751E-01    0.22794E-01    0.18330E-01   -0.17824E+00   -0.11185E+00   -0.11252E-01   -0.54010E-01    0.28484E+00   -0.59732E+00    0.29668E+00   -0.34547E+00    0.57649E-01    0.13681E+00    0.27997E-01   -0.25933E+00    0.18136E+00    0.38156E-02    0.12111E-01   -0.12284E-01    0.96330E+00   -0.57214E-02
   -0.12716E-05    0.26455E-04   -0.12097E-04   -0.23442E-03    0.64648E-04   -0.10899E-03   -0.42394E-03    0.32876E+01   -0.90503E-01   -0.17942E+00    0.21077E+00    0.24846E+00   -0.55885E-01   -0.19593E-02    0.21415E-02    0.12908E-01    0.48690E-06    0.25801E-04   -0.21795E-02   -0.12317E-01    0.72613E-01   -0.22543E+00    0.73424E-01    0.49309E-01    0.97869E-02    0.71922E-01   -0.19438E+00    0.18482E+00    0.66327E+00    0.20196E+00   -0.69647E-01    0.12968E+00   -0.66107E-01    0.13075E+00   -0.10058E+00   -0.16553E-01    0.43184E-03   -0.50274E-02   -0.57214E-02    0.97454E+00
