# omegabh2 omegach2 theta tau w ns logA asz
    0.26526E-06   -0.74255E-06    0.71688E-06    0.24318E-05    0.36600E-04    0.57528E-05    0.48886E-05    0.38920E-04
   -0.74255E-06    0.18045E-04   -0.11238E-05   -0.16700E-04   -0.49919E-03   -0.28591E-04    0.22724E-04   -0.13159E-03
    0.71688E-06   -0.11238E-05    0.52075E-05    0.40429E-05    0.13064E-03    0.15969E-04    0.13837E-04    0.45485E-04
    0.24318E-05   -0.16700E-04    0.40429E-05    0.18967E-03    0.54632E-03    0.75407E-04    0.34973E-03   -0.30475E-05
    0.36600E-04   -0.49919E-03    0.13064E-03    0.54632E-03    0.20872E-01    0.11274E-02   -0.26088E-03    0.45891E-02
    0.57528E-05   -0.28591E-04    0.15969E-04    0.75407E-04    0.11274E-02    0.17385E-03    0.12992E-03   -0.62456E-04
    0.48886E-05    0.22724E-04    0.13837E-04    0.34973E-03   -0.26088E-03    0.12992E-03    0.86923E-03   -0.10246E-02
    0.38920E-04   -0.13159E-03    0.45485E-04   -0.30475E-05    0.45891E-02   -0.62456E-04   -0.10246E-02    0.33463E+00
