# omegabh2 omegach2 theta tau logA ns galfEE100 galfEE100143 galfEE100217 galfEE143 galfEE143217 galfEE217
    0.1300351E-05   -0.4089663E-05    0.2787405E-06    0.2779598E-04    0.6056855E-04    0.1038030E-04   -0.8101511E-06   -0.1016428E-05   -0.1092902E-05   -0.1054486E-05   -0.1204718E-05   -0.1636009E-05
   -0.4089663E-05    0.1951978E-04   -0.1345509E-05   -0.1052675E-03   -0.1995283E-03   -0.5840055E-04   -0.1015756E-04   -0.1005133E-04   -0.1106727E-04   -0.1049366E-04   -0.1137575E-04   -0.1135895E-04
    0.2787405E-06   -0.1345509E-05    0.5626213E-06    0.3132322E-05    0.5117249E-05    0.4728354E-05    0.1055429E-05    0.9909297E-06    0.1138278E-05    0.1089657E-05    0.1145477E-05    0.1404614E-05
    0.2779598E-04   -0.1052675E-03    0.3132322E-05    0.4687870E-02    0.9459915E-02    0.3488542E-03   -0.1061229E-03   -0.1079988E-03   -0.1005780E-03   -0.1047418E-03   -0.9941367E-04   -0.8864122E-04
    0.6056855E-04   -0.1995283E-03    0.5117249E-05    0.9459915E-02    0.1923086E-01    0.6415356E-03   -0.2697300E-03   -0.2775817E-03   -0.2691174E-03   -0.2746873E-03   -0.2718021E-03   -0.2594548E-03
    0.1038030E-04   -0.5840055E-04    0.4728354E-05    0.3488542E-03    0.6415356E-03    0.2709009E-03    0.7575592E-04    0.7671194E-04    0.8711542E-04    0.8031717E-04    0.8929172E-04    0.9651821E-04
   -0.8101511E-06   -0.1015756E-04    0.1055429E-05   -0.1061229E-03   -0.2697300E-03    0.7575592E-04    0.1166393E-03    0.7078963E-04    0.8267631E-04    0.6074852E-04    0.6773722E-04    0.7826658E-04
   -0.1016428E-05   -0.1005133E-04    0.9909297E-06   -0.1079988E-03   -0.2775817E-03    0.7671194E-04    0.7078963E-04    0.8998208E-04    0.9224788E-04    0.8046320E-04    0.8744729E-04    0.9213918E-04
   -0.1092902E-05   -0.1106727E-04    0.1138278E-05   -0.1005780E-03   -0.2691174E-03    0.8711542E-04    0.8267631E-04    0.9224788E-04    0.1851182E-03    0.8270972E-04    0.1292027E-03    0.1926989E-03
   -0.1054486E-05   -0.1049366E-04    0.1089657E-05   -0.1047418E-03   -0.2746873E-03    0.8031717E-04    0.6074852E-04    0.8046320E-04    0.8270972E-04    0.1402699E-03    0.1176577E-03    0.1084503E-03
   -0.1204718E-05   -0.1137575E-04    0.1145477E-05   -0.9941367E-04   -0.2718021E-03    0.8929172E-04    0.6773722E-04    0.8744729E-04    0.1292027E-03    0.1176577E-03    0.1997859E-03    0.2424502E-03
   -0.1636009E-05   -0.1135895E-04    0.1404614E-05   -0.8864122E-04   -0.2594548E-03    0.9651821E-04    0.7826658E-04    0.9213918E-04    0.1926989E-03    0.1084503E-03    0.2424502E-03    0.7633398E-03
