# omegabh2 omegach2 theta tau ns nrun logA r aps100 aps143 aps217 acib143 acib217 asz143 psr cibr ncib cal0 cal2 xi aksz bm_1_1 a_ps_act_148 a_ps_act_217 a_ps_spt_95 a_ps_spt_150 a_ps_spt_220 r_ps_spt_95x150 r_ps_spt_95x220 r_ps_150x220 act_dust_s act_dust_e cal_acts_148 cal_acts_217 cal_acte_148 cal_acte_217 cal_spt_95 cal_spt_150 cal_spt_220
    0.9079830E-07   -0.3876128E-06    0.8440881E-07    0.1972785E-05    0.1007076E-05   -0.1135426E-05    0.3456226E-05    0.2569868E-05    0.1691281E-03   -0.4734280E-03   -0.4972934E-03    0.6945598E-05    0.6561960E-04    0.1574974E-04   -0.2607426E-06   -0.5275770E-06    0.1128784E-05    0.2106180E-08   -0.3349843E-08   -0.2817488E-05   -0.3721669E-04   -0.1502678E-05    0.3968530E-05    0.3077886E-04    0.1004758E-04    0.1388696E-04    0.5197543E-04    0.1178001E-06   -0.1913794E-06    0.7277048E-07    0.3580557E-06   -0.2418320E-07    0.2683993E-06    0.2895841E-06    0.2824449E-06    0.2735454E-06    0.4710174E-06    0.5518773E-06    0.4896117E-06
   -0.3876128E-06    0.6997727E-05   -0.6978128E-06   -0.1198127E-04   -0.1580780E-04   -0.2069596E-05   -0.6464382E-05   -0.1777275E-04    0.7604508E-02    0.3853662E-02    0.3466895E-02   -0.3586847E-04   -0.2588391E-05   -0.3410196E-04    0.5830478E-05    0.3784254E-05   -0.5324534E-07   -0.5378210E-08    0.9018428E-07   -0.4376442E-05   -0.8042639E-04    0.1574998E-03   -0.1033229E-04   -0.5704255E-03   -0.3491660E-04   -0.9806193E-04   -0.6298555E-03   -0.1454180E-05   -0.6108221E-06   -0.1845510E-05   -0.6742349E-05    0.6150163E-05   -0.2079805E-05   -0.2567882E-05   -0.2247994E-05   -0.2342813E-05   -0.3901668E-05   -0.3805336E-05   -0.3036482E-05
    0.8440881E-07   -0.6978128E-06    0.4042651E-06    0.2053978E-05    0.2143281E-05   -0.2776337E-06    0.2857651E-05    0.2585973E-05   -0.6104703E-03   -0.4593773E-03   -0.3585819E-03    0.5256006E-05   -0.1865661E-04    0.7986552E-05   -0.7737813E-06   -0.5031492E-06   -0.4619840E-06   -0.1718034E-08    0.1292862E-10    0.1103150E-05   -0.2058152E-05   -0.9198805E-05    0.4331185E-05    0.8373564E-04    0.2884333E-05    0.1162711E-04    0.1019462E-03    0.1340826E-07   -0.6947415E-06    0.1807410E-06    0.1410044E-05   -0.6381516E-06    0.3415923E-06    0.2950859E-06    0.2713893E-06    0.2971130E-06    0.4086851E-06    0.5455622E-06    0.3492924E-06
    0.1972785E-05   -0.1198127E-04    0.2053978E-05    0.2567815E-03    0.3553976E-04   -0.5609649E-04    0.4961584E-03    0.9312806E-05   -0.1372879E-02   -0.7777040E-02   -0.5926786E-02    0.2249167E-03    0.1296423E-02    0.5208161E-03    0.8695922E-05   -0.1546063E-04    0.2422527E-04   -0.5949363E-07   -0.2945163E-06   -0.9604853E-04   -0.1803543E-02   -0.1447693E-03    0.1367182E-03   -0.8446577E-05    0.2254801E-03    0.3448769E-03    0.4474861E-03    0.1585864E-04    0.1197714E-05    0.7610753E-06    0.1148454E-04   -0.4831975E-06    0.2229627E-05    0.1253878E-05    0.5061054E-05    0.2054831E-05    0.5236544E-05    0.9069090E-05    0.7482936E-05
    0.1007076E-05   -0.1580780E-04    0.2143281E-05    0.3553976E-04    0.5458286E-04    0.1278708E-04    0.2663046E-04    0.5228503E-04   -0.5426463E-01   -0.2530033E-01   -0.1924397E-01    0.1068499E-03    0.1669732E-02    0.7331830E-03   -0.4201586E-04   -0.1643458E-04    0.4299802E-04   -0.4628674E-07    0.3294801E-06   -0.1329226E-03   -0.1234058E-02   -0.4083225E-03    0.1274336E-03    0.1769952E-02    0.3768161E-03    0.4319977E-03    0.1634264E-02   -0.9265205E-05   -0.1689121E-04    0.3139301E-05    0.1408418E-04   -0.1419359E-04    0.1226669E-04    0.1285124E-04    0.1285304E-04    0.1099299E-04    0.2108064E-04    0.1934170E-04    0.1271666E-04
   -0.1135426E-05   -0.2069596E-05   -0.2776337E-06   -0.5609649E-04    0.1278708E-04    0.9049186E-04   -0.1409169E-03   -0.1146331E-03   -0.5668024E-01   -0.2439008E-01   -0.1656735E-01    0.1443000E-04    0.1013720E-02    0.6240701E-03   -0.5816786E-04   -0.3171265E-05    0.3142916E-04   -0.3418915E-07    0.4702102E-07   -0.1402605E-03   -0.1226732E-02   -0.7497107E-03    0.2538627E-03    0.1915654E-02    0.3996247E-03    0.3690473E-03    0.1144201E-02   -0.6146440E-05   -0.1891401E-04   -0.2316867E-05   -0.2962766E-04   -0.2808104E-04    0.1132795E-04    0.1252763E-04    0.1140960E-04    0.1121598E-04    0.1772185E-04    0.1632702E-04    0.8899876E-05
    0.3456226E-05   -0.6464382E-05    0.2857651E-05    0.4961584E-03    0.2663046E-04   -0.1409169E-03    0.1015153E-02   -0.5759762E-05    0.2653713E-01   -0.3785898E-02   -0.8455022E-03    0.3800708E-03    0.3079874E-02    0.1155972E-02    0.3934187E-04   -0.2291153E-04    0.6065657E-04   -0.7547505E-07    0.3081742E-06   -0.2557378E-03   -0.4169022E-02    0.8579296E-03    0.1910354E-03   -0.2144140E-02    0.2720961E-03    0.3445021E-03   -0.1428323E-02    0.2815121E-04   -0.2392150E-05   -0.3298867E-05    0.1022597E-04    0.2491430E-04   -0.1280694E-05   -0.6263300E-05    0.3960408E-05   -0.3520125E-05   -0.1060125E-05    0.6103768E-05    0.5960476E-05
    0.2569868E-05   -0.1777275E-04    0.2585973E-05    0.9312806E-05    0.5228503E-04   -0.1146331E-03   -0.5759762E-05    0.1576412E-02    0.1866818E-01    0.1268510E-01    0.9564150E-02   -0.4447248E-03   -0.4954534E-02   -0.2100195E-02    0.3792380E-05   -0.5620296E-04   -0.7891342E-04   -0.8007431E-09   -0.6577862E-06    0.3389467E-03    0.3284667E-02    0.2137175E-04   -0.2369067E-03    0.3103918E-02    0.4599797E-03   -0.1617253E-04    0.4584393E-02   -0.4586837E-04   -0.5688695E-04    0.1020644E-04    0.6002718E-04    0.2548151E-04   -0.6649201E-05   -0.6304360E-05   -0.6239695E-05   -0.1482089E-05   -0.3706099E-05   -0.4689295E-05   -0.4443771E-05
    0.1691281E-03    0.7604508E-02   -0.6104703E-03   -0.1372879E-02   -0.5426463E-01   -0.5668024E-01    0.2653713E-01    0.1866818E-01    0.2798359E+04    0.9715728E+02    0.2303819E+02    0.4374643E+00    0.4615730E+01   -0.1132264E+02    0.3090838E-01   -0.1113011E+00    0.6282667E-01    0.6328355E-03   -0.4485542E-02    0.1000920E+01    0.7263260E+01    0.1925280E+02    0.5472824E+00   -0.6625054E+01    0.5195197E+01   -0.8402691E+00    0.6448697E+00   -0.1941936E-01   -0.3619812E+00   -0.8318460E-01    0.2325273E-01    0.8590511E-01   -0.3306446E-01   -0.6535880E-02   -0.3001088E-01    0.1160968E-02   -0.7457776E-01   -0.4147585E-01    0.1290238E-01
   -0.4734280E-03    0.3853662E-02   -0.4593773E-03   -0.7777040E-02   -0.2530033E-01   -0.2439008E-01   -0.3785898E-02    0.1268510E-01    0.9715728E+02    0.7166077E+02    0.2322054E+02    0.7062406E-01   -0.8929644E+00   -0.2003889E+01    0.4339975E-01    0.1551741E-01   -0.5126170E-01    0.3446461E-04   -0.8616906E-03    0.1873927E+00    0.6824551E+00    0.1280252E+00    0.1316305E+00   -0.1522275E+01    0.7604625E+00   -0.3300651E+00   -0.6610623E+00   -0.6403899E-03   -0.5678213E-01   -0.3011621E-01    0.2317349E-01    0.2532212E-01   -0.1664021E-01   -0.1119235E-01   -0.1722699E-01   -0.1041566E-01   -0.3145279E-01   -0.2438262E-01   -0.1277329E-01
   -0.4972934E-03    0.3466895E-02   -0.3585819E-03   -0.5926786E-02   -0.1924397E-01   -0.1656735E-01   -0.8455022E-03    0.9564150E-02    0.2303819E+02    0.2322054E+02    0.9793677E+02   -0.8525850E+00   -0.3491837E+02    0.9082393E+00   -0.3224656E+00   -0.8669197E-02   -0.4145019E+00    0.2415272E-04   -0.1035694E-04    0.2402473E-01    0.1961511E+00    0.1630789E+00    0.2643279E+00    0.1975614E+02   -0.1329850E+01    0.6087913E+00    0.1070354E+02   -0.1277874E-01   -0.4023100E-01   -0.6219182E-02    0.3750909E-01    0.3751317E-01   -0.9138599E-02   -0.2870566E-01   -0.9787016E-02   -0.3306905E-01   -0.1168383E-01   -0.1566030E-01   -0.5902499E-01
    0.6945598E-05   -0.3586847E-04    0.5256006E-05    0.2249167E-03    0.1068499E-03    0.1443000E-04    0.3800708E-03   -0.4447248E-03    0.4374643E+00    0.7062406E-01   -0.8525850E+00    0.6633228E+00    0.1156970E+01    0.5267035E+00    0.1878266E-03   -0.1940332E-02    0.7722845E-03   -0.1731413E-06    0.1971982E-04    0.4995187E-02   -0.8605773E+00    0.1539727E-01    0.2375332E-01   -0.2520638E+00   -0.1486764E+00   -0.6096593E-01   -0.1570788E+00    0.4746291E-01    0.4664347E-01   -0.5378328E-02   -0.1280240E-02   -0.2570142E-02    0.1792489E-03    0.3200990E-03    0.1916411E-03    0.2583707E-03   -0.4370569E-03    0.7160426E-03    0.1979079E-02
    0.6561960E-04   -0.2588391E-05   -0.1865661E-04    0.1296423E-02    0.1669732E-02    0.1013720E-02    0.3079874E-02   -0.4954534E-02    0.4615730E+01   -0.8929644E+00   -0.3491837E+02    0.1156970E+01    0.2390238E+02    0.1704217E+01    0.1847869E+00    0.1548596E-01    0.3216702E+00   -0.6136806E-05   -0.5726499E-04   -0.3880658E+00   -0.4109583E+01    0.1614638E+00   -0.5589823E+00   -0.1542890E+02    0.2968915E+00   -0.9764236E+00   -0.1096044E+02    0.3955445E-01    0.4709849E-01   -0.8885268E-02   -0.1535997E-01   -0.5931435E-02   -0.1726472E-04    0.5265124E-02   -0.4341819E-03    0.8290191E-02    0.1985330E-03   -0.1398960E-02    0.2033985E-01
    0.1574974E-04   -0.3410196E-04    0.7986552E-05    0.5208161E-03    0.7331830E-03    0.6240701E-03    0.1155972E-02   -0.2100195E-02   -0.1132264E+02   -0.2003889E+01    0.9082393E+00    0.5267035E+00    0.1704217E+01    0.1838782E+01    0.1137304E-01    0.1601023E-01    0.1632263E-01   -0.1424852E-05   -0.2464564E-04   -0.1997332E+00   -0.2271533E+01    0.4909621E-01   -0.1277620E+00   -0.8077189E+00   -0.6291921E+00   -0.1459495E+00   -0.1307418E+01    0.3765890E-01    0.5974493E-01   -0.2732557E-02   -0.2138842E-02    0.5511723E-03    0.7474863E-03   -0.2595405E-02    0.5950265E-03   -0.2540916E-02    0.3751582E-02    0.5161327E-03   -0.2225091E-02
   -0.2607426E-06    0.5830478E-05   -0.7737813E-06    0.8695922E-05   -0.4201586E-04   -0.5816786E-04    0.3934187E-04    0.3792380E-05    0.3090838E-01    0.4339975E-01   -0.3224656E+00    0.1878266E-03    0.1847869E+00    0.1137304E-01    0.4240093E-02   -0.1355420E-03    0.1773556E-02   -0.3077504E-07   -0.2798713E-06   -0.5043267E-03   -0.9581679E-02    0.1624127E-03   -0.3041500E-03   -0.1318973E+00   -0.4704870E-02   -0.2125875E-02   -0.8859202E-01    0.1211723E-03    0.1248273E-02    0.3894953E-03    0.3413798E-04    0.5880089E-04   -0.3241838E-04   -0.1738839E-04   -0.4431744E-04    0.2932440E-04   -0.7861794E-05   -0.5174346E-04    0.1491075E-03
   -0.5275770E-06    0.3784254E-05   -0.5031492E-06   -0.1546063E-04   -0.1643458E-04   -0.3171265E-05   -0.2291153E-04   -0.5620296E-04   -0.1113011E+00    0.1551741E-01   -0.8669197E-02   -0.1940332E-02    0.1548596E-01    0.1601023E-01   -0.1355420E-03    0.2144599E-02   -0.1600704E-03   -0.2196669E-06    0.6651123E-06   -0.3647507E-03   -0.9138373E-02    0.1402983E-03    0.5130468E-02    0.1463460E-02   -0.1012514E-01    0.2922888E-02    0.4159559E-02    0.1606723E-03    0.1265727E-02   -0.3894786E-03   -0.1552318E-03   -0.6791641E-04   -0.1764505E-05    0.1746558E-04   -0.2750698E-05    0.2054548E-04    0.4032675E-04    0.8033630E-05    0.5931822E-04
    0.1128784E-05   -0.5324534E-07   -0.4619840E-06    0.2422527E-04    0.4299802E-04    0.3142916E-04    0.6065657E-04   -0.7891342E-04    0.6282667E-01   -0.5126170E-01   -0.4145019E+00    0.7722845E-03    0.3216702E+00    0.1632263E-01    0.1773556E-02   -0.1600704E-03    0.6567917E-02    0.1060221E-06   -0.6223167E-05   -0.5115522E-02   -0.3243932E-01    0.4993087E-02   -0.1062335E-01   -0.2593620E+00    0.4456515E-02   -0.1390406E-01   -0.2042940E+00   -0.3868954E-03    0.1811327E-03    0.3070838E-03   -0.1824594E-03   -0.1185517E-04    0.1840534E-04    0.9801658E-05    0.1440244E-04    0.4825197E-04    0.8512862E-04   -0.1872541E-04    0.1565692E-03
    0.2106180E-08   -0.5378210E-08   -0.1718034E-08   -0.5949363E-07   -0.4628674E-07   -0.3418915E-07   -0.7547505E-07   -0.8007431E-09    0.6328355E-03    0.3446461E-04    0.2415272E-04   -0.1731413E-06   -0.6136806E-05   -0.1424852E-05   -0.3077504E-07   -0.2196669E-06    0.1060221E-06    0.1581467E-06    0.3300051E-08    0.1044579E-05    0.3793806E-05   -0.1660039E-04    0.3832481E-05   -0.5836714E-05   -0.7151772E-05   -0.6326897E-06   -0.9156138E-05    0.2973011E-06    0.3537751E-06    0.3171149E-08   -0.9300349E-07   -0.5773056E-06    0.5311537E-07   -0.4863001E-07    0.2888896E-07   -0.1995051E-07    0.2210886E-07   -0.1101769E-06   -0.1568805E-06
   -0.3349843E-08    0.9018428E-07    0.1292862E-10   -0.2945163E-06    0.3294801E-06    0.4702102E-07    0.3081742E-06   -0.6577862E-06   -0.4485542E-02   -0.8616906E-03   -0.1035694E-04    0.1971982E-04   -0.5726499E-04   -0.2464564E-04   -0.2798713E-06    0.6651123E-06   -0.6223167E-05    0.3300051E-08    0.1819754E-05    0.6358093E-05    0.3129270E-04    0.1122994E-03    0.1898746E-04    0.3150121E-03    0.2676873E-04    0.2191490E-04    0.2720785E-03    0.1045963E-05   -0.1269268E-05   -0.8471967E-06    0.4810340E-06   -0.5530386E-05    0.6207495E-06    0.1029281E-05    0.6017824E-06    0.7476294E-06    0.2297769E-06    0.6143699E-06    0.8266654E-06
   -0.2817488E-05   -0.4376442E-05    0.1103150E-05   -0.9604853E-04   -0.1329226E-03   -0.1402605E-03   -0.2557378E-03    0.3389467E-03    0.1000920E+01    0.1873927E+00    0.2402473E-01    0.4995187E-02   -0.3880658E+00   -0.1997332E+00   -0.5043267E-03   -0.3647507E-03   -0.5115522E-02    0.1044579E-05    0.6358093E-05    0.7007227E-01    0.4003474E+00   -0.7604452E-02    0.6634488E-01    0.1806667E+00    0.1576433E-02    0.6032895E-01    0.2421094E+00    0.4938840E-02    0.9957250E-02    0.1369216E-02    0.4719855E-03   -0.5301432E-03   -0.3363986E-04    0.2532808E-03   -0.7478214E-05    0.2398054E-03   -0.3266869E-03    0.2312669E-03    0.5886027E-03
   -0.3721669E-04   -0.8042639E-04   -0.2058152E-05   -0.1803543E-02   -0.1234058E-02   -0.1226732E-02   -0.4169022E-02    0.3284667E-02    0.7263260E+01    0.6824551E+00    0.1961511E+00   -0.8605773E+00   -0.4109583E+01   -0.2271533E+01   -0.9581679E-02   -0.9138373E-02   -0.3243932E-01    0.3793806E-05    0.3129270E-04    0.4003474E+00    0.4573827E+01   -0.5823785E-01    0.1632663E+00    0.1534152E+01    0.1540956E+00    0.3175612E+00    0.2031221E+01   -0.3772114E-01   -0.1174542E-01    0.2015518E-01    0.1861915E-02   -0.1186031E-01    0.6034879E-04    0.2932538E-02    0.3409023E-03    0.2658623E-02   -0.6235194E-03    0.1409021E-02    0.3367457E-02
   -0.1502678E-05    0.1574998E-03   -0.9198805E-05   -0.1447693E-03   -0.4083225E-03   -0.7497107E-03    0.8579296E-03    0.2137175E-04    0.1925280E+02    0.1280252E+00    0.1630789E+00    0.1539727E-01    0.1614638E+00    0.4909621E-01    0.1624127E-03    0.1402983E-03    0.4993087E-02   -0.1660039E-04    0.1122994E-03   -0.7604452E-02   -0.5823785E-01    0.3099659E+00   -0.6159545E-02   -0.1320901E+00   -0.1485625E-01   -0.1167257E-01   -0.1442855E+00    0.1087935E-02    0.1546817E-02   -0.3351334E-05   -0.5823593E-03    0.3211530E-03    0.8981679E-04   -0.7097360E-04    0.1341732E-03   -0.3303534E-04    0.1451835E-03    0.8887047E-05    0.1362122E-03
    0.3968530E-05   -0.1033229E-04    0.4331185E-05    0.1367182E-03    0.1274336E-03    0.2538627E-03    0.1910354E-03   -0.2369067E-03    0.5472824E+00    0.1316305E+00    0.2643279E+00    0.2375332E-01   -0.5589823E+00   -0.1277620E+00   -0.3041500E-03    0.5130468E-02   -0.1062335E-01    0.3832481E-05    0.1898746E-04    0.6634488E-01    0.1632663E+00   -0.6159545E-02    0.3527453E+00    0.3323826E+00    0.3668391E-01    0.1640161E+00    0.6410621E+00    0.9886762E-02    0.1445756E-01   -0.4401325E-02   -0.2372972E-02   -0.3182929E-02    0.6034140E-03   -0.1396948E-03    0.7367289E-03   -0.7117194E-06   -0.6376935E-03    0.1445052E-03    0.1253088E-02
    0.3077886E-04   -0.5704255E-03    0.8373564E-04   -0.8446577E-05    0.1769952E-02    0.1915654E-02   -0.2144140E-02    0.3103918E-02   -0.6625054E+01   -0.1522275E+01    0.1975614E+02   -0.2520638E+00   -0.1542890E+02   -0.8077189E+00   -0.1318973E+00    0.1463460E-02   -0.2593620E+00   -0.5836714E-05    0.3150121E-03    0.1806667E+00    0.1534152E+01   -0.1320901E+00    0.3323826E+00    0.1983787E+02   -0.6599925E-01    0.6212646E+00    0.9233143E+01   -0.1687683E-02   -0.4179038E-01   -0.1394967E-01    0.1274150E-01    0.1027303E-01    0.1799842E-02    0.2184890E-01    0.2291129E-02    0.1358453E-01    0.2190959E-03    0.3206612E-02   -0.7746250E-02
    0.1004758E-04   -0.3491660E-04    0.2884333E-05    0.2254801E-03    0.3768161E-03    0.3996247E-03    0.2720961E-03    0.4599797E-03    0.5195197E+01    0.7604625E+00   -0.1329850E+01   -0.1486764E+00    0.2968915E+00   -0.6291921E+00   -0.4704870E-02   -0.1012514E-01    0.4456515E-02   -0.7151772E-05    0.2676873E-04    0.1576433E-02    0.1540956E+00   -0.1485625E-01    0.3668391E-01   -0.6599925E-01    0.2047434E+01   -0.1157565E-02    0.1926232E+00   -0.8294514E-01   -0.9832859E-01   -0.4163793E-02   -0.5793306E-03    0.2945747E-02   -0.3046045E-03    0.1002390E-02   -0.2554630E-03    0.1178293E-02    0.6509226E-03    0.1415233E-04    0.8440117E-03
    0.1388696E-04   -0.9806193E-04    0.1162711E-04    0.3448769E-03    0.4319977E-03    0.3690473E-03    0.3445021E-03   -0.1617253E-04   -0.8402691E+00   -0.3300651E+00    0.6087913E+00   -0.6096593E-01   -0.9764236E+00   -0.1459495E+00   -0.2125875E-02    0.2922888E-02   -0.1390406E-01   -0.6326897E-06    0.2191490E-04    0.6032895E-01    0.3175612E+00   -0.1167257E-01    0.1640161E+00    0.6212646E+00   -0.1157565E-02    0.2584807E+00    0.5533199E+00    0.4016528E-02    0.1249867E-01    0.4512619E-03    0.1358229E-02    0.2264027E-02    0.1831147E-03   -0.3140931E-04    0.1969197E-03   -0.6969422E-04    0.4216530E-03    0.3352969E-03    0.1009876E-05
    0.5197543E-04   -0.6298555E-03    0.1019462E-03    0.4474861E-03    0.1634264E-02    0.1144201E-02   -0.1428323E-02    0.4584393E-02    0.6448697E+00   -0.6610623E+00    0.1070354E+02   -0.1570788E+00   -0.1096044E+02   -0.1307418E+01   -0.8859202E-01    0.4159559E-02   -0.2042940E+00   -0.9156138E-05    0.2720785E-03    0.2421094E+00    0.2031221E+01   -0.1442855E+00    0.6410621E+00    0.9233143E+01    0.1926232E+00    0.5533199E+00    0.1958248E+02   -0.4923985E-03   -0.6937254E-01   -0.2798381E-01   -0.1330592E-01   -0.1468135E-01    0.1470813E-02    0.3314124E-02    0.1610889E-02    0.1669293E-02   -0.4649896E-03    0.5167785E-02    0.2970005E-01
    0.1178001E-06   -0.1454180E-05    0.1340826E-07    0.1585864E-04   -0.9265205E-05   -0.6146440E-05    0.2815121E-04   -0.4586837E-04   -0.1941936E-01   -0.6403899E-03   -0.1277874E-01    0.4746291E-01    0.3955445E-01    0.3765890E-01    0.1211723E-03    0.1606723E-03   -0.3868954E-03    0.2973011E-06    0.1045963E-05    0.4938840E-02   -0.3772114E-01    0.1087935E-02    0.9886762E-02   -0.1687683E-02   -0.8294514E-01    0.4016528E-02   -0.4923985E-03    0.8106487E-02    0.7705431E-02   -0.2501088E-03   -0.6518920E-04   -0.1447810E-03    0.1363928E-04   -0.4037369E-05    0.1725751E-04   -0.6612548E-05   -0.6638484E-04    0.5253839E-04    0.1376023E-03
   -0.1913794E-06   -0.6108221E-06   -0.6947415E-06    0.1197714E-05   -0.1689121E-04   -0.1891401E-04   -0.2392150E-05   -0.5688695E-04   -0.3619812E+00   -0.5678213E-01   -0.4023100E-01    0.4664347E-01    0.4709849E-01    0.5974493E-01    0.1248273E-02    0.1265727E-02    0.1811327E-03    0.3537751E-06   -0.1269268E-05    0.9957250E-02   -0.1174542E-01    0.1546817E-02    0.1445756E-01   -0.4179038E-01   -0.9832859E-01    0.1249867E-01   -0.6937254E-01    0.7705431E-02    0.1422578E-01    0.4980034E-03    0.1306743E-03   -0.8202668E-04    0.2987022E-04   -0.6943949E-04    0.3205147E-04   -0.5582881E-04    0.6881577E-04    0.1130321E-03   -0.4573889E-04
    0.7277048E-07   -0.1845510E-05    0.1807410E-06    0.7610753E-06    0.3139301E-05   -0.2316867E-05   -0.3298867E-05    0.1020644E-04   -0.8318460E-01   -0.3011621E-01   -0.6219182E-02   -0.5378328E-02   -0.8885268E-02   -0.2732557E-02    0.3894953E-03   -0.3894786E-03    0.3070838E-03    0.3171149E-08   -0.8471967E-06    0.1369216E-02    0.2015518E-01   -0.3351334E-05   -0.4401325E-02   -0.1394967E-01   -0.4163793E-02    0.4512619E-03   -0.2798381E-01   -0.2501088E-03    0.4980034E-03    0.5522648E-03    0.1025319E-03    0.9122033E-04    0.3943404E-05   -0.1934557E-04    0.6244948E-05   -0.1659016E-04    0.4933687E-04    0.1677676E-04   -0.7583427E-04
    0.3580557E-06   -0.6742349E-05    0.1410044E-05    0.1148454E-04    0.1408418E-04   -0.2962766E-04    0.1022597E-04    0.6002718E-04    0.2325273E-01    0.2317349E-01    0.3750909E-01   -0.1280240E-02   -0.1535997E-01   -0.2138842E-02    0.3413798E-04   -0.1552318E-03   -0.1824594E-03   -0.9300349E-07    0.4810340E-06    0.4719855E-03    0.1861915E-02   -0.5823593E-03   -0.2372972E-02    0.1274150E-01   -0.5793306E-03    0.1358229E-02   -0.1330592E-01   -0.6518920E-04    0.1306743E-03    0.1025319E-03    0.3570182E-01    0.4171144E-03    0.1349660E-03    0.1193868E-03   -0.3296014E-04   -0.2622341E-04   -0.1013031E-04   -0.2092691E-04   -0.7993149E-04
   -0.2418320E-07    0.6150163E-05   -0.6381516E-06   -0.4831975E-06   -0.1419359E-04   -0.2808104E-04    0.2491430E-04    0.2548151E-04    0.8590511E-01    0.2532212E-01    0.3751317E-01   -0.2570142E-02   -0.5931435E-02    0.5511723E-03    0.5880089E-04   -0.6791641E-04   -0.1185517E-04   -0.5773056E-06   -0.5530386E-05   -0.5301432E-03   -0.1186031E-01    0.3211530E-03   -0.3182929E-02    0.1027303E-01    0.2945747E-02    0.2264027E-02   -0.1468135E-01   -0.1447810E-03   -0.8202668E-04    0.9122033E-04    0.4171144E-03    0.3929143E-01   -0.5927611E-04   -0.2211278E-04    0.1484209E-03    0.8592046E-04   -0.1847952E-04   -0.5707682E-04   -0.8510492E-04
    0.2683993E-06   -0.2079805E-05    0.3415923E-06    0.2229627E-05    0.1226669E-04    0.1132795E-04   -0.1280694E-05   -0.6649201E-05   -0.3306446E-01   -0.1664021E-01   -0.9138599E-02    0.1792489E-03   -0.1726472E-04    0.7474863E-03   -0.3241838E-04   -0.1764505E-05    0.1840534E-04    0.5311537E-07    0.6207495E-06   -0.3363986E-04    0.6034879E-04    0.8981679E-04    0.6034140E-03    0.1799842E-02   -0.3046045E-03    0.1831147E-03    0.1470813E-02    0.1363928E-04    0.2987022E-04    0.3943404E-05    0.1349660E-03   -0.5927611E-04    0.5495440E-04    0.1047839E-04    0.1275606E-04    0.8202844E-05    0.1548002E-04    0.1168400E-04    0.1114699E-04
    0.2895841E-06   -0.2567882E-05    0.2950859E-06    0.1253878E-05    0.1285124E-04    0.1252763E-04   -0.6263300E-05   -0.6304360E-05   -0.6535880E-02   -0.1119235E-01   -0.2870566E-01    0.3200990E-03    0.5265124E-02   -0.2595405E-02   -0.1738839E-04    0.1746558E-04    0.9801658E-05   -0.4863001E-07    0.1029281E-05    0.2532808E-03    0.2932538E-02   -0.7097360E-04   -0.1396948E-03    0.2184890E-01    0.1002390E-02   -0.3140931E-04    0.3314124E-02   -0.4037369E-05   -0.6943949E-04   -0.1934557E-04    0.1193868E-03   -0.2211278E-04    0.1047839E-04    0.1781847E-03    0.1237342E-04    0.6539716E-04    0.4672038E-05    0.1335846E-04    0.3241652E-04
    0.2824449E-06   -0.2247994E-05    0.2713893E-06    0.5061054E-05    0.1285304E-04    0.1140960E-04    0.3960408E-05   -0.6239695E-05   -0.3001088E-01   -0.1722699E-01   -0.9787016E-02    0.1916411E-03   -0.4341819E-03    0.5950265E-03   -0.4431744E-04   -0.2750698E-05    0.1440244E-04    0.2888896E-07    0.6017824E-06   -0.7478214E-05    0.3409023E-03    0.1341732E-03    0.7367289E-03    0.2291129E-02   -0.2554630E-03    0.1969197E-03    0.1610889E-02    0.1725751E-04    0.3205147E-04    0.6244948E-05   -0.3296014E-04    0.1484209E-03    0.1275606E-04    0.1237342E-04    0.5374896E-04    0.1087630E-04    0.1650950E-04    0.1278840E-04    0.8584602E-05
    0.2735454E-06   -0.2342813E-05    0.2971130E-06    0.2054831E-05    0.1099299E-04    0.1121598E-04   -0.3520125E-05   -0.1482089E-05    0.1160968E-02   -0.1041566E-01   -0.3306905E-01    0.2583707E-03    0.8290191E-02   -0.2540916E-02    0.2932440E-04    0.2054548E-04    0.4825197E-04   -0.1995051E-07    0.7476294E-06    0.2398054E-03    0.2658623E-02   -0.3303534E-04   -0.7117194E-06    0.1358453E-01    0.1178293E-02   -0.6969422E-04    0.1669293E-02   -0.6612548E-05   -0.5582881E-04   -0.1659016E-04   -0.2622341E-04    0.8592046E-04    0.8202844E-05    0.6539716E-04    0.1087630E-04    0.1051430E-03    0.2605035E-05    0.1244653E-04    0.3120684E-04
    0.4710174E-06   -0.3901668E-05    0.4086851E-06    0.5236544E-05    0.2108064E-04    0.1772185E-04   -0.1060125E-05   -0.3706099E-05   -0.7457776E-01   -0.3145279E-01   -0.1168383E-01   -0.4370569E-03    0.1985330E-03    0.3751582E-02   -0.7861794E-05    0.4032675E-04    0.8512862E-04    0.2210886E-07    0.2297769E-06   -0.3266869E-03   -0.6235194E-03    0.1451835E-03   -0.6376935E-03    0.2190959E-03    0.6509226E-03    0.4216530E-03   -0.4649896E-03   -0.6638484E-04    0.6881577E-04    0.4933687E-04   -0.1013031E-04   -0.1847952E-04    0.1548002E-04    0.4672038E-05    0.1650950E-04    0.2605035E-05    0.3824027E-03    0.3410939E-04    0.2634624E-05
    0.5518773E-06   -0.3805336E-05    0.5455622E-06    0.9069090E-05    0.1934170E-04    0.1632702E-04    0.6103768E-05   -0.4689295E-05   -0.4147585E-01   -0.2438262E-01   -0.1566030E-01    0.7160426E-03   -0.1398960E-02    0.5161327E-03   -0.5174346E-04    0.8033630E-05   -0.1872541E-04   -0.1101769E-06    0.6143699E-06    0.2312669E-03    0.1409021E-02    0.8887047E-05    0.1445052E-03    0.3206612E-02    0.1415233E-04    0.3352969E-03    0.5167785E-02    0.5253839E-04    0.1130321E-03    0.1677676E-04   -0.2092691E-04   -0.5707682E-04    0.1168400E-04    0.1335846E-04    0.1278840E-04    0.1244653E-04    0.3410939E-04    0.9586817E-04    0.3108551E-04
    0.4896117E-06   -0.3036482E-05    0.3492924E-06    0.7482936E-05    0.1271666E-04    0.8899876E-05    0.5960476E-05   -0.4443771E-05    0.1290238E-01   -0.1277329E-01   -0.5902499E-01    0.1979079E-02    0.2033985E-01   -0.2225091E-02    0.1491075E-03    0.5931822E-04    0.1565692E-03   -0.1568805E-06    0.8266654E-06    0.5886027E-03    0.3367457E-02    0.1362122E-03    0.1253088E-02   -0.7746250E-02    0.8440117E-03    0.1009876E-05    0.2970005E-01    0.1376023E-03   -0.4573889E-04   -0.7583427E-04   -0.7993149E-04   -0.8510492E-04    0.1114699E-04    0.3241652E-04    0.8584602E-05    0.3120684E-04    0.2634624E-05    0.3108551E-04    0.5330064E-03
