# omegabh2 omegach2 theta tau omegak mnu ns logA aps100 aps143 aps217 acib143 acib217 asz143 psr cibr ncib cal0 cal2 xi aksz bm_1_1
    0.10176E-06   -0.55286E-06    0.11050E-06    0.10230E-05   -0.15902E-05   -0.13224E-04    0.15879E-05    0.99517E-06   -0.17275E-02   -0.94444E-03   -0.15364E-03   -0.12428E-03   -0.34292E-03    0.21668E-04    0.26265E-06   -0.62118E-05   -0.12299E-05    0.21680E-08   -0.19998E-07    0.22276E-05   -0.68037E-04   -0.15516E-04
   -0.55286E-06    0.75438E-05   -0.89218E-06   -0.10896E-04    0.12660E-04    0.84593E-04   -0.17279E-04   -0.43511E-05    0.12371E-01    0.51028E-02    0.26489E-02   -0.47840E-05    0.98296E-03   -0.68424E-04    0.22038E-05    0.12692E-04    0.85500E-05   -0.26644E-07    0.18127E-06   -0.73342E-05    0.10789E-03    0.21646E-03
    0.11050E-06   -0.89218E-06    0.42129E-06    0.15351E-05   -0.22441E-05   -0.23289E-04    0.26560E-05    0.14490E-05   -0.20516E-02   -0.77723E-03   -0.30783E-03   -0.72826E-04   -0.21918E-03   -0.96978E-05    0.58420E-06   -0.53096E-05   -0.27229E-06    0.52042E-08   -0.22239E-07    0.12827E-05   -0.56170E-04   -0.25652E-04
    0.10230E-05   -0.10896E-04    0.15351E-05    0.17185E-03   -0.44636E-05    0.33078E-04    0.35555E-04    0.31580E-03   -0.42578E-01   -0.10351E-01   -0.13259E-02   -0.32705E-02   -0.54069E-02   -0.12649E-03    0.19416E-04   -0.17622E-03    0.83462E-07    0.30797E-07   -0.37291E-06    0.40967E-04   -0.10296E-02   -0.42575E-03
   -0.15902E-05    0.12660E-04   -0.22441E-05   -0.44636E-05    0.11896E-03    0.35483E-03   -0.32851E-04    0.14898E-04    0.53682E-01    0.17568E-01   -0.15497E-02    0.26312E-02    0.82219E-02   -0.20157E-03   -0.18492E-04    0.17322E-03    0.25078E-04   -0.83110E-07    0.75065E-06   -0.31854E-04    0.24641E-02    0.42181E-03
   -0.13224E-04    0.84593E-04   -0.23289E-04    0.33078E-04    0.35483E-03    0.17725E-01   -0.28191E-03    0.17351E-03    0.47526E+00    0.12819E+00   -0.45096E-01    0.36448E-01    0.87686E-01    0.24068E-02   -0.16392E-03    0.15706E-02    0.53435E-03   -0.43833E-06    0.23288E-05   -0.68050E-03    0.22654E-01    0.19815E-02
    0.15879E-05   -0.17279E-04    0.26560E-05    0.35555E-04   -0.32851E-04   -0.28191E-03    0.58462E-04    0.31188E-04   -0.68201E-01   -0.15212E-01    0.65482E-02   -0.49116E-02   -0.10683E-01   -0.21266E-03    0.27663E-04   -0.25513E-03   -0.20239E-04    0.21527E-07   -0.18146E-06    0.95250E-04   -0.30181E-02   -0.35879E-03
    0.99517E-06   -0.43511E-05    0.14490E-05    0.31580E-03    0.14898E-04    0.17351E-03    0.31188E-04    0.62542E-03   -0.65242E-01   -0.42208E-02    0.15785E-01   -0.10381E-01   -0.13918E-01   -0.12224E-02    0.75684E-04   -0.49883E-03    0.38992E-04    0.49191E-07    0.22373E-06    0.12101E-03   -0.37921E-02    0.26075E-03
   -0.17275E-02    0.12371E-01   -0.20516E-02   -0.42578E-01    0.53682E-01    0.47526E+00   -0.68201E-01   -0.65242E-01    0.36271E+04    0.11779E+03   -0.12943E+03    0.69540E+02    0.10037E+03   -0.67851E+02   -0.77920E+00   -0.30396E+00    0.87901E+00    0.84398E-03   -0.64033E-03   -0.33460E+00   -0.17042E+02    0.17346E+02
   -0.94444E-03    0.51028E-02   -0.77723E-03   -0.10351E-01    0.17568E-01    0.12819E+00   -0.15212E-01   -0.42208E-02    0.11779E+03    0.17728E+03    0.29014E+02   -0.34254E+02    0.42505E+01   -0.73882E+01   -0.13069E+00    0.64122E-01    0.46014E-01    0.10710E-04    0.11895E-02    0.10563E+01   -0.13382E+02    0.51809E+00
   -0.15364E-03    0.26489E-02   -0.30783E-03   -0.13259E-02   -0.15497E-02   -0.45096E-01    0.65482E-02    0.15785E-01   -0.12943E+03    0.29014E+02    0.27406E+03   -0.22306E+02   -0.11020E+03    0.19276E+01    0.53331E-01   -0.16291E+01   -0.92310E+00    0.92018E-05   -0.28351E-02    0.56507E+00   -0.10538E+02    0.89426E+00
   -0.12428E-03   -0.47840E-05   -0.72826E-04   -0.32705E-02    0.26312E-02    0.36448E-01   -0.49116E-02   -0.10381E-01    0.69540E+02   -0.34254E+02   -0.22306E+02    0.29120E+02    0.13672E+02   -0.20989E+01    0.82723E-02    0.85122E-01    0.10211E+00   -0.12843E-04   -0.46288E-03    0.13462E+00   -0.71810E+00   -0.41825E+00
   -0.34292E-03    0.98296E-03   -0.21918E-03   -0.54069E-02    0.82219E-02    0.87686E-01   -0.10683E-01   -0.13918E-01    0.10037E+03    0.42505E+01   -0.11020E+03    0.13672E+02    0.56779E+02   -0.10176E+01    0.20750E-01    0.75493E+00    0.56264E+00   -0.82351E-06    0.13815E-02   -0.29499E+00   -0.13815E+01   -0.25788E+00
    0.21668E-04   -0.68424E-04   -0.96978E-05   -0.12649E-03   -0.20157E-03    0.24068E-02   -0.21266E-03   -0.12224E-02   -0.67851E+02   -0.73882E+01    0.19276E+01   -0.20989E+01   -0.10176E+01    0.75525E+01    0.42374E-01    0.26056E+00   -0.34890E-01    0.10818E-04   -0.13926E-03   -0.43233E-01    0.25365E-02    0.16829E+00
    0.26265E-06    0.22038E-05    0.58420E-06    0.19416E-04   -0.18492E-04   -0.16392E-03    0.27663E-04    0.75684E-04   -0.77920E+00   -0.13069E+00    0.53331E-01    0.82723E-02    0.20750E-01    0.42374E-01    0.64662E-02   -0.53337E-02    0.43395E-02    0.29265E-07   -0.81684E-05    0.40976E-02   -0.10199E-01    0.36419E-02
   -0.62118E-05    0.12692E-04   -0.53096E-05   -0.17622E-03    0.17322E-03    0.15706E-02   -0.25513E-03   -0.49883E-03   -0.30396E+00    0.64122E-01   -0.16291E+01    0.85122E-01    0.75493E+00    0.26056E+00   -0.53337E-02    0.49811E-01   -0.43785E-02    0.12358E-05    0.36407E-04    0.14211E-03   -0.28316E-01   -0.61819E-02
   -0.12299E-05    0.85500E-05   -0.27229E-06    0.83462E-07    0.25078E-04    0.53435E-03   -0.20239E-04    0.38992E-04    0.87901E+00    0.46014E-01   -0.92310E+00    0.10211E+00    0.56264E+00   -0.34890E-01    0.43395E-02   -0.43785E-02    0.15632E-01    0.18468E-06   -0.18731E-05   -0.16866E-02   -0.55209E-02    0.80061E-02
    0.21680E-08   -0.26644E-07    0.52042E-08    0.30797E-07   -0.83110E-07   -0.43833E-06    0.21527E-07    0.49191E-07    0.84398E-03    0.10710E-04    0.92018E-05   -0.12843E-04   -0.82351E-06    0.10818E-04    0.29265E-07    0.12358E-05    0.18468E-06    0.15637E-06    0.46899E-08    0.34818E-06   -0.21209E-05   -0.16702E-04
   -0.19998E-07    0.18127E-06   -0.22239E-07   -0.37291E-06    0.75065E-06    0.23288E-05   -0.18146E-06    0.22373E-06   -0.64033E-03    0.11895E-02   -0.28351E-02   -0.46288E-03    0.13815E-02   -0.13926E-03   -0.81684E-05    0.36407E-04   -0.18731E-05    0.46899E-08    0.18697E-05   -0.14698E-05   -0.27975E-05    0.10236E-03
    0.22276E-05   -0.73342E-05    0.12827E-05    0.40967E-04   -0.31854E-04   -0.68050E-03    0.95250E-04    0.12101E-03   -0.33460E+00    0.10563E+01    0.56507E+00    0.13462E+00   -0.29499E+00   -0.43233E-01    0.40976E-02    0.14211E-03   -0.16866E-02    0.34818E-06   -0.14698E-05    0.82259E-01    0.57794E-02    0.17784E-02
   -0.68037E-04    0.10789E-03   -0.56170E-04   -0.10296E-02    0.24641E-02    0.22654E-01   -0.30181E-02   -0.37921E-02   -0.17042E+02   -0.13382E+02   -0.10538E+02   -0.71810E+00   -0.13815E+01    0.25365E-02   -0.10199E-01   -0.28316E-01   -0.55209E-02   -0.21209E-05   -0.27975E-05    0.57794E-02    0.81085E+01   -0.29349E-01
   -0.15516E-04    0.21646E-03   -0.25652E-04   -0.42575E-03    0.42181E-03    0.19815E-02   -0.35879E-03    0.26075E-03    0.17346E+02    0.51809E+00    0.89426E+00   -0.41825E+00   -0.25788E+00    0.16829E+00    0.36419E-02   -0.61819E-02    0.80061E-02   -0.16702E-04    0.10236E-03    0.17784E-02   -0.29349E-01    0.31788E+00
