# omegabh2 omegach2 theta tau meffsterile nnu logA ns calPlanck acib217 xi asz143 aps100 aps143 aps143217 aps217 aksz kgal100 kgal143 kgal143217 kgal217 cal0 cal2
    0.6010575E-07    0.2675239E-06   -0.2141986E-08    0.2165122E-05    0.2548954E-05    0.2493111E-04    0.4867099E-05    0.1387709E-05    0.1038635E-07   -0.5686172E-04    0.1247711E-05    0.1915601E-04   -0.2364311E-03   -0.1939528E-03   -0.6088760E-04   -0.1533957E-04   -0.2033454E-04    0.5319687E-05    0.6447001E-05   -0.1537508E-05    0.1751111E-04    0.3220743E-08   -0.6447615E-09
    0.2675239E-06    0.1656189E-04   -0.1078426E-05    0.1047577E-04   -0.4026513E-03    0.6745818E-03    0.4649679E-04    0.2403371E-04   -0.2145262E-06    0.4814361E-02   -0.6866594E-04   -0.1068996E-02    0.1804521E-01    0.8283059E-02    0.8097866E-03   -0.3215174E-02    0.1882015E-02    0.2077636E-03    0.1927594E-04    0.3549316E-03   -0.7945414E-03   -0.2971473E-07    0.5190482E-06
   -0.2141986E-08   -0.1078426E-05    0.2524688E-06   -0.1036047E-06    0.1528777E-04   -0.5312184E-04   -0.1936455E-05   -0.1652921E-05    0.2510310E-07   -0.3726686E-03    0.5523710E-05    0.7369843E-04   -0.1264824E-02   -0.6920078E-03   -0.1197485E-03    0.1836581E-03   -0.1457354E-03   -0.1360108E-04    0.6395108E-06   -0.3505168E-04    0.8725178E-04    0.4737062E-08   -0.3348886E-07
    0.2165122E-05    0.1047577E-04   -0.1036047E-06    0.4001442E-03    0.3695219E-03    0.1309639E-02    0.8034134E-03    0.8704187E-04   -0.2764993E-05   -0.6669410E-02    0.1543194E-03    0.1541117E-02   -0.2403700E-01   -0.7734638E-02    0.3521004E-02    0.7308576E-02   -0.2912148E-02   -0.2593937E-03   -0.1768394E-04   -0.3822701E-03    0.5262634E-03    0.8923465E-07   -0.7087412E-06
    0.2548954E-05   -0.4026513E-03    0.1528777E-04    0.3695219E-03    0.3353177E-01   -0.4201642E-02    0.4504483E-03   -0.2812476E-03    0.1299370E-04   -0.6299390E-01    0.1541179E-02    0.1040794E-01   -0.2044662E+00   -0.5600987E-01    0.4122928E-01    0.8837745E-01   -0.1958114E-01   -0.1152217E-02    0.2106648E-02   -0.3793630E-02    0.9958400E-02   -0.1752187E-06   -0.7575307E-05
    0.2493111E-04    0.6745818E-03   -0.5312184E-04    0.1309639E-02   -0.4201642E-02    0.4052918E-01    0.3778617E-02    0.1645721E-02   -0.5385611E-05    0.2458414E+00   -0.3182806E-02   -0.5595727E-01    0.9311017E+00    0.4302366E+00    0.5232107E-01   -0.1514343E+00    0.9964331E-01    0.1163091E-01    0.3870769E-02    0.1843302E-01   -0.4520867E-01   -0.1668962E-05    0.2531803E-04
    0.4867099E-05    0.4649679E-04   -0.1936455E-05    0.8034134E-03    0.4504483E-03    0.3778617E-02    0.1691177E-02    0.2072512E-03    0.7049900E-05   -0.5984570E-02    0.2629482E-03    0.1299892E-02   -0.1298100E-01    0.1657990E-02    0.1320617E-01    0.1717930E-01   -0.3608196E-02   -0.3455350E-03   -0.6467204E-03   -0.7108848E-03    0.1503488E-02    0.4124399E-06   -0.7013504E-06
    0.1387709E-05    0.2403371E-04   -0.1652921E-05    0.8704187E-04   -0.2812476E-03    0.1645721E-02    0.2072512E-03    0.9112157E-04   -0.1893404E-06    0.4053944E-02   -0.2308095E-04   -0.7541394E-03    0.9538280E-02    0.9224082E-02    0.4558586E-02    0.7033209E-03    0.7783374E-03    0.6316920E-03    0.4417099E-04    0.2886502E-03   -0.1108566E-02   -0.2675313E-06    0.4270651E-06
    0.1038635E-07   -0.2145262E-06    0.2510310E-07   -0.2764993E-05    0.1299370E-04   -0.5385611E-05    0.7049900E-05   -0.1893404E-06    0.6366644E-05    0.5873590E-03    0.7563919E-05    0.1721745E-04    0.3204370E-02    0.8119271E-03    0.7900794E-03    0.1654872E-02   -0.3731710E-04    0.1109146E-04   -0.4381909E-04   -0.6943404E-04    0.6717793E-03    0.6168505E-08   -0.4517477E-07
   -0.5686172E-04    0.4814361E-02   -0.3726686E-03   -0.6669410E-02   -0.6299390E-01    0.2458414E+00   -0.5984570E-02    0.4053944E-02    0.5873590E-03    0.5139243E+02   -0.4835691E+00   -0.1891264E+01    0.4994253E+02    0.4215526E+01   -0.2017879E+02   -0.6852928E+02    0.1060755E+01   -0.1791807E+00    0.3826689E+00   -0.2844354E+01   -0.2575355E+02   -0.1889004E-03    0.4689313E-02
    0.1247711E-05   -0.6866594E-04    0.5523710E-05    0.1543194E-03    0.1541179E-02   -0.3182806E-02    0.2629482E-03   -0.2308095E-04    0.7563919E-05   -0.4835691E+00    0.8148556E-01   -0.7669761E-01   -0.4174208E+00    0.8726243E+00    0.1635135E+01    0.7030638E+00    0.7139585E-01   -0.4451200E-02    0.2912369E-02    0.7239507E-01    0.9170361E-01    0.5683085E-05   -0.1914246E-04
    0.1915601E-04   -0.1068996E-02    0.7369843E-04    0.1541117E-02    0.1040794E-01   -0.5595727E-01    0.1299892E-02   -0.7541394E-03    0.1721745E-04   -0.1891264E+01   -0.7669761E-01    0.3948496E+01   -0.3104116E+02   -0.4438671E+01    0.7832424E+01    0.7177255E+01   -0.3143524E+01   -0.2312077E+00    0.4087086E-01    0.2371381E+01    0.1999422E+01    0.1937909E-03   -0.4149333E-03
   -0.2364311E-03    0.1804521E-01   -0.1264824E-02   -0.2403700E-01   -0.2044662E+00    0.9311017E+00   -0.1298100E-01    0.9538280E-02    0.3204370E-02    0.4994253E+02   -0.4174208E+00   -0.3104116E+02    0.7472938E+03    0.7892676E+02   -0.5764460E+02   -0.7864529E+02    0.1802027E+02   -0.2609918E+00    0.6749999E+00   -0.1157870E+02   -0.2004033E+02    0.4740777E-02    0.5168885E-02
   -0.1939528E-03    0.8283059E-02   -0.6920078E-03   -0.7734638E-02   -0.5600987E-01    0.4302366E+00    0.1657990E-02    0.9224082E-02    0.8119271E-03    0.4215526E+01    0.8726243E+00   -0.4438671E+01    0.7892676E+02    0.6400017E+02    0.4120179E+02    0.1559133E+02   -0.3462865E+01   -0.2478907E+00   -0.1036447E+01    0.4034592E+01    0.3434441E+01    0.1420150E-03    0.5608569E-03
   -0.6088760E-04    0.8097866E-03   -0.1197485E-03    0.3521004E-02    0.4122928E-01    0.5232107E-01    0.1320617E-01    0.4558586E-02    0.7900794E-03   -0.2017879E+02    0.1635135E+01    0.7832424E+01   -0.5764460E+02    0.4120179E+02    0.8999686E+02    0.6643136E+02   -0.1281816E+02   -0.7295073E+00   -0.6005277E+00    0.4369409E+01    0.5828659E+01    0.7036161E-03   -0.2540248E-02
   -0.1533957E-04   -0.3215174E-02    0.1836581E-03    0.7308576E-02    0.8837745E-01   -0.1514343E+00    0.1717930E-01    0.7033209E-03    0.1654872E-02   -0.6852928E+02    0.7030638E+00    0.7177255E+01   -0.7864529E+02    0.1559133E+02    0.6643136E+02    0.1300172E+03   -0.1173120E+02   -0.2617112E+00   -0.8510382E+00    0.6293329E+00    0.2287463E+02    0.6122861E-03   -0.8020420E-02
   -0.2033454E-04    0.1882015E-02   -0.1457354E-03   -0.2912148E-02   -0.1958114E-01    0.9964331E-01   -0.3608196E-02    0.7783374E-03   -0.3731710E-04    0.1060755E+01    0.7139585E-01   -0.3143524E+01    0.1802027E+02   -0.3462865E+01   -0.1281816E+02   -0.1173120E+02    0.7037426E+01    0.2067366E+00    0.1665346E-02   -0.2021464E+01   -0.1669729E+01   -0.1381994E-03    0.2738147E-03
    0.5319687E-05    0.2077636E-03   -0.1360108E-04   -0.2593937E-03   -0.1152217E-02    0.1163091E-01   -0.3455350E-03    0.6316920E-03    0.1109146E-04   -0.1791807E+00   -0.4451200E-02   -0.2312077E+00   -0.2609918E+00   -0.2478907E+00   -0.7295073E+00   -0.2617112E+00    0.2067366E+00    0.3182170E+01    0.7306746E+00    0.2847762E+00    0.5245528E+00    0.4046187E-03   -0.1344148E-04
    0.6447001E-05    0.1927594E-04    0.6395108E-06   -0.1768394E-04    0.2106648E-02    0.3870769E-02   -0.6467204E-03    0.4417099E-04   -0.4381909E-04    0.3826689E+00    0.2912369E-02    0.4087086E-01    0.6749999E+00   -0.1036447E+01   -0.6005277E+00   -0.8510382E+00    0.1665346E-02    0.7306746E+00    0.3121394E+01    0.2376616E+01    0.1322588E+01   -0.4087217E-03   -0.2113831E-03
   -0.1537508E-05    0.3549316E-03   -0.3505168E-04   -0.3822701E-03   -0.3793630E-02    0.1843302E-01   -0.7108848E-03    0.2886502E-03   -0.6943404E-04   -0.2844354E+01    0.7239507E-01    0.2371381E+01   -0.1157870E+02    0.4034592E+01    0.4369409E+01    0.6293329E+00   -0.2021464E+01    0.2847762E+00    0.2376616E+01    0.1763853E+02    0.2698934E+02   -0.6860265E-04    0.2465648E-02
    0.1751111E-04   -0.7945414E-03    0.8725178E-04    0.5262634E-03    0.9958400E-02   -0.4520867E-01    0.1503488E-02   -0.1108566E-02    0.6717793E-03   -0.2575355E+02    0.9170361E-01    0.1999422E+01   -0.2004033E+02    0.3434441E+01    0.5828659E+01    0.2287463E+02   -0.1669729E+01    0.5245528E+00    0.1322588E+01    0.2698934E+02    0.6206371E+02   -0.2537359E-04    0.4319010E-02
    0.3220743E-08   -0.2971473E-07    0.4737062E-08    0.8923465E-07   -0.1752187E-06   -0.1668962E-05    0.4124399E-06   -0.2675313E-06    0.6168505E-08   -0.1889004E-03    0.5683085E-05    0.1937909E-03    0.4740777E-02    0.1420150E-03    0.7036161E-03    0.6122861E-03   -0.1381994E-03    0.4046187E-03   -0.4087217E-03   -0.6860265E-04   -0.2537359E-04    0.5415549E-06    0.6999703E-08
   -0.6447615E-09    0.5190482E-06   -0.3348886E-07   -0.7087412E-06   -0.7575307E-05    0.2531803E-04   -0.7013504E-06    0.4270651E-06   -0.4517477E-07    0.4689313E-02   -0.1914246E-04   -0.4149333E-03    0.5168885E-02    0.5608569E-03   -0.2540248E-02   -0.8020420E-02    0.2738147E-03   -0.1344148E-04   -0.2113831E-03    0.2465648E-02    0.4319010E-02    0.6999703E-08    0.2106437E-05
