# omegabh2 omegach2 theta tau ns logA aps100 aps143 aps217 acib143 acib217 asz143 psr cibr cal0 cal2 xi aksz bm_1_1
    0.69450E-07   -0.20121E-06    0.56767E-07    0.35200E-05    0.82161E-06    0.66889E-05   -0.95098E-03   -0.46352E-03   -0.28800E-03   -0.16574E-03   -0.17922E-03    0.18904E-05   -0.29418E-07   -0.27154E-05    0.58524E-09   -0.11262E-08   -0.36341E-06   -0.40015E-04   -0.19013E-04
   -0.20121E-06    0.33683E-05   -0.20509E-06   -0.24127E-04   -0.85761E-05   -0.39828E-04    0.36566E-02    0.13878E-02    0.10422E-02    0.40259E-03    0.44007E-03    0.12888E-04   -0.41033E-06    0.95234E-05   -0.53325E-08    0.75942E-08    0.69609E-07    0.11116E-03    0.11574E-03
    0.56767E-07   -0.20509E-06    0.33877E-06    0.38680E-05    0.11086E-05    0.75950E-05   -0.52870E-03   -0.27599E-03   -0.16712E-03   -0.92039E-04   -0.71474E-04    0.43261E-05    0.23600E-07    0.90248E-06    0.40250E-08    0.80208E-08   -0.24254E-07   -0.20148E-04   -0.12259E-05
    0.35200E-05   -0.24127E-04    0.38680E-05    0.11393E-02    0.12089E-03    0.22156E-02   -0.10017E+00   -0.10807E-01    0.11357E-01   -0.24039E-01   -0.33389E-01   -0.19506E-02    0.12820E-04   -0.92900E-03   -0.88702E-07    0.48770E-06    0.78399E-04   -0.63771E-02   -0.23460E-02
    0.82161E-06   -0.85761E-05    0.11086E-05    0.12089E-03    0.43511E-04    0.21854E-03   -0.27271E-01    0.27490E-02    0.11066E-01   -0.76689E-02   -0.11280E-01   -0.53409E-03    0.57784E-05   -0.26828E-03   -0.42207E-07    0.97742E-08    0.30008E-04   -0.22405E-02   -0.54826E-03
    0.66889E-05   -0.39828E-04    0.75950E-05    0.22156E-02    0.21854E-03    0.43335E-02   -0.18252E+00   -0.99706E-02    0.34413E-01   -0.49479E-01   -0.69980E-01   -0.44037E-02    0.26762E-04   -0.19850E-02   -0.93907E-07    0.12992E-05    0.18738E-03   -0.13241E-01   -0.40349E-02
   -0.95098E-03    0.36566E-02   -0.52870E-03   -0.10017E+00   -0.27271E-01   -0.18252E+00    0.26421E+04    0.18667E+03    0.10658E+03    0.10581E+03   -0.20004E+02   -0.26494E+02    0.49735E-01   -0.52381E+01    0.85807E-03    0.35645E-02    0.21238E+01   -0.52572E+01    0.11206E+02
   -0.46352E-03    0.13878E-02   -0.27599E-03   -0.10807E-01    0.27490E-02   -0.99706E-02    0.18667E+03    0.15707E+03    0.11658E+03   -0.29385E+02   -0.39591E+02   -0.46662E+01    0.32990E-01   -0.13276E+01   -0.36396E-04    0.23194E-03    0.35816E+00   -0.57317E+01    0.90877E-01
   -0.28800E-03    0.10422E-02   -0.16712E-03    0.11357E-01    0.11066E-01    0.34413E-01    0.10658E+03    0.11658E+03    0.20851E+03   -0.27591E+02   -0.80122E+02   -0.37950E+01    0.42404E-01   -0.19995E+01    0.74666E-04   -0.44740E-02    0.36685E+00   -0.61202E+01    0.24493E+00
   -0.16574E-03    0.40259E-03   -0.92039E-04   -0.24039E-01   -0.76689E-02   -0.49479E-01    0.10581E+03   -0.29385E+02   -0.27591E+02    0.29393E+02    0.16247E+02   -0.10355E+01   -0.67118E-02   -0.18315E-01   -0.71768E-04   -0.12649E-03    0.19838E+00   -0.10600E+00   -0.56926E+00
   -0.17922E-03    0.44007E-03   -0.71474E-04   -0.33389E-01   -0.11280E-01   -0.69980E-01   -0.20004E+02   -0.39591E+02   -0.80122E+02    0.16247E+02    0.41860E+02    0.19731E+01   -0.17132E-01    0.10363E+01   -0.19989E-04    0.23531E-02   -0.16082E+00   -0.11326E+00   -0.50027E-01
    0.18904E-05    0.12888E-04    0.43261E-05   -0.19506E-02   -0.53409E-03   -0.44037E-02   -0.26494E+02   -0.46662E+01   -0.37950E+01   -0.10355E+01    0.19731E+01    0.66074E+00   -0.16072E-02    0.15111E+00    0.74943E-05   -0.13519E-03   -0.45667E-01   -0.40615E-01    0.97655E-01
   -0.29418E-07   -0.41033E-06    0.23600E-07    0.12820E-04    0.57784E-05    0.26762E-04    0.49735E-01    0.32990E-01    0.42404E-01   -0.67118E-02   -0.17132E-01   -0.16072E-02    0.17503E-03   -0.52767E-03   -0.65262E-07   -0.23202E-06    0.14266E-03   -0.15716E-02   -0.34599E-04
   -0.27154E-05    0.95234E-05    0.90248E-06   -0.92900E-03   -0.26828E-03   -0.19850E-02   -0.52381E+01   -0.13276E+01   -0.19995E+01   -0.18315E-01    0.10363E+01    0.15111E+00   -0.52767E-03    0.55995E-01    0.69637E-06    0.24465E-04   -0.90434E-02   -0.86587E-02    0.17443E-01
    0.58524E-09   -0.53325E-08    0.40250E-08   -0.88702E-07   -0.42207E-07   -0.93907E-07    0.85807E-03   -0.36396E-04    0.74666E-04   -0.71768E-04   -0.19989E-04    0.74943E-05   -0.65262E-07    0.69637E-06    0.16171E-06    0.55211E-08    0.50610E-06   -0.61343E-05   -0.23783E-04
   -0.11262E-08    0.75942E-08    0.80208E-08    0.48770E-06    0.97742E-08    0.12992E-05    0.35645E-02    0.23194E-03   -0.44740E-02   -0.12649E-03    0.23531E-02   -0.13519E-03   -0.23202E-06    0.24465E-04    0.55211E-08    0.93421E-06   -0.81998E-07    0.20664E-04   -0.11080E-05
   -0.36341E-06    0.69609E-07   -0.24254E-07    0.78399E-04    0.30008E-04    0.18738E-03    0.21238E+01    0.35816E+00    0.36685E+00    0.19838E+00   -0.16082E+00   -0.45667E-01    0.14266E-03   -0.90434E-02    0.50610E-06   -0.81998E-07    0.19415E-01    0.64613E-03   -0.55542E-02
   -0.40015E-04    0.11116E-03   -0.20148E-04   -0.63771E-02   -0.22405E-02   -0.13241E-01   -0.52572E+01   -0.57317E+01   -0.61202E+01   -0.10600E+00   -0.11326E+00   -0.40615E-01   -0.15716E-02   -0.86587E-02   -0.61343E-05    0.20664E-04    0.64613E-03    0.19290E+01   -0.28244E-01
   -0.19013E-04    0.11574E-03   -0.12259E-05   -0.23460E-02   -0.54826E-03   -0.40349E-02    0.11206E+02    0.90877E-01    0.24493E+00   -0.56926E+00   -0.50027E-01    0.97655E-01   -0.34599E-04    0.17443E-01   -0.23783E-04   -0.11080E-05   -0.55542E-02   -0.28244E-01    0.61732E+00
