# omegabh2 omegach2 theta tau ns logA aps100 aps143 aps217 acib143 acib217 asz143 psr cibr cal0 cal2 xi aksz bm_1_1
    0.72413E-07   -0.33806E-06    0.69347E-07    0.11381E-05    0.10350E-05    0.16278E-05   -0.78645E-03   -0.48181E-03   -0.35100E-03   -0.73331E-04   -0.12947E-03   -0.70285E-05   -0.29535E-08   -0.49071E-05   -0.17434E-08    0.38766E-08    0.19299E-05   -0.21727E-04   -0.25438E-04
   -0.33806E-06    0.57933E-05   -0.54401E-06   -0.10707E-04   -0.13581E-04   -0.73000E-05    0.14853E-02    0.22839E-02    0.26847E-02   -0.11831E-03   -0.33691E-04    0.94252E-05   -0.38532E-06    0.81335E-05   -0.95492E-08   -0.31038E-07   -0.93602E-05   -0.10917E-04    0.15068E-03
    0.69347E-07   -0.54401E-06    0.37072E-06    0.16504E-05    0.18457E-05    0.23383E-05    0.22688E-04   -0.37822E-03   -0.36240E-03    0.43831E-04   -0.38635E-04   -0.93914E-05   -0.16793E-06   -0.41352E-05    0.53294E-09    0.33948E-08    0.23652E-05    0.19167E-05   -0.14530E-04
    0.11381E-05   -0.10707E-04    0.16504E-05    0.21606E-03    0.37785E-04    0.40652E-03    0.61805E-02   -0.13156E-02    0.47667E-02   -0.39203E-02   -0.85206E-02   -0.64930E-03    0.96254E-05   -0.28968E-03   -0.14323E-06   -0.48231E-09    0.73900E-04   -0.13709E-02   -0.62868E-03
    0.10350E-05   -0.13581E-04    0.18457E-05    0.37785E-04    0.50965E-04    0.41285E-04   -0.19520E-01    0.27920E-02    0.81765E-02   -0.49265E-02   -0.93190E-02   -0.65540E-03    0.48351E-05   -0.27867E-03   -0.11590E-06    0.16733E-07    0.56721E-04   -0.16598E-02   -0.69498E-03
    0.16278E-05   -0.73000E-05    0.23383E-05    0.40652E-03    0.41285E-04    0.80319E-03    0.24110E-01    0.11105E-01    0.25716E-01   -0.10394E-01   -0.21694E-01   -0.18562E-02    0.20614E-04   -0.72083E-03   -0.27822E-06    0.20861E-06    0.16204E-03   -0.35980E-02   -0.56806E-03
   -0.78645E-03    0.14853E-02    0.22688E-04    0.61805E-02   -0.19520E-01    0.24110E-01    0.28573E+04    0.21529E+03    0.13760E+03    0.10906E+03   -0.35678E+02   -0.29171E+02    0.57722E-01   -0.52730E+01    0.88566E-03    0.30828E-02    0.34173E+01   -0.72799E+01    0.11692E+02
   -0.48181E-03    0.22839E-02   -0.37822E-03   -0.13156E-02    0.27920E-02    0.11105E-01    0.21529E+03    0.16927E+03    0.13011E+03   -0.33309E+02   -0.47003E+02   -0.50533E+01    0.31964E-01   -0.13661E+01   -0.10424E-03    0.62807E-04    0.47646E+00   -0.57977E+01    0.45659E+00
   -0.35100E-03    0.26847E-02   -0.36240E-03    0.47667E-02    0.81765E-02    0.25716E-01    0.13760E+03    0.13011E+03    0.22335E+03   -0.30724E+02   -0.87500E+02   -0.41722E+01    0.43793E-01   -0.20152E+01    0.64094E-04   -0.48392E-02    0.53811E+00   -0.62708E+01    0.27753E+00
   -0.73331E-04   -0.11831E-03    0.43831E-04   -0.39203E-02   -0.49265E-02   -0.10394E-01    0.10906E+03   -0.33309E+02   -0.30724E+02    0.30467E+02    0.16794E+02   -0.10266E+01   -0.60956E-02   -0.21688E-02    0.12717E-04   -0.28650E-03    0.27561E+00   -0.43686E+00   -0.61253E+00
   -0.12947E-03   -0.33691E-04   -0.38635E-04   -0.85206E-02   -0.93190E-02   -0.21694E-01   -0.35678E+02   -0.47003E+02   -0.87500E+02    0.16794E+02    0.44804E+02    0.22458E+01   -0.18135E-01    0.10602E+01   -0.60911E-06    0.24721E-02   -0.27208E+00   -0.27649E+00    0.62743E-01
   -0.70285E-05    0.94252E-05   -0.93914E-05   -0.64930E-03   -0.65540E-03   -0.18562E-02   -0.29171E+02   -0.50533E+01   -0.41722E+01   -0.10266E+01    0.22458E+01    0.70090E+00   -0.15814E-02    0.15051E+00    0.16643E-04   -0.12752E-03   -0.66058E-01   -0.42261E-01    0.79716E-01
   -0.29535E-08   -0.38532E-06   -0.16793E-06    0.96254E-05    0.48351E-05    0.20614E-04    0.57722E-01    0.31964E-01    0.43793E-01   -0.60956E-02   -0.18135E-01   -0.15814E-02    0.18254E-03   -0.54474E-03    0.10763E-07   -0.43968E-06    0.20965E-03   -0.13567E-02   -0.97764E-04
   -0.49071E-05    0.81335E-05   -0.41352E-05   -0.28968E-03   -0.27867E-03   -0.72083E-03   -0.52730E+01   -0.13661E+01   -0.20152E+01   -0.21688E-02    0.10602E+01    0.15051E+00   -0.54474E-03    0.52019E-01    0.49574E-05    0.26292E-04   -0.12490E-01   -0.10342E-01    0.14153E-01
   -0.17434E-08   -0.95492E-08    0.53294E-09   -0.14323E-06   -0.11590E-06   -0.27822E-06    0.88566E-03   -0.10424E-03    0.64094E-04    0.12717E-04   -0.60911E-06    0.16643E-04    0.10763E-07    0.49574E-05    0.16516E-06    0.17274E-08    0.36787E-05    0.75314E-05   -0.27813E-04
    0.38766E-08   -0.31038E-07    0.33948E-08   -0.48231E-09    0.16733E-07    0.20861E-06    0.30828E-02    0.62807E-04   -0.48392E-02   -0.28650E-03    0.24721E-02   -0.12752E-03   -0.43968E-06    0.26292E-04    0.17274E-08    0.97000E-06   -0.10327E-04    0.75045E-04    0.20267E-04
    0.19299E-05   -0.93602E-05    0.23652E-05    0.73900E-04    0.56721E-04    0.16204E-03    0.34173E+01    0.47646E+00    0.53811E+00    0.27561E+00   -0.27208E+00   -0.66058E-01    0.20965E-03   -0.12490E-01    0.36787E-05   -0.10327E-04    0.29881E-01    0.29944E-02   -0.72230E-02
   -0.21727E-04   -0.10917E-04    0.19167E-05   -0.13709E-02   -0.16598E-02   -0.35980E-02   -0.72799E+01   -0.57977E+01   -0.62708E+01   -0.43686E+00   -0.27649E+00   -0.42261E-01   -0.13567E-02   -0.10342E-01    0.75314E-05    0.75045E-04    0.29944E-02    0.19880E+01   -0.52186E-01
   -0.25438E-04    0.15068E-03   -0.14530E-04   -0.62868E-03   -0.69498E-03   -0.56806E-03    0.11692E+02    0.45659E+00    0.27753E+00   -0.61253E+00    0.62743E-01    0.79716E-01   -0.97764E-04    0.14153E-01   -0.27813E-04    0.20267E-04   -0.72230E-02   -0.52186E-01    0.60118E+00
