# omegabh2 omegach2 theta tau logA ns r calPlanck aps100 asz143 aksz dust100 amp_143 amp_217 amp_143x217 n_143 n_217 n_143x217 cal0 cal2
  4.7116251E-08  -2.3510294E-07   4.4403712E-08   4.2690551E-07   4.9484763E-07   6.8451341E-07   4.7013299E-07   4.2155000E-08  -7.7305733E-04   3.7533569E-05  -4.9410478E-05   7.6117821E-07  -1.7206487E-04  -1.3156792E-04  -1.3453884E-04  -3.1662209E-06   1.0899879E-05   5.0016709E-06   8.7485250E-09  -7.2928327E-09
 -2.3510294E-07   4.4657931E-06  -4.4357009E-07  -4.1497974E-06   2.1613807E-06  -1.0110671E-05  -1.1386256E-05  -1.0974267E-07   7.2417500E-04   3.6811094E-06  -9.7552537E-05  -3.2573581E-06   6.1545136E-04   5.3098557E-04   5.5447728E-04   1.7203969E-05  -2.2443871E-06   6.2116738E-07  -5.7751504E-08  -2.5154237E-08
  4.4403712E-08  -4.4357009E-07   2.2965844E-07   6.4311074E-07   5.0240578E-07   1.2841997E-06   1.1311616E-06   2.9554253E-08  -2.0003880E-04   6.4414607E-06  -7.6203129E-06   1.3333732E-06  -8.4574664E-05  -6.2799689E-05  -7.1242000E-05  -2.7346743E-07   2.1955543E-07  -1.6788575E-06   1.2316792E-08   4.0041060E-09
  4.2690551E-07  -4.1497974E-06   6.4311074E-07   6.1866880E-05   1.1486055E-04   1.2925737E-05  -3.1576931E-06   2.1300730E-07  -1.6719901E-02   6.6684144E-04  -9.5155905E-04   2.2776646E-06  -2.5506124E-03  -1.8195223E-03  -1.8905419E-03   3.2619123E-05   2.1064971E-04   1.5563285E-04   8.8947247E-08  -1.5547600E-07
  4.9484763E-07   2.1613807E-06   5.0240578E-07   1.1486055E-04   2.6734628E-04   9.3715657E-07  -3.9658758E-05   1.3187061E-05  -3.1380278E-02   1.5716646E-03  -3.3694649E-03  -1.2764711E-05  -4.5238363E-03  -2.8707393E-03  -3.2368804E-03   4.0126671E-04   5.7550252E-04   6.0629461E-04   7.4526231E-07  -1.6790942E-07
  6.8451341E-07  -1.0110671E-05   1.2841997E-06   1.2925737E-05   9.3715657E-07   3.4932029E-05   4.1384775E-05   3.3142386E-07  -3.2480275E-02   9.7235307E-04  -1.8371837E-03   2.8021585E-05  -4.7698488E-03  -3.3609872E-03  -3.5810790E-03   1.1672786E-04   3.8293636E-04   4.0464144E-04  -3.8027693E-08  -8.1155256E-08
  4.7013299E-07  -1.1386256E-05   1.1311616E-06  -3.1576931E-06  -3.9658758E-05   4.1384775E-05   1.2685936E-03   3.0264578E-09  -3.3914557E-02   7.3091402E-04  -1.0818895E-03  -8.8831894E-05  -4.2533510E-03  -3.0104956E-03  -3.0095286E-03  -1.7104897E-04   2.2989515E-04   1.4968028E-04  -9.0374435E-07  -2.8672071E-07
  4.2155000E-08  -1.0974267E-07   2.9554253E-08   2.1300730E-07   1.3187061E-05   3.3142386E-07   3.0264578E-09   6.4053783E-06   3.8602133E-03  -8.8865697E-05  -4.8859269E-05   3.2594155E-06   8.3002303E-05  -1.1366102E-04  -1.1824204E-04  -9.5924724E-06   3.0613978E-05   2.0542431E-05  -3.9960170E-08  -5.3851754E-08
 -7.7305733E-04   7.2417500E-04  -2.0003880E-04  -1.6719901E-02  -3.1380278E-02  -3.2480275E-02  -3.3914557E-02   3.8602133E-03   7.1446075E+02  -2.9729007E+01   1.2790413E+01  -1.6940748E-01   3.5178227E+01   7.5429898E+00   8.9722848E+00  -3.3897289E+00  -2.0482692E+00  -2.7713845E+00   3.3153508E-03  -5.6999528E-04
  3.7533569E-05   3.6811094E-06   6.4414607E-06   6.6684144E-04   1.5716646E-03   9.7235307E-04   7.3091402E-04  -8.8865697E-05  -2.9729007E+01   4.4563849E+00  -3.6601009E+00  -6.6210199E-03  -1.3238182E+00   1.9126013E+00   2.0828292E+00   1.7014015E-01   6.9606572E-02  -9.7885647E-03   5.7917639E-04  -2.8258820E-04
 -4.9410478E-05  -9.7552537E-05  -7.6203129E-06  -9.5155905E-04  -3.3694649E-03  -1.8371837E-03  -1.0818895E-03  -4.8859269E-05   1.2790413E+01  -3.6601009E+00   7.4739711E+00   3.9417174E-03  -1.4163823E+00  -3.9869037E+00  -4.1419702E+00  -1.5617103E-01  -8.1351338E-02  -6.3167314E-02  -4.3180713E-04   2.7125874E-04
  7.6117821E-07  -3.2573581E-06   1.3333732E-06   2.2776646E-06  -1.2764711E-05   2.8021585E-05  -8.8831894E-05   3.2594155E-06  -1.6940748E-01  -6.6210199E-03   3.9417174E-03   3.8052615E-02   2.8147452E-03  -4.0696586E-03  -2.8435656E-03  -2.1626619E-03  -1.1431665E-03  -2.9372299E-03   3.8411136E-05   2.9120545E-07
 -1.7206487E-04   6.1545136E-04  -8.4574664E-05  -2.5506124E-03  -4.5238363E-03  -4.7698488E-03  -4.2533510E-03   8.3002303E-05   3.5178227E+01  -1.3238182E+00  -1.4163823E+00   2.8147452E-03   5.5098473E+00   3.1426436E+00   3.6289163E+00  -2.2721654E-01  -2.8896354E-01  -3.7373693E-01  -5.1137755E-04  -1.9936103E-04
 -1.3156792E-04   5.3098557E-04  -6.2799689E-05  -1.8195223E-03  -2.8707393E-03  -3.3609872E-03  -3.0104956E-03  -1.1366102E-04   7.5429898E+00   1.9126013E+00  -3.9869037E+00  -4.0696586E-03   3.1426436E+00   6.0197962E+00   5.2888606E+00   7.7146865E-02  -7.7725924E-01  -5.3261516E-01   1.5004574E-04   1.4722560E-03
 -1.3453884E-04   5.5447728E-04  -7.1242000E-05  -1.8905419E-03  -3.2368804E-03  -3.5810790E-03  -3.0095286E-03  -1.1824204E-04   8.9722848E+00   2.0828292E+00  -4.1419702E+00  -2.8435656E-03   3.6289163E+00   5.2888606E+00   5.4228189E+00  -6.7670135E-02  -5.3430885E-01  -4.5075506E-01   4.6907709E-07   5.2572528E-04
 -3.1662209E-06   1.7203969E-05  -2.7346743E-07   3.2619123E-05   4.0126671E-04   1.1672786E-04  -1.7104897E-04  -9.5924724E-06  -3.3897289E+00   1.7014015E-01  -1.5617103E-01  -2.1626619E-03  -2.2721654E-01   7.7146865E-02  -6.7670135E-02   2.2077988E-01  -4.5551758E-02   9.5541183E-02   2.1768030E-04   2.5427956E-04
  1.0899879E-05  -2.2443871E-06   2.1955543E-07   2.1064971E-04   5.7550252E-04   3.8293636E-04   2.2989515E-04   3.0613978E-05  -2.0482692E+00   6.9606572E-02  -8.1351338E-02  -1.1431665E-03  -2.8896354E-01  -7.7725924E-01  -5.3430885E-01  -4.5551758E-02   3.7137318E-01   1.8895377E-01  -1.2512497E-05  -6.5399086E-04
  5.0016709E-06   6.2116738E-07  -1.6788575E-06   1.5563285E-04   6.0629461E-04   4.0464144E-04   1.4968028E-04   2.0542431E-05  -2.7713845E+00  -9.7885647E-03  -6.3167314E-02  -2.9372299E-03  -3.7373693E-01  -5.3261516E-01  -4.5075506E-01   9.5541183E-02   1.8895377E-01   3.4742580E-01   9.7044408E-05  -1.6606867E-04
  8.7485250E-09  -5.7751504E-08   1.2316792E-08   8.8947247E-08   7.4526231E-07  -3.8027693E-08  -9.0374435E-07  -3.9960170E-08   3.3153508E-03   5.7917639E-04  -4.3180713E-04   3.8411136E-05  -5.1137755E-04   1.5004574E-04   4.6907709E-07   2.1768030E-04  -1.2512497E-05   9.7044408E-05   1.1384694E-06   2.2880447E-07
 -7.2928327E-09  -2.5154237E-08   4.0041060E-09  -1.5547600E-07  -1.6790942E-07  -8.1155256E-08  -2.8672071E-07  -5.3851754E-08  -5.6999528E-04  -2.8258820E-04   2.7125874E-04   2.9120545E-07  -1.9936103E-04   1.4722560E-03   5.2572528E-04   2.5427956E-04  -6.5399086E-04  -1.6606867E-04   2.2880447E-07   2.3532623E-06
