# omegabh2 omegach2 theta tau mnu nnu ns logA aps100 aps143 aps217 acib143 acib217 asz143 psr cibr ncib cal0 cal2 xi aksz bm_1_1
    0.25321E-06    0.13045E-05   -0.33082E-07    0.31910E-05   -0.83371E-04    0.16513E-03    0.89869E-05    0.10646E-04    0.12936E-02    0.31139E-03   -0.45511E-03    0.13490E-03    0.27947E-03    0.50954E-04   -0.41087E-06    0.99142E-05    0.13963E-05    0.40423E-08    0.31429E-07    0.10763E-05    0.68942E-04    0.23119E-04
    0.13045E-05    0.33365E-04   -0.32372E-05    0.13936E-04   -0.16086E-03    0.21544E-02    0.71601E-04    0.11536E-03    0.65384E-01    0.19097E-01   -0.24103E-02    0.58470E-02    0.96990E-02   -0.29394E-04   -0.87519E-05    0.22283E-03    0.60730E-04   -0.32780E-07    0.87228E-06   -0.50624E-04    0.20959E-02    0.64157E-03
   -0.33082E-07   -0.32372E-05    0.69275E-06   -0.84698E-06   -0.38693E-04   -0.18915E-03   -0.47540E-05   -0.95333E-05   -0.62708E-02   -0.23586E-02    0.10167E-03   -0.58739E-03   -0.10223E-02    0.32332E-04    0.28178E-05   -0.26726E-04   -0.53592E-05    0.88674E-08   -0.12281E-06    0.44633E-05   -0.25021E-03   -0.52106E-04
    0.31910E-05    0.13936E-04   -0.84698E-06    0.20338E-03   -0.68687E-03    0.23383E-02    0.14606E-03    0.44817E-03   -0.29952E-01    0.72839E-02    0.14765E-02   -0.38837E-02   -0.11653E-02   -0.78505E-03    0.47790E-04   -0.61051E-04    0.80906E-04    0.30039E-07    0.16658E-06   -0.61021E-04    0.15390E-02    0.80289E-04
   -0.83371E-04   -0.16086E-03   -0.38693E-04   -0.68687E-03    0.94784E-01   -0.38691E-01   -0.28666E-02   -0.24336E-02    0.84291E+00    0.68433E-02    0.81024E-01    0.10395E+00    0.67325E-01    0.13300E-01   -0.45041E-03    0.34402E-02   -0.13633E-02   -0.31282E-05    0.98496E-05   -0.14423E-02    0.27509E-01   -0.26561E-02
    0.16513E-03    0.21544E-02   -0.18915E-03    0.23383E-02   -0.38691E-01    0.18856E+00    0.80720E-02    0.10605E-01    0.46089E+01    0.13120E+01   -0.35945E+00    0.44472E+00    0.73019E+00    0.19591E-01   -0.11974E-02    0.19532E-01    0.35185E-02   -0.18523E-08    0.67181E-04   -0.18412E-02    0.16856E+00    0.41146E-01
    0.89869E-05    0.71601E-04   -0.47540E-05    0.14606E-03   -0.28666E-02    0.80720E-02    0.42090E-03    0.50299E-03    0.93781E-01    0.48978E-01   -0.36466E-02    0.73177E-02    0.17852E-01    0.45734E-03    0.82416E-05    0.49153E-03    0.13475E-03    0.29075E-07    0.22110E-05    0.59674E-04    0.39455E-02    0.15672E-02
    0.10646E-04    0.11536E-03   -0.95333E-05    0.44817E-03   -0.24336E-02    0.10605E-01    0.50299E-03    0.12232E-02    0.86559E-01    0.73956E-01    0.48318E-02    0.25002E-02    0.19125E-01   -0.31635E-02    0.10358E-03    0.28929E-03    0.37797E-03    0.13198E-06    0.26079E-05   -0.18780E-03    0.70882E-02    0.24276E-02
    0.12936E-02    0.65384E-01   -0.62708E-02   -0.29952E-01    0.84291E+00    0.46089E+01    0.93781E-01    0.86559E-01    0.27884E+04    0.41869E+02   -0.16018E+03    0.14384E+03    0.12873E+03   -0.66959E+02   -0.11567E+01    0.11039E+01    0.93569E+00   -0.73243E-04    0.17123E-02   -0.26733E+00   -0.15943E+02    0.88259E+01
    0.31139E-03    0.19097E-01   -0.23586E-02    0.72839E-02    0.68433E-02    0.13120E+01    0.48978E-01    0.73956E-01    0.41869E+02    0.21581E+03    0.76418E+02   -0.34739E+02   -0.14717E+02   -0.75348E+01   -0.23695E+00   -0.72456E-01   -0.21918E+00    0.28882E-03    0.52081E-02    0.14690E+01   -0.10661E+02    0.20146E+01
   -0.45511E-03   -0.24103E-02    0.10167E-03    0.14765E-02    0.81024E-01   -0.35945E+00   -0.36466E-02    0.48318E-02   -0.16018E+03    0.76418E+02    0.21472E+03   -0.40030E+02   -0.76376E+02    0.25968E+01   -0.48530E-01   -0.89273E+00   -0.99714E+00    0.32841E-03   -0.52153E-02    0.37447E+00   -0.10419E+02    0.11565E+01
    0.13490E-03    0.58470E-02   -0.58739E-03   -0.38837E-02    0.10395E+00    0.44472E+00    0.73177E-02    0.25002E-02    0.14384E+03   -0.34739E+02   -0.40030E+02    0.27754E+02    0.22425E+02   -0.19091E+01    0.23824E-02    0.31880E+00    0.20746E+00   -0.20034E-03   -0.11433E-02    0.12596E-01   -0.10814E+01   -0.93639E+00
    0.27947E-03    0.96990E-02   -0.10223E-02   -0.11653E-02    0.67325E-01    0.73019E+00    0.17852E-01    0.19125E-01    0.12873E+03   -0.14717E+02   -0.76376E+02    0.22425E+02    0.38424E+02   -0.16478E+01    0.61104E-01    0.45460E+00    0.49734E+00   -0.15401E-03    0.23321E-02   -0.18946E+00   -0.66953E+00   -0.41391E+00
    0.50954E-04   -0.29394E-04    0.32332E-04   -0.78505E-03    0.13300E-01    0.19591E-01    0.45734E-03   -0.31635E-02   -0.66959E+02   -0.75348E+01    0.25968E+01   -0.19091E+01   -0.16478E+01    0.77296E+01    0.42179E-01    0.24767E+00   -0.13572E+00    0.25054E-04   -0.12434E-04   -0.27898E-01   -0.87394E-01    0.12321E+00
   -0.41087E-06   -0.87519E-05    0.28178E-05    0.47790E-04   -0.45041E-03   -0.11974E-02    0.82416E-05    0.10358E-03   -0.11567E+01   -0.23695E+00   -0.48530E-01    0.23824E-02    0.61104E-01    0.42179E-01    0.74932E-02   -0.59135E-02    0.72089E-02    0.13875E-05   -0.29577E-04    0.34159E-02   -0.93410E-02    0.76805E-02
    0.99142E-05    0.22283E-03   -0.26726E-04   -0.61051E-04    0.34402E-02    0.19532E-01    0.49153E-03    0.28929E-03    0.11039E+01   -0.72456E-01   -0.89273E+00    0.31880E+00    0.45460E+00    0.24767E+00   -0.59135E-02    0.36271E-01   -0.10517E-01   -0.26104E-05    0.10263E-03    0.90402E-03   -0.24507E-01   -0.14681E-01
    0.13963E-05    0.60730E-04   -0.53592E-05    0.80906E-04   -0.13633E-02    0.35185E-02    0.13475E-03    0.37797E-03    0.93569E+00   -0.21918E+00   -0.99714E+00    0.20746E+00    0.49734E+00   -0.13572E+00    0.72089E-02   -0.10517E-01    0.19149E-01    0.42807E-06   -0.21386E-04   -0.20046E-02    0.85190E-02    0.48425E-02
    0.40423E-08   -0.32780E-07    0.88674E-08    0.30039E-07   -0.31282E-05   -0.18523E-08    0.29075E-07    0.13198E-06   -0.73243E-04    0.28882E-03    0.32841E-03   -0.20034E-03   -0.15401E-03    0.25054E-04    0.13875E-05   -0.26104E-05    0.42807E-06    0.15535E-06    0.57501E-09    0.35893E-05    0.31564E-04   -0.17784E-04
    0.31429E-07    0.87228E-06   -0.12281E-06    0.16658E-06    0.98496E-05    0.67181E-04    0.22110E-05    0.26079E-05    0.17123E-02    0.52081E-02   -0.52153E-02   -0.11433E-02    0.23321E-02   -0.12434E-04   -0.29577E-04    0.10263E-03   -0.21386E-04    0.57501E-09    0.16094E-05    0.27519E-05    0.76706E-05    0.78549E-04
    0.10763E-05   -0.50624E-04    0.44633E-05   -0.61021E-04   -0.14423E-02   -0.18412E-02    0.59674E-04   -0.18780E-03   -0.26733E+00    0.14690E+01    0.37447E+00    0.12596E-01   -0.18946E+00   -0.27898E-01    0.34159E-02    0.90402E-03   -0.20046E-02    0.35893E-05    0.27519E-05    0.82133E-01   -0.10771E-01    0.11039E-01
    0.68942E-04    0.20959E-02   -0.25021E-03    0.15390E-02    0.27509E-01    0.16856E+00    0.39455E-02    0.70882E-02   -0.15943E+02   -0.10661E+02   -0.10419E+02   -0.10814E+01   -0.66953E+00   -0.87394E-01   -0.93410E-02   -0.24507E-01    0.85190E-02    0.31564E-04    0.76706E-05   -0.10771E-01    0.82229E+01    0.69700E-01
    0.23119E-04    0.64157E-03   -0.52106E-04    0.80289E-04   -0.26561E-02    0.41146E-01    0.15672E-02    0.24276E-02    0.88259E+01    0.20146E+01    0.11565E+01   -0.93639E+00   -0.41391E+00    0.12321E+00    0.76805E-02   -0.14681E-01    0.48425E-02   -0.17784E-04    0.78549E-04    0.11039E-01    0.69700E-01    0.59591E+00
