# omegabh2 omegach2 theta tau omegak ns nrun logA r aps100 aps143 aps217 acib143 acib217 asz143 psr cibr ncib cal0 cal2 xi aksz bm_1_1 a_ps_act_148 a_ps_act_217 a_ps_spt_95 a_ps_spt_150 a_ps_spt_220 r_ps_spt_95x150 r_ps_spt_95x220 r_ps_150x220 act_dust_s act_dust_e cal_acts_148 cal_acts_217 cal_acte_148 cal_acte_217 cal_spt_95 cal_spt_150 cal_spt_220
    0.11214E-06   -0.54286E-06    0.11351E-06    0.23524E-05   -0.59108E-06    0.14407E-05   -0.16687E-05    0.39614E-05    0.93955E-05   -0.25459E-03   -0.50883E-03   -0.52225E-03    0.22308E-05    0.69047E-04    0.13839E-04   -0.62797E-06    0.31007E-07    0.11524E-05    0.21595E-08   -0.16069E-08   -0.36244E-05   -0.45541E-04   -0.74430E-05    0.94022E-05    0.39501E-04    0.23986E-04    0.18946E-04    0.49837E-04   -0.36875E-06   -0.48549E-06   -0.14477E-06   -0.43781E-06    0.25658E-06    0.28459E-06    0.32094E-06    0.29895E-06    0.33994E-06    0.67286E-06    0.63564E-06    0.42074E-06
   -0.54286E-06    0.80604E-05   -0.95522E-06   -0.13466E-04    0.76026E-05   -0.19366E-04    0.13698E-05   -0.78161E-05   -0.65954E-04    0.12606E-01    0.45372E-02    0.44856E-02    0.70878E-07   -0.47822E-03   -0.89703E-04    0.46131E-05    0.94514E-06   -0.67482E-05   -0.22981E-07    0.32575E-07    0.28365E-04    0.24082E-03    0.19661E-03   -0.56355E-04   -0.35651E-03   -0.15180E-03   -0.12411E-03   -0.40716E-03    0.37069E-05    0.47635E-05    0.13592E-06    0.51614E-05   -0.55639E-05   -0.26570E-05   -0.29761E-05   -0.26044E-05   -0.30099E-05   -0.46004E-05   -0.47627E-05   -0.31409E-05
    0.11351E-06   -0.95522E-06    0.43165E-06    0.23534E-05   -0.11372E-05    0.28212E-05   -0.72203E-06    0.28883E-05    0.10369E-04   -0.12913E-02   -0.58182E-03   -0.64517E-03    0.11446E-05    0.92944E-04    0.12985E-04   -0.31761E-06    0.45617E-07    0.13920E-05    0.46695E-08   -0.27703E-08   -0.32962E-05   -0.36913E-04   -0.25449E-04    0.91091E-05    0.30799E-04    0.18464E-04    0.16842E-04    0.35824E-04   -0.23854E-06   -0.10022E-06   -0.78629E-07   -0.85302E-06    0.13410E-05    0.37372E-06    0.38092E-06    0.33012E-06    0.42051E-06    0.63869E-06    0.65040E-06    0.53368E-06
    0.23524E-05   -0.13466E-04    0.23534E-05    0.26919E-03   -0.11566E-04    0.39519E-04   -0.75014E-04    0.52251E-03    0.19019E-03   -0.89201E-02   -0.42979E-02   -0.72736E-02    0.13697E-03    0.23000E-02    0.98360E-04    0.99816E-05    0.55347E-06    0.34421E-04    0.11214E-06    0.20017E-06   -0.38836E-04   -0.13016E-02   -0.65752E-04    0.23391E-03   -0.63376E-03    0.67552E-03    0.37916E-03   -0.17834E-04   -0.29650E-05   -0.10927E-04   -0.41028E-05   -0.35810E-05    0.67281E-05    0.26684E-05    0.31791E-05    0.24751E-05    0.38384E-05    0.11298E-04    0.84707E-05    0.75059E-05
   -0.59108E-06    0.76026E-05   -0.11372E-05   -0.11566E-04    0.11861E-04   -0.18836E-04    0.19459E-05   -0.57310E-05   -0.72048E-04    0.13385E-01    0.51676E-02    0.52552E-02   -0.21570E-05   -0.70989E-03   -0.11170E-03    0.36758E-05    0.11314E-05   -0.10162E-04   -0.22943E-07    0.29896E-07    0.35607E-04    0.37586E-03    0.19016E-03   -0.73278E-04   -0.34129E-03   -0.22726E-03   -0.14489E-03   -0.33353E-03    0.49590E-05    0.61093E-05    0.81155E-06    0.37493E-05   -0.69702E-05   -0.29951E-05   -0.34019E-05   -0.27736E-05   -0.35337E-05   -0.49112E-05   -0.52480E-05   -0.33582E-05
    0.14407E-05   -0.19366E-04    0.28212E-05    0.39519E-04   -0.18836E-04    0.64533E-04    0.28068E-05    0.28730E-04    0.20474E-03   -0.63108E-01   -0.26806E-01   -0.21930E-01    0.60678E-04    0.31297E-02    0.89929E-03   -0.39980E-04   -0.79930E-05    0.63613E-04   -0.20613E-08    0.26091E-06   -0.22011E-03   -0.20659E-02   -0.48208E-03    0.21415E-03    0.98146E-03    0.59979E-03    0.46008E-03    0.10244E-02   -0.16307E-04   -0.25769E-04   -0.19576E-05   -0.20743E-04    0.14312E-04    0.13125E-04    0.13124E-04    0.13098E-04    0.12754E-04    0.21679E-04    0.20308E-04    0.13943E-04
   -0.16687E-05    0.13698E-05   -0.72203E-06   -0.75014E-04    0.19459E-05    0.28068E-05    0.11670E-03   -0.17518E-03   -0.45599E-03   -0.61423E-01   -0.26932E-01   -0.19483E-01    0.30704E-04    0.17315E-02    0.93909E-03   -0.56427E-04   -0.86437E-05    0.42812E-04    0.16024E-07   -0.21982E-06   -0.19826E-03   -0.17669E-02   -0.77112E-03    0.10946E-03    0.21839E-02    0.24184E-03    0.34440E-03    0.13470E-02   -0.10246E-04   -0.13999E-04    0.13653E-06   -0.21134E-04    0.51185E-05    0.12691E-04    0.14134E-04    0.12844E-04    0.12364E-04    0.17820E-04    0.16679E-04    0.10123E-04
    0.39614E-05   -0.78161E-05    0.28883E-05    0.52251E-03   -0.57310E-05    0.28730E-04   -0.17518E-03    0.10731E-02    0.30489E-03    0.25061E-01    0.51247E-02   -0.70208E-03    0.24078E-03    0.38250E-02    0.16807E-04    0.37301E-04    0.13525E-05    0.65356E-04    0.22876E-06    0.12085E-05   -0.39306E-04   -0.21567E-02    0.10908E-02    0.27726E-03   -0.28890E-02    0.97813E-03    0.35066E-03   -0.18140E-02   -0.12237E-05   -0.17625E-04   -0.78689E-05    0.11605E-04   -0.65479E-05   -0.21232E-05   -0.33408E-05   -0.26291E-05   -0.16736E-05    0.10299E-04    0.32631E-05    0.51151E-05
    0.93955E-05   -0.65954E-04    0.10369E-04    0.19019E-03   -0.72048E-04    0.20474E-03   -0.45599E-03    0.30489E-03    0.62620E-02    0.65351E-01    0.33064E-01    0.21536E-01   -0.41398E-03   -0.63918E-03   -0.19179E-02    0.11419E-03    0.29918E-04   -0.34251E-04   -0.20140E-06    0.28912E-06    0.36291E-03    0.39277E-02    0.12813E-02    0.93829E-04   -0.41818E-02    0.65877E-03   -0.49764E-03   -0.14843E-02   -0.28252E-04   -0.19216E-04   -0.16675E-05    0.55840E-04   -0.44652E-04   -0.12982E-04   -0.21049E-04   -0.15660E-04   -0.12192E-04   -0.15810E-04   -0.21749E-04   -0.34334E-05
   -0.25459E-03    0.12606E-01   -0.12913E-02   -0.89201E-02    0.13385E-01   -0.63108E-01   -0.61423E-01    0.25061E-01    0.65351E-01    0.27927E+04    0.10073E+03    0.35972E+02   -0.54705E+00   -0.34785E+00   -0.11641E+02   -0.51594E-01   -0.67482E-01    0.48991E-01    0.79581E-03   -0.39435E-02    0.10825E+01    0.84515E+01    0.19392E+02    0.15693E+00   -0.52559E+01    0.51882E+01   -0.94167E+00   -0.19374E+01   -0.10977E+00   -0.43145E+00   -0.73820E-01    0.83206E-01   -0.15845E-01   -0.33184E-01   -0.10569E-01   -0.31799E-01   -0.31870E-02   -0.81345E-01   -0.46993E-01   -0.89948E-02
   -0.50883E-03    0.45372E-02   -0.58182E-03   -0.42979E-02    0.51676E-02   -0.26806E-01   -0.26932E-01    0.51247E-02    0.33064E-01    0.10073E+03    0.72962E+02    0.23953E+02    0.42854E-01   -0.16475E+01   -0.24360E+01    0.48799E-01    0.11155E-01   -0.62439E-01    0.22702E-04   -0.54302E-03    0.28714E+00    0.13983E+01    0.14023E+00    0.23876E+00   -0.13155E+01    0.89134E+00   -0.30587E+00   -0.58570E+00    0.33058E-02   -0.57156E-01   -0.29203E-01    0.35542E-01    0.32292E-01   -0.16610E-01   -0.10923E-01   -0.17401E-01   -0.10810E-01   -0.32610E-01   -0.23770E-01   -0.11663E-01
   -0.52225E-03    0.44856E-02   -0.64517E-03   -0.72736E-02    0.52552E-02   -0.21930E-01   -0.19483E-01   -0.70208E-03    0.21536E-01    0.35972E+02    0.23953E+02    0.10015E+03   -0.93915E+00   -0.36310E+02    0.56337E+00   -0.33912E+00   -0.19636E-01   -0.42526E+00   -0.26571E-04   -0.32860E-04    0.69801E-01    0.81481E+00    0.24900E+00    0.30547E+00    0.20107E+02   -0.11272E+01    0.62000E+00    0.11213E+02   -0.29711E-01   -0.62305E-01   -0.29724E-02    0.11389E-01    0.20720E-01   -0.10034E-01   -0.30344E-01   -0.95720E-02   -0.33829E-01   -0.13298E-01   -0.14648E-01   -0.60111E-01
    0.22308E-05    0.70878E-07    0.11446E-05    0.13697E-03   -0.21570E-05    0.60678E-04    0.30704E-04    0.24078E-03   -0.41398E-03   -0.54705E+00    0.42854E-01   -0.93915E+00    0.67917E+00    0.12331E+01    0.53457E+00    0.41008E-03   -0.18665E-02    0.89487E-03   -0.62346E-06    0.22876E-04    0.56931E-02   -0.89864E+00    0.52639E-02    0.26400E-01   -0.28157E+00   -0.14867E+00   -0.64645E-01   -0.17542E+00    0.48502E-01    0.46402E-01   -0.55772E-02   -0.10372E-02   -0.23969E-02    0.16851E-03    0.31566E-03    0.14975E-03    0.25655E-03   -0.35609E-03    0.57232E-03    0.18631E-02
    0.69047E-04   -0.47822E-03    0.92944E-04    0.23000E-02   -0.70989E-03    0.31297E-02    0.17315E-02    0.38250E-02   -0.63918E-03   -0.34785E+00   -0.16475E+01   -0.36310E+02    0.12331E+01    0.24528E+02    0.18128E+01    0.19551E+00    0.19337E-01    0.32501E+00    0.13324E-04    0.42482E-04   -0.37988E+00   -0.42784E+01    0.14597E+00   -0.55307E+00   -0.15530E+02    0.14348E+00   -0.98471E+00   -0.11246E+02    0.53762E-01    0.64716E-01   -0.95778E-02   -0.31612E-02   -0.21898E-02   -0.19775E-03    0.63172E-02   -0.64267E-03    0.84433E-02    0.76319E-03   -0.18051E-02    0.20922E-01
    0.13839E-04   -0.89703E-04    0.12985E-04    0.98360E-04   -0.11170E-03    0.89929E-03    0.93909E-03    0.16807E-04   -0.19179E-02   -0.11641E+02   -0.24360E+01    0.56337E+00    0.53457E+00    0.18128E+01    0.18841E+01    0.13068E-01    0.16442E-01    0.17965E-01   -0.92653E-06   -0.61901E-04   -0.19721E+00   -0.23120E+01    0.43906E-01   -0.13061E+00   -0.85606E+00   -0.67574E+00   -0.14634E+00   -0.14072E+01    0.39292E-01    0.63473E-01   -0.22104E-02   -0.30982E-02    0.59384E-03    0.56648E-03   -0.26729E-02    0.58252E-03   -0.26570E-02    0.40187E-02    0.56728E-03   -0.25306E-02
   -0.62797E-06    0.46131E-05   -0.31761E-06    0.99816E-05    0.36758E-05   -0.39980E-04   -0.56427E-04    0.37301E-04    0.11419E-03   -0.51594E-01    0.48799E-01   -0.33912E+00    0.41008E-03    0.19551E+00    0.13068E-01    0.45808E-02   -0.11373E-03    0.18639E-02    0.20294E-06    0.15656E-05   -0.79130E-03   -0.10794E-01   -0.40163E-03   -0.78096E-03   -0.14038E+00   -0.70602E-02   -0.26303E-02   -0.96314E-01    0.26916E-03    0.14122E-02    0.40898E-03    0.13938E-03    0.14392E-03   -0.35289E-04   -0.88495E-05   -0.47054E-04    0.23100E-04   -0.48442E-05   -0.60428E-04    0.16319E-03
    0.31007E-07    0.94514E-06    0.45617E-07    0.55347E-06    0.11314E-05   -0.79930E-05   -0.86437E-05    0.13525E-05    0.29918E-04   -0.67482E-01    0.11155E-01   -0.19636E-01   -0.18665E-02    0.19337E-01    0.16442E-01   -0.11373E-03    0.22183E-02   -0.11766E-03    0.83572E-07    0.37531E-06   -0.23462E-03   -0.99632E-02    0.72295E-04    0.53287E-02    0.46680E-03   -0.10212E-01    0.33559E-02    0.84600E-03    0.16035E-03    0.13678E-02   -0.40480E-03   -0.80321E-04   -0.39054E-04   -0.48700E-05    0.20809E-04    0.24560E-06    0.22513E-04    0.51472E-04    0.17219E-05    0.60461E-04
    0.11524E-05   -0.67482E-05    0.13920E-05    0.34421E-04   -0.10162E-04    0.63613E-04    0.42812E-04    0.65356E-04   -0.34251E-04    0.48991E-01   -0.62439E-01   -0.42526E+00    0.89487E-03    0.32501E+00    0.17965E-01    0.18639E-02   -0.11766E-03    0.65959E-02    0.16333E-06   -0.54990E-05   -0.51134E-02   -0.34424E-01    0.56152E-02   -0.10956E-01   -0.25762E+00    0.19868E-02   -0.14048E-01   -0.20578E+00   -0.25349E-03    0.39240E-03    0.31560E-03   -0.51665E-04    0.50025E-04    0.13027E-04    0.20331E-04    0.99820E-05    0.45284E-04    0.87457E-04   -0.18884E-04    0.15477E-03
    0.21595E-08   -0.22981E-07    0.46695E-08    0.11214E-06   -0.22943E-07   -0.20613E-08    0.16024E-07    0.22876E-06   -0.20140E-06    0.79581E-03    0.22702E-04   -0.26571E-04   -0.62346E-06    0.13324E-04   -0.92653E-06    0.20294E-06    0.83572E-07    0.16333E-06    0.16033E-06    0.41151E-08    0.62304E-06    0.93622E-06   -0.17249E-04    0.13638E-05   -0.81877E-05   -0.29612E-08    0.54134E-07   -0.38329E-05    0.10908E-06    0.76438E-07    0.24673E-07    0.26835E-06   -0.48511E-06    0.74714E-08    0.26650E-07    0.20204E-07    0.46004E-07    0.24604E-07    0.25425E-07   -0.12743E-09
   -0.16069E-08    0.32575E-07   -0.27703E-08    0.20017E-06    0.29896E-07    0.26091E-06   -0.21982E-06    0.12085E-05    0.28912E-06   -0.39435E-02   -0.54302E-03   -0.32860E-04    0.22876E-04    0.42482E-04   -0.61901E-04    0.15656E-05    0.37531E-06   -0.54990E-05    0.41151E-08    0.17792E-05    0.85370E-05    0.35090E-04    0.10709E-03    0.28555E-04    0.23925E-03    0.56356E-04    0.19567E-04    0.25298E-03    0.47297E-06   -0.14384E-05   -0.11277E-05    0.20735E-05    0.89224E-06    0.53424E-06    0.84787E-06    0.44465E-06    0.80620E-06    0.30865E-06    0.39007E-06    0.10984E-05
   -0.36244E-05    0.28365E-04   -0.32962E-05   -0.38836E-04    0.35607E-04   -0.22011E-03   -0.19826E-03   -0.39306E-04    0.36291E-03    0.10825E+01    0.28714E+00    0.69801E-01    0.56931E-02   -0.37988E+00   -0.19721E+00   -0.79130E-03   -0.23462E-03   -0.51134E-02    0.62304E-06    0.85370E-05    0.67733E-01    0.38607E+00   -0.70557E-02    0.65138E-01    0.16963E+00    0.77200E-02    0.59175E-01    0.24320E+00    0.46623E-02    0.91865E-02    0.11823E-02    0.41986E-03   -0.26329E-03   -0.30385E-05    0.23868E-03   -0.82378E-05    0.23527E-03   -0.31295E-03    0.16553E-03    0.60239E-03
   -0.45541E-04    0.24082E-03   -0.36913E-04   -0.13016E-02    0.37586E-03   -0.20659E-02   -0.17669E-02   -0.21567E-02    0.39277E-02    0.84515E+01    0.13983E+01    0.81481E+00   -0.89864E+00   -0.42784E+01   -0.23120E+01   -0.10794E-01   -0.99632E-02   -0.34424E-01    0.93622E-06    0.35090E-04    0.38607E+00    0.45820E+01   -0.50087E-01    0.16505E+00    0.15267E+01    0.19258E+00    0.32177E+00    0.21637E+01   -0.41674E-01   -0.19459E-01    0.19425E-01   -0.14214E-02   -0.80613E-02    0.28422E-03    0.25909E-02    0.39362E-03    0.26259E-02   -0.10809E-02    0.11051E-02    0.32217E-02
   -0.74430E-05    0.19661E-03   -0.25449E-04   -0.65752E-04    0.19016E-03   -0.48208E-03   -0.77112E-03    0.10908E-02    0.12813E-02    0.19392E+02    0.14023E+00    0.24900E+00    0.52639E-02    0.14597E+00    0.43906E-01   -0.40163E-03    0.72295E-04    0.56152E-02   -0.17249E-04    0.10709E-03   -0.70557E-02   -0.50087E-01    0.31217E+00   -0.11594E-01   -0.15947E+00   -0.17996E-01   -0.16589E-01   -0.18263E+00    0.30040E-03    0.80418E-03    0.21115E-03    0.44875E-03   -0.10496E-02    0.77298E-04   -0.16527E-03    0.68199E-04   -0.13499E-03    0.12909E-03   -0.11809E-03   -0.19477E-03
    0.94022E-05   -0.56355E-04    0.91091E-05    0.23391E-03   -0.73278E-04    0.21415E-03    0.10946E-03    0.27726E-03    0.93829E-04    0.15693E+00    0.23876E+00    0.30547E+00    0.26400E-01   -0.55307E+00   -0.13061E+00   -0.78096E-03    0.53287E-02   -0.10956E-01    0.13638E-05    0.28555E-04    0.65138E-01    0.16505E+00   -0.11594E-01    0.34912E+00    0.31662E+00    0.41411E-01    0.16048E+00    0.64777E+00    0.97928E-02    0.13926E-01   -0.45482E-02   -0.14403E-02   -0.26271E-02    0.62456E-03   -0.35412E-04    0.74415E-03    0.12947E-04   -0.55128E-03    0.15336E-03    0.13873E-02
    0.39501E-04   -0.35651E-03    0.30799E-04   -0.63376E-03   -0.34129E-03    0.98146E-03    0.21839E-02   -0.28890E-02   -0.41818E-02   -0.52559E+01   -0.13155E+01    0.20107E+02   -0.28157E+00   -0.15530E+02   -0.85606E+00   -0.14038E+00    0.46680E-03   -0.25762E+00   -0.81877E-05    0.23925E-03    0.16963E+00    0.15267E+01   -0.15947E+00    0.31662E+00    0.19827E+02    0.91722E-01    0.62803E+00    0.91970E+01   -0.12165E-01   -0.53663E-01   -0.14208E-01    0.42314E-02    0.10899E-01    0.19247E-02    0.21670E-01    0.19828E-02    0.13987E-01    0.21595E-03    0.38679E-02   -0.79212E-02
    0.23986E-04   -0.15180E-03    0.18464E-04    0.67552E-03   -0.22726E-03    0.59979E-03    0.24184E-03    0.97813E-03    0.65877E-03    0.51882E+01    0.89134E+00   -0.11272E+01   -0.14867E+00    0.14348E+00   -0.67574E+00   -0.70602E-02   -0.10212E-01    0.19868E-02   -0.29612E-08    0.56356E-04    0.77200E-02    0.19258E+00   -0.17996E-01    0.41411E-01    0.91722E-01    0.20849E+01    0.10645E-01    0.29580E+00   -0.82321E-01   -0.98535E-01   -0.47851E-02    0.33146E-02    0.13343E-02   -0.27602E-03    0.12553E-02   -0.33938E-03    0.12361E-02    0.36059E-03    0.21720E-03    0.12779E-02
    0.18946E-04   -0.12411E-03    0.16842E-04    0.37916E-03   -0.14489E-03    0.46008E-03    0.34440E-03    0.35066E-03   -0.49764E-03   -0.94167E+00   -0.30587E+00    0.62000E+00   -0.64645E-01   -0.98471E+00   -0.14634E+00   -0.26303E-02    0.33559E-02   -0.14048E-01    0.54134E-07    0.19567E-04    0.59175E-01    0.32177E+00   -0.16589E-01    0.16048E+00    0.62803E+00    0.10645E-01    0.26103E+00    0.57574E+00    0.32298E-02    0.11844E-01    0.43681E-03    0.13232E-02    0.14593E-02    0.20496E-03    0.97671E-05    0.20978E-03   -0.49286E-04    0.48518E-03    0.37165E-03    0.84549E-04
    0.49837E-04   -0.40716E-03    0.35824E-04   -0.17834E-04   -0.33353E-03    0.10244E-02    0.13470E-02   -0.18140E-02   -0.14843E-02   -0.19374E+01   -0.58570E+00    0.11213E+02   -0.17542E+00   -0.11246E+02   -0.14072E+01   -0.96314E-01    0.84600E-03   -0.20578E+00   -0.38329E-05    0.25298E-03    0.24320E+00    0.21637E+01   -0.18263E+00    0.64777E+00    0.91970E+01    0.29580E+00    0.57574E+00    0.19962E+02   -0.94075E-02   -0.80945E-01   -0.27733E-01   -0.52571E-03   -0.11754E-01    0.17836E-02    0.29677E-02    0.21430E-02    0.17447E-02   -0.48854E-03    0.52907E-02    0.29924E-01
   -0.36875E-06    0.37069E-05   -0.23854E-06   -0.29650E-05    0.49590E-05   -0.16307E-04   -0.10246E-04   -0.12237E-05   -0.28252E-04   -0.10977E+00    0.33058E-02   -0.29711E-01    0.48502E-01    0.53762E-01    0.39292E-01    0.26916E-03    0.16035E-03   -0.25349E-03    0.10908E-06    0.47297E-06    0.46623E-02   -0.41674E-01    0.30040E-03    0.97928E-02   -0.12165E-01   -0.82321E-01    0.32298E-02   -0.94075E-02    0.80911E-02    0.76332E-02   -0.24040E-03   -0.14699E-03   -0.18934E-03    0.15581E-04   -0.76377E-05    0.12767E-04   -0.11866E-04   -0.48019E-04    0.27507E-04    0.10337E-03
   -0.48549E-06    0.47635E-05   -0.10022E-06   -0.10927E-04    0.61093E-05   -0.25769E-04   -0.13999E-04   -0.17625E-04   -0.19216E-04   -0.43145E+00   -0.57156E-01   -0.62305E-01    0.46402E-01    0.64716E-01    0.63473E-01    0.14122E-02    0.13678E-02    0.39240E-03    0.76438E-07   -0.14384E-05    0.91865E-02   -0.19459E-01    0.80418E-03    0.13926E-01   -0.53663E-01   -0.98535E-01    0.11844E-01   -0.80945E-01    0.76332E-02    0.14093E-01    0.48162E-03   -0.11701E-03   -0.14487E-04    0.31694E-04   -0.70833E-04    0.33888E-04   -0.64989E-04    0.88562E-04    0.87171E-04   -0.78692E-04
   -0.14477E-06    0.13592E-06   -0.78629E-07   -0.41028E-05    0.81155E-06   -0.19576E-05    0.13653E-06   -0.78689E-05   -0.16675E-05   -0.73820E-01   -0.29203E-01   -0.29724E-02   -0.55772E-02   -0.95778E-02   -0.22104E-02    0.40898E-03   -0.40480E-03    0.31560E-03    0.24673E-07   -0.11277E-05    0.11823E-02    0.19425E-01    0.21115E-03   -0.45482E-02   -0.14208E-01   -0.47851E-02    0.43681E-03   -0.27733E-01   -0.24040E-03    0.48162E-03    0.55621E-03    0.47642E-04    0.46871E-04    0.49106E-05   -0.23238E-04    0.57887E-05   -0.19971E-04    0.49914E-04    0.17098E-04   -0.82155E-04
   -0.43781E-06    0.51614E-05   -0.85302E-06   -0.35810E-05    0.37493E-05   -0.20743E-04   -0.21134E-04    0.11605E-04    0.55840E-04    0.83206E-01    0.35542E-01    0.11389E-01   -0.10372E-02   -0.31612E-02   -0.30982E-02    0.13938E-03   -0.80321E-04   -0.51665E-04    0.26835E-06    0.20735E-05    0.41986E-03   -0.14214E-02    0.44875E-03   -0.14403E-02    0.42314E-02    0.33146E-02    0.13232E-02   -0.52571E-03   -0.14699E-03   -0.11701E-03    0.47642E-04    0.36607E-01    0.30338E-03    0.12043E-03    0.98054E-04   -0.27581E-04   -0.17291E-04   -0.30126E-04   -0.35365E-04   -0.55723E-04
    0.25658E-06   -0.55639E-05    0.13410E-05    0.67281E-05   -0.69702E-05    0.14312E-04    0.51185E-05   -0.65479E-05   -0.44652E-04   -0.15845E-01    0.32292E-01    0.20720E-01   -0.23969E-02   -0.21898E-02    0.59384E-03    0.14392E-03   -0.39054E-04    0.50025E-04   -0.48511E-06    0.89224E-06   -0.26329E-03   -0.80613E-02   -0.10496E-02   -0.26271E-02    0.10899E-01    0.13343E-02    0.14593E-02   -0.11754E-01   -0.18934E-03   -0.14487E-04    0.46871E-04    0.30338E-03    0.39053E-01   -0.33480E-04   -0.72032E-05    0.15171E-03    0.11309E-03   -0.23525E-04   -0.32976E-04   -0.99627E-04
    0.28459E-06   -0.26570E-05    0.37372E-06    0.26684E-05   -0.29951E-05    0.13125E-04    0.12691E-04   -0.21232E-05   -0.12982E-04   -0.33184E-01   -0.16610E-01   -0.10034E-01    0.16851E-03   -0.19775E-03    0.56648E-03   -0.35289E-04   -0.48700E-05    0.13027E-04    0.74714E-08    0.53424E-06   -0.30385E-05    0.28422E-03    0.77298E-04    0.62456E-03    0.19247E-02   -0.27602E-03    0.20496E-03    0.17836E-02    0.15581E-04    0.31694E-04    0.49106E-05    0.12043E-03   -0.33480E-04    0.55154E-04    0.10503E-04    0.13223E-04    0.93264E-05    0.13982E-04    0.12886E-04    0.10187E-04
    0.32094E-06   -0.29761E-05    0.38092E-06    0.31791E-05   -0.34019E-05    0.13124E-04    0.14134E-04   -0.33408E-05   -0.21049E-04   -0.10569E-01   -0.10923E-01   -0.30344E-01    0.31566E-03    0.63172E-02   -0.26729E-02   -0.88495E-05    0.20809E-04    0.20331E-04    0.26650E-07    0.84787E-06    0.23868E-03    0.25909E-02   -0.16527E-03   -0.35412E-04    0.21670E-01    0.12553E-02    0.97671E-05    0.29677E-02   -0.76377E-05   -0.70833E-04   -0.23238E-04    0.98054E-04   -0.72032E-05    0.10503E-04    0.18052E-03    0.10138E-04    0.67383E-04    0.45531E-05    0.13008E-04    0.33866E-04
    0.29895E-06   -0.26044E-05    0.33012E-06    0.24751E-05   -0.27736E-05    0.13098E-04    0.12844E-04   -0.26291E-05   -0.15660E-04   -0.31799E-01   -0.17401E-01   -0.95720E-02    0.14975E-03   -0.64267E-03    0.58252E-03   -0.47054E-04    0.24560E-06    0.99820E-05    0.20204E-07    0.44465E-06   -0.82378E-05    0.39362E-03    0.68199E-04    0.74415E-03    0.19828E-02   -0.33938E-03    0.20978E-03    0.21430E-02    0.12767E-04    0.33888E-04    0.57887E-05   -0.27581E-04    0.15171E-03    0.13223E-04    0.10138E-04    0.53433E-04    0.10304E-04    0.14739E-04    0.12656E-04    0.97869E-05
    0.33994E-06   -0.30099E-05    0.42051E-06    0.38384E-05   -0.35337E-05    0.12754E-04    0.12364E-04   -0.16736E-05   -0.12192E-04   -0.31870E-02   -0.10810E-01   -0.33829E-01    0.25655E-03    0.84433E-02   -0.26570E-02    0.23100E-04    0.22513E-04    0.45284E-04    0.46004E-07    0.80620E-06    0.23527E-03    0.26259E-02   -0.13499E-03    0.12947E-04    0.13987E-01    0.12361E-02   -0.49286E-04    0.17447E-02   -0.11866E-04   -0.64989E-04   -0.19971E-04   -0.17291E-04    0.11309E-03    0.93264E-05    0.67383E-04    0.10304E-04    0.10741E-03    0.51019E-05    0.12468E-04    0.34479E-04
    0.67286E-06   -0.46004E-05    0.63869E-06    0.11298E-04   -0.49112E-05    0.21679E-04    0.17820E-04    0.10299E-04   -0.15810E-04   -0.81345E-01   -0.32610E-01   -0.13298E-01   -0.35609E-03    0.76319E-03    0.40187E-02   -0.48442E-05    0.51472E-04    0.87457E-04    0.24604E-07    0.30865E-06   -0.31295E-03   -0.10809E-02    0.12909E-03   -0.55128E-03    0.21595E-03    0.36059E-03    0.48518E-03   -0.48854E-03   -0.48019E-04    0.88562E-04    0.49914E-04   -0.30126E-04   -0.23525E-04    0.13982E-04    0.45531E-05    0.14739E-04    0.51019E-05    0.38390E-03    0.35748E-04    0.54893E-05
    0.63564E-06   -0.47627E-05    0.65040E-06    0.84707E-05   -0.52480E-05    0.20308E-04    0.16679E-04    0.32631E-05   -0.21749E-04   -0.46993E-01   -0.23770E-01   -0.14648E-01    0.57232E-03   -0.18051E-02    0.56728E-03   -0.60428E-04    0.17219E-05   -0.18884E-04    0.25425E-07    0.39007E-06    0.16553E-03    0.11051E-02   -0.11809E-03    0.15336E-03    0.38679E-02    0.21720E-03    0.37165E-03    0.52907E-02    0.27507E-04    0.87171E-04    0.17098E-04   -0.35365E-04   -0.32976E-04    0.12886E-04    0.13008E-04    0.12656E-04    0.12468E-04    0.35748E-04    0.95801E-04    0.28036E-04
    0.42074E-06   -0.31409E-05    0.53368E-06    0.75059E-05   -0.33582E-05    0.13943E-04    0.10123E-04    0.51151E-05   -0.34334E-05   -0.89948E-02   -0.11663E-01   -0.60111E-01    0.18631E-02    0.20922E-01   -0.25306E-02    0.16319E-03    0.60461E-04    0.15477E-03   -0.12743E-09    0.10984E-05    0.60239E-03    0.32217E-02   -0.19477E-03    0.13873E-02   -0.79212E-02    0.12779E-02    0.84549E-04    0.29924E-01    0.10337E-03   -0.78692E-04   -0.82155E-04   -0.55723E-04   -0.99627E-04    0.10187E-04    0.33866E-04    0.97869E-05    0.34479E-04    0.54893E-05    0.28036E-04    0.53528E-03
