# omegabh2 omegach2 theta tau logA ns nrun r calPlanck BBdust BBsync BBalphadust BBbetadust BBalphasync BBbetasync BBdustsynccorr acib217 xi asz143 aps100 aps143 aps143217 aps217 aksz kgal100 kgal143 kgal143217 kgal217 cal0 cal2
  5.3849224E-08  -2.0146710E-07   4.5206521E-08   6.0196646E-07   1.0416511E-06   5.0086836E-07  -6.7112950E-07   5.0228067E-07   2.7234807E-08   7.2122199E-07  -7.9821695E-07   1.4858587E-06  -1.4727080E-07   2.3847333E-07  -3.7123797E-07  -2.9375199E-07  -5.5465587E-05   3.4332823E-07   2.0889342E-05  -3.6546498E-04  -3.2926152E-04  -2.0061047E-04  -1.3175755E-04  -1.3915622E-05   1.0990806E-05   5.9923412E-06  -4.4500727E-07   1.7086159E-05   1.9083066E-09  -7.5095052E-10
 -2.0146710E-07   4.2707229E-06  -4.0931466E-07  -4.2438049E-06   1.5976497E-06  -9.5477005E-06  -1.5587598E-06  -5.3165867E-06  -2.4167334E-07  -6.1473374E-06  -1.9531264E-08  -2.8068211E-05   6.5065986E-06  -3.0990489E-06   3.8140892E-06   3.1936307E-07   2.7404478E-04  -5.1860629E-06  -1.4924848E-04   2.4057662E-03   2.0142866E-03   1.1450787E-03   8.3185699E-04   1.2691358E-04  -4.4445125E-07  -4.1510421E-05   1.3386583E-06  -4.7144457E-05  -6.7093383E-09   9.3255767E-09
  4.5206521E-08  -4.0931466E-07   2.2082350E-07   6.5782526E-07   6.4765481E-07   1.1585852E-06  -5.9577025E-08   5.7084582E-07   4.1361235E-08  -1.4455795E-06  -3.7518148E-06   3.1767367E-06  -5.8564784E-07   1.5231974E-07   1.1121029E-07   1.5210297E-07  -6.7141008E-06   3.1866359E-07   1.0395446E-05  -2.9041124E-04  -2.4322707E-04  -1.6229269E-04  -1.4266635E-04  -9.3206415E-08   3.8692037E-06   4.9645731E-06  -1.2136593E-05  -2.0043479E-05   8.3647082E-10   1.6689407E-09
  6.0196646E-07  -4.2438049E-06   6.5782526E-07   7.0414099E-05   1.3366285E-04   1.1019850E-05  -1.5321510E-05   5.7721186E-06  -3.2465388E-07  -4.6361621E-05  -1.6203385E-05  -2.3223122E-05   1.7609046E-05  -4.4579165E-06  -1.3184422E-05  -3.1972462E-05  -7.2873027E-04   3.4079359E-06   4.5995394E-05  -4.0249535E-03  -2.9246655E-03  -2.3257438E-03  -1.3845757E-03  -7.4433074E-05   1.9815455E-04   1.1377930E-04   1.7149534E-05   7.4855732E-05   5.2600424E-09  -1.8701373E-08
  1.0416511E-06   1.5976497E-06   6.4765481E-07   1.3366285E-04   3.0914549E-04  -3.6362412E-06  -4.7931664E-05   2.3033702E-07   1.1346164E-05  -1.1887405E-04  -4.2804347E-05  -1.3063140E-04   6.3649965E-05  -2.2887431E-05  -1.6102710E-05  -7.9490180E-05   3.0563533E-04  -4.8421086E-07  -7.2637531E-04   7.7756059E-03   3.2531253E-03   5.1892048E-04   4.1122453E-03   6.0436415E-05   1.8397006E-04  -3.9264752E-04  -4.7515270E-04   1.1287876E-03   1.9546677E-07   3.0171571E-10
  5.0086836E-07  -9.5477005E-06   1.1585852E-06   1.1019850E-05  -3.6362412E-06   3.3312626E-05   1.0520834E-05   1.4178376E-05   6.5702430E-07  -1.1618375E-05   3.1882676E-06   6.4538795E-05  -1.3608971E-05   2.3592451E-06  -1.5848991E-05  -9.8322292E-06  -6.0668671E-03   1.1567206E-04   1.6842594E-03  -3.4039016E-02  -1.2546221E-02  -2.9103877E-04   4.4674393E-03  -3.2838159E-03   2.8633841E-04  -3.2710039E-04  -2.9110559E-04   1.8248505E-03  -1.2266881E-07  -1.1670688E-07
 -6.7112950E-07  -1.5587598E-06  -5.9577025E-08  -1.5321510E-05  -4.7931664E-05   1.0520834E-05   5.8287801E-05  -1.9892588E-05  -4.6899559E-09  -1.0925239E-05   6.5456988E-05   2.4954828E-05  -2.5755332E-05   5.5033659E-06  -1.9720763E-07   6.0260676E-05  -7.4338162E-03   1.4439161E-04   1.9651368E-03  -3.2221747E-02  -1.3719562E-02   4.1006729E-04   5.8608871E-03  -3.7288438E-03  -5.4426395E-04  -7.7811408E-04  -6.7255132E-04   1.7910322E-03  -8.4156298E-08  -1.9580139E-07
  5.0228067E-07  -5.3165867E-06   5.7084582E-07   5.7721186E-06   2.3033702E-07   1.4178376E-05  -1.9892588E-05   3.4175837E-04  -6.0979832E-07  -4.6452655E-04  -9.0516393E-04  -5.4226096E-05   2.8372893E-04  -1.4213101E-05  -1.3623999E-04  -8.2359592E-04   6.8715301E-04   3.2632877E-06  -1.5011789E-04   2.7415116E-03   1.4104429E-03  -6.0820950E-04  -1.3040985E-03   4.9149529E-04  -1.8129643E-04   2.4276496E-04   8.5786862E-04   6.3186892E-04  -8.9397891E-08   2.2133897E-08
  2.7234807E-08  -2.4167334E-07   4.1361235E-08  -3.2465388E-07   1.1346164E-05   6.5702430E-07  -4.6899559E-09  -6.0979832E-07   6.2245570E-06  -4.6489690E-06   4.8078360E-06  -5.3258625E-06   3.8682548E-06  -4.5693922E-06  -1.6377887E-06  -5.8892357E-06   5.2627077E-04  -3.0696118E-06  -2.7247489E-06   3.5011415E-03   4.9667761E-04   3.4304076E-04   1.4586927E-03  -4.3003189E-05   8.3358910E-06  -3.7882643E-05  -4.7778557E-05   8.2092580E-04   6.8365885E-09  -7.2688907E-09
  7.2122199E-07  -6.1473374E-06  -1.4455795E-06  -4.6361621E-05  -1.1887405E-04  -1.1618375E-05  -1.0925239E-05  -4.6452655E-04  -4.6489690E-06   1.0763145E+00   2.1671941E-02  -1.1873361E-01   4.5113815E-02  -1.7808721E-03   5.6402565E-03  -1.0074001E-02   3.1396444E-02   1.5389557E-03  -6.4976500E-03   1.4213812E-01   2.7334450E-02   1.3597730E-02  -4.6075122E-02   1.2866520E-02  -7.4698172E-03   2.2468948E-03   5.1271182E-03  -4.2475799E-04  -7.4009329E-07   5.0687152E-06
 -7.9821695E-07  -1.9531264E-08  -3.7518148E-06  -1.6203385E-05  -4.2804347E-05   3.1882676E-06   6.5456988E-05  -9.0516393E-04   4.8078360E-06   2.1671941E-02   1.1441780E+00  -1.6969630E-03  -1.5053507E-03   1.6574962E-02  -4.1323871E-02   4.1227523E-02   2.3058795E-02  -1.0868462E-03   1.6010998E-03  -1.9777288E-02  -3.7390941E-02  -2.5533299E-02  -4.5462486E-02   3.1426139E-03  -8.5811488E-03   2.5659946E-03  -1.5799342E-02  -3.0888973E-02   3.6030922E-07   7.8609845E-07
  1.4858587E-06  -2.8068211E-05   3.1767367E-06  -2.3223122E-05  -1.3063140E-04   6.4538795E-05   2.4954828E-05  -5.4226096E-05  -5.3258625E-06  -1.1873361E-01  -1.6969630E-03   5.9710941E-02  -6.5519686E-04   5.5085103E-04   2.0494570E-04  -5.1134642E-05   9.0511770E-03  -4.2698478E-04   3.6663199E-03  -5.3065222E-02  -2.3533714E-02  -2.0730272E-02  -2.4645977E-02  -1.9941810E-03   2.8533960E-03  -2.8948665E-04   2.4041822E-04  -9.5952115E-03   1.7859323E-07  -9.1449576E-07
 -1.4727080E-07   6.5065986E-06  -5.8564784E-07   1.7609046E-05   6.3649965E-05  -1.3608971E-05  -2.5755332E-05   2.8372893E-04   3.8682548E-06   4.5113815E-02  -1.5053507E-03  -6.5519686E-04   9.2914346E-03  -1.7382514E-04  -1.4696907E-03   1.0119656E-03   2.6494260E-03  -4.8475252E-05  -7.5811939E-04   2.3940981E-03   8.7623310E-03   4.3296618E-03   5.2476503E-03  -1.0206916E-04  -2.9329722E-04   4.3376797E-04   1.2619128E-03   1.2848921E-03  -3.4309611E-07   2.4724392E-07
  2.3847333E-07  -3.0990489E-06   1.5231974E-07  -4.4579165E-06  -2.2887431E-05   2.3592451E-06   5.5033659E-06  -1.4213101E-05  -4.5693922E-06  -1.7808721E-03   1.6574962E-02   5.5085103E-04  -1.7382514E-04   8.1679602E-02   1.9978594E-04   3.5701138E-04   9.7299485E-03   3.1155834E-04   2.7428150E-03  -7.2277806E-03   2.4202789E-03   1.4530318E-02  -2.1410380E-03  -3.1911640E-03   1.4552818E-04   1.1461216E-03  -9.9474324E-04  -1.6750524E-02   4.4305940E-09  -2.1908447E-07
 -3.7123797E-07   3.8140892E-06   1.1121029E-07  -1.3184422E-05  -1.6102710E-05  -1.5848991E-05  -1.9720763E-07  -1.3623999E-04  -1.6377887E-06   5.6402565E-03  -4.1323871E-02   2.0494570E-04  -1.4696907E-03   1.9978594E-04   7.4823939E-02  -4.9414410E-03   7.0043224E-03  -3.4671150E-04   1.4507511E-03   2.7346467E-02   4.1697826E-03   7.1808770E-04   2.0853015E-03  -3.3669637E-03   1.1806285E-03   1.2229524E-03   1.0668975E-03  -3.2786539E-03   1.9101328E-07  -9.7196993E-07
 -2.9375199E-07   3.1936307E-07   1.5210297E-07  -3.1972462E-05  -7.9490180E-05  -9.8322292E-06   6.0260676E-05  -8.2359592E-04  -5.8892357E-06  -1.0074001E-02   4.1227523E-02  -5.1134642E-05   1.0119656E-03   3.5701138E-04  -4.9414410E-03   8.0118416E-02  -1.5048675E-02   6.3738706E-05  -4.7971761E-04  -6.8615130E-03  -9.7563551E-03  -1.4940630E-03   1.3767120E-02  -1.3585324E-03  -1.8935454E-03   4.0871252E-04  -3.7721344E-03   2.5541357E-03   3.4345977E-07  -3.8790546E-07
 -5.5465587E-05   2.7404478E-04  -6.7141008E-06  -7.2873027E-04   3.0563533E-04  -6.0668671E-03  -7.4338162E-03   6.8715301E-04   5.2627077E-04   3.1396444E-02   2.3058795E-02   9.0511770E-03   2.6494260E-03   9.7299485E-03   7.0043224E-03  -1.5048675E-02   4.6000521E+01  -3.9800508E-01  -1.1843776E+00   4.1289065E+01   4.3383273E+00  -1.3009537E+01  -5.5933794E+01   4.6261279E-01   2.4179341E-01   6.5269243E-01  -5.8506258E+00  -3.3980610E+01  -1.7870540E-04   7.6257537E-04
  3.4332823E-07  -5.1860629E-06   3.1866359E-07   3.4079359E-06  -4.8421086E-07   1.1567206E-04   1.4439161E-04   3.2632877E-06  -3.0696118E-06   1.5389557E-03  -1.0868462E-03  -4.2698478E-04  -4.8475252E-05   3.1155834E-04  -3.4671150E-04   6.3738706E-05  -3.9800508E-01   8.2599231E-02  -4.9022844E-02  -5.5833355E-01   8.5093858E-01   1.6039305E+00   6.0927607E-01   4.5147795E-02  -5.1193614E-03   3.6615408E-03   8.4918909E-02   1.1966958E-01   4.1878583E-06  -3.2236553E-06
  2.0889342E-05  -1.4924848E-04   1.0395446E-05   4.5995394E-05  -7.2637531E-04   1.6842594E-03   1.9651368E-03  -1.5011789E-04  -2.7247489E-06  -6.4976500E-03   1.6010998E-03   3.6663199E-03  -7.5811939E-04   2.7428150E-03   1.4507511E-03  -4.7971761E-04  -1.1843776E+00  -4.9022844E-02   4.1480180E+00  -3.2788024E+01  -3.7218779E+00   8.2680903E+00   6.0712454E+00  -3.2795214E+00  -2.1802306E-01   1.6518974E-01   2.8500293E+00   3.7141300E+00   1.0834095E-04  -4.6867843E-05
 -3.6546498E-04   2.4057662E-03  -2.9041124E-04  -4.0249535E-03   7.7756059E-03  -3.4039016E-02  -3.2221747E-02   2.7415116E-03   3.5011415E-03   1.4213812E-01  -1.9777288E-02  -5.3065222E-02   2.3940981E-03  -7.2277806E-03   2.7346467E-02  -6.8615130E-03   4.1289065E+01  -5.5833355E-01  -3.2788024E+01   8.0820322E+02   7.9428229E+01  -5.6242339E+01  -6.5771457E+01   1.8634200E+01  -6.2932429E+00   5.7685400E+00  -1.3391443E+01  -2.7964408E+01   3.8171643E-03   6.8032270E-04
 -3.2926152E-04   2.0142866E-03  -2.4322707E-04  -2.9246655E-03   3.2531253E-03  -1.2546221E-02  -1.3719562E-02   1.4104429E-03   4.9667761E-04   2.7334450E-02  -3.7390941E-02  -2.3533714E-02   8.7623310E-03   2.4202789E-03   4.1697826E-03  -9.7563551E-03   4.3383273E+00   8.5093858E-01  -3.7218779E+00   7.9428229E+01   6.7461777E+01   4.1592305E+01   1.5215483E+01  -4.3086570E+00  -4.1190287E-01  -1.2038039E+00   3.5700065E+00   3.6174620E+00   1.4312912E-04   1.5840106E-04
 -2.0061047E-04   1.1450787E-03  -1.6229269E-04  -2.3257438E-03   5.1892048E-04  -2.9103877E-04   4.1006729E-04  -6.0820950E-04   3.4304076E-04   1.3597730E-02  -2.5533299E-02  -2.0730272E-02   4.3296618E-03   1.4530318E-02   7.1808770E-04  -1.4940630E-03  -1.3009537E+01   1.6039305E+00   8.2680903E+00  -5.6242339E+01   4.1592305E+01   8.7033286E+01   5.6227340E+01  -1.3413849E+01  -9.0692979E-01  -7.2007750E-01   5.2715664E+00   9.0311133E+00   4.6332241E-04  -4.0626496E-04
 -1.3175755E-04   8.3185699E-04  -1.4266635E-04  -1.3845757E-03   4.1122453E-03   4.4674393E-03   5.8608871E-03  -1.3040985E-03   1.4586927E-03  -4.6075122E-02  -4.5462486E-02  -2.4645977E-02   5.2476503E-03  -2.1410380E-03   2.0853015E-03   1.3767120E-02  -5.5933794E+01   6.0927607E-01   6.0712454E+00  -6.5771457E+01   1.5215483E+01   5.6227340E+01   1.0706915E+02  -1.1018831E+01  -8.5562977E-01  -1.3539983E+00   5.8650961E+00   3.4448055E+01   4.7699160E-04  -1.3987264E-03
 -1.3915622E-05   1.2691358E-04  -9.3206415E-08  -7.4433074E-05   6.0436415E-05  -3.2838159E-03  -3.7288438E-03   4.9149529E-04  -4.3003189E-05   1.2866520E-02   3.1426139E-03  -1.9941810E-03  -1.0206916E-04  -3.1911640E-03  -3.3669637E-03  -1.3585324E-03   4.6261279E-01   4.5147795E-02  -3.2795214E+00   1.8634200E+01  -4.3086570E+00  -1.3413849E+01  -1.1018831E+01   7.0027067E+00   1.7199304E-01  -1.6611215E-01  -2.3741931E+00  -2.9212808E+00  -7.7095503E-05   2.6896180E-05
  1.0990806E-05  -4.4445125E-07   3.8692037E-06   1.9815455E-04   1.8397006E-04   2.8633841E-04  -5.4426395E-04  -1.8129643E-04   8.3358910E-06  -7.4698172E-03  -8.5811488E-03   2.8533960E-03  -2.9329722E-04   1.4552818E-04   1.1806285E-03  -1.8935454E-03   2.4179341E-01  -5.1193614E-03  -2.1802306E-01  -6.2932429E+00  -4.1190287E-01  -9.0692979E-01  -8.5562977E-01   1.7199304E-01   3.3713987E+00   5.8033044E-01   2.0134380E-01   1.5838882E-01   1.6691903E-04   5.5462855E-06
  5.9923412E-06  -4.1510421E-05   4.9645731E-06   1.1377930E-04  -3.9264752E-04  -3.2710039E-04  -7.7811408E-04   2.4276496E-04  -3.7882643E-05   2.2468948E-03   2.5659946E-03  -2.8948665E-04   4.3376797E-04   1.1461216E-03   1.2229524E-03   4.0871252E-04   6.5269243E-01   3.6615408E-03   1.6518974E-01   5.7685400E+00  -1.2038039E+00  -7.2007750E-01  -1.3539983E+00  -1.6611215E-01   5.8033044E-01   3.2112413E+00   2.7539201E+00   2.7317453E+00  -1.7628423E-04  -4.1134732E-05
 -4.4500727E-07   1.3386583E-06  -1.2136593E-05   1.7149534E-05  -4.7515270E-04  -2.9110559E-04  -6.7255132E-04   8.5786862E-04  -4.7778557E-05   5.1271182E-03  -1.5799342E-02   2.4041822E-04   1.2619128E-03  -9.9474324E-04   1.0668975E-03  -3.7721344E-03  -5.8506258E+00   8.4918909E-02   2.8500293E+00  -1.3391443E+01   3.5700065E+00   5.2715664E+00   5.8650961E+00  -2.3741931E+00   2.0134380E-01   2.7539201E+00   1.1098291E+01   1.9786803E+01  -5.3642556E-06   4.0733050E-04
  1.7086159E-05  -4.7144457E-05  -2.0043479E-05   7.4855732E-05   1.1287876E-03   1.8248505E-03   1.7910322E-03   6.3186892E-04   8.2092580E-04  -4.2475799E-04  -3.0888973E-02  -9.5952115E-03   1.2848921E-03  -1.6750524E-02  -3.2786539E-03   2.5541357E-03  -3.3980610E+01   1.1966958E-01   3.7141300E+00  -2.7964408E+01   3.6174620E+00   9.0311133E+00   3.4448055E+01  -2.9212808E+00   1.5838882E-01   2.7317453E+00   1.9786803E+01   5.4654370E+01   8.9621370E-05   9.1714179E-04
  1.9083066E-09  -6.7093383E-09   8.3647082E-10   5.2600424E-09   1.9546677E-07  -1.2266881E-07  -8.4156298E-08  -8.9397891E-08   6.8365885E-09  -7.4009329E-07   3.6030922E-07   1.7859323E-07  -3.4309611E-07   4.4305940E-09   1.9101328E-07   3.4345977E-07  -1.7870540E-04   4.1878583E-06   1.0834095E-04   3.8171643E-03   1.4312912E-04   4.6332241E-04   4.7699160E-04  -7.7095503E-05   1.6691903E-04  -1.7628423E-04  -5.3642556E-06   8.9621370E-05   3.7638005E-07   3.0688937E-09
 -7.5095052E-10   9.3255767E-09   1.6689407E-09  -1.8701373E-08   3.0171571E-10  -1.1670688E-07  -1.9580139E-07   2.2133897E-08  -7.2688907E-09   5.0687152E-06   7.8609845E-07  -9.1449576E-07   2.4724392E-07  -2.1908447E-07  -9.7196993E-07  -3.8790546E-07   7.6257537E-04  -3.2236553E-06  -4.6867843E-05   6.8032270E-04   1.5840106E-04  -4.0626496E-04  -1.3987264E-03   2.6896180E-05   5.5462855E-06  -4.1134732E-05   4.0733050E-04   9.1714179E-04   3.0688937E-09   3.9103396E-07
