# omegabh2 omegach2 theta tau mnu logA ns calPlanck aps100 aps143 aps217 acib217 asz143 psr cibr xi aksz dust100 dust143 dust217 dust143x217 cal0 cal2 calTE calEE
  2.5832510E-08  -1.1174282E-07   2.0672233E-08   2.6623365E-07  -4.4777276E-06   4.0379915E-07   3.6029892E-07   3.2145834E-08  -4.9871303E-04  -3.2015062E-04   7.5239613E-05  -1.3897063E-04   2.3536181E-05   9.7200217E-07  -1.9653139E-06   1.2928782E-06  -4.0063915E-05   3.7058483E-07  -2.2590455E-07   8.7195610E-07  -1.5305630E-07   3.0528294E-09  -7.3735479E-09  -1.1538433E-07  -2.4713798E-07
 -1.1174282E-07   1.7922735E-06  -1.7809810E-07  -3.5499199E-06   4.7698207E-05  -3.7383975E-06  -4.1485498E-06  -3.0062177E-07   1.4913440E-03   1.1826845E-03  -4.3306619E-04   5.8798266E-04  -8.2338201E-05  -1.9910384E-06   9.0108247E-06  -8.4227055E-07   1.4481828E-04   1.4494389E-06   4.3993223E-06  -4.1491639E-06  -1.2113080E-07  -6.0325815E-08   4.1918659E-08   1.0588686E-07  -8.0270431E-07
  2.0672233E-08  -1.7809810E-07   1.0775886E-07   3.4082004E-07  -8.7876089E-06   4.0818051E-07   5.6010789E-07   1.3569707E-08  -1.2878919E-04  -1.6577023E-04  -7.1100802E-05  -1.2660269E-05   9.8056337E-06   1.5290613E-07  -4.9414249E-07   5.4196961E-08  -1.9358162E-05   1.0100673E-06   4.6404002E-07  -1.0275861E-07   1.2652318E-07   4.3329713E-09  -3.3986749E-09  -8.8840068E-08   3.6670652E-08
  2.6623365E-07  -3.5499199E-06   3.4082004E-07   6.0307571E-05   1.0073784E-04   1.1124477E-04   1.0511180E-05  -1.5902069E-09  -8.5045416E-03  -4.9175300E-03   2.5368496E-03  -2.7391235E-03   4.4056745E-04   3.2220091E-05  -7.1365763E-05  -4.2869552E-06  -5.0537864E-04  -2.1728810E-05  -4.0856400E-06   1.1098870E-05   1.3002672E-05  -4.8301992E-08  -3.4145727E-07  -3.0645942E-06  -1.0401720E-06
 -4.4777276E-06   4.7698207E-05  -8.7876089E-06   1.0073784E-04   7.5665890E-03   3.2102683E-04  -1.2603498E-04   1.2242297E-05   8.6400597E-02   6.9589450E-02   8.7403434E-03   1.9971846E-02  -2.5428148E-03   6.5261349E-05   1.8977272E-04   2.1714055E-04   5.4945324E-03  -2.8661189E-04  -2.9975684E-04  -1.1242366E-04   2.7346054E-05   8.5745834E-07   1.1445098E-06   3.6267475E-05   6.9116186E-07
  4.0379915E-07  -3.7383975E-06   4.0818051E-07   1.1124477E-04   3.2102683E-04   2.3831261E-04   1.1796261E-05   1.1828695E-05  -9.1639337E-03  -6.0403488E-03   1.1442509E-02  -5.3990073E-03   8.9609650E-04   7.1502704E-05  -1.5474740E-04  -1.2447554E-06  -1.7337468E-03  -3.6767812E-05  -7.0787852E-05   4.8206588E-05   2.6652313E-05   3.9921274E-07  -5.7449066E-07  -6.1236820E-06  -1.8893067E-06
  3.6029892E-07  -4.1485498E-06   5.6010789E-07   1.0511180E-05  -1.2603498E-04   1.1796261E-05   1.9581719E-05   7.2958067E-07  -2.4161094E-02  -8.9948830E-03   8.9871580E-03  -6.7740641E-03   7.3684144E-04   6.3321751E-05  -1.3331869E-04   3.9039680E-05  -2.2341606E-03   1.1847506E-05  -3.7919313E-05   3.7541786E-05  -1.3245294E-06  -1.6770671E-07  -4.1580596E-07  -1.0419147E-06  -2.4215889E-06
  3.2145834E-08  -3.0062177E-07   1.3569707E-08  -1.5902069E-09   1.2242297E-05   1.1828695E-05   7.2958067E-07   6.2851480E-06   3.2408253E-03   2.4172788E-04   1.1170577E-03   4.9168726E-04   6.0308719E-05  -7.2722241E-06   4.8735906E-06  -1.8760789E-05  -4.2770414E-05   6.4051336E-06   9.1023147E-06   1.2689235E-05   8.7421796E-06   8.8878609E-09   5.1434348E-09  -3.2006784E-07  -1.8820316E-07
 -4.9871303E-04   1.4913440E-03  -1.2878919E-04  -8.5045416E-03   8.6400597E-02  -9.1639337E-03  -2.4161094E-02   3.2408253E-03   6.1472451E+02   5.7298155E+01  -5.2315457E+01   2.8624713E+01  -2.5447976E+01  -8.3918560E-01  -1.8165782E-01  -3.6254385E-01   1.1225481E+01  -1.7250319E-01   3.3619435E-01  -2.4373749E-01  -2.0940169E-01   6.7197928E-03   2.3472780E-03   2.5103931E-03   7.4027126E-03
 -3.2015062E-04   1.1826845E-03  -1.6577023E-04  -4.9175300E-03   6.9589450E-02  -6.0403488E-03  -8.9948830E-03   2.4172788E-04   5.7298155E+01   6.8224285E+01   1.0185111E+01   6.1353387E+00  -5.2140692E-01  -1.8807026E-02   4.3424582E-01   9.0820299E-01  -8.2880188E+00  -1.9982112E-02  -2.2513323E-01   4.9016795E-02   6.3759751E-02   7.7179710E-04   6.5204067E-04   3.2559647E-03   5.8602811E-03
  7.5239613E-05  -4.3306619E-04  -7.1100802E-05   2.5368496E-03   8.7403434E-03   1.1442509E-02   8.9871580E-03   1.1170577E-03  -5.2315457E+01   1.0185111E+01   1.7394842E+02  -8.1944319E+01   2.4656924E+00   3.2541802E-01  -1.0233739E+00   3.6281658E-01  -7.1572248E+00  -5.2858981E-03  -2.6134728E-01   5.4475201E-01  -3.1124108E-02   1.6398968E-03  -7.6206932E-03   2.4759052E-03   2.8235020E-03
 -1.3897063E-04   5.8798266E-04  -1.2660269E-05  -2.7391235E-03   1.9971846E-02  -5.3990073E-03  -6.7740641E-03   4.9168726E-04   2.8624713E+01   6.1353387E+00  -8.1944319E+01   5.1080453E+01   1.6913460E+00  -4.0753947E-02   7.0543293E-01  -2.5402479E-01  -2.7107181E+00   1.3253522E-02   1.6067074E-01  -4.4685110E-01  -1.0093491E-01  -5.3377063E-04   3.0188577E-03  -6.1892854E-04   3.3418146E-04
  2.3536181E-05  -8.2338201E-05   9.8056337E-06   4.4056745E-04  -2.5428148E-03   8.9609650E-04   7.3684144E-04   6.0308719E-05  -2.5447976E+01  -5.2140692E-01   2.4656924E+00   1.6913460E+00   4.2478538E+00   1.0149852E-01   1.4639332E-01  -3.0330917E-02  -3.4529566E+00  -2.3044955E-04  -4.1363110E-03   6.8887113E-03   5.3058223E-02   4.2941611E-04  -2.1903985E-04  -9.5564194E-05  -2.6302456E-04
  9.7200217E-07  -1.9910384E-06   1.5290613E-07   3.2220091E-05   6.5261349E-05   7.1502704E-05   6.3321751E-05  -7.2722241E-06  -8.3918560E-01  -1.8807026E-02   3.2541802E-01  -4.0753947E-02   1.0149852E-01   1.6489722E-02  -1.6847967E-02   1.2431276E-02  -1.0036463E-01   1.3638764E-07  -1.4334056E-03  -2.6833226E-03   5.2376305E-03   1.8549013E-05  -3.5720535E-05   1.0695673E-05  -7.8188046E-07
 -1.9653139E-06   9.0108247E-06  -4.9414249E-07  -7.1365763E-05   1.8977272E-04  -1.5474740E-04  -1.3331869E-04   4.8735906E-06  -1.8165782E-01   4.3424582E-01  -1.0233739E+00   7.0543293E-01   1.4639332E-01  -1.6847967E-02   6.7260668E-02   4.0619888E-03  -1.4898153E-01   5.4241643E-04   7.2037921E-03  -1.9309121E-04  -1.7710673E-02  -1.0721279E-05   9.4156989E-05  -2.4755509E-05   1.0581461E-05
  1.2928782E-06  -8.4227055E-07   5.4196961E-08  -4.2869552E-06   2.1714055E-04  -1.2447554E-06   3.9039680E-05  -1.8760789E-05  -3.6254385E-01   9.0820299E-01   3.6281658E-01  -2.5402479E-01  -3.0330917E-02   1.2431276E-02   4.0619888E-03   8.3692372E-02   3.3520060E-02  -2.2062953E-04  -8.9520445E-05   1.0198421E-03   9.3550861E-04   1.5128833E-05  -4.4338195E-06   2.3544000E-05   1.8401101E-05
 -4.0063915E-05   1.4481828E-04  -1.9358162E-05  -5.0537864E-04   5.4945324E-03  -1.7337468E-03  -2.2341606E-03  -4.2770414E-05   1.1225481E+01  -8.2880188E+00  -7.1572248E+00  -2.7107181E+00  -3.4529566E+00  -1.0036463E-01  -1.4898153E-01   3.3520060E-02   7.3455390E+00  -9.3598298E-03  -2.2795650E-03  -8.6812790E-04  -4.7522006E-02  -3.4783322E-04   8.8635607E-05  -3.0930029E-04  -1.8910743E-04
  3.7058483E-07   1.4494389E-06   1.0100673E-06  -2.1728810E-05  -2.8661189E-04  -3.6767812E-05   1.1847506E-05   6.4051336E-06  -1.7250319E-01  -1.9982112E-02  -5.2858981E-03   1.3253522E-02  -2.3044955E-04   1.3638764E-07   5.4241643E-04  -2.2062953E-04  -9.3598298E-03   3.7865624E-02   2.6367689E-03  -1.1571500E-04   3.1545115E-04   3.7048971E-05  -1.7791456E-06  -1.3976748E-05  -2.1179712E-05
 -2.2590455E-07   4.3993223E-06   4.6404002E-07  -4.0856400E-06  -2.9975684E-04  -7.0787852E-05  -3.7919313E-05   9.1023147E-06   3.3619435E-01  -2.2513323E-01  -2.6134728E-01   1.6067074E-01  -4.1363110E-03  -1.4334056E-03   7.2037921E-03  -8.9520445E-05  -2.2795650E-03   2.6367689E-03   3.0742165E-02  -6.8557471E-04   5.1081117E-03  -7.9407949E-05  -4.3166484E-05  -8.8355763E-05  -7.3822947E-05
  8.7195610E-07  -4.1491639E-06  -1.0275861E-07   1.1098870E-05  -1.1242366E-04   4.8206588E-05   3.7541786E-05   1.2689235E-05  -2.4373749E-01   4.9016795E-02   5.4475201E-01  -4.4685110E-01   6.8887113E-03  -2.6833226E-03  -1.9309121E-04   1.0198421E-03  -8.6812790E-04  -1.1571500E-04  -6.8557471E-04   1.0681084E-02   8.3471037E-03   2.9053087E-06   6.3898719E-05   1.0824924E-05   1.8613648E-06
 -1.5305630E-07  -1.2113080E-07   1.2652318E-07   1.3002672E-05   2.7346054E-05   2.6652313E-05  -1.3245294E-06   8.7421796E-06  -2.0940169E-01   6.3759751E-02  -3.1124108E-02  -1.0093491E-01   5.3058223E-02   5.2376305E-03  -1.7710673E-02   9.3550861E-04  -4.7522006E-02   3.1545115E-04   5.1081117E-03   8.3471037E-03   2.6317402E-02  -4.3816017E-06   5.9128045E-05  -3.7931977E-06  -7.5217144E-06
  3.0528294E-09  -6.0325815E-08   4.3329713E-09  -4.8301992E-08   8.5745834E-07   3.9921274E-07  -1.6770671E-07   8.8878609E-09   6.7197928E-03   7.7179710E-04   1.6398968E-03  -5.3377063E-04   4.2941611E-04   1.8549013E-05  -1.0721279E-05   1.5128833E-05  -3.4783322E-04   3.7048971E-05  -7.9407949E-05   2.9053087E-06  -4.3816017E-06   1.1054897E-06   4.2051528E-08   3.8975230E-07   5.9999935E-07
 -7.3735479E-09   4.1918659E-08  -3.3986749E-09  -3.4145727E-07   1.1445098E-06  -5.7449066E-07  -4.1580596E-07   5.1434348E-09   2.3472780E-03   6.5204067E-04  -7.6206932E-03   3.0188577E-03  -2.1903985E-04  -3.5720535E-05   9.4156989E-05  -4.4338195E-06   8.8635607E-05  -1.7791456E-06  -4.3166484E-05   6.3898719E-05   5.9128045E-05   4.2051528E-08   2.4677573E-06   3.0619915E-07   2.1026388E-07
 -1.1538433E-07   1.0588686E-07  -8.8840068E-08  -3.0645942E-06   3.6267475E-05  -6.1236820E-06  -1.0419147E-06  -3.2006784E-07   2.5103931E-03   3.2559647E-03   2.4759052E-03  -6.1892854E-04  -9.5564194E-05   1.0695673E-05  -2.4755509E-05   2.3544000E-05  -3.0930029E-04  -1.3976748E-05  -8.8355763E-05   1.0824924E-05  -3.7931977E-06   3.8975230E-07   3.0619915E-07   2.4054017E-05   8.2630736E-06
 -2.4713798E-07  -8.0270431E-07   3.6670652E-08  -1.0401720E-06   6.9116186E-07  -1.8893067E-06  -2.4215889E-06  -1.8820316E-07   7.4027126E-03   5.8602811E-03   2.8235020E-03   3.3418146E-04  -2.6302456E-04  -7.8188046E-07   1.0581461E-05   1.8401101E-05  -1.8910743E-04  -2.1179712E-05  -7.3822947E-05   1.8613648E-06  -7.5217144E-06   5.9999935E-07   2.1026388E-07   8.2630736E-06   2.4223691E-05
