# omegabh2 omegach2 theta tau mnu nnu logA ns calPlanck aps100 aps143 aps217 acib217 asz143 psr xi aksz dust100 dust143 dust217 dust143x217 cal0 cal2 bm_1_1
    0.1734226E-06    0.6621503E-06   -0.7927988E-08    0.4390583E-05   -0.4610996E-04    0.1018548E-03    0.1112962E-04    0.6082567E-05    0.3070158E-07    0.2753618E-03   -0.4071701E-04   -0.2993787E-03    0.1284434E-03   -0.1802553E-05   -0.1019413E-05   -0.1444645E-05    0.3609350E-04    0.3249488E-05    0.7287352E-06   -0.6479278E-06    0.6262552E-06    0.1108304E-07    0.1745796E-07    0.1396324E-05
    0.6621503E-06    0.1626501E-04   -0.1568163E-05    0.1419904E-04    0.2761735E-04    0.1043935E-02    0.7031053E-04    0.3558150E-04   -0.1837964E-06    0.2263351E-01    0.1224696E-01   -0.5214392E-02    0.6713524E-02   -0.1037207E-02   -0.8927091E-05   -0.6357160E-04    0.1887467E-02    0.3719611E-04    0.1106238E-04   -0.4567988E-04    0.2192172E-04   -0.7218881E-08    0.7964850E-06    0.7856516E-05
   -0.7927988E-08   -0.1568163E-05    0.3511118E-06   -0.8491679E-06   -0.3863668E-04   -0.8722745E-04   -0.5245665E-05   -0.2007822E-05    0.5193304E-07   -0.2633914E-02   -0.1448696E-02    0.4928426E-03   -0.7229548E-03    0.1290969E-03    0.8932896E-06    0.5784934E-05   -0.2295042E-03   -0.3346228E-05   -0.1560326E-05    0.4984428E-05   -0.2281472E-05    0.2661665E-08   -0.8855187E-07    0.5124595E-05
    0.4390583E-05    0.1419904E-04   -0.8491679E-06    0.4547654E-03    0.2142292E-03    0.2977556E-02    0.9502555E-03    0.1937229E-03   -0.2154250E-06   -0.5223373E-02   -0.2233988E-02    0.5726577E-03   -0.1100511E-02    0.1656631E-03    0.1062652E-04    0.6518169E-04   -0.7513532E-03    0.4089218E-04    0.3680899E-04    0.8078798E-05    0.2257678E-05   -0.1485338E-06   -0.7587295E-07   -0.2134459E-04
   -0.4610996E-04    0.2761735E-04   -0.3863668E-04    0.2142292E-03    0.5564915E-01   -0.1442158E-01    0.1469063E-03   -0.1414074E-02    0.7785519E-05    0.5454739E+00    0.3118852E+00   -0.6616071E-01    0.1434241E+00   -0.2357630E-01    0.1308666E-03   -0.1280658E-02    0.4506192E-01    0.1588979E-03    0.4715109E-03   -0.8274673E-03    0.7261135E-03   -0.2512845E-05    0.1821558E-04   -0.2077107E-02
    0.1018548E-03    0.1043935E-02   -0.8722745E-04    0.2977556E-02   -0.1442158E-01    0.1011148E+00    0.8877674E-02    0.4780093E-02    0.3969436E-05    0.1661989E+01    0.7811066E+00   -0.4943252E+00    0.4993344E+00   -0.7289744E-01   -0.1394235E-02   -0.4761837E-02    0.1463375E+00    0.3464113E-02    0.9781606E-03   -0.3273624E-02    0.1812609E-02    0.5556618E-05    0.6033434E-04    0.8833572E-03
    0.1112962E-04    0.7031053E-04   -0.5245665E-05    0.9502555E-03    0.1469063E-03    0.8877674E-02    0.2121375E-02    0.4964425E-03    0.1110391E-04    0.5273079E-01    0.2661137E-01   -0.6532846E-02    0.1414531E-01   -0.2105594E-02    0.1032578E-04   -0.3674748E-05    0.2295354E-02    0.1670593E-03    0.4787767E-04   -0.6133779E-04    0.5576635E-04    0.2593529E-06    0.1761382E-05   -0.2517912E-05
    0.6082567E-05    0.3558150E-04   -0.2007822E-05    0.1937229E-03   -0.1414074E-02    0.4780093E-02    0.4964425E-03    0.2748335E-03    0.8261763E-06    0.3643533E-01    0.1803564E-01   -0.1263085E-01    0.1249922E-01   -0.1672767E-02   -0.2365225E-04   -0.9759646E-04    0.2983743E-02    0.1850685E-03    0.4669935E-04   -0.7493409E-04    0.4642945E-04    0.1505225E-07    0.1671982E-05    0.7217279E-04
    0.3070158E-07   -0.1837964E-06    0.5193304E-07   -0.2154250E-06    0.7785519E-05    0.3969436E-05    0.1110391E-04    0.8261763E-06    0.5971099E-05    0.3353337E-02    0.3451685E-03    0.9618603E-03    0.5803947E-03    0.3065846E-05   -0.2591793E-05   -0.6721488E-06    0.2502889E-04    0.1867200E-05    0.3142010E-05    0.1076795E-04    0.1032334E-05    0.3739740E-08   -0.3106450E-07   -0.9472750E-05
    0.2753618E-03    0.2263351E-01   -0.2633914E-02   -0.5223373E-02    0.5454739E+00    0.1661989E+01    0.5273079E-01    0.3643533E-01    0.3353337E-02    0.5447492E+03    0.8444028E+02   -0.6990241E+02    0.4532020E+02   -0.2348812E+02   -0.8839432E+00   -0.2757801E+00    0.1278001E+02   -0.1576366E-01    0.3473410E-01   -0.1088113E+00   -0.1232460E+00    0.6134063E-02    0.9404741E-02    0.1085679E+01
   -0.4071701E-04    0.1224696E-01   -0.1448696E-02   -0.2233988E-02    0.3118852E+00    0.7811066E+00    0.2661137E-01    0.1803564E-01    0.3451685E-03    0.8444028E+02    0.6824872E+02    0.7084340E+01    0.1132633E+02   -0.3110124E+01    0.1893981E+00    0.6677520E+00   -0.4426294E+01   -0.5467993E-02   -0.1543066E+00   -0.1032859E+00    0.1579361E+00    0.3736908E-03   -0.8725310E-05   -0.3899083E-02
   -0.2993787E-03   -0.5214392E-02    0.4928426E-03    0.5726577E-03   -0.6616071E-01   -0.4943252E+00   -0.6532846E-02   -0.1263085E-01    0.9618603E-03   -0.6990241E+02    0.7084340E+01    0.1740591E+03   -0.8124839E+02    0.4975658E+01    0.4978367E+00    0.4465881E+00   -0.1018213E+02   -0.3923657E-01   -0.5726681E-01    0.6347280E+00   -0.9682800E-01    0.1357387E-02   -0.1184407E-01    0.1511265E+00
    0.1284434E-03    0.6713524E-02   -0.7229548E-03   -0.1100511E-02    0.1434241E+00    0.4993344E+00    0.1414531E-01    0.1249922E-01    0.5803947E-03    0.4532020E+02    0.1132633E+02   -0.8124839E+02    0.4973684E+02   -0.1208636E+00   -0.8976175E-01   -0.3656568E+00   -0.3713382E+00    0.1958780E-01    0.4561712E-01   -0.5007558E+00   -0.2513810E-02   -0.3706968E-03    0.5400693E-02   -0.8650104E-01
   -0.1802553E-05   -0.1037207E-02    0.1290969E-03    0.1656631E-03   -0.2357630E-01   -0.7289744E-01   -0.2105594E-02   -0.1672767E-02    0.3065846E-05   -0.2348812E+02   -0.3110124E+01    0.4975658E+01   -0.1208636E+00    0.3607498E+01    0.1349720E+00   -0.7412936E-01   -0.3052686E+01   -0.1152966E-01   -0.1638492E-01   -0.4118824E-01    0.5355545E-01    0.3702644E-03   -0.1061573E-02    0.2277096E-01
   -0.1019413E-05   -0.8927091E-05    0.8932896E-06    0.1062652E-04    0.1308666E-03   -0.1394235E-02    0.1032578E-04   -0.2365225E-04   -0.2591793E-05   -0.8839432E+00    0.1893981E+00    0.4978367E+00   -0.8976175E-01    0.1349720E+00    0.1201887E-01    0.1416658E-01   -0.1581539E+00   -0.3436426E-03   -0.7234017E-04   -0.1457865E-02    0.5185895E-03    0.1735296E-04   -0.4185583E-04    0.1907500E-02
   -0.1444645E-05   -0.6357160E-04    0.5784934E-05    0.6518169E-04   -0.1280658E-02   -0.4761837E-02   -0.3674748E-05   -0.9759646E-04   -0.6721488E-06   -0.2757801E+00    0.6677520E+00    0.4465881E+00   -0.3656568E+00   -0.7412936E-01    0.1416658E-01    0.8085376E-01    0.7223343E-01    0.1183164E-03    0.3188399E-04    0.3426489E-03    0.1192766E-02    0.9358640E-05   -0.3464633E-04    0.1522149E-02
    0.3609350E-04    0.1887467E-02   -0.2295042E-03   -0.7513532E-03    0.4506192E-01    0.1463375E+00    0.2295354E-02    0.2983743E-02    0.2502889E-04    0.1278001E+02   -0.4426294E+01   -0.1018213E+02   -0.3713382E+00   -0.3052686E+01   -0.1581539E+00    0.7223343E-01    0.7273121E+01    0.1197984E-01    0.1478776E-01    0.3967036E-01   -0.4700761E-01   -0.3049768E-03    0.8840668E-03   -0.2254770E-01
    0.3249488E-05    0.3719611E-04   -0.3346228E-05    0.4089218E-04    0.1588979E-03    0.3464113E-02    0.1670593E-03    0.1850685E-03    0.1867200E-05   -0.1576366E-01   -0.5467993E-02   -0.3923657E-01    0.1958780E-01   -0.1152966E-01   -0.3436426E-03    0.1183164E-03    0.1197984E-01    0.3729290E-01    0.3817381E-02   -0.2337066E-03    0.4253055E-03    0.3899904E-04   -0.2000934E-05   -0.8139505E-03
    0.7287352E-06    0.1106238E-04   -0.1560326E-05    0.3680899E-04    0.4715109E-03    0.9781606E-03    0.4787767E-04    0.4669935E-04    0.3142010E-05    0.3473410E-01   -0.1543066E+00   -0.5726681E-01    0.4561712E-01   -0.1638492E-01   -0.7234017E-04    0.3188399E-04    0.1478776E-01    0.3817381E-02    0.3297764E-01   -0.2632591E-02    0.3312901E-02   -0.5945235E-04   -0.5926026E-04   -0.1393875E-02
   -0.6479278E-06   -0.4567988E-04    0.4984428E-05    0.8078798E-05   -0.8274673E-03   -0.3273624E-02   -0.6133779E-04   -0.7493409E-04    0.1076795E-04   -0.1088113E+00   -0.1032859E+00    0.6347280E+00   -0.5007558E+00   -0.4118824E-01   -0.1457865E-02    0.3426489E-03    0.3967036E-01   -0.2337066E-03   -0.2632591E-02    0.1350083E-01    0.1112446E-01    0.1165643E-05    0.6171776E-04    0.1522845E-02
    0.6262552E-06    0.2192172E-04   -0.2281472E-05    0.2257678E-05    0.7261135E-03    0.1812609E-02    0.5576635E-04    0.4642945E-04    0.1032334E-05   -0.1232460E+00    0.1579361E+00   -0.9682800E-01   -0.2513810E-02    0.5355545E-01    0.5185895E-03    0.1192766E-02   -0.4700761E-01    0.4253055E-03    0.3312901E-02    0.1112446E-01    0.3153223E-01    0.4574534E-05    0.8888248E-04    0.1153632E-02
    0.1108304E-07   -0.7218881E-08    0.2661665E-08   -0.1485338E-06   -0.2512845E-05    0.5556618E-05    0.2593529E-06    0.1505225E-07    0.3739740E-08    0.6134063E-02    0.3736908E-03    0.1357387E-02   -0.3706968E-03    0.3702644E-03    0.1735296E-04    0.9358640E-05   -0.3049768E-03    0.3899904E-04   -0.5945235E-04    0.1165643E-05    0.4574534E-05    0.9419388E-06   -0.6755059E-07   -0.7605649E-04
    0.1745796E-07    0.7964850E-06   -0.8855187E-07   -0.7587295E-07    0.1821558E-04    0.6033434E-04    0.1761382E-05    0.1671982E-05   -0.3106450E-07    0.9404741E-02   -0.8725310E-05   -0.1184407E-01    0.5400693E-02   -0.1061573E-02   -0.4185583E-04   -0.3464633E-04    0.8840668E-03   -0.2000934E-05   -0.5926026E-04    0.6171776E-04    0.8888248E-04   -0.6755059E-07    0.3151356E-05    0.1144426E-05
    0.1396324E-05    0.7856516E-05    0.5124595E-05   -0.2134459E-04   -0.2077107E-02    0.8833572E-03   -0.2517912E-05    0.7217279E-04   -0.9472750E-05    0.1085679E+01   -0.3899083E-02    0.1511265E+00   -0.8650104E-01    0.2277096E-01    0.1907500E-02    0.1522149E-02   -0.2254770E-01   -0.8139505E-03   -0.1393875E-02    0.1522845E-02    0.1153632E-02   -0.7605649E-04    0.1144426E-05    0.9953998E+00
