# omegabh2 omegach2 theta tau ns nrun logA aps100 aps143 aps217 acib143 acib217 asz143 psr cibr cal0 cal2 xi aksz bm_1_1
8.578600E-08 -3.487800E-07 7.429200E-08 2.031300E-06 8.736400E-07 -1.065700E-06 3.639800E-06 -6.938010E-04 -2.329020E-04 -1.332270E-04 -1.699400E-04 -1.282200E-04 9.739800E-06 -1.008000E-07 1.730200E-06 -8.029500E-11 -1.009100E-08 1.397000E-06 6.304200E-07 -7.403000E-07
-3.487800E-07 6.447800E-06 -6.328500E-07 -1.298600E-05 -1.492100E-05 -1.252500E-06 -1.034200E-05 1.058580E-02 4.132440E-04 -3.521250E-04 5.683000E-04 1.135800E-03 2.236500E-05 -3.334800E-06 2.266500E-05 1.879000E-08 5.173400E-08 -4.042700E-05 1.278500E-04 1.066300E-04
7.429200E-08 -6.328500E-07 3.425500E-07 2.035400E-06 1.865400E-06 -1.961500E-07 2.914000E-06 -1.071540E-03 -1.398240E-04 -1.159470E-04 -6.680400E-05 -1.219700E-04 8.343800E-06 -7.240900E-07 2.931000E-06 -6.927500E-09 -1.832400E-08 8.723800E-06 3.779600E-06 -6.134200E-06
2.031300E-06 -1.298600E-05 2.035400E-06 2.501100E-04 3.823900E-05 -5.289500E-05 4.801400E-04 -3.739140E-02 8.530920E-04 -6.574410E-04 -3.558800E-03 -3.821900E-03 -2.447900E-04 -1.276900E-06 -6.159100E-05 1.077700E-07 8.512100E-09 1.332400E-04 -9.243000E-05 -3.388000E-04
8.736400E-07 -1.492100E-05 1.865400E-06 3.823900E-05 5.344600E-05 1.184000E-05 3.603100E-05 -5.253840E-02 7.788690E-03 2.011680E-02 -7.191800E-03 -1.335400E-02 -5.224200E-04 3.032400E-05 -2.777200E-04 -1.443900E-07 -4.069500E-07 2.292500E-04 -2.300000E-03 -4.772700E-04
-1.065700E-06 -1.252500E-06 -1.961500E-07 -5.289500E-05 1.184000E-05 7.844000E-05 -1.267200E-04 -3.469410E-02 8.400150E-03 2.037240E-02 -2.417900E-03 -1.132200E-02 -8.761600E-04 1.697500E-05 -2.954600E-04 5.795300E-08 -4.597700E-07 2.566100E-04 -2.484400E-03 -6.253400E-04
3.639800E-06 -1.034200E-05 2.914000E-06 4.801400E-04 3.603100E-05 -1.267200E-04 9.688500E-04 -1.240470E-02 8.600040E-03 2.497410E-03 -7.443700E-03 -6.416400E-03 -7.471500E-04 -7.303000E-07 -1.420200E-04 2.658000E-07 3.867000E-07 1.716800E-04 -1.367000E-04 -4.967100E-05
-6.938010E-04 1.058580E-02 -1.071540E-03 -3.739140E-02 -5.253840E-02 -3.469410E-02 -1.240470E-02 2.668545E+03 1.143315E+02 4.504734E+01 5.534910E+01 -3.721050E+00 -1.980810E+01 -8.798850E-02 -3.990240E+00 -1.304820E-03 5.816430E-03 3.702690E-01 -5.819310E+00 1.154610E+01
-2.329020E-04 4.132440E-04 -1.398240E-04 8.530920E-04 7.788690E-03 8.400150E-03 8.600040E-03 1.143315E+02 1.217592E+02 7.174170E+01 -2.290050E+01 -2.759130E+01 -3.491640E+00 1.778400E-02 -7.974360E-01 -8.223840E-05 1.188900E-03 1.442430E+00 -5.224320E+00 8.830890E-02
-1.332270E-04 -3.521250E-04 -1.159470E-04 -6.574410E-04 2.011680E-02 2.037240E-02 2.497410E-03 4.504734E+01 7.174170E+01 1.854495E+02 -2.612970E+01 -8.097840E+01 -2.768220E+00 1.732320E-01 -1.691820E+00 -3.207330E-04 -6.078420E-03 6.908760E-01 -5.684760E+00 1.625040E-01
-1.699400E-04 5.683000E-04 -6.680400E-05 -3.558800E-03 -7.191800E-03 -2.417900E-03 -7.443700E-03 5.534910E+01 -2.290050E+01 -2.612970E+01 3.074000E+01 1.585000E+01 -7.061100E-01 -1.177600E-02 -2.508500E-03 5.682400E-05 -2.320700E-04 2.675700E-01 -4.162800E-01 -3.946900E-01
-1.282200E-04 1.135800E-03 -1.219700E-04 -3.821900E-03 -1.335400E-02 -1.132200E-02 -6.416400E-03 -3.721050E+00 -2.759130E+01 -8.097840E+01 1.585000E+01 4.371700E+01 1.680900E+00 -8.430800E-02 9.311200E-01 1.414000E-04 3.087800E-03 -4.370800E-01 -3.391000E-01 2.181500E-02
9.739800E-06 2.236500E-05 8.343800E-06 -2.447900E-04 -5.224200E-04 -8.761600E-04 -7.471500E-04 -1.980810E+01 -3.491640E+00 -2.768220E+00 -7.061100E-01 1.680900E+00 6.506700E-01 -1.374800E-03 1.471600E-01 4.973700E-06 -1.430300E-04 -4.670200E-02 -2.637000E-02 7.987800E-02
-1.008000E-07 -3.334800E-06 -7.240900E-07 -1.276900E-06 3.032400E-05 1.697500E-05 -7.303000E-07 -8.798850E-02 1.778400E-02 1.732320E-01 -1.177600E-02 -8.430800E-02 -1.374800E-03 2.288400E-03 -2.466600E-03 -6.553300E-07 -4.781800E-06 1.864100E-03 -4.598500E-03 3.958500E-04
1.730200E-06 2.266500E-05 2.931000E-06 -6.159100E-05 -2.777200E-04 -2.954600E-04 -1.420200E-04 -3.990240E+00 -7.974360E-01 -1.691820E+00 -2.508500E-03 9.311200E-01 1.471600E-01 -2.466600E-03 5.292300E-02 2.530600E-06 2.906500E-05 -7.117600E-03 -5.851800E-03 1.551500E-02
-8.029500E-11 1.879000E-08 -6.927500E-09 1.077700E-07 -1.443900E-07 5.795300E-08 2.658000E-07 -1.304820E-03 -8.223840E-05 -3.207330E-04 5.682400E-05 1.414000E-04 4.973700E-06 -6.553300E-07 2.530600E-06 1.589500E-07 7.309700E-10 1.727000E-06 5.118100E-06 -2.996400E-05
-1.009100E-08 5.173400E-08 -1.832400E-08 8.512100E-09 -4.069500E-07 -4.597700E-07 3.867000E-07 5.816430E-03 1.188900E-03 -6.078420E-03 -2.320700E-04 3.087800E-03 -1.430300E-04 -4.781800E-06 2.906500E-05 7.309700E-10 8.681200E-07 -1.064600E-05 1.404600E-05 -1.763400E-07
1.397000E-06 -4.042700E-05 8.723800E-06 1.332400E-04 2.292500E-04 2.566100E-04 1.716800E-04 3.702690E-01 1.442430E+00 6.908760E-01 2.675700E-01 -4.370800E-01 -4.670200E-02 1.864100E-03 -7.117600E-03 1.727000E-06 -1.064600E-05 7.213700E-02 1.029000E-02 -8.823800E-03
6.304200E-07 1.278500E-04 3.779600E-06 -9.243000E-05 -2.300000E-03 -2.484400E-03 -1.367000E-04 -5.819310E+00 -5.224320E+00 -5.684760E+00 -4.162800E-01 -3.391000E-01 -2.637000E-02 -4.598500E-03 -5.851800E-03 5.118100E-06 1.404600E-05 1.029000E-02 2.055700E+00 -1.379600E-02
-7.403000E-07 1.066300E-04 -6.134200E-06 -3.388000E-04 -4.772700E-04 -6.253400E-04 -4.967100E-05 1.154610E+01 8.830890E-02 1.625040E-01 -3.946900E-01 2.181500E-02 7.987800E-02 3.958500E-04 1.551500E-02 -2.996400E-05 -1.763400E-07 -8.823800E-03 -1.379600E-02 1.555300E-01
