# omegabh2 omegach2 theta tau omegak logA ns calPlanck aps100 aps143 aps217 acib217 asz143 psr cibr xi aksz dust100 dust143 dust217 dust143x217 cal0 cal2 calTE calEE
  2.8298236E-08  -1.4341235E-07   2.2970266E-08   1.4896806E-07  -4.3493948E-07   4.7816002E-08   4.3516295E-07   1.0355390E-08  -5.4262612E-04  -3.7450907E-04   1.2220046E-04  -1.7821975E-04   1.6264664E-05   1.8170893E-06  -4.0593984E-06   8.6916289E-07  -3.4772135E-05   2.0983020E-09  -3.4956980E-07   6.8045255E-07  -2.4734068E-07  -1.4764091E-10  -1.5017951E-08  -1.1993508E-07  -2.6171811E-07
 -1.4341235E-07   2.1664172E-06  -2.1242792E-07  -1.8149819E-06   5.4799998E-06   1.2076673E-06  -5.3079172E-06  -1.3192990E-07   2.1650043E-03   1.7544310E-03  -4.1537102E-04   8.3263865E-04  -6.1073255E-05  -9.4883667E-06   2.2866997E-05  -8.1167401E-06   9.3824164E-05   4.5908278E-06   4.9658809E-06  -2.4050179E-06   1.1020041E-06  -3.1456239E-08   8.6398559E-08   2.0933712E-07  -4.2715779E-07
  2.2970266E-08  -2.1242792E-07   1.0867105E-07   2.5223391E-07  -5.9591965E-07   1.0968574E-07   6.4736225E-07   8.3247957E-09  -2.0720965E-04  -2.2818344E-04   4.7323572E-05  -1.1278370E-04  -9.1230644E-06   3.2319516E-07  -3.0188213E-06   2.6005275E-07   1.2696907E-05  -1.2932212E-06  -3.4316299E-07   8.1355174E-07   3.6518476E-07  -2.6173148E-09   1.2996463E-10  -8.0102654E-08   4.7786692E-09
  1.4896806E-07  -1.8149819E-06   2.5223391E-07   6.6632524E-05   1.9332845E-05   1.3009017E-04   6.6187625E-06   6.7905410E-07  -7.4494880E-03  -3.1206277E-03   2.7900486E-03  -2.5845719E-03   3.3212069E-04   3.1273915E-05  -6.8717584E-05   1.5437809E-05  -3.0759234E-04  -1.5424687E-05  -1.7761004E-05   2.2978071E-05   1.9294009E-05  -8.3483299E-08  -6.1174478E-08  -1.6543871E-06  -1.9795318E-07
 -4.3493948E-07   5.4799998E-06  -5.9591965E-07   1.9332845E-05   4.2751495E-05   5.6760361E-05  -1.4700037E-05   2.1210610E-06   8.3004759E-03   7.3325403E-03   1.5163189E-03   2.1985444E-03   2.6779821E-05  -1.4317744E-05   5.5732091E-05  -9.8129926E-06   2.3918058E-04  -1.1185689E-06  -4.6171981E-05   3.7370791E-06   6.7872495E-06   2.3377334E-07   3.7632282E-07   2.7457959E-06   1.6456591E-06
  4.7816002E-08   1.2076673E-06   1.0968574E-07   1.3009017E-04   5.6760361E-05   2.9203024E-04  -1.1265484E-07   1.2965374E-05  -5.0363771E-03  -7.4593075E-04   1.4197686E-02  -5.6317205E-03   4.2217449E-04   5.9213270E-05  -1.6115440E-04   4.7670264E-05  -1.0897711E-03  -4.1626293E-05  -1.2462605E-04   7.0020473E-05   2.8521106E-05   2.9482059E-07  -6.0090213E-08  -2.9955766E-06   4.0741030E-07
  4.3516295E-07  -5.3079172E-06   6.4736225E-07   6.6187625E-06  -1.4700037E-05  -1.1265484E-07   2.3326056E-05   4.5164258E-07  -2.7590293E-02  -1.0921934E-02   8.6424509E-03  -7.2519480E-03   6.6993305E-04   8.9646001E-05  -1.5849261E-04   6.4707977E-05  -1.9805801E-03   9.2748253E-06  -3.6151591E-05   2.5587089E-05  -2.2172065E-05  -2.8951767E-07  -5.0527808E-07  -1.4722992E-06  -3.1768365E-06
  1.0355390E-08  -1.3192990E-07   8.3247957E-09   6.7905410E-07   2.1210610E-06   1.2965374E-05   4.5164258E-07   6.0003665E-06   3.3018253E-03   4.6932975E-04   1.8631106E-03   1.6527812E-04  -8.3864231E-05  -6.8136154E-06  -5.3185634E-06  -2.4961193E-06   8.0727087E-05  -3.8146321E-06   9.8680842E-08   8.2127823E-06  -8.9901391E-07  -5.8762734E-08  -4.4211713E-08  -3.5636185E-07  -2.3740416E-07
 -5.4262612E-04   2.1650043E-03  -2.0720965E-04  -7.4494880E-03   8.3004759E-03  -5.0363771E-03  -2.7590293E-02   3.3018253E-03   6.2696190E+02   6.0065748E+01  -6.1758765E+01   3.3314229E+01  -2.5968929E+01  -9.3002906E-01  -1.0429453E-01  -2.9484065E-01   1.2430514E+01  -1.8477309E-01   2.7628134E-01  -2.4978409E-01  -1.4898383E-01   6.7108860E-03   3.6386948E-03   1.8996440E-03   8.1580169E-03
 -3.7450907E-04   1.7544310E-03  -2.2818344E-04  -3.1206277E-03   7.3325403E-03  -7.4593075E-04  -1.0921934E-02   4.6932975E-04   6.0065748E+01   6.8997185E+01   7.9874478E+00   7.0747359E+00  -5.9435976E-01  -5.4545658E-02   4.8114730E-01   9.1259088E-01  -7.9398529E+00  -2.7654377E-02  -2.2166244E-01   6.5133603E-02   7.8955398E-02   7.1988174E-04   9.9522992E-04   2.8386625E-03   5.2948757E-03
  1.2220046E-04  -4.1537102E-04   4.7323572E-05   2.7900486E-03   1.5163189E-03   1.4197686E-02   8.6424509E-03   1.8631106E-03  -6.1758765E+01   7.9874478E+00   1.7461204E+02  -8.2644690E+01   3.0042830E+00   3.6697862E-01  -1.0892245E+00   3.5920267E-01  -7.0198391E+00  -8.6918873E-02  -3.0630927E-01   5.4399275E-01  -1.0564942E-02   1.6436559E-03  -7.8873242E-03   2.3436968E-03   2.3799581E-03
 -1.7821975E-04   8.3263865E-04  -1.1278370E-04  -2.5845719E-03   2.1985444E-03  -5.6317205E-03  -7.2519480E-03   1.6527812E-04   3.3314229E+01   7.0747359E+00  -8.2644690E+01   5.1758297E+01   1.5399308E+00  -6.4040489E-02   7.6155731E-01  -2.8797938E-01  -2.9007062E+00   3.5700977E-02   1.8424648E-01  -4.3718747E-01  -1.0138940E-01  -6.1938065E-04   3.3470195E-03  -3.3099244E-04   6.0885252E-04
  1.6264664E-05  -6.1073255E-05  -9.1230644E-06   3.3212069E-04   2.6779821E-05   4.2217449E-04   6.6993305E-04  -8.3864231E-05  -2.5968929E+01  -5.9435976E-01   3.0042830E+00   1.5399308E+00   4.4232567E+00   1.0697735E-01   1.5954250E-01  -4.6325538E-02  -3.6759460E+00  -4.9024082E-04  -1.7280120E-03   1.3885312E-02   5.5653825E-02   4.2331924E-04  -2.0212970E-04   1.6878382E-05  -2.4655023E-04
  1.8170893E-06  -9.4883667E-06   3.2319516E-07   3.1273915E-05  -1.4317744E-05   5.9213270E-05   8.9646001E-05  -6.8136154E-06  -9.3002906E-01  -5.4545658E-02   3.6697862E-01  -6.4040489E-02   1.0697735E-01   1.7303494E-02  -1.7485199E-02   1.1692463E-02  -1.0957627E-01  -1.6767257E-04  -1.3900796E-03  -2.4737052E-03   5.3392713E-03   1.9154312E-05  -3.7979065E-05   1.2657613E-05   5.0794851E-06
 -4.0593984E-06   2.2866997E-05  -3.0188213E-06  -6.8717584E-05   5.5732091E-05  -1.6115440E-04  -1.5849261E-04  -5.3185634E-06  -1.0429453E-01   4.8114730E-01  -1.0892245E+00   7.6155731E-01   1.5954250E-01  -1.7485199E-02   7.0300058E-02   2.7656268E-03  -1.6303816E-01   9.1962553E-04   8.2268653E-03  -9.1017403E-05  -1.7178510E-02  -1.4842697E-05   1.0086041E-04  -4.7517539E-06  -1.8757354E-06
  8.6916289E-07  -8.1167401E-06   2.6005275E-07   1.5437809E-05  -9.8129926E-06   4.7670264E-05   6.4707977E-05  -2.4961193E-06  -2.9484065E-01   9.1259088E-01   3.5920267E-01  -2.8797938E-01  -4.6325538E-02   1.1692463E-02   2.7656268E-03   8.3519081E-02   5.5092644E-02  -3.0988901E-04  -6.4490409E-05   1.2409681E-03   1.0685377E-03   1.4495137E-05  -1.4404060E-05  -3.8168363E-07   1.5847934E-05
 -3.4772135E-05   9.3824164E-05   1.2696907E-05  -3.0759234E-04   2.3918058E-04  -1.0897711E-03  -1.9805801E-03   8.0727087E-05   1.2430514E+01  -7.9398529E+00  -7.0198391E+00  -2.9007062E+00  -3.6759460E+00  -1.0957627E-01  -1.6303816E-01   5.5092644E-02   7.4678977E+00  -1.7019383E-03  -6.4632795E-03  -4.8700356E-03  -5.2857522E-02  -2.9549251E-04   2.6996641E-05  -2.6211036E-04  -2.5234980E-05
  2.0983020E-09   4.5908278E-06  -1.2932212E-06  -1.5424687E-05  -1.1185689E-06  -4.1626293E-05   9.2748253E-06  -3.8146321E-06  -1.8477309E-01  -2.7654377E-02  -8.6918873E-02   3.5700977E-02  -4.9024082E-04  -1.6767257E-04   9.1962553E-04  -3.0988901E-04  -1.7019383E-03   3.7475647E-02   2.6647715E-03  -1.4425702E-04   5.2303183E-04   3.5246776E-05  -2.5789688E-06  -2.3823280E-05  -2.9050717E-05
 -3.4956980E-07   4.9658809E-06  -3.4316299E-07  -1.7761004E-05  -4.6171981E-05  -1.2462605E-04  -3.6151591E-05   9.8680842E-08   2.7628134E-01  -2.2166244E-01  -3.0630927E-01   1.8424648E-01  -1.7280120E-03  -1.3900796E-03   8.2268653E-03  -6.4490409E-05  -6.4632795E-03   2.6647715E-03   3.0993622E-02  -6.8695979E-04   5.2546792E-03  -8.3735882E-05  -3.8962765E-05  -9.2001723E-05  -8.4584709E-05
  6.8045255E-07  -2.4050179E-06   8.1355174E-07   2.2978071E-05   3.7370791E-06   7.0020473E-05   2.5587089E-05   8.2127823E-06  -2.4978409E-01   6.5133603E-02   5.4399275E-01  -4.3718747E-01   1.3885312E-02  -2.4737052E-03  -9.1017403E-05   1.2409681E-03  -4.8700356E-03  -1.4425702E-04  -6.8695979E-04   1.0455461E-02   8.3314454E-03   4.6879808E-06   5.9890171E-05   6.6076066E-07  -6.9896451E-06
 -2.4734068E-07   1.1020041E-06   3.6518476E-07   1.9294009E-05   6.7872495E-06   2.8521106E-05  -2.2172065E-05  -8.9901391E-07  -1.4898383E-01   7.8955398E-02  -1.0564942E-02  -1.0138940E-01   5.5653825E-02   5.3392713E-03  -1.7178510E-02   1.0685377E-03  -5.2857522E-02   5.2303183E-04   5.2546792E-03   8.3314454E-03   2.5846301E-02  -1.7103549E-06   5.7756842E-05  -3.1786347E-05  -1.5812715E-05
 -1.4764091E-10  -3.1456239E-08  -2.6173148E-09  -8.3483299E-08   2.3377334E-07   2.9482059E-07  -2.8951767E-07  -5.8762734E-08   6.7108860E-03   7.1988174E-04   1.6436559E-03  -6.1938065E-04   4.2331924E-04   1.9154312E-05  -1.4842697E-05   1.4495137E-05  -2.9549251E-04   3.5246776E-05  -8.3735882E-05   4.6879808E-06  -1.7103549E-06   1.1217095E-06   3.9791209E-08   4.2087921E-07   6.5101406E-07
 -1.5017951E-08   8.6398559E-08   1.2996463E-10  -6.1174478E-08   3.7632282E-07  -6.0090213E-08  -5.0527808E-07  -4.4211713E-08   3.6386948E-03   9.9522992E-04  -7.8873242E-03   3.3470195E-03  -2.0212970E-04  -3.7979065E-05   1.0086041E-04  -1.4404060E-05   2.6996641E-05  -2.5789688E-06  -3.8962765E-05   5.9890171E-05   5.7756842E-05   3.9791209E-08   2.4469457E-06   2.0560868E-07   2.0541039E-07
 -1.1993508E-07   2.0933712E-07  -8.0102654E-08  -1.6543871E-06   2.7457959E-06  -2.9955766E-06  -1.4722992E-06  -3.5636185E-07   1.8996440E-03   2.8386625E-03   2.3436968E-03  -3.3099244E-04   1.6878382E-05   1.2657613E-05  -4.7517539E-06  -3.8168363E-07  -2.6211036E-04  -2.3823280E-05  -9.2001723E-05   6.6076066E-07  -3.1786347E-05   4.2087921E-07   2.0560868E-07   2.4005250E-05   8.0588758E-06
 -2.6171811E-07  -4.2715779E-07   4.7786692E-09  -1.9795318E-07   1.6456591E-06   4.0741030E-07  -3.1768365E-06  -2.3740416E-07   8.1580169E-03   5.2948757E-03   2.3799581E-03   6.0885252E-04  -2.4655023E-04   5.0794851E-06  -1.8757354E-06   1.5847934E-05  -2.5234980E-05  -2.9050717E-05  -8.4584709E-05  -6.9896451E-06  -1.5812715E-05   6.5101406E-07   2.0541039E-07   8.0588758E-06   2.4241204E-05
