# omegabh2 omegach2 theta tau ns nrun logA r aps100 aps143 aps217 acib143 acib217 asz143 psr cibr ncib cal0 cal2 xi aksz bm_1_1 a_ps_act_148 a_ps_act_217 a_ps_spt_95 a_ps_spt_150 a_ps_spt_220 r_ps_spt_95x150 r_ps_spt_95x220 r_ps_150x220 act_dust_s act_dust_e cal_acts_148 cal_acts_217 cal_acte_148 cal_acte_217 cal_spt_95 cal_spt_150 cal_spt_220
    0.95930E-07   -0.42893E-06    0.89832E-07    0.21212E-05    0.11065E-05   -0.14666E-05    0.37069E-05    0.67391E-05    0.35164E-03   -0.38977E-03   -0.40806E-03    0.34270E-05    0.36017E-04    0.62545E-05   -0.68372E-06   -0.25473E-06    0.53793E-06    0.18645E-08   -0.20676E-08   -0.18999E-05   -0.27135E-04   -0.52794E-06    0.69715E-05    0.42538E-04    0.15945E-04    0.15149E-04    0.63199E-04   -0.40177E-07   -0.43448E-06   -0.85841E-07   -0.36275E-06   -0.41533E-06    0.23438E-06    0.31072E-06    0.23200E-06    0.28298E-06    0.50131E-06    0.51996E-06    0.38076E-06
   -0.42893E-06    0.74615E-05   -0.78037E-06   -0.13520E-04   -0.17125E-04    0.80525E-07   -0.86867E-05   -0.40273E-04    0.92111E-02    0.33733E-02    0.31962E-02   -0.17639E-04   -0.13093E-03   -0.56671E-04    0.47031E-05    0.80848E-06   -0.43202E-06   -0.21830E-07    0.12740E-06    0.82218E-05    0.32656E-04    0.18784E-03   -0.30469E-04   -0.42140E-03   -0.68637E-04   -0.79801E-04   -0.48470E-03    0.88149E-06    0.76500E-06    0.12901E-07    0.46707E-05    0.60027E-05   -0.17570E-05   -0.22823E-05   -0.19182E-05   -0.22121E-05   -0.34434E-05   -0.35305E-05   -0.28104E-05
    0.89832E-07   -0.78037E-06    0.40119E-06    0.22375E-05    0.22957E-05   -0.55385E-06    0.30364E-05    0.56050E-05   -0.31285E-03   -0.34637E-03   -0.34660E-03    0.36156E-05    0.25575E-05    0.75751E-05   -0.73842E-06    0.41612E-07   -0.51593E-06    0.19451E-08   -0.68960E-08   -0.14498E-05   -0.12754E-04   -0.11322E-04    0.51761E-05    0.78786E-04    0.33485E-05    0.10612E-04    0.84089E-04    0.12170E-06   -0.17460E-06   -0.13968E-06   -0.33548E-06   -0.85952E-06    0.20843E-06    0.28275E-06    0.22698E-06    0.27119E-06    0.42150E-06    0.46197E-06    0.33898E-06
    0.21212E-05   -0.13520E-04    0.22375E-05    0.25660E-03    0.38466E-04   -0.68536E-04    0.49554E-03    0.15102E-03   -0.66474E-02   -0.36221E-02   -0.44446E-02    0.19173E-03    0.14680E-02    0.28903E-03   -0.10046E-04   -0.11035E-04    0.28469E-04   -0.16985E-07    0.54328E-07   -0.78285E-04   -0.14964E-02    0.29546E-04    0.37594E-04   -0.25418E-03    0.30989E-03    0.22038E-03    0.41913E-03    0.97862E-05   -0.63020E-05   -0.41783E-05    0.15548E-04    0.10390E-04    0.19090E-05    0.37036E-05    0.18224E-05    0.22729E-05    0.82145E-05    0.73133E-05    0.70477E-05
    0.11065E-05   -0.17125E-04    0.22957E-05    0.38466E-04    0.56943E-04    0.54032E-05    0.30507E-04    0.13133E-03   -0.54248E-01   -0.22976E-01   -0.17510E-01    0.75177E-04    0.18057E-02    0.78057E-03   -0.40005E-04   -0.79958E-05    0.40036E-04   -0.25726E-07    0.90676E-07   -0.16146E-03   -0.14539E-02   -0.44337E-03    0.16509E-03    0.14519E-02    0.38891E-03    0.34932E-03    0.12357E-02   -0.10405E-04   -0.14700E-04   -0.12873E-05   -0.10591E-04   -0.14674E-04    0.10419E-04    0.10735E-04    0.11167E-04    0.10472E-04    0.18934E-04    0.17153E-04    0.11127E-04
   -0.14666E-05    0.80525E-07   -0.55385E-06   -0.68536E-04    0.54032E-05    0.10827E-03   -0.16443E-03   -0.36985E-03   -0.62079E-01   -0.24802E-01   -0.18531E-01   -0.23568E-04    0.19663E-02    0.74601E-03   -0.41931E-04   -0.61921E-05    0.44577E-04    0.42247E-08   -0.34641E-06   -0.17124E-03   -0.15464E-02   -0.92249E-03    0.18755E-03    0.15530E-02    0.50300E-03    0.33120E-03    0.90873E-03   -0.20033E-04   -0.24884E-04   -0.24498E-05   -0.22982E-04   -0.12833E-04    0.10353E-04    0.10913E-04    0.11629E-04    0.10735E-04    0.17533E-04    0.14967E-04    0.11359E-04
    0.37069E-05   -0.86867E-05    0.30364E-05    0.49554E-03    0.30507E-04   -0.16443E-03    0.10153E-02    0.27067E-03    0.24998E-01    0.39558E-02    0.19984E-02    0.29324E-03    0.28159E-02    0.44016E-03   -0.38938E-05   -0.20698E-04    0.64157E-04   -0.32792E-07    0.12067E-05   -0.16126E-03   -0.29978E-02    0.13214E-02   -0.47019E-04   -0.21816E-02    0.40282E-03    0.16446E-03   -0.93769E-03    0.18904E-04   -0.16611E-04   -0.80453E-05    0.50299E-04    0.41824E-04   -0.11945E-05   -0.49788E-07   -0.22575E-05   -0.26657E-05    0.56109E-05    0.37250E-05    0.51173E-05
    0.67391E-05   -0.40273E-04    0.56050E-05    0.15102E-03    0.13133E-03   -0.36985E-03    0.27067E-03    0.49567E-02    0.53252E-01    0.40554E-01    0.28186E-01    0.49252E-03   -0.43398E-02   -0.92217E-03    0.84800E-04    0.48343E-05   -0.13113E-03   -0.11445E-06    0.10468E-05    0.38486E-03    0.38975E-02    0.12238E-02   -0.38065E-03    0.15624E-03   -0.16784E-02   -0.65196E-03    0.14456E-02    0.82008E-04    0.94612E-04    0.87973E-05    0.43514E-04    0.39842E-04   -0.12759E-04   -0.10780E-04   -0.15349E-04   -0.98257E-05   -0.34250E-04   -0.22266E-04   -0.76377E-05
    0.35164E-03    0.92111E-02   -0.31285E-03   -0.66474E-02   -0.54248E-01   -0.62079E-01    0.24998E-01    0.53252E-01    0.27925E+04    0.92288E+02    0.26258E+02   -0.31435E-02    0.32706E+01   -0.10495E+02   -0.11027E-01   -0.71286E-01    0.96384E-01    0.67942E-03   -0.35875E-02    0.99480E+00    0.78091E+01    0.19484E+02   -0.69134E-01   -0.61422E+01    0.45615E+01   -0.94796E+00   -0.14784E+01   -0.63115E-01   -0.34542E+00   -0.69691E-01    0.42398E-01   -0.46752E-01   -0.25286E-01    0.48742E-03   -0.26366E-01    0.41193E-02   -0.61296E-01   -0.33716E-01   -0.56895E-02
   -0.38977E-03    0.33733E-02   -0.34637E-03   -0.36221E-02   -0.22976E-01   -0.24802E-01    0.39558E-02    0.40554E-01    0.92288E+02    0.70664E+02    0.21235E+02    0.15287E+00   -0.61606E+00   -0.20147E+01    0.44305E-01    0.15624E-01   -0.44472E-01    0.26765E-04   -0.56808E-03    0.22045E+00    0.79897E+00    0.14523E+00    0.21620E+00   -0.16952E+01    0.73013E+00   -0.29740E+00   -0.72091E+00    0.10778E-01   -0.46799E-01   -0.28754E-01    0.17991E-01    0.54973E-02   -0.14854E-01   -0.10051E-01   -0.15393E-01   -0.10038E-01   -0.30066E-01   -0.22040E-01   -0.10039E-01
   -0.40806E-03    0.31962E-02   -0.34660E-03   -0.44446E-02   -0.17510E-01   -0.18531E-01    0.19984E-02    0.28186E-01    0.26258E+02    0.21235E+02    0.99124E+02   -0.90155E+00   -0.36060E+02    0.76695E+00   -0.34194E+00   -0.23620E-01   -0.42105E+00   -0.15808E-04    0.49052E-04    0.37585E-01    0.43018E+00    0.19745E+00    0.33273E+00    0.20378E+02   -0.11396E+01    0.65615E+00    0.11494E+02   -0.23627E-01   -0.64310E-01   -0.40410E-02    0.30775E-01    0.37069E-01   -0.84203E-02   -0.30048E-01   -0.80370E-02   -0.32915E-01   -0.11008E-01   -0.13967E-01   -0.61311E-01
    0.34270E-05   -0.17639E-04    0.36156E-05    0.19173E-03    0.75177E-04   -0.23568E-04    0.29324E-03    0.49252E-03   -0.31435E-02    0.15287E+00   -0.90155E+00    0.65662E+00    0.11232E+01    0.50755E+00    0.43924E-03   -0.15572E-02   -0.50751E-03    0.11547E-05    0.17491E-04    0.82684E-02   -0.84486E+00    0.25277E-02    0.33509E-01   -0.21003E+00   -0.15704E+00   -0.54977E-01   -0.13289E+00    0.47823E-01    0.46643E-01   -0.54789E-02   -0.14215E-02   -0.14584E-02    0.12060E-03    0.27635E-03    0.10684E-03    0.28354E-03   -0.48861E-03    0.50400E-03    0.18116E-02
    0.36017E-04   -0.13093E-03    0.25575E-05    0.14680E-02    0.18057E-02    0.19663E-02    0.28159E-02   -0.43398E-02    0.32706E+01   -0.61606E+00   -0.36060E+02    0.11232E+01    0.24123E+02    0.16173E+01    0.19558E+00    0.19566E-01    0.32077E+00    0.11562E-04   -0.25539E-04   -0.37092E+00   -0.39794E+01    0.14709E+00   -0.56469E+00   -0.15411E+02    0.15583E+00   -0.96117E+00   -0.10931E+02    0.46496E-01    0.59969E-01   -0.83250E-02   -0.70262E-02   -0.84533E-02   -0.36273E-03    0.62403E-02   -0.13078E-02    0.82144E-02    0.23195E-03   -0.16462E-02    0.21918E-01
    0.62545E-05   -0.56671E-04    0.75751E-05    0.28903E-03    0.78057E-03    0.74601E-03    0.44016E-03   -0.92217E-03   -0.10495E+02   -0.20147E+01    0.76695E+00    0.50755E+00    0.16173E+01    0.18017E+01    0.12361E-01    0.15887E-01    0.14840E-01    0.13519E-05   -0.73076E-04   -0.19266E+00   -0.22156E+01    0.36882E-01   -0.11974E+00   -0.75567E+00   -0.66438E+00   -0.13738E+00   -0.12523E+01    0.38309E-01    0.61319E-01   -0.23853E-02   -0.15546E-02    0.21793E-03    0.59677E-03   -0.28388E-02    0.40045E-03   -0.27887E-02    0.37770E-02    0.44316E-03   -0.24369E-02
   -0.68372E-06    0.47031E-05   -0.73842E-06   -0.10046E-04   -0.40005E-04   -0.41931E-04   -0.38938E-05    0.84800E-04   -0.11027E-01    0.44305E-01   -0.34194E+00    0.43924E-03    0.19558E+00    0.12361E-01    0.44415E-02   -0.10647E-03    0.19078E-02    0.21492E-06    0.80975E-06   -0.75833E-03   -0.10845E-01   -0.10805E-04   -0.97848E-03   -0.14049E+00   -0.60506E-02   -0.25067E-02   -0.94713E-01    0.22498E-03    0.13784E-02    0.40259E-03   -0.28122E-05    0.46361E-04   -0.32203E-04   -0.42033E-05   -0.45668E-04    0.24397E-04    0.94887E-05   -0.50774E-04    0.18043E-03
   -0.25473E-06    0.80848E-06    0.41612E-07   -0.11035E-04   -0.79958E-05   -0.61921E-05   -0.20698E-04    0.48343E-05   -0.71286E-01    0.15624E-01   -0.23620E-01   -0.15572E-02    0.19566E-01    0.15887E-01   -0.10647E-03    0.21889E-02   -0.13315E-03    0.12017E-06    0.85043E-06   -0.21438E-03   -0.93341E-02    0.21081E-03    0.54179E-02    0.32369E-03   -0.10634E-01    0.29632E-02    0.19310E-02    0.20458E-03    0.13446E-02   -0.40366E-03   -0.51884E-04   -0.15380E-03    0.16620E-05    0.21531E-04   -0.31796E-06    0.21827E-04    0.40840E-04    0.35275E-05    0.67833E-04
    0.53793E-06   -0.43202E-06   -0.51593E-06    0.28469E-04    0.40036E-04    0.44577E-04    0.64157E-04   -0.13113E-03    0.96384E-01   -0.44472E-01   -0.42105E+00   -0.50751E-03    0.32077E+00    0.14840E-01    0.19078E-02   -0.13315E-03    0.65346E-02    0.59478E-08   -0.62424E-05   -0.49683E-02   -0.30003E-01    0.55437E-02   -0.11286E-01   -0.25813E+00    0.23024E-02   -0.13783E-01   -0.20061E+00   -0.35783E-03    0.29102E-03    0.32983E-03   -0.25595E-04    0.44690E-04    0.11238E-04    0.13188E-04   -0.19764E-05    0.41483E-04    0.78450E-04   -0.16890E-04    0.16883E-03
    0.18645E-08   -0.21830E-07    0.19451E-08   -0.16985E-07   -0.25726E-07    0.42247E-08   -0.32792E-07   -0.11445E-06    0.67942E-03    0.26765E-04   -0.15808E-04    0.11547E-05    0.11562E-04    0.13519E-05    0.21492E-06    0.12017E-06    0.59478E-08    0.15886E-06    0.57475E-08    0.10112E-06   -0.34125E-05   -0.19082E-04    0.24029E-05   -0.11080E-04   -0.36583E-05    0.10083E-05   -0.18425E-05    0.35708E-06    0.20807E-06   -0.45808E-07    0.38326E-06    0.31817E-06    0.26326E-07    0.29322E-09    0.10244E-07   -0.63226E-08    0.38424E-07   -0.94982E-09    0.27905E-07
   -0.20676E-08    0.12740E-06   -0.68960E-08    0.54328E-07    0.90676E-07   -0.34641E-06    0.12067E-05    0.10468E-05   -0.35875E-02   -0.56808E-03    0.49052E-04    0.17491E-04   -0.25539E-04   -0.73076E-04    0.80975E-06    0.85043E-06   -0.62424E-05    0.57475E-08    0.18248E-05    0.10879E-04    0.66552E-04    0.11762E-03    0.33273E-04    0.29072E-03    0.37454E-04    0.25734E-04    0.29996E-03    0.82831E-06   -0.10219E-05   -0.10583E-05    0.16225E-05   -0.92620E-06    0.42868E-06    0.96738E-06    0.49688E-06    0.10118E-05    0.12746E-06    0.50537E-06    0.10005E-05
   -0.18999E-05    0.82218E-05   -0.14498E-05   -0.78285E-04   -0.16146E-03   -0.17124E-03   -0.16126E-03    0.38486E-03    0.99480E+00    0.22045E+00    0.37585E-01    0.82684E-02   -0.37092E+00   -0.19266E+00   -0.75833E-03   -0.21438E-03   -0.49683E-02    0.10112E-06    0.10879E-04    0.68534E-01    0.38540E+00   -0.43425E-02    0.66318E-01    0.16714E+00    0.63768E-02    0.59636E-01    0.23739E+00    0.48325E-02    0.95171E-02    0.12126E-02   -0.10253E-03   -0.62978E-04    0.33131E-05    0.28032E-03    0.32989E-04    0.27403E-03   -0.29961E-03    0.20538E-03    0.59454E-03
   -0.27135E-04    0.32656E-04   -0.12754E-04   -0.14964E-02   -0.14539E-02   -0.15464E-02   -0.29978E-02    0.38975E-02    0.78091E+01    0.79897E+00    0.43018E+00   -0.84486E+00   -0.39794E+01   -0.22156E+01   -0.10845E-01   -0.93341E-02   -0.30003E-01   -0.34125E-05    0.66552E-04    0.38540E+00    0.44594E+01   -0.30309E-01    0.14925E+00    0.13758E+01    0.20735E+00    0.30740E+00    0.19615E+01   -0.40195E-01   -0.16812E-01    0.19484E-01   -0.16877E-02   -0.54420E-02    0.34503E-03    0.29482E-02    0.64722E-03    0.28931E-02   -0.71800E-03    0.14774E-02    0.32245E-02
   -0.52794E-06    0.18784E-03   -0.11322E-04    0.29546E-04   -0.44337E-03   -0.92249E-03    0.13214E-02    0.12238E-02    0.19484E+02    0.14523E+00    0.19745E+00    0.25277E-02    0.14709E+00    0.36882E-01   -0.10805E-04    0.21081E-03    0.55437E-02   -0.19082E-04    0.11762E-03   -0.43425E-02   -0.30309E-01    0.31339E+00   -0.93455E-02   -0.15992E+00   -0.17385E-01   -0.11814E-01   -0.15462E+00    0.31384E-03    0.14123E-02    0.31154E-03    0.80416E-03   -0.69764E-04    0.14245E-03   -0.10246E-03    0.11399E-03   -0.45586E-04    0.18845E-03   -0.86048E-05   -0.98870E-04
    0.69715E-05   -0.30469E-04    0.51761E-05    0.37594E-04    0.16509E-03    0.18755E-03   -0.47019E-04   -0.38065E-03   -0.69134E-01    0.21620E+00    0.33273E+00    0.33509E-01   -0.56469E+00   -0.11974E+00   -0.97848E-03    0.54179E-02   -0.11286E-01    0.24029E-05    0.33273E-04    0.66318E-01    0.14925E+00   -0.93455E-02    0.35218E+00    0.34954E+00    0.39622E-01    0.16061E+00    0.64949E+00    0.10450E-01    0.14468E-01   -0.46044E-02   -0.24053E-02   -0.29429E-02    0.63426E-03    0.34916E-04    0.75864E-03    0.18116E-04   -0.45114E-03    0.13598E-03    0.14111E-02
    0.42538E-04   -0.42140E-03    0.78786E-04   -0.25418E-03    0.14519E-02    0.15530E-02   -0.21816E-02    0.15624E-03   -0.61422E+01   -0.16952E+01    0.20378E+02   -0.21003E+00   -0.15411E+02   -0.75567E+00   -0.14049E+00    0.32369E-03   -0.25813E+00   -0.11080E-04    0.29072E-03    0.16714E+00    0.13758E+01   -0.15992E+00    0.34954E+00    0.19889E+02    0.92633E-01    0.60445E+00    0.90112E+01   -0.74423E-02   -0.50300E-01   -0.15418E-01    0.10997E-01    0.12889E-01    0.16922E-02    0.21558E-01    0.24713E-02    0.14232E-01   -0.26750E-03    0.30459E-02   -0.95124E-02
    0.15945E-04   -0.68637E-04    0.33485E-05    0.30989E-03    0.38891E-03    0.50300E-03    0.40282E-03   -0.16784E-02    0.45615E+01    0.73013E+00   -0.11396E+01   -0.15704E+00    0.15583E+00   -0.66438E+00   -0.60506E-02   -0.10634E-01    0.23024E-02   -0.36583E-05    0.37454E-04    0.63768E-02    0.20735E+00   -0.17385E-01    0.39622E-01    0.92633E-01    0.20544E+01    0.73575E-02    0.28019E+00   -0.82392E-01   -0.98608E-01   -0.41440E-02    0.91543E-03    0.11974E-02   -0.33385E-03    0.14405E-02   -0.24767E-03    0.13856E-02    0.53423E-03    0.15351E-03    0.13130E-02
    0.15149E-04   -0.79801E-04    0.10612E-04    0.22038E-03    0.34932E-03    0.33120E-03    0.16446E-03   -0.65196E-03   -0.94796E+00   -0.29740E+00    0.65615E+00   -0.54977E-01   -0.96117E+00   -0.13738E+00   -0.25067E-02    0.29632E-02   -0.13783E-01    0.10083E-05    0.25734E-04    0.59636E-01    0.30740E+00   -0.11814E-01    0.16061E+00    0.60445E+00    0.73575E-02    0.25565E+00    0.54970E+00    0.40082E-02    0.12160E-01    0.36901E-03    0.94548E-03    0.13253E-02    0.17461E-03    0.17366E-04    0.20184E-03   -0.59337E-04    0.46333E-03    0.30746E-03    0.46799E-04
    0.63199E-04   -0.48470E-03    0.84089E-04    0.41913E-03    0.12357E-02    0.90873E-03   -0.93769E-03    0.14456E-02   -0.14784E+01   -0.72091E+00    0.11494E+02   -0.13289E+00   -0.10931E+02   -0.12523E+01   -0.94713E-01    0.19310E-02   -0.20061E+00   -0.18425E-05    0.29996E-03    0.23739E+00    0.19615E+01   -0.15462E+00    0.64949E+00    0.90112E+01    0.28019E+00    0.54970E+00    0.19234E+02   -0.54276E-02   -0.74232E-01   -0.26932E-01   -0.63202E-02   -0.10891E-01    0.16104E-02    0.28632E-02    0.20758E-02    0.14691E-02   -0.40046E-03    0.49776E-02    0.28419E-01
   -0.40177E-07    0.88149E-06    0.12170E-06    0.97862E-05   -0.10405E-04   -0.20033E-04    0.18904E-04    0.82008E-04   -0.63115E-01    0.10778E-01   -0.23627E-01    0.47823E-01    0.46496E-01    0.38309E-01    0.22498E-03    0.20458E-03   -0.35783E-03    0.35708E-06    0.82831E-06    0.48325E-02   -0.40195E-01    0.31384E-03    0.10450E-01   -0.74423E-02   -0.82392E-01    0.40082E-02   -0.54276E-02    0.80862E-02    0.77003E-02   -0.25884E-03   -0.75419E-04   -0.11733E-05    0.14277E-04   -0.19509E-04    0.10927E-04   -0.11719E-04   -0.61084E-04    0.27576E-04    0.10309E-03
   -0.43448E-06    0.76500E-06   -0.17460E-06   -0.63020E-05   -0.14700E-04   -0.24884E-04   -0.16611E-04    0.94612E-04   -0.34542E+00   -0.46799E-01   -0.64310E-01    0.46643E-01    0.59969E-01    0.61319E-01    0.13784E-02    0.13446E-02    0.29102E-03    0.20807E-06   -0.10219E-05    0.95171E-02   -0.16812E-01    0.14123E-02    0.14468E-01   -0.50300E-01   -0.98608E-01    0.12160E-01   -0.74232E-01    0.77003E-02    0.14109E-01    0.46071E-03   -0.11887E-03    0.15181E-03    0.31926E-04   -0.76757E-04    0.30831E-04   -0.60013E-04    0.76122E-04    0.85712E-04   -0.60971E-04
   -0.85841E-07    0.12901E-07   -0.13968E-06   -0.41783E-05   -0.12873E-05   -0.24498E-05   -0.80453E-05    0.87973E-05   -0.69691E-01   -0.28754E-01   -0.40410E-02   -0.54789E-02   -0.83250E-02   -0.23853E-02    0.40259E-03   -0.40366E-03    0.32983E-03   -0.45808E-07   -0.10583E-05    0.12126E-02    0.19484E-01    0.31154E-03   -0.46044E-02   -0.15418E-01   -0.41440E-02    0.36901E-03   -0.26932E-01   -0.25884E-03    0.46071E-03    0.54965E-03    0.40803E-04    0.10720E-03    0.38471E-05   -0.22305E-04    0.56482E-05   -0.18213E-04    0.52215E-04    0.16867E-04   -0.78882E-04
   -0.36275E-06    0.46707E-05   -0.33548E-06    0.15548E-04   -0.10591E-04   -0.22982E-04    0.50299E-04    0.43514E-04    0.42398E-01    0.17991E-01    0.30775E-01   -0.14215E-02   -0.70262E-02   -0.15546E-02   -0.28122E-05   -0.51884E-04   -0.25595E-04    0.38326E-06    0.16225E-05   -0.10253E-03   -0.16877E-02    0.80416E-03   -0.24053E-02    0.10997E-01    0.91543E-03    0.94548E-03   -0.63202E-02   -0.75419E-04   -0.11887E-03    0.40803E-04    0.35918E-01    0.56871E-05    0.13120E-03    0.84732E-04   -0.38019E-04    0.57146E-05   -0.21653E-05   -0.16520E-04   -0.54953E-04
   -0.41533E-06    0.60027E-05   -0.85952E-06    0.10390E-04   -0.14674E-04   -0.12833E-04    0.41824E-04    0.39842E-04   -0.46752E-01    0.54973E-02    0.37069E-01   -0.14584E-02   -0.84533E-02    0.21793E-03    0.46361E-04   -0.15380E-03    0.44690E-04    0.31817E-06   -0.92620E-06   -0.62978E-04   -0.54420E-02   -0.69764E-04   -0.29429E-02    0.12889E-01    0.11974E-02    0.13253E-02   -0.10891E-01   -0.11733E-05    0.15181E-03    0.10720E-03    0.56871E-05    0.39275E-01   -0.42484E-04    0.34617E-05    0.15485E-03    0.10196E-03   -0.26229E-04   -0.31506E-04   -0.73327E-04
    0.23438E-06   -0.17570E-05    0.20843E-06    0.19090E-05    0.10419E-04    0.10353E-04   -0.11945E-05   -0.12759E-04   -0.25286E-01   -0.14854E-01   -0.84203E-02    0.12060E-03   -0.36273E-03    0.59677E-03   -0.32203E-04    0.16620E-05    0.11238E-04    0.26326E-07    0.42868E-06    0.33131E-05    0.34503E-03    0.14245E-03    0.63426E-03    0.16922E-02   -0.33385E-03    0.17461E-03    0.16104E-02    0.14277E-04    0.31926E-04    0.38471E-05    0.13120E-03   -0.42484E-04    0.53081E-04    0.86802E-05    0.11984E-04    0.79541E-05    0.13695E-04    0.11439E-04    0.99441E-05
    0.31072E-06   -0.22823E-05    0.28275E-06    0.37036E-05    0.10735E-04    0.10913E-04   -0.49788E-07   -0.10780E-04    0.48742E-03   -0.10051E-01   -0.30048E-01    0.27635E-03    0.62403E-02   -0.28388E-02   -0.42033E-05    0.21531E-04    0.13188E-04    0.29322E-09    0.96738E-06    0.28032E-03    0.29482E-02   -0.10246E-03    0.34916E-04    0.21558E-01    0.14405E-02    0.17366E-04    0.28632E-02   -0.19509E-04   -0.76757E-04   -0.22305E-04    0.84732E-04    0.34617E-05    0.86802E-05    0.17836E-03    0.98962E-05    0.67375E-04    0.37698E-05    0.11531E-04    0.30300E-04
    0.23200E-06   -0.19182E-05    0.22698E-06    0.18224E-05    0.11167E-04    0.11629E-04   -0.22575E-05   -0.15349E-04   -0.26366E-01   -0.15393E-01   -0.80370E-02    0.10684E-03   -0.13078E-02    0.40045E-03   -0.45668E-04   -0.31796E-06   -0.19764E-05    0.10244E-07    0.49688E-06    0.32989E-04    0.64722E-03    0.11399E-03    0.75864E-03    0.24713E-02   -0.24767E-03    0.20184E-03    0.20758E-02    0.10927E-04    0.30831E-04    0.56482E-05   -0.38019E-04    0.15485E-03    0.11984E-04    0.98962E-05    0.52580E-04    0.10017E-04    0.13909E-04    0.12143E-04    0.88488E-05
    0.28298E-06   -0.22121E-05    0.27119E-06    0.22729E-05    0.10472E-04    0.10735E-04   -0.26657E-05   -0.98257E-05    0.41193E-02   -0.10038E-01   -0.32915E-01    0.28354E-03    0.82144E-02   -0.27887E-02    0.24397E-04    0.21827E-04    0.41483E-04   -0.63226E-08    0.10118E-05    0.27403E-03    0.28931E-02   -0.45586E-04    0.18116E-04    0.14232E-01    0.13856E-02   -0.59337E-04    0.14691E-02   -0.11719E-04   -0.60013E-04   -0.18213E-04    0.57146E-05    0.10196E-03    0.79541E-05    0.67375E-04    0.10017E-04    0.10805E-03    0.20780E-05    0.10569E-04    0.31212E-04
    0.50131E-06   -0.34434E-05    0.42150E-06    0.82145E-05    0.18934E-04    0.17533E-04    0.56109E-05   -0.34250E-04   -0.61296E-01   -0.30066E-01   -0.11008E-01   -0.48861E-03    0.23195E-03    0.37770E-02    0.94887E-05    0.40840E-04    0.78450E-04    0.38424E-07    0.12746E-06   -0.29961E-03   -0.71800E-03    0.18845E-03   -0.45114E-03   -0.26750E-03    0.53423E-03    0.46333E-03   -0.40046E-03   -0.61084E-04    0.76122E-04    0.52215E-04   -0.21653E-05   -0.26229E-04    0.13695E-04    0.37698E-05    0.13909E-04    0.20780E-05    0.38139E-03    0.32882E-04    0.53735E-05
    0.51996E-06   -0.35305E-05    0.46197E-06    0.73133E-05    0.17153E-04    0.14967E-04    0.37250E-05   -0.22266E-04   -0.33716E-01   -0.22040E-01   -0.13967E-01    0.50400E-03   -0.16462E-02    0.44316E-03   -0.50774E-04    0.35275E-05   -0.16890E-04   -0.94982E-09    0.50537E-06    0.20538E-03    0.14774E-02   -0.86048E-05    0.13598E-03    0.30459E-02    0.15351E-03    0.30746E-03    0.49776E-02    0.27576E-04    0.85712E-04    0.16867E-04   -0.16520E-04   -0.31506E-04    0.11439E-04    0.11531E-04    0.12143E-04    0.10569E-04    0.32882E-04    0.92649E-04    0.29541E-04
    0.38076E-06   -0.28104E-05    0.33898E-06    0.70477E-05    0.11127E-04    0.11359E-04    0.51173E-05   -0.76377E-05   -0.56895E-02   -0.10039E-01   -0.61311E-01    0.18116E-02    0.21918E-01   -0.24369E-02    0.18043E-03    0.67833E-04    0.16883E-03    0.27905E-07    0.10005E-05    0.59454E-03    0.32245E-02   -0.98870E-04    0.14111E-02   -0.95124E-02    0.13130E-02    0.46799E-04    0.28419E-01    0.10309E-03   -0.60971E-04   -0.78882E-04   -0.54953E-04   -0.73327E-04    0.99441E-05    0.30300E-04    0.88488E-05    0.31212E-04    0.53735E-05    0.29541E-04    0.53354E-03
