# omegabh2 omegach2 theta tau nnu yhe logA ns calPlanck acib217 xi asz143 aps100 aps143 aps143217 aps217 aksz kgal100 kgal143 kgal143217 kgal217 galfEE100 galfEE100143 galfEE100217 galfEE143 galfEE143217 galfEE217 galfTE100 galfTE100143 galfTE100217 galfTE143 galfTE143217 galfTE217 cal0 cal2
    0.6144859E-07    0.2844336E-06   -0.1752192E-07    0.1979942E-05    0.3264036E-04    0.8446203E-06    0.4912000E-05    0.1951540E-05   -0.9646727E-08    0.4311908E-04   -0.1566490E-05   -0.9109692E-06    0.7841363E-04    0.1164357E-04   -0.2914654E-04   -0.4681582E-04    0.2121186E-04    0.9953216E-05    0.1913452E-05    0.7080572E-05   -0.1339840E-04    0.2763165E-06    0.9768454E-07    0.2153153E-07    0.1096504E-06    0.1438156E-07    0.1773794E-06   -0.5465080E-06   -0.5783176E-07   -0.1063433E-05    0.1266679E-06   -0.6848481E-06   -0.2320757E-05    0.6504667E-09    0.5004839E-08
    0.2844336E-06    0.2223814E-04   -0.5188560E-05   -0.4770470E-05    0.1394054E-02   -0.5839947E-04    0.3139393E-04    0.1515200E-04    0.1151960E-06    0.9062781E-03   -0.2764686E-04   -0.3689543E-03    0.6013554E-02   -0.5429935E-03   -0.2585248E-02   -0.2704870E-02    0.5655578E-03   -0.6821813E-04   -0.9629763E-04   -0.4193904E-05    0.1625294E-04    0.2758074E-05    0.1010922E-05   -0.4195015E-06    0.1407448E-05    0.1756162E-06    0.1512450E-05    0.3857597E-05    0.2981033E-05   -0.1281308E-04    0.1398775E-05   -0.4940353E-06    0.7816541E-05    0.1145362E-06    0.1650959E-06
   -0.1752192E-07   -0.5188560E-05    0.1516781E-05    0.2316406E-05   -0.3370745E-03    0.1960112E-04   -0.3561464E-05   -0.1578113E-05   -0.6823133E-07    0.3047844E-03   -0.2562291E-05   -0.1576707E-04    0.3632814E-03    0.1069618E-02    0.7895746E-03    0.4329957E-03    0.6134227E-04    0.5502789E-04    0.4754543E-04    0.4911858E-04   -0.8063032E-04   -0.7615179E-06   -0.2327919E-06   -0.5825841E-07   -0.3443968E-06   -0.1090076E-06   -0.4857081E-06   -0.6540802E-06   -0.5647922E-06    0.2095746E-05   -0.7360947E-07    0.5302657E-06   -0.7169389E-06   -0.4431564E-07    0.1246509E-07
    0.1979942E-05   -0.4770470E-05    0.2316406E-05    0.3309993E-03    0.4562747E-03    0.5857280E-04    0.6553408E-03    0.8133712E-04   -0.4433151E-05   -0.6978183E-02    0.1040765E-03    0.1185636E-02   -0.3305701E-01   -0.7946110E-02    0.2476195E-02    0.8066466E-02   -0.3183247E-02   -0.2844076E-03   -0.8491042E-03   -0.2507057E-02   -0.2528022E-02    0.1050706E-04    0.3824320E-05    0.1639630E-05    0.3265651E-05    0.1878893E-05    0.1455993E-04   -0.3206202E-04   -0.1214081E-04   -0.5226522E-04    0.7124639E-06   -0.1574645E-04   -0.7409828E-04   -0.3342979E-06   -0.1043703E-05
    0.3264036E-04    0.1394054E-02   -0.3370745E-03    0.4562747E-03    0.9662553E-01   -0.3759729E-02    0.3441382E-02    0.1542200E-02    0.2665924E-05    0.4491202E-01   -0.1891922E-02   -0.1690380E-01    0.2917655E+00   -0.9244162E-01   -0.1919567E+00   -0.1865394E+00    0.3340268E-01   -0.3062572E-02   -0.3847842E-02    0.5961409E-03   -0.1673664E-02    0.2869382E-03    0.1037665E-03   -0.8641275E-05    0.1335307E-03    0.1452513E-04    0.1720798E-03    0.7788577E-04    0.1493838E-03   -0.9741491E-03    0.7827535E-04   -0.2438739E-03   -0.3655329E-03    0.6437551E-05    0.8471223E-05
    0.8446203E-06   -0.5839947E-04    0.1960112E-04    0.5857280E-04   -0.3759729E-02    0.3217081E-03    0.4700453E-04    0.2824301E-04   -0.1288665E-05    0.1189879E-01   -0.1669814E-03   -0.1739300E-02    0.3038490E-01    0.2723027E-01    0.1221373E-01    0.1842649E-02    0.3723911E-02    0.1350751E-02    0.9399411E-03    0.1374897E-02   -0.2575725E-02   -0.7213491E-05   -0.1857570E-05   -0.8391134E-06   -0.3225248E-05   -0.9725797E-06   -0.1266310E-05   -0.3873085E-05   -0.3879491E-05   -0.1232616E-04    0.3017153E-05    0.6849085E-06   -0.1564676E-04   -0.7508999E-06    0.9195482E-06
    0.4912000E-05    0.3139393E-04   -0.3561464E-05    0.6553408E-03    0.3441382E-02    0.4700453E-04    0.1410208E-02    0.2029523E-03    0.3737676E-05   -0.9807570E-02    0.1477803E-03    0.1222862E-02   -0.4267826E-01   -0.9289503E-02    0.4912093E-02    0.1662978E-01   -0.5051506E-02   -0.6754628E-03   -0.2295297E-02   -0.4986542E-02   -0.3632575E-02    0.2842496E-04    0.1025929E-04    0.2631097E-05    0.1024209E-04    0.6804227E-05    0.3217503E-04   -0.5039765E-04   -0.1295511E-04   -0.1453036E-03    0.3759266E-05   -0.3607508E-04   -0.1339127E-03   -0.3030712E-06   -0.1611506E-05
    0.1951540E-05    0.1515200E-04   -0.1578113E-05    0.8133712E-04    0.1542200E-02    0.2824301E-04    0.2029523E-03    0.9092148E-04   -0.7520498E-06    0.2036520E-02   -0.2433245E-04   -0.2750579E-03   -0.1024168E-03    0.2985670E-02    0.1636933E-02    0.6959833E-04    0.5884180E-03    0.6983408E-03    0.1213825E-03    0.1355233E-03   -0.8115272E-03    0.1264105E-04    0.4857770E-05    0.4893139E-06    0.5352193E-05    0.7242534E-06    0.5851673E-05   -0.4863305E-05    0.1761861E-05   -0.3766445E-04    0.1793598E-05   -0.1734904E-04   -0.4744938E-04   -0.3368736E-06    0.2571604E-06
   -0.9646727E-08    0.1151960E-06   -0.6823133E-07   -0.4433151E-05    0.2665924E-05   -0.1288665E-05    0.3737676E-05   -0.7520498E-06    0.6257395E-05    0.5836710E-03    0.2697526E-06    0.2031550E-05    0.2753227E-02    0.6484551E-03    0.5157878E-03    0.1401248E-02   -0.8529217E-05   -0.1217162E-04   -0.6126230E-04   -0.1040263E-04    0.7784256E-03    0.1657944E-05    0.4551411E-06    0.1474824E-06    0.7305946E-06    0.1426432E-05    0.7812841E-06    0.3299588E-05    0.2425329E-05   -0.1389454E-05   -0.8247332E-06   -0.6378300E-06    0.3095587E-05    0.2220080E-07   -0.2875760E-07
    0.4311908E-04    0.9062781E-03    0.3047844E-03   -0.6978183E-02    0.4491202E-01    0.1189879E-01   -0.9807570E-02    0.2036520E-02    0.5836710E-03    0.4929078E+02   -0.4678430E+00   -0.1617724E+01    0.4394134E+02    0.2584938E+01   -0.1959429E+02   -0.6559650E+02    0.5679095E+00   -0.9047833E-02    0.5365245E+00   -0.3000570E+01   -0.2553303E+02   -0.1082645E-02   -0.1706835E-03   -0.1545838E-02    0.1220613E-03    0.2746505E-03    0.1499816E-02   -0.5225037E-02    0.4744472E-03    0.1194372E-02    0.1959948E-02    0.3814373E-02    0.5676250E-02   -0.2518414E-03    0.4393813E-02
   -0.1566490E-05   -0.2764686E-04   -0.2562291E-05    0.1040765E-03   -0.1891922E-02   -0.1669814E-03    0.1477803E-03   -0.2433245E-04    0.2697526E-06   -0.4678430E+00    0.8232433E-01   -0.7203882E-01   -0.4488692E+00    0.9215752E+00    0.1730374E+01    0.6818795E+00    0.6882653E-01   -0.2173669E-02   -0.2110819E-02    0.8289783E-01    0.7682757E-01    0.4705323E-04    0.1345803E-04    0.3116461E-04   -0.1643920E-04   -0.3355832E-04   -0.7019414E-04   -0.1524397E-03   -0.3091063E-04    0.4199633E-03    0.8247055E-04    0.6025079E-04   -0.6882079E-04    0.9012979E-05   -0.1667091E-04
   -0.9109692E-06   -0.3689543E-03   -0.1576707E-04    0.1185636E-02   -0.1690380E-01   -0.1739300E-02    0.1222862E-02   -0.2750579E-03    0.2031550E-05   -0.1617724E+01   -0.7203882E-01    0.3805638E+01   -0.2959538E+02   -0.4072368E+01    0.7665639E+01    0.6434105E+01   -0.2641333E+01   -0.2056556E+00    0.8730467E-01    0.2472495E+01    0.2027957E+01    0.7151980E-04    0.1418396E-03   -0.2344385E-03    0.2830274E-03    0.6863379E-03   -0.3979468E-04    0.1575571E-02    0.1403986E-02    0.3938975E-02   -0.6981022E-03   -0.1277409E-02   -0.3443375E-02    0.2144514E-03   -0.3988120E-03
    0.7841363E-04    0.6013554E-02    0.3632814E-03   -0.3305701E-01    0.2917655E+00    0.3038490E-01   -0.4267826E-01   -0.1024168E-03    0.2753227E-02    0.4394134E+02   -0.4488692E+00   -0.2959538E+02    0.7294759E+03    0.7273348E+02   -0.5607518E+02   -0.6828661E+02    0.1348799E+02    0.5712226E+00    0.1573716E+00   -0.1368981E+02   -0.1966617E+02   -0.4102707E-02   -0.2883846E-02   -0.3323255E-02   -0.2904875E-02   -0.2119186E-02    0.8161289E-02    0.3870999E-01   -0.5734354E-02   -0.1341661E-01    0.7797816E-02    0.1681122E-01    0.1929890E-01    0.4148325E-02    0.4633764E-02
    0.1164357E-04   -0.5429935E-03    0.1069618E-02   -0.7946110E-02   -0.9244162E-01    0.2723027E-01   -0.9289503E-02    0.2985670E-02    0.6484551E-03    0.2584938E+01    0.9215752E+00   -0.4072368E+01    0.7273348E+02    0.6046527E+02    0.4089694E+02    0.1529684E+02   -0.3842639E+01    0.1000590E-02   -0.7354374E+00    0.4090308E+01    0.3575219E+01   -0.1776496E-02   -0.5061505E-03   -0.1702736E-03   -0.6863672E-03   -0.4940180E-03   -0.2193774E-02    0.5926904E-02    0.4926864E-02    0.8951607E-04    0.1649093E-02    0.8281508E-02    0.1123148E-01    0.1111944E-03    0.4835774E-03
   -0.2914654E-04   -0.2585248E-02    0.7895746E-03    0.2476195E-02   -0.1919567E+00    0.1221373E-01    0.4912093E-02    0.1636933E-02    0.5157878E-03   -0.1959429E+02    0.1730374E+01    0.7665639E+01   -0.5607518E+02    0.4089694E+02    0.9097693E+02    0.6255043E+02   -0.1131855E+02   -0.5772215E+00   -0.2899393E+00    0.4933110E+01    0.5459682E+01    0.2042318E-03    0.1179874E-03   -0.4272007E-03   -0.1006126E-03    0.1263133E-02   -0.5735384E-02    0.9227211E-02    0.6385128E-02    0.2322239E-01   -0.1874646E-02    0.2131541E-02   -0.1272397E-01    0.8320565E-03   -0.2446631E-02
   -0.4681582E-04   -0.2704870E-02    0.4329957E-03    0.8066466E-02   -0.1865394E+00    0.1842649E-02    0.1662978E-01    0.6959833E-04    0.1401248E-02   -0.6559650E+02    0.6818795E+00    0.6434105E+01   -0.6828661E+02    0.1529684E+02    0.6255043E+02    0.1229769E+03   -0.9845029E+01   -0.3098438E+00   -0.6091827E+00    0.9024681E+00    0.2271507E+02    0.1564237E-02    0.2230939E-03    0.2458448E-03   -0.1269472E-04    0.6459645E-03   -0.1566908E-02    0.1516662E-01    0.3470799E-02    0.1198258E-01   -0.4093694E-02    0.3419702E-02   -0.1481943E-01    0.6651262E-03   -0.7524764E-02
    0.2121186E-04    0.5655578E-03    0.6134227E-04   -0.3183247E-02    0.3340268E-01    0.3723911E-02   -0.5051506E-02    0.5884180E-03   -0.8529217E-05    0.5679095E+00    0.6882653E-01   -0.2641333E+01    0.1348799E+02   -0.3842639E+01   -0.1131855E+02   -0.9845029E+01    0.5945115E+01    0.1116293E+00   -0.1339913E+00   -0.1975058E+01   -0.1559544E+01   -0.4367397E-03   -0.1163681E-03    0.2251686E-03   -0.1632260E-03   -0.9369545E-03    0.1438064E-02   -0.9251437E-03   -0.1383743E-02   -0.5367152E-02    0.9834579E-03    0.1297192E-02    0.5477127E-02   -0.1351227E-03    0.1971789E-03
    0.9953216E-05   -0.6821813E-04    0.5502789E-04   -0.2844076E-03   -0.3062572E-02    0.1350751E-02   -0.6754628E-03    0.6983408E-03   -0.1217162E-04   -0.9047833E-02   -0.2173669E-02   -0.2056556E+00    0.5712226E+00    0.1000590E-02   -0.5772215E+00   -0.3098438E+00    0.1116293E+00    0.3167639E+01    0.7474031E+00    0.4421536E+00    0.6749801E+00    0.1348891E-03   -0.5302173E-06   -0.1717487E-03   -0.7517219E-04   -0.1777338E-03    0.4750821E-03   -0.5197915E-02   -0.3313461E-03   -0.6787943E-03    0.1108929E-02   -0.7851438E-04    0.2734682E-02    0.4480990E-03    0.3313319E-04
    0.1913452E-05   -0.9629763E-04    0.4754543E-04   -0.8491042E-03   -0.3847842E-02    0.9399411E-03   -0.2295297E-02    0.1213825E-03   -0.6126230E-04    0.5365245E+00   -0.2110819E-02    0.8730467E-01    0.1573716E+00   -0.7354374E+00   -0.2899393E+00   -0.6091827E+00   -0.1339913E+00    0.7474031E+00    0.3073566E+01    0.2340819E+01    0.1194528E+01    0.2556624E-03    0.2677157E-04   -0.9928936E-04   -0.1501722E-03    0.1226475E-03   -0.7332038E-04    0.1562621E-02   -0.9618126E-03   -0.3138626E-02    0.6999328E-03    0.8126450E-03    0.5495353E-02   -0.4135220E-03   -0.2009343E-03
    0.7080572E-05   -0.4193904E-05    0.4911858E-04   -0.2507057E-02    0.5961409E-03    0.1374897E-02   -0.4986542E-02    0.1355233E-03   -0.1040263E-04   -0.3000570E+01    0.8289783E-01    0.2472495E+01   -0.1368981E+02    0.4090308E+01    0.4933110E+01    0.9024681E+00   -0.1975058E+01    0.4421536E+00    0.2340819E+01    0.1770437E+02    0.2689691E+02   -0.1059242E-03    0.9596926E-04    0.1383862E-03    0.7854044E-04    0.7299809E-03   -0.2176202E-02    0.4077990E-02    0.2649551E-02   -0.7806386E-02    0.5492683E-03   -0.5732690E-02   -0.3444323E-02   -0.4985575E-04    0.2399048E-02
   -0.1339840E-04    0.1625294E-04   -0.8063032E-04   -0.2528022E-02   -0.1673664E-02   -0.2575725E-02   -0.3632575E-02   -0.8115272E-03    0.7784256E-03   -0.2553303E+02    0.7682757E-01    0.2027957E+01   -0.1966617E+02    0.3575219E+01    0.5459682E+01    0.2271507E+02   -0.1559544E+01    0.6749801E+00    0.1194528E+01    0.2689691E+02    0.6169923E+02    0.9483064E-04    0.4661381E-04    0.9870956E-03   -0.4299104E-05    0.1838646E-04   -0.3356582E-02    0.6596350E-02    0.3035574E-02   -0.9513301E-03    0.4319698E-03   -0.1381162E-01   -0.8987698E-02    0.1368326E-04    0.4236394E-02
    0.2763165E-06    0.2758074E-05   -0.7615179E-06    0.1050706E-04    0.2869382E-03   -0.7213491E-05    0.2842496E-04    0.1264105E-04    0.1657944E-05   -0.1082645E-02    0.4705323E-04    0.7151980E-04   -0.4102707E-02   -0.1776496E-02    0.2042318E-03    0.1564237E-02   -0.4367397E-03    0.1348891E-03    0.2556624E-03   -0.1059242E-03    0.9483064E-04    0.1271449E-03    0.1078723E-04    0.7013598E-06    0.3506124E-05   -0.4427023E-06    0.9035720E-05   -0.3258262E-04   -0.1005287E-04   -0.3332086E-05    0.4453121E-05    0.4656092E-05   -0.2238306E-05   -0.6530971E-07   -0.7116819E-07
    0.9768454E-07    0.1010922E-05   -0.2327919E-06    0.3824320E-05    0.1037665E-03   -0.1857570E-05    0.1025929E-04    0.4857770E-05    0.4551411E-06   -0.1706835E-03    0.1345803E-04    0.1418396E-03   -0.2883846E-02   -0.5061505E-03    0.1179874E-03    0.2230939E-03   -0.1163681E-03   -0.5302173E-06    0.2677157E-04    0.9596926E-04    0.4661381E-04    0.1078723E-04    0.1401008E-04   -0.1921151E-07    0.6288700E-05   -0.2890856E-07    0.3776447E-06   -0.1476779E-05   -0.1228431E-05   -0.1710791E-05   -0.2084240E-06   -0.1432388E-05    0.2431445E-05   -0.3438405E-07   -0.4121196E-07
    0.2153153E-07   -0.4195015E-06   -0.5825841E-07    0.1639630E-05   -0.8641275E-05   -0.8391134E-06    0.2631097E-05    0.4893139E-06    0.1474824E-06   -0.1545838E-02    0.3116461E-04   -0.2344385E-03   -0.3323255E-02   -0.1702736E-03   -0.4272007E-03    0.2458448E-03    0.2251686E-03   -0.1717487E-03   -0.9928936E-04    0.1383862E-03    0.9870956E-03    0.7013598E-06   -0.1921151E-07    0.2224929E-03   -0.2546934E-06   -0.4956104E-05   -0.5882535E-05    0.2612744E-05    0.2943472E-05   -0.7406864E-05    0.1617220E-05   -0.9150567E-05    0.1243338E-04    0.1007290E-08   -0.7667796E-07
    0.1096504E-06    0.1407448E-05   -0.3443968E-06    0.3265651E-05    0.1335307E-03   -0.3225248E-05    0.1024209E-04    0.5352193E-05    0.7305946E-06    0.1220613E-03   -0.1643920E-04    0.2830274E-03   -0.2904875E-02   -0.6863672E-03   -0.1006126E-03   -0.1269472E-04   -0.1632260E-03   -0.7517219E-04   -0.1501722E-03    0.7854044E-04   -0.4299104E-05    0.3506124E-05    0.6288700E-05   -0.2546934E-06    0.3033246E-04    0.5685951E-06    0.1838303E-05    0.9581270E-06    0.2486856E-05    0.3988378E-05    0.4884279E-06    0.1412508E-05    0.1127270E-04    0.1610565E-07    0.1397144E-08
    0.1438156E-07    0.1756162E-06   -0.1090076E-06    0.1878893E-05    0.1452513E-04   -0.9725797E-06    0.6804227E-05    0.7242534E-06    0.1426432E-05    0.2746505E-03   -0.3355832E-04    0.6863379E-03   -0.2119186E-02   -0.4940180E-03    0.1263133E-02    0.6459645E-03   -0.9369545E-03   -0.1777338E-03    0.1226475E-03    0.7299809E-03    0.1838646E-04   -0.4427023E-06   -0.2890856E-07   -0.4956104E-05    0.5685951E-06    0.3984474E-03   -0.8436626E-05   -0.1530976E-04    0.1958116E-05    0.2002560E-04    0.1027421E-04   -0.5875053E-05   -0.5333276E-04    0.1485306E-06   -0.2676240E-06
    0.1773794E-06    0.1512450E-05   -0.4857081E-06    0.1455993E-04    0.1720798E-03   -0.1266310E-05    0.3217503E-04    0.5851673E-05    0.7812841E-06    0.1499816E-02   -0.7019414E-04   -0.3979468E-04    0.8161289E-02   -0.2193774E-02   -0.5735384E-02   -0.1566908E-02    0.1438064E-02    0.4750821E-03   -0.7332038E-04   -0.2176202E-02   -0.3356582E-02    0.9035720E-05    0.3776447E-06   -0.5882535E-05    0.1838303E-05   -0.8436626E-05    0.3484555E-02   -0.3940731E-04   -0.3107641E-04   -0.4534906E-04    0.9324449E-05   -0.1385874E-04   -0.3373280E-04    0.1993625E-06   -0.5598832E-06
   -0.5465080E-06    0.3857597E-05   -0.6540802E-06   -0.3206202E-04    0.7788577E-04   -0.3873085E-05   -0.5039765E-04   -0.4863305E-05    0.3299588E-05   -0.5225037E-02   -0.1524397E-03    0.1575571E-02    0.3870999E-01    0.5926904E-02    0.9227211E-02    0.1516662E-01   -0.9251437E-03   -0.5197915E-02    0.1562621E-02    0.4077990E-02    0.6596350E-02   -0.3258262E-04   -0.1476779E-05    0.2612744E-05    0.9581270E-06   -0.1530976E-04   -0.3940731E-04    0.5866239E-02    0.1876098E-02    0.1737155E-02   -0.6572670E-03   -0.1733954E-03   -0.1452922E-03    0.2167066E-05   -0.7271981E-06
   -0.5783176E-07    0.2981033E-05   -0.5647922E-06   -0.1214081E-04    0.1493838E-03   -0.3879491E-05   -0.1295511E-04    0.1761861E-05    0.2425329E-05    0.4744472E-03   -0.3091063E-04    0.1403986E-02   -0.5734354E-02    0.4926864E-02    0.6385128E-02    0.3470799E-02   -0.1383743E-02   -0.3313461E-03   -0.9618126E-03    0.2649551E-02    0.3035574E-02   -0.1005287E-04   -0.1228431E-05    0.2943472E-05    0.2486856E-05    0.1958116E-05   -0.3107641E-04    0.1876098E-02    0.1251308E-02    0.7525986E-03    0.2011088E-03   -0.3356428E-04   -0.2903909E-03    0.3781401E-06    0.2934159E-06
   -0.1063433E-05   -0.1281308E-04    0.2095746E-05   -0.5226522E-04   -0.9741491E-03   -0.1232616E-04   -0.1453036E-03   -0.3766445E-04   -0.1389454E-05    0.1194372E-02    0.4199633E-03    0.3938975E-02   -0.1341661E-01    0.8951607E-04    0.2322239E-01    0.1198258E-01   -0.5367152E-02   -0.6787943E-03   -0.3138626E-02   -0.7806386E-02   -0.9513301E-03   -0.3332086E-05   -0.1710791E-05   -0.7406864E-05    0.3988378E-05    0.2002560E-04   -0.4534906E-04    0.1737155E-02    0.7525986E-03    0.3264465E-01   -0.5807683E-03    0.1458426E-02    0.1084944E-01   -0.7460450E-06    0.3259978E-05
    0.1266679E-06    0.1398775E-05   -0.7360947E-07    0.7124639E-06    0.7827535E-04    0.3017153E-05    0.3759266E-05    0.1793598E-05   -0.8247332E-06    0.1959948E-02    0.8247055E-04   -0.6981022E-03    0.7797816E-02    0.1649093E-02   -0.1874646E-02   -0.4093694E-02    0.9834579E-03    0.1108929E-02    0.6999328E-03    0.5492683E-03    0.4319698E-03    0.4453121E-05   -0.2084240E-06    0.1617220E-05    0.4884279E-06    0.1027421E-04    0.9324449E-05   -0.6572670E-03    0.2011088E-03   -0.5807683E-03    0.1361989E-02    0.1571610E-03   -0.4222166E-03    0.3316308E-06    0.6898997E-06
   -0.6848481E-06   -0.4940353E-06    0.5302657E-06   -0.1574645E-04   -0.2438739E-03    0.6849085E-06   -0.3607508E-04   -0.1734904E-04   -0.6378300E-06    0.3814373E-02    0.6025079E-04   -0.1277409E-02    0.1681122E-01    0.8281508E-02    0.2131541E-02    0.3419702E-02    0.1297192E-02   -0.7851438E-04    0.8126450E-03   -0.5732690E-02   -0.1381162E-01    0.4656092E-05   -0.1432388E-05   -0.9150567E-05    0.1412508E-05   -0.5875053E-05   -0.1385874E-04   -0.1733954E-03   -0.3356428E-04    0.1458426E-02    0.1571610E-03    0.5119004E-02    0.3914062E-02   -0.2938536E-06   -0.9831168E-06
   -0.2320757E-05    0.7816541E-05   -0.7169389E-06   -0.7409828E-04   -0.3655329E-03   -0.1564676E-04   -0.1339127E-03   -0.4744938E-04    0.3095587E-05    0.5676250E-02   -0.6882079E-04   -0.3443375E-02    0.1929890E-01    0.1123148E-01   -0.1272397E-01   -0.1481943E-01    0.5477127E-02    0.2734682E-02    0.5495353E-02   -0.3444323E-02   -0.8987698E-02   -0.2238306E-05    0.2431445E-05    0.1243338E-04    0.1127270E-04   -0.5333276E-04   -0.3373280E-04   -0.1452922E-03   -0.2903909E-03    0.1084944E-01   -0.4222166E-03    0.3914062E-02    0.3534134E-01   -0.2340179E-05   -0.3900371E-05
    0.6504667E-09    0.1145362E-06   -0.4431564E-07   -0.3342979E-06    0.6437551E-05   -0.7508999E-06   -0.3030712E-06   -0.3368736E-06    0.2220080E-07   -0.2518414E-03    0.9012979E-05    0.2144514E-03    0.4148325E-02    0.1111944E-03    0.8320565E-03    0.6651262E-03   -0.1351227E-03    0.4480990E-03   -0.4135220E-03   -0.4985575E-04    0.1368326E-04   -0.6530971E-07   -0.3438405E-07    0.1007290E-08    0.1610565E-07    0.1485306E-06    0.1993625E-06    0.2167066E-05    0.3781401E-06   -0.7460450E-06    0.3316308E-06   -0.2938536E-06   -0.2340179E-05    0.5376964E-06    0.4787232E-09
    0.5004839E-08    0.1650959E-06    0.1246509E-07   -0.1043703E-05    0.8471223E-05    0.9195482E-06   -0.1611506E-05    0.2571604E-06   -0.2875760E-07    0.4393813E-02   -0.1667091E-04   -0.3988120E-03    0.4633764E-02    0.4835774E-03   -0.2446631E-02   -0.7524764E-02    0.1971789E-03    0.3313319E-04   -0.2009343E-03    0.2399048E-02    0.4236394E-02   -0.7116819E-07   -0.4121196E-07   -0.7667796E-07    0.1397144E-08   -0.2676240E-06   -0.5598832E-06   -0.7271981E-06    0.2934159E-06    0.3259978E-05    0.6898997E-06   -0.9831168E-06   -0.3900371E-05    0.4787232E-09    0.2042784E-05
