# omegabh2 omegach2 theta tau Alens ns logA aps100 aps143 aps217 acib143 acib217 asz143 psr cibr cal0 cal2 xi aksz bm_1_1 a_ps_act_148 a_ps_act_217 a_ps_spt_95 a_ps_spt_150 a_ps_spt_220 r_ps_spt_95x150 r_ps_spt_95x220 r_ps_150x220 act_dust_s act_dust_e cal_acts_148 cal_acts_217 cal_acte_148 cal_acte_217 cal_spt_95 cal_spt_150 cal_spt_220
    0.71882E-07   -0.19963E-06    0.58557E-07    0.19635E-06    0.10990E-04    0.68891E-06    0.91137E-07   -0.69673E-03   -0.93597E-03   -0.63380E-03   -0.12752E-05   -0.27499E-04    0.33207E-05   -0.25537E-06   -0.30514E-06    0.21131E-08    0.22646E-08   -0.87456E-07   -0.16123E-04   -0.18144E-04    0.26920E-04    0.14456E-03    0.12597E-04    0.32670E-04    0.14760E-03   -0.57646E-07   -0.21110E-07    0.34809E-08   -0.36344E-06    0.82183E-06    0.84435E-06    0.57421E-06    0.87112E-06    0.52976E-06    0.96025E-06    0.89125E-06    0.66385E-06
   -0.19963E-06    0.32287E-05   -0.24202E-06   -0.26783E-05   -0.61583E-04   -0.74627E-05    0.23125E-05    0.25041E-02    0.25190E-02    0.17519E-02   -0.21539E-04    0.33582E-04   -0.15171E-04    0.44014E-06    0.17894E-05   -0.87673E-08   -0.23885E-07    0.60643E-06    0.51546E-04    0.73278E-04   -0.66905E-04   -0.38620E-03    0.31168E-05   -0.75696E-04   -0.31739E-03   -0.28863E-05   -0.16518E-05    0.39612E-06    0.30239E-05    0.60781E-06   -0.27244E-05   -0.15515E-05   -0.25292E-05   -0.14451E-05   -0.26049E-05   -0.24409E-05   -0.16830E-05
    0.58557E-07   -0.24202E-06    0.34930E-06    0.24190E-06    0.11207E-04    0.11011E-05    0.30346E-06    0.36410E-04   -0.49089E-03   -0.33356E-03   -0.18287E-05   -0.26361E-05    0.44313E-06   -0.12754E-06    0.16276E-06    0.21928E-08   -0.32479E-08    0.10661E-06   -0.78183E-05    0.52256E-05    0.13299E-04    0.97808E-04    0.87209E-05    0.15611E-04    0.97221E-04    0.12562E-06    0.12154E-06   -0.77835E-07    0.31961E-05    0.10183E-05    0.31806E-06    0.47641E-06    0.42963E-06    0.37248E-06    0.73355E-06    0.42863E-06    0.25173E-06
    0.19635E-06   -0.26783E-05    0.24190E-06    0.20343E-03   -0.43480E-03    0.13439E-04    0.39734E-03   -0.13875E-01   -0.84076E-02   -0.40910E-02    0.81139E-05    0.66601E-04   -0.26140E-04   -0.64997E-05   -0.79717E-05   -0.27103E-07    0.42354E-06    0.11558E-04    0.15425E-03   -0.25286E-03    0.46965E-04    0.12509E-02    0.19750E-03    0.13336E-03    0.67601E-03   -0.54963E-05    0.68303E-05    0.41662E-05   -0.20258E-04   -0.35671E-04    0.55364E-05    0.38526E-05    0.78635E-05    0.72626E-05    0.97202E-05    0.28687E-05    0.92736E-05
    0.10990E-04   -0.61583E-04    0.11207E-04   -0.43480E-03    0.10372E-01    0.17629E-03   -0.98351E-03   -0.21902E+00   -0.20899E+00   -0.14356E+00   -0.11891E-02   -0.11455E-01   -0.39882E-03   -0.46756E-04   -0.32040E-03    0.11244E-05    0.14539E-06   -0.82759E-04   -0.57300E-02   -0.31311E-02    0.82685E-02    0.30567E-01    0.95443E-02    0.96040E-02    0.42606E-01   -0.13518E-03   -0.67603E-03    0.17478E-04    0.23586E-04    0.93845E-04    0.21872E-03    0.12224E-03    0.19163E-03    0.85715E-04    0.21297E-03    0.21547E-03    0.15139E-03
    0.68891E-06   -0.74627E-05    0.11011E-05    0.13439E-04    0.17629E-03    0.32737E-04    0.58838E-05   -0.33684E-01   -0.20480E-01   -0.12440E-01    0.17330E-04   -0.62275E-03    0.10531E-03   -0.71542E-05   -0.57466E-05   -0.31631E-07    0.21053E-06   -0.27017E-05   -0.28528E-03   -0.47787E-03    0.44224E-03    0.23819E-02   -0.25434E-04    0.50872E-03    0.22070E-02    0.77844E-05    0.14826E-04    0.87447E-06    0.95025E-05    0.13114E-04    0.15501E-04    0.91072E-05    0.15353E-04    0.84945E-05    0.17412E-04    0.14835E-04    0.81717E-05
    0.91137E-07    0.23125E-05    0.30346E-06    0.39734E-03   -0.98351E-03    0.58838E-05    0.79969E-03   -0.28953E-01   -0.14898E-01   -0.61179E-02   -0.10270E-04    0.24990E-03   -0.80045E-04   -0.12453E-04   -0.13894E-04   -0.27524E-07    0.97985E-06    0.23339E-04    0.31256E-03    0.30341E-04    0.35697E-05    0.18294E-02    0.53778E-03    0.15828E-03    0.91931E-03   -0.18694E-04    0.24009E-05    0.81925E-05   -0.39463E-04   -0.74724E-04    0.55769E-05    0.43883E-05    0.10810E-04    0.11796E-04    0.15382E-04    0.15354E-05    0.16528E-04
   -0.69673E-03    0.25041E-02    0.36410E-04   -0.13875E-01   -0.21902E+00   -0.33684E-01   -0.28953E-01    0.14937E+04    0.82057E+02    0.18166E+02    0.33051E+00    0.59676E+01   -0.20802E+01    0.26209E-01   -0.18886E+00    0.14253E-02   -0.92321E-03    0.28026E-01    0.24870E+01    0.15017E+02   -0.60784E+00   -0.35380E+01    0.46103E+01   -0.10304E+01   -0.37920E+01   -0.25788E-01   -0.42466E+00   -0.17109E-01    0.15265E+00   -0.39841E-01   -0.44086E-01    0.16184E-01   -0.39350E-01    0.13828E-01   -0.72401E-01   -0.43978E-01   -0.12510E-02
   -0.93597E-03    0.25190E-02   -0.49089E-03   -0.84076E-02   -0.20899E+00   -0.20480E-01   -0.14898E-01    0.82057E+02    0.67879E+02    0.21631E+02   -0.84029E-01    0.10526E+01   -0.49543E+00    0.12191E-01   -0.84562E-02   -0.61077E-04   -0.12117E-02    0.15287E-01    0.45176E+00   -0.12249E+00   -0.28154E+00   -0.30858E+01    0.11978E+01   -0.45014E+00   -0.31921E+01   -0.15584E-01   -0.76809E-01   -0.14763E-01    0.47267E-01    0.50438E-01   -0.27583E-01   -0.91566E-02   -0.27491E-01   -0.10634E-01   -0.35225E-01   -0.26263E-01   -0.14357E-01
   -0.63380E-03    0.17519E-02   -0.33356E-03   -0.40910E-02   -0.14356E+00   -0.12440E-01   -0.61179E-02    0.18166E+02    0.21631E+02    0.34982E+02   -0.71575E+00   -0.42925E+01    0.27455E+00   -0.85875E-02   -0.22957E-02   -0.14265E-04   -0.55814E-03   -0.62367E-02   -0.24687E+00    0.11351E+00   -0.44069E-01   -0.28179E+01   -0.90107E+00    0.27037E-01   -0.26825E+01   -0.16581E-01    0.50543E-01    0.24082E-01    0.17385E-01    0.23519E-01   -0.14284E-01   -0.27769E-01   -0.14515E-01   -0.26711E-01   -0.67087E-02   -0.13656E-01   -0.23560E-01
   -0.12752E-05   -0.21539E-04   -0.18287E-05    0.81139E-05   -0.11891E-02    0.17330E-04   -0.10270E-04    0.33051E+00   -0.84029E-01   -0.71575E+00    0.40104E+00    0.77885E+00    0.41832E-01   -0.96845E-04   -0.10348E-01   -0.26234E-06    0.31574E-04    0.47372E-02   -0.21148E+00   -0.13170E-02   -0.12833E+00   -0.10204E+00   -0.37318E-01   -0.15956E+00   -0.12383E+00    0.24073E-01    0.17067E-01   -0.21314E-02    0.12571E-02   -0.39812E-02    0.34356E-03    0.87210E-03    0.28159E-03    0.79383E-03   -0.52368E-03    0.12425E-03    0.11154E-02
   -0.27499E-04    0.33582E-04   -0.26361E-05    0.66601E-04   -0.11455E-01   -0.62275E-03    0.24990E-03    0.59676E+01    0.10526E+01   -0.42925E+01    0.77885E+00    0.35548E+01   -0.22564E-01    0.60277E-02    0.87711E-02   -0.33832E-05    0.47609E-03    0.11161E-02   -0.33951E+00   -0.20894E-01   -0.25454E+00   -0.21462E+00    0.19410E+00   -0.35749E+00   -0.50704E+00    0.39451E-01    0.15817E-01   -0.17649E-01    0.35680E-02   -0.10050E-01   -0.66197E-03    0.81804E-02   -0.73456E-03    0.76153E-02   -0.44348E-02   -0.91855E-03    0.53683E-02
    0.33207E-05   -0.15171E-04    0.44313E-06   -0.26140E-04   -0.39882E-03    0.10531E-03   -0.80045E-04   -0.20802E+01   -0.49543E+00    0.27455E+00    0.41832E-01   -0.22564E-01    0.55714E-01   -0.93983E-04    0.43270E-02    0.23453E-05   -0.48682E-04   -0.96749E-03   -0.92547E-01    0.37460E-02   -0.21199E-01   -0.54364E-01   -0.14180E+00   -0.17501E-01   -0.10008E+00    0.47391E-02    0.13233E-01    0.51551E-04   -0.79058E-03   -0.89296E-03    0.46365E-03   -0.74495E-03    0.43499E-03   -0.72432E-03    0.10302E-02    0.25130E-03   -0.45618E-03
   -0.25537E-06    0.44014E-06   -0.12754E-06   -0.64997E-05   -0.46756E-04   -0.71542E-05   -0.12453E-04    0.26209E-01    0.12191E-01   -0.85875E-02   -0.96845E-04    0.60277E-02   -0.93983E-04    0.37952E-03   -0.23818E-04    0.72836E-07    0.44614E-06    0.13792E-04    0.11143E-03    0.19813E-03    0.15908E-03   -0.30305E-02   -0.75386E-03   -0.10253E-03   -0.25692E-02    0.42327E-04    0.46349E-04    0.13718E-04   -0.42751E-04   -0.97995E-04   -0.10908E-04   -0.21263E-05   -0.55681E-05    0.31478E-05   -0.12357E-04   -0.49456E-05    0.77788E-05
   -0.30514E-06    0.17894E-05    0.16276E-06   -0.79717E-05   -0.32040E-03   -0.57466E-05   -0.13894E-04   -0.18886E+00   -0.84562E-02   -0.22957E-02   -0.10348E-01    0.87711E-02    0.43270E-02   -0.23818E-04    0.24516E-02   -0.34330E-07   -0.17810E-05    0.67754E-05   -0.18880E-02    0.14996E-03    0.34591E-02   -0.65541E-03   -0.14217E-01    0.39249E-02   -0.17966E-01   -0.39883E-03    0.14336E-02   -0.33564E-03   -0.14746E-03   -0.89896E-04    0.23839E-04    0.17583E-04    0.21154E-04    0.11030E-04    0.99808E-04    0.32246E-05   -0.29445E-04
    0.21131E-08   -0.87673E-08    0.21928E-08   -0.27103E-07    0.11244E-05   -0.31631E-07   -0.27524E-07    0.14253E-02   -0.61077E-04   -0.14265E-04   -0.26234E-06   -0.33832E-05    0.23453E-05    0.72836E-07   -0.34330E-07    0.15898E-06    0.10972E-08   -0.40428E-06   -0.72513E-05   -0.32605E-04    0.20196E-05    0.62516E-05   -0.64165E-05   -0.26798E-06    0.37627E-05    0.41763E-06    0.42768E-06    0.31082E-07   -0.81916E-07   -0.89155E-06    0.77101E-07    0.75571E-07    0.51443E-07   -0.15619E-07   -0.95160E-07    0.13297E-07    0.10792E-07
    0.22646E-08   -0.23885E-07   -0.32479E-08    0.42354E-06    0.14539E-06    0.21053E-06    0.97985E-06   -0.92321E-03   -0.12117E-02   -0.55814E-03    0.31574E-04    0.47609E-03   -0.48682E-04    0.44614E-06   -0.17810E-05    0.10972E-08    0.64057E-06    0.49220E-06    0.51014E-04    0.48953E-05    0.44407E-05    0.15490E-04    0.13042E-03   -0.73506E-05    0.50235E-04   -0.40816E-06   -0.96665E-05   -0.19666E-05   -0.18569E-05   -0.13218E-05    0.15137E-07    0.16603E-05   -0.56469E-07    0.17304E-05   -0.77203E-06    0.13801E-06    0.13114E-05
   -0.87456E-07    0.60643E-06    0.10661E-06    0.11558E-04   -0.82759E-04   -0.27017E-05    0.23339E-04    0.28026E-01    0.15287E-01   -0.62367E-02    0.47372E-02    0.11161E-02   -0.96749E-03    0.13792E-04    0.67754E-05   -0.40428E-06    0.49220E-06    0.13013E-02    0.34619E-02   -0.21805E-03    0.25136E-02    0.49489E-03    0.13654E-02    0.12102E-02    0.72568E-03    0.46898E-03    0.83464E-03    0.40999E-04   -0.55031E-04   -0.13451E-03   -0.24844E-05    0.37212E-05   -0.58068E-05    0.18000E-04   -0.11460E-04    0.80494E-05    0.51312E-04
   -0.16123E-04    0.51546E-04   -0.78183E-05    0.15425E-03   -0.57300E-02   -0.28528E-03    0.31256E-03    0.24870E+01    0.45176E+00   -0.24687E+00   -0.21148E+00   -0.33951E+00   -0.92547E-01    0.11143E-03   -0.18880E-02   -0.72513E-05    0.51014E-04    0.34619E-02    0.33738E+00    0.41853E-02    0.23226E-01    0.18267E+00    0.12399E+00    0.35423E-01    0.27830E+00   -0.15892E-01   -0.21743E-01    0.25273E-02   -0.96296E-03   -0.62372E-03   -0.53589E-04    0.12327E-02    0.42567E-04    0.12405E-02   -0.80023E-03   -0.19600E-04    0.71238E-03
   -0.18144E-04    0.73278E-04    0.52256E-05   -0.25286E-03   -0.31311E-02   -0.47787E-03    0.30341E-04    0.15017E+02   -0.12249E+00    0.11351E+00   -0.13170E-02   -0.20894E-01    0.37460E-02    0.19813E-03    0.14996E-03   -0.32605E-04    0.48953E-05   -0.21805E-03    0.41853E-02    0.54827E+00   -0.14149E-01   -0.22397E-01   -0.24698E-01   -0.12337E-01   -0.59766E-01    0.77676E-03    0.13245E-02    0.40062E-03    0.70863E-03   -0.16173E-02   -0.63892E-04   -0.15929E-03   -0.13604E-03   -0.13594E-03    0.15320E-03   -0.33131E-03   -0.22876E-03
    0.26920E-04   -0.66905E-04    0.13299E-04    0.46965E-04    0.82685E-02    0.44224E-03    0.35697E-05   -0.60784E+00   -0.28154E+00   -0.44069E-01   -0.12833E+00   -0.25454E+00   -0.21199E-01    0.15908E-03    0.34591E-02    0.20196E-05    0.44407E-05    0.25136E-02    0.23226E-01   -0.14149E-01    0.31235E+00   -0.12574E+00    0.76514E-01    0.11462E+00    0.35782E+00   -0.57859E-02   -0.78923E-02   -0.30147E-02   -0.18150E-02    0.11966E-02    0.23387E-02   -0.85710E-03    0.21779E-02   -0.60628E-03    0.29769E-03    0.20059E-03    0.89372E-03
    0.14456E-03   -0.38620E-03    0.97808E-04    0.12509E-02    0.30567E-01    0.23819E-02    0.18294E-02   -0.35380E+01   -0.30858E+01   -0.28179E+01   -0.10204E+00   -0.21462E+00   -0.54364E-01   -0.30305E-02   -0.65541E-03    0.62516E-05    0.15490E-04    0.49489E-03    0.18267E+00   -0.22397E-01   -0.12574E+00    0.13336E+02    0.29641E+00    0.10443E+00    0.96791E+00   -0.16966E-01   -0.27798E-01   -0.33430E-02    0.36639E-01    0.34830E-01    0.24107E-02    0.49038E-01    0.23911E-02    0.39059E-01    0.43006E-02    0.23632E-02    0.42891E-02
    0.12597E-04    0.31168E-05    0.87209E-05    0.19750E-03    0.95443E-02   -0.25434E-04    0.53778E-03    0.46103E+01    0.11978E+01   -0.90107E+00   -0.37318E-01    0.19410E+00   -0.14180E+00   -0.75386E-03   -0.14217E-01   -0.64165E-05    0.13042E-03    0.13654E-02    0.12399E+00   -0.24698E-01    0.76514E-01    0.29641E+00    0.21683E+01    0.65557E-01    0.22569E+00   -0.84679E-01   -0.10744E+00   -0.16033E-02    0.16412E-02    0.70929E-02   -0.16726E-02    0.23540E-02   -0.12551E-02    0.21423E-02    0.62562E-03   -0.80191E-05    0.13060E-02
    0.32670E-04   -0.75696E-04    0.15611E-04    0.13336E-03    0.96040E-02    0.50872E-03    0.15828E-03   -0.10304E+01   -0.45014E+00    0.27037E-01   -0.15956E+00   -0.35749E+00   -0.17501E-01   -0.10253E-03    0.39249E-02   -0.26798E-06   -0.73506E-05    0.12102E-02    0.35423E-01   -0.12337E-01    0.11462E+00    0.10443E+00    0.65557E-01    0.22782E+00    0.12431E+00   -0.75415E-02   -0.51325E-02    0.15278E-03    0.48682E-03    0.34474E-02    0.45530E-05   -0.48013E-03    0.13417E-04   -0.39238E-03    0.91026E-03    0.15878E-03   -0.14654E-03
    0.14760E-03   -0.31739E-03    0.97221E-04    0.67601E-03    0.42606E-01    0.22070E-02    0.91931E-03   -0.37920E+01   -0.31921E+01   -0.26825E+01   -0.12383E+00   -0.50704E+00   -0.10008E+00   -0.25692E-02   -0.17966E-01    0.37627E-05    0.50235E-04    0.72568E-03    0.27830E+00   -0.59766E-01    0.35782E+00    0.96791E+00    0.22569E+00    0.12431E+00    0.12058E+02   -0.13587E-01   -0.67079E-01   -0.11869E-01   -0.15419E-01   -0.17195E-01    0.44922E-02    0.41005E-02    0.35156E-02    0.31436E-02    0.31795E-02    0.49678E-02    0.31424E-01
   -0.57646E-07   -0.28863E-05    0.12562E-06   -0.54963E-05   -0.13518E-03    0.77844E-05   -0.18694E-04   -0.25788E-01   -0.15584E-01   -0.16581E-01    0.24073E-01    0.39451E-01    0.47391E-02    0.42327E-04   -0.39883E-03    0.41763E-06   -0.40816E-06    0.46898E-03   -0.15892E-01    0.77676E-03   -0.57859E-02   -0.16966E-01   -0.84679E-01   -0.75415E-02   -0.13587E-01    0.69252E-02    0.56177E-02   -0.14405E-03    0.10360E-03   -0.30537E-03    0.57398E-04   -0.36383E-04    0.26221E-04   -0.24052E-04   -0.83407E-04   -0.12133E-04    0.23947E-04
   -0.21110E-07   -0.16518E-05    0.12154E-06    0.68303E-05   -0.67603E-03    0.14826E-04    0.24009E-05   -0.42466E+00   -0.76809E-01    0.50543E-01    0.17067E-01    0.15817E-01    0.13233E-01    0.46349E-04    0.14336E-02    0.42768E-06   -0.96665E-05    0.83464E-03   -0.21743E-01    0.13245E-02   -0.78923E-02   -0.27798E-01   -0.10744E+00   -0.51325E-02   -0.67079E-01    0.56177E-02    0.11626E-01    0.11822E-03   -0.11793E-03   -0.60389E-03    0.89620E-04   -0.16802E-03    0.72896E-04   -0.14079E-03    0.54908E-04    0.20714E-04   -0.30009E-03
    0.34809E-08    0.39612E-06   -0.77835E-07    0.41662E-05    0.17478E-04    0.87447E-06    0.81925E-05   -0.17109E-01   -0.14763E-01    0.24082E-01   -0.21314E-02   -0.17649E-01    0.51551E-04    0.13718E-04   -0.33564E-03    0.31082E-07   -0.19666E-05    0.40999E-04    0.25273E-02    0.40062E-03   -0.30147E-02   -0.33430E-02   -0.16033E-02    0.15278E-03   -0.11869E-01   -0.14405E-03    0.11822E-03    0.34566E-03   -0.22595E-05    0.53546E-04   -0.98095E-05   -0.48877E-04    0.20025E-05   -0.42131E-04    0.20607E-04    0.11232E-04   -0.79019E-04
   -0.36344E-06    0.30239E-05    0.31961E-05   -0.20258E-04    0.23586E-04    0.95025E-05   -0.39463E-04    0.15265E+00    0.47267E-01    0.17385E-01    0.12571E-02    0.35680E-02   -0.79058E-03   -0.42751E-04   -0.14746E-03   -0.81916E-07   -0.18569E-05   -0.55031E-04   -0.96296E-03    0.70863E-03   -0.18150E-02    0.36639E-01    0.16412E-02    0.48682E-03   -0.15419E-01    0.10360E-03   -0.11793E-03   -0.22595E-05    0.40115E-01   -0.36319E-03    0.28787E-03    0.22886E-03   -0.58738E-04    0.82792E-04   -0.58670E-04   -0.20184E-04   -0.61599E-04
    0.82183E-06    0.60781E-06    0.10183E-05   -0.35671E-04    0.93845E-04    0.13114E-04   -0.74724E-04   -0.39841E-01    0.50438E-01    0.23519E-01   -0.39812E-02   -0.10050E-01   -0.89296E-03   -0.97995E-04   -0.89896E-04   -0.89155E-06   -0.13218E-05   -0.13451E-03   -0.62372E-03   -0.16173E-02    0.11966E-02    0.34830E-01    0.70929E-02    0.34474E-02   -0.17195E-01   -0.30537E-03   -0.60389E-03    0.53546E-04   -0.36319E-03    0.39102E-01   -0.65805E-04    0.99986E-04    0.28778E-03    0.21389E-03   -0.34429E-04   -0.18895E-04   -0.11514E-03
    0.84435E-06   -0.27244E-05    0.31806E-06    0.55364E-05    0.21872E-03    0.15501E-04    0.55769E-05   -0.44086E-01   -0.27583E-01   -0.14284E-01    0.34356E-03   -0.66197E-03    0.46365E-03   -0.10908E-04    0.23839E-04    0.77101E-07    0.15137E-07   -0.24844E-05   -0.53589E-04   -0.63892E-04    0.23387E-02    0.24107E-02   -0.16726E-02    0.45530E-05    0.44922E-02    0.57398E-04    0.89620E-04   -0.98095E-05    0.28787E-03   -0.65805E-04    0.16255E-03    0.73370E-05    0.57282E-04    0.14052E-04    0.26847E-04    0.22195E-04    0.17428E-04
    0.57421E-06   -0.15515E-05    0.47641E-06    0.38526E-05    0.12224E-03    0.91072E-05    0.43883E-05    0.16184E-01   -0.91566E-02   -0.27769E-01    0.87210E-03    0.81804E-02   -0.74495E-03   -0.21263E-05    0.17583E-04    0.75571E-07    0.16603E-05    0.37212E-05    0.12327E-02   -0.15929E-03   -0.85710E-03    0.49038E-01    0.23540E-02   -0.48013E-03    0.41005E-02   -0.36383E-04   -0.16802E-03   -0.48877E-04    0.22886E-03    0.99986E-04    0.73370E-05    0.33898E-03    0.13988E-04    0.17495E-03   -0.91879E-06    0.10225E-04    0.40836E-04
    0.87112E-06   -0.25292E-05    0.42963E-06    0.78635E-05    0.19163E-03    0.15353E-04    0.10810E-04   -0.39350E-01   -0.27491E-01   -0.14515E-01    0.28159E-03   -0.73456E-03    0.43499E-03   -0.55681E-05    0.21154E-04    0.51443E-07   -0.56469E-07   -0.58068E-05    0.42567E-04   -0.13604E-03    0.21779E-02    0.23911E-02   -0.12551E-02    0.13417E-04    0.35156E-02    0.26221E-04    0.72896E-04    0.20025E-05   -0.58738E-04    0.28778E-03    0.57282E-04    0.13988E-04    0.12805E-03    0.12053E-04    0.27752E-04    0.23156E-04    0.16839E-04
    0.52976E-06   -0.14451E-05    0.37248E-06    0.72626E-05    0.85715E-04    0.84945E-05    0.11796E-04    0.13828E-01   -0.10634E-01   -0.26711E-01    0.79383E-03    0.76153E-02   -0.72432E-03    0.31478E-05    0.11030E-04   -0.15619E-07    0.17304E-05    0.18000E-04    0.12405E-02   -0.13594E-03   -0.60628E-03    0.39059E-01    0.21423E-02   -0.39238E-03    0.31436E-02   -0.24052E-04   -0.14079E-03   -0.42131E-04    0.82792E-04    0.21389E-03    0.14052E-04    0.17495E-03    0.12053E-04    0.21327E-03    0.53116E-06    0.91401E-05    0.34453E-04
    0.96025E-06   -0.26049E-05    0.73355E-06    0.97202E-05    0.21297E-03    0.17412E-04    0.15382E-04   -0.72401E-01   -0.35225E-01   -0.67087E-02   -0.52368E-03   -0.44348E-02    0.10302E-02   -0.12357E-04    0.99808E-04   -0.95160E-07   -0.77203E-06   -0.11460E-04   -0.80023E-03    0.15320E-03    0.29769E-03    0.43006E-02    0.62562E-03    0.91026E-03    0.31795E-02   -0.83407E-04    0.54908E-04    0.20607E-04   -0.58670E-04   -0.34429E-04    0.26847E-04   -0.91879E-06    0.27752E-04    0.53116E-06    0.39518E-03    0.38454E-04    0.68926E-05
    0.89125E-06   -0.24409E-05    0.42863E-06    0.28687E-05    0.21547E-03    0.14835E-04    0.15354E-05   -0.43978E-01   -0.26263E-01   -0.13656E-01    0.12425E-03   -0.91855E-03    0.25130E-03   -0.49456E-05    0.32246E-05    0.13297E-07    0.13801E-06    0.80494E-05   -0.19600E-04   -0.33131E-03    0.20059E-03    0.23632E-02   -0.80191E-05    0.15878E-03    0.49678E-02   -0.12133E-04    0.20714E-04    0.11232E-04   -0.20184E-04   -0.18895E-04    0.22195E-04    0.10225E-04    0.23156E-04    0.91401E-05    0.38454E-04    0.95287E-04    0.31052E-04
    0.66385E-06   -0.16830E-05    0.25173E-06    0.92736E-05    0.15139E-03    0.81717E-05    0.16528E-04   -0.12510E-02   -0.14357E-01   -0.23560E-01    0.11154E-02    0.53683E-02   -0.45618E-03    0.77788E-05   -0.29445E-04    0.10792E-07    0.13114E-05    0.51312E-04    0.71238E-03   -0.22876E-03    0.89372E-03    0.42891E-02    0.13060E-02   -0.14654E-03    0.31424E-01    0.23947E-04   -0.30009E-03   -0.79019E-04   -0.61599E-04   -0.11514E-03    0.17428E-04    0.40836E-04    0.16839E-04    0.34453E-04    0.68926E-05    0.31052E-04    0.50034E-03
