# omegabh2 omegach2 theta tau yhe logA ns calPlanck calEE
    0.1363401E-05   -0.3245139E-05    0.1112614E-05    0.4747730E-05    0.2612697E-04    0.1563822E-04    0.1411843E-04   -0.2418532E-08    0.9956063E-06
   -0.3245139E-05    0.1502107E-04   -0.1606492E-06   -0.1070399E-04    0.1150364E-04   -0.1956168E-04   -0.2795750E-04    0.1253100E-07   -0.1824515E-05
    0.1112614E-05   -0.1606492E-06    0.3909799E-05    0.9302360E-05    0.8852021E-04    0.2332225E-04    0.2544923E-04   -0.2182782E-07    0.2331936E-05
    0.4747730E-05   -0.1070399E-04    0.9302360E-05    0.4835646E-03    0.2346322E-03    0.9706013E-03    0.1193380E-03   -0.1571634E-06    0.7726554E-06
    0.2612697E-04    0.1150364E-04    0.8852021E-04    0.2346322E-03    0.2311104E-02    0.6168430E-03    0.6138304E-03   -0.4002204E-06    0.5820476E-04
    0.1563822E-04   -0.1956168E-04    0.2332225E-04    0.9706013E-03    0.6168430E-03    0.2164334E-02    0.2921444E-03    0.1226376E-04    0.9471471E-04
    0.1411843E-04   -0.2795750E-04    0.2544923E-04    0.1193380E-03    0.6138304E-03    0.2921444E-03    0.2880353E-03    0.2841838E-06    0.2607002E-04
   -0.2418532E-08    0.1253100E-07   -0.2182782E-07   -0.1571634E-06   -0.4002204E-06    0.1226376E-04    0.2841838E-06    0.6409187E-05   -0.3988805E-06
    0.9956063E-06   -0.1824515E-05    0.2331936E-05    0.7726554E-06    0.5820476E-04    0.9471471E-04    0.2607002E-04   -0.3988805E-06    0.9396348E-04
