# omegabh2 omegach2 theta tau logA ns nrun acib217 acibsz143 asz143 aps100 aps143 aps143217 aps217 aksz kgal100 t1gal143 t1gal143217 t1gal217 calib_100T calib_217T
    0.6742376E-07   -0.1880168E-06    0.4736880E-07    0.1449832E-05    0.2727115E-05    0.4386774E-06   -0.7662909E-06   -0.1703315E-03   -0.6358581E-04    0.1615354E-04   -0.5977342E-03   -0.3888942E-03   -0.1436024E-03   -0.6346718E-04   -0.2816672E-04    0.7684312E-03    0.4866467E-03    0.4524020E-03    0.4240349E-03   -0.4274218E-07    0.1141544E-07
   -0.1880168E-06    0.3229773E-05   -0.2547242E-06   -0.1289305E-04   -0.2013343E-04   -0.7197649E-05    0.1117634E-06    0.1193354E-02    0.2596496E-03   -0.9047869E-04   -0.1748042E-02   -0.5382999E-03   -0.1471019E-02   -0.2404231E-02    0.1823916E-03    0.6447319E-02    0.7465524E-02    0.6937507E-02    0.6536574E-02    0.1421193E-07    0.5530869E-08
    0.4736880E-07   -0.2547242E-06    0.1997638E-06    0.2041057E-05    0.3970153E-05    0.8696602E-06   -0.3572581E-06   -0.1312698E-03   -0.9628746E-04   -0.1409692E-04    0.1270370E-03    0.1773096E-03    0.2877610E-03    0.1683248E-03   -0.4286947E-04   -0.1110892E-03   -0.7219205E-03   -0.5686308E-03   -0.4419756E-03   -0.6200887E-07   -0.2107635E-07
    0.1449832E-05   -0.1289305E-04    0.2041057E-05    0.1582183E-03    0.2908361E-03    0.3212944E-04   -0.2209836E-04   -0.4073796E-02   -0.1188543E-02    0.7047684E-04   -0.5443692E-02   -0.1088616E-01   -0.6598068E-02   -0.3427497E-02    0.4783226E-03   -0.6778204E-02    0.3928490E-02    0.6670349E-02    0.8864802E-02    0.1305181E-05   -0.3200364E-06
    0.2727115E-05   -0.2013343E-04    0.3970153E-05    0.2908361E-03    0.5583790E-03    0.4833526E-04   -0.5439437E-04   -0.2901802E-02   -0.9578859E-03   -0.3875630E-03    0.9285730E-02   -0.7405274E-02   -0.4114443E-02   -0.1301218E-02    0.6837114E-03   -0.3000252E-01   -0.3116056E-01   -0.2551337E-01   -0.2084745E-01    0.2645546E-06   -0.1087118E-05
    0.4386774E-06   -0.7197649E-05    0.8696602E-06    0.3212944E-04    0.4833526E-04    0.3294851E-04    0.1085450E-04   -0.1489369E-01   -0.7042474E-02   -0.1434698E-02   -0.8456237E-02    0.8021713E-02    0.2003726E-01    0.2125726E-01   -0.4397003E-02   -0.1381405E-01   -0.1996594E-01   -0.1958595E-01   -0.1812468E-01    0.2951400E-08    0.3045260E-06
   -0.7662909E-06    0.1117634E-06   -0.3572581E-06   -0.2209836E-04   -0.5439437E-04    0.1085450E-04    0.5508799E-04   -0.1304330E-01   -0.6866823E-02   -0.1380889E-02   -0.1023725E-01    0.5731875E-02    0.1654676E-01    0.1587816E-01   -0.3838154E-02   -0.6913976E-02   -0.1088003E-01   -0.1058336E-01   -0.9515453E-02    0.2143698E-06    0.1248803E-06
   -0.1703315E-03    0.1193354E-02   -0.1312698E-03   -0.4073796E-02   -0.2901802E-02   -0.1489369E-01   -0.1304330E-01    0.7174622E+02    0.2755176E+02    0.8853182E-01    0.2810797E+02   -0.1829449E+02   -0.7124505E+02   -0.8908432E+02   -0.6943572E+00   -0.9403109E+01   -0.2323829E+02   -0.2768384E+02   -0.3130699E+02   -0.2502572E-03   -0.3602435E-02
   -0.6358581E-04    0.2596496E-03   -0.9628746E-04   -0.1188543E-02   -0.9578859E-03   -0.7042474E-02   -0.6866823E-02    0.2755176E+02    0.1973689E+02    0.2153638E+01   -0.6480943E+01   -0.2277756E+02   -0.4746866E+02   -0.2943620E+02   -0.3828901E+00   -0.6096409E+01   -0.1308876E+02   -0.1963644E+02   -0.2086281E+02   -0.2740127E-03   -0.3240907E-03
    0.1615354E-04   -0.9047869E-04   -0.1409692E-04    0.7047684E-04   -0.3875630E-03   -0.1434698E-02   -0.1380889E-02    0.8853182E-01    0.2153638E+01    0.4915394E+01   -0.3513576E+02   -0.1480543E+02   -0.4504189E+01    0.4654079E+00   -0.1074037E+00   -0.9738295E+00   -0.8976875E+00    0.2123756E+01    0.2596497E+01   -0.2898289E-03    0.2171514E-03
   -0.5977342E-03   -0.1748042E-02    0.1270370E-03   -0.5443692E-02    0.9285730E-02   -0.8456237E-02   -0.1023725E-01    0.2810797E+02   -0.6480943E+01   -0.3513576E+02    0.7130369E+03    0.1718256E+03    0.6022128E+02    0.2799639E+01   -0.6168178E+01   -0.8323559E+02   -0.7291706E+02   -0.7734722E+02   -0.7038206E+02   -0.2887482E-02   -0.4804230E-02
   -0.3888942E-03   -0.5382999E-03    0.1773096E-03   -0.1088616E-01   -0.7405274E-02    0.8021713E-02    0.5731875E-02   -0.1829449E+02   -0.2277756E+02   -0.1480543E+02    0.1718256E+03    0.1255645E+03    0.1017036E+03    0.5738600E+02   -0.1106074E+02   -0.3437239E+02   -0.5289131E+02   -0.4587668E+02   -0.4234102E+02   -0.8626064E-03   -0.1125302E-02
   -0.1436024E-03   -0.1471019E-02    0.2877610E-03   -0.6598068E-02   -0.4114443E-02    0.2003726E-01    0.1654676E-01   -0.7124505E+02   -0.4746866E+02   -0.4504189E+01    0.6022128E+02    0.1017036E+03    0.1646219E+03    0.1235844E+03   -0.1096334E+02   -0.2505002E+02   -0.3053785E+02   -0.1991911E+02   -0.1908862E+02   -0.1028979E-02    0.1866487E-02
   -0.6346718E-04   -0.2404231E-02    0.1683248E-03   -0.3427497E-02   -0.1301218E-02    0.2125726E-01    0.1587816E-01   -0.8908432E+02   -0.2943620E+02    0.4654079E+00    0.2799639E+01    0.5738600E+02    0.1235844E+03    0.1626545E+03   -0.1081727E+02   -0.2711794E+02   -0.3304136E+02   -0.3954706E+02   -0.4271577E+02   -0.1296812E-02    0.6269196E-02
   -0.2816672E-04    0.1823916E-03   -0.4286947E-04    0.4783226E-03    0.6837114E-03   -0.4397003E-02   -0.3838154E-02   -0.6943572E+00   -0.3828901E+00   -0.1074037E+00   -0.6168178E+01   -0.1106074E+02   -0.1096334E+02   -0.1081727E+02    0.8421787E+01   -0.1721217E+01   -0.1966905E+01   -0.2195961E+01   -0.2312945E+01   -0.6833136E-05    0.6998358E-04
    0.7684312E-03    0.6447319E-02   -0.1110892E-03   -0.6778204E-02   -0.3000252E-01   -0.1381405E-01   -0.6913976E-02   -0.9403109E+01   -0.6096409E+01   -0.9738295E+00   -0.8323559E+02   -0.3437239E+02   -0.2505002E+02   -0.2711794E+02   -0.1721217E+01    0.2486883E+03    0.1741791E+03    0.1706482E+03    0.1656442E+03   -0.1286312E-01    0.9145041E-03
    0.4866467E-03    0.7465524E-02   -0.7219205E-03    0.3928490E-02   -0.3116056E-01   -0.1996594E-01   -0.1088003E-01   -0.2323829E+02   -0.1308876E+02   -0.8976875E+00   -0.7291706E+02   -0.5289131E+02   -0.3053785E+02   -0.3304136E+02   -0.1966905E+01    0.1741791E+03    0.3070779E+03    0.3038613E+03    0.2967951E+03    0.9732803E-02    0.2332658E-02
    0.4524020E-03    0.6937507E-02   -0.5686308E-03    0.6670349E-02   -0.2551337E-01   -0.1958595E-01   -0.1058336E-01   -0.2768384E+02   -0.1963644E+02    0.2123756E+01   -0.7734722E+02   -0.4587668E+02   -0.1991911E+02   -0.3954706E+02   -0.2195961E+01    0.1706482E+03    0.3038613E+03    0.3381145E+03    0.3564976E+03    0.9212537E-02   -0.2936373E-02
    0.4240349E-03    0.6536574E-02   -0.4419756E-03    0.8864802E-02   -0.2084745E-01   -0.1812468E-01   -0.9515453E-02   -0.3130699E+02   -0.2086281E+02    0.2596497E+01   -0.7038206E+02   -0.4234102E+02   -0.1908862E+02   -0.4271577E+02   -0.2312945E+01    0.1656442E+03    0.2967951E+03    0.3564976E+03    0.4008665E+03    0.8889965E-02   -0.7889339E-02
   -0.4274218E-07    0.1421193E-07   -0.6200887E-07    0.1305181E-05    0.2645546E-06    0.2951400E-08    0.2143698E-06   -0.2502572E-03   -0.2740127E-03   -0.2898289E-03   -0.2887482E-02   -0.8626064E-03   -0.1028979E-02   -0.1296812E-02   -0.6833136E-05   -0.1286312E-01    0.9732803E-02    0.9212537E-02    0.8889965E-02    0.3029429E-05    0.9082230E-07
    0.1141544E-07    0.5530869E-08   -0.2107635E-07   -0.3200364E-06   -0.1087118E-05    0.3045260E-06    0.1248803E-06   -0.3602435E-02   -0.3240907E-03    0.2171514E-03   -0.4804230E-02   -0.1125302E-02    0.1866487E-02    0.6269196E-02    0.6998358E-04    0.9145041E-03    0.2332658E-02   -0.2936373E-02   -0.7889339E-02    0.9082230E-07    0.1462615E-05
