# omegabh2 omegach2 theta tau mnu nnu logA ns calPlanck acib217 xi asz143 aps100 aps143 aps143217 aps217 aksz kgal100 kgal143 kgal143217 kgal217 cal0 cal2
    0.1723628E-06    0.7036459E-06    0.4326175E-08    0.4559734E-05   -0.4441324E-04    0.1017996E-03    0.1152479E-04    0.5961418E-05    0.3603427E-07    0.6942659E-04   -0.2184164E-05    0.7620618E-05    0.1849904E-03   -0.3920838E-04   -0.9983714E-04   -0.1442244E-03    0.4706390E-04    0.1287578E-04    0.1379786E-04    0.2654066E-04   -0.1016589E-04    0.8642154E-08    0.1241066E-08
    0.7036459E-06    0.1668007E-04   -0.1443763E-05    0.1668248E-04   -0.1411407E-04    0.1061376E-02    0.7626007E-04    0.3659442E-04    0.7825635E-07    0.5307940E-02   -0.8653674E-04   -0.1210174E-02    0.2206932E-01    0.1118467E-01    0.2409213E-02   -0.1749167E-02    0.2207802E-02    0.2155249E-03    0.1193131E-03    0.6700001E-03   -0.5593576E-03   -0.7918457E-07    0.5605337E-06
    0.4326175E-08   -0.1443763E-05    0.3339475E-06   -0.3940031E-06   -0.3846740E-04   -0.7470367E-04   -0.4022700E-05   -0.1457814E-05    0.8928951E-08   -0.5825715E-03    0.1051050E-04    0.1332561E-03   -0.2444116E-02   -0.1240108E-02   -0.2828758E-03    0.1232530E-03   -0.2369134E-03   -0.1785287E-04   -0.1104099E-05   -0.4289083E-04    0.1067447E-03    0.1309951E-07   -0.6367342E-07
    0.4559734E-05    0.1668248E-04   -0.3940031E-06    0.4717735E-03    0.9922750E-04    0.3070244E-02    0.9906088E-03    0.1967650E-03   -0.6766057E-06   -0.5907501E-02    0.3335590E-04    0.1402654E-02   -0.2231642E-01   -0.2652664E-02    0.4043451E-02    0.1006865E-01   -0.1699237E-02    0.2125291E-03   -0.8306851E-03   -0.1031703E-02   -0.5421453E-03    0.3153072E-06   -0.1024804E-05
   -0.4441324E-04   -0.1411407E-04   -0.3846740E-04    0.9922750E-04    0.4994765E-01   -0.1591868E-01   -0.1731575E-03   -0.1344594E-02   -0.1618256E-05    0.9483139E-01   -0.2484318E-02   -0.2582445E-01    0.4766301E+00    0.2298184E+00    0.6746672E-01    0.1671269E-01    0.2832549E-01    0.4875585E-02    0.8809540E-03   -0.7700015E-02   -0.2416397E-01   -0.4572277E-05    0.8961427E-05
    0.1017996E-03    0.1061376E-02   -0.7470367E-04    0.3070244E-02   -0.1591868E-01    0.1005282E+00    0.9084200E-02    0.4732407E-02    0.1862714E-04    0.3979752E+00   -0.7213182E-02   -0.7551303E-01    0.1487957E+01    0.6942551E+00    0.9107082E-01   -0.2076364E+00    0.1640401E+00    0.1874197E-01    0.1254039E-01    0.4074720E-01   -0.7570978E-01   -0.1857003E-05    0.3500321E-04
    0.1152479E-04    0.7626007E-04   -0.4022700E-05    0.9906088E-03   -0.1731575E-03    0.9084200E-02    0.2218659E-02    0.5028978E-03    0.1169523E-04    0.1664343E-02   -0.9456057E-04   -0.1932702E-03    0.1450380E-01    0.2376221E-01    0.1666814E-01    0.2063361E-01    0.1196844E-02    0.7317765E-03   -0.1898065E-02   -0.4485961E-03   -0.2976801E-03    0.6820161E-06   -0.6479992E-06
    0.5961418E-05    0.3659442E-04   -0.1457814E-05    0.1967650E-03   -0.1344594E-02    0.4732407E-02    0.5028978E-03    0.2688461E-03    0.1176851E-05    0.9745265E-02   -0.1899662E-03   -0.1103804E-02    0.2511372E-01    0.1578398E-01    0.3771980E-02   -0.3449693E-02    0.3488500E-02    0.1035950E-02    0.4424150E-03    0.9963134E-03   -0.2984470E-02   -0.1152861E-06    0.5943820E-06
    0.3603427E-07    0.7825635E-07    0.8928951E-08   -0.6766057E-06   -0.1618256E-05    0.1862714E-04    0.1169523E-04    0.1176851E-05    0.6347809E-05    0.1096065E-02   -0.4145206E-06   -0.6895214E-04    0.3776572E-02    0.6125913E-03    0.1506989E-03    0.6759764E-03    0.2328174E-04   -0.1073984E-04   -0.1113150E-04    0.3620491E-04    0.7697874E-03   -0.3760191E-07    0.2744527E-07
    0.6942659E-04    0.5307940E-02   -0.5825715E-03   -0.5907501E-02    0.9483139E-01    0.3979752E+00    0.1664343E-02    0.9745265E-02    0.1096065E-02    0.5090409E+02   -0.5114131E+00   -0.2100177E+01    0.5449561E+02    0.5378032E+01   -0.1986598E+02   -0.6632970E+02    0.1565147E+01    0.3426277E-01    0.6306090E+00   -0.2856942E+01   -0.2543769E+02   -0.1821057E-03    0.4570528E-02
   -0.2184164E-05   -0.8653674E-04    0.1051050E-04    0.3335590E-04   -0.2484318E-02   -0.7213182E-02   -0.9456057E-04   -0.1899662E-03   -0.4145206E-06   -0.5114131E+00    0.8326790E-01   -0.6903837E-01   -0.5027035E+00    0.8745720E+00    0.1693283E+01    0.7304536E+00    0.5197364E-01   -0.1643812E-01    0.4366127E-03    0.1125318E+00    0.1503974E+00    0.5056429E-05   -0.1323905E-04
    0.7620618E-05   -0.1210174E-02    0.1332561E-03    0.1402654E-02   -0.2582445E-01   -0.7551303E-01   -0.1932702E-03   -0.1103804E-02   -0.6895214E-04   -0.2100177E+01   -0.6903837E-01    0.3953998E+01   -0.3125659E+02   -0.4721427E+01    0.7750073E+01    0.7108009E+01   -0.3153079E+01   -0.2138236E+00    0.2745337E-01    0.2345658E+01    0.2009024E+01    0.2182838E-03   -0.4432267E-03
    0.1849904E-03    0.2206932E-01   -0.2444116E-02   -0.2231642E-01    0.4766301E+00    0.1487957E+01    0.1450380E-01    0.2511372E-01    0.3776572E-02    0.5449561E+02   -0.5027035E+00   -0.3125659E+02    0.7623082E+03    0.8689858E+02   -0.5398196E+02   -0.7862776E+02    0.1928762E+02   -0.4041890E+00    0.1005342E+01   -0.1058233E+02   -0.1993600E+02    0.4295082E-02    0.5959651E-02
   -0.3920838E-04    0.1118467E-01   -0.1240108E-02   -0.2652664E-02    0.2298184E+00    0.6942551E+00    0.2376221E-01    0.1578398E-01    0.6125913E-03    0.5378032E+01    0.8745720E+00   -0.4721427E+01    0.8689858E+02    0.6778862E+02    0.4323226E+02    0.1606088E+02   -0.2722259E+01   -0.3249809E+00   -0.7991888E+00    0.4787362E+01    0.3817649E+01    0.4824562E-04    0.8182496E-03
   -0.9983714E-04    0.2409213E-02   -0.2828758E-03    0.4043451E-02    0.6746672E-01    0.9107082E-01    0.1666814E-01    0.3771980E-02    0.1506989E-03   -0.1986598E+02    0.1693283E+01    0.7750073E+01   -0.5398196E+02    0.4323226E+02    0.9214301E+02    0.6628946E+02   -0.1266567E+02   -0.9699156E+00   -0.5409308E+00    0.5312996E+01    0.6542678E+01    0.7034151E-03   -0.2348770E-02
   -0.1442244E-03   -0.1749167E-02    0.1232530E-03    0.1006865E-01    0.1671269E-01   -0.2076364E+00    0.2063361E-01   -0.3449693E-02    0.6759764E-03   -0.6632970E+02    0.7304536E+00    0.7108009E+01   -0.7862776E+02    0.1606088E+02    0.6628946E+02    0.1256480E+03   -0.1179334E+02   -0.5147719E+00   -0.1011231E+01    0.8877398E+00    0.2225929E+02    0.5835449E-03   -0.7643528E-02
    0.4706390E-04    0.2207802E-02   -0.2369134E-03   -0.1699237E-02    0.2832549E-01    0.1640401E+00    0.1196844E-02    0.3488500E-02    0.2328174E-04    0.1565147E+01    0.5197364E-01   -0.3153079E+01    0.1928762E+02   -0.2722259E+01   -0.1266567E+02   -0.1179334E+02    0.6947353E+01    0.1188147E+00   -0.6166700E-01   -0.2027564E+01   -0.1706775E+01   -0.1794517E-03    0.3158828E-03
    0.1287578E-04    0.2155249E-03   -0.1785287E-04    0.2125291E-03    0.4875585E-02    0.1874197E-01    0.7317765E-03    0.1035950E-02   -0.1073984E-04    0.3426277E-01   -0.1643812E-01   -0.2138236E+00   -0.4041890E+00   -0.3249809E+00   -0.9699156E+00   -0.5147719E+00    0.1188147E+00    0.3246214E+01    0.6985702E+00    0.2564232E+00    0.4729185E+00    0.4129412E-03    0.3170658E-06
    0.1379786E-04    0.1193131E-03   -0.1104099E-05   -0.8306851E-03    0.8809540E-03    0.1254039E-01   -0.1898065E-02    0.4424150E-03   -0.1113150E-04    0.6306090E+00    0.4366127E-03    0.2745337E-01    0.1005342E+01   -0.7991888E+00   -0.5409308E+00   -0.1011231E+01   -0.6166700E-01    0.6985702E+00    0.3124156E+01    0.2402574E+01    0.1282296E+01   -0.4220381E-03   -0.1700398E-03
    0.2654066E-04    0.6700001E-03   -0.4289083E-04   -0.1031703E-02   -0.7700015E-02    0.4074720E-01   -0.4485961E-03    0.9963134E-03    0.3620491E-04   -0.2856942E+01    0.1125318E+00    0.2345658E+01   -0.1058233E+02    0.4787362E+01    0.5312996E+01    0.8877398E+00   -0.2027564E+01    0.2564232E+00    0.2402574E+01    0.1816935E+02    0.2768935E+02   -0.6910573E-04    0.2614778E-02
   -0.1016589E-04   -0.5593576E-03    0.1067447E-03   -0.5421453E-03   -0.2416397E-01   -0.7570978E-01   -0.2976801E-03   -0.2984470E-02    0.7697874E-03   -0.2543769E+02    0.1503974E+00    0.2009024E+01   -0.1993600E+02    0.3817649E+01    0.6542678E+01    0.2225929E+02   -0.1706775E+01    0.4729185E+00    0.1282296E+01    0.2768935E+02    0.6270741E+02   -0.1305103E-04    0.4560488E-02
    0.8642154E-08   -0.7918457E-07    0.1309951E-07    0.3153072E-06   -0.4572277E-05   -0.1857003E-05    0.6820161E-06   -0.1152861E-06   -0.3760191E-07   -0.1821057E-03    0.5056429E-05    0.2182838E-03    0.4295082E-02    0.4824562E-04    0.7034151E-03    0.5835449E-03   -0.1794517E-03    0.4129412E-03   -0.4220381E-03   -0.6910573E-04   -0.1305103E-04    0.5528147E-06    0.1540284E-07
    0.1241066E-08    0.5605337E-06   -0.6367342E-07   -0.1024804E-05    0.8961427E-05    0.3500321E-04   -0.6479992E-06    0.5943820E-06    0.2744527E-07    0.4570528E-02   -0.1323905E-04   -0.4432267E-03    0.5959651E-02    0.8182496E-03   -0.2348770E-02   -0.7643528E-02    0.3158828E-03    0.3170658E-06   -0.1700398E-03    0.2614778E-02    0.4560488E-02    0.1540284E-07    0.2118572E-05
