# omegabh2 omegach2 theta tau mnu ns logA aps100 aps143 aps217 acib143 acib217 asz143 psr cibr ncib cal0 cal2 xi aksz bm_1_1 bm_1_2 bm_1_3 bm_1_4 bm_1_5 bm_2_1 bm_2_2 bm_2_3 bm_2_4 bm_2_5 bm_3_1 bm_3_2 bm_3_3 bm_3_4 bm_3_5 bm_4_1 bm_4_2 bm_4_3 bm_4_4 bm_4_5 a_ps_act_148 a_ps_act_217 a_ps_spt_95 a_ps_spt_150 a_ps_spt_220 r_ps_spt_95x150 r_ps_spt_95x220 r_ps_150x220 act_dust_s act_dust_e cal_acts_148 cal_acts_217 cal_acte_148 cal_acte_217 cal_spt_95 cal_spt_150 cal_spt_220
    0.82865E-07   -0.48715E-06    0.90516E-07    0.98483E-06   -0.19937E-04    0.12789E-05    0.10300E-05   -0.58027E-03   -0.81016E-03   -0.78321E-03    0.17991E-05    0.50975E-04    0.49505E-05   -0.14895E-05   -0.75919E-06    0.86396E-06    0.74634E-09    0.54076E-08   -0.41315E-05   -0.53661E-04   -0.18411E-04   -0.14090E-04    0.42727E-05   -0.61616E-05    0.65270E-05    0.16531E-05   -0.96868E-06   -0.77275E-06    0.11412E-04   -0.18964E-05   -0.20333E-05   -0.31661E-06   -0.53265E-05    0.21359E-05    0.66038E-05   -0.26881E-06    0.76399E-06   -0.51933E-05    0.31571E-05    0.12429E-04    0.11139E-04    0.97933E-04    0.35303E-04    0.27520E-04    0.99650E-04   -0.54078E-06   -0.12586E-05   -0.16561E-06    0.74775E-06   -0.11424E-05    0.41902E-06    0.57548E-06    0.42390E-06    0.54066E-06    0.63327E-06    0.86852E-06    0.71116E-06
   -0.48715E-06    0.73798E-05   -0.83453E-06   -0.11100E-04    0.15263E-03   -0.16163E-04   -0.53292E-05    0.28392E-02    0.35252E-02    0.35364E-02   -0.92840E-06    0.24988E-03    0.18213E-03    0.10667E-04    0.93903E-05    0.28311E-05    0.14476E-07    0.16958E-07   -0.81684E-05   -0.18941E-03    0.15686E-03    0.58560E-04   -0.11717E-03    0.20483E-04    0.12960E-05    0.47561E-04    0.15398E-05    0.15076E-04   -0.78846E-04   -0.65649E-05   -0.63309E-04   -0.19931E-04    0.86399E-04   -0.82170E-04   -0.80283E-04   -0.10344E-04    0.13594E-04    0.16643E-04   -0.28323E-04   -0.68598E-04   -0.43797E-04   -0.76603E-03   -0.29278E-03   -0.15834E-03   -0.64077E-03    0.63101E-05    0.14206E-04   -0.12293E-05   -0.68052E-05   -0.17132E-06   -0.19572E-05   -0.32631E-05   -0.23828E-05   -0.30498E-05   -0.38650E-05   -0.54562E-05   -0.34293E-05
    0.90516E-07   -0.83453E-06    0.41755E-06    0.16756E-05   -0.44282E-04    0.22419E-05    0.18351E-05   -0.48933E-03   -0.27540E-03   -0.48230E-03    0.13163E-04    0.11777E-04    0.55966E-05   -0.61197E-06   -0.85895E-06   -0.45359E-06    0.37098E-09    0.18775E-07    0.49846E-06   -0.28535E-04   -0.33920E-04    0.12694E-04   -0.17107E-05    0.15306E-04    0.26682E-04    0.25913E-05   -0.14775E-06   -0.66142E-05    0.17923E-04    0.58037E-05   -0.11322E-04    0.53229E-05   -0.28042E-04   -0.58772E-05    0.11829E-04   -0.46688E-05   -0.48821E-06   -0.14875E-04    0.40301E-05    0.60500E-05    0.95428E-05    0.86805E-04    0.23084E-04    0.22938E-04    0.58733E-04    0.48051E-06    0.10252E-05    0.78374E-07    0.61752E-06    0.51012E-06    0.17424E-06    0.26887E-06    0.24682E-06    0.50993E-06    0.47274E-06    0.63099E-06    0.68711E-06
    0.98483E-06   -0.11100E-04    0.16756E-05    0.16231E-03   -0.37642E-04    0.34150E-04    0.29518E-03   -0.10473E-01   -0.13621E-01   -0.12079E-01   -0.17370E-03   -0.51839E-03   -0.48959E-03   -0.22469E-04   -0.43780E-04    0.52658E-05   -0.20617E-06   -0.66135E-08   -0.26347E-04   -0.37710E-04   -0.36573E-03   -0.23193E-03    0.17807E-03    0.18689E-04    0.17688E-03    0.93357E-04    0.73619E-04    0.30363E-03   -0.21794E-03    0.35600E-03    0.22234E-03    0.24198E-03   -0.13869E-04    0.10418E-03    0.64867E-03    0.22283E-03    0.36110E-04    0.20375E-03   -0.16929E-03   -0.83341E-04    0.21141E-03    0.32900E-02    0.84646E-03    0.48296E-03    0.20836E-02   -0.27279E-04   -0.30769E-04    0.64737E-05    0.18172E-04    0.26042E-04    0.83125E-05    0.12818E-04    0.72159E-05    0.10284E-04    0.12390E-04    0.14741E-04    0.12182E-04
   -0.19937E-04    0.15263E-03   -0.44282E-04   -0.37642E-04    0.43368E-01   -0.39867E-03    0.86611E-04    0.21386E+00    0.11727E+00    0.24471E+00    0.89424E-03   -0.68430E-01    0.51777E-03   -0.10978E-03   -0.30448E-04   -0.79714E-03    0.15081E-05    0.23834E-05    0.30503E-02    0.49393E-01    0.69124E-02   -0.86467E-02   -0.88923E-02    0.14997E-02    0.88663E-02    0.48675E-02   -0.67779E-02    0.29361E-02    0.11800E-02    0.19187E-02   -0.10936E-02    0.79312E-03    0.14589E-02   -0.17133E-02   -0.52687E-02    0.28400E-02    0.95386E-03   -0.31578E-02   -0.26965E-02    0.55550E-02   -0.92430E-02   -0.56944E-02   -0.18862E-01   -0.10958E-01   -0.27078E-01    0.53206E-03    0.13206E-02    0.43994E-03   -0.59854E-03    0.18029E-02   -0.12789E-03   -0.17982E-03   -0.10586E-03   -0.13051E-03    0.17068E-04   -0.18637E-03   -0.21686E-03
    0.12789E-05   -0.16163E-04    0.22419E-05    0.34150E-04   -0.39867E-03    0.51726E-04    0.28794E-04   -0.38806E-01   -0.22570E-01   -0.17449E-01   -0.15548E-03    0.99216E-04   -0.23719E-04   -0.41335E-04   -0.29281E-04    0.15244E-04   -0.69676E-07    0.25705E-06   -0.10105E-03   -0.61636E-03   -0.58056E-03   -0.36837E-03    0.36035E-03   -0.10017E-03    0.13990E-03    0.33849E-03    0.14704E-04    0.61535E-04    0.34325E-03    0.62344E-04    0.23430E-03    0.54113E-04   -0.17032E-03    0.21419E-03    0.13462E-03    0.38701E-03    0.15374E-03   -0.38361E-04    0.50641E-04    0.33468E-03    0.12032E-03    0.23488E-02    0.96330E-03    0.54674E-03    0.19808E-02   -0.33874E-04   -0.52497E-04    0.58873E-05    0.11228E-04    0.25157E-04    0.97208E-05    0.12024E-04    0.10811E-04    0.12084E-04    0.16722E-04    0.19772E-04    0.12662E-04
    0.10300E-05   -0.53292E-05    0.18351E-05    0.29518E-03    0.86611E-04    0.28794E-04    0.57650E-03   -0.27692E-01   -0.22486E-01   -0.19097E-01   -0.35541E-03    0.64935E-03   -0.33424E-03   -0.20386E-04   -0.65327E-04    0.34490E-04   -0.29944E-06    0.36468E-06   -0.14625E-03   -0.12593E-02   -0.50053E-04   -0.24002E-03   -0.25445E-04    0.12011E-03    0.42089E-03    0.63009E-03    0.30163E-03    0.55822E-03   -0.61488E-03    0.59864E-03    0.28544E-03    0.43668E-03    0.33539E-04   -0.34055E-04    0.10926E-02    0.64852E-03    0.23120E-03    0.48411E-03   -0.30500E-03   -0.37602E-03    0.40548E-03    0.45839E-02    0.11230E-02    0.59284E-03    0.26851E-02   -0.46900E-04   -0.38553E-04    0.48795E-05    0.29709E-04    0.57647E-04    0.13884E-04    0.20232E-04    0.10496E-04    0.15068E-04    0.17129E-04    0.18083E-04    0.19188E-04
   -0.58027E-03    0.28392E-02   -0.48933E-03   -0.10473E-01    0.21386E+00   -0.38806E-01   -0.27692E-01    0.16053E+04    0.87322E+02    0.34957E+02    0.91672E+00   -0.74493E+01   -0.11577E+02   -0.10930E+00   -0.12632E+00   -0.15659E+00    0.14479E-02   -0.30308E-02    0.15486E+01    0.99606E+01    0.16071E+02   -0.70998E+01    0.13505E+01   -0.22641E+00   -0.13474E+01   -0.25872E+01   -0.50487E+01   -0.13842E+01   -0.84223E+00   -0.11439E+01    0.31161E+00    0.19524E+01    0.99338E-01   -0.43954E+00   -0.40675E+01   -0.91391E+00   -0.23599E+01   -0.22625E+01   -0.10941E+00    0.30390E+01    0.13268E+01    0.33571E+01    0.46156E+01    0.43046E+00    0.68864E+01    0.19178E-01   -0.24649E+00   -0.71867E-01   -0.21859E+00    0.10363E+00   -0.27342E-01    0.93723E-02   -0.18232E-01    0.27020E-02   -0.63659E-01   -0.30566E-01    0.19857E-01
   -0.81016E-03    0.35252E-02   -0.27540E-03   -0.13621E-01    0.11727E+00   -0.22570E-01   -0.22486E-01    0.87322E+02    0.66779E+02    0.21213E+02    0.44745E+00   -0.19846E+00   -0.16800E+01    0.26152E-01    0.22091E-01   -0.33115E-01    0.63652E-04   -0.89968E-03    0.21359E+00    0.34106E+00   -0.36066E-01   -0.86804E-02   -0.13218E+00    0.22202E+00   -0.10085E+00    0.17907E+00   -0.13363E+00   -0.25079E+00   -0.35709E+00   -0.71237E-01   -0.22297E+00    0.10249E-01   -0.17927E+00    0.12805E+00    0.35001E-01    0.34828E-01   -0.82898E-01   -0.15301E+00   -0.49237E-02   -0.18928E+00    0.25613E+00   -0.13920E+01    0.56753E+00   -0.24153E+00   -0.97283E+00    0.31011E-01   -0.28927E-01   -0.32515E-01    0.12187E-01   -0.56754E-01   -0.12413E-01   -0.11800E-01   -0.15270E-01   -0.92454E-02   -0.29644E-01   -0.23162E-01   -0.13648E-01
   -0.78321E-03    0.35364E-02   -0.48230E-03   -0.12079E-01    0.24471E+00   -0.17449E-01   -0.19097E-01    0.34957E+02    0.21213E+02    0.10044E+03   -0.13463E+01   -0.35307E+02   -0.10425E+00   -0.36242E+00   -0.39365E-01   -0.45641E+00   -0.13693E-03   -0.98315E-04    0.84431E-01    0.17724E+01    0.38326E+00    0.37927E+00    0.62563E-01    0.90815E-01   -0.29705E+00   -0.13354E-01    0.19617E+00    0.27703E+00   -0.24914E+00   -0.64513E-01    0.69809E-01    0.10693E+00    0.60601E-01    0.13102E+00    0.29418E+00   -0.10216E+00    0.39935E+00    0.12072E+00    0.33242E-01   -0.50175E+00    0.14660E+00    0.18067E+02   -0.78608E+00    0.62911E+00    0.81247E+01   -0.59492E-01   -0.98696E-01    0.20148E-02   -0.69577E-02   -0.39132E-01   -0.99223E-02   -0.29901E-01   -0.70549E-02   -0.32868E-01   -0.63692E-02   -0.12524E-01   -0.63612E-01
    0.17991E-05   -0.92840E-06    0.13163E-04   -0.17370E-03    0.89424E-03   -0.15548E-03   -0.35541E-03    0.91672E+00    0.44745E+00   -0.13463E+01    0.63577E+00    0.12453E+01    0.52149E+00    0.45226E-02   -0.24013E-02   -0.19400E-02   -0.29856E-05    0.76112E-04    0.81219E-02   -0.87092E+00    0.13461E-01   -0.51607E-01    0.11065E-01   -0.13502E-01    0.11809E-01   -0.27501E-02   -0.28658E-01   -0.35759E-01   -0.13071E-01   -0.15536E-01    0.24377E-01   -0.21548E-01   -0.18533E-01   -0.38792E-02   -0.13724E-01    0.27027E-01   -0.36243E-01   -0.17545E-01    0.11771E-01    0.60321E-02    0.61272E-01   -0.17855E+00   -0.19255E+00   -0.17304E-01    0.49660E-01    0.47819E-01    0.45711E-01   -0.43682E-02   -0.58710E-02    0.89153E-03   -0.36120E-04    0.38690E-03   -0.74470E-05    0.27075E-03   -0.77591E-03    0.66681E-03    0.28784E-02
    0.50975E-04    0.24988E-03    0.11777E-04   -0.51839E-03   -0.68430E-01    0.99216E-04    0.64935E-03   -0.74493E+01   -0.19846E+00   -0.35307E+02    0.12453E+01    0.21956E+02    0.20417E+01    0.22355E+00    0.30225E-01    0.28721E+00    0.24349E-04    0.78295E-04   -0.37997E+00   -0.45227E+01    0.40929E-02   -0.18474E+00   -0.48340E-01    0.68742E-02    0.14837E+00   -0.33096E-01    0.24749E-01   -0.20839E+00    0.22630E+00    0.10893E-01   -0.16787E+00   -0.30010E+00   -0.38581E-01   -0.16505E+00   -0.22432E+00   -0.70136E-01   -0.28105E+00    0.90918E-01    0.80255E-01    0.41075E+00   -0.34759E+00   -0.12382E+02   -0.77255E-01   -0.76957E+00   -0.76926E+01    0.53491E-01    0.71805E-01   -0.10631E-01    0.15933E-01    0.36587E-01    0.27903E-03    0.59891E-02   -0.19423E-02    0.81949E-02    0.76022E-03   -0.30842E-02    0.23080E-01
    0.49505E-05    0.18213E-03    0.55966E-05   -0.48959E-03    0.51777E-03   -0.23719E-04   -0.33424E-03   -0.11577E+02   -0.16800E+01   -0.10425E+00    0.52149E+00    0.20417E+01    0.18721E+01    0.21540E-01    0.22342E-01    0.15335E-01   -0.17004E-04   -0.10549E-03   -0.18638E+00   -0.23014E+01    0.45047E-01    0.18354E-01    0.52588E-01   -0.91230E-02   -0.24669E-01    0.29979E-01    0.18719E-01    0.13894E-01   -0.25433E-01    0.34929E-01   -0.49874E-01   -0.20665E-01   -0.15031E-01   -0.82131E-02   -0.17880E-01   -0.72244E-02   -0.22356E-01    0.10213E-01   -0.51209E-01    0.23066E-01   -0.79694E-01   -0.88877E+00   -0.75112E+00   -0.10503E+00   -0.10749E+01    0.41104E-01    0.66890E-01   -0.19581E-02    0.90816E-03   -0.45631E-03    0.20138E-03   -0.25427E-02   -0.10643E-03   -0.27266E-02    0.33929E-02    0.17600E-03   -0.46048E-03
   -0.14895E-05    0.10667E-04   -0.61197E-06   -0.22469E-04   -0.10978E-03   -0.41335E-04   -0.20386E-04   -0.10930E+00    0.26152E-01   -0.36242E+00    0.45226E-02    0.22355E+00    0.21540E-01    0.43972E-02   -0.15367E-04    0.31403E-02   -0.24661E-06   -0.30876E-05   -0.17236E-02   -0.26599E-01   -0.34261E-03    0.93250E-04   -0.67404E-03    0.16698E-02    0.16554E-02    0.78784E-04   -0.45661E-02   -0.34250E-03   -0.23387E-02    0.18170E-02   -0.97725E-03    0.18607E-02   -0.98991E-03    0.36527E-03   -0.12865E-02    0.42990E-03   -0.25119E-02   -0.33547E-02   -0.36527E-02   -0.16278E-03   -0.13161E-02   -0.15492E+00   -0.64119E-02   -0.47453E-02   -0.10555E+00    0.32677E-03    0.15116E-02    0.33960E-03    0.49722E-03    0.58728E-03   -0.11375E-04   -0.34657E-04   -0.46476E-04    0.12719E-04    0.46553E-04   -0.67626E-04    0.16631E-03
   -0.75919E-06    0.93903E-05   -0.85895E-06   -0.43780E-04   -0.30448E-04   -0.29281E-04   -0.65327E-04   -0.12632E+00    0.22091E-01   -0.39365E-01   -0.24013E-02    0.30225E-01    0.22342E-01   -0.15367E-04    0.28299E-02   -0.19830E-03   -0.12305E-06    0.58454E-05   -0.98146E-03   -0.16358E-01    0.72752E-03    0.58037E-03    0.16519E-02   -0.31987E-03   -0.15148E-02   -0.73146E-03    0.19366E-02    0.10550E-02   -0.92471E-03    0.15583E-02    0.20423E-03   -0.16580E-02    0.22677E-02   -0.87409E-03    0.49284E-03   -0.48547E-03   -0.58779E-03    0.26967E-02   -0.14652E-02   -0.19970E-03    0.59489E-02   -0.14333E-02   -0.14765E-01    0.33508E-02    0.33386E-02    0.26027E-03    0.15735E-02   -0.40998E-03    0.62417E-04   -0.32561E-03    0.44806E-05    0.26078E-04   -0.57390E-05    0.80994E-05    0.55238E-04   -0.58545E-05    0.80003E-04
    0.86396E-06    0.28311E-05   -0.45359E-06    0.52658E-05   -0.79714E-03    0.15244E-04    0.34490E-04   -0.15659E+00   -0.33115E-01   -0.45641E+00   -0.19400E-02    0.28721E+00    0.15335E-01    0.31403E-02   -0.19830E-03    0.51269E-02    0.53277E-06   -0.79670E-05   -0.55507E-02   -0.34457E-01    0.19394E-02   -0.45931E-02   -0.34164E-02   -0.28968E-03    0.21901E-02    0.97562E-03    0.46756E-02   -0.42636E-02    0.99229E-02   -0.21454E-02   -0.65517E-02   -0.84913E-02   -0.15807E-02   -0.58210E-02   -0.63453E-02   -0.34898E-02   -0.27599E-02    0.55427E-02    0.62995E-02    0.12258E-01   -0.86872E-02   -0.19933E+00    0.37921E-02   -0.11460E-01   -0.13803E+00   -0.68840E-03   -0.14279E-03    0.25683E-03    0.50907E-03    0.64744E-03    0.11304E-04    0.34811E-04   -0.20567E-04    0.78246E-04    0.72792E-04   -0.54960E-04    0.21498E-03
    0.74634E-09    0.14476E-07    0.37098E-09   -0.20617E-06    0.15081E-05   -0.69676E-07   -0.29944E-06    0.14479E-02    0.63652E-04   -0.13693E-03   -0.29856E-05    0.24349E-04   -0.17004E-04   -0.24661E-06   -0.12305E-06    0.53277E-06    0.16147E-06    0.14020E-07    0.20396E-05    0.27939E-04   -0.22321E-04   -0.11298E-04   -0.14934E-05    0.58513E-05   -0.60427E-05    0.22373E-04   -0.21019E-06    0.61605E-05    0.50254E-05   -0.19805E-05   -0.41811E-05    0.84319E-05   -0.31202E-05   -0.99571E-05   -0.23193E-05    0.11139E-04    0.12634E-04   -0.72907E-05    0.31684E-05    0.11833E-04   -0.23604E-05   -0.32631E-04    0.11455E-04   -0.60493E-05   -0.32584E-04   -0.65884E-06   -0.10696E-05    0.23579E-06    0.15103E-05   -0.69295E-06    0.24651E-07    0.61595E-07    0.38689E-07    0.20584E-06   -0.21380E-06   -0.64221E-07    0.47071E-07
    0.54076E-08    0.16958E-07    0.18775E-07   -0.66135E-08    0.23834E-05    0.25705E-06    0.36468E-06   -0.30308E-02   -0.89968E-03   -0.98315E-04    0.76112E-04    0.78295E-04   -0.10549E-03   -0.30876E-05    0.58454E-05   -0.79670E-05    0.14020E-07    0.11069E-05    0.21091E-04    0.62722E-04    0.78192E-04    0.49390E-04   -0.32923E-04   -0.19317E-04    0.29311E-04    0.39342E-03    0.17014E-04   -0.82034E-05   -0.24014E-04    0.55975E-04   -0.33829E-03    0.20522E-05   -0.44608E-04    0.43120E-04   -0.48993E-06    0.74345E-04    0.49075E-04   -0.48239E-04   -0.87206E-04   -0.15304E-04    0.50975E-04    0.34535E-03    0.50208E-04    0.16286E-04    0.40785E-03    0.44626E-05    0.94976E-06   -0.34185E-05   -0.33177E-05    0.83459E-05    0.31968E-06    0.12859E-05    0.43857E-06    0.12268E-05    0.45349E-06    0.73840E-06    0.12337E-05
   -0.41315E-05   -0.81684E-05    0.49846E-06   -0.26347E-04    0.30503E-02   -0.10105E-03   -0.14625E-03    0.15486E+01    0.21359E+00    0.84431E-01    0.81219E-02   -0.37997E+00   -0.18638E+00   -0.17236E-02   -0.98146E-03   -0.55507E-02    0.20396E-05    0.21091E-04    0.65725E-01    0.36856E+00    0.21691E-02   -0.13006E-01   -0.78273E-02    0.28411E-02    0.19753E-02   -0.31770E-02   -0.12720E-01   -0.49092E-02   -0.27698E-02   -0.13329E-01    0.82784E-02    0.55102E-03    0.28169E-02   -0.81850E-02   -0.17347E-02    0.38027E-02    0.13327E-02   -0.10307E-01    0.58553E-02   -0.65840E-02    0.64825E-01    0.17352E+00    0.10198E-01    0.56896E-01    0.19827E+00    0.50546E-02    0.86019E-02    0.11611E-02   -0.94234E-03   -0.46564E-04    0.62088E-04    0.22874E-03    0.98532E-04    0.20126E-03   -0.23743E-03    0.27068E-03    0.45984E-03
   -0.53661E-04   -0.18941E-03   -0.28535E-04   -0.37710E-04    0.49393E-01   -0.61636E-03   -0.12593E-02    0.99606E+01    0.34106E+00    0.17724E+01   -0.87092E+00   -0.45227E+01   -0.23014E+01   -0.26599E-01   -0.16358E-01   -0.34457E-01    0.27939E-04    0.62722E-04    0.36856E+00    0.45717E+01   -0.13682E-01   -0.80154E-02   -0.89626E-01    0.28899E-01    0.48748E-02   -0.14988E-01    0.65506E-02    0.31863E-01    0.30188E-01   -0.34597E-01    0.59056E-01    0.27008E-01    0.25537E-01   -0.55543E-01   -0.81268E-02    0.12269E-01    0.61952E-01    0.28043E-01    0.29629E-01   -0.37329E-01    0.71115E-01    0.15838E+01    0.32173E+00    0.22610E+00    0.16401E+01   -0.44110E-01   -0.29571E-01    0.18031E-01   -0.31950E-02   -0.56489E-02    0.71175E-03    0.26544E-02    0.12967E-02    0.27443E-02   -0.51714E-04    0.20380E-02    0.57381E-03
   -0.18411E-04    0.15686E-03   -0.33920E-04   -0.36573E-03    0.69124E-02   -0.58056E-03   -0.50053E-04    0.16071E+02   -0.36066E-01    0.38326E+00    0.13461E-01    0.40929E-02    0.45047E-01   -0.34261E-03    0.72752E-03    0.19394E-02   -0.22321E-04    0.78192E-04    0.21691E-02   -0.13682E-01    0.63204E+00   -0.17293E+00   -0.49137E-02   -0.41000E-02    0.11252E-01    0.18955E+00   -0.63560E-01   -0.55648E-01   -0.20374E-01   -0.45859E-01    0.32572E-01    0.43189E-01   -0.52034E-01   -0.30767E-01   -0.11326E+00    0.17764E+00    0.14291E-01   -0.14577E-01    0.25101E-01    0.74238E-01    0.15580E-01   -0.60469E-01   -0.37449E-01   -0.19352E-02   -0.56722E-01    0.10947E-02    0.44842E-02    0.38549E-04   -0.45355E-02    0.56925E-02    0.21677E-03   -0.65014E-04    0.22098E-03   -0.31510E-03    0.78117E-04   -0.49768E-04   -0.88543E-04
   -0.14090E-04    0.58560E-04    0.12694E-04   -0.23193E-03   -0.86467E-02   -0.36837E-03   -0.24002E-03   -0.70998E+01   -0.86804E-02    0.37927E+00   -0.51607E-01   -0.18474E+00    0.18354E-01    0.93250E-04    0.58037E-03   -0.45931E-02   -0.11298E-04    0.49390E-04   -0.13006E-01   -0.80154E-02   -0.17293E+00    0.92626E+00   -0.54183E-03    0.71643E-03   -0.65429E-02   -0.16034E+00    0.22679E+00    0.10391E+00    0.12850E-01    0.54535E-01   -0.13546E+00    0.25577E-01    0.34152E-01    0.28780E-01    0.13658E+00   -0.25866E+00    0.80433E-01    0.14510E+00    0.63806E-02   -0.19373E+00   -0.26686E-01    0.14389E+00   -0.83829E-02   -0.22813E-01    0.73569E-01   -0.54873E-02   -0.61737E-02   -0.16569E-03    0.18206E-02   -0.30230E-02   -0.34748E-04   -0.12414E-03   -0.71997E-04    0.12312E-04    0.25507E-03   -0.59260E-03   -0.60044E-03
    0.42727E-05   -0.11717E-03   -0.17107E-05    0.17807E-03   -0.88923E-02    0.36035E-03   -0.25445E-04    0.13505E+01   -0.13218E+00    0.62563E-01    0.11065E-01   -0.48340E-01    0.52588E-01   -0.67404E-03    0.16519E-02   -0.34164E-02   -0.14934E-05   -0.32923E-04   -0.78273E-02   -0.89626E-01   -0.49137E-02   -0.54183E-03    0.10443E+01    0.87406E-02   -0.35436E-01   -0.78812E-01   -0.31224E-01    0.22479E+00   -0.62786E-01    0.78028E-01   -0.18151E-01    0.28170E-01    0.87194E-02   -0.25295E-01    0.99226E-01   -0.98574E-01    0.49270E-01    0.19550E-01   -0.22958E+00    0.64918E-01   -0.39825E-02    0.12229E+00   -0.11035E-01    0.10546E-01    0.12102E-01   -0.50748E-03   -0.46920E-04   -0.45518E-03    0.26690E-03   -0.40517E-03    0.12187E-03    0.32004E-03    0.26223E-03    0.26996E-04    0.60943E-05   -0.22114E-03   -0.21105E-03
   -0.61616E-05    0.20483E-04    0.15306E-04    0.18689E-04    0.14997E-02   -0.10017E-03    0.12011E-03   -0.22641E+00    0.22202E+00    0.90815E-01   -0.13502E-01    0.68742E-02   -0.91230E-02    0.16698E-02   -0.31987E-03   -0.28968E-03    0.58513E-05   -0.19317E-04    0.28411E-02    0.28899E-01   -0.41000E-02    0.71643E-03    0.87406E-02    0.97756E+00    0.16194E-02    0.78551E-01   -0.87347E-01    0.78806E-01   -0.10750E+00    0.58764E-01    0.91521E-01    0.10001E+00    0.43172E-01    0.16162E+00   -0.72190E-01    0.11898E+00    0.43266E-01   -0.95407E-02   -0.12540E+00    0.30039E-01    0.76586E-03   -0.44225E-01    0.34603E-03   -0.13671E-02   -0.45655E-01   -0.15797E-02   -0.73044E-03    0.33957E-03   -0.52343E-02    0.19973E-02   -0.38350E-04   -0.22144E-03    0.12074E-03    0.59524E-04   -0.46048E-03   -0.17884E-03    0.99413E-04
    0.65270E-05    0.12960E-05    0.26682E-04    0.17688E-03    0.88663E-02    0.13990E-03    0.42089E-03   -0.13474E+01   -0.10085E+00   -0.29705E+00    0.11809E-01    0.14837E+00   -0.24669E-01    0.16554E-02   -0.15148E-02    0.21901E-02   -0.60427E-05    0.29311E-04    0.19753E-02    0.48748E-02    0.11252E-01   -0.65429E-02   -0.35436E-01    0.16194E-02    0.10218E+01    0.50427E-01    0.80262E-01   -0.71797E-01    0.49971E-01    0.37871E-01    0.90679E-01   -0.10310E+00   -0.90603E-01    0.66471E-01    0.79728E-01    0.11628E+00   -0.51824E-01    0.90453E-01    0.25879E-01   -0.39062E-01   -0.78298E-02   -0.10100E+00    0.35479E-02   -0.29443E-02   -0.37287E-02   -0.18651E-03   -0.57208E-03    0.28147E-03   -0.19559E-02    0.37118E-02    0.17933E-03    0.34764E-03   -0.52695E-04    0.35959E-03   -0.39521E-03    0.93077E-04    0.33178E-03
    0.16531E-05    0.47561E-04    0.25913E-05    0.93357E-04    0.48675E-02    0.33849E-03    0.63009E-03   -0.25872E+01    0.17907E+00   -0.13354E-01   -0.27501E-02   -0.33096E-01    0.29979E-01    0.78784E-04   -0.73146E-03    0.97562E-03    0.22373E-04    0.39342E-03   -0.31770E-02   -0.14988E-01    0.18955E+00   -0.16034E+00   -0.78812E-01    0.78551E-01    0.50427E-01    0.79674E+00   -0.41879E-01   -0.30025E-01   -0.22805E-01   -0.43078E-01    0.92291E-01    0.91184E-01   -0.90836E-01    0.16471E-01   -0.69548E-01    0.65041E+00    0.23153E+00   -0.73221E-01   -0.88767E-02    0.56350E-01    0.16095E-01    0.29099E-01   -0.20236E-02    0.45955E-02    0.54145E-01    0.10280E-02    0.12736E-02    0.17672E-03   -0.31922E-03    0.66791E-02    0.52036E-03    0.24109E-03    0.42635E-03    0.70604E-04    0.46984E-03    0.54032E-03    0.13626E-03
   -0.96868E-06    0.15398E-05   -0.14775E-06    0.73619E-04   -0.67779E-02    0.14704E-04    0.30163E-03   -0.50487E+01   -0.13363E+00    0.19617E+00   -0.28658E-01    0.24749E-01    0.18719E-01   -0.45661E-02    0.19366E-02    0.46756E-02   -0.21019E-06    0.17014E-04   -0.12720E-01    0.65506E-02   -0.63560E-01    0.22679E+00   -0.31224E-01   -0.87347E-01    0.80262E-01   -0.41879E-01    0.10395E+01    0.29544E-01    0.34946E-01    0.35218E-01    0.63891E-01   -0.29177E-01   -0.79901E-01   -0.33666E-01    0.13746E+00   -0.95410E-01    0.25340E+00    0.83243E+00    0.27340E+00   -0.17734E+00    0.16790E-02   -0.14661E+00    0.86022E-02   -0.56827E-02   -0.15609E+00   -0.22362E-02   -0.49381E-03   -0.66277E-03    0.92837E-02   -0.64831E-02   -0.54232E-04   -0.32588E-03    0.63346E-04   -0.16837E-03    0.68888E-03    0.25780E-04   -0.18854E-03
   -0.77275E-06    0.15076E-04   -0.66142E-05    0.30363E-03    0.29361E-02    0.61535E-04    0.55822E-03   -0.13842E+01   -0.25079E+00    0.27703E+00   -0.35759E-01   -0.20839E+00    0.13894E-01   -0.34250E-03    0.10550E-02   -0.42636E-02    0.61605E-05   -0.82034E-05   -0.49092E-02    0.31863E-01   -0.55648E-01    0.10391E+00    0.22479E+00    0.78806E-01   -0.71797E-01   -0.30025E-01    0.29544E-01    0.10686E+01   -0.10640E-01   -0.10907E-01    0.39098E-01   -0.37276E-01    0.18286E+00    0.14889E+00   -0.13024E+00   -0.26260E+00    0.67857E+00    0.16035E+00   -0.65494E+00    0.17580E+00   -0.21814E-01    0.11980E+00   -0.50918E-02   -0.28327E-03   -0.53567E-02   -0.28558E-02   -0.22975E-02    0.74418E-03    0.20277E-02    0.21893E-03    0.41410E-04   -0.23897E-03    0.50202E-05   -0.25756E-03    0.10147E-03   -0.96613E-04   -0.72310E-03
    0.11412E-04   -0.78846E-04    0.17923E-04   -0.21794E-03    0.11800E-02    0.34325E-03   -0.61488E-03   -0.84223E+00   -0.35709E+00   -0.24914E+00   -0.13071E-01    0.22630E+00   -0.25433E-01   -0.23387E-02   -0.92471E-03    0.99229E-02    0.50254E-05   -0.24014E-04   -0.27698E-02    0.30188E-01   -0.20374E-01    0.12850E-01   -0.62786E-01   -0.10750E+00    0.49971E-01   -0.22805E-01    0.34946E-01   -0.10640E-01    0.96506E+00    0.11751E-01   -0.36268E-01   -0.85405E-01   -0.13596E+00   -0.34096E-01   -0.87523E-01   -0.92562E-01    0.68518E-01   -0.11881E-01    0.30829E+00    0.64949E+00   -0.17924E-01   -0.27188E+00    0.30413E-01   -0.54799E-02   -0.17133E+00   -0.31018E-02   -0.19784E-02    0.37197E-03   -0.14863E-03    0.31753E-03    0.16501E-04    0.19703E-04    0.19216E-03   -0.99089E-04    0.78252E-04    0.16767E-03    0.38173E-03
   -0.18964E-05   -0.65649E-05    0.58037E-05    0.35600E-03    0.19187E-02    0.62344E-04    0.59864E-03   -0.11439E+01   -0.71237E-01   -0.64513E-01   -0.15536E-01    0.10893E-01    0.34929E-01    0.18170E-02    0.15583E-02   -0.21454E-02   -0.19805E-05    0.55975E-04   -0.13329E-01   -0.34597E-01   -0.45859E-01    0.54535E-01    0.78028E-01    0.58764E-01    0.37871E-01   -0.43078E-01    0.35218E-01   -0.10907E-01    0.11751E-01    0.96041E+00   -0.78764E-01    0.31160E-01    0.19284E-01    0.13379E+00    0.23742E-01    0.75415E-01   -0.56008E+00    0.39634E+00   -0.32251E+00    0.21046E+00   -0.19499E-01    0.83696E-01    0.13794E-01   -0.96505E-02   -0.82871E-01   -0.30993E-02   -0.35892E-02    0.14775E-03   -0.80686E-03    0.39095E-02    0.10260E-03    0.91227E-04    0.21215E-05   -0.10561E-03    0.26173E-03   -0.33686E-03   -0.36190E-03
   -0.20333E-05   -0.63309E-04   -0.11322E-04    0.22234E-03   -0.10936E-02    0.23430E-03    0.28544E-03    0.31161E+00   -0.22297E+00    0.69809E-01    0.24377E-01   -0.16787E+00   -0.49874E-01   -0.97725E-03    0.20423E-03   -0.65517E-02   -0.41811E-05   -0.33829E-03    0.82784E-02    0.59056E-01    0.32572E-01   -0.13546E+00   -0.18151E-01    0.91521E-01    0.90679E-01    0.92291E-01    0.63891E-01    0.39098E-01   -0.36268E-01   -0.78764E-01    0.80584E+00    0.15424E-01   -0.31709E-01    0.42606E-02    0.18641E-01    0.57912E+00    0.16803E+00    0.99379E-01    0.76674E-01   -0.97123E-01    0.29191E-01    0.15447E+00    0.28121E-01    0.18354E-01    0.14786E+00    0.24170E-02    0.19924E-02   -0.79657E-03    0.44780E-03   -0.20270E-02    0.28938E-04    0.50855E-03    0.14167E-03    0.17902E-03   -0.15727E-03    0.45715E-03    0.50018E-03
   -0.31661E-06   -0.19931E-04    0.53229E-05    0.24198E-03    0.79312E-03    0.54113E-04    0.43668E-03    0.19524E+01    0.10249E-01    0.10693E+00   -0.21548E-01   -0.30010E+00   -0.20665E-01    0.18607E-02   -0.16580E-02   -0.84913E-02    0.84319E-05    0.20522E-05    0.55102E-03    0.27008E-01    0.43189E-01    0.25577E-01    0.28170E-01    0.10001E+00   -0.10310E+00    0.91184E-01   -0.29177E-01   -0.37276E-01   -0.85405E-01    0.31160E-01    0.15424E-01    0.95571E+00   -0.75284E-02   -0.38539E-01   -0.35035E-01    0.79938E-01    0.16695E+00   -0.48117E-01    0.14201E+00    0.16081E+00   -0.96324E-04    0.22415E+00   -0.23559E-01    0.12943E-01    0.13187E+00   -0.15568E-02   -0.27250E-02    0.37340E-03    0.26937E-02   -0.46815E-02   -0.17543E-03   -0.32620E-03    0.71222E-04   -0.16081E-03   -0.55027E-03    0.12861E-04   -0.40127E-03
   -0.53265E-05    0.86399E-04   -0.28042E-04   -0.13869E-04    0.14589E-02   -0.17032E-03    0.33539E-04    0.99338E-01   -0.17927E+00    0.60601E-01   -0.18533E-01   -0.38581E-01   -0.15031E-01   -0.98991E-03    0.22677E-02   -0.15807E-02   -0.31202E-05   -0.44608E-04    0.28169E-02    0.25537E-01   -0.52034E-01    0.34152E-01    0.87194E-02    0.43172E-01   -0.90603E-01   -0.90836E-01   -0.79901E-01    0.18286E+00   -0.13596E+00    0.19284E-01   -0.31709E-01   -0.75284E-02    0.10118E+01    0.12500E-01    0.13590E-01   -0.13562E+00    0.66496E-01    0.13914E+00   -0.11338E-01   -0.52466E-01    0.95575E-02   -0.46823E-01    0.27235E-02    0.84212E-02   -0.32935E-01   -0.84488E-03   -0.19456E-02   -0.37227E-03    0.29800E-02    0.34269E-02    0.21069E-03    0.50618E-04    0.24183E-04   -0.16410E-03    0.56020E-03   -0.13721E-03   -0.20306E-03
    0.21359E-05   -0.82170E-04   -0.58772E-05    0.10418E-03   -0.17133E-02    0.21419E-03   -0.34055E-04   -0.43954E+00    0.12805E+00    0.13102E+00   -0.38792E-02   -0.16505E+00   -0.82131E-02    0.36527E-03   -0.87409E-03   -0.58210E-02   -0.99571E-05    0.43120E-04   -0.81850E-02   -0.55543E-01   -0.30767E-01    0.28780E-01   -0.25295E-01    0.16162E+00    0.66471E-01    0.16471E-01   -0.33666E-01    0.14889E+00   -0.34096E-01    0.13379E+00    0.42606E-02   -0.38539E-01    0.12500E-01    0.98635E+00   -0.10323E-01   -0.11676E-02    0.23746E-01    0.10793E+00   -0.26249E+00    0.11717E+00   -0.15036E-01    0.22306E+00    0.16638E-01    0.31916E-02    0.18873E+00   -0.64950E-03   -0.45904E-02   -0.13522E-03   -0.83591E-02   -0.61586E-03   -0.13289E-03   -0.11488E-03   -0.22215E-03   -0.16271E-03    0.22992E-03   -0.88220E-04   -0.33260E-03
    0.66038E-05   -0.80283E-04    0.11829E-04    0.64867E-03   -0.52687E-02    0.13462E-03    0.10926E-02   -0.40675E+01    0.35001E-01    0.29418E+00   -0.13724E-01   -0.22432E+00   -0.17880E-01   -0.12865E-02    0.49284E-03   -0.63453E-02   -0.23193E-05   -0.48993E-06   -0.17347E-02   -0.81268E-02   -0.11326E+00    0.13658E+00    0.99226E-01   -0.72190E-01    0.79728E-01   -0.69548E-01    0.13746E+00   -0.13024E+00   -0.87523E-01    0.23742E-01    0.18641E-01   -0.35035E-01    0.13590E-01   -0.10323E-01    0.92993E+00   -0.25364E-01   -0.71684E-01    0.47157E-01    0.16530E+00   -0.93543E-01    0.10265E-01    0.19367E+00   -0.28598E-02    0.16076E-01    0.12135E+00   -0.79981E-03   -0.36791E-02   -0.90847E-03   -0.15518E-02   -0.11937E-02    0.11101E-03    0.19119E-03   -0.20159E-03    0.12653E-04   -0.36981E-03    0.14540E-03    0.56272E-03
   -0.26881E-06   -0.10344E-04   -0.46688E-05    0.22283E-03    0.28400E-02    0.38701E-03    0.64852E-03   -0.91391E+00    0.34828E-01   -0.10216E+00    0.27027E-01   -0.70136E-01   -0.72244E-02    0.42990E-03   -0.48547E-03   -0.34898E-02    0.11139E-04    0.74345E-04    0.38027E-02    0.12269E-01    0.17764E+00   -0.25866E+00   -0.98574E-01    0.11898E+00    0.11628E+00    0.65041E+00   -0.95410E-01   -0.26260E+00   -0.92562E-01    0.75415E-01    0.57912E+00    0.79938E-01   -0.13562E+00   -0.11676E-02   -0.25364E-01    0.96532E+00   -0.36569E-01   -0.31213E-01    0.69377E-01   -0.44781E-01    0.32858E-01    0.12765E+00    0.18076E-01    0.13373E-01    0.13571E+00    0.30410E-02    0.28205E-02   -0.42654E-03   -0.13107E-02    0.43650E-02    0.44020E-03    0.69128E-03    0.41166E-03    0.28509E-03    0.19759E-03    0.63087E-03    0.52211E-03
    0.76399E-06    0.13594E-04   -0.48821E-06    0.36110E-04    0.95386E-03    0.15374E-03    0.23120E-03   -0.23599E+01   -0.82898E-01    0.39935E+00   -0.36243E-01   -0.28105E+00   -0.22356E-01   -0.25119E-02   -0.58779E-03   -0.27599E-02    0.12634E-04    0.49075E-04    0.13327E-02    0.61952E-01    0.14291E-01    0.80433E-01    0.49270E-01    0.43266E-01   -0.51824E-01    0.23153E+00    0.25340E+00    0.67857E+00    0.68518E-01   -0.56008E+00    0.16803E+00    0.16695E+00    0.66496E-01    0.23746E-01   -0.71684E-01   -0.36569E-01    0.10121E+01    0.59665E-02   -0.29478E-01   -0.42129E-02    0.69134E-02    0.70515E-01   -0.38418E-02    0.12681E-01    0.92858E-01   -0.13698E-02   -0.12952E-02    0.12379E-03    0.39500E-02   -0.21399E-02    0.10949E-04   -0.42056E-03    0.10421E-03   -0.25110E-03    0.27845E-04    0.38401E-03   -0.25664E-03
   -0.51933E-05    0.16643E-04   -0.14875E-04    0.20375E-03   -0.31578E-02   -0.38361E-04    0.48411E-03   -0.22625E+01   -0.15301E+00    0.12072E+00   -0.17545E-01    0.90918E-01    0.10213E-01   -0.33547E-02    0.26967E-02    0.55427E-02   -0.72907E-05   -0.48239E-04   -0.10307E-01    0.28043E-01   -0.14577E-01    0.14510E+00    0.19550E-01   -0.95407E-02    0.90453E-01   -0.73221E-01    0.83243E+00    0.16035E+00   -0.11881E-01    0.39634E+00    0.99379E-01   -0.48117E-01    0.13914E+00    0.10793E+00    0.47157E-01   -0.31213E-01    0.59665E-02    0.10430E+01   -0.12920E-01    0.10288E-01   -0.37119E-02   -0.11759E+00    0.14721E-01   -0.85005E-02   -0.22985E+00   -0.19132E-02    0.18814E-03   -0.40765E-03    0.76584E-02   -0.21356E-02    0.69005E-04    0.18068E-04    0.18130E-03   -0.26928E-04    0.74011E-03   -0.21122E-03   -0.15278E-03
    0.31571E-05   -0.28323E-04    0.40301E-05   -0.16929E-03   -0.26965E-02    0.50641E-04   -0.30500E-03   -0.10941E+00   -0.49237E-02    0.33242E-01    0.11771E-01    0.80255E-01   -0.51209E-01   -0.36527E-02   -0.14652E-02    0.62995E-02    0.31684E-05   -0.87206E-04    0.58553E-02    0.29629E-01    0.25101E-01    0.63806E-02   -0.22958E+00   -0.12540E+00    0.25879E-01   -0.88767E-02    0.27340E+00   -0.65494E+00    0.30829E+00   -0.32251E+00    0.76674E-01    0.14201E+00   -0.11338E-01   -0.26249E+00    0.16530E+00    0.69377E-01   -0.29478E-01   -0.12920E-01    0.97784E+00    0.84960E-02    0.27336E-01   -0.20170E+00    0.22684E-01    0.90219E-02   -0.28419E-01    0.15758E-02    0.76730E-03   -0.11223E-02    0.78801E-03   -0.13537E-02   -0.16851E-03   -0.57582E-04    0.12933E-03   -0.48246E-04   -0.12985E-03    0.49357E-03    0.84408E-03
    0.12429E-04   -0.68598E-04    0.60500E-05   -0.83341E-04    0.55550E-02    0.33468E-03   -0.37602E-03    0.30390E+01   -0.18928E+00   -0.50175E+00    0.60321E-02    0.41075E+00    0.23066E-01   -0.16278E-03   -0.19970E-03    0.12258E-01    0.11833E-04   -0.15304E-04   -0.65840E-02   -0.37329E-01    0.74238E-01   -0.19373E+00    0.64918E-01    0.30039E-01   -0.39062E-01    0.56350E-01   -0.17734E+00    0.17580E+00    0.64949E+00    0.21046E+00   -0.97123E-01    0.16081E+00   -0.52466E-01    0.11717E+00   -0.93543E-01   -0.44781E-01   -0.42129E-02    0.10288E-01    0.84960E-02    0.94982E+00   -0.30048E-01   -0.38234E+00    0.62217E-02   -0.88670E-02   -0.27621E+00   -0.16263E-02   -0.87891E-03    0.63609E-03   -0.24716E-02    0.42166E-02   -0.37679E-04   -0.21780E-03    0.18048E-03   -0.21144E-03   -0.95407E-04    0.18275E-03    0.54414E-03
    0.11139E-04   -0.43797E-04    0.95428E-05    0.21141E-03   -0.92430E-02    0.12032E-03    0.40548E-03    0.13268E+01    0.25613E+00    0.14660E+00    0.61272E-01   -0.34759E+00   -0.79694E-01   -0.13161E-02    0.59489E-02   -0.86872E-02   -0.23604E-05    0.50975E-04    0.64825E-01    0.71115E-01    0.15580E-01   -0.26686E-01   -0.39825E-02    0.76586E-03   -0.78298E-02    0.16095E-01    0.16790E-02   -0.21814E-01   -0.17924E-01   -0.19499E-01    0.29191E-01   -0.96324E-04    0.95575E-02   -0.15036E-01    0.10265E-01    0.32858E-01    0.69134E-02   -0.37119E-02    0.27336E-01   -0.30048E-01    0.35214E+00    0.18067E+00    0.26445E-01    0.15389E+00    0.47105E+00    0.13586E-01    0.17021E-01   -0.46557E-02   -0.31439E-02   -0.39709E-02    0.52725E-03   -0.82487E-04    0.81524E-03   -0.79744E-04   -0.38131E-03    0.40073E-04    0.12557E-02
    0.97933E-04   -0.76603E-03    0.86805E-04    0.32900E-02   -0.56944E-02    0.23488E-02    0.45839E-02    0.33571E+01   -0.13920E+01    0.18067E+02   -0.17855E+00   -0.12382E+02   -0.88877E+00   -0.15492E+00   -0.14333E-02   -0.19933E+00   -0.32631E-04    0.34535E-03    0.17352E+00    0.15838E+01   -0.60469E-01    0.14389E+00    0.12229E+00   -0.44225E-01   -0.10100E+00    0.29099E-01   -0.14661E+00    0.11980E+00   -0.27188E+00    0.83696E-01    0.15447E+00    0.22415E+00   -0.46823E-01    0.22306E+00    0.19367E+00    0.12765E+00    0.70515E-01   -0.11759E+00   -0.20170E+00   -0.38234E+00    0.18067E+00    0.16553E+02    0.16227E+00    0.45300E+00    0.63628E+01   -0.36050E-02   -0.42656E-01   -0.10478E-01   -0.18570E-01   -0.26560E-01    0.21935E-02    0.21813E-01    0.22080E-02    0.13718E-01   -0.46310E-03    0.45226E-02   -0.71240E-02
    0.35303E-04   -0.29278E-03    0.23084E-04    0.84646E-03   -0.18862E-01    0.96330E-03    0.11230E-02    0.46156E+01    0.56753E+00   -0.78608E+00   -0.19255E+00   -0.77255E-01   -0.75112E+00   -0.64119E-02   -0.14765E-01    0.37921E-02    0.11455E-04    0.50208E-04    0.10198E-01    0.32173E+00   -0.37449E-01   -0.83829E-02   -0.11035E-01    0.34603E-03    0.35479E-02   -0.20236E-02    0.86022E-02   -0.50918E-02    0.30413E-01    0.13794E-01    0.28121E-01   -0.23559E-01    0.27235E-02    0.16638E-01   -0.28598E-02    0.18076E-01   -0.38418E-02    0.14721E-01    0.22684E-01    0.62217E-02    0.26445E-01    0.16227E+00    0.21914E+01    0.56827E-02    0.22249E+00   -0.89011E-01   -0.10293E+00   -0.32984E-02    0.22796E-02   -0.54621E-03   -0.49805E-03    0.13931E-02   -0.17406E-03    0.15034E-02    0.10214E-02    0.50092E-03    0.49094E-03
    0.27520E-04   -0.15834E-03    0.22938E-04    0.48296E-03   -0.10958E-01    0.54674E-03    0.59284E-03    0.43046E+00   -0.24153E+00    0.62911E+00   -0.17304E-01   -0.76957E+00   -0.10503E+00   -0.47453E-02    0.33508E-02   -0.11460E-01   -0.60493E-05    0.16286E-04    0.56896E-01    0.22610E+00   -0.19352E-02   -0.22813E-01    0.10546E-01   -0.13671E-02   -0.29443E-02    0.45955E-02   -0.56827E-02   -0.28327E-03   -0.54799E-02   -0.96505E-02    0.18354E-01    0.12943E-01    0.84212E-02    0.31916E-02    0.16076E-01    0.13373E-01    0.12681E-01   -0.85005E-02    0.90219E-02   -0.88670E-02    0.15389E+00    0.45300E+00    0.56827E-02    0.24191E+00    0.36010E+00    0.69273E-02    0.14228E-01   -0.34313E-03   -0.38507E-03    0.95682E-03    0.23467E-03   -0.99184E-04    0.27653E-03   -0.17114E-03    0.34792E-03    0.34257E-03   -0.16741E-03
    0.99650E-04   -0.64077E-03    0.58733E-04    0.20836E-02   -0.27078E-01    0.19808E-02    0.26851E-02    0.68864E+01   -0.97283E+00    0.81247E+01    0.49660E-01   -0.76926E+01   -0.10749E+01   -0.10555E+00    0.33386E-02   -0.13803E+00   -0.32584E-04    0.40785E-03    0.19827E+00    0.16401E+01   -0.56722E-01    0.73569E-01    0.12102E-01   -0.45655E-01   -0.37287E-02    0.54145E-01   -0.15609E+00   -0.53567E-02   -0.17133E+00   -0.82871E-01    0.14786E+00    0.13187E+00   -0.32935E-01    0.18873E+00    0.12135E+00    0.13571E+00    0.92858E-01   -0.22985E+00   -0.28419E-01   -0.27621E+00    0.47105E+00    0.63628E+01    0.22249E+00    0.36010E+00    0.16313E+02    0.12268E-01   -0.56798E-01   -0.25107E-01   -0.22879E-01   -0.65636E-02    0.10032E-02    0.38607E-02    0.21462E-02    0.24727E-02    0.74562E-03    0.66892E-02    0.27870E-01
   -0.54078E-06    0.63101E-05    0.48051E-06   -0.27279E-04    0.53206E-03   -0.33874E-04   -0.46900E-04    0.19178E-01    0.31011E-01   -0.59492E-01    0.47819E-01    0.53491E-01    0.41104E-01    0.32677E-03    0.26027E-03   -0.68840E-03   -0.65884E-06    0.44626E-05    0.50546E-02   -0.44110E-01    0.10947E-02   -0.54873E-02   -0.50748E-03   -0.15797E-02   -0.18651E-03    0.10280E-02   -0.22362E-02   -0.28558E-02   -0.31018E-02   -0.30993E-02    0.24170E-02   -0.15568E-02   -0.84488E-03   -0.64950E-03   -0.79981E-03    0.30410E-02   -0.13698E-02   -0.19132E-02    0.15758E-02   -0.16263E-02    0.13586E-01   -0.36050E-02   -0.89011E-01    0.69273E-02    0.12268E-01    0.84820E-02    0.77446E-02   -0.24548E-03   -0.36724E-03    0.19712E-03    0.87988E-05   -0.80842E-05    0.77947E-05   -0.11889E-04   -0.79266E-04    0.47782E-04    0.18975E-03
