# omegabh2 omegach2 theta tau logA ns calPlanck aps100 aps143 aps217 acib217 asz143 psr cibr xi aksz dust100 dust143 dust217 dust143x217 cal0 cal2 calTE calEE
  2.4944473E-08  -1.1569252E-07   1.8608650E-08   2.9605331E-07   4.3233790E-07   3.2805257E-07   2.3516827E-08  -3.2066097E-04  -2.8878379E-04   2.6072773E-05  -1.0277207E-04   1.4017687E-05   6.2834213E-07  -1.5192538E-06   1.1011672E-06  -2.7675962E-05   9.7800687E-08   7.3033549E-08   7.9128199E-07   1.2627820E-07   3.5380691E-09  -8.0163648E-11  -8.8546722E-08  -2.1503450E-07
 -1.1569252E-07   1.9202843E-06  -1.6427963E-07  -2.6736664E-06  -1.3199796E-06  -4.2984438E-06  -2.2318540E-07   4.0838768E-04   1.1266671E-03   2.1142607E-04   2.6808538E-04  -2.4187196E-05  -3.3768106E-07   4.4732435E-06  -1.9180248E-06   3.6996267E-05  -3.9416583E-06  -1.4260865E-06  -3.9304937E-06  -3.2442066E-06  -4.0965381E-08  -2.2875800E-08  -4.0687645E-07  -8.7358368E-07
  1.8608650E-08  -1.6427963E-07   9.9795265E-08   3.2215076E-07   3.6990327E-07   5.1455825E-07   1.3389905E-08  -8.3953898E-05  -1.2878621E-04  -6.8624465E-05   2.9679623E-06   8.0773615E-06   3.0725772E-07  -7.2476145E-07  -8.8054919E-07  -1.2750108E-05   1.1813478E-06  -4.8152681E-08   1.8111840E-07   6.8053051E-07   4.5378751E-09   3.8527097E-09  -2.0790199E-08   5.0918160E-08
  2.9605331E-07  -2.6736664E-06   3.2215076E-07   6.4057165E-05   1.2203390E-04   9.4156355E-06  -8.3483082E-09  -1.1649185E-02  -5.6548319E-03   2.4213510E-03  -3.0785667E-03   1.5939372E-04   1.8115862E-05  -7.1574430E-05   1.0826831E-06  -1.0888404E-03  -7.1326487E-06  -1.0321047E-05   2.0152373E-05  -3.2475532E-08  -5.2100569E-08  -8.4369582E-08  -3.9440630E-06  -1.8214157E-06
  4.3233790E-07  -1.3199796E-06   3.6990327E-07   1.2203390E-04   2.6868392E-04   8.4551048E-06   1.1724340E-05  -1.8245978E-02  -7.1154539E-03   1.4473499E-02  -7.5263142E-03   4.3566595E-04   7.1718209E-05  -1.9954126E-04   4.5532053E-05  -3.2693907E-03  -4.1197841E-05  -1.3543963E-04   6.5835812E-05  -8.7742630E-06   5.1180560E-07  -2.6129858E-07  -9.2159654E-06  -3.0918508E-06
  3.2805257E-07  -4.2984438E-06   5.1455825E-07   9.4156355E-06   8.4551048E-06   1.9959508E-05   6.9237527E-07  -2.1865563E-02  -8.4197931E-03   8.0760071E-03  -6.1953286E-03   5.7531932E-04   5.7903344E-05  -9.4811676E-05   6.4410176E-05  -1.9933596E-03   2.0367494E-05  -1.9498397E-05   4.0491036E-05  -4.4618604E-06  -2.6504871E-07  -2.3358817E-07   3.1026477E-07  -1.8514039E-06
  2.3516827E-08  -2.2318540E-07   1.3389905E-08  -8.3483082E-09   1.1724340E-05   6.9237527E-07   6.1056750E-06   2.7496986E-03   4.2625147E-04   2.0319458E-03   1.5863531E-04   6.1648693E-05   3.8604028E-06  -4.5328460E-06   4.4562303E-06  -1.0814289E-04  -1.1168788E-07  -5.4921017E-06   1.0785680E-05   3.8792176E-06   3.3227434E-08  -5.3235813E-08  -4.0141357E-07   5.1425026E-08
 -3.2066097E-04   4.0838768E-04  -8.3953898E-05  -1.1649185E-02  -1.8245978E-02  -2.1865563E-02   2.7496986E-03   6.0492301E+02   5.8715640E+01  -5.2881856E+01   2.9430780E+01  -2.4858079E+01  -8.1363830E-01  -1.4809599E-01  -1.4383641E-01   1.0246017E+01  -1.9257051E-01   3.0813519E-01  -2.6372218E-01  -2.0120040E-01   6.7227136E-03   2.2947631E-03  -4.3382829E-05   6.6668875E-03
 -2.8878379E-04   1.1266671E-03  -1.2878621E-04  -5.6548319E-03  -7.1154539E-03  -8.4197931E-03   4.2625147E-04   5.8715640E+01   6.6994690E+01   1.0457878E+01   6.2552375E+00  -4.4835561E-01   7.0573784E-03   4.0598504E-01   8.8347412E-01  -8.4882243E+00  -3.6444095E-02  -2.3551652E-01   3.3189183E-02   5.7031090E-02   8.0171554E-04   3.5495307E-04   1.8293419E-03   5.0200679E-03
  2.6072773E-05   2.1142607E-04  -6.8624465E-05   2.4213510E-03   1.4473499E-02   8.0760071E-03   2.0319458E-03  -5.2881856E+01   1.0457878E+01   1.7677247E+02  -8.3088903E+01   2.5211531E+00   3.6529515E-01  -1.0886269E+00   3.1198156E-01  -7.2036644E+00  -4.6109768E-02  -2.6610411E-01   5.4715693E-01  -2.6805936E-04   1.5368709E-03  -8.0992299E-03   2.2064095E-03   3.2664520E-03
 -1.0277207E-04   2.6808538E-04   2.9679623E-06  -3.0785667E-03  -7.5263142E-03  -6.1953286E-03   1.5863531E-04   2.9430780E+01   6.2552375E+00  -8.3088903E+01   5.1800926E+01   1.7114868E+00  -5.6714009E-02   7.4837960E-01  -2.4496165E-01  -2.8623577E+00   2.3179507E-02   1.5738709E-01  -4.4837145E-01  -1.2070343E-01  -5.0762439E-04   3.2709717E-03  -4.1960644E-04  -8.6888320E-05
  1.4017687E-05  -2.4187196E-05   8.0773615E-06   1.5939372E-04   4.3566595E-04   5.7531932E-04   6.1648693E-05  -2.4858079E+01  -4.4835561E-01   2.5211531E+00   1.7114868E+00   4.2947568E+00   9.8435062E-02   1.6096653E-01  -4.0140340E-02  -3.4645894E+00  -6.2766698E-03  -5.1084837E-03   1.0294110E-02   4.9424531E-02   4.3026711E-04  -1.6139007E-04  -8.3228499E-05  -1.9864918E-04
  6.2834213E-07  -3.3768106E-07   3.0725772E-07   1.8115862E-05   7.1718209E-05   5.7903344E-05   3.8604028E-06  -8.1363830E-01   7.0573784E-03   3.6529515E-01  -5.6714009E-02   9.8435062E-02   1.6150050E-02  -1.6283859E-02   1.1768670E-02  -1.0155509E-01  -3.1572978E-04  -1.5019710E-03  -2.3557057E-03   5.1687321E-03   1.7118243E-05  -3.5780269E-05   2.4436163E-05   1.4424070E-05
 -1.5192538E-06   4.4732435E-06  -7.2476145E-07  -7.1574430E-05  -1.9954126E-04  -9.4811676E-05  -4.5328460E-06  -1.4809599E-01   4.0598504E-01  -1.0886269E+00   7.4837960E-01   1.6096653E-01  -1.6283859E-02   6.7735972E-02   4.5340284E-03  -1.6405641E-01   8.1074035E-04   7.4901658E-03  -7.8175998E-04  -1.7814583E-02  -8.7670362E-06   9.4116775E-05  -4.7261123E-05  -2.6567192E-05
  1.1011672E-06  -1.9180248E-06  -8.8054919E-07   1.0826831E-06   4.5532053E-05   6.4410176E-05   4.4562303E-06  -1.4383641E-01   8.8347412E-01   3.1198156E-01  -2.4496165E-01  -4.0140340E-02   1.1768670E-02   4.5340284E-03   8.1692906E-02   3.3920906E-02  -2.1159470E-04   7.2122560E-04   1.2195982E-03   1.1279554E-03   1.2627147E-05  -5.2828612E-06   1.5444832E-05   2.2464431E-05
 -2.7675962E-05   3.6996267E-05  -1.2750108E-05  -1.0888404E-03  -3.2693907E-03  -1.9933596E-03  -1.0814289E-04   1.0246017E+01  -8.4882243E+00  -7.2036644E+00  -2.8623577E+00  -3.4645894E+00  -1.0155509E-01  -1.6405641E-01   3.3920906E-02   7.3925758E+00   3.9657693E-03  -6.3005846E-04  -1.9679220E-03  -4.3953479E-02  -3.4039648E-04   2.6642757E-05  -3.0146421E-04  -2.6210558E-04
  9.7800687E-08  -3.9416583E-06   1.1813478E-06  -7.1326487E-06  -4.1197841E-05   2.0367494E-05  -1.1168788E-07  -1.9257051E-01  -3.6444095E-02  -4.6109768E-02   2.3179507E-02  -6.2766698E-03  -3.1572978E-04   8.1074035E-04  -2.1159470E-04   3.9657693E-03   3.8242718E-02   3.5861739E-03  -1.3285664E-04   3.8303574E-04   3.3019804E-05  -9.3220182E-07  -1.3584508E-05  -1.6740699E-05
  7.3033549E-08  -1.4260865E-06  -4.8152681E-08  -1.0321047E-05  -1.3543963E-04  -1.9498397E-05  -5.4921017E-06   3.0813519E-01  -2.3551652E-01  -2.6610411E-01   1.5738709E-01  -5.1084837E-03  -1.5019710E-03   7.4901658E-03   7.2122560E-04  -6.3005846E-04   3.5861739E-03   3.1525398E-02  -6.9701499E-04   5.2741341E-03  -7.8853765E-05  -4.4784959E-05  -8.6388411E-05  -9.4830016E-05
  7.9128199E-07  -3.9304937E-06   1.8111840E-07   2.0152373E-05   6.5835812E-05   4.0491036E-05   1.0785680E-05  -2.6372218E-01   3.3189183E-02   5.4715693E-01  -4.4837145E-01   1.0294110E-02  -2.3557057E-03  -7.8175998E-04   1.2195982E-03  -1.9679220E-03  -1.3285664E-04  -6.9701499E-04   1.0536784E-02   8.5893625E-03   4.4238971E-06   6.0777688E-05  -1.1755245E-06   1.1501044E-06
  1.2627820E-07  -3.2442066E-06   6.8053051E-07  -3.2475532E-08  -8.7742630E-06  -4.4618604E-06   3.8792176E-06  -2.0120040E-01   5.7031090E-02  -2.6805936E-04  -1.2070343E-01   4.9424531E-02   5.1687321E-03  -1.7814583E-02   1.1279554E-03  -4.3953479E-02   3.8303574E-04   5.2741341E-03   8.5893625E-03   2.6334774E-02  -2.2826507E-06   6.0289402E-05  -1.7415523E-05  -9.9330666E-06
  3.5380691E-09  -4.0965381E-08   4.5378751E-09  -5.2100569E-08   5.1180560E-07  -2.6504871E-07   3.3227434E-08   6.7227136E-03   8.0171554E-04   1.5368709E-03  -5.0762439E-04   4.3026711E-04   1.7118243E-05  -8.7670362E-06   1.2627147E-05  -3.4039648E-04   3.3019804E-05  -7.8853765E-05   4.4238971E-06  -2.2826507E-06   1.0845135E-06   7.3224115E-08   3.0501523E-07   6.3414966E-07
 -8.0163648E-11  -2.2875800E-08   3.8527097E-09  -8.4369582E-08  -2.6129858E-07  -2.3358817E-07  -5.3235813E-08   2.2947631E-03   3.5495307E-04  -8.0992299E-03   3.2709717E-03  -1.6139007E-04  -3.5780269E-05   9.4116775E-05  -5.2828612E-06   2.6642757E-05  -9.3220182E-07  -4.4784959E-05   6.0777688E-05   6.0289402E-05   7.3224115E-08   2.4828771E-06   2.6749129E-07   1.8680129E-07
 -8.8546722E-08  -4.0687645E-07  -2.0790199E-08  -3.9440630E-06  -9.2159654E-06   3.1026477E-07  -4.0141357E-07  -4.3382829E-05   1.8293419E-03   2.2064095E-03  -4.1960644E-04  -8.3228499E-05   2.4436163E-05  -4.7261123E-05   1.5444832E-05  -3.0146421E-04  -1.3584508E-05  -8.6388411E-05  -1.1755245E-06  -1.7415523E-05   3.0501523E-07   2.6749129E-07   2.4055848E-05   8.2991651E-06
 -2.1503450E-07  -8.7358368E-07   5.0918160E-08  -1.8214157E-06  -3.0918508E-06  -1.8514039E-06   5.1425026E-08   6.6668875E-03   5.0200679E-03   3.2664520E-03  -8.6888320E-05  -1.9864918E-04   1.4424070E-05  -2.6567192E-05   2.2464431E-05  -2.6210558E-04  -1.6740699E-05  -9.4830016E-05   1.1501044E-06  -9.9330666E-06   6.3414966E-07   1.8680129E-07   8.2991651E-06   2.3860249E-05
