# omegabh2 omegach2 theta tau logA ns calPlanck acib217 xi asz143 aps100 aps143 aps143217 aps217 aksz kgal100 kgal143 kgal143217 kgal217 galfTE100 galfTE100143 galfTE100217 galfTE143 galfTE143217 galfTE217 cal0 cal2
  2.7400316E-08  -1.7467109E-07   2.4342997E-08   1.6232391E-06   2.8680348E-06   4.8452453E-07  -1.6738453E-08  -1.1555342E-04   2.9573640E-06   2.5281930E-05  -5.7816436E-04  -3.0892139E-04  -1.0715516E-04  -7.8974850E-06  -3.9397635E-05  -5.8273887E-06  -1.3406036E-05  -1.8950309E-05  -3.2325871E-06  -5.4205925E-08  -1.0059342E-07  -2.8243405E-07  -3.8769454E-07  -7.4329150E-07  -2.5668689E-06   2.0256139E-09  -2.4057653E-09
 -1.7467109E-07   2.4503623E-06  -2.2266970E-07  -2.0664011E-05  -3.5249516E-05  -6.3910481E-06   6.9466100E-08   5.8217028E-04  -2.2510175E-05  -1.4016973E-04   3.2931347E-03   2.0533369E-03   8.3299096E-04   3.6100449E-04   2.3163213E-04   3.8246930E-05   9.1265751E-05   2.0004545E-04   2.3809982E-04   9.7884266E-07   4.2660561E-07   8.2349188E-07   2.4970028E-06   4.8530042E-06   2.1783301E-05  -5.3735166E-09   2.4461012E-08
  2.4342997E-08  -2.2266970E-07   1.0476563E-07   2.0504669E-06   3.6288222E-06   6.9900637E-07  -1.0971237E-08  -5.0853445E-05   2.5205196E-06   1.4807886E-05  -3.6899611E-04  -1.9374494E-04  -1.0238468E-04  -6.5792739E-05  -1.9937485E-05  -1.9840604E-06   7.6456061E-07   2.4499638E-06   1.7214096E-06  -2.0265968E-07  -2.0204720E-07  -1.0322637E-07  -6.8100690E-07  -7.2305721E-07  -2.2318196E-06   1.2227572E-09  -2.1082260E-09
  1.6232391E-06  -2.0664011E-05   2.0504669E-06   3.2136481E-04   5.7614247E-04   6.0934513E-05  -6.8589057E-06  -8.8124882E-03   2.2335529E-04   2.4234437E-03  -4.9275136E-02  -2.6048029E-02  -8.5807931E-03  -3.1195066E-03  -3.4566429E-03  -5.9991056E-04  -7.1545657E-04  -1.8035053E-03  -2.1889863E-03  -1.2624055E-05  -6.2206017E-06  -9.4732991E-06  -2.9753728E-05  -4.8802138E-05  -2.3490582E-04  -9.0687363E-09  -4.6288683E-07
  2.8680348E-06  -3.5249516E-05   3.6288222E-06   5.7614247E-04   1.0628835E-03   1.0373844E-04  -8.5965241E-07  -1.5902825E-02   4.4276040E-04   4.3815512E-03  -8.4499649E-02  -4.4504462E-02  -1.2237100E-02   2.2811950E-04  -6.7441465E-03  -1.3125271E-03  -1.8463626E-03  -3.6622082E-03  -2.6086086E-03  -2.0746152E-05  -1.0957685E-05  -2.0583912E-05  -5.3585804E-05  -8.8726250E-05  -3.9183905E-04   1.0050360E-07  -8.4960727E-07
  4.8452453E-07  -6.3910481E-06   6.9900637E-07   6.0934513E-05   1.0373844E-04   2.5986543E-05  -4.7607552E-07  -5.6015443E-03   1.3904816E-04   1.0345452E-03  -2.7819446E-02  -1.0588837E-02  -9.5294793E-04   3.5151779E-03  -2.3528024E-03   1.8712696E-04  -5.0229544E-04  -8.2556390E-04   5.6564835E-04  -3.0126647E-06  -9.5487026E-07   1.1297015E-06  -6.6403918E-06  -1.6654348E-05  -6.5351188E-05  -6.6046004E-08  -1.3013254E-07
 -1.6738453E-08   6.9466100E-08  -1.0971237E-08  -6.8589057E-06  -8.5965241E-07  -4.7607552E-07   6.3236738E-06   8.3920726E-04   2.4261716E-06  -5.6412368E-05   5.6065010E-03   1.2572043E-03   6.9204737E-04   1.4473502E-03   1.1421069E-04   4.9807132E-05  -8.3168788E-06  -1.7352674E-05   7.1923332E-04   4.9431617E-07   3.3748525E-07  -7.5620864E-07   3.9365597E-07  -7.6836676E-07   1.4434258E-05  -6.9449274E-09   8.1280313E-09
 -1.1555342E-04   5.8217028E-04  -5.0853445E-05  -8.8124882E-03  -1.5902825E-02  -5.6015443E-03   8.3920726E-04   4.4484485E+01  -3.7506253E-01  -6.2401192E-01   3.3227310E+01   1.8846745E+00  -1.1751519E+01  -5.4547059E+01  -2.1937128E-01   1.9395925E-01   5.6823503E-01  -5.8632613E+00  -3.3456903E+01  -5.6348499E-04   1.8294894E-03   1.8647909E-03   2.1008402E-03   1.0505930E-02   3.5737784E-02  -2.0059255E-04   6.9464791E-04
  2.9573640E-06  -2.2510175E-05   2.5205196E-06   2.2335529E-04   4.4276040E-04   1.3904816E-04   2.4261716E-06  -3.7506253E-01   8.0695002E-02  -3.7713347E-02  -5.9210926E-01   9.5785993E-01   1.7414308E+00   6.5298568E-01   2.5486546E-02  -8.7359511E-03   1.2291353E-02   1.1362462E-01   1.3199177E-01   1.0866432E-04   1.2299964E-06  -2.7377828E-04   1.7711144E-04  -2.4069287E-04  -6.8918290E-04   8.6467869E-07  -1.0718620E-06
  2.5281930E-05  -1.4016973E-04   1.4807886E-05   2.4234437E-03   4.3815512E-03   1.0345452E-03  -5.6412368E-05  -6.2401192E-01  -3.7713347E-02   3.6775870E+00  -2.8755543E+01  -3.5914777E+00   6.8041172E+00   4.3719702E+00  -2.4323239E+00  -1.7579282E-01   1.2661280E-01   2.5159565E+00   3.1002963E+00   4.0161908E-04  -2.9270009E-05  -2.3236439E-03  -1.6249227E-03  -1.6881866E-03   1.7494859E-03   9.9851425E-05  -1.8883281E-05
 -5.7816436E-04   3.2931347E-03  -3.6899611E-04  -4.9275136E-02  -8.4499649E-02  -2.7819446E-02   5.6065010E-03   3.3227310E+01  -5.9210926E-01  -2.8755543E+01   7.7104661E+02   7.2328625E+01  -4.6311997E+01  -5.0948039E+01   1.1919133E+01  -6.3294493E+00   6.0164870E+00  -1.1209726E+01  -2.1248597E+01  -1.3680157E-02  -1.6195684E-03   1.6702003E-02   4.4745117E-02   3.2395708E-02   3.0021829E-02   3.7562127E-03   2.8861607E-04
 -3.0892139E-04   2.0533369E-03  -1.9374494E-04  -2.6048029E-02  -4.4504462E-02  -1.0588837E-02   1.2572043E-03   1.8846745E+00   9.5785993E-01  -3.5914777E+00   7.2328625E+01   6.3144763E+01   4.1850232E+01   1.5836286E+01  -4.4638530E+00  -2.9655883E-01  -1.1745056E+00   3.3523327E+00   4.1229624E+00  -3.0906956E-03   1.4372255E-03  -1.8006727E-03   1.1625809E-02   1.3465524E-02   5.5760812E-02  -9.1356769E-06   1.2040885E-04
 -1.0715516E-04   8.3299096E-04  -1.0238468E-04  -8.5807931E-03  -1.2237100E-02  -9.5294793E-04   6.9204737E-04  -1.1751519E+01   1.7414308E+00   6.8041172E+00  -4.6311997E+01   4.1850232E+01   8.4521441E+01   5.0410450E+01  -1.0631786E+01  -6.9129962E-01  -6.1969270E-01   4.6949940E+00   7.4122739E+00  -4.3440314E-04   1.1696388E-03  -1.3459422E-02   7.9534206E-03  -7.9898158E-04   1.6025332E-02   3.2650551E-04  -3.0815717E-04
 -7.8974850E-06   3.6100449E-04  -6.5792739E-05  -3.1195066E-03   2.2811950E-04   3.5151779E-03   1.4473502E-03  -5.4547059E+01   6.5298568E-01   4.3719702E+00  -5.0948039E+01   1.5836286E+01   5.0410450E+01   1.0143321E+02  -7.9396313E+00  -5.6131373E-01  -1.2959240E+00   5.2812841E+00   3.3399099E+01  -1.6396960E-03  -1.2957617E-03  -8.0533518E-03   2.3794848E-03  -8.1853907E-03  -1.1315374E-02   4.4142400E-04  -1.3139674E-03
 -3.9397635E-05   2.3163213E-04  -1.9937485E-05  -3.4566429E-03  -6.7441465E-03  -2.3528024E-03   1.1421069E-04  -2.1937128E-01   2.5486546E-02  -2.4323239E+00   1.1919133E+01  -4.4638530E+00  -1.0631786E+01  -7.9396313E+00   5.1989612E+00   6.5340513E-02  -1.5401311E-01  -1.9025103E+00  -2.0928496E+00   1.2179350E-03   1.1564025E-04   2.4808359E-03   2.6058658E-04   1.2788062E-03  -4.8708155E-03  -6.5460028E-05  -1.3505079E-06
 -5.8273887E-06   3.8246930E-05  -1.9840604E-06  -5.9991056E-04  -1.3125271E-03   1.8712696E-04   4.9807132E-05   1.9395925E-01  -8.7359511E-03  -1.7579282E-01  -6.3294493E+00  -2.9655883E-01  -6.9129962E-01  -5.6131373E-01   6.5340513E-02   3.3186637E+00   5.5278034E-01   1.6401481E-01   1.1564076E-01  -1.2368030E-03  -6.4593690E-05   2.2286935E-04  -2.1949778E-04   2.3522556E-04   2.9501193E-04   1.6734093E-04  -1.3751841E-05
 -1.3406036E-05   9.1265751E-05   7.6456061E-07  -7.1545657E-04  -1.8463626E-03  -5.0229544E-04  -8.3168788E-06   5.6823503E-01   1.2291353E-02   1.2661280E-01   6.0164870E+00  -1.1745056E+00  -6.1969270E-01  -1.2959240E+00  -1.5401311E-01   5.5278034E-01   3.1630951E+00   2.6759724E+00   2.6633765E+00  -2.0982678E-04   1.1973291E-04   1.8436182E-04   2.4823125E-04   1.2240309E-03  -1.3809146E-03  -1.9255764E-04  -5.3435731E-05
 -1.8950309E-05   2.0004545E-04   2.4499638E-06  -1.8035053E-03  -3.6622082E-03  -8.2556390E-04  -1.7352674E-05  -5.8632613E+00   1.1362462E-01   2.5159565E+00  -1.1209726E+01   3.3523327E+00   4.6949940E+00   5.2812841E+00  -1.9025103E+00   1.6401481E-01   2.6759724E+00   1.0615716E+01   1.9162189E+01   7.4123736E-04  -2.8852126E-04  -5.0518745E-04  -1.0147477E-03  -1.1154907E-03   9.3850615E-03  -6.0901632E-05   4.1001317E-04
 -3.2325871E-06   2.3809982E-04   1.7214096E-06  -2.1889863E-03  -2.6086086E-03   5.6564835E-04   7.1923332E-04  -3.3456903E+01   1.3199177E-01   3.1002963E+00  -2.1248597E+01   4.1229624E+00   7.4122739E+00   3.3399099E+01  -2.0928496E+00   1.1564076E-01   2.6633765E+00   1.9162189E+01   5.3846864E+01   7.7697090E-04  -2.1768846E-03   1.3744493E-03  -3.1669750E-03  -1.1226207E-02  -4.5437764E-03   2.6517421E-05   9.4539171E-04
 -5.4205925E-08   9.7884266E-07  -2.0265968E-07  -1.2624055E-05  -2.0746152E-05  -3.0126647E-06   4.9431617E-07  -5.6348499E-04   1.0866432E-04   4.0161908E-04  -1.3680157E-02  -3.0906956E-03  -4.3440314E-04  -1.6396960E-03   1.2179350E-03  -1.2368030E-03  -2.0982678E-04   7.4123736E-04   7.7697090E-04   1.4411692E-03   2.5372800E-04   8.8668043E-05  -3.8496108E-04  -1.6305919E-04  -2.5317636E-04   1.0512492E-07   1.3620078E-07
 -1.0059342E-07   4.2660561E-07  -2.0204720E-07  -6.2206017E-06  -1.0957685E-05  -9.5487026E-07   3.3748525E-07   1.8294894E-03   1.2299964E-06  -2.9270009E-05  -1.6195684E-03   1.4372255E-03   1.1696388E-03  -1.2957617E-03   1.1564025E-04  -6.4593690E-05   1.1973291E-04  -2.8852126E-04  -2.1768846E-03   2.5372800E-04   8.5296459E-04   5.3758303E-05   7.2639566E-04   1.7708832E-05  -7.5757833E-04  -9.1437158E-08  -1.2654291E-07
 -2.8243405E-07   8.2349188E-07  -1.0322637E-07  -9.4732991E-06  -2.0583912E-05   1.1297015E-06  -7.5620864E-07   1.8647909E-03  -2.7377828E-04  -2.3236439E-03   1.6702003E-02  -1.8006727E-03  -1.3459422E-02  -8.0533518E-03   2.4808359E-03   2.2286935E-04   1.8436182E-04  -5.0518745E-04   1.3744493E-03   8.8668043E-05   5.3758303E-05   7.2677810E-03  -3.0994734E-04   6.2390239E-04   4.7376507E-03  -3.5275468E-07   4.3380767E-07
 -3.8769454E-07   2.4970028E-06  -6.8100690E-07  -2.9753728E-05  -5.3585804E-05  -6.6403918E-06   3.9365597E-07   2.1008402E-03   1.7711144E-04  -1.6249227E-03   4.4745117E-02   1.1625809E-02   7.9534206E-03   2.3794848E-03   2.6058658E-04  -2.1949778E-04   2.4823125E-04  -1.0147477E-03  -3.1669750E-03  -3.8496108E-04   7.2639566E-04  -3.0994734E-04   2.8788275E-03   4.4415889E-04  -9.0165482E-04   4.2125923E-07  -5.9823400E-07
 -7.4329150E-07   4.8530042E-06  -7.2305721E-07  -4.8802138E-05  -8.8726250E-05  -1.6654348E-05  -7.6836676E-07   1.0505930E-02  -2.4069287E-04  -1.6881866E-03   3.2395708E-02   1.3465524E-02  -7.9898158E-04  -8.1853907E-03   1.2788062E-03   2.3522556E-04   1.2240309E-03  -1.1154907E-03  -1.1226207E-02  -1.6305919E-04   1.7708832E-05   6.2390239E-04   4.4415889E-04   6.4046543E-03   7.7622447E-03  -4.1040108E-07  -5.1488043E-07
 -2.5668689E-06   2.1783301E-05  -2.2318196E-06  -2.3490582E-04  -3.9183905E-04  -6.5351188E-05   1.4434258E-05   3.5737784E-02  -6.8918290E-04   1.7494859E-03   3.0021829E-02   5.5760812E-02   1.6025332E-02  -1.1315374E-02  -4.8708155E-03   2.9501193E-04  -1.3809146E-03   9.3850615E-03  -4.5437764E-03  -2.5317636E-04  -7.5757833E-04   4.7376507E-03  -9.0165482E-04   7.7622447E-03   7.2063888E-02  -2.1019650E-06   1.2608585E-07
  2.0256139E-09  -5.3735166E-09   1.2227572E-09  -9.0687363E-09   1.0050360E-07  -6.6046004E-08  -6.9449274E-09  -2.0059255E-04   8.6467869E-07   9.9851425E-05   3.7562127E-03  -9.1356769E-06   3.2650551E-04   4.4142400E-04  -6.5460028E-05   1.6734093E-04  -1.9255764E-04  -6.0901632E-05   2.6517421E-05   1.0512492E-07  -9.1437158E-08  -3.5275468E-07   4.2125923E-07  -4.1040108E-07  -2.1019650E-06   3.7585461E-07  -1.3791236E-09
 -2.4057653E-09   2.4461012E-08  -2.1082260E-09  -4.6288683E-07  -8.4960727E-07  -1.3013254E-07   8.1280313E-09   6.9464791E-04  -1.0718620E-06  -1.8883281E-05   2.8861607E-04   1.2040885E-04  -3.0815717E-04  -1.3139674E-03  -1.3505079E-06  -1.3751841E-05  -5.3435731E-05   4.1001317E-04   9.4539171E-04   1.3620078E-07  -1.2654291E-07   4.3380767E-07  -5.9823400E-07  -5.1488043E-07   1.2608585E-07  -1.3791236E-09   3.7758250E-07
