# omegabh2 omegach2 theta tau Alens logA ns calPlanck acib217 xi asz143 aps100 aps143 aps143217 aps217 aksz kgal100 kgal143 kgal143217 kgal217 cal0 cal2
    0.6796741E-07   -0.4310349E-06    0.7669067E-07    0.5762669E-06    0.6856105E-05    0.3036468E-06    0.1213893E-05    0.1958337E-07   -0.2901254E-03    0.3462508E-05    0.7564662E-04   -0.1200596E-02   -0.7163156E-03   -0.2152696E-03    0.4940265E-04   -0.1101031E-03    0.1060437E-04    0.6778253E-05   -0.3918168E-04    0.1044573E-04    0.8089817E-08   -0.3640082E-07
   -0.4310349E-06    0.6128768E-05   -0.7261487E-06   -0.8450160E-05   -0.8628783E-04   -0.2964636E-05   -0.1508580E-04   -0.1402914E-06    0.1789108E-02   -0.3153992E-04   -0.5003784E-03    0.8735654E-02    0.4504705E-02    0.1266783E-02   -0.2702811E-03    0.6710915E-03   -0.5147340E-04   -0.1877254E-04    0.2707974E-03    0.1464356E-03   -0.4549689E-07    0.2772567E-06
    0.7669067E-07   -0.7261487E-06    0.2651159E-06    0.1038982E-05    0.1331802E-04    0.6269310E-06    0.2081121E-05    0.8537435E-08   -0.2566157E-03    0.4885156E-05    0.7066672E-04   -0.1296009E-02   -0.6797363E-03   -0.1923444E-03   -0.3355855E-05   -0.1041187E-03    0.2395592E-04    0.1365789E-04   -0.2423711E-04    0.1337202E-04    0.1035999E-07   -0.3214437E-07
    0.5762669E-06   -0.8450160E-05    0.1038982E-05    0.4086372E-03   -0.6867474E-03    0.7939320E-03    0.3115876E-04    0.7846447E-07   -0.5759127E-02    0.1090314E-03    0.1965861E-02   -0.3682990E-01   -0.1204064E-01    0.1167274E-02    0.3393643E-02   -0.2305318E-02   -0.4750481E-04    0.5556868E-03    0.2614094E-03    0.1852102E-02   -0.1830295E-06   -0.5133091E-06
    0.6856105E-05   -0.8628783E-04    0.1331802E-04   -0.6867474E-03    0.3566511E-02   -0.1584647E-02    0.2080572E-03   -0.8704044E-05   -0.2560765E-01    0.4232441E-03    0.6039497E-02   -0.1111520E+00   -0.6801813E-01   -0.2747665E-01   -0.2701355E-02   -0.9221769E-02    0.1550023E-02    0.5676044E-04   -0.5626171E-02   -0.7629462E-02    0.6639197E-06   -0.4594581E-05
    0.3036468E-06   -0.2964636E-05    0.6269310E-06    0.7939320E-03   -0.1584647E-02    0.1602206E-02    0.2590529E-04    0.1252096E-04   -0.7511034E-02    0.1913188E-03    0.2898919E-02   -0.4728999E-01   -0.1226185E-01    0.8230361E-02    0.1210196E-01   -0.3924850E-02   -0.5970129E-03    0.4233819E-03    0.6977114E-03    0.5597739E-02   -0.1796140E-06   -0.4073790E-06
    0.1213893E-05   -0.1508580E-04    0.2081121E-05    0.3115876E-04    0.2080572E-03    0.2590529E-04    0.4881341E-04    0.3294392E-06   -0.9227744E-02    0.1740843E-03    0.2470318E-02   -0.4582100E-01   -0.1712903E-01    0.1208344E-04    0.6997320E-02   -0.4339274E-02    0.5681700E-03    0.6920068E-04   -0.1012604E-02    0.3901937E-03   -0.6215250E-07   -0.1128665E-05
    0.1958337E-07   -0.1402914E-06    0.8537435E-08    0.7846447E-07   -0.8704044E-05    0.1252096E-04    0.3294392E-06    0.6348653E-05    0.8646812E-03   -0.1944337E-05    0.3012276E-04    0.4050091E-02    0.3665244E-03    0.2195911E-03    0.1047862E-02    0.4846143E-04   -0.6291299E-04   -0.3193299E-04   -0.4043150E-05    0.6888281E-03    0.1329141E-07    0.1524825E-07
   -0.2901254E-03    0.1789108E-02   -0.2566157E-03   -0.5759127E-02   -0.2560765E-01   -0.7511034E-02   -0.9227744E-02    0.8646812E-03    0.4914567E+02   -0.4819879E+00   -0.1521681E+01    0.4261131E+02    0.1503199E+01   -0.2013665E+02   -0.6557122E+02    0.2748757E+00   -0.2621587E+00    0.3344810E+00   -0.3047762E+01   -0.2504962E+02   -0.2440047E-03    0.4499284E-02
    0.3462508E-05   -0.3153992E-04    0.4885156E-05    0.1090314E-03    0.4232441E-03    0.1913188E-03    0.1740843E-03   -0.1944337E-05   -0.4819879E+00    0.8062709E-01   -0.8498982E-01   -0.3775489E+00    0.9329695E+00    0.1651412E+01    0.6895084E+00    0.8094320E-01   -0.8448503E-02   -0.2075065E-02    0.9182712E-01    0.1193028E+00    0.5907115E-05   -0.1688108E-04
    0.7564662E-04   -0.5003784E-03    0.7066672E-04    0.1965861E-02    0.6039497E-02    0.2898919E-02    0.2470318E-02    0.3012276E-04   -0.1521681E+01   -0.8498982E-01    0.3943762E+01   -0.3093455E+02   -0.4148697E+01    0.7865827E+01    0.6947228E+01   -0.3054756E+01   -0.1475931E+00    0.1039215E+00    0.2455975E+01    0.1975062E+01    0.2006162E-03   -0.3670007E-03
   -0.1200596E-02    0.8735654E-02   -0.1296009E-02   -0.3682990E-01   -0.1111520E+00   -0.4728999E-01   -0.4582100E-01    0.4050091E-02    0.4261131E+02   -0.3775489E+00   -0.3093455E+02    0.7465539E+03    0.7523183E+02   -0.5761671E+02   -0.7073656E+02    0.1575432E+02   -0.1490796E+01   -0.2783981E+00   -0.1298038E+02   -0.1797066E+02    0.4710936E-02    0.4285916E-02
   -0.7163156E-03    0.4504705E-02   -0.6797363E-03   -0.1204064E-01   -0.6801813E-01   -0.1226185E-01   -0.1712903E-01    0.3665244E-03    0.1503199E+01    0.9329695E+00   -0.4148697E+01    0.7523183E+02    0.6264698E+02    0.4287476E+02    0.1836427E+02   -0.4163642E+01   -0.7241221E+00   -0.1268591E+01    0.3956144E+01    0.4170572E+01    0.2174785E-03    0.3838029E-03
   -0.2152696E-03    0.1266783E-02   -0.1923444E-03    0.1167274E-02   -0.2747665E-01    0.8230361E-02    0.1208344E-04    0.2195911E-03   -0.2013665E+02    0.1651412E+01    0.7865827E+01   -0.5761671E+02    0.4287476E+02    0.9216000E+02    0.6675015E+02   -0.1282135E+02   -0.7937345E+00   -0.5907958E+00    0.4978390E+01    0.6390196E+01    0.8037756E-03   -0.2343154E-02
    0.4940265E-04   -0.2702811E-03   -0.3355855E-05    0.3393643E-02   -0.2701355E-02    0.1210196E-01    0.6997320E-02    0.1047862E-02   -0.6557122E+02    0.6895084E+00    0.6947228E+01   -0.7073656E+02    0.1836427E+02    0.6675015E+02    0.1262581E+03   -0.1104514E+02   -0.1741337E+00   -0.5482843E+00    0.1219692E+01    0.2220570E+02    0.7212017E-03   -0.7612756E-02
   -0.1101031E-03    0.6710915E-03   -0.1041187E-03   -0.2305318E-02   -0.9221769E-02   -0.3924850E-02   -0.4339274E-02    0.4846143E-04    0.2748757E+00    0.8094320E-01   -0.3054756E+01    0.1575432E+02   -0.4163642E+01   -0.1282135E+02   -0.1104514E+02    0.6722104E+01    0.6123391E-01   -0.1577934E+00   -0.2097490E+01   -0.1341210E+01   -0.1606093E-03    0.1974049E-03
    0.1060437E-04   -0.5147340E-04    0.2395592E-04   -0.4750481E-04    0.1550023E-02   -0.5970129E-03    0.5681700E-03   -0.6291299E-04   -0.2621587E+00   -0.8448503E-02   -0.1475931E+00   -0.1490796E+01   -0.7241221E+00   -0.7937345E+00   -0.1741337E+00    0.6123391E-01    0.3276426E+01    0.7565833E+00    0.3063884E+00    0.5445146E+00    0.4218041E-03   -0.1730523E-04
    0.6778253E-05   -0.1877254E-04    0.1365789E-04    0.5556868E-03    0.5676044E-04    0.4233819E-03    0.6920068E-04   -0.3193299E-04    0.3344810E+00   -0.2075065E-02    0.1039215E+00   -0.2783981E+00   -0.1268591E+01   -0.5907958E+00   -0.5482843E+00   -0.1577934E+00    0.7565833E+00    0.3163680E+01    0.2355252E+01    0.1180974E+01   -0.4196328E-03   -0.2393982E-03
   -0.3918168E-04    0.2707974E-03   -0.2423711E-04    0.2614094E-03   -0.5626171E-02    0.6977114E-03   -0.1012604E-02   -0.4043150E-05   -0.3047762E+01    0.9182712E-01    0.2455975E+01   -0.1298038E+02    0.3956144E+01    0.4978390E+01    0.1219692E+01   -0.2097490E+01    0.3063884E+00    0.2355252E+01    0.1770822E+02    0.2700204E+02   -0.5812198E-04    0.2431752E-02
    0.1044573E-04    0.1464356E-03    0.1337202E-04    0.1852102E-02   -0.7629462E-02    0.5597739E-02    0.3901937E-03    0.6888281E-03   -0.2504962E+02    0.1193028E+00    0.1975062E+01   -0.1797066E+02    0.4170572E+01    0.6390196E+01    0.2220570E+02   -0.1341210E+01    0.5445146E+00    0.1180974E+01    0.2700204E+02    0.6158895E+02    0.3316646E-04    0.4337544E-02
    0.8089817E-08   -0.4549689E-07    0.1035999E-07   -0.1830295E-06    0.6639197E-06   -0.1796140E-06   -0.6215250E-07    0.1329141E-07   -0.2440047E-03    0.5907115E-05    0.2006162E-03    0.4710936E-02    0.2174785E-03    0.8037756E-03    0.7212017E-03   -0.1606093E-03    0.4218041E-03   -0.4196328E-03   -0.5812198E-04    0.3316646E-04    0.5494948E-06    0.1487040E-08
   -0.3640082E-07    0.2772567E-06   -0.3214437E-07   -0.5133091E-06   -0.4594581E-05   -0.4073790E-06   -0.1128665E-05    0.1524825E-07    0.4499284E-02   -0.1688108E-04   -0.3670007E-03    0.4285916E-02    0.3838029E-03   -0.2343154E-02   -0.7612756E-02    0.1974049E-03   -0.1730523E-04   -0.2393982E-03    0.2431752E-02    0.4337544E-02    0.1487040E-08    0.2092650E-05
