# omegabh2 omegach2 theta tau logA ns Aphiphi calPlanck acib217 xi asz143 aps100 aps143 aps143217 aps217 aksz kgal100 kgal143 kgal143217 kgal217 galfEE100 galfEE100143 galfEE100217 galfEE143 galfEE143217 galfEE217 galfTE100 galfTE100143 galfTE100217 galfTE143 galfTE143217 galfTE217 cal0 cal2
    0.2226584E-07   -0.1268707E-06    0.2033824E-07    0.8621627E-06    0.1505690E-05    0.3440159E-06   -0.7180331E-07    0.5633388E-08   -0.1041188E-03    0.3408623E-05    0.2643953E-04   -0.4924146E-03   -0.1876002E-03    0.2216911E-05    0.5651004E-04   -0.4746578E-04   -0.5734938E-05   -0.4875129E-05   -0.1038376E-04    0.4272483E-06    0.7091667E-07    0.1946965E-07    0.1650323E-07    0.2725902E-07   -0.9819109E-07    0.3055382E-07   -0.5371680E-06   -0.2120751E-06   -0.2003709E-07   -0.4942812E-07   -0.3267406E-06   -0.1860288E-05    0.4135486E-08   -0.8611111E-08
   -0.1268707E-06    0.1961417E-05   -0.1835912E-06   -0.9096763E-05   -0.1391198E-04   -0.4965896E-05   -0.9749261E-05   -0.2573447E-06    0.4573734E-03   -0.2763849E-04   -0.2071699E-03    0.3073008E-02    0.1030526E-02   -0.2614399E-03   -0.2378530E-03    0.1920682E-03    0.4751746E-04    0.3138522E-04    0.7046023E-04    0.1894933E-03   -0.9170958E-06   -0.4790415E-06    0.3081474E-06   -0.3591930E-06    0.5858343E-06   -0.4389581E-06    0.5157223E-05    0.3196974E-05   -0.2209701E-05    0.9358039E-06    0.9298706E-06    0.1141471E-04   -0.5744909E-08    0.7233019E-07
    0.2033824E-07   -0.1835912E-06    0.9975970E-07    0.1212067E-05    0.2067506E-05    0.5708968E-06    0.1595222E-05    0.3742649E-08   -0.4115933E-04   -0.1355584E-05    0.2695788E-04   -0.1528241E-03   -0.1270640E-03   -0.3925172E-04    0.1417815E-04   -0.3723992E-04    0.3180579E-05    0.1843426E-04    0.1225765E-04    0.1992567E-04    0.1167977E-06    0.4803562E-07   -0.3231871E-07    0.7615117E-07   -0.1810469E-06   -0.4113850E-06   -0.1145945E-06   -0.3346725E-06   -0.5104304E-06   -0.3269555E-06   -0.5950299E-06   -0.2365449E-05    0.1697482E-08   -0.7517558E-08
    0.8621627E-06   -0.9096763E-05    0.1212067E-05    0.2762631E-03    0.5287945E-03    0.3418645E-04   -0.3538192E-03   -0.7562671E-06   -0.1162346E-01    0.3356786E-03    0.1907628E-02   -0.4071059E-01   -0.1627592E-01    0.3091370E-02    0.1007281E-01   -0.4367802E-02   -0.1155249E-02   -0.1116814E-02   -0.2701160E-02   -0.5417558E-03   -0.3249494E-06    0.4168205E-06   -0.5895595E-05    0.2208320E-05   -0.8414071E-05    0.1851598E-06   -0.4832745E-04   -0.2672346E-04   -0.9553932E-04    0.3792717E-06   -0.3741275E-04   -0.8555694E-04    0.7719251E-08   -0.8630828E-06
    0.1505690E-05   -0.1391198E-04    0.2067506E-05    0.5287945E-03    0.1048200E-02    0.5571624E-04   -0.7465781E-03    0.1100615E-04   -0.2135038E-01    0.5531766E-03    0.3301723E-02   -0.6242770E-01   -0.2892302E-01    0.5765709E-02    0.2389860E-01   -0.9030251E-02   -0.2462957E-02   -0.2572222E-02   -0.5665819E-02    0.2526869E-03   -0.2224309E-05   -0.3709454E-06   -0.8905615E-05    0.4304673E-05   -0.1599935E-04    0.4272256E-05   -0.9399882E-04   -0.4685941E-04   -0.1854969E-03    0.3998051E-05   -0.7352556E-04   -0.1339624E-03    0.2318260E-06   -0.1937039E-05
    0.3440159E-06   -0.4965896E-05    0.5708968E-06    0.3418645E-04    0.5571624E-04    0.2341066E-04    0.8102609E-05    0.7869489E-06   -0.6312776E-02    0.1946723E-03    0.1506172E-02   -0.3004114E-01   -0.7206077E-02    0.4898939E-02    0.8215964E-02   -0.2993113E-02    0.1975705E-03   -0.1162712E-03   -0.5128381E-03    0.3316872E-03    0.6332854E-05    0.2261380E-05   -0.1473329E-05    0.2046160E-05   -0.1946118E-05    0.2315954E-05   -0.9329161E-05   -0.7903098E-05   -0.1345860E-05   -0.7665016E-05    0.1676742E-05   -0.3775086E-04   -0.1863533E-06   -0.6586204E-06
   -0.7180331E-07   -0.9749261E-05    0.1595222E-05   -0.3538192E-03   -0.7465781E-03    0.8102609E-05    0.1279931E-02   -0.3661038E-05    0.1899800E-01   -0.2342105E-03   -0.2144875E-02    0.5818520E-01    0.1757619E-01   -0.8907524E-02   -0.2776590E-01    0.8802036E-02    0.1687249E-02    0.4519330E-02    0.5472714E-02   -0.1847633E-02    0.2027408E-04    0.5601519E-05    0.2767160E-05    0.2738220E-05    0.2790598E-04   -0.4323685E-05    0.5833531E-04    0.2302493E-04    0.1284642E-03   -0.1405754E-04    0.1883141E-05   -0.1148644E-03   -0.6110253E-06    0.9090488E-06
    0.5633388E-08   -0.2573447E-06    0.3742649E-08   -0.7562671E-06    0.1100615E-04    0.7869489E-06   -0.3661038E-05    0.6804001E-05    0.1178078E-02   -0.4116703E-04   -0.1730825E-04    0.6772011E-02    0.2343591E-03   -0.7363094E-03    0.7552473E-03    0.3690231E-04   -0.1426288E-04    0.3615937E-04   -0.7802821E-04    0.2917905E-03    0.1199984E-05    0.3029405E-06    0.1165186E-05    0.7624141E-06   -0.1140924E-06    0.3514735E-05   -0.2447911E-05   -0.2500318E-06    0.4092223E-05   -0.3558147E-06    0.8944068E-06    0.4034821E-05   -0.1054713E-07   -0.1636346E-06
   -0.1041188E-03    0.4573734E-03   -0.4115933E-04   -0.1162346E-01   -0.2135038E-01   -0.6312776E-02    0.1899800E-01    0.1178078E-02    0.4708337E+02   -0.5149301E+00   -0.1399027E+01    0.4187685E+02   -0.2673640E+00   -0.2091427E+02   -0.6325045E+02    0.1843373E+00   -0.5455200E+00    0.1867568E+00   -0.3967657E+01   -0.2558639E+02   -0.1298450E-02    0.4366389E-03    0.7484607E-03   -0.2198613E-03    0.6866334E-03   -0.3562563E-02   -0.7497175E-02    0.6494628E-03    0.1271526E-01   -0.2431927E-02   -0.4971587E-02   -0.5705300E-02   -0.2532539E-03    0.4109509E-02
    0.3408623E-05   -0.2763849E-04   -0.1355584E-05    0.3356786E-03    0.5531766E-03    0.1946723E-03   -0.2342105E-03   -0.4116703E-04   -0.5149301E+00    0.8187687E-01   -0.6181163E-01   -0.6428687E+00    0.9064549E+00    0.1745445E+01    0.7206884E+00    0.7160174E-01    0.4733042E-02    0.2122978E-02    0.1211820E+00    0.1593298E+00    0.5418651E-04   -0.7023470E-06   -0.1533713E-04    0.5121550E-04    0.1659700E-03    0.2133921E-03   -0.1524983E-03    0.1662909E-03   -0.1058825E-02    0.9751117E-04   -0.4298054E-03   -0.8630629E-03    0.7051329E-05   -0.1629982E-04
    0.2643953E-04   -0.2071699E-03    0.2695788E-04    0.1907628E-02    0.3301723E-02    0.1506172E-02   -0.2144875E-02   -0.1730825E-04   -0.1399027E+01   -0.6181163E-01    0.3804410E+01   -0.3020939E+02   -0.3549301E+01    0.8160730E+01    0.6553832E+01   -0.2637480E+01   -0.2025177E+00    0.7558712E-01    0.2460446E+01    0.1829790E+01   -0.1472195E-03   -0.7807379E-04   -0.2983594E-03   -0.6151923E-04    0.6149547E-03    0.1436282E-02   -0.1346779E-02    0.6427933E-03   -0.5692830E-02    0.1960091E-03   -0.1043147E-02    0.2689283E-02    0.2067638E-03   -0.3811811E-03
   -0.4924146E-03    0.3073008E-02   -0.1528241E-03   -0.4071059E-01   -0.6242770E-01   -0.3004114E-01    0.5818520E-01    0.6772011E-02    0.4187685E+02   -0.6428687E+00   -0.3020939E+02    0.7543072E+03    0.6716530E+02   -0.6585840E+02   -0.7153003E+02    0.1380119E+02    0.2815194E+00   -0.2114292E-02   -0.1323320E+02   -0.1611183E+02    0.1289931E-02   -0.2040448E-03    0.4998751E-02    0.2533730E-02   -0.8289267E-02   -0.4823548E-01    0.3766303E-01   -0.9889202E-02    0.1552505E+00    0.1728040E-01    0.5134412E-01    0.7290262E-01    0.4401454E-02    0.4560643E-02
   -0.1876002E-03    0.1030526E-02   -0.1270640E-03   -0.1627592E-01   -0.2892302E-01   -0.7206077E-02    0.1757619E-01    0.2343591E-03   -0.2673640E+00    0.9064549E+00   -0.3549301E+01    0.6716530E+02    0.5422075E+02    0.3861235E+02    0.1613036E+02   -0.4259450E+01   -0.2454278E+00   -0.1155546E+01    0.3973217E+01    0.4989689E+01   -0.1401255E-02   -0.4723116E-03   -0.1119421E-02    0.1168605E-02    0.2616191E-02   -0.6559280E-02    0.5736678E-02    0.7468463E-02   -0.3861628E-01    0.7767730E-02   -0.1756725E-02   -0.3941735E-02    0.2908750E-03    0.2323028E-03
    0.2216911E-05   -0.2614399E-03   -0.3925172E-04    0.3091370E-02    0.5765709E-02    0.4898939E-02   -0.8907524E-02   -0.7363094E-03   -0.2091427E+02    0.1745445E+01    0.8160730E+01   -0.6585840E+02    0.3861235E+02    0.9161396E+02    0.6348952E+02   -0.1180524E+02   -0.4426063E+00   -0.4249612E+00    0.5649516E+01    0.6868839E+01   -0.9323682E-03   -0.5896605E-03   -0.2528727E-02    0.1400117E-02    0.5129995E-02    0.1721696E-02   -0.8666338E-02    0.6674455E-02   -0.4655128E-01    0.6620942E-02   -0.6093022E-02   -0.9928932E-02    0.8823502E-03   -0.2534950E-02
    0.5651004E-04   -0.2378530E-03    0.1417815E-04    0.1007281E-01    0.2389860E-01    0.8215964E-02   -0.2776590E-01    0.7552473E-03   -0.6325045E+02    0.7206884E+00    0.6553832E+01   -0.7153003E+02    0.1613036E+02    0.6348952E+02    0.1200799E+03   -0.9984260E+01    0.4253562E+00   -0.3670468E+00    0.1844916E+01    0.2197490E+02    0.1505687E-02   -0.7489381E-03   -0.1846222E-02    0.7396430E-03    0.1033693E-03   -0.2540987E-03    0.5069478E-02    0.2852006E-02   -0.1514699E-01    0.8245620E-02    0.5387430E-02    0.8243489E-02    0.8098337E-03   -0.7441711E-02
   -0.4746578E-04    0.1920682E-03   -0.3723992E-04   -0.4367802E-02   -0.9030251E-02   -0.2993113E-02    0.8802036E-02    0.3690231E-04    0.1843373E+00    0.7160174E-01   -0.2637480E+01    0.1380119E+02   -0.4259450E+01   -0.1180524E+02   -0.9984260E+01    0.5974694E+01    0.8441760E-01   -0.8533922E-01   -0.1926525E+01   -0.1252220E+01   -0.3890337E-03   -0.8855040E-04    0.7770794E-03   -0.1429024E-03    0.1722048E-03    0.1612311E-02    0.2082498E-02    0.1986559E-04    0.6736714E-02   -0.1021347E-03    0.1031900E-02    0.7502661E-02   -0.1516369E-03    0.1930450E-03
   -0.5734938E-05    0.4751746E-04    0.3180579E-05   -0.1155249E-02   -0.2462957E-02    0.1975705E-03    0.1687249E-02   -0.1426288E-04   -0.5455200E+00    0.4733042E-02   -0.2025177E+00    0.2815194E+00   -0.2454278E+00   -0.4426063E+00    0.4253562E+00    0.8441760E-01    0.3279088E+01    0.7267270E+00    0.3967087E+00    0.8460202E+00    0.1006116E-03    0.4037679E-04    0.5915828E-03    0.2366936E-03   -0.2621403E-04    0.4126085E-03   -0.3993752E-02   -0.5021861E-03    0.1117567E-01   -0.3775802E-03   -0.3129353E-02    0.3623196E-02    0.4698804E-03   -0.3435835E-04
   -0.4875129E-05    0.3138522E-04    0.1843426E-04   -0.1116814E-02   -0.2572222E-02   -0.1162712E-03    0.4519330E-02    0.3615937E-04    0.1867568E+00    0.2122978E-02    0.7558712E-01   -0.2114292E-02   -0.1155546E+01   -0.4249612E+00   -0.3670468E+00   -0.8533922E-01    0.7267270E+00    0.3019484E+01    0.2287599E+01    0.1431976E+01   -0.1868671E-03    0.1064998E-03    0.4048744E-03    0.3514891E-03   -0.5604189E-04    0.7108461E-03    0.5195407E-02    0.1886032E-04    0.4506264E-03   -0.1483209E-03   -0.4272804E-02   -0.1761297E-02   -0.4124797E-03   -0.1903156E-03
   -0.1038376E-04    0.7046023E-04    0.1225765E-04   -0.2701160E-02   -0.5665819E-02   -0.5128381E-03    0.5472714E-02   -0.7802821E-04   -0.3967657E+01    0.1211820E+00    0.2460446E+01   -0.1323320E+02    0.3973217E+01    0.5649516E+01    0.1844916E+01   -0.1926525E+01    0.3967087E+00    0.2287599E+01    0.1799647E+02    0.2835059E+02   -0.1167721E-02   -0.2267132E-03    0.1090337E-02    0.4180413E-03    0.1923467E-02    0.1233102E-02    0.1273218E-01    0.1985689E-02   -0.2267887E-01   -0.3272927E-02   -0.5573388E-02    0.7413603E-02   -0.7304996E-04    0.2545236E-02
    0.4272483E-06    0.1894933E-03    0.1992567E-04   -0.5417558E-03    0.2526869E-03    0.3316872E-03   -0.1847633E-02    0.2917905E-03   -0.2558639E+02    0.1593298E+00    0.1829790E+01   -0.1611183E+02    0.4989689E+01    0.6868839E+01    0.2197490E+02   -0.1252220E+01    0.8460202E+00    0.1431976E+01    0.2835059E+02    0.6462766E+02   -0.1671828E-02   -0.7771471E-03    0.1571590E-02    0.3053541E-03    0.1878548E-02    0.4863060E-02    0.1891577E-01   -0.1463620E-02   -0.3214011E-01   -0.6343058E-02   -0.4922311E-03    0.1679735E-01   -0.4841694E-04    0.4726471E-02
    0.7091667E-07   -0.9170958E-06    0.1167977E-06   -0.3249494E-06   -0.2224309E-05    0.6332854E-05    0.2027408E-04    0.1199984E-05   -0.1298450E-02    0.5418651E-04   -0.1472195E-03    0.1289931E-02   -0.1401255E-02   -0.9323682E-03    0.1505687E-02   -0.3890337E-03    0.1006116E-03   -0.1868671E-03   -0.1167721E-02   -0.1671828E-02    0.1294812E-03    0.1063823E-04    0.3083908E-05    0.2371199E-05   -0.1837663E-05    0.1239160E-04   -0.1597292E-04   -0.4621993E-05   -0.3781037E-05   -0.2036796E-05    0.8842748E-05    0.4807784E-04   -0.2436642E-07   -0.6321835E-06
    0.1946965E-07   -0.4790415E-06    0.4803562E-07    0.4168205E-06   -0.3709454E-06    0.2261380E-05    0.5601519E-05    0.3029405E-06    0.4366389E-03   -0.7023470E-06   -0.7807379E-04   -0.2040448E-03   -0.4723116E-03   -0.5896605E-03   -0.7489381E-03   -0.8855040E-04    0.4037679E-04    0.1064998E-03   -0.2267132E-03   -0.7771471E-03    0.1063823E-04    0.1424133E-04   -0.6162606E-06    0.6082626E-05    0.6848081E-06    0.6011716E-05    0.1487258E-05    0.1889720E-05   -0.5652103E-05    0.8630817E-06    0.2373135E-05    0.1340204E-04   -0.7510774E-07   -0.9060218E-07
    0.1650323E-07    0.3081474E-06   -0.3231871E-07   -0.5895595E-05   -0.8905615E-05   -0.1473329E-05    0.2767160E-05    0.1165186E-05    0.7484607E-03   -0.1533713E-04   -0.2983594E-03    0.4998751E-02   -0.1119421E-02   -0.2528727E-02   -0.1846222E-02    0.7770794E-03    0.5915828E-03    0.4048744E-03    0.1090337E-02    0.1571590E-02    0.3083908E-05   -0.6162606E-06    0.2228877E-03    0.1000710E-05    0.5790269E-06    0.1352164E-04    0.7893488E-05    0.6099973E-06   -0.1095395E-04   -0.1777535E-05   -0.7529609E-05    0.2923570E-04    0.1113315E-06    0.3106348E-06
    0.2725902E-07   -0.3591930E-06    0.7615117E-07    0.2208320E-05    0.4304673E-05    0.2046160E-05    0.2738220E-05    0.7624141E-06   -0.2198613E-03    0.5121550E-04   -0.6151923E-04    0.2533730E-02    0.1168605E-02    0.1400117E-02    0.7396430E-03   -0.1429024E-03    0.2366936E-03    0.3514891E-03    0.4180413E-03    0.3053541E-03    0.2371199E-05    0.6082626E-05    0.1000710E-05    0.2991773E-04   -0.1154040E-05    0.7448459E-05    0.7186739E-05    0.3629342E-05   -0.4044372E-05   -0.2456441E-06    0.5070440E-05   -0.7997520E-05   -0.3222058E-07   -0.8165824E-07
   -0.9819109E-07    0.5858343E-06   -0.1810469E-06   -0.8414071E-05   -0.1599935E-04   -0.1946118E-05    0.2790598E-04   -0.1140924E-06    0.6866334E-03    0.1659700E-03    0.6149547E-03   -0.8289267E-02    0.2616191E-02    0.5129995E-02    0.1033693E-03    0.1722048E-03   -0.2621403E-04   -0.5604189E-04    0.1923467E-02    0.1878548E-02   -0.1837663E-05    0.6848081E-06    0.5790269E-06   -0.1154040E-05    0.3912218E-03    0.6187057E-05   -0.1967237E-04   -0.1502057E-04    0.4256002E-04    0.1394234E-05    0.2986395E-04   -0.1009121E-03    0.1076313E-06    0.3104122E-06
    0.3055382E-07   -0.4389581E-06   -0.4113850E-06    0.1851598E-06    0.4272256E-05    0.2315954E-05   -0.4323685E-05    0.3514735E-05   -0.3562563E-02    0.2133921E-03    0.1436282E-02   -0.4823548E-01   -0.6559280E-02    0.1721696E-02   -0.2540987E-03    0.1612311E-02    0.4126085E-03    0.7108461E-03    0.1233102E-02    0.4863060E-02    0.1239160E-04    0.6011716E-05    0.1352164E-04    0.7448459E-05    0.6187057E-05    0.3427486E-02   -0.7815359E-04   -0.2833084E-04   -0.1352763E-03    0.1300254E-04   -0.5675435E-05   -0.1704926E-03   -0.8336829E-06    0.2429977E-06
   -0.5371680E-06    0.5157223E-05   -0.1145945E-06   -0.4832745E-04   -0.9399882E-04   -0.9329161E-05    0.5833531E-04   -0.2447911E-05   -0.7497175E-02   -0.1524983E-03   -0.1346779E-02    0.3766303E-01    0.5736678E-02   -0.8666338E-02    0.5069478E-02    0.2082498E-02   -0.3993752E-02    0.5195407E-02    0.1273218E-01    0.1891577E-01   -0.1597292E-04    0.1487258E-05    0.7893488E-05    0.7186739E-05   -0.1967237E-04   -0.7815359E-04    0.5940788E-02    0.1883115E-02    0.1642904E-02   -0.7052089E-03   -0.2261174E-03   -0.3173128E-03    0.5343455E-06   -0.4530172E-06
   -0.2120751E-06    0.3196974E-05   -0.3346725E-06   -0.2672346E-04   -0.4685941E-04   -0.7903098E-05    0.2302493E-04   -0.2500318E-06    0.6494628E-03    0.1662909E-03    0.6427933E-03   -0.9889202E-02    0.7468463E-02    0.6674455E-02    0.2852006E-02    0.1986559E-04   -0.5021861E-03    0.1886032E-04    0.1985689E-02   -0.1463620E-02   -0.4621993E-05    0.1889720E-05    0.6099973E-06    0.3629342E-05   -0.1502057E-04   -0.2833084E-04    0.1883115E-02    0.1269180E-02    0.6426629E-03    0.2049750E-03   -0.2356335E-04   -0.3075350E-03   -0.6047654E-06   -0.9365305E-06
   -0.2003709E-07   -0.2209701E-05   -0.5104304E-06   -0.9553932E-04   -0.1854969E-03   -0.1345860E-05    0.1284642E-03    0.4092223E-05    0.1271526E-01   -0.1058825E-02   -0.5692830E-02    0.1552505E+00   -0.3861628E-01   -0.4655128E-01   -0.1514699E-01    0.6736714E-02    0.1117567E-01    0.4506264E-03   -0.2267887E-01   -0.3214011E-01   -0.3781037E-05   -0.5652103E-05   -0.1095395E-04   -0.4044372E-05    0.4256002E-04   -0.1352763E-03    0.1642904E-02    0.6426629E-03    0.3313655E-01   -0.7474686E-03    0.1775994E-02    0.1071691E-01    0.4616714E-05    0.5963774E-06
   -0.4942812E-07    0.9358039E-06   -0.3269555E-06    0.3792717E-06    0.3998051E-05   -0.7665016E-05   -0.1405754E-04   -0.3558147E-06   -0.2431927E-02    0.9751117E-04    0.1960091E-03    0.1728040E-01    0.7767730E-02    0.6620942E-02    0.8245620E-02   -0.1021347E-03   -0.3775802E-03   -0.1483209E-03   -0.3272927E-02   -0.6343058E-02   -0.2036796E-05    0.8630817E-06   -0.1777535E-05   -0.2456441E-06    0.1394234E-05    0.1300254E-04   -0.7052089E-03    0.2049750E-03   -0.7474686E-03    0.1410510E-02    0.2291034E-03   -0.4439320E-03    0.9041250E-07   -0.2218985E-05
   -0.3267406E-06    0.9298706E-06   -0.5950299E-06   -0.3741275E-04   -0.7352556E-04    0.1676742E-05    0.1883141E-05    0.8944068E-06   -0.4971587E-02   -0.4298054E-03   -0.1043147E-02    0.5134412E-01   -0.1756725E-02   -0.6093022E-02    0.5387430E-02    0.1031900E-02   -0.3129353E-02   -0.4272804E-02   -0.5573388E-02   -0.4922311E-03    0.8842748E-05    0.2373135E-05   -0.7529609E-05    0.5070440E-05    0.2986395E-04   -0.5675435E-05   -0.2261174E-03   -0.2356335E-04    0.1775994E-02    0.2291034E-03    0.5220751E-02    0.3931252E-02    0.3708167E-06    0.1346927E-06
   -0.1860288E-05    0.1141471E-04   -0.2365449E-05   -0.8555694E-04   -0.1339624E-03   -0.3775086E-04   -0.1148644E-03    0.4034821E-05   -0.5705300E-02   -0.8630629E-03    0.2689283E-02    0.7290262E-01   -0.3941735E-02   -0.9928932E-02    0.8243489E-02    0.7502661E-02    0.3623196E-02   -0.1761297E-02    0.7413603E-02    0.1679735E-01    0.4807784E-04    0.1340204E-04    0.2923570E-04   -0.7997520E-05   -0.1009121E-03   -0.1704926E-03   -0.3173128E-03   -0.3075350E-03    0.1071691E-01   -0.4439320E-03    0.3931252E-02    0.3603790E-01    0.1623949E-05    0.1940515E-05
    0.4135486E-08   -0.5744909E-08    0.1697482E-08    0.7719251E-08    0.2318260E-06   -0.1863533E-06   -0.6110253E-06   -0.1054713E-07   -0.2532539E-03    0.7051329E-05    0.2067638E-03    0.4401454E-02    0.2908750E-03    0.8823502E-03    0.8098337E-03   -0.1516369E-03    0.4698804E-03   -0.4124797E-03   -0.7304996E-04   -0.4841694E-04   -0.2436642E-07   -0.7510774E-07    0.1113315E-06   -0.3222058E-07    0.1076313E-06   -0.8336829E-06    0.5343455E-06   -0.6047654E-06    0.4616714E-05    0.9041250E-07    0.3708167E-06    0.1623949E-05    0.5365731E-06   -0.1647961E-07
   -0.8611111E-08    0.7233019E-07   -0.7517558E-08   -0.8630828E-06   -0.1937039E-05   -0.6586204E-06    0.9090488E-06   -0.1636346E-06    0.4109509E-02   -0.1629982E-04   -0.3811811E-03    0.4560643E-02    0.2323028E-03   -0.2534950E-02   -0.7441711E-02    0.1930450E-03   -0.3435835E-04   -0.1903156E-03    0.2545236E-02    0.4726471E-02   -0.6321835E-06   -0.9060218E-07    0.3106348E-06   -0.8165824E-07    0.3104122E-06    0.2429977E-06   -0.4530172E-06   -0.9365305E-06    0.5963774E-06   -0.2218985E-05    0.1346927E-06    0.1940515E-05   -0.1647961E-07    0.2071596E-05
