# omegabh2 omegach2 theta tau w logA ns calPlanck alpha_JLA beta_JLA acib217 xi asz143 aps100 aps143 aps143217 aps217 aksz kgal100 kgal143 kgal143217 kgal217 galfEE100 galfEE100143 galfEE100217 galfEE143 galfEE143217 galfEE217 galfTE100 galfTE100143 galfTE100217 galfTE143 galfTE143217 galfTE217 cal0 cal2
    0.2220777E-07   -0.1067759E-06    0.1593730E-07    0.8475652E-06    0.2402907E-05    0.1555989E-05    0.2806264E-06    0.1461754E-07   -0.2305973E-07   -0.3397518E-06   -0.1004287E-03    0.1901025E-05    0.2665432E-04   -0.4091417E-03   -0.2209104E-03   -0.3006049E-04    0.4275040E-04   -0.4518962E-04   -0.8346486E-05   -0.8357917E-05   -0.9472649E-05    0.1970141E-04    0.8708616E-07    0.1933088E-07   -0.2305183E-08    0.2617832E-07    0.9120642E-08    0.9512495E-07   -0.4283997E-06   -0.1270450E-06    0.2134093E-07   -0.7498256E-07   -0.4296104E-06   -0.1178834E-05    0.4720747E-08   -0.6362165E-08
   -0.1067759E-06    0.1647830E-05   -0.1183993E-06   -0.8585753E-05   -0.3162519E-04   -0.1335205E-04   -0.4110049E-05   -0.8325702E-07    0.2380083E-06    0.4700252E-05    0.2565102E-03   -0.8628400E-05   -0.1256405E-03    0.1681333E-02    0.1052537E-02    0.2829130E-03    0.1709292E-03    0.2081001E-03    0.4424020E-04    0.4035892E-04    0.3383824E-04    0.6763948E-04   -0.1181005E-05   -0.3658979E-06   -0.8492811E-07   -0.4413558E-06    0.6983749E-07   -0.2174422E-06    0.1713323E-05    0.8775222E-07   -0.2038565E-05    0.6520449E-06    0.1378309E-05    0.4080130E-05    0.5069186E-08    0.4201371E-07
    0.1593730E-07   -0.1183993E-06    0.9392659E-07    0.9147730E-06    0.3711903E-05    0.1638314E-05    0.4343591E-06    0.7393919E-08   -0.2822468E-07   -0.4469130E-06   -0.6668736E-05   -0.5121856E-07    0.2019015E-04   -0.2482773E-03   -0.1182050E-03   -0.3299293E-04   -0.3254653E-04   -0.1766294E-04   -0.1041511E-04   -0.8644229E-05   -0.9599985E-05   -0.2294114E-04    0.1506048E-06    0.4158165E-07    0.1096056E-08    0.5282945E-07   -0.7623011E-07    0.1755688E-06   -0.3539087E-06   -0.1759423E-07    0.1376026E-06    0.9046715E-07    0.6851788E-07   -0.9878507E-06    0.6798666E-09   -0.1183806E-08
    0.8475652E-06   -0.8585753E-05    0.9147730E-06    0.2892225E-03    0.2013600E-03    0.5551904E-03    0.3098439E-04   -0.1803918E-05   -0.1383180E-05   -0.4323106E-04   -0.1170532E-01    0.2004372E-03    0.2701295E-02   -0.4306275E-01   -0.1511105E-01    0.4029860E-02    0.1156653E-01   -0.6175602E-02   -0.8543962E-03   -0.1393055E-02   -0.2407763E-02   -0.1689222E-03    0.6402793E-05    0.1946149E-05    0.1126463E-05    0.9275494E-06   -0.4239888E-06   -0.5987672E-05   -0.3609183E-04   -0.7908538E-05    0.4939829E-04   -0.6338780E-05   -0.6988119E-05   -0.1449263E-04    0.1987947E-06   -0.1292583E-05
    0.2402907E-05   -0.3162519E-04    0.3711903E-05    0.2013600E-03    0.1782500E-02    0.3337841E-03    0.8183796E-04    0.2109078E-05   -0.1697454E-04   -0.3089159E-03   -0.6682022E-02    0.8885280E-04    0.3013841E-02   -0.2731713E-01   -0.2307100E-01   -0.7198588E-02   -0.2154651E-02   -0.5601916E-02   -0.1304212E-02   -0.1228454E-02    0.2466446E-03    0.1885347E-02    0.2645965E-04    0.6439950E-05    0.3471252E-05    0.6317689E-05   -0.6737994E-05   -0.7120610E-05   -0.4092635E-05    0.1040408E-04    0.4512112E-04   -0.1736497E-04   -0.1244807E-04   -0.6348349E-04    0.2009638E-06   -0.2976002E-06
    0.1555989E-05   -0.1335205E-04    0.1638314E-05    0.5551904E-03    0.3337841E-03    0.1102680E-02    0.5106411E-04    0.9327740E-05   -0.2227703E-05   -0.7381787E-04   -0.2322535E-01    0.4730084E-03    0.5122118E-02   -0.7995294E-01   -0.2638078E-01    0.1219151E-01    0.2970894E-01   -0.1267277E-01   -0.1886825E-02   -0.3450066E-02   -0.5396390E-02    0.1297821E-02    0.1177803E-04    0.3065839E-05    0.2956420E-05    0.1516493E-05    0.5362243E-07   -0.1632354E-04   -0.6953770E-04   -0.1356173E-04    0.8142979E-04   -0.8995757E-05   -0.9864827E-05   -0.5906450E-05    0.6702281E-06   -0.2500797E-05
    0.2806264E-06   -0.4110049E-05    0.4343591E-06    0.3098439E-04    0.8183796E-04    0.5106411E-04    0.2022937E-04    0.4823453E-06   -0.7844127E-06   -0.1244754E-04   -0.5205689E-02    0.1187853E-03    0.1192827E-02   -0.2334443E-01   -0.6420524E-02    0.2916987E-02    0.6355525E-02   -0.2795856E-02    0.8251439E-04   -0.3529757E-03   -0.6677745E-03    0.4391053E-03    0.6198887E-05    0.1861556E-05    0.3969990E-06    0.2148394E-05   -0.7658628E-06    0.2604401E-05   -0.5289278E-05   -0.1233313E-05    0.1763043E-04   -0.1284730E-05   -0.5240557E-05   -0.7812189E-05   -0.1446560E-06   -0.5293319E-06
    0.1461754E-07   -0.8325702E-07    0.7393919E-08   -0.1803918E-05    0.2109078E-05    0.9327740E-05    0.4823453E-06    0.6502365E-05    0.2542357E-07    0.1330614E-05    0.6943375E-03    0.1804179E-04   -0.2858405E-04    0.2741911E-02    0.5029136E-03    0.6056289E-03    0.1384834E-02   -0.3263452E-04   -0.3838781E-04   -0.1127981E-03   -0.1321516E-03    0.6153067E-03    0.1421006E-05    0.2496110E-06    0.2352287E-06    0.6393860E-06    0.5083995E-06   -0.9157182E-06    0.4505469E-06    0.9840388E-06   -0.5952599E-05    0.7506538E-06    0.1238691E-05    0.8586090E-05    0.3501385E-08    0.2822546E-07
   -0.2305973E-07    0.2380083E-06   -0.2822468E-07   -0.1383180E-05   -0.1697454E-04   -0.2227703E-05   -0.7844127E-06    0.2542357E-07    0.4309759E-04   -0.2866125E-04   -0.1079969E-04    0.1596876E-04   -0.5006785E-04    0.1300850E-02    0.4552826E-03    0.3594942E-03    0.4600155E-03    0.1313627E-03   -0.9643490E-04    0.2841269E-04   -0.8748232E-04   -0.4649778E-03   -0.5485856E-06    0.1244860E-06   -0.7376673E-06    0.3991120E-06   -0.1348403E-05    0.6022443E-06    0.5596143E-05    0.9993750E-06   -0.1291310E-04   -0.6475541E-06   -0.4212786E-05   -0.7922640E-05   -0.5652001E-09   -0.6460240E-07
   -0.3397518E-06    0.4700252E-05   -0.4469130E-06   -0.4323106E-04   -0.3089159E-03   -0.7381787E-04   -0.1244754E-04    0.1330614E-05   -0.2866125E-04    0.6545579E-02   -0.1528273E-02   -0.4984000E-04    0.1741089E-03    0.2030098E-02    0.1086673E-01    0.8429232E-02    0.8542674E-02   -0.2860251E-03    0.1442631E-02   -0.7933288E-03    0.8246078E-03    0.2855082E-02   -0.5688756E-05   -0.4524983E-05    0.5110620E-05   -0.2724627E-05   -0.4575245E-05    0.6382015E-04    0.6146108E-05    0.9043598E-05    0.3611177E-04    0.1415564E-04    0.8028031E-04   -0.2176140E-03    0.4216210E-06   -0.9613388E-06
   -0.1004287E-03    0.2565102E-03   -0.6668736E-05   -0.1170532E-01   -0.6682022E-02   -0.2322535E-01   -0.5205689E-02    0.6943375E-03   -0.1079969E-04   -0.1528273E-02    0.4883909E+02   -0.4700568E+00   -0.1411195E+01    0.4402480E+02    0.5324429E+00   -0.2080929E+02   -0.6634916E+02    0.1334604E+00   -0.2145124E+00    0.4524704E+00   -0.3196021E+01   -0.2592321E+02   -0.1012272E-02    0.1004074E-03    0.2834764E-04    0.1887681E-03    0.1744326E-02   -0.1016236E-03    0.1042542E-02    0.3194748E-02   -0.2956249E-02   -0.1950057E-02   -0.2105002E-02   -0.1448153E-02   -0.1064738E-03    0.4303149E-02
    0.1901025E-05   -0.8628400E-05   -0.5121856E-07    0.2004372E-03    0.8885280E-04    0.4730084E-03    0.1187853E-03    0.1804179E-04    0.1596876E-04   -0.4984000E-04   -0.4700568E+00    0.8217676E-01   -0.7122880E-01   -0.4283687E+00    0.9916525E+00    0.1808495E+01    0.7264935E+00    0.7099548E-01   -0.5699142E-02    0.2667438E-02    0.9947438E-01    0.1116828E+00    0.3752894E-04    0.6298045E-05    0.3714166E-04    0.3718967E-04    0.7314789E-05    0.1535072E-03    0.2268385E-03    0.8314243E-04   -0.2364569E-03    0.4958997E-04    0.1389215E-03    0.2298902E-03    0.1141137E-04   -0.1740227E-04
    0.2665432E-04   -0.1256405E-03    0.2019015E-04    0.2701295E-02    0.3013841E-02    0.5122118E-02    0.1192827E-02   -0.2858405E-04   -0.5006785E-04    0.1741089E-03   -0.1411195E+01   -0.7122880E-01    0.3706962E+01   -0.2888591E+02   -0.3877057E+01    0.7311642E+01    0.6230181E+01   -0.2551603E+01   -0.2413993E+00    0.4520177E-01    0.2422159E+01    0.2008085E+01    0.1269474E-03    0.1718896E-03   -0.2153277E-03    0.6140450E-04    0.1230110E-03   -0.3221473E-03   -0.1407513E-02   -0.9488405E-04    0.6179255E-02   -0.5870842E-03   -0.3546980E-03   -0.2515944E-03    0.1834121E-03   -0.3314237E-03
   -0.4091417E-03    0.1681333E-02   -0.2482773E-03   -0.4306275E-01   -0.2731713E-01   -0.7995294E-01   -0.2334443E-01    0.2741911E-02    0.1300850E-02    0.2030098E-02    0.4402480E+02   -0.4283687E+00   -0.2888591E+02    0.7140576E+03    0.6650982E+02   -0.5780413E+02   -0.7379249E+02    0.1238614E+02    0.4225597E+00    0.2826703E+00   -0.1295741E+02   -0.2074867E+02   -0.4289288E-02   -0.1190648E-02    0.2417442E-02   -0.1807241E-02   -0.2339703E-02   -0.3849367E-02    0.4549976E-01   -0.4711708E-02   -0.4996529E-01    0.1150509E-01   -0.1017001E-02    0.6928075E-02    0.4433472E-02    0.4436004E-02
   -0.2209104E-03    0.1052537E-02   -0.1182050E-03   -0.1511105E-01   -0.2307100E-01   -0.2638078E-01   -0.6420524E-02    0.5029136E-03    0.4552826E-03    0.1086673E-01    0.5324429E+00    0.9916525E+00   -0.3877057E+01    0.6650982E+02    0.5635072E+02    0.4043892E+02    0.1558839E+02   -0.4227808E+01   -0.2318694E+00   -0.8725521E+00    0.3749540E+01    0.3874309E+01   -0.1451197E-02   -0.5308003E-03   -0.3056928E-03    0.6605482E-04    0.1539789E-03   -0.2705311E-02    0.1197199E-01    0.4504199E-02   -0.7769339E-02    0.1030566E-03    0.6850013E-02    0.2410039E-01    0.2186294E-03    0.3229794E-03
   -0.3006049E-04    0.2829130E-03   -0.3299293E-04    0.4029860E-02   -0.7198588E-02    0.1219151E-01    0.2916987E-02    0.6056289E-03    0.3594942E-03    0.8429232E-02   -0.2080929E+02    0.1808495E+01    0.7311642E+01   -0.5780413E+02    0.4043892E+02    0.9100197E+02    0.6328649E+02   -0.1121369E+02   -0.6896697E+00   -0.3634971E+00    0.4832850E+01    0.6447153E+01    0.7288181E-03    0.2274064E-03    0.4647320E-03    0.7630479E-03    0.8522608E-04   -0.5572880E-03    0.5328717E-02    0.1892735E-02    0.2272253E-01   -0.1009620E-02    0.6651915E-02    0.2731588E-01    0.7940100E-03   -0.2376433E-02
    0.4275040E-04    0.1709292E-03   -0.3254653E-04    0.1156653E-01   -0.2154651E-02    0.2970894E-01    0.6355525E-02    0.1384834E-02    0.4600155E-03    0.8542674E-02   -0.6634916E+02    0.7264935E+00    0.6230181E+01   -0.7379249E+02    0.1558839E+02    0.6328649E+02    0.1242664E+03   -0.9580387E+01   -0.1364116E+00   -0.6730516E+00    0.9006602E+00    0.2345458E+02    0.1917912E-02   -0.7639934E-04    0.4501457E-03   -0.6621695E-04   -0.2054555E-02   -0.2806315E-02    0.2005273E-02   -0.3409011E-02    0.1779602E-01    0.5048691E-03    0.5632284E-02    0.2386138E-01    0.4782593E-03   -0.7496961E-02
   -0.4518962E-04    0.2081001E-03   -0.1766294E-04   -0.6175602E-02   -0.5601916E-02   -0.1267277E-01   -0.2795856E-02   -0.3263452E-04    0.1313627E-03   -0.2860251E-03    0.1334604E+00    0.7099548E-01   -0.2551603E+01    0.1238614E+02   -0.4227808E+01   -0.1121369E+02   -0.9580387E+01    0.5787624E+01    0.1182324E+00   -0.6468655E-01   -0.1856524E+01   -0.1332413E+01   -0.7487987E-03   -0.2328152E-03    0.5593577E-04   -0.8360714E-04   -0.2171185E-03    0.1069778E-02    0.7456210E-03    0.6875989E-05   -0.1080052E-01    0.9771886E-03    0.3359775E-02   -0.1478860E-02   -0.1284077E-03    0.1400104E-03
   -0.8346486E-05    0.4424020E-04   -0.1041511E-04   -0.8543962E-03   -0.1304212E-02   -0.1886825E-02    0.8251439E-04   -0.3838781E-04   -0.9643490E-04    0.1442631E-02   -0.2145124E+00   -0.5699142E-02   -0.2413993E+00    0.4225597E+00   -0.2318694E+00   -0.6896697E+00   -0.1364116E+00    0.1182324E+00    0.3141216E+01    0.7632895E+00    0.2510321E+00    0.5027242E+00    0.1070224E-03   -0.3327366E-05    0.2669087E-03   -0.7226926E-04    0.1925414E-03    0.2979492E-03   -0.3536405E-02   -0.3229976E-04   -0.7165001E-03    0.2220526E-04   -0.1070157E-02   -0.4890584E-03    0.4195990E-03   -0.1695366E-04
   -0.8357917E-05    0.4035892E-04   -0.8644229E-05   -0.1393055E-02   -0.1228454E-02   -0.3450066E-02   -0.3529757E-03   -0.1127981E-03    0.2841269E-04   -0.7933288E-03    0.4524704E+00    0.2667438E-02    0.4520177E-01    0.2826703E+00   -0.8725521E+00   -0.3634971E+00   -0.6730516E+00   -0.6468655E-01    0.7632895E+00    0.3099559E+01    0.2307290E+01    0.1197143E+01    0.2020530E-03   -0.2993166E-04    0.2564437E-04   -0.1508997E-03    0.3387644E-03    0.2924645E-03    0.3008354E-02   -0.6365290E-04   -0.3319124E-02   -0.3936765E-03   -0.7025639E-03   -0.2755289E-02   -0.4309061E-03   -0.2058446E-03
   -0.9472649E-05    0.3383824E-04   -0.9599985E-05   -0.2407763E-02    0.2466446E-03   -0.5396390E-02   -0.6677745E-03   -0.1321516E-03   -0.8748232E-04    0.8246078E-03   -0.3196021E+01    0.9947438E-01    0.2422159E+01   -0.1295741E+02    0.3749540E+01    0.4832850E+01    0.9006602E+00   -0.1856524E+01    0.2510321E+00    0.2307290E+01    0.1775945E+02    0.2736451E+02   -0.7700136E-03   -0.4122660E-04   -0.1098612E-02   -0.1328516E-03    0.8154624E-03    0.2448917E-03    0.8842081E-02    0.3897255E-02   -0.1020423E-01    0.2093904E-03   -0.3154396E-02   -0.4706292E-02   -0.7712307E-04    0.2519233E-02
    0.1970141E-04    0.6763948E-04   -0.2294114E-04   -0.1689222E-03    0.1885347E-02    0.1297821E-02    0.4391053E-03    0.6153067E-03   -0.4649778E-03    0.2855082E-02   -0.2592321E+02    0.1116828E+00    0.2008085E+01   -0.2074867E+02    0.3874309E+01    0.6447153E+01    0.2345458E+02   -0.1332413E+01    0.5027242E+00    0.1197143E+01    0.2736451E+02    0.6307947E+02   -0.7536986E-03   -0.8461399E-04   -0.1576808E-02   -0.1806097E-03    0.5387121E-03    0.7342811E-03    0.1036587E-01    0.4546503E-02   -0.5420668E-02    0.2916632E-02   -0.4272205E-02   -0.4071498E-02   -0.9519061E-04    0.4520897E-02
    0.8708616E-07   -0.1181005E-05    0.1506048E-06    0.6402793E-05    0.2645965E-04    0.1177803E-04    0.6198887E-05    0.1421006E-05   -0.5485856E-06   -0.5688756E-05   -0.1012272E-02    0.3752894E-04    0.1269474E-03   -0.4289288E-02   -0.1451197E-02    0.7288181E-03    0.1917912E-02   -0.7487987E-03    0.1070224E-03    0.2020530E-03   -0.7700136E-03   -0.7536986E-03    0.1240849E-03    0.1101486E-04    0.2462999E-05    0.3148430E-05    0.6066743E-06    0.4860480E-05   -0.2146324E-04   -0.5709643E-05    0.1486991E-05   -0.2131887E-05    0.3806248E-06    0.1143257E-04   -0.8886790E-07   -0.1686173E-06
    0.1933088E-07   -0.3658979E-06    0.4158165E-07    0.1946149E-05    0.6439950E-05    0.3065839E-05    0.1861556E-05    0.2496110E-06    0.1244860E-06   -0.4524983E-05    0.1004074E-03    0.6298045E-05    0.1718896E-03   -0.1190648E-02   -0.5308003E-03    0.2274064E-03   -0.7639934E-04   -0.2328152E-03   -0.3327366E-05   -0.2993166E-04   -0.4122660E-04   -0.8461399E-04    0.1101486E-04    0.1378240E-04    0.2988318E-07    0.6091007E-05    0.2409513E-06   -0.2709399E-05   -0.6032453E-06   -0.1345313E-05   -0.6283394E-05   -0.4567613E-06   -0.4912875E-05   -0.4924211E-05   -0.4657904E-08    0.1219449E-07
   -0.2305183E-08   -0.8492811E-07    0.1096056E-08    0.1126463E-05    0.3471252E-05    0.2956420E-05    0.3969990E-06    0.2352287E-06   -0.7376673E-06    0.5110620E-05    0.2834764E-04    0.3714166E-04   -0.2153277E-03    0.2417442E-02   -0.3056928E-03    0.4647320E-03    0.4501457E-03    0.5593577E-04    0.2669087E-03    0.2564437E-04   -0.1098612E-02   -0.1576808E-02    0.2462999E-05    0.2988318E-07    0.2268514E-03    0.2212906E-06    0.4148483E-05    0.1177067E-04    0.1262867E-05   -0.2558111E-05    0.2613676E-04    0.4286131E-06    0.6837407E-06    0.2360374E-05   -0.9586554E-08   -0.8645220E-07
    0.2617832E-07   -0.4413558E-06    0.5282945E-07    0.9275494E-06    0.6317689E-05    0.1516493E-05    0.2148394E-05    0.6393860E-06    0.3991120E-06   -0.2724627E-05    0.1887681E-03    0.3718967E-04    0.6140450E-04   -0.1807241E-02    0.6605482E-04    0.7630479E-03   -0.6621695E-04   -0.8360714E-04   -0.7226926E-04   -0.1508997E-03   -0.1328516E-03   -0.1806097E-03    0.3148430E-05    0.6091007E-05    0.2212906E-06    0.3008795E-04   -0.4080070E-06   -0.9973751E-07   -0.1300821E-05    0.7472188E-06    0.1405477E-05    0.4220639E-07    0.8356041E-06   -0.6176027E-05   -0.2212763E-07    0.6008682E-07
    0.9120642E-08    0.6983749E-07   -0.7623011E-07   -0.4239888E-06   -0.6737994E-05    0.5362243E-07   -0.7658628E-06    0.5083995E-06   -0.1348403E-05   -0.4575245E-05    0.1744326E-02    0.7314789E-05    0.1230110E-03   -0.2339703E-02    0.1539789E-03    0.8522608E-04   -0.2054555E-02   -0.2171185E-03    0.1925414E-03    0.3387644E-03    0.8154624E-03    0.5387121E-03    0.6066743E-06    0.2409513E-06    0.4148483E-05   -0.4080070E-06    0.3934295E-03   -0.5877079E-05   -0.3920349E-05   -0.5155620E-05   -0.2247038E-04   -0.1038812E-05   -0.1503089E-04   -0.2517368E-04   -0.6518584E-07    0.2283493E-06
    0.9512495E-07   -0.2174422E-06    0.1755688E-06   -0.5987672E-05   -0.7120610E-05   -0.1632354E-04    0.2604401E-05   -0.9157182E-06    0.6022443E-06    0.6382015E-04   -0.1016236E-03    0.1535072E-03   -0.3221473E-03   -0.3849367E-02   -0.2705311E-02   -0.5572880E-03   -0.2806315E-02    0.1069778E-02    0.2979492E-03    0.2924645E-03    0.2448917E-03    0.7342811E-03    0.4860480E-05   -0.2709399E-05    0.1177067E-04   -0.9973751E-07   -0.5877079E-05    0.3472047E-02   -0.1800677E-05    0.2039538E-04    0.5212997E-04    0.2112615E-04    0.2681580E-04    0.1690972E-03    0.3149495E-07    0.2562051E-06
   -0.4283997E-06    0.1713323E-05   -0.3539087E-06   -0.3609183E-04   -0.4092635E-05   -0.6953770E-04   -0.5289278E-05    0.4505469E-06    0.5596143E-05    0.6146108E-05    0.1042542E-02    0.2268385E-03   -0.1407513E-02    0.4549976E-01    0.1197199E-01    0.5328717E-02    0.2005273E-02    0.7456210E-03   -0.3536405E-02    0.3008354E-02    0.8842081E-02    0.1036587E-01   -0.2146324E-04   -0.6032453E-06    0.1262867E-05   -0.1300821E-05   -0.3920349E-05   -0.1800677E-05    0.5830584E-02    0.1832332E-02    0.1760137E-02   -0.7367901E-03   -0.7022081E-04    0.1529801E-03    0.1917494E-05    0.9346437E-06
   -0.1270450E-06    0.8775222E-07   -0.1759423E-07   -0.7908538E-05    0.1040408E-04   -0.1356173E-04   -0.1233313E-05    0.9840388E-06    0.9993750E-06    0.9043598E-05    0.3194748E-02    0.8314243E-04   -0.9488405E-04   -0.4711708E-02    0.4504199E-02    0.1892735E-02   -0.3409011E-02    0.6875989E-05   -0.3229976E-04   -0.6365290E-04    0.3897255E-02    0.4546503E-02   -0.5709643E-05   -0.1345313E-05   -0.2558111E-05    0.7472188E-06   -0.5155620E-05    0.2039538E-04    0.1832332E-02    0.1234169E-02    0.7774548E-03    0.1837790E-03   -0.6445948E-05   -0.2132384E-03    0.8661867E-07    0.8798615E-06
    0.2134093E-07   -0.2038565E-05    0.1376026E-06    0.4939829E-04    0.4512112E-04    0.8142979E-04    0.1763043E-04   -0.5952599E-05   -0.1291310E-04    0.3611177E-04   -0.2956249E-02   -0.2364569E-03    0.6179255E-02   -0.4996529E-01   -0.7769339E-02    0.2272253E-01    0.1779602E-01   -0.1080052E-01   -0.7165001E-03   -0.3319124E-02   -0.1020423E-01   -0.5420668E-02    0.1486991E-05   -0.6283394E-05    0.2613676E-04    0.1405477E-05   -0.2247038E-04    0.5212997E-04    0.1760137E-02    0.7774548E-03    0.3308419E-01   -0.6510702E-03    0.1523749E-02    0.1076001E-01   -0.7600315E-06    0.1766316E-05
   -0.7498256E-07    0.6520449E-06    0.9046715E-07   -0.6338780E-05   -0.1736497E-04   -0.8995757E-05   -0.1284730E-05    0.7506538E-06   -0.6475541E-06    0.1415564E-04   -0.1950057E-02    0.4958997E-04   -0.5870842E-03    0.1150509E-01    0.1030566E-03   -0.1009620E-02    0.5048691E-03    0.9771886E-03    0.2220526E-04   -0.3936765E-03    0.2093904E-03    0.2916632E-02   -0.2131887E-05   -0.4567613E-06    0.4286131E-06    0.4220639E-07   -0.1038812E-05    0.2112615E-04   -0.7367901E-03    0.1837790E-03   -0.6510702E-03    0.1395110E-02    0.1349059E-03   -0.4969551E-03    0.2655200E-06    0.4584316E-07
   -0.4296104E-06    0.1378309E-05    0.6851788E-07   -0.6988119E-05   -0.1244807E-04   -0.9864827E-05   -0.5240557E-05    0.1238691E-05   -0.4212786E-05    0.8028031E-04   -0.2105002E-02    0.1389215E-03   -0.3546980E-03   -0.1017001E-02    0.6850013E-02    0.6651915E-02    0.5632284E-02    0.3359775E-02   -0.1070157E-02   -0.7025639E-03   -0.3154396E-02   -0.4272205E-02    0.3806248E-06   -0.4912875E-05    0.6837407E-06    0.8356041E-06   -0.1503089E-04    0.2681580E-04   -0.7022081E-04   -0.6445948E-05    0.1523749E-02    0.1349059E-03    0.5109553E-02    0.3932398E-02   -0.6373037E-06   -0.1072544E-05
   -0.1178834E-05    0.4080130E-05   -0.9878507E-06   -0.1449263E-04   -0.6348349E-04   -0.5906450E-05   -0.7812189E-05    0.8586090E-05   -0.7922640E-05   -0.2176140E-03   -0.1448153E-02    0.2298902E-03   -0.2515944E-03    0.6928075E-02    0.2410039E-01    0.2731588E-01    0.2386138E-01   -0.1478860E-02   -0.4890584E-03   -0.2755289E-02   -0.4706292E-02   -0.4071498E-02    0.1143257E-04   -0.4924211E-05    0.2360374E-05   -0.6176027E-05   -0.2517368E-04    0.1690972E-03    0.1529801E-03   -0.2132384E-03    0.1076001E-01   -0.4969551E-03    0.3932398E-02    0.3569431E-01    0.9108439E-06    0.1397172E-05
    0.4720747E-08    0.5069186E-08    0.6798666E-09    0.1987947E-06    0.2009638E-06    0.6702281E-06   -0.1446560E-06    0.3501385E-08   -0.5652001E-09    0.4216210E-06   -0.1064738E-03    0.1141137E-04    0.1834121E-03    0.4433472E-02    0.2186294E-03    0.7940100E-03    0.4782593E-03   -0.1284077E-03    0.4195990E-03   -0.4309061E-03   -0.7712307E-04   -0.9519061E-04   -0.8886790E-07   -0.4657904E-08   -0.9586554E-08   -0.2212763E-07   -0.6518584E-07    0.3149495E-07    0.1917494E-05    0.8661867E-07   -0.7600315E-06    0.2655200E-06   -0.6373037E-06    0.9108439E-06    0.5383971E-06    0.1690528E-07
   -0.6362165E-08    0.4201371E-07   -0.1183806E-08   -0.1292583E-05   -0.2976002E-06   -0.2500797E-05   -0.5293319E-06    0.2822546E-07   -0.6460240E-07   -0.9613388E-06    0.4303149E-02   -0.1740227E-04   -0.3314237E-03    0.4436004E-02    0.3229794E-03   -0.2376433E-02   -0.7496961E-02    0.1400104E-03   -0.1695366E-04   -0.2058446E-03    0.2519233E-02    0.4520897E-02   -0.1686173E-06    0.1219449E-07   -0.8645220E-07    0.6008682E-07    0.2283493E-06    0.2562051E-06    0.9346437E-06    0.8798615E-06    0.1766316E-05    0.4584316E-07   -0.1072544E-05    0.1397172E-05    0.1690528E-07    0.2064071E-05
