# omegabh2 omegach2 theta tau logA ns nrun acib217 acibsz143 asz143 aps100 aps143 aps143217 aps217 aksz kgal100 t1gal143 t1gal143217 t1gal217 calib_100T calib_217T
    0.6991571E-07   -0.2025159E-06    0.5049196E-07    0.1549585E-05    0.2887540E-05    0.4970929E-06   -0.8121113E-06   -0.1353035E-03   -0.7493747E-04    0.1587385E-04   -0.6931227E-03   -0.4177714E-03   -0.1940091E-03   -0.1928401E-03   -0.2884450E-04    0.1013049E-02    0.5425023E-03    0.5377092E-03    0.5195971E-03   -0.6877342E-07    0.3563682E-08
   -0.2025159E-06    0.4202286E-05   -0.4179976E-06   -0.8696588E-05   -0.7661985E-05   -0.9814995E-05   -0.1907726E-05    0.1277651E-02    0.5498808E-03   -0.2606334E-04    0.3133531E-03    0.9012177E-03   -0.4440921E-03   -0.7236870E-03    0.8917783E-04    0.2915501E-02    0.2524025E-02    0.2438612E-02    0.2435272E-02   -0.1100442E-06   -0.4790852E-07
    0.5049196E-07   -0.4179976E-06    0.2455130E-06    0.1561353E-05    0.2360673E-05    0.1322055E-05   -0.4277228E-07   -0.1326991E-03   -0.6801850E-04    0.2260825E-04   -0.5739651E-03   -0.3199402E-03   -0.7826695E-04   -0.1010585E-03    0.2392855E-05    0.3146515E-03    0.2987102E-04    0.8207326E-04    0.1436617E-03   -0.3491522E-07   -0.1147531E-07
    0.1549585E-05   -0.8696588E-05    0.1561353E-05    0.2234960E-03    0.4398181E-03    0.2587778E-04   -0.4168359E-04   -0.3762035E-02   -0.2268171E-02   -0.1275583E-02    0.3518277E-02   -0.1149288E-02    0.8805376E-03    0.7220267E-03    0.6276030E-03   -0.6138016E-03   -0.1262231E-01   -0.1353338E-01   -0.1467352E-01   -0.1329048E-05    0.2190509E-06
    0.2887540E-05   -0.7661985E-05    0.2360673E-05    0.4398181E-03    0.9075283E-03    0.2478611E-04   -0.1027824E-03   -0.9879456E-03   -0.2324780E-02   -0.3457731E-02    0.3664984E-01    0.1561622E-01    0.1188146E-01    0.8869842E-02    0.1213184E-02   -0.1980305E-01   -0.7173270E-01   -0.7340262E-01   -0.7550002E-01   -0.5750464E-05   -0.2307368E-07
    0.4970929E-06   -0.9814995E-05    0.1322055E-05    0.2587778E-04    0.2478611E-04    0.4117568E-04    0.1629461E-04   -0.1764315E-01   -0.8231990E-02   -0.1811808E-02   -0.1366176E-01    0.5066436E-02    0.1905059E-01    0.2052640E-01   -0.3664358E-02   -0.6783060E-02   -0.9097809E-02   -0.1088877E-01   -0.1066617E-01    0.5476208E-06    0.7144793E-06
   -0.8121113E-06   -0.1907726E-05   -0.4277228E-07   -0.4168359E-04   -0.1027824E-03    0.1629461E-04    0.6455028E-04   -0.1657052E-01   -0.8002322E-02   -0.1451075E-02   -0.1235635E-01    0.5242559E-02    0.1855528E-01    0.1897101E-01   -0.3558973E-02   -0.9572637E-02   -0.5328034E-02   -0.7300203E-02   -0.7828949E-02    0.1389607E-05    0.7478941E-06
   -0.1353035E-03    0.1277651E-02   -0.1326991E-03   -0.3762035E-02   -0.9879456E-03   -0.1764315E-01   -0.1657052E-01    0.7600001E+02    0.2963630E+02    0.1567593E+01    0.2304603E+02   -0.2276738E+02   -0.7559155E+02   -0.9242981E+02   -0.2259038E+01   -0.7103599E+01   -0.1867695E+02   -0.2251309E+02   -0.2630887E+02   -0.3838057E-03   -0.3808150E-02
   -0.7493747E-04    0.5498808E-03   -0.6801850E-04   -0.2268171E-02   -0.2324780E-02   -0.8231990E-02   -0.8002322E-02    0.2963630E+02    0.2071477E+02    0.2794465E+01   -0.1119934E+02   -0.2473748E+02   -0.4927766E+02   -0.3118692E+02   -0.1062328E+01   -0.5049357E+01   -0.1061531E+02   -0.1762379E+02   -0.1922959E+02   -0.2127915E-03   -0.3047445E-03
    0.1587385E-04   -0.2606334E-04    0.2260825E-04   -0.1275583E-02   -0.3457731E-02   -0.1811808E-02   -0.1451075E-02    0.1567593E+01    0.2794465E+01    0.5425272E+01   -0.3630467E+02   -0.1645694E+02   -0.6359316E+01   -0.1735239E+01   -0.2235823E-01   -0.2131074E+01    0.1361670E+00    0.3279703E+01    0.3656166E+01   -0.6431424E-04    0.1830267E-03
   -0.6931227E-03    0.3133531E-03   -0.5739651E-03    0.3518277E-02    0.3664984E-01   -0.1366176E-01   -0.1235635E-01    0.2304603E+02   -0.1119934E+02   -0.3630467E+02    0.7602685E+03    0.1793677E+03    0.7396805E+02    0.1422128E+02   -0.9954314E+01   -0.8185297E+02   -0.7148900E+02   -0.7413560E+02   -0.7058425E+02   -0.4615762E-02   -0.4363446E-02
   -0.4177714E-03    0.9012177E-03   -0.3199402E-03   -0.1149288E-02    0.1561622E-01    0.5066436E-02    0.5242559E-02   -0.2276738E+02   -0.2473748E+02   -0.1645694E+02    0.1793677E+03    0.1254396E+03    0.1028816E+03    0.6076079E+02   -0.1035867E+02   -0.2744241E+02   -0.4855030E+02   -0.4149008E+02   -0.3792660E+02   -0.1378160E-02   -0.1029452E-02
   -0.1940091E-03   -0.4440921E-03   -0.7826695E-04    0.8805376E-03    0.1188146E-01    0.1905059E-01    0.1855528E-01   -0.7559155E+02   -0.4927766E+02   -0.6359316E+01    0.7396805E+02    0.1028816E+03    0.1650902E+03    0.1250286E+03   -0.8533658E+01   -0.2283076E+02   -0.3073869E+02   -0.2070279E+02   -0.2034536E+02   -0.1215512E-02    0.2129693E-02
   -0.1928401E-03   -0.7236870E-03   -0.1010585E-03    0.7220267E-03    0.8869842E-02    0.2052640E-01    0.1897101E-01   -0.9242981E+02   -0.3118692E+02   -0.1735239E+01    0.1422128E+02    0.6076079E+02    0.1250286E+03    0.1624755E+03   -0.8261614E+01   -0.2537456E+02   -0.3390992E+02   -0.4253498E+02   -0.4655126E+02   -0.1295881E-02    0.6715443E-02
   -0.2884450E-04    0.8917783E-04    0.2392855E-05    0.6276030E-03    0.1213184E-02   -0.3664358E-02   -0.3558973E-02   -0.2259038E+01   -0.1062328E+01   -0.2235823E-01   -0.9954314E+01   -0.1035867E+02   -0.8533658E+01   -0.8261614E+01    0.8066810E+01   -0.2260002E+01   -0.2630433E+01   -0.2858359E+01   -0.3295593E+01   -0.2334282E-04    0.2151606E-03
    0.1013049E-02    0.2915501E-02    0.3146515E-03   -0.6138016E-03   -0.1980305E-01   -0.6783060E-02   -0.9572637E-02   -0.7103599E+01   -0.5049357E+01   -0.2131074E+01   -0.8185297E+02   -0.2744241E+02   -0.2283076E+02   -0.2537456E+02   -0.2260002E+01    0.2375715E+03    0.1556790E+03    0.1513310E+03    0.1477174E+03   -0.1315570E-01    0.5166721E-03
    0.5425023E-03    0.2524025E-02    0.2987102E-04   -0.1262231E-01   -0.7173270E-01   -0.9097809E-02   -0.5328034E-02   -0.1867695E+02   -0.1061531E+02    0.1361670E+00   -0.7148900E+02   -0.4855030E+02   -0.3073869E+02   -0.3390992E+02   -0.2630433E+01    0.1556790E+03    0.2754346E+03    0.2793857E+03    0.2795877E+03    0.8967046E-02    0.4968076E-03
    0.5377092E-03    0.2438612E-02    0.8207326E-04   -0.1353338E-01   -0.7340262E-01   -0.1088877E-01   -0.7300203E-02   -0.2251309E+02   -0.1762379E+02    0.3279703E+01   -0.7413560E+02   -0.4149008E+02   -0.2070279E+02   -0.4253498E+02   -0.2858359E+01    0.1513310E+03    0.2793857E+03    0.3234156E+03    0.3505038E+03    0.9081712E-02   -0.5181558E-02
    0.5195971E-03    0.2435272E-02    0.1436617E-03   -0.1467352E-01   -0.7550002E-01   -0.1066617E-01   -0.7828949E-02   -0.2630887E+02   -0.1922959E+02    0.3656166E+01   -0.7058425E+02   -0.3792660E+02   -0.2034536E+02   -0.4655126E+02   -0.3295593E+01    0.1477174E+03    0.2795877E+03    0.3505038E+03    0.4044599E+03    0.9274452E-02   -0.1030175E-01
   -0.6877342E-07   -0.1100442E-06   -0.3491522E-07   -0.1329048E-05   -0.5750464E-05    0.5476208E-06    0.1389607E-05   -0.3838057E-03   -0.2127915E-03   -0.6431424E-04   -0.4615762E-02   -0.1378160E-02   -0.1215512E-02   -0.1295881E-02   -0.2334282E-04   -0.1315570E-01    0.8967046E-02    0.9081712E-02    0.9274452E-02    0.3043778E-05   -0.7336037E-08
    0.3563682E-08   -0.4790852E-07   -0.1147531E-07    0.2190509E-06   -0.2307368E-07    0.7144793E-06    0.7478941E-06   -0.3808150E-02   -0.3047445E-03    0.1830267E-03   -0.4363446E-02   -0.1029452E-02    0.2129693E-02    0.6715443E-02    0.2151606E-03    0.5166721E-03    0.4968076E-03   -0.5181558E-02   -0.1030175E-01   -0.7336037E-08    0.1519939E-05
