# omegabh2 omegach2 theta tau mnu nnu logA ns calPlanck aps100 aps143 aps217 acib217 asz143 psr cibr xi aksz dust100 dust143 dust217 dust143x217 cal0 cal2 calTE calEE
  5.6485258E-08   3.9252532E-07  -3.7026122E-08   4.2469015E-07  -9.1712574E-06   3.7777646E-05   2.0897816E-06   1.8130347E-06   6.3353103E-09   4.1908351E-04   1.2818078E-04  -1.3281207E-04   1.0918071E-04  -1.2977852E-05  -9.2460245E-07   2.0176966E-06  -1.2719443E-06   3.4095789E-05   1.0559545E-06   1.4042983E-06  -2.6826754E-07   3.0733658E-07   3.0850253E-10   1.4335731E-08   9.9375257E-08   1.9948520E-07
  3.9252532E-07   1.1856864E-05  -1.3370142E-06   1.2527802E-06   2.8062349E-06   7.1314839E-04   3.4213960E-05   2.1733473E-05  -1.1756082E-07   1.7274298E-02   1.0417921E-02  -3.7131511E-03   5.3095039E-03  -6.1682270E-04  -4.3146673E-05   9.9541840E-05  -5.5923790E-05   1.3226056E-03   1.7915643E-05   2.7975596E-05  -1.9501298E-05   1.2667879E-05  -6.9445854E-08   4.4755868E-07   3.9886212E-06   8.0232810E-06
 -3.7026122E-08  -1.3370142E-06   2.4091530E-07  -1.5751500E-07  -7.9693611E-06  -8.2405285E-05  -3.7915358E-06  -2.4239984E-06   9.0824655E-09  -2.1414622E-03  -1.2414360E-03   4.5984505E-04  -6.4228470E-04   7.3177052E-05   5.9616010E-06  -1.2885602E-05   7.8897863E-06  -1.6203117E-04  -1.2705527E-06  -4.1743867E-06   2.2154257E-06  -1.4129158E-06   1.4074622E-08  -5.1739560E-08  -5.9394226E-07  -9.9843181E-07
  4.2469015E-07   1.2527802E-06  -1.5751500E-07   6.2829175E-05   1.3046380E-06   2.5772454E-04   1.2875646E-04   1.7454512E-05  -6.1331010E-07  -4.3174577E-03  -1.9798719E-03   1.1874681E-03  -1.2522345E-03   1.6686307E-04   1.1745624E-05  -6.1449735E-06  -2.2872195E-06  -2.0177278E-04   2.7893550E-06   5.6734406E-06   2.9448307E-06  -8.4952604E-06   5.3966940E-10  -1.7436473E-07  -2.7394383E-06   1.2231695E-06
 -9.1712574E-06   2.8062349E-06  -7.9693611E-06   1.3046380E-06   1.6447908E-02  -2.8343123E-03  -5.1868671E-05  -2.6843509E-04   1.0864388E-05   1.3645092E-01   9.6988027E-02  -2.1621340E-02   3.6330458E-02  -1.1884261E-03  -4.4746102E-04   1.3102721E-03   3.0003136E-04   1.1326798E-02   3.1178549E-04   2.0426639E-04   1.8486391E-04   3.5625634E-04   1.1001069E-06   5.6590290E-06   6.4031111E-05  -1.7896947E-05
  3.7777646E-05   7.1314839E-04  -8.2405285E-05   2.5772454E-04  -2.8343123E-03   5.1472287E-02   2.4941542E-03   1.9097365E-03   1.4817893E-06   1.1913977E+00   6.5199561E-01  -2.8112119E-01   3.5607575E-01  -4.2193225E-02  -2.9863655E-03   6.6143987E-03  -3.7187432E-03   9.3207768E-02   1.3651552E-03   2.1670046E-03  -1.3223125E-03   8.2413172E-04  -3.4521572E-06   3.0327148E-05   3.0341562E-04   6.2818528E-04
  2.0897816E-06   3.4213960E-05  -3.7915358E-06   1.2875646E-04  -5.1868671E-05   2.4941542E-03   3.8055170E-04   9.6743467E-05   1.2095529E-05   4.2766483E-02   2.5816224E-02   8.0218180E-04   1.0360618E-02  -1.2650768E-03  -5.7743000E-05   1.9405654E-04  -9.1132641E-05   2.3022323E-03   4.6962650E-05  -1.6212605E-05  -2.0047217E-05   5.2370504E-06   5.8949053E-07   8.9776277E-07   5.2310747E-06   2.7445459E-05
  1.8130347E-06   2.1733473E-05  -2.4239984E-06   1.7454512E-05  -2.6843509E-04   1.9097365E-03   9.6743467E-05   9.2501896E-05   3.5465380E-07   2.1940546E-02   1.4266037E-02  -2.5512274E-03   6.7108893E-03  -1.1053124E-03  -4.2419816E-05   1.1212929E-04  -7.6465499E-05   1.5875361E-03   6.1322634E-05   6.1642784E-05  -1.9728469E-05   1.8385281E-05  -3.8491884E-07   7.5909967E-07   1.0770868E-05   2.0730868E-05
  6.3353103E-09  -1.1756082E-07   9.0824655E-09  -6.1331010E-07   1.0864388E-05   1.4817893E-06   1.2095529E-05   3.5465380E-07   6.7701073E-06   3.2230107E-03   7.4300298E-04   1.5604396E-03   5.0683938E-04  -5.7695117E-06   2.4049093E-06  -3.3050492E-07   1.3944190E-05   3.8291889E-05   4.6264880E-06  -5.1790375E-06   8.5024676E-06   1.0240516E-06   6.3683673E-08   2.2000389E-08  -2.8755443E-07   4.7763896E-08
  4.1908351E-04   1.7274298E-02  -2.1414622E-03  -4.3174577E-03   1.3645092E-01   1.1913977E+00   4.2766483E-02   2.1940546E-02   3.2230107E-03   6.2908984E+02   7.5578580E+01  -5.9189687E+01   3.7837220E+01  -2.5268785E+01  -9.4101858E-01   1.1210745E-01  -2.2808760E-01   1.2379559E+01  -9.9665238E-02   3.0393030E-01  -2.5626074E-01  -1.9354124E-01   6.8403514E-03   3.6719615E-03   1.0981590E-02   2.1323533E-02
  1.2818078E-04   1.0417921E-02  -1.2414360E-03  -1.9798719E-03   9.6988027E-02   6.5199561E-01   2.5816224E-02   1.4266037E-02   7.4300298E-04   7.5578580E+01   7.6927267E+01   4.3991734E+00   1.1962152E+01  -9.3040771E-01  -6.9889406E-02   5.4426499E-01   8.8347538E-01  -6.8476494E+00  -1.0801778E-02  -2.1028126E-01   2.1515191E-02   7.1589430E-02   8.8652931E-04   1.0444183E-03   6.5869836E-03   1.2886308E-02
 -1.3281207E-04  -3.7131511E-03   4.5984505E-04   1.1874681E-03  -2.1621340E-02  -2.8112119E-01   8.0218180E-04  -2.5512274E-03   1.5604396E-03  -5.9189687E+01   4.3991734E+00   1.7423126E+02  -8.3610387E+01   2.8008194E+00   3.6274266E-01  -1.1414905E+00   3.3643001E-01  -7.4860360E+00  -4.4513325E-02  -2.8241228E-01   5.4809482E-01  -1.2766543E-02   1.9047647E-03  -7.7975218E-03   6.9832699E-04  -3.6523324E-04
  1.0918071E-04   5.3095039E-03  -6.4228470E-04  -1.2522345E-03   3.6330458E-02   3.5607575E-01   1.0360618E-02   6.7108893E-03   5.0683938E-04   3.7837220E+01   1.1962152E+01  -8.3610387E+01   5.3575145E+01   1.3599821E+00  -6.7404775E-02   7.9846796E-01  -2.5575779E-01  -2.0538573E+00   2.2175085E-02   1.6667218E-01  -4.5278224E-01  -1.0599624E-01  -6.5192048E-04   3.2760195E-03   1.5725061E-03   4.5200214E-03
 -1.2977852E-05  -6.1682270E-04   7.3177052E-05   1.6686307E-04  -1.1884261E-03  -4.2193225E-02  -1.2650768E-03  -1.1053124E-03  -5.7695117E-06  -2.5268785E+01  -9.3040771E-01   2.8008194E+00   1.3599821E+00   4.3247123E+00   1.0853137E-01   1.4472371E-01  -3.0403698E-02  -3.4790649E+00  -8.2886141E-03  -7.9461464E-03   8.3442682E-03   5.3750513E-02   4.7412044E-04  -2.6574715E-04  -3.7836751E-04  -6.4582277E-04
 -9.2460245E-07  -4.3146673E-05   5.9616010E-06   1.1745624E-05  -4.4746102E-04  -2.9863655E-03  -5.7743000E-05  -4.2419816E-05   2.4049093E-06  -9.4101858E-01  -6.9889406E-02   3.6274266E-01  -6.7404775E-02   1.0853137E-01   1.7289876E-02  -1.7235385E-02   1.2232968E-02  -1.0851887E-01  -4.3073466E-04  -1.3838097E-03  -2.6691937E-03   5.0991833E-03   1.8505566E-05  -4.0769609E-05  -9.9835888E-06  -3.2665763E-05
  2.0176966E-06   9.9541840E-05  -1.2885602E-05  -6.1449735E-06   1.3102721E-03   6.6143987E-03   1.9405654E-04   1.1212929E-04  -3.3050492E-07   1.1210745E-01   5.4426499E-01  -1.1414905E+00   7.9846796E-01   1.4472371E-01  -1.7235385E-02   6.9765799E-02   4.4226954E-03  -1.3619627E-01   1.0499162E-03   7.6158619E-03  -7.8734109E-04  -1.7665377E-02  -8.7889673E-06   9.9300255E-05   1.5439574E-05   6.3404017E-05
 -1.2719443E-06  -5.5923790E-05   7.8897863E-06  -2.2872195E-06   3.0003136E-04  -3.7187432E-03  -9.1132641E-05  -7.6465499E-05   1.3944190E-05  -2.2808760E-01   8.8347538E-01   3.3643001E-01  -2.5575779E-01  -3.0403698E-02   1.2232968E-02   4.4226954E-03   8.4118718E-02   2.7777831E-02   3.2878792E-04   1.0521571E-04   8.4458507E-04   6.2298329E-04   1.9305648E-05  -1.1238093E-05  -2.0037581E-05  -5.7845720E-05
  3.4095789E-05   1.3226056E-03  -1.6203117E-04  -2.0177278E-04   1.1326798E-02   9.3207768E-02   2.3022323E-03   1.5875361E-03   3.8291889E-05   1.2379559E+01  -6.8476494E+00  -7.4860360E+00  -2.0538573E+00  -3.4790649E+00  -1.0851887E-01  -1.3619627E-01   2.7777831E-02   7.3157655E+00   8.5733923E-03   3.5596068E-03  -2.0227482E-03  -4.5557593E-02  -3.6810789E-04   1.4537208E-04   3.9831280E-04   9.8466960E-04
  1.0559545E-06   1.7915643E-05  -1.2705527E-06   2.7893550E-06   3.1178549E-04   1.3651552E-03   4.6962650E-05   6.1322634E-05   4.6264880E-06  -9.9665238E-02  -1.0801778E-02  -4.4513325E-02   2.2175085E-02  -8.2886141E-03  -4.3073466E-04   1.0499162E-03   3.2878792E-04   8.5733923E-03   3.8455280E-02   2.8930233E-03  -1.2558440E-04   1.4968459E-04   3.6718920E-05  -2.1718996E-06  -4.4208589E-07   7.8754159E-06
  1.4042983E-06   2.7975596E-05  -4.1743867E-06   5.6734406E-06   2.0426639E-04   2.1670046E-03  -1.6212605E-05   6.1642784E-05  -5.1790375E-06   3.0393030E-01  -2.1028126E-01  -2.8241228E-01   1.6667218E-01  -7.9461464E-03  -1.3838097E-03   7.6158619E-03   1.0521571E-04   3.5596068E-03   2.8930233E-03   3.0750781E-02  -5.3046929E-04   5.3346454E-03  -8.1928000E-05  -3.9234421E-05  -6.0750878E-05  -5.7973026E-05
 -2.6826754E-07  -1.9501298E-05   2.2154257E-06   2.9448307E-06   1.8486391E-04  -1.3223125E-03  -2.0047217E-05  -1.9728469E-05   8.5024676E-06  -2.5626074E-01   2.1515191E-02   5.4809482E-01  -4.5278224E-01   8.3442682E-03  -2.6691937E-03  -7.8734109E-04   8.4458507E-04  -2.0227482E-03  -1.2558440E-04  -5.3046929E-04   1.0625186E-02   8.4751662E-03   4.0293112E-06   6.2822516E-05   2.3844867E-06  -1.7037907E-05
  3.0733658E-07   1.2667879E-05  -1.4129158E-06  -8.4952604E-06   3.5625634E-04   8.2413172E-04   5.2370504E-06   1.8385281E-05   1.0240516E-06  -1.9354124E-01   7.1589430E-02  -1.2766543E-02  -1.0599624E-01   5.3750513E-02   5.0991833E-03  -1.7665377E-02   6.2298329E-04  -4.5557593E-02   1.4968459E-04   5.3346454E-03   8.4751662E-03   2.6401410E-02  -4.0949982E-06   5.9772636E-05   4.2987292E-07   5.7020285E-06
  3.0850253E-10  -6.9445854E-08   1.4074622E-08   5.3966940E-10   1.1001069E-06  -3.4521572E-06   5.8949053E-07  -3.8491884E-07   6.3683673E-08   6.8403514E-03   8.8652931E-04   1.9047647E-03  -6.5192048E-04   4.7412044E-04   1.8505566E-05  -8.7889673E-06   1.9305648E-05  -3.6810789E-04   3.6718920E-05  -8.1928000E-05   4.0293112E-06  -4.0949982E-06   1.1280586E-06   3.4458646E-08   3.4527667E-07   6.0170127E-07
  1.4335731E-08   4.4755868E-07  -5.1739560E-08  -1.7436473E-07   5.6590290E-06   3.0327148E-05   8.9776277E-07   7.5909967E-07   2.2000389E-08   3.6719615E-03   1.0444183E-03  -7.7975218E-03   3.2760195E-03  -2.6574715E-04  -4.0769609E-05   9.9300255E-05  -1.1238093E-05   1.4537208E-04  -2.1718996E-06  -3.9234421E-05   6.2822516E-05   5.9772636E-05   3.4458646E-08   2.4931597E-06   5.0622172E-07   4.9753949E-07
  9.9375257E-08   3.9886212E-06  -5.9394226E-07  -2.7394383E-06   6.4031111E-05   3.0341562E-04   5.2310747E-06   1.0770868E-05  -2.8755443E-07   1.0981590E-02   6.5869836E-03   6.9832699E-04   1.5725061E-03  -3.7836751E-04  -9.9835888E-06   1.5439574E-05  -2.0037581E-05   3.9831280E-04  -4.4208589E-07  -6.0750878E-05   2.3844867E-06   4.2987292E-07   3.4527667E-07   5.0622172E-07   2.6321891E-05   1.2079383E-05
  1.9948520E-07   8.0232810E-06  -9.9843181E-07   1.2231695E-06  -1.7896947E-05   6.2818528E-04   2.7445459E-05   2.0730868E-05   4.7763896E-08   2.1323533E-02   1.2886308E-02  -3.6523324E-04   4.5200214E-03  -6.4582277E-04  -3.2665763E-05   6.3404017E-05  -5.7845720E-05   9.8466960E-04   7.8754159E-06  -5.7973026E-05  -1.7037907E-05   5.7020285E-06   6.0170127E-07   4.9753949E-07   1.2079383E-05   3.2187660E-05
