# omegabh2 omegach2 theta tau omegak logA ns acib217 acibsz143 asz143 aps100 aps143 aps143217 aps217 aksz kgal100 t1gal143 t1gal143217 t1gal217 galfEE100 galfEE100143 galfEE100217 galfEE143 galfEE143217 galfEE217 galfTE100 galfTE100143 galfTE100217 galfTE143 galfTE143217 galfTE217 calib_100T calib_217T
    0.2690760E-07   -0.1581205E-06    0.2214719E-07    0.3159748E-06   -0.2620258E-06    0.3772649E-06    0.4179156E-06   -0.1447986E-03   -0.6651455E-04   -0.7831925E-05   -0.1611764E-03   -0.6782754E-04    0.7103564E-04    0.9924735E-04   -0.5134163E-04    0.1379697E-03   -0.1213464E-03   -0.1422665E-03   -0.1572851E-03    0.1787559E-06    0.1923962E-06    0.2509444E-06    0.2250803E-06    0.2695455E-06    0.3830228E-06   -0.1907167E-05   -0.2377241E-05   -0.3116560E-05   -0.3462455E-05   -0.5510805E-05   -0.9560940E-05   -0.2592264E-07    0.6773854E-08
   -0.1581205E-06    0.2197783E-05   -0.1987070E-06   -0.4227859E-05    0.3464499E-05   -0.3077459E-05   -0.5419951E-05    0.6235865E-03    0.1407406E-03   -0.4080889E-04    0.2359908E-02    0.1509763E-02    0.6537856E-03    0.1065073E-03    0.1767402E-03   -0.3035087E-04   -0.5113831E-03   -0.1434711E-04    0.2981829E-03   -0.2275288E-05   -0.2225440E-05   -0.2634469E-05   -0.2432548E-05   -0.2543234E-05   -0.2744965E-05    0.1455286E-04    0.1355357E-04    0.1608911E-04    0.2214038E-04    0.3271937E-04    0.5612578E-04   -0.1054587E-06   -0.9231350E-07
    0.2214719E-07   -0.1987070E-06    0.9475756E-07    0.3575852E-06   -0.5024175E-06    0.3382900E-06    0.6106423E-06   -0.2839308E-04   -0.1464462E-04   -0.4122169E-05   -0.1703130E-03   -0.1046516E-03   -0.6988005E-04   -0.6381379E-04   -0.3277292E-04    0.9842036E-04    0.3636574E-05    0.1582162E-06    0.3553429E-05    0.1503831E-06    0.1723564E-06    0.2507548E-06    0.1939325E-06    0.1812801E-06    0.1760326E-06   -0.1781319E-05   -0.1679178E-05   -0.1807252E-05   -0.2669469E-05   -0.3418156E-05   -0.5322316E-05   -0.6862669E-08   -0.1041156E-08
    0.3159748E-06   -0.4227859E-05    0.3575852E-06    0.1585303E-03    0.3184707E-04    0.3052889E-03    0.1814711E-04   -0.5401831E-02   -0.1825640E-02   -0.5277111E-03   -0.9268928E-02   -0.1054938E-02    0.3883906E-02    0.6148946E-02   -0.1012950E-02   -0.5198288E-02   -0.5088621E-02   -0.7217798E-02   -0.7808394E-02    0.2057965E-05    0.5598149E-05    0.7814550E-05    0.6372804E-05    0.6296442E-05    0.2791212E-05   -0.6845131E-04   -0.9112693E-04   -0.9015745E-04   -0.1290002E-03   -0.1708446E-03   -0.2432883E-03    0.4674656E-06    0.3924124E-06
   -0.2620258E-06    0.3464499E-05   -0.5024175E-06    0.3184707E-04    0.2678881E-04    0.7219276E-04   -0.7105839E-05    0.3083201E-03   -0.3833479E-03   -0.3696905E-03    0.6400076E-02    0.4651315E-02    0.3696719E-02    0.2089095E-02    0.9948532E-04   -0.1296557E-02   -0.3634172E-02   -0.2521517E-02   -0.1784605E-02   -0.3935185E-05   -0.3244777E-05   -0.4965957E-05   -0.4645182E-05   -0.4810421E-05   -0.7709665E-05    0.1391772E-04    0.6513435E-05    0.5766626E-05    0.1708045E-04    0.2711308E-04    0.6240723E-04   -0.2723580E-06   -0.2207971E-06
    0.3772649E-06   -0.3077459E-05    0.3382900E-06    0.3052889E-03    0.7219276E-04    0.6070193E-03    0.2242466E-04   -0.1153574E-01   -0.4905978E-02   -0.1892207E-02   -0.1031169E-02    0.9476514E-02    0.1781976E-01    0.1987223E-01   -0.2673600E-02   -0.1722604E-01   -0.2743504E-01   -0.3000972E-01   -0.3015195E-01   -0.3015436E-05    0.4064959E-05    0.7484853E-05    0.4797110E-05    0.4470590E-05   -0.3413637E-05   -0.9957853E-04   -0.1448083E-03   -0.1358210E-03   -0.1970861E-03   -0.2579244E-03   -0.3567069E-03   -0.3884201E-06    0.5149235E-06
    0.4179156E-06   -0.5419951E-05    0.6106423E-06    0.1814711E-04   -0.7105839E-05    0.2242466E-04    0.2477753E-04   -0.8639033E-02   -0.3935808E-02   -0.1203761E-02   -0.7882870E-02    0.3111700E-02    0.9953389E-02    0.1122344E-01   -0.2789486E-02   -0.2181921E-02   -0.3931120E-02   -0.6149187E-02   -0.6615303E-02    0.8664127E-05    0.9431199E-05    0.1133990E-04    0.1019988E-04    0.1079271E-04    0.9942581E-05   -0.4805820E-04   -0.3299683E-04   -0.3509903E-04   -0.5062062E-04   -0.7262319E-04   -0.1357596E-03    0.3115138E-06    0.4249814E-06
   -0.1447986E-03    0.6235865E-03   -0.2839308E-04   -0.5401831E-02    0.3083201E-03   -0.1153574E-01   -0.8639033E-02    0.6355216E+02    0.2367273E+02    0.4424946E+00    0.1181472E+02   -0.2175871E+02   -0.6518725E+02   -0.8067878E+02   -0.3444445E+01   -0.3767637E+01   -0.8631049E+01   -0.1466004E+02   -0.2052899E+02   -0.2622211E-02   -0.2804451E-02   -0.4290389E-02   -0.4600070E-02   -0.5355860E-02   -0.7893349E-02    0.1027653E-01    0.1763793E-01    0.4264596E-01    0.2079094E-01    0.3513253E-01    0.2566482E-01    0.6177039E-03   -0.2786508E-02
   -0.6651455E-04    0.1407406E-03   -0.1464462E-04   -0.1825640E-02   -0.3833479E-03   -0.4905978E-02   -0.3935808E-02    0.2367273E+02    0.1766114E+02    0.2271590E+01   -0.1710758E+02   -0.2419597E+02   -0.4417718E+02   -0.2615414E+02   -0.1509064E+01   -0.3151150E+01   -0.6349511E+01   -0.1297991E+02   -0.1425999E+02   -0.1667266E-02   -0.1007812E-02   -0.1653263E-02   -0.1252263E-02   -0.2100367E-02   -0.4485426E-02    0.1674356E-01    0.1788842E-01    0.3730036E-01    0.1669874E-01    0.3719085E-01    0.7149695E-01    0.1451729E-03   -0.1062501E-03
   -0.7831925E-05   -0.4080889E-04   -0.4122169E-05   -0.5277111E-03   -0.3696905E-03   -0.1892207E-02   -0.1203761E-02    0.4424946E+00    0.2271590E+01    0.6324501E+01   -0.4293674E+02   -0.1788397E+02   -0.4563132E+01    0.2404870E+00   -0.2964715E+00   -0.3759198E+01   -0.2305728E+01    0.2230233E+01    0.3089310E+01   -0.3248236E-03   -0.1317754E-03   -0.2959755E-03    0.2331321E-03   -0.2390294E-03   -0.5453305E-03    0.7004093E-02    0.4076567E-02   -0.5389936E-02    0.4973984E-02   -0.7521689E-02   -0.2153962E-01   -0.1799921E-03    0.1244166E-03
   -0.1611764E-03    0.2359908E-02   -0.1703130E-03   -0.9268928E-02    0.6400076E-02   -0.1031169E-02   -0.7882870E-02    0.1181472E+02   -0.1710758E+02   -0.4293674E+02    0.7692607E+03    0.1760863E+03    0.6680100E+02    0.6449500E+01   -0.1085260E+02   -0.4082489E+02    0.7478164E-01   -0.1154077E+02   -0.1086448E+02    0.4080036E-02   -0.6117756E-02   -0.9082773E-02   -0.1110251E-01   -0.7774740E-02   -0.1358250E-01    0.4458610E-01    0.2092613E-01    0.1192532E+00    0.1963466E-01    0.1122350E+00    0.1866254E+00   -0.1085599E-02   -0.3209404E-02
   -0.6782754E-04    0.1509763E-02   -0.1046516E-03   -0.1054938E-02    0.4651315E-02    0.9476514E-02    0.3111700E-02   -0.2175871E+02   -0.2419597E+02   -0.1788397E+02    0.1760863E+03    0.1193563E+03    0.9219408E+02    0.4996932E+02   -0.1031575E+02    0.1112624E+01   -0.6343285E+01   -0.2217456E+01    0.1723083E+00    0.2067993E-02   -0.1104810E-02   -0.1200827E-02   -0.3486270E-02   -0.2062783E-02   -0.3482771E-02    0.1590989E-04    0.1760428E-01    0.3281962E-01    0.2769609E-01    0.6125784E-01    0.9299812E-01   -0.1778776E-03   -0.7990571E-03
    0.7103564E-04    0.6537856E-03   -0.6988005E-04    0.3883906E-02    0.3696719E-02    0.1781976E-01    0.9953389E-02   -0.6518725E+02   -0.4417718E+02   -0.4563132E+01    0.6680100E+02    0.9219408E+02    0.1478343E+03    0.1071053E+03   -0.7682461E+01   -0.2845165E+01   -0.1779302E+01    0.9764650E+01    0.1059102E+02    0.4201469E-02    0.1429151E-02    0.1967988E-02    0.1065520E-02    0.2496918E-02    0.3393321E-02   -0.3776778E-02    0.4567631E-02   -0.2477121E-01    0.1506729E-01   -0.3920055E-02   -0.5309066E-01   -0.8340843E-03    0.1575569E-02
    0.9924735E-04    0.1065073E-03   -0.6381379E-04    0.6148946E-02    0.2089095E-02    0.1987223E-01    0.1122344E-01   -0.8067878E+02   -0.2615414E+02    0.2404870E+00    0.6449500E+01    0.4996932E+02    0.1071053E+03    0.1417292E+03   -0.7339754E+01   -0.5125799E+01   -0.6749273E+01   -0.9531723E+01   -0.9302360E+01    0.3422813E-02    0.2636700E-02    0.4045499E-02    0.4447308E-02    0.4299636E-02    0.2227520E-02    0.2406653E-01    0.1892108E-01    0.8201076E-02    0.1835868E-01    0.3259964E-01    0.6861735E-01   -0.1242567E-02    0.5197960E-02
   -0.5134163E-04    0.1767402E-03   -0.3277292E-04   -0.1012950E-02    0.9948532E-04   -0.2673600E-02   -0.2789486E-02   -0.3444445E+01   -0.1509064E+01   -0.2964715E+00   -0.1085260E+02   -0.1031575E+02   -0.7682461E+01   -0.7339754E+01    0.7923944E+01   -0.8363347E+00   -0.2757684E+01   -0.3559013E+01   -0.3931633E+01   -0.1144873E-02   -0.9486677E-03   -0.5705891E-03   -0.2119282E-03    0.1447276E-04    0.2244022E-02   -0.1118492E-01   -0.3617839E-02   -0.6648293E-02    0.2158092E-02   -0.1293143E-02    0.7289829E-02   -0.1270191E-03    0.2511196E-03
    0.1379697E-03   -0.3035087E-04    0.9842036E-04   -0.5198288E-02   -0.1296557E-02   -0.1722604E-01   -0.2181921E-02   -0.3767637E+01   -0.3151150E+01   -0.3759198E+01   -0.4082489E+02    0.1112624E+01   -0.2845165E+01   -0.5125799E+01   -0.8363347E+00    0.1549579E+03    0.5387767E+02    0.5078426E+02    0.4977351E+02   -0.4917691E-03   -0.1680035E-03    0.1610969E-03    0.2936204E-02    0.3106500E-02    0.8906222E-02   -0.1492672E-01   -0.7652699E-01   -0.8941701E-01   -0.5687666E-01   -0.5334902E-01   -0.7413780E-01   -0.1314607E-01    0.5474048E-04
   -0.1213464E-03   -0.5113831E-03    0.3636574E-05   -0.5088621E-02   -0.3634172E-02   -0.2743504E-01   -0.3931120E-02   -0.8631049E+01   -0.6349511E+01   -0.2305728E+01    0.7478164E-01   -0.6343285E+01   -0.1779302E+01   -0.6749273E+01   -0.2757684E+01    0.5387767E+02    0.1082010E+03    0.1074766E+03    0.1055292E+03    0.3008486E-02    0.2627778E-02    0.1946335E-02    0.2127410E-02    0.1262201E-02    0.4484014E-02    0.1894190E-02   -0.7966510E-01   -0.1082897E+00   -0.1256799E+00   -0.1395758E+00   -0.1619196E+00    0.3732210E-02    0.3093950E-03
   -0.1422665E-03   -0.1434711E-04    0.1582162E-06   -0.7217798E-02   -0.2521517E-02   -0.3000972E-01   -0.6149187E-02   -0.1466004E+02   -0.1297991E+02    0.2230233E+01   -0.1154077E+02   -0.2217456E+01    0.9764650E+01   -0.9531723E+01   -0.3559013E+01    0.5078426E+02    0.1074766E+03    0.1452460E+03    0.1682412E+03    0.2499636E-02    0.2226027E-02    0.6686776E-03    0.2096855E-02    0.6059608E-03    0.1902271E-02    0.6803204E-02   -0.7827874E-01   -0.1253327E+00   -0.1282538E+00   -0.1617333E+00   -0.1815540E+00    0.3161037E-02   -0.4682589E-02
   -0.1572851E-03    0.2981829E-03    0.3553429E-05   -0.7808394E-02   -0.1784605E-02   -0.3015195E-01   -0.6615303E-02   -0.2052899E+02   -0.1425999E+02    0.3089310E+01   -0.1086448E+02    0.1723083E+00    0.1059102E+02   -0.9302360E+01   -0.3931633E+01    0.4977351E+02    0.1055292E+03    0.1682412E+03    0.2162087E+03    0.1936257E-02    0.2113408E-02   -0.7920185E-03    0.2339717E-02    0.7362502E-04   -0.3050389E-02    0.1903787E-01   -0.6095425E-01   -0.9702049E-01   -0.1184415E+00   -0.1331401E+00   -0.9529713E-01    0.2797110E-02   -0.9066219E-02
    0.1787559E-06   -0.2275288E-05    0.1503831E-06    0.2057965E-05   -0.3935185E-05   -0.3015436E-05    0.8664127E-05   -0.2622211E-02   -0.1667266E-02   -0.3248236E-03    0.4080036E-02    0.2067993E-02    0.4201469E-02    0.3422813E-02   -0.1144873E-02   -0.4917691E-03    0.3008486E-02    0.2499636E-02    0.1936257E-02    0.7264280E-04    0.2533573E-04    0.3305367E-04    0.1328372E-04    0.1444638E-04    0.1945629E-04   -0.1103727E-03   -0.7409166E-04   -0.7857828E-04   -0.3613831E-04   -0.5705033E-04   -0.1258062E-03    0.4719377E-06    0.1251790E-06
    0.1923962E-06   -0.2225440E-05    0.1723564E-06    0.5598149E-05   -0.3244777E-05    0.4064959E-05    0.9431199E-05   -0.2804451E-02   -0.1007812E-02   -0.1317754E-03   -0.6117756E-02   -0.1104810E-02    0.1429151E-02    0.2636700E-02   -0.9486677E-03   -0.1680035E-03    0.2627778E-02    0.2226027E-02    0.2113408E-02    0.2533573E-04    0.4248267E-04    0.4100756E-04    0.3173491E-04    0.3270261E-04    0.3203871E-04   -0.7851819E-04   -0.9814572E-04   -0.8880354E-04   -0.1279051E-03   -0.1421801E-03   -0.1944189E-03    0.5913527E-06    0.1720498E-06
    0.2509444E-06   -0.2634469E-05    0.2507548E-06    0.7814550E-05   -0.4965957E-05    0.7484853E-05    0.1133990E-04   -0.4290389E-02   -0.1653263E-02   -0.2959755E-03   -0.9082773E-02   -0.1200827E-02    0.1967988E-02    0.4045499E-02   -0.5705891E-03    0.1610969E-03    0.1946335E-02    0.6686776E-03   -0.7920185E-03    0.3305367E-04    0.4100756E-04    0.1275401E-03    0.2856393E-04    0.6505649E-04    0.1251865E-03   -0.1006479E-03   -0.1255619E-03   -0.1381779E-03   -0.1593971E-03   -0.2860225E-03   -0.5714109E-03    0.4475299E-06    0.3991621E-06
    0.2250803E-06   -0.2432548E-05    0.1939325E-06    0.6372804E-05   -0.4645182E-05    0.4797110E-05    0.1019988E-04   -0.4600070E-02   -0.1252263E-02    0.2331321E-03   -0.1110251E-01   -0.3486270E-02    0.1065520E-02    0.4447308E-02   -0.2119282E-03    0.2936204E-02    0.2127410E-02    0.2096855E-02    0.2339717E-02    0.1328372E-04    0.3173491E-04    0.2856393E-04    0.9091742E-04    0.6026905E-04    0.4738737E-04   -0.2273349E-04   -0.6996362E-04   -0.3885686E-04   -0.2086373E-03   -0.1811864E-03   -0.1701425E-03    0.1336909E-06    0.1714023E-06
    0.2695455E-06   -0.2543234E-05    0.1812801E-06    0.6296442E-05   -0.4810421E-05    0.4470590E-05    0.1079271E-04   -0.5355860E-02   -0.2100367E-02   -0.2390294E-03   -0.7774740E-02   -0.2062783E-02    0.2496918E-02    0.4299636E-02    0.1447276E-04    0.3106500E-02    0.1262201E-02    0.6059608E-03    0.7362502E-04    0.1444638E-04    0.3270261E-04    0.6505649E-04    0.6026905E-04    0.1316582E-03    0.1710127E-03   -0.2012120E-04   -0.6769140E-04   -0.8282553E-04   -0.2185005E-03   -0.2877980E-03   -0.5013953E-03    0.4443014E-07    0.3616623E-06
    0.3830228E-06   -0.2744965E-05    0.1760326E-06    0.2791212E-05   -0.7709665E-05   -0.3413637E-05    0.9942581E-05   -0.7893349E-02   -0.4485426E-02   -0.5453305E-03   -0.1358250E-01   -0.3482771E-02    0.3393321E-02    0.2227520E-02    0.2244022E-02    0.8906222E-02    0.4484014E-02    0.1902271E-02   -0.3050389E-02    0.1945629E-04    0.3203871E-04    0.1251865E-03    0.4738737E-04    0.1710127E-03    0.6752718E-03   -0.7947215E-04   -0.1253624E-03   -0.2158786E-03   -0.2401725E-03   -0.4555011E-03   -0.8053834E-03   -0.6266771E-06    0.1194584E-05
   -0.1907167E-05    0.1455286E-04   -0.1781319E-05   -0.6845131E-04    0.1391772E-04   -0.9957853E-04   -0.4805820E-04    0.1027653E-01    0.1674356E-01    0.7004093E-02    0.4458610E-01    0.1590989E-04   -0.3776778E-02    0.2406653E-01   -0.1118492E-01   -0.1492672E-01    0.1894190E-02    0.6803204E-02    0.1903787E-01   -0.1103727E-03   -0.7851819E-04   -0.1006479E-03   -0.2273349E-04   -0.2012120E-04   -0.7947215E-04    0.1267565E-01    0.8196235E-02    0.9295387E-02    0.1760922E-02    0.2228070E-02    0.3799124E-02    0.4191670E-06   -0.3370930E-06
   -0.2377241E-05    0.1355357E-04   -0.1679178E-05   -0.9112693E-04    0.6513435E-05   -0.1448083E-03   -0.3299683E-04    0.1763793E-01    0.1788842E-01    0.4076567E-02    0.2092613E-01    0.1760428E-01    0.4567631E-02    0.1892108E-01   -0.3617839E-02   -0.7652699E-01   -0.7966510E-01   -0.7827874E-01   -0.6095425E-01   -0.7409166E-04   -0.9814572E-04   -0.1255619E-03   -0.6996362E-04   -0.6769140E-04   -0.1253624E-03    0.8196235E-02    0.1208011E-01    0.1332148E-01    0.8567081E-02    0.8353388E-02    0.8105492E-02    0.3891661E-05   -0.1364013E-05
   -0.3116560E-05    0.1608911E-04   -0.1807252E-05   -0.9015745E-04    0.5766626E-05   -0.1358210E-03   -0.3509903E-04    0.4264596E-01    0.3730036E-01   -0.5389936E-02    0.1192532E+00    0.3281962E-01   -0.2477121E-01    0.8201076E-02   -0.6648293E-02   -0.8941701E-01   -0.1082897E+00   -0.1253327E+00   -0.9702049E-01   -0.7857828E-04   -0.8880354E-04   -0.1381779E-03   -0.3885686E-04   -0.8282553E-04   -0.2158786E-03    0.9295387E-02    0.1332148E-01    0.2554972E-01    0.4734114E-02    0.1190997E-01    0.2357673E-01    0.4461000E-05   -0.3995160E-05
   -0.3462455E-05    0.2214038E-04   -0.2669469E-05   -0.1290002E-03    0.1708045E-04   -0.1970861E-03   -0.5062062E-04    0.2079094E-01    0.1669874E-01    0.4973984E-02    0.1963466E-01    0.2769609E-01    0.1506729E-01    0.1835868E-01    0.2158092E-02   -0.5687666E-01   -0.1256799E+00   -0.1282538E+00   -0.1184415E+00   -0.3613831E-04   -0.1279051E-03   -0.1593971E-03   -0.2086373E-03   -0.2185005E-03   -0.2401725E-03    0.1760922E-02    0.8567081E-02    0.4734114E-02    0.2221606E-01    0.1998392E-01    0.1352165E-01   -0.5502570E-05   -0.7071105E-07
   -0.5510805E-05    0.3271937E-04   -0.3418156E-05   -0.1708446E-03    0.2711308E-04   -0.2579244E-03   -0.7262319E-04    0.3513253E-01    0.3719085E-01   -0.7521689E-02    0.1122350E+00    0.6125784E-01   -0.3920055E-02    0.3259964E-01   -0.1293143E-02   -0.5334902E-01   -0.1395758E+00   -0.1617333E+00   -0.1331401E+00   -0.5705033E-04   -0.1421801E-03   -0.2860225E-03   -0.1811864E-03   -0.2877980E-03   -0.4555011E-03    0.2228070E-02    0.8353388E-02    0.1190997E-01    0.1998392E-01    0.3007496E-01    0.4182155E-01   -0.5778733E-05   -0.2926057E-05
   -0.9560940E-05    0.5612578E-04   -0.5322316E-05   -0.2432883E-03    0.6240723E-04   -0.3567069E-03   -0.1357596E-03    0.2566482E-01    0.7149695E-01   -0.2153962E-01    0.1866254E+00    0.9299812E-01   -0.5309066E-01    0.6861735E-01    0.7289829E-02   -0.7413780E-01   -0.1619196E+00   -0.1815540E+00   -0.9529713E-01   -0.1258062E-03   -0.1944189E-03   -0.5714109E-03   -0.1701425E-03   -0.5013953E-03   -0.8053834E-03    0.3799124E-02    0.8105492E-02    0.2357673E-01    0.1352165E-01    0.4182155E-01    0.1058978E+00   -0.5247219E-05   -0.7734882E-05
   -0.2592264E-07   -0.1054587E-06   -0.6862669E-08    0.4674656E-06   -0.2723580E-06   -0.3884201E-06    0.3115138E-06    0.6177039E-03    0.1451729E-03   -0.1799921E-03   -0.1085599E-02   -0.1778776E-03   -0.8340843E-03   -0.1242567E-02   -0.1270191E-03   -0.1314607E-01    0.3732210E-02    0.3161037E-02    0.2797110E-02    0.4719377E-06    0.5913527E-06    0.4475299E-06    0.1336909E-06    0.4443014E-07   -0.6266771E-06    0.4191670E-06    0.3891661E-05    0.4461000E-05   -0.5502570E-05   -0.5778733E-05   -0.5247219E-05    0.2397404E-05    0.1656126E-07
    0.6773854E-08   -0.9231350E-07   -0.1041156E-08    0.3924124E-06   -0.2207971E-06    0.5149235E-06    0.4249814E-06   -0.2786508E-02   -0.1062501E-03    0.1244166E-03   -0.3209404E-02   -0.7990571E-03    0.1575569E-02    0.5197960E-02    0.2511196E-03    0.5474048E-04    0.3093950E-03   -0.4682589E-02   -0.9066219E-02    0.1251790E-06    0.1720498E-06    0.3991621E-06    0.1714023E-06    0.3616623E-06    0.1194584E-05   -0.3370930E-06   -0.1364013E-05   -0.3995160E-05   -0.7071105E-07   -0.2926057E-05   -0.7734882E-05    0.1656126E-07    0.1268301E-05
