# omegabh2 omegach2 theta tau mnu logA ns calPlanck acib217 xi asz143 aps100 aps143 aps143217 aps217 aksz kgal100 kgal143 kgal143217 kgal217 galfEE100 galfEE100143 galfEE100217 galfEE143 galfEE143217 galfEE217 galfTE100 galfTE100143 galfTE100217 galfTE143 galfTE143217 galfTE217 cal0 cal2
    0.2716371E-07   -0.1439761E-06    0.2516024E-07    0.2023581E-06   -0.9149708E-05    0.2199180E-06    0.3555373E-06    0.1203025E-07   -0.1273827E-03    0.1588068E-05    0.3071619E-04   -0.4213684E-03   -0.2288085E-03   -0.3184671E-04    0.8467454E-04   -0.5767188E-04    0.1071232E-04   -0.2915041E-05   -0.1278057E-04    0.1941063E-04    0.6006490E-07    0.3450742E-07   -0.2103782E-07    0.4754908E-07    0.8658379E-07   -0.2260960E-06   -0.5683134E-07   -0.3365197E-07    0.1351749E-06   -0.5836697E-07   -0.6235635E-06   -0.1638937E-05    0.7322851E-08   -0.1448213E-07
   -0.1439761E-06    0.1957811E-05   -0.2194220E-06   -0.6676288E-05    0.6793831E-04   -0.9387489E-05   -0.4644084E-05   -0.1622762E-06    0.4923055E-03   -0.1445766E-04   -0.8749220E-04    0.2354427E-02    0.1312202E-02    0.5216295E-03   -0.3775560E-04    0.1689298E-03   -0.5302584E-04   -0.7058199E-05    0.1613547E-03    0.2174187E-03   -0.5922457E-06   -0.4361780E-06    0.1025499E-06   -0.6110292E-06   -0.4965316E-06   -0.1437978E-06   -0.5002905E-06    0.2485100E-06   -0.4966917E-05    0.1083858E-05    0.2689935E-05    0.8195843E-05   -0.2678886E-07    0.8263380E-07
    0.2516024E-07   -0.2194220E-06    0.1081430E-06    0.5170221E-06   -0.1762303E-04    0.7480212E-06    0.6597801E-06    0.2650991E-07   -0.8890940E-04    0.1111947E-05    0.1913830E-04   -0.4464525E-03   -0.2209089E-03   -0.7959825E-04    0.5380311E-04   -0.3745319E-04    0.2735391E-05   -0.1369289E-05   -0.4759873E-05    0.1495233E-04    0.2384399E-07    0.3666110E-07   -0.1295151E-06    0.5441965E-07   -0.4231009E-07   -0.4919456E-07    0.2301098E-07   -0.3570223E-07    0.2086958E-05   -0.3260477E-07   -0.5674034E-06   -0.1122659E-05    0.2593643E-08   -0.1030298E-07
    0.2023581E-06   -0.6676288E-05    0.5170221E-06    0.2797430E-03    0.1593838E-02    0.5300097E-03    0.2050856E-04   -0.2485945E-05   -0.3892659E-02    0.5264582E-04    0.7881143E-03   -0.1708703E-01   -0.7449479E-02   -0.1387124E-02    0.1526859E-02   -0.1220950E-02    0.1247311E-03   -0.1813313E-03   -0.5535534E-03   -0.9370914E-03    0.2315966E-05    0.1172158E-05   -0.1795373E-05    0.3663271E-05   -0.3812958E-05    0.3666231E-04   -0.1814960E-04   -0.1422641E-04   -0.2974206E-04   -0.9531296E-05   -0.3605062E-05   -0.5045024E-04    0.1631600E-06   -0.4720409E-06
   -0.9149708E-05    0.6793831E-04   -0.1762303E-04    0.1593838E-02    0.2402923E-01    0.3264159E-02   -0.1838548E-03    0.7866372E-05    0.2255768E-01   -0.4321988E-03   -0.4597611E-02    0.1409883E+00    0.7141157E-01    0.4543715E-01    0.1472600E-01    0.6663826E-02   -0.2624983E-02   -0.2066159E-02    0.3513469E-02    0.8354891E-02    0.9950069E-06   -0.3404814E-05   -0.3112296E-04   -0.1856548E-05   -0.1056605E-03    0.3022009E-03   -0.2062172E-03   -0.1206097E-03   -0.6825638E-03   -0.9251827E-05    0.6754108E-04   -0.1097184E-03    0.2065493E-05    0.5327961E-05
    0.2199180E-06   -0.9387489E-05    0.7480212E-06    0.5300097E-03    0.3264159E-02    0.1037551E-02    0.2948304E-04    0.6892003E-05   -0.8094899E-02    0.1189442E-03    0.1112398E-02   -0.1931402E-01   -0.9926804E-02    0.1220204E-02    0.1077989E-01   -0.2752295E-02   -0.3249932E-04   -0.7987052E-03   -0.1149545E-02    0.8562535E-03    0.3607434E-05    0.1384283E-05   -0.3881949E-05    0.6475172E-05   -0.7858801E-05    0.7132955E-04   -0.3741020E-04   -0.2774048E-04   -0.5194866E-04   -0.1983716E-04    0.3293520E-06   -0.8054180E-04    0.5594621E-06   -0.9824723E-06
    0.3555373E-06   -0.4644084E-05    0.6597801E-06    0.2050856E-04   -0.1838548E-03    0.2948304E-04    0.2077639E-04    0.1895130E-06   -0.6163477E-02    0.1594454E-03    0.9373547E-03   -0.2592687E-01   -0.6934647E-02    0.2362564E-02    0.6744910E-02   -0.2355911E-02    0.4919018E-03   -0.1065621E-03   -0.6837577E-03    0.6710004E-03    0.3887184E-05    0.2106142E-05   -0.6679650E-06    0.2699803E-05   -0.6778677E-06   -0.7428080E-06    0.6687237E-05    0.1836997E-05    0.2162113E-04    0.6456272E-06   -0.5013408E-05   -0.2129061E-04   -0.1006372E-06   -0.5363211E-06
    0.1203025E-07   -0.1622762E-06    0.2650991E-07   -0.2485945E-05    0.7866372E-05    0.6892003E-05    0.1895130E-06    0.6094515E-05    0.3062086E-03    0.5112788E-05   -0.1851341E-03    0.6111125E-02    0.8451220E-03    0.3563319E-03    0.1909133E-02    0.1650030E-03    0.2835495E-04    0.3505100E-04   -0.7227542E-04    0.9115356E-03    0.6213841E-06    0.1651015E-06   -0.2809941E-06    0.5317064E-06    0.8939972E-07    0.5825171E-06    0.2772875E-06    0.2907425E-06    0.8400951E-05   -0.1127716E-05    0.2370538E-05    0.3704268E-05    0.3013137E-07   -0.4158890E-07
   -0.1273827E-03    0.4923055E-03   -0.8890940E-04   -0.3892659E-02    0.2255768E-01   -0.8094899E-02   -0.6163477E-02    0.3062086E-03    0.4924765E+02   -0.5014608E+00   -0.1119951E+01    0.3892886E+02   -0.1386678E+01   -0.2202132E+02   -0.6749944E+02    0.3242546E+00   -0.4915145E+00    0.3405652E+00   -0.2912008E+01   -0.2497083E+02   -0.2627921E-02   -0.1082865E-02   -0.1568090E-02   -0.5676571E-04   -0.1906219E-02    0.1397326E-02   -0.1240186E-02    0.2498050E-02   -0.3089160E-01    0.2766865E-02   -0.4663340E-02   -0.9144924E-02   -0.1553194E-03    0.4427587E-02
    0.1588068E-05   -0.1445766E-04    0.1111947E-05    0.5264582E-04   -0.4321988E-03    0.1189442E-03    0.1594454E-03    0.5112788E-05   -0.5014608E+00    0.8241012E-01   -0.7782866E-01   -0.2933770E+00    0.1028136E+01    0.1819812E+01    0.7729261E+00    0.5828863E-01   -0.9965346E-03    0.1823591E-01    0.1095944E+00    0.1438061E+00    0.2717271E-04    0.2075092E-06    0.6476052E-04    0.3633187E-04   -0.3485521E-04    0.2525418E-03    0.2152154E-03    0.2014564E-03    0.7245257E-03   -0.1746736E-03    0.1541648E-03    0.1339331E-03    0.5201334E-05   -0.1398954E-04
    0.3071619E-04   -0.8749220E-04    0.1913830E-04    0.7881143E-03   -0.4597611E-02    0.1112398E-02    0.9373547E-03   -0.1851341E-03   -0.1119951E+01   -0.7782866E-01    0.3646320E+01   -0.2807708E+02   -0.3524488E+01    0.7275320E+01    0.6061684E+01   -0.2634866E+01   -0.2381197E+00   -0.9989081E-02    0.2424485E+01    0.2091793E+01    0.1659032E-03    0.4994732E-05    0.6570873E-03    0.3816172E-04   -0.6496739E-03    0.2727013E-02   -0.3506716E-02    0.1809629E-03    0.1339704E-02    0.2066178E-02    0.1199042E-02   -0.4265142E-02    0.1981296E-03   -0.2415664E-03
   -0.4213684E-03    0.2354427E-02   -0.4464525E-03   -0.1708703E-01    0.1409883E+00   -0.1931402E-01   -0.2592687E-01    0.6111125E-02    0.3892886E+02   -0.2933770E+00   -0.2807708E+02    0.7374622E+03    0.7235814E+02   -0.4869452E+02   -0.6223320E+02    0.1065599E+02    0.4038163E+00    0.1158880E+01   -0.1179699E+02   -0.1754831E+02   -0.8910818E-03   -0.4919023E-03   -0.6610120E-02    0.4836655E-03    0.2535099E-02   -0.4177831E-01    0.6695022E-01   -0.2700426E-02    0.9704441E-02   -0.2171091E-01    0.5562520E-02    0.3829994E-01    0.4589628E-02    0.3672513E-02
   -0.2288085E-03    0.1312202E-02   -0.2209089E-03   -0.7449479E-02    0.7141157E-01   -0.9926804E-02   -0.6934647E-02    0.8451220E-03   -0.1386678E+01    0.1028136E+01   -0.3524488E+01    0.7235814E+02    0.5928752E+02    0.4402596E+02    0.1974689E+02   -0.5351428E+01   -0.4376612E+00   -0.8996685E+00    0.4516790E+01    0.5570760E+01   -0.2210602E-02   -0.7640786E-03   -0.1012332E-02   -0.2100956E-03    0.1177167E-02    0.3080952E-02    0.1235555E-01    0.7754318E-02    0.4927279E-02   -0.1018479E-01    0.1078777E-01    0.4276781E-01    0.2906454E-03    0.5270578E-04
   -0.3184671E-04    0.5216295E-03   -0.7959825E-04   -0.1387124E-02    0.4543715E-01    0.1220204E-02    0.2362564E-02    0.3563319E-03   -0.2202132E+02    0.1819812E+01    0.7275320E+01   -0.4869452E+02    0.4402596E+02    0.9368048E+02    0.6661670E+02   -0.1223128E+02   -0.7926668E+00   -0.4449931E+00    0.5408842E+01    0.8193162E+01    0.1454669E-04   -0.2628635E-03    0.1800504E-02    0.7303160E-03   -0.1540524E-02    0.1574721E-01   -0.4375148E-02    0.4780550E-02    0.3461453E-01   -0.3780719E-02    0.1152595E-01    0.2893102E-01    0.7990036E-03   -0.2319982E-02
    0.8467454E-04   -0.3775560E-04    0.5380311E-04    0.1526859E-02    0.1472600E-01    0.1077989E-01    0.6744910E-02    0.1909133E-02   -0.6749944E+02    0.7729261E+00    0.6061684E+01   -0.6223320E+02    0.1974689E+02    0.6661670E+02    0.1279431E+03   -0.1027130E+02   -0.1028100E+00   -0.9187202E+00    0.8700744E+00    0.2305185E+02    0.3087861E-02    0.1361892E-02    0.1423357E-02    0.4228621E-04    0.2059618E-02    0.1430627E-02   -0.5044026E-02   -0.1699459E-02    0.4663854E-01   -0.5477538E-02    0.1498683E-01    0.2978753E-01    0.7011325E-03   -0.7662103E-02
   -0.5767188E-04    0.1689298E-03   -0.3745319E-04   -0.1220950E-02    0.6663826E-02   -0.2752295E-02   -0.2355911E-02    0.1650030E-03    0.3242546E+00    0.5828863E-01   -0.2634866E+01    0.1065599E+02   -0.5351428E+01   -0.1223128E+02   -0.1027130E+02    0.6049351E+01    0.1385831E+00   -0.2211875E-02   -0.2388024E+01   -0.2216167E+01   -0.4868188E-03   -0.2345755E-03    0.2496408E-03   -0.2831450E-03    0.2965824E-03   -0.3135143E-03    0.2238081E-04   -0.8254518E-03   -0.1771326E-02   -0.4025816E-03   -0.2304112E-02    0.1254649E-02   -0.1941129E-03    0.8197797E-04
    0.1071232E-04   -0.5302584E-04    0.2735391E-05    0.1247311E-03   -0.2624983E-02   -0.3249932E-04    0.4919018E-03    0.2835495E-04   -0.4915145E+00   -0.9965346E-03   -0.2381197E+00    0.4038163E+00   -0.4376612E+00   -0.7926668E+00   -0.1028100E+00    0.1385831E+00    0.3186879E+01    0.6918339E+00    0.4180693E+00    0.1180883E+01    0.5219620E-03    0.1451561E-03   -0.6842514E-04    0.1752020E-03    0.3118719E-04   -0.3528451E-03   -0.4996621E-02    0.4099142E-03   -0.4583593E-02    0.3018981E-02   -0.4219968E-03   -0.1694261E-02    0.4550703E-03    0.8531518E-04
   -0.2915041E-05   -0.7058199E-05   -0.1369289E-05   -0.1813313E-03   -0.2066159E-02   -0.7987052E-03   -0.1065621E-03    0.3505100E-04    0.3405652E+00    0.1823591E-01   -0.9989081E-02    0.1158880E+01   -0.8996685E+00   -0.4449931E+00   -0.9187202E+00   -0.2211875E-02    0.6918339E+00    0.3077146E+01    0.2415806E+01    0.1450201E+01    0.6448382E-03   -0.3948162E-04   -0.5872626E-04    0.1515258E-03   -0.4101142E-03    0.1707375E-02    0.3647070E-02   -0.3371698E-03   -0.8021127E-03    0.3721023E-03   -0.1613094E-04    0.8177590E-03   -0.3977395E-03   -0.1632238E-03
   -0.1278057E-04    0.1613547E-03   -0.4759873E-05   -0.5535534E-03    0.3513469E-02   -0.1149545E-02   -0.6837577E-03   -0.7227542E-04   -0.2912008E+01    0.1095944E+00    0.2424485E+01   -0.1179699E+02    0.4516790E+01    0.5408842E+01    0.8700744E+00   -0.2388024E+01    0.4180693E+00    0.2415806E+01    0.1830481E+02    0.2822907E+02    0.5497811E-03   -0.1203694E-03    0.7750415E-03   -0.3576518E-03   -0.6075679E-04    0.4269835E-02    0.1021167E-01    0.3838266E-02   -0.1536868E-03    0.4689285E-03    0.5550024E-02    0.9496000E-03    0.6405850E-05    0.2702761E-02
    0.1941063E-04    0.2174187E-03    0.1495233E-04   -0.9370914E-03    0.8354891E-02    0.8562535E-03    0.6710004E-03    0.9115356E-03   -0.2497083E+02    0.1438061E+00    0.2091793E+01   -0.1754831E+02    0.5570760E+01    0.8193162E+01    0.2305185E+02   -0.2216167E+01    0.1180883E+01    0.1450201E+01    0.2822907E+02    0.6376054E+02    0.1066483E-02    0.2816449E-03    0.1380870E-02   -0.8154985E-03    0.4376287E-03    0.5871143E-02    0.1714855E-01    0.3785272E-02    0.1496641E-01   -0.9339309E-03    0.7546880E-02    0.1234176E-01    0.1161932E-03    0.4726840E-02
    0.6006490E-07   -0.5922457E-06    0.2384399E-07    0.2315966E-05    0.9950069E-06    0.3607434E-05    0.3887184E-05    0.6213841E-06   -0.2627921E-02    0.2717271E-04    0.1659032E-03   -0.8910818E-03   -0.2210602E-02    0.1454669E-04    0.3087861E-02   -0.4868188E-03    0.5219620E-03    0.6448382E-03    0.5497811E-03    0.1066483E-02    0.1226434E-03    0.1003611E-04   -0.5326965E-06    0.1984887E-05   -0.3006984E-06    0.1026949E-04   -0.1662879E-04   -0.2620748E-05   -0.2102165E-04    0.8960883E-05    0.3719812E-05   -0.3120486E-05    0.1938932E-07   -0.4832149E-06
    0.3450742E-07   -0.4361780E-06    0.3666110E-07    0.1172158E-05   -0.3404814E-05    0.1384283E-05    0.2106142E-05    0.1651015E-06   -0.1082865E-02    0.2075092E-06    0.4994732E-05   -0.4919023E-03   -0.7640786E-03   -0.2628635E-03    0.1361892E-02   -0.2345755E-03    0.1451561E-03   -0.3948162E-04   -0.1203694E-03    0.2816449E-03    0.1003611E-04    0.1411017E-04    0.1842859E-06    0.6771976E-05    0.2114924E-06    0.1988124E-05    0.8970246E-06    0.7994872E-06    0.3588124E-05    0.3996781E-05    0.5142479E-05   -0.3777916E-05    0.3937505E-07   -0.1189644E-06
   -0.2103782E-07    0.1025499E-06   -0.1295151E-06   -0.1795373E-05   -0.3112296E-04   -0.3881949E-05   -0.6679650E-06   -0.2809941E-06   -0.1568090E-02    0.6476052E-04    0.6570873E-03   -0.6610120E-02   -0.1012332E-02    0.1800504E-02    0.1423357E-02    0.2496408E-03   -0.6842514E-04   -0.5872626E-04    0.7750415E-03    0.1380870E-02   -0.5326965E-06    0.1842859E-06    0.2266591E-03   -0.1795751E-05    0.3325605E-05   -0.7258618E-05   -0.2061292E-04   -0.1418016E-04   -0.1450115E-06   -0.3555780E-05    0.3607235E-05    0.3114982E-04    0.1987858E-06    0.1285866E-06
    0.4754908E-07   -0.6110292E-06    0.5441965E-07    0.3663271E-05   -0.1856548E-05    0.6475172E-05    0.2699803E-05    0.5317064E-06   -0.5676571E-04    0.3633187E-04    0.3816172E-04    0.4836655E-03   -0.2100956E-03    0.7303160E-03    0.4228621E-04   -0.2831450E-03    0.1752020E-03    0.1515258E-03   -0.3576518E-03   -0.8154985E-03    0.1984887E-05    0.6771976E-05   -0.1795751E-05    0.3134616E-04   -0.1328711E-05   -0.3317982E-05   -0.3636382E-05   -0.2479288E-05   -0.8543573E-05   -0.1183976E-05    0.4216503E-05    0.8990544E-05   -0.3281263E-07   -0.2373862E-06
    0.8658379E-07   -0.4965316E-06   -0.4231009E-07   -0.3812958E-05   -0.1056605E-03   -0.7858801E-05   -0.6778677E-06    0.8939972E-07   -0.1906219E-02   -0.3485521E-04   -0.6496739E-03    0.2535099E-02    0.1177167E-02   -0.1540524E-02    0.2059618E-02    0.2965824E-03    0.3118719E-04   -0.4101142E-03   -0.6075679E-04    0.4376287E-03   -0.3006984E-06    0.2114924E-06    0.3325605E-05   -0.1328711E-05    0.3986322E-03    0.9320852E-05   -0.2473244E-05   -0.2142065E-04   -0.9128026E-04   -0.1732254E-04    0.1766908E-04    0.5318250E-04   -0.5131261E-07   -0.3982589E-06
   -0.2260960E-06   -0.1437978E-06   -0.4919456E-07    0.3666231E-04    0.3022009E-03    0.7132955E-04   -0.7428080E-06    0.5825171E-06    0.1397326E-02    0.2525418E-03    0.2727013E-02   -0.4177831E-01    0.3080952E-02    0.1574721E-01    0.1430627E-02   -0.3135143E-03   -0.3528451E-03    0.1707375E-02    0.4269835E-02    0.5871143E-02    0.1026949E-04    0.1988124E-05   -0.7258618E-05   -0.3317982E-05    0.9320852E-05    0.3530856E-02   -0.3709600E-04   -0.1340866E-04   -0.4251990E-04   -0.2642798E-04   -0.5767375E-04   -0.9112178E-04   -0.1095520E-05   -0.3295104E-06
   -0.5683134E-07   -0.5002905E-06    0.2301098E-07   -0.1814960E-04   -0.2062172E-03   -0.3741020E-04    0.6687237E-05    0.2772875E-06   -0.1240186E-02    0.2152154E-03   -0.3506716E-02    0.6695022E-01    0.1235555E-01   -0.4375148E-02   -0.5044026E-02    0.2238081E-04   -0.4996621E-02    0.3647070E-02    0.1021167E-01    0.1714855E-01   -0.1662879E-04    0.8970246E-06   -0.2061292E-04   -0.3636382E-05   -0.2473244E-05   -0.3709600E-04    0.5909088E-02    0.1860577E-02    0.1993485E-02   -0.7241468E-03   -0.1045348E-03   -0.4483436E-03    0.1272563E-05    0.1514705E-05
   -0.3365197E-07    0.2485100E-06   -0.3570223E-07   -0.1422641E-04   -0.1206097E-03   -0.2774048E-04    0.1836997E-05    0.2907425E-06    0.2498050E-02    0.2014564E-03    0.1809629E-03   -0.2700426E-02    0.7754318E-02    0.4780550E-02   -0.1699459E-02   -0.8254518E-03    0.4099142E-03   -0.3371698E-03    0.3838266E-02    0.3785272E-02   -0.2620748E-05    0.7994872E-06   -0.1418016E-04   -0.2479288E-05   -0.2142065E-04   -0.1340866E-04    0.1860577E-02    0.1245059E-02    0.8686930E-03    0.2117244E-03    0.1496485E-04   -0.3682109E-03   -0.1298077E-06    0.6928666E-06
    0.1351749E-06   -0.4966917E-05    0.2086958E-05   -0.2974206E-04   -0.6825638E-03   -0.5194866E-04    0.2162113E-04    0.8400951E-05   -0.3089160E-01    0.7245257E-03    0.1339704E-02    0.9704441E-02    0.4927279E-02    0.3461453E-01    0.4663854E-01   -0.1771326E-02   -0.4583593E-02   -0.8021127E-03   -0.1536868E-03    0.1496641E-01   -0.2102165E-04    0.3588124E-05   -0.1450115E-06   -0.8543573E-05   -0.9128026E-04   -0.4251990E-04    0.1993485E-02    0.8686930E-03    0.3299775E-01   -0.6802169E-03    0.1707932E-02    0.1071555E-01   -0.3179093E-05   -0.3040603E-05
   -0.5836697E-07    0.1083858E-05   -0.3260477E-07   -0.9531296E-05   -0.9251827E-05   -0.1983716E-04    0.6456272E-06   -0.1127716E-05    0.2766865E-02   -0.1746736E-03    0.2066178E-02   -0.2171091E-01   -0.1018479E-01   -0.3780719E-02   -0.5477538E-02   -0.4025816E-03    0.3018981E-02    0.3721023E-03    0.4689285E-03   -0.9339309E-03    0.8960883E-05    0.3996781E-05   -0.3555780E-05   -0.1183976E-05   -0.1732254E-04   -0.2642798E-04   -0.7241468E-03    0.2117244E-03   -0.6802169E-03    0.1431966E-02    0.1932151E-03   -0.3426165E-03    0.4002638E-06   -0.1442210E-06
   -0.6235635E-06    0.2689935E-05   -0.5674034E-06   -0.3605062E-05    0.6754108E-04    0.3293520E-06   -0.5013408E-05    0.2370538E-05   -0.4663340E-02    0.1541648E-03    0.1199042E-02    0.5562520E-02    0.1078777E-01    0.1152595E-01    0.1498683E-01   -0.2304112E-02   -0.4219968E-03   -0.1613094E-04    0.5550024E-02    0.7546880E-02    0.3719812E-05    0.5142479E-05    0.3607235E-05    0.4216503E-05    0.1766908E-04   -0.5767375E-04   -0.1045348E-03    0.1496485E-04    0.1707932E-02    0.1932151E-03    0.5227315E-02    0.4328252E-02   -0.1880478E-06    0.5204436E-07
   -0.1638937E-05    0.8195843E-05   -0.1122659E-05   -0.5045024E-04   -0.1097184E-03   -0.8054180E-04   -0.2129061E-04    0.3704268E-05   -0.9144924E-02    0.1339331E-03   -0.4265142E-02    0.3829994E-01    0.4276781E-01    0.2893102E-01    0.2978753E-01    0.1254649E-02   -0.1694261E-02    0.8177590E-03    0.9496000E-03    0.1234176E-01   -0.3120486E-05   -0.3777916E-05    0.3114982E-04    0.8990544E-05    0.5318250E-04   -0.9112178E-04   -0.4483436E-03   -0.3682109E-03    0.1071555E-01   -0.3426165E-03    0.4328252E-02    0.3483641E-01   -0.1292617E-05   -0.6897543E-06
    0.7322851E-08   -0.2678886E-07    0.2593643E-08    0.1631600E-06    0.2065493E-05    0.5594621E-06   -0.1006372E-06    0.3013137E-07   -0.1553194E-03    0.5201334E-05    0.1981296E-03    0.4589628E-02    0.2906454E-03    0.7990036E-03    0.7011325E-03   -0.1941129E-03    0.4550703E-03   -0.3977395E-03    0.6405850E-05    0.1161932E-03    0.1938932E-07    0.3937505E-07    0.1987858E-06   -0.3281263E-07   -0.5131261E-07   -0.1095520E-05    0.1272563E-05   -0.1298077E-06   -0.3179093E-05    0.4002638E-06   -0.1880478E-06   -0.1292617E-05    0.5213301E-06    0.4749237E-07
   -0.1448213E-07    0.8263380E-07   -0.1030298E-07   -0.4720409E-06    0.5327961E-05   -0.9824723E-06   -0.5363211E-06   -0.4158890E-07    0.4427587E-02   -0.1398954E-04   -0.2415664E-03    0.3672513E-02    0.5270578E-04   -0.2319982E-02   -0.7662103E-02    0.8197797E-04    0.8531518E-04   -0.1632238E-03    0.2702761E-02    0.4726840E-02   -0.4832149E-06   -0.1189644E-06    0.1285866E-06   -0.2373862E-06   -0.3982589E-06   -0.3295104E-06    0.1514705E-05    0.6928666E-06   -0.3040603E-05   -0.1442210E-06    0.5204436E-07   -0.6897543E-06    0.4749237E-07    0.2107114E-05
