# omegabh2 omegach2 theta tau omegak ns logA aps100 aps143 aps217 acib143 acib217 asz143 psr cibr ncib cal0 cal2 xi aksz bm_1_1 bm_1_2 bm_1_3 bm_1_4 bm_1_5 bm_2_1 bm_2_2 bm_2_3 bm_2_4 bm_2_5 bm_3_1 bm_3_2 bm_3_3 bm_3_4 bm_3_5 bm_4_1 bm_4_2 bm_4_3 bm_4_4 bm_4_5
    0.88558E-07   -0.46174E-06    0.87426E-07    0.10236E-05   -0.53041E-06    0.13853E-05    0.11705E-05   -0.18735E-02   -0.61679E-03   -0.58815E-04   -0.19768E-03   -0.29019E-03    0.31729E-04    0.49098E-07   -0.62847E-05   -0.30911E-05    0.36892E-08   -0.76527E-08    0.19935E-05   -0.61349E-04   -0.17227E-04   -0.73927E-05   -0.22697E-05    0.24181E-07    0.34398E-05    0.12728E-05    0.49220E-06    0.10799E-04   -0.25293E-05    0.20826E-07    0.67591E-06   -0.60803E-05   -0.45218E-05    0.93096E-05   -0.91445E-07   -0.10726E-05    0.68321E-05    0.10338E-05   -0.98417E-05   -0.18514E-05
   -0.46174E-06    0.71298E-05   -0.79012E-06   -0.92682E-05    0.67559E-05   -0.16762E-04   -0.18291E-05    0.87115E-02    0.45721E-02    0.25811E-02    0.30558E-03    0.48528E-03   -0.10547E-03   -0.32928E-05    0.15862E-04    0.27960E-05   -0.11786E-07    0.55982E-07    0.13490E-04    0.81809E-04    0.17591E-03   -0.15663E-04   -0.39287E-04    0.35616E-04   -0.32948E-04    0.24279E-04    0.59033E-04   -0.57827E-04    0.25913E-04    0.23952E-05   -0.35914E-04   -0.38131E-05   -0.21186E-04   -0.23082E-04   -0.84930E-05    0.72760E-05   -0.33863E-04    0.63928E-04    0.19607E-04    0.51995E-04
    0.87426E-07   -0.79012E-06    0.40161E-06    0.11952E-05   -0.97070E-06    0.23613E-05    0.89274E-06   -0.79423E-03   -0.65668E-03   -0.21287E-03    0.53096E-05   -0.96219E-04    0.33760E-04    0.14160E-05   -0.52469E-05   -0.83098E-06    0.26967E-08   -0.29971E-07   -0.21436E-05   -0.62855E-04   -0.21141E-04   -0.30295E-05   -0.60467E-05   -0.42938E-05   -0.40617E-05    0.43307E-06   -0.17338E-05    0.76035E-05   -0.71612E-05   -0.18167E-05    0.87259E-05   -0.19298E-05   -0.12766E-04    0.11026E-04    0.29555E-05    0.41991E-05    0.82086E-05   -0.39961E-05   -0.55854E-05   -0.12021E-04
    0.10236E-05   -0.92682E-05    0.11952E-05    0.16757E-03   -0.80494E-05    0.36069E-04    0.31364E-03   -0.66661E-01   -0.80895E-02    0.79296E-02   -0.71759E-02   -0.86662E-02    0.10734E-03    0.35133E-04   -0.21498E-03   -0.41810E-04    0.97620E-08   -0.15606E-06    0.15601E-04   -0.22732E-02   -0.27802E-03    0.20233E-03   -0.63815E-04    0.18195E-03    0.25482E-03   -0.50114E-04    0.17824E-03    0.25413E-05    0.22270E-04   -0.54499E-05   -0.15472E-03   -0.14777E-04   -0.11563E-04    0.18615E-03    0.29838E-03   -0.16946E-03    0.45076E-04    0.36693E-06    0.11493E-03   -0.11626E-04
   -0.53041E-06    0.67559E-05   -0.97070E-06   -0.80494E-05    0.11249E-04   -0.16390E-04   -0.82114E-06    0.10477E-01    0.54103E-02    0.30199E-02    0.39412E-03    0.61300E-03   -0.20345E-03   -0.29383E-05    0.25022E-04    0.93537E-05   -0.35738E-07    0.84552E-07    0.16263E-04    0.22935E-03    0.18448E-03   -0.22886E-04    0.12087E-04    0.87651E-04   -0.23363E-04    0.28316E-04    0.82425E-05   -0.12600E-03    0.59452E-04   -0.27462E-04   -0.60847E-04    0.99145E-05    0.18435E-04   -0.38227E-04    0.27937E-04    0.51892E-05   -0.60011E-04   -0.87384E-05    0.81994E-04    0.82475E-04
    0.13853E-05   -0.16762E-04    0.23613E-05    0.36069E-04   -0.16390E-04    0.61861E-04    0.32655E-04   -0.78369E-01   -0.80694E-02    0.86652E-02   -0.86452E-02   -0.99251E-02   -0.71519E-03    0.67199E-04   -0.38376E-03    0.16770E-04    0.21670E-07   -0.40244E-06    0.46525E-04   -0.32172E-02   -0.22178E-03   -0.26753E-04    0.68636E-04   -0.17394E-03    0.11545E-03    0.19724E-03    0.83043E-04    0.75758E-05   -0.51986E-04   -0.93433E-04    0.28791E-04   -0.78912E-04   -0.34538E-05   -0.14146E-04    0.90428E-04    0.13661E-03    0.13514E-03   -0.83891E-04    0.55989E-04   -0.19592E-03
    0.11705E-05   -0.18291E-05    0.89274E-06    0.31364E-03   -0.82114E-06    0.32655E-04    0.63161E-03   -0.13970E+00    0.23892E-02    0.32168E-01   -0.18589E-01   -0.20467E-01   -0.11556E-02    0.10158E-03   -0.60453E-03   -0.40407E-04    0.90972E-07   -0.21177E-07    0.11224E-03   -0.58617E-02    0.50932E-03    0.59097E-03   -0.26888E-03    0.43824E-03    0.36768E-03    0.27483E-03    0.64132E-03   -0.13205E-03    0.11934E-03    0.17954E-04   -0.45639E-03    0.53709E-06   -0.18237E-03    0.26857E-03    0.46791E-03   -0.14201E-03    0.11217E-03    0.29467E-03    0.30302E-03    0.13935E-03
   -0.18735E-02    0.87115E-02   -0.79423E-03   -0.66661E-01    0.10477E-01   -0.78369E-01   -0.13970E+00    0.27500E+04    0.31452E+02   -0.17285E+03    0.12290E+03    0.11183E+03   -0.75880E+02   -0.12087E+01    0.44769E+00    0.12590E+01    0.55482E-03   -0.32681E-03   -0.54833E+00   -0.16990E+02    0.93618E+01   -0.94620E+01   -0.12330E+01   -0.10423E+00   -0.10818E+01   -0.42893E+00   -0.54365E+01   -0.34508E+00   -0.77850E+00   -0.18193E+00    0.22801E+01   -0.85917E-01    0.24788E+00   -0.72064E+00   -0.45351E+01    0.19492E+01   -0.19218E+01   -0.27417E+01   -0.87797E+00    0.25267E+01
   -0.61679E-03    0.45721E-02   -0.65668E-03   -0.80895E-02    0.54103E-02   -0.80694E-02    0.23892E-02    0.31452E+02    0.18822E+03    0.61788E+02   -0.35327E+02   -0.12561E+02   -0.71038E+01   -0.24120E+00   -0.22767E+00   -0.17002E+00    0.23787E-03    0.32100E-02    0.12120E+01   -0.12989E+02    0.12566E+01    0.60910E+00    0.86639E-01   -0.28504E-01   -0.36747E+00   -0.16521E+01   -0.64606E+00   -0.46538E+00   -0.13434E-02   -0.81521E-01    0.97376E+00   -0.71333E-01    0.44413E+00   -0.20370E+00    0.91854E-01   -0.41425E+00   -0.75799E+00   -0.13336E+00    0.45867E+00   -0.14451E+00
   -0.58815E-04    0.25811E-02   -0.21287E-03    0.79296E-02    0.30199E-02    0.86652E-02    0.32168E-01   -0.17285E+03    0.61788E+02    0.21240E+03   -0.35396E+02   -0.73846E+02    0.57290E+01   -0.60603E-02   -0.89932E+00   -0.10567E+01    0.13799E-03   -0.44553E-02    0.36758E+00   -0.10703E+02    0.14979E+01    0.12135E+01   -0.11032E+00   -0.63980E-01    0.83771E-01    0.95093E+00    0.53183E+00   -0.57974E+00   -0.10348E+00    0.38775E+00   -0.12392E+01    0.64339E+00   -0.24439E+00    0.54229E+00    0.71325E+00   -0.35399E-01   -0.28019E-01    0.43556E+00    0.52969E+00   -0.40475E+00
   -0.19768E-03    0.30558E-03    0.53096E-05   -0.71759E-02    0.39412E-03   -0.86452E-02   -0.18589E-01    0.12290E+03   -0.35327E+02   -0.35396E+02    0.26517E+02    0.18258E+02   -0.27778E+01    0.32802E-02    0.24912E+00    0.21317E+00   -0.11052E-03   -0.10790E-02    0.28309E-01   -0.94855E+00   -0.99610E+00   -0.60362E+00   -0.86477E-01    0.50683E-01    0.38091E-01    0.76625E+00    0.92700E-01    0.15426E+00    0.39644E-01    0.10762E+00   -0.19365E+00   -0.31142E-01   -0.15203E+00    0.31877E-01   -0.67071E-01    0.42270E+00    0.19815E+00   -0.37369E-01   -0.23917E+00    0.25470E+00
   -0.29019E-03    0.48528E-03   -0.96219E-04   -0.86662E-02    0.61300E-03   -0.99251E-02   -0.20467E-01    0.11183E+03   -0.12561E+02   -0.73846E+02    0.18258E+02    0.34695E+02   -0.27269E+01    0.56130E-01    0.38784E+00    0.53001E+00   -0.71364E-04    0.18214E-02   -0.19880E+00   -0.12637E+01   -0.61701E+00   -0.51549E+00    0.58225E-01    0.14861E-01   -0.37842E-01   -0.37574E+00   -0.23985E+00    0.16454E+00    0.12316E+00   -0.14677E+00    0.42574E+00   -0.44088E+00    0.12226E+00   -0.29304E+00   -0.32078E+00    0.10318E-03   -0.11506E+00   -0.19036E+00   -0.20185E+00    0.29760E+00
    0.31729E-04   -0.10547E-03    0.33760E-04    0.10734E-03   -0.20345E-03   -0.71519E-03   -0.11556E-02   -0.75880E+02   -0.71038E+01    0.57290E+01   -0.27778E+01   -0.27269E+01    0.79304E+01    0.48559E-01    0.26990E+00   -0.15072E+00    0.58821E-05   -0.67183E-04   -0.31778E-01   -0.76981E-01    0.12972E+00    0.11123E+00    0.11065E+00    0.49037E-01    0.29108E-01   -0.83982E-01    0.44043E-02    0.17307E-01   -0.79061E-01   -0.28225E-01   -0.31031E-01   -0.24379E-02    0.43749E-01    0.50377E-01    0.77255E-01   -0.90486E-01    0.57012E-02    0.23752E-02   -0.28520E-01   -0.57253E-01
    0.49098E-07   -0.32928E-05    0.14160E-05    0.35133E-04   -0.29383E-05    0.67199E-04    0.10158E-03   -0.12087E+01   -0.24120E+00   -0.60603E-02    0.32802E-02    0.56130E-01    0.48559E-01    0.82137E-02   -0.70259E-02    0.78486E-02    0.64692E-06   -0.26834E-04    0.32520E-02   -0.17140E-01    0.96657E-02    0.57937E-02    0.17650E-02   -0.13059E-02   -0.84029E-03    0.59972E-02   -0.45645E-03    0.47185E-03   -0.85635E-03   -0.70864E-03   -0.12262E-01    0.85724E-03   -0.10387E-03   -0.14131E-02    0.12064E-02   -0.37227E-02    0.73220E-03   -0.38069E-02   -0.42684E-02    0.32060E-03
   -0.62847E-05    0.15862E-04   -0.52469E-05   -0.21498E-03    0.25022E-04   -0.38376E-03   -0.60453E-03    0.44769E+00   -0.22767E+00   -0.89932E+00    0.24912E+00    0.38784E+00    0.26990E+00   -0.70259E-02    0.44500E-01   -0.13311E-01   -0.29162E-05    0.86409E-04    0.35381E-03   -0.21508E-01   -0.22314E-01   -0.97746E-02    0.53851E-02    0.38405E-02    0.38978E-02   -0.22936E-01   -0.95599E-02    0.85037E-02   -0.43621E-02   -0.25314E-02    0.30048E-01   -0.97416E-03    0.98953E-02    0.40395E-02    0.28358E-02    0.75839E-03    0.29976E-02   -0.10409E-02    0.18614E-02   -0.21041E-02
   -0.30911E-05    0.27960E-05   -0.83098E-06   -0.41810E-04    0.93537E-05    0.16770E-04   -0.40407E-04    0.12590E+01   -0.17002E+00   -0.10567E+01    0.21317E+00    0.53001E+00   -0.15072E+00    0.78486E-02   -0.13311E-01    0.22328E-01    0.33429E-06   -0.19483E-04   -0.25376E-02   -0.75858E-02    0.82675E-02   -0.62700E-02   -0.29028E-02   -0.59715E-02   -0.29494E-02    0.43812E-02    0.30537E-02   -0.63939E-02    0.11376E-01   -0.90394E-02   -0.16536E-01   -0.16514E-01    0.66536E-03   -0.13732E-01   -0.96735E-02   -0.72514E-02   -0.46066E-02   -0.23713E-02    0.35707E-02    0.14508E-01
    0.36892E-08   -0.11786E-07    0.26967E-08    0.97620E-08   -0.35738E-07    0.21670E-07    0.90972E-07    0.55482E-03    0.23787E-03    0.13799E-03   -0.11052E-03   -0.71364E-04    0.58821E-05    0.64692E-06   -0.29162E-05    0.33429E-06    0.15454E-06   -0.80245E-09   -0.60765E-06   -0.12210E-04   -0.21673E-04   -0.10305E-04    0.28351E-05    0.78049E-05   -0.89362E-05    0.52318E-05   -0.47741E-06    0.33204E-05   -0.75790E-06    0.36431E-05    0.12160E-04   -0.30296E-05   -0.13230E-04    0.59153E-05    0.10580E-05    0.11935E-04    0.24038E-05   -0.28838E-06   -0.79448E-05   -0.41078E-05
   -0.76527E-08    0.55982E-07   -0.29971E-07   -0.15606E-06    0.84552E-07   -0.40244E-06   -0.21177E-07   -0.32681E-03    0.32100E-02   -0.44553E-02   -0.10790E-02    0.18214E-02   -0.67183E-04   -0.26834E-04    0.86409E-04   -0.19483E-04   -0.80245E-09    0.17191E-05   -0.59520E-05    0.11982E-04    0.92620E-04    0.14412E-04    0.73455E-05   -0.41847E-04    0.12806E-04    0.22054E-03   -0.14464E-04    0.43338E-04    0.16037E-04    0.16409E-04   -0.22511E-03   -0.50446E-04   -0.43036E-04    0.16563E-04   -0.42903E-04    0.40207E-05    0.48440E-04   -0.32749E-04   -0.76703E-04    0.24215E-04
    0.19935E-05    0.13490E-04   -0.21436E-05    0.15601E-04    0.16263E-04    0.46525E-04    0.11224E-03   -0.54833E+00    0.12120E+01    0.36758E+00    0.28309E-01   -0.19880E+00   -0.31778E-01    0.32520E-02    0.35381E-03   -0.25376E-02   -0.60765E-06   -0.59520E-05    0.82895E-01    0.90926E-02    0.52356E-02   -0.23142E-02   -0.10093E-02   -0.35982E-04   -0.35459E-02    0.33703E-02    0.17763E-02   -0.12436E-02    0.57129E-02   -0.12950E-02    0.70348E-03    0.51351E-02    0.66983E-03   -0.16576E-02    0.21748E-02    0.21792E-02    0.38345E-02    0.24139E-02    0.55544E-02    0.75661E-02
   -0.61349E-04    0.81809E-04   -0.62855E-04   -0.22732E-02    0.22935E-03   -0.32172E-02   -0.58617E-02   -0.16990E+02   -0.12989E+02   -0.10703E+02   -0.94855E+00   -0.12637E+01   -0.76981E-01   -0.17140E-01   -0.21508E-01   -0.75858E-02   -0.12210E-04    0.11982E-04    0.90926E-02    0.81808E+01    0.78576E-01   -0.18439E-01   -0.17794E-01    0.88757E-02    0.21219E-01    0.59932E-01    0.22608E-01   -0.20551E-01    0.60204E-01   -0.62379E-01   -0.33994E-01    0.57595E-01   -0.38822E-01    0.93624E-02   -0.57649E-02    0.56657E-02    0.68041E-01    0.27022E-03    0.73717E-01    0.33462E-01
   -0.17227E-04    0.17591E-03   -0.21141E-04   -0.27802E-03    0.18448E-03   -0.22178E-03    0.50932E-03    0.93618E+01    0.12566E+01    0.14979E+01   -0.99610E+00   -0.61701E+00    0.12972E+00    0.96657E-02   -0.22314E-01    0.82675E-02   -0.21673E-04    0.92620E-04    0.52356E-02    0.78576E-01    0.69295E+00   -0.10776E+00   -0.56981E-02   -0.16943E-01    0.21341E-03    0.18023E+00   -0.44552E-01   -0.47688E-01   -0.72471E-02   -0.75921E-01    0.10080E-01    0.40568E-01   -0.56518E-02   -0.53949E-01   -0.11597E+00    0.14400E+00    0.42422E-01   -0.17532E-01    0.53310E-01    0.68925E-01
   -0.73927E-05   -0.15663E-04   -0.30295E-05    0.20233E-03   -0.22886E-04   -0.26753E-04    0.59097E-03   -0.94620E+01    0.60910E+00    0.12135E+01   -0.60362E+00   -0.51549E+00    0.11123E+00    0.57937E-02   -0.97746E-02   -0.62700E-02   -0.10305E-04    0.14412E-04   -0.23142E-02   -0.18439E-01   -0.10776E+00    0.93392E+00    0.48672E-02   -0.56488E-02    0.45439E-02   -0.14980E+00    0.20175E+00    0.61502E-01   -0.23043E-01    0.32133E-01   -0.11926E+00    0.92799E-02    0.10780E-01    0.18959E-01    0.17294E+00   -0.22562E+00    0.46760E-01    0.11379E+00    0.24735E-02   -0.21704E+00
   -0.22697E-05   -0.39287E-04   -0.60467E-05   -0.63815E-04    0.12087E-04    0.68636E-04   -0.26888E-03   -0.12330E+01    0.86639E-01   -0.11032E+00   -0.86477E-01    0.58225E-01    0.11065E+00    0.17650E-02    0.53851E-02   -0.29028E-02    0.28351E-05    0.73455E-05   -0.10093E-02   -0.17794E-01   -0.56981E-02    0.48672E-02    0.98721E+00    0.14511E-01   -0.10558E-01   -0.49712E-01   -0.33640E-01    0.16413E+00   -0.27167E-01    0.78246E-01   -0.26757E-02    0.46842E-01   -0.28408E-01   -0.11265E-01    0.97149E-01   -0.52744E-01    0.23123E-01    0.11471E-01   -0.18858E+00    0.77066E-01
    0.24181E-07    0.35616E-04   -0.42938E-05    0.18195E-03    0.87651E-04   -0.17394E-03    0.43824E-03   -0.10423E+00   -0.28504E-01   -0.63980E-01    0.50683E-01    0.14861E-01    0.49037E-01   -0.13059E-02    0.38405E-02   -0.59715E-02    0.78049E-05   -0.41847E-04   -0.35982E-04    0.88757E-02   -0.16943E-01   -0.56488E-02    0.14511E-01    0.10014E+01    0.11662E-01    0.35031E-01   -0.75778E-01    0.85080E-01   -0.91038E-01    0.76155E-01    0.90303E-01    0.96996E-01    0.72707E-01    0.16927E+00   -0.91423E-01    0.87708E-01    0.25047E-01    0.25103E-01   -0.13428E+00    0.53001E-01
    0.34398E-05   -0.32948E-04   -0.40617E-05    0.25482E-03   -0.23363E-04    0.11545E-03    0.36768E-03   -0.10818E+01   -0.36747E+00    0.83771E-01    0.38091E-01   -0.37842E-01    0.29108E-01   -0.84029E-03    0.38978E-02   -0.29494E-02   -0.89362E-05    0.12806E-04   -0.35459E-02    0.21219E-01    0.21341E-03    0.45439E-02   -0.10558E-01    0.11662E-01    0.10268E+01    0.32635E-01    0.64131E-01   -0.52056E-01    0.40349E-01    0.81997E-01    0.78181E-01   -0.86072E-01   -0.65279E-01    0.48363E-01    0.46755E-01    0.10410E+00   -0.88225E-01    0.10587E+00   -0.16578E-01   -0.10155E-01
    0.12728E-05    0.24279E-04    0.43307E-06   -0.50114E-04    0.28316E-04    0.19724E-03    0.27483E-03   -0.42893E+00   -0.16521E+01    0.95093E+00    0.76625E+00   -0.37574E+00   -0.83982E-01    0.59972E-02   -0.22936E-01    0.43812E-02    0.52318E-05    0.22054E-03    0.33703E-02    0.59932E-01    0.18023E+00   -0.14980E+00   -0.49712E-01    0.35031E-01    0.32635E-01    0.84685E+00   -0.87071E-02    0.75513E-02   -0.89919E-02   -0.30647E-01    0.17319E-01    0.12182E+00   -0.10029E+00    0.16277E-01   -0.69007E-01    0.62801E+00    0.26106E+00   -0.55554E-01   -0.36464E-01    0.83188E-01
    0.49220E-06    0.59033E-04   -0.17338E-05    0.17824E-03    0.82425E-05    0.83043E-04    0.64132E-03   -0.54365E+01   -0.64606E+00    0.53183E+00    0.92700E-01   -0.23985E+00    0.44043E-02   -0.45645E-03   -0.95599E-02    0.30537E-02   -0.47741E-06   -0.14464E-04    0.17763E-02    0.22608E-01   -0.44552E-01    0.20175E+00   -0.33640E-01   -0.75778E-01    0.64131E-01   -0.87071E-02    0.99157E+00   -0.54331E-02    0.12435E-01    0.14007E-01    0.42186E-01    0.23940E-02   -0.73113E-01   -0.18260E-01    0.14911E+00   -0.75872E-01    0.24181E+00    0.76882E+00    0.29631E+00   -0.18175E+00
    0.10799E-04   -0.57827E-04    0.76035E-05    0.25413E-05   -0.12600E-03    0.75758E-05   -0.13205E-03   -0.34508E+00   -0.46538E+00   -0.57974E+00    0.15426E+00    0.16454E+00    0.17307E-01    0.47185E-03    0.85037E-02   -0.63939E-02    0.33204E-05    0.43338E-04   -0.12436E-02   -0.20551E-01   -0.47688E-01    0.61502E-01    0.16413E+00    0.85080E-01   -0.52056E-01    0.75513E-02   -0.54331E-02    0.10068E+01   -0.17460E-01   -0.14439E-01    0.87935E-01   -0.51864E-01    0.13352E+00    0.16750E+00   -0.15099E+00   -0.18309E+00    0.64048E+00    0.13786E+00   -0.63356E+00    0.17038E+00
   -0.25293E-05    0.25913E-04   -0.71612E-05    0.22270E-04    0.59452E-04   -0.51986E-04    0.11934E-03   -0.77850E+00   -0.13434E-02   -0.10348E+00    0.39644E-01    0.12316E+00   -0.79061E-01   -0.85635E-03   -0.43621E-02    0.11376E-01   -0.75790E-06    0.16037E-04    0.57129E-02    0.60204E-01   -0.72471E-02   -0.23043E-01   -0.27167E-01   -0.91038E-01    0.40349E-01   -0.89919E-02    0.12435E-01   -0.17460E-01    0.98414E+00   -0.31275E-02   -0.22819E-01   -0.97963E-01   -0.11989E+00   -0.24111E-01   -0.10218E+00   -0.71906E-01    0.70376E-01   -0.31744E-01    0.31800E+00    0.67199E+00
    0.20826E-07    0.23952E-05   -0.18167E-05   -0.54499E-05   -0.27462E-04   -0.93433E-04    0.17954E-04   -0.18193E+00   -0.81521E-01    0.38775E+00    0.10762E+00   -0.14677E+00   -0.28225E-01   -0.70864E-03   -0.25314E-02   -0.90394E-02    0.36431E-05    0.16409E-04   -0.12950E-02   -0.62379E-01   -0.75921E-01    0.32133E-01    0.78246E-01    0.76155E-01    0.81997E-01   -0.30647E-01    0.14007E-01   -0.14439E-01   -0.31275E-02    0.10198E+01   -0.69289E-01    0.82117E-01    0.11339E-01    0.18159E+00    0.12967E-01    0.10493E+00   -0.58823E+00    0.39779E+00   -0.35196E+00    0.21700E+00
    0.67591E-06   -0.35914E-04    0.87259E-05   -0.15472E-03   -0.60847E-04    0.28791E-04   -0.45639E-03    0.22801E+01    0.97376E+00   -0.12392E+01   -0.19365E+00    0.42574E+00   -0.31031E-01   -0.12262E-01    0.30048E-01   -0.16536E-01    0.12160E-04   -0.22511E-03    0.70348E-03   -0.33994E-01    0.10080E-01   -0.11926E+00   -0.26757E-02    0.90303E-01    0.78181E-01    0.17319E-01    0.42186E-01    0.87935E-01   -0.22819E-01   -0.69289E-01    0.92578E+00    0.43557E-02    0.53975E-02   -0.22417E-01   -0.24226E-01    0.59667E+00    0.17548E+00    0.13019E+00    0.61875E-01   -0.77191E-01
   -0.60803E-05   -0.38131E-05   -0.19298E-05   -0.14777E-04    0.99145E-05   -0.78912E-04    0.53709E-06   -0.85917E-01   -0.71333E-01    0.64339E+00   -0.31142E-01   -0.44088E+00   -0.24379E-02    0.85724E-03   -0.97416E-03   -0.16514E-01   -0.30296E-05   -0.50446E-04    0.51351E-02    0.57595E-01    0.40568E-01    0.92799E-02    0.46842E-01    0.96996E-01   -0.86072E-01    0.12182E+00    0.23940E-02   -0.51864E-01   -0.97963E-01    0.82117E-01    0.43557E-02    0.96986E+00   -0.13167E-01   -0.32247E-02    0.38008E-02    0.10015E+00    0.15828E+00   -0.14170E-01    0.13876E+00    0.13712E+00
   -0.45218E-05   -0.21186E-04   -0.12766E-04   -0.11563E-04    0.18435E-04   -0.34538E-05   -0.18237E-03    0.24788E+00    0.44413E+00   -0.24439E+00   -0.15203E+00    0.12226E+00    0.43749E-01   -0.10387E-03    0.98953E-02    0.66536E-03   -0.13230E-04   -0.43036E-04    0.66983E-03   -0.38822E-01   -0.56518E-02    0.10780E-01   -0.28408E-01    0.72707E-01   -0.65279E-01   -0.10029E+00   -0.73113E-01    0.13352E+00   -0.11989E+00    0.11339E-01    0.53975E-02   -0.13167E-01    0.99258E+00    0.10086E-01   -0.23707E-01   -0.11212E+00    0.53477E-01    0.13742E+00    0.38284E-01   -0.46056E-01
    0.93096E-05   -0.23082E-04    0.11026E-04    0.18615E-03   -0.38227E-04   -0.14146E-04    0.26857E-03   -0.72064E+00   -0.20370E+00    0.54229E+00    0.31877E-01   -0.29304E+00    0.50377E-01   -0.14131E-02    0.40395E-02   -0.13732E-01    0.59153E-05    0.16563E-04   -0.16576E-02    0.93624E-02   -0.53949E-01    0.18959E-01   -0.11265E-01    0.16927E+00    0.48363E-01    0.16277E-01   -0.18260E-01    0.16750E+00   -0.24111E-01    0.18159E+00   -0.22417E-01   -0.32247E-02    0.10086E-01    0.98153E+00   -0.58412E-02   -0.17918E-01    0.22791E-01    0.13180E+00   -0.28828E+00    0.13573E+00
   -0.91445E-07   -0.84930E-05    0.29555E-05    0.29838E-03    0.27937E-04    0.90428E-04    0.46791E-03   -0.45351E+01    0.91854E-01    0.71325E+00   -0.67071E-01   -0.32078E+00    0.77255E-01    0.12064E-02    0.28358E-02   -0.96735E-02    0.10580E-05   -0.42903E-04    0.21748E-02   -0.57649E-02   -0.11597E+00    0.17294E+00    0.97149E-01   -0.91423E-01    0.46755E-01   -0.69007E-01    0.14911E+00   -0.15099E+00   -0.10218E+00    0.12967E-01   -0.24226E-01    0.38008E-02   -0.23707E-01   -0.58412E-02    0.96444E+00   -0.53304E-01   -0.64976E-01    0.19269E-01    0.17955E+00   -0.10787E+00
   -0.10726E-05    0.72760E-05    0.41991E-05   -0.16946E-03    0.51892E-05    0.13661E-03   -0.14201E-03    0.19492E+01   -0.41425E+00   -0.35399E-01    0.42270E+00    0.10318E-03   -0.90486E-01   -0.37227E-02    0.75839E-03   -0.72514E-02    0.11935E-04    0.40207E-05    0.21792E-02    0.56657E-02    0.14400E+00   -0.22562E+00   -0.52744E-01    0.87708E-01    0.10410E+00    0.62801E+00   -0.75872E-01   -0.18309E+00   -0.71906E-01    0.10493E+00    0.59667E+00    0.10015E+00   -0.11212E+00   -0.17918E-01   -0.53304E-01    0.94602E+00   -0.59980E-02    0.14743E-01    0.21332E-01   -0.88138E-02
    0.68321E-05   -0.33863E-04    0.82086E-05    0.45076E-04   -0.60011E-04    0.13514E-03    0.11217E-03   -0.19218E+01   -0.75799E+00   -0.28019E-01    0.19815E+00   -0.11506E+00    0.57012E-02    0.73220E-03    0.29976E-02   -0.46066E-02    0.24038E-05    0.48440E-04    0.38345E-02    0.68041E-01    0.42422E-01    0.46760E-01    0.23123E-01    0.25047E-01   -0.88225E-01    0.26106E+00    0.24181E+00    0.64048E+00    0.70376E-01   -0.58823E+00    0.17548E+00    0.15828E+00    0.53477E-01    0.22791E-01   -0.64976E-01   -0.59980E-02    0.10099E+01   -0.10661E-01    0.12265E-01   -0.75714E-02
    0.10338E-05    0.63928E-04   -0.39961E-05    0.36693E-06   -0.87384E-05   -0.83891E-04    0.29467E-03   -0.27417E+01   -0.13336E+00    0.43556E+00   -0.37369E-01   -0.19036E+00    0.23752E-02   -0.38069E-02   -0.10409E-02   -0.23713E-02   -0.28838E-06   -0.32749E-04    0.24139E-02    0.27022E-03   -0.17532E-01    0.11379E+00    0.11471E-01    0.25103E-01    0.10587E+00   -0.55554E-01    0.76882E+00    0.13786E+00   -0.31744E-01    0.39779E+00    0.13019E+00   -0.14170E-01    0.13742E+00    0.13180E+00    0.19269E-01    0.14743E-01   -0.10661E-01    0.98666E+00   -0.15562E-01    0.91481E-02
   -0.98417E-05    0.19607E-04   -0.55854E-05    0.11493E-03    0.81994E-04    0.55989E-04    0.30302E-03   -0.87797E+00    0.45867E+00    0.52969E+00   -0.23917E+00   -0.20185E+00   -0.28520E-01   -0.42684E-02    0.18614E-02    0.35707E-02   -0.79448E-05   -0.76703E-04    0.55544E-02    0.73717E-01    0.53310E-01    0.24735E-02   -0.18858E+00   -0.13428E+00   -0.16578E-01   -0.36464E-01    0.29631E+00   -0.63356E+00    0.31800E+00   -0.35196E+00    0.61875E-01    0.13876E+00    0.38284E-01   -0.28828E+00    0.17955E+00    0.21332E-01    0.12265E-01   -0.15562E-01    0.10149E+01    0.85361E-03
   -0.18514E-05    0.51995E-04   -0.12021E-04   -0.11626E-04    0.82475E-04   -0.19592E-03    0.13935E-03    0.25267E+01   -0.14451E+00   -0.40475E+00    0.25470E+00    0.29760E+00   -0.57253E-01    0.32060E-03   -0.21041E-02    0.14508E-01   -0.41078E-05    0.24215E-04    0.75661E-02    0.33462E-01    0.68925E-01   -0.21704E+00    0.77066E-01    0.53001E-01   -0.10155E-01    0.83188E-01   -0.18175E+00    0.17038E+00    0.67199E+00    0.21700E+00   -0.77191E-01    0.13712E+00   -0.46056E-01    0.13573E+00   -0.10787E+00   -0.88138E-02   -0.75714E-02    0.91481E-02    0.85361E-03    0.96651E+00
