# omegabh2 omegach2 theta tau meffsterile nnu logA ns calPlanck aps100 aps143 aps217 acib217 asz143 psr cibr xi aksz dust100 dust143 dust217 dust143x217 cal0 cal2 calTE calEE
  2.8645901E-08  -2.1533374E-08   8.0133488E-09   2.7428324E-07   1.5514051E-06   5.5183563E-06   5.8889208E-07   4.7011741E-07   2.7691324E-08  -2.2183842E-04  -1.9226378E-04   5.8877430E-05  -8.6223760E-05   1.2187178E-05   4.4941696E-07  -1.1235997E-06   7.7086518E-07  -1.7293892E-05   3.2452720E-07  -2.5737528E-07   4.7714443E-07  -4.0136232E-07   4.4490160E-09  -8.5721175E-10  -5.4077473E-08  -1.8159211E-07
 -2.1533374E-08   1.1805696E-05  -6.5682833E-07  -1.0772406E-06  -4.9186868E-04   2.3885899E-04   1.0943009E-05   6.0108837E-06  -2.0713758E-07   8.0332178E-03   4.0775994E-03  -1.9328875E-03   2.0983014E-03  -3.8107848E-04  -1.4897405E-05   2.6451328E-05  -6.9479854E-06   6.8775157E-04  -4.2799953E-07   9.1301891E-06  -1.0206580E-05   4.1810931E-06   2.2719001E-08   1.9095782E-07   2.0082996E-06   3.7069968E-06
  8.0133488E-09  -6.5682833E-07   1.2999054E-07   1.4514836E-07   9.0119287E-06  -1.9519226E-05  -7.2615241E-07  -1.4600933E-07  -8.5680985E-09  -6.5805314E-04  -4.1060145E-04   4.8007799E-05  -1.6997689E-04   2.5699077E-05   7.6011429E-07  -1.9971258E-06   1.3149950E-06  -4.5238106E-05  -3.6242423E-07  -2.2882237E-07   7.5952959E-07  -5.3644888E-07  -1.2502907E-09  -1.7018767E-08  -2.1049947E-07  -2.4436274E-07
  2.7428324E-07  -1.0772406E-06   1.4514836E-07   6.3711871E-05  -2.6928291E-05   6.6599919E-05   1.2374811E-04   1.1330343E-05  -1.1920702E-07  -9.4779339E-03  -4.6906653E-03   2.8003043E-03  -2.7266988E-03   3.1362746E-04   1.7382514E-05  -3.0362491E-05   8.6681489E-06  -9.8263739E-04   7.6824764E-07  -1.6577876E-05   1.5772688E-05  -9.4806595E-06  -6.7121760E-08  -9.5955491E-08  -3.2694404E-06  -1.1459452E-06
  1.5514051E-06  -4.9186868E-04   9.0119287E-06  -2.6928291E-05   5.7062137E-02   7.3696098E-05  -1.2189005E-04  -5.4216479E-04   7.4916971E-06   9.6741807E-02   1.6618656E-01   4.5157639E-02   4.6640477E-02  -2.1127083E-04   3.5764317E-04   1.4522915E-03   7.2207637E-04   3.3935570E-03   6.5769332E-04   2.2910082E-04   4.6733096E-06   1.3037391E-04  -5.0458469E-06   9.4999451E-06  -3.9449878E-05  -1.2538223E-04
  5.5183563E-06   2.3885899E-04  -1.9519226E-05   6.6599919E-05   7.3696098E-05   1.1509237E-02   5.3354282E-04   3.3253926E-04   4.1734590E-06   3.7265779E-01   2.0266601E-01  -5.9258560E-02   9.3856793E-02  -1.4257945E-02  -5.6069218E-04   1.6599766E-03  -2.1165900E-05   2.8065158E-02   2.8230593E-04   4.3814404E-04  -3.7835509E-04   1.0098770E-04   7.8782227E-07   1.0419003E-05   9.2943284E-05   1.5847088E-04
  5.8889208E-07   1.0943009E-05  -7.2615241E-07   1.2374811E-04  -1.2189005E-04   5.3354282E-04   2.9413432E-04   2.3827998E-05   1.2680526E-05  -4.4210685E-03   1.1507353E-03   1.3292551E-02  -3.8848743E-03   3.4958749E-04   5.2146979E-05  -5.9701908E-05   5.3534289E-05  -2.1131734E-03  -8.1214449E-06  -1.1827277E-04   5.4454827E-05  -1.0223016E-05   5.1541120E-07   1.1219761E-07  -4.1950485E-06   3.3191024E-06
  4.7011741E-07   6.0108837E-06  -1.4600933E-07   1.1330343E-05  -5.4216479E-04   3.3253926E-04   2.3827998E-05   3.7366589E-05   6.9343620E-07  -1.3244047E-02  -4.6240358E-03   6.7744284E-03  -4.3107816E-03   3.6793004E-04   3.2661948E-05  -6.0911348E-05   4.0278881E-05  -1.3380969E-03   3.0114696E-05  -1.9066746E-05   2.3680317E-05  -1.3447813E-05  -1.1152863E-07  -2.1197328E-07   2.7921482E-06   3.6578395E-06
  2.7691324E-08  -2.0713758E-07  -8.5680985E-09  -1.1920702E-07   7.4916971E-06   4.1734590E-06   1.2680526E-05   6.9343620E-07   6.5222872E-06   1.4084796E-03   4.8135956E-04   2.1424304E-03   1.3132766E-04   1.3040069E-04   1.9449080E-06   1.7111280E-06  -4.1077660E-06  -1.5830371E-04   2.8647549E-06  -1.7334712E-06   1.2234071E-05   1.0218339E-06   9.7526222E-09  -5.4219552E-08  -3.4233499E-07  -3.4668397E-07
 -2.2183842E-04   8.0332178E-03  -6.5805314E-04  -9.4779339E-03   9.6741807E-02   3.7265779E-01  -4.4210685E-03  -1.3244047E-02   1.4084796E-03   6.2590068E+02   6.8725472E+01  -6.3986927E+01   3.5997268E+01  -2.5950243E+01  -8.5405338E-01   4.2041685E-02  -1.3367091E-01   1.1913504E+01  -1.7899998E-01   3.1347208E-01  -2.7916163E-01  -2.4454397E-01   6.4742550E-03   3.1398904E-03   5.6676734E-03   1.3800749E-02
 -1.9226378E-04   4.0775994E-03  -4.1060145E-04  -4.6906653E-03   1.6618656E-01   2.0266601E-01   1.1507353E-03  -4.6240358E-03   4.8135956E-04   6.8725472E+01   7.0084122E+01   6.9392585E+00   8.6112459E+00  -8.9541844E-01  -1.6764080E-02   4.7867450E-01   8.7820019E-01  -7.2962842E+00  -4.8250473E-02  -2.2659761E-01   3.5287990E-02   3.9627671E-02   8.2410650E-04   9.1537227E-04   3.9776978E-03   7.8678291E-03
  5.8877430E-05  -1.9328875E-03   4.8007799E-05   2.8003043E-03   4.5157639E-02  -5.9258560E-02   1.3292551E-02   6.7744284E-03   2.1424304E-03  -6.3986927E+01   6.9392585E+00   1.7928103E+02  -8.5128324E+01   3.1654506E+00   3.5340318E-01  -1.0456967E+00   3.3304954E-01  -7.6623618E+00  -3.6760425E-02  -2.8830727E-01   5.5961797E-01   1.3732443E-02   1.9084047E-03  -8.1491297E-03   3.7245288E-04   1.2291842E-03
 -8.6223760E-05   2.0983014E-03  -1.6997689E-04  -2.7266988E-03   4.6640477E-02   9.3856793E-02  -3.8848743E-03  -4.3107816E-03   1.3132766E-04   3.5997268E+01   8.6112459E+00  -8.5128324E+01   5.3409698E+01   1.4315373E+00  -5.9123099E-02   7.3915305E-01  -2.5551096E-01  -2.4231430E+00   2.1402807E-02   1.8056225E-01  -4.5363310E-01  -1.2811933E-01  -6.1729596E-04   3.4079872E-03   1.0965541E-03   1.8615878E-03
  1.2187178E-05  -3.8107848E-04   2.5699077E-05   3.1362746E-04  -2.1127083E-04  -1.4257945E-02   3.4958749E-04   3.6793004E-04   1.3040069E-04  -2.5950243E+01  -8.9541844E-01   3.1654506E+00   1.4315373E+00   4.3659102E+00   9.8369767E-02   1.4507717E-01  -4.6523874E-02  -3.6276876E+00  -6.8864336E-03  -3.9987782E-03   9.8151706E-03   5.2151479E-02   4.6326912E-04  -2.2216268E-04  -1.6378964E-04  -4.4107184E-04
  4.4941696E-07  -1.4897405E-05   7.6011429E-07   1.7382514E-05   3.5764317E-04  -5.6069218E-04   5.2146979E-05   3.2661948E-05   1.9449080E-06  -8.5405338E-01  -1.6764080E-02   3.5340318E-01  -5.9123099E-02   9.8369767E-02   1.5467433E-02  -1.6009954E-02   1.1820383E-02  -1.0078825E-01  -1.7155809E-04  -1.3091483E-03  -2.4411923E-03   5.1746795E-03   1.8096127E-05  -3.6639899E-05  -8.6419591E-07  -3.8052215E-06
 -1.1235997E-06   2.6451328E-05  -1.9971258E-06  -3.0362491E-05   1.4522915E-03   1.6599766E-03  -5.9701908E-05  -6.0911348E-05   1.7111280E-06   4.2041685E-02   4.7867450E-01  -1.0456967E+00   7.3915305E-01   1.4507717E-01  -1.6009954E-02   6.4846591E-02   3.7005825E-03  -1.5225543E-01   3.5686178E-04   6.6488522E-03  -3.5925465E-04  -1.7643146E-02  -7.0557116E-06   1.0205846E-04   9.7885356E-06   2.8517778E-05
  7.7086518E-07  -6.9479854E-06   1.3149950E-06   8.6681489E-06   7.2207637E-04  -2.1165900E-05   5.3534289E-05   4.0278881E-05  -4.1077660E-06  -1.3367091E-01   8.7820019E-01   3.3304954E-01  -2.5551096E-01  -4.6523874E-02   1.1820383E-02   3.7005825E-03   8.2554906E-02   4.9906624E-02  -5.7227045E-04  -7.9300884E-04   1.0264552E-03   5.5894825E-04   1.6890385E-05  -7.5653595E-07  -2.9672148E-06   2.4951173E-05
 -1.7293892E-05   6.8775157E-04  -4.5238106E-05  -9.8263739E-04   3.3935570E-03   2.8065158E-02  -2.1131734E-03  -1.3380969E-03  -1.5830371E-04   1.1913504E+01  -7.2962842E+00  -7.6623618E+00  -2.4231430E+00  -3.6276876E+00  -1.0078825E-01  -1.5225543E-01   4.9906624E-02   7.4597509E+00   3.2051421E-03  -3.6355149E-03  -3.7710577E-03  -4.3358321E-02  -4.1960229E-04   1.0953486E-04  -7.3261743E-05   1.6873995E-04
  3.2452720E-07  -4.2799953E-07  -3.6242423E-07   7.6824764E-07   6.5769332E-04   2.8230593E-04  -8.1214449E-06   3.0114696E-05   2.8647549E-06  -1.7899998E-01  -4.8250473E-02  -3.6760425E-02   2.1402807E-02  -6.8864336E-03  -1.7155809E-04   3.5686178E-04  -5.7227045E-04   3.2051421E-03   3.8030999E-02   3.3406105E-03  -2.8529949E-04   2.8897486E-05   3.1957692E-05  -2.7699851E-06  -2.2373757E-05  -2.0545643E-05
 -2.5737528E-07   9.1301891E-06  -2.2882237E-07  -1.6577876E-05   2.2910082E-04   4.3814404E-04  -1.1827277E-04  -1.9066746E-05  -1.7334712E-06   3.1347208E-01  -2.2659761E-01  -2.8830727E-01   1.8056225E-01  -3.9987782E-03  -1.3091483E-03   6.6488522E-03  -7.9300884E-04  -3.6355149E-03   3.3406105E-03   3.0286517E-02  -9.0449313E-04   4.9841533E-03  -7.6846536E-05  -4.0644294E-05  -7.4367521E-05  -7.5298457E-05
  4.7714443E-07  -1.0206580E-05   7.5952959E-07   1.5772688E-05   4.6733096E-06  -3.7835509E-04   5.4454827E-05   2.3680317E-05   1.2234071E-05  -2.7916163E-01   3.5287990E-02   5.5961797E-01  -4.5363310E-01   9.8151706E-03  -2.4411923E-03  -3.5925465E-04   1.0264552E-03  -3.7710577E-03  -2.8529949E-04  -9.0449313E-04   1.0546432E-02   8.4211772E-03   3.4395287E-06   6.0355634E-05  -3.4190495E-06  -1.2006061E-05
 -4.0136232E-07   4.1810931E-06  -5.3644888E-07  -9.4806595E-06   1.3037391E-04   1.0098770E-04  -1.0223016E-05  -1.3447813E-05   1.0218339E-06  -2.4454397E-01   3.9627671E-02   1.3732443E-02  -1.2811933E-01   5.2151479E-02   5.1746795E-03  -1.7643146E-02   5.5894825E-04  -4.3358321E-02   2.8897486E-05   4.9841533E-03   8.4211772E-03   2.6154968E-02  -3.0760293E-06   5.4827284E-05  -1.0993869E-05  -9.0443504E-06
  4.4490160E-09   2.2719001E-08  -1.2502907E-09  -6.7121760E-08  -5.0458469E-06   7.8782227E-07   5.1541120E-07  -1.1152863E-07   9.7526222E-09   6.4742550E-03   8.2410650E-04   1.9084047E-03  -6.1729596E-04   4.6326912E-04   1.8096127E-05  -7.0557116E-06   1.6890385E-05  -4.1960229E-04   3.1957692E-05  -7.6846536E-05   3.4395287E-06  -3.0760293E-06   1.0953124E-06   2.2040219E-08   3.8168540E-07   7.0017901E-07
 -8.5721175E-10   1.9095782E-07  -1.7018767E-08  -9.5955491E-08   9.4999451E-06   1.0419003E-05   1.1219761E-07  -2.1197328E-07  -5.4219552E-08   3.1398904E-03   9.1537227E-04  -8.1491297E-03   3.4079872E-03  -2.2216268E-04  -3.6639899E-05   1.0205846E-04  -7.5653595E-07   1.0953486E-04  -2.7699851E-06  -4.0644294E-05   6.0355634E-05   5.4827284E-05   2.2040219E-08   2.4999887E-06   4.0685795E-07   2.5813809E-07
 -5.4077473E-08   2.0082996E-06  -2.1049947E-07  -3.2694404E-06  -3.9449878E-05   9.2943284E-05  -4.1950485E-06   2.7921482E-06  -3.4233499E-07   5.6676734E-03   3.9776978E-03   3.7245288E-04   1.0965541E-03  -1.6378964E-04  -8.6419591E-07   9.7885356E-06  -2.9672148E-06  -7.3261743E-05  -2.2373757E-05  -7.4367521E-05  -3.4190495E-06  -1.0993869E-05   3.8168540E-07   4.0685795E-07   2.5025548E-05   9.7125208E-06
 -1.8159211E-07   3.7069968E-06  -2.4436274E-07  -1.1459452E-06  -1.2538223E-04   1.5847088E-04   3.3191024E-06   3.6578395E-06  -3.4668397E-07   1.3800749E-02   7.8678291E-03   1.2291842E-03   1.8615878E-03  -4.4107184E-04  -3.8052215E-06   2.8517778E-05   2.4951173E-05   1.6873995E-04  -2.0545643E-05  -7.5298457E-05  -1.2006061E-05  -9.0443504E-06   7.0017901E-07   2.5813809E-07   9.7125208E-06   2.6733245E-05
