# omegabh2 omegach2 theta mnu logA ns
  2.5019112E-07   5.6350775E-07  -6.4847430E-10   8.0144538E-06  -2.8689994E-06  -7.2253320E-09
  5.6350775E-07   4.5044844E-04   1.7437169E-07   1.3289938E-02  -3.3688860E-03  -7.1704405E-05
 -6.4847430E-10   1.7437169E-07   3.5890245E-07   9.2848887E-06  -4.5217919E-07  -5.3267092E-08
  8.0144538E-06   1.3289938E-02   9.2848887E-06   5.5989597E-01  -8.7444029E-02   4.8919936E-04
 -2.8689994E-06  -3.3688860E-03  -4.5217919E-07  -8.7444029E-02   2.7356532E-02   9.8584247E-04
 -7.2253320E-09  -7.1704405E-05  -5.3267092E-08   4.8919936E-04   9.8584247E-04   3.9710309E-04
