# omegabh2 omegach2 theta tau mnu ns logA aps100 aps143 aps217 acib143 acib217 asz143 psr cibr ncib cal0 cal2 xi aksz bm_1_1 bm_1_2 bm_1_3 bm_1_4 bm_1_5 bm_2_1 bm_2_2 bm_2_3 bm_2_4 bm_2_5 bm_3_1 bm_3_2 bm_3_3 bm_3_4 bm_3_5 bm_4_1 bm_4_2 bm_4_3 bm_4_4 bm_4_5 a_ps_act_148 a_ps_act_217 a_ps_spt_95 a_ps_spt_150 a_ps_spt_220 r_ps_spt_95x150 r_ps_spt_95x220 r_ps_150x220 act_dust_s act_dust_e cal_acts_148 cal_acts_217 cal_acte_148 cal_acte_217 cal_spt_95 cal_spt_150 cal_spt_220
    0.84542E-07   -0.48001E-06    0.10049E-06    0.81518E-06   -0.27223E-04    0.13340E-05    0.75701E-06   -0.55074E-03   -0.90012E-03   -0.77170E-03    0.71430E-06    0.65707E-04    0.20814E-04   -0.16953E-05   -0.58086E-06    0.13566E-05   -0.49175E-09    0.15624E-08   -0.67050E-05   -0.76291E-04   -0.15375E-04   -0.93207E-05    0.11946E-05   -0.90229E-06    0.54797E-06    0.42885E-06   -0.28697E-05    0.45344E-06    0.71205E-05    0.64694E-07   -0.30201E-05   -0.52208E-05   -0.21189E-05   -0.48328E-06    0.23379E-07   -0.17111E-05   -0.12409E-05   -0.33707E-05   -0.13295E-05    0.83522E-05    0.12083E-04    0.99983E-04    0.30096E-04    0.27027E-04    0.10517E-03   -0.64663E-06   -0.15228E-05   -0.17530E-06   -0.42518E-06   -0.52572E-06    0.44630E-06    0.53124E-06    0.49841E-06    0.54242E-06    0.88831E-06    0.87229E-06    0.66540E-06
   -0.48001E-06    0.77667E-05   -0.89009E-06   -0.10147E-04    0.18190E-03   -0.17912E-04   -0.25160E-05    0.32273E-02    0.43449E-02    0.38135E-02    0.43621E-05   -0.27320E-03   -0.70781E-04    0.75384E-05    0.48519E-05   -0.62510E-05   -0.62915E-08    0.10003E-07    0.27542E-04    0.18539E-03    0.14399E-03   -0.22062E-04   -0.57493E-04    0.98695E-05   -0.25287E-05    0.44317E-04   -0.40841E-05   -0.10135E-04   -0.39146E-04   -0.16178E-04    0.38479E-04    0.33081E-04   -0.24449E-04   -0.26568E-04   -0.45061E-04    0.64316E-04    0.95152E-05   -0.84876E-06   -0.40995E-05   -0.19490E-04   -0.12672E-04   -0.59120E-03   -0.13742E-03   -0.10485E-03   -0.52678E-03    0.50196E-05    0.97766E-05   -0.58167E-06    0.55500E-05    0.17255E-05   -0.22006E-05   -0.29713E-05   -0.26076E-05   -0.29804E-05   -0.44068E-05   -0.46255E-05   -0.35404E-05
    0.10049E-06   -0.89009E-06    0.43026E-06    0.14448E-05   -0.50371E-04    0.26238E-05    0.13203E-05   -0.23981E-03   -0.69201E-03   -0.65075E-03    0.97628E-06    0.64250E-04    0.18980E-04   -0.11275E-05   -0.71232E-06    0.13485E-05    0.33369E-09    0.23452E-08   -0.68031E-05   -0.62450E-04   -0.14808E-04    0.45043E-05    0.66110E-05    0.42254E-05    0.27654E-05    0.36487E-05    0.21913E-05    0.21314E-05    0.76198E-05    0.13437E-05   -0.81628E-05   -0.33273E-05    0.15582E-05    0.19363E-05    0.10104E-04   -0.38888E-05    0.19001E-05   -0.11943E-05    0.70873E-06    0.92665E-05    0.11228E-04    0.92117E-04    0.28279E-04    0.23886E-04    0.11676E-03   -0.77325E-06   -0.15633E-05   -0.37346E-07   -0.65676E-06   -0.59671E-06    0.41596E-06    0.46715E-06    0.47453E-06    0.49182E-06    0.82007E-06    0.79136E-06    0.73155E-06
    0.81518E-06   -0.10147E-04    0.14448E-05    0.17179E-03    0.75636E-04    0.32918E-04    0.31739E-03   -0.18870E-01   -0.16974E-01   -0.12341E-01   -0.22397E-03    0.10457E-02    0.24556E-03   -0.26329E-04   -0.21545E-04    0.30420E-04    0.19198E-07    0.87464E-07   -0.16503E-03   -0.14178E-02   -0.39606E-03   -0.66820E-04    0.31072E-03   -0.13222E-03    0.10058E-03    0.43950E-05    0.45535E-04    0.12251E-03    0.70624E-04    0.53774E-04   -0.24764E-04   -0.16975E-03   -0.16522E-05   -0.54804E-04    0.12961E-03   -0.53694E-04    0.71147E-04   -0.16955E-04   -0.53599E-04   -0.15010E-04    0.18605E-03    0.13692E-02    0.65846E-03    0.37935E-03    0.13020E-02   -0.38189E-04   -0.58260E-04   -0.26002E-05   -0.11702E-05    0.10305E-04    0.74638E-05    0.78302E-05    0.85827E-05    0.84256E-05    0.13426E-04    0.13212E-04    0.78014E-05
   -0.27223E-04    0.18190E-03   -0.50371E-04    0.75636E-04    0.51501E-01   -0.60133E-03    0.34400E-03    0.32421E+00    0.32072E+00    0.29434E+00    0.18393E-02   -0.49869E-01   -0.97630E-02    0.28184E-03    0.34056E-03   -0.98944E-03    0.40470E-06   -0.97332E-06    0.43226E-02    0.57946E-01    0.49312E-02   -0.39784E-03    0.25148E-02    0.99542E-03    0.16289E-02   -0.22272E-02    0.23446E-03    0.11311E-02   -0.31567E-02    0.52426E-03    0.23767E-02    0.31239E-02    0.22215E-02    0.59181E-03   -0.22365E-03   -0.23407E-03    0.72619E-03    0.11147E-02   -0.12325E-03   -0.23284E-02   -0.82556E-02   -0.28155E-01   -0.21201E-01   -0.14514E-01   -0.38612E-01    0.51819E-03    0.10975E-02    0.17063E-03    0.24516E-03    0.40112E-03   -0.16123E-03   -0.20309E-03   -0.19458E-03   -0.19202E-03   -0.36607E-03   -0.32029E-03   -0.27094E-03
    0.13340E-05   -0.17912E-04    0.26238E-05    0.32918E-04   -0.60133E-03    0.58286E-04    0.22393E-04   -0.35863E-01   -0.24112E-01   -0.18157E-01   -0.63490E-04    0.16121E-02    0.71118E-03   -0.38955E-04   -0.19463E-04    0.39734E-04   -0.79472E-07    0.23239E-06   -0.20512E-03   -0.17887E-02   -0.46799E-03   -0.22021E-03    0.60601E-04    0.21251E-04    0.37067E-04    0.27235E-03    0.94218E-04    0.35932E-04    0.13814E-03   -0.13126E-04   -0.50342E-06   -0.15707E-03    0.11586E-04    0.27488E-04    0.55631E-04    0.16554E-03    0.12950E-03    0.52654E-04    0.27728E-04    0.12084E-03    0.14666E-03    0.21147E-02    0.61116E-03    0.44769E-03    0.18010E-02   -0.27368E-04   -0.47445E-04   -0.23810E-06   -0.17681E-04   -0.59485E-05    0.10364E-04    0.11040E-04    0.11866E-04    0.11642E-04    0.19214E-04    0.18882E-04    0.12879E-04
    0.75701E-06   -0.25160E-05    0.13203E-05    0.31739E-03    0.34400E-03    0.22393E-04    0.63013E-03   -0.43351E-01   -0.28442E-01   -0.18530E-01   -0.49417E-03    0.20857E-02    0.52082E-03   -0.40403E-04   -0.34862E-04    0.61971E-04    0.86976E-07    0.54500E-06   -0.34242E-03   -0.30813E-02   -0.43153E-04   -0.91083E-04    0.44898E-03   -0.24768E-03    0.22282E-03    0.50843E-03    0.20002E-03    0.21770E-03    0.77596E-04    0.37766E-04    0.51655E-04   -0.22351E-03   -0.14825E-03   -0.20936E-03    0.80817E-04    0.32794E-03    0.31294E-03    0.40127E-04   -0.97174E-04   -0.33429E-04    0.38570E-03    0.13885E-02    0.11522E-02    0.58002E-03    0.13544E-02   -0.73848E-04   -0.10848E-03   -0.77854E-05    0.10157E-04    0.29122E-04    0.11691E-04    0.10106E-04    0.12927E-04    0.11124E-04    0.19498E-04    0.17537E-04    0.82743E-05
   -0.55074E-03    0.32273E-02   -0.23981E-03   -0.18870E-01    0.32421E+00   -0.35863E-01   -0.43351E-01    0.16167E+04    0.85051E+02    0.21189E+02    0.89504E-02   -0.29485E+01   -0.11119E+02   -0.71680E-01   -0.78282E-01   -0.89181E-01    0.14119E-02   -0.31054E-02    0.10698E+01    0.86077E+01    0.16159E+02   -0.67385E+01    0.40630E+00    0.18580E+00   -0.11408E+00   -0.25820E+01   -0.49673E+01   -0.81607E+00   -0.85173E+00   -0.10658E+01   -0.41045E+00    0.32515E+00    0.29610E+00   -0.78944E+00   -0.36505E+01   -0.14447E+01   -0.25886E+01   -0.23688E+01   -0.63786E+00    0.24266E+01    0.22856E+00    0.80419E+00    0.47900E+01   -0.62810E+00    0.47624E+01   -0.43067E-01   -0.35320E+00   -0.74121E-01    0.55567E-01    0.30348E-01   -0.24619E-01    0.88580E-02   -0.22601E-01    0.57100E-02   -0.62164E-01   -0.29535E-01    0.31554E-02
   -0.90012E-03    0.43449E-02   -0.69201E-03   -0.16974E-01    0.32072E+00   -0.24112E-01   -0.28442E-01    0.85051E+02    0.66782E+02    0.18468E+02    0.17637E+00   -0.17972E+00   -0.20421E+01    0.37836E-01    0.20743E-01   -0.31523E-01    0.66412E-04   -0.93635E-03    0.22090E+00    0.86844E+00   -0.10367E+00   -0.44681E-01    0.28653E-01   -0.28473E-02    0.66853E-02    0.20365E+00   -0.16877E+00   -0.18946E+00   -0.22203E+00    0.82465E-02   -0.24273E+00    0.18619E+00    0.56807E-01   -0.16965E-01    0.43925E-01    0.68906E-01   -0.14749E+00   -0.21492E+00   -0.31395E-01   -0.19957E-01    0.19414E+00   -0.18335E+01    0.85172E+00   -0.31009E+00   -0.99715E+00    0.85524E-02   -0.43951E-01   -0.29370E-01    0.13563E-01    0.16214E-01   -0.14032E-01   -0.81622E-02   -0.14766E-01   -0.85062E-02   -0.28512E-01   -0.21246E-01   -0.99612E-02
   -0.77170E-03    0.38135E-02   -0.65075E-03   -0.12341E-01    0.29434E+00   -0.18157E-01   -0.18530E-01    0.21189E+02    0.18468E+02    0.97005E+02   -0.11252E+01   -0.34727E+02    0.10949E+00   -0.34995E+00   -0.43975E-01   -0.46139E+00    0.26544E-04   -0.11593E-03    0.73450E-01    0.15674E+01    0.85183E-02    0.25909E+00   -0.14884E-01   -0.10195E+00    0.79380E-01   -0.64777E-02   -0.28842E-01   -0.14910E-02   -0.16365E+00    0.23781E+00    0.20335E+00    0.25858E+00   -0.57749E-01    0.28542E+00    0.15045E+00    0.17066E+00   -0.68006E-01    0.91343E-01   -0.24479E-01   -0.32491E+00    0.17661E+00    0.17425E+02   -0.84506E+00    0.54165E+00    0.86984E+01   -0.48993E-01   -0.89151E-01    0.24727E-02    0.24973E-01    0.42001E-01   -0.67300E-02   -0.28373E-01   -0.62202E-02   -0.32311E-01   -0.81176E-02   -0.11997E-01   -0.55067E-01
    0.71430E-06    0.43621E-05    0.97628E-06   -0.22397E-03    0.18393E-02   -0.63490E-04   -0.49417E-03    0.89504E-02    0.17637E+00   -0.11252E+01    0.64972E+00    0.11950E+01    0.54289E+00    0.31474E-02   -0.31295E-02   -0.22286E-02    0.16516E-05    0.76106E-04    0.80963E-02   -0.90119E+00   -0.36455E-02   -0.19336E-01   -0.43130E-02   -0.42099E-02   -0.48262E-02   -0.18993E-01    0.51507E-02   -0.66826E-02    0.99826E-02   -0.14669E-01    0.21931E-01   -0.17939E-01    0.55240E-02   -0.15730E-01   -0.84370E-02   -0.14074E-02    0.10907E-03    0.91237E-02    0.19470E-01    0.11286E-01    0.58589E-01   -0.17310E+00   -0.20142E+00   -0.12937E-01   -0.71699E-01    0.48346E-01    0.47056E-01   -0.40578E-02   -0.10297E-02   -0.10180E-02    0.68532E-04    0.32195E-03    0.10728E-03    0.28299E-03   -0.67010E-03    0.53838E-03    0.18914E-02
    0.65707E-04   -0.27320E-03    0.64250E-04    0.10457E-02   -0.49869E-01    0.16121E-02    0.20857E-02   -0.29485E+01   -0.17972E+00   -0.34727E+02    0.11950E+01    0.21493E+02    0.19775E+01    0.21313E+00    0.30480E-01    0.28757E+00    0.11471E-04    0.33005E-04   -0.36955E+00   -0.43927E+01    0.15497E+00   -0.20644E+00   -0.57224E-02    0.23810E-02   -0.58285E-01    0.18991E-02    0.80349E-01   -0.11164E+00    0.24436E+00   -0.24285E+00   -0.20872E+00   -0.37790E+00   -0.17498E-01   -0.33203E+00   -0.22510E+00   -0.15075E+00   -0.30718E-01   -0.32748E-02    0.14224E+00    0.31710E+00   -0.36746E+00   -0.11726E+02   -0.96986E-01   -0.74267E+00   -0.76829E+01    0.57663E-01    0.71825E-01   -0.98983E-02   -0.11980E-01   -0.10636E-01   -0.99049E-03    0.66610E-02   -0.18431E-02    0.86015E-02   -0.12268E-02   -0.21282E-02    0.20010E-01
    0.20814E-04   -0.70781E-04    0.18980E-04    0.24556E-03   -0.97630E-02    0.71118E-03    0.52082E-03   -0.11119E+02   -0.20421E+01    0.10949E+00    0.54289E+00    0.19775E+01    0.19307E+01    0.19044E-01    0.22098E-01    0.16576E-01    0.49282E-05   -0.11880E-03   -0.18933E+00   -0.23386E+01    0.64098E-01   -0.14636E-02   -0.46909E-02   -0.14683E-01   -0.34742E-02    0.41368E-01    0.22204E-01   -0.30269E-01    0.93132E-02   -0.16440E-01   -0.59363E-01   -0.27747E-01   -0.23111E-01   -0.41066E-01   -0.30998E-01   -0.52351E-02   -0.61977E-02   -0.69006E-03    0.77241E-02    0.82194E-02   -0.67943E-01   -0.79318E+00   -0.77162E+00   -0.91194E-01   -0.11698E+01    0.43673E-01    0.70706E-01   -0.14849E-02   -0.31538E-02   -0.20230E-03    0.50743E-03   -0.25158E-02    0.35829E-03   -0.24812E-02    0.37503E-02    0.50645E-03   -0.14103E-02
   -0.16953E-05    0.75384E-05   -0.11275E-05   -0.26329E-04    0.28184E-03   -0.38955E-04   -0.40403E-04   -0.71680E-01    0.37836E-01   -0.34995E+00    0.31474E-02    0.21313E+00    0.19044E-01    0.43332E-02   -0.12031E-06    0.30539E-02    0.14000E-06   -0.22121E-05   -0.12839E-02   -0.19869E-01    0.89650E-03    0.13989E-02    0.71266E-03    0.67699E-03   -0.63473E-03    0.10155E-02   -0.25463E-02    0.47809E-03   -0.17232E-02   -0.21955E-03   -0.21387E-02    0.12688E-02   -0.61097E-03   -0.11334E-03   -0.15184E-03   -0.41477E-03    0.39743E-04   -0.31206E-02   -0.27707E-02   -0.15278E-02   -0.15066E-02   -0.14668E+00   -0.90681E-02   -0.40457E-02   -0.10292E+00    0.46243E-03    0.17035E-02    0.35912E-03   -0.61767E-04    0.40929E-05   -0.33576E-04   -0.10287E-04   -0.45320E-04    0.20683E-04    0.15225E-04   -0.54279E-04    0.15434E-03
   -0.58086E-06    0.48519E-05   -0.71232E-06   -0.21545E-04    0.34056E-03   -0.19463E-04   -0.34862E-04   -0.78282E-01    0.20743E-01   -0.43975E-01   -0.31295E-02    0.30480E-01    0.22098E-01   -0.12031E-06    0.29748E-02   -0.19369E-03    0.27029E-06    0.44609E-05   -0.72360E-03   -0.14674E-01    0.11619E-02   -0.70378E-04    0.13540E-03    0.31219E-03    0.22447E-03   -0.22630E-02   -0.10224E-03   -0.36207E-03    0.18968E-03   -0.46520E-03    0.83734E-03   -0.68458E-03    0.29813E-03   -0.14934E-03   -0.55625E-03   -0.11270E-02   -0.61602E-03    0.32359E-03    0.64374E-03    0.21464E-03    0.63883E-02   -0.32669E-03   -0.13652E-01    0.35587E-02    0.49436E-02    0.19801E-03    0.16128E-02   -0.41893E-03   -0.63237E-04   -0.11797E-03    0.90485E-06    0.39069E-04   -0.12317E-05    0.31512E-04    0.68043E-04   -0.89789E-06    0.88151E-04
    0.13566E-05   -0.62510E-05    0.13485E-05    0.30420E-04   -0.98944E-03    0.39734E-04    0.61971E-04   -0.89181E-01   -0.31523E-01   -0.46139E+00   -0.22286E-02    0.28757E+00    0.16576E-01    0.30539E-02   -0.19369E-03    0.52243E-02   -0.14669E-07   -0.85861E-05   -0.58710E-02   -0.36655E-01    0.48577E-02   -0.56375E-02   -0.10502E-02   -0.73030E-03   -0.72041E-03    0.24863E-02    0.44396E-02   -0.41739E-02    0.82076E-02   -0.60282E-02   -0.79050E-02   -0.10772E-01   -0.77788E-03   -0.79903E-02   -0.59648E-02   -0.38072E-02   -0.76876E-03    0.31076E-02    0.66473E-02    0.99944E-02   -0.94064E-02   -0.19142E+00    0.24244E-02   -0.11441E-01   -0.13731E+00   -0.57307E-03   -0.18856E-03    0.25795E-03   -0.16799E-03   -0.78134E-04   -0.74359E-05    0.43000E-04   -0.25030E-04    0.77548E-04    0.34512E-04   -0.39043E-04    0.18425E-03
   -0.49175E-09   -0.62915E-08    0.33369E-09    0.19198E-07    0.40470E-06   -0.79472E-07    0.86976E-07    0.14119E-02    0.66412E-04    0.26544E-04    0.16516E-05    0.11471E-04    0.49282E-05    0.14000E-06    0.27029E-06   -0.14669E-07    0.15685E-06    0.50701E-08   -0.76264E-06   -0.95616E-05   -0.25800E-04   -0.14251E-04    0.24982E-05    0.47435E-06    0.29817E-05    0.10919E-04    0.56829E-06    0.58373E-05    0.44203E-05    0.57930E-06    0.69972E-05   -0.12762E-05   -0.53061E-05    0.24610E-05    0.22605E-05    0.11197E-04    0.71788E-05   -0.19288E-05   -0.43020E-05    0.41956E-05    0.61025E-06   -0.30257E-05   -0.28639E-05   -0.35591E-06   -0.23789E-05    0.33925E-06    0.42017E-06   -0.79957E-07   -0.42300E-06    0.28008E-06   -0.23484E-07   -0.17231E-07   -0.25168E-07   -0.57869E-08    0.74880E-08   -0.44737E-07   -0.57348E-07
    0.15624E-08    0.10003E-07    0.23452E-08    0.87464E-07   -0.97332E-06    0.23239E-06    0.54500E-06   -0.31054E-02   -0.93635E-03   -0.11593E-03    0.76106E-04    0.33005E-04   -0.11880E-03   -0.22121E-05    0.44609E-05   -0.85861E-05    0.50701E-08    0.11467E-05    0.28346E-04    0.77394E-04    0.91640E-04    0.54594E-04   -0.13572E-04   -0.16162E-04   -0.23516E-05    0.40538E-03    0.28862E-04    0.76638E-05   -0.10420E-04    0.48436E-04   -0.36874E-03    0.25842E-04   -0.82943E-04    0.32780E-04    0.83922E-05    0.55897E-04    0.69125E-04   -0.55073E-04   -0.94924E-04    0.39448E-05    0.57531E-04    0.28819E-03    0.51580E-04    0.33688E-04    0.37199E-03    0.55792E-05    0.27883E-05   -0.28799E-05   -0.91183E-06   -0.10987E-05    0.28728E-06    0.11994E-05    0.39616E-06    0.10658E-05   -0.17315E-06    0.50288E-06    0.16632E-05
   -0.67050E-05    0.27542E-04   -0.68031E-05   -0.16503E-03    0.43226E-02   -0.20512E-03   -0.34242E-03    0.10698E+01    0.22090E+00    0.73450E-01    0.80963E-02   -0.36955E+00   -0.18933E+00   -0.12839E-02   -0.72360E-03   -0.58710E-02   -0.76264E-06    0.28346E-04    0.67875E-01    0.37332E+00   -0.83098E-02    0.82435E-03    0.10107E-02    0.64556E-03    0.27513E-03   -0.81320E-02   -0.84682E-03    0.35165E-02   -0.59011E-03   -0.38923E-03    0.11579E-01    0.30516E-02    0.26596E-02    0.55998E-02    0.72708E-02    0.31971E-03    0.26529E-02    0.16648E-02    0.35872E-02   -0.93694E-03    0.61887E-01    0.14718E+00    0.49666E-02    0.57249E-01    0.19781E+00    0.49183E-02    0.90198E-02    0.11347E-02    0.57397E-03    0.28494E-03    0.46501E-05    0.22503E-03    0.41024E-04    0.21531E-03   -0.24130E-03    0.19532E-03    0.46527E-03
   -0.76291E-04    0.18539E-03   -0.62450E-04   -0.14178E-02    0.57946E-01   -0.17887E-02   -0.30813E-02    0.86077E+01    0.86844E+00    0.15674E+01   -0.90119E+00   -0.43927E+01   -0.23386E+01   -0.19869E-01   -0.14674E-01   -0.36655E-01   -0.95616E-05    0.77394E-04    0.37332E+00    0.45893E+01   -0.56903E-01    0.31658E-01    0.18063E-01    0.24010E-01    0.14276E-01   -0.30718E-01   -0.14538E-01    0.30982E-01   -0.17302E-01    0.28259E-01    0.52610E-01    0.46717E-01    0.17660E-01    0.63881E-01    0.53298E-01    0.79489E-02    0.10896E-01    0.69841E-02   -0.60623E-02   -0.24018E-01    0.71550E-01    0.13529E+01    0.30894E+00    0.22355E+00    0.17057E+01   -0.46889E-01   -0.29853E-01    0.17196E-01    0.27703E-03   -0.63415E-02    0.39003E-03    0.24150E-02    0.62799E-03    0.23850E-02   -0.60863E-03    0.12261E-02    0.16029E-02
   -0.15375E-04    0.14399E-03   -0.14808E-04   -0.39606E-03    0.49312E-02   -0.46799E-03   -0.43153E-04    0.16159E+02   -0.10367E+00    0.85183E-02   -0.36455E-02    0.15497E+00    0.64098E-01    0.89650E-03    0.11619E-02    0.48577E-02   -0.25800E-04    0.91640E-04   -0.83098E-02   -0.56903E-01    0.65774E+00   -0.14191E+00   -0.19742E-02    0.11437E-01    0.11163E-01    0.19367E+00   -0.41883E-01   -0.42807E-01   -0.21856E-01   -0.53406E-01    0.12917E-01    0.37406E-01   -0.35256E-01   -0.44991E-01   -0.12348E+00    0.16265E+00    0.28113E-01   -0.66641E-02    0.20753E-01    0.67528E-01   -0.72232E-02   -0.14068E+00   -0.36018E-01   -0.12341E-01   -0.14368E+00    0.48327E-03    0.22169E-02    0.38035E-03    0.11513E-02   -0.11981E-03    0.51393E-04   -0.68568E-04    0.62117E-04   -0.15360E-03    0.15273E-03   -0.78516E-04   -0.22567E-03
   -0.93207E-05   -0.22062E-04    0.45043E-05   -0.66820E-04   -0.39784E-03   -0.22021E-03   -0.91083E-04   -0.67385E+01   -0.44681E-01    0.25909E+00   -0.19336E-01   -0.20644E+00   -0.14636E-02    0.13989E-02   -0.70378E-04   -0.56375E-02   -0.14251E-04    0.54594E-04    0.82435E-03    0.31658E-01   -0.14191E+00    0.90524E+00   -0.78186E-02    0.61415E-02   -0.16408E-02   -0.13316E+00    0.18957E+00    0.63339E-01   -0.18929E-01    0.40117E-01   -0.10951E+00    0.21326E-01    0.26244E-01    0.17871E-01    0.16646E+00   -0.20599E+00    0.51777E-01    0.10916E+00    0.11345E-01   -0.21341E+00   -0.18090E-02    0.89032E-01   -0.21494E-01    0.37715E-02    0.54560E-01   -0.50927E-03    0.15528E-03    0.36556E-03    0.37814E-03    0.18264E-02   -0.98879E-04   -0.31046E-03   -0.98381E-04   -0.24395E-03   -0.29271E-04   -0.14969E-03   -0.60008E-04
    0.11946E-05   -0.57493E-04    0.66110E-05    0.31072E-03    0.25148E-02    0.60601E-04    0.44898E-03    0.40630E+00    0.28653E-01   -0.14884E-01   -0.43130E-02   -0.57224E-02   -0.46909E-02    0.71266E-03    0.13540E-03   -0.10502E-02    0.24982E-05   -0.13572E-04    0.10107E-02    0.18063E-01   -0.19742E-02   -0.78186E-02    0.10033E+01    0.16776E-01   -0.15275E-02   -0.38845E-01   -0.29663E-01    0.17177E+00   -0.10701E-01    0.83782E-01   -0.12736E-01    0.31964E-01   -0.24689E-01   -0.12881E-01    0.96163E-01   -0.53923E-01    0.27400E-01    0.15381E-01   -0.19197E+00    0.10064E+00    0.24000E-02    0.12459E-01   -0.35712E-02    0.11929E-02    0.39088E-01   -0.20803E-03    0.87532E-04    0.12838E-03   -0.36824E-03   -0.12901E-03    0.40711E-04    0.39276E-04    0.21277E-05    0.26536E-04   -0.12746E-03   -0.91129E-05    0.51442E-04
   -0.90229E-06    0.98695E-05    0.42254E-05   -0.13222E-03    0.99542E-03    0.21251E-04   -0.24768E-03    0.18580E+00   -0.28473E-02   -0.10195E+00   -0.42099E-02    0.23810E-02   -0.14683E-01    0.67699E-03    0.31219E-03   -0.73030E-03    0.47435E-06   -0.16162E-04    0.64556E-03    0.24010E-01    0.11437E-01    0.61415E-02    0.16776E-01    0.99996E+00   -0.20355E-03    0.60352E-01   -0.78270E-01    0.74517E-01   -0.88585E-01    0.48950E-01    0.69991E-01    0.11292E+00    0.47979E-01    0.14155E+00   -0.11130E+00    0.89882E-01    0.43329E-01    0.16651E-02   -0.11732E+00    0.59086E-01    0.32998E-02    0.51547E-03   -0.56472E-02   -0.11184E-02    0.38467E-01   -0.13442E-03    0.30047E-04   -0.12471E-03    0.30286E-03    0.86576E-03    0.18232E-04    0.64199E-04    0.14769E-04    0.48147E-04   -0.99250E-04    0.15202E-04    0.84138E-04
    0.54797E-06   -0.25287E-05    0.27654E-05    0.10058E-03    0.16289E-02    0.37067E-04    0.22282E-03   -0.11408E+00    0.66853E-02    0.79380E-01   -0.48262E-02   -0.58285E-01   -0.34742E-02   -0.63473E-03    0.22447E-03   -0.72041E-03    0.29817E-05   -0.23516E-05    0.27513E-03    0.14276E-01    0.11163E-01   -0.16408E-02   -0.15275E-02   -0.20355E-03    0.10038E+01    0.41793E-01    0.42946E-01   -0.38579E-01    0.45225E-01    0.75865E-01    0.67738E-01   -0.71668E-01   -0.80692E-01    0.64372E-01    0.53009E-01    0.98706E-01   -0.70010E-01    0.87211E-01   -0.21108E-01    0.11754E-01    0.52449E-03    0.20746E-01   -0.16051E-01    0.34232E-02   -0.38334E-02    0.64129E-03    0.53026E-03    0.68640E-04   -0.32257E-03    0.18161E-02    0.42755E-04   -0.67133E-05    0.45226E-04   -0.28596E-04   -0.95209E-04    0.11500E-03    0.29390E-04
    0.42885E-06    0.44317E-04    0.36487E-05    0.43950E-05   -0.22272E-02    0.27235E-03    0.50843E-03   -0.25820E+01    0.20365E+00   -0.64777E-02   -0.18993E-01    0.18991E-02    0.41368E-01    0.10155E-02   -0.22630E-02    0.24863E-02    0.10919E-04    0.40538E-03   -0.81320E-02   -0.30718E-01    0.19367E+00   -0.13316E+00   -0.38845E-01    0.60352E-01    0.41793E-01    0.78795E+00   -0.16338E-01   -0.61991E-02   -0.24792E-01   -0.16851E-01    0.74954E-01    0.10873E+00   -0.91007E-01    0.44107E-03   -0.65721E-01    0.63160E+00    0.22745E+00   -0.43993E-01   -0.39899E-01    0.74998E-01   -0.62881E-02   -0.11204E-01    0.57021E-03    0.18547E-02   -0.16818E-01   -0.19554E-02   -0.14339E-02    0.10149E-02    0.58314E-03   -0.31125E-03    0.31796E-03    0.81626E-04    0.33473E-03   -0.45678E-05    0.60981E-03    0.31095E-03   -0.10172E-04
   -0.28697E-05   -0.40841E-05    0.21913E-05    0.45535E-04    0.23446E-03    0.94218E-04    0.20002E-03   -0.49673E+01   -0.16877E+00   -0.28842E-01    0.51507E-02    0.80349E-01    0.22204E-01   -0.25463E-02   -0.10224E-03    0.44396E-02    0.56829E-06    0.28862E-04   -0.84682E-03   -0.14538E-01   -0.41883E-01    0.18957E+00   -0.29663E-01   -0.78270E-01    0.42946E-01   -0.16338E-01    0.97926E+00    0.44357E-02    0.27953E-02   -0.46848E-02    0.61144E-01   -0.88381E-03   -0.58048E-01   -0.25060E-01    0.14562E+00   -0.72965E-01    0.25473E+00    0.76244E+00    0.29296E+00   -0.18893E+00   -0.61048E-02   -0.10741E+00   -0.11330E-01   -0.28993E-02   -0.91111E-01    0.34663E-03    0.13055E-02    0.30788E-03   -0.10124E-02   -0.13099E-02    0.80157E-04   -0.21186E-03    0.13654E-04   -0.69023E-04    0.17560E-03    0.64598E-04    0.19169E-04
    0.45344E-06   -0.10135E-04    0.21314E-05    0.12251E-03    0.11311E-02    0.35932E-04    0.21770E-03   -0.81607E+00   -0.18946E+00   -0.14910E-02   -0.66826E-02   -0.11164E+00   -0.30269E-01    0.47809E-03   -0.36207E-03   -0.41739E-02    0.58373E-05    0.76638E-05    0.35165E-02    0.30982E-01   -0.42807E-01    0.63339E-01    0.17177E+00    0.74517E-01   -0.38579E-01   -0.61991E-02    0.44357E-02    0.99050E+00   -0.21314E-02   -0.88535E-02    0.76137E-01   -0.44110E-01    0.14402E+00    0.16554E+00   -0.14080E+00   -0.19998E+00    0.63501E+00    0.14134E+00   -0.61067E+00    0.17655E+00    0.73394E-02    0.96158E-01    0.15006E-01    0.68022E-02    0.10097E+00   -0.47451E-03   -0.16262E-02   -0.21187E-03    0.79346E-03   -0.73022E-03    0.28864E-04    0.16122E-03    0.18555E-04    0.28119E-04   -0.15423E-03   -0.26696E-04    0.15242E-03
    0.71205E-05   -0.39146E-04    0.76198E-05    0.70624E-04   -0.31567E-02    0.13814E-03    0.77596E-04   -0.85173E+00   -0.22203E+00   -0.16365E+00    0.99826E-02    0.24436E+00    0.93132E-02   -0.17232E-02    0.18968E-03    0.82076E-02    0.44203E-05   -0.10420E-04   -0.59011E-03   -0.17302E-01   -0.21856E-01   -0.18929E-01   -0.10701E-01   -0.88585E-01    0.45225E-01   -0.24792E-01    0.27953E-02   -0.21314E-02    0.99334E+00    0.56780E-02   -0.31768E-01   -0.85453E-01   -0.15569E+00   -0.34002E-01   -0.91939E-01   -0.91736E-01    0.72274E-01   -0.49485E-01    0.30718E+00    0.67090E+00   -0.96100E-02   -0.20809E+00   -0.32313E-02   -0.90452E-02   -0.17183E+00    0.81987E-03    0.16888E-02    0.16933E-03   -0.46479E-03   -0.15907E-02    0.58150E-04    0.17809E-03    0.36974E-04    0.22316E-04    0.29139E-04    0.20579E-04    0.27627E-04
    0.64694E-07   -0.16178E-04    0.13437E-05    0.53774E-04    0.52426E-03   -0.13126E-04    0.37766E-04   -0.10658E+01    0.82465E-02    0.23781E+00   -0.14669E-01   -0.24285E+00   -0.16440E-01   -0.21955E-03   -0.46520E-03   -0.60282E-02    0.57930E-06    0.48436E-04   -0.38923E-03    0.28259E-01   -0.53406E-01    0.40117E-01    0.83782E-01    0.48950E-01    0.75865E-01   -0.16851E-01   -0.46848E-02   -0.88535E-02    0.56780E-02    0.99904E+00   -0.65259E-01    0.77450E-01    0.36087E-01    0.15154E+00    0.87806E-02    0.11320E+00   -0.57343E+00    0.38539E+00   -0.34038E+00    0.22656E+00   -0.78328E-03    0.16844E+00    0.12481E-01    0.70581E-02    0.14667E+00   -0.14799E-02   -0.16401E-02    0.80509E-04    0.16934E-02   -0.88532E-03    0.81837E-06   -0.17944E-03   -0.42257E-04   -0.44912E-04   -0.10755E-04    0.26427E-05    0.66741E-04
   -0.30201E-05    0.38479E-04   -0.81628E-05   -0.24764E-04    0.23767E-02   -0.50342E-06    0.51655E-04   -0.41045E+00   -0.24273E+00    0.20335E+00    0.21931E-01   -0.20872E+00   -0.59363E-01   -0.21387E-02    0.83734E-03   -0.79050E-02    0.69972E-05   -0.36874E-03    0.11579E-01    0.52610E-01    0.12917E-01   -0.10951E+00   -0.12736E-01    0.69991E-01    0.67738E-01    0.74954E-01    0.61144E-01    0.76137E-01   -0.31768E-01   -0.65259E-01    0.86013E+00    0.11574E-01   -0.24145E-01    0.67873E-02   -0.41363E-02    0.59728E+00    0.18397E+00    0.12068E+00    0.45536E-01   -0.96473E-01    0.20922E-01    0.25834E+00    0.25327E-01    0.16708E-01    0.27763E+00    0.14114E-02   -0.37868E-03   -0.11542E-02    0.10059E-02   -0.81217E-03    0.56078E-04    0.31491E-03    0.13589E-03    0.31335E-03   -0.24660E-03    0.63557E-04    0.27845E-03
   -0.52208E-05    0.33081E-04   -0.33273E-05   -0.16975E-03    0.31239E-02   -0.15707E-03   -0.22351E-03    0.32515E+00    0.18619E+00    0.25858E+00   -0.17939E-01   -0.37790E+00   -0.27747E-01    0.12688E-02   -0.68458E-03   -0.10772E-01   -0.12762E-05    0.25842E-04    0.30516E-02    0.46717E-01    0.37406E-01    0.21326E-01    0.31964E-01    0.11292E+00   -0.71668E-01    0.10873E+00   -0.88381E-03   -0.44110E-01   -0.85453E-01    0.77450E-01    0.11574E-01    0.96587E+00    0.10906E-01   -0.16031E-01   -0.62402E-02    0.92784E-01    0.16022E+00    0.18642E-02    0.14736E+00    0.15335E+00    0.10832E-01    0.29930E+00    0.29365E-02    0.17348E-01    0.23957E+00   -0.89245E-03   -0.20340E-02   -0.13870E-03   -0.95307E-04    0.76021E-03   -0.28356E-04   -0.22293E-04    0.24391E-04   -0.52686E-04    0.10233E-03   -0.31992E-04   -0.25376E-03
   -0.21189E-05   -0.24449E-04    0.15582E-05   -0.16522E-05    0.22215E-02    0.11586E-04   -0.14825E-03    0.29610E+00    0.56807E-01   -0.57749E-01    0.55240E-02   -0.17498E-01   -0.23111E-01   -0.61097E-03    0.29813E-03   -0.77788E-03   -0.53061E-05   -0.82943E-04    0.26596E-02    0.17660E-01   -0.35256E-01    0.26244E-01   -0.24689E-01    0.47979E-01   -0.80692E-01   -0.91007E-01   -0.58048E-01    0.14402E+00   -0.15569E+00    0.36087E-01   -0.24145E-01    0.10906E-01    0.99048E+00    0.10788E-01   -0.23951E-02   -0.12189E+00    0.46328E-01    0.15907E+00    0.15466E-01   -0.69191E-01    0.17366E-03    0.43466E-01    0.22377E-01    0.14701E-03    0.34502E-01   -0.69264E-04   -0.58102E-03   -0.33662E-03    0.29367E-03   -0.12952E-02   -0.90601E-04    0.20192E-03   -0.15193E-03    0.53846E-04   -0.34823E-03   -0.66286E-04   -0.14369E-03
   -0.48328E-06   -0.26568E-04    0.19363E-05   -0.54804E-04    0.59181E-03    0.27488E-04   -0.20936E-03   -0.78944E+00   -0.16965E-01    0.28542E+00   -0.15730E-01   -0.33203E+00   -0.41066E-01   -0.11334E-03   -0.14934E-03   -0.79903E-02    0.24610E-05    0.32780E-04    0.55998E-02    0.63881E-01   -0.44991E-01    0.17871E-01   -0.12881E-01    0.14155E+00    0.64372E-01    0.44107E-03   -0.25060E-01    0.16554E+00   -0.34002E-01    0.15154E+00    0.67873E-02   -0.16031E-01    0.10788E-01    0.97791E+00    0.14000E-02   -0.14154E-01    0.30955E-01    0.11720E+00   -0.27299E+00    0.12328E+00    0.81174E-02    0.23317E+00    0.19145E-01    0.13968E-01    0.20295E+00   -0.13002E-02   -0.17759E-02   -0.75672E-04    0.67164E-03    0.45202E-03   -0.44466E-04   -0.53531E-04    0.71679E-04   -0.49365E-04   -0.13797E-04    0.38232E-04   -0.42762E-04
    0.23379E-07   -0.45061E-04    0.10104E-04    0.12961E-03   -0.22365E-03    0.55631E-04    0.80817E-04   -0.36505E+01    0.43925E-01    0.15045E+00   -0.84370E-02   -0.22510E+00   -0.30998E-01   -0.15184E-03   -0.55625E-03   -0.59648E-02    0.22605E-05    0.83922E-05    0.72708E-02    0.53298E-01   -0.12348E+00    0.16646E+00    0.96163E-01   -0.11130E+00    0.53009E-01   -0.65721E-01    0.14562E+00   -0.14080E+00   -0.91939E-01    0.87806E-02   -0.41363E-02   -0.62402E-02   -0.23951E-02    0.14000E-02    0.99105E+00   -0.40026E-01   -0.57064E-01    0.24161E-01    0.17837E+00   -0.91023E-01    0.46453E-02    0.17049E+00    0.33984E-02    0.10721E-01    0.12067E+00   -0.45356E-03   -0.63050E-03    0.79185E-04    0.59772E-03   -0.18773E-02    0.84075E-05   -0.11968E-03   -0.88854E-04   -0.69685E-04    0.37193E-04   -0.30968E-04    0.90827E-04
   -0.17111E-05    0.64316E-04   -0.38888E-05   -0.53694E-04   -0.23407E-03    0.16554E-03    0.32794E-03   -0.14447E+01    0.68906E-01    0.17066E+00   -0.14074E-02   -0.15075E+00   -0.52351E-02   -0.41477E-03   -0.11270E-02   -0.38072E-02    0.11197E-04    0.55897E-04    0.31971E-03    0.79489E-02    0.16265E+00   -0.20599E+00   -0.53923E-01    0.89882E-01    0.98706E-01    0.63160E+00   -0.72965E-01   -0.19998E+00   -0.91736E-01    0.11320E+00    0.59728E+00    0.92784E-01   -0.12189E+00   -0.14154E-01   -0.40026E-01    0.95602E+00   -0.21849E-01    0.13739E-01    0.82984E-02   -0.28207E-01    0.76872E-02    0.17413E+00    0.16050E-01    0.11526E-01    0.17738E+00   -0.72544E-03   -0.14188E-02    0.17426E-04    0.13740E-02   -0.44227E-03    0.24953E-03    0.20821E-03    0.32048E-03    0.19580E-03    0.29409E-03    0.26806E-03    0.16358E-03
   -0.12409E-05    0.95152E-05    0.19001E-05    0.71147E-04    0.72619E-03    0.12950E-03    0.31294E-03   -0.25886E+01   -0.14749E+00   -0.68006E-01    0.10907E-03   -0.30718E-01   -0.61977E-02    0.39743E-04   -0.61602E-03   -0.76876E-03    0.71788E-05    0.69125E-04    0.26529E-02    0.10896E-01    0.28113E-01    0.51777E-01    0.27400E-01    0.43329E-01   -0.70010E-01    0.22745E+00    0.25473E+00    0.63501E+00    0.72274E-01   -0.57343E+00    0.18397E+00    0.16022E+00    0.46328E-01    0.30955E-01   -0.57064E-01   -0.21849E-01    0.99604E+00    0.37774E-02    0.97309E-02   -0.96213E-02    0.67198E-02    0.34063E-01    0.27492E-02    0.73321E-02    0.40383E-01    0.22370E-03   -0.33650E-03    0.30253E-04   -0.57891E-03   -0.40534E-03    0.13151E-03    0.21668E-03    0.15206E-03    0.41271E-04    0.15735E-03    0.90364E-04    0.14395E-04
   -0.33707E-05   -0.84876E-06   -0.11943E-05   -0.16955E-04    0.11147E-02    0.52654E-04    0.40127E-04   -0.23688E+01   -0.21492E+00    0.91343E-01    0.91237E-02   -0.32748E-02   -0.69006E-03   -0.31206E-02    0.32359E-03    0.31076E-02   -0.19288E-05   -0.55073E-04    0.16648E-02    0.69841E-02   -0.66641E-02    0.10916E+00    0.15381E-01    0.16651E-02    0.87211E-01   -0.43993E-01    0.76244E+00    0.14134E+00   -0.49485E-01    0.38539E+00    0.12068E+00    0.18642E-02    0.15907E+00    0.11720E+00    0.24161E-01    0.13739E-01    0.37774E-02    0.98061E+00   -0.14491E-01   -0.20251E-02   -0.16635E-02   -0.34031E-01    0.84702E-02   -0.22733E-02   -0.30134E-01    0.35936E-03    0.55569E-03   -0.14302E-03    0.10909E-03   -0.20891E-02    0.75070E-04   -0.11790E-03   -0.12192E-04   -0.25546E-05   -0.67437E-04    0.36202E-04    0.94169E-04
   -0.13295E-05   -0.40995E-05    0.70873E-06   -0.53599E-04   -0.12325E-03    0.27728E-04   -0.97174E-04   -0.63786E+00   -0.31395E-01   -0.24479E-01    0.19470E-01    0.14224E+00    0.77241E-02   -0.27707E-02    0.64374E-03    0.66473E-02   -0.43020E-05   -0.94924E-04    0.35872E-02   -0.60623E-02    0.20753E-01    0.11345E-01   -0.19197E+00   -0.11732E+00   -0.21108E-01   -0.39899E-01    0.29296E+00   -0.61067E+00    0.30718E+00   -0.34038E+00    0.45536E-01    0.14736E+00    0.15466E-01   -0.27299E+00    0.17837E+00    0.82984E-02    0.97309E-02   -0.14491E-01    0.97724E+00   -0.30272E-02   -0.43587E-02   -0.12979E+00   -0.42269E-02   -0.53061E-02   -0.13667E+00    0.14788E-02    0.24159E-02   -0.49722E-04   -0.17008E-02   -0.22665E-03   -0.31018E-05    0.75084E-05   -0.32229E-04    0.12060E-04    0.14924E-04   -0.82159E-05   -0.22835E-03
    0.83522E-05   -0.19490E-04    0.92665E-05   -0.15010E-04   -0.23284E-02    0.12084E-03   -0.33429E-04    0.24266E+01   -0.19957E-01   -0.32491E+00    0.11286E-01    0.31710E+00    0.82194E-02   -0.15278E-02    0.21464E-03    0.99944E-02    0.41956E-05    0.39448E-05   -0.93694E-03   -0.24018E-01    0.67528E-01   -0.21341E+00    0.10064E+00    0.59086E-01    0.11754E-01    0.74998E-01   -0.18893E+00    0.17655E+00    0.67090E+00    0.22656E+00   -0.96473E-01    0.15335E+00   -0.69191E-01    0.12328E+00   -0.91023E-01   -0.28207E-01   -0.96213E-02   -0.20251E-02   -0.30272E-02    0.97771E+00   -0.73862E-02   -0.26032E+00    0.68753E-02   -0.11375E-01   -0.19556E+00    0.65970E-03    0.11751E-02    0.93534E-04   -0.53286E-03   -0.23648E-02    0.11156E-03    0.15188E-03    0.53601E-04    0.62017E-04    0.39353E-04    0.27638E-04    0.20631E-03
    0.12083E-04   -0.12672E-04    0.11228E-04    0.18605E-03   -0.82556E-02    0.14666E-03    0.38570E-03    0.22856E+00    0.19414E+00    0.17661E+00    0.58589E-01   -0.36746E+00   -0.67943E-01   -0.15066E-02    0.63883E-02   -0.94064E-02    0.61025E-06    0.57531E-04    0.61887E-01    0.71550E-01   -0.72232E-02   -0.18090E-02    0.24000E-02    0.32998E-02    0.52449E-03   -0.62881E-02   -0.61048E-02    0.73394E-02   -0.96100E-02   -0.78328E-03    0.20922E-01    0.10832E-01    0.17366E-03    0.81174E-02    0.46453E-02    0.76872E-02    0.67198E-02   -0.16635E-02   -0.43587E-02   -0.73862E-02    0.33915E+00    0.19681E+00    0.14077E-01    0.15362E+00    0.50756E+00    0.12721E-01    0.16550E-01   -0.46145E-02   -0.21350E-02   -0.29528E-02    0.58242E-03    0.14754E-04    0.80768E-03   -0.23064E-04   -0.35094E-03    0.19014E-03    0.14199E-02
    0.99983E-04   -0.59120E-03    0.92117E-04    0.13692E-02   -0.28155E-01    0.21147E-02    0.13885E-02    0.80419E+00   -0.18335E+01    0.17425E+02   -0.17310E+00   -0.11726E+02   -0.79318E+00   -0.14668E+00   -0.32669E-03   -0.19142E+00   -0.30257E-05    0.28819E-03    0.14718E+00    0.13529E+01   -0.14068E+00    0.89032E-01    0.12459E-01    0.51547E-03    0.20746E-01   -0.11204E-01   -0.10741E+00    0.96158E-01   -0.20809E+00    0.16844E+00    0.25834E+00    0.29930E+00    0.43466E-01    0.23317E+00    0.17049E+00    0.17413E+00    0.34063E-01   -0.34031E-01   -0.12979E+00   -0.26032E+00    0.19681E+00    0.15860E+02    0.16741E+00    0.42252E+00    0.57421E+01   -0.72161E-02   -0.42347E-01   -0.11428E-01    0.12819E-01    0.11395E-01    0.20704E-02    0.21069E-01    0.24846E-02    0.13760E-01    0.96623E-03    0.34859E-02   -0.71671E-02
    0.30096E-04   -0.13742E-03    0.28279E-04    0.65846E-03   -0.21201E-01    0.61116E-03    0.11522E-02    0.47900E+01    0.85172E+00   -0.84506E+00   -0.20142E+00   -0.96986E-01   -0.77162E+00   -0.90681E-02   -0.13652E-01    0.24244E-02   -0.28639E-05    0.51580E-04    0.49666E-02    0.30894E+00   -0.36018E-01   -0.21494E-01   -0.35712E-02   -0.56472E-02   -0.16051E-01    0.57021E-03   -0.11330E-01    0.15006E-01   -0.32313E-02    0.12481E-01    0.25327E-01    0.29365E-02    0.22377E-01    0.19145E-01    0.33984E-02    0.16050E-01    0.27492E-02    0.84702E-02   -0.42269E-02    0.68753E-02    0.14077E-01    0.16741E+00    0.22519E+01   -0.51094E-02    0.34140E+00   -0.93048E-01   -0.10938E+00   -0.42323E-02    0.19806E-02    0.28994E-02   -0.45433E-03    0.12887E-02   -0.30595E-03    0.12327E-02    0.44009E-03    0.12308E-03    0.97241E-03
    0.27027E-04   -0.10485E-03    0.23886E-04    0.37935E-03   -0.14514E-01    0.44769E-03    0.58002E-03   -0.62810E+00   -0.31009E+00    0.54165E+00   -0.12937E-01   -0.74267E+00   -0.91194E-01   -0.40457E-02    0.35587E-02   -0.11441E-01   -0.35591E-06    0.33688E-04    0.57249E-01    0.22355E+00   -0.12341E-01    0.37715E-02    0.11929E-02   -0.11184E-02    0.34232E-02    0.18547E-02   -0.28993E-02    0.68022E-02   -0.90452E-02    0.70581E-02    0.16708E-01    0.17348E-01    0.14701E-03    0.13968E-01    0.10721E-01    0.11526E-01    0.73321E-02   -0.22733E-02   -0.53061E-02   -0.11375E-01    0.15362E+00    0.42252E+00   -0.51094E-02    0.24667E+00    0.37078E+00    0.71647E-02    0.15199E-01   -0.88951E-04    0.32017E-03    0.19207E-02    0.20216E-03   -0.60388E-04    0.28265E-03   -0.40553E-04    0.50683E-03    0.38392E-03    0.20919E-03
    0.10517E-03   -0.52678E-03    0.11676E-03    0.13020E-02   -0.38612E-01    0.18010E-02    0.13544E-02    0.47624E+01   -0.99715E+00    0.86984E+01   -0.71699E-01   -0.76829E+01   -0.11698E+01   -0.10292E+00    0.49436E-02   -0.13731E+00   -0.23789E-05    0.37199E-03    0.19781E+00    0.17057E+01   -0.14368E+00    0.54560E-01    0.39088E-01    0.38467E-01   -0.38334E-02   -0.16818E-01   -0.91111E-01    0.10097E+00   -0.17183E+00    0.14667E+00    0.27763E+00    0.23957E+00    0.34502E-01    0.20295E+00    0.12067E+00    0.17738E+00    0.40383E-01   -0.30134E-01   -0.13667E+00   -0.19556E+00    0.50756E+00    0.57421E+01    0.34140E+00    0.37078E+00    0.16647E+02   -0.51601E-02   -0.63899E-01   -0.24943E-01   -0.85098E-04   -0.11328E-01    0.20116E-02    0.25403E-02    0.23178E-02    0.15472E-02    0.71378E-03    0.52306E-02    0.30100E-01
   -0.64663E-06    0.50196E-05   -0.77325E-06   -0.38189E-04    0.51819E-03   -0.27368E-04   -0.73848E-04   -0.43067E-01    0.85524E-02   -0.48993E-01    0.48346E-01    0.57663E-01    0.43673E-01    0.46243E-03    0.19801E-03   -0.57307E-03    0.33925E-06    0.55792E-05    0.49183E-02   -0.46889E-01    0.48327E-03   -0.50927E-03   -0.20803E-03   -0.13442E-03    0.64129E-03   -0.19554E-02    0.34663E-03   -0.47451E-03    0.81987E-03   -0.14799E-02    0.14114E-02   -0.89245E-03   -0.69264E-04   -0.13002E-02   -0.45356E-03   -0.72544E-03    0.22370E-03    0.35936E-03    0.14788E-02    0.65970E-03    0.12721E-01   -0.72161E-02   -0.93048E-01    0.71647E-02   -0.51601E-02    0.85738E-02    0.81221E-02   -0.17644E-03   -0.41966E-04   -0.58329E-04    0.15225E-04   -0.95461E-05    0.11766E-04   -0.10386E-04   -0.70869E-04    0.32751E-04    0.10550E-03
