# omegabh2 omegach2 theta tau nnu logA ns aps100 aps143 aps217 acib143 acib217 asz143 psr cibr ncib xi aksz cal0 cal2 bm_1_1
    0.9098525E-07    0.3970809E-06   -0.1300048E-07    0.1624478E-05    0.5041697E-04    0.4424479E-05    0.2582593E-05    0.8014126E-03   -0.2121958E-03   -0.1609180E-03    0.8677953E-04    0.3455408E-04    0.2608670E-06   -0.8102628E-06    0.1566767E-05   -0.1123153E-05   -0.2344646E-05    0.4042607E-04    0.2424280E-08    0.1783050E-07    0.2777119E-05
    0.3970809E-06    0.1613764E-04   -0.1552108E-05    0.2700228E-05    0.8843434E-03    0.4557164E-04    0.2289839E-04    0.2141277E-01    0.6820364E-02   -0.8167286E-02    0.2492135E-02    0.8255566E-02    0.5183614E-03   -0.1934770E-04    0.1407808E-03    0.9225690E-04   -0.1672892E-04    0.1390529E-02   -0.1563502E-06    0.6556334E-06    0.3129519E-03
   -0.1300048E-07   -0.1552108E-05    0.3499742E-06    0.2598641E-06   -0.8667063E-04   -0.3171320E-05   -0.1946345E-05   -0.2002930E-02   -0.9629734E-03    0.6285012E-03   -0.1901162E-03   -0.8093887E-03   -0.2983872E-04    0.1838132E-05   -0.1348580E-04   -0.9369777E-05    0.1713841E-05   -0.1304827E-03    0.3371587E-07   -0.7126531E-07   -0.2892992E-04
    0.1624478E-05    0.2700228E-05    0.2598641E-06    0.2135552E-03    0.9737666E-03    0.4365581E-03    0.7422317E-04   -0.1732697E-01    0.4980495E-02    0.1482317E-01   -0.4600136E-02   -0.8112974E-02   -0.2177348E-02    0.5555901E-04   -0.1129696E-03   -0.5633484E-04    0.9117344E-04   -0.2558713E-02   -0.2636434E-06    0.1462532E-05   -0.4590146E-04
    0.5041697E-04    0.8843434E-03   -0.8667063E-04    0.9737666E-03    0.6839827E-01    0.4190828E-02    0.2552572E-02    0.1315285E+01    0.3391467E+00   -0.5857032E+00    0.2133446E+00    0.5355863E+00    0.2957447E-01   -0.1863641E-02    0.9310443E-02    0.5112632E-02   -0.2199509E-02    0.1030665E+00   -0.8427446E-05    0.4109719E-04    0.1392303E-01
    0.4424479E-05    0.4557164E-04   -0.3171320E-05    0.4365581E-03    0.4190828E-02    0.9997401E-03    0.2080466E-03    0.1625587E-01    0.3204867E-01    0.1710288E-01   -0.5779423E-02    0.1953977E-02   -0.3945453E-02    0.1091349E-03    0.2822950E-04    0.1614429E-03    0.1768923E-03   -0.3232980E-02   -0.6461836E-06    0.5886030E-05    0.1245159E-02
    0.2582593E-05    0.2289839E-04   -0.1946345E-05    0.7422317E-04    0.2552572E-02    0.2080466E-03    0.1328808E-03    0.2000259E-01    0.9668203E-02    0.5180982E-03    0.2469122E-02    0.6001342E-02   -0.2134869E-04    0.3655396E-05    0.1413723E-03    0.6149072E-04   -0.1638567E-04    0.7916536E-03   -0.3772883E-06    0.2204735E-05    0.5491704E-03
    0.8014126E-03    0.2141277E-01   -0.2002930E-02   -0.1732697E-01    0.1315285E+01    0.1625587E-01    0.2000259E-01    0.2379703E+04    0.6354658E+02   -0.1374066E+03    0.6276813E+02    0.8542652E+02   -0.4993163E+02   -0.1096689E+01   -0.6218819E+00    0.4295826E+00   -0.2942958E+00   -0.1202581E+02    0.2177535E-02   -0.7562350E-03    0.1129881E+02
   -0.2121958E-03    0.6820364E-02   -0.9629734E-03    0.4980495E-02    0.3391467E+00    0.3204867E-01    0.9668203E-02    0.6354658E+02    0.1292475E+03    0.3064955E+02   -0.2148573E+02    0.1608624E+01   -0.7096241E+01   -0.4224877E-01    0.1720960E+00    0.1532159E+00    0.1218879E+01   -0.1164108E+02   -0.2175992E-03    0.1801314E-02    0.3482073E+00
   -0.1609180E-03   -0.8167286E-02    0.6285012E-03    0.1482317E-01   -0.5857032E+00    0.1710288E-01    0.5180982E-03   -0.1374066E+03    0.3064955E+02    0.3502279E+03   -0.3909937E+02   -0.1693953E+03   -0.3183094E+01    0.3279472E+00   -0.1830600E+01   -0.1866530E+01    0.4622458E+00   -0.9626971E+01   -0.7747295E-03   -0.3786432E-02    0.1129359E-01
    0.8677953E-04    0.2492135E-02   -0.1901162E-03   -0.4600136E-02    0.2133446E+00   -0.5779423E-02    0.2469122E-02    0.6276813E+02   -0.2148573E+02   -0.3909937E+02    0.2542976E+02    0.2266599E+02   -0.7276636E+00   -0.6308875E-01    0.7783681E-01    0.2059161E+00    0.1670481E+00   -0.6710094E+00   -0.2768408E-04   -0.7487781E-03   -0.3043271E+00
    0.3455408E-04    0.8255566E-02   -0.8093887E-03   -0.8112974E-02    0.5355863E+00    0.1953977E-02    0.6001342E-02    0.8542652E+02    0.1608624E+01   -0.1693953E+03    0.2266599E+02    0.9606608E+02    0.2240122E+01   -0.9231636E-01    0.9199977E+00    0.1198775E+01   -0.2656974E+00   -0.1473456E+01    0.4219168E-03    0.1735037E-02    0.2045812E+00
    0.2608670E-06    0.5183614E-03   -0.2983872E-04   -0.2177348E-02    0.2957447E-01   -0.3945453E-02   -0.2134869E-04   -0.4993163E+02   -0.7096241E+01   -0.3183094E+01   -0.7276636E+00    0.2240122E+01    0.6618031E+01    0.5363411E-01    0.2533222E+00    0.2009142E-01   -0.6467190E-01   -0.1551772E+00    0.1170991E-03   -0.5753875E-03    0.1431780E+00
   -0.8102628E-06   -0.1934770E-04    0.1838132E-05    0.5555901E-04   -0.1863641E-02    0.1091349E-03    0.3655396E-05   -0.1096689E+01   -0.4224877E-01    0.3279472E+00   -0.6308875E-01   -0.9231636E-01    0.5363411E-01    0.1799841E-01   -0.1103708E-01    0.4734467E-02    0.8607603E-02   -0.2631812E-01    0.6363148E-05   -0.2673895E-04    0.2584460E-02
    0.1566767E-05    0.1407808E-03   -0.1348580E-04   -0.1129696E-03    0.9310443E-02    0.2822950E-04    0.1413723E-03   -0.6218819E+00    0.1720960E+00   -0.1830600E+01    0.7783681E-01    0.9199977E+00    0.2533222E+00   -0.1103708E-01    0.5031767E-01    0.1687767E-02    0.2465810E-02   -0.7529451E-02   -0.3252390E-06    0.7151133E-04    0.5418834E-02
   -0.1123153E-05    0.9225690E-04   -0.9369777E-05   -0.5633484E-04    0.5112632E-02    0.1614429E-03    0.6149072E-04    0.4295826E+00    0.1532159E+00   -0.1866530E+01    0.2059161E+00    0.1198775E+01    0.2009142E-01    0.4734467E-02    0.1687767E-02    0.2581293E-01    0.1029508E-03   -0.1953646E-01    0.9803194E-05   -0.5605025E-04    0.1070930E-01
   -0.2344646E-05   -0.1672892E-04    0.1713841E-05    0.9117344E-04   -0.2199509E-02    0.1768923E-03   -0.1638567E-04   -0.2942958E+00    0.1218879E+01    0.4622458E+00    0.1670481E+00   -0.2656974E+00   -0.6467190E-01    0.8607603E-02    0.2465810E-02    0.1029508E-03    0.8263699E-01    0.6662868E-02   -0.3663111E-05   -0.1131487E-04    0.4898316E-04
    0.4042607E-04    0.1390529E-02   -0.1304827E-03   -0.2558713E-02    0.1030665E+00   -0.3232980E-02    0.7916536E-03   -0.1202581E+02   -0.1164108E+02   -0.9626971E+01   -0.6710094E+00   -0.1473456E+01   -0.1551772E+00   -0.2631812E-01   -0.7529451E-02   -0.1953646E-01    0.6662868E-02    0.7863661E+01   -0.1858076E-04   -0.2319423E-03   -0.2965257E-01
    0.2424280E-08   -0.1563502E-06    0.3371587E-07   -0.2636434E-06   -0.8427446E-05   -0.6461836E-06   -0.3772883E-06    0.2177535E-02   -0.2175992E-03   -0.7747295E-03   -0.2768408E-04    0.4219168E-03    0.1170991E-03    0.6363148E-05   -0.3252390E-06    0.9803194E-05   -0.3663111E-05   -0.1858076E-04    0.8617197E-06   -0.1214255E-07   -0.9998686E-04
    0.1783050E-07    0.6556334E-06   -0.7126531E-07    0.1462532E-05    0.4109719E-04    0.5886030E-05    0.2204735E-05   -0.7562350E-03    0.1801314E-02   -0.3786432E-02   -0.7487781E-03    0.1735037E-02   -0.5753875E-03   -0.2673895E-04    0.7151133E-04   -0.5605025E-04   -0.1131487E-04   -0.2319423E-03   -0.1214255E-07    0.5506522E-05    0.2529095E-03
    0.2777119E-05    0.3129519E-03   -0.2892992E-04   -0.4590146E-04    0.1392303E-01    0.1245159E-02    0.5491704E-03    0.1129881E+02    0.3482073E+00    0.1129359E-01   -0.3043271E+00    0.2045812E+00    0.1431780E+00    0.2584460E-02    0.5418834E-02    0.1070930E-01    0.4898316E-04   -0.2965257E-01   -0.9998686E-04    0.2529095E-03    0.2684319E+00
