# omegabh2 omegach2 theta tau alpha1 logA ns calPlanck aps100 aps143 aps217 acib217 asz143 psr xi aksz dust100 dust143 dust217 dust143x217 cal0 cal2 calTE calEE bm_1_1
    0.2594684E-07   -0.9582193E-07    0.8324618E-08    0.9778540E-06   -0.1573894E-07    0.1866579E-05    0.2448373E-06    0.2260155E-07   -0.4838790E-03   -0.2785551E-03    0.9735212E-04   -0.1345375E-03    0.2693778E-04    0.7462530E-06    0.1372207E-05   -0.4266430E-04   -0.4074453E-07   -0.4796903E-06    0.1155395E-05   -0.7909873E-06    0.4849028E-08   -0.8194756E-08   -0.1192195E-06   -0.2390823E-06    0.1067738E-05
   -0.9582193E-07    0.3251252E-05   -0.5327109E-06   -0.9807443E-05   -0.6875476E-06   -0.1096953E-04   -0.1042907E-04   -0.2323647E-06    0.3170316E-02    0.1677372E-02   -0.7219806E-03    0.7648900E-03   -0.1487199E-03   -0.3951144E-05   -0.1041002E-04    0.2198867E-03    0.1291577E-05   -0.3309009E-05   -0.1923842E-05    0.7479392E-05    0.1831155E-07    0.1243544E-06   -0.4155774E-06   -0.1862502E-05    0.8911291E-05
    0.8324618E-08   -0.5327109E-06    0.1972206E-06    0.1072222E-05    0.2016083E-06    0.6579716E-06    0.2131205E-05    0.5060748E-07   -0.4040356E-03   -0.1581818E-03    0.2209293E-03   -0.1285013E-03    0.1647319E-04    0.9900578E-06    0.2649485E-05   -0.3801426E-04   -0.4257722E-06    0.6854636E-06    0.1271222E-06   -0.1734593E-05   -0.9955602E-08   -0.2398129E-07    0.1164271E-06    0.4513459E-06   -0.2353548E-05
    0.9778540E-06   -0.9807443E-05    0.1072222E-05    0.2962988E-03    0.8034784E-07    0.5653636E-03    0.3621334E-04   -0.1651444E-05   -0.5086737E-01   -0.2062463E-01    0.1565543E-01   -0.1365615E-01    0.2414535E-02    0.1048620E-03    0.1227639E-03   -0.4832264E-02   -0.3060987E-04   -0.2029249E-04    0.5508571E-04   -0.1335692E-03    0.1557069E-06   -0.1671864E-05   -0.1616024E-04   -0.6354101E-05    0.1438805E-03
   -0.1573894E-07   -0.6875476E-06    0.2016083E-06    0.8034784E-07    0.4462102E-06   -0.2187504E-05    0.3054233E-05    0.2494650E-07   -0.5594126E-03   -0.1159402E-03    0.2515948E-03   -0.1299821E-03    0.1263857E-04    0.1058531E-05    0.3253044E-05   -0.4151959E-04   -0.1764430E-05    0.1721061E-05   -0.3947426E-06   -0.1481881E-05   -0.2589498E-07   -0.3848274E-07    0.3389383E-06    0.7563573E-06   -0.2344896E-05
    0.1866579E-05   -0.1096953E-04    0.6579716E-06    0.5653636E-03   -0.2187504E-05    0.1130057E-02    0.4114905E-04    0.9078885E-05   -0.8742425E-01   -0.3545325E-01    0.3688911E-01   -0.2587406E-01    0.4800851E-02    0.2302812E-03    0.2518493E-03   -0.1043540E-01   -0.7146364E-04   -0.1191939E-03    0.1377032E-03   -0.2643781E-03    0.9886358E-06   -0.3161877E-05   -0.3412234E-04   -0.1659787E-04    0.3097309E-03
    0.2448373E-06   -0.1042907E-04    0.2131205E-05    0.3621334E-04    0.3054233E-05    0.4114905E-04    0.4657685E-04    0.7529426E-06   -0.3088315E-01   -0.9576040E-02    0.1214835E-01   -0.7898089E-02    0.1200047E-02    0.6971587E-04    0.9885537E-04   -0.2985093E-02    0.1074751E-04    0.1129598E-04    0.4481085E-04   -0.4909123E-04   -0.4504933E-06   -0.9534257E-06    0.1271558E-05    0.3806504E-05   -0.3391150E-04
    0.2260155E-07   -0.2323647E-06    0.5060748E-07   -0.1651444E-05    0.2494650E-07    0.9078885E-05    0.7529426E-06    0.6450471E-05    0.2919824E-02    0.3377278E-03    0.1563069E-02    0.5857081E-03    0.8755815E-04    0.1268584E-05   -0.5521934E-05   -0.1349677E-03    0.1943809E-05   -0.1262141E-05    0.6194137E-05   -0.8411330E-05    0.3111654E-07   -0.8823292E-07   -0.2132004E-06   -0.1587826E-07   -0.1284443E-04
   -0.4838790E-03    0.3170316E-02   -0.4040356E-03   -0.5086737E-01   -0.5594126E-03   -0.8742425E-01   -0.3088315E-01    0.2919824E-02    0.5002141E+03    0.6138790E+02   -0.6267345E+02    0.3321901E+02   -0.2216183E+02   -0.9122451E+00   -0.1595265E+00    0.8808271E+01   -0.8381471E-01    0.8014897E-01   -0.4760815E-01   -0.2034170E+00    0.5316052E-02    0.7863455E-02    0.3018096E-02    0.6950541E-02    0.1126359E+01
   -0.2785551E-03    0.1677372E-02   -0.1581818E-03   -0.2062463E-01   -0.1159402E-03   -0.3545325E-01   -0.9576040E-02    0.3377278E-03    0.6138790E+02    0.5688097E+02    0.1220594E+02    0.4610644E+01   -0.2083468E+01    0.2085124E+00    0.7776226E+00   -0.6778557E+01   -0.1984049E-01   -0.1579120E+00   -0.6017252E-01    0.1430430E+00    0.3595345E-03   -0.8047646E-03    0.2035651E-02    0.3906320E-02   -0.2075861E-01
    0.9735212E-04   -0.7219806E-03    0.2209293E-03    0.1565543E-01    0.2515948E-03    0.3688911E-01    0.1214835E-01    0.1563069E-02   -0.6267345E+02    0.1220594E+02    0.1737927E+03   -0.7867255E+02    0.4929654E+01    0.5310722E+00    0.4660269E+00   -0.9688674E+01   -0.1817713E-01   -0.1005102E+00    0.6236712E+00   -0.6815540E-01    0.1560477E-02   -0.1142393E-01    0.4165008E-03    0.2255732E-02    0.1063471E+00
   -0.1345375E-03    0.7648900E-03   -0.1285013E-03   -0.1365615E-01   -0.1299821E-03   -0.2587406E-01   -0.7898089E-02    0.5857081E-03    0.3321901E+02    0.4610644E+01   -0.7867255E+02    0.4619528E+02    0.4938260E+00   -0.9424121E-01   -0.3600197E+00   -0.1643003E+01    0.5878926E-02    0.6380678E-01   -0.4817566E+00   -0.2179200E-01   -0.3915984E-03    0.4862419E-02    0.3858471E-03    0.3360186E-03   -0.3735738E-01
    0.2693778E-04   -0.1487199E-03    0.1647319E-04    0.2414535E-02    0.1263857E-04    0.4800851E-02    0.1200047E-02    0.8755815E-04   -0.2216183E+02   -0.2083468E+01    0.4929654E+01    0.4938260E+00    0.3755915E+01    0.1433640E+00   -0.8422429E-01   -0.3080755E+01   -0.5439341E-02   -0.2380078E-01   -0.4625495E-01    0.5935063E-01    0.4675650E-03   -0.1033203E-02   -0.1628289E-03   -0.1980833E-03    0.3314758E-01
    0.7462530E-06   -0.3951144E-05    0.9900578E-06    0.1048620E-03    0.1058531E-05    0.2302812E-03    0.6971587E-04    0.1268584E-05   -0.9122451E+00    0.2085124E+00    0.5310722E+00   -0.9424121E-01    0.1433640E+00    0.1280092E-01    0.1508524E-01   -0.1654326E+00   -0.4039128E-04   -0.4778757E-03   -0.1503486E-02    0.7555176E-03    0.2188622E-04   -0.4375462E-04    0.7957178E-05    0.8844096E-05    0.2323273E-02
    0.1372207E-05   -0.1041002E-04    0.2649485E-05    0.1227639E-03    0.3253044E-05    0.2518493E-03    0.9885537E-04   -0.5521934E-05   -0.1595265E+00    0.7776226E+00    0.4660269E+00   -0.3600197E+00   -0.8422429E-01    0.1508524E-01    0.8158733E-01    0.8843334E-01    0.5021182E-03   -0.3804557E-03    0.2857754E-03    0.1317767E-02    0.9891388E-05   -0.3228696E-04    0.7011687E-05    0.1114155E-04    0.3204786E-02
   -0.4266430E-04    0.2198867E-03   -0.3801426E-04   -0.4832264E-02   -0.4151959E-04   -0.1043540E-01   -0.2985093E-02   -0.1349677E-03    0.8808271E+01   -0.6778557E+01   -0.9688674E+01   -0.1643003E+01   -0.3080755E+01   -0.1654326E+00    0.8843334E-01    0.7198075E+01    0.5786012E-02    0.2067266E-01    0.4843713E-01   -0.5508605E-01   -0.4018278E-03    0.7603658E-03   -0.1336083E-03   -0.3007866E-03   -0.2133403E-01
   -0.4074453E-07    0.1291577E-05   -0.4257722E-06   -0.3060987E-04   -0.1764430E-05   -0.7146364E-04    0.1074751E-04    0.1943809E-05   -0.8381471E-01   -0.1984049E-01   -0.1817713E-01    0.5878926E-02   -0.5439341E-02   -0.4039128E-04    0.5021182E-03    0.5786012E-02    0.3685900E-01    0.3685985E-02   -0.3699611E-03   -0.3641417E-04    0.3940137E-04   -0.5625861E-05   -0.1057017E-05   -0.1322279E-04    0.1234813E-02
   -0.4796903E-06   -0.3309009E-05    0.6854636E-06   -0.2029249E-04    0.1721061E-05   -0.1191939E-03    0.1129598E-04   -0.1262141E-05    0.8014897E-01   -0.1579120E+00   -0.1005102E+00    0.6380678E-01   -0.2380078E-01   -0.4778757E-03   -0.3804557E-03    0.2067266E-01    0.3685985E-02    0.3345522E-01   -0.2866953E-02    0.2993631E-02   -0.6079317E-04   -0.5786512E-04   -0.3936719E-04   -0.4118779E-04   -0.1092393E-02
    0.1155395E-05   -0.1923842E-05    0.1271222E-06    0.5508571E-04   -0.3947426E-06    0.1377032E-03    0.4481085E-04    0.6194137E-05   -0.4760815E-01   -0.6017252E-01    0.6236712E+00   -0.4817566E+00   -0.4625495E-01   -0.1503486E-02    0.2857754E-03    0.4843713E-01   -0.3699611E-03   -0.2866953E-02    0.1337849E-01    0.1117939E-01    0.2180707E-06    0.6591604E-04    0.1256634E-04   -0.9304040E-07   -0.7218758E-04
   -0.7909873E-06    0.7479392E-05   -0.1734593E-05   -0.1335692E-03   -0.1481881E-05   -0.2643781E-03   -0.4909123E-04   -0.8411330E-05   -0.2034170E+00    0.1430430E+00   -0.6815540E-01   -0.2179200E-01    0.5935063E-01    0.7555176E-03    0.1317767E-02   -0.5508605E-01   -0.3641417E-04    0.2993631E-02    0.1117939E-01    0.3138386E-01    0.5037847E-05    0.8648613E-04   -0.6143189E-05    0.1208346E-04    0.1068426E-02
    0.4849028E-08    0.1831155E-07   -0.9955602E-08    0.1557069E-06   -0.2589498E-07    0.9886358E-06   -0.4504933E-06    0.3111654E-07    0.5316052E-02    0.3595345E-03    0.1560477E-02   -0.3915984E-03    0.4675650E-03    0.2188622E-04    0.9891388E-05   -0.4018278E-03    0.3940137E-04   -0.6079317E-04    0.2180707E-06    0.5037847E-05    0.9405642E-06   -0.8073799E-07    0.1205565E-06    0.3861269E-06   -0.6683671E-04
   -0.8194756E-08    0.1243544E-06   -0.2398129E-07   -0.1671864E-05   -0.3848274E-07   -0.3161877E-05   -0.9534257E-06   -0.8823292E-07    0.7863455E-02   -0.8047646E-03   -0.1142393E-01    0.4862419E-02   -0.1033203E-02   -0.4375462E-04   -0.3228696E-04    0.7603658E-03   -0.5625861E-05   -0.5786512E-04    0.6591604E-04    0.8648613E-04   -0.8073799E-07    0.3119496E-05    0.4760489E-06    0.9745973E-07   -0.7245678E-05
   -0.1192195E-06   -0.4155774E-06    0.1164271E-06   -0.1616024E-04    0.3389383E-06   -0.3412234E-04    0.1271558E-05   -0.2132004E-06    0.3018096E-02    0.2035651E-02    0.4165008E-03    0.3858471E-03   -0.1628289E-03    0.7957178E-05    0.7011687E-05   -0.1336083E-03   -0.1057017E-05   -0.3936719E-04    0.1256634E-04   -0.6143189E-05    0.1205565E-06    0.4760489E-06    0.2000679E-04    0.6809429E-05    0.2150961E-04
   -0.2390823E-06   -0.1862502E-05    0.4513459E-06   -0.6354101E-05    0.7563573E-06   -0.1659787E-04    0.3806504E-05   -0.1587826E-07    0.6950541E-02    0.3906320E-02    0.2255732E-02    0.3360186E-03   -0.1980833E-03    0.8844096E-05    0.1114155E-04   -0.3007866E-03   -0.1322279E-04   -0.4118779E-04   -0.9304040E-07    0.1208346E-04    0.3861269E-06    0.9745973E-07    0.6809429E-05    0.1955003E-04   -0.2923611E-04
    0.1067738E-05    0.8911291E-05   -0.2353548E-05    0.1438805E-03   -0.2344896E-05    0.3097309E-03   -0.3391150E-04   -0.1284443E-04    0.1126359E+01   -0.2075861E-01    0.1063471E+00   -0.3735738E-01    0.3314758E-01    0.2323273E-02    0.3204786E-02   -0.2133403E-01    0.1234813E-02   -0.1092393E-02   -0.7218758E-04    0.1068426E-02   -0.6683671E-04   -0.7245678E-05    0.2150961E-04   -0.2923611E-04    0.9966814E+00
