# omegabh2 omegach2 theta tau ns nrun logA aps100 aps143 aps217 acib143 acib217 asz143 psr cibr ncib cal0 cal2 xi aksz bm_1_1 bm_1_2 bm_1_3 bm_1_4 bm_1_5 bm_2_1 bm_2_2 bm_2_3 bm_2_4 bm_2_5 bm_3_1 bm_3_2 bm_3_3 bm_3_4 bm_3_5 bm_4_1 bm_4_2 bm_4_3 bm_4_4 bm_4_5
    0.39109E-06   -0.21662E-05    0.38811E-06    0.38778E-04    0.79491E-05   -0.88233E-05    0.74065E-04   -0.54307E-02   -0.14215E-02   -0.29657E-03   -0.53993E-03   -0.65935E-03    0.30369E-04    0.11874E-05   -0.15512E-04   -0.27145E-05    0.43933E-08   -0.44338E-07    0.30946E-05   -0.11447E-03   -0.21522E-04   -0.20892E-05    0.87731E-05    0.68083E-05   -0.76081E-05   -0.72527E-05    0.92042E-06    0.67911E-06    0.73045E-05    0.28518E-05   -0.14644E-04    0.98633E-06   -0.14044E-04   -0.77678E-05    0.92973E-05   -0.15250E-04   -0.19670E-05   -0.23690E-05   -0.35381E-06    0.28149E-05
   -0.21662E-05    0.17260E-04   -0.24887E-05   -0.23660E-03   -0.56958E-04    0.45373E-04   -0.43910E-03    0.33681E-01    0.84111E-02    0.18166E-02    0.32537E-02    0.40617E-02   -0.87807E-04   -0.40957E-05    0.89585E-04    0.20336E-04   -0.23368E-07    0.30155E-06   -0.26179E-04    0.69413E-03    0.24872E-03   -0.45363E-04   -0.38440E-04   -0.35587E-04    0.52209E-04    0.78168E-04   -0.15228E-04    0.15226E-04   -0.24989E-04   -0.26051E-04    0.71119E-04   -0.21260E-04    0.10886E-03    0.40283E-04   -0.12641E-03    0.98564E-04    0.36724E-04    0.21496E-04   -0.76233E-05    0.22112E-04
    0.38811E-06   -0.24887E-05    0.71762E-06    0.39632E-04    0.91603E-05   -0.81576E-05    0.75025E-04   -0.52156E-02   -0.13838E-02   -0.17263E-03   -0.53489E-03   -0.69170E-03    0.29823E-04    0.50308E-06   -0.16164E-04   -0.36776E-05    0.57785E-08   -0.55936E-07    0.26711E-05   -0.11143E-03   -0.24387E-04    0.11426E-04    0.68563E-05    0.82582E-05   -0.76806E-06   -0.17201E-04    0.25796E-05    0.70206E-06   -0.22411E-05    0.36925E-05   -0.95118E-05   -0.24479E-06   -0.21501E-04   -0.10450E-04    0.20428E-04   -0.18453E-04   -0.61939E-05   -0.79599E-06   -0.42143E-05   -0.51519E-05
    0.38778E-04   -0.23660E-03    0.39632E-04    0.49286E-02    0.90026E-03   -0.10242E-02    0.94562E-02   -0.65604E+00   -0.11605E+00    0.66223E-02   -0.67359E-01   -0.78674E-01    0.44531E-03    0.20631E-03   -0.18875E-02   -0.25270E-03    0.35305E-06   -0.47214E-05    0.43294E-03   -0.15283E-01   -0.18347E-02    0.67619E-03    0.43756E-03    0.96947E-03   -0.71642E-03   -0.86392E-03    0.65835E-03   -0.30957E-03    0.58409E-03    0.44216E-03   -0.18054E-02    0.23771E-03   -0.15875E-02   -0.11796E-02    0.92333E-03   -0.17654E-02   -0.48230E-03    0.92171E-04    0.21170E-03   -0.53058E-04
    0.79491E-05   -0.56958E-04    0.91603E-05    0.90026E-03    0.22252E-03   -0.16266E-03    0.16895E-02   -0.20490E+00   -0.27083E-01    0.13891E-01   -0.22357E-01   -0.26221E-01   -0.95235E-04    0.88148E-04   -0.66204E-03   -0.78791E-04    0.40835E-07   -0.12157E-05    0.18024E-03   -0.65029E-02   -0.57542E-03    0.11238E-03    0.42531E-05    0.10344E-03   -0.21175E-03    0.10338E-03    0.17198E-03   -0.59179E-04    0.17172E-04    0.15342E-03   -0.37241E-03   -0.11224E-04   -0.48617E-03   -0.58449E-04    0.26837E-03   -0.14575E-03   -0.65382E-04    0.35134E-04   -0.80203E-04   -0.12124E-03
   -0.88233E-05    0.45373E-04   -0.81576E-05   -0.10242E-02   -0.16266E-03    0.29689E-03   -0.19918E-02    0.55139E-01    0.15904E-01    0.11901E-01    0.43703E-02    0.40051E-02   -0.17407E-03    0.22620E-05    0.85684E-04    0.62417E-05   -0.84921E-07    0.49720E-06    0.26236E-04   -0.96354E-03   -0.54761E-04   -0.13328E-03   -0.20849E-03   -0.17054E-03    0.10018E-03    0.25400E-03   -0.20865E-04    0.95368E-04   -0.20759E-03   -0.39458E-04    0.26598E-03   -0.95332E-04    0.25704E-03    0.54003E-03   -0.12411E-03    0.33858E-03    0.12608E-03    0.36736E-04   -0.15305E-03   -0.72987E-04
    0.74065E-04   -0.43910E-03    0.75025E-04    0.94562E-02    0.16895E-02   -0.19918E-02    0.18192E-01   -0.12614E+01   -0.20721E+00    0.24172E-01   -0.13197E+00   -0.15156E+00   -0.52008E-03    0.43683E-03   -0.37653E-02   -0.41226E-03    0.75450E-06   -0.85682E-05    0.82600E-03   -0.30035E-01   -0.23289E-02    0.14697E-02    0.87898E-03    0.19174E-02   -0.13007E-02   -0.12550E-02    0.13544E-02   -0.62089E-03    0.11249E-02    0.72717E-03   -0.35040E-02    0.51428E-03   -0.30432E-02   -0.24646E-02    0.15122E-02   -0.31439E-02   -0.74107E-03    0.26946E-03    0.50913E-03   -0.41527E-04
   -0.54307E-02    0.33681E-01   -0.52156E-02   -0.65604E+00   -0.20490E+00    0.55139E-01   -0.12614E+01    0.28508E+04    0.53012E+02   -0.17552E+03    0.13564E+03    0.12651E+03   -0.72373E+02   -0.11598E+01    0.55622E+00    0.13581E+01    0.65565E-03   -0.54667E-03   -0.66159E+00   -0.75519E+01    0.10428E+02   -0.10202E+02    0.13599E+00    0.36238E+00   -0.11773E+00   -0.50757E+00   -0.48947E+01   -0.84106E+00    0.35321E+00   -0.10531E+01    0.19135E+01    0.40879E+00    0.41138E+00   -0.43435E+00   -0.30334E+01    0.15284E+01   -0.16470E+01   -0.25051E+01   -0.47742E-01    0.38471E+01
   -0.14215E-02    0.84111E-02   -0.13838E-02   -0.11605E+00   -0.27083E-01    0.15904E-01   -0.20721E+00    0.53012E+02    0.18617E+03    0.57159E+02   -0.31532E+02   -0.93477E+01   -0.72886E+01   -0.25104E+00   -0.78703E-01   -0.19136E+00    0.15875E-03    0.33358E-02    0.11971E+01   -0.12043E+02    0.13400E+01    0.48474E+00    0.17142E+00    0.36321E-01    0.42090E-01   -0.16377E+01   -0.67511E+00   -0.94542E-01   -0.37253E+00   -0.17777E+00    0.12340E+01    0.32477E+00    0.35752E+00   -0.87545E-01   -0.15577E+00   -0.31315E+00   -0.44361E+00   -0.15327E+00    0.18534E+00   -0.20479E+00
   -0.29657E-03    0.18166E-02   -0.17263E-03    0.66223E-02    0.13891E-01    0.11901E-01    0.24172E-01   -0.17552E+03    0.57159E+02    0.21022E+03   -0.34732E+02   -0.74697E+02    0.42797E+01   -0.40843E-01   -0.92933E+00   -0.10524E+01    0.86610E-04   -0.41651E-02    0.34548E+00   -0.11480E+02    0.14609E+01    0.10205E+01   -0.20362E-01    0.16624E+00   -0.10449E-01    0.12400E+01    0.17773E+00   -0.13235E+00   -0.50688E+00    0.40804E+00   -0.12293E+01    0.10507E+01   -0.23917E+00    0.58870E+00    0.26825E+00    0.13498E+00    0.23598E+00    0.22411E+00   -0.11604E-01   -0.45015E+00
   -0.53993E-03    0.32537E-02   -0.53489E-03   -0.67359E-01   -0.22357E-01    0.43703E-02   -0.13197E+00    0.13564E+03   -0.31532E+02   -0.34732E+02    0.27492E+02    0.19871E+02   -0.25141E+01    0.79727E-02    0.24483E+00    0.23363E+00   -0.10983E-03   -0.97458E-03    0.19820E-01   -0.21897E+00   -0.97442E+00   -0.60012E+00   -0.11608E+00   -0.78118E-01    0.22743E-01    0.72644E+00    0.14956E+00    0.19122E-01    0.21393E+00    0.11611E-01   -0.31706E+00   -0.14441E+00   -0.43810E-01   -0.48021E-01    0.45724E-01    0.30230E+00    0.18507E+00   -0.37048E-01   -0.27585E-01    0.29524E+00
   -0.65935E-03    0.40617E-02   -0.69170E-03   -0.78674E-01   -0.26221E-01    0.40051E-02   -0.15156E+00    0.12651E+03   -0.93477E+01   -0.74697E+02    0.19871E+02    0.37163E+02   -0.22418E+01    0.63088E-01    0.43506E+00    0.53773E+00   -0.42680E-04    0.18564E-02   -0.19819E+00   -0.36394E+00   -0.54928E+00   -0.53222E+00    0.14954E-01   -0.11332E+00    0.15356E-01   -0.42340E+00   -0.74802E-01    0.32121E-01    0.29847E+00   -0.26411E+00    0.49308E+00   -0.56960E+00    0.12392E+00   -0.36709E+00   -0.17126E+00   -0.77077E-02   -0.78672E-01   -0.11691E+00    0.59046E-01    0.31107E+00
    0.30369E-04   -0.87807E-04    0.29823E-04    0.44531E-03   -0.95235E-04   -0.17407E-03   -0.52008E-03   -0.72373E+02   -0.72886E+01    0.42797E+01   -0.25141E+01   -0.22418E+01    0.78226E+01    0.49428E-01    0.26881E+00   -0.13962E+00    0.17185E-04   -0.94482E-05   -0.18210E-01   -0.18764E+00    0.18368E+00    0.11422E+00    0.11071E-01   -0.18377E-02   -0.22940E-01   -0.74256E-01    0.15353E-01   -0.16309E-01   -0.36427E-01   -0.34675E-02   -0.54243E-01   -0.34943E-02    0.39426E-01   -0.89549E-03   -0.53816E-02   -0.81637E-01   -0.46267E-01    0.24154E-01   -0.13443E-01   -0.29770E-01
    0.11874E-05   -0.40957E-05    0.50308E-06    0.20631E-03    0.88148E-04    0.22620E-05    0.43683E-03   -0.11598E+01   -0.25104E+00   -0.40843E-01    0.79727E-02    0.63088E-01    0.49428E-01    0.81637E-02   -0.66060E-02    0.77431E-02    0.10323E-05   -0.24489E-04    0.37179E-02   -0.19279E-01    0.93600E-02    0.49278E-02    0.56696E-03   -0.12269E-02   -0.13966E-02    0.73645E-02    0.92542E-03   -0.31052E-03   -0.30134E-02   -0.16125E-02   -0.12196E-01   -0.31757E-03   -0.14582E-02   -0.31290E-02   -0.12872E-02   -0.25314E-02    0.77650E-03   -0.34527E-02   -0.44129E-02   -0.19725E-02
   -0.15512E-04    0.89585E-04   -0.16164E-04   -0.18875E-02   -0.66204E-03    0.85684E-04   -0.37653E-02    0.55622E+00   -0.78703E-01   -0.92933E+00    0.24483E+00    0.43506E+00    0.26881E+00   -0.66060E-02    0.45941E-01   -0.12357E-01   -0.20403E-06    0.88855E-04    0.14020E-02   -0.13675E-01   -0.18568E-01   -0.78641E-02    0.19128E-02    0.74498E-03    0.41584E-02   -0.28136E-01   -0.29813E-02    0.47297E-02    0.29904E-02    0.62482E-02    0.32663E-01   -0.41429E-02    0.88822E-02    0.72185E-02   -0.14853E-02    0.12595E-02   -0.64702E-02    0.10467E-01    0.39734E-03    0.21040E-03
   -0.27145E-05    0.20336E-04   -0.36776E-05   -0.25270E-03   -0.78791E-04    0.62417E-05   -0.41226E-03    0.13581E+01   -0.19136E+00   -0.10524E+01    0.23363E+00    0.53773E+00   -0.13962E+00    0.77431E-02   -0.12357E-01    0.21547E-01    0.54314E-06   -0.19648E-04   -0.24016E-02   -0.75319E-03    0.68732E-02   -0.78711E-02   -0.11316E-02   -0.44382E-02   -0.18470E-02    0.63816E-02    0.48196E-02   -0.54891E-02    0.90916E-02   -0.11758E-01   -0.14732E-01   -0.18205E-01   -0.12387E-02   -0.16563E-01   -0.88938E-02   -0.55332E-02   -0.98202E-03   -0.27309E-02    0.49100E-02    0.12842E-01
    0.43933E-08   -0.23368E-07    0.57785E-08    0.35305E-06    0.40835E-07   -0.84921E-07    0.75450E-06    0.65565E-03    0.15875E-03    0.86610E-04   -0.10983E-03   -0.42680E-04    0.17185E-04    0.10323E-05   -0.20403E-06    0.54314E-06    0.16083E-06    0.12351E-07    0.89398E-06   -0.20158E-05   -0.20075E-04   -0.17565E-04   -0.49594E-06   -0.87249E-06    0.37991E-05    0.88032E-05    0.51279E-05   -0.22533E-05   -0.21334E-05    0.64832E-05    0.55549E-05    0.32132E-05   -0.16761E-05    0.36409E-05   -0.16474E-05    0.11377E-04   -0.43489E-06    0.61770E-05   -0.92771E-06   -0.11735E-06
   -0.44338E-07    0.30155E-06   -0.55936E-07   -0.47214E-05   -0.12157E-05    0.49720E-06   -0.85682E-05   -0.54667E-03    0.33358E-02   -0.41651E-02   -0.97458E-03    0.18564E-02   -0.94482E-05   -0.24489E-04    0.88855E-04   -0.19648E-04    0.12351E-07    0.16807E-05   -0.39854E-05   -0.54539E-04    0.99641E-04    0.31126E-04   -0.55011E-05   -0.17214E-04    0.45634E-05    0.21461E-03    0.72199E-05    0.13433E-04    0.24804E-04    0.25633E-04   -0.20693E-03   -0.45377E-04   -0.52566E-04    0.17460E-04   -0.26440E-04    0.18793E-04    0.33605E-04   -0.25760E-04   -0.52174E-04    0.91022E-05
    0.30946E-05   -0.26179E-04    0.26711E-05    0.43294E-03    0.18024E-03    0.26236E-04    0.82600E-03   -0.66159E+00    0.11971E+01    0.34548E+00    0.19820E-01   -0.19819E+00   -0.18210E-01    0.37179E-02    0.14020E-02   -0.24016E-02    0.89398E-06   -0.39854E-05    0.82090E-01    0.17588E-02    0.45510E-02   -0.91796E-03    0.14822E-04   -0.14126E-02    0.43640E-02    0.70089E-03    0.37220E-03   -0.18225E-02   -0.69033E-03    0.17528E-02   -0.26719E-02    0.13368E-02    0.69031E-03    0.45716E-03   -0.25930E-02   -0.60467E-03   -0.23567E-02    0.27797E-02    0.70297E-03    0.18199E-02
   -0.11447E-03    0.69413E-03   -0.11143E-03   -0.15283E-01   -0.65029E-02   -0.96354E-03   -0.30035E-01   -0.75519E+01   -0.12043E+02   -0.11480E+02   -0.21897E+00   -0.36394E+00   -0.18764E+00   -0.19279E-01   -0.13675E-01   -0.75319E-03   -0.20158E-05   -0.54539E-04    0.17588E-02    0.82354E+01    0.44094E-01    0.37064E-01    0.13165E-01   -0.15810E-02    0.28693E-01   -0.29656E-01   -0.42375E-02   -0.18394E-01    0.48564E-01   -0.48027E-03   -0.39034E-01   -0.18648E-01   -0.21701E-01   -0.51206E-01   -0.16502E-01   -0.45103E-01   -0.20790E-01   -0.24760E-01    0.29975E-01    0.25926E-01
   -0.21522E-04    0.24872E-03   -0.24387E-04   -0.18347E-02   -0.57542E-03   -0.54761E-04   -0.23289E-02    0.10428E+02    0.13400E+01    0.14609E+01   -0.97442E+00   -0.54928E+00    0.18368E+00    0.93600E-02   -0.18568E-01    0.68732E-02   -0.20075E-04    0.99641E-04    0.45510E-02    0.44094E-01    0.72181E+00   -0.10994E+00    0.91247E-02    0.10352E-01   -0.35971E-02    0.17836E+00   -0.51189E-01   -0.46451E-01   -0.16559E-01   -0.75473E-01    0.16022E-01    0.37113E-01   -0.33217E-01   -0.53379E-01   -0.12713E+00    0.15155E+00    0.30226E-01   -0.16988E-01    0.28337E-01    0.72054E-01
   -0.20892E-05   -0.45363E-04    0.11426E-04    0.67619E-03    0.11238E-03   -0.13328E-03    0.14697E-02   -0.10202E+02    0.48474E+00    0.10205E+01   -0.60012E+00   -0.53222E+00    0.11422E+00    0.49278E-02   -0.78641E-02   -0.78711E-02   -0.17565E-04    0.31126E-04   -0.91796E-03    0.37064E-01   -0.10994E+00    0.94181E+00    0.38890E-02    0.29016E-02    0.23100E-02   -0.15398E+00    0.19520E+00    0.67993E-01   -0.20867E-01    0.48809E-01   -0.12874E+00    0.18834E-01    0.27693E-01    0.13569E-01    0.17219E+00   -0.23478E+00    0.42874E-01    0.11337E+00    0.67698E-02   -0.21931E+00
    0.87731E-05   -0.38440E-04    0.68563E-05    0.43756E-03    0.42531E-05   -0.20849E-03    0.87898E-03    0.13599E+00    0.17142E+00   -0.20362E-01   -0.11608E+00    0.14954E-01    0.11071E-01    0.56696E-03    0.19128E-02   -0.11316E-02   -0.49594E-06   -0.55011E-05    0.14822E-04    0.13165E-01    0.91247E-02    0.38890E-02    0.98378E+00    0.10947E-01    0.76746E-02   -0.53812E-01   -0.32340E-01    0.16526E+00   -0.39081E-01    0.74712E-01    0.10277E-01    0.31814E-01   -0.15850E-01   -0.48515E-02    0.98250E-01   -0.47679E-01    0.22576E-01    0.13651E-01   -0.18828E+00    0.72581E-01
    0.68083E-05   -0.35587E-04    0.82582E-05    0.96947E-03    0.10344E-03   -0.17054E-03    0.19174E-02    0.36238E+00    0.36321E-01    0.16624E+00   -0.78118E-01   -0.11332E+00   -0.18377E-02   -0.12269E-02    0.74498E-03   -0.44382E-02   -0.87249E-06   -0.17214E-04   -0.14126E-02   -0.15810E-02    0.10352E-01    0.29016E-02    0.10947E-01    0.99403E+00   -0.31844E-02    0.53812E-01   -0.76938E-01    0.83769E-01   -0.87554E-01    0.43841E-01    0.64936E-01    0.11317E+00    0.33717E-01    0.15448E+00   -0.10557E+00    0.77710E-01    0.52411E-01    0.25439E-02   -0.11753E+00    0.55711E-01
   -0.76081E-05    0.52209E-04   -0.76806E-06   -0.71642E-03   -0.21175E-03    0.10018E-03   -0.13007E-02   -0.11773E+00    0.42090E-01   -0.10449E-01    0.22743E-01    0.15356E-01   -0.22940E-01   -0.13966E-02    0.41584E-02   -0.18470E-02    0.37991E-05    0.45634E-05    0.43640E-02    0.28693E-01   -0.35971E-02    0.23100E-02    0.76746E-02   -0.31844E-02    0.10037E+01    0.20800E-01    0.50953E-01   -0.42585E-01    0.44247E-01    0.80876E-01    0.74958E-01   -0.84132E-01   -0.62674E-01    0.60655E-01    0.58292E-01    0.89528E-01   -0.80212E-01    0.97404E-01   -0.20707E-01   -0.47333E-02
   -0.72527E-05    0.78168E-04   -0.17201E-04   -0.86392E-03    0.10338E-03    0.25400E-03   -0.12550E-02   -0.50757E+00   -0.16377E+01    0.12400E+01    0.72644E+00   -0.42340E+00   -0.74256E-01    0.73645E-02   -0.28136E-01    0.63816E-02    0.88032E-05    0.21461E-03    0.70089E-03   -0.29656E-01    0.17836E+00   -0.15398E+00   -0.53812E-01    0.53812E-01    0.20800E-01    0.86915E+00   -0.15497E-01   -0.30389E-02   -0.17668E-01   -0.21467E-01    0.18087E-01    0.12529E+00   -0.98342E-01    0.18907E-01   -0.68916E-01    0.64973E+00    0.25523E+00   -0.61850E-01   -0.43897E-01    0.85935E-01
    0.92042E-06   -0.15228E-04    0.25796E-05    0.65835E-03    0.17198E-03   -0.20865E-04    0.13544E-02   -0.48947E+01   -0.67511E+00    0.17773E+00    0.14956E+00   -0.74802E-01    0.15353E-01    0.92542E-03   -0.29813E-02    0.48196E-02    0.51279E-05    0.72199E-05    0.37220E-03   -0.42375E-02   -0.51189E-01    0.19520E+00   -0.32340E-01   -0.76938E-01    0.50953E-01   -0.15497E-01    0.98249E+00    0.62106E-02   -0.14794E-01    0.13877E-01    0.44487E-01   -0.15008E-01   -0.37336E-01    0.45164E-02    0.15320E+00   -0.81885E-01    0.24574E+00    0.76757E+00    0.27412E+00   -0.20766E+00
    0.67911E-06    0.15226E-04    0.70206E-06   -0.30957E-03   -0.59179E-04    0.95368E-04   -0.62089E-03   -0.84106E+00   -0.94542E-01   -0.13235E+00    0.19122E-01    0.32121E-01   -0.16309E-01   -0.31052E-03    0.47297E-02   -0.54891E-02   -0.22533E-05    0.13433E-04   -0.18225E-02   -0.18394E-01   -0.46451E-01    0.67993E-01    0.16526E+00    0.83769E-01   -0.42585E-01   -0.30389E-02    0.62106E-02    0.99359E+00   -0.20439E-01   -0.97156E-02    0.72620E-01   -0.47441E-01    0.13780E+00    0.15838E+00   -0.12423E+00   -0.19857E+00    0.63119E+00    0.14365E+00   -0.62291E+00    0.16521E+00
    0.73045E-05   -0.24989E-04   -0.22411E-05    0.58409E-03    0.17172E-04   -0.20759E-03    0.11249E-02    0.35321E+00   -0.37253E+00   -0.50688E+00    0.21393E+00    0.29847E+00   -0.36427E-01   -0.30134E-02    0.29904E-02    0.90916E-02   -0.21334E-05    0.24804E-04   -0.69033E-03    0.48564E-01   -0.16559E-01   -0.20867E-01   -0.39081E-01   -0.87554E-01    0.44247E-01   -0.17668E-01   -0.14794E-01   -0.20439E-01    0.96823E+00   -0.12368E-01   -0.17273E-01   -0.86657E-01   -0.15422E+00   -0.29881E-01   -0.76418E-01   -0.71626E-01    0.65918E-01   -0.68904E-01    0.31129E+00    0.65467E+00
    0.28518E-05   -0.26051E-04    0.36925E-05    0.44216E-03    0.15342E-03   -0.39458E-04    0.72717E-03   -0.10531E+01   -0.17777E+00    0.40804E+00    0.11611E-01   -0.26411E+00   -0.34675E-02   -0.16125E-02    0.62482E-02   -0.11758E-01    0.64832E-05    0.25633E-04    0.17528E-02   -0.48027E-03   -0.75473E-01    0.48809E-01    0.74712E-01    0.43841E-01    0.80876E-01   -0.21467E-01    0.13877E-01   -0.97156E-02   -0.12368E-01    0.99667E+00   -0.73895E-01    0.79663E-01    0.30359E-01    0.16973E+00    0.23851E-01    0.10245E+00   -0.56820E+00    0.39701E+00   -0.34486E+00    0.20196E+00
   -0.14644E-04    0.71119E-04   -0.95118E-05   -0.18054E-02   -0.37241E-03    0.26598E-03   -0.35040E-02    0.19135E+01    0.12340E+01   -0.12293E+01   -0.31706E+00    0.49308E+00   -0.54243E-01   -0.12196E-01    0.32663E-01   -0.14732E-01    0.55549E-05   -0.20693E-03   -0.26719E-02   -0.39034E-01    0.16022E-01   -0.12874E+00    0.10277E-01    0.64936E-01    0.74958E-01    0.18087E-01    0.44487E-01    0.72620E-01   -0.17273E-01   -0.73895E-01    0.92149E+00    0.26994E-02   -0.88878E-02   -0.16088E-02   -0.11523E-01    0.59634E+00    0.17363E+00    0.12462E+00    0.66468E-01   -0.86819E-01
    0.98633E-06   -0.21260E-04   -0.24479E-06    0.23771E-03   -0.11224E-04   -0.95332E-04    0.51428E-03    0.40879E+00    0.32477E+00    0.10507E+01   -0.14441E+00   -0.56960E+00   -0.34943E-02   -0.31757E-03   -0.41429E-02   -0.18205E-01    0.32132E-05   -0.45377E-04    0.13368E-02   -0.18648E-01    0.37113E-01    0.18834E-01    0.31814E-01    0.11317E+00   -0.84132E-01    0.12529E+00   -0.15008E-01   -0.47441E-01   -0.86657E-01    0.79663E-01    0.26994E-02    0.97346E+00    0.43794E-02    0.16279E-01   -0.91402E-02    0.10135E+00    0.15742E+00   -0.96934E-02    0.14361E+00    0.16481E+00
   -0.14044E-04    0.10886E-03   -0.21501E-04   -0.15875E-02   -0.48617E-03    0.25704E-03   -0.30432E-02    0.41138E+00    0.35752E+00   -0.23917E+00   -0.43810E-01    0.12392E+00    0.39426E-01   -0.14582E-02    0.88822E-02   -0.12387E-02   -0.16761E-05   -0.52566E-04    0.69031E-03   -0.21701E-01   -0.33217E-01    0.27693E-01   -0.15850E-01    0.33717E-01   -0.62674E-01   -0.98342E-01   -0.37336E-01    0.13780E+00   -0.15422E+00    0.30359E-01   -0.88878E-02    0.43794E-02    0.99332E+00   -0.78790E-02    0.40154E-02   -0.11937E+00    0.50048E-01    0.17855E+00    0.36377E-01   -0.68966E-01
   -0.77678E-05    0.40283E-04   -0.10450E-04   -0.11796E-02   -0.58449E-04    0.54003E-03   -0.24646E-02   -0.43435E+00   -0.87545E-01    0.58870E+00   -0.48021E-01   -0.36709E+00   -0.89549E-03   -0.31290E-02    0.72185E-02   -0.16563E-01    0.36409E-05    0.17460E-04    0.45716E-03   -0.51206E-01   -0.53379E-01    0.13569E-01   -0.48515E-02    0.15448E+00    0.60655E-01    0.18907E-01    0.45164E-02    0.15838E+00   -0.29881E-01    0.16973E+00   -0.16088E-02    0.16279E-01   -0.78790E-02    0.10184E+01   -0.11018E-01   -0.74854E-02    0.42006E-01    0.14578E+00   -0.26395E+00    0.12731E+00
    0.92973E-05   -0.12641E-03    0.20428E-04    0.92333E-03    0.26837E-03   -0.12411E-03    0.15122E-02   -0.30334E+01   -0.15577E+00    0.26825E+00    0.45724E-01   -0.17126E+00   -0.53816E-02   -0.12872E-02   -0.14853E-02   -0.88938E-02   -0.16474E-05   -0.26440E-04   -0.25930E-02   -0.16502E-01   -0.12713E+00    0.17219E+00    0.98250E-01   -0.10557E+00    0.58292E-01   -0.68916E-01    0.15320E+00   -0.12423E+00   -0.76418E-01    0.23851E-01   -0.11523E-01   -0.91402E-02    0.40154E-02   -0.11018E-01    0.99887E+00   -0.50371E-01   -0.53532E-01    0.35848E-01    0.17087E+00   -0.87876E-01
   -0.15250E-04    0.98564E-04   -0.18453E-04   -0.17654E-02   -0.14575E-03    0.33858E-03   -0.31439E-02    0.15284E+01   -0.31315E+00    0.13498E+00    0.30230E+00   -0.77077E-02   -0.81637E-01   -0.25314E-02    0.12595E-02   -0.55332E-02    0.11377E-04    0.18793E-04   -0.60467E-03   -0.45103E-01    0.15155E+00   -0.23478E+00   -0.47679E-01    0.77710E-01    0.89528E-01    0.64973E+00   -0.81885E-01   -0.19857E+00   -0.71626E-01    0.10245E+00    0.59634E+00    0.10135E+00   -0.11937E+00   -0.74854E-02   -0.50371E-01    0.96479E+00   -0.54019E-02    0.36547E-02    0.22394E-01   -0.11062E-01
   -0.19670E-05    0.36724E-04   -0.61939E-05   -0.48230E-03   -0.65382E-04    0.12608E-03   -0.74107E-03   -0.16470E+01   -0.44361E+00    0.23598E+00    0.18507E+00   -0.78672E-01   -0.46267E-01    0.77650E-03   -0.64702E-02   -0.98202E-03   -0.43489E-06    0.33605E-04   -0.23567E-02   -0.20790E-01    0.30226E-01    0.42874E-01    0.22576E-01    0.52411E-01   -0.80212E-01    0.25523E+00    0.24574E+00    0.63119E+00    0.65918E-01   -0.56820E+00    0.17363E+00    0.15742E+00    0.50048E-01    0.42006E-01   -0.53532E-01   -0.54019E-02    0.99217E+00   -0.36510E-02    0.23201E-02   -0.78006E-02
   -0.23690E-05    0.21496E-04   -0.79599E-06    0.92171E-04    0.35134E-04    0.36736E-04    0.26946E-03   -0.25051E+01   -0.15327E+00    0.22411E+00   -0.37048E-01   -0.11691E+00    0.24154E-01   -0.34527E-02    0.10467E-01   -0.27309E-02    0.61770E-05   -0.25760E-04    0.27797E-02   -0.24760E-01   -0.16988E-01    0.11337E+00    0.13651E-01    0.25439E-02    0.97404E-01   -0.61850E-01    0.76757E+00    0.14365E+00   -0.68904E-01    0.39701E+00    0.12462E+00   -0.96934E-02    0.17855E+00    0.14578E+00    0.35848E-01    0.36547E-02   -0.36510E-02    0.99098E+00   -0.25504E-01   -0.20403E-01
   -0.35381E-06   -0.76233E-05   -0.42143E-05    0.21170E-03   -0.80203E-04   -0.15305E-03    0.50913E-03   -0.47742E-01    0.18534E+00   -0.11604E-01   -0.27585E-01    0.59046E-01   -0.13443E-01   -0.44129E-02    0.39734E-03    0.49100E-02   -0.92771E-06   -0.52174E-04    0.70297E-03    0.29975E-01    0.28337E-01    0.67698E-02   -0.18828E+00   -0.11753E+00   -0.20707E-01   -0.43897E-01    0.27412E+00   -0.62291E+00    0.31129E+00   -0.34486E+00    0.66468E-01    0.14361E+00    0.36377E-01   -0.26395E+00    0.17087E+00    0.22394E-01    0.23201E-02   -0.25504E-01    0.98834E+00    0.46499E-02
    0.28149E-05    0.22112E-04   -0.51519E-05   -0.53058E-04   -0.12124E-03   -0.72987E-04   -0.41527E-04    0.38471E+01   -0.20479E+00   -0.45015E+00    0.29524E+00    0.31107E+00   -0.29770E-01   -0.19725E-02    0.21040E-03    0.12842E-01   -0.11735E-06    0.91022E-05    0.18199E-02    0.25926E-01    0.72054E-01   -0.21931E+00    0.72581E-01    0.55711E-01   -0.47333E-02    0.85935E-01   -0.20766E+00    0.16521E+00    0.65467E+00    0.20196E+00   -0.86819E-01    0.16481E+00   -0.68966E-01    0.12731E+00   -0.87876E-01   -0.11062E-01   -0.78006E-02   -0.20403E-01    0.46499E-02    0.98049E+00
