# omegabh2 omegach2 theta tau ns logA aps100 aps143 aps217 acib143 acib217 asz143 psr cibr cal0 cal2 xi aksz bm_1_1
    0.76005E-07   -0.41532E-06    0.81430E-07    0.11544E-05    0.11608E-05    0.14786E-05   -0.80704E-03   -0.51826E-03   -0.34636E-03   -0.86838E-04   -0.15409E-03   -0.47642E-05   -0.13415E-06   -0.49708E-05    0.13636E-08   -0.34538E-08    0.12560E-05   -0.22444E-04   -0.23102E-04
   -0.41532E-06    0.71780E-05   -0.75361E-06   -0.11918E-04   -0.16471E-04   -0.65549E-05    0.20403E-02    0.30719E-02    0.30563E-02    0.11603E-03    0.19670E-03    0.86106E-05    0.51978E-06    0.62138E-05   -0.21307E-07    0.20051E-07   -0.95827E-05   -0.32473E-04    0.15652E-03
    0.81430E-07   -0.75361E-06    0.40345E-06    0.17518E-05    0.22438E-05    0.20526E-05    0.14195E-03   -0.50622E-03   -0.40263E-03    0.30938E-04   -0.16878E-04   -0.42802E-05   -0.19907E-06   -0.22061E-05    0.63793E-08   -0.22446E-08    0.14095E-05   -0.11526E-04   -0.15069E-04
    0.11544E-05   -0.11918E-04    0.17518E-05    0.20396E-03    0.39180E-04    0.37920E-03   -0.67514E-02   -0.38527E-02    0.45634E-02   -0.45537E-02   -0.93891E-02   -0.53812E-03    0.37655E-05   -0.27413E-03   -0.10174E-07   -0.73843E-07    0.76277E-04   -0.94083E-03   -0.53368E-03
    0.11608E-05   -0.16471E-04    0.22438E-05    0.39180E-04    0.56614E-04    0.37265E-04   -0.18869E-01    0.84986E-04    0.62929E-02   -0.51285E-02   -0.93525E-02   -0.63820E-03    0.28407E-05   -0.26189E-03   -0.79184E-07   -0.61541E-07    0.39984E-04   -0.16036E-02   -0.67520E-03
    0.14786E-05   -0.65549E-05    0.20526E-05    0.37920E-03    0.37265E-04    0.74950E-03    0.23473E-02    0.90529E-02    0.27397E-01   -0.11280E-01   -0.23202E-01   -0.16382E-02    0.11094E-04   -0.69700E-03   -0.95759E-08    0.12061E-06    0.16939E-03   -0.28709E-02   -0.33410E-03
   -0.80704E-03    0.20403E-02    0.14195E-03   -0.67514E-02   -0.18869E-01    0.23473E-02    0.27129E+04    0.21254E+03    0.13433E+03    0.98158E+02   -0.38648E+02   -0.28558E+02    0.58258E-01   -0.54268E+01    0.60296E-03    0.32071E-02    0.27828E+01   -0.47340E+01    0.11541E+02
   -0.51826E-03    0.30719E-02   -0.50622E-03   -0.38527E-02    0.84986E-04    0.90529E-02    0.21254E+03    0.17976E+03    0.13561E+03   -0.34866E+02   -0.48358E+02   -0.53904E+01    0.35564E-01   -0.13578E+01   -0.10171E-03    0.28507E-03    0.46097E+00   -0.61415E+01    0.28901E+00
   -0.34636E-03    0.30563E-02   -0.40263E-03    0.45634E-02    0.62929E-02    0.27397E-01    0.13433E+03    0.13561E+03    0.22935E+03   -0.31857E+02   -0.89577E+02   -0.44568E+01    0.46836E-01   -0.20156E+01   -0.92709E-04   -0.46235E-02    0.50091E+00   -0.64532E+01    0.29818E+00
   -0.86838E-04    0.11603E-03    0.30938E-04   -0.45537E-02   -0.51285E-02   -0.11280E-01    0.98158E+02   -0.34866E+02   -0.31857E+02    0.30439E+02    0.17402E+02   -0.91494E+00   -0.67750E-02   -0.31684E-01   -0.53120E-04   -0.31920E-03    0.23365E+00   -0.33340E+00   -0.60856E+00
   -0.15409E-03    0.19670E-03   -0.16878E-04   -0.93891E-02   -0.93525E-02   -0.23202E-01   -0.38648E+02   -0.48358E+02   -0.89577E+02    0.17402E+02    0.45930E+02    0.23494E+01   -0.18993E-01    0.10608E+01    0.25099E-04    0.24216E-02   -0.25149E+00   -0.27078E+00   -0.44233E-01
   -0.47642E-05    0.86106E-05   -0.42802E-05   -0.53812E-03   -0.63820E-03   -0.16382E-02   -0.28558E+02   -0.53904E+01   -0.44568E+01   -0.91494E+00    0.23494E+01    0.70711E+00   -0.16194E-02    0.15420E+00    0.15814E-04   -0.12008E-03   -0.59464E-01   -0.40984E-01    0.73777E-01
   -0.13415E-06    0.51978E-06   -0.19907E-06    0.37655E-05    0.28407E-05    0.11094E-04    0.58258E-01    0.35564E-01    0.46836E-01   -0.67750E-02   -0.18993E-01   -0.16194E-02    0.18316E-03   -0.55781E-03   -0.11545E-07   -0.47792E-06    0.19748E-03   -0.14550E-02   -0.70121E-04
   -0.49708E-05    0.62138E-05   -0.22061E-05   -0.27413E-03   -0.26189E-03   -0.69700E-03   -0.54268E+01   -0.13578E+01   -0.20156E+01   -0.31684E-01    0.10608E+01    0.15420E+00   -0.55781E-03    0.54272E-01    0.43248E-05    0.27798E-04   -0.11789E-01   -0.91590E-02    0.11494E-01
    0.13636E-08   -0.21307E-07    0.63793E-08   -0.10174E-07   -0.79184E-07   -0.95759E-08    0.60296E-03   -0.10171E-03   -0.92709E-04   -0.53120E-04    0.25099E-04    0.15814E-04   -0.11545E-07    0.43248E-05    0.15681E-06    0.70909E-08    0.39575E-06    0.12989E-04   -0.25460E-04
   -0.34538E-08    0.20051E-07   -0.22446E-08   -0.73843E-07   -0.61541E-07    0.12061E-06    0.32071E-02    0.28507E-03   -0.46235E-02   -0.31920E-03    0.24216E-02   -0.12008E-03   -0.47792E-06    0.27798E-04    0.70909E-08    0.96379E-06   -0.64857E-05    0.57349E-04    0.15809E-04
    0.12560E-05   -0.95827E-05    0.14095E-05    0.76277E-04    0.39984E-04    0.16939E-03    0.27828E+01    0.46097E+00    0.50091E+00    0.23365E+00   -0.25149E+00   -0.59464E-01    0.19748E-03   -0.11789E-01    0.39575E-06   -0.64857E-05    0.26941E-01    0.81991E-02   -0.63495E-02
   -0.22444E-04   -0.32473E-04   -0.11526E-04   -0.94083E-03   -0.16036E-02   -0.28709E-02   -0.47340E+01   -0.61415E+01   -0.64532E+01   -0.33340E+00   -0.27078E+00   -0.40984E-01   -0.14550E-02   -0.91590E-02    0.12989E-04    0.57349E-04    0.81991E-02    0.20122E+01   -0.10236E-01
   -0.23102E-04    0.15652E-03   -0.15069E-04   -0.53368E-03   -0.67520E-03   -0.33410E-03    0.11541E+02    0.28901E+00    0.29818E+00   -0.60856E+00   -0.44233E-01    0.73777E-01   -0.70121E-04    0.11494E-01   -0.25460E-04    0.15809E-04   -0.63495E-02   -0.10236E-01    0.59588E+00
