# omegabh2 omegach2 theta tau Alens logA ns calPlanck acib217 xi asz143 aps100 aps143 aps143217 aps217 aksz kgal100 kgal143 kgal143217 kgal217 galfEE100 galfEE100143 galfEE100217 galfEE143 galfEE143217 galfEE217 galfTE100 galfTE100143 galfTE100217 galfTE143 galfTE143217 galfTE217 cal0 cal2
    0.2781228E-07   -0.1643866E-06    0.2524421E-07    0.4334711E-07    0.2908087E-05   -0.2331192E-06    0.4262717E-06   -0.1139704E-07   -0.1140696E-03    0.2974042E-05    0.3641024E-04   -0.5520670E-03   -0.2691079E-03   -0.1540641E-04    0.5071148E-04   -0.6186632E-04   -0.1324201E-05   -0.2046426E-05   -0.2721317E-04   -0.3309227E-04    0.1196434E-06    0.4208335E-07    0.6367921E-08    0.6347899E-07   -0.7478407E-07    0.2580361E-06   -0.3510575E-06   -0.7858965E-07    0.5274273E-06   -0.5783490E-07   -0.2686911E-06   -0.1766387E-05    0.6335079E-08   -0.1437714E-07
   -0.1643866E-06    0.2291997E-05   -0.2449064E-06   -0.2487421E-05   -0.3332117E-04    0.5928390E-06   -0.5763877E-05    0.1213570E-06    0.6138691E-03   -0.1510011E-04   -0.2155121E-03    0.3968398E-02    0.1866713E-02    0.4075673E-03   -0.1496376E-04    0.3396553E-03   -0.3154595E-04   -0.4490174E-04    0.1553544E-03    0.3176145E-03   -0.1201170E-05   -0.5006727E-06   -0.2845048E-06   -0.7617365E-06    0.3277557E-06   -0.9933596E-06    0.2643809E-05    0.8550161E-06   -0.2988414E-05    0.7904624E-06    0.2515562E-05    0.1399852E-04   -0.1066811E-07    0.1114016E-06
    0.2524421E-07   -0.2449064E-06    0.1006473E-06    0.1606306E-06    0.5195685E-05   -0.2464462E-06    0.7193150E-06   -0.4014224E-07   -0.9238082E-04    0.4269908E-05    0.3110185E-04   -0.4057575E-03   -0.1835926E-03    0.3024204E-04    0.2215879E-04   -0.4077636E-04    0.2962674E-05    0.4582699E-05   -0.1772322E-04   -0.4447450E-04    0.1527628E-06    0.6247523E-07   -0.6037341E-07    0.1014526E-06   -0.4331996E-07   -0.2615573E-06   -0.2556640E-06   -0.1239901E-06    0.3669817E-06   -0.1544405E-06   -0.1404381E-06   -0.2199393E-05    0.3677922E-08   -0.2070939E-07
    0.4334711E-07   -0.2487421E-05    0.1606306E-06    0.3827248E-03   -0.7218576E-03    0.7535288E-03    0.1387824E-04   -0.1410066E-05   -0.1728733E-02   -0.6607300E-04    0.7760189E-03   -0.1888829E-01   -0.7439609E-02   -0.3553238E-02    0.5939493E-03   -0.1449484E-02   -0.5182711E-03   -0.1977755E-03   -0.4604700E-03   -0.9574849E-03    0.4338856E-05    0.1055176E-05   -0.4203040E-05    0.2035299E-05    0.1204489E-05   -0.1904043E-04   -0.3613750E-04   -0.2662009E-05   -0.4909204E-06    0.7180789E-05    0.2121639E-04    0.1060959E-05    0.1152150E-07   -0.1196253E-06
    0.2908087E-05   -0.3332117E-04    0.5195685E-05   -0.7218576E-03    0.2597532E-02   -0.1539572E-02    0.7880740E-04   -0.1168075E-04   -0.1701402E-01    0.5232957E-03    0.4717307E-02   -0.6485588E-01   -0.2585302E-01    0.4123018E-02    0.5973982E-02   -0.6228572E-02    0.2807451E-04    0.1463826E-02   -0.2867228E-02   -0.5804317E-02    0.9970943E-05    0.8223430E-05    0.6318663E-05    0.1254544E-04   -0.8251203E-05    0.6694502E-04    0.1520456E-04   -0.2617794E-04    0.4442322E-04   -0.2816747E-04   -0.7066885E-04   -0.1253094E-03   -0.3549809E-06   -0.3581113E-05
   -0.2331192E-06    0.5928390E-06   -0.2464462E-06    0.7535288E-03   -0.1539572E-02    0.1525010E-02    0.1188341E-04    0.9936622E-05   -0.1694630E-02   -0.1296032E-03    0.1007026E-02   -0.2341537E-01   -0.7647074E-02   -0.2668698E-02    0.7082536E-02   -0.3123360E-02   -0.1278205E-02   -0.9542892E-03   -0.7258722E-03    0.7809598E-03    0.8491194E-05    0.1163498E-05   -0.8769507E-05    0.3401724E-05    0.4900685E-05   -0.4885313E-04   -0.6523161E-04   -0.2079341E-05   -0.2699739E-04    0.2046294E-04    0.4341920E-04    0.2611944E-04    0.1803482E-06    0.6780004E-07
    0.4262717E-06   -0.5763877E-05    0.7193150E-06    0.1387824E-04    0.7880740E-04    0.1188341E-04    0.2405502E-04   -0.2595672E-06   -0.5792442E-02    0.1457856E-03    0.1310923E-02   -0.2898286E-01   -0.8570387E-02    0.1972380E-02    0.5674481E-02   -0.2889085E-02    0.2933086E-03   -0.4554752E-04   -0.4784439E-03    0.3564019E-03    0.6059552E-05    0.2147410E-05    0.1074085E-05    0.2896711E-05   -0.1856854E-05   -0.8659844E-06   -0.7953108E-07   -0.6321594E-06    0.2191746E-04   -0.2137687E-05   -0.9453432E-05   -0.3292731E-04   -0.1845436E-06   -0.5486968E-06
   -0.1139704E-07    0.1213570E-06   -0.4014224E-07   -0.1410066E-05   -0.1168075E-04    0.9936622E-05   -0.2595672E-06    0.6248524E-05    0.8311120E-03   -0.1730523E-05   -0.5454244E-04    0.3678200E-02    0.1171277E-02    0.6118572E-03    0.1410503E-02   -0.5878607E-04    0.4003839E-04   -0.1978367E-04    0.1066261E-03    0.9813295E-03    0.1841879E-05    0.2795006E-06    0.7916938E-07    0.6610262E-06    0.1216392E-05   -0.4652877E-05    0.1841808E-05    0.6341431E-06   -0.6952385E-05    0.2095079E-05   -0.2491235E-05   -0.1899085E-05   -0.1335002E-07    0.4253380E-07
   -0.1140696E-03    0.6138691E-03   -0.9238082E-04   -0.1728733E-02   -0.1701402E-01   -0.1694630E-02   -0.5792442E-02    0.8311120E-03    0.4747945E+02   -0.4485657E+00   -0.1054465E+01    0.3854246E+02    0.1242591E+01   -0.1832355E+02   -0.6323762E+02   -0.5186342E+00   -0.2000837E+00    0.2097846E+00   -0.3167625E+01   -0.2472571E+02   -0.1165349E-02   -0.3160082E-03   -0.2205637E-02   -0.7156347E-03    0.1892520E-03   -0.2781138E-02   -0.1412632E-01   -0.2784114E-02   -0.8236562E-02    0.2193815E-02   -0.3239583E-02   -0.7311601E-02   -0.9133400E-04    0.4253757E-02
    0.2974042E-05   -0.1510011E-04    0.4269908E-05   -0.6607300E-04    0.5232957E-03   -0.1296032E-03    0.1457856E-03   -0.1730523E-05   -0.4485657E+00    0.8148908E-01   -0.6671889E-01   -0.3685226E+00    0.9392734E+00    0.1756076E+01    0.6640558E+00    0.8091416E-01    0.9248753E-03    0.1557217E-01    0.1049924E+00    0.9220491E-01    0.3859419E-04    0.1816018E-04   -0.4494156E-04    0.2142353E-04    0.7990390E-05   -0.1218633E-03    0.2505072E-03   -0.2532803E-04   -0.2922893E-03   -0.2664868E-04    0.2674193E-04    0.2879503E-03    0.9236488E-05   -0.1737816E-04
    0.3641024E-04   -0.2155121E-03    0.3110185E-04    0.7760189E-03    0.4717307E-02    0.1007026E-02    0.1310923E-02   -0.5454244E-04   -0.1054465E+01   -0.6671889E-01    0.3719822E+01   -0.2842900E+02   -0.3463455E+01    0.7653288E+01    0.6024168E+01   -0.2667760E+01   -0.2034602E+00    0.1211869E+00    0.2422657E+01    0.1800190E+01    0.2197789E-03    0.1831821E-03    0.4991262E-03    0.7885522E-04   -0.3315228E-03   -0.2136557E-02   -0.1664292E-02   -0.4672540E-03    0.7563094E-02   -0.1479557E-02   -0.5977048E-03   -0.5804409E-02    0.1769972E-03   -0.2992080E-03
   -0.5520670E-03    0.3968398E-02   -0.4057575E-03   -0.1888829E-01   -0.6485588E-01   -0.2341537E-01   -0.2898286E-01    0.3678200E-02    0.3854246E+02   -0.3685226E+00   -0.2842900E+02    0.7136970E+03    0.6695334E+02   -0.5444532E+02   -0.6510674E+02    0.1274362E+02    0.4983006E+00   -0.3714017E+00   -0.1284224E+02   -0.1693683E+02   -0.3480345E-02   -0.3332469E-02   -0.6840935E-02   -0.6949748E-03   -0.2884021E-02    0.2496221E-02    0.4863160E-01    0.7704720E-02   -0.6336107E-01    0.2445342E-01    0.1998185E-01    0.1237538E+00    0.4756517E-02    0.4147388E-02
   -0.2691079E-03    0.1866713E-02   -0.1835926E-03   -0.7439609E-02   -0.2585302E-01   -0.7647074E-02   -0.8570387E-02    0.1171277E-02    0.1242591E+01    0.9392734E+00   -0.3463455E+01    0.6695334E+02    0.5663402E+02    0.4092082E+02    0.1607740E+02   -0.4587605E+01   -0.2486474E+00   -0.7168808E+00    0.3831464E+01    0.3572630E+01   -0.9130589E-03   -0.2429271E-03   -0.1440223E-02   -0.6806527E-03    0.2602405E-02   -0.3502043E-02    0.4981377E-02    0.2294342E-02   -0.1956150E-01    0.5664908E-02    0.5383045E-02    0.2757306E-01    0.2504084E-03    0.2460258E-03
   -0.1540641E-04    0.4075673E-03    0.3024204E-04   -0.3553238E-02    0.4123018E-02   -0.2668698E-02    0.1972380E-02    0.6118572E-03   -0.1832355E+02    0.1756076E+01    0.7653288E+01   -0.5444532E+02    0.4092082E+02    0.9082439E+02    0.6110804E+02   -0.1158689E+02   -0.6178907E+00    0.1291670E+00    0.5084602E+01    0.5227643E+01    0.1797220E-03    0.7265035E-03    0.4696243E-04    0.6072442E-03    0.9908229E-03   -0.8170621E-02    0.2349039E-02   -0.2635306E-02    0.5138896E-02   -0.1125868E-02    0.9657411E-03    0.1028228E-01    0.7683915E-03   -0.2206152E-02
    0.5071148E-04   -0.1496376E-04    0.2215879E-04    0.5939493E-03    0.5973982E-02    0.7082536E-02    0.5674481E-02    0.1410503E-02   -0.6323762E+02    0.6640558E+00    0.6024168E+01   -0.6510674E+02    0.1607740E+02    0.6110804E+02    0.1200292E+03   -0.9250988E+01   -0.1549596E+00   -0.1720786E+00    0.1252029E+01    0.2176204E+02    0.1227351E-02    0.6051917E-03    0.3231456E-02    0.1215067E-02    0.5278828E-03    0.1035725E-02    0.2059392E-01    0.4013369E-02    0.1202891E-01   -0.4012744E-02    0.7203362E-02    0.2601711E-01    0.4899243E-03   -0.7243441E-02
   -0.6186632E-04    0.3396553E-03   -0.4077636E-04   -0.1449484E-02   -0.6228572E-02   -0.3123360E-02   -0.2889085E-02   -0.5878607E-04   -0.5186342E+00    0.8091416E-01   -0.2667760E+01    0.1274362E+02   -0.4587605E+01   -0.1158689E+02   -0.9250988E+01    0.6105913E+01    0.1362801E+00   -0.2186703E+00   -0.2106688E+01   -0.1321584E+01   -0.6769958E-03   -0.3750801E-03   -0.6517632E-03   -0.2835968E-03    0.8106267E-03    0.1246005E-02    0.4433110E-04   -0.1237633E-03   -0.6560714E-02   -0.2480919E-03    0.1565317E-02   -0.1852051E-02   -0.9774660E-04    0.3251095E-04
   -0.1324201E-05   -0.3154595E-04    0.2962674E-05   -0.5182711E-03    0.2807451E-04   -0.1278205E-02    0.2933086E-03    0.4003839E-04   -0.2000837E+00    0.9248753E-03   -0.2034602E+00    0.4983006E+00   -0.2486474E+00   -0.6178907E+00   -0.1549596E+00    0.1362801E+00    0.3327061E+01    0.7539534E+00    0.3955028E+00    0.5642134E+00   -0.1717171E-03   -0.1499313E-03    0.1899937E-03   -0.3604867E-03   -0.6024811E-03   -0.9750748E-03   -0.6518264E-02   -0.1114831E-02   -0.2972005E-02   -0.2125593E-03   -0.1798869E-02   -0.2980241E-02    0.4824667E-03   -0.2067362E-04
   -0.2046426E-05   -0.4490174E-04    0.4582699E-05   -0.1977755E-03    0.1463826E-02   -0.9542892E-03   -0.4554752E-04   -0.1978367E-04    0.2097846E+00    0.1557217E-01    0.1211869E+00   -0.3714017E+00   -0.7168808E+00    0.1291670E+00   -0.1720786E+00   -0.2186703E+00    0.7539534E+00    0.3022773E+01    0.2317407E+01    0.1239168E+01   -0.5969789E-04    0.1490795E-04    0.2921717E-03   -0.1367063E-04   -0.1202925E-03    0.1159923E-02    0.4234476E-02   -0.1149503E-03   -0.3182381E-02   -0.2695186E-04    0.1911735E-02    0.2475211E-03   -0.3950930E-03   -0.1991085E-03
   -0.2721317E-04    0.1553544E-03   -0.1772322E-04   -0.4604700E-03   -0.2867228E-02   -0.7258722E-03   -0.4784439E-03    0.1066261E-03   -0.3167625E+01    0.1049924E+00    0.2422657E+01   -0.1284224E+02    0.3831464E+01    0.5084602E+01    0.1252029E+01   -0.2106688E+01    0.3955028E+00    0.2317407E+01    0.1742813E+02    0.2676397E+02    0.5195570E-04    0.1802979E-03    0.1113723E-02   -0.3979838E-03   -0.5581910E-03   -0.4881133E-04    0.3094697E-02   -0.1484154E-02   -0.1482380E-01   -0.1592879E-02   -0.3657860E-02   -0.4411581E-02   -0.4533202E-04    0.2458471E-02
   -0.3309227E-04    0.3176145E-03   -0.4447450E-04   -0.9574849E-03   -0.5804317E-02    0.7809598E-03    0.3564019E-03    0.9813295E-03   -0.2472571E+02    0.9220491E-01    0.1800190E+01   -0.1693683E+02    0.3572630E+01    0.5227643E+01    0.2176204E+02   -0.1321584E+01    0.5642134E+00    0.1239168E+01    0.2676397E+02    0.6145530E+02    0.9074428E-03    0.3196940E-03    0.2486458E-02   -0.3180311E-03   -0.5837539E-03    0.1398588E-02    0.6241287E-02   -0.3663525E-02   -0.2202045E-01   -0.2117735E-02   -0.8379121E-02   -0.1072697E-01   -0.5075410E-04    0.4441388E-02
    0.1196434E-06   -0.1201170E-05    0.1527628E-06    0.4338856E-05    0.9970943E-05    0.8491194E-05    0.6059552E-05    0.1841879E-05   -0.1165349E-02    0.3859419E-04    0.2197789E-03   -0.3480345E-02   -0.9130589E-03    0.1797220E-03    0.1227351E-02   -0.6769958E-03   -0.1717171E-03   -0.5969789E-04    0.5195570E-04    0.9074428E-03    0.1249298E-03    0.1052351E-04    0.1744670E-05    0.3129667E-05   -0.2065577E-05    0.4735507E-05   -0.3638674E-05    0.1415211E-05   -0.1173403E-04    0.2252859E-05   -0.1905347E-04   -0.3368034E-04   -0.1187380E-06   -0.1089235E-06
    0.4208335E-07   -0.5006727E-06    0.6247523E-07    0.1055176E-05    0.8223430E-05    0.1163498E-05    0.2147410E-05    0.2795006E-06   -0.3160082E-03    0.1816018E-04    0.1831821E-03   -0.3332469E-02   -0.2429271E-03    0.7265035E-03    0.6051917E-03   -0.3750801E-03   -0.1499313E-03    0.1490795E-04    0.1802979E-03    0.3196940E-03    0.1052351E-04    0.1367595E-04    0.7475100E-06    0.6597301E-05    0.3138952E-06    0.2606505E-05    0.2895453E-06   -0.2156598E-05    0.4444497E-05   -0.1622793E-05   -0.4508599E-05   -0.3553748E-05   -0.5653221E-07   -0.7697482E-08
    0.6367921E-08   -0.2845048E-06   -0.6037341E-07   -0.4203040E-05    0.6318663E-05   -0.8769507E-05    0.1074085E-05    0.7916938E-07   -0.2205637E-02   -0.4494156E-04    0.4991262E-03   -0.6840935E-02   -0.1440223E-02    0.4696243E-04    0.3231456E-02   -0.6517632E-03    0.1899937E-03    0.2921717E-03    0.1113723E-02    0.2486458E-02    0.1744670E-05    0.7475100E-06    0.2216723E-03   -0.7552526E-06   -0.1021044E-05   -0.2538516E-05   -0.5005054E-05   -0.3596964E-05   -0.3225651E-04    0.1612799E-05    0.3684107E-05   -0.2687251E-04   -0.1955623E-07    0.1031270E-06
    0.6347899E-07   -0.7617365E-06    0.1014526E-06    0.2035299E-05    0.1254544E-04    0.3401724E-05    0.2896711E-05    0.6610262E-06   -0.7156347E-03    0.2142353E-04    0.7885522E-04   -0.6949748E-03   -0.6806527E-03    0.6072442E-03    0.1215067E-02   -0.2835968E-03   -0.3604867E-03   -0.1367063E-04   -0.3979838E-03   -0.3180311E-03    0.3129667E-05    0.6597301E-05   -0.7552526E-06    0.3033450E-04    0.1268202E-05   -0.1320265E-05    0.2611858E-05   -0.7066960E-06   -0.1031457E-04   -0.4215050E-05   -0.4789032E-05    0.5498946E-05   -0.1012132E-06   -0.1217919E-06
   -0.7478407E-07    0.3277557E-06   -0.4331996E-07    0.1204489E-05   -0.8251203E-05    0.4900685E-05   -0.1856854E-05    0.1216392E-05    0.1892520E-03    0.7990390E-05   -0.3315228E-03   -0.2884021E-02    0.2602405E-02    0.9908229E-03    0.5278828E-03    0.8106267E-03   -0.6024811E-03   -0.1202925E-03   -0.5581910E-03   -0.5837539E-03   -0.2065577E-05    0.3138952E-06   -0.1021044E-05    0.1268202E-05    0.4005394E-03    0.4037086E-05    0.1172946E-04    0.2478289E-05    0.1179772E-04    0.2347508E-05    0.1014468E-06   -0.1628544E-04   -0.4091786E-06   -0.3245435E-06
    0.2580361E-06   -0.9933596E-06   -0.2615573E-06   -0.1904043E-04    0.6694502E-04   -0.4885313E-04   -0.8659844E-06   -0.4652877E-05   -0.2781138E-02   -0.1218633E-03   -0.2136557E-02    0.2496221E-02   -0.3502043E-02   -0.8170621E-02    0.1035725E-02    0.1246005E-02   -0.9750748E-03    0.1159923E-02   -0.4881133E-04    0.1398588E-02    0.4735507E-05    0.2606505E-05   -0.2538516E-05   -0.1320265E-05    0.4037086E-05    0.3543242E-02   -0.7437551E-04    0.1336823E-04   -0.1007346E-03    0.3019988E-04   -0.2552756E-04    0.3986264E-04   -0.3963941E-06    0.8482188E-06
   -0.3510575E-06    0.2643809E-05   -0.2556640E-06   -0.3613750E-04    0.1520456E-04   -0.6523161E-04   -0.7953108E-07    0.1841808E-05   -0.1412632E-01    0.2505072E-03   -0.1664292E-02    0.4863160E-01    0.4981377E-02    0.2349039E-02    0.2059392E-01    0.4433110E-04   -0.6518264E-02    0.4234476E-02    0.3094697E-02    0.6241287E-02   -0.3638674E-05    0.2895453E-06   -0.5005054E-05    0.2611858E-05    0.1172946E-04   -0.7437551E-04    0.5656864E-02    0.1799308E-02    0.1860008E-02   -0.6525415E-03   -0.1138069E-03    0.3130858E-04    0.5190112E-06   -0.9720999E-06
   -0.7858965E-07    0.8550161E-06   -0.1239901E-06   -0.2662009E-05   -0.2617794E-04   -0.2079341E-05   -0.6321594E-06    0.6341431E-06   -0.2784114E-02   -0.2532803E-04   -0.4672540E-03    0.7704720E-02    0.2294342E-02   -0.2635306E-02    0.4013369E-02   -0.1237633E-03   -0.1114831E-02   -0.1149503E-03   -0.1484154E-02   -0.3663525E-02    0.1415211E-05   -0.2156598E-05   -0.3596964E-05   -0.7066960E-06    0.2478289E-05    0.1336823E-04    0.1799308E-02    0.1240316E-02    0.9270692E-03    0.2249772E-03   -0.6317405E-05   -0.1429520E-03   -0.4914654E-06   -0.1372181E-05
    0.5274273E-06   -0.2988414E-05    0.3669817E-06   -0.4909204E-06    0.4442322E-04   -0.2699739E-04    0.2191746E-04   -0.6952385E-05   -0.8236562E-02   -0.2922893E-03    0.7563094E-02   -0.6336107E-01   -0.1956150E-01    0.5138896E-02    0.1202891E-01   -0.6560714E-02   -0.2972005E-02   -0.3182381E-02   -0.1482380E-01   -0.2202045E-01   -0.1173403E-04    0.4444497E-05   -0.3225651E-04   -0.1031457E-04    0.1179772E-04   -0.1007346E-03    0.1860008E-02    0.9270692E-03    0.3252665E-01   -0.4605299E-03    0.1326346E-02    0.1060519E-01   -0.2088498E-05   -0.5444321E-05
   -0.5783490E-07    0.7904624E-06   -0.1544405E-06    0.7180789E-05   -0.2816747E-04    0.2046294E-04   -0.2137687E-05    0.2095079E-05    0.2193815E-02   -0.2664868E-04   -0.1479557E-02    0.2445342E-01    0.5664908E-02   -0.1125868E-02   -0.4012744E-02   -0.2480919E-03   -0.2125593E-03   -0.2695186E-04   -0.1592879E-02   -0.2117735E-02    0.2252859E-05   -0.1622793E-05    0.1612799E-05   -0.4215050E-05    0.2347508E-05    0.3019988E-04   -0.6525415E-03    0.2249772E-03   -0.4605299E-03    0.1408775E-02    0.1521862E-03   -0.3667042E-03   -0.3008130E-07   -0.1003035E-05
   -0.2686911E-06    0.2515562E-05   -0.1404381E-06    0.2121639E-04   -0.7066885E-04    0.4341920E-04   -0.9453432E-05   -0.2491235E-05   -0.3239583E-02    0.2674193E-04   -0.5977048E-03    0.1998185E-01    0.5383045E-02    0.9657411E-03    0.7203362E-02    0.1565317E-02   -0.1798869E-02    0.1911735E-02   -0.3657860E-02   -0.8379121E-02   -0.1905347E-04   -0.4508599E-05    0.3684107E-05   -0.4789032E-05    0.1014468E-06   -0.2552756E-04   -0.1138069E-03   -0.6317405E-05    0.1326346E-02    0.1521862E-03    0.5102900E-02    0.4057403E-02   -0.6697597E-06   -0.1640115E-05
   -0.1766387E-05    0.1399852E-04   -0.2199393E-05    0.1060959E-05   -0.1253094E-03    0.2611944E-04   -0.3292731E-04   -0.1899085E-05   -0.7311601E-02    0.2879503E-03   -0.5804409E-02    0.1237538E+00    0.2757306E-01    0.1028228E-01    0.2601711E-01   -0.1852051E-02   -0.2980241E-02    0.2475211E-03   -0.4411581E-02   -0.1072697E-01   -0.3368034E-04   -0.3553748E-05   -0.2687251E-04    0.5498946E-05   -0.1628544E-04    0.3986264E-04    0.3130858E-04   -0.1429520E-03    0.1060519E-01   -0.3667042E-03    0.4057403E-02    0.3659491E-01   -0.5907264E-06   -0.6091786E-05
    0.6335079E-08   -0.1066811E-07    0.3677922E-08    0.1152150E-07   -0.3549809E-06    0.1803482E-06   -0.1845436E-06   -0.1335002E-07   -0.9133400E-04    0.9236488E-05    0.1769972E-03    0.4756517E-02    0.2504084E-03    0.7683915E-03    0.4899243E-03   -0.9774660E-04    0.4824667E-03   -0.3950930E-03   -0.4533202E-04   -0.5075410E-04   -0.1187380E-06   -0.5653221E-07   -0.1955623E-07   -0.1012132E-06   -0.4091786E-06   -0.3963941E-06    0.5190112E-06   -0.4914654E-06   -0.2088498E-05   -0.3008130E-07   -0.6697597E-06   -0.5907264E-06    0.5358986E-06    0.1982058E-07
   -0.1437714E-07    0.1114016E-06   -0.2070939E-07   -0.1196253E-06   -0.3581113E-05    0.6780004E-07   -0.5486968E-06    0.4253380E-07    0.4253757E-02   -0.1737816E-04   -0.2992080E-03    0.4147388E-02    0.2460258E-03   -0.2206152E-02   -0.7243441E-02    0.3251095E-04   -0.2067362E-04   -0.1991085E-03    0.2458471E-02    0.4441388E-02   -0.1089235E-06   -0.7697482E-08    0.1031270E-06   -0.1217919E-06   -0.3245435E-06    0.8482188E-06   -0.9720999E-06   -0.1372181E-05   -0.5444321E-05   -0.1003035E-05   -0.1640115E-05   -0.6091786E-05    0.1982058E-07    0.2052410E-05
