# omegabh2 omegach2 theta tau nnu logA ns acib217 acibsz143 asz143 aps100 aps143 aps143217 aps217 aksz kgal100 t1gal143 t1gal143217 t1gal217 calib_100T calib_217T
    0.1154250E-06    0.6794575E-06   -0.3137363E-07    0.2087023E-05    0.7249523E-04    0.5763486E-05    0.3463354E-05    0.1659791E-03    0.5421782E-04    0.2747905E-04   -0.2056592E-03   -0.3397952E-03   -0.4437907E-03   -0.4980002E-03    0.6204011E-04    0.1697842E-02    0.1305669E-02    0.1417346E-02    0.1467493E-02   -0.9184813E-07   -0.2311833E-07
    0.6794575E-06    0.1816216E-04   -0.1562655E-05    0.5413628E-05    0.1120112E-02    0.5206964E-04    0.3348019E-04    0.9015118E-02    0.3897531E-02    0.4671622E-03    0.8843409E-02    0.1267535E-02   -0.6884531E-02   -0.8852490E-02    0.1797096E-02    0.1398985E-01    0.1409252E-01    0.1554338E-01    0.1609578E-01   -0.6901029E-06   -0.4674016E-06
   -0.3137363E-07   -0.1562655E-05    0.3305931E-06    0.1485551E-06   -0.9316041E-04   -0.3124815E-05   -0.2343536E-05   -0.8947453E-03   -0.3811484E-03   -0.2817936E-04   -0.1048415E-02   -0.2954859E-03    0.5274447E-03    0.7487391E-03   -0.1183089E-03   -0.7327873E-03   -0.8358597E-03   -0.9756862E-03   -0.1058513E-02    0.3836821E-07    0.5278231E-07
    0.2087023E-05    0.5413628E-05    0.1485551E-06    0.2254427E-03    0.1292600E-02    0.4665017E-03    0.8640089E-04   -0.2640539E-02   -0.2441879E-02   -0.1516111E-02    0.9601336E-02    0.3665736E-02    0.5563826E-02    0.3354135E-02    0.1781777E-03   -0.5095434E-02   -0.7287990E-02   -0.7912483E-02   -0.7944196E-02    0.1848646E-06   -0.1268289E-06
    0.7249523E-04    0.1120112E-02   -0.9316041E-04    0.1292600E-02    0.9014791E-01    0.5155287E-02    0.3430437E-02    0.6868215E+00    0.2903785E+00    0.4162661E-01    0.7535325E+00    0.2349504E-01   -0.5725357E+00   -0.7266351E+00    0.1514515E+00    0.9035008E+00    0.9532516E+00    0.1088059E+01    0.1137839E+01   -0.4645130E-04   -0.3967181E-04
    0.5763486E-05    0.5206964E-04   -0.3124815E-05    0.4665017E-03    0.5155287E-02    0.1074601E-02    0.2487783E-03    0.1561193E-01    0.3441836E-02   -0.3112737E-02    0.6632882E-01    0.2691226E-01    0.1028112E-01   -0.2475526E-03    0.3710874E-02   -0.5343027E-02   -0.3675952E-01   -0.3521600E-01   -0.3409562E-01   -0.3912223E-05   -0.1481231E-05
    0.3463354E-05    0.3348019E-04   -0.2343536E-05    0.8640089E-04    0.3430437E-02    0.2487783E-03    0.1652599E-03    0.1526428E-01    0.5497706E-02    0.2995888E-04    0.2053948E-01    0.4707968E-02   -0.9514687E-02   -0.1511190E-01    0.3114277E-02    0.3114892E-01    0.3067629E-01    0.3501006E-01    0.3749826E-01   -0.1360305E-05   -0.1300510E-05
    0.1659791E-03    0.9015118E-02   -0.8947453E-03   -0.2640539E-02    0.6868215E+00    0.1561193E-01    0.1526428E-01    0.7457183E+02    0.2919381E+02    0.1394044E+01    0.2517846E+02   -0.1964764E+02   -0.7221994E+02   -0.8852808E+02   -0.1986339E+01   -0.7729981E+01   -0.1956516E+02   -0.2347923E+02   -0.2704869E+02   -0.3350383E-03   -0.3673299E-02
    0.5421782E-04    0.3897531E-02   -0.3811484E-03   -0.2441879E-02    0.2903785E+00    0.3441836E-02    0.5497706E-02    0.2919381E+02    0.2056471E+02    0.2537964E+01   -0.7864422E+01   -0.2292768E+02   -0.4807172E+02   -0.2976669E+02   -0.9805108E+00   -0.6152229E+01   -0.1108217E+02   -0.1796807E+02   -0.1922216E+02   -0.1114266E-03   -0.2920581E-03
    0.2747905E-04    0.4671622E-03   -0.2817936E-04   -0.1516111E-02    0.4162661E-01   -0.3112737E-02    0.2995888E-04    0.1394044E+01    0.2537964E+01    0.5628262E+01   -0.3722647E+02   -0.1626980E+02   -0.5745644E+01   -0.1806738E+01   -0.8911755E-01   -0.2028551E+01    0.3121255E+00    0.4136987E+01    0.4795170E+01   -0.8629721E-04    0.1381394E-03
   -0.2056592E-03    0.8843409E-02   -0.1048415E-02    0.9601336E-02    0.7535325E+00    0.6632882E-01    0.2053948E-01    0.2517846E+02   -0.7864422E+01   -0.3722647E+02    0.7700941E+03    0.1792772E+03    0.6991326E+02    0.1705752E+02   -0.1068688E+02   -0.7609572E+02   -0.6451757E+02   -0.7341010E+02   -0.7220450E+02   -0.4619223E-02   -0.3513053E-02
   -0.3397952E-03    0.1267535E-02   -0.2954859E-03    0.3665736E-02    0.2349504E-01    0.2691226E-01    0.4707968E-02   -0.1964764E+02   -0.2292768E+02   -0.1626980E+02    0.1792772E+03    0.1240987E+03    0.1003406E+03    0.5889811E+02   -0.1054999E+02   -0.2285482E+02   -0.4646352E+02   -0.4090835E+02   -0.3806383E+02   -0.1698080E-02   -0.1087722E-02
   -0.4437907E-03   -0.6884531E-02    0.5274447E-03    0.5563826E-02   -0.5725357E+00    0.1028112E-01   -0.9514687E-02   -0.7221994E+02   -0.4807172E+02   -0.5745644E+01    0.6991326E+02    0.1003406E+03    0.1618445E+03    0.1201756E+03   -0.8897752E+01   -0.1956701E+02   -0.3084478E+02   -0.2059991E+02   -0.2048678E+02   -0.1651266E-02    0.1910248E-02
   -0.4980002E-03   -0.8852490E-02    0.7487391E-03    0.3354135E-02   -0.7266351E+00   -0.2475526E-03   -0.1511190E-01   -0.8852808E+02   -0.2976669E+02   -0.1806738E+01    0.1705752E+02    0.5889811E+02    0.1201756E+03    0.1565363E+03   -0.8794997E+01   -0.2443124E+02   -0.3499761E+02   -0.4301639E+02   -0.4645713E+02   -0.1573629E-02    0.6299257E-02
    0.6204011E-04    0.1797096E-02   -0.1183089E-03    0.1781777E-03    0.1514515E+00    0.3710874E-02    0.3114277E-02   -0.1986339E+01   -0.9805108E+00   -0.8911755E-01   -0.1068688E+02   -0.1054999E+02   -0.8897752E+01   -0.8794997E+01    0.8202638E+01   -0.1544148E+01   -0.1399289E+01   -0.1892729E+01   -0.2472299E+01    0.2202096E-04    0.2199172E-03
    0.1697842E-02    0.1398985E-01   -0.7327873E-03   -0.5095434E-02    0.9035008E+00   -0.5343027E-02    0.3114892E-01   -0.7729981E+01   -0.6152229E+01   -0.2028551E+01   -0.7609572E+02   -0.2285482E+02   -0.1956701E+02   -0.2443124E+02   -0.1544148E+01    0.2485912E+03    0.1676706E+03    0.1679621E+03    0.1668084E+03   -0.1367760E-01   -0.7685829E-04
    0.1305669E-02    0.1409252E-01   -0.8358597E-03   -0.7287990E-02    0.9532516E+00   -0.3675952E-01    0.3067629E-01   -0.1956516E+02   -0.1108217E+02    0.3121255E+00   -0.6451757E+02   -0.4646352E+02   -0.3084478E+02   -0.3499761E+02   -0.1399289E+01    0.1676706E+03    0.2969550E+03    0.3033094E+03    0.3031755E+03    0.9102501E-02    0.7010649E-03
    0.1417346E-02    0.1554338E-01   -0.9756862E-03   -0.7912483E-02    0.1088059E+01   -0.3521600E-01    0.3501006E-01   -0.2347923E+02   -0.1796807E+02    0.4136987E+01   -0.7341010E+02   -0.4090835E+02   -0.2059991E+02   -0.4301639E+02   -0.1892729E+01    0.1679621E+03    0.3033094E+03    0.3489785E+03    0.3743695E+03    0.8881826E-02   -0.4715772E-02
    0.1467493E-02    0.1609578E-01   -0.1058513E-02   -0.7944196E-02    0.1137839E+01   -0.3409562E-01    0.3749826E-01   -0.2704869E+02   -0.1922216E+02    0.4795170E+01   -0.7220450E+02   -0.3806383E+02   -0.2048678E+02   -0.4645713E+02   -0.2472299E+01    0.1668084E+03    0.3031755E+03    0.3743695E+03    0.4252136E+03    0.8782267E-02   -0.9534407E-02
   -0.9184813E-07   -0.6901029E-06    0.3836821E-07    0.1848646E-06   -0.4645130E-04   -0.3912223E-05   -0.1360305E-05   -0.3350383E-03   -0.1114266E-03   -0.8629721E-04   -0.4619223E-02   -0.1698080E-02   -0.1651266E-02   -0.1573629E-02    0.2202096E-04   -0.1367760E-01    0.9102501E-02    0.8881826E-02    0.8782267E-02    0.3133996E-05    0.6105765E-07
   -0.2311833E-07   -0.4674016E-06    0.5278231E-07   -0.1268289E-06   -0.3967181E-04   -0.1481231E-05   -0.1300510E-05   -0.3673299E-02   -0.2920581E-03    0.1381394E-03   -0.3513053E-02   -0.1087722E-02    0.1910248E-02    0.6299257E-02    0.2199172E-03   -0.7685829E-04    0.7010649E-03   -0.4715772E-02   -0.9534407E-02    0.6105765E-07    0.1448964E-05
