# omegabh2 omegach2 theta tau mnu ns logA aps100 aps143 aps217 acib143 acib217 asz143 psr cibr cal0 cal2 xi aksz bm_1_1 a_ps_act_148 a_ps_act_217 a_ps_spt_95 a_ps_spt_150 a_ps_spt_220 r_ps_spt_95x150 r_ps_spt_95x220 r_ps_150x220 act_dust_s act_dust_e cal_acts_148 cal_acts_217 cal_acte_148 cal_acte_217 cal_spt_95 cal_spt_150 cal_spt_220
    0.76865E-07   -0.34533E-06    0.66965E-07    0.12173E-05    0.24351E-06    0.99422E-06    0.17600E-05   -0.57280E-03   -0.89010E-03   -0.60058E-03   -0.66787E-05   -0.31870E-04    0.27797E-05   -0.38560E-06    0.28699E-06    0.37039E-08    0.69993E-08    0.44016E-06    0.43230E-06   -0.86658E-05    0.26131E-04    0.14707E-03    0.92745E-05    0.29630E-04    0.14999E-03   -0.24966E-06    0.15593E-06    0.65850E-07   -0.20685E-06    0.32916E-05    0.70634E-06    0.73687E-06    0.10604E-05    0.55842E-06    0.11756E-05    0.94055E-06    0.59252E-06
   -0.34533E-06    0.58347E-05   -0.50773E-06   -0.96823E-05   -0.97227E-05   -0.12773E-04   -0.54488E-05   -0.17037E-03    0.25801E-02    0.16094E-02    0.38832E-05    0.28000E-03   -0.57506E-05    0.37939E-05    0.28942E-05   -0.10221E-07    0.72611E-07   -0.54169E-05   -0.82594E-04    0.48788E-04   -0.60102E-04   -0.40933E-03   -0.72187E-04   -0.95489E-04   -0.99771E-03    0.62983E-05    0.88587E-05   -0.18224E-06   -0.11869E-04    0.23789E-05   -0.93065E-06   -0.25599E-05   -0.42059E-05   -0.90176E-06   -0.53261E-05   -0.37578E-05   -0.21693E-05
    0.66965E-07   -0.50773E-06    0.33491E-06    0.15975E-05    0.10348E-05    0.16785E-05    0.23060E-05   -0.41945E-03   -0.55502E-03   -0.24736E-03   -0.94109E-05   -0.57997E-04    0.33961E-05   -0.39576E-06   -0.22491E-06    0.35373E-08   -0.70610E-08    0.52279E-06    0.47197E-05    0.67366E-05    0.24733E-04   -0.41783E-05    0.49843E-05    0.18866E-04    0.13197E-03   -0.10130E-05   -0.12928E-05    0.76244E-07    0.15068E-06    0.52888E-05    0.31600E-06    0.38011E-07    0.81304E-06   -0.45188E-07    0.11924E-05    0.63185E-06    0.57117E-06
    0.12173E-05   -0.96823E-05    0.15975E-05    0.21494E-03    0.27776E-04    0.32801E-04    0.40638E-03   -0.45343E-01   -0.20187E-01   -0.14256E-01   -0.27765E-03   -0.81333E-03    0.16598E-03   -0.90121E-05    0.18564E-04    0.12476E-06    0.83380E-09   -0.30960E-04   -0.50266E-03   -0.95556E-03    0.62780E-03    0.41884E-02    0.74522E-03    0.61949E-03    0.33190E-02   -0.45253E-04   -0.25305E-04   -0.82069E-05    0.50366E-04    0.10394E-03    0.19627E-04    0.22396E-04    0.22219E-04    0.13069E-04    0.32601E-04    0.22694E-04    0.15229E-04
    0.24351E-06   -0.97227E-05    0.10348E-05    0.27776E-04    0.34714E-02    0.28225E-04    0.24889E-04    0.32850E-01    0.70156E-02    0.87206E-02    0.11340E-02   -0.14251E-02   -0.50982E-03   -0.46683E-04   -0.14623E-03   -0.70687E-07    0.19271E-05    0.15136E-03    0.14844E-02   -0.70482E-03   -0.61771E-03    0.19104E-02   -0.21642E-02    0.77152E-05    0.24117E-02    0.22003E-03    0.25273E-04    0.43002E-04   -0.30076E-03    0.50346E-03   -0.46723E-04   -0.41158E-05    0.29039E-05    0.31177E-05   -0.48953E-04    0.80369E-05   -0.36006E-04
    0.99422E-06   -0.12773E-04    0.16785E-05    0.32801E-04    0.28225E-04    0.41919E-04    0.32504E-04   -0.28721E-01   -0.18606E-01   -0.10861E-01   -0.16975E-04   -0.97333E-03    0.12236E-03   -0.11974E-04   -0.12645E-05   -0.38557E-07    0.22424E-07    0.64147E-05   -0.84447E-04   -0.34919E-03    0.41724E-03    0.19594E-02    0.29196E-03    0.51760E-03    0.34911E-02   -0.13232E-04   -0.14200E-04   -0.66992E-06    0.22594E-04    0.36000E-04    0.10877E-04    0.88035E-05    0.18546E-04    0.48798E-05    0.21061E-04    0.16216E-04    0.10856E-04
    0.17600E-05   -0.54488E-05    0.23060E-05    0.40638E-03    0.24889E-04    0.32504E-04    0.80403E-03   -0.96810E-01   -0.37551E-01   -0.26336E-01   -0.56285E-03   -0.94793E-03    0.31082E-03   -0.97567E-05    0.42845E-04    0.31063E-06    0.35069E-06   -0.74618E-04   -0.12252E-02   -0.14671E-02    0.12023E-02    0.75080E-02    0.12966E-02    0.10885E-02    0.47167E-02   -0.72167E-04   -0.20923E-04   -0.16769E-04    0.71115E-04    0.22789E-03    0.38074E-04    0.39409E-04    0.36208E-04    0.24861E-04    0.54536E-04    0.38015E-04    0.27007E-04
   -0.57280E-03   -0.17037E-03   -0.41945E-03   -0.45343E-01    0.32850E-01   -0.28721E-01   -0.96810E-01    0.14387E+04    0.67286E+02    0.15234E+02    0.54665E+00    0.41674E+01   -0.18832E+01    0.85537E-03   -0.21832E+00    0.15492E-02   -0.43137E-03    0.69488E-01    0.20996E+01    0.15907E+02   -0.54933E+00    0.93646E+00    0.19673E+01   -0.45130E+00   -0.54229E+01    0.14669E+00   -0.27747E+00   -0.10153E-02    0.19197E+00   -0.92644E-01   -0.40267E-01    0.28789E-01   -0.35075E-01    0.21841E-01   -0.27751E-01   -0.24429E-01   -0.38215E-01
   -0.89010E-03    0.25801E-02   -0.55502E-03   -0.20187E-01    0.70156E-02   -0.18606E-01   -0.37551E-01    0.67286E+02    0.58065E+02    0.18763E+02   -0.16792E-01    0.42704E+00   -0.44282E+00    0.77172E-02   -0.32869E-01   -0.94343E-04   -0.91430E-03    0.42503E-02    0.24681E+00   -0.27241E+00   -0.20408E+00   -0.22900E+01    0.88342E+00   -0.38043E+00   -0.29395E+01   -0.25064E-01   -0.10704E+00   -0.95230E-02    0.31780E-02   -0.88467E-01   -0.22289E-01   -0.69366E-02   -0.25317E-01   -0.88310E-02   -0.28629E-01   -0.20748E-01   -0.12950E-01
   -0.60058E-03    0.16094E-02   -0.24736E-03   -0.14256E-01    0.87206E-02   -0.10861E-01   -0.26336E-01    0.15234E+02    0.18763E+02    0.32867E+02   -0.50309E+00   -0.42502E+01    0.31756E+00   -0.44406E-02   -0.17933E-01   -0.53160E-04   -0.49946E-03   -0.87922E-02   -0.51204E+00    0.21353E-01   -0.74684E-01   -0.24999E+01   -0.95791E+00    0.47516E-02   -0.28144E+01   -0.15776E-01    0.43844E-01    0.24009E-01    0.84251E-02   -0.62060E-02   -0.12458E-01   -0.25846E-01   -0.13343E-01   -0.26073E-01   -0.49321E-02   -0.14115E-01   -0.22507E-01
   -0.66787E-05    0.38832E-05   -0.94109E-05   -0.27765E-03    0.11340E-02   -0.16975E-04   -0.56285E-03    0.54665E+00   -0.16792E-01   -0.50309E+00    0.38984E+00    0.76823E+00    0.49704E-01   -0.32364E-03   -0.91226E-02    0.70858E-05    0.79061E-05    0.38094E-02   -0.23672E+00    0.26751E-01   -0.12488E+00   -0.14450E+00   -0.35194E-01   -0.15893E+00   -0.17138E+00    0.23903E-01    0.18466E-01   -0.19770E-02    0.10297E-03   -0.13098E-02    0.56790E-04    0.46906E-03    0.13527E-04    0.45706E-03   -0.90876E-03    0.87647E-04    0.58980E-03
   -0.31870E-04    0.28000E-03   -0.57997E-04   -0.81333E-03   -0.14251E-02   -0.97333E-03   -0.94793E-03    0.41674E+01    0.42704E+00   -0.42502E+01    0.76823E+00    0.35362E+01    0.11305E-01    0.59488E-02    0.10704E-01    0.24782E-04    0.42163E-03   -0.21897E-02   -0.45353E+00    0.30596E-01   -0.24618E+00   -0.82468E-01    0.27252E+00   -0.35617E+00   -0.52000E+00    0.35233E-01    0.21251E-01   -0.17516E-01   -0.19880E-03   -0.28290E-02   -0.80013E-03    0.74865E-02   -0.16467E-02    0.77510E-02   -0.41601E-02   -0.97214E-04    0.51568E-02
    0.27797E-05   -0.57506E-05    0.33961E-05    0.16598E-03   -0.50982E-03    0.12236E-03    0.31082E-03   -0.18832E+01   -0.44282E+00    0.31756E+00    0.49704E-01    0.11305E-01    0.60939E-01    0.29874E-03    0.46086E-02    0.35021E-05   -0.47384E-04   -0.17524E-02   -0.11847E+00    0.71939E-02   -0.24707E-01   -0.49198E-01   -0.10709E+00   -0.21602E-01   -0.13215E+00    0.40681E-02    0.13347E-01   -0.29934E-03   -0.11037E-03    0.16566E-02    0.45034E-03   -0.79110E-03    0.22239E-03   -0.73431E-03    0.10179E-02    0.15875E-03   -0.56343E-03
   -0.38560E-06    0.37939E-05   -0.39576E-06   -0.90121E-05   -0.46683E-04   -0.11974E-04   -0.97567E-05    0.85537E-03    0.77172E-02   -0.44406E-02   -0.32364E-03    0.59488E-02    0.29874E-03    0.32428E-03    0.71331E-04   -0.11078E-06    0.90066E-06   -0.77195E-05   -0.99360E-03    0.27846E-03    0.20312E-03   -0.21351E-03    0.75499E-03   -0.32141E-04   -0.48875E-02   -0.33887E-04    0.10518E-03   -0.72800E-05   -0.11342E-03    0.80865E-04   -0.12212E-05    0.63948E-05   -0.16655E-04    0.99733E-05    0.41591E-05   -0.83233E-05   -0.22295E-05
    0.28699E-06    0.28942E-05   -0.22491E-06    0.18564E-04   -0.14623E-03   -0.12645E-05    0.42845E-04   -0.21832E+00   -0.32869E-01   -0.17933E-01   -0.91226E-02    0.10704E-01    0.46086E-02    0.71331E-04    0.22731E-02    0.49333E-06   -0.41268E-06   -0.96058E-04   -0.43738E-02   -0.69555E-03    0.30560E-02    0.67933E-02   -0.72648E-02    0.39288E-02   -0.13593E-01   -0.56500E-03    0.12380E-02   -0.36020E-03    0.10050E-03    0.70965E-04    0.46917E-04    0.35895E-04   -0.80980E-06    0.42908E-04    0.14176E-03    0.15007E-04   -0.93550E-05
    0.37039E-08   -0.10221E-07    0.35373E-08    0.12476E-06   -0.70687E-07   -0.38557E-07    0.31063E-06    0.15492E-02   -0.94343E-04   -0.53160E-04    0.70858E-05    0.24782E-04    0.35021E-05   -0.11078E-06    0.49333E-06    0.15519E-06    0.42608E-09   -0.32670E-07   -0.10069E-04   -0.21332E-04   -0.11109E-04    0.59873E-04    0.72361E-05   -0.39825E-06    0.25718E-05   -0.21634E-06    0.10607E-05    0.43643E-07   -0.41217E-06   -0.20044E-05    0.78449E-08    0.35091E-06   -0.22004E-07    0.19667E-06    0.19773E-06    0.11661E-06   -0.94021E-07
    0.69993E-08    0.72611E-07   -0.70610E-08    0.83380E-09    0.19271E-05    0.22424E-07    0.35069E-06   -0.43137E-03   -0.91430E-03   -0.49946E-03    0.79061E-05    0.42163E-03   -0.47384E-04    0.90066E-06   -0.41268E-06    0.42608E-09    0.58631E-06    0.17665E-05    0.62948E-04    0.90739E-05    0.18823E-04    0.42535E-05    0.11323E-03    0.46917E-05    0.15800E-03   -0.69762E-06   -0.65789E-05   -0.16252E-05   -0.42987E-06    0.40622E-05   -0.22800E-07    0.18051E-05   -0.25648E-06    0.15911E-05   -0.97235E-06    0.32187E-06    0.12088E-05
    0.44016E-06   -0.54169E-05    0.52279E-06   -0.30960E-04    0.15136E-03    0.64147E-05   -0.74618E-04    0.69488E-01    0.42503E-02   -0.87922E-02    0.38094E-02   -0.21897E-02   -0.17524E-02   -0.77195E-05   -0.96058E-04   -0.32670E-07    0.17665E-05    0.13175E-02    0.59858E-02    0.10198E-02    0.29674E-02   -0.18029E-02    0.41624E-03    0.17456E-02    0.66762E-02    0.50363E-03    0.68501E-03    0.72831E-04    0.92992E-04   -0.10454E-03   -0.11570E-04    0.27622E-04    0.24219E-04    0.11386E-04   -0.39710E-04    0.10094E-04    0.44381E-04
    0.43230E-06   -0.82594E-04    0.47197E-05   -0.50266E-03    0.14844E-02   -0.84447E-04   -0.12252E-02    0.20996E+01    0.24681E+00   -0.51204E+00   -0.23672E+00   -0.45353E+00   -0.11847E+00   -0.99360E-03   -0.43738E-02   -0.10069E-04    0.62948E-04    0.59858E-02    0.42551E+00   -0.25188E-01    0.40061E-01    0.18326E+00    0.67410E-01    0.58202E-01    0.46044E+00   -0.14088E-01   -0.25009E-01    0.34519E-02   -0.15684E-02   -0.57113E-02    0.29626E-03    0.15252E-02    0.84825E-03    0.13625E-02   -0.48961E-03    0.29320E-03    0.11315E-02
   -0.86658E-05    0.48788E-04    0.67366E-05   -0.95556E-03   -0.70482E-03   -0.34919E-03   -0.14671E-02    0.15907E+02   -0.27241E+00    0.21353E-01    0.26751E-01    0.30596E-01    0.71939E-02    0.27846E-03   -0.69555E-03   -0.21332E-04    0.90739E-05    0.10198E-02   -0.25188E-01    0.55404E+00   -0.21014E-02   -0.93602E-01   -0.42459E-01   -0.43376E-02   -0.50082E-01    0.45800E-02    0.51442E-02    0.20302E-03    0.44810E-02    0.38079E-02   -0.16823E-03   -0.56548E-03    0.27200E-04   -0.45119E-03    0.32160E-03   -0.20585E-03   -0.23892E-03
    0.26131E-04   -0.60102E-04    0.24733E-04    0.62780E-03   -0.61771E-03    0.41724E-03    0.12023E-02   -0.54933E+00   -0.20408E+00   -0.74684E-01   -0.12488E+00   -0.24618E+00   -0.24707E-01    0.20312E-03    0.30560E-02   -0.11109E-04    0.18823E-04    0.29674E-02    0.40061E-01   -0.21014E-02    0.30270E+00   -0.18030E+00    0.80228E-01    0.10759E+00    0.35589E+00   -0.59308E-02   -0.91141E-02   -0.31000E-02   -0.14368E-02    0.19456E-02    0.21116E-02   -0.69405E-03    0.23006E-02   -0.53609E-03    0.34385E-03    0.10416E-03    0.84386E-03
    0.14707E-03   -0.40933E-03   -0.41783E-05    0.41884E-02    0.19104E-02    0.19594E-02    0.75080E-02    0.93646E+00   -0.22900E+01   -0.24999E+01   -0.14450E+00   -0.82468E-01   -0.49198E-01   -0.21351E-03    0.67933E-02    0.59873E-04    0.42535E-05   -0.18029E-02    0.18326E+00   -0.93602E-01   -0.18030E+00    0.12928E+02    0.27352E+00    0.98461E-01    0.96308E+00   -0.18214E-01   -0.18685E-01   -0.20855E-02   -0.13660E-01    0.49362E-01    0.58457E-03    0.48640E-01    0.12854E-02    0.37717E-01    0.10055E-02    0.36101E-02    0.55149E-02
    0.92745E-05   -0.72187E-04    0.49843E-05    0.74522E-03   -0.21642E-02    0.29196E-03    0.12966E-02    0.19673E+01    0.88342E+00   -0.95791E+00   -0.35194E-01    0.27252E+00   -0.10709E+00    0.75499E-03   -0.72648E-02    0.72361E-05    0.11323E-03    0.41624E-03    0.67410E-01   -0.42459E-01    0.80228E-01    0.27352E+00    0.19817E+01    0.78265E-01    0.25131E+00   -0.82975E-01   -0.93252E-01   -0.27817E-02   -0.48105E-02    0.11854E-03   -0.20121E-02    0.27803E-02   -0.14574E-02    0.18939E-02   -0.51228E-03   -0.10755E-03    0.17181E-02
    0.29630E-04   -0.95489E-04    0.18866E-04    0.61949E-03    0.77152E-05    0.51760E-03    0.10885E-02   -0.45130E+00   -0.38043E+00    0.47516E-02   -0.15893E+00   -0.35617E+00   -0.21602E-01   -0.32141E-04    0.39288E-02   -0.39825E-06    0.46917E-05    0.17456E-02    0.58202E-01   -0.43376E-02    0.10759E+00    0.98461E-01    0.78265E-01    0.22372E+00    0.13347E+00   -0.86093E-02   -0.58149E-02    0.17899E-03    0.12184E-02    0.51033E-02   -0.43277E-03   -0.22741E-04    0.23554E-03   -0.42266E-03    0.25204E-03    0.61421E-04   -0.17437E-03
    0.14999E-03   -0.99771E-03    0.13197E-03    0.33190E-02    0.24117E-02    0.34911E-02    0.47167E-02   -0.54229E+01   -0.29395E+01   -0.28144E+01   -0.17138E+00   -0.52000E+00   -0.13215E+00   -0.48875E-02   -0.13593E-01    0.25718E-05    0.15800E-03    0.66762E-02    0.46044E+00   -0.50082E-01    0.35589E+00    0.96308E+00    0.25131E+00    0.13347E+00    0.11792E+02   -0.23479E-01   -0.77794E-01   -0.11109E-01   -0.95754E-02   -0.25177E-01    0.27288E-02    0.52835E-02    0.58352E-02    0.33377E-02    0.46472E-02    0.51024E-02    0.31335E-01
   -0.24966E-06    0.62983E-05   -0.10130E-05   -0.45253E-04    0.22003E-03   -0.13232E-04   -0.72167E-04    0.14669E+00   -0.25064E-01   -0.15776E-01    0.23903E-01    0.35233E-01    0.40681E-02   -0.33887E-04   -0.56500E-03   -0.21634E-06   -0.69762E-06    0.50363E-03   -0.14088E-01    0.45800E-02   -0.59308E-02   -0.18214E-01   -0.82975E-01   -0.86093E-02   -0.23479E-01    0.70565E-02    0.54694E-02   -0.76401E-04    0.26101E-03    0.26013E-03    0.51725E-04   -0.67372E-04    0.37903E-04   -0.33178E-04   -0.84270E-04   -0.20699E-04   -0.18779E-04
    0.15593E-06    0.88587E-05   -0.12928E-05   -0.25305E-04    0.25273E-04   -0.14200E-04   -0.20923E-04   -0.27747E+00   -0.10704E+00    0.43844E-01    0.18466E-01    0.21251E-01    0.13347E-01    0.10518E-03    0.12380E-02    0.10607E-05   -0.65789E-05    0.68501E-03   -0.25009E-01    0.51442E-02   -0.91141E-02   -0.18685E-01   -0.93252E-01   -0.58149E-02   -0.77794E-01    0.54694E-02    0.11199E-01    0.13011E-03    0.42864E-03    0.74927E-03    0.89839E-04   -0.14959E-03    0.64813E-04   -0.13134E-03    0.48342E-04    0.27357E-05   -0.32556E-03
    0.65850E-07   -0.18224E-06    0.76244E-07   -0.82069E-05    0.43002E-04   -0.66992E-06   -0.16769E-04   -0.10153E-02   -0.95230E-02    0.24009E-01   -0.19770E-02   -0.17516E-01   -0.29934E-03   -0.72800E-05   -0.36020E-03    0.43643E-07   -0.16252E-05    0.72831E-04    0.34519E-02    0.20302E-03   -0.31000E-02   -0.20855E-02   -0.27817E-02    0.17899E-03   -0.11109E-01   -0.76401E-04    0.13011E-03    0.34791E-03    0.32043E-04    0.78474E-04   -0.11551E-04   -0.38859E-04    0.12927E-04   -0.41497E-04    0.13245E-05    0.54267E-05   -0.86008E-04
   -0.20685E-06   -0.11869E-04    0.15068E-06    0.50366E-04   -0.30076E-03    0.22594E-04    0.71115E-04    0.19197E+00    0.31780E-02    0.84251E-02    0.10297E-03   -0.19880E-03   -0.11037E-03   -0.11342E-03    0.10050E-03   -0.41217E-06   -0.42987E-06    0.92992E-04   -0.15684E-02    0.44810E-02   -0.14368E-02   -0.13660E-01   -0.48105E-02    0.12184E-02   -0.95754E-02    0.26101E-03    0.42864E-03    0.32043E-04    0.36367E-01   -0.36851E-03    0.33010E-03   -0.14257E-04   -0.15778E-04   -0.53882E-04    0.14844E-03   -0.23596E-04    0.25087E-05
    0.32916E-05    0.23789E-05    0.52888E-05    0.10394E-03    0.50346E-03    0.36000E-04    0.22789E-03   -0.92644E-01   -0.88467E-01   -0.62060E-02   -0.13098E-02   -0.28290E-02    0.16566E-02    0.80865E-04    0.70965E-04   -0.20044E-05    0.40622E-05   -0.10454E-03   -0.57113E-02    0.38079E-02    0.19456E-02    0.49362E-01    0.11854E-03    0.51033E-02   -0.25177E-01    0.26013E-03    0.74927E-03    0.78474E-04   -0.36851E-03    0.37381E-01    0.25476E-04    0.98715E-04    0.30226E-03    0.23767E-03    0.11176E-03    0.76724E-04   -0.14330E-04
    0.70634E-06   -0.93065E-06    0.31600E-06    0.19627E-04   -0.46723E-04    0.10877E-04    0.38074E-04   -0.40267E-01   -0.22289E-01   -0.12458E-01    0.56790E-04   -0.80013E-03    0.45034E-03   -0.12212E-05    0.46917E-04    0.78449E-08   -0.22800E-07   -0.11570E-04    0.29626E-03   -0.16823E-03    0.21116E-02    0.58457E-03   -0.20121E-02   -0.43277E-03    0.27288E-02    0.51725E-04    0.89839E-04   -0.11551E-04    0.33010E-03    0.25476E-04    0.16121E-03   -0.12957E-05    0.56506E-04    0.13724E-04    0.41684E-04    0.15366E-04    0.94088E-05
    0.73687E-06   -0.25599E-05    0.38011E-07    0.22396E-04   -0.41158E-05    0.88035E-05    0.39409E-04    0.28789E-01   -0.69366E-02   -0.25846E-01    0.46906E-03    0.74865E-02   -0.79110E-03    0.63948E-05    0.35895E-04    0.35091E-06    0.18051E-05    0.27622E-04    0.15252E-02   -0.56548E-03   -0.69405E-03    0.48640E-01    0.27803E-02   -0.22741E-04    0.52835E-02   -0.67372E-04   -0.14959E-03   -0.38859E-04   -0.14257E-04    0.98715E-04   -0.12957E-05    0.33977E-03    0.12842E-04    0.16745E-03   -0.51231E-05    0.19305E-04    0.44359E-04
    0.10604E-05   -0.42059E-05    0.81304E-06    0.22219E-04    0.29039E-05    0.18546E-04    0.36208E-04   -0.35075E-01   -0.25317E-01   -0.13343E-01    0.13527E-04   -0.16467E-02    0.22239E-03   -0.16655E-04   -0.80980E-06   -0.22004E-07   -0.25648E-06    0.24219E-04    0.84825E-03    0.27200E-04    0.23006E-02    0.12854E-02   -0.14574E-02    0.23554E-03    0.58352E-02    0.37903E-04    0.64813E-04    0.12927E-04   -0.15778E-04    0.30226E-03    0.56506E-04    0.12842E-04    0.12907E-03    0.81327E-05    0.24358E-04    0.25452E-04    0.14014E-04
    0.55842E-06   -0.90176E-06   -0.45188E-07    0.13069E-04    0.31177E-05    0.48798E-05    0.24861E-04    0.21841E-01   -0.88310E-02   -0.26073E-01    0.45706E-03    0.77510E-02   -0.73431E-03    0.99733E-05    0.42908E-04    0.19667E-06    0.15911E-05    0.11386E-04    0.13625E-02   -0.45119E-03   -0.53609E-03    0.37717E-01    0.18939E-02   -0.42266E-03    0.33377E-02   -0.33178E-04   -0.13134E-03   -0.41497E-04   -0.53882E-04    0.23767E-03    0.13724E-04    0.16745E-03    0.81327E-05    0.20728E-03   -0.17802E-05    0.16469E-04    0.37403E-04
    0.11756E-05   -0.53261E-05    0.11924E-05    0.32601E-04   -0.48953E-04    0.21061E-04    0.54536E-04   -0.27751E-01   -0.28629E-01   -0.49321E-02   -0.90876E-03   -0.41601E-02    0.10179E-02    0.41591E-05    0.14176E-03    0.19773E-06   -0.97235E-06   -0.39710E-04   -0.48961E-03    0.32160E-03    0.34385E-03    0.10055E-02   -0.51228E-03    0.25204E-03    0.46472E-02   -0.84270E-04    0.48342E-04    0.13245E-05    0.14844E-03    0.11176E-03    0.41684E-04   -0.51231E-05    0.24358E-04   -0.17802E-05    0.41181E-03    0.37317E-04   -0.27240E-05
    0.94055E-06   -0.37578E-05    0.63185E-06    0.22694E-04    0.80369E-05    0.16216E-04    0.38015E-04   -0.24429E-01   -0.20748E-01   -0.14115E-01    0.87647E-04   -0.97214E-04    0.15875E-03   -0.83233E-05    0.15007E-04    0.11661E-06    0.32187E-06    0.10094E-04    0.29320E-03   -0.20585E-03    0.10416E-03    0.36101E-02   -0.10755E-03    0.61421E-04    0.51024E-02   -0.20699E-04    0.27357E-05    0.54267E-05   -0.23596E-04    0.76724E-04    0.15366E-04    0.19305E-04    0.25452E-04    0.16469E-04    0.37317E-04    0.86496E-04    0.27313E-04
    0.59252E-06   -0.21693E-05    0.57117E-06    0.15229E-04   -0.36006E-04    0.10856E-04    0.27007E-04   -0.38215E-01   -0.12950E-01   -0.22507E-01    0.58980E-03    0.51568E-02   -0.56343E-03   -0.22295E-05   -0.93550E-05   -0.94021E-07    0.12088E-05    0.44381E-04    0.11315E-02   -0.23892E-03    0.84386E-03    0.55149E-02    0.17181E-02   -0.17437E-03    0.31335E-01   -0.18779E-04   -0.32556E-03   -0.86008E-04    0.25087E-05   -0.14330E-04    0.94088E-05    0.44359E-04    0.14014E-04    0.37403E-04   -0.27240E-05    0.27313E-04    0.46687E-03
