# omegabh2 omegach2 theta tau mnu logA ns acib217 acibsz143 asz143 aps100 aps143 aps143217 aps217 aksz kgal100 t1gal143 t1gal143217 t1gal217 calib_100T calib_217T
    0.6029622E-07   -0.2432247E-06    0.5147020E-07    0.7915257E-06   -0.8568968E-05    0.1109544E-05    0.7462371E-06   -0.3424732E-03   -0.1525115E-03    0.1688582E-04   -0.9235887E-03   -0.4384191E-03   -0.3865754E-04    0.3832926E-04   -0.6792391E-04    0.8535932E-03    0.3977376E-03    0.3784791E-03    0.3496581E-03   -0.5497648E-07    0.1715707E-07
   -0.2432247E-06    0.4473788E-05   -0.4056669E-06   -0.9106638E-05    0.4055662E-04   -0.8107059E-05   -0.9944726E-05    0.3791972E-03    0.7254535E-04   -0.2035386E-03    0.8277393E-03    0.1805876E-02    0.1088544E-02    0.6258166E-03   -0.5190595E-04    0.1837341E-02    0.1707779E-02    0.1674025E-02    0.1805288E-02   -0.3674533E-07   -0.4436551E-07
    0.5147020E-07   -0.4056669E-06    0.2319499E-06    0.8818837E-06   -0.1593469E-04    0.1050756E-05    0.1192324E-05   -0.9043529E-04   -0.5092781E-04    0.1881053E-04   -0.2886471E-03   -0.3457061E-03   -0.2230996E-03   -0.2335375E-03    0.2160229E-04    0.2292782E-03    0.1148136E-03    0.1894795E-03    0.1995178E-03   -0.1876294E-07    0.1317882E-08
    0.7915257E-06   -0.9106638E-05    0.8818837E-06    0.1933922E-03    0.1565933E-03    0.3660688E-03    0.3184409E-04   -0.8961581E-02   -0.3852655E-02   -0.7584403E-03   -0.5374176E-02   -0.1522055E-02    0.6451632E-02    0.9734962E-02   -0.3014501E-02   -0.1050242E-01   -0.1259293E-01   -0.1417624E-01   -0.1455178E-01    0.2790678E-06    0.4717669E-06
   -0.8568968E-05    0.4055662E-04   -0.1593469E-04    0.1565933E-03    0.1713488E-01    0.2919836E-03   -0.1588820E-03    0.6321714E-01    0.2959629E-01    0.3755224E-02    0.5120201E-03    0.1674513E-02   -0.6430532E-01   -0.7913210E-01    0.1927797E-01    0.1010451E+00    0.1694104E+00    0.1877504E+00    0.2016629E+00    0.3786199E-05   -0.5253363E-05
    0.1109544E-05   -0.8107059E-05    0.1050756E-05    0.3660688E-03    0.2919836E-03    0.7295893E-03    0.3973355E-04   -0.1729322E-01   -0.8364843E-02   -0.2987580E-02    0.1450786E-01    0.1720506E-01    0.3006234E-01    0.3370769E-01   -0.7105933E-02   -0.4256728E-01   -0.7343047E-01   -0.7661214E-01   -0.7685960E-01   -0.2108949E-05    0.6866477E-06
    0.7462371E-06   -0.9944726E-05    0.1192324E-05    0.3184409E-04   -0.1588820E-03    0.3973355E-04    0.3747401E-04   -0.1123592E-01   -0.4841398E-02   -0.1037146E-02   -0.1169507E-01    0.2256104E-02    0.1071309E-01    0.1294645E-01   -0.3178893E-02   -0.2744078E-02   -0.5932166E-02   -0.7404183E-02   -0.7386963E-02    0.3062947E-06    0.5626875E-06
   -0.3424732E-03    0.3791972E-03   -0.9043529E-04   -0.8961581E-02    0.6321714E-01   -0.1729322E-01   -0.1123592E-01    0.6766852E+02    0.2498279E+02    0.6686642E+00    0.1882161E+02   -0.2130591E+02   -0.6642043E+02   -0.8366785E+02   -0.1999302E+01   -0.1235040E+02   -0.1981417E+02   -0.2488825E+02   -0.2939581E+02    0.2035839E-03   -0.3383124E-02
   -0.1525115E-03    0.7254535E-04   -0.5092781E-04   -0.3852655E-02    0.2959629E-01   -0.8364843E-02   -0.4841398E-02    0.2498279E+02    0.1812640E+02    0.2213370E+01   -0.1166157E+02   -0.2286379E+02   -0.4367145E+02   -0.2599598E+02   -0.1021692E+01   -0.6974083E+01   -0.1154225E+02   -0.1848961E+02   -0.1973102E+02   -0.2904103E-04   -0.1938262E-03
    0.1688582E-04   -0.2035386E-03    0.1881053E-04   -0.7584403E-03    0.3755224E-02   -0.2987580E-02   -0.1037146E-02    0.6686642E+00    0.2213370E+01    0.5585166E+01   -0.3663485E+02   -0.1633578E+02   -0.4862482E+01   -0.6375191E+00   -0.1171785E+00   -0.2193494E+01   -0.7489151E+00    0.2705997E+01    0.3091532E+01   -0.1831570E-03    0.2079941E-03
   -0.9235887E-03    0.8277393E-03   -0.2886471E-03   -0.5374176E-02    0.5120201E-03    0.1450786E-01   -0.1169507E-01    0.1882161E+02   -0.1166157E+02   -0.3663485E+02    0.7410914E+03    0.1732498E+03    0.7042781E+02    0.1550744E+02   -0.1134839E+02   -0.8387851E+02   -0.5218942E+02   -0.5891432E+02   -0.5826287E+02   -0.1978191E-02   -0.3492053E-02
   -0.4384191E-03    0.1805876E-02   -0.3457061E-03   -0.1522055E-02    0.1674513E-02    0.1720506E-01    0.2256104E-02   -0.2130591E+02   -0.2286379E+02   -0.1633578E+02    0.1732498E+03    0.1262959E+03    0.1007106E+03    0.6057296E+02   -0.1096137E+02   -0.2633748E+02   -0.4444389E+02   -0.3951134E+02   -0.3676479E+02   -0.8261414E-03   -0.7452492E-03
   -0.3865754E-04    0.1088544E-02   -0.2230996E-03    0.6451632E-02   -0.6430532E-01    0.3006234E-01    0.1071309E-01   -0.6642043E+02   -0.4367145E+02   -0.4862482E+01    0.7042781E+02    0.1007106E+03    0.1545648E+03    0.1154865E+03   -0.9047174E+01   -0.1686654E+02   -0.2728314E+02   -0.1745524E+02   -0.1762301E+02   -0.1523489E-02    0.2084046E-02
    0.3832926E-04    0.6258166E-03   -0.2335375E-03    0.9734962E-02   -0.7913210E-01    0.3370769E-01    0.1294645E-01   -0.8366785E+02   -0.2599598E+02   -0.6375191E+00    0.1550744E+02    0.6057296E+02    0.1154865E+03    0.1532273E+03   -0.8964745E+01   -0.1696777E+02   -0.3095097E+02   -0.3741276E+02   -0.3958389E+02   -0.1944325E-02    0.6213377E-02
   -0.6792391E-04   -0.5190595E-04    0.2160229E-04   -0.3014501E-02    0.1927797E-01   -0.7105933E-02   -0.3178893E-02   -0.1999302E+01   -0.1021692E+01   -0.1171785E+00   -0.1134839E+02   -0.1096137E+02   -0.9047174E+01   -0.8964745E+01    0.8111357E+01   -0.2302433E+01   -0.3604015E+01   -0.4077119E+01   -0.4535414E+01   -0.7616860E-04    0.1540498E-03
    0.8535932E-03    0.1837341E-02    0.2292782E-03   -0.1050242E-01    0.1010451E+00   -0.4256728E-01   -0.2744078E-02   -0.1235040E+02   -0.6974083E+01   -0.2193494E+01   -0.8387851E+02   -0.2633748E+02   -0.1686654E+02   -0.1696777E+02   -0.2302433E+01    0.2283302E+03    0.1469638E+03    0.1435435E+03    0.1403172E+03   -0.1293530E-01    0.7622609E-03
    0.3977376E-03    0.1707779E-02    0.1148136E-03   -0.1259293E-01    0.1694104E+00   -0.7343047E-01   -0.5932166E-02   -0.1981417E+02   -0.1154225E+02   -0.7489151E+00   -0.5218942E+02   -0.4444389E+02   -0.2728314E+02   -0.3095097E+02   -0.3604015E+01    0.1469638E+03    0.2724178E+03    0.2763786E+03    0.2753042E+03    0.9427193E-02    0.5714934E-03
    0.3784791E-03    0.1674025E-02    0.1894795E-03   -0.1417624E-01    0.1877504E+00   -0.7661214E-01   -0.7404183E-02   -0.2488825E+02   -0.1848961E+02    0.2705997E+01   -0.5891432E+02   -0.3951134E+02   -0.1745524E+02   -0.3741276E+02   -0.4077119E+01    0.1435435E+03    0.2763786E+03    0.3192319E+03    0.3439602E+03    0.9389570E-02   -0.4836505E-02
    0.3496581E-03    0.1805288E-02    0.1995178E-03   -0.1455178E-01    0.2016629E+00   -0.7685960E-01   -0.7386963E-02   -0.2939581E+02   -0.1973102E+02    0.3091532E+01   -0.5826287E+02   -0.3676479E+02   -0.1762301E+02   -0.3958389E+02   -0.4535414E+01    0.1403172E+03    0.2753042E+03    0.3439602E+03    0.3947844E+03    0.9449483E-02   -0.9702089E-02
   -0.5497648E-07   -0.3674533E-07   -0.1876294E-07    0.2790678E-06    0.3786199E-05   -0.2108949E-05    0.3062947E-06    0.2035839E-03   -0.2904103E-04   -0.1831570E-03   -0.1978191E-02   -0.8261414E-03   -0.1523489E-02   -0.1944325E-02   -0.7616860E-04   -0.1293530E-01    0.9427193E-02    0.9389570E-02    0.9449483E-02    0.3056890E-05   -0.3522466E-07
    0.1715707E-07   -0.4436551E-07    0.1317882E-08    0.4717669E-06   -0.5253363E-05    0.6866477E-06    0.5626875E-06   -0.3383124E-02   -0.1938262E-03    0.2079941E-03   -0.3492053E-02   -0.7452492E-03    0.2084046E-02    0.6213377E-02    0.1540498E-03    0.7622609E-03    0.5714934E-03   -0.4836505E-02   -0.9702089E-02   -0.3522466E-07    0.1447287E-05
