# omegabh2 omegach2 theta tau logA ns calPlanck acib217 xi asz143 aps100 aps143 aps143217 aps217 aksz kgal100 kgal143 kgal143217 kgal217 galfEE100 galfEE100143 galfEE100217 galfEE143 galfEE143217 galfEE217 galfTE100 galfTE100143 galfTE100217 galfTE143 galfTE143217 galfTE217 cal0 cal2
    0.2330950E-07   -0.1234333E-06    0.2104689E-07    0.8003614E-06    0.1400616E-05    0.3430663E-06    0.8429155E-08   -0.1061706E-03    0.2085563E-05    0.2538996E-04   -0.4100037E-03   -0.2092231E-03   -0.2669942E-04    0.4898224E-04   -0.4904992E-04   -0.5093740E-05   -0.2476546E-06   -0.1396145E-04    0.5780211E-06    0.8746702E-07    0.2651777E-07    0.2857879E-07    0.4110391E-07    0.1186468E-07    0.2219485E-06   -0.2169329E-06   -0.1359657E-06    0.2200613E-06   -0.1239760E-06   -0.3480995E-06   -0.1619557E-05    0.2326179E-08   -0.1057845E-07
   -0.1234333E-06    0.1972251E-05   -0.1783542E-06   -0.1266087E-04   -0.2079701E-04   -0.5023322E-05   -0.1531443E-06    0.4868516E-03   -0.1007718E-04   -0.1385638E-03    0.2580043E-02    0.1365571E-02    0.4364888E-03   -0.1519543E-04    0.1844367E-03    0.5550482E-04    0.7282204E-05    0.1515156E-03    0.2831032E-03   -0.1132631E-05   -0.4298344E-06   -0.2270572E-06   -0.4389627E-06    0.4485143E-06   -0.1253158E-05    0.2927334E-05    0.1052091E-05   -0.3314327E-05    0.6684102E-06    0.3869111E-06    0.1242630E-04    0.1327031E-07    0.1263221E-06
    0.2104689E-07   -0.1783542E-06    0.9877639E-07    0.1551518E-05    0.2860370E-05    0.5959695E-06    0.4578300E-07   -0.8418600E-04    0.1442514E-05    0.2252575E-04   -0.2546821E-03   -0.1456852E-03   -0.1866388E-04    0.5874799E-04   -0.4474787E-04   -0.7420781E-05   -0.1216604E-06    0.2211595E-05    0.2831761E-04    0.1185925E-06    0.4744833E-07   -0.1087273E-07    0.5236993E-07    0.2173466E-07   -0.2039490E-06   -0.5285045E-06   -0.6556301E-07    0.7020596E-06    0.1868375E-06   -0.6549347E-06   -0.1416912E-05   -0.1197723E-08   -0.1209578E-07
    0.8003614E-06   -0.1266087E-04    0.1551518E-05    0.1876199E-03    0.3363131E-03    0.3913714E-04   -0.2962888E-05   -0.7562087E-02    0.1152554E-03    0.1277648E-02   -0.2999742E-01   -0.1195682E-01   -0.2523146E-02    0.2832993E-02   -0.2620005E-02   -0.4230939E-03   -0.1829146E-03   -0.1539061E-02   -0.1821133E-02    0.8282587E-05    0.2995792E-05   -0.3366622E-05    0.3548869E-05   -0.1502342E-05    0.4525122E-05   -0.2796945E-04   -0.6071052E-05    0.2959911E-04    0.1960239E-05   -0.1875841E-04   -0.8588869E-04   -0.2861534E-06   -0.1372205E-05
    0.1400616E-05   -0.2079701E-04    0.2860370E-05    0.3363131E-03    0.6305669E-03    0.6584631E-04    0.4851102E-05   -0.1461772E-01    0.2479205E-03    0.2382862E-02   -0.5306824E-01   -0.1975394E-01   -0.9305433E-03    0.1221533E-01   -0.5833468E-02   -0.8296590E-03   -0.6516531E-03   -0.2983475E-02   -0.1441762E-02    0.1657357E-04    0.5462161E-05   -0.6339282E-05    0.6840216E-05   -0.6536691E-06    0.3861266E-05   -0.4936152E-04   -0.1002583E-04    0.6147190E-04    0.2380247E-05   -0.2794222E-04   -0.1370344E-03   -0.3235728E-06   -0.2569099E-05
    0.3430663E-06   -0.5023322E-05    0.5959695E-06    0.3913714E-04    0.6584631E-04    0.2242626E-04    0.7371059E-06   -0.5860996E-02    0.1343969E-03    0.1329952E-02   -0.2618454E-01   -0.7064950E-02    0.3167675E-02    0.7146340E-02   -0.2915416E-02   -0.5487463E-05   -0.1809192E-03   -0.6509811E-03    0.3464295E-03    0.5302967E-05    0.1974703E-05   -0.2481455E-06    0.2220357E-05   -0.3028717E-06    0.4363372E-05   -0.3945707E-05   -0.1715035E-05    0.9820740E-05   -0.1388973E-05   -0.4517886E-06   -0.3138526E-04   -0.1786476E-06   -0.6883183E-06
    0.8429155E-08   -0.1531443E-06    0.4578300E-07   -0.2962888E-05    0.4851102E-05    0.7371059E-06    0.5608778E-05    0.5009633E-03    0.7947464E-06    0.8240416E-04    0.1122907E-02    0.2473492E-03    0.5958775E-03    0.1640700E-02   -0.1135647E-03    0.7009722E-05    0.8165633E-04    0.3631649E-04    0.6406433E-03    0.1944715E-05    0.4186503E-06    0.2201284E-06    0.5428316E-06    0.9292143E-06   -0.1595390E-05    0.3662392E-07   -0.1049191E-06    0.4404206E-05   -0.1653428E-05    0.4766723E-05    0.3291785E-05   -0.1489653E-07   -0.4176604E-07
   -0.1061706E-03    0.4868516E-03   -0.8418600E-04   -0.7562087E-02   -0.1461772E-01   -0.5860996E-02    0.5009633E-03    0.4869069E+02   -0.4964893E+00   -0.1186799E+01    0.3884291E+02   -0.9414368E+00   -0.2130850E+02   -0.6630347E+02   -0.1115823E+00   -0.5179835E+00    0.4407586E+00   -0.2908160E+01   -0.2541420E+02   -0.1800434E-03   -0.8010715E-03   -0.1807581E-02   -0.1436363E-02    0.1819410E-02   -0.8457272E-02    0.1802439E-03    0.8355322E-03   -0.1337048E-01   -0.9595113E-03   -0.4377049E-02    0.1528109E-01   -0.2002947E-03    0.4271752E-02
    0.2085563E-05   -0.1007718E-04    0.1442514E-05    0.1152554E-03    0.2479205E-03    0.1343969E-03    0.7947464E-06   -0.4964893E+00    0.8286434E-01   -0.6918233E-01   -0.3898781E+00    0.9911812E+00    0.1817869E+01    0.7832718E+00    0.7146802E-01   -0.1667965E-02    0.4157821E-02    0.9213588E-01    0.1036138E+00   -0.2827192E-04    0.1347325E-04    0.6387113E-04    0.3569559E-04    0.1809745E-04    0.3617897E-03   -0.1666205E-03    0.5715655E-04   -0.2667002E-03    0.1921229E-03    0.3093786E-03    0.2829556E-03    0.8784295E-05   -0.1624732E-04
    0.2538996E-04   -0.1385638E-03    0.2252575E-04    0.1277648E-02    0.2382862E-02    0.1329952E-02    0.8240416E-04   -0.1186799E+01   -0.6918233E-01    0.3769799E+01   -0.2910564E+02   -0.3517638E+01    0.7822160E+01    0.6157994E+01   -0.2722062E+01   -0.1117690E+00    0.8686635E-01    0.2588321E+01    0.2177433E+01    0.4791465E-03    0.4460103E-04    0.6789961E-03    0.1227892E-03    0.3085834E-03   -0.1231392E-02    0.3714949E-02    0.1719230E-02   -0.5436665E-03    0.3431051E-03   -0.1395669E-02   -0.4311055E-02    0.2285289E-03   -0.3135563E-03
   -0.4100037E-03    0.2580043E-02   -0.2546821E-03   -0.2999742E-01   -0.5306824E-01   -0.2618454E-01    0.1122907E-02    0.3884291E+02   -0.3898781E+00   -0.2910564E+02    0.6974994E+03    0.6614290E+02   -0.5734820E+02   -0.6620793E+02    0.1254432E+02   -0.1433790E+01   -0.3011025E+00   -0.1342791E+02   -0.1968334E+02   -0.3069753E-02   -0.8859886E-03   -0.6099119E-02   -0.2813830E-02    0.1678259E-02   -0.5262849E-02    0.2848912E-01   -0.6032396E-02   -0.3947476E-01    0.2711408E-02    0.1589012E-01    0.5854844E-01    0.3889216E-02    0.3828963E-02
   -0.2092231E-03    0.1365571E-02   -0.1456852E-03   -0.1195682E-01   -0.1975394E-01   -0.7064950E-02    0.2473492E-03   -0.9414368E+00    0.9911812E+00   -0.3517638E+01    0.6614290E+02    0.5806365E+02    0.4319944E+02    0.1980135E+02   -0.5116006E+01   -0.3242301E+00   -0.7376697E+00    0.3935586E+01    0.4430113E+01   -0.1996810E-02   -0.2995596E-03    0.9857508E-03   -0.2082375E-03   -0.3392738E-03   -0.4600273E-02    0.5605510E-02    0.4912485E-02   -0.1773289E-02    0.6464876E-02    0.1199760E-01    0.2600727E-01    0.1918014E-03    0.7008915E-04
   -0.2669942E-04    0.4364888E-03   -0.1866388E-04   -0.2523146E-02   -0.9305433E-03    0.3167675E-02    0.5958775E-03   -0.2130850E+02    0.1817869E+01    0.7822160E+01   -0.5734820E+02    0.4319944E+02    0.9512780E+02    0.6694528E+02   -0.1253461E+02   -0.2666973E+00   -0.1283217E+00    0.5411765E+01    0.7242706E+01   -0.1137788E-02    0.5837211E-03    0.4047136E-02    0.1541571E-02   -0.8866123E-04    0.1042028E-02    0.1074118E-01    0.8307434E-02    0.1548184E-01    0.9408476E-02    0.1536559E-01    0.8696373E-02    0.9345786E-03   -0.2423213E-02
    0.4898224E-04   -0.1519543E-04    0.5874799E-04    0.2832993E-02    0.1221533E-01    0.7146340E-02    0.1640700E-02   -0.6630347E+02    0.7832718E+00    0.6157994E+01   -0.6620793E+02    0.1980135E+02    0.6694528E+02    0.1264956E+03   -0.1020546E+02    0.3273619E+00   -0.5319592E+00    0.1028057E+01    0.2326518E+02    0.9297590E-03    0.1280727E-02    0.4221399E-02    0.2163575E-02   -0.2313960E-02    0.6447377E-02    0.6413490E-02    0.2138890E-02    0.3235116E-01    0.2123319E-02    0.1654300E-01   -0.9762962E-02    0.6951835E-03   -0.7481091E-02
   -0.4904992E-04    0.1844367E-03   -0.4474787E-04   -0.2620005E-02   -0.5833468E-02   -0.2915416E-02   -0.1135647E-03   -0.1115823E+00    0.7146802E-01   -0.2722062E+01    0.1254432E+02   -0.5116006E+01   -0.1253461E+02   -0.1020546E+02    0.6289322E+01    0.7370819E-01   -0.1884503E+00   -0.2248784E+01   -0.1710711E+01   -0.8820189E-03   -0.1751941E-03   -0.1799394E-03   -0.3594395E-03   -0.1982134E-03    0.1280655E-02   -0.5734843E-02   -0.1404604E-02    0.5159911E-03   -0.1428415E-03   -0.7613485E-03    0.5435416E-03   -0.1768948E-03    0.1243295E-03
   -0.5093740E-05    0.5550482E-04   -0.7420781E-05   -0.4230939E-03   -0.8296590E-03   -0.5487463E-05    0.7009722E-05   -0.5179835E+00   -0.1667965E-02   -0.1117690E+00   -0.1433790E+01   -0.3242301E+00   -0.2666973E+00    0.3273619E+00    0.7370819E-01    0.3098201E+01    0.6998081E+00    0.4390938E+00    0.9390436E+00   -0.1510129E-03    0.3284265E-04    0.2013262E-03    0.1056361E-03    0.7142568E-03   -0.8288253E-03   -0.6374375E-02   -0.1308762E-02   -0.6665604E-03    0.1733379E-03   -0.5301838E-03   -0.1058811E-02    0.4380856E-03   -0.1542906E-04
   -0.2476546E-06    0.7282204E-05   -0.1216604E-06   -0.1829146E-03   -0.6516531E-03   -0.1809192E-03    0.8165633E-04    0.4407586E+00    0.4157821E-02    0.8686635E-01   -0.3011025E+00   -0.7376697E+00   -0.1283217E+00   -0.5319592E+00   -0.1884503E+00    0.6998081E+00    0.3005779E+01    0.2338913E+01    0.1276812E+01   -0.9204676E-04   -0.4294109E-04    0.8410647E-04    0.3826359E-04    0.9938300E-03    0.1285088E-02   -0.1432672E-03   -0.2143937E-02   -0.6727951E-02   -0.1028942E-02   -0.8917716E-03   -0.1913870E-02   -0.4137242E-03   -0.1939705E-03
   -0.1396145E-04    0.1515156E-03    0.2211595E-05   -0.1539061E-02   -0.2983475E-02   -0.6509811E-03    0.3631649E-04   -0.2908160E+01    0.9213588E-01    0.2588321E+01   -0.1342791E+02    0.3935586E+01    0.5411765E+01    0.1028057E+01   -0.2248784E+01    0.4390938E+00    0.2338913E+01    0.1806853E+02    0.2764605E+02    0.3874748E-03   -0.4711893E-03    0.7495415E-03   -0.4857511E-03    0.1668271E-02   -0.1423230E-02    0.4363180E-02    0.1119356E-02   -0.2391349E-01    0.2845120E-02   -0.6630485E-02   -0.1119082E-01    0.8308838E-05    0.2530910E-02
    0.5780211E-06    0.2831032E-03    0.2831761E-04   -0.1821133E-02   -0.1441762E-02    0.3464295E-03    0.6406433E-03   -0.2541420E+02    0.1036138E+00    0.2177433E+01   -0.1968334E+02    0.4430113E+01    0.7242706E+01    0.2326518E+02   -0.1710711E+01    0.9390436E+00    0.1276812E+01    0.2764605E+02    0.6312532E+02    0.6477688E-03   -0.3547971E-03    0.1477074E-02   -0.1488408E-03    0.1533662E-02   -0.9424555E-03    0.6196023E-02    0.1333253E-02   -0.1652431E-01    0.6113407E-02   -0.6042996E-02   -0.2300452E-01    0.1181904E-03    0.4469746E-02
    0.8746702E-07   -0.1132631E-05    0.1185925E-06    0.8282587E-05    0.1657357E-04    0.5302967E-05    0.1944715E-05   -0.1800434E-03   -0.2827192E-04    0.4791465E-03   -0.3069753E-02   -0.1996810E-02   -0.1137788E-02    0.9297590E-03   -0.8820189E-03   -0.1510129E-03   -0.9204676E-04    0.3874748E-03    0.6477688E-03    0.1218694E-03    0.1027914E-04   -0.5187151E-06    0.2418815E-05    0.2247765E-05    0.1968417E-06    0.4422872E-05    0.3517342E-05   -0.1525065E-04    0.1752259E-05   -0.4215663E-06   -0.1237478E-04    0.2325714E-07   -0.2232937E-06
    0.2651777E-07   -0.4298344E-06    0.4744833E-07    0.2995792E-05    0.5462161E-05    0.1974703E-05    0.4186503E-06   -0.8010715E-03    0.1347325E-04    0.4460103E-04   -0.8859886E-03   -0.2995596E-03    0.5837211E-03    0.1280727E-02   -0.1751941E-03    0.3284265E-04   -0.4294109E-04   -0.4711893E-03   -0.3547971E-03    0.1027914E-04    0.1361867E-04    0.7886189E-06    0.6103948E-05   -0.7012068E-06   -0.7648621E-06    0.1419898E-05   -0.6024542E-06    0.9500600E-06   -0.2552432E-05    0.2172442E-05   -0.1491667E-04    0.6150594E-08   -0.1946803E-06
    0.2857879E-07   -0.2270572E-06   -0.1087273E-07   -0.3366622E-05   -0.6339282E-05   -0.2481455E-06    0.2201284E-06   -0.1807581E-02    0.6387113E-04    0.6789961E-03   -0.6099119E-02    0.9857508E-03    0.4047136E-02    0.4221399E-02   -0.1799394E-03    0.2013262E-03    0.8410647E-04    0.7495415E-03    0.1477074E-02   -0.5187151E-06    0.7886189E-06    0.2227982E-03   -0.1194048E-06   -0.3195522E-05   -0.4869425E-05    0.1788729E-04    0.8719708E-05   -0.5713026E-04    0.8798695E-05    0.5325275E-05   -0.8773058E-05    0.1431473E-06    0.3264316E-07
    0.4110391E-07   -0.4389627E-06    0.5236993E-07    0.3548869E-05    0.6840216E-05    0.2220357E-05    0.5428316E-06   -0.1436363E-02    0.3569559E-04    0.1227892E-03   -0.2813830E-02   -0.2082375E-03    0.1541571E-02    0.2163575E-02   -0.3594395E-03    0.1056361E-03    0.3826359E-04   -0.4857511E-03   -0.1488408E-03    0.2418815E-05    0.6103948E-05   -0.1194048E-06    0.3004681E-04   -0.5127672E-06    0.2161657E-07    0.4683184E-05    0.9117240E-07    0.2724894E-05   -0.3413473E-05    0.6438526E-05   -0.6769174E-05   -0.2852515E-07   -0.2750146E-06
    0.1186468E-07    0.4485143E-06    0.2173466E-07   -0.1502342E-05   -0.6536691E-06   -0.3028717E-06    0.9292143E-06    0.1819410E-02    0.1809745E-04    0.3085834E-03    0.1678259E-02   -0.3392738E-03   -0.8866123E-04   -0.2313960E-02   -0.1982134E-03    0.7142568E-03    0.9938300E-03    0.1668271E-02    0.1533662E-02    0.2247765E-05   -0.7012068E-06   -0.3195522E-05   -0.5127672E-06    0.3959420E-03    0.3781277E-05    0.2866087E-05   -0.4466924E-05   -0.3008201E-04   -0.1149825E-04    0.7502893E-05   -0.1164761E-04    0.1855900E-06    0.7523875E-06
    0.2219485E-06   -0.1253158E-05   -0.2039490E-06    0.4525122E-05    0.3861266E-05    0.4363372E-05   -0.1595390E-05   -0.8457272E-02    0.3617897E-03   -0.1231392E-02   -0.5262849E-02   -0.4600273E-02    0.1042028E-02    0.6447377E-02    0.1280655E-02   -0.8288253E-03    0.1285088E-02   -0.1423230E-02   -0.9424555E-03    0.1968417E-06   -0.7648621E-06   -0.4869425E-05    0.2161657E-07    0.3781277E-05    0.3533885E-02    0.1507001E-04    0.3459152E-04    0.1639872E-04   -0.1328976E-04    0.8468208E-04   -0.2150545E-04   -0.3585799E-07   -0.7496445E-06
   -0.2169329E-06    0.2927334E-05   -0.5285045E-06   -0.2796945E-04   -0.4936152E-04   -0.3945707E-05    0.3662392E-07    0.1802439E-03   -0.1666205E-03    0.3714949E-02    0.2848912E-01    0.5605510E-02    0.1074118E-01    0.6413490E-02   -0.5734843E-02   -0.6374375E-02   -0.1432672E-03    0.4363180E-02    0.6196023E-02    0.4422872E-05    0.1419898E-05    0.1788729E-04    0.4683184E-05    0.2866087E-05    0.1507001E-04    0.5793243E-02    0.1846694E-02    0.1795158E-02   -0.6053097E-03   -0.1321598E-03    0.6554552E-04    0.2578344E-05    0.3020356E-07
   -0.1359657E-06    0.1052091E-05   -0.6556301E-07   -0.6071052E-05   -0.1002583E-04   -0.1715035E-05   -0.1049191E-06    0.8355322E-03    0.5715655E-04    0.1719230E-02   -0.6032396E-02    0.4912485E-02    0.8307434E-02    0.2138890E-02   -0.1404604E-02   -0.1308762E-02   -0.2143937E-02    0.1119356E-02    0.1333253E-02    0.3517342E-05   -0.6024542E-06    0.8719708E-05    0.9117240E-07   -0.4466924E-05    0.3459152E-04    0.1846694E-02    0.1243509E-02    0.8179152E-03    0.2228682E-03   -0.4868730E-04   -0.2238727E-03    0.4379043E-06    0.1779399E-06
    0.2200613E-06   -0.3314327E-05    0.7020596E-06    0.2959911E-04    0.6147190E-04    0.9820740E-05    0.4404206E-05   -0.1337048E-01   -0.2667002E-03   -0.5436665E-03   -0.3947476E-01   -0.1773289E-02    0.1548184E-01    0.3235116E-01    0.5159911E-03   -0.6665604E-03   -0.6727951E-02   -0.2391349E-01   -0.1652431E-01   -0.1525065E-04    0.9500600E-06   -0.5713026E-04    0.2724894E-05   -0.3008201E-04    0.1639872E-04    0.1795158E-02    0.8179152E-03    0.3302347E-01   -0.6033893E-03    0.1508629E-02    0.1056177E-01    0.1763722E-05    0.6709191E-06
   -0.1239760E-06    0.6684102E-06    0.1868375E-06    0.1960239E-05    0.2380247E-05   -0.1388973E-05   -0.1653428E-05   -0.9595113E-03    0.1921229E-03    0.3431051E-03    0.2711408E-02    0.6464876E-02    0.9408476E-02    0.2123319E-02   -0.1428415E-03    0.1733379E-03   -0.1028942E-02    0.2845120E-02    0.6113407E-02    0.1752259E-05   -0.2552432E-05    0.8798695E-05   -0.3413473E-05   -0.1149825E-04   -0.1328976E-04   -0.6053097E-03    0.2228682E-03   -0.6033893E-03    0.1351248E-02    0.1582345E-03   -0.5210969E-03    0.2942894E-06    0.1043629E-05
   -0.3480995E-06    0.3869111E-06   -0.6549347E-06   -0.1875841E-04   -0.2794222E-04   -0.4517886E-06    0.4766723E-05   -0.4377049E-02    0.3093786E-03   -0.1395669E-02    0.1589012E-01    0.1199760E-01    0.1536559E-01    0.1654300E-01   -0.7613485E-03   -0.5301838E-03   -0.8917716E-03   -0.6630485E-02   -0.6042996E-02   -0.4215663E-06    0.2172442E-05    0.5325275E-05    0.6438526E-05    0.7502893E-05    0.8468208E-04   -0.1321598E-03   -0.4868730E-04    0.1508629E-02    0.1582345E-03    0.5105333E-02    0.4011270E-02    0.3055793E-06   -0.2916421E-06
   -0.1619557E-05    0.1242630E-04   -0.1416912E-05   -0.8588869E-04   -0.1370344E-03   -0.3138526E-04    0.3291785E-05    0.1528109E-01    0.2829556E-03   -0.4311055E-02    0.5854844E-01    0.2600727E-01    0.8696373E-02   -0.9762962E-02    0.5435416E-03   -0.1058811E-02   -0.1913870E-02   -0.1119082E-01   -0.2300452E-01   -0.1237478E-04   -0.1491667E-04   -0.8773058E-05   -0.6769174E-05   -0.1164761E-04   -0.2150545E-04    0.6554552E-04   -0.2238727E-03    0.1056177E-01   -0.5210969E-03    0.4011270E-02    0.3598036E-01    0.6586738E-06   -0.2719704E-05
    0.2326179E-08    0.1327031E-07   -0.1197723E-08   -0.2861534E-06   -0.3235728E-06   -0.1786476E-06   -0.1489653E-07   -0.2002947E-03    0.8784295E-05    0.2285289E-03    0.3889216E-02    0.1918014E-03    0.9345786E-03    0.6951835E-03   -0.1768948E-03    0.4380856E-03   -0.4137242E-03    0.8308838E-05    0.1181904E-03    0.2325714E-07    0.6150594E-08    0.1431473E-06   -0.2852515E-07    0.1855900E-06   -0.3585799E-07    0.2578344E-05    0.4379043E-06    0.1763722E-05    0.2942894E-06    0.3055793E-06    0.6586738E-06    0.5362308E-06    0.3012631E-07
   -0.1057845E-07    0.1263221E-06   -0.1209578E-07   -0.1372205E-05   -0.2569099E-05   -0.6883183E-06   -0.4176604E-07    0.4271752E-02   -0.1624732E-04   -0.3135563E-03    0.3828963E-02    0.7008915E-04   -0.2423213E-02   -0.7481091E-02    0.1243295E-03   -0.1542906E-04   -0.1939705E-03    0.2530910E-02    0.4469746E-02   -0.2232937E-06   -0.1946803E-06    0.3264316E-07   -0.2750146E-06    0.7523875E-06   -0.7496445E-06    0.3020356E-07    0.1779399E-06    0.6709191E-06    0.1043629E-05   -0.2916421E-06   -0.2719704E-05    0.3012631E-07    0.2060481E-05
