# omegabh2 omegach2 theta tau logA ns aps100 aps143 aps217 acib143 acib217 asz143 psr cibr ncib xi aksz cal0 cal2 calTE calEE bm_1_1
    0.2195968E-07   -0.6928242E-07    0.1295943E-07    0.4039971E-06    0.7181064E-06    0.2229708E-06   -0.3672276E-03   -0.1834258E-03    0.8289975E-04   -0.4727689E-04   -0.1108856E-03    0.9208698E-05    0.7569364E-06   -0.2617735E-05   -0.1235446E-05   -0.6699307E-06   -0.2979134E-04    0.1949434E-08   -0.1550652E-08   -0.5068066E-07   -0.2000290E-06    0.4772016E-06
   -0.6928242E-07    0.1229646E-05   -0.6669728E-07   -0.3559600E-05   -0.4035853E-05   -0.2856379E-05    0.3645160E-02    0.9754382E-03    0.8400125E-05    0.2553019E-05    0.3060355E-03   -0.4135116E-04   -0.2115304E-05    0.5684443E-05    0.6399307E-05   -0.3884492E-05    0.7805847E-05   -0.2155559E-07    0.4103018E-07   -0.1892312E-06   -0.2892496E-06    0.4337317E-04
    0.1295943E-07   -0.6669728E-07    0.8809652E-07    0.3035078E-06    0.5249515E-06    0.2843750E-06    0.1518393E-04   -0.6606030E-04   -0.1345748E-03   -0.1841681E-04   -0.4548106E-05   -0.2207390E-04    0.1499380E-06   -0.5552719E-06   -0.8609936E-06    0.1224464E-05    0.3104858E-04   -0.9154461E-08    0.1806038E-07   -0.6240839E-08    0.2529230E-07   -0.2853912E-05
    0.4039971E-06   -0.3559600E-05    0.3035078E-06    0.1580873E-03    0.3067332E-03    0.1765105E-04   -0.3959753E-01   -0.8619730E-02    0.1036254E-01   -0.2935928E-02   -0.8784577E-02    0.8133850E-03    0.6284887E-04   -0.1186088E-03   -0.5833436E-04    0.1433734E-03   -0.2074080E-02    0.8665652E-07   -0.2505439E-06   -0.8266266E-05   -0.3406347E-05   -0.8488904E-04
    0.7181064E-06   -0.4035853E-05    0.5249515E-06    0.3067332E-03    0.6088347E-03    0.2725172E-04   -0.6920556E-01   -0.9948217E-02    0.2675486E-01   -0.7961752E-02   -0.1827036E-01    0.7468341E-03    0.1357495E-03   -0.2793939E-03   -0.7524162E-04    0.2946537E-03   -0.5834631E-02    0.2908279E-06    0.1070576E-05   -0.1466468E-04   -0.3306776E-05    0.4277687E-03
    0.2229708E-06   -0.2856379E-05    0.2843750E-06    0.1765105E-04    0.2725172E-04    0.1930750E-04   -0.1874221E-01   -0.2505515E-02    0.8655567E-02   -0.3042311E-02   -0.5922209E-02   -0.5636428E-03    0.2803488E-04   -0.1385894E-03   -0.5835011E-04    0.4320935E-04   -0.2538424E-02   -0.7847598E-08    0.6309839E-06    0.2961942E-06   -0.2035326E-05    0.7625973E-04
   -0.3672276E-03    0.3645160E-02    0.1518393E-04   -0.3959753E-01   -0.6920556E-01   -0.1874221E-01    0.2364832E+04    0.1091975E+03   -0.7596308E+02    0.4759495E+02    0.5680050E+02   -0.5744425E+02   -0.1027822E+01   -0.1122983E+01    0.4724512E+00    0.6558093E+00   -0.1533268E+02    0.2297875E-02   -0.2653485E-02    0.2999063E-02    0.7624227E-02    0.1126222E+02
   -0.1834258E-03    0.9754382E-03   -0.6606030E-04   -0.8619730E-02   -0.9948217E-02   -0.2505515E-02    0.1091975E+03    0.1101476E+03    0.2614818E+02   -0.1336634E+02    0.2121359E+01   -0.8874431E+01   -0.2067422E+00    0.7360186E-01    0.4754828E-01    0.1043857E+01   -0.1344046E+02    0.4639572E-03    0.1252795E-02    0.4455056E-02    0.5504789E-02   -0.8583168E-01
    0.8289975E-04    0.8400125E-05   -0.1345748E-03    0.1036254E-01    0.2675486E-01    0.8655567E-02   -0.7596308E+02    0.2614818E+02    0.2509981E+03   -0.2331751E+02   -0.1137108E+03    0.1723861E+01   -0.2044453E-01   -0.1166447E+01   -0.1575326E+01    0.3424541E+00   -0.8014926E+01   -0.2026201E-03   -0.2020631E-02    0.2413240E-02    0.1258050E-02    0.1818257E+00
   -0.4727689E-04    0.2553019E-05   -0.1841681E-04   -0.2935928E-02   -0.7961752E-02   -0.3042311E-02    0.4759495E+02   -0.1336634E+02   -0.2331751E+02    0.1771993E+02    0.1428727E+02   -0.1222883E+01    0.1652508E-01   -0.3337750E-01    0.1976546E+00    0.1805199E+00   -0.1301113E+01   -0.7248480E-04   -0.1626688E-02   -0.1603448E-02   -0.1694961E-03   -0.1770456E+00
   -0.1108856E-03    0.3060355E-03   -0.4548106E-05   -0.8784577E-02   -0.1827036E-01   -0.5922209E-02    0.5680050E+02    0.2121359E+01   -0.1137108E+03    0.1428727E+02    0.6295290E+02   -0.2599249E+00    0.6746056E-01    0.5418615E+00    0.9693954E+00   -0.1584139E+00   -0.2700439E+01    0.1142059E-03    0.2663933E-03   -0.3853350E-03    0.1220180E-02    0.3223539E-01
    0.9208698E-05   -0.4135116E-04   -0.2207390E-04    0.8133850E-03    0.7468341E-03   -0.5636428E-03   -0.5744425E+02   -0.8874431E+01    0.1723861E+01   -0.1222883E+01   -0.2599249E+00    0.6680703E+01    0.8182027E-01    0.2299341E+00   -0.2347667E-02   -0.9313957E-01   -0.2397698E+00    0.2678531E-05   -0.5766061E-03   -0.1583147E-03   -0.7933237E-03    0.1354482E+00
    0.7569364E-06   -0.2115304E-05    0.1499380E-06    0.6284887E-04    0.1357495E-03    0.2803488E-04   -0.1027822E+01   -0.2067422E+00   -0.2044453E-01    0.1652508E-01    0.6746056E-01    0.8182027E-01    0.1224259E-01   -0.7466086E-02    0.4817830E-02    0.6235413E-02   -0.1293380E-01    0.4652026E-06   -0.2271294E-04   -0.8683834E-05   -0.3368186E-05    0.2231264E-02
   -0.2617735E-05    0.5684443E-05   -0.5552719E-06   -0.1186088E-03   -0.2793939E-03   -0.1385894E-03   -0.1122983E+01    0.7360186E-01   -0.1166447E+01   -0.3337750E-01    0.5418615E+00    0.2299341E+00   -0.7466086E-02    0.5482011E-01   -0.1409289E-02    0.3561666E-02   -0.2915842E-01   -0.3729563E-05    0.8146632E-04    0.4801154E-04    0.1996285E-04    0.3997973E-02
   -0.1235446E-05    0.6399307E-05   -0.8609936E-06   -0.5833436E-04   -0.7524162E-04   -0.5835011E-04    0.4724512E+00    0.4754828E-01   -0.1575326E+01    0.1976546E+00    0.9693954E+00   -0.2347667E-02    0.4817830E-02   -0.1409289E-02    0.2458333E-01    0.3650980E-03   -0.2820452E-01    0.4320276E-05   -0.7783725E-04    0.2154348E-05    0.4048608E-04    0.7303923E-02
   -0.6699307E-06   -0.3884492E-05    0.1224464E-05    0.1433734E-03    0.2946537E-03    0.4320935E-04    0.6558093E+00    0.1043857E+01    0.3424541E+00    0.1805199E+00   -0.1584139E+00   -0.9313957E-01    0.6235413E-02    0.3561666E-02    0.3650980E-03    0.8115429E-01   -0.1659003E-01    0.4913743E-05   -0.4601074E-04   -0.1040669E-04    0.6265465E-04   -0.3620492E-02
   -0.2979134E-04    0.7805847E-05    0.3104858E-04   -0.2074080E-02   -0.5834631E-02   -0.2538424E-02   -0.1533268E+02   -0.1344046E+02   -0.8014926E+01   -0.1301113E+01   -0.2700439E+01   -0.2397698E+00   -0.1293380E-01   -0.2915842E-01   -0.2820452E-01   -0.1659003E-01    0.7785030E+01   -0.8671075E-04    0.1591538E-03   -0.6240391E-03   -0.6927850E-03   -0.1641215E-01
    0.1949434E-08   -0.2155559E-07   -0.9154461E-08    0.8665652E-07    0.2908279E-06   -0.7847598E-08    0.2297875E-02    0.4639572E-03   -0.2026201E-03   -0.7248480E-04    0.1142059E-03    0.2678531E-05    0.4652026E-06   -0.3729563E-05    0.4320276E-05    0.4913743E-05   -0.8671075E-04    0.8267175E-06   -0.7726087E-07    0.4913094E-07    0.2173158E-06   -0.1169069E-03
   -0.1550652E-08    0.4103018E-07    0.1806038E-07   -0.2505439E-06    0.1070576E-05    0.6309839E-06   -0.2653485E-02    0.1252795E-02   -0.2020631E-02   -0.1626688E-02    0.2663933E-03   -0.5766061E-03   -0.2271294E-04    0.8146632E-04   -0.7783725E-04   -0.4601074E-04    0.1591538E-03   -0.7726087E-07    0.5559685E-05    0.9036379E-06    0.1146645E-05    0.2448934E-03
   -0.5068066E-07   -0.1892312E-06   -0.6240839E-08   -0.8266266E-05   -0.1466468E-04    0.2961942E-06    0.2999063E-02    0.4455056E-02    0.2413240E-02   -0.1603448E-02   -0.3853350E-03   -0.1583147E-03   -0.8683834E-05    0.4801154E-04    0.2154348E-05   -0.1040669E-04   -0.6240391E-03    0.4913094E-07    0.9036379E-06    0.2229178E-04    0.7634225E-05    0.3454054E-03
   -0.2000290E-06   -0.2892496E-06    0.2529230E-07   -0.3406347E-05   -0.3306776E-05   -0.2035326E-05    0.7624227E-02    0.5504789E-02    0.1258050E-02   -0.1694961E-03    0.1220180E-02   -0.7933237E-03   -0.3368186E-05    0.1996285E-04    0.4048608E-04    0.6265465E-04   -0.6927850E-03    0.2173158E-06    0.1146645E-05    0.7634225E-05    0.2051932E-04    0.3693064E-03
    0.4772016E-06    0.4337317E-04   -0.2853912E-05   -0.8488904E-04    0.4277687E-03    0.7625973E-04    0.1126222E+02   -0.8583168E-01    0.1818257E+00   -0.1770456E+00    0.3223539E-01    0.1354482E+00    0.2231264E-02    0.3997973E-02    0.7303923E-02   -0.3620492E-02   -0.1641215E-01   -0.1169069E-03    0.2448934E-03    0.3454054E-03    0.3693064E-03    0.2568352E+00
