# omegabh2 omegach2 theta tau mnu ns logA asz
    0.23204E-06   -0.27197E-06    0.57222E-06    0.22346E-05    0.49905E-05    0.47739E-05    0.57298E-05    0.29111E-04
   -0.27197E-06    0.14105E-04    0.11273E-05   -0.11929E-04   -0.75904E-04   -0.15212E-04    0.26290E-04   -0.27482E-03
    0.57222E-06    0.11273E-05    0.45907E-05    0.51197E-05    0.26690E-04    0.11687E-04    0.22507E-04    0.17786E-04
    0.22346E-05   -0.11929E-04    0.51197E-05    0.20652E-03    0.12380E-03    0.73130E-04    0.39381E-03   -0.14229E-03
    0.49905E-05   -0.75904E-04    0.26690E-04    0.12380E-03    0.13723E-01    0.15214E-03    0.35467E-05    0.50787E-02
    0.47739E-05   -0.15212E-04    0.11687E-04    0.73130E-04    0.15214E-03    0.14447E-03    0.15700E-03   -0.15570E-04
    0.57298E-05    0.26290E-04    0.22507E-04    0.39381E-03    0.35467E-05    0.15700E-03    0.97858E-03   -0.19368E-02
    0.29111E-04   -0.27482E-03    0.17786E-04   -0.14229E-03    0.50787E-02   -0.15570E-04   -0.19368E-02    0.32488E+00
