# omegabh2 omegach2 theta tau logA ns aps100 aps143 aps217 acib217 asz143 psr cibr xi aksz dust100 dust143 dust217 dust143x217 calPlanck cal0 cal2 calTE calEE
  3.7320880E-08  -2.2102068E-07   2.9642394E-08   3.8051012E-06   7.1196578E-06   7.6720545E-07  -9.1693824E-04  -5.5732967E-04   2.1924962E-04  -2.8318674E-04   3.2968561E-05   2.3362836E-06  -5.1352155E-06   1.9993512E-06  -7.4437199E-05  -2.2821477E-07  -1.4272089E-06   8.3824167E-07  -1.5015223E-06  -6.3724751E-09   4.8230988E-09  -2.3905484E-08  -3.5876891E-07  -3.6102600E-07
 -2.2102068E-07   2.8682711E-06  -2.7734544E-07  -3.4006871E-05  -6.0894734E-05  -8.3346765E-06   5.1089215E-03   3.5093067E-03  -1.2731102E-03   1.6544862E-03  -2.0538864E-04  -1.3712426E-05   2.6177484E-05  -1.0592174E-05   4.9708087E-04   3.0982461E-06   5.0131775E-06  -3.3046868E-06   1.2645552E-05   6.2916113E-08  -3.1958591E-08   1.5570027E-07   1.9612396E-06   3.6805468E-07
  2.9642394E-08  -2.7734544E-07   1.1396241E-07   3.8690916E-06   7.1243043E-06   9.5397209E-07  -5.4845746E-04  -3.8030691E-04   1.1332876E-04  -1.7316864E-04   1.7412483E-05   7.9920915E-07  -2.3509089E-06   6.0529573E-07  -4.7746880E-05  -5.0213899E-07  -2.1784184E-07   5.7077368E-07  -1.2116040E-06  -1.0270080E-08   2.0725325E-09  -9.8745598E-09  -2.9962684E-07  -6.6108323E-08
  3.8051012E-06  -3.4006871E-05   3.8690916E-06   1.0587613E-03   2.0176069E-03   1.3427003E-04  -1.7051701E-01  -8.6532053E-02   4.6592206E-02  -4.9928332E-02   4.8865291E-03   4.2497457E-04  -8.9305157E-04   3.8570533E-04  -1.4385862E-02  -2.3194885E-04  -2.9362228E-04   1.1407748E-04  -3.1728348E-04  -7.3089058E-06  -6.7563291E-08  -4.6330018E-06  -8.2037499E-05  -3.9310674E-05
  7.1196578E-06  -6.0894734E-05   7.1243043E-06   2.0176069E-03   3.8816796E-03   2.4555392E-04  -3.2048620E-01  -1.6184997E-01   9.7345715E-02  -9.6389370E-02   9.3560934E-03   8.4743417E-04  -1.7670600E-03   7.8146074E-04  -2.8603111E-02  -4.8313187E-04  -6.6690931E-04   2.3922689E-04  -6.1515761E-04  -2.2241738E-06   4.9814666E-07  -8.8777130E-06  -1.5805331E-04  -7.4624816E-05
  7.6720545E-07  -8.3346765E-06   9.5397209E-07   1.3427003E-04   2.4555392E-04   3.6316139E-05  -4.0724230E-02  -1.8085233E-02   1.3264299E-02  -1.1614574E-02   1.1252695E-03   1.1196933E-04  -2.0903247E-04   9.8165576E-05  -3.6911543E-03   9.0619404E-07  -4.6125649E-05   4.1298567E-05  -5.4563750E-05  -3.4405957E-07  -2.8939792E-07  -8.6723927E-07  -9.3232259E-06  -6.6223220E-06
 -9.1693824E-04   5.1089215E-03  -5.4845746E-04  -1.7051701E-01  -3.2048620E-01  -4.0724230E-02   6.3443391E+02   6.9475332E+01  -5.9879352E+01   3.7146521E+01  -2.5398092E+01  -9.0779807E-01  -5.9338075E-02  -3.2555320E-01   1.2110947E+01  -1.2651223E-01   3.6366921E-01  -2.7548718E-01  -1.4401525E-01   4.3147186E-03   6.8268638E-03   3.4676563E-03   1.6104308E-02   1.3461651E-02
 -5.5732967E-04   3.5093067E-03  -3.8030691E-04  -8.6532053E-02  -1.6184997E-01  -1.8085233E-02   6.9475332E+01   7.1782388E+01   5.7740343E+00   9.5868542E+00  -9.4640059E-01  -7.9011676E-02   4.9048207E-01   8.9135707E-01  -6.8713556E+00  -3.5132654E-02  -1.9898705E-01   4.5055660E-02   9.5927050E-02   9.6601317E-04   7.1391441E-04   1.0657405E-03   8.7627872E-03   7.6125906E-03
  2.1924962E-04  -1.2731102E-03   1.1332876E-04   4.6592206E-02   9.7345715E-02   1.3264299E-02  -5.9879352E+01   5.7740343E+00   1.6727730E+02  -7.9341908E+01   3.1302589E+00   3.0251452E-01  -9.5961722E-01   3.6651023E-01  -8.0404867E+00  -5.3556192E-02  -2.4086448E-01   5.2798414E-01  -8.5779329E-02   1.2351090E-03   1.5028543E-03  -7.5171201E-03  -1.1732148E-03   3.4287813E-04
 -2.8318674E-04   1.6544862E-03  -1.7316864E-04  -4.9928332E-02  -9.6389370E-02  -1.1614574E-02   3.7146521E+01   9.5868542E+00  -7.9341908E+01   5.0388962E+01   1.1514691E+00  -3.1066992E-02   6.8764883E-01  -2.6722752E-01  -1.6948327E+00   2.7089053E-02   1.5359968E-01  -4.3679889E-01  -5.9943763E-02   7.3336346E-04  -4.3658818E-04   3.0623707E-03   3.1647984E-03   2.4154095E-03
  3.2968561E-05  -2.0538864E-04   1.7412483E-05   4.8865291E-03   9.3560934E-03   1.1252695E-03  -2.5398092E+01  -9.4640059E-01   3.1302589E+00   1.1514691E+00   4.2512132E+00   1.0617763E-01   1.4892618E-01  -2.9850754E-02  -3.3702463E+00  -6.5183082E-03  -8.6337615E-03   1.0891562E-02   5.2271147E-02   1.0517860E-05   4.6501512E-04  -2.8607167E-04  -5.5170976E-04  -3.8514764E-04
  2.3362836E-06  -1.3712426E-05   7.9920915E-07   4.2497457E-04   8.4743417E-04   1.1196933E-04  -9.0779807E-01  -7.9011676E-02   3.0251452E-01  -3.1066992E-02   1.0617763E-01   1.7031569E-02  -1.6790374E-02   1.1420380E-02  -1.0638211E-01  -2.8605908E-04  -9.9400922E-04  -2.8703290E-03   4.7496959E-03   3.6296725E-06   1.6322641E-05  -3.7446825E-05  -2.1431902E-05  -1.3200495E-05
 -5.1352155E-06   2.6177484E-05  -2.3509089E-06  -8.9305157E-04  -1.7670600E-03  -2.0903247E-04  -5.9338075E-02   4.9048207E-01  -9.5961722E-01   6.8764883E-01   1.4892618E-01  -1.6790374E-02   7.0042025E-02   5.2928452E-03  -1.3514157E-01   4.9333052E-04   6.8642603E-03  -1.0747346E-05  -1.6952243E-02   6.3118321E-07  -3.9642682E-06   9.1562504E-05   4.4794124E-05   3.2905726E-05
  1.9993512E-06  -1.0592174E-05   6.0529573E-07   3.8570533E-04   7.8146074E-04   9.8165576E-05  -3.2555320E-01   8.9135707E-01   3.6651023E-01  -2.6722752E-01  -2.9850754E-02   1.1420380E-02   5.2928452E-03   8.3435880E-02   2.0953682E-02  -8.4292933E-04   5.5736659E-04   1.4351316E-03   9.0016060E-04   4.9880564E-07   1.1645105E-05  -5.3436154E-06  -9.3673236E-06  -1.0054592E-05
 -7.4437199E-05   4.9708087E-04  -4.7746880E-05  -1.4385862E-02  -2.8603111E-02  -3.6911543E-03   1.2110947E+01  -6.8713556E+00  -8.0404867E+00  -1.6948327E+00  -3.3702463E+00  -1.0638211E-01  -1.3514157E-01   2.0953682E-02   7.1631570E+00   4.9291362E-03   4.6343887E-03  -6.3200938E-03  -4.5656845E-02  -6.6558035E-05  -3.7567803E-04   1.4607439E-04   8.0974500E-04   2.1868762E-04
 -2.2821477E-07   3.0982461E-06  -5.0213899E-07  -2.3194885E-04  -4.8313187E-04   9.0619404E-07  -1.2651223E-01  -3.5132654E-02  -5.3556192E-02   2.7089053E-02  -6.5183082E-03  -2.8605908E-04   4.9333052E-04  -8.4292933E-04   4.9291362E-03   3.7840331E-02   3.0859826E-03  -1.2606518E-04   5.3303667E-04  -4.0289946E-06   3.5052264E-05  -1.9662129E-06   7.9611132E-06  -1.4467095E-05
 -1.4272089E-06   5.0131775E-06  -2.1784184E-07  -2.9362228E-04  -6.6690931E-04  -4.6125649E-05   3.6366921E-01  -1.9898705E-01  -2.4086448E-01   1.5359968E-01  -8.6337615E-03  -9.9400922E-04   6.8642603E-03   5.5736659E-04   4.6343887E-03   3.0859826E-03   3.0534377E-02  -6.9299278E-04   5.3621954E-03   2.2544869E-06  -7.7960380E-05  -4.3358884E-05  -5.8881951E-05  -6.8647965E-05
  8.3824167E-07  -3.3046868E-06   5.7077368E-07   1.1407748E-04   2.3922689E-04   4.1298567E-05  -2.7548718E-01   4.5055660E-02   5.2798414E-01  -4.3679889E-01   1.0891562E-02  -2.8703290E-03  -1.0747346E-05   1.4351316E-03  -6.3200938E-03  -1.2606518E-04  -6.9299278E-04   1.0656002E-02   8.3114896E-03   4.6590396E-06   3.2439030E-06   6.4454159E-05  -4.3167321E-06  -1.2504633E-05
 -1.5015223E-06   1.2645552E-05  -1.2116040E-06  -3.1728348E-04  -6.1515761E-04  -5.4563750E-05  -1.4401525E-01   9.5927050E-02  -8.5779329E-02  -5.9943763E-02   5.2271147E-02   4.7496959E-03  -1.6952243E-02   9.0016060E-04  -4.5656845E-02   5.3303667E-04   5.3621954E-03   8.3114896E-03   2.6063527E-02   1.4011481E-06  -4.5136605E-06   6.5253475E-05   3.3776138E-06  -4.8354677E-06
 -6.3724751E-09   6.2916113E-08  -1.0270080E-08  -7.3089058E-06  -2.2241738E-06  -3.4405957E-07   4.3147186E-03   9.6601317E-04   1.2351090E-03   7.3336346E-04   1.0517860E-05   3.6296725E-06   6.3118321E-07   4.9880564E-07  -6.6558035E-05  -4.0289946E-06   2.2544869E-06   4.6590396E-06   1.4011481E-06   6.0437219E-06   2.4738612E-08  -2.2114806E-08   2.8468970E-07   2.7713516E-07
  4.8230988E-09  -3.1958591E-08   2.0725325E-09  -6.7563291E-08   4.9814666E-07  -2.8939792E-07   6.8268638E-03   7.1391441E-04   1.5028543E-03  -4.3658818E-04   4.6501512E-04   1.6322641E-05  -3.9642682E-06   1.1645105E-05  -3.7567803E-04   3.5052264E-05  -7.7960380E-05   3.2439030E-06  -4.5136605E-06   2.4738612E-08   1.1093721E-06   5.2113990E-08   3.5143166E-07   5.8055271E-07
 -2.3905484E-08   1.5570027E-07  -9.8745598E-09  -4.6330018E-06  -8.8777130E-06  -8.6723927E-07   3.4676563E-03   1.0657405E-03  -7.5171201E-03   3.0623707E-03  -2.8607167E-04  -3.7446825E-05   9.1562504E-05  -5.3436154E-06   1.4607439E-04  -1.9662129E-06  -4.3358884E-05   6.4454159E-05   6.5253475E-05  -2.2114806E-08   5.2113990E-08   2.4868536E-06   6.3495458E-07   3.2034800E-07
 -3.5876891E-07   1.9612396E-06  -2.9962684E-07  -8.2037499E-05  -1.5805331E-04  -9.3232259E-06   1.6104308E-02   8.7627872E-03  -1.1732148E-03   3.1647984E-03  -5.5170976E-04  -2.1431902E-05   4.4794124E-05  -9.3673236E-06   8.0974500E-04   7.9611132E-06  -5.8881951E-05  -4.3167321E-06   3.3776138E-06   2.8468970E-07   3.5143166E-07   6.3495458E-07   3.0352315E-05   1.1069064E-05
 -3.6102600E-07   3.6805468E-07  -6.6108323E-08  -3.9310674E-05  -7.4624816E-05  -6.6223220E-06   1.3461651E-02   7.6125906E-03   3.4287813E-04   2.4154095E-03  -3.8514764E-04  -1.3200495E-05   3.2905726E-05  -1.0054592E-05   2.1868762E-04  -1.4467095E-05  -6.8647965E-05  -1.2504633E-05  -4.8354677E-06   2.7713516E-07   5.8055271E-07   3.2034800E-07   1.1069064E-05   2.5242421E-05
