# omegabh2 omegach2 theta tau mnu nnu logA ns calPlanck aps100 aps143 aps217 acib217 asz143 psr cibr xi aksz dust100 dust143 dust217 dust143x217 cal0 cal2 calTE calEE
  3.7697239E-08   3.4190513E-07  -3.4844599E-08   2.5112227E-07   1.4426246E-06   2.5947366E-05   1.5310697E-06   1.0475277E-06   2.0305977E-08   3.1319623E-04   1.0292873E-04  -1.0169303E-04   8.8593081E-05  -1.1207499E-06  -5.4997775E-07   1.6278504E-06  -1.3323369E-06   1.9008161E-05   1.0018477E-06   7.9661861E-07  -1.3717688E-07   5.1722216E-07   2.7892941E-09   9.7462531E-09   6.1814731E-08   5.0113408E-08
  3.4190513E-07   1.1672639E-05  -1.2863103E-06  -2.7000319E-07   1.2687794E-05   6.7825655E-04   3.0104766E-05   1.9431388E-05  -5.1463657E-08   1.7098780E-02   1.0107814E-02  -3.1673579E-03   4.9554809E-03  -5.3659802E-04  -3.4223122E-05   8.7388482E-05  -4.8096587E-05   1.2457627E-03   2.1252402E-05   1.7789668E-05  -1.8099258E-05   1.4000084E-05  -1.8851745E-08   4.4024097E-07   3.8525378E-06   7.5377725E-06
 -3.4844599E-08  -1.2863103E-06   2.2913958E-07   4.7432998E-09  -2.6069629E-06  -7.8637273E-05  -3.2937767E-06  -2.2759247E-06   8.0922895E-09  -1.9444781E-03  -1.1521011E-03   3.4861178E-04  -5.5887863E-04   6.4442126E-05   4.4395703E-06  -1.0152977E-05   6.0985215E-06  -1.5060922E-04  -2.0448335E-06  -2.0751388E-06   2.0388305E-06  -1.7440691E-06   3.3837059E-09  -4.5129053E-08  -5.2855190E-07  -9.3148384E-07
  2.5112227E-07  -2.7000319E-07   4.7432998E-09   6.2183628E-05   2.8697523E-05   8.3423446E-05   1.2372791E-04   9.4474150E-06  -7.3735259E-08  -7.6221297E-03  -3.8774994E-03   3.3619146E-03  -2.6865532E-03   2.1306820E-04   2.6171253E-05  -6.9777065E-05   4.8921729E-07  -8.2902362E-04  -2.4678620E-06  -1.4990071E-05   9.9859308E-06  -1.2331404E-06  -5.0375141E-08  -2.4966540E-07  -3.4836681E-06  -1.5133993E-06
  1.4426246E-06   1.2687794E-05  -2.6069629E-06   2.8697523E-05   2.3142313E-03   1.7299558E-03   9.3886788E-05   8.5507477E-05   2.6729325E-06   5.8723936E-02   2.5666308E-02  -1.9137672E-02   1.6401437E-02  -2.3293706E-03  -1.6831929E-04   2.8119207E-04  -1.2045751E-04   6.5081251E-03   2.8063231E-05   1.4168640E-04  -5.5526150E-05   8.5181028E-05  -3.6089801E-07   1.1626250E-06   2.7366317E-05   3.0337028E-05
  2.5947366E-05   6.7825655E-04  -7.8637273E-05   8.3423446E-05   1.7299558E-03   4.3730409E-02   1.9761693E-03   1.4177230E-03   4.0686772E-06   1.0927388E+00   6.1390848E-01  -2.2244358E-01   3.1521624E-01  -3.3981046E-02  -2.2918111E-03   5.4617564E-03  -3.2545499E-03   8.1865865E-02   1.2640709E-03   1.2144162E-03  -1.1549640E-03   9.7843720E-04  -5.8824734E-07   2.7155197E-05   2.7079830E-04   5.2195019E-04
  1.5310697E-06   3.0104766E-05  -3.2937767E-06   1.2372791E-04   9.3886788E-05   1.9761693E-03   3.5613200E-04   7.0293278E-05   1.2218203E-05   3.4977491E-02   2.0427781E-02   7.9357744E-03   5.4664945E-03  -9.3019516E-04  -9.1074827E-06   3.0946500E-05  -8.9194846E-05   6.1597404E-04   4.6824024E-05  -7.9996676E-05   4.2199644E-06   1.8937009E-05   6.1390992E-07   5.2198629E-07   3.1784299E-06   1.9396800E-05
  1.0475277E-06   1.9431388E-05  -2.2759247E-06   9.4474150E-06   8.5507477E-05   1.4177230E-03   7.0293278E-05   6.1880755E-05   4.6197506E-07   1.4431052E-02   1.2448289E-02   3.6738893E-06   4.8120858E-03  -6.3117137E-04  -1.6238459E-05   6.7243048E-05  -5.7892232E-05   9.2281693E-04   5.2692641E-05   1.3178975E-05  -1.3203707E-05   2.2246470E-05  -3.0331807E-07   5.4493092E-07   8.9344235E-06   1.4247024E-05
  2.0305977E-08  -5.1463657E-08   8.0922895E-09  -7.3735259E-08   2.6729325E-06   4.0686772E-06   1.2218203E-05   4.6197506E-07   6.1527442E-06   2.9018304E-03   3.6599377E-04   1.9501735E-03   1.6375188E-04   2.6736874E-06  -8.0453213E-08  -2.8541599E-06  -4.2913653E-06  -2.7008643E-05   4.6956978E-06   6.8761374E-08   8.8550256E-06  -1.3453242E-06   3.6292944E-08  -8.0306327E-08  -2.8762508E-07  -1.0413572E-07
  3.1319623E-04   1.7098780E-02  -1.9444781E-03  -7.6221297E-03   5.8723936E-02   1.0927388E+00   3.4977491E-02   1.4431052E-02   2.9018304E-03   6.3299094E+02   7.4512797E+01  -5.9008593E+01   3.6981731E+01  -2.5886924E+01  -9.0219496E-01  -2.8498817E-02  -3.3428528E-01   1.2192672E+01  -1.1145535E-01   3.0252642E-01  -2.7860570E-01  -1.9565538E-01   6.5190632E-03   3.2449207E-03   7.9957116E-03   1.9792377E-02
  1.0292873E-04   1.0107814E-02  -1.1521011E-03  -3.8774994E-03   2.5666308E-02   6.1390848E-01   2.0427781E-02   1.2448289E-02   3.6599377E-04   7.4512797E+01   7.5823996E+01   7.2681494E+00   1.0105484E+01  -1.0505737E+00  -5.8759540E-02   5.0089299E-01   8.4471814E-01  -7.0886858E+00  -1.1050937E-02  -2.2924893E-01   3.4125874E-02   7.0340312E-02   8.8602223E-04   9.3835588E-04   6.1879208E-03   1.2683039E-02
 -1.0169303E-04  -3.1673579E-03   3.4861178E-04   3.3619146E-03  -1.9137672E-02  -2.2244358E-01   7.9357744E-03   3.6738893E-06   1.9501735E-03  -5.9008593E+01   7.2681494E+00   1.7707634E+02  -8.4361925E+01   2.6668744E+00   3.6012931E-01  -1.0694135E+00   3.9055476E-01  -7.5082657E+00  -5.0768699E-02  -3.1368914E-01   5.5768088E-01  -2.8859608E-02   1.8843605E-03  -7.8272779E-03   1.4074293E-03   9.2912485E-04
  8.8593081E-05   4.9554809E-03  -5.5887863E-04  -2.6865532E-03   1.6401437E-02   3.1521624E-01   5.4664945E-03   4.8120858E-03   1.6375188E-04   3.6981731E+01   1.0105484E+01  -8.4361925E+01   5.3655525E+01   1.4570712E+00  -6.8150179E-02   7.5476416E-01  -3.0652792E-01  -2.1753868E+00   3.0160463E-02   1.8678675E-01  -4.5626380E-01  -9.7807293E-02  -6.4087886E-04   3.2597349E-03   1.3147926E-03   3.6513316E-03
 -1.1207499E-06  -5.3659802E-04   6.4442126E-05   2.1306820E-04  -2.3293706E-03  -3.3981046E-02  -9.3019516E-04  -6.3117137E-04   2.6736874E-06  -2.5886924E+01  -1.0505737E+00   2.6668744E+00   1.4570712E+00   4.3172105E+00   1.0304537E-01   1.4909711E-01  -3.8584627E-02  -3.4859759E+00  -9.7770374E-03  -6.6392442E-03   9.9069790E-03   5.2187997E-02   4.4332256E-04  -2.2480607E-04  -2.7288371E-04  -6.6607312E-04
 -5.4997775E-07  -3.4223122E-05   4.4395703E-06   2.6171253E-05  -1.6831929E-04  -2.2918111E-03  -9.1074827E-06  -1.6238459E-05  -8.0453213E-08  -9.0219496E-01  -5.8759540E-02   3.6012931E-01  -6.8150179E-02   1.0304537E-01   1.6769039E-02  -1.7013593E-02   1.2015959E-02  -1.0416447E-01  -4.5984113E-04  -1.4238560E-03  -2.5066933E-03   4.9886654E-03   1.8031378E-05  -3.7683290E-05  -7.8478674E-06  -2.1868494E-05
  1.6278504E-06   8.7388482E-05  -1.0152977E-05  -6.9777065E-05   2.8119207E-04   5.4617564E-03   3.0946500E-05   6.7243048E-05  -2.8541599E-06  -2.8498817E-02   5.0089299E-01  -1.0694135E+00   7.5476416E-01   1.4909711E-01  -1.7013593E-02   6.8043167E-02   3.2878631E-03  -1.4172269E-01   3.1167261E-04   7.1887623E-03  -4.5816552E-04  -1.7219946E-02  -9.0635397E-06   9.6443843E-05   2.1178710E-05   5.1380358E-05
 -1.3323369E-06  -4.8096587E-05   6.0985215E-06   4.8921729E-07  -1.2045751E-04  -3.2545499E-03  -8.9194846E-05  -5.7892232E-05  -4.2913653E-06  -3.3428528E-01   8.4471814E-01   3.9055476E-01  -3.0652792E-01  -3.8584627E-02   1.2015959E-02   3.2878631E-03   8.2763625E-02   3.9709696E-02  -2.8299723E-04  -3.6274327E-04   1.3283871E-03   6.7791494E-04   1.5443732E-05  -1.0921631E-05  -1.6795664E-05  -2.1528939E-05
  1.9008161E-05   1.2457627E-03  -1.5060922E-04  -8.2902362E-04   6.5081251E-03   8.1865865E-02   6.1597404E-04   9.2281693E-04  -2.7008643E-05   1.2192672E+01  -7.0886858E+00  -7.5082657E+00  -2.1753868E+00  -3.4859759E+00  -1.0416447E-01  -1.4172269E-01   3.9709696E-02   7.3951667E+00   4.1123382E-03   3.3794627E-03  -4.1752837E-03  -4.4337535E-02  -3.8584514E-04   1.0960310E-04   1.5783740E-04   7.7944570E-04
  1.0018477E-06   2.1252402E-05  -2.0448335E-06  -2.4678620E-06   2.8063231E-05   1.2640709E-03   4.6824024E-05   5.2692641E-05   4.6956978E-06  -1.1145535E-01  -1.1050937E-02  -5.0768699E-02   3.0160463E-02  -9.7770374E-03  -4.5984113E-04   3.1167261E-04  -2.8299723E-04   4.1123382E-03   3.8247038E-02   2.8894149E-03  -1.2488213E-04   6.7764142E-04   3.5964616E-05  -1.2626108E-07  -8.0930193E-06  -1.7991497E-06
  7.9661861E-07   1.7789668E-05  -2.0751388E-06  -1.4990071E-05   1.4168640E-04   1.2144162E-03  -7.9996676E-05   1.3178975E-05   6.8761374E-08   3.0252642E-01  -2.2924893E-01  -3.1368914E-01   1.8678675E-01  -6.6392442E-03  -1.4238560E-03   7.1887623E-03  -3.6274327E-04   3.3794627E-03   2.8894149E-03   3.1554821E-02  -8.7526111E-04   5.5442141E-03  -8.3532963E-05  -4.1818772E-05  -7.4879631E-05  -7.2704409E-05
 -1.3717688E-07  -1.8099258E-05   2.0388305E-06   9.9859308E-06  -5.5526150E-05  -1.1549640E-03   4.2199644E-06  -1.3203707E-05   8.8550256E-06  -2.7860570E-01   3.4125874E-02   5.5768088E-01  -4.5626380E-01   9.9069790E-03  -2.5066933E-03  -4.5816552E-04   1.3283871E-03  -4.1752837E-03  -1.2488213E-04  -8.7526111E-04   1.0685146E-02   8.4334151E-03   4.5529411E-06   6.1655898E-05  -1.1121851E-06  -9.2020684E-06
  5.1722216E-07   1.4000084E-05  -1.7440691E-06  -1.2331404E-06   8.5181028E-05   9.7843720E-04   1.8937009E-05   2.2246470E-05  -1.3453242E-06  -1.9565538E-01   7.0340312E-02  -2.8859608E-02  -9.7807293E-02   5.2187997E-02   4.9886654E-03  -1.7219946E-02   6.7791494E-04  -4.4337535E-02   6.7764142E-04   5.5442141E-03   8.4334151E-03   2.6213864E-02  -4.7924630E-06   5.9101338E-05  -1.4083502E-05   8.9564153E-06
  2.7892941E-09  -1.8851745E-08   3.3837059E-09  -5.0375141E-08  -3.6089801E-07  -5.8824734E-07   6.1390992E-07  -3.0331807E-07   3.6292944E-08   6.5190632E-03   8.8602223E-04   1.8843605E-03  -6.4087886E-04   4.4332256E-04   1.8031378E-05  -9.0635397E-06   1.5443732E-05  -3.8584514E-04   3.5964616E-05  -8.3532963E-05   4.5529411E-06  -4.7924630E-06   1.1159059E-06   4.7152467E-08   3.5569867E-07   5.9970597E-07
  9.7462531E-09   4.4024097E-07  -4.5129053E-08  -2.4966540E-07   1.1626250E-06   2.7155197E-05   5.2198629E-07   5.4493092E-07  -8.0306327E-08   3.2449207E-03   9.3835588E-04  -7.8272779E-03   3.2597349E-03  -2.2480607E-04  -3.7683290E-05   9.6443843E-05  -1.0921631E-05   1.0960310E-04  -1.2626108E-07  -4.1818772E-05   6.1655898E-05   5.9101338E-05   4.7152467E-08   2.4600518E-06   4.1343869E-07   5.3754256E-07
  6.1814731E-08   3.8525378E-06  -5.2855190E-07  -3.4836681E-06   2.7366317E-05   2.7079830E-04   3.1784299E-06   8.9344235E-06  -2.8762508E-07   7.9957116E-03   6.1879208E-03   1.4074293E-03   1.3147926E-03  -2.7288371E-04  -7.8478674E-06   2.1178710E-05  -1.6795664E-05   1.5783740E-04  -8.0930193E-06  -7.4879631E-05  -1.1121851E-06  -1.4083502E-05   3.5569867E-07   4.1343869E-07   2.5964274E-05   1.1697538E-05
  5.0113408E-08   7.5377725E-06  -9.3148384E-07  -1.5133993E-06   3.0337028E-05   5.2195019E-04   1.9396800E-05   1.4247024E-05  -1.0413572E-07   1.9792377E-02   1.2683039E-02   9.2912485E-04   3.6513316E-03  -6.6607312E-04  -2.1868494E-05   5.1380358E-05  -2.1528939E-05   7.7944570E-04  -1.7991497E-06  -7.2704409E-05  -9.2020684E-06   8.9564153E-06   5.9970597E-07   5.3754256E-07   1.1697538E-05   3.0487414E-05
