# omegabh2 omegach2 theta tau mnu logA ns acib217 acibsz143 asz143 aps100 aps143 aps143217 aps217 aksz kgal100 t1gal143 t1gal143217 t1gal217 calib_100T calib_217T
    0.4768202E-07   -0.6683306E-07    0.3039638E-07    0.7345872E-06    0.1933061E-05    0.1361778E-05    0.3367623E-06   -0.2852789E-03   -0.1424576E-03   -0.5737227E-05   -0.7484860E-03   -0.2658743E-03    0.3586999E-04    0.6023029E-04   -0.8058012E-04    0.9004292E-03    0.4976195E-03    0.4794332E-03    0.4691812E-03   -0.5070584E-07    0.8666432E-08
   -0.6683306E-07    0.1749673E-05   -0.7232092E-07   -0.9614457E-05   -0.4376789E-04   -0.1594118E-04   -0.4037843E-05    0.1605269E-03    0.1054673E-03    0.1188397E-04   -0.1896151E-02   -0.7347044E-03   -0.9419537E-03   -0.9321260E-03    0.4153204E-04    0.3639030E-02    0.4706031E-02    0.4657794E-02    0.4647572E-02    0.6174118E-07   -0.3839574E-09
    0.3039638E-07   -0.7232092E-07    0.1914264E-06    0.1349632E-05    0.2428595E-05    0.2760005E-05    0.5024508E-06   -0.8841146E-04   -0.3309136E-04   -0.8825617E-05    0.3774954E-04   -0.7182358E-04   -0.1274496E-05    0.6166367E-04   -0.2727367E-04    0.2695469E-03   -0.6522888E-04   -0.1002091E-03   -0.1122179E-03   -0.4424751E-07    0.6908889E-08
    0.7345872E-06   -0.9614457E-05    0.1349632E-05    0.1758322E-03    0.5529960E-03    0.3261946E-03    0.3390395E-04   -0.8766510E-02   -0.4232052E-02   -0.1491958E-02   -0.2051158E-02    0.2485047E-02    0.7703425E-02    0.8875673E-02   -0.2585312E-02   -0.8507331E-02   -0.3045440E-02   -0.4556590E-02   -0.4786574E-02    0.1306411E-05    0.4999563E-06
    0.1933061E-05   -0.4376789E-04    0.2428595E-05    0.5529960E-03    0.6080915E-02    0.1019251E-02    0.1052674E-03   -0.6445094E-02   -0.3183644E-02   -0.2098548E-02    0.9737366E-01    0.3852115E-01    0.4042966E-01    0.3872414E-01   -0.5674531E-02   -0.9320667E-01   -0.1377752E+00   -0.1464545E+00   -0.1532597E+00   -0.4092445E-05    0.1566990E-05
    0.1361778E-05   -0.1594118E-04    0.2760005E-05    0.3261946E-03    0.1019251E-02    0.6224603E-03    0.5791043E-04   -0.1586446E-01   -0.8460860E-02   -0.3845414E-02    0.1531080E-01    0.1817536E-01    0.2605881E-01    0.2605543E-01   -0.5535004E-02   -0.3288944E-01   -0.4693749E-01   -0.5074643E-01   -0.5179340E-01   -0.4903434E-07    0.9020189E-06
    0.3367623E-06   -0.4037843E-05    0.5024508E-06    0.3390395E-04    0.1052674E-03    0.5791043E-04    0.2377436E-04   -0.9493230E-02   -0.4471785E-02   -0.1540463E-02   -0.4581459E-02    0.6964932E-02    0.1310377E-01    0.1385940E-01   -0.3058094E-02   -0.5355332E-02   -0.9858820E-02   -0.1069203E-01   -0.9656692E-02    0.1233118E-06    0.2092027E-06
   -0.2852789E-03    0.1605269E-03   -0.8841146E-04   -0.8766510E-02   -0.6445094E-02   -0.1586446E-01   -0.9493230E-02    0.6418013E+02    0.2373169E+02    0.7416883E+00    0.1736598E+02   -0.1797650E+02   -0.6069434E+02   -0.7742207E+02   -0.2136386E+01   -0.1546968E+02   -0.2759346E+02   -0.3340024E+02   -0.3872333E+02   -0.1055368E-03   -0.2977081E-02
   -0.1424576E-03    0.1054673E-03   -0.3309136E-04   -0.4232052E-02   -0.3183644E-02   -0.8460860E-02   -0.4471785E-02    0.2373169E+02    0.1760650E+02    0.2072831E+01   -0.1056790E+02   -0.2140016E+02   -0.4208354E+02   -0.2429711E+02   -0.7560341E+00   -0.8038833E+01   -0.1455827E+02   -0.2180359E+02   -0.2355603E+02   -0.1635613E-03   -0.4019943E-04
   -0.5737227E-05    0.1188397E-04   -0.8825617E-05   -0.1491958E-02   -0.2098548E-02   -0.3845414E-02   -0.1540463E-02    0.7416883E+00    0.2072831E+01    0.5297795E+01   -0.3536435E+02   -0.1524800E+02   -0.4600108E+01   -0.7779712E+00   -0.1290031E+00   -0.2182852E+01   -0.6859865E+00    0.3055745E+01    0.3602175E+01   -0.1466453E-03    0.1259688E-03
   -0.7484860E-03   -0.1896151E-02    0.3774954E-04   -0.2051158E-02    0.9737366E-01    0.1531080E-01   -0.4581459E-02    0.1736598E+02   -0.1056790E+02   -0.3536435E+02    0.7349469E+03    0.1723348E+03    0.7173494E+02    0.2112700E+02   -0.1112091E+02   -0.8210267E+02   -0.6314522E+02   -0.7324588E+02   -0.7355266E+02   -0.3647977E-02   -0.2692791E-02
   -0.2658743E-03   -0.7347044E-03   -0.7182358E-04    0.2485047E-02    0.3852115E-01    0.1817536E-01    0.6964932E-02   -0.1797650E+02   -0.2140016E+02   -0.1524800E+02    0.1723348E+03    0.1196001E+03    0.9478478E+02    0.5412725E+02   -0.1108529E+02   -0.2294238E+02   -0.4083881E+02   -0.3530641E+02   -0.3230389E+02   -0.1193408E-02   -0.8314299E-03
    0.3586999E-04   -0.9419537E-03   -0.1274496E-05    0.7703425E-02    0.4042966E-01    0.2605881E-01    0.1310377E-01   -0.6069434E+02   -0.4208354E+02   -0.4600108E+01    0.7173494E+02    0.9478478E+02    0.1465769E+03    0.1048035E+03   -0.9061462E+01   -0.1149540E+02   -0.1765802E+02   -0.5927762E+01   -0.4632936E+01   -0.1521985E-02    0.1383459E-02
    0.6023029E-04   -0.9321260E-03    0.6166367E-04    0.8875673E-02    0.3872414E-01    0.2605543E-01    0.1385940E-01   -0.7742207E+02   -0.2429711E+02   -0.7779712E+00    0.2112700E+02    0.5412725E+02    0.1048035E+03    0.1399525E+03   -0.8002022E+01   -0.1050861E+02   -0.1872061E+02   -0.2343304E+02   -0.2456427E+02   -0.1858175E-02    0.5480412E-02
   -0.8058012E-04    0.4153204E-04   -0.2727367E-04   -0.2585312E-02   -0.5674531E-02   -0.5535004E-02   -0.3058094E-02   -0.2136386E+01   -0.7560341E+00   -0.1290031E+00   -0.1112091E+02   -0.1108529E+02   -0.9061462E+01   -0.8002022E+01    0.8013458E+01   -0.4258568E+01   -0.5942398E+01   -0.7025151E+01   -0.7764451E+01   -0.1761604E-04    0.2526068E-03
    0.9004292E-03    0.3639030E-02    0.2695469E-03   -0.8507331E-02   -0.9320667E-01   -0.3288944E-01   -0.5355332E-02   -0.1546968E+02   -0.8038833E+01   -0.2182852E+01   -0.8210267E+02   -0.2294238E+02   -0.1149540E+02   -0.1050861E+02   -0.4258568E+01    0.2337318E+03    0.1506112E+03    0.1474531E+03    0.1459458E+03   -0.1312063E-01    0.5275711E-03
    0.4976195E-03    0.4706031E-02   -0.6522888E-04   -0.3045440E-02   -0.1377752E+00   -0.4693749E-01   -0.9858820E-02   -0.2759346E+02   -0.1455827E+02   -0.6859865E+00   -0.6314522E+02   -0.4083881E+02   -0.1765802E+02   -0.1872061E+02   -0.5942398E+01    0.1506112E+03    0.2806798E+03    0.2860196E+03    0.2870339E+03    0.1011354E-01    0.6968143E-03
    0.4794332E-03    0.4657794E-02   -0.1002091E-03   -0.4556590E-02   -0.1464545E+00   -0.5074643E-01   -0.1069203E-01   -0.3340024E+02   -0.2180359E+02    0.3055745E+01   -0.7324588E+02   -0.3530641E+02   -0.5927762E+01   -0.2343304E+02   -0.7025151E+01    0.1474531E+03    0.2860196E+03    0.3301595E+03    0.3567709E+03    0.1035162E-01   -0.4576156E-02
    0.4691812E-03    0.4647572E-02   -0.1122179E-03   -0.4786574E-02   -0.1532597E+00   -0.5179340E-01   -0.9656692E-02   -0.3872333E+02   -0.2355603E+02    0.3602175E+01   -0.7355266E+02   -0.3230389E+02   -0.4632936E+01   -0.2456427E+02   -0.7764451E+01    0.1459458E+03    0.2870339E+03    0.3567709E+03    0.4092955E+03    0.1052722E-01   -0.9387977E-02
   -0.5070584E-07    0.6174118E-07   -0.4424751E-07    0.1306411E-05   -0.4092445E-05   -0.4903434E-07    0.1233118E-06   -0.1055368E-03   -0.1635613E-03   -0.1466453E-03   -0.3647977E-02   -0.1193408E-02   -0.1521985E-02   -0.1858175E-02   -0.1761604E-04   -0.1312063E-01    0.1011354E-01    0.1035162E-01    0.1052722E-01    0.3164700E-05   -0.1863666E-07
    0.8666432E-08   -0.3839574E-09    0.6908889E-08    0.4999563E-06    0.1566990E-05    0.9020189E-06    0.2092027E-06   -0.2977081E-02   -0.4019943E-04    0.1259688E-03   -0.2692791E-02   -0.8314299E-03    0.1383459E-02    0.5480412E-02    0.2526068E-03    0.5275711E-03    0.6968143E-03   -0.4576156E-02   -0.9387977E-02   -0.1863666E-07    0.1408245E-05
