# omegabh2 omegach2 theta tau logA ns galfTE100 galfTE100143 galfTE100217 galfTE143 galfTE143217 galfTE217 calib_100TE calib_217TE
    0.5894903E-07   -0.1815307E-06    0.3682780E-07    0.8633154E-06    0.1958857E-05    0.1308271E-05   -0.5023960E-05   -0.6523588E-05   -0.7240704E-05   -0.9957675E-05   -0.1252834E-04   -0.1769344E-04    0.1119202E-08   -0.1246102E-07
   -0.1815307E-06    0.4001187E-05   -0.3368348E-06   -0.5559200E-05   -0.6991069E-07   -0.7233743E-05    0.3503587E-04    0.4583271E-04    0.4993589E-04    0.7873886E-04    0.9989699E-04    0.1511873E-03    0.1929303E-07    0.9550750E-07
    0.3682780E-07   -0.3368348E-06    0.2480237E-06    0.7021346E-06    0.8143948E-06    0.9726544E-06   -0.5281403E-05   -0.6758745E-05   -0.6873593E-05   -0.9646362E-05   -0.1272273E-04   -0.1902454E-04   -0.2869577E-07   -0.7756283E-10
    0.8633154E-06   -0.5559200E-05    0.7021346E-06    0.1953706E-03    0.4024136E-03    0.5066069E-04   -0.8663910E-04   -0.8867601E-04   -0.8808775E-04   -0.1286668E-03   -0.1318827E-03   -0.1769221E-03   -0.3842993E-06   -0.1980230E-06
    0.1958857E-05   -0.6991069E-07    0.8143948E-06    0.4024136E-03    0.9091859E-03    0.1113221E-03   -0.1069643E-03   -0.5285625E-04   -0.3610779E-04    0.5387626E-04    0.1307274E-03    0.1940722E-03   -0.7886263E-05   -0.4161358E-05
    0.1308271E-05   -0.7233743E-05    0.9726544E-06    0.5066069E-04    0.1113221E-03    0.8443470E-04   -0.1700044E-03   -0.1541970E-03   -0.1491151E-03   -0.2089259E-03   -0.2263763E-03   -0.2524888E-03   -0.8407189E-07   -0.9667128E-06
   -0.5023960E-05    0.3503587E-04   -0.5281403E-05   -0.8663910E-04   -0.1069643E-03   -0.1700044E-03    0.1626970E-01    0.1116532E-01    0.1212453E-01    0.4796522E-02    0.5222590E-02    0.6429952E-02    0.1447010E-04   -0.2639286E-05
   -0.6523588E-05    0.4583271E-04   -0.6758745E-05   -0.8867601E-04   -0.5285625E-04   -0.1541970E-03    0.1116532E-01    0.1625673E-01    0.1750038E-01    0.1421392E-01    0.1426576E-01    0.1428715E-01    0.2542040E-04    0.2403459E-05
   -0.7240704E-05    0.4993589E-04   -0.6873593E-05   -0.8808775E-04   -0.3610779E-04   -0.1491151E-03    0.1212453E-01    0.1750038E-01    0.3118077E-01    0.9650821E-02    0.1816354E-01    0.3088157E-01    0.1151556E-04   -0.8189968E-05
   -0.9957675E-05    0.7873886E-04   -0.9646362E-05   -0.1286668E-03    0.5387626E-04   -0.2089259E-03    0.4796522E-02    0.1421392E-01    0.9650821E-02    0.3346795E-01    0.3136863E-01    0.2496605E-01   -0.5192274E-04   -0.1622376E-04
   -0.1252834E-04    0.9989699E-04   -0.1272273E-04   -0.1318827E-03    0.1307274E-03   -0.2263763E-03    0.5222590E-02    0.1426576E-01    0.1816354E-01    0.3136863E-01    0.4237625E-01    0.5480296E-01   -0.5745602E-04   -0.1898693E-04
   -0.1769344E-04    0.1511873E-03   -0.1902454E-04   -0.1769221E-03    0.1940722E-03   -0.2524888E-03    0.6429952E-02    0.1428715E-01    0.3088157E-01    0.2496605E-01    0.5480296E-01    0.1231076E+00   -0.4504199E-04    0.6096738E-04
    0.1119202E-08    0.1929303E-07   -0.2869577E-07   -0.3842993E-06   -0.7886263E-05   -0.8407189E-07    0.1447010E-04    0.2542040E-04    0.1151556E-04   -0.5192274E-04   -0.5745602E-04   -0.4504199E-04    0.1851727E-04    0.2263638E-05
   -0.1246102E-07    0.9550750E-07   -0.7756283E-10   -0.1980230E-06   -0.4161358E-05   -0.9667128E-06   -0.2639286E-05    0.2403459E-05   -0.8189968E-05   -0.1622376E-04   -0.1898693E-04    0.6096738E-04    0.2263638E-05    0.1531244E-04
