# omegabh2 omegach2 theta tau mnu logA ns calPlanck acib217 xi asz143 aps100 aps143 aps143217 aps217 aksz kgal100 kgal143 kgal143217 kgal217 galfTE100 galfTE100143 galfTE100217 galfTE143 galfTE143217 galfTE217 cal0 cal2
  1.8184293E-08  -5.7418530E-08   1.0546319E-08   1.5290839E-07   4.3554451E-07   2.6666730E-07   1.6142142E-07   1.1179648E-08  -8.0089443E-05   1.8220348E-06   1.5811455E-05  -3.2158817E-04  -1.8686159E-04  -5.3483812E-05   1.7590929E-05  -2.9344421E-05  -3.8563806E-06  -4.8202333E-06  -5.6298215E-06   2.0140185E-05  -1.0997939E-07  -6.5122371E-08  -2.1563221E-07  -1.7242149E-07  -5.0764788E-07  -1.6398230E-06   2.2179072E-09  -1.4785193E-09
 -5.7418530E-08   1.0164587E-06  -5.3692586E-08  -1.4077074E-06  -8.9861217E-06  -3.9333841E-07  -2.3823044E-06  -6.1231163E-08   1.3732277E-04  -3.8532874E-06  -1.7502315E-07   8.9892836E-05   5.1811060E-04   3.8718847E-04   1.9686786E-04  -1.3024071E-05  -1.7892692E-05  -3.5246281E-05  -7.3819784E-06  -2.6391688E-05   2.2619490E-07   1.7810723E-07   6.2848993E-07   4.7989194E-07   2.5405911E-06   8.8737890E-06  -8.5230237E-09   1.1147314E-08
  1.0546319E-08  -5.3692586E-08   8.5112286E-08   1.4911856E-07   2.9733881E-07   2.4069956E-07   2.5496331E-07  -1.8735439E-09  -1.5489491E-05  -4.7313134E-07   3.5395581E-06  -4.8916305E-05  -5.1364931E-05  -4.3177311E-05  -2.1797253E-05   4.1571911E-06   7.6619389E-07  -7.7584590E-07  -1.7047012E-06   9.0267634E-06  -1.3635077E-08  -1.5437138E-07  -1.7539434E-07  -2.9049904E-07  -2.4607235E-07  -6.4709084E-07   1.6608364E-09   1.6891109E-10
  1.5290839E-07  -1.4077074E-06   1.4911856E-07   5.9586058E-05   2.1638412E-05   1.1574726E-04   6.0657702E-06  -7.5898841E-08  -2.5461232E-03   5.7793344E-05   5.1136150E-04  -9.7219542E-03  -3.9722688E-03   2.6538090E-04   2.0259778E-03  -1.0970095E-03  -2.7304039E-04  -3.6401890E-04  -3.2643864E-04   5.6782649E-04  -3.5670077E-07  -4.1759645E-06   3.0840113E-06  -8.6388365E-06  -9.7377247E-06  -2.1098530E-05   5.0013276E-08  -2.3262110E-08
  4.3554451E-07  -8.9861217E-06   2.9733881E-07   2.1638412E-05   1.5769342E-03   2.5676751E-05   2.0291362E-05   3.4141919E-06   3.0673275E-03   4.5576976E-05  -3.8717864E-04   1.5169419E-02   1.5213899E-03  -2.9968028E-04  -3.6341606E-03   4.4007214E-04   1.6911761E-03   1.4288257E-03   9.4814982E-04   1.2135530E-03   7.2127454E-06   6.8749514E-06   4.1783920E-05  -2.4925731E-06   3.7030147E-07  -1.1450078E-04  -1.7004929E-07  -1.3989622E-08
  2.6666730E-07  -3.9333841E-07   2.4069956E-07   1.1574726E-04   2.5676751E-05   2.5891695E-04   5.5050267E-06   1.2240337E-05  -5.1372652E-03   1.5319269E-04   1.0080016E-03  -1.8023244E-02  -6.0325971E-03   3.7162679E-03   1.0491498E-02  -3.1162711E-03  -9.1775506E-04  -1.5311325E-03  -1.3285943E-03   2.3697908E-03   1.9314978E-06  -8.3870755E-06  -1.4288683E-06  -2.0789621E-05  -1.6181042E-05  -6.4717309E-06   2.4446388E-07  -2.9635749E-08
  1.6142142E-07  -2.3823044E-06   2.5496331E-07   6.0657702E-06   2.0291362E-05   5.5050267E-06   1.4171676E-05   3.2711004E-07  -4.1031224E-03   9.5036914E-05   7.6629020E-04  -1.9060411E-02  -5.6421223E-03   1.4869727E-03   4.4541689E-03  -1.8807674E-03   2.8796962E-04  -2.0921194E-04  -1.9908000E-04   1.4273194E-03  -9.7156931E-07  -1.3233058E-06   3.7403574E-07  -2.6805472E-06  -7.2266354E-06  -2.6984269E-05  -4.6372009E-08  -7.6271428E-08
  1.1179648E-08  -6.1231163E-08  -1.8735439E-09  -7.5898841E-08   3.4141919E-06   1.2240337E-05   3.2711004E-07   6.2146117E-06   5.9809221E-04   1.9752237E-07  -1.6492420E-05   3.1417745E-03   4.6121317E-04   3.0007084E-04   1.5026380E-03  -6.7233701E-05   1.9617081E-06  -6.0167175E-05  -3.5258457E-05   7.3532369E-04   9.9829648E-07   1.6063746E-07  -4.0214502E-06  -1.4665622E-06  -3.7420489E-07   1.1054487E-05   1.0379970E-08  -6.3758594E-09
 -8.0089443E-05   1.3732277E-04  -1.5489491E-05  -2.5461232E-03   3.0673275E-03  -5.1372652E-03  -4.1031224E-03   5.9809221E-04   4.3275217E+01  -4.0486719E-01  -8.4090286E-01   3.4738976E+01   1.5483919E+00  -1.3417315E+01  -5.3741796E+01  -1.6705672E-01   4.0188656E-01   5.0176586E-01  -5.6887602E+00  -3.2350048E+01  -1.0976884E-03   3.7019350E-03  -1.3382469E-03   6.6187313E-03  -4.6213327E-03  -2.4156729E-03  -2.1548806E-04   7.1956964E-04
  1.8220348E-06  -3.8532874E-06  -4.7313134E-07   5.7793344E-05   4.5576976E-05   1.5319269E-04   9.5036914E-05   1.9752237E-07  -4.0486719E-01   8.0583415E-02  -3.0490210E-02  -6.0651279E-01   9.1369321E-01   1.7220531E+00   6.6525791E-01   3.5031002E-02  -9.3077992E-03   7.3417908E-03   1.1278150E-01   1.5997624E-01  -5.0506786E-05  -1.8535250E-05   2.7553693E-05  -8.6825019E-06   8.8019000E-05   6.4957350E-04   5.5369758E-06  -1.7461381E-06
  1.5811455E-05  -1.7502315E-07   3.5395581E-06   5.1136150E-04  -3.8717864E-04   1.0080016E-03   7.6629020E-04  -1.6492420E-05  -8.4090286E-01  -3.0490210E-02   3.7222041E+00  -2.9984193E+01  -3.0975033E+00   7.4632339E+00   5.1755743E+00  -2.5622707E+00  -1.9547835E-01   9.2865459E-02   2.5680629E+00   3.1752756E+00  -3.4488187E-04  -4.0050879E-04  -2.3268099E-04  -6.8264568E-06  -3.2377406E-03  -4.5141651E-03   1.0453827E-04  -2.4181365E-05
 -3.2158817E-04   8.9892836E-05  -4.8916305E-05  -9.7219542E-03   1.5169419E-02  -1.8023244E-02  -1.9060411E-02   3.1417745E-03   3.4738976E+01  -6.0651279E-01  -2.9984193E+01   7.6573180E+02   6.4597227E+01  -5.6677920E+01  -6.0483540E+01   1.3419222E+01  -6.1827342E+00   5.5126666E+00  -1.2742493E+01  -2.4741505E+01   6.2412886E-03   4.5361882E-03  -2.1018656E-02  -7.0468333E-04   3.5320517E-02   5.7869738E-02   3.5631175E-03   3.9566838E-04
 -1.8686159E-04   5.1811060E-04  -5.1364931E-05  -3.9722688E-03   1.5213899E-03  -6.0325971E-03  -5.6421223E-03   4.6121317E-04   1.5483919E+00   9.1369321E-01  -3.0975033E+00   6.4597227E+01   6.0291449E+01   3.9991469E+01   1.5006504E+01  -5.0344083E+00  -1.4461934E-01  -1.3763791E+00   3.3612759E+00   4.2860540E+00   2.1623880E-03   1.6509322E-03   1.0450075E-03  -2.0610886E-03   4.3834863E-03   4.2841494E-02   1.0377079E-04   1.0589790E-04
 -5.3483812E-05   3.8718847E-04  -4.3177311E-05   2.6538090E-04  -2.9968028E-04   3.7162679E-03   1.4869727E-03   3.0007084E-04  -1.3417315E+01   1.7220531E+00   7.4632339E+00  -5.6677920E+01   3.9991469E+01   8.5023143E+01   5.3139955E+01  -1.1574018E+01  -7.8653317E-01  -9.7822990E-01   4.5923659E+00   7.9387936E+00  -7.8970542E-04  -2.1559028E-03   2.4743321E-03  -1.0695861E-03  -5.2813549E-06   1.9068051E-02   4.5129906E-04  -3.2825423E-04
  1.7590929E-05   1.9686786E-04  -2.1797253E-05   2.0259778E-03  -3.6341606E-03   1.0491498E-02   4.4541689E-03   1.5026380E-03  -5.3741796E+01   6.6525791E-01   5.1755743E+00  -6.0483540E+01   1.5006504E+01   5.3139955E+01   1.0221467E+02  -8.9766373E+00  -9.0162535E-01  -1.4066723E+00   5.0685233E+00   3.2137800E+01   3.0181917E-03  -6.0744344E-03   1.6667595E-03  -9.7294005E-03   1.1284126E-02   1.4329115E-02   5.0586239E-04  -1.3255203E-03
 -2.9344421E-05  -1.3024071E-05   4.1571911E-06  -1.0970095E-03   4.4007214E-04  -3.1162711E-03  -1.8807674E-03  -6.7233701E-05  -1.6705672E-01   3.5031002E-02  -2.5622707E+00   1.3419222E+01  -5.0344083E+00  -1.1574018E+01  -8.9766373E+00   5.6479104E+00   7.0493505E-02  -1.2221411E-01  -1.9864667E+00  -2.3141598E+00  -5.4136551E-05   4.2153806E-04  -5.1091391E-04   1.0599484E-03   3.1644615E-03   2.5457725E-03  -7.8452722E-05  -1.4265491E-05
 -3.8563806E-06  -1.7892692E-05   7.6619389E-07  -2.7304039E-04   1.6911761E-03  -9.1775506E-04   2.8796962E-04   1.9617081E-06   4.0188656E-01  -9.3077992E-03  -1.9547835E-01  -6.1827342E+00  -1.4461934E-01  -7.8653317E-01  -9.0162535E-01   7.0493505E-02   3.3945402E+00   5.9024228E-01   2.2159545E-01   8.3170923E-02  -6.5813521E-04  -1.1532051E-04   1.4793577E-03  -6.4764207E-04  -1.6717825E-04   8.4025740E-04   1.6139294E-04  -6.1802784E-06
 -4.8202333E-06  -3.5246281E-05  -7.7584590E-07  -3.6401890E-04   1.4288257E-03  -1.5311325E-03  -2.0921194E-04  -6.0167175E-05   5.0176586E-01   7.3417908E-03   9.2865459E-02   5.5126666E+00  -1.3763791E+00  -9.7822990E-01  -1.4066723E+00  -1.2221411E-01   5.9024228E-01   3.1779097E+00   2.6841323E+00   2.7059414E+00  -2.1287847E-04  -8.1790303E-05  -1.5042978E-03   1.7867121E-04  -7.8181469E-04  -1.2391665E-03  -1.9257086E-04  -4.0041743E-05
 -5.6298215E-06  -7.3819784E-06  -1.7047012E-06  -3.2643864E-04   9.4814982E-04  -1.3285943E-03  -1.9908000E-04  -3.5258457E-05  -5.6887602E+00   1.1278150E-01   2.5680629E+00  -1.2742493E+01   3.3612759E+00   4.5923659E+00   5.0685233E+00  -1.9864667E+00   2.2159545E-01   2.6841323E+00   1.0764599E+01   1.9177540E+01   2.8933401E-04   2.3759648E-04  -1.3175032E-03  -1.7586125E-03  -3.2769564E-03   8.9748293E-03  -3.2871617E-05   4.1434264E-04
  2.0140185E-05  -2.6391688E-05   9.0267634E-06   5.6782649E-04   1.2135530E-03   2.3697908E-03   1.4273194E-03   7.3532369E-04  -3.2350048E+01   1.5997624E-01   3.1752756E+00  -2.4741505E+01   4.2860540E+00   7.9387936E+00   3.2137800E+01  -2.3141598E+00   8.3170923E-02   2.7059414E+00   1.9177540E+01   5.2830025E+01   9.5973300E-04  -1.1464911E-03  -1.8317399E-04  -5.7429942E-03  -3.7506766E-03   1.8886431E-02   5.1983753E-05   9.2905707E-04
 -1.0997939E-07   2.2619490E-07  -1.3635077E-08  -3.5670077E-07   7.2127454E-06   1.9314978E-06  -9.7156931E-07   9.9829648E-07  -1.0976884E-03  -5.0506786E-05  -3.4488187E-04   6.2412886E-03   2.1623880E-03  -7.8970542E-04   3.0181917E-03  -5.4136551E-05  -6.5813521E-04  -2.1287847E-04   2.8933401E-04   9.5973300E-04   1.4331726E-03   2.7287601E-04   9.2729962E-05  -3.7687559E-04  -6.2176934E-05   4.5798692E-06   1.6395257E-08   5.6133706E-08
 -6.5122371E-08   1.7810723E-07  -1.5437138E-07  -4.1759645E-06   6.8749514E-06  -8.3870755E-06  -1.3233058E-06   1.6063746E-07   3.7019350E-03  -1.8535250E-05  -4.0050879E-04   4.5361882E-03   1.6509322E-03  -2.1559028E-03  -6.0744344E-03   4.2153806E-04  -1.1532051E-04  -8.1790303E-05   2.3759648E-04  -1.1464911E-03   2.7287601E-04   8.6438630E-04   2.5081404E-05   7.4363348E-04   6.4741816E-05  -5.8518135E-04  -9.2555303E-08   1.3969262E-07
 -2.1563221E-07   6.2848993E-07  -1.7539434E-07   3.0840113E-06   4.1783920E-05  -1.4288683E-06   3.7403574E-07  -4.0214502E-06  -1.3382469E-03   2.7553693E-05  -2.3268099E-04  -2.1018656E-02   1.0450075E-03   2.4743321E-03   1.6667595E-03  -5.1091391E-04   1.4793577E-03  -1.5042978E-03  -1.3175032E-03  -1.8317399E-04   9.2729962E-05   2.5081404E-05   7.1548884E-03  -2.7679018E-04   5.8960102E-04   4.0011549E-03  -2.7354854E-07   2.8158556E-07
 -1.7242149E-07   4.7989194E-07  -2.9049904E-07  -8.6388365E-06  -2.4925731E-06  -2.0789621E-05  -2.6805472E-06  -1.4665622E-06   6.6187313E-03  -8.6825019E-06  -6.8264568E-06  -7.0468333E-04  -2.0610886E-03  -1.0695861E-03  -9.7294005E-03   1.0599484E-03  -6.4764207E-04   1.7867121E-04  -1.7586125E-03  -5.7429942E-03  -3.7687559E-04   7.4363348E-04  -2.7679018E-04   2.9471624E-03   5.0674524E-04  -9.2792218E-04  -2.3991300E-07  -2.2395885E-08
 -5.0764788E-07   2.5405911E-06  -2.4607235E-07  -9.7377247E-06   3.7030147E-07  -1.6181042E-05  -7.2266354E-06  -3.7420489E-07  -4.6213327E-03   8.8019000E-05  -3.2377406E-03   3.5320517E-02   4.3834863E-03  -5.2813549E-06   1.1284126E-02   3.1644615E-03  -1.6717825E-04  -7.8181469E-04  -3.2769564E-03  -3.7506766E-03  -6.2176934E-05   6.4741816E-05   5.8960102E-04   5.0674524E-04   6.3199138E-03   7.6005226E-03   6.9844378E-08  -4.3228820E-08
 -1.6398230E-06   8.8737890E-06  -6.4709084E-07  -2.1098530E-05  -1.1450078E-04  -6.4717309E-06  -2.6984269E-05   1.1054487E-05  -2.4156729E-03   6.4957350E-04  -4.5141651E-03   5.7869738E-02   4.2841494E-02   1.9068051E-02   1.4329115E-02   2.5457725E-03   8.4025740E-04  -1.2391665E-03   8.9748293E-03   1.8886431E-02   4.5798692E-06  -5.8518135E-04   4.0011549E-03  -9.2792218E-04   7.6005226E-03   7.0779897E-02   3.4747235E-07  -1.2098993E-06
  2.2179072E-09  -8.5230237E-09   1.6608364E-09   5.0013276E-08  -1.7004929E-07   2.4446388E-07  -4.6372009E-08   1.0379970E-08  -2.1548806E-04   5.5369758E-06   1.0453827E-04   3.5631175E-03   1.0377079E-04   4.5129906E-04   5.0586239E-04  -7.8452722E-05   1.6139294E-04  -1.9257086E-04  -3.2871617E-05   5.1983753E-05   1.6395257E-08  -9.2555303E-08  -2.7354854E-07  -2.3991300E-07   6.9844378E-08   3.4747235E-07   3.6742187E-07  -2.1226487E-09
 -1.4785193E-09   1.1147314E-08   1.6891109E-10  -2.3262110E-08  -1.3989622E-08  -2.9635749E-08  -7.6271428E-08  -6.3758594E-09   7.1956964E-04  -1.7461381E-06  -2.4181365E-05   3.9566838E-04   1.0589790E-04  -3.2825423E-04  -1.3255203E-03  -1.4265491E-05  -6.1802784E-06  -4.0041743E-05   4.1434264E-04   9.2905707E-04   5.6133706E-08   1.3969262E-07   2.8158556E-07  -2.2395885E-08  -4.3228820E-08  -1.2098993E-06  -2.1226487E-09   3.8566974E-07
