# omegabh2 omegach2 theta tau alpha1 ns logA asz
    0.38985E-06   -0.26035E-05    0.20863E-05    0.17386E-05    0.18117E-05    0.13950E-04   -0.14891E-05    0.22718E-04
   -0.26035E-05    0.49715E-04   -0.21110E-04   -0.10932E-04   -0.26751E-04   -0.15300E-03    0.12513E-03   -0.29144E-03
    0.20863E-05   -0.21110E-04    0.19440E-04    0.42113E-06    0.18908E-04    0.10369E-03   -0.47874E-04    0.12999E-03
    0.17386E-05   -0.10932E-04    0.42113E-06    0.19708E-03   -0.55106E-05    0.45323E-04    0.37781E-03   -0.12125E-03
    0.18117E-05   -0.26751E-04    0.18908E-04   -0.55106E-05    0.29889E-04    0.11667E-03   -0.84016E-04    0.12949E-03
    0.13950E-04   -0.15300E-03    0.10369E-03    0.45323E-04    0.11667E-03    0.71100E-03   -0.27153E-03    0.24036E-03
   -0.14891E-05    0.12513E-03   -0.47874E-04    0.37781E-03   -0.84016E-04   -0.27153E-03    0.12185E-02   -0.19551E-02
    0.22718E-04   -0.29144E-03    0.12999E-03   -0.12125E-03    0.12949E-03    0.24036E-03   -0.19551E-02    0.33428E+00
