# omegabh2 omegach2 theta tau Alens ns logA asz
    0.28615E-06   -0.74509E-06    0.79364E-06    0.22504E-05    0.95164E-04    0.61088E-05    0.47399E-05    0.13982E-04
   -0.74509E-06    0.20394E-04   -0.14386E-05   -0.17258E-04   -0.20925E-03   -0.29037E-04    0.31568E-04   -0.23691E-03
    0.79364E-06   -0.14386E-05    0.52653E-05    0.54556E-05    0.21294E-03    0.17835E-04    0.16002E-04   -0.13871E-04
    0.22504E-05   -0.17258E-04    0.54556E-05    0.18974E-03    0.35288E-03    0.72598E-04    0.34401E-03   -0.29635E-04
    0.95164E-04   -0.20925E-03    0.21294E-03    0.35288E-03    0.33358E+00    0.17502E-02    0.63390E-03   -0.65564E-02
    0.61088E-05   -0.29037E-04    0.17835E-04    0.72598E-04    0.17502E-02    0.17833E-03    0.12357E-03   -0.20359E-03
    0.47399E-05    0.31568E-04    0.16002E-04    0.34401E-03    0.63390E-03    0.12357E-03    0.88886E-03   -0.15709E-02
    0.13982E-04   -0.23691E-03   -0.13871E-04   -0.29635E-04   -0.65564E-02   -0.20359E-03   -0.15709E-02    0.32822E+00
