# omegabh2 omegach2 theta tau mnu logA ns alpha_JLA beta_JLA acib217 acibsz143 asz143 aps100 aps143 aps143217 aps217 aksz kgal100 t1gal143 t1gal143217 t1gal217 galfEE100 galfEE100143 galfEE100217 galfEE143 galfEE143217 galfEE217 galfTE100 galfTE100143 galfTE100217 galfTE143 galfTE143217 galfTE217 calib_100T calib_217T
    0.2031492E-07   -0.6773535E-07    0.1134358E-07    0.6034736E-06    0.9513677E-06    0.1176706E-05    0.2357929E-06   -0.5429486E-08   -0.1005887E-06   -0.1398349E-03   -0.7599603E-04   -0.1253466E-04   -0.9927915E-04    0.2221904E-04    0.1557132E-03    0.1540995E-03   -0.5026434E-04    0.1002857E-03   -0.2055156E-03   -0.2119902E-03   -0.2234105E-03    0.8384764E-07    0.1191098E-06    0.1460557E-06    0.1291306E-06    0.1926027E-06    0.2804357E-06   -0.1274936E-05   -0.1411894E-05   -0.1631313E-05   -0.2426617E-05   -0.3466296E-05   -0.5954305E-05   -0.3337081E-07    0.4079599E-08
   -0.6773535E-07    0.1018698E-05   -0.4706951E-07   -0.7415911E-05   -0.2132105E-04   -0.1238729E-04   -0.2708519E-05    0.4827383E-07   -0.3476355E-06    0.4662156E-03    0.2251855E-03    0.1140885E-04    0.7669054E-03    0.1672197E-03   -0.4196083E-03   -0.5276683E-03    0.1602343E-03    0.3548079E-03    0.4783276E-03    0.6091471E-03    0.7403676E-03   -0.1082463E-05   -0.1135580E-05   -0.1223973E-05   -0.1152597E-05   -0.1037922E-05   -0.1254731E-05    0.6089735E-05    0.6196235E-05    0.5617726E-05    0.1135810E-04    0.1371881E-04    0.1910236E-04   -0.1613273E-07   -0.3555991E-07
    0.1134358E-07   -0.4706951E-07    0.7752097E-07    0.6912833E-06    0.6090879E-07    0.1374871E-05    0.2331487E-06   -0.1683281E-07   -0.3996296E-06   -0.3192165E-04   -0.6489512E-05    0.3948390E-05   -0.2127286E-03   -0.4705941E-04   -0.1156424E-05    0.3383598E-04   -0.3148470E-05    0.2290477E-04   -0.9067969E-04   -0.1036206E-03   -0.1137576E-03    0.5211506E-07    0.5267811E-07   -0.3775081E-08    0.3568092E-07    0.5699068E-07   -0.8911114E-08   -0.9256570E-06   -0.1406720E-06   -0.1029669E-07   -0.4255870E-06   -0.8742808E-06   -0.2003604E-05   -0.1172556E-07    0.6003561E-08
    0.6034736E-06   -0.7415911E-05    0.6912833E-06    0.1564897E-03    0.5171649E-03    0.2944350E-03    0.2616540E-04   -0.1970271E-05    0.6667438E-05   -0.8045207E-02   -0.4661307E-02   -0.7708305E-03   -0.1344815E-01    0.1863828E-02    0.1018714E-01    0.9112622E-02   -0.1929446E-02   -0.4837248E-02   -0.6676882E-02   -0.9666186E-02   -0.1224362E-01    0.1129209E-04    0.1173508E-04    0.1359671E-04    0.1275840E-04    0.1049114E-04    0.1407793E-04   -0.4052175E-04   -0.3487329E-04   -0.4432628E-04   -0.9419998E-04   -0.1138777E-03   -0.1975498E-03    0.4390832E-06    0.6530234E-06
    0.9513677E-06   -0.2132105E-04    0.6090879E-07    0.5171649E-03    0.5865639E-02    0.9760242E-03    0.5797204E-04   -0.6789756E-05   -0.5941652E-05   -0.1209889E-01   -0.1261326E-01   -0.2367583E-02    0.1868058E-01    0.2663979E-01    0.3688138E-01    0.1584618E-01   -0.1564817E-02   -0.2354974E-01   -0.2852068E-01   -0.2657418E-01   -0.2673069E-01    0.4295032E-04    0.2773343E-04    0.4605492E-04    0.3366336E-04    0.2545735E-04    0.4940929E-04   -0.1097996E-03   -0.2417548E-05   -0.6843535E-05   -0.6100102E-04   -0.3792457E-04   -0.2519524E-03    0.5681362E-07   -0.3938177E-06
    0.1176706E-05   -0.1238729E-04    0.1374871E-05    0.2944350E-03    0.9760242E-03    0.5646696E-03    0.4545702E-04   -0.3880239E-05    0.1074447E-04   -0.1619531E-01   -0.9631369E-02   -0.2199508E-02   -0.1522820E-01    0.1078098E-01    0.2602398E-01    0.2331798E-01   -0.4589328E-02   -0.1718307E-01   -0.2955306E-01   -0.3551586E-01   -0.4047310E-01    0.1847465E-04    0.1924366E-04    0.2265150E-04    0.2118587E-04    0.1703769E-04    0.2387659E-04   -0.7374671E-04   -0.5179699E-04   -0.7393542E-04   -0.1523148E-03   -0.1948854E-03   -0.3605277E-03   -0.1103524E-06    0.1187564E-05
    0.2357929E-06   -0.2708519E-05    0.2331487E-06    0.2616540E-04    0.5797204E-04    0.4545702E-04    0.1868085E-04   -0.1205741E-06    0.2268403E-05   -0.9277538E-02   -0.4427467E-02   -0.1476726E-02   -0.5382352E-02    0.6970047E-02    0.1330854E-01    0.1392897E-01   -0.2896551E-02   -0.3125743E-02   -0.6144470E-02   -0.7597903E-02   -0.7627433E-02    0.7417929E-05    0.7642725E-05    0.8958843E-05    0.8407997E-05    0.9285386E-05    0.1018227E-04   -0.2943031E-04   -0.1389148E-04   -0.3355806E-05   -0.2875928E-04   -0.2571946E-04   -0.3811705E-04    0.1724790E-06    0.4054371E-06
   -0.5429486E-08    0.4827383E-07   -0.1683281E-07   -0.1970271E-05   -0.6789756E-05   -0.3880239E-05   -0.1205741E-06    0.4261384E-04   -0.5032070E-04   -0.1463324E-03   -0.1241003E-03    0.1753968E-03   -0.5121353E-02   -0.3708451E-03    0.3849455E-03    0.1383289E-03    0.1707787E-03    0.4166037E-03   -0.9431106E-04    0.4201720E-03    0.9071192E-03    0.5478173E-06   -0.5295646E-07   -0.4673794E-06    0.2707352E-06   -0.5746932E-06   -0.3182382E-05   -0.1051037E-05    0.5106353E-05    0.1617190E-04   -0.1209639E-04   -0.1729538E-05   -0.4593983E-05   -0.6825660E-07   -0.5442437E-07
   -0.1005887E-06   -0.3476355E-06   -0.3996296E-06    0.6667438E-05   -0.5941652E-05    0.1074447E-04    0.2268403E-05   -0.5032070E-04    0.6450730E-02    0.4158055E-02    0.2149322E-02    0.2476980E-02   -0.4150379E-01   -0.1125827E-01   -0.2002751E-03    0.6076854E-03   -0.1097462E-02   -0.1187778E-01   -0.7294568E-02   -0.1691359E-01   -0.2450484E-01    0.1867469E-04    0.1195610E-04    0.2505083E-04    0.7128285E-05   -0.5290577E-06    0.4664090E-04   -0.1481713E-03   -0.1555127E-05    0.1626199E-03    0.1797089E-03    0.2175053E-03    0.4012666E-03    0.1349997E-05    0.8617628E-06
   -0.1398349E-03    0.4662156E-03   -0.3192165E-04   -0.8045207E-02   -0.1209889E-01   -0.1619531E-01   -0.9277538E-02   -0.1463324E-03    0.4158055E-02    0.6204682E+02    0.2374093E+02    0.5302471E+00    0.1507816E+02   -0.1981883E+02   -0.6298677E+02   -0.7650244E+02   -0.3967504E+01   -0.1238729E+01   -0.1026171E+02   -0.1554253E+02   -0.1989425E+02   -0.3666671E-02   -0.3343216E-02   -0.4799168E-02   -0.4170728E-02   -0.4927967E-02   -0.5756512E-02    0.5463966E-02   -0.5571906E-02   -0.6745323E-02    0.1137782E-01    0.4096924E-03   -0.2652389E-01   -0.1508733E-03   -0.2940575E-02
   -0.7599603E-04    0.2251855E-03   -0.6489512E-05   -0.4661307E-02   -0.1261326E-01   -0.9631369E-02   -0.4427467E-02   -0.1241003E-03    0.2149322E-02    0.2374093E+02    0.1752933E+02    0.2268744E+01   -0.1269425E+02   -0.2261904E+02   -0.4243090E+02   -0.2463426E+02   -0.1976242E+01   -0.3436466E+01   -0.7513625E+01   -0.1434786E+02   -0.1576419E+02   -0.1823723E-02   -0.1718081E-02   -0.2079147E-02   -0.2239477E-02   -0.2228056E-02   -0.1561916E-02   -0.1976156E-02   -0.4469802E-03    0.1092169E-01    0.7240701E-02    0.1456909E-01    0.3285781E-01   -0.5262947E-04   -0.1202648E-03
   -0.1253466E-04    0.1140885E-04    0.3948390E-05   -0.7708305E-03   -0.2367583E-02   -0.2199508E-02   -0.1476726E-02    0.1753968E-03    0.2476980E-02    0.5302471E+00    0.2268744E+01    0.6103464E+01   -0.4068702E+02   -0.1738348E+02   -0.4263403E+01    0.9804290E-01   -0.2453237E+00   -0.3532200E+01   -0.1926228E+01    0.1549853E+01    0.1796087E+01   -0.4200827E-03   -0.3159655E-03   -0.5575921E-03   -0.4090905E-03   -0.1142023E-03    0.2234011E-03   -0.9277984E-03   -0.4699553E-03   -0.1003912E-01    0.3841475E-02   -0.1728660E-02    0.1674131E-02   -0.1774537E-03    0.2676260E-03
   -0.9927915E-04    0.7669054E-03   -0.2127286E-03   -0.1344815E-01    0.1868058E-01   -0.1522820E-01   -0.5382352E-02   -0.5121353E-02   -0.4150379E-01    0.1507816E+02   -0.1269425E+02   -0.4068702E+02    0.7368192E+03    0.1721057E+03    0.5972487E+02    0.8655665E+01   -0.1310250E+02   -0.3571726E+02    0.5584024E+00   -0.6962811E+01   -0.4000666E+01   -0.7167861E-02   -0.6337097E-02   -0.9603459E-02   -0.7789906E-02   -0.1529647E-01   -0.2316949E-01   -0.1627509E-01   -0.1247851E-01    0.4675394E-01    0.3039966E-01    0.4897124E-01    0.9393114E-01   -0.9626074E-03   -0.3601011E-02
    0.2221904E-04    0.1672197E-03   -0.4705941E-04    0.1863828E-02    0.2663979E-01    0.1078098E-01    0.6970047E-02   -0.3708451E-03   -0.1125827E-01   -0.1981883E+02   -0.2261904E+02   -0.1738348E+02    0.1721057E+03    0.1155525E+03    0.8659590E+02    0.4667727E+02   -0.1059871E+02   -0.1077018E+01   -0.6219512E+01   -0.2733199E+00    0.3523200E+01    0.1758299E-02    0.7377551E-03    0.1659878E-03    0.6734414E-03   -0.1040058E-02   -0.6526907E-02    0.1297679E-01    0.1754849E-01    0.2384245E-01    0.3487843E-01    0.3075644E-01    0.1130982E-01    0.3217815E-03   -0.1177307E-02
    0.1557132E-03   -0.4196083E-03   -0.1156424E-05    0.1018714E-01    0.3688138E-01    0.2602398E-01    0.1330854E-01    0.3849455E-03   -0.2002751E-03   -0.6298677E+02   -0.4243090E+02   -0.4263403E+01    0.5972487E+02    0.8659590E+02    0.1407954E+03    0.1015150E+03   -0.7258171E+01   -0.3809913E+01    0.2908228E+00    0.1105725E+02    0.1125846E+02    0.4934168E-02    0.4428516E-02    0.4589067E-02    0.5144904E-02    0.5628053E-02    0.4229678E-02    0.6497564E-02    0.1596224E-01   -0.6889448E-02    0.3338475E-01    0.1739948E-01   -0.2188077E-01   -0.2399387E-03    0.1696462E-02
    0.1540995E-03   -0.5276683E-03    0.3383598E-04    0.9112622E-02    0.1584618E-01    0.2331798E-01    0.1392897E-01    0.1383289E-03    0.6076854E-03   -0.7650244E+02   -0.2463426E+02    0.9804290E-01    0.8655665E+01    0.4667727E+02    0.1015150E+03    0.1350786E+03   -0.7416729E+01   -0.9281957E+01   -0.6025643E+01   -0.1152094E+02   -0.1404812E+02    0.4705467E-02    0.4524437E-02    0.6147645E-02    0.5490103E-02    0.7295023E-02    0.1012512E-01   -0.9130308E-02    0.2116606E-01    0.2651235E-01    0.3317176E-01    0.4326388E-01    0.6704853E-01   -0.3276304E-03    0.5485833E-02
   -0.5026434E-04    0.1602343E-03   -0.3148470E-05   -0.1929446E-02   -0.1564817E-02   -0.4589328E-02   -0.2896551E-02    0.1707787E-03   -0.1097462E-02   -0.3967504E+01   -0.1976242E+01   -0.2453237E+00   -0.1310250E+02   -0.1059871E+02   -0.7258171E+01   -0.7416729E+01    0.8155475E+01   -0.1792558E+01   -0.1987146E+01   -0.2345196E+01   -0.2584588E+01   -0.9926835E-03   -0.1036555E-02   -0.7270836E-03   -0.1057307E-02   -0.1224601E-02   -0.1509750E-02    0.7691979E-02    0.7352956E-02    0.8104783E-02   -0.1423567E-02    0.3252340E-02    0.9048577E-02    0.7697636E-04    0.2158334E-03
    0.1002857E-03    0.3548079E-03    0.2290477E-04   -0.4837248E-02   -0.2354974E-01   -0.1718307E-01   -0.3125743E-02    0.4166037E-03   -0.1187778E-01   -0.1238729E+01   -0.3436466E+01   -0.3532200E+01   -0.3571726E+02   -0.1077018E+01   -0.3809913E+01   -0.9281957E+01   -0.1792558E+01    0.1595987E+03    0.6129493E+02    0.5878688E+02    0.5694425E+02   -0.2937154E-03   -0.8556424E-03    0.4440892E-03    0.2714790E-02    0.4993074E-02    0.1445325E-03    0.2485115E-02   -0.7855236E-01   -0.8458270E-01   -0.9864775E-01   -0.1217832E+00   -0.1970210E+00   -0.1325877E-01   -0.3019195E-03
   -0.2055156E-03    0.4783276E-03   -0.9067969E-04   -0.6676882E-02   -0.2852068E-01   -0.2955306E-01   -0.6144470E-02   -0.9431106E-04   -0.7294568E-02   -0.1026171E+02   -0.7513625E+01   -0.1926228E+01    0.5584024E+00   -0.6219512E+01    0.2908228E+00   -0.6025643E+01   -0.1987146E+01    0.6129493E+02    0.1109469E+03    0.1127358E+03    0.1119772E+03    0.7597754E-03    0.7715316E-03    0.8123666E-04    0.1388868E-02    0.1742301E-03   -0.9451317E-03    0.1304114E-01   -0.5385647E-01   -0.8227908E-01   -0.8460569E-01   -0.9042695E-01   -0.1034740E+00    0.2970169E-02    0.2061693E-03
   -0.2119902E-03    0.6091471E-03   -0.1036206E-03   -0.9666186E-02   -0.2657418E-01   -0.3551586E-01   -0.7597903E-02    0.4201720E-03   -0.1691359E-01   -0.1554253E+02   -0.1434786E+02    0.1549853E+01   -0.6962811E+01   -0.2733199E+00    0.1105725E+02   -0.1152094E+02   -0.2345196E+01    0.5878688E+02    0.1127358E+03    0.1513649E+03    0.1747089E+03    0.2381069E-04   -0.5132225E-03   -0.2432622E-02    0.5306309E-03   -0.1578297E-02   -0.8464093E-02    0.1768042E-01   -0.5182460E-01   -0.9050251E-01   -0.9155706E-01   -0.9978195E-01   -0.8164974E-01    0.2788531E-02   -0.4644954E-02
   -0.2234105E-03    0.7403676E-03   -0.1137576E-03   -0.1224362E-01   -0.2673069E-01   -0.4047310E-01   -0.7627433E-02    0.9071192E-03   -0.2450484E-01   -0.1989425E+02   -0.1576419E+02    0.1796087E+01   -0.4000666E+01    0.3523200E+01    0.1125846E+02   -0.1404812E+02   -0.2584588E+01    0.5694425E+02    0.1119772E+03    0.1747089E+03    0.2219984E+03   -0.7639476E-04   -0.1186649E-02   -0.4338911E-02   -0.1228827E-03   -0.2708475E-02   -0.1439913E-01    0.1564344E-01   -0.4981470E-01   -0.6823737E-01   -0.9723469E-01   -0.8347455E-01   -0.1561798E-01    0.2822249E-02   -0.8967954E-02
    0.8384764E-07   -0.1082463E-05    0.5211506E-07    0.1129209E-04    0.4295032E-04    0.1847465E-04    0.7417929E-05    0.5478173E-06    0.1867469E-04   -0.3666671E-02   -0.1823723E-02   -0.4200827E-03   -0.7167861E-02    0.1758299E-02    0.4934168E-02    0.4705467E-02   -0.9926835E-03   -0.2937154E-03    0.7597754E-03    0.2381069E-04   -0.7639476E-04    0.6870697E-04    0.2404690E-04    0.2993238E-04    0.1285979E-04    0.1483881E-04    0.1840768E-04   -0.7649822E-04   -0.5065224E-04   -0.1843371E-04   -0.2683497E-04   -0.8432909E-05   -0.5396144E-04    0.3396582E-06    0.1868026E-06
    0.1191098E-06   -0.1135580E-05    0.5267811E-07    0.1173508E-04    0.2773343E-04    0.1924366E-04    0.7642725E-05   -0.5295646E-07    0.1195610E-04   -0.3343216E-02   -0.1718081E-02   -0.3159655E-03   -0.6337097E-02    0.7377551E-03    0.4428516E-02    0.4524437E-02   -0.1036555E-02   -0.8556424E-03    0.7715316E-03   -0.5132225E-03   -0.1186649E-02    0.2404690E-04    0.4053310E-04    0.3665120E-04    0.2995233E-04    0.3126101E-04    0.3125361E-04   -0.4896414E-04   -0.6457333E-04   -0.3884753E-04   -0.6953984E-04   -0.4707956E-04   -0.4148478E-04    0.4803373E-06    0.2368832E-06
    0.1460557E-06   -0.1223973E-05   -0.3775081E-08    0.1359671E-04    0.4605492E-04    0.2265150E-04    0.8958843E-05   -0.4673794E-06    0.2505083E-04   -0.4799168E-02   -0.2079147E-02   -0.5575921E-03   -0.9603459E-02    0.1659878E-03    0.4589067E-02    0.6147645E-02   -0.7270836E-03    0.4440892E-03    0.8123666E-04   -0.2432622E-02   -0.4338911E-02    0.2993238E-04    0.3665120E-04    0.1178765E-03    0.2556579E-04    0.6003825E-04    0.1159854E-03   -0.7264106E-04   -0.9170070E-04   -0.9939267E-04   -0.7050720E-04   -0.1393976E-03   -0.2921232E-03    0.3231557E-06    0.5542076E-06
    0.1291306E-06   -0.1152597E-05    0.3568092E-07    0.1275840E-04    0.3366336E-04    0.2118587E-04    0.8407997E-05    0.2707352E-06    0.7128285E-05   -0.4170728E-02   -0.2239477E-02   -0.4090905E-03   -0.7789906E-02    0.6734414E-03    0.5144904E-02    0.5490103E-02   -0.1057307E-02    0.2714790E-02    0.1388868E-02    0.5306309E-03   -0.1228827E-03    0.1285979E-04    0.2995233E-04    0.2556579E-04    0.8730787E-04    0.5611488E-04    0.4483610E-04   -0.2358756E-04   -0.4971879E-04   -0.1817116E-04   -0.1301584E-03   -0.1120991E-03   -0.1395835E-03   -0.1270887E-07    0.2581064E-06
    0.1926027E-06   -0.1037922E-05    0.5699068E-07    0.1049114E-04    0.2545735E-04    0.1703769E-04    0.9285386E-05   -0.5746932E-06   -0.5290577E-06   -0.4927967E-02   -0.2228056E-02   -0.1142023E-03   -0.1529647E-01   -0.1040058E-02    0.5628053E-02    0.7295023E-02   -0.1224601E-02    0.4993074E-02    0.1742301E-03   -0.1578297E-02   -0.2708475E-02    0.1483881E-04    0.3126101E-04    0.6003825E-04    0.5611488E-04    0.1259013E-03    0.1630167E-03    0.5342429E-05   -0.4202625E-04   -0.6678072E-04   -0.1346285E-03   -0.1833454E-03   -0.3972370E-03   -0.3239831E-06    0.3886094E-06
    0.2804357E-06   -0.1254731E-05   -0.8911114E-08    0.1407793E-04    0.4940929E-04    0.2387659E-04    0.1018227E-04   -0.3182382E-05    0.4664090E-04   -0.5756512E-02   -0.1561916E-02    0.2234011E-03   -0.2316949E-01   -0.6526907E-02    0.4229678E-02    0.1012512E-01   -0.1509750E-02    0.1445325E-03   -0.9451317E-03   -0.8464093E-02   -0.1439913E-01    0.1840768E-04    0.3125361E-04    0.1159854E-03    0.4483610E-04    0.1630167E-03    0.6673026E-03   -0.6540064E-04   -0.7776855E-04   -0.8713438E-04   -0.1115380E-03   -0.1944415E-03   -0.3384754E-03    0.6055663E-06    0.1373045E-05
   -0.1274936E-05    0.6089735E-05   -0.9256570E-06   -0.4052175E-04   -0.1097996E-03   -0.7374671E-04   -0.2943031E-04   -0.1051037E-05   -0.1481713E-03    0.5463966E-02   -0.1976156E-02   -0.9277984E-03   -0.1627509E-01    0.1297679E-01    0.6497564E-02   -0.9130308E-02    0.7691979E-02    0.2485115E-02    0.1304114E-01    0.1768042E-01    0.1564344E-01   -0.7649822E-04   -0.4896414E-04   -0.7264106E-04   -0.2358756E-04    0.5342429E-05   -0.6540064E-04    0.1163192E-01    0.7288387E-02    0.7732489E-02    0.1330198E-02    0.1238060E-02    0.1503299E-02    0.2246392E-05   -0.3960586E-06
   -0.1411894E-05    0.6196235E-05   -0.1406720E-06   -0.3487329E-04   -0.2417548E-05   -0.5179699E-04   -0.1389148E-04    0.5106353E-05   -0.1555127E-05   -0.5571906E-02   -0.4469802E-03   -0.4699553E-03   -0.1247851E-01    0.1754849E-01    0.1596224E-01    0.2116606E-01    0.7352956E-02   -0.7855236E-01   -0.5385647E-01   -0.5182460E-01   -0.4981470E-01   -0.5065224E-04   -0.6457333E-04   -0.9170070E-04   -0.4971879E-04   -0.4202625E-04   -0.7776855E-04    0.7288387E-02    0.1075099E-01    0.1174424E-01    0.6811257E-02    0.6346959E-02    0.5375416E-02    0.5963233E-05    0.7986551E-06
   -0.1631313E-05    0.5617726E-05   -0.1029669E-07   -0.4432628E-04   -0.6843535E-05   -0.7393542E-04   -0.3355806E-05    0.1617190E-04    0.1626199E-03   -0.6745323E-02    0.1092169E-01   -0.1003912E-01    0.4675394E-01    0.2384245E-01   -0.6889448E-02    0.2651235E-01    0.8104783E-02   -0.8458270E-01   -0.8227908E-01   -0.9050251E-01   -0.6823737E-01   -0.1843371E-04   -0.3884753E-04   -0.9939267E-04   -0.1817116E-04   -0.6678072E-04   -0.8713438E-04    0.7732489E-02    0.1174424E-01    0.2361305E-01    0.3461982E-02    0.1017452E-01    0.2038753E-01    0.6168242E-05   -0.9107072E-06
   -0.2426617E-05    0.1135810E-04   -0.4255870E-06   -0.9419998E-04   -0.6100102E-04   -0.1523148E-03   -0.2875928E-04   -0.1209639E-04    0.1797089E-03    0.1137782E-01    0.7240701E-02    0.3841475E-02    0.3039966E-01    0.3487843E-01    0.3338475E-01    0.3317176E-01   -0.1423567E-02   -0.9864775E-01   -0.8460569E-01   -0.9155706E-01   -0.9723469E-01   -0.2683497E-04   -0.6953984E-04   -0.7050720E-04   -0.1301584E-03   -0.1346285E-03   -0.1115380E-03    0.1330198E-02    0.6811257E-02    0.3461982E-02    0.1834964E-01    0.1646060E-01    0.1118874E-01    0.3189761E-05    0.2045394E-05
   -0.3466296E-05    0.1371881E-04   -0.8742808E-06   -0.1138777E-03   -0.3792457E-04   -0.1948854E-03   -0.2571946E-04   -0.1729538E-05    0.2175053E-03    0.4096924E-03    0.1456909E-01   -0.1728660E-02    0.4897124E-01    0.3075644E-01    0.1739948E-01    0.4326388E-01    0.3252340E-02   -0.1217832E+00   -0.9042695E-01   -0.9978195E-01   -0.8347455E-01   -0.8432909E-05   -0.4707956E-04   -0.1393976E-03   -0.1120991E-03   -0.1833454E-03   -0.1944415E-03    0.1238060E-02    0.6346959E-02    0.1017452E-01    0.1646060E-01    0.2660296E-01    0.3835732E-01    0.6565210E-05    0.7582062E-06
   -0.5954305E-05    0.1910236E-04   -0.2003604E-05   -0.1975498E-03   -0.2519524E-03   -0.3605277E-03   -0.3811705E-04   -0.4593983E-05    0.4012666E-03   -0.2652389E-01    0.3285781E-01    0.1674131E-02    0.9393114E-01    0.1130982E-01   -0.2188077E-01    0.6704853E-01    0.9048577E-02   -0.1970210E+00   -0.1034740E+00   -0.8164974E-01   -0.1561798E-01   -0.5396144E-04   -0.4148478E-04   -0.2921232E-03   -0.1395835E-03   -0.3972370E-03   -0.3384754E-03    0.1503299E-02    0.5375416E-02    0.2038753E-01    0.1118874E-01    0.3835732E-01    0.9886598E-01    0.1378629E-04   -0.9762089E-06
   -0.3337081E-07   -0.1613273E-07   -0.1172556E-07    0.4390832E-06    0.5681362E-07   -0.1103524E-06    0.1724790E-06   -0.6825660E-07    0.1349997E-05   -0.1508733E-03   -0.5262947E-04   -0.1774537E-03   -0.9626074E-03    0.3217815E-03   -0.2399387E-03   -0.3276304E-03    0.7697636E-04   -0.1325877E-01    0.2970169E-02    0.2788531E-02    0.2822249E-02    0.3396582E-06    0.4803373E-06    0.3231557E-06   -0.1270887E-07   -0.3239831E-06    0.6055663E-06    0.2246392E-05    0.5963233E-05    0.6168242E-05    0.3189761E-05    0.6565210E-05    0.1378629E-04    0.2323495E-05    0.3284965E-07
    0.4079599E-08   -0.3555991E-07    0.6003561E-08    0.6530234E-06   -0.3938177E-06    0.1187564E-05    0.4054371E-06   -0.5442437E-07    0.8617628E-06   -0.2940575E-02   -0.1202648E-03    0.2676260E-03   -0.3601011E-02   -0.1177307E-02    0.1696462E-02    0.5485833E-02    0.2158334E-03   -0.3019195E-03    0.2061693E-03   -0.4644954E-02   -0.8967954E-02    0.1868026E-06    0.2368832E-06    0.5542076E-06    0.2581064E-06    0.3886094E-06    0.1373045E-05   -0.3960586E-06    0.7986551E-06   -0.9107072E-06    0.2045394E-05    0.7582062E-06   -0.9762089E-06    0.3284965E-07    0.1263754E-05
