# omegabh2 omegach2 theta tau nnu yhe ns logA aps100 aps143 aps217 acib143 acib217 asz143 psr cibr ncib cal0 cal2 xi aksz bm_1_1 bm_1_2 bm_1_3 bm_1_4 bm_1_5 bm_2_1 bm_2_2 bm_2_3 bm_2_4 bm_2_5 bm_3_1 bm_3_2 bm_3_3 bm_3_4 bm_3_5 bm_4_1 bm_4_2 bm_4_3 bm_4_4 bm_4_5 a_ps_act_148 a_ps_act_217 a_ps_spt_95 a_ps_spt_150 a_ps_spt_220 r_ps_spt_95x150 r_ps_spt_95x220 r_ps_150x220 act_dust_s act_dust_e cal_acts_148 cal_acts_217 cal_acte_148 cal_acte_217 cal_spt_95 cal_spt_150 cal_spt_220
    0.12471E-06   -0.88048E-06    0.34432E-06    0.19058E-05   -0.26445E-04    0.65376E-05    0.31980E-05    0.36562E-05    0.37302E-03    0.38455E-03    0.31155E-03    0.78532E-05   -0.15304E-04    0.13959E-04    0.11450E-05    0.35043E-06   -0.56012E-06    0.47296E-08    0.77011E-08    0.26281E-05    0.20110E-04   -0.48884E-05   -0.17906E-04    0.29020E-05    0.56719E-05   -0.41572E-05    0.10645E-04   -0.13376E-04    0.48968E-05   -0.91696E-05   -0.10314E-04   -0.68657E-05    0.12316E-04    0.10330E-04    0.55956E-05   -0.98283E-05    0.19870E-05    0.77123E-05   -0.82675E-05   -0.27416E-05    0.11372E-04   -0.33300E-05   -0.41535E-04   -0.18169E-04   -0.15699E-04   -0.68125E-04    0.13146E-06    0.12068E-05    0.15112E-06   -0.86462E-06   -0.25364E-05   -0.12450E-06   -0.14285E-06   -0.19489E-06   -0.22238E-06   -0.49055E-06   -0.41998E-06   -0.51692E-06
   -0.88048E-06    0.54807E-04   -0.11922E-04   -0.21193E-04    0.29462E-02   -0.17798E-03   -0.17057E-04    0.26156E-04    0.36369E-02   -0.43036E-02   -0.19507E-02   -0.13989E-03   -0.22804E-03   -0.14800E-03   -0.22591E-04   -0.89224E-05    0.80249E-05    0.52460E-07    0.30335E-07   -0.17683E-04   -0.82763E-03    0.30790E-03    0.92983E-04    0.96909E-04   -0.27135E-03   -0.14476E-03    0.92579E-04    0.16661E-03   -0.32486E-03    0.25244E-03   -0.27639E-04    0.88703E-05   -0.99552E-04    0.10293E-03   -0.21350E-03    0.18254E-03    0.97466E-04   -0.35088E-04    0.40638E-05    0.44198E-03   -0.36150E-04    0.16397E-03    0.12321E-02    0.82578E-04    0.42249E-03    0.18970E-02    0.98812E-05    0.28312E-07   -0.24295E-05    0.83261E-05    0.12041E-04    0.95156E-06    0.23437E-05    0.24193E-05    0.25701E-05    0.73064E-05    0.69555E-05    0.54347E-05
    0.34432E-06   -0.11922E-04    0.34546E-05    0.68731E-05   -0.66669E-03    0.54372E-04    0.91224E-05    0.30197E-05    0.15308E-02    0.40632E-02    0.33943E-02    0.36546E-04   -0.19624E-03    0.14480E-04    0.96204E-05    0.50419E-05   -0.66828E-05   -0.28658E-08    0.11595E-07    0.22578E-04    0.36636E-03   -0.11800E-04   -0.43809E-05   -0.14501E-04    0.64056E-04    0.22663E-04   -0.45787E-05   -0.32977E-04    0.58543E-04   -0.51115E-04   -0.60952E-05   -0.87410E-05    0.59327E-04   -0.23432E-04    0.44222E-04   -0.62386E-04   -0.15184E-04    0.20633E-04    0.20180E-05   -0.77204E-04    0.19705E-04   -0.60280E-04   -0.53336E-03   -0.15623E-03   -0.18517E-03   -0.67434E-03    0.20960E-05    0.81898E-05    0.76996E-06    0.52890E-05   -0.31575E-05   -0.15764E-05   -0.23855E-05   -0.21028E-05   -0.23268E-05   -0.49009E-05   -0.43852E-05   -0.28930E-05
    0.19058E-05   -0.21193E-04    0.68731E-05    0.20528E-03   -0.56602E-03    0.13072E-03    0.75810E-04    0.39531E-03   -0.13824E-01    0.42510E-02    0.79514E-02   -0.22013E-03   -0.58575E-03    0.49154E-03    0.20766E-04   -0.61018E-05    0.81616E-05   -0.40767E-08   -0.11480E-06   -0.11284E-03   -0.44294E-03   -0.19205E-03   -0.66663E-03    0.45926E-03   -0.17068E-03    0.19330E-03    0.45920E-03   -0.40651E-03    0.63589E-03    0.28513E-04    0.10562E-03    0.27338E-03   -0.12908E-03   -0.50426E-04   -0.15796E-03    0.19077E-03    0.38724E-03    0.41906E-03   -0.28513E-03   -0.47718E-03    0.48421E-03   -0.30502E-03   -0.10905E-02   -0.37680E-03   -0.40085E-03   -0.15535E-02   -0.38804E-04   -0.24889E-04    0.57810E-05    0.12738E-04    0.28896E-04   -0.41106E-05   -0.25575E-05   -0.15610E-05   -0.56359E-05   -0.46411E-05   -0.95164E-05   -0.10914E-04
   -0.26445E-04    0.29462E-02   -0.66669E-03   -0.56602E-03    0.17962E+00   -0.10017E-01    0.14058E-03    0.23541E-02    0.32688E+00   -0.24421E+00   -0.12912E+00   -0.68320E-02   -0.18577E-01   -0.11403E-01   -0.11203E-02   -0.64053E-03    0.33703E-03    0.39825E-05    0.34782E-06    0.35275E-03   -0.32210E-01    0.14070E-01    0.10871E-02    0.53579E-02   -0.13309E-01   -0.66611E-02    0.93891E-02    0.24641E-02   -0.16952E-01    0.10928E-01   -0.35718E-02    0.73791E-03   -0.51450E-03    0.63373E-02   -0.10492E-01    0.10810E-01    0.86319E-02    0.51731E-03   -0.50203E-02    0.24245E-01   -0.47008E-03    0.84667E-02    0.66534E-01    0.78804E-02    0.23557E-01    0.10112E+00    0.38952E-03   -0.13598E-03   -0.86272E-04   -0.37741E-03    0.57780E-03    0.54277E-04    0.18385E-03    0.15269E-03    0.17169E-03    0.40810E-03    0.39251E-03    0.22130E-03
    0.65376E-05   -0.17798E-03    0.54372E-04    0.13072E-03   -0.10017E-01    0.10309E-02    0.21589E-03    0.15202E-03    0.49138E-01    0.10791E+00    0.87691E-01    0.29663E-03   -0.49656E-02   -0.35151E-03    0.23874E-03    0.13290E-03   -0.13629E-03   -0.29490E-07   -0.41616E-06    0.63264E-03    0.88841E-02    0.22621E-03    0.26730E-04    0.61404E-04    0.10699E-02    0.32233E-03   -0.60022E-03   -0.49400E-03    0.75263E-03   -0.86131E-03   -0.39840E-03    0.11099E-04    0.96394E-03   -0.19621E-03    0.75170E-03   -0.74453E-03   -0.52965E-03    0.25829E-03    0.81201E-04   -0.10943E-02    0.11935E-04   -0.16185E-02   -0.13262E-01   -0.49898E-02   -0.40819E-02   -0.17863E-01    0.92464E-04    0.25169E-03    0.26537E-04    0.10043E-03   -0.34125E-04   -0.48993E-04   -0.62270E-04   -0.59206E-04   -0.61679E-04   -0.12896E-03   -0.11453E-03   -0.78943E-04
    0.31980E-05   -0.17057E-04    0.91224E-05    0.75810E-04    0.14058E-03    0.21589E-03    0.14930E-03    0.16202E-03    0.65231E-02    0.26520E-01    0.25556E-01   -0.29395E-04   -0.21618E-02   -0.93262E-05    0.61168E-04    0.19001E-04   -0.34655E-04   -0.15168E-07    0.18293E-06    0.18336E-03    0.23461E-02    0.15703E-03   -0.45649E-03    0.56006E-04    0.10321E-03    0.70076E-04    0.54150E-03   -0.31467E-03    0.12243E-03   -0.13441E-03   -0.35860E-03    0.88515E-04    0.61636E-03   -0.15781E-03    0.26480E-03   -0.10813E-03    0.37261E-03    0.52229E-03   -0.25868E-03    0.26831E-04    0.23419E-03   -0.44076E-03   -0.32130E-02   -0.14766E-02   -0.10473E-02   -0.50664E-02    0.22506E-04    0.72956E-04    0.10611E-04    0.28162E-05   -0.17616E-04   -0.14097E-04   -0.17301E-04   -0.15354E-04   -0.16929E-04   -0.36163E-04   -0.32382E-04   -0.29008E-04
    0.36562E-05    0.26156E-04    0.30197E-05    0.39531E-03    0.23541E-02    0.15202E-03    0.16202E-03    0.88110E-03   -0.19638E-01    0.22832E-01    0.31945E-01   -0.72910E-03   -0.22541E-02    0.86084E-03    0.52444E-04    0.24408E-05    0.15696E-04    0.17213E-06   -0.33044E-07   -0.18774E-03   -0.94147E-03    0.80742E-03   -0.98363E-03    0.10888E-02   -0.48377E-03    0.15968E-03    0.12797E-02   -0.46207E-03    0.80581E-03    0.31061E-03    0.24954E-04    0.62169E-03   -0.23232E-03    0.13241E-03   -0.55971E-03    0.43282E-03    0.11025E-02    0.94871E-03   -0.40769E-03   -0.29263E-03    0.87553E-03   -0.68372E-03   -0.33860E-02   -0.18040E-02   -0.95496E-03   -0.38696E-02   -0.43185E-04   -0.66027E-06    0.12541E-04    0.76055E-04    0.86234E-04   -0.16767E-04   -0.16058E-04   -0.11558E-04   -0.21896E-04   -0.24738E-04   -0.32372E-04   -0.29450E-04
    0.37302E-03    0.36369E-02    0.15308E-02   -0.13824E-01    0.32688E+00    0.49138E-01    0.65231E-02   -0.19638E-01    0.16197E+04    0.94260E+02    0.31131E+02    0.44126E+00   -0.99509E+01   -0.12915E+02   -0.12826E+00   -0.15555E+00   -0.20766E+00    0.16796E-02   -0.29795E-02    0.18310E+01    0.11720E+02    0.16982E+02   -0.64189E+01   -0.33345E+00   -0.68063E+00   -0.56059E+00   -0.19764E+01   -0.46303E+01   -0.28241E+01   -0.12542E+01   -0.10283E+01   -0.63111E+00    0.66653E+00    0.10130E+01   -0.27826E+01   -0.29493E+01   -0.65248E+00   -0.38866E+01   -0.24214E+01    0.90640E+00    0.15949E+01   -0.73416E-01    0.34781E+01    0.47570E+01   -0.68940E+00    0.63268E+01    0.66293E-01   -0.32579E+00   -0.52658E-01    0.10272E+00   -0.17833E+00   -0.33979E-01    0.13203E-01   -0.29903E-01   -0.64260E-03   -0.59265E-01   -0.22684E-01    0.47682E-02
    0.38455E-03   -0.43036E-02    0.40632E-02    0.42510E-02   -0.24421E+00    0.10791E+00    0.26520E-01    0.22832E-01    0.94260E+02    0.81053E+02    0.32321E+02    0.26242E+00   -0.14653E+01   -0.21430E+01    0.57616E-01    0.60602E-01   -0.68612E-01    0.33412E-04   -0.12151E-02    0.37886E+00    0.22980E+01    0.99839E-01    0.11134E+00    0.16432E+00    0.16722E+00    0.22491E-02   -0.12428E+00   -0.57556E+00   -0.33793E+00    0.64248E-01    0.20447E-01   -0.14161E+00    0.23106E+00   -0.30134E+00   -0.22988E+00    0.11242E+00   -0.27868E-01   -0.45459E+00   -0.50776E+00   -0.35174E-01    0.13741E+00    0.67719E-01   -0.26778E+01   -0.52869E+00   -0.80839E+00   -0.31374E+01    0.55812E-01    0.21605E-01   -0.27085E-01   -0.39791E-01   -0.13101E-01   -0.22331E-01   -0.14898E-01   -0.21886E-01   -0.15955E-01   -0.48082E-01   -0.35489E-01   -0.16085E-01
    0.31155E-03   -0.19507E-02    0.33943E-02    0.79514E-02   -0.12912E+00    0.87691E-01    0.25556E-01    0.31945E-01    0.31131E+02    0.32321E+02    0.10808E+03   -0.10685E+01   -0.34085E+02    0.22802E+00   -0.30860E+00   -0.18351E-01   -0.45827E+00    0.66714E-05   -0.34590E-03    0.18785E+00    0.22003E+01    0.77498E-01    0.39936E+00   -0.16111E+00   -0.10794E+00   -0.94729E-01   -0.40516E+00    0.15597E+00   -0.45155E+00   -0.16466E+00    0.20318E+00    0.23159E+00    0.24997E+00   -0.24150E+00    0.45828E+00    0.72389E+00   -0.31681E-01   -0.31685E+00    0.42547E-01    0.34582E+00   -0.39657E+00   -0.17378E+00    0.15615E+02   -0.16595E+01   -0.58608E-01    0.63648E+01   -0.29449E-01   -0.38241E-01    0.71466E-02    0.10760E+00    0.94727E-01   -0.15899E-01   -0.36511E-01   -0.14029E-01   -0.37005E-01   -0.21046E-01   -0.23076E-01   -0.62875E-01
    0.78532E-05   -0.13989E-03    0.36546E-04   -0.22013E-03   -0.68320E-02    0.29663E-03   -0.29395E-04   -0.72910E-03    0.44126E+00    0.26242E+00   -0.10685E+01    0.62631E+00    0.11052E+01    0.51787E+00    0.27420E-02   -0.16313E-02   -0.37215E-02   -0.10419E-04    0.97557E-04    0.51804E-02   -0.83367E+00   -0.63378E-02   -0.26169E-01   -0.31669E-02    0.14108E-01    0.30102E-01   -0.25391E-02    0.22207E-01   -0.10825E-01    0.36437E-01    0.81797E-02    0.29197E-01   -0.71340E-02   -0.28646E-01    0.32435E-02    0.47662E-02    0.19639E-01   -0.78111E-02    0.32539E-01    0.23937E-01    0.32748E-01    0.82619E-01   -0.52685E-01   -0.22087E+00    0.19773E-02   -0.27894E-01    0.46929E-01    0.46152E-01   -0.42340E-02   -0.15502E-02   -0.33582E-02    0.15347E-03    0.80665E-03    0.30520E-03    0.25218E-03   -0.97122E-03    0.61882E-03    0.15492E-02
   -0.15304E-04   -0.22804E-03   -0.19624E-03   -0.58575E-03   -0.18577E-01   -0.49656E-02   -0.21618E-02   -0.22541E-02   -0.99509E+01   -0.14653E+01   -0.34085E+02    0.11052E+01    0.20116E+02    0.17148E+01    0.19144E+00    0.31180E-01    0.26673E+00   -0.42387E-04    0.16521E-03   -0.39774E+00   -0.39569E+01    0.65885E-01   -0.17817E+00    0.85748E-01    0.17275E+00   -0.17992E-01    0.16955E+00   -0.14429E-01    0.67255E-01    0.26612E+00   -0.20671E+00   -0.86525E-01   -0.37884E+00   -0.74524E-01   -0.23458E+00   -0.38885E+00    0.25125E-01    0.86930E-01   -0.19136E-02    0.58767E-03    0.30920E+00   -0.24840E+00   -0.10844E+02   -0.56975E-02   -0.60205E+00   -0.69788E+01    0.53201E-01    0.54673E-01   -0.11058E-01   -0.36460E-01   -0.36497E-01    0.84146E-03    0.85552E-02    0.27838E-03    0.86016E-02   -0.17078E-02   -0.12044E-02    0.19665E-01
    0.13959E-04   -0.14800E-03    0.14480E-04    0.49154E-03   -0.11403E-01   -0.35151E-03   -0.93262E-05    0.86084E-03   -0.12915E+02   -0.21430E+01    0.22802E+00    0.51787E+00    0.17148E+01    0.17896E+01    0.15395E-01    0.21030E-01    0.12132E-01   -0.97336E-05   -0.47283E-04   -0.19578E+00   -0.21585E+01    0.41098E-01   -0.17031E-01   -0.24045E-01    0.59493E-01    0.26802E-01    0.86632E-01    0.11574E-01   -0.23429E-01   -0.15509E-01    0.14340E-01   -0.10910E-01   -0.98969E-02   -0.55636E-01    0.54971E-01    0.86023E-02    0.63323E-01    0.30172E-02    0.26659E-02    0.64288E-02    0.11223E-01   -0.47755E-01   -0.64940E+00   -0.70147E+00   -0.80975E-01   -0.10079E+01    0.38831E-01    0.62698E-01   -0.15447E-02   -0.32355E-02    0.41017E-02    0.59958E-03   -0.21093E-02    0.93420E-03   -0.24504E-02    0.38577E-02    0.92986E-03   -0.23819E-02
    0.11450E-05   -0.22591E-04    0.96204E-05    0.20766E-04   -0.11203E-02    0.23874E-03    0.61168E-04    0.52444E-04   -0.12826E+00    0.57616E-01   -0.30860E+00    0.27420E-02    0.19144E+00    0.15395E-01    0.39229E-02    0.39253E-04    0.27020E-02    0.11133E-06   -0.23025E-05   -0.10881E-02   -0.13507E-01    0.74714E-03    0.26720E-02    0.16835E-02    0.24175E-02   -0.16681E-02    0.35298E-02   -0.54617E-02    0.39187E-02   -0.28228E-02   -0.41582E-03    0.53789E-03    0.12220E-02   -0.95355E-03    0.63298E-03   -0.12843E-02    0.25637E-02    0.25796E-02   -0.40085E-02   -0.57483E-02   -0.24158E-02   -0.15405E-03   -0.14002E+00   -0.87406E-02   -0.38907E-02   -0.91193E-01    0.47745E-03    0.15327E-02    0.32158E-03   -0.47285E-03   -0.48781E-04   -0.34865E-04   -0.84436E-05   -0.45718E-04   -0.60556E-05   -0.68838E-04   -0.93442E-04    0.12184E-03
    0.35043E-06   -0.89224E-05    0.50419E-05   -0.61018E-05   -0.64053E-03    0.13290E-03    0.19001E-04    0.24408E-05   -0.15555E+00    0.60602E-01   -0.18351E-01   -0.16313E-02    0.31180E-01    0.21030E-01    0.39253E-04    0.30675E-02   -0.27257E-03    0.42593E-06    0.40022E-05   -0.99940E-03   -0.13266E-01   -0.37624E-03   -0.16302E-02   -0.65397E-03    0.21886E-02    0.21043E-02   -0.25960E-02   -0.90811E-03   -0.12127E-02    0.22523E-02   -0.75689E-03    0.27242E-02   -0.63204E-04    0.17140E-02    0.51712E-03   -0.30120E-03   -0.48788E-04   -0.68615E-03   -0.15803E-03    0.20884E-02    0.24889E-02    0.52528E-02   -0.36762E-04   -0.12592E-01    0.21306E-02    0.11000E-02    0.21131E-03    0.15198E-02   -0.42057E-03   -0.94905E-04   -0.35112E-03   -0.56356E-05    0.36477E-04   -0.12172E-04    0.38124E-04    0.73641E-04   -0.24503E-04    0.74078E-04
   -0.56012E-06    0.80249E-05   -0.66828E-05    0.81616E-05    0.33703E-03   -0.13629E-03   -0.34655E-04    0.15696E-04   -0.20766E+00   -0.68612E-01   -0.45827E+00   -0.37215E-02    0.26673E+00    0.12132E-01    0.27020E-02   -0.27257E-03    0.49409E-02   -0.75996E-06   -0.59480E-05   -0.59473E-02   -0.30210E-01    0.43564E-02   -0.44116E-02    0.49274E-03    0.17412E-03   -0.23433E-02    0.48636E-02    0.24262E-02   -0.86248E-03    0.66221E-02   -0.63917E-02   -0.66396E-02   -0.11539E-01   -0.81897E-03   -0.65657E-02   -0.84681E-02   -0.17297E-02    0.11542E-02    0.25429E-02    0.35468E-02    0.85515E-02   -0.78014E-02   -0.18064E+00    0.44095E-02   -0.92351E-02   -0.12317E+00   -0.59106E-03   -0.42793E-03    0.24761E-03   -0.42914E-03   -0.29224E-03    0.17552E-04    0.58284E-04    0.12063E-04    0.76581E-04    0.37292E-04   -0.22225E-04    0.21593E-03
    0.47296E-08    0.52460E-07   -0.28658E-08   -0.40767E-08    0.39825E-05   -0.29490E-07   -0.15168E-07    0.17213E-06    0.16796E-02    0.33412E-04    0.66714E-05   -0.10419E-04   -0.42387E-04   -0.97336E-05    0.11133E-06    0.42593E-06   -0.75996E-06    0.16067E-06   -0.47904E-08    0.14689E-05    0.18354E-04   -0.33498E-04   -0.18818E-04   -0.67745E-05    0.65945E-05    0.20637E-04    0.90928E-05   -0.79232E-05   -0.65190E-05   -0.77376E-05    0.50667E-05    0.94717E-05    0.84488E-05    0.20393E-04    0.80828E-05    0.92593E-05    0.15327E-04   -0.12334E-05   -0.38561E-05    0.56535E-05   -0.32443E-05   -0.11930E-06    0.47480E-04    0.22986E-04    0.47515E-05    0.59319E-04   -0.15546E-05   -0.12675E-05    0.12913E-06    0.28702E-05   -0.72753E-06   -0.59914E-07    0.11828E-06    0.94761E-08    0.76548E-07   -0.80242E-07    0.11178E-06    0.92264E-07
    0.77011E-08    0.30335E-07    0.11595E-07   -0.11480E-06    0.34782E-06   -0.41616E-06    0.18293E-06   -0.33044E-07   -0.29795E-02   -0.12151E-02   -0.34590E-03    0.97557E-04    0.16521E-03   -0.47283E-04   -0.23025E-05    0.40022E-05   -0.59480E-05   -0.47904E-08    0.11020E-05    0.15808E-04   -0.10613E-04    0.77194E-04    0.56290E-04    0.70392E-05    0.34445E-04    0.73872E-05    0.38181E-03    0.34385E-04    0.24656E-04   -0.13047E-05    0.52145E-04   -0.36839E-03   -0.28414E-05   -0.46354E-04    0.24480E-04   -0.70451E-05    0.29693E-04    0.83179E-04   -0.50043E-04   -0.83782E-04    0.27104E-04    0.36495E-04    0.28602E-03    0.48329E-04    0.33419E-04    0.20918E-03    0.68119E-05    0.56190E-05   -0.23222E-05    0.68171E-05    0.85336E-05    0.43066E-06    0.14639E-05    0.38541E-06    0.13335E-05    0.59336E-06    0.91392E-06    0.12992E-05
    0.26281E-05   -0.17683E-04    0.22578E-04   -0.11284E-03    0.35275E-03    0.63264E-03    0.18336E-03   -0.18774E-03    0.18310E+01    0.37886E+00    0.18785E+00    0.51804E-02   -0.39774E+00   -0.19578E+00   -0.10881E-02   -0.99940E-03   -0.59473E-02    0.14689E-05    0.15808E-04    0.73370E-01    0.38578E+00    0.67509E-03    0.75016E-03    0.41912E-02   -0.16873E-01   -0.63227E-02   -0.13249E-01   -0.56745E-02    0.20582E-03    0.46302E-02   -0.60511E-02    0.20619E-02    0.41002E-02    0.11227E-01   -0.93753E-02    0.34220E-02   -0.89494E-02   -0.11288E-02    0.46513E-03    0.43477E-02    0.57917E-03    0.64216E-01    0.16847E+00    0.40396E-02    0.56919E-01    0.22299E+00    0.51158E-02    0.92845E-02    0.11552E-02    0.38757E-03   -0.73306E-03   -0.57575E-04    0.23896E-03   -0.90652E-04    0.20694E-03   -0.53712E-03   -0.20972E-04    0.66590E-03
    0.20110E-04   -0.82763E-03    0.36636E-03   -0.44294E-03   -0.32210E-01    0.88841E-02    0.23461E-02   -0.94147E-03    0.11720E+02    0.22980E+01    0.22003E+01   -0.83367E+00   -0.39569E+01   -0.21585E+01   -0.13507E-01   -0.13266E-01   -0.30210E-01    0.18354E-04   -0.10613E-04    0.38578E+00    0.42919E+01   -0.34627E-02    0.27208E-01    0.13835E-01   -0.10453E+00   -0.37640E-01   -0.68817E-01   -0.84208E-02    0.21618E-01   -0.29153E-01   -0.48376E-01   -0.84742E-02    0.30523E-01    0.12895E+00   -0.71246E-01    0.13857E-01   -0.65827E-01    0.12845E-01    0.19695E-01   -0.19778E-02   -0.44268E-01    0.45314E-01    0.91592E+00    0.21261E+00    0.17246E+00    0.14684E+01   -0.36597E-01   -0.17599E-01    0.16373E-01    0.15886E-02   -0.86636E-02   -0.37369E-03    0.12443E-02   -0.89379E-03    0.14817E-02   -0.22972E-02   -0.92462E-03    0.26166E-02
   -0.48884E-05    0.30790E-03   -0.11800E-04   -0.19205E-03    0.14070E-01    0.22621E-03    0.15703E-03    0.80742E-03    0.16982E+02    0.99839E-01    0.77498E-01   -0.63378E-02    0.65885E-01    0.41098E-01    0.74714E-03   -0.37624E-03    0.43564E-02   -0.33498E-04    0.77194E-04    0.67509E-03   -0.34627E-02    0.69774E+00   -0.13352E+00   -0.66507E-02    0.13044E-01    0.87284E-03    0.20973E+00   -0.63048E-01   -0.39355E-01   -0.13661E-01   -0.76752E-01    0.35579E-01    0.15322E-01   -0.23135E-01   -0.62505E-01   -0.11186E+00    0.18454E+00    0.44761E-01   -0.35956E-01    0.42152E-01    0.52281E-01   -0.81928E-02   -0.19446E+00   -0.72322E-01   -0.16005E-01   -0.14860E+00    0.26605E-02    0.45863E-02    0.82649E-03    0.21705E-02    0.39300E-03    0.44127E-04   -0.18459E-03   -0.41163E-04   -0.55100E-03    0.44781E-03   -0.44635E-05   -0.16815E-03
   -0.17906E-04    0.92983E-04   -0.43809E-05   -0.66663E-03    0.10871E-02    0.26730E-04   -0.45649E-03   -0.98363E-03   -0.64189E+01    0.11134E+00    0.39936E+00   -0.26169E-01   -0.17817E+00   -0.17031E-01    0.26720E-02   -0.16302E-02   -0.44116E-02   -0.18818E-04    0.56290E-04    0.75016E-03    0.27208E-01   -0.13352E+00    0.90686E+00    0.11734E-01   -0.27484E-01   -0.10634E-01   -0.13094E+00    0.18083E+00    0.55785E-01   -0.18805E-01    0.25328E-01   -0.15416E+00    0.25794E-01    0.24455E-01   -0.40698E-01    0.16456E+00   -0.22961E+00    0.37053E-01    0.94815E-01    0.16521E-01   -0.19715E+00   -0.38470E-02    0.58165E-01   -0.13251E-01   -0.13670E-02   -0.85971E-01   -0.11292E-02   -0.15970E-02    0.75039E-03    0.28896E-02    0.47471E-02   -0.21712E-03   -0.28106E-03   -0.32303E-03   -0.26332E-03   -0.22436E-03   -0.57725E-03   -0.32956E-03
    0.29020E-05    0.96909E-04   -0.14501E-04    0.45926E-03    0.53579E-02    0.61404E-04    0.56006E-04    0.10888E-02   -0.33345E+00    0.16432E+00   -0.16111E+00   -0.31669E-02    0.85748E-01   -0.24045E-01    0.16835E-02   -0.65397E-03    0.49274E-03   -0.67745E-05    0.70392E-05    0.41912E-02    0.13835E-01   -0.66507E-02    0.11734E-01    0.10213E+01    0.16706E-01    0.23245E-01   -0.28522E-01   -0.37129E-01    0.15895E+00   -0.44108E-02    0.96961E-01   -0.20951E-01    0.19248E-01    0.11605E-01   -0.45730E-01    0.12450E+00   -0.51208E-01    0.24128E-01    0.80047E-02   -0.16722E+00    0.10639E+00    0.68215E-02   -0.83343E-01   -0.10906E-01    0.43855E-02    0.94708E-02    0.47193E-03    0.65208E-03   -0.23125E-03   -0.46017E-02   -0.27765E-02   -0.22958E-03    0.15947E-03   -0.23281E-03   -0.30633E-03   -0.82718E-03   -0.27612E-03    0.20916E-03
    0.56719E-05   -0.27135E-03    0.64056E-04   -0.17068E-03   -0.13309E-01    0.10699E-02    0.10321E-03   -0.48377E-03   -0.68063E+00    0.16722E+00   -0.10794E+00    0.14108E-01    0.17275E+00    0.59493E-01    0.24175E-02    0.21886E-02    0.17412E-03    0.65945E-05    0.34445E-04   -0.16873E-01   -0.10453E+00    0.13044E-01   -0.27484E-01    0.16706E-01    0.98995E+00    0.19149E-01    0.98759E-01   -0.70232E-01    0.89917E-01   -0.14566E+00    0.63617E-01    0.32624E-01    0.14000E+00    0.70078E-01    0.18274E+00   -0.11029E+00    0.88362E-01    0.64578E-01    0.18832E-01   -0.12888E+00    0.20152E-01   -0.10619E-01   -0.33407E-01    0.27064E-01   -0.79371E-03   -0.99335E-01   -0.15505E-02   -0.32397E-02   -0.69089E-03    0.21603E-02    0.66243E-02    0.26571E-04    0.21325E-03   -0.52986E-04   -0.11969E-03   -0.21364E-03   -0.24975E-04   -0.47987E-03
   -0.41572E-05   -0.14476E-03    0.22663E-04    0.19330E-03   -0.66611E-02    0.32233E-03    0.70076E-04    0.15968E-03   -0.56059E+00    0.22491E-02   -0.94729E-01    0.30102E-01   -0.17992E-01    0.26802E-01   -0.16681E-02    0.21043E-02   -0.23433E-02    0.20637E-04    0.73872E-05   -0.63227E-02   -0.37640E-01    0.87284E-03   -0.10634E-01    0.23245E-01    0.19149E-01    0.10281E+01    0.45534E-01    0.48162E-01   -0.57200E-01    0.63392E-01    0.86117E-01    0.70119E-01   -0.50933E-01   -0.11009E+00    0.82865E-01    0.50926E-01    0.11086E+00   -0.85335E-01    0.85955E-01   -0.19171E-01    0.39410E-01    0.48889E-02    0.51560E-01    0.13387E-01   -0.27386E-02    0.69771E-01    0.10873E-02    0.12896E-02   -0.12937E-02    0.36043E-02   -0.37749E-02    0.22953E-03   -0.28492E-04   -0.11121E-03   -0.12751E-04    0.35965E-03   -0.13342E-03   -0.58642E-04
    0.10645E-04    0.92579E-04   -0.45787E-05    0.45920E-03    0.93891E-02   -0.60022E-03    0.54150E-03    0.12797E-02   -0.19764E+01   -0.12428E+00   -0.40516E+00   -0.25391E-02    0.16955E+00    0.86632E-01    0.35298E-02   -0.25960E-02    0.48636E-02    0.90928E-05    0.38181E-03   -0.13249E-01   -0.68817E-01    0.20973E+00   -0.13094E+00   -0.28522E-01    0.98759E-01    0.45534E-01    0.76943E+00   -0.38421E-01    0.22426E-01   -0.25936E-01   -0.28411E-01    0.11812E+00    0.93598E-01   -0.96075E-01    0.16959E-01   -0.68840E-01    0.63893E+00    0.24476E+00   -0.51897E-01   -0.50187E-01    0.78649E-01   -0.13717E-01   -0.40800E-01   -0.28481E-01   -0.11252E-02   -0.63722E-01   -0.66813E-03    0.98445E-03    0.16010E-02    0.53009E-02    0.25666E-02    0.59720E-03    0.33172E-03    0.43215E-03    0.15841E-03    0.85651E-03    0.55950E-03    0.43291E-04
   -0.13376E-04    0.16661E-03   -0.32977E-04   -0.40651E-03    0.24641E-02   -0.49400E-03   -0.31467E-03   -0.46207E-03   -0.46303E+01   -0.57556E+00    0.15597E+00    0.22207E-01   -0.14429E-01    0.11574E-01   -0.54617E-02   -0.90811E-03    0.24262E-02   -0.79232E-05    0.34385E-04   -0.56745E-02   -0.84208E-02   -0.63048E-01    0.18083E+00   -0.37129E-01   -0.70232E-01    0.48162E-01   -0.38421E-01    0.96451E+00    0.10872E-01   -0.72355E-02    0.20779E-01    0.81152E-01   -0.48125E-02   -0.42781E-01   -0.30801E-01    0.15999E+00   -0.69898E-01    0.22569E+00    0.78111E+00    0.29008E+00   -0.16888E+00   -0.52622E-02   -0.16255E-01    0.27071E-01   -0.40571E-02   -0.26299E-01    0.69285E-03    0.14684E-03    0.14445E-03    0.39469E-03   -0.37752E-02    0.14076E-03   -0.56253E-04    0.41695E-03    0.12531E-03    0.34512E-03    0.18707E-03    0.54759E-03
    0.48968E-05   -0.32486E-03    0.58543E-04    0.63589E-03   -0.16952E-01    0.75263E-03    0.12243E-03    0.80581E-03   -0.28241E+01   -0.33793E+00   -0.45155E+00   -0.10825E-01    0.67255E-01   -0.23429E-01    0.39187E-02   -0.12127E-02   -0.86248E-03   -0.65190E-05    0.24656E-04    0.20582E-03    0.21618E-01   -0.39355E-01    0.55785E-01    0.15895E+00    0.89917E-01   -0.57200E-01    0.22426E-01    0.10872E-01    0.10097E+01   -0.11044E-02   -0.21086E-01    0.72058E-01   -0.50068E-01    0.14143E+00    0.14654E+00   -0.14353E+00   -0.19311E+00    0.67118E+00    0.13595E+00   -0.60890E+00    0.17689E+00   -0.76723E-02   -0.56086E-01    0.50356E-01    0.43835E-02   -0.28514E-01   -0.12593E-02   -0.11305E-02    0.64441E-03   -0.26617E-02    0.64612E-02   -0.27824E-04   -0.38049E-03    0.26606E-04   -0.28203E-03    0.10506E-03    0.10376E-03   -0.47735E-03
   -0.91696E-05    0.25244E-03   -0.51115E-04    0.28513E-04    0.10928E-01   -0.86131E-03   -0.13441E-03    0.31061E-03   -0.12542E+01    0.64248E-01   -0.16466E+00    0.36437E-01    0.26612E+00   -0.15509E-01   -0.28228E-02    0.22523E-02    0.66221E-02   -0.77376E-05   -0.13047E-05    0.46302E-02   -0.29153E-01   -0.13661E-01   -0.18805E-01   -0.44108E-02   -0.14566E+00    0.63392E-01   -0.25936E-01   -0.72355E-02   -0.11044E-02    0.10292E+01   -0.54356E-01    0.28455E-01   -0.79839E-01   -0.20375E+00   -0.35886E-01   -0.72639E-01   -0.63129E-01    0.11713E+00   -0.81887E-01    0.34028E+00    0.69240E+00    0.57954E-02   -0.15797E+00   -0.19898E-01   -0.60089E-02   -0.45275E-01    0.50355E-02    0.55044E-02   -0.90807E-03   -0.38217E-02   -0.22967E-02   -0.76136E-04   -0.26021E-03    0.21560E-03    0.39853E-04   -0.63151E-03    0.23304E-03    0.65429E-03
   -0.10314E-04   -0.27639E-04   -0.60952E-05    0.10562E-03   -0.35718E-02   -0.39840E-03   -0.35860E-03    0.24954E-04   -0.10283E+01    0.20447E-01    0.20318E+00    0.81797E-02   -0.20671E+00    0.14340E-01   -0.41582E-03   -0.75689E-03   -0.63917E-02    0.50667E-05    0.52145E-04   -0.60511E-02   -0.48376E-01   -0.76752E-01    0.25328E-01    0.96961E-01    0.63617E-01    0.86117E-01   -0.28411E-01    0.20779E-01   -0.21086E-01   -0.54356E-01    0.10115E+01   -0.59238E-01    0.80892E-01    0.49484E-01    0.16969E+00    0.57841E-01    0.11291E+00   -0.58565E+00    0.40850E+00   -0.34369E+00    0.21364E+00    0.19478E-01    0.23683E+00    0.36181E-01    0.25891E-02    0.97657E-01   -0.56068E-03   -0.10149E-02   -0.64007E-03    0.65523E-02   -0.30178E-02    0.53933E-05    0.19713E-04   -0.77324E-05    0.16475E-03    0.58201E-03    0.37019E-03   -0.58580E-03
   -0.68657E-05    0.88703E-05   -0.87410E-05    0.27338E-03    0.73791E-03    0.11099E-04    0.88515E-04    0.62169E-03   -0.63111E+00   -0.14161E+00    0.23159E+00    0.29197E-01   -0.86525E-01   -0.10910E-01    0.53789E-03    0.27242E-02   -0.66396E-02    0.94717E-05   -0.36839E-03    0.20619E-02   -0.84742E-02    0.35579E-01   -0.15416E+00   -0.20951E-01    0.32624E-01    0.70119E-01    0.11812E+00    0.81152E-01    0.72058E-01    0.28455E-01   -0.59238E-01    0.94876E+00    0.23928E-02   -0.56925E-01    0.28853E-01   -0.89362E-02    0.68761E+00    0.20007E+00    0.14560E+00    0.47732E-01   -0.58506E-01    0.33988E-01    0.15665E+00    0.61369E-02    0.11440E-01    0.31614E+00    0.17455E-02    0.11227E-02   -0.17366E-02    0.82332E-03   -0.62344E-02    0.31536E-03    0.15815E-03    0.29660E-03    0.19833E-03   -0.52476E-03    0.13737E-03    0.43814E-03
    0.12316E-04   -0.99552E-04    0.59327E-04   -0.12908E-03   -0.51450E-03    0.96394E-03    0.61636E-03   -0.23232E-03    0.66653E+00    0.23106E+00    0.24997E+00   -0.71340E-02   -0.37884E+00   -0.98969E-02    0.12220E-02   -0.63204E-04   -0.11539E-01    0.84488E-05   -0.28414E-05    0.41002E-02    0.30523E-01    0.15322E-01    0.25794E-01    0.19248E-01    0.14000E+00   -0.50933E-01    0.93598E-01   -0.48125E-02   -0.50068E-01   -0.79839E-01    0.80892E-01    0.23928E-02    0.96131E+00    0.41603E-02   -0.32508E-02    0.25867E-01    0.76164E-01    0.15310E+00   -0.86397E-02    0.15701E+00    0.13997E+00   -0.22322E-02    0.31899E+00    0.29159E-01    0.14882E-01    0.70101E-01   -0.27199E-02   -0.52969E-03    0.11429E-03    0.25332E-02    0.49942E-02   -0.30398E-03    0.22071E-03   -0.12605E-03    0.15843E-03   -0.42771E-03   -0.10411E-03   -0.11956E-02
    0.10330E-04    0.10293E-03   -0.23432E-04   -0.50426E-04    0.63373E-02   -0.19621E-03   -0.15781E-03    0.13241E-03    0.10130E+01   -0.30134E+00   -0.24150E+00   -0.28646E-01   -0.74524E-01   -0.55636E-01   -0.95355E-03    0.17140E-02   -0.81897E-03    0.20393E-04   -0.46354E-04    0.11227E-01    0.12895E+00   -0.23135E-01    0.24455E-01    0.11605E-01    0.70078E-01   -0.11009E+00   -0.96075E-01   -0.42781E-01    0.14143E+00   -0.20375E+00    0.49484E-01   -0.56925E-01    0.41603E-02    0.10364E+01    0.10359E-01    0.20932E-02   -0.14015E+00    0.17652E-01    0.18505E+00   -0.10913E-01   -0.89681E-01    0.54897E-02    0.25420E-01    0.22377E-02    0.17746E-01   -0.24026E-01   -0.19374E-02   -0.42400E-03    0.69718E-04    0.49684E-02    0.96582E-03    0.10678E-04   -0.41395E-04   -0.19210E-03    0.22782E-03   -0.20705E-03   -0.95768E-05   -0.27709E-04
    0.55956E-05   -0.21350E-03    0.44222E-04   -0.15796E-03   -0.10492E-01    0.75170E-03    0.26480E-03   -0.55971E-03   -0.27826E+01   -0.22988E+00    0.45828E+00    0.32435E-02   -0.23458E+00    0.54971E-01    0.63298E-03    0.51712E-03   -0.65657E-02    0.80828E-05    0.24480E-04   -0.93753E-02   -0.71246E-01   -0.62505E-01   -0.40698E-01   -0.45730E-01    0.18274E+00    0.82865E-01    0.16959E-01   -0.30801E-01    0.14654E+00   -0.35886E-01    0.16969E+00    0.28853E-01   -0.32508E-02    0.10359E-01    0.10070E+01   -0.11193E-01    0.18581E-01    0.18054E-01    0.13202E+00   -0.26392E+00    0.14638E+00   -0.93641E-02    0.11832E+00   -0.10513E-01    0.41511E-02    0.55202E-01    0.50110E-03   -0.52921E-03   -0.32708E-03   -0.45017E-04   -0.36123E-03   -0.59815E-04   -0.44607E-03   -0.18555E-04   -0.32449E-03    0.38078E-03   -0.37079E-04   -0.63968E-03
   -0.98283E-05    0.18254E-03   -0.62386E-04    0.19077E-03    0.10810E-01   -0.74453E-03   -0.10813E-03    0.43282E-03   -0.29493E+01    0.11242E+00    0.72389E+00    0.47662E-02   -0.38885E+00    0.86023E-02   -0.12843E-02   -0.30120E-03   -0.84681E-02    0.92593E-05   -0.70451E-05    0.34220E-02    0.13857E-01   -0.11186E+00    0.16456E+00    0.12450E+00   -0.11029E+00    0.50926E-01   -0.68840E-01    0.15999E+00   -0.14353E+00   -0.72639E-01    0.57841E-01   -0.89362E-02    0.25867E-01    0.20932E-02   -0.11193E-01    0.93948E+00   -0.37817E-01   -0.80715E-01    0.61765E-01    0.16534E+00   -0.58513E-01    0.11883E-01    0.26557E+00   -0.15521E-01    0.27503E-01    0.11882E+00    0.32523E-03    0.17876E-02   -0.17941E-04    0.16977E-02   -0.10155E-04   -0.37473E-04   -0.12108E-03   -0.12018E-03   -0.10217E-03   -0.35880E-03    0.11406E-03   -0.56332E-03
    0.19870E-05    0.97466E-04   -0.15184E-04    0.38724E-03    0.86319E-02   -0.52965E-03    0.37261E-03    0.11025E-02   -0.65248E+00   -0.27868E-01   -0.31681E-01    0.19639E-01    0.25125E-01    0.63323E-01    0.25637E-02   -0.48788E-04   -0.17297E-02    0.15327E-04    0.29693E-04   -0.89494E-02   -0.65827E-01    0.18454E+00   -0.22961E+00   -0.51208E-01    0.88362E-01    0.11086E+00    0.63893E+00   -0.69898E-01   -0.19311E+00   -0.63129E-01    0.11291E+00    0.68761E+00    0.76164E-01   -0.14015E+00    0.18581E-01   -0.37817E-01    0.10199E+01   -0.11341E-01    0.31536E-01    0.44071E-02   -0.59361E-02    0.18423E-01    0.11569E+00   -0.25889E-01    0.46197E-02    0.18854E+00    0.56050E-03    0.13876E-02   -0.20545E-03    0.63438E-02   -0.35465E-02    0.66836E-03    0.47123E-03    0.45933E-03    0.34055E-03    0.32965E-03    0.46860E-03    0.26685E-03
    0.77123E-05   -0.35088E-04    0.20633E-04    0.41906E-03    0.51731E-03    0.25829E-03    0.52229E-03    0.94871E-03   -0.38866E+01   -0.45459E+00   -0.31685E+00   -0.78111E-02    0.86930E-01    0.30172E-02    0.25796E-02   -0.68615E-03    0.11542E-02   -0.12334E-05    0.83179E-04   -0.11288E-02    0.12845E-01    0.44761E-01    0.37053E-01    0.24128E-01    0.64578E-01   -0.85335E-01    0.24476E+00    0.22569E+00    0.67118E+00    0.11713E+00   -0.58565E+00    0.20007E+00    0.15310E+00    0.17652E-01    0.18054E-01   -0.80715E-01   -0.11341E-01    0.10332E+01   -0.24066E-01    0.25874E-02    0.10195E-01   -0.20594E-01   -0.50377E-01    0.17159E-01    0.89163E-02   -0.23898E-01   -0.31251E-03   -0.12794E-03    0.92289E-03   -0.32130E-02    0.52886E-02    0.85064E-04   -0.15173E-03    0.25669E-03   -0.16845E-03   -0.42034E-04    0.17227E-03    0.87916E-04
   -0.82675E-05    0.40638E-05    0.20180E-05   -0.28513E-03   -0.50203E-02    0.81201E-04   -0.25868E-03   -0.40769E-03   -0.24214E+01   -0.50776E+00    0.42547E-01    0.32539E-01   -0.19136E-02    0.26659E-02   -0.40085E-02   -0.15803E-03    0.25429E-02   -0.38561E-05   -0.50043E-04    0.46513E-03    0.19695E-01   -0.35956E-01    0.94815E-01    0.80047E-02    0.18832E-01    0.85955E-01   -0.51897E-01    0.78111E+00    0.13595E+00   -0.81887E-01    0.40850E+00    0.14560E+00   -0.86397E-02    0.18505E+00    0.13202E+00    0.61765E-01    0.31536E-01   -0.24066E-01    0.10210E+01   -0.10513E-01    0.12046E-01    0.10851E-01   -0.32791E-01    0.37291E-01   -0.45457E-02   -0.24034E-01    0.16167E-02    0.26899E-02   -0.17795E-03    0.18657E-02   -0.45426E-02    0.23201E-03    0.43874E-04    0.28253E-03    0.14779E-03    0.27459E-03    0.17650E-03    0.18192E-03
   -0.27416E-05    0.44198E-03   -0.77204E-04   -0.47718E-03    0.24245E-01   -0.10943E-02    0.26831E-04   -0.29263E-03    0.90640E+00   -0.35174E-01    0.34582E+00    0.23937E-01    0.58767E-03    0.64288E-02   -0.57483E-02    0.20884E-02    0.35468E-02    0.56535E-05   -0.83782E-04    0.43477E-02   -0.19778E-02    0.42152E-01    0.16521E-01   -0.16722E+00   -0.12888E+00   -0.19171E-01   -0.50187E-01    0.29008E+00   -0.60890E+00    0.34028E+00   -0.34369E+00    0.47732E-01    0.15701E+00   -0.10913E-01   -0.26392E+00    0.16534E+00    0.44071E-02    0.25874E-02   -0.10513E-01    0.96602E+00    0.16215E-01    0.48671E-02    0.14395E-01   -0.33890E-01    0.68775E-02   -0.41600E-01    0.32362E-02    0.39826E-02   -0.58277E-03   -0.11810E-02   -0.54875E-02    0.62921E-05    0.28922E-03    0.21214E-03    0.29519E-03   -0.36625E-03    0.73094E-04    0.63754E-03
    0.11372E-04   -0.36150E-04    0.19705E-04    0.48421E-03   -0.47008E-03    0.11935E-04    0.23419E-03    0.87553E-03    0.15949E+01    0.13741E+00   -0.39657E+00    0.32748E-01    0.30920E+00    0.11223E-01   -0.24158E-02    0.24889E-02    0.85515E-02   -0.32443E-05    0.27104E-04    0.57917E-03   -0.44268E-01    0.52281E-01   -0.19715E+00    0.10639E+00    0.20152E-01    0.39410E-01    0.78649E-01   -0.16888E+00    0.17689E+00    0.69240E+00    0.21364E+00   -0.58506E-01    0.13997E+00   -0.89681E-01    0.14638E+00   -0.58513E-01   -0.59361E-02    0.10195E-01    0.12046E-01    0.16215E-01    0.99707E+00    0.14524E-02   -0.21945E+00    0.13601E-01   -0.36177E-02   -0.11945E+00    0.30156E-02    0.60261E-02   -0.47061E-03    0.53986E-03   -0.10116E-02   -0.25533E-05   -0.18097E-03    0.91875E-04    0.30760E-04   -0.23855E-03    0.22757E-03   -0.22875E-03
   -0.33300E-05    0.16397E-03   -0.60280E-04   -0.30502E-03    0.84667E-02   -0.16185E-02   -0.44076E-03   -0.68372E-03   -0.73416E-01    0.67719E-01   -0.17378E+00    0.82619E-01   -0.24840E+00   -0.47755E-01   -0.15405E-03    0.52528E-02   -0.78014E-02   -0.11930E-06    0.36495E-04    0.64216E-01    0.45314E-01   -0.81928E-02   -0.38470E-02    0.68215E-02   -0.10619E-01    0.48889E-02   -0.13717E-01   -0.52622E-02   -0.76723E-02    0.57954E-02    0.19478E-01    0.33988E-01   -0.22322E-02    0.54897E-02   -0.93641E-02    0.11883E-01    0.18423E-01   -0.20594E-01    0.10851E-01    0.48671E-02    0.14524E-02    0.35241E+00    0.18778E+00    0.71528E-02    0.15851E+00    0.58425E+00    0.14888E-01    0.18107E-01   -0.46272E-02   -0.17327E-02   -0.33051E-02    0.79014E-03    0.19681E-03    0.86245E-03    0.21739E-03   -0.19205E-03    0.42127E-03    0.20719E-02
   -0.41535E-04    0.12321E-02   -0.53336E-03   -0.10905E-02    0.66534E-01   -0.13262E-01   -0.32130E-02   -0.33860E-02    0.34781E+01   -0.26778E+01    0.15615E+02   -0.52685E-01   -0.10844E+02   -0.64940E+00   -0.14002E+00   -0.36762E-04   -0.18064E+00    0.47480E-04    0.28602E-03    0.16847E+00    0.91592E+00   -0.19446E+00    0.58165E-01   -0.83343E-01   -0.33407E-01    0.51560E-01   -0.40800E-01   -0.16255E-01   -0.56086E-01   -0.15797E+00    0.23683E+00    0.15665E+00    0.31899E+00    0.25420E-01    0.11832E+00    0.26557E+00    0.11569E+00   -0.50377E-01   -0.32791E-01    0.14395E-01   -0.21945E+00    0.18778E+00    0.15327E+02    0.35849E+00    0.42807E+00    0.54442E+01   -0.83399E-02   -0.36865E-01   -0.13177E-01    0.26081E-01    0.16187E-01    0.20869E-02    0.20816E-01    0.22346E-02    0.14257E-01    0.41540E-02    0.50189E-02   -0.49651E-02
   -0.18169E-04    0.82578E-04   -0.15623E-03   -0.37680E-03    0.78804E-02   -0.49898E-02   -0.14766E-02   -0.18040E-02    0.47570E+01   -0.52869E+00   -0.16595E+01   -0.22087E+00   -0.56975E-02   -0.70147E+00   -0.87406E-02   -0.12592E-01    0.44095E-02    0.22986E-04    0.48329E-04    0.40396E-02    0.21261E+00   -0.72322E-01   -0.13251E-01   -0.10906E-01    0.27064E-01    0.13387E-01   -0.28481E-01    0.27071E-01    0.50356E-01   -0.19898E-01    0.36181E-01    0.61369E-02    0.29159E-01    0.22377E-02   -0.10513E-01   -0.15521E-01   -0.25889E-01    0.17159E-01    0.37291E-01   -0.33890E-01    0.13601E-01    0.71528E-02    0.35849E+00    0.21488E+01    0.16496E-01    0.47497E+00   -0.91400E-01   -0.10655E+00   -0.39405E-02    0.10444E-01    0.33791E-02    0.24003E-03    0.18385E-02   -0.71886E-04    0.24621E-02    0.12143E-02    0.16088E-02    0.19925E-02
   -0.15699E-04    0.42249E-03   -0.18517E-03   -0.40085E-03    0.23557E-01   -0.40819E-02   -0.10473E-02   -0.95496E-03   -0.68940E+00   -0.80839E+00   -0.58608E-01    0.19773E-02   -0.60205E+00   -0.80975E-01   -0.38907E-02    0.21306E-02   -0.92351E-02    0.47515E-05    0.33419E-04    0.56919E-01    0.17246E+00   -0.16005E-01   -0.13670E-02    0.43855E-02   -0.79371E-03   -0.27386E-02   -0.11252E-02   -0.40571E-02    0.43835E-02   -0.60089E-02    0.25891E-02    0.11440E-01    0.14882E-01    0.17746E-01    0.41511E-02    0.27503E-01    0.46197E-02    0.89163E-02   -0.45457E-02    0.68775E-02   -0.36177E-02    0.15851E+00    0.42807E+00    0.16496E-01    0.24674E+00    0.44606E+00    0.72824E-02    0.13897E-01   -0.25290E-03    0.10894E-02    0.20630E-02    0.52107E-03    0.34225E-03    0.40903E-03    0.30317E-03    0.93451E-03    0.88526E-03    0.76946E-03
