# omegabh2 omegach2 theta tau meffsterile nnu logA ns calPlanck acib217 xi asz143 aps100 aps143 aps143217 aps217 aksz kgal100 kgal143 kgal143217 kgal217 cal0 cal2
  4.2907115E-08   1.6231176E-07   1.5447196E-09   3.1937192E-07  -1.3133217E-06   1.2110637E-05   1.1113326E-06   6.5153053E-07   2.7301542E-08  -6.9474154E-05   1.2886003E-06   3.0550168E-05  -4.4062415E-04  -2.7040844E-04  -8.6422476E-05  -2.8657753E-05  -2.9646046E-05   9.0125340E-06   9.3990048E-07   3.9732067E-06   3.0309487E-05   1.2714142E-09  -1.8205713E-09
  1.6231176E-07   1.4203439E-05  -8.8929510E-07  -1.8914737E-06  -4.8542498E-04   4.8511340E-04   1.6856969E-05   1.6139582E-05  -4.9334026E-07   2.6079777E-03  -4.7389935E-05  -7.4751022E-04   1.3670491E-02   5.8869878E-03   1.2223472E-03  -1.0171632E-03   1.3411286E-03   8.6536409E-05   3.1965277E-04   8.5369083E-05  -7.7693303E-04  -1.1444880E-08   6.5319201E-08
  1.5447196E-09  -8.8929510E-07   2.3960807E-07   2.0511888E-07   2.1801924E-05  -3.9158477E-05  -8.9914447E-07  -1.1066181E-06   4.5244312E-08  -1.8983970E-04   3.5078157E-06   6.4804398E-05  -1.0708747E-03  -4.6220231E-04  -8.5641804E-05   4.4236706E-05  -1.1652550E-04  -1.2658699E-05  -2.3666568E-05  -4.0618709E-06   7.0697859E-05  -1.5313554E-09  -1.8686267E-09
  3.1937192E-07  -1.8914737E-06   2.0511888E-07   6.0195550E-05   4.3901641E-05   8.8033908E-05   1.1194206E-04   1.3502311E-05  -1.1182390E-06  -1.1865961E-03   1.8082694E-05   4.0922877E-04  -5.9898815E-03  -3.8945708E-03  -1.2810079E-03  -8.4594826E-04  -6.7842595E-04   1.4321219E-04  -5.8846713E-05  -3.9727735E-06   2.7094217E-04  -2.8043002E-08  -4.7564168E-08
 -1.3133217E-06  -4.8542498E-04   2.1801924E-05   4.3901641E-05   3.1389027E-02  -9.7087495E-03  -2.9923880E-04  -4.5935436E-04   2.6764640E-05  -6.5008292E-02   1.3221395E-03   1.6484260E-02  -3.6429773E-01  -1.0491752E-01   3.9968886E-04   6.0082070E-02  -2.9805412E-02   1.3836318E-04  -9.1490049E-03  -9.3500589E-04   2.2301164E-02  -4.6184006E-07  -2.5194202E-06
  1.2110637E-05   4.8511340E-04  -3.9158477E-05   8.8033908E-05  -9.7087495E-03   2.3669465E-02   1.0605599E-03   8.6028462E-04  -1.5272429E-06   1.0410239E-01  -1.6908721E-03  -3.1118446E-02   5.6240135E-01   2.6870338E-01   7.7154423E-02  -1.1775952E-02   5.5811791E-02   5.4773723E-03   1.2123879E-02   4.8151679E-03  -2.6845738E-02   3.1094696E-07   2.0373269E-06
  1.1113326E-06   1.6856969E-05  -8.9914447E-07   1.1194206E-04  -2.9923880E-04   1.0605599E-03   2.7280571E-04   5.2756514E-05   9.2361087E-06   1.7069225E-03   6.1648021E-06  -4.0965883E-04   1.2214457E-02   4.4889159E-03   3.1979030E-03   3.2258007E-03   4.0128677E-05   5.1448358E-05  -1.2965130E-04  -3.5529706E-04   8.2463387E-04   2.8345716E-08  -1.4113020E-08
  6.5153053E-07   1.6139582E-05  -1.1066181E-06   1.3502311E-05  -4.5935436E-04   8.6028462E-04   5.2756514E-05   4.8439161E-05   4.8486283E-07  -8.7336263E-04   3.4876799E-05   8.3290624E-05  -4.4462424E-03   3.0877701E-03   5.0840826E-03   4.9944341E-03  -6.9987769E-04   5.9219185E-04   8.9636614E-05   6.3289412E-05   7.9791139E-04  -4.6482824E-08   1.5229191E-08
  2.7301542E-08  -4.9334026E-07   4.5244312E-08  -1.1182390E-06   2.6764640E-05  -1.5272429E-06   9.2361087E-06   4.8486283E-07   6.0200460E-06   5.6086445E-04   6.7788438E-07   2.7457761E-05   2.7996925E-03   5.0771454E-04   4.6619100E-04   1.3381308E-03  -4.7673849E-05  -2.5809277E-05   1.1789778E-05   6.8646706E-06   9.0106164E-04  -1.6803682E-08   6.0891688E-09
 -6.9474154E-05   2.6079777E-03  -1.8983970E-04  -1.1865961E-03  -6.5008292E-02   1.0410239E-01   1.7069225E-03  -8.7336263E-04   5.6086445E-04   4.5444210E+01  -4.0667755E-01  -1.0092560E+00   3.9357897E+01   3.1639484E+00  -1.2947612E+01  -5.5134070E+01   4.8658335E-02   2.1898688E-01   6.1304344E-01  -6.0170134E+00  -3.4026853E+01  -2.4131173E-04   6.9825171E-04
  1.2886003E-06  -4.7389935E-05   3.5078157E-06   1.8082694E-05   1.3221395E-03  -1.6908721E-03   6.1648021E-06   3.4876799E-05   6.7788438E-07  -4.0667755E-01   8.2745452E-02  -5.0093864E-02  -5.3495840E-01   8.5766114E-01   1.6055133E+00   6.1963756E-01   5.0546614E-02  -6.3140459E-03   4.6244945E-03   1.0298616E-01   1.5396916E-01   6.2076597E-06  -5.2190914E-07
  3.0550168E-05  -7.4751022E-04   6.4804398E-05   4.0922877E-04   1.6484260E-02  -3.1118446E-02  -4.0965883E-04   8.3290624E-05   2.7457761E-05  -1.0092560E+00  -5.0093864E-02   4.0608804E+00  -3.1509529E+01  -3.6615524E+00   7.9386738E+00   5.6447789E+00  -3.1442715E+00  -2.2022959E-01   1.6677588E-01   2.7840788E+00   3.5390592E+00   1.1232198E-04  -4.4256580E-05
 -4.4062415E-04   1.3670491E-02  -1.0708747E-03  -5.9898815E-03  -3.6429773E-01   5.6240135E-01   1.2214457E-02  -4.4462424E-03   2.7996925E-03   3.9357897E+01  -5.3495840E-01  -3.1509529E+01   7.9742030E+02   7.7375426E+01  -5.2348973E+01  -6.0653582E+01   1.6740953E+01  -6.8064230E+00   6.0720415E+00  -1.2594016E+01  -2.6793875E+01   3.6454260E-03   5.4132170E-04
 -2.7040844E-04   5.8869878E-03  -4.6220231E-04  -3.8945708E-03  -1.0491752E-01   2.6870338E-01   4.4889159E-03   3.0877701E-03   5.0771454E-04   3.1639484E+00   8.5766114E-01  -3.6615524E+00   7.7375426E+01   6.6414044E+01   4.1880669E+01   1.6818417E+01  -4.6835346E+00  -6.5668032E-01  -1.4331863E+00   3.3523405E+00   3.9889222E+00   1.3000936E-04   1.6716951E-04
 -8.6422476E-05   1.2223472E-03  -8.5641804E-05  -1.2810079E-03   3.9968886E-04   7.7154423E-02   3.1979030E-03   5.0840826E-03   4.6619100E-04  -1.2947612E+01   1.6055133E+00   7.9386738E+00  -5.2348973E+01   4.1880669E+01   8.6207821E+01   5.5693166E+01  -1.2969887E+01  -1.1072515E+00  -8.6159189E-01   5.1770548E+00   9.0503917E+00   5.1172780E-04  -3.3929928E-04
 -2.8657753E-05  -1.0171632E-03   4.4236706E-05  -8.4594826E-04   6.0082070E-02  -1.1775952E-02   3.2258007E-03   4.9944341E-03   1.3381308E-03  -5.5134070E+01   6.1963756E-01   5.6447789E+00  -6.0653582E+01   1.6818417E+01   5.5693166E+01   1.0569196E+02  -1.0296235E+01  -9.4595753E-01  -1.3944702E+00   5.8310230E+00   3.4170901E+01   5.5727250E-04  -1.2847670E-03
 -2.9646046E-05   1.3411286E-03  -1.1652550E-04  -6.7842595E-04  -2.9805412E-02   5.5811791E-02   4.0128677E-05  -6.9987769E-04  -4.7673849E-05   4.8658335E-02   5.0546614E-02  -3.1442715E+00   1.6740953E+01  -4.6835346E+00  -1.2969887E+01  -1.0296235E+01   6.8112273E+00   1.8140767E-01  -1.7784456E-01  -2.3149656E+00  -2.6539024E+00  -8.8139956E-05   1.3056290E-05
  9.0125340E-06   8.6536409E-05  -1.2658699E-05   1.4321219E-04   1.3836318E-04   5.4773723E-03   5.1448358E-05   5.9219185E-04  -2.5809277E-05   2.1898688E-01  -6.3140459E-03  -2.2022959E-01  -6.8064230E+00  -6.5668032E-01  -1.1072515E+00  -9.4595753E-01   1.8140767E-01   3.3569444E+00   5.7503453E-01   1.7938022E-01   1.2049342E-01   1.6762764E-04  -1.4830620E-06
  9.3990048E-07   3.1965277E-04  -2.3666568E-05  -5.8846713E-05  -9.1490049E-03   1.2123879E-02  -1.2965130E-04   8.9636614E-05   1.1789778E-05   6.1304344E-01   4.6244945E-03   1.6677588E-01   6.0720415E+00  -1.4331863E+00  -8.6159189E-01  -1.3944702E+00  -1.7784456E-01   5.7503453E-01   3.2320999E+00   2.7668508E+00   2.7753387E+00  -1.7603519E-04  -4.3902634E-05
  3.9732067E-06   8.5369083E-05  -4.0618709E-06  -3.9727735E-06  -9.3500589E-04   4.8151679E-03  -3.5529706E-04   6.3289412E-05   6.8646706E-06  -6.0170134E+00   1.0298616E-01   2.7840788E+00  -1.2594016E+01   3.3523405E+00   5.1770548E+00   5.8310230E+00  -2.3149656E+00   1.7938022E-01   2.7668508E+00   1.1064785E+01   1.9730023E+01  -8.8670514E-06   3.9874277E-04
  3.0309487E-05  -7.7693303E-04   7.0697859E-05   2.7094217E-04   2.2301164E-02  -2.6845738E-02   8.2463387E-04   7.9791139E-04   9.0106164E-04  -3.4026853E+01   1.5396916E-01   3.5390592E+00  -2.6793875E+01   3.9889222E+00   9.0503917E+00   3.4170901E+01  -2.6539024E+00   1.2049342E-01   2.7753387E+00   1.9730023E+01   5.4569538E+01   8.4120833E-05   9.2144383E-04
  1.2714142E-09  -1.1444880E-08  -1.5313554E-09  -2.8043002E-08  -4.6184006E-07   3.1094696E-07   2.8345716E-08  -4.6482824E-08  -1.6803682E-08  -2.4131173E-04   6.2076597E-06   1.1232198E-04   3.6454260E-03   1.3000936E-04   5.1172780E-04   5.5727250E-04  -8.8139956E-05   1.6762764E-04  -1.7603519E-04  -8.8670514E-06   8.4120833E-05   3.7825790E-07  -8.5586641E-10
 -1.8205713E-09   6.5319201E-08  -1.8686267E-09  -4.7564168E-08  -2.5194202E-06   2.0373269E-06  -1.4113020E-08   1.5229191E-08   6.0891688E-09   6.9825171E-04  -5.2190914E-07  -4.4256580E-05   5.4132170E-04   1.6716951E-04  -3.3929928E-04  -1.2847670E-03   1.3056290E-05  -1.4830620E-06  -4.3902634E-05   3.9874277E-04   9.2144383E-04  -8.5586641E-10   3.8602177E-07
