# omegabh2 omegach2 theta tau ns nrun logA r aps100 aps143 aps217 acib143 acib217 asz143 psr cibr cal0 cal2 xi aksz bm_1_1
    0.92827E-07   -0.30899E-06    0.77857E-07    0.22038E-05    0.86478E-06   -0.14261E-05    0.41800E-05    0.51284E-05   -0.31151E-03   -0.44398E-03   -0.33241E-03   -0.12556E-04   -0.33009E-04    0.44670E-05   -0.90922E-08    0.60179E-06    0.22916E-08   -0.32194E-09    0.21473E-06   -0.10296E-04   -0.10923E-04
   -0.30899E-06    0.60654E-05   -0.60097E-06   -0.11263E-04   -0.14544E-04   -0.15142E-05   -0.75035E-05   -0.21457E-04    0.40380E-02    0.20745E-02    0.14301E-02    0.35327E-03    0.56027E-03    0.37610E-05    0.41431E-06    0.11736E-04    0.10216E-07   -0.39082E-08    0.48347E-06    0.41161E-04    0.18793E-03
    0.77857E-07   -0.60097E-06    0.39253E-06    0.19121E-05    0.19229E-05   -0.21842E-06    0.28241E-05    0.26078E-05   -0.17144E-03   -0.40065E-03   -0.25649E-03    0.27649E-04   -0.25091E-04    0.35167E-05   -0.67956E-07   -0.71548E-07   -0.22793E-09    0.52402E-08    0.42625E-06   -0.12142E-04   -0.20253E-04
    0.22038E-05   -0.11263E-04    0.19121E-05    0.28892E-03    0.33541E-04   -0.66287E-04    0.56576E-03    0.11756E-03    0.13989E-01   -0.31119E-02   -0.24989E-02   -0.67963E-03   -0.33749E-02   -0.26100E-03    0.36159E-05   -0.14232E-03   -0.60407E-07    0.17745E-06    0.14513E-04   -0.22866E-03   -0.32669E-03
    0.86478E-06   -0.14544E-04    0.19229E-05    0.33541E-04    0.56877E-04    0.14523E-04    0.27382E-04    0.74644E-04   -0.21429E-01    0.63631E-02    0.17859E-01   -0.83471E-02   -0.14870E-01   -0.82269E-03    0.13669E-05   -0.33815E-03   -0.13361E-06   -0.60702E-07    0.45881E-04   -0.20526E-02   -0.90369E-03
   -0.14261E-05   -0.15142E-05   -0.21842E-06   -0.66287E-04    0.14523E-04    0.10983E-03   -0.16011E-03   -0.34323E-03   -0.13535E-01    0.29683E-02    0.21668E-01   -0.75733E-02   -0.17202E-01   -0.88272E-03    0.17389E-05   -0.39174E-03   -0.16728E-06   -0.59714E-06    0.28391E-04   -0.16075E-02   -0.94375E-03
    0.41800E-05   -0.75035E-05    0.28241E-05    0.56576E-03    0.27382E-04   -0.16011E-03    0.11570E-02    0.24085E-03    0.56222E-01    0.87137E-02    0.74028E-02   -0.11893E-02   -0.79203E-02   -0.98833E-03    0.11738E-04   -0.35701E-03    0.84566E-08    0.52728E-06    0.68716E-04   -0.90402E-03    0.31567E-03
    0.51284E-05   -0.21457E-04    0.26078E-05    0.11756E-03    0.74644E-04   -0.34323E-03    0.24085E-03    0.51647E-02    0.12959E+00    0.15793E-01   -0.26031E-01    0.87475E-02    0.27795E-01   -0.42012E-03   -0.25869E-04    0.34138E-03    0.49728E-06    0.31057E-05    0.84855E-03    0.26880E-02    0.25665E-02
   -0.31151E-03    0.40380E-02   -0.17144E-03    0.13989E-01   -0.21429E-01   -0.13535E-01    0.56222E-01    0.12959E+00    0.26863E+04    0.22444E+03    0.15266E+03    0.85554E+02   -0.44677E+02   -0.27365E+02    0.49183E-01   -0.50518E+01    0.74215E-03    0.34908E-02    0.22066E+01   -0.67718E+01    0.11669E+02
   -0.44398E-03    0.20745E-02   -0.40065E-03   -0.31119E-02    0.63631E-02    0.29683E-02    0.87137E-02    0.15793E-01    0.22444E+03    0.19172E+03    0.15309E+03   -0.38960E+02   -0.57806E+02   -0.58577E+01    0.39354E-01   -0.15760E+01    0.32637E-04   -0.32651E-03    0.50485E+00   -0.66405E+01    0.39771E+00
   -0.33241E-03    0.14301E-02   -0.25649E-03   -0.24989E-02    0.17859E-01    0.21668E-01    0.74028E-02   -0.26031E-01    0.15266E+03    0.15309E+03    0.25249E+03   -0.38960E+02   -0.10434E+03   -0.54674E+01    0.49394E-01   -0.23436E+01    0.93394E-04   -0.51709E-02    0.50280E+00   -0.72983E+01    0.15136E+00
   -0.12556E-04    0.35327E-03    0.27649E-04   -0.67963E-03   -0.83471E-02   -0.75733E-02   -0.11893E-02    0.87475E-02    0.85554E+02   -0.38960E+02   -0.38960E+02    0.30807E+02    0.21651E+02   -0.57670E+00   -0.79742E-02    0.12419E+00   -0.94667E-04    0.15259E-03    0.16216E+00   -0.32000E-01   -0.55745E+00
   -0.33009E-04    0.56027E-03   -0.25091E-04   -0.33749E-02   -0.14870E-01   -0.17202E-01   -0.79203E-02    0.27795E-01   -0.44677E+02   -0.57806E+02   -0.10434E+03    0.21651E+02    0.55103E+02    0.29253E+01   -0.22730E-01    0.12442E+01   -0.23976E-04    0.28253E-02   -0.24552E+00    0.11734E+00    0.18546E+00
    0.44670E-05    0.37610E-05    0.35167E-05   -0.26100E-03   -0.82269E-03   -0.88272E-03   -0.98833E-03   -0.42012E-03   -0.27365E+02   -0.58577E+01   -0.54674E+01   -0.57670E+00    0.29253E+01    0.71666E+00   -0.19387E-02    0.15691E+00    0.16260E-04   -0.96910E-04   -0.53921E-01   -0.34374E-01    0.11493E+00
   -0.90922E-08    0.41431E-06   -0.67956E-07    0.36159E-05    0.13669E-05    0.17389E-05    0.11738E-04   -0.25869E-04    0.49183E-01    0.39354E-01    0.49394E-01   -0.79742E-02   -0.22730E-01   -0.19387E-02    0.19674E-03   -0.64766E-03    0.76730E-07   -0.58996E-06    0.26290E-03   -0.68766E-03    0.17428E-04
    0.60179E-06    0.11736E-04   -0.71548E-07   -0.14232E-03   -0.33815E-03   -0.39174E-03   -0.35701E-03    0.34138E-03   -0.50518E+01   -0.15760E+01   -0.23436E+01    0.12419E+00    0.12442E+01    0.15691E+00   -0.64766E-03    0.51694E-01    0.33841E-05    0.33687E-04   -0.10082E-01   -0.30280E-02    0.24705E-01
    0.22916E-08    0.10216E-07   -0.22793E-09   -0.60407E-07   -0.13361E-06   -0.16728E-06    0.84566E-08    0.49728E-06    0.74215E-03    0.32637E-04    0.93394E-04   -0.94667E-04   -0.23976E-04    0.16260E-04    0.76730E-07    0.33841E-05    0.15896E-06   -0.12946E-07   -0.35143E-05   -0.13482E-05   -0.24085E-04
   -0.32194E-09   -0.39082E-08    0.52402E-08    0.17745E-06   -0.60702E-07   -0.59714E-06    0.52728E-06    0.31057E-05    0.34908E-02   -0.32651E-03   -0.51709E-02    0.15259E-03    0.28253E-02   -0.96910E-04   -0.58996E-06    0.33687E-04   -0.12946E-07    0.93106E-06   -0.44592E-06    0.42439E-04    0.14555E-04
    0.21473E-06    0.48347E-06    0.42625E-06    0.14513E-04    0.45881E-04    0.28391E-04    0.68716E-04    0.84855E-03    0.22066E+01    0.50485E+00    0.50280E+00    0.16216E+00   -0.24552E+00   -0.53921E-01    0.26290E-03   -0.10082E-01   -0.35143E-05   -0.44592E-06    0.21770E-01    0.55397E-02   -0.72450E-02
   -0.10296E-04    0.41161E-04   -0.12142E-04   -0.22866E-03   -0.20526E-02   -0.16075E-02   -0.90402E-03    0.26880E-02   -0.67718E+01   -0.66405E+01   -0.72983E+01   -0.32000E-01    0.11734E+00   -0.34374E-01   -0.68766E-03   -0.30280E-02   -0.13482E-05    0.42439E-04    0.55397E-02    0.20852E+01   -0.48042E-01
   -0.10923E-04    0.18793E-03   -0.20253E-04   -0.32669E-03   -0.90369E-03   -0.94375E-03    0.31567E-03    0.25665E-02    0.11669E+02    0.39771E+00    0.15136E+00   -0.55745E+00    0.18546E+00    0.11493E+00    0.17428E-04    0.24705E-01   -0.24085E-04    0.14555E-04   -0.72450E-02   -0.48042E-01    0.62499E+00
