# omegabh2 omegach2 theta tau Alens ns logA aps100 aps143 aps217 acib143 acib217 asz143 psr cibr ncib cal0 cal2 xi aksz bm_1_1 bm_1_2 bm_1_3 bm_1_4 bm_1_5 bm_2_1 bm_2_2 bm_2_3 bm_2_4 bm_2_5 bm_3_1 bm_3_2 bm_3_3 bm_3_4 bm_3_5 bm_4_1 bm_4_2 bm_4_3 bm_4_4 bm_4_5
    0.12634E-06   -0.72258E-06    0.13782E-06    0.72133E-06    0.26263E-04    0.21647E-05    0.42531E-07   -0.28643E-02   -0.10658E-02   -0.22753E-03   -0.27495E-03   -0.39615E-03    0.61515E-04   -0.52449E-06   -0.65570E-05   -0.54366E-05    0.47943E-08   -0.24690E-07    0.16116E-05   -0.10856E-03   -0.30186E-04   -0.14152E-04   -0.55829E-05    0.57865E-05   -0.98679E-05   -0.13502E-05   -0.38537E-05    0.10508E-04    0.44287E-05   -0.75862E-05    0.16619E-05    0.76652E-05   -0.73712E-05    0.57154E-05   -0.50786E-05   -0.39830E-05    0.13620E-04   -0.54548E-05   -0.40276E-05    0.31177E-05
   -0.72258E-06    0.87299E-05   -0.11141E-05   -0.72210E-05   -0.20089E-03   -0.22491E-04    0.55279E-05    0.13393E-01    0.64187E-02    0.20524E-02    0.11589E-02    0.19082E-02   -0.20475E-03    0.40539E-05    0.50030E-04    0.21739E-04   -0.32418E-07    0.19926E-06   -0.37759E-05    0.46240E-03    0.21910E-03    0.11244E-04    0.36572E-04   -0.63874E-04    0.28658E-04    0.76490E-05    0.87553E-04   -0.67517E-04   -0.95554E-04    0.60025E-04    0.24147E-04   -0.50153E-04    0.38557E-04    0.10816E-04    0.17196E-05    0.44627E-04   -0.79485E-04    0.13360E-03    0.27514E-04   -0.28081E-04
    0.13782E-06   -0.11141E-05    0.46686E-06    0.11406E-05    0.34512E-04    0.34549E-05    0.17259E-06   -0.31073E-02   -0.75957E-03   -0.26641E-03   -0.32026E-03   -0.33366E-03    0.46721E-04    0.31059E-06   -0.23717E-06   -0.41008E-05    0.95332E-08   -0.27033E-07    0.17424E-05   -0.11202E-03   -0.36896E-04    0.11843E-04    0.37805E-06   -0.44072E-05   -0.68148E-05   -0.15061E-04   -0.12554E-04   -0.39042E-06   -0.16854E-05    0.62200E-05   -0.83186E-05    0.10219E-04    0.24689E-06   -0.69775E-05    0.16299E-05   -0.13729E-04   -0.11829E-04   -0.12284E-04   -0.78675E-05    0.44662E-05
    0.72133E-06   -0.72210E-05    0.11406E-05    0.17010E-03   -0.21341E-03    0.28524E-04    0.32089E-03   -0.39075E-01   -0.15333E-01    0.94143E-03   -0.11741E-02   -0.38713E-02    0.12907E-02    0.13314E-04   -0.93230E-04   -0.52366E-04    0.12562E-06   -0.36173E-06   -0.12755E-04   -0.12617E-02   -0.59670E-03   -0.39888E-03    0.17546E-03    0.23389E-03    0.15146E-03   -0.47280E-04    0.27680E-06   -0.59180E-04    0.24824E-03    0.19657E-03    0.34450E-03   -0.39292E-04   -0.52779E-03   -0.21682E-03   -0.16059E-03    0.26265E-03   -0.12043E-03   -0.40999E-04    0.20012E-04    0.74619E-04
    0.26263E-04   -0.20089E-03    0.34512E-04   -0.21341E-03    0.14872E-01    0.59885E-03   -0.82305E-03   -0.10234E+01   -0.19781E+00    0.32102E-01   -0.11149E+00   -0.13538E+00    0.11265E-01    0.35202E-03   -0.14228E-02   -0.14136E-02    0.27738E-06   -0.77319E-05    0.12997E-02   -0.44620E-01   -0.66587E-02   -0.13799E-02   -0.27099E-02   -0.13195E-02   -0.15246E-03   -0.91792E-03   -0.36101E-02    0.16518E-02   -0.15669E-02   -0.11900E-02   -0.50615E-02    0.47929E-02   -0.84162E-04   -0.46646E-03   -0.91916E-03   -0.42542E-02    0.11000E-02   -0.37487E-02   -0.24594E-02   -0.91231E-03
    0.21647E-05   -0.22491E-04    0.34549E-05    0.28524E-04    0.59885E-03    0.76417E-04    0.48726E-05   -0.88506E-01   -0.19901E-01    0.33432E-02   -0.85570E-02   -0.11244E-01    0.13066E-02    0.28648E-04   -0.29105E-03   -0.10277E-03    0.64451E-07   -0.30349E-06    0.94846E-04   -0.40163E-02   -0.53228E-03   -0.13101E-03   -0.35904E-03    0.14241E-03    0.48349E-05    0.25388E-03   -0.28478E-03    0.28708E-03    0.12114E-03   -0.21349E-03   -0.19341E-03    0.32235E-04   -0.27586E-03    0.18618E-04   -0.93108E-04   -0.31828E-04    0.36569E-03   -0.47553E-03   -0.23691E-03    0.21815E-04
    0.42531E-07    0.55279E-05    0.17259E-06    0.32089E-03   -0.82305E-03    0.48726E-05    0.65626E-03   -0.68752E-01   -0.11412E-01    0.12143E-01   -0.31100E-02   -0.58354E-02    0.13458E-02    0.59556E-04   -0.18731E-03   -0.41882E-04    0.25402E-06    0.52052E-07   -0.33295E-05   -0.31603E-02   -0.23285E-03   -0.53761E-03    0.38089E-03    0.29039E-03    0.27617E-03    0.88847E-04    0.32501E-03   -0.36524E-03    0.17232E-03    0.43637E-03    0.72020E-03   -0.97247E-04   -0.10715E-02   -0.49805E-03   -0.33699E-03    0.74073E-03   -0.37458E-03    0.31067E-03    0.17764E-03   -0.11194E-04
   -0.28643E-02    0.13393E-01   -0.31073E-02   -0.39075E-01   -0.10234E+01   -0.88506E-01   -0.68752E-01    0.26980E+04    0.74182E+02   -0.12950E+03    0.10806E+03    0.92714E+02   -0.78895E+02   -0.11148E+01   -0.12609E+01    0.16975E+01    0.14001E-02   -0.28201E-02   -0.69772E+00   -0.74966E+01    0.12153E+02   -0.11149E+02    0.12031E+01    0.12061E+01    0.13788E-01    0.18984E+01   -0.37028E+01    0.13593E+01    0.20081E+01   -0.23679E+01    0.34550E+01   -0.60002E+00    0.11473E+01   -0.21071E+01   -0.44858E+01    0.31905E+01    0.18870E+01   -0.19356E+01    0.58476E+00    0.43525E+01
   -0.10658E-02    0.64187E-02   -0.75957E-03   -0.15333E-01   -0.19781E+00   -0.19901E-01   -0.11412E-01    0.74182E+02    0.16293E+03    0.42333E+02   -0.24468E+02   -0.22905E+01   -0.69849E+01   -0.24730E+00    0.63113E-01   -0.96061E-01    0.45546E-04    0.33248E-02    0.97793E+00   -0.11547E+02    0.69420E+00    0.59811E+00    0.13079E+00   -0.21611E+00   -0.20472E+00   -0.18732E+01   -0.37905E+00   -0.56171E+00   -0.69221E+00   -0.20801E+00    0.24063E+00   -0.26948E+00    0.25255E+00    0.14413E+00    0.21059E+00   -0.10212E+01   -0.97691E+00   -0.10516E+00    0.11872E+00   -0.68958E+00
   -0.22753E-03    0.20524E-02   -0.26641E-03    0.94143E-03    0.32102E-01    0.33432E-02    0.12143E-01   -0.12950E+03    0.42333E+02    0.17610E+03   -0.21956E+02   -0.56557E+02    0.68509E+01   -0.24389E-01   -0.61923E+00   -0.10201E+01    0.55636E-04   -0.27792E-02    0.38197E+00   -0.10704E+02    0.10362E+01    0.12744E+01   -0.40366E+00   -0.40521E+00    0.28415E+00    0.84756E+00    0.65125E-01    0.20116E+00   -0.69809E+00    0.43968E+00   -0.17954E+01    0.13091E+00   -0.56761E+00    0.65565E+00    0.37582E+00   -0.54441E+00    0.33702E-01    0.90218E-01   -0.59869E+00   -0.67178E+00
   -0.27495E-03    0.11589E-02   -0.32026E-03   -0.11741E-02   -0.11149E+00   -0.85570E-02   -0.31100E-02    0.10806E+03   -0.24468E+02   -0.21956E+02    0.20744E+02    0.12258E+02   -0.36923E+01    0.10367E-01    0.12270E-01    0.23045E+00   -0.54602E-04   -0.12583E-02   -0.43145E-02    0.12949E-01   -0.55342E+00   -0.51333E+00   -0.77062E-02    0.10789E+00    0.56863E-01    0.99995E+00    0.14116E+00    0.11268E+00    0.31614E+00    0.73001E-01   -0.25914E-01   -0.15261E-01   -0.75709E-01   -0.10020E+00   -0.36918E-01    0.66328E+00    0.36561E+00    0.41653E-02    0.28897E-01    0.41392E+00
   -0.39615E-03    0.19082E-02   -0.33366E-03   -0.38713E-02   -0.13538E+00   -0.11244E-01   -0.58354E-02    0.92714E+02   -0.22905E+01   -0.56557E+02    0.12258E+02    0.26775E+02   -0.33614E+01    0.57673E-01    0.26075E+00    0.50387E+00   -0.39110E-04    0.12797E-02   -0.18855E+00   -0.38367E+00   -0.33966E+00   -0.50056E+00    0.59117E-01    0.11934E+00    0.33868E-01   -0.26997E+00   -0.66115E-02   -0.15255E+00    0.32866E+00   -0.22740E+00    0.63924E+00   -0.25394E+00    0.18592E+00   -0.38428E+00   -0.15796E+00    0.22865E+00   -0.66066E-01   -0.45509E-01    0.29716E+00    0.32399E+00
    0.61515E-04   -0.20475E-03    0.46721E-04    0.12907E-02    0.11265E-01    0.13066E-02    0.13458E-02   -0.78895E+02   -0.69849E+01    0.68509E+01   -0.36923E+01   -0.33614E+01    0.74121E+01    0.66680E-01    0.25833E+00   -0.13477E+00    0.21583E-05   -0.81091E-04   -0.11975E-01   -0.30468E+00    0.23699E+00    0.12039E+00   -0.37233E-01   -0.30971E-01    0.74516E-01   -0.44190E-01    0.11854E-01   -0.53715E-01   -0.44316E-01    0.14079E-01   -0.11441E+00    0.19687E-01   -0.45648E-01    0.27701E-01   -0.20564E-02   -0.85312E-01   -0.77975E-01    0.20343E-01   -0.49084E-02   -0.31483E-01
   -0.52449E-06    0.40539E-05    0.31059E-06    0.13314E-04    0.35202E-03    0.28648E-04    0.59556E-04   -0.11148E+01   -0.24730E+00   -0.24389E-01    0.10367E-01    0.57673E-01    0.66680E-01    0.81144E-02   -0.46499E-02    0.66860E-02    0.34328E-06   -0.24231E-04    0.50675E-02   -0.22925E-01    0.71246E-02    0.60717E-02   -0.23537E-02   -0.10917E-02    0.67417E-03    0.35700E-02   -0.37372E-02   -0.69545E-03   -0.30553E-02   -0.21759E-02   -0.96358E-02    0.22482E-03   -0.21313E-02   -0.28955E-02   -0.10254E-02   -0.29816E-02   -0.10977E-02   -0.68975E-02   -0.50369E-02   -0.21578E-02
   -0.65570E-05    0.50030E-04   -0.23717E-06   -0.93230E-04   -0.14228E-02   -0.29105E-03   -0.18731E-03   -0.12609E+01    0.63113E-01   -0.61923E+00    0.12270E-01    0.26075E+00    0.25833E+00   -0.46499E-02    0.52785E-01   -0.11615E-01   -0.75214E-05    0.78235E-04    0.32462E-02   -0.42087E-01   -0.12180E-01    0.48820E-02    0.49130E-02   -0.81820E-02    0.55190E-02   -0.40302E-01   -0.91886E-02   -0.18416E-01   -0.50591E-02    0.23954E-02    0.19468E-01   -0.26699E-02    0.84776E-02    0.52446E-02    0.42866E-02   -0.91254E-02   -0.28027E-01   -0.83479E-03    0.55121E-02   -0.10012E-01
   -0.54366E-05    0.21739E-04   -0.41008E-05   -0.52366E-04   -0.14136E-02   -0.10277E-03   -0.41882E-04    0.16975E+01   -0.96061E-01   -0.10201E+01    0.23045E+00    0.50387E+00   -0.13477E+00    0.66860E-02   -0.11615E-01    0.20344E-01    0.59729E-06   -0.20126E-04   -0.17927E-02    0.10503E-02    0.28465E-02   -0.12781E-01   -0.11160E-02   -0.45134E-03   -0.26181E-02    0.44483E-02    0.51948E-02   -0.68792E-02    0.10887E-01   -0.11953E-01   -0.41465E-02   -0.14509E-01   -0.17302E-03   -0.17280E-01   -0.86482E-02   -0.18770E-03    0.75343E-03   -0.15125E-02    0.98148E-02    0.12556E-01
    0.47943E-08   -0.32418E-07    0.95332E-08    0.12562E-06    0.27738E-06    0.64451E-07    0.25402E-06    0.14001E-02    0.45546E-04    0.55636E-04   -0.54602E-04   -0.39110E-04    0.21583E-05    0.34328E-06   -0.75214E-05    0.59729E-06    0.14964E-06   -0.99007E-09    0.41847E-06    0.11111E-04   -0.21049E-04   -0.18409E-04   -0.46294E-05    0.45100E-05   -0.12063E-04    0.87301E-05    0.56368E-05   -0.22750E-05   -0.14099E-04    0.14804E-05    0.81327E-05   -0.40641E-05    0.54226E-06   -0.33651E-05    0.15709E-05    0.13024E-04   -0.61649E-06    0.73487E-05   -0.15972E-05   -0.68799E-05
   -0.24690E-07    0.19926E-06   -0.27033E-07   -0.36173E-06   -0.77319E-05   -0.30349E-06    0.52052E-07   -0.28201E-02    0.33248E-02   -0.27792E-02   -0.12583E-02    0.12797E-02   -0.81091E-04   -0.24231E-04    0.78235E-04   -0.20126E-04   -0.99007E-09    0.15882E-05   -0.58542E-05   -0.11641E-03    0.10692E-03    0.41487E-04   -0.27524E-04    0.70167E-05    0.66637E-05    0.23304E-03   -0.64322E-05   -0.18667E-04    0.20336E-04    0.28081E-04   -0.26320E-03    0.62917E-05   -0.35717E-04    0.63663E-05   -0.21991E-04    0.31563E-05    0.18930E-04   -0.40274E-04   -0.28340E-04    0.36490E-04
    0.16116E-05   -0.37759E-05    0.17424E-05   -0.12755E-04    0.12997E-02    0.94846E-04   -0.33295E-05   -0.69772E+00    0.97793E+00    0.38197E+00   -0.43145E-02   -0.18855E+00   -0.11975E-01    0.50675E-02    0.32462E-02   -0.17927E-02    0.41847E-06   -0.58542E-05    0.82232E-01   -0.39715E-02    0.47561E-02    0.59140E-02    0.20640E-02   -0.64622E-03   -0.88554E-02   -0.53298E-02   -0.12390E-01    0.22125E-02   -0.72794E-02   -0.24050E-02   -0.91326E-02   -0.12483E-02   -0.15732E-02   -0.26233E-02   -0.48635E-02   -0.87313E-02   -0.39375E-02   -0.11330E-01   -0.10725E-01   -0.16124E-02
   -0.10856E-03    0.46240E-03   -0.11202E-03   -0.12617E-02   -0.44620E-01   -0.40163E-02   -0.31603E-02   -0.74966E+01   -0.11547E+02   -0.10704E+02    0.12949E-01   -0.38367E+00   -0.30468E+00   -0.22925E-01   -0.42087E-01    0.10503E-02    0.11111E-04   -0.11641E-03   -0.39715E-02    0.74890E+01    0.42946E-01   -0.68381E-01    0.21031E+00    0.63027E-01   -0.82240E-01    0.20912E-01    0.72744E-01    0.20754E-01    0.75334E-01    0.74762E-01    0.14064E+00    0.24047E-01    0.12834E+00   -0.11252E-01   -0.44137E-01    0.10968E+00   -0.70873E-02    0.12691E+00    0.17759E-01    0.95246E-01
   -0.30186E-04    0.21910E-03   -0.36896E-04   -0.59670E-03   -0.66587E-02   -0.53228E-03   -0.23285E-03    0.12153E+02    0.69420E+00    0.10362E+01   -0.55342E+00   -0.33966E+00    0.23699E+00    0.71246E-02   -0.12180E-01    0.28465E-02   -0.21049E-04    0.10692E-03    0.47561E-02    0.42946E-01    0.69649E+00   -0.12212E+00    0.34509E-02    0.13408E-01    0.12729E-01    0.18435E+00   -0.34862E-01   -0.40221E-01   -0.27425E-01   -0.81925E-01    0.30574E-01    0.26580E-01   -0.24098E-01   -0.63836E-01   -0.12923E+00    0.16375E+00    0.37042E-01   -0.23920E-02    0.24034E-01    0.46243E-01
   -0.14152E-04    0.11244E-04    0.11843E-04   -0.39888E-03   -0.13799E-02   -0.13101E-03   -0.53761E-03   -0.11149E+02    0.59811E+00    0.12744E+01   -0.51333E+00   -0.50056E+00    0.12039E+00    0.60717E-02    0.48820E-02   -0.12781E-01   -0.18409E-04    0.41487E-04    0.59140E-02   -0.68381E-01   -0.12212E+00    0.92691E+00   -0.22422E-01   -0.13578E-01    0.35100E-01   -0.17022E+00    0.14469E+00    0.14437E-01   -0.37091E-01    0.51872E-01   -0.14348E+00    0.23570E-01    0.18952E-01    0.41223E-01    0.18357E+00   -0.23333E+00   -0.18332E-01    0.72277E-01   -0.10642E-03   -0.22620E+00
   -0.55829E-05    0.36572E-04    0.37805E-06    0.17546E-03   -0.27099E-02   -0.35904E-03    0.38089E-03    0.12031E+01    0.13079E+00   -0.40366E+00   -0.77062E-02    0.59117E-01   -0.37233E-01   -0.23537E-02    0.49130E-02   -0.11160E-02   -0.46294E-05   -0.27524E-04    0.20640E-02    0.21031E+00    0.34509E-02   -0.22422E-01    0.10204E+01   -0.81875E-02   -0.62031E-02   -0.48757E-01    0.20765E-02    0.13473E+00   -0.14702E-01    0.11553E+00    0.19613E-01    0.44456E-01   -0.10054E-01    0.55152E-02    0.73079E-01   -0.23576E-01   -0.17393E-01    0.55975E-01   -0.19049E+00    0.91560E-01
    0.57865E-05   -0.63874E-04   -0.44072E-05    0.23389E-03   -0.13195E-02    0.14241E-03    0.29039E-03    0.12061E+01   -0.21611E+00   -0.40521E+00    0.10789E+00    0.11934E+00   -0.30971E-01   -0.10917E-02   -0.81820E-02   -0.45134E-03    0.45100E-05    0.70167E-05   -0.64622E-03    0.63027E-01    0.13408E-01   -0.13578E-01   -0.81875E-02    0.10040E+01   -0.46944E-03    0.81470E-01   -0.59950E-01    0.88946E-01   -0.67716E-01    0.50081E-01    0.90849E-01    0.12738E+00    0.31308E-01    0.15118E+00   -0.13416E+00    0.11113E+00    0.69606E-01    0.18275E-01   -0.10891E+00    0.78000E-01
   -0.98679E-05    0.28658E-04   -0.68148E-05    0.15146E-03   -0.15246E-03    0.48349E-05    0.27617E-03    0.13788E-01   -0.20472E+00    0.28415E+00    0.56863E-01    0.33868E-01    0.74516E-01    0.67417E-03    0.55190E-02   -0.26181E-02   -0.12063E-04    0.66637E-05   -0.88554E-02   -0.82240E-01    0.12729E-01    0.35100E-01   -0.62031E-02   -0.46944E-03    0.96262E+00    0.33686E-01    0.16845E-02   -0.25788E-01    0.51965E-01    0.99313E-01    0.67228E-01   -0.83839E-01   -0.10924E+00    0.61975E-01    0.35365E-01    0.95329E-01   -0.78837E-01    0.42927E-01   -0.44330E-01    0.10328E-01
   -0.13502E-05    0.76490E-05   -0.15061E-04   -0.47280E-04   -0.91792E-03    0.25388E-03    0.88847E-04    0.18984E+01   -0.18732E+01    0.84756E+00    0.99995E+00   -0.26997E+00   -0.44190E-01    0.35700E-02   -0.40302E-01    0.44483E-02    0.87301E-05    0.23304E-03   -0.53298E-02    0.20912E-01    0.18435E+00   -0.17022E+00   -0.48757E-01    0.81470E-01    0.33686E-01    0.89229E+00   -0.20671E-01    0.45298E-01   -0.89900E-02   -0.16272E-01    0.26164E-01    0.99089E-01   -0.10649E+00   -0.13576E-02   -0.85720E-01    0.65850E+00    0.29009E+00   -0.61989E-01   -0.60581E-01    0.10765E+00
   -0.38537E-05    0.87553E-04   -0.12554E-04    0.27680E-06   -0.36101E-02   -0.28478E-03    0.32501E-03   -0.37028E+01   -0.37905E+00    0.65125E-01    0.14116E+00   -0.66115E-02    0.11854E-01   -0.37372E-02   -0.91886E-02    0.51948E-02    0.56368E-05   -0.64322E-05   -0.12390E-01    0.72744E-01   -0.34862E-01    0.14469E+00    0.20765E-02   -0.59950E-01    0.16845E-02   -0.20671E-01    0.10202E+01   -0.51922E-01    0.18663E-01    0.21527E-01    0.87642E-01    0.12548E-01   -0.49462E-01   -0.25493E-01    0.12791E+00   -0.45341E-01    0.21531E+00    0.81613E+00    0.34425E+00   -0.16851E+00
    0.10508E-04   -0.67517E-04   -0.39042E-06   -0.59180E-04    0.16518E-02    0.28708E-03   -0.36524E-03    0.13593E+01   -0.56171E+00    0.20116E+00    0.11268E+00   -0.15255E+00   -0.53715E-01   -0.69545E-03   -0.18416E-01   -0.68792E-02   -0.22750E-05   -0.18667E-04    0.22125E-02    0.20754E-01   -0.40221E-01    0.14437E-01    0.13473E+00    0.88946E-01   -0.25788E-01    0.45298E-01   -0.51922E-01    0.10309E+01    0.21919E-01    0.42473E-02    0.51730E-01   -0.39860E-01    0.98461E-01    0.16410E+00   -0.16971E+00   -0.18583E+00    0.65966E+00    0.85925E-01   -0.63546E+00    0.23241E+00
    0.44287E-05   -0.95554E-04   -0.16854E-05    0.24824E-03   -0.15669E-02    0.12114E-03    0.17232E-03    0.20081E+01   -0.69221E+00   -0.69809E+00    0.31614E+00    0.32866E+00   -0.44316E-01   -0.30553E-02   -0.50591E-02    0.10887E-01   -0.14099E-04    0.20336E-04   -0.72794E-02    0.75334E-01   -0.27425E-01   -0.37091E-01   -0.14702E-01   -0.67716E-01    0.51965E-01   -0.89900E-02    0.18663E-01    0.21919E-01    0.97986E+00    0.33078E-01   -0.34978E-02   -0.74759E-01   -0.12995E+00   -0.37442E-01   -0.10428E+00   -0.65470E-01    0.88100E-01   -0.20944E-01    0.29549E+00    0.68515E+00
   -0.75862E-05    0.60025E-04    0.62200E-05    0.19657E-03   -0.11900E-02   -0.21349E-03    0.43637E-03   -0.23679E+01   -0.20801E+00    0.43968E+00    0.73001E-01   -0.22740E+00    0.14079E-01   -0.21759E-02    0.23954E-02   -0.11953E-01    0.14804E-05    0.28081E-04   -0.24050E-02    0.74762E-01   -0.81925E-01    0.51872E-01    0.11553E+00    0.50081E-01    0.99313E-01   -0.16272E-01    0.21527E-01    0.42473E-02    0.33078E-01    0.10076E+01   -0.65917E-01    0.99986E-01    0.67056E-02    0.16489E+00    0.28776E-01    0.10679E+00   -0.55444E+00    0.41358E+00   -0.33532E+00    0.24592E+00
    0.16619E-05    0.24147E-04   -0.83186E-05    0.34450E-03   -0.50615E-02   -0.19341E-03    0.72020E-03    0.34550E+01    0.24063E+00   -0.17954E+01   -0.25914E-01    0.63924E+00   -0.11441E+00   -0.96358E-02    0.19468E-01   -0.41465E-02    0.81327E-05   -0.26320E-03   -0.91326E-02    0.14064E+00    0.30574E-01   -0.14348E+00    0.19613E-01    0.90849E-01    0.67228E-01    0.26164E-01    0.87642E-01    0.51730E-01   -0.34978E-02   -0.65917E-01    0.94655E+00   -0.18862E-01    0.10430E-01   -0.24877E-01   -0.36444E-01    0.62717E+00    0.14961E+00    0.16401E+00    0.68609E-01   -0.81403E-01
    0.76652E-05   -0.50153E-04    0.10219E-04   -0.39292E-04    0.47929E-02    0.32235E-04   -0.97247E-04   -0.60002E+00   -0.26948E+00    0.13091E+00   -0.15261E-01   -0.25394E+00    0.19687E-01    0.22482E-03   -0.26699E-02   -0.14509E-01   -0.40641E-05    0.62917E-05   -0.12483E-02    0.24047E-01    0.26580E-01    0.23570E-01    0.44456E-01    0.12738E+00   -0.83839E-01    0.99089E-01    0.12548E-01   -0.39860E-01   -0.74759E-01    0.99986E-01   -0.18862E-01    0.95054E+00    0.14869E-01   -0.20771E-01    0.90416E-02    0.66962E-01    0.14240E+00    0.28255E-01    0.13782E+00    0.16177E+00
   -0.73712E-05    0.38557E-04    0.24689E-06   -0.52779E-03   -0.84162E-04   -0.27586E-03   -0.10715E-02    0.11473E+01    0.25255E+00   -0.56761E+00   -0.75709E-01    0.18592E+00   -0.45648E-01   -0.21313E-02    0.84776E-02   -0.17302E-03    0.54226E-06   -0.35717E-04   -0.15732E-02    0.12834E+00   -0.24098E-01    0.18952E-01   -0.10054E-01    0.31308E-01   -0.10924E+00   -0.10649E+00   -0.49462E-01    0.98461E-01   -0.12995E+00    0.67056E-02    0.10430E-01    0.14869E-01    0.98108E+00   -0.37462E-01    0.22515E-01   -0.10552E+00    0.34787E-01    0.15297E+00    0.72562E-01   -0.77376E-01
    0.57154E-05    0.10816E-04   -0.69775E-05   -0.21682E-03   -0.46646E-03    0.18618E-04   -0.49805E-03   -0.21071E+01    0.14413E+00    0.65565E+00   -0.10020E+00   -0.38428E+00    0.27701E-01   -0.28955E-02    0.52446E-02   -0.17280E-01   -0.33651E-05    0.63663E-05   -0.26233E-02   -0.11252E-01   -0.63836E-01    0.41223E-01    0.55152E-02    0.15118E+00    0.61975E-01   -0.13576E-02   -0.25493E-01    0.16410E+00   -0.37442E-01    0.16489E+00   -0.24877E-01   -0.20771E-01   -0.37462E-01    0.96057E+00   -0.69714E-02   -0.34867E-01    0.24263E-01    0.10387E+00   -0.28258E+00    0.10980E+00
   -0.50786E-05    0.17196E-05    0.16299E-05   -0.16059E-03   -0.91916E-03   -0.93108E-04   -0.33699E-03   -0.44858E+01    0.21059E+00    0.37582E+00   -0.36918E-01   -0.15796E+00   -0.20564E-02   -0.10254E-02    0.42866E-02   -0.86482E-02    0.15709E-05   -0.21991E-04   -0.48635E-02   -0.44137E-01   -0.12923E+00    0.18357E+00    0.73079E-01   -0.13416E+00    0.35365E-01   -0.85720E-01    0.12791E+00   -0.16971E+00   -0.10428E+00    0.28776E-01   -0.36444E-01    0.90416E-02    0.22515E-01   -0.69714E-02    0.97243E+00   -0.64538E-01   -0.94662E-01    0.14508E-01    0.18128E+00   -0.11355E+00
   -0.39830E-05    0.44627E-04   -0.13729E-04    0.26265E-03   -0.42542E-02   -0.31828E-04    0.74073E-03    0.31905E+01   -0.10212E+01   -0.54441E+00    0.66328E+00    0.22865E+00   -0.85312E-01   -0.29816E-02   -0.91254E-02   -0.18770E-03    0.13024E-04    0.31563E-05   -0.87313E-02    0.10968E+00    0.16375E+00   -0.23333E+00   -0.23576E-01    0.11113E+00    0.95329E-01    0.65850E+00   -0.45341E-01   -0.18583E+00   -0.65470E-01    0.10679E+00    0.62717E+00    0.66962E-01   -0.10552E+00   -0.34867E-01   -0.64538E-01    0.98980E+00   -0.26853E-02    0.40362E-01    0.10343E-01   -0.12017E-01
    0.13620E-04   -0.79485E-04   -0.11829E-04   -0.12043E-03    0.11000E-02    0.36569E-03   -0.37458E-03    0.18870E+01   -0.97691E+00    0.33702E-01    0.36561E+00   -0.66066E-01   -0.77975E-01   -0.10977E-02   -0.28027E-01    0.75343E-03   -0.61649E-06    0.18930E-04   -0.39375E-02   -0.70873E-02    0.37042E-01   -0.18332E-01   -0.17393E-01    0.69606E-01   -0.78837E-01    0.29009E+00    0.21531E+00    0.65966E+00    0.88100E-01   -0.55444E+00    0.14961E+00    0.14240E+00    0.34787E-01    0.24263E-01   -0.94662E-01   -0.26853E-02    0.10071E+01   -0.30916E-01   -0.19206E-02    0.44338E-01
   -0.54548E-05    0.13360E-03   -0.12284E-04   -0.40999E-04   -0.37487E-02   -0.47553E-03    0.31067E-03   -0.19356E+01   -0.10516E+00    0.90218E-01    0.41653E-02   -0.45509E-01    0.20343E-01   -0.68975E-02   -0.83479E-03   -0.15125E-02    0.73487E-05   -0.40274E-04   -0.11330E-01    0.12691E+00   -0.23920E-02    0.72277E-01    0.55975E-01    0.18275E-01    0.42927E-01   -0.61989E-01    0.81613E+00    0.85925E-01   -0.20944E-01    0.41358E+00    0.16401E+00    0.28255E-01    0.15297E+00    0.10387E+00    0.14508E-01    0.40362E-01   -0.30916E-01    0.10463E+01    0.47322E-01    0.25929E-01
   -0.40276E-05    0.27514E-04   -0.78675E-05    0.20012E-04   -0.24594E-02   -0.23691E-03    0.17764E-03    0.58476E+00    0.11872E+00   -0.59869E+00    0.28897E-01    0.29716E+00   -0.49084E-02   -0.50369E-02    0.55121E-02    0.98148E-02   -0.15972E-05   -0.28340E-04   -0.10725E-01    0.17759E-01    0.24034E-01   -0.10642E-03   -0.19049E+00   -0.10891E+00   -0.44330E-01   -0.60581E-01    0.34425E+00   -0.63546E+00    0.29549E+00   -0.33532E+00    0.68609E-01    0.13782E+00    0.72562E-01   -0.28258E+00    0.18128E+00    0.10343E-01   -0.19206E-02    0.47322E-01    0.10132E+01   -0.17576E-01
    0.31177E-05   -0.28081E-04    0.44662E-05    0.74619E-04   -0.91231E-03    0.21815E-04   -0.11194E-04    0.43525E+01   -0.68958E+00   -0.67178E+00    0.41392E+00    0.32399E+00   -0.31483E-01   -0.21578E-02   -0.10012E-01    0.12556E-01   -0.68799E-05    0.36490E-04   -0.16124E-02    0.95246E-01    0.46243E-01   -0.22620E+00    0.91560E-01    0.78000E-01    0.10328E-01    0.10765E+00   -0.16851E+00    0.23241E+00    0.68515E+00    0.24592E+00   -0.81403E-01    0.16177E+00   -0.77376E-01    0.10980E+00   -0.11355E+00   -0.12017E-01    0.44338E-01    0.25929E-01   -0.17576E-01    0.99182E+00
