# omegabh2 omegach2 theta tau meffsterile nnu logA ns calPlanck acib217 xi asz143 aps100 aps143 aps143217 aps217 aksz kgal100 kgal143 kgal143217 kgal217 cal0 cal2
    0.9522798E-07    0.3599972E-06    0.7728299E-08    0.4128970E-05   -0.9879491E-05    0.4790636E-04    0.9062173E-05    0.3050640E-05    0.5839007E-07   -0.4834707E-05   -0.9371864E-07    0.1650007E-04   -0.8952623E-04   -0.1973573E-03   -0.1098204E-03   -0.8557103E-04   -0.2063870E-04    0.1588718E-04    0.5840952E-05   -0.9389764E-05   -0.4613529E-06    0.3581820E-08    0.2565019E-08
    0.3599972E-06    0.1687502E-04   -0.1279481E-05    0.8550455E-05   -0.2836310E-03    0.7623800E-03    0.4647498E-04    0.2484937E-04   -0.1448097E-08    0.4710479E-02   -0.5663606E-04   -0.1102811E-02    0.1969367E-01    0.8631008E-02    0.1424730E-02   -0.2505090E-02    0.1998472E-02    0.1513579E-03    0.1504308E-03    0.3529816E-03   -0.7959137E-03   -0.5419643E-07    0.5053028E-06
    0.7728299E-08   -0.1279481E-05    0.2825378E-06    0.9054973E-06    0.3485664E-05   -0.5943048E-04   -0.4035241E-06   -0.1242599E-05    0.2506983E-07   -0.4944151E-03    0.6333311E-05    0.1157296E-03   -0.2002748E-02   -0.9228518E-03   -0.1441408E-03    0.2750518E-03   -0.2135068E-03   -0.1640166E-04   -0.1015271E-04   -0.4828608E-04    0.6639332E-04    0.7615857E-08   -0.5461721E-07
    0.4128970E-05    0.8550455E-05    0.9054973E-06    0.4142483E-03   -0.3500222E-03    0.2575955E-02    0.8275833E-03    0.1952098E-03   -0.3830831E-06   -0.8698351E-03    0.4376881E-04    0.2384902E-03   -0.6031916E-02   -0.5886257E-02   -0.2741700E-02   -0.2223898E-02   -0.4388401E-03    0.9929520E-03    0.3530358E-03   -0.9475164E-03   -0.2213386E-02   -0.2156549E-06   -0.3964747E-06
   -0.9879491E-05   -0.2836310E-03    0.3485664E-05   -0.3500222E-03    0.3852628E-01   -0.5851006E-02   -0.8259568E-03   -0.7558081E-03   -0.1285418E-04   -0.7418065E-03    0.5550955E-03   -0.2874978E-02    0.2330376E-01    0.9174495E-01    0.8842065E-01    0.6556562E-01   -0.5047849E-02    0.4541505E-03    0.1195063E-02    0.7748604E-02    0.1286569E-01   -0.2504007E-05    0.2709614E-05
    0.4790636E-04    0.7623800E-03   -0.5943048E-04    0.2575955E-02   -0.5851006E-02    0.5819842E-01    0.6667195E-02    0.2631364E-02    0.2594043E-04    0.2631825E+00   -0.3309148E-02   -0.5818599E-01    0.1055750E+01    0.4629627E+00    0.7550196E-01   -0.1377739E+00    0.1017732E+00    0.1432104E-01    0.4334601E-02    0.1048533E-01   -0.5560868E-01   -0.2664296E-05    0.2670536E-04
    0.9062173E-05    0.4647498E-04   -0.4035241E-06    0.8275833E-03   -0.8259568E-03    0.6667195E-02    0.1742065E-02    0.4334233E-03    0.1192154E-04    0.7731367E-02    0.5571054E-05   -0.1787479E-02    0.3373165E-01    0.8592864E-02    0.9152440E-03   -0.2868277E-02    0.2157054E-02    0.2075321E-02    0.3468897E-03   -0.1564329E-02   -0.4120832E-02   -0.3007017E-06    0.1895468E-06
    0.3050640E-05    0.2484937E-04   -0.1242599E-05    0.1952098E-03   -0.7558081E-03    0.2631364E-02    0.4334233E-03    0.1668201E-03    0.2519718E-05    0.3201005E-02   -0.1113374E-04   -0.3882289E-03    0.6443081E-02    0.5866446E-02    0.3671877E-02    0.1309396E-02    0.3320376E-04    0.1058362E-02   -0.3993271E-04   -0.4837937E-03   -0.1517385E-02   -0.2471389E-06    0.2515253E-06
    0.5839007E-07   -0.1448097E-08    0.2506983E-07   -0.3830831E-06   -0.1285418E-04    0.2594043E-04    0.1192154E-04    0.2519718E-05    0.6483876E-05    0.7501323E-03    0.9348902E-06   -0.3246027E-04    0.3731750E-02    0.6114318E-03    0.2829920E-03    0.1328790E-02   -0.2513052E-04    0.2773767E-04   -0.4415745E-04   -0.4208534E-04    0.7008662E-03   -0.8929614E-08   -0.3873942E-07
   -0.4834707E-05    0.4710479E-02   -0.4944151E-03   -0.8698351E-03   -0.7418065E-03    0.2631825E+00    0.7731367E-02    0.3201005E-02    0.7501323E-03    0.5015690E+02   -0.4766096E+00   -0.1714836E+01    0.4643456E+02    0.3972959E+01   -0.1919052E+02   -0.6620000E+02    0.6224943E+00   -0.1759839E+00    0.2632763E+00   -0.2988368E+01   -0.2561355E+02   -0.1138496E-03    0.4524147E-02
   -0.9371864E-07   -0.5663606E-04    0.6333311E-05    0.4376881E-04    0.5550955E-03   -0.3309148E-02    0.5571054E-05   -0.1113374E-04    0.9348902E-06   -0.4766096E+00    0.8123305E-01   -0.7529314E-01   -0.3468516E+00    0.8787127E+00    0.1611350E+01    0.6843534E+00    0.7567672E-01   -0.4408280E-02    0.8397319E-02    0.8395978E-01    0.1094063E+00    0.4986800E-05   -0.1984363E-04
    0.1650007E-04   -0.1102811E-02    0.1157296E-03    0.2384902E-03   -0.2874978E-02   -0.5818599E-01   -0.1787479E-02   -0.3882289E-03   -0.3246027E-04   -0.1714836E+01   -0.7529314E-01    0.3932357E+01   -0.3058117E+02   -0.4095368E+01    0.7993540E+01    0.7023914E+01   -0.3196737E+01   -0.1873119E+00    0.9037264E-01    0.2488465E+01    0.2048478E+01    0.1866853E-03   -0.3976100E-03
   -0.8952623E-04    0.1969367E-01   -0.2002748E-02   -0.6031916E-02    0.2330376E-01    0.1055750E+01    0.3373165E-01    0.6443081E-02    0.3731750E-02    0.4643456E+02   -0.3468516E+00   -0.3058117E+02    0.7479712E+03    0.8129408E+02   -0.5165544E+02   -0.7065964E+02    0.1713074E+02   -0.1030581E+01   -0.2046538E+00   -0.1338756E+02   -0.2021860E+02    0.4824387E-02    0.4800941E-02
   -0.1973573E-03    0.8631008E-02   -0.9228518E-03   -0.5886257E-02    0.9174495E-01    0.4629627E+00    0.8592864E-02    0.5866446E-02    0.6114318E-03    0.3972959E+01    0.8787127E+00   -0.4095368E+01    0.8129408E+02    0.6412770E+02    0.4244487E+02    0.1681334E+02   -0.3922140E+01   -0.3850968E+00   -0.1080838E+01    0.3942313E+01    0.3337574E+01    0.2641684E-03    0.4490669E-03
   -0.1098204E-03    0.1424730E-02   -0.1441408E-03   -0.2741700E-02    0.8842065E-01    0.7550196E-01    0.9152440E-03    0.3671877E-02    0.2829920E-03   -0.1919052E+02    0.1611350E+01    0.7993540E+01   -0.5165544E+02    0.4244487E+02    0.9063230E+02    0.6588192E+02   -0.1311733E+02   -0.6450856E+00   -0.3906394E+00    0.4626634E+01    0.5841018E+01    0.7570400E-03   -0.2477113E-02
   -0.8557103E-04   -0.2505090E-02    0.2750518E-03   -0.2223898E-02    0.6556562E-01   -0.1377739E+00   -0.2868277E-02    0.1309396E-02    0.1328790E-02   -0.6620000E+02    0.6843534E+00    0.7023914E+01   -0.7065964E+02    0.1681334E+02    0.6588192E+02    0.1269827E+03   -0.1148583E+02   -0.1936258E+00   -0.5278146E+00    0.9090042E+00    0.2245684E+02    0.5637963E-03   -0.7740695E-02
   -0.2063870E-04    0.1998472E-02   -0.2135068E-03   -0.4388401E-03   -0.5047849E-02    0.1017732E+00    0.2157054E-02    0.3320376E-04   -0.2513052E-04    0.6224943E+00    0.7567672E-01   -0.3196737E+01    0.1713074E+02   -0.3922140E+01   -0.1311733E+02   -0.1148583E+02    0.7222716E+01    0.1266303E+00   -0.9521447E-01   -0.2196345E+01   -0.1708641E+01   -0.1613684E-03    0.2276083E-03
    0.1588718E-04    0.1513579E-03   -0.1640166E-04    0.9929520E-03    0.4541505E-03    0.1432104E-01    0.2075321E-02    0.1058362E-02    0.2773767E-04   -0.1759839E+00   -0.4408280E-02   -0.1873119E+00   -0.1030581E+01   -0.3850968E+00   -0.6450856E+00   -0.1936258E+00    0.1266303E+00    0.3192057E+01    0.7258988E+00    0.2577852E+00    0.4877290E+00    0.3986912E-03   -0.7818001E-05
    0.5840952E-05    0.1504308E-03   -0.1015271E-04    0.3530358E-03    0.1195063E-02    0.4334601E-02    0.3468897E-03   -0.3993271E-04   -0.4415745E-04    0.2632763E+00    0.8397319E-02    0.9037264E-01   -0.2046538E+00   -0.1080838E+01   -0.3906394E+00   -0.5278146E+00   -0.9521447E-01    0.7258988E+00    0.3083031E+01    0.2367014E+01    0.1292900E+01   -0.4067913E-03   -0.2175614E-03
   -0.9389764E-05    0.3529816E-03   -0.4828608E-04   -0.9475164E-03    0.7748604E-02    0.1048533E-01   -0.1564329E-02   -0.4837937E-03   -0.4208534E-04   -0.2988368E+01    0.8395978E-01    0.2488465E+01   -0.1338756E+02    0.3942313E+01    0.4626634E+01    0.9090042E+00   -0.2196345E+01    0.2577852E+00    0.2367014E+01    0.1791675E+02    0.2722784E+02   -0.7609439E-04    0.2426564E-02
   -0.4613529E-06   -0.7959137E-03    0.6639332E-04   -0.2213386E-02    0.1286569E-01   -0.5560868E-01   -0.4120832E-02   -0.1517385E-02    0.7008662E-03   -0.2561355E+02    0.1094063E+00    0.2048478E+01   -0.2021860E+02    0.3337574E+01    0.5841018E+01    0.2245684E+02   -0.1708641E+01    0.4877290E+00    0.1292900E+01    0.2722784E+02    0.6217378E+02   -0.4978945E-04    0.4296718E-02
    0.3581820E-08   -0.5419643E-07    0.7615857E-08   -0.2156549E-06   -0.2504007E-05   -0.2664296E-05   -0.3007017E-06   -0.2471389E-06   -0.8929614E-08   -0.1138496E-03    0.4986800E-05    0.1866853E-03    0.4824387E-02    0.2641684E-03    0.7570400E-03    0.5637963E-03   -0.1613684E-03    0.3986912E-03   -0.4067913E-03   -0.7609439E-04   -0.4978945E-04    0.5367922E-06    0.1729760E-07
    0.2565019E-08    0.5053028E-06   -0.5461721E-07   -0.3964747E-06    0.2709614E-05    0.2670536E-04    0.1895468E-06    0.2515253E-06   -0.3873942E-07    0.4524147E-02   -0.1984363E-04   -0.3976100E-03    0.4800941E-02    0.4490669E-03   -0.2477113E-02   -0.7740695E-02    0.2276083E-03   -0.7818001E-05   -0.2175614E-03    0.2426564E-02    0.4296718E-02    0.1729760E-07    0.2076210E-05
