# omegam omegab H0 A ns DES_b1 DES_b2 DES_b3 DES_b4 DES_b5 DES_m1 DES_m2 DES_m3 DES_m4 DES_AIA DES_alphaIA DES_DzL1 DES_DzL2 DES_DzL3 DES_DzL4 DES_DzL5 DES_DzS1 DES_DzS2 DES_DzS3 DES_DzS4
  8.0862926E-04   8.1393598E-05  -1.3637960E-01  -8.6598049E-03  -5.9431931E-04   2.8769919E-03   3.1062034E-03   3.0117834E-03   3.6484104E-03   3.7997158E-03  -1.9713982E-05  -9.0642673E-06  -2.2009836E-05   1.5502176E-06  -1.0443620E-03  -4.2510404E-03  -7.2549080E-06  -8.9642161E-06  -1.0607870E-05  -2.4546720E-05  -2.4759474E-05  -9.2142096E-06   1.6345423E-06   6.8635423E-06   3.2282464E-05
  8.1393598E-05   1.1363171E-04   4.9148398E-02  -2.3088825E-03   1.2289592E-05   3.2786964E-04   3.5557222E-04   3.4749634E-04   4.2564182E-04   4.2496780E-04  -1.7467361E-07  -4.2333169E-08  -6.2106531E-07   3.7644209E-07  -1.0713763E-04  -7.0889209E-04  -1.9492632E-06  -1.2290521E-06  -1.6132136E-06  -3.4711906E-06  -4.9066693E-06  -5.4277571E-07   3.7947288E-07  -1.8861686E-06   1.4142635E-06
 -1.3637960E-01   4.9148398E-02   9.7678335E+01  -2.1644582E+00  -7.7509380E-02  -4.5903083E-01  -4.9326815E-01  -4.6949381E-01  -5.5194392E-01  -5.5336666E-01   2.3476094E-03   3.4014108E-03   4.5177857E-03  -1.9852765E-03   1.9102341E-01   5.0802135E-01  -4.1919629E-04   7.7843352E-04   1.7886359E-03   4.1485850E-03   4.4249957E-03   1.8962273E-03  -8.9147308E-04  -2.5506852E-03  -6.7391274E-03
 -8.6598049E-03  -2.3088825E-03  -2.1644582E+00   3.6537785E-01   2.0940137E-02  -3.6529640E-02  -4.0771565E-02  -4.0874701E-02  -5.1120542E-02  -5.6091691E-02   3.1050911E-04  -1.1938798E-04  -1.0825512E-03  -7.3183726E-04   1.3166627E-02  -5.0977534E-03   1.3998369E-04   1.2553918E-04   1.1232856E-04   2.0651415E-04   1.9124655E-04   1.0106926E-04  -1.2653157E-04  -3.8579870E-04  -1.1219548E-03
 -5.9431931E-04   1.2289592E-05  -7.7509380E-02   2.0940137E-02   3.0674339E-03  -1.7183057E-03  -1.8635805E-03  -1.7312321E-03  -2.0593996E-03  -1.9829326E-03   2.6886131E-05  -1.8828444E-05   3.6643827E-05   1.7767264E-05   9.2191639E-04   3.8673715E-03   8.7221732E-06   6.3447866E-06  -2.1556790E-06   6.0120103E-06  -1.8025864E-06   1.0354669E-05   3.7446045E-06  -6.3582440E-06  -1.4166560E-05
  2.8769919E-03   3.2786964E-04  -4.5903083E-01  -3.6529640E-02  -1.7183057E-03   1.5654155E-02   1.2279262E-02   1.2116652E-02   1.4747486E-02   1.5417131E-02  -7.2425078E-05   2.5229517E-05   2.5424825E-04   2.1190024E-04  -4.7537448E-03   4.8307936E-03   1.0679007E-04  -1.4106380E-05  -2.9869089E-05  -7.1363101E-05  -8.6127700E-05  -4.1049918E-05   5.2983286E-05   1.0849266E-04   3.0064636E-04
  3.1062034E-03   3.5557222E-04  -4.9326815E-01  -4.0771565E-02  -1.8635805E-03   1.2279262E-02   1.5766591E-02   1.3366510E-02   1.6299305E-02   1.7122382E-02  -8.3118271E-05   5.7572012E-06   2.6913851E-04   2.6125374E-04  -5.0245572E-03  -1.4106197E-03  -2.6055458E-05   3.2424953E-05  -4.4391384E-05  -7.9636309E-05  -9.5364452E-05  -4.0337656E-05   5.0305712E-05   1.2805551E-04   3.4229311E-04
  3.0117834E-03   3.4749634E-04  -4.6949381E-01  -4.0874701E-02  -1.7312321E-03   1.2116652E-02   1.3366510E-02   1.4660864E-02   1.6076323E-02   1.6916961E-02  -7.0069711E-05  -4.7594665E-06   2.7128366E-04   2.5593437E-04  -4.7886150E-03  -2.0399766E-04  -2.0691405E-05  -2.9790338E-05   1.2794377E-05  -8.1317696E-05  -8.9886600E-05  -4.4077053E-05   4.7697746E-05   1.3308804E-04   3.4955355E-04
  3.6484104E-03   4.2564182E-04  -5.5194392E-01  -5.1120542E-02  -2.0593996E-03   1.4747486E-02   1.6299305E-02   1.6076323E-02   2.1573389E-02   2.0717015E-02  -8.3752863E-05  -8.1591805E-06   3.3635851E-04   3.0761179E-04  -6.0835952E-03  -2.0063206E-03  -2.6417713E-05  -3.5436732E-05  -5.5214241E-05  -3.8580263E-06  -1.1230700E-04  -4.9239818E-05   5.6891402E-05   1.5519772E-04   4.3561757E-04
  3.7997158E-03   4.2496780E-04  -5.5336666E-01  -5.6091691E-02  -1.9829326E-03   1.5417131E-02   1.7122382E-02   1.6916961E-02   2.0717015E-02   2.6392625E-02  -7.3641187E-05  -1.4121712E-06   3.3900177E-04   2.9167547E-04  -6.1599057E-03  -1.9140422E-03  -2.9386632E-05  -3.3533258E-05  -5.3963223E-05  -1.0324956E-04   2.6287452E-06  -5.6282560E-05   5.9141035E-05   1.5009756E-04   4.2822028E-04
 -1.9713982E-05  -1.7467361E-07   2.3476094E-03   3.1050911E-04   2.6886131E-05  -7.2425078E-05  -8.3118271E-05  -7.0069711E-05  -8.3752863E-05  -7.3641187E-05   5.2496997E-04   8.6953405E-06   4.9874179E-06  -1.7466863E-06   1.5581641E-04  -3.2653855E-03   9.1740233E-07  -1.6911009E-06   2.7365457E-06  -2.7318846E-06   9.5848003E-07  -2.5760326E-05   6.6382526E-06  -1.0277879E-06   2.0647855E-06
 -9.0642673E-06  -4.2333169E-08   3.4014108E-03  -1.1938798E-04  -1.8828444E-05   2.5229517E-05   5.7572012E-06  -4.7594665E-06  -8.1591805E-06  -1.4121712E-06   8.6953405E-06   4.9738177E-04   1.9381578E-05   1.1288598E-05   2.4200260E-04  -1.5538445E-03   1.4119361E-06   8.2549940E-07   1.9642479E-07  -2.3912953E-06   1.2328076E-06   1.8310640E-05  -2.8083879E-05   4.9211269E-06   6.9454203E-06
 -2.2009836E-05  -6.2106531E-07   4.5177857E-03  -1.0825512E-03   3.6643827E-05   2.5424825E-04   2.6913851E-04   2.7128366E-04   3.3635851E-04   3.3900177E-04   4.9874179E-06   1.9381578E-05   4.4681834E-04   5.5589349E-05  -1.3807800E-04   3.3400792E-03  -7.5379039E-08   1.1466838E-06   3.3839189E-07   1.3680366E-06   2.2030062E-06   7.3200560E-06   1.6763662E-05  -2.8533884E-05   4.9076299E-05
  1.5502176E-06   3.7644209E-07  -1.9852765E-03  -7.3183726E-04   1.7767264E-05   2.1190024E-04   2.6125374E-04   2.5593437E-04   3.0761179E-04   2.9167547E-04  -1.7466863E-06   1.1288598E-05   5.5589349E-05   4.5539880E-04  -2.1645616E-04   2.9026709E-03   3.2563052E-07  -1.1419763E-06   2.6946441E-07   1.6184142E-06  -2.4535106E-06  -8.9845185E-07   8.7649970E-06   1.8335652E-05  -6.9378834E-05
 -1.0443620E-03  -1.0713763E-04   1.9102341E-01   1.3166627E-02   9.2191639E-04  -4.7537448E-03  -5.0245572E-03  -4.7886150E-03  -6.0835952E-03  -6.1599057E-03   1.5581641E-04   2.4200260E-04  -1.3807800E-04  -2.1645616E-04   3.9660362E-02   1.3886381E-01  -3.3559589E-05  -5.6570798E-05   5.7478915E-05  -1.8609499E-04  -1.9178455E-05   2.9303773E-04   2.6785004E-04   1.9048826E-04  -2.2101578E-04
 -4.2510404E-03  -7.0889209E-04   5.0802135E-01  -5.0977534E-03   3.8673715E-03   4.8307936E-03  -1.4106197E-03  -2.0399766E-04  -2.0063206E-03  -1.9140422E-03  -3.2653855E-03  -1.5538445E-03   3.3400792E-03   2.9026709E-03   1.3886381E-01   5.4202641E+00   1.0853020E-03   3.5500116E-04   1.9013813E-04  -9.1818254E-04  -4.5019942E-04  -1.0248661E-02  -2.1256970E-03   2.4344922E-03   2.1067163E-03
 -7.2549080E-06  -1.9492632E-06  -4.1919629E-04   1.3998369E-04   8.7221732E-06   1.0679007E-04  -2.6055458E-05  -2.0691405E-05  -2.6417713E-05  -2.9386632E-05   9.1740233E-07   1.4119361E-06  -7.5379039E-08   3.2563052E-07  -3.3559589E-05   1.0853020E-03   5.6881269E-05   2.2996556E-07   5.5813655E-08   4.5451173E-07   4.2722321E-09   3.1436068E-06  -5.7740522E-08   2.1792498E-06   9.5543375E-07
 -8.9642161E-06  -1.2290521E-06   7.7843352E-04   1.2553918E-04   6.3447866E-06  -1.4106380E-05   3.2424953E-05  -2.9790338E-05  -3.5436732E-05  -3.3533258E-05  -1.6911009E-06   8.2549940E-07   1.1466838E-06  -1.1419763E-06  -5.6570798E-05   3.5500116E-04   2.2996556E-07   4.3463553E-05   5.4054633E-07   2.0769923E-07   6.6864748E-07   1.0375207E-06   3.8070526E-06   8.4059618E-07   3.7223922E-08
 -1.0607870E-05  -1.6132136E-06   1.7886359E-03   1.1232856E-04  -2.1556790E-06  -2.9869089E-05  -4.4391384E-05   1.2794377E-05  -5.5214241E-05  -5.3963223E-05   2.7365457E-06   1.9642479E-07   3.3839189E-07   2.6946441E-07   5.7478915E-05   1.9013813E-04   5.5813655E-08   5.4054633E-07   4.3689839E-05   3.1862967E-07   5.3719586E-07   1.0210104E-06   5.3816463E-06   4.1792903E-06  -1.4174721E-06
 -2.4546720E-05  -3.4711906E-06   4.1485850E-03   2.0651415E-04   6.0120103E-06  -7.1363101E-05  -7.9636309E-05  -8.1317696E-05  -3.8580263E-06  -1.0324956E-04  -2.7318846E-06  -2.3912953E-06   1.3680366E-06   1.6184142E-06  -1.8609499E-04  -9.1818254E-04   4.5451173E-07   2.0769923E-07   3.1862967E-07   8.1440655E-05   1.4699277E-06  -3.0729262E-09   5.7807542E-07   7.7643046E-06   9.4658073E-06
 -2.4759474E-05  -4.9066693E-06   4.4249957E-03   1.9124655E-04  -1.8025864E-06  -8.6127700E-05  -9.5364452E-05  -8.9886600E-05  -1.1230700E-04   2.6287452E-06   9.5848003E-07   1.2328076E-06   2.2030062E-06  -2.4535106E-06  -1.9178455E-05  -4.5019942E-04   4.2722321E-09   6.6864748E-07   5.3719586E-07   1.4699277E-06   9.6366473E-05   6.7963310E-07   2.1982638E-07  -1.2224453E-06   8.5250977E-06
 -9.2142096E-06  -5.4277571E-07   1.8962273E-03   1.0106926E-04   1.0354669E-05  -4.1049918E-05  -4.0337656E-05  -4.4077053E-05  -4.9239818E-05  -5.6282560E-05  -2.5760326E-05   1.8310640E-05   7.3200560E-06  -8.9845185E-07   2.9303773E-04  -1.0248661E-02   3.1436068E-06   1.0375207E-06   1.0210104E-06  -3.0729262E-09   6.7963310E-07   1.9834423E-04   2.0038574E-05   1.4292195E-06  -7.5872955E-07
  1.6345423E-06   3.7947288E-07  -8.9147308E-04  -1.2653157E-04   3.7446045E-06   5.2983286E-05   5.0305712E-05   4.7697746E-05   5.6891402E-05   5.9141035E-05   6.6382526E-06  -2.8083879E-05   1.6763662E-05   8.7649970E-06   2.6785004E-04  -2.1256970E-03  -5.7740522E-08   3.8070526E-06   5.3816463E-06   5.7807542E-07   2.1982638E-07   2.0038574E-05   1.1599329E-04   8.7058036E-06   1.0093838E-05
  6.8635423E-06  -1.8861686E-06  -2.5506852E-03  -3.8579870E-04  -6.3582440E-06   1.0849266E-04   1.2805551E-04   1.3308804E-04   1.5519772E-04   1.5009756E-04  -1.0277879E-06   4.9211269E-06  -2.8533884E-05   1.8335652E-05   1.9048826E-04   2.4344922E-03   2.1792498E-06   8.4059618E-07   4.1792903E-06   7.7643046E-06  -1.2224453E-06   1.4292195E-06   8.7058036E-06   9.5949590E-05   2.3608856E-05
  3.2282464E-05   1.4142635E-06  -6.7391274E-03  -1.1219548E-03  -1.4166560E-05   3.0064636E-04   3.4229311E-04   3.4955355E-04   4.3561757E-04   4.2822028E-04   2.0647855E-06   6.9454203E-06   4.9076299E-05  -6.9378834E-05  -2.2101578E-04   2.1067163E-03   9.5543375E-07   3.7223922E-08  -1.4174721E-06   9.4658073E-06   8.5250977E-06  -7.5872955E-07   1.0093838E-05   2.3608856E-05   3.5407706E-04
