# omegabh2 omegach2 theta tau Alens logA ns aps100 aps143 aps217 acib143 acib217 asz143 psr cibr ncib xi aksz cal0 cal2 calTE calEE bm_1_1
    0.3348474E-07   -0.1873931E-06    0.2364688E-07    0.1522349E-06    0.5799132E-05   -0.3486043E-07    0.5080043E-06   -0.5031526E-03   -0.2908772E-03    0.1734797E-03   -0.6406011E-04   -0.1983266E-03    0.6056574E-06    0.2395301E-06   -0.2443488E-05   -0.2429011E-05    0.5737392E-06   -0.5695006E-04    0.7763028E-08   -0.1594500E-07   -0.1882397E-06   -0.2257807E-06   -0.1511659E-05
   -0.1873931E-06    0.2554778E-05   -0.2151777E-06   -0.1106948E-05   -0.5197977E-04    0.3619008E-05   -0.6168603E-05    0.3026408E-02    0.1399077E-02   -0.8376167E-03    0.3483471E-03    0.1034896E-02    0.7358998E-04   -0.1544314E-06    0.2502458E-04    0.7053479E-05   -0.3119913E-05    0.3417433E-03   -0.1112648E-08    0.2602868E-06    0.9168883E-06   -0.2121891E-06    0.3138679E-04
    0.2364688E-07   -0.2151777E-06    0.1021120E-06    0.1241968E-06    0.5604930E-05   -0.1552518E-06    0.6472746E-06   -0.6049228E-03   -0.1706984E-03    0.3426516E-05   -0.5471997E-05   -0.4217801E-04    0.1339727E-04    0.4529240E-06   -0.4202431E-05    0.3047871E-06    0.2841999E-06   -0.2812284E-04    0.8964578E-08   -0.1174750E-07   -0.1176895E-06    0.1273859E-07   -0.4846783E-05
    0.1522349E-06   -0.1106948E-05    0.1241968E-06    0.1635277E-03   -0.2857805E-03    0.3231484E-03    0.8965733E-05    0.2218434E-02   -0.1926954E-02    0.2775356E-02   -0.2735346E-03   -0.2736987E-02   -0.1088843E-02   -0.2462016E-04   -0.5435819E-04   -0.1784080E-04    0.6124187E-04   -0.7054652E-03    0.3205471E-07    0.6772270E-06   -0.1966228E-06   -0.1755052E-05   -0.8491271E-04
    0.5799132E-05   -0.5197977E-04    0.5604930E-05   -0.2857805E-03    0.4686045E-02   -0.6707848E-03    0.1466181E-03   -0.1589783E+00   -0.3246614E-01    0.7541951E-01   -0.2338991E-01   -0.5196645E-01   -0.4152123E-02    0.1067846E-03   -0.9932812E-03   -0.4824142E-03    0.3583315E-03   -0.2949640E-01   -0.3529318E-06   -0.3637022E-05   -0.9432800E-04   -0.2390724E-04   -0.4829411E-03
   -0.3486043E-07    0.3619008E-05   -0.1552518E-06    0.3231484E-03   -0.6707848E-03    0.6586974E-03    0.3174183E-05    0.5044571E-02    0.3419973E-02    0.8386482E-02   -0.1892581E-02   -0.4361610E-02   -0.2441906E-02   -0.5123186E-04   -0.7984174E-04   -0.5318810E-05    0.1572311E-03   -0.2444888E-02    0.2740339E-06    0.3721883E-05    0.3047034E-05   -0.3899889E-06    0.4398382E-03
    0.5080043E-06   -0.6168603E-05    0.6472746E-06    0.8965733E-05    0.1466181E-03    0.3174183E-05    0.2710185E-04   -0.1482401E-01   -0.2974786E-02    0.1319582E-01   -0.3408555E-02   -0.7529832E-02   -0.1019686E-02    0.1597939E-04   -0.1574901E-03   -0.5196675E-04    0.6360722E-04   -0.3940727E-02   -0.2363309E-06    0.1093424E-06   -0.3467917E-05   -0.2365472E-05    0.1426683E-03
   -0.5031526E-03    0.3026408E-02   -0.6049228E-03    0.2218434E-02   -0.1589783E+00    0.5044571E-02   -0.1482401E-01    0.2467790E+04    0.1116332E+03   -0.8566495E+02    0.4419784E+02    0.6050392E+02   -0.5812517E+02   -0.7433052E+00   -0.8547137E+00    0.5926212E+00    0.8264138E+00   -0.1440890E+02    0.4398705E-02   -0.4831159E-03   -0.5099201E-03   -0.9010017E-03    0.1081015E+02
   -0.2908772E-03    0.1399077E-02   -0.1706984E-03   -0.1926954E-02   -0.3246614E-01    0.3419973E-02   -0.2974786E-02    0.1116332E+03    0.1027396E+03    0.1904970E+02   -0.1287259E+02    0.4680944E+01   -0.8358324E+01   -0.1902487E+00    0.8501232E-01    0.8092894E-01    0.9696858E+00   -0.1218628E+02   -0.5107988E-04    0.2037863E-02    0.4920779E-02    0.4840404E-02    0.1689318E+00
    0.1734797E-03   -0.8376167E-03    0.3426516E-05    0.2775356E-02    0.7541951E-01    0.8386482E-02    0.1319582E-01   -0.8566495E+02    0.1904970E+02    0.2710512E+03   -0.2081211E+02   -0.1234818E+03    0.2074085E+01   -0.6271406E-01   -0.1265554E+01   -0.1753708E+01    0.5988707E+00   -0.8108690E+01   -0.2173736E-03   -0.3339840E-02   -0.1110144E-03   -0.1835955E-02    0.3378563E-01
   -0.6406011E-04    0.3483471E-03   -0.5471997E-05   -0.2735346E-03   -0.2338991E-01   -0.1892581E-02   -0.3408555E-02    0.4419784E+02   -0.1287259E+02   -0.2081211E+02    0.1620941E+02    0.1219314E+02   -0.1508445E+01    0.2867994E-01   -0.8563652E-01    0.1911662E+00    0.1600093E+00   -0.3038961E+00   -0.8764133E-04   -0.1285220E-02   -0.6642174E-03   -0.6467018E-03   -0.2238070E+00
   -0.1983266E-03    0.1034896E-02   -0.4217801E-04   -0.2736987E-02   -0.5196645E-01   -0.4361610E-02   -0.7529832E-02    0.6050392E+02    0.4680944E+01   -0.1234818E+03    0.1219314E+02    0.6747948E+02   -0.3892230E+00    0.1030778E+00    0.5948483E+00    0.1069919E+01   -0.2791906E+00   -0.2368575E+01    0.4029619E-04    0.1014857E-02    0.1304385E-02    0.2818269E-02    0.1348815E+00
    0.6056574E-06    0.7358998E-04    0.1339727E-04   -0.1088843E-02   -0.4152123E-02   -0.2441906E-02   -0.1019686E-02   -0.5812517E+02   -0.8358324E+01    0.2074085E+01   -0.1508445E+01   -0.3892230E+00    0.6661214E+01    0.8872952E-01    0.2270398E+00    0.1345659E-01   -0.9777023E-01   -0.4298741E-01    0.2169665E-04   -0.6951266E-03   -0.3603577E-04    0.5534101E-04    0.1580628E+00
    0.2395301E-06   -0.1544314E-06    0.4529240E-06   -0.2462016E-04    0.1067846E-03   -0.5123186E-04    0.1597939E-04   -0.7433052E+00   -0.1902487E+00   -0.6271406E-01    0.2867994E-01    0.1030778E+00    0.8872952E-01    0.1260680E-01   -0.5429171E-02    0.5509721E-02    0.7058300E-02   -0.2387502E-01    0.8129981E-07   -0.2907370E-04   -0.6760796E-05    0.1805816E-04    0.2146619E-02
   -0.2443488E-05    0.2502458E-04   -0.4202431E-05   -0.5435819E-04   -0.9932812E-03   -0.7984174E-04   -0.1574901E-03   -0.8547137E+00    0.8501232E-01   -0.1265554E+01   -0.8563652E-01    0.5948483E+00    0.2270398E+00   -0.5429171E-02    0.5945998E-01    0.2941416E-03    0.1165479E-02   -0.4635873E-01   -0.1838534E-05    0.7037023E-04   -0.2904770E-04    0.3105982E-04    0.8659688E-02
   -0.2429011E-05    0.7053479E-05    0.3047871E-06   -0.1784080E-04   -0.4824142E-03   -0.5318810E-05   -0.5196675E-04    0.5926212E+00    0.8092894E-01   -0.1753708E+01    0.1911662E+00    0.1069919E+01    0.1345659E-01    0.5509721E-02    0.2941416E-03    0.2693527E-01   -0.6395264E-03   -0.4389707E-01    0.6697596E-06   -0.8279435E-04    0.2924015E-04    0.7283635E-04    0.9516543E-02
    0.5737392E-06   -0.3119913E-05    0.2841999E-06    0.6124187E-04    0.3583315E-03    0.1572311E-03    0.6360722E-04    0.8264138E+00    0.9696858E+00    0.5988707E+00    0.1600093E+00   -0.2791906E+00   -0.9777023E-01    0.7058300E-02    0.1165479E-02   -0.6395264E-03    0.8237143E-01   -0.8470162E-02   -0.3458967E-05   -0.2800065E-04    0.5069068E-06   -0.2012080E-04    0.1965840E-02
   -0.5695006E-04    0.3417433E-03   -0.2812284E-04   -0.7054652E-03   -0.2949640E-01   -0.2444888E-02   -0.3940727E-02   -0.1440890E+02   -0.1218628E+02   -0.8108690E+01   -0.3038961E+00   -0.2368575E+01   -0.4298741E-01   -0.2387502E-01   -0.4635873E-01   -0.4389707E-01   -0.8470162E-02    0.7612735E+01    0.9104795E-04   -0.7296302E-04    0.4085563E-03   -0.4368195E-03   -0.9046875E-01
    0.7763028E-08   -0.1112648E-08    0.8964578E-08    0.3205471E-07   -0.3529318E-06    0.2740339E-06   -0.2363309E-06    0.4398705E-02   -0.5107988E-04   -0.2173736E-03   -0.8764133E-04    0.4029619E-04    0.2169665E-04    0.8129981E-07   -0.1838534E-05    0.6697596E-06   -0.3458967E-05    0.9104795E-04    0.8559834E-06    0.3028171E-07    0.4445289E-07    0.2044393E-06   -0.9320032E-04
   -0.1594500E-07    0.2602868E-06   -0.1174750E-07    0.6772270E-06   -0.3637022E-05    0.3721883E-05    0.1093424E-06   -0.4831159E-03    0.2037863E-02   -0.3339840E-02   -0.1285220E-02    0.1014857E-02   -0.6951266E-03   -0.2907370E-04    0.7037023E-04   -0.8279435E-04   -0.2800065E-04   -0.7296302E-04    0.3028171E-07    0.5736260E-05    0.9231822E-06    0.1168478E-05    0.2715098E-03
   -0.1882397E-06    0.9168883E-06   -0.1176895E-06   -0.1966228E-06   -0.9432800E-04    0.3047034E-05   -0.3467917E-05   -0.5099201E-03    0.4920779E-02   -0.1110144E-03   -0.6642174E-03    0.1304385E-02   -0.3603577E-04   -0.6760796E-05   -0.2904770E-04    0.2924015E-04    0.5069068E-06    0.4085563E-03    0.4445289E-07    0.9231822E-06    0.2329511E-04    0.7472958E-05    0.2820013E-03
   -0.2257807E-06   -0.2121891E-06    0.1273859E-07   -0.1755052E-05   -0.2390724E-04   -0.3899889E-06   -0.2365472E-05   -0.9010017E-03    0.4840404E-02   -0.1835955E-02   -0.6467018E-03    0.2818269E-02    0.5534101E-04    0.1805816E-04    0.3105982E-04    0.7283635E-04   -0.2012080E-04   -0.4368195E-03    0.2044393E-06    0.1168478E-05    0.7472958E-05    0.2038932E-04    0.3406399E-03
   -0.1511659E-05    0.3138679E-04   -0.4846783E-05   -0.8491271E-04   -0.4829411E-03    0.4398382E-03    0.1426683E-03    0.1081015E+02    0.1689318E+00    0.3378563E-01   -0.2238070E+00    0.1348815E+00    0.1580628E+00    0.2146619E-02    0.8659688E-02    0.9516543E-02    0.1965840E-02   -0.9046875E-01   -0.9320032E-04    0.2715098E-03    0.2820013E-03    0.3406399E-03    0.2527019E+00
