# omegabh2 omegach2 theta tau alpha1 ns logA aps100 aps143 aps217 acib143 acib217 asz143 psr cibr ncib cal0 cal2 xi aksz bm_1_1 bm_1_2 bm_1_3 bm_1_4 bm_1_5 bm_2_1 bm_2_2 bm_2_3 bm_2_4 bm_2_5 bm_3_1 bm_3_2 bm_3_3 bm_3_4 bm_3_5 bm_4_1 bm_4_2 bm_4_3 bm_4_4 bm_4_5 a_ps_act_148 a_ps_act_217 a_ps_spt_95 a_ps_spt_150 a_ps_spt_220 r_ps_spt_95x150 r_ps_spt_95x220 r_ps_150x220 act_dust_s act_dust_e cal_acts_148 cal_acts_217 cal_acte_148 cal_acte_217 cal_spt_95 cal_spt_150 cal_spt_220
    0.77363E-07   -0.37874E-06    0.67634E-07    0.12676E-05   -0.17807E-06    0.89407E-06    0.18355E-05   -0.38000E-03   -0.75197E-03   -0.61041E-03   -0.26913E-05    0.44240E-04    0.19635E-04   -0.12379E-05   -0.48433E-07    0.11645E-05   -0.41134E-08   -0.30745E-08   -0.32584E-05   -0.39921E-04   -0.14142E-04   -0.20101E-04    0.13835E-05    0.47286E-05    0.26296E-05   -0.27606E-05    0.51004E-05   -0.19012E-05    0.10350E-04   -0.45166E-05   -0.17733E-05   -0.12244E-04   -0.91322E-05    0.58852E-05   -0.21285E-05   -0.39361E-05   -0.95762E-06    0.62014E-06    0.18737E-05    0.10240E-04    0.82871E-05    0.75358E-04    0.17514E-04    0.21499E-04    0.81637E-04   -0.50035E-06   -0.43288E-06    0.11995E-07   -0.23989E-06   -0.86910E-06    0.38496E-06    0.40405E-06    0.42245E-06    0.41524E-06    0.90793E-06    0.75095E-06    0.56046E-06
   -0.37874E-06    0.75861E-05   -0.90160E-06   -0.11144E-04   -0.11121E-05   -0.18693E-04   -0.31504E-05    0.29858E-02    0.40181E-02    0.36062E-02   -0.13377E-04   -0.41697E-03   -0.18083E-03    0.38872E-05   -0.15061E-05   -0.91167E-05    0.70678E-09    0.75362E-07    0.22575E-04    0.87669E-04    0.13626E-03    0.29469E-04   -0.33875E-04    0.40118E-04    0.16011E-05    0.30578E-04   -0.15912E-03    0.76701E-05   -0.59700E-04   -0.39721E-05   -0.15008E-04    0.28963E-04    0.19235E-04    0.40564E-04    0.45162E-04    0.24127E-04   -0.89429E-07   -0.15532E-03   -0.83370E-04   -0.92851E-04   -0.13080E-05   -0.20522E-03    0.12195E-04   -0.54521E-04   -0.26856E-03    0.17157E-06   -0.34141E-05   -0.11248E-05    0.33797E-05    0.67074E-05   -0.19732E-05   -0.19113E-05   -0.22779E-05   -0.19117E-05   -0.43887E-05   -0.34746E-05   -0.23742E-05
    0.67634E-07   -0.90160E-06    0.46058E-06    0.10078E-05    0.61377E-06    0.32605E-05   -0.17484E-06   -0.29015E-03   -0.60116E-03   -0.61093E-03   -0.29608E-05    0.73617E-04    0.17178E-04   -0.12713E-05   -0.27829E-06    0.19140E-05   -0.16115E-08   -0.26428E-08   -0.32726E-05   -0.18312E-04   -0.14474E-04   -0.16804E-04   -0.17621E-05   -0.13126E-04    0.17443E-04    0.14048E-04    0.14244E-04   -0.22236E-04    0.18409E-04    0.11400E-04   -0.98072E-05   -0.40730E-05   -0.12123E-04   -0.27633E-04   -0.18546E-04    0.92003E-05   -0.16516E-04    0.13793E-04    0.22235E-04    0.17655E-04   -0.86919E-06    0.35314E-05    0.22308E-06    0.89780E-05    0.87597E-05   -0.17430E-06   -0.43400E-06    0.11466E-06   -0.92459E-06    0.13881E-05    0.32388E-06    0.25643E-06    0.39827E-06    0.24255E-06    0.61978E-06    0.50956E-06    0.23816E-06
    0.12676E-05   -0.11144E-04    0.10078E-05    0.20033E-03   -0.94321E-05    0.29471E-04    0.37583E-03   -0.34667E-01   -0.20206E-01   -0.15816E-01   -0.34167E-03    0.11629E-02    0.14916E-03   -0.43758E-05   -0.49989E-05    0.40118E-04   -0.12642E-06   -0.32692E-06   -0.47884E-04   -0.12384E-02   -0.39676E-03   -0.23127E-03    0.21178E-03    0.20415E-03   -0.30884E-03    0.16147E-03    0.25648E-03   -0.32092E-04   -0.36461E-05   -0.15492E-03    0.31020E-03   -0.15246E-03   -0.28177E-03    0.10462E-03   -0.13826E-04    0.28668E-03    0.16211E-03    0.41576E-04    0.16865E-03    0.14541E-03    0.45992E-03    0.15978E-02    0.59240E-03    0.81362E-03    0.13171E-02   -0.13351E-04   -0.44825E-05    0.43098E-05   -0.26350E-04   -0.89413E-05    0.97892E-05    0.90117E-05    0.10667E-04    0.98625E-05    0.22463E-04    0.17901E-04    0.83433E-05
   -0.17807E-06   -0.11121E-05    0.61377E-06   -0.94321E-05    0.72888E-05    0.90708E-05   -0.24846E-04   -0.24860E-02   -0.42555E-03   -0.20292E-03    0.43702E-04    0.66742E-04    0.86850E-04   -0.36289E-05   -0.25194E-05    0.79243E-06    0.31876E-08    0.16216E-06   -0.27394E-04   -0.89752E-04   -0.63823E-04   -0.23666E-04   -0.14725E-03   -0.20461E-03    0.12543E-03    0.17578E-03    0.81973E-04   -0.22351E-04    0.59105E-04    0.20894E-03   -0.57802E-04   -0.29416E-04   -0.90789E-05   -0.17039E-03   -0.12615E-03    0.12738E-03   -0.95545E-04    0.15530E-03   -0.18361E-04    0.41354E-04   -0.82660E-04    0.10368E-03   -0.11692E-03   -0.66467E-04   -0.19520E-03    0.42034E-05   -0.21818E-05   -0.10202E-06   -0.79226E-08    0.62830E-05    0.23143E-06    0.27435E-06   -0.97498E-07    0.33851E-06   -0.73444E-06   -0.76716E-06   -0.13060E-05
    0.89407E-06   -0.18693E-04    0.32605E-05    0.29471E-04    0.90708E-05    0.67997E-04    0.57227E-05   -0.41373E-01   -0.22750E-01   -0.16525E-01    0.77704E-04    0.16845E-02    0.10619E-02   -0.36569E-04   -0.23694E-05    0.38928E-04   -0.95839E-07    0.30607E-06   -0.20157E-03   -0.15367E-02   -0.59198E-03   -0.45215E-03   -0.27703E-03   -0.75832E-04    0.21732E-03    0.51185E-03    0.67366E-03   -0.17003E-03    0.22828E-03    0.15402E-03    0.12762E-03   -0.11934E-03   -0.22163E-03   -0.20823E-03   -0.29709E-03    0.47608E-03    0.60854E-05    0.70471E-03    0.27921E-03    0.32693E-03    0.26505E-04    0.16360E-02   -0.69251E-04    0.24791E-03    0.11326E-02    0.10851E-05   -0.58260E-05   -0.56675E-07   -0.61612E-05   -0.20055E-04    0.10417E-04    0.88572E-05    0.10420E-04    0.84238E-05    0.18851E-04    0.14841E-04    0.74728E-05
    0.18355E-05   -0.31504E-05   -0.17484E-06    0.37583E-03   -0.24846E-04    0.57227E-05    0.75748E-03   -0.70671E-01   -0.33735E-01   -0.24386E-01   -0.87626E-03    0.13391E-02   -0.25245E-03   -0.67722E-05   -0.19737E-04    0.68290E-04   -0.19171E-06   -0.18173E-06   -0.59540E-04   -0.22797E-02   -0.18995E-04   -0.32042E-03    0.41297E-03    0.52876E-03   -0.61790E-03    0.70229E-03    0.23209E-03   -0.14263E-03   -0.10059E-03   -0.41593E-03    0.55394E-03   -0.25910E-03   -0.52662E-03    0.38616E-03    0.54396E-04    0.83342E-03    0.41881E-03   -0.27830E-03    0.21995E-03    0.43812E-04    0.96098E-03    0.26919E-02    0.14737E-02    0.15273E-02    0.18321E-02   -0.44172E-04   -0.38931E-04    0.65896E-05   -0.47691E-04    0.17659E-05    0.15674E-04    0.13538E-04    0.16871E-04    0.15599E-04    0.35521E-04    0.28455E-04    0.11078E-04
   -0.38000E-03    0.29858E-02   -0.29015E-03   -0.34667E-01   -0.24860E-02   -0.41373E-01   -0.70671E-01    0.16396E+04    0.89868E+02    0.17402E+02    0.45060E+00    0.16643E+01   -0.11089E+02    0.82749E-02   -0.76275E-01   -0.59814E-01    0.12852E-02   -0.27673E-02    0.11210E+01    0.72138E+01    0.16028E+02   -0.70002E+01    0.98195E+00   -0.58181E+00   -0.69517E+00   -0.26175E+01   -0.51394E+01   -0.71840E+00   -0.87767E+00   -0.11510E+01    0.47982E+00    0.12683E+01   -0.15171E+01   -0.19681E+01   -0.38567E+01   -0.91410E+00   -0.21004E+01   -0.34964E+01   -0.46034E+00    0.22949E+01    0.73890E+00   -0.22359E+01    0.56666E+01   -0.69396E-01    0.40250E+01   -0.36461E-01   -0.32142E+00   -0.78242E-01    0.36436E-01    0.64562E-01   -0.27437E-01    0.87721E-02   -0.22300E-01    0.77626E-02   -0.62313E-01   -0.35699E-01    0.15949E-01
   -0.75197E-03    0.40181E-02   -0.60116E-03   -0.20206E-01   -0.42555E-03   -0.22750E-01   -0.33735E-01    0.89868E+02    0.64114E+02    0.17226E+02    0.30013E+00    0.58862E+00   -0.16812E+01    0.32982E-01    0.15974E-01   -0.24774E-01    0.31227E-04   -0.87192E-03    0.12468E+00   -0.16905E+00    0.11495E+00    0.44240E-01    0.19526E+00   -0.11189E-01   -0.25640E+00    0.28280E+00   -0.50186E+00   -0.87744E-02   -0.32994E+00   -0.22759E-01   -0.23010E+00    0.31061E+00    0.11333E+00   -0.11053E+00    0.13154E+00    0.10471E+00    0.99609E-02   -0.52807E+00   -0.17487E+00   -0.45551E-01    0.35401E+00   -0.19581E+01    0.10175E+01   -0.23809E+00   -0.10058E+01    0.62554E-02   -0.54863E-01   -0.35084E-01    0.33191E-02    0.31934E-01   -0.12287E-01   -0.65009E-02   -0.12268E-01   -0.72759E-02   -0.29592E-01   -0.19175E-01   -0.60616E-02
   -0.61041E-03    0.36062E-02   -0.61093E-03   -0.15816E-01   -0.20292E-03   -0.16525E-01   -0.24386E-01    0.17402E+02    0.17226E+02    0.93214E+02   -0.13873E+01   -0.33157E+02    0.99102E-01   -0.33133E+00   -0.54962E-01   -0.42248E+00    0.49253E-04   -0.37345E-03   -0.45327E-01    0.10313E+01    0.15856E+00    0.77886E+00    0.98777E-01    0.23546E+00   -0.11266E+00    0.20152E+00    0.11261E-01    0.61651E+00    0.97340E-01   -0.63680E-01    0.45742E+00    0.48371E+00    0.56198E+00    0.63915E+00    0.26602E+00    0.23226E+00    0.71714E+00    0.23927E+00   -0.46042E-01    0.11883E+00    0.29685E-01    0.16642E+02   -0.23105E+00    0.44868E+00    0.77096E+01   -0.90060E-01   -0.12612E+00    0.46948E-02    0.37189E-01    0.69655E-01   -0.75863E-02   -0.26815E-01   -0.56136E-02   -0.30410E-01   -0.45150E-02   -0.10461E-01   -0.55310E-01
   -0.26913E-05   -0.13377E-04   -0.29608E-05   -0.34167E-03    0.43702E-04    0.77704E-04   -0.87626E-03    0.45060E+00    0.30013E+00   -0.13873E+01    0.66217E+00    0.13828E+01    0.57324E+00    0.57708E-02   -0.17964E-02   -0.88689E-04   -0.10386E-04    0.48461E-04    0.20381E-03   -0.96348E+00   -0.33744E-02   -0.53194E-02    0.14502E-01    0.92284E-02    0.17651E-01   -0.24815E-01    0.27027E-02   -0.40186E-03    0.12208E-02    0.99470E-02    0.29442E-01    0.10615E-01    0.26634E-03   -0.24883E-01   -0.10348E-01    0.38824E-02   -0.12601E-01    0.18796E-01    0.11654E-01    0.28728E-01    0.47817E-01   -0.29534E+00   -0.22158E+00   -0.27696E-01   -0.13649E+00    0.48787E-01    0.48098E-01   -0.40475E-02   -0.19229E-03   -0.30724E-02    0.13346E-03    0.34897E-03   -0.40700E-04    0.29669E-03   -0.87092E-03    0.44889E-03    0.16857E-02
    0.44240E-04   -0.41697E-03    0.73617E-04    0.11629E-02    0.66742E-04    0.16845E-02    0.13391E-02    0.16643E+01    0.58862E+00   -0.33157E+02    0.13828E+01    0.20692E+02    0.19826E+01    0.20228E+00    0.36378E-01    0.26420E+00    0.20143E-05    0.17687E-03   -0.31736E+00   -0.43067E+01    0.13938E+00   -0.52017E+00   -0.50348E-01   -0.57304E-01    0.51037E-01   -0.61450E-01    0.29013E-01   -0.44062E+00   -0.73107E-01    0.16165E-01   -0.25426E+00   -0.53908E+00   -0.21263E+00   -0.48204E+00   -0.22292E+00   -0.62773E-01   -0.52289E+00   -0.23082E-01    0.82078E-01    0.35934E-01   -0.23392E+00   -0.11213E+02   -0.32066E+00   -0.62304E+00   -0.70580E+01    0.80205E-01    0.90818E-01   -0.12875E-01   -0.11385E-01   -0.30271E-01   -0.57175E-03    0.64366E-02   -0.18649E-02    0.83379E-02   -0.30259E-02   -0.21460E-02    0.19616E-01
    0.19635E-04   -0.18083E-03    0.17178E-04    0.14916E-03    0.86850E-04    0.10619E-02   -0.25245E-03   -0.11089E+02   -0.16812E+01    0.99102E-01    0.57324E+00    0.19826E+01    0.19520E+01    0.20634E-01    0.25177E-01    0.14213E-01   -0.91560E-05   -0.10844E-03   -0.18729E+00   -0.23602E+01    0.61923E-01   -0.39560E-02    0.12320E-01    0.82314E-01    0.44093E-01    0.70201E-01    0.31688E-01   -0.40301E-01   -0.45595E-01    0.41361E-01   -0.34213E-01   -0.26746E-01    0.33768E-01    0.13933E-01   -0.27578E-01    0.49629E-01   -0.52740E-01    0.60568E-01   -0.16294E-01    0.81174E-04   -0.70065E-01   -0.78743E+00   -0.81143E+00   -0.84586E-01   -0.11790E+01    0.46132E-01    0.74275E-01   -0.17795E-02   -0.11891E-02   -0.64650E-02    0.35968E-03   -0.24632E-02    0.18451E-03   -0.24086E-02    0.33720E-02    0.26446E-03   -0.19756E-02
   -0.12379E-05    0.38872E-05   -0.12713E-05   -0.43758E-05   -0.36289E-05   -0.36569E-04   -0.67722E-05    0.82749E-02    0.32982E-01   -0.33133E+00    0.57708E-02    0.20228E+00    0.20634E-01    0.41534E-02    0.25906E-04    0.27234E-02    0.41017E-06   -0.57765E-06   -0.10183E-02   -0.23326E-01    0.65677E-03   -0.17730E-03    0.76286E-03   -0.11233E-02    0.13347E-02   -0.20721E-02   -0.58078E-02   -0.29713E-02   -0.61042E-02    0.28862E-02   -0.43391E-02   -0.42594E-03   -0.30750E-02   -0.21546E-02   -0.87113E-03   -0.21371E-02   -0.63535E-02   -0.63272E-02   -0.46001E-02   -0.60802E-02    0.18393E-03   -0.13754E+00   -0.10992E-01   -0.22608E-02   -0.91365E-01    0.74914E-03    0.18244E-02    0.30490E-03   -0.19057E-03   -0.18720E-03   -0.31532E-04   -0.93152E-05   -0.42699E-04    0.18071E-04   -0.17938E-04   -0.49372E-04    0.13620E-03
   -0.48433E-07   -0.15061E-05   -0.27829E-06   -0.49989E-05   -0.25194E-05   -0.23694E-05   -0.19737E-04   -0.76275E-01    0.15974E-01   -0.54962E-01   -0.17964E-02    0.36378E-01    0.25177E-01    0.25906E-04    0.32115E-02   -0.18622E-03   -0.49556E-06    0.31837E-05   -0.11168E-02   -0.18132E-01    0.11534E-02   -0.32342E-03    0.15428E-02    0.26166E-02   -0.98510E-04   -0.18363E-02    0.39312E-03    0.17711E-02    0.96439E-04    0.15227E-04    0.15423E-02   -0.39685E-03    0.14074E-02   -0.16871E-02    0.94466E-03   -0.76184E-03    0.47690E-03    0.17164E-02   -0.18065E-03    0.10586E-02    0.66599E-02   -0.17912E-02   -0.15693E-01    0.41649E-02    0.55811E-03    0.30184E-03    0.18625E-02   -0.43023E-03   -0.14417E-03   -0.35096E-03    0.59814E-06    0.38039E-04    0.12763E-05    0.38567E-04    0.65292E-04    0.23865E-05    0.10114E-03
    0.11645E-05   -0.91167E-05    0.19140E-05    0.40118E-04    0.79243E-06    0.38928E-04    0.68290E-04   -0.59814E-01   -0.24774E-01   -0.42248E+00   -0.88689E-04    0.26420E+00    0.14213E-01    0.27234E-02   -0.18622E-03    0.47555E-02    0.28482E-06   -0.45982E-05   -0.44427E-02   -0.30455E-01    0.49629E-02   -0.12495E-01   -0.39305E-02   -0.21846E-02   -0.82621E-03    0.24835E-02    0.41676E-02   -0.10261E-01    0.25265E-02   -0.37504E-02   -0.85891E-02   -0.14665E-01   -0.37043E-02   -0.98798E-02   -0.66319E-02   -0.18068E-02   -0.79183E-02    0.29623E-02    0.66439E-02    0.43728E-02   -0.67290E-02   -0.17697E+00   -0.28218E-03   -0.90433E-02   -0.12341E+00   -0.21387E-03    0.78359E-04    0.21561E-03   -0.70266E-04   -0.34475E-03   -0.27834E-05    0.41279E-04   -0.17435E-04    0.74321E-04    0.26790E-04   -0.35366E-04    0.17423E-03
   -0.41134E-08    0.70678E-09   -0.16115E-08   -0.12642E-06    0.31876E-08   -0.95839E-07   -0.19171E-06    0.12852E-02    0.31227E-04    0.49253E-04   -0.10386E-04    0.20143E-05   -0.91560E-05    0.41017E-06   -0.49556E-06    0.28482E-06    0.15786E-06    0.55466E-08   -0.10615E-05    0.74288E-05   -0.29432E-04   -0.83052E-05   -0.66099E-05   -0.70723E-06    0.39295E-05    0.14233E-04   -0.51164E-05    0.44560E-05   -0.65875E-06    0.23282E-05    0.62868E-05   -0.33776E-05   -0.61379E-05    0.69026E-05    0.17918E-05    0.15017E-04    0.36294E-05   -0.57091E-05   -0.10699E-04    0.24200E-05   -0.59654E-05   -0.21517E-04    0.11825E-04   -0.58603E-05   -0.17075E-04   -0.13734E-05   -0.17078E-05    0.18755E-08   -0.77614E-08    0.24744E-05   -0.32033E-07   -0.96666E-07    0.16633E-07   -0.13250E-07   -0.89160E-07   -0.78619E-07   -0.39772E-07
   -0.30745E-08    0.75362E-07   -0.26428E-08   -0.32692E-06    0.16216E-06    0.30607E-06   -0.18173E-06   -0.27673E-02   -0.87192E-03   -0.37345E-03    0.48461E-04    0.17687E-03   -0.10844E-03   -0.57765E-06    0.31837E-05   -0.45982E-05    0.55466E-08    0.11122E-05    0.14229E-04    0.67253E-04    0.10637E-03    0.45311E-04    0.45967E-04   -0.21275E-04    0.38087E-04    0.42254E-03    0.51860E-04    0.11464E-04    0.31047E-04    0.44540E-04   -0.35481E-03   -0.11239E-04   -0.58787E-04    0.32491E-04   -0.45404E-04    0.73861E-04    0.77834E-04   -0.35467E-04   -0.88834E-04    0.11614E-04    0.23306E-04    0.14717E-03    0.72730E-04    0.15402E-04    0.23007E-03    0.21162E-05    0.58598E-07   -0.22284E-05    0.45557E-07    0.60513E-07    0.31449E-06    0.11855E-05    0.19336E-06    0.10204E-05    0.66590E-07    0.70204E-06    0.14801E-05
   -0.32584E-05    0.22575E-04   -0.32726E-05   -0.47884E-04   -0.27394E-04   -0.20157E-03   -0.59540E-04    0.11210E+01    0.12468E+00   -0.45327E-01    0.20381E-03   -0.31736E+00   -0.18729E+00   -0.10183E-02   -0.11168E-02   -0.44427E-02   -0.10615E-05    0.14229E-04    0.65016E-01    0.36656E+00   -0.75270E-02    0.52105E-03    0.22712E-02   -0.13786E-01   -0.76598E-02   -0.20245E-01   -0.18910E-01    0.15979E-01    0.10204E-01   -0.97681E-02    0.23434E-02    0.12916E-01   -0.74999E-02   -0.57627E-02   -0.58869E-02   -0.18473E-01    0.12105E-01   -0.18968E-01    0.44754E-04    0.12008E-01    0.59820E-01    0.10944E+00    0.66172E-02    0.52589E-01    0.17654E+00    0.42667E-02    0.83533E-02    0.12621E-02   -0.13083E-04   -0.81295E-04    0.59304E-04    0.25316E-03    0.72861E-04    0.22072E-03   -0.22614E-03    0.22574E-03    0.50269E-03
   -0.39921E-04    0.87669E-04   -0.18312E-04   -0.12384E-02   -0.89752E-04   -0.15367E-02   -0.22797E-02    0.72138E+01   -0.16905E+00    0.10313E+01   -0.96348E+00   -0.43067E+01   -0.23602E+01   -0.23326E-01   -0.18132E-01   -0.30455E-01    0.74288E-05    0.67253E-04    0.36656E+00    0.45764E+01   -0.51250E-01    0.65792E-01   -0.11321E-01   -0.10765E+00   -0.90226E-01   -0.80177E-01   -0.98720E-02    0.10655E+00    0.93754E-01   -0.10283E+00   -0.12613E-01    0.25016E-01   -0.44646E-01   -0.17970E-02    0.18399E-01   -0.12434E+00    0.14648E+00   -0.73493E-01    0.36310E-01    0.69005E-02    0.56242E-01    0.12972E+01    0.36135E+00    0.21256E+00    0.16999E+01   -0.51137E-01   -0.36193E-01    0.17826E-01   -0.23548E-02    0.14267E-04    0.66562E-03    0.25324E-02    0.10741E-02    0.24382E-02    0.32224E-03    0.18406E-02    0.26475E-02
   -0.14142E-04    0.13626E-03   -0.14474E-04   -0.39676E-03   -0.63823E-04   -0.59198E-03   -0.18995E-04    0.16028E+02    0.11495E+00    0.15856E+00   -0.33744E-02    0.13938E+00    0.61923E-01    0.65677E-03    0.11534E-02    0.49629E-02   -0.29432E-04    0.10637E-03   -0.75270E-02   -0.51250E-01    0.65050E+00   -0.16255E+00    0.19561E-02    0.91466E-02    0.92449E-03    0.20182E+00   -0.24866E-01   -0.57211E-01   -0.14794E-01   -0.48828E-01    0.10848E-03    0.45176E-01   -0.29755E-01   -0.63229E-01   -0.14335E+00    0.16304E+00    0.21629E-01    0.97306E-03    0.36726E-01    0.72816E-01   -0.11070E-02   -0.11544E+00   -0.30221E-01   -0.58248E-02   -0.14914E+00    0.86146E-04    0.23381E-02    0.40529E-03   -0.78177E-04   -0.27581E-02    0.36108E-04   -0.12702E-04   -0.25249E-04   -0.10840E-03    0.38310E-03   -0.19630E-03   -0.29592E-03
   -0.20101E-04    0.29469E-04   -0.16804E-04   -0.23127E-03   -0.23666E-04   -0.45215E-03   -0.32042E-03   -0.70002E+01    0.44240E-01    0.77886E+00   -0.53194E-02   -0.52017E+00   -0.39560E-02   -0.17730E-03   -0.32342E-03   -0.12495E-01   -0.83052E-05    0.45311E-04    0.52105E-03    0.65792E-01   -0.16255E+00    0.97975E+00    0.59320E-01   -0.24221E-01    0.69378E-03   -0.15982E+00    0.14894E+00    0.10563E+00   -0.14501E-01    0.17146E-02   -0.11792E+00    0.64289E-01    0.27563E-01    0.10445E+00    0.23234E+00   -0.24776E+00    0.10144E+00    0.50992E-01   -0.16021E-01   -0.21393E+00    0.57345E-02    0.29157E+00   -0.85518E-02    0.50677E-02    0.26961E+00   -0.55330E-03    0.30850E-03    0.30470E-03    0.10041E-02    0.56014E-03   -0.27597E-03   -0.22150E-03   -0.21885E-03   -0.38371E-03   -0.45919E-03   -0.16135E-03   -0.32677E-03
    0.13835E-05   -0.33875E-04   -0.17621E-05    0.21178E-03   -0.14725E-03   -0.27703E-03    0.41297E-03    0.98195E+00    0.19526E+00    0.98777E-01    0.14502E-01   -0.50348E-01    0.12320E-01    0.76286E-03    0.15428E-02   -0.39305E-02   -0.66099E-05    0.45967E-04    0.22712E-02   -0.11321E-01    0.19561E-02    0.59320E-01    0.97645E+00    0.93163E-02    0.94337E-02   -0.90990E-02   -0.40747E-01    0.16718E+00   -0.42179E-01    0.76030E-01   -0.36892E-01    0.25275E-01   -0.30370E-01   -0.26650E-01    0.70829E-01   -0.45733E-01    0.33937E-01   -0.19386E-01   -0.20980E+00    0.27623E-01    0.14972E-02    0.66503E-01   -0.23364E-01    0.56616E-02    0.58802E-01    0.77760E-03    0.24885E-02   -0.18830E-03   -0.45005E-03   -0.32391E-03   -0.49359E-04    0.30049E-04   -0.22418E-03   -0.39552E-05   -0.14296E-03   -0.83929E-04    0.29888E-03
    0.47286E-05    0.40118E-04   -0.13126E-04    0.20415E-03   -0.20461E-03   -0.75832E-04    0.52876E-03   -0.58181E+00   -0.11189E-01    0.23546E+00    0.92284E-02   -0.57304E-01    0.82314E-01   -0.11233E-02    0.26166E-02   -0.21846E-02   -0.70723E-06   -0.21275E-04   -0.13786E-01   -0.10765E+00    0.91466E-02   -0.24221E-01    0.93163E-02    0.92845E+00    0.18084E-01    0.36263E-01   -0.84692E-01    0.47951E-01   -0.69151E-01    0.22486E-01    0.30048E-01    0.91895E-01   -0.18041E-01    0.14081E+00   -0.83856E-01    0.49556E-01    0.27165E-01   -0.33950E-01   -0.11233E+00    0.49626E-01    0.95518E-02    0.39625E-01   -0.13269E-01   -0.31056E-02   -0.66792E-01   -0.91075E-03   -0.78657E-04   -0.64056E-03    0.19349E-02   -0.31922E-03    0.11413E-03   -0.83929E-04    0.12835E-03   -0.19817E-03   -0.41273E-04   -0.37186E-04   -0.51355E-03
    0.26296E-05    0.16011E-05    0.17443E-04   -0.30884E-03    0.12543E-03    0.21732E-03   -0.61790E-03   -0.69517E+00   -0.25640E+00   -0.11266E+00    0.17651E-01    0.51037E-01    0.44093E-01    0.13347E-02   -0.98510E-04   -0.82621E-03    0.39295E-05    0.38087E-04   -0.76598E-02   -0.90226E-01    0.92449E-03    0.69378E-03    0.94337E-02    0.18084E-01    0.10037E+01    0.65755E-01   -0.24552E-01   -0.56738E-01    0.29063E-01    0.12740E+00    0.69990E-01   -0.92946E-01   -0.72633E-01    0.54160E-01    0.72434E-01    0.13919E+00   -0.12301E+00    0.33645E-01   -0.64112E-01   -0.25142E-01   -0.43200E-02   -0.30094E-01   -0.18088E-02   -0.87106E-02   -0.24401E-01    0.98794E-03    0.10017E-02    0.89952E-04   -0.14089E-02   -0.37395E-02   -0.15657E-04   -0.10167E-03    0.33017E-04   -0.61762E-04    0.12252E-03   -0.79644E-06    0.55858E-04
   -0.27606E-05    0.30578E-04    0.14048E-04    0.16147E-03    0.17578E-03    0.51185E-03    0.70229E-03   -0.26175E+01    0.28280E+00    0.20152E+00   -0.24815E-01   -0.61450E-01    0.70201E-01   -0.20721E-02   -0.18363E-02    0.24835E-02    0.14233E-04    0.42254E-03   -0.20245E-01   -0.80177E-01    0.20182E+00   -0.15982E+00   -0.90990E-02    0.36263E-01    0.65755E-01    0.80352E+00    0.54604E-01   -0.36427E-01    0.16920E-01    0.24931E-01    0.56568E-01    0.80084E-01   -0.35434E-01   -0.92513E-02   -0.87631E-01    0.63540E+00    0.20307E+00    0.33115E-01    0.51464E-02    0.81235E-01   -0.54203E-02    0.55576E-01   -0.27073E-01   -0.62395E-02   -0.72365E-01   -0.17646E-02   -0.26257E-02    0.34394E-03   -0.72560E-04   -0.14664E-02    0.43113E-03    0.36891E-04    0.42190E-03    0.10978E-03    0.85351E-03    0.38850E-03   -0.51173E-03
    0.51004E-05   -0.15912E-03    0.14244E-04    0.25648E-03    0.81973E-04    0.67366E-03    0.23209E-03   -0.51394E+01   -0.50186E+00    0.11261E-01    0.27027E-02    0.29013E-01    0.31688E-01   -0.58078E-02    0.39312E-03    0.41676E-02   -0.51164E-05    0.51860E-04   -0.18910E-01   -0.98720E-02   -0.24866E-01    0.14894E+00   -0.40747E-01   -0.84692E-01   -0.24552E-01    0.54604E-01    0.87820E+00    0.40431E-01    0.42134E-01   -0.57110E-01    0.92934E-01   -0.27253E-01   -0.35843E-02   -0.20464E-01    0.12418E+00   -0.74467E-02    0.29413E+00    0.69662E+00    0.26838E+00   -0.13676E+00   -0.12746E-01   -0.39064E-02   -0.16298E-01   -0.12733E-01   -0.49579E-01    0.72753E-05   -0.96843E-03   -0.61220E-04    0.90479E-03   -0.90267E-03    0.37465E-03    0.34947E-03    0.27487E-03    0.12019E-03    0.62839E-03    0.50304E-03   -0.32076E-03
   -0.19012E-05    0.76701E-05   -0.22236E-04   -0.32092E-04   -0.22351E-04   -0.17003E-03   -0.14263E-03   -0.71840E+00   -0.87744E-02    0.61651E+00   -0.40186E-03   -0.44062E+00   -0.40301E-01   -0.29713E-02    0.17711E-02   -0.10261E-01    0.44560E-05    0.11464E-04    0.15979E-01    0.10655E+00   -0.57211E-01    0.10563E+00    0.16718E+00    0.47951E-01   -0.56738E-01   -0.36427E-01    0.40431E-01    0.99324E+00   -0.96326E-02   -0.62240E-02    0.49122E-01   -0.29973E-01    0.16665E+00    0.19830E+00   -0.90748E-01   -0.24370E+00    0.63310E+00    0.17538E+00   -0.60506E+00    0.16323E+00    0.12901E-01    0.33773E+00   -0.19759E-01    0.24151E-01    0.33528E+00    0.14248E-02    0.16536E-02   -0.30565E-03   -0.84973E-03    0.30691E-02   -0.25490E-04    0.69441E-04   -0.70356E-04   -0.12905E-03   -0.10714E-03    0.12871E-03    0.49390E-03
    0.10350E-04   -0.59700E-04    0.18409E-04   -0.36461E-05    0.59105E-04    0.22828E-03   -0.10059E-03   -0.87767E+00   -0.32994E+00    0.97340E-01    0.12208E-02   -0.73107E-01   -0.45595E-01   -0.61042E-02    0.96439E-04    0.25265E-02   -0.65875E-06    0.31047E-04    0.10204E-01    0.93754E-01   -0.14794E-01   -0.14501E-01   -0.42179E-01   -0.69151E-01    0.29063E-01    0.16920E-01    0.42134E-01   -0.96326E-02    0.83964E+00   -0.27085E-01    0.86396E-03   -0.11373E+00   -0.16591E+00   -0.19320E-01   -0.29711E-01   -0.36576E-01    0.88616E-01   -0.35050E-01    0.26695E+00    0.52034E+00    0.73264E-02   -0.10580E-01    0.28685E-02    0.24785E-02    0.39744E-01    0.11833E-02    0.22935E-02   -0.31713E-04   -0.69576E-03   -0.19260E-03    0.16129E-03    0.15295E-03    0.14039E-03    0.20023E-03    0.42978E-03    0.22805E-03    0.43844E-03
   -0.45166E-05   -0.39721E-05    0.11400E-04   -0.15492E-03    0.20894E-03    0.15402E-03   -0.41593E-03   -0.11510E+01   -0.22759E-01   -0.63680E-01    0.99470E-02    0.16165E-01    0.41361E-01    0.28862E-02    0.15227E-04   -0.37504E-02    0.23282E-05    0.44540E-04   -0.97681E-02   -0.10283E+00   -0.48828E-01    0.17146E-02    0.76030E-01    0.22486E-01    0.12740E+00    0.24931E-01   -0.57110E-01   -0.62240E-02   -0.27085E-01    0.91751E+00   -0.12728E-01    0.27728E-01    0.36869E-01    0.85416E-01    0.43749E-02    0.17353E+00   -0.53471E+00    0.30323E+00   -0.34872E+00    0.15774E+00   -0.68468E-02    0.74527E-01   -0.82340E-02   -0.73680E-02   -0.68447E-02   -0.20787E-03   -0.13431E-02   -0.37101E-03   -0.15325E-02    0.21982E-03   -0.10739E-03    0.76247E-04    0.23329E-05    0.35997E-04   -0.17845E-04   -0.15813E-03   -0.10534E-03
   -0.17733E-05   -0.15008E-04   -0.98072E-05    0.31020E-03   -0.57802E-04    0.12762E-03    0.55394E-03    0.47982E+00   -0.23010E+00    0.45742E+00    0.29442E-01   -0.25426E+00   -0.34213E-01   -0.43391E-02    0.15423E-02   -0.85891E-02    0.62868E-05   -0.35481E-03    0.23434E-02   -0.12613E-01    0.10848E-03   -0.11792E+00   -0.36892E-01    0.30048E-01    0.69990E-01    0.56568E-01    0.92934E-01    0.49122E-01    0.86396E-03   -0.12728E-01    0.80939E+00    0.69638E-01   -0.30166E-01   -0.29036E-01    0.66021E-01    0.55751E+00    0.15295E+00    0.14730E+00    0.88613E-01   -0.40760E-01    0.22494E-01    0.35661E+00    0.25298E-01    0.61531E-02    0.30056E+00    0.11602E-02   -0.22714E-02   -0.17884E-02    0.96677E-04    0.37410E-03    0.19565E-03    0.29957E-03    0.17410E-03    0.40205E-03   -0.10909E-03    0.18233E-04   -0.49965E-04
   -0.12244E-04    0.28963E-04   -0.40730E-05   -0.15246E-03   -0.29416E-04   -0.11934E-03   -0.25910E-03    0.12683E+01    0.31061E+00    0.48371E+00    0.10615E-01   -0.53908E+00   -0.26746E-01   -0.42594E-03   -0.39685E-03   -0.14665E-01   -0.33776E-05   -0.11239E-04    0.12916E-01    0.25016E-01    0.45176E-01    0.64289E-01    0.25275E-01    0.91895E-01   -0.92946E-01    0.80084E-01   -0.27253E-01   -0.29973E-01   -0.11373E+00    0.27728E-01    0.69638E-01    0.96358E+00    0.33281E-01    0.40280E-02   -0.29240E-01    0.10307E+00    0.18319E+00   -0.19713E-01    0.14437E+00    0.12072E+00    0.33575E-01    0.43075E+00    0.36579E-02    0.29054E-01    0.29063E+00    0.61077E-03   -0.54068E-03   -0.71345E-03   -0.79331E-03    0.55763E-02   -0.37839E-04   -0.57938E-04   -0.57340E-05    0.16340E-04   -0.37578E-03   -0.12892E-03   -0.85905E-03
   -0.91322E-05    0.19235E-04   -0.12123E-04   -0.28177E-03   -0.90789E-05   -0.22163E-03   -0.52662E-03   -0.15171E+01    0.11333E+00    0.56198E+00    0.26634E-03   -0.21263E+00    0.33768E-01   -0.30750E-02    0.14074E-02   -0.37043E-02   -0.61379E-05   -0.58787E-04   -0.74999E-02   -0.44646E-01   -0.29755E-01    0.27563E-01   -0.30370E-01   -0.18041E-01   -0.72633E-01   -0.35434E-01   -0.35843E-02    0.16665E+00   -0.16591E+00    0.36869E-01   -0.30166E-01    0.33281E-01    0.93254E+00    0.31593E-01   -0.25291E-01   -0.90518E-01    0.77918E-01    0.20920E+00   -0.99554E-02   -0.70199E-01   -0.12087E-01    0.13473E+00   -0.21977E-01   -0.91951E-02    0.51885E-01   -0.74653E-03   -0.24739E-02   -0.67492E-03    0.12561E-02    0.29122E-02   -0.66287E-04   -0.38540E-03   -0.96874E-04   -0.22115E-03   -0.34106E-03   -0.21709E-03   -0.42177E-03
    0.58852E-05    0.40564E-04   -0.27633E-04    0.10462E-03   -0.17039E-03   -0.20823E-03    0.38616E-03   -0.19681E+01   -0.11053E+00    0.63915E+00   -0.24883E-01   -0.48204E+00    0.13933E-01   -0.21546E-02   -0.16871E-02   -0.98798E-02    0.69026E-05    0.32491E-04   -0.57627E-02   -0.17970E-02   -0.63229E-01    0.10445E+00   -0.26650E-01    0.14081E+00    0.54160E-01   -0.92513E-02   -0.20464E-01    0.19830E+00   -0.19320E-01    0.85416E-01   -0.29036E-01    0.40280E-02    0.31593E-01    0.10286E+01    0.22492E-01   -0.70260E-01    0.10920E+00    0.78967E-01   -0.27177E+00    0.86986E-01   -0.71374E-02    0.39527E+00   -0.97991E-02   -0.39610E-03    0.22318E+00   -0.23460E-02   -0.44215E-02   -0.84169E-04    0.12511E-02    0.12742E-02    0.91453E-04   -0.31067E-04    0.25636E-03   -0.10750E-05    0.24813E-03    0.88108E-04   -0.43988E-03
   -0.21285E-05    0.45162E-04   -0.18546E-04   -0.13826E-04   -0.12615E-03   -0.29709E-03    0.54396E-04   -0.38567E+01    0.13154E+00    0.26602E+00   -0.10348E-01   -0.22292E+00   -0.27578E-01   -0.87113E-03    0.94466E-03   -0.66319E-02    0.17918E-05   -0.45404E-04   -0.58869E-02    0.18399E-01   -0.14335E+00    0.23234E+00    0.70829E-01   -0.83856E-01    0.72434E-01   -0.87631E-01    0.12418E+00   -0.90748E-01   -0.29711E-01    0.43749E-02    0.66021E-01   -0.29240E-01   -0.25291E-01    0.22492E-01    0.96716E+00   -0.26260E-01   -0.17082E-01    0.79363E-02    0.16064E+00   -0.79862E-01    0.17414E-02    0.15626E+00    0.15605E-01    0.14018E-02    0.16611E+00   -0.96259E-03   -0.22358E-02   -0.49235E-03   -0.19672E-03    0.28564E-02   -0.95652E-04   -0.55206E-04   -0.18929E-03   -0.13726E-03   -0.34749E-04   -0.93279E-04   -0.26390E-04
   -0.39361E-05    0.24127E-04    0.92003E-05    0.28668E-03    0.12738E-03    0.47608E-03    0.83342E-03   -0.91410E+00    0.10471E+00    0.23226E+00    0.38824E-02   -0.62773E-01    0.49629E-01   -0.21371E-02   -0.76184E-03   -0.18068E-02    0.15017E-04    0.73861E-04   -0.18473E-01   -0.12434E+00    0.16304E+00   -0.24776E+00   -0.45733E-01    0.49556E-01    0.13919E+00    0.63540E+00   -0.74467E-02   -0.24370E+00   -0.36576E-01    0.17353E+00    0.55751E+00    0.10307E+00   -0.90518E-01   -0.70260E-01   -0.26260E-01    0.94125E+00   -0.58982E-01    0.74120E-01    0.74029E-01    0.10054E-01    0.58757E-02    0.19109E+00    0.54958E-03   -0.75341E-02    0.43512E-01   -0.86414E-03   -0.40268E-02   -0.90699E-03   -0.38469E-03   -0.18658E-02    0.39714E-03    0.21471E-03    0.40523E-03    0.38589E-03    0.50475E-03    0.19119E-03   -0.51730E-03
   -0.95762E-06   -0.89429E-07   -0.16516E-04    0.16211E-03   -0.95545E-04    0.60854E-05    0.41881E-03   -0.21004E+01    0.99609E-02    0.71714E+00   -0.12601E-01   -0.52289E+00   -0.52740E-01   -0.63535E-02    0.47690E-03   -0.79183E-02    0.36294E-05    0.77834E-04    0.12105E-01    0.14648E+00    0.21629E-01    0.10144E+00    0.33937E-01    0.27165E-01   -0.12301E+00    0.20307E+00    0.29413E+00    0.63310E+00    0.88616E-01   -0.53471E+00    0.15295E+00    0.18319E+00    0.77918E-01    0.10920E+00   -0.17082E-01   -0.58982E-01    0.97501E+00    0.66796E-01    0.17144E-01    0.18510E-01    0.20198E-01    0.33525E+00   -0.10512E-01    0.23697E-01    0.32131E+00    0.34676E-03    0.28795E-03   -0.15579E-03    0.10310E-02    0.32968E-02    0.24080E-03    0.65817E-04    0.17849E-03   -0.46724E-04    0.25378E-03    0.40196E-03    0.33034E-04
    0.62014E-06   -0.15532E-03    0.13793E-04    0.41576E-04    0.15530E-03    0.70471E-03   -0.27830E-03   -0.34964E+01   -0.52807E+00    0.23927E+00    0.18796E-01   -0.23082E-01    0.60568E-01   -0.63272E-02    0.17164E-02    0.29623E-02   -0.57091E-05   -0.35467E-04   -0.18968E-01   -0.73493E-01    0.97306E-03    0.50992E-01   -0.19386E-01   -0.33950E-01    0.33645E-01    0.33115E-01    0.69662E+00    0.17538E+00   -0.35050E-01    0.30323E+00    0.14730E+00   -0.19713E-01    0.20920E+00    0.78967E-01    0.79363E-02    0.74120E-01    0.66796E-01    0.92421E+00   -0.23019E-01    0.16477E-01   -0.94813E-02    0.63519E-01   -0.27495E-01   -0.13830E-01   -0.18565E-01    0.11031E-02   -0.42335E-03   -0.70256E-03    0.96842E-03   -0.15975E-03    0.32415E-03    0.26970E-03    0.23275E-03    0.99224E-04    0.48835E-03    0.26729E-03   -0.44128E-03
    0.18737E-05   -0.83370E-04    0.22235E-04    0.16865E-03   -0.18361E-04    0.27921E-03    0.21995E-03   -0.46034E+00   -0.17487E+00   -0.46042E-01    0.11654E-01    0.82078E-01   -0.16294E-01   -0.46001E-02   -0.18065E-03    0.66439E-02   -0.10699E-04   -0.88834E-04    0.44754E-04    0.36310E-01    0.36726E-01   -0.16021E-01   -0.20980E+00   -0.11233E+00   -0.64112E-01    0.51464E-02    0.26838E+00   -0.60506E+00    0.26695E+00   -0.34872E+00    0.88613E-01    0.14437E+00   -0.99554E-02   -0.27177E+00    0.16064E+00    0.74029E-01    0.17144E-01   -0.23019E-01    0.94833E+00   -0.10578E-01    0.78396E-02   -0.16572E+00    0.13852E-01   -0.82366E-02   -0.11320E+00    0.73889E-03    0.14211E-02   -0.63716E-04    0.24723E-02    0.18311E-03    0.16837E-03   -0.14223E-03    0.13996E-03    0.84702E-04    0.13320E-03    0.10174E-03   -0.45299E-03
    0.10240E-04   -0.92851E-04    0.17655E-04    0.14541E-03    0.41354E-04    0.32693E-03    0.43812E-04    0.22949E+01   -0.45551E-01    0.11883E+00    0.28728E-01    0.35934E-01    0.81174E-04   -0.60802E-02    0.10586E-02    0.43728E-02    0.24200E-05    0.11614E-04    0.12008E-01    0.69005E-02    0.72816E-01   -0.21393E+00    0.27623E-01    0.49626E-01   -0.25142E-01    0.81235E-01   -0.13676E+00    0.16323E+00    0.52034E+00    0.15774E+00   -0.40760E-01    0.12072E+00   -0.70199E-01    0.86986E-01   -0.79862E-01    0.10054E-01    0.18510E-01    0.16477E-01   -0.10578E-01    0.80342E+00    0.12797E-01   -0.19037E-01   -0.12923E-01    0.65778E-02   -0.35290E-01    0.33866E-02    0.48723E-02   -0.34170E-03   -0.15130E-02    0.20127E-02    0.15559E-03    0.97845E-04    0.12022E-03    0.20474E-03    0.24747E-03    0.63840E-04    0.98453E-04
    0.82871E-05   -0.13080E-05   -0.86919E-06    0.45992E-03   -0.82660E-04    0.26505E-04    0.96098E-03    0.73890E+00    0.35401E+00    0.29685E-01    0.47817E-01   -0.23392E+00   -0.70065E-01    0.18393E-03    0.66599E-02   -0.67290E-02   -0.59654E-05    0.23306E-04    0.59820E-01    0.56242E-01   -0.11070E-02    0.57345E-02    0.14972E-02    0.95518E-02   -0.43200E-02   -0.54203E-02   -0.12746E-01    0.12901E-01    0.73264E-02   -0.68468E-02    0.22494E-01    0.33575E-01   -0.12087E-01   -0.71374E-02    0.17414E-02    0.58757E-02    0.20198E-01   -0.94813E-02    0.78396E-02    0.12797E-01    0.33984E+00    0.10538E+00    0.18896E-01    0.14775E+00    0.40355E+00    0.12290E-01    0.16367E-01   -0.45777E-02   -0.30462E-02   -0.39641E-02    0.59734E-03    0.37914E-04    0.72289E-03   -0.90065E-05   -0.47771E-03   -0.54983E-04    0.12374E-02
    0.75358E-04   -0.20522E-03    0.35314E-05    0.15978E-02    0.10368E-03    0.16360E-02    0.26919E-02   -0.22359E+01   -0.19581E+01    0.16642E+02   -0.29534E+00   -0.11213E+02   -0.78743E+00   -0.13754E+00   -0.17912E-02   -0.17697E+00   -0.21517E-04    0.14717E-03    0.10944E+00    0.12972E+01   -0.11544E+00    0.29157E+00    0.66503E-01    0.39625E-01   -0.30094E-01    0.55576E-01   -0.39064E-02    0.33773E+00   -0.10580E-01    0.74527E-01    0.35661E+00    0.43075E+00    0.13473E+00    0.39527E+00    0.15626E+00    0.19109E+00    0.33525E+00    0.63519E-01   -0.16572E+00   -0.19037E-01    0.10538E+00    0.15652E+02    0.26498E+00    0.31702E+00    0.52430E+01   -0.21905E-01   -0.53178E-01   -0.99223E-02    0.91795E-02    0.30539E-01    0.18585E-02    0.21392E-01    0.22672E-02    0.13836E-01    0.21727E-02    0.25314E-02   -0.77274E-02
    0.17514E-04    0.12195E-04    0.22308E-06    0.59240E-03   -0.11692E-03   -0.69251E-04    0.14737E-02    0.56666E+01    0.10175E+01   -0.23105E+00   -0.22158E+00   -0.32066E+00   -0.81143E+00   -0.10992E-01   -0.15693E-01   -0.28218E-03    0.11825E-04    0.72730E-04    0.66172E-02    0.36135E+00   -0.30221E-01   -0.85518E-02   -0.23364E-01   -0.13269E-01   -0.18088E-02   -0.27073E-01   -0.16298E-01   -0.19759E-01    0.28685E-02   -0.82340E-02    0.25298E-01    0.36579E-02   -0.21977E-01   -0.97991E-02    0.15605E-01    0.54958E-03   -0.10512E-01   -0.27495E-01    0.13852E-01   -0.12923E-01    0.18896E-01    0.26498E+00    0.22400E+01   -0.11898E-01    0.40996E+00   -0.91489E-01   -0.11068E+00   -0.45990E-02    0.43697E-02    0.36527E-02   -0.52046E-03    0.76259E-03   -0.47131E-03    0.97436E-03    0.53351E-04   -0.48332E-04    0.46173E-03
    0.21499E-04   -0.54521E-04    0.89780E-05    0.81362E-03   -0.66467E-04    0.24791E-03    0.15273E-02   -0.69396E-01   -0.23809E+00    0.44868E+00   -0.27696E-01   -0.62304E+00   -0.84586E-01   -0.22608E-02    0.41649E-02   -0.90433E-02   -0.58603E-05    0.15402E-04    0.52589E-01    0.21256E+00   -0.58248E-02    0.50677E-02    0.56616E-02   -0.31056E-02   -0.87106E-02   -0.62395E-02   -0.12733E-01    0.24151E-01    0.24785E-02   -0.73680E-02    0.61531E-02    0.29054E-01   -0.91951E-02   -0.39610E-03    0.14018E-02   -0.75341E-02    0.23697E-01   -0.13830E-01   -0.82366E-02    0.65778E-02    0.14775E+00    0.31702E+00   -0.11898E-01    0.23308E+00    0.28608E+00    0.66446E-02    0.14863E-01   -0.50631E-04    0.61942E-03    0.10585E-02    0.13766E-03   -0.11766E-03    0.16027E-03   -0.17353E-03    0.46718E-03    0.19902E-03   -0.72983E-05
    0.81637E-04   -0.26856E-03    0.87597E-05    0.13171E-02   -0.19520E-03    0.11326E-02    0.18321E-02    0.40250E+01   -0.10058E+01    0.77096E+01   -0.13649E+00   -0.70580E+01   -0.11790E+01   -0.91365E-01    0.55811E-03   -0.12341E+00   -0.17075E-04    0.23007E-03    0.17654E+00    0.16999E+01   -0.14914E+00    0.26961E+00    0.58802E-01   -0.66792E-01   -0.24401E-01   -0.72365E-01   -0.49579E-01    0.33528E+00    0.39744E-01   -0.68447E-02    0.30056E+00    0.29063E+00    0.51885E-01    0.22318E+00    0.16611E+00    0.43512E-01    0.32131E+00   -0.18565E-01   -0.11320E+00   -0.35290E-01    0.40355E+00    0.52430E+01    0.40996E+00    0.28608E+00    0.16203E+02   -0.12667E-01   -0.71399E-01   -0.22757E-01    0.47762E-03   -0.68189E-02    0.18185E-02    0.19242E-02    0.22031E-02    0.13843E-02    0.15059E-02    0.44783E-02    0.30427E-01
   -0.50035E-06    0.17157E-06   -0.17430E-06   -0.13351E-04    0.42034E-05    0.10851E-05   -0.44172E-04   -0.36461E-01    0.62554E-02   -0.90060E-01    0.48787E-01    0.80205E-01    0.46132E-01    0.74914E-03    0.30184E-03   -0.21387E-03   -0.13734E-05    0.21162E-05    0.42667E-02   -0.51137E-01    0.86146E-04   -0.55330E-03    0.77760E-03   -0.91075E-03    0.98794E-03   -0.17646E-02    0.72753E-05    0.14248E-02    0.11833E-02   -0.20787E-03    0.11602E-02    0.61077E-03   -0.74653E-03   -0.23460E-02   -0.96259E-03   -0.86414E-03    0.34676E-03    0.11031E-02    0.73889E-03    0.33866E-02    0.12290E-01   -0.21905E-01   -0.91489E-01    0.66446E-02   -0.12667E-01    0.84097E-02    0.80828E-02   -0.14722E-03   -0.98458E-04   -0.26431E-03    0.26171E-04    0.11231E-04    0.68940E-05    0.10493E-05   -0.61100E-04    0.28796E-04    0.13063E-03
