# omegabh2 omegach2 theta tau ns nrun logA aps100 aps143 aps217 acib143 acib217 asz143 psr cibr ncib cal0 cal2 xi aksz bm_1_1 bm_1_2 bm_1_3 bm_1_4 bm_1_5 bm_2_1 bm_2_2 bm_2_3 bm_2_4 bm_2_5 bm_3_1 bm_3_2 bm_3_3 bm_3_4 bm_3_5 bm_4_1 bm_4_2 bm_4_3 bm_4_4 bm_4_5
    0.13785E-06   -0.34743E-06    0.89591E-07    0.12657E-04    0.15982E-05   -0.32312E-05    0.25259E-04   -0.19721E-02   -0.53069E-03    0.26683E-04   -0.20884E-03   -0.27615E-03    0.38864E-04    0.90063E-06   -0.55816E-05   -0.12450E-05    0.25139E-08   -0.17227E-07    0.80452E-06   -0.37800E-04    0.48077E-05   -0.58303E-05    0.60006E-05   -0.48862E-05   -0.33280E-05   -0.70347E-06   -0.27680E-05    0.59524E-05    0.44572E-05    0.12197E-05   -0.14050E-04   -0.27668E-05   -0.30154E-05   -0.58606E-05   -0.10626E-05   -0.11134E-04    0.19039E-05   -0.23549E-05   -0.58045E-05    0.74562E-05
   -0.34743E-06    0.36387E-05   -0.30626E-06   -0.44045E-04   -0.10569E-04    0.65650E-05   -0.80312E-04    0.69236E-02    0.13850E-02   -0.42257E-03    0.73353E-03    0.10403E-02   -0.31568E-04   -0.23796E-05    0.20564E-04    0.45903E-05   -0.10669E-08    0.93139E-07   -0.14084E-04    0.16163E-03    0.33507E-04   -0.21228E-04   -0.95410E-05    0.14501E-04    0.12763E-04    0.21204E-04    0.20918E-05   -0.35413E-05   -0.19783E-04    0.84035E-05    0.47370E-04    0.17791E-04    0.18754E-04   -0.56241E-05   -0.21746E-04    0.47546E-04    0.13219E-04    0.89975E-05    0.48525E-05   -0.27116E-04
    0.89591E-07   -0.30626E-06    0.36086E-06    0.81282E-05    0.16501E-05   -0.16947E-05    0.16192E-04   -0.97913E-03   -0.25035E-03    0.14279E-03   -0.11078E-03   -0.15581E-03    0.22988E-04    0.12889E-05   -0.41672E-05    0.25797E-06    0.42420E-08   -0.82285E-08   -0.24361E-07   -0.55057E-04    0.15777E-04    0.66531E-05    0.39406E-05    0.17132E-05   -0.16115E-05    0.54229E-05    0.90747E-05    0.40839E-05    0.13530E-05   -0.52831E-05   -0.11921E-05   -0.68539E-05   -0.95466E-05   -0.39754E-05    0.32912E-05    0.49930E-06    0.81160E-05    0.49225E-05   -0.19692E-05    0.25723E-05
    0.12657E-04   -0.44045E-04    0.81282E-05    0.23064E-02    0.23196E-03   -0.44873E-03    0.45832E-02   -0.32994E+00   -0.20630E-01    0.49043E-01   -0.36280E-01   -0.44161E-01    0.17934E-02    0.17578E-03   -0.11331E-02   -0.99253E-04    0.21181E-06   -0.32832E-05    0.23604E-03   -0.66836E-02    0.68133E-03    0.18728E-03    0.19356E-03   -0.22913E-03   -0.54817E-03   -0.11803E-03    0.57978E-03    0.29011E-03    0.14999E-03    0.31375E-03   -0.14739E-02   -0.32262E-03   -0.29139E-04   -0.11466E-02   -0.86694E-04   -0.11561E-02    0.42556E-04    0.52488E-03   -0.19557E-03    0.22952E-03
    0.15982E-05   -0.10569E-04    0.16501E-05    0.23196E-03    0.61794E-04   -0.24198E-04    0.44180E-03   -0.11266E+00   -0.35316E-02    0.22342E-01   -0.13723E-01   -0.16488E-01   -0.56993E-03    0.84802E-04   -0.48780E-03   -0.32440E-05   -0.35366E-07   -0.67231E-06    0.12008E-03   -0.40799E-02    0.20251E-03   -0.28537E-04   -0.53574E-04   -0.87123E-04   -0.98564E-04    0.40846E-03    0.12625E-03   -0.77111E-04   -0.18428E-04    0.68079E-04   -0.40187E-03   -0.81948E-04   -0.22253E-03    0.96158E-04   -0.21983E-04    0.58413E-04   -0.10470E-04    0.50651E-04   -0.10994E-03    0.76142E-04
   -0.32312E-05    0.65650E-05   -0.16947E-05   -0.44873E-03   -0.24198E-04    0.16630E-03   -0.91307E-03   -0.12758E-01   -0.16694E-02    0.50147E-02   -0.27152E-02   -0.34973E-02   -0.71107E-03    0.20421E-04   -0.14342E-03    0.10600E-04   -0.21709E-07    0.15108E-06    0.25045E-04   -0.26657E-02   -0.46116E-03   -0.44573E-04   -0.12906E-03    0.12533E-03    0.14473E-04    0.20549E-03    0.27543E-05   -0.13970E-03   -0.38758E-04   -0.52366E-04    0.47590E-04    0.10989E-03   -0.89714E-04    0.39467E-03   -0.13096E-04    0.20343E-03    0.14732E-04   -0.78662E-04    0.57421E-04   -0.19806E-04
    0.25259E-04   -0.80312E-04    0.16192E-04    0.45832E-02    0.44180E-03   -0.91307E-03    0.91380E-02   -0.66711E+00   -0.29814E-01    0.10565E+00   -0.75127E-01   -0.88846E-01    0.25188E-02    0.38002E-03   -0.23681E-02   -0.14947E-03    0.52722E-06   -0.61304E-05    0.46033E-03   -0.13892E-01    0.22575E-02    0.58013E-03    0.44286E-03   -0.44467E-03   -0.10529E-02    0.97095E-04    0.12092E-02    0.55195E-03    0.30048E-03    0.55226E-03   -0.28458E-02   -0.56036E-03   -0.11455E-03   -0.24916E-02   -0.27978E-03   -0.20127E-02    0.23840E-03    0.11162E-02   -0.30739E-03    0.42851E-03
   -0.19721E-02    0.69236E-02   -0.97913E-03   -0.32994E+00   -0.11266E+00   -0.12758E-01   -0.66711E+00    0.28765E+04    0.40789E+02   -0.17705E+03    0.13719E+03    0.12238E+03   -0.72448E+02   -0.12499E+01    0.80742E+00    0.10796E+01    0.80613E-03   -0.61710E-03   -0.39724E+00   -0.13133E+02    0.93417E+01   -0.10627E+02    0.10537E+00    0.79650E+00   -0.35573E-01   -0.44372E+00   -0.46626E+01   -0.14039E+00   -0.46351E+00   -0.11421E+01    0.24668E+01    0.39283E+00    0.62009E+00   -0.75700E+00   -0.28527E+01    0.17463E+01   -0.93873E+00   -0.23491E+01   -0.37110E+00    0.28366E+01
   -0.53069E-03    0.13850E-02   -0.25035E-03   -0.20630E-01   -0.35316E-02   -0.16694E-02   -0.29814E-01    0.40789E+02    0.19061E+03    0.63297E+02   -0.34334E+02   -0.13281E+02   -0.75352E+01   -0.26105E+00   -0.15103E+00   -0.24201E+00    0.16307E-03    0.29158E-02    0.12592E+01   -0.12847E+02    0.12874E+01    0.71410E+00    0.13763E+00    0.17918E+00   -0.18314E+00   -0.19519E+01   -0.89279E+00   -0.10119E+00   -0.38544E+00   -0.25890E+00    0.14095E+01    0.52955E+00    0.39636E+00   -0.18519E+00   -0.17203E+00   -0.44158E+00   -0.43291E+00   -0.27471E+00    0.34417E+00   -0.58126E-01
    0.26683E-04   -0.42257E-03    0.14279E-03    0.49043E-01    0.22342E-01    0.50147E-02    0.10565E+00   -0.17705E+03    0.63297E+02    0.22229E+03   -0.37981E+02   -0.79909E+02    0.34740E+01   -0.55534E-01   -0.10133E+01   -0.10771E+01    0.74601E-04   -0.46176E-02    0.37097E+00   -0.11972E+02    0.15993E+01    0.11495E+01   -0.69360E-01    0.28383E-02   -0.51266E-01    0.11217E+01    0.12142E+00   -0.33600E+00   -0.68682E+00    0.44543E+00   -0.14313E+01    0.11276E+01   -0.36574E+00    0.51879E+00    0.32365E+00   -0.24550E-01    0.52913E-01    0.14289E+00    0.49654E-01   -0.52556E+00
   -0.20884E-03    0.73353E-03   -0.11078E-03   -0.36280E-01   -0.13723E-01   -0.27152E-02   -0.75127E-01    0.13719E+03   -0.34334E+02   -0.37981E+02    0.28119E+02    0.20597E+02   -0.24409E+01    0.12775E-02    0.27411E+00    0.22082E+00   -0.88382E-04   -0.85670E-03    0.43289E-01   -0.52149E+00   -0.10535E+01   -0.68678E+00   -0.14775E+00   -0.16057E-01    0.69885E-01    0.75197E+00    0.20694E+00    0.66193E-01    0.18714E+00    0.59392E-01   -0.26091E+00   -0.20496E+00    0.61144E-02   -0.47427E-01    0.81004E-01    0.35026E+00    0.20501E+00    0.41703E-01   -0.59689E-01    0.22932E+00
   -0.27615E-03    0.10403E-02   -0.15581E-03   -0.44161E-01   -0.16488E-01   -0.34973E-02   -0.88846E-01    0.12238E+03   -0.13281E+02   -0.79909E+02    0.20597E+02    0.38563E+02   -0.18917E+01    0.65028E-01    0.45591E+00    0.53552E+00   -0.21693E-04    0.19262E-02   -0.19806E+00   -0.60399E+00   -0.66730E+00   -0.54350E+00   -0.13773E-02    0.11657E-01    0.10057E-01   -0.44097E+00   -0.60297E-01    0.11832E+00    0.35922E+00   -0.29271E+00    0.62790E+00   -0.60280E+00    0.18558E+00   -0.35589E+00   -0.19094E+00    0.40060E-01    0.97378E-03   -0.85780E-01    0.43893E-01    0.31642E+00
    0.38864E-04   -0.31568E-04    0.22988E-04    0.17934E-02   -0.56993E-03   -0.71107E-03    0.25188E-02   -0.72448E+02   -0.75352E+01    0.34740E+01   -0.24409E+01   -0.18917E+01    0.79775E+01    0.50043E-01    0.26741E+00   -0.13270E+00    0.19474E-04    0.38565E-04   -0.33281E-01   -0.12824E+00    0.19237E+00    0.14934E+00   -0.39317E-03   -0.36074E-01   -0.22012E-01   -0.68906E-01    0.50163E-01   -0.10248E-01   -0.20194E-01   -0.27487E-01   -0.74586E-01   -0.39544E-01    0.25140E-01   -0.17807E-01   -0.21401E-01   -0.97166E-01   -0.33223E-01    0.31260E-01   -0.26586E-01   -0.41103E-01
    0.90063E-06   -0.23796E-05    0.12889E-05    0.17578E-03    0.84802E-04    0.20421E-04    0.38002E-03   -0.12499E+01   -0.26105E+00   -0.55534E-01    0.12775E-02    0.65028E-01    0.50043E-01    0.82025E-02   -0.69518E-02    0.80115E-02    0.13088E-05   -0.25176E-04    0.32659E-02   -0.13816E-01    0.10238E-01    0.66247E-02    0.96316E-03   -0.14437E-02   -0.18307E-02    0.80384E-02    0.77332E-03   -0.26892E-03   -0.12253E-02   -0.15183E-02   -0.12340E-01    0.56932E-04   -0.17832E-02   -0.40370E-02   -0.11669E-02   -0.20727E-02    0.78374E-03   -0.36376E-02   -0.45912E-02   -0.96422E-03
   -0.55816E-05    0.20564E-04   -0.41672E-05   -0.11331E-02   -0.48780E-03   -0.14342E-03   -0.23681E-02    0.80742E+00   -0.15103E+00   -0.10133E+01    0.27411E+00    0.45591E+00    0.26741E+00   -0.69518E-02    0.43867E-01   -0.12268E-01   -0.55760E-07    0.88698E-04    0.10066E-02   -0.88606E-02   -0.21911E-01   -0.71675E-02    0.13988E-02    0.10940E-02    0.43204E-02   -0.28075E-01   -0.32446E-02    0.44738E-02    0.27970E-02    0.10943E-02    0.34085E-01   -0.52861E-02    0.82910E-02    0.47748E-02   -0.62577E-03    0.14179E-02   -0.37337E-02    0.66715E-02    0.29531E-02   -0.12929E-02
   -0.12450E-05    0.45903E-05    0.25797E-06   -0.99253E-04   -0.32440E-05    0.10600E-04   -0.14947E-03    0.10796E+01   -0.24201E+00   -0.10771E+01    0.22082E+00    0.53552E+00   -0.13270E+00    0.80115E-02   -0.12268E-01    0.21507E-01    0.59380E-06   -0.20952E-04   -0.27586E-02    0.18415E-02    0.73958E-02   -0.66420E-02   -0.42280E-03   -0.31367E-02   -0.22880E-02    0.68717E-02    0.35842E-02   -0.40039E-02    0.11464E-01   -0.11558E-01   -0.12143E-01   -0.18107E-01   -0.43583E-04   -0.16626E-01   -0.97782E-02   -0.37219E-02   -0.61824E-04   -0.26364E-02    0.44495E-02    0.13808E-01
    0.25139E-08   -0.10669E-08    0.42420E-08    0.21181E-06   -0.35366E-07   -0.21709E-07    0.52722E-06    0.80613E-03    0.16307E-03    0.74601E-04   -0.88382E-04   -0.21693E-04    0.19474E-04    0.13088E-05   -0.55760E-07    0.59380E-06    0.16344E-06    0.12834E-07    0.17003E-05   -0.14770E-04   -0.19924E-04   -0.18509E-04    0.48371E-05    0.13519E-05    0.22263E-05    0.78726E-05    0.15190E-05    0.26521E-05   -0.44303E-05    0.12270E-04    0.80180E-05    0.81820E-05   -0.48270E-05    0.39846E-05    0.48855E-05    0.13017E-04   -0.19533E-05    0.59739E-05   -0.92482E-05    0.47797E-05
   -0.17227E-07    0.93139E-07   -0.82285E-08   -0.32832E-05   -0.67231E-06    0.15108E-06   -0.61304E-05   -0.61710E-03    0.29158E-02   -0.46176E-02   -0.85670E-03    0.19262E-02    0.38565E-04   -0.25176E-04    0.88698E-04   -0.20952E-04    0.12834E-07    0.16493E-05   -0.65857E-05   -0.12712E-04    0.78938E-04    0.52076E-04    0.13023E-04   -0.12187E-04   -0.37621E-05    0.19917E-03   -0.94263E-05    0.46679E-05    0.21754E-04    0.30072E-04   -0.18132E-03   -0.50059E-04   -0.64320E-04    0.19263E-04   -0.16382E-04    0.31078E-04    0.15181E-04   -0.38866E-04   -0.58757E-04    0.72815E-05
    0.80452E-06   -0.14084E-04   -0.24361E-07    0.23604E-03    0.12008E-03    0.25045E-04    0.46033E-03   -0.39724E+00    0.12592E+01    0.37097E+00    0.43289E-01   -0.19806E+00   -0.33281E-01    0.32659E-02    0.10066E-02   -0.27586E-02    0.17003E-05   -0.65857E-05    0.81822E-01    0.32003E-02    0.34280E-02    0.21432E-02    0.33380E-02    0.17394E-02    0.51908E-02    0.39880E-03   -0.16875E-03   -0.91598E-03   -0.22677E-02    0.59115E-02   -0.10965E-02    0.22024E-02    0.16807E-02   -0.16967E-02    0.27782E-02    0.40914E-03   -0.36071E-02    0.45427E-02    0.10166E-03    0.39719E-02
   -0.37800E-04    0.16163E-03   -0.55057E-04   -0.66836E-02   -0.40799E-02   -0.26657E-02   -0.13892E-01   -0.13133E+02   -0.12847E+02   -0.11972E+02   -0.52149E+00   -0.60399E+00   -0.12824E+00   -0.13816E-01   -0.88606E-02    0.18415E-02   -0.14770E-04   -0.12712E-04    0.32003E-02    0.83003E+01    0.20294E-01    0.35389E-01    0.44265E-01   -0.18281E-01    0.34421E-01   -0.13130E-01    0.11751E-01    0.14133E-01    0.33256E-01   -0.58633E-02   -0.31031E-01   -0.36607E-01   -0.88157E-02   -0.17837E-01   -0.25240E-01   -0.36465E-01    0.24656E-02   -0.13714E-01    0.71248E-02   -0.18927E-01
    0.48077E-05    0.33507E-04    0.15777E-04    0.68133E-03    0.20251E-03   -0.46116E-03    0.22575E-02    0.93417E+01    0.12874E+01    0.15993E+01   -0.10535E+01   -0.66730E+00    0.19237E+00    0.10238E-01   -0.21911E-01    0.73958E-02   -0.19924E-04    0.78938E-04    0.34280E-02    0.20294E-01    0.71778E+00   -0.99956E-01    0.64102E-02    0.17144E-03   -0.41288E-02    0.18496E+00   -0.49602E-01   -0.40034E-01   -0.23706E-02   -0.88256E-01    0.18370E-01    0.20492E-01   -0.40353E-01   -0.51073E-01   -0.13053E+00    0.15530E+00    0.38353E-01   -0.21279E-01    0.22987E-01    0.69880E-01
   -0.58303E-05   -0.21228E-04    0.66531E-05    0.18728E-03   -0.28537E-04   -0.44573E-04    0.58013E-03   -0.10627E+02    0.71410E+00    0.11495E+01   -0.68678E+00   -0.54350E+00    0.14934E+00    0.66247E-02   -0.71675E-02   -0.66420E-02   -0.18509E-04    0.52076E-04    0.21432E-02    0.35389E-01   -0.99956E-01    0.96567E+00    0.77796E-02    0.12245E-02    0.62595E-02   -0.15055E+00    0.18526E+00    0.62477E-01   -0.17530E-01    0.45097E-01   -0.13840E+00    0.21672E-01    0.26438E-01   -0.19655E-03    0.17757E+00   -0.23737E+00    0.39053E-01    0.10264E+00    0.10681E-01   -0.21735E+00
    0.60006E-05   -0.95410E-05    0.39406E-05    0.19356E-03   -0.53574E-04   -0.12906E-03    0.44286E-03    0.10537E+00    0.13763E+00   -0.69360E-01   -0.14775E+00   -0.13773E-02   -0.39317E-03    0.96316E-03    0.13988E-02   -0.42280E-03    0.48371E-05    0.13023E-04    0.33380E-02    0.44265E-01    0.64102E-02    0.77796E-02    0.98332E+00    0.25685E-01    0.36199E-02   -0.47475E-01   -0.31070E-01    0.17828E+00   -0.36393E-01    0.64719E-01    0.88897E-02    0.40823E-01   -0.17940E-01   -0.11514E-01    0.78077E-01   -0.50080E-01    0.42874E-01    0.90520E-02   -0.18984E+00    0.71908E-01
   -0.48862E-05    0.14501E-04    0.17132E-05   -0.22913E-03   -0.87123E-04    0.12533E-03   -0.44467E-03    0.79650E+00    0.17918E+00    0.28383E-02   -0.16057E-01    0.11657E-01   -0.36074E-01   -0.14437E-02    0.10940E-02   -0.31367E-02    0.13519E-05   -0.12187E-04    0.17394E-02   -0.18281E-01    0.17144E-03    0.12245E-02    0.25685E-01    0.99248E+00    0.59775E-02    0.52713E-01   -0.83399E-01    0.87437E-01   -0.81265E-01    0.47505E-01    0.71642E-01    0.11809E+00    0.29837E-01    0.13906E+00   -0.84850E-01    0.81461E-01    0.51452E-01   -0.58815E-02   -0.11776E+00    0.64198E-01
   -0.33280E-05    0.12763E-04   -0.16115E-05   -0.54817E-03   -0.98564E-04    0.14473E-04   -0.10529E-02   -0.35573E-01   -0.18314E+00   -0.51266E-01    0.69885E-01    0.10057E-01   -0.22012E-01   -0.18307E-02    0.43204E-02   -0.22880E-02    0.22263E-05   -0.37621E-05    0.51908E-02    0.34421E-01   -0.41288E-02    0.62595E-02    0.36199E-02    0.59775E-02    0.10018E+01    0.25878E-01    0.58865E-01   -0.45872E-01    0.43054E-01    0.75288E-01    0.81905E-01   -0.86526E-01   -0.64476E-01    0.58677E-01    0.51531E-01    0.96169E-01   -0.73650E-01    0.91525E-01   -0.12784E-01   -0.68320E-02
   -0.70347E-06    0.21204E-04    0.54229E-05   -0.11803E-03    0.40846E-03    0.20549E-03    0.97095E-04   -0.44372E+00   -0.19519E+01    0.11217E+01    0.75197E+00   -0.44097E+00   -0.68906E-01    0.80384E-02   -0.28075E-01    0.68717E-02    0.78726E-05    0.19917E-03    0.39880E-03   -0.13130E-01    0.18496E+00   -0.15055E+00   -0.47475E-01    0.52713E-01    0.25878E-01    0.86947E+00   -0.22482E-01   -0.17920E-02   -0.31729E-01   -0.18519E-01    0.24615E-01    0.12310E+00   -0.10932E+00    0.24434E-01   -0.66100E-01    0.65849E+00    0.24579E+00   -0.62615E-01   -0.64989E-01    0.74097E-01
   -0.27680E-05    0.20918E-05    0.90747E-05    0.57978E-03    0.12625E-03    0.27543E-05    0.12092E-02   -0.46626E+01   -0.89279E+00    0.12142E+00    0.20694E+00   -0.60297E-01    0.50163E-01    0.77332E-03   -0.32446E-02    0.35842E-02    0.15190E-05   -0.94263E-05   -0.16875E-03    0.11751E-01   -0.49602E-01    0.18526E+00   -0.31070E-01   -0.83399E-01    0.58865E-01   -0.22482E-01    0.96541E+00    0.17044E-01   -0.11122E-01   -0.61600E-02    0.47042E-01   -0.54811E-02   -0.40087E-01   -0.17766E-01    0.15409E+00   -0.90365E-01    0.26306E+00    0.74552E+00    0.27852E+00   -0.20975E+00
    0.59524E-05   -0.35413E-05    0.40839E-05    0.29011E-03   -0.77111E-04   -0.13970E-03    0.55195E-03   -0.14039E+00   -0.10119E+00   -0.33600E+00    0.66193E-01    0.11832E+00   -0.10248E-01   -0.26892E-03    0.44738E-02   -0.40039E-02    0.26521E-05    0.46679E-05   -0.91598E-03    0.14133E-01   -0.40034E-01    0.62477E-01    0.17828E+00    0.87437E-01   -0.45872E-01   -0.17920E-02    0.17044E-01    0.10196E+01   -0.15748E-01   -0.21603E-01    0.96654E-01   -0.55469E-01    0.15830E+00    0.14189E+00   -0.13200E+00   -0.19145E+00    0.65735E+00    0.15349E+00   -0.62789E+00    0.16573E+00
    0.44572E-05   -0.19783E-04    0.13530E-05    0.14999E-03   -0.18428E-04   -0.38758E-04    0.30048E-03   -0.46351E+00   -0.38544E+00   -0.68682E+00    0.18714E+00    0.35922E+00   -0.20194E-01   -0.12253E-02    0.27970E-02    0.11464E-01   -0.44303E-05    0.21754E-04   -0.22677E-02    0.33256E-01   -0.23706E-02   -0.17530E-01   -0.36393E-01   -0.81265E-01    0.43054E-01   -0.31729E-01   -0.11122E-01   -0.15748E-01    0.97932E+00   -0.75606E-02   -0.23968E-01   -0.97527E-01   -0.14511E+00   -0.24715E-01   -0.86290E-01   -0.85697E-01    0.55823E-01   -0.54317E-01    0.30656E+00    0.66969E+00
    0.12197E-05    0.84035E-05   -0.52831E-05    0.31375E-03    0.68079E-04   -0.52366E-04    0.55226E-03   -0.11421E+01   -0.25890E+00    0.44543E+00    0.59392E-01   -0.29271E+00   -0.27487E-01   -0.15183E-02    0.10943E-02   -0.11558E-01    0.12270E-04    0.30072E-04    0.59115E-02   -0.58633E-02   -0.88256E-01    0.45097E-01    0.64719E-01    0.47505E-01    0.75288E-01   -0.18519E-01   -0.61600E-02   -0.21603E-01   -0.75606E-02    0.10037E+01   -0.95603E-01    0.79260E-01    0.26790E-01    0.16826E+00    0.18335E-01    0.96115E-01   -0.58481E+00    0.37555E+00   -0.34490E+00    0.21012E+00
   -0.14050E-04    0.47370E-04   -0.11921E-05   -0.14739E-02   -0.40187E-03    0.47590E-04   -0.28458E-02    0.24668E+01    0.14095E+01   -0.14313E+01   -0.26091E+00    0.62790E+00   -0.74586E-01   -0.12340E-01    0.34085E-01   -0.12143E-01    0.80180E-05   -0.18132E-03   -0.10965E-02   -0.31031E-01    0.18370E-01   -0.13840E+00    0.88897E-02    0.71642E-01    0.81905E-01    0.24615E-01    0.47042E-01    0.96654E-01   -0.23968E-01   -0.95603E-01    0.91438E+00    0.39745E-02   -0.38823E-02    0.12783E-02   -0.18614E-01    0.58614E+00    0.20399E+00    0.12375E+00    0.58518E-01   -0.81073E-01
   -0.27668E-05    0.17791E-04   -0.68539E-05   -0.32262E-03   -0.81948E-04    0.10989E-03   -0.56036E-03    0.39283E+00    0.52955E+00    0.11276E+01   -0.20496E+00   -0.60280E+00   -0.39544E-01    0.56932E-04   -0.52861E-02   -0.18107E-01    0.81820E-05   -0.50059E-04    0.22024E-02   -0.36607E-01    0.20492E-01    0.21672E-01    0.40823E-01    0.11809E+00   -0.86526E-01    0.12310E+00   -0.54811E-02   -0.55469E-01   -0.97527E-01    0.79260E-01    0.39745E-02    0.97906E+00   -0.44942E-02    0.20601E-01    0.74126E-03    0.10251E+00    0.15448E+00   -0.48024E-02    0.14297E+00    0.14431E+00
   -0.30154E-05    0.18754E-04   -0.95466E-05   -0.29139E-04   -0.22253E-03   -0.89714E-04   -0.11455E-03    0.62009E+00    0.39636E+00   -0.36574E+00    0.61144E-02    0.18558E+00    0.25140E-01   -0.17832E-02    0.82910E-02   -0.43583E-04   -0.48270E-05   -0.64320E-04    0.16807E-02   -0.88157E-02   -0.40353E-01    0.26438E-01   -0.17940E-01    0.29837E-01   -0.64476E-01   -0.10932E+00   -0.40087E-01    0.15830E+00   -0.14511E+00    0.26790E-01   -0.38823E-02   -0.44942E-02    0.96197E+00    0.45861E-02   -0.90497E-02   -0.12861E+00    0.58587E-01    0.17130E+00    0.16440E-01   -0.57529E-01
   -0.58606E-05   -0.56241E-05   -0.39754E-05   -0.11466E-02    0.96158E-04    0.39467E-03   -0.24916E-02   -0.75700E+00   -0.18519E+00    0.51879E+00   -0.47427E-01   -0.35589E+00   -0.17807E-01   -0.40370E-02    0.47748E-02   -0.16626E-01    0.39846E-05    0.19263E-04   -0.16967E-02   -0.17837E-01   -0.51073E-01   -0.19655E-03   -0.11514E-01    0.13906E+00    0.58677E-01    0.24434E-01   -0.17766E-01    0.14189E+00   -0.24715E-01    0.16826E+00    0.12783E-02    0.20601E-01    0.45861E-02    0.10124E+01   -0.94492E-02    0.41004E-02    0.28106E-01    0.12833E+00   -0.25241E+00    0.13956E+00
   -0.10626E-05   -0.21746E-04    0.32912E-05   -0.86694E-04   -0.21983E-04   -0.13096E-04   -0.27978E-03   -0.28527E+01   -0.17203E+00    0.32365E+00    0.81004E-01   -0.19094E+00   -0.21401E-01   -0.11669E-02   -0.62577E-03   -0.97782E-02    0.48855E-05   -0.16382E-04    0.27782E-02   -0.25240E-01   -0.13053E+00    0.17757E+00    0.78077E-01   -0.84850E-01    0.51531E-01   -0.66100E-01    0.15409E+00   -0.13200E+00   -0.86290E-01    0.18335E-01   -0.18614E-01    0.74126E-03   -0.90497E-02   -0.94492E-02    0.98453E+00   -0.51033E-01   -0.56914E-01    0.28824E-01    0.17246E+00   -0.89147E-01
   -0.11134E-04    0.47546E-04    0.49930E-06   -0.11561E-02    0.58413E-04    0.20343E-03   -0.20127E-02    0.17463E+01   -0.44158E+00   -0.24550E-01    0.35026E+00    0.40060E-01   -0.97166E-01   -0.20727E-02    0.14179E-02   -0.37219E-02    0.13017E-04    0.31078E-04    0.40914E-03   -0.36465E-01    0.15530E+00   -0.23737E+00   -0.50080E-01    0.81461E-01    0.96169E-01    0.65849E+00   -0.90365E-01   -0.19145E+00   -0.85697E-01    0.96115E-01    0.58614E+00    0.10251E+00   -0.12861E+00    0.41004E-02   -0.51033E-01    0.96436E+00   -0.15690E-02   -0.22655E-02    0.42567E-02   -0.13538E-01
    0.19039E-05    0.13219E-04    0.81160E-05    0.42556E-04   -0.10470E-04    0.14732E-04    0.23840E-03   -0.93873E+00   -0.43291E+00    0.52913E-01    0.20501E+00    0.97378E-03   -0.33223E-01    0.78374E-03   -0.37337E-02   -0.61824E-04   -0.19533E-05    0.15181E-04   -0.36071E-02    0.24656E-02    0.38353E-01    0.39053E-01    0.42874E-01    0.51452E-01   -0.73650E-01    0.24579E+00    0.26306E+00    0.65735E+00    0.55823E-01   -0.58481E+00    0.20399E+00    0.15448E+00    0.58587E-01    0.28106E-01   -0.56914E-01   -0.15690E-02    0.10179E+01    0.13383E-01   -0.87961E-02   -0.22855E-01
   -0.23549E-05    0.89975E-05    0.49225E-05    0.52488E-03    0.50651E-04   -0.78662E-04    0.11162E-02   -0.23491E+01   -0.27471E+00    0.14289E+00    0.41703E-01   -0.85780E-01    0.31260E-01   -0.36376E-02    0.66715E-02   -0.26364E-02    0.59739E-05   -0.38866E-04    0.45427E-02   -0.13714E-01   -0.21279E-01    0.10264E+00    0.90520E-02   -0.58815E-02    0.91525E-01   -0.62615E-01    0.74552E+00    0.15349E+00   -0.54317E-01    0.37555E+00    0.12375E+00   -0.48024E-02    0.17130E+00    0.12833E+00    0.28824E-01   -0.22655E-02    0.13383E-01    0.96205E+00   -0.19304E-01   -0.98724E-02
   -0.58045E-05    0.48525E-05   -0.19692E-05   -0.19557E-03   -0.10994E-03    0.57421E-04   -0.30739E-03   -0.37110E+00    0.34417E+00    0.49654E-01   -0.59689E-01    0.43893E-01   -0.26586E-01   -0.45912E-02    0.29531E-02    0.44495E-02   -0.92482E-05   -0.58757E-04    0.10166E-03    0.71248E-02    0.22987E-01    0.10681E-01   -0.18984E+00   -0.11776E+00   -0.12784E-01   -0.64989E-01    0.27852E+00   -0.62789E+00    0.30656E+00   -0.34490E+00    0.58518E-01    0.14297E+00    0.16440E-01   -0.25241E+00    0.17246E+00    0.42567E-02   -0.87961E-02   -0.19304E-01    0.98194E+00    0.22763E-02
    0.74562E-05   -0.27116E-04    0.25723E-05    0.22952E-03    0.76142E-04   -0.19806E-04    0.42851E-03    0.28366E+01   -0.58126E-01   -0.52556E+00    0.22932E+00    0.31642E+00   -0.41103E-01   -0.96422E-03   -0.12929E-02    0.13808E-01    0.47797E-05    0.72815E-05    0.39719E-02   -0.18927E-01    0.69880E-01   -0.21735E+00    0.71908E-01    0.64198E-01   -0.68320E-02    0.74097E-01   -0.20975E+00    0.16573E+00    0.66969E+00    0.21012E+00   -0.81073E-01    0.14431E+00   -0.57529E-01    0.13956E+00   -0.89147E-01   -0.13538E-01   -0.22855E-01   -0.98724E-02    0.22763E-02    0.99145E+00
