# omegabh2 omegach2 theta tau meffsterile nnu logA ns calPlanck acib217 xi asz143 aps100 aps143 aps143217 aps217 aksz kgal100 kgal143 kgal143217 kgal217 galfEE100 galfEE100143 galfEE100217 galfEE143 galfEE143217 galfEE217 galfTE100 galfTE100143 galfTE100217 galfTE143 galfTE143217 galfTE217 cal0 cal2
    0.3413908E-07    0.7665395E-07    0.1079715E-08    0.1443140E-05    0.1310226E-05    0.1200315E-04    0.3037254E-05    0.7939921E-06    0.1793376E-07   -0.4615508E-04    0.7225777E-06    0.1649060E-04   -0.1447188E-03   -0.1358185E-03   -0.2607076E-04    0.1733541E-04   -0.2734655E-04    0.4727063E-06   -0.1081451E-06   -0.5903826E-05    0.1460113E-05    0.1241803E-06    0.4093635E-07    0.2185442E-07    0.5019041E-07    0.9708571E-08    0.5034954E-07   -0.5686865E-06   -0.1946711E-06   -0.3113079E-07   -0.1130103E-06   -0.2691013E-06   -0.1250470E-05    0.4220247E-08   -0.4005611E-08
    0.7665395E-07    0.1302106E-04   -0.6624821E-06    0.5384534E-05   -0.4607409E-03    0.3116022E-03    0.2574378E-04    0.8961554E-05   -0.1186213E-06    0.2596764E-02   -0.5059498E-04   -0.5753310E-03    0.1034344E-01    0.3837282E-02   -0.5141127E-03   -0.2371302E-02    0.1110228E-02    0.1567019E-03    0.1353954E-03    0.4685857E-03   -0.4227203E-04    0.7262162E-06    0.3025525E-06   -0.1159971E-06    0.1998851E-06   -0.4131994E-06   -0.3438890E-05   -0.1879330E-05    0.7013546E-07   -0.1263738E-04    0.8125221E-06    0.7704727E-06    0.6966099E-05   -0.3724397E-07    0.3283069E-06
    0.1079715E-08   -0.6624821E-06    0.1371030E-06    0.1700594E-07   -0.2749342E-06   -0.2436487E-04   -0.9810979E-06   -0.3325677E-06    0.1943107E-07   -0.1893257E-03    0.3501119E-05    0.3854508E-04   -0.6418618E-03   -0.3340641E-03   -0.3663306E-04    0.1118238E-03   -0.8023645E-04   -0.2018315E-04   -0.1513314E-04   -0.3123036E-04    0.1389673E-04   -0.6028963E-07   -0.1492290E-07    0.4654856E-07   -0.2574994E-07    0.4706587E-07    0.9649380E-07    0.1865219E-06   -0.9710345E-08    0.7725837E-06   -0.1588230E-06   -0.8518297E-07   -0.1335040E-05    0.5583141E-08   -0.1901519E-07
    0.1443140E-05    0.5384534E-05    0.1700594E-07    0.3290709E-03   -0.2545907E-03    0.6738258E-03    0.6495646E-03    0.6459005E-04   -0.3980457E-06   -0.8041582E-02    0.1510327E-03    0.1658980E-02   -0.2838714E-01   -0.1192841E-01    0.9025653E-03    0.7253606E-02   -0.3818161E-02   -0.6156132E-05   -0.4109174E-03   -0.1703067E-02   -0.6801814E-03    0.8086727E-05    0.2983988E-05   -0.9429845E-06    0.3469382E-05   -0.3848721E-05    0.5846955E-06   -0.4650886E-04   -0.1361041E-04   -0.6341859E-05   -0.1439104E-04   -0.1523823E-04   -0.5467719E-04    0.7515231E-08   -0.1032042E-05
    0.1310226E-05   -0.4607409E-03   -0.2749342E-06   -0.2545907E-03    0.6133851E-01    0.1883771E-02   -0.5102891E-03   -0.5502487E-03    0.5906451E-05    0.1051550E-01   -0.7040708E-04    0.7131151E-04    0.3659027E-01    0.1633976E+00    0.1718315E+00    0.1477927E+00   -0.4795351E-02    0.2291763E-02   -0.1322034E-02   -0.7649673E-02   -0.1195582E-01   -0.1235918E-03   -0.3745447E-04   -0.1990124E-04   -0.4135802E-04    0.4921701E-05    0.2735418E-03   -0.6767118E-06   -0.2757221E-04    0.3992233E-03   -0.1849289E-05    0.4721362E-04    0.2555754E-03   -0.2015635E-05   -0.1620495E-05
    0.1200315E-04    0.3116022E-03   -0.2436487E-04    0.6738258E-03    0.1883771E-02    0.1628948E-01    0.1832303E-02    0.5640937E-03   -0.5167233E-06    0.1048550E+00   -0.2058521E-02   -0.1732342E-01    0.3624166E+00    0.1566235E+00    0.1471798E-01   -0.6406533E-01    0.3682499E-01    0.8498082E-02    0.6599660E-02    0.1345948E-01   -0.1586676E-01    0.5499061E-04    0.2363129E-04   -0.1071388E-05    0.2007547E-04   -0.1551726E-04   -0.5106230E-04   -0.2102638E-03   -0.6358555E-04   -0.2981921E-03    0.3401424E-05   -0.6857470E-04   -0.8974047E-05   -0.2322423E-05    0.1056173E-04
    0.3037254E-05    0.2574378E-04   -0.9810979E-06    0.6495646E-03   -0.5102891E-03    0.1832303E-02    0.1337097E-02    0.1317047E-03    0.1110133E-04   -0.1323176E-01    0.2831158E-03    0.2500129E-02   -0.3688173E-01   -0.1426857E-01    0.6844129E-02    0.2024926E-01   -0.7028506E-02   -0.1453620E-04   -0.1170296E-02   -0.3434062E-02    0.4044604E-05    0.1671072E-04    0.5943534E-05   -0.1848412E-05    0.7192690E-05   -0.8684028E-05   -0.1182003E-05   -0.9267573E-04   -0.2792835E-04   -0.3778800E-04   -0.2608574E-04   -0.2416562E-04   -0.9218929E-04    0.1987767E-06   -0.1845738E-05
    0.7939921E-06    0.8961554E-05   -0.3325677E-06    0.6459005E-04   -0.5502487E-03    0.5640937E-03    0.1317047E-03    0.5189582E-04    0.7741362E-07   -0.1886359E-02    0.4173796E-04    0.8382118E-03   -0.1537861E-01   -0.4913887E-02    0.7230485E-03    0.1989050E-02   -0.1733394E-02    0.4836840E-03    0.1063127E-03   -0.2332874E-03   -0.3991005E-03    0.8911229E-05    0.3243204E-05    0.1238418E-05    0.3573920E-05    0.3876190E-07   -0.6851918E-05   -0.1008306E-04   -0.3172201E-05   -0.4581937E-05   -0.2168036E-05   -0.5668708E-05   -0.2459665E-04   -0.1787028E-06   -0.2352511E-06
    0.1793376E-07   -0.1186213E-06    0.1943107E-07   -0.3980457E-06    0.5906451E-05   -0.5167233E-06    0.1110133E-04    0.7741362E-07    0.5980733E-05    0.5036977E-03    0.5141711E-05   -0.9697844E-05    0.3176607E-02    0.6051416E-03    0.5681402E-03    0.1578033E-02   -0.4533796E-04   -0.1134430E-04   -0.2456646E-05   -0.7892090E-04    0.6007967E-03    0.1354632E-05    0.2940593E-06    0.4807017E-06    0.6226166E-06    0.6782370E-07   -0.2493467E-06   -0.5847914E-06   -0.4331905E-06   -0.4420144E-05    0.8173679E-06    0.1578463E-05   -0.2875042E-06    0.3885030E-08   -0.7076499E-07
   -0.4615508E-04    0.2596764E-02   -0.1893257E-03   -0.8041582E-02    0.1051550E-01    0.1048550E+00   -0.1323176E-01   -0.1886359E-02    0.5036977E-03    0.4978373E+02   -0.4915696E+00   -0.1538071E+01    0.4440093E+02    0.1338442E+01   -0.2089039E+02   -0.6720066E+02    0.5656578E+00   -0.8743798E-01    0.4044552E+00   -0.3066767E+01   -0.2562456E+02   -0.1313083E-03   -0.1008498E-03    0.5339065E-03   -0.2213951E-03   -0.1841173E-03    0.3031293E-02   -0.6212802E-02   -0.7162247E-04   -0.7755942E-02    0.2631094E-02   -0.5775557E-02   -0.5171770E-02   -0.2241212E-03    0.4467969E-02
    0.7225777E-06   -0.5059498E-04    0.3501119E-05    0.1510327E-03   -0.7040708E-04   -0.2058521E-02    0.2831158E-03    0.4173796E-04    0.5141711E-05   -0.4915696E+00    0.8163710E-01   -0.6681713E-01   -0.4786052E+00    0.9461578E+00    0.1769017E+01    0.7583029E+00    0.5972473E-01   -0.6059421E-02    0.7206047E-02    0.8764794E-01    0.9285387E-01    0.9228022E-05   -0.3329448E-05   -0.1805015E-04    0.7635566E-05    0.1888849E-05   -0.5734470E-04    0.1449965E-03    0.3543497E-04   -0.2346288E-03    0.3528627E-04   -0.7333764E-04   -0.3739004E-03    0.8476116E-05   -0.2178248E-04
    0.1649060E-04   -0.5753310E-03    0.3854508E-04    0.1658980E-02    0.7131151E-04   -0.1732342E-01    0.2500129E-02    0.8382118E-03   -0.9697844E-05   -0.1538071E+01   -0.6681713E-01    0.3773317E+01   -0.2914143E+02   -0.3785995E+01    0.7737688E+01    0.6562341E+01   -0.2769762E+01   -0.1904111E+00    0.7249240E-01    0.2431904E+01    0.1997172E+01    0.6290500E-05    0.5206359E-04    0.3668013E-03    0.5866748E-04   -0.3788340E-03   -0.9681257E-03    0.6386305E-03    0.4288980E-03    0.4652918E-02   -0.1805701E-03    0.6126903E-03    0.2047404E-02    0.2126493E-03   -0.3789685E-03
   -0.1447188E-03    0.1034344E-01   -0.6418618E-03   -0.2838714E-01    0.3659027E-01    0.3624166E+00   -0.3688173E-01   -0.1537861E-01    0.3176607E-02    0.4440093E+02   -0.4786052E+00   -0.2914143E+02    0.7244734E+03    0.7026867E+02   -0.5798944E+02   -0.7248951E+02    0.1415880E+02   -0.1295606E+00    0.9552810E-01   -0.1233337E+02   -0.1947866E+02   -0.9846963E-03   -0.1407510E-02   -0.7992433E-03   -0.6062471E-03    0.1545727E-02    0.1394770E-01    0.1000210E-01   -0.1176125E-01   -0.2693179E-01    0.1091526E-01   -0.1359628E-02   -0.4640083E-01    0.4226176E-02    0.4575476E-02
   -0.1358185E-03    0.3837282E-02   -0.3340641E-03   -0.1192841E-01    0.1633976E+00    0.1566235E+00   -0.1426857E-01   -0.4913887E-02    0.6051416E-03    0.1338442E+01    0.9461578E+00   -0.3785995E+01    0.7026867E+02    0.5982558E+02    0.4222539E+02    0.1737490E+02   -0.4287140E+01   -0.4116348E+00   -0.7895094E+00    0.4166075E+01    0.4152810E+01   -0.1915837E-02   -0.6024308E-03   -0.8238523E-03   -0.7351814E-03    0.3835807E-03   -0.2422468E-02   -0.8472453E-03    0.6021877E-03   -0.2171890E-01    0.1248702E-02   -0.4705447E-02   -0.1052360E-01    0.1103250E-03    0.3580450E-03
   -0.2607076E-04   -0.5141127E-03   -0.3663306E-04    0.9025653E-03    0.1718315E+00    0.1471798E-01    0.6844129E-02    0.7230485E-03    0.5681402E-03   -0.2089039E+02    0.1769017E+01    0.7737688E+01   -0.5798944E+02    0.4222539E+02    0.9310971E+02    0.6625716E+02   -0.1225108E+02   -0.7474405E+00   -0.2151117E+00    0.4851731E+01    0.5898749E+01   -0.1288801E-02   -0.4169302E-03    0.2370871E-03   -0.1797874E-03   -0.3337207E-03   -0.8233531E-02    0.5031231E-02    0.2106961E-02   -0.4800340E-04    0.1130914E-02    0.6202300E-03   -0.5899434E-02    0.7893741E-03   -0.2625287E-02
    0.1733541E-04   -0.2371302E-02    0.1118238E-03    0.7253606E-02    0.1477927E+00   -0.6406533E-01    0.2024926E-01    0.1989050E-02    0.1578033E-02   -0.6720066E+02    0.7583029E+00    0.6562341E+01   -0.7248951E+02    0.1737490E+02    0.6625716E+02    0.1273260E+03   -0.1067212E+02   -0.3520189E+00   -0.6100335E+00    0.8953976E+00    0.2271115E+02   -0.6030151E-03   -0.2917203E-03   -0.1726994E-03    0.1680429E-03    0.1900038E-03   -0.9286360E-02    0.7184316E-02   -0.8321673E-04    0.8222506E-02   -0.2344826E-02    0.1103732E-01    0.9041513E-02    0.6472245E-03   -0.7811750E-02
   -0.2734655E-04    0.1110228E-02   -0.8023645E-04   -0.3818161E-02   -0.4795351E-02    0.3682499E-01   -0.7028506E-02   -0.1733394E-02   -0.4533796E-04    0.5656578E+00    0.5972473E-01   -0.2769762E+01    0.1415880E+02   -0.4287140E+01   -0.1225108E+02   -0.1067212E+02    0.6319740E+01    0.1527003E+00   -0.9413580E-01   -0.1998234E+01   -0.1525197E+01   -0.1611660E-03   -0.9532793E-04   -0.2710732E-03   -0.2163296E-03    0.1343179E-03    0.1486726E-02   -0.4507483E-03   -0.1698600E-03   -0.1854489E-02    0.5189963E-03   -0.7157095E-03    0.2652438E-02   -0.1552966E-03    0.2296239E-03
    0.4727063E-06    0.1567019E-03   -0.2018315E-04   -0.6156132E-05    0.2291763E-02    0.8498082E-02   -0.1453620E-04    0.4836840E-03   -0.1134430E-04   -0.8743798E-01   -0.6059421E-02   -0.1904111E+00   -0.1295606E+00   -0.4116348E+00   -0.7474405E+00   -0.3520189E+00    0.1527003E+00    0.3229914E+01    0.8021963E+00    0.3969442E+00    0.6341426E+00    0.4499962E-04    0.2732160E-04    0.1644336E-03    0.8744279E-04   -0.2610508E-04   -0.5598849E-03   -0.3511991E-02   -0.4712753E-03   -0.2018064E-03    0.5211091E-04   -0.4946523E-03   -0.1722489E-02    0.4423337E-03    0.3088733E-05
   -0.1081451E-06    0.1353954E-03   -0.1513314E-04   -0.4109174E-03   -0.1322034E-02    0.6599660E-02   -0.1170296E-02    0.1063127E-03   -0.2456646E-05    0.4044552E+00    0.7206047E-02    0.7249240E-01    0.9552810E-01   -0.7895094E+00   -0.2151117E+00   -0.6100335E+00   -0.9413580E-01    0.8021963E+00    0.3095231E+01    0.2396058E+01    0.1292279E+01    0.1441332E-03   -0.1635154E-04    0.1656624E-03    0.1312977E-03    0.1363767E-03    0.7681431E-04    0.3347367E-02    0.9837624E-04    0.7983593E-03    0.3458784E-03    0.4175349E-03   -0.1284549E-02   -0.4069854E-03   -0.2008626E-03
   -0.5903826E-05    0.4685857E-03   -0.3123036E-04   -0.1703067E-02   -0.7649673E-02    0.1345948E-01   -0.3434062E-02   -0.2332874E-03   -0.7892090E-04   -0.3066767E+01    0.8764794E-01    0.2431904E+01   -0.1233337E+02    0.4166075E+01    0.4851731E+01    0.8953976E+00   -0.1998234E+01    0.3969442E+00    0.2396058E+01    0.1790760E+02    0.2745750E+02   -0.4208278E-03    0.7095111E-04    0.1210116E-04    0.2897354E-05   -0.6529136E-03   -0.4747764E-03    0.4291384E-02    0.1674072E-02    0.3743609E-03   -0.5405804E-04   -0.2043055E-02    0.5562440E-02   -0.5779562E-04    0.2504166E-02
    0.1460113E-05   -0.4227203E-04    0.1389673E-04   -0.6801814E-03   -0.1195582E-01   -0.1586676E-01    0.4044604E-05   -0.3991005E-03    0.6007967E-03   -0.2562456E+02    0.9285387E-01    0.1997172E+01   -0.1947866E+02    0.4152810E+01    0.5898749E+01    0.2271115E+02   -0.1525197E+01    0.6341426E+00    0.1292279E+01    0.2745750E+02    0.6278318E+02   -0.8224061E-03    0.2576083E-03   -0.6663553E-03    0.1611597E-03   -0.1098498E-02   -0.2064645E-02    0.7284100E-02    0.1978437E-02    0.6590118E-02   -0.9532775E-03   -0.9843840E-03    0.8984257E-02   -0.3909599E-05    0.4416830E-02
    0.1241803E-06    0.7262162E-06   -0.6028963E-07    0.8086727E-05   -0.1235918E-03    0.5499061E-04    0.1671072E-04    0.8911229E-05    0.1354632E-05   -0.1313083E-03    0.9228022E-05    0.6290500E-05   -0.9846963E-03   -0.1915837E-02   -0.1288801E-02   -0.6030151E-03   -0.1611660E-03    0.4499962E-04    0.1441332E-03   -0.4208278E-03   -0.8224061E-03    0.1260826E-03    0.1100985E-04    0.2251015E-06    0.2597731E-05    0.1474075E-05    0.7360751E-05   -0.1191012E-04   -0.3357818E-05   -0.1690410E-04    0.6059913E-05   -0.1877653E-05   -0.2572107E-04   -0.6233099E-10   -0.2284974E-06
    0.4093635E-07    0.3025525E-06   -0.1492290E-07    0.2983988E-05   -0.3745447E-04    0.2363129E-04    0.5943534E-05    0.3243204E-05    0.2940593E-06   -0.1008498E-03   -0.3329448E-05    0.5206359E-04   -0.1407510E-02   -0.6024308E-03   -0.4169302E-03   -0.2917203E-03   -0.9532793E-04    0.2732160E-04   -0.1635154E-04    0.7095111E-04    0.2576083E-03    0.1100985E-04    0.1400339E-04   -0.3963156E-06    0.6221478E-05    0.7613350E-06    0.2767612E-06   -0.6925367E-06   -0.1303865E-05   -0.4097837E-05    0.2286865E-06   -0.5270545E-06   -0.5472089E-05   -0.3192191E-07    0.6959724E-08
    0.2185442E-07   -0.1159971E-06    0.4654856E-07   -0.9429845E-06   -0.1990124E-04   -0.1071388E-05   -0.1848412E-05    0.1238418E-05    0.4807017E-06    0.5339065E-03   -0.1805015E-04    0.3668013E-03   -0.7992433E-03   -0.8238523E-03    0.2370871E-03   -0.1726994E-03   -0.2710732E-03    0.1644336E-03    0.1656624E-03    0.1210116E-04   -0.6663553E-03    0.2251015E-06   -0.3963156E-06    0.2244412E-03   -0.9068677E-07    0.7566806E-06   -0.2683808E-05   -0.8112611E-05   -0.2868905E-05   -0.1056142E-04    0.1740729E-05    0.5826938E-05    0.1585838E-04    0.6324054E-07   -0.8240308E-08
    0.5019041E-07    0.1998851E-06   -0.2574994E-07    0.3469382E-05   -0.4135802E-04    0.2007547E-04    0.7192690E-05    0.3573920E-05    0.6226166E-06   -0.2213951E-03    0.7635566E-05    0.5866748E-04   -0.6062471E-03   -0.7351814E-03   -0.1797874E-03    0.1680429E-03   -0.2163296E-03    0.8744279E-04    0.1312977E-03    0.2897354E-05    0.1611597E-03    0.2597731E-05    0.6221478E-05   -0.9068677E-07    0.2995294E-04    0.1048665E-05   -0.4135169E-05   -0.2706268E-05   -0.1972985E-06   -0.1229300E-06    0.1960979E-07   -0.4438591E-05   -0.1621661E-04   -0.6139572E-07   -0.1511422E-07
    0.9708571E-08   -0.4131994E-06    0.4706587E-07   -0.3848721E-05    0.4921701E-05   -0.1551726E-04   -0.8684028E-05    0.3876190E-07    0.6782370E-07   -0.1841173E-03    0.1888849E-05   -0.3788340E-03    0.1545727E-02    0.3835807E-03   -0.3337207E-03    0.1900038E-03    0.1343179E-03   -0.2610508E-04    0.1363767E-03   -0.6529136E-03   -0.1098498E-02    0.1474075E-05    0.7613350E-06    0.7566806E-06    0.1048665E-05    0.3906191E-03    0.1308084E-05   -0.1049998E-04   -0.2582056E-06   -0.9106893E-05    0.6374156E-05   -0.2257006E-04   -0.1403417E-04   -0.8861299E-07    0.1139103E-06
    0.5034954E-07   -0.3438890E-05    0.9649380E-07    0.5846955E-06    0.2735418E-03   -0.5106230E-04   -0.1182003E-05   -0.6851918E-05   -0.2493467E-06    0.3031293E-02   -0.5734470E-04   -0.9681257E-03    0.1394770E-01   -0.2422468E-02   -0.8233531E-02   -0.9286360E-02    0.1486726E-02   -0.5598849E-03    0.7681431E-04   -0.4747764E-03   -0.2064645E-02    0.7360751E-05    0.2767612E-06   -0.2683808E-05   -0.4135169E-05    0.1308084E-05    0.3499577E-02   -0.9853637E-05   -0.8374980E-05   -0.2318952E-04   -0.2659515E-04    0.5715980E-05    0.2608950E-04   -0.1535990E-06   -0.9865165E-07
   -0.5686865E-06   -0.1879330E-05    0.1865219E-06   -0.4650886E-04   -0.6767118E-06   -0.2102638E-03   -0.9267573E-04   -0.1008306E-04   -0.5847914E-06   -0.6212802E-02    0.1449965E-03    0.6386305E-03    0.1000210E-01   -0.8472453E-03    0.5031231E-02    0.7184316E-02   -0.4507483E-03   -0.3511991E-02    0.3347367E-02    0.4291384E-02    0.7284100E-02   -0.1191012E-04   -0.6925367E-06   -0.8112611E-05   -0.2706268E-05   -0.1049998E-04   -0.9853637E-05    0.5748126E-02    0.1809311E-02    0.1765035E-02   -0.7007362E-03   -0.9094218E-04   -0.2298841E-04    0.2071532E-05    0.4501692E-06
   -0.1946711E-06    0.7013546E-07   -0.9710345E-08   -0.1361041E-04   -0.2757221E-04   -0.6358555E-04   -0.2792835E-04   -0.3172201E-05   -0.4331905E-06   -0.7162247E-04    0.3543497E-04    0.4288980E-03   -0.1176125E-01    0.6021877E-03    0.2106961E-02   -0.8321673E-04   -0.1698600E-03   -0.4712753E-03    0.9837624E-04    0.1674072E-02    0.1978437E-02   -0.3357818E-05   -0.1303865E-05   -0.2868905E-05   -0.1972985E-06   -0.2582056E-06   -0.8374980E-05    0.1809311E-02    0.1223317E-02    0.7733262E-03    0.1986686E-03    0.8909627E-05   -0.2245321E-03   -0.2533134E-06    0.5332409E-06
   -0.3113079E-07   -0.1263738E-04    0.7725837E-06   -0.6341859E-05    0.3992233E-03   -0.2981921E-03   -0.3778800E-04   -0.4581937E-05   -0.4420144E-05   -0.7755942E-02   -0.2346288E-03    0.4652918E-02   -0.2693179E-01   -0.2171890E-01   -0.4800340E-04    0.8222506E-02   -0.1854489E-02   -0.2018064E-03    0.7983593E-03    0.3743609E-03    0.6590118E-02   -0.1690410E-04   -0.4097837E-05   -0.1056142E-04   -0.1229300E-06   -0.9106893E-05   -0.2318952E-04    0.1765035E-02    0.7733262E-03    0.3279499E-01   -0.6547200E-03    0.1577255E-02    0.1087665E-01   -0.9601887E-07    0.7103350E-06
   -0.1130103E-06    0.8125221E-06   -0.1588230E-06   -0.1439104E-04   -0.1849289E-05    0.3401424E-05   -0.2608574E-04   -0.2168036E-05    0.8173679E-06    0.2631094E-02    0.3528627E-04   -0.1805701E-03    0.1091526E-01    0.1248702E-02    0.1130914E-02   -0.2344826E-02    0.5189963E-03    0.5211091E-04    0.3458784E-03   -0.5405804E-04   -0.9532775E-03    0.6059913E-05    0.2286865E-06    0.1740729E-05    0.1960979E-07    0.6374156E-05   -0.2659515E-04   -0.7007362E-03    0.1986686E-03   -0.6547200E-03    0.1377782E-02    0.1591842E-03   -0.3959757E-03   -0.1373903E-06    0.2590934E-06
   -0.2691013E-06    0.7704727E-06   -0.8518297E-07   -0.1523823E-04    0.4721362E-04   -0.6857470E-04   -0.2416562E-04   -0.5668708E-05    0.1578463E-05   -0.5775557E-02   -0.7333764E-04    0.6126903E-03   -0.1359628E-02   -0.4705447E-02    0.6202300E-03    0.1103732E-01   -0.7157095E-03   -0.4946523E-03    0.4175349E-03   -0.2043055E-02   -0.9843840E-03   -0.1877653E-05   -0.5270545E-06    0.5826938E-05   -0.4438591E-05   -0.2257006E-04    0.5715980E-05   -0.9094218E-04    0.8909627E-05    0.1577255E-02    0.1591842E-03    0.5029324E-02    0.4079920E-02    0.2481102E-06   -0.5924481E-06
   -0.1250470E-05    0.6966099E-05   -0.1335040E-05   -0.5467719E-04    0.2555754E-03   -0.8974047E-05   -0.9218929E-04   -0.2459665E-04   -0.2875042E-06   -0.5171770E-02   -0.3739004E-03    0.2047404E-02   -0.4640083E-01   -0.1052360E-01   -0.5899434E-02    0.9041513E-02    0.2652438E-02   -0.1722489E-02   -0.1284549E-02    0.5562440E-02    0.8984257E-02   -0.2572107E-04   -0.5472089E-05    0.1585838E-04   -0.1621661E-04   -0.1403417E-04    0.2608950E-04   -0.2298841E-04   -0.2245321E-03    0.1087665E-01   -0.3959757E-03    0.4079920E-02    0.3590397E-01   -0.1082683E-05   -0.1027257E-05
    0.4220247E-08   -0.3724397E-07    0.5583141E-08    0.7515231E-08   -0.2015635E-05   -0.2322423E-05    0.1987767E-06   -0.1787028E-06    0.3885030E-08   -0.2241212E-03    0.8476116E-05    0.2126493E-03    0.4226176E-02    0.1103250E-03    0.7893741E-03    0.6472245E-03   -0.1552966E-03    0.4423337E-03   -0.4069854E-03   -0.5779562E-04   -0.3909599E-05   -0.6233099E-10   -0.3192191E-07    0.6324054E-07   -0.6139572E-07   -0.8861299E-07   -0.1535990E-06    0.2071532E-05   -0.2533134E-06   -0.9601887E-07   -0.1373903E-06    0.2481102E-06   -0.1082683E-05    0.5343584E-06    0.1380074E-08
   -0.4005611E-08    0.3283069E-06   -0.1901519E-07   -0.1032042E-05   -0.1620495E-05    0.1056173E-04   -0.1845738E-05   -0.2352511E-06   -0.7076499E-07    0.4467969E-02   -0.2178248E-04   -0.3789685E-03    0.4575476E-02    0.3580450E-03   -0.2625287E-02   -0.7811750E-02    0.2296239E-03    0.3088733E-05   -0.2008626E-03    0.2504166E-02    0.4416830E-02   -0.2284974E-06    0.6959724E-08   -0.8240308E-08   -0.1511422E-07    0.1139103E-06   -0.9865165E-07    0.4501692E-06    0.5332409E-06    0.7103350E-06    0.2590934E-06   -0.5924481E-06   -0.1027257E-05    0.1380074E-08    0.2071127E-05
