# omegam omegab H0 mnu A ns DES_b1 DES_b2 DES_b3 DES_b4 DES_b5 DES_m1 DES_m2 DES_m3 DES_m4 DES_AIA DES_alphaIA DES_DzL1 DES_DzL2 DES_DzL3 DES_DzL4 DES_DzL5 DES_DzS1 DES_DzS2 DES_DzS3 DES_DzS4
  1.1773820E-03   6.1883957E-05  -1.7804064E-01   3.1123859E-03  -7.9166586E-03  -4.0468765E-04   4.1190540E-03   4.4116526E-03   4.2609661E-03   5.0844197E-03   5.1971652E-03  -1.4111005E-05   8.6167641E-06  -1.0284947E-05   1.9940192E-05  -1.4010469E-03  -6.1726200E-03  -6.1618598E-06  -1.4507548E-05  -1.1732636E-05  -2.6998122E-05  -2.3967899E-05  -1.8095214E-05   1.0627869E-06   1.0736372E-05   5.2158236E-05
  6.1883957E-05   1.1549494E-04   4.1027132E-02  -5.9753568E-05  -1.8803708E-03   2.3261562E-05   2.2559615E-04   2.4909519E-04   2.5103272E-04   3.0177758E-04   2.9860411E-04   3.0665203E-08  -1.6377975E-07   1.1468980E-06   3.0421097E-06  -9.0940759E-05  -6.0924436E-04  -5.4966158E-07  -1.2276250E-06  -8.9196259E-07  -3.3619170E-06  -5.9495412E-06  -8.0569297E-07   5.2961739E-07  -6.8458204E-07  -8.8053441E-07
 -1.7804064E-01   4.1027132E-02   8.9252227E+01   2.6805551E-01  -1.8679846E+00  -7.4413940E-02  -6.0065237E-01  -6.4179035E-01  -6.0648915E-01  -7.1037394E-01  -7.0061906E-01   4.8599480E-03  -1.1353417E-03   4.5962382E-03  -2.9006455E-03   2.1709168E-01   8.7704653E-01   4.7798289E-04   1.1937823E-03   1.5343366E-03   3.4165021E-03   2.2820008E-03   2.9126606E-03  -1.2500637E-04  -2.3910044E-03  -9.9223900E-03
  3.1123859E-03  -5.9753568E-05   2.6805551E-01   6.9293725E-02  -1.6728818E-02   1.4058491E-03   1.1543536E-02   1.2511530E-02   1.2128507E-02   1.4222417E-02   1.4188645E-02   2.2305318E-05   6.7230349E-05  -2.1736614E-05   8.0889607E-05  -3.4263395E-03  -1.2701464E-02  -2.5847155E-05  -4.5460425E-05   1.9182171E-06  -3.0863737E-05  -1.2047451E-05  -6.5111867E-05   3.8215313E-06   4.1894230E-05   1.4220216E-04
 -7.9166586E-03  -1.8803708E-03  -1.8679846E+00  -1.6728818E-02   3.3789174E-01   1.8524641E-02  -3.4055673E-02  -3.7701576E-02  -3.8055055E-02  -4.7636729E-02  -5.2778890E-02  -1.2292688E-05  -1.8543148E-04  -1.3324272E-03  -9.6229925E-04   1.1806598E-02  -2.6694544E-02   5.0220839E-05   1.2873088E-04   1.5959497E-04   2.2428177E-04   2.5885332E-04   1.2974053E-04  -1.4704352E-04  -3.6509557E-04  -1.1131957E-03
 -4.0468765E-04   2.3261562E-05  -7.4413940E-02   1.4058491E-03   1.8524641E-02   2.9201775E-03  -1.0431062E-03  -1.0443803E-03  -9.3197105E-04  -1.1059995E-03  -1.0780432E-03   4.1261082E-06  -9.4496084E-07   1.9208639E-05   1.3834139E-05   6.4546197E-04   2.6572798E-03  -4.0490166E-06   6.0816824E-06   8.2364187E-06   2.2208621E-06  -8.4525306E-07   5.3791785E-06  -4.3846818E-06   6.2489497E-07  -9.3711681E-06
  4.1190540E-03   2.2559615E-04  -6.0065237E-01   1.1543536E-02  -3.4055673E-02  -1.0431062E-03   2.0452396E-02   1.6898771E-02   1.6471883E-02   1.9843511E-02   2.0376212E-02  -3.9018443E-05   6.9652943E-05   3.2251147E-04   2.9345335E-04  -5.9089548E-03   3.8880822E-04   1.0843140E-04  -2.8621686E-05  -2.8857548E-05  -7.1464955E-05  -9.0859645E-05  -5.4098007E-05   4.6366476E-05   1.2808787E-04   3.6969715E-04
  4.4116526E-03   2.4909519E-04  -6.4179035E-01   1.2511530E-02  -3.7701576E-02  -1.0443803E-03   1.6898771E-02   2.0989387E-02   1.8075237E-02   2.1760731E-02   2.2427050E-02  -5.4876802E-05   8.3961669E-05   3.5181785E-04   3.7002713E-04  -6.4779615E-03  -4.0167297E-03  -1.9245225E-05   2.0968562E-05  -4.4680315E-05  -8.6055707E-05  -8.9117725E-05  -8.1545984E-05   4.6291807E-05   1.4964110E-04   4.3151175E-04
  4.2609661E-03   2.5103272E-04  -6.0648915E-01   1.2128507E-02  -3.8055055E-02  -9.3197105E-04   1.6471883E-02   1.8075237E-02   1.9339300E-02   2.1308823E-02   2.1974772E-02  -3.9923374E-05   9.1099926E-05   3.3340150E-04   3.5947667E-04  -5.9311222E-03  -3.3108328E-03  -2.6482463E-05  -4.4165698E-05   1.1772279E-05  -8.6047342E-05  -9.8766071E-05  -7.0442043E-05   4.2857605E-05   1.5024345E-04   4.2187133E-04
  5.0844197E-03   3.0177758E-04  -7.1037394E-01   1.4222417E-02  -4.7636729E-02  -1.1059995E-03   1.9843511E-02   2.1760731E-02   2.1308823E-02   2.7918318E-02   2.6601286E-02  -5.1183156E-05   1.0199967E-04   4.0270005E-04   4.3188977E-04  -7.5537067E-03  -6.5824202E-03  -2.6525611E-05  -5.1192312E-05  -5.5451117E-05   1.3421548E-06  -1.1389353E-04  -8.3025558E-05   5.4218599E-05   1.8434775E-04   5.4330529E-04
  5.1971652E-03   2.9860411E-04  -7.0061906E-01   1.4188645E-02  -5.2778890E-02  -1.0780432E-03   2.0376212E-02   2.2427050E-02   2.1974772E-02   2.6601286E-02   3.2621644E-02  -5.0714125E-05   1.0554266E-04   4.3245122E-04   4.3255604E-04  -7.3490159E-03  -6.2610703E-03  -2.9684139E-05  -5.5190466E-05  -5.6404962E-05  -1.1396382E-04   5.9150312E-06  -7.8021731E-05   6.1444664E-05   1.7198779E-04   5.2082645E-04
 -1.4111005E-05   3.0665203E-08   4.8599480E-03   2.2305318E-05  -1.2292688E-05   4.1261082E-06  -3.9018443E-05  -5.4876802E-05  -3.9923374E-05  -5.1183156E-05  -5.0714125E-05   5.1516808E-04   7.5002940E-06   5.2297805E-06   6.1069932E-06   1.5086463E-04  -3.2768416E-03   3.3173427E-07   1.9364707E-07  -9.3949292E-07   1.2210035E-06  -4.9140488E-07  -2.7143617E-05   6.1418716E-06   1.2311328E-06  -2.4301461E-07
  8.6167641E-06  -1.6377975E-07  -1.1353417E-03   6.7230349E-05  -1.8543148E-04  -9.4496084E-07   6.9652943E-05   8.3961669E-05   9.1099926E-05   1.0199967E-04   1.0554266E-04   7.5002940E-06   4.9005557E-04   1.1756744E-05   9.9147270E-06   2.3022602E-04  -2.1671646E-03   8.6286384E-07  -6.3828594E-07   2.9815672E-07   6.1184220E-07  -9.9748661E-07   1.7955358E-05  -3.2679595E-05   4.5440759E-06   4.8004641E-06
 -1.0284947E-05   1.1468980E-06   4.5962382E-03  -2.1736614E-05  -1.3324272E-03   1.9208639E-05   3.2251147E-04   3.5181785E-04   3.3340150E-04   4.0270005E-04   4.3245122E-04   5.2297805E-06   1.1756744E-05   4.4345479E-04   6.5080404E-05  -1.2375767E-04   3.3346564E-03  -6.1797442E-07   1.5928606E-06   3.9761394E-07  -1.1213529E-06  -9.2347724E-07   9.0026359E-06   1.6350405E-05  -2.9934164E-05   4.3767143E-05
  1.9940192E-05   3.0421097E-06  -2.9006455E-03   8.0889607E-05  -9.6229925E-04   1.3834139E-05   2.9345335E-04   3.7002713E-04   3.5947667E-04   4.3188977E-04   4.3255604E-04   6.1069932E-06   9.9147270E-06   6.5080404E-05   4.5384498E-04  -2.1700490E-04   2.5545412E-03  -1.1285323E-06   7.1646704E-07  -1.4965694E-06   1.5907336E-06  -3.2205352E-06   2.1256682E-06   1.1097550E-05   1.7857966E-05  -6.6671210E-05
 -1.4010469E-03  -9.0940759E-05   2.1709168E-01  -3.4263395E-03   1.1806598E-02   6.4546197E-04  -5.9089548E-03  -6.4779615E-03  -5.9311222E-03  -7.5537067E-03  -7.3490159E-03   1.5086463E-04   2.3022602E-04  -1.2375767E-04  -2.1700490E-04   3.6312066E-02   1.2598147E-01  -3.7722891E-05  -6.6282813E-05   4.8228177E-05  -1.6032250E-04  -1.5509754E-05   3.1824834E-04   2.3087008E-04   1.4389089E-04  -2.0778840E-04
 -6.1726200E-03  -6.0924436E-04   8.7704653E-01  -1.2701464E-02  -2.6694544E-02   2.6572798E-03   3.8880822E-04  -4.0167297E-03  -3.3108328E-03  -6.5824202E-03  -6.2610703E-03  -3.2768416E-03  -2.1671646E-03   3.3346564E-03   2.5545412E-03   1.2598147E-01   5.5024303E+00   1.1430868E-03   5.0690731E-04   2.4212678E-04  -7.5925374E-04  -6.5208884E-04  -1.0291950E-02  -2.3477266E-03   2.6926363E-03   2.5380078E-03
 -6.1618598E-06  -5.4966158E-07   4.7798289E-04  -2.5847155E-05   5.0220839E-05  -4.0490166E-06   1.0843140E-04  -1.9245225E-05  -2.6482463E-05  -2.6525611E-05  -2.9684139E-05   3.3173427E-07   8.6286384E-07  -6.1797442E-07  -1.1285323E-06  -3.7722891E-05   1.1430868E-03   5.5980161E-05   2.9373967E-07   4.0799712E-07   4.4601731E-07  -2.5150983E-07   2.7063830E-06   1.5476028E-07   1.8965087E-06  -1.0720322E-07
 -1.4507548E-05  -1.2276250E-06   1.1937823E-03  -4.5460425E-05   1.2873088E-04   6.0816824E-06  -2.8621686E-05   2.0968562E-05  -4.4165698E-05  -5.1192312E-05  -5.5190466E-05   1.9364707E-07  -6.3828594E-07   1.5928606E-06   7.1646704E-07  -6.6282813E-05   5.0690731E-04   2.9373967E-07   4.3935634E-05   2.2549703E-08   1.3533295E-06   1.0130573E-07  -3.6235678E-07   2.9266759E-06   1.1611109E-06   1.9684591E-07
 -1.1732636E-05  -8.9196259E-07   1.5343366E-03   1.9182171E-06   1.5959497E-04   8.2364187E-06  -2.8857548E-05  -4.4680315E-05   1.1772279E-05  -5.5451117E-05  -5.6404962E-05  -9.3949292E-07   2.9815672E-07   3.9761394E-07  -1.4965694E-06   4.8228177E-05   2.4212678E-04   4.0799712E-07   2.2549703E-08   4.2775611E-05   1.4353778E-06  -6.6689223E-07  -4.0522319E-07   4.8915824E-06   4.1897230E-06  -7.4583565E-07
 -2.6998122E-05  -3.3619170E-06   3.4165021E-03  -3.0863737E-05   2.2428177E-04   2.2208621E-06  -7.1464955E-05  -8.6055707E-05  -8.6047342E-05   1.3421548E-06  -1.1396382E-04   1.2210035E-06   6.1184220E-07  -1.1213529E-06   1.5907336E-06  -1.6032250E-04  -7.5925374E-04   4.4601731E-07   1.3533295E-06   1.4353778E-06   8.3031456E-05   1.5536460E-06   4.1296156E-07   7.5566212E-07   8.4434825E-06   8.8521670E-06
 -2.3967899E-05  -5.9495412E-06   2.2820008E-03  -1.2047451E-05   2.5885332E-04  -8.4525306E-07  -9.0859645E-05  -8.9117725E-05  -9.8766071E-05  -1.1389353E-04   5.9150312E-06  -4.9140488E-07  -9.9748661E-07  -9.2347724E-07  -3.2205352E-06  -1.5509754E-05  -6.5208884E-04  -2.5150983E-07   1.0130573E-07  -6.6689223E-07   1.5536460E-06   9.6114289E-05   2.4490561E-06   2.3064185E-07  -1.4693960E-06   8.8018558E-06
 -1.8095214E-05  -8.0569297E-07   2.9126606E-03  -6.5111867E-05   1.2974053E-04   5.3791785E-06  -5.4098007E-05  -8.1545984E-05  -7.0442043E-05  -8.3025558E-05  -7.8021731E-05  -2.7143617E-05   1.7955358E-05   9.0026359E-06   2.1256682E-06   3.1824834E-04  -1.0291950E-02   2.7063830E-06  -3.6235678E-07  -4.0522319E-07   4.1296156E-07   2.4490561E-06   1.9829309E-04   1.9579999E-05   5.3271515E-07  -1.4253279E-07
  1.0627869E-06   5.2961739E-07  -1.2500637E-04   3.8215313E-06  -1.4704352E-04  -4.3846818E-06   4.6366476E-05   4.6291807E-05   4.2857605E-05   5.4218599E-05   6.1444664E-05   6.1418716E-06  -3.2679595E-05   1.6350405E-05   1.1097550E-05   2.3087008E-04  -2.3477266E-03   1.5476028E-07   2.9266759E-06   4.8915824E-06   7.5566212E-07   2.3064185E-07   1.9579999E-05   1.1691594E-04   6.8091086E-06   6.6536673E-06
  1.0736372E-05  -6.8458204E-07  -2.3910044E-03   4.1894230E-05  -3.6509557E-04   6.2489497E-07   1.2808787E-04   1.4964110E-04   1.5024345E-04   1.8434775E-04   1.7198779E-04   1.2311328E-06   4.5440759E-06  -2.9934164E-05   1.7857966E-05   1.4389089E-04   2.6926363E-03   1.8965087E-06   1.1611109E-06   4.1897230E-06   8.4434825E-06  -1.4693960E-06   5.3271515E-07   6.8091086E-06   9.6588393E-05   2.4627451E-05
  5.2158236E-05  -8.8053441E-07  -9.9223900E-03   1.4220216E-04  -1.1131957E-03  -9.3711681E-06   3.6969715E-04   4.3151175E-04   4.2187133E-04   5.4330529E-04   5.2082645E-04  -2.4301461E-07   4.8004641E-06   4.3767143E-05  -6.6671210E-05  -2.0778840E-04   2.5380078E-03  -1.0720322E-07   1.9684591E-07  -7.4583565E-07   8.8521670E-06   8.8018558E-06  -1.4253279E-07   6.6536673E-06   2.4627451E-05   3.5154365E-04
