# omegabh2 omegach2 theta tau omegak ns logA aps100 aps143 aps217 acib143 acib217 asz143 psr cibr cal0 cal2 xi aksz bm_1_1
1.126800E-07 -6.829700E-07 1.264900E-07 4.217600E-06 -2.954800E-06 2.055000E-06 7.038400E-06 -1.886600E-03 -6.328400E-04 -4.104200E-04 -2.993000E-04 -3.022400E-04 -3.319647E-06 -4.592300E-08 -1.722800E-06 1.358900E-09 -4.120200E-09 2.926000E-07 -1.382819E-04 -3.436000E-05
-6.829700E-07 9.057700E-06 -1.054200E-06 -4.382600E-05 1.636400E-05 -2.297600E-05 -6.652300E-05 8.947300E-03 4.095000E-03 2.804200E-03 1.423100E-03 1.690700E-03 7.352748E-05 9.683600E-07 2.309100E-05 -2.820700E-08 6.218500E-08 -7.469300E-07 7.502798E-04 2.322700E-04
1.264900E-07 -1.054200E-06 4.541400E-07 6.183800E-06 -2.815500E-06 3.242800E-06 1.027600E-05 -1.191800E-03 -5.586900E-04 -5.131600E-04 -2.715100E-04 -2.004800E-04 2.024104E-06 -4.031700E-08 8.104300E-07 -3.853700E-09 7.401300E-09 2.431400E-07 -1.044118E-04 -3.063700E-05
4.217600E-06 -4.382600E-05 6.183800E-06 1.364200E-03 5.705500E-04 1.638400E-04 2.612700E-03 -1.136800E-01 -2.444800E-02 -2.808500E-03 -1.779800E-02 -2.464400E-02 -3.254374E-03 -6.524000E-06 -4.565000E-04 -2.712200E-07 -7.462900E-07 2.785900E-05 -9.620449E-03 -2.670600E-03
-2.954800E-06 1.636400E-05 -2.815500E-06 5.705500E-04 1.128900E-03 -2.960800E-05 1.158500E-03 2.472900E-02 2.294500E-02 1.675100E-02 7.403900E-03 8.937900E-03 3.247324E-03 -7.886800E-06 2.237100E-04 -3.978300E-07 -5.654600E-07 2.614200E-06 6.950502E-03 4.489000E-04
2.055000E-06 -2.297600E-05 3.242800E-06 1.638400E-04 -2.960800E-05 7.878000E-05 2.724000E-04 -4.543500E-02 -5.067300E-03 4.602100E-03 -9.177400E-03 -1.321200E-02 -2.743456E-03 4.619500E-07 -3.057100E-04 -1.105300E-08 -1.218500E-07 3.382200E-05 -5.380005E-03 -1.010800E-03
7.038400E-06 -6.652300E-05 1.027600E-05 2.612700E-03 1.158500E-03 2.724000E-04 5.050400E-03 -1.933500E-01 -3.075200E-02 1.013100E-02 -3.458400E-02 -4.987200E-02 -9.099930E-03 -7.850300E-06 -1.027600E-03 -5.506800E-07 -1.137100E-06 9.327700E-05 -1.923061E-02 -4.467400E-03
-1.886600E-03 8.947300E-03 -1.191800E-03 -1.136800E-01 2.472900E-02 -4.543500E-02 -1.933500E-01 2.681400E+03 1.935200E+02 1.098900E+02 1.049300E+02 -1.773700E+01 -1.277175E+02 4.171800E-02 -5.246300E+00 1.203800E-03 4.306300E-03 2.484000E+00 -1.146020E+01 1.186200E+01
-6.328400E-04 4.095000E-03 -5.586900E-04 -2.444800E-02 2.294500E-02 -5.067300E-03 -3.075200E-02 1.935200E+02 1.599000E+02 1.200100E+02 -2.879900E+01 -4.134900E+01 -2.350472E+01 3.842900E-02 -1.469300E+00 -4.367800E-05 1.962300E-04 4.262900E-01 -1.064667E+01 4.590900E-01
-4.104200E-04 2.804200E-03 -5.131600E-04 -2.808500E-03 1.675100E-02 4.602100E-03 1.013100E-02 1.098900E+02 1.200100E+02 2.091600E+02 -2.663000E+01 -7.964400E+01 -1.833511E+01 5.208600E-02 -2.061100E+00 -1.464400E-04 -4.451300E-03 4.477700E-01 -1.211494E+01 3.369900E-01
-2.993000E-04 1.423100E-03 -2.715100E-04 -1.779800E-02 7.403900E-03 -9.177400E-03 -3.458400E-02 1.049300E+02 -2.879900E+01 -2.663000E+01 2.921400E+01 1.617500E+01 -5.037718E+00 -9.127000E-03 1.437800E-02 -1.231000E-05 -1.828100E-04 2.244800E-01 -4.732059E-01 -6.392500E-01
-3.022400E-04 1.690700E-03 -2.004800E-04 -2.464400E-02 8.937900E-03 -1.321200E-02 -4.987200E-02 -1.773700E+01 -4.134900E+01 -7.964400E+01 1.617500E+01 4.135400E+01 9.178105E+00 -2.050600E-02 1.050900E+00 6.284800E-05 2.360300E-03 -2.115900E-01 1.209581E-01 -1.483600E-02
-3.319647E-06 7.352748E-05 2.024104E-06 -3.254374E-03 3.247324E-03 -2.743456E-03 -9.099930E-03 -1.277175E+02 -2.350472E+01 -1.833511E+01 -5.037718E+00 9.178105E+00 1.518015E+01 -6.958037E-03 7.211745E-01 2.256422E-05 -6.201228E-04 -2.680436E-01 4.706602E-02 4.559557E-01
-4.592300E-08 9.683600E-07 -4.031700E-08 -6.524000E-06 -7.886800E-06 4.619500E-07 -7.850300E-06 4.171800E-02 3.842900E-02 5.208600E-02 -9.127000E-03 -2.050600E-02 -6.958037E-03 1.949500E-04 -5.343900E-04 -1.336300E-07 -7.494300E-07 1.673100E-04 -3.362117E-03 -8.593600E-06
-1.722800E-06 2.309100E-05 8.104300E-07 -4.565000E-04 2.237100E-04 -3.057100E-04 -1.027600E-03 -5.246300E+00 -1.469300E+00 -2.061100E+00 1.437800E-02 1.050900E+00 7.211745E-01 -5.343900E-04 5.706600E-02 2.243900E-06 3.273700E-05 -1.098100E-02 1.126644E-02 1.611100E-02
1.358900E-09 -2.820700E-08 -3.853700E-09 -2.712200E-07 -3.978300E-07 -1.105300E-08 -5.506800E-07 1.203800E-03 -4.367800E-05 -1.464400E-04 -1.231000E-05 6.284800E-05 2.256422E-05 -1.336300E-07 2.243900E-06 1.586700E-07 2.659800E-09 -1.823500E-06 -1.717899E-05 -3.206100E-05
-4.120200E-09 6.218500E-08 7.401300E-09 -7.462900E-07 -5.654600E-07 -1.218500E-07 -1.137100E-06 4.306300E-03 1.962300E-04 -4.451300E-03 -1.828100E-04 2.360300E-03 -6.201228E-04 -7.494300E-07 3.273700E-05 2.659800E-09 9.497500E-07 -2.754000E-06 8.642359E-05 1.251100E-05
2.926000E-07 -7.469300E-07 2.431400E-07 2.785900E-05 2.614200E-06 3.382200E-05 9.327700E-05 2.484000E+00 4.262900E-01 4.477700E-01 2.244800E-01 -2.115900E-01 -2.680436E-01 1.673100E-04 -1.098100E-02 -1.823500E-06 -2.754000E-06 2.519400E-02 1.530777E-02 -7.469900E-03
-1.382819E-04 7.502798E-04 -1.044118E-04 -9.620449E-03 6.950502E-03 -5.380005E-03 -1.923061E-02 -1.146020E+01 -1.064667E+01 -1.211494E+01 -4.732059E-01 1.209581E-01 4.706602E-02 -3.362117E-03 1.126644E-02 -1.717899E-05 8.642359E-05 1.530777E-02 7.810235E+00 1.069151E-02
-3.436000E-05 2.322700E-04 -3.063700E-05 -2.670600E-03 4.489000E-04 -1.010800E-03 -4.467400E-03 1.186200E+01 4.590900E-01 3.369900E-01 -6.392500E-01 -1.483600E-02 4.559557E-01 -8.593600E-06 1.611100E-02 -3.206100E-05 1.251100E-05 -7.469900E-03 1.069151E-02 6.053100E-01
