# omegabh2 omegach2 theta tau alpha1 ns logA aps100 aps143 aps217 acib143 acib217 asz143 psr cibr ncib cal0 cal2 xi aksz bm_1_1 bm_1_2 bm_1_3 bm_1_4 bm_1_5 bm_2_1 bm_2_2 bm_2_3 bm_2_4 bm_2_5 bm_3_1 bm_3_2 bm_3_3 bm_3_4 bm_3_5 bm_4_1 bm_4_2 bm_4_3 bm_4_4 bm_4_5 a_ps_act_148 a_ps_act_217 a_ps_spt_95 a_ps_spt_150 a_ps_spt_220 r_ps_spt_95x150 r_ps_spt_95x220 r_ps_150x220 act_dust_s act_dust_e cal_acts_148 cal_acts_217 cal_acte_148 cal_acte_217 cal_spt_95 cal_spt_150 cal_spt_220
    0.66538E-07   -0.11862E-06    0.26181E-07    0.10017E-05   -0.25043E-06    0.21803E-06    0.19787E-05   -0.32052E-03   -0.61869E-03   -0.51437E-03    0.69424E-06    0.32903E-04    0.19216E-04   -0.80194E-06   -0.24251E-06    0.76981E-06    0.12429E-08   -0.94675E-09   -0.28880E-05   -0.47536E-04   -0.83635E-05   -0.90918E-05   -0.75225E-06   -0.24257E-05   -0.20319E-05   -0.13604E-05   -0.12269E-04    0.53118E-05    0.57416E-05    0.28575E-05   -0.27527E-05   -0.32272E-05   -0.23819E-05    0.91785E-06   -0.31936E-05   -0.20230E-05   -0.29593E-05   -0.74061E-05   -0.87918E-05    0.95861E-05    0.12279E-04    0.54373E-04    0.20640E-04    0.22826E-04    0.90310E-04   -0.84586E-06   -0.52111E-06   -0.77513E-07   -0.58605E-06   -0.54530E-06    0.31432E-06    0.31063E-06    0.35568E-06    0.29162E-06    0.75552E-06    0.58855E-06    0.44115E-06
   -0.11862E-06    0.31867E-05   -0.25139E-06   -0.36193E-05   -0.68009E-06   -0.79393E-05    0.11377E-05    0.15550E-02    0.12946E-02    0.93829E-03   -0.49053E-05    0.11538E-03    0.28612E-04    0.48117E-05    0.35296E-05    0.14724E-05   -0.80432E-08    0.24535E-07    0.13000E-05   -0.81028E-04    0.92105E-04    0.15997E-04   -0.23536E-04   -0.26455E-04    0.10225E-04    0.46005E-04    0.11041E-04   -0.11957E-04    0.26070E-04   -0.34852E-04   -0.11866E-04   -0.14891E-06   -0.17806E-04   -0.25010E-04   -0.21679E-04    0.17976E-04    0.34293E-04   -0.12328E-04    0.34919E-04    0.92929E-06   -0.49624E-05   -0.27868E-03   -0.35276E-04   -0.17991E-04   -0.38690E-03    0.24832E-05    0.62528E-05    0.18918E-06   -0.39056E-05    0.46518E-05   -0.69513E-06   -0.57889E-06   -0.87501E-06   -0.83404E-06   -0.12383E-05   -0.12343E-05   -0.13295E-05
    0.26181E-07   -0.25139E-06    0.36649E-06   -0.19360E-06    0.52452E-06    0.16571E-05   -0.10349E-05   -0.17269E-04   -0.18165E-03   -0.20934E-03    0.11391E-04    0.48593E-04    0.41529E-04    0.36876E-06    0.54314E-07    0.61854E-06    0.86622E-09   -0.67810E-08   -0.41387E-05   -0.35763E-04   -0.11739E-04   -0.79684E-05    0.15048E-05   -0.62048E-05    0.25940E-05   -0.11126E-04   -0.11361E-04   -0.13170E-04    0.24617E-05    0.13756E-04   -0.66830E-05   -0.47814E-05   -0.24876E-05   -0.95171E-05   -0.10465E-04   -0.71683E-05   -0.20085E-04   -0.66892E-05    0.48282E-05    0.28868E-05   -0.34888E-05   -0.70231E-05   -0.31888E-04   -0.38383E-05   -0.18692E-04    0.11884E-05    0.14535E-05    0.30612E-06   -0.86764E-06    0.21234E-07    0.16674E-06    0.90718E-07    0.12817E-06    0.81758E-07    0.35210E-06    0.13492E-06   -0.19440E-06
    0.10017E-05   -0.36193E-05   -0.19360E-06    0.20694E-03   -0.12782E-04    0.90031E-05    0.40934E-03   -0.34258E-01   -0.15640E-01   -0.11492E-01   -0.54913E-04   -0.15777E-03   -0.31621E-03   -0.37298E-04   -0.21406E-04    0.56428E-05    0.42592E-07    0.28401E-06   -0.65398E-04   -0.86942E-03   -0.31941E-03    0.25216E-03   -0.10970E-03   -0.13429E-04   -0.22531E-03    0.26427E-03   -0.12940E-03    0.18931E-03    0.19919E-03   -0.12016E-03    0.11248E-03    0.14884E-03   -0.10742E-03   -0.72019E-04   -0.15422E-03    0.22548E-03    0.21049E-03   -0.14602E-03   -0.66003E-04    0.56026E-04    0.71262E-03    0.30963E-02    0.62187E-03    0.79881E-03    0.47172E-02    0.36564E-05   -0.42254E-04   -0.10349E-04   -0.67884E-04   -0.58543E-05    0.99431E-05    0.10542E-04    0.10999E-04    0.95522E-05    0.11062E-04    0.12661E-04    0.13702E-04
   -0.25043E-06   -0.68009E-06    0.52452E-06   -0.12782E-04    0.75633E-05    0.79566E-05   -0.30889E-04   -0.14653E-02    0.23003E-03    0.71906E-04   -0.26730E-04    0.13518E-03   -0.13826E-04    0.20607E-05   -0.10331E-05    0.28198E-05   -0.25251E-07   -0.47339E-07   -0.34652E-05    0.91752E-04   -0.95219E-04   -0.42538E-04    0.71751E-04    0.37772E-04    0.10242E-03   -0.22719E-04    0.40502E-04   -0.29679E-04   -0.59583E-04    0.75285E-04    0.29979E-04   -0.22265E-04    0.54128E-04    0.96884E-05   -0.23054E-04    0.22102E-04   -0.64384E-04    0.64171E-04   -0.13600E-04   -0.23453E-04   -0.44128E-04   -0.12618E-03   -0.52642E-04   -0.75505E-04   -0.22908E-03    0.73103E-06   -0.36955E-06    0.12222E-05    0.17548E-04    0.98141E-06   -0.20074E-06    0.38540E-07   -0.61745E-06   -0.99068E-07   -0.19615E-05   -0.12745E-05   -0.98446E-06
    0.21803E-06   -0.79393E-05    0.16571E-05    0.90031E-05    0.79566E-05    0.41845E-04   -0.90685E-05   -0.38146E-01   -0.16425E-01   -0.11513E-01   -0.21345E-06    0.11617E-02    0.60724E-03   -0.28140E-04   -0.17492E-04    0.29882E-04   -0.99386E-07    0.47640E-07   -0.15587E-03   -0.11084E-02   -0.48564E-03   -0.27280E-03   -0.83092E-05    0.15910E-03    0.90196E-04    0.14334E-03    0.15028E-03   -0.10234E-03   -0.12719E-03    0.11050E-03    0.10303E-03   -0.12488E-03    0.10518E-03    0.77719E-04   -0.10619E-03    0.20592E-03   -0.63750E-04    0.19788E-03    0.20710E-04   -0.55689E-04    0.58696E-04    0.75502E-03    0.29740E-03    0.12962E-03    0.78774E-03   -0.12308E-04   -0.27586E-04   -0.31575E-07    0.75795E-05   -0.16795E-04    0.76917E-05    0.62441E-05    0.74295E-05    0.47837E-05    0.10268E-04    0.88798E-05    0.57199E-05
    0.19787E-05    0.11377E-05   -0.10349E-05    0.40934E-03   -0.30889E-04   -0.90685E-05    0.83917E-03   -0.75192E-01   -0.31530E-01   -0.22048E-01   -0.15945E-03    0.13466E-03   -0.41550E-03   -0.68564E-04   -0.38558E-04    0.23173E-04    0.16337E-06    0.99304E-06   -0.17156E-03   -0.23674E-02    0.62029E-04    0.62372E-03   -0.32432E-03   -0.14577E-03   -0.47185E-03    0.10949E-02   -0.17427E-03    0.36478E-03    0.52806E-03   -0.37292E-03    0.19542E-03    0.39468E-03   -0.26952E-03   -0.23009E-03   -0.49165E-03    0.80973E-03    0.68857E-03   -0.28253E-03   -0.20991E-04    0.19698E-03    0.14580E-02    0.56356E-02    0.12319E-02    0.16015E-02    0.84739E-02    0.47058E-05   -0.78101E-04   -0.21023E-04   -0.14257E-03    0.14436E-04    0.19314E-04    0.19823E-04    0.21396E-04    0.17343E-04    0.21760E-04    0.23963E-04    0.23932E-04
   -0.32052E-03    0.15550E-02   -0.17269E-04   -0.34258E-01   -0.14653E-02   -0.38146E-01   -0.75192E-01    0.16358E+04    0.91092E+02    0.28591E+02    0.19506E-01   -0.66142E+01   -0.11595E+02   -0.84500E-01   -0.46608E-01   -0.16928E+00    0.98713E-03   -0.26286E-02    0.10884E+01    0.92735E+01    0.16620E+02   -0.71999E+01   -0.14998E+00    0.13561E+01   -0.45978E+00   -0.24019E+01   -0.52897E+01    0.19839E+00   -0.96155E+00   -0.15435E+01    0.60650E-01    0.52059E+00    0.23475E-01   -0.10905E+01   -0.40408E+01   -0.13358E+01   -0.15247E+01   -0.26093E+01   -0.10924E+01    0.24802E+01    0.43038E+00    0.40827E+01    0.51704E+01   -0.34899E+00    0.91175E+01   -0.74073E-01   -0.32242E+00   -0.70357E-01    0.10188E+00    0.77243E-01   -0.21140E-01    0.52757E-02   -0.20314E-01    0.81466E-02   -0.78755E-01   -0.24013E-01    0.10381E-01
   -0.61869E-03    0.12946E-02   -0.18165E-03   -0.15640E-01    0.23003E-03   -0.16425E-01   -0.31530E-01    0.91092E+02    0.63854E+02    0.14714E+02    0.34111E-02    0.64463E-01   -0.22310E+01    0.32494E-01    0.26489E-01   -0.26557E-01    0.11616E-04   -0.11297E-02    0.16394E+00    0.78815E+00   -0.67397E-01   -0.30358E+00    0.30043E+00   -0.95721E-02    0.65349E-01   -0.29555E-01   -0.19105E+00   -0.23424E+00   -0.16187E+00    0.28852E-01   -0.67185E-01    0.12600E-01    0.66318E-02   -0.72840E-01    0.30087E+00    0.25863E-01   -0.26914E+00   -0.18393E+00    0.40518E-01    0.37581E-01    0.23420E+00   -0.91117E+00    0.95858E+00   -0.23435E+00   -0.45427E+00   -0.42919E-02   -0.72280E-01   -0.31701E-01   -0.62117E-02   -0.10439E-01   -0.14328E-01   -0.58220E-02   -0.12772E-01   -0.32592E-02   -0.26666E-01   -0.16908E-01   -0.31846E-02
   -0.51437E-03    0.93829E-03   -0.20934E-03   -0.11492E-01    0.71906E-04   -0.11513E-01   -0.22048E-01    0.28591E+02    0.14714E+02    0.93666E+02   -0.10512E+01   -0.33683E+02    0.36435E+00   -0.35701E+00   -0.37937E-01   -0.44092E+00    0.63389E-05   -0.82904E-04    0.70796E-02    0.95684E+00    0.10515E-01    0.10590E+00    0.31695E+00   -0.11786E+00    0.34418E+00   -0.10568E+00    0.74038E-01    0.39510E-01   -0.23543E+00    0.35101E+00    0.27937E-01    0.22428E+00   -0.17784E+00    0.15350E+00    0.48307E+00   -0.17766E-01   -0.15179E+00    0.18270E+00   -0.54705E-01   -0.12569E+00    0.12052E+00    0.17689E+02   -0.81971E+00    0.50805E+00    0.83328E+01   -0.43751E-01   -0.87313E-01    0.35803E-02    0.23683E-01    0.27312E-01   -0.79895E-02   -0.27202E-01   -0.47427E-02   -0.30191E-01   -0.72956E-02   -0.11018E-01   -0.53075E-01
    0.69424E-06   -0.49053E-05    0.11391E-04   -0.54913E-04   -0.26730E-04   -0.21345E-06   -0.15945E-03    0.19506E-01    0.34111E-02   -0.10512E+01    0.67116E+00    0.11995E+01    0.59386E+00    0.29455E-02   -0.31908E-02   -0.26768E-02   -0.15449E-05    0.74245E-04    0.21259E-02   -0.96520E+00   -0.40585E-02   -0.35026E-01    0.14506E-02    0.96817E-02   -0.30343E-01   -0.88140E-02   -0.21103E-01    0.21157E-02    0.16872E-01    0.33851E-02    0.18904E-01   -0.11179E-01    0.32472E-02    0.13477E-02   -0.17351E-01    0.84678E-02   -0.74931E-02   -0.39131E-02   -0.11526E-01    0.23398E-01    0.47352E-01   -0.13916E+00   -0.23899E+00   -0.22455E-01   -0.82395E-01    0.49514E-01    0.48327E-01   -0.38691E-02   -0.29213E-02   -0.53273E-02    0.17174E-03    0.23270E-03   -0.41101E-04    0.38916E-03   -0.54744E-03    0.73524E-03    0.16646E-02
    0.32903E-04    0.11538E-03    0.48593E-04   -0.15777E-03    0.13518E-03    0.11617E-02    0.13466E-03   -0.66142E+01    0.64463E-01   -0.33683E+02    0.11995E+01    0.20965E+02    0.19505E+01    0.21346E+00    0.30266E-01    0.27492E+00    0.52811E-05    0.87032E-04   -0.33825E+00   -0.42771E+01    0.12131E+00   -0.17862E+00   -0.40535E-01   -0.54472E-01   -0.18244E+00    0.21250E-01    0.14464E-01   -0.12057E+00    0.30854E+00   -0.22064E+00   -0.18618E+00   -0.37405E+00   -0.27139E-02   -0.24173E+00   -0.29091E+00   -0.10963E+00   -0.52955E-01   -0.29123E-01    0.10969E+00    0.29914E+00   -0.30833E+00   -0.11746E+02   -0.54473E-01   -0.68758E+00   -0.72583E+01    0.59119E-01    0.72547E-01   -0.11210E-01   -0.12824E-01   -0.19346E-01   -0.76699E-06    0.55473E-02   -0.20603E-02    0.86152E-02   -0.77127E-03   -0.12370E-02    0.20750E-01
    0.19216E-04    0.28612E-04    0.41529E-04   -0.31621E-03   -0.13826E-04    0.60724E-03   -0.41550E-03   -0.11595E+02   -0.22310E+01    0.36435E+00    0.59386E+00    0.19505E+01    0.20336E+01    0.18021E-01    0.22764E-01    0.13960E-01   -0.84164E-05   -0.12085E-03   -0.18768E+00   -0.24693E+01    0.52379E-01    0.12276E-01    0.13909E-01   -0.14278E-01   -0.22807E-01    0.32026E-01    0.43490E-02   -0.13273E-01   -0.18598E-01    0.32244E-01   -0.81559E-01    0.57075E-02   -0.34151E-02   -0.49079E-02   -0.95795E-02   -0.20538E-01   -0.24656E-01   -0.16531E-02   -0.37027E-01    0.17061E-01   -0.67105E-01   -0.81632E+00   -0.80823E+00   -0.89687E-01   -0.11327E+01    0.46414E-01    0.72788E-01   -0.20840E-02   -0.76883E-02   -0.48324E-02    0.52364E-03   -0.28890E-02    0.46521E-03   -0.27227E-02    0.37058E-02    0.59778E-03   -0.12124E-02
   -0.80194E-06    0.48117E-05    0.36876E-06   -0.37298E-04    0.20607E-05   -0.28140E-04   -0.68564E-04   -0.84500E-01    0.32494E-01   -0.35701E+00    0.29455E-02    0.21346E+00    0.18021E-01    0.44333E-02   -0.21651E-04    0.30009E-02    0.36689E-07   -0.23684E-05   -0.11260E-02   -0.19455E-01    0.71701E-03    0.29696E-02    0.52933E-03   -0.71839E-03   -0.26654E-02    0.58196E-03   -0.32162E-02    0.54272E-03   -0.12044E-02    0.77235E-04   -0.19902E-02    0.11119E-02   -0.58725E-03   -0.10935E-03    0.50843E-03   -0.56380E-03   -0.39420E-03   -0.36082E-02   -0.28310E-02   -0.22656E-02   -0.10330E-02   -0.15174E+00   -0.65626E-02   -0.36946E-02   -0.97130E-01    0.33818E-03    0.14397E-02    0.34140E-03   -0.13242E-03    0.27564E-03   -0.21984E-04   -0.23783E-04   -0.51991E-04    0.35677E-04    0.26769E-04   -0.31586E-04    0.17934E-03
   -0.24251E-06    0.35296E-05    0.54314E-07   -0.21406E-04   -0.10331E-05   -0.17492E-04   -0.38558E-04   -0.46608E-01    0.26489E-01   -0.37937E-01   -0.31908E-02    0.30266E-01    0.22764E-01   -0.21651E-04    0.30971E-02   -0.24890E-03   -0.41593E-06    0.38949E-05   -0.56627E-03   -0.15549E-01    0.12506E-02   -0.12514E-03    0.11335E-03   -0.44144E-03   -0.48312E-03   -0.23754E-02    0.36187E-03    0.17454E-03   -0.12890E-03    0.44675E-03    0.13004E-02   -0.35575E-03    0.77496E-03    0.28587E-04    0.67508E-03   -0.73617E-03   -0.10273E-02    0.97531E-03    0.10142E-03    0.11736E-02    0.70277E-02   -0.65058E-03   -0.14149E-01    0.42372E-02    0.74676E-02    0.14226E-03    0.16553E-02   -0.46944E-03   -0.40658E-03   -0.16595E-03   -0.10043E-04    0.39817E-04    0.25428E-05    0.25719E-04    0.52643E-04   -0.23264E-05    0.88681E-04
    0.76981E-06    0.14724E-05    0.61854E-06    0.56428E-05    0.28198E-05    0.29882E-04    0.23173E-04   -0.16928E+00   -0.26557E-01   -0.44092E+00   -0.26768E-02    0.27492E+00    0.13960E-01    0.30009E-02   -0.24890E-03    0.49982E-02    0.26264E-06   -0.77626E-05   -0.50059E-02   -0.32132E-01    0.39417E-02   -0.46827E-02   -0.22146E-02   -0.17948E-02   -0.13813E-02    0.26343E-02    0.43059E-02   -0.41035E-02    0.89183E-02   -0.63606E-02   -0.72414E-02   -0.11045E-01   -0.93058E-04   -0.69403E-02   -0.74131E-02   -0.34572E-02   -0.29629E-03    0.36206E-02    0.72477E-02    0.93425E-02   -0.82213E-02   -0.19118E+00    0.51182E-02   -0.10249E-01   -0.12977E+00   -0.56027E-03   -0.23917E-03    0.24677E-03    0.75081E-04   -0.28437E-04    0.87759E-05    0.21387E-04   -0.24368E-04    0.71206E-04    0.44236E-04   -0.30228E-04    0.20839E-03
    0.12429E-08   -0.80432E-08    0.86622E-09    0.42592E-07   -0.25251E-07   -0.99386E-07    0.16337E-06    0.98713E-03    0.11616E-04    0.63389E-05   -0.15449E-05    0.52811E-05   -0.84164E-05    0.36689E-07   -0.41593E-06    0.26264E-06    0.15347E-06    0.74123E-08    0.79303E-07    0.14249E-04   -0.28092E-04   -0.12647E-04   -0.29590E-05   -0.74985E-06   -0.88133E-05    0.80304E-05    0.11560E-05    0.10379E-04    0.51058E-05    0.78242E-06    0.79126E-05    0.11108E-04    0.39758E-05   -0.70098E-08   -0.66772E-05    0.79850E-05    0.11678E-04    0.22347E-05   -0.12045E-05    0.86483E-05   -0.53582E-05    0.54628E-06    0.12875E-04   -0.85051E-06    0.61871E-05   -0.95699E-06   -0.85672E-06    0.18104E-06   -0.66667E-06    0.14778E-05   -0.49917E-07    0.48300E-07   -0.50583E-07    0.48010E-07   -0.18991E-07    0.32972E-07    0.16774E-06
   -0.94675E-09    0.24535E-07   -0.67810E-08    0.28401E-06   -0.47339E-07    0.47640E-07    0.99304E-06   -0.26286E-02   -0.11297E-02   -0.82904E-04    0.74245E-04    0.87032E-04   -0.12085E-03   -0.23684E-05    0.38949E-05   -0.77626E-05    0.74123E-08    0.11284E-05    0.25852E-04    0.88798E-04    0.86720E-04    0.42837E-04   -0.36313E-04   -0.13021E-04   -0.15210E-04    0.39871E-03    0.31163E-04    0.56750E-05   -0.20144E-04    0.33344E-04   -0.35215E-03    0.18902E-04   -0.10306E-03    0.38258E-04   -0.61757E-07    0.62693E-04    0.66743E-04   -0.62427E-04   -0.96461E-04   -0.15185E-04    0.47666E-04    0.28366E-03    0.40561E-04    0.11173E-04    0.28600E-03    0.48497E-05    0.36864E-05   -0.25980E-05   -0.10108E-05   -0.20589E-05    0.23849E-06    0.12961E-05    0.34453E-06    0.11804E-05   -0.44098E-07    0.44808E-06    0.83668E-06
   -0.28880E-05    0.13000E-05   -0.41387E-05   -0.65398E-04   -0.34652E-05   -0.15587E-03   -0.17156E-03    0.10884E+01    0.16394E+00    0.70796E-02    0.21259E-02   -0.33825E+00   -0.18768E+00   -0.11260E-02   -0.56627E-03   -0.50059E-02    0.79303E-07    0.25852E-04    0.64792E-01    0.37030E+00   -0.88583E-02   -0.12199E-02   -0.79330E-03   -0.10202E-02   -0.40621E-02   -0.37586E-02    0.22655E-02    0.60895E-02    0.94081E-03   -0.12231E-02    0.14217E-01   -0.36045E-02   -0.16733E-04    0.19810E-02    0.75905E-02    0.46059E-02    0.47537E-02    0.54569E-02    0.29676E-02   -0.69298E-03    0.58351E-01    0.14013E+00    0.12159E-03    0.55106E-01    0.18755E+00    0.43645E-02    0.86702E-02    0.12036E-02    0.41798E-03    0.16817E-02    0.14491E-04    0.27311E-03   -0.13694E-04    0.28613E-03   -0.21848E-03    0.21385E-03    0.39053E-03
   -0.47536E-04   -0.81028E-04   -0.35763E-04   -0.86942E-03    0.91752E-04   -0.11084E-02   -0.23674E-02    0.92735E+01    0.78815E+00    0.95684E+00   -0.96520E+00   -0.42771E+01   -0.24693E+01   -0.19455E-01   -0.15549E-01   -0.32132E-01    0.14249E-04    0.88798E-04    0.37030E+00    0.46676E+01   -0.51020E-01    0.40963E-01   -0.60507E-01    0.13677E-01    0.29599E-01   -0.13751E-01    0.14483E-01    0.44081E-01    0.13855E-01   -0.31319E-01    0.86016E-01    0.92756E-02   -0.23035E-01    0.12880E-01    0.43568E-01    0.25162E-01    0.59775E-01    0.12385E-01    0.41604E-01   -0.26932E-01    0.65337E-01    0.13659E+01    0.38343E+00    0.22958E+00    0.16802E+01   -0.52341E-01   -0.36456E-01    0.17381E-01    0.53069E-02    0.86209E-02    0.27949E-03    0.29887E-02    0.50225E-03    0.28344E-02   -0.40866E-03    0.11493E-02    0.15873E-02
   -0.83635E-05    0.92105E-04   -0.11739E-04   -0.31941E-03   -0.95219E-04   -0.48564E-03    0.62029E-04    0.16620E+02   -0.67397E-01    0.10515E-01   -0.40585E-02    0.12131E+00    0.52379E-01    0.71701E-03    0.12506E-02    0.39417E-02   -0.28092E-04    0.86720E-04   -0.88583E-02   -0.51020E-01    0.65779E+00   -0.13612E+00   -0.34842E-01    0.36766E-01    0.19303E-01    0.20184E+00   -0.52232E-01   -0.29834E-01   -0.27152E-01   -0.64434E-01    0.13451E-01    0.32145E-01   -0.30674E-01   -0.28216E-01   -0.14609E+00    0.16379E+00    0.43730E-01   -0.14054E-01    0.10212E-01    0.60384E-01    0.13308E-02   -0.12388E+00   -0.22326E-01   -0.10005E-01   -0.10319E+00    0.13602E-03    0.22579E-02    0.16113E-03    0.18437E-02    0.44099E-02    0.19930E-03   -0.18448E-03    0.15623E-03   -0.12894E-03    0.61346E-04    0.15232E-03   -0.41500E-04
   -0.90918E-05    0.15997E-04   -0.79684E-05    0.25216E-03   -0.42538E-04   -0.27280E-03    0.62372E-03   -0.71999E+01   -0.30358E+00    0.10590E+00   -0.35026E-01   -0.17862E+00    0.12276E-01    0.29696E-02   -0.12514E-03   -0.46827E-02   -0.12647E-04    0.42837E-04   -0.12199E-02    0.40963E-01   -0.13612E+00    0.89347E+00   -0.57910E-02    0.84786E-02    0.15982E-01   -0.13831E+00    0.17318E+00    0.52910E-01   -0.26690E-01    0.28040E-01   -0.12248E+00    0.38261E-01    0.20111E-01    0.10703E-01    0.20084E+00   -0.21726E+00    0.51266E-01    0.82620E-01    0.21444E-01   -0.21912E+00   -0.35091E-02    0.88525E-01   -0.37875E-01    0.19827E-02    0.92133E-01   -0.18396E-02   -0.31467E-03    0.79468E-03    0.40543E-02    0.42479E-03   -0.34011E-04    0.33526E-04   -0.42375E-04   -0.12518E-03    0.14488E-03   -0.69037E-04   -0.48997E-03
   -0.75225E-06   -0.23536E-04    0.15048E-05   -0.10970E-03    0.71751E-04   -0.83092E-05   -0.32432E-03   -0.14998E+00    0.30043E+00    0.31695E+00    0.14506E-02   -0.40535E-01    0.13909E-01    0.52933E-03    0.11335E-03   -0.22146E-02   -0.29590E-05   -0.36313E-04   -0.79330E-03   -0.60507E-01   -0.34842E-01   -0.57910E-02    0.99924E+00    0.12183E-02    0.20650E-02   -0.45865E-01   -0.41690E-01    0.16962E+00   -0.14059E-01    0.85056E-01   -0.23773E-04    0.57300E-01    0.10090E-02   -0.11047E-01    0.10865E+00   -0.50617E-01    0.29137E-01    0.91620E-02   -0.18735E+00    0.10935E+00    0.96593E-02    0.82494E-01   -0.17267E-01    0.57551E-02    0.40517E-01    0.11868E-02    0.21415E-05   -0.70554E-03   -0.26183E-02    0.55395E-02   -0.14342E-03    0.16759E-03   -0.67720E-04    0.15520E-03    0.43043E-05   -0.28289E-03   -0.26256E-03
   -0.24257E-05   -0.26455E-04   -0.62048E-05   -0.13429E-04    0.37772E-04    0.15910E-03   -0.14577E-03    0.13561E+01   -0.95721E-02   -0.11786E+00    0.96817E-02   -0.54472E-01   -0.14278E-01   -0.71839E-03   -0.44144E-03   -0.17948E-02   -0.74985E-06   -0.13021E-04   -0.10202E-02    0.13677E-01    0.36766E-01    0.84786E-02    0.12183E-02    0.97153E+00   -0.38571E-02    0.67384E-01   -0.69937E-01    0.85575E-01   -0.94655E-01    0.30708E-01    0.70474E-01    0.11674E+00    0.52814E-01    0.15004E+00   -0.10455E+00    0.87846E-01    0.66344E-01    0.13174E-03   -0.10861E+00    0.51639E-01    0.87993E-03    0.62658E-01   -0.10955E-02    0.10396E-02    0.24637E-01    0.74649E-03   -0.13260E-02   -0.13250E-03    0.12120E-02    0.44975E-03   -0.43252E-04    0.17570E-03   -0.30157E-04    0.69719E-05    0.62411E-04    0.62394E-04    0.33821E-03
   -0.20319E-05    0.10225E-04    0.25940E-05   -0.22531E-03    0.10242E-03    0.90196E-04   -0.47185E-03   -0.45978E+00    0.65349E-01    0.34418E+00   -0.30343E-01   -0.18244E+00   -0.22807E-01   -0.26654E-02   -0.48312E-03   -0.13813E-02   -0.88133E-05   -0.15210E-04   -0.40621E-02    0.29599E-01    0.19303E-01    0.15982E-01    0.20650E-02   -0.38571E-02    0.10263E+01    0.20660E-01    0.86573E-01   -0.37376E-01    0.71169E-01    0.91609E-01    0.65028E-01   -0.88949E-01   -0.92812E-01    0.62551E-01    0.72116E-01    0.80217E-01   -0.80163E-01    0.12392E+00   -0.15425E-01    0.16147E-01    0.19859E-02    0.62115E-01    0.13587E-01   -0.81881E-02   -0.13600E-01   -0.22635E-02   -0.28418E-02    0.36324E-03    0.28899E-03   -0.47172E-02    0.86347E-04   -0.71189E-04    0.41950E-04   -0.24879E-03   -0.52752E-04   -0.22803E-03   -0.26642E-03
   -0.13604E-05    0.46005E-04   -0.11126E-04    0.26427E-03   -0.22719E-04    0.14334E-03    0.10949E-02   -0.24019E+01   -0.29555E-01   -0.10568E+00   -0.88140E-02    0.21250E-01    0.32026E-01    0.58196E-03   -0.23754E-02    0.26343E-02    0.80304E-05    0.39871E-03   -0.37586E-02   -0.13751E-01    0.20184E+00   -0.13831E+00   -0.45865E-01    0.67384E-01    0.20660E-01    0.77292E+00   -0.12705E-01   -0.15696E-01   -0.22301E-01   -0.40934E-01    0.81352E-01    0.10786E+00   -0.74355E-01    0.35723E-01   -0.93465E-01    0.62337E+00    0.22743E+00   -0.34345E-01   -0.22728E-01    0.73532E-01   -0.13838E-02    0.82753E-02   -0.11265E-01    0.14559E-02   -0.42533E-01   -0.47145E-03    0.67030E-03    0.73440E-03    0.96497E-03    0.14039E-02    0.22361E-03   -0.11375E-03    0.51932E-03   -0.17097E-05    0.86114E-03    0.28566E-03    0.31974E-03
   -0.12269E-04    0.11041E-04   -0.11361E-04   -0.12940E-03    0.40502E-04    0.15028E-03   -0.17427E-03   -0.52897E+01   -0.19105E+00    0.74038E-01   -0.21103E-01    0.14464E-01    0.43490E-02   -0.32162E-02    0.36187E-03    0.43059E-02    0.11560E-05    0.31163E-04    0.22655E-02    0.14483E-01   -0.52232E-01    0.17318E+00   -0.41690E-01   -0.69937E-01    0.86573E-01   -0.12705E-01    0.96381E+00   -0.15523E-01    0.61057E-02   -0.35773E-02    0.54725E-01   -0.10168E-01   -0.60550E-01   -0.31799E-01    0.13364E+00   -0.68100E-01    0.23467E+00    0.75703E+00    0.30215E+00   -0.18784E+00    0.91357E-02   -0.13650E+00    0.15196E-01   -0.76136E-02   -0.21255E+00   -0.85794E-03   -0.47883E-03    0.31405E-03    0.26498E-02   -0.35958E-02   -0.72438E-06   -0.20911E-03    0.24282E-03   -0.19631E-03    0.26610E-03    0.45440E-04   -0.52973E-03
    0.53118E-05   -0.11957E-04   -0.13170E-04    0.18931E-03   -0.29679E-04   -0.10234E-03    0.36478E-03    0.19839E+00   -0.23424E+00    0.39510E-01    0.21157E-02   -0.12057E+00   -0.13273E-01    0.54272E-03    0.17454E-03   -0.41035E-02    0.10379E-04    0.56750E-05    0.60895E-02    0.44081E-01   -0.29834E-01    0.52910E-01    0.16962E+00    0.85575E-01   -0.37376E-01   -0.15696E-01   -0.15523E-01    0.99121E+00    0.86647E-02    0.87432E-02    0.78521E-01   -0.38496E-01    0.13783E+00    0.14787E+00   -0.11960E+00   -0.20012E+00    0.61741E+00    0.11951E+00   -0.62018E+00    0.19792E+00    0.58805E-02    0.11481E+00    0.17896E-02    0.12324E-01    0.15947E+00    0.45661E-03    0.91946E-03    0.17254E-03    0.82614E-05   -0.39804E-02    0.16610E-04    0.45803E-03    0.85015E-04   -0.10884E-04    0.37993E-03   -0.54137E-04    0.14540E-03
    0.57416E-05    0.26070E-04    0.24617E-05    0.19919E-03   -0.59583E-04   -0.12719E-03    0.52806E-03   -0.96155E+00   -0.16187E+00   -0.23543E+00    0.16872E-01    0.30854E+00   -0.18598E-01   -0.12044E-02   -0.12890E-03    0.89183E-02    0.51058E-05   -0.20144E-04    0.94081E-03    0.13855E-01   -0.27152E-01   -0.26690E-01   -0.14059E-01   -0.94655E-01    0.71169E-01   -0.22301E-01    0.61057E-02    0.86647E-02    0.10080E+01   -0.91070E-02   -0.10579E-01   -0.79558E-01   -0.14292E+00   -0.44580E-01   -0.95998E-01   -0.81132E-01    0.89322E-01   -0.39932E-01    0.31351E+00    0.67925E+00    0.44100E-02   -0.21362E+00    0.48487E-01   -0.14723E-01   -0.12696E+00    0.63581E-04   -0.43189E-03   -0.32082E-03   -0.40595E-02    0.24941E-02    0.91996E-04    0.19949E-03   -0.19898E-03    0.23283E-03   -0.33225E-03   -0.89493E-04    0.20413E-03
    0.28575E-05   -0.34852E-04    0.13756E-04   -0.12016E-03    0.75285E-04    0.11050E-03   -0.37292E-03   -0.15435E+01    0.28852E-01    0.35101E+00    0.33851E-02   -0.22064E+00    0.32244E-01    0.77235E-04    0.44675E-03   -0.63606E-02    0.78242E-06    0.33344E-04   -0.12231E-02   -0.31319E-01   -0.64434E-01    0.28040E-01    0.85056E-01    0.30708E-01    0.91609E-01   -0.40934E-01   -0.35773E-02    0.87432E-02   -0.91070E-02    0.98710E+00   -0.77852E-01    0.72136E-01    0.52290E-01    0.14840E+00    0.10466E-02    0.82760E-01   -0.56789E+00    0.39104E+00   -0.36520E+00    0.21106E+00    0.61147E-02    0.20653E+00   -0.19582E-01    0.91560E-02    0.13382E+00    0.81176E-03    0.12157E-02   -0.27396E-03   -0.30747E-02   -0.29616E-02   -0.17370E-04    0.52820E-04    0.59078E-04   -0.20942E-03   -0.86937E-04   -0.18066E-03   -0.17120E-03
   -0.27527E-05   -0.11866E-04   -0.66830E-05    0.11248E-03    0.29979E-04    0.10303E-03    0.19542E-03    0.60650E-01   -0.67185E-01    0.27937E-01    0.18904E-01   -0.18618E+00   -0.81559E-01   -0.19902E-02    0.13004E-02   -0.72414E-02    0.79126E-05   -0.35215E-03    0.14217E-01    0.86016E-01    0.13451E-01   -0.12248E+00   -0.23773E-04    0.70474E-01    0.65028E-01    0.81352E-01    0.54725E-01    0.78521E-01   -0.10579E-01   -0.77852E-01    0.84856E+00    0.11504E-01   -0.84473E-02   -0.45069E-03   -0.13527E-01    0.59175E+00    0.19126E+00    0.11346E+00    0.51741E-01   -0.68766E-01    0.18747E-01    0.22803E+00    0.56672E-01    0.23551E-01    0.30680E+00    0.20380E-03   -0.18331E-02   -0.11920E-02    0.27832E-02    0.18352E-02   -0.72390E-04    0.17143E-03    0.35421E-04    0.15979E-03   -0.28239E-03    0.18969E-03    0.79609E-03
   -0.32272E-05   -0.14891E-06   -0.47814E-05    0.14884E-03   -0.22265E-04   -0.12488E-03    0.39468E-03    0.52059E+00    0.12600E-01    0.22428E+00   -0.11179E-01   -0.37405E+00    0.57075E-02    0.11119E-02   -0.35575E-03   -0.11045E-01    0.11108E-04    0.18902E-04   -0.36045E-02    0.92756E-02    0.32145E-01    0.38261E-01    0.57300E-01    0.11674E+00   -0.88949E-01    0.10786E+00   -0.10168E-01   -0.38496E-01   -0.79558E-01    0.72136E-01    0.11504E-01    0.97653E+00    0.12786E-01   -0.30431E-02   -0.92432E-02    0.93793E-01    0.15706E+00   -0.68192E-02    0.13300E+00    0.16796E+00   -0.39295E-02    0.30127E+00   -0.83016E-02    0.17321E-02    0.23945E+00   -0.15837E-02   -0.27678E-02   -0.35996E-03   -0.42142E-03    0.22446E-02   -0.14846E-03   -0.29926E-03    0.27204E-05   -0.15764E-03   -0.32880E-03    0.10707E-04   -0.36132E-03
   -0.23819E-05   -0.17806E-04   -0.24876E-05   -0.10742E-03    0.54128E-04    0.10518E-03   -0.26952E-03    0.23475E-01    0.66318E-02   -0.17784E+00    0.32472E-02   -0.27139E-02   -0.34151E-02   -0.58725E-03    0.77496E-03   -0.93058E-04    0.39758E-05   -0.10306E-03   -0.16733E-04   -0.23035E-01   -0.30674E-01    0.20111E-01    0.10090E-02    0.52814E-01   -0.92812E-01   -0.74355E-01   -0.60550E-01    0.13783E+00   -0.14292E+00    0.52290E-01   -0.84473E-02    0.12786E-01    0.99237E+00    0.23847E-01    0.63833E-02   -0.94290E-01    0.37926E-01    0.16837E+00    0.87021E-02   -0.39434E-01    0.79610E-02    0.95229E-01   -0.30041E-01    0.24059E-02    0.93010E-01    0.19171E-02    0.16548E-02   -0.21022E-03    0.66142E-03   -0.33484E-02    0.83970E-04    0.28712E-03    0.75908E-04   -0.14350E-03    0.37835E-04    0.27887E-04    0.33784E-04
    0.91785E-06   -0.25010E-04   -0.95171E-05   -0.72019E-04    0.96884E-05    0.77719E-04   -0.23009E-03   -0.10905E+01   -0.72840E-01    0.15350E+00    0.13477E-02   -0.24173E+00   -0.49079E-02   -0.10935E-03    0.28587E-04   -0.69403E-02   -0.70098E-08    0.38258E-04    0.19810E-02    0.12880E-01   -0.28216E-01    0.10703E-01   -0.11047E-01    0.15004E+00    0.62551E-01    0.35723E-01   -0.31799E-01    0.14787E+00   -0.44580E-01    0.14840E+00   -0.45069E-03   -0.30431E-02    0.23847E-01    0.98328E+00   -0.58954E-03    0.12754E-01    0.28752E-01    0.11736E+00   -0.27415E+00    0.11739E+00    0.22746E-01    0.16798E+00   -0.27194E-01    0.10623E-01    0.27617E+00    0.91182E-03    0.46289E-03   -0.46329E-03   -0.87766E-03   -0.54111E-02    0.12917E-03    0.23018E-04   -0.28584E-06   -0.17778E-03   -0.25207E-03   -0.92742E-04   -0.11988E-03
   -0.31936E-05   -0.21679E-04   -0.10465E-04   -0.15422E-03   -0.23054E-04   -0.10619E-03   -0.49165E-03   -0.40408E+01    0.30087E+00    0.48307E+00   -0.17351E-01   -0.29091E+00   -0.95795E-02    0.50843E-03    0.67508E-03   -0.74131E-02   -0.66772E-05   -0.61757E-07    0.75905E-02    0.43568E-01   -0.14609E+00    0.20084E+00    0.10865E+00   -0.10455E+00    0.72116E-01   -0.93465E-01    0.13364E+00   -0.11960E+00   -0.95998E-01    0.10466E-02   -0.13527E-01   -0.92432E-02    0.63833E-02   -0.58954E-03    0.10532E+01   -0.73322E-01   -0.47554E-01    0.10727E-01    0.16340E+00   -0.93392E-01    0.12907E-01    0.21315E+00   -0.75224E-02    0.16617E-01    0.67771E-01   -0.17368E-02    0.87092E-04    0.16051E-03   -0.34257E-02    0.15136E-02   -0.14542E-03   -0.18023E-03    0.94512E-05   -0.37367E-04    0.11588E-03   -0.28519E-04   -0.58234E-03
   -0.20230E-05    0.17976E-04   -0.71683E-05    0.22548E-03    0.22102E-04    0.20592E-03    0.80973E-03   -0.13358E+01    0.25863E-01   -0.17766E-01    0.84678E-02   -0.10963E+00   -0.20538E-01   -0.56380E-03   -0.73617E-03   -0.34572E-02    0.79850E-05    0.62693E-04    0.46059E-02    0.25162E-01    0.16379E+00   -0.21726E+00   -0.50617E-01    0.87846E-01    0.80217E-01    0.62337E+00   -0.68100E-01   -0.20012E+00   -0.81132E-01    0.82760E-01    0.59175E+00    0.93793E-01   -0.94290E-01    0.12754E-01   -0.73322E-01    0.94093E+00   -0.96289E-02    0.24492E-01    0.22804E-01   -0.17582E-01    0.96222E-02    0.17974E+00    0.21159E-01    0.16533E-01    0.17230E+00    0.37580E-05   -0.58917E-03   -0.39620E-03    0.20321E-02    0.28680E-02    0.11197E-03   -0.24127E-04    0.38113E-03    0.11854E-03    0.28225E-03    0.31608E-03    0.78354E-03
   -0.29593E-05    0.34293E-04   -0.20085E-04    0.21049E-03   -0.64384E-04   -0.63750E-04    0.68857E-03   -0.15247E+01   -0.26914E+00   -0.15179E+00   -0.74931E-02   -0.52955E-01   -0.24656E-01   -0.39420E-03   -0.10273E-02   -0.29629E-03    0.11678E-04    0.66743E-04    0.47537E-02    0.59775E-01    0.43730E-01    0.51266E-01    0.29137E-01    0.66344E-01   -0.80163E-01    0.22743E+00    0.23467E+00    0.61741E+00    0.89322E-01   -0.56789E+00    0.19126E+00    0.15706E+00    0.37926E-01    0.28752E-01   -0.47554E-01   -0.96289E-02    0.97385E+00   -0.20501E-01    0.21230E-01    0.11657E-01    0.49511E-02    0.47261E-02    0.16484E-01    0.36458E-02    0.58698E-01   -0.70143E-03   -0.86250E-03    0.39208E-03    0.28566E-02   -0.15095E-03    0.18257E-04    0.92129E-04    0.20065E-03    0.87871E-06    0.63466E-03    0.20285E-03    0.94823E-04
   -0.74061E-05   -0.12328E-04   -0.66892E-05   -0.14602E-03    0.64171E-04    0.19788E-03   -0.28253E-03   -0.26093E+01   -0.18393E+00    0.18270E+00   -0.39131E-02   -0.29123E-01   -0.16531E-02   -0.36082E-02    0.97531E-03    0.36206E-02    0.22347E-05   -0.62427E-04    0.54569E-02    0.12385E-01   -0.14054E-01    0.82620E-01    0.91620E-02    0.13174E-03    0.12392E+00   -0.34345E-01    0.75703E+00    0.11951E+00   -0.39932E-01    0.39104E+00    0.11346E+00   -0.68192E-02    0.16837E+00    0.11736E+00    0.10727E-01    0.24492E-01   -0.20501E-01    0.99386E+00   -0.14731E-01    0.11715E-01    0.14615E-01   -0.40763E-01    0.20462E-01   -0.27149E-02   -0.11183E+00    0.68013E-03    0.10232E-02   -0.88142E-04    0.17494E-02   -0.67426E-02    0.72352E-04   -0.29429E-06    0.27942E-03   -0.21551E-03   -0.12686E-03    0.81717E-05   -0.45847E-03
   -0.87918E-05    0.34919E-04    0.48282E-05   -0.66003E-04   -0.13600E-04    0.20710E-04   -0.20991E-04   -0.10924E+01    0.40518E-01   -0.54705E-01   -0.11526E-01    0.10969E+00   -0.37027E-01   -0.28310E-02    0.10142E-03    0.72477E-02   -0.12045E-05   -0.96461E-04    0.29676E-02    0.41604E-01    0.10212E-01    0.21444E-01   -0.18735E+00   -0.10861E+00   -0.15425E-01   -0.22728E-01    0.30215E+00   -0.62018E+00    0.31351E+00   -0.36520E+00    0.51741E-01    0.13300E+00    0.87021E-02   -0.27415E+00    0.16340E+00    0.22804E-01    0.21230E-01   -0.14731E-01    0.99303E+00   -0.40748E-02    0.50785E-03   -0.17653E+00    0.40513E-01   -0.13632E-01   -0.18566E+00   -0.15408E-02   -0.24132E-02   -0.25082E-05    0.16485E-02    0.52365E-02   -0.60637E-04   -0.41305E-03   -0.82771E-04   -0.47220E-04   -0.21373E-03    0.10241E-03   -0.26127E-03
    0.95861E-05    0.92929E-06    0.28868E-05    0.56026E-04   -0.23453E-04   -0.55689E-04    0.19698E-03    0.24802E+01    0.37581E-01   -0.12569E+00    0.23398E-01    0.29914E+00    0.17061E-01   -0.22656E-02    0.11736E-02    0.93425E-02    0.86483E-05   -0.15185E-04   -0.69298E-03   -0.26932E-01    0.60384E-01   -0.21912E+00    0.10935E+00    0.51639E-01    0.16147E-01    0.73532E-01   -0.18784E+00    0.19792E+00    0.67925E+00    0.21106E+00   -0.68766E-01    0.16796E+00   -0.39434E-01    0.11739E+00   -0.93392E-01   -0.17582E-01    0.11657E-01    0.11715E-01   -0.40748E-02    0.99439E+00    0.20932E-02   -0.20280E+00    0.24542E-01   -0.11994E-01   -0.96410E-01    0.94074E-03    0.10984E-02   -0.66360E-03   -0.40321E-02    0.91968E-03    0.15659E-03    0.25925E-03   -0.61161E-04    0.63920E-04   -0.19820E-03   -0.28678E-03    0.30722E-03
    0.12279E-04   -0.49624E-05   -0.34888E-05    0.71262E-03   -0.44128E-04    0.58696E-04    0.14580E-02    0.43038E+00    0.23420E+00    0.12052E+00    0.47352E-01   -0.30833E+00   -0.67105E-01   -0.10330E-02    0.70277E-02   -0.82213E-02   -0.53582E-05    0.47666E-04    0.58351E-01    0.65337E-01    0.13308E-02   -0.35091E-02    0.96593E-02    0.87993E-03    0.19859E-02   -0.13838E-02    0.91357E-02    0.58805E-02    0.44100E-02    0.61147E-02    0.18747E-01   -0.39295E-02    0.79610E-02    0.22746E-01    0.12907E-01    0.96222E-02    0.49511E-02    0.14615E-01    0.50785E-03    0.20932E-02    0.33171E+00    0.15923E+00    0.60330E-03    0.15031E+00    0.46365E+00    0.11571E-01    0.15933E-01   -0.48465E-02   -0.54293E-02   -0.26619E-02    0.56342E-03   -0.90811E-04    0.63900E-03    0.17312E-05   -0.36350E-03    0.85409E-04    0.11145E-02
    0.54373E-04   -0.27868E-03   -0.70231E-05    0.30963E-02   -0.12618E-03    0.75502E-03    0.56356E-02    0.40827E+01   -0.91117E+00    0.17689E+02   -0.13916E+00   -0.11746E+02   -0.81632E+00   -0.15174E+00   -0.65058E-03   -0.19118E+00    0.54628E-06    0.28366E-03    0.14013E+00    0.13659E+01   -0.12388E+00    0.88525E-01    0.82494E-01    0.62658E-01    0.62115E-01    0.82753E-02   -0.13650E+00    0.11481E+00   -0.21362E+00    0.20653E+00    0.22803E+00    0.30127E+00    0.95229E-01    0.16798E+00    0.21315E+00    0.17974E+00    0.47261E-02   -0.40763E-01   -0.17653E+00   -0.20280E+00    0.15923E+00    0.15995E+02    0.10791E+00    0.36508E+00    0.56388E+01   -0.64041E-02   -0.41131E-01   -0.11547E-01    0.34030E-01    0.77826E-02    0.13536E-02    0.21586E-01    0.27784E-02    0.12811E-01    0.48511E-03    0.26619E-02   -0.85822E-02
    0.20640E-04   -0.35276E-04   -0.31888E-04    0.62187E-03   -0.52642E-04    0.29740E-03    0.12319E-02    0.51704E+01    0.95858E+00   -0.81971E+00   -0.23899E+00   -0.54473E-01   -0.80823E+00   -0.65626E-02   -0.14149E-01    0.51182E-02    0.12875E-04    0.40561E-04    0.12159E-03    0.38343E+00   -0.22326E-01   -0.37875E-01   -0.17267E-01   -0.10955E-02    0.13587E-01   -0.11265E-01    0.15196E-01    0.17896E-02    0.48487E-01   -0.19582E-01    0.56672E-01   -0.83016E-02   -0.30041E-01   -0.27194E-01   -0.75224E-02    0.21159E-01    0.16484E-01    0.20462E-01    0.40513E-01    0.24542E-01    0.60330E-03    0.10791E+00    0.22379E+01   -0.26689E-02    0.35706E+00   -0.92386E-01   -0.10684E+00   -0.35494E-02    0.69329E-02    0.25676E-02   -0.41725E-03    0.11959E-02   -0.52746E-03    0.13363E-02    0.70636E-03    0.41851E-03    0.10235E-02
    0.22826E-04   -0.17991E-04   -0.38383E-05    0.79881E-03   -0.75505E-04    0.12962E-03    0.16015E-02   -0.34899E+00   -0.23435E+00    0.50805E+00   -0.22455E-01   -0.68758E+00   -0.89687E-01   -0.36946E-02    0.42372E-02   -0.10249E-01   -0.85051E-06    0.11173E-04    0.55106E-01    0.22958E+00   -0.10005E-01    0.19827E-02    0.57551E-02    0.10396E-02   -0.81881E-02    0.14559E-02   -0.76136E-02    0.12324E-01   -0.14723E-01    0.91560E-02    0.23551E-01    0.17321E-02    0.24059E-02    0.10623E-01    0.16617E-01    0.16533E-01    0.36458E-02   -0.27149E-02   -0.13632E-01   -0.11994E-01    0.15031E+00    0.36508E+00   -0.26689E-02    0.23812E+00    0.36024E+00    0.58659E-02    0.14598E-01   -0.29975E-03   -0.12742E-02    0.32210E-02    0.19169E-03   -0.38748E-04    0.15710E-03   -0.14671E-03    0.56392E-03    0.14337E-03    0.89653E-04
    0.90310E-04   -0.38690E-03   -0.18692E-04    0.47172E-02   -0.22908E-03    0.78774E-03    0.84739E-02    0.91175E+01   -0.45427E+00    0.83328E+01   -0.82395E-01   -0.72583E+01   -0.11327E+01   -0.97130E-01    0.74676E-02   -0.12977E+00    0.61871E-05    0.28600E-03    0.18755E+00    0.16802E+01   -0.10319E+00    0.92133E-01    0.40517E-01    0.24637E-01   -0.13600E-01   -0.42533E-01   -0.21255E+00    0.15947E+00   -0.12696E+00    0.13382E+00    0.30680E+00    0.23945E+00    0.93010E-01    0.27617E+00    0.67771E-01    0.17230E+00    0.58698E-01   -0.11183E+00   -0.18566E+00   -0.96410E-01    0.46365E+00    0.56388E+01    0.35706E+00    0.36024E+00    0.16067E+02   -0.10436E-01   -0.56826E-01   -0.23694E-01   -0.18581E-01    0.45923E-02    0.10765E-02    0.17710E-02    0.21826E-02    0.13505E-02    0.45128E-03    0.40019E-02    0.27420E-01
   -0.84586E-06    0.24832E-05    0.11884E-05    0.36564E-05    0.73103E-06   -0.12308E-04    0.47058E-05   -0.74073E-01   -0.42919E-02   -0.43751E-01    0.49514E-01    0.59119E-01    0.46414E-01    0.33818E-03    0.14226E-03   -0.56027E-03   -0.95699E-06    0.48497E-05    0.43645E-02   -0.52341E-01    0.13602E-03   -0.18396E-02    0.11868E-02    0.74649E-03   -0.22635E-02   -0.47145E-03   -0.85794E-03    0.45661E-03    0.63581E-04    0.81176E-03    0.20380E-03   -0.15837E-02    0.19171E-02    0.91182E-03   -0.17368E-02    0.37580E-05   -0.70143E-03    0.68013E-03   -0.15408E-02    0.94074E-03    0.11571E-01   -0.64041E-02   -0.92386E-01    0.58659E-02   -0.10436E-01    0.83935E-02    0.78180E-02   -0.18219E-03   -0.42493E-03   -0.23788E-03    0.16423E-04   -0.20406E-04    0.17655E-05   -0.13001E-04   -0.83916E-04    0.19196E-04    0.73332E-04
