# omegabh2 omegach2 theta tau yhe logA ns calPlanck acib217 xi asz143 aps100 aps143 aps143217 aps217 aksz kgal100 kgal143 kgal143217 kgal217 cal0 cal2
    0.1153212E-06   -0.4835853E-06    0.2513329E-06    0.4065397E-05    0.5192365E-05    0.8461617E-05    0.3410257E-05    0.3083804E-07    0.1392695E-03   -0.1588687E-05   -0.2496529E-04    0.6259791E-03    0.3174284E-03    0.1425349E-03    0.2940045E-04    0.5906265E-04    0.2009310E-04    0.1408924E-04    0.5762957E-05   -0.4447816E-04   -0.1934104E-08    0.9450952E-08
   -0.4835853E-06    0.5470477E-05   -0.1193833E-05   -0.2639725E-04   -0.1837377E-04   -0.4495468E-04   -0.2044061E-04   -0.3283130E-06   -0.5503976E-03    0.1182147E-04    0.5968371E-04   -0.1782710E-02   -0.3992309E-03    0.7557616E-04    0.2459694E-03   -0.2861445E-03   -0.8253172E-04   -0.5229314E-04    0.3730023E-04    0.2858210E-03   -0.2618087E-08   -0.2552591E-07
    0.2513329E-06   -0.1193833E-05    0.8946906E-06    0.9539139E-05    0.1746738E-04    0.2084161E-04    0.1013815E-04    0.9756847E-08    0.1222719E-02   -0.1809299E-04   -0.2710266E-03    0.5010072E-02    0.2650307E-02    0.7569357E-03   -0.2059669E-03    0.4765233E-03    0.6960839E-04    0.3696038E-04    0.8296261E-04   -0.3048209E-03   -0.1782695E-07    0.9582136E-07
    0.4065397E-05   -0.2639725E-04    0.9539139E-05    0.4514948E-03    0.1759703E-03    0.8834743E-03    0.1538758E-03   -0.2842852E-06   -0.5903592E-02    0.9728531E-04    0.1308126E-02   -0.2270357E-01   -0.2111636E-02    0.7434848E-02    0.1284219E-01   -0.2425284E-02    0.4535018E-03    0.4534562E-04   -0.1735429E-02   -0.2583557E-02   -0.1222226E-06   -0.1333559E-05
    0.5192365E-05   -0.1837377E-04    0.1746738E-04    0.1759703E-03    0.4575577E-03    0.4241081E-03    0.2269592E-03    0.2504411E-06    0.3629358E-01   -0.5107188E-03   -0.7773828E-02    0.1454106E+00    0.7943990E-01    0.2410870E-01   -0.4885732E-02    0.1315246E-01    0.2042769E-02    0.1008843E-02    0.3135280E-02   -0.7840056E-02   -0.5631428E-06    0.3184293E-05
    0.8461617E-05   -0.4495468E-04    0.2084161E-04    0.8834743E-03    0.4241081E-03    0.1791804E-02    0.3159588E-03    0.1084373E-04   -0.5048058E-02    0.1593743E-03    0.1012194E-02   -0.1098498E-01    0.1674605E-01    0.2522886E-01    0.3252241E-01   -0.3255346E-02    0.7718861E-03   -0.6354901E-03   -0.3090598E-02   -0.4867773E-02   -0.7876416E-07   -0.2107719E-05
    0.3410257E-05   -0.2044061E-04    0.1013815E-04    0.1538758E-03    0.2269592E-03    0.3159588E-03    0.1520286E-03    0.1044039E-05    0.1063917E-01   -0.1331303E-03   -0.1911067E-02    0.3581226E-01    0.2608043E-01    0.1241645E-01    0.3846461E-02    0.3065615E-02    0.1190940E-02    0.4114758E-03    0.9181364E-03   -0.2710827E-02   -0.4484346E-06    0.8561342E-06
    0.3083804E-07   -0.3283130E-06    0.9756847E-08   -0.2842852E-06    0.2504411E-06    0.1084373E-04    0.1044039E-05    0.6078108E-05    0.5081202E-03    0.6765920E-05    0.6649701E-04    0.2342494E-02    0.5803985E-03    0.7736858E-03    0.1697526E-02   -0.6411420E-04   -0.9985083E-04   -0.1610639E-03   -0.5988992E-04    0.6283062E-03    0.2235028E-07   -0.3983888E-07
    0.1392695E-03   -0.5503976E-03    0.1222719E-02   -0.5903592E-02    0.3629358E-01   -0.5048058E-02    0.1063917E-01    0.5081202E-03    0.5219890E+02   -0.5151215E+00   -0.2226297E+01    0.5675289E+02    0.8424948E+01   -0.1782374E+02   -0.6646995E+02    0.1577498E+01   -0.6090169E-01    0.3798673E+00   -0.3038352E+01   -0.2626730E+02   -0.1451480E-03    0.4632387E-02
   -0.1588687E-05    0.1182147E-04   -0.1809299E-04    0.9728531E-04   -0.5107188E-03    0.1593743E-03   -0.1331303E-03    0.6765920E-05   -0.5151215E+00    0.8204627E-01   -0.5721735E-01   -0.5923222E+00    0.8122241E+00    0.1654906E+01    0.7160861E+00    0.5228548E-01    0.4514970E-02    0.8608157E-02    0.8609414E-01    0.1014659E+00    0.8972449E-05   -0.2514280E-04
   -0.2496529E-04    0.5968371E-04   -0.2710266E-03    0.1308126E-02   -0.7773828E-02    0.1012194E-02   -0.1911067E-02    0.6649701E-04   -0.2226297E+01   -0.5721735E-01    0.3912326E+01   -0.3171769E+02   -0.5027744E+01    0.7653036E+01    0.7039579E+01   -0.3170787E+01   -0.2439580E+00    0.6760018E-01    0.2349054E+01    0.2048472E+01    0.1992494E-03   -0.4703510E-03
    0.6259791E-03   -0.1782710E-02    0.5010072E-02   -0.2270357E-01    0.1454106E+00   -0.1098498E-01    0.3581226E-01    0.2342494E-02    0.5675289E+02   -0.5923222E+00   -0.3171769E+02    0.7673838E+03    0.9492566E+02   -0.5079626E+02   -0.7477782E+02    0.1995784E+02   -0.5188411E-01    0.1997886E+00   -0.1222836E+02   -0.2470964E+02    0.4663003E-02    0.5507714E-02
    0.3174284E-03   -0.3992309E-03    0.2650307E-02   -0.2111636E-02    0.7943990E-01    0.1674605E-01    0.2608043E-01    0.5803985E-03    0.8424948E+01    0.8122241E+00   -0.5027744E+01    0.9492566E+02    0.7439490E+02    0.4563626E+02    0.1627622E+02   -0.2060122E+01    0.1033054E+00   -0.1136577E+01    0.4523684E+01    0.2058655E+01    0.1668880E-03    0.8074208E-03
    0.1425349E-03    0.7557616E-04    0.7569357E-03    0.7434848E-02    0.2410870E-01    0.2522886E-01    0.1241645E-01    0.7736858E-03   -0.1782374E+02    0.1654906E+01    0.7653036E+01   -0.5079626E+02    0.4563626E+02    0.9285999E+02    0.6570119E+02   -0.1210987E+02   -0.3823822E+00   -0.4938409E+00    0.4744647E+01    0.4653533E+01    0.8141092E-03   -0.2532844E-02
    0.2940045E-04    0.2459694E-03   -0.2059669E-03    0.1284219E-01   -0.4885732E-02    0.3252241E-01    0.3846461E-02    0.1697526E-02   -0.6646995E+02    0.7160861E+00    0.7039579E+01   -0.7477782E+02    0.1627622E+02    0.6570119E+02    0.1269576E+03   -0.1118357E+02   -0.3353654E+00   -0.8111317E+00    0.1111416E+01    0.2242472E+02    0.6004096E-03   -0.7760535E-02
    0.5906265E-04   -0.2861445E-03    0.4765233E-03   -0.2425284E-02    0.1315246E-01   -0.3255346E-02    0.3065615E-02   -0.6411420E-04    0.1577498E+01    0.5228548E-01   -0.3170787E+01    0.1995784E+02   -0.2060122E+01   -0.1210987E+02   -0.1118357E+02    0.6928232E+01    0.2217465E+00   -0.1733502E-01   -0.2007580E+01   -0.1762159E+01   -0.1651139E-03    0.3401947E-03
    0.2009310E-04   -0.8253172E-04    0.6960839E-04    0.4535018E-03    0.2042769E-02    0.7718861E-03    0.1190940E-02   -0.9985083E-04   -0.6090169E-01    0.4514970E-02   -0.2439580E+00   -0.5188411E-01    0.1033054E+00   -0.3823822E+00   -0.3353654E+00    0.2217465E+00    0.3229051E+01    0.7535071E+00    0.3230499E+00    0.5419072E+00    0.4102082E-03    0.6817237E-05
    0.1408924E-04   -0.5229314E-04    0.3696038E-04    0.4534562E-04    0.1008843E-02   -0.6354901E-03    0.4114758E-03   -0.1610639E-03    0.3798673E+00    0.8608157E-02    0.6760018E-01    0.1997886E+00   -0.1136577E+01   -0.4938409E+00   -0.8111317E+00   -0.1733502E-01    0.7535071E+00    0.3146310E+01    0.2384250E+01    0.1245372E+01   -0.3962776E-03   -0.2006545E-03
    0.5762957E-05    0.3730023E-04    0.8296261E-04   -0.1735429E-02    0.3135280E-02   -0.3090598E-02    0.9181364E-03   -0.5988992E-04   -0.3038352E+01    0.8609414E-01    0.2349054E+01   -0.1222836E+02    0.4523684E+01    0.4744647E+01    0.1111416E+01   -0.2007580E+01    0.3230499E+00    0.2384250E+01    0.1796752E+02    0.2742087E+02   -0.8264239E-04    0.2462453E-02
   -0.4447816E-04    0.2858210E-03   -0.3048209E-03   -0.2583557E-02   -0.7840056E-02   -0.4867773E-02   -0.2710827E-02    0.6283062E-03   -0.2626730E+02    0.1014659E+00    0.2048472E+01   -0.2470964E+02    0.2058655E+01    0.4653533E+01    0.2242472E+02   -0.1762159E+01    0.5419072E+00    0.1245372E+01    0.2742087E+02    0.6289317E+02   -0.7008639E-04    0.4395522E-02
   -0.1934104E-08   -0.2618087E-08   -0.1782695E-07   -0.1222226E-06   -0.5631428E-06   -0.7876416E-07   -0.4484346E-06    0.2235028E-07   -0.1451480E-03    0.8972449E-05    0.1992494E-03    0.4663003E-02    0.1668880E-03    0.8141092E-03    0.6004096E-03   -0.1651139E-03    0.4102082E-03   -0.3962776E-03   -0.8264239E-04   -0.7008639E-04    0.5511249E-06    0.9053249E-08
    0.9450952E-08   -0.2552591E-07    0.9582136E-07   -0.1333559E-05    0.3184293E-05   -0.2107719E-05    0.8561342E-06   -0.3983888E-07    0.4632387E-02   -0.2514280E-04   -0.4703510E-03    0.5507714E-02    0.8074208E-03   -0.2532844E-02   -0.7760535E-02    0.3401947E-03    0.6817237E-05   -0.2006545E-03    0.2462453E-02    0.4395522E-02    0.9053249E-08    0.2087674E-05
