# omegabh2 omegach2 theta tau w ns logA aps100 aps143 aps217 acib143 acib217 asz143 psr cibr ncib cal0 cal2 xi aksz bm_1_1 bm_1_2 bm_1_3 bm_1_4 bm_1_5 bm_2_1 bm_2_2 bm_2_3 bm_2_4 bm_2_5 bm_3_1 bm_3_2 bm_3_3 bm_3_4 bm_3_5 bm_4_1 bm_4_2 bm_4_3 bm_4_4 bm_4_5 a_ps_act_148 a_ps_act_217 a_ps_spt_95 a_ps_spt_150 a_ps_spt_220 r_ps_spt_95x150 r_ps_spt_95x220 r_ps_150x220 act_dust_s act_dust_e cal_acts_148 cal_acts_217 cal_acte_148 cal_acte_217 cal_spt_95 cal_spt_150 cal_spt_220
    0.68283E-07   -0.35188E-06    0.67084E-07    0.79806E-06    0.82827E-05    0.95991E-06    0.89011E-06   -0.73640E-03   -0.66355E-03   -0.54961E-03    0.12721E-06    0.15083E-04    0.19859E-04   -0.10488E-05   -0.66524E-06    0.76449E-06    0.16221E-08   -0.78424E-08   -0.43467E-05   -0.40284E-04   -0.18008E-04   -0.87752E-05    0.26041E-05   -0.29691E-05   -0.42134E-05   -0.58564E-05   -0.11007E-04    0.70173E-05   -0.15349E-04    0.23259E-05   -0.31405E-05   -0.77522E-05    0.42068E-05   -0.11083E-05   -0.82073E-06   -0.55006E-05   -0.43919E-05   -0.60734E-05   -0.16495E-04   -0.60956E-05    0.12409E-04    0.79201E-04    0.44863E-05    0.20568E-04    0.94378E-04   -0.56956E-07   -0.41556E-06    0.27545E-07    0.68306E-07    0.27616E-05    0.38694E-06    0.27883E-06    0.43522E-06    0.35285E-06    0.73010E-06    0.75867E-06    0.63160E-06
   -0.35188E-06    0.68146E-05   -0.67633E-06   -0.10558E-04   -0.12334E-03   -0.15210E-04   -0.44504E-05    0.39697E-02    0.20029E-02    0.22600E-02   -0.23578E-04    0.82350E-04   -0.34864E-04    0.48384E-05    0.38912E-05    0.23225E-05   -0.20859E-08    0.70799E-07    0.12955E-04    0.36948E-04    0.18925E-03   -0.73646E-04    0.30433E-05    0.49456E-04    0.81569E-04    0.13287E-03    0.91453E-04   -0.55000E-05    0.23646E-04   -0.29104E-04    0.17181E-04   -0.25373E-04    0.27102E-04   -0.69889E-04   -0.14702E-04    0.92914E-04    0.63933E-04    0.60800E-04    0.76146E-04    0.60095E-04   -0.74437E-04   -0.55012E-03   -0.98875E-04   -0.79774E-04   -0.95478E-04    0.23397E-05    0.19706E-05    0.15534E-05    0.32891E-05   -0.95947E-05   -0.21784E-05   -0.19534E-05   -0.16321E-05   -0.19049E-05   -0.25541E-05   -0.31468E-05   -0.17045E-05
    0.67084E-07   -0.67633E-06    0.38466E-06    0.11645E-05    0.16728E-04    0.20582E-05    0.10225E-05   -0.55637E-03   -0.40384E-03   -0.22816E-03    0.77810E-05   -0.15917E-04    0.19340E-04   -0.15355E-05   -0.39034E-06   -0.57357E-06    0.41698E-08    0.33908E-07   -0.71781E-05   -0.28018E-04   -0.11409E-04    0.73531E-05    0.14807E-04   -0.23414E-04   -0.69913E-05    0.73056E-05    0.16308E-04   -0.17199E-05   -0.24753E-04    0.18380E-04   -0.28565E-04   -0.23334E-05   -0.10014E-04    0.19729E-04    0.22807E-04   -0.11129E-04   -0.84862E-05    0.12434E-04   -0.71178E-05   -0.10797E-04    0.10354E-04   -0.20473E-04   -0.17634E-05    0.57357E-05    0.14420E-03    0.75978E-06   -0.77444E-07   -0.49760E-06    0.20840E-05    0.78646E-06    0.30890E-06   -0.14258E-06    0.42197E-06    0.38047E-07    0.59572E-06    0.51334E-06    0.69601E-06
    0.79806E-06   -0.10558E-04    0.11645E-05    0.16332E-03    0.21993E-03    0.31904E-04    0.29879E-03   -0.25147E-01   -0.11695E-01   -0.16885E-01   -0.38824E-04    0.26853E-02   -0.25930E-03   -0.56046E-05   -0.25538E-04    0.54069E-04    0.91658E-07   -0.16228E-06   -0.49689E-04   -0.43798E-03   -0.72704E-03   -0.36862E-04    0.13257E-03   -0.17278E-03    0.10376E-03   -0.83962E-04    0.12972E-03   -0.95394E-04    0.56416E-03   -0.22588E-03    0.18950E-03   -0.35206E-03   -0.19992E-03    0.47443E-03   -0.10071E-03   -0.58008E-05    0.11727E-03    0.72146E-04    0.27228E-03    0.23446E-03    0.26194E-03   -0.25881E-03    0.37720E-03    0.53230E-03    0.15513E-02   -0.69677E-05   -0.69934E-05    0.94792E-06   -0.56266E-04    0.83453E-04    0.58052E-05    0.35998E-05    0.77111E-05    0.82017E-05    0.13774E-04    0.17064E-04    0.13414E-04
    0.82827E-05   -0.12334E-03    0.16728E-04    0.21993E-03    0.89625E-02    0.28349E-03    0.14785E-03   -0.44478E-01   -0.39214E-01   -0.46494E-01    0.18828E-02    0.59453E-03    0.39201E-02   -0.12341E-03    0.47408E-04   -0.35734E-04    0.42884E-07    0.10463E-05   -0.36377E-03   -0.47528E-02   -0.27821E-02    0.62636E-03   -0.13949E-02    0.11582E-04   -0.22633E-02   -0.10372E-02   -0.20913E-03   -0.53736E-03    0.97112E-03    0.13673E-02   -0.29840E-02    0.10994E-02    0.11351E-02    0.22661E-02   -0.43046E-03   -0.25543E-02   -0.88852E-03    0.80849E-03   -0.88441E-05    0.11436E-02    0.10788E-02    0.12375E-01    0.91081E-03    0.17707E-02    0.46092E-02    0.84868E-04    0.14374E-03   -0.58733E-04   -0.38911E-04   -0.23926E-03    0.34835E-04    0.40094E-04    0.27460E-04    0.21855E-04    0.38466E-04    0.76098E-04    0.64698E-04
    0.95991E-06   -0.15210E-04    0.20582E-05    0.31904E-04    0.28349E-03    0.50541E-04    0.23438E-04   -0.39796E-01   -0.18695E-01   -0.14509E-01    0.69089E-04    0.10043E-02    0.55813E-03   -0.29588E-04   -0.16802E-04    0.16376E-04   -0.63650E-07    0.23423E-06   -0.14958E-03   -0.12482E-02   -0.66749E-03   -0.16740E-03    0.92534E-05   -0.21071E-03   -0.20945E-03   -0.16967E-04   -0.23009E-03   -0.10231E-03    0.59679E-04    0.27884E-04    0.16515E-04   -0.31467E-04   -0.95041E-04    0.20707E-03    0.16707E-03    0.52454E-04   -0.10304E-03   -0.22817E-03   -0.12370E-03   -0.55269E-04    0.29712E-03    0.20525E-02    0.51329E-03    0.33348E-03    0.13702E-02   -0.16587E-04   -0.25823E-04   -0.61633E-05   -0.10369E-04    0.25389E-05    0.10659E-04    0.10893E-04    0.10269E-04    0.86729E-05    0.16549E-04    0.13079E-04    0.11262E-04
    0.89011E-06   -0.44504E-05    0.10225E-05    0.29879E-03    0.14785E-03    0.23438E-04    0.58853E-03   -0.52237E-01   -0.21501E-01   -0.29220E-01   -0.18208E-03    0.58137E-02   -0.41733E-03   -0.65450E-05   -0.44018E-04    0.12584E-03    0.23919E-06    0.25125E-06   -0.13196E-03   -0.11971E-02   -0.54272E-03   -0.12983E-03    0.32958E-03   -0.22714E-03    0.35090E-03    0.55992E-03    0.65015E-03   -0.22153E-03    0.11009E-02   -0.53844E-03    0.33018E-03   -0.76660E-03   -0.38441E-03    0.64849E-03   -0.21611E-03    0.44608E-03    0.49904E-03    0.42691E-03    0.74674E-03    0.60126E-03    0.32894E-03   -0.21002E-02    0.58639E-03    0.85749E-03    0.26277E-02   -0.14788E-04   -0.19436E-04    0.58215E-05   -0.90163E-04    0.16327E-03    0.70631E-05    0.15093E-05    0.12672E-04    0.11315E-04    0.21946E-04    0.28419E-04    0.23169E-04
   -0.73640E-03    0.39697E-02   -0.55637E-03   -0.25147E-01   -0.44478E-01   -0.39796E-01   -0.52237E-01    0.15576E+04    0.83536E+02    0.26539E+02    0.41518E+00   -0.30848E+01   -0.10229E+02    0.89236E-02   -0.91707E-01   -0.16630E+00    0.14831E-02   -0.29140E-02    0.10868E+01    0.77203E+01    0.15634E+02   -0.77277E+01   -0.97165E+00    0.11760E+01    0.86043E+00   -0.20710E+01   -0.38559E+01   -0.37491E+00   -0.10185E+01   -0.84767E+00    0.16806E+01    0.19837E+01   -0.23319E+00    0.32538E+00   -0.38358E+01   -0.15220E-01   -0.94710E+00   -0.22600E+01   -0.57288E+00    0.14129E+01    0.20675E+00    0.31387E+01    0.36301E+01   -0.12183E+00    0.39149E+01   -0.15974E-01   -0.20987E+00   -0.52570E-01    0.14285E+00   -0.27805E-01   -0.20787E-01    0.22630E-01   -0.27753E-01    0.60769E-02   -0.46312E-01   -0.31089E-01   -0.35468E-01
   -0.66355E-03    0.20029E-02   -0.40384E-03   -0.11695E-01   -0.39214E-01   -0.18695E-01   -0.21501E-01    0.83536E+02    0.63294E+02    0.18246E+02    0.10036E+00    0.12779E+00   -0.16459E+01    0.26594E-01    0.25412E-01   -0.23382E-01    0.30462E-04   -0.92713E-03    0.15305E+00    0.13615E-01   -0.24950E-01   -0.10638E+00   -0.11157E+00    0.14541E+00    0.66869E-01    0.37131E+00   -0.25304E-01   -0.77276E-01   -0.21861E+00   -0.99882E-01   -0.19041E+00    0.27822E+00    0.82475E-01    0.15312E-01   -0.14106E+00    0.15825E+00    0.10235E+00   -0.18789E+00    0.34958E-01   -0.41873E-01    0.23016E+00   -0.16849E+01    0.12062E+01   -0.28199E+00   -0.15716E+01   -0.15824E-01   -0.66036E-01   -0.30722E-01    0.29283E-01    0.17639E-01   -0.11132E-01   -0.10899E-01   -0.14406E-01   -0.62867E-02   -0.27308E-01   -0.17439E-01   -0.15430E-01
   -0.54961E-03    0.22600E-02   -0.22816E-03   -0.16885E-01   -0.46494E-01   -0.14509E-01   -0.29220E-01    0.26539E+02    0.18246E+02    0.94353E+02   -0.76662E+00   -0.32003E+02    0.79065E+00   -0.34979E+00   -0.47751E-01   -0.44083E+00    0.75567E-04   -0.14348E-03   -0.14048E+00   -0.95314E+00    0.12067E+00    0.53688E-01   -0.95661E-01   -0.14669E+00   -0.86620E-02    0.30854E-01    0.26099E+00    0.63209E-01   -0.12712E+00    0.21714E+00    0.14887E+00    0.63511E+00   -0.38475E+00    0.20250E+00   -0.48637E+00    0.92339E-01    0.18681E+00    0.31035E+00    0.61464E-01   -0.29261E+00    0.13693E+00    0.15736E+02   -0.42866E+00    0.35801E+00    0.91082E+01   -0.45740E-01   -0.11219E+00   -0.11398E-01    0.88101E-02   -0.22370E-01   -0.82517E-02   -0.36274E-01   -0.53899E-02   -0.33595E-01   -0.11100E-01   -0.10956E-01   -0.59662E-01
    0.12721E-06   -0.23578E-04    0.77810E-05   -0.38824E-04    0.18828E-02    0.69089E-04   -0.18208E-03    0.41518E+00    0.10036E+00   -0.76662E+00    0.67216E+00    0.10979E+01    0.57440E+00    0.13993E-02   -0.13648E-02   -0.41401E-02    0.20308E-05    0.76303E-04    0.31218E-02   -0.94727E+00    0.21657E-01   -0.36075E-02    0.17701E-01   -0.20162E-01    0.54667E-02   -0.91591E-02   -0.45349E-02    0.42319E-02    0.56314E-02   -0.15501E-01    0.26169E-01   -0.12355E-01   -0.32822E-01   -0.17027E-01   -0.57921E-03    0.69716E-02    0.11537E-01   -0.29844E-02    0.10454E-01    0.98900E-02    0.76738E-01   -0.69696E-02   -0.21738E+00   -0.59369E-03    0.10226E-01    0.50572E-01    0.51543E-01   -0.42477E-02    0.52039E-03   -0.13007E-04    0.67156E-04    0.71571E-03    0.16623E-03    0.61645E-03   -0.67455E-03    0.61777E-03    0.18497E-02
    0.15083E-04    0.82350E-04   -0.15917E-04    0.26853E-02    0.59453E-03    0.10043E-02    0.58137E-02   -0.30848E+01    0.12779E+00   -0.32003E+02    0.10979E+01    0.19392E+02    0.17507E+01    0.20116E+00    0.29286E-01    0.26188E+00    0.48746E-05    0.97466E-04   -0.27599E+00   -0.36457E+01    0.23261E+00   -0.38393E-01    0.15939E+00   -0.30091E-01    0.78818E-01    0.68925E-01    0.27006E-01   -0.11524E+00    0.23003E+00   -0.13020E+00   -0.17035E+00   -0.33598E+00    0.48497E-01   -0.28689E+00    0.65323E-01   -0.41944E-01   -0.12590E+00    0.36275E-01    0.10872E+00    0.33261E+00   -0.25722E+00   -0.10226E+02   -0.16100E+00   -0.59310E+00   -0.71248E+01    0.58803E-01    0.75481E-01   -0.71915E-02   -0.16026E-01    0.14142E-01   -0.48630E-03    0.85864E-02   -0.22489E-02    0.91372E-02   -0.88920E-03   -0.14738E-02    0.20339E-01
    0.19859E-04   -0.34864E-04    0.19340E-04   -0.25930E-03    0.39201E-02    0.55813E-03   -0.41733E-03   -0.10229E+02   -0.16459E+01    0.79065E+00    0.57440E+00    0.17507E+01    0.19903E+01    0.16061E-01    0.25835E-01    0.10950E-01    0.17462E-04   -0.81587E-04   -0.19486E+00   -0.24561E+01    0.10896E+00    0.22425E-01    0.51985E-01   -0.85310E-01    0.13833E-01    0.40808E-01   -0.24405E-02   -0.44018E-01   -0.59407E-02   -0.29608E-01   -0.11278E+00   -0.16395E-02   -0.51783E-01   -0.37852E-01    0.47398E-02   -0.34278E-01   -0.30906E-01   -0.22618E-01   -0.38994E-02    0.99802E-02   -0.50562E-01   -0.53695E+00   -0.80100E+00   -0.93050E-01   -0.86411E+00    0.48607E-01    0.73987E-01   -0.25053E-02   -0.11301E-01   -0.19757E-02    0.12823E-03   -0.27241E-02    0.39562E-03   -0.22868E-02    0.31522E-02    0.29942E-03   -0.15676E-02
   -0.10488E-05    0.48384E-05   -0.15355E-05   -0.56046E-05   -0.12341E-03   -0.29588E-04   -0.65450E-05    0.89236E-02    0.26594E-01   -0.34979E+00    0.13993E-02    0.20116E+00    0.16061E-01    0.43700E-02   -0.12568E-03    0.29864E-02    0.92493E-06   -0.23771E-05   -0.25458E-03   -0.11703E-01    0.16694E-02    0.14984E-02    0.31201E-02   -0.64925E-03    0.98230E-03    0.12751E-02   -0.27001E-02    0.10548E-02   -0.16164E-02    0.17567E-02   -0.21462E-02    0.10301E-02    0.59469E-03   -0.44322E-03    0.19084E-02    0.30028E-03   -0.18185E-02   -0.19146E-02   -0.49409E-02   -0.61762E-03   -0.12983E-02   -0.14126E+00   -0.67218E-02   -0.24893E-02   -0.97945E-01    0.35319E-03    0.15721E-02    0.43448E-03   -0.32554E-03   -0.11889E-04   -0.19276E-04   -0.28619E-05   -0.53142E-04    0.39263E-04    0.54116E-04   -0.19518E-04    0.17404E-03
   -0.66524E-06    0.38912E-05   -0.39034E-06   -0.25538E-04    0.47408E-04   -0.16802E-04   -0.44018E-04   -0.91707E-01    0.25412E-01   -0.47751E-01   -0.13648E-02    0.29286E-01    0.25835E-01   -0.12568E-03    0.32569E-02   -0.32439E-03   -0.11628E-05    0.57578E-05   -0.12679E-02   -0.18791E-01    0.18274E-02   -0.69865E-03    0.81242E-04    0.14609E-02    0.13164E-02   -0.29152E-02   -0.17949E-02    0.12620E-02    0.63579E-03   -0.19766E-02   -0.24312E-02   -0.19458E-02    0.21377E-02    0.43609E-03   -0.10467E-02   -0.44292E-02    0.26638E-03   -0.13042E-02    0.18774E-03    0.19995E-02    0.60499E-02    0.10214E-01   -0.16082E-01    0.33924E-02    0.98766E-03    0.39928E-03    0.17343E-02   -0.47977E-03   -0.59490E-03   -0.12616E-03   -0.44690E-05    0.52446E-04    0.60743E-05    0.50965E-04   -0.22980E-05    0.12024E-05    0.87016E-04
    0.76449E-06    0.23225E-05   -0.57357E-06    0.54069E-04   -0.35734E-04    0.16376E-04    0.12584E-03   -0.16630E+00   -0.23382E-01   -0.44083E+00   -0.41401E-02    0.26188E+00    0.10950E-01    0.29864E-02   -0.32439E-03    0.49333E-02    0.53231E-06   -0.69959E-05   -0.39726E-02   -0.22863E-01    0.54192E-02   -0.37302E-02    0.92400E-03   -0.21685E-02    0.50606E-03    0.40788E-02    0.45879E-02   -0.52868E-02    0.79332E-02   -0.27820E-02   -0.68504E-02   -0.95276E-02    0.15611E-02   -0.68491E-02   -0.89309E-03   -0.94613E-03   -0.33783E-02    0.50257E-02    0.65520E-02    0.10261E-01   -0.77408E-02   -0.17907E+00    0.73923E-03   -0.94050E-02   -0.12700E+00   -0.50846E-03   -0.18649E-03    0.29513E-03   -0.12906E-03    0.26748E-03   -0.47952E-05    0.51091E-04   -0.42433E-04    0.63917E-04    0.66548E-04   -0.39032E-04    0.17866E-03
    0.16221E-08   -0.20859E-08    0.41698E-08    0.91658E-07    0.42884E-07   -0.63650E-07    0.23919E-06    0.14831E-02    0.30462E-04    0.75567E-04    0.20308E-05    0.48746E-05    0.17462E-04    0.92493E-06   -0.11628E-05    0.53231E-06    0.15620E-06   -0.14483E-07   -0.19690E-05   -0.21184E-04   -0.20144E-04   -0.12774E-04   -0.13634E-04   -0.40654E-05   -0.64241E-05    0.15236E-04    0.10473E-04   -0.78492E-05    0.55080E-05   -0.32789E-05    0.31172E-05   -0.46257E-05   -0.81333E-05    0.93892E-05    0.66712E-05    0.13176E-04    0.38661E-05    0.28169E-05    0.95254E-05   -0.59190E-05   -0.96584E-06   -0.46927E-04   -0.21618E-05   -0.59195E-05   -0.72847E-05   -0.11626E-06    0.29865E-06    0.30692E-06    0.32844E-05   -0.61371E-06    0.81849E-08   -0.26723E-06   -0.58128E-07   -0.16081E-06   -0.95679E-07   -0.61640E-07    0.27918E-07
   -0.78424E-08    0.70799E-07    0.33908E-07   -0.16228E-06    0.10463E-05    0.23423E-06    0.25125E-06   -0.29140E-02   -0.92713E-03   -0.14348E-03    0.76303E-04    0.97466E-04   -0.81587E-04   -0.23771E-05    0.57578E-05   -0.69959E-05   -0.14483E-07    0.11347E-05    0.19096E-04    0.32738E-04    0.10310E-03    0.49499E-04    0.21979E-04   -0.34802E-04   -0.45292E-04    0.39140E-03    0.58523E-04   -0.96697E-05    0.13160E-04    0.53908E-04   -0.37449E-03    0.10032E-04   -0.70354E-04    0.30100E-04    0.27397E-04    0.40247E-04    0.69284E-04   -0.26532E-04   -0.75124E-04    0.28379E-05    0.39609E-04    0.21823E-03    0.95623E-04    0.24147E-04    0.20629E-03    0.36233E-05    0.38283E-05   -0.21727E-05    0.40438E-05    0.67464E-05    0.39376E-06    0.15187E-05    0.47482E-06    0.13508E-05   -0.10169E-05    0.52485E-06    0.15503E-05
   -0.43467E-05    0.12955E-04   -0.71781E-05   -0.49689E-04   -0.36377E-03   -0.14958E-03   -0.13196E-03    0.10868E+01    0.15305E+00   -0.14048E+00    0.31218E-02   -0.27599E+00   -0.19486E+00   -0.25458E-03   -0.12679E-02   -0.39726E-02   -0.19690E-05    0.19096E-04    0.66025E-01    0.37685E+00   -0.17010E-01   -0.59161E-02   -0.75422E-02    0.47919E-02   -0.33656E-03   -0.11310E-01    0.17118E-02    0.94802E-02    0.42123E-02    0.12074E-02    0.77251E-02   -0.67266E-02   -0.55314E-02    0.35752E-02   -0.37176E-02   -0.57910E-02    0.47122E-02    0.45125E-03   -0.24470E-02    0.49290E-02    0.59063E-01    0.10153E+00    0.61960E-02    0.58298E-01    0.16685E+00    0.44031E-02    0.86690E-02    0.11994E-02    0.18068E-02   -0.72503E-03    0.84305E-04    0.44857E-03   -0.26111E-04    0.30186E-03   -0.95232E-04    0.25433E-03    0.64509E-03
   -0.40284E-04    0.36948E-04   -0.28018E-04   -0.43798E-03   -0.47528E-02   -0.12482E-02   -0.11971E-02    0.77203E+01    0.13615E-01   -0.95314E+00   -0.94727E+00   -0.36457E+01   -0.24561E+01   -0.11703E-01   -0.18791E-01   -0.22863E-01   -0.21184E-04    0.32738E-04    0.37685E+00    0.48027E+01   -0.13865E+00   -0.16671E-01   -0.93998E-01    0.46109E-01   -0.92297E-02   -0.43815E-01   -0.40058E-02    0.95368E-01    0.21366E-02    0.54349E-01    0.68656E-01   -0.33519E-01    0.79515E-01    0.13647E+00   -0.10579E-02   -0.70915E-02    0.43949E-01    0.19026E-01   -0.46580E-01   -0.17733E-02    0.17347E-01    0.70387E+00    0.28442E+00    0.21671E+00    0.13524E+01   -0.48799E-01   -0.31393E-01    0.19130E-01    0.46101E-02   -0.91433E-02    0.98740E-03    0.35706E-02    0.54865E-03    0.25243E-02    0.78370E-03    0.16918E-02    0.29081E-02
   -0.18008E-04    0.18925E-03   -0.11409E-04   -0.72704E-03   -0.27821E-02   -0.66749E-03   -0.54272E-03    0.15634E+02   -0.24950E-01    0.12067E+00    0.21657E-01    0.23261E+00    0.10896E+00    0.16694E-02    0.18274E-02    0.54192E-02   -0.20144E-04    0.10310E-03   -0.17010E-01   -0.13865E+00    0.65798E+00   -0.14609E+00   -0.12108E-01   -0.35313E-01    0.30526E-01    0.19844E+00   -0.64365E-02   -0.44369E-01    0.19340E-01   -0.58835E-01    0.18529E-02    0.26449E-01   -0.45024E-01   -0.38149E-01   -0.11687E+00    0.15326E+00    0.39114E-01    0.18413E-01    0.37007E-01    0.78174E-01   -0.16896E-01   -0.24484E+00   -0.73745E-01   -0.14899E-01   -0.11591E+00    0.26992E-02    0.58046E-02    0.46687E-03    0.36081E-02    0.12623E-02   -0.68502E-04   -0.28186E-03   -0.21705E-03   -0.58948E-03    0.60580E-04   -0.24391E-03   -0.72336E-03
   -0.87752E-05   -0.73646E-04    0.73531E-05   -0.36862E-04    0.62636E-03   -0.16740E-03   -0.12983E-03   -0.77277E+01   -0.10638E+00    0.53688E-01   -0.36075E-02   -0.38393E-01    0.22425E-01    0.14984E-02   -0.69865E-03   -0.37302E-02   -0.12774E-04    0.49499E-04   -0.59161E-02   -0.16671E-01   -0.14609E+00    0.88163E+00    0.18672E-02   -0.58318E-02   -0.39591E-01   -0.15855E+00    0.15379E+00    0.64291E-01   -0.15270E-01    0.18296E-01   -0.11685E+00    0.36793E-01    0.22038E-01    0.41748E-01    0.14818E+00   -0.22902E+00    0.44906E-01    0.88617E-01    0.57246E-02   -0.19417E+00   -0.15075E-01    0.24719E-01   -0.74960E-02   -0.17416E-01   -0.62224E-02   -0.94396E-03   -0.27991E-02    0.18813E-03   -0.69330E-03    0.14569E-02   -0.27948E-03   -0.77303E-04   -0.35338E-03   -0.48909E-04   -0.28473E-03   -0.22378E-03   -0.38672E-03
    0.26041E-05    0.30433E-05    0.14807E-04    0.13257E-03   -0.13949E-02    0.92534E-05    0.32958E-03   -0.97165E+00   -0.11157E+00   -0.95661E-01    0.17701E-01    0.15939E+00    0.51985E-01    0.31201E-02    0.81242E-04    0.92400E-03   -0.13634E-04    0.21979E-04   -0.75422E-02   -0.93998E-01   -0.12108E-01    0.18672E-02    0.95211E+00   -0.37921E-01   -0.11533E-01   -0.70699E-01   -0.74259E-01    0.16658E+00    0.56368E-01    0.81291E-01   -0.29142E-01   -0.34088E-02   -0.15832E-01   -0.31342E-01    0.11254E+00   -0.85268E-01   -0.48487E-03   -0.13240E-01   -0.17783E+00    0.15741E+00    0.18683E-01   -0.19433E-01   -0.28236E-01   -0.62614E-02    0.47784E-01    0.21615E-02    0.83784E-03   -0.52086E-03    0.46363E-04   -0.23792E-03   -0.27990E-03    0.13927E-04   -0.61051E-04    0.27630E-04   -0.27124E-03    0.14741E-03    0.28028E-03
   -0.29691E-05    0.49456E-04   -0.23414E-04   -0.17278E-03    0.11582E-04   -0.21071E-03   -0.22714E-03    0.11760E+01    0.14541E+00   -0.14669E+00   -0.20162E-01   -0.30091E-01   -0.85310E-01   -0.64925E-03    0.14609E-02   -0.21685E-02   -0.40654E-05   -0.34802E-04    0.47919E-02    0.46109E-01   -0.35313E-01   -0.58318E-02   -0.37921E-01    0.10162E+01   -0.48895E-01    0.33333E-01   -0.13316E+00    0.43648E-01   -0.11953E+00    0.58481E-01    0.97418E-01    0.10429E+00    0.59049E-01    0.16885E+00   -0.89310E-01    0.99890E-01    0.10200E-01   -0.47499E-01   -0.10980E+00    0.30414E-01    0.30608E-01    0.15649E+00    0.87202E-01    0.18682E-01    0.82742E-01   -0.13747E-02   -0.46107E-02   -0.14983E-02   -0.19805E-02   -0.26567E-02   -0.11817E-03    0.33324E-03   -0.20697E-04    0.55506E-03   -0.91380E-03   -0.42575E-04    0.20544E-03
   -0.42134E-05    0.81569E-04   -0.69913E-05    0.10376E-03   -0.22633E-02   -0.20945E-03    0.35090E-03    0.86043E+00    0.66869E-01   -0.86620E-02    0.54667E-02    0.78818E-01    0.13833E-01    0.98230E-03    0.13164E-02    0.50606E-03   -0.64241E-05   -0.45292E-04   -0.33656E-03   -0.92297E-02    0.30526E-01   -0.39591E-01   -0.11533E-01   -0.48895E-01    0.95803E+00    0.90651E-02    0.19367E-01   -0.83234E-02    0.34951E-01    0.47526E-01    0.91312E-01   -0.59791E-01   -0.10349E+00    0.85202E-01    0.73635E-02    0.83333E-01   -0.50695E-01    0.68672E-01   -0.43746E-01    0.19690E-01   -0.72141E-02   -0.90545E-01    0.13796E-02   -0.33476E-02    0.14001E+00   -0.55243E-04    0.17672E-02    0.24037E-03   -0.43036E-02   -0.39590E-02   -0.10346E-03    0.18231E-03   -0.34475E-03   -0.71827E-04    0.81805E-03   -0.38947E-03    0.99503E-03
   -0.58564E-05    0.13287E-03    0.73056E-05   -0.83962E-04   -0.10372E-02   -0.16967E-04    0.55992E-03   -0.20710E+01    0.37131E+00    0.30854E-01   -0.91591E-02    0.68925E-01    0.40808E-01    0.12751E-02   -0.29152E-02    0.40788E-02    0.15236E-04    0.39140E-03   -0.11310E-01   -0.43815E-01    0.19844E+00   -0.15855E+00   -0.70699E-01    0.33333E-01    0.90651E-02    0.77111E+00    0.91471E-02   -0.35450E-01   -0.25926E-01   -0.34117E-01    0.77320E-01    0.90540E-01   -0.84040E-01    0.23727E-01   -0.48908E-01    0.62287E+00    0.21920E+00   -0.22276E-01   -0.14301E-01    0.51107E-01   -0.16317E-01   -0.14791E+00    0.12967E-02   -0.13427E-01   -0.88045E-01   -0.82719E-03   -0.29405E-03    0.15680E-02    0.21277E-02   -0.18075E-02    0.33783E-03   -0.17991E-03    0.36256E-03    0.60833E-04   -0.47950E-03    0.25765E-03    0.27848E-03
   -0.11007E-04    0.91453E-04    0.16308E-04    0.12972E-03   -0.20913E-03   -0.23009E-03    0.65015E-03   -0.38559E+01   -0.25304E-01    0.26099E+00   -0.45349E-02    0.27006E-01   -0.24405E-02   -0.27001E-02   -0.17949E-02    0.45879E-02    0.10473E-04    0.58523E-04    0.17118E-02   -0.40058E-02   -0.64365E-02    0.15379E+00   -0.74259E-01   -0.13316E+00    0.19367E-01    0.91471E-02    0.96947E+00   -0.17276E-01   -0.28540E-01   -0.59964E-02    0.74613E-01   -0.20314E-01   -0.88702E-01   -0.77559E-01    0.14457E+00   -0.34282E-01    0.22935E+00    0.76296E+00    0.29638E+00   -0.20047E+00   -0.36098E-01   -0.90453E-01    0.21107E-01   -0.18190E-01   -0.33034E-01   -0.27583E-02   -0.44669E-02    0.49965E-03   -0.25688E-02    0.26902E-02   -0.28380E-03    0.77688E-04   -0.95917E-04   -0.21235E-03   -0.42004E-03   -0.55995E-04   -0.15661E-03
    0.70173E-05   -0.55000E-05   -0.17199E-05   -0.95394E-04   -0.53736E-03   -0.10231E-03   -0.22153E-03   -0.37491E+00   -0.77276E-01    0.63209E-01    0.42319E-02   -0.11524E+00   -0.44018E-01    0.10548E-02    0.12620E-02   -0.52868E-02   -0.78492E-05   -0.96697E-05    0.94802E-02    0.95368E-01   -0.44369E-01    0.64291E-01    0.16658E+00    0.43648E-01   -0.83234E-02   -0.35450E-01   -0.17276E-01    0.98197E+00    0.24579E-01   -0.45290E-01    0.10926E+00   -0.57417E-01    0.11888E+00    0.19734E+00   -0.11702E+00   -0.20085E+00    0.63536E+00    0.10789E+00   -0.59853E+00    0.18561E+00    0.15568E-01    0.11484E+00   -0.21049E-01    0.93975E-02    0.16118E+00    0.20328E-02    0.38225E-03   -0.76164E-04   -0.55952E-02   -0.67365E-02   -0.41864E-04    0.16741E-03    0.19011E-03    0.23379E-03    0.41372E-03    0.34417E-03    0.16073E-03
   -0.15349E-04    0.23646E-04   -0.24753E-04    0.56416E-03    0.97112E-03    0.59679E-04    0.11009E-02   -0.10185E+01   -0.21861E+00   -0.12712E+00    0.56314E-02    0.23003E+00   -0.59407E-02   -0.16164E-02    0.63579E-03    0.79332E-02    0.55080E-05    0.13160E-04    0.42123E-02    0.21366E-02    0.19340E-01   -0.15270E-01    0.56368E-01   -0.11953E+00    0.34951E-01   -0.25926E-01   -0.28540E-01    0.24579E-01    0.10141E+01    0.57418E-02   -0.24405E-01   -0.10790E+00   -0.16229E+00   -0.16299E-01   -0.80796E-01   -0.88865E-01    0.73953E-01   -0.63925E-01    0.28172E+00    0.69615E+00    0.43369E-02   -0.24225E+00    0.12912E-01   -0.15359E-01   -0.21587E+00    0.17157E-02    0.12696E-02   -0.17723E-03    0.10690E-02   -0.47416E-02   -0.79247E-04   -0.39085E-03   -0.18615E-03   -0.18747E-03    0.26866E-04   -0.32534E-03   -0.63035E-03
    0.23259E-05   -0.29104E-04    0.18380E-04   -0.22588E-03    0.13673E-02    0.27884E-04   -0.53844E-03   -0.84767E+00   -0.99882E-01    0.21714E+00   -0.15501E-01   -0.13020E+00   -0.29608E-01    0.17567E-02   -0.19766E-02   -0.27820E-02   -0.32789E-05    0.53908E-04    0.12074E-02    0.54349E-01   -0.58835E-01    0.18296E-01    0.81291E-01    0.58481E-01    0.47526E-01   -0.34117E-01   -0.59964E-02   -0.45290E-01    0.57418E-02    0.92651E+00   -0.76602E-01    0.56247E-01    0.74861E-01    0.15795E+00    0.17548E-01    0.92130E-01   -0.56585E+00    0.37303E+00   -0.31375E+00    0.22199E+00   -0.76067E-02    0.36041E-02   -0.34809E-01    0.18636E-02    0.12218E+00    0.60472E-03    0.17312E-02    0.45178E-03    0.56712E-02   -0.29683E-03   -0.11179E-03   -0.44848E-03    0.39253E-04    0.53574E-04    0.38635E-03    0.17769E-03   -0.30889E-03
   -0.31405E-05    0.17181E-04   -0.28565E-04    0.18950E-03   -0.29840E-02    0.16515E-04    0.33018E-03    0.16806E+01   -0.19041E+00    0.14887E+00    0.26169E-01   -0.17035E+00   -0.11278E+00   -0.21462E-02   -0.24312E-02   -0.68504E-02    0.31172E-05   -0.37449E-03    0.77251E-02    0.68656E-01    0.18529E-02   -0.11685E+00   -0.29142E-01    0.97418E-01    0.91312E-01    0.77320E-01    0.74613E-01    0.10926E+00   -0.24405E-01   -0.76602E-01    0.86269E+00   -0.10038E-01   -0.80525E-01    0.33424E-02   -0.23028E-01    0.59006E+00    0.20930E+00    0.11552E+00    0.39051E-01   -0.79916E-01    0.15862E-01    0.23963E+00    0.61672E-01    0.61524E-02    0.25680E+00   -0.99940E-03   -0.55423E-02   -0.11464E-02   -0.53218E-02   -0.47948E-02   -0.10117E-03    0.29800E-03    0.10124E-03    0.47627E-03   -0.54155E-03    0.17965E-03    0.76661E-03
   -0.77522E-05   -0.25373E-04   -0.23334E-05   -0.35206E-03    0.10994E-02   -0.31467E-04   -0.76660E-03    0.19837E+01    0.27822E+00    0.63511E+00   -0.12355E-01   -0.33598E+00   -0.16395E-02    0.10301E-02   -0.19458E-02   -0.95276E-02   -0.46257E-05    0.10032E-04   -0.67266E-02   -0.33519E-01    0.26449E-01    0.36793E-01   -0.34088E-02    0.10429E+00   -0.59791E-01    0.90540E-01   -0.20314E-01   -0.57417E-01   -0.10790E+00    0.56247E-01   -0.10038E-01    0.92645E+00   -0.35193E-02    0.17662E-01   -0.23198E-01    0.69369E-01    0.13799E+00   -0.20594E-01    0.12902E+00    0.12767E+00   -0.26116E-01    0.32307E+00    0.21151E-01    0.68479E-03    0.16797E+00   -0.17161E-02   -0.38272E-02    0.23611E-03    0.19775E-02   -0.37053E-02   -0.12424E-03   -0.48826E-03   -0.71088E-04   -0.19418E-03   -0.39754E-03    0.27579E-03    0.20715E-03
    0.42068E-05    0.27102E-04   -0.10014E-04   -0.19992E-03    0.11351E-02   -0.95041E-04   -0.38441E-03   -0.23319E+00    0.82475E-01   -0.38475E+00   -0.32822E-01    0.48497E-01   -0.51783E-01    0.59469E-03    0.21377E-02    0.15611E-02   -0.81333E-05   -0.70354E-04   -0.55314E-02    0.79515E-01   -0.45024E-01    0.22038E-01   -0.15832E-01    0.59049E-01   -0.10349E+00   -0.84040E-01   -0.88702E-01    0.11888E+00   -0.16229E+00    0.74861E-01   -0.80525E-01   -0.35193E-02    0.99310E+00    0.41686E-01    0.28115E-02   -0.13993E+00   -0.22350E-02    0.13335E+00   -0.21232E-02   -0.46708E-01   -0.47187E-02   -0.68295E-01    0.10375E-01   -0.55880E-02   -0.24085E-01   -0.33048E-02   -0.22161E-02    0.10423E-03    0.86107E-02   -0.32572E-02   -0.18807E-03   -0.15587E-03   -0.10709E-03    0.48476E-04   -0.47315E-03    0.42119E-04   -0.18747E-03
   -0.11083E-05   -0.69889E-04    0.19729E-04    0.47443E-03    0.22661E-02    0.20707E-03    0.64849E-03    0.32538E+00    0.15312E-01    0.20250E+00   -0.17027E-01   -0.28689E+00   -0.37852E-01   -0.44322E-03    0.43609E-03   -0.68491E-02    0.93892E-05    0.30100E-04    0.35752E-02    0.13647E+00   -0.38149E-01    0.41748E-01   -0.31342E-01    0.16885E+00    0.85202E-01    0.23727E-01   -0.77559E-01    0.19734E+00   -0.16299E-01    0.15795E+00    0.33424E-02    0.17662E-01    0.41686E-01    0.10146E+01   -0.13365E-01   -0.12624E-02    0.48861E-01    0.89018E-01   -0.31231E+00    0.17073E+00    0.23738E-02    0.21656E+00    0.97278E-02   -0.28019E-02    0.28054E+00    0.11378E-03    0.79085E-03   -0.70306E-04    0.60444E-02   -0.78527E-02    0.65368E-04    0.15771E-03    0.12342E-03    0.15250E-03    0.34755E-03   -0.18007E-04    0.21744E-03
   -0.82073E-06   -0.14702E-04    0.22807E-04   -0.10071E-03   -0.43046E-03    0.16707E-03   -0.21611E-03   -0.38358E+01   -0.14106E+00   -0.48637E+00   -0.57921E-03    0.65323E-01    0.47398E-02    0.19084E-02   -0.10467E-02   -0.89309E-03    0.66712E-05    0.27397E-04   -0.37176E-02   -0.10579E-02   -0.11687E+00    0.14818E+00    0.11254E+00   -0.89310E-01    0.73635E-02   -0.48908E-01    0.14457E+00   -0.11702E+00   -0.80796E-01    0.17548E-01   -0.23028E-01   -0.23198E-01    0.28115E-02   -0.13365E-01    0.96284E+00   -0.46369E-01   -0.44842E-01    0.31906E-01    0.16206E+00   -0.54136E-01    0.50781E-02    0.39515E-01    0.16168E-01   -0.12739E-01    0.82798E-01   -0.40868E-02   -0.25972E-02   -0.38671E-03    0.40920E-02    0.84041E-04   -0.44847E-04    0.70634E-03    0.96196E-04    0.15086E-03   -0.57627E-03   -0.53560E-03    0.11629E-02
   -0.55006E-05    0.92914E-04   -0.11129E-04   -0.58008E-05   -0.25543E-02    0.52454E-04    0.44608E-03   -0.15220E-01    0.15825E+00    0.92339E-01    0.69716E-02   -0.41944E-01   -0.34278E-01    0.30028E-03   -0.44292E-02   -0.94613E-03    0.13176E-04    0.40247E-04   -0.57910E-02   -0.70915E-02    0.15326E+00   -0.22902E+00   -0.85268E-01    0.99890E-01    0.83333E-01    0.62287E+00   -0.34282E-01   -0.20085E+00   -0.88865E-01    0.92130E-01    0.59006E+00    0.69369E-01   -0.13993E+00   -0.12624E-02   -0.46369E-01    0.93799E+00   -0.65473E-02    0.38683E-01    0.25962E-01   -0.34961E-01   -0.34619E-02    0.13613E-01    0.29000E-01   -0.50972E-02    0.70352E-01   -0.10218E-02   -0.29157E-02    0.55427E-03   -0.55142E-03   -0.27770E-02    0.19398E-03   -0.56939E-04    0.30653E-03    0.31938E-03   -0.63802E-03    0.29601E-03    0.69784E-03
   -0.43919E-05    0.63933E-04   -0.84862E-05    0.11727E-03   -0.88852E-03   -0.10304E-03    0.49904E-03   -0.94710E+00    0.10235E+00    0.18681E+00    0.11537E-01   -0.12590E+00   -0.30906E-01   -0.18185E-02    0.26638E-03   -0.33783E-02    0.38661E-05    0.69284E-04    0.47122E-02    0.43949E-01    0.39114E-01    0.44906E-01   -0.48487E-03    0.10200E-01   -0.50695E-01    0.21920E+00    0.22935E+00    0.63536E+00    0.73953E-01   -0.56585E+00    0.20930E+00    0.13799E+00   -0.22350E-02    0.48861E-01   -0.44842E-01   -0.65473E-02    0.97645E+00   -0.23668E-01    0.20460E-02   -0.12167E-01    0.35298E-02    0.15729E+00    0.51389E-01   -0.85055E-03    0.12958E+00   -0.79364E-03   -0.37344E-02   -0.40249E-04   -0.41539E-02   -0.66256E-02    0.66573E-04    0.27780E-03    0.20556E-03    0.12582E-03   -0.46747E-03    0.16800E-03    0.39803E-03
   -0.60734E-05    0.60800E-04    0.12434E-04    0.72146E-04    0.80849E-03   -0.22817E-03    0.42691E-03   -0.22600E+01   -0.18789E+00    0.31035E+00   -0.29844E-02    0.36275E-01   -0.22618E-01   -0.19146E-02   -0.13042E-02    0.50257E-02    0.28169E-05   -0.26532E-04    0.45125E-03    0.19026E-01    0.18413E-01    0.88617E-01   -0.13240E-01   -0.47499E-01    0.68672E-01   -0.22276E-01    0.76296E+00    0.10789E+00   -0.63925E-01    0.37303E+00    0.11552E+00   -0.20594E-01    0.13335E+00    0.89018E-01    0.31906E-01    0.38683E-01   -0.23668E-01    0.98486E+00   -0.12192E-01   -0.40343E-02   -0.38028E-01   -0.13448E+00   -0.20560E-01   -0.14541E-01   -0.44872E-01   -0.53516E-03   -0.16491E-02    0.31907E-03   -0.11297E-02    0.19545E-03   -0.44262E-03   -0.13288E-03   -0.21375E-03   -0.15832E-03   -0.17554E-03    0.62177E-04   -0.35197E-03
   -0.16495E-04    0.76146E-04   -0.71178E-05    0.27228E-03   -0.88441E-05   -0.12370E-03    0.74674E-03   -0.57288E+00    0.34958E-01    0.61464E-01    0.10454E-01    0.10872E+00   -0.38994E-02   -0.49409E-02    0.18774E-03    0.65520E-02    0.95254E-05   -0.75124E-04   -0.24470E-02   -0.46580E-01    0.37007E-01    0.57246E-02   -0.17783E+00   -0.10980E+00   -0.43746E-01   -0.14301E-01    0.29638E+00   -0.59853E+00    0.28172E+00   -0.31375E+00    0.39051E-01    0.12902E+00   -0.21232E-02   -0.31231E+00    0.16206E+00    0.25962E-01    0.20460E-02   -0.12192E-01    0.96274E+00   -0.17480E-01   -0.15526E-01   -0.70001E-01    0.61526E-01   -0.26281E-01   -0.15296E+00   -0.31459E-02   -0.41912E-02   -0.94125E-03    0.27250E-02    0.31775E-02   -0.16683E-03   -0.68299E-04   -0.26167E-03   -0.19238E-03   -0.10176E-02   -0.39533E-03   -0.36783E-03
   -0.60956E-05    0.60095E-04   -0.10797E-04    0.23446E-03    0.11436E-02   -0.55269E-04    0.60126E-03    0.14129E+01   -0.41873E-01   -0.29261E+00    0.98900E-02    0.33261E+00    0.99802E-02   -0.61762E-03    0.19995E-02    0.10261E-01   -0.59190E-05    0.28379E-05    0.49290E-02   -0.17733E-02    0.78174E-01   -0.19417E+00    0.15741E+00    0.30414E-01    0.19690E-01    0.51107E-01   -0.20047E+00    0.18561E+00    0.69615E+00    0.22199E+00   -0.79916E-01    0.12767E+00   -0.46708E-01    0.17073E+00   -0.54136E-01   -0.34961E-01   -0.12167E-01   -0.40343E-02   -0.17480E-01    0.99918E+00    0.72199E-02   -0.26246E+00   -0.48967E-01   -0.85368E-02   -0.22022E+00    0.45937E-02    0.60829E-02   -0.22103E-03    0.28783E-02   -0.50697E-02   -0.87264E-04   -0.35248E-03    0.21563E-04    0.37887E-04    0.48225E-03   -0.10328E-03   -0.49192E-03
    0.12409E-04   -0.74437E-04    0.10354E-04    0.26194E-03    0.10788E-02    0.29712E-03    0.32894E-03    0.20675E+00    0.23016E+00    0.13693E+00    0.76738E-01   -0.25722E+00   -0.50562E-01   -0.12983E-02    0.60499E-02   -0.77408E-02   -0.96584E-06    0.39609E-04    0.59063E-01    0.17347E-01   -0.16896E-01   -0.15075E-01    0.18683E-01    0.30608E-01   -0.72141E-02   -0.16317E-01   -0.36098E-01    0.15568E-01    0.43369E-02   -0.76067E-02    0.15862E-01   -0.26116E-01   -0.47187E-02    0.23738E-02    0.50781E-02   -0.34619E-02    0.35298E-02   -0.38028E-01   -0.15526E-01    0.72199E-02    0.34150E+00    0.16534E+00    0.35412E-01    0.15268E+00    0.41410E+00    0.12705E-01    0.17062E-01   -0.51949E-02   -0.85765E-03   -0.57166E-02    0.58677E-03    0.12688E-04    0.51686E-03    0.80312E-04   -0.54520E-03    0.20338E-03    0.11771E-02
    0.79201E-04   -0.55012E-03   -0.20473E-04   -0.25881E-03    0.12375E-01    0.20525E-02   -0.21002E-02    0.31387E+01   -0.16849E+01    0.15736E+02   -0.69696E-02   -0.10226E+02   -0.53695E+00   -0.14126E+00    0.10214E-01   -0.17907E+00   -0.46927E-04    0.21823E-03    0.10153E+00    0.70387E+00   -0.24484E+00    0.24719E-01   -0.19433E-01    0.15649E+00   -0.90545E-01   -0.14791E+00   -0.90453E-01    0.11484E+00   -0.24225E+00    0.36041E-02    0.23963E+00    0.32307E+00   -0.68295E-01    0.21656E+00    0.39515E-01    0.13613E-01    0.15729E+00   -0.13448E+00   -0.70001E-01   -0.26246E+00    0.16534E+00    0.15328E+02    0.84493E-01    0.35074E+00    0.49805E+01   -0.27433E-02   -0.29095E-01   -0.14248E-01   -0.14912E-02    0.21193E-01    0.14871E-02    0.22174E-01    0.28430E-02    0.14416E-01   -0.13774E-02    0.28481E-02   -0.74415E-02
    0.44863E-05   -0.98875E-04   -0.17634E-05    0.37720E-03    0.91081E-03    0.51329E-03    0.58639E-03    0.36301E+01    0.12062E+01   -0.42866E+00   -0.21738E+00   -0.16100E+00   -0.80100E+00   -0.67218E-02   -0.16082E-01    0.73923E-03   -0.21618E-05    0.95623E-04    0.61960E-02    0.28442E+00   -0.73745E-01   -0.74960E-02   -0.28236E-01    0.87202E-01    0.13796E-02    0.12967E-02    0.21107E-01   -0.21049E-01    0.12912E-01   -0.34809E-01    0.61672E-01    0.21151E-01    0.10375E-01    0.97278E-02    0.16168E-01    0.29000E-01    0.51389E-01   -0.20560E-01    0.61526E-01   -0.48967E-01    0.35412E-01    0.84493E-01    0.22808E+01   -0.52741E-02    0.66150E-02   -0.95331E-01   -0.10881E+00   -0.47276E-02    0.97076E-02    0.48715E-02   -0.13000E-03    0.73918E-03   -0.73881E-03    0.82863E-03   -0.60010E-04    0.11294E-03   -0.10463E-02
    0.20568E-04   -0.79774E-04    0.57357E-05    0.53230E-03    0.17707E-02    0.33348E-03    0.85749E-03   -0.12183E+00   -0.28199E+00    0.35801E+00   -0.59369E-03   -0.59310E+00   -0.93050E-01   -0.24893E-02    0.33924E-02   -0.94050E-02   -0.59195E-05    0.24147E-04    0.58298E-01    0.21671E+00   -0.14899E-01   -0.17416E-01   -0.62614E-02    0.18682E-01   -0.33476E-02   -0.13427E-01   -0.18190E-01    0.93975E-02   -0.15359E-01    0.18636E-02    0.61524E-02    0.68479E-03   -0.55880E-02   -0.28019E-02   -0.12739E-01   -0.50972E-02   -0.85055E-03   -0.14541E-01   -0.26281E-01   -0.85368E-02    0.15268E+00    0.35074E+00   -0.52741E-02    0.23845E+00    0.31550E+00    0.81949E-02    0.16153E-01   -0.33532E-03    0.58569E-03    0.12960E-02    0.18357E-03   -0.99468E-05    0.16318E-03    0.45268E-04    0.60635E-03    0.41972E-03    0.43029E-03
    0.94378E-04   -0.95478E-04    0.14420E-03    0.15513E-02    0.46092E-02    0.13702E-02    0.26277E-02    0.39149E+01   -0.15716E+01    0.91082E+01    0.10226E-01   -0.71248E+01   -0.86411E+00   -0.97945E-01    0.98766E-03   -0.12700E+00   -0.72847E-05    0.20629E-03    0.16685E+00    0.13524E+01   -0.11591E+00   -0.62224E-02    0.47784E-01    0.82742E-01    0.14001E+00   -0.88045E-01   -0.33034E-01    0.16118E+00   -0.21587E+00    0.12218E+00    0.25680E+00    0.16797E+00   -0.24085E-01    0.28054E+00    0.82798E-01    0.70352E-01    0.12958E+00   -0.44872E-01   -0.15296E+00   -0.22022E+00    0.41410E+00    0.49805E+01    0.66150E-02    0.31550E+00    0.16264E+02    0.14941E-01   -0.39695E-01   -0.21622E-01    0.42767E-02   -0.31799E-01    0.34406E-02    0.93141E-03    0.20756E-02   -0.16947E-04    0.23093E-02    0.60780E-02    0.30697E-01
   -0.56956E-07    0.23397E-05    0.75978E-06   -0.69677E-05    0.84868E-04   -0.16587E-04   -0.14788E-04   -0.15974E-01   -0.15824E-01   -0.45740E-01    0.50572E-01    0.58803E-01    0.48607E-01    0.35319E-03    0.39928E-03   -0.50846E-03   -0.11626E-06    0.36233E-05    0.44031E-02   -0.48799E-01    0.26992E-02   -0.94396E-03    0.21615E-02   -0.13747E-02   -0.55243E-04   -0.82719E-03   -0.27583E-02    0.20328E-02    0.17157E-02    0.60472E-03   -0.99940E-03   -0.17161E-02   -0.33048E-02    0.11378E-03   -0.40868E-02   -0.10218E-02   -0.79364E-03   -0.53516E-03   -0.31459E-02    0.45937E-02    0.12705E-01   -0.27433E-02   -0.95331E-01    0.81949E-02    0.14941E-01    0.86975E-02    0.84942E-02   -0.14409E-03   -0.18442E-03   -0.17912E-03    0.10990E-04    0.16262E-04    0.27538E-04    0.26570E-04   -0.43573E-04    0.41004E-04    0.22141E-03
