# omegabh2 omegach2 theta tau Alens ns logA r aps100 aps143 aps217 acib143 acib217 asz143 psr cibr ncib cal0 cal2 xi aksz bm_1_1 a_ps_act_148 a_ps_act_217 a_ps_spt_95 a_ps_spt_150 a_ps_spt_220 r_ps_spt_95x150 r_ps_spt_95x220 r_ps_150x220 act_dust_s act_dust_e cal_acts_148 cal_acts_217 cal_acte_148 cal_acte_217 cal_spt_95 cal_spt_150 cal_spt_220
    0.1135416E-06   -0.6316516E-06    0.1257038E-06    0.5794213E-06    0.2099799E-04    0.1825777E-05   -0.1359016E-06    0.1246008E-05   -0.1371284E-02   -0.1183743E-02   -0.1137960E-02    0.4738461E-05    0.1514369E-03    0.2044685E-04   -0.3362499E-05   -0.4644654E-06    0.2724618E-05    0.3604344E-08   -0.1408111E-07   -0.6132879E-05   -0.1019323E-03   -0.2676282E-04    0.1971196E-04    0.8375754E-04    0.3886323E-04    0.3709329E-04    0.1120557E-03   -0.2078700E-06   -0.9485571E-06   -0.2932312E-06   -0.6147084E-06   -0.1662498E-05    0.6209613E-06    0.7763902E-06    0.6039885E-06    0.7377716E-06    0.1169845E-05    0.1189058E-05    0.9699923E-06
   -0.6316516E-06    0.8127382E-05   -0.9604468E-06   -0.5928944E-05   -0.1814787E-03   -0.2006793E-04    0.7240642E-05   -0.1889794E-04    0.1351691E-01    0.5985719E-02    0.5904283E-02   -0.5366008E-04   -0.7237424E-03   -0.1199558E-03    0.1983215E-04    0.1655594E-05   -0.1029367E-04   -0.1694209E-07    0.9345785E-07    0.3505477E-04    0.4926796E-03    0.2365730E-03   -0.7931580E-04   -0.5548702E-03   -0.1466831E-03   -0.1767125E-03   -0.6413001E-03    0.2699321E-06    0.3940420E-05    0.1359322E-05    0.4703702E-05    0.9506295E-05   -0.3290098E-05   -0.4069530E-05   -0.3272842E-05   -0.3974678E-05   -0.6581415E-05   -0.6687922E-05   -0.4664418E-05
    0.1257038E-06   -0.9604468E-06    0.4380244E-06    0.9096507E-06    0.2801341E-04    0.2979336E-05   -0.6235791E-07    0.2280833E-05   -0.1447052E-02   -0.1020523E-02   -0.9689559E-03    0.5669981E-05    0.1263626E-03    0.1974919E-04   -0.3635645E-05   -0.6395536E-06    0.1961308E-05    0.5639924E-08   -0.1706917E-07   -0.5493521E-05   -0.1001208E-03   -0.3365337E-04    0.1065394E-04    0.1005866E-03    0.3847807E-04    0.3075653E-04    0.1364443E-03   -0.6540466E-06   -0.1816037E-05   -0.2529621E-06   -0.2907410E-06   -0.8799512E-06    0.5978378E-06    0.6171594E-06    0.6012111E-06    0.7158510E-06    0.1230001E-05    0.1093751E-05    0.9161767E-06
    0.5794213E-06   -0.5928944E-05    0.9096507E-06    0.1622592E-03   -0.2355304E-03    0.2002228E-04    0.3080448E-03   -0.4099235E-04   -0.2142679E-01   -0.8694858E-02   -0.9206103E-02    0.4699699E-05    0.1591424E-02    0.1479328E-03   -0.2394054E-04    0.5693842E-05    0.2184525E-04   -0.2580100E-07   -0.2807391E-06   -0.2316977E-04   -0.7157116E-03   -0.3956185E-03    0.8925062E-04    0.9075683E-03    0.2883571E-03    0.1952118E-03    0.5808222E-03   -0.9612695E-07   -0.3923388E-05   -0.4717978E-05   -0.2585107E-05    0.4916743E-05    0.3116875E-05    0.6970646E-05    0.4477603E-05    0.6866614E-05    0.7266360E-05    0.6468902E-05    0.4189211E-05
    0.2099799E-04   -0.1814787E-03    0.2801341E-04   -0.2355304E-03    0.1342910E-01    0.4863711E-03   -0.8726083E-03    0.2817774E-03   -0.5173317E+00   -0.2636056E+00   -0.2547857E+00    0.1573700E-02    0.4065759E-01    0.3597213E-02   -0.7070893E-03   -0.2465310E-03    0.7341164E-03    0.5389023E-06   -0.4653865E-05   -0.1955610E-02   -0.3466303E-01   -0.7967495E-02    0.6023790E-02    0.1187667E-01    0.1503709E-01    0.1079706E-01    0.2859400E-01   -0.1558934E-03   -0.4868218E-03   -0.9487675E-04   -0.3037962E-03   -0.2153106E-03    0.1186903E-03    0.1615037E-03    0.1256519E-03    0.1514142E-03    0.2869435E-03    0.2898781E-03    0.2173432E-03
    0.1825777E-05   -0.2006793E-04    0.2979336E-05    0.2002228E-04    0.4863711E-03    0.6612787E-04   -0.9035994E-05    0.6668140E-04   -0.6443316E-01   -0.2905480E-01   -0.2470973E-01    0.1849124E-03    0.3558446E-02    0.8331996E-03   -0.8944223E-04   -0.9799900E-05    0.6925593E-04    0.1800129E-07    0.1628194E-06   -0.1862491E-03   -0.2554528E-02   -0.5592439E-03    0.3324001E-03    0.1656145E-02    0.6560467E-03    0.6853760E-03    0.1637377E-02   -0.6315861E-05   -0.1606524E-04   -0.4242704E-05   -0.1309185E-04   -0.3101286E-04    0.1410124E-04    0.1591368E-04    0.1454035E-04    0.1539989E-04    0.2622964E-04    0.2555071E-04    0.1823149E-04
   -0.1359016E-06    0.7240642E-05   -0.6235791E-07    0.3080448E-03   -0.8726083E-03   -0.9035994E-05    0.6351022E-03   -0.1363228E-03   -0.1612725E-01   -0.8048765E-02   -0.7169541E-02   -0.8246590E-04    0.2481974E-02    0.3542922E-03   -0.1193808E-04    0.1113672E-04    0.4293693E-04   -0.5246601E-07    0.4064020E-06   -0.2745628E-04   -0.9338707E-03    0.2828541E-03    0.2135609E-04    0.1910768E-03    0.2991613E-03   -0.7719781E-05   -0.7792447E-03    0.6314708E-06   -0.2069360E-05   -0.7100434E-05    0.8726903E-05    0.3344007E-04    0.1053246E-05    0.5636593E-05    0.3545517E-05    0.5656206E-05    0.2523222E-05   -0.2434089E-06   -0.1432377E-05
    0.1246008E-05   -0.1889794E-04    0.2280833E-05   -0.4099235E-04    0.2817774E-03    0.6668140E-04   -0.1363228E-03    0.1265704E-02   -0.5098751E-01   -0.2044670E-01   -0.1450577E-01    0.4709756E-03    0.2612994E-02    0.2126291E-02   -0.3757162E-04    0.6096556E-05    0.3634111E-04    0.6217957E-07   -0.1626321E-05   -0.3389906E-03   -0.2823418E-02   -0.5774120E-03    0.7287749E-04    0.1860668E-02   -0.8630171E-03    0.2784232E-03   -0.6029029E-03    0.2703761E-04    0.9528892E-04    0.2935211E-05   -0.2392244E-04    0.7430934E-04    0.1272542E-04    0.1572190E-04    0.1454609E-04    0.1135683E-04    0.1495671E-04    0.2022319E-04    0.3459576E-06
   -0.1371284E-02    0.1351691E-01   -0.1447052E-02   -0.2142679E-01   -0.5173317E+00   -0.6443316E-01   -0.1612725E-01   -0.5098751E-01    0.2873857E+04    0.9964358E+02    0.3090226E+02    0.9123803E-02   -0.6078434E+00   -0.1273028E+02   -0.6614310E-03   -0.1360343E+00    0.5210474E-01    0.6867297E-03   -0.3474088E-02    0.9388389E+00    0.1018381E+02    0.1948073E+02    0.2912159E+00   -0.6807265E+01    0.7189158E+01   -0.1050207E+01   -0.1855743E+01   -0.1239754E+00   -0.4259390E+00   -0.5740681E-01    0.7666249E-01    0.8430884E-01   -0.3061276E-01   -0.5041581E-02   -0.3097664E-01   -0.1045853E-02   -0.7302197E-01   -0.3987328E-01   -0.1552212E-01
   -0.1183743E-02    0.5985719E-02   -0.1020523E-02   -0.8694858E-02   -0.2636056E+00   -0.2905480E-01   -0.8048765E-02   -0.2044670E-01    0.9964358E+02    0.7163920E+02    0.2408884E+02    0.2966285E-02   -0.2191113E+01   -0.2380958E+01    0.7459342E-01    0.9824078E-02   -0.6028920E-01   -0.2373004E-04   -0.6201543E-03    0.2147942E+00    0.1733283E+01    0.1496048E+00    0.1671769E+00   -0.1522638E+01    0.8756372E+00   -0.4033612E+00   -0.1874056E+00   -0.6364441E-02   -0.6399924E-01   -0.2503512E-01    0.4229665E-01    0.5495494E-01   -0.1589160E-01   -0.1316703E-01   -0.1560890E-01   -0.1146540E-01   -0.3387174E-01   -0.2408423E-01   -0.1308335E-01
   -0.1137960E-02    0.5904283E-02   -0.9689559E-03   -0.9206103E-02   -0.2547857E+00   -0.2470973E-01   -0.7169541E-02   -0.1450577E-01    0.3090226E+02    0.2408884E+02    0.1027713E+03   -0.9702870E+00   -0.3796483E+02    0.8497426E+00   -0.3858875E+00   -0.2220470E-01   -0.4310537E+00   -0.4883861E-04    0.4182979E-03    0.1427603E-01    0.8973053E+00    0.2487632E+00    0.2396260E+00    0.2114833E+02   -0.1537875E+01    0.5199588E+00    0.1245013E+02   -0.2147560E-01   -0.5584188E-01    0.3119222E-03    0.3110494E-01    0.5561074E-01   -0.9362646E-02   -0.3217333E-01   -0.8506011E-02   -0.3574078E-01   -0.1426242E-01   -0.1651623E-01   -0.6139447E-01
    0.4738461E-05   -0.5366008E-04    0.5669981E-05    0.4699699E-05    0.1573700E-02    0.1849124E-03   -0.8246590E-04    0.4709756E-03    0.9123803E-02    0.2966285E-02   -0.9702870E+00    0.7008058E+00    0.1460444E+01    0.5862103E+00   -0.3352828E-04   -0.3327267E-02    0.5803290E-02    0.3594436E-05    0.7431367E-05   -0.5721992E-02   -0.1018278E+01    0.1736059E-01   -0.3455345E-01   -0.4603981E+00   -0.1639986E+00   -0.1181625E+00   -0.3605292E+00    0.4633212E-01    0.4321693E-01   -0.4836895E-02   -0.1515297E-02    0.3075117E-03    0.2191026E-03   -0.4029708E-05    0.1450517E-03    0.1823335E-03   -0.5653507E-03    0.5442105E-03    0.1503507E-02
    0.1514369E-03   -0.7237424E-03    0.1263626E-03    0.1591424E-02    0.4065759E-01    0.3558446E-02    0.2481974E-02    0.2612994E-02   -0.6078434E+00   -0.2191113E+01   -0.3796483E+02    0.1460444E+01    0.2630610E+02    0.2135157E+01    0.2348005E+00    0.2709703E-01    0.3427683E+00    0.3230646E-04   -0.1405483E-03   -0.3187463E+00   -0.4471774E+01    0.1562095E+00   -0.6206380E+00   -0.1712316E+02   -0.2514082E-01   -0.1023881E+01   -0.1263697E+02    0.6979051E-01    0.9880366E-01   -0.8016467E-02   -0.9377545E-02   -0.1192538E-01    0.1736337E-03    0.5653728E-02   -0.5886669E-03    0.8855174E-02    0.1985622E-02   -0.9331005E-04    0.2059793E-01
    0.2044685E-04   -0.1199558E-03    0.1974919E-04    0.1479328E-03    0.3597213E-02    0.8331996E-03    0.3542922E-03    0.2126291E-02   -0.1273028E+02   -0.2380958E+01    0.8497426E+00    0.5862103E+00    0.2135157E+01    0.2176552E+01    0.1786975E-01    0.2267785E-01    0.2340773E-01    0.1178191E-04   -0.8851219E-04   -0.1840296E+00   -0.2538378E+01    0.5335469E-01   -0.1909867E+00   -0.1137895E+01   -0.8840426E+00   -0.1967636E+00   -0.1741443E+01    0.4355058E-01    0.7474391E-01   -0.1939744E-02   -0.1557916E-02   -0.2806486E-02    0.7520632E-03   -0.3488491E-02    0.5447243E-03   -0.3160563E-02    0.4228591E-02    0.6025032E-03   -0.3213531E-02
   -0.3362499E-05    0.1983215E-04   -0.3635645E-05   -0.2394054E-04   -0.7070893E-03   -0.8944223E-04   -0.1193808E-04   -0.3757162E-04   -0.6614310E-03    0.7459342E-01   -0.3858875E+00   -0.3352828E-04    0.2348005E+00    0.1786975E-01    0.6795270E-02   -0.1341395E-03    0.2130247E-02   -0.4092377E-07   -0.2064768E-05   -0.6701830E-03   -0.1470994E-01   -0.6119209E-03   -0.1497072E-02   -0.1711600E+00   -0.9099855E-02   -0.3786803E-02   -0.1222052E+00    0.1994943E-03    0.1547026E-02    0.4842332E-03    0.9790684E-04   -0.1278288E-03   -0.5472718E-04   -0.3096803E-04   -0.6453226E-04    0.2104933E-04   -0.3510068E-06   -0.8758856E-04    0.1605654E-03
   -0.4644654E-06    0.1655594E-05   -0.6395536E-06    0.5693842E-05   -0.2465310E-03   -0.9799900E-05    0.1113672E-04    0.6096556E-05   -0.1360343E+00    0.9824078E-02   -0.2220470E-01   -0.3327267E-02    0.2709703E-01    0.2267785E-01   -0.1341395E-03    0.2669151E-02   -0.2334827E-04    0.2449554E-06   -0.4575415E-06   -0.8114914E-03   -0.1410678E-01    0.1443107E-03    0.4967822E-02   -0.4888361E-02   -0.1326154E-01    0.2988723E-02   -0.4196242E-02    0.3825006E-04    0.1447606E-02   -0.4979405E-03   -0.1315859E-04   -0.3021476E-03    0.4287496E-05    0.1800816E-04   -0.6092315E-06    0.1201439E-04    0.5427045E-04    0.5825406E-06    0.4214274E-04
    0.2724618E-05   -0.1029367E-04    0.1961308E-05    0.2184525E-04    0.7341164E-03    0.6925593E-04    0.4293693E-04    0.3634111E-04    0.5210474E-01   -0.6028920E-01   -0.4310537E+00    0.5803290E-02    0.3427683E+00    0.2340773E-01    0.2130247E-02   -0.2334827E-04    0.6661956E-02    0.4786448E-06   -0.7148318E-05   -0.3984393E-02   -0.3746480E-01    0.5649673E-02   -0.1105239E-01   -0.2776070E+00   -0.1571759E-02   -0.1362585E-01   -0.2245977E+00    0.2167170E-03    0.1066338E-02    0.3227659E-03   -0.1635439E-03    0.1194806E-04    0.1896378E-04    0.9848827E-06    0.1066983E-04    0.3928464E-04    0.1142417E-03    0.1145114E-04    0.1410937E-03
    0.3604344E-08   -0.1694209E-07    0.5639924E-08   -0.2580100E-07    0.5389023E-06    0.1800129E-07   -0.5246601E-07    0.6217957E-07    0.6867297E-03   -0.2373004E-04   -0.4883861E-04    0.3594436E-05    0.3230646E-04    0.1178191E-04   -0.4092377E-07    0.2449554E-06    0.4786448E-06    0.1586850E-06    0.1107317E-07   -0.1596435E-05   -0.1523608E-04   -0.2114132E-04   -0.2461766E-05   -0.2317716E-04   -0.8388295E-06   -0.3092971E-05    0.2247947E-05    0.8967863E-08    0.1519255E-06   -0.2040217E-07   -0.9735469E-06   -0.2703104E-06    0.3111578E-07    0.6844200E-08    0.1766088E-07   -0.8608345E-08    0.6010988E-07    0.7227024E-07    0.1185175E-06
   -0.1408111E-07    0.9345785E-07   -0.1706917E-07   -0.2807391E-06   -0.4653865E-05    0.1628194E-06    0.4064020E-06   -0.1626321E-05   -0.3474088E-02   -0.6201543E-03    0.4182979E-03    0.7431367E-05   -0.1405483E-03   -0.8851219E-04   -0.2064768E-05   -0.4575415E-06   -0.7148318E-05    0.1107317E-07    0.1828349E-05    0.4218145E-05    0.5861238E-04    0.1310890E-03    0.3567382E-04    0.3291217E-03    0.7531953E-04    0.1284006E-04    0.3523678E-03   -0.1175714E-05   -0.3783760E-05   -0.1319167E-05   -0.7312131E-06   -0.1451566E-05    0.3847461E-06    0.6876822E-06    0.4436317E-06    0.9823354E-06    0.6853850E-07    0.4226693E-06    0.1098599E-05
   -0.6132879E-05    0.3505477E-04   -0.5493521E-05   -0.2316977E-04   -0.1955610E-02   -0.1862491E-03   -0.2745628E-04   -0.3389906E-03    0.9388389E+00    0.2147942E+00    0.1427603E-01   -0.5721992E-02   -0.3187463E+00   -0.1840296E+00   -0.6701830E-03   -0.8114914E-03   -0.3984393E-02   -0.1596435E-05    0.4218145E-05    0.5146892E-01    0.3298040E+00   -0.4657406E-02    0.5058668E-01    0.1356310E+00    0.2120282E-01    0.4506689E-01    0.1993856E+00    0.2518287E-02    0.5060242E-02    0.1036269E-02   -0.2571814E-03    0.5031167E-03    0.2160718E-05    0.2215407E-03    0.5608365E-05    0.1893054E-03   -0.2615692E-03    0.9640509E-04    0.4902391E-03
   -0.1019323E-03    0.4926796E-03   -0.1001208E-03   -0.7157116E-03   -0.3466303E-01   -0.2554528E-02   -0.9338707E-03   -0.2823418E-02    0.1018381E+02    0.1733283E+01    0.8973053E+00   -0.1018278E+01   -0.4471774E+01   -0.2538378E+01   -0.1470994E-01   -0.1410678E-01   -0.3746480E-01   -0.1523608E-04    0.5861238E-04    0.3298040E+00    0.4655043E+01   -0.3877563E-01    0.1692468E+00    0.1678009E+01    0.4284540E+00    0.3087649E+00    0.2284249E+01   -0.5492397E-01   -0.4645605E-01    0.1763702E-01   -0.4091598E-02   -0.3778922E-02   -0.2170155E-03    0.3008141E-02    0.1125234E-03    0.2581112E-02   -0.1434333E-02    0.2141729E-03    0.2818886E-02
   -0.2676282E-04    0.2365730E-03   -0.3365337E-04   -0.3956185E-03   -0.7967495E-02   -0.5592439E-03    0.2828541E-03   -0.5774120E-03    0.1948073E+02    0.1496048E+00    0.2487632E+00    0.1736059E-01    0.1562095E+00    0.5335469E-01   -0.6119209E-03    0.1443107E-03    0.5649673E-02   -0.2114132E-04    0.1310890E-03   -0.4657406E-02   -0.3877563E-01    0.3120940E+00   -0.1043039E-01   -0.1939310E+00   -0.1001516E-01   -0.1941009E-01   -0.2091924E+00    0.9818762E-03    0.2268177E-02    0.2252399E-03    0.1778957E-03    0.3005061E-03    0.9625979E-04   -0.1993613E-03    0.1051995E-03   -0.1294776E-03    0.1797753E-03   -0.9507976E-05   -0.2681401E-03
    0.1971196E-04   -0.7931580E-04    0.1065394E-04    0.8925062E-04    0.6023790E-02    0.3324001E-03    0.2135609E-04    0.7287749E-04    0.2912159E+00    0.1671769E+00    0.2396260E+00   -0.3455345E-01   -0.6206380E+00   -0.1909867E+00   -0.1497072E-02    0.4967822E-02   -0.1105239E-01   -0.2461766E-05    0.3567382E-04    0.5058668E-01    0.1692468E+00   -0.1043039E-01    0.3531319E+00    0.3883976E+00    0.8613402E-01    0.1650787E+00    0.7100478E+00    0.4158484E-02    0.5186203E-02   -0.4872117E-02   -0.1938502E-02   -0.1534400E-02    0.6845550E-03    0.1208322E-03    0.7955878E-03    0.5709461E-04   -0.5796200E-03    0.1776619E-03    0.1477184E-02
    0.8375754E-04   -0.5548702E-03    0.1005866E-03    0.9075683E-03    0.1187667E-01    0.1656145E-02    0.1910768E-03    0.1860668E-02   -0.6807265E+01   -0.1522638E+01    0.2114833E+02   -0.4603981E+00   -0.1712316E+02   -0.1137895E+01   -0.1711600E+00   -0.4888361E-02   -0.2776070E+00   -0.2317716E-04    0.3291217E-03    0.1356310E+00    0.1678009E+01   -0.1939310E+00    0.3883976E+00    0.2173719E+02    0.2895612E+00    0.6953331E+00    0.1084716E+02   -0.2898592E-01   -0.8060337E-01   -0.1564392E-01    0.1948827E-01    0.3956310E-02    0.1710742E-02    0.2331721E-01    0.2087139E-02    0.1475758E-01   -0.1892989E-02    0.2626620E-02   -0.7206033E-02
    0.3886323E-04   -0.1466831E-03    0.3847807E-04    0.2883571E-03    0.1503709E-01    0.6560467E-03    0.2991613E-03   -0.8630171E-03    0.7189158E+01    0.8756372E+00   -0.1537875E+01   -0.1639986E+00   -0.2514082E-01   -0.8840426E+00   -0.9099855E-02   -0.1326154E-01   -0.1571759E-02   -0.8388295E-06    0.7531953E-04    0.2120282E-01    0.4284540E+00   -0.1001516E-01    0.8613402E-01    0.2895612E+00    0.2304804E+01    0.5264759E-01    0.5842735E+00   -0.8333371E-01   -0.9953827E-01   -0.4319311E-02    0.3530552E-02   -0.2409523E-03   -0.3856947E-03    0.2128237E-02   -0.3118967E-03    0.1971748E-02    0.6372934E-03    0.6175739E-03    0.2405772E-02
    0.3709329E-04   -0.1767125E-03    0.3075653E-04    0.1952118E-03    0.1079706E-01    0.6853760E-03   -0.7719781E-05    0.2784232E-03   -0.1050207E+01   -0.4033612E+00    0.5199588E+00   -0.1181625E+00   -0.1023881E+01   -0.1967636E+00   -0.3786803E-02    0.2988723E-02   -0.1362585E-01   -0.3092971E-05    0.1284006E-04    0.4506689E-01    0.3087649E+00   -0.1941009E-01    0.1650787E+00    0.6953331E+00    0.5264759E-01    0.2719282E+00    0.6577659E+00   -0.1603230E-02    0.3638509E-02   -0.1198290E-03    0.6118085E-03    0.9628750E-03    0.2085903E-03    0.2536952E-03    0.2710781E-03    0.2528589E-04    0.4462061E-03    0.4537647E-03    0.2792989E-03
    0.1120557E-03   -0.6413001E-03    0.1364443E-03    0.5808222E-03    0.2859400E-01    0.1637377E-02   -0.7792447E-03   -0.6029029E-03   -0.1855743E+01   -0.1874056E+00    0.1245013E+02   -0.3605292E+00   -0.1263697E+02   -0.1741443E+01   -0.1222052E+00   -0.4196242E-02   -0.2245977E+00    0.2247947E-05    0.3523678E-03    0.1993856E+00    0.2284249E+01   -0.2091924E+00    0.7100478E+00    0.1084716E+02    0.5842735E+00    0.6577659E+00    0.2124809E+02   -0.2864433E-01   -0.1103758E+00   -0.2914492E-01    0.7223525E-02   -0.1709777E-01    0.1653666E-02    0.4956513E-02    0.1954082E-02    0.2296466E-02   -0.1739858E-02    0.5008407E-02    0.3038381E-01
   -0.2078700E-06    0.2699321E-06   -0.6540466E-06   -0.9612695E-07   -0.1558934E-03   -0.6315861E-05    0.6314708E-06    0.2703761E-04   -0.1239754E+00   -0.6364441E-02   -0.2147560E-01    0.4633212E-01    0.6979051E-01    0.4355058E-01    0.1994943E-03    0.3825006E-04    0.2167170E-03    0.8967863E-08   -0.1175714E-05    0.2518287E-02   -0.5492397E-01    0.9818762E-03    0.4158484E-02   -0.2898592E-01   -0.8333371E-01   -0.1603230E-02   -0.2864433E-01    0.7405101E-02    0.6657906E-02   -0.2081086E-03   -0.1153734E-03    0.3362778E-03    0.2122423E-04   -0.4895284E-04    0.1440536E-04   -0.3271002E-04   -0.7647554E-04    0.1575252E-04    0.3801418E-04
   -0.9485571E-06    0.3940420E-05   -0.1816037E-05   -0.3923388E-05   -0.4868218E-03   -0.1606524E-04   -0.2069360E-05    0.9528892E-04   -0.4259390E+00   -0.6399924E-01   -0.5584188E-01    0.4321693E-01    0.9880366E-01    0.7474391E-01    0.1547026E-02    0.1447606E-02    0.1066338E-02    0.1519255E-06   -0.3783760E-05    0.5060242E-02   -0.4645605E-01    0.2268177E-02    0.5186203E-02   -0.8060337E-01   -0.9953827E-01    0.3638509E-02   -0.1103758E+00    0.6657906E-02    0.1237694E-01    0.3818674E-03   -0.9661555E-04    0.2401240E-03    0.3532658E-04   -0.1233421E-03    0.3372630E-04   -0.9525529E-04    0.7219779E-04    0.5736135E-04   -0.1733611E-03
   -0.2932312E-06    0.1359322E-05   -0.2529621E-06   -0.4717978E-05   -0.9487675E-04   -0.4242704E-05   -0.7100434E-05    0.2935211E-05   -0.5740681E-01   -0.2503512E-01    0.3119222E-03   -0.4836895E-02   -0.8016467E-02   -0.1939744E-02    0.4842332E-03   -0.4979405E-03    0.3227659E-03   -0.2040217E-07   -0.1319167E-05    0.1036269E-02    0.1763702E-01    0.2252399E-03   -0.4872117E-02   -0.1564392E-01   -0.4319311E-02   -0.1198290E-03   -0.2914492E-01   -0.2081086E-03    0.3818674E-03    0.5532336E-03    0.2255655E-04    0.1256993E-03    0.9552439E-06   -0.2584334E-04    0.4790487E-05   -0.2156905E-04    0.5413100E-04    0.1149847E-04   -0.8455908E-04
   -0.6147084E-06    0.4703702E-05   -0.2907410E-06   -0.2585107E-05   -0.3037962E-03   -0.1309185E-04    0.8726903E-05   -0.2392244E-04    0.7666249E-01    0.4229665E-01    0.3110494E-01   -0.1515297E-02   -0.9377545E-02   -0.1557916E-02    0.9790684E-04   -0.1315859E-04   -0.1635439E-03   -0.9735469E-06   -0.7312131E-06   -0.2571814E-03   -0.4091598E-02    0.1778957E-03   -0.1938502E-02    0.1948827E-01    0.3530552E-02    0.6118085E-03    0.7223525E-02   -0.1153734E-03   -0.9661555E-04    0.2255655E-04    0.3545450E-01    0.4002081E-03    0.1612375E-03    0.1294716E-03   -0.9746298E-05    0.7956359E-05    0.2979258E-04   -0.1866815E-04    0.1958425E-04
   -0.1662498E-05    0.9506295E-05   -0.8799512E-06    0.4916743E-05   -0.2153106E-03   -0.3101286E-04    0.3344007E-04    0.7430934E-04    0.8430884E-01    0.5495494E-01    0.5561074E-01    0.3075117E-03   -0.1192538E-01   -0.2806486E-02   -0.1278288E-03   -0.3021476E-03    0.1194806E-04   -0.2703104E-06   -0.1451566E-05    0.5031167E-03   -0.3778922E-02    0.3005061E-03   -0.1534400E-02    0.3956310E-02   -0.2409523E-03    0.9628750E-03   -0.1709777E-01    0.3362778E-03    0.2401240E-03    0.1256993E-03    0.4002081E-03    0.3994047E-01   -0.3575901E-04   -0.2398016E-04    0.1610971E-03    0.7462524E-04   -0.8246699E-04   -0.5307809E-04   -0.1272343E-03
    0.6209613E-06   -0.3290098E-05    0.5978378E-06    0.3116875E-05    0.1186903E-03    0.1410124E-04    0.1053246E-05    0.1272542E-04   -0.3061276E-01   -0.1589160E-01   -0.9362646E-02    0.2191026E-03    0.1736337E-03    0.7520632E-03   -0.5472718E-04    0.4287496E-05    0.1896378E-04    0.3111578E-07    0.3847461E-06    0.2160718E-05   -0.2170155E-03    0.9625979E-04    0.6845550E-03    0.1710742E-02   -0.3856947E-03    0.2085903E-03    0.1653666E-02    0.2122423E-04    0.3532658E-04    0.9552439E-06    0.1612375E-03   -0.3575901E-04    0.5450619E-04    0.9780021E-05    0.1256847E-04    0.9034840E-05    0.1554155E-04    0.1279932E-04    0.1086239E-04
    0.7763902E-06   -0.4069530E-05    0.6171594E-06    0.6970646E-05    0.1615037E-03    0.1591368E-04    0.5636593E-05    0.1572190E-04   -0.5041581E-02   -0.1316703E-01   -0.3217333E-01   -0.4029708E-05    0.5653728E-02   -0.3488491E-02   -0.3096803E-04    0.1800816E-04    0.9848827E-06    0.6844200E-08    0.6876822E-06    0.2215407E-03    0.3008141E-02   -0.1993613E-03    0.1208322E-03    0.2331721E-01    0.2128237E-02    0.2536952E-03    0.4956513E-02   -0.4895284E-04   -0.1233421E-03   -0.2584334E-04    0.1294716E-03   -0.2398016E-04    0.9780021E-05    0.1838678E-03    0.1048989E-04    0.7150954E-04    0.3915013E-05    0.1290342E-04    0.3299387E-04
    0.6039885E-06   -0.3272842E-05    0.6012111E-06    0.4477603E-05    0.1256519E-03    0.1454035E-04    0.3545517E-05    0.1454609E-04   -0.3097664E-01   -0.1560890E-01   -0.8506011E-02    0.1450517E-03   -0.5886669E-03    0.5447243E-03   -0.6453226E-04   -0.6092315E-06    0.1066983E-04    0.1766088E-07    0.4436317E-06    0.5608365E-05    0.1125234E-03    0.1051995E-03    0.7955878E-03    0.2087139E-02   -0.3118967E-03    0.2710781E-03    0.1954082E-02    0.1440536E-04    0.3372630E-04    0.4790487E-05   -0.9746298E-05    0.1610971E-03    0.1256847E-04    0.1048989E-04    0.5287573E-04    0.9706695E-05    0.1244687E-04    0.1317558E-04    0.9288122E-05
    0.7377716E-06   -0.3974678E-05    0.7158510E-06    0.6866614E-05    0.1514142E-03    0.1539989E-04    0.5656206E-05    0.1135683E-04   -0.1045853E-02   -0.1146540E-01   -0.3574078E-01    0.1823335E-03    0.8855174E-02   -0.3160563E-02    0.2104933E-04    0.1201439E-04    0.3928464E-04   -0.8608345E-08    0.9823354E-06    0.1893054E-03    0.2581112E-02   -0.1294776E-03    0.5709461E-04    0.1475758E-01    0.1971748E-02    0.2528589E-04    0.2296466E-02   -0.3271002E-04   -0.9525529E-04   -0.2156905E-04    0.7956359E-05    0.7462524E-04    0.9034840E-05    0.7150954E-04    0.9706695E-05    0.1119232E-03    0.2925829E-05    0.1250411E-04    0.3314162E-04
    0.1169845E-05   -0.6581415E-05    0.1230001E-05    0.7266360E-05    0.2869435E-03    0.2622964E-04    0.2523222E-05    0.1495671E-04   -0.7302197E-01   -0.3387174E-01   -0.1426242E-01   -0.5653507E-03    0.1985622E-02    0.4228591E-02   -0.3510068E-06    0.5427045E-04    0.1142417E-03    0.6010988E-07    0.6853850E-07   -0.2615692E-03   -0.1434333E-02    0.1797753E-03   -0.5796200E-03   -0.1892989E-02    0.6372934E-03    0.4462061E-03   -0.1739858E-02   -0.7647554E-04    0.7219779E-04    0.5413100E-04    0.2979258E-04   -0.8246699E-04    0.1554155E-04    0.3915013E-05    0.1244687E-04    0.2925829E-05    0.4018972E-03    0.3831809E-04    0.7290745E-05
    0.1189058E-05   -0.6687922E-05    0.1093751E-05    0.6468902E-05    0.2898781E-03    0.2555071E-04   -0.2434089E-06    0.2022319E-04   -0.3987328E-01   -0.2408423E-01   -0.1651623E-01    0.5442105E-03   -0.9331005E-04    0.6025032E-03   -0.8758856E-04    0.5825406E-06    0.1145114E-04    0.7227024E-07    0.4226693E-06    0.9640509E-04    0.2141729E-03   -0.9507976E-05    0.1776619E-03    0.2626620E-02    0.6175739E-03    0.4537647E-03    0.5008407E-02    0.1575252E-04    0.5736135E-04    0.1149847E-04   -0.1866815E-04   -0.5307809E-04    0.1279932E-04    0.1290342E-04    0.1317558E-04    0.1250411E-04    0.3831809E-04    0.9907166E-04    0.3079655E-04
    0.9699923E-06   -0.4664418E-05    0.9161767E-06    0.4189211E-05    0.2173432E-03    0.1823149E-04   -0.1432377E-05    0.3459576E-06   -0.1552212E-01   -0.1308335E-01   -0.6139447E-01    0.1503507E-02    0.2059793E-01   -0.3213531E-02    0.1605654E-03    0.4214274E-04    0.1410937E-03    0.1185175E-06    0.1098599E-05    0.4902391E-03    0.2818886E-02   -0.2681401E-03    0.1477184E-02   -0.7206033E-02    0.2405772E-02    0.2792989E-03    0.3038381E-01    0.3801418E-04   -0.1733611E-03   -0.8455908E-04    0.1958425E-04   -0.1272343E-03    0.1086239E-04    0.3299387E-04    0.9288122E-05    0.3314162E-04    0.7290745E-05    0.3079655E-04    0.5445775E-03
