# omegabh2 omegach2 theta tau w ns logA aps100 aps143 aps217 acib143 acib217 asz143 psr cibr ncib cal0 cal2 xi aksz bm_1_1 a_ps_act_148 a_ps_act_217 a_ps_spt_95 a_ps_spt_150 a_ps_spt_220 r_ps_spt_95x150 r_ps_spt_95x220 r_ps_150x220 act_dust_s act_dust_e cal_acts_148 cal_acts_217 cal_acte_148 cal_acte_217 cal_spt_95 cal_spt_150 cal_spt_220
    0.73525E-07   -0.37840E-06    0.75419E-07    0.10085E-05    0.54990E-06    0.10196E-05    0.12552E-05   -0.53383E-03   -0.75727E-03   -0.67692E-03    0.34458E-05    0.78226E-04    0.16702E-04   -0.14081E-05   -0.13186E-06    0.14587E-05    0.16468E-08   -0.13954E-08   -0.29843E-05   -0.44746E-04   -0.10658E-04    0.10254E-04    0.51371E-04    0.20803E-04    0.20765E-04    0.65929E-04   -0.14613E-06   -0.33295E-06   -0.92463E-07   -0.53673E-06   -0.38347E-06    0.38447E-06    0.44568E-06    0.39707E-06    0.43174E-06    0.76215E-06    0.72236E-06    0.54369E-06
   -0.37840E-06    0.66579E-05   -0.68780E-06   -0.11764E-04   -0.54355E-04   -0.14588E-04   -0.75034E-05    0.77421E-02    0.27524E-02    0.26529E-02    0.13129E-04   -0.11214E-03   -0.25112E-04    0.43012E-05    0.17868E-06   -0.34325E-06   -0.22940E-07    0.82802E-07    0.30033E-05   -0.10324E-04    0.15736E-03   -0.23456E-04   -0.41102E-03   -0.60436E-04   -0.73611E-04   -0.39760E-03    0.27815E-05    0.20270E-05   -0.43446E-06    0.10802E-05    0.16912E-05   -0.14524E-05   -0.21166E-05   -0.14556E-05   -0.21593E-05   -0.30020E-05   -0.29972E-05   -0.19199E-05
    0.75419E-07   -0.68780E-06    0.38827E-06    0.16078E-05    0.48610E-05    0.19865E-05    0.19218E-05   -0.70825E-03   -0.39618E-03   -0.43709E-03   -0.43998E-06    0.36481E-04   -0.45789E-06   -0.41374E-06   -0.37952E-06    0.55581E-06    0.35751E-08   -0.39797E-08    0.35412E-06    0.18559E-05   -0.14700E-04    0.44360E-05    0.41394E-04    0.17749E-04    0.11184E-04    0.45157E-04   -0.55323E-06   -0.26617E-06    0.15320E-06    0.30197E-06    0.71487E-06    0.25627E-06    0.34243E-06    0.18600E-06    0.31336E-06    0.41014E-06    0.42464E-06    0.34528E-06
    0.10085E-05   -0.11764E-04    0.16078E-05    0.17646E-03    0.18527E-03    0.37288E-04    0.32209E-03   -0.35442E-01   -0.17557E-01   -0.15375E-01    0.12987E-03    0.23625E-02    0.63338E-03   -0.29930E-04   -0.65115E-05    0.41985E-04   -0.61992E-07   -0.18482E-06   -0.11006E-03   -0.19680E-02   -0.46095E-03    0.33893E-03    0.89547E-03    0.53154E-03    0.48768E-03    0.81111E-03   -0.75618E-05   -0.19468E-04   -0.39568E-05   -0.10944E-04   -0.14212E-04    0.85354E-05    0.92099E-05    0.84370E-05    0.96645E-05    0.14074E-04    0.16512E-04    0.98636E-05
    0.54990E-06   -0.54355E-04    0.48610E-05    0.18527E-03    0.92694E-01    0.14450E-03    0.20926E-03    0.18220E+00    0.31939E-01   -0.86280E-03    0.15276E-02   -0.52328E-02   -0.25138E-02    0.21665E-03   -0.71568E-05   -0.23869E-03   -0.28077E-06   -0.86350E-06    0.12727E-02    0.14168E-01   -0.54228E-03    0.39936E-03   -0.22397E-02   -0.45364E-02   -0.11347E-02    0.56931E-02    0.17413E-03    0.31078E-03    0.35531E-04    0.15559E-03   -0.30079E-03   -0.46799E-05    0.84854E-05    0.36249E-06   -0.21100E-04   -0.76384E-04   -0.34791E-04    0.67021E-05
    0.10196E-05   -0.14588E-04    0.19865E-05    0.37288E-04    0.14450E-03    0.47842E-04    0.37085E-04   -0.43877E-01   -0.19685E-01   -0.15196E-01    0.61873E-04    0.21683E-02    0.73139E-03   -0.33963E-04   -0.54325E-05    0.42252E-04   -0.10274E-07    0.30185E-06   -0.14451E-03   -0.13692E-02   -0.27943E-03    0.13815E-03    0.99361E-03    0.29271E-03    0.29195E-03    0.66431E-03   -0.88597E-05   -0.12886E-04   -0.98900E-06   -0.18026E-05   -0.74255E-05    0.90096E-05    0.97701E-05    0.89566E-05    0.94300E-05    0.15637E-04    0.14660E-04    0.96310E-05
    0.12552E-05   -0.75034E-05    0.19218E-05    0.32209E-03    0.20926E-03    0.37085E-04    0.62825E-03   -0.54976E-01   -0.32395E-01   -0.26486E-01    0.26330E-03    0.52010E-02    0.14251E-02   -0.55450E-04   -0.16240E-04    0.10406E-03   -0.13529E-06    0.53616E-06   -0.26735E-03   -0.44134E-02    0.28752E-05    0.61855E-03    0.53965E-03    0.10098E-02    0.80585E-03    0.30530E-03   -0.15857E-04   -0.42636E-04   -0.81379E-05   -0.18648E-04   -0.20897E-04    0.15820E-04    0.14525E-04    0.15385E-04    0.15174E-04    0.23692E-04    0.27693E-04    0.15768E-04
   -0.53383E-03    0.77421E-02   -0.70825E-03   -0.35442E-01    0.18220E+00   -0.43877E-01   -0.54976E-01    0.27960E+04    0.77662E+02    0.11269E+02   -0.10884E+00    0.52858E+01   -0.11162E+02   -0.75186E-01   -0.74751E-01    0.15260E+00    0.86808E-03   -0.46481E-02    0.88959E+00    0.76601E+01    0.19259E+02    0.35791E+00   -0.69085E+01    0.58339E+01   -0.82375E+00   -0.13407E+01   -0.73617E-01   -0.40595E+00   -0.75186E-01   -0.74314E-01   -0.96672E-01   -0.21175E-01   -0.11532E-02   -0.21632E-01    0.70408E-02   -0.57203E-01   -0.29392E-01    0.20113E-01
   -0.75727E-03    0.27524E-02   -0.39618E-03   -0.17557E-01    0.31939E-01   -0.19685E-01   -0.32395E-01    0.77662E+02    0.66194E+02    0.18218E+02    0.77669E-01   -0.10585E+01   -0.21006E+01    0.34677E-01    0.11840E-01   -0.46749E-01    0.40874E-04   -0.82141E-03    0.17704E+00    0.68230E+00   -0.94289E-01    0.26000E+00   -0.82132E+00    0.10451E+01   -0.20065E+00   -0.62302E+00    0.49471E-03   -0.59184E-01   -0.29613E-01    0.10928E-01    0.30267E-01   -0.13171E-01   -0.83110E-02   -0.13383E-01   -0.75887E-02   -0.27048E-01   -0.19515E-01   -0.95281E-02
   -0.67692E-03    0.26529E-02   -0.43709E-03   -0.15375E-01   -0.86280E-03   -0.15196E-01   -0.26486E-01    0.11269E+02    0.18218E+02    0.95884E+02   -0.10257E+01   -0.36265E+02    0.77381E+00   -0.35754E+00   -0.21912E-01   -0.42306E+00    0.18523E-04   -0.10053E-03   -0.10503E-02    0.31119E+00   -0.61217E-01    0.31082E+00    0.21120E+02   -0.11099E+01    0.71156E+00    0.11966E+02   -0.33450E-01   -0.77143E-01   -0.29546E-02    0.21936E-01    0.61739E-01   -0.75011E-02   -0.27374E-01   -0.69218E-02   -0.30638E-01   -0.10139E-01   -0.12232E-01   -0.58732E-01
    0.34458E-05    0.13129E-04   -0.43998E-06    0.12987E-03    0.15276E-02    0.61873E-04    0.26330E-03   -0.10884E+00    0.77669E-01   -0.10257E+01    0.68612E+00    0.13306E+01    0.55670E+00    0.97471E-03   -0.19899E-02    0.22945E-02   -0.17397E-05    0.24892E-04    0.14425E-02   -0.95179E+00    0.81368E-02    0.18578E-02   -0.32481E+00   -0.14849E+00   -0.85921E-01   -0.23402E+00    0.47475E-01    0.45332E-01   -0.54440E-02   -0.23335E-02    0.13191E-03    0.15222E-03    0.23286E-03    0.15087E-03    0.28193E-03   -0.56880E-03    0.49523E-03    0.19060E-02
    0.78226E-04   -0.11214E-03    0.36481E-04    0.23625E-02   -0.52328E-02    0.21683E-02    0.52010E-02    0.52858E+01   -0.10585E+01   -0.36265E+02    0.13306E+01    0.25177E+02    0.19838E+01    0.20716E+00    0.19771E-01    0.33482E+00   -0.13601E-04   -0.29734E-05   -0.37247E+00   -0.44409E+01    0.20760E+00   -0.60517E+00   -0.16223E+02    0.75490E-01   -0.10315E+01   -0.11825E+02    0.58600E-01    0.77033E-01   -0.89589E-02   -0.77998E-02   -0.13642E-01   -0.20010E-03    0.51839E-02   -0.86618E-03    0.78708E-02    0.98200E-03   -0.17067E-02    0.21195E-01
    0.16702E-04   -0.25112E-04   -0.45789E-06    0.63338E-03   -0.25138E-02    0.73139E-03    0.14251E-02   -0.11162E+02   -0.21006E+01    0.77381E+00    0.55670E+00    0.19838E+01    0.19950E+01    0.16740E-01    0.17814E-01    0.19513E-01   -0.84894E-05   -0.46190E-04   -0.19626E+00   -0.24511E+01    0.51085E-01   -0.15421E+00   -0.95183E+00   -0.74739E+00   -0.17669E+00   -0.14831E+01    0.40283E-01    0.65411E-01   -0.25664E-02   -0.68402E-03    0.21729E-02    0.65503E-03   -0.29129E-02    0.48524E-03   -0.28136E-02    0.38119E-02    0.27285E-03   -0.24404E-02
   -0.14081E-05    0.43012E-05   -0.41374E-06   -0.29930E-04    0.21665E-03   -0.33963E-04   -0.55450E-04   -0.75186E-01    0.34677E-01   -0.35754E+00    0.97471E-03    0.20716E+00    0.16740E-01    0.50442E-02   -0.11551E-03    0.20105E-02   -0.16575E-07    0.33972E-06   -0.96832E-03   -0.15204E-01   -0.28105E-03   -0.89648E-03   -0.14941E+00   -0.79431E-02   -0.28956E-02   -0.10151E+00    0.25130E-03    0.14987E-02    0.42762E-03    0.31509E-04    0.16669E-04   -0.24858E-04   -0.17556E-04   -0.35627E-04    0.24285E-04    0.33864E-04   -0.44372E-04    0.17741E-03
   -0.13186E-06    0.17868E-06   -0.37952E-06   -0.65115E-05   -0.71568E-05   -0.54325E-05   -0.16240E-04   -0.74751E-01    0.11840E-01   -0.21912E-01   -0.19899E-02    0.19771E-01    0.17814E-01   -0.11551E-03    0.22994E-02   -0.11212E-03   -0.20857E-06    0.41261E-06   -0.20351E-03   -0.11074E-01    0.17770E-03    0.58595E-02    0.23297E-02   -0.10636E-01    0.35032E-02    0.25606E-02    0.15187E-03    0.13851E-02   -0.43298E-03   -0.34901E-04   -0.16557E-03    0.46592E-05    0.28116E-04    0.19531E-05    0.25053E-04    0.53675E-04    0.26967E-05    0.64759E-04
    0.14587E-05   -0.34325E-06    0.55581E-06    0.41985E-04   -0.23869E-03    0.42252E-04    0.10406E-03    0.15260E+00   -0.46749E-01   -0.42306E+00    0.22945E-02    0.33482E+00    0.19513E-01    0.20105E-02   -0.11212E-03    0.67089E-02   -0.12589E-06   -0.55517E-05   -0.48775E-02   -0.34588E-01    0.65725E-02   -0.11439E-01   -0.27026E+00    0.63105E-04   -0.14240E-01   -0.21633E+00   -0.10887E-03    0.63840E-03    0.32485E-03   -0.48601E-04   -0.38341E-04    0.80668E-05   -0.11492E-05   -0.50205E-06    0.39388E-04    0.81100E-04   -0.23324E-04    0.15038E-03
    0.16468E-08   -0.22940E-07    0.35751E-08   -0.61992E-07   -0.28077E-06   -0.10274E-07   -0.13529E-06    0.86808E-03    0.40874E-04    0.18523E-04   -0.17397E-05   -0.13601E-04   -0.84894E-05   -0.16575E-07   -0.20857E-06   -0.12589E-06    0.15854E-06    0.25175E-08    0.13560E-05    0.98009E-05   -0.19185E-04    0.18406E-05    0.55679E-05    0.38671E-05    0.15722E-05    0.52888E-05   -0.15610E-06   -0.88970E-07    0.51602E-08   -0.39377E-06   -0.17073E-07   -0.90714E-08   -0.92062E-08   -0.19279E-07   -0.92103E-08    0.27222E-07    0.55666E-08   -0.79135E-07
   -0.13954E-08    0.82802E-07   -0.39797E-08   -0.18482E-06   -0.86350E-06    0.30185E-06    0.53616E-06   -0.46481E-02   -0.82141E-03   -0.10053E-03    0.24892E-04   -0.29734E-05   -0.46190E-04    0.33972E-06    0.41261E-06   -0.55517E-05    0.25175E-08    0.18005E-05    0.54577E-05    0.28355E-04    0.10213E-03    0.32599E-04    0.27122E-03    0.35478E-04    0.30404E-04    0.32785E-03    0.11770E-05   -0.55150E-06   -0.10200E-05    0.26375E-08   -0.26857E-05    0.52974E-06    0.95225E-06    0.54108E-06    0.93250E-06    0.51637E-06    0.81280E-06    0.11873E-05
   -0.29843E-05    0.30033E-05    0.35412E-06   -0.11006E-03    0.12727E-02   -0.14451E-03   -0.26735E-03    0.88959E+00    0.17704E+00   -0.10503E-02    0.14425E-02   -0.37247E+00   -0.19626E+00   -0.96832E-03   -0.20351E-03   -0.48775E-02    0.13560E-05    0.54577E-05    0.62782E-01    0.37975E+00   -0.62781E-02    0.63841E-01    0.16780E+00    0.13127E-01    0.59176E-01    0.24619E+00    0.40167E-02    0.82701E-02    0.11657E-02   -0.17175E-03   -0.20762E-03    0.10982E-04    0.27771E-03    0.30722E-04    0.27344E-03   -0.25146E-03    0.22805E-03    0.56772E-03
   -0.44746E-04   -0.10324E-04    0.18559E-05   -0.19680E-02    0.14168E-01   -0.13692E-02   -0.44134E-02    0.76601E+01    0.68230E+00    0.31119E+00   -0.95179E+00   -0.44409E+01   -0.24511E+01   -0.15204E-01   -0.11074E-01   -0.34588E-01    0.98009E-05    0.28355E-04    0.37975E+00    0.47527E+01   -0.55579E-01    0.18731E+00    0.16105E+01    0.30054E+00    0.36056E+00    0.22701E+01   -0.46271E-01   -0.26217E-01    0.19749E-01   -0.27464E-02   -0.94295E-02    0.32089E-03    0.31740E-02    0.61666E-03    0.30610E-02   -0.52817E-03    0.17947E-02    0.30447E-02
   -0.10658E-04    0.15736E-03   -0.14700E-04   -0.46095E-03   -0.54228E-03   -0.27943E-03    0.28752E-05    0.19259E+02   -0.94289E-01   -0.61217E-01    0.81368E-02    0.20760E+00    0.51085E-01   -0.28105E-03    0.17770E-03    0.65725E-02   -0.19185E-04    0.10213E-03   -0.62781E-02   -0.55579E-01    0.30735E+00   -0.81954E-02   -0.17044E+00   -0.15138E-01   -0.12235E-01   -0.17482E+00    0.64743E-03    0.16593E-02    0.33105E-03   -0.15198E-03   -0.77074E-03    0.23533E-03   -0.22678E-05    0.22498E-03    0.46754E-04    0.37885E-03    0.15592E-03    0.97956E-04
    0.10254E-04   -0.23456E-04    0.44360E-05    0.33893E-03    0.39936E-03    0.13815E-03    0.61855E-03    0.35791E+00    0.26000E+00    0.31082E+00    0.18578E-02   -0.60517E+00   -0.15421E+00   -0.89648E-03    0.58595E-02   -0.11439E-01    0.18406E-05    0.32599E-04    0.63841E-01    0.18731E+00   -0.81954E-02    0.34962E+00    0.36584E+00    0.60951E-01    0.16312E+00    0.67331E+00    0.75051E-02    0.11137E-01   -0.45402E-02   -0.19292E-02   -0.27864E-02    0.58141E-03    0.30463E-04    0.71549E-03    0.65281E-04   -0.47265E-03    0.11374E-03    0.14049E-02
    0.51371E-04   -0.41102E-03    0.41394E-04    0.89547E-03   -0.22397E-02    0.99361E-03    0.53965E-03   -0.69085E+01   -0.82132E+00    0.21120E+02   -0.32481E+00   -0.16223E+02   -0.95183E+00   -0.14941E+00    0.23297E-02   -0.27026E+00    0.55679E-05    0.27122E-03    0.16780E+00    0.16105E+01   -0.17044E+00    0.36584E+00    0.20628E+02    0.95277E-01    0.63753E+00    0.97206E+01   -0.14551E-01   -0.60238E-01   -0.16000E-01    0.95262E-02    0.17954E-01    0.14231E-02    0.22366E-01    0.18377E-02    0.14006E-01   -0.68589E-03    0.29334E-02   -0.85438E-02
    0.20803E-04   -0.60436E-04    0.17749E-04    0.53154E-03   -0.45364E-02    0.29271E-03    0.10098E-02    0.58339E+01    0.10451E+01   -0.11099E+01   -0.14849E+00    0.75490E-01   -0.74739E+00   -0.79431E-02   -0.10636E-01    0.63105E-04    0.38671E-05    0.35478E-04    0.13127E-01    0.30054E+00   -0.15138E-01    0.60951E-01    0.95277E-01    0.21700E+01    0.16846E-01    0.36527E+00   -0.82965E-01   -0.99579E-01   -0.47109E-02    0.22668E-02   -0.23116E-02   -0.38481E-03    0.13783E-02   -0.39924E-03    0.13104E-02    0.57594E-03    0.11167E-03    0.14845E-02
    0.20765E-04   -0.73611E-04    0.11184E-04    0.48768E-03   -0.11347E-02    0.29195E-03    0.80585E-03   -0.82375E+00   -0.20065E+00    0.71156E+00   -0.85921E-01   -0.10315E+01   -0.17669E+00   -0.28956E-02    0.35032E-02   -0.14240E-01    0.15722E-05    0.30404E-04    0.59176E-01    0.36056E+00   -0.12235E-01    0.16312E+00    0.63753E+00    0.16846E-01    0.26395E+00    0.59182E+00    0.16322E-02    0.96208E-02    0.43458E-03    0.79231E-03    0.16267E-02    0.17365E-03    0.17899E-04    0.14324E-03   -0.60136E-05    0.34595E-03    0.28669E-03    0.16927E-04
    0.65929E-04   -0.39760E-03    0.45157E-04    0.81111E-03    0.56931E-02    0.66431E-03    0.30530E-03   -0.13407E+01   -0.62302E+00    0.11966E+02   -0.23402E+00   -0.11825E+02   -0.14831E+01   -0.10151E+00    0.25606E-02   -0.21633E+00    0.52888E-05    0.32785E-03    0.24619E+00    0.22701E+01   -0.17482E+00    0.67331E+00    0.97206E+01    0.36527E+00    0.59182E+00    0.20230E+02   -0.14039E-01   -0.85736E-01   -0.27215E-01   -0.15006E-01   -0.11229E-01    0.14317E-02    0.33513E-02    0.19247E-02    0.16276E-02   -0.12038E-02    0.51816E-02    0.30045E-01
   -0.14613E-06    0.27815E-05   -0.55323E-06   -0.75618E-05    0.17413E-03   -0.88597E-05   -0.15857E-04   -0.73617E-01    0.49471E-03   -0.33450E-01    0.47475E-01    0.58600E-01    0.40283E-01    0.25130E-03    0.15187E-03   -0.10887E-03   -0.15610E-06    0.11770E-05    0.40167E-02   -0.46271E-01    0.64743E-03    0.75051E-02   -0.14551E-01   -0.82965E-01    0.16322E-02   -0.14039E-01    0.78806E-02    0.73663E-02   -0.23796E-03   -0.13180E-03    0.27682E-03    0.15120E-04   -0.18612E-04    0.16993E-04   -0.99429E-05   -0.75255E-04    0.28036E-04    0.10009E-03
   -0.33295E-06    0.20270E-05   -0.26617E-06   -0.19468E-04    0.31078E-03   -0.12886E-04   -0.42636E-04   -0.40595E+00   -0.59184E-01   -0.77143E-01    0.45332E-01    0.77033E-01    0.65411E-01    0.14987E-02    0.13851E-02    0.63840E-03   -0.88970E-07   -0.55150E-06    0.82701E-02   -0.26217E-01    0.16593E-02    0.11137E-01   -0.60238E-01   -0.99579E-01    0.96208E-02   -0.85736E-01    0.73663E-02    0.13636E-01    0.45090E-03   -0.12218E-03    0.22568E-03    0.36846E-04   -0.67372E-04    0.38032E-04   -0.44857E-04    0.69627E-04    0.85516E-04   -0.84018E-04
   -0.92463E-07   -0.43446E-06    0.15320E-06   -0.39568E-05    0.35531E-04   -0.98900E-06   -0.81379E-05   -0.75186E-01   -0.29613E-01   -0.29546E-02   -0.54440E-02   -0.89589E-02   -0.25664E-02    0.42762E-03   -0.43298E-03    0.32485E-03    0.51602E-08   -0.10200E-05    0.11657E-02    0.19749E-01    0.33105E-03   -0.45402E-02   -0.16000E-01   -0.47109E-02    0.43458E-03   -0.27215E-01   -0.23796E-03    0.45090E-03    0.55574E-03    0.55831E-04    0.92629E-04    0.38623E-05   -0.23614E-04    0.68299E-05   -0.18535E-04    0.49591E-04    0.18031E-04   -0.82269E-04
   -0.53673E-06    0.10802E-05    0.30197E-06   -0.10944E-04    0.15559E-03   -0.18026E-05   -0.18648E-04   -0.74314E-01    0.10928E-01    0.21936E-01   -0.23335E-02   -0.77998E-02   -0.68402E-03    0.31509E-04   -0.34901E-04   -0.48601E-04   -0.39377E-06    0.26375E-08   -0.17175E-03   -0.27464E-02   -0.15198E-03   -0.19292E-02    0.95262E-02    0.22668E-02    0.79231E-03   -0.15006E-01   -0.13180E-03   -0.12218E-03    0.55831E-04    0.35824E-01    0.35260E-03    0.13593E-03    0.90934E-04   -0.18830E-04   -0.75807E-05   -0.75074E-05   -0.18052E-04   -0.93698E-04
   -0.38347E-06    0.16912E-05    0.71487E-06   -0.14212E-04   -0.30079E-03   -0.74255E-05   -0.20897E-04   -0.96672E-01    0.30267E-01    0.61739E-01    0.13191E-03   -0.13642E-01    0.21729E-02    0.16669E-04   -0.16557E-03   -0.38341E-04   -0.17073E-07   -0.26857E-05   -0.20762E-03   -0.94295E-02   -0.77074E-03   -0.27864E-02    0.17954E-01   -0.23116E-02    0.16267E-02   -0.11229E-01    0.27682E-03    0.22568E-03    0.92629E-04    0.35260E-03    0.38795E-01   -0.30270E-04   -0.13443E-04    0.14623E-03    0.84452E-04   -0.11427E-04   -0.24970E-04   -0.60113E-04
    0.38447E-06   -0.14524E-05    0.25627E-06    0.85354E-05   -0.46799E-05    0.90096E-05    0.15820E-04   -0.21175E-01   -0.13171E-01   -0.75011E-02    0.15222E-03   -0.20010E-03    0.65503E-03   -0.24858E-04    0.46592E-05    0.80668E-05   -0.90714E-08    0.52974E-06    0.10982E-04    0.32089E-03    0.23533E-03    0.58141E-03    0.14231E-02   -0.38481E-03    0.17365E-03    0.14317E-02    0.15120E-04    0.36846E-04    0.38623E-05    0.13593E-03   -0.30270E-04    0.53000E-04    0.77430E-05    0.11425E-04    0.68016E-05    0.11332E-04    0.10412E-04    0.97092E-05
    0.44568E-06   -0.21166E-05    0.34243E-06    0.92099E-05    0.84854E-05    0.97701E-05    0.14525E-04   -0.11532E-02   -0.83110E-02   -0.27374E-01    0.23286E-03    0.51839E-02   -0.29129E-02   -0.17556E-04    0.28116E-04   -0.11492E-05   -0.92062E-08    0.95225E-06    0.27771E-03    0.31740E-02   -0.22678E-05    0.30463E-04    0.22366E-01    0.13783E-02    0.17899E-04    0.33513E-02   -0.18612E-04   -0.67372E-04   -0.23614E-04    0.90934E-04   -0.13443E-04    0.77430E-05    0.17802E-03    0.89270E-05    0.65937E-04    0.24718E-05    0.11194E-04    0.29565E-04
    0.39707E-06   -0.14556E-05    0.18600E-06    0.84370E-05    0.36249E-06    0.89566E-05    0.15385E-04   -0.21632E-01   -0.13383E-01   -0.69218E-02    0.15087E-03   -0.86618E-03    0.48524E-03   -0.35627E-04    0.19531E-05   -0.50205E-06   -0.19279E-07    0.54108E-06    0.30722E-04    0.61666E-03    0.22498E-03    0.71549E-03    0.18377E-02   -0.39924E-03    0.14324E-03    0.19247E-02    0.16993E-04    0.38032E-04    0.68299E-05   -0.18830E-04    0.14623E-03    0.11425E-04    0.89270E-05    0.51833E-04    0.86681E-05    0.11853E-04    0.11305E-04    0.85816E-05
    0.43174E-06   -0.21593E-05    0.31336E-06    0.96645E-05   -0.21100E-04    0.94300E-05    0.15174E-04    0.70408E-02   -0.75887E-02   -0.30638E-01    0.28193E-03    0.78708E-02   -0.28136E-02    0.24285E-04    0.25053E-04    0.39388E-04   -0.92103E-08    0.93250E-06    0.27344E-03    0.30610E-02    0.46754E-04    0.65281E-04    0.14006E-01    0.13104E-02   -0.60136E-05    0.16276E-02   -0.99429E-05   -0.44857E-04   -0.18535E-04   -0.75807E-05    0.84452E-04    0.68016E-05    0.65937E-04    0.86681E-05    0.10544E-03    0.27811E-05    0.10701E-04    0.31232E-04
    0.76215E-06   -0.30020E-05    0.41014E-06    0.14074E-04   -0.76384E-04    0.15637E-04    0.23692E-04   -0.57203E-01   -0.27048E-01   -0.10139E-01   -0.56880E-03    0.98200E-03    0.38119E-02    0.33864E-04    0.53675E-04    0.81100E-04    0.27222E-07    0.51637E-06   -0.25146E-03   -0.52817E-03    0.37885E-03   -0.47265E-03   -0.68589E-03    0.57594E-03    0.34595E-03   -0.12038E-02   -0.75255E-04    0.69627E-04    0.49591E-04   -0.75074E-05   -0.11427E-04    0.11332E-04    0.24718E-05    0.11853E-04    0.27811E-05    0.38141E-03    0.31639E-04    0.49528E-05
    0.72236E-06   -0.29972E-05    0.42464E-06    0.16512E-04   -0.34791E-04    0.14660E-04    0.27693E-04   -0.29392E-01   -0.19515E-01   -0.12232E-01    0.49523E-03   -0.17067E-02    0.27285E-03   -0.44372E-04    0.26967E-05   -0.23324E-04    0.55666E-08    0.81280E-06    0.22805E-03    0.17947E-02    0.15592E-03    0.11374E-03    0.29334E-02    0.11167E-03    0.28669E-03    0.51816E-02    0.28036E-04    0.85516E-04    0.18031E-04   -0.18052E-04   -0.24970E-04    0.10412E-04    0.11194E-04    0.11305E-04    0.10701E-04    0.31639E-04    0.92784E-04    0.29707E-04
    0.54369E-06   -0.19199E-05    0.34528E-06    0.98636E-05    0.67021E-05    0.96310E-05    0.15768E-04    0.20113E-01   -0.95281E-02   -0.58732E-01    0.19060E-02    0.21195E-01   -0.24404E-02    0.17741E-03    0.64759E-04    0.15038E-03   -0.79135E-07    0.11873E-05    0.56772E-03    0.30447E-02    0.97956E-04    0.14049E-02   -0.85438E-02    0.14845E-02    0.16927E-04    0.30045E-01    0.10009E-03   -0.84018E-04   -0.82269E-04   -0.93698E-04   -0.60113E-04    0.97092E-05    0.29565E-04    0.85816E-05    0.31232E-04    0.49528E-05    0.29707E-04    0.53830E-03
