# omegabh2 omegach2 theta tau mnu nnu logA ns calPlanck aps100 aps143 aps217 acib217 asz143 psr cibr xi aksz dust100 dust143 dust217 dust143x217 cal0 cal2
  1.4296604E-07   6.2951529E-07  -1.3014443E-08   9.4820071E-07  -4.6359978E-05   8.4009109E-05   4.2826896E-06   4.8367314E-06   4.6936395E-08   3.6241655E-04   1.0785053E-04  -2.3707179E-04   1.4007444E-04  -2.0818624E-06  -1.2099454E-06   3.2918038E-06  -2.0662124E-06   4.2755629E-05   2.6251974E-06   1.7456368E-06   1.6062452E-07   1.2269101E-06   4.8493193E-09   1.2363399E-08
  6.2951529E-07   1.6383895E-05  -1.6206227E-06   1.8713026E-06  -4.9750807E-05   1.0132636E-03   4.8959769E-05   3.3958098E-05   1.5255159E-07   2.1871134E-02   1.3995860E-02  -3.6127700E-03   6.4974852E-03  -7.2186955E-04  -3.4427817E-05   1.1797689E-04  -4.4787726E-05   1.5718227E-03   1.7183738E-05   1.8898745E-05  -2.4082363E-05   1.7048170E-05  -2.4195516E-08   5.3865322E-07
 -1.3014443E-08  -1.6206227E-06   3.7441392E-07   8.6247564E-09  -2.9181914E-05  -9.1254758E-05  -4.0081334E-06  -2.2805553E-06  -1.5589918E-09  -2.5174171E-03  -1.6259517E-03   3.7228288E-04  -7.4425486E-04   8.6799057E-05   4.1376715E-06  -1.3331699E-05   4.2281534E-06  -1.8118642E-04  -2.0435865E-06  -2.3744303E-06   3.0631451E-06  -1.5571817E-06   1.8838760E-09  -6.2878151E-08
  9.4820071E-07   1.8713026E-06   8.6247564E-09   6.5889811E-05  -2.0813779E-04   5.5786982E-04   1.3993817E-04   3.9208271E-05  -9.5188337E-08  -1.8251045E-03  -1.6051914E-03  -1.5878647E-03   2.8114644E-04   8.4037864E-05  -3.7967128E-06   1.3518795E-05   3.9783549E-06  -7.8387322E-05   1.9463935E-05   8.1232866E-06  -1.3780579E-06   7.4197504E-08   2.5933577E-08   3.6447733E-09
 -4.6359978E-05  -4.9750807E-05  -2.9181914E-05  -2.0813779E-04   5.1788279E-02  -1.8979960E-02  -8.9679957E-04  -1.5314137E-03   7.0697878E-06   3.9252669E-01   2.3346847E-01  -2.4045286E-02   9.7909236E-02  -1.2473703E-02  -5.4593616E-04   2.1423213E-03  -2.2654701E-04   2.2897498E-02  -5.4294502E-04   5.0870621E-04  -5.4124494E-04  -3.6001819E-04  -4.1410180E-06   8.3380517E-06
  8.4009109E-05   1.0132636E-03  -9.1254758E-05   5.5786982E-04  -1.8979960E-02   8.9503039E-02   4.1599652E-03   4.0466853E-03   2.8730780E-05   1.6702316E+00   9.4265988E-01  -3.8423106E-01   4.9985736E-01  -5.2021234E-02  -3.2391371E-03   9.2205488E-03  -4.2820094E-03   1.2683527E-01   2.1612987E-03   2.3638746E-03  -1.7342334E-03   1.4478732E-03   2.1528325E-06   4.0117335E-05
  4.2826896E-06   4.8959769E-05  -4.0081334E-06   1.3993817E-04  -8.9679957E-04   4.1599652E-03   4.5469314E-04   1.9010554E-04   1.3116451E-05   6.0357006E-02   3.5901933E-02  -6.6419887E-03   1.7450384E-02  -1.6792509E-03  -7.9900434E-05   3.0172678E-04  -8.1647540E-05   3.1490926E-03   6.6870107E-05  -2.8342655E-05  -4.3835827E-05   4.3015272E-05   7.6686534E-07   1.4522767E-06
  4.8367314E-06   3.3958098E-05  -2.2805553E-06   3.9208271E-05  -1.5314137E-03   4.0466853E-03   1.9010554E-04   2.2500464E-04   1.6324584E-06   4.0978120E-02   2.5349632E-02  -9.2671608E-03   1.3346351E-02  -1.3994582E-03  -8.0295410E-05   2.5070962E-04  -1.3752810E-04   3.1080168E-03   1.3153718E-04   9.2464377E-05  -3.4188408E-05   5.2103119E-05  -1.4417906E-07   1.1636108E-06
  4.6936395E-08   1.5255159E-07  -1.5589918E-09  -9.5188337E-08   7.0697878E-06   2.8730780E-05   1.3116451E-05   1.6324584E-06   6.3389394E-06   3.7136099E-03   9.0680808E-04   9.7058800E-04   7.8232571E-04  -2.2688846E-05  -2.2124041E-06   2.7415395E-06  -1.6102211E-06   8.0415235E-06  -5.7351749E-06  -1.1675485E-06   6.5824327E-06   4.0612098E-06   3.9044012E-08  -1.0242866E-08
  3.6241655E-04   2.1871134E-02  -2.5174171E-03  -1.8251045E-03   3.9252669E-01   1.6702316E+00   6.0357006E-02   4.0978120E-02   3.7136099E-03   6.6517721E+02   8.7374023E+01  -6.5557773E+01   4.4119228E+01  -2.6806004E+01  -9.3082078E-01   1.2812018E-01  -2.7973499E-01   1.5123148E+01  -1.0731240E-01   3.9557210E-01  -2.8294471E-01  -1.4059482E-01   6.6643461E-03   4.0611323E-03
  1.0785053E-04   1.3995860E-02  -1.6259517E-03  -1.6051914E-03   2.3346847E-01   9.4265988E-01   3.5901933E-02   2.5349632E-02   9.0680808E-04   8.7374023E+01   8.3680302E+01   3.2281597E+00   1.5186820E+01  -1.3988944E+00  -7.8767588E-02   6.0609833E-01   8.1318726E-01  -6.1622688E+00  -1.8590841E-02  -2.0013841E-01   1.0421390E-02   6.2437266E-02   8.6808454E-04   1.3094996E-03
 -2.3707179E-04  -3.6127700E-03   3.7228288E-04  -1.5878647E-03  -2.4045286E-02  -3.8423106E-01  -6.6419887E-03  -9.2671608E-03   9.7058800E-04  -6.5557773E+01   3.2281597E+00   1.7453446E+02  -8.3983716E+01   2.6021324E+00   3.4883858E-01  -1.0896604E+00   3.4431794E-01  -7.8222122E+00  -6.4559751E-03  -2.8920459E-01   5.3891360E-01  -3.1049228E-02   1.6381314E-03  -7.8053934E-03
  1.4007444E-04   6.4974852E-03  -7.4425486E-04   2.8114644E-04   9.7909236E-02   4.9985736E-01   1.7450384E-02   1.3346351E-02   7.8232571E-04   4.4119228E+01   1.5186820E+01  -8.3983716E+01   5.4998132E+01   1.3736680E+00  -6.4538332E-02   7.9237336E-01  -2.8141124E-01  -1.8740127E+00   1.8526351E-03   1.7872333E-01  -4.5417693E-01  -9.6993769E-02  -5.1184502E-04   3.3806235E-03
 -2.0818624E-06  -7.2186955E-04   8.6799057E-05   8.4037864E-05  -1.2473703E-02  -5.2021234E-02  -1.6792509E-03  -1.3994582E-03  -2.2688846E-05  -2.6806004E+01  -1.3988944E+00   2.6021324E+00   1.3736680E+00   4.3498094E+00   1.0351624E-01   1.4325021E-01  -4.6105210E-02  -3.6249638E+00  -1.2305724E-02  -8.5665193E-03   9.7154695E-03   5.2853074E-02   4.3987796E-04  -2.4950597E-04
 -1.2099454E-06  -3.4427817E-05   4.1376715E-06  -3.7967128E-06  -5.4593616E-04  -3.2391371E-03  -7.9900434E-05  -8.0295410E-05  -2.2124041E-06  -9.3082078E-01  -7.8767588E-02   3.4883858E-01  -6.4538332E-02   1.0351624E-01   1.6319673E-02  -1.6891958E-02   1.1574130E-02  -1.0961244E-01  -5.5566591E-04  -1.1599426E-03  -2.6058602E-03   5.0747725E-03   1.6166253E-05  -3.9251943E-05
  3.2918038E-06   1.1797689E-04  -1.3331699E-05   1.3518795E-05   2.1423213E-03   9.2205488E-03   3.0172678E-04   2.5070962E-04   2.7415395E-06   1.2812018E-01   6.0609833E-01  -1.0896604E+00   7.9237336E-01   1.4325021E-01  -1.6891958E-02   6.7684726E-02   2.5418895E-03  -1.3877975E-01   4.6253163E-04   6.8287291E-03  -5.0261626E-04  -1.7229366E-02  -7.4903297E-06   1.0114412E-04
 -2.0662124E-06  -4.4787726E-05   4.2281534E-06   3.9783549E-06  -2.2654701E-04  -4.2820094E-03  -8.1647540E-05  -1.3752810E-04  -1.6102211E-06  -2.7973499E-01   8.1318726E-01   3.4431794E-01  -2.8141124E-01  -4.6105210E-02   1.1574130E-02   2.5418895E-03   8.2288835E-02   3.6186018E-02  -3.5727719E-04  -7.1469185E-05   9.6676294E-04   5.3183571E-04   1.2317393E-05  -8.4363293E-06
  4.2755629E-05   1.5718227E-03  -1.8118642E-04  -7.8387322E-05   2.2897498E-02   1.2683527E-01   3.1490926E-03   3.1080168E-03   8.0415235E-06   1.5123148E+01  -6.1622688E+00  -7.8222122E+00  -1.8740127E+00  -3.6249638E+00  -1.0961244E-01  -1.3877975E-01   3.6186018E-02   7.6179399E+00   1.0449352E-02   5.1700274E-03  -3.7711998E-03  -4.1730476E-02  -3.5766476E-04   1.5471490E-04
  2.6251974E-06   1.7183738E-05  -2.0435865E-06   1.9463935E-05  -5.4294502E-04   2.1612987E-03   6.6870107E-05   1.3153718E-04  -5.7351749E-06  -1.0731240E-01  -1.8590841E-02  -6.4559751E-03   1.8526351E-03  -1.2305724E-02  -5.5566591E-04   4.6253163E-04  -3.5727719E-04   1.0449352E-02   3.8838461E-02   2.5948002E-03  -5.6040610E-05  -4.0516978E-05   3.7982293E-05  -2.0210689E-06
  1.7456368E-06   1.8898745E-05  -2.3744303E-06   8.1232866E-06   5.0870621E-04   2.3638746E-03  -2.8342655E-05   9.2464377E-05  -1.1675485E-06   3.9557210E-01  -2.0013841E-01  -2.8920459E-01   1.7872333E-01  -8.5665193E-03  -1.1599426E-03   6.8287291E-03  -7.1469185E-05   5.1700274E-03   2.5948002E-03   3.1214935E-02  -7.5167153E-04   5.4081210E-03  -8.2287629E-05  -4.0473954E-05
  1.6062452E-07  -2.4082363E-05   3.0631451E-06  -1.3780579E-06  -5.4124494E-04  -1.7342334E-03  -4.3835827E-05  -3.4188408E-05   6.5824327E-06  -2.8294471E-01   1.0421390E-02   5.3891360E-01  -4.5417693E-01   9.7154695E-03  -2.6058602E-03  -5.0261626E-04   9.6676294E-04  -3.7711998E-03  -5.6040610E-05  -7.5167153E-04   1.0600197E-02   8.3364622E-03   3.8559704E-06   6.1348296E-05
  1.2269101E-06   1.7048170E-05  -1.5571817E-06   7.4197504E-08  -3.6001819E-04   1.4478732E-03   4.3015272E-05   5.2103119E-05   4.0612098E-06  -1.4059482E-01   6.2437266E-02  -3.1049228E-02  -9.6993769E-02   5.2853074E-02   5.0747725E-03  -1.7229366E-02   5.3183571E-04  -4.1730476E-02  -4.0516978E-05   5.4081210E-03   8.3364622E-03   2.6083984E-02  -2.9451462E-06   5.7399187E-05
  4.8493193E-09  -2.4195516E-08   1.8838760E-09   2.5933577E-08  -4.1410180E-06   2.1528325E-06   7.6686534E-07  -1.4417906E-07   3.9044012E-08   6.6643461E-03   8.6808454E-04   1.6381314E-03  -5.1184502E-04   4.3987796E-04   1.6166253E-05  -7.4903297E-06   1.2317393E-05  -3.5766476E-04   3.7982293E-05  -8.2287629E-05   3.8559704E-06  -2.9451462E-06   1.1195727E-06   4.9076198E-08
  1.2363399E-08   5.3865322E-07  -6.2878151E-08   3.6447733E-09   8.3380517E-06   4.0117335E-05   1.4522767E-06   1.1636108E-06  -1.0242866E-08   4.0611323E-03   1.3094996E-03  -7.8053934E-03   3.3806235E-03  -2.4950597E-04  -3.9251943E-05   1.0114412E-04  -8.4363293E-06   1.5471490E-04  -2.0210689E-06  -4.0473954E-05   6.1348296E-05   5.7399187E-05   4.9076198E-08   2.4694718E-06
