# omegabh2 omegach2 theta tau alpha1 logA ns calPlanck acib217 xi asz143 aps100 aps143 aps143217 aps217 aksz kgal100 kgal143 kgal143217 kgal217 cal0 cal2
  5.2040713E-08  -1.8466186E-07   2.7452270E-08   5.5545229E-07  -1.1374106E-07   9.6337628E-07   3.3680804E-07   3.5444696E-08  -1.2137860E-04   1.1955178E-06   3.7094382E-05  -6.7766576E-04  -4.9150839E-04  -2.4040551E-04  -1.1163183E-04  -4.7822591E-05   4.5192865E-06  -2.4593062E-06  -1.3382497E-05   2.5194075E-05   6.1437531E-10  -2.6234082E-09
 -1.8466186E-07   4.9991108E-06  -6.5812690E-07  -3.2027855E-06  -1.1434142E-06   6.5224588E-06  -1.3491252E-05  -1.6896140E-07   3.5992139E-04  -3.8940160E-06  -1.3703195E-04   2.3966422E-03   1.8222684E-03   9.6280101E-04   5.7529288E-04   1.3892275E-04  -3.9259072E-05  -7.4739821E-06   3.8846061E-05  -7.3935440E-05  -1.6956657E-08  -1.6234615E-08
  2.7452270E-08  -6.5812690E-07   3.0328198E-07   1.9027742E-07   4.2836447E-07  -1.4247241E-06   2.5839826E-06   1.1403051E-08  -9.8541924E-05   1.6191411E-06   3.7854015E-05  -5.8361529E-04  -2.8747760E-04  -8.3823531E-05  -9.7348529E-06  -5.1778862E-05  -5.3619211E-06   2.0098223E-06   2.6884356E-05   7.4674192E-05   6.7955600E-10   6.1668821E-09
  5.5545229E-07  -3.2027855E-06   1.9027742E-07   6.8935240E-05  -2.6577885E-06   1.3238064E-04   6.6065853E-06  -1.5855948E-07  -2.4073258E-03   3.0077338E-05   5.3876688E-04  -1.4028375E-02  -7.7051369E-03  -3.3048823E-03  -8.9028715E-04  -9.7105590E-04   2.4292289E-04   3.1220814E-05  -1.4493947E-04   6.4901065E-04  -3.9443556E-08  -8.1102384E-08
 -1.1374106E-07  -1.1434142E-06   4.2836447E-07  -2.6577885E-06   2.9759568E-06  -1.0905311E-05   7.3544615E-06  -9.8727724E-08  -3.6162068E-04   8.2859172E-06   1.4401865E-04  -1.5078561E-03  -1.2831741E-04   6.5298097E-04   7.8415505E-04  -2.1870759E-04  -4.1362626E-05  -2.8775740E-05   9.3216643E-05   2.3704378E-04  -1.5458052E-08   8.9379782E-09
  9.6337628E-07   6.5224588E-06  -1.4247241E-06   1.3238064E-04  -1.0905311E-05   3.2039267E-04  -2.7929870E-05   1.2444367E-05  -3.9596821E-03   9.0599040E-05   7.5626624E-04  -1.9706540E-02  -9.9531924E-03  -2.2775124E-03   4.7588534E-03  -2.5197148E-03   1.9821619E-05  -6.6339549E-04  -7.4454047E-04   2.6863078E-03   1.0692392E-07  -2.5684599E-07
  3.3680804E-07  -1.3491252E-05   2.5839826E-06   6.6065853E-06   7.3544615E-06  -2.7929870E-05   5.5753840E-05   4.1726045E-07  -5.9546859E-03   1.0929768E-04   1.6873042E-03  -3.2163677E-02  -1.0793266E-02   1.3119519E-03   5.9488864E-03  -3.3273885E-03   4.2438083E-04  -3.1918590E-04  -2.3537480E-04   1.8712270E-03  -1.0173906E-07   6.5319180E-09
  3.5444696E-08  -1.6896140E-07   1.1403051E-08  -1.5855948E-07  -9.8727724E-08   1.2444367E-05   4.1726045E-07   6.4673691E-06   6.3566105E-04   2.8350301E-06   4.6903298E-05   3.1535194E-03   5.6042065E-04   4.9016862E-04   1.4176164E-03  -1.3148307E-04  -2.6373214E-05  -6.8510247E-05   7.4034625E-06   8.8899484E-04   2.0796004E-08  -1.9795615E-08
 -1.2137860E-04   3.5992139E-04  -9.8541924E-05  -2.4073258E-03  -3.6162068E-04  -3.9596821E-03  -5.9546859E-03   6.3566105E-04   4.5231689E+01  -3.9902493E-01  -7.7651608E-01   3.6906320E+01   2.8327118E+00  -1.2510028E+01  -5.5102794E+01  -2.0380977E-01   8.5035502E-02   4.1779670E-01  -5.8907909E+00  -3.3634219E+01  -1.6895227E-04   7.1016176E-04
  1.1955178E-06  -3.8940160E-06   1.6191411E-06   3.0077338E-05   8.2859172E-06   9.0599040E-05   1.0929768E-04   2.8350301E-06  -3.9902493E-01   8.1464774E-02  -4.2441145E-02  -5.0454543E-01   8.8309954E-01   1.6419348E+00   6.4115323E-01   4.5341979E-02  -2.7552638E-03   1.8154275E-02   1.1154740E-01   1.6441539E-01   4.6172454E-06  -1.4836587E-06
  3.7094382E-05  -1.3703195E-04   3.7854015E-05   5.3876688E-04   1.4401865E-04   7.5626624E-04   1.6873042E-03   4.6903298E-05  -7.7651608E-01  -4.2441145E-02   4.0875202E+00  -3.1850302E+01  -3.2453886E+00   8.4908708E+00   5.8606011E+00  -3.1768960E+00  -1.9258352E-01   1.4883635E-01   2.7449774E+00   3.2696879E+00   1.0160577E-04  -4.8601514E-05
 -6.7766576E-04   2.3966422E-03  -5.8361529E-04  -1.4028375E-02  -1.5078561E-03  -1.9706540E-02  -3.2163677E-02   3.1535194E-03   3.6906320E+01  -5.0454543E-01  -3.1850302E+01   7.9968430E+02   7.2734222E+01  -5.6518055E+01  -6.3146551E+01   1.6826932E+01  -6.6201043E+00   5.6942393E+00  -1.2910483E+01  -2.5033333E+01   3.9529484E-03   4.0861161E-04
 -4.9150839E-04   1.8222684E-03  -2.8747760E-04  -7.7051369E-03  -1.2831741E-04  -9.9531924E-03  -1.0793266E-02   5.6042065E-04   2.8327118E+00   8.8309954E-01  -3.2453886E+00   7.2734222E+01   6.4920119E+01   4.2093174E+01   1.6468999E+01  -5.1839998E+00  -4.4207040E-01  -1.1016793E+00   3.7767524E+00   4.5347629E+00   1.5838729E-04   1.0619645E-04
 -2.4040551E-04   9.6280101E-04  -8.3823531E-05  -3.3048823E-03   6.5298097E-04  -2.2775124E-03   1.3119519E-03   4.9016862E-04  -1.2510028E+01   1.6419348E+00   8.4908708E+00  -5.6518055E+01   4.2093174E+01   8.8818487E+01   5.6571692E+01  -1.3600105E+01  -8.2109752E-01  -4.8157835E-01   5.4356426E+00   8.7075139E+00   4.6288874E-04  -4.0885665E-04
 -1.1163183E-04   5.7529288E-04  -9.7348529E-06  -8.9028715E-04   7.8415505E-04   4.7588534E-03   5.9488864E-03   1.4176164E-03  -5.5102794E+01   6.4115323E-01   5.8606011E+00  -6.3146551E+01   1.6468999E+01   5.6571692E+01   1.0639563E+02  -1.0618277E+01  -5.5466880E-01  -1.0477128E+00   5.9759544E+00   3.3936446E+01   4.6109198E-04  -1.3662366E-03
 -4.7822591E-05   1.3892275E-04  -5.1778862E-05  -9.7105590E-04  -2.1870759E-04  -2.5197148E-03  -3.3273885E-03  -1.3148307E-04  -2.0380977E-01   4.5341979E-02  -3.1768960E+00   1.6826932E+01  -5.1839998E+00  -1.3600105E+01  -1.0618277E+01   6.7723604E+00   9.4143571E-02  -2.0205663E-01  -2.2968223E+00  -2.4320847E+00  -8.2691734E-05   1.8925815E-05
  4.5192865E-06  -3.9259072E-05  -5.3619211E-06   2.4292289E-04  -4.1362626E-05   1.9821619E-05   4.2438083E-04  -2.6373214E-05   8.5035502E-02  -2.7552638E-03  -1.9258352E-01  -6.6201043E+00  -4.4207040E-01  -8.2109752E-01  -5.5466880E-01   9.4143571E-02   3.3552351E+00   5.6735439E-01   1.6572290E-01   8.0520469E-02   1.6407223E-04  -8.1671538E-06
 -2.4593062E-06  -7.4739821E-06   2.0098223E-06   3.1220814E-05  -2.8775740E-05  -6.6339549E-04  -3.1918590E-04  -6.8510247E-05   4.1779670E-01   1.8154275E-02   1.4883635E-01   5.6942393E+00  -1.1016793E+00  -4.8157835E-01  -1.0477128E+00  -2.0205663E-01   5.6735439E-01   3.1872963E+00   2.7673168E+00   2.7991315E+00  -1.8990981E-04  -4.5439502E-05
 -1.3382497E-05   3.8846061E-05   2.6884356E-05  -1.4493947E-04   9.3216643E-05  -7.4454047E-04  -2.3537480E-04   7.4034625E-06  -5.8907909E+00   1.1154740E-01   2.7449774E+00  -1.2910483E+01   3.7767524E+00   5.4356426E+00   5.9759544E+00  -2.2968223E+00   1.6572290E-01   2.7673168E+00   1.1008568E+01   1.9489297E+01  -2.7204584E-05   3.9023785E-04
  2.5194075E-05  -7.3935440E-05   7.4674192E-05   6.4901065E-04   2.3704378E-04   2.6863078E-03   1.8712270E-03   8.8899484E-04  -3.3634219E+01   1.6441539E-01   3.2696879E+00  -2.5033333E+01   4.5347629E+00   8.7075139E+00   3.3936446E+01  -2.4320847E+00   8.0520469E-02   2.7991315E+00   1.9489297E+01   5.3802163E+01   4.0199113E-05   8.9615520E-04
  6.1437531E-10  -1.6956657E-08   6.7955600E-10  -3.9443556E-08  -1.5458052E-08   1.0692392E-07  -1.0173906E-07   2.0796004E-08  -1.6895227E-04   4.6172454E-06   1.0160577E-04   3.9529484E-03   1.5838729E-04   4.6288874E-04   4.6109198E-04  -8.2691734E-05   1.6407223E-04  -1.8990981E-04  -2.7204584E-05   4.0199113E-05   3.8245712E-07  -3.0958423E-09
 -2.6234082E-09  -1.6234615E-08   6.1668821E-09  -8.1102384E-08   8.9379782E-09  -2.5684599E-07   6.5319180E-09  -1.9795615E-08   7.1016176E-04  -1.4836587E-06  -4.8601514E-05   4.0861161E-04   1.0619645E-04  -4.0885665E-04  -1.3662366E-03   1.8925815E-05  -8.1671538E-06  -4.5439502E-05   3.9023785E-04   8.9615520E-04  -3.0958423E-09   3.8071299E-07
