# omegabh2 omegach2 theta tau mnu logA ns calPlanck aps100 aps143 aps217 acib217 asz143 psr xi aksz dust100 dust143 dust217 dust143x217 cal0 cal2 calTE calEE bm_1_1
    0.2241035E-07   -0.7483594E-07    0.1159519E-07    0.8682334E-06    0.1271299E-05    0.1635754E-05    0.2574848E-06    0.1257810E-07   -0.4698996E-03   -0.2449673E-03    0.7194419E-04   -0.1133070E-03    0.2693034E-04    0.5315048E-06    0.1077287E-05   -0.4324126E-04   -0.1754000E-06    0.5340015E-07    0.7868030E-06   -0.4331544E-06    0.9390062E-09   -0.1292749E-07   -0.1021049E-06   -0.2271023E-06   -0.1438519E-05
   -0.7483594E-07    0.1276087E-05   -0.7597998E-07   -0.8009268E-05   -0.2527423E-04   -0.1311518E-04   -0.3075716E-05   -0.1253676E-06    0.1102705E-02    0.7487606E-03    0.1332104E-04    0.2656028E-03   -0.5581079E-04    0.5752876E-07   -0.5409039E-05    0.5735431E-04    0.2802213E-06   -0.5830807E-06   -0.1363353E-05    0.1720493E-05   -0.4899677E-08    0.3628572E-07    0.5788464E-07   -0.3329067E-06    0.1557629E-04
    0.1159519E-07   -0.7597998E-07    0.8387788E-07    0.7357388E-06    0.6181018E-06    0.1349836E-05    0.2968284E-06   -0.1106417E-07   -0.1481698E-03   -0.6736901E-04    0.2240389E-05   -0.2574747E-04    0.7805929E-05   -0.1651888E-06   -0.7026857E-06   -0.8591003E-05   -0.1613959E-07   -0.4393477E-06    0.2537593E-06   -0.3379101E-07   -0.1090676E-08   -0.7577979E-09   -0.5305589E-07    0.1863178E-07   -0.7452020E-06
    0.8682334E-06   -0.8009268E-05    0.7357388E-06    0.3169702E-03    0.2842374E-03    0.6086124E-03    0.3212105E-04   -0.2070264E-05   -0.4196812E-01   -0.1718936E-01    0.1462534E-01   -0.1314458E-01    0.1728797E-02    0.5553110E-04    0.1376434E-03   -0.4325666E-02   -0.4991913E-04    0.1937345E-05    0.5821741E-04   -0.7918619E-04   -0.1486020E-06   -0.1974389E-05   -0.1808162E-04   -0.8500071E-05   -0.1846811E-03
    0.1271299E-05   -0.2527423E-04    0.6181018E-06    0.2842374E-03    0.3634942E-02    0.5054277E-03    0.5832823E-04    0.2855195E-05   -0.1741986E-01   -0.4998086E-02   -0.2744712E-02    0.6870391E-03    0.2505537E-02    0.6405484E-04   -0.3823205E-04   -0.1586757E-02   -0.8247633E-04    0.1170187E-03    0.6974139E-05    0.2150375E-03    0.2334857E-06   -0.9913088E-06    0.9879036E-05    0.6312744E-05   -0.3880715E-03
    0.1635754E-05   -0.1311518E-04    0.1349836E-05    0.6086124E-03    0.5054277E-03    0.1202484E-02    0.5486946E-04    0.8332954E-05   -0.7497107E-01   -0.3065258E-01    0.3577678E-01   -0.2591882E-01    0.3581530E-02    0.1395224E-03    0.3054662E-03   -0.9582325E-02   -0.1217745E-03   -0.5573538E-04    0.1474358E-03   -0.1560230E-03    0.2197311E-06   -0.3958723E-05   -0.3624851E-04   -0.1557405E-04   -0.3581226E-03
    0.2574848E-06   -0.3075716E-05    0.2968284E-06    0.3212105E-04    0.5832823E-04    0.5486946E-04    0.1776959E-04    0.6749821E-07   -0.2452843E-01   -0.7062710E-02    0.8463266E-02   -0.5912881E-02    0.9327756E-03    0.5065305E-04    0.7164289E-04   -0.2452818E-02    0.2911919E-04   -0.2180820E-05    0.4334685E-04   -0.2405204E-04   -0.3544770E-06   -0.5706973E-06   -0.9318255E-06   -0.2876742E-05   -0.1979202E-04
    0.1257810E-07   -0.1253676E-06   -0.1106417E-07   -0.2070264E-05    0.2855195E-05    0.8332954E-05    0.6749821E-07    0.6341235E-05    0.3487663E-02    0.5955863E-03    0.9668486E-03    0.7293950E-03    0.3270859E-04    0.1135694E-06    0.2173355E-06    0.3498796E-05   -0.2330615E-05    0.2739124E-05    0.9680866E-05    0.1437278E-05    0.6893227E-08   -0.2476735E-07   -0.2120602E-06    0.5097143E-07   -0.1280633E-04
   -0.4698996E-03    0.1102705E-02   -0.1481698E-03   -0.4196812E-01   -0.1741986E-01   -0.7497107E-01   -0.2452843E-01    0.3487663E-02    0.5041156E+03    0.6110657E+02   -0.6198698E+02    0.3235141E+02   -0.2224042E+02   -0.9176222E+00   -0.1076097E+00    0.9001280E+01   -0.1167936E+00    0.4862738E-01   -0.1937253E-01   -0.1849698E+00    0.5731932E-02    0.8055132E-02    0.3839018E-02    0.8022590E-02    0.1253251E+01
   -0.2449673E-03    0.7487606E-03   -0.6736901E-04   -0.1718936E-01   -0.4998086E-02   -0.3065258E-01   -0.7062710E-02    0.5955863E-03    0.6110657E+02    0.5631713E+02    0.1179034E+02    0.4603234E+01   -0.1997640E+01    0.2231514E+00    0.8207733E+00   -0.6771958E+01   -0.2688418E-01   -0.1630138E+00   -0.5040893E-01    0.1580341E+00    0.3974667E-03   -0.6277368E-03    0.2105977E-02    0.4072078E-02   -0.4456584E-01
    0.7194419E-04    0.1332104E-04    0.2240389E-05    0.1462534E-01   -0.2744712E-02    0.3577678E-01    0.8463266E-02    0.9668486E-03   -0.6198698E+02    0.1179034E+02    0.1729227E+03   -0.7850095E+02    0.4804432E+01    0.5273912E+00    0.4621830E+00   -0.9150034E+01   -0.2772246E-02   -0.5248041E-01    0.6026999E+00   -0.9792643E-01    0.1474625E-02   -0.1182846E-01    0.5908615E-03    0.2058961E-02    0.6856280E-01
   -0.1133070E-03    0.2656028E-03   -0.2574747E-04   -0.1314458E-01    0.6870391E-03   -0.2591882E-01   -0.5912881E-02    0.7293950E-03    0.3235141E+02    0.4603234E+01   -0.7850095E+02    0.4598561E+02    0.4584176E+00   -0.8795349E-01   -0.3444663E+00   -0.1761065E+01   -0.4891872E-02    0.4241294E-01   -0.4656231E+00   -0.9651268E-03   -0.4206561E-03    0.5173724E-02    0.3880562E-03    0.4300100E-03   -0.3675849E-01
    0.2693034E-04   -0.5581079E-04    0.7805929E-05    0.1728797E-02    0.2505537E-02    0.3581530E-02    0.9327756E-03    0.3270859E-04   -0.2224042E+02   -0.1997640E+01    0.4804432E+01    0.4584176E+00    0.3652336E+01    0.1442100E+00   -0.7881368E-01   -0.3003192E+01   -0.3755107E-02   -0.1614685E-01   -0.4468391E-01    0.5975102E-01    0.4061542E-03   -0.1003050E-02   -0.1241060E-03   -0.2886096E-03    0.5646669E-02
    0.5315048E-06    0.5752876E-07   -0.1651888E-06    0.5553110E-04    0.6405484E-04    0.1395224E-03    0.5065305E-04    0.1135694E-06   -0.9176222E+00    0.2231514E+00    0.5273912E+00   -0.8795349E-01    0.1442100E+00    0.1316896E-01    0.1535612E-01   -0.1665841E+00   -0.1614546E-03   -0.3119750E-03   -0.1576389E-02    0.8528127E-03    0.1979818E-04   -0.4408380E-04    0.1491228E-04    0.1082166E-04   -0.3079192E-03
    0.1077287E-05   -0.5409039E-05   -0.7026857E-06    0.1376434E-03   -0.3823205E-04    0.3054662E-03    0.7164289E-04    0.2173355E-06   -0.1076097E+00    0.8207733E+00    0.4621830E+00   -0.3444663E+00   -0.7881368E-01    0.1535612E-01    0.8205609E-01    0.8195984E-01    0.2695705E-03   -0.8813951E-03    0.1075718E-03    0.1624905E-02    0.1233237E-04   -0.3539813E-04    0.1672667E-04    0.1587641E-04   -0.2664180E-02
   -0.4324126E-04    0.5735431E-04   -0.8591003E-05   -0.4325666E-02   -0.1586757E-02   -0.9582325E-02   -0.2452818E-02    0.3498796E-05    0.9001280E+01   -0.6771958E+01   -0.9150034E+01   -0.1761065E+01   -0.3003192E+01   -0.1665841E+00    0.8195984E-01    0.7129900E+01    0.2237731E-02    0.1486400E-01    0.4630460E-01   -0.6163344E-01   -0.3339320E-03    0.6939175E-03   -0.8889203E-04   -0.2227061E-04    0.1883723E-03
   -0.1754000E-06    0.2802213E-06   -0.1613959E-07   -0.4991913E-04   -0.8247633E-04   -0.1217745E-03    0.2911919E-04   -0.2330615E-05   -0.1167936E+00   -0.2688418E-01   -0.2772246E-02   -0.4891872E-02   -0.3755107E-02   -0.1614546E-03    0.2695705E-03    0.2237731E-02    0.3719822E-01    0.3347642E-02   -0.2082159E-03    0.4574696E-03    0.4161564E-04   -0.7067508E-05    0.4276352E-05   -0.1522228E-04   -0.4801852E-04
    0.5340015E-07   -0.5830807E-06   -0.4393477E-06    0.1937345E-05    0.1170187E-03   -0.5573538E-04   -0.2180820E-05    0.2739124E-05    0.4862738E-01   -0.1630138E+00   -0.5248041E-01    0.4241294E-01   -0.1614685E-01   -0.3119750E-03   -0.8813951E-03    0.1486400E-01    0.3347642E-02    0.3365914E-01   -0.2867218E-02    0.3019886E-02   -0.6146869E-04   -0.6699407E-04   -0.5035711E-04   -0.5288178E-04    0.6627963E-03
    0.7868030E-06   -0.1363353E-05    0.2537593E-06    0.5821741E-04    0.6974139E-05    0.1474358E-03    0.4334685E-04    0.9680866E-05   -0.1937253E-01   -0.5040893E-01    0.6026999E+00   -0.4656231E+00   -0.4468391E-01   -0.1576389E-02    0.1075718E-03    0.4630460E-01   -0.2082159E-03   -0.2867218E-02    0.1313350E-01    0.1110888E-01    0.1485768E-05    0.6373449E-04    0.1496843E-04    0.1511540E-05    0.4444038E-03
   -0.4331544E-06    0.1720493E-05   -0.3379101E-07   -0.7918619E-04    0.2150375E-03   -0.1560230E-03   -0.2405204E-04    0.1437278E-05   -0.1849698E+00    0.1580341E+00   -0.9792643E-01   -0.9651268E-03    0.5975102E-01    0.8528127E-03    0.1624905E-02   -0.6163344E-01    0.4574696E-03    0.3019886E-02    0.1110888E-01    0.3167539E-01    0.5377589E-05    0.8906512E-04   -0.6248763E-05    0.6351173E-06    0.1296736E-02
    0.9390062E-09   -0.4899677E-08   -0.1090676E-08   -0.1486020E-06    0.2334857E-06    0.2197311E-06   -0.3544770E-06    0.6893227E-08    0.5731932E-02    0.3974667E-03    0.1474625E-02   -0.4206561E-03    0.4061542E-03    0.1979818E-04    0.1233237E-04   -0.3339320E-03    0.4161564E-04   -0.6146869E-04    0.1485768E-05    0.5377589E-05    0.9402541E-06   -0.6915299E-07    0.2047591E-06    0.4543812E-06   -0.7035290E-04
   -0.1292749E-07    0.3628572E-07   -0.7577979E-09   -0.1974389E-05   -0.9913088E-06   -0.3958723E-05   -0.5706973E-06   -0.2476735E-07    0.8055132E-02   -0.6277368E-03   -0.1182846E-01    0.5173724E-02   -0.1003050E-02   -0.4408380E-04   -0.3539813E-04    0.6939175E-03   -0.7067508E-05   -0.6699407E-04    0.6373449E-04    0.8906512E-04   -0.6915299E-07    0.3158907E-05    0.5844691E-06    0.2233712E-06   -0.2680271E-05
   -0.1021049E-06    0.5788464E-07   -0.5305589E-07   -0.1808162E-04    0.9879036E-05   -0.3624851E-04   -0.9318255E-06   -0.2120602E-06    0.3839018E-02    0.2105977E-02    0.5908615E-03    0.3880562E-03   -0.1241060E-03    0.1491228E-04    0.1672667E-04   -0.8889203E-04    0.4276352E-05   -0.5035711E-04    0.1496843E-04   -0.6248763E-05    0.2047591E-06    0.5844691E-06    0.1985344E-04    0.6085966E-05    0.3044237E-05
   -0.2271023E-06   -0.3329067E-06    0.1863178E-07   -0.8500071E-05    0.6312744E-05   -0.1557405E-04   -0.2876742E-05    0.5097143E-07    0.8022590E-02    0.4072078E-02    0.2058961E-02    0.4300100E-03   -0.2886096E-03    0.1082166E-04    0.1587641E-04   -0.2227061E-04   -0.1522228E-04   -0.5288178E-04    0.1511540E-05    0.6351173E-06    0.4543812E-06    0.2233712E-06    0.6085966E-05    0.1780121E-04    0.2184286E-04
   -0.1438519E-05    0.1557629E-04   -0.7452020E-06   -0.1846811E-03   -0.3880715E-03   -0.3581226E-03   -0.1979202E-04   -0.1280633E-04    0.1253251E+01   -0.4456584E-01    0.6856280E-01   -0.3675849E-01    0.5646669E-02   -0.3079192E-03   -0.2664180E-02    0.1883723E-03   -0.4801852E-04    0.6627963E-03    0.4444038E-03    0.1296736E-02   -0.7035290E-04   -0.2680271E-05    0.3044237E-05    0.2184286E-04    0.1006941E+01
