# omegabh2 omegach2 theta tau ns nrun logA r aps100 aps143 aps217 acib143 acib217 asz143 psr cibr cal0 cal2 xi aksz bm_1_1 a_ps_act_148 a_ps_act_217 a_ps_spt_95 a_ps_spt_150 a_ps_spt_220 r_ps_spt_95x150 r_ps_spt_95x220 r_ps_150x220 cal_acts_148 cal_acts_217 cal_acte_148 cal_acte_217 cal_spt_95 cal_spt_150 cal_spt_220
8.830900E-08 -3.214100E-07 7.234600E-08 1.954000E-06 8.024400E-07 -1.465400E-06 3.663300E-06 4.624500E-06 1.592820E-04 -3.730320E-04 -2.268540E-04 1.706800E-06 6.627000E-06 4.662900E-06 -1.386900E-06 2.916100E-07 -4.556700E-09 2.252600E-10 -2.268800E-06 -2.253100E-05 3.661100E-06 7.653100E-06 3.866700E-05 1.577800E-05 1.091200E-05 9.528800E-05 -9.416400E-07 -5.996800E-07 -1.225300E-07 2.817700E-07 -8.778200E-09 3.476800E-07 2.161800E-07 3.715700E-07 6.055500E-07 1.610000E-07
-3.214100E-07 6.588900E-06 -6.144400E-07 -1.295100E-05 -1.460000E-05 5.748400E-07 -1.004700E-05 -2.711900E-05 1.398240E-02 2.206710E-03 1.900350E-03 -6.627700E-05 -8.928500E-05 -2.319000E-05 8.003100E-06 2.211000E-06 -2.317900E-08 1.609600E-08 9.268400E-06 3.118000E-05 1.277900E-04 1.555300E-05 -3.935100E-04 -1.403100E-04 -2.688900E-06 -8.070400E-04 7.099000E-06 2.864800E-06 -7.118400E-07 -1.965900E-06 -2.019200E-06 -1.974100E-06 -3.962200E-06 -1.580100E-06 -2.986700E-06 -3.031000E-06
7.234600E-08 -6.144400E-07 3.199600E-07 1.876400E-06 1.762000E-06 -5.638900E-07 2.746200E-06 2.371500E-06 1.974510E-04 -3.793500E-04 -2.949210E-04 1.389000E-05 8.771300E-05 8.546300E-06 -1.132100E-06 1.432000E-06 -1.030400E-08 -7.130800E-10 -4.622900E-06 -4.179500E-05 2.695300E-06 -6.636200E-07 -3.830600E-05 7.329800E-06 6.508700E-06 1.009200E-04 -6.251100E-07 -1.891100E-07 -6.808100E-07 1.673000E-07 -2.919300E-07 1.520200E-07 5.272900E-07 2.112200E-07 3.288300E-07 -4.716400E-08
1.954000E-06 -1.295100E-05 1.876400E-06 2.211200E-04 3.373300E-05 -5.998900E-05 4.265900E-04 5.746600E-05 -3.441780E-03 -5.617350E-03 -3.362310E-03 4.496500E-05 -1.515500E-04 5.769600E-06 -3.166400E-05 3.000900E-06 8.299100E-08 2.939200E-07 -2.068600E-05 -3.474000E-04 3.273700E-06 1.007900E-04 9.333400E-04 5.905900E-04 3.781200E-04 4.355700E-03 -1.908300E-05 4.507700E-05 7.180400E-06 6.007100E-06 4.863600E-07 2.945200E-06 2.556500E-06 -6.008600E-08 1.113500E-05 2.972600E-06
8.024400E-07 -1.460000E-05 1.762000E-06 3.373300E-05 4.665800E-05 1.250000E-06 2.749500E-05 9.272200E-05 -7.314840E-02 -1.466370E-02 -8.375310E-03 3.545900E-04 1.709700E-04 2.215500E-04 -4.297900E-05 2.744000E-06 5.110100E-08 -2.636500E-09 -4.353000E-05 -6.058100E-04 -5.176800E-04 1.226600E-04 9.320200E-04 3.687600E-04 2.251700E-04 2.945000E-03 5.171200E-06 2.391000E-05 -1.444500E-06 1.192300E-05 3.357200E-06 1.013400E-05 9.331100E-06 1.269500E-05 1.194800E-05 9.239000E-06
-1.465400E-06 5.748400E-07 -5.638900E-07 -5.998900E-05 1.250000E-06 9.575200E-05 -1.437800E-04 -2.685700E-04 -1.052820E-01 -1.449810E-02 -8.636490E-03 -1.023700E-04 -1.491900E-03 1.280500E-04 -4.319000E-05 -4.085200E-06 2.750400E-07 -2.230200E-07 1.285800E-05 -7.686600E-05 -9.522600E-04 5.656500E-04 3.477600E-03 4.032400E-04 4.597700E-04 1.157000E-03 -1.562400E-05 9.795900E-06 4.594700E-06 1.525500E-05 1.341000E-05 1.851300E-05 8.771800E-06 1.202700E-05 6.367100E-06 3.602100E-06
3.663300E-06 -1.004700E-05 2.746200E-06 4.265900E-04 2.749500E-05 -1.437800E-04 8.725700E-04 9.951000E-05 6.949710E-02 -3.416400E-03 -6.850710E-04 -8.421000E-05 -2.127800E-05 -6.930600E-05 -3.889600E-05 1.367200E-05 -1.389700E-09 7.294100E-07 -4.088400E-05 -8.195600E-04 8.256300E-04 2.111800E-04 9.800600E-05 8.050000E-04 6.895500E-04 6.099400E-03 -2.605000E-05 7.515800E-05 7.337100E-06 2.450700E-06 -8.140200E-06 -3.033300E-06 -7.055300E-06 -7.744800E-06 1.447300E-05 -3.780300E-06
4.624500E-06 -2.711900E-05 2.371500E-06 5.746600E-05 9.272200E-05 -2.685700E-04 9.951000E-05 4.494100E-03 8.196390E-02 2.482740E-02 -4.714920E-04 4.805600E-03 1.532700E-02 7.213000E-04 1.477600E-04 -6.031200E-05 -9.595500E-07 -6.727800E-07 -6.646300E-05 -4.214900E-03 1.131600E-03 -1.662100E-03 -1.966600E-02 -3.998000E-03 -3.421000E-03 -7.192300E-03 6.419200E-04 2.064900E-04 -5.991000E-05 -5.473900E-05 -2.126400E-05 -4.885100E-05 -5.481900E-05 1.263700E-05 1.578300E-07 5.336600E-05
1.592820E-04 1.398240E-02 1.974510E-04 -3.441780E-03 -7.314840E-02 -1.052820E-01 6.949710E-02 8.196390E-02 2.124549E+03 8.024508E+01 7.586055E+00 1.523340E+00 1.239030E+01 -1.721880E+00 2.976120E-01 -2.200770E-01 -1.017630E-03 1.278720E-03 9.135900E-02 7.808040E-01 1.431180E+01 -5.831010E-02 -4.328910E+00 3.888630E-01 -1.506330E+00 -7.578540E+00 1.545030E-01 -3.728520E-01 -7.295490E-02 -6.971130E-02 3.500820E-02 -5.763690E-02 4.277250E-03 -7.910100E-02 -5.341770E-02 -3.255390E-02
-3.730320E-04 2.206710E-03 -3.793500E-04 -5.617350E-03 -1.466370E-02 -1.449810E-02 -3.416400E-03 2.482740E-02 8.024508E+01 3.733533E+01 8.000937E+00 2.131470E-01 1.917630E+00 -5.019480E-01 2.566440E-03 -1.440180E-02 2.965050E-05 -2.651670E-04 4.435740E-02 2.452050E-01 1.987380E-01 1.823400E-02 -2.032200E+00 8.477010E-01 -3.240990E-01 -1.560690E+00 8.245350E-03 -7.300980E-02 -2.533770E-02 -2.214090E-02 -8.407080E-04 -1.912410E-02 -2.131380E-03 -2.491560E-02 -1.233630E-02 -6.280290E-04
-2.268540E-04 1.900350E-03 -2.949210E-04 -3.362310E-03 -8.375310E-03 -8.636490E-03 -6.850710E-04 -4.714920E-04 7.586055E+00 8.000937E+00 4.801275E+01 -6.309990E-01 -1.441440E+01 4.047030E-01 -1.451700E-01 -6.060420E-03 -1.162350E-04 -2.128320E-03 -3.173580E-02 -6.917310E-01 8.735850E-02 -1.381680E-01 2.414340E+00 -1.086750E+00 1.391220E-01 4.741020E-01 -1.861200E-02 2.010600E-02 1.963530E-02 -8.002170E-03 -3.253860E-02 -1.072980E-02 -3.677760E-02 1.664820E-04 -6.718230E-03 -3.236850E-02
1.706800E-06 -6.627700E-05 1.389000E-05 4.496500E-05 3.545900E-04 -1.023700E-04 -8.421000E-05 4.805600E-03 1.523340E+00 2.131470E-01 -6.309990E-01 6.567400E-01 1.211300E+00 1.104600E-01 -2.531200E-03 -2.009400E-03 -1.865500E-05 1.486100E-05 8.078200E-03 -4.844200E-01 2.512700E-02 -1.169700E-01 -3.076900E-01 -5.050500E-02 -2.097200E-01 -3.534700E-01 4.159700E-02 3.474300E-02 -6.141900E-03 -1.018200E-04 3.440000E-04 3.536900E-05 -2.583300E-04 -6.044700E-04 -5.735100E-05 4.804000E-04
6.627000E-06 -8.928500E-05 8.771300E-05 -1.515500E-04 1.709700E-04 -1.491900E-03 -2.127800E-05 1.532700E-02 1.239030E+01 1.917630E+00 -1.441440E+01 1.211300E+00 8.577100E+00 1.339000E-01 8.279100E-02 1.593300E-02 -4.034400E-06 1.015400E-03 -2.228500E-02 -9.978300E-01 1.043200E-01 -2.303400E-01 -2.439500E+00 1.497600E-01 -4.719300E-01 -2.087400E+00 6.577900E-02 4.694400E-02 -2.262100E-02 -2.523600E-03 9.134800E-03 -8.274200E-04 1.060900E-02 -3.508800E-03 -8.202900E-04 1.031800E-02
4.662900E-06 -2.319000E-05 8.546300E-06 5.769600E-06 2.215500E-04 1.280500E-04 -6.930600E-05 7.213000E-04 -1.721880E+00 -5.019480E-01 4.047030E-01 1.104600E-01 1.339000E-01 7.940400E-02 1.368900E-03 4.546400E-03 -6.265500E-06 -3.666300E-05 -5.268900E-03 -1.961600E-01 8.610000E-03 -3.109800E-02 -1.364300E-01 -1.491700E-01 -3.162700E-02 -1.432600E-01 8.764600E-03 1.649000E-02 -4.252500E-04 1.541200E-04 -9.523900E-04 3.432600E-04 -1.104800E-03 9.492700E-04 2.801200E-04 -6.554600E-04
-1.386900E-06 8.003100E-06 -1.132100E-06 -3.166400E-05 -4.297900E-05 -4.319000E-05 -3.889600E-05 1.477600E-04 2.976120E-01 2.566440E-03 -1.451700E-01 -2.531200E-03 8.279100E-02 1.368900E-03 3.142500E-03 -1.700300E-04 -6.008100E-07 1.302000E-05 2.943300E-04 -8.671700E-04 2.991400E-03 1.123200E-03 -5.934600E-02 -5.978500E-03 2.111800E-03 -3.887600E-02 2.317600E-05 9.097800E-04 3.264700E-04 -6.459900E-05 -2.481600E-05 -3.591900E-05 1.297700E-05 1.831000E-05 -4.658900E-05 5.919500E-05
2.916100E-07 2.211000E-06 1.432000E-06 3.000900E-06 2.744000E-06 -4.085200E-06 1.367200E-05 -6.031200E-05 -2.200770E-01 -1.440180E-02 -6.060420E-03 -2.009400E-03 1.593300E-02 4.546400E-03 -1.700300E-04 1.895900E-03 -5.941400E-07 -7.325200E-07 5.605700E-05 -7.261600E-03 -3.244700E-04 3.336800E-03 -4.698100E-03 -1.224000E-02 2.328100E-03 -9.191400E-03 1.540800E-04 1.316400E-03 -3.860300E-04 2.492800E-06 -1.337400E-05 2.539000E-05 4.716700E-06 9.518500E-05 3.225900E-05 3.987000E-05
-4.556700E-09 -2.317900E-08 -1.030400E-08 8.299100E-08 5.110100E-08 2.750400E-07 -1.389700E-09 -9.595500E-07 -1.017630E-03 2.965050E-05 -1.162350E-04 -1.865500E-05 -4.034400E-06 -6.265500E-06 -6.008100E-07 -5.941400E-07 1.652400E-07 7.864500E-09 -2.051800E-06 1.174700E-05 -3.661500E-05 -1.721900E-06 2.330400E-05 2.567200E-05 -1.197100E-06 9.789800E-07 -2.257200E-06 -5.297600E-06 -4.712500E-08 -1.625000E-07 1.289200E-08 -6.717900E-08 1.744100E-08 -2.049600E-07 2.414300E-08 1.602800E-07
2.252600E-10 1.609600E-08 -7.130800E-10 2.939200E-07 -2.636500E-09 -2.230200E-07 7.294100E-07 -6.727800E-07 1.278720E-03 -2.651670E-04 -2.128320E-03 1.486100E-05 1.015400E-03 -3.666300E-05 1.302000E-05 -7.325200E-07 7.864500E-09 4.633700E-07 -3.350400E-07 4.653000E-05 6.859600E-06 -2.892000E-06 -1.655500E-04 1.591300E-04 -1.135200E-05 -1.379800E-04 -5.513500E-06 -1.073900E-05 -1.190700E-06 -1.121600E-07 2.104700E-06 -2.148200E-07 2.476300E-06 -8.666400E-07 7.059200E-08 2.409000E-06
-2.268800E-06 9.268400E-06 -4.622900E-06 -2.068600E-05 -4.353000E-05 1.285800E-05 -4.088400E-05 -6.646300E-05 9.135900E-02 4.435740E-02 -3.173580E-02 8.078200E-03 -2.228500E-02 -5.268900E-03 2.943300E-04 5.605700E-05 -2.051800E-06 -3.350400E-07 6.115800E-03 2.545900E-02 -6.906300E-05 1.128100E-02 -2.788200E-03 -1.920900E-03 8.165000E-03 1.491600E-02 1.523600E-03 2.558900E-03 2.645400E-04 -3.088000E-06 1.984600E-05 -2.882600E-05 1.517800E-05 -1.561200E-05 -1.051200E-05 1.750800E-04
-2.253100E-05 3.118000E-05 -4.179500E-05 -3.474000E-04 -6.058100E-04 -7.686600E-05 -8.195600E-04 -4.214900E-03 7.808040E-01 2.452050E-01 -6.917310E-01 -4.844200E-01 -9.978300E-01 -1.961600E-01 -8.671700E-04 -7.261600E-03 1.174700E-05 4.653000E-05 2.545900E-02 7.950800E-01 -3.430300E-02 6.576600E-02 5.458200E-01 1.660100E-01 1.159500E-01 6.438800E-01 -3.176900E-02 -3.510400E-02 7.402300E-03 1.284300E-03 2.483400E-03 6.704200E-04 2.805300E-03 -3.008300E-04 1.107600E-04 2.367600E-03
3.661100E-06 1.277900E-04 2.695300E-06 3.273700E-06 -5.176800E-04 -9.522600E-04 8.256300E-04 1.131600E-03 1.431180E+01 1.987380E-01 8.735850E-02 2.512700E-02 1.043200E-01 8.610000E-03 2.991400E-03 -3.244700E-04 -3.661500E-05 6.859600E-06 -6.906300E-05 -3.430300E-02 1.426300E-01 -4.103700E-03 -1.154400E-01 -4.071900E-02 -1.303700E-02 -6.665200E-02 2.683700E-03 2.093000E-03 -2.550900E-04 -4.329900E-04 -1.869900E-04 -2.184000E-04 -3.296000E-04 -1.316700E-04 -2.942300E-04 -5.111500E-04
7.653100E-06 1.555300E-05 -6.636200E-07 1.007900E-04 1.226600E-04 5.656500E-04 2.111800E-04 -1.662100E-03 -5.831010E-02 1.823400E-02 -1.381680E-01 -1.169700E-01 -2.303400E-01 -3.109800E-02 1.123200E-03 3.336800E-03 -1.721900E-06 -2.892000E-06 1.128100E-02 6.576600E-02 -4.103700E-03 3.076900E-01 -1.915800E-01 5.111500E-02 1.201800E-01 3.125300E-01 -2.510300E-03 -4.613800E-03 -3.859700E-03 1.664600E-03 -8.793300E-04 1.671300E-03 -5.238700E-04 -3.941700E-04 -8.869900E-06 8.273900E-04
3.866700E-05 -3.935100E-04 -3.830600E-05 9.333400E-04 9.320200E-04 3.477600E-03 9.800600E-05 -1.966600E-02 -4.328910E+00 -2.032200E+00 2.414340E+00 -3.076900E-01 -2.439500E+00 -1.364300E-01 -5.934600E-02 -4.698100E-03 2.330400E-05 -1.655500E-04 -2.788200E-03 5.458200E-01 -1.154400E-01 -1.915800E-01 1.568800E+01 4.214800E-02 2.798700E-02 1.247800E+00 -1.468900E-02 -4.028200E-02 -6.838800E-04 1.611400E-03 5.037100E-02 -5.386500E-05 4.007800E-02 1.522900E-03 2.146400E-03 -2.526400E-03
1.577800E-05 -1.403100E-04 7.329800E-06 5.905900E-04 3.687600E-04 4.032400E-04 8.050000E-04 -3.998000E-03 3.888630E-01 8.477010E-01 -1.086750E+00 -5.050500E-02 1.497600E-01 -1.491700E-01 -5.978500E-03 -1.224000E-02 2.567200E-05 1.591300E-04 -1.920900E-03 1.660100E-01 -4.071900E-02 5.111500E-02 4.214800E-02 2.061600E+00 2.706100E-02 1.141000E-01 -7.851400E-02 -9.704800E-02 -2.919200E-03 -8.419900E-04 1.209600E-03 -1.030700E-03 1.633200E-03 7.651600E-04 5.818600E-04 3.420000E-03
1.091200E-05 -2.688900E-06 6.508700E-06 3.781200E-04 2.251700E-04 4.597700E-04 6.895500E-04 -3.421000E-03 -1.506330E+00 -3.240990E-01 1.391220E-01 -2.097200E-01 -4.719300E-01 -3.162700E-02 2.111800E-03 2.328100E-03 -1.197100E-06 -1.135200E-05 8.165000E-03 1.159500E-01 -1.303700E-02 1.201800E-01 2.798700E-02 2.706100E-02 2.444900E-01 1.462000E-01 -9.070100E-03 -2.126000E-03 1.237400E-03 -4.780400E-04 -8.011400E-04 -3.105200E-04 -5.299400E-04 4.211500E-04 1.495400E-05 8.845000E-05
9.528800E-05 -8.070400E-04 1.009200E-04 4.355700E-03 2.945000E-03 1.157000E-03 6.099400E-03 -7.192300E-03 -7.578540E+00 -1.560690E+00 4.741020E-01 -3.534700E-01 -2.087400E+00 -1.432600E-01 -3.887600E-02 -9.191400E-03 9.789800E-07 -1.379800E-04 1.491600E-02 6.438800E-01 -6.665200E-02 3.125300E-01 1.247800E+00 1.141000E-01 1.462000E-01 1.150200E+01 -2.387100E-02 -7.805300E-02 -1.126000E-02 6.259100E-03 -2.381500E-04 4.173800E-03 1.392100E-03 5.527300E-03 4.139700E-03 2.647500E-02
-9.416400E-07 7.099000E-06 -6.251100E-07 -1.908300E-05 5.171200E-06 -1.562400E-05 -2.605000E-05 6.419200E-04 1.545030E-01 8.245350E-03 -1.861200E-02 4.159700E-02 6.577900E-02 8.764600E-03 2.317600E-05 1.540800E-04 -2.257200E-06 -5.513500E-06 1.523600E-03 -3.176900E-02 2.683700E-03 -2.510300E-03 -1.468900E-02 -7.851400E-02 -9.070100E-03 -2.387100E-02 7.432700E-03 6.266500E-03 -3.969900E-04 4.178700E-06 -8.820000E-06 -4.230100E-06 -2.691800E-05 -8.232700E-05 -6.166100E-05 -5.434500E-05
-5.996800E-07 2.864800E-06 -1.891100E-07 4.507700E-05 2.391000E-05 9.795900E-06 7.515800E-05 2.064900E-04 -3.728520E-01 -7.300980E-02 2.010600E-02 3.474300E-02 4.694400E-02 1.649000E-02 9.097800E-04 1.316400E-03 -5.297600E-06 -1.073900E-05 2.558900E-03 -3.510400E-02 2.093000E-03 -4.613800E-03 -4.028200E-02 -9.704800E-02 -2.126000E-03 -7.805300E-02 6.266500E-03 1.193200E-02 2.164100E-04 -9.477900E-06 -1.908300E-04 4.893900E-05 -1.962000E-04 7.318800E-05 -1.610200E-05 -3.351500E-04
-1.225300E-07 -7.118400E-07 -6.808100E-07 7.180400E-06 -1.444500E-06 4.594700E-06 7.337100E-06 -5.991000E-05 -7.295490E-02 -2.533770E-02 1.963530E-02 -6.141900E-03 -2.262100E-02 -4.252500E-04 3.264700E-04 -3.860300E-04 -4.712500E-08 -1.190700E-06 2.645400E-04 7.402300E-03 -2.550900E-04 -3.859700E-03 -6.838800E-04 -2.919200E-03 1.237400E-03 -1.126000E-02 -3.969900E-04 2.164100E-04 5.341000E-04 1.276400E-06 -2.945600E-05 1.137900E-05 -3.188100E-05 4.957400E-05 1.222000E-05 -6.597900E-05
2.817700E-07 -1.965900E-06 1.673000E-07 6.007100E-06 1.192300E-05 1.525500E-05 2.450700E-06 -5.473900E-05 -6.971130E-02 -2.214090E-02 -8.002170E-03 -1.018200E-04 -2.523600E-03 1.541200E-04 -6.459900E-05 2.492800E-06 -1.625000E-07 -1.121600E-07 -3.088000E-06 1.284300E-03 -4.329900E-04 1.664600E-03 1.611400E-03 -8.419900E-04 -4.780400E-04 6.259100E-03 4.178700E-06 -9.477900E-06 1.276400E-06 1.452300E-04 -1.427600E-06 5.250000E-05 1.000600E-05 2.071100E-05 1.750500E-05 1.311900E-05
-8.778200E-09 -2.019200E-06 -2.919300E-07 4.863600E-07 3.357200E-06 1.341000E-05 -8.140200E-06 -2.126400E-05 3.500820E-02 -8.407080E-04 -3.253860E-02 3.440000E-04 9.134800E-03 -9.523900E-04 -2.481600E-05 -1.337400E-05 1.289200E-08 2.104700E-06 1.984600E-05 2.483400E-03 -1.869900E-04 -8.793300E-04 5.037100E-02 1.209600E-03 -8.011400E-04 -2.381500E-04 -8.820000E-06 -1.908300E-04 -2.945600E-05 -1.427600E-06 3.195400E-04 7.814300E-06 1.730300E-04 4.951200E-08 8.116700E-06 2.010900E-05
3.476800E-07 -1.974100E-06 1.520200E-07 2.945200E-06 1.013400E-05 1.851300E-05 -3.033300E-06 -4.885100E-05 -5.763690E-02 -1.912410E-02 -1.072980E-02 3.536900E-05 -8.274200E-04 3.432600E-04 -3.591900E-05 2.539000E-05 -6.717900E-08 -2.148200E-07 -2.882600E-05 6.704200E-04 -2.184000E-04 1.671300E-03 -5.386500E-05 -1.030700E-03 -3.105200E-04 4.173800E-03 -4.230100E-06 4.893900E-05 1.137900E-05 5.250000E-05 7.814300E-06 1.207100E-04 5.349200E-07 2.100300E-05 1.436100E-05 1.565500E-05
2.161800E-07 -3.962200E-06 5.272900E-07 2.556500E-06 9.331100E-06 8.771800E-06 -7.055300E-06 -5.481900E-05 4.277250E-03 -2.131380E-03 -3.677760E-02 -2.583300E-04 1.060900E-02 -1.104800E-03 1.297700E-05 4.716700E-06 1.744100E-08 2.476300E-06 1.517800E-05 2.805300E-03 -3.296000E-04 -5.238700E-04 4.007800E-02 1.633200E-03 -5.299400E-04 1.392100E-03 -2.691800E-05 -1.962000E-04 -3.188100E-05 1.000600E-05 1.730300E-04 5.349200E-07 2.258500E-04 2.599300E-06 7.083900E-06 3.094100E-05
3.715700E-07 -1.580100E-06 2.112200E-07 -6.008600E-08 1.269500E-05 1.202700E-05 -7.744800E-06 1.263700E-05 -7.910100E-02 -2.491560E-02 1.664820E-04 -6.044700E-04 -3.508800E-03 9.492700E-04 1.831000E-05 9.518500E-05 -2.049600E-07 -8.666400E-07 -1.561200E-05 -3.008300E-04 -1.316700E-04 -3.941700E-04 1.522900E-03 7.651600E-04 4.211500E-04 5.527300E-03 -8.232700E-05 7.318800E-05 4.957400E-05 2.071100E-05 4.951200E-08 2.100300E-05 2.599300E-06 3.994100E-04 3.249700E-05 2.664600E-05
6.055500E-07 -2.986700E-06 3.288300E-07 1.113500E-05 1.194800E-05 6.367100E-06 1.447300E-05 1.578300E-07 -5.341770E-02 -1.233630E-02 -6.718230E-03 -5.735100E-05 -8.202900E-04 2.801200E-04 -4.658900E-05 3.225900E-05 2.414300E-08 7.059200E-08 -1.051200E-05 1.107600E-04 -2.942300E-04 -8.869900E-06 2.146400E-03 5.818600E-04 1.495400E-05 4.139700E-03 -6.166100E-05 -1.610200E-05 1.222000E-05 1.750500E-05 8.116700E-06 1.436100E-05 7.083900E-06 3.249700E-05 8.626500E-05 2.766800E-05
1.610000E-07 -3.031000E-06 -4.716400E-08 2.972600E-06 9.239000E-06 3.602100E-06 -3.780300E-06 5.336600E-05 -3.255390E-02 -6.280290E-04 -3.236850E-02 4.804000E-04 1.031800E-02 -6.554600E-04 5.919500E-05 3.987000E-05 1.602800E-07 2.409000E-06 1.750800E-04 2.367600E-03 -5.111500E-04 8.273900E-04 -2.526400E-03 3.420000E-03 8.845000E-05 2.647500E-02 -5.434500E-05 -3.351500E-04 -6.597900E-05 1.311900E-05 2.010900E-05 1.565500E-05 3.094100E-05 2.664600E-05 2.766800E-05 4.573200E-04
